[name]
unknown

[dist]
# distance from previous block
# <min> <max>
0	84

[block]
# block no. 0 follows, 243 sequences, length 6
# corresponding to MSA columns:
# 120-125
name=unknown_A
#
# <colnr> <probs for GDERKNQSTAVLIFYWHMCP>
#	G	D	E	R	K	N	Q	S	T	A	V	L	I	F	Y	W	H	M	C	P
0	0.00174	0.00124	0.00154	0.00167	0.00179	0.00119	0.00110	0.00196	0.00249	0.00332	0.09553	0.44362	0.09574	0.29863	0.04160	0.00082	0.00102	0.00288	0.00110	0.00102
1	0.01433	0.00262	0.01575	0.32451	0.21696	0.05505	0.02527	0.01560	0.03841	0.01627	0.01747	0.07206	0.02019	0.02568	0.02183	0.03647	0.01351	0.06565	0.00079	0.00156
2	0.03277	0.02667	0.12806	0.12545	0.09959	0.08363	0.12148	0.06526	0.05319	0.04918	0.09682	0.00439	0.04474	0.00177	0.02064	0.00046	0.04192	0.00137	0.00087	0.00173
3	0.00322	0.00281	0.00457	0.40499	0.43344	0.00307	0.00368	0.06825	0.00313	0.05628	0.00264	0.00345	0.00204	0.00130	0.00132	0.00042	0.00162	0.00119	0.00073	0.00186
4	0.03207	0.00132	0.00158	0.00170	0.00195	0.00122	0.00121	0.00215	0.00280	0.02746	0.09716	0.44606	0.26987	0.06477	0.00194	0.00055	0.00080	0.04304	0.00122	0.00114
5	0.03483	0.00147	0.00193	0.02386	0.02416	0.00143	0.01417	0.00247	0.01942	0.03342	0.07595	0.35157	0.15088	0.04316	0.02532	0.06057	0.00099	0.10825	0.02496	0.00119

[dist]
# distance from previous block
# <min> <max>
0	1

[block]
# block no. 1 follows, 243 sequences, length 21
# corresponding to MSA columns:
# 127-147
name=unknown_B
#
# <colnr> <probs for GDERKNQSTAVLIFYWHMCP>
#	G	D	E	R	K	N	Q	S	T	A	V	L	I	F	Y	W	H	M	C	P
0	0.00208	0.00131	0.00166	0.00165	0.00173	0.00133	0.00107	0.00210	0.03748	0.00280	0.03459	0.02940	0.06161	0.41607	0.07116	0.32929	0.00132	0.00172	0.00080	0.00084
1	0.00319	0.00267	0.00286	0.00258	0.00327	0.00303	0.00200	0.03837	0.77633	0.01652	0.07979	0.04578	0.01377	0.00198	0.00138	0.00045	0.00102	0.00167	0.00136	0.00199
2	0.10179	0.00156	0.00186	0.00183	0.00222	0.00147	0.00134	0.00299	0.00287	0.17696	0.08897	0.40577	0.12621	0.06577	0.00185	0.00053	0.00088	0.01253	0.00126	0.00134
3	0.34500	0.00188	0.00190	0.00180	0.00233	0.00195	0.00139	0.02612	0.00283	0.08438	0.11356	0.20348	0.12559	0.04511	0.00154	0.00049	0.00092	0.03724	0.00113	0.00135
4	0.01674	0.00174	0.00213	0.00200	0.00252	0.00165	0.00157	0.02385	0.07749	0.21396	0.10719	0.15845	0.19649	0.03446	0.00170	0.00050	0.00094	0.13931	0.00811	0.00921
5	0.00174	0.00122	0.00158	0.00179	0.00194	0.00112	0.00122	0.00202	0.00271	0.02523	0.09940	0.73723	0.08788	0.02599	0.00178	0.00053	0.00077	0.00346	0.00125	0.00112
6	0.01334	0.00146	0.00177	0.00172	0.00209	0.00133	0.00127	0.00275	0.01735	0.11824	0.26350	0.20064	0.23259	0.09939	0.00208	0.00054	0.00082	0.02891	0.00893	0.00128
7	0.00194	0.00134	0.00166	0.00168	0.00199	0.00121	0.00123	0.00235	0.00316	0.05398	0.33107	0.29363	0.26314	0.01639	0.00167	0.00048	0.00073	0.01982	0.00133	0.00121
8	0.00205	0.00141	0.00186	0.00184	0.00203	0.00151	0.00132	0.01380	0.00226	0.02469	0.03515	0.01392	0.02468	0.35728	0.46030	0.00157	0.00232	0.02115	0.02976	0.00108
9	0.00225	0.00206	0.02274	0.58265	0.01448	0.00232	0.00277	0.00289	0.00255	0.00332	0.01369	0.16378	0.02519	0.14241	0.01097	0.00060	0.00151	0.00177	0.00075	0.00131
10	0.00198	0.00140	0.00168	0.00170	0.00201	0.00128	0.00124	0.01192	0.01925	0.04635	0.22705	0.24223	0.28932	0.09321	0.00209	0.00055	0.00081	0.05348	0.00127	0.00120
11	0.56993	0.00208	0.00187	0.00182	0.00241	0.00231	0.00145	0.01217	0.00251	0.02140	0.00380	0.17357	0.01511	0.00208	0.00112	0.00045	0.00097	0.10329	0.08031	0.00135
12	0.06042	0.00263	0.00290	0.02212	0.00331	0.01770	0.00194	0.25030	0.18663	0.21989	0.05859	0.00503	0.06687	0.01761	0.00139	0.00042	0.00113	0.00144	0.07778	0.00191
13	0.00281	0.00282	0.03792	0.00302	0.00354	0.09914	0.17421	0.02907	0.02256	0.01882	0.05123	0.01534	0.03577	0.17636	0.14921	0.00654	0.15417	0.00154	0.01452	0.00140
14	0.00174	0.00142	0.00155	0.00153	0.00194	0.00127	0.00115	0.00232	0.05168	0.00407	0.21986	0.04647	0.63508	0.00317	0.00157	0.00045	0.00070	0.02155	0.00129	0.00120
15	0.01146	0.04146	0.00292	0.00207	0.01062	0.00931	0.00165	0.01421	0.04555	0.01047	0.04685	0.00320	0.00257	0.00123	0.01237	0.00025	0.00104	0.00091	0.00084	0.78101
16	0.00212	0.00152	0.00185	0.00186	0.00220	0.00146	0.00137	0.05104	0.05335	0.03845	0.25867	0.35534	0.18053	0.00325	0.00159	0.00048	0.00080	0.04150	0.00132	0.00130
17	0.00254	0.00203	0.00248	0.00197	0.00278	0.00172	0.00152	0.01784	0.00257	0.01642	0.00289	0.00402	0.00262	0.10815	0.22192	0.01173	0.00163	0.00108	0.00079	0.59330
18	0.82036	0.01063	0.01365	0.00187	0.00267	0.01247	0.00155	0.02787	0.03144	0.00576	0.00218	0.00271	0.00177	0.02297	0.02186	0.00047	0.00113	0.01635	0.00085	0.00146
19	0.01775	0.00138	0.00157	0.00156	0.00194	0.00123	0.00116	0.00227	0.01193	0.02780	0.27010	0.14383	0.49613	0.00320	0.00157	0.00045	0.00070	0.01294	0.00130	0.00119
20	0.04206	0.37125	0.00498	0.03082	0.01371	0.20381	0.05391	0.09072	0.01380	0.02434	0.04303	0.00352	0.00260	0.00148	0.00121	0.00036	0.02441	0.04884	0.00079	0.02437

[dist]
# distance from previous block
# <min> <max>
2	18

[block]
# block no. 2 follows, 243 sequences, length 11
# corresponding to MSA columns:
# 179-189
name=unknown_C
#
# <colnr> <probs for GDERKNQSTAVLIFYWHMCP>
#	G	D	E	R	K	N	Q	S	T	A	V	L	I	F	Y	W	H	M	C	P
0	0.21712	0.29370	0.00432	0.00253	0.00348	0.10058	0.04539	0.07159	0.13993	0.05610	0.00279	0.01401	0.00222	0.00137	0.00106	0.00036	0.00138	0.00099	0.00088	0.04021
1	0.00233	0.00183	0.00221	0.00200	0.00250	0.02424	0.03823	0.06324	0.00309	0.03684	0.09459	0.24706	0.23203	0.06461	0.03460	0.00054	0.00105	0.01956	0.00113	0.12831
2	0.02535	0.00138	0.00168	0.00172	0.00188	0.00137	0.01644	0.00219	0.02976	0.00323	0.03341	0.26560	0.10747	0.43115	0.05616	0.00094	0.00119	0.01705	0.00100	0.00102
3	0.28710	0.06051	0.08151	0.01399	0.00349	0.09239	0.05981	0.07609	0.01259	0.09196	0.00313	0.08746	0.00270	0.01398	0.10727	0.00061	0.00165	0.00128	0.00090	0.00161
4	0.00225	0.00182	0.04668	0.01323	0.01190	0.01291	0.03737	0.02509	0.01818	0.03169	0.02034	0.30449	0.04793	0.12593	0.02271	0.13141	0.00119	0.14267	0.00102	0.00117
5	0.00202	0.00156	0.02463	0.00203	0.00229	0.00142	0.05495	0.00233	0.00254	0.02966	0.06163	0.33132	0.06427	0.26489	0.06343	0.02259	0.00124	0.06505	0.00104	0.00112
6	0.01905	0.12870	0.00422	0.26719	0.02060	0.30373	0.05548	0.07073	0.00330	0.00378	0.00311	0.06477	0.04671	0.00160	0.00126	0.00039	0.00179	0.00127	0.00075	0.00157
7	0.00259	0.00179	0.01625	0.00211	0.00258	0.00169	0.00171	0.04264	0.08365	0.10695	0.17835	0.11338	0.14618	0.02502	0.00172	0.00051	0.00098	0.26917	0.00131	0.00143
8	0.00203	0.00164	0.00165	0.00165	0.00185	0.06250	0.00110	0.00223	0.00257	0.00324	0.09983	0.06690	0.22266	0.46641	0.02118	0.00089	0.00116	0.03852	0.00100	0.00101
9	0.04284	0.00241	0.00266	0.00232	0.00294	0.01270	0.00179	0.30621	0.09376	0.09729	0.01515	0.17780	0.06532	0.12709	0.00213	0.00056	0.00116	0.04295	0.00124	0.00167
10	0.49863	0.00243	0.00246	0.00203	0.00291	0.00254	0.00167	0.04895	0.00312	0.35656	0.06416	0.00359	0.00288	0.00150	0.00108	0.00041	0.00106	0.00108	0.00119	0.00177

[dist]
# distance from previous block
# <min> <max>
0	3

[block]
# block no. 3 follows, 243 sequences, length 25
# corresponding to MSA columns:
# 193-217
name=unknown_D
#
# <colnr> <probs for GDERKNQSTAVLIFYWHMCP>
#	G	D	E	R	K	N	Q	S	T	A	V	L	I	F	Y	W	H	M	C	P
0	0.06843	0.01106	0.10720	0.06165	0.05790	0.15779	0.05721	0.22524	0.05963	0.08036	0.01242	0.06609	0.00271	0.00168	0.00654	0.00042	0.01954	0.00131	0.00098	0.00184
1	0.00304	0.00293	0.00434	0.51281	0.03939	0.09178	0.13770	0.03887	0.04515	0.03038	0.00281	0.00381	0.00824	0.02073	0.04047	0.00052	0.00739	0.00733	0.00072	0.00160
2	0.32738	0.00183	0.00193	0.00191	0.00236	0.00194	0.00149	0.00313	0.00258	0.07774	0.02469	0.14747	0.02144	0.15598	0.02688	0.00066	0.00113	0.19715	0.00104	0.00128
3	0.06278	0.00325	0.00346	0.00281	0.00374	0.00363	0.00227	0.49939	0.33303	0.06552	0.00400	0.00382	0.00290	0.00165	0.00130	0.00042	0.00127	0.00128	0.00132	0.00215
4	0.00165	0.00128	0.00151	0.00159	0.00188	0.00113	0.00114	0.00201	0.00301	0.00389	0.21090	0.34912	0.40913	0.00351	0.00161	0.00047	0.00070	0.00306	0.00128	0.00113
5	0.00213	0.00138	0.00168	0.00173	0.00191	0.00134	0.00121	0.00235	0.00246	0.05432	0.02400	0.09295	0.10087	0.50868	0.00438	0.00093	0.00114	0.19449	0.00103	0.00103
6	0.01644	0.01399	0.18491	0.00280	0.00394	0.00247	0.03315	0.04921	0.04070	0.55596	0.01080	0.02695	0.00305	0.00166	0.00145	0.00042	0.03906	0.00966	0.00130	0.00209
7	0.00167	0.00120	0.00160	0.00189	0.00200	0.00113	0.00131	0.00195	0.00263	0.00349	0.02801	0.81557	0.03453	0.00406	0.00170	0.00054	0.00081	0.09359	0.00124	0.00110
8	0.83159	0.00289	0.00220	0.00194	0.00276	0.07166	0.00158	0.04865	0.00258	0.02157	0.00198	0.00226	0.00153	0.00127	0.00088	0.00040	0.00115	0.00076	0.00085	0.00150
9	0.00164	0.00134	0.00144	0.00143	0.00184	0.00115	0.00107	0.00203	0.00317	0.00396	0.21869	0.03285	0.71831	0.00323	0.00157	0.00044	0.00066	0.00273	0.00128	0.00115
10	0.20784	0.00217	0.00240	0.00234	0.00290	0.00235	0.00196	0.15013	0.07451	0.00518	0.02452	0.04731	0.02638	0.00279	0.01882	0.00054	0.00120	0.42403	0.00116	0.00149
11	0.00275	0.00236	0.00275	0.00197	0.00314	0.00177	0.00157	0.00334	0.00275	0.00432	0.00236	0.00275	0.00197	0.00098	0.00098	0.00020	0.00098	0.00079	0.00079	0.96149
12	0.00186	0.00145	0.00192	0.00190	0.00222	0.00156	0.00146	0.00241	0.04174	0.00332	0.00658	0.00754	0.28254	0.03378	0.60172	0.00154	0.00253	0.00185	0.00089	0.00119
13	0.00165	0.00135	0.00146	0.00143	0.00184	0.00116	0.00107	0.00207	0.00322	0.00406	0.26774	0.01199	0.68997	0.00318	0.00157	0.00044	0.00066	0.00269	0.00129	0.00116
14	0.00396	0.00342	0.00333	0.00284	0.00366	0.10138	0.00225	0.31207	0.49088	0.00617	0.02155	0.00448	0.02492	0.00176	0.00134	0.00042	0.00131	0.01096	0.00127	0.00205
15	0.00574	0.00261	0.00329	0.00253	0.00356	0.00247	0.00209	0.22904	0.00438	0.72263	0.00475	0.00420	0.00304	0.00163	0.00133	0.00041	0.00121	0.00130	0.00157	0.00226
16	0.16472	0.00348	0.00376	0.00291	0.00394	0.00384	0.03796	0.71896	0.01628	0.02688	0.00301	0.00308	0.00215	0.00152	0.00125	0.00040	0.00141	0.00114	0.00122	0.00210
17	0.00162	0.00133	0.00141	0.00146	0.00185	0.00115	0.00109	0.00195	0.00293	0.00354	0.01207	0.10607	0.75714	0.04320	0.00181	0.00050	0.00074	0.05781	0.00121	0.00111
18	0.00167	0.00134	0.00147	0.00146	0.00184	0.00116	0.00108	0.00206	0.00314	0.00396	0.23908	0.04462	0.63673	0.04297	0.00179	0.00048	0.00070	0.01206	0.00127	0.00114
19	0.00189	0.00138	0.00179	0.00194	0.00220	0.00131	0.00151	0.00236	0.01101	0.00401	0.21300	0.22282	0.13415	0.05261	0.00199	0.00984	0.00092	0.33287	0.00125	0.00116
20	0.00316	0.00376	0.05926	0.00549	0.04599	0.01192	0.81138	0.01679	0.02037	0.00432	0.00271	0.00353	0.00204	0.00115	0.00153	0.00044	0.00216	0.00150	0.00069	0.00182
21	0.00164	0.00119	0.00155	0.00182	0.00193	0.00110	0.00124	0.00190	0.00262	0.00346	0.03595	0.80361	0.08002	0.02245	0.00178	0.00055	0.00078	0.03408	0.00123	0.00109
22	0.00194	0.00130	0.00172	0.00193	0.00209	0.00124	0.00135	0.02283	0.00268	0.04154	0.00685	0.72732	0.00797	0.06658	0.01432	0.00061	0.00091	0.09445	0.00121	0.00115
23	0.04188	0.00255	0.00325	0.01966	0.01562	0.00266	0.08392	0.09762	0.32479	0.17768	0.14592	0.01316	0.04407	0.01323	0.00145	0.00044	0.00115	0.00775	0.00130	0.00188
24	0.26823	0.00236	0.01117	0.00217	0.00287	0.00247	0.01393	0.14983	0.04842	0.10516	0.19713	0.01469	0.04127	0.02895	0.01240	0.00047	0.01787	0.05169	0.00117	0.02776

[dist]
# distance from previous block
# <min> <max>
0	3

[block]
# block no. 4 follows, 243 sequences, length 9
# corresponding to MSA columns:
# 221-229
name=unknown_E
#
# <colnr> <probs for GDERKNQSTAVLIFYWHMCP>
#	G	D	E	R	K	N	Q	S	T	A	V	L	I	F	Y	W	H	M	C	P
0	0.02195	0.02114	0.02219	0.00249	0.03893	0.00227	0.01373	0.09175	0.05405	0.19523	0.04499	0.00359	0.00282	0.00132	0.00115	0.00030	0.00111	0.00107	0.00106	0.47886
1	0.02472	0.04858	0.05016	0.11894	0.22530	0.04060	0.06106	0.11125	0.05546	0.07369	0.00301	0.00351	0.01395	0.00175	0.04242	0.00047	0.03642	0.00117	0.00085	0.08668
2	0.00172	0.00139	0.02725	0.00175	0.00196	0.00119	0.00126	0.00199	0.00262	0.00343	0.05230	0.51686	0.19233	0.13619	0.00242	0.01721	0.00087	0.03501	0.00115	0.00108
3	0.04059	0.01681	0.20090	0.00289	0.04941	0.01660	0.08923	0.03082	0.03016	0.06806	0.04857	0.12045	0.25382	0.01548	0.00151	0.00045	0.00127	0.01042	0.00102	0.00157
4	0.03264	0.05001	0.22794	0.11697	0.18844	0.07452	0.07864	0.04270	0.04512	0.07745	0.00274	0.00321	0.00206	0.00132	0.00132	0.00040	0.01831	0.00112	0.00077	0.03434
5	0.00181	0.01751	0.02631	0.00188	0.00210	0.00129	0.00139	0.00213	0.00273	0.00366	0.15847	0.51731	0.06854	0.02785	0.04400	0.05953	0.00097	0.06025	0.00117	0.00112
6	0.06504	0.25218	0.00497	0.04195	0.21802	0.09686	0.07158	0.08818	0.00323	0.03447	0.02185	0.03130	0.00253	0.00167	0.02667	0.00043	0.01106	0.02546	0.00079	0.00177
7	0.00305	0.05644	0.01725	0.06849	0.42565	0.03316	0.02295	0.00387	0.05779	0.04803	0.00391	0.13968	0.02633	0.01650	0.00145	0.00043	0.00140	0.04349	0.00086	0.02926
8	0.00349	0.05906	0.43563	0.02036	0.00508	0.10804	0.08706	0.14691	0.09425	0.02344	0.00281	0.00310	0.00206	0.00136	0.00128	0.00041	0.00182	0.00110	0.00080	0.00194

[dist]
# distance from previous block
# <min> <max>
0	2

[block]
# block no. 5 follows, 243 sequences, length 26
# corresponding to MSA columns:
# 232-257
name=unknown_F
#
# <colnr> <probs for GDERKNQSTAVLIFYWHMCP>
#	G	D	E	R	K	N	Q	S	T	A	V	L	I	F	Y	W	H	M	C	P
0	0.00293	0.03703	0.42506	0.07752	0.07012	0.00283	0.07141	0.02020	0.00290	0.04271	0.00270	0.00323	0.01531	0.01659	0.00134	0.00039	0.00916	0.00106	0.00069	0.19680
1	0.00801	0.06203	0.18557	0.11640	0.05736	0.01246	0.06138	0.14903	0.03376	0.17021	0.06251	0.02127	0.00887	0.00568	0.01185	0.00044	0.00153	0.02873	0.00101	0.00188
2	0.60253	0.27598	0.04255	0.00205	0.00301	0.03530	0.00187	0.01683	0.00251	0.00501	0.00189	0.00220	0.00154	0.00121	0.00087	0.00037	0.00123	0.00074	0.00074	0.00155
3	0.00272	0.00273	0.02852	0.63479	0.07471	0.00300	0.15759	0.02473	0.01216	0.00378	0.00266	0.00398	0.00210	0.00139	0.00138	0.00044	0.00180	0.03926	0.00066	0.00160
4	0.00362	0.01301	0.04186	0.25443	0.17179	0.03406	0.07992	0.05275	0.02593	0.20703	0.03965	0.01756	0.02542	0.00166	0.01485	0.00045	0.00600	0.00724	0.00096	0.00183
5	0.00279	0.00250	0.00410	0.04292	0.52719	0.00249	0.04243	0.00349	0.02044	0.02236	0.05381	0.16118	0.05399	0.03892	0.00163	0.00047	0.00135	0.01536	0.00087	0.00174
6	0.00175	0.00133	0.00158	0.00164	0.00187	0.00128	0.00115	0.00205	0.01044	0.00323	0.00806	0.17640	0.34683	0.24005	0.17502	0.00098	0.00138	0.02288	0.00103	0.00106
7	0.02696	0.01976	0.03927	0.00351	0.00441	0.29027	0.19856	0.07678	0.19885	0.04242	0.01228	0.00433	0.00974	0.00161	0.00136	0.00042	0.00178	0.06496	0.00095	0.00178
8	0.22654	0.01162	0.03847	0.05110	0.05215	0.01368	0.40459	0.00926	0.05810	0.04136	0.01003	0.02723	0.01607	0.01673	0.00143	0.00045	0.00720	0.01148	0.00081	0.00169
9	0.00259	0.00156	0.00208	0.00199	0.00237	0.00156	0.00152	0.01168	0.02916	0.16315	0.06813	0.15465	0.11654	0.03009	0.35548	0.03289	0.00189	0.01035	0.01097	0.00135
10	0.00319	0.00305	0.00473	0.00371	0.00466	0.00321	0.35056	0.03869	0.49779	0.00507	0.02434	0.01807	0.03329	0.00164	0.00145	0.00045	0.00148	0.00161	0.00109	0.00193
11	0.00287	0.00277	0.00452	0.53705	0.37303	0.02435	0.00379	0.00369	0.00280	0.00375	0.00239	0.00340	0.00190	0.00130	0.00140	0.00042	0.02706	0.00117	0.00062	0.00172
12	0.01702	0.00149	0.00199	0.00911	0.00230	0.01090	0.00592	0.00239	0.01406	0.01125	0.06608	0.23791	0.05223	0.05513	0.43700	0.05853	0.00216	0.01239	0.00096	0.00118
13	0.17441	0.00163	0.00179	0.00185	0.00216	0.00164	0.00132	0.00781	0.02742	0.04753	0.04636	0.41848	0.06774	0.14339	0.00227	0.00062	0.00095	0.03521	0.01619	0.00125
14	0.10124	0.00256	0.00282	0.00245	0.00323	0.00275	0.00194	0.04346	0.46327	0.21818	0.08554	0.00539	0.03023	0.00193	0.00140	0.01232	0.00107	0.01686	0.00138	0.00198
15	0.01738	0.00139	0.00164	0.00169	0.00198	0.00127	0.00122	0.00223	0.00302	0.01277	0.24696	0.23124	0.30304	0.11062	0.00222	0.00058	0.00082	0.05752	0.00126	0.00117
16	0.08596	0.00169	0.00196	0.00179	0.00229	0.00155	0.00134	0.01062	0.00322	0.12572	0.31183	0.12410	0.18877	0.06806	0.00184	0.00050	0.00085	0.00224	0.00129	0.06438
17	0.00190	0.00139	0.00171	0.00187	0.00209	0.00132	0.00134	0.01380	0.02784	0.00361	0.01840	0.46145	0.19614	0.10450	0.00233	0.02414	0.00092	0.13291	0.00120	0.00115
18	0.09165	0.00238	0.00274	0.00228	0.00311	0.00237	0.00183	0.07809	0.19215	0.40939	0.02090	0.02044	0.10419	0.00192	0.00133	0.00043	0.00106	0.00153	0.06024	0.00197
19	0.01357	0.00161	0.00192	0.00185	0.00222	0.00152	0.00133	0.01314	0.06455	0.13064	0.14377	0.22260	0.17916	0.17091	0.00248	0.00062	0.00093	0.02182	0.02400	0.00135
20	0.12233	0.00152	0.00172	0.00174	0.00204	0.00148	0.00124	0.00248	0.00284	0.02533	0.22597	0.24941	0.13850	0.17799	0.00250	0.00063	0.00090	0.03901	0.00119	0.00119
21	0.00321	0.00432	0.21295	0.00501	0.00645	0.01466	0.65869	0.00449	0.04276	0.02951	0.00287	0.00358	0.00213	0.00124	0.00151	0.00045	0.00212	0.00144	0.00073	0.00189
22	0.20761	0.00277	0.00314	0.00247	0.00347	0.00280	0.00203	0.25900	0.00418	0.49283	0.00404	0.00376	0.00268	0.00159	0.00126	0.00042	0.00122	0.00119	0.00141	0.00212
23	0.01882	0.00166	0.00196	0.00189	0.00227	0.00163	0.00138	0.01573	0.10610	0.06626	0.14253	0.17192	0.21221	0.11844	0.08366	0.01399	0.00114	0.01464	0.00751	0.01624
24	0.32936	0.00226	0.00233	0.00201	0.00274	0.00230	0.00159	0.06006	0.04871	0.13280	0.12433	0.06427	0.05921	0.03351	0.00141	0.00045	0.00101	0.02039	0.00115	0.11012
25	0.00204	0.00166	0.00228	0.00215	0.00253	0.01114	0.07171	0.00252	0.01827	0.00374	0.10783	0.08396	0.26270	0.08933	0.20762	0.01049	0.00159	0.11611	0.00108	0.00123

[dist]
# distance from previous block
# <min> <max>
10	31

[block]
# block no. 6 follows, 243 sequences, length 6
# corresponding to MSA columns:
# 322-327
name=unknown_G
#
# <colnr> <probs for GDERKNQSTAVLIFYWHMCP>
#	G	D	E	R	K	N	Q	S	T	A	V	L	I	F	Y	W	H	M	C	P
0	0.01750	0.00187	0.00216	0.01382	0.01433	0.02582	0.01647	0.03395	0.06572	0.03003	0.05843	0.06955	0.07755	0.45274	0.04635	0.01307	0.01383	0.04455	0.00103	0.00124
1	0.05394	0.01335	0.02714	0.09161	0.02457	0.03476	0.07064	0.04114	0.05175	0.04214	0.11127	0.03802	0.07388	0.06834	0.12937	0.01023	0.01188	0.01399	0.07664	0.01535
2	0.02347	0.00149	0.00186	0.02096	0.00228	0.00143	0.00137	0.00279	0.04028	0.10099	0.17580	0.28043	0.15939	0.08871	0.02815	0.02884	0.00095	0.03834	0.00123	0.00126
3	0.01571	0.01666	0.02113	0.01391	0.01409	0.01527	0.02065	0.05453	0.13554	0.03228	0.15842	0.21234	0.22252	0.02355	0.00162	0.00047	0.00095	0.02560	0.00122	0.01356
4	0.07707	0.00202	0.00234	0.01965	0.00279	0.00206	0.01916	0.07387	0.15008	0.11446	0.09754	0.06800	0.23794	0.01813	0.02734	0.00051	0.00104	0.05821	0.02624	0.00155
5	0.02194	0.00160	0.00191	0.00179	0.00223	0.00151	0.00136	0.02289	0.05289	0.11321	0.33915	0.07793	0.24567	0.06059	0.00185	0.00050	0.00082	0.04948	0.00133	0.00136

[dist]
# distance from previous block
# <min> <max>
1	5

[block]
# block no. 7 follows, 243 sequences, length 17
# corresponding to MSA columns:
# 333-349
name=unknown_H
#
# <colnr> <probs for GDERKNQSTAVLIFYWHMCP>
#	G	D	E	R	K	N	Q	S	T	A	V	L	I	F	Y	W	H	M	C	P
0	0.00176	0.00131	0.00181	0.00201	0.00219	0.00123	0.02787	0.00209	0.00269	0.00356	0.03350	0.65767	0.06834	0.02753	0.00183	0.00056	0.00089	0.16084	0.00121	0.00112
1	0.01295	0.00191	0.00219	0.00203	0.00249	0.00200	0.00151	0.00421	0.31878	0.07213	0.26932	0.06459	0.04382	0.14335	0.00223	0.00056	0.00093	0.01730	0.03616	0.00153
2	0.10477	0.00200	0.00230	0.00201	0.00264	0.00198	0.00156	0.02575	0.13844	0.29135	0.11717	0.08243	0.08897	0.08231	0.00180	0.00050	0.00097	0.00179	0.04961	0.00166
3	0.70997	0.00254	0.00228	0.00194	0.00281	0.00279	0.00160	0.04250	0.00276	0.21621	0.00266	0.00272	0.00188	0.00134	0.00096	0.00041	0.00107	0.00088	0.00103	0.00165
4	0.18428	0.00284	0.00294	0.00250	0.00334	0.00318	0.00200	0.19221	0.44708	0.09498	0.02141	0.00434	0.02983	0.00170	0.00125	0.00043	0.00112	0.00133	0.00127	0.00198
5	0.02540	0.00159	0.00199	0.00201	0.00240	0.00156	0.00159	0.01503	0.04669	0.09039	0.11768	0.11677	0.14872	0.06700	0.06474	0.00066	0.00115	0.28004	0.01328	0.00132
6	0.00190	0.00137	0.00160	0.00165	0.00183	0.00132	0.00110	0.03489	0.01519	0.00347	0.07779	0.28215	0.17474	0.37241	0.00361	0.00080	0.00098	0.02106	0.00109	0.00105
7	0.00201	0.00142	0.00176	0.00178	0.00209	0.00134	0.00131	0.02505	0.03515	0.03351	0.33551	0.33850	0.16105	0.00324	0.00159	0.00047	0.00075	0.03172	0.02051	0.00125
8	0.00200	0.00150	0.00202	0.00213	0.00246	0.00143	0.02950	0.00254	0.02358	0.01603	0.05766	0.21127	0.19819	0.02314	0.00181	0.00056	0.00101	0.42074	0.00122	0.00121
9	0.00208	0.00119	0.00168	0.00175	0.00180	0.00118	0.00118	0.00186	0.00205	0.00277	0.03911	0.21547	0.01588	0.07186	0.06195	0.56226	0.00119	0.00187	0.01211	0.00078
10	0.00181	0.00128	0.00168	0.00192	0.00210	0.00121	0.00141	0.00215	0.00274	0.01853	0.03965	0.58366	0.09267	0.03636	0.00188	0.00057	0.00088	0.20717	0.00123	0.00113
11	0.50663	0.34780	0.00395	0.00206	0.00301	0.02414	0.00184	0.04695	0.00270	0.04802	0.00207	0.00231	0.00166	0.00123	0.00089	0.00036	0.00122	0.00077	0.00079	0.00161
12	0.00279	0.12902	0.79237	0.00365	0.00548	0.00337	0.03731	0.00417	0.00280	0.00406	0.00232	0.00274	0.00170	0.00124	0.00122	0.00040	0.00190	0.00097	0.00057	0.00192
13	0.00237	0.00226	0.01131	0.06584	0.01601	0.00216	0.31769	0.01392	0.02747	0.00407	0.09955	0.29331	0.04481	0.00257	0.00160	0.00049	0.00139	0.09075	0.00101	0.00144
14	0.00164	0.00131	0.00147	0.00153	0.00187	0.00114	0.00112	0.00200	0.00303	0.00381	0.14851	0.20556	0.58825	0.00344	0.00160	0.00047	0.00070	0.03014	0.00127	0.00113
15	0.00367	0.01289	0.05233	0.00330	0.00426	0.05381	0.14948	0.19750	0.48410	0.00568	0.00425	0.00420	0.01509	0.00161	0.00136	0.00043	0.00144	0.00140	0.00115	0.00203
16	0.00332	0.07309	0.30007	0.01575	0.37391	0.04906	0.03838	0.06693	0.01527	0.02688	0.00878	0.00325	0.01681	0.00130	0.00127	0.00040	0.00171	0.00112	0.00071	0.00198

[dist]
# distance from previous block
# <min> <max>
0	1

[block]
# block no. 8 follows, 243 sequences, length 25
# corresponding to MSA columns:
# 351-375
name=unknown_I
#
# <colnr> <probs for GDERKNQSTAVLIFYWHMCP>
#	G	D	E	R	K	N	Q	S	T	A	V	L	I	F	Y	W	H	M	C	P
0	0.00256	0.01271	0.00350	0.36313	0.19060	0.01708	0.00284	0.00304	0.00247	0.00332	0.01187	0.00393	0.00233	0.01006	0.16633	0.18389	0.01712	0.00122	0.00063	0.00137
1	0.96275	0.00257	0.00195	0.00174	0.00257	0.00298	0.00144	0.00390	0.00226	0.00595	0.00185	0.00216	0.00144	0.00123	0.00082	0.00041	0.00103	0.00072	0.00082	0.00144
2	0.00164	0.00131	0.00147	0.00152	0.00186	0.00114	0.00111	0.00200	0.00299	0.00378	0.15341	0.21628	0.55936	0.02595	0.01205	0.00050	0.00074	0.01053	0.00125	0.00112
3	0.96275	0.00257	0.00195	0.00174	0.00257	0.00298	0.00144	0.00390	0.00226	0.00595	0.00185	0.00216	0.00144	0.00123	0.00082	0.00041	0.00103	0.00072	0.00082	0.00144
4	0.00493	0.00528	0.00399	0.00337	0.00421	0.58339	0.04179	0.30951	0.00454	0.02298	0.00251	0.00274	0.00193	0.00144	0.00126	0.00037	0.00206	0.00100	0.00091	0.00180
5	0.93127	0.00256	0.00199	0.00176	0.00259	0.00294	0.00145	0.00398	0.00231	0.03688	0.00196	0.00223	0.00150	0.00125	0.00084	0.00041	0.00103	0.00074	0.00085	0.00146
6	0.00202	0.00152	0.00171	0.00166	0.00212	0.00139	0.00129	0.01829	0.05349	0.04477	0.17401	0.01157	0.57735	0.00309	0.00157	0.00046	0.00077	0.10033	0.00130	0.00127
7	0.08316	0.00360	0.00379	0.00294	0.00397	0.00400	0.00242	0.84181	0.02840	0.00810	0.00313	0.00314	0.00223	0.00157	0.00129	0.00040	0.00141	0.00116	0.00129	0.00219
8	0.00165	0.00121	0.00155	0.00179	0.00194	0.00112	0.00124	0.00192	0.00266	0.00349	0.03269	0.72415	0.14852	0.01699	0.00175	0.00054	0.00078	0.05369	0.00123	0.00109
9	0.00171	0.00129	0.00144	0.00152	0.00173	0.00117	0.00102	0.00193	0.00258	0.00326	0.03179	0.22374	0.38957	0.31265	0.00329	0.00074	0.00090	0.01757	0.00110	0.00101
10	0.00164	0.00140	0.00142	0.00141	0.00186	0.00120	0.00106	0.00210	0.03488	0.00368	0.02467	0.01250	0.88854	0.00330	0.00156	0.00045	0.00069	0.01525	0.00124	0.00116
11	0.00283	0.00156	0.00191	0.00178	0.00207	0.00150	0.00122	0.00318	0.04034	0.20697	0.04354	0.09668	0.02091	0.51643	0.00433	0.00090	0.00115	0.03871	0.01276	0.00124
12	0.03220	0.00229	0.00280	0.00232	0.00315	0.00224	0.00186	0.05098	0.21006	0.49440	0.06503	0.05381	0.05778	0.00198	0.00137	0.00043	0.00105	0.01276	0.00148	0.00200
13	0.64531	0.01576	0.00267	0.00226	0.00309	0.16933	0.02630	0.08918	0.00294	0.01227	0.00226	0.00254	0.01882	0.00133	0.00097	0.00040	0.00134	0.00085	0.00085	0.00154
14	0.00172	0.00147	0.00150	0.00147	0.00190	0.01849	0.00110	0.00218	0.02134	0.00393	0.18400	0.01190	0.73802	0.00317	0.00156	0.00044	0.00070	0.00267	0.00127	0.00117
15	0.00294	0.00174	0.00209	0.00186	0.00238	0.00166	0.00145	0.10553	0.00371	0.16128	0.34842	0.05882	0.12606	0.00243	0.00142	0.00041	0.00083	0.03008	0.14539	0.00150
16	0.01885	0.02688	0.14562	0.00327	0.04535	0.00281	0.10374	0.17717	0.01195	0.41266	0.02805	0.00391	0.00284	0.00151	0.00133	0.00041	0.00144	0.00128	0.00884	0.00209
17	0.22289	0.00996	0.05834	0.17460	0.00495	0.04870	0.15209	0.07919	0.13967	0.03874	0.01737	0.00376	0.03065	0.01199	0.00131	0.00043	0.00150	0.00123	0.00090	0.00171
18	0.01273	0.00132	0.00156	0.00167	0.00193	0.00122	0.00118	0.00212	0.01477	0.01816	0.06532	0.36880	0.33948	0.09305	0.02773	0.00924	0.00088	0.03653	0.00119	0.00112
19	0.00244	0.00199	0.00233	0.00183	0.00266	0.00159	0.00140	0.00296	0.01114	0.01149	0.10458	0.04428	0.07516	0.11849	0.00184	0.00040	0.00095	0.01109	0.00093	0.60245
20	0.08271	0.02872	0.03797	0.03657	0.03633	0.07777	0.03780	0.12210	0.05727	0.09908	0.04456	0.01696	0.02248	0.01061	0.01097	0.20520	0.02301	0.00125	0.00093	0.04769
21	0.16636	0.02119	0.05819	0.01906	0.14278	0.00863	0.03302	0.10768	0.03014	0.29145	0.02036	0.00405	0.01044	0.00899	0.03591	0.00048	0.01415	0.02410	0.00110	0.00192
22	0.03187	0.00157	0.00186	0.00181	0.00222	0.00146	0.00134	0.02492	0.02306	0.15354	0.06468	0.25369	0.25966	0.10063	0.00206	0.00055	0.00090	0.05326	0.01961	0.00133
23	0.17193	0.00189	0.00609	0.02644	0.03015	0.01004	0.02487	0.03022	0.00263	0.09856	0.03877	0.06136	0.09153	0.28469	0.04397	0.05161	0.00126	0.02176	0.00097	0.00127
24	0.13260	0.01895	0.02784	0.03640	0.01802	0.15747	0.15803	0.22326	0.03522	0.12981	0.00304	0.01766	0.00228	0.00850	0.00139	0.00042	0.02507	0.00120	0.00100	0.00185

[dist]
# distance from previous block
# <min> <max>
9	58

[block]
# block no. 9 follows, 243 sequences, length 30
# corresponding to MSA columns:
# 461-490
name=unknown_J
#
# <colnr> <probs for GDERKNQSTAVLIFYWHMCP>
#	G	D	E	R	K	N	Q	S	T	A	V	L	I	F	Y	W	H	M	C	P
0	0.02674	0.08246	0.01768	0.00206	0.00252	0.12850	0.01071	0.00759	0.00293	0.05521	0.11809	0.18428	0.14898	0.12953	0.02210	0.02360	0.00122	0.01643	0.00103	0.01834
1	0.02858	0.00140	0.00169	0.00178	0.00205	0.00131	0.00128	0.02347	0.00771	0.03155	0.13830	0.43076	0.19241	0.06097	0.00193	0.00519	0.00083	0.06032	0.00123	0.00722
2	0.07732	0.00165	0.00188	0.00184	0.00224	0.01194	0.00138	0.00847	0.06227	0.08872	0.18560	0.21078	0.18984	0.07516	0.00194	0.00923	0.00089	0.06629	0.00124	0.00131
3	0.08481	0.00240	0.04711	0.00220	0.00789	0.10070	0.02914	0.01475	0.00304	0.06902	0.16436	0.21086	0.12308	0.05252	0.03736	0.00054	0.00121	0.00902	0.00110	0.03891
4	0.03462	0.00142	0.00172	0.00173	0.00205	0.00132	0.00125	0.00261	0.00799	0.09662	0.20193	0.31184	0.18165	0.09063	0.00202	0.00054	0.00082	0.02890	0.02908	0.00124
5	0.02484	0.00151	0.00181	0.00176	0.00214	0.00139	0.00130	0.02265	0.01422	0.11602	0.21793	0.24044	0.24603	0.07164	0.00192	0.00052	0.00083	0.02479	0.00696	0.00130
6	0.07373	0.00194	0.00229	0.00206	0.00263	0.00192	0.00160	0.07947	0.08431	0.21626	0.16543	0.14477	0.10109	0.05894	0.00176	0.00050	0.00097	0.05742	0.00132	0.00158
7	0.05905	0.00204	0.00797	0.00213	0.00267	0.00211	0.00165	0.02032	0.28031	0.12648	0.14171	0.08184	0.07692	0.08588	0.01211	0.02936	0.00102	0.06358	0.00126	0.00158
8	0.01086	0.00136	0.00166	0.00167	0.00196	0.00125	0.00119	0.00239	0.01184	0.05368	0.28950	0.27637	0.21574	0.10803	0.00215	0.00055	0.00079	0.00834	0.00947	0.00119
9	0.03643	0.00170	0.00213	0.00194	0.00244	0.00157	0.00146	0.01947	0.01975	0.29832	0.18141	0.22618	0.08756	0.09181	0.00198	0.00053	0.00093	0.02154	0.00135	0.00151
10	0.00865	0.00149	0.00178	0.00175	0.00212	0.00141	0.00132	0.00275	0.07867	0.02639	0.42624	0.12532	0.24830	0.01133	0.00161	0.00046	0.00074	0.05704	0.00135	0.00128
11	0.00205	0.00151	0.00171	0.00167	0.00200	0.00146	0.00118	0.00274	0.10949	0.03177	0.16703	0.09214	0.30909	0.24998	0.01060	0.00068	0.00092	0.01159	0.00118	0.00120
12	0.06809	0.00171	0.00212	0.00195	0.00243	0.00164	0.00148	0.01015	0.02950	0.26440	0.11700	0.16351	0.08196	0.12899	0.05753	0.01100	0.00113	0.05269	0.00125	0.00146
13	0.15007	0.00172	0.00194	0.00180	0.00222	0.00171	0.00132	0.02995	0.01277	0.15132	0.17760	0.13856	0.06847	0.23838	0.00271	0.00065	0.00099	0.01529	0.00117	0.00133
14	0.00206	0.00152	0.00181	0.00171	0.00212	0.00144	0.00129	0.01555	0.07895	0.02942	0.54057	0.03386	0.26154	0.00280	0.00154	0.00043	0.00071	0.01110	0.01025	0.00132
15	0.00209	0.01302	0.00187	0.00171	0.00212	0.00145	0.00130	0.00904	0.07211	0.03739	0.55611	0.04401	0.23569	0.00278	0.00153	0.00043	0.00071	0.00240	0.01294	0.00132
16	0.00199	0.00135	0.00178	0.00850	0.00197	0.00142	0.00124	0.00220	0.00217	0.02383	0.01829	0.10225	0.02253	0.40913	0.34934	0.03350	0.00203	0.01460	0.00085	0.00102
17	0.00907	0.00143	0.00179	0.00179	0.00209	0.00134	0.00133	0.01571	0.00312	0.06288	0.33110	0.17840	0.12054	0.14351	0.00236	0.00059	0.00088	0.11957	0.00127	0.00121
18	0.00291	0.00516	0.49350	0.00396	0.00545	0.04566	0.24244	0.03085	0.06302	0.00435	0.02953	0.01884	0.01870	0.00164	0.02773	0.00047	0.00194	0.00129	0.00072	0.00184
19	0.15748	0.01188	0.10992	0.23547	0.03485	0.01314	0.15725	0.14038	0.01509	0.01399	0.00726	0.05160	0.00249	0.00154	0.00131	0.00043	0.00160	0.03340	0.00923	0.00169
20	0.28488	0.00226	0.01214	0.00208	0.00280	0.00229	0.00168	0.07732	0.03400	0.27563	0.03986	0.00561	0.02110	0.13358	0.00199	0.00055	0.00113	0.08667	0.01279	0.00164
21	0.00287	0.00324	0.09162	0.24983	0.06152	0.01894	0.31547	0.02585	0.07343	0.00903	0.06094	0.03257	0.00991	0.00523	0.00847	0.00046	0.01247	0.01565	0.00079	0.00169
22	0.00228	0.01123	0.00324	0.60508	0.01824	0.00239	0.00283	0.00304	0.00292	0.00384	0.21612	0.01762	0.08178	0.00202	0.02158	0.00047	0.00144	0.00162	0.00085	0.00139
23	0.00286	0.06783	0.18257	0.43392	0.18076	0.03182	0.03843	0.00383	0.01322	0.00378	0.00972	0.00327	0.00193	0.00128	0.00128	0.00041	0.00175	0.00112	0.00062	0.01960
24	0.00161	0.00131	0.00143	0.00148	0.00184	0.00112	0.00108	0.00195	0.00300	0.00372	0.10727	0.21114	0.65150	0.00346	0.00159	0.00046	0.00069	0.00296	0.00126	0.00112
25	0.00265	0.00222	0.00272	0.01352	0.01257	0.00184	0.01839	0.00912	0.05074	0.01308	0.04505	0.11108	0.01025	0.00157	0.00120	0.00029	0.01483	0.01870	0.00091	0.66926
26	0.00177	0.00136	0.00162	0.00162	0.00196	0.00124	0.00120	0.00231	0.02505	0.00441	0.44180	0.13115	0.35128	0.00313	0.00158	0.00045	0.00068	0.02483	0.00134	0.00120
27	0.01178	0.00358	0.02265	0.03112	0.10937	0.09816	0.41936	0.07652	0.04839	0.06587	0.02491	0.00895	0.01536	0.00142	0.00160	0.00043	0.05646	0.00140	0.00084	0.00183
28	0.00277	0.00217	0.00293	0.01443	0.00309	0.00963	0.03237	0.19535	0.00306	0.01512	0.01521	0.00461	0.00302	0.01368	0.56900	0.00147	0.10154	0.00822	0.00085	0.00147
29	0.05817	0.00262	0.02428	0.01962	0.03160	0.00744	0.02904	0.06518	0.10802	0.48698	0.02028	0.00407	0.00304	0.00152	0.00127	0.00039	0.00119	0.00124	0.00132	0.13275

[dist]
# distance from previous block
# <min> <max>
4	17

[block]
# block no. 10 follows, 243 sequences, length 22
# corresponding to MSA columns:
# 520-541
name=unknown_K
#
# <colnr> <probs for GDERKNQSTAVLIFYWHMCP>
#	G	D	E	R	K	N	Q	S	T	A	V	L	I	F	Y	W	H	M	C	P
0	0.00899	0.00296	0.02725	0.27695	0.07319	0.02291	0.07026	0.26745	0.05156	0.03769	0.03307	0.01967	0.01395	0.00218	0.06919	0.00055	0.00171	0.01774	0.00095	0.00179
1	0.17035	0.00320	0.00369	0.02827	0.00401	0.04552	0.11578	0.29631	0.22202	0.02463	0.00360	0.00381	0.02297	0.02688	0.00141	0.00044	0.00139	0.00126	0.00109	0.02336
2	0.00282	0.00254	0.00358	0.11883	0.07242	0.01081	0.04170	0.06162	0.10617	0.00394	0.01042	0.01484	0.01381	0.03304	0.17786	0.01199	0.27018	0.00133	0.00078	0.04131
3	0.00173	0.00131	0.00167	0.00176	0.00199	0.00128	0.00127	0.00207	0.00258	0.00339	0.05088	0.28977	0.25862	0.09134	0.25564	0.00101	0.00154	0.02999	0.00106	0.00111
4	0.00271	0.00232	0.00271	0.00196	0.00311	0.00175	0.00157	0.00330	0.00276	0.00430	0.00268	0.00321	0.02160	0.00109	0.00101	0.00021	0.00098	0.02020	0.00080	0.92171
5	0.00164	0.00126	0.00150	0.00164	0.00188	0.00112	0.00115	0.00195	0.00285	0.00366	0.10745	0.46078	0.36789	0.02148	0.00173	0.00051	0.00073	0.01841	0.00125	0.00111
6	0.00330	0.00334	0.00506	0.17617	0.65246	0.09569	0.03675	0.00408	0.00303	0.00406	0.00243	0.00325	0.00200	0.00122	0.00131	0.00040	0.00171	0.00116	0.00065	0.00192
7	0.00175	0.00126	0.00160	0.00173	0.00190	0.00118	0.00120	0.00209	0.00285	0.00384	0.26100	0.43557	0.08776	0.14088	0.00239	0.00061	0.00082	0.04925	0.00123	0.00110
8	0.00339	0.00385	0.00266	0.00253	0.00296	0.48423	0.00183	0.00368	0.00318	0.00331	0.05650	0.14504	0.09431	0.16706	0.00230	0.00055	0.00168	0.01877	0.00089	0.00128
9	0.01356	0.00195	0.00278	0.00250	0.00301	0.00769	0.06768	0.03920	0.08331	0.09526	0.02721	0.02109	0.02133	0.00590	0.45315	0.00126	0.01431	0.11226	0.00097	0.02556
10	0.03867	0.00247	0.00297	0.00240	0.00327	0.00247	0.00194	0.15178	0.17667	0.44075	0.14542	0.00509	0.00456	0.00180	0.00135	0.00041	0.00109	0.00147	0.00147	0.01395
11	0.43454	0.00311	0.00287	0.00237	0.00325	0.03371	0.00193	0.38700	0.06123	0.00678	0.00274	0.00289	0.00204	0.00143	0.00108	0.00040	0.00123	0.00099	0.04862	0.00181
12	0.00302	0.00304	0.00251	0.00229	0.00278	0.29052	0.00174	0.06760	0.00387	0.00477	0.52283	0.00740	0.06286	0.00228	0.00144	0.00040	0.00123	0.01681	0.00120	0.00140
13	0.00180	0.00146	0.00163	0.00169	0.00209	0.00134	0.00131	0.00243	0.07065	0.00381	0.02965	0.11018	0.60025	0.00337	0.00161	0.00048	0.00080	0.16299	0.00124	0.00121
14	0.00291	0.00235	0.00277	0.00198	0.00316	0.00178	0.00159	0.00350	0.00280	0.05098	0.00250	0.00284	0.00203	0.00102	0.00100	0.00021	0.00099	0.00081	0.00083	0.91396
15	0.00216	0.00157	0.00187	0.00171	0.00225	0.00135	0.00134	0.00265	0.00322	0.06296	0.25586	0.03066	0.37750	0.00277	0.00149	0.00042	0.00080	0.10090	0.00125	0.14726
16	0.00164	0.00135	0.00145	0.00150	0.00191	0.00116	0.00115	0.00200	0.00300	0.00362	0.01233	0.07025	0.77931	0.00344	0.00161	0.00047	0.00074	0.11070	0.00123	0.00113
17	0.00180	0.00124	0.00148	0.00159	0.00164	0.00120	0.00097	0.00190	0.00220	0.00292	0.00573	0.35833	0.04555	0.56221	0.00466	0.00097	0.00107	0.00265	0.00098	0.00092
18	0.01850	0.00240	0.01371	0.00279	0.00374	0.00216	0.16056	0.00532	0.05723	0.53835	0.13634	0.00543	0.04368	0.00177	0.00141	0.00042	0.00123	0.00158	0.00140	0.00197
19	0.05603	0.00317	0.00356	0.06329	0.00408	0.01774	0.02920	0.54488	0.08790	0.06089	0.01210	0.00436	0.06262	0.01042	0.00143	0.01252	0.00137	0.02123	0.00122	0.00199
20	0.00487	0.00278	0.00326	0.00256	0.00350	0.00283	0.00210	0.40234	0.04397	0.37696	0.05409	0.00477	0.06069	0.00201	0.02657	0.00046	0.00128	0.00143	0.00144	0.00210
21	0.00175	0.00130	0.00160	0.00175	0.00196	0.00120	0.00122	0.02696	0.00288	0.00379	0.12833	0.56907	0.20011	0.03559	0.00181	0.00053	0.00077	0.01700	0.00125	0.00113

[dist]
# distance from previous block
# <min> <max>
0	3

[block]
# block no. 11 follows, 243 sequences, length 8
# corresponding to MSA columns:
# 545-552
name=unknown_L
#
# <colnr> <probs for GDERKNQSTAVLIFYWHMCP>
#	G	D	E	R	K	N	Q	S	T	A	V	L	I	F	Y	W	H	M	C	P
0	0.00192	0.00149	0.00194	0.00195	0.00226	0.00143	0.03723	0.01726	0.05945	0.00392	0.11829	0.39391	0.20936	0.04277	0.02868	0.00057	0.00094	0.05876	0.01668	0.00122
1	0.00320	0.00226	0.02308	0.01916	0.00316	0.00223	0.04611	0.22190	0.02301	0.12396	0.01881	0.23122	0.04128	0.07715	0.07818	0.00067	0.00139	0.08046	0.00118	0.00159
2	0.00298	0.00291	0.00234	0.00225	0.00264	0.28044	0.00163	0.01819	0.04867	0.03693	0.03852	0.18839	0.12842	0.20334	0.00256	0.00061	0.00139	0.03549	0.00101	0.00128
3	0.00242	0.00193	0.00228	0.00183	0.00264	0.00153	0.00140	0.00292	0.00287	0.02826	0.11699	0.11005	0.12138	0.04262	0.00146	0.00034	0.00089	0.00162	0.00099	0.55556
4	0.08940	0.00257	0.01991	0.02317	0.00359	0.02657	0.12888	0.13315	0.03380	0.17423	0.08413	0.03563	0.04910	0.07450	0.08265	0.00063	0.01127	0.01124	0.00110	0.01447
5	0.01468	0.02099	0.00283	0.04243	0.00328	0.00243	0.04707	0.06483	0.33158	0.04178	0.08461	0.20177	0.04777	0.02630	0.00161	0.00049	0.00108	0.06159	0.00123	0.00164
6	0.00191	0.00138	0.00162	0.00164	0.00197	0.00126	0.00119	0.00233	0.03235	0.03921	0.14701	0.20393	0.42693	0.04339	0.01692	0.05191	0.00082	0.02182	0.00122	0.00116
7	0.10199	0.00241	0.00274	0.00232	0.00307	0.01530	0.00184	0.18821	0.09116	0.31116	0.03771	0.17406	0.02938	0.01619	0.00145	0.00045	0.00110	0.01629	0.00135	0.00184

[dist]
# distance from previous block
# <min> <max>
19	104

[block]
# block no. 12 follows, 243 sequences, length 16
# corresponding to MSA columns:
# 710-725
name=unknown_M
#
# <colnr> <probs for GDERKNQSTAVLIFYWHMCP>
#	G	D	E	R	K	N	Q	S	T	A	V	L	I	F	Y	W	H	M	C	P
0	0.01738	0.00202	0.01079	0.00203	0.00252	0.06274	0.00159	0.04050	0.04132	0.12989	0.08894	0.13455	0.27055	0.03192	0.01898	0.01159	0.00841	0.11402	0.00884	0.00140
1	0.02784	0.00159	0.00193	0.00187	0.00227	0.00152	0.00140	0.01526	0.06537	0.13144	0.23488	0.24836	0.14810	0.05723	0.00183	0.00051	0.00085	0.04646	0.00992	0.00137
2	0.00919	0.00149	0.00175	0.00176	0.00203	0.00145	0.00124	0.03872	0.04466	0.04165	0.10433	0.27645	0.15825	0.24134	0.01154	0.00070	0.00096	0.03805	0.02324	0.00119
3	0.00205	0.00887	0.02358	0.00213	0.00241	0.00769	0.00830	0.00260	0.03924	0.00346	0.07456	0.07415	0.02316	0.14324	0.39563	0.01761	0.02322	0.14598	0.00092	0.00119
4	0.03436	0.00173	0.00207	0.00190	0.00237	0.00166	0.00143	0.04941	0.05489	0.19831	0.15842	0.20065	0.12739	0.09972	0.00200	0.00053	0.00092	0.01404	0.04675	0.00146
5	0.13675	0.00195	0.00223	0.00198	0.00256	0.00194	0.00152	0.07739	0.04743	0.22553	0.15278	0.15410	0.07438	0.08213	0.00182	0.00051	0.00097	0.00989	0.02258	0.00156
6	0.08529	0.00177	0.00210	0.00203	0.00245	0.00176	0.00152	0.09559	0.01787	0.14445	0.02639	0.40637	0.05054	0.06343	0.00188	0.01312	0.00098	0.06961	0.01144	0.00141
7	0.07295	0.00174	0.00181	0.00166	0.00219	0.00168	0.00129	0.09980	0.01885	0.05971	0.06910	0.02972	0.45196	0.00256	0.00136	0.00042	0.00081	0.01256	0.16845	0.00137
8	0.04132	0.00161	0.00193	0.00175	0.00226	0.00147	0.00134	0.00325	0.02365	0.20353	0.28788	0.06220	0.30293	0.04399	0.00172	0.00047	0.00082	0.01512	0.00135	0.00142
9	0.05252	0.00139	0.00160	0.00163	0.00180	0.00137	0.00107	0.00230	0.01521	0.03573	0.08447	0.21292	0.07782	0.48080	0.00416	0.00089	0.00105	0.02121	0.00103	0.00103
10	0.00190	0.00128	0.00145	0.00146	0.00148	0.00127	0.00083	0.00192	0.00199	0.00264	0.00463	0.05351	0.03532	0.87778	0.00635	0.00122	0.00124	0.00204	0.00084	0.00083
11	0.15410	0.00262	0.00280	0.00231	0.00313	0.00280	0.00187	0.25166	0.18053	0.20443	0.01532	0.00402	0.00300	0.00159	0.00119	0.00040	0.00109	0.00123	0.16400	0.00191
12	0.00214	0.00164	0.00232	0.04654	0.11641	0.00172	0.00170	0.00253	0.01464	0.01401	0.03271	0.03747	0.08388	0.29280	0.32109	0.02261	0.00201	0.00175	0.00083	0.00120
13	0.00214	0.00150	0.00174	0.00172	0.00189	0.00153	0.00113	0.00272	0.11788	0.02015	0.10806	0.11243	0.00609	0.57394	0.00468	0.00096	0.00112	0.03821	0.00102	0.00108
14	0.00207	0.00130	0.00192	0.00192	0.00204	0.00142	0.00139	0.00207	0.00195	0.00272	0.00307	0.00493	0.00298	0.06515	0.49509	0.40465	0.00241	0.00134	0.00066	0.00091
15	0.00295	0.00223	0.00245	0.00217	0.00278	0.01766	0.00169	0.10984	0.29633	0.06901	0.28583	0.00770	0.17833	0.00234	0.00145	0.00043	0.00093	0.01283	0.00137	0.00168

[dist]
# distance from previous block
# <min> <max>
0	1

[block]
# block no. 13 follows, 243 sequences, length 8
# corresponding to MSA columns:
# 727-734
name=unknown_N
#
# <colnr> <probs for GDERKNQSTAVLIFYWHMCP>
#	G	D	E	R	K	N	Q	S	T	A	V	L	I	F	Y	W	H	M	C	P
0	0.01782	0.02282	0.01297	0.00235	0.00305	0.06488	0.01540	0.06620	0.13885	0.30041	0.09673	0.03624	0.07346	0.07434	0.02786	0.00054	0.00124	0.04180	0.00129	0.00175
