[name]
unknown

[dist]
# distance from previous block
# <min> <max>
4	58

[block]
# block no. 0 follows, 182 sequences, length 12
# corresponding to MSA columns:
# 84-87,89-91,104,147-149,153
name=unknown_A
#
# <colnr> <probs for GDERKNQSTAVLIFYWHMCP>
#	G	D	E	R	K	N	Q	S	T	A	V	L	I	F	Y	W	H	M	C	P
0	0.00609	0.19550	0.00574	0.00414	0.00516	0.71818	0.00326	0.03435	0.00471	0.00440	0.00266	0.00308	0.00224	0.00173	0.00147	0.00043	0.00282	0.00109	0.00089	0.00207
1	0.00501	0.02508	0.00441	0.00366	0.00476	0.02771	0.00291	0.27168	0.61822	0.00813	0.00599	0.00562	0.00446	0.00223	0.00173	0.00056	0.00157	0.00179	0.00170	0.00276
2	0.00296	0.00217	0.02514	0.05966	0.02974	0.00202	0.01204	0.03895	0.00374	0.07648	0.02444	0.61565	0.01802	0.00455	0.01155	0.00069	0.00131	0.06764	0.00155	0.00171
3	0.03165	0.01220	0.01873	0.01549	0.06134	0.01623	0.01730	0.22636	0.48090	0.06853	0.00568	0.01796	0.00426	0.00220	0.00177	0.00056	0.01271	0.00179	0.00163	0.00271
4	0.11248	0.00359	0.02103	0.50809	0.13649	0.02272	0.06340	0.01683	0.00355	0.00513	0.00315	0.01424	0.00254	0.00184	0.00194	0.00058	0.06496	0.01451	0.00086	0.00207
5	0.01583	0.06376	0.14920	0.11168	0.19241	0.02366	0.18801	0.07971	0.06184	0.04630	0.01458	0.00451	0.00297	0.00173	0.00175	0.00053	0.01063	0.00160	0.02684	0.00245
6	0.00356	0.00333	0.02042	0.02122	0.51910	0.00325	0.02716	0.00460	0.04320	0.00554	0.11708	0.10670	0.05542	0.03316	0.02814	0.00065	0.00179	0.00227	0.00115	0.00228
7	0.00369	0.05991	0.57917	0.08229	0.01811	0.01369	0.06989	0.04967	0.01503	0.00569	0.05761	0.00443	0.00320	0.00178	0.00166	0.00054	0.00232	0.00147	0.02744	0.00240
8	0.00381	0.10843	0.28293	0.02491	0.05521	0.01265	0.01325	0.04122	0.05301	0.03325	0.06708	0.05434	0.03079	0.00204	0.00166	0.00048	0.01671	0.00166	0.00109	0.19549
9	0.00244	0.00165	0.00192	0.00198	0.00201	0.00163	0.00116	0.00252	0.00272	0.00365	0.03865	0.16182	0.00747	0.75467	0.00748	0.00148	0.00154	0.00292	0.00117	0.00113
10	0.01472	0.00442	0.20291	0.01649	0.22016	0.01075	0.05434	0.03035	0.09459	0.05451	0.17323	0.01568	0.08614	0.01186	0.00188	0.00056	0.00177	0.00206	0.00127	0.00232
11	0.00379	0.02161	0.02010	0.00275	0.00424	0.03278	0.00224	0.02128	0.05324	0.00573	0.00328	0.00372	0.00269	0.00138	0.00133	0.00029	0.00139	0.00109	0.00106	0.81604

[dist]
# distance from previous block
# <min> <max>
3	7

[block]
# block no. 1 follows, 182 sequences, length 33
# corresponding to MSA columns:
# 171-189,216-229
name=unknown_B
#
# <colnr> <probs for GDERKNQSTAVLIFYWHMCP>
#	G	D	E	R	K	N	Q	S	T	A	V	L	I	F	Y	W	H	M	C	P
0	0.00260	0.00184	0.00233	0.00217	0.00266	0.00165	0.00163	0.00334	0.00469	0.03673	0.73296	0.03882	0.12522	0.00357	0.00201	0.00054	0.00086	0.00313	0.00184	0.03142
1	0.21425	0.01664	0.00471	0.15247	0.20671	0.05323	0.01985	0.09502	0.14136	0.00649	0.00403	0.05783	0.00336	0.00207	0.00811	0.00056	0.00183	0.00164	0.00756	0.00229
2	0.00257	0.00182	0.00242	0.00267	0.00301	0.00175	0.00216	0.00310	0.00377	0.00491	0.08701	0.13909	0.13861	0.03399	0.00285	0.08108	0.00134	0.48485	0.00153	0.00146
3	0.00247	0.00185	0.00275	0.00275	0.00305	0.00215	0.00213	0.00307	0.00277	0.00399	0.00465	0.00691	0.00437	0.03802	0.90745	0.00275	0.00455	0.00187	0.00093	0.00153
4	0.00311	0.00221	0.00267	0.00245	0.00297	0.01597	0.00187	0.04977	0.07021	0.04704	0.62729	0.06071	0.01272	0.00354	0.02603	0.00060	0.01161	0.00283	0.05456	0.00182
5	0.00322	0.00161	0.00161	0.00161	0.00201	0.00161	0.00121	0.00402	0.00362	0.00644	0.00563	0.00644	0.00443	0.00201	0.00121	0.00040	0.00080	0.00161	0.94889	0.00161
6	0.95150	0.00334	0.00254	0.00227	0.00334	0.00387	0.00187	0.00508	0.00294	0.00775	0.00241	0.00281	0.00187	0.00160	0.00107	0.00053	0.00134	0.00094	0.00107	0.00187
7	0.00334	0.00262	0.00310	0.00253	0.00363	0.01020	0.00202	0.00405	0.00384	0.04600	0.08825	0.05647	0.10560	0.00250	0.00163	0.00042	0.00124	0.11173	0.01018	0.54064
8	0.00430	0.00371	0.00391	0.00352	0.00449	0.00430	0.00273	0.00918	0.92540	0.00723	0.00703	0.00644	0.00527	0.00234	0.00176	0.00059	0.00137	0.00195	0.00176	0.00273
9	0.00268	0.00195	0.00246	0.00226	0.00277	0.00181	0.00171	0.01109	0.04236	0.02256	0.79201	0.01217	0.04863	0.00338	0.00198	0.00053	0.00088	0.00297	0.00185	0.04395
10	0.00286	0.00231	0.00371	0.00333	0.00385	0.00257	0.10251	0.05118	0.00320	0.00453	0.00448	0.00642	0.00406	0.01114	0.78263	0.00242	0.00430	0.00186	0.00096	0.00170
11	0.05253	0.56861	0.00723	0.00332	0.00461	0.18592	0.00299	0.08072	0.00418	0.04099	0.00290	0.00343	0.00250	0.00170	0.00135	0.00042	0.01365	0.01976	0.00094	0.00223
12	0.00348	0.09559	0.02866	0.01785	0.01144	0.02777	0.01364	0.02738	0.00337	0.08149	0.01512	0.12473	0.01049	0.08820	0.34571	0.00148	0.07187	0.01398	0.00113	0.01664
13	0.01472	0.00260	0.00297	0.00247	0.00336	0.00845	0.00194	0.11154	0.01145	0.21274	0.05084	0.02632	0.09337	0.04812	0.00192	0.00052	0.00123	0.00765	0.25804	0.13973
14	0.00378	0.00378	0.00529	0.00453	0.00453	0.00529	0.00378	0.00416	0.00265	0.00416	0.00227	0.00378	0.00227	0.00302	0.00567	0.00076	0.93613	0.00151	0.00076	0.00189
15	0.00216	0.00170	0.00196	0.00209	0.00250	0.00150	0.00154	0.00262	0.00384	0.00483	0.09895	0.27186	0.50354	0.01503	0.00219	0.00064	0.00097	0.07896	0.00162	0.00147
16	0.95150	0.00334	0.00254	0.00227	0.00334	0.00387	0.00187	0.00508	0.00294	0.00775	0.00241	0.00281	0.00187	0.00160	0.00107	0.00053	0.00134	0.00094	0.00107	0.00187
17	0.00466	0.00524	0.00516	0.00451	0.00480	0.31014	0.00363	0.00506	0.00339	0.00418	0.00240	0.00356	0.00225	0.00261	0.00432	0.00065	0.62933	0.00138	0.00080	0.00193
18	0.12052	0.00275	0.00342	0.00277	0.00383	0.00255	0.00221	0.02056	0.00440	0.60699	0.03763	0.03604	0.03908	0.08639	0.01437	0.00067	0.00145	0.00193	0.00998	0.00246
19	0.00328	0.00308	0.00519	0.89158	0.03918	0.00381	0.00478	0.00443	0.00348	0.00446	0.00318	0.00485	0.00245	0.00177	0.00174	0.00058	0.00228	0.01716	0.00078	0.00194
20	0.07342	0.00386	0.00406	0.00349	0.02543	0.04818	0.00272	0.27197	0.26024	0.06008	0.08228	0.03025	0.00503	0.00229	0.00169	0.00052	0.00157	0.02575	0.00159	0.09555
21	0.03872	0.00231	0.02384	0.00263	0.00319	0.00932	0.00205	0.00896	0.00845	0.13727	0.04491	0.06299	0.02574	0.17472	0.22978	0.06029	0.00224	0.09520	0.00668	0.06072
22	0.00237	0.00178	0.00216	0.00212	0.00257	0.00161	0.00158	0.00307	0.01660	0.01375	0.52053	0.10956	0.28522	0.00398	0.00206	0.00058	0.00088	0.02623	0.00177	0.00158
23	0.01756	0.00294	0.00347	0.00292	0.00371	0.03145	0.01624	0.14893	0.05795	0.20180	0.30006	0.02051	0.02629	0.10459	0.00274	0.00067	0.03576	0.00229	0.00901	0.01112
24	0.01119	0.00206	0.02400	0.00221	0.00244	0.00196	0.00915	0.01717	0.02949	0.04493	0.04952	0.01027	0.01759	0.69045	0.06024	0.02067	0.00180	0.00239	0.00115	0.00132
25	0.02434	0.90171	0.00883	0.00297	0.00443	0.02579	0.00294	0.00521	0.00353	0.00414	0.00241	0.00278	0.00221	0.00149	0.00112	0.00037	0.00186	0.00093	0.00075	0.00221
26	0.00295	0.00222	0.00271	0.00259	0.00315	0.01081	0.01977	0.00952	0.13863	0.04649	0.32513	0.14036	0.18669	0.00385	0.00958	0.00062	0.00113	0.09028	0.00172	0.00180
27	0.00236	0.00178	0.00212	0.00223	0.00259	0.01300	0.00163	0.00288	0.00400	0.01280	0.27521	0.31755	0.25114	0.02197	0.00222	0.00064	0.00100	0.06813	0.01524	0.00151
28	0.00384	0.00293	0.00446	0.42876	0.03414	0.01123	0.03433	0.02368	0.03958	0.12618	0.11749	0.01222	0.02685	0.04964	0.05058	0.00074	0.02822	0.00192	0.00120	0.00203
29	0.00356	0.00328	0.00526	0.81696	0.07447	0.02914	0.00472	0.00467	0.00357	0.03355	0.00319	0.00458	0.00239	0.00173	0.00172	0.00057	0.00228	0.00153	0.00082	0.00201
30	0.00278	0.00190	0.00257	0.00255	0.00283	0.00204	0.00187	0.01147	0.06761	0.01490	0.06105	0.10046	0.06364	0.05393	0.35457	0.23797	0.01300	0.00229	0.00113	0.00142
31	0.00228	0.00157	0.00205	0.00237	0.00251	0.00147	0.00159	0.00258	0.00331	0.02324	0.00939	0.76336	0.04843	0.09491	0.00283	0.00079	0.00109	0.03326	0.00156	0.00141
32	0.00365	0.01913	0.19794	0.36547	0.07986	0.01506	0.07016	0.04003	0.04167	0.02787	0.02340	0.06873	0.03026	0.00210	0.00177	0.00057	0.00214	0.00701	0.00100	0.00219

[dist]
# distance from previous block
# <min> <max>
3	7

[block]
# block no. 2 follows, 182 sequences, length 12
# corresponding to MSA columns:
# 239-250
name=unknown_C
#
# <colnr> <probs for GDERKNQSTAVLIFYWHMCP>
#	G	D	E	R	K	N	Q	S	T	A	V	L	I	F	Y	W	H	M	C	P
0	0.02224	0.03112	0.01305	0.01321	0.01307	0.00233	0.01667	0.00320	0.00285	0.00410	0.00470	0.04861	0.00461	0.12649	0.64302	0.02283	0.00370	0.00199	0.00096	0.02125
1	0.02697	0.22232	0.11488	0.06912	0.14678	0.06660	0.04524	0.11099	0.03848	0.06247	0.00347	0.00403	0.00273	0.00221	0.04100	0.00059	0.02863	0.00138	0.00103	0.01107
2	0.00254	0.04147	0.00259	0.00226	0.00270	0.00191	0.00170	0.00342	0.03686	0.00643	0.70994	0.11125	0.06316	0.00365	0.00201	0.00056	0.00090	0.00321	0.00180	0.00166
3	0.00393	0.03431	0.01942	0.11018	0.11889	0.08617	0.01676	0.00600	0.30298	0.02358	0.04819	0.04276	0.08901	0.04755	0.01080	0.00064	0.02465	0.01066	0.00132	0.00221
4	0.00290	0.00218	0.00308	0.01758	0.00337	0.01625	0.02538	0.00344	0.00301	0.04321	0.02333	0.04192	0.00514	0.15722	0.53338	0.00203	0.06910	0.04485	0.00105	0.00158
5	0.00285	0.00192	0.00251	0.00231	0.00282	0.00178	0.01663	0.00371	0.02566	0.06448	0.67986	0.02813	0.09142	0.00345	0.00199	0.00055	0.00093	0.02433	0.04296	0.00173
6	0.00370	0.00349	0.03220	0.43286	0.04988	0.00370	0.15483	0.06777	0.04297	0.02374	0.00466	0.02165	0.01963	0.00226	0.00188	0.00060	0.00217	0.12885	0.00106	0.00210
7	0.00645	0.00823	0.00489	0.00445	0.00534	0.93236	0.00334	0.00690	0.00489	0.00423	0.00267	0.00311	0.00222	0.00178	0.00156	0.00044	0.00311	0.00111	0.00089	0.00200
8	0.00225	0.00172	0.00189	0.00189	0.00225	0.00156	0.00130	0.00259	0.00357	0.00452	0.12451	0.05209	0.47819	0.28926	0.02420	0.00096	0.00120	0.00325	0.00146	0.00135
9	0.00430	0.00371	0.00391	0.00352	0.00449	0.00430	0.00273	0.00918	0.92540	0.00723	0.00703	0.00644	0.00527	0.00234	0.00176	0.00059	0.00137	0.00195	0.00176	0.00273
10	0.00462	0.94034	0.00905	0.00296	0.00443	0.00683	0.00296	0.00517	0.00351	0.00406	0.00240	0.00277	0.00222	0.00148	0.00111	0.00037	0.00185	0.00092	0.00074	0.00222
11	0.00233	0.00178	0.00202	0.00196	0.00248	0.00155	0.00147	0.00291	0.00431	0.02702	0.36512	0.03659	0.53624	0.00402	0.00204	0.00057	0.00087	0.00343	0.00173	0.00156

[dist]
# distance from previous block
# <min> <max>
0	10

[block]
# block no. 3 follows, 182 sequences, length 10
# corresponding to MSA columns:
# 261-268,271,272
name=unknown_D
#
# <colnr> <probs for GDERKNQSTAVLIFYWHMCP>
#	G	D	E	R	K	N	Q	S	T	A	V	L	I	F	Y	W	H	M	C	P
0	0.00462	0.60850	0.14778	0.00379	0.00538	0.11884	0.07990	0.00546	0.00375	0.00442	0.00263	0.00310	0.00225	0.00154	0.00132	0.00042	0.00220	0.00109	0.00077	0.00225
1	0.00448	0.82699	0.12117	0.00319	0.00480	0.00649	0.00337	0.00521	0.00353	0.00423	0.00249	0.00288	0.00221	0.00150	0.00117	0.00039	0.00193	0.00097	0.00074	0.00226
2	0.00426	0.08184	0.00710	0.05004	0.81202	0.00432	0.00508	0.00525	0.00388	0.00546	0.00317	0.00416	0.00267	0.00154	0.00166	0.00050	0.00205	0.00149	0.00084	0.00266
3	0.00222	0.00182	0.00197	0.00202	0.00255	0.00162	0.00152	0.00288	0.04550	0.00488	0.05247	0.12869	0.67535	0.00440	0.00207	0.00061	0.00096	0.06531	0.00162	0.00152
4	0.00280	0.00217	0.00242	0.00226	0.00287	0.03964	0.02746	0.00335	0.00421	0.07449	0.20716	0.08680	0.53016	0.00392	0.00201	0.00057	0.00107	0.00334	0.00166	0.00165
5	0.01347	0.10018	0.01597	0.10864	0.27475	0.13623	0.01878	0.01893	0.01701	0.22082	0.01369	0.01456	0.02774	0.00189	0.00169	0.00051	0.00991	0.00157	0.00120	0.00246
6	0.03868	0.02348	0.01636	0.45407	0.18088	0.04402	0.03119	0.01758	0.02983	0.05046	0.01679	0.00451	0.00278	0.00171	0.00166	0.00052	0.00209	0.00150	0.00095	0.08094
7	0.09352	0.00294	0.00369	0.00294	0.00412	0.00274	0.00241	0.06388	0.01958	0.64244	0.08427	0.00677	0.03971	0.00234	0.00173	0.00054	0.00141	0.02039	0.00196	0.00264
8	0.20244	0.01878	0.01734	0.24813	0.06282	0.10314	0.05939	0.02519	0.02090	0.09180	0.02866	0.04160	0.03145	0.01368	0.01657	0.00060	0.01266	0.00166	0.00112	0.00208
9	0.00406	0.03647	0.48139	0.03251	0.06204	0.02656	0.07454	0.00547	0.00385	0.12303	0.01393	0.08856	0.01702	0.00211	0.00181	0.00056	0.02086	0.00179	0.00104	0.00241

[dist]
# distance from previous block
# <min> <max>
4	146

[block]
# block no. 4 follows, 182 sequences, length 21
# corresponding to MSA columns:
# 426-446
name=unknown_E
#
# <colnr> <probs for GDERKNQSTAVLIFYWHMCP>
#	G	D	E	R	K	N	Q	S	T	A	V	L	I	F	Y	W	H	M	C	P
0	0.00296	0.00243	0.04841	0.00240	0.00306	0.00202	0.00676	0.01965	0.04160	0.02400	0.06872	0.06394	0.21394	0.12822	0.02466	0.12641	0.00137	0.02138	0.05013	0.14796
1	0.04187	0.08305	0.07280	0.06079	0.08231	0.07355	0.07435	0.08776	0.03254	0.05408	0.02718	0.02720	0.02352	0.02160	0.01760	0.08127	0.02017	0.08126	0.00114	0.03595
2	0.00468	0.12819	0.34318	0.00464	0.06757	0.01574	0.07272	0.04928	0.08151	0.16610	0.02298	0.01615	0.00332	0.00187	0.00170	0.00053	0.01459	0.00154	0.00116	0.00256
3	0.00228	0.00169	0.00215	0.01106	0.00263	0.00161	0.00164	0.00274	0.01251	0.00489	0.19311	0.44110	0.18052	0.04064	0.04471	0.02938	0.01416	0.01017	0.00157	0.00146
4	0.02503	0.00320	0.00377	0.00312	0.00422	0.00324	0.00249	0.07228	0.32442	0.35808	0.11334	0.00660	0.00579	0.00231	0.00173	0.00054	0.00137	0.00191	0.01711	0.04947
5	0.01403	0.20109	0.21809	0.04098	0.06009	0.04960	0.11069	0.06611	0.03547	0.12136	0.00988	0.00424	0.00289	0.00225	0.04454	0.00061	0.01315	0.00145	0.00106	0.00243
6	0.00347	0.00913	0.07803	0.41013	0.12691	0.00367	0.02040	0.01226	0.06226	0.01051	0.00384	0.00532	0.01629	0.05537	0.07382	0.00079	0.05628	0.00765	0.00091	0.04295
7	0.00280	0.00212	0.00272	0.00270	0.00298	0.02909	0.01006	0.00339	0.04906	0.00420	0.02993	0.02479	0.00583	0.23367	0.37676	0.07458	0.01643	0.12632	0.00111	0.00145
8	0.00304	0.00339	0.14277	0.00988	0.01138	0.00264	0.00256	0.02877	0.20361	0.02394	0.04409	0.05060	0.42775	0.01515	0.00954	0.00061	0.00134	0.00996	0.00699	0.00198
9	0.05554	0.08466	0.08520	0.13834	0.14009	0.05910	0.09602	0.01304	0.01920	0.19441	0.03827	0.01653	0.02041	0.00198	0.00181	0.01318	0.01704	0.00164	0.00118	0.00235
10	0.00523	0.06743	0.30028	0.03516	0.02538	0.00357	0.02282	0.08209	0.01003	0.33060	0.01747	0.01649	0.02411	0.00709	0.02076	0.01831	0.00198	0.00727	0.00138	0.00256
11	0.00264	0.00185	0.00248	0.00252	0.00274	0.00193	0.01397	0.00303	0.00303	0.01591	0.02872	0.04778	0.00692	0.41803	0.23510	0.00166	0.01010	0.19906	0.00119	0.00136
12	0.00338	0.04323	0.01626	0.05372	0.03126	0.03831	0.00280	0.01540	0.05247	0.01026	0.00484	0.12160	0.02976	0.17177	0.07510	0.01212	0.29970	0.01523	0.00104	0.00174
13	0.00429	0.12368	0.34300	0.06232	0.13740	0.03590	0.05716	0.01995	0.01494	0.10216	0.01738	0.01690	0.01604	0.00202	0.01339	0.01535	0.01322	0.00151	0.00098	0.00242
14	0.01532	0.72303	0.00776	0.00295	0.00431	0.01900	0.00282	0.01273	0.00376	0.11464	0.01881	0.01155	0.03575	0.00178	0.00131	0.00041	0.01088	0.00996	0.00098	0.00225
15	0.00333	0.00240	0.04357	0.00286	0.00341	0.00217	0.00236	0.01650	0.06035	0.10879	0.03333	0.15161	0.04025	0.11144	0.07390	0.00818	0.00170	0.30652	0.02557	0.00177
16	0.07042	0.26446	0.11424	0.08261	0.11903	0.05820	0.04418	0.05906	0.01826	0.10371	0.01156	0.02344	0.00295	0.00181	0.00157	0.00050	0.01368	0.00691	0.00105	0.00236
17	0.01909	0.01297	0.03013	0.11920	0.06746	0.02921	0.02969	0.07146	0.07692	0.43664	0.00565	0.01884	0.01626	0.00240	0.02574	0.00060	0.00182	0.02011	0.00161	0.01420
18	0.00213	0.00153	0.00201	0.00238	0.00250	0.00143	0.00160	0.00245	0.00335	0.00447	0.03622	0.85672	0.02841	0.03194	0.00239	0.00072	0.00102	0.01573	0.00160	0.00140
19	0.35705	0.01927	0.00422	0.03140	0.05695	0.42887	0.01091	0.01909	0.00399	0.00572	0.00271	0.01077	0.00225	0.00925	0.00158	0.00051	0.03136	0.00115	0.00096	0.00200
20	0.00269	0.00197	0.00224	0.00219	0.00265	0.02658	0.00163	0.00338	0.01534	0.03851	0.42160	0.11138	0.24419	0.01774	0.00208	0.00058	0.00098	0.03192	0.07072	0.00162

[dist]
# distance from previous block
# <min> <max>
1	3

[block]
# block no. 5 follows, 182 sequences, length 30
# corresponding to MSA columns:
# 450,456,457,461-468,476-494
name=unknown_F
#
# <colnr> <probs for GDERKNQSTAVLIFYWHMCP>
#	G	D	E	R	K	N	Q	S	T	A	V	L	I	F	Y	W	H	M	C	P
0	0.01544	0.00300	0.00361	0.00271	0.00406	0.01209	0.00217	0.01255	0.00401	0.25186	0.03767	0.02059	0.01428	0.01527	0.00161	0.00038	0.01015	0.00142	0.00137	0.58576
1	0.00479	0.45014	0.07910	0.00348	0.00484	0.09005	0.00323	0.10967	0.20362	0.00565	0.00379	0.00407	0.00308	0.00198	0.01486	0.00049	0.00196	0.01170	0.00110	0.00240
2	0.00301	0.00267	0.04430	0.04997	0.04030	0.00857	0.02237	0.03269	0.01832	0.03287	0.17426	0.09923	0.21372	0.03453	0.08787	0.00664	0.08833	0.02781	0.01077	0.00177
3	0.00342	0.00557	0.40702	0.03664	0.00565	0.04546	0.02211	0.01692	0.02432	0.02173	0.02773	0.08379	0.03155	0.02176	0.13846	0.00093	0.09454	0.00931	0.00098	0.00212
4	0.00382	0.00308	0.00359	0.00268	0.00409	0.00250	0.00213	0.01384	0.09362	0.04999	0.02114	0.02767	0.00339	0.00158	0.00139	0.00032	0.00129	0.00129	0.00119	0.76140
5	0.00355	0.00339	0.01633	0.60204	0.18578	0.02118	0.00456	0.00470	0.02771	0.01145	0.02665	0.02465	0.00308	0.00191	0.00187	0.00596	0.02661	0.00816	0.00088	0.01955
6	0.00610	0.00265	0.00353	0.00284	0.00390	0.00237	0.00229	0.02430	0.02584	0.62205	0.27549	0.00791	0.00778	0.00255	0.00182	0.00054	0.00128	0.00214	0.00205	0.00255
7	0.00462	0.00384	0.00408	0.00357	0.00459	0.00439	0.00281	0.16269	0.74008	0.00779	0.01743	0.00642	0.00511	0.00237	0.00177	0.00058	0.00146	0.02191	0.00175	0.00273
8	0.10678	0.16306	0.40498	0.01371	0.03415	0.02077	0.06283	0.01260	0.01359	0.05026	0.00337	0.03385	0.00269	0.00199	0.01517	0.00056	0.04789	0.00141	0.00801	0.00233
9	0.00367	0.00357	0.01358	0.01127	0.00413	0.08902	0.00307	0.03918	0.02988	0.00448	0.01722	0.01071	0.00345	0.06124	0.26302	0.00132	0.43680	0.00169	0.00092	0.00182
10	0.01327	0.00178	0.00201	0.00204	0.00254	0.00158	0.00156	0.00280	0.00410	0.00524	0.21580	0.06730	0.56689	0.00426	0.00208	0.00060	0.00095	0.10202	0.00166	0.00151
11	0.03949	0.21768	0.06565	0.00861	0.02841	0.03675	0.02731	0.02019	0.03176	0.07836	0.00899	0.01000	0.02338	0.00169	0.00152	0.00040	0.02764	0.00856	0.00107	0.36255
12	0.03272	0.17763	0.45402	0.01692	0.02044	0.01255	0.10447	0.01738	0.01534	0.04970	0.03103	0.01852	0.02625	0.00182	0.00164	0.00052	0.00922	0.00149	0.00093	0.00744
13	0.00249	0.00204	0.00274	0.00271	0.00329	0.00187	0.06323	0.00314	0.00398	0.00497	0.03100	0.01691	0.47644	0.00432	0.00218	0.00067	0.00130	0.37359	0.00156	0.00157
14	0.01462	0.00204	0.00877	0.01530	0.01884	0.00182	0.03434	0.00315	0.00406	0.04661	0.18578	0.09443	0.53009	0.00396	0.00210	0.00814	0.01330	0.00941	0.00160	0.00162
15	0.04276	0.10910	0.30764	0.05745	0.02492	0.07476	0.05531	0.07846	0.02107	0.19284	0.00404	0.01160	0.00884	0.00182	0.00162	0.00052	0.00215	0.00145	0.00116	0.00250
16	0.00286	0.00191	0.00256	0.00260	0.00296	0.00181	0.02886	0.00333	0.00356	0.07158	0.03829	0.23178	0.11230	0.22107	0.01393	0.00094	0.00142	0.24663	0.01009	0.00153
17	0.00232	0.00182	0.00202	0.00196	0.00250	0.00161	0.00148	0.00302	0.02947	0.01440	0.30441	0.01489	0.57159	0.00399	0.00202	0.00057	0.00088	0.01710	0.02239	0.00157
18	0.05842	0.04738	0.29792	0.04165	0.15260	0.00427	0.22784	0.07499	0.02392	0.02497	0.01218	0.00429	0.01074	0.00168	0.00175	0.00054	0.00988	0.00156	0.00095	0.00247
19	0.02840	0.05462	0.05932	0.22557	0.19938	0.02378	0.07574	0.07179	0.10821	0.04170	0.03367	0.01220	0.04791	0.00199	0.00173	0.00054	0.00198	0.00798	0.00112	0.00234
20	0.00213	0.00155	0.00201	0.00236	0.00253	0.00144	0.00162	0.00247	0.00343	0.00451	0.02500	0.78162	0.11706	0.00524	0.00219	0.00069	0.00101	0.04013	0.00161	0.00142
21	0.01994	0.00269	0.09865	0.01008	0.00849	0.00202	0.04592	0.00328	0.01572	0.00532	0.19900	0.13602	0.41297	0.00382	0.00200	0.00059	0.00120	0.02909	0.00152	0.00168
22	0.01036	0.31074	0.28110	0.02774	0.08774	0.02258	0.03472	0.06035	0.02428	0.11371	0.00348	0.00383	0.00263	0.00175	0.00758	0.00050	0.00211	0.00130	0.00100	0.00249
23	0.01902	0.00992	0.01522	0.12000	0.46358	0.15977	0.04275	0.06179	0.01664	0.03175	0.00364	0.02186	0.01460	0.00187	0.00982	0.00054	0.00224	0.00158	0.00098	0.00245
24	0.70371	0.06956	0.03744	0.00949	0.07838	0.02546	0.02847	0.00518	0.00318	0.01369	0.00257	0.00306	0.00203	0.00161	0.00124	0.00052	0.01034	0.00105	0.00101	0.00201
25	0.00296	0.00250	0.00333	0.00326	0.03217	0.02064	0.00241	0.01155	0.00310	0.01096	0.05355	0.11354	0.06247	0.13465	0.27934	0.00143	0.24529	0.00747	0.00777	0.00162
26	0.07485	0.00298	0.00387	0.00302	0.00431	0.00270	0.00248	0.00813	0.04493	0.80810	0.02209	0.00580	0.00435	0.00213	0.00170	0.00054	0.00144	0.00171	0.00204	0.00283
27	0.00247	0.00185	0.00278	0.00278	0.00308	0.00216	0.00216	0.00308	0.00278	0.00401	0.00463	0.00679	0.00432	0.01295	0.93245	0.00278	0.00463	0.00185	0.00093	0.00154
28	0.00396	0.00461	0.27073	0.01393	0.08057	0.00305	0.06732	0.02649	0.02102	0.13571	0.20810	0.00699	0.04924	0.02584	0.00197	0.00055	0.00670	0.00197	0.00132	0.06993
29	0.09394	0.00354	0.01053	0.01217	0.02898	0.01023	0.00768	0.22010	0.15007	0.31833	0.08634	0.00592	0.01796	0.00223	0.00173	0.00054	0.00978	0.00178	0.01002	0.00810

[dist]
# distance from previous block
# <min> <max>
2	10

[block]
# block no. 6 follows, 182 sequences, length 9
# corresponding to MSA columns:
# 511-519
name=unknown_G
#
# <colnr> <probs for GDERKNQSTAVLIFYWHMCP>
#	G	D	E	R	K	N	Q	S	T	A	V	L	I	F	Y	W	H	M	C	P
0	0.05944	0.48941	0.00710	0.00348	0.00475	0.06384	0.02146	0.22224	0.02349	0.00600	0.00294	0.00332	0.00244	0.00179	0.00170	0.00046	0.08159	0.00118	0.00103	0.00234
1	0.00254	0.00179	0.00232	0.00219	0.00262	0.00165	0.00164	0.00331	0.00473	0.03027	0.78964	0.03717	0.08263	0.00384	0.02548	0.00061	0.00094	0.00314	0.00185	0.00164
2	0.00268	0.00213	0.00270	0.00275	0.00306	0.05062	0.00210	0.00321	0.00308	0.00419	0.02019	0.10956	0.02018	0.05332	0.59901	0.02681	0.00352	0.07190	0.01748	0.00151
3	0.00248	0.00170	0.00209	0.00211	0.00218	0.00177	0.00132	0.00263	0.00262	0.00355	0.00550	0.06333	0.00614	0.68294	0.21077	0.00186	0.00228	0.00250	0.00105	0.00118
4	0.00509	0.29454	0.05553	0.16435	0.03742	0.01667	0.01511	0.19195	0.00470	0.13987	0.01512	0.00430	0.01385	0.00185	0.00162	0.00049	0.02128	0.00141	0.01245	0.00242
5	0.00278	0.00207	0.00249	0.00232	0.00287	0.00198	0.00175	0.00405	0.12369	0.03176	0.59516	0.03239	0.16164	0.00347	0.00198	0.00055	0.00093	0.00301	0.00181	0.02329
6	0.02531	0.09553	0.10917	0.23727	0.05536	0.06398	0.06423	0.11712	0.04210	0.08005	0.01876	0.02121	0.00307	0.00185	0.00169	0.00052	0.01179	0.00154	0.00110	0.04836
7	0.01992	0.01902	0.03123	0.06901	0.30164	0.01409	0.04661	0.28016	0.08265	0.07496	0.00416	0.01743	0.00318	0.00190	0.00177	0.00053	0.01512	0.00163	0.01232	0.00266
8	0.00294	0.10070	0.00292	0.00226	0.00255	0.00236	0.00159	0.01977	0.00299	0.02507	0.03900	0.03649	0.00618	0.56648	0.10088	0.02746	0.00193	0.05597	0.00111	0.00135

[dist]
# distance from previous block
# <min> <max>
2	13

[block]
# block no. 7 follows, 182 sequences, length 7
# corresponding to MSA columns:
# 541-547
name=unknown_H
#
# <colnr> <probs for GDERKNQSTAVLIFYWHMCP>
#	G	D	E	R	K	N	Q	S	T	A	V	L	I	F	Y	W	H	M	C	P
0	0.00247	0.00184	0.00274	0.00273	0.00305	0.00212	0.00212	0.00310	0.00293	0.00423	0.07307	0.00724	0.00521	0.01226	0.86346	0.00261	0.00434	0.00195	0.00100	0.00155
1	0.67599	0.00330	0.00283	0.00245	0.00353	0.02553	0.00199	0.00540	0.02469	0.10361	0.00332	0.02967	0.00260	0.00177	0.00122	0.00051	0.00137	0.00118	0.02565	0.08340
2	0.00394	0.01645	0.12603	0.09074	0.36390	0.00367	0.05025	0.05000	0.03789	0.03812	0.10693	0.04813	0.02082	0.00212	0.00184	0.00054	0.01831	0.00191	0.01601	0.00239
3	0.00221	0.00154	0.00201	0.00238	0.00250	0.00145	0.00161	0.00255	0.00332	0.00451	0.00914	0.81342	0.01079	0.04033	0.00241	0.00073	0.00104	0.04357	0.05309	0.00141
4	0.00601	0.00463	0.02794	0.00432	0.03457	0.02324	0.08178	0.63307	0.03010	0.07947	0.05391	0.00482	0.00375	0.00208	0.00177	0.00053	0.00193	0.00169	0.00163	0.00278
5	0.24382	0.01914	0.00433	0.09842	0.06552	0.11604	0.01935	0.00488	0.00345	0.00561	0.02177	0.00377	0.00259	0.00188	0.00219	0.00051	0.17894	0.00126	0.01965	0.18687
6	0.00356	0.00382	0.06498	0.17901	0.13524	0.02607	0.24852	0.00452	0.01809	0.00489	0.02182	0.03512	0.08886	0.00256	0.00260	0.10481	0.05060	0.00198	0.00095	0.00200

[dist]
# distance from previous block
# <min> <max>
13	38

[block]
# block no. 8 follows, 182 sequences, length 13
# corresponding to MSA columns:
# 595-607
name=unknown_I
#
# <colnr> <probs for GDERKNQSTAVLIFYWHMCP>
#	G	D	E	R	K	N	Q	S	T	A	V	L	I	F	Y	W	H	M	C	P
0	0.11647	0.12374	0.15668	0.08081	0.09412	0.02769	0.04303	0.01789	0.04288	0.07089	0.03422	0.02233	0.01648	0.05820	0.04251	0.00070	0.02360	0.01468	0.01091	0.00217
1	0.00428	0.00409	0.00686	0.01026	0.88396	0.00411	0.00518	0.00549	0.04837	0.00572	0.00343	0.00438	0.00286	0.00158	0.00171	0.00052	0.00202	0.00156	0.00090	0.00274
2	0.00388	0.07492	0.12378	0.40133	0.20985	0.02008	0.05496	0.02509	0.01533	0.01823	0.00318	0.00425	0.00247	0.00171	0.00181	0.00055	0.03398	0.00149	0.00084	0.00227
3	0.01562	0.33782	0.01626	0.00411	0.05573	0.32436	0.00329	0.10000	0.00441	0.01553	0.00293	0.01570	0.00253	0.00214	0.02796	0.00052	0.06674	0.00122	0.00094	0.00220
4	0.01630	0.00350	0.06909	0.01231	0.05537	0.00265	0.01936	0.03557	0.00382	0.05685	0.02191	0.04445	0.00337	0.02213	0.00160	0.00038	0.00147	0.00139	0.00112	0.62736
5	0.02712	0.00289	0.01851	0.13846	0.06661	0.03579	0.03581	0.03789	0.05473	0.09643	0.02834	0.22890	0.04882	0.03102	0.02877	0.00071	0.00171	0.10324	0.01229	0.00196
6	0.00462	0.94034	0.00905	0.00296	0.00443	0.00683	0.00296	0.00517	0.00351	0.00406	0.00240	0.00277	0.00222	0.00148	0.00111	0.00037	0.00185	0.00092	0.00074	0.00222
7	0.00251	0.00167	0.00188	0.00188	0.00188	0.00167	0.00105	0.00251	0.00251	0.00335	0.00544	0.01130	0.00628	0.93930	0.00879	0.00167	0.00167	0.00251	0.00105	0.00105
8	0.00516	0.00247	0.00323	0.00268	0.00359	0.00224	0.00214	0.02331	0.03963	0.45465	0.40486	0.00918	0.03375	0.00281	0.00188	0.00054	0.00118	0.00239	0.00200	0.00233
9	0.00214	0.00153	0.00204	0.00242	0.00254	0.00143	0.00164	0.00247	0.00338	0.00451	0.03763	0.88078	0.01153	0.00533	0.00221	0.00070	0.00101	0.03369	0.00161	0.00142
10	0.00296	0.00150	0.00224	0.00226	0.00226	0.00150	0.00150	0.00226	0.00229	0.00306	0.00327	0.04424	0.00335	0.00598	0.00656	0.91008	0.00148	0.00164	0.00079	0.00078
11	0.00418	0.00397	0.00673	0.01012	0.87743	0.00397	0.00507	0.00515	0.00385	0.00552	0.00337	0.00466	0.00293	0.05324	0.00210	0.00058	0.00203	0.00159	0.00087	0.00264
12	0.05603	0.00346	0.00417	0.01383	0.07722	0.04385	0.01320	0.11781	0.08316	0.32937	0.00565	0.01617	0.00443	0.01908	0.00191	0.00057	0.01456	0.10820	0.01456	0.07275

[dist]
# distance from previous block
# <min> <max>
7	28

[block]
# block no. 9 follows, 182 sequences, length 6
# corresponding to MSA columns:
# 639-641,643,650,651
name=unknown_J
#
# <colnr> <probs for GDERKNQSTAVLIFYWHMCP>
#	G	D	E	R	K	N	Q	S	T	A	V	L	I	F	Y	W	H	M	C	P
0	0.00292	0.00154	0.00225	0.00225	0.00227	0.00156	0.00150	0.00233	0.00231	0.00310	0.00335	0.00596	0.00342	0.09894	0.07023	0.79108	0.00173	0.00162	0.00079	0.00083
1	0.00438	0.39055	0.12102	0.01831	0.02752	0.06163	0.02676	0.03766	0.03653	0.02763	0.02787	0.00390	0.01581	0.00167	0.00144	0.00042	0.01495	0.00123	0.00096	0.17975
2	0.00610	0.00432	0.00468	0.00370	0.00496	0.00474	0.00302	0.63740	0.16992	0.08881	0.00496	0.00482	0.00354	0.00212	0.00171	0.00053	0.00172	0.00164	0.04849	0.00284
3	0.00358	0.02915	0.00373	0.00289	0.03835	0.00257	0.00219	0.03232	0.03901	0.00578	0.04591	0.04037	0.04117	0.00174	0.00142	0.00033	0.00130	0.00144	0.00114	0.70560
4	0.00278	0.00158	0.00219	0.00219	0.00229	0.00157	0.00148	0.00248	0.00270	0.00366	0.07747	0.03791	0.06586	0.11831	0.06452	0.58352	0.00159	0.00203	0.02487	0.00099
5	0.83871	0.00333	0.00265	0.00234	0.00339	0.00384	0.00192	0.06145	0.00330	0.00787	0.00270	0.00310	0.00208	0.00166	0.00112	0.00053	0.00134	0.00101	0.05576	0.00192

[dist]
# distance from previous block
# <min> <max>
0	3

[block]
# block no. 10 follows, 182 sequences, length 18
# corresponding to MSA columns:
# 655-672
name=unknown_K
#
# <colnr> <probs for GDERKNQSTAVLIFYWHMCP>
#	G	D	E	R	K	N	Q	S	T	A	V	L	I	F	Y	W	H	M	C	P
0	0.00422	0.06967	0.13368	0.07549	0.25479	0.04972	0.03473	0.03165	0.02123	0.06968	0.01816	0.02121	0.00345	0.05132	0.00212	0.01055	0.01265	0.02719	0.00103	0.10746
1	0.91891	0.00329	0.00251	0.00225	0.00331	0.00379	0.00185	0.00499	0.00297	0.00764	0.00292	0.00328	0.03365	0.00170	0.00110	0.00054	0.00132	0.00103	0.00109	0.00186
2	0.00314	0.00286	0.00473	0.78372	0.01038	0.00353	0.00429	0.00416	0.00332	0.00430	0.00338	0.00528	0.00277	0.06965	0.08691	0.00085	0.00247	0.00163	0.00080	0.00182
3	0.00358	0.00307	0.00358	0.00256	0.00409	0.00230	0.00205	0.00435	0.00358	0.00563	0.00307	0.00358	0.00256	0.00128	0.00128	0.00026	0.00128	0.00102	0.00102	0.94986
4	0.90166	0.00342	0.00268	0.00236	0.00345	0.00395	0.00195	0.05347	0.00321	0.00792	0.00250	0.00288	0.00193	0.00163	0.00110	0.00053	0.00137	0.00097	0.00110	0.00193
5	0.00300	0.00150	0.00225	0.00225	0.00225	0.00150	0.00150	0.00225	0.00225	0.00300	0.00300	0.00525	0.00300	0.00600	0.00675	0.94974	0.00150	0.00150	0.00075	0.00075
6	0.00378	0.00378	0.00529	0.00453	0.00453	0.00529	0.00378	0.00416	0.00265	0.00416	0.00227	0.00378	0.00227	0.00302	0.00567	0.00076	0.93613	0.00151	0.00076	0.00189
7	0.00225	0.00179	0.00189	0.00193	0.00245	0.00156	0.00142	0.00281	0.03082	0.02167	0.01542	0.16205	0.71409	0.00438	0.00203	0.00060	0.00092	0.00371	0.02671	0.00152
8	0.00346	0.00893	0.93035	0.00492	0.00748	0.00401	0.00638	0.00547	0.00365	0.00547	0.00310	0.00365	0.00219	0.00164	0.00164	0.00055	0.00255	0.00128	0.00073	0.00255
9	0.00329	0.04837	0.00198	0.00168	0.00213	0.00187	0.00129	0.00408	0.00362	0.00632	0.00547	0.00626	0.00432	0.00199	0.00120	0.00040	0.00086	0.00158	0.90166	0.00164
10	0.00622	0.00450	0.00488	0.00382	0.00512	0.00496	0.00313	0.73141	0.12455	0.05876	0.03168	0.00479	0.00370	0.00215	0.00174	0.00053	0.00178	0.00166	0.00176	0.00287
11	0.00665	0.00276	0.00368	0.00291	0.00407	0.00244	0.00237	0.02125	0.02564	0.71980	0.15214	0.00719	0.02468	0.00240	0.00178	0.00054	0.00135	0.00199	0.01367	0.00268
12	0.00271	0.00196	0.00268	0.00304	0.00345	0.00193	0.00263	0.00346	0.00396	0.00511	0.00987	0.03911	0.08867	0.00475	0.00235	0.00078	0.00152	0.81887	0.00159	0.00158
13	0.08370	0.00418	0.00414	0.00337	0.00451	0.11757	0.00271	0.32898	0.06725	0.23193	0.06686	0.00576	0.05302	0.00225	0.00169	0.00052	0.00172	0.00174	0.01556	0.00254
14	0.05737	0.02918	0.10077	0.09655	0.05755	0.01914	0.02075	0.09723	0.10242	0.03081	0.01554	0.08778	0.01966	0.04902	0.01760	0.00611	0.02929	0.10061	0.06051	0.00210
15	0.00441	0.06642	0.10112	0.05926	0.41915	0.05367	0.03930	0.04380	0.08438	0.04130	0.01934	0.00456	0.00316	0.00871	0.00844	0.00055	0.02481	0.00155	0.01354	0.00252
16	0.00297	0.00252	0.02657	0.00319	0.01726	0.00269	0.03788	0.04022	0.03180	0.01208	0.03187	0.12359	0.06235	0.04203	0.38383	0.00155	0.11370	0.01574	0.04646	0.00173
17	0.00224	0.00158	0.00203	0.00234	0.00244	0.00151	0.00154	0.00256	0.01670	0.00429	0.00863	0.72863	0.01020	0.15876	0.01666	0.01130	0.00118	0.01410	0.01196	0.00136

[dist]
# distance from previous block
# <min> <max>
0	5

[block]
# block no. 11 follows, 182 sequences, length 28
# corresponding to MSA columns:
# 687-714
name=unknown_L
#
# <colnr> <probs for GDERKNQSTAVLIFYWHMCP>
#	G	D	E	R	K	N	Q	S	T	A	V	L	I	F	Y	W	H	M	C	P
0	0.76299	0.03649	0.01132	0.00310	0.08203	0.02323	0.00229	0.01466	0.00317	0.00730	0.00253	0.00299	0.00200	0.00159	0.00115	0.00051	0.00147	0.00100	0.00104	0.03914
1	0.00439	0.25506	0.27686	0.01646	0.03820	0.08032	0.04446	0.02854	0.04054	0.06602	0.01242	0.01945	0.00294	0.00995	0.03713	0.00057	0.00978	0.00138	0.00097	0.05454
2	0.04070	0.00421	0.05635	0.05295	0.01236	0.03763	0.09838	0.13346	0.24622	0.10515	0.01903	0.00517	0.00892	0.00229	0.01256	0.00060	0.12608	0.00800	0.00137	0.02857
3	0.00234	0.00170	0.00196	0.00204	0.00226	0.00161	0.00136	0.00259	0.00318	0.00408	0.02702	0.14715	0.26245	0.43943	0.02805	0.00118	0.00141	0.06759	0.00133	0.00127
4	0.00462	0.94034	0.00905	0.00296	0.00443	0.00683	0.00296	0.00517	0.00351	0.00406	0.00240	0.00277	0.00222	0.00148	0.00111	0.00037	0.00185	0.00092	0.00074	0.00222
5	0.00206	0.00174	0.00177	0.00178	0.00235	0.00146	0.00133	0.00250	0.00394	0.00472	0.04358	0.04807	0.87004	0.00439	0.00205	0.00059	0.00088	0.00367	0.00161	0.00146
6	0.00378	0.00378	0.00529	0.00453	0.00453	0.00529	0.00378	0.00416	0.00265	0.00416	0.00227	0.00378	0.00227	0.00302	0.00567	0.00076	0.93613	0.00151	0.00076	0.00189
7	0.60060	0.00307	0.00279	0.00248	0.00346	0.00337	0.00200	0.04274	0.02987	0.12962	0.03058	0.09883	0.01617	0.00222	0.00137	0.00055	0.00132	0.00890	0.01805	0.00201
8	0.95150	0.00334	0.00254	0.00227	0.00334	0.00387	0.00187	0.00508	0.00294	0.00775	0.00241	0.00281	0.00187	0.00160	0.00107	0.00053	0.00134	0.00094	0.00107	0.00187
9	0.91931	0.00333	0.00259	0.00230	0.00338	0.00383	0.00189	0.00519	0.00301	0.03919	0.00256	0.00291	0.00195	0.00162	0.00109	0.00053	0.00134	0.00096	0.00111	0.00191
10	0.01718	0.00330	0.05481	0.03965	0.02496	0.01870	0.07897	0.14991	0.01706	0.10403	0.14517	0.07726	0.08566	0.04036	0.00685	0.00063	0.00586	0.09960	0.01224	0.01781
11	0.00458	0.90861	0.04043	0.00302	0.00454	0.00674	0.00307	0.00518	0.00351	0.00411	0.00243	0.00280	0.00222	0.00148	0.00113	0.00038	0.00187	0.00094	0.00074	0.00223
12	0.00247	0.00204	0.00243	0.00269	0.00282	0.04969	0.00188	0.00279	0.00333	0.00438	0.00855	0.81069	0.01017	0.00502	0.00247	0.00069	0.08048	0.00443	0.00149	0.00148
13	0.00302	0.00270	0.02778	0.07824	0.05802	0.00248	0.12353	0.01581	0.03291	0.03860	0.10683	0.07497	0.34813	0.00335	0.00199	0.00059	0.00147	0.06485	0.01287	0.00185
14	0.08306	0.00182	0.00194	0.00192	0.00201	0.00186	0.00112	0.00273	0.00255	0.00372	0.00518	0.01058	0.00591	0.85971	0.00814	0.00158	0.00165	0.00238	0.00105	0.00112
15	0.00349	0.00296	0.00347	0.00253	0.00397	0.00225	0.00201	0.00426	0.00369	0.00574	0.08154	0.00437	0.00372	0.00147	0.00134	0.00028	0.00124	0.00120	0.00110	0.86937
16	0.00378	0.00378	0.00529	0.00453	0.00453	0.00529	0.00378	0.00416	0.00265	0.00416	0.00227	0.00378	0.00227	0.00302	0.00567	0.00076	0.93613	0.00151	0.00076	0.00189
17	0.00378	0.00378	0.00529	0.00453	0.00453	0.00529	0.00378	0.00416	0.00265	0.00416	0.00227	0.00378	0.00227	0.00302	0.00567	0.00076	0.93613	0.00151	0.00076	0.00189
18	0.00349	0.09816	0.72669	0.00441	0.00663	0.00408	0.00548	0.00533	0.03926	0.00533	0.00441	0.00477	0.08087	0.00188	0.00163	0.00053	0.00230	0.00147	0.00084	0.00243
19	0.00617	0.03294	0.00471	0.00412	0.00500	0.78234	0.00312	0.02393	0.00481	0.03243	0.00307	0.00349	0.00249	0.00181	0.00152	0.00044	0.00281	0.00118	0.08159	0.00202
20	0.00346	0.00893	0.93035	0.00492	0.00748	0.00401	0.00638	0.00547	0.00365	0.00547	0.00310	0.00365	0.00219	0.00164	0.00164	0.00055	0.00255	0.00128	0.00073	0.00255
21	0.00240	0.00188	0.00215	0.05454	0.01463	0.00168	0.00167	0.00290	0.00391	0.03940	0.03652	0.09359	0.70127	0.00416	0.00202	0.00059	0.00102	0.02184	0.01230	0.00156
22	0.00752	0.00292	0.00394	0.00305	0.00434	0.00256	0.00251	0.02719	0.00495	0.87262	0.00678	0.02344	0.00439	0.00220	0.00173	0.00053	0.00146	0.00179	0.02321	0.00288
23	0.00390	0.00441	0.00948	0.00681	0.00846	0.00412	0.84408	0.00527	0.00407	0.00546	0.00468	0.00567	0.08115	0.00170	0.00204	0.00058	0.00274	0.00217	0.00094	0.00226
24	0.01887	0.00444	0.00481	0.00377	0.00507	0.02431	0.00310	0.65876	0.07993	0.14879	0.00485	0.00493	0.00347	0.00216	0.00174	0.00053	0.00180	0.02405	0.00176	0.00285
25	0.00349	0.01239	0.63827	0.08782	0.02714	0.00374	0.01855	0.01411	0.03527	0.01437	0.03317	0.00469	0.02219	0.01087	0.00175	0.00055	0.00912	0.00149	0.05862	0.00238
26	0.11060	0.00271	0.00319	0.00260	0.00362	0.00261	0.00211	0.06769	0.01493	0.47357	0.00579	0.00560	0.00398	0.00204	0.00150	0.00049	0.00128	0.00160	0.29167	0.00241
27	0.01541	0.00255	0.00344	0.04486	0.02751	0.00246	0.00782	0.02962	0.00412	0.42529	0.03257	0.08551	0.03808	0.12108	0.08273	0.00089	0.02445	0.00730	0.04209	0.00221

[dist]
# distance from previous block
# <min> <max>
3	31

[block]
# block no. 12 follows, 182 sequences, length 13
# corresponding to MSA columns:
# 746-758
name=unknown_M
#
# <colnr> <probs for GDERKNQSTAVLIFYWHMCP>
#	G	D	E	R	K	N	Q	S	T	A	V	L	I	F	Y	W	H	M	C	P
0	0.00285	0.00195	0.00241	0.00237	0.00257	0.01290	0.00163	0.03404	0.00298	0.01258	0.01716	0.10667	0.01487	0.39103	0.12737	0.16453	0.01881	0.04988	0.00111	0.03228
1	0.00503	0.00241	0.00315	0.00262	0.00349	0.00217	0.00208	0.03861	0.00497	0.42807	0.42493	0.00925	0.02908	0.00281	0.00186	0.00053	0.00115	0.00240	0.03311	0.00227
2	0.01483	0.05116	0.00557	0.29308	0.14135	0.32805	0.02500	0.02853	0.01545	0.03618	0.00309	0.00395	0.00245	0.00178	0.00181	0.00052	0.04275	0.00137	0.00091	0.00216
3	0.00274	0.00216	0.00293	0.03445	0.00343	0.01204	0.00223	0.01721	0.05832	0.00447	0.04821	0.03052	0.04526	0.07704	0.59816	0.00207	0.03973	0.01630	0.00109	0.00163
4	0.00294	0.00152	0.00220	0.00220	0.00220	0.00152	0.00144	0.00228	0.00228	0.00305	0.00332	0.00603	0.00342	0.12637	0.00701	0.82747	0.00152	0.00163	0.00079	0.00079
5	0.00250	0.00183	0.00243	0.00271	0.00305	0.00177	0.00216	0.00320	0.02225	0.00515	0.12077	0.30317	0.08297	0.00474	0.00225	0.00071	0.00125	0.43390	0.00164	0.00155
6	0.00378	0.00378	0.00529	0.00453	0.00453	0.00529	0.00378	0.00416	0.00265	0.00416	0.00227	0.00378	0.00227	0.00302	0.00567	0.00076	0.93613	0.00151	0.00076	0.00189
7	0.04765	0.00536	0.00420	0.00368	0.00462	0.38826	0.00286	0.12418	0.15139	0.09361	0.07050	0.00538	0.02078	0.00219	0.00173	0.00051	0.01913	0.01771	0.03398	0.00226
8	0.63125	0.04246	0.08174	0.04644	0.00437	0.06254	0.00262	0.00546	0.00333	0.08487	0.00288	0.00326	0.00216	0.00169	0.00132	0.00053	0.01884	0.00108	0.00109	0.00204
9	0.00290	0.00210	0.00280	0.00280	0.00296	0.00234	0.00211	0.00319	0.00305	0.02700	0.00613	0.11152	0.00673	0.31279	0.05483	0.06862	0.15187	0.23366	0.00120	0.00141
10	0.00225	0.00165	0.00209	0.00220	0.00249	0.00151	0.00156	0.00277	0.00402	0.00545	0.38683	0.40497	0.13958	0.03162	0.00230	0.00065	0.00093	0.00393	0.00171	0.00149
11	0.00404	0.01885	0.03629	0.10232	0.02500	0.13419	0.09399	0.02215	0.26304	0.01334	0.01728	0.04650	0.07491	0.00265	0.00197	0.00059	0.02984	0.10955	0.00131	0.00217
12	0.00266	0.00194	0.00236	0.01702	0.00291	0.00182	0.00179	0.01493	0.04011	0.03713	0.36759	0.07658	0.28374	0.03606	0.00229	0.00063	0.00104	0.10604	0.00171	0.00165

[dist]
# distance from previous block
# <min> <max>
1	6

[block]
# block no. 13 follows, 182 sequences, length 18
# corresponding to MSA columns:
# 766,767,794-809
name=unknown_N
#
# <colnr> <probs for GDERKNQSTAVLIFYWHMCP>
#	G	D	E	R	K	N	Q	S	T	A	V	L	I	F	Y	W	H	M	C	P
0	0.55669	0.05767	0.03719	0.03474	0.06348	0.10506	0.02559	0.03124	0.01562	0.02384	0.00281	0.00332	0.00221	0.00194	0.02447	0.00057	0.00934	0.00113	0.00103	0.00205
1	0.00388	0.05526	0.56577	0.00505	0.06861	0.02707	0.08825	0.01671	0.03923	0.03971	0.02050	0.02176	0.00298	0.00178	0.00166	0.00053	0.00231	0.00150	0.03495	0.00247
2	0.00428	0.00410	0.00701	0.01060	0.92852	0.00410	0.00530	0.00530	0.00393	0.00564	0.00325	0.00428	0.00274	0.00154	0.00171	0.00051	0.00205	0.00154	0.00086	0.00274
3	0.00278	0.00199	0.00278	0.00318	0.00358	0.00199	0.00278	0.00358	0.00398	0.00517	0.00915	0.01948	0.00994	0.00477	0.00239	0.00080	0.00159	0.91690	0.00159	0.00159
4	0.07079	0.00462	0.00493	0.00380	0.00516	0.00508	0.00314	0.80495	0.00758	0.06646	0.00419	0.00416	0.00295	0.00205	0.00168	0.00052	0.00184	0.00152	0.00171	0.00287
5	0.00439	0.00414	0.00692	0.01027	0.88217	0.00417	0.00520	0.05136	0.00414	0.00591	0.00329	0.00427	0.00275	0.00157	0.00171	0.00051	0.00204	0.00154	0.00090	0.00275
6	0.00657	0.00484	0.00518	0.00397	0.00536	0.00536	0.00328	0.92276	0.00812	0.01089	0.00415	0.00415	0.00294	0.00207	0.00173	0.00052	0.00190	0.00156	0.00173	0.00294
7	0.00244	0.00184	0.00243	0.02595	0.03488	0.00181	0.00190	0.02957	0.04657	0.00481	0.01949	0.77365	0.03828	0.00489	0.00213	0.00068	0.00111	0.00442	0.00157	0.00157
8	0.76499	0.03021	0.00338	0.00342	0.11739	0.04627	0.00239	0.00519	0.00317	0.00723	0.00252	0.00300	0.00200	0.00160	0.00117	0.00052	0.00152	0.00102	0.00103	0.00199
9	0.00639	0.00799	0.00487	0.00441	0.00531	0.87675	0.00332	0.03353	0.03348	0.00451	0.00285	0.00325	0.00234	0.00181	0.00157	0.00045	0.00303	0.00115	0.00094	0.00205
10	0.03227	0.00210	0.00227	0.00216	0.00243	0.01865	0.00142	0.04625	0.03003	0.02612	0.08136	0.02591	0.09269	0.59337	0.03486	0.00133	0.00162	0.00253	0.00125	0.00138
