[name]
unknown

[dist]
# distance from previous block
# <min> <max>
0	58

[block]
# block no. 0 follows, 222 sequences, length 16
# corresponding to MSA columns:
# 64-76,78-80
name=unknown_A
#
# <colnr> <probs for GDERKNQSTAVLIFYWHMCP>
#	G	D	E	R	K	N	Q	S	T	A	V	L	I	F	Y	W	H	M	C	P
0	0.00201	0.00143	0.00171	0.00179	0.00201	0.00133	0.00122	0.01386	0.00296	0.01879	0.13146	0.32611	0.20989	0.25381	0.00324	0.00076	0.00097	0.02425	0.00126	0.00117
1	0.00237	0.00154	0.00193	0.00196	0.00232	0.00139	0.00143	0.00276	0.00316	0.09816	0.11211	0.37018	0.20042	0.07485	0.00215	0.00059	0.00093	0.07945	0.00135	0.04096
2	0.69332	0.00261	0.00232	0.00204	0.00290	0.00288	0.00167	0.01788	0.00289	0.15065	0.04756	0.03590	0.00292	0.00167	0.00109	0.00046	0.00112	0.02736	0.00110	0.00168
3	0.00279	0.00279	0.05843	0.21062	0.25468	0.00278	0.04896	0.00375	0.04657	0.00407	0.02211	0.00472	0.00302	0.04503	0.28227	0.00105	0.00240	0.00145	0.00077	0.00173
4	0.00363	0.00354	0.00579	0.00867	0.90831	0.03559	0.00437	0.00447	0.00331	0.00467	0.00270	0.00354	0.00227	0.00129	0.00142	0.00043	0.00174	0.00127	0.00071	0.00226
5	0.00324	0.00204	0.03966	0.02211	0.03377	0.00172	0.00185	0.01220	0.00367	0.24760	0.29376	0.16097	0.13962	0.00283	0.00162	0.00048	0.00099	0.01253	0.01767	0.00167
6	0.90567	0.00277	0.00227	0.00201	0.00289	0.00320	0.02334	0.00419	0.00247	0.00632	0.00209	0.00249	0.00164	0.00165	0.03197	0.00051	0.00124	0.00083	0.00088	0.00156
7	0.00248	0.00180	0.00244	0.00268	0.00303	0.00187	0.00232	0.02947	0.02621	0.00451	0.01993	0.01484	0.00778	0.00375	0.00203	0.00064	0.03363	0.81431	0.02489	0.00139
8	0.00385	0.00314	0.00335	0.00293	0.00378	0.00357	0.00231	0.14514	0.72826	0.02717	0.00580	0.00561	0.03018	0.00202	0.00148	0.00048	0.00120	0.02600	0.00146	0.00226
9	0.00343	0.00316	0.00529	0.27136	0.00651	0.00368	0.24288	0.04185	0.06783	0.06279	0.00292	0.00381	0.00228	0.00176	0.00246	0.00052	0.27341	0.00142	0.00082	0.00182
10	0.00236	0.00169	0.01517	0.00193	0.01396	0.00148	0.00145	0.00297	0.03126	0.08612	0.35637	0.11482	0.33607	0.01722	0.00177	0.00050	0.00083	0.01116	0.00145	0.00143
11	0.00213	0.00157	0.01600	0.00186	0.00202	0.00151	0.01268	0.00240	0.01810	0.00349	0.13778	0.07051	0.02718	0.54173	0.09304	0.03366	0.00149	0.03076	0.00102	0.00107
12	0.07093	0.18529	0.00976	0.16833	0.01198	0.07689	0.05435	0.01905	0.15590	0.07520	0.02152	0.04136	0.01935	0.00200	0.01464	0.00048	0.00159	0.06858	0.00101	0.00182
13	0.01425	0.24369	0.39414	0.00343	0.05261	0.03577	0.00355	0.02562	0.02518	0.03328	0.04883	0.01984	0.05450	0.02500	0.00144	0.00044	0.00170	0.00128	0.00081	0.01464
14	0.00371	0.31419	0.12833	0.00987	0.04533	0.10877	0.02872	0.03103	0.02860	0.08054	0.11131	0.06554	0.02709	0.00184	0.00134	0.00041	0.00911	0.00146	0.00096	0.00185
15	0.57269	0.19611	0.01509	0.01684	0.00339	0.09117	0.01329	0.03153	0.00285	0.00544	0.00215	0.00254	0.00175	0.00162	0.02679	0.00047	0.01295	0.00086	0.00082	0.00166

[dist]
# distance from previous block
# <min> <max>
0	11

[block]
# block no. 1 follows, 222 sequences, length 26
# corresponding to MSA columns:
# 92-113,128-131
name=unknown_B
#
# <colnr> <probs for GDERKNQSTAVLIFYWHMCP>
#	G	D	E	R	K	N	Q	S	T	A	V	L	I	F	Y	W	H	M	C	P
0	0.00350	0.00246	0.00313	0.06272	0.01962	0.01839	0.02096	0.16476	0.02286	0.12920	0.21232	0.09735	0.03867	0.03437	0.00719	0.00053	0.08826	0.05240	0.01956	0.00174
1	0.00236	0.03648	0.13750	0.00996	0.00298	0.00195	0.00728	0.01272	0.05331	0.02624	0.39006	0.03488	0.27319	0.00279	0.00161	0.00046	0.00100	0.00238	0.00132	0.00153
2	0.01154	0.00259	0.00321	0.00235	0.00358	0.00206	0.02468	0.02206	0.00334	0.21755	0.01148	0.00352	0.00256	0.00127	0.00118	0.00028	0.00114	0.00103	0.00108	0.68349
3	0.00225	0.00150	0.00192	0.00180	0.00217	0.00138	0.00135	0.00290	0.00394	0.04549	0.76372	0.02806	0.06468	0.00288	0.00164	0.00045	0.00071	0.00252	0.06925	0.00139
4	0.00365	0.00313	0.00329	0.00295	0.00377	0.00362	0.00230	0.03795	0.90734	0.00613	0.00579	0.00532	0.00434	0.00195	0.00147	0.00049	0.00116	0.00162	0.00147	0.00229
5	0.00201	0.00147	0.00184	0.00179	0.00214	0.00133	0.00133	0.00259	0.00379	0.01794	0.64567	0.09986	0.19127	0.00323	0.00172	0.00048	0.00072	0.01797	0.00151	0.00133
6	0.00182	0.00140	0.00167	0.00173	0.00205	0.00125	0.00125	0.00225	0.00337	0.00440	0.29219	0.29564	0.37839	0.00370	0.00174	0.00051	0.00075	0.00323	0.00141	0.00125
7	0.00318	0.09953	0.49251	0.05630	0.10651	0.00359	0.09625	0.02364	0.00312	0.01859	0.00273	0.01910	0.00213	0.00167	0.02364	0.00050	0.04308	0.00122	0.00069	0.00202
8	0.00340	0.00198	0.00245	0.00222	0.00281	0.00192	0.00172	0.00456	0.16483	0.24097	0.28405	0.12075	0.06628	0.01041	0.01272	0.00051	0.00099	0.04124	0.03442	0.00176
9	0.16449	0.11189	0.20162	0.01323	0.01827	0.00314	0.02887	0.05912	0.02969	0.02206	0.00722	0.02373	0.00930	0.00139	0.00118	0.00036	0.00144	0.00107	0.00086	0.30109
10	0.02014	0.08833	0.02138	0.00264	0.02615	0.07787	0.01955	0.01794	0.01890	0.08145	0.01886	0.01035	0.00249	0.00129	0.00119	0.00029	0.01069	0.00101	0.00092	0.57857
11	0.00347	0.00330	0.00266	0.00258	0.00305	0.30238	0.00200	0.02112	0.01920	0.02067	0.07029	0.07817	0.03597	0.00250	0.00157	0.01172	0.01692	0.18442	0.21652	0.00148
12	0.00264	0.01523	0.01105	0.20814	0.02867	0.01846	0.14311	0.00355	0.04722	0.01287	0.28371	0.01103	0.08698	0.04766	0.03719	0.00058	0.01989	0.00789	0.00107	0.01304
13	0.00213	0.00150	0.00188	0.00177	0.00215	0.00136	0.00133	0.00276	0.00394	0.03072	0.75649	0.01093	0.14827	0.00299	0.00168	0.00046	0.00070	0.00261	0.02497	0.00137
14	0.00313	0.00218	0.00256	0.00233	0.00292	0.00226	0.00180	0.04474	0.29650	0.10531	0.35213	0.07895	0.04617	0.00262	0.00160	0.00048	0.00096	0.03375	0.01780	0.00179
15	0.26164	0.03268	0.00538	0.02234	0.00521	0.00332	0.39600	0.06130	0.00343	0.17392	0.00316	0.00359	0.00227	0.00145	0.00146	0.01682	0.00175	0.00134	0.00100	0.00193
16	0.00230	0.00186	0.00256	0.02601	0.06869	0.00182	0.03568	0.00293	0.01825	0.02813	0.39061	0.06456	0.27313	0.00769	0.01462	0.00051	0.05536	0.00252	0.00132	0.00145
17	0.00302	0.00281	0.00463	0.29050	0.47849	0.00299	0.00371	0.00391	0.01704	0.00452	0.12436	0.00511	0.04941	0.00167	0.00148	0.00045	0.00159	0.00155	0.00085	0.00191
18	0.17244	0.04327	0.02853	0.00275	0.00977	0.05024	0.00222	0.07882	0.43816	0.04618	0.04802	0.04409	0.00402	0.00210	0.02280	0.00050	0.00132	0.00150	0.00126	0.00201
19	0.00295	0.02746	0.06199	0.01886	0.08365	0.03549	0.02201	0.02800	0.02715	0.07981	0.12773	0.07979	0.03421	0.00494	0.30209	0.00104	0.00214	0.00178	0.00104	0.05787
20	0.03519	0.11239	0.42651	0.02263	0.01323	0.02104	0.01007	0.04022	0.01867	0.14192	0.08924	0.00458	0.05482	0.00171	0.00137	0.00044	0.00165	0.00135	0.00097	0.00200
21	0.00361	0.03820	0.10977	0.11997	0.26874	0.07496	0.04420	0.06422	0.16353	0.02314	0.05185	0.00430	0.01194	0.00161	0.00146	0.00045	0.00875	0.00632	0.00094	0.00205
22	0.02557	0.58113	0.01240	0.01492	0.00382	0.05461	0.00248	0.01340	0.21696	0.00413	0.00295	0.00318	0.00247	0.01089	0.00132	0.00039	0.04562	0.00103	0.00084	0.00191
23	0.62289	0.02445	0.01862	0.00219	0.01189	0.01515	0.01019	0.02260	0.03040	0.02534	0.01131	0.01299	0.00755	0.00138	0.00101	0.00040	0.00117	0.00093	0.00093	0.17860
24	0.00236	0.00203	0.01559	0.12373	0.03821	0.02357	0.01699	0.00927	0.01047	0.00355	0.01003	0.00525	0.00332	0.01810	0.69978	0.00185	0.01224	0.00149	0.00077	0.00141
25	0.29479	0.05468	0.06024	0.04904	0.02562	0.13771	0.01671	0.12624	0.08381	0.03278	0.05368	0.00368	0.00286	0.01530	0.00135	0.00045	0.01115	0.00117	0.02691	0.00183

[dist]
# distance from previous block
# <min> <max>
12	51

[block]
# block no. 2 follows, 222 sequences, length 7
# corresponding to MSA columns:
# 197-203
name=unknown_C
#
# <colnr> <probs for GDERKNQSTAVLIFYWHMCP>
#	G	D	E	R	K	N	Q	S	T	A	V	L	I	F	Y	W	H	M	C	P
0	0.02308	0.03085	0.05278	0.01435	0.17352	0.22039	0.00291	0.12815	0.14230	0.04525	0.03554	0.03179	0.02857	0.00175	0.00146	0.00043	0.02040	0.00138	0.00104	0.04406
1	0.00337	0.03552	0.06788	0.05804	0.51256	0.02485	0.02171	0.01871	0.03747	0.03617	0.07444	0.05066	0.02526	0.02521	0.00161	0.00047	0.00159	0.00157	0.00089	0.00202
2	0.00408	0.00288	0.03856	0.00282	0.03947	0.00236	0.03224	0.04112	0.03835	0.25783	0.00357	0.00367	0.00261	0.00138	0.00133	0.00033	0.02409	0.00112	0.00113	0.50105
3	0.00307	0.06579	0.11037	0.01548	0.12400	0.02983	0.08669	0.02088	0.02518	0.06193	0.02548	0.11694	0.08032	0.08958	0.01143	0.00058	0.01271	0.08896	0.00101	0.02977
4	0.01562	0.04494	0.04767	0.18438	0.09984	0.04398	0.04827	0.03355	0.11272	0.16303	0.03901	0.05946	0.04326	0.01906	0.00166	0.00048	0.02599	0.01408	0.00109	0.00191
5	0.52114	0.11073	0.06504	0.01788	0.10559	0.02890	0.01901	0.02852	0.00289	0.04683	0.00239	0.00279	0.00187	0.00139	0.00115	0.00043	0.02390	0.00095	0.01682	0.00178
6	0.01918	0.08918	0.00419	0.01541	0.03002	0.03354	0.07882	0.01690	0.03251	0.11269	0.08909	0.01523	0.05522	0.01993	0.09502	0.00070	0.28814	0.00156	0.00097	0.00171

[dist]
# distance from previous block
# <min> <max>
5	43

[block]
# block no. 3 follows, 222 sequences, length 10
# corresponding to MSA columns:
# 258-267
name=unknown_D
#
# <colnr> <probs for GDERKNQSTAVLIFYWHMCP>
#	G	D	E	R	K	N	Q	S	T	A	V	L	I	F	Y	W	H	M	C	P
0	0.05800	0.05580	0.25330	0.04025	0.13085	0.05739	0.08023	0.04289	0.08598	0.07297	0.02322	0.00389	0.00269	0.00151	0.00137	0.00043	0.00173	0.01959	0.00091	0.06701
1	0.03287	0.00255	0.00348	0.00364	0.20328	0.00227	0.00234	0.01751	0.00342	0.24382	0.06062	0.05938	0.01586	0.00186	0.01958	0.00041	0.00126	0.00145	0.01817	0.30621
2	0.25861	0.01950	0.01317	0.08271	0.27143	0.02335	0.01225	0.00403	0.02205	0.04044	0.07257	0.04313	0.00361	0.07419	0.01304	0.00054	0.00942	0.01304	0.02117	0.00174
3	0.00337	0.02651	0.05014	0.40684	0.06197	0.03291	0.01835	0.02605	0.01489	0.10443	0.00321	0.01360	0.00250	0.00204	0.05465	0.00054	0.01192	0.01447	0.03180	0.11982
4	0.10315	0.07764	0.05447	0.01829	0.09669	0.00309	0.00252	0.01095	0.02797	0.01370	0.06159	0.02118	0.06536	0.09681	0.05141	0.00069	0.22527	0.06673	0.00090	0.00159
5	0.00192	0.00146	0.00194	0.00204	0.00230	0.00137	0.02461	0.00242	0.02447	0.00428	0.21691	0.50376	0.14747	0.00398	0.01730	0.00057	0.00090	0.03965	0.00137	0.00127
6	0.00321	0.00240	0.01497	0.16898	0.15138	0.01518	0.02505	0.02811	0.01484	0.11397	0.12066	0.02461	0.01866	0.06252	0.00227	0.06614	0.01554	0.13893	0.01094	0.00165
7	0.00289	0.00746	0.94186	0.00411	0.00624	0.00335	0.00533	0.00457	0.00304	0.00457	0.00259	0.00304	0.00183	0.00137	0.00137	0.00046	0.00213	0.00107	0.00061	0.00213
8	0.00231	0.00171	0.00192	0.00185	0.00210	0.01314	0.00127	0.05227	0.03780	0.00397	0.11999	0.06614	0.15452	0.44584	0.03491	0.00097	0.01269	0.02568	0.01973	0.00119
9	0.03984	0.03514	0.01649	0.60742	0.04191	0.00331	0.10755	0.01821	0.02997	0.03097	0.02259	0.00391	0.00232	0.00147	0.00149	0.00047	0.01977	0.00133	0.00075	0.01508

[dist]
# distance from previous block
# <min> <max>
6	19

[block]
# block no. 4 follows, 222 sequences, length 6
# corresponding to MSA columns:
# 294,295,297-300
name=unknown_E
#
# <colnr> <probs for GDERKNQSTAVLIFYWHMCP>
#	G	D	E	R	K	N	Q	S	T	A	V	L	I	F	Y	W	H	M	C	P
0	0.72582	0.00350	0.13752	0.00232	0.00341	0.00324	0.00219	0.04544	0.00282	0.05931	0.00236	0.00264	0.00175	0.00139	0.00102	0.00045	0.00129	0.00088	0.00093	0.00173
1	0.15327	0.13645	0.05020	0.00436	0.16040	0.03513	0.17997	0.10739	0.05938	0.07854	0.01975	0.00353	0.00250	0.00144	0.00133	0.00043	0.00168	0.00125	0.00095	0.00203
2	0.00323	0.04597	0.37575	0.01845	0.03465	0.02877	0.06856	0.05543	0.07450	0.04628	0.07536	0.02744	0.06810	0.00182	0.00144	0.00045	0.00167	0.01919	0.00096	0.05198
3	0.00192	0.00151	0.00182	0.00184	0.00212	0.00145	0.00133	0.00231	0.00321	0.00423	0.25457	0.25137	0.33465	0.07214	0.00233	0.00058	0.05703	0.00302	0.00133	0.00124
4	0.06110	0.09671	0.06701	0.02425	0.10119	0.04009	0.02396	0.11149	0.22033	0.08580	0.02004	0.04295	0.01924	0.00173	0.00135	0.00043	0.00143	0.00141	0.00112	0.07836
5	0.02219	0.00175	0.00222	0.00199	0.00254	0.00158	0.00154	0.00370	0.00374	0.23354	0.41864	0.07022	0.11608	0.03637	0.00181	0.00050	0.00090	0.03448	0.02055	0.02566

[dist]
# distance from previous block
# <min> <max>
0	1

[block]
# block no. 5 follows, 222 sequences, length 19
# corresponding to MSA columns:
# 302-320
name=unknown_F
#
# <colnr> <probs for GDERKNQSTAVLIFYWHMCP>
#	G	D	E	R	K	N	Q	S	T	A	V	L	I	F	Y	W	H	M	C	P
0	0.08153	0.38149	0.19396	0.02321	0.02926	0.04863	0.02345	0.11314	0.05622	0.03286	0.00268	0.00296	0.00211	0.00140	0.00118	0.00039	0.00168	0.00101	0.00083	0.00200
1	0.00930	0.01299	0.01393	0.00234	0.00865	0.01085	0.01925	0.03675	0.05122	0.04673	0.31874	0.11945	0.16733	0.04211	0.00838	0.00055	0.11038	0.01828	0.00131	0.00149
2	0.00214	0.00145	0.00166	0.00167	0.00171	0.00146	0.00098	0.02298	0.00226	0.00302	0.00477	0.08294	0.00547	0.82639	0.03425	0.00134	0.00143	0.00222	0.00092	0.00094
3	0.03389	0.02515	0.25601	0.03545	0.09209	0.06271	0.06024	0.09512	0.02978	0.15535	0.07306	0.01199	0.02456	0.02589	0.01201	0.00049	0.00171	0.00142	0.00104	0.00202
4	0.02386	0.08525	0.14769	0.00348	0.05542	0.02791	0.12233	0.04614	0.02235	0.20332	0.11006	0.00458	0.01479	0.00163	0.00139	0.00041	0.00153	0.00140	0.01106	0.11542
5	0.59647	0.12028	0.00297	0.00215	0.01142	0.04637	0.00177	0.03233	0.01019	0.02504	0.09913	0.00379	0.04007	0.00161	0.00107	0.00043	0.00120	0.00110	0.00098	0.00163
6	0.01363	0.10970	0.31724	0.02476	0.08714	0.04040	0.28605	0.03119	0.02236	0.04207	0.01042	0.00345	0.00221	0.00136	0.00143	0.00044	0.00204	0.00129	0.00076	0.00204
7	0.00263	0.00216	0.00993	0.06853	0.20450	0.01215	0.01353	0.00973	0.01373	0.02485	0.05250	0.10247	0.04872	0.16439	0.12257	0.00089	0.00170	0.13648	0.00703	0.00151
8	0.00207	0.00151	0.00186	0.00177	0.00216	0.00138	0.00133	0.00274	0.02220	0.01923	0.68057	0.03806	0.19842	0.00308	0.00169	0.00046	0.00071	0.00268	0.01670	0.00136
9	0.00389	0.86670	0.00732	0.00276	0.03625	0.03947	0.00256	0.00436	0.00297	0.00344	0.00204	0.00238	0.00187	0.00127	0.00102	0.00032	0.01812	0.00080	0.00062	0.00185
10	0.00234	0.00160	0.00199	0.00185	0.00228	0.00148	0.00140	0.00311	0.04171	0.06403	0.69282	0.01055	0.14730	0.00292	0.00166	0.00046	0.00074	0.00254	0.01781	0.00144
11	0.00333	0.00255	0.00312	0.03169	0.00359	0.00269	0.06105	0.08269	0.35349	0.07961	0.12998	0.02671	0.16310	0.00232	0.00153	0.00047	0.00113	0.00199	0.04706	0.00190
12	0.69896	0.00279	0.00251	0.00212	0.00308	0.00306	0.00175	0.05720	0.00306	0.20960	0.00289	0.00296	0.00205	0.00146	0.00104	0.00045	0.00117	0.00096	0.00112	0.00181
13	0.00267	0.01938	0.00784	0.03422	0.04059	0.00236	0.02854	0.01466	0.29161	0.01039	0.27068	0.04325	0.19068	0.00275	0.01824	0.00634	0.00107	0.00222	0.01082	0.00170
14	0.00460	0.00363	0.00380	0.00313	0.00412	0.02388	0.00251	0.46147	0.44808	0.02203	0.00461	0.00438	0.00338	0.00183	0.00145	0.00046	0.00139	0.00145	0.00144	0.00235
15	0.00321	0.00305	0.00505	0.03717	0.69645	0.00304	0.02964	0.00407	0.02235	0.00459	0.01977	0.01951	0.13135	0.00173	0.00149	0.00045	0.00156	0.01262	0.00084	0.00206
16	0.92204	0.00281	0.00219	0.00194	0.00284	0.00324	0.00160	0.02275	0.00257	0.02473	0.00211	0.00241	0.00162	0.00135	0.00091	0.00045	0.00113	0.00080	0.00092	0.00160
17	0.00337	0.00324	0.00540	0.13868	0.67869	0.00349	0.00417	0.00417	0.00308	0.00439	0.00261	0.00359	0.00221	0.00161	0.01669	0.00049	0.12005	0.00129	0.00069	0.00208
18	0.95951	0.00279	0.00212	0.00190	0.00279	0.00323	0.00156	0.00424	0.00245	0.00647	0.00201	0.00234	0.00156	0.00134	0.00089	0.00045	0.00112	0.00078	0.00089	0.00156

[dist]
# distance from previous block
# <min> <max>
2	11

[block]
# block no. 6 follows, 222 sequences, length 10
# corresponding to MSA columns:
# 333-342
name=unknown_G
#
# <colnr> <probs for GDERKNQSTAVLIFYWHMCP>
#	G	D	E	R	K	N	Q	S	T	A	V	L	I	F	Y	W	H	M	C	P
0	0.95951	0.00279	0.00212	0.00190	0.00279	0.00323	0.00156	0.00424	0.00245	0.00647	0.00201	0.00234	0.00156	0.00134	0.00089	0.00045	0.00112	0.00078	0.00089	0.00156
1	0.07224	0.00244	0.00270	0.00235	0.00302	0.05548	0.01315	0.03466	0.12984	0.10354	0.40278	0.01671	0.00767	0.00243	0.01908	0.00047	0.01442	0.02311	0.00137	0.09254
2	0.02034	0.00190	0.00243	0.00227	0.00278	0.00186	0.05224	0.00345	0.13992	0.00503	0.33678	0.01120	0.24644	0.00304	0.00170	0.00051	0.00098	0.16425	0.00140	0.00149
3	0.00376	0.00337	0.00537	0.03626	0.70271	0.00350	0.00400	0.09516	0.02519	0.03243	0.02043	0.00376	0.00257	0.00146	0.00162	0.00044	0.05356	0.00132	0.00084	0.00223
4	0.00279	0.00263	0.00445	0.86965	0.08561	0.00322	0.00404	0.00374	0.00292	0.00377	0.00257	0.00382	0.00195	0.00143	0.00144	0.00048	0.00190	0.00128	0.00065	0.00166
5	0.00281	0.04882	0.00307	0.00261	0.00270	0.03050	0.00200	0.00270	0.00216	0.00299	0.00259	0.02488	0.00264	0.07308	0.04185	0.42946	0.32203	0.00136	0.00067	0.00110
6	0.51077	0.00414	0.00312	0.02463	0.02412	0.30376	0.00224	0.00463	0.00298	0.00511	0.00209	0.00257	0.00172	0.00151	0.00145	0.00044	0.10139	0.00090	0.00081	0.00161
7	0.00254	0.00197	0.00266	0.00233	0.00271	0.00200	0.09550	0.00341	0.14253	0.02542	0.12287	0.00868	0.06558	0.47616	0.00453	0.00094	0.01505	0.02267	0.00109	0.00133
8	0.12786	0.00321	0.00438	0.18315	0.21927	0.01967	0.04580	0.17549	0.04474	0.11702	0.00335	0.00380	0.01459	0.00156	0.00148	0.00045	0.02981	0.00129	0.00102	0.00205
9	0.24845	0.00275	0.00349	0.23364	0.15231	0.00308	0.00277	0.07508	0.09352	0.01992	0.02050	0.05229	0.03662	0.00183	0.00135	0.00047	0.00141	0.03651	0.01223	0.00179

[dist]
# distance from previous block
# <min> <max>
7	10

[block]
# block no. 7 follows, 222 sequences, length 9
# corresponding to MSA columns:
# 353-361
name=unknown_H
#
# <colnr> <probs for GDERKNQSTAVLIFYWHMCP>
#	G	D	E	R	K	N	Q	S	T	A	V	L	I	F	Y	W	H	M	C	P
0	0.12791	0.00288	0.00324	0.04908	0.06307	0.04628	0.00230	0.23184	0.01543	0.01993	0.04467	0.00532	0.01381	0.06205	0.09398	0.02671	0.03651	0.06955	0.01500	0.07043
1	0.02666	0.00285	0.03564	0.05666	0.02379	0.01589	0.01991	0.00331	0.00248	0.01961	0.00346	0.15304	0.02164	0.07216	0.00378	0.00064	0.53435	0.00180	0.00081	0.00151
2	0.00301	0.00305	0.00461	0.79190	0.00926	0.08805	0.07224	0.00394	0.00303	0.00374	0.00256	0.00374	0.00194	0.00143	0.00145	0.00047	0.00202	0.00128	0.00066	0.00163
3	0.00339	0.00277	0.02833	0.15108	0.14589	0.00293	0.02822	0.09474	0.01465	0.10052	0.10839	0.00594	0.07275	0.05027	0.02220	0.00057	0.13797	0.02655	0.00105	0.00180
4	0.01623	0.00245	0.00308	0.00245	0.00331	0.01470	0.05666	0.07192	0.01937	0.04350	0.20919	0.03543	0.10174	0.00205	0.00159	0.00038	0.05468	0.00171	0.00115	0.35841
5	0.83558	0.00274	0.00228	0.00198	0.00290	0.00309	0.00163	0.00460	0.00267	0.12803	0.00249	0.00268	0.00182	0.00140	0.00096	0.00045	0.00113	0.00087	0.00101	0.00168
6	0.04040	0.00371	0.00375	0.00298	0.00398	0.06112	0.00243	0.63933	0.05775	0.04023	0.00371	0.00377	0.00269	0.00171	0.00136	0.00042	0.00147	0.00129	0.12569	0.00222
7	0.00213	0.00173	0.00190	0.00188	0.00235	0.00165	0.00142	0.03172	0.12420	0.00450	0.10311	0.16162	0.51063	0.00346	0.00170	0.00051	0.00085	0.04188	0.00138	0.00140
8	0.83112	0.00287	0.00258	0.00219	0.00313	0.00324	0.04894	0.03352	0.00272	0.05560	0.00229	0.00259	0.00173	0.00137	0.00098	0.00045	0.00120	0.00088	0.00095	0.00166

[dist]
# distance from previous block
# <min> <max>
0	5

[block]
# block no. 8 follows, 222 sequences, length 32
# corresponding to MSA columns:
# 367-370,372-399
name=unknown_I
#
# <colnr> <probs for GDERKNQSTAVLIFYWHMCP>
#	G	D	E	R	K	N	Q	S	T	A	V	L	I	F	Y	W	H	M	C	P
0	0.00379	0.00271	0.00435	0.01937	0.04023	0.00270	0.23343	0.13707	0.06854	0.13184	0.01993	0.00451	0.01407	0.01239	0.00287	0.29642	0.00160	0.00148	0.00102	0.00168
1	0.02838	0.17689	0.00925	0.02604	0.00381	0.05249	0.02310	0.03924	0.26079	0.02199	0.01437	0.00437	0.02746	0.03257	0.05731	0.01343	0.20436	0.00136	0.00097	0.00182
2	0.00304	0.00250	0.00292	0.00212	0.00334	0.00189	0.00169	0.00365	0.00302	0.03327	0.00311	0.00348	0.03729	0.00125	0.00118	0.01628	0.00106	0.00096	0.00090	0.87705
3	0.41237	0.03040	0.00336	0.00995	0.01499	0.06396	0.02530	0.17068	0.00374	0.21001	0.00315	0.00330	0.00227	0.00157	0.00130	0.00044	0.03283	0.00728	0.00115	0.00195
4	0.00301	0.00293	0.00442	0.65582	0.12971	0.05915	0.00382	0.00383	0.00293	0.00377	0.00257	0.00385	0.00206	0.00164	0.00182	0.02793	0.07591	0.01252	0.00066	0.00166
5	0.01752	0.00161	0.00199	0.00187	0.00226	0.00155	0.00141	0.00310	0.07367	0.00571	0.78553	0.01859	0.04645	0.00285	0.00165	0.00046	0.00072	0.00250	0.02913	0.00142
6	0.01030	0.00190	0.00259	0.08519	0.00313	0.00777	0.06142	0.03962	0.00271	0.04815	0.01973	0.02857	0.01350	0.51217	0.03027	0.04085	0.00153	0.07239	0.00096	0.01725
7	0.00325	0.00286	0.00426	0.00566	0.49121	0.02964	0.00307	0.02801	0.01403	0.00430	0.00291	0.01123	0.00261	0.06050	0.04945	0.13602	0.00165	0.00129	0.00077	0.14727
8	0.57552	0.00328	0.00293	0.02126	0.00354	0.07615	0.03683	0.06588	0.19184	0.00620	0.00294	0.00314	0.00225	0.00150	0.00112	0.00045	0.00133	0.00104	0.00102	0.00179
9	0.01830	0.00259	0.00399	0.04551	0.42094	0.00262	0.01255	0.03070	0.04878	0.00517	0.30179	0.02565	0.02623	0.00211	0.00155	0.00046	0.00130	0.04678	0.00110	0.00186
10	0.00379	0.00296	0.00454	0.18979	0.40620	0.02047	0.00342	0.00456	0.00330	0.16525	0.00330	0.03063	0.00261	0.00148	0.00142	0.00042	0.01038	0.00132	0.00092	0.14326
11	0.00245	0.00204	0.00333	0.19951	0.01979	0.00214	0.09976	0.00317	0.00314	0.00411	0.00602	0.15517	0.00640	0.01263	0.00187	0.00060	0.00150	0.47382	0.00111	0.00144
12	0.02384	0.00265	0.00342	0.00262	0.00374	0.00235	0.03040	0.07619	0.02887	0.50754	0.00456	0.01425	0.00320	0.00165	0.00139	0.00039	0.00993	0.02259	0.00143	0.25898
13	0.93199	0.00282	0.00218	0.00194	0.00284	0.00327	0.00160	0.03110	0.00258	0.00654	0.00205	0.00237	0.00159	0.00135	0.00091	0.00045	0.00113	0.00080	0.00091	0.00159
14	0.00320	0.00340	0.00613	0.22527	0.00683	0.02120	0.39941	0.00405	0.00291	0.00401	0.00249	0.00362	0.00202	0.00170	0.00261	0.00053	0.30677	0.00145	0.00068	0.00174
15	0.00256	0.01466	0.00271	0.02060	0.07640	0.01937	0.00231	0.00330	0.04763	0.02629	0.02028	0.16520	0.00705	0.00403	0.06660	0.01017	0.00968	0.49848	0.00122	0.00146
16	0.95951	0.00279	0.00212	0.00190	0.00279	0.00323	0.00156	0.00424	0.00245	0.00647	0.00201	0.00234	0.00156	0.00134	0.00089	0.00045	0.00112	0.00078	0.00089	0.00156
17	0.11811	0.06691	0.00336	0.00272	0.00334	0.20491	0.02568	0.02964	0.01199	0.09176	0.03835	0.00462	0.00325	0.05900	0.25901	0.00100	0.04352	0.01213	0.01911	0.00160
18	0.00324	0.10764	0.23754	0.03619	0.06500	0.03781	0.04706	0.00829	0.03728	0.02952	0.08868	0.00431	0.00332	0.01995	0.00990	0.00052	0.24257	0.01855	0.00081	0.00182
19	0.00326	0.00325	0.00506	0.30728	0.07744	0.05351	0.19342	0.02671	0.08798	0.00911	0.00764	0.02339	0.00259	0.00973	0.01015	0.00052	0.16086	0.01551	0.00080	0.00179
20	0.00259	0.00212	0.00314	0.37444	0.02003	0.00814	0.01750	0.01935	0.02565	0.02790	0.39992	0.00732	0.05043	0.00221	0.00157	0.00046	0.00663	0.00194	0.02711	0.00154
21	0.00356	0.00307	0.00330	0.00305	0.02599	0.00353	0.00231	0.01895	0.87823	0.00601	0.02034	0.01667	0.00453	0.00198	0.00147	0.00049	0.00115	0.00166	0.00145	0.00226
22	0.00276	0.02153	0.17689	0.00276	0.01838	0.00246	0.03312	0.05241	0.15318	0.01912	0.31590	0.00806	0.15059	0.00243	0.00160	0.00047	0.00942	0.02591	0.00127	0.00175
23	0.00294	0.00296	0.01137	0.06791	0.07785	0.00287	0.44454	0.02142	0.01239	0.01116	0.02073	0.12045	0.07639	0.03334	0.05138	0.00062	0.01587	0.01334	0.00667	0.00581
24	0.05552	0.00631	0.00402	0.00920	0.02632	0.79918	0.00275	0.05037	0.00934	0.00401	0.00232	0.00270	0.00191	0.00150	0.00133	0.00038	0.01313	0.00096	0.00703	0.00172
25	0.00233	0.00195	0.00283	0.00360	0.20259	0.00822	0.01008	0.01998	0.00302	0.00411	0.05113	0.57966	0.04859	0.00351	0.00188	0.00054	0.05019	0.00314	0.00117	0.00147
26	0.00318	0.03170	0.25301	0.21926	0.21755	0.00881	0.06906	0.01099	0.08491	0.02296	0.01958	0.02605	0.00273	0.01499	0.00153	0.00047	0.00181	0.00864	0.00080	0.00198
27	0.00188	0.00145	0.00171	0.00168	0.00206	0.00129	0.00125	0.00240	0.00366	0.00485	0.49040	0.06889	0.40660	0.00334	0.00171	0.00048	0.00071	0.00288	0.00147	0.00129
28	0.00224	0.00956	0.00706	0.00205	0.00241	0.00162	0.01490	0.00276	0.00336	0.04501	0.41540	0.12094	0.13763	0.02334	0.15613	0.01221	0.03818	0.00251	0.00131	0.00136
29	0.04344	0.07927	0.01240	0.31171	0.33560	0.00850	0.04210	0.06299	0.00333	0.04142	0.00287	0.01561	0.00232	0.00152	0.00613	0.00046	0.01410	0.01350	0.00079	0.00196
30	0.00213	0.00161	0.00188	0.00181	0.00222	0.00782	0.00136	0.00283	0.05171	0.02688	0.44500	0.05286	0.32595	0.03129	0.01498	0.00053	0.00084	0.02550	0.00145	0.00136
31	0.25305	0.53377	0.01756	0.03861	0.01795	0.01526	0.00230	0.01889	0.00293	0.01511	0.02569	0.00924	0.01830	0.00151	0.00732	0.00039	0.00144	0.01815	0.00077	0.00175

[dist]
# distance from previous block
# <min> <max>
0	37

[block]
# block no. 9 follows, 222 sequences, length 11
# corresponding to MSA columns:
# 437-447
name=unknown_J
#
# <colnr> <probs for GDERKNQSTAVLIFYWHMCP>
#	G	D	E	R	K	N	Q	S	T	A	V	L	I	F	Y	W	H	M	C	P
0	0.01474	0.01345	0.08461	0.00246	0.01891	0.00210	0.00208	0.04865	0.03725	0.24696	0.31067	0.03854	0.07846	0.00228	0.00151	0.00043	0.00109	0.00193	0.00141	0.09249
1	0.02304	0.15063	0.46216	0.06720	0.07207	0.06190	0.01656	0.00470	0.03768	0.05238	0.01695	0.00342	0.01344	0.00146	0.00135	0.00043	0.01072	0.00113	0.00075	0.00201
2	0.07555	0.03164	0.04849	0.31166	0.10388	0.26193	0.04509	0.02706	0.01885	0.01830	0.00263	0.01672	0.00211	0.00151	0.00145	0.00044	0.02898	0.00119	0.00076	0.00177
3	0.16947	0.19247	0.03396	0.03059	0.05056	0.31028	0.04980	0.05239	0.00346	0.00452	0.00237	0.00291	0.00197	0.00143	0.00128	0.00039	0.02544	0.01260	0.00078	0.05335
4	0.00204	0.00155	0.02667	0.00202	0.00225	0.00141	0.00147	0.00239	0.00282	0.02667	0.11277	0.45291	0.05319	0.14642	0.14524	0.00094	0.00141	0.01540	0.00120	0.00123
5	0.00198	0.00145	0.00176	0.00186	0.00217	0.00132	0.00134	0.00247	0.02586	0.02708	0.21636	0.39656	0.28269	0.00377	0.00175	0.00052	0.00080	0.02757	0.00141	0.00129
6	0.00211	0.00142	0.00191	0.00212	0.00233	0.00135	0.00156	0.00248	0.00302	0.03844	0.10258	0.52626	0.03004	0.03626	0.01803	0.02594	0.00102	0.20054	0.00133	0.00125
7	0.00189	0.00143	0.00174	0.00174	0.00208	0.00128	0.00128	0.00239	0.00360	0.00483	0.49089	0.17821	0.29651	0.00344	0.00173	0.00049	0.00072	0.00301	0.00147	0.00128
8	0.00353	0.00350	0.03537	0.10462	0.67462	0.01571	0.03035	0.04467	0.02530	0.00474	0.00281	0.00371	0.00232	0.01766	0.00162	0.00046	0.02481	0.00131	0.00075	0.00216
9	0.95951	0.00279	0.00212	0.00190	0.00279	0.00323	0.00156	0.00424	0.00245	0.00647	0.00201	0.00234	0.00156	0.00134	0.00089	0.00045	0.00112	0.00078	0.00089	0.00156
10	0.05128	0.00314	0.00355	0.00279	0.00382	0.04469	0.01983	0.31647	0.03554	0.39224	0.00442	0.00420	0.00301	0.00170	0.00137	0.00043	0.00137	0.00133	0.08822	0.02058

[dist]
# distance from previous block
# <min> <max>
0	1

[block]
# block no. 10 follows, 222 sequences, length 8
# corresponding to MSA columns:
# 449-456
name=unknown_K
#
# <colnr> <probs for GDERKNQSTAVLIFYWHMCP>
#	G	D	E	R	K	N	Q	S	T	A	V	L	I	F	Y	W	H	M	C	P
0	0.00204	0.00149	0.00182	0.00177	0.00214	0.00138	0.00133	0.00272	0.02563	0.00525	0.60528	0.06312	0.19149	0.00309	0.00166	0.00047	0.00072	0.02348	0.06379	0.00134
1	0.00311	0.00249	0.00301	0.00222	0.00339	0.00195	0.02305	0.02271	0.00320	0.05582	0.05055	0.02245	0.04673	0.00141	0.00119	0.00027	0.00108	0.00117	0.00098	0.75323
2	0.95951	0.00279	0.00212	0.00190	0.00279	0.00323	0.00156	0.00424	0.00245	0.00647	0.00201	0.00234	0.00156	0.00134	0.00089	0.00045	0.00112	0.00078	0.00089	0.00156
3	0.01647	0.00277	0.00332	0.02206	0.02703	0.01796	0.00213	0.11447	0.06946	0.27225	0.04270	0.00436	0.01625	0.01257	0.00150	0.00038	0.03367	0.00129	0.01253	0.32684
4	0.00355	0.03057	0.04137	0.12664	0.40873	0.04074	0.01645	0.03204	0.08136	0.05731	0.06031	0.00447	0.03064	0.00158	0.00142	0.00043	0.00158	0.00140	0.01192	0.04748
5	0.38114	0.03702	0.00410	0.03773	0.28869	0.15401	0.02594	0.03111	0.00314	0.00523	0.00234	0.00289	0.00190	0.00137	0.00124	0.00043	0.01804	0.00102	0.00080	0.00185
6	0.28569	0.00303	0.02971	0.31670	0.00573	0.00332	0.01899	0.17521	0.02730	0.09101	0.00300	0.00349	0.00218	0.00151	0.00127	0.00045	0.00152	0.00116	0.02688	0.00185
7	0.00333	0.08911	0.03285	0.01381	0.00336	0.03646	0.00211	0.00359	0.02643	0.01745	0.19528	0.25732	0.09227	0.03631	0.07346	0.07700	0.00160	0.01364	0.00145	0.02318

[dist]
# distance from previous block
# <min> <max>
0	83

# created by:
# /home/simao/soft/augustus-3.0.3/scripts/msa2prfl.pl ./align_prep/COG0087.fa
