[name]
unknown

[dist]
# distance from previous block
# <min> <max>
5	70

[block]
# block no. 0 follows, 184 sequences, length 8
# corresponding to MSA columns:
# 83-90
name=unknown_A
#
# <colnr> <probs for GDERKNQSTAVLIFYWHMCP>
#	G	D	E	R	K	N	Q	S	T	A	V	L	I	F	Y	W	H	M	C	P
0	0.00531	0.00568	0.00412	0.02801	0.00470	0.51519	0.00284	0.04147	0.08245	0.06710	0.00439	0.09175	0.00402	0.07863	0.00224	0.00059	0.00235	0.02648	0.00117	0.03151
1	0.13423	0.01759	0.00265	0.00231	0.00306	0.00222	0.00178	0.01631	0.02281	0.10600	0.17539	0.14240	0.21481	0.02994	0.00196	0.00057	0.00112	0.01467	0.00154	0.10864
2	0.00573	0.00270	0.00347	0.00283	0.00391	0.00243	0.00230	0.03428	0.05469	0.53386	0.08488	0.03794	0.06519	0.00257	0.00176	0.00053	0.00133	0.05253	0.03333	0.07375
3	0.00270	0.00190	0.00237	0.00251	0.00276	0.00190	0.00186	0.05240	0.00349	0.00459	0.00779	0.19351	0.04079	0.35308	0.00464	0.00107	0.00148	0.31835	0.00138	0.00141
4	0.03557	0.00331	0.01669	0.09784	0.05099	0.04334	0.12671	0.06934	0.03618	0.10965	0.11914	0.11921	0.04702	0.00257	0.00181	0.00054	0.00169	0.02613	0.00137	0.09091
5	0.02042	0.00189	0.00227	0.00240	0.00273	0.02166	0.00171	0.01635	0.00361	0.06454	0.06792	0.52602	0.12448	0.06155	0.03872	0.00079	0.00126	0.03858	0.00156	0.00154
6	0.02724	0.00319	0.00416	0.00363	0.06847	0.00303	0.00273	0.13481	0.04185	0.61231	0.03206	0.04937	0.00460	0.00225	0.00173	0.00054	0.00151	0.00186	0.00190	0.00276
7	0.07661	0.00395	0.00605	0.12843	0.61293	0.02205	0.00461	0.07037	0.00409	0.02950	0.00327	0.00416	0.00263	0.00160	0.00164	0.00051	0.00199	0.00146	0.00095	0.02321

[dist]
# distance from previous block
# <min> <max>
0	3

[block]
# block no. 1 follows, 184 sequences, length 14
# corresponding to MSA columns:
# 108-121
name=unknown_B
#
# <colnr> <probs for GDERKNQSTAVLIFYWHMCP>
#	G	D	E	R	K	N	Q	S	T	A	V	L	I	F	Y	W	H	M	C	P
0	0.01444	0.02794	0.03475	0.06996	0.26244	0.04930	0.08110	0.04433	0.07983	0.02775	0.02660	0.06518	0.05051	0.00257	0.00185	0.00058	0.00186	0.14386	0.01294	0.00221
1	0.00574	0.03264	0.05055	0.01602	0.06596	0.33366	0.01341	0.12643	0.01870	0.16543	0.00373	0.00394	0.00278	0.00177	0.00160	0.00045	0.01014	0.00131	0.00122	0.14451
2	0.00361	0.00305	0.00368	0.00296	0.04965	0.00242	0.00221	0.01864	0.00365	0.02029	0.00375	0.02374	0.03532	0.00153	0.00142	0.00030	0.01787	0.00124	0.00106	0.80361
3	0.00374	0.00329	0.02892	0.49655	0.09988	0.01656	0.04416	0.00474	0.00366	0.08619	0.01922	0.03857	0.02416	0.00209	0.00194	0.00057	0.04902	0.03101	0.01840	0.02735
4	0.00437	0.18620	0.23233	0.03351	0.10700	0.02459	0.14038	0.01311	0.01725	0.12584	0.01824	0.02334	0.03711	0.00191	0.00168	0.00052	0.00913	0.02005	0.00105	0.00237
5	0.00229	0.00172	0.00200	0.00210	0.00246	0.00156	0.00148	0.00281	0.02750	0.01881	0.12876	0.32213	0.36576	0.09754	0.00273	0.00072	0.00101	0.01556	0.00158	0.00146
6	0.03961	0.00289	0.00381	0.00298	0.00420	0.00258	0.00243	0.03996	0.00479	0.79649	0.00660	0.05184	0.00451	0.02676	0.00190	0.00057	0.00145	0.00186	0.00201	0.00275
7	0.04384	0.05976	0.32527	0.00485	0.04299	0.06054	0.18819	0.03294	0.06611	0.09863	0.01487	0.01984	0.00313	0.00181	0.00168	0.00053	0.00223	0.00938	0.02100	0.00241
8	0.01180	0.04320	0.23544	0.03918	0.12936	0.04048	0.07195	0.06912	0.02622	0.10796	0.01634	0.05116	0.08644	0.00241	0.00994	0.02589	0.00918	0.01337	0.00116	0.00940
9	0.00225	0.00171	0.00200	0.00210	0.00247	0.00156	0.00149	0.00275	0.02059	0.01689	0.11176	0.31538	0.39428	0.06760	0.04846	0.00079	0.00115	0.00374	0.00156	0.00146
10	0.03978	0.00258	0.00358	0.04088	0.09303	0.00245	0.02637	0.02275	0.01484	0.29713	0.22842	0.08813	0.10092	0.00299	0.01461	0.00058	0.00136	0.00246	0.01499	0.00217
11	0.10760	0.13905	0.23150	0.01736	0.09231	0.05527	0.05420	0.06501	0.03937	0.14977	0.01239	0.01212	0.00291	0.00176	0.00154	0.00050	0.00200	0.00140	0.00113	0.01279
12	0.03237	0.00421	0.09203	0.05335	0.16230	0.09104	0.03022	0.04784	0.04677	0.18527	0.03242	0.04310	0.01475	0.01242	0.03766	0.03049	0.07847	0.00174	0.00123	0.00230
13	0.00225	0.00160	0.00201	0.00226	0.00247	0.00147	0.00155	0.00259	0.00344	0.02008	0.05965	0.61061	0.15667	0.08833	0.00273	0.00075	0.00105	0.03751	0.00156	0.00141

[dist]
# distance from previous block
# <min> <max>
9	20

[block]
# block no. 2 follows, 184 sequences, length 8
# corresponding to MSA columns:
# 150-157
name=unknown_C
#
# <colnr> <probs for GDERKNQSTAVLIFYWHMCP>
#	G	D	E	R	K	N	Q	S	T	A	V	L	I	F	Y	W	H	M	C	P
0	0.00248	0.00170	0.00209	0.00209	0.00216	0.00178	0.00131	0.00263	0.00255	0.00348	0.00519	0.01008	0.00574	0.70935	0.23859	0.00193	0.00239	0.00232	0.00101	0.00116
1	0.00210	0.00168	0.00188	0.00195	0.00239	0.00146	0.00141	0.00256	0.00390	0.00491	0.15585	0.22954	0.57549	0.00444	0.00206	0.00060	0.00089	0.00382	0.00163	0.00146
2	0.00639	0.00815	0.00485	0.00441	0.00529	0.93302	0.00330	0.00683	0.00485	0.00419	0.00264	0.00308	0.00220	0.00176	0.00154	0.00044	0.00308	0.00110	0.00088	0.00198
3	0.00253	0.00171	0.00201	0.00205	0.00229	0.00160	0.00136	0.00279	0.00325	0.04445	0.06158	0.19669	0.21484	0.41830	0.00501	0.00108	0.00129	0.03445	0.00138	0.00133
4	0.00334	0.00282	0.00390	0.25696	0.07883	0.01600	0.01569	0.01568	0.14099	0.01796	0.01773	0.00721	0.03076	0.26602	0.05454	0.01964	0.04709	0.00195	0.00107	0.00181
5	0.00253	0.00176	0.00232	0.00240	0.00271	0.00163	0.02203	0.00294	0.00351	0.04425	0.08705	0.48443	0.11194	0.11326	0.02092	0.00080	0.00121	0.05333	0.01919	0.02182
6	0.06890	0.15095	0.03394	0.04982	0.10518	0.08717	0.02588	0.21460	0.06646	0.10943	0.01657	0.01810	0.00317	0.00189	0.00162	0.00050	0.01553	0.00146	0.00126	0.02758
7	0.03457	0.08318	0.06021	0.06552	0.09860	0.04603	0.04937	0.03684	0.07544	0.10213	0.02161	0.04642	0.00359	0.00237	0.04227	0.00057	0.02133	0.00159	0.01285	0.19551

[dist]
# distance from previous block
# <min> <max>
0	1

[block]
# block no. 3 follows, 184 sequences, length 12
# corresponding to MSA columns:
# 159-170
name=unknown_D
#
# <colnr> <probs for GDERKNQSTAVLIFYWHMCP>
#	G	D	E	R	K	N	Q	S	T	A	V	L	I	F	Y	W	H	M	C	P
0	0.05299	0.11641	0.11893	0.03114	0.08656	0.05525	0.03558	0.12434	0.06933	0.19742	0.02560	0.01613	0.01816	0.00194	0.00166	0.00051	0.01493	0.00155	0.00131	0.03028
1	0.00385	0.02237	0.01065	0.01429	0.00321	0.00228	0.01436	0.03640	0.02327	0.18801	0.06517	0.03736	0.02810	0.22044	0.14759	0.14298	0.01509	0.00209	0.02081	0.00169
2	0.01478	0.00216	0.00310	0.03248	0.05331	0.00217	0.04080	0.02355	0.02975	0.06200	0.06669	0.29148	0.05817	0.03723	0.04772	0.19164	0.02160	0.01018	0.00960	0.00158
3	0.05717	0.02709	0.10435	0.05889	0.04377	0.03601	0.12403	0.05345	0.05732	0.19015	0.03506	0.02425	0.01777	0.03575	0.03869	0.00770	0.03832	0.02724	0.01259	0.01039
4	0.08998	0.09637	0.18402	0.06071	0.06145	0.09410	0.10890	0.04966	0.01449	0.12981	0.01826	0.01236	0.01054	0.00207	0.02338	0.00057	0.01165	0.00870	0.00109	0.02189
5	0.01151	0.00318	0.09078	0.03297	0.01725	0.01409	0.09893	0.04555	0.06825	0.04031	0.25220	0.12642	0.09691	0.05145	0.01530	0.00066	0.01370	0.00928	0.00934	0.00191
6	0.00288	0.00189	0.00237	0.01618	0.00289	0.00175	0.00173	0.01507	0.02581	0.09724	0.22386	0.35309	0.18387	0.03320	0.00224	0.00064	0.00104	0.01599	0.00168	0.01660
7	0.04220	0.05832	0.11238	0.08993	0.12535	0.08644	0.07325	0.08199	0.05413	0.11290	0.01820	0.04026	0.02378	0.00198	0.00174	0.00052	0.02286	0.00165	0.00116	0.05095
8	0.03167	0.06175	0.12955	0.05401	0.07449	0.01994	0.08011	0.06339	0.10905	0.20662	0.03507	0.02763	0.00401	0.00249	0.03170	0.01386	0.02921	0.02172	0.00132	0.00241
9	0.01594	0.00201	0.00245	0.02168	0.00302	0.00180	0.00175	0.00381	0.00418	0.16089	0.24527	0.07259	0.35298	0.03815	0.00220	0.00060	0.00106	0.03636	0.00169	0.03157
10	0.01516	0.03857	0.01487	0.03450	0.02597	0.03818	0.04891	0.03215	0.02258	0.02786	0.07464	0.44236	0.06180	0.03205	0.04372	0.00074	0.01736	0.00335	0.02353	0.00170
11	0.05329	0.10305	0.11949	0.07644	0.12284	0.06344	0.07501	0.09815	0.06647	0.13205	0.00410	0.02887	0.00321	0.02399	0.02179	0.00059	0.00207	0.00158	0.00117	0.00240

[dist]
# distance from previous block
# <min> <max>
5	26

[block]
# block no. 4 follows, 184 sequences, length 66
# corresponding to MSA columns:
# 206-250,255-264,270-272,281-288
name=unknown_E
#
# <colnr> <probs for GDERKNQSTAVLIFYWHMCP>
#	G	D	E	R	K	N	Q	S	T	A	V	L	I	F	Y	W	H	M	C	P
0	0.00418	0.00817	0.01430	0.20823	0.33667	0.05525	0.01578	0.05451	0.17249	0.02359	0.02203	0.03072	0.00990	0.00192	0.00171	0.00053	0.00193	0.00170	0.00111	0.03529
1	0.00251	0.00190	0.00960	0.00215	0.00265	0.00172	0.00164	0.00334	0.03970	0.03034	0.52509	0.03492	0.28764	0.01568	0.02521	0.00063	0.00099	0.01091	0.00174	0.00163
2	0.01048	0.00345	0.00381	0.00338	0.00406	0.18554	0.11543	0.00424	0.01069	0.02163	0.23750	0.16197	0.08143	0.00783	0.00201	0.00057	0.01123	0.09034	0.00831	0.03611
3	0.00226	0.00170	0.00203	0.00206	0.00247	0.00152	0.00151	0.00281	0.00414	0.01408	0.37376	0.20176	0.35744	0.01201	0.00211	0.00060	0.00089	0.01363	0.00170	0.00151
4	0.00377	0.28902	0.65387	0.00429	0.00650	0.00481	0.00530	0.00533	0.00357	0.00500	0.00286	0.00335	0.00218	0.00158	0.00147	0.00049	0.00232	0.00116	0.00073	0.00243
5	0.00269	0.00204	0.00273	0.00264	0.00282	0.00234	0.00194	0.02008	0.00279	0.00392	0.00487	0.01447	0.00509	0.36928	0.40330	0.00195	0.10734	0.04729	0.00100	0.00140
6	0.04769	0.00308	0.00345	0.00292	0.00375	0.00327	0.00231	0.31508	0.10872	0.02029	0.45265	0.00861	0.01547	0.00278	0.00183	0.00053	0.00126	0.00232	0.00177	0.00220
7	0.04463	0.00456	0.00507	0.00388	0.00524	0.00497	0.02959	0.77839	0.00744	0.09260	0.00425	0.00422	0.00298	0.00202	0.00169	0.00052	0.00185	0.00155	0.00170	0.00285
8	0.02023	0.00294	0.00376	0.00282	0.00420	0.00243	0.00230	0.00669	0.00437	0.55552	0.02524	0.00509	0.00383	0.00183	0.00155	0.00043	0.00137	0.00148	0.00169	0.35225
9	0.00639	0.00815	0.00485	0.00441	0.00529	0.93302	0.00330	0.00683	0.00485	0.00419	0.00264	0.00308	0.00220	0.00176	0.00154	0.00044	0.00308	0.00110	0.00088	0.00198
10	0.00317	0.00266	0.00308	0.00243	0.00358	0.00217	0.00190	0.00414	0.06512	0.00565	0.12261	0.05111	0.13242	0.00224	0.00154	0.00038	0.00115	0.00188	0.00128	0.59149
11	0.00551	0.02004	0.00410	0.00344	0.00448	0.10289	0.00273	0.00831	0.48612	0.29450	0.00635	0.00585	0.01647	0.00223	0.00182	0.00055	0.02848	0.00177	0.00172	0.00264
12	0.55374	0.00363	0.00433	0.00556	0.36924	0.00396	0.00324	0.01616	0.00336	0.00684	0.00273	0.00338	0.00221	0.00159	0.00138	0.00052	0.01378	0.00118	0.00098	0.00220
13	0.00359	0.03138	0.18155	0.02553	0.00492	0.01883	0.01003	0.01561	0.00362	0.00546	0.00318	0.02158	0.00264	0.00163	0.01610	0.00038	0.00165	0.00117	0.00096	0.65021
14	0.00233	0.00169	0.00220	0.00252	0.00276	0.00160	0.00190	0.00279	0.00353	0.00462	0.02982	0.46503	0.10651	0.06729	0.00265	0.00077	0.00121	0.29779	0.00155	0.00144
15	0.02072	0.00379	0.00508	0.00433	0.00450	0.01030	0.00359	0.06945	0.03622	0.01177	0.01650	0.00399	0.00262	0.00287	0.00501	0.00072	0.79415	0.00153	0.00089	0.00198
16	0.00232	0.00172	0.00216	0.00219	0.00256	0.00157	0.00163	0.00295	0.00429	0.00582	0.51486	0.16959	0.18357	0.02059	0.00219	0.00061	0.00093	0.07715	0.00174	0.00153
17	0.87708	0.00328	0.00264	0.00234	0.00337	0.00379	0.00192	0.00511	0.00301	0.04348	0.01646	0.00307	0.00217	0.00167	0.00121	0.00053	0.02487	0.00100	0.00110	0.00189
18	0.04861	0.00386	0.00517	0.02847	0.00471	0.03433	0.01748	0.00427	0.00275	0.00431	0.00230	0.00371	0.00223	0.00283	0.00511	0.00072	0.82501	0.00147	0.00077	0.00188
19	0.22302	0.00231	0.00249	0.00241	0.00304	0.00236	0.00183	0.00442	0.07359	0.11877	0.07739	0.29903	0.09695	0.00341	0.00175	0.00059	0.00113	0.02917	0.05449	0.00182
20	0.00329	0.00302	0.00508	0.91061	0.01155	0.00376	0.00467	0.00441	0.00343	0.01899	0.00312	0.00465	0.00235	0.01220	0.00179	0.00058	0.00226	0.00153	0.00078	0.00191
21	0.27674	0.00463	0.00429	0.00356	0.00461	0.20023	0.06675	0.24557	0.02880	0.03978	0.00356	0.00398	0.01975	0.00220	0.00196	0.07935	0.00952	0.00136	0.00121	0.00215
22	0.05055	0.00337	0.00383	0.00318	0.00429	0.03831	0.00255	0.05869	0.28070	0.44938	0.02209	0.03764	0.01729	0.00232	0.00172	0.00055	0.00147	0.01071	0.00184	0.00951
23	0.00374	0.00205	0.00255	0.00227	0.00294	0.00182	0.00174	0.01034	0.00442	0.25145	0.32255	0.05472	0.26443	0.03733	0.00216	0.00059	0.00104	0.00288	0.02908	0.00189
24	0.00220	0.00168	0.00199	0.00208	0.00241	0.00154	0.00147	0.00265	0.01209	0.00472	0.14976	0.29252	0.35160	0.10613	0.05846	0.00085	0.00121	0.00367	0.00153	0.00143
25	0.93656	0.00328	0.00250	0.00224	0.00328	0.00380	0.00184	0.00499	0.00290	0.00760	0.00243	0.00292	0.00192	0.01682	0.00118	0.00055	0.00133	0.00095	0.00106	0.00184
26	0.00467	0.73980	0.03618	0.00313	0.00450	0.05185	0.00303	0.04101	0.00373	0.03101	0.00277	0.00330	0.00245	0.00202	0.03646	0.00049	0.01851	0.01206	0.00083	0.00220
27	0.01243	0.00334	0.00392	0.00314	0.00426	0.00339	0.00254	0.28909	0.10720	0.36177	0.08650	0.00638	0.03990	0.00231	0.00172	0.00052	0.00145	0.00187	0.06564	0.00262
28	0.00240	0.00168	0.00210	0.00227	0.00258	0.00154	0.00161	0.01280	0.00374	0.03870	0.13542	0.53348	0.20284	0.01989	0.00222	0.00066	0.00100	0.03195	0.00164	0.00150
29	0.04707	0.00321	0.00862	0.00350	0.04854	0.02024	0.03397	0.12517	0.01286	0.50596	0.11456	0.00615	0.00520	0.00238	0.01890	0.00056	0.00157	0.00181	0.03715	0.00259
30	0.01088	0.01356	0.05124	0.50159	0.05314	0.24324	0.00426	0.04060	0.00403	0.03485	0.00315	0.01021	0.00244	0.00774	0.00174	0.00054	0.01244	0.00142	0.00088	0.00206
31	0.00257	0.00188	0.00220	0.00225	0.00271	0.00176	0.00165	0.00342	0.08718	0.04418	0.11620	0.32744	0.35229	0.00429	0.00204	0.00061	0.00099	0.03001	0.01471	0.00163
32	0.01094	0.00168	0.00222	0.00244	0.00264	0.00164	0.00571	0.00287	0.00973	0.04547	0.00837	0.64601	0.02099	0.10052	0.07743	0.00095	0.00959	0.03508	0.01423	0.00146
33	0.01737	0.06286	0.26000	0.17893	0.13742	0.02250	0.05898	0.07761	0.02386	0.09496	0.01143	0.00474	0.03820	0.00182	0.00167	0.00053	0.00213	0.00155	0.00104	0.00240
34	0.00439	0.00271	0.01662	0.02808	0.12250	0.01652	0.00249	0.00851	0.03798	0.26535	0.00868	0.02495	0.01936	0.28360	0.06667	0.03993	0.02552	0.02283	0.00134	0.00198
35	0.01080	0.00332	0.02607	0.06437	0.00924	0.08043	0.07000	0.06897	0.04018	0.26497	0.03762	0.20617	0.03133	0.02690	0.02106	0.00064	0.00172	0.00629	0.02774	0.00217
36	0.92102	0.01232	0.00265	0.00236	0.01171	0.01700	0.00191	0.00506	0.00295	0.00757	0.00239	0.00280	0.00187	0.00159	0.00107	0.00053	0.00136	0.00093	0.00105	0.00187
37	0.00357	0.07319	0.00396	0.03760	0.01700	0.03772	0.00262	0.00786	0.00698	0.08214	0.00395	0.00571	0.00359	0.07315	0.38383	0.06417	0.18861	0.00167	0.00097	0.00173
38	0.00958	0.27355	0.12683	0.05198	0.11714	0.07186	0.07247	0.05129	0.09131	0.05265	0.00347	0.00395	0.00274	0.00181	0.00905	0.00050	0.03398	0.00136	0.00099	0.02348
39	0.00251	0.00184	0.00231	0.00217	0.00263	0.00171	0.00163	0.00341	0.03513	0.00657	0.74427	0.04354	0.06623	0.01139	0.00202	0.00054	0.00086	0.00302	0.03354	0.03471
40	0.00346	0.03488	0.13171	0.00328	0.01980	0.02783	0.00774	0.05314	0.22684	0.01079	0.19409	0.04642	0.14192	0.01527	0.02418	0.00493	0.04785	0.00234	0.00144	0.00210
41	0.05168	0.00328	0.01222	0.51628	0.13758	0.00375	0.00410	0.06090	0.07604	0.03547	0.04820	0.01390	0.00345	0.00189	0.00168	0.00055	0.00196	0.00164	0.02330	0.00215
42	0.00382	0.04902	0.47757	0.01656	0.00634	0.00380	0.11629	0.03685	0.03872	0.07071	0.01156	0.03885	0.08721	0.00211	0.00185	0.00055	0.03303	0.00177	0.00103	0.00236
43	0.00382	0.00389	0.00342	0.00322	0.00372	0.29249	0.01546	0.00444	0.03005	0.01623	0.02125	0.00658	0.01251	0.13538	0.42097	0.00166	0.00340	0.01886	0.00100	0.00167
44	0.00282	0.00236	0.00337	0.00316	0.00337	0.00296	0.00250	0.00329	0.00273	0.00398	0.00437	0.00634	0.03862	0.04304	0.56674	0.03464	0.27143	0.00182	0.00089	0.00158
45	0.00229	0.00174	0.00212	0.00211	0.00251	0.00160	0.00153	0.00283	0.00392	0.00524	0.33062	0.15474	0.28772	0.08122	0.07298	0.00083	0.00123	0.01445	0.00158	0.02877
46	0.32836	0.02225	0.00412	0.00365	0.00460	0.60097	0.00280	0.00619	0.00416	0.00537	0.00255	0.00297	0.00208	0.00170	0.00137	0.00047	0.00246	0.00104	0.00094	0.00194
47	0.00462	0.91861	0.00886	0.00296	0.00441	0.02892	0.00294	0.00516	0.00351	0.00403	0.00238	0.00275	0.00220	0.00147	0.00111	0.00037	0.00186	0.00092	0.00074	0.00219
48	0.02555	0.00238	0.00329	0.04721	0.00387	0.00235	0.00233	0.00525	0.03122	0.36893	0.01914	0.00699	0.00442	0.00827	0.03561	0.29673	0.03714	0.09599	0.00143	0.00190
49	0.95197	0.00331	0.00251	0.00225	0.00331	0.00384	0.00185	0.00503	0.00291	0.00767	0.00238	0.00278	0.00185	0.00159	0.00106	0.00053	0.00132	0.00093	0.00106	0.00185
50	0.01297	0.00404	0.01108	0.20510	0.06252	0.14122	0.02340	0.05204	0.26500	0.08847	0.04778	0.02309	0.03917	0.01442	0.00182	0.00056	0.00188	0.00182	0.00134	0.00229
51	0.00407	0.00452	0.00963	0.00693	0.00854	0.00434	0.84098	0.00542	0.00395	0.01861	0.00342	0.00456	0.00259	0.00155	0.00225	0.00058	0.06498	0.00197	0.00088	0.01023
52	0.00258	0.00190	0.01110	0.00217	0.00259	0.00172	0.00163	0.00310	0.01957	0.03752	0.12780	0.01437	0.34821	0.25813	0.00387	0.00090	0.00124	0.15865	0.00149	0.00146
53	0.32006	0.18193	0.04581	0.06114	0.02341	0.04393	0.04338	0.00548	0.00711	0.14624	0.00719	0.01731	0.00682	0.00205	0.02443	0.00056	0.02279	0.00131	0.03692	0.00213
54	0.00329	0.00746	0.01923	0.04812	0.15119	0.07425	0.00285	0.00883	0.05508	0.02383	0.11382	0.15047	0.13558	0.00344	0.00204	0.00061	0.01882	0.17781	0.00139	0.00188
55	0.00248	0.00175	0.00218	0.00236	0.00256	0.00171	0.00161	0.05293	0.01246	0.00484	0.07887	0.60142	0.01735	0.15978	0.00320	0.00082	0.00115	0.02228	0.02879	0.00145
56	0.11082	0.00257	0.00295	0.00261	0.01076	0.00778	0.00205	0.05636	0.04068	0.28998	0.09280	0.08070	0.25232	0.00312	0.00181	0.00057	0.00123	0.03708	0.00172	0.00210
57	0.00395	0.00747	0.06671	0.11583	0.04772	0.01830	0.01967	0.03830	0.09188	0.15122	0.06852	0.14417	0.01404	0.04581	0.04383	0.09450	0.00801	0.01673	0.00134	0.00199
58	0.09484	0.00394	0.03366	0.00346	0.00460	0.01252	0.00290	0.43614	0.03130	0.17925	0.00447	0.00471	0.00326	0.00362	0.13373	0.01378	0.02821	0.00155	0.00153	0.00253
59	0.00271	0.00193	0.00241	0.00245	0.00283	0.01084	0.00181	0.00355	0.07683	0.03705	0.25462	0.28375	0.08376	0.02788	0.09391	0.03671	0.00142	0.06032	0.01360	0.00161
60	0.00939	0.03921	0.20404	0.04975	0.13409	0.00761	0.13982	0.01087	0.00348	0.02141	0.01686	0.07397	0.01522	0.05349	0.10650	0.06465	0.02856	0.01811	0.00094	0.00202
61	0.00426	0.04785	0.08546	0.03208	0.19126	0.01991	0.03443	0.01336	0.01648	0.19640	0.05242	0.18697	0.00950	0.01920	0.02498	0.01654	0.03096	0.01440	0.00132	0.00221
62	0.00351	0.00295	0.03354	0.39068	0.01369	0.00954	0.05426	0.03290	0.01035	0.06646	0.04795	0.05620	0.00426	0.06862	0.04017	0.09944	0.03416	0.02847	0.00104	0.00181
63	0.18523	0.04416	0.03382	0.01489	0.01681	0.03716	0.06703	0.02679	0.00353	0.12791	0.01758	0.05114	0.01950	0.02370	0.27384	0.00799	0.01528	0.00174	0.01748	0.01440
64	0.00818	0.07522	0.02468	0.12027	0.07226	0.09700	0.12457	0.04001	0.01325	0.04853	0.01810	0.19533	0.01623	0.03003	0.01433	0.00060	0.00760	0.00994	0.02310	0.06076
65	0.16021	0.10168	0.38304	0.01196	0.04280	0.00930	0.11472	0.03630	0.01104	0.02932	0.02352	0.02131	0.00283	0.01395	0.00163	0.00053	0.00211	0.00142	0.00093	0.03138

[dist]
# distance from previous block
# <min> <max>
5	34

[block]
# block no. 5 follows, 184 sequences, length 9
# corresponding to MSA columns:
# 346-351,358-360
name=unknown_F
#
# <colnr> <probs for GDERKNQSTAVLIFYWHMCP>
#	G	D	E	R	K	N	Q	S	T	A	V	L	I	F	Y	W	H	M	C	P
0	0.00341	0.15718	0.07290	0.02066	0.01566	0.02711	0.00271	0.01402	0.01891	0.05871	0.03165	0.04937	0.00438	0.00744	0.44567	0.03378	0.01394	0.01964	0.00102	0.00184
1	0.02278	0.00274	0.00375	0.05304	0.05983	0.02850	0.07122	0.03792	0.02718	0.02903	0.02920	0.33823	0.08082	0.00356	0.01079	0.00062	0.06324	0.04717	0.00133	0.08906
2	0.51071	0.00398	0.14394	0.00294	0.00414	0.01904	0.03134	0.00518	0.02202	0.09185	0.08062	0.06979	0.00407	0.00208	0.00142	0.00054	0.00153	0.00156	0.00122	0.00203
3	0.03786	0.20229	0.22503	0.11793	0.07203	0.01741	0.04846	0.06863	0.02909	0.09166	0.01848	0.01611	0.02573	0.00204	0.01975	0.00055	0.00207	0.00148	0.00104	0.00234
4	0.01733	0.05900	0.03458	0.00260	0.00302	0.00236	0.00205	0.00332	0.01594	0.02094	0.07872	0.09961	0.01943	0.18918	0.41356	0.00174	0.01469	0.01925	0.00112	0.00155
5	0.00242	0.00205	0.02985	0.00253	0.00299	0.00198	0.00201	0.00311	0.02390	0.00454	0.07514	0.10034	0.20909	0.00854	0.48006	0.00170	0.00287	0.02000	0.00123	0.02567
6	0.02502	0.01859	0.02485	0.17093	0.10665	0.01298	0.05503	0.02632	0.04406	0.03982	0.27387	0.00849	0.12342	0.01091	0.01906	0.00059	0.02017	0.00227	0.00134	0.01563
7	0.01427	0.17850	0.24879	0.06851	0.15914	0.01881	0.07695	0.00539	0.02133	0.08719	0.00363	0.03010	0.00294	0.03099	0.00180	0.00053	0.00208	0.00149	0.00096	0.04661
8	0.02997	0.00239	0.00289	0.01517	0.02215	0.00229	0.00199	0.05772	0.03113	0.24367	0.07350	0.07322	0.27137	0.11009	0.00271	0.00069	0.01910	0.01884	0.01912	0.00196

[dist]
# distance from previous block
# <min> <max>
0	17

[block]
# block no. 6 follows, 184 sequences, length 6
# corresponding to MSA columns:
# 378-383
name=unknown_G
#
# <colnr> <probs for GDERKNQSTAVLIFYWHMCP>
#	G	D	E	R	K	N	Q	S	T	A	V	L	I	F	Y	W	H	M	C	P
0	0.02229	0.02486	0.15364	0.09684	0.24681	0.09765	0.09961	0.05282	0.02007	0.06934	0.00357	0.02354	0.00284	0.00210	0.02528	0.00059	0.05322	0.00156	0.00098	0.00238
1	0.03841	0.09112	0.16183	0.05410	0.11247	0.02978	0.10567	0.05887	0.04519	0.14256	0.05105	0.03845	0.01841	0.01800	0.02615	0.00060	0.00203	0.00175	0.00119	0.00235
2	0.00290	0.03528	0.07019	0.05342	0.03362	0.02485	0.01838	0.00359	0.01750	0.02655	0.06979	0.29961	0.10775	0.06507	0.04730	0.00078	0.03672	0.04720	0.03782	0.00170
3	0.00379	0.01498	0.04678	0.00323	0.04493	0.02489	0.04085	0.03004	0.02772	0.16205	0.06447	0.16193	0.07206	0.12437	0.08643	0.01633	0.01420	0.02003	0.02297	0.01793
4	0.01910	0.20382	0.14330	0.02823	0.13461	0.05985	0.06923	0.05840	0.04163	0.15019	0.02801	0.00465	0.01749	0.01600	0.00168	0.00051	0.00198	0.00149	0.01740	0.00242
5	0.04765	0.04950	0.26082	0.04699	0.14293	0.05032	0.06600	0.03473	0.04941	0.12173	0.02200	0.04118	0.01709	0.00195	0.00173	0.00053	0.01870	0.00163	0.00111	0.02399

[dist]
# distance from previous block
# <min> <max>
0	16

[block]
# block no. 7 follows, 184 sequences, length 6
# corresponding to MSA columns:
# 402-407
name=unknown_H
#
# <colnr> <probs for GDERKNQSTAVLIFYWHMCP>
#	G	D	E	R	K	N	Q	S	T	A	V	L	I	F	Y	W	H	M	C	P
0	0.31170	0.03999	0.12329	0.00333	0.03957	0.00360	0.02285	0.04940	0.07732	0.05426	0.00338	0.00369	0.00258	0.00160	0.00135	0.00045	0.00158	0.00119	0.00112	0.25774
1	0.07143	0.22643	0.18812	0.02435	0.04613	0.04337	0.02278	0.05213	0.05728	0.07235	0.11218	0.01851	0.03095	0.00202	0.00154	0.00049	0.00180	0.00160	0.00115	0.02537
2	0.03193	0.04495	0.03386	0.08496	0.08368	0.02736	0.04184	0.04884	0.02065	0.09767	0.02580	0.14685	0.07759	0.16185	0.02526	0.00080	0.01423	0.01355	0.00126	0.01706
3	0.00390	0.03825	0.06986	0.02301	0.04834	0.04335	0.04810	0.03576	0.01524	0.15029	0.02636	0.22924	0.04129	0.07091	0.05911	0.01587	0.01581	0.03952	0.00135	0.02445
4	0.01895	0.16915	0.18638	0.03515	0.07282	0.00373	0.01988	0.04583	0.03830	0.09723	0.07848	0.08726	0.03914	0.03791	0.02114	0.00061	0.01919	0.00193	0.01260	0.01432
5	0.05131	0.18926	0.17381	0.09605	0.05832	0.05338	0.02331	0.04823	0.06735	0.07171	0.00411	0.05708	0.02248	0.00228	0.02176	0.00057	0.05408	0.00160	0.00105	0.00226

[dist]
# distance from previous block
# <min> <max>
0	50

[block]
# block no. 8 follows, 184 sequences, length 30
# corresponding to MSA columns:
# 507-522,524-532,534-538
name=unknown_I
#
# <colnr> <probs for GDERKNQSTAVLIFYWHMCP>
#	G	D	E	R	K	N	Q	S	T	A	V	L	I	F	Y	W	H	M	C	P
0	0.00337	0.00288	0.07023	0.07135	0.00423	0.01625	0.03649	0.03450	0.09287	0.07463	0.06130	0.20513	0.07430	0.03257	0.09718	0.00753	0.01081	0.00714	0.09536	0.00188
1	0.01207	0.07406	0.15189	0.13444	0.05861	0.03865	0.02956	0.02012	0.04425	0.11085	0.05624	0.10334	0.06073	0.00274	0.03138	0.00060	0.01121	0.00681	0.00120	0.05129
2	0.03747	0.05770	0.12544	0.04008	0.11307	0.01724	0.02282	0.04806	0.06299	0.14305	0.05162	0.05624	0.07385	0.06955	0.01442	0.00716	0.02907	0.00680	0.00665	0.01672
3	0.00265	0.00200	0.02060	0.02468	0.02526	0.00184	0.01082	0.01043	0.00961	0.03927	0.10237	0.30407	0.14654	0.21833	0.00360	0.00087	0.00769	0.05934	0.00852	0.00151
4	0.02146	0.00248	0.01613	0.25131	0.06276	0.00268	0.00281	0.03342	0.01623	0.02107	0.05136	0.05411	0.02058	0.10288	0.00412	0.28435	0.03468	0.01505	0.00099	0.00153
5	0.03288	0.10475	0.13140	0.16243	0.16082	0.05066	0.13537	0.03747	0.02194	0.07327	0.02659	0.03013	0.00317	0.00183	0.00174	0.00053	0.02011	0.00161	0.00100	0.00232
6	0.00985	0.02769	0.08960	0.07351	0.11551	0.01896	0.06024	0.00425	0.03965	0.04669	0.01546	0.04953	0.03804	0.17673	0.07915	0.07641	0.04747	0.00981	0.00103	0.02042
7	0.13213	0.00256	0.00304	0.00263	0.00345	0.00248	0.00203	0.03654	0.03404	0.37444	0.04791	0.12526	0.02798	0.14341	0.01020	0.00074	0.00140	0.02588	0.01251	0.01139
8	0.00809	0.00255	0.03319	0.06147	0.03636	0.04672	0.00223	0.01232	0.03928	0.02437	0.32606	0.17898	0.10531	0.00362	0.01924	0.01145	0.00130	0.02431	0.04853	0.01463
9	0.02478	0.22180	0.20686	0.04628	0.06335	0.07886	0.05671	0.08594	0.04070	0.13276	0.00367	0.00405	0.00276	0.00174	0.00157	0.00049	0.00862	0.00723	0.00109	0.01075
10	0.01001	0.01565	0.09480	0.05671	0.05106	0.01614	0.07110	0.03590	0.05029	0.07052	0.09327	0.09738	0.11283	0.01323	0.12661	0.03969	0.00835	0.03325	0.00128	0.00194
11	0.00396	0.00319	0.02574	0.00345	0.03050	0.01980	0.05227	0.21995	0.08812	0.03833	0.07366	0.09172	0.12710	0.01593	0.00202	0.00061	0.00153	0.16431	0.03571	0.00210
12	0.00255	0.00205	0.02018	0.11927	0.01285	0.00199	0.00229	0.00319	0.02087	0.01624	0.04897	0.37999	0.10116	0.07252	0.02661	0.00079	0.00143	0.16406	0.00142	0.00156
13	0.05858	0.15831	0.12536	0.05208	0.11228	0.04943	0.04558	0.11849	0.04321	0.12374	0.03037	0.01883	0.02200	0.00193	0.00168	0.00051	0.02496	0.00154	0.00871	0.00240
14	0.16176	0.09915	0.21227	0.01196	0.03183	0.01328	0.06748	0.05377	0.00809	0.07622	0.00858	0.08983	0.00381	0.00248	0.01543	0.00060	0.07937	0.06082	0.00110	0.00217
15	0.01495	0.00259	0.00310	0.00276	0.00336	0.06702	0.10212	0.01582	0.00374	0.01487	0.02101	0.04724	0.39549	0.16529	0.01037	0.00078	0.01421	0.06958	0.04413	0.00157
16	0.00405	0.07868	0.09320	0.20146	0.30068	0.04465	0.16726	0.02835	0.00390	0.01449	0.01132	0.02255	0.00281	0.00169	0.00173	0.00053	0.00802	0.00160	0.01070	0.00233
17	0.02367	0.08295	0.20645	0.09520	0.16616	0.03644	0.08568	0.04779	0.03324	0.07051	0.02119	0.04884	0.04146	0.00204	0.00179	0.00054	0.02661	0.00608	0.00105	0.00233
18	0.00423	0.34142	0.01255	0.00847	0.00941	0.06568	0.00843	0.05721	0.23523	0.02210	0.05938	0.01823	0.12741	0.00231	0.00158	0.00049	0.00944	0.00180	0.01242	0.00221
19	0.00224	0.00160	0.00220	0.00246	0.00263	0.00163	0.00174	0.00265	0.00312	0.00429	0.00777	0.59656	0.00887	0.03653	0.27300	0.00131	0.00206	0.01714	0.03076	0.00143
20	0.03278	0.15922	0.13034	0.06201	0.11091	0.03627	0.04901	0.05517	0.01796	0.21657	0.01315	0.02140	0.01386	0.02032	0.00192	0.00054	0.04304	0.01193	0.00120	0.00241
21	0.01448	0.08477	0.08373	0.21338	0.10012	0.03054	0.02387	0.05662	0.02716	0.18031	0.00500	0.07181	0.03089	0.00758	0.00183	0.00823	0.00992	0.03963	0.00788	0.00226
22	0.00240	0.00165	0.00207	0.00227	0.00243	0.00159	0.00153	0.00272	0.01156	0.02493	0.02259	0.47736	0.06427	0.28333	0.03351	0.00104	0.00134	0.06062	0.00142	0.00135
23	0.41879	0.12037	0.01039	0.07535	0.03405	0.23716	0.00280	0.02041	0.00364	0.01417	0.00264	0.00895	0.00216	0.00170	0.00142	0.00049	0.03030	0.00110	0.00096	0.01314
24	0.00274	0.00191	0.00232	0.00216	0.00269	0.00175	0.00164	0.01165	0.03861	0.06018	0.59305	0.02311	0.23101	0.00356	0.00198	0.00055	0.00089	0.00308	0.01542	0.00170
25	0.01422	0.07983	0.12965	0.07435	0.11978	0.04297	0.01990	0.11746	0.13934	0.02108	0.04582	0.00498	0.01468	0.02365	0.01415	0.00060	0.12315	0.00160	0.00113	0.01167
26	0.00263	0.00202	0.00261	0.00254	0.00264	0.00226	0.00734	0.00286	0.00279	0.00385	0.01535	0.16483	0.03669	0.45923	0.10151	0.00138	0.15241	0.02853	0.00111	0.00744
27	0.01494	0.69433	0.05959	0.00336	0.01751	0.03954	0.02107	0.01684	0.09744	0.00460	0.00294	0.00326	0.00252	0.00160	0.00130	0.00041	0.01450	0.00109	0.00086	0.00227
28	0.00956	0.01832	0.12419	0.11951	0.08109	0.07214	0.02444	0.07936	0.04447	0.01034	0.22794	0.06240	0.03607	0.01226	0.00202	0.00056	0.04100	0.00894	0.01827	0.00711
29	0.00311	0.03378	0.00818	0.04899	0.03805	0.00219	0.01014	0.01083	0.00288	0.05447	0.01323	0.02554	0.02321	0.23643	0.21184	0.26550	0.00228	0.00699	0.00099	0.00137

[dist]
# distance from previous block
# <min> <max>
7	15

[block]
# block no. 9 follows, 184 sequences, length 11
# corresponding to MSA columns:
# 557-563,566-569
name=unknown_J
#
# <colnr> <probs for GDERKNQSTAVLIFYWHMCP>
#	G	D	E	R	K	N	Q	S	T	A	V	L	I	F	Y	W	H	M	C	P
0	0.03939	0.06660	0.04748	0.10608	0.15441	0.01975	0.04551	0.03424	0.03264	0.12246	0.01181	0.08617	0.01396	0.03790	0.02580	0.00065	0.01724	0.09730	0.00122	0.03940
1	0.02929	0.00208	0.00244	0.00248	0.02557	0.01802	0.00179	0.02590	0.02578	0.01562	0.32174	0.16532	0.23216	0.02050	0.01582	0.02336	0.00112	0.04859	0.00160	0.02081
2	0.04095	0.22332	0.21081	0.04051	0.05971	0.04505	0.05513	0.02545	0.00388	0.12987	0.00362	0.02443	0.00286	0.00188	0.01233	0.00050	0.01158	0.01076	0.00103	0.09635
3	0.05084	0.12263	0.14508	0.09762	0.12649	0.04594	0.05516	0.04096	0.04491	0.14816	0.01776	0.01184	0.00977	0.00192	0.01202	0.00053	0.01381	0.00148	0.00112	0.05197
4	0.02207	0.00232	0.00285	0.00255	0.00326	0.00223	0.00198	0.01459	0.11943	0.23728	0.30659	0.06570	0.11507	0.01683	0.00210	0.02395	0.00113	0.03484	0.02320	0.00203
5	0.00232	0.00191	0.03057	0.00224	0.00265	0.00162	0.00172	0.00292	0.00403	0.00546	0.37687	0.23550	0.20573	0.04317	0.01829	0.00068	0.00105	0.04498	0.01677	0.00152
6	0.02133	0.14538	0.27686	0.02997	0.09110	0.08472	0.08854	0.05336	0.02714	0.13784	0.00372	0.01636	0.00279	0.00176	0.00164	0.00051	0.01201	0.00144	0.00106	0.00246
7	0.03013	0.17040	0.08430	0.16165	0.07478	0.01118	0.08644	0.01978	0.01640	0.05195	0.04016	0.08663	0.06339	0.03116	0.02217	0.02466	0.00844	0.01328	0.00106	0.00203
8	0.02879	0.00157	0.00198	0.00230	0.00247	0.00148	0.00156	0.00251	0.00332	0.00454	0.03032	0.79259	0.06542	0.03252	0.00231	0.00070	0.00101	0.00451	0.01870	0.00140
9	0.00389	0.05525	0.17949	0.13678	0.22421	0.03060	0.07634	0.02598	0.05763	0.03912	0.02708	0.05381	0.03138	0.00232	0.02468	0.00060	0.00986	0.01764	0.00103	0.00230
10	0.02870	0.09718	0.23126	0.04256	0.07627	0.02810	0.08930	0.06911	0.00422	0.21122	0.01350	0.02023	0.00317	0.02077	0.00184	0.00054	0.01824	0.00154	0.00966	0.03259

[dist]
# distance from previous block
# <min> <max>
7	40

[block]
# block no. 10 follows, 184 sequences, length 6
# corresponding to MSA columns:
# 626-631
name=unknown_K
#
# <colnr> <probs for GDERKNQSTAVLIFYWHMCP>
#	G	D	E	R	K	N	Q	S	T	A	V	L	I	F	Y	W	H	M	C	P
0	0.00308	0.00286	0.04436	0.02358	0.12556	0.01677	0.06252	0.00421	0.12236	0.00507	0.07549	0.23564	0.07685	0.03943	0.03938	0.07896	0.00163	0.02371	0.00129	0.01723
1	0.03988	0.00193	0.00257	0.02082	0.00294	0.00190	0.03392	0.01609	0.02172	0.01919	0.19762	0.08557	0.11876	0.02812	0.03295	0.27438	0.00134	0.02052	0.07837	0.00140
2	0.00256	0.00180	0.00233	0.00249	0.03862	0.00169	0.00166	0.00305	0.00383	0.03079	0.35573	0.21134	0.08513	0.21479	0.00355	0.00083	0.00114	0.03562	0.00156	0.00150
3	0.00389	0.25067	0.04395	0.16362	0.10809	0.03619	0.01741	0.01661	0.00347	0.04750	0.00377	0.02129	0.00353	0.19121	0.02961	0.00079	0.02045	0.01619	0.00093	0.02082
4	0.00354	0.00254	0.00312	0.00293	0.00348	0.00264	0.02028	0.15334	0.11847	0.06135	0.07389	0.43064	0.03133	0.03236	0.00229	0.00066	0.02333	0.03025	0.00163	0.00193
5	0.00487	0.12841	0.17514	0.00385	0.00528	0.04650	0.02724	0.17511	0.29369	0.07370	0.00463	0.00462	0.00344	0.00196	0.00170	0.00052	0.02133	0.00152	0.00134	0.02516

[dist]
# distance from previous block
# <min> <max>
4	21

[block]
# block no. 11 follows, 184 sequences, length 24
# corresponding to MSA columns:
# 666-689
name=unknown_L
#
# <colnr> <probs for GDERKNQSTAVLIFYWHMCP>
#	G	D	E	R	K	N	Q	S	T	A	V	L	I	F	Y	W	H	M	C	P
0	0.01965	0.00844	0.03240	0.43468	0.06497	0.00789	0.00349	0.00418	0.01142	0.04651	0.12295	0.12256	0.02532	0.02378	0.02133	0.00064	0.00181	0.00969	0.03643	0.00187
1	0.00275	0.00194	0.00241	0.00225	0.00283	0.00171	0.00173	0.00342	0.00431	0.05720	0.44463	0.09187	0.20086	0.00361	0.00196	0.00055	0.00098	0.07170	0.00170	0.10161
2	0.00223	0.00166	0.00208	0.00222	0.00253	0.00152	0.00161	0.00275	0.00393	0.00524	0.30132	0.37952	0.19451	0.02302	0.00224	0.00065	0.00096	0.06887	0.00167	0.00148
3	0.00314	0.00291	0.01247	0.16999	0.13700	0.00287	0.18012	0.00406	0.00396	0.02150	0.16477	0.10160	0.15594	0.00282	0.00194	0.00058	0.00172	0.02943	0.00125	0.00193
4	0.00399	0.00383	0.00619	0.34036	0.55301	0.02869	0.00497	0.02909	0.00386	0.00525	0.00316	0.00432	0.00255	0.00161	0.00170	0.00053	0.00214	0.00151	0.00084	0.00241
5	0.02049	0.01037	0.06756	0.02332	0.11995	0.01158	0.02501	0.51282	0.04912	0.10985	0.01103	0.01319	0.00321	0.00198	0.00170	0.00052	0.00188	0.00159	0.00151	0.01333
6	0.05002	0.61656	0.02684	0.02806	0.00479	0.18458	0.00307	0.02637	0.03782	0.00454	0.00267	0.00304	0.00231	0.00158	0.00125	0.00041	0.00206	0.00103	0.00084	0.00217
7	0.89617	0.00334	0.00270	0.00257	0.03669	0.00385	0.00199	0.00513	0.02405	0.00759	0.00252	0.00291	0.00196	0.00160	0.00110	0.00053	0.00135	0.00097	0.00107	0.00190
8	0.20564	0.01730	0.08863	0.02571	0.01515	0.01944	0.02322	0.21400	0.21164	0.08574	0.02132	0.02679	0.01422	0.00211	0.00162	0.00055	0.00814	0.01489	0.00144	0.00244
9	0.02899	0.00286	0.00332	0.00297	0.01447	0.03379	0.00225	0.09402	0.14240	0.07022	0.01433	0.03398	0.00426	0.07557	0.26030	0.07955	0.00238	0.00177	0.00124	0.13133
10	0.03438	0.00307	0.00334	0.00313	0.00385	0.03682	0.01551	0.04091	0.43153	0.04838	0.05269	0.26396	0.01509	0.00325	0.00187	0.00061	0.00134	0.03643	0.00165	0.00219
11	0.00244	0.00183	0.00275	0.00275	0.00305	0.00214	0.00214	0.00305	0.00275	0.00397	0.00458	0.00672	0.00428	0.01283	0.93311	0.00275	0.00458	0.00183	0.00092	0.00153
12	0.03842	0.00235	0.00281	0.03411	0.00329	0.00242	0.00190	0.04046	0.08916	0.15823	0.01192	0.07372	0.08208	0.36460	0.03065	0.00106	0.02643	0.03324	0.00139	0.00175
13	0.03926	0.00313	0.00364	0.00311	0.00412	0.00326	0.00246	0.03532	0.40322	0.33198	0.06864	0.05105	0.00578	0.01547	0.00185	0.00058	0.00135	0.01419	0.00903	0.00257
14	0.07978	0.00362	0.00437	0.15888	0.03341	0.03038	0.02914	0.12767	0.22346	0.13648	0.01497	0.01448	0.00360	0.00193	0.00162	0.00051	0.00168	0.00159	0.00140	0.13103
15	0.00457	0.94092	0.00896	0.00293	0.00439	0.00677	0.00293	0.00512	0.00348	0.00402	0.00238	0.00274	0.00219	0.00146	0.00110	0.00037	0.00183	0.00091	0.00073	0.00219
16	0.00228	0.00169	0.00197	0.00206	0.00246	0.00151	0.00148	0.00278	0.01385	0.02570	0.13716	0.34371	0.42081	0.00444	0.00204	0.00061	0.00092	0.00387	0.02915	0.00150
17	0.06189	0.00290	0.00378	0.00296	0.00420	0.00261	0.00243	0.02328	0.02073	0.79009	0.02305	0.02292	0.01765	0.00220	0.00169	0.00053	0.00142	0.00178	0.01113	0.00276
18	0.00361	0.00237	0.00310	0.00288	0.00343	0.01543	0.00226	0.01786	0.11934	0.14022	0.00527	0.02344	0.00446	0.02316	0.55850	0.00188	0.02182	0.00186	0.04721	0.00190
19	0.00399	0.00299	0.00412	0.00358	0.00393	0.00367	0.01363	0.00449	0.01063	0.16143	0.02358	0.04825	0.07265	0.04648	0.07831	0.00088	0.47072	0.02764	0.01711	0.00192
20	0.00329	0.03161	0.04366	0.09621	0.20037	0.00849	0.03867	0.00410	0.02959	0.04676	0.04051	0.22930	0.07155	0.05159	0.05050	0.03076	0.00641	0.01350	0.00120	0.00192
21	0.00409	0.26830	0.04034	0.00345	0.01380	0.13221	0.04305	0.02604	0.05501	0.02313	0.01418	0.01440	0.00340	0.02532	0.21877	0.06660	0.03416	0.01086	0.00095	0.00193
22	0.00390	0.00372	0.00634	0.32045	0.62190	0.00398	0.00508	0.00495	0.00374	0.00518	0.00316	0.00434	0.00257	0.00159	0.00170	0.00053	0.00212	0.00152	0.00082	0.00244
23	0.01505	0.00236	0.00815	0.08310	0.05819	0.01459	0.01882	0.03214	0.00825	0.05314	0.03684	0.07230	0.07098	0.23045	0.14656	0.06461	0.02051	0.05547	0.00686	0.00161

[dist]
# distance from previous block
# <min> <max>
2	37

[block]
# block no. 12 follows, 184 sequences, length 26
# corresponding to MSA columns:
# 727,756-777,779-781
name=unknown_M
#
# <colnr> <probs for GDERKNQSTAVLIFYWHMCP>
#	G	D	E	R	K	N	Q	S	T	A	V	L	I	F	Y	W	H	M	C	P
0	0.01549	0.00221	0.00275	0.00240	0.00298	0.00211	0.00174	0.01943	0.01192	0.26975	0.02801	0.00844	0.02966	0.39226	0.11455	0.00124	0.00809	0.00208	0.03702	0.04787
1	0.03582	0.49087	0.09946	0.02834	0.01855	0.08586	0.03855	0.02176	0.05254	0.04256	0.01700	0.01147	0.00876	0.00174	0.00153	0.00045	0.04032	0.00124	0.00092	0.00224
2	0.02121	0.02386	0.06162	0.33135	0.17379	0.02267	0.04676	0.00923	0.02792	0.03241	0.02532	0.07194	0.04983	0.03417	0.00615	0.01727	0.02916	0.01228	0.00100	0.00205
3	0.01139	0.00231	0.00272	0.00260	0.00941	0.01799	0.00201	0.09927	0.01748	0.08088	0.25230	0.12648	0.16937	0.01037	0.01262	0.00062	0.00122	0.13269	0.04647	0.00182
4	0.00213	0.00167	0.00193	0.00202	0.00242	0.00148	0.00146	0.00259	0.00385	0.00490	0.16777	0.26491	0.48112	0.02301	0.01277	0.00065	0.00096	0.02127	0.00162	0.00145
5	0.00383	0.18756	0.01337	0.00314	0.00386	0.22179	0.00255	0.00452	0.03358	0.00429	0.03656	0.03172	0.04765	0.00662	0.38991	0.00141	0.00316	0.00169	0.00098	0.00181
6	0.01967	0.00205	0.03608	0.00224	0.00271	0.00178	0.00175	0.00318	0.01704	0.00570	0.45499	0.05283	0.18930	0.10056	0.04702	0.00078	0.00121	0.04355	0.01601	0.00156
7	0.00276	0.00205	0.00276	0.00259	0.00300	0.00201	0.05202	0.02985	0.08493	0.00517	0.22910	0.22729	0.10711	0.08191	0.00335	0.15686	0.00123	0.00304	0.00145	0.00152
8	0.62918	0.28924	0.00453	0.00248	0.00368	0.00468	0.00220	0.00517	0.00315	0.03965	0.00254	0.00288	0.00204	0.00157	0.00109	0.00048	0.00148	0.00095	0.00100	0.00199
9	0.02524	0.00382	0.04427	0.00361	0.01632	0.05842	0.05058	0.14085	0.06246	0.49532	0.00573	0.03659	0.00407	0.01384	0.01986	0.00059	0.00178	0.01224	0.00174	0.00266
10	0.05501	0.52678	0.12215	0.20646	0.00633	0.00547	0.00368	0.02282	0.00356	0.01761	0.00271	0.00333	0.00224	0.00156	0.00132	0.00044	0.00198	0.00112	0.00080	0.01464
11	0.00388	0.00414	0.00744	0.00573	0.00651	0.00482	0.42138	0.00474	0.00326	0.00474	0.00280	0.00414	0.00240	0.00229	0.00398	0.00067	0.51249	0.00173	0.00080	0.00207
12	0.07893	0.03209	0.02322	0.01655	0.12764	0.04061	0.01615	0.10314	0.02235	0.14082	0.00406	0.01315	0.03597	0.00259	0.02524	0.00065	0.31184	0.00159	0.00116	0.00227
13	0.37449	0.06825	0.01562	0.00303	0.00389	0.05944	0.08576	0.02121	0.00342	0.02514	0.00491	0.24935	0.02679	0.00305	0.03310	0.00064	0.01668	0.00220	0.00118	0.00183
14	0.00348	0.00323	0.02750	0.00374	0.00415	0.00389	0.02061	0.01675	0.08810	0.02845	0.00409	0.00535	0.03544	0.00563	0.27083	0.00126	0.43497	0.00170	0.00098	0.03984
15	0.02832	0.00198	0.00252	0.00236	0.00278	0.00189	0.03839	0.02258	0.00366	0.05467	0.17678	0.11226	0.19072	0.28289	0.03625	0.00098	0.00141	0.03659	0.00144	0.00151
16	0.05132	0.01975	0.05878	0.02852	0.20950	0.02517	0.09152	0.03939	0.05376	0.16982	0.02581	0.00591	0.02592	0.00199	0.00169	0.00051	0.00181	0.06269	0.00126	0.12486
17	0.01750	0.04160	0.00700	0.38026	0.00908	0.00392	0.38650	0.00482	0.01779	0.00506	0.04971	0.02630	0.00358	0.00186	0.00185	0.00057	0.00235	0.03084	0.00092	0.00850
18	0.00284	0.00180	0.00238	0.00243	0.00281	0.00168	0.00183	0.00340	0.00403	0.08939	0.31517	0.28976	0.06125	0.04352	0.00247	0.01907	0.00110	0.15177	0.00169	0.00161
19	0.01889	0.01317	0.05496	0.15166	0.23484	0.01640	0.03809	0.03421	0.01022	0.01728	0.00848	0.04277	0.01300	0.17537	0.04162	0.09150	0.01319	0.02149	0.00097	0.00189
20	0.06965	0.00351	0.06355	0.05473	0.05316	0.00315	0.04871	0.06206	0.08856	0.42392	0.00594	0.06515	0.02708	0.00224	0.00171	0.00055	0.00162	0.00188	0.02032	0.00254
21	0.08806	0.00255	0.00305	0.00265	0.00353	0.00244	0.00211	0.01987	0.09238	0.35326	0.15523	0.05997	0.14879	0.00986	0.00187	0.00057	0.00123	0.04860	0.00180	0.00220
22	0.01123	0.00206	0.00262	0.00253	0.00307	0.00193	0.00190	0.01844	0.04637	0.21101	0.14054	0.37336	0.08325	0.02239	0.00213	0.00063	0.00113	0.05339	0.02016	0.00186
23	0.02598	0.06337	0.19661	0.18126	0.16332	0.03191	0.11666	0.04502	0.01506	0.08214	0.00931	0.01497	0.01123	0.00200	0.02201	0.00058	0.01369	0.00156	0.00098	0.00235
