[name]
unknown

[dist]
# distance from previous block
# <min> <max>
1	39

[block]
# block no. 0 follows, 167 sequences, length 6
# corresponding to MSA columns:
# 45-50
name=unknown_A
#
# <colnr> <probs for GDERKNQSTAVLIFYWHMCP>
#	G	D	E	R	K	N	Q	S	T	A	V	L	I	F	Y	W	H	M	C	P
0	0.49627	0.04049	0.04531	0.04065	0.04499	0.03784	0.00294	0.12338	0.04070	0.10638	0.00366	0.00393	0.00270	0.00190	0.00146	0.00057	0.00176	0.00131	0.00134	0.00243
1	0.04835	0.06407	0.20409	0.02661	0.10352	0.04161	0.03343	0.13203	0.14359	0.10605	0.03618	0.00544	0.00400	0.00212	0.00180	0.00057	0.00209	0.02096	0.00138	0.02209
2	0.00287	0.00228	0.02554	0.01630	0.02223	0.00207	0.00209	0.00370	0.03463	0.03697	0.33256	0.19299	0.21266	0.02046	0.02899	0.00073	0.02234	0.02242	0.01636	0.00180
3	0.02042	0.08811	0.26122	0.00474	0.04990	0.01979	0.09400	0.09870	0.09569	0.08149	0.13199	0.00591	0.00516	0.00220	0.00191	0.00057	0.01625	0.00185	0.00135	0.01876
4	0.00316	0.00219	0.00264	0.00268	0.00312	0.02716	0.00193	0.00390	0.04582	0.08557	0.21869	0.48953	0.07140	0.00462	0.00222	0.00067	0.00116	0.00410	0.00183	0.02760
5	0.00600	0.08584	0.00526	0.02520	0.03008	0.10521	0.00313	0.32842	0.00595	0.13670	0.00459	0.05706	0.00364	0.00217	0.00172	0.00049	0.00195	0.00168	0.00153	0.19337

[dist]
# distance from previous block
# <min> <max>
0	2

[block]
# block no. 1 follows, 167 sequences, length 6
# corresponding to MSA columns:
# 53-58
name=unknown_B
#
# <colnr> <probs for GDERKNQSTAVLIFYWHMCP>
#	G	D	E	R	K	N	Q	S	T	A	V	L	I	F	Y	W	H	M	C	P
0	0.03859	0.04450	0.19822	0.01749	0.07675	0.02074	0.01796	0.15476	0.08328	0.15688	0.02839	0.09304	0.01640	0.00261	0.01428	0.00061	0.00200	0.00203	0.00148	0.02998
1	0.00346	0.01889	0.00379	0.05013	0.03305	0.00275	0.05798	0.03470	0.04769	0.06412	0.27739	0.12936	0.16947	0.02699	0.01840	0.00070	0.05436	0.00312	0.00166	0.00200
2	0.00267	0.00182	0.00214	0.00216	0.00224	0.00182	0.00131	0.00275	0.00288	0.00383	0.00680	0.05906	0.06878	0.69919	0.09609	0.03922	0.00201	0.00282	0.00118	0.00122
3	0.26892	0.07394	0.07302	0.00409	0.07015	0.09496	0.02922	0.04582	0.06374	0.20860	0.00451	0.03084	0.00340	0.00206	0.00161	0.00056	0.00191	0.00156	0.01853	0.00254
4	0.05034	0.02652	0.14779	0.12816	0.09085	0.04339	0.04127	0.04744	0.00452	0.10723	0.13240	0.07402	0.07713	0.00286	0.01748	0.00064	0.00199	0.00228	0.00138	0.00233
5	0.04019	0.08930	0.22809	0.05839	0.07108	0.02689	0.04237	0.00573	0.04822	0.10110	0.04530	0.00636	0.10686	0.00225	0.00186	0.00055	0.02138	0.00183	0.00123	0.10101

[dist]
# distance from previous block
# <min> <max>
0	2

[block]
# block no. 2 follows, 167 sequences, length 27
# corresponding to MSA columns:
# 62-64,71-94
name=unknown_C
#
# <colnr> <probs for GDERKNQSTAVLIFYWHMCP>
#	G	D	E	R	K	N	Q	S	T	A	V	L	I	F	Y	W	H	M	C	P
0	0.02039	0.00610	0.00547	0.34076	0.06006	0.43873	0.00425	0.05295	0.00475	0.00520	0.01861	0.00427	0.00276	0.00197	0.00188	0.00055	0.02666	0.00146	0.00098	0.00221
1	0.02499	0.03992	0.30290	0.00510	0.11876	0.02436	0.04650	0.03776	0.02479	0.10059	0.02458	0.02009	0.04373	0.01957	0.00209	0.00057	0.03925	0.00172	0.00117	0.12158
2	0.03633	0.35009	0.01424	0.04971	0.01353	0.01099	0.07405	0.05500	0.00425	0.17270	0.01056	0.00433	0.00306	0.00229	0.02202	0.00059	0.13184	0.00146	0.00119	0.04178
3	0.00303	0.00226	0.00255	0.00256	0.00305	0.03785	0.00186	0.02930	0.00439	0.05496	0.19050	0.39707	0.22547	0.00460	0.00220	0.00065	0.00116	0.00403	0.00178	0.03073
4	0.00244	0.00183	0.00226	0.00238	0.00275	0.00166	0.00174	0.00302	0.00436	0.00579	0.31787	0.30667	0.25343	0.01949	0.00240	0.00069	0.00103	0.06675	0.00183	0.00162
5	0.01613	0.04956	0.00562	0.06009	0.08661	0.00438	0.08411	0.00471	0.01128	0.04968	0.01163	0.00555	0.00346	0.07358	0.13944	0.03042	0.35887	0.00181	0.00098	0.00208
6	0.00408	0.15387	0.09621	0.23042	0.00813	0.06471	0.24326	0.00519	0.00400	0.00511	0.00425	0.10393	0.00391	0.02474	0.00215	0.00063	0.01723	0.02499	0.00098	0.00222
7	0.00437	0.04579	0.00337	0.00271	0.00348	0.00237	0.00215	0.00522	0.01741	0.25925	0.48414	0.01896	0.03206	0.01064	0.06436	0.00075	0.00144	0.01764	0.02174	0.00218
8	0.00277	0.00206	0.00265	0.00252	0.00292	0.00204	0.00189	0.01093	0.00472	0.01693	0.60337	0.07707	0.10746	0.05665	0.02726	0.00075	0.05947	0.01497	0.00184	0.00173
9	0.00369	0.01579	0.02759	0.08817	0.14976	0.05311	0.02244	0.00523	0.14802	0.01454	0.20203	0.14629	0.04264	0.00368	0.04782	0.00074	0.02207	0.00272	0.00147	0.00221
10	0.05223	0.00337	0.00426	0.02278	0.04990	0.04723	0.03157	0.11179	0.01171	0.28377	0.02494	0.02727	0.00473	0.00368	0.02571	0.18477	0.02237	0.08405	0.00156	0.00229
11	0.00391	0.00388	0.05614	0.00524	0.02083	0.00356	0.37252	0.00524	0.04922	0.06021	0.00589	0.00777	0.06651	0.03358	0.22260	0.00124	0.01907	0.05919	0.00118	0.00223
12	0.00380	0.00300	0.00442	0.13646	0.00563	0.05404	0.13622	0.01332	0.00405	0.10791	0.00736	0.43441	0.00777	0.03887	0.00245	0.00072	0.00183	0.03428	0.00149	0.00197
13	0.00764	0.00386	0.03933	0.00406	0.06263	0.02779	0.00320	0.08712	0.03587	0.68837	0.00656	0.00591	0.00426	0.00225	0.00191	0.00058	0.01170	0.00181	0.00206	0.00310
14	0.08127	0.00610	0.00529	0.03315	0.11935	0.38231	0.00366	0.17249	0.00549	0.12883	0.00386	0.00420	0.00290	0.00203	0.00186	0.00054	0.03198	0.00145	0.01068	0.00256
15	0.02304	0.01798	0.00521	0.24284	0.13078	0.00346	0.06778	0.03223	0.01319	0.20867	0.00552	0.10088	0.00471	0.01039	0.04779	0.01385	0.00214	0.04986	0.01727	0.00239
16	0.00359	0.00342	0.00591	0.72491	0.05669	0.00406	0.08254	0.00478	0.00378	0.00491	0.00374	0.03620	0.00309	0.02662	0.00218	0.00066	0.01603	0.01389	0.00089	0.00211
17	0.08294	0.00430	0.00771	0.03983	0.00752	0.00419	0.47819	0.09907	0.01208	0.17491	0.01940	0.03513	0.01513	0.00842	0.00206	0.00062	0.00243	0.00211	0.00136	0.00259
18	0.64482	0.00368	0.00319	0.04845	0.00427	0.03974	0.00228	0.00539	0.01552	0.02104	0.00309	0.00361	0.01200	0.00187	0.00145	0.02732	0.00156	0.00114	0.00115	0.15843
19	0.00498	0.01205	0.00461	0.00431	0.05956	0.06868	0.00320	0.06593	0.56473	0.05865	0.00631	0.00623	0.00481	0.00337	0.07749	0.00081	0.04792	0.00194	0.00166	0.00277
20	0.07899	0.00379	0.00526	0.16180	0.04382	0.00457	0.01885	0.06481	0.00404	0.19552	0.01562	0.00487	0.00317	0.00963	0.00359	0.00069	0.37565	0.00168	0.00125	0.00239
21	0.01217	0.02590	0.00544	0.05307	0.25909	0.02057	0.01720	0.12415	0.01692	0.28687	0.08676	0.00602	0.00484	0.00220	0.00192	0.00056	0.01839	0.00186	0.04084	0.01524
22	0.00500	0.03493	0.00542	0.00424	0.00543	0.02639	0.15370	0.09752	0.35923	0.11515	0.11358	0.00718	0.02780	0.00278	0.02638	0.00067	0.00804	0.00218	0.00171	0.00268
23	0.00418	0.00435	0.06641	0.11480	0.60468	0.00404	0.02873	0.00530	0.00409	0.00581	0.00409	0.08851	0.00370	0.00205	0.00188	0.00057	0.00216	0.00196	0.00099	0.05171
24	0.16913	0.04239	0.07996	0.01316	0.04774	0.13172	0.04837	0.03687	0.29992	0.01319	0.01965	0.06385	0.02159	0.00237	0.00175	0.00059	0.00196	0.00191	0.00139	0.00249
25	0.00422	0.00341	0.00562	0.63640	0.06582	0.00391	0.04968	0.02724	0.00413	0.11267	0.00457	0.00594	0.03667	0.00211	0.00196	0.00842	0.00231	0.02157	0.00109	0.00227
26	0.30229	0.00455	0.02673	0.01783	0.01846	0.05920	0.00786	0.32308	0.01296	0.19601	0.01150	0.00443	0.00316	0.00206	0.00164	0.00057	0.00186	0.00149	0.00162	0.00271

[dist]
# distance from previous block
# <min> <max>
0	5

[block]
# block no. 3 follows, 167 sequences, length 11
# corresponding to MSA columns:
# 100,103-112
name=unknown_D
#
# <colnr> <probs for GDERKNQSTAVLIFYWHMCP>
#	G	D	E	R	K	N	Q	S	T	A	V	L	I	F	Y	W	H	M	C	P
0	0.01440	0.08088	0.60154	0.03654	0.00731	0.00427	0.05036	0.00608	0.01545	0.10807	0.00420	0.02385	0.01192	0.01541	0.00189	0.00060	0.00247	0.01106	0.00103	0.00266
1	0.00332	0.00236	0.00291	0.01657	0.00331	0.00231	0.00202	0.12419	0.00537	0.02141	0.59458	0.03028	0.10619	0.00388	0.00253	0.07080	0.00114	0.00307	0.00188	0.00188
2	0.00567	0.00439	0.01547	0.11338	0.04572	0.06568	0.01664	0.34975	0.11432	0.08954	0.00469	0.00535	0.00358	0.03789	0.00281	0.10547	0.01384	0.00175	0.00150	0.00257
3	0.56519	0.00361	0.00371	0.13101	0.01932	0.00426	0.00282	0.07291	0.00369	0.02844	0.00313	0.00399	0.00251	0.01863	0.05232	0.00075	0.07913	0.00131	0.00115	0.00212
4	0.25132	0.00411	0.00435	0.00404	0.07283	0.00458	0.00299	0.26298	0.26874	0.03056	0.07099	0.00555	0.00466	0.00226	0.00171	0.00059	0.00164	0.00175	0.00164	0.00269
5	0.52595	0.00389	0.00369	0.07216	0.03687	0.02160	0.00273	0.04100	0.26162	0.00792	0.00417	0.00440	0.00317	0.00199	0.00148	0.00059	0.00162	0.00142	0.00136	0.00237
6	0.00430	0.00370	0.00605	0.37398	0.38274	0.00404	0.00490	0.02033	0.01552	0.06841	0.01483	0.05363	0.01393	0.00212	0.00199	0.00060	0.02345	0.00192	0.00107	0.00250
7	0.07268	0.00418	0.00681	0.11063	0.70191	0.00428	0.00522	0.00581	0.00418	0.06136	0.00365	0.00465	0.00294	0.00173	0.00180	0.00056	0.00215	0.00163	0.00101	0.00280
8	0.00353	0.00283	0.00329	0.00273	0.00378	0.00243	0.00212	0.08494	0.00436	0.00617	0.06231	0.11162	0.13616	0.06573	0.00233	0.00057	0.00137	0.06461	0.00143	0.43769
9	0.07241	0.00217	0.00293	0.00293	0.03687	0.00220	0.00202	0.00386	0.00317	0.12585	0.00517	0.03373	0.04180	0.09986	0.17081	0.38732	0.00221	0.00199	0.00117	0.00153
10	0.00407	0.00369	0.00599	0.63181	0.20389	0.01924	0.01804	0.01810	0.00401	0.04128	0.00353	0.00489	0.00269	0.00183	0.00185	0.00059	0.00238	0.00165	0.00093	0.02953

[dist]
# distance from previous block
# <min> <max>
0	3

[block]
# block no. 4 follows, 167 sequences, length 8
# corresponding to MSA columns:
# 117-121,123-125
name=unknown_E
#
# <colnr> <probs for GDERKNQSTAVLIFYWHMCP>
#	G	D	E	R	K	N	Q	S	T	A	V	L	I	F	Y	W	H	M	C	P
0	0.00373	0.00357	0.00650	0.00496	0.00614	0.00344	0.40689	0.07844	0.00479	0.00650	0.22342	0.00899	0.12261	0.00396	0.10654	0.00088	0.00245	0.00263	0.00139	0.00218
1	0.00449	0.00409	0.00624	0.00801	0.51493	0.00425	0.00453	0.08366	0.00430	0.00624	0.00355	0.00465	0.00302	0.00287	0.07726	0.00074	0.11956	0.00160	0.00102	0.14499
2	0.75000	0.00359	0.00335	0.14251	0.00508	0.00427	0.00262	0.00532	0.00324	0.00760	0.00270	0.00339	0.00212	0.00184	0.00155	0.00060	0.05598	0.00114	0.00109	0.00203
3	0.24131	0.00368	0.00391	0.09771	0.00519	0.00419	0.00286	0.15720	0.30727	0.00783	0.00579	0.14509	0.00503	0.00271	0.00178	0.00062	0.00161	0.00220	0.00157	0.00245
4	0.69857	0.00334	0.00285	0.00252	0.00363	0.00363	0.00202	0.00504	0.00332	0.00762	0.00357	0.10813	0.00330	0.00214	0.00133	0.00055	0.00139	0.00151	0.00121	0.14434
5	0.06233	0.00441	0.00449	0.20072	0.03824	0.18882	0.01516	0.01805	0.22252	0.01995	0.00554	0.00613	0.07784	0.00281	0.00251	0.10724	0.01800	0.00183	0.00124	0.00218
6	0.00704	0.00400	0.00485	0.00374	0.00510	0.00406	0.00309	0.33316	0.00619	0.41460	0.00545	0.00521	0.00370	0.00226	0.00218	0.00056	0.08177	0.00170	0.00189	0.10945
7	0.00346	0.00317	0.00527	0.81298	0.01172	0.00389	0.00491	0.00465	0.00380	0.00487	0.00414	0.00700	0.00353	0.00228	0.00196	0.00065	0.00239	0.11636	0.00094	0.00203

[dist]
# distance from previous block
# <min> <max>
0	6

[block]
# block no. 5 follows, 167 sequences, length 7
# corresponding to MSA columns:
# 132-138
name=unknown_F
#
# <colnr> <probs for GDERKNQSTAVLIFYWHMCP>
#	G	D	E	R	K	N	Q	S	T	A	V	L	I	F	Y	W	H	M	C	P
0	0.07744	0.09647	0.03343	0.04320	0.00538	0.00474	0.00328	0.38288	0.07664	0.13319	0.00523	0.00622	0.00407	0.00239	0.00179	0.00058	0.00186	0.08123	0.03725	0.00275
1	0.00456	0.00309	0.00390	0.12978	0.03778	0.02385	0.01925	0.06363	0.11271	0.19138	0.03997	0.07987	0.20349	0.01443	0.00208	0.00063	0.00159	0.02348	0.04222	0.00232
2	0.05126	0.00372	0.00499	0.39112	0.08020	0.05152	0.02209	0.11014	0.02348	0.03271	0.00407	0.00609	0.00350	0.17337	0.00337	0.00082	0.03247	0.00183	0.00110	0.00216
3	0.12626	0.00437	0.02199	0.00360	0.00490	0.05066	0.00297	0.38080	0.04929	0.21451	0.05764	0.00617	0.06379	0.00243	0.00181	0.00057	0.00179	0.00187	0.00181	0.00277
4	0.02742	0.00419	0.00416	0.00319	0.00467	0.12704	0.00253	0.07535	0.02615	0.05273	0.02634	0.00428	0.00326	0.00166	0.00151	0.00036	0.00170	0.00128	0.00125	0.63091
5	0.00329	0.00316	0.00461	0.00391	0.00464	0.06033	0.20705	0.00411	0.02158	0.00540	0.10781	0.17920	0.20818	0.06411	0.00292	0.00074	0.05652	0.05911	0.00145	0.00187
6	0.00343	0.00206	0.00272	0.07007	0.00343	0.00212	0.00195	0.00372	0.04251	0.06389	0.00558	0.05169	0.00559	0.30053	0.02627	0.27345	0.00173	0.06488	0.07293	0.00143

[dist]
# distance from previous block
# <min> <max>
0	10

[block]
# block no. 6 follows, 167 sequences, length 11
# corresponding to MSA columns:
# 149-159
name=unknown_G
#
# <colnr> <probs for GDERKNQSTAVLIFYWHMCP>
#	G	D	E	R	K	N	Q	S	T	A	V	L	I	F	Y	W	H	M	C	P
0	0.00352	0.00308	0.00482	0.63454	0.02922	0.00363	0.00424	0.01981	0.03991	0.02471	0.13115	0.00738	0.08159	0.00241	0.00194	0.00061	0.00207	0.00211	0.00116	0.00208
1	0.62229	0.00398	0.00381	0.00364	0.07421	0.00457	0.00271	0.15305	0.05631	0.00852	0.00325	0.00366	0.00251	0.00193	0.00162	0.00059	0.04850	0.00126	0.00128	0.00233
2	0.94761	0.00361	0.00274	0.00245	0.00361	0.00419	0.00202	0.00548	0.00318	0.00837	0.00260	0.00303	0.00202	0.00173	0.00115	0.00058	0.00144	0.00101	0.00115	0.00202
3	0.72734	0.00360	0.00335	0.08158	0.02564	0.00412	0.00251	0.02238	0.00353	0.08869	0.00313	0.00357	0.00234	0.00183	0.00140	0.00058	0.01981	0.00118	0.00123	0.00217
4	0.00345	0.00273	0.00389	0.14321	0.09792	0.00280	0.02315	0.00481	0.09836	0.04905	0.34162	0.01148	0.13229	0.00328	0.00210	0.00062	0.00148	0.07400	0.00166	0.00210
5	0.00483	0.00277	0.00337	0.00291	0.00378	0.00271	0.00226	0.04835	0.15455	0.28051	0.21940	0.02344	0.12449	0.07672	0.04067	0.00079	0.00150	0.00263	0.00193	0.00236
6	0.00359	0.00262	0.00348	0.04838	0.04137	0.00300	0.00238	0.00387	0.00312	0.07632	0.00518	0.02447	0.00547	0.52462	0.00713	0.00133	0.21278	0.02807	0.00116	0.00164
7	0.50558	0.00348	0.00338	0.00276	0.00408	0.00354	0.00225	0.00621	0.04834	0.18321	0.00392	0.00405	0.00287	0.00180	0.00138	0.00051	0.00146	0.00125	0.00140	0.21854
8	0.02175	0.00380	0.00409	0.00325	0.01856	0.08032	0.00253	0.02195	0.07628	0.16441	0.04903	0.00499	0.00400	0.00182	0.00158	0.00040	0.00159	0.00145	0.00142	0.53677
9	0.00430	0.00404	0.01582	0.13639	0.38174	0.01330	0.06861	0.06391	0.09704	0.00644	0.09657	0.01662	0.02235	0.00227	0.00214	0.00060	0.04575	0.01833	0.00122	0.00258
10	0.01594	0.00338	0.00388	0.00316	0.03582	0.04514	0.01573	0.00487	0.01572	0.04505	0.12159	0.00616	0.06079	0.00199	0.00160	0.00038	0.00145	0.00165	0.00131	0.61437

[dist]
# distance from previous block
# <min> <max>
1	3

[block]
# block no. 7 follows, 167 sequences, length 27
# corresponding to MSA columns:
# 163-189
name=unknown_H
#
# <colnr> <probs for GDERKNQSTAVLIFYWHMCP>
#	G	D	E	R	K	N	Q	S	T	A	V	L	I	F	Y	W	H	M	C	P
0	0.01511	0.31178	0.02461	0.07185	0.05864	0.18509	0.00362	0.20410	0.03345	0.00642	0.02613	0.00420	0.00316	0.00234	0.03397	0.00058	0.00239	0.00141	0.00115	0.01000
1	0.00310	0.00249	0.00366	0.00357	0.03567	0.00296	0.02365	0.00351	0.00299	0.00428	0.00472	0.02595	0.02147	0.12627	0.44749	0.09769	0.18583	0.00207	0.00099	0.00165
2	0.08674	0.04758	0.05316	0.02010	0.06686	0.04760	0.00360	0.27112	0.05797	0.14139	0.01334	0.00485	0.00341	0.01964	0.01506	0.00065	0.14114	0.00164	0.00146	0.00268
3	0.00350	0.00365	0.05396	0.06007	0.03046	0.00354	0.26038	0.01021	0.00827	0.00521	0.04417	0.05352	0.07227	0.07216	0.16638	0.01130	0.11340	0.01195	0.00110	0.01450
4	0.00479	0.10129	0.04832	0.14780	0.50695	0.01644	0.00506	0.09851	0.01600	0.02248	0.00359	0.00449	0.00288	0.00177	0.00178	0.00055	0.00223	0.00158	0.00103	0.01247
5	0.00257	0.00194	0.00239	0.00249	0.00287	0.00184	0.00180	0.00344	0.06426	0.00592	0.31534	0.36080	0.16508	0.02657	0.00243	0.00070	0.00106	0.03497	0.00184	0.00170
6	0.00590	0.00671	0.00475	0.00404	0.00526	0.56317	0.00309	0.00662	0.02696	0.03243	0.00328	0.00371	0.00267	0.00177	0.00159	0.00042	0.00259	0.00121	0.00107	0.32274
7	0.00429	0.00410	0.00706	0.14579	0.67669	0.00420	0.04979	0.00539	0.00418	0.00588	0.03103	0.04566	0.00373	0.00194	0.00190	0.00058	0.00221	0.00190	0.00098	0.00271
8	0.06422	0.00446	0.00703	0.03680	0.75605	0.02041	0.00530	0.04938	0.00437	0.00641	0.00346	0.00449	0.00287	0.00174	0.00191	0.00056	0.02512	0.00161	0.00098	0.00285
9	0.00355	0.00344	0.11036	0.00400	0.02103	0.00270	0.13312	0.00461	0.00456	0.07320	0.26304	0.03286	0.04314	0.03198	0.00246	0.00071	0.00177	0.25981	0.00161	0.00206
10	0.00362	0.00330	0.00542	0.35918	0.30172	0.00369	0.00447	0.00462	0.00378	0.00515	0.01834	0.02756	0.04289	0.01422	0.17133	0.00106	0.01790	0.00855	0.00098	0.00223
11	0.01878	0.01282	0.00583	0.44940	0.20117	0.01821	0.03818	0.02003	0.02502	0.14666	0.01328	0.02668	0.01175	0.00203	0.00187	0.00060	0.00222	0.00182	0.00117	0.00246
12	0.08892	0.00248	0.00313	0.01093	0.01586	0.01402	0.02077	0.01866	0.01589	0.20678	0.00809	0.44887	0.02421	0.05872	0.04716	0.00085	0.00158	0.00939	0.00170	0.00201
13	0.18777	0.00333	0.00407	0.00319	0.00458	0.00312	0.00263	0.04015	0.00505	0.71721	0.00635	0.00565	0.00407	0.00220	0.00174	0.00058	0.00158	0.00170	0.00207	0.00295
14	0.00258	0.00197	0.00256	0.05950	0.00352	0.00193	0.00207	0.00334	0.05062	0.00536	0.12667	0.49552	0.13525	0.01769	0.00239	0.00073	0.00121	0.08370	0.00172	0.00167
15	0.00977	0.00374	0.03902	0.33224	0.26669	0.00380	0.03022	0.01625	0.01122	0.12727	0.02717	0.02752	0.01542	0.00216	0.00771	0.00060	0.01725	0.00186	0.05762	0.00247
16	0.06298	0.00428	0.00483	0.01563	0.00514	0.00480	0.01302	0.52971	0.04103	0.03180	0.01533	0.02769	0.00429	0.02167	0.03489	0.00072	0.08087	0.07301	0.02563	0.00268
17	0.00642	0.00275	0.00361	0.00294	0.00407	0.00238	0.00236	0.00708	0.00504	0.62707	0.08668	0.06293	0.17224	0.00308	0.00199	0.00060	0.00138	0.00257	0.00215	0.00267
18	0.00233	0.00168	0.00216	0.00250	0.00266	0.00157	0.00168	0.00264	0.00355	0.00467	0.01056	0.72459	0.10245	0.07814	0.02456	0.01676	0.00123	0.01314	0.00165	0.00149
19	0.00707	0.00479	0.01471	0.02031	0.00565	0.02486	0.00340	0.62029	0.06115	0.20096	0.00525	0.00516	0.00366	0.00228	0.00187	0.00057	0.00196	0.01104	0.00191	0.00310
20	0.00556	0.10150	0.19510	0.00434	0.00596	0.00988	0.12048	0.11387	0.01255	0.27240	0.01129	0.05236	0.02687	0.01450	0.02610	0.00066	0.01132	0.01109	0.00149	0.00269
21	0.00425	0.00382	0.00602	0.10077	0.49340	0.00396	0.02654	0.08519	0.05242	0.00629	0.00517	0.18022	0.00496	0.00262	0.00197	0.00061	0.00199	0.01601	0.00121	0.00258
22	0.01808	0.00306	0.00365	0.00318	0.01642	0.05433	0.00759	0.05007	0.01021	0.38511	0.21228	0.10642	0.05946	0.01326	0.02313	0.00067	0.00867	0.01200	0.01000	0.00242
23	0.01151	0.02057	0.04674	0.25173	0.20235	0.05711	0.08912	0.04182	0.01023	0.15087	0.02222	0.04686	0.01722	0.00238	0.02065	0.00064	0.00231	0.00193	0.00123	0.00252
24	0.04015	0.17879	0.14885	0.02818	0.01746	0.08296	0.10619	0.04513	0.04957	0.10703	0.05455	0.05007	0.01325	0.00219	0.00181	0.00055	0.01577	0.00181	0.01187	0.04383
25	0.32682	0.11207	0.09923	0.01384	0.04281	0.19314	0.03257	0.07542	0.00438	0.03835	0.00315	0.00360	0.00246	0.00180	0.00149	0.00053	0.00218	0.00124	0.00111	0.04383
26	0.01748	0.03076	0.10228	0.22797	0.15724	0.13721	0.04561	0.04037	0.01193	0.05201	0.01606	0.12483	0.00419	0.00248	0.00200	0.01975	0.00231	0.00207	0.00112	0.00233

[dist]
# distance from previous block
# <min> <max>
11	30

[block]
# block no. 8 follows, 167 sequences, length 11
# corresponding to MSA columns:
# 233-240,242-244
name=unknown_I
#
# <colnr> <probs for GDERKNQSTAVLIFYWHMCP>
#	G	D	E	R	K	N	Q	S	T	A	V	L	I	F	Y	W	H	M	C	P
0	0.00494	0.00394	0.00423	0.00376	0.00484	0.00449	0.00294	0.00985	0.84625	0.08115	0.00758	0.00691	0.00561	0.00251	0.00190	0.00063	0.00149	0.00209	0.00193	0.00297
1	0.00496	0.00438	0.00698	0.13476	0.62927	0.03618	0.03129	0.04005	0.00448	0.08402	0.00383	0.00478	0.00302	0.00177	0.00186	0.00057	0.00226	0.00168	0.00107	0.00282
2	0.02842	0.17675	0.20054	0.02449	0.03452	0.02572	0.05100	0.04952	0.02630	0.17822	0.06070	0.08090	0.01210	0.00241	0.00179	0.00056	0.00200	0.02146	0.00137	0.02122
3	0.00372	0.00211	0.00270	0.00266	0.00311	0.00198	0.00192	0.00425	0.02404	0.18652	0.07140	0.32707	0.05079	0.21638	0.01655	0.00098	0.00144	0.07882	0.00172	0.00183
4	0.00486	0.00321	0.00459	0.08494	0.14525	0.02919	0.04558	0.01836	0.03067	0.25552	0.15129	0.11050	0.05735	0.00310	0.01164	0.00064	0.01261	0.02661	0.00167	0.00242
5	0.06945	0.05703	0.07988	0.04799	0.16100	0.04634	0.11827	0.05572	0.08444	0.22285	0.01744	0.01470	0.00369	0.00203	0.00186	0.00058	0.01083	0.00176	0.00141	0.00274
6	0.00380	0.00289	0.00420	0.01692	0.17296	0.00287	0.05079	0.02751	0.05662	0.08640	0.10005	0.16767	0.12276	0.07852	0.00282	0.00074	0.02853	0.05711	0.01470	0.00214
7	0.00261	0.00183	0.00230	0.00252	0.00275	0.00174	0.00173	0.01575	0.01661	0.02188	0.09253	0.55549	0.07888	0.15356	0.00347	0.00090	0.00122	0.04096	0.00168	0.00156
8	0.03835	0.04693	0.07300	0.03711	0.43367	0.05883	0.04985	0.06759	0.00466	0.12805	0.00447	0.01755	0.02770	0.00195	0.00182	0.00056	0.00220	0.00173	0.00120	0.00277
9	0.10357	0.09289	0.07793	0.03071	0.18243	0.15077	0.02213	0.05499	0.08889	0.13477	0.01303	0.01812	0.00343	0.00200	0.00170	0.00055	0.00216	0.00158	0.00129	0.01707
10	0.00270	0.00191	0.00241	0.00268	0.00290	0.01449	0.00190	0.00310	0.00373	0.02915	0.04165	0.58730	0.05469	0.07423	0.01459	0.01575	0.01553	0.10764	0.02207	0.00158

[dist]
# distance from previous block
# <min> <max>
2	30

[block]
# block no. 9 follows, 167 sequences, length 7
# corresponding to MSA columns:
# 278-284
name=unknown_J
#
# <colnr> <probs for GDERKNQSTAVLIFYWHMCP>
#	G	D	E	R	K	N	Q	S	T	A	V	L	I	F	Y	W	H	M	C	P
0	0.10946	0.05625	0.09373	0.15156	0.24713	0.02514	0.07661	0.10810	0.06137	0.03375	0.00379	0.00452	0.00291	0.00184	0.00175	0.00057	0.00222	0.00159	0.00113	0.01659
1	0.10226	0.12039	0.03218	0.04044	0.29396	0.09645	0.03060	0.13722	0.04514	0.00671	0.00359	0.00429	0.00290	0.00229	0.03610	0.00063	0.01685	0.00150	0.00111	0.02539
2	0.03089	0.00284	0.00346	0.00299	0.00386	0.00280	0.01912	0.03060	0.19312	0.18616	0.30088	0.05288	0.05162	0.05584	0.00241	0.00066	0.00132	0.00264	0.00189	0.05402
3	0.00237	0.00169	0.00223	0.00259	0.00274	0.00159	0.00177	0.00274	0.00366	0.00490	0.06609	0.75480	0.01217	0.07173	0.00289	0.00083	0.00116	0.06082	0.00171	0.00152
4	0.00247	0.00186	0.00216	0.00220	0.00262	0.00168	0.00159	0.00301	0.00422	0.00555	0.24162	0.14193	0.38192	0.10172	0.02349	0.00081	0.00115	0.03847	0.03995	0.00158
5	0.00279	0.00195	0.00238	0.00232	0.00284	0.00174	0.00174	0.00346	0.00472	0.05787	0.43716	0.12018	0.31432	0.00431	0.00222	0.00063	0.00099	0.03472	0.00191	0.00175
6	0.04051	0.12894	0.01954	0.00321	0.01765	0.00354	0.00259	0.03155	0.20534	0.09563	0.17060	0.12672	0.04141	0.00352	0.02730	0.00067	0.00153	0.05979	0.01766	0.00229

[dist]
# distance from previous block
# <min> <max>
0	6

[block]
# block no. 10 follows, 167 sequences, length 16
# corresponding to MSA columns:
# 293-295,299,300,302-311,321
name=unknown_K
#
# <colnr> <probs for GDERKNQSTAVLIFYWHMCP>
#	G	D	E	R	K	N	Q	S	T	A	V	L	I	F	Y	W	H	M	C	P
0	0.02895	0.10923	0.05544	0.01787	0.05972	0.01136	0.00279	0.06147	0.03739	0.04118	0.22875	0.11365	0.06909	0.02681	0.06725	0.00079	0.01269	0.02595	0.00151	0.02813
1	0.05602	0.46296	0.06051	0.00391	0.01394	0.25793	0.00351	0.05613	0.02018	0.01520	0.00304	0.00357	0.00259	0.00184	0.00154	0.00047	0.02261	0.01071	0.00097	0.00238
2	0.02183	0.03768	0.46929	0.04663	0.11785	0.05965	0.05486	0.00582	0.02114	0.04016	0.03276	0.03128	0.02027	0.00216	0.01011	0.00060	0.00248	0.01115	0.00101	0.01327
3	0.10646	0.02037	0.03524	0.00449	0.06450	0.38188	0.03756	0.02334	0.04389	0.03993	0.04964	0.05016	0.03266	0.01858	0.02199	0.00062	0.01799	0.01594	0.00121	0.03355
4	0.01896	0.01235	0.02137	0.00268	0.00314	0.03700	0.00197	0.02520	0.04024	0.06359	0.12411	0.32933	0.10115	0.18425	0.00359	0.00089	0.00141	0.02539	0.00163	0.00175
5	0.00443	0.00363	0.11497	0.03013	0.03901	0.01487	0.03655	0.04493	0.02406	0.19246	0.03540	0.04276	0.06356	0.09815	0.14689	0.06866	0.01193	0.02402	0.00141	0.00218
6	0.00326	0.00268	0.00417	0.16097	0.18940	0.00278	0.02206	0.00412	0.03218	0.02806	0.03273	0.45485	0.00813	0.00418	0.02438	0.00073	0.00171	0.02017	0.00141	0.00202
7	0.05339	0.00420	0.00488	0.00376	0.00521	0.00431	0.00310	0.45446	0.00692	0.43165	0.00571	0.00527	0.00378	0.00225	0.00184	0.00057	0.00181	0.00174	0.00204	0.00312
8	0.06010	0.00330	0.00386	0.00318	0.00422	0.00332	0.00252	0.23249	0.03830	0.31360	0.10769	0.06267	0.02579	0.07952	0.01396	0.00071	0.00160	0.00227	0.03833	0.00257
9	0.01451	0.01472	0.00585	0.72255	0.06522	0.03336	0.03231	0.05164	0.00413	0.03312	0.00349	0.00488	0.00262	0.00187	0.00185	0.00061	0.00245	0.00165	0.00094	0.00223
10	0.00697	0.00875	0.00530	0.00479	0.00577	0.89186	0.00360	0.04207	0.00542	0.00484	0.00294	0.00341	0.00243	0.00193	0.00169	0.00048	0.00331	0.00122	0.00100	0.00220
11	0.00233	0.00196	0.02781	0.00243	0.00281	0.00164	0.00179	0.00278	0.00387	0.00497	0.04290	0.52466	0.32318	0.02452	0.00245	0.00073	0.00110	0.02479	0.00170	0.00158
12	0.00416	0.02484	0.05835	0.01867	0.09788	0.00331	0.04225	0.04492	0.02016	0.05461	0.03010	0.04072	0.04125	0.01746	0.03496	0.00058	0.06059	0.00174	0.00122	0.40222
13	0.28060	0.05254	0.03808	0.03860	0.08812	0.27024	0.02020	0.01624	0.03603	0.07150	0.00350	0.00977	0.00277	0.00226	0.02676	0.00062	0.03126	0.00137	0.00722	0.00232
14	0.00296	0.00202	0.00255	0.00243	0.00293	0.00189	0.00183	0.02088	0.01327	0.04940	0.57910	0.10294	0.12476	0.00433	0.03439	0.00069	0.00112	0.01624	0.03447	0.00181
15	0.01321	0.28692	0.04618	0.04267	0.13487	0.08266	0.02905	0.03334	0.08221	0.02457	0.02358	0.04238	0.00375	0.00781	0.03415	0.00065	0.09894	0.00957	0.00108	0.00242

[dist]
# distance from previous block
# <min> <max>
0	1

[block]
# block no. 11 follows, 167 sequences, length 17
# corresponding to MSA columns:
# 323-326,342-354
name=unknown_L
#
# <colnr> <probs for GDERKNQSTAVLIFYWHMCP>
#	G	D	E	R	K	N	Q	S	T	A	V	L	I	F	Y	W	H	M	C	P
0	0.00291	0.00217	0.00262	0.00250	0.00305	0.00206	0.00187	0.00410	0.10203	0.02539	0.48581	0.11229	0.15511	0.03725	0.00243	0.00066	0.00106	0.02379	0.00189	0.03100
1	0.00340	0.00287	0.04452	0.08147	0.03818	0.01574	0.01994	0.02697	0.08615	0.05015	0.16526	0.28518	0.08964	0.00383	0.00210	0.00065	0.00144	0.03214	0.04835	0.00201
2	0.00478	0.16144	0.14975	0.02447	0.03729	0.02914	0.04070	0.06423	0.13036	0.08890	0.01298	0.03495	0.00374	0.00245	0.03332	0.00060	0.02043	0.00165	0.00127	0.15755
3	0.04616	0.00301	0.00378	0.00315	0.01720	0.00973	0.02376	0.06816	0.03367	0.28147	0.25055	0.02657	0.03603	0.03591	0.01604	0.00062	0.00148	0.00228	0.00182	0.13861
4	0.02594	0.13563	0.09760	0.06458	0.01611	0.17815	0.10250	0.09430	0.04502	0.05831	0.02337	0.01210	0.05762	0.01543	0.00201	0.00057	0.02845	0.01571	0.00121	0.02540
5	0.26129	0.00506	0.13556	0.01950	0.07396	0.08289	0.10380	0.06100	0.02564	0.05105	0.00390	0.04789	0.00323	0.01119	0.04771	0.00073	0.06040	0.00168	0.00116	0.00236
6	0.00343	0.00205	0.00258	0.00256	0.00308	0.00185	0.00188	0.00405	0.02274	0.16391	0.15571	0.39144	0.20276	0.01766	0.00232	0.00069	0.00114	0.01639	0.00188	0.00188
7	0.03534	0.17833	0.00610	0.02649	0.00568	0.53852	0.00352	0.15839	0.00545	0.00585	0.00309	0.00352	0.00252	0.00193	0.00169	0.00049	0.01838	0.00126	0.00108	0.00237
8	0.02914	0.00272	0.00323	0.00274	0.00370	0.00248	0.00212	0.00524	0.12543	0.10964	0.33622	0.05040	0.07414	0.00296	0.00190	0.00052	0.00119	0.00253	0.00176	0.24196
9	0.00283	0.00215	0.01548	0.03181	0.00348	0.00222	0.00223	0.02718	0.00378	0.01712	0.19545	0.16226	0.02025	0.05015	0.44344	0.01118	0.00304	0.00285	0.00138	0.00171
10	0.00509	0.47794	0.03278	0.01347	0.01398	0.00590	0.04982	0.17639	0.02459	0.03449	0.01418	0.07566	0.00366	0.00228	0.00188	0.01744	0.04513	0.00166	0.00117	0.00248
11	0.00245	0.00179	0.00221	0.00240	0.00274	0.00161	0.00170	0.00293	0.00410	0.02174	0.16950	0.48591	0.26024	0.00511	0.00230	0.00069	0.00104	0.02814	0.00180	0.00161
12	0.00348	0.00206	0.00266	0.00267	0.00314	0.00189	0.00195	0.01621	0.01378	0.16035	0.15671	0.45465	0.10250	0.02692	0.00242	0.00071	0.00118	0.04296	0.00187	0.00188
13	0.02981	0.01234	0.00494	0.15840	0.11951	0.18526	0.01281	0.02772	0.02854	0.13712	0.05378	0.04233	0.00436	0.01531	0.03200	0.00706	0.03281	0.00822	0.00795	0.07974
14	0.08232	0.00332	0.00406	0.05817	0.00462	0.03367	0.01906	0.09081	0.01349	0.20878	0.00494	0.00665	0.00417	0.18490	0.12047	0.00115	0.12468	0.00189	0.01787	0.01498
15	0.09750	0.33360	0.09524	0.05751	0.18149	0.06635	0.02901	0.02155	0.01633	0.02740	0.01143	0.00390	0.00273	0.00180	0.00172	0.00052	0.03967	0.00134	0.00096	0.00996
16	0.02006	0.05668	0.00623	0.05499	0.29893	0.11388	0.06176	0.06176	0.09106	0.05773	0.07013	0.00539	0.00423	0.00213	0.00213	0.00057	0.06794	0.00177	0.02003	0.00259

[dist]
# distance from previous block
# <min> <max>
0	4

[block]
# block no. 12 follows, 167 sequences, length 13
# corresponding to MSA columns:
# 376-388
name=unknown_M
#
# <colnr> <probs for GDERKNQSTAVLIFYWHMCP>
#	G	D	E	R	K	N	Q	S	T	A	V	L	I	F	Y	W	H	M	C	P
0	0.00269	0.00192	0.00240	0.00242	0.00283	0.00179	0.00175	0.00347	0.03618	0.03077	0.43253	0.28554	0.15210	0.03194	0.00245	0.00068	0.00102	0.00393	0.00188	0.00172
1	0.00266	0.00189	0.00240	0.00239	0.00282	0.00172	0.00177	0.00336	0.00474	0.03095	0.53671	0.20367	0.15868	0.00438	0.00224	0.00064	0.00098	0.03436	0.00193	0.00172
2	0.00274	0.00190	0.00230	0.00235	0.00274	0.00174	0.00171	0.00317	0.00405	0.03987	0.17891	0.16417	0.29408	0.15092	0.00365	0.04643	0.00123	0.09481	0.00167	0.00157
3	0.00471	0.01616	0.07567	0.00402	0.00524	0.00445	0.04814	0.09832	0.59754	0.03229	0.03624	0.04730	0.01631	0.00259	0.00193	0.00062	0.00168	0.00220	0.00176	0.00282
4	0.01961	0.00475	0.15765	0.12085	0.31851	0.00392	0.07981	0.04461	0.00451	0.09088	0.10054	0.03696	0.00479	0.00215	0.00191	0.00059	0.00216	0.00197	0.00121	0.00262
5	0.09273	0.17342	0.11478	0.01553	0.02831	0.02487	0.01163	0.15563	0.01992	0.25205	0.00454	0.01502	0.00329	0.00198	0.00164	0.00052	0.00192	0.00151	0.00147	0.07924
6	0.07196	0.00323	0.00411	0.00324	0.00456	0.00299	0.00265	0.06514	0.03131	0.69583	0.05015	0.02622	0.00516	0.00242	0.00184	0.00058	0.00154	0.00195	0.02216	0.00296
7	0.00294	0.00190	0.00243	0.00245	0.00284	0.00175	0.00176	0.00347	0.00428	0.07802	0.31746	0.31711	0.12427	0.08053	0.01987	0.01669	0.00119	0.01751	0.00181	0.00170
8	0.01644	0.09807	0.30366	0.06563	0.21014	0.05141	0.04183	0.02563	0.03567	0.09745	0.00398	0.01273	0.00305	0.00192	0.00183	0.00057	0.01548	0.01075	0.00107	0.00270
9	0.04200	0.01973	0.05987	0.05224	0.30364	0.02383	0.11932	0.07570	0.03218	0.13550	0.03506	0.01862	0.01294	0.00231	0.01886	0.01167	0.01562	0.00185	0.01641	0.00267
10	0.00257	0.00185	0.00223	0.00235	0.00269	0.00170	0.00165	0.00307	0.01593	0.02741	0.15861	0.36265	0.25098	0.12488	0.01703	0.00086	0.00119	0.01906	0.00171	0.00159
11	0.01674	0.04856	0.48320	0.02227	0.05814	0.03618	0.06526	0.02999	0.04958	0.00608	0.07175	0.02846	0.04445	0.00245	0.02151	0.00064	0.00930	0.00184	0.00106	0.00253
12	0.08240	0.03834	0.42613	0.03485	0.09567	0.05015	0.03026	0.03025	0.00464	0.12021	0.01753	0.00568	0.00371	0.00235	0.00207	0.00068	0.01860	0.03227	0.00129	0.00292

[dist]
# distance from previous block
# <min> <max>
0	105

# created by:
# /home/simao/soft/augustus-3.0.3/scripts/msa2prfl.pl ./align_prep/COG0088.fa
