[name]
unknown

[dist]
# distance from previous block
# <min> <max>
0	12

[block]
# block no. 0 follows, 258 sequences, length 23
# corresponding to MSA columns:
# 13-35
name=unknown_A
#
# <colnr> <probs for GDERKNQSTAVLIFYWHMCP>
#	G	D	E	R	K	N	Q	S	T	A	V	L	I	F	Y	W	H	M	C	P
0	0.00363	0.73434	0.00588	0.00234	0.00335	0.09036	0.00219	0.12397	0.00306	0.00360	0.00195	0.00221	0.00170	0.00128	0.01532	0.00031	0.00146	0.00075	0.00064	0.00166
1	0.00257	0.00218	0.00245	0.00193	0.00279	0.01912	0.00152	0.03910	0.12587	0.00451	0.17981	0.00467	0.05574	0.00149	0.00112	0.00028	0.00090	0.00124	0.00097	0.55174
2	0.00153	0.00119	0.00139	0.00151	0.00177	0.00106	0.00107	0.00184	0.00273	0.00348	0.10728	0.42216	0.44163	0.00344	0.00153	0.00046	0.00067	0.00301	0.00119	0.00106
3	0.08867	0.00257	0.00299	0.01381	0.00333	0.05638	0.00193	0.12720	0.00373	0.67072	0.00419	0.00377	0.00271	0.00150	0.00124	0.00039	0.01032	0.00117	0.00137	0.00201
4	0.00356	0.76151	0.02142	0.00241	0.00343	0.16787	0.01791	0.00398	0.00273	0.00301	0.00180	0.00209	0.00162	0.00111	0.00088	0.00028	0.00152	0.00071	0.00056	0.00159
5	0.00321	0.00166	0.00222	0.00211	0.00259	0.00157	0.00172	0.02546	0.00302	0.31618	0.02465	0.08336	0.00542	0.10273	0.03586	0.00061	0.00116	0.36606	0.01894	0.00145
6	0.00157	0.00113	0.00147	0.00172	0.00183	0.00106	0.00118	0.00180	0.00244	0.00321	0.00725	0.77852	0.08672	0.04920	0.00183	0.00054	0.00077	0.05561	0.00115	0.00102
7	0.00347	0.00305	0.00321	0.04470	0.08769	0.09748	0.00227	0.10584	0.56011	0.04238	0.01593	0.00424	0.02078	0.00160	0.00126	0.00040	0.00123	0.00131	0.00113	0.00190
8	0.00299	0.00255	0.00360	0.50171	0.05131	0.03258	0.02093	0.11204	0.08466	0.05034	0.01231	0.00374	0.00780	0.00145	0.00140	0.00041	0.05141	0.01680	0.04038	0.00158
9	0.00152	0.00125	0.00133	0.00137	0.00174	0.00107	0.00101	0.00184	0.00284	0.00347	0.06727	0.13507	0.75455	0.00325	0.00150	0.00044	0.00065	0.01760	0.00118	0.00106
10	0.00291	0.00272	0.00369	0.54793	0.11799	0.11105	0.01126	0.02433	0.03453	0.04497	0.02478	0.00358	0.00222	0.00161	0.03356	0.00045	0.00167	0.00891	0.02031	0.00152
11	0.02581	0.00585	0.00352	0.00319	0.00385	0.90935	0.00240	0.02546	0.00358	0.00323	0.00196	0.00227	0.00162	0.00130	0.00113	0.00033	0.00222	0.00081	0.00066	0.00147
12	0.14279	0.00236	0.00275	0.00218	0.00308	0.04900	0.00178	0.02746	0.00341	0.70706	0.02149	0.00393	0.00292	0.00150	0.00118	0.00038	0.00110	0.00117	0.02250	0.00195
13	0.05257	0.00432	0.30090	0.04649	0.00495	0.11140	0.23531	0.08232	0.01215	0.03784	0.01814	0.02040	0.02770	0.00150	0.01860	0.00043	0.01055	0.00121	0.01155	0.00168
14	0.01587	0.02069	0.02074	0.20661	0.16449	0.01472	0.04341	0.06897	0.01911	0.10104	0.03376	0.05137	0.03345	0.00195	0.00140	0.00044	0.01220	0.18725	0.00093	0.00158
15	0.01262	0.00207	0.00300	0.25991	0.03446	0.00212	0.02076	0.03536	0.04027	0.33481	0.19388	0.01675	0.02784	0.00174	0.00132	0.00040	0.00116	0.00869	0.00116	0.00167
16	0.41250	0.00285	0.05216	0.12362	0.14076	0.05514	0.02040	0.03158	0.00747	0.02389	0.00934	0.01357	0.00198	0.00885	0.04332	0.00048	0.03096	0.01888	0.00074	0.00151
17	0.00297	0.01187	0.03063	0.03492	0.51309	0.06141	0.02464	0.00357	0.00263	0.00367	0.00246	0.05666	0.00228	0.01110	0.00199	0.00043	0.22564	0.00771	0.00064	0.00171
18	0.03417	0.13585	0.11648	0.20596	0.12898	0.01542	0.02793	0.06975	0.04606	0.06613	0.05386	0.03003	0.01997	0.00149	0.00586	0.00039	0.00141	0.01254	0.00080	0.02694
19	0.00314	0.02072	0.11256	0.01347	0.14557	0.02963	0.21886	0.10539	0.12380	0.05182	0.08640	0.01003	0.01077	0.02684	0.03495	0.00048	0.00157	0.00137	0.00089	0.00175
20	0.00216	0.00145	0.00180	0.00167	0.00204	0.00140	0.00126	0.00300	0.09237	0.06115	0.66049	0.03580	0.04562	0.00240	0.00140	0.00039	0.00066	0.00209	0.08152	0.00131
21	0.00275	0.11270	0.07540	0.02934	0.04996	0.01294	0.01520	0.13466	0.07783	0.03888	0.08085	0.18933	0.08820	0.01158	0.04616	0.00049	0.00123	0.02228	0.00101	0.00920
22	0.00200	0.00146	0.00172	0.00172	0.00209	0.00138	0.00133	0.02501	0.05941	0.04021	0.18747	0.10444	0.33712	0.06014	0.00181	0.00050	0.00082	0.16898	0.00120	0.00120

[dist]
# distance from previous block
# <min> <max>
0	1

[block]
# block no. 1 follows, 258 sequences, length 26
# corresponding to MSA columns:
# 37-62
name=unknown_B
#
# <colnr> <probs for GDERKNQSTAVLIFYWHMCP>
#	G	D	E	R	K	N	Q	S	T	A	V	L	I	F	Y	W	H	M	C	P
0	0.00262	0.00231	0.02046	0.00198	0.01347	0.01562	0.00158	0.01786	0.00269	0.01299	0.02192	0.03266	0.01571	0.00129	0.02017	0.00025	0.00101	0.00092	0.00078	0.81370
1	0.02729	0.00242	0.00293	0.01264	0.00315	0.01080	0.00195	0.26233	0.01736	0.33961	0.02378	0.00412	0.00292	0.02638	0.09449	0.01469	0.08101	0.01167	0.05867	0.00179
2	0.01688	0.00345	0.00365	0.00283	0.00380	0.01960	0.00233	0.84135	0.04421	0.03532	0.00313	0.00311	0.00222	0.00151	0.00124	0.00038	0.00136	0.00113	0.01039	0.00210
3	0.01667	0.00313	0.00462	0.11466	0.68770	0.09355	0.00353	0.01164	0.01621	0.00954	0.01058	0.00315	0.00205	0.00131	0.01609	0.00040	0.00159	0.00110	0.00065	0.00184
4	0.00177	0.00133	0.00172	0.01074	0.00211	0.00739	0.01290	0.00222	0.01927	0.01077	0.23102	0.38769	0.13380	0.01921	0.00164	0.00049	0.00080	0.15281	0.00120	0.00112
5	0.00258	0.00240	0.00357	0.11919	0.44615	0.02622	0.00275	0.00994	0.05859	0.00397	0.08906	0.02055	0.19807	0.00992	0.00136	0.00040	0.00123	0.00159	0.00085	0.00162
6	0.08668	0.00236	0.08581	0.08499	0.10955	0.00208	0.02599	0.01637	0.02454	0.12396	0.24867	0.04376	0.07536	0.00212	0.02447	0.00045	0.01605	0.02027	0.00501	0.00152
7	0.03840	0.02030	0.11673	0.11707	0.08916	0.10712	0.00714	0.13799	0.01723	0.26331	0.00313	0.00339	0.00225	0.00161	0.02121	0.01099	0.03102	0.00917	0.00097	0.00181
8	0.00165	0.00129	0.00145	0.00146	0.00178	0.00117	0.00106	0.00208	0.02674	0.00368	0.21675	0.08829	0.49209	0.12026	0.00210	0.00053	0.00073	0.03465	0.00117	0.00107
9	0.00338	0.00164	0.00217	0.00198	0.00249	0.00150	0.00150	0.01924	0.03363	0.40073	0.05309	0.44087	0.01468	0.00271	0.00143	0.00044	0.00088	0.00238	0.00746	0.00781
10	0.01867	0.10930	0.21351	0.09258	0.19043	0.10940	0.09905	0.02348	0.07116	0.03408	0.00265	0.01436	0.00634	0.00128	0.00120	0.00038	0.00165	0.00803	0.00070	0.00175
11	0.00173	0.00130	0.00156	0.00152	0.00185	0.00118	0.00113	0.00226	0.02297	0.01318	0.53131	0.07474	0.31510	0.01553	0.00868	0.00044	0.00066	0.00244	0.00128	0.00115
12	0.00166	0.00118	0.00159	0.00187	0.00200	0.00113	0.00136	0.00196	0.00250	0.00332	0.00676	0.69680	0.00793	0.03246	0.00178	0.00055	0.00085	0.23211	0.00115	0.00104
13	0.00282	0.00263	0.00888	0.01559	0.42376	0.01030	0.21460	0.00358	0.01755	0.03653	0.06225	0.08627	0.01536	0.02054	0.00148	0.00043	0.00146	0.07347	0.00081	0.00168
14	0.00886	0.13885	0.20383	0.12052	0.20597	0.05262	0.07549	0.06247	0.01098	0.06653	0.00253	0.00315	0.00198	0.00128	0.00125	0.00038	0.02159	0.01925	0.00070	0.00177
15	0.00266	0.00508	0.59643	0.01171	0.10955	0.01619	0.03999	0.00961	0.01586	0.01583	0.00243	0.02127	0.00191	0.00173	0.04535	0.00049	0.10048	0.00107	0.00059	0.00176
16	0.91157	0.00259	0.01842	0.01251	0.00259	0.02801	0.00147	0.00372	0.00219	0.00551	0.00177	0.00207	0.00137	0.00117	0.00080	0.00039	0.00103	0.00069	0.00077	0.00137
17	0.00183	0.00135	0.00193	0.00201	0.02627	0.00151	0.00143	0.00218	0.00200	0.00284	0.00354	0.02409	0.00354	0.23132	0.68639	0.00176	0.00276	0.00149	0.00070	0.00106
18	0.00154	0.00126	0.00132	0.00132	0.00171	0.00108	0.00098	0.00189	0.00292	0.00361	0.11881	0.04005	0.78838	0.00309	0.00147	0.00042	0.00063	0.00260	0.02584	0.00108
19	0.19808	0.03926	0.10517	0.10969	0.18959	0.01996	0.02916	0.05233	0.03685	0.10869	0.00917	0.06554	0.00246	0.01276	0.00127	0.00603	0.01029	0.00120	0.00083	0.00167
20	0.20957	0.26336	0.20593	0.00260	0.00369	0.10353	0.00257	0.13017	0.03183	0.01509	0.00218	0.00244	0.00171	0.00125	0.00106	0.00035	0.01945	0.00084	0.00073	0.00168
21	0.00198	0.00130	0.00166	0.00163	0.00179	0.00134	0.00112	0.00218	0.00212	0.04267	0.05679	0.01829	0.05016	0.44798	0.30671	0.03820	0.00181	0.00169	0.01963	0.00097
22	0.00310	0.03604	0.31940	0.06130	0.13600	0.03897	0.04316	0.09352	0.08982	0.06409	0.02998	0.04892	0.00694	0.00768	0.01012	0.00042	0.00669	0.00124	0.00082	0.00179
23	0.00213	0.02070	0.11853	0.02912	0.04481	0.00781	0.01551	0.01224	0.03087	0.02788	0.32110	0.05258	0.13664	0.08052	0.08877	0.00533	0.00122	0.00189	0.00103	0.00131
24	0.01808	0.01637	0.12396	0.01970	0.11927	0.02065	0.02966	0.03469	0.04944	0.03031	0.15308	0.05452	0.28145	0.00226	0.01066	0.00042	0.02223	0.00185	0.00100	0.01040
25	0.11705	0.32053	0.26505	0.01020	0.03439	0.01995	0.03561	0.03136	0.05513	0.04879	0.01981	0.01763	0.00210	0.00126	0.00104	0.00035	0.00143	0.00095	0.00071	0.01662

[dist]
# distance from previous block
# <min> <max>
2	40

[block]
# block no. 2 follows, 258 sequences, length 8
# corresponding to MSA columns:
# 107-114
name=unknown_C
#
# <colnr> <probs for GDERKNQSTAVLIFYWHMCP>
#	G	D	E	R	K	N	Q	S	T	A	V	L	I	F	Y	W	H	M	C	P
0	0.00171	0.00132	0.00154	0.00161	0.00187	0.00126	0.00115	0.00221	0.06796	0.00343	0.07026	0.29717	0.33092	0.13124	0.04562	0.00063	0.00091	0.03700	0.00111	0.00109
1	0.00263	0.01485	0.10796	0.25160	0.12687	0.03552	0.01585	0.04998	0.09199	0.01451	0.17855	0.03304	0.03579	0.00187	0.02324	0.00044	0.01141	0.00146	0.00087	0.00156
2	0.00169	0.00125	0.00150	0.00148	0.00177	0.00113	0.00108	0.00211	0.00308	0.00416	0.48586	0.11001	0.27397	0.07793	0.00186	0.00048	0.00067	0.00245	0.02642	0.00110
3	0.01638	0.04967	0.17897	0.01363	0.04126	0.06565	0.14812	0.05241	0.08481	0.04696	0.06808	0.01303	0.01212	0.09953	0.09468	0.00063	0.00170	0.00133	0.00946	0.00157
4	0.00157	0.00112	0.00147	0.00173	0.00182	0.00105	0.00117	0.00179	0.00240	0.00318	0.00688	0.81498	0.03840	0.07143	0.00194	0.00056	0.00078	0.04558	0.00114	0.00101
5	0.00327	0.00304	0.02129	0.02625	0.54875	0.05635	0.01892	0.12334	0.04439	0.02631	0.02642	0.03935	0.04007	0.00147	0.00128	0.00039	0.00142	0.01503	0.00082	0.00185
6	0.23733	0.02244	0.02140	0.00195	0.00241	0.00200	0.00157	0.00279	0.02231	0.00370	0.00290	0.00408	0.00263	0.03437	0.57988	0.00139	0.00246	0.00114	0.00071	0.05252
7	0.16222	0.07070	0.01158	0.14770	0.05513	0.03604	0.01446	0.04218	0.08585	0.01979	0.05754	0.02187	0.01080	0.08777	0.13932	0.00070	0.01740	0.00869	0.00081	0.00946

[dist]
# distance from previous block
# <min> <max>
3	11

[block]
# block no. 3 follows, 258 sequences, length 19
# corresponding to MSA columns:
# 129-147
name=unknown_D
#
# <colnr> <probs for GDERKNQSTAVLIFYWHMCP>
#	G	D	E	R	K	N	Q	S	T	A	V	L	I	F	Y	W	H	M	C	P
0	0.38452	0.00256	0.00790	0.10205	0.01899	0.02175	0.00963	0.09961	0.00940	0.06091	0.00231	0.00264	0.00176	0.00119	0.00101	0.00034	0.01339	0.00085	0.00924	0.24996
1	0.00288	0.00175	0.00216	0.00189	0.00953	0.01548	0.00145	0.07180	0.01850	0.19902	0.55536	0.01969	0.04103	0.00901	0.00142	0.00039	0.00080	0.00190	0.01097	0.03497
2	0.00151	0.00127	0.00131	0.00131	0.00171	0.00107	0.00098	0.00185	0.00291	0.00353	0.09406	0.03603	0.84187	0.00314	0.00149	0.00042	0.00063	0.00264	0.00118	0.00107
3	0.00353	0.01427	0.12626	0.10236	0.20300	0.07032	0.01419	0.23593	0.10541	0.04240	0.01535	0.00331	0.00230	0.00139	0.00132	0.00039	0.03107	0.00113	0.02422	0.00186
4	0.14869	0.01787	0.12208	0.03002	0.03775	0.03289	0.01263	0.05207	0.04092	0.02063	0.00250	0.00760	0.00774	0.00508	0.00567	0.00032	0.02856	0.01434	0.00077	0.41186
5	0.00190	0.00166	0.00240	0.40720	0.00470	0.00181	0.00209	0.00244	0.00267	0.00338	0.06457	0.15199	0.31364	0.01752	0.00149	0.00045	0.00111	0.01689	0.00091	0.00120
6	0.00809	0.02273	0.07181	0.06536	0.18469	0.01623	0.10187	0.01681	0.03557	0.02183	0.03997	0.02026	0.00324	0.23401	0.10461	0.00077	0.03870	0.00142	0.01060	0.00142
7	0.00304	0.11648	0.00401	0.50955	0.01510	0.06588	0.02540	0.08102	0.00294	0.04755	0.00235	0.00304	0.00180	0.00123	0.00116	0.00036	0.00154	0.00101	0.00069	0.11585
8	0.00183	0.00131	0.00163	0.00156	0.00188	0.00120	0.00116	0.01314	0.00333	0.02248	0.65710	0.05866	0.17266	0.02179	0.00846	0.00043	0.00066	0.00934	0.02018	0.00117
9	0.02964	0.00331	0.01381	0.02104	0.16323	0.00351	0.05300	0.60937	0.03171	0.03646	0.00293	0.00311	0.00214	0.00140	0.00125	0.00038	0.00141	0.00114	0.00108	0.02010
10	0.00269	0.00238	0.00347	0.18286	0.32644	0.03820	0.00271	0.02974	0.05732	0.02825	0.05228	0.11702	0.04017	0.00245	0.08309	0.00055	0.00837	0.01405	0.00638	0.00158
11	0.04036	0.06629	0.02053	0.10554	0.05207	0.03802	0.00203	0.03634	0.04719	0.03392	0.00243	0.00285	0.00196	0.00905	0.00110	0.00028	0.01111	0.00088	0.00076	0.52729
12	0.51762	0.18460	0.16378	0.00226	0.00330	0.02109	0.02662	0.04520	0.00254	0.02050	0.00197	0.00226	0.00153	0.00117	0.00091	0.00037	0.00127	0.00077	0.00072	0.00155
13	0.00181	0.00141	0.00199	0.15392	0.03369	0.00145	0.00165	0.00774	0.00250	0.00330	0.01761	0.47810	0.10399	0.05709	0.03909	0.00964	0.00106	0.06642	0.01641	0.00112
14	0.00245	0.00369	0.33530	0.52171	0.01738	0.00272	0.01932	0.00347	0.00261	0.01933	0.01470	0.01789	0.03142	0.00135	0.00125	0.00041	0.00167	0.00116	0.00061	0.00156
15	0.01007	0.01026	0.00843	0.05789	0.24405	0.01742	0.04572	0.03790	0.00903	0.03109	0.30621	0.01727	0.14208	0.00222	0.02706	0.00044	0.00114	0.01935	0.01088	0.00148
16	0.00189	0.00128	0.00187	0.00189	0.00204	0.00142	0.00141	0.00206	0.00196	0.00275	0.00346	0.04916	0.01791	0.05038	0.57364	0.24632	0.01336	0.02554	0.00069	0.00096
17	0.00304	0.00304	0.16460	0.05548	0.16656	0.00242	0.04374	0.07174	0.07744	0.11091	0.15027	0.01854	0.01856	0.00159	0.00128	0.00038	0.00127	0.01764	0.02045	0.07106
18	0.15913	0.06276	0.03411	0.04560	0.22579	0.10406	0.06121	0.14400	0.03521	0.05811	0.02367	0.00311	0.01093	0.00131	0.00119	0.00037	0.01542	0.00106	0.00083	0.01210

[dist]
# distance from previous block
# <min> <max>
5	8

[block]
# block no. 4 follows, 258 sequences, length 33
# corresponding to MSA columns:
# 158-190
name=unknown_E
#
# <colnr> <probs for GDERKNQSTAVLIFYWHMCP>
#	G	D	E	R	K	N	Q	S	T	A	V	L	I	F	Y	W	H	M	C	P
0	0.22488	0.01540	0.01016	0.21727	0.08355	0.29676	0.03090	0.03074	0.00291	0.03781	0.00223	0.01095	0.00178	0.01081	0.00763	0.00039	0.00595	0.00096	0.00071	0.00822
1	0.63810	0.04719	0.02438	0.00239	0.00325	0.10433	0.12695	0.01748	0.00249	0.00497	0.00199	0.01801	0.00160	0.00121	0.00094	0.00038	0.00130	0.00086	0.00074	0.00144
2	0.00166	0.00118	0.00150	0.00167	0.00177	0.00114	0.00113	0.00187	0.00232	0.00308	0.03265	0.51771	0.05144	0.25721	0.05346	0.00078	0.00102	0.06641	0.00104	0.00097
3	0.96476	0.00243	0.00184	0.00165	0.00243	0.00282	0.00136	0.00369	0.00214	0.00563	0.00175	0.00204	0.00136	0.00117	0.00078	0.00039	0.00097	0.00068	0.00078	0.00136
4	0.00180	0.00145	0.00169	0.00985	0.00931	0.00853	0.00125	0.00235	0.05098	0.01116	0.23101	0.06099	0.44075	0.04153	0.07410	0.00058	0.02723	0.02313	0.00114	0.00116
5	0.00832	0.00188	0.00235	0.00796	0.00269	0.00714	0.00159	0.08176	0.02860	0.41632	0.06537	0.16497	0.14143	0.00761	0.03421	0.00047	0.00103	0.00877	0.01590	0.00165
6	0.00155	0.00127	0.00137	0.00135	0.00174	0.00109	0.00102	0.00192	0.00299	0.00372	0.20106	0.02617	0.73250	0.00307	0.00149	0.00042	0.00063	0.01432	0.00121	0.00109
7	0.00160	0.00120	0.00149	0.00157	0.00181	0.00109	0.00112	0.00197	0.00291	0.00388	0.33276	0.39988	0.23758	0.00328	0.00153	0.00045	0.00066	0.00290	0.00124	0.00109
8	0.00437	0.00332	0.00354	0.00281	0.00374	0.00370	0.00229	0.71617	0.23427	0.00726	0.00352	0.00342	0.00255	0.00155	0.00126	0.00039	0.00129	0.00120	0.00126	0.00210
9	0.00316	0.00271	0.00286	0.00256	0.00328	0.00314	0.00200	0.02728	0.92513	0.00531	0.00506	0.00465	0.00379	0.00170	0.00128	0.00042	0.00100	0.00141	0.00128	0.00199
10	0.00429	0.01506	0.00355	0.00267	0.00369	0.01975	0.00220	0.70937	0.02650	0.00695	0.00287	0.00294	0.00210	0.00139	0.00118	0.00034	0.00130	0.00105	0.00114	0.19165
11	0.01813	0.00954	0.03721	0.07670	0.42186	0.00946	0.14311	0.06755	0.01112	0.12199	0.00295	0.02193	0.01212	0.00141	0.01317	0.00041	0.02286	0.00124	0.00536	0.00185
12	0.96476	0.00243	0.00184	0.00165	0.00243	0.00282	0.00136	0.00369	0.00214	0.00563	0.00175	0.00204	0.00136	0.00117	0.00078	0.00039	0.00097	0.00068	0.00078	0.00136
13	0.00165	0.00125	0.00152	0.00151	0.00181	0.00112	0.00111	0.00210	0.00317	0.00426	0.52198	0.15438	0.29364	0.00296	0.00150	0.00042	0.00063	0.00258	0.00128	0.00112
14	0.00189	0.00138	0.00184	0.00209	0.00236	0.00135	0.00174	0.00241	0.01537	0.00366	0.02274	0.17166	0.11831	0.00347	0.00167	0.00054	0.00101	0.64421	0.00116	0.00113
15	0.03272	0.14570	0.01463	0.00250	0.00335	0.00342	0.00208	0.21632	0.45949	0.04857	0.01592	0.01013	0.00772	0.00155	0.00120	0.00038	0.00833	0.00122	0.00113	0.02360
16	0.06886	0.50147	0.01571	0.00262	0.00334	0.04696	0.03660	0.01034	0.00243	0.00328	0.00181	0.00235	0.00165	0.00143	0.00182	0.00037	0.27963	0.00085	0.01699	0.00152
17	0.01039	0.02456	0.14288	0.26524	0.23651	0.04112	0.00733	0.03664	0.01605	0.04591	0.02185	0.00355	0.02922	0.00176	0.04511	0.00048	0.06790	0.00115	0.00069	0.00166
18	0.00305	0.05113	0.49748	0.02175	0.06889	0.01544	0.12104	0.02921	0.01865	0.10572	0.02788	0.01472	0.00225	0.00131	0.00127	0.00039	0.01193	0.00532	0.00073	0.00182
19	0.00555	0.00211	0.00287	0.00221	0.00316	0.00183	0.00182	0.00604	0.00357	0.92564	0.00493	0.00428	0.00311	0.00155	0.00125	0.00039	0.00106	0.00126	0.02527	0.00211
20	0.01091	0.00227	0.00769	0.68339	0.08115	0.00858	0.01284	0.00334	0.01647	0.04420	0.00279	0.03489	0.02220	0.00166	0.02695	0.00783	0.02950	0.00124	0.00066	0.00145
21	0.00324	0.06897	0.16447	0.19695	0.18355	0.02613	0.08197	0.04716	0.02100	0.13063	0.00950	0.02389	0.00813	0.00136	0.00127	0.00039	0.01132	0.00746	0.01085	0.00175
22	0.00716	0.00885	0.04553	0.11104	0.26593	0.03405	0.15448	0.04615	0.02657	0.17394	0.00342	0.07522	0.01038	0.00527	0.00688	0.00042	0.00525	0.01680	0.00088	0.00177
23	0.42820	0.01139	0.00318	0.06560	0.10550	0.16820	0.03694	0.01818	0.00256	0.01102	0.00196	0.00252	0.00161	0.00134	0.00142	0.00040	0.13237	0.00544	0.00070	0.00148
24	0.00187	0.00147	0.00957	0.00173	0.01370	0.00137	0.00129	0.00260	0.08037	0.01606	0.49573	0.12145	0.22491	0.00276	0.00150	0.00042	0.01112	0.00958	0.00127	0.00123
25	0.91591	0.00245	0.00192	0.00170	0.00248	0.00282	0.00140	0.02750	0.00227	0.02988	0.00186	0.00212	0.00142	0.00118	0.00080	0.00039	0.00098	0.00071	0.00081	0.00140
26	0.96476	0.00243	0.00184	0.00165	0.00243	0.00282	0.00136	0.00369	0.00214	0.00563	0.00175	0.00204	0.00136	0.00117	0.00078	0.00039	0.00097	0.00068	0.00078	0.00136
27	0.00257	0.00530	0.66210	0.04745	0.16768	0.00283	0.02343	0.00381	0.00272	0.00398	0.03761	0.00322	0.02127	0.00128	0.00125	0.00040	0.00964	0.00107	0.00059	0.00181
28	0.00173	0.00125	0.00154	0.00155	0.00184	0.00113	0.00113	0.00215	0.00308	0.02615	0.44396	0.24449	0.25928	0.00304	0.00151	0.00043	0.00065	0.00267	0.00127	0.00113
29	0.00152	0.00115	0.00141	0.00161	0.00179	0.00104	0.00111	0.00178	0.00256	0.00331	0.03623	0.67265	0.26192	0.00369	0.00157	0.00048	0.00070	0.00328	0.00117	0.00104
30	0.19109	0.00175	0.00190	0.00163	0.00223	0.00174	0.00130	0.01775	0.00287	0.30112	0.01170	0.00416	0.00292	0.02960	0.00115	0.00037	0.00084	0.00113	0.42324	0.00151
31	0.01266	0.00191	0.05451	0.04698	0.03139	0.00189	0.00178	0.04650	0.07200	0.00341	0.02499	0.02120	0.01247	0.20694	0.43802	0.00882	0.00699	0.00553	0.00078	0.00123
32	0.00179	0.00128	0.00160	0.00153	0.00181	0.00118	0.00112	0.00227	0.00322	0.01601	0.67815	0.02500	0.12323	0.12562	0.00212	0.00051	0.00069	0.01047	0.00127	0.00112

[dist]
# distance from previous block
# <min> <max>
0	1

# created by:
# /home/simao/soft/augustus-3.0.3/scripts/msa2prfl.pl ./align_prep/COG0096.fa
