[name]
unknown

[dist]
# distance from previous block
# <min> <max>
0	42

[block]
# block no. 0 follows, 189 sequences, length 21
# corresponding to MSA columns:
# 43,44,52-65,74-78
name=unknown_A
#
# <colnr> <probs for GDERKNQSTAVLIFYWHMCP>
#	G	D	E	R	K	N	Q	S	T	A	V	L	I	F	Y	W	H	M	C	P
0	0.00394	0.00358	0.05648	0.28092	0.30095	0.00351	0.05245	0.02858	0.02728	0.09049	0.10143	0.00546	0.00416	0.00189	0.00176	0.00053	0.01334	0.01227	0.00874	0.00226
1	0.00393	0.04845	0.00382	0.00284	0.01937	0.02653	0.00223	0.04482	0.09820	0.06440	0.04138	0.01902	0.01686	0.00902	0.01552	0.00040	0.00897	0.00136	0.00119	0.57171
2	0.00320	0.00297	0.00494	0.89522	0.01115	0.00369	0.00453	0.02297	0.00346	0.00445	0.02589	0.00464	0.00257	0.00172	0.00168	0.00055	0.00218	0.00152	0.00079	0.00187
3	0.00226	0.00154	0.00204	0.00234	0.00251	0.00145	0.00161	0.00261	0.00336	0.02914	0.07701	0.74298	0.02150	0.04691	0.00240	0.00071	0.00103	0.05564	0.00156	0.00141
4	0.00380	0.00281	0.00303	0.00956	0.00339	0.05356	0.00207	0.16553	0.09447	0.05965	0.43340	0.00900	0.05554	0.00277	0.00177	0.00051	0.00119	0.00233	0.09364	0.00198
5	0.00267	0.00178	0.00227	0.00211	0.00257	0.00161	0.00159	0.00338	0.00455	0.07108	0.72221	0.02980	0.12163	0.02282	0.00209	0.00055	0.00086	0.00300	0.00180	0.00163
6	0.00333	0.00315	0.00402	0.32263	0.00621	0.08649	0.01776	0.01316	0.04264	0.00419	0.01487	0.01816	0.02276	0.20426	0.07605	0.00097	0.15496	0.00180	0.00091	0.00168
7	0.00327	0.00308	0.00515	0.53854	0.24835	0.00346	0.02880	0.00427	0.00356	0.00471	0.03695	0.03129	0.07763	0.00198	0.00172	0.00054	0.00198	0.00181	0.00089	0.00201
8	0.02415	0.00403	0.00428	0.00354	0.00464	0.00454	0.00283	0.46267	0.41488	0.00862	0.00536	0.02906	0.00408	0.01732	0.00179	0.00055	0.00157	0.00176	0.00166	0.00266
9	0.06014	0.01009	0.00909	0.02839	0.00464	0.44095	0.00276	0.09326	0.02386	0.04591	0.00914	0.11117	0.01285	0.00220	0.00616	0.00047	0.01139	0.00161	0.00112	0.12480
10	0.00415	0.00840	0.03737	0.28898	0.26158	0.09390	0.04144	0.05571	0.02085	0.06386	0.01888	0.05833	0.00336	0.00207	0.01400	0.00056	0.00719	0.00703	0.01014	0.00221
11	0.04853	0.00407	0.01228	0.01307	0.00453	0.13094	0.04123	0.00449	0.02666	0.00431	0.00270	0.00401	0.00250	0.01264	0.10300	0.00088	0.58007	0.00146	0.00081	0.00184
12	0.00243	0.00185	0.00207	0.00205	0.00254	0.01062	0.00154	0.00304	0.03044	0.03852	0.15725	0.11598	0.51395	0.03587	0.00223	0.00061	0.01123	0.05292	0.01331	0.00152
13	0.00275	0.00211	0.00289	0.02091	0.01380	0.00228	0.02323	0.04408	0.04748	0.01923	0.01468	0.02330	0.19529	0.02394	0.49519	0.04676	0.01715	0.00218	0.00113	0.00161
14	0.00587	0.00254	0.00333	0.00268	0.00371	0.00226	0.00217	0.02158	0.02604	0.61837	0.17574	0.00767	0.07249	0.00246	0.00173	0.00052	0.00124	0.00205	0.04511	0.00244
15	0.00405	0.00457	0.00962	0.00689	0.00856	0.02163	0.88149	0.03147	0.00407	0.00547	0.00338	0.00446	0.00253	0.00143	0.00195	0.00056	0.00279	0.00194	0.00087	0.00226
16	0.00228	0.00166	0.00200	0.00203	0.00242	0.00149	0.00147	0.00278	0.00395	0.02861	0.32666	0.24984	0.33048	0.03393	0.00221	0.00061	0.00090	0.00358	0.00164	0.00148
17	0.00245	0.00181	0.00212	0.00201	0.00255	0.00159	0.01533	0.00302	0.01317	0.05630	0.24797	0.05039	0.55158	0.02964	0.00214	0.00059	0.00093	0.01324	0.00163	0.00154
18	0.00476	0.36468	0.06993	0.00386	0.08598	0.05227	0.01702	0.12602	0.07149	0.09294	0.03930	0.01594	0.02194	0.00185	0.00144	0.00045	0.00177	0.00142	0.02460	0.00233
19	0.05626	0.36761	0.02716	0.00276	0.00391	0.00411	0.00247	0.02534	0.02636	0.13512	0.01624	0.01388	0.02741	0.03535	0.13075	0.00076	0.00196	0.00137	0.00108	0.12009
20	0.06448	0.22097	0.11020	0.02703	0.02270	0.08229	0.02380	0.06608	0.10809	0.08012	0.09718	0.02595	0.03005	0.00207	0.00156	0.00049	0.01010	0.00632	0.01835	0.00219

[dist]
# distance from previous block
# <min> <max>
0	3

[block]
# block no. 1 follows, 189 sequences, length 10
# corresponding to MSA columns:
# 83-92
name=unknown_B
#
# <colnr> <probs for GDERKNQSTAVLIFYWHMCP>
#	G	D	E	R	K	N	Q	S	T	A	V	L	I	F	Y	W	H	M	C	P
0	0.39022	0.31440	0.00528	0.01624	0.02132	0.02771	0.03463	0.09383	0.01718	0.02843	0.01205	0.00323	0.00236	0.00162	0.00126	0.00046	0.01214	0.00109	0.01448	0.00208
1	0.00360	0.01315	0.08998	0.12354	0.21414	0.02756	0.02197	0.06263	0.07501	0.01403	0.12592	0.03404	0.08779	0.00253	0.01797	0.00058	0.07295	0.00197	0.00850	0.00213
2	0.00365	0.00303	0.00331	0.00300	0.00379	0.00337	0.00233	0.04161	0.59751	0.00688	0.23524	0.00847	0.05365	0.00269	0.00179	0.00056	0.00119	0.02390	0.00172	0.00230
3	0.00212	0.00159	0.00205	0.00229	0.00249	0.00153	0.00160	0.00248	0.00337	0.00446	0.07905	0.66639	0.15156	0.00511	0.03362	0.00072	0.03244	0.00422	0.00152	0.00140
4	0.03828	0.00240	0.00305	0.00258	0.00339	0.00224	0.00203	0.05243	0.01603	0.39589	0.31750	0.04026	0.00840	0.05513	0.00215	0.00059	0.00120	0.02655	0.02773	0.00215
5	0.06007	0.00371	0.00433	0.00341	0.00460	0.00392	0.02078	0.39144	0.09486	0.31561	0.00502	0.00488	0.00349	0.01681	0.01824	0.00058	0.03044	0.00159	0.01358	0.00265
6	0.00610	0.00268	0.00352	0.00284	0.00392	0.00243	0.00231	0.03536	0.05399	0.64150	0.14989	0.00759	0.04068	0.00246	0.00176	0.00053	0.00131	0.03662	0.00196	0.00253
7	0.00553	0.05233	0.00482	0.00366	0.00473	0.06268	0.00301	0.55418	0.07540	0.04097	0.04222	0.00468	0.01960	0.00230	0.01379	0.00055	0.09274	0.00158	0.01273	0.00253
8	0.03309	0.03992	0.00441	0.00352	0.00464	0.02717	0.00284	0.35205	0.48166	0.02457	0.00534	0.00507	0.00395	0.00210	0.00164	0.00053	0.00157	0.00165	0.00162	0.00266
9	0.00349	0.00271	0.02120	0.05686	0.14269	0.02529	0.00265	0.07087	0.02440	0.08762	0.13905	0.27718	0.04726	0.04133	0.00219	0.00062	0.00982	0.04143	0.00143	0.00191

[dist]
# distance from previous block
# <min> <max>
3	14

[block]
# block no. 2 follows, 189 sequences, length 36
# corresponding to MSA columns:
# 110-126,129-132,134-137,173-183
name=unknown_C
#
# <colnr> <probs for GDERKNQSTAVLIFYWHMCP>
#	G	D	E	R	K	N	Q	S	T	A	V	L	I	F	Y	W	H	M	C	P
0	0.40369	0.00969	0.04972	0.05267	0.07079	0.03353	0.00268	0.02875	0.20363	0.03809	0.02360	0.03493	0.00341	0.00192	0.00143	0.00053	0.00880	0.00145	0.02857	0.00212
1	0.36771	0.05963	0.00417	0.02215	0.11259	0.15002	0.00275	0.06933	0.05714	0.11645	0.00336	0.00363	0.00254	0.00174	0.00141	0.00994	0.00175	0.00121	0.00116	0.01132
2	0.01542	0.05834	0.00525	0.01343	0.16549	0.62092	0.00349	0.04481	0.03744	0.00474	0.00288	0.00336	0.00237	0.00169	0.00151	0.00045	0.00261	0.00118	0.00091	0.01370
3	0.00355	0.00294	0.00391	0.00840	0.19649	0.00304	0.03014	0.04493	0.26954	0.02804	0.17055	0.05753	0.12986	0.00269	0.00179	0.00054	0.00134	0.00902	0.03353	0.00218
4	0.01892	0.15603	0.28723	0.00381	0.02589	0.00390	0.04657	0.06955	0.04914	0.14458	0.01023	0.00931	0.00287	0.00167	0.00148	0.00045	0.00185	0.00133	0.01250	0.15268
5	0.02268	0.02617	0.02848	0.01523	0.03777	0.03774	0.04245	0.07492	0.01187	0.57327	0.05237	0.02131	0.02202	0.00218	0.00170	0.00052	0.00159	0.02344	0.00175	0.00257
6	0.02685	0.00286	0.00372	0.00292	0.00410	0.00260	0.00239	0.07913	0.00484	0.73710	0.03146	0.01914	0.00441	0.00237	0.02369	0.00056	0.00147	0.00173	0.04598	0.00267
7	0.00763	0.00306	0.03221	0.07852	0.19153	0.00793	0.03894	0.02738	0.06160	0.17813	0.03006	0.01658	0.01373	0.00940	0.28406	0.00119	0.01294	0.00175	0.00119	0.00217
8	0.00363	0.00796	0.05279	0.03386	0.15841	0.00248	0.03450	0.02343	0.02401	0.15600	0.07489	0.36512	0.02204	0.00813	0.01616	0.00062	0.00147	0.01108	0.00143	0.00200
9	0.00281	0.00213	0.00253	0.00239	0.00292	0.00213	0.00180	0.00439	0.20992	0.02818	0.52923	0.09391	0.10438	0.00337	0.00192	0.00055	0.00094	0.00294	0.00176	0.00181
10	0.92071	0.00322	0.00250	0.00222	0.00326	0.00370	0.00183	0.00502	0.00291	0.03918	0.00247	0.00281	0.00189	0.00157	0.00106	0.00052	0.00130	0.00093	0.00107	0.00184
11	0.00355	0.01933	0.13042	0.05740	0.26483	0.00773	0.05026	0.00454	0.01959	0.07027	0.03910	0.11742	0.02063	0.01720	0.12321	0.00084	0.01264	0.03784	0.00108	0.00212
12	0.00303	0.03075	0.04509	0.04915	0.01388	0.00764	0.03842	0.03657	0.02169	0.08103	0.05016	0.51643	0.05155	0.00748	0.00199	0.00062	0.00130	0.04004	0.00147	0.00173
13	0.00289	0.00182	0.00212	0.00201	0.00255	0.00160	0.00149	0.00337	0.00391	0.13573	0.16953	0.10096	0.45047	0.08511	0.00249	0.00065	0.00099	0.00314	0.02754	0.00160
14	0.23855	0.00297	0.00355	0.00280	0.00403	0.00282	0.00231	0.02319	0.00436	0.69022	0.00550	0.00493	0.00354	0.00194	0.00152	0.00052	0.00140	0.00149	0.00181	0.00259
15	0.00354	0.01154	0.37773	0.06051	0.23441	0.00342	0.03298	0.01038	0.01011	0.04683	0.03733	0.08014	0.01819	0.00264	0.05517	0.00066	0.00218	0.00899	0.00095	0.00229
16	0.01270	0.00337	0.02823	0.49859	0.32136	0.00364	0.00454	0.01732	0.00359	0.02532	0.00358	0.05598	0.01099	0.00184	0.00168	0.00054	0.00204	0.00168	0.00087	0.00214
17	0.07948	0.00288	0.00368	0.00291	0.00410	0.00264	0.00238	0.05499	0.01850	0.72776	0.00628	0.05405	0.00433	0.00222	0.00165	0.00053	0.00140	0.01337	0.01420	0.00265
18	0.00322	0.00290	0.03002	0.04584	0.29800	0.00668	0.05553	0.02591	0.01255	0.03390	0.04597	0.31158	0.09978	0.00854	0.00192	0.00058	0.00153	0.01233	0.00125	0.00198
19	0.02527	0.05136	0.26872	0.00505	0.17891	0.03799	0.03684	0.04978	0.00424	0.31920	0.00424	0.00435	0.00294	0.00174	0.00161	0.00051	0.00197	0.00144	0.00125	0.00259
20	0.00519	0.00360	0.05149	0.04243	0.30109	0.02558	0.05778	0.01632	0.00419	0.36085	0.02198	0.07233	0.00416	0.00210	0.00173	0.00053	0.00177	0.02298	0.00139	0.00250
21	0.81332	0.02379	0.00313	0.01207	0.02257	0.03461	0.03815	0.01554	0.00304	0.00714	0.00242	0.00286	0.00189	0.00157	0.00116	0.00051	0.01237	0.00098	0.00101	0.00187
22	0.00217	0.00173	0.00204	0.00199	0.00246	0.00156	0.00993	0.00271	0.00393	0.00508	0.28590	0.03590	0.50845	0.02952	0.08493	0.00077	0.00120	0.01673	0.00156	0.00146
23	0.02061	0.11470	0.23533	0.01645	0.18872	0.03881	0.06142	0.08175	0.15977	0.01663	0.02504	0.00450	0.01482	0.00189	0.01203	0.00053	0.00202	0.00149	0.00105	0.00243
24	0.05314	0.06782	0.27421	0.04927	0.11538	0.04688	0.08733	0.09236	0.09927	0.05882	0.00705	0.00416	0.00280	0.00190	0.01761	0.00055	0.01095	0.00143	0.00667	0.00240
25	0.04766	0.00208	0.00264	0.00232	0.00298	0.00193	0.00180	0.00455	0.01894	0.23938	0.57615	0.02392	0.04757	0.00300	0.00184	0.00052	0.00098	0.00259	0.01722	0.00191
26	0.00330	0.00209	0.00260	0.00235	0.01074	0.00195	0.00180	0.06066	0.01555	0.13646	0.53270	0.01153	0.18057	0.01018	0.00901	0.00056	0.00101	0.01336	0.00178	0.00182
27	0.00252	0.00165	0.00196	0.00199	0.00210	0.00159	0.00122	0.00265	0.00280	0.03448	0.04140	0.21789	0.01788	0.63915	0.00641	0.00130	0.00142	0.00293	0.00120	0.01746
28	0.00451	0.91761	0.00864	0.00289	0.00431	0.03116	0.00287	0.00504	0.00343	0.00393	0.00233	0.00269	0.00214	0.00144	0.00108	0.00036	0.00182	0.00090	0.00072	0.00214
29	0.00294	0.00271	0.00420	0.62226	0.04057	0.00317	0.00373	0.00402	0.03967	0.00450	0.01743	0.02110	0.20310	0.00236	0.00178	0.00056	0.00948	0.01363	0.00099	0.00180
30	0.61859	0.00415	0.00327	0.00281	0.00388	0.13979	0.00227	0.16083	0.00404	0.04304	0.00281	0.00309	0.00212	0.00167	0.00123	0.00050	0.00164	0.00106	0.00116	0.00204
31	0.57554	0.00280	0.00261	0.04745	0.00354	0.00311	0.00196	0.03056	0.00321	0.03867	0.01876	0.21308	0.01814	0.00248	0.00142	0.00055	0.00919	0.00191	0.00121	0.02381
32	0.00332	0.00276	0.00354	0.04001	0.01935	0.07149	0.04768	0.00378	0.00300	0.06061	0.00428	0.01160	0.00416	0.26605	0.29902	0.00154	0.14280	0.01245	0.00097	0.00159
33	0.01115	0.00816	0.01615	0.12051	0.26268	0.00293	0.04311	0.03087	0.05022	0.04167	0.04021	0.22652	0.08121	0.00810	0.00184	0.00056	0.00158	0.00800	0.00121	0.04333
34	0.00319	0.00228	0.00294	0.00269	0.00323	0.02582	0.00207	0.04856	0.00321	0.07550	0.00448	0.00639	0.00406	0.10681	0.59202	0.00197	0.00341	0.00173	0.00104	0.10861
35	0.01012	0.00352	0.00476	0.05245	0.01493	0.00459	0.01461	0.05926	0.09942	0.02352	0.04346	0.00481	0.03243	0.00274	0.00421	0.00067	0.61987	0.00165	0.00099	0.00198

[dist]
# distance from previous block
# <min> <max>
0	2

[block]
# block no. 3 follows, 189 sequences, length 15
# corresponding to MSA columns:
# 186-200
name=unknown_D
#
# <colnr> <probs for GDERKNQSTAVLIFYWHMCP>
#	G	D	E	R	K	N	Q	S	T	A	V	L	I	F	Y	W	H	M	C	P
0	0.64030	0.00375	0.00315	0.00268	0.00377	0.07058	0.00219	0.14114	0.02205	0.09245	0.00307	0.00327	0.00226	0.00169	0.00123	0.00051	0.00151	0.00109	0.00122	0.00208
1	0.00348	0.00301	0.00487	0.62386	0.14509	0.00348	0.00420	0.03330	0.00369	0.04689	0.04239	0.03401	0.04085	0.00196	0.00171	0.00055	0.00199	0.00174	0.00095	0.00200
2	0.00226	0.00172	0.00208	0.00201	0.00246	0.00156	0.00151	0.00297	0.01796	0.00589	0.57688	0.04915	0.30455	0.00374	0.00198	0.00055	0.00083	0.01863	0.00173	0.00153
3	0.00432	0.00300	0.00478	0.02462	0.29320	0.00293	0.08827	0.02352	0.00367	0.21268	0.00458	0.00638	0.00393	0.23097	0.08495	0.00097	0.00206	0.00183	0.00117	0.00214
4	0.00654	0.00315	0.04896	0.00306	0.00431	0.00268	0.00263	0.08000	0.01810	0.69136	0.03394	0.00638	0.03315	0.00252	0.02840	0.00059	0.00156	0.02812	0.00189	0.00266
5	0.00299	0.00175	0.00226	0.00229	0.00265	0.00161	0.00164	0.00345	0.00373	0.14203	0.20058	0.43904	0.04996	0.08289	0.00253	0.00069	0.00105	0.01982	0.03745	0.00161
6	0.00545	0.00248	0.00348	0.00290	0.00383	0.00220	0.04300	0.01862	0.00431	0.55996	0.02604	0.24874	0.06547	0.00302	0.00183	0.00056	0.00132	0.00263	0.00184	0.00231
7	0.00418	0.33738	0.21428	0.01879	0.30172	0.04181	0.00435	0.00534	0.03785	0.01548	0.00297	0.00354	0.00243	0.00154	0.00143	0.00046	0.00203	0.00122	0.00081	0.00239
8	0.45187	0.00315	0.00333	0.00285	0.02894	0.00327	0.00226	0.06743	0.00399	0.38759	0.00426	0.00415	0.00291	0.00207	0.02476	0.00057	0.00148	0.00130	0.00149	0.00232
9	0.00638	0.00257	0.00344	0.00275	0.00382	0.00225	0.00221	0.00699	0.00452	0.72919	0.06040	0.05959	0.02608	0.03781	0.00196	0.00056	0.00132	0.00199	0.04364	0.00253
10	0.00296	0.00271	0.00401	0.58351	0.00821	0.03003	0.00354	0.00400	0.03845	0.00466	0.10892	0.10735	0.09000	0.00251	0.00178	0.00056	0.00179	0.00220	0.00107	0.00176
11	0.01394	0.35970	0.45626	0.00420	0.03473	0.01876	0.03911	0.01874	0.00361	0.03270	0.00287	0.00332	0.00223	0.00154	0.00141	0.00046	0.00216	0.00115	0.00078	0.00234
12	0.20177	0.00332	0.01116	0.00303	0.01734	0.05830	0.00242	0.07946	0.00437	0.45310	0.03925	0.00558	0.00402	0.05448	0.00205	0.00058	0.02935	0.02645	0.00160	0.00235
13	0.95312	0.00323	0.00245	0.00220	0.00323	0.00375	0.00181	0.00491	0.00284	0.00749	0.00232	0.00271	0.00181	0.00155	0.00103	0.00052	0.00129	0.00090	0.00103	0.00181
14	0.00210	0.00152	0.00197	0.00227	0.00244	0.00142	0.00156	0.00245	0.00334	0.00442	0.06356	0.70736	0.09772	0.04680	0.00240	0.00071	0.00101	0.05404	0.00154	0.00137

[dist]
# distance from previous block
# <min> <max>
0	77

# created by:
# /home/simao/soft/augustus-3.0.3/scripts/msa2prfl.pl ./align_prep/COG0256.fa
