[name]
unknown

[dist]
# distance from previous block
# <min> <max>
0	62

[block]
# block no. 0 follows, 249 sequences, length 17
# corresponding to MSA columns:
# 62-78
name=unknown_A
#
# <colnr> <probs for GDERKNQSTAVLIFYWHMCP>
#	G	D	E	R	K	N	Q	S	T	A	V	L	I	F	Y	W	H	M	C	P
0	0.01313	0.22659	0.02921	0.00365	0.00477	0.02720	0.01623	0.26659	0.21278	0.00679	0.00461	0.00525	0.00382	0.00249	0.01587	0.00064	0.00186	0.00156	0.00149	0.15546
1	0.00216	0.00163	0.02299	0.02298	0.00251	0.00149	0.00165	0.02962	0.02437	0.04895	0.19526	0.16677	0.16771	0.01786	0.00946	0.00051	0.00096	0.27236	0.00123	0.00953
2	0.00299	0.10939	0.14032	0.21062	0.20109	0.03715	0.07925	0.01851	0.04839	0.03196	0.02730	0.06222	0.00271	0.00149	0.00130	0.00040	0.00672	0.01059	0.00074	0.00687
3	0.00307	0.14562	0.16617	0.00472	0.26039	0.04646	0.18854	0.01545	0.03251	0.01380	0.00298	0.07882	0.00266	0.00150	0.00130	0.00040	0.00165	0.03147	0.00072	0.00178
4	0.00177	0.00127	0.00174	0.00197	0.00213	0.00127	0.00147	0.00211	0.00250	0.00335	0.00625	0.50636	0.00714	0.05805	0.17280	0.00087	0.00138	0.22541	0.00109	0.00109
5	0.00189	0.00142	0.00190	0.02922	0.00236	0.00140	0.02231	0.05674	0.02712	0.00370	0.02299	0.76039	0.02718	0.01605	0.00168	0.00052	0.00087	0.01990	0.00118	0.00118
6	0.01353	0.05822	0.34768	0.02054	0.08138	0.01279	0.04124	0.06697	0.00855	0.28128	0.02921	0.01268	0.01718	0.00145	0.00126	0.00040	0.00152	0.00119	0.00097	0.00195
7	0.01241	0.00233	0.00296	0.00235	0.00324	0.01113	0.00194	0.12015	0.02136	0.65686	0.03232	0.00497	0.00357	0.00175	0.00136	0.00041	0.01691	0.05589	0.04605	0.00204
8	0.73123	0.02048	0.00256	0.05454	0.01780	0.02983	0.04371	0.00404	0.06484	0.00539	0.00211	0.00246	0.00164	0.00126	0.00096	0.00040	0.01362	0.00083	0.00080	0.00148
9	0.00259	0.00173	0.00209	0.00189	0.00235	0.00172	0.00145	0.02620	0.17716	0.09988	0.54775	0.02763	0.03240	0.01047	0.00147	0.00042	0.00077	0.00202	0.05854	0.00149
10	0.00285	0.00289	0.00393	0.02109	0.00354	0.03786	0.02354	0.00317	0.00211	0.00316	0.00211	0.00317	0.02884	0.00237	0.02266	0.00058	0.83295	0.00118	0.00059	0.00142
11	0.00173	0.00125	0.00146	0.00152	0.00167	0.00119	0.00099	0.00190	0.00234	0.00302	0.02383	0.21202	0.25173	0.42601	0.06288	0.00092	0.00112	0.00247	0.00099	0.00096
12	0.96358	0.00251	0.00191	0.00171	0.00251	0.00291	0.00140	0.00381	0.00221	0.00582	0.00181	0.00211	0.00140	0.00120	0.00080	0.00040	0.00100	0.00070	0.00080	0.00140
13	0.06254	0.00275	0.00340	0.00294	0.00331	0.00348	0.00241	0.10054	0.22811	0.02327	0.02013	0.02850	0.00288	0.00210	0.00277	0.00050	0.47280	0.03502	0.00091	0.00165
14	0.00308	0.00320	0.02386	0.07257	0.15069	0.04216	0.42761	0.02227	0.09664	0.02292	0.03705	0.04809	0.00288	0.00145	0.00148	0.00043	0.02148	0.00826	0.00080	0.01307
15	0.00359	0.00349	0.00349	0.01049	0.07269	0.22767	0.06659	0.04100	0.37400	0.04758	0.02269	0.02230	0.05489	0.00170	0.00131	0.00040	0.00145	0.01693	0.00105	0.02667
16	0.01116	0.00229	0.00351	0.32872	0.18856	0.00768	0.02994	0.05470	0.01406	0.02083	0.09243	0.10827	0.02077	0.00181	0.00145	0.00042	0.03738	0.00159	0.07289	0.00154

[dist]
# distance from previous block
# <min> <max>
0	2

[block]
# block no. 1 follows, 249 sequences, length 12
# corresponding to MSA columns:
# 81-92
name=unknown_B
#
# <colnr> <probs for GDERKNQSTAVLIFYWHMCP>
#	G	D	E	R	K	N	Q	S	T	A	V	L	I	F	Y	W	H	M	C	P
0	0.02087	0.14478	0.03026	0.00314	0.00394	0.45311	0.07227	0.04370	0.13262	0.00383	0.00259	0.00291	0.00210	0.00168	0.03572	0.00042	0.03299	0.00100	0.01041	0.00164
1	0.01076	0.00237	0.01358	0.04998	0.05427	0.03503	0.02259	0.04169	0.00295	0.01247	0.12748	0.03864	0.00371	0.05725	0.01321	0.00037	0.00113	0.00124	0.00088	0.51037
2	0.00318	0.09121	0.06731	0.08838	0.42951	0.02415	0.08426	0.02160	0.00286	0.03860	0.00247	0.00324	0.00203	0.01183	0.03616	0.00047	0.08910	0.00115	0.00067	0.00182
3	0.00224	0.03633	0.00248	0.00249	0.00286	0.02256	0.03409	0.00287	0.01521	0.00384	0.00637	0.02525	0.00686	0.01871	0.00180	0.00058	0.00125	0.81184	0.00114	0.00124
4	0.03910	0.03467	0.20304	0.07479	0.32462	0.01555	0.04855	0.05017	0.01130	0.14335	0.02034	0.00360	0.00240	0.00135	0.00127	0.00040	0.00155	0.02118	0.00083	0.00192
5	0.04488	0.01453	0.03967	0.15876	0.12247	0.03667	0.09171	0.06999	0.01554	0.00428	0.00256	0.01418	0.00213	0.04832	0.00144	0.00038	0.00141	0.00108	0.00075	0.32928
6	0.00196	0.00150	0.00193	0.00191	0.00207	0.02644	0.00138	0.00226	0.00205	0.00284	0.00361	0.00617	0.00369	0.34364	0.57029	0.00171	0.02322	0.00155	0.00072	0.00104
7	0.00164	0.00135	0.00145	0.00145	0.00184	0.00118	0.00108	0.00212	0.03101	0.00387	0.18918	0.07599	0.67694	0.00317	0.00153	0.00044	0.00067	0.00269	0.00125	0.00115
8	0.00198	0.00152	0.02451	0.00186	0.00199	0.00157	0.00134	0.00215	0.00199	0.00277	0.00364	0.02570	0.00387	0.44262	0.32363	0.08451	0.05892	0.01375	0.00073	0.00097
9	0.30650	0.02697	0.01893	0.13072	0.21472	0.01723	0.00251	0.01234	0.11901	0.06373	0.00290	0.00355	0.00230	0.00139	0.00113	0.00040	0.00128	0.03521	0.01446	0.02473
10	0.00305	0.02651	0.17828	0.17742	0.02856	0.00246	0.03073	0.02118	0.08781	0.15993	0.19472	0.00523	0.04878	0.00175	0.00139	0.00041	0.01919	0.00148	0.00103	0.01008
11	0.00269	0.00249	0.00407	0.72502	0.11802	0.01391	0.02740	0.02087	0.02035	0.01954	0.00253	0.02124	0.00198	0.00136	0.00134	0.00043	0.01337	0.00121	0.00064	0.00155

[dist]
# distance from previous block
# <min> <max>
0	2

[block]
# block no. 2 follows, 249 sequences, length 22
# corresponding to MSA columns:
# 95-116
name=unknown_C
#
# <colnr> <probs for GDERKNQSTAVLIFYWHMCP>
#	G	D	E	R	K	N	Q	S	T	A	V	L	I	F	Y	W	H	M	C	P
0	0.01526	0.27063	0.05657	0.00314	0.03712	0.46350	0.00906	0.04548	0.00329	0.01386	0.00210	0.00246	0.00176	0.00132	0.00124	0.00034	0.04976	0.00086	0.02064	0.00162
1	0.63460	0.02403	0.01270	0.02309	0.13250	0.11591	0.01945	0.01714	0.00258	0.00516	0.00197	0.00236	0.00156	0.00122	0.00095	0.00039	0.00130	0.00081	0.00076	0.00154
2	0.00201	0.00173	0.00177	0.00172	0.00212	0.05774	0.00128	0.03917	0.03126	0.00399	0.17914	0.15811	0.46309	0.00325	0.03210	0.00049	0.00887	0.00253	0.00119	0.00845
3	0.00263	0.04073	0.00335	0.01673	0.00308	0.05038	0.00233	0.00298	0.00215	0.01276	0.00243	0.00375	0.00233	0.03926	0.31249	0.00106	0.49837	0.00121	0.00063	0.00133
4	0.00164	0.00138	0.00160	0.00153	0.00195	0.00118	0.03138	0.00203	0.00305	0.00380	0.16732	0.06500	0.70726	0.00315	0.00154	0.00044	0.00070	0.00269	0.00122	0.00114
5	0.00158	0.00127	0.00140	0.00148	0.00180	0.00110	0.00107	0.00189	0.00283	0.00350	0.05142	0.25908	0.61197	0.03380	0.00173	0.00049	0.00071	0.02060	0.00120	0.00108
6	0.00389	0.59936	0.00570	0.00283	0.04144	0.30740	0.00239	0.00429	0.00297	0.00314	0.00189	0.00222	0.00168	0.00120	0.00101	0.00030	0.01531	0.00076	0.00059	0.00163
7	0.00162	0.00119	0.00154	0.00175	0.00190	0.00110	0.00121	0.00191	0.00266	0.00352	0.10039	0.69628	0.12228	0.00400	0.03220	0.00056	0.00082	0.02278	0.00121	0.00108
8	0.06113	0.05074	0.17042	0.10569	0.07321	0.01790	0.25095	0.04759	0.03591	0.04575	0.03061	0.04668	0.00264	0.00621	0.01244	0.00044	0.03090	0.00830	0.00078	0.00172
9	0.00310	0.00322	0.04832	0.03818	0.54244	0.00871	0.20319	0.03290	0.00302	0.01131	0.00278	0.04171	0.00240	0.00137	0.00145	0.00042	0.02911	0.02379	0.00070	0.00189
10	0.00317	0.00272	0.00303	0.00266	0.00340	0.00306	0.03974	0.07482	0.73356	0.00540	0.02181	0.01435	0.07061	0.00189	0.00135	0.00044	0.00107	0.01370	0.00128	0.00195
11	0.00238	0.14456	0.00266	0.00194	0.00234	0.02437	0.01523	0.01341	0.00284	0.04809	0.23999	0.24090	0.05363	0.00329	0.04695	0.13228	0.00668	0.01620	0.00105	0.00122
12	0.02058	0.03295	0.26286	0.06183	0.08104	0.00261	0.08713	0.02648	0.02699	0.05405	0.06213	0.01334	0.02201	0.00796	0.00131	0.00037	0.01791	0.00118	0.00079	0.21649
13	0.04533	0.00213	0.01633	0.15444	0.20552	0.00215	0.03151	0.00332	0.00278	0.08392	0.00437	0.16142	0.00431	0.01837	0.05536	0.00057	0.00142	0.17999	0.02526	0.00151
14	0.00179	0.00128	0.00156	0.00167	0.00189	0.00120	0.00117	0.00211	0.01581	0.02685	0.06258	0.39638	0.24944	0.14754	0.03764	0.00066	0.00093	0.04725	0.00115	0.00109
15	0.00309	0.14511	0.09068	0.16418	0.10167	0.12430	0.06033	0.01917	0.01291	0.03997	0.08252	0.05364	0.04396	0.00171	0.00593	0.00041	0.03705	0.01100	0.00079	0.00160
16	0.00823	0.10386	0.16970	0.09062	0.04600	0.05218	0.06593	0.02237	0.08473	0.02370	0.06981	0.12828	0.03941	0.02887	0.02007	0.00048	0.00836	0.03496	0.00088	0.00157
17	0.00555	0.00223	0.00297	0.00230	0.00327	0.00199	0.00189	0.03671	0.03234	0.84966	0.01724	0.00459	0.01871	0.00165	0.00131	0.00040	0.00109	0.00134	0.01260	0.00216
18	0.03204	0.00183	0.01101	0.00221	0.01080	0.01453	0.01393	0.01614	0.01440	0.29067	0.03303	0.22535	0.00483	0.02291	0.24215	0.00088	0.00965	0.04515	0.00699	0.00151
19	0.00352	0.10332	0.08484	0.16115	0.24539	0.18016	0.05472	0.02830	0.00935	0.06372	0.02028	0.00316	0.00213	0.00136	0.00811	0.00039	0.01674	0.00108	0.00072	0.01156
20	0.00244	0.00178	0.05746	0.00196	0.02720	0.00153	0.00145	0.00275	0.00250	0.12195	0.08582	0.05063	0.07710	0.41261	0.09170	0.01927	0.01105	0.01649	0.01312	0.00119
21	0.00181	0.00132	0.00160	0.00165	0.00195	0.00120	0.00121	0.00226	0.02178	0.03003	0.27975	0.31337	0.30121	0.00328	0.00157	0.00046	0.00071	0.03238	0.00128	0.00117

[dist]
# distance from previous block
# <min> <max>
4	6

[block]
# block no. 3 follows, 249 sequences, length 10
# corresponding to MSA columns:
# 124-133
name=unknown_D
#
# <colnr> <probs for GDERKNQSTAVLIFYWHMCP>
#	G	D	E	R	K	N	Q	S	T	A	V	L	I	F	Y	W	H	M	C	P
0	0.31097	0.02094	0.01388	0.05468	0.05584	0.02379	0.00185	0.01406	0.00262	0.02726	0.00221	0.00260	0.00177	0.00112	0.00100	0.00030	0.01237	0.00081	0.00078	0.45114
1	0.30547	0.03420	0.14702	0.03274	0.11515	0.02865	0.06316	0.05727	0.00302	0.19758	0.00278	0.00300	0.00199	0.00130	0.00113	0.00040	0.00140	0.00101	0.00091	0.00180
2	0.01186	0.26804	0.06007	0.10839	0.19963	0.03940	0.07077	0.05122	0.11974	0.00411	0.02519	0.01385	0.01088	0.00136	0.00121	0.00038	0.01025	0.00114	0.00075	0.00178
3	0.00183	0.00135	0.00157	0.00153	0.00191	0.00119	0.00115	0.00227	0.00323	0.03538	0.38781	0.03122	0.45985	0.02867	0.00167	0.00045	0.00069	0.03576	0.00130	0.00118
4	0.00210	0.00138	0.00173	0.00185	0.00209	0.00132	0.00132	0.04330	0.01971	0.05743	0.04034	0.60685	0.05403	0.03322	0.00171	0.00051	0.00083	0.06029	0.06878	0.00121
5	0.00233	0.00140	0.00175	0.00164	0.00189	0.00133	0.00113	0.00264	0.00280	0.11637	0.34496	0.03449	0.00740	0.43188	0.02065	0.00083	0.00103	0.02321	0.00114	0.00114
6	0.00198	0.00145	0.00185	0.00171	0.00208	0.00136	0.01889	0.00262	0.02964	0.02593	0.63680	0.03217	0.16972	0.00266	0.00155	0.00042	0.01966	0.00230	0.04597	0.00126
7	0.46633	0.00286	0.00274	0.00224	0.00313	0.00318	0.00184	0.33163	0.05334	0.09357	0.00281	0.00288	0.00203	0.00140	0.00105	0.00040	0.00115	0.00097	0.02464	0.00179
8	0.01926	0.00292	0.00323	0.02646	0.00367	0.02114	0.02370	0.20204	0.54343	0.09834	0.03843	0.00445	0.00363	0.00169	0.00131	0.00042	0.00117	0.00139	0.00129	0.00203
9	0.00284	0.00270	0.00459	0.47198	0.48523	0.00298	0.00379	0.00365	0.00278	0.00378	0.00237	0.00333	0.00189	0.00123	0.00129	0.00041	0.00163	0.00115	0.00061	0.00175

[dist]
# distance from previous block
# <min> <max>
0	1

[block]
# block no. 4 follows, 249 sequences, length 33
# corresponding to MSA columns:
# 135-167
name=unknown_E
#
# <colnr> <probs for GDERKNQSTAVLIFYWHMCP>
#	G	D	E	R	K	N	Q	S	T	A	V	L	I	F	Y	W	H	M	C	P
0	0.00285	0.01444	0.00447	0.26062	0.26381	0.04315	0.14529	0.00369	0.02919	0.00390	0.02028	0.03334	0.02612	0.00538	0.00134	0.00040	0.00541	0.01882	0.00072	0.11678
1	0.00296	0.01776	0.00472	0.00359	0.00443	0.00253	0.40862	0.02354	0.04881	0.10417	0.01215	0.01107	0.00957	0.02997	0.30329	0.00098	0.00233	0.00147	0.00083	0.00721
2	0.30569	0.00233	0.00264	0.00212	0.00303	0.00229	0.00175	0.03390	0.02284	0.56935	0.02431	0.00391	0.01153	0.00153	0.00116	0.00040	0.00107	0.00690	0.00133	0.00192
3	0.01786	0.00311	0.01431	0.10513	0.07747	0.00861	0.45366	0.12891	0.01984	0.03872	0.01770	0.00391	0.00889	0.03079	0.01082	0.00047	0.02719	0.01211	0.01878	0.00174
4	0.04912	0.12390	0.29846	0.22995	0.08981	0.01269	0.03673	0.01729	0.01507	0.01189	0.00630	0.00929	0.00803	0.02450	0.02995	0.00047	0.01967	0.00108	0.00737	0.00843
5	0.01430	0.00210	0.00257	0.00205	0.00289	0.00186	0.00594	0.05977	0.04092	0.33173	0.06665	0.03895	0.16417	0.00192	0.00551	0.00037	0.00856	0.00155	0.00124	0.24694
6	0.00210	0.00140	0.00169	0.00159	0.00200	0.00123	0.00120	0.00257	0.00333	0.09753	0.44441	0.07157	0.35879	0.00288	0.00152	0.00043	0.00069	0.00248	0.00135	0.00126
7	0.00851	0.00272	0.08673	0.11185	0.19824	0.00240	0.06066	0.02358	0.05213	0.22193	0.01438	0.16150	0.01515	0.01470	0.01206	0.00046	0.00538	0.00484	0.00101	0.00177
8	0.00303	0.07935	0.35714	0.01749	0.27583	0.01276	0.05052	0.01558	0.01615	0.05274	0.00658	0.01397	0.00254	0.00151	0.00615	0.00042	0.00165	0.08401	0.00073	0.00186
9	0.00277	0.00327	0.28666	0.00263	0.01455	0.00215	0.05184	0.02566	0.01139	0.11973	0.01245	0.01061	0.01488	0.37024	0.03268	0.00080	0.02370	0.01174	0.00083	0.00145
10	0.06276	0.00228	0.00292	0.00227	0.00323	0.00208	0.00187	0.06676	0.01118	0.78252	0.00475	0.00421	0.00305	0.00158	0.00126	0.00040	0.00110	0.00126	0.04240	0.00212
11	0.01716	0.03748	0.17347	0.06615	0.18801	0.04011	0.08656	0.04386	0.07437	0.12376	0.01970	0.04762	0.05527	0.00160	0.00136	0.00041	0.01552	0.00489	0.00089	0.00182
12	0.00655	0.01298	0.02879	0.43593	0.03120	0.01863	0.00761	0.06605	0.01570	0.11800	0.07807	0.01375	0.01187	0.02604	0.07036	0.00057	0.05415	0.00133	0.00086	0.00156
13	0.00304	0.00195	0.00218	0.00194	0.00249	0.00203	0.00151	0.09506	0.22659	0.10601	0.18801	0.02620	0.05374	0.00195	0.00125	0.00039	0.00084	0.00163	0.28157	0.00161
14	0.72749	0.06986	0.01687	0.00211	0.01191	0.05647	0.03525	0.00401	0.00243	0.04574	0.00200	0.00230	0.00155	0.00124	0.00094	0.00039	0.01639	0.00078	0.00080	0.00149
15	0.01080	0.00244	0.01690	0.00308	0.00393	0.00829	0.23100	0.04617	0.04364	0.28910	0.04063	0.00705	0.02665	0.00204	0.00148	0.00046	0.00138	0.23455	0.02869	0.00173
16	0.00266	0.00902	0.00288	0.10780	0.05481	0.02311	0.01536	0.02603	0.15137	0.02104	0.01430	0.01625	0.00307	0.13153	0.17401	0.00079	0.02036	0.00130	0.00085	0.22348
17	0.00287	0.00177	0.00233	0.00208	0.00255	0.00181	0.00160	0.02848	0.05395	0.18280	0.01201	0.00519	0.00340	0.15135	0.42859	0.00803	0.01781	0.00139	0.00094	0.09104
18	0.00197	0.00154	0.00183	0.02461	0.01313	0.02570	0.00134	0.00248	0.01205	0.01981	0.48837	0.03533	0.25542	0.05398	0.00184	0.00047	0.01776	0.03989	0.00126	0.00121
19	0.02193	0.07832	0.00332	0.00263	0.00724	0.35709	0.00205	0.02806	0.11476	0.15635	0.09369	0.01536	0.03598	0.01386	0.00133	0.00038	0.01335	0.00124	0.01010	0.04296
20	0.39332	0.01211	0.07533	0.00295	0.01021	0.06133	0.14804	0.03474	0.00260	0.02140	0.00572	0.02055	0.00190	0.00666	0.03261	0.00049	0.16671	0.00105	0.00074	0.00153
21	0.00245	0.00231	0.00389	0.95130	0.00893	0.00288	0.00360	0.00331	0.00259	0.00331	0.00231	0.00346	0.00173	0.00130	0.00130	0.00043	0.00173	0.00115	0.00058	0.00144
22	0.00211	0.00120	0.00162	0.00162	0.00163	0.00121	0.00104	0.00180	0.00181	0.00241	0.00318	0.00583	0.02266	0.33759	0.02037	0.57065	0.01046	0.01148	0.00066	0.00068
23	0.00195	0.00154	0.00179	0.00187	0.00218	0.00793	0.00134	0.01475	0.14095	0.00385	0.04751	0.51484	0.19079	0.00332	0.00154	0.00048	0.00080	0.01893	0.00121	0.04243
24	0.55531	0.00245	0.00226	0.00182	0.00277	0.00245	0.00148	0.02114	0.00248	0.00522	0.00203	0.00236	0.00163	0.00111	0.00088	0.00032	0.00099	0.00074	0.00080	0.39177
25	0.93894	0.00260	0.00195	0.00175	0.00255	0.02723	0.00143	0.00385	0.00225	0.00575	0.00181	0.00211	0.00141	0.00121	0.00081	0.00040	0.00104	0.00071	0.00080	0.00141
26	0.00285	0.00226	0.00255	0.00250	0.00303	0.03223	0.00204	0.05338	0.37144	0.03122	0.00589	0.04623	0.01472	0.00263	0.00153	0.00050	0.00114	0.40869	0.01357	0.00162
27	0.00168	0.00118	0.00152	0.00176	0.00183	0.00112	0.00117	0.00188	0.00239	0.00317	0.00648	0.69491	0.00768	0.20754	0.00272	0.00069	0.00089	0.05928	0.00111	0.00100
28	0.00326	0.00280	0.00295	0.00265	0.00338	0.00324	0.00206	0.02300	0.92782	0.00547	0.00524	0.00481	0.00393	0.00176	0.00132	0.00044	0.00103	0.00146	0.00132	0.00206
29	0.00485	0.00618	0.00368	0.00334	0.00401	0.94921	0.00251	0.00518	0.00368	0.00317	0.00200	0.00234	0.00167	0.00134	0.00117	0.00033	0.00234	0.00084	0.00067	0.00150
30	0.00230	0.00176	0.00261	0.02324	0.00273	0.00164	0.11218	0.00249	0.00221	0.00311	0.00309	0.00538	0.00311	0.31794	0.07205	0.20958	0.00144	0.01831	0.00071	0.21412
31	0.01399	0.03414	0.02330	0.03521	0.25368	0.07673	0.07332	0.07339	0.03354	0.06072	0.03964	0.01827	0.15260	0.00717	0.02082	0.00045	0.03520	0.03225	0.00091	0.01468
32	0.00299	0.00265	0.00332	0.00285	0.00355	0.02671	0.12468	0.01467	0.58540	0.01639	0.01668	0.09094	0.02006	0.02685	0.05574	0.00056	0.00133	0.00169	0.00116	0.00180

[dist]
# distance from previous block
# <min> <max>
6	54

[block]
# block no. 5 follows, 249 sequences, length 64
# corresponding to MSA columns:
# 225-288
name=unknown_F
#
# <colnr> <probs for GDERKNQSTAVLIFYWHMCP>
#	G	D	E	R	K	N	Q	S	T	A	V	L	I	F	Y	W	H	M	C	P
0	0.05852	0.46718	0.04872	0.17129	0.03101	0.03598	0.02562	0.08627	0.00302	0.05115	0.00224	0.00265	0.00180	0.00124	0.00106	0.00035	0.00862	0.00090	0.00070	0.00170
1	0.01159	0.00161	0.00212	0.00192	0.00243	0.00144	0.00148	0.00367	0.00328	0.34592	0.24768	0.25853	0.06457	0.00269	0.00148	0.00044	0.00085	0.03285	0.01393	0.00153
2	0.00170	0.00126	0.00156	0.00170	0.00194	0.00114	0.00123	0.00206	0.00287	0.01401	0.16324	0.43258	0.27624	0.00354	0.00161	0.00049	0.00075	0.08971	0.00124	0.00112
3	0.00182	0.00127	0.00150	0.00150	0.00165	0.00122	0.00097	0.00200	0.00246	0.00327	0.19534	0.05280	0.17045	0.47254	0.03838	0.04766	0.00107	0.00216	0.00099	0.00094
4	0.00181	0.00134	0.00167	0.00160	0.00193	0.00122	0.00120	0.00238	0.01159	0.01195	0.70418	0.05054	0.19000	0.00283	0.00153	0.00042	0.00064	0.01061	0.00137	0.00121
5	0.00236	0.01623	0.00212	0.00189	0.00241	0.01612	0.00146	0.03260	0.26004	0.02355	0.29503	0.01574	0.31400	0.00883	0.00148	0.00043	0.00082	0.00214	0.00129	0.00146
6	0.02999	0.92888	0.00666	0.00221	0.00331	0.00507	0.00220	0.00388	0.00262	0.00313	0.00180	0.00208	0.00166	0.00111	0.00083	0.00028	0.00138	0.00069	0.00056	0.00166
7	0.00297	0.00226	0.00279	0.00217	0.00310	0.00198	0.03843	0.01509	0.15057	0.09740	0.13874	0.01030	0.02434	0.00147	0.00118	0.00030	0.00098	0.00125	0.00105	0.50364
8	0.09981	0.06949	0.04300	0.30293	0.10761	0.11093	0.01231	0.01065	0.02876	0.03436	0.06263	0.03648	0.03850	0.00158	0.00129	0.00040	0.01713	0.01389	0.00078	0.00747
9	0.05162	0.00258	0.00370	0.09249	0.29293	0.01527	0.01083	0.05104	0.07522	0.10341	0.03642	0.02202	0.01411	0.02123	0.08816	0.00059	0.10338	0.01239	0.00088	0.00173
10	0.00293	0.34357	0.55429	0.00320	0.00474	0.00381	0.02623	0.00399	0.00268	0.00370	0.00212	0.00253	0.00166	0.00123	0.00121	0.00037	0.03849	0.00088	0.00055	0.00180
11	0.01639	0.04315	0.03868	0.09514	0.16348	0.02496	0.02846	0.06348	0.03578	0.13277	0.02219	0.01066	0.00239	0.00718	0.01865	0.00048	0.29238	0.00120	0.00083	0.00173
12	0.03389	0.00251	0.00370	0.00295	0.00369	0.08403	0.31867	0.00302	0.00947	0.00377	0.00775	0.07879	0.43766	0.00236	0.00148	0.00043	0.00134	0.00216	0.00096	0.00136
13	0.00530	0.00222	0.00294	0.00226	0.00325	0.00191	0.00185	0.02202	0.01319	0.78861	0.03396	0.00943	0.00337	0.00158	0.00128	0.00038	0.00108	0.00129	0.00150	0.10256
14	0.00169	0.00130	0.00154	0.00153	0.00187	0.00116	0.00114	0.00214	0.00323	0.00425	0.43048	0.11023	0.40965	0.00309	0.00155	0.00044	0.00066	0.02161	0.00130	0.00115
15	0.01615	0.02710	0.03830	0.07469	0.31170	0.02149	0.08752	0.04362	0.11913	0.10620	0.03024	0.05387	0.01650	0.00166	0.00516	0.00042	0.00962	0.03385	0.00093	0.00184
16	0.00261	0.00666	0.93386	0.00376	0.01943	0.00301	0.00478	0.00411	0.00274	0.00411	0.00233	0.00275	0.00165	0.00123	0.00123	0.00041	0.00191	0.00096	0.00055	0.00192
17	0.02541	0.00223	0.00296	0.00229	0.00326	0.00198	0.00189	0.03871	0.00373	0.86525	0.00497	0.01043	0.00318	0.00161	0.00129	0.00040	0.00110	0.00130	0.02586	0.00216
18	0.01222	0.01015	0.01199	0.18559	0.12040	0.21064	0.05203	0.17493	0.01718	0.06654	0.03642	0.00393	0.05484	0.00157	0.00140	0.00867	0.02401	0.00490	0.00089	0.00171
19	0.00305	0.01486	0.03195	0.10707	0.41283	0.07903	0.04281	0.04416	0.03267	0.01292	0.00724	0.02730	0.00505	0.01250	0.15695	0.00068	0.00192	0.00455	0.00072	0.00174
20	0.01169	0.00128	0.00159	0.00176	0.00194	0.01259	0.00123	0.00208	0.00281	0.01049	0.22002	0.62600	0.06110	0.00357	0.00159	0.00049	0.00075	0.02223	0.01566	0.00112
21	0.60500	0.01792	0.00625	0.01977	0.03170	0.26609	0.00188	0.01939	0.00271	0.00494	0.00193	0.00229	0.00154	0.00671	0.00099	0.00039	0.00748	0.00078	0.00076	0.00147
22	0.00155	0.00131	0.00135	0.00136	0.00178	0.00110	0.00102	0.00189	0.00296	0.00355	0.04148	0.05391	0.86168	0.00330	0.00154	0.00044	0.00067	0.01679	0.00121	0.00110
23	0.00276	0.00235	0.00276	0.00207	0.02116	0.00181	0.00161	0.01714	0.01846	0.01015	0.00239	0.00275	0.00197	0.00099	0.00098	0.00020	0.00098	0.00080	0.00079	0.90788
24	0.00191	0.00146	0.00176	0.00168	0.00204	0.00139	0.00126	0.00275	0.09417	0.00484	0.64070	0.04892	0.17655	0.00272	0.00151	0.00042	0.00067	0.00237	0.01162	0.00127
25	0.00176	0.00132	0.00153	0.00148	0.00182	0.00118	0.00109	0.00217	0.00313	0.01571	0.39647	0.02205	0.41587	0.11172	0.00211	0.00052	0.00072	0.01185	0.00637	0.00113
26	0.15457	0.00241	0.00294	0.00229	0.00327	0.00230	0.00189	0.10940	0.00374	0.69708	0.00438	0.00391	0.00282	0.00154	0.00123	0.00040	0.00112	0.00120	0.00145	0.00208
27	0.00173	0.00130	0.00159	0.00169	0.00195	0.00118	0.00124	0.00210	0.00288	0.00379	0.20201	0.31825	0.25341	0.06293	0.00191	0.00053	0.00079	0.11750	0.00121	0.02201
28	0.00221	0.00138	0.00166	0.00161	0.00194	0.00133	0.00120	0.01060	0.04221	0.04683	0.42193	0.15025	0.04279	0.00248	0.00136	0.00040	0.00068	0.00216	0.26571	0.00128
29	0.00363	0.84307	0.00643	0.00235	0.00341	0.11668	0.00225	0.00404	0.00276	0.00307	0.00183	0.00211	0.00167	0.00114	0.00087	0.00028	0.00150	0.00071	0.00057	0.00165
30	0.00341	0.00282	0.00300	0.00264	0.00340	0.00322	0.00207	0.11709	0.78241	0.02003	0.00518	0.01770	0.01797	0.00181	0.00133	0.00044	0.00107	0.01107	0.00132	0.00204
31	0.00441	0.21247	0.05241	0.00311	0.00394	0.68504	0.00256	0.00486	0.01411	0.00322	0.00201	0.00233	0.00169	0.00129	0.00110	0.00033	0.00210	0.00082	0.00064	0.00157
32	0.01413	0.00304	0.00289	0.00242	0.00308	0.14475	0.00193	0.34086	0.03033	0.06006	0.02710	0.00379	0.00279	0.00163	0.00656	0.00038	0.05927	0.00117	0.29211	0.00171
33	0.00351	0.41714	0.00478	0.02141	0.03014	0.11836	0.01196	0.10828	0.01814	0.01060	0.00265	0.04126	0.01194	0.00560	0.00107	0.00032	0.00140	0.01944	0.01464	0.15736
34	0.00260	0.00217	0.00253	0.00202	0.00291	0.00184	0.00157	0.03102	0.10059	0.00432	0.01913	0.14973	0.01546	0.00165	0.00117	0.00029	0.00802	0.01779	0.00093	0.63424
35	0.02883	0.41171	0.14910	0.08676	0.06727	0.03402	0.01781	0.09559	0.04115	0.03931	0.00600	0.00280	0.00574	0.00126	0.00107	0.00035	0.00151	0.00094	0.00700	0.00178
36	0.23741	0.03386	0.09099	0.00236	0.01508	0.10937	0.02474	0.00904	0.00779	0.00407	0.05180	0.13560	0.01749	0.07753	0.12746	0.00070	0.02573	0.00150	0.00083	0.02667
37	0.00181	0.00135	0.00161	0.00154	0.00190	0.00121	0.00116	0.00236	0.01378	0.01736	0.59084	0.01046	0.33156	0.00283	0.00152	0.00042	0.00064	0.00244	0.01403	0.00120
38	0.00350	0.82035	0.02404	0.00901	0.01535	0.02122	0.01084	0.00413	0.05285	0.02559	0.00210	0.00234	0.00183	0.00116	0.00090	0.00030	0.00140	0.00077	0.00062	0.00170
39	0.00180	0.00135	0.00179	0.00180	0.00202	0.00141	0.00132	0.00216	0.00244	0.00334	0.12597	0.12559	0.15202	0.13883	0.40274	0.00547	0.02127	0.00207	0.00552	0.00109
40	0.03257	0.00179	0.00219	0.00523	0.01137	0.00155	0.00145	0.00778	0.00678	0.19795	0.31186	0.01521	0.17084	0.00212	0.00133	0.00037	0.00083	0.01130	0.00815	0.20934
41	0.00156	0.00131	0.00135	0.00135	0.00177	0.00111	0.00101	0.00192	0.00301	0.00366	0.10161	0.01218	0.84845	0.01201	0.00158	0.00044	0.00066	0.00269	0.00122	0.00110
42	0.00269	0.00231	0.00269	0.00192	0.00307	0.00173	0.00154	0.00327	0.00269	0.00423	0.00231	0.00269	0.00192	0.00096	0.00096	0.00019	0.00096	0.00077	0.00077	0.96234
43	0.46278	0.00224	0.00212	0.00185	0.00257	0.00243	0.00149	0.03371	0.10254	0.15585	0.03670	0.00366	0.01240	0.00147	0.00100	0.00039	0.00095	0.00106	0.17322	0.00158
44	0.00485	0.00618	0.00368	0.00334	0.00401	0.94921	0.00251	0.00518	0.00368	0.00317	0.00200	0.00234	0.00167	0.00134	0.00117	0.00033	0.00234	0.00084	0.00067	0.00150
45	0.00392	0.61242	0.00564	0.00260	0.00355	0.32816	0.00231	0.00434	0.01073	0.00314	0.01198	0.00227	0.00180	0.00121	0.00096	0.00030	0.00170	0.00077	0.00061	0.00161
46	0.00332	0.61132	0.00613	0.04789	0.27819	0.00438	0.00280	0.00386	0.00271	0.00341	0.00202	0.00251	0.00180	0.00122	0.00910	0.00034	0.01577	0.00086	0.00058	0.00176
47	0.29955	0.00253	0.00286	0.00227	0.00321	0.00256	0.01597	0.14762	0.01240	0.48381	0.00378	0.01235	0.00254	0.00149	0.00116	0.00040	0.00113	0.00113	0.00129	0.00194
48	0.01444	0.00201	0.00846	0.16986	0.06547	0.00201	0.01075	0.06822	0.03081	0.09561	0.04489	0.03977	0.36424	0.00753	0.01119	0.00045	0.01200	0.01977	0.00107	0.03147
49	0.00274	0.00271	0.01978	0.53653	0.22048	0.01386	0.02776	0.01025	0.00264	0.00357	0.00230	0.00339	0.00186	0.00142	0.00172	0.00044	0.13641	0.00993	0.00060	0.00160
50	0.02112	0.00290	0.00340	0.00262	0.00363	0.00294	0.00216	0.46001	0.00484	0.46824	0.00408	0.00375	0.00269	0.00157	0.00129	0.00039	0.00125	0.00123	0.00970	0.00218
51	0.00174	0.00134	0.00153	0.00152	0.00188	0.00119	0.00112	0.00221	0.02158	0.01934	0.30840	0.12518	0.50207	0.00312	0.00154	0.00044	0.00067	0.00268	0.00128	0.00117
52	0.16674	0.03108	0.04826	0.11296	0.11948	0.03036	0.10344	0.12907	0.04102	0.16667	0.00307	0.00631	0.00567	0.00138	0.00124	0.00040	0.00849	0.00713	0.01540	0.00182
53	0.00167	0.00120	0.00158	0.00186	0.00988	0.00113	0.00126	0.00197	0.01009	0.00748	0.04676	0.79492	0.03622	0.01521	0.01363	0.00054	0.00081	0.03762	0.01509	0.00109
54	0.00181	0.00134	0.00174	0.00180	0.00207	0.00133	0.00137	0.00220	0.00264	0.01316	0.10236	0.14250	0.23693	0.07833	0.27578	0.00101	0.00160	0.12986	0.00105	0.00112
55	0.00257	0.00163	0.00202	0.00193	0.00229	0.00170	0.00145	0.01801	0.16045	0.08572	0.08610	0.11507	0.03442	0.03165	0.15761	0.13947	0.00133	0.02423	0.13104	0.00132
56	0.08194	0.06219	0.02229	0.11709	0.06395	0.08863	0.02216	0.12654	0.02290	0.03022	0.00253	0.00345	0.00215	0.02412	0.03936	0.27648	0.01077	0.00109	0.00075	0.00137
57	0.06629	0.00196	0.02739	0.03055	0.12092	0.00184	0.00195	0.02143	0.02874	0.15275	0.06273	0.33802	0.05182	0.00271	0.00623	0.00047	0.00104	0.07663	0.00504	0.00149
58	0.00192	0.00131	0.00165	0.00175	0.00202	0.00119	0.00129	0.00229	0.00291	0.05470	0.18170	0.40097	0.19920	0.02993	0.00174	0.00051	0.00079	0.10591	0.00709	0.00116
59	0.02058	0.00229	0.00301	0.00242	0.02050	0.00209	0.00194	0.05945	0.04796	0.77061	0.01905	0.00446	0.00331	0.00162	0.00129	0.00040	0.00110	0.00764	0.02814	0.00214
60	0.01379	0.39668	0.05763	0.30587	0.02667	0.05672	0.02615	0.01413	0.02625	0.04823	0.00233	0.00926	0.00188	0.00126	0.00112	0.00036	0.00840	0.00097	0.00066	0.00164
61	0.02248	0.00796	0.25628	0.00712	0.00878	0.01302	0.05554	0.02596	0.07806	0.43322	0.02325	0.02387	0.00856	0.00549	0.00396	0.00152	0.00354	0.01300	0.00321	0.00519
62	0.00878	0.00628	0.00660	0.00626	0.00721	0.00531	0.00427	0.00770	0.02527	0.07243	0.40899	0.02448	0.30458	0.03856	0.02367	0.00167	0.00314	0.02077	0.01929	0.00474
63	0.00988	0.00726	0.02569	0.02670	0.02779	0.04459	0.01501	0.02731	0.01918	0.08545	0.03744	0.47340	0.13534	0.00804	0.02937	0.00186	0.00368	0.01316	0.00363	0.00523

[dist]
# distance from previous block
# <min> <max>
0	113

# created by:
# /home/simao/soft/augustus-3.0.3/scripts/msa2prfl.pl ./align_prep/COG0052.fa
