[name]
unknown

[dist]
# distance from previous block
# <min> <max>
0	54

[block]
# block no. 0 follows, 245 sequences, length 7
# corresponding to MSA columns:
# 55-61
name=unknown_A
#
# <colnr> <probs for GDERKNQSTAVLIFYWHMCP>
#	G	D	E	R	K	N	Q	S	T	A	V	L	I	F	Y	W	H	M	C	P
0	0.00276	0.00198	0.00326	0.00285	0.00346	0.00190	0.18061	0.00343	0.00305	0.12484	0.05898	0.00923	0.02765	0.00351	0.12260	0.00071	0.00162	0.39475	0.03090	0.02193
1	0.06240	0.00256	0.00372	0.42080	0.14597	0.00280	0.00297	0.07497	0.04603	0.10101	0.02577	0.00360	0.00236	0.00136	0.00126	0.00040	0.00145	0.00116	0.00085	0.09856
2	0.00257	0.00249	0.00444	0.82981	0.00879	0.00298	0.12339	0.00347	0.00269	0.00347	0.00238	0.00352	0.00179	0.00129	0.00135	0.00044	0.00181	0.00122	0.00060	0.00150
3	0.00384	0.00309	0.00371	0.22906	0.04667	0.03280	0.00277	0.46436	0.06763	0.00604	0.00353	0.00484	0.00290	0.00177	0.00138	0.00043	0.00150	0.12072	0.00108	0.00188
4	0.00217	0.00162	0.00198	0.01710	0.00237	0.00163	0.01605	0.02421	0.13949	0.02659	0.09619	0.30596	0.13976	0.15815	0.00240	0.00061	0.00095	0.06031	0.00118	0.00128
5	0.03324	0.01700	0.13624	0.03747	0.33106	0.14400	0.03349	0.05335	0.01988	0.04935	0.01591	0.03831	0.00243	0.00168	0.00160	0.07960	0.00163	0.00121	0.00076	0.00177
6	0.00293	0.00279	0.00475	0.41078	0.54540	0.00304	0.00388	0.00375	0.00284	0.00390	0.00242	0.00337	0.00194	0.00123	0.00131	0.00041	0.00165	0.00117	0.00062	0.00182

[dist]
# distance from previous block
# <min> <max>
0	4

[block]
# block no. 1 follows, 245 sequences, length 7
# corresponding to MSA columns:
# 66-72
name=unknown_B
#
# <colnr> <probs for GDERKNQSTAVLIFYWHMCP>
#	G	D	E	R	K	N	Q	S	T	A	V	L	I	F	Y	W	H	M	C	P
0	0.80539	0.00277	0.04401	0.00213	0.03363	0.00298	0.00175	0.00383	0.00229	0.00558	0.00189	0.00226	0.00149	0.00127	0.00105	0.00041	0.05271	0.00077	0.00078	0.03300
1	0.00259	0.00191	0.00236	0.00199	0.00268	0.00162	0.01765	0.00318	0.05007	0.07276	0.05238	0.21477	0.02892	0.07354	0.00179	0.02576	0.00097	0.02197	0.00102	0.42209
2	0.02331	0.06069	0.00280	0.06330	0.04962	0.03447	0.00179	0.09413	0.10412	0.02869	0.00386	0.03516	0.02016	0.31853	0.11564	0.00089	0.00158	0.00153	0.00090	0.03885
3	0.00249	0.04843	0.03325	0.16064	0.03711	0.00207	0.00201	0.05050	0.02118	0.02999	0.25433	0.04853	0.13137	0.00212	0.00136	0.00040	0.00105	0.02201	0.05542	0.09572
4	0.00349	0.27860	0.09408	0.10685	0.23556	0.03229	0.03676	0.02163	0.00296	0.10185	0.00260	0.00308	0.00205	0.00143	0.01731	0.00040	0.03023	0.00104	0.02598	0.00182
5	0.03476	0.05054	0.05663	0.01231	0.04117	0.00267	0.16920	0.02586	0.01682	0.08761	0.02126	0.04467	0.01361	0.01361	0.03244	0.00044	0.10556	0.00962	0.00084	0.26039
6	0.01708	0.01258	0.02265	0.07202	0.23336	0.02291	0.05348	0.05275	0.02221	0.03939	0.04871	0.03149	0.00303	0.01280	0.03039	0.00051	0.22703	0.04293	0.00081	0.05385

[dist]
# distance from previous block
# <min> <max>
0	1

[block]
# block no. 2 follows, 245 sequences, length 11
# corresponding to MSA columns:
# 74-84
name=unknown_C
#
# <colnr> <probs for GDERKNQSTAVLIFYWHMCP>
#	G	D	E	R	K	N	Q	S	T	A	V	L	I	F	Y	W	H	M	C	P
0	0.00167	0.00119	0.00157	0.00181	0.00191	0.00111	0.00123	0.00194	0.00265	0.00357	0.12282	0.76153	0.00893	0.05330	0.00193	0.00056	0.00079	0.02918	0.00123	0.00108
1	0.00199	0.01652	0.04506	0.04073	0.00268	0.00150	0.03368	0.00243	0.01091	0.02934	0.06476	0.49328	0.07315	0.05251	0.02457	0.01210	0.00105	0.09139	0.00112	0.00121
2	0.02919	0.04821	0.08589	0.10679	0.46014	0.05566	0.02946	0.01895	0.01675	0.06439	0.02442	0.01357	0.00249	0.01191	0.00137	0.00041	0.01045	0.01729	0.00076	0.00188
3	0.00311	0.00308	0.03184	0.09919	0.75941	0.00305	0.00386	0.00403	0.04125	0.00423	0.00273	0.03337	0.00233	0.00131	0.00132	0.00040	0.00155	0.00126	0.00069	0.00199
4	0.00249	0.00149	0.00189	0.00176	0.00219	0.00135	0.00134	0.00304	0.01712	0.16320	0.43738	0.12468	0.18676	0.00280	0.00152	0.00044	0.00075	0.02777	0.02065	0.00138
5	0.00279	0.13316	0.26587	0.29247	0.02630	0.03678	0.03851	0.00371	0.01342	0.02975	0.01812	0.08001	0.02151	0.01158	0.00973	0.00044	0.00166	0.01186	0.00071	0.00163
6	0.01195	0.07996	0.10868	0.03881	0.34621	0.01311	0.02895	0.03129	0.03174	0.19723	0.04430	0.03482	0.00304	0.01338	0.00136	0.00041	0.00144	0.01044	0.00093	0.00194
7	0.01185	0.00246	0.02929	0.01766	0.00355	0.02141	0.07167	0.09515	0.01201	0.45871	0.05369	0.08863	0.02759	0.00214	0.01013	0.00046	0.00125	0.08913	0.00135	0.00188
8	0.04594	0.04220	0.01152	0.15602	0.20117	0.23616	0.04189	0.01825	0.00318	0.03193	0.09243	0.02876	0.04935	0.01720	0.00141	0.00041	0.00911	0.01065	0.00082	0.00161
9	0.05332	0.06761	0.29299	0.05624	0.13365	0.01785	0.02562	0.04767	0.03061	0.18751	0.00320	0.02605	0.01002	0.00141	0.00124	0.00040	0.00152	0.00116	0.00089	0.04105
10	0.06121	0.02343	0.12916	0.02859	0.08448	0.03705	0.06816	0.23604	0.08577	0.14629	0.01072	0.04081	0.01588	0.00162	0.00133	0.00042	0.00904	0.01699	0.00106	0.00194

[dist]
# distance from previous block
# <min> <max>
0	6

[block]
# block no. 3 follows, 245 sequences, length 58
# corresponding to MSA columns:
# 91-137,142-148,150-153
name=unknown_D
#
# <colnr> <probs for GDERKNQSTAVLIFYWHMCP>
#	G	D	E	R	K	N	Q	S	T	A	V	L	I	F	Y	W	H	M	C	P
0	0.31221	0.02676	0.22427	0.02190	0.15633	0.12119	0.02181	0.03632	0.03447	0.01132	0.00953	0.00276	0.00187	0.00128	0.00111	0.00040	0.00155	0.00095	0.00074	0.01324
1	0.00344	0.15617	0.08739	0.11189	0.34691	0.03996	0.02461	0.07135	0.03824	0.05971	0.00276	0.01612	0.00223	0.01548	0.01792	0.00043	0.00161	0.00115	0.00076	0.00188
2	0.00342	0.02159	0.00428	0.07360	0.41247	0.13982	0.01082	0.02165	0.00843	0.03197	0.00245	0.00303	0.00201	0.00120	0.00125	0.00034	0.01788	0.00103	0.00073	0.24202
3	0.00748	0.05316	0.12980	0.10138	0.31339	0.05976	0.02973	0.05902	0.01633	0.12238	0.03760	0.00373	0.01072	0.00140	0.00130	0.00039	0.00631	0.01239	0.00085	0.03290
4	0.00226	0.00175	0.00212	0.00184	0.00979	0.00150	0.00140	0.00295	0.03972	0.02628	0.42230	0.05040	0.09982	0.00221	0.00136	0.00036	0.00079	0.01978	0.00731	0.30606
5	0.00164	0.00133	0.00144	0.00143	0.00182	0.00114	0.00106	0.00203	0.00315	0.00395	0.23741	0.04071	0.68043	0.01461	0.00162	0.00045	0.00067	0.00270	0.00127	0.00114
6	0.00315	0.00305	0.00503	0.18939	0.72175	0.02800	0.01243	0.00394	0.00295	0.00409	0.00244	0.00328	0.00201	0.00120	0.00130	0.00040	0.00162	0.00116	0.00064	0.01217
7	0.00316	0.00271	0.00285	0.00257	0.00329	0.00309	0.00200	0.02573	0.83513	0.00539	0.01094	0.00561	0.07889	0.00193	0.00136	0.00045	0.00102	0.01054	0.00133	0.00200
8	0.00252	0.00187	0.00268	0.00245	0.00245	0.00235	0.00188	0.00234	0.00185	0.00268	0.00210	0.00358	0.00209	0.00381	0.03611	0.53326	0.39330	0.00116	0.00058	0.00095
9	0.00389	0.00270	0.00301	0.00251	0.00324	0.00289	0.00199	0.54408	0.01059	0.05825	0.05208	0.22418	0.00445	0.00225	0.00139	0.00042	0.00117	0.00966	0.06942	0.00184
10	0.00249	0.00234	0.00395	0.95056	0.00907	0.00293	0.00366	0.00336	0.00263	0.00336	0.00234	0.00351	0.00176	0.00132	0.00132	0.00044	0.00176	0.00117	0.00059	0.00146
11	0.00348	0.25272	0.01500	0.40045	0.01717	0.11349	0.00290	0.08947	0.00316	0.06001	0.00245	0.00305	0.00190	0.00136	0.00122	0.01257	0.00165	0.00102	0.01530	0.00164
12	0.00381	0.00279	0.00315	0.00269	0.00343	0.00303	0.00222	0.55650	0.02288	0.00651	0.02218	0.03912	0.01770	0.03465	0.00165	0.00049	0.00131	0.26070	0.01337	0.00182
13	0.00251	0.00567	0.00234	0.00218	0.00274	0.00216	0.00889	0.00436	0.39777	0.01512	0.14673	0.02706	0.20791	0.00252	0.00148	0.00046	0.00093	0.13405	0.00129	0.03383
14	0.00159	0.00134	0.00139	0.00137	0.00180	0.00113	0.00103	0.00196	0.00309	0.00377	0.12698	0.01233	0.83120	0.00326	0.00156	0.00044	0.00066	0.00273	0.00125	0.00113
15	0.00196	0.00152	0.01077	0.00183	0.00210	0.00146	0.00131	0.02330	0.10224	0.00396	0.16999	0.38226	0.13022	0.13411	0.00714	0.00060	0.00088	0.02193	0.00121	0.00121
16	0.00276	0.00240	0.00277	0.00200	0.00314	0.01460	0.00160	0.00334	0.00273	0.00426	0.00233	0.00273	0.00194	0.00100	0.00104	0.00020	0.01807	0.00079	0.00078	0.93153
17	0.00300	0.13127	0.50766	0.01048	0.03196	0.05176	0.12468	0.03489	0.01400	0.01205	0.00280	0.02957	0.02159	0.00917	0.00131	0.00041	0.00488	0.00603	0.00066	0.00183
18	0.00204	0.00143	0.00188	0.00208	0.00228	0.00143	0.00165	0.00246	0.00823	0.00347	0.00603	0.03952	0.00666	0.32101	0.00344	0.00083	0.00122	0.59219	0.00107	0.00107
19	0.00175	0.00135	0.00160	0.00155	0.00191	0.00121	0.00116	0.00228	0.01281	0.00457	0.55106	0.03666	0.37139	0.00297	0.00156	0.00043	0.00065	0.00256	0.00135	0.00120
20	0.91992	0.00777	0.01154	0.01225	0.00268	0.01085	0.00151	0.01335	0.00231	0.00585	0.00186	0.00217	0.00144	0.00123	0.00083	0.00041	0.00105	0.00073	0.00081	0.00144
21	0.01165	0.00209	0.00262	0.00249	0.01468	0.00893	0.00864	0.17737	0.01027	0.00434	0.03173	0.42375	0.01134	0.04414	0.02184	0.00057	0.18548	0.03191	0.00475	0.00139
22	0.00304	0.00262	0.00286	0.00275	0.04373	0.01879	0.00205	0.01711	0.68459	0.00528	0.11414	0.00615	0.03336	0.00201	0.00139	0.00045	0.00104	0.05544	0.00130	0.00190
23	0.00174	0.00132	0.00146	0.00145	0.00172	0.00120	0.00100	0.00202	0.00275	0.00352	0.17216	0.02391	0.43543	0.32160	0.00879	0.00073	0.00089	0.01616	0.00112	0.00103
24	0.32823	0.00271	0.02833	0.00231	0.00323	0.03618	0.00982	0.06884	0.00330	0.44232	0.00365	0.01492	0.00254	0.00158	0.00599	0.00042	0.02928	0.01326	0.00122	0.00187
25	0.00182	0.00134	0.00169	0.00161	0.00194	0.00122	0.00120	0.00239	0.00361	0.00501	0.79823	0.01028	0.15918	0.00279	0.00155	0.00042	0.00063	0.00244	0.00141	0.00122
26	0.00235	0.00211	0.00302	0.00275	0.00287	0.00278	0.00223	0.00274	0.00207	0.00311	0.00268	0.00409	0.00255	0.00629	0.50148	0.00139	0.45226	0.00129	0.00064	0.00130
27	0.00470	0.12552	0.00979	0.00323	0.00398	0.78960	0.00251	0.02317	0.01976	0.00335	0.00209	0.00240	0.00175	0.00134	0.00115	0.00034	0.00221	0.00085	0.00069	0.00157
28	0.96303	0.00255	0.00194	0.00173	0.00255	0.00295	0.00143	0.00387	0.00224	0.00591	0.00183	0.00214	0.00143	0.00122	0.00081	0.00041	0.00102	0.00071	0.00081	0.00143
29	0.00302	0.00299	0.00486	0.33752	0.44508	0.04588	0.08093	0.01019	0.00291	0.00390	0.00256	0.00862	0.01022	0.00131	0.00141	0.00042	0.02746	0.00831	0.00065	0.00178
30	0.00320	0.01832	0.14244	0.02289	0.28367	0.02526	0.21084	0.05188	0.14757	0.01627	0.04803	0.00895	0.00286	0.01025	0.00141	0.00042	0.00164	0.00134	0.00083	0.00192
31	0.00229	0.00190	0.00248	0.00226	0.00227	0.00236	0.00165	0.00242	0.00196	0.00281	0.00315	0.00615	0.00349	0.52094	0.05651	0.01563	0.36839	0.00158	0.00070	0.00106
32	0.01197	0.00239	0.03383	0.00215	0.03005	0.14697	0.00162	0.00300	0.03247	0.00442	0.43908	0.04119	0.23495	0.00256	0.00147	0.00042	0.00100	0.00792	0.00120	0.00132
33	0.00291	0.00303	0.08723	0.03462	0.01917	0.02770	0.13078	0.00375	0.03260	0.02185	0.00253	0.00297	0.00201	0.00108	0.00112	0.00028	0.00131	0.00096	0.00077	0.62333
34	0.00188	0.00138	0.00175	0.00165	0.00197	0.00129	0.00123	0.00254	0.02720	0.00508	0.82779	0.00986	0.07356	0.03497	0.00172	0.00045	0.00066	0.00237	0.00141	0.00124
35	0.00250	0.00319	0.23451	0.01687	0.08421	0.01778	0.03756	0.04430	0.04691	0.00733	0.01395	0.06279	0.00964	0.16485	0.23841	0.00099	0.00693	0.00499	0.00078	0.00150
36	0.00171	0.00134	0.00154	0.00150	0.00188	0.00117	0.00113	0.00217	0.00333	0.00436	0.45068	0.03185	0.47994	0.00305	0.00156	0.00043	0.00065	0.00920	0.00133	0.00117
37	0.00823	0.00331	0.04228	0.02970	0.19522	0.06059	0.04226	0.13256	0.40210	0.00864	0.05822	0.00427	0.00347	0.00159	0.00133	0.00042	0.00137	0.00136	0.00108	0.00198
38	0.02072	0.12127	0.48431	0.00293	0.00448	0.00288	0.01074	0.00384	0.00274	0.00411	0.00228	0.00268	0.00177	0.00114	0.00110	0.00032	0.00153	0.00087	0.00064	0.32964
39	0.00822	0.15135	0.47487	0.00339	0.00481	0.20985	0.03696	0.03283	0.01380	0.01747	0.00231	0.00268	0.00177	0.00130	0.00124	0.00874	0.00877	0.00094	0.00064	0.01805
40	0.00216	0.00159	0.00220	0.00247	0.01058	0.00163	0.00211	0.00281	0.02347	0.00392	0.00679	0.02355	0.01929	0.01796	0.00194	0.00061	0.02830	0.84618	0.00119	0.00124
41	0.00177	0.00135	0.00161	0.00155	0.00190	0.00121	0.00116	0.00230	0.00999	0.00463	0.58021	0.02663	0.34274	0.00292	0.00155	0.00043	0.00064	0.00252	0.01369	0.00120
42	0.96303	0.00255	0.00194	0.00173	0.00255	0.00295	0.00143	0.00387	0.00224	0.00591	0.00183	0.00214	0.00143	0.00122	0.00081	0.00041	0.00102	0.00071	0.00081	0.00143
43	0.00279	0.00273	0.00393	0.08811	0.00393	0.00371	0.02415	0.00316	0.00213	0.00325	0.00203	0.00334	0.00196	0.01449	0.02958	0.00061	0.76971	0.01767	0.02131	0.00143
44	0.00277	0.00245	0.00405	0.03428	0.55286	0.00254	0.00309	0.00342	0.00267	0.01974	0.00292	0.00409	0.00258	0.03019	0.32542	0.00101	0.00223	0.00128	0.00069	0.00172
45	0.00166	0.00119	0.00154	0.00180	0.00188	0.00113	0.00118	0.00192	0.01586	0.00330	0.00687	0.82886	0.00818	0.11521	0.00226	0.00062	0.00083	0.00350	0.00117	0.00105
46	0.92740	0.00254	0.00199	0.01780	0.00267	0.00293	0.00147	0.00391	0.00228	0.02490	0.00191	0.00221	0.00147	0.00123	0.00083	0.00041	0.00103	0.00073	0.00083	0.00144
47	0.00264	0.00681	0.94691	0.00375	0.00570	0.00306	0.00486	0.00417	0.00278	0.00417	0.00236	0.00278	0.00167	0.00125	0.00125	0.00042	0.00195	0.00097	0.00056	0.00195
48	0.00192	0.00129	0.00148	0.00149	0.00151	0.00130	0.00087	0.00195	0.00195	0.00261	0.00418	0.00858	0.00477	0.88648	0.05303	0.00130	0.00139	0.02227	0.00080	0.00083
49	0.00526	0.00291	0.00358	0.00274	0.00376	0.00294	0.03369	0.42396	0.01675	0.45599	0.03177	0.00402	0.00304	0.00162	0.00134	0.00040	0.00129	0.00130	0.00145	0.00219
50	0.00237	0.00195	0.00234	0.00195	0.00974	0.00159	0.00960	0.00289	0.01470	0.01558	0.01831	0.13646	0.16579	0.01854	0.00138	0.00034	0.01258	0.05285	0.00096	0.53007
51	0.00340	0.00288	0.00305	0.00269	0.00347	0.00331	0.00211	0.07750	0.85428	0.00570	0.00513	0.00474	0.00384	0.00176	0.00133	0.00044	0.00107	0.00145	0.00133	0.02054
52	0.00239	0.00216	0.00346	0.67162	0.01234	0.00264	0.00309	0.00333	0.05584	0.00343	0.00298	0.00412	0.02034	0.00320	0.20283	0.00080	0.00207	0.00127	0.00067	0.00143
53	0.03249	0.00295	0.00364	0.05543	0.22566	0.04816	0.02773	0.02845	0.46920	0.01621	0.02391	0.01278	0.03112	0.00710	0.00466	0.00044	0.00130	0.00578	0.00107	0.00193
54	0.00229	0.00177	0.00227	0.02710	0.05442	0.00176	0.00152	0.04741	0.00952	0.00352	0.03571	0.00617	0.03214	0.36605	0.22398	0.00110	0.01186	0.00153	0.00082	0.16904
55	0.01676	0.00208	0.00308	0.24444	0.15422	0.00607	0.00244	0.00323	0.04944	0.00431	0.33024	0.01807	0.00589	0.01817	0.07575	0.00057	0.03215	0.00165	0.00096	0.03048
56	0.55605	0.00318	0.08913	0.04841	0.12064	0.02375	0.07351	0.04274	0.00268	0.01605	0.00220	0.01251	0.00173	0.00127	0.00104	0.00041	0.00134	0.00094	0.00078	0.00162
57	0.00288	0.00288	0.00403	0.00346	0.00346	0.00403	0.00288	0.00317	0.00202	0.00317	0.00173	0.00288	0.00173	0.00230	0.00432	0.00058	0.95132	0.00115	0.00058	0.00144

[dist]
# distance from previous block
# <min> <max>
1	18

# created by:
# /home/simao/soft/augustus-3.0.3/scripts/msa2prfl.pl ./align_prep/COG0185.fa
