[name]
unknown

[dist]
# distance from previous block
# <min> <max>
0	11

[block]
# block no. 0 follows, 256 sequences, length 24
# corresponding to MSA columns:
# 11-34
name=unknown_A
#
# <colnr> <probs for GDERKNQSTAVLIFYWHMCP>
#	G	D	E	R	K	N	Q	S	T	A	V	L	I	F	Y	W	H	M	C	P
0	0.49087	0.00195	0.00193	0.00197	0.00251	0.00215	0.00167	0.00316	0.00253	0.00476	0.02419	0.01863	0.00439	0.00230	0.00125	0.00048	0.00105	0.43197	0.00098	0.00127
1	0.00262	0.00224	0.04680	0.00281	0.12931	0.00180	0.02516	0.01137	0.00739	0.07697	0.01743	0.20851	0.06993	0.00191	0.00124	0.00034	0.00103	0.01823	0.00093	0.37397
2	0.01309	0.00264	0.00269	0.06593	0.01272	0.10751	0.00999	0.00480	0.46478	0.00410	0.00408	0.00499	0.00345	0.18696	0.08641	0.00071	0.01362	0.00140	0.00856	0.00156
3	0.00343	0.00187	0.00220	0.00187	0.00254	0.00967	0.00148	0.03609	0.09111	0.36942	0.05050	0.01379	0.37625	0.01580	0.00746	0.00043	0.00091	0.00190	0.01168	0.00162
4	0.08961	0.00367	0.01518	0.00288	0.00378	0.31062	0.10334	0.03969	0.00347	0.39906	0.00334	0.00329	0.00230	0.00138	0.00120	0.00037	0.00159	0.00108	0.01235	0.00180
5	0.01450	0.00296	0.00560	0.39907	0.03177	0.02928	0.46581	0.00370	0.00277	0.00368	0.00237	0.00332	0.00180	0.00119	0.00144	0.00042	0.02684	0.00129	0.00061	0.00157
6	0.00232	0.00206	0.00315	0.02929	0.41168	0.02180	0.00243	0.00279	0.00266	0.00362	0.00491	0.47165	0.03129	0.00259	0.00143	0.00044	0.00112	0.00238	0.00091	0.00147
7	0.00167	0.00125	0.00158	0.00168	0.00190	0.00117	0.00121	0.00208	0.01436	0.00388	0.30814	0.44935	0.15605	0.00333	0.00160	0.00046	0.01686	0.03108	0.00123	0.00111
8	0.01133	0.00253	0.04495	0.56331	0.18590	0.00744	0.02794	0.01057	0.00273	0.01701	0.06324	0.02712	0.01229	0.00144	0.00129	0.00041	0.00154	0.01674	0.00068	0.00153
9	0.00300	0.03748	0.02342	0.14074	0.35030	0.08167	0.08256	0.04897	0.04540	0.00401	0.03517	0.06720	0.02117	0.01172	0.00750	0.00042	0.02739	0.00137	0.00885	0.00168
10	0.22998	0.08769	0.03875	0.03691	0.10703	0.03754	0.00219	0.02459	0.04845	0.02058	0.03451	0.03660	0.01065	0.00146	0.00141	0.00037	0.11306	0.00105	0.00078	0.16640
11	0.00253	0.00223	0.00370	0.87680	0.00823	0.00274	0.00337	0.01870	0.00259	0.03470	0.00235	0.00341	0.00176	0.00137	0.00137	0.02935	0.00164	0.00113	0.00061	0.00142
12	0.00928	0.00304	0.07942	0.17082	0.33036	0.01447	0.14140	0.05429	0.03197	0.03811	0.03770	0.04306	0.02047	0.00143	0.00132	0.00040	0.00713	0.00135	0.01223	0.00174
13	0.00338	0.14754	0.04501	0.06627	0.25337	0.07310	0.02348	0.07922	0.04938	0.08053	0.04786	0.02125	0.01751	0.00144	0.00125	0.01148	0.00572	0.00833	0.00083	0.06305
14	0.00920	0.00274	0.03190	0.04157	0.18089	0.09187	0.13844	0.03199	0.01086	0.07977	0.05667	0.06928	0.01836	0.15227	0.02175	0.00056	0.01062	0.00525	0.01195	0.03405
15	0.00256	0.00227	0.02332	0.46056	0.12501	0.00245	0.01739	0.00748	0.06643	0.04636	0.14784	0.01110	0.04441	0.01323	0.00137	0.00042	0.00136	0.00534	0.00083	0.02027
16	0.00271	0.01282	0.05284	0.04642	0.11845	0.00829	0.01734	0.06043	0.01938	0.05739	0.05177	0.01498	0.01690	0.01093	0.01577	0.48922	0.00125	0.00124	0.00074	0.00115
17	0.00372	0.00299	0.00425	0.08585	0.40978	0.04157	0.01598	0.17466	0.01272	0.13310	0.00815	0.00925	0.00767	0.00141	0.00151	0.00040	0.08304	0.00117	0.00088	0.00190
18	0.01005	0.41526	0.02233	0.00279	0.02974	0.05866	0.04126	0.25621	0.10909	0.00472	0.01539	0.00284	0.00218	0.00137	0.00616	0.00035	0.01798	0.00098	0.00085	0.00180
19	0.00321	0.03162	0.01698	0.08320	0.44350	0.06077	0.01676	0.05825	0.10143	0.03978	0.02030	0.02133	0.01378	0.00166	0.03701	0.00044	0.00150	0.00121	0.00080	0.04649
20	0.06417	0.07055	0.04143	0.04249	0.04361	0.02784	0.04966	0.20267	0.07600	0.09201	0.17655	0.01390	0.00407	0.00190	0.02773	0.00044	0.06089	0.00135	0.00104	0.00170
21	0.00226	0.00177	0.00232	0.00196	0.00259	0.00161	0.01496	0.00272	0.00233	0.02188	0.01074	0.01586	0.00281	0.05910	0.40618	0.02484	0.00202	0.00773	0.00074	0.41559
22	0.03106	0.00241	0.00348	0.02069	0.26856	0.00231	0.00242	0.04923	0.00339	0.50098	0.05031	0.00407	0.00310	0.00148	0.00131	0.00039	0.02149	0.00125	0.03010	0.00198
23	0.00218	0.00189	0.00281	0.26890	0.15502	0.01845	0.00234	0.01752	0.01896	0.00350	0.00483	0.44616	0.02179	0.00260	0.00144	0.00046	0.00117	0.02773	0.00091	0.00134

[dist]
# distance from previous block
# <min> <max>
1	15

[block]
# block no. 1 follows, 256 sequences, length 32
# corresponding to MSA columns:
# 52-83
name=unknown_B
#
# <colnr> <probs for GDERKNQSTAVLIFYWHMCP>
#	G	D	E	R	K	N	Q	S	T	A	V	L	I	F	Y	W	H	M	C	P
0	0.52640	0.00683	0.03980	0.00255	0.06888	0.03886	0.01988	0.09851	0.00860	0.12192	0.00243	0.00265	0.00180	0.00136	0.00998	0.00040	0.02581	0.00089	0.00709	0.01535
1	0.01037	0.00271	0.00278	0.00227	0.00302	0.12289	0.00936	0.21009	0.00383	0.34693	0.00387	0.00384	0.00272	0.00150	0.00118	0.00036	0.01124	0.00116	0.25812	0.00179
2	0.00296	0.00243	0.00277	0.00202	0.00311	0.00203	0.00163	0.15196	0.00315	0.00474	0.00242	0.00274	0.00195	0.00104	0.00099	0.00022	0.00100	0.00082	0.02373	0.78830
3	0.00269	0.00286	0.01404	0.01152	0.00508	0.00287	0.56339	0.00348	0.00273	0.00374	0.00331	0.03533	0.01489	0.04831	0.00219	0.00051	0.15239	0.12845	0.00073	0.00150
4	0.05093	0.00252	0.00394	0.18141	0.35463	0.00253	0.01945	0.00461	0.00306	0.35933	0.00331	0.00357	0.00233	0.00132	0.00124	0.00039	0.00136	0.00117	0.00097	0.00191
5	0.00273	0.00250	0.00407	0.67055	0.18097	0.00293	0.01846	0.08232	0.00289	0.00381	0.00240	0.00345	0.00186	0.00129	0.00127	0.00041	0.00163	0.01423	0.00064	0.00158
6	0.92759	0.00243	0.00190	0.00169	0.00247	0.00280	0.00139	0.00381	0.00221	0.04197	0.00188	0.00214	0.00144	0.00119	0.00080	0.00039	0.00098	0.00071	0.00081	0.00140
7	0.00167	0.00129	0.00152	0.00146	0.00181	0.00114	0.00110	0.00215	0.00329	0.00439	0.56611	0.01055	0.39326	0.00284	0.00149	0.00041	0.00061	0.00244	0.00130	0.00114
8	0.00224	0.00126	0.00144	0.00138	0.00170	0.00121	0.00104	0.00283	0.00305	0.03607	0.38021	0.00659	0.00670	0.00192	0.00114	0.00034	0.00061	0.00162	0.54745	0.00122
9	0.00233	0.00189	0.00214	0.00210	0.00251	0.00204	0.00155	0.01780	0.42423	0.00446	0.12296	0.35418	0.05121	0.00271	0.00144	0.00046	0.00084	0.00238	0.00125	0.00150
10	0.00253	0.00388	0.34541	0.43152	0.04901	0.00282	0.06559	0.02545	0.00274	0.00377	0.03364	0.02331	0.00217	0.00133	0.00127	0.00041	0.00171	0.00117	0.00062	0.00162
11	0.00232	0.00197	0.00305	0.02204	0.36618	0.00192	0.00227	0.00298	0.00329	0.00467	0.56534	0.00690	0.00791	0.00200	0.00139	0.00039	0.00097	0.00182	0.00108	0.00151
12	0.05759	0.00166	0.00221	0.02830	0.07141	0.00177	0.00167	0.01919	0.05980	0.00846	0.21386	0.03003	0.10961	0.00915	0.36766	0.00104	0.00185	0.01250	0.00096	0.00129
13	0.31883	0.04707	0.00271	0.00225	0.00301	0.00309	0.00180	0.00558	0.56435	0.03279	0.00387	0.00370	0.00292	0.00150	0.00110	0.00041	0.00101	0.00115	0.00109	0.00178
14	0.00236	0.00193	0.00223	0.00216	0.02069	0.00204	0.00649	0.01748	0.36689	0.00472	0.27177	0.02140	0.16310	0.00820	0.00146	0.00044	0.00086	0.10302	0.00126	0.00151
15	0.01738	0.00413	0.34843	0.00294	0.00409	0.00308	0.00298	0.02799	0.56457	0.00489	0.00399	0.00389	0.00296	0.00151	0.00125	0.00042	0.00133	0.00123	0.00100	0.00195
16	0.00366	0.00227	0.00282	0.04636	0.00337	0.00189	0.00174	0.04369	0.00307	0.30206	0.00314	0.00320	0.00227	0.00117	0.00107	0.00027	0.00103	0.00095	0.00102	0.57492
17	0.00302	0.00289	0.00493	0.15225	0.80408	0.00297	0.00382	0.00378	0.00282	0.00399	0.00236	0.00317	0.00195	0.00115	0.00125	0.00038	0.00153	0.00113	0.00062	0.00191
18	0.00307	0.00316	0.00601	0.00684	0.59138	0.00308	0.35948	0.00394	0.00292	0.00410	0.00245	0.00324	0.00197	0.00110	0.00134	0.00039	0.00174	0.00126	0.00063	0.00189
19	0.00262	0.00225	0.00262	0.00187	0.00300	0.00169	0.00150	0.00318	0.00262	0.00412	0.00225	0.00262	0.00187	0.00094	0.00094	0.00019	0.00094	0.00075	0.00075	0.96330
20	0.00472	0.00603	0.00358	0.00326	0.00391	0.95050	0.00244	0.00505	0.00358	0.00309	0.00195	0.00228	0.00163	0.00130	0.00114	0.00033	0.00228	0.00081	0.00065	0.00147
21	0.00482	0.00351	0.00378	0.00290	0.00391	0.00388	0.00239	0.92426	0.00590	0.02725	0.00308	0.00306	0.00217	0.00152	0.00126	0.00038	0.00138	0.00114	0.00127	0.00215
22	0.07599	0.00217	0.00285	0.00221	0.00317	0.00193	0.00182	0.00598	0.00351	0.87941	0.00475	0.00414	0.00300	0.00154	0.00124	0.00039	0.00107	0.00123	0.00151	0.00209
23	0.00162	0.00124	0.00159	0.04599	0.00218	0.00117	0.00129	0.00195	0.00265	0.00344	0.07603	0.53188	0.24447	0.00358	0.01252	0.00050	0.00080	0.06486	0.00115	0.00108
24	0.00235	0.00220	0.00367	0.90819	0.00838	0.00273	0.00339	0.00316	0.00254	0.00324	0.00274	0.00378	0.04576	0.00135	0.00127	0.00042	0.00164	0.00120	0.00059	0.00139
25	0.00313	0.00300	0.00513	0.00776	0.94769	0.00300	0.00388	0.00388	0.00288	0.00413	0.00238	0.00313	0.00200	0.00113	0.00125	0.00038	0.00150	0.00113	0.00063	0.00200
26	0.00213	0.00130	0.00158	0.00151	0.00183	0.00124	0.00114	0.00268	0.00311	0.04905	0.45053	0.00777	0.07578	0.02457	0.05210	0.00048	0.00080	0.02157	0.29963	0.00121
27	0.00385	0.00175	0.00231	0.00192	0.00257	0.00157	0.00153	0.00444	0.01856	0.49266	0.37259	0.00642	0.01612	0.00198	0.00133	0.00039	0.00085	0.00168	0.06579	0.00170
28	0.00251	0.00235	0.00395	0.77163	0.15783	0.00281	0.00350	0.00335	0.01487	0.00338	0.00230	0.00336	0.00177	0.00131	0.00133	0.01891	0.00164	0.00113	0.00058	0.00149
29	0.00179	0.00131	0.00168	0.00158	0.00189	0.00121	0.00119	0.00240	0.01525	0.00497	0.87841	0.00955	0.06879	0.00261	0.00149	0.00040	0.00060	0.00230	0.00138	0.00120
30	0.00266	0.00275	0.00534	0.52390	0.05350	0.00298	0.38316	0.00359	0.00273	0.00360	0.00238	0.00337	0.00179	0.00118	0.00136	0.00042	0.00186	0.00127	0.00060	0.00155
31	0.00155	0.00111	0.00146	0.00174	0.00183	0.00104	0.00117	0.00177	0.00243	0.00322	0.00708	0.89745	0.03653	0.02395	0.00171	0.00053	0.00075	0.01249	0.00116	0.00102

[dist]
# distance from previous block
# <min> <max>
0	1

[block]
# block no. 2 follows, 256 sequences, length 14
# corresponding to MSA columns:
# 85-98
name=unknown_C
#
# <colnr> <probs for GDERKNQSTAVLIFYWHMCP>
#	G	D	E	R	K	N	Q	S	T	A	V	L	I	F	Y	W	H	M	C	P
0	0.03240	0.00300	0.00383	0.03139	0.34388	0.02542	0.00277	0.14712	0.38641	0.00518	0.00357	0.00371	0.00274	0.00143	0.00125	0.00040	0.00129	0.00123	0.00099	0.00198
1	0.02894	0.00543	0.00349	0.00312	0.00380	0.76971	0.00237	0.10141	0.03441	0.00373	0.00221	0.00251	0.00179	0.00158	0.02978	0.00039	0.00215	0.00088	0.00074	0.00154
2	0.79601	0.01477	0.00233	0.00988	0.03831	0.01746	0.02808	0.03038	0.01035	0.01564	0.00200	0.01843	0.00160	0.00125	0.00090	0.00039	0.00917	0.00081	0.00080	0.00144
3	0.00249	0.00217	0.01166	0.15751	0.25282	0.00962	0.01580	0.03916	0.03208	0.01857	0.03609	0.01635	0.12033	0.17577	0.07215	0.00068	0.01162	0.02289	0.00082	0.00144
4	0.00259	0.00490	0.56101	0.01859	0.11905	0.00276	0.12453	0.00384	0.02110	0.00417	0.10376	0.00364	0.00288	0.00134	0.00127	0.00040	0.00168	0.00119	0.01953	0.00177
5	0.00192	0.00136	0.00171	0.00160	0.00194	0.00125	0.00121	0.02224	0.00352	0.03039	0.76901	0.03013	0.12366	0.00264	0.00148	0.00040	0.00063	0.00231	0.00136	0.00122
6	0.00298	0.00259	0.00258	0.00232	0.00297	0.06290	0.00180	0.06968	0.56012	0.02077	0.03562	0.03925	0.18689	0.00207	0.00133	0.00042	0.00102	0.00171	0.00123	0.00174
7	0.02862	0.00242	0.00299	0.00233	0.00326	0.00232	0.00191	0.20954	0.02893	0.63642	0.01944	0.00408	0.00304	0.00156	0.00124	0.00039	0.00111	0.00124	0.04710	0.00207
8	0.00182	0.00131	0.00179	0.00179	0.00193	0.00145	0.00128	0.00210	0.00196	0.00276	0.00361	0.00619	0.00369	0.35869	0.60208	0.00173	0.00259	0.00153	0.00071	0.00099
9	0.00200	0.00137	0.00153	0.00145	0.00189	0.00120	0.00110	0.00246	0.01897	0.08696	0.18831	0.02393	0.59778	0.00282	0.00143	0.00041	0.00067	0.00237	0.06213	0.00121
10	0.15013	0.00224	0.00247	0.00183	0.00287	0.00184	0.00147	0.00323	0.00259	0.00439	0.03889	0.00280	0.00219	0.00104	0.00093	0.00023	0.00093	0.00080	0.00078	0.77836
11	0.80173	0.00277	0.00210	0.02485	0.00273	0.09929	0.00154	0.00377	0.00230	0.00523	0.00190	0.01616	0.00156	0.01522	0.00097	0.00040	0.01457	0.00077	0.00077	0.00137
12	0.00276	0.31942	0.46048	0.00279	0.00413	0.04016	0.00322	0.00368	0.00275	0.00365	0.06351	0.00368	0.08197	0.00142	0.00111	0.00036	0.00153	0.00108	0.00065	0.00166
13	0.87380	0.00250	0.00209	0.00196	0.03440	0.00291	0.00153	0.02417	0.00225	0.00557	0.00180	0.00214	0.00142	0.00122	0.00094	0.00040	0.03799	0.00073	0.00078	0.00141

[dist]
# distance from previous block
# <min> <max>
0	2

[block]
# block no. 3 follows, 256 sequences, length 13
# corresponding to MSA columns:
# 101-113
name=unknown_D
#
# <colnr> <probs for GDERKNQSTAVLIFYWHMCP>
#	G	D	E	R	K	N	Q	S	T	A	V	L	I	F	Y	W	H	M	C	P
0	0.03237	0.01740	0.00365	0.00324	0.02495	0.35115	0.00253	0.02672	0.05197	0.00341	0.00214	0.02800	0.00195	0.00181	0.00254	0.00045	0.44251	0.00106	0.00067	0.00147
1	0.00316	0.00334	0.00254	0.00235	0.00271	0.38944	0.00170	0.04456	0.00285	0.00317	0.04986	0.00508	0.00338	0.32286	0.14100	0.00089	0.01784	0.00133	0.00076	0.00120
2	0.00159	0.00124	0.00144	0.00155	0.00182	0.00111	0.00110	0.00197	0.02522	0.00357	0.11565	0.41140	0.42096	0.00342	0.00154	0.00046	0.00068	0.00299	0.00120	0.00109
3	0.00321	0.36994	0.09205	0.00389	0.03190	0.03515	0.41339	0.02931	0.00289	0.00371	0.00221	0.00276	0.00177	0.00111	0.00118	0.00036	0.00177	0.00109	0.00061	0.00170
4	0.00265	0.00651	0.89963	0.00359	0.00539	0.05244	0.00455	0.00406	0.00272	0.00396	0.00225	0.00265	0.00160	0.00121	0.00120	0.00040	0.00189	0.00093	0.00054	0.00185
5	0.00324	0.00355	0.00380	0.00330	0.00346	0.23151	0.00269	0.00352	0.00233	0.00305	0.00173	0.00265	0.00165	0.00199	0.00343	0.00050	0.72457	0.00104	0.00058	0.00140
6	0.00400	0.55230	0.00540	0.00247	0.00351	0.02378	0.00225	0.36080	0.00390	0.02743	0.00232	0.00247	0.00186	0.00126	0.00100	0.00032	0.00138	0.00087	0.00084	0.00183
7	0.00235	0.00426	0.50845	0.02994	0.01607	0.00232	0.00321	0.04331	0.01238	0.00441	0.26732	0.01472	0.06445	0.00180	0.00132	0.00041	0.00137	0.01942	0.00087	0.00161
8	0.00181	0.00134	0.00170	0.00160	0.00192	0.00124	0.00120	0.00248	0.03236	0.00497	0.85632	0.00948	0.07362	0.00260	0.00148	0.00040	0.00061	0.00229	0.00137	0.00121
9	0.00172	0.00135	0.01726	0.00180	0.00202	0.00124	0.00130	0.00225	0.06583	0.00363	0.10532	0.64140	0.09052	0.00350	0.00156	0.00049	0.00076	0.04399	0.01291	0.00113
10	0.00161	0.00127	0.00145	0.00145	0.00179	0.00111	0.00107	0.00202	0.00310	0.00402	0.36578	0.10757	0.49717	0.00305	0.00151	0.00042	0.00063	0.00262	0.00126	0.00111
11	0.00324	0.00312	0.19500	0.42076	0.00608	0.00260	0.01492	0.05444	0.01558	0.20705	0.04991	0.00375	0.00257	0.00140	0.00126	0.00041	0.00150	0.00118	0.01352	0.00170
12	0.88713	0.00245	0.00205	0.04998	0.03095	0.00284	0.00155	0.00370	0.00219	0.00550	0.00180	0.00215	0.00140	0.00118	0.00082	0.00039	0.00103	0.00072	0.00077	0.00139

[dist]
# distance from previous block
# <min> <max>
4	11

[block]
# block no. 4 follows, 256 sequences, length 11
# corresponding to MSA columns:
# 125-135
name=unknown_E
#
# <colnr> <probs for GDERKNQSTAVLIFYWHMCP>
#	G	D	E	R	K	N	Q	S	T	A	V	L	I	F	Y	W	H	M	C	P
0	0.00350	0.86879	0.00634	0.00226	0.00331	0.09211	0.00219	0.00390	0.00266	0.00299	0.00178	0.00205	0.00162	0.00110	0.00084	0.00028	0.00144	0.00069	0.00055	0.00161
1	0.00152	0.00117	0.00140	0.00158	0.00179	0.00104	0.00110	0.00178	0.00259	0.00330	0.00911	0.60925	0.35247	0.00368	0.00157	0.00048	0.00070	0.00325	0.00117	0.00104
2	0.00283	0.00237	0.00273	0.00197	0.00308	0.00189	0.00158	0.09143	0.00293	0.00448	0.00232	0.00266	0.00190	0.00099	0.00097	0.00021	0.00098	0.00079	0.00080	0.87310
3	0.87587	0.00243	0.00204	0.08926	0.00302	0.00283	0.00157	0.00367	0.00219	0.00545	0.00181	0.00217	0.00140	0.00118	0.00083	0.00039	0.00104	0.00072	0.00076	0.00137
4	0.00180	0.00129	0.00166	0.00157	0.00187	0.00119	0.00117	0.00238	0.00352	0.00500	0.88075	0.00939	0.04631	0.00257	0.00147	0.00040	0.00060	0.00226	0.03363	0.00119
5	0.00265	0.00264	0.00384	0.81402	0.05738	0.09176	0.00343	0.00343	0.00265	0.00326	0.00223	0.00326	0.00170	0.00126	0.00125	0.00041	0.00173	0.00109	0.00057	0.00144
6	0.00183	0.00131	0.00186	0.00186	0.00202	0.00147	0.00136	0.00213	0.00197	0.00278	0.00347	0.00570	0.00345	0.23517	0.67682	0.05090	0.00275	0.00146	0.00069	0.00101
7	0.00287	0.00279	0.00439	0.04239	0.43028	0.00328	0.02182	0.00341	0.00249	0.00367	0.05233	0.00332	0.00237	0.00168	0.00253	0.00046	0.41643	0.00119	0.00063	0.00166
8	0.00179	0.00141	0.00164	0.00157	0.00195	0.00131	0.00119	0.00252	0.07826	0.00443	0.49645	0.01022	0.36048	0.00277	0.00148	0.00042	0.00066	0.02893	0.00130	0.00121
9	0.00200	0.00195	0.09066	0.00184	0.00235	0.00155	0.00157	0.04517	0.04989	0.00464	0.52177	0.04840	0.18206	0.02206	0.01810	0.00045	0.00085	0.00217	0.00123	0.00130
10	0.03111	0.00245	0.00405	0.48484	0.35023	0.00274	0.00340	0.00348	0.00268	0.02876	0.00269	0.04003	0.00228	0.00140	0.00128	0.00041	0.00153	0.03435	0.00066	0.00162

[dist]
# distance from previous block
# <min> <max>
0	2

[block]
# block no. 5 follows, 256 sequences, length 14
# corresponding to MSA columns:
# 138-151
name=unknown_F
#
# <colnr> <probs for GDERKNQSTAVLIFYWHMCP>
#	G	D	E	R	K	N	Q	S	T	A	V	L	I	F	Y	W	H	M	C	P
0	0.01446	0.00128	0.00171	0.01283	0.01846	0.00122	0.00127	0.00223	0.00302	0.01705	0.48646	0.38592	0.00967	0.01850	0.01958	0.00049	0.00075	0.00271	0.00125	0.00115
1	0.05249	0.47046	0.00494	0.00251	0.00344	0.25751	0.00219	0.08930	0.00323	0.10012	0.00226	0.00242	0.00181	0.00123	0.00099	0.00031	0.00156	0.00082	0.00075	0.00167
2	0.19975	0.03131	0.00291	0.03499	0.03293	0.16860	0.00199	0.05672	0.29351	0.07614	0.00354	0.02308	0.01265	0.00151	0.00113	0.00039	0.00126	0.00114	0.05476	0.00169
3	0.00311	0.00924	0.01832	0.01040	0.01060	0.04969	0.14283	0.06088	0.02045	0.19076	0.39998	0.04465	0.02954	0.00203	0.00140	0.00040	0.00111	0.00182	0.00122	0.00156
4	0.49923	0.00282	0.00267	0.00217	0.00305	0.00314	0.00179	0.36722	0.00371	0.05412	0.00248	0.00261	0.00181	0.00133	0.00100	0.00038	0.00113	0.00090	0.01981	0.02862
5	0.00165	0.00120	0.00156	0.00166	0.00185	0.00111	0.00117	0.00206	0.00299	0.00410	0.44740	0.46440	0.05760	0.00328	0.00155	0.00045	0.00066	0.00293	0.00128	0.00111
6	0.00830	0.05744	0.10856	0.07602	0.21110	0.06696	0.05376	0.05130	0.01442	0.07237	0.01417	0.11933	0.07186	0.00195	0.01820	0.01227	0.03800	0.00152	0.00083	0.00163
7	0.09279	0.14681	0.22374	0.00315	0.07870	0.15034	0.02255	0.01786	0.00304	0.22648	0.00285	0.02155	0.00213	0.00133	0.00113	0.00037	0.00153	0.00102	0.00085	0.00178
8	0.00199	0.00170	0.00263	0.46723	0.00525	0.00193	0.00237	0.00254	0.00253	0.00328	0.00497	0.37024	0.05832	0.00256	0.00144	0.00047	0.00122	0.06722	0.00087	0.00122
9	0.00867	0.00206	0.00308	0.12991	0.26567	0.02113	0.00819	0.00887	0.02378	0.01823	0.22158	0.03547	0.00488	0.05150	0.11021	0.06439	0.00146	0.01864	0.00086	0.00142
10	0.00291	0.00292	0.01409	0.17920	0.23816	0.01409	0.35788	0.03072	0.02538	0.02192	0.01699	0.02229	0.05326	0.00137	0.00140	0.00041	0.01318	0.00142	0.00072	0.00169
11	0.58317	0.00287	0.07133	0.08208	0.00359	0.00290	0.03856	0.11582	0.00283	0.08319	0.00229	0.00256	0.00167	0.00125	0.00098	0.00039	0.00120	0.00087	0.00086	0.00158
12	0.00267	0.00259	0.00410	0.61378	0.28151	0.04077	0.00351	0.00345	0.00268	0.00349	0.00256	0.00350	0.02747	0.00128	0.00126	0.00040	0.00163	0.00115	0.00060	0.00157
13	0.00387	0.00306	0.00413	0.03484	0.28869	0.00321	0.05009	0.44950	0.00435	0.04961	0.00352	0.02369	0.05795	0.00151	0.00129	0.00039	0.00139	0.00129	0.00102	0.01658

[dist]
# distance from previous block
# <min> <max>
1	14

# created by:
# /home/simao/soft/augustus-3.0.3/scripts/msa2prfl.pl ./align_prep/COG0048.fa
