[name]
unknown

[dist]
# distance from previous block
# <min> <max>
0	274

[block]
# block no. 0 follows, 193 sequences, length 28
# corresponding to MSA columns:
# 415-442
name=unknown_A
#
# <colnr> <probs for GDERKNQSTAVLIFYWHMCP>
#	G	D	E	R	K	N	Q	S	T	A	V	L	I	F	Y	W	H	M	C	P
0	0.02578	0.24936	0.43125	0.02431	0.04127	0.04580	0.07838	0.00529	0.01188	0.02564	0.01295	0.00396	0.00263	0.00169	0.00153	0.00050	0.00222	0.01633	0.00085	0.01836
1	0.01683	0.25711	0.25577	0.01831	0.05461	0.04215	0.03113	0.05195	0.03732	0.11473	0.01987	0.00405	0.00293	0.00183	0.00934	0.00050	0.01081	0.00131	0.00105	0.06839
2	0.00325	0.01292	0.01095	0.00267	0.00800	0.00229	0.01199	0.03439	0.12493	0.07543	0.10182	0.31045	0.06312	0.13866	0.00299	0.01527	0.01566	0.02048	0.00151	0.04321
3	0.00254	0.01432	0.00238	0.00249	0.01442	0.00173	0.01324	0.00275	0.01283	0.01874	0.02309	0.49723	0.05255	0.15948	0.07754	0.09257	0.00148	0.00786	0.00135	0.00140
4	0.02284	0.22757	0.44707	0.01281	0.04429	0.01937	0.04433	0.04213	0.00373	0.03873	0.00319	0.00390	0.00252	0.01600	0.00178	0.03128	0.00215	0.00775	0.00088	0.02768
5	0.02264	0.18542	0.54198	0.02251	0.01301	0.02492	0.04398	0.04083	0.00381	0.06656	0.00324	0.00373	0.00242	0.00170	0.00161	0.00052	0.01655	0.00127	0.00089	0.00243
6	0.00220	0.00162	0.00202	0.00230	0.00249	0.00148	0.00156	0.00249	0.00339	0.00447	0.05594	0.69852	0.14860	0.03389	0.02040	0.00074	0.00108	0.01380	0.00156	0.00143
7	0.00324	0.00715	0.71829	0.04644	0.05640	0.00358	0.02977	0.00488	0.00344	0.00508	0.02117	0.02880	0.00275	0.02569	0.02098	0.00059	0.00232	0.00142	0.00076	0.01723
8	0.01191	0.11453	0.40720	0.00378	0.00530	0.01554	0.02928	0.03688	0.10359	0.04253	0.00470	0.08619	0.02453	0.02485	0.00186	0.00056	0.01926	0.06429	0.00105	0.00219
9	0.02841	0.02019	0.04531	0.04321	0.05980	0.00268	0.07001	0.00947	0.10661	0.13814	0.11289	0.18396	0.10883	0.00307	0.01148	0.00058	0.02512	0.02684	0.00142	0.00197
10	0.00201	0.00144	0.00191	0.00229	0.00238	0.00134	0.00153	0.00230	0.00313	0.00418	0.00895	0.90888	0.01072	0.02147	0.00220	0.00068	0.00097	0.02075	0.00151	0.00133
11	0.00215	0.00168	0.00194	0.00204	0.00242	0.00153	0.00147	0.02045	0.02143	0.00468	0.09924	0.34277	0.42970	0.02040	0.01879	0.00065	0.00099	0.02473	0.00153	0.00143
12	0.01870	0.00419	0.17379	0.04624	0.03108	0.02016	0.09804	0.09104	0.21271	0.06107	0.02707	0.09724	0.03695	0.00246	0.00176	0.00056	0.00175	0.07166	0.00130	0.00222
13	0.03781	0.00339	0.00422	0.00366	0.06818	0.02506	0.01931	0.22854	0.03157	0.48944	0.00541	0.04671	0.00383	0.00224	0.01590	0.00054	0.00161	0.00170	0.00826	0.00261
14	0.00464	0.86081	0.00832	0.00300	0.00437	0.08717	0.00288	0.00513	0.00352	0.00398	0.00241	0.00281	0.00221	0.00150	0.00114	0.00038	0.00190	0.00093	0.00075	0.00214
15	0.00246	0.00169	0.00215	0.00214	0.00250	0.00157	0.00158	0.00309	0.01266	0.03975	0.50705	0.17741	0.10511	0.06035	0.00234	0.00062	0.00093	0.06067	0.01441	0.00151
16	0.69122	0.00331	0.02980	0.00246	0.00358	0.00349	0.00209	0.05011	0.00343	0.19264	0.00322	0.00333	0.00229	0.00164	0.00119	0.00051	0.00135	0.00108	0.00124	0.00204
17	0.00278	0.00218	0.02387	0.01970	0.00311	0.00199	0.00192	0.03150	0.05186	0.03284	0.36858	0.09197	0.08195	0.05530	0.07906	0.00075	0.00136	0.05377	0.00149	0.09403
18	0.03172	0.14395	0.32476	0.02972	0.06931	0.04612	0.03854	0.08209	0.04054	0.07819	0.03475	0.00400	0.00293	0.00170	0.00160	0.00048	0.02570	0.00133	0.00100	0.04159
19	0.00446	0.00281	0.00332	0.00286	0.00373	0.00282	0.00225	0.04701	0.30068	0.23898	0.25652	0.01388	0.04059	0.01020	0.00185	0.00055	0.00123	0.02710	0.00179	0.03737
20	0.00563	0.00309	0.00370	0.00306	0.00413	0.00314	0.00245	0.05330	0.37431	0.45389	0.05691	0.00622	0.01812	0.00220	0.00167	0.00053	0.00133	0.00182	0.00184	0.00262
21	0.02929	0.10824	0.26129	0.03033	0.01032	0.07245	0.07194	0.05895	0.09599	0.06024	0.01706	0.06331	0.01180	0.02107	0.00541	0.00055	0.01186	0.06663	0.00109	0.00217
22	0.00959	0.03876	0.21426	0.16489	0.17377	0.02851	0.03416	0.03942	0.01745	0.07141	0.00800	0.01276	0.00305	0.04551	0.03838	0.01052	0.06878	0.01757	0.00096	0.00222
23	0.00204	0.00160	0.00183	0.00194	0.00231	0.00142	0.00138	0.00249	0.01321	0.00459	0.12601	0.32804	0.47015	0.03262	0.00218	0.00062	0.00089	0.00375	0.00154	0.00139
24	0.00278	0.00207	0.00246	0.03862	0.01768	0.00206	0.00184	0.02192	0.14071	0.03376	0.19404	0.15555	0.26085	0.00343	0.00183	0.00055	0.00103	0.03339	0.08371	0.00171
25	0.03670	0.19859	0.31267	0.01648	0.09820	0.02886	0.08671	0.07529	0.05237	0.07426	0.00335	0.00374	0.00251	0.00160	0.00149	0.00048	0.00206	0.00131	0.00095	0.00237
26	0.06539	0.04160	0.11166	0.13106	0.07474	0.09828	0.03688	0.14578	0.03835	0.15665	0.01307	0.01927	0.01261	0.01029	0.00561	0.00053	0.02098	0.01378	0.00119	0.00228
27	0.00225	0.00161	0.00199	0.00214	0.00242	0.00148	0.00151	0.00272	0.01819	0.02868	0.17945	0.46946	0.20400	0.05212	0.00233	0.00066	0.00095	0.02505	0.00156	0.00143

[dist]
# distance from previous block
# <min> <max>
1	4

[block]
# block no. 1 follows, 193 sequences, length 8
# corresponding to MSA columns:
# 447-454
name=unknown_B
#
# <colnr> <probs for GDERKNQSTAVLIFYWHMCP>
#	G	D	E	R	K	N	Q	S	T	A	V	L	I	F	Y	W	H	M	C	P
0	0.07465	0.05819	0.17340	0.23672	0.13758	0.02680	0.04005	0.03799	0.03574	0.05254	0.00363	0.04114	0.00301	0.00190	0.00173	0.00053	0.03702	0.03429	0.00095	0.00215
1	0.00351	0.00238	0.00330	0.10561	0.03387	0.01710	0.03527	0.01497	0.03826	0.15923	0.18936	0.17862	0.06657	0.03065	0.00221	0.01143	0.03078	0.06237	0.01266	0.00183
2	0.02040	0.04696	0.04485	0.10762	0.23458	0.05460	0.01457	0.07201	0.03827	0.07693	0.05745	0.02803	0.03446	0.08773	0.04256	0.00071	0.01494	0.00178	0.00114	0.02042
3	0.19070	0.06181	0.05646	0.22942	0.04625	0.03703	0.04580	0.06928	0.02584	0.03636	0.06524	0.04409	0.01784	0.02624	0.01468	0.00057	0.01054	0.00980	0.00106	0.01101
4	0.03663	0.06100	0.15758	0.11914	0.24234	0.05072	0.08430	0.02057	0.02816	0.02884	0.01274	0.03459	0.01231	0.01591	0.02913	0.00059	0.03835	0.00992	0.00090	0.01629
5	0.11261	0.06161	0.09186	0.07528	0.19040	0.06984	0.09771	0.04191	0.04785	0.04908	0.02999	0.00454	0.01525	0.00176	0.00165	0.00049	0.02812	0.02086	0.00100	0.05822
6	0.01523	0.00238	0.00282	0.04175	0.05180	0.04244	0.00208	0.04467	0.05699	0.03945	0.21374	0.21416	0.15736	0.01900	0.04632	0.00067	0.00135	0.01861	0.00146	0.02770
7	0.02907	0.05060	0.05698	0.11797	0.19937	0.02583	0.02802	0.12216	0.10081	0.05124	0.03621	0.03399	0.03334	0.01202	0.00178	0.00051	0.03082	0.00167	0.03503	0.03259

[dist]
# distance from previous block
# <min> <max>
4	15

[block]
# block no. 2 follows, 193 sequences, length 6
# corresponding to MSA columns:
# 475-477,479-481
name=unknown_C
#
# <colnr> <probs for GDERKNQSTAVLIFYWHMCP>
#	G	D	E	R	K	N	Q	S	T	A	V	L	I	F	Y	W	H	M	C	P
0	0.01861	0.00244	0.01546	0.01814	0.01899	0.01431	0.05044	0.01950	0.05632	0.18862	0.11213	0.20122	0.12985	0.02550	0.03357	0.00067	0.02156	0.05776	0.01304	0.00187
1	0.00218	0.00161	0.00205	0.00227	0.00251	0.00155	0.00162	0.00271	0.03337	0.00449	0.09044	0.51822	0.13848	0.05151	0.06864	0.00082	0.00125	0.07341	0.00148	0.00140
2	0.01963	0.00337	0.02822	0.20072	0.25843	0.00336	0.10833	0.03031	0.01939	0.14821	0.03525	0.01887	0.03938	0.01775	0.00190	0.00055	0.02182	0.04118	0.00112	0.00222
3	0.04501	0.14869	0.27583	0.02912	0.05240	0.10318	0.07254	0.06927	0.04261	0.07260	0.02283	0.01737	0.01869	0.00178	0.00160	0.00049	0.02134	0.00141	0.00099	0.00226
4	0.00394	0.04723	0.33605	0.03398	0.09242	0.01732	0.03319	0.04977	0.03391	0.12073	0.05595	0.03938	0.03095	0.00236	0.01817	0.00057	0.01379	0.06692	0.00113	0.00225
5	0.00225	0.00176	0.00231	0.00275	0.06849	0.00163	0.00187	0.00274	0.00357	0.00463	0.07745	0.38348	0.28283	0.00435	0.00203	0.00062	0.00106	0.15320	0.00149	0.00148

[dist]
# distance from previous block
# <min> <max>
0	2

[block]
# block no. 3 follows, 193 sequences, length 7
# corresponding to MSA columns:
# 484-490
name=unknown_D
#
# <colnr> <probs for GDERKNQSTAVLIFYWHMCP>
#	G	D	E	R	K	N	Q	S	T	A	V	L	I	F	Y	W	H	M	C	P
0	0.03086	0.02527	0.08340	0.10620	0.04756	0.01323	0.02008	0.04493	0.03156	0.13819	0.11519	0.11130	0.07720	0.03579	0.05741	0.00070	0.01779	0.01235	0.02905	0.00194
1	0.06203	0.14792	0.21347	0.07834	0.12227	0.05466	0.02119	0.06341	0.03495	0.08071	0.03531	0.00433	0.01833	0.00216	0.03844	0.00057	0.01727	0.00139	0.00100	0.00224
2	0.00260	0.00210	0.02135	0.05441	0.01839	0.00192	0.03002	0.00325	0.02205	0.04631	0.09931	0.20276	0.30389	0.04712	0.01789	0.00066	0.01507	0.08541	0.00142	0.02405
3	0.00231	0.00165	0.00225	0.00236	0.00263	0.00157	0.03043	0.00272	0.00332	0.02695	0.08469	0.52234	0.10391	0.07416	0.06874	0.00084	0.00130	0.04261	0.02379	0.00141
4	0.07859	0.13391	0.08316	0.06832	0.10422	0.04440	0.07561	0.08779	0.06794	0.06375	0.02205	0.05245	0.01242	0.03919	0.01274	0.00057	0.01515	0.01989	0.00109	0.01677
5	0.06430	0.05295	0.11108	0.03469	0.08169	0.04227	0.05646	0.05027	0.04343	0.05732	0.02831	0.03407	0.02512	0.01286	0.01163	0.00047	0.01852	0.00147	0.00106	0.27204
6	0.06853	0.08880	0.08849	0.02102	0.04356	0.07009	0.01800	0.06341	0.01943	0.05705	0.16759	0.12586	0.02013	0.00276	0.02677	0.00055	0.01563	0.01528	0.02500	0.06205

[dist]
# distance from previous block
# <min> <max>
7	45

[block]
# block no. 4 follows, 193 sequences, length 27
# corresponding to MSA columns:
# 537-563
name=unknown_E
#
# <colnr> <probs for GDERKNQSTAVLIFYWHMCP>
#	G	D	E	R	K	N	Q	S	T	A	V	L	I	F	Y	W	H	M	C	P
0	0.01442	0.00309	0.02236	0.00855	0.00843	0.09431	0.05818	0.04963	0.06963	0.08512	0.11368	0.06191	0.00564	0.15368	0.17463	0.00714	0.05981	0.00678	0.00122	0.00178
1	0.00267	0.00200	0.00254	0.00248	0.03419	0.00194	0.00181	0.04228	0.03543	0.02102	0.64897	0.02253	0.13103	0.00330	0.00199	0.00053	0.02514	0.01679	0.00169	0.00167
2	0.00210	0.00166	0.00187	0.00188	0.00233	0.00147	0.00141	0.00255	0.00375	0.00474	0.19156	0.05036	0.58666	0.02522	0.03922	0.03642	0.00103	0.04288	0.00151	0.00139
3	0.00226	0.00160	0.00212	0.00240	0.00263	0.00152	0.00177	0.00277	0.01353	0.01336	0.12890	0.57575	0.02925	0.00465	0.00208	0.00066	0.00105	0.19678	0.01551	0.00143
4	0.00234	0.00168	0.00206	0.00212	0.00238	0.00161	0.00152	0.00282	0.01463	0.00475	0.28305	0.09414	0.12159	0.30359	0.00404	0.00091	0.00118	0.15281	0.00144	0.00134
5	0.00292	0.00206	0.00246	0.00228	0.00280	0.01099	0.00173	0.03045	0.10410	0.05655	0.56421	0.06618	0.08050	0.00320	0.00185	0.00052	0.00094	0.01288	0.05166	0.00174
6	0.95400	0.00317	0.00241	0.00215	0.00317	0.00367	0.00177	0.00482	0.00279	0.00735	0.00228	0.00266	0.00177	0.00152	0.00101	0.00051	0.00127	0.00089	0.00101	0.00177
7	0.00231	0.00170	0.00217	0.00203	0.00245	0.00155	0.00152	0.00305	0.00451	0.00632	0.82314	0.01230	0.08992	0.01511	0.00200	0.00053	0.00080	0.00295	0.00175	0.02389
8	0.00612	0.00781	0.00464	0.00422	0.00506	0.93585	0.00317	0.00654	0.00464	0.00401	0.00253	0.00295	0.00211	0.00169	0.00148	0.00042	0.00295	0.00106	0.00084	0.00190
9	0.95400	0.00317	0.00241	0.00215	0.00317	0.00367	0.00177	0.00482	0.00279	0.00735	0.00228	0.00266	0.00177	0.00152	0.00101	0.00051	0.00127	0.00089	0.00101	0.00177
10	0.00412	0.00274	0.00317	0.00273	0.00350	0.02615	0.00214	0.12124	0.18038	0.16897	0.43246	0.00850	0.00928	0.00290	0.02375	0.00057	0.00125	0.00226	0.00175	0.00212
11	0.95400	0.00317	0.00241	0.00215	0.00317	0.00367	0.00177	0.00482	0.00279	0.00735	0.00228	0.00266	0.00177	0.00152	0.00101	0.00051	0.00127	0.00089	0.00101	0.00177
12	0.00405	0.00389	0.00665	0.01005	0.93221	0.00389	0.00503	0.00503	0.00373	0.00535	0.00308	0.00405	0.00259	0.00146	0.00162	0.00049	0.00195	0.00146	0.00081	0.00259
13	0.00420	0.00358	0.00377	0.00336	0.00431	0.00413	0.00262	0.06027	0.87749	0.00705	0.00651	0.00599	0.00488	0.00221	0.00167	0.00055	0.00132	0.00183	0.00167	0.00260
14	0.00407	0.00352	0.00370	0.00333	0.00426	0.00407	0.00259	0.00870	0.92925	0.00685	0.00667	0.00611	0.00500	0.00222	0.00167	0.00056	0.00130	0.00185	0.00167	0.00259
15	0.00457	0.00386	0.00397	0.00344	0.00444	0.03486	0.00271	0.20305	0.69182	0.00746	0.00598	0.01748	0.00451	0.00219	0.00166	0.00054	0.00145	0.00178	0.00163	0.00259
16	0.00223	0.00172	0.00185	0.00184	0.00236	0.00149	0.00137	0.00277	0.02670	0.03717	0.07452	0.12153	0.69495	0.00405	0.00192	0.00056	0.00087	0.00343	0.01720	0.00147
17	0.60201	0.00306	0.00293	0.00244	0.00354	0.00326	0.00201	0.02965	0.00356	0.31620	0.00390	0.00383	0.01411	0.00173	0.00125	0.00051	0.00132	0.00119	0.00137	0.00213
18	0.00405	0.00389	0.00665	0.01005	0.93221	0.00389	0.00503	0.00503	0.00373	0.00535	0.00308	0.00405	0.00259	0.00146	0.00162	0.00049	0.00195	0.00146	0.00081	0.00259
19	0.00211	0.00155	0.00198	0.00224	0.00246	0.00144	0.00158	0.00254	0.01466	0.00454	0.10592	0.61686	0.13478	0.02198	0.00218	0.00066	0.00098	0.07863	0.00154	0.00138
20	0.03351	0.00290	0.00371	0.00292	0.00410	0.00269	0.00239	0.07067	0.06925	0.72606	0.01589	0.01925	0.00419	0.00208	0.00162	0.00051	0.00138	0.00168	0.03253	0.00267
21	0.00394	0.01539	0.03291	0.16597	0.16939	0.05362	0.04223	0.04416	0.00355	0.08990	0.01956	0.01078	0.00313	0.02563	0.14253	0.00089	0.16415	0.00157	0.00867	0.00204
22	0.00329	0.00928	0.00444	0.14934	0.12982	0.04299	0.10707	0.01448	0.00886	0.02883	0.05752	0.10352	0.03264	0.03662	0.11600	0.08234	0.05579	0.01440	0.00101	0.00176
23	0.00242	0.00160	0.00210	0.00224	0.00241	0.00159	0.00153	0.00269	0.00293	0.04343	0.01650	0.44391	0.00797	0.26303	0.16382	0.01368	0.00175	0.02382	0.00128	0.00132
24	0.00953	0.01003	0.05331	0.05496	0.27613	0.01550	0.26525	0.02197	0.06595	0.03722	0.09626	0.02376	0.03843	0.00193	0.00181	0.00053	0.01564	0.00848	0.00106	0.00224
25	0.04482	0.07274	0.10195	0.07133	0.11952	0.06511	0.14097	0.10807	0.03745	0.16848	0.00403	0.04050	0.00311	0.00183	0.00164	0.00051	0.00775	0.00668	0.00116	0.00234
26	0.02490	0.06707	0.22634	0.03373	0.04896	0.10753	0.22474	0.04673	0.00390	0.07275	0.00364	0.02741	0.00297	0.00875	0.02525	0.00058	0.03259	0.03902	0.00096	0.00219

[dist]
# distance from previous block
# <min> <max>
0	1

[block]
# block no. 5 follows, 193 sequences, length 33
# corresponding to MSA columns:
# 565,566,568-593,618,634-637
name=unknown_F
#
# <colnr> <probs for GDERKNQSTAVLIFYWHMCP>
#	G	D	E	R	K	N	Q	S	T	A	V	L	I	F	Y	W	H	M	C	P
0	0.78850	0.05278	0.00304	0.00254	0.02306	0.06345	0.01041	0.00490	0.00300	0.00685	0.02132	0.00293	0.00212	0.00157	0.00112	0.00049	0.00814	0.00097	0.00099	0.00182
1	0.00828	0.00319	0.01245	0.08416	0.38786	0.03665	0.03086	0.00418	0.00339	0.02224	0.02727	0.12619	0.00430	0.06204	0.11240	0.00085	0.06872	0.00200	0.00096	0.00201
2	0.02079	0.01650	0.02043	0.10868	0.28556	0.02079	0.01639	0.37327	0.08316	0.01342	0.00369	0.00414	0.00280	0.00175	0.00161	0.00049	0.00186	0.00147	0.00122	0.02197
3	0.00274	0.00198	0.00243	0.00220	0.00273	0.00186	0.00167	0.06326	0.02473	0.02306	0.69315	0.02449	0.07224	0.00315	0.00185	0.00050	0.00089	0.00274	0.02629	0.04804
4	0.00246	0.00170	0.00226	0.00243	0.00276	0.00161	0.00187	0.00307	0.01111	0.03577	0.26552	0.33741	0.04903	0.00437	0.01186	0.00066	0.00111	0.26189	0.00161	0.00150
5	0.00214	0.00155	0.00196	0.00219	0.00243	0.00142	0.00155	0.00252	0.00341	0.01538	0.08841	0.57851	0.17687	0.04093	0.00230	0.00067	0.00099	0.07389	0.00153	0.00138
6	0.14125	0.00270	0.00335	0.00267	0.00377	0.00251	0.00218	0.02353	0.00441	0.64831	0.09504	0.00592	0.01650	0.00210	0.00157	0.00050	0.00129	0.00168	0.03824	0.00246
7	0.00726	0.00314	0.00386	0.00301	0.00424	0.06790	0.00246	0.00788	0.00469	0.86814	0.00619	0.00539	0.00392	0.00200	0.00164	0.00050	0.00150	0.00161	0.00194	0.00273
8	0.48415	0.00284	0.00282	0.00237	0.00339	0.00297	0.00194	0.01615	0.00361	0.33937	0.00418	0.00415	0.00291	0.00176	0.00126	0.00049	0.00126	0.00125	0.12103	0.00212
9	0.00438	0.94342	0.00858	0.00280	0.00420	0.00648	0.00280	0.00491	0.00333	0.00385	0.00228	0.00263	0.00210	0.00140	0.00105	0.00035	0.00175	0.00088	0.00070	0.00210
10	0.00409	0.00351	0.00370	0.00333	0.00425	0.00405	0.00259	0.03112	0.89006	0.00689	0.00664	0.02280	0.00505	0.00227	0.00167	0.00056	0.00130	0.00189	0.00166	0.00257
11	0.00238	0.00160	0.00185	0.00185	0.00187	0.00162	0.00107	0.00242	0.00240	0.00322	0.00511	0.01042	0.00582	0.87717	0.07342	0.00166	0.00178	0.00234	0.00098	0.00103
12	0.00309	0.00291	0.00491	0.93849	0.01128	0.00364	0.00455	0.00419	0.00328	0.00419	0.00291	0.00437	0.00218	0.00164	0.00164	0.00055	0.00218	0.00146	0.00073	0.00182
13	0.00721	0.00289	0.00388	0.00298	0.00423	0.00259	0.00247	0.05025	0.00478	0.87003	0.00625	0.00546	0.00395	0.00204	0.00173	0.00051	0.02238	0.00163	0.00198	0.00277
14	0.34815	0.00292	0.00330	0.00264	0.00382	0.00286	0.00218	0.00684	0.00400	0.59998	0.00496	0.00453	0.00323	0.00184	0.00142	0.00051	0.00135	0.00137	0.00166	0.00242
15	0.02943	0.00280	0.00377	0.00290	0.00416	0.00244	0.00239	0.00791	0.00464	0.91175	0.00636	0.00551	0.00400	0.00202	0.00163	0.00051	0.00139	0.00163	0.00200	0.00276
16	0.02380	0.00243	0.00267	0.06413	0.00869	0.06745	0.01518	0.00801	0.03680	0.07410	0.30647	0.01123	0.35165	0.00330	0.01200	0.00055	0.00120	0.00716	0.00152	0.00168
17	0.03348	0.11473	0.70605	0.00443	0.01278	0.02108	0.03890	0.01675	0.00355	0.02956	0.00296	0.00343	0.00215	0.00155	0.00150	0.00050	0.00229	0.00120	0.00076	0.00236
18	0.00387	0.00442	0.00967	0.00690	0.00856	0.00414	0.92626	0.00525	0.00387	0.00525	0.00331	0.00442	0.00249	0.00138	0.00193	0.00055	0.00276	0.00193	0.00083	0.00221
19	0.00200	0.00146	0.00189	0.00221	0.00236	0.00134	0.00149	0.00232	0.00326	0.00430	0.04587	0.80766	0.10790	0.00496	0.00207	0.00065	0.00093	0.00446	0.00153	0.00134
20	0.03493	0.01463	0.25777	0.07696	0.13586	0.02226	0.22446	0.05874	0.02649	0.08058	0.02327	0.00448	0.00705	0.00168	0.00171	0.00052	0.01292	0.01236	0.00098	0.00233
21	0.00302	0.00322	0.13943	0.00298	0.02610	0.00255	0.02049	0.03792	0.14170	0.03220	0.31323	0.03114	0.18890	0.01982	0.01040	0.00057	0.02048	0.00248	0.00147	0.00191
22	0.00300	0.00202	0.00291	0.00272	0.00274	0.00240	0.00201	0.00264	0.00230	0.00322	0.00314	0.03525	0.02210	0.00487	0.00589	0.64142	0.25799	0.00157	0.00076	0.00104
23	0.48815	0.00297	0.00302	0.00249	0.00359	0.00309	0.00205	0.02849	0.01279	0.38494	0.02109	0.00420	0.00309	0.00179	0.00131	0.00050	0.00131	0.00128	0.03165	0.00221
24	0.01242	0.15059	0.38228	0.06415	0.14434	0.06010	0.08224	0.00524	0.01458	0.03772	0.00300	0.00363	0.00230	0.00158	0.00163	0.00049	0.02930	0.00129	0.00080	0.00230
25	0.00341	0.00316	0.01610	0.71533	0.07405	0.03220	0.02313	0.00450	0.01874	0.03842	0.00336	0.03338	0.00264	0.00176	0.00164	0.00054	0.00209	0.00156	0.02208	0.00192
26	0.00410	0.01789	0.00320	0.00288	0.00352	0.18701	0.00218	0.05191	0.08506	0.14092	0.17341	0.24179	0.06087	0.00313	0.00181	0.00054	0.00712	0.00924	0.00151	0.00190
27	0.52782	0.09412	0.01972	0.01705	0.03173	0.15889	0.04050	0.03945	0.01538	0.00622	0.00252	0.00298	0.00202	0.00160	0.00135	0.00049	0.03424	0.00104	0.00095	0.00193
28	0.00341	0.00214	0.00267	0.00252	0.03416	0.00202	0.00185	0.03696	0.06488	0.15497	0.44814	0.01636	0.16172	0.01407	0.00189	0.00053	0.00100	0.00259	0.04626	0.00186
29	0.01644	0.07967	0.14668	0.02753	0.15341	0.00342	0.03287	0.00896	0.09765	0.02221	0.00953	0.02106	0.00776	0.00170	0.01022	0.00044	0.02255	0.00133	0.00098	0.33561
30	0.00228	0.00170	0.00207	0.00205	0.00243	0.00158	0.00150	0.00302	0.03998	0.00560	0.49691	0.14758	0.20990	0.04278	0.00220	0.00059	0.00087	0.01483	0.02061	0.00150
31	0.00216	0.00175	0.00911	0.00190	0.00235	0.00155	0.00142	0.00273	0.02061	0.00490	0.25855	0.01956	0.50595	0.10553	0.03619	0.00073	0.00106	0.02101	0.00151	0.00142
32	0.02268	0.00351	0.02476	0.10327	0.18419	0.00351	0.03735	0.15198	0.11515	0.27498	0.00483	0.02490	0.00354	0.00199	0.00723	0.00053	0.00170	0.00929	0.02212	0.00250

[dist]
# distance from previous block
# <min> <max>
8	13

[block]
# block no. 6 follows, 193 sequences, length 43
# corresponding to MSA columns:
# 653-695
name=unknown_G
#
# <colnr> <probs for GDERKNQSTAVLIFYWHMCP>
#	G	D	E	R	K	N	Q	S	T	A	V	L	I	F	Y	W	H	M	C	P
0	0.00228	0.00167	0.00214	0.00206	0.00244	0.00155	0.00153	0.00303	0.01625	0.00618	0.76224	0.09423	0.09113	0.00356	0.00194	0.00053	0.00080	0.00314	0.00175	0.00153
1	0.00481	0.00226	0.00290	0.00244	0.00330	0.00198	0.00194	0.01850	0.00441	0.46973	0.18488	0.05548	0.20871	0.00292	0.00179	0.00053	0.00113	0.01311	0.01705	0.00214
2	0.00270	0.00189	0.00260	0.00269	0.05288	0.00198	0.01756	0.00301	0.00266	0.04214	0.00476	0.00843	0.00493	0.49422	0.33366	0.00898	0.01055	0.00206	0.00098	0.00134
3	0.01126	0.63095	0.09774	0.02641	0.03541	0.02665	0.03653	0.00511	0.01141	0.06195	0.00281	0.00324	0.00236	0.00193	0.03974	0.00049	0.00198	0.00108	0.00081	0.00216
4	0.14103	0.00292	0.00362	0.00285	0.00406	0.00273	0.00234	0.02253	0.06220	0.72950	0.00584	0.00517	0.00377	0.00197	0.00156	0.00051	0.00138	0.00155	0.00186	0.00263
5	0.01691	0.00172	0.00203	0.00203	0.00246	0.00158	0.00153	0.00754	0.01532	0.00537	0.38613	0.10500	0.34463	0.01582	0.01499	0.01050	0.00094	0.06244	0.00161	0.00147
6	0.01576	0.03065	0.25531	0.02407	0.17434	0.02472	0.22183	0.08109	0.03684	0.08345	0.01141	0.00966	0.00276	0.00165	0.00173	0.00052	0.01928	0.00153	0.00099	0.00240
7	0.00481	0.00376	0.09708	0.07413	0.12653	0.01142	0.07086	0.07484	0.00792	0.28574	0.01023	0.01723	0.00329	0.02334	0.06746	0.00784	0.10836	0.00161	0.00124	0.00232
8	0.11576	0.00282	0.00360	0.00282	0.00402	0.00257	0.00232	0.02699	0.00450	0.77033	0.02128	0.01986	0.00410	0.00206	0.00159	0.00051	0.00137	0.00897	0.00189	0.00262
9	0.00359	0.01459	0.09824	0.13215	0.34630	0.00345	0.05139	0.04374	0.06760	0.01987	0.06236	0.03215	0.08791	0.00221	0.01345	0.00055	0.00765	0.00954	0.00105	0.00222
10	0.02157	0.07694	0.10510	0.05662	0.06150	0.01993	0.02764	0.14340	0.01711	0.44643	0.00476	0.00460	0.00321	0.00183	0.00158	0.00050	0.00173	0.00148	0.00150	0.00258
11	0.03073	0.05971	0.07716	0.34076	0.06743	0.09601	0.11486	0.01251	0.04853	0.03504	0.00361	0.04292	0.01418	0.00187	0.00178	0.00053	0.04172	0.00770	0.00090	0.00203
12	0.40955	0.08925	0.02801	0.02723	0.16364	0.16613	0.02057	0.01541	0.00343	0.01680	0.00258	0.00313	0.00209	0.00160	0.00146	0.00049	0.04459	0.00110	0.00091	0.00202
13	0.00348	0.00998	0.00288	0.02173	0.03478	0.00228	0.00202	0.04051	0.08128	0.15445	0.14051	0.01601	0.20868	0.06036	0.16067	0.00095	0.01064	0.01023	0.03671	0.00184
14	0.01902	0.82718	0.05435	0.00293	0.00433	0.04120	0.00295	0.00496	0.00337	0.00401	0.00236	0.00274	0.00212	0.00144	0.00113	0.00037	0.00927	0.00091	0.01326	0.00210
15	0.00240	0.00175	0.00219	0.00213	0.00252	0.00166	0.00158	0.00311	0.02904	0.02686	0.51586	0.11656	0.18042	0.03751	0.04650	0.00068	0.01531	0.01076	0.00163	0.00153
16	0.00231	0.00160	0.00208	0.00213	0.00243	0.00148	0.00154	0.00289	0.00401	0.02200	0.51048	0.35680	0.03104	0.00395	0.00196	0.00057	0.00086	0.00958	0.04082	0.00148
17	0.00205	0.00155	0.00188	0.00211	0.00238	0.00141	0.00150	0.00242	0.00339	0.00433	0.02899	0.50076	0.32089	0.03976	0.00228	0.00067	0.00098	0.07980	0.00151	0.00135
18	0.03451	0.00196	0.00227	0.00205	0.00271	0.00176	0.00159	0.01774	0.00414	0.18291	0.24314	0.01990	0.39624	0.00326	0.00179	0.00052	0.00095	0.00734	0.07346	0.00174
19	0.00438	0.94342	0.00858	0.00280	0.00420	0.00648	0.00280	0.00491	0.00333	0.00385	0.00228	0.00263	0.00210	0.00140	0.00105	0.00035	0.00175	0.00088	0.00070	0.00210
20	0.00413	0.00354	0.00373	0.00334	0.00428	0.00410	0.00261	0.03063	0.90725	0.00694	0.00660	0.00606	0.00495	0.00222	0.00167	0.00055	0.00131	0.00184	0.00167	0.00260
21	0.00711	0.00291	0.00384	0.00298	0.00423	0.00262	0.00245	0.04856	0.05879	0.83854	0.00636	0.00553	0.00405	0.00204	0.00165	0.00051	0.00141	0.00165	0.00199	0.00278
22	0.95400	0.00317	0.00241	0.00215	0.00317	0.00367	0.00177	0.00482	0.00279	0.00735	0.00228	0.00266	0.00177	0.00152	0.00101	0.00051	0.00127	0.00089	0.00101	0.00177
23	0.00309	0.00291	0.00491	0.93849	0.01128	0.00364	0.00455	0.00419	0.00328	0.00419	0.00291	0.00437	0.00218	0.00164	0.00164	0.00055	0.00218	0.00146	0.00073	0.00182
24	0.00230	0.00169	0.00244	0.00263	0.00287	0.00161	0.04579	0.01259	0.00332	0.01333	0.00853	0.70526	0.00994	0.02624	0.00225	0.00069	0.00116	0.15446	0.00148	0.00142
25	0.00370	0.00390	0.01678	0.00523	0.00610	0.01321	0.40456	0.00455	0.00321	0.01489	0.00287	0.00410	0.00243	0.00257	0.05082	0.00071	0.40355	0.00164	0.00080	0.05439
26	0.00514	0.05686	0.00441	0.00372	0.00462	0.47270	0.00287	0.00728	0.37985	0.02058	0.02302	0.00445	0.00358	0.00193	0.00154	0.00048	0.00215	0.00142	0.00121	0.00220
27	0.00439	0.04804	0.00654	0.04940	0.51445	0.15316	0.11060	0.02726	0.00389	0.01169	0.00297	0.00385	0.00245	0.00158	0.00181	0.00049	0.05283	0.00142	0.00083	0.00234
28	0.08622	0.05087	0.08578	0.02682	0.09029	0.03059	0.01469	0.08525	0.14894	0.13364	0.10767	0.06791	0.03509	0.01039	0.00172	0.00053	0.00995	0.01006	0.00137	0.00221
29	0.09457	0.06090	0.07154	0.00385	0.01608	0.43955	0.00318	0.04375	0.00399	0.01703	0.00263	0.00318	0.00218	0.00183	0.00577	0.00047	0.13853	0.00112	0.00088	0.08897
30	0.00204	0.00149	0.00203	0.04112	0.00275	0.00143	0.00165	0.00236	0.00314	0.00418	0.00877	0.90249	0.01048	0.00499	0.00207	0.00066	0.00100	0.00452	0.00149	0.00135
31	0.00259	0.00186	0.00258	0.00293	0.00331	0.00185	0.00254	0.00332	0.00377	0.00490	0.02900	0.04365	0.03925	0.00450	0.00224	0.00074	0.00146	0.84649	0.00152	0.00150
32	0.00437	0.22659	0.28932	0.06600	0.03761	0.11547	0.08573	0.03454	0.00384	0.08910	0.00330	0.03120	0.00261	0.00168	0.00150	0.00047	0.00217	0.00135	0.00091	0.00224
33	0.00380	0.00746	0.74499	0.00467	0.00690	0.00368	0.08922	0.00551	0.00363	0.10997	0.00337	0.00378	0.00234	0.00159	0.00160	0.00052	0.00234	0.00133	0.00085	0.00244
34	0.00204	0.00147	0.00195	0.00230	0.00244	0.00138	0.00158	0.00236	0.00319	0.00423	0.00923	0.83747	0.04664	0.00517	0.01629	0.00070	0.00103	0.05769	0.00151	0.00134
35	0.10788	0.01614	0.17085	0.10624	0.25532	0.00378	0.05035	0.10209	0.01839	0.13782	0.00361	0.00943	0.00267	0.00167	0.00158	0.00051	0.00677	0.00142	0.00108	0.00240
36	0.00419	0.00385	0.00653	0.00976	0.89398	0.00383	0.00492	0.00515	0.00377	0.04359	0.00322	0.00412	0.00265	0.00148	0.00162	0.00049	0.00192	0.00147	0.00086	0.00260
37	0.00208	0.00164	0.00189	0.00193	0.00236	0.00144	0.00144	0.00259	0.00389	0.00498	0.25596	0.15130	0.50614	0.00410	0.00197	0.00057	0.00087	0.05183	0.00159	0.00142
38	0.01560	0.05010	0.00453	0.13294	0.28054	0.03169	0.02314	0.00427	0.00805	0.04187	0.21958	0.01303	0.08559	0.00623	0.01934	0.00055	0.02215	0.01117	0.02764	0.00199
39	0.00339	0.01513	0.00503	0.68608	0.07544	0.06916	0.02160	0.00435	0.00337	0.00426	0.00311	0.04279	0.00257	0.00183	0.00185	0.00055	0.05530	0.00156	0.00078	0.00187
40	0.00254	0.04119	0.04099	0.00230	0.00288	0.00883	0.01768	0.01713	0.02211	0.00613	0.67986	0.02355	0.12213	0.00322	0.00187	0.00052	0.00097	0.00281	0.00165	0.00164
41	0.00319	0.00262	0.00259	0.00250	0.00308	0.10728	0.00194	0.02663	0.05769	0.07040	0.13505	0.10638	0.32489	0.00359	0.00190	0.00057	0.00126	0.13881	0.00793	0.00168
42	0.10900	0.07513	0.10430	0.07280	0.24927	0.05999	0.14224	0.04690	0.02480	0.07114	0.00328	0.00391	0.00252	0.00166	0.00777	0.00051	0.01382	0.00140	0.00726	0.00229

[dist]
# distance from previous block
# <min> <max>
2	8

[block]
# block no. 7 follows, 193 sequences, length 25
# corresponding to MSA columns:
# 706-730
name=unknown_H
#
# <colnr> <probs for GDERKNQSTAVLIFYWHMCP>
#	G	D	E	R	K	N	Q	S	T	A	V	L	I	F	Y	W	H	M	C	P
0	0.00318	0.05455	0.47449	0.03228	0.00547	0.01864	0.01374	0.01264	0.03573	0.01904	0.02722	0.17155	0.00444	0.00312	0.06651	0.00069	0.02867	0.02499	0.00097	0.00207
1	0.01124	0.00250	0.00293	0.00278	0.03801	0.00257	0.00205	0.10934	0.19775	0.02205	0.43867	0.02106	0.12598	0.00295	0.00181	0.00052	0.00107	0.00253	0.01224	0.00194
2	0.00210	0.00155	0.00195	0.00219	0.00243	0.00143	0.00157	0.00248	0.00342	0.00446	0.08253	0.53340	0.21078	0.03264	0.00229	0.00922	0.00099	0.10170	0.00152	0.00136
3	0.00217	0.00159	0.00217	0.00233	0.00249	0.00152	0.03370	0.00245	0.00301	0.00402	0.01605	0.63291	0.03027	0.21526	0.02919	0.00092	0.00125	0.01606	0.00136	0.00129
4	0.00256	0.00185	0.00231	0.00215	0.00261	0.00177	0.00163	0.00363	0.08367	0.02486	0.75848	0.01171	0.07428	0.00325	0.00189	0.00052	0.00083	0.00285	0.01749	0.00165
5	0.09598	0.09650	0.00260	0.00220	0.00259	0.00211	0.00162	0.00285	0.00324	0.00455	0.04855	0.52601	0.14034	0.05344	0.00218	0.00064	0.00108	0.01068	0.00137	0.00145
6	0.00421	0.79982	0.15071	0.00309	0.00465	0.00607	0.00330	0.00495	0.00335	0.00406	0.00238	0.00276	0.00210	0.00143	0.00113	0.00038	0.00185	0.00093	0.00070	0.00215
7	0.09978	0.00295	0.00374	0.00290	0.00414	0.00271	0.00239	0.07013	0.00471	0.78012	0.00588	0.00518	0.00375	0.00197	0.00158	0.00051	0.00141	0.00156	0.00190	0.00269
8	0.08192	0.00338	0.00360	0.00319	0.00401	0.06620	0.05086	0.08054	0.41259	0.01131	0.08754	0.11787	0.04462	0.00261	0.00170	0.00055	0.00141	0.01127	0.01268	0.00216
9	0.00422	0.00325	0.00352	0.00311	0.00396	0.05137	0.02111	0.03761	0.49314	0.12654	0.12229	0.06954	0.04803	0.00257	0.00173	0.00054	0.00133	0.00217	0.00165	0.00231
10	0.95400	0.00317	0.00241	0.00215	0.00317	0.00367	0.00177	0.00482	0.00279	0.00735	0.00228	0.00266	0.00177	0.00152	0.00101	0.00051	0.00127	0.00089	0.00101	0.00177
11	0.01483	0.00523	0.00815	0.02535	0.00762	0.24013	0.65021	0.01867	0.00409	0.00501	0.00311	0.00402	0.00238	0.00147	0.00180	0.00052	0.00277	0.00168	0.00084	0.00213
12	0.00558	0.18935	0.06597	0.00393	0.00500	0.64747	0.00326	0.01834	0.02179	0.02137	0.00268	0.00304	0.00221	0.00164	0.00141	0.00042	0.00261	0.00106	0.00085	0.00201
13	0.16863	0.00287	0.00352	0.00278	0.00397	0.00270	0.00229	0.02099	0.03851	0.69974	0.01634	0.00534	0.02095	0.00200	0.00155	0.00051	0.00136	0.00157	0.00182	0.00257
14	0.00217	0.00163	0.00204	0.00216	0.00244	0.00154	0.00154	0.00269	0.01861	0.00492	0.27046	0.41093	0.18450	0.03536	0.01541	0.00066	0.01650	0.02347	0.00156	0.00142
15	0.00481	0.04325	0.20114	0.04271	0.01747	0.16566	0.09507	0.21385	0.03159	0.08411	0.01851	0.01082	0.04320	0.00198	0.00832	0.00051	0.00215	0.01137	0.00116	0.00231
16	0.00369	0.00412	0.00877	0.10043	0.00850	0.00395	0.78484	0.00499	0.00380	0.00510	0.00397	0.00501	0.05129	0.00155	0.00190	0.00055	0.00260	0.00197	0.00085	0.00213
17	0.00559	0.00258	0.02246	0.00271	0.00371	0.00221	0.00222	0.00639	0.03669	0.60087	0.19399	0.06914	0.03894	0.00257	0.00174	0.00052	0.00124	0.00217	0.00189	0.00238
18	0.00377	0.04104	0.18024	0.21029	0.37223	0.01180	0.06507	0.02489	0.01346	0.02394	0.01160	0.01614	0.00275	0.00165	0.00163	0.00051	0.00209	0.01375	0.00085	0.00231
19	0.00799	0.00330	0.11559	0.02017	0.04453	0.01802	0.11606	0.02212	0.03380	0.13075	0.11015	0.15836	0.09258	0.02282	0.06671	0.00072	0.00616	0.02690	0.00133	0.00195
20	0.00238	0.00160	0.00183	0.00183	0.00185	0.00161	0.00105	0.00241	0.00240	0.00321	0.00512	0.01049	0.00586	0.89354	0.05709	0.00164	0.00174	0.00235	0.00099	0.00102
21	0.03058	0.11567	0.03081	0.04299	0.10073	0.24370	0.02779	0.11103	0.05279	0.05486	0.00365	0.03086	0.01457	0.00206	0.00627	0.00051	0.10603	0.02191	0.00104	0.00215
22	0.01020	0.13192	0.35200	0.02307	0.18487	0.05129	0.11694	0.03768	0.01247	0.03267	0.00315	0.01123	0.00244	0.00158	0.00158	0.00049	0.00987	0.00136	0.01285	0.00234
23	0.00515	0.01467	0.01587	0.00294	0.01348	0.01646	0.02135	0.06216	0.05525	0.43354	0.13093	0.01583	0.05222	0.03498	0.05645	0.00068	0.01613	0.02504	0.02459	0.00227
24	0.01204	0.00219	0.00268	0.00243	0.00305	0.00214	0.00186	0.04048	0.12603	0.16189	0.40998	0.13408	0.07687	0.00319	0.00184	0.00054	0.00102	0.00276	0.01301	0.00190

[dist]
# distance from previous block
# <min> <max>
1	13

[block]
# block no. 8 follows, 193 sequences, length 11
# corresponding to MSA columns:
# 747-757
name=unknown_I
#
# <colnr> <probs for GDERKNQSTAVLIFYWHMCP>
#	G	D	E	R	K	N	Q	S	T	A	V	L	I	F	Y	W	H	M	C	P
0	0.00224	0.00168	0.00205	0.00207	0.00245	0.00156	0.00153	0.00293	0.03388	0.00538	0.40111	0.20395	0.24649	0.01904	0.01747	0.00062	0.00094	0.03556	0.01757	0.00148
1	0.00447	0.38922	0.00590	0.00322	0.00435	0.04023	0.00278	0.09568	0.39760	0.00576	0.00431	0.00428	0.00340	0.00186	0.00152	0.00047	0.03001	0.00137	0.00121	0.00236
2	0.73793	0.02024	0.02164	0.00235	0.00343	0.00352	0.00199	0.02206	0.00320	0.14624	0.00302	0.00321	0.00220	0.00161	0.00113	0.00050	0.00132	0.00103	0.02143	0.00196
3	0.00272	0.00196	0.00229	0.00225	0.00275	0.00187	0.00169	0.04956	0.07678	0.05278	0.16712	0.24679	0.32116	0.01675	0.00203	0.00059	0.00101	0.04666	0.00160	0.00164
4	0.00287	0.00198	0.00230	0.00216	0.00275	0.00184	0.00166	0.02058	0.08178	0.09899	0.26445	0.07470	0.39832	0.00359	0.00190	0.00055	0.00096	0.03524	0.00166	0.00170
5	0.00222	0.00155	0.00202	0.00227	0.00250	0.00144	0.00161	0.00263	0.00349	0.02828	0.13503	0.63282	0.09745	0.00467	0.00206	0.00064	0.00097	0.07538	0.00157	0.00142
6	0.00438	0.00355	0.00378	0.00334	0.00431	0.00405	0.00261	0.06524	0.82283	0.05680	0.00649	0.00595	0.00481	0.00220	0.00166	0.00055	0.00133	0.00182	0.00168	0.00262
7	0.00398	0.00379	0.00644	0.00968	0.88343	0.00379	0.00490	0.00494	0.00373	0.00533	0.00337	0.00481	0.00295	0.00162	0.00166	0.00050	0.00192	0.04976	0.00085	0.00254
8	0.00280	0.00172	0.00221	0.00232	0.00264	0.00163	0.00166	0.00339	0.04203	0.10516	0.11968	0.54827	0.02843	0.04227	0.00221	0.00065	0.00103	0.03774	0.05259	0.00157
9	0.00438	0.94342	0.00858	0.00280	0.00420	0.00648	0.00280	0.00491	0.00333	0.00385	0.00228	0.00263	0.00210	0.00140	0.00105	0.00035	0.00175	0.00088	0.00070	0.00210
10	0.52709	0.00308	0.00298	0.00258	0.00361	0.00336	0.00212	0.03325	0.12084	0.21685	0.00426	0.00486	0.00325	0.00194	0.00134	0.00053	0.00133	0.06324	0.00138	0.00212

[dist]
# distance from previous block
# <min> <max>
0	1

[block]
# block no. 9 follows, 193 sequences, length 12
# corresponding to MSA columns:
# 759-770
name=unknown_J
#
# <colnr> <probs for GDERKNQSTAVLIFYWHMCP>
#	G	D	E	R	K	N	Q	S	T	A	V	L	I	F	Y	W	H	M	C	P
0	0.03605	0.22465	0.00488	0.02484	0.00435	0.00456	0.00267	0.10696	0.48278	0.00623	0.00492	0.00493	0.00383	0.00279	0.07794	0.00067	0.00173	0.00153	0.00133	0.00236
1	0.00639	0.09398	0.04432	0.00303	0.00438	0.00315	0.00264	0.11287	0.00473	0.61176	0.00529	0.00481	0.00348	0.00186	0.00154	0.00047	0.00150	0.00147	0.00170	0.09062
2	0.00391	0.00384	0.00649	0.18402	0.66833	0.02720	0.07245	0.00492	0.00368	0.00509	0.00305	0.00411	0.00250	0.00149	0.00164	0.00050	0.00208	0.00148	0.00080	0.00240
3	0.82023	0.00301	0.00245	0.00218	0.00314	0.00341	0.00178	0.00479	0.00305	0.04834	0.09208	0.00371	0.00319	0.00172	0.00113	0.00051	0.00123	0.00112	0.00113	0.00180
4	0.95400	0.00317	0.00241	0.00215	0.00317	0.00367	0.00177	0.00482	0.00279	0.00735	0.00228	0.00266	0.00177	0.00152	0.00101	0.00051	0.00127	0.00089	0.00101	0.00177
5	0.00381	0.00218	0.00266	0.00232	0.00304	0.00201	0.00181	0.06497	0.02040	0.24603	0.32396	0.01093	0.26725	0.02175	0.00197	0.00055	0.00106	0.01965	0.00175	0.00191
6	0.00361	0.00202	0.00256	0.00231	0.00296	0.00179	0.00177	0.02012	0.00420	0.24461	0.28981	0.17368	0.18137	0.00337	0.00186	0.00054	0.00102	0.01800	0.00172	0.04267
7	0.00243	0.00167	0.00204	0.00208	0.00239	0.00155	0.00145	0.00293	0.02502	0.04997	0.22529	0.31900	0.18922	0.16372	0.00305	0.00076	0.00102	0.00343	0.00153	0.00143
8	0.07011	0.00383	0.00432	0.01731	0.00470	0.05720	0.03052	0.34236	0.04798	0.37161	0.00483	0.00463	0.00329	0.01334	0.00168	0.00051	0.00167	0.00151	0.00165	0.01695
9	0.00235	0.00170	0.00197	0.00196	0.00243	0.00150	0.00147	0.00284	0.00386	0.05018	0.20791	0.11198	0.50146	0.04046	0.00221	0.00061	0.00093	0.06111	0.00158	0.00147
10	0.04875	0.00288	0.01215	0.03964	0.04358	0.00274	0.07597	0.08568	0.01301	0.38082	0.15044	0.00686	0.04153	0.00238	0.01346	0.00054	0.00148	0.02319	0.05263	0.00228
11	0.02626	0.09246	0.15026	0.09773	0.04903	0.03460	0.08392	0.02487	0.01679	0.03148	0.00354	0.01713	0.00306	0.03580	0.21910	0.00105	0.09847	0.01162	0.00088	0.00195

[dist]
# distance from previous block
# <min> <max>
2	13

[block]
# block no. 10 follows, 193 sequences, length 20
# corresponding to MSA columns:
# 785-787,791-807
name=unknown_K
#
# <colnr> <probs for GDERKNQSTAVLIFYWHMCP>
#	G	D	E	R	K	N	Q	S	T	A	V	L	I	F	Y	W	H	M	C	P
0	0.39330	0.05629	0.02181	0.03422	0.16685	0.12811	0.04608	0.01313	0.01079	0.02417	0.00269	0.00327	0.00216	0.00159	0.00150	0.00049	0.04726	0.00114	0.00093	0.04421
1	0.00263	0.00220	0.00309	0.03401	0.15358	0.00212	0.02814	0.02361	0.01351	0.01644	0.07496	0.28354	0.32545	0.00367	0.00196	0.00057	0.01514	0.01231	0.00138	0.00168
2	0.01881	0.00292	0.00341	0.00246	0.00388	0.00226	0.00197	0.00421	0.00340	0.02417	0.00296	0.00343	0.00244	0.00126	0.00128	0.00026	0.01608	0.00099	0.00099	0.90280
3	0.00213	0.00168	0.00191	0.00188	0.00234	0.00149	0.00140	0.00274	0.02146	0.00525	0.35968	0.07192	0.50116	0.01514	0.00202	0.00056	0.00083	0.00330	0.00162	0.00146
4	0.00317	0.00281	0.01082	0.24242	0.23995	0.00309	0.00351	0.00397	0.01388	0.02597	0.04498	0.16537	0.04049	0.00333	0.06868	0.00072	0.09825	0.02566	0.00103	0.00190
5	0.00260	0.00168	0.00218	0.00220	0.00237	0.00173	0.00149	0.00284	0.00270	0.05342	0.00553	0.13564	0.00595	0.44807	0.27851	0.02812	0.00230	0.02028	0.00109	0.00127
6	0.00214	0.00164	0.00190	0.00192	0.00234	0.00145	0.00141	0.00265	0.00391	0.01527	0.29603	0.15841	0.46757	0.01967	0.00207	0.00058	0.00086	0.01716	0.00160	0.00144
7	0.90857	0.00317	0.00246	0.00218	0.00319	0.00367	0.00180	0.02916	0.00293	0.00740	0.00239	0.00277	0.00185	0.00154	0.00103	0.00050	0.00127	0.00092	0.02140	0.00180
8	0.00269	0.00199	0.00247	0.00235	0.00282	0.00196	0.01693	0.00389	0.14838	0.03063	0.40232	0.15184	0.13127	0.03080	0.00219	0.02248	0.00099	0.02409	0.01824	0.00166
9	0.95400	0.00317	0.00241	0.00215	0.00317	0.00367	0.00177	0.00482	0.00279	0.00735	0.00228	0.00266	0.00177	0.00152	0.00101	0.00051	0.00127	0.00089	0.00101	0.00177
10	0.00347	0.00724	0.65527	0.00544	0.03482	0.00390	0.25620	0.00520	0.00358	0.00521	0.00305	0.00374	0.00220	0.00151	0.00166	0.00053	0.00250	0.00141	0.00073	0.00237
11	0.35504	0.05299	0.02615	0.07742	0.20773	0.02666	0.07775	0.06675	0.06593	0.02476	0.00310	0.00364	0.00241	0.00159	0.00139	0.00050	0.00174	0.00127	0.00101	0.00217
12	0.00282	0.00217	0.01505	0.00246	0.00880	0.02946	0.00192	0.01877	0.01795	0.06764	0.08950	0.10427	0.26843	0.00591	0.24977	0.00111	0.00200	0.06936	0.00135	0.04125
13	0.02509	0.38565	0.25661	0.01863	0.02075	0.05114	0.06137	0.02072	0.08411	0.02920	0.00309	0.00346	0.00245	0.00156	0.00136	0.00044	0.00199	0.00118	0.00086	0.03033
14	0.00438	0.94342	0.00858	0.00280	0.00420	0.00648	0.00280	0.00491	0.00333	0.00385	0.00228	0.00263	0.00210	0.00140	0.00105	0.00035	0.00175	0.00088	0.00070	0.00210
15	0.00203	0.00148	0.00191	0.00223	0.00239	0.00137	0.00153	0.00236	0.00324	0.00426	0.02404	0.75271	0.11991	0.02495	0.00221	0.00067	0.00097	0.04886	0.00151	0.00134
16	0.03608	0.01070	0.06460	0.25621	0.15604	0.00339	0.11948	0.01863	0.02518	0.07781	0.05302	0.01452	0.03942	0.00236	0.02943	0.00061	0.03269	0.05672	0.00104	0.00208
17	0.01921	0.03462	0.11488	0.04177	0.10063	0.00283	0.01465	0.00986	0.03954	0.04953	0.08297	0.01829	0.02427	0.02659	0.00166	0.00043	0.00842	0.00146	0.00107	0.40730
18	0.00248	0.00162	0.00187	0.00188	0.00193	0.00161	0.00111	0.00254	0.00253	0.02469	0.00561	0.04694	0.02064	0.83102	0.02078	0.00150	0.00158	0.02754	0.00106	0.00107
19	0.00642	0.34045	0.08996	0.01655	0.08770	0.22558	0.01043	0.10077	0.03617	0.02335	0.02302	0.00576	0.01173	0.00272	0.00213	0.00073	0.01028	0.00174	0.00148	0.00305

[dist]
# distance from previous block
# <min> <max>
0	72

# created by:
# /home/simao/soft/augustus-3.0.3/scripts/msa2prfl.pl ./align_prep/COG0552.fa
