[name]
unknown

[dist]
# distance from previous block
# <min> <max>
20	139

[block]
# block no. 0 follows, 236 sequences, length 11
# corresponding to MSA columns:
# 180-190
name=unknown_A
#
# <colnr> <probs for GDERKNQSTAVLIFYWHMCP>
#	G	D	E	R	K	N	Q	S	T	A	V	L	I	F	Y	W	H	M	C	P
0	0.08145	0.07608	0.31942	0.01301	0.01871	0.02560	0.07368	0.01492	0.07194	0.11053	0.03104	0.06258	0.03479	0.01380	0.01033	0.00046	0.00941	0.02196	0.00092	0.00935
1	0.05544	0.03439	0.02158	0.39635	0.36701	0.03515	0.01642	0.00399	0.00294	0.03819	0.00260	0.01541	0.00207	0.00134	0.00132	0.00042	0.00168	0.00120	0.00070	0.00181
2	0.00316	0.00274	0.02695	0.04022	0.23020	0.04857	0.06159	0.03363	0.00328	0.09146	0.10194	0.01493	0.12153	0.04787	0.00164	0.00043	0.00133	0.00156	0.00098	0.16598
3	0.16707	0.04021	0.07984	0.03163	0.06790	0.00266	0.01748	0.05985	0.06365	0.26784	0.05042	0.01890	0.08344	0.00183	0.00135	0.00043	0.01315	0.02929	0.00117	0.00186
4	0.00277	0.00200	0.02436	0.02374	0.04690	0.00184	0.09433	0.00335	0.02332	0.14493	0.10935	0.19181	0.10362	0.11128	0.04383	0.00065	0.01074	0.04187	0.01784	0.00147
5	0.66181	0.02635	0.00270	0.00233	0.03411	0.02019	0.01399	0.09804	0.01915	0.09414	0.00253	0.00283	0.00191	0.00138	0.00100	0.00042	0.00118	0.01327	0.00097	0.00168
6	0.01705	0.03457	0.04961	0.08109	0.22931	0.06432	0.11267	0.03061	0.01791	0.17598	0.01211	0.01925	0.04137	0.00169	0.00158	0.04722	0.00891	0.00784	0.00093	0.04599
7	0.03090	0.04069	0.04216	0.07967	0.04987	0.01017	0.01377	0.01023	0.01322	0.24598	0.06501	0.17595	0.10589	0.01919	0.00956	0.01321	0.01090	0.06081	0.00120	0.00163
8	0.02547	0.01661	0.00223	0.04236	0.02015	0.01141	0.00161	0.02687	0.00311	0.13040	0.11101	0.14130	0.21239	0.12014	0.02272	0.00062	0.00924	0.09975	0.00121	0.00138
9	0.04090	0.00491	0.02104	0.07237	0.20735	0.47684	0.03625	0.07428	0.00363	0.00414	0.00232	0.00287	0.00189	0.00141	0.00142	0.00039	0.04446	0.00104	0.00074	0.00176
10	0.06793	0.04437	0.15919	0.02322	0.11874	0.12584	0.07579	0.05551	0.03772	0.07832	0.03070	0.05683	0.05335	0.02161	0.00154	0.00045	0.02714	0.01207	0.00790	0.00178

[dist]
# distance from previous block
# <min> <max>
13	114

[block]
# block no. 1 follows, 236 sequences, length 6
# corresponding to MSA columns:
# 364-369
name=unknown_B
#
# <colnr> <probs for GDERKNQSTAVLIFYWHMCP>
#	G	D	E	R	K	N	Q	S	T	A	V	L	I	F	Y	W	H	M	C	P
0	0.02792	0.05851	0.13631	0.12674	0.07701	0.03502	0.06217	0.07988	0.05396	0.13095	0.04153	0.02227	0.01515	0.02733	0.00157	0.00044	0.03244	0.00131	0.00095	0.06852
1	0.04772	0.06732	0.23221	0.02074	0.09227	0.02725	0.08223	0.03355	0.03858	0.21775	0.01776	0.04039	0.02749	0.00180	0.01869	0.00046	0.01599	0.01487	0.00099	0.00193
2	0.02126	0.04497	0.16658	0.03565	0.03321	0.02896	0.08658	0.02390	0.04886	0.19285	0.04878	0.07174	0.03469	0.01950	0.00162	0.00047	0.02460	0.10114	0.01286	0.00178
3	0.00255	0.05197	0.08814	0.02646	0.04799	0.05342	0.03620	0.03685	0.03248	0.03055	0.03487	0.33947	0.14700	0.01889	0.00163	0.00049	0.00120	0.04728	0.00109	0.00146
4	0.01964	0.05803	0.16010	0.02559	0.07168	0.13177	0.12413	0.08103	0.04482	0.14665	0.02668	0.03234	0.01998	0.00157	0.00141	0.00041	0.02320	0.00132	0.00095	0.02870
5	0.04131	0.02821	0.11518	0.06505	0.05221	0.06203	0.07025	0.16315	0.05007	0.22052	0.04149	0.01947	0.01553	0.01404	0.00147	0.00043	0.01814	0.00135	0.01814	0.00196

[dist]
# distance from previous block
# <min> <max>
2	9

[block]
# block no. 2 follows, 236 sequences, length 7
# corresponding to MSA columns:
# 394-400
name=unknown_C
#
# <colnr> <probs for GDERKNQSTAVLIFYWHMCP>
#	G	D	E	R	K	N	Q	S	T	A	V	L	I	F	Y	W	H	M	C	P
0	0.04059	0.03856	0.06664	0.07774	0.15217	0.00632	0.02430	0.03855	0.10798	0.09531	0.01932	0.01206	0.02050	0.02251	0.01525	0.02529	0.00352	0.00323	0.00298	0.22715
1	0.00249	0.00188	0.00231	0.00230	0.00263	0.00186	0.00167	0.00291	0.04615	0.00419	0.10399	0.11450	0.20886	0.09029	0.40523	0.00138	0.00224	0.00238	0.00122	0.00151
2	0.00419	0.53047	0.00570	0.04328	0.00404	0.34504	0.00251	0.04406	0.00332	0.00349	0.00205	0.00239	0.00178	0.00128	0.00104	0.00032	0.00184	0.00082	0.00066	0.00170
3	0.00209	0.00151	0.00186	0.00188	0.02414	0.00141	0.00130	0.01565	0.01605	0.02958	0.34013	0.12307	0.17661	0.19076	0.02394	0.00066	0.00095	0.02062	0.00124	0.02655
4	0.02967	0.10754	0.05335	0.01771	0.04671	0.09942	0.03204	0.15951	0.32459	0.03957	0.00392	0.04211	0.00314	0.00172	0.00137	0.00043	0.01844	0.01570	0.00109	0.00197
5	0.00319	0.00189	0.00255	0.05201	0.05953	0.00182	0.00188	0.05217	0.02251	0.23831	0.03884	0.35945	0.08246	0.00302	0.01811	0.00051	0.00109	0.04447	0.00130	0.01489
6	0.00286	0.02980	0.04454	0.01779	0.02330	0.01457	0.02932	0.02395	0.06735	0.02960	0.00356	0.11516	0.00334	0.05932	0.01171	0.00041	0.02919	0.02493	0.00091	0.46839

[dist]
# distance from previous block
# <min> <max>
4	7

[block]
# block no. 3 follows, 236 sequences, length 27
# corresponding to MSA columns:
# 409-435
name=unknown_D
#
# <colnr> <probs for GDERKNQSTAVLIFYWHMCP>
#	G	D	E	R	K	N	Q	S	T	A	V	L	I	F	Y	W	H	M	C	P
0	0.06994	0.00267	0.01118	0.07262	0.03950	0.07324	0.06394	0.06494	0.07446	0.07874	0.07139	0.09233	0.08454	0.00927	0.02986	0.00048	0.01562	0.00871	0.02980	0.10678
1	0.87563	0.00268	0.00214	0.00187	0.00274	0.00306	0.00154	0.04144	0.01230	0.02534	0.00207	0.00235	0.00159	0.00129	0.00088	0.00042	0.00107	0.00078	0.00089	0.01994
2	0.16528	0.00290	0.00371	0.12885	0.13384	0.01011	0.02211	0.17145	0.07410	0.13483	0.02728	0.01841	0.00269	0.00163	0.00159	0.00044	0.09164	0.00126	0.00598	0.00189
3	0.00253	0.00224	0.03325	0.13263	0.11522	0.02222	0.00830	0.04304	0.03867	0.03234	0.03993	0.27900	0.15516	0.03370	0.00171	0.00049	0.00923	0.00879	0.00106	0.04049
4	0.00313	0.00324	0.00425	0.00363	0.00371	0.06856	0.02601	0.00345	0.00224	0.00331	0.00183	0.00296	0.00179	0.00229	0.00418	0.00058	0.86154	0.00118	0.00061	0.00151
5	0.00283	0.00227	0.00267	0.00199	0.00304	0.00178	0.00157	0.02132	0.00295	0.03981	0.04102	0.01522	0.06029	0.02866	0.02169	0.00032	0.00105	0.00111	0.00091	0.74947
6	0.00183	0.00140	0.00171	0.00179	0.00205	0.00919	0.00129	0.00229	0.02451	0.00399	0.22652	0.33682	0.23138	0.04286	0.09081	0.00068	0.00105	0.01742	0.00125	0.00119
7	0.00352	0.00313	0.01239	0.09180	0.01991	0.09728	0.06168	0.14642	0.29619	0.03529	0.01492	0.05941	0.01867	0.00236	0.04500	0.00054	0.01225	0.06799	0.00113	0.01013
8	0.01992	0.04204	0.06424	0.18243	0.11623	0.03943	0.25776	0.02623	0.02665	0.02538	0.03269	0.06316	0.03548	0.00197	0.03356	0.00051	0.00180	0.02799	0.00082	0.00171
9	0.01449	0.00182	0.00209	0.00199	0.00242	0.00187	0.00149	0.00899	0.24644	0.02610	0.31414	0.10315	0.13537	0.08510	0.02017	0.00057	0.00093	0.02337	0.00803	0.00147
10	0.00229	0.00187	0.01264	0.09538	0.02554	0.00663	0.05483	0.01906	0.04919	0.03809	0.03029	0.21306	0.29851	0.00782	0.00173	0.02521	0.00109	0.11427	0.00115	0.00136
11	0.01939	0.30224	0.36145	0.05986	0.02184	0.06944	0.03950	0.04973	0.02245	0.01785	0.00245	0.01154	0.00194	0.00137	0.00536	0.00039	0.00967	0.00100	0.00068	0.00186
12	0.00295	0.04595	0.35239	0.23808	0.11807	0.03215	0.08315	0.00407	0.01363	0.01948	0.00262	0.01372	0.00204	0.00172	0.03965	0.00050	0.02620	0.00118	0.00065	0.00182
13	0.00186	0.00140	0.00162	0.00165	0.00199	0.00126	0.00122	0.01257	0.00314	0.01681	0.18888	0.14649	0.46028	0.06861	0.01120	0.00055	0.00082	0.06818	0.01028	0.00119
14	0.00291	0.00327	0.20080	0.20408	0.12200	0.00257	0.01525	0.02354	0.06559	0.07873	0.10362	0.05329	0.06809	0.00202	0.02019	0.00047	0.00148	0.00160	0.02876	0.00174
15	0.01833	0.28869	0.15285	0.09105	0.03781	0.04520	0.12414	0.06500	0.05093	0.08698	0.00708	0.01102	0.00222	0.00137	0.00126	0.00039	0.01187	0.00112	0.00081	0.00188
16	0.00187	0.00150	0.00178	0.03628	0.02031	0.00143	0.00132	0.00231	0.02483	0.00372	0.11018	0.08759	0.45921	0.13929	0.06970	0.00764	0.01462	0.00934	0.00590	0.00118
17	0.00195	0.00132	0.00155	0.00161	0.00164	0.00131	0.00097	0.00202	0.00213	0.00284	0.00489	0.14345	0.00565	0.75434	0.02109	0.00119	0.00128	0.04897	0.00091	0.00089
18	0.09851	0.00215	0.01049	0.05812	0.05218	0.01553	0.01225	0.08628	0.04183	0.09093	0.15287	0.17057	0.12253	0.04363	0.00171	0.00049	0.00508	0.02152	0.01180	0.00153
19	0.19833	0.06918	0.20764	0.05639	0.06190	0.03146	0.03631	0.14166	0.01078	0.10156	0.00290	0.00346	0.00221	0.00154	0.00732	0.00612	0.01596	0.03038	0.00091	0.01402
20	0.00213	0.00148	0.00202	0.01289	0.00254	0.00144	0.01067	0.01116	0.00292	0.03268	0.00720	0.34665	0.04602	0.06786	0.00213	0.00063	0.00109	0.44603	0.00123	0.00122
21	0.87520	0.00279	0.00209	0.00189	0.00269	0.05300	0.00153	0.00400	0.00241	0.00587	0.00212	0.03763	0.00177	0.00138	0.00090	0.00042	0.00112	0.00086	0.00085	0.00147
22	0.00199	0.00133	0.00162	0.00163	0.00167	0.00137	0.00100	0.00204	0.00201	0.00273	0.00412	0.02394	0.00461	0.72143	0.16272	0.06052	0.00169	0.00188	0.00080	0.00088
23	0.01192	0.05299	0.18448	0.02152	0.06053	0.01719	0.11292	0.16358	0.21736	0.06936	0.02972	0.00414	0.02609	0.00158	0.00138	0.00043	0.00769	0.00135	0.01376	0.00202
24	0.00227	0.00312	0.27978	0.00235	0.00322	0.00188	0.00239	0.01266	0.01299	0.03243	0.39537	0.05067	0.18296	0.00249	0.00151	0.00044	0.00110	0.00966	0.00117	0.00152
25	0.00980	0.00258	0.08391	0.02197	0.03013	0.04157	0.00908	0.02361	0.00346	0.30189	0.14796	0.02259	0.07463	0.03981	0.00705	0.01149	0.01318	0.15230	0.00128	0.00170
26	0.01814	0.12430	0.34811	0.03267	0.04525	0.04250	0.01978	0.06846	0.10404	0.01418	0.00300	0.00346	0.01415	0.02207	0.04034	0.00049	0.02873	0.00112	0.00078	0.06844

[dist]
# distance from previous block
# <min> <max>
0	4

[block]
# block no. 4 follows, 236 sequences, length 32
# corresponding to MSA columns:
# 440-442,444-472
name=unknown_E
#
# <colnr> <probs for GDERKNQSTAVLIFYWHMCP>
#	G	D	E	R	K	N	Q	S	T	A	V	L	I	F	Y	W	H	M	C	P
0	0.74364	0.07802	0.00274	0.00209	0.00296	0.06829	0.01662	0.03550	0.01515	0.02187	0.00208	0.00237	0.00162	0.00129	0.00092	0.00041	0.00122	0.00080	0.00085	0.00156
1	0.02291	0.01597	0.00762	0.02585	0.00984	0.06118	0.02207	0.08798	0.01023	0.00465	0.00255	0.01389	0.00213	0.00708	0.01305	0.00031	0.04673	0.00095	0.00084	0.64417
2	0.00265	0.05939	0.49148	0.01199	0.00444	0.04541	0.02207	0.00363	0.00277	0.00385	0.01854	0.07496	0.04420	0.06875	0.06492	0.01947	0.04429	0.01481	0.00072	0.00166
3	0.00203	0.00143	0.00171	0.00165	0.00205	0.00126	0.00124	0.00251	0.00344	0.06077	0.42332	0.10050	0.37606	0.00313	0.00161	0.00045	0.00071	0.01344	0.00139	0.00128
4	0.00287	0.08094	0.78543	0.00374	0.00558	0.00332	0.03419	0.00440	0.03493	0.01392	0.01703	0.00305	0.00201	0.00133	0.00128	0.00042	0.00192	0.00105	0.00063	0.00198
5	0.01164	0.16050	0.01722	0.00670	0.00857	0.05989	0.01374	0.25399	0.27615	0.08466	0.02402	0.04271	0.00337	0.00180	0.00642	0.00042	0.00655	0.01380	0.00119	0.00666
6	0.05018	0.43195	0.20128	0.00278	0.00404	0.00798	0.03299	0.09519	0.02697	0.03938	0.01741	0.00805	0.03928	0.00141	0.00111	0.00036	0.00151	0.00104	0.00079	0.03631
7	0.00234	0.01134	0.04228	0.00712	0.01558	0.00172	0.00572	0.02622	0.00860	0.02451	0.00376	0.03112	0.01820	0.37295	0.18065	0.21003	0.03439	0.00164	0.00079	0.00105
8	0.00242	0.03429	0.00261	0.00232	0.00248	0.02761	0.00177	0.00257	0.01347	0.00298	0.00307	0.02751	0.00307	0.10665	0.31548	0.25030	0.18880	0.01080	0.00070	0.00110
9	0.00467	0.02299	0.00361	0.00322	0.00389	0.80645	0.00243	0.00504	0.00376	0.00351	0.03914	0.00335	0.04441	0.00155	0.00124	0.00036	0.00221	0.00104	0.04558	0.00154
10	0.00228	0.00172	0.00170	0.00167	0.00174	0.07058	0.00100	0.00232	0.00217	0.01710	0.00420	0.00850	0.00475	0.85075	0.00634	0.00122	0.00140	0.01881	0.00084	0.00091
11	0.03998	0.55988	0.18776	0.00274	0.00399	0.00450	0.01872	0.03344	0.11353	0.00405	0.01857	0.00286	0.00223	0.00132	0.00106	0.00035	0.00151	0.00094	0.00073	0.00185
12	0.00497	0.00230	0.00304	0.04064	0.01738	0.00218	0.00207	0.08666	0.02086	0.59991	0.01288	0.08420	0.00880	0.00201	0.00146	0.00044	0.01577	0.04797	0.04441	0.00205
13	0.00169	0.00128	0.01413	0.00194	0.00206	0.00115	0.00134	0.00196	0.00263	0.00351	0.00744	0.90912	0.00888	0.00421	0.00174	0.00055	0.00082	0.03317	0.00126	0.00112
14	0.01194	0.00478	0.00309	0.00285	0.00334	0.62966	0.00206	0.00431	0.00326	0.00316	0.00296	0.00455	0.01772	0.27454	0.02566	0.00068	0.00212	0.00124	0.00075	0.00135
15	0.00221	0.00191	0.00802	0.00236	0.00287	0.01125	0.13313	0.01390	0.05903	0.01256	0.06767	0.09980	0.33581	0.13241	0.00236	0.00060	0.00114	0.11051	0.00114	0.00131
16	0.06871	0.02376	0.01675	0.00212	0.00766	0.00934	0.00172	0.01109	0.01710	0.04829	0.00265	0.01831	0.00218	0.00114	0.00104	0.00025	0.00106	0.00090	0.00086	0.76508
17	0.03349	0.02116	0.18680	0.00951	0.15603	0.00885	0.30927	0.03923	0.01180	0.04380	0.00972	0.00679	0.00645	0.00133	0.00696	0.00495	0.00178	0.00126	0.00077	0.14005
18	0.05407	0.45423	0.03473	0.00299	0.01118	0.13075	0.10006	0.01416	0.01828	0.00361	0.00226	0.00295	0.00202	0.04611	0.02389	0.01066	0.08474	0.00099	0.00066	0.00165
19	0.00298	0.00298	0.00417	0.00358	0.00358	0.00417	0.00298	0.00328	0.00209	0.00328	0.00179	0.00298	0.00179	0.00239	0.00447	0.00060	0.94961	0.00119	0.00060	0.00149
20	0.00304	0.00246	0.00288	0.00207	0.00327	0.00189	0.00166	0.02918	0.00297	0.04608	0.00258	0.00292	0.00209	0.00106	0.00104	0.00022	0.00103	0.00084	0.00086	0.89189
21	0.00604	0.00243	0.00323	0.00248	0.00354	0.00217	0.00205	0.07671	0.00409	0.87420	0.00522	0.00454	0.00329	0.00168	0.00137	0.00042	0.00119	0.00136	0.00166	0.00232
22	0.00259	0.00244	0.00412	0.92805	0.03002	0.00303	0.00379	0.00350	0.00273	0.00350	0.00243	0.00363	0.00182	0.00136	0.00136	0.00045	0.00181	0.00121	0.00061	0.00153
23	0.02686	0.37982	0.19453	0.00296	0.00422	0.04633	0.05848	0.04408	0.08387	0.12778	0.00298	0.01742	0.00231	0.00140	0.00116	0.00038	0.00157	0.00107	0.00086	0.00192
24	0.00255	0.04405	0.10439	0.00272	0.00332	0.01587	0.03749	0.02485	0.01814	0.02607	0.01592	0.09312	0.05985	0.00303	0.00189	0.01664	0.05737	0.45381	0.00108	0.01783
25	0.00324	0.00316	0.00558	0.00435	0.01833	0.01545	0.42314	0.04722	0.03808	0.03167	0.00289	0.02017	0.00246	0.00196	0.00266	0.06357	0.27771	0.03591	0.00077	0.00167
26	0.00368	0.92476	0.00709	0.00238	0.00355	0.00531	0.01591	0.00412	0.00279	0.01748	0.00196	0.00225	0.00178	0.00117	0.00089	0.00030	0.00147	0.00075	0.00060	0.00176
27	0.00354	0.00304	0.00333	0.03354	0.00387	0.01953	0.02724	0.10682	0.74184	0.00586	0.03264	0.00491	0.00405	0.00181	0.00139	0.00045	0.00119	0.00151	0.00133	0.00211
28	0.00196	0.00132	0.00152	0.00153	0.00155	0.00133	0.00088	0.00200	0.00203	0.00271	0.00453	0.03743	0.02135	0.86331	0.05009	0.00132	0.00140	0.00203	0.00084	0.00086
29	0.00232	0.00163	0.00224	0.00213	0.00236	0.01527	0.01725	0.01505	0.00229	0.04524	0.01004	0.00590	0.00363	0.22623	0.52860	0.08501	0.03133	0.00154	0.00079	0.00116
30	0.00186	0.00138	0.00163	0.00172	0.00197	0.00751	0.00121	0.00222	0.01379	0.02017	0.15119	0.36247	0.27393	0.12402	0.00233	0.00060	0.00084	0.02878	0.00125	0.00115
31	0.02513	0.20920	0.13118	0.01664	0.15475	0.11905	0.02593	0.11148	0.07255	0.07488	0.00283	0.00311	0.00219	0.00138	0.00126	0.00038	0.01511	0.00106	0.00086	0.03102

[dist]
# distance from previous block
# <min> <max>
3	69

[block]
# block no. 5 follows, 236 sequences, length 14
# corresponding to MSA columns:
# 551-564
name=unknown_F
#
# <colnr> <probs for GDERKNQSTAVLIFYWHMCP>
#	G	D	E	R	K	N	Q	S	T	A	V	L	I	F	Y	W	H	M	C	P
0	0.00205	0.01976	0.00189	0.00189	0.00216	0.00135	0.00141	0.00252	0.00321	0.03840	0.35746	0.36972	0.04153	0.00337	0.00164	0.00049	0.00081	0.11128	0.03780	0.00126
1	0.00179	0.00132	0.00172	0.00194	0.00213	0.00120	0.00135	0.00210	0.00270	0.00364	0.02596	0.78002	0.02303	0.00394	0.00169	0.00053	0.00083	0.06673	0.00123	0.07617
2	0.00271	0.00249	0.00409	0.90017	0.00912	0.00309	0.00372	0.05162	0.00291	0.00375	0.00247	0.00362	0.00184	0.00138	0.00136	0.00045	0.00180	0.00121	0.00064	0.00156
3	0.06381	0.00291	0.00307	0.00270	0.00352	0.00330	0.00212	0.05266	0.76311	0.07931	0.00519	0.00478	0.00384	0.00179	0.00135	0.00045	0.00110	0.00146	0.00138	0.00214
4	0.00314	0.00307	0.00479	0.00390	0.00418	0.00397	0.16196	0.00359	0.00235	0.03925	0.00209	0.00316	0.00190	0.00215	0.00387	0.00057	0.75255	0.00127	0.00065	0.00158
5	0.06966	0.00273	0.00285	0.00254	0.00329	0.00312	0.00199	0.02981	0.72193	0.03834	0.00512	0.00483	0.00383	0.00177	0.00130	0.00044	0.00104	0.00144	0.10194	0.00203
6	0.00425	0.00335	0.00356	0.00295	0.00387	0.00379	0.00236	0.45247	0.49452	0.00708	0.00446	0.00422	0.00328	0.00175	0.00138	0.00044	0.00128	0.00139	0.00138	0.00223
7	0.08229	0.00278	0.00316	0.00246	0.00346	0.02909	0.00200	0.16708	0.03176	0.29318	0.02605	0.00365	0.00275	0.00150	0.00138	0.00036	0.04999	0.00113	0.00120	0.29474
8	0.01704	0.03472	0.00213	0.00194	0.00233	0.00165	0.00149	0.02602	0.05332	0.04471	0.39655	0.19501	0.09781	0.00302	0.00158	0.00047	0.00084	0.09887	0.01913	0.00137
9	0.00385	0.04488	0.00593	0.00428	0.00545	0.00375	0.44976	0.28113	0.17591	0.00581	0.00338	0.00375	0.00251	0.00142	0.00146	0.00044	0.00180	0.00145	0.00101	0.00203
10	0.00363	0.00189	0.00235	0.00202	0.00271	0.00170	0.00161	0.02984	0.04091	0.37231	0.14060	0.05295	0.28114	0.00257	0.00151	0.00045	0.00094	0.04351	0.00146	0.01588
11	0.00279	0.01450	0.00423	0.71112	0.06579	0.01554	0.03707	0.00361	0.00275	0.02997	0.00255	0.00375	0.00200	0.02759	0.01735	0.00051	0.05542	0.00124	0.00065	0.00157
12	0.00928	0.00249	0.05373	0.00273	0.01032	0.00242	0.05990	0.03835	0.20840	0.12773	0.11970	0.00650	0.02280	0.02225	0.16046	0.01858	0.04072	0.09079	0.00116	0.00170
13	0.00203	0.00136	0.00185	0.00211	0.00231	0.00130	0.00159	0.00241	0.00288	0.04254	0.04288	0.57731	0.00855	0.00395	0.00177	0.00057	0.00095	0.30114	0.00129	0.00121

[dist]
# distance from previous block
# <min> <max>
5	25

[block]
# block no. 6 follows, 236 sequences, length 15
# corresponding to MSA columns:
# 608-622
name=unknown_G
#
# <colnr> <probs for GDERKNQSTAVLIFYWHMCP>
#	G	D	E	R	K	N	Q	S	T	A	V	L	I	F	Y	W	H	M	C	P
0	0.01367	0.03549	0.03741	0.01469	0.00344	0.02216	0.00182	0.00358	0.00286	0.01780	0.00243	0.00283	0.00200	0.00105	0.00103	0.00023	0.00111	0.00083	0.00080	0.83478
1	0.05782	0.00174	0.01021	0.00196	0.00895	0.00162	0.04046	0.03053	0.01823	0.04891	0.17664	0.12996	0.37263	0.04278	0.03263	0.00055	0.00755	0.00804	0.00744	0.00133
2	0.00294	0.00260	0.00437	0.51515	0.28618	0.00295	0.01750	0.00376	0.00284	0.04706	0.00270	0.00374	0.00213	0.00211	0.08328	0.00059	0.01643	0.00125	0.00069	0.00172
3	0.00220	0.00151	0.00188	0.01212	0.00230	0.00145	0.00144	0.00273	0.02030	0.07368	0.17301	0.04965	0.32998	0.02697	0.17436	0.00080	0.00135	0.09012	0.03285	0.00130
4	0.00193	0.00139	0.00157	0.00155	0.00185	0.00127	0.00109	0.00224	0.00291	0.02809	0.18026	0.02681	0.40863	0.28334	0.01720	0.00074	0.00094	0.02551	0.01160	0.00111
5	0.04464	0.00257	0.00292	0.00237	0.00320	0.00264	0.00192	0.31171	0.05815	0.27145	0.06619	0.01756	0.04860	0.01069	0.00137	0.00042	0.00113	0.00954	0.14098	0.00196
6	0.00250	0.00206	0.00243	0.01240	0.00285	0.00168	0.01396	0.03211	0.00308	0.01478	0.08322	0.03553	0.24209	0.02732	0.00142	0.00034	0.00094	0.00163	0.00102	0.51863
7	0.71242	0.13479	0.03688	0.00206	0.00301	0.00336	0.02240	0.02395	0.00256	0.02542	0.00229	0.00257	0.02126	0.00131	0.00092	0.00041	0.00118	0.00083	0.00083	0.00157
8	0.01306	0.00287	0.01826	0.55475	0.26732	0.03641	0.01678	0.01187	0.01383	0.03005	0.00997	0.01411	0.00215	0.00138	0.00136	0.00044	0.00174	0.00125	0.00069	0.00174
9	0.00229	0.00161	0.00198	0.00184	0.00224	0.00157	0.00139	0.00334	0.12206	0.03498	0.72146	0.00896	0.01073	0.00254	0.00152	0.00042	0.00071	0.00222	0.07670	0.00143
10	0.00199	0.00144	0.00194	0.00193	0.00207	0.00160	0.00137	0.00227	0.00210	0.00295	0.00387	0.00679	0.00402	0.40462	0.52973	0.00179	0.02603	0.00167	0.00077	0.00106
11	0.00257	0.00242	0.00409	0.94883	0.00939	0.00303	0.00379	0.00348	0.00273	0.00348	0.00242	0.00363	0.00182	0.00136	0.00136	0.00045	0.00182	0.00121	0.00061	0.00151
12	0.00368	0.00372	0.00360	0.21399	0.04620	0.29719	0.01418	0.07410	0.05321	0.02871	0.03489	0.00402	0.01485	0.00963	0.05027	0.00050	0.03034	0.01918	0.03850	0.05925
13	0.00340	0.70358	0.25438	0.00274	0.00413	0.00481	0.00304	0.00414	0.00280	0.00350	0.00204	0.00237	0.00174	0.00120	0.00099	0.00033	0.00160	0.00080	0.00058	0.00182
14	0.00383	0.09304	0.08739	0.00303	0.01455	0.02661	0.07176	0.18531	0.17556	0.12839	0.02448	0.01137	0.00314	0.02427	0.09625	0.01228	0.01521	0.00931	0.00109	0.01313

[dist]
# distance from previous block
# <min> <max>
0	1

[block]
# block no. 7 follows, 236 sequences, length 19
# corresponding to MSA columns:
# 624-642
name=unknown_H
#
# <colnr> <probs for GDERKNQSTAVLIFYWHMCP>
#	G	D	E	R	K	N	Q	S	T	A	V	L	I	F	Y	W	H	M	C	P
0	0.03837	0.74840	0.00636	0.00245	0.00357	0.03865	0.00233	0.09791	0.04412	0.00396	0.00220	0.00243	0.00190	0.00126	0.00096	0.00032	0.00147	0.00082	0.00071	0.00181
1	0.00452	0.00240	0.00352	0.03616	0.03585	0.01250	0.09378	0.02117	0.00347	0.50234	0.02568	0.02578	0.02485	0.00240	0.07217	0.02168	0.00147	0.01777	0.00129	0.09120
2	0.00332	0.00302	0.02819	0.11942	0.07641	0.00335	0.00260	0.03320	0.70249	0.00538	0.00479	0.00467	0.00360	0.00172	0.00138	0.00045	0.00125	0.00145	0.00121	0.00208
3	0.00325	0.00300	0.00412	0.03757	0.00383	0.00405	0.00294	0.07151	0.00250	0.04199	0.00207	0.00309	0.00189	0.00227	0.00401	0.00057	0.80786	0.00120	0.00070	0.00159
4	0.01763	0.00272	0.03639	0.00265	0.00326	0.00288	0.00212	0.24987	0.24417	0.01732	0.00506	0.28116	0.01138	0.01860	0.02489	0.00054	0.07426	0.00210	0.00122	0.00178
5	0.00310	0.00220	0.00270	0.00213	0.00298	0.00194	0.00170	0.00365	0.00296	0.12832	0.05189	0.03793	0.03547	0.00165	0.00149	0.00032	0.09187	0.02756	0.08749	0.51265
6	0.00246	0.02554	0.27556	0.00301	0.00393	0.00226	0.08636	0.00343	0.02072	0.01280	0.11876	0.03488	0.02657	0.04627	0.00184	0.00055	0.00147	0.33105	0.00101	0.00154
7	0.00198	0.00132	0.00149	0.00149	0.00149	0.00132	0.00083	0.00198	0.00198	0.00264	0.00429	0.00892	0.00496	0.95210	0.00694	0.00132	0.00132	0.00198	0.00083	0.00083
8	0.00830	0.00902	0.02284	0.01550	0.00356	0.04809	0.00846	0.00984	0.03276	0.00879	0.00232	0.00363	0.00222	0.03142	0.07857	0.00072	0.68586	0.01660	0.01002	0.00149
9	0.00322	0.00368	0.00804	0.00574	0.00712	0.00345	0.93865	0.00437	0.00322	0.00437	0.00276	0.00368	0.00207	0.00115	0.00161	0.00046	0.00230	0.00161	0.00069	0.00184
10	0.00190	0.00140	0.00169	0.00172	0.00204	0.00129	0.00127	0.00246	0.02908	0.01264	0.37848	0.20321	0.25959	0.01476	0.00168	0.00048	0.00074	0.04643	0.03791	0.00124
11	0.00285	0.12515	0.82793	0.00369	0.00560	0.00344	0.00470	0.00429	0.00286	0.00418	0.00238	0.00279	0.00173	0.00128	0.00124	0.00041	0.00194	0.00097	0.00058	0.00198
12	0.78147	0.00246	0.00205	0.00184	0.00261	0.00277	0.00148	0.00399	0.00247	0.07881	0.01545	0.06204	0.00237	0.03404	0.00116	0.00046	0.00105	0.00105	0.00094	0.00149
13	0.00188	0.00130	0.00167	0.00183	0.00203	0.00121	0.00129	0.00218	0.00283	0.02444	0.12276	0.52684	0.13001	0.05676	0.00212	0.03453	0.00085	0.07401	0.01034	0.00114
14	0.00246	0.00170	0.03599	0.00198	0.00241	0.00150	0.00160	0.00296	0.00321	0.10996	0.36195	0.06238	0.09152	0.01245	0.12443	0.07115	0.00840	0.07592	0.02671	0.00134
15	0.04545	0.00158	0.01000	0.00175	0.00221	0.00142	0.00137	0.00282	0.00342	0.08974	0.40561	0.04302	0.29767	0.00307	0.02237	0.00049	0.00084	0.05317	0.01265	0.00134
16	0.12756	0.63708	0.05128	0.00261	0.03572	0.01617	0.00242	0.05866	0.01129	0.04336	0.00221	0.00246	0.00185	0.00124	0.00097	0.00033	0.00144	0.00082	0.00072	0.00180
17	0.00307	0.04607	0.29525	0.12483	0.32506	0.01269	0.02303	0.02873	0.03734	0.00429	0.00823	0.00338	0.00214	0.00733	0.03220	0.00048	0.03000	0.00116	0.00068	0.01403
18	0.30121	0.22689	0.02257	0.02568	0.03615	0.24787	0.00797	0.03017	0.00929	0.01615	0.00214	0.00254	0.00177	0.00146	0.01273	0.00040	0.04429	0.00087	0.00821	0.00164

[dist]
# distance from previous block
# <min> <max>
0	2

[block]
# block no. 8 follows, 236 sequences, length 17
# corresponding to MSA columns:
# 645-661
name=unknown_I
#
# <colnr> <probs for GDERKNQSTAVLIFYWHMCP>
#	G	D	E	R	K	N	Q	S	T	A	V	L	I	F	Y	W	H	M	C	P
0	0.00220	0.00154	0.00182	0.00176	0.00217	0.00143	0.00132	0.04198	0.02289	0.06303	0.26273	0.18195	0.35392	0.02465	0.01670	0.00051	0.00084	0.01590	0.00134	0.00132
1	0.04559	0.01673	0.00363	0.02299	0.01227	0.14999	0.00244	0.30408	0.35906	0.01452	0.00379	0.00378	0.00285	0.00169	0.00148	0.00043	0.05021	0.00126	0.00118	0.00204
2	0.00201	0.00137	0.00170	0.00179	0.00194	0.00133	0.00125	0.00226	0.00257	0.01895	0.08893	0.18389	0.05521	0.43775	0.01961	0.00093	0.00115	0.17523	0.00108	0.00105
3	0.19462	0.00274	0.00332	0.07322	0.05832	0.01041	0.01760	0.14338	0.07558	0.38005	0.01146	0.00386	0.00276	0.00155	0.00126	0.00042	0.00128	0.00122	0.01490	0.00203
4	0.01943	0.35817	0.04952	0.00309	0.01435	0.18421	0.02835	0.01359	0.02753	0.00355	0.01282	0.00301	0.02835	0.00164	0.00196	0.00041	0.24664	0.00103	0.00068	0.00166
5	0.00170	0.00122	0.00162	0.00192	0.00202	0.00114	0.00131	0.00197	0.00268	0.00357	0.03383	0.85889	0.02569	0.00419	0.00174	0.00055	0.00081	0.05278	0.00127	0.00112
6	0.00282	0.00258	0.00419	0.08823	0.53698	0.00261	0.01328	0.00358	0.02283	0.00416	0.00455	0.12564	0.07057	0.01115	0.00153	0.00047	0.00142	0.10076	0.00086	0.00179
7	0.58071	0.01836	0.02950	0.00220	0.01226	0.01112	0.02202	0.05890	0.01364	0.04384	0.01412	0.00300	0.00203	0.01260	0.03461	0.11205	0.02573	0.00096	0.00087	0.00148
8	0.00256	0.00201	0.00229	0.01712	0.00272	0.00212	0.00915	0.01098	0.34862	0.02526	0.17548	0.08051	0.15397	0.09698	0.00959	0.00056	0.00098	0.02840	0.02912	0.00156
9	0.00176	0.00129	0.00167	0.00190	0.00204	0.00123	0.00133	0.00205	0.00268	0.00355	0.03584	0.64473	0.10112	0.07092	0.01936	0.00063	0.01612	0.08943	0.00122	0.00112
10	0.00310	0.10136	0.21027	0.03881	0.10618	0.03179	0.08331	0.02734	0.07593	0.04567	0.02281	0.05240	0.04009	0.00236	0.06844	0.00056	0.06463	0.02232	0.00084	0.00178
11	0.02417	0.16944	0.28548	0.02044	0.01558	0.03535	0.01763	0.05045	0.04762	0.09491	0.05030	0.06814	0.03408	0.01093	0.01860	0.00046	0.04621	0.00752	0.00090	0.00180
12	0.00198	0.00134	0.00154	0.00157	0.00164	0.00131	0.00096	0.00207	0.00222	0.01403	0.02118	0.09089	0.07255	0.73414	0.00573	0.00114	0.00121	0.04262	0.00094	0.00092
13	0.00289	0.00160	0.00201	0.00192	0.00230	0.00154	0.00141	0.01829	0.03019	0.19796	0.06289	0.25256	0.05349	0.14436	0.08973	0.00075	0.00120	0.01733	0.11619	0.00141
14	0.02992	0.01036	0.03203	0.23136	0.27740	0.05524	0.05746	0.06935	0.05943	0.03982	0.01376	0.00373	0.00956	0.00186	0.04527	0.00051	0.05085	0.00126	0.00899	0.00184
15	0.01608	0.01366	0.11228	0.12151	0.18641	0.04725	0.06959	0.06656	0.05684	0.18577	0.01569	0.00426	0.01585	0.00657	0.01786	0.00047	0.02629	0.02760	0.00752	0.00194
16	0.00193	0.00142	0.01025	0.00187	0.00204	0.00135	0.00135	0.00224	0.01257	0.00339	0.02329	0.26604	0.08991	0.34259	0.02951	0.00088	0.00116	0.20606	0.00109	0.00107

[dist]
# distance from previous block
# <min> <max>
3	7

[block]
# block no. 9 follows, 236 sequences, length 19
# corresponding to MSA columns:
# 669-687
name=unknown_J
#
# <colnr> <probs for GDERKNQSTAVLIFYWHMCP>
#	G	D	E	R	K	N	Q	S	T	A	V	L	I	F	Y	W	H	M	C	P
0	0.00222	0.00161	0.00195	0.00192	0.00230	0.00157	0.00144	0.01375	0.12220	0.04299	0.36701	0.22206	0.16213	0.00310	0.00161	0.00048	0.00080	0.04808	0.00139	0.00139
1	0.00272	0.00272	0.03324	0.72727	0.14731	0.00308	0.03393	0.00363	0.00280	0.00368	0.00250	0.00368	0.00193	0.00137	0.00142	0.00045	0.01523	0.01078	0.00062	0.00163
2	0.00193	0.00131	0.00157	0.00164	0.00168	0.00131	0.00101	0.00202	0.00215	0.00287	0.00499	0.17594	0.01573	0.67321	0.06164	0.01599	0.00135	0.03183	0.00091	0.00091
3	0.00265	0.00249	0.00423	0.62585	0.17334	0.00287	0.04546	0.00349	0.00282	0.00372	0.02779	0.02746	0.02637	0.02513	0.02040	0.00050	0.00174	0.00139	0.00069	0.00159
4	0.01849	0.00246	0.00287	0.00211	0.00324	0.00822	0.00853	0.02205	0.01042	0.04370	0.00269	0.01795	0.00222	0.00115	0.00111	0.00024	0.01850	0.00091	0.01936	0.81376
5	0.06176	0.06217	0.00387	0.00286	0.00381	0.03124	0.00237	0.49042	0.04762	0.18575	0.02928	0.00363	0.00276	0.00168	0.00151	0.00042	0.06423	0.00123	0.00128	0.00212
6	0.00201	0.00151	0.00212	0.00210	0.00227	0.00174	0.00156	0.00237	0.00214	0.00305	0.00376	0.02004	0.00376	0.22938	0.66274	0.00188	0.05408	0.00160	0.00075	0.00114
7	0.00245	0.00212	0.00192	0.00186	0.00200	0.14555	0.00119	0.00255	0.00229	0.00280	0.00390	0.00758	0.00431	0.71432	0.09862	0.00126	0.00172	0.00176	0.00080	0.00098
8	0.00284	0.00246	0.00297	0.00212	0.00334	0.00186	0.02799	0.00346	0.00284	0.00444	0.00243	0.00285	0.00202	0.00101	0.00103	0.00021	0.00105	0.00083	0.00080	0.93345
9	0.00197	0.00136	0.00167	0.00167	0.00173	0.00142	0.00105	0.00210	0.00204	0.00278	0.00413	0.00799	0.00455	0.70639	0.25209	0.00155	0.00193	0.00185	0.00080	0.00093
10	0.00322	0.00275	0.00293	0.00265	0.00337	0.00314	0.00205	0.00669	0.83072	0.00567	0.11597	0.00569	0.00519	0.00196	0.00141	0.00046	0.00103	0.00165	0.00140	0.00205
11	0.00272	0.00662	0.86613	0.00375	0.00563	0.00308	0.00476	0.01987	0.00293	0.00437	0.02501	0.00317	0.00208	0.00172	0.04197	0.00051	0.00204	0.00107	0.00062	0.00197
12	0.00277	0.00236	0.00276	0.00203	0.00316	0.00181	0.00160	0.00341	0.02064	0.00441	0.00278	0.05827	0.00247	0.00122	0.00106	0.00023	0.00100	0.00100	0.00085	0.88619
13	0.11787	0.00368	0.00384	0.00298	0.00404	0.00409	0.00246	0.82890	0.00593	0.00830	0.00311	0.00315	0.00222	0.00159	0.00130	0.00041	0.00145	0.00117	0.00130	0.00222
14	0.01091	0.00181	0.00236	0.00209	0.00269	0.00165	0.00165	0.00422	0.02717	0.38101	0.21484	0.08317	0.08059	0.06335	0.00892	0.00053	0.00102	0.10890	0.00145	0.00167
15	0.00283	0.07225	0.81432	0.00391	0.00582	0.00334	0.07044	0.00430	0.00289	0.00424	0.00243	0.00289	0.00175	0.00128	0.00129	0.00042	0.00200	0.00103	0.00058	0.00198
16	0.00967	0.00151	0.00185	0.00180	0.00216	0.00140	0.00135	0.02478	0.00911	0.01779	0.43535	0.12529	0.15473	0.05698	0.00190	0.00051	0.00081	0.08792	0.02554	0.03955
17	0.00340	0.52460	0.08665	0.00247	0.00345	0.00403	0.02100	0.04988	0.00291	0.05772	0.02654	0.00378	0.00268	0.13315	0.04705	0.00056	0.02662	0.00110	0.00075	0.00166
18	0.05647	0.00170	0.00197	0.00180	0.00230	0.00160	0.00139	0.06124	0.00363	0.09930	0.40357	0.04871	0.25591	0.00979	0.00156	0.00045	0.00081	0.02152	0.02487	0.00142

[dist]
# distance from previous block
# <min> <max>
6	25

[block]
# block no. 10 follows, 236 sequences, length 17
# corresponding to MSA columns:
# 724-740
name=unknown_K
#
# <colnr> <probs for GDERKNQSTAVLIFYWHMCP>
#	G	D	E	R	K	N	Q	S	T	A	V	L	I	F	Y	W	H	M	C	P
0	0.00178	0.00134	0.00164	0.00174	0.00201	0.00123	0.00126	0.00223	0.01908	0.00411	0.26016	0.36875	0.26062	0.02407	0.00178	0.00051	0.00076	0.04441	0.00132	0.00119
1	0.00273	0.00705	0.94504	0.00388	0.00590	0.00317	0.00504	0.00432	0.00288	0.00432	0.00245	0.00288	0.00173	0.00129	0.00129	0.00043	0.00201	0.00101	0.00058	0.00201
2	0.00187	0.00136	0.00164	0.00166	0.00197	0.00122	0.00122	0.00223	0.00317	0.01597	0.31686	0.15642	0.35191	0.02595	0.00203	0.06951	0.00077	0.04176	0.00129	0.00116
3	0.35969	0.00190	0.00194	0.00195	0.00242	0.00202	0.00147	0.03159	0.00272	0.05766	0.00500	0.41488	0.00538	0.01193	0.00145	0.00941	0.00097	0.06342	0.02287	0.00136
4	0.77701	0.00326	0.00233	0.00208	0.00291	0.15756	0.00167	0.00422	0.00259	0.00561	0.00195	0.00227	0.00154	0.00128	0.00091	0.00040	0.00128	0.00076	0.00082	0.02954
5	0.01767	0.00242	0.00272	0.00221	0.00298	0.00248	0.00179	0.30862	0.01967	0.25015	0.00429	0.00434	0.00306	0.00163	0.00120	0.00038	0.00107	0.00128	0.37015	0.00190
6	0.96173	0.00264	0.00200	0.00179	0.00264	0.00306	0.00148	0.00401	0.00232	0.00612	0.00190	0.00221	0.00148	0.00127	0.00084	0.00042	0.00105	0.00074	0.00084	0.00148
7	0.00208	0.00158	0.00227	0.00237	0.00272	0.00152	0.04930	0.00264	0.00314	0.00410	0.10280	0.13944	0.12551	0.00356	0.00179	0.00057	0.00111	0.55097	0.00125	0.00125
8	0.00193	0.00139	0.00171	0.00167	0.00191	0.00132	0.00116	0.00243	0.02437	0.00445	0.53640	0.07604	0.08432	0.25148	0.00301	0.00067	0.00084	0.00245	0.00129	0.00116
9	0.00321	0.11533	0.00451	0.29077	0.00547	0.12594	0.01607	0.00373	0.00261	0.00336	0.00205	0.00303	0.00179	0.00179	0.00264	0.00048	0.41395	0.00111	0.00061	0.00154
10	0.00295	0.01188	0.06475	0.02844	0.03247	0.01192	0.01285	0.02427	0.01194	0.01285	0.00250	0.00292	0.00203	0.00108	0.00107	0.00024	0.00116	0.00087	0.00080	0.77300
11	0.00378	0.01421	0.31730	0.09118	0.09431	0.32913	0.03767	0.00477	0.03088	0.04103	0.00254	0.00301	0.00194	0.00138	0.00136	0.00041	0.02153	0.00105	0.00070	0.00183
12	0.00195	0.00141	0.00185	0.00181	0.00213	0.00131	0.00140	0.00257	0.00371	0.00518	0.76740	0.03120	0.04446	0.00297	0.00165	0.00046	0.00073	0.12508	0.00145	0.00127
13	0.00189	0.00140	0.00175	0.00196	0.00213	0.00138	0.00136	0.00248	0.09098	0.00370	0.02889	0.65329	0.04937	0.08473	0.01776	0.00063	0.00093	0.05293	0.00124	0.00120
14	0.00324	0.02955	0.22859	0.23949	0.13007	0.02225	0.03094	0.06522	0.03636	0.08472	0.02240	0.06604	0.01684	0.00165	0.00142	0.00044	0.01667	0.00141	0.00085	0.00184
15	0.01411	0.00344	0.01218	0.00832	0.02218	0.22856	0.00219	0.09333	0.00360	0.17941	0.00928	0.01743	0.01419	0.02258	0.01520	0.00043	0.03369	0.09341	0.00105	0.22544
16	0.05520	0.01320	0.00227	0.00209	0.00258	0.01501	0.00166	0.07889	0.00942	0.14203	0.19958	0.12867	0.02291	0.02015	0.00959	0.01328	0.00102	0.16983	0.11112	0.00149

[dist]
# distance from previous block
# <min> <max>
6	18

[block]
# block no. 11 follows, 236 sequences, length 26
# corresponding to MSA columns:
# 759-784
name=unknown_L
#
# <colnr> <probs for GDERKNQSTAVLIFYWHMCP>
#	G	D	E	R	K	N	Q	S	T	A	V	L	I	F	Y	W	H	M	C	P
0	0.02821	0.00141	0.00169	0.00173	0.00187	0.00141	0.00116	0.00224	0.00234	0.01853	0.02475	0.12828	0.06558	0.51645	0.08282	0.01796	0.00870	0.08806	0.00581	0.00101
1	0.07804	0.00234	0.00308	0.00238	0.00342	0.00208	0.00196	0.00644	0.00378	0.87391	0.00512	0.00446	0.00323	0.00166	0.00133	0.00042	0.00115	0.00132	0.00162	0.00226
2	0.00227	0.00131	0.00167	0.00165	0.00170	0.00130	0.00103	0.00211	0.00204	0.04024	0.01995	0.03294	0.00423	0.53263	0.01696	0.33335	0.00127	0.00174	0.00080	0.00082
3	0.96173	0.00264	0.00200	0.00179	0.00264	0.00306	0.00148	0.00401	0.00232	0.00612	0.00190	0.00221	0.00148	0.00127	0.00084	0.00042	0.00105	0.00074	0.00084	0.00148
4	0.00199	0.00142	0.00186	0.00209	0.00232	0.00137	0.00162	0.01396	0.00792	0.01079	0.02515	0.37957	0.09354	0.05213	0.01036	0.00922	0.00103	0.37432	0.00815	0.00119
5	0.77084	0.00279	0.00237	0.00202	0.00291	0.00317	0.00167	0.14003	0.00300	0.05742	0.00229	0.00250	0.00170	0.00134	0.00095	0.00042	0.00112	0.00084	0.00096	0.00164
6	0.00186	0.00142	0.00178	0.00179	0.00213	0.00128	0.01390	0.00231	0.01204	0.00951	0.26486	0.32572	0.26771	0.01179	0.00168	0.00048	0.00078	0.03107	0.00130	0.04659
7	0.01866	0.19195	0.69442	0.00350	0.00527	0.00365	0.00431	0.04325	0.01539	0.00432	0.00240	0.00278	0.00178	0.00129	0.00121	0.00040	0.00186	0.00096	0.00062	0.00197
8	0.00257	0.00242	0.00409	0.94883	0.00939	0.00303	0.00379	0.00348	0.00273	0.00348	0.00242	0.00363	0.00182	0.00136	0.00136	0.00045	0.00182	0.00121	0.00061	0.00151
9	0.00214	0.00163	0.00194	0.00191	0.00232	0.00152	0.00139	0.00286	0.10152	0.02268	0.06019	0.37107	0.17792	0.07258	0.00195	0.00053	0.00089	0.04053	0.00120	0.13325
10	0.01607	0.00227	0.00281	0.00239	0.00317	0.00222	0.00189	0.01563	0.24751	0.46513	0.05622	0.12791	0.00487	0.00215	0.00143	0.00045	0.00106	0.02099	0.01821	0.00764
11	0.00227	0.00174	0.00240	0.00260	0.00295	0.02394	0.03620	0.00288	0.00313	0.00404	0.00711	0.05372	0.03038	0.00363	0.00184	0.00061	0.00129	0.81677	0.00122	0.00128
12	0.00183	0.00132	0.00164	0.00942	0.00205	0.00123	0.00127	0.01102	0.00278	0.01758	0.05316	0.55784	0.17888	0.10409	0.00225	0.00061	0.00087	0.04980	0.00123	0.00113
13	0.00292	0.00268	0.00422	0.32796	0.38830	0.02600	0.00343	0.00371	0.02015	0.02086	0.00343	0.06760	0.02393	0.02780	0.02183	0.00051	0.01408	0.03809	0.00076	0.00173
14	0.00232	0.00197	0.00250	0.01058	0.00272	0.05597	0.00189	0.01711	0.02417	0.00338	0.00386	0.07885	0.01335	0.02717	0.61617	0.00162	0.11066	0.01650	0.00793	0.00129
15	0.71432	0.03659	0.02161	0.01926	0.04583	0.04185	0.05130	0.01407	0.00258	0.02923	0.00210	0.00247	0.00163	0.00129	0.00100	0.00042	0.01119	0.00085	0.00083	0.00158
16	0.00187	0.00140	0.00164	0.00165	0.00201	0.00124	0.00123	0.00229	0.00322	0.02769	0.26117	0.12613	0.45201	0.03241	0.02125	0.00053	0.00082	0.05893	0.00131	0.00121
17	0.02719	0.21278	0.07902	0.02736	0.10411	0.14712	0.02773	0.13804	0.10658	0.02002	0.00280	0.00312	0.00222	0.00138	0.00122	0.00037	0.00902	0.00539	0.00086	0.08367
18	0.00383	0.77938	0.03890	0.00256	0.00369	0.13201	0.00247	0.01768	0.00297	0.00334	0.00196	0.00226	0.00176	0.00121	0.00094	0.00031	0.00161	0.00077	0.00061	0.00174
19	0.00170	0.00133	0.00155	0.00169	0.00200	0.00118	0.00124	0.00204	0.00296	0.00370	0.03670	0.33655	0.49797	0.00375	0.00168	0.00051	0.00078	0.10025	0.00127	0.00115
20	0.00269	0.00246	0.00409	0.87213	0.02134	0.00306	0.00371	0.00356	0.00273	0.02647	0.00247	0.00363	0.00186	0.00141	0.00150	0.00046	0.04305	0.00121	0.00063	0.00154
21	0.01064	0.27731	0.12376	0.04197	0.04088	0.02558	0.04438	0.04524	0.01536	0.07770	0.00935	0.14849	0.01180	0.01139	0.02648	0.00468	0.02932	0.03440	0.00088	0.02039
22	0.00184	0.00128	0.00159	0.00174	0.00183	0.00124	0.00114	0.00202	0.00244	0.00324	0.04047	0.42065	0.04261	0.39927	0.01422	0.00089	0.00106	0.06037	0.00108	0.00101
23	0.00220	0.00164	0.00218	0.00205	0.00226	0.00177	0.02112	0.03149	0.01405	0.01298	0.16205	0.04535	0.02295	0.33640	0.25929	0.00916	0.06903	0.00191	0.00095	0.00117
24	0.20894	0.08188	0.36027	0.01711	0.02617	0.03368	0.03963	0.07410	0.05504	0.02601	0.00297	0.04896	0.01215	0.00152	0.00122	0.00042	0.00159	0.00570	0.00082	0.00183
25	0.23015	0.00946	0.00334	0.01255	0.01206	0.31480	0.00228	0.11861	0.05682	0.03578	0.00257	0.01002	0.00206	0.00167	0.01587	0.00043	0.10589	0.00101	0.00548	0.05915

[dist]
# distance from previous block
# <min> <max>
0	2

[block]
# block no. 12 follows, 236 sequences, length 8
# corresponding to MSA columns:
# 787-794
name=unknown_M
#
# <colnr> <probs for GDERKNQSTAVLIFYWHMCP>
#	G	D	E	R	K	N	Q	S	T	A	V	L	I	F	Y	W	H	M	C	P
0	0.04563	0.61236	0.05978	0.01764	0.02041	0.12485	0.00250	0.03953	0.00304	0.00370	0.00215	0.01920	0.00191	0.00128	0.00100	0.00032	0.00158	0.00086	0.00066	0.04161
1	0.00212	0.04318	0.01106	0.01743	0.01155	0.00164	0.01319	0.04086	0.01613	0.01530	0.19786	0.38639	0.14699	0.04654	0.01187	0.00054	0.00093	0.01777	0.00123	0.01742
2	0.03460	0.12476	0.09348	0.39052	0.10100	0.03572	0.07278	0.04269	0.00309	0.00415	0.08209	0.00381	0.00280	0.00143	0.00131	0.00042	0.00169	0.00124	0.00073	0.00170
3	0.00227	0.00166	0.01887	0.04080	0.01425	0.00163	0.01877	0.04126	0.01757	0.00327	0.02723	0.04046	0.04560	0.44318	0.02705	0.18024	0.00134	0.07265	0.00088	0.00103
4	0.01680	0.00161	0.00187	0.00195	0.00223	0.02808	0.00140	0.03692	0.04125	0.01805	0.18616	0.51169	0.11780	0.00352	0.00164	0.00050	0.00086	0.02509	0.00130	0.00127
5	0.03117	0.02582	0.19011	0.27111	0.09363	0.04643	0.08070	0.03233	0.03263	0.08114	0.00307	0.04198	0.00244	0.00202	0.05912	0.00054	0.00186	0.00131	0.00079	0.00178
6	0.01525	0.08847	0.08304	0.06816	0.03960	0.08785	0.27201	0.07554	0.02615	0.03251	0.04122	0.00364	0.00254	0.00151	0.00175	0.00043	0.11605	0.01088	0.00080	0.03261
7	0.06126	0.00451	0.00461	0.03370	0.00512	0.08527	0.00301	0.09031	0.03402	0.06493	0.02911	0.04451	0.03341	0.33650	0.12114	0.01243	0.00273	0.02845	0.00201	0.00296

[dist]
# distance from previous block
# <min> <max>
0	20

# created by:
# /home/simao/soft/augustus-3.0.3/scripts/msa2prfl.pl ./align_prep/COG0016.fa
