[name]
unknown

[dist]
# distance from previous block
# <min> <max>
0	39

[block]
# block no. 0 follows, 249 sequences, length 13
# corresponding to MSA columns:
# 42-49,52-56
name=unknown_A
#
# <colnr> <probs for GDERKNQSTAVLIFYWHMCP>
#	G	D	E	R	K	N	Q	S	T	A	V	L	I	F	Y	W	H	M	C	P
0	0.01788	0.01559	0.18644	0.02689	0.11207	0.08596	0.12645	0.05813	0.05111	0.18271	0.05264	0.00949	0.02051	0.00152	0.00137	0.00835	0.01147	0.00686	0.02273	0.00184
1	0.02518	0.07469	0.33611	0.02220	0.20072	0.01841	0.09253	0.03599	0.02256	0.12107	0.01244	0.01720	0.00229	0.00135	0.00126	0.00040	0.00163	0.01128	0.00078	0.00190
2	0.00211	0.00176	0.00245	0.02207	0.03462	0.00166	0.09625	0.05131	0.02858	0.01776	0.11656	0.19022	0.39395	0.00288	0.00153	0.00045	0.00095	0.03243	0.00116	0.00131
3	0.00173	0.00139	0.00159	0.01278	0.00200	0.00127	0.00119	0.00227	0.03772	0.00401	0.26922	0.04329	0.51819	0.02188	0.04347	0.00053	0.00083	0.03425	0.00123	0.00117
4	0.01883	0.02214	0.06208	0.02719	0.21900	0.03893	0.02893	0.09206	0.04748	0.12225	0.12502	0.06121	0.02065	0.01747	0.02338	0.00045	0.00132	0.01557	0.05430	0.00173
5	0.02094	0.11785	0.37513	0.02061	0.27405	0.02374	0.04816	0.03059	0.04846	0.02491	0.00252	0.00297	0.00194	0.00123	0.00121	0.00039	0.00167	0.00104	0.00067	0.00191
6	0.00226	0.00182	0.00207	0.00205	0.00227	0.06412	0.00148	0.02812	0.05486	0.01755	0.00453	0.23561	0.00484	0.24240	0.27246	0.00113	0.03943	0.02093	0.00091	0.00117
7	0.15222	0.00253	0.00370	0.04323	0.07115	0.01370	0.15323	0.03411	0.00315	0.38018	0.00368	0.04560	0.00272	0.00186	0.03178	0.02289	0.02195	0.00132	0.00919	0.00181
8	0.03853	0.01647	0.03956	0.25154	0.24062	0.03518	0.02306	0.01365	0.11505	0.01721	0.03504	0.08775	0.02660	0.00170	0.00144	0.00043	0.04338	0.00146	0.00967	0.00166
9	0.07670	0.04069	0.05526	0.04511	0.23290	0.01384	0.05624	0.09211	0.06218	0.06820	0.02656	0.01268	0.00244	0.00873	0.00188	0.00044	0.19122	0.00120	0.00983	0.00178
10	0.32119	0.06687	0.25944	0.00275	0.04531	0.02666	0.01207	0.01734	0.01780	0.11107	0.02366	0.04486	0.00236	0.00141	0.00109	0.00039	0.00134	0.00106	0.00084	0.04248
11	0.20581	0.00996	0.00311	0.01144	0.10342	0.19566	0.02982	0.05937	0.08190	0.03906	0.01872	0.08972	0.00316	0.01171	0.06826	0.00054	0.02066	0.04522	0.00090	0.00157
12	0.01675	0.56866	0.02003	0.01713	0.00355	0.04704	0.02556	0.10143	0.11292	0.00400	0.00298	0.00326	0.04377	0.00138	0.00103	0.00033	0.00138	0.01638	0.00077	0.01164

[dist]
# distance from previous block
# <min> <max>
0	15

[block]
# block no. 1 follows, 249 sequences, length 10
# corresponding to MSA columns:
# 72-81
name=unknown_B
#
# <colnr> <probs for GDERKNQSTAVLIFYWHMCP>
#	G	D	E	R	K	N	Q	S	T	A	V	L	I	F	Y	W	H	M	C	P
0	0.00276	0.00242	0.00312	0.00305	0.07579	0.00286	0.01891	0.02217	0.36263	0.00426	0.04418	0.01821	0.00367	0.04051	0.17922	0.00080	0.19393	0.01888	0.00097	0.00164
1	0.79463	0.00281	0.07492	0.00190	0.00281	0.00281	0.00169	0.00391	0.00234	0.04630	0.00202	0.00229	0.00153	0.00121	0.00087	0.00039	0.00108	0.00075	0.00082	0.05492
2	0.00297	0.07570	0.00283	0.00219	0.02008	0.00250	0.00172	0.31875	0.01847	0.00559	0.28632	0.02175	0.23133	0.00230	0.00139	0.00040	0.00098	0.00190	0.00124	0.00158
3	0.06814	0.00245	0.00281	0.00216	0.00315	0.00224	0.00174	0.13558	0.07174	0.20130	0.03965	0.00372	0.02134	0.00137	0.00113	0.00031	0.00104	0.00109	0.01376	0.42530
4	0.01394	0.15411	0.33178	0.00372	0.00506	0.03872	0.27578	0.03821	0.03614	0.01844	0.00275	0.04631	0.00224	0.01412	0.01273	0.00043	0.00181	0.00125	0.00069	0.00176
5	0.00223	0.00158	0.00212	0.00220	0.07489	0.00149	0.00151	0.02064	0.02626	0.05538	0.71595	0.03934	0.04632	0.00251	0.00149	0.00041	0.00074	0.00221	0.00136	0.00137
6	0.00309	0.00317	0.00606	0.13623	0.31473	0.00318	0.44055	0.03273	0.03919	0.00424	0.00264	0.00344	0.00205	0.00118	0.00140	0.00042	0.00184	0.00134	0.00069	0.00183
7	0.00223	0.00192	0.01332	0.03945	0.00268	0.05875	0.05516	0.02153	0.00307	0.02687	0.24659	0.15139	0.22205	0.07739	0.00189	0.00049	0.01087	0.00225	0.02942	0.03267
8	0.00376	0.00189	0.00240	0.00202	0.00268	0.00176	0.00159	0.03849	0.07610	0.41468	0.26815	0.04413	0.08300	0.03574	0.00158	0.00044	0.00092	0.00183	0.01711	0.00172
9	0.00249	0.00198	0.00224	0.03560	0.00279	0.02079	0.00166	0.00409	0.36039	0.04146	0.04818	0.32024	0.10559	0.02136	0.00157	0.00048	0.00094	0.02538	0.00123	0.00151

[dist]
# distance from previous block
# <min> <max>
0	30

[block]
# block no. 2 follows, 249 sequences, length 16
# corresponding to MSA columns:
# 112-127
name=unknown_C
#
# <colnr> <probs for GDERKNQSTAVLIFYWHMCP>
#	G	D	E	R	K	N	Q	S	T	A	V	L	I	F	Y	W	H	M	C	P
0	0.00161	0.00115	0.00152	0.00179	0.00188	0.00108	0.00120	0.00184	0.00247	0.00329	0.00712	0.85030	0.03516	0.04547	0.01733	0.00058	0.00083	0.02316	0.00118	0.00105
1	0.00307	0.01572	0.00274	0.00239	0.00308	0.01305	0.00189	0.14883	0.51463	0.00530	0.02333	0.02810	0.18503	0.00216	0.00138	0.00044	0.00103	0.04476	0.00127	0.00180
2	0.02106	0.02398	0.25067	0.08073	0.20350	0.02514	0.01465	0.02377	0.02846	0.23447	0.01637	0.00928	0.00246	0.01710	0.01018	0.01556	0.01868	0.00117	0.00090	0.00189
3	0.00289	0.03898	0.04172	0.49037	0.23027	0.05110	0.08725	0.01491	0.00281	0.00368	0.00233	0.00325	0.00182	0.00126	0.00135	0.00041	0.02219	0.00115	0.00061	0.00165
4	0.00273	0.00156	0.00179	0.00160	0.00219	0.00132	0.00125	0.00310	0.00316	0.26662	0.01076	0.03225	0.66107	0.00283	0.00147	0.00043	0.00078	0.00236	0.00132	0.00140
5	0.00358	0.03204	0.02224	0.02656	0.07141	0.29615	0.01536	0.04990	0.08137	0.09127	0.19666	0.04555	0.04825	0.00187	0.00135	0.00039	0.01190	0.00151	0.00103	0.00161
6	0.05457	0.07377	0.12316	0.07808	0.04043	0.14138	0.06973	0.07025	0.03161	0.08443	0.00286	0.02036	0.01118	0.00201	0.05476	0.00051	0.12429	0.01416	0.00080	0.00168
7	0.00162	0.00118	0.00154	0.00178	0.00191	0.00109	0.00122	0.00191	0.00265	0.00353	0.09677	0.75507	0.07997	0.00385	0.00164	0.00051	0.00075	0.04071	0.00122	0.00108
8	0.00320	0.00310	0.00399	0.24002	0.02558	0.09695	0.13598	0.03358	0.38089	0.01380	0.01211	0.00409	0.00970	0.00153	0.00140	0.00043	0.02245	0.00848	0.00095	0.00177
9	0.11037	0.12128	0.33411	0.04976	0.18936	0.02186	0.02041	0.02627	0.02906	0.02563	0.00252	0.00302	0.00969	0.00126	0.00116	0.00038	0.00157	0.01022	0.00069	0.04137
10	0.00284	0.00284	0.00397	0.00341	0.00341	0.00397	0.00284	0.00312	0.00199	0.00312	0.00170	0.00284	0.00170	0.00227	0.00426	0.00057	0.95204	0.00114	0.00057	0.00142
11	0.00179	0.00122	0.00152	0.00169	0.00178	0.00117	0.00111	0.00198	0.00237	0.01441	0.02757	0.49196	0.03338	0.32948	0.00333	0.00077	0.00095	0.06211	0.02041	0.00099
12	0.00320	0.03367	0.17651	0.07180	0.46010	0.02345	0.05937	0.03641	0.00305	0.06049	0.01673	0.02551	0.02119	0.00135	0.00129	0.00040	0.00159	0.00124	0.00073	0.00190
13	0.02234	0.02335	0.20043	0.16642	0.03500	0.02110	0.06179	0.04737	0.11947	0.11927	0.09373	0.02038	0.04519	0.01013	0.00137	0.00042	0.00143	0.00811	0.00096	0.00174
14	0.00364	0.00394	0.00372	0.00325	0.00356	0.33229	0.00260	0.04379	0.00279	0.02544	0.00206	0.00293	0.00187	0.02828	0.02839	0.00053	0.50772	0.00106	0.00067	0.00148
15	0.02259	0.00273	0.00412	0.14808	0.43803	0.02051	0.01866	0.01816	0.02918	0.03451	0.02229	0.00384	0.03607	0.01405	0.00140	0.00039	0.02573	0.00906	0.00076	0.14987

[dist]
# distance from previous block
# <min> <max>
0	16

[block]
# block no. 3 follows, 249 sequences, length 26
# corresponding to MSA columns:
# 144-169
name=unknown_D
#
# <colnr> <probs for GDERKNQSTAVLIFYWHMCP>
#	G	D	E	R	K	N	Q	S	T	A	V	L	I	F	Y	W	H	M	C	P
0	0.05239	0.00303	0.00485	0.04575	0.68399	0.01788	0.02850	0.00390	0.01420	0.01014	0.00237	0.00318	0.00201	0.00748	0.00165	0.00042	0.11456	0.00114	0.00065	0.00190
1	0.00347	0.95520	0.00680	0.00222	0.00333	0.00513	0.00222	0.00388	0.00264	0.00305	0.00180	0.00208	0.00166	0.00111	0.00083	0.00028	0.00139	0.00069	0.00055	0.00166
2	0.00277	0.00263	0.00342	0.01517	0.18184	0.07813	0.01490	0.00325	0.02674	0.01481	0.04531	0.04272	0.03654	0.12564	0.07428	0.00070	0.32004	0.00895	0.00075	0.00144
3	0.01269	0.16782	0.00439	0.00307	0.00350	0.01645	0.03233	0.06611	0.02265	0.06508	0.00232	0.00301	0.01400	0.00189	0.00294	0.00047	0.55679	0.00110	0.00573	0.01765
4	0.07107	0.00352	0.00346	0.00277	0.00369	0.10319	0.00225	0.56805	0.09716	0.09075	0.00334	0.00331	0.00240	0.00153	0.00124	0.00039	0.00140	0.00114	0.03731	0.00202
5	0.00278	0.00273	0.02336	0.52675	0.31978	0.01281	0.04322	0.00366	0.01555	0.00986	0.00246	0.00346	0.00194	0.00138	0.01350	0.00044	0.00702	0.00699	0.00062	0.00168
6	0.00236	0.00213	0.00348	0.66841	0.03720	0.00254	0.02468	0.00308	0.01135	0.00328	0.01566	0.04046	0.00266	0.15038	0.01834	0.00059	0.01001	0.00140	0.00066	0.00135
7	0.65252	0.00252	0.00257	0.13751	0.00369	0.00289	0.03105	0.03015	0.01826	0.07611	0.00226	0.00263	0.00169	0.00129	0.00104	0.00041	0.02323	0.00088	0.00780	0.00151
8	0.00160	0.00114	0.00152	0.00182	0.00190	0.00107	0.00123	0.00183	0.00250	0.00333	0.00714	0.92630	0.00855	0.00405	0.00166	0.00053	0.00077	0.03081	0.00120	0.00106
9	0.00197	0.00177	0.01953	0.02454	0.02888	0.00902	0.12968	0.00247	0.01348	0.00359	0.01271	0.43173	0.18284	0.00979	0.01772	0.00053	0.00111	0.10634	0.00107	0.00124
10	0.00761	0.01559	0.02859	0.08821	0.25954	0.03709	0.00984	0.01146	0.03302	0.02875	0.04297	0.31522	0.03335	0.00248	0.00146	0.00046	0.00474	0.07714	0.00096	0.00151
11	0.00211	0.00162	0.00209	0.00240	0.06788	0.01047	0.00172	0.00281	0.07595	0.02610	0.08609	0.27497	0.16220	0.00321	0.00160	0.00050	0.00095	0.27484	0.00119	0.00129
12	0.00212	0.00321	0.31454	0.00239	0.00327	0.01305	0.02449	0.00301	0.00328	0.00462	0.50654	0.00744	0.10246	0.00219	0.00143	0.00041	0.00111	0.00189	0.00109	0.00146
13	0.32879	0.00320	0.00305	0.00246	0.00337	0.05520	0.00201	0.46446	0.00434	0.08829	0.00282	0.00290	0.00203	0.00143	0.00111	0.00039	0.00128	0.00101	0.02999	0.00187
14	0.00294	0.01772	0.00520	0.33437	0.30737	0.00312	0.21957	0.01849	0.02885	0.00933	0.00254	0.00945	0.00201	0.00127	0.00144	0.00042	0.03228	0.00126	0.00066	0.00174
15	0.00214	0.00195	0.00299	0.61497	0.00640	0.00225	0.00269	0.00282	0.00275	0.00345	0.04238	0.00654	0.29969	0.00198	0.00138	0.00043	0.00135	0.00170	0.00081	0.00132
16	0.00260	0.00247	0.00402	0.66851	0.10433	0.00308	0.00347	0.00332	0.00251	0.00336	0.00221	0.00333	0.00177	0.00150	0.00189	0.01399	0.17445	0.00115	0.00058	0.00149
17	0.01238	0.00280	0.00415	0.58986	0.19751	0.06244	0.01184	0.05353	0.00293	0.02402	0.00240	0.00331	0.00185	0.00131	0.00135	0.00042	0.02447	0.00114	0.00066	0.00163
18	0.01597	0.00126	0.01590	0.00184	0.00198	0.00113	0.00129	0.00194	0.00252	0.01282	0.01393	0.87179	0.02322	0.00392	0.00163	0.00052	0.00079	0.02527	0.00119	0.00109
19	0.01423	0.00159	0.00200	0.00202	0.00235	0.00150	0.00145	0.04186	0.03446	0.13666	0.11950	0.60369	0.02653	0.00341	0.00161	0.00051	0.00088	0.00300	0.00134	0.00140
20	0.01586	0.27674	0.02711	0.21704	0.18014	0.08427	0.03619	0.07022	0.02145	0.04899	0.00844	0.00317	0.00212	0.00136	0.00122	0.00039	0.00164	0.00107	0.00076	0.00182
21	0.00203	0.00153	0.00221	0.00218	0.00244	0.00173	0.00168	0.00245	0.00219	0.00317	0.00359	0.00530	0.00337	0.03642	0.88747	0.00202	0.01451	0.00143	0.00075	0.02353
22	0.00193	0.00140	0.00188	0.00200	0.00220	0.00142	0.00144	0.01202	0.00925	0.01198	0.05323	0.48226	0.05009	0.01189	0.33700	0.00110	0.00178	0.01484	0.00109	0.00121
23	0.00319	0.00300	0.02218	0.23099	0.44202	0.03680	0.06135	0.01451	0.01202	0.04319	0.04161	0.00426	0.04422	0.00152	0.00146	0.00044	0.02593	0.00865	0.00079	0.00185
24	0.12004	0.04750	0.03505	0.22201	0.23088	0.06466	0.04001	0.07728	0.07307	0.04255	0.00293	0.01499	0.00981	0.00146	0.00132	0.00043	0.01216	0.00119	0.00084	0.00183
25	0.00326	0.03340	0.04234	0.03262	0.38056	0.08509	0.01741	0.03592	0.15251	0.01110	0.13998	0.00493	0.04228	0.00174	0.00574	0.00043	0.00144	0.00641	0.00096	0.00188

[dist]
# distance from previous block
# <min> <max>
3	7

[block]
# block no. 4 follows, 249 sequences, length 9
# corresponding to MSA columns:
# 177-185
name=unknown_E
#
# <colnr> <probs for GDERKNQSTAVLIFYWHMCP>
#	G	D	E	R	K	N	Q	S	T	A	V	L	I	F	Y	W	H	M	C	P
0	0.07565	0.00260	0.01956	0.46567	0.17318	0.00286	0.00313	0.02278	0.07528	0.05235	0.04658	0.02127	0.00279	0.01855	0.00145	0.00046	0.01203	0.00130	0.00082	0.00169
1	0.00201	0.00146	0.00209	0.00209	0.00232	0.00165	0.00160	0.00243	0.00220	0.00322	0.00366	0.00538	0.00342	0.04880	0.85199	0.00196	0.00325	0.00144	0.05783	0.00121
2	0.01216	0.05711	0.12152	0.21817	0.18105	0.06908	0.06038	0.09660	0.08026	0.01664	0.01926	0.03574	0.01362	0.01125	0.00134	0.00041	0.00160	0.00126	0.00079	0.00176
3	0.01469	0.09897	0.06586	0.01067	0.05275	0.07721	0.03536	0.16920	0.04624	0.15912	0.01409	0.01148	0.00253	0.00193	0.06203	0.00046	0.00152	0.01067	0.00098	0.16425
4	0.02388	0.04807	0.11501	0.00238	0.02546	0.01730	0.02917	0.04359	0.02513	0.05286	0.04435	0.48743	0.07442	0.00291	0.00147	0.00046	0.00106	0.00257	0.00108	0.00139
5	0.00233	0.02675	0.01794	0.02567	0.02621	0.04316	0.02153	0.00339	0.18090	0.02840	0.08543	0.04960	0.42287	0.00263	0.00146	0.00044	0.00096	0.05774	0.00116	0.00141
6	0.04360	0.04458	0.19981	0.00323	0.08412	0.03885	0.04054	0.04707	0.03358	0.39911	0.01419	0.03955	0.00282	0.00153	0.00127	0.00040	0.00140	0.00126	0.00111	0.00197
7	0.01475	0.02627	0.10213	0.22280	0.24426	0.02335	0.01856	0.15175	0.01948	0.07687	0.02876	0.00412	0.00265	0.00149	0.00131	0.00041	0.00153	0.05681	0.00086	0.00183
8	0.00215	0.02636	0.03822	0.00207	0.00239	0.00158	0.01333	0.02359	0.03996	0.06341	0.00656	0.66341	0.04936	0.00343	0.00166	0.00050	0.03241	0.02720	0.00117	0.00127

[dist]
# distance from previous block
# <min> <max>
0	10

# created by:
# /home/simao/soft/augustus-3.0.3/scripts/msa2prfl.pl ./align_prep/COG0184.fa
