[name]
unknown

[dist]
# distance from previous block
# <min> <max>
0	28

[block]
# block no. 0 follows, 255 sequences, length 38
# corresponding to MSA columns:
# 31-68
name=unknown_A
#
# <colnr> <probs for GDERKNQSTAVLIFYWHMCP>
#	G	D	E	R	K	N	Q	S	T	A	V	L	I	F	Y	W	H	M	C	P
0	0.92799	0.00244	0.00191	0.00169	0.00248	0.00281	0.00139	0.00382	0.00222	0.04147	0.00189	0.00215	0.00144	0.00119	0.00080	0.00039	0.00099	0.00071	0.00081	0.00140
1	0.00207	0.00195	0.02995	0.02252	0.00802	0.06031	0.06657	0.00264	0.01036	0.01315	0.40504	0.04846	0.28359	0.00256	0.00150	0.00042	0.01401	0.01966	0.00596	0.00125
2	0.00452	0.00189	0.00252	0.00753	0.00283	0.00166	0.00164	0.00503	0.00351	0.65641	0.18048	0.02011	0.03222	0.00184	0.00130	0.00039	0.00094	0.00153	0.07180	0.00186
3	0.00267	0.00261	0.00361	0.03997	0.00339	0.02064	0.00262	0.00297	0.00200	0.00303	0.00191	0.00307	0.00185	0.00307	0.11430	0.02191	0.76731	0.00113	0.00057	0.00134
4	0.00157	0.00129	0.00138	0.00136	0.00175	0.00110	0.00102	0.00195	0.00305	0.00380	0.22467	0.01159	0.73492	0.00307	0.00150	0.00042	0.00063	0.00259	0.00123	0.00110
5	0.00277	0.00258	0.00366	0.02903	0.14245	0.06428	0.10718	0.04612	0.01566	0.01801	0.00299	0.01053	0.02296	0.12520	0.19149	0.00086	0.21075	0.00134	0.00071	0.00144
6	0.00514	0.00267	0.00321	0.00248	0.00344	0.00267	0.00204	0.37253	0.02179	0.51845	0.02457	0.00395	0.00296	0.00157	0.00127	0.00039	0.00118	0.00125	0.02635	0.00211
7	0.03352	0.00322	0.00340	0.00276	0.00366	0.00362	0.00223	0.57161	0.34980	0.00694	0.00378	0.00363	0.00276	0.00159	0.00126	0.00040	0.00124	0.00124	0.00126	0.00208
8	0.00195	0.00144	0.01306	0.00169	0.01119	0.00140	0.02832	0.01035	0.00199	0.00270	0.00381	0.01358	0.00424	0.76610	0.09791	0.00122	0.00147	0.00174	0.00076	0.03509
9	0.03405	0.00594	0.00354	0.00322	0.00388	0.92138	0.00242	0.00503	0.00355	0.00318	0.00196	0.00228	0.00163	0.00130	0.00113	0.00033	0.00225	0.00081	0.00066	0.00147
10	0.00456	0.13257	0.00400	0.00312	0.00383	0.82444	0.00241	0.00490	0.00346	0.00309	0.00193	0.00225	0.00163	0.00128	0.00110	0.00032	0.00216	0.00080	0.00064	0.00149
11	0.00299	0.00254	0.00270	0.00243	0.00311	0.00289	0.00189	0.02940	0.78918	0.00524	0.07868	0.00553	0.06408	0.00188	0.00132	0.00043	0.00096	0.00157	0.00129	0.00189
12	0.00170	0.00139	0.00154	0.00158	0.01829	0.00652	0.00614	0.00871	0.01224	0.00337	0.01515	0.04101	0.64254	0.14314	0.02275	0.00059	0.00550	0.06569	0.00109	0.00107
13	0.00167	0.00129	0.00152	0.00147	0.00182	0.00114	0.00110	0.00215	0.00328	0.00437	0.54738	0.03057	0.39189	0.00287	0.00150	0.00041	0.00062	0.00248	0.00130	0.00114
14	0.00335	0.00284	0.00321	0.00278	0.00337	0.01302	0.00223	0.16413	0.51876	0.01759	0.00407	0.02537	0.00323	0.00187	0.00193	0.00045	0.21089	0.01792	0.00112	0.00186
15	0.00175	0.00131	0.00149	0.00148	0.00185	0.00114	0.00110	0.00214	0.00303	0.03661	0.25050	0.10148	0.53887	0.02093	0.00160	0.00045	0.00068	0.03120	0.00124	0.00113
16	0.00346	0.00275	0.00294	0.00258	0.00334	0.00312	0.00203	0.07692	0.80783	0.07257	0.00499	0.00458	0.00369	0.00170	0.00129	0.00042	0.00104	0.00140	0.00131	0.00203
17	0.00347	0.90360	0.00648	0.00223	0.00329	0.05733	0.00219	0.00387	0.00263	0.00299	0.00177	0.00205	0.00163	0.00110	0.00083	0.00027	0.00141	0.00069	0.00055	0.00162
18	0.00249	0.00212	0.03790	0.11178	0.02976	0.00195	0.04102	0.04065	0.05870	0.05783	0.05397	0.23325	0.09716	0.00225	0.00142	0.00041	0.02164	0.03222	0.00100	0.17246
19	0.01294	0.03655	0.04474	0.01546	0.03646	0.04180	0.27008	0.18150	0.24064	0.03594	0.01025	0.01107	0.00599	0.00508	0.00723	0.00042	0.02289	0.01813	0.00097	0.00185
20	0.94712	0.00247	0.00190	0.00169	0.00248	0.00287	0.00139	0.02062	0.00223	0.00573	0.00179	0.00208	0.00139	0.00118	0.00079	0.00039	0.00099	0.00070	0.00079	0.00139
21	0.00451	0.03151	0.02081	0.04963	0.09868	0.45724	0.04341	0.02719	0.00344	0.22967	0.00279	0.00299	0.00206	0.00135	0.00126	0.00036	0.01949	0.00101	0.00087	0.00172
22	0.00773	0.00343	0.31012	0.00254	0.00358	0.00221	0.00260	0.01857	0.12316	0.20998	0.27325	0.00539	0.01970	0.00178	0.00132	0.00040	0.00119	0.00149	0.00113	0.01044
23	0.00207	0.00173	0.00198	0.00190	0.00235	0.00175	0.02170	0.00341	0.28763	0.00415	0.11088	0.21162	0.33828	0.00281	0.00146	0.00044	0.00080	0.00243	0.00122	0.00137
24	0.05638	0.00235	0.00258	0.00212	0.00286	0.00241	0.00170	0.33739	0.03402	0.17268	0.03953	0.02378	0.24119	0.01706	0.00682	0.00042	0.00104	0.00164	0.05235	0.00170
25	0.00286	0.00147	0.00198	0.00182	0.00207	0.00147	0.00131	0.06408	0.03391	0.13012	0.05706	0.00429	0.00302	0.00934	0.00368	0.62362	0.00106	0.00122	0.05462	0.00099
26	0.01689	0.00269	0.00943	0.19565	0.08758	0.00281	0.01850	0.28710	0.01501	0.30158	0.01480	0.00945	0.00259	0.01407	0.00134	0.00041	0.00135	0.00688	0.00996	0.00192
27	0.01538	0.00283	0.00310	0.00251	0.00330	0.00308	0.00202	0.54978	0.12766	0.03655	0.17442	0.00468	0.02311	0.00188	0.00144	0.03554	0.00115	0.00142	0.00828	0.00187
28	0.05985	0.00272	0.00315	0.00249	0.00342	0.00281	0.00203	0.32075	0.14718	0.42789	0.00418	0.00383	0.00282	0.00155	0.00124	0.00039	0.00116	0.00122	0.00922	0.00208
29	0.96437	0.00245	0.00186	0.00167	0.00245	0.00285	0.00137	0.00373	0.00216	0.00569	0.00177	0.00206	0.00137	0.00118	0.00079	0.00039	0.00098	0.00069	0.00079	0.00137
30	0.44701	0.00767	0.00289	0.00272	0.08799	0.00290	0.03315	0.08933	0.11316	0.11279	0.02333	0.00327	0.00236	0.00143	0.00121	0.00041	0.04816	0.01757	0.00097	0.00167
31	0.00257	0.00197	0.00262	0.02215	0.03097	0.02275	0.05404	0.11921	0.02097	0.03447	0.11897	0.12010	0.04057	0.00277	0.00155	0.00049	0.00114	0.38484	0.01646	0.00139
32	0.62398	0.00241	0.00232	0.00252	0.12824	0.02978	0.00171	0.00353	0.00255	0.00526	0.15885	0.00373	0.01900	0.00147	0.00100	0.00039	0.00102	0.00995	0.00087	0.00143
33	0.00190	0.00129	0.00154	0.00150	0.00162	0.00127	0.00096	0.00215	0.01450	0.01578	0.28603	0.00843	0.00673	0.60989	0.04045	0.00099	0.00112	0.00195	0.00097	0.00094
34	0.00304	0.00971	0.01969	0.20474	0.68578	0.02252	0.01226	0.01996	0.00288	0.00399	0.00236	0.00316	0.00193	0.00117	0.00125	0.00039	0.00157	0.00112	0.00062	0.00187
35	0.63507	0.00258	0.00242	0.00203	0.00287	0.03633	0.03082	0.02667	0.02418	0.22260	0.00265	0.00272	0.00188	0.00129	0.00096	0.00039	0.00110	0.00088	0.00098	0.00160
36	0.00432	0.25853	0.00452	0.00272	0.00371	0.03972	0.02577	0.51363	0.05539	0.06374	0.00290	0.00299	0.00217	0.01287	0.00121	0.00036	0.00140	0.00105	0.00105	0.00195
37	0.00256	0.00242	0.00409	0.73983	0.20697	0.00287	0.00359	0.00338	0.00260	0.00343	0.00227	0.00332	0.00176	0.00125	0.00131	0.00041	0.01468	0.00113	0.00058	0.00154

[dist]
# distance from previous block
# <min> <max>
0	1

[block]
# block no. 1 follows, 255 sequences, length 18
# corresponding to MSA columns:
# 70-87
name=unknown_B
#
# <colnr> <probs for GDERKNQSTAVLIFYWHMCP>
#	G	D	E	R	K	N	Q	S	T	A	V	L	I	F	Y	W	H	M	C	P
0	0.00296	0.00406	0.27912	0.00649	0.63899	0.00300	0.03916	0.00394	0.00283	0.00411	0.00236	0.00302	0.00189	0.00115	0.00125	0.00039	0.00164	0.00109	0.00060	0.00196
1	0.12792	0.00331	0.00342	0.00282	0.03841	0.06035	0.00222	0.57584	0.00477	0.10544	0.00297	0.00301	0.00212	0.00143	0.00118	0.00037	0.00134	0.00106	0.01037	0.05166
2	0.00383	0.00313	0.00324	0.00273	0.00356	0.02816	0.00217	0.36245	0.56386	0.00627	0.00428	0.00403	0.00316	0.00164	0.00128	0.00041	0.00119	0.00131	0.00127	0.00205
3	0.00282	0.00225	0.00265	0.00190	0.00302	0.00170	0.00153	0.00337	0.00269	0.06104	0.00242	0.00273	0.00196	0.00098	0.00096	0.00020	0.00095	0.00078	0.00080	0.90525
4	0.00188	0.00135	0.00181	0.00180	0.00195	0.00149	0.00128	0.00223	0.03167	0.00282	0.00365	0.00620	0.00371	0.36586	0.54123	0.02534	0.00245	0.00154	0.00073	0.00101
5	0.02365	0.00225	0.00295	0.00229	0.00325	0.00203	0.00188	0.04074	0.05810	0.84135	0.00488	0.00425	0.00311	0.00157	0.00127	0.00039	0.00109	0.00127	0.00153	0.00214
6	0.02892	0.00221	0.00295	0.00227	0.00324	0.00196	0.00187	0.03738	0.00367	0.89413	0.00486	0.00422	0.00307	0.00156	0.00126	0.00039	0.00109	0.00126	0.00154	0.00214
7	0.04200	0.00263	0.00504	0.00394	0.00482	0.00254	0.51930	0.00362	0.04426	0.00408	0.00436	0.00734	0.03356	0.00198	0.00154	0.00048	0.00167	0.31445	0.00087	0.00151
8	0.00229	0.00202	0.02199	0.01280	0.03093	0.01505	0.17589	0.02744	0.02271	0.02369	0.25461	0.16310	0.07698	0.00252	0.00150	0.00045	0.00112	0.13912	0.02443	0.00136
9	0.00500	0.00209	0.00278	0.00223	0.00310	0.00187	0.00184	0.00571	0.06543	0.75465	0.03680	0.00543	0.02011	0.00179	0.00132	0.00041	0.00105	0.07322	0.01315	0.00201
10	0.01804	0.00222	0.00291	0.00226	0.00320	0.00201	0.00186	0.08246	0.01259	0.78887	0.04181	0.01774	0.01468	0.00166	0.00129	0.00039	0.00107	0.00135	0.00152	0.00208
11	0.02389	0.08416	0.42317	0.01601	0.03449	0.01937	0.16087	0.01278	0.06228	0.04092	0.00307	0.03154	0.02064	0.02508	0.01488	0.00045	0.00169	0.02227	0.00071	0.00174
12	0.01657	0.22092	0.02583	0.19712	0.12408	0.04501	0.07264	0.06399	0.05023	0.10862	0.02438	0.00359	0.00717	0.00137	0.00121	0.00038	0.00763	0.02673	0.00081	0.00172
13	0.00412	0.00179	0.00237	0.00196	0.00266	0.00158	0.00156	0.00462	0.00345	0.56553	0.22749	0.06089	0.05045	0.00202	0.00133	0.00040	0.00089	0.00171	0.06343	0.00175
14	0.12804	0.00222	0.00276	0.00220	0.00309	0.00208	0.00181	0.06546	0.01226	0.67355	0.04128	0.01918	0.00343	0.00166	0.00124	0.00040	0.00107	0.03488	0.00142	0.00197
15	0.00332	0.08553	0.16517	0.12023	0.28715	0.03274	0.09726	0.02358	0.03309	0.11801	0.01103	0.01246	0.00220	0.00128	0.00124	0.00039	0.00158	0.00115	0.00076	0.00184
16	0.01626	0.05891	0.07150	0.09303	0.24505	0.01105	0.03676	0.02218	0.05094	0.15213	0.06941	0.08184	0.06584	0.00176	0.00130	0.00040	0.00128	0.01770	0.00095	0.00171
17	0.00448	0.00190	0.00250	0.00205	0.00280	0.00169	0.00165	0.02575	0.00346	0.63226	0.09738	0.08907	0.02460	0.00194	0.00131	0.00040	0.00096	0.01716	0.08680	0.00184

[dist]
# distance from previous block
# <min> <max>
3	4

[block]
# block no. 2 follows, 255 sequences, length 11
# corresponding to MSA columns:
# 93-103
name=unknown_C
#
# <colnr> <probs for GDERKNQSTAVLIFYWHMCP>
#	G	D	E	R	K	N	Q	S	T	A	V	L	I	F	Y	W	H	M	C	P
0	0.85901	0.02949	0.03902	0.00183	0.00266	0.04331	0.00157	0.00380	0.00225	0.00544	0.00179	0.00209	0.00140	0.00118	0.00082	0.00039	0.00108	0.00070	0.00076	0.00140
1	0.00174	0.00131	0.00164	0.00179	0.00207	0.00122	0.00141	0.00216	0.00287	0.00369	0.11625	0.19993	0.30379	0.02371	0.00172	0.00051	0.00085	0.33105	0.00119	0.00111
2	0.02615	0.01776	0.02362	0.23966	0.31873	0.05811	0.02788	0.00416	0.13888	0.03355	0.05864	0.00388	0.00283	0.00142	0.00135	0.00040	0.02757	0.01289	0.00079	0.00173
3	0.07459	0.04395	0.06731	0.04441	0.10772	0.13120	0.04008	0.11499	0.14760	0.16189	0.01351	0.00357	0.02012	0.00153	0.01193	0.00041	0.01122	0.00115	0.00098	0.00183
4	0.00168	0.00122	0.00156	0.00164	0.00186	0.00112	0.00118	0.00210	0.00302	0.00414	0.43123	0.39072	0.10542	0.00321	0.00154	0.00045	0.00067	0.02362	0.02250	0.00112
5	0.02213	0.13023	0.31232	0.00337	0.06702	0.02105	0.01668	0.03783	0.01216	0.08245	0.00275	0.00318	0.03870	0.00157	0.00192	0.00042	0.24274	0.00107	0.00070	0.00171
6	0.00182	0.00134	0.00162	0.00155	0.00191	0.00122	0.00117	0.00240	0.02659	0.01967	0.57280	0.02666	0.29062	0.00277	0.00149	0.00041	0.00065	0.02492	0.01922	0.00119
7	0.00956	0.00256	0.08312	0.16328	0.22982	0.01368	0.01164	0.02900	0.03314	0.01087	0.01164	0.03071	0.01606	0.13739	0.09723	0.00853	0.03026	0.06895	0.01108	0.00148
8	0.00172	0.00127	0.00161	0.00160	0.00188	0.00116	0.00118	0.00223	0.00330	0.00454	0.64789	0.14733	0.14795	0.00291	0.00152	0.00043	0.00064	0.02836	0.00133	0.00115
9	0.01555	0.00283	0.00445	0.29013	0.46287	0.01916	0.03202	0.07691	0.03189	0.01843	0.00254	0.00328	0.00200	0.00125	0.00129	0.00039	0.01357	0.00114	0.01851	0.00179
10	0.70028	0.00237	0.00216	0.00183	0.00267	0.00258	0.00151	0.00441	0.00256	0.26538	0.00266	0.00268	0.00186	0.00129	0.00092	0.00039	0.00101	0.00085	0.00100	0.00159

[dist]
# distance from previous block
# <min> <max>
0	9

[block]
# block no. 3 follows, 255 sequences, length 15
# corresponding to MSA columns:
# 113-127
name=unknown_D
#
# <colnr> <probs for GDERKNQSTAVLIFYWHMCP>
#	G	D	E	R	K	N	Q	S	T	A	V	L	I	F	Y	W	H	M	C	P
0	0.00293	0.00241	0.00280	0.00208	0.00312	0.00207	0.00167	0.07504	0.07931	0.03093	0.00261	0.00289	0.00209	0.00111	0.00112	0.00024	0.03631	0.00086	0.00085	0.74957
1	0.90455	0.00268	0.00197	0.00177	0.00255	0.06191	0.00144	0.00381	0.00225	0.00553	0.00178	0.00208	0.00139	0.00119	0.00081	0.00039	0.00106	0.00070	0.00078	0.00138
2	0.00379	0.00278	0.00310	0.03959	0.00356	0.03885	0.00195	0.31378	0.00391	0.13118	0.00324	0.00334	0.03524	0.00132	0.00113	0.00030	0.00118	0.00104	0.00104	0.40967
3	0.83950	0.00245	0.00213	0.00184	0.00263	0.00278	0.04472	0.02378	0.00233	0.00553	0.00252	0.00278	0.06036	0.00131	0.00087	0.00040	0.00102	0.00086	0.00081	0.00139
4	0.02393	0.00226	0.00365	0.74013	0.04451	0.00266	0.00321	0.00371	0.00271	0.14301	0.00268	0.00350	0.00193	0.00131	0.00125	0.00041	0.00156	0.00114	0.01489	0.00154
5	0.02045	0.15637	0.62587	0.00357	0.00520	0.00334	0.13400	0.02992	0.00279	0.00400	0.00225	0.00268	0.00167	0.00118	0.00118	0.00038	0.00180	0.00098	0.00058	0.00181
6	0.03522	0.00291	0.00336	0.00265	0.00359	0.00306	0.02280	0.44410	0.14451	0.25125	0.00393	0.00401	0.00282	0.00160	0.00127	0.00039	0.00124	0.03599	0.00130	0.03400
7	0.00540	0.00224	0.00294	0.00229	0.00324	0.00203	0.00188	0.03962	0.07776	0.82365	0.00493	0.00431	0.00317	0.00158	0.00127	0.00039	0.00108	0.00128	0.01882	0.00213
8	0.00177	0.00129	0.00149	0.00152	0.00187	0.00113	0.00112	0.00213	0.00294	0.04672	0.16480	0.21804	0.51458	0.00321	0.00152	0.00045	0.00069	0.03235	0.00123	0.00114
9	0.00245	0.00230	0.00385	0.88322	0.05535	0.00284	0.00351	0.00336	0.02450	0.00333	0.00233	0.00340	0.00176	0.00127	0.00127	0.00042	0.00167	0.00113	0.00058	0.00145
10	0.02400	0.00256	0.01821	0.00246	0.00343	0.00244	0.01210	0.19192	0.09087	0.61388	0.00453	0.00421	0.00302	0.00159	0.00128	0.00040	0.00116	0.01843	0.00144	0.00210
11	0.00159	0.00116	0.00146	0.00167	0.00181	0.00108	0.00114	0.00184	0.00252	0.00330	0.04820	0.64941	0.15857	0.08761	0.00203	0.00056	0.00077	0.03310	0.00115	0.00103
12	0.07504	0.00305	0.00422	0.07075	0.00449	0.12474	0.27067	0.05110	0.01804	0.21373	0.03332	0.00404	0.02911	0.05082	0.00169	0.00045	0.04084	0.00132	0.00094	0.00166
13	0.06818	0.00311	0.03336	0.17763	0.00440	0.16712	0.00235	0.06952	0.04971	0.38183	0.01314	0.00370	0.01739	0.00147	0.00122	0.00039	0.00143	0.00115	0.00110	0.00181
14	0.01480	0.00243	0.02160	0.01519	0.01041	0.00232	0.06028	0.20054	0.03389	0.38886	0.08297	0.04978	0.03977	0.00188	0.00134	0.00041	0.00116	0.05346	0.01705	0.00186

[dist]
# distance from previous block
# <min> <max>
0	1

[block]
# block no. 4 follows, 255 sequences, length 16
# corresponding to MSA columns:
# 129-144
name=unknown_E
#
# <colnr> <probs for GDERKNQSTAVLIFYWHMCP>
#	G	D	E	R	K	N	Q	S	T	A	V	L	I	F	Y	W	H	M	C	P
0	0.85433	0.02515	0.00214	0.00182	0.00261	0.06811	0.00149	0.02480	0.00235	0.00550	0.00181	0.00210	0.00142	0.00119	0.00082	0.00038	0.00109	0.00071	0.00078	0.00140
1	0.00171	0.00123	0.00152	0.00167	0.00182	0.00118	0.00116	0.00194	0.00240	0.00313	0.01977	0.35571	0.15336	0.27470	0.04765	0.00078	0.00104	0.12720	0.00104	0.00099
2	0.00287	0.01062	0.25934	0.14773	0.26184	0.06918	0.02328	0.02561	0.05196	0.01030	0.05482	0.00966	0.03564	0.00145	0.00132	0.00040	0.01590	0.01562	0.00072	0.00173
3	0.00162	0.00129	0.00146	0.00141	0.00179	0.00112	0.00106	0.00206	0.00318	0.00412	0.40031	0.01108	0.55909	0.00296	0.00150	0.00042	0.00062	0.00252	0.00127	0.00112
4	0.25571	0.01869	0.00268	0.03838	0.02624	0.03909	0.00840	0.05812	0.36984	0.02205	0.04719	0.06288	0.03394	0.00174	0.00118	0.00041	0.00108	0.00964	0.00107	0.00167
5	0.00364	0.00323	0.07409	0.19547	0.01710	0.09192	0.01766	0.28940	0.03207	0.09211	0.03628	0.04360	0.01133	0.02381	0.00155	0.01729	0.02641	0.01505	0.00098	0.00702
6	0.00152	0.00128	0.00131	0.00131	0.00172	0.00108	0.00097	0.00183	0.00287	0.00344	0.03724	0.04528	0.86611	0.02639	0.00162	0.00045	0.00066	0.00268	0.00117	0.00107
7	0.00289	0.00370	0.24075	0.19908	0.13304	0.04222	0.05723	0.07549	0.10690	0.01542	0.03003	0.03252	0.03042	0.00157	0.00769	0.00042	0.00157	0.01654	0.00079	0.00173
8	0.00335	0.90638	0.05605	0.00225	0.00337	0.00491	0.00230	0.00381	0.00258	0.00304	0.00179	0.00207	0.00163	0.00109	0.00083	0.00028	0.00138	0.00069	0.00054	0.00164
9	0.00204	0.02398	0.01301	0.01665	0.02672	0.00152	0.00143	0.00283	0.06633	0.02346	0.70700	0.01760	0.06459	0.00246	0.00145	0.00040	0.00072	0.01803	0.00848	0.00130
10	0.00329	0.00279	0.00294	0.00261	0.00335	0.00322	0.00204	0.08053	0.87120	0.00552	0.00500	0.00460	0.00374	0.00171	0.00129	0.00043	0.00104	0.00141	0.00129	0.00202
11	0.03352	0.00232	0.00269	0.00202	0.01925	0.00184	0.00158	0.03162	0.01616	0.01902	0.00235	0.00269	0.00192	0.00099	0.00096	0.00021	0.00097	0.00079	0.00079	0.85831
12	0.00173	0.00143	0.00176	0.00168	0.00209	0.00129	0.04232	0.01242	0.03047	0.00388	0.19611	0.13148	0.52637	0.00304	0.00152	0.00044	0.00075	0.03885	0.00120	0.00116
13	0.00293	0.00225	0.00266	0.00192	0.00303	0.00171	0.00154	0.00349	0.00273	0.09769	0.00253	0.00280	0.00200	0.00100	0.00097	0.00021	0.00095	0.00080	0.00083	0.86795
14	0.00294	0.00280	0.00377	0.00321	0.00333	0.00379	0.00266	0.08813	0.03249	0.00355	0.00197	0.00303	0.00187	0.03118	0.00388	0.00056	0.80759	0.00115	0.00065	0.00146
15	0.00446	0.20666	0.00424	0.00304	0.00378	0.75072	0.00239	0.00480	0.00338	0.00308	0.00192	0.00223	0.00163	0.00126	0.00107	0.00032	0.00209	0.00079	0.00063	0.00150

[dist]
# distance from previous block
# <min> <max>
0	13

# created by:
# /home/simao/soft/augustus-3.0.3/scripts/msa2prfl.pl ./align_prep/COG0100.fa
