[name]
unknown

[dist]
# distance from previous block
# <min> <max>
3	10

[block]
# block no. 0 follows, 240 sequences, length 8
# corresponding to MSA columns:
# 10-17
name=unknown_A
#
# <colnr> <probs for GDERKNQSTAVLIFYWHMCP>
#	G	D	E	R	K	N	Q	S	T	A	V	L	I	F	Y	W	H	M	C	P
0	0.06183	0.00290	0.00410	0.40756	0.23075	0.05598	0.02158	0.07978	0.01767	0.04714	0.00325	0.00393	0.05494	0.00146	0.00132	0.00042	0.00161	0.00126	0.00079	0.00174
1	0.00172	0.00125	0.00157	0.00177	0.00192	0.00116	0.00121	0.00200	0.00270	0.00358	0.10295	0.57541	0.12548	0.12222	0.00233	0.00062	0.00084	0.04898	0.00121	0.00109
2	0.09082	0.06143	0.10764	0.08186	0.05823	0.05588	0.09045	0.18755	0.10364	0.06022	0.00326	0.02075	0.00258	0.00174	0.02105	0.00046	0.01593	0.03368	0.00096	0.00187
3	0.12440	0.06936	0.03927	0.13238	0.17328	0.09723	0.04197	0.13007	0.02825	0.08804	0.01740	0.01273	0.01148	0.01387	0.00136	0.00042	0.01459	0.00117	0.00089	0.00183
4	0.00382	0.00223	0.00270	0.00227	0.00298	0.02367	0.02341	0.07531	0.13712	0.32978	0.16739	0.04702	0.11947	0.05450	0.00174	0.00048	0.00106	0.00186	0.00140	0.00179
5	0.00191	0.00139	0.00176	0.02181	0.02146	0.00135	0.00132	0.00224	0.02223	0.00353	0.11458	0.29793	0.11325	0.26315	0.00321	0.03689	0.00099	0.08882	0.00111	0.00109
6	0.03186	0.06377	0.03897	0.14556	0.31187	0.11539	0.06608	0.08430	0.04636	0.02138	0.00263	0.00326	0.00210	0.00154	0.02111	0.00044	0.03961	0.00115	0.00076	0.00186
7	0.07178	0.02890	0.02478	0.09283	0.39101	0.08622	0.03285	0.09737	0.05241	0.02146	0.01454	0.01544	0.01461	0.01122	0.01837	0.00045	0.02184	0.00123	0.00082	0.00188

[dist]
# distance from previous block
# <min> <max>
0	5

[block]
# block no. 1 follows, 240 sequences, length 40
# corresponding to MSA columns:
# 23-62
name=unknown_B
#
# <colnr> <probs for GDERKNQSTAVLIFYWHMCP>
#	G	D	E	R	K	N	Q	S	T	A	V	L	I	F	Y	W	H	M	C	P
0	0.35573	0.03322	0.00324	0.05946	0.04561	0.01559	0.03471	0.11956	0.17663	0.09556	0.01474	0.00336	0.00246	0.00146	0.00117	0.00041	0.00963	0.00110	0.00104	0.02532
1	0.01369	0.03233	0.01822	0.22150	0.14563	0.01642	0.02205	0.03356	0.10072	0.06602	0.07189	0.09057	0.09929	0.02009	0.03105	0.00051	0.00139	0.01245	0.00099	0.00164
2	0.00204	0.04888	0.00196	0.00178	0.00215	0.00151	0.00132	0.01481	0.04046	0.03932	0.11864	0.39695	0.30368	0.00337	0.00158	0.00048	0.00080	0.00959	0.00126	0.00942
3	0.02440	0.19717	0.02056	0.01005	0.00363	0.11789	0.00228	0.17224	0.34236	0.00509	0.00958	0.00379	0.00290	0.01727	0.06456	0.00052	0.00157	0.00120	0.00104	0.00189
4	0.00756	0.09980	0.64031	0.01718	0.05733	0.04098	0.02273	0.02559	0.01794	0.01805	0.01707	0.00298	0.00198	0.00130	0.00126	0.00040	0.00625	0.00102	0.00065	0.01961
5	0.02484	0.12856	0.23713	0.03594	0.14661	0.01300	0.03833	0.04269	0.05991	0.15720	0.06285	0.00404	0.02871	0.00161	0.01253	0.00042	0.00153	0.00125	0.00093	0.00192
6	0.01891	0.25924	0.03516	0.00276	0.00363	0.28486	0.02503	0.03944	0.07793	0.10320	0.09672	0.03599	0.00345	0.00660	0.00124	0.00037	0.00160	0.00122	0.00094	0.00172
7	0.00179	0.00138	0.00162	0.00160	0.00194	0.00124	0.00118	0.00230	0.01989	0.00439	0.42670	0.09050	0.37434	0.04385	0.00182	0.00049	0.00071	0.02173	0.00133	0.00119
8	0.02069	0.21849	0.12369	0.04879	0.19439	0.12954	0.10989	0.03583	0.02174	0.06676	0.00267	0.01287	0.00624	0.00132	0.00123	0.00038	0.00174	0.00111	0.00075	0.00186
9	0.02494	0.17199	0.36154	0.00318	0.02299	0.02298	0.04061	0.04056	0.05839	0.15586	0.02124	0.04250	0.01728	0.00154	0.00128	0.00041	0.00866	0.00123	0.00089	0.00191
10	0.02773	0.00191	0.00234	0.00215	0.00270	0.00189	0.00169	0.02858	0.14363	0.24438	0.10102	0.12156	0.06009	0.06944	0.01311	0.00055	0.00105	0.13711	0.03744	0.00162
11	0.00201	0.00142	0.00181	0.00195	0.00220	0.00136	0.00144	0.03164	0.02480	0.02686	0.15368	0.49572	0.09842	0.00361	0.00167	0.00052	0.00085	0.13975	0.00907	0.00123
12	0.00826	0.05230	0.03938	0.43588	0.35411	0.03556	0.02841	0.01782	0.00293	0.00390	0.00241	0.00333	0.00192	0.00128	0.00133	0.00042	0.00719	0.00116	0.00064	0.00178
13	0.01827	0.18722	0.63246	0.00344	0.01800	0.01531	0.01940	0.02376	0.00293	0.02561	0.00283	0.00316	0.03929	0.00135	0.00121	0.00040	0.00179	0.00103	0.00065	0.00190
14	0.00174	0.00135	0.00157	0.00155	0.00189	0.00119	0.00114	0.00218	0.00329	0.00433	0.41480	0.09270	0.42301	0.04107	0.00180	0.00048	0.00069	0.00271	0.00133	0.00117
15	0.01938	0.00252	0.01467	0.43514	0.09215	0.00269	0.16805	0.00365	0.01905	0.03227	0.03325	0.00464	0.07549	0.00153	0.00136	0.00043	0.00158	0.00143	0.08913	0.00159
16	0.04089	0.00226	0.00309	0.29769	0.05648	0.03546	0.02951	0.01736	0.08964	0.02828	0.07407	0.16986	0.05891	0.00232	0.00147	0.00047	0.00132	0.08844	0.00100	0.00150
17	0.00554	0.00245	0.01374	0.00244	0.00344	0.00221	0.00202	0.10210	0.03396	0.74854	0.05278	0.00481	0.01611	0.00173	0.00136	0.00042	0.00115	0.00141	0.00159	0.00221
18	0.00165	0.00118	0.00156	0.00187	0.00195	0.00110	0.00125	0.00188	0.00256	0.00342	0.00733	0.92130	0.00878	0.02232	0.00181	0.00056	0.00079	0.01636	0.00124	0.00109
19	0.00174	0.00148	0.03926	0.00189	0.00212	0.00124	0.00138	0.01826	0.00276	0.00364	0.03831	0.73165	0.14354	0.00388	0.00167	0.00052	0.00082	0.00347	0.00123	0.00116
20	0.01562	0.09229	0.56068	0.00399	0.08010	0.00805	0.08525	0.04848	0.00307	0.05017	0.00275	0.03869	0.00214	0.00139	0.00129	0.00042	0.00181	0.00116	0.00070	0.00194
21	0.00579	0.00267	0.00330	0.00255	0.00358	0.02734	0.00210	0.17631	0.01607	0.73830	0.00483	0.00427	0.00310	0.00165	0.00134	0.00041	0.00124	0.00131	0.00157	0.00226
22	0.00359	0.95365	0.00703	0.00230	0.00344	0.00531	0.00230	0.00402	0.00273	0.00316	0.00187	0.00215	0.00172	0.00115	0.00086	0.00029	0.00144	0.00072	0.00057	0.00172
23	0.00189	0.00137	0.00178	0.00168	0.00200	0.00126	0.00126	0.00251	0.00377	0.00532	0.90875	0.01013	0.04771	0.00277	0.00158	0.00042	0.00063	0.00244	0.00147	0.00126
24	0.00498	0.03618	0.01014	0.00308	0.00392	0.48650	0.01473	0.09642	0.00388	0.23444	0.00298	0.00307	0.00219	0.00148	0.00138	0.00037	0.04202	0.00103	0.00099	0.05021
25	0.00194	0.00133	0.00172	0.00179	0.00202	0.00126	0.00128	0.00231	0.00290	0.04144	0.25134	0.37069	0.10363	0.09400	0.09911	0.00074	0.00109	0.01899	0.00123	0.00118
26	0.03719	0.05870	0.01883	0.12615	0.29013	0.01341	0.05251	0.09764	0.01846	0.02571	0.01619	0.01699	0.00236	0.00132	0.00125	0.00037	0.00565	0.00938	0.00081	0.20695
27	0.00196	0.00144	0.00187	0.00186	0.00215	0.00139	0.00957	0.00267	0.06552	0.01360	0.52432	0.29024	0.03607	0.00339	0.03721	0.00053	0.00084	0.00274	0.00136	0.00128
28	0.00220	0.00147	0.00188	0.00176	0.00214	0.00136	0.00133	0.00287	0.03136	0.07452	0.71132	0.08270	0.07434	0.00279	0.00157	0.00043	0.00070	0.00246	0.00145	0.00134
29	0.01167	0.01965	0.05825	0.17055	0.45581	0.00289	0.04029	0.04331	0.00305	0.01727	0.00339	0.06681	0.02619	0.03589	0.00158	0.00046	0.00156	0.03878	0.00077	0.00181
30	0.03163	0.22559	0.14465	0.04252	0.11217	0.05234	0.13966	0.14288	0.02452	0.02586	0.00261	0.00302	0.00594	0.00129	0.00122	0.00038	0.00168	0.00108	0.00078	0.04017
31	0.00189	0.00130	0.00158	0.00167	0.00177	0.00126	0.00109	0.00206	0.00239	0.00887	0.06725	0.26386	0.04204	0.51295	0.00445	0.00094	0.00109	0.08154	0.00103	0.00097
32	0.00257	0.00222	0.00284	0.17773	0.04559	0.01886	0.02789	0.07959	0.15256	0.00468	0.18805	0.02349	0.25356	0.00232	0.00147	0.00044	0.00112	0.01232	0.00115	0.00155
33	0.04118	0.07048	0.19321	0.02099	0.20973	0.11131	0.02721	0.11680	0.02733	0.14968	0.01377	0.00330	0.00230	0.00139	0.00128	0.00040	0.00560	0.00112	0.00091	0.00199
34	0.01515	0.04801	0.05461	0.18108	0.12371	0.22887	0.08179	0.10850	0.03780	0.03234	0.00999	0.01796	0.02147	0.00148	0.00140	0.00041	0.02878	0.00121	0.00369	0.00177
35	0.00186	0.00141	0.00167	0.00162	0.00201	0.00126	0.00123	0.00240	0.01542	0.01868	0.46775	0.02472	0.39946	0.00306	0.00159	0.00045	0.00070	0.05212	0.00137	0.00123
36	0.01032	0.00324	0.07761	0.20378	0.50160	0.00309	0.03396	0.03663	0.06153	0.00946	0.01855	0.00813	0.02340	0.00138	0.00135	0.00042	0.00160	0.00128	0.00075	0.00193
37	0.00729	0.06647	0.42427	0.03055	0.11530	0.05147	0.05466	0.08368	0.06264	0.05402	0.00957	0.01223	0.00223	0.00591	0.00662	0.00042	0.00176	0.00114	0.00078	0.00897
38	0.00602	0.00738	0.03168	0.34281	0.33357	0.04981	0.06269	0.03142	0.02177	0.05036	0.01252	0.01045	0.01869	0.00139	0.00139	0.00042	0.01381	0.00127	0.00074	0.00181
39	0.00423	0.00203	0.00255	0.00212	0.00288	0.00185	0.00168	0.06398	0.03599	0.49589	0.07988	0.07813	0.19221	0.01401	0.00150	0.00044	0.00100	0.00192	0.01586	0.00185

[dist]
# distance from previous block
# <min> <max>
0	4

[block]
# block no. 2 follows, 240 sequences, length 8
# corresponding to MSA columns:
# 67-74
name=unknown_C
#
# <colnr> <probs for GDERKNQSTAVLIFYWHMCP>
#	G	D	E	R	K	N	Q	S	T	A	V	L	I	F	Y	W	H	M	C	P
0	0.01176	0.05096	0.05062	0.03489	0.03352	0.05634	0.01446	0.02105	0.03928	0.05273	0.16000	0.27454	0.14757	0.02123	0.00163	0.00047	0.01042	0.01594	0.00114	0.00142
1	0.52934	0.03900	0.06158	0.00273	0.10074	0.02547	0.00206	0.07833	0.01683	0.00542	0.01847	0.05375	0.02121	0.03852	0.00128	0.00045	0.00122	0.00113	0.00087	0.00159
2	0.01445	0.07833	0.30086	0.03362	0.05838	0.05598	0.13596	0.06320	0.04521	0.09981	0.02272	0.01957	0.03162	0.00151	0.00143	0.00042	0.03292	0.00128	0.00085	0.00188
3	0.01431	0.07417	0.42746	0.03392	0.10124	0.04476	0.02242	0.03086	0.04604	0.07399	0.01670	0.01621	0.03328	0.00165	0.02390	0.00045	0.00172	0.00118	0.00078	0.03495
4	0.00237	0.03321	0.03028	0.01523	0.01640	0.01944	0.01986	0.01790	0.02192	0.03711	0.44316	0.06774	0.10788	0.00253	0.00149	0.00042	0.00092	0.06648	0.00125	0.09440
5	0.03504	0.03203	0.04661	0.00237	0.01115	0.05751	0.02995	0.07292	0.03774	0.10238	0.07029	0.13349	0.12969	0.01226	0.00149	0.01602	0.00116	0.04382	0.00110	0.16300
6	0.06134	0.02554	0.05235	0.05384	0.22191	0.04162	0.07139	0.10209	0.08468	0.12470	0.00350	0.01671	0.01310	0.00180	0.03242	0.00047	0.00155	0.03344	0.00097	0.05659
7	0.33779	0.00325	0.04117	0.00267	0.02905	0.06097	0.01320	0.26004	0.02881	0.12296	0.01686	0.00320	0.00230	0.00164	0.01872	0.00044	0.02324	0.00106	0.03079	0.00184

[dist]
# distance from previous block
# <min> <max>
0	11

[block]
# block no. 3 follows, 240 sequences, length 19
# corresponding to MSA columns:
# 86-104
name=unknown_D
#
# <colnr> <probs for GDERKNQSTAVLIFYWHMCP>
#	G	D	E	R	K	N	Q	S	T	A	V	L	I	F	Y	W	H	M	C	P
0	0.00412	0.04360	0.02084	0.02087	0.04145	0.25277	0.03988	0.21024	0.24927	0.03074	0.00376	0.03464	0.02199	0.00165	0.00131	0.00040	0.00161	0.00130	0.00106	0.01852
1	0.01161	0.00264	0.01401	0.04458	0.15258	0.01163	0.00220	0.02967	0.05066	0.02637	0.00277	0.02847	0.00232	0.00123	0.00117	0.00029	0.01352	0.00103	0.00084	0.60243
2	0.35416	0.05434	0.02032	0.19728	0.11837	0.00308	0.05973	0.01965	0.02010	0.09515	0.00259	0.00315	0.00198	0.00134	0.00119	0.00042	0.01680	0.01025	0.00083	0.01928
3	0.00320	0.08263	0.12268	0.04695	0.12361	0.01076	0.51577	0.01812	0.00310	0.02146	0.00269	0.01840	0.00210	0.00123	0.00142	0.00042	0.00197	0.00138	0.00069	0.02141
4	0.00295	0.00269	0.07753	0.01556	0.01408	0.00243	0.22133	0.02001	0.02814	0.10731	0.05031	0.07906	0.04746	0.01750	0.03647	0.04206	0.08812	0.14445	0.00099	0.00157
5	0.00181	0.00132	0.00159	0.00162	0.00184	0.00123	0.00113	0.00214	0.00290	0.00385	0.28527	0.16389	0.21540	0.26300	0.00305	0.00070	0.00088	0.04609	0.00120	0.00108
6	0.01964	0.00188	0.01769	0.00238	0.01138	0.00167	0.15973	0.00268	0.01336	0.01103	0.26488	0.10320	0.36311	0.00280	0.00158	0.00045	0.00100	0.01901	0.00119	0.00133
7	0.05523	0.00317	0.00499	0.07361	0.63619	0.01822	0.04406	0.06964	0.02654	0.00464	0.00259	0.00332	0.00212	0.00140	0.01258	0.00043	0.03736	0.00119	0.00073	0.00200
8	0.00235	0.00158	0.00181	0.00174	0.01627	0.00142	0.00129	0.00294	0.05137	0.12657	0.13718	0.04542	0.54723	0.02048	0.01678	0.00049	0.00083	0.00246	0.02043	0.00136
9	0.00188	0.00137	0.00174	0.00169	0.00200	0.00127	0.00126	0.00248	0.01211	0.00501	0.72962	0.06554	0.11279	0.01137	0.00163	0.00044	0.00067	0.02906	0.01681	0.00124
10	0.00288	0.01273	0.02474	0.06084	0.09396	0.11306	0.09108	0.01482	0.00262	0.00347	0.02629	0.00457	0.00289	0.16363	0.16286	0.00089	0.21514	0.00138	0.00071	0.00144
11	0.01055	0.32653	0.29074	0.03841	0.10921	0.05726	0.06153	0.02791	0.01936	0.01678	0.00233	0.00278	0.00186	0.00128	0.00125	0.00038	0.02838	0.00098	0.00065	0.00185
12	0.03295	0.00608	0.75486	0.01239	0.00538	0.01705	0.02468	0.00439	0.01796	0.06446	0.00268	0.00305	0.00190	0.00133	0.00130	0.00042	0.01414	0.00104	0.03198	0.00194
13	0.00165	0.00119	0.00157	0.00187	0.00198	0.00111	0.00127	0.00191	0.00261	0.00346	0.00761	0.88049	0.04245	0.00416	0.00171	0.00054	0.00079	0.04128	0.00125	0.00110
14	0.00860	0.00219	0.07821	0.00222	0.03582	0.00185	0.00178	0.03547	0.12025	0.04483	0.34637	0.03717	0.21961	0.00251	0.00148	0.00043	0.00090	0.01115	0.04767	0.00150
15	0.01800	0.05688	0.13180	0.07119	0.27074	0.09756	0.04521	0.07788	0.01187	0.17266	0.00309	0.00881	0.00812	0.00872	0.00137	0.00041	0.01164	0.00118	0.00089	0.00197
16	0.00232	0.00153	0.00193	0.00194	0.00229	0.00143	0.01198	0.01894	0.04469	0.10150	0.12018	0.38139	0.19244	0.03558	0.00180	0.00052	0.00087	0.07605	0.00130	0.00132
17	0.00184	0.00132	0.00177	0.00200	0.00219	0.00126	0.00151	0.00225	0.00290	0.00386	0.13944	0.47087	0.03994	0.03305	0.00189	0.00057	0.00091	0.29001	0.00126	0.00115
18	0.67065	0.15211	0.01815	0.01410	0.02658	0.00341	0.00182	0.05411	0.01363	0.02371	0.00213	0.00248	0.00169	0.00129	0.00091	0.00040	0.00117	0.00925	0.00083	0.00159

[dist]
# distance from previous block
# <min> <max>
7	33

[block]
# block no. 4 follows, 240 sequences, length 27
# corresponding to MSA columns:
# 166-192
name=unknown_E
#
# <colnr> <probs for GDERKNQSTAVLIFYWHMCP>
#	G	D	E	R	K	N	Q	S	T	A	V	L	I	F	Y	W	H	M	C	P
0	0.00296	0.00266	0.02542	0.01967	0.02815	0.02504	0.04177	0.04498	0.02102	0.02029	0.01344	0.03142	0.01665	0.01104	0.00117	0.00027	0.00115	0.00104	0.00085	0.69102
1	0.01384	0.00314	0.00334	0.00279	0.00357	0.15758	0.06767	0.10605	0.20441	0.20837	0.11552	0.01724	0.02091	0.01822	0.03521	0.01612	0.00147	0.00150	0.00123	0.00184
2	0.01198	0.00178	0.00220	0.00951	0.06264	0.01588	0.00155	0.00775	0.06816	0.02550	0.54297	0.00876	0.15406	0.00258	0.01256	0.00043	0.00084	0.00215	0.00811	0.06060
3	0.00168	0.00135	0.00149	0.00149	0.00187	0.00118	0.00111	0.00207	0.00314	0.00396	0.21483	0.06805	0.63315	0.02135	0.01769	0.01139	0.00075	0.01105	0.00127	0.00115
4	0.00196	0.00140	0.00192	0.00221	0.00243	0.00137	0.00177	0.00242	0.00288	0.00379	0.02408	0.36088	0.00817	0.02731	0.00192	0.00060	0.00106	0.55144	0.00123	0.00117
5	0.00206	0.00142	0.00186	0.00206	0.00228	0.00138	0.00159	0.00249	0.01563	0.02673	0.03498	0.28562	0.03812	0.17112	0.00265	0.00070	0.00107	0.40590	0.00118	0.00115
6	0.00329	0.00171	0.00223	0.00193	0.00249	0.00156	0.00150	0.02510	0.01141	0.30345	0.50851	0.04960	0.04312	0.00241	0.00148	0.00042	0.00083	0.00208	0.03524	0.00161
7	0.96232	0.00260	0.00197	0.00176	0.00260	0.00301	0.00145	0.00394	0.00228	0.00602	0.00187	0.00218	0.00145	0.00125	0.00083	0.00042	0.00104	0.00073	0.00083	0.00145
8	0.00171	0.00120	0.00158	0.00186	0.00197	0.00111	0.00125	0.00197	0.00265	0.01808	0.04323	0.87588	0.03435	0.00409	0.00170	0.00054	0.00078	0.00370	0.00126	0.00112
9	0.00315	0.00367	0.02795	0.00545	0.00677	0.02226	0.86903	0.00425	0.00314	0.00424	0.00273	0.00363	0.00207	0.00144	0.03338	0.00051	0.00230	0.00155	0.00068	0.00179
10	0.96232	0.00260	0.00197	0.00176	0.00260	0.00301	0.00145	0.00394	0.00228	0.00602	0.00187	0.00218	0.00145	0.00125	0.00083	0.00042	0.00104	0.00073	0.00083	0.00145
11	0.01686	0.00310	0.00353	0.00276	0.00375	0.01670	0.00227	0.49265	0.03579	0.34324	0.02949	0.00407	0.00304	0.00169	0.00139	0.00041	0.01403	0.01177	0.01126	0.00220
12	0.96232	0.00260	0.00197	0.00176	0.00260	0.00301	0.00145	0.00394	0.00228	0.00602	0.00187	0.00218	0.00145	0.00125	0.00083	0.00042	0.00104	0.00073	0.00083	0.00145
13	0.00332	0.00319	0.00545	0.00824	0.94447	0.00319	0.00412	0.00412	0.00306	0.00438	0.00252	0.00332	0.00213	0.00120	0.00133	0.00040	0.00159	0.00120	0.00066	0.00213
14	0.00338	0.00290	0.00306	0.00274	0.00350	0.00336	0.00213	0.02775	0.92136	0.00568	0.00541	0.00497	0.00406	0.00182	0.00136	0.00045	0.00107	0.00151	0.00136	0.00213
15	0.00334	0.00288	0.00303	0.00273	0.00349	0.00334	0.00212	0.00713	0.94204	0.00561	0.00546	0.00501	0.00410	0.00182	0.00137	0.00046	0.00106	0.00152	0.00137	0.00212
16	0.00369	0.00292	0.00312	0.00271	0.00345	0.01921	0.00212	0.21245	0.55228	0.04720	0.01101	0.04726	0.00395	0.05008	0.00171	0.00049	0.01733	0.01568	0.00131	0.00201
17	0.01205	0.00220	0.00254	0.00217	0.00286	0.00225	0.00172	0.10541	0.22030	0.25693	0.13394	0.01302	0.02890	0.00188	0.00130	0.00040	0.00096	0.00155	0.20777	0.00184
18	0.39308	0.00252	0.00266	0.00218	0.00309	0.00262	0.00178	0.06907	0.07464	0.39201	0.04114	0.00376	0.00292	0.00154	0.00115	0.00042	0.00110	0.00114	0.00127	0.00189
19	0.00332	0.00319	0.00545	0.00824	0.94447	0.00319	0.00412	0.00412	0.00306	0.00438	0.00252	0.00332	0.00213	0.00120	0.00133	0.00040	0.00159	0.00120	0.00066	0.00213
20	0.00167	0.00121	0.00159	0.00186	0.00197	0.00113	0.00127	0.00194	0.00263	0.00350	0.03450	0.80173	0.06339	0.01623	0.02521	0.00059	0.00086	0.03639	0.00123	0.00110
21	0.10317	0.00237	0.00300	0.00234	0.00334	0.00217	0.00193	0.04939	0.01224	0.77559	0.01419	0.00433	0.00319	0.00163	0.00129	0.00041	0.00113	0.00129	0.01483	0.00217
22	0.00717	0.01355	0.00362	0.22150	0.24506	0.07955	0.00280	0.02189	0.00821	0.04707	0.04896	0.13064	0.00369	0.01883	0.09018	0.02853	0.01819	0.00814	0.00084	0.00158
23	0.00228	0.00180	0.00262	0.11100	0.05751	0.00924	0.00781	0.01672	0.00234	0.00324	0.01656	0.10054	0.00376	0.13367	0.29218	0.12243	0.09376	0.02056	0.00077	0.00120
24	0.00177	0.00127	0.00169	0.00187	0.00200	0.00126	0.00130	0.00204	0.00250	0.00973	0.02549	0.60476	0.05306	0.09978	0.16415	0.00089	0.00960	0.01464	0.00111	0.00110
25	0.00333	0.00302	0.01796	0.12956	0.35857	0.00303	0.19627	0.07619	0.03606	0.06114	0.02274	0.03316	0.02922	0.00152	0.00143	0.00043	0.00656	0.01705	0.00085	0.00190
26	0.02437	0.03699	0.18730	0.14594	0.40486	0.05282	0.02949	0.01628	0.03485	0.01925	0.02266	0.00345	0.00228	0.00133	0.00132	0.00041	0.00707	0.00670	0.00071	0.00191

[dist]
# distance from previous block
# <min> <max>
1	3

[block]
# block no. 5 follows, 240 sequences, length 28
# corresponding to MSA columns:
# 196-223
name=unknown_F
#
# <colnr> <probs for GDERKNQSTAVLIFYWHMCP>
#	G	D	E	R	K	N	Q	S	T	A	V	L	I	F	Y	W	H	M	C	P
0	0.50376	0.00848	0.01985	0.04509	0.20863	0.11615	0.00843	0.00940	0.00863	0.03991	0.00225	0.00268	0.00176	0.00129	0.00109	0.00041	0.01282	0.00092	0.00680	0.00167
1	0.00282	0.00250	0.01337	0.10532	0.38992	0.01545	0.01850	0.00334	0.00267	0.02573	0.00328	0.09967	0.00848	0.05422	0.07334	0.08374	0.08100	0.01431	0.00075	0.00160
2	0.00348	0.00332	0.01096	0.18522	0.52207	0.07043	0.01538	0.09159	0.06057	0.01447	0.00274	0.00341	0.00217	0.00132	0.00135	0.00041	0.00717	0.00120	0.00077	0.00197
3	0.00257	0.00197	0.00235	0.00195	0.00265	0.00177	0.00152	0.04022	0.09433	0.03013	0.43199	0.01617	0.02801	0.00201	0.00134	0.00035	0.00084	0.00172	0.01513	0.32296
4	0.13620	0.00157	0.00186	0.00192	0.00228	0.00155	0.00143	0.00806	0.00278	0.12108	0.01450	0.49145	0.01620	0.00938	0.01909	0.00053	0.00094	0.08291	0.08496	0.00132
5	0.00190	0.00136	0.00176	0.00190	0.00213	0.00129	0.00138	0.00242	0.03883	0.02148	0.24742	0.50960	0.05814	0.00360	0.00167	0.00051	0.00080	0.10130	0.00132	0.00121
6	0.00261	0.00158	0.00200	0.00179	0.00227	0.00144	0.00138	0.01873	0.01748	0.16330	0.59947	0.00941	0.16800	0.00264	0.00154	0.00043	0.00075	0.00228	0.00147	0.00144
7	0.05371	0.00272	0.01318	0.00251	0.00344	0.00271	0.04211	0.33167	0.00434	0.29732	0.00396	0.00394	0.00277	0.00155	0.00123	0.00038	0.00120	0.00123	0.19328	0.03672
8	0.03342	0.00207	0.00253	0.00215	0.00286	0.00200	0.00170	0.04273	0.12591	0.43098	0.04589	0.13024	0.00448	0.00203	0.00132	0.00042	0.00098	0.00170	0.16473	0.00186
9	0.00359	0.95365	0.00703	0.00230	0.00344	0.00531	0.00230	0.00402	0.00273	0.00316	0.00187	0.00215	0.00172	0.00115	0.00086	0.00029	0.00144	0.00072	0.00057	0.00172
10	0.00241	0.00198	0.00223	0.00210	0.00257	0.01354	0.00159	0.00407	0.33701	0.00495	0.34956	0.13502	0.10702	0.00264	0.00156	0.00045	0.01556	0.00228	0.00135	0.01214
11	0.00224	0.01800	0.00287	0.04005	0.03229	0.02049	0.09045	0.00265	0.00232	0.00320	0.02292	0.00562	0.01343	0.18958	0.47325	0.05172	0.02544	0.00152	0.00073	0.00121
12	0.00253	0.00239	0.00403	0.94961	0.00924	0.00298	0.00373	0.00343	0.00268	0.00343	0.00239	0.00358	0.00179	0.00134	0.00134	0.00045	0.00179	0.00119	0.00060	0.00149
13	0.00330	0.00235	0.00281	0.00206	0.00318	0.00185	0.00165	0.01891	0.01210	0.15176	0.00295	0.00330	0.00233	0.03085	0.01140	0.00029	0.00106	0.00094	0.00094	0.74597
14	0.26948	0.00264	0.00286	0.00229	0.00325	0.05741	0.00188	0.02534	0.00346	0.61196	0.00412	0.00376	0.00269	0.00153	0.00120	0.00041	0.00119	0.00115	0.00137	0.00201
15	0.00597	0.00230	0.00311	0.00239	0.00343	0.00200	0.00198	0.00655	0.02325	0.92595	0.00530	0.00458	0.00334	0.00166	0.00135	0.00042	0.00114	0.00135	0.00165	0.00228
16	0.01258	0.00164	0.00227	0.02974	0.00783	0.00159	0.07402	0.01694	0.00291	0.00383	0.14201	0.02542	0.34486	0.11810	0.16649	0.00085	0.00146	0.04518	0.00107	0.00122
17	0.01254	0.31223	0.29414	0.01080	0.12587	0.06069	0.03542	0.00433	0.03984	0.04045	0.00255	0.01915	0.00208	0.00145	0.01384	0.00040	0.02062	0.00103	0.00068	0.00186
18	0.00317	0.00362	0.00792	0.00566	0.00701	0.00339	0.93959	0.00430	0.00317	0.00430	0.00271	0.00362	0.00204	0.00113	0.00158	0.00045	0.00226	0.00158	0.00068	0.00181
19	0.00181	0.00125	0.00164	0.00189	0.00202	0.00117	0.00128	0.01794	0.00270	0.02789	0.02369	0.87667	0.02691	0.00405	0.00169	0.00054	0.00080	0.00366	0.00126	0.00115
20	0.00972	0.00372	0.18988	0.12502	0.34627	0.00299	0.15015	0.00995	0.00307	0.08348	0.02811	0.01698	0.00767	0.00138	0.00140	0.00043	0.01115	0.00594	0.00076	0.00192
21	0.02294	0.00277	0.04240	0.01614	0.00930	0.00266	0.27422	0.02029	0.25509	0.01684	0.20880	0.01938	0.08388	0.00195	0.00152	0.00045	0.01131	0.00724	0.00112	0.00171
22	0.00218	0.00196	0.00193	0.00207	0.00230	0.13034	0.00147	0.00253	0.01125	0.00371	0.13530	0.57642	0.04630	0.01886	0.01316	0.00053	0.00104	0.04626	0.00119	0.00119
23	0.35052	0.00237	0.00254	0.00211	0.00296	0.00243	0.00171	0.04881	0.05164	0.39915	0.04150	0.02812	0.00316	0.00162	0.00116	0.00041	0.00106	0.00123	0.05564	0.00185
24	0.04656	0.08585	0.27512	0.05986	0.12247	0.03350	0.07291	0.04949	0.13036	0.07565	0.01050	0.01073	0.01824	0.00144	0.00128	0.00041	0.00161	0.00121	0.00086	0.00193
25	0.02375	0.02918	0.08593	0.14125	0.18274	0.01651	0.38813	0.03805	0.00889	0.02321	0.00262	0.00338	0.00201	0.00124	0.00144	0.00042	0.01659	0.00130	0.00071	0.03266
26	0.00323	0.00194	0.01749	0.00207	0.00268	0.01524	0.01895	0.00394	0.06567	0.28637	0.21265	0.10710	0.21159	0.01534	0.01317	0.00048	0.00938	0.00974	0.00138	0.00160
27	0.37340	0.13749	0.09553	0.08416	0.09926	0.11855	0.01736	0.02473	0.00279	0.00467	0.00210	0.00257	0.00168	0.00129	0.00115	0.00040	0.02961	0.00089	0.00072	0.00165

[dist]
# distance from previous block
# <min> <max>
11	28

[block]
# block no. 6 follows, 240 sequences, length 9
# corresponding to MSA columns:
# 271-279
name=unknown_G
#
# <colnr> <probs for GDERKNQSTAVLIFYWHMCP>
#	G	D	E	R	K	N	Q	S	T	A	V	L	I	F	Y	W	H	M	C	P
0	0.00248	0.04962	0.04815	0.01810	0.01159	0.01008	0.01248	0.00312	0.01465	0.08550	0.48595	0.08275	0.05426	0.02376	0.01269	0.00046	0.00095	0.03654	0.00127	0.04559
1	0.01960	0.27308	0.22481	0.03983	0.13843	0.02171	0.07041	0.03802	0.01256	0.07237	0.03402	0.01630	0.03048	0.00142	0.00122	0.00038	0.00159	0.00117	0.00077	0.00185
2	0.00189	0.00150	0.00163	0.00161	0.00205	0.00136	0.00122	0.00255	0.07769	0.02672	0.12121	0.07619	0.63920	0.00322	0.00158	0.00046	0.00074	0.03664	0.00129	0.00126
3	0.02860	0.00213	0.00279	0.00245	0.04844	0.00196	0.00186	0.02774	0.04547	0.54603	0.16185	0.02168	0.05075	0.00194	0.00137	0.00042	0.00103	0.00162	0.04993	0.00195
4	0.00344	0.01242	0.05800	0.18895	0.25409	0.05735	0.05796	0.03419	0.05426	0.12940	0.03072	0.07226	0.01474	0.00168	0.00141	0.00043	0.01029	0.01566	0.00092	0.00183
5	0.04682	0.07744	0.12559	0.21206	0.09332	0.06411	0.05811	0.03391	0.01413	0.19759	0.00303	0.01555	0.00225	0.00146	0.00144	0.00042	0.04887	0.00118	0.00088	0.00184
6	0.31627	0.00246	0.00272	0.00219	0.00313	0.00245	0.00180	0.06812	0.02869	0.50667	0.00445	0.00412	0.04809	0.00161	0.00119	0.00042	0.00111	0.00121	0.00134	0.00195
7	0.00204	0.00177	0.04762	0.02473	0.03580	0.00153	0.01707	0.00260	0.02392	0.02770	0.22775	0.35367	0.13923	0.02164	0.01359	0.00052	0.01062	0.04567	0.00121	0.00130
8	0.01966	0.14941	0.32547	0.03956	0.12814	0.05614	0.07648	0.02725	0.02539	0.10654	0.00282	0.01925	0.00216	0.00137	0.00130	0.00040	0.01485	0.00113	0.00077	0.00192

[dist]
# distance from previous block
# <min> <max>
4	9

[block]
# block no. 7 follows, 240 sequences, length 16
# corresponding to MSA columns:
# 289-304
name=unknown_H
#
# <colnr> <probs for GDERKNQSTAVLIFYWHMCP>
#	G	D	E	R	K	N	Q	S	T	A	V	L	I	F	Y	W	H	M	C	P
0	0.00361	0.64145	0.12997	0.01113	0.02184	0.08010	0.03712	0.01255	0.02701	0.02131	0.00217	0.00248	0.00184	0.00122	0.00101	0.00033	0.00161	0.00085	0.00064	0.00178
1	0.00215	0.00154	0.00192	0.00182	0.00219	0.00149	0.00137	0.02684	0.04604	0.03621	0.53360	0.07863	0.13972	0.03184	0.05349	0.00056	0.00998	0.01948	0.00135	0.00978
2	0.00186	0.00143	0.00182	0.01479	0.03266	0.00133	0.00136	0.00233	0.00323	0.01298	0.38585	0.20802	0.28108	0.00329	0.01729	0.00049	0.01355	0.01411	0.00130	0.00123
3	0.00165	0.00134	0.00145	0.00151	0.00188	0.00116	0.00112	0.00199	0.00299	0.00367	0.05858	0.16870	0.67373	0.02887	0.00176	0.00050	0.00074	0.04601	0.00125	0.00113
4	0.00180	0.00133	0.00164	0.00164	0.00193	0.00121	0.00119	0.00227	0.00328	0.00447	0.48535	0.17909	0.22454	0.03633	0.02456	0.00052	0.00076	0.00270	0.02421	0.00119
5	0.00359	0.95365	0.00703	0.00230	0.00344	0.00531	0.00230	0.00402	0.00273	0.00316	0.00187	0.00215	0.00172	0.00115	0.00086	0.00029	0.00144	0.00072	0.00057	0.00172
6	0.00341	0.00292	0.00307	0.00274	0.00352	0.00337	0.00214	0.04306	0.90600	0.00572	0.00538	0.00494	0.00403	0.00181	0.00136	0.00045	0.00108	0.00151	0.00136	0.00213
7	0.00574	0.00253	0.00336	0.02691	0.00375	0.00235	0.01900	0.14563	0.00417	0.76448	0.00486	0.00432	0.00310	0.00164	0.00135	0.00041	0.00123	0.00133	0.00157	0.00225
8	0.96232	0.00260	0.00197	0.00176	0.00260	0.00301	0.00145	0.00394	0.00228	0.00602	0.00187	0.00218	0.00145	0.00125	0.00083	0.00042	0.00104	0.00073	0.00083	0.00145
9	0.00252	0.00232	0.00386	0.89135	0.00877	0.00288	0.00355	0.00338	0.00267	0.00346	0.00250	0.00378	0.00193	0.02913	0.00149	0.00047	0.00174	0.00122	0.03155	0.00146
10	0.00235	0.04980	0.00283	0.00250	0.00272	0.00995	0.01944	0.03648	0.04640	0.00369	0.01473	0.51308	0.01726	0.00323	0.00236	0.00053	0.25871	0.01157	0.00103	0.00134
11	0.09753	0.01200	0.03946	0.03151	0.19150	0.01126	0.12986	0.05241	0.02871	0.11031	0.01357	0.00337	0.00223	0.00163	0.00218	0.00047	0.26814	0.00122	0.00083	0.00182
12	0.00216	0.01433	0.04051	0.00234	0.00294	0.01212	0.12091	0.00303	0.09587	0.00419	0.16417	0.10483	0.37806	0.00289	0.01709	0.00049	0.01147	0.02005	0.00117	0.00139
13	0.02979	0.57084	0.23910	0.00279	0.00409	0.09960	0.00296	0.01819	0.00292	0.01607	0.00209	0.00240	0.00174	0.00122	0.00101	0.00033	0.00166	0.00082	0.00062	0.00178
14	0.01365	0.11681	0.42781	0.00370	0.07196	0.05326	0.06068	0.05600	0.02704	0.09933	0.00287	0.01187	0.00213	0.00136	0.00127	0.00040	0.00806	0.00110	0.03172	0.00899
15	0.03317	0.12617	0.28650	0.00884	0.04027	0.03929	0.05281	0.07436	0.05655	0.14966	0.04461	0.03786	0.01022	0.00160	0.00682	0.00041	0.00155	0.00126	0.00094	0.02710

[dist]
# distance from previous block
# <min> <max>
0	2

[block]
# block no. 8 follows, 240 sequences, length 39
# corresponding to MSA columns:
# 307-345
name=unknown_I
#
# <colnr> <probs for GDERKNQSTAVLIFYWHMCP>
#	G	D	E	R	K	N	Q	S	T	A	V	L	I	F	Y	W	H	M	C	P
0	0.00187	0.00130	0.00176	0.00205	0.00221	0.00124	0.00152	0.00222	0.00274	0.02144	0.00727	0.66397	0.00844	0.00401	0.00175	0.00056	0.00092	0.27232	0.00125	0.00115
1	0.00201	0.00145	0.00189	0.00211	0.00236	0.00142	0.00171	0.00246	0.00286	0.00370	0.01651	0.07721	0.12950	0.16635	0.00266	0.00071	0.00114	0.58165	0.00117	0.00114
2	0.03903	0.21099	0.23963	0.02808	0.05158	0.05567	0.11397	0.02177	0.04665	0.12463	0.01906	0.03024	0.00662	0.00144	0.00125	0.00040	0.00513	0.00119	0.00083	0.00186
3	0.00273	0.00664	0.86111	0.00399	0.00592	0.00314	0.08943	0.00425	0.00286	0.00425	0.00244	0.00290	0.00173	0.00126	0.00130	0.00043	0.00201	0.00105	0.00058	0.00197
4	0.00220	0.00143	0.00184	0.00195	0.00229	0.00132	0.00151	0.00262	0.00303	0.09286	0.07699	0.32640	0.22168	0.00354	0.00168	0.00052	0.00090	0.25469	0.00130	0.00126
5	0.02693	0.00954	0.11836	0.08076	0.27190	0.00881	0.09497	0.01843	0.03747	0.12930	0.08996	0.05590	0.03644	0.00171	0.00141	0.00043	0.00550	0.00938	0.00095	0.00185
6	0.00803	0.13476	0.14267	0.11763	0.03333	0.03611	0.19878	0.02818	0.02656	0.20233	0.01422	0.03356	0.00260	0.00147	0.00135	0.00041	0.00841	0.00681	0.00091	0.00187
7	0.00168	0.00133	0.00151	0.00156	0.00191	0.00117	0.00115	0.00207	0.00313	0.00397	0.20947	0.18648	0.54455	0.00342	0.00162	0.00047	0.00071	0.03137	0.00129	0.00116
8	0.01097	0.03733	0.06883	0.11391	0.30113	0.02388	0.06659	0.07148	0.00648	0.09110	0.00276	0.00346	0.00218	0.00203	0.06409	0.00055	0.12936	0.00121	0.00079	0.00187
9	0.03379	0.11395	0.15640	0.07065	0.10572	0.12951	0.05404	0.05448	0.04617	0.19672	0.01862	0.00877	0.00246	0.00142	0.00126	0.00040	0.00164	0.00115	0.00093	0.00192
10	0.00389	0.00628	0.08073	0.03058	0.03846	0.01375	0.00689	0.03380	0.04866	0.38760	0.13164	0.04914	0.12748	0.00219	0.00939	0.00045	0.00115	0.01587	0.01023	0.00183
11	0.00255	0.00170	0.00203	0.00188	0.00234	0.00163	0.00143	0.05716	0.08141	0.10292	0.35557	0.13895	0.20479	0.00752	0.00158	0.00684	0.00081	0.00754	0.01992	0.00144
12	0.01673	0.03694	0.05440	0.06389	0.21762	0.21076	0.17051	0.07509	0.06138	0.03795	0.01290	0.00337	0.00715	0.00138	0.00140	0.00041	0.02426	0.00121	0.00080	0.00186
13	0.00290	0.00237	0.00278	0.00200	0.00317	0.00179	0.00160	0.00349	0.00282	0.04384	0.00257	0.01529	0.00213	0.00106	0.00102	0.00021	0.00100	0.00086	0.00084	0.90824
14	0.01131	0.37046	0.04868	0.02959	0.01641	0.08536	0.03652	0.06550	0.04459	0.04083	0.06374	0.00390	0.06112	0.00164	0.00150	0.00038	0.10330	0.00118	0.01228	0.00170
15	0.00297	0.04581	0.69829	0.03180	0.00551	0.06880	0.03545	0.01637	0.00293	0.01898	0.00252	0.01565	0.00191	0.00143	0.00738	0.00043	0.03288	0.00838	0.00062	0.00189
16	0.00245	0.01339	0.00234	0.03559	0.02280	0.00817	0.00167	0.02090	0.30553	0.01149	0.22556	0.01915	0.30874	0.00253	0.00150	0.00044	0.00701	0.00214	0.00704	0.00156
17	0.00173	0.00124	0.00158	0.00177	0.00194	0.00115	0.00122	0.00201	0.00274	0.01239	0.10272	0.62562	0.14993	0.04514	0.01105	0.01754	0.00082	0.01706	0.00124	0.00111
18	0.00182	0.00129	0.00167	0.00182	0.00191	0.00126	0.01209	0.00202	0.00236	0.00315	0.00591	0.46790	0.00690	0.35976	0.05893	0.00093	0.00119	0.06704	0.00105	0.00101
19	0.00194	0.00142	0.00182	0.00171	0.00205	0.00133	0.00129	0.00267	0.03641	0.00532	0.87667	0.00996	0.04685	0.00274	0.00158	0.00042	0.00065	0.00241	0.00146	0.00129
20	0.00239	0.00149	0.00192	0.00186	0.00225	0.00136	0.00143	0.00293	0.01138	0.12540	0.42331	0.16079	0.13646	0.00302	0.00160	0.00047	0.00080	0.11086	0.00893	0.00135
21	0.00367	0.90120	0.00686	0.00235	0.00348	0.03688	0.00231	0.02444	0.00284	0.00328	0.00190	0.00218	0.00173	0.00117	0.00088	0.00029	0.00147	0.00073	0.00059	0.00173
22	0.08521	0.00257	0.00314	0.00245	0.00343	0.00249	0.00201	0.20550	0.00421	0.61851	0.02936	0.01554	0.00326	0.00167	0.00131	0.00041	0.00118	0.00132	0.01427	0.00216
23	0.01130	0.00208	0.00255	0.00251	0.00302	0.00948	0.00208	0.11283	0.14132	0.08507	0.01829	0.11226	0.00621	0.00300	0.00167	0.00054	0.01048	0.47245	0.00129	0.00157
24	0.00253	0.02278	0.00254	0.00226	0.00285	0.00220	0.04074	0.01988	0.33122	0.02271	0.04709	0.07346	0.31402	0.00270	0.00152	0.00047	0.00099	0.10719	0.00127	0.00158
25	0.96232	0.00260	0.00197	0.00176	0.00260	0.00301	0.00145	0.00394	0.00228	0.00602	0.00187	0.00218	0.00145	0.00125	0.00083	0.00042	0.00104	0.00073	0.00083	0.00145
26	0.00320	0.00361	0.00781	0.00566	0.02340	0.00340	0.90840	0.01907	0.00322	0.00437	0.00272	0.00361	0.00204	0.00114	0.00158	0.00045	0.00224	0.00157	0.00069	0.00182
27	0.04928	0.47483	0.06979	0.00298	0.02984	0.01897	0.11080	0.02483	0.02471	0.14276	0.02123	0.00323	0.00238	0.00134	0.00112	0.00036	0.00150	0.01739	0.00083	0.00183
28	0.00531	0.00221	0.00290	0.00228	0.00320	0.00198	0.00186	0.06058	0.00389	0.73491	0.07160	0.00518	0.03591	0.00179	0.00135	0.00041	0.00108	0.00146	0.05999	0.00211
29	0.04681	0.00238	0.11151	0.02974	0.04022	0.00190	0.00204	0.02339	0.00928	0.14805	0.40584	0.03998	0.07487	0.00787	0.03178	0.00049	0.01039	0.01064	0.00125	0.00156
30	0.02779	0.06840	0.12524	0.04149	0.01923	0.39768	0.04121	0.04317	0.04937	0.10463	0.02059	0.00318	0.00887	0.00144	0.00129	0.00038	0.01628	0.00106	0.00085	0.02784
31	0.00282	0.00264	0.01246	0.00329	0.00408	0.00266	0.28273	0.04035	0.28450	0.00498	0.20595	0.08145	0.04215	0.00208	0.00154	0.00046	0.00892	0.01409	0.00115	0.00171
32	0.01419	0.00231	0.00306	0.00237	0.00337	0.00206	0.00195	0.04290	0.02834	0.82610	0.02870	0.00487	0.02991	0.00174	0.00136	0.00042	0.00113	0.00141	0.00162	0.00221
33	0.01242	0.03628	0.14061	0.19640	0.34360	0.03259	0.08191	0.02698	0.02840	0.03756	0.00718	0.01595	0.00229	0.00139	0.00138	0.00042	0.01351	0.01852	0.00073	0.00188
34	0.03528	0.01448	0.10826	0.05481	0.02050	0.03645	0.02358	0.07279	0.07335	0.48233	0.02422	0.00444	0.01536	0.00165	0.00136	0.00042	0.00837	0.01899	0.00130	0.00206
35	0.00195	0.00130	0.00147	0.00147	0.00147	0.00130	0.00082	0.00195	0.00196	0.00262	0.00429	0.02604	0.00495	0.93548	0.00674	0.00129	0.00129	0.00199	0.00082	0.00082
36	0.01638	0.14402	0.01594	0.03950	0.15525	0.30775	0.04010	0.05452	0.00755	0.01184	0.00235	0.01380	0.00205	0.00156	0.00177	0.00041	0.16537	0.01743	0.00071	0.00170
37	0.01491	0.26106	0.37273	0.02203	0.09245	0.07261	0.05467	0.02882	0.02462	0.04073	0.00246	0.00284	0.00190	0.00127	0.00118	0.00038	0.00176	0.00099	0.00068	0.00189
38	0.06166	0.03031	0.02780	0.15551	0.13355	0.03414	0.06285	0.08599	0.04970	0.27953	0.01038	0.00807	0.00573	0.00178	0.03020	0.00669	0.00154	0.01159	0.00106	0.00193

[dist]
# distance from previous block
# <min> <max>
0	1

[block]
# block no. 9 follows, 240 sequences, length 42
# corresponding to MSA columns:
# 347-369,373-391
name=unknown_J
#
# <colnr> <probs for GDERKNQSTAVLIFYWHMCP>
#	G	D	E	R	K	N	Q	S	T	A	V	L	I	F	Y	W	H	M	C	P
0	0.00758	0.00142	0.00179	0.00185	0.00213	0.00134	0.00133	0.02196	0.03126	0.04842	0.29118	0.44328	0.10779	0.01007	0.00166	0.00049	0.00078	0.02308	0.00134	0.00126
1	0.31988	0.17785	0.06678	0.00258	0.04540	0.05726	0.01559	0.05470	0.01360	0.02450	0.00233	0.01590	0.00190	0.00126	0.00101	0.00035	0.00131	0.00089	0.00080	0.19611
2	0.00180	0.00133	0.00158	0.00166	0.00191	0.00123	0.00115	0.00217	0.02319	0.01662	0.13188	0.34587	0.30567	0.13666	0.02050	0.00063	0.00087	0.00293	0.00121	0.00113
3	0.16319	0.14562	0.00357	0.00254	0.00340	0.00864	0.00209	0.09177	0.50507	0.03965	0.00404	0.00388	0.00306	0.00160	0.00124	0.00042	0.01588	0.00122	0.00115	0.00196
4	0.74857	0.00273	0.00235	0.00201	0.00287	0.00310	0.00165	0.14627	0.00297	0.05312	0.00228	0.00252	0.00171	0.00151	0.02131	0.00045	0.00116	0.00085	0.00095	0.00162
5	0.00203	0.00144	0.00175	0.00166	0.00203	0.00131	0.00124	0.00768	0.02028	0.04313	0.57186	0.04230	0.24229	0.04686	0.00182	0.00048	0.00072	0.00847	0.00138	0.00127
6	0.00185	0.00140	0.00158	0.00152	0.00195	0.00122	0.00115	0.00233	0.01011	0.03485	0.34001	0.02279	0.56821	0.00311	0.00158	0.00044	0.00068	0.00264	0.00134	0.00122
7	0.00171	0.00126	0.00159	0.00174	0.00195	0.00116	0.00123	0.00205	0.00292	0.00387	0.20285	0.51617	0.18782	0.03103	0.00181	0.00053	0.00076	0.03713	0.00128	0.00113
8	0.00363	0.00299	0.00317	0.00277	0.00358	0.00342	0.00218	0.13099	0.79759	0.02622	0.00516	0.00476	0.00384	0.00179	0.00136	0.00045	0.00112	0.00147	0.00137	0.00215
9	0.00318	0.00302	0.00514	0.13315	0.78714	0.00310	0.00400	0.00398	0.00301	0.00424	0.00267	0.00377	0.00228	0.00130	0.00135	0.00041	0.00161	0.03396	0.00068	0.00201
10	0.00211	0.00147	0.00190	0.00208	0.00234	0.00145	0.00157	0.00277	0.08308	0.04070	0.04996	0.49679	0.03819	0.02698	0.00182	0.00056	0.00094	0.24276	0.00127	0.00127
11	0.00357	0.93941	0.02115	0.00232	0.00348	0.00528	0.00234	0.00402	0.00273	0.00317	0.00187	0.00216	0.00172	0.00115	0.00087	0.00029	0.00144	0.00072	0.00057	0.00173
12	0.82579	0.00270	0.00221	0.00192	0.00277	0.00310	0.00158	0.10133	0.01622	0.01917	0.00213	0.00239	0.00162	0.00130	0.00090	0.00041	0.00108	0.00080	0.01099	0.00156
13	0.00365	0.63919	0.00598	0.00261	0.00358	0.03530	0.01863	0.05499	0.10649	0.01727	0.00240	0.00267	0.00205	0.00139	0.00134	0.00035	0.09871	0.00091	0.00073	0.00177
14	0.06599	0.00256	0.00313	0.00248	0.00346	0.00248	0.00203	0.10934	0.14463	0.64188	0.00487	0.00433	0.00321	0.00165	0.00132	0.00042	0.00116	0.00132	0.00153	0.00221
15	0.00281	0.00258	0.00434	0.65692	0.26148	0.00298	0.00375	0.00366	0.00281	0.02067	0.00255	0.00365	0.00199	0.00133	0.00134	0.00043	0.00170	0.01002	0.01332	0.00167
16	0.87774	0.00257	0.00206	0.00181	0.00265	0.00293	0.00149	0.01720	0.00246	0.05544	0.02250	0.00249	0.00181	0.00131	0.00088	0.00042	0.00104	0.00080	0.00090	0.00150
17	0.96232	0.00260	0.00197	0.00176	0.00260	0.00301	0.00145	0.00394	0.00228	0.00602	0.00187	0.00218	0.00145	0.00125	0.00083	0.00042	0.00104	0.00073	0.00083	0.00145
18	0.30030	0.00236	0.00269	0.00216	0.00310	0.00229	0.00178	0.02574	0.00338	0.58111	0.02083	0.01018	0.03517	0.00163	0.00120	0.00042	0.00109	0.00124	0.00138	0.00196
19	0.00554	0.00221	0.00297	0.00232	0.00328	0.00193	0.00190	0.01732	0.01134	0.82550	0.07555	0.01204	0.02813	0.00181	0.00138	0.00042	0.00109	0.00149	0.00163	0.00217
20	0.00165	0.00119	0.00155	0.00184	0.00195	0.00110	0.00124	0.00189	0.00260	0.00344	0.00777	0.85454	0.07365	0.01879	0.00179	0.00055	0.00079	0.02134	0.00124	0.00109
21	0.00508	0.00366	0.00395	0.00304	0.00411	0.00404	0.00251	0.86724	0.03707	0.05050	0.00339	0.00334	0.00239	0.00162	0.00134	0.00041	0.00145	0.00122	0.00136	0.00228
22	0.00318	0.00168	0.00214	0.00193	0.00250	0.00149	0.00153	0.00367	0.00345	0.31059	0.22204	0.04927	0.25647	0.01877	0.00163	0.00047	0.00090	0.11532	0.00143	0.00154
23	0.00266	0.00221	0.00351	0.40564	0.18073	0.00243	0.00289	0.00349	0.02167	0.04988	0.29191	0.01148	0.00537	0.00179	0.00141	0.00043	0.00134	0.00160	0.00796	0.00159
24	0.00449	0.01735	0.06386	0.01019	0.01691	0.02890	0.08871	0.15176	0.02437	0.37704	0.00898	0.00416	0.00283	0.01476	0.05966	0.00055	0.10626	0.01606	0.00118	0.00198
25	0.00268	0.00220	0.08719	0.01578	0.01742	0.00175	0.01296	0.05928	0.00359	0.12692	0.37383	0.06304	0.18693	0.00865	0.00155	0.00045	0.00096	0.03202	0.00131	0.00151
26	0.00318	0.00266	0.00285	0.00258	0.00327	0.00302	0.00200	0.05827	0.73212	0.00556	0.06170	0.06127	0.02864	0.00205	0.00140	0.00045	0.00103	0.00844	0.01754	0.00197
27	0.60123	0.05725	0.02284	0.02920	0.10418	0.08010	0.04226	0.00412	0.00260	0.02106	0.00207	0.00249	0.00164	0.00128	0.00106	0.00041	0.02299	0.00086	0.00078	0.00159
28	0.00368	0.00277	0.00414	0.03098	0.38776	0.00280	0.04278	0.12334	0.06890	0.14756	0.07855	0.05564	0.01700	0.00169	0.00138	0.00042	0.00135	0.00152	0.02577	0.00198
29	0.01619	0.00246	0.00292	0.02933	0.01800	0.00198	0.00685	0.02938	0.02859	0.01074	0.00251	0.00289	0.00205	0.00106	0.00103	0.00023	0.00105	0.00085	0.00082	0.84107
30	0.00162	0.00135	0.00141	0.00142	0.00184	0.00114	0.00105	0.00199	0.00311	0.00380	0.10810	0.05354	0.80828	0.00337	0.00159	0.00045	0.00068	0.00283	0.00127	0.00114
31	0.00307	0.00268	0.00437	0.03564	0.63696	0.00266	0.00332	0.00379	0.00855	0.05309	0.04967	0.02967	0.10444	0.00185	0.01464	0.00045	0.00142	0.04100	0.00086	0.00189
32	0.00197	0.00131	0.00150	0.00152	0.00154	0.00131	0.00088	0.00200	0.00201	0.01067	0.00441	0.06650	0.00506	0.85771	0.03526	0.00127	0.00134	0.00205	0.00084	0.00085
33	0.00234	0.00170	0.03490	0.00181	0.00230	0.00142	0.00145	0.00755	0.02685	0.11916	0.16983	0.16408	0.38559	0.00306	0.00156	0.00046	0.00083	0.05163	0.02212	0.00136
34	0.84032	0.00271	0.00222	0.00192	0.00278	0.00311	0.00158	0.10499	0.00275	0.02467	0.00208	0.00234	0.00158	0.00129	0.00090	0.00041	0.00109	0.00079	0.00090	0.00156
35	0.00297	0.00244	0.01845	0.00565	0.00306	0.01842	0.01519	0.06082	0.42423	0.03809	0.23591	0.03071	0.05700	0.00225	0.00145	0.00045	0.00101	0.05446	0.02568	0.00176
