[name]
unknown

[dist]
# distance from previous block
# <min> <max>
0	32

[block]
# block no. 0 follows, 242 sequences, length 35
# corresponding to MSA columns:
# 33-67
name=unknown_A
#
# <colnr> <probs for GDERKNQSTAVLIFYWHMCP>
#	G	D	E	R	K	N	Q	S	T	A	V	L	I	F	Y	W	H	M	C	P
0	0.03052	0.00238	0.00311	0.00240	0.00341	0.00216	0.00198	0.08887	0.00398	0.81757	0.01840	0.00443	0.00329	0.00165	0.00133	0.00041	0.00115	0.00133	0.00943	0.00222
1	0.00262	0.00223	0.00324	0.18701	0.18437	0.00624	0.01850	0.04079	0.07949	0.01963	0.16436	0.00712	0.13676	0.01163	0.02254	0.00049	0.01778	0.08560	0.00803	0.00158
2	0.22685	0.00217	0.00259	0.01152	0.00294	0.01022	0.03212	0.01987	0.03762	0.25336	0.04457	0.20105	0.05507	0.00236	0.01150	0.00048	0.06880	0.01412	0.00118	0.00161
3	0.00321	0.01215	0.00991	0.43864	0.18676	0.04959	0.01220	0.10973	0.02343	0.04136	0.01461	0.00700	0.00230	0.01868	0.01953	0.01311	0.00873	0.00771	0.00380	0.01754
4	0.07735	0.09818	0.09676	0.01485	0.00974	0.16020	0.01471	0.03275	0.06342	0.00689	0.00317	0.00463	0.00855	0.11669	0.18728	0.00085	0.05645	0.04528	0.00078	0.00148
5	0.00258	0.00159	0.00207	0.02848	0.00253	0.00147	0.01643	0.01297	0.02651	0.16967	0.20018	0.29108	0.19829	0.00309	0.01334	0.00049	0.00089	0.01491	0.01204	0.00140
6	0.02135	0.02020	0.00389	0.65753	0.04747	0.01061	0.00993	0.01874	0.00824	0.01082	0.01657	0.00353	0.00203	0.00136	0.00140	0.00041	0.04086	0.00652	0.00066	0.11786
7	0.03288	0.00178	0.01107	0.00186	0.00235	0.00172	0.00146	0.07557	0.08532	0.02816	0.27768	0.06063	0.31346	0.00287	0.01236	0.00047	0.00086	0.06221	0.02589	0.00139
8	0.01147	0.00350	0.00398	0.00311	0.00402	0.00396	0.01942	0.70674	0.04688	0.05069	0.00318	0.00330	0.00231	0.00170	0.00174	0.00043	0.12898	0.00122	0.00123	0.00214
9	0.00303	0.00586	0.00622	0.01339	0.00290	0.00177	0.00156	0.01305	0.00281	0.14541	0.03023	0.03650	0.02305	0.14730	0.02393	0.01092	0.02018	0.00127	0.00096	0.50965
10	0.00296	0.01152	0.00521	0.25876	0.34090	0.00304	0.22037	0.01976	0.02479	0.00407	0.00286	0.01867	0.00240	0.01534	0.02760	0.00049	0.00615	0.03262	0.00070	0.00177
11	0.00350	0.04144	0.01736	0.01600	0.62360	0.15835	0.00361	0.00416	0.00303	0.00399	0.00248	0.01146	0.01089	0.00137	0.00158	0.00040	0.09306	0.00115	0.00066	0.00191
12	0.03740	0.00214	0.00258	0.00225	0.00292	0.00214	0.00178	0.09026	0.16430	0.29776	0.16417	0.13053	0.01633	0.00229	0.00143	0.00044	0.00100	0.05165	0.02686	0.00179
13	0.00282	0.00276	0.00372	0.62295	0.03958	0.11198	0.01083	0.01698	0.01528	0.01249	0.06766	0.00416	0.01833	0.01641	0.03700	0.00051	0.01303	0.00129	0.00072	0.00150
14	0.01505	0.00322	0.26288	0.08448	0.00393	0.03459	0.02180	0.01767	0.00280	0.02762	0.01327	0.43875	0.01927	0.00266	0.00147	0.00047	0.00131	0.00579	0.00095	0.04202
15	0.00223	0.00160	0.00194	0.00181	0.00223	0.00155	0.00138	0.01148	0.12081	0.04757	0.57719	0.05048	0.14743	0.00271	0.00153	0.00043	0.00073	0.01310	0.01241	0.00139
16	0.00454	0.00193	0.00253	0.00208	0.00285	0.00170	0.00167	0.00507	0.01104	0.60576	0.09905	0.06940	0.06759	0.00205	0.00136	0.00042	0.00097	0.01161	0.10651	0.00189
17	0.07313	0.40044	0.01915	0.13739	0.03764	0.06677	0.11684	0.02004	0.00289	0.04571	0.00241	0.01179	0.00202	0.00711	0.00125	0.00038	0.03048	0.01512	0.00778	0.00168
18	0.00313	0.00242	0.06085	0.00278	0.01034	0.02853	0.12503	0.03391	0.03339	0.19817	0.05208	0.33576	0.00562	0.02695	0.00172	0.00050	0.01892	0.05714	0.00118	0.00158
19	0.00167	0.00137	0.00148	0.00148	0.00188	0.00119	0.00111	0.00212	0.01558	0.00398	0.20431	0.05861	0.67723	0.00326	0.00158	0.00045	0.00068	0.01957	0.00129	0.00116
20	0.00285	0.01066	0.00418	0.69327	0.15398	0.04602	0.00360	0.04230	0.00294	0.00379	0.02247	0.00357	0.00207	0.00135	0.00132	0.00043	0.00173	0.00119	0.00066	0.00161
21	0.82409	0.00288	0.00221	0.03013	0.01579	0.08430	0.00164	0.00401	0.00243	0.00563	0.00193	0.00228	0.00151	0.00125	0.00088	0.00041	0.00117	0.00076	0.01524	0.00146
22	0.00259	0.00233	0.02686	0.05519	0.37779	0.00225	0.01537	0.00324	0.00293	0.00400	0.00863	0.11585	0.01051	0.00256	0.00670	0.02635	0.00138	0.32669	0.00719	0.00158
23	0.02930	0.03842	0.03825	0.03695	0.26253	0.06228	0.02883	0.13040	0.06273	0.01869	0.00284	0.01187	0.00234	0.00692	0.01761	0.00041	0.05194	0.01888	0.00084	0.17798
24	0.00234	0.00146	0.00189	0.00182	0.00218	0.00135	0.00136	0.00288	0.01966	0.12313	0.45673	0.21722	0.09991	0.00339	0.05796	0.00055	0.00091	0.00254	0.00137	0.00134
25	0.04990	0.13654	0.14604	0.11851	0.04395	0.08728	0.06700	0.13147	0.04366	0.07506	0.04122	0.01430	0.01196	0.00571	0.00132	0.00040	0.01517	0.00119	0.00088	0.00845
26	0.00767	0.16526	0.28817	0.15799	0.16878	0.00338	0.08878	0.01150	0.00790	0.05305	0.02235	0.01016	0.00219	0.00131	0.00127	0.00040	0.00617	0.00113	0.00069	0.00185
27	0.00598	0.00227	0.00309	0.00237	0.00340	0.00196	0.00196	0.00649	0.00381	0.94581	0.00525	0.00453	0.00330	0.00165	0.00134	0.00041	0.00113	0.00134	0.00165	0.00227
28	0.00229	0.00211	0.03524	0.03277	0.12328	0.01519	0.09320	0.00946	0.03505	0.01617	0.08236	0.34442	0.09575	0.03535	0.02115	0.00054	0.00121	0.05197	0.00106	0.00141
29	0.01390	0.07534	0.08243	0.06798	0.10728	0.16664	0.03675	0.02798	0.07905	0.25556	0.00900	0.01067	0.03737	0.00157	0.00132	0.00040	0.00866	0.01519	0.00102	0.00189
30	0.00200	0.03115	0.03766	0.00199	0.00244	0.00166	0.03756	0.00256	0.04024	0.01257	0.05786	0.09701	0.33317	0.07467	0.22349	0.01135	0.00158	0.02878	0.00103	0.00124
31	0.00163	0.00117	0.00156	0.00186	0.00195	0.00110	0.00125	0.00187	0.00256	0.00341	0.00739	0.90863	0.02613	0.00424	0.01621	0.00056	0.00082	0.01535	0.00123	0.00109
32	0.03258	0.07304	0.17093	0.11317	0.18535	0.07538	0.06841	0.04263	0.11919	0.05809	0.00307	0.01844	0.00241	0.00148	0.00666	0.00042	0.00591	0.01059	0.01038	0.00187
33	0.01168	0.13425	0.01553	0.04060	0.00287	0.09338	0.04074	0.01242	0.00250	0.05380	0.01287	0.01376	0.00357	0.44283	0.08091	0.00480	0.02995	0.00151	0.00079	0.00124
34	0.00322	0.00235	0.00274	0.00236	0.00300	0.00248	0.01289	0.26543	0.16762	0.04703	0.34620	0.05330	0.01988	0.00230	0.00147	0.00044	0.00102	0.05321	0.01135	0.00172

[dist]
# distance from previous block
# <min> <max>
0	34

[block]
# block no. 1 follows, 242 sequences, length 21
# corresponding to MSA columns:
# 103-121,154,155
name=unknown_B
#
# <colnr> <probs for GDERKNQSTAVLIFYWHMCP>
#	G	D	E	R	K	N	Q	S	T	A	V	L	I	F	Y	W	H	M	C	P
0	0.01304	0.01371	0.00337	0.03470	0.07879	0.08213	0.03313	0.02954	0.05269	0.01237	0.00255	0.00296	0.00208	0.00114	0.00113	0.00027	0.01275	0.00092	0.00081	0.62192
1	0.00315	0.00314	0.05762	0.07198	0.46213	0.03805	0.09445	0.01709	0.00835	0.04632	0.09968	0.02018	0.00889	0.00175	0.02683	0.00046	0.02104	0.01621	0.00081	0.00185
2	0.04181	0.00960	0.03589	0.16920	0.55650	0.00302	0.00360	0.03850	0.01254	0.09021	0.01149	0.00345	0.00224	0.00129	0.00130	0.00040	0.00154	0.00118	0.00078	0.01545
3	0.07539	0.00250	0.00297	0.00236	0.00327	0.00246	0.00193	0.22823	0.02309	0.47049	0.03573	0.00527	0.09205	0.01773	0.00143	0.00043	0.00115	0.02014	0.00143	0.01197
4	0.04851	0.00251	0.00305	0.00241	0.00334	0.00244	0.00197	0.20926	0.04200	0.54958	0.07004	0.00477	0.03052	0.00175	0.00133	0.00041	0.00114	0.00140	0.02146	0.00210
5	0.07954	0.01291	0.19008	0.18210	0.16304	0.02624	0.03961	0.01091	0.01961	0.05613	0.09124	0.01606	0.00308	0.00763	0.00969	0.00043	0.01782	0.00125	0.00553	0.06710
6	0.00269	0.08004	0.06028	0.03688	0.01145	0.03671	0.01451	0.00323	0.02219	0.08624	0.09450	0.10028	0.09921	0.16646	0.03623	0.00061	0.00780	0.01556	0.02233	0.10277
7	0.00189	0.00135	0.00167	0.00168	0.00197	0.00123	0.00122	0.00232	0.00317	0.03331	0.38864	0.20646	0.23168	0.06340	0.02538	0.00055	0.00082	0.03075	0.00130	0.00119
8	0.01890	0.00261	0.08025	0.07073	0.23734	0.02163	0.02326	0.04058	0.02588	0.03896	0.01686	0.32334	0.01048	0.00893	0.06017	0.00057	0.00144	0.01555	0.00095	0.00159
9	0.03120	0.07537	0.01627	0.05617	0.60082	0.02966	0.06486	0.01743	0.01174	0.01018	0.01599	0.00327	0.00218	0.00130	0.00147	0.00040	0.05790	0.00117	0.00068	0.00194
10	0.00209	0.00148	0.00185	0.00187	0.00218	0.00144	0.00138	0.00290	0.09826	0.03257	0.40390	0.30670	0.04654	0.00309	0.00157	0.00047	0.00076	0.05109	0.03855	0.00131
11	0.00165	0.00120	0.00156	0.00181	0.00194	0.00111	0.00124	0.00194	0.00271	0.00360	0.08706	0.76504	0.09485	0.00397	0.00168	0.00052	0.00076	0.02500	0.00126	0.00110
12	0.00330	0.05917	0.22017	0.09590	0.26056	0.08628	0.09343	0.02306	0.00894	0.05363	0.01148	0.03546	0.00237	0.00149	0.00897	0.00042	0.01770	0.00810	0.00772	0.00185
13	0.02014	0.00444	0.00393	0.00318	0.00411	0.28062	0.01411	0.60491	0.01528	0.01410	0.00285	0.00298	0.00211	0.00154	0.00135	0.00039	0.01974	0.00110	0.00112	0.00202
14	0.02636	0.00219	0.00295	0.00230	0.00326	0.00192	0.00189	0.00609	0.00375	0.84689	0.06451	0.02411	0.00395	0.00176	0.00135	0.00042	0.00109	0.00144	0.00161	0.00216
15	0.00251	0.00271	0.18378	0.01994	0.03138	0.00187	0.03999	0.01983	0.00326	0.09816	0.20629	0.03786	0.29619	0.01084	0.00153	0.00045	0.00111	0.03964	0.00114	0.00151
16	0.02377	0.01878	0.00341	0.00273	0.03350	0.05671	0.00216	0.17262	0.00417	0.66117	0.00450	0.00405	0.00292	0.00159	0.00131	0.00040	0.00128	0.00126	0.00147	0.00219
17	0.00493	0.03334	0.00387	0.00340	0.00410	0.92100	0.00256	0.00528	0.00374	0.00326	0.00205	0.00239	0.00172	0.00137	0.00119	0.00034	0.00237	0.00085	0.00068	0.00155
18	0.01800	0.00218	0.00297	0.00231	0.00326	0.00191	0.00189	0.00607	0.00365	0.85206	0.02071	0.00459	0.00338	0.00199	0.02262	0.04616	0.00118	0.00134	0.00156	0.00213
19	0.00295	0.06886	0.62339	0.03295	0.02235	0.03004	0.05948	0.02622	0.02848	0.03320	0.02836	0.00984	0.01913	0.00140	0.00128	0.00041	0.00181	0.00723	0.00069	0.00189
20	0.01278	0.02185	0.03203	0.00319	0.00377	0.25750	0.10500	0.03861	0.02173	0.05920	0.04537	0.06456	0.00312	0.03031	0.09568	0.00063	0.19555	0.00140	0.00617	0.00155

[dist]
# distance from previous block
# <min> <max>
0	6

[block]
# block no. 2 follows, 242 sequences, length 42
# corresponding to MSA columns:
# 163-165,167-186,189-207
name=unknown_C
#
# <colnr> <probs for GDERKNQSTAVLIFYWHMCP>
#	G	D	E	R	K	N	Q	S	T	A	V	L	I	F	Y	W	H	M	C	P
0	0.01598	0.06695	0.13175	0.05442	0.26297	0.04296	0.04594	0.00961	0.00791	0.02406	0.00677	0.05573	0.00260	0.06885	0.03085	0.00055	0.15687	0.00133	0.00071	0.01321
1	0.49173	0.11066	0.02617	0.03190	0.04812	0.12228	0.04455	0.05603	0.00287	0.02441	0.00786	0.00259	0.00177	0.00734	0.00627	0.00041	0.00620	0.00088	0.00080	0.00716
2	0.00238	0.00150	0.00704	0.00207	0.01310	0.00141	0.00151	0.02058	0.00760	0.12371	0.03727	0.53605	0.04273	0.06176	0.01225	0.00058	0.01052	0.11540	0.00125	0.00129
3	0.01542	0.62496	0.11426	0.03484	0.02904	0.09374	0.00269	0.03926	0.00297	0.02125	0.00213	0.01025	0.00183	0.00124	0.00100	0.00032	0.00158	0.00084	0.00064	0.00175
4	0.05889	0.02209	0.09768	0.08786	0.04128	0.00212	0.00211	0.02016	0.07080	0.05349	0.27848	0.01206	0.14495	0.00652	0.00139	0.00041	0.00106	0.00590	0.00110	0.09165
5	0.04027	0.48278	0.25185	0.01582	0.01158	0.04723	0.02558	0.03241	0.01446	0.06357	0.00233	0.00261	0.00185	0.00124	0.00106	0.00035	0.00160	0.00089	0.00069	0.00182
6	0.01011	0.08969	0.19564	0.10216	0.11027	0.17427	0.03200	0.07643	0.04111	0.10367	0.00300	0.01522	0.00963	0.00146	0.00131	0.00040	0.01538	0.01558	0.00083	0.00185
7	0.00168	0.00120	0.00160	0.00190	0.00201	0.00113	0.00132	0.00195	0.00262	0.00348	0.02104	0.83211	0.02318	0.00414	0.00852	0.00056	0.00083	0.08840	0.00123	0.00110
8	0.00226	0.00178	0.00253	0.07096	0.14704	0.00448	0.00188	0.01549	0.01402	0.01434	0.31877	0.01052	0.08000	0.13584	0.14577	0.00671	0.00519	0.00188	0.01918	0.00135
9	0.00176	0.00135	0.00160	0.00155	0.00191	0.00120	0.00116	0.00226	0.00345	0.00461	0.55473	0.02953	0.38405	0.00301	0.00157	0.00043	0.00065	0.00260	0.00137	0.00120
10	0.02354	0.00961	0.07463	0.03742	0.25821	0.00888	0.00279	0.17642	0.06789	0.13881	0.07329	0.02192	0.06976	0.01339	0.01019	0.00044	0.00834	0.00146	0.00108	0.00193
11	0.00316	0.02258	0.26549	0.03657	0.07697	0.01966	0.04780	0.05117	0.10994	0.03796	0.00915	0.00340	0.00224	0.00183	0.01751	0.00050	0.28578	0.00570	0.00076	0.00181
12	0.00315	0.00170	0.00208	0.00180	0.00241	0.00151	0.00142	0.01608	0.02209	0.30116	0.23323	0.00892	0.35489	0.00264	0.01234	0.00045	0.00086	0.00214	0.02960	0.00155
13	0.00298	0.00668	0.01075	0.06797	0.00351	0.01656	0.11213	0.06756	0.02254	0.12706	0.04304	0.01906	0.02339	0.18097	0.18264	0.02186	0.01908	0.03654	0.03425	0.00145
14	0.00290	0.00168	0.00215	0.00188	0.00240	0.00154	0.00146	0.03716	0.01871	0.20613	0.60984	0.01234	0.05391	0.00244	0.00149	0.00042	0.00079	0.01190	0.01644	0.01441
15	0.14230	0.39088	0.02184	0.00294	0.02685	0.24674	0.04239	0.00425	0.00287	0.00368	0.00196	0.00239	0.00170	0.00134	0.00136	0.00036	0.10302	0.00085	0.00064	0.00162
16	0.05513	0.03974	0.24036	0.10628	0.31212	0.01102	0.12654	0.00412	0.00293	0.04443	0.01491	0.00335	0.00213	0.00128	0.00133	0.00041	0.01070	0.00694	0.00922	0.00706
17	0.64971	0.00267	0.00238	0.00207	0.01307	0.03172	0.00166	0.06784	0.00293	0.16907	0.04404	0.00301	0.00233	0.00140	0.00100	0.00041	0.00111	0.00094	0.00102	0.00164
18	0.04496	0.00217	0.00269	0.11639	0.00364	0.00195	0.01228	0.02244	0.02956	0.04558	0.03871	0.04885	0.08703	0.03450	0.00140	0.00036	0.00109	0.03958	0.00093	0.46587
19	0.01401	0.00266	0.04831	0.06362	0.10152	0.00266	0.01318	0.11163	0.28511	0.01383	0.20570	0.00625	0.03583	0.00199	0.00141	0.00043	0.00116	0.05788	0.02114	0.01167
20	0.01530	0.00160	0.00224	0.04666	0.00283	0.00159	0.04725	0.02537	0.01901	0.00914	0.01847	0.33057	0.12224	0.04088	0.01909	0.00902	0.00112	0.28525	0.00115	0.00123
21	0.00308	0.00299	0.01243	0.19901	0.63418	0.00307	0.05062	0.00390	0.00293	0.00414	0.00251	0.00341	0.00207	0.00124	0.00137	0.00040	0.01790	0.00608	0.01192	0.03673
22	0.12358	0.00248	0.00377	0.78327	0.03281	0.01675	0.00340	0.01211	0.00267	0.00380	0.00231	0.00335	0.00175	0.00132	0.00127	0.00044	0.00168	0.00112	0.00063	0.00150
23	0.02316	0.00163	0.00218	0.16276	0.00324	0.00172	0.01192	0.01525	0.02326	0.01787	0.03372	0.04877	0.16907	0.26501	0.07254	0.07221	0.00137	0.07226	0.00092	0.00114
24	0.00279	0.00241	0.00605	0.23201	0.09830	0.00934	0.05371	0.02454	0.17309	0.02282	0.01265	0.03891	0.03631	0.01633	0.00644	0.03648	0.06469	0.16059	0.00094	0.00159
25	0.00316	0.00225	0.00272	0.00207	0.00307	0.00186	0.00165	0.02869	0.02127	0.13708	0.01305	0.00357	0.00255	0.02099	0.11191	0.00049	0.00132	0.00101	0.00995	0.63134
26	0.01306	0.00243	0.00405	0.82164	0.06785	0.00293	0.01006	0.00361	0.00274	0.04907	0.00251	0.00356	0.00187	0.00134	0.00135	0.00044	0.00811	0.00119	0.00065	0.00156
27	0.08246	0.01696	0.00312	0.00237	0.00339	0.01669	0.01022	0.03461	0.00369	0.75902	0.00465	0.00414	0.00299	0.00157	0.00127	0.00040	0.00116	0.00124	0.00149	0.04856
28	0.00268	0.00251	0.00426	0.26572	0.17451	0.00281	0.13825	0.00335	0.00266	0.00363	0.00315	0.01057	0.00297	0.10578	0.01990	0.00895	0.13465	0.11142	0.00072	0.00152
29	0.96260	0.00258	0.00196	0.00175	0.00258	0.00299	0.00144	0.00391	0.00227	0.00598	0.00185	0.00216	0.00144	0.00124	0.00082	0.00041	0.00103	0.00072	0.00082	0.00144
30	0.04303	0.00249	0.00397	0.79941	0.04105	0.00303	0.01180	0.05793	0.00790	0.00386	0.00246	0.00359	0.00188	0.00136	0.00132	0.00044	0.00171	0.01058	0.00066	0.00155
31	0.08865	0.00221	0.00278	0.04200	0.00332	0.00207	0.00186	0.05694	0.00361	0.59708	0.02857	0.00559	0.12774	0.01721	0.00691	0.00044	0.00111	0.00853	0.00143	0.00195
32	0.06050	0.15888	0.00373	0.01280	0.00343	0.17096	0.00213	0.14380	0.19054	0.06429	0.00333	0.00382	0.00271	0.07364	0.06294	0.00057	0.02711	0.00117	0.01189	0.00175
33	0.01275	0.00241	0.00671	0.34611	0.07281	0.00241	0.03274	0.02006	0.01816	0.05879	0.03004	0.01350	0.03217	0.00143	0.00127	0.00036	0.00574	0.02725	0.00082	0.31446
34	0.00193	0.00166	0.01774	0.02742	0.05332	0.01170	0.01028	0.01096	0.00285	0.00362	0.07192	0.03509	0.49911	0.04973	0.12150	0.06253	0.00125	0.00965	0.00656	0.00119
35	0.00284	0.03206	0.08291	0.15476	0.05848	0.17061	0.03306	0.01641	0.01624	0.00372	0.03721	0.15841	0.02702	0.04910	0.02718	0.00054	0.00890	0.10977	0.00931	0.00145
36	0.01994	0.00328	0.03228	0.05005	0.59859	0.02116	0.03031	0.11030	0.06593	0.01748	0.00960	0.00356	0.01479	0.00134	0.00134	0.00041	0.00875	0.00123	0.00761	0.00203
37	0.00720	0.02047	0.05217	0.45090	0.01220	0.01319	0.07181	0.09116	0.02932	0.00421	0.01073	0.00344	0.00207	0.01310	0.00146	0.00897	0.02869	0.00115	0.00073	0.17703
38	0.00619	0.00260	0.00289	0.00841	0.00324	0.01734	0.02046	0.11832	0.43222	0.00507	0.00468	0.05261	0.02134	0.10811	0.02300	0.00055	0.00946	0.02939	0.00115	0.13295
39	0.01488	0.00288	0.00297	0.00243	0.00320	0.04333	0.00195	0.48169	0.05739	0.03245	0.09562	0.00461	0.02909	0.00174	0.00126	0.00038	0.00117	0.00137	0.21974	0.00185
40	0.00341	0.04542	0.03014	0.01635	0.00963	0.10304	0.01682	0.01448	0.03920	0.00363	0.00220	0.00322	0.00204	0.00222	0.00363	0.00057	0.70044	0.00120	0.00071	0.00165
41	0.00585	0.00433	0.00450	0.00438	0.00509	0.00365	0.00299	0.00524	0.01310	0.01854	0.12652	0.18846	0.57998	0.02052	0.00342	0.00121	0.00217	0.00417	0.00260	0.00330

[dist]
# distance from previous block
# <min> <max>
0	57

# created by:
# /home/simao/soft/augustus-3.0.3/scripts/msa2prfl.pl ./align_prep/COG0091.fa
