[name]
unknown

[dist]
# distance from previous block
# <min> <max>
0	22

[block]
# block no. 0 follows, 231 sequences, length 43
# corresponding to MSA columns:
# 22,23,39-76,78-80
name=unknown_A
#
# <colnr> <probs for GDERKNQSTAVLIFYWHMCP>
#	G	D	E	R	K	N	Q	S	T	A	V	L	I	F	Y	W	H	M	C	P
0	0.24096	0.01948	0.04081	0.07048	0.26183	0.01368	0.03031	0.05625	0.01890	0.16350	0.01737	0.00376	0.03066	0.00148	0.00128	0.00042	0.00845	0.00121	0.00098	0.01819
1	0.00245	0.00216	0.03329	0.00256	0.01794	0.00861	0.07348	0.02477	0.14514	0.00464	0.27599	0.05678	0.07243	0.03673	0.17495	0.02049	0.01449	0.01994	0.01169	0.00149
2	0.00196	0.00146	0.00172	0.00166	0.00206	0.00131	0.00124	0.01826	0.00354	0.02342	0.43687	0.08208	0.39870	0.01111	0.00169	0.00047	0.00072	0.00903	0.00141	0.00128
3	0.00306	0.00342	0.12906	0.01787	0.46575	0.01786	0.00350	0.00890	0.10460	0.00439	0.03140	0.00429	0.00298	0.04531	0.13482	0.00073	0.01798	0.00135	0.00080	0.00193
4	0.00185	0.00130	0.00169	0.00188	0.00205	0.00121	0.00130	0.00219	0.00295	0.01915	0.19572	0.62529	0.05550	0.04959	0.00199	0.00057	0.00082	0.03244	0.00132	0.00118
5	0.00294	0.00287	0.00543	0.21419	0.00633	0.00285	0.43233	0.03014	0.00318	0.02561	0.01919	0.12027	0.02110	0.00180	0.00156	0.00046	0.00180	0.03820	0.00085	0.06889
6	0.00228	0.00145	0.00176	0.00170	0.00209	0.00131	0.00126	0.00278	0.00343	0.08545	0.37082	0.14667	0.25860	0.00301	0.00156	0.00045	0.00074	0.00260	0.11070	0.00134
7	0.00614	0.01056	0.10713	0.00932	0.06730	0.01525	0.08878	0.01699	0.12619	0.08203	0.09747	0.00429	0.00359	0.00148	0.00129	0.00036	0.00132	0.00462	0.01533	0.34054
8	0.51802	0.00255	0.00261	0.01207	0.00316	0.00265	0.00178	0.01236	0.00312	0.42405	0.00353	0.00338	0.00238	0.00149	0.00111	0.00043	0.00113	0.00105	0.00125	0.00190
9	0.89214	0.00268	0.00219	0.01231	0.00286	0.00308	0.01126	0.00422	0.00840	0.04769	0.00213	0.00242	0.00162	0.00131	0.00090	0.00043	0.00110	0.00080	0.00090	0.00155
10	0.02360	0.00835	0.24773	0.01427	0.35445	0.05505	0.12916	0.04926	0.00851	0.06074	0.00645	0.00374	0.00234	0.00140	0.00140	0.00043	0.00183	0.02847	0.00079	0.00205
11	0.00488	0.00206	0.00279	0.00224	0.00308	0.00181	0.00181	0.00545	0.00396	0.64475	0.30366	0.00653	0.00652	0.00208	0.00147	0.00043	0.00102	0.00175	0.00166	0.00203
12	0.19111	0.03073	0.00351	0.00319	0.05973	0.34484	0.00235	0.02636	0.18952	0.11618	0.00325	0.00333	0.00246	0.00151	0.00122	0.00040	0.00167	0.00108	0.00101	0.01652
13	0.01627	0.00238	0.00288	0.00214	0.00327	0.00190	0.00172	0.00427	0.01802	0.22386	0.06912	0.00387	0.00318	0.00133	0.00116	0.00028	0.00104	0.00109	0.00109	0.64110
14	0.18905	0.00327	0.00338	0.00275	0.00372	0.06933	0.01806	0.27170	0.14510	0.25965	0.00396	0.00392	0.00281	0.00165	0.00130	0.00043	0.00136	0.01516	0.00132	0.00210
15	0.00358	0.00271	0.00314	0.00229	0.00350	0.00230	0.00186	0.16948	0.00362	0.08170	0.00287	0.00311	0.00223	0.00120	0.00112	0.00026	0.00113	0.00095	0.00100	0.71195
16	0.00358	0.00268	0.00346	0.00262	0.02295	0.00224	0.06750	0.06964	0.02972	0.13628	0.00307	0.00331	0.00234	0.00121	0.00117	0.00028	0.00119	0.00102	0.00099	0.64474
17	0.00180	0.00133	0.00165	0.00175	0.00198	0.00122	0.00122	0.00219	0.00315	0.00422	0.33078	0.39177	0.17776	0.07012	0.00208	0.00056	0.00077	0.00314	0.00134	0.00118
18	0.63049	0.00270	0.00287	0.00246	0.02975	0.00289	0.06739	0.00478	0.00285	0.23798	0.00289	0.00301	0.00205	0.00139	0.00106	0.00043	0.00121	0.00099	0.00106	0.00176
19	0.00298	0.06915	0.00331	0.00220	0.00341	0.00222	0.02092	0.00375	0.04701	0.00450	0.00259	0.00296	0.00214	0.00108	0.00105	0.00023	0.00109	0.00087	0.00083	0.82771
20	0.00531	0.00284	0.04177	0.00400	0.22735	0.00249	0.00272	0.02470	0.03777	0.62918	0.00464	0.00434	0.00309	0.00159	0.00139	0.00043	0.00133	0.00135	0.00141	0.00231
21	0.00169	0.00126	0.00158	0.00181	0.00199	0.00115	0.00124	0.00197	0.00282	0.00367	0.04476	0.70848	0.21428	0.00411	0.00174	0.00054	0.00078	0.00367	0.00130	0.00115
22	0.83204	0.00290	0.02896	0.00241	0.06878	0.00318	0.00184	0.03800	0.00259	0.00616	0.00205	0.00240	0.00159	0.00130	0.00093	0.00043	0.00116	0.00081	0.00086	0.00160
23	0.00942	0.00319	0.00568	0.00416	0.02410	0.00283	0.47526	0.04046	0.00325	0.02326	0.00274	0.00338	0.00212	0.00115	0.00137	0.00036	0.00173	0.00127	0.00080	0.39346
24	0.00257	0.00210	0.00312	0.13617	0.03573	0.00236	0.05271	0.00319	0.04059	0.05738	0.04664	0.31837	0.07104	0.01210	0.03666	0.00059	0.17382	0.00237	0.00104	0.00146
25	0.87601	0.00271	0.00229	0.01268	0.01775	0.00308	0.02148	0.00407	0.00242	0.00607	0.00199	0.00235	0.00156	0.00128	0.00090	0.00042	0.00112	0.00079	0.00085	0.04018
26	0.00186	0.00135	0.00173	0.00181	0.00206	0.00123	0.00130	0.00232	0.00332	0.01313	0.43953	0.39134	0.11208	0.00353	0.00170	0.00050	0.00074	0.01785	0.00140	0.00123
27	0.00501	0.13714	0.00446	0.00332	0.00420	0.59507	0.00263	0.22333	0.00439	0.00464	0.00240	0.00266	0.00192	0.00145	0.00124	0.00036	0.00214	0.00096	0.00086	0.00181
28	0.02191	0.00179	0.00201	0.00173	0.00243	0.00147	0.00134	0.00275	0.00316	0.03734	0.10581	0.03711	0.45672	0.00261	0.00144	0.00039	0.00084	0.02292	0.00118	0.29505
29	0.05074	0.00277	0.00366	0.00442	0.26567	0.09514	0.04605	0.00374	0.00322	0.01917	0.00485	0.00903	0.01104	0.00247	0.00159	0.00051	0.00153	0.43207	0.00100	0.04132
30	0.04039	0.03447	0.35966	0.00490	0.24284	0.00314	0.09851	0.01946	0.00324	0.16482	0.00310	0.00356	0.00227	0.00138	0.00136	0.00043	0.00176	0.01178	0.00085	0.00209
31	0.00197	0.00138	0.00165	0.00161	0.00178	0.00132	0.00106	0.00227	0.00291	0.00398	0.39891	0.00996	0.07887	0.48151	0.00438	0.00090	0.00101	0.00230	0.00117	0.00106
32	0.23071	0.00171	0.00170	0.00161	0.00207	0.00178	0.00124	0.00332	0.02462	0.00556	0.30930	0.00626	0.01560	0.00196	0.00118	0.00039	0.00076	0.00159	0.38726	0.00137
33	0.00341	0.14823	0.15220	0.00631	0.47843	0.01555	0.15281	0.01903	0.00316	0.00436	0.00253	0.00321	0.00205	0.00124	0.00133	0.00041	0.00181	0.00119	0.00067	0.00206
34	0.00739	0.26998	0.18359	0.07292	0.09105	0.00363	0.09216	0.01993	0.01584	0.22093	0.00315	0.00837	0.00232	0.00139	0.00126	0.00040	0.00164	0.00115	0.00090	0.00201
35	0.00185	0.00139	0.00156	0.00155	0.00179	0.00130	0.00104	0.00209	0.00265	0.00339	0.07413	0.02420	0.39033	0.40260	0.08336	0.00099	0.00123	0.00241	0.00107	0.00105
36	0.00531	0.00541	0.00407	0.00348	0.00433	0.65469	0.06812	0.00577	0.00390	0.22742	0.00299	0.00312	0.00221	0.00148	0.00131	0.00038	0.00218	0.00107	0.00095	0.00181
37	0.01054	0.08823	0.22541	0.01741	0.25265	0.02363	0.00343	0.01022	0.01369	0.33592	0.00356	0.00366	0.00250	0.00144	0.00132	0.00042	0.00158	0.00119	0.00103	0.00216
38	0.00413	0.00313	0.08600	0.17462	0.17622	0.00280	0.09521	0.05063	0.01831	0.30805	0.03823	0.00843	0.00303	0.00155	0.00142	0.00044	0.00157	0.00896	0.01524	0.00204
39	0.00339	0.00289	0.00307	0.00278	0.00352	0.00332	0.00215	0.03675	0.84436	0.00575	0.00572	0.07144	0.00453	0.00205	0.00144	0.00048	0.00109	0.00173	0.00140	0.00213
40	0.12524	0.03716	0.08627	0.02064	0.27652	0.02435	0.19440	0.04132	0.00334	0.16897	0.00307	0.00352	0.00227	0.00136	0.00135	0.00043	0.00168	0.00518	0.00091	0.00203
41	0.06450	0.44177	0.07314	0.03013	0.12251	0.03288	0.02146	0.11577	0.00341	0.06474	0.00250	0.00282	0.00201	0.00131	0.00112	0.00036	0.00156	0.00097	0.00080	0.01626
42	0.00237	0.01164	0.01351	0.01096	0.05510	0.00183	0.11645	0.00269	0.00266	0.00359	0.08843	0.04765	0.03727	0.15988	0.09432	0.20328	0.00158	0.14468	0.00091	0.00119

[dist]
# distance from previous block
# <min> <max>
0	2

[block]
# block no. 1 follows, 231 sequences, length 6
# corresponding to MSA columns:
# 83,87-91
name=unknown_B
#
# <colnr> <probs for GDERKNQSTAVLIFYWHMCP>
#	G	D	E	R	K	N	Q	S	T	A	V	L	I	F	Y	W	H	M	C	P
0	0.15807	0.03429	0.07051	0.05255	0.26716	0.03879	0.04265	0.01980	0.00316	0.10354	0.03576	0.00403	0.00277	0.00147	0.00127	0.00040	0.00148	0.04324	0.00090	0.11817
1	0.74178	0.04380	0.00274	0.00251	0.07580	0.03377	0.00186	0.04324	0.00273	0.03816	0.00218	0.00249	0.00168	0.00132	0.00095	0.00042	0.00121	0.00084	0.00088	0.00164
2	0.00280	0.02058	0.00259	0.00255	0.03540	0.03678	0.01621	0.04186	0.08930	0.08177	0.02592	0.23816	0.04690	0.08272	0.08243	0.01556	0.00140	0.17441	0.00119	0.00147
3	0.00278	0.00269	0.03419	0.05105	0.09752	0.05450	0.03150	0.02536	0.03097	0.00449	0.10591	0.04034	0.16256	0.00188	0.00134	0.00036	0.00120	0.00161	0.00099	0.34876
4	0.00192	0.00146	0.00170	0.00167	0.00205	0.00134	0.00124	0.00257	0.04792	0.00467	0.40711	0.10015	0.37057	0.00315	0.00161	0.00046	0.00071	0.00271	0.04572	0.00128
5	0.00308	0.00269	0.00338	0.00248	0.00368	0.00226	0.07437	0.04470	0.10109	0.00484	0.00287	0.00321	0.00230	0.00116	0.00113	0.00026	0.00116	0.00098	0.00090	0.74345

[dist]
# distance from previous block
# <min> <max>
5	8

[block]
# block no. 2 follows, 231 sequences, length 25
# corresponding to MSA columns:
# 101-120,122-126
name=unknown_C
#
# <colnr> <probs for GDERKNQSTAVLIFYWHMCP>
#	G	D	E	R	K	N	Q	S	T	A	V	L	I	F	Y	W	H	M	C	P
0	0.01868	0.14500	0.12898	0.00395	0.05701	0.02558	0.23153	0.15738	0.01577	0.18887	0.01199	0.00355	0.00244	0.00142	0.00136	0.00042	0.00173	0.00127	0.00100	0.00207
1	0.00396	0.56439	0.00588	0.00298	0.05167	0.19526	0.00249	0.01790	0.09612	0.00375	0.00242	0.00268	0.00207	0.00131	0.00105	0.00033	0.00164	0.00089	0.00073	0.04247
2	0.03840	0.00284	0.00460	0.54108	0.32970	0.00323	0.00385	0.05226	0.00309	0.00426	0.00255	0.00354	0.00199	0.00135	0.00137	0.00044	0.00174	0.00122	0.00069	0.00181
3	0.00438	0.02643	0.04028	0.00393	0.08498	0.04992	0.13200	0.50263	0.07485	0.00681	0.03832	0.00392	0.02177	0.00162	0.00142	0.00042	0.00164	0.00137	0.00116	0.00214
4	0.00284	0.00156	0.00193	0.00178	0.00202	0.00152	0.00118	0.00301	0.00248	0.18683	0.03222	0.00792	0.00482	0.64526	0.09776	0.00123	0.00153	0.00186	0.00102	0.00119
5	0.00367	0.09034	0.15935	0.01423	0.01538	0.00355	0.04252	0.10560	0.45829	0.06000	0.02970	0.00436	0.00346	0.00168	0.00136	0.00044	0.00140	0.00138	0.00117	0.00212
6	0.00207	0.00143	0.00165	0.00160	0.00182	0.00134	0.00106	0.00230	0.00269	0.03138	0.16295	0.02739	0.20658	0.50123	0.01479	0.00094	0.00110	0.01616	0.00109	0.02042
7	0.00285	0.04930	0.22844	0.00304	0.08467	0.00256	0.00268	0.11741	0.03231	0.02681	0.20495	0.00717	0.22772	0.00222	0.00146	0.00044	0.00126	0.00185	0.00111	0.00174
8	0.00234	0.00184	0.00218	0.00212	0.00904	0.00188	0.00161	0.01536	0.23104	0.00513	0.41196	0.08666	0.13716	0.00289	0.00162	0.00048	0.00085	0.08294	0.00142	0.00151
9	0.17522	0.00286	0.02558	0.00561	0.52017	0.00285	0.00311	0.00397	0.02678	0.01314	0.14370	0.02353	0.00396	0.00196	0.04140	0.00050	0.00146	0.00141	0.00089	0.00188
10	0.00312	0.00265	0.00305	0.00262	0.01199	0.00274	0.03065	0.05763	0.47219	0.00536	0.05876	0.04565	0.07302	0.00196	0.00139	0.00041	0.00109	0.01328	0.00125	0.21118
11	0.00336	0.00276	0.00314	0.00230	0.00350	0.00237	0.00185	0.18354	0.03017	0.00538	0.00273	0.00304	0.00218	0.00118	0.00111	0.00025	0.00113	0.00093	0.00095	0.74813
12	0.00351	0.00255	0.00295	0.00219	0.00334	0.02353	0.00176	0.00426	0.04635	0.16448	0.02688	0.00348	0.00267	0.00124	0.00113	0.00027	0.00108	0.00100	0.00102	0.70630
13	0.00474	0.00256	0.00306	0.00251	0.00340	0.01428	0.00203	0.13804	0.16919	0.44691	0.10346	0.00606	0.06585	0.00204	0.00145	0.00044	0.00115	0.02917	0.00155	0.00211
14	0.04564	0.00304	0.00346	0.00276	0.00376	0.00319	0.00224	0.33805	0.21139	0.32378	0.02678	0.00433	0.00336	0.00173	0.00137	0.00043	0.00127	0.00137	0.00148	0.02058
15	0.00285	0.07325	0.05835	0.03111	0.01751	0.00217	0.01291	0.04824	0.01168	0.11610	0.17414	0.16065	0.06719	0.05902	0.13747	0.00076	0.01516	0.00208	0.00114	0.00820
16	0.00183	0.00137	0.00189	0.00201	0.00220	0.00128	0.03677	0.00213	0.00278	0.00370	0.08685	0.61633	0.09641	0.07692	0.02693	0.01452	0.00098	0.02272	0.00123	0.00115
17	0.00170	0.00131	0.00155	0.00170	0.00196	0.00116	0.00119	0.00202	0.00298	0.00380	0.08834	0.47676	0.40279	0.00388	0.00171	0.00051	0.00075	0.00340	0.00131	0.00116
18	0.00298	0.00269	0.00438	0.06584	0.58257	0.00272	0.00340	0.00379	0.03607	0.01291	0.01955	0.17037	0.01256	0.00206	0.00150	0.00046	0.00144	0.07195	0.00089	0.00188
19	0.00394	0.05175	0.07192	0.02706	0.56999	0.00321	0.04172	0.02591	0.00926	0.17707	0.00314	0.00361	0.00238	0.00134	0.00136	0.00042	0.00161	0.00125	0.00089	0.00218
20	0.00408	0.00299	0.18316	0.00275	0.02523	0.00208	0.00248	0.01324	0.01246	0.43163	0.01289	0.25727	0.01682	0.00252	0.01680	0.00050	0.00782	0.00204	0.00133	0.00192
21	0.00462	0.00235	0.00335	0.00351	0.18684	0.00218	0.00229	0.02709	0.01932	0.50894	0.03495	0.10255	0.04509	0.04231	0.00169	0.00048	0.00121	0.00176	0.00744	0.00205
22	0.48777	0.02015	0.18073	0.01205	0.19481	0.05105	0.01194	0.01004	0.00278	0.01422	0.00225	0.00270	0.00175	0.00130	0.00109	0.00042	0.00148	0.00093	0.00077	0.00178
23	0.00234	0.00177	0.00218	0.00214	0.04982	0.00152	0.01002	0.00282	0.01128	0.06019	0.12653	0.15390	0.34873	0.03780	0.00172	0.00046	0.00089	0.00240	0.00121	0.18231
24	0.02286	0.09315	0.19047	0.00428	0.20318	0.01178	0.07265	0.05636	0.05937	0.06848	0.00290	0.00329	0.00223	0.00131	0.00130	0.00038	0.01157	0.00112	0.00084	0.19247

[dist]
# distance from previous block
# <min> <max>
1	9

[block]
# block no. 3 follows, 231 sequences, length 9
# corresponding to MSA columns:
# 142-150
name=unknown_D
#
# <colnr> <probs for GDERKNQSTAVLIFYWHMCP>
#	G	D	E	R	K	N	Q	S	T	A	V	L	I	F	Y	W	H	M	C	P
0	0.67788	0.14607	0.00298	0.00197	0.00293	0.00331	0.00168	0.00422	0.00258	0.06588	0.00221	0.00246	0.00172	0.00128	0.00091	0.00039	0.00114	0.00080	0.00087	0.07871
1	0.00486	0.00346	0.00403	0.12548	0.02514	0.00378	0.00272	0.63558	0.03930	0.10705	0.00349	0.00359	0.00247	0.00162	0.00138	0.00042	0.00151	0.00126	0.00129	0.03155
2	0.29145	0.03274	0.04894	0.00416	0.24633	0.02064	0.02710	0.09416	0.04507	0.08843	0.00279	0.00316	0.00214	0.00143	0.00137	0.00042	0.05158	0.00109	0.00092	0.03611
3	0.00353	0.11922	0.21423	0.03557	0.25797	0.11532	0.02652	0.01762	0.09579	0.03728	0.03633	0.01903	0.01262	0.00150	0.00132	0.00041	0.00172	0.00125	0.00082	0.00197
4	0.00324	0.02383	0.03562	0.00240	0.00356	0.01616	0.03857	0.05203	0.03954	0.06436	0.06804	0.00365	0.00300	0.00129	0.00116	0.00028	0.00116	0.00107	0.00096	0.64008
5	0.17788	0.00360	0.02153	0.03264	0.22687	0.18775	0.02937	0.04458	0.00325	0.06650	0.01730	0.08793	0.02081	0.00178	0.00155	0.00044	0.07218	0.00139	0.00089	0.00177
6	0.00366	0.00369	0.02733	0.14778	0.23774	0.16308	0.02347	0.06263	0.11973	0.02535	0.01741	0.00386	0.00260	0.00173	0.01180	0.00047	0.11604	0.01619	0.01357	0.00187
7	0.05096	0.14500	0.15207	0.00358	0.09769	0.07674	0.09819	0.02684	0.07428	0.03146	0.07761	0.02456	0.11040	0.00181	0.00142	0.00042	0.02278	0.00150	0.00092	0.00179
8	0.00347	0.01966	0.00468	0.01860	0.60027	0.01840	0.00340	0.05242	0.05569	0.05142	0.07663	0.00459	0.03269	0.03181	0.00157	0.00044	0.00148	0.00142	0.00091	0.02045

[dist]
# distance from previous block
# <min> <max>
0	1

[block]
# block no. 4 follows, 231 sequences, length 28
# corresponding to MSA columns:
# 152-179
name=unknown_E
#
# <colnr> <probs for GDERKNQSTAVLIFYWHMCP>
#	G	D	E	R	K	N	Q	S	T	A	V	L	I	F	Y	W	H	M	C	P
0	0.01446	0.02118	0.00249	0.00212	0.00267	0.08695	0.00165	0.09064	0.01365	0.10292	0.55148	0.00838	0.09091	0.00249	0.00153	0.00043	0.00099	0.00211	0.00141	0.00156
1	0.74390	0.00263	0.00236	0.00210	0.02266	0.00290	0.00167	0.00464	0.00272	0.19948	0.00268	0.00279	0.00192	0.00138	0.00098	0.00043	0.00111	0.00090	0.00103	0.00170
2	0.00405	0.10052	0.02362	0.02424	0.28238	0.25188	0.02793	0.09594	0.15152	0.00470	0.01298	0.00343	0.00249	0.00150	0.00659	0.00041	0.00179	0.00117	0.00088	0.00198
3	0.00178	0.00136	0.00162	0.00168	0.00199	0.00122	0.00122	0.00220	0.00327	0.00428	0.31102	0.25235	0.36877	0.01896	0.00177	0.00050	0.00074	0.02270	0.00136	0.00120
4	0.01169	0.01210	0.01497	0.00303	0.02568	0.02964	0.02740	0.19970	0.49927	0.03814	0.00448	0.01288	0.00338	0.00170	0.00136	0.00042	0.00128	0.00139	0.00127	0.11023
5	0.00605	0.00933	0.00631	0.24996	0.06626	0.00877	0.02728	0.03028	0.02132	0.02547	0.06443	0.11814	0.07969	0.14165	0.00257	0.04223	0.01589	0.07727	0.00097	0.00614
6	0.01448	0.25438	0.22076	0.00326	0.06885	0.00350	0.01187	0.07546	0.01067	0.28288	0.01165	0.00353	0.00252	0.01709	0.00133	0.00041	0.00153	0.00113	0.00102	0.01367
7	0.00330	0.06490	0.15696	0.00546	0.09614	0.00353	0.60324	0.00447	0.01277	0.02453	0.00955	0.00358	0.00217	0.00123	0.00151	0.00045	0.00213	0.00145	0.00071	0.00194
8	0.00207	0.00142	0.00172	0.00173	0.00208	0.00127	0.00127	0.00252	0.00333	0.06150	0.31590	0.25943	0.30111	0.00336	0.00165	0.00048	0.00075	0.01109	0.02604	0.00128
9	0.00267	0.00317	0.18396	0.19046	0.09078	0.01796	0.04132	0.00968	0.02720	0.04051	0.10999	0.07781	0.11825	0.02415	0.03913	0.00055	0.00155	0.00757	0.01166	0.00164
10	0.02217	0.03199	0.51811	0.01976	0.16586	0.05363	0.05081	0.02666	0.05000	0.02481	0.02169	0.00333	0.00226	0.00138	0.00134	0.00043	0.00188	0.00115	0.00073	0.00203
11	0.00175	0.00144	0.00149	0.00147	0.00194	0.00122	0.00110	0.00217	0.01354	0.01602	0.08774	0.02195	0.83653	0.00343	0.00164	0.00047	0.00071	0.00288	0.00132	0.00121
12	0.00606	0.00233	0.00317	0.00244	0.00349	0.00201	0.00201	0.00660	0.00398	0.90488	0.04397	0.00496	0.00384	0.00177	0.00141	0.00043	0.00116	0.00144	0.00171	0.00232
13	0.00306	0.02572	0.27254	0.24436	0.22587	0.02582	0.06539	0.01715	0.03356	0.01795	0.01008	0.02532	0.02416	0.00147	0.00139	0.00044	0.00180	0.00131	0.00072	0.00190
14	0.00300	0.02248	0.03343	0.00354	0.08529	0.00261	0.16731	0.01572	0.22745	0.05705	0.06358	0.09167	0.10565	0.00235	0.00157	0.00048	0.00134	0.11256	0.00117	0.00177
15	0.00327	0.00300	0.00495	0.00724	0.73557	0.00301	0.00383	0.03336	0.00328	0.00460	0.00353	0.00575	0.00330	0.00174	0.00148	0.00046	0.00158	0.17718	0.00082	0.00203
16	0.00288	0.01182	0.03984	0.19175	0.08832	0.01199	0.03076	0.03295	0.00631	0.08385	0.00523	0.10129	0.03478	0.05193	0.00734	0.00482	0.01013	0.28139	0.00105	0.00156
17	0.00346	0.09477	0.09740	0.00933	0.10778	0.01537	0.05298	0.04460	0.00689	0.10391	0.03230	0.00800	0.01119	0.03284	0.00165	0.00039	0.06683	0.00116	0.00089	0.30825
18	0.01740	0.64470	0.02789	0.11256	0.08374	0.02352	0.01981	0.02363	0.00297	0.02426	0.00219	0.00264	0.00188	0.00125	0.00106	0.00034	0.00678	0.00090	0.00065	0.00182
19	0.00263	0.00192	0.00232	0.00233	0.00270	0.00197	0.00177	0.21573	0.01517	0.00490	0.01799	0.54145	0.01873	0.00360	0.00170	0.00054	0.00105	0.16074	0.00132	0.00145
20	0.00352	0.02283	0.00303	0.00284	0.01268	0.33171	0.00212	0.02120	0.22717	0.00414	0.00491	0.20548	0.02024	0.05662	0.00179	0.00051	0.00157	0.07498	0.00107	0.00160
21	0.14677	0.00259	0.00308	0.00243	0.00343	0.00254	0.00200	0.13972	0.04007	0.57864	0.02352	0.00432	0.00323	0.00167	0.00131	0.00043	0.00118	0.00131	0.03959	0.00217
22	0.02062	0.00735	0.00977	0.10958	0.14581	0.12650	0.00770	0.07929	0.02527	0.20948	0.04844	0.02487	0.00699	0.03427	0.11625	0.00067	0.01435	0.00141	0.00105	0.01035
23	0.00383	0.43117	0.10740	0.00292	0.02346	0.08384	0.00269	0.13339	0.14071	0.00458	0.00296	0.02225	0.00247	0.02025	0.00127	0.00039	0.00156	0.00109	0.01189	0.00191
24	0.00189	0.00147	0.01237	0.01101	0.00601	0.00136	0.00144	0.00236	0.02632	0.01014	0.13838	0.46983	0.17655	0.03329	0.03140	0.00061	0.00932	0.06378	0.00128	0.00122
25	0.00355	0.17566	0.36311	0.03363	0.21027	0.01922	0.00389	0.10310	0.01198	0.04738	0.00269	0.00316	0.00207	0.01291	0.00134	0.00042	0.00175	0.00108	0.00076	0.00205
26	0.21355	0.00308	0.01087	0.01083	0.02479	0.06066	0.03566	0.15319	0.03654	0.41086	0.00391	0.00379	0.00267	0.00159	0.00133	0.00043	0.01679	0.00606	0.00131	0.00208
27	0.03184	0.00236	0.00303	0.00764	0.01737	0.00223	0.00203	0.01654	0.14073	0.61209	0.07442	0.00575	0.01985	0.00193	0.00143	0.00045	0.00113	0.04370	0.01334	0.00215

[dist]
# distance from previous block
# <min> <max>
0	2

[block]
# block no. 5 follows, 231 sequences, length 16
# corresponding to MSA columns:
# 182-197
name=unknown_F
#
# <colnr> <probs for GDERKNQSTAVLIFYWHMCP>
#	G	D	E	R	K	N	Q	S	T	A	V	L	I	F	Y	W	H	M	C	P
0	0.00269	0.00203	0.03267	0.00248	0.04067	0.00188	0.00195	0.03132	0.09951	0.07900	0.28982	0.03346	0.09147	0.01016	0.00167	0.00050	0.00103	0.24917	0.02695	0.00155
1	0.00323	0.00309	0.01738	0.29710	0.48332	0.02760	0.03967	0.03279	0.00316	0.01993	0.00292	0.04420	0.00249	0.00148	0.00141	0.00044	0.00171	0.01541	0.00074	0.00192
2	0.00281	0.00365	0.25793	0.00291	0.00395	0.01200	0.04909	0.10155	0.13251	0.00485	0.00676	0.00807	0.23851	0.00240	0.00153	0.00048	0.00140	0.15561	0.01223	0.00174
3	0.00176	0.00140	0.00158	0.00158	0.00197	0.00122	0.00118	0.00220	0.00337	0.00431	0.29702	0.07558	0.57213	0.00338	0.00166	0.00047	0.00071	0.02590	0.00136	0.00122
4	0.00351	0.00299	0.20519	0.01629	0.02748	0.00201	0.00253	0.00423	0.00326	0.30623	0.04454	0.26049	0.03113	0.00255	0.00152	0.00048	0.00125	0.06217	0.01184	0.01029
5	0.92071	0.00274	0.00213	0.00189	0.00276	0.00317	0.00155	0.04342	0.00254	0.00634	0.00199	0.00230	0.00154	0.00131	0.00088	0.00043	0.00109	0.00077	0.00088	0.00154
6	0.00396	0.00324	0.00343	0.00293	0.00381	0.00369	0.00232	0.26330	0.68323	0.00663	0.00502	0.00468	0.00373	0.00183	0.00141	0.00046	0.00122	0.00148	0.00141	0.00225
7	0.00560	0.00218	0.00289	0.00227	0.00321	0.00191	0.00185	0.00615	0.00379	0.77845	0.00532	0.00481	0.00346	0.00170	0.00132	0.00041	0.00109	0.00138	0.17002	0.00218
8	0.01459	0.00268	0.01344	0.52952	0.13256	0.01355	0.09124	0.00377	0.02270	0.02196	0.09383	0.01489	0.00322	0.01674	0.00158	0.00047	0.01937	0.00144	0.00078	0.00166
9	0.00532	0.00385	0.00403	0.00312	0.00421	0.05495	0.00256	0.76957	0.00604	0.10320	0.00347	0.00342	0.00243	0.00165	0.00137	0.00041	0.00153	0.00124	0.00137	0.02625
10	0.00219	0.00155	0.00210	0.00233	0.00265	0.00151	0.00197	0.00279	0.00327	0.01651	0.13088	0.06796	0.06514	0.00366	0.00184	0.00059	0.00113	0.67548	0.01516	0.00128
11	0.96097	0.00269	0.00204	0.00183	0.00269	0.00312	0.00151	0.00409	0.00237	0.00624	0.00194	0.00226	0.00151	0.00129	0.00086	0.00043	0.00108	0.00075	0.00086	0.00151
12	0.00194	0.00135	0.00160	0.00165	0.00195	0.00123	0.00119	0.00236	0.00316	0.01815	0.24395	0.28142	0.28275	0.02852	0.00174	0.00049	0.00074	0.00287	0.12172	0.00122
13	0.00331	0.04350	0.21032	0.03236	0.02653	0.07311	0.03192	0.04420	0.36587	0.01464	0.08916	0.02618	0.01959	0.00182	0.00140	0.00045	0.00147	0.01114	0.00109	0.00195
14	0.00194	0.00147	0.00180	0.00171	0.00208	0.00135	0.00128	0.00263	0.03293	0.00518	0.70567	0.01089	0.22000	0.00296	0.00163	0.00045	0.00068	0.00258	0.00147	0.00131
15	0.01105	0.20591	0.35352	0.00882	0.06280	0.04645	0.02477	0.03402	0.03569	0.02431	0.13656	0.01454	0.01077	0.00662	0.00470	0.00182	0.00438	0.00386	0.00345	0.00596

[dist]
# distance from previous block
# <min> <max>
0	32

# created by:
# /home/simao/soft/augustus-3.0.3/scripts/msa2prfl.pl ./align_prep/COG0080.fa
