[name]
unknown

[dist]
# distance from previous block
# <min> <max>
0	77

[block]
# block no. 0 follows, 234 sequences, length 10
# corresponding to MSA columns:
# 83-92
name=unknown_A
#
# <colnr> <probs for GDERKNQSTAVLIFYWHMCP>
#	G	D	E	R	K	N	Q	S	T	A	V	L	I	F	Y	W	H	M	C	P
0	0.00336	0.06010	0.16402	0.06210	0.25465	0.02190	0.09229	0.04039	0.04277	0.02089	0.06093	0.04239	0.07934	0.02552	0.00174	0.00051	0.02249	0.00165	0.00096	0.00199
1	0.00305	0.33505	0.53854	0.00328	0.00485	0.00395	0.00390	0.00414	0.00280	0.00387	0.00230	0.00277	0.00182	0.00170	0.04231	0.00047	0.04179	0.00095	0.00059	0.00188
2	0.00304	0.01574	0.30341	0.19825	0.34381	0.01967	0.02351	0.02262	0.00304	0.00427	0.01514	0.02358	0.00224	0.00139	0.00140	0.00043	0.01463	0.00123	0.00067	0.00193
3	0.00187	0.00136	0.00178	0.00185	0.00211	0.00127	0.00138	0.00238	0.00339	0.00464	0.50135	0.28659	0.07338	0.00340	0.00169	0.00049	0.00076	0.10767	0.00140	0.00123
4	0.00186	0.00140	0.00174	0.00177	0.00210	0.00127	0.00135	0.00238	0.00344	0.00460	0.45814	0.12592	0.26076	0.00330	0.00167	0.00048	0.00076	0.12445	0.00139	0.00123
5	0.02542	0.16881	0.01729	0.01180	0.20040	0.05419	0.03559	0.09120	0.05089	0.16277	0.01440	0.02793	0.00278	0.02289	0.04369	0.00051	0.06527	0.00128	0.00097	0.00193
6	0.00187	0.00141	0.00161	0.00157	0.00198	0.00123	0.00117	0.00232	0.00339	0.03214	0.33655	0.06579	0.53755	0.00324	0.00162	0.00046	0.00070	0.00277	0.00137	0.00124
7	0.04148	0.02716	0.03733	0.09041	0.09573	0.45329	0.02174	0.06691	0.02454	0.04277	0.01598	0.02129	0.01460	0.01021	0.00719	0.00284	0.00674	0.00560	0.00535	0.00884
8	0.00250	0.00224	0.00361	0.66068	0.04008	0.00266	0.00326	0.01603	0.00288	0.00374	0.03566	0.03108	0.04281	0.01970	0.02232	0.00053	0.00167	0.10630	0.00078	0.00148
9	0.00242	0.00182	0.00221	0.00193	0.00248	0.00170	0.00148	0.02005	0.09248	0.02879	0.56625	0.00810	0.05151	0.00235	0.00151	0.00040	0.01533	0.00202	0.02918	0.16799

[dist]
# distance from previous block
# <min> <max>
0	1

[block]
# block no. 1 follows, 234 sequences, length 12
# corresponding to MSA columns:
# 106-117
name=unknown_B
#
# <colnr> <probs for GDERKNQSTAVLIFYWHMCP>
#	G	D	E	R	K	N	Q	S	T	A	V	L	I	F	Y	W	H	M	C	P
0	0.00437	0.00323	0.00531	0.00396	0.00511	0.00319	0.38146	0.17643	0.13087	0.24757	0.00397	0.00410	0.00278	0.00149	0.00147	0.00044	0.00168	0.00147	0.01900	0.00210
1	0.00335	0.00309	0.00525	0.16968	0.75380	0.00319	0.00408	0.00417	0.00309	0.03332	0.00265	0.00348	0.00215	0.00126	0.00136	0.00042	0.00165	0.00123	0.00070	0.00207
2	0.00268	0.00226	0.00357	0.00300	0.00366	0.00224	0.21089	0.00401	0.17193	0.03355	0.36520	0.00866	0.00774	0.00242	0.00162	0.00048	0.00123	0.17199	0.00127	0.00160
3	0.00269	0.00226	0.00280	0.00256	0.01952	0.00249	0.03081	0.00462	0.37893	0.00533	0.42745	0.00720	0.00784	0.00247	0.02028	0.00049	0.07730	0.00194	0.00134	0.00170
4	0.00347	0.12599	0.00548	0.14574	0.57550	0.00352	0.03322	0.03946	0.01751	0.03341	0.00264	0.00336	0.00214	0.00128	0.00131	0.00040	0.00163	0.00118	0.00073	0.00203
5	0.57421	0.00275	0.00263	0.00217	0.00311	0.00298	0.00179	0.14115	0.00335	0.24967	0.00302	0.00302	0.00211	0.00144	0.00106	0.00042	0.00116	0.00098	0.00115	0.00183
6	0.96143	0.00266	0.00202	0.00181	0.00266	0.00308	0.00149	0.00404	0.00234	0.00616	0.00191	0.00223	0.00149	0.00128	0.00085	0.00043	0.00106	0.00074	0.00085	0.00149
7	0.00290	0.00303	0.05507	0.60407	0.08053	0.00316	0.19119	0.02005	0.00297	0.02012	0.00259	0.00362	0.00194	0.00133	0.00142	0.00045	0.00191	0.00129	0.00066	0.00170
8	0.00267	0.00252	0.00377	0.57509	0.07193	0.04097	0.03139	0.00355	0.03497	0.01388	0.01705	0.03360	0.13209	0.00180	0.00145	0.00045	0.00997	0.01028	0.00079	0.01177
9	0.00260	0.00185	0.00213	0.00203	0.00235	0.00194	0.00144	0.05323	0.19601	0.03951	0.08924	0.09028	0.01854	0.41403	0.00391	0.00086	0.00116	0.07639	0.00115	0.00135
10	0.12427	0.00322	0.00392	0.40928	0.05893	0.08077	0.01490	0.23405	0.02124	0.03265	0.00272	0.00334	0.00202	0.00144	0.00130	0.00043	0.00167	0.00115	0.00089	0.00180
11	0.00200	0.00135	0.00159	0.00160	0.00164	0.00138	0.00096	0.00207	0.00206	0.00276	0.00437	0.00888	0.00495	0.82976	0.09533	0.00139	0.00155	0.03463	0.00084	0.00088

[dist]
# distance from previous block
# <min> <max>
0	3

[block]
# block no. 2 follows, 234 sequences, length 8
# corresponding to MSA columns:
# 121-128
name=unknown_C
#
# <colnr> <probs for GDERKNQSTAVLIFYWHMCP>
#	G	D	E	R	K	N	Q	S	T	A	V	L	I	F	Y	W	H	M	C	P
0	0.02292	0.00312	0.00396	0.15492	0.16027	0.03536	0.00285	0.24314	0.12362	0.23009	0.00378	0.00389	0.00268	0.00156	0.00136	0.00043	0.00147	0.00129	0.00119	0.00212
1	0.00522	0.00220	0.00290	0.00230	0.00321	0.00197	0.00187	0.02864	0.03479	0.70280	0.12455	0.00564	0.03208	0.00189	0.00140	0.00042	0.00107	0.00156	0.04335	0.00212
2	0.00202	0.00140	0.00173	0.00185	0.00206	0.00135	0.00128	0.00252	0.05568	0.03226	0.11681	0.48152	0.10117	0.13194	0.01711	0.00065	0.00092	0.01892	0.02759	0.00121
3	0.00262	0.00184	0.00219	0.00199	0.00246	0.02281	0.00153	0.02173	0.11551	0.08901	0.64503	0.00910	0.05201	0.00260	0.00157	0.00044	0.00082	0.02375	0.00148	0.00151
4	0.00254	0.00153	0.00199	0.00182	0.00225	0.00138	0.00138	0.00311	0.00375	0.14690	0.65781	0.07177	0.09283	0.00280	0.00159	0.00044	0.00074	0.00245	0.00150	0.00143
5	0.00202	0.00145	0.00182	0.00175	0.00211	0.00134	0.00132	0.00267	0.02467	0.02623	0.67806	0.04974	0.16549	0.00297	0.00162	0.00045	0.00070	0.03282	0.00146	0.00131
6	0.96143	0.00266	0.00202	0.00181	0.00266	0.00308	0.00149	0.00404	0.00234	0.00616	0.00191	0.00223	0.00149	0.00128	0.00085	0.00043	0.00106	0.00074	0.00085	0.00149
7	0.00408	0.68555	0.00627	0.00269	0.00373	0.27096	0.00244	0.00450	0.00310	0.00327	0.00197	0.00228	0.00176	0.00124	0.00098	0.00031	0.00175	0.00078	0.00062	0.00171

[dist]
# distance from previous block
# <min> <max>
0	1

[block]
# block no. 3 follows, 234 sequences, length 34
# corresponding to MSA columns:
# 130-163
name=unknown_D
#
# <colnr> <probs for GDERKNQSTAVLIFYWHMCP>
#	G	D	E	R	K	N	Q	S	T	A	V	L	I	F	Y	W	H	M	C	P
0	0.39859	0.00763	0.09572	0.07749	0.12988	0.00755	0.06550	0.08342	0.00627	0.01189	0.00685	0.00328	0.00208	0.00600	0.04565	0.00052	0.01405	0.01612	0.01978	0.00172
1	0.00415	0.18396	0.07149	0.03115	0.23428	0.29955	0.03744	0.03128	0.01057	0.06752	0.00257	0.00885	0.00207	0.00136	0.00126	0.00038	0.00844	0.00105	0.00076	0.00188
2	0.92476	0.00272	0.00210	0.00191	0.01279	0.01807	0.00154	0.00409	0.00239	0.01707	0.00196	0.00228	0.00152	0.00128	0.00087	0.00042	0.00109	0.00076	0.00086	0.00151
3	0.01830	0.00264	0.00409	0.25703	0.10837	0.00711	0.07913	0.04203	0.02975	0.00404	0.04143	0.02797	0.01190	0.01738	0.08412	0.00065	0.22792	0.01480	0.01972	0.00160
4	0.00196	0.00141	0.00178	0.00169	0.00204	0.00128	0.00127	0.00255	0.00373	0.01960	0.75469	0.03753	0.15160	0.00292	0.00162	0.00044	0.00067	0.00256	0.00939	0.00129
5	0.93186	0.00269	0.00208	0.00185	0.00271	0.00312	0.00152	0.03293	0.00247	0.00624	0.00196	0.00226	0.00151	0.00129	0.00087	0.00042	0.00108	0.00076	0.00087	0.00151
6	0.00213	0.00144	0.00186	0.00187	0.00208	0.00144	0.00574	0.00247	0.01312	0.03539	0.15638	0.16390	0.06659	0.24680	0.15530	0.04428	0.01190	0.05586	0.03029	0.00114
7	0.87610	0.00265	0.00213	0.00187	0.00274	0.00301	0.00154	0.01529	0.00251	0.07888	0.00220	0.00243	0.00165	0.00131	0.00090	0.00042	0.00108	0.00080	0.00092	0.00156
8	0.00252	0.00215	0.02888	0.03955	0.09057	0.00217	0.02452	0.02146	0.08302	0.03675	0.15119	0.13377	0.08606	0.04747	0.14130	0.00078	0.07280	0.03245	0.00107	0.00150
9	0.73144	0.00271	0.00263	0.02909	0.11849	0.00303	0.00194	0.01257	0.00261	0.08153	0.00230	0.00262	0.00174	0.00131	0.00097	0.00042	0.00117	0.00087	0.00090	0.00165
10	0.00325	0.00300	0.00495	0.04595	0.76301	0.00304	0.00376	0.00417	0.03758	0.00458	0.02907	0.00381	0.00265	0.00133	0.00133	0.00041	0.00151	0.00128	0.08328	0.00205
11	0.03243	0.03637	0.00350	0.00259	0.00361	0.00264	0.00216	0.16239	0.00419	0.68664	0.00468	0.00422	0.00304	0.00169	0.00148	0.00043	0.04284	0.00131	0.00153	0.00226
12	0.04363	0.05348	0.00472	0.21197	0.37451	0.12873	0.04025	0.01765	0.00859	0.03923	0.00288	0.03249	0.01298	0.00145	0.00134	0.00042	0.00619	0.00746	0.00075	0.01131
13	0.01074	0.06465	0.78091	0.00397	0.00586	0.00336	0.09363	0.00437	0.01227	0.00432	0.00249	0.00295	0.00180	0.00129	0.00131	0.00043	0.00201	0.00106	0.00060	0.00199
14	0.00199	0.00141	0.00183	0.00173	0.00206	0.00129	0.00129	0.00259	0.00377	0.02015	0.83578	0.05874	0.04375	0.01548	0.00169	0.00045	0.00067	0.00255	0.00149	0.00129
15	0.06652	0.00257	0.00300	0.04405	0.00359	0.01414	0.01433	0.08085	0.03815	0.13045	0.01603	0.02009	0.03921	0.00141	0.00117	0.00031	0.00113	0.00113	0.00103	0.52084
16	0.07553	0.11980	0.23213	0.00273	0.00385	0.01257	0.01617	0.05903	0.10438	0.12600	0.10274	0.06308	0.01060	0.01437	0.00137	0.00042	0.00136	0.00144	0.00105	0.05138
17	0.00614	0.00238	0.00321	0.00246	0.00353	0.00208	0.00203	0.03042	0.00400	0.92029	0.00537	0.00464	0.00337	0.00170	0.00138	0.00042	0.00118	0.00138	0.00169	0.00234
18	0.00175	0.00148	0.00167	0.03949	0.02724	0.00131	0.00127	0.00217	0.00321	0.00396	0.13453	0.02164	0.74895	0.00326	0.00161	0.00046	0.00076	0.00274	0.00126	0.00122
19	0.01535	0.00301	0.02206	0.38821	0.10700	0.00313	0.25817	0.06422	0.01591	0.06992	0.01491	0.01346	0.01549	0.00142	0.00144	0.00045	0.00182	0.00140	0.00081	0.00180
20	0.08609	0.00315	0.00510	0.00745	0.79730	0.00316	0.00383	0.00437	0.00312	0.06950	0.00272	0.00339	0.00220	0.00126	0.00132	0.00041	0.00155	0.00119	0.00077	0.00213
21	0.23212	0.00252	0.00298	0.00234	0.00336	0.00242	0.00193	0.07019	0.00373	0.65781	0.00444	0.00400	0.00287	0.00160	0.00126	0.00042	0.00117	0.00122	0.00148	0.00214
22	0.03368	0.00185	0.00228	0.00223	0.01890	0.01252	0.03970	0.02094	0.08728	0.01295	0.19051	0.04866	0.31961	0.00302	0.00162	0.00049	0.00098	0.20009	0.00128	0.00139
23	0.00312	0.12470	0.41269	0.06153	0.05840	0.02817	0.03100	0.01063	0.01587	0.08367	0.01616	0.00956	0.12848	0.00172	0.00819	0.00043	0.00166	0.00135	0.00082	0.00185
24	0.00388	0.14592	0.08753	0.03431	0.10655	0.07229	0.10508	0.06630	0.01658	0.19059	0.04285	0.05110	0.04554	0.00182	0.01283	0.00044	0.00604	0.00747	0.00101	0.00189
25	0.05832	0.00236	0.00312	0.00241	0.00346	0.00208	0.00199	0.00655	0.00384	0.89290	0.00523	0.00454	0.00330	0.00168	0.00135	0.00043	0.00116	0.00135	0.00165	0.00229
26	0.00324	0.00310	0.00512	0.25712	0.63450	0.01396	0.01055	0.02781	0.00310	0.00430	0.00254	0.00345	0.00208	0.00130	0.00143	0.00043	0.02210	0.00122	0.00068	0.00198
27	0.02330	0.00262	0.00408	0.23963	0.39460	0.03039	0.00941	0.00352	0.00291	0.00932	0.00375	0.20718	0.00373	0.00211	0.00932	0.00048	0.02051	0.03062	0.00082	0.00170
28	0.01638	0.02258	0.00777	0.02165	0.02989	0.45340	0.03657	0.21687	0.02714	0.06004	0.01343	0.00310	0.00222	0.00165	0.01108	0.00042	0.07195	0.00110	0.00093	0.00183
29	0.00193	0.00142	0.00183	0.00203	0.00230	0.00135	0.00159	0.00240	0.01196	0.00393	0.08490	0.29035	0.18072	0.04164	0.00198	0.00059	0.00097	0.36564	0.00127	0.00120
30	0.00202	0.00159	0.00186	0.03585	0.01619	0.00525	0.00138	0.01735	0.01894	0.02121	0.23524	0.02732	0.48621	0.07289	0.00205	0.00053	0.01793	0.03365	0.00126	0.00126
31	0.00314	0.05915	0.07075	0.19974	0.20527	0.02912	0.01088	0.05640	0.06664	0.00437	0.00649	0.02165	0.00724	0.02363	0.00799	0.00042	0.03648	0.00120	0.00079	0.18867
32	0.00190	0.00140	0.00174	0.00166	0.00200	0.00127	0.00123	0.00247	0.00369	0.00511	0.73914	0.01070	0.18011	0.02729	0.00175	0.00046	0.00067	0.00253	0.01363	0.00126
33	0.00322	0.02914	0.04432	0.20604	0.02901	0.03968	0.01074	0.06383	0.01483	0.05341	0.00276	0.01828	0.00221	0.00143	0.01450	0.00035	0.02241	0.00106	0.00084	0.44194

[dist]
# distance from previous block
# <min> <max>
4	14

[block]
# block no. 4 follows, 234 sequences, length 30
# corresponding to MSA columns:
# 178-182,185-209
name=unknown_E
#
# <colnr> <probs for GDERKNQSTAVLIFYWHMCP>
#	G	D	E	R	K	N	Q	S	T	A	V	L	I	F	Y	W	H	M	C	P
0	0.00375	0.00312	0.00330	0.00286	0.00370	0.00357	0.00226	0.18130	0.76612	0.00629	0.00516	0.00478	0.00385	0.00182	0.00139	0.00046	0.00117	0.00149	0.00139	0.00220
1	0.00173	0.00133	0.00158	0.00168	0.00196	0.00119	0.00120	0.00213	0.01126	0.00402	0.20974	0.37969	0.36146	0.01238	0.00172	0.00050	0.00073	0.00318	0.00132	0.00118
2	0.00303	0.00264	0.00368	0.01203	0.01152	0.00252	0.10535	0.00374	0.03804	0.04135	0.00751	0.00346	0.00232	0.01198	0.02157	0.01491	0.17552	0.01109	0.00082	0.52691
3	0.00277	0.00253	0.00345	0.02324	0.00327	0.00335	0.00249	0.00331	0.05527	0.00360	0.02519	0.02722	0.00958	0.06980	0.06092	0.00072	0.60986	0.03075	0.06123	0.00144
4	0.00326	0.14960	0.21913	0.02737	0.22941	0.02569	0.03367	0.01510	0.06216	0.03053	0.00724	0.02439	0.00839	0.00136	0.00124	0.00037	0.00157	0.00114	0.00077	0.15762
5	0.03880	0.00184	0.01931	0.00199	0.00251	0.00171	0.03041	0.02444	0.07903	0.04161	0.52054	0.01765	0.18152	0.00267	0.00155	0.00044	0.00084	0.02051	0.01119	0.00144
6	0.00319	0.01080	0.08681	0.02017	0.10859	0.06097	0.07440	0.09795	0.17042	0.03179	0.07549	0.06035	0.10340	0.02347	0.02954	0.00865	0.01809	0.01310	0.00107	0.00178
7	0.79901	0.00265	0.01020	0.00193	0.00278	0.00296	0.00160	0.02973	0.00261	0.08503	0.02335	0.00274	0.00198	0.01104	0.00106	0.00766	0.01030	0.00087	0.00094	0.00157
8	0.00867	0.00760	0.10272	0.20507	0.35562	0.03143	0.03430	0.02555	0.01504	0.03205	0.05462	0.00398	0.01122	0.01461	0.00553	0.00046	0.07462	0.00130	0.01376	0.00185
9	0.01460	0.02912	0.00654	0.00249	0.01639	0.01343	0.01356	0.05599	0.01177	0.09168	0.00358	0.01487	0.00326	0.18324	0.08421	0.03048	0.23911	0.02040	0.16382	0.00143
10	0.71919	0.02372	0.00810	0.00215	0.02232	0.00313	0.00173	0.06493	0.05205	0.07749	0.00251	0.00270	0.00187	0.00136	0.00097	0.00042	0.00112	0.00088	0.01169	0.00166
11	0.17763	0.00295	0.00334	0.00267	0.01636	0.00304	0.00217	0.33549	0.02120	0.41534	0.00400	0.00374	0.00268	0.00160	0.00128	0.00042	0.00128	0.00122	0.00141	0.00218
12	0.24977	0.00253	0.00272	0.00226	0.00305	0.00266	0.00182	0.21787	0.04336	0.18609	0.26778	0.00532	0.00539	0.00190	0.00131	0.00043	0.00107	0.00150	0.00134	0.00182
13	0.00335	0.01567	0.06353	0.19058	0.28032	0.04980	0.02327	0.09741	0.07591	0.03727	0.04835	0.05406	0.00720	0.00713	0.00149	0.00733	0.01024	0.01957	0.00565	0.00187
14	0.00200	0.00141	0.00180	0.00171	0.00205	0.00129	0.00128	0.00260	0.00375	0.02435	0.78675	0.03752	0.09841	0.01188	0.00166	0.00045	0.00067	0.00252	0.01660	0.00129
15	0.00220	0.01043	0.05884	0.17302	0.00372	0.00717	0.00206	0.01239	0.04966	0.00375	0.07084	0.27661	0.03558	0.15178	0.05309	0.01127	0.00558	0.06971	0.00102	0.00130
16	0.00182	0.00133	0.00175	0.00201	0.00220	0.00125	0.00150	0.00220	0.00289	0.00379	0.05848	0.56482	0.10210	0.00401	0.00177	0.00056	0.00090	0.24418	0.00129	0.00117
17	0.00281	0.00255	0.00432	0.19664	0.29842	0.00259	0.13098	0.00974	0.00312	0.03501	0.04848	0.06129	0.15178	0.00199	0.00150	0.00046	0.00149	0.04423	0.00090	0.00170
18	0.00310	0.00251	0.00294	0.01332	0.00339	0.00200	0.00173	0.04849	0.01891	0.04300	0.00266	0.00299	0.00214	0.00109	0.00106	0.00023	0.00106	0.00087	0.00088	0.84762
19	0.00616	0.00234	0.00319	0.00244	0.00351	0.00202	0.00202	0.00669	0.00393	0.94411	0.00542	0.00468	0.00340	0.00170	0.00138	0.00043	0.00117	0.00138	0.00170	0.00234
20	0.02539	0.00764	0.01301	0.02167	0.06380	0.00273	0.00219	0.25480	0.03977	0.10140	0.02418	0.00905	0.00264	0.00149	0.01162	0.00035	0.00586	0.00112	0.00787	0.40344
21	0.00897	0.03344	0.22966	0.21658	0.06240	0.00281	0.03187	0.01693	0.00994	0.13860	0.01640	0.00834	0.00234	0.00881	0.00141	0.00040	0.02598	0.00115	0.00084	0.18314
22	0.96143	0.00266	0.00202	0.00181	0.00266	0.00308	0.00149	0.00404	0.00234	0.00616	0.00191	0.00223	0.00149	0.00128	0.00085	0.00043	0.00106	0.00074	0.00085	0.00149
23	0.00347	0.00284	0.00309	0.00281	0.02024	0.00321	0.00215	0.07158	0.73842	0.03349	0.05574	0.04814	0.00470	0.00199	0.00142	0.00046	0.00109	0.00168	0.00139	0.00210
24	0.92337	0.00270	0.00217	0.00191	0.00277	0.00311	0.01805	0.02470	0.00244	0.00619	0.00196	0.00228	0.00152	0.00128	0.00088	0.00043	0.00109	0.00077	0.00086	0.00151
25	0.00175	0.00136	0.00158	0.00160	0.00195	0.00120	0.00117	0.00218	0.00332	0.00431	0.34176	0.16657	0.45959	0.00338	0.00164	0.00047	0.00070	0.00292	0.00136	0.00120
26	0.00224	0.00156	0.00182	0.00178	0.02620	0.00136	0.00130	0.00273	0.01235	0.10192	0.25065	0.01125	0.57371	0.00305	0.00159	0.00045	0.00076	0.00258	0.00137	0.00135
27	0.04569	0.00240	0.00312	0.00242	0.00344	0.00216	0.00199	0.06141	0.00400	0.80476	0.03117	0.00482	0.02264	0.00175	0.00137	0.00043	0.00116	0.00141	0.00163	0.00225
28	0.77655	0.00269	0.00230	0.00197	0.00287	0.00301	0.00163	0.06079	0.00280	0.13119	0.00246	0.00262	0.00179	0.00135	0.00095	0.00042	0.00110	0.00086	0.00099	0.00165
29	0.61823	0.03322	0.03938	0.01879	0.00320	0.03254	0.00975	0.03933	0.01353	0.01212	0.00217	0.00250	0.00170	0.00126	0.00096	0.00038	0.00119	0.00082	0.00085	0.16809

[dist]
# distance from previous block
# <min> <max>
0	1

[block]
# block no. 5 follows, 234 sequences, length 18
# corresponding to MSA columns:
# 211-228
name=unknown_F
#
# <colnr> <probs for GDERKNQSTAVLIFYWHMCP>
#	G	D	E	R	K	N	Q	S	T	A	V	L	I	F	Y	W	H	M	C	P
0	0.01986	0.00229	0.00285	0.01291	0.01751	0.00209	0.00185	0.04927	0.09090	0.34316	0.22904	0.00552	0.00535	0.00181	0.00135	0.00038	0.00103	0.00152	0.00138	0.20991
1	0.02419	0.00183	0.00228	0.00213	0.00269	0.00170	0.00172	0.03209	0.03623	0.07570	0.31696	0.03320	0.05404	0.00272	0.00157	0.00046	0.00097	0.26947	0.00131	0.13874
2	0.00292	0.00275	0.00465	0.62195	0.28689	0.00316	0.02707	0.02710	0.00297	0.00395	0.00251	0.00358	0.00195	0.00133	0.00138	0.00044	0.00178	0.00123	0.00065	0.00175
3	0.00474	0.00273	0.01303	0.05020	0.17721	0.02609	0.00256	0.04086	0.07908	0.47690	0.02847	0.02816	0.00339	0.00874	0.00148	0.00043	0.02097	0.00141	0.00131	0.03224
4	0.00183	0.00137	0.00169	0.00170	0.00201	0.00125	0.00125	0.00232	0.00341	0.00460	0.50053	0.16050	0.24118	0.03373	0.00182	0.00050	0.00073	0.03697	0.00139	0.00122
5	0.00191	0.00129	0.00165	0.00185	0.00198	0.00122	0.00125	0.00217	0.00263	0.02698	0.03223	0.61160	0.03134	0.18479	0.00272	0.00069	0.00093	0.06239	0.02927	0.00111
6	0.01525	0.04132	0.63150	0.02809	0.00566	0.02768	0.09978	0.02436	0.04770	0.00442	0.00283	0.00364	0.00218	0.00145	0.00140	0.00044	0.01691	0.04277	0.00069	0.00194
7	0.00250	0.00163	0.00208	0.00210	0.00245	0.00161	0.00160	0.05416	0.04407	0.07993	0.16546	0.35078	0.01658	0.03288	0.03000	0.00059	0.00103	0.16663	0.04253	0.00139
8	0.01355	0.00209	0.00280	0.00232	0.00315	0.00187	0.00188	0.01554	0.01357	0.65727	0.06378	0.11266	0.01596	0.00223	0.00147	0.00045	0.00109	0.06817	0.01815	0.00202
9	0.96143	0.00266	0.00202	0.00181	0.00266	0.00308	0.00149	0.00404	0.00234	0.00616	0.00191	0.00223	0.00149	0.00128	0.00085	0.00043	0.00106	0.00074	0.00085	0.00149
10	0.00183	0.00141	0.00163	0.00159	0.00198	0.00125	0.00119	0.00231	0.00341	0.01475	0.40259	0.03120	0.47108	0.02037	0.02388	0.00051	0.00077	0.01566	0.00136	0.00123
11	0.01774	0.10381	0.13987	0.05124	0.15609	0.02055	0.10975	0.06098	0.11194	0.04950	0.00290	0.00340	0.00227	0.00153	0.00179	0.00044	0.14397	0.00121	0.00082	0.02020
12	0.00400	0.74249	0.00646	0.00261	0.00369	0.21434	0.00242	0.00442	0.00304	0.00326	0.00196	0.00226	0.00176	0.00123	0.00096	0.00031	0.00169	0.00077	0.00061	0.00173
13	0.00233	0.00147	0.00179	0.00168	0.00209	0.00134	0.00128	0.00291	0.00358	0.08498	0.52053	0.00979	0.19796	0.00270	0.00151	0.00043	0.00072	0.02556	0.13600	0.00135
14	0.00205	0.00144	0.00195	0.01678	0.00230	0.00148	0.00147	0.02008	0.04347	0.00375	0.13845	0.35328	0.01935	0.02675	0.20463	0.14232	0.00151	0.01670	0.00108	0.00116
15	0.03012	0.00292	0.00329	0.00272	0.00365	0.00312	0.00218	0.20476	0.41296	0.29838	0.00494	0.00452	0.00347	0.00175	0.00137	0.00044	0.00120	0.00141	0.01457	0.00223
16	0.00358	0.00320	0.00512	0.04885	0.64101	0.00328	0.04625	0.13351	0.02348	0.01981	0.00295	0.00391	0.00246	0.03616	0.00159	0.00045	0.00162	0.01983	0.00082	0.00209
17	0.00463	0.00335	0.03168	0.02435	0.00392	0.04037	0.01536	0.48707	0.08036	0.14923	0.01672	0.00418	0.02816	0.00170	0.00134	0.00041	0.00137	0.00133	0.10236	0.00210

[dist]
# distance from previous block
# <min> <max>
0	5

[block]
# block no. 6 follows, 234 sequences, length 7
# corresponding to MSA columns:
# 234-240
name=unknown_G
#
# <colnr> <probs for GDERKNQSTAVLIFYWHMCP>
#	G	D	E	R	K	N	Q	S	T	A	V	L	I	F	Y	W	H	M	C	P
0	0.00254	0.00202	0.00274	0.11757	0.05953	0.02187	0.02927	0.05560	0.03273	0.03536	0.03507	0.29388	0.08491	0.06121	0.07361	0.00067	0.02969	0.02827	0.03205	0.00142
1	0.96143	0.00266	0.00202	0.00181	0.00266	0.00308	0.00149	0.00404	0.00234	0.00616	0.00191	0.00223	0.00149	0.00128	0.00085	0.00043	0.00106	0.00074	0.00085	0.00149
2	0.00450	0.01981	0.03715	0.02386	0.05980	0.02997	0.04493	0.57493	0.07552	0.02358	0.00339	0.00356	0.00249	0.00160	0.00141	0.00041	0.02091	0.00126	0.06879	0.00214
3	0.00396	0.04589	0.00385	0.07646	0.03251	0.13264	0.02449	0.15112	0.45501	0.03567	0.00412	0.00410	0.00310	0.00167	0.00141	0.00043	0.01905	0.00133	0.00116	0.00204
4	0.02347	0.00474	0.00399	0.13856	0.06824	0.49123	0.03126	0.03046	0.09672	0.09405	0.00291	0.00324	0.00222	0.00146	0.00130	0.00040	0.00201	0.00110	0.00088	0.00178
5	0.00345	0.00271	0.00322	0.00268	0.03415	0.00259	0.02500	0.04938	0.32853	0.08433	0.02456	0.00402	0.00316	0.00145	0.00124	0.00034	0.00112	0.00121	0.00113	0.42575
6	0.02020	0.01260	0.00262	0.02596	0.02187	0.01993	0.01469	0.01903	0.13569	0.03304	0.05831	0.16586	0.18095	0.00388	0.13335	0.00074	0.10712	0.04158	0.00111	0.00147

[dist]
# distance from previous block
# <min> <max>
0	1

[block]
# block no. 7 follows, 234 sequences, length 14
# corresponding to MSA columns:
# 242-255
name=unknown_H
#
# <colnr> <probs for GDERKNQSTAVLIFYWHMCP>
#	G	D	E	R	K	N	Q	S	T	A	V	L	I	F	Y	W	H	M	C	P
0	0.00488	0.00598	0.00370	0.00336	0.00406	0.82483	0.00253	0.02308	0.02789	0.02021	0.00294	0.02258	0.04496	0.00159	0.00128	0.00037	0.00228	0.00107	0.00079	0.00161
1	0.00224	0.00175	0.00209	0.00206	0.00237	0.03911	0.02064	0.00286	0.05164	0.01336	0.30301	0.09007	0.06583	0.19428	0.01355	0.00069	0.00110	0.19088	0.00123	0.00125
2	0.00261	0.00155	0.00196	0.00180	0.00227	0.00138	0.00137	0.00314	0.00363	0.17443	0.49233	0.08658	0.21587	0.00288	0.00159	0.00045	0.00076	0.00249	0.00147	0.00144
3	0.01270	0.00276	0.01259	0.42049	0.28461	0.02541	0.00354	0.02500	0.00294	0.02328	0.00292	0.02504	0.00249	0.00208	0.05625	0.00056	0.05242	0.04248	0.00073	0.00172
4	0.00609	0.00257	0.00325	0.00251	0.00356	0.04518	0.00206	0.03284	0.00400	0.87487	0.00521	0.00454	0.00330	0.00169	0.00137	0.00042	0.00124	0.00135	0.00165	0.00230
5	0.03311	0.00273	0.00297	0.00262	0.00341	0.00303	0.00205	0.00672	0.70017	0.14238	0.06161	0.00544	0.02381	0.00191	0.00140	0.00046	0.00106	0.00159	0.00143	0.00210
6	0.00195	0.00144	0.01173	0.00170	0.00192	0.00133	0.00119	0.00222	0.00264	0.01505	0.10839	0.12186	0.20251	0.39386	0.05869	0.00094	0.00120	0.06923	0.00108	0.00107
7	0.02139	0.36168	0.08999	0.02015	0.10998	0.11990	0.01542	0.02387	0.01399	0.12383	0.03604	0.01859	0.01462	0.01289	0.01186	0.00040	0.00160	0.00112	0.00084	0.00184
8	0.25163	0.00239	0.00284	0.00225	0.00324	0.00227	0.00186	0.00592	0.00350	0.67924	0.00449	0.00406	0.00291	0.00159	0.00123	0.00042	0.00113	0.00121	0.02571	0.00209
9	0.00179	0.00126	0.00161	0.00184	0.00198	0.00117	0.00125	0.00204	0.00270	0.01731	0.03549	0.70296	0.10611	0.08907	0.00220	0.00061	0.00085	0.02739	0.00125	0.00112
10	0.03712	0.01743	0.04075	0.10771	0.22019	0.03885	0.07855	0.20581	0.05747	0.06294	0.03702	0.02911	0.00881	0.00783	0.03043	0.00049	0.00164	0.00661	0.00930	0.00195
11	0.04584	0.03410	0.02987	0.04867	0.22503	0.20586	0.12289	0.06245	0.03098	0.04381	0.00932	0.08157	0.00281	0.00167	0.00150	0.00043	0.04040	0.01015	0.00085	0.00182
12	0.01002	0.00939	0.01835	0.00250	0.00297	0.00205	0.05962	0.01922	0.22400	0.01765	0.07036	0.34602	0.03529	0.00311	0.00163	0.00052	0.00107	0.16400	0.01070	0.00151
13	0.01101	0.01676	0.05471	0.15170	0.11366	0.04366	0.04201	0.11303	0.03124	0.04355	0.02440	0.05984	0.00859	0.01483	0.19348	0.00081	0.01231	0.01809	0.04464	0.00168

[dist]
# distance from previous block
# <min> <max>
0	3

[block]
# block no. 8 follows, 234 sequences, length 9
# corresponding to MSA columns:
# 260-268
name=unknown_I
#
# <colnr> <probs for GDERKNQSTAVLIFYWHMCP>
#	G	D	E	R	K	N	Q	S	T	A	V	L	I	F	Y	W	H	M	C	P
0	0.00387	0.05949	0.04304	0.10370	0.02853	0.02319	0.01128	0.27525	0.33014	0.02932	0.02107	0.00413	0.00311	0.01425	0.00147	0.00044	0.01736	0.00133	0.01522	0.01381
1	0.00326	0.00229	0.00284	0.02660	0.03248	0.00193	0.00181	0.00395	0.03293	0.15622	0.04252	0.04272	0.03242	0.01219	0.00132	0.00032	0.01619	0.02073	0.02855	0.53875
2	0.01992	0.14316	0.22010	0.13311	0.14686	0.06272	0.02555	0.05100	0.01388	0.04968	0.01116	0.04014	0.00266	0.01144	0.00143	0.00043	0.02085	0.04329	0.00079	0.00184
3	0.01340	0.10340	0.22200	0.05936	0.05707	0.00984	0.04831	0.05927	0.03277	0.02633	0.03529	0.17540	0.03305	0.00940	0.01094	0.00047	0.04385	0.02973	0.00091	0.02921
4	0.00258	0.00209	0.02197	0.00225	0.03246	0.05805	0.01368	0.03015	0.05427	0.03433	0.32835	0.02057	0.15742	0.00299	0.00229	0.19091	0.00104	0.01715	0.00116	0.02628
5	0.01309	0.02249	0.06114	0.04196	0.09080	0.01852	0.05374	0.02309	0.01925	0.50896	0.02272	0.00449	0.00316	0.01901	0.00157	0.00044	0.03157	0.01920	0.00128	0.04352
6	0.01843	0.02527	0.21155	0.07674	0.17516	0.01749	0.07085	0.02094	0.02036	0.23096	0.03459	0.03809	0.01253	0.00164	0.00147	0.00044	0.02626	0.01428	0.00099	0.00198
7	0.01398	0.03385	0.12719	0.13267	0.20373	0.03307	0.05924	0.01611	0.09144	0.04101	0.01972	0.12262	0.06846	0.00198	0.00144	0.00045	0.00150	0.02885	0.00092	0.00177
8	0.00288	0.00271	0.01719	0.65050	0.10336	0.04056	0.02542	0.00372	0.00293	0.03667	0.03133	0.02481	0.01447	0.00149	0.00138	0.00044	0.00172	0.00132	0.00072	0.03638

[dist]
# distance from previous block
# <min> <max>
0	34

# created by:
# /home/simao/soft/augustus-3.0.3/scripts/msa2prfl.pl ./align_prep/COG0098.fa
