[name]
unknown

[dist]
# distance from previous block
# <min> <max>
0	183

[block]
# block no. 0 follows, 40 sequences, length 54
# corresponding to MSA columns:
# 190-243
name=unknown_A
#
# <colnr> <probs for GDERKNQSTAVLIFYWHMCP>
#	G	D	E	R	K	N	Q	S	T	A	V	L	I	F	Y	W	H	M	C	P
0	0.00818	0.00591	0.00773	0.00735	0.00868	0.00545	0.00548	0.01085	0.01623	0.02295	0.72429	0.07650	0.05414	0.01217	0.00688	0.00185	0.00277	0.01078	0.00636	0.00545
1	0.05008	0.01549	0.03318	0.02376	0.02955	0.01463	0.70590	0.01856	0.01356	0.01896	0.01160	0.01541	0.00871	0.00492	0.00672	0.00195	0.00957	0.00670	0.00297	0.00777
2	0.00937	0.00669	0.00937	0.01071	0.01205	0.00669	0.00937	0.01205	0.01339	0.01740	0.03079	0.06560	0.03347	0.01606	0.00803	0.00268	0.00535	0.72021	0.00535	0.00535
3	0.02211	0.01629	0.01745	0.01338	0.01803	0.01803	0.01105	0.73997	0.02734	0.03665	0.01396	0.01396	0.00989	0.00698	0.00582	0.00175	0.00640	0.00524	0.00582	0.00989
4	0.01084	0.00542	0.00542	0.00542	0.00678	0.00542	0.00407	0.01355	0.01220	0.02168	0.01897	0.02168	0.01491	0.00678	0.00407	0.00136	0.00271	0.00542	0.82791	0.00542
5	0.01272	0.01272	0.01781	0.01527	0.01527	0.01781	0.01272	0.01399	0.00891	0.01399	0.00763	0.01272	0.00763	0.01018	0.01908	0.00254	0.78499	0.00509	0.00254	0.00636
6	0.01206	0.01034	0.01206	0.00861	0.01378	0.00775	0.00689	0.01464	0.01206	0.01895	0.01034	0.01206	0.00861	0.00431	0.00431	0.00086	0.00431	0.00345	0.00345	0.83118
7	0.01175	0.02946	0.73421	0.01691	0.02539	0.01356	0.05216	0.01843	0.01234	0.01843	0.01049	0.01242	0.00743	0.00550	0.00558	0.00185	0.00865	0.00441	0.00248	0.00856
8	0.00709	0.00506	0.00675	0.00810	0.00843	0.00472	0.00540	0.00810	0.01113	0.01484	0.03205	0.79184	0.03846	0.01822	0.00742	0.00236	0.00337	0.01653	0.00540	0.00472
9	0.02153	0.02735	0.01667	0.01552	0.03739	0.75243	0.01141	0.02308	0.01639	0.01436	0.00904	0.01059	0.00754	0.00597	0.00526	0.00150	0.01039	0.00378	0.00299	0.00681
10	0.01357	0.01537	0.03333	0.06876	0.03096	0.01460	0.69603	0.01841	0.01360	0.01841	0.01168	0.01568	0.00876	0.00496	0.00680	0.00196	0.00968	0.00676	0.00292	0.00776
11	0.00831	0.00623	0.00935	0.00935	0.01038	0.00727	0.00727	0.01038	0.00935	0.01350	0.01558	0.02285	0.01454	0.04361	0.77259	0.00935	0.01558	0.00623	0.00312	0.00519
12	0.00687	0.00589	0.00589	0.00589	0.00785	0.00491	0.00442	0.00835	0.01325	0.01571	0.05891	0.05596	0.75700	0.01473	0.00687	0.00196	0.00295	0.01227	0.00540	0.00491
13	0.01373	0.01569	0.03431	0.02451	0.03039	0.01471	0.73824	0.01863	0.01373	0.01863	0.01176	0.01569	0.00882	0.00490	0.00686	0.00196	0.00980	0.00686	0.00294	0.00784
14	0.01555	0.79913	0.03047	0.00995	0.01493	0.02301	0.00995	0.01741	0.01182	0.01368	0.00808	0.00933	0.00746	0.00498	0.00373	0.00124	0.00622	0.00311	0.00249	0.00746
15	0.01446	0.01249	0.01315	0.01183	0.01512	0.01446	0.00920	0.03090	0.74885	0.02433	0.02367	0.02170	0.01775	0.00789	0.00592	0.00197	0.00460	0.00657	0.00592	0.00920
16	0.00709	0.00506	0.00675	0.00810	0.00843	0.00472	0.00540	0.00810	0.01113	0.01484	0.03205	0.79184	0.03846	0.01822	0.00742	0.00236	0.00337	0.01653	0.00540	0.00472
17	0.01276	0.01282	0.01837	0.01558	0.01578	0.01771	0.03717	0.01415	0.00907	0.01415	0.00777	0.01282	0.00767	0.01000	0.01867	0.00252	0.75887	0.00515	0.00256	0.00641
18	0.01084	0.00542	0.00542	0.00542	0.00678	0.00542	0.00407	0.01355	0.01220	0.02168	0.01897	0.02168	0.01491	0.00678	0.00407	0.00136	0.00271	0.00542	0.82791	0.00542
19	0.00813	0.00594	0.00764	0.00722	0.00863	0.00545	0.00541	0.01079	0.01624	0.02278	0.70725	0.04432	0.10424	0.01209	0.00686	0.00184	0.00276	0.01064	0.00633	0.00545
20	0.01439	0.01382	0.02360	0.03569	0.75936	0.01382	0.01785	0.01785	0.01324	0.01900	0.01094	0.01439	0.00921	0.00518	0.00576	0.00173	0.00691	0.00518	0.00288	0.00921
21	0.01206	0.01034	0.01206	0.00861	0.01378	0.00775	0.00689	0.01464	0.01206	0.01895	0.01034	0.01206	0.00861	0.00431	0.00431	0.00086	0.00431	0.00345	0.00345	0.83118
22	0.00713	0.00508	0.00674	0.00804	0.00837	0.00475	0.00534	0.00811	0.01105	0.01474	0.03163	0.76879	0.03793	0.04198	0.00810	0.00246	0.00344	0.01628	0.00534	0.00469
23	0.00704	0.00524	0.00656	0.00761	0.00831	0.00476	0.00518	0.00815	0.01160	0.01504	0.03799	0.62913	0.19733	0.01745	0.00730	0.00227	0.00328	0.01559	0.00540	0.00476
24	0.01166	0.03008	0.76550	0.01657	0.02517	0.01351	0.02149	0.01842	0.01228	0.01842	0.01044	0.01228	0.00737	0.00552	0.00552	0.00184	0.00859	0.00430	0.00246	0.00859
25	0.01439	0.01382	0.02360	0.03569	0.75936	0.01382	0.01785	0.01785	0.01324	0.01900	0.01094	0.01439	0.00921	0.00518	0.00576	0.00173	0.00691	0.00518	0.00288	0.00921
26	0.02026	0.02495	0.01790	0.01910	0.16545	0.62141	0.01255	0.02215	0.01584	0.01518	0.00938	0.01126	0.00783	0.00583	0.00535	0.00154	0.00978	0.00403	0.00297	0.00723
27	0.01469	0.60932	0.05826	0.00997	0.01514	0.01957	0.00984	0.01690	0.01188	0.01493	0.00863	0.01000	0.00769	0.00487	0.00392	0.00119	0.00594	0.00323	0.00268	0.17136
28	0.01168	0.00671	0.00888	0.00790	0.00988	0.00608	0.00608	0.01433	0.01650	0.16632	0.61459	0.03887	0.04705	0.01098	0.00666	0.00182	0.00317	0.00961	0.00656	0.00634
29	0.01462	0.04388	0.59888	0.01518	0.02288	0.01274	0.01864	0.02037	0.01314	0.16649	0.01287	0.01370	0.00877	0.00584	0.00555	0.00182	0.00781	0.00458	0.00340	0.00883
30	0.01369	0.01215	0.01999	0.02967	0.60966	0.01215	0.01511	0.01699	0.01303	0.01953	0.01254	0.01584	0.01034	0.00550	0.00542	0.00165	0.00607	0.00523	0.16699	0.00846
31	0.00947	0.00725	0.00884	0.00821	0.00997	0.00727	0.00623	0.01494	0.16214	0.02352	0.61056	0.03911	0.04749	0.01109	0.00667	0.00186	0.00311	0.00973	0.00631	0.00623
32	0.00904	0.00600	0.00790	0.00765	0.00900	0.00551	0.00565	0.01142	0.01541	0.06483	0.56943	0.19093	0.04924	0.01287	0.00691	0.00193	0.00300	0.01144	0.00625	0.00559
33	0.00891	0.01075	0.15850	0.00916	0.01197	0.00708	0.00867	0.01245	0.01563	0.02234	0.60793	0.03724	0.04542	0.01062	0.00659	0.00183	0.00391	0.00928	0.00562	0.00611
34	0.00947	0.00725	0.00884	0.00821	0.00997	0.00727	0.00623	0.01494	0.16214	0.02352	0.61056	0.03911	0.04749	0.01109	0.00667	0.00186	0.00311	0.00973	0.00631	0.00623
35	0.00687	0.00589	0.00589	0.00589	0.00785	0.00491	0.00442	0.00835	0.01325	0.01571	0.05891	0.05596	0.75700	0.01473	0.00687	0.00196	0.00295	0.01227	0.00540	0.00491
36	0.00852	0.00643	0.00831	0.00870	0.01020	0.00571	0.00646	0.01016	0.01175	0.01616	0.02749	0.49640	0.03156	0.01504	0.00692	0.00212	0.00394	0.14990	0.00500	0.16924
37	0.01560	0.60964	0.02643	0.01054	0.01510	0.05337	0.00986	0.02034	0.15862	0.01582	0.01122	0.01184	0.00951	0.00560	0.00423	0.00140	0.00608	0.00383	0.00319	0.00778
38	0.01426	0.01419	0.02573	0.03347	0.61435	0.01399	0.16114	0.01800	0.01334	0.01892	0.01110	0.01465	0.00913	0.00513	0.00598	0.00177	0.00748	0.00552	0.00289	0.00894
39	0.17578	0.02633	0.61493	0.01480	0.02240	0.01341	0.01846	0.01815	0.01180	0.01994	0.00997	0.01171	0.00715	0.00550	0.00514	0.00183	0.00778	0.00407	0.00268	0.00814
40	0.01272	0.01272	0.01781	0.01527	0.01527	0.01781	0.01272	0.01399	0.00891	0.01399	0.00763	0.01272	0.00763	0.01018	0.01908	0.00254	0.78499	0.00509	0.00254	0.00636
41	0.01447	0.01090	0.01676	0.41747	0.02822	0.01340	0.01370	0.01730	0.01188	0.16351	0.01210	0.01559	0.00904	0.00729	0.00947	0.00208	0.22094	0.00528	0.00349	0.00712
42	0.01485	0.01025	0.01234	0.00896	0.01399	0.00791	0.00722	0.01737	0.01297	0.16703	0.01284	0.01360	0.00976	0.00488	0.00461	0.00105	0.00443	0.00392	0.00419	0.66781
43	0.00800	0.00577	0.00757	0.00747	0.00864	0.00534	0.00547	0.01040	0.01540	0.02163	0.61223	0.19231	0.05161	0.01315	0.00697	0.00193	0.00287	0.01171	0.00620	0.00534
44	0.01374	0.02734	0.61670	0.01594	0.02375	0.01441	0.01941	0.16194	0.01527	0.02204	0.01114	0.01261	0.00787	0.00581	0.00558	0.00182	0.00816	0.00448	0.00312	0.00885
45	0.01332	0.01323	0.02404	0.23862	0.41654	0.01375	0.16068	0.01718	0.01289	0.01779	0.01094	0.01496	0.00873	0.00530	0.00599	0.00183	0.00772	0.00551	0.00281	0.00818
46	0.01196	0.00648	0.00777	0.00714	0.00803	0.00622	0.00452	0.01241	0.01009	0.16088	0.01924	0.03442	0.01980	0.63880	0.02487	0.00487	0.00550	0.00794	0.00425	0.00479
47	0.00800	0.00577	0.00757	0.00747	0.00864	0.00534	0.00547	0.01040	0.01540	0.02163	0.61223	0.19231	0.05161	0.01315	0.00697	0.00193	0.00287	0.01171	0.00620	0.00534
48	0.00909	0.01050	0.15735	0.00838	0.01009	0.00720	0.00710	0.01044	0.00922	0.01270	0.01675	0.03293	0.01840	0.63847	0.02481	0.00488	0.00623	0.00763	0.00331	0.00453
49	0.17578	0.02633	0.61493	0.01480	0.02240	0.01341	0.01846	0.01815	0.01180	0.01994	0.00997	0.01171	0.00715	0.00550	0.00514	0.00183	0.00778	0.00407	0.00268	0.00814
50	0.00687	0.00589	0.00589	0.00589	0.00785	0.00491	0.00442	0.00835	0.01325	0.01571	0.05891	0.05596	0.75700	0.01473	0.00687	0.00196	0.00295	0.01227	0.00540	0.00491
51	0.01480	0.01167	0.01272	0.01135	0.01435	0.01305	0.00879	0.16330	0.44228	0.04543	0.02344	0.17334	0.02026	0.00975	0.00620	0.00200	0.00471	0.00828	0.00583	0.00846
52	0.01265	0.01381	0.02935	0.02149	0.02641	0.01323	0.59283	0.01699	0.01285	0.01761	0.01252	0.01711	0.00996	0.01260	0.15918	0.00343	0.01095	0.00674	0.00298	0.00732
53	0.01206	0.01034	0.01206	0.00861	0.01378	0.00775	0.00689	0.01464	0.01206	0.01895	0.01034	0.01206	0.00861	0.00431	0.00431	0.00086	0.00431	0.00345	0.00345	0.83118

[dist]
# distance from previous block
# <min> <max>
14	35

[block]
# block no. 1 follows, 40 sequences, length 6
# corresponding to MSA columns:
# 302-307
name=unknown_B
#
# <colnr> <probs for GDERKNQSTAVLIFYWHMCP>
#	G	D	E	R	K	N	Q	S	T	A	V	L	I	F	Y	W	H	M	C	P
0	0.26986	0.01270	0.02058	0.01537	0.02016	0.01247	0.30927	0.02088	0.01337	0.22939	0.01377	0.01492	0.00961	0.00570	0.00558	0.00187	0.00682	0.00544	0.00433	0.00794
1	0.00981	0.22760	0.01370	0.00838	0.01033	0.01008	0.00670	0.01159	0.01296	0.01712	0.24770	0.34303	0.03482	0.01257	0.00622	0.00189	0.00398	0.01093	0.00489	0.00572
2	0.26179	0.00696	0.00730	0.00796	0.00930	0.00728	0.00567	0.01086	0.01075	0.01830	0.02470	0.55163	0.02859	0.01428	0.00625	0.00219	0.00372	0.01242	0.00485	0.00521
3	0.01290	0.01038	0.01416	0.32911	0.02418	0.01183	0.01142	0.21575	0.01587	0.02095	0.01802	0.25342	0.01778	0.00995	0.00631	0.00201	0.00603	0.00868	0.00435	0.00689
4	0.24751	0.00906	0.01035	0.00866	0.01195	0.00887	0.00698	0.01986	0.01470	0.32979	0.24394	0.02416	0.02455	0.00813	0.00553	0.00181	0.00415	0.00653	0.00595	0.00754
5	0.01020	0.00762	0.00844	0.00816	0.00916	0.00818	0.00549	0.01497	0.21602	0.01532	0.02061	0.03523	0.02098	0.52560	0.02160	0.00442	0.00533	0.05316	0.00431	0.00523

[dist]
# distance from previous block
# <min> <max>
15	32

[block]
# block no. 2 follows, 40 sequences, length 9
# corresponding to MSA columns:
# 340-348
name=unknown_C
#
# <colnr> <probs for GDERKNQSTAVLIFYWHMCP>
#	G	D	E	R	K	N	Q	S	T	A	V	L	I	F	Y	W	H	M	C	P
0	0.02188	0.02313	0.01687	0.01434	0.01800	0.46989	0.01116	0.31058	0.02083	0.02322	0.01098	0.01188	0.00845	0.00639	0.00547	0.00160	0.00885	0.00434	0.00413	0.00800
1	0.00837	0.00637	0.00798	0.00878	0.01037	0.00598	0.00739	0.01056	0.01333	0.01672	0.04206	0.06173	0.32355	0.01553	0.00757	0.00239	0.00439	0.43638	0.00537	0.00518
2	0.01249	0.02431	0.47235	0.01976	0.02726	0.01399	0.30885	0.01850	0.01286	0.01850	0.01097	0.01364	0.00795	0.00528	0.00606	0.00189	0.00908	0.00533	0.00265	0.00829
3	0.01749	0.01481	0.02114	0.02675	0.46214	0.01551	0.01512	0.30736	0.01889	0.02607	0.01215	0.01422	0.00948	0.00590	0.00578	0.00173	0.00670	0.00520	0.00406	0.00948
4	0.00757	0.00592	0.00685	0.00662	0.00828	0.00520	0.00496	0.00969	0.01489	0.01960	0.41525	0.04956	0.39823	0.01328	0.00687	0.00189	0.00284	0.01138	0.00591	0.00520
5	0.01373	0.01569	0.03431	0.02451	0.03039	0.01471	0.73824	0.01863	0.01373	0.01863	0.01176	0.01569	0.00882	0.00490	0.00686	0.00196	0.00980	0.00686	0.00294	0.00784
6	0.01073	0.00857	0.00993	0.00913	0.01127	0.00909	0.00698	0.01896	0.31009	0.02372	0.46256	0.03472	0.03999	0.01029	0.00648	0.00189	0.00349	0.00894	0.00621	0.00698
7	0.00895	0.00767	0.00836	0.00698	0.01023	0.00605	0.00541	0.01087	0.01278	0.01701	0.03944	0.03836	0.45695	0.01055	0.00584	0.00152	0.00349	0.00873	0.00462	0.33618
8	0.01749	0.01481	0.02114	0.02675	0.46214	0.01551	0.01512	0.30736	0.01889	0.02607	0.01215	0.01422	0.00948	0.00590	0.00578	0.00173	0.00670	0.00520	0.00406	0.00948

[dist]
# distance from previous block
# <min> <max>
0	70

# created by:
# /software/SequenceAnalysis/GenePrediction/augustus/3.0.1/scripts/msa2prfl.pl ./fixed/BUSCOvEOG773R60.fas
