[name]
unknown

[dist]
# distance from previous block
# <min> <max>
0	130

[block]
# block no. 0 follows, 41 sequences, length 18
# corresponding to MSA columns:
# 139-156
name=unknown_A
#
# <colnr> <probs for GDERKNQSTAVLIFYWHMCP>
#	G	D	E	R	K	N	Q	S	T	A	V	L	I	F	Y	W	H	M	C	P
0	0.00922	0.00658	0.00922	0.01053	0.01185	0.00658	0.00922	0.01185	0.01317	0.01712	0.03029	0.06452	0.03292	0.01580	0.00790	0.00263	0.00527	0.72480	0.00527	0.00527
1	0.01366	0.01555	0.03119	0.09812	0.03017	0.05512	0.63217	0.01820	0.01344	0.01773	0.01129	0.01514	0.00851	0.00497	0.00656	0.00190	0.00948	0.00642	0.00286	0.00752
2	0.01170	0.07612	0.72483	0.01591	0.02415	0.01385	0.02045	0.01805	0.01205	0.01783	0.01013	0.01190	0.00725	0.00540	0.00533	0.00178	0.00831	0.00416	0.00242	0.00839
3	0.00817	0.00613	0.00919	0.00919	0.01021	0.00715	0.00715	0.01021	0.00919	0.01328	0.01532	0.02247	0.01430	0.04290	0.77631	0.00919	0.01532	0.00613	0.00306	0.00511
4	0.00705	0.00581	0.00620	0.00610	0.00790	0.00495	0.00457	0.00877	0.01372	0.01708	0.21065	0.05237	0.60726	0.01388	0.00676	0.00190	0.00285	0.01170	0.00553	0.00495
5	0.02313	0.01233	0.05460	0.01125	0.01583	0.01111	0.00966	0.17836	0.07940	0.51157	0.02011	0.01802	0.01313	0.00700	0.00573	0.00177	0.00533	0.00560	0.00644	0.00961
6	0.01169	0.00778	0.02538	0.00814	0.01024	0.00745	0.00640	0.01677	0.15072	0.10062	0.29755	0.08697	0.03137	0.00960	0.00583	0.00175	0.00343	0.00825	0.20354	0.00653
7	0.00803	0.00584	0.00755	0.00713	0.00850	0.00537	0.00535	0.01067	0.01604	0.02257	0.72570	0.04333	0.08878	0.01183	0.00675	0.00181	0.00271	0.01043	0.00625	0.00537
8	0.01532	0.01615	0.02087	0.07842	0.49679	0.17435	0.01566	0.01816	0.01324	0.01702	0.01005	0.01328	0.00848	0.00571	0.00665	0.00173	0.07238	0.00479	0.00281	0.00814
9	0.01450	0.01267	0.01877	0.02584	0.48931	0.04949	0.01390	0.01859	0.07473	0.08122	0.09252	0.01988	0.04998	0.00664	0.00582	0.00173	0.00601	0.00606	0.00391	0.00842
10	0.00708	0.00506	0.00677	0.00809	0.00847	0.00474	0.00550	0.00816	0.01106	0.01473	0.03146	0.75898	0.03759	0.01781	0.00733	0.00234	0.00342	0.05143	0.00531	0.00468
11	0.01529	0.80242	0.02997	0.00979	0.01468	0.02263	0.00979	0.01713	0.01162	0.01346	0.00795	0.00918	0.00734	0.00489	0.00367	0.00122	0.00612	0.00306	0.00245	0.00734
12	0.01186	0.01017	0.01186	0.00847	0.01356	0.00762	0.00678	0.01440	0.01186	0.01864	0.01017	0.01186	0.00847	0.00424	0.00424	0.00085	0.00424	0.00339	0.00339	0.83395
13	0.35562	0.10211	0.19460	0.01111	0.01606	0.06811	0.01109	0.07612	0.03568	0.06713	0.01038	0.01135	0.00776	0.00564	0.00450	0.00170	0.00617	0.00383	0.00357	0.00747
14	0.25328	0.00676	0.00773	0.00747	0.00851	0.00727	0.00533	0.01020	0.00812	0.01455	0.00936	0.01501	0.00884	0.01560	0.01683	0.58954	0.00481	0.00442	0.00279	0.00357
15	0.02071	0.02227	0.01549	0.01355	0.01681	0.51157	0.01041	0.15536	0.06222	0.05963	0.01183	0.01264	0.00913	0.00629	0.00528	0.00156	0.00856	0.00431	0.04494	0.00745
16	0.01210	0.01065	0.01354	0.01027	0.01481	0.00912	0.06805	0.01702	0.13633	0.01926	0.01377	0.06080	0.01176	0.00570	0.00489	0.00121	0.00468	0.00496	0.00387	0.57722
17	0.01373	0.01480	0.03014	0.02788	0.28146	0.01416	0.49385	0.01806	0.01334	0.01845	0.01129	0.01499	0.00881	0.00492	0.00638	0.00185	0.00867	0.00618	0.00287	0.00818

[dist]
# distance from previous block
# <min> <max>
9	168

# created by:
# /software/SequenceAnalysis/GenePrediction/augustus/3.0.1/scripts/msa2prfl.pl ./fixed/BUSCOvEOG7VMGVX.fas
