[name]
unknown

[dist]
# distance from previous block
# <min> <max>
83	780

[block]
# block no. 0 follows, 39 sequences, length 59
# corresponding to MSA columns:
# 863-921
name=unknown_A
#
# <colnr> <probs for GDERKNQSTAVLIFYWHMCP>
#	G	D	E	R	K	N	Q	S	T	A	V	L	I	F	Y	W	H	M	C	P
0	0.01516	0.01253	0.01423	0.01076	0.01607	0.00960	0.00827	0.01688	0.01406	0.02184	0.01343	0.01631	0.01153	0.00639	0.00568	0.00145	0.00540	0.00451	0.00449	0.79142
1	0.00860	0.00573	0.00645	0.00645	0.00645	0.00573	0.00358	0.00860	0.00860	0.01147	0.01863	0.03870	0.02150	0.79217	0.03010	0.00573	0.00573	0.00860	0.00358	0.00358
2	0.01205	0.06634	0.72739	0.01654	0.02511	0.01419	0.02130	0.01868	0.01246	0.01850	0.01050	0.01235	0.00750	0.00559	0.00553	0.00184	0.00863	0.00431	0.00250	0.00869
3	0.01098	0.01026	0.01723	0.74199	0.03923	0.01275	0.01591	0.01479	0.01180	0.01511	0.01154	0.05187	0.00934	0.00650	0.00599	0.00199	0.00768	0.00580	0.00276	0.00649
4	0.00854	0.00598	0.00772	0.00772	0.00816	0.00642	0.00516	0.00941	0.00898	0.01241	0.01747	0.03228	0.01871	0.48189	0.33657	0.00730	0.00993	0.00766	0.00341	0.00429
5	0.05404	0.75908	0.02995	0.01001	0.01500	0.02293	0.00995	0.01769	0.01192	0.01450	0.00822	0.00949	0.00753	0.00508	0.00379	0.00129	0.00624	0.00316	0.00258	0.00753
6	0.02614	0.01069	0.01411	0.01082	0.01541	0.00962	0.00894	0.09672	0.01797	0.68999	0.02245	0.01956	0.01420	0.00730	0.00594	0.00182	0.00517	0.00589	0.00718	0.01006
7	0.01186	0.03059	0.76153	0.01686	0.02560	0.01373	0.02185	0.01873	0.01249	0.01873	0.01061	0.01249	0.00749	0.00562	0.00562	0.00187	0.00874	0.00437	0.00250	0.00874
8	0.00910	0.00681	0.00989	0.00970	0.01092	0.00790	0.00757	0.04444	0.01036	0.01483	0.01576	0.02281	0.01456	0.04261	0.73309	0.00914	0.01540	0.00629	0.00330	0.00550
9	0.01180	0.01023	0.01643	0.59816	0.03415	0.01230	0.03733	0.05098	0.01278	0.01739	0.01208	0.01665	0.00913	0.00609	0.00568	0.00187	0.00710	0.00535	0.12787	0.00663
10	0.01433	0.01603	0.02781	0.02100	0.02476	0.08142	0.43452	0.01780	0.01259	0.01701	0.01034	0.01450	0.00846	0.00684	0.01091	0.00215	0.26316	0.00611	0.00286	0.00738
11	0.01229	0.01379	0.06111	0.02017	0.02482	0.01230	0.49186	0.01649	0.01349	0.01824	0.01763	0.12355	0.01677	0.00856	0.00718	0.00216	0.00835	0.12037	0.00368	0.00720
12	0.00860	0.00573	0.00645	0.00645	0.00645	0.00573	0.00358	0.00860	0.00860	0.01147	0.01863	0.03870	0.02150	0.79217	0.03010	0.00573	0.00573	0.00860	0.00358	0.00358
13	0.00838	0.00611	0.00864	0.00977	0.01068	0.00591	0.02291	0.01024	0.01239	0.01633	0.03158	0.45246	0.03622	0.01727	0.00781	0.00253	0.00446	0.32571	0.00542	0.00516
14	0.00860	0.00573	0.00645	0.00645	0.00645	0.00573	0.00358	0.00860	0.00860	0.01147	0.01863	0.03870	0.02150	0.79217	0.03010	0.00573	0.00573	0.00860	0.00358	0.00358
15	0.01210	0.07598	0.71819	0.01646	0.02498	0.01431	0.02115	0.01867	0.01246	0.01844	0.01047	0.01231	0.00750	0.00559	0.00551	0.00184	0.00860	0.00430	0.00250	0.00867
16	0.01205	0.05886	0.02192	0.55941	0.03646	0.01427	0.15684	0.01599	0.01217	0.01576	0.01057	0.01533	0.00808	0.00582	0.00643	0.00195	0.03303	0.00547	0.00269	0.00690
17	0.00973	0.00809	0.01267	0.02652	0.01389	0.00770	0.12175	0.05388	0.01292	0.01744	0.02624	0.51322	0.02968	0.01438	0.00715	0.00221	0.00491	0.05158	0.00493	0.06112
18	0.01314	0.01556	0.16521	0.10319	0.06024	0.04084	0.01202	0.02921	0.01290	0.03887	0.01092	0.01303	0.00857	0.00506	0.00500	0.00132	0.00613	0.00409	0.00329	0.45139
19	0.01474	0.06038	0.08241	0.06809	0.02504	0.13427	0.33327	0.01846	0.01335	0.01721	0.01052	0.01381	0.00835	0.00580	0.00749	0.00183	0.09339	0.00544	0.00292	0.08323
20	0.69687	0.04475	0.03457	0.00882	0.01270	0.05926	0.00752	0.04348	0.01126	0.02543	0.00858	0.00992	0.00669	0.00557	0.00391	0.00179	0.00521	0.00335	0.00362	0.00668
21	0.01191	0.02933	0.71163	0.04796	0.04600	0.01372	0.02153	0.01857	0.01249	0.01860	0.01062	0.01268	0.00756	0.00562	0.00564	0.00187	0.00866	0.00443	0.00251	0.00867
22	0.54830	0.25411	0.01579	0.00861	0.01274	0.01622	0.00765	0.01794	0.01094	0.05207	0.00884	0.00999	0.00710	0.00543	0.00379	0.00166	0.00513	0.00330	0.00346	0.00692
23	0.46011	0.01309	0.05608	0.01541	0.13280	0.01295	0.12203	0.01704	0.01154	0.02283	0.01261	0.04972	0.03885	0.00637	0.00495	0.00188	0.00591	0.00519	0.00354	0.00711
24	0.01368	0.01291	0.01705	0.13870	0.01996	0.05968	0.03510	0.01587	0.01117	0.04818	0.00970	0.01353	0.00833	0.00778	0.01212	0.00200	0.38222	0.00484	0.00304	0.18415
25	0.00896	0.00645	0.00881	0.00990	0.01115	0.00630	0.00828	0.01139	0.01365	0.01796	0.11733	0.16710	0.06677	0.01610	0.00789	0.00255	0.00474	0.50374	0.00558	0.00535
26	0.01238	0.01144	0.04497	0.00961	0.01458	0.00886	0.00806	0.01681	0.09638	0.01979	0.01321	0.01637	0.01115	0.00550	0.00483	0.00115	0.00466	0.04276	0.00385	0.65365
27	0.00807	0.00592	0.00756	0.00739	0.00871	0.00541	0.00545	0.01048	0.01567	0.02173	0.58172	0.14363	0.12974	0.01325	0.00705	0.00195	0.00290	0.01170	0.00626	0.00541
28	0.01027	0.00776	0.00959	0.04233	0.01196	0.00793	0.00715	0.01585	0.16868	0.04243	0.41710	0.07065	0.08980	0.01161	0.00681	0.00199	0.00371	0.06185	0.00607	0.00646
29	0.00737	0.00531	0.00702	0.00833	0.00882	0.00496	0.00574	0.00854	0.01159	0.01533	0.03376	0.70110	0.07170	0.01820	0.00757	0.00241	0.00356	0.06834	0.00549	0.00486
30	0.00815	0.00604	0.00760	0.00721	0.00870	0.00549	0.00541	0.01073	0.01622	0.02248	0.64135	0.04621	0.16738	0.01255	0.00698	0.00188	0.00282	0.01098	0.00635	0.00549
31	0.01027	0.00514	0.00770	0.00770	0.00770	0.00514	0.00514	0.00770	0.00770	0.01027	0.01027	0.01798	0.01027	0.02054	0.02311	0.82794	0.00514	0.00514	0.00257	0.00257
32	0.83394	0.01144	0.00869	0.00778	0.01144	0.01327	0.00640	0.01738	0.01006	0.02653	0.00823	0.00961	0.00640	0.00549	0.00366	0.00183	0.00457	0.00320	0.00366	0.00640
33	0.00748	0.00601	0.00667	0.00651	0.00829	0.00520	0.00488	0.00944	0.01464	0.01874	0.30705	0.05237	0.50402	0.01395	0.00698	0.00195	0.00292	0.01184	0.00586	0.00520
34	0.00902	0.00689	0.00967	0.01201	0.09763	0.00670	0.00766	0.03928	0.01278	0.01724	0.06844	0.54630	0.03478	0.01591	0.00732	0.00231	0.00416	0.09096	0.00525	0.00567
35	0.01226	0.01051	0.01226	0.00876	0.01401	0.00788	0.00701	0.01489	0.01226	0.01927	0.01051	0.01226	0.00876	0.00438	0.00438	0.00088	0.00438	0.00350	0.00350	0.82832
36	0.00991	0.00741	0.00916	0.00864	0.01039	0.00741	0.00665	0.05300	0.10279	0.02358	0.52518	0.08588	0.04610	0.01206	0.00693	0.00197	0.00347	0.06697	0.00627	0.00621
37	0.01581	0.79572	0.03099	0.01012	0.01518	0.02340	0.01012	0.01771	0.01202	0.01391	0.00822	0.00949	0.00759	0.00506	0.00379	0.00126	0.00632	0.00316	0.00253	0.00759
38	0.01777	0.01913	0.01478	0.01336	0.01658	0.32749	0.01022	0.02818	0.44256	0.02048	0.01787	0.01733	0.01372	0.00722	0.00573	0.00181	0.00716	0.00549	0.00478	0.00832
39	0.68880	0.01218	0.01020	0.00874	0.01258	0.01391	0.00720	0.12653	0.01294	0.04828	0.00955	0.01059	0.00718	0.00578	0.00406	0.00182	0.00488	0.00360	0.00410	0.00706
40	0.01581	0.79572	0.03099	0.01012	0.01518	0.02340	0.01012	0.01771	0.01202	0.01391	0.00822	0.00949	0.00759	0.00506	0.00379	0.00126	0.00632	0.00316	0.00253	0.00759
41	0.01254	0.01152	0.01469	0.01157	0.01464	0.01213	0.00947	0.01462	0.01093	0.01718	0.00937	0.01254	0.00835	0.00686	0.01062	0.00159	0.32680	0.00420	0.00312	0.48727
42	0.00763	0.00533	0.00674	0.00769	0.00793	0.00509	0.00491	0.00835	0.01049	0.01399	0.02833	0.55911	0.03373	0.25507	0.01444	0.00342	0.00413	0.01430	0.00491	0.00443
43	0.01782	0.55054	0.02644	0.01175	0.01617	0.26139	0.01054	0.01959	0.01353	0.01409	0.00852	0.00986	0.00760	0.00539	0.00429	0.00135	0.00771	0.00337	0.00269	0.00735
44	0.01226	0.01051	0.01226	0.00876	0.01401	0.00788	0.00701	0.01489	0.01226	0.01927	0.01051	0.01226	0.00876	0.00438	0.00438	0.00088	0.00438	0.00350	0.00350	0.82832
45	0.01254	0.01229	0.01952	0.49245	0.21679	0.05080	0.04556	0.01618	0.01255	0.01629	0.01154	0.04628	0.00954	0.00623	0.00598	0.00191	0.00771	0.00572	0.00285	0.00727
46	0.02225	0.01595	0.01725	0.01333	0.01797	0.01755	0.01098	0.65131	0.07025	0.07935	0.01533	0.01502	0.01081	0.00717	0.00592	0.00179	0.00631	0.00544	0.00601	0.01002
47	0.02219	0.02778	0.01669	0.01513	0.01821	0.75137	0.01137	0.02373	0.01676	0.03120	0.00946	0.01088	0.00778	0.00612	0.00535	0.00153	0.01054	0.00386	0.00314	0.00693
48	0.38150	0.01430	0.01374	0.01103	0.01529	0.01609	0.00910	0.41781	0.01996	0.03252	0.01156	0.01217	0.00844	0.00639	0.00492	0.00180	0.00565	0.00439	0.00492	0.00844
49	0.02070	0.01568	0.01674	0.01325	0.01766	0.01751	0.01081	0.57400	0.19227	0.03439	0.01646	0.01600	0.01189	0.00731	0.00594	0.00183	0.00609	0.00564	0.00594	0.00990
50	0.00728	0.00520	0.00692	0.00819	0.00859	0.00485	0.00550	0.00841	0.01165	0.01561	0.07585	0.74358	0.04012	0.01814	0.00751	0.00237	0.00339	0.01644	0.00555	0.00485
51	0.00917	0.00711	0.02324	0.00809	0.00981	0.00645	0.00636	0.05070	0.01681	0.02348	0.61157	0.06378	0.08126	0.01220	0.00697	0.00192	0.00327	0.04569	0.00627	0.00583
52	0.01606	0.01177	0.01394	0.11027	0.01779	0.01292	0.00987	0.32081	0.08584	0.06003	0.05876	0.11729	0.01889	0.07561	0.00834	0.00229	0.00575	0.04054	0.00533	0.00789
53	0.01581	0.79572	0.03099	0.01012	0.01518	0.02340	0.01012	0.01771	0.01202	0.01391	0.00822	0.00949	0.00759	0.00506	0.00379	0.00126	0.00632	0.00316	0.00253	0.00759
54	0.01439	0.01087	0.01274	0.00934	0.01441	0.00881	0.00751	0.05310	0.04765	0.09850	0.01268	0.01365	0.00988	0.00500	0.00470	0.00107	0.00457	0.00400	0.00414	0.66301
55	0.06494	0.19507	0.01737	0.01071	0.01491	0.04404	0.00908	0.02513	0.15228	0.34591	0.01823	0.01718	0.01291	0.00829	0.03656	0.00203	0.00591	0.00521	0.00541	0.00883
56	0.00860	0.00573	0.00645	0.00645	0.00645	0.00573	0.00358	0.00860	0.00860	0.01147	0.01863	0.03870	0.02150	0.79217	0.03010	0.00573	0.00573	0.00860	0.00358	0.00358
57	0.02120	0.01903	0.01682	0.01380	0.01787	0.21498	0.01100	0.44130	0.13391	0.02937	0.01437	0.01447	0.01063	0.00698	0.00578	0.00174	0.00732	0.00513	0.00518	0.00911
58	0.01824	0.00858	0.01137	0.00972	0.01307	0.00755	0.00803	0.02061	0.01556	0.40750	0.09844	0.03578	0.10027	0.01033	0.00654	0.00198	0.00465	0.15807	0.00642	0.05730

[dist]
# distance from previous block
# <min> <max>
91	324

[block]
# block no. 1 follows, 39 sequences, length 10
# corresponding to MSA columns:
# 1251-1260
name=unknown_B
#
# <colnr> <probs for GDERKNQSTAVLIFYWHMCP>
#	G	D	E	R	K	N	Q	S	T	A	V	L	I	F	Y	W	H	M	C	P
0	0.01460	0.01432	0.02226	0.08222	0.61603	0.06321	0.01709	0.01796	0.01358	0.01863	0.01214	0.01751	0.01061	0.00602	0.00596	0.00181	0.00723	0.04696	0.00306	0.00879
1	0.02083	0.18237	0.01962	0.01421	0.01766	0.61876	0.01116	0.02243	0.01581	0.01436	0.00896	0.01043	0.00761	0.00589	0.00502	0.00147	0.00979	0.00368	0.00294	0.00700
2	0.01054	0.00556	0.00570	0.00570	0.00680	0.00556	0.00402	0.01274	0.01164	0.01992	0.01916	0.02539	0.01643	0.16464	0.00935	0.00225	0.00335	0.00613	0.65999	0.00512
3	0.83394	0.01144	0.00869	0.00778	0.01144	0.01327	0.00640	0.01738	0.01006	0.02653	0.00823	0.00961	0.00640	0.00549	0.00366	0.00183	0.00457	0.00320	0.00366	0.00640
4	0.01351	0.01429	0.02869	0.12596	0.20238	0.01406	0.43114	0.01789	0.01354	0.01846	0.01262	0.01836	0.01028	0.00579	0.00664	0.00197	0.00876	0.04461	0.00306	0.00798
5	0.00854	0.00734	0.00747	0.00721	0.00947	0.00694	0.00547	0.01309	0.16035	0.01774	0.05271	0.04991	0.60526	0.01358	0.00679	0.00200	0.00333	0.01132	0.00560	0.00587
6	0.00919	0.00712	0.00893	0.03593	0.01165	0.00734	0.00734	0.01360	0.14803	0.01746	0.03160	0.43140	0.07511	0.01549	0.00730	0.00235	0.00420	0.15463	0.00548	0.00585
7	0.00898	0.00514	0.00735	0.00793	0.00807	0.00500	0.00529	0.00793	0.00923	0.01231	0.01969	0.34301	0.02244	0.01969	0.01655	0.47961	0.00442	0.01006	0.00380	0.00351
8	0.01226	0.01051	0.01226	0.00876	0.01401	0.00788	0.00701	0.01489	0.01226	0.01927	0.01051	0.01226	0.00876	0.00438	0.00438	0.00088	0.00438	0.00350	0.00350	0.82832
9	0.01102	0.00551	0.00551	0.00551	0.00689	0.00551	0.00413	0.01378	0.01240	0.02205	0.01929	0.02205	0.01516	0.00689	0.00413	0.00138	0.00276	0.00551	0.82500	0.00551

[dist]
# distance from previous block
# <min> <max>
22	65

[block]
# block no. 2 follows, 39 sequences, length 16
# corresponding to MSA columns:
# 1332-1347
name=unknown_C
#
# <colnr> <probs for GDERKNQSTAVLIFYWHMCP>
#	G	D	E	R	K	N	Q	S	T	A	V	L	I	F	Y	W	H	M	C	P
0	0.11836	0.04317	0.08415	0.00781	0.01053	0.00867	0.00691	0.01608	0.03876	0.07040	0.01690	0.02037	0.01360	0.07999	0.00683	0.00194	0.00425	0.00536	0.43961	0.00631
1	0.01909	0.01627	0.01528	0.01226	0.01644	0.15310	0.00978	0.36102	0.03879	0.05414	0.01605	0.04649	0.04613	0.00726	0.00564	0.00160	0.00648	0.00555	0.00495	0.16366
2	0.01222	0.09928	0.69594	0.01625	0.02466	0.01460	0.02080	0.01864	0.01244	0.01830	0.01040	0.01222	0.00750	0.00557	0.00545	0.00182	0.00852	0.00426	0.00250	0.00864
3	0.01380	0.01548	0.03227	0.02346	0.02850	0.01545	0.62120	0.01821	0.01319	0.01821	0.01131	0.01548	0.00878	0.00582	0.00892	0.00209	0.13046	0.00670	0.00293	0.00774
4	0.00956	0.00794	0.01018	0.00998	0.01113	0.05535	0.00776	0.01162	0.01003	0.01406	0.01521	0.02200	0.01407	0.03943	0.66718	0.00847	0.04563	0.00611	0.02887	0.00543
5	0.01186	0.03059	0.76153	0.01686	0.02560	0.01373	0.02185	0.01873	0.01249	0.01873	0.01061	0.01249	0.00749	0.00562	0.00562	0.00187	0.00874	0.00437	0.00250	0.00874
6	0.00721	0.00515	0.00686	0.00823	0.00858	0.00480	0.00549	0.00823	0.01132	0.01510	0.03259	0.78831	0.03911	0.01853	0.00755	0.00240	0.00343	0.01681	0.00549	0.00480
7	0.01396	0.01595	0.03490	0.02493	0.03091	0.01496	0.73380	0.01894	0.01396	0.01894	0.01196	0.01595	0.00897	0.00499	0.00698	0.00199	0.00997	0.00698	0.00299	0.00798
8	0.01226	0.01051	0.01226	0.00876	0.01401	0.00788	0.00701	0.01489	0.01226	0.01927	0.01051	0.01226	0.00876	0.00438	0.00438	0.00088	0.00438	0.00350	0.00350	0.82832
9	0.00721	0.00515	0.00686	0.00823	0.00858	0.00480	0.00549	0.00823	0.01132	0.01510	0.03259	0.78831	0.03911	0.01853	0.00755	0.00240	0.00343	0.01681	0.00549	0.00480
10	0.02626	0.01050	0.01399	0.01073	0.01531	0.00934	0.00886	0.07612	0.01765	0.71105	0.02272	0.01973	0.01433	0.00730	0.00594	0.00183	0.00513	0.00591	0.00723	0.01006
11	0.01089	0.00963	0.01578	0.63044	0.03460	0.01186	0.01438	0.01455	0.01166	0.01564	0.01186	0.01708	0.00924	0.00969	0.07894	0.00264	0.00816	0.00538	0.08123	0.00634
12	0.01224	0.01207	0.01943	0.59237	0.11209	0.04582	0.06112	0.01599	0.01223	0.01572	0.01050	0.01534	0.00809	0.00597	0.00647	0.00195	0.03765	0.00530	0.00270	0.00696
13	0.00968	0.00849	0.01365	0.48860	0.02864	0.01001	0.01231	0.01253	0.01164	0.01510	0.01881	0.30618	0.01962	0.01065	0.00653	0.00213	0.00621	0.00960	0.00370	0.00591
14	0.02248	0.01656	0.01775	0.01361	0.01834	0.01834	0.01124	0.73556	0.02780	0.03727	0.01420	0.01420	0.01006	0.00710	0.00592	0.00177	0.00651	0.00532	0.00592	0.01006
15	0.01406	0.30653	0.01952	0.00958	0.01465	0.04980	0.00839	0.01636	0.01238	0.01703	0.00959	0.01114	0.00827	0.00472	0.00420	0.00105	0.00541	0.00339	0.00312	0.48081

[dist]
# distance from previous block
# <min> <max>
0	1

[block]
# block no. 3 follows, 39 sequences, length 23
# corresponding to MSA columns:
# 1349-1371
name=unknown_D
#
# <colnr> <probs for GDERKNQSTAVLIFYWHMCP>
#	G	D	E	R	K	N	Q	S	T	A	V	L	I	F	Y	W	H	M	C	P
0	0.00860	0.00573	0.00645	0.00645	0.00645	0.00573	0.00358	0.00860	0.00860	0.01147	0.01863	0.03870	0.02150	0.79217	0.03010	0.00573	0.00573	0.00860	0.00358	0.00358
1	0.01486	0.61182	0.20658	0.01174	0.01768	0.02108	0.01294	0.01795	0.01213	0.01507	0.00880	0.01021	0.00757	0.00519	0.00423	0.00141	0.00690	0.00345	0.00252	0.00787
2	0.01775	0.01909	0.01477	0.01336	0.01658	0.32566	0.01021	0.02820	0.44432	0.02050	0.01791	0.01736	0.01375	0.00723	0.00573	0.00181	0.00715	0.00550	0.00479	0.00833
3	0.02248	0.01656	0.01775	0.01361	0.01834	0.01834	0.01124	0.73556	0.02780	0.03727	0.01420	0.01420	0.01006	0.00710	0.00592	0.00177	0.00651	0.00532	0.00592	0.01006
4	0.01471	0.01270	0.01337	0.01203	0.01538	0.01471	0.00936	0.03142	0.74459	0.02474	0.02407	0.02206	0.01805	0.00802	0.00602	0.00201	0.00468	0.00669	0.00602	0.00936
5	0.02095	0.00897	0.01120	0.00903	0.01252	0.00829	0.00731	0.07368	0.01615	0.45626	0.02130	0.02036	0.01449	0.00716	0.00533	0.00167	0.00436	0.00575	0.28671	0.00851
6	0.01471	0.01270	0.01337	0.01203	0.01538	0.01471	0.00936	0.03142	0.74459	0.02474	0.02407	0.02206	0.01805	0.00802	0.00602	0.00201	0.00468	0.00669	0.00602	0.00936
7	0.02248	0.01656	0.01775	0.01361	0.01834	0.01834	0.01124	0.73556	0.02780	0.03727	0.01420	0.01420	0.01006	0.00710	0.00592	0.00177	0.00651	0.00532	0.00592	0.01006
8	0.01464	0.01405	0.02400	0.03630	0.75528	0.01405	0.01815	0.01815	0.01347	0.01932	0.01112	0.01464	0.00937	0.00527	0.00585	0.00176	0.00703	0.00527	0.00293	0.00937
9	0.00721	0.00515	0.00686	0.00823	0.00858	0.00480	0.00549	0.00823	0.01132	0.01510	0.03259	0.78831	0.03911	0.01853	0.00755	0.00240	0.00343	0.01681	0.00549	0.00480
10	0.02248	0.01656	0.01775	0.01361	0.01834	0.01834	0.01124	0.73556	0.02780	0.03727	0.01420	0.01420	0.01006	0.00710	0.00592	0.00177	0.00651	0.00532	0.00592	0.01006
11	0.01622	0.01829	0.01804	0.01681	0.06567	0.27750	0.01276	0.01774	0.01202	0.01465	0.00846	0.01226	0.00782	0.00854	0.01364	0.00216	0.46315	0.00471	0.00277	0.00680
12	0.01135	0.01086	0.01884	0.72970	0.04010	0.01326	0.06239	0.01536	0.01196	0.01536	0.01060	0.01578	0.00795	0.00585	0.00598	0.00197	0.00802	0.00537	0.00265	0.00666
13	0.01226	0.01051	0.01226	0.00876	0.01401	0.00788	0.00701	0.01489	0.01226	0.01927	0.01051	0.01226	0.00876	0.00438	0.00438	0.00088	0.00438	0.00350	0.00350	0.82832
14	0.02248	0.01656	0.01775	0.01361	0.01834	0.01834	0.01124	0.73556	0.02780	0.03727	0.01420	0.01420	0.01006	0.00710	0.00592	0.00177	0.00651	0.00532	0.00592	0.01006
15	0.00840	0.00611	0.00795	0.00768	0.00910	0.00566	0.00588	0.01112	0.01628	0.02275	0.64891	0.04693	0.09106	0.01263	0.00709	0.00195	0.00304	0.07556	0.00636	0.00554
16	0.00728	0.00521	0.00693	0.00818	0.00859	0.00486	0.00550	0.00843	0.01168	0.01567	0.08044	0.73883	0.04022	0.01810	0.00751	0.00237	0.00339	0.01641	0.00556	0.00486
17	0.02248	0.01656	0.01775	0.01361	0.01834	0.01834	0.01124	0.73556	0.02780	0.03727	0.01420	0.01420	0.01006	0.00710	0.00592	0.00177	0.00651	0.00532	0.00592	0.01006
18	0.01281	0.21450	0.58593	0.01524	0.02309	0.01606	0.01903	0.01848	0.01237	0.01757	0.01004	0.01176	0.00751	0.00548	0.00518	0.00173	0.00816	0.00408	0.00250	0.00846
19	0.01486	0.61168	0.20671	0.01174	0.01768	0.02107	0.01294	0.01795	0.01213	0.01507	0.00880	0.01021	0.00757	0.00519	0.00423	0.00141	0.00691	0.00345	0.00252	0.00787
20	0.00730	0.00557	0.00675	0.00764	0.00865	0.00502	0.00544	0.00863	0.01227	0.01561	0.04223	0.47277	0.29311	0.01710	0.00740	0.00228	0.00343	0.06840	0.00549	0.00492
21	0.01373	0.05919	0.14587	0.02291	0.02927	0.01521	0.58682	0.01885	0.01363	0.01865	0.01156	0.01508	0.00867	0.00509	0.00660	0.00194	0.00959	0.00638	0.00289	0.00807
22	0.00868	0.04207	0.00840	0.00808	0.00913	0.00624	0.00577	0.00991	0.01153	0.04533	0.03231	0.44273	0.14304	0.09579	0.08215	0.00328	0.00502	0.03041	0.00502	0.00512

[dist]
# distance from previous block
# <min> <max>
14	37

[block]
# block no. 4 follows, 39 sequences, length 15
# corresponding to MSA columns:
# 1409-1423
name=unknown_E
#
# <colnr> <probs for GDERKNQSTAVLIFYWHMCP>
#	G	D	E	R	K	N	Q	S	T	A	V	L	I	F	Y	W	H	M	C	P
0	0.01238	0.01089	0.01384	0.00988	0.01519	0.00837	0.05750	0.01517	0.01238	0.01925	0.01061	0.01252	0.00877	0.00442	0.00456	0.00095	0.00477	0.00375	0.00347	0.77132
1	0.02653	0.01006	0.01372	0.01052	0.01510	0.00869	0.00869	0.02882	0.01693	0.75937	0.02333	0.02013	0.01464	0.00732	0.00595	0.00183	0.00503	0.00595	0.00732	0.01006
2	0.00728	0.00521	0.00693	0.00818	0.00859	0.00485	0.00550	0.00843	0.01168	0.01566	0.07994	0.73935	0.04021	0.01810	0.00751	0.00237	0.00339	0.01641	0.00556	0.00485
3	0.01396	0.01595	0.03490	0.02493	0.03091	0.01496	0.73380	0.01894	0.01396	0.01894	0.01196	0.01595	0.00897	0.00499	0.00698	0.00199	0.00997	0.00698	0.00299	0.00798
4	0.01471	0.01270	0.01337	0.01203	0.01538	0.01471	0.00936	0.03142	0.74459	0.02474	0.02407	0.02206	0.01805	0.00802	0.00602	0.00201	0.00468	0.00669	0.00602	0.00936
5	0.02248	0.01656	0.01775	0.01361	0.01834	0.01834	0.01124	0.73556	0.02780	0.03727	0.01420	0.01420	0.01006	0.00710	0.00592	0.00177	0.00651	0.00532	0.00592	0.01006
6	0.02248	0.01656	0.01775	0.01361	0.01834	0.01834	0.01124	0.73556	0.02780	0.03727	0.01420	0.01420	0.01006	0.00710	0.00592	0.00177	0.00651	0.00532	0.00592	0.01006
7	0.01226	0.01051	0.01226	0.00876	0.01401	0.00788	0.00701	0.01489	0.01226	0.01927	0.01051	0.01226	0.00876	0.00438	0.00438	0.00088	0.00438	0.00350	0.00350	0.82832
8	0.00845	0.00634	0.00950	0.00950	0.01056	0.00739	0.00739	0.01056	0.00950	0.01373	0.01584	0.02323	0.01478	0.04435	0.76873	0.00950	0.01584	0.00634	0.00317	0.00528
9	0.01417	0.01357	0.02316	0.13675	0.65850	0.01393	0.01792	0.01774	0.01324	0.01875	0.01104	0.01479	0.00917	0.00536	0.00586	0.00179	0.00714	0.00527	0.00289	0.00899
10	0.01412	0.06236	0.20562	0.02108	0.02734	0.01498	0.45802	0.01908	0.01342	0.05359	0.01179	0.01483	0.00876	0.00549	0.00698	0.00194	0.04337	0.00602	0.00304	0.00817
11	0.12497	0.01471	0.01392	0.01140	0.01537	0.17288	0.00913	0.11556	0.01741	0.37272	0.06015	0.01745	0.01394	0.00708	0.00559	0.00176	0.00624	0.00535	0.00572	0.00866
12	0.42281	0.01289	0.01237	0.01149	0.05500	0.03708	0.00872	0.13917	0.12430	0.07789	0.01360	0.01517	0.01044	0.00663	0.00487	0.00186	0.00529	0.02792	0.00464	0.00785
13	0.01252	0.05342	0.01237	0.00947	0.01288	0.00970	0.00734	0.12367	0.05058	0.02041	0.01830	0.23422	0.01861	0.04924	0.00687	0.00177	0.00463	0.00795	0.00451	0.34153
14	0.05476	0.05413	0.01695	0.17892	0.02181	0.03920	0.01151	0.40039	0.03878	0.05223	0.01355	0.01489	0.00990	0.00665	0.00558	0.00177	0.00650	0.00512	0.05878	0.00860

[dist]
# distance from previous block
# <min> <max>
37	79

[block]
# block no. 5 follows, 39 sequences, length 11
# corresponding to MSA columns:
# 1514-1524
name=unknown_F
#
# <colnr> <probs for GDERKNQSTAVLIFYWHMCP>
#	G	D	E	R	K	N	Q	S	T	A	V	L	I	F	Y	W	H	M	C	P
0	0.01209	0.00759	0.00851	0.00767	0.00968	0.00782	0.00591	0.11187	0.01377	0.02183	0.01722	0.02126	0.01421	0.05371	0.14745	0.00312	0.00598	0.00564	0.45338	0.07130
1	0.01910	0.01489	0.01842	0.07479	0.02046	0.01609	0.08431	0.51756	0.02317	0.03116	0.01486	0.07141	0.01185	0.00750	0.00607	0.00182	0.00664	0.00625	0.00521	0.04843
2	0.01913	0.01429	0.01559	0.01274	0.01665	0.01576	0.01040	0.52521	0.11259	0.03218	0.01844	0.08065	0.01555	0.00897	0.00627	0.00194	0.00594	0.07273	0.00585	0.00913
3	0.25904	0.01232	0.01763	0.06976	0.01974	0.01255	0.17464	0.06709	0.03238	0.25621	0.01479	0.01543	0.01022	0.00615	0.00551	0.00188	0.00632	0.00530	0.00479	0.00824
4	0.02248	0.01656	0.01775	0.01361	0.01834	0.01834	0.01124	0.73556	0.02780	0.03727	0.01420	0.01420	0.01006	0.00710	0.00592	0.00177	0.00651	0.00532	0.00592	0.01006
5	0.01993	0.01530	0.01631	0.01309	0.01737	0.01715	0.01062	0.50481	0.26270	0.03316	0.01743	0.01678	0.01268	0.00740	0.00595	0.00185	0.00591	0.00577	0.00595	0.00983
6	0.00865	0.00549	0.00633	0.00680	0.00736	0.00532	0.00442	0.00977	0.01073	0.01560	0.02564	0.29070	0.06278	0.29164	0.01471	0.00331	0.00406	0.01081	0.21130	0.00456
7	0.01500	0.26866	0.41040	0.01408	0.02100	0.01713	0.01633	0.10623	0.01439	0.04988	0.01082	0.01206	0.00813	0.00569	0.00509	0.00167	0.00756	0.00417	0.00312	0.00859
8	0.54096	0.00995	0.00908	0.00821	0.01136	0.01091	0.00671	0.01690	0.01222	0.09378	0.14935	0.02147	0.01849	0.00773	0.00484	0.00191	0.00435	0.06059	0.00467	0.00652
9	0.00880	0.00728	0.01111	0.01035	0.01213	0.00651	0.09453	0.01056	0.01179	0.01620	0.02670	0.57539	0.03079	0.01471	0.00699	0.00212	0.00437	0.01358	0.00488	0.13120
10	0.01854	0.09666	0.24364	0.01469	0.02022	0.21516	0.01439	0.26404	0.01879	0.02347	0.01122	0.01231	0.00841	0.00620	0.00547	0.00169	0.00826	0.00443	0.00381	0.00858

[dist]
# distance from previous block
# <min> <max>
6	8

[block]
# block no. 6 follows, 39 sequences, length 6
# corresponding to MSA columns:
# 1533-1538
name=unknown_G
#
# <colnr> <probs for GDERKNQSTAVLIFYWHMCP>
#	G	D	E	R	K	N	Q	S	T	A	V	L	I	F	Y	W	H	M	C	P
0	0.01607	0.31201	0.21697	0.01237	0.01795	0.01687	0.01284	0.02254	0.17184	0.12416	0.01445	0.01453	0.01084	0.00617	0.00506	0.00167	0.00642	0.00464	0.00396	0.00863
1	0.01401	0.01036	0.01146	0.00986	0.01235	0.01095	0.00751	0.29748	0.05446	0.02498	0.12680	0.12241	0.10204	0.15542	0.01086	0.00263	0.00500	0.00892	0.00548	0.00701
2	0.01263	0.18035	0.61854	0.01554	0.02356	0.01563	0.01955	0.01853	0.01239	0.01779	0.01014	0.01190	0.00751	0.00551	0.00526	0.00175	0.00827	0.00413	0.00250	0.00851
3	0.01556	0.01167	0.01747	0.01281	0.01771	0.01016	0.15257	0.01850	0.01333	0.17016	0.01323	0.01465	0.00994	0.00551	0.00625	0.00141	0.05902	0.00481	0.00412	0.44111
4	0.24115	0.01427	0.01475	0.01160	0.01603	0.01561	0.00958	0.44278	0.02150	0.13630	0.01388	0.01380	0.00972	0.00670	0.00531	0.00180	0.00578	0.00484	0.00551	0.00908
5	0.01763	0.01036	0.01216	0.01012	0.01351	0.01031	0.00806	0.18411	0.09768	0.25470	0.09915	0.08706	0.14933	0.01002	0.00635	0.00191	0.00463	0.00833	0.00632	0.00826

[dist]
# distance from previous block
# <min> <max>
9	21

[block]
# block no. 7 follows, 39 sequences, length 24
# corresponding to MSA columns:
# 1560-1583
name=unknown_H
#
# <colnr> <probs for GDERKNQSTAVLIFYWHMCP>
#	G	D	E	R	K	N	Q	S	T	A	V	L	I	F	Y	W	H	M	C	P
0	0.01085	0.09489	0.01219	0.00892	0.01195	0.00898	0.00686	0.01398	0.07796	0.01732	0.01999	0.30133	0.02122	0.04152	0.00667	0.00178	0.00432	0.00889	0.00436	0.32601
1	0.01233	0.02615	0.55279	0.05405	0.02757	0.01400	0.19235	0.01861	0.01281	0.01861	0.01093	0.01347	0.00786	0.00548	0.00596	0.00191	0.00900	0.00504	0.00262	0.00846
2	0.01154	0.01075	0.01725	0.57174	0.03428	0.01203	0.04560	0.01523	0.01202	0.01621	0.01057	0.01499	0.00813	0.00553	0.00561	0.00173	0.00718	0.00494	0.00284	0.19184
3	0.83394	0.01144	0.00869	0.00778	0.01144	0.01327	0.00640	0.01738	0.01006	0.02653	0.00823	0.00961	0.00640	0.00549	0.00366	0.00183	0.00457	0.00320	0.00366	0.00640
4	0.01331	0.01436	0.02734	0.02064	0.02412	0.01579	0.42661	0.01676	0.01189	0.01691	0.01056	0.01515	0.00879	0.00887	0.04759	0.00257	0.30233	0.00627	0.00285	0.00728
5	0.00738	0.00524	0.00691	0.00818	0.00852	0.00493	0.00546	0.00838	0.01118	0.01490	0.03150	0.71065	0.03763	0.07691	0.00927	0.00266	0.00366	0.03655	0.00534	0.00473
6	0.02209	0.02819	0.01676	0.01524	0.01828	0.76843	0.01143	0.02361	0.01676	0.01447	0.00914	0.01066	0.00762	0.00609	0.00533	0.00152	0.01066	0.00381	0.00305	0.00686
7	0.71773	0.01414	0.11511	0.00906	0.01344	0.01333	0.00859	0.01757	0.01041	0.02543	0.00857	0.01001	0.00656	0.00551	0.00394	0.00184	0.00516	0.00337	0.00350	0.00673
8	0.01440	0.01381	0.02357	0.08722	0.70622	0.01399	0.01803	0.01794	0.01335	0.01903	0.01108	0.01471	0.00927	0.00531	0.00586	0.00177	0.00708	0.00527	0.00291	0.00918
9	0.01117	0.01051	0.01774	0.77795	0.04073	0.01314	0.01642	0.01511	0.01182	0.01511	0.01051	0.01577	0.00788	0.00591	0.00591	0.00197	0.00788	0.00526	0.00263	0.00657
10	0.01508	0.65373	0.16656	0.01137	0.01711	0.02161	0.01230	0.01790	0.01210	0.01481	0.00867	0.01004	0.00757	0.00516	0.00413	0.00138	0.00677	0.00339	0.00252	0.00780
11	0.01587	0.01345	0.01350	0.01213	0.01545	0.07092	0.00948	0.02988	0.61021	0.07411	0.02318	0.02287	0.01767	0.00816	0.00605	0.00199	0.00519	0.03496	0.00586	0.00906
12	0.00721	0.00515	0.00686	0.00823	0.00858	0.00480	0.00549	0.00823	0.01132	0.01510	0.03259	0.78831	0.03911	0.01853	0.00755	0.00240	0.00343	0.01681	0.00549	0.00480
13	0.01107	0.00774	0.01192	0.24570	0.05078	0.00870	0.00948	0.01222	0.06489	0.01324	0.01142	0.01746	0.01009	0.01445	0.01579	0.47625	0.00603	0.00530	0.00286	0.00460
14	0.00721	0.00515	0.00686	0.00823	0.00858	0.00480	0.00549	0.00823	0.01132	0.01510	0.03259	0.78831	0.03911	0.01853	0.00755	0.00240	0.00343	0.01681	0.00549	0.00480
15	0.02401	0.08346	0.04881	0.01146	0.01629	0.01242	0.00997	0.18666	0.01874	0.49691	0.01935	0.01750	0.01266	0.00699	0.00573	0.00177	0.00564	0.00549	0.00636	0.00978
16	0.00721	0.00515	0.00686	0.00823	0.00858	0.00480	0.00549	0.00823	0.01132	0.01510	0.03259	0.78831	0.03911	0.01853	0.00755	0.00240	0.00343	0.01681	0.00549	0.00480
17	0.01313	0.01252	0.02129	0.35742	0.44590	0.01366	0.01740	0.01683	0.01276	0.01750	0.01086	0.01513	0.00872	0.00555	0.00588	0.00185	0.00740	0.00526	0.00280	0.00816
18	0.01186	0.03059	0.76153	0.01686	0.02560	0.01373	0.02185	0.01873	0.01249	0.01873	0.01061	0.01249	0.00749	0.00562	0.00562	0.00187	0.00874	0.00437	0.00250	0.00874
19	0.01430	0.01183	0.01270	0.01154	0.01470	0.01338	0.00907	0.04667	0.60167	0.04295	0.02680	0.02757	0.06941	0.00909	0.00624	0.00205	0.00468	0.06058	0.00597	0.00880
20	0.00884	0.00616	0.00799	0.00747	0.00898	0.00564	0.00562	0.01156	0.01660	0.04480	0.70005	0.04404	0.08569	0.01208	0.00695	0.00187	0.00286	0.01064	0.00649	0.00568
21	0.00848	0.00622	0.00889	0.00889	0.00974	0.00706	0.00663	0.01017	0.00932	0.01328	0.01640	0.02633	0.01613	0.19422	0.62071	0.00875	0.01381	0.00679	0.00325	0.00494
22	0.01508	0.65387	0.16643	0.01137	0.01711	0.02161	0.01229	0.01790	0.01210	0.01481	0.00866	0.01004	0.00757	0.00516	0.00413	0.00138	0.00677	0.00339	0.00252	0.00780
23	0.01233	0.01045	0.01172	0.00931	0.01352	0.00933	0.00732	0.04244	0.18039	0.02057	0.02068	0.05107	0.10343	0.00717	0.00525	0.00136	0.00431	0.00593	0.00448	0.47892

[dist]
# distance from previous block
# <min> <max>
6	23

[block]
# block no. 8 follows, 39 sequences, length 28
# corresponding to MSA columns:
# 1609-1636
name=unknown_I
#
# <colnr> <probs for GDERKNQSTAVLIFYWHMCP>
#	G	D	E	R	K	N	Q	S	T	A	V	L	I	F	Y	W	H	M	C	P
0	0.05081	0.42339	0.05710	0.01181	0.01674	0.07115	0.01095	0.25356	0.01746	0.02233	0.01035	0.01125	0.00835	0.00584	0.00467	0.00150	0.00671	0.00397	0.00372	0.00835
1	0.37440	0.12489	0.25724	0.01126	0.01674	0.01466	0.01209	0.05311	0.01216	0.02229	0.01178	0.01302	0.04289	0.00601	0.00459	0.00177	0.00619	0.00413	0.00333	0.00744
2	0.10373	0.07107	0.15154	0.01306	0.01813	0.05581	0.01224	0.40086	0.02086	0.02920	0.05769	0.01475	0.01173	0.00678	0.00552	0.00176	0.00669	0.00504	0.00472	0.00883
3	0.01245	0.01003	0.01182	0.00882	0.01336	0.00805	0.00702	0.05229	0.01397	0.03813	0.14103	0.01814	0.01721	0.00594	0.00495	0.00112	0.00423	0.00492	0.00425	0.62227
4	0.00837	0.00604	0.00790	0.00744	0.00883	0.00558	0.00558	0.01116	0.01674	0.02371	0.75216	0.04417	0.05580	0.01209	0.00697	0.00186	0.00279	0.01069	0.00651	0.00558
5	0.00823	0.00616	0.00772	0.00767	0.00920	0.00564	0.00597	0.01071	0.01545	0.02089	0.46927	0.05091	0.21734	0.01347	0.00718	0.00203	0.00328	0.12737	0.00609	0.00542
6	0.00724	0.00523	0.00686	0.00809	0.00856	0.00484	0.00544	0.00836	0.01165	0.01549	0.06266	0.72041	0.07713	0.01809	0.00750	0.00236	0.00338	0.01634	0.00553	0.00484
7	0.01226	0.01051	0.01226	0.00876	0.01401	0.00788	0.00701	0.01489	0.01226	0.01927	0.01051	0.01226	0.00876	0.00438	0.00438	0.00088	0.00438	0.00350	0.00350	0.82832
8	0.02209	0.02819	0.01676	0.01524	0.01828	0.76843	0.01143	0.02361	0.01676	0.01447	0.00914	0.01066	0.00762	0.00609	0.00533	0.00152	0.01066	0.00381	0.00305	0.00686
9	0.02209	0.01618	0.01733	0.01333	0.01795	0.01790	0.01100	0.71071	0.02727	0.03675	0.01437	0.01447	0.01023	0.00709	0.00585	0.00176	0.00638	0.00533	0.03411	0.00990
10	0.01396	0.01481	0.02956	0.09361	0.28880	0.01448	0.41826	0.01833	0.01360	0.01875	0.01154	0.01547	0.00902	0.00517	0.00649	0.00191	0.00875	0.00622	0.00294	0.00835
11	0.01226	0.01051	0.01226	0.00876	0.01401	0.00788	0.00701	0.01489	0.01226	0.01927	0.01051	0.01226	0.00876	0.00438	0.00438	0.00088	0.00438	0.00350	0.00350	0.82832
12	0.04146	0.69943	0.02897	0.01053	0.01536	0.09325	0.01013	0.01825	0.01240	0.01435	0.00831	0.00960	0.00756	0.00517	0.00394	0.00131	0.00668	0.00322	0.00261	0.00748
13	0.00766	0.00547	0.00739	0.00876	0.00930	0.00520	0.00628	0.00903	0.01177	0.01561	0.03234	0.64627	0.03811	0.01810	0.00767	0.00246	0.00383	0.15434	0.00548	0.00493
14	0.01226	0.01051	0.01226	0.00876	0.01401	0.00788	0.00701	0.01489	0.01226	0.01927	0.01051	0.01226	0.00876	0.00438	0.00438	0.00088	0.00438	0.00350	0.00350	0.82832
15	0.01581	0.79572	0.03099	0.01012	0.01518	0.02340	0.01012	0.01771	0.01202	0.01391	0.00822	0.00949	0.00759	0.00506	0.00379	0.00126	0.00632	0.00316	0.00253	0.00759
16	0.00837	0.00604	0.00790	0.00744	0.00883	0.00558	0.00558	0.01116	0.01674	0.02371	0.75216	0.04417	0.05580	0.01209	0.00697	0.00186	0.00279	0.01069	0.00651	0.00558
17	0.01027	0.00514	0.00770	0.00770	0.00770	0.00514	0.00514	0.00770	0.00770	0.01027	0.01027	0.01798	0.01027	0.02054	0.02311	0.82794	0.00514	0.00514	0.00257	0.00257
18	0.00722	0.00555	0.00661	0.00730	0.00837	0.00494	0.00511	0.00858	0.01262	0.01617	0.10473	0.44141	0.31696	0.01660	0.00728	0.00220	0.00321	0.01461	0.00558	0.00494
19	0.01269	0.01207	0.02049	0.45192	0.35485	0.01354	0.01718	0.01645	0.01255	0.01696	0.01078	0.01527	0.00854	0.00563	0.00589	0.00188	0.00751	0.00526	0.00276	0.00780
20	0.01117	0.01051	0.01774	0.77795	0.04073	0.01314	0.01642	0.01511	0.01182	0.01511	0.01051	0.01577	0.00788	0.00591	0.00591	0.00197	0.00788	0.00526	0.00263	0.00657
21	0.01468	0.15055	0.06264	0.01050	0.01572	0.01312	0.00931	0.13349	0.06414	0.02158	0.01163	0.01276	0.00931	0.00526	0.00471	0.00123	0.00535	0.00401	0.00383	0.44617
22	0.21466	0.01674	0.01548	0.01242	0.01670	0.10699	0.01012	0.48014	0.02228	0.03200	0.01218	0.01269	0.00890	0.00660	0.00531	0.00176	0.00655	0.00464	0.00504	0.00881
23	0.01448	0.01596	0.14533	0.01572	0.06436	0.01398	0.10100	0.04193	0.40703	0.05133	0.05141	0.01993	0.01594	0.00720	0.00609	0.00195	0.00615	0.00635	0.00492	0.00896
24	0.06292	0.01234	0.01984	0.14993	0.02216	0.01526	0.15153	0.01512	0.01059	0.01600	0.00989	0.01484	0.00864	0.01165	0.08884	0.00301	0.37245	0.00553	0.00280	0.00665
25	0.01552	0.01920	0.20249	0.01366	0.01842	0.10739	0.01282	0.05444	0.42313	0.04213	0.01844	0.01789	0.01370	0.00712	0.00583	0.00190	0.00652	0.00568	0.00480	0.00894
26	0.07034	0.11135	0.01845	0.05250	0.01841	0.01767	0.01079	0.51675	0.02289	0.03136	0.01265	0.01329	0.00933	0.00650	0.00541	0.00167	0.00629	0.00480	0.00503	0.06453
27	0.59956	0.01173	0.01077	0.08299	0.01520	0.01350	0.00803	0.06720	0.06826	0.05976	0.01077	0.01195	0.00807	0.00592	0.00432	0.00185	0.00505	0.00394	0.00406	0.00706

[dist]
# distance from previous block
# <min> <max>
0	3

# created by:
# /software/SequenceAnalysis/GenePrediction/augustus/3.0.1/scripts/msa2prfl.pl ./fixed/BUSCOvEOG7QRJH8.fas
