[name]
unknown

[dist]
# distance from previous block
# <min> <max>
33	208

[block]
# block no. 0 follows, 39 sequences, length 23
# corresponding to MSA columns:
# 222-244
name=unknown_A
#
# <colnr> <probs for GDERKNQSTAVLIFYWHMCP>
#	G	D	E	R	K	N	Q	S	T	A	V	L	I	F	Y	W	H	M	C	P
0	0.66396	0.01329	0.07501	0.03482	0.08080	0.01337	0.00910	0.01750	0.01063	0.02486	0.00877	0.01050	0.00681	0.00549	0.00410	0.00183	0.00526	0.00355	0.00346	0.00688
1	0.01328	0.02779	0.64616	0.01687	0.02505	0.01338	0.07009	0.01962	0.01297	0.08308	0.01181	0.01339	0.00822	0.00572	0.00574	0.00188	0.00850	0.00469	0.00295	0.00880
2	0.00737	0.00526	0.00705	0.00842	0.00883	0.00494	0.00577	0.00851	0.01148	0.01528	0.03251	0.73825	0.03876	0.01838	0.00759	0.00242	0.00357	0.06528	0.00549	0.00485
3	0.00845	0.00634	0.00950	0.00950	0.01056	0.00739	0.00739	0.01056	0.00950	0.01373	0.01584	0.02323	0.01478	0.04435	0.76873	0.00950	0.01584	0.00634	0.00317	0.00528
4	0.02248	0.01656	0.01775	0.01361	0.01834	0.01834	0.01124	0.73556	0.02780	0.03727	0.01420	0.01420	0.01006	0.00710	0.00592	0.00177	0.00651	0.00532	0.00592	0.01006
5	0.02653	0.01006	0.01372	0.01052	0.01510	0.00869	0.00869	0.02882	0.01693	0.75937	0.02333	0.02013	0.01464	0.00732	0.00595	0.00183	0.00503	0.00595	0.00732	0.01006
6	0.01471	0.01270	0.01337	0.01203	0.01538	0.01471	0.00936	0.03142	0.74459	0.02474	0.02407	0.02206	0.01805	0.00802	0.00602	0.00201	0.00468	0.00669	0.00602	0.00936
7	0.00757	0.00536	0.00705	0.00826	0.00865	0.00509	0.00562	0.00863	0.01120	0.01490	0.03086	0.63834	0.03662	0.10841	0.01023	0.00282	0.00387	0.07655	0.00526	0.00472
8	0.02095	0.02547	0.01605	0.01448	0.01742	0.65096	0.01088	0.07178	0.01686	0.01588	0.01021	0.01276	0.00874	0.04683	0.03401	0.00204	0.01032	0.00424	0.00328	0.00686
9	0.02209	0.02819	0.01676	0.01524	0.01828	0.76843	0.01143	0.02361	0.01676	0.01447	0.00914	0.01066	0.00762	0.00609	0.00533	0.00152	0.01066	0.00381	0.00305	0.00686
10	0.00860	0.00573	0.00645	0.00645	0.00645	0.00573	0.00358	0.00860	0.00860	0.01147	0.01863	0.03870	0.02150	0.79217	0.03010	0.00573	0.00573	0.00860	0.00358	0.00358
11	0.00721	0.00515	0.00686	0.00823	0.00858	0.00480	0.00549	0.00823	0.01132	0.01510	0.03259	0.78831	0.03911	0.01853	0.00755	0.00240	0.00343	0.01681	0.00549	0.00480
12	0.83394	0.01144	0.00869	0.00778	0.01144	0.01327	0.00640	0.01738	0.01006	0.02653	0.00823	0.00961	0.00640	0.00549	0.00366	0.00183	0.00457	0.00320	0.00366	0.00640
13	0.01471	0.01270	0.01337	0.01203	0.01538	0.01471	0.00936	0.03142	0.74459	0.02474	0.02407	0.02206	0.01805	0.00802	0.00602	0.00201	0.00468	0.00669	0.00602	0.00936
14	0.01186	0.03059	0.76153	0.01686	0.02560	0.01373	0.02185	0.01873	0.01249	0.01873	0.01061	0.01249	0.00749	0.00562	0.00562	0.00187	0.00874	0.00437	0.00250	0.00874
15	0.01333	0.01070	0.01252	0.00901	0.01422	0.00828	0.00724	0.04032	0.01303	0.05689	0.01128	0.01272	0.00910	0.00462	0.00451	0.00095	0.00449	0.00369	0.00378	0.75933
16	0.00811	0.00603	0.00755	0.00717	0.00868	0.00547	0.00538	0.01066	0.01613	0.02227	0.62253	0.04656	0.18633	0.01263	0.00698	0.00189	0.00283	0.01103	0.00632	0.00547
17	0.00699	0.00599	0.00599	0.00599	0.00799	0.00499	0.00449	0.00849	0.01348	0.01598	0.05991	0.05691	0.75288	0.01498	0.00699	0.00200	0.00300	0.01248	0.00549	0.00499
18	0.00741	0.00529	0.00709	0.00847	0.00890	0.00498	0.00584	0.00858	0.01152	0.01532	0.03248	0.72562	0.03867	0.01834	0.00760	0.00243	0.00361	0.07751	0.00549	0.00486
19	0.01117	0.01051	0.01774	0.77795	0.04073	0.01314	0.01642	0.01511	0.01182	0.01511	0.01051	0.01577	0.00788	0.00591	0.00591	0.00197	0.00788	0.00526	0.00263	0.00657
20	0.01962	0.02449	0.01508	0.01381	0.01665	0.64091	0.01036	0.02116	0.01608	0.01465	0.01616	0.01728	0.10767	0.00855	0.03089	0.00185	0.00981	0.00505	0.00338	0.00655
21	0.00882	0.00631	0.00869	0.00990	0.01099	0.00618	0.00813	0.01111	0.01329	0.01754	0.09427	0.25352	0.03725	0.01654	0.00790	0.00256	0.00469	0.47148	0.00555	0.00529
22	0.83394	0.01144	0.00869	0.00778	0.01144	0.01327	0.00640	0.01738	0.01006	0.02653	0.00823	0.00961	0.00640	0.00549	0.00366	0.00183	0.00457	0.00320	0.00366	0.00640

[dist]
# distance from previous block
# <min> <max>
0	1

[block]
# block no. 1 follows, 39 sequences, length 49
# corresponding to MSA columns:
# 246-294
name=unknown_B
#
# <colnr> <probs for GDERKNQSTAVLIFYWHMCP>
#	G	D	E	R	K	N	Q	S	T	A	V	L	I	F	Y	W	H	M	C	P
0	0.01281	0.01214	0.01847	0.01349	0.01840	0.01074	0.18901	0.01627	0.03130	0.01888	0.01098	0.01350	0.00896	0.00516	0.00642	0.00134	0.07559	0.00460	0.00336	0.52858
1	0.01301	0.01315	0.01928	0.01618	0.01659	0.01789	0.06289	0.01456	0.00940	0.01456	0.00805	0.01315	0.00785	0.00998	0.01855	0.00255	0.72789	0.00530	0.00262	0.00657
2	0.01138	0.01075	0.01423	0.04230	0.01446	0.05347	0.01055	0.01315	0.00977	0.01406	0.01151	0.01747	0.01086	0.02495	0.34857	0.00556	0.37252	0.00562	0.00287	0.00597
3	0.01997	0.01440	0.01573	0.01223	0.01673	0.01528	0.00999	0.48845	0.09332	0.08683	0.01784	0.01746	0.05089	0.00730	0.00580	0.00170	0.00577	0.00567	0.00572	0.10893
4	0.00933	0.00672	0.00925	0.01042	0.01181	0.00664	0.00902	0.01200	0.01382	0.01803	0.08261	0.06468	0.06947	0.01598	0.00803	0.00263	0.00515	0.63345	0.00552	0.00543
5	0.01464	0.01405	0.02400	0.03630	0.75528	0.01405	0.01815	0.01815	0.01347	0.01932	0.01112	0.01464	0.00937	0.00527	0.00585	0.00176	0.00703	0.00527	0.00293	0.00937
6	0.01644	0.01390	0.01433	0.01243	0.01604	0.03686	0.00979	0.16915	0.58346	0.02690	0.02171	0.02020	0.01619	0.00779	0.00598	0.00195	0.00521	0.00634	0.00591	0.00943
7	0.01215	0.08610	0.70853	0.01637	0.02484	0.01444	0.02100	0.01865	0.01245	0.01838	0.01044	0.01227	0.00750	0.00558	0.00549	0.00183	0.00856	0.00428	0.00250	0.00866
8	0.00929	0.06406	0.01166	0.00997	0.01124	0.00930	0.00797	0.01133	0.00966	0.01378	0.01473	0.02152	0.01378	0.03915	0.66131	0.00843	0.06820	0.00603	0.00308	0.00553
9	0.00733	0.00524	0.00701	0.00838	0.00878	0.00491	0.00571	0.00845	0.01145	0.01524	0.03253	0.74927	0.03884	0.01841	0.00758	0.00242	0.00354	0.05461	0.00549	0.00484
10	0.02194	0.02870	0.01370	0.01018	0.01471	0.00937	0.00837	0.07350	0.01631	0.49700	0.02103	0.01944	0.04152	0.00802	0.02732	0.00185	0.00527	0.00562	0.00617	0.16998
11	0.01523	0.00917	0.01055	0.00903	0.01107	0.00938	0.00647	0.15538	0.06496	0.16393	0.01907	0.02915	0.01769	0.43154	0.01900	0.00394	0.00567	0.00731	0.00494	0.00651
12	0.01027	0.00514	0.00770	0.00770	0.00770	0.00514	0.00514	0.00770	0.00770	0.01027	0.01027	0.01798	0.01027	0.02054	0.02311	0.82794	0.00514	0.00514	0.00257	0.00257
13	0.00721	0.00515	0.00686	0.00823	0.00858	0.00480	0.00549	0.00823	0.01132	0.01510	0.03259	0.78831	0.03911	0.01853	0.00755	0.00240	0.00343	0.01681	0.00549	0.00480
14	0.02128	0.02665	0.01754	0.01752	0.09810	0.68673	0.01215	0.02302	0.01640	0.01500	0.00936	0.01109	0.00781	0.00600	0.00539	0.00155	0.01027	0.00397	0.00303	0.00713
15	0.01186	0.03059	0.76153	0.01686	0.02560	0.01373	0.02185	0.01873	0.01249	0.01873	0.01061	0.01249	0.00749	0.00562	0.00562	0.00187	0.00874	0.00437	0.00250	0.00874
16	0.01226	0.01051	0.01226	0.00876	0.01401	0.00788	0.00701	0.01489	0.01226	0.01927	0.01051	0.01226	0.00876	0.00438	0.00438	0.00088	0.00438	0.00350	0.00350	0.82832
17	0.01464	0.14091	0.01998	0.04406	0.01684	0.12598	0.01240	0.01617	0.01074	0.01425	0.00814	0.01217	0.00772	0.00872	0.01436	0.00220	0.51672	0.00466	0.00265	0.00671
18	0.00860	0.00573	0.00645	0.00645	0.00645	0.00573	0.00358	0.00860	0.00860	0.01147	0.01863	0.03870	0.02150	0.79217	0.03010	0.00573	0.00573	0.00860	0.00358	0.00358
19	0.00837	0.00604	0.00790	0.00744	0.00883	0.00558	0.00558	0.01116	0.01674	0.02371	0.75216	0.04417	0.05580	0.01209	0.00697	0.00186	0.00279	0.01069	0.00651	0.00558
20	0.77114	0.01168	0.00930	0.00816	0.01189	0.01343	0.00672	0.05621	0.01118	0.04457	0.00891	0.01010	0.00680	0.00562	0.00384	0.00183	0.00469	0.00338	0.00387	0.00669
21	0.02248	0.01656	0.01775	0.01361	0.01834	0.01834	0.01124	0.73556	0.02780	0.03727	0.01420	0.01420	0.01006	0.00710	0.00592	0.00177	0.00651	0.00532	0.00592	0.01006
22	0.02624	0.01054	0.01402	0.01075	0.01533	0.00939	0.00888	0.08009	0.01772	0.70698	0.02267	0.01970	0.01431	0.00730	0.00594	0.00183	0.00514	0.00590	0.00722	0.01006
23	0.00865	0.00659	0.00915	0.00918	0.00978	0.00753	0.00675	0.01004	0.00963	0.01358	0.01895	0.17537	0.02029	0.19046	0.39802	0.00670	0.08198	0.00875	0.00366	0.00495
24	0.00819	0.00612	0.00766	0.00750	0.00902	0.00558	0.00577	0.01070	0.01569	0.02138	0.52363	0.04938	0.20533	0.01318	0.00711	0.00198	0.00312	0.08705	0.00617	0.00544
25	0.01226	0.01118	0.01613	0.16145	0.02133	0.00979	0.09854	0.01543	0.01239	0.01841	0.01069	0.01340	0.00861	0.00475	0.00500	0.00123	0.00576	0.00428	0.00327	0.56610
26	0.01186	0.03059	0.76153	0.01686	0.02560	0.01373	0.02185	0.01873	0.01249	0.01873	0.01061	0.01249	0.00749	0.00562	0.00562	0.00187	0.00874	0.00437	0.00250	0.00874
27	0.02248	0.01656	0.01775	0.01361	0.01834	0.01834	0.01124	0.73556	0.02780	0.03727	0.01420	0.01420	0.01006	0.00710	0.00592	0.00177	0.00651	0.00532	0.00592	0.01006
28	0.01038	0.00804	0.01102	0.03875	0.10294	0.00796	0.00808	0.07581	0.01648	0.02299	0.47521	0.11941	0.04206	0.01139	0.00679	0.00192	0.00395	0.02469	0.00574	0.00639
29	0.76119	0.05445	0.01018	0.00817	0.01188	0.04032	0.00678	0.01762	0.01040	0.02543	0.00827	0.00964	0.00651	0.00549	0.00373	0.00179	0.00488	0.00322	0.00358	0.00648
30	0.02248	0.01656	0.01775	0.01361	0.01834	0.01834	0.01124	0.73556	0.02780	0.03727	0.01420	0.01420	0.01006	0.00710	0.00592	0.00177	0.00651	0.00532	0.00592	0.01006
31	0.01137	0.06386	0.05289	0.01372	0.15582	0.00942	0.00862	0.02960	0.01142	0.04404	0.05658	0.07802	0.01963	0.37196	0.04545	0.00391	0.00625	0.00773	0.00379	0.00592
32	0.01476	0.08497	0.09487	0.01223	0.01623	0.06704	0.01063	0.05384	0.47006	0.02227	0.02240	0.02135	0.06816	0.00784	0.00580	0.00188	0.00562	0.00629	0.00508	0.00867
33	0.83394	0.01144	0.00869	0.00778	0.01144	0.01327	0.00640	0.01738	0.01006	0.02653	0.00823	0.00961	0.00640	0.00549	0.00366	0.00183	0.00457	0.00320	0.00366	0.00640
34	0.01581	0.79572	0.03099	0.01012	0.01518	0.02340	0.01012	0.01771	0.01202	0.01391	0.00822	0.00949	0.00759	0.00506	0.00379	0.00126	0.00632	0.00316	0.00253	0.00759
35	0.01581	0.79572	0.03099	0.01012	0.01518	0.02340	0.01012	0.01771	0.01202	0.01391	0.00822	0.00949	0.00759	0.00506	0.00379	0.00126	0.00632	0.00316	0.00253	0.00759
36	0.01581	0.79572	0.03099	0.01012	0.01518	0.02340	0.01012	0.01771	0.01202	0.01391	0.00822	0.00949	0.00759	0.00506	0.00379	0.00126	0.00632	0.00316	0.00253	0.00759
37	0.01464	0.01405	0.02400	0.03630	0.75528	0.01405	0.01815	0.01815	0.01347	0.01932	0.01112	0.01464	0.00937	0.00527	0.00585	0.00176	0.00703	0.00527	0.00293	0.00937
38	0.00764	0.00602	0.00689	0.00667	0.00838	0.00527	0.00500	0.00974	0.01501	0.01960	0.38437	0.05094	0.42615	0.01362	0.00698	0.00193	0.00290	0.01164	0.00597	0.00527
39	0.00845	0.00634	0.00950	0.00950	0.01056	0.00739	0.00739	0.01056	0.00950	0.01373	0.01584	0.02323	0.01478	0.04435	0.76873	0.00950	0.01584	0.00634	0.00317	0.00528
40	0.00858	0.00580	0.00678	0.00678	0.00689	0.00591	0.00399	0.00881	0.00870	0.01171	0.01833	0.03703	0.02078	0.71156	0.10971	0.00614	0.00682	0.00836	0.00354	0.00377
41	0.00850	0.00569	0.00648	0.00657	0.00660	0.00567	0.00372	0.00857	0.00879	0.01172	0.01960	0.09065	0.02272	0.73856	0.02854	0.00550	0.00557	0.00917	0.00372	0.00367
42	0.00860	0.00573	0.00645	0.00645	0.00645	0.00573	0.00358	0.00860	0.00860	0.01147	0.01863	0.03870	0.02150	0.79217	0.03010	0.00573	0.00573	0.00860	0.00358	0.00358
43	0.02018	0.01536	0.01736	0.12271	0.02128	0.01728	0.01182	0.57053	0.08871	0.03300	0.01454	0.01512	0.01045	0.00701	0.00592	0.00182	0.00654	0.00543	0.00545	0.00950
44	0.01186	0.03059	0.76153	0.01686	0.02560	0.01373	0.02185	0.01873	0.01249	0.01873	0.01061	0.01249	0.00749	0.00562	0.00562	0.00187	0.00874	0.00437	0.00250	0.00874
45	0.01127	0.01071	0.01835	0.75104	0.04038	0.01320	0.04207	0.01525	0.01190	0.01525	0.01056	0.01577	0.00792	0.00588	0.00595	0.00197	0.00796	0.00532	0.00264	0.00662
46	0.02550	0.01010	0.01362	0.01039	0.01502	0.00863	0.00857	0.02781	0.01659	0.70568	0.02240	0.01956	0.01421	0.00711	0.00583	0.00176	0.00498	0.00577	0.00704	0.06943
47	0.00872	0.00644	0.00823	0.00799	0.00939	0.00619	0.00598	0.01230	0.06875	0.02249	0.58348	0.13747	0.05020	0.01276	0.00702	0.00197	0.00310	0.03547	0.00631	0.00575
48	0.01186	0.03059	0.76153	0.01686	0.02560	0.01373	0.02185	0.01873	0.01249	0.01873	0.01061	0.01249	0.00749	0.00562	0.00562	0.00187	0.00874	0.00437	0.00250	0.00874

[dist]
# distance from previous block
# <min> <max>
0	1

[block]
# block no. 2 follows, 39 sequences, length 17
# corresponding to MSA columns:
# 296-312
name=unknown_C
#
# <colnr> <probs for GDERKNQSTAVLIFYWHMCP>
#	G	D	E	R	K	N	Q	S	T	A	V	L	I	F	Y	W	H	M	C	P
0	0.00974	0.00742	0.01051	0.07579	0.01352	0.00844	0.00820	0.07604	0.01166	0.01620	0.01806	0.15071	0.01786	0.03333	0.50592	0.00696	0.01222	0.00792	0.00376	0.00574
1	0.01673	0.68321	0.02890	0.01087	0.01563	0.13262	0.01031	0.01857	0.01271	0.01400	0.00836	0.00966	0.00759	0.00521	0.00402	0.00130	0.00696	0.00326	0.00261	0.00748
2	0.01102	0.00551	0.00551	0.00551	0.00689	0.00551	0.00413	0.01378	0.01240	0.02205	0.01929	0.02205	0.01516	0.00689	0.00413	0.00138	0.00276	0.00551	0.82500	0.00551
3	0.01092	0.17490	0.01460	0.00990	0.01204	0.01150	0.00822	0.05874	0.01122	0.01528	0.01411	0.01973	0.01295	0.03360	0.55693	0.00725	0.01322	0.00560	0.00321	0.00608
4	0.02161	0.01153	0.01387	0.01123	0.01532	0.01156	0.00914	0.15344	0.18630	0.40233	0.02378	0.02282	0.04792	0.00810	0.00608	0.00190	0.00514	0.03179	0.00662	0.00951
5	0.01222	0.10015	0.69511	0.01624	0.02465	0.01461	0.02078	0.01864	0.01244	0.01829	0.01040	0.01221	0.00750	0.00557	0.00545	0.00182	0.00852	0.00426	0.00250	0.00864
6	0.01287	0.01397	0.02900	0.08694	0.02830	0.01326	0.54942	0.01719	0.01338	0.01820	0.01406	0.10191	0.01223	0.00654	0.00680	0.00197	0.00874	0.00773	0.00327	0.05421
7	0.01040	0.00862	0.00949	0.00879	0.01067	0.05082	0.00666	0.01587	0.16059	0.02339	0.56595	0.03790	0.04560	0.01094	0.00669	0.00187	0.00361	0.00951	0.00622	0.00640
8	0.00847	0.00611	0.00804	0.00774	0.00913	0.00569	0.00592	0.01125	0.01647	0.02320	0.69013	0.04611	0.05393	0.01246	0.00708	0.00193	0.00302	0.07134	0.00642	0.00557
9	0.02614	0.01069	0.01411	0.01082	0.01541	0.00962	0.00894	0.09653	0.01797	0.69019	0.02246	0.01956	0.01420	0.00730	0.00594	0.00182	0.00517	0.00589	0.00719	0.01006
10	0.01117	0.01051	0.01774	0.77795	0.04073	0.01314	0.01642	0.01511	0.01182	0.01511	0.01051	0.01577	0.00788	0.00591	0.00591	0.00197	0.00788	0.00526	0.00263	0.00657
11	0.00837	0.00604	0.00790	0.00744	0.00883	0.00558	0.00558	0.01116	0.01674	0.02371	0.75216	0.04417	0.05580	0.01209	0.00697	0.00186	0.00279	0.01069	0.00651	0.00558
12	0.02653	0.01006	0.01372	0.01052	0.01510	0.00869	0.00869	0.02882	0.01693	0.75937	0.02333	0.02013	0.01464	0.00732	0.00595	0.00183	0.00503	0.00595	0.00732	0.01006
13	0.01117	0.01051	0.01774	0.77795	0.04073	0.01314	0.01642	0.01511	0.01182	0.01511	0.01051	0.01577	0.00788	0.00591	0.00591	0.00197	0.00788	0.00526	0.00263	0.00657
14	0.00824	0.00604	0.00773	0.00730	0.00876	0.00552	0.00548	0.01091	0.01643	0.02299	0.68715	0.04537	0.12126	0.01236	0.00698	0.00187	0.00281	0.01086	0.00641	0.00552
15	0.01218	0.00585	0.00612	0.00588	0.00750	0.00575	0.00447	0.01490	0.01274	0.07691	0.01959	0.02190	0.01512	0.00692	0.00427	0.00141	0.00293	0.00554	0.76415	0.00585
16	0.01459	0.01419	0.02481	0.03545	0.70137	0.01412	0.07140	0.01821	0.01350	0.01929	0.01119	0.01473	0.00934	0.00525	0.00594	0.00177	0.00724	0.00540	0.00293	0.00926

[dist]
# distance from previous block
# <min> <max>
0	3

[block]
# block no. 3 follows, 39 sequences, length 105
# corresponding to MSA columns:
# 316-420
name=unknown_D
#
# <colnr> <probs for GDERKNQSTAVLIFYWHMCP>
#	G	D	E	R	K	N	Q	S	T	A	V	L	I	F	Y	W	H	M	C	P
0	0.01571	0.77350	0.03046	0.01008	0.01515	0.02296	0.01003	0.01763	0.01202	0.01407	0.00829	0.00957	0.00762	0.00504	0.00381	0.00125	0.00627	0.00317	0.00256	0.03081
1	0.00876	0.00656	0.00937	0.00973	0.01106	0.00623	0.03615	0.01103	0.01357	0.01834	0.19722	0.29303	0.03901	0.01528	0.00754	0.00234	0.00433	0.27628	0.00555	0.02865
2	0.83394	0.01144	0.00869	0.00778	0.01144	0.01327	0.00640	0.01738	0.01006	0.02653	0.00823	0.00961	0.00640	0.00549	0.00366	0.00183	0.00457	0.00320	0.00366	0.00640
3	0.83394	0.01144	0.00869	0.00778	0.01144	0.01327	0.00640	0.01738	0.01006	0.02653	0.00823	0.00961	0.00640	0.00549	0.00366	0.00183	0.00457	0.00320	0.00366	0.00640
4	0.02408	0.01091	0.01437	0.01221	0.05400	0.01021	0.00938	0.05685	0.11998	0.58803	0.02243	0.01988	0.01466	0.00730	0.00595	0.00185	0.00515	0.00599	0.00685	0.00993
5	0.01295	0.01173	0.01877	0.75740	0.04122	0.01403	0.01692	0.01631	0.01293	0.01678	0.01228	0.01812	0.00958	0.00709	0.00665	0.00229	0.00840	0.00581	0.00325	0.00748
6	0.01440	0.01244	0.01308	0.01179	0.01508	0.01432	0.00917	0.03051	0.71540	0.02439	0.02550	0.02346	0.04739	0.00830	0.00606	0.00201	0.00461	0.00692	0.00600	0.00919
7	0.00721	0.00515	0.00686	0.00823	0.00858	0.00480	0.00549	0.00823	0.01132	0.01510	0.03259	0.78831	0.03911	0.01853	0.00755	0.00240	0.00343	0.01681	0.00549	0.00480
8	0.01396	0.01595	0.03490	0.02493	0.03091	0.01496	0.73380	0.01894	0.01396	0.01894	0.01196	0.01595	0.00897	0.00499	0.00698	0.00199	0.00997	0.00698	0.00299	0.00798
9	0.01325	0.01263	0.02149	0.33337	0.46906	0.01369	0.01746	0.01693	0.01281	0.01763	0.01088	0.01509	0.00877	0.00553	0.00588	0.00184	0.00737	0.00526	0.00281	0.00825
10	0.01435	0.01376	0.02349	0.09664	0.69714	0.01398	0.01801	0.01790	0.01333	0.01898	0.01107	0.01473	0.00925	0.00532	0.00586	0.00177	0.00710	0.00527	0.00290	0.00914
11	0.01027	0.00514	0.00770	0.00770	0.00770	0.00514	0.00514	0.00770	0.00770	0.01027	0.01027	0.01798	0.01027	0.02054	0.02311	0.82794	0.00514	0.00514	0.00257	0.00257
12	0.01471	0.01270	0.01337	0.01203	0.01538	0.01471	0.00936	0.03142	0.74459	0.02474	0.02407	0.02206	0.01805	0.00802	0.00602	0.00201	0.00468	0.00669	0.00602	0.00936
13	0.01547	0.01284	0.01362	0.01208	0.01553	0.01474	0.00944	0.06999	0.68467	0.04621	0.02351	0.02158	0.01752	0.00795	0.00601	0.00199	0.00479	0.00659	0.00605	0.00942
14	0.00860	0.00573	0.00645	0.00645	0.00645	0.00573	0.00358	0.00860	0.00860	0.01147	0.01863	0.03870	0.02150	0.79217	0.03010	0.00573	0.00573	0.00860	0.00358	0.00358
15	0.00854	0.00726	0.01231	0.01145	0.01291	0.00679	0.14650	0.01038	0.01196	0.01605	0.04579	0.62100	0.03368	0.01575	0.00742	0.00231	0.00468	0.01476	0.00503	0.00544
16	0.01464	0.01405	0.02400	0.03630	0.75528	0.01405	0.01815	0.01815	0.01347	0.01932	0.01112	0.01464	0.00937	0.00527	0.00585	0.00176	0.00703	0.00527	0.00293	0.00937
17	0.02653	0.01006	0.01372	0.01052	0.01510	0.00869	0.00869	0.02882	0.01693	0.75937	0.02333	0.02013	0.01464	0.00732	0.00595	0.00183	0.00503	0.00595	0.00732	0.01006
18	0.01133	0.01080	0.01843	0.72523	0.03959	0.01336	0.04496	0.01524	0.01183	0.01524	0.01049	0.01569	0.00792	0.00601	0.00636	0.00199	0.03094	0.00532	0.00264	0.00662
19	0.00721	0.00515	0.00686	0.00823	0.00858	0.00480	0.00549	0.00823	0.01132	0.01510	0.03259	0.78831	0.03911	0.01853	0.00755	0.00240	0.00343	0.01681	0.00549	0.00480
20	0.02922	0.00925	0.08562	0.00918	0.01176	0.00705	0.00793	0.01472	0.01534	0.14719	0.41024	0.13837	0.03969	0.01152	0.00672	0.00196	0.00401	0.03767	0.00600	0.00657
21	0.01102	0.00551	0.00551	0.00551	0.00689	0.00551	0.00413	0.01378	0.01240	0.02205	0.01929	0.02205	0.01516	0.00689	0.00413	0.00138	0.00276	0.00551	0.82500	0.00551
22	0.02204	0.01555	0.01688	0.01302	0.01750	0.01702	0.01067	0.64876	0.02605	0.08612	0.01506	0.01588	0.01097	0.04781	0.00717	0.00198	0.00636	0.00554	0.00589	0.00972
23	0.01909	0.00850	0.01100	0.00922	0.01248	0.00747	0.00726	0.03473	0.01530	0.46133	0.03128	0.14613	0.15743	0.04139	0.00734	0.00210	0.00446	0.00894	0.00652	0.00804
24	0.01226	0.01051	0.01226	0.00876	0.01401	0.00788	0.00701	0.01489	0.01226	0.01927	0.01051	0.01226	0.00876	0.00438	0.00438	0.00088	0.00438	0.00350	0.00350	0.82832
25	0.03838	0.37732	0.30720	0.01323	0.01941	0.10654	0.01462	0.01898	0.01278	0.02961	0.00951	0.01096	0.00765	0.00545	0.00471	0.00155	0.00768	0.00375	0.00270	0.00795
26	0.01054	0.00776	0.01308	0.25924	0.02041	0.00850	0.06812	0.01108	0.00994	0.01306	0.01287	0.09929	0.01247	0.01431	0.01455	0.40449	0.00624	0.00657	0.00293	0.00455
27	0.01376	0.01519	0.03062	0.02338	0.06244	0.01562	0.53827	0.01785	0.01284	0.01791	0.01099	0.01522	0.00872	0.00620	0.00970	0.00212	0.18208	0.00649	0.00290	0.00771
28	0.00743	0.00536	0.00704	0.00799	0.00861	0.00497	0.00547	0.00884	0.01250	0.01688	0.17938	0.60882	0.07060	0.01708	0.00741	0.00228	0.00328	0.01540	0.00570	0.00497
29	0.01236	0.01017	0.01275	0.01157	0.01299	0.05267	0.00922	0.06189	0.04033	0.05486	0.01427	0.01967	0.01271	0.04330	0.41905	0.00619	0.19022	0.00590	0.00355	0.00633
30	0.00856	0.00572	0.00646	0.00650	0.00651	0.00571	0.00364	0.00859	0.00868	0.01157	0.01905	0.06097	0.02202	0.76918	0.02943	0.00563	0.00566	0.00884	0.00364	0.00362
31	0.02150	0.02658	0.01651	0.01493	0.01805	0.68482	0.01125	0.04540	0.07630	0.01599	0.01051	0.01170	0.00854	0.00628	0.00541	0.00157	0.01005	0.00409	0.00337	0.00715
32	0.01474	0.01683	0.02651	0.11666	0.02741	0.16026	0.41311	0.01845	0.01374	0.01705	0.01207	0.05708	0.01014	0.00643	0.00742	0.00196	0.06320	0.00656	0.00306	0.00730
33	0.00738	0.00533	0.00703	0.00833	0.00885	0.00498	0.00577	0.00857	0.01162	0.01535	0.03391	0.69169	0.07570	0.01817	0.00757	0.00241	0.00357	0.07343	0.00549	0.00487
34	0.01317	0.01409	0.02878	0.23159	0.08907	0.01418	0.46666	0.01759	0.01320	0.01774	0.01147	0.01584	0.00873	0.00559	0.00694	0.01949	0.00907	0.00634	0.00288	0.00758
35	0.09138	0.01067	0.01352	0.01055	0.01499	0.00991	0.00868	0.06680	0.05468	0.62205	0.02164	0.01905	0.01389	0.00719	0.00576	0.00184	0.00506	0.00573	0.00688	0.00973
36	0.00965	0.00717	0.00884	0.00894	0.01039	0.00715	0.00673	0.07056	0.07057	0.02058	0.24696	0.31673	0.07650	0.01441	0.00718	0.00218	0.00381	0.09987	0.00586	0.00590
37	0.01128	0.01019	0.01366	0.01206	0.01206	0.01339	0.00937	0.01208	0.00888	0.01318	0.01191	0.02277	0.01301	0.30874	0.02349	0.00379	0.48532	0.00648	0.00297	0.00537
38	0.01471	0.01278	0.01396	0.01337	0.05598	0.01467	0.00984	0.03070	0.70447	0.02444	0.02336	0.02166	0.01758	0.00787	0.00601	0.00199	0.00481	0.00661	0.00585	0.00936
39	0.00721	0.00515	0.00686	0.00823	0.00858	0.00480	0.00549	0.00823	0.01132	0.01510	0.03259	0.78831	0.03911	0.01853	0.00755	0.00240	0.00343	0.01681	0.00549	0.00480
40	0.05618	0.01545	0.06411	0.08557	0.02460	0.07427	0.32934	0.01755	0.01308	0.01840	0.01139	0.03406	0.00924	0.00565	0.00645	0.00173	0.03891	0.00566	0.00313	0.18523
41	0.47556	0.23640	0.05071	0.00916	0.01356	0.01570	0.00843	0.01876	0.01147	0.10076	0.00995	0.01083	0.00767	0.00557	0.00403	0.00167	0.00532	0.00354	0.00367	0.00724
42	0.01865	0.09760	0.05922	0.05260	0.01892	0.01292	0.09750	0.02499	0.18739	0.29454	0.01841	0.01784	0.01293	0.00663	0.00575	0.00179	0.00600	0.00568	0.00525	0.05540
43	0.04143	0.16826	0.06076	0.01316	0.01764	0.05771	0.01158	0.42620	0.03779	0.02810	0.01213	0.01296	0.00921	0.00681	0.00650	0.00174	0.06975	0.00474	0.00459	0.00894
44	0.01027	0.00514	0.00770	0.00770	0.00770	0.00514	0.00514	0.00770	0.00770	0.01027	0.01027	0.01798	0.01027	0.02054	0.02311	0.82794	0.00514	0.00514	0.00257	0.00257
45	0.05527	0.01179	0.01674	0.24874	0.02287	0.01499	0.01289	0.01475	0.01038	0.01581	0.00899	0.01355	0.00786	0.00795	0.01246	0.00213	0.40087	0.00488	0.00278	0.11430
46	0.07709	0.02280	0.01548	0.01380	0.01697	0.51932	0.01056	0.09892	0.04556	0.04241	0.01122	0.01275	0.00902	0.00939	0.06743	0.00225	0.00980	0.00432	0.00366	0.00724
47	0.01470	0.01281	0.01424	0.01401	0.07557	0.01466	0.01008	0.03034	0.68511	0.02430	0.02302	0.02146	0.01735	0.00780	0.00600	0.00199	0.00487	0.00657	0.00577	0.00936
48	0.01520	0.01300	0.01470	0.01262	0.01620	0.01465	0.04908	0.11455	0.57970	0.02547	0.02409	0.02260	0.05505	0.00811	0.00611	0.00198	0.00510	0.00684	0.00581	0.00914
49	0.00860	0.00573	0.00645	0.00645	0.00645	0.00573	0.00358	0.00860	0.00860	0.01147	0.01863	0.03870	0.02150	0.79217	0.03010	0.00573	0.00573	0.00860	0.00358	0.00358
50	0.00845	0.00584	0.00684	0.00684	0.00716	0.00591	0.00420	0.00887	0.00912	0.01215	0.02160	0.03800	0.08005	0.62330	0.13256	0.00596	0.00694	0.00860	0.00368	0.00394
51	0.62044	0.01145	0.01055	0.07109	0.01465	0.01293	0.00777	0.05590	0.01202	0.12101	0.01068	0.01171	0.00778	0.00584	0.00426	0.00184	0.00500	0.00383	0.00417	0.00708
52	0.00946	0.00633	0.00797	0.00739	0.00914	0.00570	0.00560	0.01196	0.01612	0.07706	0.56380	0.04485	0.18769	0.01229	0.00690	0.00188	0.00300	0.01069	0.00637	0.00580
53	0.00970	0.00756	0.00729	0.00716	0.00741	0.06778	0.00422	0.00982	0.00926	0.01171	0.01786	0.03642	0.02037	0.72822	0.02809	0.00539	0.00613	0.00821	0.00354	0.00385
54	0.01257	0.01291	0.02356	0.34426	0.05775	0.01483	0.24626	0.01626	0.01197	0.01630	0.01040	0.01517	0.00826	0.00655	0.00918	0.00210	0.17602	0.00579	0.00275	0.00710
55	0.02537	0.01010	0.01361	0.01038	0.01501	0.00863	0.00855	0.02769	0.01655	0.69916	0.02229	0.01949	0.01416	0.00708	0.00582	0.00175	0.00498	0.00575	0.00701	0.07663
56	0.01238	0.01287	0.02517	0.45193	0.03648	0.01393	0.32701	0.01677	0.01275	0.01677	0.01114	0.01585	0.00836	0.00551	0.00637	0.00198	0.00879	0.00600	0.00279	0.00718
57	0.01214	0.00655	0.00906	0.00899	0.00917	0.00629	0.00598	0.00915	0.00896	0.01214	0.01210	0.02034	0.01196	0.02133	0.02338	0.80418	0.00575	0.00571	0.00321	0.00362
58	0.76900	0.01240	0.01007	0.00915	0.01275	0.01387	0.00726	0.01820	0.01122	0.02726	0.01052	0.01292	0.00863	0.00872	0.04415	0.00256	0.00579	0.00400	0.00425	0.00729
59	0.01751	0.77409	0.03167	0.01133	0.01643	0.02402	0.01082	0.01886	0.01315	0.01567	0.01011	0.01209	0.00935	0.00629	0.00462	0.00161	0.00690	0.00380	0.00317	0.00850
60	0.01133	0.00822	0.01018	0.00998	0.01171	0.00774	0.00778	0.05246	0.01733	0.02394	0.46224	0.05095	0.07538	0.01415	0.00799	0.00243	0.00443	0.20836	0.00667	0.00673
61	0.01676	0.59400	0.02733	0.01136	0.01596	0.02094	0.01037	0.05504	0.01367	0.01715	0.01148	0.01417	0.01042	0.01117	0.09838	0.00263	0.00797	0.00432	0.00348	0.05338
62	0.00967	0.00696	0.00872	0.00923	0.01019	0.00632	0.00644	0.01093	0.01470	0.02034	0.32364	0.45415	0.04658	0.01673	0.00805	0.00251	0.00388	0.02839	0.00646	0.00612
63	0.02399	0.01765	0.01882	0.01472	0.01950	0.01910	0.01191	0.71578	0.02847	0.03835	0.01591	0.01667	0.01175	0.00827	0.00668	0.00211	0.00708	0.00590	0.00646	0.01089
64	0.02792	0.01134	0.01491	0.01172	0.01635	0.00974	0.00943	0.02965	0.01791	0.73939	0.02478	0.02243	0.01619	0.00849	0.00671	0.00216	0.00565	0.00650	0.00782	0.01090
65	0.01007	0.00742	0.00895	0.00850	0.01013	0.00662	0.00623	0.01208	0.01720	0.02394	0.62040	0.04783	0.16889	0.01359	0.00771	0.00221	0.00351	0.01140	0.00687	0.00645
66	0.01287	0.00692	0.00694	0.00686	0.00838	0.00665	0.00501	0.01505	0.01352	0.02357	0.02086	0.02429	0.01670	0.00807	0.00495	0.00172	0.00344	0.00608	0.80166	0.00648
67	0.01467	0.02436	0.39836	0.02167	0.02904	0.01521	0.35783	0.01996	0.01430	0.02045	0.01307	0.01664	0.00995	0.00654	0.00703	0.00226	0.00983	0.00620	0.00338	0.00925
68	0.01037	0.00772	0.01081	0.01073	0.01194	0.00848	0.00817	0.01193	0.01071	0.01549	0.01751	0.02544	0.01634	0.04444	0.74725	0.00961	0.01614	0.00688	0.00379	0.00626
69	0.01639	0.01872	0.09161	0.02365	0.04317	0.05511	0.52677	0.05935	0.01555	0.02107	0.01337	0.01754	0.01051	0.00673	0.00809	0.00230	0.05050	0.00691	0.00372	0.00894
70	0.00908	0.00688	0.00791	0.00864	0.00979	0.00603	0.00594	0.00976	0.01330	0.01716	0.04420	0.48906	0.31237	0.01801	0.00805	0.00256	0.00393	0.01540	0.00605	0.00587
71	0.10196	0.02308	0.41995	0.01530	0.02145	0.01432	0.01656	0.08281	0.05257	0.05726	0.01542	0.07885	0.01284	0.00847	0.00716	0.00228	0.05019	0.00618	0.00422	0.00913
72	0.01562	0.32141	0.40099	0.01540	0.02218	0.04535	0.03308	0.01953	0.01352	0.01825	0.01143	0.01389	0.00934	0.00675	0.00608	0.00198	0.02843	0.00457	0.00319	0.00903
73	0.00936	0.00740	0.00797	0.00775	0.00970	0.00632	0.00568	0.01071	0.01554	0.01998	0.26652	0.05434	0.52524	0.01506	0.00772	0.00228	0.00361	0.01231	0.00635	0.00615
74	0.01577	0.01651	0.03264	0.04132	0.17175	0.01569	0.54463	0.01973	0.01478	0.02045	0.01345	0.01804	0.01072	0.00642	0.00777	0.00229	0.02826	0.00710	0.00359	0.00908
75	0.01488	0.01482	0.04872	0.38444	0.29039	0.04427	0.06931	0.01815	0.01391	0.01869	0.01260	0.01749	0.01021	0.00682	0.00670	0.00220	0.00841	0.00587	0.00341	0.00868
76	0.01029	0.00743	0.00926	0.00873	0.01027	0.00672	0.00641	0.01251	0.01773	0.02519	0.73235	0.04577	0.05616	0.01312	0.00771	0.00219	0.00347	0.01111	0.00704	0.00655
77	0.01051	0.00713	0.00785	0.00777	0.00795	0.00687	0.00447	0.01002	0.00983	0.01330	0.02022	0.04046	0.02286	0.77045	0.03016	0.00595	0.00633	0.00908	0.00420	0.00461
78	0.01501	0.16491	0.54735	0.01730	0.05033	0.05584	0.01947	0.01991	0.01378	0.01930	0.01195	0.01446	0.00935	0.00675	0.00607	0.00207	0.00887	0.00476	0.00319	0.00934
79	0.82674	0.01184	0.00912	0.00819	0.01188	0.01356	0.00667	0.01776	0.01045	0.02698	0.00885	0.01045	0.00699	0.00589	0.00393	0.00194	0.00478	0.00341	0.00386	0.00671
80	0.01408	0.05263	0.01420	0.00973	0.01493	0.01011	0.00786	0.08887	0.01420	0.02134	0.01136	0.01314	0.00939	0.00510	0.00477	0.00110	0.00491	0.00387	0.00390	0.69451
81	0.00908	0.00674	0.00973	0.00970	0.01074	0.00764	0.00739	0.01087	0.00984	0.01415	0.01657	0.02497	0.01573	0.09360	0.71314	0.00929	0.01527	0.00666	0.00340	0.00549
82	0.01559	0.01517	0.02391	0.03534	0.71010	0.05382	0.01795	0.01881	0.01399	0.01959	0.01161	0.01523	0.00983	0.00571	0.00608	0.00185	0.00740	0.00538	0.00314	0.00951
83	0.01245	0.03081	0.75482	0.01719	0.02590	0.01403	0.02197	0.01909	0.01285	0.01925	0.01120	0.01330	0.00806	0.00601	0.00587	0.00198	0.00891	0.00456	0.00271	0.00902
84	0.00907	0.00678	0.00993	0.00990	0.01101	0.00774	0.00764	0.01100	0.00990	0.01430	0.01638	0.02395	0.01529	0.04438	0.76175	0.00954	0.01594	0.00651	0.00337	0.00560
85	0.01392	0.01284	0.02021	0.42956	0.03177	0.01532	0.10068	0.10918	0.01397	0.01882	0.01120	0.01581	0.00884	0.00724	0.00899	0.00218	0.16305	0.00564	0.00330	0.00747
86	0.01272	0.07046	0.69707	0.01705	0.02550	0.01456	0.04048	0.01905	0.01286	0.01901	0.01112	0.01324	0.00811	0.00597	0.00581	0.00195	0.00881	0.00457	0.00272	0.00894
87	0.01540	0.05764	0.12419	0.01990	0.02568	0.01420	0.43504	0.04759	0.01482	0.09510	0.01732	0.01964	0.07041	0.00661	0.00673	0.00202	0.00857	0.00689	0.00387	0.00840
88	0.02482	0.01230	0.01507	0.01174	0.01622	0.01189	0.00958	0.23844	0.03480	0.49448	0.05020	0.02011	0.01549	0.00784	0.00623	0.00193	0.00557	0.00615	0.00701	0.01014
89	0.01453	0.01631	0.03508	0.02518	0.03116	0.01524	0.72717	0.01931	0.01431	0.01947	0.01254	0.01674	0.00953	0.00539	0.00722	0.00210	0.01012	0.00715	0.00320	0.00827
90	0.01433	0.01354	0.02272	0.22305	0.56888	0.01411	0.01787	0.01776	0.01341	0.01878	0.01156	0.01572	0.00955	0.00583	0.00612	0.00192	0.00742	0.00545	0.00306	0.00894
91	0.01088	0.00560	0.00815	0.00812	0.00818	0.00551	0.00541	0.00817	0.00811	0.01088	0.01087	0.01874	0.01082	0.02080	0.02320	0.82022	0.00534	0.00532	0.00278	0.00291
92	0.49825	0.09444	0.01212	0.00887	0.01254	0.01336	0.00733	0.03496	0.05073	0.08839	0.05389	0.01775	0.07181	0.00728	0.00476	0.00190	0.00483	0.00502	0.00453	0.00724
93	0.01183	0.01096	0.01775	0.69036	0.03806	0.01343	0.01592	0.01532	0.01203	0.01573	0.01136	0.03094	0.00906	0.00677	0.00696	0.00209	0.05399	0.00561	0.00291	0.02891
94	0.00907	0.00678	0.00993	0.00990	0.01101	0.00774	0.00764	0.01100	0.00990	0.01430	0.01638	0.02395	0.01529	0.04438	0.76175	0.00954	0.01594	0.00651	0.00337	0.00560
95	0.01673	0.01382	0.01458	0.01271	0.01634	0.01567	0.00995	0.16409	0.60322	0.02756	0.02268	0.02131	0.01702	0.00822	0.00625	0.00207	0.00523	0.00660	0.00617	0.00977
96	0.24983	0.56488	0.02485	0.00984	0.01452	0.02071	0.00929	0.01799	0.01183	0.01809	0.00884	0.01037	0.00782	0.00558	0.00402	0.00154	0.00601	0.00338	0.00306	0.00755
97	0.04139	0.01245	0.01397	0.01206	0.07499	0.04950	0.00875	0.08270	0.07217	0.04619	0.01226	0.01350	0.00972	0.00521	0.00485	0.00122	0.00517	0.00415	0.00398	0.52577
98	0.00881	0.00826	0.06933	0.00831	0.01039	0.00653	0.00699	0.01235	0.04072	0.02305	0.64094	0.04134	0.07721	0.01154	0.00683	0.00187	0.00335	0.01011	0.00613	0.00594
99	0.01183	0.01014	0.01175	0.00853	0.01352	0.00765	0.00680	0.01437	0.01236	0.01900	0.01453	0.01590	0.06930	0.00524	0.00459	0.00097	0.00427	0.00423	0.00367	0.76134
100	0.02000	0.01493	0.01613	0.01273	0.01692	0.01648	0.01038	0.57382	0.10713	0.03432	0.09944	0.01850	0.01617	0.00777	0.00605	0.00181	0.00588	0.00609	0.00600	0.00947
101	0.01226	0.01051	0.01226	0.00876	0.01401	0.00788	0.00701	0.01489	0.01226	0.01927	0.01051	0.01226	0.00876	0.00438	0.00438	0.00088	0.00438	0.00350	0.00350	0.82832
102	0.01117	0.01051	0.01774	0.77795	0.04073	0.01314	0.01642	0.01511	0.01182	0.01511	0.01051	0.01577	0.00788	0.00591	0.00591	0.00197	0.00788	0.00526	0.00263	0.00657
103	0.01226	0.01051	0.01226	0.00876	0.01401	0.00788	0.00701	0.01489	0.01226	0.01927	0.01051	0.01226	0.00876	0.00438	0.00438	0.00088	0.00438	0.00350	0.00350	0.82832
104	0.83394	0.01144	0.00869	0.00778	0.01144	0.01327	0.00640	0.01738	0.01006	0.02653	0.00823	0.00961	0.00640	0.00549	0.00366	0.00183	0.00457	0.00320	0.00366	0.00640

[dist]
# distance from previous block
# <min> <max>
0	3

[block]
# block no. 4 follows, 39 sequences, length 23
# corresponding to MSA columns:
# 424-446
name=unknown_E
#
# <colnr> <probs for GDERKNQSTAVLIFYWHMCP>
#	G	D	E	R	K	N	Q	S	T	A	V	L	I	F	Y	W	H	M	C	P
0	0.02403	0.01408	0.01621	0.01243	0.01710	0.01465	0.01027	0.46565	0.02365	0.31305	0.01769	0.01646	0.01181	0.00718	0.00593	0.00180	0.00594	0.00556	0.00645	0.01006
1	0.01102	0.00551	0.00551	0.00551	0.00689	0.00551	0.00413	0.01378	0.01240	0.02205	0.01929	0.02205	0.01516	0.00689	0.00413	0.00138	0.00276	0.00551	0.82500	0.00551
2	0.00849	0.00774	0.00904	0.00839	0.00988	0.00829	0.00662	0.00993	0.01237	0.01554	0.04679	0.04585	0.56537	0.01381	0.01011	0.00215	0.19886	0.01064	0.00476	0.00536
3	0.01954	0.10009	0.01755	0.01343	0.01719	0.29856	0.01068	0.20428	0.21643	0.02294	0.01437	0.01452	0.01106	0.00676	0.00551	0.00169	0.00755	0.00490	0.00452	0.00842
4	0.02336	0.02300	0.01589	0.01389	0.01737	0.55102	0.01064	0.02510	0.01681	0.22763	0.01320	0.01337	0.00963	0.00644	0.00551	0.00161	0.00905	0.00442	0.00427	0.00777
5	0.01166	0.00766	0.01119	0.20208	0.01704	0.00851	0.00853	0.08302	0.01080	0.01426	0.01106	0.01785	0.01009	0.04573	0.01732	0.50454	0.00599	0.00532	0.00296	0.00437
6	0.01574	0.12348	0.01982	0.01429	0.01619	0.01891	0.01212	0.19624	0.01419	0.01998	0.00945	0.01277	0.00832	0.00879	0.01383	0.00220	0.47782	0.00493	0.00342	0.00753
7	0.01046	0.00939	0.01526	0.58406	0.03270	0.01124	0.01369	0.01412	0.01306	0.01728	0.19714	0.02292	0.01994	0.00747	0.00618	0.00194	0.00660	0.00662	0.00360	0.00632
8	0.01259	0.04183	0.15271	0.30254	0.02770	0.04552	0.05286	0.01610	0.01137	0.01561	0.00959	0.01387	0.00781	0.00721	0.01014	0.00211	0.25572	0.00503	0.00262	0.00704
9	0.01569	0.01703	0.01775	0.01537	0.01635	0.21237	0.01248	0.04537	0.01180	0.01521	0.00838	0.01240	0.00782	0.00912	0.01523	0.00228	0.55098	0.00483	0.00284	0.00671
10	0.77837	0.01258	0.00924	0.00829	0.01191	0.06496	0.00675	0.01781	0.01052	0.02571	0.00830	0.00968	0.00649	0.00553	0.00377	0.00181	0.00499	0.00324	0.00362	0.00644
11	0.00849	0.00615	0.00857	0.00855	0.00932	0.00685	0.00623	0.01002	0.00954	0.01348	0.04613	0.02849	0.01835	0.25664	0.52726	0.00812	0.01243	0.00716	0.00342	0.00481
12	0.01647	0.01677	0.01991	0.06836	0.02161	0.18853	0.19260	0.05402	0.25767	0.04569	0.01587	0.01711	0.01208	0.00806	0.03664	0.00217	0.00815	0.00590	0.00426	0.00813
13	0.01855	0.01377	0.01529	0.01213	0.01584	0.01512	0.00988	0.52475	0.02428	0.03295	0.19965	0.02169	0.02148	0.00848	0.00672	0.00183	0.03620	0.00667	0.00593	0.00879
14	0.02310	0.01473	0.01651	0.01275	0.01737	0.01572	0.01050	0.52140	0.06203	0.21834	0.01701	0.01610	0.01162	0.00720	0.00593	0.00180	0.00604	0.00555	0.00627	0.01002
15	0.00721	0.00515	0.00686	0.00823	0.00858	0.00480	0.00549	0.00823	0.01132	0.01510	0.03259	0.78831	0.03911	0.01853	0.00755	0.00240	0.00343	0.01681	0.00549	0.00480
16	0.01481	0.02736	0.44363	0.01790	0.02471	0.20387	0.14707	0.02000	0.01383	0.01770	0.01049	0.01265	0.00779	0.00562	0.00579	0.00181	0.00945	0.00470	0.00272	0.00813
17	0.00764	0.00536	0.00683	0.00773	0.00806	0.00509	0.00502	0.00853	0.01101	0.01477	0.07834	0.54873	0.03582	0.21277	0.01318	0.00320	0.00397	0.01433	0.00508	0.00455
18	0.21903	0.01074	0.01136	0.00851	0.01337	0.00924	0.00686	0.01552	0.01171	0.02110	0.00994	0.01159	0.00817	0.00466	0.00420	0.00112	0.00443	0.00343	0.00354	0.62149
19	0.01749	0.59965	0.02766	0.01100	0.01597	0.02213	0.01040	0.19835	0.01599	0.01979	0.00973	0.01067	0.00821	0.00557	0.00433	0.00139	0.00637	0.00371	0.00338	0.00821
20	0.01911	0.01875	0.01356	0.01198	0.01512	0.40121	0.00918	0.05745	0.01653	0.14979	0.02473	0.02418	0.19655	0.00860	0.00589	0.00171	0.00751	0.00645	0.00458	0.00713
21	0.01584	0.01295	0.01368	0.01178	0.01533	0.01458	0.00931	0.20615	0.48569	0.02695	0.02543	0.02383	0.09496	0.00854	0.00610	0.00195	0.00496	0.00697	0.00594	0.00907
22	0.00758	0.00543	0.00720	0.00798	0.00866	0.00505	0.00552	0.00917	0.01306	0.01786	0.26293	0.55011	0.04445	0.01647	0.00736	0.00223	0.00323	0.01485	0.00582	0.00505

[dist]
# distance from previous block
# <min> <max>
10	25

[block]
# block no. 5 follows, 39 sequences, length 30
# corresponding to MSA columns:
# 472-501
name=unknown_F
#
# <colnr> <probs for GDERKNQSTAVLIFYWHMCP>
#	G	D	E	R	K	N	Q	S	T	A	V	L	I	F	Y	W	H	M	C	P
0	0.30450	0.25841	0.01767	0.00989	0.01415	0.08851	0.00861	0.02084	0.01298	0.19795	0.01195	0.01221	0.00888	0.00585	0.00442	0.00162	0.00582	0.00391	0.00413	0.00770
1	0.01548	0.01107	0.01230	0.01075	0.01400	0.01194	0.00844	0.06811	0.43026	0.13822	0.11392	0.02738	0.09410	0.00903	0.00621	0.00195	0.00445	0.00754	0.00622	0.00863
2	0.02308	0.02415	0.01608	0.01419	0.01757	0.59938	0.01082	0.02477	0.01680	0.18022	0.01230	0.01277	0.00918	0.00637	0.00547	0.00159	0.00941	0.00428	0.00400	0.00757
3	0.00824	0.00558	0.00656	0.00691	0.00699	0.00550	0.00407	0.00851	0.00930	0.01240	0.02221	0.23064	0.02601	0.59407	0.02433	0.00488	0.00514	0.01070	0.00407	0.00390
4	0.01392	0.01222	0.01434	0.18246	0.02102	0.01436	0.01093	0.02779	0.58154	0.02260	0.02105	0.02066	0.01579	0.00755	0.00599	0.00200	0.00539	0.00637	0.00526	0.00874
5	0.01293	0.01289	0.01992	0.14993	0.04651	0.01650	0.09908	0.01625	0.06031	0.01583	0.00996	0.01447	0.00868	0.00861	0.01422	0.00234	0.47622	0.00551	0.00289	0.00696
6	0.00899	0.00698	0.00837	0.00884	0.01008	0.00711	0.00629	0.01373	0.17522	0.01825	0.11146	0.48645	0.08481	0.01524	0.00711	0.00223	0.00361	0.01359	0.00572	0.00592
7	0.01228	0.00697	0.00883	0.00783	0.01010	0.00617	0.00606	0.01467	0.01606	0.19288	0.42882	0.04142	0.20134	0.01162	0.00674	0.00188	0.00336	0.00999	0.00647	0.00649
8	0.01689	0.00799	0.01031	0.00861	0.01169	0.00696	0.00685	0.01915	0.01610	0.37943	0.24401	0.03533	0.19091	0.01041	0.00648	0.00188	0.00393	0.00879	0.00668	0.00763
9	0.01492	0.55846	0.19355	0.01272	0.01862	0.03423	0.06198	0.01813	0.01234	0.01534	0.00902	0.01062	0.00766	0.00520	0.00445	0.00145	0.00719	0.00370	0.00256	0.00786
10	0.01055	0.00958	0.01599	0.51598	0.03116	0.01112	0.05606	0.01422	0.01334	0.01776	0.21962	0.02378	0.02145	0.00760	0.00628	0.00194	0.00657	0.00689	0.00374	0.00637
11	0.00897	0.00665	0.00853	0.00846	0.01000	0.00643	0.00666	0.01260	0.06531	0.02193	0.49698	0.06062	0.08167	0.01300	0.00719	0.00208	0.00353	0.16743	0.00617	0.00577
12	0.01598	0.01328	0.05809	0.01276	0.03884	0.01342	0.01023	0.13294	0.40578	0.09381	0.02203	0.08605	0.01775	0.00867	0.00613	0.00198	0.00521	0.02857	0.00571	0.02276
13	0.50847	0.01127	0.01048	0.00862	0.01276	0.01175	0.00704	0.04061	0.03568	0.10795	0.01114	0.01193	0.00835	0.00558	0.00422	0.00162	0.00465	0.00376	0.00418	0.18991
14	0.00804	0.00536	0.00716	0.00833	0.00886	0.00497	0.00563	0.00913	0.01157	0.04744	0.03219	0.75493	0.03805	0.01804	0.00748	0.00238	0.00350	0.01634	0.00557	0.00503
15	0.01555	0.62179	0.02943	0.01594	0.17986	0.02132	0.01191	0.01781	0.01234	0.01512	0.00887	0.01063	0.00798	0.00511	0.00425	0.00137	0.00648	0.00363	0.00262	0.00798
16	0.38510	0.03553	0.01480	0.05802	0.06629	0.01211	0.11701	0.01633	0.01263	0.03397	0.17488	0.01911	0.01823	0.00691	0.00522	0.00185	0.00541	0.00574	0.00410	0.00676
17	0.02085	0.01146	0.06509	0.17162	0.02086	0.01006	0.01106	0.02443	0.04710	0.48371	0.04330	0.02024	0.02850	0.00724	0.00597	0.00187	0.00576	0.00600	0.00589	0.00897
18	0.01596	0.01213	0.01332	0.01148	0.01509	0.01318	0.00901	0.09257	0.49062	0.10060	0.02230	0.06567	0.01733	0.00814	0.00594	0.00188	0.00478	0.00678	0.00587	0.08735
