[name]
unknown

[dist]
# distance from previous block
# <min> <max>
0	51

[block]
# block no. 0 follows, 40 sequences, length 44
# corresponding to MSA columns:
# 62-105
name=unknown_A
#
# <colnr> <probs for GDERKNQSTAVLIFYWHMCP>
#	G	D	E	R	K	N	Q	S	T	A	V	L	I	F	Y	W	H	M	C	P
0	0.01296	0.01164	0.01627	0.01186	0.01704	0.00932	0.13351	0.01567	0.01279	0.01945	0.01192	0.03447	0.01016	0.00530	0.00517	0.00124	0.00550	0.00464	0.00367	0.65741
1	0.01277	0.09996	0.69040	0.01640	0.02464	0.01474	0.02059	0.01880	0.01270	0.01866	0.01098	0.01306	0.00811	0.00598	0.00568	0.00192	0.00859	0.00444	0.00273	0.00886
2	0.00885	0.00607	0.00694	0.00728	0.00772	0.00577	0.00454	0.00923	0.01041	0.01408	0.02686	0.25029	0.09870	0.44606	0.01969	0.00420	0.00482	0.01111	0.05286	0.00453
3	0.01316	0.01085	0.01261	0.00918	0.01434	0.00822	0.00726	0.01550	0.01264	0.03843	0.01141	0.01330	0.00948	0.00490	0.00468	0.00103	0.00459	0.00377	0.00380	0.80086
4	0.00793	0.00648	0.00682	0.00670	0.00861	0.00549	0.00497	0.00942	0.01430	0.01781	0.18706	0.05418	0.61983	0.01460	0.00718	0.00207	0.00319	0.01210	0.00582	0.00542
5	0.00810	0.00581	0.00751	0.00848	0.00908	0.00534	0.00576	0.00922	0.01259	0.01711	0.16492	0.64668	0.04182	0.01741	0.00762	0.00240	0.00353	0.01553	0.00581	0.00527
6	0.01242	0.03036	0.75692	0.01700	0.02556	0.01388	0.02164	0.01889	0.01274	0.01909	0.01119	0.01332	0.00810	0.00603	0.00585	0.00198	0.00881	0.00455	0.00272	0.00896
7	0.01405	0.01322	0.02206	0.26784	0.52723	0.01391	0.01751	0.01739	0.01319	0.01838	0.01150	0.01576	0.00947	0.00589	0.00609	0.00193	0.00740	0.00542	0.00305	0.00871
8	0.01296	0.01333	0.02601	0.29776	0.05189	0.01361	0.39196	0.01689	0.01320	0.01765	0.01355	0.07738	0.01148	0.00679	0.00680	0.00211	0.00868	0.00718	0.00326	0.00751
9	0.02236	0.02803	0.01694	0.01542	0.01846	0.76351	0.01151	0.02363	0.01689	0.01496	0.00976	0.01155	0.00822	0.00649	0.00557	0.00164	0.01068	0.00400	0.00326	0.00713
10	0.01087	0.00564	0.00814	0.00811	0.00818	0.00553	0.00540	0.00818	0.00810	0.01087	0.01086	0.01866	0.01080	0.02053	0.02284	0.82095	0.00531	0.00529	0.00279	0.00296
11	0.00803	0.00570	0.00728	0.00845	0.00883	0.00529	0.00556	0.00873	0.01135	0.01521	0.03119	0.70920	0.03711	0.09518	0.00991	0.00282	0.00387	0.01584	0.00545	0.00502
12	0.00770	0.00642	0.00653	0.00657	0.00849	0.00538	0.00483	0.00892	0.01358	0.01636	0.05750	0.09967	0.70652	0.01533	0.00721	0.00212	0.00325	0.01268	0.00563	0.00531
13	0.01303	0.01258	0.01742	0.01512	0.01530	0.01710	0.01244	0.01416	0.00945	0.01467	0.00920	0.01476	0.00904	0.01392	0.09349	0.00334	0.70001	0.00544	0.00287	0.00664
14	0.00860	0.00678	0.01026	0.01037	0.01137	0.00627	0.08374	0.00981	0.01189	0.01596	0.03039	0.70088	0.03566	0.01715	0.00766	0.00245	0.00433	0.01560	0.00537	0.00547
15	0.01249	0.01184	0.01635	0.01443	0.01464	0.01584	0.01174	0.01359	0.00967	0.01476	0.01159	0.09151	0.01206	0.01461	0.09008	0.00331	0.62530	0.00657	0.00315	0.00648
16	0.00910	0.00680	0.00989	0.00986	0.01096	0.00772	0.00759	0.01095	0.00985	0.01423	0.01627	0.02376	0.01518	0.04366	0.76365	0.00939	0.01570	0.00646	0.00337	0.00560
17	0.00788	0.00645	0.00676	0.00671	0.00859	0.00546	0.00496	0.00929	0.01408	0.01744	0.15459	0.07893	0.62802	0.01484	0.00719	0.00209	0.00321	0.01232	0.00577	0.00539
18	0.01174	0.01094	0.01838	0.70322	0.03855	0.01308	0.05432	0.01531	0.01219	0.01577	0.01199	0.04602	0.00970	0.00674	0.00625	0.00209	0.00792	0.00593	0.00298	0.00686
19	0.01478	0.01395	0.02337	0.10940	0.68001	0.01410	0.01788	0.01803	0.01353	0.01926	0.01163	0.01552	0.00978	0.00575	0.00608	0.00189	0.00722	0.00542	0.00311	0.00930
20	0.01587	0.71435	0.10319	0.01111	0.01645	0.02233	0.01138	0.01799	0.01233	0.01488	0.00910	0.01070	0.00818	0.00554	0.00425	0.00145	0.00669	0.00349	0.00275	0.00795
21	0.00910	0.00680	0.00989	0.00986	0.01096	0.00772	0.00759	0.01095	0.00985	0.01423	0.01627	0.02376	0.01518	0.04366	0.76365	0.00939	0.01570	0.00646	0.00337	0.00560
22	0.01362	0.19208	0.58208	0.01544	0.02313	0.01575	0.01886	0.01894	0.01276	0.03768	0.01102	0.01290	0.00830	0.00596	0.00548	0.00185	0.00821	0.00434	0.00285	0.00875
23	0.02152	0.01311	0.08790	0.01185	0.01633	0.01114	0.01027	0.05579	0.19503	0.44387	0.02249	0.05024	0.01592	0.00811	0.00621	0.00200	0.00548	0.00649	0.00650	0.00975
24	0.01160	0.00600	0.00601	0.00598	0.00739	0.00589	0.00443	0.01408	0.01266	0.02231	0.01962	0.02261	0.01555	0.00726	0.00440	0.00150	0.00299	0.00566	0.81822	0.00582
25	0.01507	0.01441	0.02460	0.03523	0.70812	0.01424	0.06032	0.01837	0.01372	0.01964	0.01174	0.01549	0.00990	0.00567	0.00614	0.00188	0.00731	0.00552	0.00314	0.00949
26	0.02301	0.03841	0.01339	0.01003	0.01416	0.00906	0.00826	0.02608	0.05929	0.61116	0.07581	0.02260	0.04607	0.00778	0.00589	0.00180	0.00474	0.00637	0.00682	0.00926
27	0.00844	0.00597	0.00740	0.00720	0.00869	0.00536	0.00534	0.01063	0.01497	0.04910	0.46162	0.14699	0.22020	0.01325	0.00690	0.00193	0.00296	0.01157	0.00606	0.00542
28	0.00704	0.00590	0.00613	0.00607	0.00796	0.00498	0.00455	0.00868	0.01366	0.01666	0.14640	0.05439	0.66891	0.01437	0.00687	0.00195	0.00292	0.01205	0.00553	0.00498
29	0.01492	0.01498	0.02258	0.07387	0.64854	0.08749	0.01711	0.01821	0.01347	0.01831	0.01072	0.01407	0.00897	0.00529	0.00571	0.00172	0.00730	0.00504	0.00287	0.00882
30	0.01232	0.15935	0.64195	0.01546	0.02345	0.01510	0.01955	0.01825	0.01220	0.01762	0.01004	0.01178	0.00738	0.00543	0.00522	0.00174	0.00819	0.00410	0.00246	0.00840
31	0.01450	0.01686	0.03258	0.02358	0.02919	0.08834	0.66757	0.01907	0.01399	0.01820	0.01149	0.01518	0.00869	0.00501	0.00671	0.00192	0.00987	0.00656	0.00295	0.00774
32	0.00709	0.00506	0.00675	0.00810	0.00843	0.00472	0.00540	0.00810	0.01113	0.01484	0.03205	0.79184	0.03846	0.01822	0.00742	0.00236	0.00337	0.01653	0.00540	0.00472
33	0.01354	0.01527	0.03273	0.06881	0.03933	0.01468	0.66667	0.01827	0.01346	0.01828	0.01155	0.01558	0.00873	0.00511	0.00713	0.00197	0.03155	0.00669	0.00291	0.00774
34	0.01224	0.02928	0.73566	0.01633	0.02476	0.01331	0.02097	0.01881	0.01245	0.04798	0.01093	0.01258	0.00765	0.00559	0.00554	0.00184	0.00845	0.00436	0.00264	0.00865
35	0.01462	0.01226	0.01320	0.01174	0.01495	0.01412	0.00920	0.09878	0.60587	0.02449	0.02193	0.02105	0.01666	0.01127	0.08042	0.00267	0.00585	0.00641	0.00563	0.00888
36	0.01477	0.09277	0.02733	0.01945	0.02338	0.12183	0.38466	0.01799	0.01272	0.01638	0.00999	0.01360	0.00821	0.00638	0.00939	0.00197	0.20349	0.00562	0.00281	0.00728
37	0.81005	0.01120	0.00871	0.00774	0.01136	0.01290	0.00637	0.01746	0.01012	0.05034	0.00859	0.00979	0.00656	0.00546	0.00367	0.00180	0.00451	0.00324	0.00372	0.00642
38	0.00834	0.00624	0.00852	0.08475	0.01227	0.00637	0.00716	0.01047	0.03779	0.01565	0.05678	0.44846	0.03273	0.09153	0.00946	0.00266	0.00442	0.14632	0.00499	0.00509
39	0.01084	0.00542	0.00542	0.00542	0.00678	0.00542	0.00407	0.01355	0.01220	0.02168	0.01897	0.02168	0.01491	0.00678	0.00407	0.00136	0.00271	0.00542	0.82791	0.00542
40	0.01133	0.02773	0.69185	0.01567	0.02357	0.01273	0.01993	0.01769	0.01268	0.01889	0.08293	0.01531	0.01198	0.00614	0.00565	0.00184	0.00803	0.00490	0.00284	0.00829
41	0.00855	0.00615	0.00896	0.00896	0.01003	0.00709	0.00696	0.01069	0.00962	0.01429	0.01591	0.02273	0.01457	0.04003	0.69789	0.00857	0.01433	0.00615	0.08328	0.00521
42	0.05318	0.00956	0.01276	0.00996	0.01412	0.00841	0.00817	0.02625	0.01639	0.66523	0.09369	0.02172	0.01804	0.00759	0.00587	0.00180	0.00472	0.00621	0.00699	0.00934
43	0.00733	0.00588	0.00635	0.00625	0.00789	0.00511	0.00457	0.00894	0.01350	0.01697	0.21030	0.05143	0.52908	0.09000	0.00908	0.00229	0.00316	0.01151	0.00544	0.00490

[dist]
# distance from previous block
# <min> <max>
0	1

[block]
# block no. 1 follows, 40 sequences, length 126
# corresponding to MSA columns:
# 107-232
name=unknown_B
#
# <colnr> <probs for GDERKNQSTAVLIFYWHMCP>
#	G	D	E	R	K	N	Q	S	T	A	V	L	I	F	Y	W	H	M	C	P
0	0.00827	0.00620	0.00927	0.00931	0.01033	0.00720	0.00721	0.01032	0.00940	0.01354	0.01605	0.04512	0.01523	0.04288	0.75042	0.00914	0.01522	0.00653	0.00318	0.00518
1	0.00820	0.00592	0.00774	0.00734	0.00868	0.00546	0.00548	0.01089	0.01631	0.02307	0.73531	0.06512	0.05439	0.01207	0.00688	0.00184	0.00276	0.01069	0.00637	0.00546
2	0.01408	0.01552	0.03371	0.02410	0.02994	0.01453	0.71710	0.01891	0.01381	0.04020	0.01209	0.01581	0.00898	0.00497	0.00683	0.00196	0.00966	0.00683	0.00306	0.00790
3	0.02673	0.01047	0.01403	0.01089	0.01541	0.00902	0.00888	0.02872	0.01709	0.75429	0.02360	0.02084	0.01510	0.00773	0.00619	0.00195	0.00523	0.00610	0.00743	0.01028
4	0.00806	0.00577	0.00748	0.00878	0.00924	0.00533	0.00594	0.00891	0.01175	0.01573	0.03254	0.75304	0.03865	0.01852	0.00777	0.00252	0.00376	0.04538	0.00565	0.00520
5	0.00776	0.00652	0.00653	0.00650	0.00852	0.00543	0.00481	0.00899	0.01375	0.01648	0.05910	0.05653	0.74790	0.01516	0.00721	0.00211	0.00325	0.01244	0.00565	0.00536
6	0.00928	0.00638	0.00757	0.00795	0.00836	0.00622	0.00513	0.02279	0.01060	0.01431	0.02386	0.26044	0.02728	0.45602	0.03585	0.00448	0.00539	0.06325	0.02019	0.00466
7	0.01182	0.01091	0.01793	0.77202	0.04029	0.01334	0.01639	0.01542	0.01214	0.01564	0.01116	0.01660	0.00855	0.00636	0.00616	0.00209	0.00800	0.00543	0.00287	0.00689
8	0.00797	0.00570	0.00738	0.00867	0.00909	0.00525	0.00578	0.00875	0.01166	0.01563	0.03259	0.78269	0.03885	0.01860	0.00775	0.00250	0.00368	0.01664	0.00565	0.00517
9	0.01249	0.03039	0.75612	0.01704	0.02560	0.01392	0.02165	0.01893	0.01279	0.01915	0.01126	0.01342	0.00817	0.00608	0.00588	0.00199	0.00883	0.00457	0.00275	0.00899
10	0.82664	0.01181	0.00915	0.00823	0.01186	0.01346	0.00666	0.01763	0.01044	0.02673	0.00895	0.01063	0.00711	0.00595	0.00398	0.00195	0.00479	0.00344	0.00388	0.00673
11	0.01877	0.02208	0.04898	0.04064	0.30754	0.40743	0.01464	0.02104	0.01526	0.01705	0.01065	0.01340	0.00896	0.00628	0.00608	0.00178	0.02337	0.00466	0.00320	0.00818
12	0.00776	0.00652	0.00653	0.00650	0.00852	0.00543	0.00481	0.00899	0.01375	0.01648	0.05910	0.05653	0.74790	0.01516	0.00721	0.00211	0.00325	0.01244	0.00565	0.00536
13	0.01437	0.01584	0.03319	0.05539	0.03051	0.01516	0.66869	0.01879	0.01392	0.01901	0.01234	0.01665	0.00951	0.00572	0.00767	0.00213	0.04280	0.00696	0.00320	0.00813
14	0.01274	0.02864	0.66699	0.01800	0.02624	0.01406	0.10902	0.01896	0.01296	0.01918	0.01142	0.01384	0.00834	0.00600	0.00604	0.00201	0.00897	0.00488	0.00281	0.00890
15	0.02279	0.01678	0.01794	0.01389	0.01856	0.01838	0.01136	0.73096	0.02765	0.03714	0.01474	0.01508	0.01066	0.00751	0.00616	0.00190	0.00666	0.00550	0.00607	0.01027
16	0.00797	0.00570	0.00738	0.00867	0.00909	0.00525	0.00578	0.00875	0.01166	0.01563	0.03259	0.78269	0.03885	0.01860	0.00775	0.00250	0.00368	0.01664	0.00565	0.00517
17	0.01260	0.05806	0.69557	0.05081	0.02588	0.01424	0.02099	0.01873	0.01274	0.01882	0.01117	0.01346	0.00819	0.00607	0.00582	0.00197	0.00870	0.00456	0.00276	0.00886
18	0.00797	0.00570	0.00738	0.00867	0.00909	0.00525	0.00578	0.00875	0.01166	0.01563	0.03259	0.78269	0.03885	0.01860	0.00775	0.00250	0.00368	0.01664	0.00565	0.00517
19	0.00932	0.00627	0.00698	0.00694	0.00702	0.00615	0.00393	0.00910	0.00902	0.01211	0.01904	0.03886	0.02176	0.78576	0.02963	0.00574	0.00591	0.00867	0.00380	0.00399
20	0.01452	0.01619	0.03458	0.02487	0.03076	0.01510	0.72894	0.01914	0.01421	0.01936	0.01257	0.01678	0.00960	0.00546	0.00720	0.00211	0.01002	0.00710	0.00323	0.00825
21	0.01696	0.01379	0.01500	0.01359	0.04392	0.01540	0.01033	0.20941	0.49699	0.02760	0.02171	0.02244	0.01681	0.00844	0.00633	0.00209	0.00546	0.03816	0.00600	0.00960
22	0.01168	0.00606	0.00607	0.00603	0.00745	0.00594	0.00446	0.01413	0.01270	0.02237	0.01968	0.02270	0.01561	0.00731	0.00444	0.00151	0.00302	0.00568	0.81731	0.00586
23	0.02635	0.01073	0.01415	0.01102	0.01552	0.00944	0.00897	0.05046	0.03328	0.71614	0.02334	0.02070	0.01504	0.00774	0.00620	0.00195	0.00527	0.00610	0.00736	0.01026
24	0.00849	0.00654	0.00747	0.00721	0.00885	0.00575	0.00529	0.01028	0.01510	0.01999	0.39654	0.04964	0.37362	0.04850	0.00821	0.00221	0.00327	0.01142	0.00606	0.00558
25	0.00796	0.00573	0.00735	0.00860	0.00907	0.00526	0.00574	0.00876	0.01173	0.01566	0.03347	0.75873	0.06225	0.01849	0.00773	0.00249	0.00366	0.01650	0.00565	0.00518
26	0.02220	0.02024	0.01762	0.04698	0.01948	0.26280	0.01163	0.46775	0.02346	0.02895	0.01297	0.01402	0.00979	0.00714	0.00598	0.00182	0.00804	0.00501	0.00501	0.00910
27	0.01288	0.01091	0.01262	0.00918	0.01436	0.00824	0.00725	0.01521	0.01257	0.01968	0.01116	0.01321	0.00940	0.00487	0.00467	0.00102	0.00460	0.00373	0.00372	0.82072
28	0.01526	0.01564	0.02771	0.10795	0.02828	0.04464	0.46071	0.07529	0.11866	0.02093	0.01415	0.01728	0.01077	0.00619	0.00680	0.00207	0.00882	0.00662	0.00383	0.00840
29	0.01937	0.01465	0.01423	0.01165	0.01517	0.08963	0.00927	0.44126	0.02202	0.03041	0.01575	0.01706	0.01193	0.00735	0.00558	0.00175	0.00596	0.00540	0.25294	0.00861
30	0.02485	0.01136	0.01435	0.01129	0.01565	0.01056	0.00916	0.12346	0.06470	0.58523	0.04748	0.02098	0.01609	0.00790	0.00623	0.00195	0.00533	0.00622	0.00714	0.01008
31	0.01632	0.78929	0.03079	0.01050	0.01549	0.02329	0.01027	0.01794	0.01233	0.01448	0.00894	0.01051	0.00826	0.00553	0.00411	0.00140	0.00648	0.00340	0.00278	0.00788
32	0.02242	0.02806	0.01698	0.01547	0.01851	0.76268	0.01154	0.02367	0.01693	0.01502	0.00983	0.01165	0.00829	0.00654	0.00560	0.00165	0.01069	0.00402	0.00328	0.00716
33	0.00802	0.00572	0.00736	0.00861	0.00901	0.00528	0.00571	0.00876	0.01156	0.01550	0.03208	0.75471	0.03821	0.04746	0.00857	0.00263	0.00376	0.01634	0.00558	0.00513
34	0.01518	0.01434	0.02401	0.03590	0.75010	0.01422	0.01806	0.01837	0.01374	0.01973	0.01176	0.01551	0.00999	0.00574	0.00611	0.00188	0.00716	0.00544	0.00317	0.00960
35	0.01452	0.01619	0.03458	0.02487	0.03076	0.01510	0.72894	0.01914	0.01421	0.01936	0.01257	0.01678	0.00960	0.00546	0.00720	0.00211	0.01002	0.00710	0.00323	0.00825
36	0.00910	0.00657	0.00839	0.00790	0.00934	0.00600	0.00586	0.01159	0.01691	0.02399	0.74727	0.04417	0.05504	0.01236	0.00719	0.00198	0.00305	0.01071	0.00664	0.00593
37	0.02673	0.01047	0.01403	0.01089	0.01541	0.00902	0.00888	0.02872	0.01709	0.75429	0.02360	0.02084	0.01510	0.00773	0.00619	0.00195	0.00523	0.00610	0.00743	0.01028
38	0.01182	0.01091	0.01793	0.77202	0.04029	0.01334	0.01639	0.01542	0.01214	0.01564	0.01116	0.01660	0.00855	0.00636	0.00616	0.00209	0.00800	0.00543	0.00287	0.00689
39	0.02279	0.01678	0.01794	0.01389	0.01856	0.01838	0.01136	0.73096	0.02765	0.03714	0.01474	0.01508	0.01066	0.00751	0.00616	0.00190	0.00666	0.00550	0.00607	0.01027
40	0.00892	0.00639	0.00805	0.00929	0.00979	0.00581	0.00618	0.00944	0.01222	0.01647	0.03317	0.77290	0.03927	0.01902	0.00810	0.00266	0.00400	0.01676	0.00592	0.00565
41	0.00939	0.00632	0.00702	0.00698	0.00707	0.00619	0.00395	0.00915	0.00905	0.01216	0.01910	0.03892	0.02180	0.78506	0.02963	0.00574	0.00593	0.00869	0.00382	0.00402
42	0.00803	0.00575	0.00742	0.00871	0.00913	0.00529	0.00580	0.00879	0.01169	0.01568	0.03263	0.78204	0.03888	0.01863	0.00777	0.00252	0.00370	0.01665	0.00567	0.00520
43	0.00803	0.00575	0.00742	0.00871	0.00913	0.00529	0.00580	0.00879	0.01169	0.01568	0.03263	0.78204	0.03888	0.01863	0.00777	0.00252	0.00370	0.01665	0.00567	0.00520
44	0.82593	0.01185	0.00919	0.00827	0.01191	0.01349	0.00669	0.01766	0.01047	0.02677	0.00901	0.01071	0.00717	0.00599	0.00400	0.00196	0.00481	0.00346	0.00390	0.00676
45	0.01512	0.01426	0.02383	0.06138	0.72489	0.01422	0.01802	0.01830	0.01372	0.01964	0.01179	0.01563	0.00999	0.00580	0.00613	0.00190	0.00721	0.00546	0.00318	0.00953
46	0.01359	0.01330	0.01833	0.01578	0.01587	0.01819	0.01302	0.01461	0.00950	0.01485	0.00856	0.01394	0.00849	0.01070	0.01927	0.00270	0.77426	0.00537	0.00286	0.00682
47	0.01521	0.01445	0.02444	0.03550	0.72238	0.01428	0.04482	0.01843	0.01379	0.01976	0.01185	0.01564	0.01003	0.00577	0.00617	0.00190	0.00729	0.00552	0.00319	0.00958
48	0.02677	0.01052	0.01407	0.01093	0.01545	0.00906	0.00891	0.02875	0.01713	0.75364	0.02365	0.02091	0.01515	0.00777	0.00622	0.00196	0.00525	0.00612	0.00744	0.01030
49	0.02677	0.01052	0.01407	0.01093	0.01545	0.00906	0.00891	0.02875	0.01713	0.75364	0.02365	0.02091	0.01515	0.00777	0.00622	0.00196	0.00525	0.00612	0.00744	0.01030
50	0.00965	0.00765	0.00799	0.00763	0.00989	0.00699	0.00573	0.01310	0.11878	0.04379	0.09918	0.04963	0.57010	0.01377	0.00706	0.00211	0.00357	0.01131	0.00587	0.00621
51	0.01255	0.03041	0.75545	0.01707	0.02563	0.01394	0.02166	0.01897	0.01282	0.01920	0.01132	0.01350	0.00822	0.00612	0.00590	0.00200	0.00884	0.00459	0.00277	0.00902
52	0.00919	0.00658	0.00827	0.00783	0.00912	0.00606	0.00567	0.01134	0.01603	0.02266	0.66194	0.04360	0.05118	0.10233	0.00983	0.00243	0.00341	0.01048	0.00633	0.00573
53	0.00924	0.00690	0.00998	0.00994	0.01106	0.00780	0.00765	0.01105	0.00993	0.01436	0.01639	0.02392	0.01529	0.04367	0.76212	0.00940	0.01573	0.00649	0.00342	0.00567
54	0.02108	0.02504	0.01728	0.01545	0.01812	0.59819	0.01178	0.06561	0.01643	0.01640	0.00998	0.01230	0.00851	0.00729	0.00783	0.00184	0.13179	0.00435	0.00340	0.00732
55	0.01271	0.06302	0.72429	0.01679	0.02520	0.01435	0.02117	0.01892	0.01280	0.01900	0.01122	0.01338	0.00823	0.00609	0.00582	0.00198	0.00874	0.00454	0.00277	0.00897
56	0.02677	0.01052	0.01407	0.01093	0.01545	0.00906	0.00891	0.02875	0.01713	0.75364	0.02365	0.02091	0.01515	0.00777	0.00622	0.00196	0.00525	0.00612	0.00744	0.01030
57	0.02677	0.01052	0.01407	0.01093	0.01545	0.00906	0.00891	0.02875	0.01713	0.75364	0.02365	0.02091	0.01515	0.00777	0.00622	0.00196	0.00525	0.00612	0.00744	0.01030
58	0.01419	0.01352	0.02313	0.25289	0.47865	0.01406	0.07754	0.01760	0.01334	0.01854	0.01171	0.01602	0.00958	0.00594	0.00624	0.00197	0.00767	0.00560	0.00311	0.00871
59	0.00809	0.00580	0.00753	0.00877	0.00922	0.00539	0.00588	0.00889	0.01162	0.01563	0.03193	0.74944	0.03786	0.01971	0.04021	0.00281	0.00421	0.01621	0.00557	0.00522
60	0.02212	0.05126	0.01737	0.01528	0.01839	0.72300	0.01148	0.02369	0.03246	0.01528	0.01018	0.01194	0.00856	0.00659	0.00559	0.00167	0.01045	0.00409	0.00335	0.00727
61	0.01409	0.01913	0.18733	0.03868	0.02989	0.01484	0.56349	0.01905	0.01390	0.01929	0.01232	0.01615	0.00933	0.00565	0.00692	0.00209	0.00974	0.00655	0.00314	0.00841
62	0.01568	0.01519	0.02340	0.03420	0.69004	0.06001	0.01751	0.01899	0.02848	0.01960	0.01195	0.01550	0.01011	0.00588	0.00610	0.00188	0.00735	0.00540	0.00325	0.00948
63	0.01638	0.78859	0.03081	0.01054	0.01553	0.02331	0.01029	0.01798	0.01237	0.01454	0.00900	0.01059	0.00832	0.00557	0.00413	0.00141	0.00650	0.00342	0.00280	0.00790
64	0.01101	0.00574	0.00824	0.00820	0.00829	0.00561	0.00546	0.00828	0.00819	0.01101	0.01099	0.01883	0.01092	0.02059	0.02286	0.81925	0.00535	0.00533	0.00284	0.00304
65	0.01166	0.03008	0.76550	0.01657	0.02517	0.01351	0.02149	0.01842	0.01228	0.01842	0.01044	0.01228	0.00737	0.00552	0.00552	0.00184	0.00859	0.00430	0.00246	0.00859
66	0.00687	0.00589	0.00589	0.00589	0.00785	0.00491	0.00442	0.00835	0.01325	0.01571	0.05891	0.05596	0.75700	0.01473	0.00687	0.00196	0.00295	0.01227	0.00540	0.00491
67	0.01468	0.00912	0.00952	0.00813	0.01061	0.00972	0.00644	0.26091	0.01735	0.02678	0.01726	0.01905	0.01320	0.00685	0.00466	0.00149	0.00397	0.00536	0.54798	0.00694
68	0.01272	0.01272	0.01781	0.01527	0.01527	0.01781	0.01272	0.01399	0.00891	0.01399	0.00763	0.01272	0.00763	0.01018	0.01908	0.00254	0.78499	0.00509	0.00254	0.00636
69	0.02172	0.02772	0.01648	0.01498	0.01798	0.77228	0.01124	0.02322	0.01648	0.01423	0.00899	0.01049	0.00749	0.00599	0.00524	0.00150	0.01049	0.00375	0.00300	0.00674
70	0.00711	0.00508	0.00677	0.00808	0.00844	0.00474	0.00540	0.00816	0.01125	0.01502	0.04724	0.77614	0.03881	0.01809	0.00741	0.00235	0.00336	0.01641	0.00542	0.00474
71	0.83671	0.01125	0.00855	0.00765	0.01125	0.01305	0.00630	0.01709	0.00990	0.02609	0.00810	0.00945	0.00630	0.00540	0.00360	0.00180	0.00450	0.00315	0.00360	0.00630
72	0.00814	0.00587	0.00769	0.00738	0.00867	0.00543	0.00548	0.01074	0.01603	0.02264	0.69835	0.10331	0.05356	0.01239	0.00690	0.00187	0.00279	0.01100	0.00632	0.00543
73	0.01084	0.00542	0.00542	0.00542	0.00678	0.00542	0.00407	0.01355	0.01220	0.02168	0.01897	0.02168	0.01491	0.00678	0.00407	0.00136	0.00271	0.00542	0.82791	0.00542
74	0.00847	0.00647	0.00966	0.00957	0.01057	0.00766	0.00747	0.01052	0.00933	0.01352	0.01528	0.02247	0.01428	0.04237	0.74461	0.00909	0.04414	0.00619	0.00309	0.00524
75	0.00846	0.00662	0.00755	0.00773	0.00937	0.00627	0.00594	0.04057	0.04008	0.01670	0.04279	0.13110	0.40013	0.07825	0.03551	0.00268	0.00431	0.14551	0.00520	0.00524
76	0.00866	0.00647	0.00960	0.00918	0.01021	0.00716	0.03732	0.01041	0.00943	0.01350	0.01614	0.02589	0.01578	0.20846	0.54816	0.00793	0.01268	0.00673	0.03135	0.00494
77	0.00729	0.00543	0.00682	0.00787	0.00856	0.00507	0.00537	0.00888	0.03549	0.01529	0.03599	0.65148	0.15035	0.01734	0.00729	0.00229	0.00335	0.01554	0.00542	0.00490
78	0.01439	0.01382	0.02360	0.03569	0.75936	0.01382	0.01785	0.01785	0.01324	0.01900	0.01094	0.01439	0.00921	0.00518	0.00576	0.00173	0.00691	0.00518	0.00288	0.00921
79	0.01396	0.24732	0.03087	0.01885	0.02382	0.01709	0.43668	0.01757	0.01261	0.01659	0.01052	0.01388	0.00857	0.00696	0.03932	0.00211	0.06739	0.00559	0.00278	0.00751
80	0.00821	0.00553	0.00642	0.00666	0.00672	0.00547	0.00386	0.00839	0.00894	0.01192	0.02082	0.17495	0.02429	0.65444	0.02557	0.00504	0.00523	0.00992	0.00386	0.00374
81	0.01843	0.10111	0.04998	0.05921	0.14978	0.32338	0.01295	0.14184	0.02690	0.01914	0.01037	0.01223	0.00836	0.00607	0.00584	0.00164	0.03717	0.00437	0.00338	0.00786
82	0.01505	0.01483	0.02240	0.03175	0.61885	0.07021	0.01671	0.04144	0.01358	0.01881	0.01062	0.01395	0.00898	0.00571	0.00683	0.00178	0.07167	0.00507	0.00296	0.00881
83	0.02583	0.01032	0.01376	0.01055	0.01506	0.00918	0.00871	0.07560	0.01735	0.71512	0.02235	0.01941	0.01410	0.00718	0.00585	0.00180	0.00504	0.00581	0.00711	0.00990
84	0.01343	0.01727	0.13938	0.04813	0.15363	0.01438	0.47429	0.01826	0.01327	0.01846	0.01131	0.01490	0.00862	0.00517	0.00668	0.00191	0.02383	0.00611	0.00284	0.00812
85	0.01380	0.45233	0.36193	0.01294	0.01954	0.01872	0.01515	0.01787	0.01202	0.01582	0.00914	0.01066	0.00742	0.00522	0.00454	0.00151	0.00729	0.00365	0.00247	0.00797
86	0.01359	0.01527	0.03200	0.02322	0.02827	0.01514	0.63664	0.01798	0.01305	0.01798	0.01119	0.01527	0.00866	0.00564	0.00857	0.00204	0.11835	0.00661	0.00289	0.00764
87	0.00709	0.00506	0.00675	0.00810	0.00843	0.00472	0.00540	0.00810	0.01113	0.01484	0.03205	0.79184	0.03846	0.01822	0.00742	0.00236	0.00337	0.01653	0.00540	0.00472
88	0.01518	0.01663	0.01678	0.01538	0.04469	0.23223	0.01189	0.01762	0.06046	0.01496	0.01022	0.03956	0.00953	0.00965	0.03010	0.00232	0.43786	0.00522	0.00302	0.00669
89	0.01881	0.01957	0.01432	0.01282	0.01570	0.42164	0.00983	0.12459	0.01702	0.07522	0.01792	0.09496	0.07246	0.00862	0.00609	0.00175	0.02206	0.03535	0.00425	0.00703
90	0.02609	0.00990	0.01350	0.01035	0.01484	0.00855	0.00855	0.02834	0.01664	0.76338	0.02294	0.01979	0.01439	0.00720	0.00585	0.00180	0.00495	0.00585	0.00720	0.00990
91	0.00709	0.00506	0.00675	0.00810	0.00843	0.00472	0.00540	0.00810	0.01113	0.01484	0.03205	0.79184	0.03846	0.01822	0.00742	0.00236	0.00337	0.01653	0.00540	0.00472
92	0.01429	0.01655	0.04922	0.05232	0.05377	0.10688	0.39044	0.01784	0.01271	0.01680	0.01027	0.01416	0.00829	0.00641	0.00958	0.00204	0.20241	0.00583	0.00282	0.00736
93	0.00739	0.00544	0.00698	0.00813	0.00873	0.00514	0.00557	0.00903	0.03702	0.01532	0.03387	0.68407	0.09507	0.01751	0.00734	0.00233	0.00344	0.03728	0.00541	0.00491
94	0.02074	0.02485	0.01673	0.01485	0.01767	0.61010	0.01139	0.09475	0.01672	0.01648	0.00934	0.01109	0.00775	0.00657	0.00688	0.00164	0.09816	0.00405	0.00323	0.00702
95	0.01203	0.01140	0.01933	0.55300	0.26054	0.01319	0.01667	0.01577	0.01212	0.01613	0.01052	0.01516	0.00820	0.00562	0.00580	0.00187	0.00749	0.00517	0.00267	0.00730
96	0.01279	0.01292	0.01891	0.01588	0.01627	0.01761	0.06090	0.01430	0.00923	0.01430	0.00791	0.01292	0.00771	0.00983	0.01827	0.00251	0.73351	0.00521	0.00257	0.00646
97	0.01555	0.79913	0.03047	0.00995	0.01493	0.02301	0.00995	0.01741	0.01182	0.01368	0.00808	0.00933	0.00746	0.00498	0.00373	0.00124	0.00622	0.00311	0.00249	0.00746
98	0.00809	0.00629	0.00913	0.04367	0.09593	0.00611	0.00728	0.00950	0.01140	0.01532	0.02872	0.67009	0.03382	0.01620	0.00716	0.00227	0.00396	0.01475	0.00499	0.00531
99	0.01497	0.01274	0.01343	0.01194	0.01532	0.01470	0.00933	0.07799	0.70094	0.02514	0.02302	0.02118	0.01723	0.00783	0.00591	0.00196	0.00472	0.00649	0.00591	0.00925
100	0.00952	0.00636	0.00903	0.00882	0.00988	0.00703	0.00661	0.01120	0.00965	0.06286	0.01661	0.02565	0.01583	0.18971	0.57494	0.00811	0.01291	0.00664	0.00347	0.00517
101	0.00768	0.00616	0.00697	0.00726	0.00900	0.00552	0.00572	0.00977	0.02730	0.01678	0.10367	0.08731	0.50104	0.01482	0.00713	0.00213	0.00351	0.16764	0.00548	0.00512
102	0.00992	0.00732	0.00978	0.01083	0.01238	0.00753	0.00935	0.01409	0.09303	0.01815	0.03002	0.06084	0.03177	0.01518	0.00780	0.00260	0.00527	0.64293	0.00542	0.00577
103	0.00709	0.00506	0.00675	0.00810	0.00843	0.00472	0.00540	0.00810	0.01113	0.01484	0.03205	0.79184	0.03846	0.01822	0.00742	0.00236	0.00337	0.01653	0.00540	0.00472
104	0.83671	0.01125	0.00855	0.00765	0.01125	0.01305	0.00630	0.01709	0.00990	0.02609	0.00810	0.00945	0.00630	0.00540	0.00360	0.00180	0.00450	0.00315	0.00360	0.00630
105	0.01439	0.01382	0.02360	0.03569	0.75936	0.01382	0.01785	0.01785	0.01324	0.01900	0.01094	0.01439	0.00921	0.00518	0.00576	0.00173	0.00691	0.00518	0.00288	0.00921
106	0.00713	0.00590	0.00625	0.00616	0.00801	0.00502	0.00462	0.00885	0.01387	0.01716	0.19196	0.05357	0.62304	0.01419	0.00687	0.00194	0.00291	0.01194	0.00559	0.00502
107	0.01241	0.01233	0.01804	0.01523	0.01567	0.01662	0.06026	0.01390	0.00922	0.01416	0.00872	0.01448	0.00861	0.04617	0.05069	0.00293	0.66624	0.00540	0.00264	0.00628
108	0.00709	0.00506	0.00675	0.00810	0.00843	0.00472	0.00540	0.00810	0.01113	0.01484	0.03205	0.79184	0.03846	0.01822	0.00742	0.00236	0.00337	0.01653	0.00540	0.00472
109	0.00758	0.00581	0.00864	0.00925	0.00998	0.00543	0.05416	0.00889	0.01136	0.01516	0.03067	0.72257	0.03637	0.01728	0.00740	0.00234	0.00385	0.03307	0.00523	0.00495
110	0.01457	0.02402	0.50935	0.01733	0.05666	0.01280	0.10891	0.02015	0.01327	0.14874	0.01281	0.01411	0.00886	0.00572	0.00576	0.00184	0.00803	0.00493	0.00336	0.00876
111	0.83671	0.01125	0.00855	0.00765	0.01125	0.01305	0.00630	0.01709	0.00990	0.02609	0.00810	0.00945	0.00630	0.00540	0.00360	0.00180	0.00450	0.00315	0.00360	0.00630
112	0.01524	0.61627	0.15955	0.01143	0.01692	0.06690	0.01207	0.01794	0.01218	0.01455	0.00856	0.00992	0.00745	0.00513	0.00414	0.00136	0.00690	0.00336	0.00251	0.00762
113	0.00924	0.00683	0.00870	0.00974	0.04152	0.00676	0.00662	0.01282	0.11754	0.04319	0.08862	0.49616	0.08231	0.01502	0.00702	0.00220	0.00372	0.03067	0.00551	0.00582
114	0.01555	0.68255	0.11039	0.01069	0.01605	0.02138	0.01116	0.01797	0.01206	0.04481	0.00895	0.01008	0.00774	0.00513	0.00401	0.00133	0.00643	0.00335	0.00268	0.00769
115	0.06887	0.01371	0.02327	0.04915	0.63945	0.01381	0.07105	0.01779	0.01302	0.01935	0.01080	0.01419	0.00896	0.00519	0.00570	0.00175	0.00698	0.00517	0.00292	0.00886
116	0.02562	0.01000	0.01348	0.01041	0.01486	0.00879	0.00857	0.02844	0.04654	0.73320	0.02297	0.01987	0.01453	0.00723	0.00585	0.00181	0.00493	0.00588	0.00715	0.00987
117	0.04160	0.00628	0.00639	0.00621	0.00831	0.00541	0.00471	0.00963	0.01339	0.04713	0.08457	0.05206	0.66646	0.01392	0.00670	0.00194	0.00308	0.01156	0.00544	0.00519
118	0.04034	0.10370	0.61922	0.01615	0.02404	0.01450	0.06743	0.01829	0.01225	0.01823	0.01021	0.01212	0.00744	0.00543	0.00537	0.00179	0.00830	0.00431	0.00253	0.00836
119	0.00783	0.00631	0.00703	0.00685	0.00864	0.00573	0.00513	0.01070	0.06307	0.01875	0.28521	0.08039	0.44647	0.01348	0.00683	0.00194	0.00301	0.01149	0.00576	0.00538
120	0.00827	0.00614	0.00904	0.00910	0.01004	0.00706	0.00694	0.01016	0.00936	0.01341	0.01643	0.05541	0.01596	0.09251	0.69185	0.00881	0.01442	0.00680	0.00324	0.00506
121	0.01397	0.01340	0.02263	0.12134	0.59484	0.01379	0.04725	0.01840	0.06192	0.01885	0.01175	0.01506	0.00959	0.00542	0.00582	0.00178	0.00698	0.00534	0.00305	0.00883
122	0.01456	0.01393	0.03285	0.05794	0.59040	0.01386	0.06482	0.07133	0.01426	0.02007	0.01201	0.01656	0.01016	0.00577	0.00593	0.00179	0.00705	0.03462	0.00319	0.00891
123	0.02609	0.00990	0.01350	0.01035	0.01484	0.00855	0.00855	0.02834	0.01664	0.76338	0.02294	0.01979	0.01439	0.00720	0.00585	0.00180	0.00495	0.00585	0.00720	0.00990
124	0.00815	0.00589	0.00771	0.00737	0.00867	0.00544	0.00548	0.01078	0.01611	0.02276	0.70819	0.09314	0.05378	0.01231	0.00690	0.00186	0.00279	0.01092	0.00633	0.00544
125	0.01299	0.02957	0.70343	0.01777	0.02614	0.01418	0.06932	0.01917	0.01311	0.01949	0.01171	0.01415	0.00862	0.00628	0.00612	0.00207	0.00901	0.00486	0.00291	0.00912

[dist]
# distance from previous block
# <min> <max>
0	2

[block]
# block no. 2 follows, 40 sequences, length 95
# corresponding to MSA columns:
# 235-329
name=unknown_C
#
# <colnr> <probs for GDERKNQSTAVLIFYWHMCP>
#	G	D	E	R	K	N	Q	S	T	A	V	L	I	F	Y	W	H	M	C	P
0	0.01016	0.00691	0.00768	0.00769	0.00788	0.00664	0.00447	0.00977	0.00978	0.01321	0.02068	0.08720	0.02351	0.72626	0.02827	0.00564	0.00606	0.00941	0.00422	0.00456
1	0.02257	0.01672	0.01783	0.01411	0.01858	0.01814	0.01133	0.64811	0.08099	0.03604	0.01641	0.01753	0.01237	0.03040	0.00721	0.00218	0.00678	0.00596	0.00627	0.01045
2	0.01338	0.01113	0.01282	0.00975	0.01459	0.00853	0.00752	0.01532	0.01304	0.02015	0.01365	0.07230	0.01245	0.00651	0.00530	0.00131	0.00483	0.00500	0.00417	0.74825
3	0.01352	0.02965	0.69186	0.01812	0.02645	0.01444	0.07502	0.01949	0.01343	0.01995	0.01224	0.01489	0.00913	0.00662	0.00635	0.00216	0.00916	0.00505	0.00310	0.00936
4	0.02318	0.02757	0.01758	0.01586	0.01907	0.69648	0.01184	0.07734	0.01822	0.01753	0.01110	0.01315	0.00932	0.00719	0.00602	0.00184	0.01061	0.00443	0.00380	0.00785
5	0.01587	0.01366	0.01572	0.01382	0.01732	0.01505	0.06399	0.03010	0.65148	0.02504	0.02436	0.02478	0.01897	0.00901	0.00677	0.00230	0.00560	0.03019	0.00619	0.00978
6	0.01369	0.09252	0.61130	0.07396	0.02645	0.01512	0.03861	0.01914	0.01328	0.01929	0.01197	0.01472	0.00909	0.00663	0.00616	0.00211	0.00885	0.00489	0.00308	0.00914
7	0.00891	0.00641	0.00802	0.00922	0.00977	0.00581	0.00615	0.00945	0.01227	0.01649	0.03391	0.75261	0.05914	0.01892	0.00808	0.00265	0.00398	0.01664	0.00592	0.00566
8	0.00927	0.00675	0.00860	0.00971	0.01027	0.00638	0.00671	0.00992	0.01231	0.01662	0.03228	0.69385	0.03790	0.01859	0.00852	0.00269	0.02943	0.06861	0.00583	0.00575
9	0.01565	0.01311	0.01377	0.01251	0.01564	0.01463	0.00946	0.02996	0.67488	0.02472	0.02462	0.02501	0.01937	0.06743	0.00839	0.00255	0.00527	0.00721	0.00625	0.00959
10	0.01682	0.01405	0.01529	0.01445	0.05964	0.01559	0.01056	0.09892	0.61801	0.02656	0.02334	0.02264	0.01787	0.00872	0.00661	0.00224	0.00550	0.00687	0.00624	0.01008
11	0.00891	0.00639	0.00805	0.00928	0.00978	0.00581	0.00618	0.00944	0.01221	0.01646	0.03317	0.77295	0.03927	0.01901	0.00810	0.00266	0.00400	0.01676	0.00592	0.00565
12	0.75548	0.01278	0.01046	0.00927	0.01302	0.01427	0.00741	0.07184	0.01230	0.02819	0.01030	0.01222	0.00825	0.00666	0.00454	0.00211	0.00523	0.00390	0.00434	0.00745
13	0.00919	0.00641	0.00795	0.00909	0.00966	0.00586	0.00608	0.00984	0.01229	0.01697	0.03220	0.71580	0.03752	0.01816	0.00785	0.00258	0.00395	0.01594	0.06696	0.00570
14	0.00900	0.00648	0.00797	0.00903	0.00960	0.00589	0.00598	0.00948	0.01214	0.01625	0.03370	0.67442	0.07957	0.07650	0.00971	0.00288	0.00414	0.01591	0.00578	0.00557
15	0.01012	0.00744	0.01013	0.01005	0.01108	0.00804	0.00744	0.01138	0.01034	0.01482	0.01755	0.02717	0.01697	0.15523	0.64224	0.00890	0.01439	0.00707	0.00376	0.00586
16	0.01010	0.00727	0.00892	0.00976	0.01061	0.00686	0.00672	0.06388	0.01349	0.01816	0.03178	0.69229	0.03699	0.01811	0.00800	0.00262	0.00428	0.03815	0.00595	0.00605
17	0.01528	0.01759	0.08535	0.02552	0.08488	0.01537	0.61532	0.01961	0.01460	0.02015	0.01328	0.01762	0.01036	0.00612	0.00738	0.00224	0.00995	0.00705	0.00349	0.00884
18	0.00819	0.00668	0.00767	0.02939	0.00984	0.05335	0.00601	0.00933	0.01158	0.01498	0.05272	0.67647	0.03571	0.03884	0.00785	0.00237	0.00398	0.01500	0.00515	0.00489
19	0.81438	0.01176	0.02903	0.00789	0.01162	0.01306	0.00671	0.01713	0.00996	0.02588	0.00816	0.00952	0.00633	0.00540	0.00365	0.00180	0.00461	0.00318	0.00357	0.00636
20	0.01031	0.07502	0.01147	0.01120	0.10751	0.00834	0.00733	0.01192	0.01383	0.04000	0.12689	0.09038	0.41229	0.03765	0.00753	0.00215	0.00421	0.01049	0.00520	0.00631
21	0.00921	0.00684	0.00977	0.00973	0.01077	0.00767	0.00740	0.01090	0.00985	0.01418	0.01653	0.02484	0.01568	0.09104	0.71574	0.00916	0.01509	0.00662	0.00343	0.00554
22	0.01457	0.01614	0.03424	0.02523	0.05401	0.01508	0.70572	0.01913	0.01421	0.01939	0.01257	0.01677	0.00964	0.00549	0.00717	0.00211	0.00993	0.00705	0.00323	0.00831
23	0.01520	0.01436	0.02402	0.03591	0.74985	0.01423	0.01807	0.01838	0.01375	0.01975	0.01178	0.01554	0.01001	0.00575	0.00611	0.00188	0.00717	0.00545	0.00317	0.00961
24	0.02674	0.01049	0.01405	0.01091	0.01543	0.00904	0.00889	0.02873	0.01711	0.75404	0.02362	0.02087	0.01512	0.00774	0.00620	0.00195	0.00524	0.00611	0.00743	0.01029
25	0.00935	0.00629	0.00699	0.00696	0.00704	0.00617	0.00394	0.00912	0.00903	0.01213	0.01906	0.03888	0.02178	0.78548	0.02963	0.00574	0.00592	0.00868	0.00381	0.00400
26	0.01251	0.03040	0.75586	0.01705	0.02561	0.01393	0.02166	0.01894	0.01280	0.01917	0.01128	0.01345	0.00819	0.00609	0.00589	0.00200	0.00883	0.00458	0.00276	0.00900
27	0.01319	0.01274	0.01760	0.01527	0.01544	0.01730	0.01256	0.01428	0.00951	0.01477	0.00918	0.01473	0.00903	0.01346	0.08188	0.00325	0.71076	0.00545	0.00289	0.00670
28	0.00799	0.00572	0.00739	0.00869	0.00911	0.00526	0.00579	0.00877	0.01167	0.01565	0.03261	0.78244	0.03886	0.01861	0.00776	0.00251	0.00368	0.01665	0.00566	0.00518
29	0.82637	0.01182	0.00917	0.00824	0.01188	0.01347	0.00667	0.01764	0.01045	0.02674	0.00898	0.01066	0.00713	0.00597	0.00399	0.00195	0.00479	0.00344	0.00388	0.00674
30	0.02201	0.02726	0.01741	0.01668	0.06143	0.71852	0.01193	0.02337	0.01676	0.01532	0.00997	0.01191	0.00841	0.00651	0.00564	0.00167	0.01049	0.00412	0.00328	0.00732
31	0.02614	0.01063	0.01403	0.01098	0.01544	0.00934	0.00893	0.02887	0.05519	0.71560	0.02366	0.02097	0.01530	0.00778	0.00621	0.00196	0.00522	0.00614	0.00737	0.01025
32	0.00799	0.00572	0.00739	0.00869	0.00911	0.00526	0.00579	0.00877	0.01167	0.01565	0.03261	0.78244	0.03886	0.01861	0.00776	0.00251	0.00368	0.01665	0.00566	0.00518
33	0.01527	0.01305	0.01371	0.01237	0.01570	0.01487	0.00954	0.03126	0.73938	0.02500	0.02434	0.02274	0.01843	0.00842	0.00627	0.00212	0.00490	0.00682	0.00617	0.00961
34	0.00921	0.00682	0.00967	0.00964	0.01065	0.00762	0.00728	0.01084	0.00982	0.01411	0.01661	0.02531	0.01588	0.11429	0.69277	0.00905	0.01479	0.00669	0.00345	0.00549
35	0.01634	0.78902	0.03080	0.01052	0.01551	0.02330	0.01028	0.01795	0.01234	0.01450	0.00896	0.01054	0.00828	0.00555	0.00412	0.00141	0.00649	0.00341	0.00279	0.00789
36	0.01300	0.01123	0.01392	0.01012	0.01534	0.00865	0.04959	0.01545	0.01268	0.01968	0.01127	0.01345	0.00943	0.00492	0.00483	0.00109	0.00492	0.00393	0.00370	0.77278
37	0.06494	0.01510	0.01417	0.01248	0.01595	0.11357	0.00968	0.11250	0.46311	0.05438	0.02147	0.02067	0.03894	0.00812	0.00607	0.00202	0.00583	0.00625	0.00568	0.00909
38	0.02243	0.02807	0.01699	0.01548	0.01852	0.76242	0.01155	0.02368	0.01694	0.01505	0.00986	0.01169	0.00831	0.00655	0.00561	0.00166	0.01070	0.00403	0.00329	0.00718
39	0.00921	0.00686	0.00986	0.00982	0.01090	0.00772	0.00751	0.01096	0.00988	0.01425	0.01644	0.02436	0.01547	0.06742	0.73908	0.00928	0.01541	0.00655	0.00342	0.00559
40	0.01511	0.01423	0.02359	0.05636	0.71106	0.01422	0.01780	0.01862	0.03199	0.01976	0.01208	0.01575	0.01018	0.00584	0.00612	0.00189	0.00714	0.00548	0.00324	0.00953
41	0.07716	0.00998	0.01318	0.01018	0.01462	0.00883	0.00841	0.02763	0.01622	0.71693	0.02201	0.01914	0.01388	0.00708	0.00571	0.00180	0.00492	0.00568	0.00697	0.00967
42	0.00748	0.00642	0.00647	0.00636	0.00843	0.00567	0.00480	0.01014	0.07184	0.01640	0.05610	0.05324	0.69812	0.01418	0.00680	0.00196	0.00308	0.01182	0.00544	0.00525
43	0.00709	0.00506	0.00675	0.00810	0.00843	0.00472	0.00540	0.00810	0.01113	0.01484	0.03205	0.79184	0.03846	0.01822	0.00742	0.00236	0.00337	0.01653	0.00540	0.00472
44	0.02609	0.00990	0.01350	0.01035	0.01484	0.00855	0.00855	0.02834	0.01664	0.76338	0.02294	0.01979	0.01439	0.00720	0.00585	0.00180	0.00495	0.00585	0.00720	0.00990
45	0.02609	0.00990	0.01350	0.01035	0.01484	0.00855	0.00855	0.02834	0.01664	0.76338	0.02294	0.01979	0.01439	0.00720	0.00585	0.00180	0.00495	0.00585	0.00720	0.00990
46	0.83671	0.01125	0.00855	0.00765	0.01125	0.01305	0.00630	0.01709	0.00990	0.02609	0.00810	0.00945	0.00630	0.00540	0.00360	0.00180	0.00450	0.00315	0.00360	0.00630
47	0.02140	0.01560	0.01669	0.01288	0.01732	0.01724	0.01061	0.69420	0.02639	0.03571	0.01428	0.01445	0.01021	0.00697	0.00571	0.00172	0.00617	0.00525	0.05761	0.00961
48	0.00931	0.00667	0.00928	0.01059	0.01194	0.00665	0.00925	0.01195	0.01338	0.01736	0.03150	0.06535	0.05177	0.01603	0.00800	0.00266	0.00529	0.70231	0.00536	0.00534
49	0.00937	0.00669	0.00937	0.01071	0.01205	0.00669	0.00937	0.01205	0.01339	0.01740	0.03079	0.06560	0.03347	0.01606	0.00803	0.00268	0.00535	0.72021	0.00535	0.00535
50	0.01373	0.01569	0.03431	0.02451	0.03039	0.01471	0.73824	0.01863	0.01373	0.01863	0.01176	0.01569	0.00882	0.00490	0.00686	0.00196	0.00980	0.00686	0.00294	0.00784
51	0.01562	0.01258	0.01344	0.01185	0.01529	0.01435	0.00928	0.07542	0.66101	0.06788	0.02302	0.02110	0.01706	0.00779	0.00591	0.00195	0.00474	0.00645	0.00598	0.00929
52	0.01272	0.01272	0.01781	0.01527	0.01527	0.01781	0.01272	0.01399	0.00891	0.01399	0.00763	0.01272	0.00763	0.01018	0.01908	0.00254	0.78499	0.00509	0.00254	0.00636
53	0.80999	0.01122	0.00883	0.03269	0.01218	0.01304	0.00662	0.01702	0.00995	0.02573	0.00817	0.00964	0.00634	0.00541	0.00367	0.00180	0.00460	0.00321	0.00357	0.00630
54	0.01555	0.79913	0.03047	0.00995	0.01493	0.02301	0.00995	0.01741	0.01182	0.01368	0.00808	0.00933	0.00746	0.00498	0.00373	0.00124	0.00622	0.00311	0.00249	0.00746
55	0.00843	0.00573	0.00680	0.00680	0.00696	0.00589	0.00409	0.00875	0.00859	0.01161	0.01790	0.03574	0.02013	0.68098	0.14288	0.00620	0.00715	0.00812	0.00346	0.00378
56	0.01555	0.79913	0.03047	0.00995	0.01493	0.02301	0.00995	0.01741	0.01182	0.01368	0.00808	0.00933	0.00746	0.00498	0.00373	0.00124	0.00622	0.00311	0.00249	0.00746
57	0.00823	0.00594	0.00777	0.00732	0.00869	0.00549	0.00549	0.01097	0.01646	0.02332	0.75629	0.04344	0.05487	0.01189	0.00686	0.00183	0.00274	0.01052	0.00640	0.00549
58	0.02609	0.00990	0.01350	0.01035	0.01484	0.00855	0.00855	0.02834	0.01664	0.76338	0.02294	0.01979	0.01439	0.00720	0.00585	0.00180	0.00495	0.00585	0.00720	0.00990
59	0.00738	0.00527	0.00709	0.00844	0.00891	0.00498	0.00592	0.00861	0.01143	0.01518	0.03189	0.69706	0.03781	0.01794	0.00750	0.00240	0.00363	0.10837	0.00539	0.00481
60	0.01634	0.01468	0.01413	0.01240	0.01585	0.09658	0.00969	0.13197	0.56630	0.02501	0.02069	0.01938	0.01552	0.00755	0.00583	0.00189	0.00549	0.00608	0.00559	0.00904
61	0.01439	0.01382	0.02360	0.03569	0.75936	0.01382	0.01785	0.01785	0.01324	0.01900	0.01094	0.01439	0.00921	0.00518	0.00576	0.00173	0.00691	0.00518	0.00288	0.00921
62	0.00831	0.00623	0.00935	0.00935	0.01038	0.00727	0.00727	0.01038	0.00935	0.01350	0.01558	0.02285	0.01454	0.04361	0.77259	0.00935	0.01558	0.00623	0.00312	0.00519
63	0.01116	0.01052	0.01776	0.74285	0.07747	0.01297	0.01624	0.01501	0.01171	0.01507	0.01037	0.01545	0.00783	0.00578	0.00581	0.00193	0.00771	0.00517	0.00260	0.00660
64	0.00920	0.00617	0.00802	0.00743	0.00901	0.00564	0.00561	0.01186	0.01632	0.06580	0.68140	0.04265	0.08519	0.01175	0.00680	0.00183	0.00288	0.01033	0.00640	0.00572
65	0.01215	0.00682	0.00898	0.00794	0.01003	0.00615	0.00613	0.01474	0.01640	0.18716	0.57146	0.03860	0.06828	0.01094	0.00664	0.00183	0.00324	0.00954	0.00655	0.00645
66	0.02506	0.00967	0.01316	0.01017	0.01449	0.00837	0.00837	0.02733	0.01663	0.72055	0.06539	0.02116	0.01674	0.00747	0.00591	0.00180	0.00482	0.00612	0.00715	0.00964
67	0.01308	0.00810	0.00813	0.00735	0.00933	0.03091	0.00571	0.14515	0.01492	0.02375	0.01759	0.02000	0.01376	0.00865	0.04317	0.00183	0.00426	0.00538	0.61268	0.00626
68	0.02518	0.01087	0.01404	0.01082	0.01530	0.01006	0.00892	0.12856	0.04022	0.63884	0.02170	0.01903	0.01386	0.00719	0.00585	0.00180	0.00514	0.00578	0.00696	0.00987
69	0.00886	0.00614	0.00804	0.00768	0.00918	0.00568	0.00592	0.01153	0.01604	0.04640	0.63533	0.04529	0.07945	0.01225	0.00694	0.00191	0.00307	0.07840	0.00629	0.00559
