[name]
unknown

[dist]
# distance from previous block
# <min> <max>
0	113

[block]
# block no. 0 follows, 40 sequences, length 32
# corresponding to MSA columns:
# 127-158
name=unknown_A
#
# <colnr> <probs for GDERKNQSTAVLIFYWHMCP>
#	G	D	E	R	K	N	Q	S	T	A	V	L	I	F	Y	W	H	M	C	P
0	0.01274	0.01477	0.15516	0.01049	0.01616	0.03707	0.00992	0.01646	0.03351	0.03640	0.01099	0.01250	0.00873	0.00477	0.00465	0.00112	0.00537	0.00376	0.00340	0.60202
1	0.01250	0.01059	0.01229	0.00882	0.01397	0.00820	0.00707	0.04621	0.01272	0.01972	0.01049	0.01214	0.00867	0.00442	0.00437	0.00090	0.00440	0.00352	0.00355	0.79544
2	0.01098	0.01034	0.01744	0.78165	0.04005	0.01292	0.01615	0.01486	0.01163	0.01486	0.01034	0.01550	0.00775	0.00581	0.00581	0.00194	0.00775	0.00517	0.00258	0.00646
3	0.01448	0.01214	0.01292	0.01160	0.01483	0.01393	0.00903	0.02997	0.69898	0.04245	0.05553	0.02260	0.01928	0.00805	0.00596	0.00196	0.00453	0.00673	0.00597	0.00906
4	0.04218	0.02874	0.71002	0.01607	0.02429	0.01352	0.02048	0.01883	0.03918	0.01892	0.01083	0.01252	0.00771	0.00561	0.00547	0.00184	0.00830	0.00434	0.00262	0.00853
5	0.01406	0.01441	0.05973	0.07853	0.68103	0.01375	0.01793	0.01770	0.01310	0.01873	0.01088	0.01435	0.00903	0.00524	0.00575	0.00175	0.00704	0.00514	0.00284	0.00902
6	0.00929	0.00667	0.00926	0.01056	0.01191	0.00664	0.00921	0.01193	0.01338	0.01735	0.03168	0.06529	0.05646	0.01602	0.00800	0.00265	0.00528	0.69772	0.00536	0.00534
7	0.02060	0.06508	0.04907	0.01068	0.01498	0.01070	0.00911	0.05826	0.11804	0.43830	0.02090	0.07503	0.01526	0.00768	0.00571	0.00177	0.00507	0.00630	0.00604	0.06142
8	0.01041	0.00732	0.00907	0.00814	0.01012	0.00694	0.00616	0.04995	0.05930	0.05926	0.52106	0.07413	0.04294	0.04020	0.00739	0.00193	0.00340	0.00949	0.00601	0.06678
9	0.01597	0.72063	0.02983	0.01071	0.01570	0.02188	0.04676	0.01801	0.01215	0.05081	0.00900	0.01017	0.00787	0.00508	0.00399	0.00131	0.00634	0.00343	0.00274	0.00760
10	0.01353	0.01537	0.03350	0.02403	0.02975	0.01441	0.71670	0.01832	0.01365	0.01852	0.01236	0.03849	0.00969	0.00529	0.00688	0.00197	0.00962	0.00715	0.00301	0.00775
11	0.01555	0.79913	0.03047	0.00995	0.01493	0.02301	0.00995	0.01741	0.01182	0.01368	0.00808	0.00933	0.00746	0.00498	0.00373	0.00124	0.00622	0.00311	0.00249	0.00746
12	0.01018	0.00533	0.00795	0.04554	0.00913	0.00546	0.00555	0.00823	0.00801	0.01091	0.01055	0.01777	0.01022	0.01883	0.02097	0.74869	0.00507	0.00507	0.04367	0.00286
13	0.01398	0.01105	0.01246	0.00972	0.01406	0.01017	0.00779	0.12226	0.13795	0.03630	0.01471	0.01676	0.01181	0.00596	0.00494	0.00130	0.00459	0.03069	0.06500	0.46849
14	0.02225	0.01555	0.01656	0.01282	0.01732	0.04454	0.01054	0.59454	0.02507	0.13701	0.01620	0.01574	0.02986	0.00718	0.00583	0.00175	0.00626	0.00545	0.00589	0.00964
15	0.00823	0.00594	0.00777	0.00732	0.00869	0.00549	0.00549	0.01097	0.01646	0.02332	0.75629	0.04344	0.05487	0.01189	0.00686	0.00183	0.00274	0.01052	0.00640	0.00549
16	0.00831	0.00623	0.00935	0.00935	0.01038	0.00727	0.00727	0.01038	0.00935	0.01350	0.01558	0.02285	0.01454	0.04361	0.77259	0.00935	0.01558	0.00623	0.00312	0.00519
17	0.01206	0.01034	0.01206	0.00861	0.01378	0.00775	0.00689	0.01464	0.01206	0.01895	0.01034	0.01206	0.00861	0.00431	0.00431	0.00086	0.00431	0.00345	0.00345	0.83118
18	0.01355	0.00867	0.01051	0.00920	0.01173	0.00872	0.00716	0.05555	0.18443	0.15637	0.42031	0.03275	0.03688	0.00989	0.00641	0.00185	0.00375	0.00851	0.00640	0.00735
19	0.02609	0.00990	0.01350	0.01035	0.01484	0.00855	0.00855	0.02834	0.01664	0.76338	0.02294	0.01979	0.01439	0.00720	0.00585	0.00180	0.00495	0.00585	0.00720	0.00990
20	0.02405	0.04958	0.01430	0.01052	0.01488	0.01004	0.00870	0.02813	0.11195	0.62957	0.02230	0.01952	0.01449	0.00718	0.00575	0.00179	0.00497	0.00581	0.00680	0.00968
21	0.01349	0.01060	0.01267	0.04757	0.01529	0.00876	0.00772	0.07078	0.01365	0.06612	0.03925	0.01402	0.01075	0.00505	0.00469	0.00108	0.00462	0.00408	0.00393	0.64588
22	0.00846	0.00564	0.00634	0.00634	0.00634	0.00564	0.00352	0.00846	0.00846	0.01128	0.01832	0.03805	0.02114	0.79563	0.02960	0.00564	0.00564	0.00846	0.00352	0.00352
23	0.01375	0.01316	0.02243	0.17732	0.62279	0.01365	0.01752	0.01728	0.01293	0.01821	0.01082	0.01460	0.00893	0.00530	0.00577	0.00177	0.00707	0.00518	0.00282	0.00869
24	0.01256	0.01063	0.01233	0.00885	0.01399	0.00826	0.00710	0.05064	0.01282	0.01983	0.01052	0.01215	0.00868	0.00444	0.00438	0.00091	0.00441	0.00353	0.00356	0.79042
25	0.11527	0.01607	0.01626	0.01270	0.01715	0.05458	0.01044	0.59840	0.02446	0.05825	0.01334	0.01347	0.00951	0.00676	0.00554	0.00174	0.00634	0.00494	0.00547	0.00932
26	0.02217	0.01069	0.01341	0.01059	0.01462	0.01026	0.00863	0.15138	0.07330	0.48293	0.11789	0.02202	0.01918	0.00783	0.00598	0.00181	0.00489	0.00641	0.00675	0.00926
27	0.00824	0.00597	0.00789	0.00747	0.00881	0.00562	0.00562	0.01093	0.01594	0.02260	0.70179	0.04192	0.05190	0.01422	0.06320	0.00238	0.00369	0.01020	0.00616	0.00547
28	0.01206	0.01034	0.01206	0.00861	0.01378	0.00775	0.00689	0.01464	0.01206	0.01895	0.01034	0.01206	0.00861	0.00431	0.00431	0.00086	0.00431	0.00345	0.00345	0.83118
29	0.06812	0.00552	0.00688	0.00806	0.00864	0.00534	0.00546	0.00876	0.01104	0.01567	0.03029	0.73427	0.03610	0.01728	0.00714	0.00232	0.00346	0.01555	0.00527	0.00484
30	0.01169	0.00995	0.01167	0.00858	0.01339	0.00753	0.00678	0.01416	0.01199	0.01865	0.01193	0.06943	0.01081	0.00533	0.00454	0.00097	0.00424	0.00441	0.00359	0.77037
31	0.00784	0.00589	0.00727	0.00701	0.00847	0.00531	0.00522	0.01019	0.01542	0.02106	0.55140	0.08378	0.22399	0.01289	0.00689	0.00189	0.00282	0.01124	0.00611	0.00531

[dist]
# distance from previous block
# <min> <max>
0	3

[block]
# block no. 1 follows, 40 sequences, length 9
# corresponding to MSA columns:
# 162-170
name=unknown_B
#
# <colnr> <probs for GDERKNQSTAVLIFYWHMCP>
#	G	D	E	R	K	N	Q	S	T	A	V	L	I	F	Y	W	H	M	C	P
0	0.00831	0.00623	0.00935	0.00935	0.01038	0.00727	0.00727	0.01038	0.00935	0.01350	0.01558	0.02285	0.01454	0.04361	0.77259	0.00935	0.01558	0.00623	0.00312	0.00519
1	0.01146	0.00962	0.01143	0.04355	0.01385	0.00767	0.00680	0.01371	0.01149	0.01760	0.01155	0.01617	0.01048	0.12473	0.00822	0.00164	0.00467	0.00429	0.00342	0.66766
2	0.03470	0.00644	0.00816	0.00845	0.04817	0.00612	0.00589	0.01176	0.01524	0.02247	0.53936	0.03829	0.08714	0.01072	0.00627	0.00176	0.00303	0.00934	0.13102	0.00566
3	0.01450	0.01498	0.05189	0.06275	0.66766	0.04995	0.01761	0.01801	0.01330	0.01859	0.01080	0.01417	0.00900	0.00526	0.00573	0.00173	0.00718	0.00508	0.00286	0.00896
4	0.08367	0.01186	0.01884	0.36104	0.32547	0.01321	0.01556	0.03835	0.01268	0.01826	0.01130	0.01644	0.00928	0.00596	0.00569	0.00186	0.00700	0.03291	0.00300	0.00762
5	0.65385	0.01365	0.01011	0.00896	0.01253	0.12820	0.00721	0.01884	0.01139	0.07786	0.00931	0.01036	0.00707	0.00562	0.00401	0.00175	0.00544	0.00344	0.00377	0.00663
6	0.00843	0.00621	0.00793	0.00753	0.00900	0.00583	0.00571	0.01160	0.04319	0.02272	0.66392	0.04414	0.09179	0.01205	0.00687	0.00187	0.00292	0.03643	0.00629	0.00559
7	0.01224	0.00964	0.01188	0.06469	0.01498	0.00783	0.00745	0.01493	0.01297	0.06414	0.12455	0.01755	0.01593	0.00574	0.00490	0.00114	0.00436	0.00479	0.00406	0.59621
8	0.01063	0.00842	0.01143	0.12741	0.01677	0.00822	0.00964	0.04004	0.01319	0.01798	0.02206	0.08126	0.02279	0.01137	0.00666	0.00206	0.00539	0.37017	0.00448	0.21002

[dist]
# distance from previous block
# <min> <max>
0	3

[block]
# block no. 2 follows, 40 sequences, length 30
# corresponding to MSA columns:
# 174-203
name=unknown_C
#
# <colnr> <probs for GDERKNQSTAVLIFYWHMCP>
#	G	D	E	R	K	N	Q	S	T	A	V	L	I	F	Y	W	H	M	C	P
0	0.03597	0.01394	0.10409	0.01534	0.02066	0.01104	0.24131	0.02291	0.01490	0.37915	0.03533	0.01770	0.01244	0.00624	0.00605	0.00182	0.00681	0.00596	0.00507	0.04329
1	0.01197	0.01166	0.04678	0.02620	0.49289	0.01092	0.01404	0.01478	0.01254	0.01766	0.01762	0.26096	0.01842	0.00933	0.00628	0.00193	0.00585	0.00875	0.00366	0.00776
2	0.04470	0.27053	0.39053	0.03015	0.07696	0.01637	0.01618	0.01756	0.01193	0.01692	0.00977	0.01185	0.00777	0.00681	0.03328	0.00193	0.02215	0.00405	0.00257	0.00799
3	0.54248	0.00977	0.00915	0.03837	0.01261	0.01103	0.00765	0.01541	0.01107	0.02290	0.01538	0.02749	0.01497	0.00880	0.00509	0.00208	0.00490	0.23072	0.00412	0.00600
4	0.01942	0.02289	0.01542	0.01398	0.01707	0.53186	0.01059	0.02566	0.24883	0.01743	0.01365	0.01404	0.01075	0.00659	0.00546	0.00165	0.00862	0.00464	0.00392	0.00752
5	0.00756	0.00527	0.00665	0.00751	0.00778	0.00504	0.00481	0.00831	0.01046	0.01399	0.05172	0.52787	0.03351	0.26465	0.01444	0.00338	0.00407	0.01377	0.00484	0.00437
6	0.01060	0.02251	0.52560	0.01428	0.02048	0.01153	0.01698	0.01587	0.01135	0.01686	0.01207	0.01563	0.00964	0.01761	0.24888	0.00422	0.01081	0.00491	0.00266	0.00751
7	0.00709	0.00506	0.00675	0.00810	0.00843	0.00472	0.00540	0.00810	0.01113	0.01484	0.03205	0.79184	0.03846	0.01822	0.00742	0.00236	0.00337	0.01653	0.00540	0.00472
8	0.01186	0.00881	0.01003	0.00935	0.01139	0.00901	0.00702	0.24045	0.01687	0.02226	0.06035	0.38354	0.15824	0.01377	0.00679	0.00207	0.00423	0.01195	0.00557	0.00643
9	0.01207	0.01104	0.01826	0.02694	0.52112	0.01093	0.01390	0.01475	0.01257	0.01768	0.01764	0.26105	0.01849	0.00932	0.00629	0.00193	0.00579	0.00878	0.00368	0.00779
10	0.00736	0.00600	0.00703	0.00702	0.00868	0.00567	0.00535	0.00906	0.01209	0.01520	0.06262	0.04514	0.50386	0.02382	0.24980	0.00430	0.00695	0.01031	0.00470	0.00501
11	0.01048	0.00866	0.01037	0.00845	0.01208	0.00679	0.00642	0.01257	0.01177	0.01765	0.01723	0.25945	0.01808	0.00872	0.00530	0.00134	0.00401	0.00760	0.00406	0.56898
12	0.01940	0.02331	0.01874	0.02155	0.25319	0.53165	0.01333	0.02152	0.01545	0.01574	0.00961	0.01173	0.00804	0.00574	0.00541	0.00157	0.00935	0.00420	0.00296	0.00753
13	0.00846	0.00564	0.00634	0.00634	0.00634	0.00564	0.00352	0.00846	0.00846	0.01128	0.01832	0.03805	0.02114	0.79563	0.02960	0.00564	0.00564	0.00846	0.00352	0.00352
14	0.00709	0.00506	0.00675	0.00810	0.00843	0.00472	0.00540	0.00810	0.01113	0.01484	0.03205	0.79184	0.03846	0.01822	0.00742	0.00236	0.00337	0.01653	0.00540	0.00472
15	0.01137	0.01047	0.01417	0.01244	0.01244	0.01395	0.00980	0.01224	0.00876	0.01313	0.01102	0.02076	0.01192	0.25937	0.02242	0.00353	0.53773	0.00616	0.00286	0.00546
16	0.00709	0.00506	0.00675	0.00810	0.00843	0.00472	0.00540	0.00810	0.01113	0.01484	0.03205	0.79184	0.03846	0.01822	0.00742	0.00236	0.00337	0.01653	0.00540	0.00472
17	0.01206	0.01040	0.01085	0.00995	0.01282	0.01143	0.00769	0.02374	0.51547	0.02159	0.03485	0.03257	0.25229	0.01006	0.00622	0.00197	0.00408	0.00838	0.00575	0.00784
18	0.01317	0.26059	0.01790	0.00904	0.01414	0.01259	0.00786	0.01552	0.01198	0.01728	0.00962	0.01119	0.00825	0.00452	0.00412	0.00098	0.00491	0.00334	0.00314	0.56985
19	0.01463	0.01086	0.04291	0.01004	0.01318	0.01035	0.00832	0.24471	0.03744	0.09377	0.38604	0.02930	0.03284	0.00934	0.00629	0.00178	0.00443	0.00788	0.00603	0.02985
20	0.02130	0.01004	0.01475	0.25505	0.02284	0.00993	0.01096	0.02406	0.01505	0.52590	0.01894	0.01843	0.01229	0.00676	0.00584	0.00184	0.00584	0.00563	0.00573	0.00881
21	0.27015	0.00759	0.00673	0.00645	0.00893	0.00749	0.00501	0.01112	0.01219	0.01900	0.04279	0.04121	0.51883	0.01177	0.00583	0.00191	0.00344	0.00938	0.00483	0.00535
22	0.01659	0.01810	0.02112	0.05648	0.49777	0.25442	0.01569	0.01944	0.01421	0.01733	0.01030	0.01319	0.00861	0.00546	0.00560	0.00166	0.00807	0.00473	0.00291	0.00833
23	0.01309	0.01248	0.02124	0.32149	0.48377	0.01347	0.01720	0.01670	0.01262	0.01741	0.01071	0.01482	0.00865	0.00542	0.00578	0.00181	0.00723	0.00518	0.00277	0.00816
24	0.01130	0.01057	0.01463	0.01274	0.01318	0.01390	0.01043	0.01304	0.01130	0.01695	0.24515	0.02247	0.02262	0.01072	0.01521	0.00232	0.53681	0.00681	0.00377	0.00608
25	0.01002	0.00579	0.00666	0.03809	0.00876	0.00575	0.00502	0.01279	0.01353	0.02192	0.25254	0.02833	0.02729	0.00836	0.00502	0.00153	0.00293	0.00703	0.53318	0.00548
26	0.04550	0.01960	0.36283	0.01454	0.05065	0.01136	0.03293	0.02269	0.01418	0.34442	0.01588	0.01564	0.01052	0.00622	0.00564	0.00182	0.00682	0.00504	0.00460	0.00909
27	0.05012	0.01073	0.01436	0.01171	0.01452	0.01173	0.00965	0.02254	0.04418	0.42782	0.05745	0.01853	0.01429	0.00836	0.01002	0.00204	0.25227	0.00579	0.00549	0.00837
28	0.00781	0.00558	0.00758	0.00893	0.00958	0.00535	0.00666	0.00935	0.01185	0.01566	0.03165	0.56143	0.03688	0.01754	0.00762	0.00246	0.00400	0.23978	0.00538	0.00492
29	0.01795	0.01242	0.02012	0.06086	0.49113	0.01211	0.01482	0.02104	0.01425	0.25498	0.01472	0.01616	0.01079	0.00585	0.00579	0.00176	0.00632	0.00539	0.00424	0.00931

[dist]
# distance from previous block
# <min> <max>
5	9

[block]
# block no. 3 follows, 40 sequences, length 28
# corresponding to MSA columns:
# 213-240
name=unknown_D
#
# <colnr> <probs for GDERKNQSTAVLIFYWHMCP>
#	G	D	E	R	K	N	Q	S	T	A	V	L	I	F	Y	W	H	M	C	P
0	0.02316	0.01172	0.01456	0.01135	0.01548	0.01170	0.00934	0.22675	0.03760	0.46768	0.05370	0.01894	0.01474	0.00753	0.00657	0.00183	0.04550	0.00587	0.00650	0.00949
1	0.08627	0.00993	0.01294	0.01008	0.01439	0.00891	0.00830	0.02701	0.03105	0.67005	0.04445	0.01978	0.01510	0.00722	0.00571	0.00180	0.00484	0.00580	0.00688	0.00948
2	0.00709	0.00506	0.00675	0.00810	0.00843	0.00472	0.00540	0.00810	0.01113	0.01484	0.03205	0.79184	0.03846	0.01822	0.00742	0.00236	0.00337	0.01653	0.00540	0.00472
3	0.01576	0.69917	0.06295	0.01099	0.03082	0.02208	0.01071	0.06260	0.01284	0.01544	0.00862	0.00986	0.00765	0.00513	0.00398	0.00131	0.00635	0.00334	0.00270	0.00770
4	0.05196	0.01621	0.01617	0.01297	0.01718	0.07496	0.01051	0.51456	0.17090	0.03205	0.01531	0.01508	0.01115	0.00703	0.00571	0.00177	0.00628	0.00531	0.00554	0.00937
5	0.01535	0.75944	0.06841	0.01029	0.01545	0.02252	0.01055	0.01746	0.01184	0.01393	0.00821	0.00948	0.00746	0.00500	0.00382	0.00127	0.00634	0.00317	0.00249	0.00752
6	0.07488	0.02640	0.61996	0.01524	0.02292	0.01316	0.01885	0.01960	0.04592	0.07314	0.01177	0.01304	0.00827	0.00574	0.00542	0.00184	0.00784	0.00443	0.00304	0.00854
7	0.01387	0.07217	0.02279	0.06570	0.62400	0.01390	0.01640	0.01707	0.01293	0.01815	0.01202	0.06263	0.01084	0.00601	0.00571	0.00174	0.00667	0.00573	0.00299	0.00868
8	0.01056	0.00554	0.00589	0.02956	0.00793	0.00560	0.00454	0.01318	0.01210	0.02096	0.01969	0.07941	0.01646	0.00761	0.00437	0.00145	0.00292	0.00625	0.74060	0.00540
9	0.01229	0.17564	0.52010	0.04220	0.02236	0.01491	0.01763	0.01818	0.04873	0.01748	0.01175	0.05253	0.00952	0.00620	0.00531	0.00176	0.00764	0.00484	0.00279	0.00813
10	0.01438	0.01618	0.13280	0.04349	0.52023	0.01362	0.10249	0.01844	0.01328	0.05239	0.01149	0.01450	0.00910	0.00530	0.00586	0.00178	0.00742	0.00528	0.00301	0.00894
11	0.01308	0.01336	0.01734	0.01497	0.01521	0.06445	0.01238	0.01440	0.00940	0.01399	0.00809	0.01305	0.00795	0.01147	0.05321	0.00279	0.70088	0.00506	0.00260	0.00633
12	0.00835	0.00559	0.00637	0.00647	0.00650	0.00557	0.00366	0.00843	0.00866	0.01154	0.01936	0.09474	0.02244	0.73716	0.02793	0.00539	0.00547	0.00906	0.00366	0.00361
13	0.01206	0.01034	0.01206	0.00861	0.01378	0.00775	0.00689	0.01464	0.01206	0.01895	0.01034	0.01206	0.00861	0.00431	0.00431	0.00086	0.00431	0.00345	0.00345	0.83118
14	0.00706	0.00590	0.00614	0.00608	0.00797	0.00499	0.00456	0.00870	0.01369	0.01673	0.15266	0.05428	0.66261	0.01435	0.00687	0.00195	0.00292	0.01204	0.00553	0.00499
15	0.01266	0.02582	0.53869	0.07666	0.11260	0.06096	0.05565	0.01839	0.01268	0.01797	0.01046	0.01283	0.00769	0.00550	0.00562	0.00182	0.00851	0.00456	0.00257	0.00835
16	0.00827	0.00614	0.00687	0.00678	0.00859	0.00537	0.00517	0.00999	0.01359	0.05045	0.15450	0.05228	0.50658	0.06288	0.00835	0.00223	0.00340	0.07787	0.00551	0.00517
17	0.01415	0.45540	0.24084	0.01415	0.02030	0.01898	0.12876	0.01789	0.01225	0.01582	0.00934	0.01118	0.00765	0.00512	0.00474	0.00153	0.00747	0.00404	0.00255	0.00785
18	0.01670	0.01360	0.01441	0.01229	0.01597	0.01551	0.00975	0.23851	0.53760	0.02793	0.02083	0.01943	0.01545	0.00762	0.00589	0.00191	0.00513	0.00618	0.00589	0.00941
19	0.01692	0.01070	0.01333	0.01298	0.08483	0.01106	0.00925	0.04005	0.31233	0.24449	0.09752	0.07127	0.02110	0.00858	0.00610	0.00191	0.00471	0.01814	0.00602	0.00871
20	0.04482	0.64751	0.13170	0.01080	0.01622	0.02103	0.01140	0.01776	0.01191	0.03011	0.00872	0.00996	0.00755	0.00511	0.00402	0.00136	0.00646	0.00333	0.00262	0.00763
21	0.00903	0.00699	0.00981	0.00961	0.01078	0.00819	0.00743	0.01232	0.07864	0.01442	0.01623	0.02318	0.01496	0.07663	0.64059	0.00826	0.03771	0.00634	0.00338	0.00552
22	0.00803	0.00590	0.00752	0.00720	0.00858	0.00539	0.00537	0.01055	0.01586	0.02209	0.64597	0.07957	0.13132	0.01249	0.00689	0.00187	0.00279	0.01099	0.00624	0.00539
23	0.02093	0.01515	0.01657	0.01291	0.01722	0.01673	0.01062	0.64967	0.02533	0.05682	0.01439	0.01497	0.01046	0.01042	0.07772	0.00246	0.00722	0.00535	0.00561	0.00945
24	0.02312	0.01135	0.01404	0.01104	0.01520	0.01102	0.00900	0.23883	0.01932	0.47629	0.02112	0.09045	0.01531	0.00817	0.00599	0.00184	0.00523	0.00667	0.00662	0.00941
25	0.75959	0.01149	0.00996	0.01028	0.08140	0.01312	0.00738	0.01716	0.01021	0.02543	0.00836	0.00991	0.00657	0.00538	0.00380	0.00179	0.00472	0.00334	0.00353	0.00657
26	0.01180	0.01005	0.01172	0.00870	0.01345	0.00780	0.00687	0.01481	0.04041	0.01887	0.01239	0.06759	0.01108	0.00543	0.00459	0.00101	0.00425	0.00449	0.00368	0.74101
27	0.02132	0.01623	0.01903	0.01442	0.01919	0.01772	0.07924	0.67232	0.02606	0.03496	0.01376	0.01412	0.00979	0.00679	0.00592	0.00177	0.00672	0.00539	0.00555	0.00970

[dist]
# distance from previous block
# <min> <max>
0	6

[block]
# block no. 4 follows, 40 sequences, length 8
# corresponding to MSA columns:
# 247-254
name=unknown_E
#
# <colnr> <probs for GDERKNQSTAVLIFYWHMCP>
#	G	D	E	R	K	N	Q	S	T	A	V	L	I	F	Y	W	H	M	C	P
0	0.01239	0.01111	0.01722	0.65643	0.03631	0.01356	0.01522	0.09564	0.05217	0.01776	0.01144	0.01566	0.00851	0.00605	0.00582	0.00192	0.00744	0.00525	0.00312	0.00698
1	0.00935	0.00709	0.00956	0.00846	0.01049	0.00658	0.05194	0.01271	0.05799	0.05151	0.47351	0.04239	0.21254	0.01169	0.00677	0.00188	0.00344	0.01028	0.00595	0.00590
2	0.00861	0.00860	0.09131	0.00834	0.01050	0.00637	0.00725	0.01179	0.01600	0.02278	0.67406	0.04000	0.04963	0.01119	0.00671	0.00183	0.00339	0.00983	0.00597	0.00583
3	0.01425	0.01213	0.01386	0.08961	0.01742	0.01414	0.01000	0.09593	0.49967	0.02386	0.07927	0.02151	0.01834	0.00805	0.00678	0.00197	0.05275	0.00653	0.00540	0.00852
4	0.00742	0.00531	0.00711	0.00827	0.00881	0.00499	0.00580	0.00877	0.01189	0.01595	0.10510	0.64526	0.03963	0.01737	0.00743	0.00234	0.00350	0.08469	0.00550	0.00486
5	0.01235	0.01357	0.09526	0.50972	0.10560	0.01356	0.08709	0.06183	0.01305	0.01737	0.01077	0.01499	0.00809	0.00571	0.00588	0.00190	0.00787	0.00525	0.00284	0.00729
6	0.00814	0.00594	0.00764	0.00722	0.00863	0.00545	0.00541	0.01079	0.01624	0.02279	0.70770	0.04431	0.10379	0.01209	0.00686	0.00184	0.00276	0.01064	0.00633	0.00545
7	0.01513	0.01463	0.02237	0.08048	0.61966	0.06201	0.01689	0.06376	0.01424	0.01955	0.01097	0.01419	0.00905	0.00539	0.00573	0.00173	0.00716	0.00509	0.00305	0.00892

[dist]
# distance from previous block
# <min> <max>
18	156

# created by:
# /software/SequenceAnalysis/GenePrediction/augustus/3.0.1/scripts/msa2prfl.pl ./fixed/BUSCOvEOG7F7Q0H.fas
