[name]
unknown

[dist]
# distance from previous block
# <min> <max>
0	156

[block]
# block no. 0 follows, 41 sequences, length 8
# corresponding to MSA columns:
# 156-163
name=unknown_A
#
# <colnr> <probs for GDERKNQSTAVLIFYWHMCP>
#	G	D	E	R	K	N	Q	S	T	A	V	L	I	F	Y	W	H	M	C	P
0	0.00864	0.00603	0.00784	0.00868	0.00940	0.00599	0.00668	0.01013	0.01115	0.01463	0.02593	0.13569	0.02902	0.30290	0.01560	0.00367	0.00515	0.38374	0.00461	0.00454
1	0.02187	0.01020	0.01278	0.01006	0.01373	0.00969	0.00801	0.16126	0.01697	0.49506	0.02008	0.02152	0.01448	0.14585	0.00984	0.00242	0.00526	0.00609	0.00619	0.00863
2	0.00697	0.00498	0.00664	0.00796	0.00830	0.00465	0.00531	0.00796	0.01095	0.01460	0.03153	0.79525	0.03783	0.01792	0.00730	0.00232	0.00332	0.01626	0.00531	0.00465
3	0.01555	0.01207	0.01293	0.01115	0.01457	0.01341	0.00881	0.16111	0.48220	0.07560	0.02543	0.02367	0.10132	0.00832	0.00591	0.00189	0.00469	0.00682	0.00583	0.00874
4	0.01709	0.00784	0.01053	0.00872	0.01165	0.00694	0.00694	0.01954	0.01628	0.40401	0.38259	0.03082	0.03359	0.00933	0.00624	0.00178	0.00381	0.00799	0.00670	0.00762
5	0.08150	0.01086	0.01408	0.15124	0.01764	0.01371	0.01061	0.09944	0.01213	0.01911	0.01111	0.01475	0.00919	0.00777	0.01050	0.00200	0.32490	0.00495	0.17803	0.00648
6	0.00832	0.00555	0.00624	0.00624	0.00624	0.00555	0.00347	0.00832	0.00832	0.01109	0.01802	0.03743	0.02080	0.79898	0.02911	0.00555	0.00555	0.00832	0.00347	0.00347
7	0.01158	0.02103	0.41138	0.01603	0.02121	0.01377	0.09742	0.01614	0.01107	0.01649	0.01030	0.01375	0.00828	0.01083	0.09760	0.00285	0.20537	0.00492	0.00256	0.00743

[dist]
# distance from previous block
# <min> <max>
0	10

[block]
# block no. 1 follows, 41 sequences, length 120
# corresponding to MSA columns:
# 174-293
name=unknown_B
#
# <colnr> <probs for GDERKNQSTAVLIFYWHMCP>
#	G	D	E	R	K	N	Q	S	T	A	V	L	I	F	Y	W	H	M	C	P
0	0.00871	0.00705	0.00731	0.00716	0.00905	0.00612	0.00521	0.01034	0.04106	0.01751	0.12578	0.05241	0.60167	0.06286	0.00864	0.00238	0.00360	0.01173	0.00573	0.00568
1	0.02479	0.01128	0.01416	0.01120	0.01545	0.01036	0.00902	0.12009	0.04101	0.58534	0.03539	0.02098	0.01557	0.00799	0.00625	0.00199	0.00535	0.00617	0.04757	0.01004
2	0.01513	0.01361	0.02223	0.05122	0.44358	0.01417	0.08617	0.01767	0.01314	0.05619	0.01346	0.06410	0.01200	0.00771	0.00867	0.00215	0.14003	0.00638	0.00360	0.00877
3	0.00940	0.00701	0.00779	0.00777	0.00931	0.00629	0.00561	0.02794	0.02432	0.01663	0.07181	0.11173	0.44380	0.06259	0.01083	0.11633	0.00409	0.04609	0.00528	0.00536
4	0.82305	0.01197	0.00939	0.00846	0.01206	0.01351	0.00679	0.01768	0.01061	0.02670	0.00935	0.01121	0.00751	0.00621	0.00415	0.00201	0.00489	0.00356	0.00399	0.00689
5	0.02670	0.01067	0.01415	0.01106	0.01553	0.00918	0.00895	0.02851	0.01711	0.75246	0.02364	0.02117	0.01531	0.00794	0.00632	0.00201	0.00532	0.00616	0.00745	0.01035
6	0.00935	0.00642	0.00738	0.00769	0.00791	0.00613	0.00463	0.00927	0.00996	0.01341	0.02295	0.24925	0.02653	0.56597	0.02312	0.00481	0.00537	0.01088	0.00443	0.00455
7	0.01260	0.00708	0.00721	0.00689	0.00846	0.00700	0.00506	0.06202	0.01358	0.02279	0.01946	0.02347	0.01585	0.05622	0.00626	0.00187	0.00358	0.00592	0.70845	0.00622
8	0.01244	0.00676	0.00682	0.00661	0.00818	0.00663	0.00490	0.04171	0.01338	0.02301	0.01963	0.02270	0.01561	0.00754	0.00466	0.00160	0.00331	0.00574	0.78255	0.00621
9	0.82305	0.01197	0.00939	0.00846	0.01206	0.01351	0.00679	0.01768	0.01061	0.02670	0.00935	0.01121	0.00751	0.00621	0.00415	0.00201	0.00489	0.00356	0.00399	0.00689
10	0.00840	0.00602	0.00766	0.00890	0.00936	0.00550	0.00592	0.00902	0.01180	0.01587	0.03241	0.78038	0.03847	0.01855	0.00783	0.00256	0.00381	0.01645	0.00572	0.00537
11	0.16067	0.01518	0.01568	0.01220	0.01660	0.01690	0.01008	0.62063	0.02398	0.03428	0.01275	0.01298	0.00913	0.00660	0.00535	0.00173	0.00598	0.00480	0.00535	0.00913
12	0.00697	0.00498	0.00664	0.00796	0.00830	0.00465	0.00531	0.00796	0.01095	0.01460	0.03153	0.79525	0.03783	0.01792	0.00730	0.00232	0.00332	0.01626	0.00531	0.00465
13	0.01066	0.00533	0.00533	0.00533	0.00666	0.00533	0.00400	0.01333	0.01200	0.02132	0.01866	0.02132	0.01466	0.00666	0.00400	0.00133	0.00267	0.00533	0.83073	0.00533
14	0.02137	0.02726	0.01621	0.01474	0.01768	0.77602	0.01105	0.02284	0.01621	0.01400	0.00884	0.01031	0.00737	0.00589	0.00516	0.00147	0.01031	0.00368	0.00295	0.00663
15	0.01350	0.01543	0.03375	0.02411	0.02989	0.01446	0.74253	0.01832	0.01350	0.01832	0.01157	0.01543	0.00868	0.00482	0.00675	0.00193	0.00964	0.00675	0.00289	0.00771
16	0.01251	0.01251	0.01752	0.01502	0.01502	0.01752	0.01251	0.01377	0.00876	0.01377	0.00751	0.01251	0.00751	0.01001	0.01877	0.00250	0.78851	0.00501	0.00250	0.00626
17	0.01423	0.01229	0.01293	0.01164	0.01487	0.01423	0.00905	0.03039	0.75297	0.02393	0.02328	0.02134	0.01746	0.00776	0.00582	0.00194	0.00453	0.00647	0.00582	0.00905
18	0.00704	0.00570	0.00628	0.00655	0.00812	0.00494	0.00487	0.00857	0.01293	0.01599	0.10791	0.18518	0.53689	0.01494	0.00692	0.00203	0.00309	0.05182	0.00539	0.00487
19	0.00787	0.00586	0.00733	0.00701	0.00847	0.00532	0.00529	0.01033	0.01552	0.02138	0.60951	0.04559	0.18707	0.01232	0.00678	0.00184	0.00280	0.02832	0.00608	0.00529
20	0.00708	0.00510	0.00659	0.00768	0.00814	0.00474	0.00514	0.00811	0.01114	0.01478	0.06089	0.66903	0.08810	0.06394	0.00854	0.00247	0.00340	0.01526	0.00524	0.00462
21	0.00818	0.00610	0.00903	0.00903	0.01000	0.00706	0.00695	0.01011	0.00914	0.01316	0.01547	0.02329	0.01466	0.08442	0.73528	0.00899	0.01478	0.00625	0.00309	0.00502
22	0.00787	0.00584	0.00733	0.00696	0.00840	0.00530	0.00522	0.01035	0.01565	0.02165	0.63973	0.04484	0.17532	0.01217	0.00675	0.00182	0.00273	0.01064	0.00613	0.00530
23	0.00889	0.00559	0.00745	0.00801	0.00892	0.00514	0.00561	0.01035	0.01252	0.08437	0.18114	0.56978	0.03902	0.01565	0.00705	0.00216	0.00333	0.01409	0.00567	0.00526
24	0.01084	0.00629	0.00669	0.00627	0.00799	0.00616	0.00476	0.05625	0.01329	0.02172	0.09275	0.05432	0.04772	0.00778	0.00462	0.00144	0.00301	0.00640	0.59064	0.05106
25	0.00720	0.00611	0.00626	0.00624	0.00816	0.00535	0.00467	0.00946	0.05363	0.01600	0.06627	0.08709	0.67531	0.01423	0.00673	0.00195	0.00300	0.01193	0.00536	0.00506
26	0.00940	0.00628	0.00718	0.00669	0.00877	0.00541	0.00511	0.01126	0.01426	0.10838	0.23715	0.04752	0.48590	0.01286	0.00663	0.00188	0.00308	0.01086	0.00578	0.00557
27	0.01099	0.00922	0.01093	0.00845	0.01265	0.00711	0.00661	0.01328	0.01175	0.01794	0.01423	0.14140	0.01397	0.00680	0.00484	0.00114	0.00412	0.02608	0.00376	0.67475
28	0.00995	0.00508	0.00766	0.02406	0.00813	0.00513	0.00520	0.00760	0.00754	0.01004	0.00994	0.01734	0.00989	0.01957	0.02200	0.81582	0.00502	0.00497	0.00249	0.00257
29	0.00850	0.00606	0.00706	0.00667	0.00851	0.00530	0.00505	0.01054	0.01462	0.06490	0.36188	0.04749	0.40695	0.01281	0.00669	0.00186	0.00293	0.01093	0.00585	0.00538
30	0.00769	0.00552	0.00715	0.00822	0.00876	0.00529	0.00558	0.04402	0.01173	0.01565	0.03065	0.75697	0.03645	0.01738	0.00722	0.00229	0.00346	0.01572	0.00533	0.00489
31	0.00901	0.00598	0.00732	0.00723	0.00760	0.00614	0.00463	0.00957	0.00948	0.04350	0.05998	0.12606	0.02338	0.54098	0.08031	0.00495	0.03675	0.00898	0.00392	0.00421
32	0.01106	0.01081	0.01929	0.52723	0.03333	0.01260	0.14877	0.01464	0.01161	0.01524	0.01219	0.08564	0.01054	0.00692	0.00685	0.00198	0.05558	0.00640	0.00285	0.00644
33	0.00736	0.00560	0.00825	0.00893	0.00958	0.00523	0.04921	0.00858	0.01110	0.01482	0.03034	0.74882	0.03610	0.01714	0.00727	0.00230	0.00370	0.01569	0.00517	0.00483
34	0.00788	0.00574	0.00743	0.00793	0.00831	0.00597	0.00539	0.00880	0.00992	0.01354	0.02458	0.39964	0.04556	0.24010	0.11986	0.00416	0.04870	0.01170	0.02032	0.00448
35	0.01512	0.01412	0.02013	0.13274	0.44569	0.05947	0.01521	0.11406	0.08895	0.02064	0.01221	0.01474	0.00969	0.00573	0.00566	0.00174	0.00683	0.00515	0.00348	0.00863
36	0.01221	0.06367	0.37194	0.03165	0.19024	0.01354	0.05522	0.01733	0.04247	0.01764	0.01235	0.07430	0.01057	0.00665	0.00644	0.00185	0.05536	0.00559	0.00291	0.00805
37	0.09215	0.01392	0.02129	0.06658	0.54415	0.06015	0.05891	0.01753	0.01286	0.01879	0.01100	0.01515	0.00933	0.00551	0.00557	0.00174	0.00695	0.02714	0.00297	0.00831
38	0.10811	0.02701	0.66487	0.01515	0.02295	0.01313	0.01913	0.01817	0.01189	0.03477	0.01026	0.01191	0.00727	0.00545	0.00522	0.00181	0.00791	0.00413	0.00264	0.00822
39	0.00696	0.00501	0.00660	0.00788	0.00827	0.00465	0.00527	0.00797	0.01104	0.01464	0.03261	0.76484	0.06754	0.01778	0.00728	0.00231	0.00330	0.01609	0.00531	0.00465
40	0.02100	0.01565	0.01675	0.01301	0.01745	0.01739	0.01069	0.67344	0.09889	0.03485	0.01468	0.01449	0.01049	0.00696	0.00573	0.00174	0.00612	0.00528	0.00573	0.00966
41	0.03860	0.00545	0.00688	0.00783	0.00840	0.00517	0.00526	0.00858	0.01064	0.01474	0.02821	0.63838	0.03343	0.09529	0.00956	0.01869	0.00368	0.02691	0.00495	0.02935
42	0.49944	0.03296	0.01064	0.11008	0.01492	0.01230	0.00778	0.05234	0.04133	0.02225	0.01114	0.04376	0.00966	0.05702	0.05176	0.00247	0.00567	0.00461	0.00362	0.00625
43	0.16019	0.06030	0.01390	0.03963	0.01472	0.01372	0.00890	0.29968	0.01712	0.05984	0.01457	0.09609	0.01251	0.00984	0.05017	0.00222	0.05237	0.00592	0.06079	0.00753
44	0.00721	0.00507	0.00681	0.00806	0.00844	0.00477	0.00549	0.00819	0.01103	0.01471	0.04477	0.71567	0.03686	0.01777	0.00788	0.03354	0.00346	0.05042	0.00522	0.00461
45	0.00793	0.00536	0.00712	0.00787	0.00859	0.00496	0.00545	0.00937	0.01237	0.04479	0.19979	0.59202	0.04068	0.01607	0.00711	0.00218	0.00323	0.01450	0.00560	0.00501
46	0.01523	0.01358	0.02067	0.04651	0.48354	0.02615	0.04149	0.14584	0.05577	0.02127	0.01190	0.01470	0.00962	0.00655	0.00681	0.05645	0.00664	0.00521	0.00348	0.00859
47	0.00699	0.00499	0.00663	0.00793	0.00826	0.00466	0.00527	0.00797	0.01090	0.01454	0.03127	0.78100	0.03751	0.03260	0.00771	0.00238	0.00336	0.01611	0.00527	0.00462
48	0.37373	0.01349	0.01303	0.01056	0.01460	0.01517	0.00868	0.36805	0.06500	0.04887	0.01207	0.01244	0.00880	0.00626	0.00479	0.00175	0.00534	0.00436	0.00482	0.00816
49	0.00799	0.00571	0.00718	0.00789	0.00866	0.00547	0.00541	0.01008	0.05716	0.03022	0.11391	0.54646	0.07973	0.07515	0.00873	0.00245	0.00350	0.01394	0.00535	0.00502
50	0.01119	0.00611	0.00727	0.00697	0.00846	0.00634	0.00534	0.02894	0.01172	0.07221	0.01786	0.02182	0.01459	0.03962	0.22463	0.00373	0.00658	0.00567	0.49531	0.00562
51	0.00831	0.00552	0.00624	0.00629	0.00633	0.00551	0.00355	0.00841	0.00849	0.01143	0.01856	0.06656	0.02133	0.75261	0.02776	0.00533	0.00540	0.00857	0.02026	0.00355
52	0.02899	0.01113	0.01233	0.01029	0.01326	0.01176	0.00803	0.37857	0.01926	0.08596	0.02224	0.16000	0.08677	0.10132	0.00875	0.00229	0.00516	0.00816	0.01820	0.00752
53	0.02259	0.00976	0.01277	0.01008	0.01407	0.00892	0.00822	0.05446	0.07825	0.59304	0.10484	0.02200	0.01872	0.00764	0.00587	0.00179	0.00465	0.00630	0.00683	0.00919
54	0.83938	0.01106	0.00841	0.00752	0.01106	0.01283	0.00619	0.01681	0.00973	0.02566	0.00796	0.00929	0.00619	0.00531	0.00354	0.00177	0.00442	0.00310	0.00354	0.00619
55	0.00751	0.00515	0.00647	0.00737	0.00767	0.00492	0.00475	0.00832	0.01030	0.01399	0.02729	0.55492	0.03215	0.22600	0.01297	0.00314	0.00388	0.01360	0.04524	0.00436
56	0.00803	0.00576	0.00737	0.00812	0.00881	0.00555	0.00558	0.05215	0.01241	0.01671	0.11474	0.63178	0.03738	0.04681	0.00799	0.00235	0.00351	0.01460	0.00538	0.00499
57	0.01186	0.01017	0.01186	0.00847	0.01356	0.00762	0.00678	0.01440	0.01186	0.01864	0.01017	0.01186	0.00847	0.00424	0.00424	0.00085	0.00424	0.00339	0.00339	0.83395
58	0.00817	0.00613	0.00919	0.00919	0.01021	0.00715	0.00715	0.01021	0.00919	0.01328	0.01532	0.02247	0.01430	0.04290	0.77631	0.00919	0.01532	0.00613	0.00306	0.00511
59	0.00778	0.00578	0.00729	0.00748	0.00868	0.00536	0.00552	0.01009	0.02899	0.01918	0.39410	0.24926	0.15745	0.01399	0.00695	0.00202	0.00309	0.05603	0.00580	0.00517
60	0.00887	0.00716	0.01054	0.01013	0.01099	0.00883	0.00802	0.01079	0.00912	0.01336	0.01406	0.02086	0.01320	0.03758	0.65375	0.00811	0.14041	0.00595	0.00297	0.00529
61	0.00697	0.00498	0.00664	0.00796	0.00830	0.00465	0.00531	0.00796	0.01095	0.01460	0.03153	0.79525	0.03783	0.01792	0.00730	0.00232	0.00332	0.01626	0.00531	0.00465
62	0.01156	0.00991	0.01150	0.00831	0.01321	0.00746	0.00663	0.01403	0.01193	0.01845	0.01301	0.01443	0.05328	0.00485	0.00439	0.00091	0.00416	0.00391	0.00350	0.78458
63	0.00874	0.00613	0.00704	0.00663	0.00856	0.00531	0.00504	0.01068	0.01440	0.07810	0.30038	0.04790	0.45446	0.01292	0.00667	0.00187	0.00299	0.01096	0.00580	0.00542
64	0.02174	0.01602	0.01717	0.01316	0.01774	0.01774	0.01087	0.74423	0.02689	0.03605	0.01373	0.01373	0.00973	0.00687	0.00572	0.00172	0.00629	0.00515	0.00572	0.00973
65	0.02174	0.01602	0.01717	0.01316	0.01774	0.01774	0.01087	0.74423	0.02689	0.03605	0.01373	0.01373	0.00973	0.00687	0.00572	0.00172	0.00629	0.00515	0.00572	0.00973
66	0.04014	0.00681	0.00934	0.00909	0.01031	0.00780	0.00699	0.05061	0.01011	0.01480	0.01520	0.02282	0.01432	0.10640	0.63887	0.00818	0.01355	0.00615	0.00326	0.00526
67	0.00712	0.00518	0.00705	0.03817	0.00950	0.00496	0.00572	0.00822	0.01097	0.01460	0.03070	0.76493	0.03666	0.01745	0.00724	0.00231	0.00349	0.01583	0.00520	0.00471
68	0.02106	0.02547	0.01636	0.01458	0.01759	0.66466	0.01109	0.10038	0.01707	0.01637	0.00932	0.01077	0.00763	0.00616	0.00575	0.00154	0.04012	0.00389	0.00323	0.00695
69	0.01296	0.01284	0.02194	0.24904	0.06352	0.01455	0.23211	0.04606	0.10951	0.01782	0.01199	0.01549	0.00936	0.00651	0.00841	0.00201	0.14956	0.00575	0.00321	0.00736
70	0.02566	0.00973	0.01327	0.01018	0.01460	0.00841	0.00841	0.02788	0.01637	0.76726	0.02257	0.01947	0.01416	0.00708	0.00575	0.00177	0.00487	0.00575	0.00708	0.00973
71	0.01080	0.01017	0.01716	0.78523	0.03940	0.01271	0.01589	0.01461	0.01144	0.01461	0.01017	0.01525	0.00762	0.00572	0.00572	0.00191	0.00762	0.00508	0.00254	0.00635
72	0.00994	0.00497	0.00745	0.00745	0.00745	0.00497	0.00497	0.00745	0.00745	0.00994	0.00994	0.01739	0.00994	0.01987	0.02235	0.83358	0.00497	0.00497	0.00248	0.00248
73	0.01597	0.01315	0.01391	0.01199	0.01554	0.01504	0.00947	0.19554	0.58499	0.02673	0.02107	0.01958	0.01567	0.00755	0.00580	0.00189	0.00494	0.00616	0.00580	0.00921
74	0.00994	0.00497	0.00745	0.00745	0.00745	0.00497	0.00497	0.00745	0.00745	0.00994	0.00994	0.01739	0.00994	0.01987	0.02235	0.83358	0.00497	0.00497	0.00248	0.00248
75	0.83938	0.01106	0.00841	0.00752	0.01106	0.01283	0.00619	0.01681	0.00973	0.02566	0.00796	0.00929	0.00619	0.00531	0.00354	0.00177	0.00442	0.00310	0.00354	0.00619
76	0.01529	0.80242	0.02997	0.00979	0.01468	0.02263	0.00979	0.01713	0.01162	0.01346	0.00795	0.00918	0.00734	0.00489	0.00367	0.00122	0.00612	0.00306	0.00245	0.00734
77	0.01350	0.01543	0.03375	0.02411	0.02989	0.01446	0.74253	0.01832	0.01350	0.01832	0.01157	0.01543	0.00868	0.00482	0.00675	0.00193	0.00964	0.00675	0.00289	0.00771
78	0.01423	0.01229	0.01293	0.01164	0.01487	0.01423	0.00905	0.03039	0.75297	0.02393	0.02328	0.02134	0.01746	0.00776	0.00582	0.00194	0.00453	0.00647	0.00582	0.00905
79	0.01466	0.05592	0.01435	0.01180	0.01505	0.01507	0.00938	0.07271	0.63119	0.02360	0.02108	0.01977	0.01594	0.00766	0.00633	0.00191	0.04312	0.00613	0.00547	0.00886
80	0.00729	0.00520	0.00683	0.00769	0.00823	0.00486	0.00522	0.00860	0.01194	0.01621	0.18972	0.58605	0.04034	0.06297	0.00848	0.00240	0.00332	0.01450	0.00542	0.00474
81	0.01338	0.04407	0.01837	0.08241	0.05563	0.01258	0.16349	0.18593	0.01532	0.02070	0.01700	0.23054	0.01680	0.00933	0.00703	0.00194	0.05428	0.00840	0.00417	0.03864
82	0.83938	0.01106	0.00841	0.00752	0.01106	0.01283	0.00619	0.01681	0.00973	0.02566	0.00796	0.00929	0.00619	0.00531	0.00354	0.00177	0.00442	0.00310	0.00354	0.00619
83	0.00799	0.00546	0.00628	0.00652	0.00669	0.00534	0.00384	0.00825	0.00906	0.01197	0.02278	0.17218	0.06787	0.61447	0.02393	0.00476	0.00499	0.00994	0.00390	0.00376
84	0.00712	0.00510	0.00673	0.00795	0.00842	0.00476	0.00544	0.00816	0.01112	0.01469	0.03263	0.70059	0.08012	0.01765	0.00758	0.01812	0.00342	0.05050	0.00525	0.00465
85	0.01423	0.01229	0.01293	0.01164	0.01487	0.01423	0.00905	0.03039	0.75297	0.02393	0.02328	0.02134	0.01746	0.00776	0.00582	0.00194	0.00453	0.00647	0.00582	0.00905
86	0.01251	0.01251	0.01752	0.01502	0.01502	0.01752	0.01251	0.01377	0.00876	0.01377	0.00751	0.01251	0.00751	0.01001	0.01877	0.00250	0.78851	0.00501	0.00250	0.00626
87	0.00783	0.00539	0.00633	0.00672	0.00694	0.00524	0.00406	0.00821	0.00938	0.01239	0.02439	0.26271	0.06991	0.52116	0.02133	0.00438	0.00473	0.01089	0.00412	0.00390
88	0.00705	0.00501	0.00661	0.00786	0.00817	0.00470	0.00519	0.00799	0.01079	0.01438	0.03067	0.74748	0.03676	0.06715	0.00868	0.00253	0.00346	0.01576	0.00519	0.00457
89	0.01080	0.01017	0.01716	0.78523	0.03940	0.01271	0.01589	0.01461	0.01144	0.01461	0.01017	0.01525	0.00762	0.00572	0.00572	0.00191	0.00762	0.00508	0.00254	0.00635
90	0.01405	0.02436	0.56399	0.05823	0.05411	0.01240	0.01845	0.01962	0.01284	0.15012	0.01245	0.01364	0.00856	0.00573	0.00552	0.00180	0.00771	0.00458	0.00326	0.00859
91	0.01147	0.02959	0.76934	0.01630	0.02476	0.01328	0.02113	0.01811	0.01208	0.01811	0.01026	0.01208	0.00725	0.00543	0.00543	0.00181	0.00845	0.00423	0.00242	0.00845
92	0.00817	0.00613	0.00919	0.00919	0.01021	0.00715	0.00715	0.01021	0.00919	0.01328	0.01532	0.02247	0.01430	0.04290	0.77631	0.00919	0.01532	0.00613	0.00306	0.00511
93	0.83938	0.01106	0.00841	0.00752	0.01106	0.01283	0.00619	0.01681	0.00973	0.02566	0.00796	0.00929	0.00619	0.00531	0.00354	0.00177	0.00442	0.00310	0.00354	0.00619
94	0.01423	0.01229	0.01293	0.01164	0.01487	0.01423	0.00905	0.03039	0.75297	0.02393	0.02328	0.02134	0.01746	0.00776	0.00582	0.00194	0.00453	0.00647	0.00582	0.00905
95	0.00832	0.00555	0.00624	0.00624	0.00624	0.00555	0.00347	0.00832	0.00832	0.01109	0.01802	0.03743	0.02080	0.79898	0.02911	0.00555	0.00555	0.00832	0.00347	0.00347
96	0.02128	0.01721	0.01660	0.01309	0.01732	0.12423	0.01064	0.61562	0.02484	0.03240	0.01322	0.01353	0.00958	0.00672	0.00558	0.00167	0.00673	0.00495	0.03565	0.00913
97	0.00697	0.00498	0.00664	0.00796	0.00830	0.00465	0.00531	0.00796	0.01095	0.01460	0.03153	0.79525	0.03783	0.01792	0.00730	0.00232	0.00332	0.01626	0.00531	0.00465
98	0.02659	0.01057	0.01406	0.01097	0.01543	0.00910	0.00890	0.02844	0.01703	0.75406	0.02353	0.02098	0.01518	0.00785	0.00625	0.00199	0.00527	0.00612	0.00741	0.01029
99	0.01558	0.01488	0.02354	0.03463	0.72097	0.04373	0.01762	0.01852	0.01387	0.01956	0.01187	0.01562	0.01012	0.00593	0.00615	0.00191	0.00730	0.00542	0.00325	0.00953
100	0.02028	0.01533	0.01638	0.01329	0.01738	0.01680	0.01062	0.52994	0.19455	0.03292	0.01794	0.05539	0.01400	0.00839	0.00633	0.00202	0.00612	0.00638	0.00608	0.00988
101	0.01339	0.02925	0.67880	0.01765	0.05529	0.06075	0.02061	0.01913	0.01311	0.01895	0.01139	0.01371	0.00848	0.00625	0.00594	0.00200	0.00884	0.00462	0.00289	0.00894
102	0.01320	0.01239	0.05779	0.01049	0.01361	0.04827	0.00854	0.10933	0.23073	0.02231	0.09424	0.03509	0.29718	0.01100	0.00668	0.00208	0.00493	0.00879	0.00566	0.00767
103	0.60167	0.01299	0.01146	0.00971	0.01361	0.01437	0.00784	0.18694	0.01460	0.02873	0.01063	0.01214	0.00828	0.00643	0.00462	0.00194	0.00527	0.00400	0.00444	0.04032
104	0.01893	0.01398	0.01529	0.01228	0.01611	0.01475	0.00980	0.51783	0.02366	0.03219	0.14259	0.06819	0.02001	0.00898	0.00641	0.00194	0.00576	0.00699	0.00602	0.05831
105	0.07095	0.01825	0.01695	0.01376	0.01794	0.15331	0.01097	0.51967	0.06429	0.03155	0.01417	0.01490	0.01063	0.00742	0.00600	0.00191	0.00718	0.00521	0.00546	0.00948
106	0.01029	0.00716	0.00950	0.01049	0.01177	0.00684	0.00853	0.01220	0.01373	0.03667	0.08987	0.21867	0.03587	0.01631	0.00809	0.00268	0.00503	0.48465	0.00577	0.00589
107	0.02020	0.01377	0.01547	0.03649	0.01724	0.01464	0.01033	0.41993	0.10847	0.13538	0.01930	0.06830	0.01551	0.00894	0.00643	0.00206	0.00599	0.04930	0.02282	0.00943
108	0.06384	0.06019	0.35915	0.01832	0.12519	0.01491	0.06114	0.07723	0.11913	0.02172	0.01348	0.01536	0.01033	0.00656	0.00593	0.00200	0.00755	0.00516	0.00374	0.00907
109	0.00904	0.00698	0.00811	0.00854	0.01025	0.00626	0.00678	0.01065	0.01398	0.01769	0.09759	0.07673	0.41536	0.01548	0.00767	0.00240	0.00420	0.27091	0.00573	0.00567
110	0.00825	0.00591	0.00755	0.00880	0.00924	0.00541	0.00586	0.00891	0.01171	0.01574	0.03232	0.78198	0.03841	0.01848	0.00777	0.00253	0.00376	0.01643	0.00568	0.00530
111	0.01009	0.00845	0.01246	0.06048	0.08439	0.00840	0.06364	0.01154	0.01237	0.01673	0.06256	0.41942	0.10271	0.03668	0.00876	0.00246	0.05547	0.01231	0.00490	0.00617
112	0.02039	0.01346	0.01480	0.01246	0.04597	0.05856	0.00953	0.38380	0.02043	0.21446	0.01667	0.04690	0.01293	0.09306	0.00829	0.00215	0.00600	0.00597	0.00552	0.00865
113	0.01353	0.01535	0.03332	0.02456	0.06002	0.01443	0.71275	0.01829	0.01348	0.01834	0.01154	0.01538	0.00869	0.00483	0.00671	0.00192	0.00953	0.00668	0.00289	0.00777
114	0.00796	0.00568	0.00738	0.00730	0.00847	0.00525	0.00538	0.00999	0.01454	0.02013	0.52788	0.15259	0.10787	0.01346	0.00782	0.05301	0.00302	0.03141	0.00581	0.00506
115	0.01546	0.11673	0.03921	0.01176	0.01542	0.09080	0.03947	0.06667	0.33328	0.07873	0.04846	0.02162	0.06484	0.00769	0.00564	0.00178	0.00562	0.02382	0.00493	0.00809
116	0.01780	0.01973	0.01738	0.01492	0.01705	0.35938	0.03417	0.11836	0.01476	0.01707	0.00909	0.01178	0.00779	0.00756	0.01047	0.00191	0.30620	0.00448	0.00316	0.00695
117	0.00996	0.00669	0.00875	0.00962	0.01106	0.00675	0.00826	0.03905	0.01344	0.01863	0.02741	0.05425	0.02851	0.01369	0.00706	0.00235	0.00480	0.55834	0.16592	0.00544
118	0.01129	0.01073	0.01595	0.40796	0.17715	0.05652	0.01349	0.01433	0.01225	0.01591	0.05992	0.14896	0.01588	0.00804	0.00601	0.00190	0.00658	0.00723	0.00333	0.00657
119	0.01588	0.01296	0.01433	0.01285	0.04347	0.06008	0.03827	0.08846	0.46169	0.09412	0.07771	0.02099	0.01803	0.00759	0.00587	0.00186	0.00521	0.00638	0.00556	0.00869

[dist]
# distance from previous block
# <min> <max>
0	8

[block]
# block no. 2 follows, 41 sequences, length 10
# corresponding to MSA columns:
# 302-311
name=unknown_C
#
# <colnr> <probs for GDERKNQSTAVLIFYWHMCP>
#	G	D	E	R	K	N	Q	S	T	A	V	L	I	F	Y	W	H	M	C	P
0	0.00697	0.00498	0.00664	0.00796	0.00830	0.00465	0.00531	0.00796	0.01095	0.01460	0.03153	0.79525	0.03783	0.01792	0.00730	0.00232	0.00332	0.01626	0.00531	0.00465
1	0.02515	0.01056	0.01379	0.01057	0.01501	0.00964	0.00873	0.12221	0.01776	0.67097	0.02140	0.01871	0.01358	0.00705	0.00575	0.00176	0.00506	0.00567	0.00690	0.00973
2	0.15517	0.00648	0.00737	0.00745	0.00888	0.00644	0.00547	0.01081	0.01316	0.02032	0.35413	0.28932	0.06887	0.01276	0.00636	0.00197	0.00322	0.01111	0.00544	0.00526
3	0.00948	0.00562	0.00734	0.00766	0.00862	0.00529	0.00559	0.01007	0.01118	0.05854	0.05801	0.24345	0.13301	0.01579	0.01099	0.22946	0.00394	0.09172	0.07970	0.00454
4	0.15388	0.00973	0.01180	0.00922	0.01339	0.00882	0.00756	0.02340	0.01443	0.50223	0.01834	0.01695	0.01216	0.00639	0.00509	0.00162	0.00457	0.00499	0.05800	0.11743
5	0.12257	0.01411	0.01034	0.00999	0.01191	0.28705	0.00741	0.01559	0.01306	0.01703	0.05997	0.17663	0.01915	0.06587	0.00717	0.00203	0.00615	0.04070	0.10762	0.00565
6	0.00838	0.00564	0.00688	0.00732	0.00846	0.00506	0.00513	0.00962	0.01207	0.06888	0.07285	0.43228	0.25660	0.06290	0.00831	0.00233	0.00341	0.01347	0.00537	0.00503
7	0.01029	0.00665	0.00768	0.00761	0.00868	0.00699	0.00551	0.07886	0.01241	0.01880	0.02179	0.28128	0.02227	0.10337	0.00906	0.00226	0.04933	0.00931	0.33251	0.00535
8	0.01375	0.01000	0.01157	0.01008	0.01271	0.01033	0.00778	0.23535	0.06085	0.05388	0.02072	0.30065	0.02067	0.01075	0.00657	0.00185	0.03771	0.00909	0.04968	0.11599
9	0.01729	0.00881	0.01075	0.00902	0.01201	0.00835	0.00707	0.11141	0.03594	0.32107	0.05020	0.12198	0.06753	0.05167	0.00704	0.00197	0.00436	0.00763	0.11467	0.03123

[dist]
# distance from previous block
# <min> <max>
12	403

# created by:
# /software/SequenceAnalysis/GenePrediction/augustus/3.0.1/scripts/msa2prfl.pl ./fixed/BUSCOvEOG7K9CRQ.fas
