[name]
unknown

[dist]
# distance from previous block
# <min> <max>
0	100

[block]
# block no. 0 follows, 40 sequences, length 18
# corresponding to MSA columns:
# 114-131
name=unknown_A
#
# <colnr> <probs for GDERKNQSTAVLIFYWHMCP>
#	G	D	E	R	K	N	Q	S	T	A	V	L	I	F	Y	W	H	M	C	P
0	0.00888	0.00634	0.00881	0.01015	0.01127	0.00627	0.00852	0.01120	0.01290	0.01685	0.03106	0.22167	0.03454	0.01653	0.00790	0.00261	0.00493	0.56899	0.00536	0.00522
1	0.00724	0.00517	0.00692	0.00827	0.00867	0.00485	0.00566	0.00836	0.01128	0.01501	0.03197	0.74398	0.03813	0.01808	0.00746	0.00238	0.00350	0.06290	0.00540	0.00476
2	0.01555	0.79913	0.03047	0.00995	0.01493	0.02301	0.00995	0.01741	0.01182	0.01368	0.00808	0.00933	0.00746	0.00498	0.00373	0.00124	0.00622	0.00311	0.00249	0.00746
3	0.01265	0.01245	0.01716	0.01452	0.01510	0.01668	0.01207	0.01407	0.00926	0.01455	0.00794	0.01265	0.00774	0.00952	0.01742	0.00236	0.69708	0.00490	0.00265	0.09923
4	0.01203	0.02752	0.63560	0.01798	0.02610	0.01372	0.14882	0.01845	0.01253	0.01845	0.01067	0.01288	0.00763	0.00541	0.00576	0.00186	0.00881	0.00475	0.00254	0.00846
5	0.01377	0.01555	0.03355	0.02531	0.08226	0.01464	0.68697	0.01857	0.01369	0.01865	0.01171	0.01559	0.00885	0.00492	0.00678	0.00194	0.00960	0.00674	0.00294	0.00794
6	0.00823	0.00594	0.00777	0.00732	0.00869	0.00549	0.00549	0.01097	0.01646	0.02332	0.75629	0.04344	0.05487	0.01189	0.00686	0.00183	0.00274	0.01052	0.00640	0.00549
7	0.01978	0.01509	0.01662	0.01409	0.05592	0.01673	0.01088	0.54373	0.16509	0.03270	0.01622	0.03878	0.01222	0.00740	0.00588	0.00181	0.00599	0.00583	0.00567	0.00957
8	0.01249	0.01444	0.14730	0.01133	0.01714	0.00965	0.06167	0.04300	0.01279	0.01950	0.01059	0.01243	0.00846	0.00467	0.00476	0.00115	0.00554	0.00391	0.00332	0.59586
9	0.01183	0.06361	0.73345	0.01629	0.02472	0.01392	0.02098	0.01837	0.01226	0.01821	0.01033	0.01215	0.00737	0.00550	0.00545	0.00182	0.00849	0.00425	0.00246	0.00854
10	0.01696	0.63045	0.02767	0.01069	0.01560	0.02194	0.01019	0.17310	0.01516	0.01863	0.00935	0.01033	0.00799	0.00541	0.00418	0.00135	0.00626	0.00357	0.00321	0.00799
11	0.01285	0.01010	0.01152	0.03895	0.01392	0.00931	0.00740	0.08173	0.12011	0.02147	0.01502	0.04794	0.01237	0.00614	0.00482	0.00129	0.00435	0.00502	0.14969	0.42601
12	0.48911	0.01153	0.01318	0.24411	0.02145	0.01342	0.04785	0.06412	0.01177	0.02298	0.00936	0.01191	0.00711	0.00560	0.00459	0.00185	0.00589	0.00409	0.00340	0.00666
13	0.02609	0.00990	0.01350	0.01035	0.01484	0.00855	0.00855	0.02834	0.01664	0.76338	0.02294	0.01979	0.01439	0.00720	0.00585	0.00180	0.00495	0.00585	0.00720	0.00990
14	0.01373	0.01569	0.03431	0.02451	0.03039	0.01471	0.73824	0.01863	0.01373	0.01863	0.01176	0.01569	0.00882	0.00490	0.00686	0.00196	0.00980	0.00686	0.00294	0.00784
15	0.00846	0.00564	0.00634	0.00634	0.00634	0.00564	0.00352	0.00846	0.00846	0.01128	0.01832	0.03805	0.02114	0.79563	0.02960	0.00564	0.00564	0.00846	0.00352	0.00352
16	0.00709	0.00506	0.00675	0.00810	0.00843	0.00472	0.00540	0.00810	0.01113	0.01484	0.03205	0.79184	0.03846	0.01822	0.00742	0.00236	0.00337	0.01653	0.00540	0.00472
17	0.00711	0.00590	0.00622	0.00614	0.00800	0.00501	0.00460	0.00880	0.01381	0.01703	0.17986	0.05379	0.63522	0.01424	0.00687	0.00194	0.00291	0.01197	0.00557	0.00501

[dist]
# distance from previous block
# <min> <max>
0	1

[block]
# block no. 1 follows, 40 sequences, length 88
# corresponding to MSA columns:
# 133-220
name=unknown_B
#
# <colnr> <probs for GDERKNQSTAVLIFYWHMCP>
#	G	D	E	R	K	N	Q	S	T	A	V	L	I	F	Y	W	H	M	C	P
0	0.01224	0.01099	0.01586	0.38512	0.02756	0.01102	0.03662	0.01572	0.03175	0.01762	0.01133	0.01493	0.00901	0.00556	0.00543	0.00157	0.00638	0.00468	0.00328	0.37334
1	0.01423	0.01160	0.01261	0.01122	0.01418	0.01282	0.00868	0.09996	0.47967	0.02582	0.21056	0.02718	0.02690	0.00919	0.00640	0.00202	0.00452	0.00762	0.00621	0.00860
2	0.61950	0.06169	0.01142	0.00908	0.01278	0.01439	0.00742	0.04801	0.12455	0.02591	0.01133	0.01234	0.00885	0.00621	0.00432	0.00190	0.00490	0.00396	0.00417	0.00727
3	0.02334	0.01474	0.01649	0.01277	0.01732	0.01555	0.01046	0.53348	0.02445	0.22256	0.01694	0.01645	0.01172	0.00741	0.00603	0.00186	0.00612	0.00558	0.02668	0.01005
4	0.01089	0.05868	0.01500	0.01161	0.01413	0.00929	0.14754	0.05411	0.01530	0.02089	0.33556	0.17113	0.07361	0.02577	0.00736	0.00209	0.00493	0.01033	0.00534	0.00643
5	0.82949	0.01165	0.00898	0.00806	0.01169	0.01334	0.00656	0.01748	0.01028	0.02655	0.00871	0.01029	0.00688	0.00580	0.00387	0.00191	0.00470	0.00335	0.00380	0.00660
6	0.01256	0.01365	0.07026	0.47945	0.07530	0.01379	0.21377	0.01668	0.01270	0.01690	0.01136	0.01608	0.00867	0.00591	0.00633	0.00203	0.00849	0.00576	0.00290	0.00743
7	0.02222	0.02796	0.01684	0.01533	0.01836	0.76540	0.01145	0.02354	0.01680	0.01480	0.00959	0.01132	0.00806	0.00638	0.00550	0.00161	0.01064	0.00395	0.00320	0.00704
8	0.01169	0.01090	0.01781	0.72645	0.03866	0.01353	0.01610	0.01521	0.01183	0.01536	0.01076	0.01612	0.00831	0.00648	0.00690	0.00208	0.05691	0.00535	0.00279	0.00676
9	0.02655	0.01031	0.01388	0.01074	0.01525	0.00889	0.00879	0.02861	0.01697	0.75686	0.02342	0.02054	0.01490	0.00758	0.00610	0.00191	0.00515	0.00603	0.00736	0.01017
10	0.01281	0.02654	0.57125	0.01942	0.05802	0.01407	0.17414	0.01881	0.01299	0.01901	0.01133	0.01391	0.00833	0.00577	0.00607	0.00197	0.00895	0.00508	0.00279	0.00875
11	0.02655	0.01031	0.01388	0.01074	0.01525	0.00889	0.00879	0.02861	0.01697	0.75686	0.02342	0.02054	0.01490	0.00758	0.00610	0.00191	0.00515	0.00603	0.00736	0.01017
12	0.02233	0.01639	0.01752	0.01356	0.01815	0.01799	0.01111	0.71646	0.02721	0.03665	0.01464	0.01495	0.01056	0.00736	0.00603	0.00184	0.00650	0.00543	0.02529	0.01006
13	0.00772	0.00552	0.00720	0.00851	0.00890	0.00510	0.00567	0.00856	0.01151	0.01541	0.03244	0.78528	0.03874	0.01849	0.00766	0.00246	0.00359	0.01661	0.00558	0.00505
14	0.01362	0.02908	0.67462	0.01648	0.02450	0.05785	0.02031	0.01960	0.01312	0.05874	0.01162	0.01340	0.00832	0.00604	0.00578	0.00193	0.00868	0.00454	0.00295	0.00884
15	0.01158	0.01075	0.01779	0.77475	0.04022	0.01322	0.01632	0.01526	0.01200	0.01542	0.01093	0.01629	0.00832	0.00621	0.00606	0.00204	0.00793	0.00535	0.00279	0.00677
16	0.06480	0.01037	0.01365	0.01061	0.01508	0.00910	0.00868	0.02808	0.01665	0.72207	0.02271	0.02005	0.01452	0.00749	0.00599	0.00191	0.00513	0.00590	0.00719	0.01000
17	0.01399	0.01545	0.03261	0.10968	0.03174	0.01479	0.65060	0.01857	0.01384	0.01873	0.01218	0.01645	0.00926	0.00541	0.00698	0.00206	0.00973	0.00684	0.00311	0.00798
18	0.02020	0.06666	0.01650	0.01416	0.01698	0.62821	0.01064	0.02149	0.01559	0.01454	0.01055	0.01378	0.00937	0.05848	0.05571	0.00235	0.01042	0.00437	0.00321	0.00678
19	0.00772	0.00552	0.00720	0.00851	0.00890	0.00510	0.00567	0.00856	0.01151	0.01541	0.03244	0.78528	0.03874	0.01849	0.00766	0.00246	0.00359	0.01661	0.00558	0.00505
20	0.02222	0.02796	0.01684	0.01533	0.01836	0.76540	0.01145	0.02354	0.01680	0.01480	0.00959	0.01132	0.00806	0.00638	0.00550	0.00161	0.01064	0.00395	0.00320	0.00704
21	0.01265	0.01075	0.01246	0.00902	0.01420	0.00810	0.00715	0.01505	0.01242	0.01947	0.01093	0.01288	0.00917	0.00471	0.00457	0.00098	0.00451	0.00365	0.00365	0.82368
22	0.00998	0.00714	0.00980	0.01110	0.01248	0.00705	0.00960	0.01248	0.01374	0.01794	0.03119	0.06591	0.03379	0.01636	0.00826	0.00278	0.00555	0.71364	0.00554	0.00567
23	0.00885	0.00640	0.00821	0.00774	0.00915	0.00586	0.00576	0.01141	0.01679	0.02380	0.74982	0.04396	0.05499	0.01222	0.00710	0.00194	0.00297	0.01065	0.00657	0.00580
24	0.01535	0.49554	0.23392	0.01360	0.05349	0.01985	0.01382	0.06029	0.01329	0.01716	0.00983	0.01151	0.00823	0.00566	0.00472	0.00158	0.00711	0.00387	0.00290	0.00830
25	0.00885	0.00640	0.00821	0.00774	0.00915	0.00586	0.00576	0.01141	0.01679	0.02380	0.74982	0.04396	0.05499	0.01222	0.00710	0.00194	0.00297	0.01065	0.00657	0.00580
26	0.01437	0.01478	0.06608	0.07949	0.56794	0.01455	0.01744	0.01757	0.01288	0.01858	0.01103	0.01492	0.00936	0.00629	0.00772	0.00196	0.10783	0.00530	0.00300	0.00891
27	0.01543	0.00785	0.01032	0.00885	0.01142	0.00698	0.00688	0.01780	0.01685	0.29613	0.47996	0.03526	0.04010	0.01050	0.00673	0.00193	0.00378	0.00894	0.00687	0.00742
28	0.01599	0.74229	0.03094	0.01127	0.01632	0.02269	0.05646	0.01787	0.01231	0.01457	0.00893	0.01058	0.00812	0.00537	0.00420	0.00140	0.00664	0.00355	0.00273	0.00778
29	0.01498	0.01215	0.01403	0.01196	0.01562	0.01288	0.04323	0.02687	0.51374	0.07056	0.05595	0.02234	0.03176	0.00790	0.00605	0.00191	0.00492	0.00658	0.00571	0.12087
30	0.01288	0.15320	0.64132	0.01585	0.02384	0.01532	0.01976	0.01862	0.01257	0.01819	0.01065	0.01263	0.00796	0.00583	0.00549	0.00185	0.00838	0.00430	0.00267	0.00870
31	0.01746	0.20570	0.03348	0.16131	0.02146	0.32087	0.01182	0.05231	0.01474	0.01621	0.01068	0.03615	0.00923	0.00641	0.00529	0.00164	0.00827	0.00452	0.00322	0.05923
32	0.00897	0.00658	0.00718	0.00692	0.00893	0.00561	0.00517	0.01052	0.01431	0.06506	0.17584	0.07438	0.56064	0.01418	0.00706	0.00205	0.00327	0.01181	0.00587	0.00564
33	0.01350	0.02924	0.68057	0.01653	0.02459	0.05789	0.02041	0.01952	0.01309	0.05284	0.01152	0.01334	0.00827	0.00602	0.00577	0.00193	0.00870	0.00453	0.00291	0.00883
34	0.01621	0.20304	0.02580	0.02546	0.38986	0.07471	0.09597	0.06412	0.01445	0.01896	0.01098	0.01380	0.00922	0.00568	0.00561	0.00173	0.00749	0.00496	0.00319	0.00877
35	0.01492	0.01431	0.02458	0.03513	0.70640	0.01416	0.06378	0.01827	0.01363	0.01950	0.01158	0.01527	0.00974	0.00556	0.00608	0.00185	0.00728	0.00548	0.00309	0.00940
36	0.01323	0.01109	0.01277	0.00930	0.01445	0.00870	0.00739	0.05741	0.01332	0.02051	0.01114	0.01299	0.00925	0.00487	0.00466	0.00103	0.00464	0.00375	0.00378	0.77572
37	0.01348	0.27197	0.52780	0.01482	0.02226	0.01679	0.01798	0.01847	0.01250	0.01746	0.01029	0.01217	0.00797	0.00575	0.00521	0.00176	0.00801	0.00412	0.00268	0.00852
38	0.01932	0.29892	0.06237	0.01253	0.01745	0.01944	0.01128	0.38025	0.06205	0.04128	0.01294	0.01356	0.00997	0.00662	0.00531	0.00169	0.00651	0.00469	0.00465	0.00918
39	0.00908	0.00609	0.00680	0.00677	0.00683	0.00601	0.00381	0.00892	0.00886	0.01187	0.01884	0.03863	0.02158	0.78855	0.02962	0.00571	0.00583	0.00861	0.00372	0.00386
40	0.00908	0.00609	0.00680	0.00677	0.00683	0.00601	0.00381	0.00892	0.00886	0.01187	0.01884	0.03863	0.02158	0.78855	0.02962	0.00571	0.00583	0.00861	0.00372	0.00386
41	0.01323	0.01102	0.01188	0.01114	0.01368	0.01231	0.00835	0.02534	0.55334	0.02215	0.02541	0.17196	0.02243	0.05990	0.00795	0.00238	0.00464	0.00879	0.00584	0.00826
42	0.01406	0.01613	0.06700	0.02362	0.04550	0.01441	0.64234	0.01869	0.01391	0.01932	0.01265	0.01661	0.00965	0.00544	0.00686	0.00202	0.00946	0.00680	0.04746	0.00807
43	0.00908	0.00609	0.00680	0.00677	0.00683	0.00601	0.00381	0.00892	0.00886	0.01187	0.01884	0.03863	0.02158	0.78855	0.02962	0.00571	0.00583	0.00861	0.00372	0.00386
44	0.01610	0.79208	0.03070	0.01034	0.01533	0.02321	0.01018	0.01779	0.01218	0.01425	0.00870	0.01018	0.00804	0.00538	0.00400	0.00136	0.00641	0.00332	0.00270	0.00776
45	0.02454	0.00987	0.01324	0.01040	0.01456	0.00854	0.00845	0.02667	0.01695	0.67387	0.10566	0.02319	0.01944	0.00810	0.00621	0.00191	0.00490	0.00655	0.00727	0.00967
46	0.00823	0.00594	0.00777	0.00732	0.00869	0.00549	0.00549	0.01097	0.01646	0.02332	0.75629	0.04344	0.05487	0.01189	0.00686	0.00183	0.00274	0.01052	0.00640	0.00549
47	0.01084	0.00542	0.00542	0.00542	0.00678	0.00542	0.00407	0.01355	0.01220	0.02168	0.01897	0.02168	0.01491	0.00678	0.00407	0.00136	0.00271	0.00542	0.82791	0.00542
48	0.00709	0.00506	0.00675	0.00810	0.00843	0.00472	0.00540	0.00810	0.01113	0.01484	0.03205	0.79184	0.03846	0.01822	0.00742	0.00236	0.00337	0.01653	0.00540	0.00472
49	0.01446	0.01249	0.01315	0.01183	0.01512	0.01446	0.00920	0.03090	0.74885	0.02433	0.02367	0.02170	0.01775	0.00789	0.00592	0.00197	0.00460	0.00657	0.00592	0.00920
50	0.11827	0.00712	0.00728	0.05509	0.01011	0.00762	0.00552	0.05651	0.01275	0.02269	0.01673	0.01926	0.01305	0.00655	0.00422	0.00147	0.00347	0.00510	0.62133	0.00586
51	0.01084	0.00542	0.00542	0.00542	0.00678	0.00542	0.00407	0.01355	0.01220	0.02168	0.01897	0.02168	0.01491	0.00678	0.00407	0.00136	0.00271	0.00542	0.82791	0.00542
52	0.02211	0.01629	0.01745	0.01338	0.01803	0.01803	0.01105	0.73997	0.02734	0.03665	0.01396	0.01396	0.00989	0.00698	0.00582	0.00175	0.00640	0.00524	0.00582	0.00989
53	0.01124	0.01060	0.01791	0.72504	0.09465	0.01299	0.01628	0.01508	0.01175	0.01517	0.01038	0.01542	0.00786	0.00577	0.00581	0.00192	0.00769	0.00517	0.00261	0.00667
54	0.01516	0.72255	0.10366	0.01061	0.01595	0.02206	0.01110	0.01751	0.01186	0.01415	0.00832	0.00962	0.00745	0.00503	0.00391	0.00130	0.00646	0.00323	0.00248	0.00758
55	0.00916	0.00597	0.00775	0.00768	0.00902	0.00544	0.00561	0.01122	0.01454	0.07812	0.41471	0.27778	0.10337	0.01374	0.00696	0.00200	0.00313	0.01218	0.00607	0.00555
56	0.00851	0.00655	0.00775	0.00841	0.00991	0.00592	0.00656	0.01008	0.01334	0.01678	0.04488	0.19714	0.37854	0.01620	0.00765	0.00240	0.00408	0.24429	0.00561	0.00541
57	0.00894	0.00760	0.04274	0.00803	0.00988	0.00622	0.00638	0.01144	0.01616	0.02248	0.60355	0.04464	0.16422	0.01246	0.00709	0.00198	0.00332	0.01068	0.00627	0.00592
58	0.01383	0.01299	0.02168	0.31154	0.48540	0.01384	0.01741	0.01720	0.01308	0.01811	0.01144	0.01579	0.00935	0.00591	0.00608	0.00194	0.00744	0.00541	0.00302	0.00854
59	0.00882	0.00649	0.00807	0.00765	0.00915	0.00587	0.00568	0.01117	0.01645	0.02293	0.65847	0.04570	0.14551	0.01267	0.00715	0.00198	0.00304	0.01091	0.00648	0.00580
60	0.01602	0.74914	0.07025	0.01079	0.01598	0.02275	0.01085	0.01793	0.01229	0.01464	0.00897	0.01053	0.00816	0.00550	0.00416	0.00142	0.00658	0.00343	0.00274	0.00789
61	0.01437	0.01595	0.03358	0.02429	0.02983	0.01523	0.68768	0.01881	0.01387	0.01900	0.01223	0.01648	0.00944	0.00570	0.00787	0.00213	0.05527	0.00697	0.00317	0.00812
62	0.00772	0.00620	0.00671	0.00709	0.00861	0.00531	0.00506	0.00884	0.01305	0.01613	0.05097	0.27846	0.53223	0.01616	0.00733	0.00221	0.00335	0.01370	0.00562	0.00525
63	0.01158	0.00598	0.00599	0.00596	0.00737	0.00587	0.00441	0.01406	0.01264	0.02229	0.01960	0.02258	0.01552	0.00725	0.00439	0.00149	0.00298	0.00565	0.81858	0.00581
64	0.01589	0.01343	0.01765	0.04998	0.01728	0.01708	0.01240	0.15533	0.01357	0.06631	0.01091	0.01480	0.00938	0.01049	0.03515	0.00262	0.52092	0.00543	0.00374	0.00761
65	0.01499	0.01589	0.09757	0.09088	0.53295	0.01439	0.05893	0.06368	0.01437	0.02035	0.01180	0.01530	0.00962	0.00585	0.00611	0.00190	0.00750	0.00542	0.00325	0.00924
66	0.01890	0.02236	0.01736	0.09893	0.02016	0.49163	0.01241	0.02039	0.01445	0.01494	0.00954	0.01262	0.00826	0.00751	0.00910	0.00195	0.20495	0.00448	0.00309	0.00699
67	0.02224	0.02096	0.01777	0.01539	0.05021	0.30513	0.01168	0.42842	0.02288	0.02780	0.01263	0.01365	0.00962	0.00700	0.00590	0.00178	0.00821	0.00490	0.00484	0.00900
68	0.00766	0.00645	0.00645	0.00642	0.00844	0.00537	0.00476	0.00892	0.01369	0.01639	0.05907	0.05646	0.74899	0.01511	0.00717	0.00209	0.00322	0.01242	0.00562	0.00530
69	0.01509	0.01428	0.02396	0.03588	0.75121	0.01417	0.01804	0.01831	0.01368	0.01964	0.01166	0.01537	0.00989	0.00567	0.00606	0.00186	0.00713	0.00541	0.00313	0.00955
70	0.00916	0.00627	0.00727	0.00712	0.00754	0.00605	0.00438	0.00967	0.01100	0.01509	0.20776	0.04014	0.03031	0.58642	0.02381	0.00475	0.00514	0.00918	0.00451	0.00444
71	0.00922	0.00620	0.00690	0.00687	0.00694	0.00609	0.00388	0.00902	0.00895	0.01201	0.01896	0.03876	0.02169	0.78694	0.02963	0.00573	0.00588	0.00865	0.00377	0.00393
72	0.01494	0.01126	0.01186	0.01068	0.01361	0.01248	0.00824	0.05919	0.49686	0.04735	0.02257	0.02218	0.01714	0.00800	0.00574	0.00193	0.00446	0.00641	0.21647	0.00863
73	0.82785	0.01174	0.00908	0.00816	0.01179	0.01341	0.00662	0.01756	0.01037	0.02665	0.00885	0.01049	0.00701	0.00589	0.00393	0.00193	0.00475	0.00340	0.00384	0.00667
74	0.01662	0.74145	0.02986	0.01075	0.01562	0.07087	0.01031	0.01825	0.01256	0.01442	0.00890	0.01044	0.00817	0.00553	0.00416	0.00140	0.00672	0.00340	0.00278	0.00778
75	0.00900	0.00650	0.00831	0.00783	0.00926	0.00594	0.00582	0.01151	0.01686	0.02391	0.74835	0.04408	0.05502	0.01230	0.00715	0.00196	0.00302	0.01068	0.00661	0.00587
76	0.00918	0.00635	0.00767	0.00764	0.00798	0.00651	0.00484	0.00952	0.00918	0.01258	0.01826	0.03487	0.02000	0.59454	0.21972	0.00667	0.00842	0.00808	0.00366	0.00436
77	0.82785	0.01174	0.00908	0.00816	0.01179	0.01341	0.00662	0.01756	0.01037	0.02665	0.00885	0.01049	0.00701	0.00589	0.00393	0.00193	0.00475	0.00340	0.00384	0.00667
78	0.00907	0.00678	0.00987	0.00984	0.01094	0.00770	0.00758	0.01093	0.00983	0.01420	0.01624	0.02373	0.01516	0.04366	0.76398	0.00939	0.01570	0.00645	0.00337	0.00558
79	0.01315	0.01289	0.01652	0.01453	0.01499	0.06363	0.01183	0.01438	0.00995	0.01461	0.01001	0.01554	0.00966	0.01679	0.16366	0.00391	0.57900	0.00546	0.00294	0.00654
80	0.82785	0.01174	0.00908	0.00816	0.01179	0.01341	0.00662	0.01756	0.01037	0.02665	0.00885	0.01049	0.00701	0.00589	0.00393	0.00193	0.00475	0.00340	0.00384	0.00667
81	0.00907	0.00678	0.00987	0.00984	0.01094	0.00770	0.00758	0.01093	0.00983	0.01420	0.01624	0.02373	0.01516	0.04366	0.76398	0.00939	0.01570	0.00645	0.00337	0.00558
82	0.01296	0.01047	0.01200	0.01181	0.01429	0.01146	0.00956	0.02307	0.42339	0.02192	0.02731	0.04154	0.02512	0.01188	0.00713	0.00241	0.00518	0.31472	0.00589	0.00789
83	0.00922	0.00620	0.00690	0.00687	0.00694	0.00609	0.00388	0.00902	0.00895	0.01201	0.01896	0.03876	0.02169	0.78694	0.02963	0.00573	0.00588	0.00865	0.00377	0.00393
84	0.02417	0.01064	0.01343	0.01057	0.01471	0.00976	0.00858	0.11683	0.01782	0.56751	0.02187	0.02022	0.01451	0.00758	0.00592	0.00187	0.00509	0.00594	0.11333	0.00965
85	0.02091	0.20606	0.02015	0.01425	0.01774	0.59090	0.01120	0.02228	0.01580	0.01480	0.00952	0.01125	0.00819	0.00624	0.00521	0.00158	0.00968	0.00384	0.00313	0.00728
86	0.00786	0.00563	0.00730	0.00860	0.00901	0.00519	0.00573	0.00867	0.01159	0.01553	0.03253	0.78379	0.03880	0.01856	0.00771	0.00249	0.00364	0.01663	0.00562	0.00512
87	0.82785	0.01174	0.00908	0.00816	0.01179	0.01341	0.00662	0.01756	0.01037	0.02665	0.00885	0.01049	0.00701	0.00589	0.00393	0.00193	0.00475	0.00340	0.00384	0.00667

[dist]
# distance from previous block
# <min> <max>
0	1

[block]
# block no. 2 follows, 40 sequences, length 6
# corresponding to MSA columns:
# 222-227
name=unknown_C
#
# <colnr> <probs for GDERKNQSTAVLIFYWHMCP>
#	G	D	E	R	K	N	Q	S	T	A	V	L	I	F	Y	W	H	M	C	P
0	0.01317	0.02719	0.64450	0.01652	0.02454	0.01312	0.06896	0.01937	0.01279	0.08908	0.01171	0.01322	0.00813	0.00564	0.00565	0.00185	0.00833	0.00462	0.00294	0.00867
1	0.01189	0.01150	0.01622	0.01415	0.01435	0.01583	0.01170	0.01332	0.00899	0.01390	0.00913	0.01463	0.00893	0.01647	0.16086	0.00382	0.64022	0.00530	0.00265	0.00614
2	0.01466	0.02675	0.47186	0.01587	0.02206	0.17802	0.01761	0.06844	0.01385	0.01829	0.01006	0.01205	0.00760	0.00623	0.00695	0.00184	0.09268	0.00433	0.00281	0.00804
3	0.00840	0.00587	0.00752	0.00752	0.00793	0.00628	0.00499	0.00921	0.00881	0.01215	0.01725	0.03209	0.01855	0.50060	0.32109	0.00709	0.00954	0.00758	0.00336	0.00418
4	0.00810	0.00594	0.00759	0.00718	0.00861	0.00543	0.00539	0.01072	0.01616	0.02260	0.69001	0.04463	0.12160	0.01216	0.00686	0.00184	0.00276	0.01068	0.00631	0.00543
5	0.01166	0.03008	0.76550	0.01657	0.02517	0.01351	0.02149	0.01842	0.01228	0.01842	0.01044	0.01228	0.00737	0.00552	0.00552	0.00184	0.00859	0.00430	0.00246	0.00859

[dist]
# distance from previous block
# <min> <max>
0	173

# created by:
# /software/SequenceAnalysis/GenePrediction/augustus/3.0.1/scripts/msa2prfl.pl ./fixed/BUSCOvEOG7M3BPX.fas
