[name]
unknown

[dist]
# distance from previous block
# <min> <max>
17	173

[block]
# block no. 0 follows, 39 sequences, length 29
# corresponding to MSA columns:
# 184-212
name=unknown_A
#
# <colnr> <probs for GDERKNQSTAVLIFYWHMCP>
#	G	D	E	R	K	N	Q	S	T	A	V	L	I	F	Y	W	H	M	C	P
0	0.01495	0.01353	0.08240	0.01203	0.01564	0.01277	0.01005	0.03751	0.44278	0.07289	0.13905	0.02807	0.07190	0.00955	0.00667	0.00216	0.00510	0.00774	0.00616	0.00903
1	0.07662	0.01380	0.01428	0.01263	0.01621	0.01557	0.00981	0.11066	0.59685	0.02720	0.02269	0.02168	0.01721	0.00846	0.00631	0.00217	0.00528	0.00661	0.00618	0.00976
2	0.01637	0.59675	0.14610	0.01203	0.01770	0.02140	0.01234	0.04679	0.01344	0.01694	0.01013	0.01191	0.00883	0.00598	0.00471	0.00159	0.00700	0.00385	0.00311	0.04303
3	0.01355	0.01135	0.01286	0.00989	0.01459	0.00943	0.00765	0.01772	0.11969	0.02063	0.01411	0.01682	0.01194	0.05122	0.00662	0.00155	0.00490	0.00466	0.00426	0.64654
4	0.04545	0.20944	0.05258	0.04326	0.13350	0.05222	0.04251	0.02194	0.03426	0.22781	0.01646	0.01973	0.01302	0.00745	0.00595	0.00195	0.00680	0.05195	0.00472	0.00900
5	0.01322	0.01135	0.03414	0.03091	0.01690	0.01044	0.13767	0.04786	0.11164	0.04940	0.32600	0.04043	0.03148	0.00947	0.00689	0.00201	0.00544	0.00836	0.00561	0.10077
6	0.00885	0.00687	0.00777	0.00754	0.00931	0.00598	0.00555	0.01058	0.01557	0.02050	0.37023	0.07183	0.40788	0.01437	0.00746	0.00215	0.00334	0.01203	0.00630	0.00587
7	0.01000	0.00676	0.00898	0.06550	0.01227	0.00640	0.00703	0.01100	0.01245	0.06515	0.03111	0.66855	0.03575	0.01740	0.00778	0.00253	0.00428	0.01540	0.00575	0.00590
8	0.07670	0.46403	0.18452	0.01273	0.01832	0.08288	0.01296	0.04932	0.01375	0.01801	0.01026	0.01208	0.00870	0.00616	0.00492	0.00170	0.00745	0.00397	0.00320	0.00837
9	0.00983	0.00607	0.00807	0.00858	0.00975	0.00560	0.00629	0.01149	0.01315	0.10111	0.14492	0.47362	0.06652	0.01586	0.00733	0.00227	0.00373	0.09435	0.00585	0.00560
10	0.00959	0.00599	0.00773	0.00805	0.00929	0.00542	0.00574	0.01117	0.01329	0.10122	0.17470	0.46264	0.13153	0.01555	0.00718	0.00218	0.00343	0.01384	0.00590	0.00557
11	0.01238	0.01293	0.09723	0.00989	0.01542	0.00900	0.00884	0.01641	0.06052	0.01957	0.01142	0.01293	0.00923	0.00476	0.00463	0.00106	0.00489	0.00381	0.00356	0.68152
12	0.00732	0.00520	0.00683	0.00808	0.00840	0.00488	0.00533	0.00827	0.01109	0.01479	0.03142	0.72523	0.03763	0.08363	0.00945	0.00268	0.00362	0.01612	0.00533	0.00470
13	0.01232	0.00676	0.00690	0.00643	0.00819	0.00697	0.00494	0.09556	0.01415	0.02377	0.01871	0.02116	0.01458	0.00691	0.00434	0.00142	0.00318	0.00549	0.73219	0.00603
14	0.05230	0.01209	0.02075	0.45763	0.23953	0.01358	0.08708	0.01645	0.01241	0.01723	0.01072	0.01517	0.00834	0.00562	0.00589	0.00191	0.00769	0.00533	0.00280	0.00749
15	0.07342	0.25678	0.04982	0.01321	0.02879	0.37623	0.01102	0.04086	0.01498	0.07046	0.01007	0.01116	0.00813	0.00583	0.00484	0.00151	0.00830	0.00382	0.00330	0.00748
16	0.00877	0.00668	0.00963	0.00946	0.01029	0.00786	0.00720	0.01052	0.00934	0.01343	0.01571	0.02480	0.01530	0.15085	0.61198	0.00850	0.06478	0.00659	0.00319	0.00511
17	0.00815	0.00604	0.00761	0.00721	0.00870	0.00549	0.00541	0.01074	0.01623	0.02251	0.64436	0.04616	0.16435	0.01254	0.00698	0.00188	0.00282	0.01097	0.00635	0.00549
18	0.01226	0.01155	0.01937	0.43316	0.30278	0.01306	0.01625	0.01583	0.01247	0.01686	0.02983	0.04853	0.01092	0.00647	0.00631	0.00192	0.02610	0.00588	0.00295	0.00751
19	0.02663	0.01162	0.01899	0.50548	0.18198	0.01340	0.03927	0.03988	0.04372	0.03126	0.02461	0.01623	0.00966	0.00601	0.00592	0.00192	0.00740	0.00545	0.00312	0.00746
20	0.00728	0.00535	0.00682	0.00783	0.00851	0.00490	0.00535	0.00853	0.01212	0.01599	0.10021	0.61376	0.14679	0.01743	0.00741	0.00229	0.00331	0.01563	0.00558	0.00490
21	0.01372	0.16425	0.06800	0.23064	0.02460	0.10891	0.08746	0.01665	0.01240	0.01535	0.01323	0.01630	0.06237	0.00705	0.00781	0.00188	0.13423	0.00532	0.00289	0.00695
22	0.00776	0.00596	0.00712	0.00703	0.00855	0.00531	0.00523	0.00990	0.01496	0.01989	0.41174	0.11755	0.31689	0.01385	0.00705	0.00198	0.00298	0.02495	0.00601	0.00528
23	0.01747	0.47397	0.02565	0.01394	0.09960	0.06933	0.01110	0.09863	0.05688	0.06685	0.01118	0.01209	0.00913	0.00570	0.00463	0.00147	0.00653	0.00407	0.00350	0.00828
24	0.01372	0.01761	0.11723	0.02401	0.03031	0.01482	0.65313	0.01892	0.01379	0.01892	0.01181	0.01556	0.00881	0.00506	0.00682	0.00198	0.00983	0.00668	0.00294	0.00806
25	0.00784	0.00541	0.00667	0.00742	0.00761	0.00523	0.00462	0.00840	0.01008	0.01345	0.02624	0.44734	0.03110	0.37043	0.01781	0.00392	0.00448	0.01308	0.00462	0.00425
26	0.00758	0.00554	0.00726	0.00827	0.00898	0.00503	0.00560	0.00872	0.01139	0.01540	0.03098	0.73153	0.03689	0.01749	0.00732	0.00229	0.00350	0.01584	0.00534	0.06505
27	0.01199	0.01027	0.01211	0.00891	0.01374	0.00798	0.00708	0.01449	0.01212	0.01889	0.01171	0.05712	0.01049	0.00536	0.00496	0.00101	0.02505	0.00432	0.00359	0.75882
28	0.01226	0.01051	0.01226	0.00876	0.01401	0.00788	0.00701	0.01489	0.01226	0.01927	0.01051	0.01226	0.00876	0.00438	0.00438	0.00088	0.00438	0.00350	0.00350	0.82832

[dist]
# distance from previous block
# <min> <max>
17	24

[block]
# block no. 1 follows, 39 sequences, length 38
# corresponding to MSA columns:
# 243-280
name=unknown_B
#
# <colnr> <probs for GDERKNQSTAVLIFYWHMCP>
#	G	D	E	R	K	N	Q	S	T	A	V	L	I	F	Y	W	H	M	C	P
0	0.13158	0.07934	0.52182	0.01564	0.05198	0.01398	0.03257	0.01797	0.01212	0.01939	0.01114	0.04690	0.00887	0.00611	0.00533	0.00185	0.00768	0.00477	0.00283	0.00815
1	0.01203	0.00988	0.01163	0.00909	0.01333	0.00814	0.00724	0.06611	0.01359	0.02012	0.04553	0.07744	0.03960	0.00787	0.01907	0.00142	0.00464	0.05520	0.00415	0.57392
2	0.05375	0.01432	0.05258	0.01215	0.01644	0.04237	0.01024	0.25881	0.17396	0.22862	0.03064	0.01795	0.01359	0.00876	0.03658	0.00215	0.00622	0.00572	0.00585	0.00931
3	0.02916	0.00825	0.01099	0.03980	0.05088	0.00832	0.00907	0.01647	0.09755	0.11229	0.11803	0.09588	0.05901	0.01265	0.00711	0.00228	0.00489	0.30508	0.00561	0.00669
4	0.04264	0.66280	0.02843	0.01065	0.01538	0.04339	0.01023	0.06806	0.01307	0.01599	0.00865	0.00999	0.00773	0.00546	0.00461	0.00138	0.03764	0.00341	0.00282	0.00766
5	0.01294	0.01294	0.01811	0.01553	0.01553	0.01811	0.01294	0.01423	0.00906	0.01423	0.00776	0.01294	0.00776	0.01035	0.01941	0.00259	0.78134	0.00518	0.00259	0.00647
6	0.00847	0.00603	0.00807	0.00812	0.00869	0.00657	0.00566	0.00962	0.00918	0.01279	0.01768	0.05832	0.01862	0.36988	0.41807	0.00759	0.01097	0.00771	0.00344	0.00452
7	0.01475	0.38666	0.03136	0.03717	0.02279	0.01876	0.33008	0.01858	0.03718	0.01665	0.01051	0.01299	0.00858	0.00513	0.00535	0.00162	0.00788	0.00503	0.00287	0.02605
8	0.00774	0.00540	0.00685	0.00780	0.00808	0.00518	0.00508	0.00852	0.01058	0.01409	0.02821	0.52449	0.03343	0.25809	0.01456	0.00345	0.00423	0.04487	0.00490	0.00445
9	0.49653	0.05599	0.01377	0.15943	0.01891	0.05162	0.04592	0.04874	0.01186	0.02301	0.00936	0.01159	0.00726	0.00565	0.00446	0.00181	0.00595	0.00395	0.01744	0.00675
10	0.01279	0.27924	0.10551	0.00998	0.01380	0.02635	0.00944	0.01542	0.02921	0.06643	0.02328	0.12249	0.13447	0.05135	0.00690	0.00197	0.00551	0.04778	0.00405	0.03404
11	0.00739	0.00534	0.00699	0.00798	0.00859	0.00494	0.00545	0.00874	0.01234	0.01659	0.15456	0.62461	0.08005	0.01726	0.00742	0.00229	0.00330	0.01556	0.00566	0.00494
12	0.00917	0.00635	0.00811	0.00796	0.00936	0.00598	0.00585	0.01217	0.05411	0.05430	0.46570	0.23323	0.07819	0.01343	0.00703	0.00201	0.00317	0.01191	0.00621	0.00576
13	0.06217	0.11787	0.01610	0.01157	0.05171	0.01184	0.00911	0.02472	0.10504	0.39732	0.01833	0.01709	0.01266	0.00652	0.00534	0.00165	0.00516	0.00517	0.00561	0.11503
14	0.44348	0.01299	0.06616	0.05578	0.15314	0.01274	0.03832	0.01811	0.01174	0.08487	0.01157	0.04721	0.00937	0.00620	0.00482	0.00186	0.00569	0.00477	0.00375	0.00742
15	0.00721	0.00515	0.00686	0.00823	0.00858	0.00480	0.00549	0.00823	0.01132	0.01510	0.03259	0.78831	0.03911	0.01853	0.00755	0.00240	0.00343	0.01681	0.00549	0.00480
16	0.01721	0.04249	0.01624	0.03075	0.07884	0.01472	0.01041	0.35577	0.08607	0.02766	0.01719	0.01783	0.06263	0.00721	0.00613	0.00168	0.03517	0.00561	0.04085	0.12555
17	0.04993	0.01326	0.01737	0.11486	0.05580	0.08863	0.05540	0.01516	0.01096	0.01552	0.01138	0.08634	0.01110	0.01083	0.04611	0.00258	0.37898	0.00622	0.00302	0.00654
18	0.00721	0.00515	0.00686	0.00823	0.00858	0.00480	0.00549	0.00823	0.01132	0.01510	0.03259	0.78831	0.03911	0.01853	0.00755	0.00240	0.00343	0.01681	0.00549	0.00480
19	0.01202	0.02965	0.71943	0.01797	0.06724	0.01375	0.02164	0.01870	0.01254	0.01876	0.01064	0.01261	0.00760	0.00560	0.00563	0.00187	0.00864	0.00442	0.00252	0.00878
20	0.01186	0.03059	0.76153	0.01686	0.02560	0.01373	0.02185	0.01873	0.01249	0.01873	0.01061	0.01249	0.00749	0.00562	0.00562	0.00187	0.00874	0.00437	0.00250	0.00874
21	0.00730	0.00519	0.00683	0.00811	0.00843	0.00487	0.00536	0.00826	0.01113	0.01484	0.03162	0.73574	0.03788	0.07278	0.00913	0.00264	0.00359	0.01624	0.00536	0.00472
22	0.01492	0.42332	0.02483	0.04189	0.01647	0.02071	0.01150	0.05725	0.01178	0.01541	0.00848	0.01131	0.00781	0.00722	0.00994	0.00182	0.30119	0.00413	0.00275	0.00726
23	0.00733	0.00525	0.00698	0.00815	0.00861	0.00489	0.00550	0.00856	0.01192	0.01605	0.11211	0.70608	0.04096	0.01782	0.00748	0.00234	0.00336	0.01614	0.00560	0.00489
24	0.01073	0.00712	0.00895	0.00808	0.01001	0.00674	0.00619	0.04508	0.04641	0.08720	0.59082	0.04058	0.08598	0.01145	0.00680	0.00187	0.00323	0.00999	0.00648	0.00628
25	0.00845	0.00631	0.00939	0.00939	0.01040	0.00733	0.00725	0.01049	0.00947	0.01364	0.01595	0.02382	0.01504	0.07280	0.74063	0.00936	0.01546	0.00642	0.00318	0.00522
26	0.54728	0.08427	0.01308	0.07902	0.09668	0.01384	0.00881	0.01709	0.01091	0.02329	0.00939	0.01141	0.00747	0.00554	0.00414	0.00176	0.00520	0.00374	0.05026	0.00681
27	0.00824	0.00604	0.00772	0.00730	0.00875	0.00552	0.00547	0.01090	0.01642	0.02297	0.68516	0.04541	0.12327	0.01237	0.00698	0.00187	0.00281	0.01087	0.00641	0.00552
28	0.01422	0.01362	0.02325	0.12562	0.66922	0.01394	0.01794	0.01778	0.01327	0.01881	0.01105	0.01477	0.00919	0.00535	0.00586	0.00178	0.00713	0.00527	0.00289	0.00903
29	0.13800	0.51901	0.02696	0.01192	0.01678	0.05417	0.09649	0.04741	0.01282	0.01738	0.00896	0.01053	0.00768	0.00524	0.00431	0.00147	0.00670	0.00374	0.00292	0.00753
30	0.01102	0.00551	0.00551	0.00551	0.00689	0.00551	0.00413	0.01378	0.01240	0.02205	0.01929	0.02205	0.01516	0.00689	0.00413	0.00138	0.00276	0.00551	0.82500	0.00551
31	0.83394	0.01144	0.00869	0.00778	0.01144	0.01327	0.00640	0.01738	0.01006	0.02653	0.00823	0.00961	0.00640	0.00549	0.00366	0.00183	0.00457	0.00320	0.00366	0.00640
32	0.00953	0.00681	0.00953	0.01089	0.01225	0.00681	0.00953	0.01225	0.01361	0.01770	0.03131	0.06671	0.03403	0.01634	0.00817	0.00272	0.00545	0.71547	0.00545	0.00545
33	0.02209	0.02819	0.01676	0.01524	0.01828	0.76843	0.01143	0.02361	0.01676	0.01447	0.00914	0.01066	0.00762	0.00609	0.00533	0.00152	0.01066	0.00381	0.00305	0.00686
34	0.00860	0.00573	0.00645	0.00645	0.00645	0.00573	0.00358	0.00860	0.00860	0.01147	0.01863	0.03870	0.02150	0.79217	0.03010	0.00573	0.00573	0.00860	0.00358	0.00358
35	0.01186	0.03059	0.76153	0.01686	0.02560	0.01373	0.02185	0.01873	0.01249	0.01873	0.01061	0.01249	0.00749	0.00562	0.00562	0.00187	0.00874	0.00437	0.00250	0.00874
36	0.02690	0.00555	0.00819	0.04606	0.00943	0.00570	0.00571	0.00829	0.00809	0.01097	0.01136	0.01857	0.02678	0.01939	0.02150	0.75149	0.00521	0.00527	0.00266	0.00290
37	0.02153	0.02539	0.01696	0.01556	0.04260	0.60570	0.01152	0.11886	0.05440	0.01819	0.01063	0.01184	0.00852	0.00630	0.00546	0.00159	0.00969	0.00420	0.00357	0.00749

[dist]
# distance from previous block
# <min> <max>
0	1

[block]
# block no. 2 follows, 39 sequences, length 22
# corresponding to MSA columns:
# 282-303
name=unknown_C
#
# <colnr> <probs for GDERKNQSTAVLIFYWHMCP>
#	G	D	E	R	K	N	Q	S	T	A	V	L	I	F	Y	W	H	M	C	P
0	0.00860	0.00573	0.00645	0.00645	0.00645	0.00573	0.00358	0.00860	0.00860	0.01147	0.01863	0.03870	0.02150	0.79217	0.03010	0.00573	0.00573	0.00860	0.00358	0.00358
1	0.01037	0.01366	0.16161	0.06529	0.01744	0.07072	0.09084	0.01324	0.01233	0.01620	0.02250	0.43157	0.02476	0.01257	0.00681	0.00215	0.00611	0.01139	0.00422	0.00623
2	0.00854	0.00584	0.00666	0.00677	0.00704	0.00576	0.00413	0.00888	0.00939	0.01233	0.02297	0.04240	0.08148	0.66772	0.02649	0.00519	0.00549	0.06519	0.00389	0.00385
3	0.01471	0.01270	0.01337	0.01203	0.01538	0.01471	0.00936	0.03142	0.74459	0.02474	0.02407	0.02206	0.01805	0.00802	0.00602	0.00201	0.00468	0.00669	0.00602	0.00936
4	0.01080	0.16095	0.01448	0.01069	0.03434	0.03750	0.00835	0.01308	0.02856	0.01419	0.01469	0.04810	0.01405	0.06825	0.46436	0.00655	0.03586	0.00607	0.00319	0.00594
5	0.01153	0.01115	0.01934	0.66408	0.03836	0.01360	0.08235	0.01541	0.01186	0.01541	0.01048	0.01562	0.00798	0.00609	0.00680	0.00201	0.05317	0.00541	0.00266	0.00669
6	0.01581	0.79572	0.03099	0.01012	0.01518	0.02340	0.01012	0.01771	0.01202	0.01391	0.00822	0.00949	0.00759	0.00506	0.00379	0.00126	0.00632	0.00316	0.00253	0.00759
7	0.01102	0.00551	0.00551	0.00551	0.00689	0.00551	0.00413	0.01378	0.01240	0.02205	0.01929	0.02205	0.01516	0.00689	0.00413	0.00138	0.00276	0.00551	0.82500	0.00551
8	0.01989	0.02024	0.14372	0.10363	0.02448	0.06907	0.04322	0.04448	0.01676	0.02387	0.05243	0.05943	0.01907	0.01434	0.04305	0.00367	0.22740	0.00814	0.05252	0.01058
9	0.02892	0.02076	0.02146	0.01774	0.02254	0.06302	0.01359	0.53381	0.02856	0.12473	0.02178	0.02449	0.01716	0.01173	0.00892	0.00309	0.00885	0.00758	0.00808	0.01319
10	0.01495	0.01076	0.01236	0.01326	0.01429	0.00940	0.00879	0.01392	0.01589	0.02193	0.03727	0.70856	0.04245	0.02186	0.01039	0.00365	0.00607	0.01775	0.00770	0.00873
11	0.03109	0.01532	0.01840	0.01540	0.02008	0.01333	0.01168	0.03233	0.07952	0.62086	0.02914	0.02940	0.02109	0.01201	0.00898	0.00316	0.00746	0.00820	0.00922	0.01333
12	0.05255	0.01820	0.05444	0.04697	0.08495	0.06327	0.06330	0.02912	0.07842	0.37728	0.02492	0.02722	0.01898	0.01141	0.00892	0.00315	0.00858	0.00790	0.00778	0.01262
13	0.02063	0.01045	0.01265	0.01047	0.01424	0.01041	0.00840	0.02799	0.26923	0.41883	0.02312	0.02102	0.01588	0.00751	0.00576	0.00184	0.00465	0.00615	0.10146	0.00929
14	0.00753	0.00577	0.00694	0.00729	0.00845	0.00535	0.00519	0.00901	0.01241	0.01610	0.13383	0.26811	0.30442	0.08173	0.09714	0.00327	0.00481	0.01252	0.00520	0.00493
15	0.01408	0.01374	0.02177	0.17075	0.55362	0.05076	0.01694	0.01755	0.01347	0.01850	0.04415	0.01597	0.01109	0.00573	0.00589	0.00179	0.00717	0.00544	0.00304	0.00856
16	0.02059	0.01015	0.01317	0.01137	0.03894	0.00962	0.00882	0.14039	0.01775	0.41917	0.08991	0.11269	0.02142	0.00946	0.00635	0.00194	0.00498	0.04798	0.00655	0.00876
17	0.01218	0.00681	0.00699	0.00651	0.00818	0.00701	0.00492	0.09692	0.01392	0.02308	0.01866	0.02228	0.01500	0.06090	0.00613	0.00172	0.00339	0.00570	0.67377	0.00591
18	0.01448	0.01230	0.01876	0.09562	0.19551	0.01482	0.02830	0.01674	0.01151	0.10188	0.01197	0.05330	0.01055	0.00864	0.01241	0.00222	0.37416	0.00591	0.00337	0.00754
19	0.01521	0.01382	0.01289	0.01168	0.01476	0.10845	0.00902	0.02840	0.56835	0.02314	0.02164	0.02063	0.01641	0.00765	0.00571	0.00187	0.00521	0.00619	0.10038	0.00860
20	0.00779	0.00577	0.00749	0.00830	0.00921	0.00516	0.00567	0.00900	0.01143	0.01558	0.03004	0.69853	0.03560	0.01689	0.00718	0.00223	0.00354	0.01527	0.00526	0.10007
21	0.01452	0.01436	0.02580	0.03442	0.63571	0.01420	0.13628	0.01828	0.01355	0.01926	0.01126	0.01485	0.00930	0.00522	0.00604	0.00180	0.00751	0.00555	0.00294	0.00914

[dist]
# distance from previous block
# <min> <max>
4	219

# created by:
# /software/SequenceAnalysis/GenePrediction/augustus/3.0.1/scripts/msa2prfl.pl ./fixed/BUSCOvEOG79W3VH.fas
