[name]
unknown

[dist]
# distance from previous block
# <min> <max>
0	135

[block]
# block no. 0 follows, 40 sequences, length 14
# corresponding to MSA columns:
# 142-155
name=unknown_A
#
# <colnr> <probs for GDERKNQSTAVLIFYWHMCP>
#	G	D	E	R	K	N	Q	S	T	A	V	L	I	F	Y	W	H	M	C	P
0	0.00819	0.00591	0.00796	0.00905	0.01002	0.00568	0.00710	0.01013	0.01276	0.01685	0.10349	0.35844	0.07724	0.01646	0.00761	0.00243	0.00416	0.32596	0.00548	0.00509
1	0.07699	0.01254	0.01941	0.06303	0.46534	0.01263	0.01441	0.02068	0.05781	0.17917	0.01404	0.01568	0.01055	0.00582	0.00563	0.00177	0.00621	0.00526	0.00403	0.00901
2	0.48141	0.01499	0.14857	0.01234	0.01703	0.01288	0.13258	0.01717	0.01126	0.02274	0.01102	0.01568	0.00918	0.00622	0.00486	0.00191	0.00620	0.06364	0.00343	0.00689
3	0.01539	0.01270	0.01389	0.05879	0.01695	0.01460	0.00981	0.10689	0.60628	0.04462	0.02178	0.02043	0.01620	0.00765	0.00590	0.00194	0.00500	0.00632	0.00574	0.00913
4	0.01379	0.16682	0.28856	0.01843	0.02503	0.01601	0.31330	0.05637	0.01358	0.01858	0.01073	0.01322	0.00812	0.00524	0.00576	0.00177	0.00853	0.00518	0.00284	0.00814
5	0.01271	0.11544	0.18775	0.27538	0.07838	0.01515	0.12067	0.03151	0.01230	0.01670	0.01017	0.01370	0.00792	0.00586	0.00674	0.00186	0.07263	0.00496	0.00268	0.00751
6	0.01480	0.65175	0.17133	0.01122	0.01689	0.02119	0.01216	0.01761	0.01190	0.01459	0.00854	0.00989	0.00744	0.00508	0.00408	0.00136	0.00667	0.00334	0.00248	0.00768
7	0.01734	0.01130	0.01501	0.01108	0.01593	0.00983	0.06879	0.09015	0.01497	0.24005	0.01446	0.01484	0.01044	0.00562	0.00549	0.00136	0.02475	0.00466	0.00472	0.41923
8	0.07784	0.14877	0.53871	0.01440	0.02175	0.01463	0.01759	0.01883	0.01232	0.06916	0.01074	0.01210	0.00778	0.00554	0.00511	0.00174	0.00765	0.00413	0.00287	0.00832
9	0.02193	0.01195	0.01420	0.01139	0.01558	0.01218	0.00925	0.17429	0.22940	0.40254	0.02132	0.01915	0.01444	0.00735	0.00586	0.00184	0.00514	0.00593	0.00655	0.00970
10	0.00814	0.00579	0.00703	0.00685	0.00774	0.00546	0.00466	0.00969	0.01302	0.01786	0.39166	0.07076	0.10927	0.29969	0.01522	0.00326	0.00385	0.01016	0.00521	0.00468
11	0.00733	0.00517	0.00667	0.00778	0.00805	0.00489	0.00506	0.00816	0.01065	0.01420	0.02956	0.65497	0.03532	0.15937	0.01145	0.00296	0.00378	0.01507	0.00506	0.00451
12	0.00761	0.00586	0.00696	0.00681	0.00834	0.00520	0.00506	0.00973	0.01481	0.01970	0.42881	0.10320	0.32995	0.01347	0.00691	0.00192	0.00287	0.01165	0.00593	0.00520
13	0.01380	0.01548	0.03315	0.02572	0.10943	0.01461	0.66012	0.01854	0.01367	0.01867	0.01168	0.01555	0.00887	0.00493	0.00674	0.00194	0.00949	0.00668	0.00293	0.00799

[dist]
# distance from previous block
# <min> <max>
0	46

[block]
# block no. 1 follows, 40 sequences, length 28
# corresponding to MSA columns:
# 202-229
name=unknown_B
#
# <colnr> <probs for GDERKNQSTAVLIFYWHMCP>
#	G	D	E	R	K	N	Q	S	T	A	V	L	I	F	Y	W	H	M	C	P
0	0.00845	0.00680	0.00721	0.00719	0.00903	0.00578	0.00525	0.00971	0.01433	0.01797	0.16206	0.10999	0.58378	0.01522	0.00742	0.00220	0.00342	0.01258	0.00594	0.00566
1	0.01211	0.01024	0.01435	0.03959	0.01551	0.01090	0.09398	0.06880	0.09823	0.01930	0.04145	0.37434	0.04140	0.01347	0.00907	0.00243	0.11130	0.01140	0.00513	0.00698
2	0.02172	0.01564	0.01834	0.01435	0.01879	0.01656	0.06546	0.56009	0.02472	0.09289	0.01706	0.07446	0.01348	0.00850	0.00655	0.00204	0.00671	0.00665	0.00606	0.00993
3	0.01499	0.01466	0.04915	0.14713	0.61187	0.01429	0.01805	0.01821	0.01372	0.01947	0.01208	0.01619	0.01011	0.00614	0.00629	0.00199	0.00748	0.00555	0.00326	0.00937
4	0.01863	0.01431	0.01587	0.04996	0.01798	0.01451	0.01009	0.40738	0.05528	0.02931	0.01454	0.01664	0.01145	0.04297	0.00699	0.00191	0.00612	0.00530	0.00523	0.25553
5	0.01443	0.01411	0.02620	0.02105	0.07969	0.01331	0.43058	0.07148	0.01546	0.02128	0.08042	0.06090	0.01731	0.00795	0.00720	0.00216	0.00816	0.05750	0.00420	0.04661
6	0.01053	0.00761	0.00901	0.02315	0.01042	0.00745	0.00619	0.05753	0.04660	0.01806	0.13464	0.29862	0.03201	0.27027	0.01484	0.00349	0.00485	0.02143	0.00529	0.01801
7	0.01971	0.01275	0.01468	0.01150	0.01604	0.01201	0.00916	0.22716	0.07361	0.21368	0.01769	0.04826	0.01352	0.00749	0.00593	0.00174	0.00549	0.00576	0.00576	0.27804
8	0.05194	0.01336	0.01578	0.14411	0.02066	0.01409	0.01096	0.30368	0.07447	0.12170	0.01666	0.05336	0.01301	0.00861	0.02168	0.00212	0.00646	0.00607	0.00541	0.09587
9	0.03248	0.01956	0.27472	0.02171	0.21264	0.01325	0.12470	0.02000	0.01401	0.11498	0.01356	0.01596	0.01026	0.00629	0.00622	0.00197	0.00778	0.00542	0.00380	0.08070
10	0.08481	0.24152	0.07271	0.01334	0.01729	0.28935	0.01147	0.02041	0.01411	0.05204	0.01064	0.01271	0.00899	0.00684	0.00655	0.00180	0.08234	0.00420	0.00347	0.04542
11	0.02750	0.14347	0.14191	0.25870	0.07191	0.01455	0.01410	0.07317	0.05322	0.12805	0.01283	0.01465	0.00939	0.00599	0.00540	0.00176	0.00686	0.00484	0.00368	0.00806
12	0.08672	0.02098	0.38617	0.01524	0.02201	0.01228	0.13572	0.01858	0.01265	0.08432	0.01153	0.01321	0.00833	0.00535	0.00540	0.00169	0.00740	0.00462	0.00322	0.14458
13	0.20167	0.18002	0.17786	0.01317	0.01849	0.01506	0.12042	0.02725	0.01195	0.03506	0.00977	0.01171	0.00770	0.00544	0.00547	0.00164	0.04615	0.00416	0.00306	0.10395
14	0.01396	0.01338	0.02283	0.12975	0.66866	0.01370	0.01763	0.01747	0.01304	0.01848	0.01086	0.01453	0.00903	0.00526	0.00576	0.00175	0.00701	0.00518	0.00284	0.00886
15	0.00894	0.00656	0.00817	0.00777	0.00941	0.00613	0.00578	0.01226	0.06638	0.03690	0.48456	0.15697	0.10310	0.01235	0.00674	0.00188	0.00311	0.01087	0.00600	0.04612
16	0.00761	0.00554	0.00716	0.00757	0.00851	0.00510	0.00537	0.00946	0.01379	0.01888	0.37348	0.38604	0.09990	0.01499	0.00712	0.00208	0.00305	0.01339	0.00587	0.00510
17	0.01010	0.00505	0.00758	0.00758	0.00758	0.00505	0.00505	0.00758	0.00758	0.01010	0.01010	0.01768	0.01010	0.02020	0.02273	0.83081	0.00505	0.00505	0.00253	0.00253
18	0.01756	0.01301	0.01433	0.04810	0.01670	0.01455	0.00976	0.27406	0.35801	0.08342	0.01930	0.01858	0.01411	0.00735	0.00574	0.00184	0.00527	0.00591	0.06331	0.00910
19	0.83671	0.01125	0.00855	0.00765	0.01125	0.01305	0.00630	0.01709	0.00990	0.02609	0.00810	0.00945	0.00630	0.00540	0.00360	0.00180	0.00450	0.00315	0.00360	0.00630
20	0.01010	0.00508	0.00739	0.00741	0.00753	0.00507	0.00498	0.00807	0.00802	0.01113	0.01126	0.03358	0.01106	0.01908	0.02092	0.74740	0.00483	0.00531	0.06899	0.00280
21	0.00805	0.00547	0.00646	0.00686	0.00696	0.00537	0.00407	0.00835	0.00924	0.01232	0.02235	0.25893	0.02622	0.56783	0.02310	0.00468	0.00497	0.01082	0.00407	0.00388
22	0.01229	0.00747	0.00768	0.00715	0.00909	0.00796	0.00549	0.06753	0.14809	0.02321	0.01948	0.02114	0.01508	0.00699	0.00453	0.00150	0.00331	0.00562	0.61997	0.00643
23	0.01118	0.00575	0.00579	0.00566	0.00712	0.00581	0.00428	0.03573	0.01266	0.02214	0.01882	0.02144	0.01475	0.00678	0.00412	0.00137	0.00282	0.00541	0.80281	0.00556
24	0.00917	0.00750	0.00828	0.00781	0.00989	0.00741	0.00594	0.01468	0.19176	0.02038	0.28817	0.04343	0.33932	0.01211	0.00664	0.00192	0.00328	0.01030	0.00587	0.00614
25	0.05195	0.01160	0.01033	0.00945	0.01089	0.16557	0.00669	0.04718	0.01176	0.07032	0.01537	0.02609	0.01544	0.39707	0.09157	0.00437	0.03874	0.00655	0.00372	0.00536
26	0.70953	0.01107	0.00961	0.06594	0.01370	0.01267	0.00722	0.01783	0.01057	0.08457	0.00946	0.01073	0.00706	0.00557	0.00395	0.00181	0.00478	0.00352	0.00381	0.00660
27	0.01626	0.62191	0.08028	0.01122	0.01614	0.14159	0.01097	0.01841	0.01259	0.01410	0.00839	0.00972	0.00746	0.00518	0.00410	0.00133	0.00707	0.00329	0.00257	0.00743

[dist]
# distance from previous block
# <min> <max>
0	1

[block]
# block no. 2 follows, 40 sequences, length 6
# corresponding to MSA columns:
# 231-236
name=unknown_C
#
# <colnr> <probs for GDERKNQSTAVLIFYWHMCP>
#	G	D	E	R	K	N	Q	S	T	A	V	L	I	F	Y	W	H	M	C	P
0	0.05014	0.22603	0.21134	0.01320	0.01876	0.08271	0.01325	0.27590	0.01780	0.02362	0.01086	0.01184	0.00826	0.00594	0.00506	0.00162	0.00719	0.00423	0.00376	0.00851
1	0.00821	0.00616	0.00798	0.00855	0.00940	0.00641	0.00607	0.01091	0.08034	0.01514	0.02697	0.41941	0.06136	0.08444	0.21539	0.00445	0.00694	0.01199	0.00469	0.00519
2	0.00781	0.00623	0.00977	0.00990	0.01085	0.00582	0.08587	0.00925	0.01142	0.01526	0.02982	0.70661	0.03521	0.01676	0.00736	0.00232	0.00408	0.01547	0.00513	0.00507
3	0.01215	0.09804	0.49528	0.11976	0.02586	0.01470	0.06565	0.01755	0.01201	0.01719	0.01009	0.01269	0.00754	0.00580	0.00643	0.00185	0.06239	0.00452	0.00251	0.00799
4	0.01556	0.01261	0.01381	0.01340	0.07255	0.05144	0.00962	0.14195	0.37127	0.06793	0.02167	0.14567	0.01848	0.00909	0.00610	0.00195	0.00519	0.00770	0.00551	0.00850
5	0.00847	0.00571	0.00746	0.00775	0.00882	0.00524	0.00553	0.01030	0.01377	0.05439	0.33985	0.39639	0.08473	0.01481	0.00708	0.00209	0.00316	0.01323	0.00591	0.00531

[dist]
# distance from previous block
# <min> <max>
0	1

[block]
# block no. 3 follows, 40 sequences, length 73
# corresponding to MSA columns:
# 238-310
name=unknown_D
#
# <colnr> <probs for GDERKNQSTAVLIFYWHMCP>
#	G	D	E	R	K	N	Q	S	T	A	V	L	I	F	Y	W	H	M	C	P
0	0.01760	0.01281	0.01446	0.01118	0.01571	0.01264	0.00918	0.34543	0.04551	0.08511	0.01497	0.01788	0.01183	0.00675	0.00545	0.00151	0.00540	0.05826	0.00505	0.30328
1	0.07658	0.04346	0.50493	0.01829	0.13852	0.01336	0.03092	0.01793	0.01224	0.01903	0.01029	0.01236	0.00769	0.00535	0.00530	0.00174	0.00767	0.00430	0.00269	0.06734
2	0.07972	0.65934	0.02714	0.01007	0.01476	0.04837	0.00966	0.01847	0.05951	0.01536	0.00913	0.01018	0.00804	0.00523	0.00392	0.00134	0.00613	0.00336	0.00281	0.00746
3	0.00837	0.00560	0.00637	0.00646	0.00648	0.00558	0.00364	0.00843	0.00863	0.01151	0.01921	0.08682	0.02226	0.74534	0.02816	0.00543	0.00549	0.00898	0.00364	0.00360
4	0.01283	0.01080	0.01174	0.01075	0.01349	0.01217	0.00827	0.02573	0.56515	0.02353	0.16023	0.07555	0.02598	0.00930	0.00619	0.00197	0.00418	0.00795	0.00597	0.00822
5	0.01142	0.00648	0.00705	0.00670	0.00829	0.00678	0.00515	0.07530	0.01306	0.02171	0.01802	0.02120	0.01442	0.01242	0.12171	0.00261	0.00499	0.00553	0.63138	0.00577
6	0.00727	0.00517	0.00679	0.00790	0.00829	0.00485	0.00526	0.00833	0.01130	0.01517	0.08264	0.67968	0.03828	0.07838	0.00911	0.00258	0.00351	0.01547	0.00532	0.00468
7	0.01206	0.01034	0.01206	0.00861	0.01378	0.00775	0.00689	0.01464	0.01206	0.01895	0.01034	0.01206	0.00861	0.00431	0.00431	0.00086	0.00431	0.00345	0.00345	0.83118
8	0.00709	0.00506	0.00675	0.00810	0.00843	0.00472	0.00540	0.00810	0.01113	0.01484	0.03205	0.79184	0.03846	0.01822	0.00742	0.00236	0.00337	0.01653	0.00540	0.00472
9	0.00835	0.00559	0.00637	0.00648	0.00651	0.00557	0.00367	0.00843	0.00867	0.01155	0.01939	0.09683	0.02249	0.73501	0.02787	0.00538	0.00546	0.00909	0.00367	0.00362
10	0.09853	0.00589	0.00666	0.00733	0.00814	0.00589	0.00498	0.01006	0.01077	0.01669	0.02512	0.46047	0.02830	0.13374	0.00983	0.00263	0.00373	0.01195	0.14448	0.00483
11	0.01944	0.01017	0.01242	0.01012	0.01367	0.01002	0.00814	0.12652	0.12735	0.36192	0.15957	0.02381	0.02190	0.00813	0.00593	0.00179	0.00455	0.00672	0.05916	0.00868
12	0.06046	0.02174	0.01611	0.04966	0.05356	0.47674	0.01126	0.11813	0.01644	0.01806	0.01022	0.01233	0.00838	0.00902	0.06328	0.00220	0.03764	0.00429	0.00338	0.00712
13	0.83671	0.01125	0.00855	0.00765	0.01125	0.01305	0.00630	0.01709	0.00990	0.02609	0.00810	0.00945	0.00630	0.00540	0.00360	0.00180	0.00450	0.00315	0.00360	0.00630
14	0.02317	0.01013	0.01368	0.07046	0.01675	0.00921	0.00906	0.02647	0.06256	0.60467	0.02110	0.01903	0.01368	0.00693	0.00574	0.00175	0.00510	0.00567	0.00649	0.06836
15	0.01238	0.07769	0.64909	0.01747	0.07933	0.01405	0.02024	0.01849	0.01240	0.03183	0.01055	0.01239	0.00764	0.00549	0.00543	0.00179	0.00825	0.00432	0.00258	0.00859
16	0.17498	0.05223	0.01532	0.01168	0.01585	0.04999	0.00959	0.36026	0.13111	0.10065	0.01468	0.01446	0.01061	0.00670	0.00529	0.00176	0.00580	0.00493	0.00526	0.00885
17	0.01398	0.01570	0.01139	0.01136	0.01297	0.36397	0.00820	0.01526	0.01357	0.01451	0.02067	0.39884	0.02312	0.01340	0.03365	0.00221	0.00714	0.01018	0.00419	0.00568
18	0.01589	0.01320	0.01395	0.01212	0.01567	0.01513	0.00955	0.16341	0.61401	0.02663	0.02185	0.02025	0.01628	0.00772	0.00590	0.00193	0.00494	0.00632	0.00590	0.00933
19	0.02308	0.07083	0.01505	0.01081	0.01501	0.06529	0.00893	0.11873	0.01765	0.50100	0.07684	0.01943	0.01595	0.00728	0.00572	0.00173	0.00546	0.00578	0.00630	0.00914
20	0.00719	0.00551	0.00663	0.00747	0.00851	0.00495	0.00535	0.00851	0.01212	0.01538	0.04214	0.45432	0.31059	0.01672	0.00726	0.00224	0.00337	0.07152	0.00540	0.00484
21	0.00774	0.00592	0.00709	0.00680	0.00839	0.00528	0.00510	0.01002	0.01530	0.02057	0.50438	0.04796	0.30849	0.01291	0.00686	0.00188	0.00282	0.01115	0.00604	0.00528
22	0.52932	0.01336	0.06963	0.03136	0.22149	0.01329	0.01085	0.01736	0.01104	0.02332	0.00911	0.01116	0.00722	0.00536	0.00439	0.00179	0.00554	0.00384	0.00329	0.00729
23	0.03164	0.02882	0.01456	0.01206	0.01581	0.01525	0.00962	0.21772	0.49382	0.06445	0.02048	0.01910	0.01510	0.00751	0.00580	0.00189	0.00512	0.00606	0.00585	0.00933
24	0.01010	0.00505	0.00758	0.00758	0.00758	0.00505	0.00505	0.00758	0.00758	0.01010	0.01010	0.01768	0.01010	0.02020	0.02273	0.83081	0.00505	0.00505	0.00253	0.00253
25	0.00818	0.00552	0.00642	0.00669	0.00676	0.00545	0.00390	0.00838	0.00899	0.01199	0.02108	0.18947	0.02462	0.63946	0.02514	0.00498	0.00518	0.01008	0.00390	0.00376
26	0.01324	0.01602	0.08469	0.02287	0.02859	0.01400	0.63011	0.01810	0.01360	0.01852	0.01315	0.01933	0.01064	0.00582	0.00686	0.00201	0.00937	0.06230	0.00309	0.00770
27	0.01406	0.01394	0.03765	0.19396	0.37888	0.01413	0.16752	0.07367	0.01407	0.01938	0.01121	0.01483	0.00883	0.00541	0.00600	0.00183	0.00769	0.00552	0.00305	0.00837
28	0.01616	0.01195	0.01319	0.01165	0.01504	0.01330	0.00925	0.07450	0.54783	0.12529	0.02348	0.02423	0.01797	0.00835	0.00606	0.00199	0.00482	0.05985	0.00604	0.00905
29	0.00846	0.00564	0.00634	0.00634	0.00634	0.00564	0.00352	0.00846	0.00846	0.01128	0.01832	0.03805	0.02114	0.79563	0.02960	0.00564	0.00564	0.00846	0.00352	0.00352
30	0.01555	0.79913	0.03047	0.00995	0.01493	0.02301	0.00995	0.01741	0.01182	0.01368	0.00808	0.00933	0.00746	0.00498	0.00373	0.00124	0.00622	0.00311	0.00249	0.00746
31	0.01084	0.00542	0.00542	0.00542	0.00678	0.00542	0.00407	0.01355	0.01220	0.02168	0.01897	0.02168	0.01491	0.00678	0.00407	0.00136	0.00271	0.00542	0.82791	0.00542
32	0.01219	0.00932	0.00955	0.02792	0.01116	0.08964	0.00701	0.07394	0.01288	0.01909	0.01583	0.01978	0.01317	0.01860	0.25108	0.00402	0.03285	0.00547	0.36059	0.00592
33	0.00862	0.00565	0.00638	0.00635	0.00656	0.00561	0.00372	0.00903	0.00936	0.01299	0.07591	0.03725	0.02330	0.67542	0.02591	0.00502	0.00519	0.00839	0.06551	0.00382
34	0.24753	0.01408	0.01534	0.08018	0.07578	0.01578	0.01065	0.40153	0.03790	0.03013	0.01202	0.01306	0.00884	0.00632	0.00520	0.00178	0.00598	0.00468	0.00469	0.00852
35	0.01367	0.01275	0.01308	0.08394	0.01667	0.11789	0.00860	0.08038	0.01392	0.01901	0.01295	0.10131	0.01189	0.00652	0.00508	0.00131	0.00560	0.00531	0.00373	0.46640
36	0.00709	0.00506	0.00675	0.00810	0.00843	0.00472	0.00540	0.00810	0.01113	0.01484	0.03205	0.79184	0.03846	0.01822	0.00742	0.00236	0.00337	0.01653	0.00540	0.00472
37	0.01893	0.05158	0.13560	0.01309	0.04354	0.01095	0.06543	0.04174	0.05357	0.36303	0.07514	0.01888	0.01518	0.00679	0.00575	0.00174	0.00583	0.00575	0.00534	0.06214
38	0.00689	0.00583	0.00595	0.00605	0.00790	0.00490	0.00449	0.00833	0.01310	0.01565	0.05699	0.10863	0.70558	0.01498	0.00691	0.00199	0.00298	0.01258	0.00540	0.00490
39	0.02189	0.02263	0.01691	0.01427	0.01800	0.43630	0.01115	0.34250	0.02132	0.02422	0.01120	0.01203	0.00856	0.00643	0.00550	0.00161	0.00867	0.00441	0.00425	0.00814
40	0.02143	0.01244	0.01665	0.01263	0.01709	0.01226	0.07735	0.22257	0.01834	0.36196	0.01703	0.01648	0.01155	0.00679	0.00661	0.00174	0.05564	0.00546	0.00571	0.10026
41	0.01020	0.00774	0.00907	0.05819	0.01135	0.00821	0.00628	0.06484	0.12757	0.01688	0.06037	0.14595	0.07823	0.33884	0.02819	0.00365	0.00514	0.00927	0.00456	0.00547
42	0.02002	0.07320	0.01662	0.01362	0.01694	0.49377	0.01056	0.12288	0.10505	0.01885	0.01183	0.01274	0.00938	0.00633	0.00525	0.00157	0.00859	0.00433	0.04102	0.00746
43	0.00709	0.00506	0.00675	0.00810	0.00843	0.00472	0.00540	0.00810	0.01113	0.01484	0.03205	0.79184	0.03846	0.01822	0.00742	0.00236	0.00337	0.01653	0.00540	0.00472
44	0.01962	0.01608	0.02007	0.01541	0.02001	0.07025	0.16143	0.40215	0.11558	0.07674	0.01498	0.01544	0.01080	0.00661	0.00601	0.00180	0.00707	0.00568	0.00512	0.00915
45	0.01010	0.00505	0.00758	0.00758	0.00758	0.00505	0.00505	0.00758	0.00758	0.01010	0.01010	0.01768	0.01010	0.02020	0.02273	0.83081	0.00505	0.00505	0.00253	0.00253
46	0.00867	0.00619	0.00856	0.00991	0.01094	0.00609	0.00815	0.01083	0.01269	0.01662	0.03118	0.28906	0.03500	0.01673	0.00784	0.00258	0.00475	0.50369	0.00537	0.00516
47	0.02502	0.00969	0.01323	0.01037	0.01467	0.00843	0.00860	0.02730	0.01644	0.71566	0.02344	0.02272	0.01562	0.00776	0.00599	0.00186	0.00497	0.05155	0.00708	0.00961
48	0.02609	0.00990	0.01350	0.01035	0.01484	0.00855	0.00855	0.02834	0.01664	0.76338	0.02294	0.01979	0.01439	0.00720	0.00585	0.00180	0.00495	0.00585	0.00720	0.00990
49	0.00865	0.00618	0.00855	0.00989	0.01091	0.00607	0.00812	0.01081	0.01268	0.01660	0.03119	0.29382	0.03504	0.01674	0.00784	0.00258	0.00473	0.49908	0.00537	0.00516
50	0.01010	0.00505	0.00758	0.00758	0.00758	0.00505	0.00505	0.00758	0.00758	0.01010	0.01010	0.01768	0.01010	0.02020	0.02273	0.83081	0.00505	0.00505	0.00253	0.00253
51	0.01531	0.01291	0.01362	0.01200	0.01544	0.01486	0.00941	0.10910	0.66928	0.02569	0.02260	0.02084	0.01688	0.00779	0.00591	0.00195	0.00480	0.00643	0.00591	0.00928
52	0.28813	0.05270	0.01321	0.01018	0.01417	0.13079	0.00831	0.02334	0.01418	0.36860	0.01518	0.01445	0.01033	0.00631	0.00492	0.00172	0.00574	0.00450	0.00513	0.00811
53	0.01107	0.00586	0.00610	0.00596	0.00741	0.00599	0.00452	0.03904	0.01255	0.02168	0.01857	0.02148	0.01470	0.00917	0.05384	0.00189	0.00367	0.00547	0.74548	0.00556
54	0.01534	0.01630	0.06876	0.02398	0.33366	0.09334	0.02781	0.09702	0.01387	0.01902	0.01013	0.01336	0.00854	0.00687	0.00943	0.00195	0.22438	0.00499	0.00310	0.00817
55	0.01264	0.00781	0.01020	0.01004	0.01234	0.00745	0.00838	0.01616	0.07123	0.15149	0.06421	0.09233	0.06113	0.01286	0.00706	0.00224	0.00479	0.37647	0.00565	0.06551
56	0.01488	0.45231	0.21887	0.05073	0.01886	0.01866	0.01334	0.01811	0.01208	0.06864	0.00984	0.01137	0.00796	0.00566	0.00545	0.00156	0.05720	0.00385	0.00282	0.00781
57	0.01518	0.01430	0.06619	0.05111	0.04488	0.01551	0.07715	0.20677	0.08756	0.02255	0.01267	0.01515	0.01002	0.00766	0.00991	0.00202	0.25083	0.00542	0.07726	0.00786
58	0.06642	0.01259	0.01326	0.06926	0.01565	0.12969	0.00969	0.13996	0.01373	0.01858	0.01261	0.01697	0.01091	0.02280	0.33858	0.00509	0.08889	0.00528	0.00350	0.00653
59	0.00908	0.00720	0.00851	0.00839	0.01046	0.00680	0.00674	0.01286	0.09510	0.01879	0.17139	0.04919	0.28231	0.01302	0.00689	0.00206	0.00388	0.21180	0.00548	0.07004
60	0.01991	0.01071	0.01670	0.06865	0.05558	0.01012	0.12385	0.02372	0.06267	0.42361	0.04536	0.01968	0.01447	0.00681	0.00590	0.00181	0.00574	0.00610	0.06986	0.00874
61	0.01730	0.01351	0.07110	0.01265	0.01637	0.04874	0.04677	0.03475	0.24123	0.23324	0.01822	0.01825	0.01330	0.00994	0.06213	0.00244	0.09157	0.00576	0.00508	0.03766
62	0.01215	0.01016	0.01114	0.01066	0.01302	0.01140	0.00801	0.02373	0.51702	0.02135	0.02630	0.26372	0.02426	0.01114	0.00639	0.00209	0.00422	0.00970	0.00575	0.00780
63	0.01242	0.02554	0.55859	0.02191	0.22992	0.01359	0.02047	0.01826	0.01255	0.01858	0.01058	0.01287	0.00788	0.00543	0.00559	0.00181	0.00812	0.00454	0.00257	0.00877
64	0.00814	0.00561	0.00695	0.00762	0.00794	0.00550	0.00507	0.00890	0.01013	0.01343	0.02488	0.29490	0.02888	0.41266	0.01878	0.00407	0.00483	0.12305	0.00444	0.00421
65	0.00886	0.00676	0.00804	0.00827	0.00959	0.00671	0.00596	0.06257	0.06807	0.01751	0.07067	0.39376	0.19270	0.04223	0.06741	0.00282	0.00458	0.01267	0.00528	0.00551
66	0.00968	0.00520	0.00726	0.00726	0.00726	0.00520	0.00466	0.00780	0.00780	0.01040	0.01218	0.02284	0.01290	0.21654	0.02447	0.62188	0.00520	0.00591	0.00278	0.00278
67	0.02090	0.01569	0.01678	0.01314	0.01758	0.01747	0.01076	0.62850	0.14076	0.03471	0.01549	0.01518	0.01113	0.00712	0.00583	0.00178	0.00612	0.00545	0.00583	0.00978
68	0.00791	0.00570	0.00749	0.00753	0.00862	0.00527	0.00546	0.01017	0.01498	0.02096	0.55431	0.25216	0.05029	0.01365	0.00702	0.00198	0.00292	0.01219	0.00612	0.00527
69	0.01206	0.01034	0.01206	0.00861	0.01378	0.00775	0.00689	0.01464	0.01206	0.01895	0.01034	0.01206	0.00861	0.00431	0.00431	0.00086	0.00431	0.00345	0.00345	0.83118
70	0.01222	0.00684	0.00788	0.00729	0.00911	0.00698	0.00565	0.01568	0.06556	0.10538	0.09042	0.02548	0.06649	0.01078	0.06295	0.00217	0.03194	0.00652	0.45446	0.00619
71	0.01828	0.01697	0.14123	0.01463	0.06595	0.02612	0.01246	0.40242	0.07577	0.07588	0.01592	0.07964	0.01266	0.00763	0.00590	0.00183	0.00638	0.00614	0.00509	0.00910
72	0.01311	0.01030	0.01217	0.00874	0.01386	0.00781	0.00701	0.01567	0.01240	0.07472	0.01128	0.01264	0.00905	0.00452	0.00442	0.00093	0.00435	0.00363	0.00373	0.76965

[dist]
# distance from previous block
# <min> <max>
1	2

[block]
# block no. 4 follows, 40 sequences, length 18
# corresponding to MSA columns:
# 313-330
name=unknown_E
#
# <colnr> <probs for GDERKNQSTAVLIFYWHMCP>
#	G	D	E	R	K	N	Q	S	T	A	V	L	I	F	Y	W	H	M	C	P
0	0.00746	0.00533	0.00718	0.00853	0.00903	0.00505	0.00605	0.00875	0.01150	0.01527	0.03184	0.67240	0.03764	0.01786	0.00752	0.00241	0.00370	0.13225	0.00539	0.00483
1	0.01466	0.53005	0.12201	0.01400	0.01963	0.01999	0.17331	0.01781	0.01230	0.01537	0.00919	0.01111	0.00775	0.00503	0.00465	0.00148	0.00731	0.00409	0.00258	0.00769
2	0.00733	0.00591	0.00653	0.00637	0.00814	0.00510	0.00478	0.00923	0.01434	0.01828	0.29463	0.05173	0.51967	0.01377	0.00687	0.00192	0.00288	0.01168	0.00574	0.00510
3	0.01763	0.01349	0.01443	0.01180	0.01556	0.01483	0.00949	0.44832	0.18507	0.03002	0.02275	0.06733	0.10551	0.00881	0.00607	0.00186	0.00539	0.00708	0.00576	0.00881
4	0.00833	0.00615	0.00896	0.00896	0.00986	0.00706	0.00679	0.01014	0.00923	0.01321	0.01593	0.02481	0.01539	0.14067	0.67670	0.00887	0.01429	0.00652	0.00317	0.00498
5	0.02180	0.01153	0.01483	0.01177	0.01602	0.01143	0.04601	0.09629	0.22406	0.44794	0.02172	0.01957	0.01463	0.00726	0.00592	0.00185	0.00524	0.00605	0.00649	0.00960
6	0.00756	0.00601	0.00685	0.00689	0.00861	0.00529	0.00533	0.00954	0.01418	0.01807	0.25217	0.05362	0.46967	0.01409	0.00701	0.00201	0.00319	0.09912	0.00568	0.00513
7	0.01469	0.13709	0.01955	0.01439	0.01568	0.14712	0.01204	0.01610	0.01065	0.01399	0.00793	0.01182	0.00758	0.00866	0.01435	0.00216	0.53244	0.00455	0.00261	0.00660
8	0.01547	0.01128	0.01314	0.00962	0.01462	0.00957	0.00779	0.13741	0.01518	0.11374	0.01250	0.01333	0.00954	0.00511	0.00475	0.00112	0.00474	0.00404	0.00430	0.59276
9	0.01277	0.14298	0.47094	0.01756	0.02493	0.01525	0.19933	0.01832	0.01257	0.01775	0.01041	0.01268	0.00775	0.00529	0.00559	0.00178	0.00854	0.00476	0.00258	0.00823
10	0.01555	0.79913	0.03047	0.00995	0.01493	0.02301	0.00995	0.01741	0.01182	0.01368	0.00808	0.00933	0.00746	0.00498	0.00373	0.00124	0.00622	0.00311	0.00249	0.00746
11	0.02052	0.00870	0.01151	0.00924	0.01287	0.00755	0.00748	0.02274	0.01616	0.53892	0.15021	0.02862	0.12139	0.00900	0.00616	0.00183	0.00431	0.00749	0.00682	0.00849
12	0.01380	0.01175	0.01880	0.02448	0.41799	0.01188	0.05091	0.10413	0.01376	0.01912	0.01330	0.09234	0.01235	0.00943	0.00909	0.15321	0.00631	0.00638	0.00343	0.00756
13	0.02013	0.09469	0.24527	0.01228	0.01802	0.01176	0.01267	0.02433	0.04641	0.42897	0.01767	0.01653	0.01170	0.00649	0.00554	0.00176	0.00618	0.00513	0.00522	0.00923
14	0.00709	0.00506	0.00675	0.00810	0.00843	0.00472	0.00540	0.00810	0.01113	0.01484	0.03205	0.79184	0.03846	0.01822	0.00742	0.00236	0.00337	0.01653	0.00540	0.00472
15	0.01010	0.00505	0.00758	0.00758	0.00758	0.00505	0.00505	0.00758	0.00758	0.01010	0.01010	0.01768	0.01010	0.02020	0.02273	0.83081	0.00505	0.00505	0.00253	0.00253
16	0.01601	0.35741	0.07364	0.18360	0.02207	0.15392	0.01245	0.08769	0.01414	0.01658	0.00947	0.01156	0.00776	0.00558	0.00479	0.00153	0.00750	0.00397	0.00292	0.00742
17	0.06277	0.01643	0.01686	0.01325	0.01748	0.06156	0.01087	0.60776	0.04120	0.03335	0.01327	0.01364	0.00963	0.00703	0.00636	0.00178	0.04700	0.00507	0.00537	0.00932

[dist]
# distance from previous block
# <min> <max>
0	17

[block]
# block no. 5 follows, 40 sequences, length 47
# corresponding to MSA columns:
# 348-394
name=unknown_F
#
# <colnr> <probs for GDERKNQSTAVLIFYWHMCP>
#	G	D	E	R	K	N	Q	S	T	A	V	L	I	F	Y	W	H	M	C	P
0	0.00774	0.00593	0.00710	0.00680	0.00839	0.00528	0.00510	0.01003	0.01531	0.02059	0.50585	0.04794	0.30702	0.01291	0.00686	0.00188	0.00282	0.01115	0.00604	0.00528
1	0.07247	0.20782	0.01649	0.01059	0.01410	0.01563	0.00877	0.02472	0.44472	0.02126	0.01881	0.05108	0.01513	0.00738	0.00518	0.00177	0.00485	0.00584	0.04521	0.00818
2	0.01218	0.01223	0.02440	0.01812	0.02245	0.01134	0.47177	0.01575	0.01325	0.04959	0.02285	0.07973	0.15079	0.05813	0.00831	0.00222	0.00760	0.00861	0.00379	0.00689
3	0.01254	0.02795	0.66087	0.01784	0.08111	0.01382	0.02054	0.06433	0.01331	0.01962	0.01070	0.01255	0.00767	0.00559	0.00556	0.00183	0.00832	0.00442	0.00270	0.00872
4	0.01196	0.08915	0.70904	0.01607	0.02438	0.01424	0.02060	0.01834	0.01224	0.01805	0.01026	0.01205	0.00737	0.00548	0.00539	0.00180	0.00841	0.00421	0.00246	0.00851
5	0.00823	0.00594	0.00777	0.00732	0.00869	0.00549	0.00549	0.01097	0.01646	0.02332	0.75629	0.04344	0.05487	0.01189	0.00686	0.00183	0.00274	0.01052	0.00640	0.00549
6	0.01578	0.50966	0.06264	0.01175	0.01664	0.01941	0.06623	0.02066	0.13943	0.06923	0.01222	0.01284	0.00983	0.00566	0.00459	0.00149	0.00624	0.00425	0.00345	0.00802
7	0.01016	0.00674	0.00906	0.09783	0.01302	0.00680	0.00711	0.05249	0.01281	0.07439	0.05406	0.51594	0.03039	0.01425	0.00677	0.00214	0.00410	0.01274	0.06353	0.00569
8	0.00829	0.00557	0.00639	0.00655	0.00659	0.00553	0.00375	0.00841	0.00878	0.01171	0.01998	0.12897	0.02323	0.70187	0.02692	0.00524	0.00536	0.00943	0.00375	0.00367
9	0.00913	0.00653	0.00883	0.00994	0.01116	0.00647	0.00842	0.01143	0.01282	0.01661	0.03095	0.06191	0.07287	0.10495	0.01043	0.00297	0.00525	0.59906	0.00515	0.00512
10	0.01530	0.34937	0.10336	0.01617	0.07239	0.04316	0.16888	0.07454	0.07071	0.01822	0.01101	0.01271	0.00885	0.00544	0.00511	0.00160	0.00731	0.00464	0.00315	0.00808
11	0.27606	0.00813	0.00735	0.00675	0.00908	0.00884	0.00532	0.07085	0.01263	0.02425	0.01510	0.01717	0.01176	0.00635	0.00405	0.00153	0.00357	0.00468	0.50050	0.00605
12	0.00726	0.00519	0.00695	0.00830	0.00871	0.00487	0.00570	0.00840	0.01131	0.01504	0.03195	0.73605	0.03808	0.01805	0.00747	0.00239	0.00353	0.07058	0.00539	0.00477
13	0.01046	0.01141	0.12826	0.01501	0.14709	0.00940	0.01128	0.02672	0.01134	0.01664	0.01519	0.02216	0.01363	0.02516	0.38600	0.00555	0.01099	0.05113	0.07604	0.00655
14	0.02010	0.01562	0.01626	0.01296	0.01709	0.05378	0.01055	0.56323	0.11207	0.03228	0.01501	0.01541	0.01108	0.00987	0.06508	0.00235	0.00709	0.00540	0.00548	0.00929
15	0.01272	0.01272	0.01781	0.01527	0.01527	0.01781	0.01272	0.01399	0.00891	0.01399	0.00763	0.01272	0.00763	0.01018	0.01908	0.00254	0.78499	0.00509	0.00254	0.00636
16	0.00846	0.00564	0.00634	0.00634	0.00634	0.00564	0.00352	0.00846	0.00846	0.01128	0.01832	0.03805	0.02114	0.79563	0.02960	0.00564	0.00564	0.00846	0.00352	0.00352
17	0.01056	0.00944	0.01327	0.01198	0.01237	0.01240	0.00958	0.01198	0.00902	0.01348	0.01189	0.01955	0.01184	0.11703	0.30241	0.00546	0.40337	0.00592	0.00288	0.00558
18	0.01098	0.01034	0.01744	0.78165	0.04005	0.01292	0.01615	0.01486	0.01163	0.01486	0.01034	0.01550	0.00775	0.00581	0.00581	0.00194	0.00775	0.00517	0.00258	0.00646
19	0.01272	0.01272	0.01781	0.01527	0.01527	0.01781	0.01272	0.01399	0.00891	0.01399	0.00763	0.01272	0.00763	0.01018	0.01908	0.00254	0.78499	0.00509	0.00254	0.00636
20	0.00846	0.00564	0.00634	0.00634	0.00634	0.00564	0.00352	0.00846	0.00846	0.01128	0.01832	0.03805	0.02114	0.79563	0.02960	0.00564	0.00564	0.00846	0.00352	0.00352
21	0.01312	0.01251	0.02130	0.31507	0.48996	0.01348	0.01721	0.01673	0.01264	0.01745	0.01071	0.01481	0.00866	0.00542	0.00578	0.00181	0.00722	0.00518	0.00277	0.00818
22	0.00708	0.00581	0.00624	0.00632	0.00803	0.00497	0.00467	0.00867	0.01346	0.01664	0.14980	0.13431	0.58440	0.01473	0.00693	0.00199	0.00296	0.01250	0.00553	0.00497
23	0.01319	0.14970	0.07249	0.01414	0.01575	0.04063	0.01255	0.01500	0.00990	0.01424	0.00834	0.01254	0.00792	0.01047	0.05203	0.00257	0.53460	0.00471	0.00257	0.00666
24	0.00709	0.00506	0.00675	0.00810	0.00843	0.00472	0.00540	0.00810	0.01113	0.01484	0.03205	0.79184	0.03846	0.01822	0.00742	0.00236	0.00337	0.01653	0.00540	0.00472
25	0.02138	0.01546	0.01677	0.01286	0.01751	0.01676	0.01059	0.63630	0.04470	0.06947	0.01438	0.01431	0.01022	0.00683	0.00571	0.00169	0.00614	0.00517	0.00572	0.06804
26	0.02609	0.00990	0.01350	0.01035	0.01484	0.00855	0.00855	0.02834	0.01664	0.76338	0.02294	0.01979	0.01439	0.00720	0.00585	0.00180	0.00495	0.00585	0.00720	0.00990
27	0.27766	0.01209	0.01168	0.01049	0.01388	0.01401	0.00827	0.02648	0.51232	0.02489	0.01868	0.01778	0.01409	0.00709	0.00518	0.00192	0.00457	0.00548	0.00518	0.00827
28	0.01234	0.01274	0.06631	0.51046	0.06111	0.01375	0.07141	0.05786	0.06930	0.01746	0.01159	0.01554	0.00875	0.00612	0.00646	0.00194	0.04126	0.00535	0.00305	0.00721
29	0.00709	0.00506	0.00675	0.00810	0.00843	0.00472	0.00540	0.00810	0.01113	0.01484	0.03205	0.79184	0.03846	0.01822	0.00742	0.00236	0.00337	0.01653	0.00540	0.00472
30	0.01091	0.00950	0.00960	0.00891	0.01071	0.09909	0.00671	0.05149	0.06844	0.02221	0.50851	0.09409	0.05466	0.01117	0.00659	0.00184	0.00405	0.00964	0.00583	0.00606
31	0.01261	0.01248	0.02293	0.36220	0.24099	0.01338	0.19193	0.01658	0.01261	0.01716	0.01111	0.01542	0.00864	0.00544	0.00600	0.00187	0.00786	0.00559	0.02764	0.00755
32	0.00810	0.00594	0.00759	0.00718	0.00861	0.00543	0.00538	0.01072	0.01615	0.02258	0.68846	0.04466	0.12316	0.01216	0.00686	0.00184	0.00276	0.01069	0.00630	0.00543
33	0.02241	0.01579	0.01715	0.01315	0.01779	0.01730	0.01086	0.68495	0.02651	0.09284	0.01466	0.01441	0.01024	0.00700	0.00582	0.00175	0.00629	0.00528	0.00592	0.00989
34	0.01535	0.01293	0.01365	0.01201	0.01546	0.01488	0.00942	0.11292	0.66539	0.02575	0.02255	0.02080	0.01684	0.00778	0.00591	0.00195	0.00481	0.00642	0.00591	0.00928
35	0.05284	0.01304	0.01501	0.01147	0.01609	0.01313	0.00945	0.36486	0.02090	0.29578	0.01652	0.01565	0.01122	0.00666	0.00555	0.00166	0.00554	0.00515	0.00593	0.11355
36	0.00767	0.00565	0.00718	0.00736	0.00849	0.00516	0.00531	0.00968	0.01430	0.01953	0.42607	0.28476	0.14869	0.01432	0.00704	0.00202	0.00297	0.01269	0.00594	0.00516
37	0.28418	0.01002	0.01147	0.00925	0.01322	0.00975	0.00759	0.02340	0.01447	0.47016	0.07489	0.01831	0.01493	0.00698	0.00521	0.00180	0.00463	0.00534	0.00598	0.00840
38	0.02096	0.01546	0.01653	0.01287	0.01726	0.01714	0.01057	0.64950	0.08238	0.03496	0.01496	0.01494	0.01074	0.00704	0.00574	0.00174	0.00608	0.00535	0.04616	0.00962
39	0.02609	0.00990	0.01350	0.01035	0.01484	0.00855	0.00855	0.02834	0.01664	0.76338	0.02294	0.01979	0.01439	0.00720	0.00585	0.00180	0.00495	0.00585	0.00720	0.00990
40	0.01313	0.01299	0.01922	0.02024	0.19629	0.01684	0.01397	0.01493	0.00996	0.01521	0.00844	0.01313	0.00802	0.00896	0.01584	0.00235	0.59570	0.00511	0.00263	0.00705
41	0.01295	0.01047	0.01191	0.01069	0.01283	0.01226	0.00836	0.05685	0.36060	0.02163	0.06601	0.02229	0.01778	0.05123	0.05239	0.00255	0.12016	0.00644	0.13514	0.00746
42	0.07486	0.55810	0.02554	0.01065	0.01526	0.08107	0.00988	0.09710	0.04990	0.01762	0.00956	0.01054	0.00815	0.00545	0.00418	0.00139	0.00638	0.00356	0.00314	0.00767
43	0.83671	0.01125	0.00855	0.00765	0.01125	0.01305	0.00630	0.01709	0.00990	0.02609	0.00810	0.00945	0.00630	0.00540	0.00360	0.00180	0.00450	0.00315	0.00360	0.00630
44	0.01345	0.01284	0.02174	0.18008	0.59085	0.01331	0.01701	0.01691	0.01293	0.01807	0.01262	0.01617	0.03699	0.00566	0.00581	0.00178	0.00692	0.00544	0.00292	0.00851
45	0.00720	0.00594	0.00634	0.00636	0.00821	0.00509	0.00484	0.00891	0.01370	0.01684	0.15218	0.05481	0.62040	0.01442	0.00694	0.00199	0.00305	0.05223	0.00553	0.00501
46	0.01439	0.01382	0.02360	0.03569	0.75936	0.01382	0.01785	0.01785	0.01324	0.01900	0.01094	0.01439	0.00921	0.00518	0.00576	0.00173	0.00691	0.00518	0.00288	0.00921

[dist]
# distance from previous block
# <min> <max>
0	24

# created by:
# /software/SequenceAnalysis/GenePrediction/augustus/3.0.1/scripts/msa2prfl.pl ./fixed/BUSCOvEOG7D54BP.fas
