[name]
unknown

[dist]
# distance from previous block
# <min> <max>
2	126

[block]
# block no. 0 follows, 40 sequences, length 20
# corresponding to MSA columns:
# 126-145
name=unknown_A
#
# <colnr> <probs for GDERKNQSTAVLIFYWHMCP>
#	G	D	E	R	K	N	Q	S	T	A	V	L	I	F	Y	W	H	M	C	P
0	0.00846	0.00564	0.00634	0.00634	0.00634	0.00564	0.00352	0.00846	0.00846	0.01128	0.01832	0.03805	0.02114	0.79563	0.02960	0.00564	0.00564	0.00846	0.00352	0.00352
1	0.02045	0.01505	0.01627	0.01280	0.01698	0.01657	0.01043	0.65941	0.02556	0.03425	0.01595	0.09958	0.01303	0.00822	0.00599	0.00181	0.00607	0.00648	0.00577	0.00932
2	0.00826	0.00591	0.00762	0.00721	0.00843	0.00550	0.00527	0.01070	0.01558	0.02199	0.67506	0.04285	0.05116	0.09815	0.00936	0.00225	0.00306	0.01029	0.00608	0.00527
3	0.00826	0.00591	0.00762	0.00721	0.00843	0.00550	0.00527	0.01070	0.01558	0.02199	0.67506	0.04285	0.05116	0.09815	0.00936	0.00225	0.00306	0.01029	0.00608	0.00527
4	0.01128	0.01092	0.01930	0.69832	0.03899	0.01312	0.09563	0.01527	0.01186	0.01527	0.01049	0.01552	0.00787	0.00571	0.00593	0.00194	0.00798	0.00535	0.00262	0.00661
5	0.01311	0.01099	0.01194	0.01084	0.01365	0.01230	0.00836	0.02595	0.56037	0.02426	0.20973	0.02751	0.02736	0.00905	0.00626	0.00198	0.00421	0.00764	0.00611	0.00837
6	0.01329	0.01099	0.01001	0.00962	0.01041	0.19986	0.00673	0.01174	0.01000	0.01139	0.01006	0.01616	0.00966	0.01670	0.01833	0.61729	0.00651	0.00480	0.00273	0.00373
7	0.00935	0.01225	0.20019	0.00983	0.01306	0.00767	0.00965	0.01304	0.01553	0.02227	0.56445	0.03574	0.04287	0.01041	0.00662	0.00188	0.00432	0.00899	0.00547	0.00640
8	0.83380	0.01141	0.00872	0.00782	0.01142	0.01317	0.00640	0.01725	0.01005	0.02627	0.00834	0.00979	0.00653	0.00556	0.00371	0.00184	0.00458	0.00323	0.00368	0.00642
9	0.02008	0.02395	0.01578	0.01432	0.01741	0.57724	0.01081	0.02530	0.20242	0.01702	0.01296	0.01367	0.01032	0.00663	0.00552	0.00166	0.00905	0.00454	0.00382	0.00749
10	0.01393	0.01809	0.21195	0.03090	0.57041	0.01386	0.01883	0.01814	0.01314	0.01906	0.01105	0.01418	0.00897	0.00543	0.00580	0.00180	0.00741	0.00503	0.00285	0.00917
11	0.01506	0.01039	0.01658	0.58318	0.03372	0.01193	0.01429	0.01844	0.01305	0.20499	0.01377	0.01691	0.00967	0.00632	0.00592	0.00195	0.00711	0.00542	0.00384	0.00746
12	0.01192	0.01186	0.02186	0.58677	0.03767	0.01349	0.19942	0.01598	0.01231	0.01604	0.01094	0.01587	0.00825	0.00574	0.00618	0.00199	0.00834	0.00567	0.00276	0.00693
13	0.01376	0.01309	0.02216	0.22501	0.57419	0.01371	0.01748	0.01724	0.01298	0.01816	0.01102	0.01500	0.00907	0.00550	0.00587	0.00182	0.00720	0.00525	0.00289	0.00863
14	0.00870	0.00646	0.00833	0.00931	0.01071	0.00614	0.00771	0.01079	0.01321	0.01687	0.03824	0.15453	0.21779	0.01612	0.00775	0.00250	0.00457	0.44954	0.00545	0.00529
15	0.02073	0.21404	0.02017	0.01219	0.01684	0.01801	0.01045	0.42643	0.06102	0.12161	0.01435	0.01426	0.01049	0.00670	0.00540	0.00168	0.00615	0.00492	0.00522	0.00935
16	0.02230	0.01598	0.01726	0.01332	0.01793	0.01752	0.01095	0.67857	0.04767	0.07559	0.01495	0.01482	0.01058	0.00717	0.00592	0.00180	0.00634	0.00538	0.00597	0.00998
17	0.22353	0.01341	0.01968	0.02784	0.54038	0.01389	0.01474	0.04362	0.01304	0.02164	0.01056	0.01344	0.00872	0.00546	0.00531	0.00179	0.00635	0.00474	0.00325	0.00861
18	0.01984	0.02310	0.01557	0.01453	0.04327	0.56586	0.01065	0.05907	0.03693	0.03729	0.06603	0.01649	0.05212	0.00715	0.00563	0.00163	0.00894	0.00503	0.00379	0.00708
19	0.02124	0.05731	0.05115	0.01270	0.01741	0.01438	0.04956	0.36575	0.02099	0.23949	0.03007	0.01648	0.01207	0.00692	0.00577	0.00176	0.00608	0.00547	0.03478	0.03059

[dist]
# distance from previous block
# <min> <max>
7	16

[block]
# block no. 1 follows, 40 sequences, length 6
# corresponding to MSA columns:
# 164-169
name=unknown_B
#
# <colnr> <probs for GDERKNQSTAVLIFYWHMCP>
#	G	D	E	R	K	N	Q	S	T	A	V	L	I	F	Y	W	H	M	C	P
0	0.01228	0.00954	0.01164	0.01049	0.01281	0.00982	0.03770	0.18246	0.11537	0.02154	0.02374	0.38837	0.02491	0.04067	0.00739	0.00215	0.00466	0.01088	0.00525	0.06832
1	0.01506	0.00961	0.01172	0.05025	0.01414	0.00993	0.00820	0.16066	0.11423	0.16502	0.13603	0.23206	0.02638	0.01089	0.00643	0.00198	0.00457	0.00941	0.00590	0.00754
2	0.01839	0.01114	0.01335	0.01007	0.01467	0.00998	0.00819	0.16869	0.01698	0.26174	0.06388	0.01698	0.01376	0.00628	0.00528	0.00141	0.00484	0.00505	0.00533	0.34399
3	0.01501	0.01258	0.01314	0.00984	0.01470	0.08192	0.00785	0.09143	0.01439	0.07293	0.01147	0.01265	0.00905	0.00495	0.00466	0.00108	0.00516	0.00383	0.00391	0.60945
4	0.01514	0.35251	0.17824	0.01353	0.01845	0.01899	0.05527	0.12295	0.01382	0.01836	0.00957	0.01154	0.00791	0.00622	0.00709	0.00169	0.13362	0.00421	0.00300	0.00789
5	0.14563	0.00823	0.00890	0.00781	0.01052	0.00790	0.00611	0.06545	0.01473	0.09657	0.21980	0.05939	0.24505	0.01050	0.00598	0.00180	0.00371	0.00866	0.00543	0.06782

[dist]
# distance from previous block
# <min> <max>
4	12

[block]
# block no. 2 follows, 40 sequences, length 7
# corresponding to MSA columns:
# 182-188
name=unknown_C
#
# <colnr> <probs for GDERKNQSTAVLIFYWHMCP>
#	G	D	E	R	K	N	Q	S	T	A	V	L	I	F	Y	W	H	M	C	P
0	0.01679	0.01063	0.01328	0.14230	0.01830	0.01083	0.00944	0.16176	0.07452	0.22269	0.04820	0.02472	0.14618	0.00826	0.00595	0.00179	0.00521	0.00679	0.00542	0.06694
1	0.01459	0.01318	0.01687	0.29320	0.02543	0.08301	0.06978	0.19963	0.01621	0.02096	0.01413	0.11743	0.01250	0.00759	0.00594	0.00182	0.00698	0.00657	0.00391	0.07027
2	0.01356	0.01377	0.11227	0.01073	0.01537	0.01127	0.00965	0.16245	0.14505	0.02282	0.02175	0.02169	0.13863	0.00742	0.00549	0.00155	0.00511	0.00598	0.00456	0.27086
3	0.01779	0.01494	0.02054	0.01545	0.02029	0.01552	0.19512	0.37807	0.11786	0.02837	0.01427	0.01520	0.01051	0.00626	0.00592	0.00173	0.00678	0.00562	0.00482	0.10494
4	0.07606	0.01525	0.01554	0.15918	0.02086	0.12737	0.01084	0.29015	0.01826	0.02466	0.01134	0.01301	0.00860	0.00594	0.00526	0.00156	0.00669	0.00447	0.00412	0.18085
5	0.01292	0.01333	0.02639	0.15126	0.02812	0.01324	0.46104	0.06738	0.01396	0.01872	0.01450	0.12368	0.01284	0.00706	0.00669	0.00200	0.00832	0.00780	0.00343	0.00732
6	0.19021	0.01490	0.02453	0.01809	0.02317	0.01521	0.39684	0.20315	0.01640	0.02483	0.01155	0.01392	0.00856	0.00554	0.00590	0.00187	0.00781	0.00566	0.00382	0.00804

[dist]
# distance from previous block
# <min> <max>
1	4

[block]
# block no. 3 follows, 40 sequences, length 14
# corresponding to MSA columns:
# 193-206
name=unknown_D
#
# <colnr> <probs for GDERKNQSTAVLIFYWHMCP>
#	G	D	E	R	K	N	Q	S	T	A	V	L	I	F	Y	W	H	M	C	P
0	0.02181	0.01733	0.01721	0.01349	0.01793	0.09510	0.01101	0.64279	0.05048	0.03394	0.01378	0.01387	0.00991	0.00691	0.00576	0.00173	0.00676	0.00513	0.00553	0.00954
1	0.08287	0.01053	0.01078	0.00942	0.01231	0.08630	0.00727	0.07099	0.01451	0.20846	0.03440	0.20415	0.01879	0.00932	0.00562	0.00175	0.00481	0.00775	0.10955	0.09042
2	0.01973	0.21214	0.02004	0.01362	0.01708	0.46805	0.01100	0.09505	0.01601	0.01639	0.00920	0.01070	0.00774	0.00610	0.00577	0.00153	0.05566	0.00383	0.00314	0.00722
3	0.05519	0.01916	0.01388	0.01222	0.01487	0.38939	0.00911	0.17471	0.01660	0.01891	0.01228	0.01786	0.01126	0.19709	0.01118	0.00257	0.00816	0.00518	0.00376	0.00663
4	0.01345	0.60735	0.02453	0.00897	0.01322	0.01863	0.00861	0.01522	0.01216	0.01417	0.02037	0.02060	0.18868	0.00733	0.00449	0.00142	0.00543	0.00532	0.00319	0.00685
5	0.00855	0.05054	0.00858	0.00733	0.00844	0.00642	0.00525	0.01036	0.01359	0.01879	0.44385	0.13505	0.04196	0.20179	0.01225	0.00278	0.00372	0.01036	0.00536	0.00503
6	0.00719	0.00568	0.00636	0.00663	0.00801	0.00498	0.00474	0.00863	0.01287	0.01621	0.13843	0.23125	0.45157	0.06055	0.00832	0.00226	0.00318	0.01286	0.00542	0.00486
7	0.00906	0.00694	0.00878	0.00817	0.01028	0.00604	0.00628	0.01141	0.01396	0.01980	0.33614	0.17477	0.05453	0.01180	0.00649	0.00180	0.00357	0.09988	0.00535	0.20495
8	0.01723	0.01534	0.01461	0.01261	0.01619	0.11136	0.00991	0.20136	0.48160	0.02603	0.01946	0.01841	0.01455	0.00743	0.00581	0.00186	0.00578	0.00589	0.00552	0.00906
9	0.48874	0.05621	0.01154	0.00888	0.01253	0.01385	0.00737	0.19143	0.01451	0.02738	0.01089	0.01208	0.00832	0.00593	0.00420	0.00170	0.00483	0.00394	0.10853	0.00712
10	0.00868	0.00627	0.00728	0.00727	0.00894	0.00569	0.00535	0.01112	0.05226	0.05966	0.18591	0.22756	0.36414	0.01423	0.00689	0.00202	0.00321	0.01229	0.00573	0.00549
11	0.00829	0.00616	0.00897	0.00886	0.00997	0.00684	0.00684	0.01053	0.01107	0.01587	0.19466	0.02782	0.02429	0.03594	0.58745	0.00753	0.01247	0.00727	0.00391	0.00526
12	0.03779	0.01500	0.01570	0.01266	0.01682	0.03875	0.01025	0.44742	0.24233	0.07581	0.01714	0.01643	0.01237	0.00720	0.00578	0.00181	0.00585	0.00558	0.00580	0.00951
13	0.01318	0.01518	0.19422	0.01128	0.01647	0.01035	0.01091	0.06141	0.10657	0.06337	0.01522	0.09369	0.01294	0.00681	0.00530	0.00150	0.00545	0.00563	0.00408	0.34644

[dist]
# distance from previous block
# <min> <max>
1	4

[block]
# block no. 4 follows, 40 sequences, length 34
# corresponding to MSA columns:
# 211-244
name=unknown_E
#
# <colnr> <probs for GDERKNQSTAVLIFYWHMCP>
#	G	D	E	R	K	N	Q	S	T	A	V	L	I	F	Y	W	H	M	C	P
0	0.01937	0.01298	0.01467	0.01154	0.01573	0.01335	0.00934	0.39906	0.06030	0.15500	0.01730	0.09361	0.01377	0.00780	0.00577	0.00170	0.00544	0.00629	0.00566	0.13132
1	0.11091	0.09537	0.01591	0.01138	0.01534	0.06799	0.00939	0.32937	0.07329	0.09809	0.10106	0.01731	0.01535	0.00719	0.00545	0.00171	0.00575	0.00545	0.00523	0.00845
2	0.01349	0.00985	0.01480	0.38168	0.05562	0.01030	0.01190	0.01651	0.01258	0.14239	0.01474	0.09574	0.01229	0.00699	0.00567	0.00173	0.00608	0.00610	0.00384	0.17770
3	0.01261	0.01293	0.02561	0.10927	0.03992	0.01234	0.45544	0.01671	0.01301	0.01831	0.01321	0.05746	0.01085	0.00584	0.00622	0.00180	0.00792	0.00666	0.08144	0.09244
4	0.36845	0.01390	0.02102	0.01271	0.09094	0.09284	0.00925	0.14451	0.01461	0.03388	0.02258	0.01480	0.00989	0.00631	0.00479	0.00171	0.00576	0.04243	0.00401	0.08563
5	0.01664	0.01234	0.01673	0.25303	0.02440	0.01375	0.05818	0.16141	0.21701	0.14011	0.01676	0.01759	0.01201	0.00677	0.00592	0.00189	0.00632	0.00578	0.00487	0.00850
6	0.01425	0.01281	0.01305	0.01115	0.01493	0.05780	0.00870	0.02604	0.50564	0.02227	0.01918	0.01842	0.01466	0.00681	0.00544	0.00164	0.00487	0.00556	0.00507	0.23170
7	0.09959	0.01235	0.01999	0.23019	0.31549	0.01281	0.08926	0.01663	0.01235	0.01858	0.01049	0.01401	0.00839	0.00524	0.00548	0.00171	0.00685	0.00492	0.00295	0.11273
8	0.01356	0.01237	0.01960	0.01501	0.01876	0.01268	0.21179	0.01789	0.08946	0.06160	0.01273	0.02690	0.01037	0.00770	0.03069	0.00199	0.18527	0.00552	0.00360	0.24249
9	0.01472	0.01204	0.01499	0.01447	0.09366	0.01293	0.04872	0.06966	0.42726	0.06620	0.02099	0.09255	0.01707	0.00810	0.00598	0.00189	0.00512	0.00706	0.00530	0.06128
10	0.10490	0.10369	0.01597	0.01159	0.01562	0.22736	0.00938	0.09825	0.06939	0.19156	0.01373	0.01373	0.01006	0.00618	0.00507	0.00157	0.00667	0.00443	0.00452	0.08632
11	0.01356	0.01119	0.01189	0.01012	0.01348	0.05167	0.00785	0.07233	0.24358	0.05297	0.11355	0.10213	0.03229	0.00842	0.00573	0.00164	0.00460	0.00708	0.00513	0.23078
12	0.01299	0.01238	0.02028	0.01668	0.09602	0.01096	0.23894	0.04630	0.01326	0.01932	0.01214	0.05535	0.01038	0.00551	0.00566	0.00143	0.01513	0.00550	0.00342	0.39835
13	0.01163	0.00868	0.01064	0.01105	0.06586	0.00854	0.00784	0.09891	0.08437	0.06018	0.03180	0.22810	0.19121	0.01250	0.00665	0.00203	0.00438	0.09552	0.00529	0.05481
14	0.01600	0.01332	0.01924	0.01529	0.01899	0.05388	0.20680	0.02346	0.25680	0.14599	0.01810	0.06006	0.01414	0.00761	0.00757	0.00198	0.08839	0.00672	0.00475	0.02092
15	0.01494	0.07767	0.35258	0.01415	0.02013	0.01491	0.01530	0.22056	0.09402	0.02369	0.01458	0.01859	0.01165	0.00714	0.00576	0.00186	0.00708	0.07271	0.00404	0.00863
16	0.01595	0.22499	0.09560	0.01047	0.01454	0.01275	0.00973	0.01983	0.08516	0.22098	0.06054	0.10144	0.04898	0.00867	0.00563	0.00178	0.00530	0.04495	0.00489	0.00780
17	0.09802	0.01098	0.01343	0.01181	0.01357	0.01316	0.01777	0.09633	0.08229	0.01957	0.01536	0.07759	0.01483	0.05998	0.01199	0.00239	0.27855	0.08125	0.02955	0.05159
18	0.01393	0.11223	0.14060	0.02513	0.40413	0.01537	0.01611	0.01873	0.08234	0.01824	0.01138	0.01396	0.00935	0.00598	0.00687	0.00179	0.08732	0.00491	0.00302	0.00860
19	0.01181	0.00831	0.00900	0.00824	0.01062	0.04750	0.00625	0.01455	0.06026	0.13556	0.15117	0.16090	0.26943	0.01200	0.00646	0.00188	0.00391	0.01022	0.00560	0.06632
20	0.01697	0.01414	0.01463	0.01119	0.01589	0.06799	0.00902	0.31063	0.05877	0.02608	0.01244	0.01324	0.00955	0.00571	0.00508	0.00133	0.00562	0.00436	0.00451	0.39285
21	0.09949	0.00786	0.00891	0.00816	0.01063	0.00745	0.00628	0.06380	0.01422	0.18079	0.05915	0.20918	0.26925	0.01230	0.00637	0.00199	0.00390	0.01813	0.00566	0.00646
22	0.09892	0.01451	0.02155	0.05762	0.02151	0.08593	0.26660	0.01698	0.01210	0.01778	0.00986	0.01325	0.00807	0.00621	0.00867	0.00185	0.18464	0.00511	0.00299	0.14584
23	0.01368	0.09532	0.02096	0.21330	0.37225	0.01468	0.01508	0.01936	0.14207	0.01835	0.01273	0.01542	0.01017	0.00579	0.00559	0.00177	0.00664	0.00521	0.00330	0.00835
24	0.01417	0.01116	0.01301	0.09133	0.01681	0.01133	0.00894	0.14583	0.19265	0.05674	0.02092	0.05325	0.09011	0.00772	0.00562	0.00164	0.00497	0.01371	0.00484	0.23526
25	0.10217	0.01138	0.01279	0.01016	0.01444	0.01108	0.00817	0.10996	0.17032	0.19402	0.01679	0.03484	0.01252	0.00651	0.00519	0.00155	0.00477	0.00517	0.00518	0.26300
26	0.11605	0.09859	0.07066	0.01213	0.01597	0.11079	0.01047	0.23733	0.06084	0.06420	0.01414	0.08696	0.01200	0.00769	0.00625	0.00180	0.05607	0.00568	0.00443	0.00796
27	0.01452	0.01161	0.02967	0.07538	0.28120	0.02505	0.01206	0.09093	0.01419	0.09749	0.01603	0.15158	0.01479	0.00868	0.00684	0.04700	0.00584	0.00704	0.00409	0.08602
28	0.01627	0.01492	0.01360	0.01377	0.09111	0.22704	0.00963	0.09672	0.06945	0.09717	0.02431	0.09832	0.14273	0.00953	0.00612	0.00185	0.00639	0.04906	0.00472	0.00726
29	0.02952	0.27839	0.14913	0.01331	0.01808	0.10124	0.08682	0.06479	0.08351	0.01788	0.01334	0.09439	0.01196	0.00698	0.00526	0.00168	0.00700	0.00565	0.00345	0.00763
30	0.07358	0.01207	0.01750	0.06324	0.01917	0.01309	0.16053	0.02123	0.25371	0.05146	0.01720	0.02193	0.01414	0.00773	0.00741	0.00199	0.08802	0.07965	0.00437	0.07198
31	0.01391	0.05265	0.37384	0.09413	0.02150	0.01241	0.01514	0.08624	0.01398	0.10658	0.05656	0.01802	0.01268	0.08793	0.00811	0.00220	0.00712	0.00540	0.00369	0.00789
32	0.00946	0.08834	0.01001	0.00803	0.00917	0.00825	0.00570	0.01204	0.08814	0.01506	0.09103	0.21424	0.02626	0.31464	0.07106	0.00392	0.00549	0.00968	0.00436	0.00513
33	0.01402	0.01572	0.03595	0.02002	0.02440	0.09256	0.45499	0.01918	0.09066	0.01805	0.01380	0.07200	0.01165	0.00681	0.00778	0.00200	0.08247	0.00701	0.00340	0.00751

[dist]
# distance from previous block
# <min> <max>
12	23

[block]
# block no. 5 follows, 40 sequences, length 10
# corresponding to MSA columns:
# 268-277
name=unknown_F
#
# <colnr> <probs for GDERKNQSTAVLIFYWHMCP>
#	G	D	E	R	K	N	Q	S	T	A	V	L	I	F	Y	W	H	M	C	P
0	0.01163	0.01071	0.01187	0.01376	0.11872	0.09333	0.00880	0.01697	0.19998	0.01779	0.02434	0.39796	0.02557	0.01237	0.00656	0.00208	0.00498	0.01096	0.00490	0.00673
1	0.01020	0.00690	0.00832	0.00748	0.00981	0.00589	0.00568	0.01229	0.01427	0.10118	0.27213	0.12188	0.26077	0.01186	0.00645	0.00179	0.00334	0.01019	0.00564	0.12394
2	0.01417	0.01056	0.01368	0.01135	0.01462	0.01077	0.08597	0.13221	0.18369	0.10507	0.13326	0.03196	0.17250	0.00973	0.00643	0.00193	0.00491	0.04389	0.00566	0.00764
3	0.00973	0.00741	0.00878	0.00842	0.01044	0.00692	0.00614	0.01358	0.11736	0.01829	0.06089	0.38413	0.02701	0.01203	0.00611	0.00183	0.00366	0.01064	0.09314	0.19348
4	0.01962	0.01376	0.01527	0.01196	0.01618	0.01449	0.00971	0.50871	0.02277	0.09802	0.01635	0.10022	0.01330	0.00793	0.00582	0.00171	0.00569	0.00633	0.00562	0.10655
5	0.01446	0.01183	0.01908	0.40492	0.03036	0.01277	0.12708	0.10272	0.01440	0.09861	0.01234	0.01543	0.00898	0.00579	0.00582	0.00179	0.00724	0.00533	0.00361	0.09742
6	0.01529	0.12886	0.02556	0.01985	0.10920	0.13504	0.27483	0.01991	0.09349	0.01738	0.01155	0.01413	0.00931	0.00603	0.00728	0.00182	0.09415	0.00541	0.00316	0.00776
7	0.01292	0.01060	0.01288	0.01272	0.09306	0.01044	0.00874	0.12043	0.16483	0.02150	0.01942	0.22203	0.01867	0.00922	0.00584	0.00171	0.00470	0.00801	0.00475	0.23755
8	0.01877	0.01431	0.01471	0.01128	0.01594	0.09347	0.00911	0.28247	0.01877	0.13150	0.01332	0.01369	0.00979	0.00588	0.00518	0.00139	0.00582	0.00448	0.00480	0.32532
9	0.01156	0.00873	0.01042	0.00870	0.01143	0.00826	0.00680	0.14638	0.01759	0.02491	0.47016	0.03173	0.03732	0.00947	0.00616	0.00162	0.00373	0.00813	0.00570	0.17122

[dist]
# distance from previous block
# <min> <max>
12	43

[block]
# block no. 6 follows, 40 sequences, length 7
# corresponding to MSA columns:
# 324-330
name=unknown_G
#
# <colnr> <probs for GDERKNQSTAVLIFYWHMCP>
#	G	D	E	R	K	N	Q	S	T	A	V	L	I	F	Y	W	H	M	C	P
0	0.01110	0.00800	0.01374	0.01117	0.01328	0.00770	0.19342	0.01279	0.01161	0.01755	0.08744	0.02108	0.01584	0.01087	0.01072	0.25307	0.00525	0.00618	0.28399	0.00517
1	0.01460	0.01205	0.01502	0.01255	0.01506	0.01389	0.03091	0.16023	0.14171	0.05291	0.01731	0.09382	0.04515	0.00924	0.01004	0.00202	0.24797	0.00672	0.00448	0.09429
2	0.01102	0.01033	0.01659	0.43559	0.13183	0.01127	0.04559	0.01435	0.01226	0.01617	0.01844	0.02162	0.13087	0.00699	0.00587	0.00180	0.00658	0.00623	0.00319	0.09341
3	0.01407	0.01248	0.01780	0.01593	0.13886	0.01115	0.11119	0.11671	0.01461	0.02138	0.01114	0.01321	0.00892	0.00491	0.00511	0.00128	0.00579	0.00446	0.00361	0.46739
4	0.01186	0.00726	0.00866	0.00799	0.00936	0.00771	0.00592	0.13004	0.01267	0.01882	0.01526	0.02119	0.01341	0.09423	0.13377	0.21655	0.00625	0.00572	0.26815	0.00518
5	0.01755	0.01389	0.01701	0.05617	0.23327	0.09253	0.01204	0.19996	0.01805	0.12718	0.13527	0.01944	0.01733	0.00713	0.00591	0.00174	0.00624	0.00601	0.00479	0.00847
6	0.01332	0.00883	0.01029	0.00884	0.01180	0.00817	0.00685	0.12443	0.03446	0.13574	0.06621	0.18556	0.20546	0.01107	0.00622	0.00180	0.00412	0.00940	0.00548	0.14193

[dist]
# distance from previous block
# <min> <max>
0	10

[block]
# block no. 7 follows, 40 sequences, length 6
# corresponding to MSA columns:
# 341-346
name=unknown_H
#
# <colnr> <probs for GDERKNQSTAVLIFYWHMCP>
#	G	D	E	R	K	N	Q	S	T	A	V	L	I	F	Y	W	H	M	C	P
0	0.01125	0.01037	0.01639	0.19602	0.02151	0.01226	0.10639	0.01619	0.12292	0.01622	0.01388	0.01847	0.01163	0.01912	0.26071	0.00448	0.12632	0.00594	0.00331	0.00663
1	0.09252	0.01510	0.01829	0.10541	0.32149	0.12673	0.01343	0.09861	0.01466	0.02046	0.01058	0.01312	0.00852	0.00548	0.00531	0.00161	0.00692	0.00456	0.00333	0.11386
2	0.01477	0.01096	0.01395	0.09439	0.01727	0.01039	0.00917	0.06346	0.01328	0.13031	0.01211	0.01380	0.00934	0.00583	0.00670	0.00139	0.10513	0.00432	0.00395	0.45949
3	0.18160	0.01908	0.28928	0.01280	0.01821	0.01387	0.01329	0.24658	0.01646	0.02537	0.01350	0.09943	0.01143	0.00738	0.00544	0.00186	0.00648	0.00573	0.00409	0.00811
4	0.01623	0.01554	0.01696	0.06575	0.10081	0.14327	0.01209	0.16542	0.12523	0.02076	0.01253	0.01488	0.01015	0.00953	0.05238	0.00237	0.19921	0.00519	0.00386	0.00782
5	0.01330	0.00994	0.01205	0.08182	0.01573	0.00965	0.00836	0.04112	0.18820	0.09707	0.02050	0.13513	0.04412	0.00845	0.00569	0.00166	0.00467	0.02550	0.00483	0.27220

[dist]
# distance from previous block
# <min> <max>
21	38

[block]
# block no. 8 follows, 40 sequences, length 11
# corresponding to MSA columns:
# 389-399
name=unknown_I
#
# <colnr> <probs for GDERKNQSTAVLIFYWHMCP>
#	G	D	E	R	K	N	Q	S	T	A	V	L	I	F	Y	W	H	M	C	P
0	0.20166	0.32628	0.12041	0.01116	0.01623	0.01827	0.01094	0.19534	0.01527	0.02276	0.00985	0.01089	0.00778	0.00564	0.00445	0.00157	0.00619	0.00380	0.00355	0.00795
1	0.01094	0.12340	0.20085	0.01275	0.01642	0.01230	0.06840	0.01420	0.01093	0.01550	0.01373	0.08334	0.01277	0.01959	0.26092	0.00435	0.08364	0.00613	0.02323	0.00663
2	0.17528	0.01037	0.01191	0.11611	0.01661	0.01008	0.00825	0.08300	0.01289	0.02092	0.01317	0.11739	0.01218	0.00686	0.00494	0.00148	0.00490	0.00556	0.00384	0.36426
3	0.12547	0.15534	0.14551	0.03318	0.02328	0.01603	0.31222	0.08644	0.01389	0.02036	0.01059	0.01301	0.00809	0.00530	0.00554	0.00177	0.00790	0.00510	0.00314	0.00785
4	0.01197	0.01127	0.01768	0.51210	0.11156	0.01385	0.01510	0.01685	0.09346	0.01624	0.01152	0.01570	0.00901	0.00657	0.00761	0.00200	0.11216	0.00532	0.00298	0.00705
5	0.00860	0.00701	0.00799	0.00779	0.00986	0.00629	0.00579	0.01158	0.08211	0.01685	0.03821	0.27498	0.31207	0.01355	0.00659	0.00194	0.00356	0.04228	0.00513	0.13783
6	0.00907	0.00759	0.01137	0.30591	0.02108	0.00817	0.00967	0.01139	0.01164	0.01558	0.05403	0.39222	0.02479	0.01196	0.00651	0.00205	0.00511	0.01076	0.00419	0.07691
7	0.43440	0.09919	0.01363	0.12694	0.01706	0.01428	0.00885	0.07126	0.07572	0.02316	0.01036	0.01192	0.00806	0.00568	0.00436	0.00171	0.00532	0.00392	0.00367	0.06049
8	0.59603	0.01184	0.04427	0.00876	0.01227	0.01250	0.00741	0.09637	0.01211	0.02539	0.01209	0.11563	0.01109	0.00731	0.00445	0.00187	0.00475	0.00524	0.00404	0.00659
9	0.01616	0.01728	0.01616	0.01404	0.05109	0.27454	0.06357	0.05270	0.08411	0.01825	0.01216	0.04309	0.01031	0.00623	0.00587	0.00148	0.04085	0.00484	0.00361	0.26366
10	0.01905	0.01007	0.01327	0.11425	0.01754	0.00993	0.00927	0.03889	0.14099	0.39125	0.11089	0.02193	0.01867	0.00755	0.00590	0.00180	0.00499	0.00632	0.00603	0.05139

[dist]
# distance from previous block
# <min> <max>
11	24

[block]
# block no. 9 follows, 40 sequences, length 30
# corresponding to MSA columns:
# 427-456
name=unknown_J
#
# <colnr> <probs for GDERKNQSTAVLIFYWHMCP>
#	G	D	E	R	K	N	Q	S	T	A	V	L	I	F	Y	W	H	M	C	P
0	0.00727	0.00616	0.00618	0.00611	0.00813	0.00522	0.00459	0.02157	0.01357	0.01619	0.05813	0.05529	0.74235	0.01465	0.00690	0.00198	0.00305	0.01217	0.00544	0.00506
1	0.02618	0.00997	0.01357	0.01042	0.01492	0.00861	0.00859	0.02839	0.01670	0.76216	0.02303	0.01993	0.01449	0.00727	0.00589	0.00182	0.00499	0.00588	0.00723	0.00995
2	0.00974	0.00714	0.01018	0.01206	0.05030	0.00712	0.00985	0.01242	0.01345	0.01759	0.02985	0.06304	0.03229	0.01556	0.00796	0.00265	0.00547	0.68246	0.00526	0.00561
3	0.01290	0.03055	0.75146	0.01727	0.02582	0.01412	0.02173	0.01919	0.01304	0.01952	0.01167	0.01399	0.00856	0.00635	0.00605	0.00207	0.00894	0.00470	0.00289	0.00919
4	0.01564	0.01330	0.01396	0.01262	0.01597	0.01506	0.00969	0.03142	0.73507	0.02531	0.02464	0.02322	0.01874	0.00867	0.00643	0.00219	0.00503	0.00694	0.00629	0.00979
5	0.75422	0.01197	0.00986	0.00874	0.01247	0.01329	0.00703	0.01882	0.01126	0.08838	0.01061	0.01207	0.00819	0.00638	0.00435	0.00202	0.00496	0.00380	0.00431	0.00724
6	0.01846	0.56543	0.02697	0.01220	0.01664	0.23614	0.01079	0.01985	0.01391	0.01503	0.00962	0.01143	0.00867	0.00610	0.00472	0.00155	0.00783	0.00372	0.00307	0.00788
7	0.02085	0.01490	0.19063	0.01216	0.01717	0.00995	0.01162	0.02386	0.01626	0.45843	0.13572	0.02328	0.02013	0.00833	0.00645	0.00204	0.00588	0.00659	0.00630	0.00947
8	0.01486	0.41998	0.37925	0.01391	0.02063	0.01893	0.01589	0.01868	0.01280	0.01712	0.01048	0.01249	0.00861	0.00607	0.00514	0.00176	0.00774	0.00410	0.00291	0.00862
9	0.01658	0.76006	0.05422	0.01098	0.01610	0.02313	0.01079	0.01823	0.01260	0.01503	0.00944	0.01119	0.00865	0.00583	0.00435	0.00150	0.00669	0.00358	0.00292	0.00812
10	0.01290	0.03055	0.75146	0.01727	0.02582	0.01412	0.02173	0.01919	0.01304	0.01952	0.01167	0.01399	0.00856	0.00635	0.00605	0.00207	0.00894	0.00470	0.00289	0.00919
11	0.01003	0.00689	0.00982	0.00976	0.01066	0.00748	0.00727	0.01065	0.00975	0.01390	0.01542	0.02313	0.01455	0.03817	0.58125	0.20301	0.01331	0.00632	0.00340	0.00523
12	0.02342	0.01230	0.01837	0.01407	0.01869	0.01123	0.14810	0.09933	0.01761	0.49935	0.02129	0.05492	0.01502	0.00803	0.00663	0.00208	0.00637	0.00684	0.00651	0.00984
13	0.01281	0.01204	0.02043	0.62497	0.10189	0.01381	0.09055	0.01634	0.01276	0.01677	0.01177	0.01707	0.00918	0.00649	0.00644	0.00214	0.00825	0.00573	0.00308	0.00748
14	0.01290	0.03055	0.75146	0.01727	0.02582	0.01412	0.02173	0.01919	0.01304	0.01952	0.01167	0.01399	0.00856	0.00635	0.00605	0.00207	0.00894	0.00470	0.00289	0.00919
15	0.01437	0.02848	0.67450	0.01663	0.02476	0.01361	0.02041	0.02020	0.01348	0.09576	0.01295	0.01476	0.00928	0.00652	0.00608	0.00206	0.00857	0.00486	0.00338	0.00932
16	0.01363	0.02951	0.71305	0.01695	0.02529	0.01386	0.02107	0.01969	0.01326	0.05757	0.01231	0.01437	0.00892	0.00644	0.00607	0.00206	0.00876	0.00478	0.00314	0.00926
17	0.00855	0.00608	0.00765	0.00878	0.00920	0.00560	0.00577	0.00911	0.01164	0.01565	0.03145	0.70101	0.03727	0.09836	0.01018	0.00291	0.00406	0.01587	0.00559	0.00527
18	0.02704	0.01076	0.01430	0.01116	0.01570	0.00926	0.00905	0.02891	0.01732	0.74978	0.02393	0.02136	0.01545	0.00799	0.00637	0.00202	0.00537	0.00622	0.00754	0.01047
19	0.01974	0.01763	0.01557	0.01341	0.01670	0.21797	0.01032	0.37380	0.02134	0.02660	0.01776	0.18522	0.01666	0.00998	0.00653	0.00204	0.00722	0.00770	0.00534	0.00848
20	0.01065	0.00762	0.01026	0.01152	0.01295	0.00744	0.00986	0.01294	0.01412	0.01852	0.03162	0.06625	0.03415	0.01668	0.00851	0.00289	0.00577	0.70649	0.00574	0.00601
21	0.42468	0.01214	0.01277	0.10834	0.01746	0.01301	0.00916	0.09448	0.01444	0.21631	0.01408	0.01511	0.01015	0.00690	0.00525	0.00204	0.00565	0.00474	0.00504	0.00825
22	0.02497	0.01056	0.01381	0.01099	0.01520	0.00930	0.00883	0.02760	0.05436	0.65080	0.08498	0.02342	0.01899	0.00842	0.00645	0.00204	0.00517	0.00665	0.00741	0.01006
23	0.01473	0.01697	0.06521	0.02467	0.03067	0.01519	0.69566	0.01931	0.01433	0.01962	0.01281	0.01704	0.00983	0.00569	0.00726	0.00216	0.01005	0.00708	0.00331	0.00843
24	0.01211	0.01015	0.01029	0.00968	0.01217	0.04039	0.00742	0.08990	0.17510	0.02080	0.04086	0.08995	0.37205	0.01301	0.00708	0.00221	0.00461	0.06936	0.00580	0.00706
25	0.01372	0.01282	0.01860	0.03120	0.01863	0.01281	0.14199	0.01655	0.03900	0.01862	0.01146	0.01489	0.00976	0.00697	0.00945	0.00181	0.22152	0.00506	0.00356	0.39158
26	0.01928	0.01557	0.01480	0.01244	0.01600	0.12435	0.00975	0.35191	0.10885	0.05807	0.02088	0.05963	0.07536	0.00887	0.00624	0.00196	0.00633	0.00673	0.07415	0.00882
27	0.01160	0.00917	0.01263	0.09011	0.01542	0.01074	0.00957	0.07300	0.01188	0.01705	0.01502	0.02132	0.01351	0.03081	0.48531	0.00679	0.11626	0.00619	0.03714	0.00648
28	0.01917	0.01426	0.01720	0.11774	0.08223	0.01538	0.01220	0.43698	0.02196	0.06044	0.01712	0.05289	0.01435	0.00880	0.00658	0.00210	0.00669	0.07924	0.00547	0.00922
29	0.08098	0.01584	0.19366	0.52384	0.03447	0.01364	0.01691	0.01665	0.01234	0.01770	0.01130	0.01574	0.00862	0.00646	0.00603	0.00211	0.00801	0.00515	0.00303	0.00753

[dist]
# distance from previous block
# <min> <max>
11	46

[block]
# block no. 10 follows, 40 sequences, length 8
# corresponding to MSA columns:
# 506-513
name=unknown_K
#
# <colnr> <probs for GDERKNQSTAVLIFYWHMCP>
#	G	D	E	R	K	N	Q	S	T	A	V	L	I	F	Y	W	H	M	C	P
0	0.16917	0.42892	0.05815	0.06951	0.01680	0.07519	0.01014	0.01741	0.01184	0.01681	0.00863	0.01029	0.00736	0.00517	0.00412	0.00142	0.00629	0.00341	0.00282	0.07657
1	0.01157	0.01247	0.06870	0.01074	0.01280	0.16682	0.00892	0.01394	0.01130	0.01472	0.01410	0.01936	0.01255	0.02973	0.48862	0.00646	0.01289	0.00550	0.07302	0.00580
2	0.01214	0.01172	0.01724	0.07646	0.01782	0.01416	0.07245	0.01427	0.01022	0.01543	0.00946	0.01396	0.00855	0.01113	0.08056	0.00270	0.42843	0.00501	0.00282	0.17548
3	0.01125	0.00759	0.00923	0.00935	0.01095	0.00774	0.00677	0.01648	0.20691	0.10441	0.02877	0.49833	0.03018	0.01420	0.00684	0.00219	0.00388	0.01266	0.00574	0.00651
4	0.01508	0.01232	0.01566	0.01230	0.01670	0.01222	0.09336	0.08670	0.30951	0.07432	0.01705	0.01705	0.01282	0.00625	0.00549	0.00158	0.00529	0.00542	0.00485	0.27603
5	0.01329	0.01121	0.01388	0.01066	0.01486	0.01045	0.04756	0.07808	0.09909	0.04095	0.01647	0.01751	0.07292	0.00646	0.00633	0.00139	0.07374	0.00510	0.00410	0.45594
6	0.01400	0.01218	0.01653	0.32280	0.08814	0.07909	0.04617	0.10023	0.01457	0.06245	0.01581	0.08975	0.01427	0.00825	0.00621	0.00198	0.00703	0.08957	0.00388	0.00710
7	0.01572	0.01513	0.01373	0.01238	0.01562	0.14598	0.00956	0.02957	0.62175	0.02257	0.02112	0.01975	0.01597	0.00756	0.00580	0.00189	0.00562	0.00608	0.00541	0.00878

[dist]
# distance from previous block
# <min> <max>
1	5

[block]
# block no. 11 follows, 40 sequences, length 12
# corresponding to MSA columns:
# 519-530
name=unknown_L
#
# <colnr> <probs for GDERKNQSTAVLIFYWHMCP>
#	G	D	E	R	K	N	Q	S	T	A	V	L	I	F	Y	W	H	M	C	P
0	0.01617	0.01172	0.01498	0.23547	0.02226	0.01282	0.01107	0.25620	0.06456	0.10616	0.12774	0.01994	0.01706	0.00733	0.00590	0.00179	0.00585	0.00608	0.00500	0.05191
1	0.01688	0.01396	0.01788	0.01349	0.01830	0.01405	0.12071	0.32388	0.11714	0.02710	0.01387	0.01470	0.01040	0.00601	0.00555	0.00155	0.00607	0.00514	0.00470	0.24863
2	0.01864	0.01391	0.01367	0.01163	0.01537	0.12805	0.00914	0.02768	0.37109	0.22986	0.02013	0.01866	0.01449	0.00711	0.00566	0.00176	0.00557	0.00568	0.00563	0.07625
3	0.01215	0.00874	0.01174	0.01079	0.01321	0.00850	0.05389	0.12369	0.01503	0.06924	0.02689	0.24389	0.07064	0.01293	0.00693	0.00215	0.00500	0.22549	0.00525	0.07385
4	0.00861	0.00681	0.00965	0.00967	0.01029	0.00798	0.00730	0.01013	0.00976	0.01384	0.01944	0.24975	0.02099	0.07604	0.39024	0.00605	0.12535	0.00924	0.00373	0.00513
5	0.01787	0.01474	0.01720	0.02839	0.01805	0.04282	0.06370	0.38597	0.07898	0.02777	0.01312	0.01412	0.00989	0.00650	0.00648	0.00164	0.06038	0.00502	0.00472	0.18264
6	0.28578	0.01776	0.01675	0.01364	0.01763	0.23292	0.12063	0.17156	0.03324	0.02372	0.01051	0.01193	0.00805	0.00588	0.00509	0.00173	0.00744	0.00441	0.00385	0.00749
7	0.06954	0.01495	0.01344	0.01160	0.01491	0.17771	0.00908	0.12984	0.22781	0.12128	0.12991	0.02041	0.01886	0.00771	0.00574	0.00178	0.00590	0.00605	0.00536	0.00811
8	0.01785	0.01759	0.01477	0.01306	0.01543	0.33278	0.01022	0.02051	0.06500	0.12588	0.01540	0.01699	0.05466	0.01125	0.08095	0.00256	0.16888	0.00527	0.00388	0.00705
9	0.01771	0.01187	0.01408	0.01093	0.01524	0.01149	0.02474	0.23355	0.08657	0.17474	0.06297	0.04478	0.01498	0.00700	0.00554	0.00155	0.00507	0.00574	0.00538	0.24605
10	0.01609	0.01463	0.12829	0.01204	0.01605	0.01269	0.01076	0.35951	0.01935	0.06575	0.01905	0.23957	0.01800	0.00996	0.00620	0.00192	0.00572	0.00835	0.00519	0.03088
11	0.01236	0.01219	0.02174	0.44627	0.14603	0.01356	0.17308	0.01731	0.06652	0.01701	0.01172	0.01583	0.00894	0.00567	0.00604	0.00191	0.00784	0.00564	0.00295	0.00738

[dist]
# distance from previous block
# <min> <max>
4	46

[block]
# block no. 12 follows, 40 sequences, length 6
# corresponding to MSA columns:
# 577-582
name=unknown_M
#
# <colnr> <probs for GDERKNQSTAVLIFYWHMCP>
#	G	D	E	R	K	N	Q	S	T	A	V	L	I	F	Y	W	H	M	C	P
0	0.06858	0.00607	0.00710	0.00724	0.00774	0.00633	0.00468	0.00938	0.00913	0.01330	0.01917	0.14785	0.02151	0.48457	0.15797	0.00553	0.00700	0.00890	0.00374	0.00421
1	0.04581	0.01118	0.06606	0.01032	0.01341	0.01044	0.00847	0.04103	0.27262	0.17608	0.06167	0.09657	0.02016	0.12843	0.00958	0.00250	0.00495	0.00754	0.00546	0.00772
2	0.09312	0.01252	0.01498	0.01193	0.01584	0.01334	0.07769	0.25911	0.16268	0.10493	0.01672	0.01696	0.01220	0.00673	0.00542	0.00174	0.00542	0.00550	0.13044	0.03273
3	0.01879	0.01438	0.01543	0.01255	0.01650	0.01604	0.01011	0.47962	0.23836	0.03148	0.01810	0.07133	0.01422	0.00804	0.00596	0.00186	0.00566	0.00643	0.00582	0.00932
4	0.01675	0.02207	0.19994	0.01373	0.01820	0.29462	0.01266	0.09987	0.09796	0.01881	0.01174	0.01334	0.00919	0.00739	0.00700	0.07787	0.00799	0.00446	0.00349	0.06292
5	0.01127	0.01156	0.02270	0.08771	0.02301	0.01111	0.40811	0.01458	0.01243	0.01648	0.01986	0.09713	0.09762	0.12758	0.01028	0.00256	0.00760	0.00847	0.00351	0.00643

[dist]
# distance from previous block
# <min> <max>
0	8

[block]
# block no. 13 follows, 40 sequences, length 7
# corresponding to MSA columns:
# 591-597
name=unknown_N
#
# <colnr> <probs for GDERKNQSTAVLIFYWHMCP>
#	G	D	E	R	K	N	Q	S	T	A	V	L	I	F	Y	W	H	M	C	P
0	0.01557	0.15894	0.01541	0.01112	0.01348	0.32580	0.00845	0.04186	0.01348	0.01441	0.01452	0.13046	0.01520	0.18440	0.01079	0.00253	0.00747	0.00662	0.00350	0.00600
1	0.01004	0.00950	0.01787	0.01441	0.01717	0.00887	0.29327	0.01297	0.01346	0.01840	0.19555	0.30909	0.03074	0.01152	0.00710	0.00209	0.00578	0.01132	0.00469	0.00617
2	0.01736	0.19402	0.01826	0.01258	0.01614	0.28630	0.01012	0.02518	0.32229	0.01840	0.01501	0.01502	0.01185	0.00661	0.00522	0.00165	0.00708	0.00481	0.00413	0.00797
3	0.01677	0.01621	0.01636	0.01368	0.01701	0.28066	0.12858	0.01893	0.01441	0.12477	0.01686	0.18784	0.01584	0.00859	0.00601	0.00176	0.00732	0.00742	0.00421	0.09678
4	0.01343	0.01187	0.01162	0.01054	0.01275	0.13475	0.00813	0.17552	0.01611	0.02061	0.12700	0.10808	0.07459	0.01976	0.22377	0.00397	0.00859	0.00780	0.00462	0.00651
5	0.22483	0.01428	0.02261	0.02092	0.18667	0.01466	0.27037	0.13666	0.01492	0.02363	0.01108	0.01362	0.00851	0.00548	0.00564	0.00184	0.00726	0.00529	0.00359	0.00813
6	0.00766	0.00568	0.00682	0.00696	0.00803	0.00519	0.00487	0.00924	0.01313	0.01748	0.29293	0.21328	0.22685	0.14285	0.01073	0.00261	0.00341	0.01198	0.00545	0.00484

[dist]
# distance from previous block
# <min> <max>
0	283

# created by:
# /software/SequenceAnalysis/GenePrediction/augustus/3.0.1/scripts/msa2prfl.pl ./fixed/BUSCOvEOG7JM938.fas
