[name]
unknown

[dist]
# distance from previous block
# <min> <max>
0	356

[block]
# block no. 0 follows, 38 sequences, length 107
# corresponding to MSA columns:
# 378-484
name=unknown_A
#
# <colnr> <probs for GDERKNQSTAVLIFYWHMCP>
#	G	D	E	R	K	N	Q	S	T	A	V	L	I	F	Y	W	H	M	C	P
0	0.79865	0.04238	0.00976	0.00802	0.01180	0.01392	0.00668	0.01771	0.01033	0.02651	0.00841	0.00981	0.00659	0.00559	0.00374	0.00184	0.00473	0.00327	0.00369	0.00658
1	0.01139	0.01084	0.01863	0.63127	0.03731	0.01311	0.07072	0.01515	0.01207	0.01566	0.01234	0.07109	0.01041	0.00706	0.00677	0.00207	0.03818	0.00633	0.00292	0.00667
2	0.01246	0.01254	0.01745	0.48729	0.04641	0.08760	0.03411	0.01565	0.01233	0.01543	0.01414	0.01850	0.06236	0.00858	0.03377	0.00230	0.10362	0.00582	0.00297	0.00665
3	0.01611	0.79186	0.03153	0.01031	0.01546	0.02381	0.01030	0.01803	0.01224	0.01418	0.00839	0.00969	0.00775	0.00517	0.00387	0.00129	0.00644	0.00323	0.00258	0.00773
4	0.02253	0.01757	0.01781	0.01391	0.01854	0.07342	0.01138	0.64930	0.05735	0.03569	0.01451	0.01455	0.01042	0.00720	0.00599	0.00180	0.00686	0.00537	0.00582	0.00997
5	0.02289	0.01687	0.01807	0.01386	0.01867	0.01867	0.01144	0.73069	0.02829	0.03793	0.01447	0.01448	0.01026	0.00724	0.00603	0.00181	0.00663	0.00543	0.00603	0.01024
6	0.83073	0.01165	0.00886	0.00793	0.01166	0.01351	0.00653	0.01770	0.01026	0.02701	0.00841	0.00981	0.00654	0.00560	0.00374	0.00187	0.00466	0.00327	0.00373	0.00653
7	0.00721	0.00608	0.00623	0.00627	0.00821	0.00511	0.00467	0.00876	0.01378	0.01657	0.08869	0.08598	0.69136	0.01527	0.00714	0.00205	0.00307	0.01280	0.00564	0.00511
8	0.01139	0.01071	0.01806	0.77379	0.04144	0.01338	0.01671	0.01539	0.01205	0.01540	0.01072	0.01608	0.00805	0.00603	0.00603	0.00201	0.00803	0.00536	0.00268	0.00670
9	0.00736	0.00526	0.00700	0.00840	0.00875	0.00490	0.00560	0.00840	0.01154	0.01538	0.03317	0.78434	0.03980	0.01886	0.00769	0.00245	0.00350	0.01711	0.00559	0.00490
10	0.00992	0.00818	0.01183	0.01112	0.01183	0.01028	0.00879	0.01157	0.00946	0.01390	0.01385	0.02129	0.01325	0.06426	0.50847	0.03931	0.21790	0.00618	0.00307	0.00553
11	0.00881	0.00674	0.01004	0.00993	0.01097	0.00797	0.00776	0.01091	0.00967	0.01401	0.01581	0.02325	0.01478	0.04374	0.73465	0.00939	0.04654	0.00641	0.00321	0.00543
12	0.01561	0.01325	0.01397	0.01239	0.01590	0.01527	0.00968	0.08705	0.68379	0.02619	0.02372	0.02185	0.01775	0.00811	0.00612	0.00203	0.00492	0.00670	0.00612	0.00959
13	0.02153	0.08432	0.01565	0.01064	0.01535	0.01112	0.00888	0.06986	0.03509	0.42207	0.01815	0.01703	0.01240	0.00662	0.00585	0.00160	0.02661	0.00515	0.00580	0.20629
14	0.01754	0.01466	0.01780	0.07829	0.18234	0.03974	0.01270	0.23152	0.27170	0.04469	0.01705	0.01753	0.01280	0.00703	0.00603	0.00190	0.00631	0.00586	0.00506	0.00946
15	0.00752	0.00542	0.00717	0.00839	0.00889	0.00500	0.00564	0.00865	0.01171	0.01573	0.05244	0.74470	0.03951	0.01832	0.00759	0.00239	0.00351	0.01660	0.00557	0.02524
16	0.01139	0.01071	0.01806	0.77379	0.04144	0.01338	0.01671	0.01539	0.01205	0.01540	0.01072	0.01608	0.00805	0.00603	0.00603	0.00201	0.00803	0.00536	0.00268	0.00670
17	0.01221	0.01119	0.01735	0.55144	0.05850	0.01297	0.01477	0.04113	0.01261	0.01702	0.01073	0.01522	0.00832	0.00603	0.00649	0.00184	0.04853	0.00505	0.00296	0.14563
18	0.00930	0.00701	0.00836	0.00822	0.00867	0.02956	0.00553	0.01010	0.00934	0.01265	0.01735	0.03235	0.01869	0.48885	0.27437	0.00687	0.03716	0.00772	0.00346	0.00444
19	0.01660	0.63082	0.08950	0.01155	0.01674	0.11837	0.01146	0.01889	0.01290	0.01466	0.00871	0.01010	0.00774	0.00535	0.00423	0.00138	0.00721	0.00341	0.00265	0.00773
20	0.02701	0.01026	0.01398	0.01072	0.01538	0.00886	0.00885	0.02933	0.01723	0.75491	0.02376	0.02051	0.01492	0.00746	0.00606	0.00187	0.00513	0.00606	0.00745	0.01025
21	0.83073	0.01165	0.00886	0.00793	0.01166	0.01351	0.00653	0.01770	0.01026	0.02701	0.00841	0.00981	0.00654	0.00560	0.00374	0.00187	0.00466	0.00327	0.00373	0.00653
22	0.00714	0.00612	0.00612	0.00612	0.00815	0.00510	0.00458	0.00866	0.01373	0.01628	0.06095	0.05791	0.74830	0.01525	0.00712	0.00204	0.00306	0.01270	0.00560	0.00509
23	0.00966	0.00690	0.00964	0.01103	0.01238	0.00689	0.00960	0.01238	0.01380	0.01796	0.03191	0.08697	0.03477	0.01669	0.00830	0.00277	0.00549	0.69177	0.00555	0.00554
24	0.01209	0.03113	0.75709	0.01716	0.02605	0.01398	0.02223	0.01907	0.01272	0.01908	0.01082	0.01274	0.00765	0.00573	0.00573	0.00191	0.00890	0.00445	0.00255	0.00890
25	0.00741	0.00530	0.00705	0.00836	0.00876	0.00494	0.00560	0.00853	0.01179	0.01578	0.06566	0.75072	0.04057	0.01856	0.00766	0.00242	0.00347	0.01682	0.00564	0.00494
26	0.83073	0.01165	0.00886	0.00793	0.01166	0.01351	0.00653	0.01770	0.01026	0.02701	0.00841	0.00981	0.00654	0.00560	0.00374	0.00187	0.00466	0.00327	0.00373	0.00653
27	0.00736	0.00526	0.00700	0.00840	0.00875	0.00490	0.00560	0.00840	0.01154	0.01538	0.03317	0.78434	0.03980	0.01886	0.00769	0.00245	0.00350	0.01711	0.00559	0.00490
28	0.00900	0.00627	0.00821	0.00767	0.00917	0.00577	0.00577	0.01182	0.01705	0.04228	0.72961	0.04435	0.05573	0.01219	0.00708	0.00190	0.00291	0.01077	0.00665	0.00580
29	0.00862	0.00647	0.00969	0.00969	0.01076	0.00754	0.00753	0.01076	0.00969	0.01399	0.01614	0.02367	0.01506	0.04512	0.76441	0.00967	0.01612	0.00645	0.00323	0.00539
30	0.01579	0.01334	0.01407	0.01242	0.01597	0.01535	0.00973	0.10240	0.66816	0.02647	0.02350	0.02167	0.01757	0.00808	0.00612	0.00202	0.00496	0.00667	0.00612	0.00961
31	0.01250	0.01071	0.01249	0.00893	0.01428	0.00804	0.00714	0.01517	0.01249	0.01963	0.01072	0.01251	0.00894	0.00447	0.00447	0.00090	0.00447	0.00357	0.00357	0.82500
32	0.00832	0.00608	0.00782	0.00766	0.00900	0.00559	0.00569	0.01083	0.01604	0.02230	0.58787	0.13393	0.11086	0.01344	0.00721	0.00200	0.00301	0.03041	0.00639	0.00555
33	0.00972	0.00695	0.00971	0.01110	0.01248	0.00694	0.00971	0.01248	0.01387	0.01803	0.03187	0.06787	0.03464	0.01663	0.00832	0.00277	0.00555	0.71025	0.00555	0.00555
34	0.02701	0.01026	0.01398	0.01072	0.01538	0.00886	0.00885	0.02933	0.01723	0.75491	0.02376	0.02051	0.01492	0.00746	0.00606	0.00187	0.00513	0.00606	0.00745	0.01025
35	0.00725	0.00612	0.00627	0.00623	0.00822	0.00514	0.00467	0.00887	0.01399	0.01689	0.11447	0.05690	0.69440	0.01502	0.00712	0.00203	0.00304	0.01256	0.00568	0.00514
36	0.01250	0.01071	0.01249	0.00893	0.01428	0.00804	0.00714	0.01517	0.01249	0.01963	0.01072	0.01251	0.00894	0.00447	0.00447	0.00090	0.00447	0.00357	0.00357	0.82500
37	0.01250	0.01071	0.01249	0.00893	0.01428	0.00804	0.00714	0.01517	0.01249	0.01963	0.01072	0.01251	0.00894	0.00447	0.00447	0.00090	0.00447	0.00357	0.00357	0.82500
38	0.12897	0.01313	0.02272	0.29243	0.17435	0.01425	0.20700	0.01735	0.01261	0.01891	0.01082	0.01492	0.00843	0.00574	0.00644	0.00197	0.03382	0.00553	0.00299	0.00762
39	0.01258	0.02773	0.59238	0.01903	0.02728	0.01427	0.18354	0.01912	0.01306	0.01913	0.01114	0.01354	0.00799	0.00559	0.00604	0.00194	0.00918	0.00506	0.00266	0.00873
40	0.01463	0.01345	0.04002	0.09618	0.07700	0.01472	0.01179	0.07691	0.39109	0.02284	0.01836	0.01963	0.01428	0.00775	0.00741	0.00200	0.08433	0.02062	0.00485	0.06212
41	0.03820	0.14461	0.01716	0.01115	0.01551	0.01319	0.00943	0.05424	0.12553	0.44697	0.01996	0.01823	0.01360	0.00726	0.00619	0.00182	0.03578	0.00558	0.00610	0.00950
42	0.00878	0.00585	0.00658	0.00658	0.00658	0.00585	0.00366	0.00877	0.00877	0.01169	0.01898	0.03939	0.02189	0.78824	0.03062	0.00584	0.00584	0.00876	0.00365	0.00366
43	0.04129	0.05544	0.01031	0.00840	0.01037	0.00752	0.03405	0.01156	0.01466	0.02033	0.38968	0.07451	0.19327	0.01560	0.08401	0.00271	0.00485	0.01018	0.00551	0.00575
44	0.00736	0.00526	0.00700	0.00840	0.00875	0.00490	0.00560	0.00840	0.01154	0.01538	0.03317	0.78434	0.03980	0.01886	0.00769	0.00245	0.00350	0.01711	0.00559	0.00490
45	0.01605	0.01310	0.01395	0.01231	0.01586	0.01498	0.00964	0.08061	0.65989	0.05672	0.02378	0.02184	0.01767	0.00808	0.00612	0.00202	0.00492	0.00668	0.00618	0.00961
46	0.83073	0.01165	0.00886	0.00793	0.01166	0.01351	0.00653	0.01770	0.01026	0.02701	0.00841	0.00981	0.00654	0.00560	0.00374	0.00187	0.00466	0.00327	0.00373	0.00653
47	0.00862	0.00647	0.00969	0.00969	0.01076	0.00754	0.00753	0.01076	0.00969	0.01399	0.01614	0.02367	0.01506	0.04512	0.76441	0.00967	0.01612	0.00645	0.00323	0.00539
48	0.01124	0.00563	0.00563	0.00563	0.00703	0.00562	0.00422	0.01404	0.01263	0.02245	0.01965	0.02246	0.01544	0.00703	0.00422	0.00141	0.00281	0.00562	0.82161	0.00562
49	0.01531	0.01360	0.01377	0.01240	0.01579	0.04644	0.00962	0.03164	0.70952	0.02475	0.02387	0.02199	0.01794	0.00810	0.00610	0.00202	0.00503	0.00669	0.00600	0.00943
50	0.01773	0.59317	0.05691	0.01112	0.01633	0.02159	0.01083	0.12148	0.01494	0.07196	0.01049	0.01129	0.00863	0.00565	0.00442	0.00143	0.00647	0.00380	0.00343	0.00833
51	0.01501	0.01421	0.02366	0.05745	0.68251	0.01441	0.01789	0.03645	0.04264	0.02022	0.01192	0.01525	0.00988	0.00555	0.00598	0.00181	0.00707	0.00543	0.00318	0.00947
52	0.01124	0.00563	0.00563	0.00563	0.00703	0.00562	0.00422	0.01404	0.01263	0.02245	0.01965	0.02246	0.01544	0.00703	0.00422	0.00141	0.00281	0.00562	0.82161	0.00562
53	0.01499	0.01294	0.01362	0.01226	0.01566	0.01498	0.00953	0.03198	0.73987	0.02519	0.02451	0.02248	0.01839	0.00818	0.00613	0.00205	0.00477	0.00681	0.00613	0.00954
54	0.01437	0.05204	0.05355	0.04832	0.03059	0.03384	0.63691	0.01921	0.01409	0.01882	0.01187	0.01573	0.00898	0.00517	0.00685	0.00198	0.00990	0.00673	0.00301	0.00806
55	0.01050	0.00799	0.01035	0.06284	0.03971	0.00836	0.00813	0.01559	0.17003	0.04380	0.07547	0.40568	0.03174	0.01418	0.00713	0.00228	0.00440	0.06977	0.00554	0.00648
56	0.02719	0.01075	0.01437	0.01117	0.01581	0.00936	0.00912	0.02967	0.03524	0.73032	0.02426	0.02134	0.01553	0.00788	0.00632	0.00198	0.00533	0.00626	0.00759	0.01052
57	0.00802	0.00574	0.00747	0.00883	0.00924	0.00530	0.00588	0.00888	0.01192	0.01597	0.03357	0.77755	0.04008	0.01914	0.00793	0.00255	0.00373	0.01718	0.00578	0.00524
58	0.01343	0.01145	0.01369	0.00993	0.01530	0.00887	0.02729	0.03449	0.01333	0.02064	0.01148	0.01353	0.00956	0.00499	0.00486	0.00107	0.00489	0.00393	0.00383	0.77343
59	0.01455	0.03397	0.04141	0.01150	0.03758	0.01096	0.00922	0.08617	0.01451	0.03984	0.04041	0.01508	0.01152	0.00608	0.00623	0.00137	0.06156	0.00451	0.00409	0.54942
60	0.22647	0.01589	0.01553	0.01250	0.01683	0.05077	0.01012	0.46838	0.02246	0.03323	0.01383	0.04032	0.01076	0.00750	0.00570	0.00192	0.00636	0.00536	0.00542	0.03066
61	0.82323	0.01207	0.00931	0.00836	0.01211	0.01382	0.00680	0.01809	0.01066	0.02748	0.00905	0.01070	0.00715	0.00602	0.00402	0.00198	0.00488	0.00348	0.00394	0.00685
62	0.00784	0.00659	0.00664	0.00660	0.00866	0.00550	0.00490	0.00920	0.01417	0.01703	0.07667	0.05803	0.72584	0.01550	0.00737	0.00214	0.00328	0.01278	0.00581	0.00544
63	0.01334	0.01287	0.01848	0.12247	0.05291	0.01713	0.01376	0.01500	0.01027	0.01542	0.00963	0.01518	0.00905	0.01219	0.06349	0.00305	0.58030	0.00556	0.00292	0.00699
64	0.00802	0.00660	0.00689	0.00679	0.00877	0.00558	0.00504	0.00955	0.01460	0.01805	0.16557	0.05635	0.63631	0.01512	0.00737	0.00213	0.00326	0.01255	0.00594	0.00552
65	0.00943	0.00633	0.00706	0.00703	0.00709	0.00623	0.00396	0.00925	0.00918	0.01231	0.01951	0.03998	0.02235	0.78090	0.03063	0.00591	0.00604	0.00892	0.00386	0.00401
66	0.02682	0.01071	0.01431	0.01105	0.01575	0.00917	0.00903	0.02896	0.01735	0.71473	0.02365	0.02093	0.01517	0.00772	0.00625	0.00194	0.00531	0.00613	0.00745	0.04758
67	0.02340	0.01723	0.01843	0.01423	0.01906	0.01892	0.01167	0.72401	0.02852	0.03829	0.01505	0.01532	0.01083	0.00764	0.00629	0.00192	0.00682	0.00562	0.00621	0.01053
68	0.01482	0.01662	0.03569	0.02563	0.03172	0.01552	0.72200	0.01966	0.01458	0.01984	0.01280	0.01708	0.00974	0.00551	0.00736	0.00214	0.01031	0.00728	0.00327	0.00843
69	0.00802	0.00574	0.00747	0.00883	0.00924	0.00530	0.00588	0.00888	0.01192	0.01597	0.03357	0.77755	0.04008	0.01914	0.00793	0.00255	0.00373	0.01718	0.00578	0.00524
70	0.01379	0.01358	0.01880	0.01617	0.01623	0.01870	0.01338	0.01492	0.00964	0.01510	0.00857	0.01405	0.00852	0.01091	0.01987	0.00274	0.76978	0.00547	0.00286	0.00691
71	0.01558	0.01335	0.01403	0.01265	0.01608	0.01527	0.00978	0.03223	0.73304	0.02567	0.02499	0.02324	0.01888	0.00857	0.00639	0.00216	0.00498	0.00699	0.00631	0.00982
72	0.01379	0.01358	0.01880	0.01617	0.01623	0.01870	0.01338	0.01492	0.00964	0.01510	0.00857	0.01405	0.00852	0.01091	0.01987	0.00274	0.76978	0.00547	0.00286	0.00691
73	0.00802	0.00574	0.00747	0.00883	0.00924	0.00530	0.00588	0.00888	0.01192	0.01597	0.03357	0.77755	0.04008	0.01914	0.00793	0.00255	0.00373	0.01718	0.00578	0.00524
74	0.01938	0.01250	0.01414	0.01216	0.01599	0.01333	0.00956	0.03139	0.50426	0.25670	0.02475	0.02261	0.01778	0.00834	0.00637	0.00210	0.00510	0.00675	0.00673	0.01005
75	0.82323	0.01207	0.00931	0.00836	0.01211	0.01382	0.00680	0.01809	0.01066	0.02748	0.00905	0.01070	0.00715	0.00602	0.00402	0.00198	0.00488	0.00348	0.00394	0.00685
76	0.01198	0.01100	0.01784	0.71079	0.03945	0.01341	0.01621	0.01610	0.03736	0.01632	0.01268	0.04696	0.01023	0.00701	0.00635	0.00214	0.00792	0.00606	0.00313	0.00704
77	0.20196	0.01411	0.02078	0.04643	0.53006	0.01458	0.01558	0.04669	0.01383	0.02251	0.01139	0.01460	0.00944	0.00593	0.00572	0.00193	0.00677	0.00509	0.00349	0.00911
78	0.00920	0.00664	0.00852	0.00803	0.00950	0.00608	0.00597	0.01183	0.01738	0.02464	0.74089	0.04550	0.05688	0.01266	0.00735	0.00201	0.00308	0.01103	0.00681	0.00602
79	0.01101	0.00906	0.04037	0.14877	0.01668	0.00845	0.00893	0.04593	0.01647	0.04732	0.45702	0.05302	0.09010	0.01120	0.00703	0.00205	0.00454	0.00961	0.00583	0.00663
80	0.01558	0.01335	0.01403	0.01265	0.01608	0.01527	0.00978	0.03223	0.73304	0.02567	0.02499	0.02324	0.01888	0.00857	0.00639	0.00216	0.00498	0.00699	0.00631	0.00982
81	0.00911	0.00668	0.00841	0.00807	0.00961	0.00609	0.00609	0.01160	0.01683	0.02343	0.62396	0.04826	0.13088	0.01324	0.00743	0.00208	0.00326	0.05241	0.00663	0.00595
82	0.00801	0.00577	0.00744	0.00874	0.00921	0.00531	0.00584	0.00889	0.01201	0.01600	0.03466	0.74894	0.06798	0.01900	0.00791	0.00254	0.00371	0.01701	0.00578	0.00524
83	0.01790	0.00914	0.01172	0.00979	0.01285	0.00836	0.00771	0.07346	0.01830	0.32742	0.38676	0.03310	0.03609	0.01028	0.00684	0.00199	0.00431	0.00862	0.00710	0.00824
84	0.01201	0.01114	0.01842	0.76663	0.04160	0.01369	0.01689	0.01581	0.01243	0.01598	0.01134	0.01690	0.00864	0.00644	0.00629	0.00212	0.00821	0.00555	0.00290	0.00702
85	0.22905	0.44455	0.11266	0.01123	0.01635	0.06339	0.01107	0.01881	0.01244	0.01875	0.00939	0.01105	0.00802	0.00583	0.00443	0.00165	0.00673	0.00364	0.00313	0.00783
86	0.82323	0.01207	0.00931	0.00836	0.01211	0.01382	0.00680	0.01809	0.01066	0.02748	0.00905	0.01070	0.00715	0.00602	0.00402	0.00198	0.00488	0.00348	0.00394	0.00685
87	0.01385	0.01314	0.02186	0.38865	0.13968	0.04314	0.15446	0.01745	0.01361	0.04257	0.04361	0.03919	0.01222	0.00693	0.00682	0.00209	0.02312	0.00641	0.00344	0.00775
88	0.01575	0.03106	0.66372	0.01911	0.02746	0.01553	0.04345	0.02108	0.01522	0.02260	0.04362	0.01930	0.01326	0.00848	0.00741	0.00259	0.00974	0.00602	0.00405	0.01055
89	0.01537	0.01145	0.01528	0.15571	0.11161	0.01140	0.01145	0.01749	0.09179	0.05399	0.07633	0.18439	0.04912	0.01461	0.01096	0.13881	0.00659	0.00978	0.00560	0.00827
90	0.01598	0.03149	0.66881	0.02007	0.04801	0.01588	0.04825	0.02136	0.01509	0.02242	0.01463	0.01811	0.01138	0.00821	0.00737	0.00259	0.00994	0.00581	0.00391	0.01069
91	0.01184	0.00900	0.00994	0.00955	0.01155	0.00775	0.00688	0.01288	0.01753	0.02350	0.38744	0.05424	0.37928	0.01579	0.00862	0.00264	0.00435	0.01258	0.00723	0.00740
92	0.01244	0.00903	0.01077	0.01018	0.01192	0.00801	0.00735	0.01403	0.01894	0.02684	0.67955	0.04873	0.08508	0.01454	0.00861	0.00258	0.00426	0.01180	0.00767	0.00766
93	0.02152	0.02606	0.02086	0.01759	0.02136	0.58263	0.14296	0.05900	0.01744	0.01733	0.01074	0.01292	0.00875	0.00647	0.00604	0.00177	0.01067	0.00476	0.00346	0.00768
94	0.01511	0.01573	0.15574	0.33187	0.06009	0.01323	0.13432	0.01930	0.01384	0.13187	0.01435	0.01870	0.01077	0.00678	0.00649	0.00210	0.00815	0.02949	0.00378	0.00828
95	0.01659	0.74558	0.03196	0.01148	0.01668	0.02359	0.04664	0.01848	0.01272	0.01503	0.00922	0.01091	0.00842	0.00558	0.00432	0.00145	0.00682	0.00364	0.00283	0.00806
96	0.08504	0.15881	0.02218	0.05443	0.04908	0.34281	0.11483	0.02088	0.01483	0.01730	0.01030	0.01277	0.00860	0.00622	0.00587	0.00175	0.02664	0.00454	0.00325	0.03988
97	0.01388	0.01357	0.01856	0.01599	0.01622	0.01852	0.01320	0.01580	0.04635	0.01563	0.00940	0.01452	0.00905	0.01079	0.01919	0.00271	0.73097	0.00555	0.00304	0.00706
98	0.00939	0.00677	0.00950	0.00947	0.01036	0.00749	0.00700	0.01073	0.00984	0.01401	0.01691	0.02689	0.01655	0.17355	0.59193	0.04998	0.01388	0.00698	0.00349	0.00528
99	0.02300	0.01703	0.01821	0.01415	0.01891	0.01874	0.01157	0.68891	0.06427	0.03765	0.01555	0.01572	0.01124	0.00768	0.00629	0.00194	0.00673	0.00569	0.00622	0.01049
100	0.01406	0.01153	0.01316	0.01002	0.01500	0.00969	0.00790	0.01913	0.14599	0.04592	0.01430	0.01546	0.01145	0.00568	0.00510	0.00126	0.00476	0.00446	0.00438	0.64074
101	0.05514	0.03896	0.01879	0.01561	0.01630	0.04373	0.03031	0.01547	0.01025	0.01587	0.00946	0.03516	0.00935	0.01044	0.01742	0.00260	0.63953	0.00563	0.00302	0.00695
102	0.05069	0.00673	0.00774	0.00766	0.00811	0.00693	0.00481	0.01007	0.00943	0.01350	0.01846	0.03562	0.02033	0.60574	0.16342	0.00641	0.00786	0.00822	0.00379	0.00447
103	0.01482	0.01662	0.03569	0.02563	0.03172	0.01552	0.72200	0.01966	0.01458	0.01984	0.01280	0.01708	0.00974	0.00551	0.00736	0.00214	0.01031	0.00728	0.00327	0.00843
104	0.01273	0.02650	0.57662	0.01587	0.02331	0.01365	0.01900	0.02050	0.11801	0.02062	0.05234	0.01833	0.04101	0.00718	0.00616	0.00204	0.00794	0.00563	0.00360	0.00897
105	0.00779	0.00652	0.00662	0.00666	0.00865	0.00546	0.00491	0.00910	0.01397	0.01678	0.05967	0.09480	0.70627	0.01574	0.00739	0.00216	0.00330	0.01304	0.00577	0.00540
106	0.01198	0.01112	0.01840	0.76696	0.04160	0.01367	0.01688	0.01579	0.01241	0.01595	0.01131	0.01686	0.00861	0.00642	0.00627	0.00212	0.00820	0.00554	0.00289	0.00700

[dist]
# distance from previous block
# <min> <max>
0	2

[block]
# block no. 1 follows, 38 sequences, length 6
# corresponding to MSA columns:
# 487-492
name=unknown_B
#
# <colnr> <probs for GDERKNQSTAVLIFYWHMCP>
#	G	D	E	R	K	N	Q	S	T	A	V	L	I	F	Y	W	H	M	C	P
0	0.01666	0.01325	0.02237	0.11518	0.49827	0.01324	0.05400	0.02014	0.01418	0.15343	0.01356	0.01611	0.01032	0.00580	0.00604	0.00184	0.00703	0.00558	0.00376	0.00926
1	0.01655	0.01709	0.08699	0.02970	0.51010	0.05989	0.01710	0.14893	0.01647	0.02264	0.01172	0.01437	0.00938	0.00578	0.00591	0.00179	0.00742	0.00520	0.00350	0.00945
2	0.01127	0.00818	0.03181	0.00960	0.01178	0.00740	0.00792	0.01524	0.08201	0.09161	0.27337	0.11030	0.07243	0.01293	0.00717	0.00217	0.00428	0.20372	0.00600	0.03081
3	0.15993	0.00745	0.00848	0.00775	0.00987	0.00729	0.00598	0.01362	0.01556	0.07754	0.50969	0.03768	0.09512	0.01093	0.00640	0.00189	0.00335	0.00927	0.00608	0.00612
4	0.01860	0.01854	0.08110	0.01437	0.03782	0.15928	0.01181	0.29338	0.16177	0.02596	0.01504	0.01658	0.01171	0.04419	0.03273	0.00229	0.03584	0.00549	0.00477	0.00873
5	0.01162	0.00689	0.00875	0.00786	0.00999	0.00614	0.00604	0.01411	0.01643	0.15608	0.48411	0.04295	0.18163	0.01198	0.00691	0.00191	0.00329	0.01035	0.00657	0.00639

[dist]
# distance from previous block
# <min> <max>
0	5

[block]
# block no. 2 follows, 38 sequences, length 65
# corresponding to MSA columns:
# 498-562
name=unknown_C
#
# <colnr> <probs for GDERKNQSTAVLIFYWHMCP>
#	G	D	E	R	K	N	Q	S	T	A	V	L	I	F	Y	W	H	M	C	P
0	0.80714	0.01179	0.00911	0.00809	0.01184	0.01365	0.00666	0.03881	0.01077	0.02731	0.00856	0.00991	0.00663	0.00563	0.00379	0.00186	0.00471	0.00332	0.00379	0.00663
1	0.01591	0.75922	0.06298	0.01059	0.01590	0.02338	0.01081	0.01806	0.01224	0.01437	0.00847	0.00978	0.00772	0.00517	0.00394	0.00131	0.00654	0.00327	0.00257	0.00777
2	0.01012	0.00773	0.03647	0.00834	0.01033	0.00669	0.00668	0.04365	0.01736	0.05846	0.65523	0.04129	0.05098	0.01161	0.00695	0.00189	0.00333	0.01018	0.00648	0.00620
3	0.00744	0.00531	0.00710	0.00850	0.00889	0.00498	0.00577	0.00856	0.01162	0.01548	0.03310	0.75221	0.03955	0.01875	0.00771	0.00246	0.00358	0.04849	0.00558	0.00492
4	0.00747	0.00622	0.00683	0.03213	0.00940	0.00544	0.00519	0.00926	0.01406	0.01737	0.16185	0.08826	0.58631	0.01465	0.00710	0.00203	0.00320	0.01238	0.00565	0.00521
5	0.01496	0.01292	0.01360	0.01224	0.01564	0.01496	0.00952	0.03197	0.74019	0.02516	0.02448	0.02244	0.01836	0.00816	0.00612	0.00204	0.00476	0.00680	0.00612	0.00952
6	0.02127	0.01668	0.01842	0.01652	0.10563	0.04583	0.01213	0.56378	0.08299	0.03385	0.01468	0.01500	0.01070	0.00704	0.00600	0.00181	0.00669	0.00546	0.00555	0.00997
7	0.01121	0.00561	0.00561	0.00561	0.00701	0.00561	0.00421	0.01402	0.01262	0.02243	0.01962	0.02243	0.01542	0.00701	0.00421	0.00140	0.00280	0.00561	0.82198	0.00561
8	0.01489	0.01277	0.01376	0.04746	0.01672	0.01473	0.00978	0.06206	0.64986	0.02499	0.02461	0.02297	0.04196	0.00826	0.00614	0.00203	0.00494	0.00687	0.00594	0.00927
9	0.00860	0.00642	0.00952	0.00952	0.01055	0.00744	0.00734	0.01065	0.00963	0.01386	0.01625	0.02436	0.01536	0.07961	0.73068	0.00949	0.01564	0.00655	0.00324	0.00529
10	0.02220	0.06173	0.01767	0.01527	0.01846	0.73237	0.01157	0.02376	0.01684	0.01470	0.00926	0.01080	0.00775	0.00615	0.00536	0.00154	0.01066	0.00385	0.00308	0.00701
11	0.01496	0.01292	0.01360	0.01224	0.01564	0.01496	0.00952	0.03197	0.74019	0.02516	0.02448	0.02244	0.01836	0.00816	0.00612	0.00204	0.00476	0.00680	0.00612	0.00952
12	0.12533	0.02842	0.65389	0.01587	0.02404	0.01391	0.02005	0.01886	0.01236	0.02015	0.01046	0.01230	0.00747	0.00570	0.00544	0.00190	0.00830	0.00428	0.00270	0.00856
13	0.01681	0.66072	0.05687	0.01118	0.01626	0.08979	0.01091	0.05012	0.01339	0.01544	0.00881	0.01008	0.00783	0.00535	0.00417	0.00136	0.00693	0.00342	0.00277	0.00781
14	0.01175	0.01109	0.01875	0.69265	0.11986	0.01347	0.01690	0.01571	0.01221	0.01584	0.01076	0.01591	0.00819	0.00594	0.00601	0.00198	0.00792	0.00535	0.00271	0.00700
15	0.01691	0.05783	0.17975	0.05314	0.19096	0.09010	0.04238	0.19791	0.07141	0.02354	0.01263	0.01431	0.00961	0.00620	0.00582	0.00181	0.00770	0.00510	0.00386	0.00905
16	0.03852	0.01254	0.08182	0.03518	0.10367	0.07142	0.09543	0.01449	0.03603	0.01739	0.02236	0.37740	0.02423	0.01220	0.00683	0.00216	0.00606	0.03128	0.00437	0.00662
17	0.02309	0.00982	0.01302	0.01007	0.01446	0.00836	0.00823	0.02546	0.01648	0.58386	0.07370	0.02290	0.05027	0.00778	0.00598	0.00176	0.00479	0.00639	0.00684	0.10676
18	0.01496	0.01292	0.01360	0.01224	0.01564	0.01496	0.00952	0.03197	0.74019	0.02516	0.02448	0.02244	0.01836	0.00816	0.00612	0.00204	0.00476	0.00680	0.00612	0.00952
19	0.00851	0.00615	0.00804	0.00757	0.00899	0.00568	0.00568	0.01135	0.01703	0.02412	0.74788	0.04494	0.05676	0.01230	0.00710	0.00189	0.00284	0.01088	0.00662	0.00568
20	0.83108	0.01163	0.00884	0.00791	0.01163	0.01350	0.00651	0.01768	0.01024	0.02699	0.00838	0.00977	0.00651	0.00558	0.00372	0.00186	0.00465	0.00326	0.00372	0.00651
21	0.83108	0.01163	0.00884	0.00791	0.01163	0.01350	0.00651	0.01768	0.01024	0.02699	0.00838	0.00977	0.00651	0.00558	0.00372	0.00186	0.00465	0.00326	0.00372	0.00651
22	0.00856	0.00578	0.00675	0.00692	0.00701	0.00579	0.00406	0.00879	0.00913	0.01223	0.02061	0.13187	0.02382	0.66015	0.05954	0.00557	0.00598	0.00969	0.00387	0.00388
23	0.75876	0.01210	0.00967	0.00844	0.01226	0.01396	0.00696	0.08151	0.01185	0.02797	0.00892	0.01019	0.00685	0.00573	0.00393	0.00186	0.00483	0.00345	0.00393	0.00685
24	0.00745	0.00639	0.00642	0.00636	0.00845	0.00551	0.00478	0.00964	0.04516	0.01664	0.05936	0.05636	0.71701	0.01493	0.00707	0.00203	0.00312	0.01244	0.00561	0.00527
25	0.01007	0.00851	0.01147	0.01179	0.02855	0.04030	0.06614	0.01344	0.07789	0.01738	0.02881	0.39800	0.03187	0.01530	0.00754	0.00241	0.00513	0.21423	0.00525	0.00594
26	0.01255	0.09780	0.66070	0.01741	0.05715	0.01486	0.02100	0.01893	0.01270	0.01864	0.01060	0.01253	0.00771	0.00565	0.00556	0.00185	0.00860	0.00438	0.00256	0.00882
27	0.01207	0.03112	0.75741	0.01715	0.02604	0.01397	0.02223	0.01905	0.01270	0.01905	0.01080	0.01270	0.00762	0.00572	0.00572	0.00191	0.00889	0.00445	0.00254	0.00889
28	0.00969	0.00692	0.00969	0.01108	0.01246	0.00692	0.00969	0.01246	0.01385	0.01800	0.03185	0.06786	0.03462	0.01662	0.00831	0.00277	0.00554	0.71057	0.00554	0.00554
29	0.01121	0.00561	0.00561	0.00561	0.00701	0.00561	0.00421	0.01402	0.01262	0.02243	0.01962	0.02243	0.01542	0.00701	0.00421	0.00140	0.00280	0.00561	0.82198	0.00561
30	0.00913	0.00629	0.00824	0.00767	0.00920	0.00578	0.00578	0.01195	0.01703	0.04842	0.72382	0.04412	0.05537	0.01214	0.00706	0.00189	0.00291	0.01072	0.00665	0.00583
31	0.02247	0.02867	0.01705	0.01550	0.01860	0.76443	0.01162	0.02402	0.01705	0.01472	0.00930	0.01085	0.00775	0.00620	0.00542	0.00155	0.01085	0.00387	0.00310	0.00697
32	0.00859	0.00645	0.00967	0.00967	0.01074	0.00752	0.00752	0.01074	0.00967	0.01396	0.01611	0.02363	0.01504	0.04512	0.76474	0.00967	0.01611	0.00645	0.00322	0.00537
33	0.00857	0.00624	0.00767	0.00730	0.00896	0.00561	0.00552	0.01103	0.01605	0.03821	0.52747	0.04843	0.24618	0.01309	0.00710	0.00195	0.00300	0.02566	0.00633	0.00561
34	0.01316	0.01316	0.01843	0.01579	0.01579	0.01843	0.01316	0.01448	0.00921	0.01448	0.00790	0.01316	0.00790	0.01053	0.01974	0.00263	0.77757	0.00526	0.00263	0.00658
35	0.00859	0.00645	0.00967	0.00967	0.01074	0.00752	0.00752	0.01074	0.00967	0.01396	0.01611	0.02363	0.01504	0.04512	0.76474	0.00967	0.01611	0.00645	0.00322	0.00537
36	0.00859	0.00645	0.00967	0.00967	0.01074	0.00752	0.00752	0.01074	0.00967	0.01396	0.01611	0.02363	0.01504	0.04512	0.76474	0.00967	0.01611	0.00645	0.00322	0.00537
37	0.01247	0.01069	0.01247	0.00891	0.01426	0.00802	0.00713	0.01515	0.01247	0.01960	0.01069	0.01247	0.00891	0.00446	0.00446	0.00089	0.00446	0.00356	0.00356	0.82536
38	0.01289	0.01378	0.02814	0.22746	0.05316	0.01385	0.45689	0.01731	0.01338	0.01791	0.01344	0.07819	0.01131	0.00645	0.00682	0.00205	0.00894	0.00738	0.00315	0.00751
39	0.01551	0.01319	0.01391	0.01235	0.01585	0.01522	0.00965	0.08035	0.69092	0.02605	0.02379	0.02189	0.01780	0.00810	0.00611	0.00202	0.00489	0.00671	0.00611	0.00957
40	0.01398	0.08732	0.15793	0.02256	0.05170	0.01555	0.50289	0.01899	0.01371	0.01880	0.01153	0.01490	0.00875	0.00518	0.00647	0.00190	0.00936	0.00615	0.00293	0.02941
41	0.00733	0.00524	0.00698	0.00838	0.00873	0.00489	0.00558	0.00838	0.01152	0.01536	0.03316	0.78466	0.03979	0.01885	0.00768	0.00244	0.00349	0.01710	0.00558	0.00489
42	0.01207	0.03112	0.75741	0.01715	0.02604	0.01397	0.02223	0.01905	0.01270	0.01905	0.01080	0.01270	0.00762	0.00572	0.00572	0.00191	0.00889	0.00445	0.00254	0.00889
43	0.00736	0.00526	0.00701	0.00835	0.00873	0.00491	0.00559	0.00846	0.01167	0.01561	0.05353	0.76357	0.04027	0.01866	0.00766	0.00243	0.00347	0.01692	0.00561	0.00491
44	0.01121	0.00561	0.00561	0.00561	0.00701	0.00561	0.00421	0.01402	0.01262	0.02243	0.01962	0.02243	0.01542	0.00701	0.00421	0.00140	0.00280	0.00561	0.82198	0.00561
45	0.01489	0.01429	0.02442	0.03692	0.75106	0.01429	0.01846	0.01846	0.01370	0.01965	0.01132	0.01489	0.00953	0.00536	0.00596	0.00179	0.00715	0.00536	0.00298	0.00953
46	0.02287	0.01685	0.01805	0.01384	0.01866	0.01866	0.01143	0.73100	0.02828	0.03791	0.01444	0.01444	0.01023	0.00722	0.00602	0.00181	0.00662	0.00542	0.00602	0.01023
47	0.02120	0.01117	0.01473	0.01207	0.01534	0.01184	0.00994	0.06810	0.07930	0.42605	0.01995	0.02103	0.01435	0.01022	0.04256	0.00242	0.16695	0.03782	0.00596	0.00898
48	0.00870	0.00643	0.00817	0.00778	0.00932	0.00603	0.00591	0.01196	0.04339	0.02329	0.63674	0.04611	0.10747	0.01256	0.00711	0.00195	0.00304	0.04180	0.00648	0.00577
49	0.01592	0.71860	0.08589	0.01092	0.01631	0.03885	0.01122	0.01822	0.01236	0.01453	0.00857	0.00991	0.00771	0.00521	0.00403	0.00134	0.00671	0.00332	0.00258	0.00779
50	0.01662	0.05172	0.01410	0.01001	0.01469	0.00935	0.02526	0.01976	0.04757	0.23193	0.01674	0.07450	0.01339	0.00665	0.00527	0.00139	0.00483	0.00554	0.00490	0.42578
51	0.70445	0.07416	0.03448	0.00830	0.01220	0.01399	0.00722	0.01759	0.01058	0.02552	0.00894	0.01040	0.00703	0.00562	0.00382	0.00180	0.00485	0.00339	0.03901	0.00665
52	0.00899	0.00631	0.00803	0.00794	0.00847	0.00677	0.00534	0.02509	0.00953	0.01314	0.01774	0.03262	0.01892	0.47836	0.31980	0.00726	0.00991	0.00777	0.00353	0.00447
53	0.00737	0.00527	0.00702	0.00835	0.00874	0.00492	0.00559	0.00849	0.01172	0.01568	0.05960	0.75729	0.04042	0.01860	0.00766	0.00242	0.00347	0.01687	0.00562	0.00492
54	0.01403	0.01587	0.03421	0.06372	0.03160	0.01519	0.67621	0.01896	0.01397	0.01896	0.01200	0.01615	0.00904	0.00524	0.00733	0.00204	0.02749	0.00697	0.00301	0.00800
55	0.01380	0.01457	0.07812	0.09761	0.56888	0.01346	0.01760	0.01754	0.01348	0.01901	0.01430	0.01902	0.04302	0.00637	0.00610	0.00187	0.00710	0.03615	0.00314	0.00886
56	0.00860	0.00643	0.00959	0.00959	0.01063	0.00748	0.00742	0.01069	0.00964	0.01390	0.01619	0.02404	0.01522	0.06454	0.74557	0.00957	0.01584	0.00651	0.00323	0.00533
57	0.00875	0.00583	0.00656	0.00656	0.00656	0.00583	0.00365	0.00875	0.00875	0.01166	0.01895	0.03937	0.02187	0.78858	0.03062	0.00583	0.00583	0.00875	0.00365	0.00365
58	0.01563	0.01519	0.01839	0.08313	0.04343	0.09497	0.01321	0.13425	0.01358	0.01863	0.00949	0.01345	0.00833	0.00896	0.01432	0.00230	0.47700	0.00516	0.00326	0.00733
59	0.00863	0.00636	0.00783	0.00861	0.00940	0.00633	0.00601	0.01133	0.08662	0.01599	0.03072	0.45413	0.06656	0.16349	0.01191	0.00306	0.00426	0.08826	0.00527	0.00521
60	0.00812	0.00617	0.00750	0.00725	0.00886	0.00554	0.00550	0.01054	0.01584	0.02136	0.49917	0.05004	0.27504	0.01342	0.00715	0.00197	0.00302	0.04177	0.00625	0.00548
61	0.02223	0.05733	0.01759	0.01530	0.01848	0.73663	0.01157	0.02380	0.01687	0.01470	0.00926	0.01080	0.00775	0.00616	0.00537	0.00154	0.01068	0.00385	0.00308	0.00700
62	0.01136	0.01069	0.01804	0.77412	0.04143	0.01337	0.01671	0.01537	0.01203	0.01537	0.01069	0.01604	0.00802	0.00601	0.00601	0.00200	0.00802	0.00535	0.00267	0.00668
63	0.00936	0.00631	0.00706	0.00688	0.00708	0.00639	0.00398	0.04001	0.00959	0.01280	0.01876	0.03829	0.02137	0.75476	0.02955	0.00566	0.00587	0.00860	0.00375	0.00393
64	0.04447	0.02506	0.01847	0.01598	0.01918	0.56883	0.06874	0.07017	0.01671	0.01698	0.00973	0.01169	0.00800	0.00653	0.00678	0.00171	0.07615	0.00434	0.00327	0.00724

[dist]
# distance from previous block
# <min> <max>
0	1

[block]
# block no. 3 follows, 38 sequences, length 9
# corresponding to MSA columns:
# 564-572
name=unknown_D
#
# <colnr> <probs for GDERKNQSTAVLIFYWHMCP>
#	G	D	E	R	K	N	Q	S	T	A	V	L	I	F	Y	W	H	M	C	P
0	0.29507	0.10237	0.03393	0.01138	0.01535	0.16214	0.00948	0.18024	0.01631	0.05573	0.01215	0.05870	0.01014	0.00692	0.00498	0.00176	0.00656	0.00485	0.00423	0.00770
1	0.06402	0.10567	0.37585	0.12947	0.05329	0.13747	0.01732	0.01910	0.01315	0.01779	0.01015	0.01248	0.00772	0.00576	0.00541	0.00179	0.00850	0.00432	0.00274	0.00801
2	0.01384	0.36633	0.43771	0.01413	0.02137	0.01830	0.01697	0.01859	0.01249	0.01689	0.00972	0.01136	0.00766	0.00546	0.00490	0.00163	0.00781	0.00390	0.00255	0.00838
3	0.01023	0.00859	0.01320	0.05329	0.01477	0.00837	0.11586	0.05634	0.01612	0.02208	0.41540	0.03755	0.13310	0.01293	0.05307	0.00241	0.00530	0.00964	0.00548	0.00628
4	0.01211	0.00689	0.00742	0.00698	0.00870	0.00722	0.00538	0.08882	0.01389	0.02299	0.01864	0.02174	0.01483	0.01181	0.09981	0.00248	0.00487	0.00569	0.63366	0.00606
5	0.01382	0.01143	0.01251	0.01131	0.01427	0.01282	0.00885	0.06932	0.50674	0.02533	0.17383	0.02914	0.02671	0.00943	0.00644	0.00204	0.00452	0.04677	0.00619	0.00855
6	0.01296	0.00729	0.00747	0.00684	0.00875	0.00756	0.00529	0.12146	0.01496	0.02475	0.01885	0.02123	0.01464	0.00704	0.00448	0.00146	0.00338	0.00558	0.69971	0.00630
7	0.18176	0.01109	0.01222	0.00927	0.01384	0.01001	0.00750	0.01562	0.01174	0.02071	0.00998	0.01197	0.00833	0.00519	0.00557	0.00124	0.06859	0.00364	0.00352	0.58821
8	0.01553	0.07081	0.14855	0.02121	0.02713	0.15627	0.43392	0.02005	0.01436	0.01805	0.01116	0.01422	0.00853	0.00539	0.00635	0.00187	0.00983	0.00582	0.00294	0.00800

[dist]
# distance from previous block
# <min> <max>
0	16

[block]
# block no. 4 follows, 38 sequences, length 64
# corresponding to MSA columns:
# 589-652
name=unknown_E
#
# <colnr> <probs for GDERKNQSTAVLIFYWHMCP>
#	G	D	E	R	K	N	Q	S	T	A	V	L	I	F	Y	W	H	M	C	P
0	0.01994	0.00981	0.01242	0.01012	0.01380	0.00918	0.00806	0.02485	0.14405	0.42129	0.14751	0.02554	0.02273	0.04801	0.00740	0.00205	0.00466	0.00701	0.00666	0.05491
1	0.13540	0.01587	0.01648	0.01291	0.01748	0.01770	0.01062	0.58668	0.07113	0.03557	0.01423	0.01430	0.01023	0.00705	0.00570	0.00183	0.00623	0.00520	0.00570	0.00967
2	0.00847	0.00615	0.00798	0.00752	0.00896	0.00566	0.00564	0.01126	0.01692	0.02387	0.72568	0.04536	0.07912	0.01239	0.00710	0.00190	0.00284	0.01094	0.00659	0.00566
3	0.01403	0.01378	0.08468	0.01112	0.01610	0.01154	0.00964	0.08679	0.22539	0.02279	0.01545	0.02910	0.01220	0.00616	0.00526	0.00143	0.00515	0.00500	0.00447	0.41991
4	0.01333	0.06265	0.37546	0.02139	0.06995	0.01501	0.31749	0.01906	0.01336	0.01893	0.01128	0.01415	0.00837	0.00540	0.00621	0.00192	0.00919	0.00555	0.00278	0.00854
5	0.01410	0.01604	0.03492	0.05011	0.03177	0.01515	0.70565	0.01914	0.01413	0.01914	0.01212	0.01622	0.00909	0.00510	0.00706	0.00203	0.01007	0.00704	0.00303	0.00807
6	0.00873	0.00591	0.00696	0.00696	0.00710	0.00605	0.00414	0.00900	0.00887	0.01196	0.01859	0.03734	0.02099	0.69291	0.12509	0.00633	0.00716	0.00845	0.00359	0.00387
7	0.02390	0.05284	0.01698	0.01241	0.01707	0.03480	0.04024	0.22401	0.06298	0.42143	0.01950	0.01790	0.01298	0.00717	0.00596	0.00183	0.00596	0.00576	0.00641	0.00988
8	0.02070	0.01621	0.05110	0.01520	0.02016	0.01640	0.12084	0.48548	0.03678	0.09965	0.01574	0.04627	0.01172	0.00733	0.00624	0.00188	0.00695	0.00618	0.00553	0.00962
9	0.00829	0.00597	0.00784	0.00772	0.00894	0.00552	0.00566	0.01078	0.01597	0.02244	0.61026	0.18738	0.05349	0.01356	0.00721	0.00200	0.00296	0.01208	0.00642	0.00552
10	0.01318	0.01261	0.05371	0.01105	0.01610	0.01022	0.04401	0.05542	0.01316	0.02011	0.01072	0.01284	0.00883	0.00526	0.00613	0.00121	0.07542	0.00404	0.00354	0.62243
11	0.01045	0.00522	0.00784	0.00784	0.00784	0.00522	0.00522	0.00784	0.00784	0.01045	0.01045	0.01829	0.01045	0.02090	0.02351	0.82497	0.00522	0.00522	0.00261	0.00261
12	0.02089	0.21828	0.02064	0.01421	0.01781	0.58051	0.01129	0.02253	0.01585	0.01458	0.00907	0.01055	0.00774	0.00594	0.00504	0.00148	0.00975	0.00371	0.00297	0.00716
13	0.02127	0.05608	0.05689	0.01324	0.01826	0.01717	0.01142	0.53630	0.05152	0.08373	0.01472	0.01470	0.01051	0.00691	0.00580	0.00174	0.00642	0.00523	0.00560	0.06250
14	0.00865	0.00579	0.00659	0.00668	0.00671	0.00577	0.00377	0.00872	0.00893	0.01191	0.01991	0.08926	0.02307	0.73706	0.02908	0.00561	0.00568	0.00931	0.00377	0.00373
15	0.02271	0.02047	0.01703	0.01407	0.01815	0.30065	0.01115	0.35569	0.06043	0.10003	0.01395	0.01410	0.01018	0.00691	0.00580	0.00173	0.00798	0.00497	0.00506	0.00896
16	0.21600	0.01119	0.01582	0.50524	0.05894	0.01337	0.01378	0.03425	0.01227	0.05028	0.01078	0.01459	0.00805	0.00597	0.00544	0.00195	0.00699	0.00486	0.00323	0.00699
17	0.06553	0.31796	0.24364	0.01519	0.06111	0.03601	0.08134	0.01888	0.04206	0.01807	0.04088	0.01348	0.01031	0.00579	0.00509	0.00167	0.00733	0.00455	0.00303	0.00810
18	0.00879	0.00641	0.00837	0.00823	0.00970	0.00605	0.00643	0.01182	0.02931	0.02274	0.58010	0.04915	0.07799	0.01311	0.00730	0.00206	0.00337	0.13700	0.00638	0.00570
19	0.00733	0.00524	0.00698	0.00838	0.00873	0.00489	0.00558	0.00838	0.01152	0.01536	0.03316	0.78466	0.03979	0.01885	0.00768	0.00244	0.00349	0.01710	0.00558	0.00489
20	0.01582	0.16503	0.04026	0.07926	0.39928	0.05782	0.07651	0.03201	0.01392	0.04847	0.01122	0.01403	0.00914	0.00551	0.00562	0.00172	0.00747	0.00502	0.00312	0.00875
21	0.02531	0.01294	0.01563	0.01198	0.01670	0.01285	0.00990	0.31568	0.02173	0.46248	0.01994	0.01801	0.01299	0.00735	0.00604	0.00184	0.00573	0.00579	0.00686	0.01023
22	0.00740	0.00529	0.00704	0.00833	0.00874	0.00493	0.00559	0.00855	0.01184	0.01587	0.07471	0.74165	0.04077	0.01847	0.00764	0.00241	0.00345	0.01674	0.00564	0.00493
23	0.00860	0.00641	0.00950	0.00950	0.01052	0.00743	0.00732	0.01064	0.00962	0.01384	0.01626	0.02446	0.01540	0.08429	0.72606	0.00947	0.01557	0.00657	0.00324	0.00528
24	0.28998	0.10646	0.01552	0.01150	0.01528	0.24225	0.00931	0.13239	0.01601	0.05017	0.05142	0.01318	0.01072	0.00642	0.00489	0.00169	0.00696	0.00431	0.00406	0.00747
25	0.01058	0.00827	0.00869	0.00834	0.00926	0.03825	0.00549	0.01435	0.16149	0.01478	0.01950	0.03349	0.02005	0.53753	0.08096	0.00517	0.00660	0.00797	0.00411	0.00514
26	0.02617	0.01007	0.01364	0.01051	0.01506	0.00869	0.00867	0.02846	0.01707	0.72465	0.02527	0.02202	0.04525	0.00777	0.00609	0.00187	0.00503	0.00632	0.00737	0.01002
27	0.01247	0.01069	0.01247	0.00891	0.01426	0.00802	0.00713	0.01515	0.01247	0.01960	0.01069	0.01247	0.00891	0.00446	0.00446	0.00089	0.00446	0.00356	0.00356	0.82536
28	0.00734	0.00607	0.00622	0.00620	0.00800	0.00518	0.00452	0.00876	0.01333	0.01610	0.08497	0.05542	0.64393	0.09605	0.00957	0.00242	0.00333	0.01221	0.00543	0.00495
29	0.02254	0.01669	0.01787	0.01378	0.01853	0.01850	0.01135	0.70208	0.05774	0.03739	0.01486	0.01477	0.01057	0.00726	0.00602	0.00182	0.00654	0.00547	0.00602	0.01020
30	0.00954	0.00682	0.00948	0.01062	0.01201	0.00676	0.00917	0.01232	0.01427	0.01881	0.12599	0.06484	0.03753	0.01605	0.00815	0.00265	0.00518	0.61857	0.00568	0.00556
31	0.01316	0.01316	0.01843	0.01579	0.01579	0.01843	0.01316	0.01448	0.00921	0.01448	0.00790	0.01316	0.00790	0.01053	0.01974	0.00263	0.77757	0.00526	0.00263	0.00658
32	0.01121	0.00561	0.00561	0.00561	0.00701	0.00561	0.00421	0.01402	0.01262	0.02243	0.01962	0.02243	0.01542	0.00701	0.00421	0.00140	0.00280	0.00561	0.82198	0.00561
33	0.02247	0.02867	0.01705	0.01550	0.01860	0.76443	0.01162	0.02402	0.01705	0.01472	0.00930	0.01085	0.00775	0.00620	0.00542	0.00155	0.01085	0.00387	0.00310	0.00697
34	0.01443	0.01448	0.02666	0.09319	0.51543	0.01445	0.19482	0.01841	0.01369	0.01921	0.01148	0.01531	0.00931	0.00534	0.00624	0.00186	0.00796	0.00579	0.00297	0.00895
35	0.02245	0.01664	0.01782	0.01376	0.01850	0.01846	0.01133	0.69444	0.06552	0.03725	0.01497	0.01486	0.01066	0.00727	0.00602	0.00182	0.00652	0.00549	0.00602	0.01019
36	0.02052	0.01537	0.01655	0.01317	0.01742	0.01713	0.01068	0.54418	0.17589	0.03370	0.01632	0.01633	0.01194	0.00819	0.00703	0.04823	0.00615	0.00569	0.00585	0.00965
37	0.02699	0.01024	0.01396	0.01070	0.01536	0.00884	0.00884	0.02932	0.01722	0.75522	0.02373	0.02048	0.01489	0.00745	0.00605	0.00186	0.00512	0.00605	0.00745	0.01024
38	0.00992	0.00788	0.01142	0.11609	0.01526	0.00793	0.04785	0.05013	0.01652	0.02291	0.52773	0.05937	0.06119	0.01101	0.00690	0.00193	0.00419	0.00983	0.00578	0.00616
39	0.01080	0.00962	0.01531	0.53432	0.03173	0.01160	0.01366	0.03726	0.01235	0.01608	0.01630	0.20677	0.01598	0.00939	0.00687	0.00213	0.03172	0.00827	0.00351	0.00635
40	0.00875	0.00583	0.00656	0.00656	0.00656	0.00583	0.00365	0.00875	0.00875	0.01166	0.01895	0.03937	0.02187	0.78858	0.03062	0.00583	0.00583	0.00875	0.00365	0.00365
41	0.01313	0.01352	0.04606	0.01558	0.02133	0.01101	0.28846	0.01688	0.01315	0.01945	0.01127	0.01394	0.00895	0.00474	0.00553	0.00137	0.00681	0.00497	0.00333	0.48052
42	0.81260	0.01175	0.00905	0.00805	0.01179	0.01361	0.00663	0.03399	0.01065	0.02724	0.00852	0.00988	0.00660	0.00562	0.00378	0.00186	0.00470	0.00331	0.00378	0.00660
43	0.01348	0.12996	0.53260	0.01760	0.05462	0.05833	0.07468	0.01919	0.01304	0.01820	0.01052	0.01255	0.00784	0.00560	0.00557	0.00181	0.00870	0.00449	0.00263	0.00859
44	0.01045	0.00522	0.00784	0.00784	0.00784	0.00522	0.00522	0.00784	0.00784	0.01045	0.01045	0.01829	0.01045	0.02090	0.02351	0.82497	0.00522	0.00522	0.00261	0.00261
45	0.01713	0.28697	0.24894	0.01425	0.01981	0.28450	0.01443	0.02047	0.01409	0.01586	0.00944	0.01101	0.00770	0.00570	0.00499	0.00157	0.00876	0.00383	0.00275	0.00781
46	0.01057	0.00912	0.01452	0.13916	0.21374	0.00959	0.02349	0.01281	0.01213	0.01651	0.02153	0.35122	0.02358	0.01257	0.00798	0.02941	0.03647	0.04494	0.00416	0.00650
47	0.01420	0.01623	0.03550	0.02535	0.03144	0.01521	0.72921	0.01927	0.01420	0.01927	0.01217	0.01623	0.00913	0.00507	0.00710	0.00203	0.01014	0.00710	0.00304	0.00811
48	0.01231	0.01167	0.05383	0.00944	0.01473	0.00841	0.00797	0.01554	0.03194	0.01955	0.01197	0.04376	0.01033	0.00520	0.00470	0.00104	0.00467	0.00424	0.00366	0.72502
49	0.00736	0.00539	0.00691	0.00803	0.00866	0.00495	0.00545	0.00856	0.01208	0.01590	0.07179	0.65197	0.13476	0.01805	0.00757	0.00236	0.00340	0.01621	0.00564	0.00495
