[name]
unknown

[dist]
# distance from previous block
# <min> <max>
0	189

[block]
# block no. 0 follows, 41 sequences, length 12
# corresponding to MSA columns:
# 198-209
name=unknown_A
#
# <colnr> <probs for GDERKNQSTAVLIFYWHMCP>
#	G	D	E	R	K	N	Q	S	T	A	V	L	I	F	Y	W	H	M	C	P
0	0.01147	0.02959	0.76934	0.01630	0.02476	0.01328	0.02113	0.01811	0.01208	0.01811	0.01026	0.01208	0.00725	0.00543	0.00543	0.00181	0.00845	0.00423	0.00242	0.00845
1	0.22011	0.02159	0.01369	0.01237	0.01545	0.51580	0.00945	0.04551	0.01480	0.01770	0.01183	0.01295	0.05372	0.00632	0.00488	0.00158	0.00828	0.00411	0.00333	0.00652
2	0.00874	0.00676	0.00817	0.00886	0.00990	0.00698	0.00622	0.01344	0.19204	0.01688	0.02951	0.60638	0.03286	0.01544	0.00694	0.00223	0.00361	0.01387	0.00543	0.00572
3	0.01056	0.00772	0.00915	0.00910	0.01057	0.00785	0.00661	0.18766	0.01497	0.01989	0.02882	0.55879	0.07565	0.01501	0.00688	0.00215	0.00402	0.01329	0.00541	0.00590
4	0.01295	0.01188	0.01980	0.02911	0.57991	0.01188	0.01552	0.01616	0.01306	0.01830	0.01552	0.02645	0.01488	0.00771	0.00621	0.00193	0.00642	0.18074	0.00343	0.00813
5	0.02471	0.01127	0.01422	0.01090	0.01537	0.01068	0.00901	0.20270	0.01894	0.58881	0.02041	0.01807	0.01308	0.00703	0.00574	0.00176	0.00522	0.00561	0.00675	0.00973
6	0.01262	0.01014	0.01194	0.00857	0.01361	0.00767	0.00687	0.01514	0.01211	0.05985	0.01085	0.01228	0.00879	0.00439	0.00432	0.00090	0.00427	0.00352	0.00359	0.78857
7	0.01423	0.01229	0.01293	0.01164	0.01487	0.01423	0.00905	0.03039	0.75297	0.02393	0.02328	0.02134	0.01746	0.00776	0.00582	0.00194	0.00453	0.00647	0.00582	0.00905
8	0.00681	0.00560	0.00600	0.00632	0.00787	0.00478	0.00458	0.00815	0.01253	0.01524	0.05150	0.23569	0.58450	0.01532	0.00689	0.00203	0.00300	0.01309	0.00531	0.00478
9	0.00772	0.00583	0.00713	0.00681	0.00832	0.00524	0.00510	0.01007	0.01531	0.02085	0.56487	0.04615	0.25069	0.01247	0.00675	0.00184	0.00275	0.01082	0.00602	0.00524
10	0.83938	0.01106	0.00841	0.00752	0.01106	0.01283	0.00619	0.01681	0.00973	0.02566	0.00796	0.00929	0.00619	0.00531	0.00354	0.00177	0.00442	0.00310	0.00354	0.00619
11	0.01384	0.01321	0.02221	0.10611	0.66285	0.01353	0.01704	0.01780	0.04351	0.01851	0.01122	0.01456	0.00927	0.00527	0.00567	0.00173	0.00678	0.00515	0.00293	0.00880

[dist]
# distance from previous block
# <min> <max>
0	1

[block]
# block no. 1 follows, 41 sequences, length 23
# corresponding to MSA columns:
# 211-233
name=unknown_B
#
# <colnr> <probs for GDERKNQSTAVLIFYWHMCP>
#	G	D	E	R	K	N	Q	S	T	A	V	L	I	F	Y	W	H	M	C	P
0	0.01859	0.01405	0.01546	0.01282	0.03864	0.01527	0.01006	0.41644	0.23715	0.06227	0.01650	0.01605	0.01205	0.00685	0.00562	0.00171	0.00554	0.00540	0.00551	0.08402
1	0.00865	0.02848	0.03123	0.00947	0.02966	0.04613	0.00667	0.02901	0.01175	0.01532	0.02807	0.66889	0.03302	0.01595	0.00695	0.00220	0.00408	0.01431	0.00497	0.00519
2	0.02111	0.02264	0.01666	0.01668	0.11517	0.55205	0.01148	0.02296	0.01582	0.13608	0.01131	0.01230	0.00869	0.00598	0.00532	0.00155	0.00897	0.00420	0.00360	0.00745
3	0.01345	0.01111	0.01272	0.00923	0.01423	0.00926	0.00744	0.13209	0.01428	0.02145	0.01074	0.01216	0.00867	0.00466	0.00448	0.00099	0.00457	0.00367	0.00377	0.70104
4	0.00818	0.00685	0.00724	0.00696	0.00901	0.00643	0.00527	0.01220	0.13285	0.01801	0.16420	0.04765	0.52850	0.01296	0.00661	0.00191	0.00313	0.01089	0.00555	0.00560
5	0.00998	0.00574	0.00771	0.00832	0.00931	0.00525	0.00581	0.01118	0.01183	0.13597	0.03008	0.67015	0.03401	0.01617	0.00705	0.00223	0.00357	0.01457	0.00560	0.00547
6	0.14233	0.00643	0.00659	0.00645	0.00702	0.00672	0.00391	0.00969	0.00855	0.01344	0.01640	0.03289	0.01844	0.67100	0.02499	0.00494	0.00536	0.00748	0.00348	0.00391
7	0.01302	0.01158	0.01798	0.55888	0.13419	0.01364	0.01530	0.13266	0.01415	0.01862	0.01082	0.01486	0.00816	0.00582	0.00571	0.00185	0.00730	0.00510	0.00309	0.00727
8	0.83938	0.01106	0.00841	0.00752	0.01106	0.01283	0.00619	0.01681	0.00973	0.02566	0.00796	0.00929	0.00619	0.00531	0.00354	0.00177	0.00442	0.00310	0.00354	0.00619
9	0.00788	0.00584	0.00735	0.00697	0.00841	0.00531	0.00523	0.01038	0.01568	0.02173	0.64703	0.04471	0.16798	0.01214	0.00675	0.00182	0.00273	0.01062	0.00614	0.00531
10	0.70577	0.01092	0.00982	0.13293	0.01563	0.01281	0.00776	0.01646	0.01001	0.02388	0.00832	0.01025	0.00643	0.00538	0.00389	0.00179	0.00494	0.00342	0.00338	0.00622
11	0.00922	0.00687	0.00986	0.09587	0.01440	0.00708	0.00937	0.01200	0.01344	0.01773	0.13990	0.05572	0.03334	0.01405	0.00748	0.00243	0.00513	0.53559	0.00512	0.00541
12	0.00851	0.00651	0.00910	0.12640	0.01327	0.00652	0.00700	0.01138	0.01546	0.02166	0.64536	0.03852	0.04687	0.01078	0.00659	0.00182	0.00345	0.00954	0.00572	0.00554
13	0.02566	0.00973	0.01327	0.01018	0.01460	0.00841	0.00841	0.02788	0.01637	0.76726	0.02257	0.01947	0.01416	0.00708	0.00575	0.00177	0.00487	0.00575	0.00708	0.00973
14	0.01657	0.59344	0.02603	0.01043	0.01471	0.01989	0.00988	0.01840	0.01203	0.12898	0.01014	0.01112	0.00840	0.00580	0.00566	0.00145	0.09263	0.00369	0.00316	0.00759
15	0.01424	0.01034	0.01220	0.00908	0.01386	0.00848	0.00728	0.01824	0.09468	0.13392	0.01352	0.01408	0.01034	0.00506	0.00464	0.00111	0.00436	0.00409	0.00422	0.61626
16	0.14084	0.55260	0.06244	0.00929	0.01376	0.01873	0.00919	0.01671	0.01140	0.01644	0.00926	0.01069	0.00797	0.00518	0.00378	0.00135	0.00560	0.00338	0.09440	0.00700
17	0.14669	0.02478	0.01501	0.01363	0.01667	0.65909	0.01031	0.02192	0.01522	0.01579	0.00871	0.01016	0.00719	0.00580	0.00491	0.00152	0.00941	0.00359	0.00304	0.00656
18	0.13864	0.01030	0.01133	0.00833	0.01317	0.00842	0.00669	0.01477	0.01154	0.01971	0.00983	0.01147	0.00812	0.00440	0.00413	0.00099	0.00426	0.00334	0.00341	0.70713
19	0.00861	0.00620	0.00780	0.00854	0.00934	0.00610	0.00593	0.08955	0.01272	0.01698	0.02955	0.70864	0.03472	0.01670	0.00713	0.00226	0.00365	0.01503	0.00536	0.00521
20	0.13616	0.00738	0.00839	0.00782	0.00971	0.00754	0.00601	0.01391	0.09678	0.02333	0.54608	0.03575	0.04211	0.01038	0.00618	0.00183	0.00323	0.02571	0.00580	0.00592
21	0.00697	0.00498	0.00664	0.00796	0.00830	0.00465	0.00531	0.00796	0.01095	0.01460	0.03153	0.79525	0.03783	0.01792	0.00730	0.00232	0.00332	0.01626	0.00531	0.00465
22	0.10609	0.59335	0.02481	0.00933	0.01411	0.01925	0.00893	0.01668	0.01145	0.01560	0.00829	0.00960	0.00739	0.00484	0.00374	0.00123	0.00564	0.00311	0.00271	0.13385

[dist]
# distance from previous block
# <min> <max>
0	1

[block]
# block no. 2 follows, 41 sequences, length 7
# corresponding to MSA columns:
# 235-241
name=unknown_C
#
# <colnr> <probs for GDERKNQSTAVLIFYWHMCP>
#	G	D	E	R	K	N	Q	S	T	A	V	L	I	F	Y	W	H	M	C	P
0	0.00866	0.00677	0.00844	0.00814	0.01011	0.00567	0.00582	0.01019	0.01127	0.01600	0.02415	0.52479	0.02770	0.01320	0.00624	0.00181	0.00364	0.01182	0.00465	0.29095
1	0.01263	0.01120	0.01400	0.27839	0.02294	0.01318	0.01115	0.02372	0.45607	0.02024	0.02067	0.02110	0.05515	0.00743	0.00584	0.00193	0.00551	0.00630	0.00466	0.00789
2	0.36980	0.01254	0.01843	0.01398	0.01850	0.01280	0.26101	0.05110	0.01300	0.15917	0.01213	0.01347	0.00866	0.00553	0.00515	0.00182	0.00639	0.00493	0.00406	0.00752
3	0.01844	0.02031	0.27660	0.01406	0.01996	0.01561	0.01426	0.44853	0.02112	0.07580	0.01309	0.01352	0.00915	0.00639	0.00562	0.00175	0.00695	0.00487	0.00467	0.00929
4	0.01749	0.28556	0.01942	0.01056	0.01466	0.01716	0.00924	0.35957	0.01890	0.02556	0.01264	0.01355	0.00981	0.00615	0.00470	0.00148	0.00557	0.00446	0.15543	0.00810
5	0.01298	0.01109	0.01313	0.01165	0.01342	0.01374	0.00932	0.02153	0.36057	0.01994	0.01699	0.01829	0.01351	0.00834	0.00996	0.00202	0.27485	0.00575	0.15550	0.00741
6	0.01496	0.01157	0.01360	0.01171	0.01398	0.01318	0.00925	0.35649	0.01807	0.02457	0.01874	0.28332	0.01902	0.01126	0.00865	0.00207	0.14828	0.00896	0.00499	0.00734

[dist]
# distance from previous block
# <min> <max>
0	10

[block]
# block no. 3 follows, 41 sequences, length 35
# corresponding to MSA columns:
# 252-286
name=unknown_D
#
# <colnr> <probs for GDERKNQSTAVLIFYWHMCP>
#	G	D	E	R	K	N	Q	S	T	A	V	L	I	F	Y	W	H	M	C	P
0	0.01350	0.01543	0.03375	0.02411	0.02989	0.01446	0.74253	0.01832	0.01350	0.01832	0.01157	0.01543	0.00868	0.00482	0.00675	0.00193	0.00964	0.00675	0.00289	0.00771
1	0.00814	0.00603	0.00864	0.00847	0.00961	0.00652	0.00652	0.01042	0.01171	0.01676	0.28376	0.02977	0.02859	0.03165	0.49901	0.00653	0.01077	0.00765	0.00423	0.00521
2	0.01542	0.01228	0.01377	0.01016	0.01506	0.01127	0.00825	0.27739	0.01728	0.02491	0.01145	0.01254	0.00892	0.00518	0.00477	0.00116	0.00498	0.00402	0.00423	0.53695
3	0.01584	0.01378	0.01739	0.01435	0.01600	0.01760	0.01192	0.27698	0.01529	0.02179	0.00975	0.01295	0.00831	0.00888	0.01407	0.00222	0.50665	0.00506	0.00366	0.00751
4	0.02154	0.01065	0.01315	0.01070	0.01470	0.01050	0.00864	0.02878	0.28179	0.49941	0.02282	0.02014	0.01535	0.00732	0.00578	0.00183	0.00474	0.00601	0.00663	0.00949
5	0.00850	0.00611	0.00821	0.00840	0.00974	0.00582	0.00677	0.01117	0.01510	0.02084	0.49724	0.05058	0.04638	0.01317	0.00716	0.00210	0.00362	0.26779	0.00593	0.00535
6	0.83938	0.01106	0.00841	0.00752	0.01106	0.01283	0.00619	0.01681	0.00973	0.02566	0.00796	0.00929	0.00619	0.00531	0.00354	0.00177	0.00442	0.00310	0.00354	0.00619
7	0.01277	0.01048	0.01654	0.05302	0.46301	0.01058	0.01261	0.01592	0.01259	0.01948	0.01358	0.01678	0.01102	0.00569	0.00507	0.00157	0.00534	0.00518	0.30114	0.00761
8	0.01756	0.02110	0.01655	0.29237	0.02551	0.50097	0.01279	0.01988	0.01449	0.01422	0.00932	0.01209	0.00746	0.00583	0.00536	0.00163	0.00935	0.00419	0.00280	0.00653
9	0.01337	0.01152	0.01255	0.01050	0.01440	0.01185	0.00823	0.02463	0.48592	0.02202	0.01856	0.01792	0.01422	0.00649	0.00525	0.00155	0.00442	0.00536	0.00494	0.30629
10	0.00689	0.00527	0.00633	0.00718	0.00809	0.00471	0.00496	0.00805	0.01170	0.01491	0.04105	0.52853	0.29841	0.01668	0.00711	0.00218	0.00317	0.01475	0.00531	0.00471
11	0.00866	0.01390	0.28155	0.01105	0.01434	0.00782	0.01113	0.01174	0.01143	0.01595	0.02383	0.49006	0.02666	0.01335	0.00665	0.00215	0.00523	0.03421	0.00427	0.00604
12	0.00737	0.00571	0.00603	0.00601	0.00722	0.00511	0.00407	0.00835	0.01146	0.01417	0.07038	0.04823	0.46727	0.29706	0.01481	0.00323	0.00384	0.01065	0.00468	0.00436
13	0.01893	0.00802	0.01088	0.00938	0.01233	0.00705	0.00729	0.02070	0.01442	0.49605	0.02579	0.29901	0.02269	0.01099	0.00631	0.00197	0.00431	0.00954	0.00644	0.00790
14	0.53984	0.00918	0.00813	0.00740	0.01015	0.01015	0.00591	0.01464	0.01206	0.02468	0.27905	0.02134	0.02341	0.00761	0.00470	0.00178	0.00380	0.00571	0.00453	0.00591
15	0.00697	0.00498	0.00664	0.00796	0.00830	0.00465	0.00531	0.00796	0.01095	0.01460	0.03153	0.79525	0.03783	0.01792	0.00730	0.00232	0.00332	0.01626	0.00531	0.00465
16	0.01291	0.01353	0.02586	0.01847	0.02401	0.01200	0.47741	0.01691	0.01291	0.01844	0.01107	0.01414	0.00860	0.00461	0.00584	0.00154	0.00769	0.00554	0.00307	0.30544
17	0.01893	0.00802	0.01088	0.00938	0.01233	0.00705	0.00729	0.02070	0.01442	0.49605	0.02579	0.29901	0.02269	0.01099	0.00631	0.00197	0.00431	0.00954	0.00644	0.00790
18	0.01080	0.01017	0.01716	0.78523	0.03940	0.01271	0.01589	0.01461	0.01144	0.01461	0.01017	0.01525	0.00762	0.00572	0.00572	0.00191	0.00762	0.00508	0.00254	0.00635
19	0.02137	0.02726	0.01621	0.01474	0.01768	0.77602	0.01105	0.02284	0.01621	0.01400	0.00884	0.01031	0.00737	0.00589	0.00516	0.00147	0.01031	0.00368	0.00295	0.00663
20	0.01756	0.02110	0.01655	0.29237	0.02551	0.50097	0.01279	0.01988	0.01449	0.01422	0.00932	0.01209	0.00746	0.00583	0.00536	0.00163	0.00935	0.00419	0.00280	0.00653
21	0.01933	0.00833	0.01125	0.00910	0.01242	0.00732	0.00732	0.02172	0.01631	0.49905	0.28839	0.02785	0.02850	0.00874	0.00611	0.00178	0.00409	0.00741	0.00680	0.00817
22	0.30937	0.01049	0.01400	0.50500	0.02919	0.01275	0.01239	0.01541	0.01082	0.01860	0.00937	0.01310	0.00711	0.00557	0.00493	0.00186	0.00647	0.00437	0.00290	0.00630
23	0.00876	0.00553	0.00758	0.00729	0.00815	0.00524	0.00524	0.00959	0.01304	0.01825	0.48990	0.03360	0.03810	0.01464	0.01237	0.30152	0.00352	0.00841	0.00492	0.00435
24	0.00708	0.00551	0.00644	0.00683	0.00808	0.00487	0.00489	0.00860	0.01287	0.01652	0.17778	0.31950	0.37019	0.01521	0.00695	0.00205	0.00301	0.01326	0.00549	0.00487
25	0.00824	0.00565	0.00675	0.00658	0.00707	0.00549	0.00416	0.00921	0.01115	0.01536	0.28549	0.03934	0.03275	0.51529	0.02105	0.00420	0.00452	0.00905	0.00449	0.00416
26	0.02174	0.01602	0.01717	0.01316	0.01774	0.01774	0.01087	0.74423	0.02689	0.03605	0.01373	0.01373	0.00973	0.00687	0.00572	0.00172	0.00629	0.00515	0.00572	0.00973
27	0.54120	0.01074	0.00965	0.00786	0.01196	0.01096	0.00640	0.01594	0.01050	0.02313	0.00876	0.01022	0.00702	0.00492	0.00379	0.00144	0.00436	0.00320	0.00349	0.30446
28	0.01877	0.01581	0.02314	0.01711	0.02212	0.01656	0.27451	0.48266	0.02207	0.02966	0.01295	0.01434	0.00935	0.00613	0.00609	0.00179	0.00750	0.00573	0.00470	0.00900
29	0.00840	0.00517	0.00628	0.00713	0.00786	0.00498	0.00500	0.01006	0.01142	0.01713	0.02684	0.48508	0.02927	0.01377	0.00614	0.00198	0.00317	0.04267	0.30274	0.00492
30	0.01465	0.46093	0.05027	0.01933	0.28477	0.01887	0.01306	0.01717	0.01202	0.01550	0.00902	0.01120	0.00796	0.00520	0.00507	0.00147	0.03906	0.00391	0.00259	0.00795
31	0.00783	0.00534	0.00638	0.00686	0.00698	0.00522	0.00413	0.00819	0.00927	0.01236	0.02289	0.31050	0.02693	0.51754	0.02125	0.00438	0.00474	0.01118	0.00413	0.00389
32	0.01302	0.01337	0.00983	0.00930	0.01036	0.28317	0.00620	0.01355	0.01116	0.01214	0.01471	0.02766	0.01596	0.51320	0.02048	0.00408	0.00726	0.00665	0.00328	0.00461
33	0.02174	0.01602	0.01717	0.01316	0.01774	0.01774	0.01087	0.74423	0.02689	0.03605	0.01373	0.01373	0.00973	0.00687	0.00572	0.00172	0.00629	0.00515	0.00572	0.00973
34	0.01529	0.80242	0.02997	0.00979	0.01468	0.02263	0.00979	0.01713	0.01162	0.01346	0.00795	0.00918	0.00734	0.00489	0.00367	0.00122	0.00612	0.00306	0.00245	0.00734

[dist]
# distance from previous block
# <min> <max>
0	2

[block]
# block no. 4 follows, 41 sequences, length 13
# corresponding to MSA columns:
# 289-301
name=unknown_E
#
# <colnr> <probs for GDERKNQSTAVLIFYWHMCP>
#	G	D	E	R	K	N	Q	S	T	A	V	L	I	F	Y	W	H	M	C	P
0	0.00832	0.00555	0.00624	0.00624	0.00624	0.00555	0.00347	0.00832	0.00832	0.01109	0.01802	0.03743	0.02080	0.79898	0.02911	0.00555	0.00555	0.00832	0.00347	0.00347
1	0.01923	0.02274	0.01834	0.02075	0.23997	0.51836	0.01298	0.05015	0.01569	0.01628	0.00961	0.01160	0.00797	0.00570	0.00533	0.00155	0.00910	0.00416	0.00302	0.00748
2	0.01728	0.01297	0.01378	0.01096	0.01475	0.01389	0.00893	0.52480	0.02276	0.02991	0.02691	0.02605	0.23369	0.00914	0.00603	0.00178	0.00528	0.00721	0.00560	0.00827
3	0.02382	0.01163	0.01437	0.01098	0.01549	0.01115	0.00906	0.24078	0.01929	0.51289	0.01933	0.01739	0.01256	0.00688	0.00567	0.00171	0.00526	0.00546	0.00650	0.04978
4	0.00992	0.00777	0.00922	0.00852	0.01043	0.00803	0.00649	0.01664	0.23584	0.02323	0.54056	0.03635	0.04309	0.01052	0.00647	0.00184	0.00324	0.00919	0.00615	0.00649
5	0.01155	0.01231	0.02567	0.01930	0.02346	0.01154	0.52274	0.01523	0.01274	0.01721	0.01752	0.24791	0.01737	0.00873	0.00691	0.00205	0.00776	0.00959	0.00361	0.00680
6	0.01396	0.01414	0.02636	0.03183	0.54465	0.01385	0.23369	0.01778	0.01317	0.01858	0.01100	0.01454	0.00895	0.00501	0.00599	0.00177	0.00764	0.00559	0.00285	0.00866
7	0.02449	0.01161	0.01443	0.01107	0.01554	0.01119	0.00914	0.24144	0.01951	0.54927	0.01993	0.01776	0.01284	0.00702	0.00574	0.00175	0.00529	0.00557	0.00667	0.00973
8	0.01939	0.01597	0.01411	0.03021	0.01621	0.23965	0.00968	0.04331	0.28505	0.21950	0.01842	0.01824	0.01352	0.00714	0.00565	0.00177	0.00647	0.02212	0.00521	0.00838
9	0.04450	0.01041	0.01194	0.00870	0.01364	0.00831	0.00697	0.03443	0.03457	0.03909	0.01089	0.01229	0.00884	0.00453	0.00434	0.00096	0.00432	0.00358	0.00363	0.73409
10	0.79960	0.01130	0.00883	0.00780	0.01139	0.01307	0.00642	0.05221	0.01057	0.02617	0.00825	0.00951	0.00637	0.00539	0.00365	0.00177	0.00452	0.00320	0.00365	0.00637
11	0.01831	0.01272	0.01449	0.01215	0.01574	0.01369	0.01019	0.47014	0.02198	0.08731	0.01935	0.02932	0.01699	0.00955	0.00637	0.00199	0.00588	0.21974	0.00569	0.00840
12	0.01210	0.01300	0.05978	0.03717	0.08549	0.01171	0.38058	0.04394	0.01466	0.02032	0.23470	0.02323	0.02216	0.00702	0.00653	0.00186	0.00710	0.00746	0.00398	0.00722

[dist]
# distance from previous block
# <min> <max>
0	1

[block]
# block no. 5 follows, 41 sequences, length 12
# corresponding to MSA columns:
# 303-314
name=unknown_F
#
# <colnr> <probs for GDERKNQSTAVLIFYWHMCP>
#	G	D	E	R	K	N	Q	S	T	A	V	L	I	F	Y	W	H	M	C	P
0	0.01096	0.01470	0.19287	0.60561	0.03598	0.01284	0.01711	0.01543	0.01159	0.01543	0.01019	0.01451	0.00754	0.00565	0.00565	0.00188	0.00782	0.00488	0.00251	0.00684
1	0.00817	0.00648	0.00880	0.00862	0.00971	0.00726	0.00663	0.00987	0.01000	0.01367	0.02489	0.03038	0.18868	0.08598	0.48966	0.00676	0.06827	0.00759	0.00358	0.00501
2	0.01872	0.01816	0.16632	0.01339	0.01873	0.01599	0.01255	0.52200	0.04689	0.03079	0.01309	0.01352	0.00940	0.00642	0.00556	0.00168	0.00651	0.00488	0.00489	0.07052
3	0.01355	0.01447	0.02818	0.05380	0.02679	0.01433	0.54006	0.02098	0.18615	0.01947	0.01425	0.01680	0.01069	0.00555	0.00649	0.00193	0.00836	0.00661	0.00356	0.00797
4	0.01343	0.01179	0.01392	0.19235	0.02060	0.01387	0.01065	0.02671	0.57975	0.02175	0.02022	0.01992	0.01516	0.00728	0.00580	0.00193	0.00525	0.00614	0.00505	0.00842
5	0.83938	0.01106	0.00841	0.00752	0.01106	0.01283	0.00619	0.01681	0.00973	0.02566	0.00796	0.00929	0.00619	0.00531	0.00354	0.00177	0.00442	0.00310	0.00354	0.00619
6	0.01890	0.02327	0.01643	0.19472	0.02275	0.59771	0.01218	0.02092	0.01509	0.01414	0.00915	0.01147	0.00743	0.00585	0.00529	0.00157	0.00969	0.00401	0.00285	0.00657
7	0.00827	0.00646	0.01000	0.03503	0.01163	0.00691	0.05076	0.01014	0.01017	0.01406	0.02053	0.25429	0.02189	0.07246	0.40242	0.00600	0.01019	0.03988	0.00382	0.00508
8	0.01194	0.07183	0.54949	0.01561	0.02188	0.01483	0.01844	0.01704	0.01127	0.01682	0.00948	0.01200	0.00731	0.00647	0.00844	0.00194	0.19054	0.00434	0.00244	0.00787
9	0.00697	0.00498	0.00664	0.00796	0.00830	0.00465	0.00531	0.00796	0.01095	0.01460	0.03153	0.79525	0.03783	0.01792	0.00730	0.00232	0.00332	0.01626	0.00531	0.00465
10	0.02566	0.00973	0.01327	0.01018	0.01460	0.00841	0.00841	0.02788	0.01637	0.76726	0.02257	0.01947	0.01416	0.00708	0.00575	0.00177	0.00487	0.00575	0.00708	0.00973
11	0.00984	0.01276	0.18289	0.01113	0.01373	0.00999	0.01063	0.01302	0.01328	0.01932	0.38100	0.06289	0.03177	0.01016	0.00928	0.00199	0.18760	0.00798	0.00448	0.00626

[dist]
# distance from previous block
# <min> <max>
0	1

[block]
# block no. 6 follows, 41 sequences, length 20
# corresponding to MSA columns:
# 316-335
name=unknown_G
#
# <colnr> <probs for GDERKNQSTAVLIFYWHMCP>
#	G	D	E	R	K	N	Q	S	T	A	V	L	I	F	Y	W	H	M	C	P
0	0.00690	0.00525	0.00636	0.00725	0.00811	0.00471	0.00499	0.00804	0.01164	0.01488	0.04019	0.55240	0.27508	0.01679	0.00712	0.00219	0.00318	0.01489	0.00531	0.00471
1	0.01690	0.01240	0.01371	0.01146	0.01464	0.01344	0.00905	0.50267	0.02166	0.02901	0.01957	0.27014	0.01895	0.01049	0.00624	0.00192	0.00532	0.00880	0.00559	0.00806
2	0.01191	0.01123	0.01728	0.49389	0.03031	0.01454	0.01453	0.05085	0.01133	0.01541	0.00947	0.01428	0.00769	0.00718	0.01000	0.00209	0.26376	0.00506	0.00269	0.00649
3	0.00994	0.00497	0.00745	0.00745	0.00745	0.00497	0.00497	0.00745	0.00745	0.00994	0.00994	0.01739	0.00994	0.01987	0.02235	0.83358	0.00497	0.00497	0.00248	0.00248
4	0.00933	0.00726	0.00903	0.00761	0.01019	0.00613	0.00585	0.01198	0.01477	0.02153	0.51418	0.03260	0.03904	0.00925	0.00592	0.00149	0.00320	0.00806	0.00534	0.27723
5	0.01401	0.00692	0.00855	0.00753	0.00898	0.00648	0.00509	0.01473	0.01096	0.25918	0.01951	0.03154	0.01862	0.53917	0.02145	0.00431	0.00532	0.00748	0.00465	0.00552
6	0.01224	0.01095	0.01765	0.02564	0.51492	0.01095	0.01293	0.01452	0.01148	0.01619	0.01314	0.02179	0.01291	0.26556	0.01336	0.00296	0.00639	0.00615	0.00304	0.00722
7	0.01484	0.02514	0.52257	0.01527	0.02245	0.01475	0.01777	0.25634	0.01694	0.02400	0.01140	0.01262	0.00806	0.00590	0.00553	0.00178	0.00774	0.00453	0.00350	0.00887
8	0.01667	0.02258	0.42510	0.01448	0.02114	0.01412	0.01613	0.25760	0.01749	0.12058	0.01299	0.01357	0.00895	0.00612	0.00557	0.00177	0.00728	0.00473	0.00410	0.00904
9	0.56901	0.27069	0.01548	0.00827	0.01225	0.01605	0.00737	0.01692	0.01035	0.02166	0.00796	0.00925	0.00657	0.00517	0.00358	0.00159	0.00498	0.00308	0.00318	0.00657
10	0.01006	0.00608	0.00806	0.00784	0.00927	0.00555	0.00577	0.01214	0.01450	0.11925	0.42302	0.28652	0.04338	0.01312	0.00680	0.00197	0.00319	0.01167	0.00608	0.00573
11	0.00806	0.00585	0.00720	0.00747	0.00832	0.00534	0.00490	0.00894	0.01021	0.01399	0.02425	0.44237	0.02833	0.27235	0.01405	0.00318	0.00417	0.01194	0.00445	0.11461
12	0.01388	0.01123	0.01863	0.43599	0.27360	0.01243	0.01544	0.01734	0.01261	0.11611	0.01201	0.01545	0.00897	0.00570	0.00570	0.00182	0.00699	0.00518	0.00324	0.00769
13	0.00955	0.00803	0.01089	0.00976	0.01067	0.00937	0.00773	0.01177	0.01375	0.01993	0.51331	0.03281	0.03873	0.01114	0.01069	0.00203	0.26051	0.00859	0.00505	0.00568
14	0.56628	0.00907	0.00783	0.00767	0.01015	0.01015	0.00590	0.01391	0.01013	0.02203	0.01569	0.26715	0.01657	0.00945	0.00477	0.00195	0.00406	0.00742	0.00412	0.00569
15	0.01394	0.03134	0.02890	0.00924	0.01431	0.00839	0.02284	0.01655	0.01254	0.12505	0.01191	0.01295	0.00923	0.00470	0.00452	0.00103	0.00458	0.00380	0.00386	0.66033
16	0.01043	0.00636	0.00839	0.00759	0.00935	0.00580	0.00580	0.01307	0.01622	0.12199	0.66211	0.03963	0.04867	0.01108	0.00661	0.00180	0.00299	0.00973	0.00640	0.00597
17	0.01930	0.01729	0.11665	0.01336	0.01826	0.01664	0.01198	0.54507	0.12921	0.03192	0.01464	0.01461	0.01051	0.00680	0.00570	0.00176	0.00633	0.00522	0.00530	0.00946
18	0.01056	0.01231	0.11400	0.01287	0.01411	0.01273	0.01130	0.01244	0.00992	0.01462	0.01575	0.26926	0.01742	0.01200	0.01323	0.00235	0.42710	0.00859	0.00341	0.00602
19	0.01209	0.01139	0.01616	0.05256	0.01523	0.01561	0.01168	0.01297	0.00872	0.01330	0.00796	0.01330	0.00784	0.01111	0.01859	0.11307	0.64516	0.00500	0.00250	0.00576

[dist]
# distance from previous block
# <min> <max>
0	10

[block]
# block no. 7 follows, 41 sequences, length 7
# corresponding to MSA columns:
# 346-352
name=unknown_H
#
# <colnr> <probs for GDERKNQSTAVLIFYWHMCP>
#	G	D	E	R	K	N	Q	S	T	A	V	L	I	F	Y	W	H	M	C	P
0	0.01202	0.00673	0.00916	0.00849	0.00993	0.00692	0.00628	0.01346	0.01048	0.17643	0.01773	0.02647	0.01629	0.27014	0.37661	0.00645	0.01001	0.00673	0.00406	0.00560
1	0.01081	0.00860	0.00948	0.00916	0.01076	0.00945	0.00650	0.01866	0.36026	0.01791	0.02344	0.19451	0.02292	0.25592	0.01338	0.00314	0.00458	0.00917	0.00498	0.00636
2	0.00771	0.00565	0.00724	0.00722	0.00841	0.00518	0.00527	0.00992	0.01473	0.02036	0.53038	0.20750	0.12248	0.01333	0.00687	0.00193	0.00285	0.01181	0.00598	0.00518
3	0.01494	0.00935	0.01106	0.01012	0.01276	0.00974	0.00772	0.02277	0.33104	0.21405	0.02566	0.26142	0.02294	0.01074	0.00626	0.00201	0.00424	0.00933	0.00599	0.00786
4	0.01401	0.51315	0.06548	0.00974	0.01489	0.01745	0.00948	0.01634	0.01172	0.01533	0.00877	0.01017	0.00769	0.00472	0.00394	0.00114	0.00566	0.00323	0.00274	0.26435
5	0.01262	0.00954	0.01104	0.00969	0.01237	0.00936	0.00736	0.23823	0.01610	0.02215	0.02135	0.38209	0.02272	0.01151	0.00614	0.00181	0.00444	0.01001	0.00502	0.18643
6	0.00978	0.00883	0.01576	0.01245	0.01518	0.00822	0.23453	0.01313	0.01535	0.02150	0.52755	0.03424	0.03989	0.00956	0.00675	0.00184	0.00486	0.00923	0.00524	0.00612

[dist]
# distance from previous block
# <min> <max>
0	126

# created by:
# /software/SequenceAnalysis/GenePrediction/augustus/3.0.1/scripts/msa2prfl.pl ./fixed/BUSCOvEOG7B8KSZ.fas
