[name]
unknown

[dist]
# distance from previous block
# <min> <max>
0	198

[block]
# block no. 0 follows, 41 sequences, length 18
# corresponding to MSA columns:
# 229-246
name=unknown_A
#
# <colnr> <probs for GDERKNQSTAVLIFYWHMCP>
#	G	D	E	R	K	N	Q	S	T	A	V	L	I	F	Y	W	H	M	C	P
0	0.01275	0.11689	0.40484	0.01519	0.02152	0.01385	0.11381	0.01751	0.01236	0.04947	0.04727	0.01401	0.01014	0.00588	0.00628	0.00173	0.05976	0.00478	0.00295	0.06901
1	0.01786	0.03218	0.01405	0.01067	0.01439	0.01075	0.00877	0.02125	0.08048	0.32004	0.01582	0.01584	0.01138	0.00677	0.00762	0.00163	0.14729	0.00491	0.00491	0.25339
2	0.06428	0.07753	0.20346	0.16274	0.12534	0.02795	0.08535	0.14946	0.01481	0.02085	0.01073	0.01316	0.00810	0.00560	0.00544	0.00175	0.00740	0.00475	0.00322	0.00805
3	0.01220	0.07597	0.58641	0.01931	0.15851	0.01394	0.01976	0.01795	0.01222	0.01792	0.01021	0.01227	0.00758	0.00534	0.00536	0.00175	0.00800	0.00431	0.00249	0.00849
4	0.01353	0.20480	0.38721	0.01221	0.01816	0.01358	0.01418	0.01791	0.01235	0.08648	0.01238	0.01376	0.00925	0.00568	0.00479	0.00158	0.00652	0.00429	0.15358	0.00774
5	0.00807	0.00544	0.00631	0.00655	0.00661	0.00538	0.00380	0.00825	0.00880	0.01173	0.02048	0.17533	0.02390	0.65685	0.02514	0.00496	0.00514	0.00976	0.00380	0.00368
6	0.06652	0.00957	0.03874	0.02242	0.01307	0.00937	0.05628	0.14430	0.01398	0.01977	0.04342	0.36105	0.02447	0.06587	0.00850	0.00232	0.03477	0.03757	0.00471	0.02331
7	0.06595	0.33512	0.28335	0.01120	0.01671	0.01548	0.01254	0.01583	0.01192	0.01625	0.01786	0.01855	0.14438	0.00686	0.00484	0.00159	0.00624	0.00511	0.00303	0.00720
8	0.00796	0.00600	0.00768	0.00799	0.00928	0.00526	0.00558	0.00940	0.01160	0.01610	0.09463	0.58351	0.03397	0.01486	0.00669	0.00201	0.00343	0.01337	0.00505	0.15563
9	0.00856	0.15015	0.01095	0.00825	0.00947	0.00797	0.00613	0.00981	0.01141	0.01492	0.07372	0.60421	0.03331	0.01515	0.00660	0.00209	0.00379	0.01348	0.00485	0.00518
10	0.01489	0.40376	0.26368	0.01322	0.01908	0.09800	0.04951	0.04832	0.01297	0.01617	0.00920	0.01071	0.00748	0.00525	0.00462	0.00149	0.00748	0.00376	0.00265	0.00774
11	0.04293	0.01266	0.14041	0.01711	0.21905	0.00977	0.01200	0.01615	0.03518	0.10013	0.15730	0.13802	0.02330	0.00910	0.00611	0.00189	0.00535	0.04167	0.00447	0.00740
12	0.00713	0.00530	0.00669	0.00773	0.00850	0.00486	0.00546	0.00838	0.01161	0.01502	0.03719	0.56609	0.19562	0.01697	0.00724	0.00227	0.00341	0.08048	0.00531	0.00474
13	0.00816	0.00556	0.00745	0.00819	0.00904	0.00521	0.00595	0.00983	0.01272	0.04150	0.21078	0.48687	0.04038	0.01575	0.00719	0.00222	0.00348	0.10905	0.00560	0.00508
14	0.01580	0.01202	0.04177	0.04312	0.01565	0.01086	0.00877	0.20900	0.04701	0.10350	0.01381	0.01513	0.01050	0.02905	0.00568	0.00147	0.00509	0.00462	0.06233	0.34481
15	0.01353	0.01027	0.01566	0.23923	0.02163	0.01222	0.05064	0.01609	0.01203	0.13978	0.08880	0.04164	0.01469	0.00823	0.00986	0.00204	0.24640	0.00614	0.04437	0.00676
16	0.02169	0.01299	0.15037	0.01113	0.01598	0.00902	0.01049	0.02462	0.01519	0.57511	0.02099	0.07566	0.01466	0.00758	0.00581	0.00182	0.00540	0.00625	0.00610	0.00912
17	0.13031	0.15807	0.09286	0.14061	0.04399	0.01492	0.25594	0.01786	0.01234	0.06563	0.01074	0.01331	0.00814	0.00526	0.00536	0.00175	0.00745	0.00496	0.00307	0.00745

[dist]
# distance from previous block
# <min> <max>
0	16

[block]
# block no. 1 follows, 41 sequences, length 26
# corresponding to MSA columns:
# 263-288
name=unknown_B
#
# <colnr> <probs for GDERKNQSTAVLIFYWHMCP>
#	G	D	E	R	K	N	Q	S	T	A	V	L	I	F	Y	W	H	M	C	P
0	0.00771	0.00570	0.00824	0.00873	0.00951	0.00534	0.04899	0.00913	0.01148	0.01577	0.06950	0.65489	0.03544	0.01606	0.00703	0.00221	0.00363	0.01464	0.06108	0.00494
1	0.02111	0.01565	0.01683	0.01287	0.01748	0.01707	0.01061	0.69444	0.02589	0.03489	0.01353	0.01366	0.00968	0.00671	0.00564	0.00166	0.00617	0.00504	0.00558	0.06551
2	0.01232	0.01331	0.02763	0.02134	0.06150	0.01272	0.54328	0.01622	0.01286	0.01752	0.01513	0.16022	0.01411	0.00748	0.00724	0.00202	0.03620	0.00838	0.00334	0.00718
3	0.01892	0.01448	0.01550	0.01247	0.01650	0.01616	0.01010	0.49750	0.24452	0.03186	0.04912	0.01733	0.01401	0.00737	0.00581	0.00179	0.00562	0.00578	0.00579	0.00935
4	0.01060	0.00985	0.00926	0.00862	0.01027	0.14862	0.00646	0.01306	0.01621	0.02131	0.62024	0.03674	0.04532	0.01064	0.00647	0.00175	0.00413	0.00912	0.00569	0.00565
5	0.00849	0.00584	0.00764	0.00744	0.00872	0.00537	0.00548	0.01082	0.01518	0.04643	0.58555	0.18205	0.06371	0.01277	0.00683	0.00190	0.00290	0.01133	0.00613	0.00541
6	0.00701	0.00501	0.00667	0.00799	0.00833	0.00467	0.00533	0.00799	0.01097	0.01464	0.03155	0.79483	0.03785	0.01794	0.00732	0.00233	0.00333	0.01627	0.00532	0.00467
7	0.01102	0.01038	0.01751	0.74362	0.07914	0.01278	0.01599	0.01480	0.01155	0.01487	0.01024	0.01524	0.00774	0.00571	0.00573	0.00190	0.00759	0.00510	0.00257	0.00652
8	0.01111	0.01042	0.01478	0.01311	0.01345	0.01410	0.01075	0.01261	0.00893	0.01364	0.01014	0.01586	0.00979	0.02093	0.26981	0.00473	0.53184	0.00539	0.00270	0.00590
9	0.01174	0.01135	0.01599	0.01396	0.01415	0.01561	0.01153	0.01313	0.00887	0.01371	0.00900	0.01442	0.00881	0.01614	0.15954	0.00375	0.64439	0.00523	0.00262	0.00606
10	0.00965	0.00521	0.00780	0.00780	0.00799	0.00540	0.00539	0.00799	0.00780	0.01059	0.01097	0.01838	0.01078	0.02417	0.16246	0.67991	0.00690	0.00520	0.00260	0.00299
11	0.00684	0.00567	0.00598	0.00622	0.00786	0.00482	0.00454	0.00819	0.01267	0.01533	0.05304	0.19262	0.62619	0.01514	0.00688	0.00201	0.00299	0.01286	0.00532	0.00481
12	0.01113	0.01035	0.03971	0.01252	0.01488	0.05396	0.15955	0.04929	0.02668	0.04948	0.02394	0.45053	0.03612	0.01271	0.00701	0.00212	0.01754	0.01172	0.00465	0.00613
13	0.01234	0.01059	0.01209	0.00909	0.01383	0.00887	0.00722	0.01740	0.14960	0.01965	0.01264	0.01367	0.01018	0.00492	0.00455	0.00106	0.00430	0.00397	0.00385	0.68019
14	0.00827	0.00554	0.00629	0.00638	0.00641	0.00551	0.00361	0.00832	0.00852	0.01137	0.01897	0.08874	0.02198	0.74568	0.02764	0.00533	0.00541	0.00887	0.00360	0.00357
15	0.00984	0.00728	0.00837	0.00796	0.00938	0.03588	0.00592	0.01305	0.10223	0.01964	0.39425	0.03405	0.07843	0.01246	0.00933	0.15637	0.00372	0.02540	0.06112	0.00532
16	0.01448	0.01871	0.11277	0.10212	0.02806	0.15567	0.44681	0.01877	0.01364	0.01714	0.01080	0.01413	0.00820	0.00521	0.00621	0.00184	0.00943	0.00573	0.00282	0.00747
17	0.02032	0.01152	0.01370	0.01079	0.01462	0.01163	0.00879	0.31946	0.02069	0.30633	0.17672	0.02213	0.02088	0.00800	0.00597	0.00176	0.00500	0.00650	0.00636	0.00882
18	0.01047	0.00593	0.00786	0.00829	0.00947	0.00538	0.00585	0.01171	0.01208	0.15454	0.03119	0.61421	0.06908	0.01575	0.00700	0.00221	0.00360	0.01411	0.00565	0.00562
19	0.01279	0.01189	0.01996	0.09499	0.53028	0.01207	0.04303	0.01563	0.01205	0.01694	0.01213	0.01868	0.01114	0.15268	0.01008	0.00245	0.00676	0.00577	0.00294	0.00775
20	0.06106	0.24142	0.11857	0.01101	0.03388	0.02489	0.00996	0.06544	0.04947	0.15337	0.01404	0.01778	0.01174	0.15326	0.00933	0.00232	0.00603	0.00506	0.00394	0.00743
21	0.12065	0.01005	0.01444	0.41521	0.07058	0.01180	0.01229	0.06866	0.01233	0.01794	0.01412	0.15920	0.01332	0.00812	0.00607	0.00196	0.02645	0.00691	0.00346	0.00645
22	0.00769	0.00550	0.00741	0.00847	0.00918	0.00522	0.00624	0.00930	0.01224	0.01641	0.13537	0.51840	0.03902	0.01656	0.00737	0.00233	0.00369	0.17923	0.00545	0.00492
23	0.01717	0.00975	0.01232	0.04414	0.01449	0.01009	0.00854	0.05061	0.19305	0.31341	0.05086	0.16415	0.02003	0.00954	0.00686	0.00196	0.05109	0.00796	0.00589	0.00810
24	0.04085	0.01656	0.01640	0.01315	0.01686	0.15691	0.03877	0.40184	0.02053	0.05748	0.01258	0.01356	0.00939	0.00675	0.00659	0.00170	0.07525	0.00485	0.05369	0.03627
25	0.00888	0.00573	0.00667	0.03224	0.00785	0.00580	0.00440	0.00977	0.00973	0.01397	0.05091	0.03555	0.02139	0.54539	0.02146	0.00431	0.00494	0.05026	0.15665	0.00410

[dist]
# distance from previous block
# <min> <max>
20	128

# created by:
# /software/SequenceAnalysis/GenePrediction/augustus/3.0.1/scripts/msa2prfl.pl ./fixed/BUSCOvEOG7M3BQ6.fas
