[name]
unknown

[dist]
# distance from previous block
# <min> <max>
0	67

[block]
# block no. 0 follows, 40 sequences, length 14
# corresponding to MSA columns:
# 68-81
name=unknown_A
#
# <colnr> <probs for GDERKNQSTAVLIFYWHMCP>
#	G	D	E	R	K	N	Q	S	T	A	V	L	I	F	Y	W	H	M	C	P
0	0.02172	0.02772	0.01648	0.01498	0.01798	0.77228	0.01124	0.02322	0.01648	0.01423	0.00899	0.01049	0.00749	0.00599	0.00524	0.00150	0.01049	0.00375	0.00300	0.00674
1	0.01439	0.01382	0.02360	0.03569	0.75936	0.01382	0.01785	0.01785	0.01324	0.01900	0.01094	0.01439	0.00921	0.00518	0.00576	0.00173	0.00691	0.00518	0.00288	0.00921
2	0.01098	0.01034	0.01744	0.78165	0.04005	0.01292	0.01615	0.01486	0.01163	0.01486	0.01034	0.01550	0.00775	0.00581	0.00581	0.00194	0.00775	0.00517	0.00258	0.00646
3	0.01334	0.01274	0.02169	0.26694	0.53637	0.01354	0.01732	0.01692	0.01274	0.01771	0.01075	0.01474	0.00876	0.00538	0.00577	0.00179	0.00717	0.00518	0.00279	0.00836
4	0.00687	0.00589	0.00589	0.00589	0.00785	0.00491	0.00442	0.00835	0.01325	0.01571	0.05891	0.05596	0.75700	0.01473	0.00687	0.00196	0.00295	0.01227	0.00540	0.00491
5	0.00917	0.00655	0.00915	0.01048	0.01174	0.00652	0.00903	0.01171	0.01319	0.01718	0.03090	0.12808	0.03390	0.01625	0.00798	0.00265	0.00518	0.65967	0.00536	0.00530
6	0.01098	0.01034	0.01744	0.78165	0.04005	0.01292	0.01615	0.01486	0.01163	0.01486	0.01034	0.01550	0.00775	0.00581	0.00581	0.00194	0.00775	0.00517	0.00258	0.00646
7	0.00687	0.00589	0.00589	0.00589	0.00785	0.00491	0.00442	0.00835	0.01325	0.01571	0.05891	0.05596	0.75700	0.01473	0.00687	0.00196	0.00295	0.01227	0.00540	0.00491
8	0.00846	0.00564	0.00634	0.00634	0.00634	0.00564	0.00352	0.00846	0.00846	0.01128	0.01832	0.03805	0.02114	0.79563	0.02960	0.00564	0.00564	0.00846	0.00352	0.00352
9	0.02026	0.01537	0.01641	0.01301	0.01733	0.01717	0.01061	0.56895	0.20136	0.03368	0.01630	0.01583	0.01179	0.00720	0.00584	0.00180	0.00597	0.00556	0.00584	0.00972
10	0.00789	0.00568	0.00747	0.00755	0.00861	0.00526	0.00546	0.01012	0.01488	0.02080	0.54134	0.26556	0.05000	0.01377	0.00703	0.00199	0.00293	0.01230	0.00610	0.00526
11	0.01206	0.01034	0.01206	0.00861	0.01378	0.00775	0.00689	0.01464	0.01206	0.01895	0.01034	0.01206	0.00861	0.00431	0.00431	0.00086	0.00431	0.00345	0.00345	0.83118
12	0.01206	0.01034	0.01206	0.00861	0.01378	0.00775	0.00689	0.01464	0.01206	0.01895	0.01034	0.01206	0.00861	0.00431	0.00431	0.00086	0.00431	0.00345	0.00345	0.83118
13	0.01613	0.01156	0.01295	0.01117	0.01481	0.01236	0.00884	0.02795	0.50675	0.15869	0.02236	0.02199	0.01675	0.00769	0.00581	0.00185	0.00466	0.03354	0.00586	0.09828

[dist]
# distance from previous block
# <min> <max>
2	4

[block]
# block no. 1 follows, 40 sequences, length 28
# corresponding to MSA columns:
# 86-113
name=unknown_B
#
# <colnr> <probs for GDERKNQSTAVLIFYWHMCP>
#	G	D	E	R	K	N	Q	S	T	A	V	L	I	F	Y	W	H	M	C	P
0	0.01993	0.01466	0.01595	0.01237	0.01691	0.01567	0.01011	0.51279	0.11699	0.06909	0.01515	0.01498	0.01094	0.00674	0.00562	0.00165	0.00581	0.00519	0.00557	0.12387
1	0.01166	0.03008	0.76550	0.01657	0.02517	0.01351	0.02149	0.01842	0.01228	0.01842	0.01044	0.01228	0.00737	0.00552	0.00552	0.00184	0.00859	0.00430	0.00246	0.00859
2	0.01299	0.01034	0.01224	0.00894	0.01378	0.00821	0.00718	0.03436	0.01284	0.06257	0.04229	0.01388	0.01089	0.00500	0.00490	0.00102	0.02297	0.00397	0.00383	0.70780
3	0.02181	0.02516	0.01670	0.01462	0.01799	0.60390	0.01120	0.18324	0.01890	0.01924	0.01010	0.01126	0.00803	0.00621	0.00537	0.00155	0.00957	0.00408	0.00363	0.00744
4	0.00846	0.00564	0.00634	0.00634	0.00634	0.00564	0.00352	0.00846	0.00846	0.01128	0.01832	0.03805	0.02114	0.79563	0.02960	0.00564	0.00564	0.00846	0.00352	0.00352
5	0.00831	0.00623	0.00935	0.00935	0.01038	0.00727	0.00727	0.01038	0.00935	0.01350	0.01558	0.02285	0.01454	0.04361	0.77259	0.00935	0.01558	0.00623	0.00312	0.00519
6	0.01586	0.76041	0.02977	0.01020	0.01508	0.06062	0.01001	0.01770	0.01205	0.01371	0.00813	0.00939	0.00746	0.00503	0.00381	0.00126	0.00643	0.00314	0.00251	0.00743
7	0.01617	0.05888	0.01531	0.01222	0.01577	0.01590	0.00981	0.18847	0.51339	0.02604	0.01992	0.01887	0.01497	0.00761	0.00632	0.00190	0.03774	0.00601	0.00556	0.00914
8	0.00787	0.00603	0.00737	0.00800	0.00943	0.00553	0.00633	0.00980	0.01327	0.01687	0.11292	0.17708	0.33093	0.01546	0.00735	0.00225	0.00380	0.24914	0.00548	0.00508
9	0.01946	0.01666	0.02136	0.01865	0.12288	0.07108	0.14703	0.45457	0.02208	0.02925	0.01278	0.01409	0.00943	0.00627	0.00596	0.00176	0.00740	0.00542	0.00467	0.00919
10	0.01392	0.01333	0.02275	0.13923	0.65952	0.01369	0.01761	0.01743	0.01302	0.01842	0.01085	0.01455	0.00901	0.00527	0.00576	0.00176	0.00703	0.00518	0.00284	0.00883
11	0.00717	0.00590	0.00630	0.00620	0.00803	0.00503	0.00465	0.00891	0.01395	0.01735	0.20951	0.05326	0.60537	0.01411	0.00687	0.00193	0.00290	0.01189	0.00562	0.00503
12	0.01098	0.01034	0.01744	0.78165	0.04005	0.01292	0.01615	0.01486	0.01163	0.01486	0.01034	0.01550	0.00775	0.00581	0.00581	0.00194	0.00775	0.00517	0.00258	0.00646
13	0.00709	0.00506	0.00675	0.00810	0.00843	0.00472	0.00540	0.00810	0.01113	0.01484	0.03205	0.79184	0.03846	0.01822	0.00742	0.00236	0.00337	0.01653	0.00540	0.00472
14	0.01098	0.01034	0.01744	0.78165	0.04005	0.01292	0.01615	0.01486	0.01163	0.01486	0.01034	0.01550	0.00775	0.00581	0.00581	0.00194	0.00775	0.00517	0.00258	0.00646
15	0.01373	0.01569	0.03431	0.02451	0.03039	0.01471	0.73824	0.01863	0.01373	0.01863	0.01176	0.01569	0.00882	0.00490	0.00686	0.00196	0.00980	0.00686	0.00294	0.00784
16	0.01373	0.01569	0.03431	0.02451	0.03039	0.01471	0.73824	0.01863	0.01373	0.01863	0.01176	0.01569	0.00882	0.00490	0.00686	0.00196	0.00980	0.00686	0.00294	0.00784
17	0.00724	0.00518	0.00689	0.00799	0.00847	0.00483	0.00541	0.00850	0.01187	0.01602	0.13257	0.68796	0.04074	0.01734	0.00734	0.00229	0.00329	0.01570	0.00554	0.00483
18	0.01166	0.03008	0.76550	0.01657	0.02517	0.01351	0.02149	0.01842	0.01228	0.01842	0.01044	0.01228	0.00737	0.00552	0.00552	0.00184	0.00859	0.00430	0.00246	0.00859
19	0.01169	0.00714	0.00994	0.01066	0.01244	0.00695	0.00926	0.01431	0.01384	0.12094	0.02970	0.05924	0.03082	0.01483	0.00773	0.00256	0.00530	0.62106	0.00561	0.00599
20	0.00902	0.00728	0.01071	0.01030	0.01117	0.00897	0.00815	0.01097	0.00927	0.01358	0.01430	0.02121	0.01342	0.03822	0.65113	0.00825	0.13960	0.00605	0.00302	0.00538
21	0.01934	0.01446	0.01590	0.01232	0.01668	0.01553	0.01010	0.56655	0.02343	0.03188	0.01362	0.01458	0.01018	0.01026	0.08206	0.00238	0.00702	0.00509	0.00522	0.12341
22	0.00710	0.00573	0.00633	0.00654	0.00809	0.00495	0.00477	0.00866	0.01327	0.01659	0.15022	0.20433	0.51297	0.01505	0.00698	0.00203	0.00300	0.01290	0.00554	0.00495
23	0.02319	0.01454	0.01637	0.01255	0.01716	0.01544	0.01037	0.54564	0.02442	0.23510	0.01641	0.01555	0.01112	0.00704	0.00583	0.00176	0.00600	0.00540	0.00619	0.00989
24	0.01098	0.01034	0.01744	0.78165	0.04005	0.01292	0.01615	0.01486	0.01163	0.01486	0.01034	0.01550	0.00775	0.00581	0.00581	0.00194	0.00775	0.00517	0.00258	0.00646
25	0.01439	0.01382	0.02360	0.03569	0.75936	0.01382	0.01785	0.01785	0.01324	0.01900	0.01094	0.01439	0.00921	0.00518	0.00576	0.00173	0.00691	0.00518	0.00288	0.00921
26	0.00858	0.00654	0.00948	0.00933	0.01019	0.00769	0.00714	0.01036	0.00921	0.01326	0.01544	0.02407	0.01492	0.13109	0.64063	0.00851	0.05893	0.00643	0.00313	0.00506
27	0.01410	0.51200	0.30490	0.01242	0.01875	0.01946	0.01426	0.01779	0.01199	0.01545	0.00896	0.01043	0.00743	0.00518	0.00440	0.00147	0.00711	0.00355	0.00248	0.00789

[dist]
# distance from previous block
# <min> <max>
4	19

[block]
# block no. 2 follows, 40 sequences, length 6
# corresponding to MSA columns:
# 141-146
name=unknown_C
#
# <colnr> <probs for GDERKNQSTAVLIFYWHMCP>
#	G	D	E	R	K	N	Q	S	T	A	V	L	I	F	Y	W	H	M	C	P
0	0.00765	0.00592	0.00697	0.00671	0.00833	0.00524	0.00503	0.00985	0.01509	0.02006	0.45784	0.04880	0.35535	0.01310	0.00686	0.00189	0.00283	0.01127	0.00597	0.00524
1	0.01377	0.01471	0.02960	0.07705	0.27805	0.01429	0.44761	0.01812	0.01343	0.01851	0.01139	0.01524	0.00889	0.00506	0.00642	0.00188	0.00869	0.00618	0.00290	0.00822
2	0.01353	0.00670	0.00903	0.00886	0.01061	0.00602	0.00647	0.01496	0.01300	0.26852	0.02896	0.53020	0.03031	0.01448	0.00689	0.00217	0.00391	0.01291	0.00601	0.00648
3	0.01668	0.01293	0.01430	0.01111	0.01546	0.01304	0.00896	0.36358	0.08516	0.02790	0.04619	0.05384	0.01349	0.00692	0.00544	0.00150	0.00522	0.00553	0.00503	0.28771
4	0.01000	0.00789	0.00934	0.00944	0.01106	0.00834	0.00705	0.01671	0.26234	0.01989	0.16687	0.32607	0.03414	0.01333	0.00686	0.00216	0.00384	0.07249	0.00576	0.00644
5	0.01520	0.02541	0.51200	0.01549	0.02275	0.01504	0.01795	0.26294	0.01738	0.02460	0.01163	0.01285	0.00822	0.00602	0.00562	0.00181	0.00785	0.00462	0.00359	0.00903

[dist]
# distance from previous block
# <min> <max>
0	0

# created by:
# /software/SequenceAnalysis/GenePrediction/augustus/3.0.1/scripts/msa2prfl.pl ./fixed/BUSCOvEOG7QJT3R.fas
