[name]
unknown

[dist]
# distance from previous block
# <min> <max>
0	118

[block]
# block no. 0 follows, 40 sequences, length 14
# corresponding to MSA columns:
# 141-154
name=unknown_A
#
# <colnr> <probs for GDERKNQSTAVLIFYWHMCP>
#	G	D	E	R	K	N	Q	S	T	A	V	L	I	F	Y	W	H	M	C	P
0	0.00823	0.00594	0.00777	0.00732	0.00869	0.00549	0.00549	0.01097	0.01646	0.02332	0.75629	0.04344	0.05487	0.01189	0.00686	0.00183	0.00274	0.01052	0.00640	0.00549
1	0.00736	0.00522	0.00689	0.00812	0.00850	0.00493	0.00551	0.00839	0.01106	0.01471	0.03080	0.67873	0.03665	0.08439	0.00936	0.00266	0.00370	0.06314	0.00524	0.00466
2	0.02589	0.01021	0.01369	0.01050	0.01500	0.00902	0.00867	0.06348	0.01717	0.72750	0.02250	0.01951	0.01417	0.00719	0.00585	0.00180	0.00502	0.00582	0.00713	0.00990
3	0.01439	0.01382	0.02360	0.03569	0.75936	0.01382	0.01785	0.01785	0.01324	0.01900	0.01094	0.01439	0.00921	0.00518	0.00576	0.00173	0.00691	0.00518	0.00288	0.00921
4	0.02155	0.01119	0.05345	0.01136	0.01501	0.01029	0.00977	0.02390	0.01498	0.53163	0.07362	0.01984	0.01577	0.00800	0.00834	0.00194	0.14850	0.00597	0.00603	0.00885
5	0.00709	0.00506	0.00675	0.00810	0.00843	0.00472	0.00540	0.00810	0.01113	0.01484	0.03205	0.79184	0.03846	0.01822	0.00742	0.00236	0.00337	0.01653	0.00540	0.00472
6	0.01599	0.01367	0.01750	0.07504	0.16173	0.03224	0.01253	0.25305	0.10078	0.02355	0.01308	0.01550	0.01043	0.01034	0.07365	0.00257	0.15053	0.00540	0.00412	0.00830
7	0.01193	0.04523	0.02066	0.56679	0.13363	0.01367	0.09478	0.01578	0.01208	0.01577	0.01048	0.01511	0.00805	0.00559	0.00583	0.00188	0.00780	0.00527	0.00266	0.00702
8	0.56973	0.01189	0.01096	0.08350	0.01525	0.01377	0.00813	0.10284	0.09491	0.02604	0.01074	0.01193	0.00814	0.00590	0.00433	0.00183	0.00505	0.00397	0.00402	0.00706
9	0.00947	0.00695	0.00789	0.00751	0.00952	0.00641	0.00578	0.07238	0.01508	0.05187	0.18887	0.10816	0.41486	0.01354	0.00686	0.00199	0.00348	0.05800	0.00571	0.00568
10	0.00725	0.00526	0.00685	0.00783	0.00844	0.00486	0.00535	0.00857	0.01212	0.01625	0.14865	0.62462	0.08848	0.01698	0.00730	0.00225	0.00325	0.01530	0.00556	0.00486
11	0.01086	0.00988	0.01380	0.01234	0.01265	0.01310	0.00990	0.01220	0.00898	0.01349	0.01139	0.01906	0.01146	0.12449	0.24152	0.00495	0.45559	0.00587	0.00284	0.00564
12	0.01338	0.01655	0.09524	0.05845	0.02978	0.01465	0.61436	0.01825	0.01331	0.01825	0.01142	0.01527	0.00860	0.00521	0.00719	0.00197	0.04097	0.00649	0.00287	0.00778
13	0.01671	0.65378	0.02784	0.01090	0.01550	0.16419	0.01019	0.01851	0.01269	0.01379	0.00825	0.00955	0.00747	0.00517	0.00402	0.00129	0.00702	0.00323	0.00258	0.00733

[dist]
# distance from previous block
# <min> <max>
0	1

[block]
# block no. 1 follows, 40 sequences, length 9
# corresponding to MSA columns:
# 156-164
name=unknown_B
#
# <colnr> <probs for GDERKNQSTAVLIFYWHMCP>
#	G	D	E	R	K	N	Q	S	T	A	V	L	I	F	Y	W	H	M	C	P
0	0.01619	0.51238	0.14827	0.01208	0.01724	0.17729	0.01211	0.01879	0.01286	0.01457	0.00866	0.01005	0.00745	0.00528	0.00434	0.00139	0.00750	0.00344	0.00259	0.00750
1	0.00747	0.00548	0.00699	0.00765	0.00850	0.00502	0.00533	0.00900	0.01294	0.01739	0.23616	0.48709	0.13732	0.01605	0.00723	0.00218	0.00318	0.01432	0.00570	0.00501
2	0.00807	0.00596	0.00752	0.00721	0.00863	0.00542	0.00537	0.01052	0.01579	0.02188	0.61945	0.08266	0.15447	0.01266	0.00692	0.00189	0.00284	0.01109	0.00623	0.00541
3	0.00950	0.00630	0.00804	0.00743	0.00912	0.00570	0.00563	0.01202	0.01613	0.07801	0.61482	0.04328	0.13788	0.01193	0.00682	0.00186	0.00297	0.01040	0.00636	0.00579
4	0.00710	0.00586	0.00621	0.00635	0.00806	0.00498	0.00467	0.00858	0.01327	0.01624	0.10680	0.15006	0.61162	0.01502	0.00698	0.00202	0.00302	0.01271	0.00550	0.00498
5	0.02147	0.07034	0.01736	0.01467	0.01787	0.69165	0.01119	0.05875	0.01681	0.01541	0.00928	0.01072	0.00770	0.00604	0.00523	0.00151	0.01007	0.00381	0.00314	0.00698
6	0.01448	0.01387	0.02365	0.03572	0.75836	0.01386	0.01787	0.01790	0.01329	0.01908	0.01103	0.01451	0.00930	0.00524	0.00579	0.00174	0.00694	0.00521	0.00291	0.00925
7	0.01215	0.01040	0.01212	0.00867	0.01384	0.00780	0.00693	0.01470	0.01211	0.01903	0.01043	0.01218	0.00870	0.00437	0.00435	0.00088	0.00434	0.00348	0.00348	0.83005
8	0.00831	0.00621	0.00922	0.00931	0.01031	0.00713	0.00717	0.01028	0.00954	0.01369	0.01688	0.08004	0.01639	0.04173	0.71473	0.00883	0.01469	0.00702	0.00332	0.00521

[dist]
# distance from previous block
# <min> <max>
0	1

[block]
# block no. 2 follows, 40 sequences, length 9
# corresponding to MSA columns:
# 166-174
name=unknown_C
#
# <colnr> <probs for GDERKNQSTAVLIFYWHMCP>
#	G	D	E	R	K	N	Q	S	T	A	V	L	I	F	Y	W	H	M	C	P
0	0.00805	0.00580	0.00757	0.00772	0.00876	0.00535	0.00555	0.01015	0.01476	0.02060	0.50790	0.29802	0.04933	0.01415	0.00713	0.00205	0.00303	0.01261	0.00612	0.00533
1	0.01401	0.01151	0.01313	0.00958	0.01466	0.00966	0.00770	0.14113	0.01485	0.02221	0.01117	0.01267	0.00903	0.00491	0.00466	0.00106	0.00474	0.00383	0.00393	0.68556
2	0.00827	0.00597	0.00777	0.00758	0.00881	0.00550	0.00557	0.01069	0.01577	0.02221	0.64523	0.15611	0.05245	0.01295	0.00702	0.00195	0.00291	0.01147	0.00631	0.00548
3	0.01430	0.01249	0.01905	0.14248	0.14953	0.01538	0.04003	0.01654	0.01118	0.08999	0.01053	0.01455	0.00884	0.00824	0.01290	0.00224	0.41589	0.00532	0.00316	0.00738
4	0.35409	0.29363	0.07972	0.01044	0.01485	0.13083	0.00967	0.01837	0.01189	0.01945	0.00863	0.01008	0.00717	0.00548	0.00414	0.00160	0.00641	0.00339	0.00309	0.00707
5	0.35382	0.15322	0.07578	0.00986	0.01324	0.01447	0.00903	0.01540	0.01077	0.01957	0.01584	0.01722	0.11967	0.00757	0.00697	0.00186	0.14087	0.00495	0.00339	0.00650
6	0.15978	0.01466	0.01352	0.01065	0.01508	0.12628	0.00853	0.20564	0.01633	0.02410	0.01069	0.01186	0.00837	0.00545	0.00472	0.00135	0.00582	0.00391	0.00402	0.34924
7	0.71755	0.08982	0.01141	0.00915	0.04563	0.01407	0.00719	0.01716	0.01024	0.02453	0.00823	0.00966	0.00655	0.00535	0.00371	0.00174	0.00478	0.00324	0.00346	0.00655
8	0.15369	0.00717	0.00798	0.00733	0.00945	0.00693	0.00566	0.01289	0.01468	0.08100	0.42684	0.03817	0.18507	0.01096	0.00621	0.00185	0.00326	0.00922	0.00577	0.00586

[dist]
# distance from previous block
# <min> <max>
0	1

[block]
# block no. 3 follows, 40 sequences, length 15
# corresponding to MSA columns:
# 176-190
name=unknown_D
#
# <colnr> <probs for GDERKNQSTAVLIFYWHMCP>
#	G	D	E	R	K	N	Q	S	T	A	V	L	I	F	Y	W	H	M	C	P
0	0.01283	0.01246	0.01118	0.03262	0.01343	0.17792	0.00813	0.05109	0.18236	0.01790	0.02356	0.38362	0.02464	0.01226	0.00647	0.00204	0.00550	0.01056	0.00492	0.00649
1	0.01415	0.00977	0.00915	0.00815	0.01040	0.06920	0.00633	0.15889	0.06105	0.02421	0.01748	0.01927	0.01350	0.00682	0.00462	0.00148	0.00417	0.00532	0.54939	0.00664
2	0.00687	0.00589	0.00589	0.00589	0.00785	0.00491	0.00442	0.00835	0.01325	0.01571	0.05891	0.05596	0.75700	0.01473	0.00687	0.00196	0.00295	0.01227	0.00540	0.00491
3	0.02003	0.01406	0.01540	0.01241	0.01657	0.01545	0.01006	0.39319	0.27554	0.13590	0.01860	0.01747	0.01325	0.00733	0.00586	0.00183	0.00557	0.00579	0.00605	0.00965
4	0.01645	0.54125	0.12875	0.01140	0.01681	0.02035	0.01165	0.12892	0.01446	0.04830	0.00991	0.01087	0.00810	0.00545	0.00438	0.00143	0.00652	0.00371	0.00319	0.00809
5	0.00834	0.00588	0.00729	0.00694	0.00838	0.00541	0.00520	0.01092	0.01561	0.02219	0.59043	0.04271	0.13907	0.01170	0.00656	0.00180	0.00277	0.01020	0.09321	0.00541
6	0.00709	0.00506	0.00675	0.00810	0.00843	0.00472	0.00540	0.00810	0.01113	0.01484	0.03205	0.79184	0.03846	0.01822	0.00742	0.00236	0.00337	0.01653	0.00540	0.00472
7	0.01206	0.01034	0.01206	0.00861	0.01378	0.00775	0.00689	0.01464	0.01206	0.01895	0.01034	0.01206	0.00861	0.00431	0.00431	0.00086	0.00431	0.00345	0.00345	0.83118
8	0.00751	0.00605	0.00672	0.00670	0.00838	0.00537	0.00496	0.00978	0.03982	0.01785	0.23158	0.12945	0.47689	0.01414	0.00689	0.00197	0.00300	0.01208	0.00567	0.00519
9	0.00709	0.00506	0.00675	0.00810	0.00843	0.00472	0.00540	0.00810	0.01113	0.01484	0.03205	0.79184	0.03846	0.01822	0.00742	0.00236	0.00337	0.01653	0.00540	0.00472
10	0.02478	0.01021	0.01336	0.01032	0.01464	0.00922	0.00850	0.09270	0.01735	0.65089	0.02187	0.01937	0.01401	0.00715	0.00573	0.00177	0.00494	0.00577	0.05779	0.00962
11	0.01412	0.01354	0.02312	0.09476	0.70240	0.01375	0.01771	0.01761	0.01311	0.01867	0.01089	0.01448	0.00910	0.00523	0.00576	0.00174	0.00698	0.00518	0.00286	0.00899
12	0.00890	0.00652	0.00872	0.00974	0.01118	0.00634	0.00835	0.01139	0.01354	0.01745	0.07545	0.06280	0.15246	0.01562	0.00778	0.00251	0.00482	0.56573	0.00542	0.00529
13	0.00817	0.00606	0.00777	0.00884	0.00962	0.00601	0.00633	0.01103	0.08950	0.01619	0.03100	0.61423	0.03561	0.01684	0.00734	0.00236	0.00377	0.10860	0.00545	0.00528
14	0.01278	0.26959	0.01990	0.07123	0.01583	0.03361	0.01064	0.01455	0.01055	0.01411	0.03697	0.01540	0.01085	0.04919	0.11110	0.00305	0.28650	0.00492	0.00280	0.00642

[dist]
# distance from previous block
# <min> <max>
4	7

[block]
# block no. 4 follows, 40 sequences, length 83
# corresponding to MSA columns:
# 198-280
name=unknown_E
#
# <colnr> <probs for GDERKNQSTAVLIFYWHMCP>
#	G	D	E	R	K	N	Q	S	T	A	V	L	I	F	Y	W	H	M	C	P
0	0.01458	0.04698	0.45644	0.01555	0.04548	0.01468	0.01705	0.19261	0.06371	0.02309	0.01208	0.01326	0.00877	0.00595	0.00552	0.00176	0.00749	0.00462	0.00355	0.04682
1	0.01228	0.01395	0.11945	0.01238	0.01814	0.00971	0.13171	0.01583	0.01237	0.01882	0.01059	0.01270	0.00848	0.00457	0.00490	0.00118	0.00582	0.00414	0.00322	0.57975
2	0.00709	0.00506	0.00675	0.00810	0.00843	0.00472	0.00540	0.00810	0.01113	0.01484	0.03205	0.79184	0.03846	0.01822	0.00742	0.00236	0.00337	0.01653	0.00540	0.00472
3	0.01190	0.01172	0.01708	0.01452	0.01508	0.01543	0.06406	0.01337	0.00961	0.01434	0.01279	0.06709	0.05032	0.05036	0.01732	0.00262	0.59677	0.00651	0.00296	0.00614
4	0.00829	0.00633	0.00803	0.00822	0.00973	0.00545	0.00576	0.00968	0.01136	0.01584	0.02681	0.60351	0.03125	0.01486	0.00667	0.00200	0.00360	0.01337	0.00493	0.20433
5	0.01084	0.00542	0.00542	0.00542	0.00678	0.00542	0.00407	0.01355	0.01220	0.02168	0.01897	0.02168	0.01491	0.00678	0.00407	0.00136	0.00271	0.00542	0.82791	0.00542
6	0.01136	0.01087	0.01514	0.01354	0.01362	0.01465	0.01095	0.01257	0.00944	0.01420	0.01353	0.20089	0.01508	0.01212	0.01627	0.00250	0.59622	0.00785	0.00323	0.00597
7	0.16895	0.01091	0.01645	0.54840	0.11704	0.01305	0.01446	0.01563	0.01148	0.01748	0.00998	0.01422	0.00764	0.00566	0.00538	0.00189	0.00703	0.00478	0.00281	0.00674
8	0.00709	0.00506	0.00675	0.00810	0.00843	0.00472	0.00540	0.00810	0.01113	0.01484	0.03205	0.79184	0.03846	0.01822	0.00742	0.00236	0.00337	0.01653	0.00540	0.00472
9	0.01418	0.52875	0.28889	0.01228	0.01853	0.01967	0.01401	0.01777	0.01198	0.01535	0.00891	0.01037	0.00743	0.00517	0.00436	0.00145	0.00705	0.00353	0.00248	0.00786
10	0.01439	0.01382	0.02360	0.03569	0.75936	0.01382	0.01785	0.01785	0.01324	0.01900	0.01094	0.01439	0.00921	0.00518	0.00576	0.00173	0.00691	0.00518	0.00288	0.00921
11	0.01212	0.12096	0.67864	0.01579	0.02396	0.01463	0.02012	0.01830	0.01222	0.01786	0.01016	0.01193	0.00738	0.00546	0.00531	0.00177	0.00831	0.00416	0.00246	0.00846
12	0.01491	0.01246	0.01327	0.01169	0.01500	0.01423	0.00915	0.11324	0.61037	0.02571	0.07576	0.02236	0.01952	0.00807	0.00597	0.00194	0.00468	0.00670	0.00594	0.00902
13	0.01496	0.01274	0.01343	0.01193	0.01531	0.01470	0.00932	0.07692	0.70202	0.02513	0.02304	0.02119	0.01724	0.00783	0.00591	0.00196	0.00472	0.00649	0.00591	0.00925
14	0.83671	0.01125	0.00855	0.00765	0.01125	0.01305	0.00630	0.01709	0.00990	0.02609	0.00810	0.00945	0.00630	0.00540	0.00360	0.00180	0.00450	0.00315	0.00360	0.00630
15	0.01108	0.00723	0.00911	0.00824	0.01021	0.00697	0.00631	0.01549	0.10872	0.10898	0.57926	0.03797	0.04552	0.01084	0.00662	0.00184	0.00323	0.00948	0.00643	0.00646
16	0.00874	0.00622	0.00855	0.00982	0.01084	0.00614	0.00806	0.01086	0.01256	0.01644	0.03048	0.24927	0.03412	0.05612	0.00897	0.00275	0.00486	0.50482	0.00527	0.00510
17	0.00784	0.00573	0.00736	0.00738	0.00856	0.00525	0.00537	0.01005	0.01490	0.02062	0.52147	0.22526	0.11122	0.01366	0.00700	0.00197	0.00291	0.01212	0.00607	0.00525
18	0.00709	0.00506	0.00675	0.00810	0.00843	0.00472	0.00540	0.00810	0.01113	0.01484	0.03205	0.79184	0.03846	0.01822	0.00742	0.00236	0.00337	0.01653	0.00540	0.00472
19	0.02586	0.00995	0.01349	0.01038	0.01485	0.00867	0.00856	0.02839	0.03125	0.74864	0.02296	0.01983	0.01446	0.00721	0.00585	0.00180	0.00494	0.00586	0.00717	0.00988
20	0.01081	0.00820	0.01344	0.38862	0.07159	0.00947	0.01131	0.01180	0.00992	0.01300	0.01027	0.01640	0.00889	0.01219	0.01336	0.37167	0.00649	0.00512	0.00258	0.00488
21	0.01560	0.20717	0.29444	0.05476	0.02090	0.11073	0.01479	0.13163	0.06213	0.01980	0.01109	0.01239	0.00848	0.00585	0.00515	0.00166	0.00763	0.00429	0.00328	0.00822
22	0.01363	0.05938	0.19231	0.05859	0.44417	0.01430	0.09834	0.01792	0.01294	0.01838	0.01074	0.01383	0.00860	0.00524	0.00572	0.00176	0.00761	0.00506	0.00276	0.00872
23	0.05190	0.25691	0.42456	0.01475	0.05800	0.01602	0.01631	0.01867	0.01236	0.06573	0.01046	0.01186	0.00790	0.00545	0.00493	0.00165	0.00737	0.00403	0.00285	0.00827
24	0.01172	0.00684	0.00903	0.00848	0.01049	0.00627	0.00679	0.01425	0.01557	0.16070	0.40602	0.04473	0.10218	0.01213	0.00692	0.00201	0.00373	0.15965	0.00625	0.00624
25	0.02170	0.00888	0.01205	0.00967	0.01334	0.00776	0.00780	0.02396	0.01625	0.58410	0.15305	0.07408	0.02311	0.00874	0.00613	0.00184	0.00446	0.00737	0.00694	0.00878
26	0.01287	0.11458	0.19423	0.01534	0.01823	0.01731	0.04784	0.01566	0.01027	0.01520	0.00853	0.01233	0.00760	0.00821	0.01346	0.00219	0.47178	0.00474	0.00253	0.00709
27	0.01392	0.06613	0.02736	0.12168	0.05536	0.07055	0.39318	0.01758	0.01270	0.01673	0.01041	0.01432	0.00831	0.00600	0.00841	0.00197	0.13942	0.00581	0.00280	0.00736
28	0.00782	0.00593	0.00721	0.00689	0.00844	0.00531	0.00517	0.01018	0.01550	0.02103	0.54681	0.04720	0.26578	0.01274	0.00686	0.00187	0.00280	0.01104	0.00610	0.00531
29	0.01206	0.01291	0.02686	0.05951	0.02561	0.01226	0.52404	0.01610	0.01338	0.01814	0.06922	0.14874	0.01712	0.00771	0.00690	0.00202	0.00810	0.00867	0.00359	0.00707
30	0.04617	0.06053	0.38946	0.01449	0.02035	0.01342	0.05831	0.06516	0.06016	0.05899	0.01340	0.05429	0.01075	0.00943	0.06196	0.00242	0.04379	0.00544	0.00343	0.00804
31	0.00747	0.00553	0.00782	0.00861	0.00914	0.00520	0.03454	0.00855	0.01101	0.01470	0.03008	0.69724	0.03582	0.08324	0.00927	0.00262	0.00382	0.01546	0.00514	0.00475
32	0.01047	0.00840	0.00899	0.00833	0.00892	0.04873	0.00562	0.05740	0.01047	0.01370	0.01882	0.03304	0.06511	0.55553	0.02401	0.00455	0.10191	0.00783	0.00364	0.00455
33	0.01216	0.01170	0.02033	0.51487	0.24996	0.01330	0.06285	0.01597	0.01223	0.01631	0.01060	0.01519	0.00825	0.00557	0.00586	0.00188	0.00764	0.00528	0.00269	0.00735
34	0.01572	0.01498	0.01405	0.01257	0.01556	0.14242	0.00985	0.07262	0.48344	0.02224	0.02028	0.02099	0.02787	0.00812	0.00685	0.00195	0.06243	0.03454	0.00514	0.00840
35	0.01381	0.01485	0.01726	0.49422	0.03141	0.19697	0.01451	0.01676	0.01244	0.01459	0.00965	0.01392	0.00767	0.00644	0.00745	0.00191	0.11213	0.00481	0.00268	0.00651
36	0.01380	0.01547	0.03306	0.02582	0.11587	0.01460	0.65377	0.01854	0.01367	0.01867	0.01167	0.01553	0.00887	0.00493	0.00673	0.00193	0.00946	0.00667	0.00293	0.00800
37	0.00813	0.00594	0.00764	0.00721	0.00863	0.00544	0.00541	0.01078	0.01623	0.02277	0.70561	0.04435	0.10590	0.01209	0.00686	0.00184	0.00276	0.01064	0.00633	0.00544
38	0.01506	0.01626	0.24666	0.01346	0.01863	0.01076	0.10191	0.02052	0.08963	0.20816	0.14188	0.02278	0.05285	0.00760	0.00610	0.00186	0.00618	0.00664	0.00486	0.00820
39	0.01325	0.01252	0.02120	0.21426	0.53781	0.01314	0.01689	0.01675	0.01286	0.01790	0.01206	0.01794	0.01041	0.00603	0.00592	0.00184	0.00701	0.05093	0.00297	0.00830
40	0.01401	0.01336	0.02227	0.03320	0.69087	0.01338	0.01681	0.01788	0.04266	0.01904	0.01392	0.01683	0.04809	0.00578	0.00582	0.00175	0.00661	0.00560	0.00313	0.00899
41	0.00831	0.00623	0.00935	0.00935	0.01038	0.00727	0.00727	0.01038	0.00935	0.01350	0.01558	0.02285	0.01454	0.04361	0.77259	0.00935	0.01558	0.00623	0.00312	0.00519
42	0.00991	0.00505	0.00752	0.00761	0.00763	0.00503	0.00507	0.00761	0.00780	0.01040	0.01151	0.06722	0.01192	0.02008	0.02175	0.77779	0.00494	0.00579	0.00271	0.00267
43	0.02284	0.00928	0.01252	0.00986	0.01381	0.00815	0.00804	0.02546	0.03135	0.62356	0.14678	0.02382	0.02130	0.00800	0.00602	0.00181	0.00457	0.00665	0.00704	0.00914
44	0.00704	0.00590	0.00613	0.00607	0.00796	0.00498	0.00455	0.00868	0.01366	0.01667	0.14650	0.05439	0.66881	0.01437	0.00687	0.00195	0.00292	0.01205	0.00553	0.00498
45	0.01470	0.01193	0.01260	0.01124	0.01443	0.01364	0.00877	0.06565	0.62495	0.03750	0.02268	0.02126	0.01700	0.00772	0.00572	0.00190	0.00451	0.00638	0.08854	0.00887
46	0.00824	0.00597	0.00779	0.00740	0.00879	0.00552	0.00560	0.01095	0.01628	0.02293	0.71444	0.04451	0.07054	0.01210	0.00690	0.00186	0.00284	0.03554	0.00634	0.00547
47	0.42723	0.01120	0.01301	0.28202	0.02204	0.01369	0.01067	0.02833	0.01068	0.02078	0.00893	0.01208	0.00704	0.00617	0.00637	0.00194	0.10409	0.00414	0.00315	0.00642
48	0.00903	0.00674	0.00854	0.00784	0.00937	0.00657	0.00598	0.04849	0.01652	0.02315	0.64369	0.04155	0.09648	0.01175	0.00728	0.00186	0.03314	0.01015	0.00616	0.00571
49	0.01206	0.01034	0.01206	0.00861	0.01378	0.00775	0.00689	0.01464	0.01206	0.01895	0.01034	0.01206	0.00861	0.00431	0.00431	0.00086	0.00431	0.00345	0.00345	0.83118
50	0.00907	0.04733	0.00981	0.00907	0.03852	0.00703	0.00673	0.01202	0.03261	0.02152	0.54557	0.07000	0.05844	0.01196	0.00680	0.00192	0.00347	0.09649	0.00587	0.00577
51	0.01209	0.01043	0.01229	0.00888	0.01384	0.00815	0.00712	0.01462	0.01193	0.01875	0.01023	0.01209	0.00857	0.00454	0.00490	0.00093	0.03552	0.00351	0.00341	0.79820
52	0.02145	0.01551	0.04049	0.01282	0.01755	0.01609	0.01080	0.56715	0.05265	0.12221	0.01512	0.01481	0.01059	0.00686	0.00574	0.00172	0.00612	0.00524	0.00576	0.05131
53	0.01905	0.01900	0.34205	0.01374	0.02006	0.01109	0.04781	0.02361	0.02652	0.39252	0.01699	0.01636	0.01113	0.00637	0.00576	0.00183	0.00675	0.00523	0.00491	0.00922
54	0.83671	0.01125	0.00855	0.00765	0.01125	0.01305	0.00630	0.01709	0.00990	0.02609	0.00810	0.00945	0.00630	0.00540	0.00360	0.00180	0.00450	0.00315	0.00360	0.00630
55	0.00795	0.00577	0.00750	0.00748	0.00867	0.00533	0.00550	0.01027	0.01512	0.02104	0.55421	0.19982	0.08718	0.01344	0.00700	0.00197	0.00294	0.02740	0.00612	0.00530
56	0.00772	0.00592	0.00707	0.00678	0.00838	0.00527	0.00509	0.00999	0.01526	0.02048	0.49583	0.04812	0.31710	0.01295	0.00686	0.00188	0.00282	0.01117	0.00603	0.00527
57	0.01535	0.75950	0.06835	0.01029	0.01545	0.02252	0.01054	0.01746	0.01184	0.01393	0.00821	0.00948	0.00746	0.00500	0.00382	0.00127	0.00634	0.00317	0.00249	0.00752
58	0.00687	0.00589	0.00589	0.00589	0.00785	0.00491	0.00442	0.00835	0.01325	0.01571	0.05891	0.05596	0.75700	0.01473	0.00687	0.00196	0.00295	0.01227	0.00540	0.00491
59	0.01206	0.01034	0.01206	0.00861	0.01378	0.00775	0.00689	0.01464	0.01206	0.01895	0.01034	0.01206	0.00861	0.00431	0.00431	0.00086	0.00431	0.00345	0.00345	0.83118
60	0.00722	0.00588	0.00642	0.00651	0.00824	0.00507	0.00491	0.00891	0.01359	0.01688	0.16025	0.10806	0.56204	0.01462	0.00697	0.00201	0.00307	0.04880	0.00555	0.00501
61	0.00771	0.00622	0.00711	0.00722	0.02127	0.00553	0.00534	0.00998	0.02901	0.01840	0.27304	0.05118	0.47220	0.01362	0.00689	0.00196	0.00311	0.04927	0.00568	0.00527
62	0.01166	0.03008	0.76550	0.01657	0.02517	0.01351	0.02149	0.01842	0.01228	0.01842	0.01044	0.01228	0.00737	0.00552	0.00552	0.00184	0.00859	0.00430	0.00246	0.00859
63	0.01317	0.01257	0.02140	0.30203	0.50253	0.01350	0.01724	0.01678	0.01267	0.01752	0.01072	0.01479	0.00869	0.00541	0.00578	0.00180	0.00721	0.00518	0.00277	0.00823
64	0.01281	0.02792	0.68782	0.01587	0.02399	0.01294	0.02009	0.01911	0.01272	0.08112	0.02574	0.01350	0.00886	0.00579	0.00558	0.00184	0.00818	0.00455	0.00293	0.00864
65	0.01054	0.00647	0.00841	0.00762	0.00946	0.00586	0.00582	0.01312	0.01625	0.12249	0.60679	0.04116	0.10044	0.01146	0.00672	0.00183	0.00306	0.01002	0.00644	0.00604
66	0.05241	0.01425	0.05386	0.03267	0.02409	0.01335	0.42674	0.02095	0.13802	0.08852	0.06220	0.01843	0.01360	0.00613	0.00639	0.00193	0.00770	0.00665	0.00406	0.00804
67	0.73071	0.01190	0.00971	0.00839	0.01213	0.01369	0.00692	0.11116	0.01217	0.02746	0.00886	0.01003	0.00677	0.00560	0.00389	0.00179	0.00475	0.00342	0.00389	0.00677
68	0.01319	0.01343	0.02381	0.04311	0.02310	0.01304	0.36686	0.01848	0.10006	0.01885	0.01238	0.01516	0.00968	0.00560	0.00713	0.00172	0.07752	0.00570	0.00338	0.22780
69	0.01352	0.01557	0.05729	0.07709	0.04356	0.01451	0.60119	0.01914	0.06123	0.01873	0.01237	0.01592	0.00928	0.00519	0.00666	0.00195	0.00922	0.00660	0.00309	0.00789
70	0.01328	0.01330	0.02318	0.04446	0.03972	0.01288	0.32576	0.04436	0.01295	0.01866	0.01074	0.01397	0.00860	0.00555	0.00761	0.00166	0.11508	0.00533	0.00315	0.27976
71	0.01272	0.01272	0.01781	0.01527	0.01527	0.01781	0.01272	0.01399	0.00891	0.01399	0.00763	0.01272	0.00763	0.01018	0.01908	0.00254	0.78499	0.00509	0.00254	0.00636
72	0.01029	0.00884	0.01199	0.04186	0.01202	0.01120	0.00842	0.01130	0.00891	0.01289	0.01316	0.02429	0.01399	0.32043	0.14271	0.00481	0.32820	0.00658	0.00302	0.00508
73	0.01439	0.01382	0.02360	0.03569	0.75936	0.01382	0.01785	0.01785	0.01324	0.01900	0.01094	0.01439	0.00921	0.00518	0.00576	0.00173	0.00691	0.00518	0.00288	0.00921
74	0.00937	0.00669	0.00937	0.01071	0.01205	0.00669	0.00937	0.01205	0.01339	0.01740	0.03079	0.06560	0.03347	0.01606	0.00803	0.00268	0.00535	0.72021	0.00535	0.00535
75	0.07702	0.01178	0.01290	0.01117	0.01477	0.01294	0.00884	0.02928	0.51896	0.20230	0.02236	0.02035	0.01611	0.00754	0.00573	0.00192	0.00468	0.00615	0.00606	0.00916
76	0.00714	0.00510	0.00679	0.00806	0.00845	0.00476	0.00540	0.00823	0.01138	0.01524	0.06541	0.75736	0.03922	0.01793	0.00740	0.00234	0.00334	0.01625	0.00544	0.00476
77	0.02256	0.01510	0.01679	0.02756	0.01792	0.01634	0.01073	0.60633	0.02524	0.15855	0.01540	0.01497	0.01061	0.00699	0.00582	0.00176	0.00618	0.00534	0.00599	0.00983
78	0.01206	0.01034	0.01206	0.00861	0.01378	0.00775	0.00689	0.01464	0.01206	0.01895	0.01034	0.01206	0.00861	0.00431	0.00431	0.00086	0.00431	0.00345	0.00345	0.83118
79	0.05931	0.02942	0.01330	0.01144	0.01428	0.12777	0.00898	0.30797	0.01865	0.02447	0.01914	0.23395	0.01906	0.01050	0.00615	0.00193	0.00593	0.05997	0.02046	0.00732
80	0.00834	0.00610	0.00868	0.00868	0.00949	0.00691	0.00644	0.00996	0.00915	0.01301	0.01619	0.02622	0.01600	0.21033	0.60787	0.00852	0.01337	0.00672	0.00321	0.00482
81	0.01119	0.01014	0.01657	0.59601	0.08078	0.01244	0.01473	0.01472	0.01153	0.01557	0.01112	0.01605	0.00868	0.00757	0.03605	0.00220	0.05324	0.00523	0.06969	0.00650
82	0.00874	0.00625	0.00861	0.00970	0.01084	0.00612	0.00801	0.01109	0.01336	0.01771	0.13295	0.21125	0.03750	0.01592	0.00774	0.00249	0.00458	0.47639	0.00551	0.00524

[dist]
# distance from previous block
# <min> <max>
0	2

[block]
# block no. 5 follows, 40 sequences, length 38
# corresponding to MSA columns:
# 283-320
name=unknown_F
#
# <colnr> <probs for GDERKNQSTAVLIFYWHMCP>
#	G	D	E	R	K	N	Q	S	T	A	V	L	I	F	Y	W	H	M	C	P
0	0.01427	0.37295	0.25245	0.01213	0.01770	0.03933	0.01307	0.01909	0.08193	0.04630	0.06910	0.01450	0.01236	0.00607	0.00486	0.00157	0.00660	0.00450	0.00330	0.00790
1	0.20248	0.29249	0.07793	0.03970	0.01676	0.22809	0.01064	0.04221	0.01321	0.01779	0.00879	0.01028	0.00729	0.00549	0.00441	0.00153	0.00727	0.00353	0.00299	0.00713
2	0.67510	0.12075	0.05618	0.00849	0.01257	0.01444	0.00770	0.01722	0.01030	0.02393	0.00823	0.00960	0.00652	0.00535	0.00373	0.00173	0.00498	0.00321	0.00338	0.00659
3	0.17573	0.01301	0.01995	0.08774	0.54096	0.01361	0.01527	0.01774	0.02768	0.02018	0.01060	0.01366	0.00870	0.00533	0.00534	0.00176	0.00645	0.00481	0.00306	0.00842
4	0.00920	0.00676	0.00893	0.00956	0.01098	0.00673	0.00789	0.01272	0.06690	0.01928	0.22865	0.11271	0.05380	0.01448	0.00749	0.00236	0.00438	0.40589	0.00568	0.00561
5	0.00978	0.00734	0.00890	0.00834	0.00999	0.00738	0.00623	0.05623	0.11688	0.02271	0.49351	0.12615	0.04366	0.04723	0.00776	0.00208	0.00342	0.01027	0.00605	0.00608
6	0.01297	0.01236	0.02103	0.34730	0.45888	0.01344	0.01714	0.01660	0.01257	0.01727	0.01069	0.01486	0.00860	0.00545	0.00578	0.00182	0.00726	0.00518	0.00276	0.00806
7	0.00973	0.00668	0.00879	0.05381	0.01125	0.00637	0.00654	0.01271	0.03341	0.07377	0.53329	0.04206	0.11613	0.01161	0.00677	0.00190	0.00341	0.04982	0.00606	0.00588
8	0.01098	0.01034	0.01744	0.78165	0.04005	0.01292	0.01615	0.01486	0.01163	0.01486	0.01034	0.01550	0.00775	0.00581	0.00581	0.00194	0.00775	0.00517	0.00258	0.00646
9	0.01767	0.01222	0.01567	0.08250	0.04747	0.01269	0.04312	0.21756	0.12179	0.17099	0.06083	0.01964	0.01489	0.00724	0.00609	0.00177	0.01913	0.02876	0.00528	0.09468
10	0.01922	0.03721	0.01759	0.03891	0.01798	0.21868	0.01164	0.33288	0.01911	0.02395	0.01085	0.01267	0.00858	0.00740	0.00882	0.00187	0.19575	0.00475	0.00409	0.00803
11	0.01108	0.01053	0.01806	0.75394	0.03970	0.01299	0.04258	0.01500	0.01170	0.01500	0.01039	0.01551	0.00779	0.00578	0.00585	0.00194	0.00783	0.00523	0.00260	0.00651
12	0.01814	0.19216	0.02345	0.01652	0.04995	0.35456	0.15415	0.06048	0.01507	0.01641	0.00964	0.01170	0.00796	0.00575	0.00587	0.00160	0.04178	0.00442	0.00301	0.00738
13	0.02578	0.01039	0.01380	0.01058	0.01509	0.00929	0.00874	0.08372	0.01748	0.70683	0.02224	0.01934	0.01404	0.00718	0.00585	0.00180	0.00506	0.00580	0.00709	0.00990
14	0.01288	0.06165	0.09463	0.04457	0.01949	0.01703	0.12701	0.01539	0.01026	0.01517	0.00868	0.01304	0.00779	0.00843	0.01444	0.00228	0.51260	0.00517	0.00260	0.00688
15	0.01402	0.00917	0.01088	0.00930	0.01213	0.00896	0.00734	0.16224	0.05033	0.13320	0.25461	0.09023	0.11178	0.01046	0.00637	0.00183	0.00416	0.03386	0.00595	0.06315
16	0.02609	0.00990	0.01350	0.01035	0.01484	0.00855	0.00855	0.02834	0.01664	0.76338	0.02294	0.01979	0.01439	0.00720	0.00585	0.00180	0.00495	0.00585	0.00720	0.00990
17	0.00959	0.00626	0.00825	0.00764	0.00924	0.00575	0.00583	0.01230	0.01638	0.07811	0.68054	0.04233	0.05124	0.01166	0.00682	0.00185	0.00298	0.03099	0.00643	0.00581
18	0.01446	0.01249	0.01315	0.01183	0.01512	0.01446	0.00920	0.03090	0.74885	0.02433	0.02367	0.02170	0.01775	0.00789	0.00592	0.00197	0.00460	0.00657	0.00592	0.00920
19	0.01337	0.01446	0.02965	0.15566	0.15310	0.01425	0.49529	0.01785	0.01329	0.01805	0.01138	0.01544	0.00870	0.00510	0.00650	0.00192	0.00897	0.00629	0.00287	0.00783
20	0.00832	0.00618	0.00911	0.00911	0.01007	0.00714	0.00698	0.01023	0.00928	0.01333	0.01579	0.02403	0.01505	0.10213	0.71477	0.00906	0.01480	0.00640	0.00315	0.00506
21	0.01245	0.01317	0.02622	0.37096	0.03448	0.01396	0.39154	0.01680	0.01266	0.01680	0.01102	0.01554	0.00831	0.00544	0.00665	0.00196	0.02606	0.00605	0.00277	0.00718
22	0.00875	0.00649	0.00822	0.00769	0.00923	0.00624	0.00580	0.01264	0.07763	0.02340	0.69510	0.04162	0.05177	0.01155	0.00678	0.00184	0.00290	0.01019	0.00636	0.00580
23	0.00709	0.00506	0.00675	0.00810	0.00843	0.00472	0.00540	0.00810	0.01113	0.01484	0.03205	0.79184	0.03846	0.01822	0.00742	0.00236	0.00337	0.01653	0.00540	0.00472
24	0.02016	0.17096	0.07806	0.01284	0.01785	0.01829	0.01155	0.51382	0.02270	0.05931	0.01289	0.01315	0.00939	0.00648	0.00539	0.00166	0.00648	0.00477	0.00496	0.00931
25	0.07059	0.01698	0.01684	0.01318	0.01762	0.08305	0.01079	0.63484	0.02536	0.03408	0.01318	0.01339	0.00947	0.00680	0.00564	0.00173	0.00664	0.00498	0.00544	0.00940
26	0.01542	0.01213	0.01324	0.05667	0.01609	0.01379	0.00930	0.15596	0.47027	0.03985	0.02054	0.01989	0.01533	0.00745	0.00566	0.00185	0.00489	0.00609	0.10686	0.00871
27	0.07648	0.00876	0.01012	0.00947	0.01156	0.00909	0.00713	0.15975	0.05903	0.06562	0.09239	0.36889	0.02763	0.01385	0.03651	0.00234	0.00467	0.01080	0.00545	0.02047
28	0.18215	0.01494	0.01543	0.01209	0.01650	0.01659	0.00997	0.55101	0.04271	0.06284	0.01342	0.01351	0.00957	0.00670	0.00539	0.00176	0.00592	0.00489	0.00544	0.00917
29	0.01819	0.01195	0.01282	0.01029	0.01372	0.01288	0.00835	0.43408	0.02119	0.07106	0.01629	0.01712	0.01198	0.00692	0.00518	0.00160	0.00496	0.00534	0.30785	0.00825
30	0.02422	0.01194	0.01464	0.01133	0.01580	0.01170	0.00933	0.23893	0.06342	0.50446	0.02033	0.01818	0.01326	0.00717	0.00584	0.00179	0.00536	0.00571	0.00671	0.00985
31	0.00715	0.00509	0.00673	0.00802	0.00834	0.00476	0.00531	0.00811	0.01101	0.01468	0.03143	0.75775	0.03768	0.05337	0.00843	0.00251	0.00348	0.01617	0.00531	0.00467
32	0.00782	0.00562	0.00744	0.00788	0.00881	0.00524	0.00571	0.00982	0.01398	0.01930	0.39795	0.36431	0.04641	0.01487	0.00718	0.00211	0.00319	0.06129	0.00590	0.00515
33	0.01166	0.03008	0.76550	0.01657	0.02517	0.01351	0.02149	0.01842	0.01228	0.01842	0.01044	0.01228	0.00737	0.00552	0.00552	0.00184	0.00859	0.00430	0.00246	0.00859
34	0.00709	0.00506	0.00675	0.00810	0.00843	0.00472	0.00540	0.00810	0.01113	0.01484	0.03205	0.79184	0.03846	0.01822	0.00742	0.00236	0.00337	0.01653	0.00540	0.00472
35	0.01332	0.01585	0.07439	0.06801	0.02881	0.01491	0.56440	0.01782	0.01293	0.01782	0.01110	0.01511	0.00853	0.00564	0.00821	0.00202	0.10425	0.00639	0.00284	0.00762
36	0.01206	0.01034	0.01206	0.00861	0.01378	0.00775	0.00689	0.01464	0.01206	0.01895	0.01034	0.01206	0.00861	0.00431	0.00431	0.00086	0.00431	0.00345	0.00345	0.83118
37	0.00793	0.00589	0.00678	0.00678	0.00834	0.00517	0.00496	0.00964	0.01370	0.04148	0.23401	0.17137	0.40809	0.03998	0.00767	0.00211	0.00312	0.01218	0.00566	0.00514

[dist]
# distance from previous block
# <min> <max>
1	3

[block]
# block no. 6 follows, 40 sequences, length 32
# corresponding to MSA columns:
# 326-357
name=unknown_G
#
# <colnr> <probs for GDERKNQSTAVLIFYWHMCP>
#	G	D	E	R	K	N	Q	S	T	A	V	L	I	F	Y	W	H	M	C	P
0	0.83671	0.01125	0.00855	0.00765	0.01125	0.01305	0.00630	0.01709	0.00990	0.02609	0.00810	0.00945	0.00630	0.00540	0.00360	0.00180	0.00450	0.00315	0.00360	0.00630
1	0.00777	0.00729	0.05204	0.00733	0.00930	0.00566	0.00598	0.01009	0.01445	0.01916	0.36155	0.10494	0.34688	0.01320	0.00683	0.00193	0.00323	0.01135	0.00567	0.00537
2	0.01439	0.01382	0.02360	0.03569	0.75936	0.01382	0.01785	0.01785	0.01324	0.01900	0.01094	0.01439	0.00921	0.00518	0.00576	0.00173	0.00691	0.00518	0.00288	0.00921
3	0.01316	0.01345	0.01775	0.01525	0.01540	0.05448	0.01265	0.01444	0.00927	0.01401	0.00770	0.01261	0.00763	0.00997	0.01841	0.00249	0.74735	0.00502	0.00257	0.00638
4	0.01373	0.01569	0.03431	0.02451	0.03039	0.01471	0.73824	0.01863	0.01373	0.01863	0.01176	0.01569	0.00882	0.00490	0.00686	0.00196	0.00980	0.00686	0.00294	0.00784
5	0.00730	0.00526	0.00696	0.00824	0.00876	0.00493	0.00573	0.00850	0.01147	0.01514	0.03336	0.68157	0.07624	0.01782	0.00745	0.00237	0.00354	0.08518	0.00539	0.00480
6	0.01098	0.01034	0.01744	0.78165	0.04005	0.01292	0.01615	0.01486	0.01163	0.01486	0.01034	0.01550	0.00775	0.00581	0.00581	0.00194	0.00775	0.00517	0.00258	0.00646
7	0.00823	0.00594	0.00777	0.00732	0.00869	0.00549	0.00549	0.01097	0.01646	0.02332	0.75629	0.04344	0.05487	0.01189	0.00686	0.00183	0.00274	0.01052	0.00640	0.00549
8	0.01272	0.01272	0.01781	0.01527	0.01527	0.01781	0.01272	0.01399	0.00891	0.01399	0.00763	0.01272	0.00763	0.01018	0.01908	0.00254	0.78499	0.00509	0.00254	0.00636
9	0.00759	0.00542	0.00732	0.00867	0.00923	0.00516	0.00627	0.00897	0.01163	0.01541	0.03177	0.63220	0.03736	0.01775	0.00756	0.00243	0.00381	0.17120	0.00539	0.00486
10	0.02361	0.01388	0.01596	0.01223	0.01683	0.01445	0.01011	0.47127	0.02330	0.31105	0.01735	0.01616	0.01159	0.00706	0.00583	0.00177	0.00585	0.00547	0.00634	0.00989
11	0.00843	0.00560	0.00653	0.00668	0.00685	0.00563	0.00400	0.00881	0.00900	0.01236	0.01966	0.11773	0.02225	0.62065	0.07413	0.00530	0.00588	0.00902	0.04761	0.00386
12	0.65224	0.01094	0.00967	0.00826	0.01207	0.01202	0.00681	0.01965	0.01143	0.19387	0.01148	0.01180	0.00814	0.00581	0.00411	0.00180	0.00460	0.00376	0.00442	0.00712
13	0.00709	0.00506	0.00675	0.00810	0.00843	0.00472	0.00540	0.00810	0.01113	0.01484	0.03205	0.79184	0.03846	0.01822	0.00742	0.00236	0.00337	0.01653	0.00540	0.00472
14	0.18915	0.46270	0.04064	0.00998	0.01449	0.03726	0.00933	0.01963	0.09155	0.06273	0.01075	0.01142	0.00875	0.00555	0.00415	0.00149	0.00577	0.00370	0.00339	0.00756
15	0.01084	0.00542	0.00542	0.00542	0.00678	0.00542	0.00407	0.01355	0.01220	0.02168	0.01897	0.02168	0.01491	0.00678	0.00407	0.00136	0.00271	0.00542	0.82791	0.00542
16	0.01206	0.01034	0.01206	0.00861	0.01378	0.00775	0.00689	0.01464	0.01206	0.01895	0.01034	0.01206	0.00861	0.00431	0.00431	0.00086	0.00431	0.00345	0.00345	0.83118
17	0.00709	0.00590	0.00619	0.00611	0.00799	0.00500	0.00459	0.00876	0.01376	0.01690	0.16815	0.05400	0.64701	0.01428	0.00687	0.00194	0.00291	0.01200	0.00556	0.00500
18	0.00709	0.00506	0.00675	0.00810	0.00843	0.00472	0.00540	0.00810	0.01113	0.01484	0.03205	0.79184	0.03846	0.01822	0.00742	0.00236	0.00337	0.01653	0.00540	0.00472
19	0.83671	0.01125	0.00855	0.00765	0.01125	0.01305	0.00630	0.01709	0.00990	0.02609	0.00810	0.00945	0.00630	0.00540	0.00360	0.00180	0.00450	0.00315	0.00360	0.00630
20	0.01555	0.79913	0.03047	0.00995	0.01493	0.02301	0.00995	0.01741	0.01182	0.01368	0.00808	0.00933	0.00746	0.00498	0.00373	0.00124	0.00622	0.00311	0.00249	0.00746
21	0.01272	0.01272	0.01781	0.01527	0.01527	0.01781	0.01272	0.01399	0.00891	0.01399	0.00763	0.01272	0.00763	0.01018	0.01908	0.00254	0.78499	0.00509	0.00254	0.00636
22	0.01439	0.01382	0.02360	0.03569	0.75936	0.01382	0.01785	0.01785	0.01324	0.01900	0.01094	0.01439	0.00921	0.00518	0.00576	0.00173	0.00691	0.00518	0.00288	0.00921
23	0.00831	0.00623	0.00935	0.00935	0.01038	0.00727	0.00727	0.01038	0.00935	0.01350	0.01558	0.02285	0.01454	0.04361	0.77259	0.00935	0.01558	0.00623	0.00312	0.00519
24	0.02211	0.01629	0.01745	0.01338	0.01803	0.01803	0.01105	0.73997	0.02734	0.03665	0.01396	0.01396	0.00989	0.00698	0.00582	0.00175	0.00640	0.00524	0.00582	0.00989
25	0.01563	0.51518	0.02572	0.01163	0.01526	0.04130	0.01071	0.05548	0.01216	0.03548	0.00871	0.01075	0.00783	0.00649	0.00784	0.00162	0.20419	0.00382	0.00282	0.00736
26	0.01082	0.00572	0.00816	0.00792	0.00820	0.00582	0.00541	0.05120	0.00875	0.01168	0.01033	0.01746	0.01009	0.01941	0.02172	0.78142	0.00513	0.00506	0.00272	0.00296
27	0.02090	0.04692	0.01673	0.01426	0.01762	0.55183	0.01097	0.14261	0.08917	0.01891	0.01121	0.01212	0.00888	0.00631	0.00536	0.00158	0.00911	0.00425	0.00373	0.00752
28	0.01292	0.01232	0.02095	0.35682	0.44971	0.01343	0.01712	0.01656	0.01255	0.01722	0.01068	0.01487	0.00858	0.00545	0.00578	0.00182	0.00727	0.00518	0.00275	0.00803
29	0.00709	0.00506	0.00675	0.00810	0.00843	0.00472	0.00540	0.00810	0.01113	0.01484	0.03205	0.79184	0.03846	0.01822	0.00742	0.00236	0.00337	0.01653	0.00540	0.00472
30	0.02542	0.00976	0.01323	0.01019	0.01460	0.00842	0.00840	0.02764	0.01653	0.73736	0.02419	0.02105	0.04024	0.00746	0.00588	0.00181	0.00488	0.00607	0.00713	0.00972
31	0.01206	0.01034	0.01206	0.00861	0.01378	0.00775	0.00689	0.01464	0.01206	0.01895	0.01034	0.01206	0.00861	0.00431	0.00431	0.00086	0.00431	0.00345	0.00345	0.83118

[dist]
# distance from previous block
# <min> <max>
0	2

[block]
# block no. 7 follows, 40 sequences, length 34
# corresponding to MSA columns:
# 360-393
name=unknown_H
#
# <colnr> <probs for GDERKNQSTAVLIFYWHMCP>
#	G	D	E	R	K	N	Q	S	T	A	V	L	I	F	Y	W	H	M	C	P
0	0.01373	0.01569	0.03431	0.02451	0.03039	0.01471	0.73824	0.01863	0.01373	0.01863	0.01176	0.01569	0.00882	0.00490	0.00686	0.00196	0.00980	0.00686	0.00294	0.00784
1	0.01439	0.01382	0.02360	0.03569	0.75936	0.01382	0.01785	0.01785	0.01324	0.01900	0.01094	0.01439	0.00921	0.00518	0.00576	0.00173	0.00691	0.00518	0.00288	0.00921
2	0.00709	0.00506	0.00675	0.00810	0.00843	0.00472	0.00540	0.00810	0.01113	0.01484	0.03205	0.79184	0.03846	0.01822	0.00742	0.00236	0.00337	0.01653	0.00540	0.00472
3	0.01636	0.01274	0.01416	0.01057	0.01538	0.01212	0.00859	0.32827	0.01867	0.02670	0.01220	0.01321	0.00938	0.00555	0.00495	0.00126	0.00516	0.00429	0.03274	0.44770
4	0.02774	0.07060	0.22878	0.01161	0.01626	0.01019	0.04605	0.01700	0.01401	0.14854	0.20385	0.07952	0.03797	0.00840	0.00592	0.00178	0.00556	0.00717	0.00465	0.05439
5	0.48274	0.01187	0.01067	0.11577	0.01570	0.06857	0.00812	0.06530	0.01245	0.02349	0.05459	0.01553	0.04916	0.00652	0.00455	0.00179	0.00527	0.00460	0.03688	0.00644
6	0.01219	0.00962	0.01063	0.00974	0.01238	0.01033	0.00757	0.02193	0.40301	0.05774	0.18596	0.03383	0.15224	0.01020	0.00636	0.00196	0.00397	0.03680	0.00597	0.00756
7	0.00709	0.00506	0.00675	0.00810	0.00843	0.00472	0.00540	0.00810	0.01113	0.01484	0.03205	0.79184	0.03846	0.01822	0.00742	0.00236	0.00337	0.01653	0.00540	0.00472
8	0.11087	0.01299	0.02069	0.08448	0.56732	0.01329	0.01572	0.01829	0.01298	0.07237	0.01142	0.01428	0.00913	0.00540	0.00552	0.00176	0.00655	0.00499	0.00325	0.00872
9	0.01395	0.01306	0.02166	0.22772	0.53072	0.01382	0.01702	0.05822	0.01363	0.01893	0.01095	0.01466	0.00887	0.00545	0.00578	0.00178	0.00710	0.00518	0.00297	0.00854
10	0.00709	0.00506	0.00675	0.00810	0.00843	0.00472	0.00540	0.00810	0.01113	0.01484	0.03205	0.79184	0.03846	0.01822	0.00742	0.00236	0.00337	0.01653	0.00540	0.00472
11	0.79375	0.01138	0.00933	0.00911	0.05032	0.01309	0.00690	0.01713	0.01007	0.02572	0.00825	0.00971	0.00645	0.00539	0.00371	0.00180	0.00462	0.00326	0.00356	0.00645
12	0.00708	0.00510	0.00671	0.00800	0.00841	0.00473	0.00536	0.00811	0.01122	0.01488	0.03319	0.76065	0.06891	0.01807	0.00740	0.00234	0.00336	0.01635	0.00540	0.00473
13	0.01208	0.02262	0.44478	0.04905	0.07358	0.01318	0.15065	0.01752	0.01266	0.01846	0.04959	0.01481	0.01033	0.00585	0.00634	0.00184	0.03883	0.00517	0.00284	0.04982
14	0.01378	0.01555	0.03352	0.02534	0.08451	0.01464	0.68476	0.01857	0.01369	0.01865	0.01170	0.01559	0.00885	0.00492	0.00678	0.00194	0.00959	0.00674	0.00294	0.00794
15	0.02101	0.01443	0.01627	0.05639	0.01829	0.01572	0.01066	0.53775	0.05593	0.13136	0.05091	0.01658	0.01287	0.00722	0.00588	0.00178	0.00603	0.00562	0.00585	0.00945
16	0.01439	0.01382	0.02360	0.03569	0.75936	0.01382	0.01785	0.01785	0.01324	0.01900	0.01094	0.01439	0.00921	0.00518	0.00576	0.00173	0.00691	0.00518	0.00288	0.00921
17	0.02075	0.01057	0.01289	0.01038	0.01428	0.01026	0.00841	0.12158	0.13816	0.42975	0.05692	0.02433	0.09838	0.00832	0.00601	0.00184	0.00477	0.00680	0.00657	0.00904
18	0.01098	0.01034	0.01744	0.78165	0.04005	0.01292	0.01615	0.01486	0.01163	0.01486	0.01034	0.01550	0.00775	0.00581	0.00581	0.00194	0.00775	0.00517	0.00258	0.00646
19	0.01162	0.01123	0.01431	0.01287	0.01351	0.06959	0.01042	0.01323	0.00964	0.01381	0.01092	0.01662	0.01040	0.02330	0.32067	0.00520	0.41849	0.00545	0.00281	0.00592
20	0.00698	0.00546	0.00633	0.00703	0.00815	0.00481	0.00492	0.00822	0.01216	0.01526	0.04506	0.43552	0.38638	0.01653	0.00716	0.00217	0.00317	0.01447	0.00540	0.00481
21	0.01224	0.01050	0.01214	0.00885	0.01388	0.00825	0.00706	0.01585	0.06675	0.01935	0.01133	0.01277	0.00929	0.00457	0.00443	0.00094	0.00433	0.00368	0.00363	0.77016
22	0.00709	0.00506	0.00675	0.00810	0.00843	0.00472	0.00540	0.00810	0.01113	0.01484	0.03205	0.79184	0.03846	0.01822	0.00742	0.00236	0.00337	0.01653	0.00540	0.00472
23	0.01248	0.01232	0.01716	0.01476	0.01476	0.01712	0.01220	0.01368	0.00888	0.01384	0.00824	0.01417	0.00840	0.05493	0.01968	0.00272	0.74058	0.00528	0.00260	0.00620
24	0.00717	0.00512	0.00682	0.00804	0.00845	0.00478	0.00540	0.00830	0.01151	0.01545	0.08347	0.73870	0.03963	0.01777	0.00738	0.00232	0.00333	0.01610	0.00547	0.00478
25	0.01272	0.01272	0.01781	0.01527	0.01527	0.01781	0.01272	0.01399	0.00891	0.01399	0.00763	0.01272	0.00763	0.01018	0.01908	0.00254	0.78499	0.00509	0.00254	0.00636
26	0.02588	0.01023	0.01370	0.01050	0.01501	0.00904	0.00868	0.06555	0.01720	0.72539	0.02247	0.01949	0.01416	0.00719	0.00585	0.00180	0.00502	0.00582	0.00713	0.00990
27	0.01144	0.01036	0.01735	0.52777	0.03228	0.01228	0.08233	0.04355	0.01221	0.01643	0.01172	0.01659	0.00914	0.00973	0.08283	0.00264	0.02550	0.00545	0.06387	0.00652
28	0.01318	0.01432	0.02898	0.16473	0.03039	0.01458	0.51690	0.01818	0.04818	0.01787	0.01177	0.01573	0.00897	0.00559	0.00749	0.00200	0.06421	0.00641	0.00299	0.00754
29	0.00724	0.00523	0.00690	0.00818	0.00867	0.00488	0.00564	0.00840	0.01141	0.01508	0.03336	0.69945	0.07566	0.01788	0.00744	0.00236	0.00350	0.06855	0.00539	0.00478
30	0.01025	0.00831	0.00919	0.00864	0.01091	0.00847	0.00674	0.05359	0.21395	0.02100	0.20108	0.04253	0.29590	0.01195	0.00666	0.00199	0.00374	0.07281	0.00578	0.00650
31	0.00713	0.00511	0.00670	0.00795	0.00833	0.00477	0.00529	0.00812	0.01110	0.01473	0.03242	0.73656	0.06241	0.04909	0.00829	0.00248	0.00345	0.01606	0.00532	0.00468
32	0.01277	0.01076	0.01244	0.00895	0.01408	0.00848	0.00719	0.06614	0.01314	0.02021	0.01059	0.01219	0.00870	0.00450	0.00441	0.00092	0.00446	0.00357	0.00361	0.77287
