[name]
unknown

[dist]
# distance from previous block
# <min> <max>
0	68

[block]
# block no. 0 follows, 38 sequences, length 22
# corresponding to MSA columns:
# 68-89
name=unknown_A
#
# <colnr> <probs for GDERKNQSTAVLIFYWHMCP>
#	G	D	E	R	K	N	Q	S	T	A	V	L	I	F	Y	W	H	M	C	P
0	0.01306	0.00967	0.01189	0.01179	0.01412	0.01027	0.01005	0.16736	0.09406	0.02300	0.02737	0.05167	0.02771	0.01372	0.00759	0.00249	0.00569	0.48584	0.00570	0.00696
1	0.00875	0.00583	0.00656	0.00656	0.00656	0.00583	0.00365	0.00875	0.00875	0.01166	0.01895	0.03937	0.02187	0.78858	0.03062	0.00583	0.00583	0.00875	0.00365	0.00365
2	0.00842	0.00615	0.00791	0.00747	0.00893	0.00564	0.00560	0.01117	0.01681	0.02360	0.70207	0.04580	0.10290	0.01249	0.00710	0.00190	0.00285	0.01100	0.00655	0.00564
3	0.01608	0.79220	0.03152	0.01029	0.01544	0.02380	0.01029	0.01801	0.01222	0.01415	0.00836	0.00965	0.00772	0.00515	0.00386	0.00129	0.00643	0.00322	0.00257	0.00772
4	0.02186	0.02765	0.01714	0.01552	0.01841	0.71523	0.01172	0.02339	0.01653	0.01471	0.00921	0.01100	0.00776	0.00648	0.00637	0.00162	0.06142	0.00397	0.00307	0.00695
5	0.01136	0.01069	0.01804	0.77412	0.04143	0.01337	0.01671	0.01537	0.01203	0.01537	0.01069	0.01604	0.00802	0.00601	0.00601	0.00200	0.00802	0.00535	0.00267	0.00668
6	0.00711	0.00609	0.00609	0.00609	0.00813	0.00508	0.00457	0.00863	0.01371	0.01625	0.06094	0.05789	0.74862	0.01524	0.00711	0.00203	0.00305	0.01270	0.00559	0.00508
7	0.01413	0.01602	0.03437	0.02472	0.03041	0.01542	0.68198	0.01895	0.01387	0.01895	0.01189	0.01602	0.00905	0.00543	0.00793	0.00207	0.06076	0.00698	0.00302	0.00801
8	0.01489	0.01429	0.02442	0.03692	0.75106	0.01429	0.01846	0.01846	0.01370	0.01965	0.01132	0.01489	0.00953	0.00536	0.00596	0.00179	0.00715	0.00536	0.00298	0.00953
9	0.02171	0.02035	0.01771	0.08189	0.02066	0.27376	0.01197	0.42521	0.02299	0.02797	0.01235	0.01335	0.00918	0.00676	0.00581	0.00174	0.00819	0.00488	0.00472	0.00880
10	0.00969	0.00692	0.00969	0.01108	0.01246	0.00692	0.00969	0.01246	0.01385	0.01800	0.03185	0.06786	0.03462	0.01662	0.00831	0.00277	0.00554	0.71057	0.00554	0.00554
11	0.00733	0.00524	0.00698	0.00838	0.00873	0.00489	0.00558	0.00838	0.01152	0.01536	0.03316	0.78466	0.03979	0.01885	0.00768	0.00244	0.00349	0.01710	0.00558	0.00489
12	0.00814	0.00581	0.00791	0.00930	0.01000	0.00558	0.00699	0.00977	0.01231	0.01626	0.03271	0.53974	0.03802	0.01809	0.00789	0.00255	0.00419	0.25404	0.00557	0.00511
13	0.01608	0.79220	0.03152	0.01029	0.01544	0.02380	0.01029	0.01801	0.01222	0.01415	0.00836	0.00965	0.00772	0.00515	0.00386	0.00129	0.00643	0.00322	0.00257	0.00772
14	0.00733	0.00524	0.00698	0.00838	0.00873	0.00489	0.00558	0.00838	0.01152	0.01536	0.03316	0.78466	0.03979	0.01885	0.00768	0.00244	0.00349	0.01710	0.00558	0.00489
15	0.02206	0.02511	0.01703	0.01493	0.01841	0.55583	0.01144	0.17492	0.06766	0.02035	0.01141	0.01239	0.00898	0.00655	0.00560	0.00164	0.00954	0.00440	0.00392	0.00784
16	0.01443	0.01364	0.02311	0.03463	0.68550	0.01364	0.01768	0.01793	0.01371	0.01951	0.01314	0.01959	0.01176	0.00636	0.00616	0.00187	0.00700	0.06795	0.00321	0.00917
17	0.01277	0.16489	0.62982	0.01594	0.02417	0.01570	0.02013	0.01887	0.01262	0.01819	0.01037	0.01216	0.00764	0.00562	0.00539	0.00180	0.00846	0.00423	0.00255	0.00868
18	0.00713	0.00602	0.00617	0.00630	0.00818	0.00506	0.00466	0.00861	0.01352	0.01617	0.05848	0.12240	0.68570	0.01556	0.00716	0.00207	0.00309	0.01309	0.00559	0.00506
19	0.00969	0.00692	0.00969	0.01108	0.01246	0.00692	0.00969	0.01246	0.01385	0.01800	0.03185	0.06786	0.03462	0.01662	0.00831	0.00277	0.00554	0.71057	0.00554	0.00554
20	0.01802	0.02143	0.01457	0.01374	0.01625	0.50644	0.01065	0.01982	0.01576	0.01555	0.01862	0.02724	0.07923	0.00939	0.00675	0.00189	0.03933	0.15502	0.00382	0.00649
21	0.01292	0.19299	0.60302	0.01569	0.02378	0.01606	0.01969	0.01883	0.01260	0.01801	0.01028	0.01205	0.00764	0.00559	0.00532	0.00177	0.00837	0.00418	0.00255	0.00864

[dist]
# distance from previous block
# <min> <max>
0	1

[block]
# block no. 1 follows, 38 sequences, length 20
# corresponding to MSA columns:
# 91-110
name=unknown_B
#
# <colnr> <probs for GDERKNQSTAVLIFYWHMCP>
#	G	D	E	R	K	N	Q	S	T	A	V	L	I	F	Y	W	H	M	C	P
0	0.83108	0.01163	0.00884	0.00791	0.01163	0.01350	0.00651	0.01768	0.01024	0.02699	0.00838	0.00977	0.00651	0.00558	0.00372	0.00186	0.00465	0.00326	0.00372	0.00651
1	0.00800	0.00613	0.00734	0.00703	0.00867	0.00546	0.00528	0.01037	0.01583	0.02127	0.49876	0.04964	0.30767	0.01336	0.00710	0.00194	0.00291	0.01154	0.00625	0.00546
2	0.01566	0.01327	0.01399	0.01238	0.01591	0.01529	0.00969	0.09345	0.67757	0.02629	0.02360	0.02174	0.01765	0.00808	0.00611	0.00202	0.00492	0.00668	0.00611	0.00958
3	0.01005	0.00651	0.00843	0.00775	0.00949	0.00591	0.00588	0.01275	0.01682	0.08790	0.63815	0.04365	0.09945	0.01207	0.00700	0.00190	0.00305	0.01058	0.00663	0.00604
4	0.00827	0.00614	0.00771	0.00731	0.00884	0.00557	0.00549	0.01088	0.01646	0.02277	0.62942	0.04717	0.17607	0.01280	0.00710	0.00192	0.00287	0.01119	0.00644	0.00557
5	0.83108	0.01163	0.00884	0.00791	0.01163	0.01350	0.00651	0.01768	0.01024	0.02699	0.00838	0.00977	0.00651	0.00558	0.00372	0.00186	0.00465	0.00326	0.00372	0.00651
6	0.01608	0.79220	0.03152	0.01029	0.01544	0.02380	0.01029	0.01801	0.01222	0.01415	0.00836	0.00965	0.00772	0.00515	0.00386	0.00129	0.00643	0.00322	0.00257	0.00772
7	0.00723	0.00610	0.00627	0.00622	0.00820	0.00513	0.00467	0.00887	0.01400	0.01694	0.12136	0.05675	0.68776	0.01498	0.00711	0.00202	0.00303	0.01254	0.00568	0.00513
8	0.00711	0.00609	0.00609	0.00609	0.00813	0.00508	0.00457	0.00863	0.01371	0.01625	0.06094	0.05789	0.74862	0.01524	0.00711	0.00203	0.00305	0.01270	0.00559	0.00508
9	0.02674	0.01064	0.01421	0.01089	0.01556	0.00943	0.00900	0.07150	0.01788	0.71210	0.02317	0.02011	0.01461	0.00743	0.00605	0.00186	0.00521	0.00601	0.00736	0.01024
10	0.00711	0.00609	0.00609	0.00609	0.00813	0.00508	0.00457	0.00863	0.01371	0.01625	0.06094	0.05789	0.74862	0.01524	0.00711	0.00203	0.00305	0.01270	0.00559	0.00508
11	0.00733	0.00524	0.00698	0.00838	0.00873	0.00489	0.00558	0.00838	0.01152	0.01536	0.03316	0.78466	0.03979	0.01885	0.00768	0.00244	0.00349	0.01710	0.00558	0.00489
12	0.01489	0.01429	0.02442	0.03692	0.75106	0.01429	0.01846	0.01846	0.01370	0.01965	0.01132	0.01489	0.00953	0.00536	0.00596	0.00179	0.00715	0.00536	0.00298	0.00953
13	0.01316	0.01316	0.01843	0.01579	0.01579	0.01843	0.01316	0.01448	0.00921	0.01448	0.00790	0.01316	0.00790	0.01053	0.01974	0.00263	0.77757	0.00526	0.00263	0.00658
14	0.02699	0.01024	0.01396	0.01070	0.01536	0.00884	0.00884	0.02932	0.01722	0.75522	0.02373	0.02048	0.01489	0.00745	0.00605	0.00186	0.00512	0.00605	0.00745	0.01024
15	0.01489	0.01429	0.02442	0.03692	0.75106	0.01429	0.01846	0.01846	0.01370	0.01965	0.01132	0.01489	0.00953	0.00536	0.00596	0.00179	0.00715	0.00536	0.00298	0.00953
16	0.00940	0.00775	0.01195	0.01016	0.01214	0.00744	0.09881	0.01241	0.01620	0.02280	0.59662	0.04031	0.07287	0.01140	0.00765	0.00195	0.03797	0.01021	0.00595	0.00601
17	0.00842	0.00615	0.00791	0.00747	0.00893	0.00564	0.00560	0.01117	0.01681	0.02360	0.70184	0.04580	0.10313	0.01250	0.00710	0.00190	0.00285	0.01100	0.00655	0.00564
18	0.01200	0.01145	0.01620	0.01423	0.01451	0.01565	0.01173	0.01353	0.00933	0.01435	0.00999	0.01583	0.00971	0.01933	0.20935	0.00442	0.58377	0.00557	0.00278	0.00627
19	0.01136	0.01069	0.01804	0.77412	0.04143	0.01337	0.01671	0.01537	0.01203	0.01537	0.01069	0.01604	0.00802	0.00601	0.00601	0.00200	0.00802	0.00535	0.00267	0.00668

[dist]
# distance from previous block
# <min> <max>
0	1

[block]
# block no. 2 follows, 38 sequences, length 10
# corresponding to MSA columns:
# 112-121
name=unknown_C
#
# <colnr> <probs for GDERKNQSTAVLIFYWHMCP>
#	G	D	E	R	K	N	Q	S	T	A	V	L	I	F	Y	W	H	M	C	P
0	0.01420	0.01623	0.03550	0.02535	0.03144	0.01521	0.72921	0.01927	0.01420	0.01927	0.01217	0.01623	0.00913	0.00507	0.00710	0.00203	0.01014	0.00710	0.00304	0.00811
1	0.01583	0.74447	0.07705	0.01072	0.01610	0.02319	0.01104	0.01808	0.01225	0.01446	0.00852	0.00984	0.00771	0.00518	0.00398	0.00133	0.00659	0.00329	0.00257	0.00779
2	0.00912	0.00652	0.00900	0.01020	0.01139	0.00640	0.00849	0.01156	0.01373	0.01812	0.10585	0.20334	0.03790	0.01660	0.00806	0.00262	0.00487	0.50514	0.00566	0.00543
3	0.01121	0.00561	0.00561	0.00561	0.00701	0.00561	0.00421	0.01402	0.01262	0.02243	0.01962	0.02243	0.01542	0.00701	0.00421	0.00140	0.00280	0.00561	0.82198	0.00561
4	0.01467	0.01407	0.02402	0.08316	0.70655	0.01424	0.01835	0.01827	0.01359	0.01938	0.01128	0.01496	0.00943	0.00540	0.00596	0.00180	0.00720	0.00536	0.00296	0.00935
5	0.02364	0.01047	0.01374	0.01114	0.01527	0.00969	0.00929	0.10978	0.01797	0.54798	0.02398	0.02761	0.01761	0.00894	0.00642	0.00201	0.00537	0.12269	0.00696	0.00946
6	0.02377	0.00984	0.01311	0.01054	0.01459	0.00882	0.00851	0.02703	0.06979	0.61366	0.02491	0.11129	0.01810	0.00885	0.00625	0.00194	0.00490	0.00742	0.00713	0.00955
7	0.01640	0.01260	0.01365	0.01206	0.01561	0.01423	0.00944	0.03165	0.65368	0.11252	0.02439	0.02221	0.01795	0.00808	0.00611	0.00202	0.00480	0.00671	0.00628	0.00961
8	0.01286	0.02945	0.68930	0.01723	0.02579	0.01379	0.05447	0.01954	0.01298	0.05328	0.01146	0.01323	0.00803	0.00577	0.00580	0.00191	0.00877	0.00464	0.00279	0.00892
9	0.02220	0.01532	0.01916	0.01444	0.01940	0.01604	0.09596	0.49010	0.02397	0.16693	0.01574	0.01569	0.01091	0.00690	0.00609	0.00181	0.00668	0.00566	0.00583	0.04117

[dist]
# distance from previous block
# <min> <max>
0	2

[block]
# block no. 3 follows, 38 sequences, length 13
# corresponding to MSA columns:
# 124-136
name=unknown_D
#
# <colnr> <probs for GDERKNQSTAVLIFYWHMCP>
#	G	D	E	R	K	N	Q	S	T	A	V	L	I	F	Y	W	H	M	C	P
0	0.01518	0.01016	0.01088	0.00886	0.01210	0.01024	0.00707	0.24389	0.01761	0.02686	0.01629	0.01800	0.01254	0.00660	0.00483	0.00144	0.00434	0.00516	0.40717	0.16078
1	0.14104	0.01691	0.01597	0.01270	0.01715	0.10905	0.01031	0.45802	0.04154	0.03152	0.01285	0.01335	0.00947	0.00664	0.00547	0.00171	0.00662	0.00478	0.00511	0.07980
2	0.01314	0.01164	0.01844	0.09837	0.07788	0.01037	0.16059	0.01638	0.01302	0.05325	0.01361	0.08104	0.01186	0.00621	0.00565	0.00150	0.00620	0.00593	0.00367	0.39126
3	0.06103	0.01426	0.01532	0.01251	0.01654	0.01576	0.01007	0.41488	0.20842	0.07699	0.01875	0.07671	0.01473	0.00830	0.00606	0.00192	0.00570	0.00661	0.00598	0.00944
4	0.05719	0.01272	0.01408	0.01083	0.01550	0.01236	0.00874	0.20168	0.11839	0.02529	0.01338	0.01426	0.01042	0.00595	0.00557	0.00140	0.03104	0.00454	0.00453	0.43213
5	0.00851	0.00638	0.00803	0.00878	0.00978	0.00627	0.00630	0.01173	0.09240	0.01797	0.13896	0.50128	0.07349	0.01636	0.00744	0.00232	0.00367	0.06893	0.00579	0.00557
6	0.01475	0.01344	0.02408	0.01824	0.05923	0.01180	0.34881	0.01857	0.01379	0.08726	0.01262	0.01510	0.00960	0.00507	0.00593	0.00156	0.00734	0.00555	0.00365	0.32362
7	0.31516	0.01127	0.01172	0.00992	0.01361	0.01197	0.00798	0.11160	0.09473	0.22442	0.04874	0.08321	0.01557	0.00801	0.00539	0.00193	0.00486	0.00620	0.00557	0.00815
8	0.01234	0.05665	0.69788	0.01784	0.05972	0.01433	0.02164	0.01899	0.01273	0.01891	0.01074	0.01270	0.00771	0.00568	0.00566	0.00188	0.00872	0.00445	0.00256	0.00888
9	0.00730	0.00563	0.00667	0.00741	0.00850	0.00500	0.00518	0.00863	0.01268	0.01616	0.08010	0.45289	0.32821	0.01705	0.00742	0.00225	0.00328	0.01500	0.00564	0.00500
10	0.01146	0.01069	0.01756	0.70791	0.03908	0.01290	0.01588	0.01535	0.01207	0.01574	0.01069	0.01573	0.00810	0.00588	0.00588	0.00191	0.00771	0.00519	0.00275	0.07753
11	0.01175	0.01109	0.01874	0.69341	0.11913	0.01347	0.01690	0.01571	0.01221	0.01584	0.01076	0.01591	0.00818	0.00594	0.00601	0.00198	0.00792	0.00535	0.00271	0.00699
12	0.44040	0.01430	0.01256	0.01064	0.01457	0.06188	0.00861	0.21420	0.12335	0.02893	0.01246	0.01298	0.00935	0.00645	0.00481	0.00185	0.00559	0.00441	0.00466	0.00800

[dist]
# distance from previous block
# <min> <max>
3	5

[block]
# block no. 4 follows, 38 sequences, length 22
# corresponding to MSA columns:
# 142-163
name=unknown_E
#
# <colnr> <probs for GDERKNQSTAVLIFYWHMCP>
#	G	D	E	R	K	N	Q	S	T	A	V	L	I	F	Y	W	H	M	C	P
0	0.02699	0.01024	0.01396	0.01070	0.01536	0.00884	0.00884	0.02932	0.01722	0.75522	0.02373	0.02048	0.01489	0.00745	0.00605	0.00186	0.00512	0.00605	0.00745	0.01024
1	0.02052	0.01568	0.01673	0.01337	0.01776	0.01756	0.01087	0.52361	0.23950	0.03413	0.01742	0.01682	0.01264	0.00750	0.00605	0.00188	0.00607	0.00583	0.00605	0.01002
2	0.01136	0.01069	0.01804	0.77412	0.04143	0.01337	0.01671	0.01537	0.01203	0.01537	0.01069	0.01604	0.00802	0.00601	0.00601	0.00200	0.00802	0.00535	0.00267	0.00668
3	0.00969	0.00692	0.00969	0.01108	0.01246	0.00692	0.00969	0.01246	0.01385	0.01800	0.03185	0.06786	0.03462	0.01662	0.00831	0.00277	0.00554	0.71057	0.00554	0.00554
4	0.00711	0.00609	0.00609	0.00609	0.00813	0.00508	0.00457	0.00863	0.01371	0.01625	0.06094	0.05789	0.74862	0.01524	0.00711	0.00203	0.00305	0.01270	0.00559	0.00508
5	0.02336	0.01105	0.01385	0.01117	0.01544	0.01069	0.00905	0.03012	0.23550	0.53481	0.02396	0.02107	0.01594	0.00766	0.00607	0.00192	0.00501	0.00628	0.00705	0.01002
6	0.02247	0.02867	0.01705	0.01550	0.01860	0.76443	0.01162	0.02402	0.01705	0.01472	0.00930	0.01085	0.00775	0.00620	0.00542	0.00155	0.01085	0.00387	0.00310	0.00697
7	0.02344	0.01593	0.01748	0.01341	0.01820	0.01729	0.01107	0.63347	0.02675	0.13762	0.01573	0.01528	0.01088	0.00725	0.00602	0.00181	0.00641	0.00550	0.00622	0.01023
8	0.00733	0.00524	0.00698	0.00838	0.00873	0.00489	0.00558	0.00838	0.01152	0.01536	0.03316	0.78466	0.03979	0.01885	0.00768	0.00244	0.00349	0.01710	0.00558	0.00489
9	0.02226	0.02433	0.01742	0.01498	0.01852	0.49868	0.01162	0.25019	0.02037	0.02214	0.01090	0.01208	0.00855	0.00668	0.00613	0.00167	0.03705	0.00442	0.00402	0.00800
10	0.01193	0.01148	0.01817	0.53249	0.03326	0.01498	0.01558	0.01509	0.01113	0.01509	0.00980	0.01512	0.00798	0.00745	0.01039	0.00220	0.25323	0.00532	0.00266	0.00665
11	0.01608	0.79220	0.03152	0.01029	0.01544	0.02380	0.01029	0.01801	0.01222	0.01415	0.00836	0.00965	0.00772	0.00515	0.00386	0.00129	0.00643	0.00322	0.00257	0.00772
12	0.02287	0.01685	0.01805	0.01384	0.01866	0.01866	0.01143	0.73100	0.02828	0.03791	0.01444	0.01444	0.01023	0.00722	0.00602	0.00181	0.00662	0.00542	0.00602	0.01023
13	0.01247	0.01069	0.01247	0.00891	0.01426	0.00802	0.00713	0.01515	0.01247	0.01960	0.01069	0.01247	0.00891	0.00446	0.00446	0.00089	0.00446	0.00356	0.00356	0.82536
14	0.01301	0.01101	0.01276	0.00916	0.01448	0.00857	0.00735	0.05200	0.01329	0.02055	0.01089	0.01258	0.00898	0.00460	0.00454	0.00094	0.00457	0.00366	0.00369	0.78339
15	0.30084	0.01457	0.01416	0.01165	0.01553	0.05375	0.00951	0.28665	0.08104	0.08261	0.01318	0.01369	0.00970	0.00693	0.00617	0.00189	0.05995	0.00475	0.00495	0.00847
16	0.01496	0.01292	0.01360	0.01224	0.01564	0.01496	0.00952	0.03197	0.74019	0.02516	0.02448	0.02244	0.01836	0.00816	0.00612	0.00204	0.00476	0.00680	0.00612	0.00952
17	0.01247	0.01069	0.01247	0.00891	0.01426	0.00802	0.00713	0.01515	0.01247	0.01960	0.01069	0.01247	0.00891	0.00446	0.00446	0.00089	0.00446	0.00356	0.00356	0.82536
18	0.01434	0.01008	0.01198	0.00923	0.01359	0.00848	0.00735	0.03816	0.06797	0.13359	0.11924	0.02146	0.05711	0.00694	0.00538	0.00135	0.00434	0.00575	0.00495	0.45871
19	0.01146	0.01083	0.01806	0.73324	0.04005	0.01364	0.01652	0.01532	0.01188	0.01532	0.01054	0.01588	0.00801	0.00626	0.00675	0.00204	0.04951	0.00534	0.00267	0.00668
20	0.01136	0.01069	0.01804	0.77412	0.04143	0.01337	0.01671	0.01537	0.01203	0.01537	0.01069	0.01604	0.00802	0.00601	0.00601	0.00200	0.00802	0.00535	0.00267	0.00668
21	0.01351	0.01131	0.01303	0.00940	0.01469	0.00908	0.00756	0.08646	0.01405	0.02143	0.01107	0.01267	0.00904	0.00473	0.00461	0.00098	0.00467	0.00375	0.00381	0.74415

[dist]
# distance from previous block
# <min> <max>
1	4

[block]
# block no. 5 follows, 38 sequences, length 12
# corresponding to MSA columns:
# 169-180
name=unknown_F
#
# <colnr> <probs for GDERKNQSTAVLIFYWHMCP>
#	G	D	E	R	K	N	Q	S	T	A	V	L	I	F	Y	W	H	M	C	P
0	0.02276	0.02015	0.01777	0.01430	0.01864	0.22709	0.01149	0.53341	0.02514	0.03143	0.01301	0.01344	0.00954	0.00694	0.00585	0.00173	0.00780	0.00499	0.00520	0.00932
1	0.01425	0.01395	0.02230	0.24197	0.51893	0.04865	0.01766	0.01785	0.01339	0.01823	0.01105	0.01502	0.00902	0.00558	0.00595	0.00184	0.00756	0.00529	0.00290	0.00862
2	0.00716	0.00591	0.00628	0.00657	0.00825	0.00504	0.00478	0.00858	0.01325	0.01606	0.05514	0.20957	0.60069	0.01599	0.00723	0.00212	0.00314	0.01362	0.00559	0.00504
3	0.02287	0.01685	0.01805	0.01384	0.01866	0.01866	0.01143	0.73100	0.02828	0.03791	0.01444	0.01444	0.01023	0.00722	0.00602	0.00181	0.00662	0.00542	0.00602	0.01023
4	0.00841	0.00614	0.00789	0.00745	0.00892	0.00563	0.00559	0.01114	0.01677	0.02351	0.69447	0.04594	0.11056	0.01253	0.00710	0.00190	0.00285	0.01102	0.00654	0.00563
5	0.01496	0.01292	0.01360	0.01224	0.01564	0.01496	0.00952	0.03197	0.74019	0.02516	0.02448	0.02244	0.01836	0.00816	0.00612	0.00204	0.00476	0.00680	0.00612	0.00952
6	0.00851	0.00615	0.00804	0.00757	0.00899	0.00568	0.00568	0.01135	0.01703	0.02412	0.74788	0.04494	0.05676	0.01230	0.00710	0.00189	0.00284	0.01088	0.00662	0.00568
7	0.02287	0.01685	0.01805	0.01384	0.01866	0.01866	0.01143	0.73100	0.02828	0.03791	0.01444	0.01444	0.01023	0.00722	0.00602	0.00181	0.00662	0.00542	0.00602	0.01023
8	0.02247	0.02867	0.01705	0.01550	0.01860	0.76443	0.01162	0.02402	0.01705	0.01472	0.00930	0.01085	0.00775	0.00620	0.00542	0.00155	0.01085	0.00387	0.00310	0.00697
9	0.01594	0.01358	0.02146	0.02995	0.54549	0.01374	0.01606	0.06932	0.06551	0.07326	0.01476	0.01946	0.01232	0.00662	0.00614	0.00188	0.00669	0.05457	0.00390	0.00935
10	0.01150	0.00952	0.01557	0.01405	0.01666	0.00941	0.15974	0.06469	0.01513	0.02003	0.06802	0.05197	0.02886	0.01329	0.00782	0.00250	0.00642	0.47328	0.00511	0.00642
11	0.02699	0.01024	0.01396	0.01070	0.01536	0.00884	0.00884	0.02932	0.01722	0.75522	0.02373	0.02048	0.01489	0.00745	0.00605	0.00186	0.00512	0.00605	0.00745	0.01024

[dist]
# distance from previous block
# <min> <max>
12	24

[block]
# block no. 6 follows, 38 sequences, length 19
# corresponding to MSA columns:
# 207-225
name=unknown_G
#
# <colnr> <probs for GDERKNQSTAVLIFYWHMCP>
#	G	D	E	R	K	N	Q	S	T	A	V	L	I	F	Y	W	H	M	C	P
0	0.01275	0.01213	0.02046	0.47156	0.30827	0.01388	0.01725	0.01651	0.01257	0.01696	0.01084	0.01551	0.00858	0.00591	0.00644	0.00194	0.03255	0.00535	0.00279	0.00775
1	0.01136	0.01069	0.01804	0.77412	0.04143	0.01337	0.01671	0.01537	0.01203	0.01537	0.01069	0.01604	0.00802	0.00601	0.00601	0.00200	0.00802	0.00535	0.00267	0.00668
2	0.01073	0.00927	0.01489	0.48631	0.03051	0.01094	0.01406	0.01427	0.01272	0.01636	0.01867	0.03558	0.01805	0.01001	0.00688	0.00229	0.00708	0.27135	0.00375	0.00625
3	0.00985	0.01557	0.29070	0.01118	0.01542	0.00880	0.01192	0.01426	0.01540	0.02221	0.46986	0.03278	0.03823	0.00982	0.00657	0.00190	0.00512	0.00845	0.00508	0.00689
4	0.01200	0.01035	0.01077	0.00992	0.01281	0.01123	0.00765	0.02317	0.46617	0.02180	0.03824	0.03582	0.29381	0.01083	0.00649	0.00204	0.00411	0.00902	0.00592	0.00785
5	0.01899	0.00869	0.01113	0.03363	0.01347	0.00757	0.00748	0.02106	0.01573	0.45259	0.03735	0.03445	0.29143	0.01034	0.00645	0.00193	0.00443	0.00853	0.00659	0.00818
6	0.01180	0.02341	0.47853	0.30267	0.03184	0.01374	0.02014	0.01766	0.01245	0.01766	0.01076	0.01396	0.00777	0.00583	0.00583	0.00194	0.00856	0.00479	0.00259	0.00806
7	0.00934	0.00651	0.00851	0.00937	0.01024	0.00651	0.00741	0.01106	0.01192	0.01561	0.02699	0.05711	0.02981	0.30780	0.01672	0.00392	0.00565	0.44585	0.00482	0.00482
8	0.32099	0.02377	0.47506	0.01366	0.02060	0.01379	0.01630	0.01854	0.01177	0.02205	0.00988	0.01160	0.00720	0.00567	0.00496	0.00189	0.00729	0.00400	0.00299	0.00799
9	0.52296	0.01337	0.01890	0.01449	0.01910	0.01414	0.27911	0.01828	0.01173	0.02408	0.00981	0.01221	0.00750	0.00539	0.00500	0.00192	0.00672	0.00471	0.00347	0.00712
10	0.01489	0.01429	0.02442	0.03692	0.75106	0.01429	0.01846	0.01846	0.01370	0.01965	0.01132	0.01489	0.00953	0.00536	0.00596	0.00179	0.00715	0.00536	0.00298	0.00953
11	0.00990	0.01575	0.29171	0.01249	0.01651	0.00995	0.01307	0.01388	0.01081	0.01588	0.01411	0.01951	0.01224	0.03026	0.47844	0.00674	0.01339	0.00569	0.00297	0.00670
12	0.01309	0.01462	0.01049	0.00984	0.01219	0.29158	0.00738	0.01480	0.01542	0.01673	0.13391	0.03841	0.37606	0.01143	0.00647	0.00183	0.00596	0.00912	0.00479	0.00587
13	0.00724	0.00577	0.00650	0.00701	0.00838	0.00503	0.00499	0.00864	0.01300	0.01620	0.07538	0.33155	0.45616	0.01649	0.00732	0.00218	0.00321	0.01429	0.00562	0.00503
14	0.02172	0.02261	0.01743	0.01480	0.01833	0.40637	0.01161	0.29020	0.04096	0.02374	0.01156	0.01270	0.00899	0.00696	0.00674	0.00174	0.06639	0.00464	0.00425	0.00824
15	0.00880	0.00629	0.00867	0.01006	0.01105	0.00616	0.00814	0.01092	0.01297	0.01700	0.03234	0.33823	0.03657	0.01746	0.00807	0.00265	0.00477	0.44900	0.00556	0.00529
16	0.01247	0.01069	0.01247	0.00891	0.01426	0.00802	0.00713	0.01515	0.01247	0.01960	0.01069	0.01247	0.00891	0.00446	0.00446	0.00089	0.00446	0.00356	0.00356	0.82536
17	0.01195	0.01120	0.01751	0.02530	0.47083	0.01082	0.01322	0.01475	0.01370	0.01837	0.03003	0.03111	0.28831	0.00908	0.00639	0.00188	0.00560	0.00813	0.00396	0.00785
18	0.52189	0.01128	0.01231	0.29692	0.02287	0.01345	0.01036	0.01681	0.01091	0.02261	0.00925	0.01214	0.00708	0.00575	0.00459	0.00192	0.00592	0.00405	0.00333	0.00658

[dist]
# distance from previous block
# <min> <max>
0	1

[block]
# block no. 7 follows, 38 sequences, length 6
# corresponding to MSA columns:
# 227-232
name=unknown_H
#
# <colnr> <probs for GDERKNQSTAVLIFYWHMCP>
#	G	D	E	R	K	N	Q	S	T	A	V	L	I	F	Y	W	H	M	C	P
0	0.01411	0.01828	0.23248	0.01369	0.01870	0.01467	0.01326	0.02817	0.52611	0.02337	0.02046	0.01958	0.01520	0.00744	0.00600	0.00200	0.00598	0.00611	0.00507	0.00934
1	0.01496	0.01226	0.01945	0.01399	0.01946	0.01025	0.21985	0.01829	0.01363	0.11960	0.01290	0.01467	0.00979	0.00504	0.00545	0.00136	0.00622	0.00494	0.00394	0.47396
2	0.01268	0.01203	0.02042	0.49928	0.30599	0.01371	0.01736	0.01652	0.01265	0.01697	0.01092	0.01561	0.00858	0.00577	0.00599	0.00192	0.00769	0.00535	0.00279	0.00774
3	0.01411	0.01828	0.23248	0.01369	0.01870	0.01467	0.01326	0.02817	0.52611	0.02337	0.02046	0.01958	0.01520	0.00744	0.00600	0.00200	0.00598	0.00611	0.00507	0.00934
4	0.01287	0.01224	0.02078	0.45792	0.34581	0.01376	0.01746	0.01670	0.01274	0.01721	0.01096	0.01555	0.00867	0.00573	0.00599	0.00191	0.00764	0.00535	0.00280	0.00790
5	0.01437	0.01377	0.02349	0.14457	0.64744	0.01416	0.01821	0.01801	0.01345	0.01903	0.01122	0.01506	0.00931	0.00546	0.00596	0.00182	0.00727	0.00536	0.00293	0.00911

[dist]
# distance from previous block
# <min> <max>
2	7

[block]
# block no. 8 follows, 38 sequences, length 26
# corresponding to MSA columns:
# 241-266
name=unknown_I
#
# <colnr> <probs for GDERKNQSTAVLIFYWHMCP>
#	G	D	E	R	K	N	Q	S	T	A	V	L	I	F	Y	W	H	M	C	P
0	0.02147	0.00978	0.01327	0.01168	0.05345	0.00864	0.00873	0.02379	0.01738	0.49216	0.23694	0.02833	0.02758	0.00925	0.00667	0.00200	0.00481	0.00766	0.00717	0.00920
1	0.02090	0.00997	0.01377	0.01293	0.08850	0.00890	0.00919	0.02327	0.01721	0.45713	0.23635	0.02807	0.02733	0.00915	0.00667	0.00200	0.00491	0.00763	0.00696	0.00917
2	0.01363	0.01233	0.02021	0.05551	0.49914	0.01263	0.01537	0.01655	0.01290	0.01849	0.01346	0.01853	0.01181	0.01760	0.22976	0.00425	0.01005	0.00592	0.00330	0.00856
3	0.53508	0.01022	0.00854	0.00789	0.01102	0.01097	0.00623	0.01516	0.01212	0.02425	0.06430	0.02692	0.22852	0.00930	0.00525	0.00205	0.00435	0.00671	0.00468	0.00644
4	0.00808	0.00589	0.00764	0.00827	0.00912	0.00560	0.00579	0.01044	0.04560	0.01881	0.27925	0.49590	0.04469	0.01612	0.00741	0.00224	0.00332	0.01450	0.00597	0.00536
5	0.04911	0.01141	0.01733	0.01687	0.12898	0.01315	0.10706	0.01576	0.01169	0.01892	0.01253	0.01641	0.01049	0.00762	0.01032	0.00199	0.27755	0.00550	0.24412	0.02319
6	0.01052	0.00935	0.01510	0.54836	0.03188	0.01110	0.01346	0.01419	0.01350	0.01795	0.22781	0.02455	0.02237	0.00787	0.00633	0.00197	0.00649	0.00698	0.00384	0.00639
7	0.01386	0.01077	0.01125	0.01029	0.01310	0.01221	0.00796	0.02668	0.52590	0.02436	0.02305	0.02244	0.01750	0.00782	0.00556	0.00185	0.00418	0.00645	0.24641	0.00837
8	0.02287	0.01685	0.01805	0.01384	0.01866	0.01866	0.01143	0.73100	0.02828	0.03791	0.01444	0.01444	0.01023	0.00722	0.00602	0.00181	0.00662	0.00542	0.00602	0.01023
9	0.00851	0.00615	0.00804	0.00757	0.00899	0.00568	0.00568	0.01135	0.01703	0.02412	0.74788	0.04494	0.05676	0.01230	0.00710	0.00189	0.00284	0.01088	0.00662	0.00568
10	0.01035	0.00889	0.01508	0.01210	0.01389	0.00860	0.21734	0.01185	0.01035	0.01390	0.01696	0.03255	0.01812	0.55782	0.02369	0.00471	0.00710	0.00826	0.00347	0.00496
11	0.01431	0.48253	0.05654	0.01044	0.01453	0.01772	0.00993	0.01656	0.01177	0.05623	0.01162	0.01452	0.01028	0.01707	0.22816	0.00382	0.00932	0.00438	0.00304	0.00722
12	0.01136	0.01069	0.01804	0.77412	0.04143	0.01337	0.01671	0.01537	0.01203	0.01537	0.01069	0.01604	0.00802	0.00601	0.00601	0.00200	0.00802	0.00535	0.00267	0.00668
13	0.00726	0.00549	0.00672	0.00770	0.00855	0.00494	0.00529	0.00845	0.01216	0.01562	0.04134	0.57061	0.24855	0.01778	0.00751	0.00232	0.00336	0.01580	0.00558	0.00494
14	0.58884	0.01011	0.00909	0.00843	0.01137	0.01174	0.00681	0.01564	0.01007	0.02315	0.01066	0.01385	0.00903	0.01723	0.22786	0.00416	0.00803	0.00420	0.00358	0.00618
15	0.02155	0.00903	0.01222	0.00978	0.01348	0.00791	0.00791	0.02403	0.01716	0.53990	0.23701	0.02768	0.02722	0.00887	0.00636	0.00187	0.00445	0.00747	0.00720	0.00889
16	0.01290	0.02616	0.54153	0.02297	0.23957	0.01407	0.02112	0.01888	0.01299	0.01923	0.01095	0.01335	0.00818	0.00561	0.00579	0.00187	0.00838	0.00471	0.00267	0.00908
17	0.01668	0.01378	0.01457	0.01259	0.01630	0.01577	0.00994	0.18398	0.58538	0.02794	0.02230	0.02070	0.01660	0.00796	0.00610	0.00199	0.00517	0.00650	0.00610	0.00968
18	0.01296	0.01191	0.01876	0.02662	0.48215	0.02918	0.01414	0.01623	0.01476	0.02078	0.22912	0.02601	0.02452	0.00793	0.00638	0.00186	0.00589	0.03848	0.00417	0.00816
19	0.04348	0.01204	0.01479	0.01142	0.01596	0.01170	0.00941	0.23492	0.02031	0.49490	0.05263	0.01953	0.01518	0.00755	0.00603	0.00185	0.00545	0.00601	0.00690	0.00995
20	0.01808	0.56384	0.02756	0.01134	0.01639	0.02229	0.01063	0.22800	0.01695	0.02115	0.01015	0.01106	0.00846	0.00576	0.00450	0.00144	0.00649	0.00386	0.00359	0.00846
21	0.01265	0.01091	0.01139	0.01043	0.01343	0.01205	0.00806	0.02509	0.52623	0.02254	0.03522	0.03289	0.23344	0.01024	0.00641	0.00204	0.00426	0.00854	0.00596	0.00821
22	0.01496	0.01292	0.01360	0.01224	0.01564	0.01496	0.00952	0.03197	0.74019	0.02516	0.02448	0.02244	0.01836	0.00816	0.00612	0.00204	0.00476	0.00680	0.00612	0.00952
23	0.01588	0.24265	0.01919	0.01178	0.01578	0.01771	0.00992	0.08996	0.44531	0.02290	0.01901	0.01901	0.01488	0.00738	0.00550	0.00181	0.00544	0.02187	0.00505	0.00896
24	0.45686	0.01162	0.01270	0.23427	0.02127	0.01343	0.01010	0.07173	0.01275	0.08956	0.01089	0.01293	0.00799	0.00600	0.00478	0.00190	0.00583	0.00428	0.00392	0.00718
25	0.02307	0.01799	0.01617	0.01331	0.01734	0.23658	0.01059	0.23830	0.08382	0.24069	0.01640	0.01583	0.01153	0.00714	0.00615	0.00178	0.02341	0.00526	0.00551	0.00913

[dist]
# distance from previous block
# <min> <max>
1	192

# created by:
# /software/SequenceAnalysis/GenePrediction/augustus/3.0.1/scripts/msa2prfl.pl ./fixed/BUSCOvEOG7J12PM.fas
