[name]
unknown

[dist]
# distance from previous block
# <min> <max>
0	164

[block]
# block no. 0 follows, 40 sequences, length 26
# corresponding to MSA columns:
# 197-222
name=unknown_A
#
# <colnr> <probs for GDERKNQSTAVLIFYWHMCP>
#	G	D	E	R	K	N	Q	S	T	A	V	L	I	F	Y	W	H	M	C	P
0	0.01447	0.01176	0.01335	0.00976	0.01480	0.01022	0.00789	0.18849	0.01572	0.02319	0.01120	0.01251	0.00892	0.00495	0.00467	0.00107	0.00481	0.00387	0.00401	0.63433
1	0.01342	0.02013	0.24242	0.02231	0.05353	0.03913	0.48477	0.01869	0.01338	0.01844	0.01127	0.01450	0.00838	0.00513	0.00639	0.00190	0.00938	0.00597	0.00280	0.00807
2	0.83671	0.01125	0.00855	0.00765	0.01125	0.01305	0.00630	0.01709	0.00990	0.02609	0.00810	0.00945	0.00630	0.00540	0.00360	0.00180	0.00450	0.00315	0.00360	0.00630
3	0.01439	0.01382	0.02360	0.03569	0.75936	0.01382	0.01785	0.01785	0.01324	0.01900	0.01094	0.01439	0.00921	0.00518	0.00576	0.00173	0.00691	0.00518	0.00288	0.00921
4	0.02609	0.00990	0.01350	0.01035	0.01484	0.00855	0.00855	0.02834	0.01664	0.76338	0.02294	0.01979	0.01439	0.00720	0.00585	0.00180	0.00495	0.00585	0.00720	0.00990
5	0.00846	0.00564	0.00634	0.00634	0.00634	0.00564	0.00352	0.00846	0.00846	0.01128	0.01832	0.03805	0.02114	0.79563	0.02960	0.00564	0.00564	0.00846	0.00352	0.00352
6	0.01098	0.01034	0.01744	0.78165	0.04005	0.01292	0.01615	0.01486	0.01163	0.01486	0.01034	0.01550	0.00775	0.00581	0.00581	0.00194	0.00775	0.00517	0.00258	0.00646
7	0.02211	0.01629	0.01745	0.01338	0.01803	0.01803	0.01105	0.73997	0.02734	0.03665	0.01396	0.01396	0.00989	0.00698	0.00582	0.00175	0.00640	0.00524	0.00582	0.00989
8	0.01439	0.01382	0.02360	0.03569	0.75936	0.01382	0.01785	0.01785	0.01324	0.01900	0.01094	0.01439	0.00921	0.00518	0.00576	0.00173	0.00691	0.00518	0.00288	0.00921
9	0.00823	0.00594	0.00777	0.00732	0.00869	0.00549	0.00549	0.01097	0.01646	0.02332	0.75629	0.04344	0.05487	0.01189	0.00686	0.00183	0.00274	0.01052	0.00640	0.00549
10	0.01166	0.03008	0.76550	0.01657	0.02517	0.01351	0.02149	0.01842	0.01228	0.01842	0.01044	0.01228	0.00737	0.00552	0.00552	0.00184	0.00859	0.00430	0.00246	0.00859
11	0.00709	0.00506	0.00675	0.00810	0.00843	0.00472	0.00540	0.00810	0.01113	0.01484	0.03205	0.79184	0.03846	0.01822	0.00742	0.00236	0.00337	0.01653	0.00540	0.00472
12	0.00720	0.00600	0.00634	0.00652	0.00840	0.00514	0.00506	0.00883	0.01327	0.01593	0.05526	0.05721	0.66307	0.01490	0.00702	0.00206	0.00326	0.10418	0.00539	0.00497
13	0.02609	0.00990	0.01350	0.01035	0.01484	0.00855	0.00855	0.02834	0.01664	0.76338	0.02294	0.01979	0.01439	0.00720	0.00585	0.00180	0.00495	0.00585	0.00720	0.00990
14	0.00831	0.00623	0.00935	0.00935	0.01038	0.00727	0.00727	0.01038	0.00935	0.01350	0.01558	0.02285	0.01454	0.04361	0.77259	0.00935	0.01558	0.00623	0.00312	0.00519
15	0.00846	0.00564	0.00634	0.00634	0.00634	0.00564	0.00352	0.00846	0.00846	0.01128	0.01832	0.03805	0.02114	0.79563	0.02960	0.00564	0.00564	0.00846	0.00352	0.00352
16	0.01225	0.02601	0.55856	0.01882	0.02665	0.01385	0.22434	0.01848	0.01269	0.01848	0.01081	0.01324	0.00778	0.00535	0.00590	0.00188	0.00894	0.00502	0.00259	0.00838
17	0.01411	0.01353	0.02309	0.09804	0.69924	0.01374	0.01771	0.01760	0.01311	0.01865	0.01089	0.01449	0.00909	0.00523	0.00576	0.00174	0.00698	0.00518	0.00285	0.00898
18	0.00814	0.00594	0.00764	0.00722	0.00863	0.00545	0.00541	0.01079	0.01624	0.02279	0.70749	0.04431	0.10400	0.01209	0.00686	0.00184	0.00276	0.01064	0.00633	0.00545
19	0.79342	0.01094	0.00838	0.00753	0.01101	0.01265	0.00618	0.01691	0.01002	0.02586	0.00867	0.01009	0.00675	0.00547	0.00362	0.00178	0.00440	0.00327	0.04681	0.00625
20	0.01555	0.79913	0.03047	0.00995	0.01493	0.02301	0.00995	0.01741	0.01182	0.01368	0.00808	0.00933	0.00746	0.00498	0.00373	0.00124	0.00622	0.00311	0.00249	0.00746
21	0.01394	0.01204	0.01343	0.01313	0.06666	0.01367	0.00950	0.02832	0.63616	0.02387	0.08401	0.02300	0.02026	0.00803	0.00598	0.00194	0.00461	0.00681	0.00575	0.00889
22	0.01908	0.01491	0.01712	0.01346	0.01777	0.01639	0.06121	0.49507	0.18915	0.03163	0.01808	0.01778	0.04614	0.00740	0.00596	0.00182	0.00607	0.00598	0.00562	0.00936
23	0.00983	0.00750	0.00894	0.00929	0.01059	0.00781	0.00664	0.07388	0.16176	0.01859	0.02884	0.57099	0.03188	0.01519	0.00698	0.00223	0.00388	0.01357	0.00554	0.00606
24	0.01555	0.79913	0.03047	0.00995	0.01493	0.02301	0.00995	0.01741	0.01182	0.01368	0.00808	0.00933	0.00746	0.00498	0.00373	0.00124	0.00622	0.00311	0.00249	0.00746
25	0.01206	0.01034	0.01206	0.00861	0.01378	0.00775	0.00689	0.01464	0.01206	0.01895	0.01034	0.01206	0.00861	0.00431	0.00431	0.00086	0.00431	0.00345	0.00345	0.83118

[dist]
# distance from previous block
# <min> <max>
0	385

# created by:
# /software/SequenceAnalysis/GenePrediction/augustus/3.0.1/scripts/msa2prfl.pl ./fixed/BUSCOvEOG77DBWZ.fas
