[name]
unknown

[dist]
# distance from previous block
# <min> <max>
2	151

[block]
# block no. 0 follows, 39 sequences, length 57
# corresponding to MSA columns:
# 176-232
name=unknown_A
#
# <colnr> <probs for GDERKNQSTAVLIFYWHMCP>
#	G	D	E	R	K	N	Q	S	T	A	V	L	I	F	Y	W	H	M	C	P
0	0.00699	0.00599	0.00599	0.00599	0.00799	0.00499	0.00449	0.00849	0.01348	0.01598	0.05991	0.05691	0.75288	0.01498	0.00699	0.00200	0.00300	0.01248	0.00549	0.00499
1	0.01581	0.79572	0.03099	0.01012	0.01518	0.02340	0.01012	0.01771	0.01202	0.01391	0.00822	0.00949	0.00759	0.00506	0.00379	0.00126	0.00632	0.00316	0.00253	0.00759
2	0.01448	0.01668	0.16797	0.11478	0.46447	0.01354	0.03387	0.01866	0.01333	0.06868	0.01180	0.01474	0.00918	0.00554	0.00585	0.00181	0.00739	0.00517	0.00311	0.00894
3	0.02059	0.15176	0.22497	0.01222	0.01803	0.01264	0.01260	0.02409	0.01484	0.42408	0.01717	0.01616	0.01143	0.00645	0.00548	0.00174	0.00629	0.00503	0.00515	0.00927
4	0.01067	0.00655	0.00864	0.00783	0.00963	0.00597	0.00597	0.01339	0.01676	0.11671	0.66002	0.04113	0.05060	0.01149	0.00685	0.00186	0.00307	0.01009	0.00661	0.00615
5	0.08060	0.01234	0.01473	0.01137	0.01593	0.01224	0.00939	0.26506	0.02010	0.46689	0.01923	0.01742	0.01254	0.00712	0.00578	0.00181	0.00550	0.00555	0.00660	0.00981
6	0.00776	0.00603	0.00705	0.00683	0.00849	0.00533	0.00514	0.00995	0.01521	0.02010	0.42648	0.05029	0.37366	0.01347	0.00700	0.00193	0.00292	0.02103	0.00603	0.00531
7	0.00905	0.00632	0.00741	0.00697	0.00889	0.00553	0.00528	0.01117	0.01517	0.07451	0.36255	0.04857	0.39065	0.01314	0.00691	0.00192	0.00306	0.01121	0.00608	0.00563
8	0.01226	0.01051	0.01226	0.00876	0.01401	0.00788	0.00701	0.01489	0.01226	0.01927	0.01051	0.01226	0.00876	0.00438	0.00438	0.00088	0.00438	0.00350	0.00350	0.82832
9	0.01117	0.01051	0.01774	0.77795	0.04073	0.01314	0.01642	0.01511	0.01182	0.01511	0.01051	0.01577	0.00788	0.00591	0.00591	0.00197	0.00788	0.00526	0.00263	0.00657
10	0.80143	0.01140	0.00905	0.03821	0.01259	0.01326	0.00680	0.01729	0.01013	0.02608	0.00832	0.00985	0.00646	0.00551	0.00375	0.00184	0.00471	0.00328	0.00362	0.00641
11	0.02653	0.01006	0.01372	0.01052	0.01510	0.00869	0.00869	0.02882	0.01693	0.75937	0.02333	0.02013	0.01464	0.00732	0.00595	0.00183	0.00503	0.00595	0.00732	0.01006
12	0.00797	0.00558	0.00713	0.00773	0.00805	0.00560	0.00504	0.00877	0.00993	0.01341	0.02422	0.36098	0.02802	0.33333	0.14240	0.00491	0.00641	0.01178	0.00434	0.00439
13	0.00910	0.00757	0.00734	0.00724	0.00831	0.06261	0.00491	0.01010	0.01183	0.01467	0.10776	0.04418	0.26181	0.36974	0.01749	0.00369	0.00490	0.03765	0.00454	0.00457
14	0.01388	0.01328	0.02263	0.19848	0.59902	0.01385	0.01777	0.01748	0.01311	0.01840	0.01099	0.01488	0.00904	0.00541	0.00587	0.00180	0.00721	0.00527	0.00286	0.00876
15	0.01646	0.01427	0.01411	0.01224	0.01577	0.07078	0.00962	0.18142	0.49058	0.02614	0.02305	0.02168	0.06110	0.00811	0.00600	0.00192	0.00541	0.00654	0.00574	0.00905
16	0.01231	0.01069	0.01270	0.00927	0.01413	0.00865	0.00745	0.01484	0.01202	0.01889	0.01031	0.01231	0.00868	0.00483	0.00550	0.00100	0.06254	0.00363	0.00344	0.76680
17	0.00946	0.00790	0.01029	0.10111	0.01347	0.04592	0.05150	0.01070	0.01067	0.01379	0.02141	0.28519	0.02418	0.33404	0.03122	0.00379	0.00593	0.01057	0.00404	0.00482
18	0.83394	0.01144	0.00869	0.00778	0.01144	0.01327	0.00640	0.01738	0.01006	0.02653	0.00823	0.00961	0.00640	0.00549	0.00366	0.00183	0.00457	0.00320	0.00366	0.00640
19	0.01178	0.01138	0.05998	0.01196	0.05281	0.00891	0.06224	0.04289	0.02534	0.01940	0.04720	0.16532	0.01686	0.00780	0.00554	0.00146	0.00504	0.00693	0.00403	0.43314
20	0.00980	0.00773	0.00897	0.00848	0.01049	0.00775	0.00656	0.03095	0.16938	0.02207	0.37588	0.04335	0.19888	0.01208	0.00684	0.00198	0.00351	0.06288	0.00609	0.00634
21	0.01373	0.01465	0.01903	0.03089	0.01763	0.11078	0.09773	0.01556	0.01099	0.01497	0.01235	0.01633	0.06314	0.00944	0.01498	0.00233	0.52022	0.00576	0.00291	0.00659
22	0.01003	0.00994	0.06108	0.05669	0.01297	0.06411	0.00797	0.01365	0.05295	0.02148	0.50128	0.08707	0.05551	0.01109	0.00668	0.00189	0.00425	0.00965	0.00562	0.00608
23	0.02209	0.02819	0.01676	0.01524	0.01828	0.76843	0.01143	0.02361	0.01676	0.01447	0.00914	0.01066	0.00762	0.00609	0.00533	0.00152	0.01066	0.00381	0.00305	0.00686
24	0.01130	0.01069	0.01777	0.72142	0.03886	0.01351	0.01617	0.01504	0.01162	0.01504	0.01031	0.01556	0.00787	0.00624	0.00691	0.00202	0.06524	0.00525	0.00262	0.00656
25	0.01746	0.01420	0.01481	0.01246	0.01595	0.04534	0.00996	0.28645	0.35308	0.02807	0.01850	0.01817	0.01386	0.00767	0.00664	0.00189	0.05358	0.00589	0.06695	0.00905
26	0.00860	0.00573	0.00645	0.00645	0.00645	0.00573	0.00358	0.00860	0.00860	0.01147	0.01863	0.03870	0.02150	0.79217	0.03010	0.00573	0.00573	0.00860	0.00358	0.00358
27	0.11122	0.03816	0.51265	0.07132	0.02357	0.01319	0.01780	0.01951	0.01268	0.10961	0.01183	0.01326	0.00826	0.00582	0.00541	0.00186	0.00769	0.00447	0.00323	0.00844
28	0.82368	0.01201	0.00931	0.00837	0.01207	0.01369	0.00678	0.01792	0.01061	0.02718	0.00911	0.01081	0.00724	0.00606	0.00404	0.00198	0.00487	0.00350	0.00394	0.00684
29	0.00811	0.00580	0.00750	0.00882	0.00924	0.00534	0.00588	0.00890	0.01185	0.01589	0.03314	0.77900	0.03950	0.01892	0.00788	0.00255	0.00374	0.01692	0.00575	0.00526
30	0.07104	0.01695	0.07222	0.01364	0.01837	0.01703	0.01170	0.50363	0.05440	0.03256	0.01415	0.01505	0.01054	0.00742	0.00668	0.00192	0.04620	0.00529	0.00542	0.07578
31	0.00995	0.01072	0.11294	0.01091	0.01286	0.00856	0.00925	0.01193	0.01256	0.01773	0.12377	0.41704	0.03179	0.01446	0.00890	0.00235	0.10336	0.02769	0.00501	0.04825
32	0.02252	0.06380	0.01786	0.01319	0.01777	0.01694	0.01082	0.47781	0.11116	0.15716	0.01735	0.01700	0.01242	0.00766	0.00616	0.00193	0.00629	0.00572	0.00621	0.01021
33	0.01285	0.05132	0.71772	0.01730	0.02586	0.01444	0.03589	0.01923	0.01302	0.01935	0.01142	0.01364	0.00834	0.00615	0.00595	0.00201	0.00894	0.00467	0.00281	0.00910
34	0.10976	0.01062	0.01346	0.01063	0.01501	0.00950	0.00864	0.02721	0.01660	0.64266	0.03919	0.02141	0.03095	0.00794	0.00611	0.00199	0.00518	0.00616	0.00712	0.00987
35	0.12761	0.01346	0.02080	0.14929	0.49253	0.01394	0.01600	0.01864	0.01342	0.05823	0.01209	0.01555	0.00979	0.00607	0.00592	0.00196	0.00698	0.00528	0.00350	0.00895
36	0.01539	0.01472	0.02517	0.03571	0.69539	0.01453	0.06822	0.01873	0.01400	0.02004	0.01202	0.01587	0.01013	0.00582	0.00629	0.00193	0.00749	0.00565	0.00322	0.00967
37	0.00811	0.00580	0.00750	0.00882	0.00924	0.00534	0.00588	0.00890	0.01185	0.01589	0.03314	0.77900	0.03950	0.01892	0.00788	0.00255	0.00374	0.01692	0.00575	0.00526
38	0.07063	0.16499	0.07574	0.05239	0.01946	0.01863	0.01204	0.43633	0.04146	0.02982	0.01330	0.01433	0.01006	0.00701	0.00571	0.00186	0.00681	0.00501	0.00497	0.00945
39	0.02308	0.02012	0.01798	0.01455	0.01886	0.21610	0.01160	0.53903	0.02521	0.03177	0.01366	0.01441	0.01020	0.00738	0.00612	0.00186	0.00787	0.00519	0.00541	0.00960
40	0.00938	0.00682	0.00930	0.00927	0.01011	0.00746	0.00675	0.01067	0.00982	0.01395	0.01735	0.02834	0.01728	0.24204	0.56356	0.00856	0.01331	0.00719	0.00357	0.00528
41	0.00925	0.00648	0.00780	0.04785	0.00950	0.00640	0.00517	0.00950	0.01005	0.01346	0.02262	0.23560	0.02605	0.53741	0.02293	0.00476	0.00552	0.01081	0.00432	0.00454
42	0.01377	0.01349	0.01860	0.01601	0.01610	0.01847	0.01322	0.01481	0.00962	0.01504	0.00864	0.01410	0.00858	0.01085	0.01958	0.00273	0.77115	0.00544	0.00289	0.00691
43	0.00939	0.00634	0.00712	0.00718	0.00729	0.00619	0.00412	0.00923	0.00935	0.01256	0.02031	0.09012	0.02332	0.72988	0.02861	0.00561	0.00585	0.00937	0.00400	0.00414
44	0.01502	0.01171	0.01748	0.46945	0.09441	0.01330	0.01455	0.02059	0.13766	0.11975	0.01546	0.01846	0.01147	0.00697	0.00628	0.00209	0.00712	0.00586	0.00417	0.00820
45	0.01323	0.02632	0.55361	0.01974	0.11829	0.01384	0.06851	0.01891	0.01321	0.01961	0.01160	0.01414	0.00874	0.00600	0.00601	0.00195	0.00852	0.00487	0.00296	0.06995
46	0.01693	0.01188	0.01385	0.01032	0.01540	0.00999	0.00825	0.11988	0.01576	0.14599	0.01402	0.01502	0.01072	0.00584	0.00523	0.00133	0.00509	0.00446	0.00477	0.56528
47	0.01112	0.00953	0.03455	0.01589	0.20727	0.00852	0.00968	0.01366	0.01542	0.03599	0.37508	0.09241	0.12358	0.01130	0.00700	0.00204	0.00452	0.00984	0.00551	0.00708
48	0.03105	0.08728	0.25096	0.11780	0.07904	0.26845	0.02708	0.03416	0.01466	0.01772	0.01084	0.01343	0.00860	0.00633	0.00578	0.00186	0.00909	0.00458	0.00313	0.00815
49	0.01025	0.00693	0.00884	0.00923	0.01063	0.00614	0.00656	0.01144	0.01252	0.06845	0.02962	0.57866	0.03362	0.01620	0.00741	0.00234	0.00411	0.06165	0.00562	0.10977
50	0.01605	0.01600	0.02299	0.09818	0.59410	0.10637	0.01739	0.01908	0.01423	0.01911	0.01166	0.01539	0.00982	0.00599	0.00615	0.00190	0.00780	0.00536	0.00321	0.00922
51	0.01880	0.02152	0.01794	0.02040	0.21575	0.43881	0.01289	0.02102	0.03202	0.01711	0.01578	0.01987	0.06270	0.00773	0.00614	0.00186	0.00891	0.04926	0.00369	0.00780
52	0.01488	0.01408	0.02389	0.03385	0.64894	0.01387	0.06184	0.01804	0.01385	0.01974	0.01351	0.06976	0.01221	0.00674	0.00640	0.00197	0.00722	0.00644	0.00340	0.00936
53	0.01663	0.01330	0.01436	0.01254	0.01591	0.01485	0.00978	0.22020	0.43406	0.02733	0.02211	0.07840	0.01790	0.01162	0.05960	0.00265	0.00615	0.00730	0.00600	0.00932
54	0.00806	0.00601	0.00729	0.00827	0.00910	0.00539	0.00563	0.00896	0.01239	0.01611	0.03985	0.59924	0.21493	0.01804	0.00774	0.00245	0.00363	0.01586	0.00575	0.00531
55	0.00918	0.00971	0.10162	0.01112	0.01299	0.00719	0.06239	0.01098	0.01219	0.01663	0.02892	0.62658	0.03339	0.01633	0.00760	0.00245	0.00488	0.01467	0.00520	0.00598
56	0.01305	0.08025	0.60580	0.07040	0.02671	0.01484	0.06497	0.01894	0.01302	0.01891	0.01137	0.01389	0.00843	0.00613	0.00596	0.00200	0.00883	0.00479	0.00284	0.00887

[dist]
# distance from previous block
# <min> <max>
0	1

[block]
# block no. 1 follows, 39 sequences, length 20
# corresponding to MSA columns:
# 234-253
name=unknown_B
#
# <colnr> <probs for GDERKNQSTAVLIFYWHMCP>
#	G	D	E	R	K	N	Q	S	T	A	V	L	I	F	Y	W	H	M	C	P
0	0.20555	0.01110	0.01306	0.01026	0.01465	0.01079	0.00847	0.10551	0.01662	0.51552	0.01895	0.01712	0.01229	0.00689	0.00544	0.00182	0.00510	0.00527	0.00635	0.00925
1	0.01588	0.66627	0.11087	0.01097	0.01641	0.02174	0.01140	0.03709	0.01264	0.03814	0.00911	0.01027	0.00786	0.00525	0.00412	0.00136	0.00656	0.00344	0.00276	0.00786
2	0.00770	0.00514	0.00700	0.00815	0.00844	0.00486	0.00543	0.00815	0.01074	0.01431	0.02897	0.66340	0.03444	0.01885	0.01007	0.13626	0.00371	0.01492	0.00502	0.00444
3	0.01663	0.51401	0.07527	0.01129	0.01598	0.14358	0.01076	0.06163	0.01380	0.01632	0.00969	0.01107	0.00828	0.00552	0.00432	0.00139	0.00695	0.00365	0.06229	0.00754
4	0.01291	0.01089	0.01261	0.00906	0.01429	0.00854	0.00727	0.06020	0.01324	0.02040	0.01074	0.01238	0.00884	0.00455	0.00448	0.00093	0.00451	0.00362	0.00366	0.77688
5	0.02386	0.01435	0.01637	0.01255	0.01723	0.01505	0.01037	0.49439	0.02409	0.28368	0.01731	0.01622	0.01162	0.00717	0.00593	0.00179	0.00600	0.00554	0.00639	0.01006
6	0.00769	0.00585	0.00716	0.00805	0.00905	0.00547	0.00576	0.00969	0.04468	0.01599	0.03930	0.49670	0.22581	0.01693	0.00739	0.00231	0.00355	0.07799	0.00551	0.00511
7	0.01581	0.79572	0.03099	0.01012	0.01518	0.02340	0.01012	0.01771	0.01202	0.01391	0.00822	0.00949	0.00759	0.00506	0.00379	0.00126	0.00632	0.00316	0.00253	0.00759
8	0.00859	0.00579	0.00672	0.00672	0.00682	0.00588	0.00393	0.00878	0.00868	0.01167	0.01838	0.03731	0.02090	0.72499	0.09646	0.00607	0.00664	0.00840	0.00355	0.00374
9	0.00815	0.00582	0.00794	0.00931	0.01007	0.00562	0.00713	0.00986	0.01225	0.01615	0.03207	0.49552	0.03705	0.01764	0.00780	0.00253	0.00425	0.30029	0.00547	0.00506
10	0.01581	0.79572	0.03099	0.01012	0.01518	0.02340	0.01012	0.01771	0.01202	0.01391	0.00822	0.00949	0.00759	0.00506	0.00379	0.00126	0.00632	0.00316	0.00253	0.00759
11	0.02011	0.01452	0.01572	0.01224	0.01666	0.03220	0.00998	0.47378	0.06699	0.09771	0.06842	0.01706	0.01404	0.00718	0.00580	0.00169	0.00583	0.00560	0.00573	0.10875
12	0.00729	0.00518	0.00684	0.00812	0.00844	0.00486	0.00537	0.00826	0.01115	0.01487	0.03172	0.74118	0.03801	0.06716	0.00897	0.00261	0.00358	0.01630	0.00537	0.00473
13	0.01421	0.02524	0.51771	0.01524	0.02248	0.01427	0.01790	0.20031	0.01645	0.02325	0.01509	0.01613	0.06205	0.00667	0.00579	0.00186	0.00776	0.00520	0.00358	0.00880
14	0.01335	0.21104	0.07582	0.01357	0.01573	0.01799	0.01226	0.03363	0.01059	0.01503	0.00911	0.01316	0.00850	0.01219	0.09369	0.00291	0.42708	0.00473	0.00271	0.00689
15	0.01581	0.79572	0.03099	0.01012	0.01518	0.02340	0.01012	0.01771	0.01202	0.01391	0.00822	0.00949	0.00759	0.00506	0.00379	0.00126	0.00632	0.00316	0.00253	0.00759
16	0.00715	0.00600	0.00621	0.00616	0.00808	0.00506	0.00462	0.00879	0.01385	0.01686	0.13870	0.05546	0.67353	0.01465	0.00699	0.00198	0.00297	0.01228	0.00561	0.00506
17	0.01189	0.01011	0.01186	0.00872	0.01361	0.00765	0.00689	0.01439	0.01219	0.01896	0.01216	0.07007	0.01102	0.00543	0.00462	0.00099	0.00431	0.00450	0.00365	0.76697
18	0.01404	0.01472	0.06811	0.12019	0.59679	0.01397	0.04997	0.01787	0.01324	0.01878	0.01106	0.01470	0.00907	0.00535	0.00590	0.00180	0.00736	0.00529	0.00287	0.00895
19	0.73959	0.01082	0.00860	0.00774	0.01114	0.01239	0.00631	0.01667	0.01083	0.02621	0.09325	0.01356	0.01205	0.00624	0.00404	0.00183	0.00437	0.00406	0.00399	0.00631

[dist]
# distance from previous block
# <min> <max>
0	97

# created by:
# /software/SequenceAnalysis/GenePrediction/augustus/3.0.1/scripts/msa2prfl.pl ./fixed/BUSCOvEOG7N05VR.fas
