[name]
unknown

[dist]
# distance from previous block
# <min> <max>
5	62

[block]
# block no. 0 follows, 40 sequences, length 33
# corresponding to MSA columns:
# 68-100
name=unknown_A
#
# <colnr> <probs for GDERKNQSTAVLIFYWHMCP>
#	G	D	E	R	K	N	Q	S	T	A	V	L	I	F	Y	W	H	M	C	P
0	0.01262	0.01149	0.01844	0.07508	0.46812	0.01169	0.01404	0.01683	0.06545	0.02010	0.18883	0.02286	0.02101	0.00721	0.00608	0.00180	0.00578	0.02053	0.00396	0.00807
1	0.01550	0.01061	0.01225	0.01037	0.01369	0.01095	0.00822	0.10642	0.28247	0.14983	0.19499	0.02576	0.02459	0.00847	0.00602	0.00180	0.00442	0.02351	0.00600	0.08414
2	0.01583	0.04656	0.10308	0.01908	0.13032	0.09695	0.20618	0.08828	0.02552	0.07659	0.01319	0.01526	0.02327	0.00718	0.03547	0.00199	0.00804	0.00540	0.00361	0.07821
3	0.01236	0.00688	0.00899	0.00793	0.01008	0.00617	0.00613	0.01489	0.01626	0.19814	0.52913	0.03879	0.09899	0.01099	0.00662	0.00183	0.00328	0.00954	0.00651	0.00649
4	0.02211	0.01230	0.01900	0.01417	0.01896	0.01160	0.18186	0.14945	0.01781	0.44559	0.03349	0.01828	0.01311	0.00671	0.00610	0.00183	0.00631	0.00608	0.00593	0.00932
5	0.00944	0.00824	0.01395	0.01145	0.01389	0.00765	0.17922	0.01253	0.01526	0.02111	0.47390	0.06845	0.09164	0.01085	0.00693	0.00192	0.00456	0.03761	0.00543	0.00597
6	0.08427	0.20815	0.02572	0.01739	0.08571	0.01613	0.26289	0.08895	0.01404	0.03504	0.01071	0.01299	0.00849	0.00528	0.00558	0.00163	0.02181	0.00493	0.00329	0.08700
7	0.01368	0.20970	0.46201	0.01470	0.02182	0.01602	0.04491	0.08732	0.01366	0.01907	0.01026	0.01186	0.00774	0.00546	0.00513	0.00166	0.00770	0.00417	0.00284	0.04029
8	0.21399	0.04092	0.04521	0.01236	0.01644	0.17189	0.01031	0.32821	0.04679	0.02716	0.01146	0.01224	0.00862	0.00639	0.00540	0.00172	0.02394	0.00438	0.00441	0.00816
9	0.01451	0.01331	0.02241	0.10626	0.61029	0.01357	0.03423	0.01855	0.04449	0.04850	0.01192	0.01506	0.00963	0.00543	0.00580	0.00177	0.00688	0.00531	0.00315	0.00894
10	0.02186	0.00896	0.01214	0.00963	0.01339	0.00782	0.00782	0.02422	0.01660	0.58798	0.19675	0.02540	0.02399	0.00831	0.00609	0.00181	0.00443	0.00695	0.00701	0.00885
11	0.01367	0.01357	0.02185	0.20948	0.46723	0.05608	0.06704	0.01712	0.01299	0.01756	0.01155	0.04435	0.00986	0.00586	0.00588	0.00180	0.00738	0.00565	0.00292	0.00815
12	0.07734	0.02345	0.45856	0.01754	0.02473	0.01359	0.20644	0.03306	0.01301	0.06165	0.01138	0.01341	0.00811	0.00548	0.00575	0.00187	0.00834	0.00498	0.00301	0.00832
13	0.00902	0.00559	0.00612	0.00612	0.00645	0.00559	0.00365	0.00966	0.00934	0.01374	0.01848	0.03417	0.01966	0.60867	0.02355	0.00462	0.00494	0.00774	0.19891	0.00397
14	0.00709	0.00506	0.00675	0.00810	0.00843	0.00472	0.00540	0.00810	0.01113	0.01484	0.03205	0.79184	0.03846	0.01822	0.00742	0.00236	0.00337	0.01653	0.00540	0.00472
15	0.21927	0.01430	0.01336	0.07468	0.01682	0.13461	0.00907	0.13251	0.02889	0.09425	0.01160	0.01268	0.00872	0.00574	0.00483	0.00153	0.00603	0.00414	0.00412	0.20285
16	0.11505	0.01437	0.01644	0.01619	0.14447	0.01587	0.01123	0.36204	0.19385	0.02944	0.01505	0.01534	0.01121	0.00670	0.00557	0.00180	0.00584	0.00530	0.00507	0.00919
17	0.00820	0.00601	0.00794	0.00875	0.00982	0.00556	0.00652	0.00983	0.01194	0.01612	0.05722	0.48583	0.03469	0.03490	0.00781	0.00237	0.00400	0.19805	0.00520	0.07923
18	0.04432	0.01320	0.01973	0.30043	0.34334	0.04340	0.01570	0.08613	0.01385	0.01908	0.01070	0.01436	0.00851	0.00582	0.00620	0.00183	0.03731	0.00505	0.00307	0.00797
19	0.20668	0.01055	0.01533	0.59821	0.03322	0.01295	0.01381	0.01539	0.01122	0.01752	0.00981	0.01407	0.00741	0.00572	0.00529	0.00191	0.00698	0.00469	0.00282	0.00642
20	0.01209	0.01098	0.01891	0.01486	0.01854	0.01040	0.27637	0.01693	0.11175	0.04986	0.01934	0.22888	0.01856	0.01043	0.03544	0.00219	0.00657	0.00892	0.00427	0.12472
21	0.01384	0.01386	0.02543	0.11928	0.50343	0.01392	0.18839	0.01769	0.01317	0.01843	0.01106	0.01483	0.00895	0.00519	0.00603	0.00181	0.00769	0.00558	0.00286	0.00857
22	0.20668	0.01055	0.01533	0.59821	0.03322	0.01295	0.01381	0.01539	0.01122	0.01752	0.00981	0.01407	0.00741	0.00572	0.00529	0.00191	0.00698	0.00469	0.00282	0.00642
23	0.01527	0.01733	0.02868	0.02551	0.20101	0.14588	0.44142	0.01924	0.01409	0.01795	0.01109	0.01448	0.00868	0.00516	0.00632	0.00183	0.00924	0.00592	0.00294	0.00798
24	0.00878	0.00768	0.01339	0.01190	0.01367	0.00717	0.17909	0.01091	0.01233	0.01666	0.10597	0.52653	0.03322	0.01437	0.00723	0.00221	0.00483	0.01359	0.00492	0.00555
25	0.00968	0.00533	0.00800	0.00800	0.00824	0.00558	0.00558	0.00824	0.00800	0.01091	0.01140	0.01890	0.01115	0.02575	0.20045	0.63612	0.00755	0.00533	0.00267	0.00316
26	0.01555	0.79913	0.03047	0.00995	0.01493	0.02301	0.00995	0.01741	0.01182	0.01368	0.00808	0.00933	0.00746	0.00498	0.00373	0.00124	0.00622	0.00311	0.00249	0.00746
27	0.01039	0.00940	0.01549	0.58274	0.03242	0.01119	0.02830	0.01401	0.01282	0.01694	0.18716	0.02213	0.01894	0.00724	0.00608	0.00191	0.00661	0.00647	0.00350	0.00626
28	0.21233	0.01368	0.01374	0.01145	0.01534	0.01552	0.00924	0.30496	0.29152	0.02956	0.01618	0.01577	0.01196	0.00694	0.00533	0.00184	0.00528	0.00524	0.00533	0.00878
29	0.01206	0.01243	0.02405	0.48523	0.03627	0.01362	0.29885	0.01633	0.01245	0.01633	0.01090	0.01558	0.00817	0.00546	0.00622	0.00195	0.00856	0.00583	0.00272	0.00700
30	0.01580	0.01022	0.01244	0.00908	0.01406	0.00796	0.00733	0.01829	0.01328	0.21740	0.01370	0.01412	0.01015	0.00508	0.00472	0.00111	0.00448	0.00409	0.00445	0.61224
31	0.01358	0.27842	0.34863	0.01893	0.19582	0.01670	0.01684	0.01795	0.01235	0.01700	0.00978	0.01181	0.00784	0.00526	0.00499	0.00162	0.00742	0.00412	0.00257	0.00837
32	0.00796	0.00573	0.00753	0.00750	0.00863	0.00531	0.00547	0.01029	0.01520	0.02131	0.58464	0.22081	0.05098	0.01339	0.00699	0.00196	0.00289	0.01194	0.00616	0.00531

[dist]
# distance from previous block
# <min> <max>
15	68

# created by:
# /software/SequenceAnalysis/GenePrediction/augustus/3.0.1/scripts/msa2prfl.pl ./fixed/BUSCOvEOG79GMXW.fas
