[name]
unknown

[dist]
# distance from previous block
# <min> <max>
0	74

[block]
# block no. 0 follows, 39 sequences, length 7
# corresponding to MSA columns:
# 74-80
name=unknown_A
#
# <colnr> <probs for GDERKNQSTAVLIFYWHMCP>
#	G	D	E	R	K	N	Q	S	T	A	V	L	I	F	Y	W	H	M	C	P
0	0.01931	0.01163	0.01352	0.01152	0.01522	0.01209	0.00908	0.02930	0.41293	0.30346	0.07377	0.02355	0.01979	0.00840	0.00630	0.00203	0.00489	0.00685	0.00672	0.00964
1	0.00787	0.00644	0.00679	0.00668	0.00861	0.00547	0.00497	0.00944	0.01443	0.01795	0.18771	0.05495	0.61793	0.01475	0.00722	0.00208	0.00317	0.01227	0.00586	0.00542
2	0.00983	0.00618	0.00732	0.00723	0.00854	0.00583	0.00530	0.01222	0.01480	0.02255	0.38801	0.12434	0.03881	0.01124	0.00622	0.00185	0.00307	0.00962	0.31127	0.00577
3	0.01284	0.01091	0.01265	0.00916	0.01442	0.00822	0.00726	0.01529	0.01262	0.01978	0.01109	0.01307	0.00931	0.00478	0.00464	0.00099	0.00458	0.00370	0.00370	0.82097
4	0.01581	0.79572	0.03099	0.01012	0.01518	0.02340	0.01012	0.01771	0.01202	0.01391	0.00822	0.00949	0.00759	0.00506	0.00379	0.00126	0.00632	0.00316	0.00253	0.00759
5	0.00860	0.00573	0.00645	0.00645	0.00645	0.00573	0.00358	0.00860	0.00860	0.01147	0.01863	0.03870	0.02150	0.79217	0.03010	0.00573	0.00573	0.00860	0.00358	0.00358
6	0.00857	0.00584	0.00700	0.00700	0.00719	0.00603	0.00427	0.00896	0.00876	0.01188	0.01813	0.03590	0.02028	0.65672	0.16388	0.00642	0.00756	0.00819	0.00351	0.00389

[dist]
# distance from previous block
# <min> <max>
0	1

[block]
# block no. 1 follows, 39 sequences, length 28
# corresponding to MSA columns:
# 82-109
name=unknown_B
#
# <colnr> <probs for GDERKNQSTAVLIFYWHMCP>
#	G	D	E	R	K	N	Q	S	T	A	V	L	I	F	Y	W	H	M	C	P
0	0.80811	0.01141	0.00898	0.03196	0.01236	0.01326	0.00672	0.01731	0.01012	0.02617	0.00831	0.00980	0.00645	0.00550	0.00373	0.00183	0.00468	0.00327	0.00363	0.00641
1	0.01414	0.01486	0.02878	0.05304	0.23573	0.01461	0.42368	0.01998	0.09575	0.01957	0.01303	0.01626	0.01007	0.00544	0.00651	0.00193	0.00847	0.00640	0.00330	0.00848
2	0.01251	0.15188	0.61494	0.01546	0.02347	0.01504	0.01938	0.01841	0.01240	0.01798	0.01023	0.01200	0.00756	0.00548	0.00528	0.00174	0.00818	0.00414	0.00254	0.04138
3	0.01226	0.01051	0.01226	0.00876	0.01401	0.00788	0.00701	0.01489	0.01226	0.01927	0.01051	0.01226	0.00876	0.00438	0.00438	0.00088	0.00438	0.00350	0.00350	0.82832
4	0.01027	0.00514	0.00770	0.00770	0.00770	0.00514	0.00514	0.00770	0.00770	0.01027	0.01027	0.01798	0.01027	0.02054	0.02311	0.82794	0.00514	0.00514	0.00257	0.00257
5	0.05057	0.17211	0.02190	0.01853	0.18628	0.01751	0.04481	0.17507	0.01518	0.02141	0.01066	0.01322	0.00886	0.00683	0.00841	0.00185	0.18158	0.00483	0.03220	0.00818
6	0.01260	0.01081	0.01242	0.00921	0.01420	0.00883	0.00733	0.01718	0.11364	0.02003	0.01239	0.01362	0.01005	0.00488	0.00461	0.00103	0.00442	0.00394	0.00385	0.71495
7	0.02080	0.01566	0.01648	0.01313	0.01747	0.03840	0.01067	0.51301	0.19865	0.06794	0.01685	0.01626	0.01212	0.00730	0.00593	0.00183	0.00612	0.00564	0.00593	0.00980
8	0.30684	0.19142	0.01754	0.01298	0.09300	0.05902	0.00975	0.10250	0.01342	0.04222	0.01003	0.01188	0.00820	0.00773	0.03614	0.01839	0.04392	0.00403	0.00356	0.00743
9	0.01549	0.70787	0.02954	0.01073	0.01522	0.02281	0.01044	0.01732	0.01168	0.01395	0.00817	0.00987	0.00761	0.00565	0.00555	0.00141	0.09331	0.00339	0.00254	0.00746
10	0.01028	0.00546	0.00825	0.05159	0.00956	0.00561	0.00574	0.00815	0.00796	0.01058	0.01048	0.01833	0.01040	0.03773	0.02230	0.76165	0.00531	0.00522	0.00260	0.00282
11	0.02209	0.01537	0.01707	0.01334	0.01747	0.03733	0.01100	0.51428	0.02354	0.15739	0.01490	0.01497	0.01051	0.00747	0.00742	0.00187	0.09333	0.00537	0.00570	0.00957
12	0.01454	0.10034	0.01592	0.05978	0.08239	0.04327	0.01019	0.02484	0.41680	0.05054	0.02356	0.02284	0.09398	0.00796	0.00582	0.00187	0.00533	0.00656	0.00503	0.00846
13	0.00860	0.00573	0.00645	0.00645	0.00645	0.00573	0.00358	0.00860	0.00860	0.01147	0.01863	0.03870	0.02150	0.79217	0.03010	0.00573	0.00573	0.00860	0.00358	0.00358
14	0.01493	0.05948	0.01854	0.01277	0.01796	0.01114	0.15935	0.04361	0.05542	0.10288	0.01302	0.01437	0.00997	0.00518	0.00521	0.00134	0.00583	0.00473	0.00399	0.44029
15	0.01334	0.21573	0.52698	0.01542	0.02301	0.01600	0.05311	0.01878	0.01257	0.03870	0.01046	0.01214	0.00779	0.00550	0.00525	0.00173	0.00811	0.00425	0.00267	0.00846
16	0.01027	0.00514	0.00770	0.00770	0.00770	0.00514	0.00514	0.00770	0.00770	0.01027	0.01027	0.01798	0.01027	0.02054	0.02311	0.82794	0.00514	0.00514	0.00257	0.00257
17	0.00797	0.00578	0.00780	0.05485	0.01085	0.00563	0.00650	0.00960	0.01217	0.01641	0.08650	0.53511	0.06848	0.01632	0.00729	0.00230	0.00383	0.09333	0.04419	0.00508
18	0.01431	0.01582	0.09569	0.03335	0.61619	0.01411	0.08686	0.01828	0.01342	0.01923	0.01116	0.01456	0.00915	0.00528	0.00594	0.00179	0.00747	0.00535	0.00289	0.00917
19	0.01564	0.17171	0.01853	0.01452	0.09865	0.01673	0.01067	0.09201	0.44823	0.02309	0.01850	0.01796	0.01422	0.00703	0.00554	0.00181	0.00544	0.00569	0.00496	0.00907
20	0.01214	0.01157	0.01917	0.52756	0.19670	0.01390	0.01642	0.01569	0.01188	0.01595	0.01034	0.01520	0.00820	0.00627	0.00741	0.00199	0.09450	0.00525	0.00269	0.00718
21	0.01794	0.26411	0.02310	0.01738	0.13592	0.33971	0.05320	0.02015	0.01446	0.01547	0.01027	0.01360	0.00908	0.00601	0.00515	0.00156	0.00847	0.03399	0.00296	0.00749
22	0.02180	0.01060	0.01351	0.01015	0.01495	0.00902	0.00832	0.06723	0.01612	0.48277	0.01874	0.01729	0.01251	0.00638	0.00545	0.00153	0.00492	0.00514	0.00603	0.26753
23	0.01236	0.01154	0.01822	0.34517	0.07250	0.01300	0.11131	0.01961	0.20287	0.01935	0.09750	0.02055	0.01614	0.00699	0.00620	0.00196	0.00671	0.00647	0.00401	0.00754
24	0.01504	0.08356	0.08920	0.06083	0.43046	0.07046	0.02956	0.01906	0.04300	0.04716	0.04674	0.01568	0.01159	0.00588	0.00570	0.00174	0.00712	0.00527	0.00331	0.00866
25	0.00830	0.00670	0.00746	0.00715	0.00906	0.00621	0.00540	0.01184	0.08976	0.01975	0.31368	0.04860	0.41819	0.01319	0.00688	0.00195	0.00309	0.01122	0.00592	0.00566
26	0.01728	0.50002	0.06833	0.01320	0.05249	0.23033	0.01154	0.01944	0.01344	0.01461	0.00876	0.01024	0.00768	0.00539	0.00443	0.00140	0.00771	0.00351	0.00269	0.00754
27	0.01310	0.01248	0.02122	0.36543	0.43817	0.01365	0.01738	0.01680	0.01274	0.01745	0.01085	0.01514	0.00871	0.00555	0.00588	0.00185	0.00741	0.00526	0.00279	0.00813

[dist]
# distance from previous block
# <min> <max>
0	139

# created by:
# /software/SequenceAnalysis/GenePrediction/augustus/3.0.1/scripts/msa2prfl.pl ./fixed/BUSCOvEOG79S7MX.fas
