[name]
unknown

[dist]
# distance from previous block
# <min> <max>
0	3

[block]
# block no. 0 follows, 40 sequences, length 87
# corresponding to MSA columns:
# 3-89
name=unknown_A
#
# <colnr> <probs for GDERKNQSTAVLIFYWHMCP>
#	G	D	E	R	K	N	Q	S	T	A	V	L	I	F	Y	W	H	M	C	P
0	0.01113	0.00928	0.01464	0.28805	0.15120	0.01021	0.01258	0.03385	0.01290	0.01721	0.08199	0.03146	0.01938	0.01027	0.00794	0.07263	0.00625	0.19890	0.00381	0.00631
1	0.09412	0.01000	0.01290	0.01009	0.01438	0.00908	0.00830	0.02700	0.04524	0.65057	0.04214	0.01965	0.01497	0.00720	0.00569	0.00181	0.00483	0.00578	0.00682	0.00944
2	0.01154	0.00755	0.00867	0.00794	0.00907	0.00768	0.00533	0.12562	0.01273	0.06217	0.06736	0.10713	0.02284	0.49575	0.02074	0.00422	0.00531	0.00871	0.00448	0.00516
3	0.07867	0.00635	0.00773	0.00738	0.00882	0.00616	0.00549	0.01113	0.01486	0.02194	0.57200	0.07610	0.06438	0.05361	0.03830	0.00235	0.00359	0.00995	0.00581	0.00539
4	0.09855	0.00635	0.00759	0.00825	0.00919	0.00637	0.00577	0.04662	0.01190	0.01735	0.06478	0.58284	0.03269	0.01603	0.00779	0.05052	0.00372	0.01351	0.00511	0.00507
5	0.01036	0.00598	0.00806	0.00840	0.00954	0.00551	0.00603	0.01170	0.01265	0.12910	0.13341	0.50127	0.03560	0.01566	0.00787	0.04243	0.00368	0.04154	0.00567	0.00553
6	0.01817	0.00843	0.01102	0.00944	0.01236	0.00775	0.00732	0.02128	0.07729	0.42007	0.10179	0.18527	0.02439	0.05801	0.00773	0.00217	0.00440	0.00880	0.00640	0.00790
7	0.00755	0.00571	0.00686	0.00706	0.00829	0.00515	0.00509	0.00929	0.01357	0.01793	0.29282	0.22879	0.27684	0.06211	0.00841	0.00225	0.00320	0.02846	0.00563	0.00499
8	0.00816	0.00570	0.00687	0.00739	0.00784	0.00554	0.00494	0.00893	0.01025	0.01343	0.02688	0.21380	0.09039	0.43027	0.01924	0.00412	0.00485	0.12280	0.00440	0.00420
9	0.01857	0.00864	0.01118	0.00947	0.01261	0.00785	0.00745	0.05800	0.03609	0.42804	0.07702	0.19287	0.08545	0.01057	0.00635	0.00194	0.00435	0.00903	0.00649	0.00802
10	0.01180	0.03500	0.39941	0.05105	0.02027	0.01102	0.04391	0.01619	0.01228	0.08050	0.01728	0.22387	0.01645	0.00918	0.00640	0.00199	0.02438	0.00787	0.00368	0.00745
11	0.06054	0.01060	0.01305	0.00997	0.01451	0.00945	0.00814	0.08429	0.03638	0.42518	0.03666	0.01736	0.01317	0.00645	0.00535	0.00155	0.00481	0.00515	0.00584	0.23157
12	0.01650	0.01126	0.01275	0.01038	0.01349	0.01182	0.00823	0.36638	0.02071	0.09106	0.21780	0.02655	0.05963	0.07381	0.00858	0.02520	0.00502	0.00732	0.00579	0.00773
13	0.02447	0.01108	0.04998	0.01077	0.01537	0.00926	0.00923	0.02806	0.07429	0.66881	0.02239	0.01958	0.01432	0.00717	0.00584	0.00182	0.00510	0.00583	0.00687	0.00978
14	0.09018	0.00969	0.01471	0.23596	0.18088	0.01040	0.01160	0.01557	0.01158	0.11581	0.01302	0.05599	0.01093	0.00961	0.00938	0.18295	0.00607	0.00564	0.00349	0.00655
15	0.01927	0.01440	0.01640	0.01436	0.07998	0.01547	0.01074	0.42910	0.16863	0.07532	0.01587	0.01573	0.01157	0.00679	0.00570	0.00171	0.00581	0.00538	0.00546	0.08229
16	0.01084	0.00542	0.00542	0.00542	0.00678	0.00542	0.00407	0.01355	0.01220	0.02168	0.01897	0.02168	0.01491	0.00678	0.00407	0.00136	0.00271	0.00542	0.82791	0.00542
17	0.01760	0.01203	0.01337	0.01128	0.01499	0.01295	0.00898	0.13843	0.41361	0.18556	0.02414	0.02223	0.06602	0.00799	0.00592	0.00188	0.00484	0.00654	0.00609	0.02555
18	0.01206	0.01034	0.01206	0.00861	0.01378	0.00775	0.00689	0.01464	0.01206	0.01895	0.01034	0.01206	0.00861	0.00431	0.00431	0.00086	0.00431	0.00345	0.00345	0.83118
19	0.01956	0.02446	0.02130	0.01756	0.02133	0.56752	0.20774	0.02198	0.01574	0.01542	0.00974	0.01189	0.00785	0.00570	0.00568	0.00162	0.01030	0.00459	0.00298	0.00704
20	0.01439	0.01382	0.02360	0.03569	0.75936	0.01382	0.01785	0.01785	0.01324	0.01900	0.01094	0.01439	0.00921	0.00518	0.00576	0.00173	0.00691	0.00518	0.00288	0.00921
21	0.02457	0.00956	0.01301	0.01009	0.01432	0.00829	0.00829	0.02686	0.01663	0.70039	0.08536	0.02181	0.01784	0.00760	0.00593	0.00180	0.00476	0.00625	0.00713	0.00952
22	0.01555	0.79913	0.03047	0.00995	0.01493	0.02301	0.00995	0.01741	0.01182	0.01368	0.00808	0.00933	0.00746	0.00498	0.00373	0.00124	0.00622	0.00311	0.00249	0.00746
23	0.00977	0.00636	0.00869	0.00812	0.00967	0.00623	0.00623	0.01229	0.01455	0.08365	0.49366	0.03586	0.04052	0.02006	0.21374	0.00386	0.00640	0.00896	0.00558	0.00578
24	0.00724	0.00591	0.00640	0.00628	0.00808	0.00507	0.00471	0.00906	0.01412	0.01777	0.24740	0.05258	0.56722	0.01396	0.00687	0.00193	0.00289	0.01180	0.00567	0.00507
25	0.00763	0.00553	0.00730	0.00844	0.00919	0.00521	0.00619	0.00913	0.01208	0.01592	0.07160	0.53176	0.09938	0.01712	0.00748	0.00237	0.00374	0.16958	0.00544	0.00492
26	0.00823	0.00594	0.00777	0.00732	0.00869	0.00549	0.00549	0.01097	0.01646	0.02332	0.75629	0.04344	0.05487	0.01189	0.00686	0.00183	0.00274	0.01052	0.00640	0.00549
27	0.01250	0.00917	0.01059	0.00927	0.01062	0.01017	0.00667	0.20682	0.01368	0.01856	0.01599	0.02804	0.01637	0.44914	0.08795	0.00465	0.07305	0.00710	0.00402	0.00563
28	0.01084	0.00542	0.00542	0.00542	0.00678	0.00542	0.00407	0.01355	0.01220	0.02168	0.01897	0.02168	0.01491	0.00678	0.00407	0.00136	0.00271	0.00542	0.82791	0.00542
29	0.00835	0.00607	0.00853	0.00853	0.00929	0.00683	0.00626	0.00986	0.00911	0.01290	0.01632	0.02696	0.01632	0.24688	0.57176	0.00834	0.01289	0.00683	0.00323	0.00474
30	0.01206	0.01034	0.01206	0.00861	0.01378	0.00775	0.00689	0.01464	0.01206	0.01895	0.01034	0.01206	0.00861	0.00431	0.00431	0.00086	0.00431	0.00345	0.00345	0.83118
31	0.01595	0.01714	0.02091	0.12331	0.46909	0.21871	0.01585	0.01893	0.01391	0.01719	0.01034	0.01348	0.00856	0.00548	0.00563	0.00169	0.00798	0.00479	0.00287	0.00820
32	0.01826	0.01211	0.01361	0.01156	0.01529	0.01317	0.00918	0.09056	0.48953	0.22513	0.02265	0.02052	0.01618	0.00763	0.00589	0.00191	0.00485	0.00626	0.00625	0.00945
33	0.00687	0.00589	0.00589	0.00589	0.00785	0.00491	0.00442	0.00835	0.01325	0.01571	0.05891	0.05596	0.75700	0.01473	0.00687	0.00196	0.00295	0.01227	0.00540	0.00491
34	0.00699	0.00590	0.00605	0.00601	0.00793	0.00496	0.00451	0.00857	0.01353	0.01636	0.11827	0.05490	0.69724	0.01449	0.00687	0.00195	0.00293	0.01212	0.00549	0.00496
35	0.01904	0.01147	0.01329	0.01125	0.01501	0.01214	0.00895	0.02989	0.46082	0.31505	0.02338	0.02095	0.01643	0.00762	0.00589	0.00190	0.00474	0.00629	0.00642	0.00948
36	0.01637	0.01757	0.02168	0.03010	0.55897	0.21882	0.01606	0.01930	0.01412	0.01771	0.01041	0.01334	0.00875	0.00540	0.00562	0.00167	0.00788	0.00479	0.00291	0.00854
37	0.00724	0.00591	0.00640	0.00628	0.00808	0.00507	0.00471	0.00906	0.01412	0.01777	0.24740	0.05258	0.56722	0.01396	0.00687	0.00193	0.00289	0.01180	0.00567	0.00507
38	0.01206	0.01034	0.01206	0.00861	0.01378	0.00775	0.00689	0.01464	0.01206	0.01895	0.01034	0.01206	0.00861	0.00431	0.00431	0.00086	0.00431	0.00345	0.00345	0.83118
39	0.01186	0.06940	0.72792	0.01624	0.02465	0.01399	0.02090	0.01836	0.01225	0.01817	0.01032	0.01213	0.00737	0.00550	0.00543	0.00181	0.00847	0.00424	0.00246	0.00854
40	0.01084	0.00542	0.00542	0.00542	0.00678	0.00542	0.00407	0.01355	0.01220	0.02168	0.01897	0.02168	0.01491	0.00678	0.00407	0.00136	0.00271	0.00542	0.82791	0.00542
41	0.01206	0.01034	0.01206	0.00861	0.01378	0.00775	0.00689	0.01464	0.01206	0.01895	0.01034	0.01206	0.00861	0.00431	0.00431	0.00086	0.00431	0.00345	0.00345	0.83118
42	0.00831	0.00623	0.00935	0.00935	0.01038	0.00727	0.00727	0.01038	0.00935	0.01350	0.01558	0.02285	0.01454	0.04361	0.77259	0.00935	0.01558	0.00623	0.00312	0.00519
43	0.83671	0.01125	0.00855	0.00765	0.01125	0.01305	0.00630	0.01709	0.00990	0.02609	0.00810	0.00945	0.00630	0.00540	0.00360	0.00180	0.00450	0.00315	0.00360	0.00630
44	0.01010	0.00505	0.00758	0.00758	0.00758	0.00505	0.00505	0.00758	0.00758	0.01010	0.01010	0.01768	0.01010	0.02020	0.02273	0.83081	0.00505	0.00505	0.00253	0.00253
45	0.01166	0.03008	0.76550	0.01657	0.02517	0.01351	0.02149	0.01842	0.01228	0.01842	0.01044	0.01228	0.00737	0.00552	0.00552	0.00184	0.00859	0.00430	0.00246	0.00859
46	0.00775	0.00593	0.00710	0.00681	0.00839	0.00528	0.00511	0.01004	0.01532	0.02061	0.50844	0.04789	0.30441	0.01290	0.00686	0.00188	0.00282	0.01114	0.00605	0.00528
47	0.11246	0.05764	0.09142	0.01416	0.01622	0.14799	0.01243	0.01658	0.01082	0.01590	0.00823	0.01172	0.00741	0.00815	0.01270	0.00214	0.44014	0.00444	0.00274	0.00670
48	0.01367	0.01553	0.03347	0.02404	0.02962	0.01486	0.70114	0.01839	0.01348	0.01839	0.01155	0.01553	0.00876	0.00517	0.00749	0.00199	0.04944	0.00677	0.00292	0.00777
49	0.00709	0.00506	0.00675	0.00810	0.00843	0.00472	0.00540	0.00810	0.01113	0.01484	0.03205	0.79184	0.03846	0.01822	0.00742	0.00236	0.00337	0.01653	0.00540	0.00472
50	0.02501	0.01162	0.01456	0.01117	0.01571	0.01111	0.00922	0.22069	0.01954	0.56695	0.02051	0.01822	0.01318	0.00714	0.00584	0.00178	0.00534	0.00568	0.00682	0.00989
51	0.00728	0.00520	0.00697	0.00832	0.00874	0.00489	0.00574	0.00843	0.01133	0.01506	0.03194	0.73002	0.03804	0.01804	0.00747	0.00239	0.00354	0.07642	0.00539	0.00478
52	0.83671	0.01125	0.00855	0.00765	0.01125	0.01305	0.00630	0.01709	0.00990	0.02609	0.00810	0.00945	0.00630	0.00540	0.00360	0.00180	0.00450	0.00315	0.00360	0.00630
53	0.83671	0.01125	0.00855	0.00765	0.01125	0.01305	0.00630	0.01709	0.00990	0.02609	0.00810	0.00945	0.00630	0.00540	0.00360	0.00180	0.00450	0.00315	0.00360	0.00630
54	0.00760	0.00555	0.00717	0.00763	0.00857	0.00511	0.00544	0.00943	0.01364	0.01858	0.34233	0.39217	0.10884	0.01517	0.00715	0.00211	0.00311	0.02950	0.00582	0.00508
55	0.01084	0.00542	0.00542	0.00542	0.00678	0.00542	0.00407	0.01355	0.01220	0.02168	0.01897	0.02168	0.01491	0.00678	0.00407	0.00136	0.00271	0.00542	0.82791	0.00542
56	0.00831	0.00623	0.00935	0.00935	0.01038	0.00727	0.00727	0.01038	0.00935	0.01350	0.01558	0.02285	0.01454	0.04361	0.77259	0.00935	0.01558	0.00623	0.00312	0.00519
57	0.02050	0.02456	0.01596	0.01437	0.01749	0.60637	0.01088	0.05910	0.14219	0.01704	0.01174	0.01257	0.00936	0.00636	0.00539	0.00159	0.00928	0.00430	0.00363	0.00731
58	0.83671	0.01125	0.00855	0.00765	0.01125	0.01305	0.00630	0.01709	0.00990	0.02609	0.00810	0.00945	0.00630	0.00540	0.00360	0.00180	0.00450	0.00315	0.00360	0.00630
59	0.00973	0.00635	0.00783	0.00722	0.00910	0.00564	0.00550	0.01205	0.01554	0.09990	0.47319	0.04460	0.25695	0.01222	0.00676	0.00187	0.00304	0.01054	0.00619	0.00579
60	0.01254	0.01255	0.01627	0.05132	0.01569	0.06170	0.01176	0.01416	0.01058	0.01539	0.11520	0.01713	0.01440	0.00996	0.01584	0.00235	0.58798	0.00579	0.00313	0.00626
61	0.01436	0.09410	0.49807	0.01503	0.02216	0.01535	0.01753	0.17023	0.06019	0.02218	0.01177	0.01294	0.00854	0.00593	0.00545	0.00178	0.00768	0.00453	0.00337	0.00880
62	0.41986	0.01192	0.01155	0.00926	0.01349	0.01247	0.00759	0.16143	0.01449	0.09946	0.01120	0.01192	0.00830	0.00566	0.00441	0.00159	0.00488	0.00389	0.00436	0.18225
63	0.83671	0.01125	0.00855	0.00765	0.01125	0.01305	0.00630	0.01709	0.00990	0.02609	0.00810	0.00945	0.00630	0.00540	0.00360	0.00180	0.00450	0.00315	0.00360	0.00630
64	0.00832	0.00619	0.00916	0.00916	0.01014	0.00717	0.00704	0.01027	0.00929	0.01336	0.01574	0.02377	0.01494	0.08935	0.72740	0.00912	0.01497	0.00637	0.00314	0.00509
65	0.00832	0.00620	0.00917	0.00917	0.01015	0.00717	0.00705	0.01027	0.00929	0.01337	0.01574	0.02373	0.01492	0.08744	0.72928	0.00913	0.01500	0.00636	0.00314	0.00509
66	0.01273	0.01384	0.02871	0.22854	0.03217	0.01384	0.51524	0.01721	0.01306	0.01746	0.01215	0.04511	0.00966	0.00565	0.00660	0.00197	0.00901	0.00677	0.00294	0.00735
67	0.00928	0.00624	0.00695	0.00691	0.00699	0.00613	0.00391	0.00907	0.00899	0.01207	0.01901	0.03882	0.02173	0.78621	0.02963	0.00573	0.00590	0.00866	0.00379	0.00397
68	0.01090	0.00857	0.00968	0.00892	0.01109	0.00856	0.00676	0.05082	0.18835	0.02321	0.39066	0.04031	0.19474	0.01177	0.00691	0.00203	0.00369	0.00990	0.00627	0.00687
69	0.00772	0.00649	0.00650	0.00647	0.00849	0.00541	0.00479	0.00896	0.01373	0.01645	0.05909	0.05651	0.74832	0.01514	0.00719	0.00211	0.00324	0.01243	0.00564	0.00534
70	0.01284	0.01088	0.01259	0.00916	0.01434	0.00822	0.00723	0.01518	0.01255	0.01964	0.01112	0.01315	0.00936	0.00485	0.00466	0.00102	0.00458	0.00372	0.00371	0.82120
71	0.01629	0.78974	0.03077	0.01048	0.01547	0.02328	0.01025	0.01792	0.01231	0.01444	0.00890	0.01046	0.00822	0.00551	0.00409	0.00139	0.00647	0.00338	0.00277	0.00786
72	0.00793	0.00567	0.00735	0.00865	0.00906	0.00522	0.00576	0.00872	0.01163	0.01559	0.03257	0.78311	0.03883	0.01859	0.00773	0.00250	0.00366	0.01664	0.00564	0.00515
73	0.02070	0.01573	0.01675	0.01344	0.01775	0.01740	0.01084	0.53972	0.22265	0.03379	0.01733	0.01712	0.01275	0.00773	0.00618	0.00195	0.00616	0.00585	0.00608	0.01007
74	0.01284	0.01088	0.01259	0.00916	0.01434	0.00822	0.00723	0.01518	0.01255	0.01964	0.01112	0.01315	0.00936	0.00485	0.00466	0.00102	0.00458	0.00372	0.00371	0.82120
75	0.01468	0.01384	0.02315	0.13805	0.65202	0.01408	0.01782	0.01794	0.01349	0.01913	0.01164	0.01561	0.00975	0.00580	0.00610	0.00190	0.00727	0.00543	0.00311	0.00921
76	0.02238	0.02804	0.01696	0.01544	0.01848	0.76312	0.01152	0.02365	0.01691	0.01499	0.00979	0.01160	0.00825	0.00651	0.00558	0.00165	0.01069	0.00401	0.00327	0.00714
77	0.01469	0.01402	0.02243	0.03037	0.54941	0.01528	0.01667	0.01730	0.01254	0.01834	0.01083	0.01501	0.00952	0.00706	0.00969	0.00209	0.21746	0.00541	0.00306	0.00881
78	0.02276	0.01676	0.01792	0.01386	0.01854	0.01837	0.01134	0.73137	0.02764	0.03712	0.01470	0.01503	0.01062	0.00749	0.00615	0.00189	0.00665	0.00548	0.00605	0.01025
79	0.00914	0.00683	0.00991	0.00988	0.01098	0.00774	0.00761	0.01098	0.00987	0.01426	0.01630	0.02380	0.01521	0.04366	0.76326	0.00939	0.01571	0.00647	0.00339	0.00561
80	0.01164	0.00603	0.00604	0.00600	0.00742	0.00591	0.00444	0.01410	0.01268	0.02234	0.01965	0.02265	0.01557	0.00729	0.00442	0.00150	0.00301	0.00567	0.81780	0.00584
81	0.82711	0.01178	0.00912	0.00820	0.01183	0.01344	0.00665	0.01760	0.01041	0.02670	0.00891	0.01057	0.00707	0.00593	0.00396	0.00194	0.00477	0.00342	0.00386	0.00671
82	0.01522	0.01301	0.01367	0.01234	0.01566	0.01484	0.00952	0.03123	0.74006	0.02495	0.02429	0.02267	0.01838	0.00839	0.00625	0.00211	0.00487	0.00681	0.00615	0.00958
83	0.01342	0.01423	0.02870	0.02147	0.02599	0.01379	0.54523	0.01719	0.01348	0.01845	0.01550	0.10403	0.01414	0.00799	0.00835	0.00224	0.07503	0.04957	0.00359	0.00762
84	0.02299	0.01639	0.01769	0.01369	0.01835	0.01781	0.01120	0.68990	0.02701	0.07948	0.01523	0.01537	0.01088	0.00750	0.00615	0.00189	0.00656	0.00552	0.00613	0.01025
85	0.01281	0.06649	0.65863	0.01737	0.02553	0.01446	0.08209	0.01888	0.01286	0.01891	0.01122	0.01352	0.00826	0.00597	0.00589	0.00197	0.00880	0.00472	0.00278	0.00886
86	0.00833	0.00613	0.00882	0.00882	0.00968	0.00699	0.00662	0.01005	0.00919	0.01311	0.01605	0.02548	0.01568	0.17410	0.64367	0.00870	0.01385	0.00662	0.00319	0.00490

[dist]
# distance from previous block
# <min> <max>
0	3

[block]
# block no. 1 follows, 40 sequences, length 46
# corresponding to MSA columns:
# 93-138
name=unknown_B
#
# <colnr> <probs for GDERKNQSTAVLIFYWHMCP>
#	G	D	E	R	K	N	Q	S	T	A	V	L	I	F	Y	W	H	M	C	P
0	0.01439	0.01382	0.02360	0.03569	0.75936	0.01382	0.01785	0.01785	0.01324	0.01900	0.01094	0.01439	0.00921	0.00518	0.00576	0.00173	0.00691	0.00518	0.00288	0.00921
1	0.01428	0.21008	0.01733	0.00975	0.01465	0.08226	0.00825	0.04891	0.01309	0.01799	0.00981	0.01132	0.00828	0.00475	0.00432	0.00106	0.00545	0.00347	0.00327	0.51170
2	0.01286	0.01031	0.01214	0.00871	0.01384	0.00780	0.00699	0.01543	0.01232	0.06163	0.01106	0.01250	0.00894	0.00447	0.00439	0.00092	0.00434	0.00358	0.00366	0.78410
3	0.00871	0.00773	0.01021	0.04747	0.16367	0.00715	0.00780	0.01081	0.01344	0.01697	0.10385	0.04456	0.51195	0.01213	0.00659	0.00190	0.00396	0.01035	0.00484	0.00591
4	0.00854	0.00657	0.00979	0.00965	0.01064	0.00782	0.00755	0.01057	0.00932	0.01353	0.01516	0.02232	0.01418	0.04187	0.73337	0.00899	0.05562	0.00617	0.00309	0.00525
5	0.01174	0.01169	0.01487	0.01298	0.01358	0.04872	0.01063	0.01315	0.01052	0.01487	0.06054	0.02275	0.15536	0.01097	0.01539	0.00234	0.55378	0.00673	0.00334	0.00605
6	0.00846	0.00564	0.00634	0.00634	0.00634	0.00564	0.00352	0.00846	0.00846	0.01128	0.01832	0.03805	0.02114	0.79563	0.02960	0.00564	0.00564	0.00846	0.00352	0.00352
7	0.00963	0.00715	0.00993	0.00954	0.01086	0.00819	0.00739	0.07954	0.01100	0.01556	0.01560	0.02296	0.01451	0.08746	0.65303	0.00839	0.01408	0.00628	0.00340	0.00553
8	0.02193	0.02158	0.01700	0.01412	0.01801	0.36751	0.01114	0.40787	0.02231	0.02626	0.01166	0.01235	0.00878	0.00652	0.00555	0.00163	0.00829	0.00455	0.00451	0.00843
9	0.01657	0.01418	0.01766	0.01449	0.01640	0.01790	0.01204	0.31169	0.01647	0.02328	0.01023	0.01323	0.00856	0.00887	0.01364	0.00222	0.46571	0.00515	0.00389	0.00781
10	0.00687	0.00589	0.00589	0.00589	0.00785	0.00491	0.00442	0.00835	0.01325	0.01571	0.05891	0.05596	0.75700	0.01473	0.00687	0.00196	0.00295	0.01227	0.00540	0.00491
11	0.00819	0.00594	0.00772	0.00727	0.00866	0.00547	0.00546	0.01090	0.01637	0.02310	0.73617	0.04380	0.07513	0.01197	0.00686	0.00183	0.00275	0.01057	0.00637	0.00547
12	0.02211	0.01629	0.01745	0.01338	0.01803	0.01803	0.01105	0.73997	0.02734	0.03665	0.01396	0.01396	0.00989	0.00698	0.00582	0.00175	0.00640	0.00524	0.00582	0.00989
13	0.02172	0.02772	0.01648	0.01498	0.01798	0.77228	0.01124	0.02322	0.01648	0.01423	0.00899	0.01049	0.00749	0.00599	0.00524	0.00150	0.01049	0.00375	0.00300	0.00674
14	0.01555	0.79913	0.03047	0.00995	0.01493	0.02301	0.00995	0.01741	0.01182	0.01368	0.00808	0.00933	0.00746	0.00498	0.00373	0.00124	0.00622	0.00311	0.00249	0.00746
15	0.01990	0.01519	0.01621	0.01293	0.01719	0.01700	0.01052	0.53511	0.23580	0.03309	0.01677	0.01620	0.01216	0.00724	0.00585	0.00181	0.00588	0.00562	0.00585	0.00969
16	0.01673	0.01362	0.01442	0.01229	0.01598	0.01552	0.00975	0.24083	0.53524	0.02797	0.02079	0.01941	0.01542	0.00762	0.00589	0.00191	0.00513	0.00618	0.00589	0.00941
17	0.00788	0.00567	0.00746	0.00756	0.00861	0.00525	0.00546	0.01009	0.01483	0.02072	0.53456	0.27257	0.04985	0.01383	0.00703	0.00199	0.00294	0.01236	0.00609	0.00525
18	0.00883	0.00755	0.00778	0.00744	0.00971	0.00733	0.00566	0.01410	0.19791	0.01816	0.07676	0.04689	0.54467	0.01290	0.00663	0.00196	0.00335	0.01078	0.00557	0.00601
19	0.00818	0.00594	0.00770	0.00726	0.00866	0.00546	0.00545	0.01087	0.01634	0.02303	0.72959	0.04392	0.08175	0.01200	0.00686	0.00183	0.00275	0.01058	0.00636	0.00546
20	0.01354	0.01294	0.02206	0.22282	0.57891	0.01359	0.01742	0.01710	0.01284	0.01796	0.01079	0.01467	0.00885	0.00534	0.00577	0.00178	0.00712	0.00518	0.00280	0.00852
21	0.02179	0.02565	0.01665	0.01469	0.01799	0.63613	0.01120	0.15261	0.01844	0.01828	0.00989	0.01111	0.00792	0.00617	0.00535	0.00154	0.00975	0.00401	0.00351	0.00731
22	0.01373	0.01569	0.03431	0.02451	0.03039	0.01471	0.73824	0.01863	0.01373	0.01863	0.01176	0.01569	0.00882	0.00490	0.00686	0.00196	0.00980	0.00686	0.00294	0.00784
23	0.01206	0.01034	0.01206	0.00861	0.01378	0.00775	0.00689	0.01464	0.01206	0.01895	0.01034	0.01206	0.00861	0.00431	0.00431	0.00086	0.00431	0.00345	0.00345	0.83118
24	0.00823	0.00594	0.00777	0.00732	0.00869	0.00549	0.00549	0.01097	0.01646	0.02332	0.75629	0.04344	0.05487	0.01189	0.00686	0.00183	0.00274	0.01052	0.00640	0.00549
25	0.02172	0.02772	0.01648	0.01498	0.01798	0.77228	0.01124	0.02322	0.01648	0.01423	0.00899	0.01049	0.00749	0.00599	0.00524	0.00150	0.01049	0.00375	0.00300	0.00674
26	0.00831	0.00623	0.00935	0.00935	0.01038	0.00727	0.00727	0.01038	0.00935	0.01350	0.01558	0.02285	0.01454	0.04361	0.77259	0.00935	0.01558	0.00623	0.00312	0.00519
27	0.02019	0.01534	0.01637	0.01299	0.01730	0.01714	0.01059	0.56209	0.20834	0.03356	0.01640	0.01590	0.01186	0.00721	0.00584	0.00180	0.00595	0.00557	0.00584	0.00972
28	0.00846	0.00564	0.00634	0.00634	0.00634	0.00564	0.00352	0.00846	0.00846	0.01128	0.01832	0.03805	0.02114	0.79563	0.02960	0.00564	0.00564	0.00846	0.00352	0.00352
29	0.02106	0.01577	0.01686	0.01317	0.01763	0.01754	0.01080	0.64279	0.12622	0.03496	0.01529	0.01502	0.01097	0.00711	0.00583	0.00178	0.00615	0.00542	0.00583	0.00980
30	0.01084	0.00542	0.00542	0.00542	0.00678	0.00542	0.00407	0.01355	0.01220	0.02168	0.01897	0.02168	0.01491	0.00678	0.00407	0.00136	0.00271	0.00542	0.82791	0.00542
31	0.01446	0.01209	0.01293	0.01146	0.01466	0.01377	0.00895	0.09385	0.59900	0.02534	0.10629	0.02346	0.02126	0.00826	0.00602	0.00194	0.00456	0.00690	0.00596	0.00884
32	0.00831	0.00623	0.00935	0.00935	0.01038	0.00727	0.00727	0.01038	0.00935	0.01350	0.01558	0.02285	0.01454	0.04361	0.77259	0.00935	0.01558	0.00623	0.00312	0.00519
33	0.01283	0.01299	0.01886	0.17403	0.05519	0.04402	0.05373	0.01494	0.01021	0.01466	0.00862	0.01345	0.00779	0.00861	0.01457	0.00231	0.51881	0.00516	0.00261	0.00661
34	0.02343	0.01416	0.01614	0.01237	0.01697	0.01488	0.01022	0.50328	0.02378	0.27836	0.01695	0.01590	0.01139	0.00705	0.00583	0.00176	0.00592	0.00544	0.00628	0.00989
35	0.01838	0.01393	0.01369	0.01189	0.01544	0.11683	0.00932	0.02921	0.46480	0.20834	0.02147	0.01968	0.01550	0.00746	0.00581	0.00186	0.00550	0.00600	0.00584	0.00904
36	0.00831	0.00623	0.00935	0.00935	0.01038	0.00727	0.00727	0.01038	0.00935	0.01350	0.01558	0.02285	0.01454	0.04361	0.77259	0.00935	0.01558	0.00623	0.00312	0.00519
37	0.00709	0.00506	0.00675	0.00810	0.00843	0.00472	0.00540	0.00810	0.01113	0.01484	0.03205	0.79184	0.03846	0.01822	0.00742	0.00236	0.00337	0.01653	0.00540	0.00472
38	0.00817	0.00589	0.00772	0.00736	0.00867	0.00544	0.00548	0.01081	0.01616	0.02284	0.71524	0.08585	0.05394	0.01225	0.00689	0.00186	0.00278	0.01086	0.00634	0.00544
39	0.02159	0.04582	0.01687	0.01477	0.01791	0.71237	0.01119	0.06272	0.01697	0.01546	0.00924	0.01065	0.00762	0.00602	0.00524	0.00151	0.01016	0.00381	0.00314	0.00693
40	0.01563	0.01841	0.02818	0.02119	0.02576	0.20506	0.48294	0.01931	0.01393	0.01706	0.01065	0.01408	0.00837	0.00571	0.00768	0.00190	0.08789	0.00590	0.00292	0.00742
41	0.07092	0.00997	0.01322	0.01020	0.01465	0.00880	0.00842	0.02772	0.01627	0.72261	0.02212	0.01922	0.01395	0.00710	0.00572	0.00180	0.00492	0.00570	0.00700	0.00970
42	0.02161	0.00891	0.01206	0.00959	0.01330	0.00778	0.00778	0.02398	0.01660	0.57773	0.20691	0.02572	0.02455	0.00837	0.00610	0.00181	0.00440	0.00702	0.00700	0.00879
43	0.00846	0.00564	0.00634	0.00634	0.00634	0.00564	0.00352	0.00846	0.00846	0.01128	0.01832	0.03805	0.02114	0.79563	0.02960	0.00564	0.00564	0.00846	0.00352	0.00352
44	0.01719	0.60275	0.02721	0.01081	0.01571	0.02176	0.01023	0.19867	0.01571	0.01944	0.00956	0.01049	0.00807	0.00548	0.00425	0.00137	0.00626	0.00364	0.00332	0.00807
45	0.01373	0.01569	0.03431	0.02451	0.03039	0.01471	0.73824	0.01863	0.01373	0.01863	0.01176	0.01569	0.00882	0.00490	0.00686	0.00196	0.00980	0.00686	0.00294	0.00784

[dist]
# distance from previous block
# <min> <max>
0	10

[block]
# block no. 2 follows, 40 sequences, length 60
# corresponding to MSA columns:
# 149-208
name=unknown_C
#
# <colnr> <probs for GDERKNQSTAVLIFYWHMCP>
#	G	D	E	R	K	N	Q	S	T	A	V	L	I	F	Y	W	H	M	C	P
0	0.01098	0.01034	0.01744	0.78165	0.04005	0.01292	0.01615	0.01486	0.01163	0.01486	0.01034	0.01550	0.00775	0.00581	0.00581	0.00194	0.00775	0.00517	0.00258	0.00646
1	0.00823	0.00594	0.00777	0.00732	0.00869	0.00549	0.00549	0.01097	0.01646	0.02332	0.75629	0.04344	0.05487	0.01189	0.00686	0.00183	0.00274	0.01052	0.00640	0.00549
2	0.02609	0.00990	0.01350	0.01035	0.01484	0.00855	0.00855	0.02834	0.01664	0.76338	0.02294	0.01979	0.01439	0.00720	0.00585	0.00180	0.00495	0.00585	0.00720	0.00990
3	0.01446	0.01249	0.01315	0.01183	0.01512	0.01446	0.00920	0.03090	0.74885	0.02433	0.02367	0.02170	0.01775	0.00789	0.00592	0.00197	0.00460	0.00657	0.00592	0.00920
4	0.00823	0.00594	0.00777	0.00732	0.00869	0.00549	0.00549	0.01097	0.01646	0.02332	0.75629	0.04344	0.05487	0.01189	0.00686	0.00183	0.00274	0.01052	0.00640	0.00549
5	0.01186	0.01146	0.01616	0.01411	0.01431	0.01575	0.01166	0.01329	0.00899	0.01390	0.00918	0.01470	0.00898	0.01671	0.16619	0.00387	0.63477	0.00531	0.00266	0.00613
6	0.00823	0.00594	0.00777	0.00732	0.00869	0.00549	0.00549	0.01097	0.01646	0.02332	0.75629	0.04344	0.05487	0.01189	0.00686	0.00183	0.00274	0.01052	0.00640	0.00549
7	0.01582	0.01653	0.02221	0.03165	0.61462	0.16189	0.01656	0.01890	0.01387	0.01807	0.01056	0.01363	0.00888	0.00534	0.00566	0.00168	0.00761	0.00490	0.00290	0.00873
8	0.02172	0.02772	0.01648	0.01498	0.01798	0.77228	0.01124	0.02322	0.01648	0.01423	0.00899	0.01049	0.00749	0.00599	0.00524	0.00150	0.01049	0.00375	0.00300	0.00674
9	0.83671	0.01125	0.00855	0.00765	0.01125	0.01305	0.00630	0.01709	0.00990	0.02609	0.00810	0.00945	0.00630	0.00540	0.00360	0.00180	0.00450	0.00315	0.00360	0.00630
10	0.02211	0.01629	0.01745	0.01338	0.01803	0.01803	0.01105	0.73997	0.02734	0.03665	0.01396	0.01396	0.00989	0.00698	0.00582	0.00175	0.00640	0.00524	0.00582	0.00989
11	0.01087	0.00801	0.01010	0.01053	0.01229	0.00828	0.00876	0.10407	0.06580	0.01984	0.02944	0.17014	0.05744	0.01464	0.00747	0.00243	0.00503	0.44331	0.00546	0.00608
12	0.83671	0.01125	0.00855	0.00765	0.01125	0.01305	0.00630	0.01709	0.00990	0.02609	0.00810	0.00945	0.00630	0.00540	0.00360	0.00180	0.00450	0.00315	0.00360	0.00630
13	0.01625	0.01338	0.01416	0.01220	0.01580	0.01530	0.00964	0.19691	0.57993	0.02721	0.02140	0.01989	0.01591	0.00768	0.00589	0.00192	0.00502	0.00626	0.00589	0.00936
14	0.00846	0.00564	0.00634	0.00634	0.00634	0.00564	0.00352	0.00846	0.00846	0.01128	0.01832	0.03805	0.02114	0.79563	0.02960	0.00564	0.00564	0.00846	0.00352	0.00352
15	0.01178	0.02648	0.61991	0.11127	0.08080	0.01346	0.02057	0.01794	0.01227	0.01802	0.01046	0.01283	0.00755	0.00553	0.00558	0.00184	0.00837	0.00447	0.00250	0.00838
16	0.02211	0.01629	0.01745	0.01338	0.01803	0.01803	0.01105	0.73997	0.02734	0.03665	0.01396	0.01396	0.00989	0.00698	0.00582	0.00175	0.00640	0.00524	0.00582	0.00989
17	0.01373	0.01569	0.03431	0.02451	0.03039	0.01471	0.73824	0.01863	0.01373	0.01863	0.01176	0.01569	0.00882	0.00490	0.00686	0.00196	0.00980	0.00686	0.00294	0.00784
18	0.00709	0.00506	0.00675	0.00810	0.00843	0.00472	0.00540	0.00810	0.01113	0.01484	0.03205	0.79184	0.03846	0.01822	0.00742	0.00236	0.00337	0.01653	0.00540	0.00472
19	0.02211	0.01629	0.01745	0.01338	0.01803	0.01803	0.01105	0.73997	0.02734	0.03665	0.01396	0.01396	0.00989	0.00698	0.00582	0.00175	0.00640	0.00524	0.00582	0.00989
20	0.00753	0.00538	0.00726	0.00861	0.00914	0.00511	0.00617	0.00887	0.01157	0.01534	0.03181	0.65005	0.03749	0.01780	0.00754	0.00242	0.00376	0.15391	0.00539	0.00485
21	0.02172	0.02772	0.01648	0.01498	0.01798	0.77228	0.01124	0.02322	0.01648	0.01423	0.00899	0.01049	0.00749	0.00599	0.00524	0.00150	0.01049	0.00375	0.00300	0.00674
22	0.00841	0.00570	0.00662	0.00653	0.00680	0.00561	0.00391	0.00895	0.01002	0.01363	0.16240	0.03911	0.02773	0.64262	0.02516	0.00489	0.00507	0.00886	0.00409	0.00391
23	0.00834	0.00611	0.00876	0.00876	0.00960	0.00695	0.00654	0.01001	0.00917	0.01307	0.01611	0.02581	0.01583	0.19043	0.62753	0.00862	0.01364	0.00667	0.00319	0.00487
24	0.01620	0.01294	0.01382	0.01200	0.01555	0.01472	0.00945	0.13847	0.60328	0.06251	0.02216	0.02043	0.01639	0.00772	0.00590	0.00193	0.00489	0.00634	0.00596	0.00934
25	0.01987	0.02472	0.01528	0.01393	0.01670	0.66692	0.01045	0.02154	0.01648	0.01548	0.11168	0.01501	0.01400	0.00680	0.00547	0.00154	0.00942	0.00468	0.00346	0.00657
26	0.02477	0.01202	0.01481	0.01136	0.01591	0.01170	0.00938	0.26506	0.02020	0.52164	0.01995	0.01785	0.01290	0.00713	0.00584	0.00178	0.00543	0.00564	0.00674	0.00989
27	0.01600	0.01328	0.02221	0.03221	0.65705	0.01309	0.01657	0.01929	0.01371	0.12129	0.01259	0.01513	0.00992	0.00546	0.00577	0.00174	0.00664	0.00527	0.00347	0.00931
28	0.00846	0.00564	0.00634	0.00634	0.00634	0.00564	0.00352	0.00846	0.00846	0.01128	0.01832	0.03805	0.02114	0.79563	0.02960	0.00564	0.00564	0.00846	0.00352	0.00352
29	0.01602	0.01192	0.01322	0.01134	0.01433	0.01293	0.00886	0.41323	0.08674	0.02771	0.02133	0.29381	0.02085	0.01110	0.00640	0.00199	0.00515	0.00941	0.00568	0.00797
30	0.01259	0.01061	0.01135	0.01052	0.01303	0.05107	0.00836	0.10910	0.24624	0.02078	0.02718	0.03233	0.14594	0.01696	0.15600	0.00345	0.00710	0.10524	0.00504	0.00710
31	0.01603	0.01254	0.02074	0.02471	0.40009	0.01177	0.09987	0.01924	0.01380	0.16417	0.01487	0.01664	0.03463	0.00573	0.00574	0.00166	0.00638	0.00551	0.00389	0.12199
32	0.01408	0.01350	0.02304	0.10435	0.69316	0.01373	0.01769	0.01757	0.01309	0.01862	0.01088	0.01449	0.00908	0.00524	0.00576	0.00175	0.00699	0.00518	0.00285	0.00896
33	0.01271	0.17824	0.52152	0.01637	0.02389	0.01553	0.11773	0.01825	0.01239	0.01752	0.01016	0.01217	0.00759	0.00533	0.00536	0.00174	0.00830	0.00442	0.00253	0.00827
34	0.02395	0.01049	0.01353	0.01064	0.01492	0.00977	0.00870	0.06332	0.11778	0.61185	0.03674	0.02022	0.01542	0.00737	0.00588	0.00182	0.00493	0.00601	0.00694	0.00972
35	0.01153	0.00973	0.01147	0.00843	0.01308	0.00744	0.00670	0.01414	0.01266	0.01955	0.11284	0.01637	0.01497	0.00535	0.00466	0.00099	0.00409	0.00442	0.00385	0.71772
36	0.00865	0.00567	0.00710	0.00710	0.00730	0.00588	0.00446	0.00871	0.00851	0.01155	0.01666	0.03229	0.01834	0.54226	0.17371	0.11975	0.00750	0.00755	0.00331	0.00371
37	0.00844	0.00625	0.00791	0.00744	0.00894	0.00587	0.00560	0.01175	0.05070	0.02291	0.68008	0.04317	0.09517	0.01187	0.00682	0.00184	0.00284	0.01044	0.00632	0.00563
38	0.00725	0.00538	0.00676	0.00753	0.00837	0.00490	0.00522	0.00866	0.01250	0.01653	0.16682	0.51433	0.18168	0.01640	0.00721	0.00219	0.00318	0.01462	0.00558	0.00490
39	0.01242	0.18022	0.62200	0.01528	0.02317	0.01536	0.01923	0.01822	0.01219	0.01749	0.00998	0.01170	0.00739	0.00542	0.00517	0.00172	0.00813	0.00407	0.00246	0.00837
40	0.01680	0.01273	0.01378	0.01188	0.01549	0.01430	0.00939	0.12805	0.56897	0.10751	0.02225	0.02042	0.01630	0.00769	0.00590	0.00192	0.00489	0.00631	0.00604	0.00937
41	0.02002	0.01771	0.11986	0.01363	0.01865	0.01691	0.01231	0.60651	0.02443	0.03306	0.01355	0.01415	0.00976	0.00850	0.04183	0.00212	0.00713	0.00515	0.00523	0.00949
42	0.01420	0.13651	0.55779	0.01478	0.02230	0.01417	0.01807	0.01964	0.01281	0.12011	0.01182	0.01289	0.00835	0.00568	0.00531	0.00175	0.00776	0.00434	0.00311	0.00861
43	0.00687	0.00589	0.00589	0.00589	0.00785	0.00491	0.00442	0.00835	0.01325	0.01571	0.05891	0.05596	0.75700	0.01473	0.00687	0.00196	0.00295	0.01227	0.00540	0.00491
44	0.72312	0.01039	0.00841	0.00764	0.01074	0.01195	0.00613	0.01579	0.00958	0.02389	0.00837	0.01058	0.00682	0.00743	0.00623	0.11572	0.00457	0.00341	0.00345	0.00578
45	0.02034	0.01560	0.01790	0.01630	0.11963	0.01712	0.01181	0.57489	0.09241	0.03308	0.01445	0.01474	0.01053	0.00682	0.00582	0.00176	0.00630	0.00535	0.00542	0.00973
46	0.01426	0.54331	0.27498	0.01215	0.01833	0.01985	0.01379	0.01775	0.01197	0.01526	0.00887	0.01031	0.00743	0.00516	0.00433	0.00144	0.00701	0.00350	0.00248	0.00784
47	0.00744	0.00537	0.00704	0.00778	0.00850	0.00497	0.00539	0.00901	0.01288	0.01754	0.26057	0.53246	0.06719	0.01611	0.00723	0.00218	0.00316	0.01450	0.00571	0.00497
48	0.00814	0.00550	0.00644	0.00675	0.00682	0.00543	0.00396	0.00837	0.00907	0.01210	0.02148	0.21163	0.02513	0.61661	0.02449	0.00488	0.00512	0.01032	0.00396	0.00380
49	0.02038	0.01021	0.01253	0.00981	0.01391	0.00932	0.00800	0.14013	0.01731	0.42883	0.02732	0.02518	0.15810	0.00836	0.00590	0.00174	0.00474	0.00678	0.00627	0.08519
50	0.76009	0.01300	0.07884	0.00848	0.01254	0.01309	0.00771	0.01722	0.01012	0.02538	0.00831	0.00971	0.00640	0.00541	0.00378	0.00180	0.00488	0.00326	0.00349	0.00651
51	0.00999	0.00884	0.00858	0.00812	0.00970	0.11070	0.00603	0.01183	0.01501	0.01936	0.44815	0.03896	0.18128	0.01240	0.00811	0.07879	0.00406	0.00942	0.00538	0.00527
52	0.01313	0.13554	0.59494	0.01552	0.02309	0.08527	0.01895	0.01872	0.01260	0.01738	0.00998	0.01171	0.00739	0.00549	0.00525	0.00173	0.00844	0.00408	0.00251	0.00827
53	0.02266	0.08264	0.01429	0.00989	0.01401	0.00947	0.00826	0.02494	0.01617	0.59207	0.12233	0.02207	0.01931	0.00764	0.00579	0.00175	0.00476	0.00624	0.00665	0.00906
54	0.01351	0.01287	0.02223	0.03062	0.58819	0.01278	0.08278	0.01663	0.01263	0.01790	0.01203	0.01776	0.01081	0.11378	0.00914	0.00229	0.00700	0.00579	0.00297	0.00830
55	0.64628	0.00995	0.00805	0.00731	0.01039	0.01130	0.00592	0.01604	0.01082	0.02523	0.07907	0.01428	0.01199	0.00619	0.00397	0.00174	0.00409	0.00415	0.11713	0.00610
56	0.00867	0.00618	0.00769	0.00835	0.00904	0.00609	0.00567	0.07611	0.01227	0.01638	0.02848	0.61602	0.03343	0.12400	0.01032	0.00275	0.00397	0.01437	0.00518	0.00504
57	0.01904	0.01614	0.08533	0.01265	0.01730	0.01581	0.01111	0.57242	0.02401	0.03208	0.01981	0.01958	0.11232	0.00791	0.00594	0.00178	0.00613	0.00612	0.00545	0.00908
58	0.01141	0.03631	0.00949	0.00826	0.01050	0.13878	0.00633	0.04885	0.03459	0.01855	0.13933	0.03712	0.34464	0.01084	0.00602	0.00175	0.00451	0.00881	0.11809	0.00582
59	0.01114	0.01056	0.01748	0.71048	0.03775	0.01337	0.01583	0.01478	0.01138	0.01478	0.01008	0.01525	0.00774	0.00622	0.00705	0.00199	0.07993	0.00516	0.00258	0.00645

[dist]
# distance from previous block
# <min> <max>
0	143

# created by:
# /software/SequenceAnalysis/GenePrediction/augustus/3.0.1/scripts/msa2prfl.pl ./fixed/BUSCOvEOG7Z37V2.fas
