[name]
unknown

[dist]
# distance from previous block
# <min> <max>
0	215

[block]
# block no. 0 follows, 39 sequences, length 18
# corresponding to MSA columns:
# 243-260
name=unknown_A
#
# <colnr> <probs for GDERKNQSTAVLIFYWHMCP>
#	G	D	E	R	K	N	Q	S	T	A	V	L	I	F	Y	W	H	M	C	P
0	0.10638	0.00963	0.01239	0.00980	0.01383	0.00872	0.00802	0.02515	0.01620	0.58023	0.12515	0.02246	0.01964	0.00781	0.00586	0.00183	0.00467	0.00634	0.00683	0.00905
1	0.02653	0.01006	0.01372	0.01052	0.01510	0.00869	0.00869	0.02882	0.01693	0.75937	0.02333	0.02013	0.01464	0.00732	0.00595	0.00183	0.00503	0.00595	0.00732	0.01006
2	0.01337	0.01138	0.01392	0.01198	0.09005	0.00940	0.00850	0.07607	0.01370	0.02080	0.01088	0.01267	0.00893	0.00470	0.00466	0.00104	0.00483	0.00384	0.00365	0.67563
3	0.01552	0.10085	0.01340	0.00954	0.01291	0.01116	0.00779	0.09282	0.14957	0.18541	0.12206	0.03091	0.20439	0.00969	0.00610	0.00184	0.00447	0.00793	0.00582	0.00781
4	0.01429	0.01222	0.01306	0.01194	0.01512	0.01406	0.00937	0.02986	0.68483	0.02416	0.02466	0.02571	0.01936	0.00870	0.00619	0.00206	0.00474	0.06464	0.00597	0.00904
5	0.01226	0.01051	0.01226	0.00876	0.01401	0.00788	0.00701	0.01489	0.01226	0.01927	0.01051	0.01226	0.00876	0.00438	0.00438	0.00088	0.00438	0.00350	0.00350	0.82832
6	0.01226	0.01051	0.01226	0.00876	0.01401	0.00788	0.00701	0.01489	0.01226	0.01927	0.01051	0.01226	0.00876	0.00438	0.00438	0.00088	0.00438	0.00350	0.00350	0.82832
7	0.01370	0.01047	0.01241	0.00894	0.01412	0.00796	0.00718	0.01630	0.01273	0.09399	0.01181	0.01306	0.00935	0.00468	0.00454	0.00097	0.00445	0.00375	0.00389	0.74571
8	0.01237	0.01033	0.01205	0.00900	0.01373	0.00820	0.00711	0.05765	0.01310	0.01993	0.01296	0.09072	0.01190	0.00597	0.00479	0.00108	0.00441	0.00496	0.00385	0.69587
9	0.07985	0.09341	0.23097	0.01050	0.01460	0.01042	0.01087	0.01456	0.01445	0.02150	0.39711	0.02848	0.03262	0.00893	0.00598	0.00180	0.00504	0.00745	0.00469	0.00678
10	0.01585	0.01517	0.02322	0.03249	0.61991	0.05780	0.03468	0.09172	0.01513	0.02087	0.01134	0.01440	0.00933	0.00550	0.00586	0.00175	0.00725	0.00523	0.00324	0.00926
11	0.01200	0.01195	0.02200	0.51991	0.03599	0.01369	0.20588	0.01605	0.01226	0.01625	0.01097	0.01582	0.00835	0.00592	0.00685	0.00199	0.04850	0.00571	0.02300	0.00691
12	0.09554	0.01107	0.01798	0.51105	0.13031	0.01288	0.05614	0.01555	0.01196	0.01706	0.01177	0.06155	0.00987	0.00649	0.00583	0.00196	0.00728	0.00584	0.00297	0.00690
13	0.01744	0.33070	0.03524	0.01175	0.01584	0.24329	0.01014	0.04271	0.01403	0.06030	0.01062	0.01233	0.00893	0.00954	0.08263	0.00221	0.00841	0.00397	0.00323	0.07668
14	0.08119	0.09031	0.01812	0.30922	0.02551	0.03253	0.08551	0.01674	0.03765	0.06351	0.07540	0.06831	0.01471	0.00746	0.00654	0.00192	0.04845	0.00632	0.00367	0.00692
15	0.01210	0.05310	0.29866	0.19274	0.02662	0.01281	0.10802	0.01690	0.01260	0.01797	0.03600	0.01460	0.00966	0.00557	0.00560	0.00170	0.00758	0.00491	0.00292	0.15992
16	0.01937	0.01045	0.01342	0.11049	0.01776	0.03467	0.00947	0.02315	0.07611	0.39343	0.08199	0.02353	0.01789	0.00782	0.00599	0.00181	0.00533	0.05004	0.00589	0.09138
17	0.08049	0.00731	0.00884	0.00858	0.01071	0.00668	0.00650	0.01313	0.01269	0.11624	0.05018	0.34979	0.10198	0.01332	0.00658	0.00205	0.00400	0.08239	0.00535	0.11316

[dist]
# distance from previous block
# <min> <max>
36	54

[block]
# block no. 1 follows, 39 sequences, length 9
# corresponding to MSA columns:
# 327-335
name=unknown_B
#
# <colnr> <probs for GDERKNQSTAVLIFYWHMCP>
#	G	D	E	R	K	N	Q	S	T	A	V	L	I	F	Y	W	H	M	C	P
0	0.01226	0.01051	0.01226	0.00876	0.01401	0.00788	0.00701	0.01489	0.01226	0.01927	0.01051	0.01226	0.00876	0.00438	0.00438	0.00088	0.00438	0.00350	0.00350	0.82832
1	0.01226	0.01051	0.01226	0.00876	0.01401	0.00788	0.00701	0.01489	0.01226	0.01927	0.01051	0.01226	0.00876	0.00438	0.00438	0.00088	0.00438	0.00350	0.00350	0.82832
2	0.01226	0.01051	0.01226	0.00876	0.01401	0.00788	0.00701	0.01489	0.01226	0.01927	0.01051	0.01226	0.00876	0.00438	0.00438	0.00088	0.00438	0.00350	0.00350	0.82832
3	0.00814	0.00597	0.00763	0.00736	0.00873	0.00546	0.00547	0.01066	0.01597	0.02225	0.62517	0.10696	0.12236	0.01290	0.00702	0.00192	0.00286	0.01137	0.00633	0.00546
4	0.01226	0.01051	0.01226	0.00876	0.01401	0.00788	0.00701	0.01489	0.01226	0.01927	0.01051	0.01226	0.00876	0.00438	0.00438	0.00088	0.00438	0.00350	0.00350	0.82832
5	0.01437	0.01232	0.01783	0.51101	0.06896	0.01457	0.01485	0.19776	0.05202	0.02138	0.01214	0.01563	0.00901	0.00628	0.00592	0.00191	0.00734	0.00534	0.00364	0.00772
6	0.01117	0.01051	0.01774	0.77795	0.04073	0.01314	0.01642	0.01511	0.01182	0.01511	0.01051	0.01577	0.00788	0.00591	0.00591	0.00197	0.00788	0.00526	0.00263	0.00657
7	0.45446	0.01373	0.01184	0.01001	0.01369	0.07638	0.00810	0.22020	0.01630	0.02829	0.08484	0.01447	0.01251	0.00666	0.00477	0.00179	0.00544	0.00461	0.00453	0.00739
8	0.01784	0.01194	0.01495	0.01513	0.12590	0.01256	0.01046	0.06882	0.34291	0.21927	0.05193	0.02251	0.01752	0.00784	0.00609	0.00193	0.00518	0.03204	0.00589	0.00929

[dist]
# distance from previous block
# <min> <max>
6	27

[block]
# block no. 2 follows, 39 sequences, length 6
# corresponding to MSA columns:
# 363-368
name=unknown_C
#
# <colnr> <probs for GDERKNQSTAVLIFYWHMCP>
#	G	D	E	R	K	N	Q	S	T	A	V	L	I	F	Y	W	H	M	C	P
0	0.01497	0.01419	0.02407	0.07863	0.59414	0.01440	0.07839	0.07268	0.01450	0.02040	0.01139	0.01478	0.00930	0.00542	0.00596	0.00179	0.00729	0.00542	0.00314	0.00913
1	0.01585	0.01124	0.04807	0.14865	0.01978	0.01071	0.05988	0.13355	0.01731	0.19271	0.24924	0.02539	0.02503	0.00831	0.00632	0.00187	0.00557	0.00723	0.00548	0.00781
2	0.01647	0.01112	0.01297	0.01040	0.01439	0.01056	0.00824	0.18936	0.07890	0.15018	0.01862	0.15109	0.01619	0.00832	0.00571	0.00162	0.00486	0.00696	0.00530	0.27874
3	0.02393	0.01383	0.01447	0.01163	0.01578	0.13492	0.00937	0.11644	0.05566	0.47763	0.05018	0.01893	0.01479	0.00732	0.00589	0.00178	0.00603	0.00575	0.00634	0.00931
4	0.01360	0.01130	0.01298	0.00939	0.01458	0.00925	0.00756	0.10920	0.01430	0.02163	0.01099	0.01252	0.00893	0.00474	0.00458	0.00099	0.00466	0.00374	0.00382	0.72124
5	0.06919	0.02436	0.50997	0.10106	0.05278	0.01350	0.07362	0.01872	0.01261	0.05433	0.01117	0.01336	0.00798	0.00566	0.00564	0.00188	0.00821	0.00469	0.00288	0.00837

[dist]
# distance from previous block
# <min> <max>
15	59

[block]
# block no. 3 follows, 39 sequences, length 9
# corresponding to MSA columns:
# 439-447
name=unknown_D
#
# <colnr> <probs for GDERKNQSTAVLIFYWHMCP>
#	G	D	E	R	K	N	Q	S	T	A	V	L	I	F	Y	W	H	M	C	P
0	0.01136	0.00836	0.01054	0.01018	0.01144	0.00802	0.03822	0.08318	0.01430	0.01948	0.12761	0.38233	0.03396	0.19484	0.01316	0.00331	0.00510	0.01272	0.00566	0.00623
1	0.22039	0.12636	0.04812	0.04193	0.01747	0.08110	0.01040	0.09845	0.01625	0.25481	0.01565	0.01630	0.01145	0.00741	0.00574	0.00204	0.00661	0.00506	0.00532	0.00914
2	0.02065	0.01423	0.01587	0.01279	0.01685	0.05274	0.01016	0.19298	0.07966	0.21093	0.04207	0.01898	0.01439	0.00821	0.00768	0.00200	0.08354	0.00584	0.00582	0.18461
3	0.00943	0.08563	0.01068	0.00837	0.01068	0.00752	0.00628	0.01103	0.01184	0.01620	0.02650	0.43315	0.09040	0.01299	0.00625	0.00183	0.00394	0.01141	0.00465	0.23120
4	0.02011	0.01548	0.01486	0.01197	0.01593	0.12792	0.00961	0.37138	0.05191	0.10189	0.01521	0.01556	0.01111	0.00678	0.00547	0.00163	0.00622	0.00511	0.12202	0.06984
5	0.00918	0.00681	0.00840	0.00837	0.00982	0.00642	0.00605	0.07345	0.01445	0.01972	0.22632	0.41642	0.08901	0.01460	0.00700	0.00207	0.00356	0.01297	0.00567	0.05972
6	0.21442	0.16522	0.24142	0.03318	0.01834	0.01493	0.01278	0.07318	0.01367	0.14428	0.01197	0.01272	0.00864	0.00588	0.00489	0.00174	0.00647	0.00422	0.00385	0.00822
7	0.05495	0.09440	0.16487	0.01227	0.01676	0.01434	0.01152	0.04043	0.37881	0.06076	0.01937	0.07505	0.01552	0.00784	0.00571	0.00191	0.00562	0.00638	0.00487	0.00862
8	0.01648	0.01506	0.05351	0.01924	0.22477	0.04982	0.01271	0.16145	0.23673	0.04700	0.01626	0.01758	0.01258	0.00674	0.00582	0.00179	0.00618	0.02031	0.00465	0.07134

[dist]
# distance from previous block
# <min> <max>
5	15

[block]
# block no. 4 follows, 39 sequences, length 58
# corresponding to MSA columns:
# 463-520
name=unknown_E
#
# <colnr> <probs for GDERKNQSTAVLIFYWHMCP>
#	G	D	E	R	K	N	Q	S	T	A	V	L	I	F	Y	W	H	M	C	P
0	0.02191	0.04580	0.01357	0.01009	0.01426	0.00923	0.00825	0.02498	0.05917	0.53290	0.03720	0.06920	0.04044	0.00805	0.00587	0.00177	0.00480	0.00664	0.00651	0.07933
1	0.01467	0.02181	0.38278	0.04043	0.02277	0.01368	0.08696	0.17017	0.01627	0.05671	0.04633	0.01648	0.03503	0.00649	0.00589	0.00182	0.00755	0.00544	0.00381	0.04491
2	0.04105	0.01337	0.14296	0.01084	0.01495	0.01055	0.01002	0.02171	0.22567	0.13293	0.15918	0.02314	0.02157	0.00781	0.00576	0.00178	0.00490	0.00647	0.07205	0.07328
3	0.02135	0.02548	0.01360	0.01039	0.01462	0.00985	0.00846	0.10454	0.05058	0.44870	0.07127	0.05249	0.01725	0.00770	0.00584	0.00172	0.00490	0.00632	0.00637	0.11859
4	0.00828	0.00597	0.00782	0.00750	0.00881	0.00552	0.00557	0.01092	0.01630	0.02301	0.69361	0.10472	0.05444	0.01261	0.00702	0.00190	0.00284	0.01119	0.00643	0.00552
5	0.01226	0.01051	0.01226	0.00876	0.01401	0.00788	0.00701	0.01489	0.01226	0.01927	0.01051	0.01226	0.00876	0.00438	0.00438	0.00088	0.00438	0.00350	0.00350	0.82832
6	0.01184	0.01049	0.01682	0.38038	0.19240	0.01178	0.01448	0.04659	0.01317	0.01749	0.01626	0.08725	0.01545	0.00868	0.00643	0.00208	0.00684	0.13100	0.00357	0.00701
7	0.01506	0.01288	0.01357	0.01211	0.01551	0.01487	0.00945	0.06341	0.71203	0.02531	0.02362	0.02171	0.01769	0.00798	0.00601	0.00200	0.00476	0.00662	0.00601	0.00939
8	0.00770	0.00660	0.00667	0.00654	0.00866	0.00588	0.00494	0.01058	0.08031	0.01678	0.05663	0.05373	0.68570	0.01434	0.00690	0.00200	0.00315	0.01195	0.00554	0.00539
9	0.83394	0.01144	0.00869	0.00778	0.01144	0.01327	0.00640	0.01738	0.01006	0.02653	0.00823	0.00961	0.00640	0.00549	0.00366	0.00183	0.00457	0.00320	0.00366	0.00640
10	0.02653	0.01006	0.01372	0.01052	0.01510	0.00869	0.00869	0.02882	0.01693	0.75937	0.02333	0.02013	0.01464	0.00732	0.00595	0.00183	0.00503	0.00595	0.00732	0.01006
11	0.01186	0.03059	0.76153	0.01686	0.02560	0.01373	0.02185	0.01873	0.01249	0.01873	0.01061	0.01249	0.00749	0.00562	0.00562	0.00187	0.00874	0.00437	0.00250	0.00874
12	0.00721	0.00515	0.00686	0.00823	0.00858	0.00480	0.00549	0.00823	0.01132	0.01510	0.03259	0.78831	0.03911	0.01853	0.00755	0.00240	0.00343	0.01681	0.00549	0.00480
13	0.00911	0.00702	0.00867	0.00936	0.01110	0.00685	0.00785	0.01257	0.07304	0.01770	0.04019	0.05983	0.27064	0.01521	0.00760	0.00242	0.00457	0.42514	0.00551	0.00561
14	0.01186	0.03059	0.76153	0.01686	0.02560	0.01373	0.02185	0.01873	0.01249	0.01873	0.01061	0.01249	0.00749	0.00562	0.00562	0.00187	0.00874	0.00437	0.00250	0.00874
15	0.00721	0.00515	0.00686	0.00823	0.00858	0.00480	0.00549	0.00823	0.01132	0.01510	0.03259	0.78831	0.03911	0.01853	0.00755	0.00240	0.00343	0.01681	0.00549	0.00480
16	0.00831	0.00604	0.00782	0.00738	0.00880	0.00555	0.00553	0.01104	0.01660	0.02337	0.72155	0.04474	0.08662	0.01222	0.00698	0.00187	0.00280	0.01077	0.00646	0.00555
17	0.01117	0.01051	0.01774	0.77795	0.04073	0.01314	0.01642	0.01511	0.01182	0.01511	0.01051	0.01577	0.00788	0.00591	0.00591	0.00197	0.00788	0.00526	0.00263	0.00657
18	0.01194	0.01130	0.01913	0.61359	0.19908	0.01334	0.01681	0.01578	0.01219	0.01604	0.01065	0.01552	0.00821	0.00577	0.00590	0.00192	0.00769	0.00526	0.00269	0.00719
19	0.02209	0.02819	0.01676	0.01524	0.01828	0.76843	0.01143	0.02361	0.01676	0.01447	0.00914	0.01066	0.00762	0.00609	0.00533	0.00152	0.01066	0.00381	0.00305	0.00686
20	0.01471	0.01270	0.01337	0.01203	0.01538	0.01471	0.00936	0.03142	0.74459	0.02474	0.02407	0.02206	0.01805	0.00802	0.00602	0.00201	0.00468	0.00669	0.00602	0.00936
21	0.64223	0.01420	0.01070	0.00948	0.01293	0.12504	0.00765	0.04992	0.01179	0.02469	0.00861	0.01011	0.00680	0.00586	0.00470	0.00182	0.03975	0.00347	0.00362	0.00664
22	0.00721	0.00515	0.00686	0.00823	0.00858	0.00480	0.00549	0.00823	0.01132	0.01510	0.03259	0.78831	0.03911	0.01853	0.00755	0.00240	0.00343	0.01681	0.00549	0.00480
23	0.02248	0.01656	0.01775	0.01361	0.01834	0.01834	0.01124	0.73556	0.02780	0.03727	0.01420	0.01420	0.01006	0.00710	0.00592	0.00177	0.00651	0.00532	0.00592	0.01006
24	0.01141	0.01013	0.01402	0.01248	0.01290	0.01347	0.01014	0.01302	0.00953	0.01487	0.01157	0.01769	0.01096	0.05380	0.20337	0.00430	0.46817	0.00566	0.09658	0.00594
25	0.01223	0.09174	0.68403	0.01652	0.02489	0.01454	0.03927	0.01865	0.01249	0.01835	0.01046	0.01233	0.00754	0.00556	0.00551	0.00183	0.00858	0.00434	0.00251	0.00863
26	0.00721	0.00515	0.00686	0.00823	0.00858	0.00480	0.00549	0.00823	0.01132	0.01510	0.03259	0.78831	0.03911	0.01853	0.00755	0.00240	0.00343	0.01681	0.00549	0.00480
27	0.01616	0.01047	0.01100	0.00914	0.01203	0.01127	0.00732	0.33752	0.01931	0.02888	0.01701	0.01853	0.01287	0.00698	0.00493	0.00156	0.00444	0.00543	0.45762	0.00755
28	0.01117	0.01051	0.01774	0.77795	0.04073	0.01314	0.01642	0.01511	0.01182	0.01511	0.01051	0.01577	0.00788	0.00591	0.00591	0.00197	0.00788	0.00526	0.00263	0.00657
29	0.00837	0.00604	0.00790	0.00744	0.00883	0.00558	0.00558	0.01116	0.01674	0.02371	0.75216	0.04417	0.05580	0.01209	0.00697	0.00186	0.00279	0.01069	0.00651	0.00558
30	0.02605	0.01017	0.01371	0.01058	0.01511	0.00894	0.00872	0.02893	0.04662	0.72940	0.02336	0.02021	0.01478	0.00735	0.00595	0.00184	0.00502	0.00598	0.00727	0.01004
31	0.00766	0.00628	0.00678	0.00661	0.00851	0.00554	0.00497	0.01011	0.04415	0.01832	0.23641	0.05222	0.54369	0.01395	0.00695	0.00196	0.00301	0.01179	0.00577	0.00532
32	0.80005	0.01138	0.00890	0.00789	0.01159	0.01307	0.00650	0.01786	0.01035	0.05729	0.00887	0.01005	0.00675	0.00557	0.00376	0.00183	0.00459	0.00332	0.00381	0.00656
33	0.00829	0.00604	0.00780	0.00736	0.00879	0.00555	0.00552	0.01101	0.01655	0.02328	0.71281	0.04490	0.09542	0.01225	0.00698	0.00187	0.00280	0.01080	0.00645	0.00555
34	0.00809	0.00603	0.00752	0.00715	0.00866	0.00546	0.00536	0.01062	0.01608	0.02216	0.61298	0.04674	0.19594	0.01267	0.00698	0.00189	0.00283	0.01105	0.00631	0.00546
35	0.00827	0.00607	0.00776	0.00742	0.00888	0.00557	0.00562	0.01091	0.01626	0.02262	0.64705	0.04649	0.13113	0.01258	0.00703	0.00191	0.00292	0.03965	0.00636	0.00551
36	0.79976	0.01138	0.00890	0.00789	0.01159	0.01307	0.00650	0.01787	0.01035	0.05756	0.00887	0.01005	0.00675	0.00557	0.00376	0.00183	0.00459	0.00332	0.00381	0.00656
37	0.01279	0.01274	0.01808	0.07756	0.01758	0.01771	0.01322	0.01430	0.00928	0.01430	0.00799	0.01317	0.00777	0.00999	0.01831	0.00254	0.71841	0.00518	0.00259	0.00648
38	0.00704	0.00577	0.00621	0.00657	0.00814	0.00494	0.00475	0.00842	0.01292	0.01575	0.05289	0.24494	0.56938	0.01589	0.00713	0.00210	0.00311	0.01359	0.00549	0.00494
39	0.01396	0.01595	0.03490	0.02493	0.03091	0.01496	0.73380	0.01894	0.01396	0.01894	0.01196	0.01595	0.00897	0.00499	0.00698	0.00199	0.00997	0.00698	0.00299	0.00798
40	0.08897	0.01153	0.01369	0.01100	0.01523	0.01158	0.00895	0.10845	0.18947	0.44455	0.02124	0.01906	0.01426	0.00731	0.00577	0.00187	0.00508	0.00583	0.00656	0.00960
41	0.02216	0.01444	0.01614	0.01262	0.01703	0.01547	0.01033	0.50902	0.07100	0.18785	0.01757	0.05003	0.01282	0.00771	0.00600	0.00183	0.00594	0.00605	0.00620	0.00978
42	0.00802	0.00581	0.00757	0.00759	0.00874	0.00536	0.00552	0.01031	0.01523	0.02122	0.54211	0.23594	0.07675	0.01385	0.00712	0.00200	0.00296	0.01233	0.00621	0.00536
43	0.01226	0.01051	0.01226	0.00876	0.01401	0.00788	0.00701	0.01489	0.01226	0.01927	0.01051	0.01226	0.00876	0.00438	0.00438	0.00088	0.00438	0.00350	0.00350	0.82832
44	0.08963	0.01103	0.01548	0.04700	0.01747	0.01023	0.07247	0.05824	0.01618	0.53634	0.01956	0.01810	0.01270	0.00677	0.00578	0.00181	0.00560	0.00565	0.00620	0.04376
45	0.02059	0.01356	0.01515	0.01207	0.01625	0.01450	0.00982	0.38994	0.16166	0.18576	0.05251	0.02002	0.04489	0.00786	0.00603	0.00184	0.00554	0.00625	0.00624	0.00952
46	0.02215	0.01581	0.01834	0.01406	0.01876	0.04361	0.06958	0.51936	0.04799	0.14605	0.01557	0.01539	0.01085	0.00695	0.00599	0.00180	0.00665	0.00554	0.00579	0.00975
47	0.11730	0.03698	0.01334	0.00980	0.01418	0.01107	0.00800	0.13359	0.01517	0.09074	0.07215	0.01550	0.01296	0.00612	0.00549	0.00139	0.03645	0.00463	0.00444	0.39069
48	0.01213	0.04070	0.01174	0.00924	0.01185	0.00753	0.06536	0.01471	0.01570	0.15354	0.39261	0.03863	0.18070	0.01093	0.00666	0.00187	0.00397	0.00958	0.00600	0.00655
49	0.00893	0.00638	0.00884	0.01021	0.01131	0.00629	0.00849	0.01122	0.01302	0.01703	0.03164	0.25222	0.03534	0.01690	0.00801	0.00264	0.00493	0.53586	0.00546	0.00528
50	0.01186	0.03059	0.76153	0.01686	0.02560	0.01373	0.02185	0.01873	0.01249	0.01873	0.01061	0.01249	0.00749	0.00562	0.00562	0.00187	0.00874	0.00437	0.00250	0.00874
51	0.01386	0.01562	0.03362	0.05958	0.06474	0.01483	0.66830	0.01873	0.01384	0.01879	0.01186	0.01588	0.00894	0.00504	0.00688	0.00198	0.00974	0.00682	0.00297	0.00798
52	0.00804	0.00603	0.00745	0.00710	0.00864	0.00544	0.00532	0.01053	0.01597	0.02189	0.58902	0.04718	0.22007	0.01277	0.00698	0.00189	0.00284	0.01112	0.00627	0.00544
53	0.00721	0.00515	0.00686	0.00823	0.00858	0.00480	0.00549	0.00823	0.01132	0.01510	0.03259	0.78831	0.03911	0.01853	0.00755	0.00240	0.00343	0.01681	0.00549	0.00480
54	0.00787	0.00634	0.00911	0.00916	0.01044	0.00580	0.06471	0.00948	0.01239	0.01613	0.07022	0.48830	0.20286	0.01621	0.00737	0.00226	0.00393	0.04693	0.00533	0.00517
55	0.02212	0.01639	0.01755	0.01353	0.01820	0.01817	0.01115	0.70324	0.06070	0.03670	0.01465	0.01456	0.01042	0.00714	0.00592	0.00179	0.00642	0.00539	0.00592	0.01003
56	0.00726	0.00519	0.00691	0.00820	0.00859	0.00484	0.00549	0.00836	0.01156	0.01548	0.06427	0.75555	0.03985	0.01824	0.00752	0.00238	0.00340	0.01654	0.00553	0.00484
57	0.00985	0.00637	0.00838	0.00769	0.00934	0.00583	0.00583	0.01260	0.01676	0.08357	0.69286	0.04222	0.05245	0.01170	0.00689	0.00186	0.00297	0.01031	0.00658	0.00594

[dist]
# distance from previous block
# <min> <max>
0	4

[block]
# block no. 5 follows, 39 sequences, length 23
# corresponding to MSA columns:
# 525-547
name=unknown_F
#
# <colnr> <probs for GDERKNQSTAVLIFYWHMCP>
#	G	D	E	R	K	N	Q	S	T	A	V	L	I	F	Y	W	H	M	C	P
0	0.00892	0.00716	0.01064	0.19963	0.01746	0.00761	0.02529	0.03446	0.01222	0.01617	0.04263	0.52227	0.03000	0.01452	0.00707	0.00226	0.00481	0.02658	0.00476	0.00552
1	0.04664	0.01912	0.18200	0.01385	0.01932	0.01670	0.01318	0.52742	0.02328	0.03227	0.01338	0.01394	0.00955	0.00671	0.00571	0.00178	0.00681	0.00505	0.03380	0.00948
2	0.01427	0.01499	0.17833	0.01195	0.01620	0.01180	0.01132	0.09352	0.23951	0.09433	0.20071	0.02572	0.02439	0.00857	0.00621	0.00192	0.00535	0.02714	0.00546	0.00831
3	0.09102	0.04944	0.01246	0.00926	0.01321	0.00902	0.00764	0.02276	0.01532	0.49341	0.02937	0.02684	0.17732	0.00875	0.00587	0.00184	0.00461	0.00702	0.00635	0.00850
4	0.00746	0.00535	0.00709	0.00806	0.00863	0.00498	0.00551	0.00888	0.01252	0.01701	0.19220	0.62325	0.04281	0.01710	0.00742	0.00228	0.00329	0.01546	0.00572	0.00498
5	0.01278	0.01551	0.17873	0.01137	0.01692	0.01087	0.01088	0.01984	0.19384	0.02051	0.01389	0.01474	0.01078	0.00556	0.00506	0.00138	0.00542	0.00448	0.00390	0.44352
6	0.01555	0.01270	0.01642	0.01331	0.01600	0.01450	0.06562	0.30384	0.01880	0.02601	0.17706	0.06024	0.02104	0.00943	0.00966	0.00204	0.19786	0.00719	0.00498	0.00775
7	0.44712	0.01018	0.01112	0.19938	0.01888	0.01180	0.00958	0.01568	0.01129	0.02174	0.01392	0.02380	0.01290	0.00800	0.00522	0.00206	0.00559	0.16170	0.00380	0.00623
8	0.01331	0.01308	0.02616	0.02392	0.20532	0.01255	0.39478	0.01625	0.01245	0.01711	0.01138	0.01608	0.00936	0.00851	0.01028	0.18514	0.00817	0.00615	0.00288	0.00712
9	0.00908	0.00774	0.00984	0.00900	0.01023	0.00851	0.00707	0.01110	0.01383	0.01897	0.35362	0.04037	0.25940	0.01255	0.01006	0.00208	0.19584	0.00988	0.00522	0.00562
10	0.01042	0.00557	0.00574	0.00574	0.00678	0.00557	0.00400	0.01250	0.01146	0.01942	0.01913	0.02618	0.01673	0.20155	0.01057	0.00246	0.00349	0.00628	0.62138	0.00503
11	0.01592	0.01169	0.01694	0.18340	0.02101	0.01467	0.01266	0.01804	0.01162	0.19913	0.01223	0.01535	0.00949	0.00861	0.01308	0.00226	0.41735	0.00538	0.00377	0.00738
12	0.01444	0.59975	0.02522	0.00952	0.01333	0.01887	0.00888	0.01523	0.01095	0.01301	0.00873	0.01159	0.00825	0.00890	0.00858	0.20618	0.00603	0.00365	0.00254	0.00634
13	0.01514	0.02479	0.31850	0.01932	0.02567	0.20124	0.27246	0.02002	0.01407	0.01775	0.01073	0.01327	0.00805	0.00551	0.00603	0.00183	0.00965	0.00516	0.00281	0.00800
14	0.01412	0.01507	0.02914	0.02150	0.02667	0.01497	0.53625	0.02192	0.19495	0.02026	0.01486	0.01739	0.01119	0.00587	0.00705	0.00201	0.02789	0.00686	0.00373	0.00828
15	0.01029	0.00932	0.01533	0.60722	0.03360	0.01129	0.01400	0.01358	0.01171	0.01511	0.01541	0.18713	0.01481	0.00871	0.00628	0.00207	0.00690	0.00782	0.00326	0.00618
16	0.00773	0.00575	0.00733	0.00840	0.00936	0.00534	0.00627	0.00929	0.01237	0.01594	0.03834	0.44720	0.19618	0.01720	0.00758	0.00239	0.00383	0.18904	0.00548	0.00500
17	0.01268	0.02559	0.53493	0.02226	0.21331	0.01388	0.05729	0.01859	0.01281	0.01889	0.01081	0.01322	0.00805	0.00550	0.00575	0.00185	0.00836	0.00473	0.00263	0.00886
18	0.21306	0.00731	0.00778	0.00730	0.00895	0.00752	0.00534	0.01213	0.01328	0.02170	0.40505	0.03439	0.03595	0.18349	0.01128	0.00271	0.00389	0.00837	0.00515	0.00534
19	0.00850	0.00701	0.00786	0.00696	0.00953	0.00578	0.00532	0.01057	0.01402	0.01862	0.22055	0.04385	0.41503	0.01191	0.00641	0.00171	0.00325	0.01005	0.00530	0.18776
20	0.00823	0.00568	0.00690	0.00709	0.00751	0.00549	0.00450	0.00915	0.01122	0.01531	0.20356	0.20633	0.03391	0.42720	0.01937	0.00403	0.00449	0.01094	0.00473	0.00435
21	0.06267	0.00971	0.01232	0.00990	0.01361	0.00906	0.00802	0.07823	0.03736	0.46389	0.20254	0.02515	0.02416	0.00841	0.00608	0.00184	0.00456	0.00696	0.00679	0.00875
22	0.01876	0.43522	0.02431	0.01252	0.01664	0.37333	0.01073	0.02048	0.01424	0.01418	0.00865	0.01004	0.00760	0.00555	0.00452	0.00139	0.00836	0.00347	0.00277	0.00724

[dist]
# distance from previous block
# <min> <max>
0	1

[block]
# block no. 6 follows, 39 sequences, length 19
# corresponding to MSA columns:
# 549-567
name=unknown_G
#
# <colnr> <probs for GDERKNQSTAVLIFYWHMCP>
#	G	D	E	R	K	N	Q	S	T	A	V	L	I	F	Y	W	H	M	C	P
0	0.20759	0.01208	0.01365	0.01071	0.01512	0.01226	0.00885	0.21185	0.01824	0.40443	0.01753	0.01620	0.01158	0.00685	0.00542	0.00182	0.00532	0.00516	0.00613	0.00924
1	0.01136	0.01045	0.01774	0.37577	0.19355	0.01192	0.04595	0.01477	0.01168	0.01587	0.01211	0.01748	0.01008	0.01582	0.20628	0.00390	0.00987	0.00562	0.00285	0.00692
2	0.01425	0.01545	0.01726	0.42038	0.02946	0.21217	0.01420	0.01700	0.01261	0.01478	0.01024	0.03444	0.00862	0.00709	0.00823	0.00198	0.14730	0.00517	0.00281	0.00658
3	0.01224	0.01090	0.01631	0.09987	0.29489	0.01044	0.01194	0.01579	0.03560	0.02002	0.17844	0.02102	0.01979	0.00672	0.00573	0.00158	0.00540	0.00607	0.00395	0.22329
4	0.01535	0.56052	0.05772	0.01726	0.20995	0.02057	0.01269	0.01786	0.01242	0.01552	0.00908	0.01096	0.00805	0.00514	0.00441	0.00142	0.00660	0.00376	0.00263	0.00810
5	0.01628	0.41903	0.21986	0.01267	0.01863	0.01972	0.01345	0.17990	0.01570	0.02045	0.01020	0.01134	0.00812	0.00567	0.00475	0.00154	0.00700	0.00397	0.00328	0.00845
6	0.42005	0.01179	0.01192	0.00968	0.01383	0.01249	0.00799	0.13753	0.01534	0.28483	0.01448	0.01403	0.00988	0.00639	0.00483	0.00182	0.00505	0.00451	0.00531	0.00828
7	0.01260	0.01330	0.02652	0.39255	0.03570	0.01407	0.38358	0.01707	0.01292	0.01707	0.01125	0.01586	0.00844	0.00544	0.00646	0.00198	0.00895	0.00614	0.00281	0.00729
8	0.01375	0.01423	0.02693	0.02427	0.21733	0.01312	0.38191	0.01782	0.01345	0.01912	0.01142	0.01477	0.00903	0.00492	0.00610	0.00168	0.00794	0.00575	0.00309	0.19338
9	0.01117	0.01051	0.01774	0.77795	0.04073	0.01314	0.01642	0.01511	0.01182	0.01511	0.01051	0.01577	0.00788	0.00591	0.00591	0.00197	0.00788	0.00526	0.00263	0.00657
10	0.01969	0.02025	0.21308	0.01446	0.02024	0.01713	0.01403	0.54730	0.02378	0.03240	0.01326	0.01375	0.00938	0.00671	0.00584	0.00180	0.00709	0.00507	0.00502	0.00971
11	0.00958	0.00514	0.00751	0.00782	0.00790	0.00506	0.00522	0.00782	0.00852	0.01136	0.01531	0.19174	0.01678	0.02009	0.01960	0.64173	0.00475	0.00777	0.00323	0.00307
12	0.01732	0.00815	0.01074	0.00910	0.01221	0.00743	0.00730	0.01936	0.01435	0.39595	0.03125	0.03049	0.20855	0.01768	0.17828	0.00360	0.00694	0.00775	0.00590	0.00765
13	0.01181	0.01119	0.00965	0.00995	0.01093	0.20542	0.00697	0.01215	0.01193	0.01384	0.02140	0.41032	0.02434	0.01572	0.01048	0.18839	0.00572	0.01076	0.00419	0.00484
14	0.22557	0.00830	0.00986	0.00958	0.01101	0.00980	0.00745	0.01232	0.01000	0.01747	0.01653	0.19084	0.01712	0.02373	0.29483	0.00495	0.11355	0.00772	0.00374	0.00563
15	0.01215	0.02201	0.40229	0.21856	0.03077	0.01385	0.18102	0.01783	0.01264	0.01783	0.01089	0.01413	0.00793	0.00555	0.00600	0.00193	0.00879	0.00519	0.00264	0.00800
16	0.02013	0.41364	0.02347	0.01101	0.01587	0.01840	0.01000	0.18255	0.01687	0.21496	0.01354	0.01334	0.01000	0.00611	0.00484	0.00153	0.00603	0.00438	0.00455	0.00880
17	0.01289	0.22462	0.30141	0.18659	0.02491	0.01673	0.01634	0.01704	0.01175	0.01604	0.00958	0.01250	0.00764	0.00618	0.00707	0.00183	0.11234	0.00436	0.00255	0.00764
18	0.20670	0.05213	0.21066	0.01307	0.01808	0.24585	0.01258	0.03919	0.01421	0.11960	0.01133	0.01222	0.00831	0.00598	0.00506	0.00172	0.00772	0.00412	0.00367	0.00779

[dist]
# distance from previous block
# <min> <max>
2	6

[block]
# block no. 7 follows, 39 sequences, length 6
# corresponding to MSA columns:
# 574-579
name=unknown_H
#
# <colnr> <probs for GDERKNQSTAVLIFYWHMCP>
#	G	D	E	R	K	N	Q	S	T	A	V	L	I	F	Y	W	H	M	C	P
0	0.01218	0.00825	0.01145	0.01539	0.24711	0.00825	0.00863	0.01518	0.01274	0.02117	0.01667	0.01967	0.01330	0.00637	0.00469	0.00150	0.00413	0.00543	0.56112	0.00675
1	0.01295	0.00962	0.01215	0.01082	0.01306	0.01091	0.00863	0.24328	0.01538	0.02129	0.01531	0.02033	0.01327	0.03239	0.52388	0.00702	0.01284	0.00601	0.00405	0.00681
2	0.00964	0.00695	0.00831	0.00782	0.00996	0.00594	0.00569	0.01155	0.01185	0.01792	0.02267	0.37612	0.02427	0.01151	0.00580	0.00169	0.00359	0.01014	0.17927	0.26929
3	0.01257	0.07756	0.55905	0.01813	0.02604	0.01463	0.17261	0.01871	0.01277	0.01846	0.01074	0.01303	0.00781	0.00545	0.00579	0.00186	0.00884	0.00485	0.00260	0.00850
4	0.01184	0.01987	0.36272	0.17625	0.02510	0.01173	0.01593	0.01673	0.01227	0.01813	0.01056	0.01311	0.00798	0.00528	0.00528	0.00157	0.00716	0.00428	0.00285	0.27135
5	0.00709	0.00560	0.00640	0.00704	0.00826	0.00490	0.00496	0.00837	0.01247	0.01557	0.04718	0.39787	0.42014	0.01663	0.00725	0.00219	0.00320	0.01450	0.00549	0.00490

[dist]
# distance from previous block
# <min> <max>
0	1

[block]
# block no. 8 follows, 39 sequences, length 11
# corresponding to MSA columns:
# 581-591
name=unknown_I
#
# <colnr> <probs for GDERKNQSTAVLIFYWHMCP>
#	G	D	E	R	K	N	Q	S	T	A	V	L	I	F	Y	W	H	M	C	P
0	0.00869	0.00672	0.00845	0.00839	0.01017	0.00571	0.00593	0.01019	0.01160	0.01632	0.02612	0.56077	0.03021	0.01438	0.00662	0.00195	0.00371	0.01291	0.00491	0.24625
1	0.21254	0.01164	0.01639	0.26863	0.06250	0.01430	0.05022	0.01554	0.01094	0.01828	0.02685	0.03183	0.00944	0.00737	0.00915	0.00210	0.21735	0.00521	0.00306	0.00666
2	0.01182	0.00674	0.00813	0.00775	0.00989	0.00584	0.00581	0.01337	0.01369	0.19707	0.04298	0.26238	0.36351	0.01415	0.00690	0.00207	0.00362	0.01216	0.00594	0.00617
3	0.00828	0.01160	0.19070	0.00968	0.01256	0.00704	0.00919	0.01087	0.01224	0.01624	0.03524	0.38461	0.24067	0.01434	0.00691	0.00215	0.00460	0.01251	0.00476	0.00582
4	0.01557	0.01300	0.01572	0.23698	0.02353	0.01513	0.01189	0.19841	0.35489	0.02497	0.01769	0.01830	0.01312	0.00718	0.00596	0.00194	0.00607	0.00593	0.00500	0.00871
5	0.01349	0.37885	0.20531	0.23689	0.02521	0.01803	0.01483	0.01720	0.01207	0.01544	0.00948	0.01206	0.00765	0.00545	0.00486	0.00162	0.00737	0.00407	0.00255	0.00757
6	0.02392	0.20172	0.01794	0.01042	0.01512	0.01228	0.00904	0.02611	0.01573	0.57752	0.01964	0.01753	0.01292	0.00677	0.00542	0.00169	0.00535	0.00527	0.00615	0.00946
7	0.01477	0.56550	0.02550	0.00972	0.01484	0.01885	0.00921	0.01688	0.01209	0.01548	0.00889	0.01030	0.00793	0.00486	0.00397	0.00115	0.00575	0.00326	0.00282	0.24822
8	0.01550	0.01196	0.01368	0.01003	0.01513	0.01048	0.00813	0.19142	0.01630	0.06245	0.01208	0.01315	0.00938	0.00520	0.00484	0.00115	0.00493	0.00408	0.00429	0.58582
9	0.01321	0.02177	0.36491	0.01741	0.02390	0.01432	0.19186	0.02250	0.22750	0.02054	0.01489	0.01614	0.01095	0.00617	0.00607	0.00194	0.00785	0.00569	0.00365	0.00874
10	0.00797	0.00603	0.00734	0.00702	0.00859	0.00541	0.00526	0.01038	0.01578	0.02145	0.54919	0.04791	0.26018	0.01294	0.00698	0.00190	0.00285	0.01122	0.00621	0.00541

[dist]
# distance from previous block
# <min> <max>
0	2

[block]
# block no. 9 follows, 39 sequences, length 16
# corresponding to MSA columns:
# 594-609
name=unknown_J
#
# <colnr> <probs for GDERKNQSTAVLIFYWHMCP>
#	G	D	E	R	K	N	Q	S	T	A	V	L	I	F	Y	W	H	M	C	P
0	0.01384	0.01337	0.02198	0.12709	0.51083	0.01477	0.01685	0.01695	0.01234	0.01773	0.01035	0.01443	0.00885	0.00640	0.00866	0.00196	0.16711	0.00525	0.00282	0.00841
1	0.01166	0.00923	0.01111	0.01136	0.01354	0.01006	0.00946	0.02014	0.31435	0.02059	0.02833	0.04834	0.02746	0.01292	0.00728	0.00243	0.00513	0.42386	0.00568	0.00706
2	0.01610	0.01287	0.01082	0.00949	0.01204	0.16492	0.00737	0.19309	0.01708	0.02424	0.01596	0.01779	0.01236	0.00678	0.00482	0.00151	0.00530	0.00512	0.45545	0.00690
3	0.01244	0.01160	0.01797	0.05019	0.40396	0.01091	0.03271	0.01541	0.01318	0.01847	0.02099	0.02288	0.16146	0.00709	0.00582	0.00164	0.00576	0.00643	0.00356	0.17753
4	0.04914	0.01096	0.01495	0.27510	0.07360	0.01219	0.01174	0.18797	0.01611	0.07088	0.04282	0.17457	0.01698	0.00903	0.00619	0.00198	0.00607	0.00779	0.00452	0.00743
5	0.18688	0.02053	0.01449	0.01290	0.01629	0.39201	0.00995	0.08662	0.16673	0.02107	0.01248	0.01311	0.00974	0.00646	0.00518	0.00171	0.00781	0.00441	0.00404	0.00756
6	0.01475	0.12153	0.39635	0.01532	0.02148	0.01654	0.03184	0.16608	0.01514	0.02133	0.01068	0.01260	0.00810	0.00650	0.00741	0.00188	0.11612	0.00458	0.00323	0.00853
7	0.01077	0.00754	0.00883	0.00838	0.00934	0.00810	0.00569	0.04407	0.16004	0.01520	0.01763	0.02885	0.01750	0.38437	0.07649	0.17495	0.00616	0.00719	0.00394	0.00496
8	0.01349	0.34538	0.46097	0.01408	0.02131	0.01771	0.01702	0.01831	0.01229	0.01675	0.00963	0.01125	0.00753	0.00539	0.00487	0.00162	0.00775	0.00387	0.00251	0.00827
9	0.01963	0.01401	0.01471	0.01128	0.01600	0.08738	0.00912	0.23657	0.01848	0.19541	0.01445	0.01451	0.01040	0.00605	0.00530	0.00143	0.00580	0.00465	0.00507	0.30975
10	0.00985	0.01199	0.16310	0.00960	0.01331	0.00771	0.00918	0.01341	0.01485	0.02156	0.42765	0.03145	0.05573	0.00925	0.00616	0.00166	0.00434	0.00796	0.00504	0.17619
11	0.00805	0.00527	0.00664	0.00763	0.00825	0.00499	0.00522	0.00954	0.01185	0.01701	0.07064	0.58920	0.03515	0.01578	0.00682	0.00216	0.00326	0.01415	0.17339	0.00499
12	0.01917	0.02064	0.32270	0.01414	0.02048	0.01393	0.01494	0.25615	0.01866	0.21814	0.01511	0.01504	0.01020	0.00655	0.00580	0.00183	0.00704	0.00509	0.00488	0.00952
13	0.17882	0.00754	0.00947	0.16579	0.01575	0.00826	0.00792	0.01153	0.01117	0.01746	0.02304	0.46920	0.02596	0.01325	0.00641	0.00220	0.00458	0.01163	0.00453	0.00550
14	0.01020	0.00801	0.00920	0.00844	0.01055	0.00807	0.00646	0.05584	0.16708	0.02311	0.41813	0.04052	0.18818	0.01156	0.00672	0.00191	0.00343	0.00993	0.00617	0.00649
15	0.18868	0.01105	0.01218	0.00988	0.01336	0.01139	0.00780	0.19548	0.01647	0.27785	0.01701	0.02031	0.01322	0.16764	0.01041	0.00262	0.00544	0.00577	0.00545	0.00798

[dist]
# distance from previous block
# <min> <max>
0	1

[block]
# block no. 10 follows, 39 sequences, length 10
# corresponding to MSA columns:
# 611-620
name=unknown_K
#
# <colnr> <probs for GDERKNQSTAVLIFYWHMCP>
#	G	D	E	R	K	N	Q	S	T	A	V	L	I	F	Y	W	H	M	C	P
0	0.01104	0.22827	0.01509	0.00921	0.01116	0.01174	0.00738	0.01241	0.01028	0.01365	0.01484	0.02389	0.01488	0.22475	0.35933	0.00625	0.01066	0.00616	0.00325	0.00574
1	0.01189	0.01194	0.02304	0.23238	0.02815	0.01207	0.34068	0.01541	0.01296	0.01729	0.01729	0.21421	0.01682	0.00903	0.00701	0.00218	0.00783	0.00914	0.00369	0.00700
2	0.01013	0.00660	0.00832	0.00880	0.01021	0.00641	0.00718	0.01274	0.01435	0.02088	0.21276	0.04863	0.03456	0.01283	0.00691	0.00220	0.00416	0.33052	0.23607	0.00575
3	0.01245	0.02648	0.55742	0.01912	0.02709	0.01408	0.22184	0.01879	0.01290	0.01879	0.01099	0.01346	0.00791	0.00544	0.00600	0.00191	0.00909	0.00510	0.00264	0.00853
4	0.01352	0.01272	0.01521	0.01272	0.01516	0.04026	0.01030	0.01914	0.19849	0.01834	0.01276	0.01501	0.01067	0.00793	0.01127	0.00192	0.33771	0.00505	0.00374	0.23808
5	0.01005	0.00900	0.01468	0.56174	0.03170	0.01080	0.01335	0.01318	0.01168	0.01511	0.01671	0.23277	0.01666	0.00946	0.00637	0.00209	0.00663	0.00850	0.00343	0.00607
6	0.22285	0.00813	0.00906	0.00801	0.01058	0.00808	0.00630	0.01577	0.01493	0.15439	0.40500	0.03158	0.06374	0.00967	0.00594	0.00185	0.00365	0.00801	0.00588	0.00656
7	0.01575	0.01208	0.01295	0.01074	0.01442	0.01277	0.00858	0.27178	0.22393	0.05526	0.02876	0.02743	0.20252	0.00919	0.00611	0.00183	0.00488	0.00743	0.00572	0.06786
8	0.00715	0.00536	0.00664	0.00766	0.00843	0.00485	0.00523	0.00830	0.01187	0.01532	0.03959	0.60110	0.22181	0.01762	0.00741	0.00230	0.00332	0.01570	0.00549	0.00485
9	0.24518	0.01232	0.01520	0.36597	0.02677	0.01451	0.01228	0.20016	0.01542	0.02399	0.01082	0.01363	0.00802	0.00610	0.00528	0.00188	0.00660	0.00470	0.00376	0.00742

[dist]
# distance from previous block
# <min> <max>
0	1

[block]
# block no. 11 follows, 39 sequences, length 26
# corresponding to MSA columns:
# 622-647
name=unknown_L
#
# <colnr> <probs for GDERKNQSTAVLIFYWHMCP>
#	G	D	E	R	K	N	Q	S	T	A	V	L	I	F	Y	W	H	M	C	P
0	0.00736	0.00535	0.00682	0.00790	0.00855	0.00491	0.00542	0.00838	0.01163	0.01513	0.03646	0.60627	0.16358	0.01792	0.00810	0.03583	0.00348	0.03677	0.00537	0.00477
1	0.00721	0.00515	0.00686	0.00823	0.00858	0.00480	0.00549	0.00823	0.01132	0.01510	0.03259	0.78831	0.03911	0.01853	0.00755	0.00240	0.00343	0.01681	0.00549	0.00480
2	0.00721	0.00515	0.00686	0.00823	0.00858	0.00480	0.00549	0.00823	0.01132	0.01510	0.03259	0.78831	0.03911	0.01853	0.00755	0.00240	0.00343	0.01681	0.00549	0.00480
3	0.01449	0.01391	0.02375	0.06678	0.72591	0.01401	0.01808	0.01802	0.01340	0.01915	0.01110	0.01468	0.00931	0.00530	0.00586	0.00177	0.00706	0.00527	0.00292	0.00925
4	0.00985	0.00545	0.00649	0.00667	0.00760	0.00532	0.00476	0.01130	0.01190	0.01881	0.11834	0.15929	0.02391	0.01223	0.00872	0.15874	0.00333	0.00813	0.41432	0.00484
5	0.00805	0.00568	0.00644	0.00668	0.00712	0.00543	0.00409	0.00851	0.01001	0.01296	0.02894	0.17427	0.16363	0.50809	0.02173	0.00444	0.00481	0.01078	0.00428	0.00407
6	0.83394	0.01144	0.00869	0.00778	0.01144	0.01327	0.00640	0.01738	0.01006	0.02653	0.00823	0.00961	0.00640	0.00549	0.00366	0.00183	0.00457	0.00320	0.00366	0.00640
7	0.02021	0.00928	0.01328	0.15600	0.01882	0.00885	0.00960	0.02259	0.01497	0.48673	0.02253	0.15468	0.01767	0.00903	0.00622	0.00196	0.00529	0.00773	0.00611	0.00847
8	0.00855	0.00633	0.00827	0.00933	0.01065	0.00605	0.00769	0.01070	0.01318	0.01685	0.03794	0.19169	0.19584	0.01642	0.00780	0.00250	0.00454	0.43498	0.00546	0.00523
9	0.01405	0.14688	0.01233	0.00786	0.01053	0.01110	0.00654	0.15167	0.01526	0.02351	0.01637	0.01834	0.01285	0.00661	0.00441	0.00143	0.00410	0.00506	0.52435	0.00674
10	0.10576	0.01382	0.01358	0.01083	0.01494	0.06647	0.00874	0.34224	0.01962	0.02732	0.02055	0.02061	0.14016	0.00773	0.00553	0.00163	0.00557	0.00590	0.00494	0.16408
11	0.00743	0.00532	0.00706	0.00808	0.00863	0.00495	0.00551	0.00879	0.01235	0.01673	0.16938	0.64686	0.04229	0.01730	0.00744	0.00230	0.00331	0.01565	0.00568	0.00495
12	0.01355	0.50635	0.02211	0.00880	0.01251	0.01686	0.00820	0.01577	0.01298	0.01721	0.15159	0.01829	0.01809	0.00672	0.00446	0.00140	0.00502	0.00501	0.14824	0.00684
13	0.02311	0.01129	0.01416	0.01073	0.01546	0.01024	0.00882	0.15073	0.01796	0.49143	0.01928	0.01759	0.01271	0.00672	0.00564	0.00164	0.00517	0.00537	0.00635	0.16560
14	0.02088	0.01034	0.01288	0.01057	0.01415	0.00996	0.00843	0.18662	0.01806	0.40640	0.02310	0.18578	0.01892	0.00969	0.00623	0.00193	0.00495	0.00815	0.03420	0.00877
15	0.00816	0.00659	0.00760	0.00732	0.00938	0.00553	0.00536	0.00982	0.01282	0.01690	0.09332	0.27460	0.33814	0.01385	0.00667	0.00190	0.00338	0.01199	0.00519	0.16148
16	0.00812	0.00731	0.00830	0.00780	0.00942	0.00749	0.00610	0.00958	0.01264	0.01564	0.05000	0.04855	0.61124	0.01410	0.00935	0.00211	0.15095	0.01109	0.00494	0.00527
17	0.16294	0.01347	0.01392	0.01115	0.01479	0.01485	0.00888	0.45591	0.02080	0.04568	0.01418	0.01817	0.01169	0.15605	0.01012	0.00254	0.00599	0.00559	0.00510	0.00818
18	0.01665	0.01515	0.01388	0.01236	0.01570	0.14696	0.00958	0.05228	0.52361	0.06379	0.03744	0.02079	0.02975	0.00783	0.00593	0.00190	0.00574	0.00628	0.00556	0.00882
19	0.00721	0.00515	0.00686	0.00823	0.00858	0.00480	0.00549	0.00823	0.01132	0.01510	0.03259	0.78831	0.03911	0.01853	0.00755	0.00240	0.00343	0.01681	0.00549	0.00480
20	0.00805	0.00571	0.00730	0.00750	0.00830	0.00537	0.00517	0.00976	0.01351	0.01871	0.38928	0.27421	0.04410	0.16237	0.01155	0.00276	0.00355	0.01220	0.00564	0.00496
21	0.02168	0.01847	0.01707	0.01373	0.01793	0.17156	0.01104	0.54434	0.04868	0.03151	0.01405	0.03722	0.01070	0.00727	0.00585	0.00175	0.00721	0.00541	0.00532	0.00922
22	0.01951	0.01644	0.01550	0.01287	0.01647	0.14796	0.01018	0.47183	0.02272	0.02904	0.01680	0.16072	0.01515	0.00909	0.00612	0.00185	0.00666	0.00724	0.00533	0.00849
23	0.01064	0.00788	0.00931	0.00854	0.01047	0.00778	0.00648	0.14795	0.01740	0.02362	0.38240	0.17151	0.14755	0.01270	0.00688	0.00196	0.00364	0.01102	0.00607	0.00621
24	0.00990	0.00716	0.00878	0.00918	0.01030	0.00719	0.00650	0.13642	0.01423	0.01900	0.02935	0.65188	0.03399	0.01651	0.00726	0.00229	0.00397	0.01479	0.00556	0.00573
25	0.01240	0.01073	0.01286	0.00928	0.01448	0.00833	0.02468	0.01566	0.04201	0.01948	0.01110	0.01275	0.00914	0.00454	0.00451	0.00095	0.00453	0.00372	0.00359	0.77525

[dist]
# distance from previous block
# <min> <max>
18	123

[block]
# block no. 12 follows, 39 sequences, length 9
# corresponding to MSA columns:
# 772-780
name=unknown_M
#
# <colnr> <probs for GDERKNQSTAVLIFYWHMCP>
#	G	D	E	R	K	N	Q	S	T	A	V	L	I	F	Y	W	H	M	C	P
0	0.01226	0.01051	0.01226	0.00876	0.01401	0.00788	0.00701	0.01489	0.01226	0.01927	0.01051	0.01226	0.00876	0.00438	0.00438	0.00088	0.00438	0.00350	0.00350	0.82832
1	0.01493	0.01234	0.02321	0.01700	0.02176	0.01130	0.39570	0.01880	0.01386	0.12406	0.01488	0.01734	0.01100	0.00563	0.00594	0.00171	0.00713	0.00612	0.17073	0.10655
2	0.01599	0.01039	0.01264	0.00922	0.01430	0.00809	0.00745	0.01853	0.01348	0.21279	0.01386	0.01432	0.01030	0.00515	0.00479	0.00113	0.00455	0.00414	0.00450	0.61436
3	0.17978	0.01101	0.01181	0.00880	0.01371	0.00951	0.00710	0.05183	0.01260	0.02166	0.01023	0.01182	0.00835	0.00474	0.00431	0.00112	0.00453	0.00353	0.00366	0.61990
4	0.01294	0.01294	0.01811	0.01553	0.01553	0.01811	0.01294	0.01423	0.00906	0.01423	0.00776	0.01294	0.00776	0.01035	0.01941	0.00259	0.78134	0.00518	0.00259	0.00647
5	0.18797	0.01461	0.01534	0.01199	0.01648	0.01595	0.00990	0.48990	0.02266	0.13695	0.01427	0.01410	0.00996	0.00680	0.00546	0.00179	0.00591	0.00498	0.00566	0.00932
6	0.00787	0.00585	0.00732	0.00732	0.00862	0.00531	0.00535	0.01005	0.01501	0.02046	0.47146	0.19789	0.18780	0.01396	0.00709	0.00200	0.00296	0.01229	0.00610	0.00531
7	0.00737	0.00527	0.00701	0.00812	0.00861	0.00491	0.00550	0.00865	0.01209	0.01631	0.13410	0.68333	0.04147	0.01762	0.00747	0.00233	0.00334	0.01595	0.00563	0.00491
8	0.01429	0.01382	0.02281	0.03208	0.60493	0.01488	0.01709	0.01735	0.01257	0.01829	0.01044	0.01429	0.00904	0.00630	0.00861	0.00193	0.16440	0.00525	0.00286	0.00878

[dist]
# distance from previous block
# <min> <max>
9	117

# created by:
# /software/SequenceAnalysis/GenePrediction/augustus/3.0.1/scripts/msa2prfl.pl ./fixed/BUSCOvEOG7V44N9.fas
