[name]
unknown

[dist]
# distance from previous block
# <min> <max>
0	121

[block]
# block no. 0 follows, 40 sequences, length 11
# corresponding to MSA columns:
# 135-145
name=unknown_A
#
# <colnr> <probs for GDERKNQSTAVLIFYWHMCP>
#	G	D	E	R	K	N	Q	S	T	A	V	L	I	F	Y	W	H	M	C	P
0	0.00839	0.00599	0.00825	0.00959	0.01050	0.00585	0.00767	0.01036	0.01242	0.01631	0.03133	0.37650	0.03561	0.01699	0.00777	0.00254	0.00451	0.41896	0.00537	0.00508
1	0.02311	0.01296	0.01518	0.01183	0.01627	0.01332	0.00971	0.33904	0.09953	0.36742	0.01910	0.01745	0.01279	0.00718	0.00584	0.00179	0.00554	0.00566	0.00646	0.00982
2	0.01327	0.01435	0.02685	0.02033	0.02355	0.01611	0.41025	0.01653	0.01155	0.01653	0.00990	0.01435	0.00829	0.00729	0.01239	0.00222	0.36024	0.00606	0.00276	0.00717
3	0.02172	0.02772	0.01648	0.01498	0.01798	0.77228	0.01124	0.02322	0.01648	0.01423	0.00899	0.01049	0.00749	0.00599	0.00524	0.00150	0.01049	0.00375	0.00300	0.00674
4	0.01472	0.01098	0.01532	0.01107	0.01621	0.00883	0.10618	0.01756	0.01308	0.14835	0.01272	0.01389	0.00965	0.00489	0.00492	0.00117	0.00516	0.00433	0.00403	0.57692
5	0.09333	0.02288	0.01686	0.01700	0.11765	0.51110	0.01172	0.08572	0.01619	0.01793	0.00958	0.01130	0.00784	0.00605	0.00564	0.00161	0.03296	0.00406	0.00327	0.00731
6	0.00886	0.00634	0.00874	0.00977	0.01097	0.00622	0.00816	0.01133	0.01362	0.01809	0.15711	0.16005	0.03786	0.01563	0.00775	0.00249	0.00463	0.50156	0.00554	0.00529
7	0.01759	0.06709	0.01581	0.01198	0.01593	0.01600	0.00976	0.36617	0.29785	0.02881	0.02073	0.01984	0.07078	0.00779	0.00580	0.00181	0.00544	0.00614	0.00560	0.00908
8	0.01586	0.01523	0.12061	0.03708	0.01966	0.01500	0.11868	0.07920	0.01308	0.15116	0.01196	0.01454	0.00917	0.00786	0.01161	0.00215	0.34024	0.00539	0.00370	0.00781
9	0.00882	0.11502	0.07792	0.00911	0.01107	0.00818	0.00771	0.01066	0.01175	0.01532	0.02955	0.47501	0.10557	0.01474	0.00675	0.00215	0.00436	0.07607	0.00474	0.00552
10	0.01509	0.32831	0.05327	0.07365	0.32863	0.07638	0.01421	0.01791	0.01278	0.01621	0.00959	0.01207	0.00821	0.00522	0.00490	0.00154	0.00703	0.00421	0.00270	0.00811

[dist]
# distance from previous block
# <min> <max>
4	10

[block]
# block no. 1 follows, 40 sequences, length 25
# corresponding to MSA columns:
# 156-180
name=unknown_B
#
# <colnr> <probs for GDERKNQSTAVLIFYWHMCP>
#	G	D	E	R	K	N	Q	S	T	A	V	L	I	F	Y	W	H	M	C	P
0	0.01359	0.01102	0.01272	0.00921	0.01430	0.00897	0.00742	0.09943	0.01396	0.04020	0.01108	0.01248	0.00891	0.00469	0.00452	0.00099	0.00457	0.00372	0.00382	0.71440
1	0.00709	0.00506	0.00675	0.00810	0.00843	0.00472	0.00540	0.00810	0.01113	0.01484	0.03205	0.79184	0.03846	0.01822	0.00742	0.00236	0.00337	0.01653	0.00540	0.00472
2	0.01010	0.00505	0.00758	0.00758	0.00758	0.00505	0.00505	0.00758	0.00758	0.01010	0.01010	0.01768	0.01010	0.02020	0.02273	0.83081	0.00505	0.00505	0.00253	0.00253
3	0.00860	0.00605	0.00777	0.00728	0.00878	0.00552	0.00548	0.01122	0.01619	0.04272	0.67719	0.04386	0.11341	0.01200	0.00683	0.00184	0.00282	0.01054	0.00634	0.00556
4	0.01114	0.01050	0.01774	0.74602	0.07441	0.01296	0.01623	0.01500	0.01170	0.01506	0.01036	0.01545	0.00782	0.00578	0.00581	0.00193	0.00771	0.00517	0.00260	0.00659
5	0.01139	0.09782	0.00834	0.00595	0.00772	0.00747	0.00475	0.01400	0.01215	0.02075	0.01770	0.02024	0.01404	0.00657	0.00403	0.00134	0.00312	0.00515	0.73182	0.00566
6	0.01555	0.79913	0.03047	0.00995	0.01493	0.02301	0.00995	0.01741	0.01182	0.01368	0.00808	0.00933	0.00746	0.00498	0.00373	0.00124	0.00622	0.00311	0.00249	0.00746
7	0.15594	0.01226	0.01387	0.05745	0.07326	0.01336	0.01004	0.32622	0.01867	0.02694	0.02024	0.02584	0.09956	0.00875	0.00589	0.00193	0.00564	0.11146	0.00491	0.00778
8	0.02055	0.01502	0.01699	0.10254	0.02020	0.01667	0.01138	0.60549	0.02461	0.06366	0.01442	0.03620	0.01063	0.00717	0.00586	0.00179	0.00641	0.00557	0.00549	0.00935
9	0.01631	0.70800	0.02896	0.01035	0.01529	0.02243	0.01008	0.10153	0.01362	0.01636	0.00877	0.00987	0.00775	0.00521	0.00397	0.00130	0.00624	0.00336	0.00288	0.00775
10	0.01169	0.00947	0.01125	0.00858	0.01295	0.00729	0.00670	0.01401	0.01205	0.04122	0.01422	0.13767	0.01359	0.00663	0.00486	0.00113	0.00418	0.00562	0.00387	0.67300
11	0.01421	0.02235	0.46620	0.01813	0.15031	0.01220	0.01759	0.01941	0.01309	0.12897	0.01303	0.01448	0.00931	0.00581	0.00550	0.00178	0.00731	0.00477	0.06690	0.00865
12	0.49874	0.01168	0.01168	0.00977	0.01328	0.03370	0.04965	0.07587	0.01308	0.09545	0.09730	0.01525	0.01324	0.00660	0.00514	0.00182	0.03173	0.00473	0.00435	0.00694
13	0.01406	0.01214	0.01276	0.01152	0.01474	0.01396	0.00895	0.02970	0.70980	0.02387	0.02554	0.02352	0.05700	0.00825	0.00597	0.00197	0.00451	0.00688	0.00589	0.00898
14	0.01370	0.00770	0.00837	0.00748	0.00971	0.00787	0.00584	0.09789	0.06834	0.10259	0.02138	0.02264	0.05756	0.00865	0.03111	0.00180	0.00396	0.00596	0.51081	0.00664
15	0.01010	0.00505	0.00758	0.00758	0.00758	0.00505	0.00505	0.00758	0.00758	0.01010	0.01010	0.01768	0.01010	0.02020	0.02273	0.83081	0.00505	0.00505	0.00253	0.00253
16	0.00736	0.00522	0.00686	0.00807	0.00843	0.00493	0.00543	0.00836	0.01099	0.01462	0.03056	0.67162	0.03638	0.09860	0.00975	0.00272	0.00372	0.05654	0.00520	0.00464
17	0.71969	0.01105	0.00926	0.00804	0.01177	0.01240	0.00662	0.01872	0.01087	0.13253	0.01024	0.01094	0.00747	0.00566	0.00392	0.00180	0.00456	0.00354	0.00412	0.00682
18	0.02471	0.00959	0.01305	0.01011	0.01437	0.00831	0.00831	0.02700	0.01663	0.70630	0.07951	0.02162	0.01752	0.00756	0.00593	0.00180	0.00478	0.00621	0.00714	0.00956
19	0.01166	0.03008	0.76550	0.01657	0.02517	0.01351	0.02149	0.01842	0.01228	0.01842	0.01044	0.01228	0.00737	0.00552	0.00552	0.00184	0.00859	0.00430	0.00246	0.00859
20	0.00918	0.00732	0.00876	0.00850	0.01051	0.00664	0.00614	0.01244	0.09833	0.01705	0.02771	0.44944	0.08398	0.01325	0.00642	0.00191	0.00372	0.01176	0.00497	0.21195
21	0.00818	0.00643	0.00755	0.00748	0.00906	0.00618	0.00562	0.01114	0.06993	0.01776	0.21708	0.08647	0.32428	0.06245	0.09734	0.00306	0.00479	0.04453	0.00531	0.00535
22	0.01389	0.01193	0.01638	0.05209	0.10181	0.01310	0.09492	0.10120	0.27521	0.02214	0.01838	0.01975	0.03614	0.00998	0.06555	0.00245	0.04104	0.00620	0.08980	0.00803
23	0.01607	0.01135	0.01279	0.01124	0.01448	0.01238	0.00891	0.10347	0.42549	0.14200	0.06884	0.05913	0.02068	0.00896	0.00617	0.00198	0.00473	0.05656	0.00608	0.00869
24	0.25650	0.03458	0.01494	0.01379	0.06680	0.35799	0.01010	0.11131	0.01564	0.05403	0.01009	0.01128	0.00787	0.00592	0.00487	0.00164	0.00767	0.00394	0.00369	0.00733

[dist]
# distance from previous block
# <min> <max>
0	2

[block]
# block no. 2 follows, 40 sequences, length 13
# corresponding to MSA columns:
# 183-195
name=unknown_C
#
# <colnr> <probs for GDERKNQSTAVLIFYWHMCP>
#	G	D	E	R	K	N	Q	S	T	A	V	L	I	F	Y	W	H	M	C	P
0	0.06462	0.01656	0.07791	0.04226	0.14938	0.10151	0.01233	0.28508	0.05560	0.05437	0.01642	0.01715	0.06723	0.00695	0.00568	0.00176	0.00666	0.00549	0.00449	0.00856
1	0.00869	0.00696	0.00759	0.00712	0.00916	0.00647	0.00542	0.05897	0.05521	0.01973	0.25205	0.04775	0.46762	0.01303	0.00675	0.00191	0.00321	0.01100	0.00574	0.00564
2	0.01626	0.01212	0.01326	0.01152	0.01497	0.01351	0.00907	0.09170	0.55017	0.11969	0.06459	0.02202	0.01875	0.00795	0.00595	0.00192	0.00470	0.00659	0.00610	0.00914
3	0.74993	0.09451	0.01086	0.00789	0.01163	0.01410	0.00668	0.01713	0.01010	0.02478	0.00810	0.00943	0.00642	0.00535	0.00361	0.00174	0.00468	0.00314	0.00348	0.00642
4	0.00752	0.00597	0.00679	0.00675	0.00847	0.00525	0.00518	0.00951	0.01432	0.01835	0.28589	0.05263	0.46691	0.01390	0.00696	0.00198	0.00308	0.06966	0.00573	0.00514
5	0.01197	0.01007	0.01228	0.01354	0.13608	0.04753	0.00890	0.10529	0.05859	0.02265	0.33485	0.03485	0.11078	0.01022	0.00649	0.00187	0.00459	0.05721	0.00536	0.00687
6	0.00742	0.00520	0.00665	0.00767	0.00792	0.00495	0.00494	0.00819	0.01048	0.01397	0.02869	0.60755	0.03423	0.20828	0.01284	0.00316	0.00393	0.01456	0.00494	0.00443
7	0.00938	0.00786	0.01210	0.07385	0.01423	0.00923	0.05012	0.01158	0.01014	0.01447	0.01722	0.07170	0.05160	0.02934	0.44811	0.00628	0.11680	0.00696	0.03345	0.00557
8	0.01298	0.00966	0.01119	0.01004	0.01262	0.01028	0.00798	0.13551	0.21438	0.05640	0.23423	0.03362	0.07904	0.01249	0.05592	0.00244	0.00505	0.08303	0.00582	0.00732
9	0.06146	0.00624	0.00754	0.00719	0.00874	0.00587	0.00540	0.01092	0.01541	0.02218	0.58937	0.07319	0.14096	0.01209	0.00667	0.00187	0.00291	0.01051	0.00605	0.00543
10	0.03574	0.01283	0.01331	0.01161	0.01492	0.03397	0.00915	0.16945	0.47990	0.02572	0.02019	0.01963	0.01527	0.00984	0.05519	0.00235	0.00572	0.00606	0.05040	0.00874
11	0.01227	0.00680	0.00695	0.00643	0.00820	0.00702	0.00495	0.10575	0.01412	0.02358	0.01833	0.02070	0.01427	0.00680	0.00429	0.00140	0.00318	0.00540	0.72357	0.00599
12	0.01535	0.04798	0.02332	0.02986	0.54959	0.01391	0.08058	0.01965	0.06390	0.08005	0.01274	0.01523	0.01011	0.00550	0.00579	0.00175	0.00682	0.00539	0.00343	0.00907

[dist]
# distance from previous block
# <min> <max>
0	84

[block]
# block no. 3 follows, 40 sequences, length 55
# corresponding to MSA columns:
# 280-334
name=unknown_D
#
# <colnr> <probs for GDERKNQSTAVLIFYWHMCP>
#	G	D	E	R	K	N	Q	S	T	A	V	L	I	F	Y	W	H	M	C	P
0	0.02203	0.02787	0.01670	0.01520	0.01822	0.76796	0.01137	0.02342	0.01668	0.01459	0.00937	0.01101	0.00785	0.00624	0.00540	0.00157	0.01058	0.00387	0.00312	0.00693
1	0.00728	0.00614	0.00621	0.00624	0.00817	0.00514	0.00463	0.00863	0.01340	0.01603	0.05800	0.08338	0.72638	0.01505	0.00704	0.00205	0.00310	0.01251	0.00551	0.00510
2	0.01411	0.01363	0.02387	0.10353	0.56310	0.01369	0.10608	0.01763	0.01338	0.01882	0.01227	0.01753	0.01050	0.00596	0.00616	0.00189	0.00739	0.03860	0.00310	0.00878
3	0.00861	0.00628	0.00805	0.00792	0.00932	0.00579	0.00605	0.01105	0.01579	0.02192	0.57571	0.08210	0.10560	0.01312	0.00718	0.00204	0.00325	0.09839	0.00626	0.00559
4	0.01573	0.02261	0.46859	0.01507	0.02194	0.01223	0.05628	0.02138	0.04681	0.20506	0.04558	0.01657	0.01200	0.00653	0.00591	0.00191	0.00743	0.00531	0.00412	0.00896
5	0.01990	0.01466	0.01583	0.01249	0.01662	0.01592	0.01014	0.58157	0.05359	0.03349	0.05601	0.05050	0.01441	0.00791	0.00598	0.00181	0.00589	0.00613	0.04002	0.03715
6	0.83218	0.01150	0.00882	0.00791	0.01152	0.01323	0.00646	0.01733	0.01014	0.02638	0.00848	0.00998	0.00666	0.00565	0.00377	0.00187	0.00463	0.00328	0.00372	0.00649
7	0.01497	0.35598	0.35621	0.01357	0.02012	0.01829	0.01536	0.10705	0.01416	0.01898	0.01024	0.01174	0.00808	0.00572	0.00496	0.00164	0.00742	0.00403	0.00301	0.00845
8	0.01213	0.00993	0.01152	0.00969	0.01340	0.00883	0.00771	0.05039	0.11677	0.02012	0.02043	0.08922	0.05748	0.00877	0.00576	0.00160	0.00459	0.11901	0.00460	0.42807
9	0.01088	0.00994	0.01634	0.68208	0.03627	0.01210	0.01493	0.01428	0.01180	0.01521	0.01338	0.11157	0.01189	0.00759	0.00617	0.00206	0.00732	0.00668	0.00306	0.00644
10	0.34420	0.01452	0.01415	0.01134	0.01559	0.01622	0.00931	0.45036	0.02059	0.03270	0.01200	0.01268	0.00882	0.00660	0.00510	0.00183	0.00577	0.00453	0.00505	0.00864
11	0.01338	0.01071	0.01229	0.02283	0.01422	0.00902	0.00742	0.10390	0.01415	0.02152	0.01261	0.03686	0.01058	0.00556	0.00475	0.00115	0.00458	0.00440	0.08141	0.60867
12	0.00797	0.00582	0.00747	0.00840	0.00926	0.00539	0.00609	0.00942	0.01267	0.01680	0.12868	0.48588	0.12842	0.01681	0.00753	0.00236	0.00369	0.12657	0.00564	0.00515
13	0.01472	0.01503	0.01327	0.01290	0.04821	0.26405	0.00931	0.06730	0.02461	0.01592	0.01353	0.01954	0.01249	0.11397	0.29272	0.00504	0.04199	0.00562	0.00345	0.00634
14	0.01363	0.04893	0.19684	0.01615	0.01972	0.04205	0.10394	0.04743	0.01187	0.01715	0.00989	0.01360	0.00841	0.00885	0.03386	0.00237	0.35171	0.00508	0.00292	0.04561
15	0.00855	0.00638	0.00847	0.01002	0.04307	0.00617	0.00675	0.01065	0.05209	0.01648	0.06158	0.58144	0.03599	0.03224	0.00790	0.00245	0.00398	0.09491	0.00543	0.00545
16	0.01055	0.00936	0.01440	0.01275	0.01390	0.01144	0.07138	0.01250	0.00983	0.01445	0.01310	0.01951	0.01220	0.02984	0.46631	0.00660	0.25683	0.00604	0.00305	0.00598
17	0.01164	0.01088	0.01817	0.71576	0.09951	0.01318	0.01640	0.01536	0.01199	0.01555	0.01076	0.01591	0.00823	0.00601	0.00597	0.00199	0.00779	0.00529	0.00274	0.00688
18	0.01222	0.02890	0.69407	0.01751	0.02584	0.01380	0.08744	0.01867	0.01264	0.01877	0.01093	0.01311	0.00786	0.00572	0.00581	0.00192	0.00881	0.00466	0.00263	0.00870
19	0.00765	0.00547	0.00721	0.00847	0.00893	0.00509	0.00579	0.00870	0.01168	0.01563	0.05733	0.72221	0.03893	0.01806	0.00758	0.00242	0.00360	0.05471	0.00554	0.00499
20	0.01394	0.05211	0.21271	0.04077	0.38886	0.01446	0.14037	0.01851	0.02604	0.01891	0.01141	0.01451	0.00908	0.00552	0.00596	0.00185	0.00788	0.00530	0.00294	0.00888
21	0.00885	0.00592	0.00663	0.00661	0.00665	0.00587	0.00370	0.00875	0.00871	0.01165	0.01865	0.03842	0.02142	0.79118	0.02961	0.00568	0.00576	0.00855	0.00365	0.00373
22	0.00751	0.00537	0.00706	0.00834	0.00874	0.00498	0.00557	0.00846	0.01150	0.01540	0.04973	0.76970	0.03903	0.01824	0.00756	0.00241	0.00349	0.01644	0.00554	0.00494
23	0.00853	0.00706	0.01136	0.01088	0.01218	0.00655	0.12143	0.01006	0.01185	0.01582	0.02999	0.64009	0.05824	0.01617	0.00746	0.00235	0.00451	0.01491	0.00512	0.00543
24	0.01457	0.01058	0.01097	0.00990	0.01216	0.10173	0.00744	0.01759	0.07067	0.15137	0.41776	0.06796	0.03781	0.03263	0.00751	0.00212	0.00474	0.00904	0.00628	0.00718
25	0.00825	0.00593	0.00755	0.00880	0.00928	0.00542	0.00587	0.00896	0.01188	0.01590	0.03351	0.75940	0.05885	0.01863	0.00784	0.00254	0.00376	0.01656	0.00573	0.00532
26	0.02607	0.01136	0.01458	0.01138	0.01586	0.01028	0.00924	0.11609	0.01855	0.64657	0.03790	0.02094	0.01561	0.00797	0.00632	0.00199	0.00545	0.00620	0.00732	0.01031
27	0.08517	0.42668	0.21201	0.01234	0.01793	0.05010	0.01283	0.01916	0.02815	0.05080	0.01185	0.01335	0.02387	0.00628	0.00493	0.00171	0.00704	0.00420	0.00332	0.00826
28	0.72313	0.01261	0.01044	0.00912	0.01290	0.01421	0.00737	0.10679	0.01276	0.02823	0.00995	0.01156	0.00782	0.00632	0.00437	0.00199	0.00511	0.00379	0.00424	0.00731
29	0.00824	0.00595	0.00753	0.00874	0.00927	0.00543	0.00584	0.00897	0.01194	0.01593	0.03423	0.73955	0.07824	0.01854	0.00782	0.00253	0.00375	0.01645	0.00573	0.00533
30	0.01327	0.01230	0.02022	0.50998	0.29005	0.01378	0.01705	0.01664	0.01287	0.01733	0.01164	0.01657	0.00931	0.00632	0.00625	0.00206	0.00778	0.00552	0.00307	0.00798
31	0.01631	0.01356	0.01427	0.01261	0.01610	0.01526	0.00978	0.11826	0.63485	0.02656	0.02396	0.02270	0.03072	0.00859	0.00638	0.00214	0.00517	0.00683	0.00622	0.00973
32	0.82341	0.01199	0.00935	0.00841	0.01206	0.01359	0.00678	0.01780	0.01061	0.02693	0.00923	0.01101	0.00737	0.00613	0.00410	0.00200	0.00488	0.00353	0.00397	0.00686
33	0.01082	0.01271	0.17028	0.01055	0.01381	0.00895	0.00979	0.01570	0.10619	0.02294	0.46335	0.03568	0.07289	0.01079	0.00690	0.00205	0.00464	0.00904	0.00577	0.00716
34	0.01538	0.01300	0.01364	0.01226	0.01558	0.01460	0.00945	0.05726	0.66900	0.02520	0.02608	0.02461	0.05860	0.00892	0.00642	0.00216	0.00496	0.00715	0.00621	0.00951
35	0.01323	0.12517	0.66261	0.01637	0.02448	0.01522	0.02028	0.01897	0.01289	0.01881	0.01124	0.01343	0.00844	0.00619	0.00577	0.00197	0.00861	0.00451	0.00285	0.00898
36	0.01122	0.00590	0.00839	0.00834	0.00845	0.00574	0.00556	0.00844	0.00833	0.01122	0.01120	0.01909	0.01111	0.02068	0.02289	0.81655	0.00542	0.00540	0.00291	0.00316
37	0.01128	0.00901	0.01082	0.00942	0.01265	0.00733	0.00718	0.01310	0.01281	0.01875	0.04950	0.23976	0.02279	0.01065	0.00621	0.00175	0.00449	0.09272	0.00471	0.45508
38	0.01362	0.02775	0.63426	0.01931	0.11575	0.01390	0.02078	0.01939	0.01323	0.04671	0.01205	0.01432	0.00891	0.00627	0.00603	0.00202	0.00856	0.00482	0.00307	0.00924
39	0.01427	0.01154	0.01340	0.01009	0.01491	0.00963	0.00798	0.04818	0.04508	0.05019	0.01253	0.01441	0.01028	0.00571	0.00567	0.00128	0.04095	0.00420	0.00413	0.67559
40	0.00896	0.00644	0.00809	0.00904	0.00972	0.00603	0.00615	0.04054	0.01281	0.01728	0.07145	0.70557	0.03864	0.01790	0.00775	0.00250	0.00387	0.01587	0.00581	0.00558
41	0.11432	0.02817	0.65991	0.01609	0.02403	0.01399	0.01983	0.01893	0.01266	0.02033	0.01124	0.01344	0.00829	0.00624	0.00575	0.00203	0.00840	0.00452	0.00298	0.00884
42	0.01888	0.01223	0.01645	0.03919	0.01792	0.01227	0.09910	0.10610	0.20883	0.25431	0.12516	0.02371	0.02052	0.00839	0.00659	0.00207	0.00577	0.00706	0.00622	0.00922
43	0.01512	0.01426	0.02354	0.03070	0.54327	0.01420	0.10151	0.01990	0.10126	0.02072	0.04316	0.01804	0.01301	0.00647	0.00641	0.00199	0.00715	0.00610	0.00376	0.00942
44	0.02236	0.01659	0.01774	0.01383	0.01847	0.01803	0.01125	0.67378	0.06069	0.03621	0.01533	0.01574	0.01123	0.00765	0.00624	0.00193	0.00660	0.00559	0.00608	0.03467
45	0.02679	0.01088	0.01434	0.01117	0.01570	0.00950	0.00908	0.05291	0.01760	0.72680	0.02351	0.02098	0.01518	0.00789	0.00631	0.00200	0.00537	0.00616	0.00745	0.01040
46	0.00916	0.00673	0.00821	0.00786	0.00931	0.00607	0.00573	0.01119	0.01605	0.02227	0.58550	0.06882	0.15638	0.04939	0.00837	0.00224	0.00334	0.01111	0.00641	0.00587
47	0.01479	0.15559	0.45663	0.01689	0.02387	0.10182	0.10687	0.01950	0.01353	0.01816	0.01114	0.01352	0.00863	0.00614	0.00583	0.00192	0.00887	0.00471	0.00297	0.00863
48	0.00880	0.00631	0.00795	0.00883	0.00950	0.00586	0.00599	0.02699	0.01279	0.01734	0.12107	0.64585	0.03978	0.04138	0.00842	0.00257	0.00384	0.01542	0.00581	0.00550
49	0.01063	0.00814	0.00964	0.00902	0.01090	0.00802	0.00677	0.01582	0.16880	0.02398	0.54949	0.04081	0.07847	0.01187	0.00712	0.00208	0.00359	0.02147	0.00656	0.00681
50	0.01440	0.01505	0.02956	0.16027	0.11838	0.01479	0.48345	0.01903	0.04307	0.01920	0.01295	0.01719	0.01006	0.00596	0.00695	0.00213	0.00918	0.00667	0.00337	0.00835
51	0.01551	0.02261	0.43975	0.01785	0.11285	0.01316	0.01752	0.02073	0.04678	0.14334	0.04512	0.01703	0.01227	0.00706	0.00673	0.00205	0.04101	0.00542	0.00400	0.00921
52	0.00919	0.00638	0.00765	0.00800	0.00833	0.00624	0.00504	0.00943	0.01008	0.01367	0.02293	0.25569	0.02619	0.46823	0.11128	0.00526	0.00652	0.01082	0.00439	0.00468
53	0.00824	0.00599	0.00750	0.00865	0.00924	0.00544	0.00581	0.00898	0.01202	0.01596	0.03529	0.71054	0.10656	0.01840	0.00780	0.00251	0.00373	0.01628	0.00573	0.00533
54	0.01857	0.05606	0.17741	0.01802	0.11100	0.41737	0.01443	0.02161	0.03714	0.01718	0.01206	0.01573	0.01024	0.00700	0.00592	0.00186	0.00934	0.03763	0.00342	0.00803

[dist]
# distance from previous block
# <min> <max>
30	36

[block]
# block no. 4 follows, 40 sequences, length 21
# corresponding to MSA columns:
# 379-399
name=unknown_E
#
# <colnr> <probs for GDERKNQSTAVLIFYWHMCP>
#	G	D	E	R	K	N	Q	S	T	A	V	L	I	F	Y	W	H	M	C	P
0	0.01047	0.00667	0.00839	0.00857	0.00980	0.00643	0.00614	0.07016	0.01319	0.08983	0.06584	0.46867	0.06206	0.09687	0.00944	0.00257	0.00406	0.04977	0.00546	0.00560
1	0.00812	0.00565	0.00642	0.00649	0.00688	0.00545	0.00394	0.00859	0.00989	0.01302	0.07744	0.10203	0.12431	0.57131	0.02311	0.00460	0.00488	0.00977	0.00413	0.00395
2	0.01330	0.01167	0.03890	0.01373	0.09649	0.01200	0.00999	0.11625	0.31231	0.02276	0.04582	0.09124	0.08815	0.00993	0.00636	0.00202	0.00502	0.09079	0.00531	0.00796
3	0.01051	0.01538	0.28717	0.08160	0.01787	0.00924	0.01247	0.01481	0.01449	0.05256	0.38270	0.02843	0.03138	0.00879	0.00623	0.00184	0.00544	0.00754	0.00464	0.00691
4	0.01098	0.01034	0.01744	0.78165	0.04005	0.01292	0.01615	0.01486	0.01163	0.01486	0.01034	0.01550	0.00775	0.00581	0.00581	0.00194	0.00775	0.00517	0.00258	0.00646
5	0.59663	0.03535	0.08417	0.00936	0.01359	0.01391	0.00852	0.12197	0.01276	0.02643	0.00942	0.01065	0.00715	0.00566	0.00412	0.00177	0.00518	0.00361	0.02268	0.00705
6	0.01615	0.72392	0.02911	0.01044	0.01522	0.09606	0.01008	0.01798	0.01227	0.01374	0.00817	0.00944	0.00747	0.00507	0.00388	0.00127	0.00664	0.00317	0.00254	0.00739
7	0.00709	0.00506	0.00675	0.00810	0.00843	0.00472	0.00540	0.00810	0.01113	0.01484	0.03205	0.79184	0.03846	0.01822	0.00742	0.00236	0.00337	0.01653	0.00540	0.00472
8	0.01555	0.79913	0.03047	0.00995	0.01493	0.02301	0.00995	0.01741	0.01182	0.01368	0.00808	0.00933	0.00746	0.00498	0.00373	0.00124	0.00622	0.00311	0.00249	0.00746
9	0.00846	0.00564	0.00634	0.00634	0.00634	0.00564	0.00352	0.00846	0.00846	0.01128	0.01832	0.03805	0.02114	0.79563	0.02960	0.00564	0.00564	0.00846	0.00352	0.00352
10	0.02050	0.00887	0.01181	0.00967	0.01315	0.00794	0.00774	0.02345	0.05408	0.52208	0.15265	0.09932	0.02402	0.00913	0.00618	0.00187	0.00439	0.00775	0.00682	0.00858
11	0.01166	0.03008	0.76550	0.01657	0.02517	0.01351	0.02149	0.01842	0.01228	0.01842	0.01044	0.01228	0.00737	0.00552	0.00552	0.00184	0.00859	0.00430	0.00246	0.00859
12	0.01353	0.01524	0.03276	0.02364	0.02913	0.01454	0.68288	0.01821	0.01352	0.01840	0.01228	0.01735	0.00966	0.00551	0.00740	0.00201	0.04090	0.03234	0.00301	0.00769
13	0.00706	0.00514	0.00666	0.00788	0.00838	0.00474	0.00530	0.00812	0.01134	0.01493	0.03467	0.72009	0.10852	0.01788	0.00737	0.00232	0.00333	0.01612	0.00540	0.00474
14	0.01010	0.00505	0.00758	0.00758	0.00758	0.00505	0.00505	0.00758	0.00758	0.01010	0.01010	0.01768	0.01010	0.02020	0.02273	0.83081	0.00505	0.00505	0.00253	0.00253
15	0.01125	0.00780	0.04647	0.00714	0.00907	0.00702	0.00582	0.07930	0.01404	0.02231	0.15004	0.02574	0.02173	0.07282	0.00691	0.00185	0.00360	0.00651	0.49474	0.00585
16	0.01353	0.01293	0.02204	0.22503	0.57678	0.01359	0.01742	0.01709	0.01283	0.01795	0.01079	0.01467	0.00884	0.00534	0.00577	0.00178	0.00712	0.00518	0.00280	0.00851
17	0.00914	0.00662	0.00905	0.01027	0.01167	0.00653	0.00892	0.01171	0.01337	0.01725	0.03336	0.06472	0.09958	0.01594	0.00793	0.00261	0.00513	0.65553	0.00536	0.00531
18	0.01632	0.01263	0.01624	0.31657	0.02550	0.01451	0.01234	0.36788	0.01894	0.02523	0.01230	0.01511	0.00919	0.00772	0.00732	0.07757	0.00672	0.00520	0.02497	0.00775
19	0.14762	0.01390	0.01764	0.09404	0.23959	0.01517	0.01277	0.31891	0.01845	0.02705	0.01225	0.01499	0.00958	0.00634	0.00551	0.00179	0.00635	0.02515	0.00426	0.00865
20	0.05554	0.01713	0.01700	0.01329	0.01775	0.08675	0.01087	0.64477	0.02563	0.03417	0.01327	0.01346	0.00952	0.00683	0.00567	0.00172	0.00669	0.00501	0.00547	0.00945

[dist]
# distance from previous block
# <min> <max>
0	1

[block]
# block no. 5 follows, 40 sequences, length 26
# corresponding to MSA columns:
# 401-426
name=unknown_F
#
# <colnr> <probs for GDERKNQSTAVLIFYWHMCP>
#	G	D	E	R	K	N	Q	S	T	A	V	L	I	F	Y	W	H	M	C	P
0	0.01198	0.00896	0.00989	0.00887	0.01141	0.00928	0.00688	0.08168	0.23555	0.05798	0.21553	0.03513	0.21485	0.01046	0.00628	0.00187	0.00378	0.00880	0.05377	0.00705
1	0.02183	0.01602	0.01716	0.01318	0.01776	0.01772	0.01088	0.72208	0.02697	0.03628	0.01408	0.01415	0.01001	0.00698	0.00577	0.00174	0.00631	0.00524	0.02606	0.00978
2	0.00831	0.00623	0.00935	0.00935	0.01038	0.00727	0.00727	0.01038	0.00935	0.01350	0.01558	0.02285	0.01454	0.04361	0.77259	0.00935	0.01558	0.00623	0.00312	0.00519
3	0.01352	0.01713	0.10755	0.02372	0.02987	0.01459	0.66645	0.01861	0.01358	0.01861	0.01163	0.01534	0.00868	0.00496	0.00673	0.00195	0.00968	0.00661	0.00289	0.00792
4	0.01493	0.67737	0.14684	0.01100	0.01655	0.02151	0.01178	0.01757	0.01189	0.01443	0.00846	0.00980	0.00745	0.00506	0.00402	0.00134	0.00659	0.00330	0.00248	0.00764
5	0.00720	0.00537	0.00670	0.00750	0.00834	0.00487	0.00519	0.00856	0.01236	0.01624	0.14091	0.52290	0.19954	0.01655	0.00722	0.00220	0.00319	0.01474	0.00554	0.00487
6	0.09906	0.00762	0.00900	0.00829	0.01004	0.00798	0.00638	0.01404	0.09769	0.02323	0.55252	0.03566	0.04289	0.01064	0.00706	0.00188	0.04516	0.00898	0.00584	0.00604
7	0.01431	0.16887	0.22536	0.02437	0.37419	0.06087	0.01693	0.01824	0.01290	0.01754	0.01014	0.01262	0.00828	0.00528	0.00528	0.00165	0.00745	0.00446	0.00270	0.00856
8	0.01084	0.00542	0.00542	0.00542	0.00678	0.00542	0.00407	0.01355	0.01220	0.02168	0.01897	0.02168	0.01491	0.00678	0.00407	0.00136	0.00271	0.00542	0.82791	0.00542
9	0.00981	0.00678	0.00797	0.00842	0.00882	0.00647	0.00543	0.00997	0.01077	0.01447	0.02475	0.24467	0.02832	0.48120	0.02129	0.00461	0.00551	0.09106	0.00475	0.00492
10	0.01684	0.01394	0.01734	0.01944	0.22075	0.01488	0.01238	0.10524	0.39431	0.04598	0.02063	0.02278	0.01643	0.00839	0.00661	0.00219	0.00601	0.04047	0.00554	0.00985
11	0.00871	0.00635	0.00782	0.00892	0.00959	0.00573	0.00599	0.00934	0.01235	0.01640	0.03608	0.69203	0.11998	0.01854	0.00797	0.00258	0.00389	0.01626	0.00587	0.00558
12	0.00940	0.00710	0.00829	0.00793	0.00962	0.00625	0.00583	0.01123	0.01623	0.02201	0.50481	0.04902	0.29145	0.01372	0.00749	0.00215	0.00339	0.01146	0.00651	0.00611
13	0.00929	0.00722	0.00818	0.00846	0.01022	0.00637	0.00651	0.01072	0.01445	0.01836	0.12937	0.10112	0.44592	0.01574	0.00780	0.00242	0.00410	0.18189	0.00598	0.00590
14	0.01541	0.08704	0.08496	0.02633	0.22668	0.01585	0.40855	0.01925	0.01423	0.01964	0.01262	0.01657	0.01016	0.00608	0.00681	0.00210	0.00902	0.00633	0.00338	0.00900
15	0.02323	0.01475	0.01642	0.01296	0.01725	0.01533	0.01038	0.48911	0.02382	0.21032	0.01797	0.01907	0.01320	0.05389	0.00781	0.00226	0.00639	0.00606	0.02967	0.01011
16	0.00887	0.00636	0.00804	0.00908	0.00968	0.00579	0.00611	0.00963	0.01271	0.01726	0.11449	0.69063	0.04103	0.01822	0.00797	0.00257	0.00387	0.01606	0.00598	0.00565
17	0.01532	0.01635	0.07176	0.13008	0.19196	0.01511	0.38280	0.05763	0.01489	0.02052	0.01294	0.01714	0.01019	0.00628	0.00696	0.00216	0.00904	0.00647	0.00354	0.00887
18	0.01229	0.01045	0.01488	0.28814	0.02319	0.03310	0.04600	0.01454	0.01217	0.01717	0.01616	0.10649	0.01488	0.01498	0.13236	0.00344	0.10012	0.00717	0.12571	0.00676
19	0.77882	0.04982	0.01072	0.00884	0.01257	0.01430	0.00715	0.01810	0.01099	0.02668	0.00969	0.01164	0.00787	0.00641	0.00431	0.00205	0.00512	0.00368	0.00406	0.00715
20	0.01640	0.49591	0.19002	0.01533	0.10192	0.01991	0.01390	0.01906	0.01321	0.04415	0.01106	0.01313	0.00938	0.00624	0.00513	0.00174	0.00726	0.00424	0.00324	0.00877
21	0.00875	0.00699	0.00748	0.00769	0.00945	0.00598	0.00563	0.00981	0.01395	0.01733	0.07313	0.17048	0.56635	0.01607	0.00765	0.00234	0.00372	0.05555	0.00590	0.00576
22	0.01534	0.01593	0.03088	0.02770	0.23038	0.01538	0.47963	0.01909	0.01422	0.01982	0.01280	0.01720	0.01032	0.00634	0.00791	0.00221	0.05580	0.00674	0.00343	0.00889
23	0.01499	0.01136	0.01324	0.00985	0.01498	0.00874	0.00773	0.01707	0.01347	0.09487	0.01314	0.01497	0.01065	0.00566	0.00515	0.00126	0.00491	0.00422	0.00434	0.72941
24	0.01188	0.00678	0.00918	0.00877	0.00944	0.00629	0.00595	0.00951	0.00909	0.01257	0.01167	0.01911	0.01138	0.01928	0.02111	0.72755	0.00550	0.00538	0.00316	0.08642
25	0.00713	0.00551	0.00651	0.00708	0.00822	0.00489	0.00500	0.00854	0.01265	0.01621	0.12854	0.39386	0.34304	0.01600	0.00712	0.00213	0.00312	0.01403	0.00552	0.00489

[dist]
# distance from previous block
# <min> <max>
0	2

[block]
# block no. 6 follows, 40 sequences, length 27
# corresponding to MSA columns:
# 429-455
name=unknown_G
#
# <colnr> <probs for GDERKNQSTAVLIFYWHMCP>
#	G	D	E	R	K	N	Q	S	T	A	V	L	I	F	Y	W	H	M	C	P
0	0.67324	0.14876	0.03129	0.00827	0.01223	0.01479	0.00731	0.01718	0.01029	0.02374	0.00815	0.00950	0.00653	0.00533	0.00367	0.00170	0.00490	0.00317	0.00338	0.00656
1	0.07355	0.01329	0.01408	0.01124	0.01466	0.01461	0.00886	0.50889	0.02146	0.02961	0.01465	0.01967	0.01245	0.20353	0.01160	0.00272	0.00608	0.00590	0.00510	0.00806
2	0.01830	0.01880	0.01461	0.01262	0.01563	0.35525	0.00978	0.22146	0.01939	0.02279	0.19671	0.01972	0.01998	0.00782	0.00606	0.00167	0.02160	0.00588	0.00463	0.00731
3	0.01865	0.01371	0.01504	0.01187	0.01570	0.01491	0.00967	0.55819	0.02463	0.03333	0.19907	0.02131	0.02111	0.00820	0.00608	0.00177	0.00549	0.00655	0.00596	0.00879
4	0.01082	0.00742	0.00852	0.00852	0.00999	0.00767	0.00621	0.11558	0.08023	0.02050	0.02546	0.41972	0.02666	0.01284	0.00622	0.00199	0.00375	0.01126	0.21060	0.00604
5	0.00737	0.00528	0.00700	0.00790	0.00850	0.00491	0.00542	0.00881	0.01246	0.01696	0.21264	0.60522	0.04255	0.01664	0.00728	0.00223	0.00322	0.01503	0.00565	0.00491
6	0.09467	0.01434	0.01663	0.20442	0.02290	0.01630	0.01188	0.49230	0.02181	0.03024	0.01252	0.01393	0.00902	0.00654	0.00561	0.00180	0.00656	0.00503	0.00481	0.00870
7	0.01632	0.01443	0.02207	0.03013	0.57450	0.01487	0.01615	0.19791	0.01676	0.02340	0.01169	0.01429	0.00938	0.00563	0.00577	0.00173	0.00678	0.00519	0.00361	0.00938
8	0.00771	0.00554	0.00712	0.00787	0.00818	0.00548	0.00520	0.00860	0.01074	0.01449	0.07650	0.52511	0.03412	0.21135	0.01334	0.00315	0.03236	0.01370	0.00489	0.00454
9	0.01078	0.00847	0.00880	0.00779	0.01029	0.00823	0.00601	0.19079	0.01644	0.02063	0.04497	0.04429	0.52115	0.06537	0.00814	0.00216	0.00399	0.01026	0.00538	0.00606
10	0.01222	0.01267	0.02301	0.01863	0.04754	0.01409	0.31536	0.01505	0.01147	0.01626	0.01373	0.14954	0.01355	0.00919	0.01145	0.00224	0.29615	0.00783	0.00322	0.00680
11	0.01360	0.01653	0.07705	0.02405	0.03009	0.01464	0.69634	0.01862	0.01364	0.01862	0.01169	0.01549	0.00874	0.00494	0.00678	0.00195	0.00973	0.00671	0.00291	0.00789
12	0.01977	0.01540	0.01754	0.01385	0.01734	0.01798	0.01147	0.55894	0.02274	0.03100	0.01238	0.01365	0.00933	0.00778	0.00913	0.00194	0.20055	0.00520	0.00500	0.00901
13	0.21487	0.00748	0.00915	0.00892	0.01060	0.00871	0.00703	0.01206	0.00948	0.01664	0.01371	0.01950	0.01248	0.03408	0.58083	0.00746	0.01281	0.00546	0.00324	0.00547
14	0.01161	0.01096	0.01663	0.01455	0.01555	0.01384	0.08330	0.01366	0.01054	0.01526	0.01449	0.02706	0.01478	0.01395	0.07874	0.00309	0.44882	0.18368	0.00333	0.00616
15	0.46998	0.01085	0.01334	0.01140	0.01485	0.01165	0.13442	0.01634	0.01158	0.03834	0.01471	0.02475	0.01368	0.00801	0.00532	0.00205	0.00564	0.18266	0.00400	0.00641
16	0.01343	0.05672	0.01569	0.04095	0.05931	0.01158	0.08652	0.02086	0.25511	0.08174	0.20250	0.02480	0.03450	0.00797	0.00601	0.00179	0.00502	0.00707	0.00515	0.06327
17	0.01021	0.00828	0.01236	0.01613	0.19762	0.00814	0.01058	0.01289	0.01343	0.01787	0.07128	0.07695	0.10598	0.01304	0.00725	0.00230	0.00526	0.39935	0.00480	0.00625
18	0.01524	0.67105	0.09340	0.01148	0.01677	0.03761	0.05353	0.01769	0.01207	0.01439	0.00852	0.00998	0.00753	0.00504	0.00410	0.00134	0.00672	0.00344	0.00252	0.00757
19	0.01630	0.01287	0.01426	0.01223	0.01524	0.03505	0.00975	0.13558	0.39860	0.09434	0.06453	0.02009	0.01679	0.00820	0.00781	0.00198	0.11593	0.00625	0.00549	0.00867
20	0.21467	0.00721	0.00779	0.00736	0.00926	0.00729	0.00562	0.01217	0.01432	0.02305	0.48471	0.07947	0.08477	0.01081	0.00608	0.00186	0.00323	0.00914	0.00558	0.00561
21	0.02062	0.01518	0.01648	0.01259	0.01728	0.01625	0.01036	0.60003	0.04474	0.05471	0.01399	0.01408	0.01006	0.00664	0.00561	0.00163	0.00602	0.00504	0.00553	0.12317
22	0.00823	0.01130	0.19595	0.01021	0.01261	0.00691	0.00941	0.01067	0.01142	0.01574	0.02666	0.59745	0.03071	0.01505	0.00695	0.00223	0.00468	0.01348	0.00466	0.00569
23	0.02080	0.01327	0.01494	0.01197	0.01615	0.01417	0.00972	0.33181	0.22546	0.23387	0.01998	0.01850	0.02704	0.00744	0.00587	0.00183	0.00543	0.00591	0.00622	0.00961
24	0.63194	0.20771	0.01401	0.00822	0.01216	0.01553	0.00721	0.01717	0.01038	0.02300	0.00809	0.00942	0.00659	0.00529	0.00363	0.00166	0.00493	0.00314	0.00332	0.00659
25	0.01157	0.03732	0.00999	0.00886	0.01103	0.00967	0.00676	0.03709	0.29426	0.02118	0.06361	0.16690	0.07413	0.01008	0.00577	0.00185	0.00379	0.00857	0.21065	0.00689
26	0.01133	0.00815	0.00937	0.00897	0.01108	0.00831	0.00672	0.01765	0.24715	0.09045	0.11447	0.24100	0.17705	0.01247	0.00662	0.00204	0.00376	0.01082	0.00585	0.00676

[dist]
# distance from previous block
# <min> <max>
0	1

[block]
# block no. 7 follows, 40 sequences, length 21
# corresponding to MSA columns:
# 457-477
name=unknown_H
#
# <colnr> <probs for GDERKNQSTAVLIFYWHMCP>
#	G	D	E	R	K	N	Q	S	T	A	V	L	I	F	Y	W	H	M	C	P
0	0.01248	0.00871	0.01020	0.00908	0.01139	0.00873	0.00704	0.19965	0.01785	0.06599	0.28085	0.16071	0.13943	0.01193	0.00666	0.00194	0.00402	0.03071	0.00595	0.00666
1	0.01418	0.01519	0.02620	0.09787	0.26720	0.07783	0.32851	0.01848	0.03665	0.01811	0.01292	0.01621	0.03153	0.00556	0.00624	0.00184	0.00835	0.00604	0.00306	0.00802
2	0.00907	0.00640	0.00849	0.00945	0.01046	0.00637	0.00773	0.01102	0.01211	0.01577	0.02832	0.05822	0.04967	0.21763	0.01358	0.00342	0.00536	0.51718	0.00488	0.00487
3	0.00821	0.00647	0.00948	0.20799	0.01643	0.00692	0.00802	0.00988	0.01103	0.01454	0.02526	0.52672	0.02904	0.08138	0.00890	0.00253	0.00470	0.01290	0.00451	0.00507
4	0.00806	0.00515	0.00640	0.00740	0.00801	0.00490	0.00505	0.00951	0.01141	0.01661	0.02867	0.59267	0.03237	0.01526	0.00655	0.00210	0.00320	0.01366	0.21810	0.00490
5	0.01436	0.02651	0.57205	0.01575	0.02332	0.01468	0.01879	0.20501	0.01617	0.02313	0.01135	0.01271	0.00802	0.00590	0.00560	0.00182	0.00803	0.00454	0.00332	0.00893
6	0.00838	0.00717	0.00941	0.20713	0.01664	0.00722	0.00794	0.01058	0.01311	0.01638	0.10712	0.08664	0.41914	0.01252	0.00676	0.00203	0.00438	0.04718	0.00481	0.00547
7	0.62160	0.01174	0.01106	0.00973	0.01241	0.01436	0.00803	0.01640	0.00975	0.02309	0.00815	0.01053	0.00681	0.00675	0.00768	0.00202	0.20639	0.00371	0.00338	0.00640
8	0.00795	0.00569	0.00764	0.00882	0.00952	0.00540	0.00651	0.00950	0.01228	0.01639	0.09366	0.53830	0.03865	0.01720	0.00760	0.00243	0.00389	0.19802	0.00552	0.00504
9	0.01369	0.56480	0.05117	0.01014	0.01423	0.01866	0.00973	0.01574	0.01130	0.01396	0.01028	0.01317	0.00945	0.01510	0.20270	0.00339	0.00878	0.00402	0.00271	0.00700
10	0.01261	0.01187	0.01911	0.02803	0.56315	0.01159	0.01442	0.01549	0.01334	0.01829	0.02351	0.02537	0.20275	0.00776	0.00612	0.00182	0.00593	0.00707	0.00359	0.00818
11	0.00762	0.00555	0.00722	0.00841	0.00911	0.00518	0.00603	0.00892	0.01185	0.01553	0.03489	0.58780	0.11636	0.01755	0.00753	0.00240	0.00372	0.13395	0.00544	0.00494
12	0.01228	0.01125	0.01873	0.18208	0.41612	0.01202	0.01481	0.01541	0.01200	0.01687	0.01218	0.01703	0.01045	0.01536	0.20414	0.00377	0.00937	0.00550	0.00294	0.00769
13	0.01410	0.01346	0.02287	0.13486	0.66192	0.01378	0.01766	0.01755	0.01313	0.01859	0.01102	0.01476	0.00917	0.00538	0.00583	0.00179	0.00707	0.00523	0.00290	0.00892
14	0.22806	0.59340	0.02487	0.00947	0.01409	0.02049	0.00907	0.01744	0.01142	0.01705	0.00826	0.00960	0.00732	0.00520	0.00377	0.00142	0.00583	0.00318	0.00283	0.00724
15	0.00849	0.00631	0.00923	0.00922	0.01019	0.00724	0.00704	0.01036	0.00939	0.01348	0.01595	0.02425	0.01520	0.10321	0.71175	0.00906	0.01482	0.00646	0.00320	0.00515
16	0.00918	0.00770	0.00798	0.00762	0.00976	0.00756	0.00569	0.01438	0.20325	0.01791	0.06401	0.04537	0.48341	0.07964	0.00863	0.00231	0.00366	0.01046	0.00545	0.00601
17	0.02077	0.01840	0.01672	0.01364	0.01731	0.20725	0.01094	0.45848	0.02232	0.02840	0.01258	0.01360	0.00951	0.00710	0.00679	0.00176	0.07376	0.00491	0.04711	0.00864
18	0.01327	0.00703	0.00914	0.00832	0.00988	0.00696	0.00602	0.01455	0.01114	0.20713	0.01890	0.02822	0.01728	0.33018	0.23812	0.00552	0.00825	0.00702	0.04723	0.00585
19	0.00799	0.00550	0.00666	0.00728	0.00745	0.00532	0.00447	0.00842	0.00981	0.01310	0.02484	0.38791	0.02930	0.43298	0.01932	0.00414	0.00464	0.01225	0.00445	0.00417
20	0.01267	0.01201	0.00959	0.00888	0.01128	0.20383	0.00672	0.01429	0.01479	0.08006	0.11166	0.04000	0.42879	0.01163	0.00643	0.00185	0.00511	0.00938	0.00508	0.00596

[dist]
# distance from previous block
# <min> <max>
0	1

[block]
# block no. 8 follows, 40 sequences, length 74
# corresponding to MSA columns:
# 479-552
name=unknown_I
#
# <colnr> <probs for GDERKNQSTAVLIFYWHMCP>
#	G	D	E	R	K	N	Q	S	T	A	V	L	I	F	Y	W	H	M	C	P
0	0.75865	0.01126	0.00895	0.00804	0.01152	0.01291	0.00653	0.04496	0.01078	0.02607	0.00980	0.05117	0.00834	0.00627	0.00398	0.00186	0.00459	0.00401	0.00385	0.00646
1	0.01379	0.01787	0.14078	0.02329	0.10322	0.05148	0.47969	0.01844	0.01349	0.01833	0.01175	0.01544	0.00908	0.00726	0.04693	0.00232	0.00972	0.00618	0.00295	0.00801
2	0.01188	0.06467	0.68890	0.01584	0.02381	0.01364	0.02004	0.01797	0.01218	0.01800	0.01095	0.01379	0.00830	0.04730	0.00680	0.00205	0.00839	0.00453	0.00259	0.00837
3	0.00831	0.00548	0.00726	0.00836	0.00894	0.00506	0.00566	0.00933	0.01156	0.05451	0.03171	0.74883	0.03729	0.01773	0.00742	0.00237	0.00353	0.01600	0.00556	0.00511
4	0.02091	0.01083	0.01328	0.01099	0.01486	0.01084	0.00881	0.02846	0.29367	0.44167	0.02299	0.02094	0.01585	0.00951	0.04639	0.00230	0.00545	0.00621	0.00656	0.00948
5	0.01823	0.01425	0.01513	0.01245	0.01639	0.01591	0.00999	0.39758	0.33352	0.03043	0.02066	0.01975	0.05282	0.00791	0.00600	0.00189	0.00552	0.00624	0.00590	0.00943
6	0.00783	0.00589	0.00845	0.00901	0.00966	0.00552	0.04752	0.00890	0.01115	0.01490	0.02966	0.66999	0.03513	0.09473	0.00967	0.00270	0.00404	0.01520	0.00513	0.00490
7	0.02188	0.02556	0.01635	0.01462	0.01782	0.65563	0.01107	0.06173	0.04663	0.05918	0.01086	0.01195	0.00863	0.00633	0.00542	0.00159	0.00977	0.00413	0.00358	0.00729
8	0.01201	0.01156	0.01682	0.01443	0.01495	0.01531	0.05152	0.01349	0.00936	0.01422	0.00998	0.01621	0.00977	0.05705	0.14586	0.00386	0.56897	0.00562	0.00279	0.00620
9	0.00778	0.00587	0.00850	0.00925	0.00996	0.00549	0.04435	0.00903	0.01153	0.01538	0.03105	0.70844	0.03672	0.01749	0.00751	0.00239	0.00390	0.05497	0.00533	0.00504
10	0.05291	0.20635	0.40567	0.01348	0.01984	0.01553	0.01549	0.08599	0.01345	0.01946	0.01100	0.01292	0.00853	0.00783	0.04749	0.00212	0.00780	0.00428	0.04174	0.00810
11	0.00853	0.00636	0.00935	0.00934	0.01035	0.00732	0.00718	0.01045	0.00944	0.01360	0.01590	0.02381	0.01503	0.07897	0.73521	0.00918	0.01514	0.00640	0.00321	0.00522
12	0.00864	0.00594	0.00724	0.00723	0.00750	0.00617	0.00454	0.00909	0.00881	0.01203	0.01783	0.03453	0.01968	0.60902	0.21153	0.00657	0.00814	0.00797	0.00349	0.00405
13	0.00744	0.00597	0.00664	0.00706	0.00855	0.00525	0.00517	0.00905	0.02452	0.01602	0.06075	0.26261	0.48787	0.01574	0.00716	0.00215	0.00330	0.05418	0.00549	0.00507
14	0.02068	0.04956	0.01588	0.01191	0.01608	0.01521	0.00979	0.44655	0.09753	0.14721	0.01680	0.01652	0.01199	0.00713	0.00565	0.00175	0.00567	0.00546	0.08926	0.00935
15	0.01496	0.01160	0.01296	0.01036	0.01463	0.01118	0.00822	0.10014	0.26263	0.07798	0.01876	0.01854	0.04935	0.00668	0.00535	0.00150	0.00469	0.00538	0.00498	0.36012
16	0.01946	0.01930	0.20034	0.01406	0.01957	0.01637	0.01346	0.51977	0.02298	0.05481	0.01404	0.03387	0.01034	0.00705	0.00587	0.00182	0.00688	0.00538	0.00509	0.00954
17	0.00867	0.00615	0.00787	0.00745	0.00891	0.00561	0.00557	0.01119	0.01616	0.03740	0.66497	0.07099	0.10219	0.01234	0.00694	0.00189	0.00290	0.01081	0.00637	0.00562
18	0.01548	0.69403	0.09879	0.01081	0.01609	0.02193	0.01112	0.03195	0.02672	0.01498	0.00894	0.01023	0.00790	0.00526	0.00408	0.00136	0.00648	0.00340	0.00269	0.00775
19	0.00917	0.00788	0.02083	0.00915	0.01105	0.00748	0.04115	0.01368	0.15570	0.01815	0.10339	0.30279	0.24908	0.01386	0.00694	0.00213	0.00389	0.01216	0.00549	0.00604
20	0.01393	0.01581	0.03438	0.02460	0.03048	0.01480	0.73590	0.01876	0.01385	0.01881	0.01197	0.01596	0.00902	0.00504	0.00695	0.00200	0.00986	0.00692	0.00301	0.00795
21	0.01187	0.03016	0.76315	0.01669	0.02528	0.01361	0.02153	0.01855	0.01240	0.01860	0.01064	0.01256	0.00757	0.00566	0.00561	0.00188	0.00865	0.00437	0.00253	0.00869
22	0.01393	0.01581	0.03438	0.02460	0.03048	0.01480	0.73590	0.01876	0.01385	0.01881	0.01197	0.01596	0.00902	0.00504	0.00695	0.00200	0.00986	0.00692	0.00301	0.00795
23	0.00903	0.00624	0.00806	0.00752	0.00904	0.00570	0.00565	0.01164	0.01647	0.04923	0.70311	0.04324	0.07880	0.01194	0.00691	0.00187	0.00291	0.01046	0.00645	0.00573
24	0.01086	0.05267	0.01367	0.01119	0.01271	0.02571	0.04250	0.02695	0.01143	0.01588	0.05519	0.02607	0.16162	0.01918	0.21050	0.00401	0.24036	0.00710	0.04638	0.00599
25	0.01123	0.01053	0.01757	0.76240	0.03957	0.01313	0.01613	0.01498	0.01170	0.01504	0.01048	0.01572	0.00795	0.00605	0.00619	0.00199	0.02489	0.00523	0.00266	0.00656
26	0.00822	0.00593	0.00772	0.00762	0.00880	0.00546	0.00556	0.01055	0.01551	0.02180	0.60967	0.19279	0.05164	0.01327	0.00705	0.00197	0.00295	0.01176	0.00626	0.00544
27	0.01308	0.01402	0.02850	0.26680	0.06751	0.01419	0.47188	0.01752	0.01316	0.01763	0.01147	0.01584	0.00870	0.00535	0.00656	0.00198	0.00907	0.00630	0.00290	0.00757
28	0.01459	0.01395	0.02371	0.03575	0.75703	0.01392	0.01790	0.01798	0.01337	0.01918	0.01114	0.01467	0.00941	0.00532	0.00584	0.00177	0.00697	0.00525	0.00295	0.00931
29	0.00731	0.00522	0.00691	0.00824	0.00860	0.00486	0.00549	0.00826	0.01126	0.01504	0.03219	0.78954	0.03856	0.01832	0.00750	0.00240	0.00345	0.01656	0.00546	0.00484
30	0.01293	0.01286	0.01793	0.01539	0.01541	0.01790	0.01279	0.01414	0.00904	0.01419	0.00785	0.01301	0.00783	0.01030	0.01913	0.00258	0.78248	0.00515	0.00262	0.00647
31	0.01293	0.01286	0.01793	0.01539	0.01541	0.01790	0.01279	0.01414	0.00904	0.01419	0.00785	0.01301	0.00783	0.01030	0.01913	0.00258	0.78248	0.00515	0.00262	0.00647
