[name]
unknown

[dist]
# distance from previous block
# <min> <max>
9	426

[block]
# block no. 0 follows, 40 sequences, length 19
# corresponding to MSA columns:
# 479-497
name=unknown_A
#
# <colnr> <probs for GDERKNQSTAVLIFYWHMCP>
#	G	D	E	R	K	N	Q	S	T	A	V	L	I	F	Y	W	H	M	C	P
0	0.01336	0.01277	0.02174	0.26099	0.54211	0.01355	0.01733	0.01694	0.01275	0.01775	0.01076	0.01473	0.00877	0.00537	0.00577	0.00179	0.00716	0.00518	0.00279	0.00838
1	0.01013	0.00759	0.00927	0.00947	0.01133	0.00770	0.00768	0.01526	0.16060	0.04009	0.14396	0.09644	0.15000	0.01347	0.00715	0.00225	0.00428	0.29149	0.00569	0.00616
2	0.01171	0.01108	0.01876	0.62152	0.19446	0.01311	0.01651	0.01550	0.01197	0.01575	0.01047	0.01527	0.00807	0.00568	0.00580	0.00189	0.00757	0.00517	0.00265	0.00705
3	0.00709	0.00506	0.00675	0.00810	0.00843	0.00472	0.00540	0.00810	0.01113	0.01484	0.03205	0.79184	0.03846	0.01822	0.00742	0.00236	0.00337	0.01653	0.00540	0.00472
4	0.01206	0.01034	0.01206	0.00861	0.01378	0.00775	0.00689	0.01464	0.01206	0.01895	0.01034	0.01206	0.00861	0.00431	0.00431	0.00086	0.00431	0.00345	0.00345	0.83118
5	0.01431	0.01318	0.01769	0.01456	0.01840	0.01452	0.16570	0.02827	0.59105	0.02310	0.02111	0.02041	0.01583	0.00725	0.00612	0.00197	0.00572	0.00664	0.00528	0.00891
6	0.01120	0.01058	0.01835	0.68839	0.03793	0.01277	0.07495	0.01511	0.01182	0.01544	0.01080	0.01577	0.00813	0.00578	0.00583	0.00192	0.00772	0.00532	0.03568	0.00653
7	0.02211	0.01629	0.01745	0.01338	0.01803	0.01803	0.01105	0.73997	0.02734	0.03665	0.01396	0.01396	0.00989	0.00698	0.00582	0.00175	0.00640	0.00524	0.00582	0.00989
8	0.01555	0.79913	0.03047	0.00995	0.01493	0.02301	0.00995	0.01741	0.01182	0.01368	0.00808	0.00933	0.00746	0.00498	0.00373	0.00124	0.00622	0.00311	0.00249	0.00746
9	0.00937	0.00669	0.00937	0.01071	0.01205	0.00669	0.00937	0.01205	0.01339	0.01740	0.03079	0.06560	0.03347	0.01606	0.00803	0.00268	0.00535	0.72021	0.00535	0.00535
10	0.00687	0.00589	0.00589	0.00589	0.00785	0.00491	0.00442	0.00835	0.01325	0.01571	0.05891	0.05596	0.75700	0.01473	0.00687	0.00196	0.00295	0.01227	0.00540	0.00491
11	0.01084	0.00542	0.00542	0.00542	0.00678	0.00542	0.00407	0.01355	0.01220	0.02168	0.01897	0.02168	0.01491	0.00678	0.00407	0.00136	0.00271	0.00542	0.82791	0.00542
12	0.79233	0.01117	0.00882	0.00780	0.01144	0.01280	0.00642	0.01771	0.01027	0.06645	0.00891	0.01001	0.00674	0.00550	0.00372	0.00180	0.00452	0.00330	0.00380	0.00649
13	0.00834	0.00610	0.00870	0.00870	0.00952	0.00692	0.00646	0.00997	0.00915	0.01302	0.01617	0.02611	0.01596	0.20504	0.61309	0.00855	0.01344	0.00671	0.00320	0.00483
14	0.02609	0.00990	0.01350	0.01035	0.01484	0.00855	0.00855	0.02834	0.01664	0.76338	0.02294	0.01979	0.01439	0.00720	0.00585	0.00180	0.00495	0.00585	0.00720	0.00990
15	0.01285	0.00755	0.00777	0.00705	0.00904	0.00794	0.00547	0.13158	0.05402	0.02423	0.01841	0.02044	0.01425	0.00687	0.00445	0.00145	0.00341	0.00545	0.65145	0.00634
16	0.00709	0.00506	0.00675	0.00810	0.00843	0.00472	0.00540	0.00810	0.01113	0.01484	0.03205	0.79184	0.03846	0.01822	0.00742	0.00236	0.00337	0.01653	0.00540	0.00472
17	0.01338	0.01288	0.02221	0.25099	0.52481	0.01359	0.04360	0.01701	0.01279	0.01779	0.01079	0.01476	0.00878	0.00535	0.00581	0.00180	0.00726	0.00524	0.00280	0.00837
18	0.83671	0.01125	0.00855	0.00765	0.01125	0.01305	0.00630	0.01709	0.00990	0.02609	0.00810	0.00945	0.00630	0.00540	0.00360	0.00180	0.00450	0.00315	0.00360	0.00630

[dist]
# distance from previous block
# <min> <max>
0	2

[block]
# block no. 1 follows, 40 sequences, length 38
# corresponding to MSA columns:
# 500-537
name=unknown_B
#
# <colnr> <probs for GDERKNQSTAVLIFYWHMCP>
#	G	D	E	R	K	N	Q	S	T	A	V	L	I	F	Y	W	H	M	C	P
0	0.01477	0.01313	0.01329	0.01197	0.01524	0.04629	0.00929	0.03058	0.71809	0.02390	0.02305	0.02123	0.01732	0.00781	0.00589	0.00195	0.00485	0.00646	0.00579	0.00910
1	0.02452	0.00955	0.01299	0.01008	0.01430	0.00828	0.00828	0.02682	0.01663	0.69848	0.08726	0.02187	0.01794	0.00761	0.00594	0.00180	0.00475	0.00626	0.00713	0.00951
2	0.02574	0.01046	0.01384	0.01061	0.01512	0.00938	0.00877	0.09075	0.01758	0.69965	0.02215	0.01928	0.01400	0.00718	0.00585	0.00179	0.00508	0.00579	0.00708	0.00990
3	0.00917	0.00655	0.00914	0.01048	0.01173	0.00652	0.00902	0.01170	0.01319	0.01718	0.03090	0.12929	0.03391	0.01625	0.00798	0.00265	0.00518	0.65850	0.00536	0.00530
4	0.01098	0.01034	0.01744	0.78165	0.04005	0.01292	0.01615	0.01486	0.01163	0.01486	0.01034	0.01550	0.00775	0.00581	0.00581	0.00194	0.00775	0.00517	0.00258	0.00646
5	0.02172	0.02772	0.01648	0.01498	0.01798	0.77228	0.01124	0.02322	0.01648	0.01423	0.00899	0.01049	0.00749	0.00599	0.00524	0.00150	0.01049	0.00375	0.00300	0.00674
6	0.01446	0.01249	0.01315	0.01183	0.01512	0.01446	0.00920	0.03090	0.74885	0.02433	0.02367	0.02170	0.01775	0.00789	0.00592	0.00197	0.00460	0.00657	0.00592	0.00920
7	0.01414	0.01356	0.02315	0.09107	0.70596	0.01375	0.01772	0.01762	0.01312	0.01869	0.01089	0.01448	0.00910	0.00523	0.00576	0.00174	0.00697	0.00518	0.00286	0.00901
8	0.01151	0.01090	0.01828	0.64878	0.13471	0.01325	0.01623	0.01522	0.01172	0.01537	0.01030	0.01523	0.00794	0.00592	0.00639	0.00194	0.04170	0.00517	0.00262	0.00682
9	0.83671	0.01125	0.00855	0.00765	0.01125	0.01305	0.00630	0.01709	0.00990	0.02609	0.00810	0.00945	0.00630	0.00540	0.00360	0.00180	0.00450	0.00315	0.00360	0.00630
10	0.02211	0.01629	0.01745	0.01338	0.01803	0.01803	0.01105	0.73997	0.02734	0.03665	0.01396	0.01396	0.00989	0.00698	0.00582	0.00175	0.00640	0.00524	0.00582	0.00989
11	0.01010	0.00505	0.00758	0.00758	0.00758	0.00505	0.00505	0.00758	0.00758	0.01010	0.01010	0.01768	0.01010	0.02020	0.02273	0.83081	0.00505	0.00505	0.00253	0.00253
12	0.00835	0.00604	0.00839	0.00839	0.00910	0.00675	0.00608	0.00977	0.00906	0.01279	0.01645	0.02769	0.01664	0.28329	0.53579	0.00816	0.01241	0.00694	0.00325	0.00466
13	0.00729	0.00591	0.00647	0.00633	0.00811	0.00509	0.00475	0.00915	0.01424	0.01804	0.27255	0.05213	0.54190	0.01386	0.00687	0.00192	0.00288	0.01173	0.00571	0.00509
14	0.01247	0.02442	0.47819	0.01969	0.02722	0.01398	0.30313	0.01850	0.01285	0.01850	0.01096	0.01362	0.00794	0.00528	0.00605	0.00189	0.00907	0.00531	0.00265	0.00830
15	0.02183	0.08377	0.18870	0.01175	0.01724	0.01096	0.01166	0.02509	0.01521	0.52554	0.01875	0.01714	0.01216	0.00662	0.00559	0.00176	0.00590	0.00525	0.00569	0.00938
16	0.00707	0.00512	0.00668	0.00793	0.00839	0.00474	0.00533	0.00812	0.01129	0.01491	0.03405	0.73721	0.09180	0.01796	0.00738	0.00233	0.00334	0.01622	0.00540	0.00474
17	0.01775	0.01474	0.01384	0.06901	0.01701	0.18740	0.00973	0.02566	0.30884	0.17449	0.08339	0.02016	0.01720	0.00750	0.00582	0.00181	0.00610	0.00601	0.00530	0.00825
18	0.01486	0.01662	0.11065	0.06502	0.06845	0.01494	0.36254	0.14047	0.10517	0.02211	0.01330	0.01566	0.00988	0.00575	0.00630	0.00190	0.00818	0.00607	0.00370	0.00843
19	0.01146	0.00688	0.00928	0.05244	0.01155	0.00643	0.00661	0.01415	0.01615	0.15097	0.57140	0.03799	0.05999	0.01079	0.00662	0.00183	0.00342	0.00944	0.00630	0.00630
20	0.00813	0.00555	0.00639	0.00662	0.00679	0.00544	0.00390	0.00839	0.00920	0.01215	0.02308	0.16886	0.06744	0.61584	0.02444	0.00486	0.00509	0.01007	0.00396	0.00381
21	0.01871	0.01318	0.01589	0.18987	0.02180	0.01466	0.01135	0.38920	0.07504	0.11542	0.01523	0.01608	0.01083	0.00679	0.00571	0.00179	0.00617	0.00540	0.05812	0.00876
22	0.01142	0.02217	0.45790	0.01786	0.07766	0.01222	0.13796	0.01663	0.01239	0.01788	0.01442	0.14719	0.01310	0.00758	0.00609	0.00194	0.00777	0.00690	0.00307	0.00785
23	0.01183	0.06407	0.01770	0.46150	0.02937	0.01439	0.01400	0.03936	0.01136	0.01521	0.01015	0.01505	0.00837	0.01010	0.07593	0.00267	0.18458	0.00511	0.00273	0.00651
24	0.02531	0.01114	0.01427	0.01094	0.01547	0.01040	0.00904	0.16716	0.01873	0.62162	0.02119	0.01866	0.01352	0.00716	0.00584	0.00179	0.00523	0.00573	0.00693	0.00990
25	0.04828	0.00956	0.01211	0.20167	0.13768	0.05410	0.00979	0.01529	0.01238	0.01932	0.01448	0.01779	0.01141	0.00617	0.00482	0.00159	0.00516	0.00512	0.40688	0.00641
26	0.01616	0.57962	0.08216	0.01151	0.01621	0.14636	0.01114	0.01830	0.01250	0.01414	0.00839	0.00989	0.00747	0.00541	0.00479	0.00139	0.04123	0.00339	0.00257	0.00738
27	0.01153	0.00922	0.01145	0.01227	0.04719	0.00997	0.00969	0.01947	0.29267	0.02010	0.02718	0.04660	0.02640	0.01247	0.00713	0.00237	0.00514	0.41670	0.00546	0.00699
28	0.01272	0.01272	0.01781	0.01527	0.01527	0.01781	0.01272	0.01399	0.00891	0.01399	0.00763	0.01272	0.00763	0.01018	0.01908	0.00254	0.78499	0.00509	0.00254	0.00636
29	0.00797	0.00574	0.00754	0.00750	0.00863	0.00531	0.00547	0.01031	0.01523	0.02136	0.58898	0.21632	0.05108	0.01335	0.00699	0.00195	0.00289	0.01191	0.00617	0.00531
30	0.02570	0.01052	0.01388	0.01064	0.01516	0.00948	0.00879	0.09801	0.01769	0.69223	0.02206	0.01922	0.01395	0.00718	0.00584	0.00179	0.00509	0.00579	0.00706	0.00990
31	0.01555	0.79913	0.03047	0.00995	0.01493	0.02301	0.00995	0.01741	0.01182	0.01368	0.00808	0.00933	0.00746	0.00498	0.00373	0.00124	0.00622	0.00311	0.00249	0.00746
32	0.00889	0.00654	0.00870	0.00978	0.01124	0.00635	0.00842	0.01134	0.01336	0.01708	0.03619	0.06375	0.17236	0.01581	0.00781	0.00254	0.00489	0.58431	0.00536	0.00527
33	0.00722	0.00515	0.00690	0.00825	0.00864	0.00484	0.00563	0.00832	0.01126	0.01499	0.03198	0.74997	0.03817	0.01809	0.00746	0.00238	0.00349	0.05709	0.00540	0.00476
34	0.00823	0.00594	0.00777	0.00732	0.00869	0.00549	0.00549	0.01097	0.01646	0.02332	0.75629	0.04344	0.05487	0.01189	0.00686	0.00183	0.00274	0.01052	0.00640	0.00549
35	0.01396	0.01591	0.10286	0.03061	0.49854	0.01400	0.18445	0.01837	0.02928	0.01897	0.01135	0.01463	0.00912	0.00521	0.00599	0.00180	0.00770	0.00551	0.00292	0.00883
36	0.00823	0.00594	0.00777	0.00732	0.00869	0.00549	0.00549	0.01097	0.01646	0.02332	0.75629	0.04344	0.05487	0.01189	0.00686	0.00183	0.00274	0.01052	0.00640	0.00549
37	0.02174	0.02732	0.01651	0.01493	0.01798	0.74636	0.01123	0.04786	0.01685	0.01500	0.00916	0.01061	0.00757	0.00603	0.00526	0.00151	0.01035	0.00380	0.00309	0.00685

[dist]
# distance from previous block
# <min> <max>
0	42

# created by:
# /software/SequenceAnalysis/GenePrediction/augustus/3.0.1/scripts/msa2prfl.pl ./fixed/BUSCOvEOG7VX3K7.fas
