[name]
unknown

[dist]
# distance from previous block
# <min> <max>
0	157

[block]
# block no. 0 follows, 41 sequences, length 108
# corresponding to MSA columns:
# 175-282
name=unknown_A
#
# <colnr> <probs for GDERKNQSTAVLIFYWHMCP>
#	G	D	E	R	K	N	Q	S	T	A	V	L	I	F	Y	W	H	M	C	P
0	0.83067	0.01155	0.00893	0.00802	0.01160	0.01319	0.00651	0.01728	0.01020	0.02622	0.00870	0.01031	0.00690	0.00579	0.00387	0.00190	0.00467	0.00335	0.00378	0.00657
1	0.01491	0.01276	0.01341	0.01210	0.01536	0.01457	0.00934	0.03070	0.74497	0.02450	0.02385	0.02222	0.01804	0.00821	0.00612	0.00207	0.00477	0.00668	0.00603	0.00939
2	0.02560	0.01122	0.01435	0.01112	0.01559	0.01028	0.00908	0.14019	0.01841	0.64508	0.02176	0.01948	0.01408	0.00750	0.00605	0.00189	0.00533	0.00588	0.00707	0.01006
3	0.01257	0.01066	0.01234	0.00896	0.01406	0.00805	0.00709	0.01489	0.01230	0.01927	0.01088	0.01285	0.00915	0.00473	0.00455	0.00099	0.00449	0.00363	0.00363	0.82490
4	0.02234	0.01645	0.01759	0.01360	0.01820	0.01804	0.01114	0.73641	0.02716	0.03648	0.01441	0.01470	0.01039	0.00733	0.00602	0.00185	0.00652	0.00537	0.00594	0.01006
5	0.83067	0.01155	0.00893	0.00802	0.01160	0.01319	0.00651	0.01728	0.01020	0.02622	0.00870	0.01031	0.00690	0.00579	0.00387	0.00190	0.00467	0.00335	0.00378	0.00657
6	0.02622	0.01023	0.01374	0.01065	0.01510	0.00882	0.00870	0.02821	0.01676	0.75937	0.02314	0.02037	0.01477	0.00754	0.00605	0.00190	0.00511	0.00597	0.00728	0.01006
7	0.01322	0.01298	0.01794	0.01543	0.01551	0.01783	0.01276	0.01426	0.00924	0.01445	0.00825	0.01350	0.00820	0.01044	0.01892	0.00262	0.77984	0.00523	0.00275	0.00663
8	0.01491	0.01276	0.01341	0.01210	0.01536	0.01457	0.00934	0.03070	0.74497	0.02450	0.02385	0.02222	0.01804	0.00821	0.00612	0.00207	0.00477	0.00668	0.00603	0.00939
9	0.01219	0.02986	0.76121	0.01671	0.02513	0.01364	0.02128	0.01856	0.01252	0.01875	0.01098	0.01306	0.00794	0.00591	0.00574	0.00194	0.00866	0.00446	0.00267	0.00880
10	0.01257	0.01066	0.01234	0.00896	0.01406	0.00805	0.00709	0.01489	0.01230	0.01927	0.01088	0.01285	0.00915	0.00473	0.00455	0.00099	0.00449	0.00363	0.00363	0.82490
11	0.01067	0.00552	0.00799	0.00795	0.00803	0.00542	0.00530	0.00802	0.00794	0.01067	0.01065	0.01832	0.01060	0.02018	0.02247	0.82424	0.00521	0.00519	0.00274	0.00290
12	0.01521	0.01291	0.01357	0.01216	0.01548	0.01471	0.00941	0.05927	0.71591	0.02498	0.02346	0.02192	0.01773	0.00818	0.00612	0.00206	0.00484	0.00662	0.00603	0.00942
13	0.00906	0.00612	0.00690	0.00687	0.00698	0.00605	0.00396	0.00895	0.00883	0.01189	0.01854	0.03756	0.02108	0.76142	0.05782	0.00577	0.00616	0.00842	0.00369	0.00393
14	0.00885	0.00639	0.00818	0.00770	0.00911	0.00584	0.00572	0.01132	0.01658	0.02352	0.75246	0.04337	0.05413	0.01210	0.00704	0.00193	0.00297	0.01051	0.00651	0.00578
15	0.00932	0.00650	0.00830	0.00776	0.00926	0.00592	0.00579	0.01175	0.01652	0.04459	0.71606	0.04297	0.06845	0.01203	0.00701	0.00193	0.00303	0.01042	0.00651	0.00589
16	0.00885	0.00639	0.00818	0.00770	0.00911	0.00584	0.00572	0.01132	0.01658	0.02352	0.75246	0.04337	0.05413	0.01210	0.00704	0.00193	0.00297	0.01051	0.00651	0.00578
17	0.01601	0.01468	0.02393	0.03026	0.53803	0.01474	0.10981	0.13798	0.01580	0.02214	0.01206	0.01522	0.00979	0.00583	0.00611	0.00186	0.00730	0.00554	0.00356	0.00934
18	0.01596	0.79390	0.03025	0.01026	0.01517	0.02288	0.01006	0.01759	0.01207	0.01415	0.00869	0.01020	0.00803	0.00538	0.00399	0.00136	0.00635	0.00331	0.00270	0.00770
19	0.01246	0.01075	0.04199	0.00933	0.01383	0.00810	0.00762	0.01518	0.03472	0.04778	0.03372	0.08323	0.03328	0.00684	0.00517	0.00131	0.00456	0.02005	0.00413	0.60594
20	0.04413	0.55640	0.17011	0.01159	0.01699	0.01987	0.01211	0.01824	0.01226	0.05497	0.00989	0.01138	0.00833	0.00574	0.00483	0.00155	0.02693	0.00372	0.00298	0.00797
21	0.01011	0.00772	0.00933	0.00906	0.01083	0.00769	0.00701	0.01505	0.15709	0.02211	0.43126	0.06343	0.08152	0.01235	0.00707	0.00212	0.00378	0.12993	0.00616	0.00641
22	0.01484	0.01405	0.02357	0.03530	0.75527	0.01394	0.01774	0.01801	0.01345	0.01932	0.01147	0.01512	0.00973	0.00558	0.00596	0.00183	0.00702	0.00532	0.00308	0.00940
23	0.01322	0.01298	0.01794	0.01543	0.01551	0.01783	0.01276	0.01426	0.00924	0.01445	0.00825	0.01350	0.00820	0.01044	0.01892	0.00262	0.77984	0.00523	0.00275	0.00663
24	0.01467	0.01403	0.04071	0.14466	0.47731	0.01372	0.13596	0.01815	0.01342	0.05110	0.01201	0.01568	0.00963	0.00572	0.00615	0.00190	0.00756	0.00560	0.00322	0.00879
25	0.00753	0.00634	0.00635	0.00632	0.00830	0.00528	0.00468	0.00877	0.01347	0.01612	0.05812	0.05555	0.75309	0.01486	0.00705	0.00206	0.00316	0.01222	0.00553	0.00521
26	0.01152	0.01066	0.01758	0.77688	0.03961	0.01307	0.01609	0.01510	0.01188	0.01529	0.01088	0.01620	0.00831	0.00619	0.00602	0.00203	0.00784	0.00531	0.00279	0.00672
27	0.01247	0.02281	0.46985	0.04565	0.13590	0.01302	0.06335	0.01807	0.04484	0.01874	0.01371	0.06100	0.01153	0.00706	0.00609	0.00200	0.00786	0.03441	0.00319	0.00845
28	0.00757	0.00634	0.00641	0.00636	0.00832	0.00530	0.00472	0.00885	0.01357	0.01636	0.08062	0.05515	0.73043	0.01477	0.00705	0.00206	0.00316	0.01216	0.00556	0.00523
29	0.00789	0.00635	0.00684	0.00669	0.00852	0.00543	0.00497	0.00946	0.01431	0.01813	0.24655	0.05224	0.56340	0.01411	0.00705	0.00202	0.00311	0.01175	0.00580	0.00537
30	0.01219	0.02986	0.76121	0.01671	0.02513	0.01364	0.02128	0.01856	0.01252	0.01875	0.01098	0.01306	0.00794	0.00591	0.00574	0.00194	0.00866	0.00446	0.00267	0.00880
31	0.03205	0.02905	0.72607	0.01692	0.04156	0.01364	0.02084	0.01852	0.01248	0.01895	0.01093	0.01305	0.00795	0.00590	0.00570	0.00194	0.00852	0.00446	0.00270	0.00876
32	0.01219	0.02986	0.76121	0.01671	0.02513	0.01364	0.02128	0.01856	0.01252	0.01875	0.01098	0.01306	0.00794	0.00591	0.00574	0.00194	0.00866	0.00446	0.00267	0.00880
33	0.01219	0.02986	0.76121	0.01671	0.02513	0.01364	0.02128	0.01856	0.01252	0.01875	0.01098	0.01306	0.00794	0.00591	0.00574	0.00194	0.00866	0.00446	0.00267	0.00880
34	0.01229	0.02833	0.69566	0.04713	0.06201	0.01363	0.02090	0.01840	0.01254	0.01865	0.01100	0.01329	0.00804	0.00591	0.00576	0.00194	0.00854	0.00454	0.00269	0.00875
35	0.00795	0.00640	0.00694	0.00691	0.00873	0.00551	0.00521	0.00952	0.01409	0.01770	0.19376	0.05377	0.56619	0.01440	0.00712	0.00208	0.00328	0.05936	0.00572	0.00536
36	0.02197	0.02756	0.01664	0.01516	0.01814	0.76769	0.01131	0.02323	0.01660	0.01468	0.00957	0.01132	0.00806	0.00637	0.00546	0.00161	0.01050	0.00393	0.00319	0.00700
37	0.00892	0.00667	0.00971	0.00968	0.01076	0.00758	0.00746	0.01075	0.00967	0.01397	0.01598	0.02334	0.01491	0.04295	0.76784	0.00924	0.01545	0.00634	0.00331	0.00549
38	0.01085	0.00881	0.01279	0.15069	0.10857	0.00936	0.01082	0.03262	0.03648	0.01740	0.02330	0.22171	0.02464	0.01383	0.03338	0.00261	0.02867	0.24246	0.00459	0.00642
39	0.01429	0.01390	0.02452	0.13178	0.53943	0.01397	0.13711	0.01775	0.01332	0.01872	0.01152	0.01547	0.00948	0.00561	0.00615	0.00189	0.00759	0.00559	0.00305	0.00882
40	0.01152	0.01066	0.01758	0.77688	0.03961	0.01307	0.01609	0.01510	0.01188	0.01529	0.01088	0.01620	0.00831	0.00619	0.00602	0.00203	0.00784	0.00531	0.00279	0.00672
41	0.00996	0.00712	0.00973	0.01100	0.01238	0.00702	0.00950	0.01237	0.01360	0.01777	0.03077	0.06491	0.03332	0.01616	0.00818	0.00275	0.00551	0.71683	0.00549	0.00565
42	0.83067	0.01155	0.00893	0.00802	0.01160	0.01319	0.00651	0.01728	0.01020	0.02622	0.00870	0.01031	0.00690	0.00579	0.00387	0.00190	0.00467	0.00335	0.00378	0.00657
43	0.01459	0.23319	0.04250	0.11723	0.04822	0.09664	0.04325	0.01673	0.01214	0.01576	0.02597	0.01347	0.00937	0.00686	0.00828	0.00181	0.18677	0.00456	0.00300	0.09965
44	0.01294	0.01256	0.02225	0.43199	0.23839	0.01363	0.14748	0.01658	0.01270	0.01709	0.01130	0.01593	0.00890	0.00586	0.00619	0.00198	0.00797	0.00561	0.00294	0.00772
45	0.01067	0.00552	0.00799	0.00795	0.00803	0.00542	0.00530	0.00802	0.00794	0.01067	0.01065	0.01832	0.01060	0.02018	0.02247	0.82424	0.00521	0.00519	0.00274	0.00290
46	0.00885	0.00639	0.00818	0.00770	0.00911	0.00584	0.00572	0.01132	0.01658	0.02352	0.75246	0.04337	0.05413	0.01210	0.00704	0.00193	0.00297	0.01051	0.00651	0.00578
47	0.01748	0.01533	0.01663	0.01536	0.07817	0.11144	0.05324	0.12910	0.37836	0.06894	0.01845	0.01844	0.01397	0.00748	0.00643	0.00196	0.02897	0.00596	0.00522	0.00906
48	0.01596	0.79390	0.03025	0.01026	0.01517	0.02288	0.01006	0.01759	0.01207	0.01415	0.00869	0.01020	0.00803	0.00538	0.00399	0.00136	0.00635	0.00331	0.00270	0.00770
49	0.00777	0.00556	0.00721	0.00844	0.00887	0.00512	0.00564	0.00862	0.01157	0.01555	0.05529	0.76327	0.03869	0.01806	0.00757	0.00243	0.00356	0.01617	0.00556	0.00506
50	0.01615	0.01363	0.02217	0.05607	0.63105	0.01354	0.01654	0.04402	0.01422	0.09508	0.01274	0.01568	0.01022	0.00586	0.00598	0.00184	0.00683	0.00539	0.00360	0.00940
51	0.01447	0.01367	0.02290	0.11873	0.67476	0.01384	0.01756	0.01768	0.01328	0.01887	0.01140	0.01524	0.00957	0.00565	0.00597	0.00185	0.00711	0.00532	0.00305	0.00910
52	0.00782	0.00564	0.00708	0.00816	0.00866	0.00518	0.00542	0.00857	0.01138	0.01509	0.03317	0.67141	0.09604	0.07508	0.00913	0.00265	0.00371	0.01544	0.00539	0.00496
53	0.01175	0.01090	0.01799	0.72547	0.08923	0.01313	0.01621	0.01530	0.01199	0.01557	0.01092	0.01613	0.00841	0.00615	0.00602	0.00202	0.00778	0.00531	0.00281	0.00691
54	0.01423	0.01229	0.01293	0.01164	0.01487	0.01423	0.00905	0.03039	0.75297	0.02393	0.02328	0.02134	0.01746	0.00776	0.00582	0.00194	0.00453	0.00647	0.00582	0.00905
55	0.02106	0.02661	0.01607	0.01460	0.01756	0.74298	0.01097	0.02317	0.04816	0.01443	0.00947	0.01079	0.00781	0.00598	0.00519	0.00149	0.01006	0.00380	0.00307	0.00674
56	0.00994	0.00497	0.00745	0.00745	0.00745	0.00497	0.00497	0.00745	0.00745	0.00994	0.00994	0.01739	0.00994	0.01987	0.02235	0.83358	0.00497	0.00497	0.00248	0.00248
57	0.00696	0.00580	0.00607	0.00601	0.00785	0.00491	0.00450	0.00860	0.01351	0.01658	0.16378	0.05319	0.65444	0.01407	0.00676	0.00191	0.00287	0.01181	0.00546	0.00491
58	0.01416	0.01359	0.02322	0.03511	0.76330	0.01359	0.01755	0.01755	0.01302	0.01869	0.01076	0.01416	0.00906	0.00510	0.00566	0.00170	0.00680	0.00510	0.00283	0.00906
59	0.01168	0.07124	0.72949	0.01595	0.02421	0.01379	0.02052	0.01806	0.01205	0.01786	0.01014	0.01192	0.00725	0.00541	0.00534	0.00178	0.00833	0.00416	0.00242	0.00839
60	0.00817	0.00613	0.00919	0.00919	0.01021	0.00715	0.00715	0.01021	0.00919	0.01328	0.01532	0.02247	0.01430	0.04290	0.77631	0.00919	0.01532	0.00613	0.00306	0.00511
61	0.00697	0.00498	0.00664	0.00796	0.00830	0.00465	0.00531	0.00796	0.01095	0.01460	0.03153	0.79525	0.03783	0.01792	0.00730	0.00232	0.00332	0.01626	0.00531	0.00465
62	0.01529	0.80242	0.02997	0.00979	0.01468	0.02263	0.00979	0.01713	0.01162	0.01346	0.00795	0.00918	0.00734	0.00489	0.00367	0.00122	0.00612	0.00306	0.00245	0.00734
63	0.01289	0.03624	0.01227	0.01057	0.01348	0.01259	0.00825	0.02568	0.57244	0.02302	0.14601	0.02608	0.05856	0.00864	0.00595	0.00189	0.00420	0.00726	0.00577	0.00819
64	0.02566	0.00973	0.01327	0.01018	0.01460	0.00841	0.00841	0.02788	0.01637	0.76726	0.02257	0.01947	0.01416	0.00708	0.00575	0.00177	0.00487	0.00575	0.00708	0.00973
65	0.01186	0.01017	0.01186	0.00847	0.01356	0.00762	0.00678	0.01440	0.01186	0.01864	0.01017	0.01186	0.00847	0.00424	0.00424	0.00085	0.00424	0.00339	0.00339	0.83395
66	0.00793	0.00588	0.00762	0.00740	0.00861	0.00577	0.00549	0.01000	0.01312	0.01812	0.38711	0.03888	0.14802	0.10052	0.20581	0.00409	0.00625	0.00932	0.00503	0.00504
67	0.00696	0.00501	0.00660	0.00788	0.00827	0.00465	0.00527	0.00797	0.01103	0.01463	0.03254	0.76685	0.06558	0.01779	0.00728	0.00231	0.00330	0.01610	0.00531	0.00465
68	0.00677	0.00576	0.00583	0.00589	0.00775	0.00482	0.00439	0.00820	0.01295	0.01541	0.05680	0.08715	0.72961	0.01464	0.00678	0.00195	0.00292	0.01225	0.00531	0.00482
69	0.00697	0.00498	0.00664	0.00796	0.00830	0.00465	0.00531	0.00796	0.01095	0.01460	0.03153	0.79525	0.03783	0.01792	0.00730	0.00232	0.00332	0.01626	0.00531	0.00465
70	0.00685	0.00580	0.00591	0.00588	0.00778	0.00487	0.00441	0.00838	0.01324	0.01593	0.10316	0.05425	0.71546	0.01431	0.00676	0.00192	0.00288	0.01196	0.00537	0.00487
71	0.00832	0.00555	0.00624	0.00624	0.00624	0.00555	0.00347	0.00832	0.00832	0.01109	0.01802	0.03743	0.02080	0.79898	0.02911	0.00555	0.00555	0.00832	0.00347	0.00347
72	0.01416	0.01359	0.02322	0.03511	0.76330	0.01359	0.01755	0.01755	0.01302	0.01869	0.01076	0.01416	0.00906	0.00510	0.00566	0.00170	0.00680	0.00510	0.00283	0.00906
73	0.01340	0.01511	0.03256	0.05993	0.05969	0.01435	0.67973	0.01812	0.01339	0.01816	0.01147	0.01537	0.00865	0.00487	0.00666	0.00192	0.00944	0.00661	0.00287	0.00771
74	0.00937	0.00683	0.00842	0.00780	0.00953	0.00665	0.00592	0.01379	0.11552	0.04486	0.59597	0.03989	0.09085	0.01119	0.00659	0.00183	0.00302	0.00979	0.00620	0.00599
75	0.01108	0.01041	0.01477	0.01310	0.01343	0.01410	0.01074	0.01259	0.00890	0.01360	0.01009	0.01580	0.00975	0.02086	0.26864	0.00471	0.53348	0.00538	0.00269	0.00588
76	0.83938	0.01106	0.00841	0.00752	0.01106	0.01283	0.00619	0.01681	0.00973	0.02566	0.00796	0.00929	0.00619	0.00531	0.00354	0.00177	0.00442	0.00310	0.00354	0.00619
77	0.00816	0.00610	0.00744	0.02739	0.00850	0.00587	0.02905	0.00894	0.01012	0.01299	0.04422	0.04161	0.21780	0.50585	0.02078	0.00421	0.00497	0.02785	0.00402	0.00413
78	0.05394	0.00903	0.01128	0.00971	0.01281	0.00868	0.00761	0.03744	0.12904	0.39567	0.04764	0.21073	0.02133	0.00992	0.00608	0.00193	0.00438	0.00847	0.00624	0.00809
79	0.02101	0.01097	0.03728	0.01026	0.01482	0.00935	0.00863	0.07369	0.06215	0.47654	0.03362	0.01784	0.01345	0.00656	0.00545	0.00159	0.00488	0.00531	0.00598	0.18064
80	0.05607	0.04413	0.01666	0.01525	0.06239	0.56655	0.01112	0.10440	0.04038	0.01760	0.00991	0.01121	0.00801	0.00596	0.00516	0.00154	0.00909	0.00398	0.00336	0.00721
81	0.79022	0.01166	0.00891	0.00790	0.01146	0.03323	0.00648	0.04142	0.01048	0.02570	0.00818	0.00947	0.00634	0.00538	0.00366	0.00176	0.00464	0.00318	0.00360	0.00632
82	0.01390	0.01410	0.04924	0.06393	0.67186	0.01359	0.05418	0.01749	0.01295	0.01849	0.01076	0.01419	0.00892	0.00512	0.00571	0.00172	0.00703	0.00515	0.00281	0.00886
83	0.01344	0.01286	0.02192	0.19602	0.60801	0.01340	0.01720	0.01692	0.01268	0.01781	0.01063	0.01439	0.00875	0.00523	0.00567	0.00174	0.00697	0.00509	0.00277	0.00848
84	0.01381	0.01324	0.02260	0.11157	0.68951	0.01350	0.01738	0.01725	0.01286	0.01827	0.01070	0.01427	0.00891	0.00516	0.00567	0.00172	0.00688	0.00510	0.00280	0.00878
85	0.01014	0.00815	0.00933	0.00863	0.01072	0.00849	0.00659	0.01752	0.27949	0.02246	0.41809	0.03645	0.11988	0.01060	0.00642	0.00186	0.00337	0.00915	0.00602	0.00664
86	0.01251	0.01251	0.01752	0.01502	0.01502	0.01752	0.01251	0.01377	0.00876	0.01377	0.00751	0.01251	0.00751	0.01001	0.01877	0.00250	0.78851	0.00501	0.00250	0.00626
87	0.00817	0.00613	0.00919	0.00919	0.01021	0.00715	0.00715	0.01021	0.00919	0.01328	0.01532	0.02247	0.01430	0.04290	0.77631	0.00919	0.01532	0.00613	0.00306	0.00511
88	0.00817	0.00613	0.00919	0.00919	0.01021	0.00715	0.00715	0.01021	0.00919	0.01328	0.01532	0.02247	0.01430	0.04290	0.77631	0.00919	0.01532	0.00613	0.00306	0.00511
89	0.02139	0.02652	0.01627	0.01463	0.01769	0.72575	0.01104	0.07066	0.01692	0.01546	0.00917	0.01054	0.00752	0.00596	0.00519	0.00149	0.01005	0.00378	0.00313	0.00684
90	0.01147	0.02959	0.76934	0.01630	0.02476	0.01328	0.02113	0.01811	0.01208	0.01811	0.01026	0.01208	0.00725	0.00543	0.00543	0.00181	0.00845	0.00423	0.00242	0.00845
91	0.00676	0.00579	0.00579	0.00579	0.00773	0.00483	0.00435	0.00821	0.01304	0.01545	0.05794	0.05505	0.76098	0.01449	0.00676	0.00193	0.00290	0.01207	0.00531	0.00483
92	0.02174	0.01602	0.01717	0.01316	0.01774	0.01774	0.01087	0.74423	0.02689	0.03605	0.01373	0.01373	0.00973	0.00687	0.00572	0.00172	0.00629	0.00515	0.00572	0.00973
93	0.00810	0.00585	0.00765	0.00720	0.00855	0.00540	0.00540	0.01079	0.01619	0.02294	0.76028	0.04273	0.05397	0.01169	0.00675	0.00180	0.00270	0.01034	0.00630	0.00540
94	0.02174	0.01602	0.01717	0.01316	0.01774	0.01774	0.01087	0.74423	0.02689	0.03605	0.01373	0.01373	0.00973	0.00687	0.00572	0.00172	0.00629	0.00515	0.00572	0.00973
95	0.00676	0.00579	0.00579	0.00579	0.00773	0.00483	0.00435	0.00821	0.01304	0.01545	0.05794	0.05505	0.76098	0.01449	0.00676	0.00193	0.00290	0.01207	0.00531	0.00483
96	0.02449	0.01161	0.01444	0.01107	0.01554	0.01119	0.00914	0.24188	0.01951	0.54882	0.01993	0.01776	0.01284	0.00702	0.00574	0.00175	0.00529	0.00557	0.00667	0.00973
97	0.01066	0.00533	0.00533	0.00533	0.00666	0.00533	0.00400	0.01333	0.01200	0.02132	0.01866	0.02132	0.01466	0.00666	0.00400	0.00133	0.00267	0.00533	0.83073	0.00533
98	0.83938	0.01106	0.00841	0.00752	0.01106	0.01283	0.00619	0.01681	0.00973	0.02566	0.00796	0.00929	0.00619	0.00531	0.00354	0.00177	0.00442	0.00310	0.00354	0.00619
99	0.00703	0.00569	0.00620	0.00653	0.00806	0.00495	0.00482	0.00842	0.01248	0.01524	0.04966	0.18832	0.55033	0.04660	0.00783	0.00220	0.00324	0.06238	0.00523	0.00477
100	0.00697	0.00498	0.00664	0.00796	0.00830	0.00465	0.00531	0.00796	0.01095	0.01460	0.03153	0.79525	0.03783	0.01792	0.00730	0.00232	0.00332	0.01626	0.00531	0.00465
101	0.00700	0.00500	0.00666	0.00795	0.00830	0.00466	0.00531	0.00803	0.01108	0.01480	0.04887	0.77734	0.03822	0.01777	0.00729	0.00231	0.00330	0.01612	0.00533	0.00466
102	0.02566	0.00973	0.01327	0.01018	0.01460	0.00841	0.00841	0.02788	0.01637	0.76726	0.02257	0.01947	0.01416	0.00708	0.00575	0.00177	0.00487	0.00575	0.00708	0.00973
103	0.02566	0.00973	0.01327	0.01018	0.01460	0.00841	0.00841	0.02788	0.01637	0.76726	0.02257	0.01947	0.01416	0.00708	0.00575	0.00177	0.00487	0.00575	0.00708	0.00973
104	0.00696	0.00501	0.00661	0.00789	0.00828	0.00465	0.00528	0.00797	0.01102	0.01463	0.03241	0.77037	0.06213	0.01780	0.00728	0.00231	0.00330	0.01612	0.00531	0.00465
105	0.01348	0.01536	0.03335	0.02388	0.02953	0.01454	0.72453	0.01821	0.01338	0.01821	0.01147	0.01536	0.00865	0.00495	0.00705	0.00194	0.02885	0.00671	0.00288	0.00768
106	0.01894	0.04372	0.01507	0.01330	0.01604	0.62657	0.01004	0.02059	0.01600	0.01529	0.11689	0.01608	0.03397	0.00692	0.00539	0.00153	0.00893	0.00484	0.00347	0.00643
107	0.04736	0.01127	0.01304	0.01123	0.03346	0.07234	0.00858	0.02287	0.01656	0.44905	0.19422	0.02600	0.03984	0.00897	0.00657	0.00200	0.01416	0.00707	0.00660	0.00879

[dist]
# distance from previous block
# <min> <max>
16	64

# created by:
# /software/SequenceAnalysis/GenePrediction/augustus/3.0.1/scripts/msa2prfl.pl ./fixed/BUSCOvEOG715HTX.fas
