[name]
unknown

[dist]
# distance from previous block
# <min> <max>
0	505

[block]
# block no. 0 follows, 39 sequences, length 19
# corresponding to MSA columns:
# 664-682
name=unknown_A
#
# <colnr> <probs for GDERKNQSTAVLIFYWHMCP>
#	G	D	E	R	K	N	Q	S	T	A	V	L	I	F	Y	W	H	M	C	P
0	0.00913	0.00682	0.00926	0.04729	0.01280	0.00676	0.00887	0.01170	0.01359	0.01743	0.05439	0.06191	0.15999	0.01548	0.00782	0.00254	0.00506	0.53839	0.00534	0.00542
1	0.08850	0.01112	0.01284	0.01043	0.01422	0.03528	0.00842	0.11139	0.08932	0.38370	0.14897	0.02265	0.02075	0.00801	0.00592	0.00184	0.00493	0.00648	0.00643	0.00879
2	0.01553	0.01652	0.02009	0.01648	0.01860	0.17271	0.13905	0.05783	0.03690	0.01707	0.01017	0.01375	0.00872	0.00812	0.01246	0.00215	0.38408	0.00528	0.03743	0.00707
3	0.02248	0.01656	0.01775	0.01361	0.01834	0.01834	0.01124	0.73556	0.02780	0.03727	0.01420	0.01420	0.01006	0.00710	0.00592	0.00177	0.00651	0.00532	0.00592	0.01006
4	0.01117	0.01051	0.01774	0.77795	0.04073	0.01314	0.01642	0.01511	0.01182	0.01511	0.01051	0.01577	0.00788	0.00591	0.00591	0.00197	0.00788	0.00526	0.00263	0.00657
5	0.01415	0.01696	0.15394	0.03287	0.62672	0.01400	0.01880	0.01825	0.01329	0.01922	0.01103	0.01426	0.00904	0.00533	0.00581	0.00178	0.00733	0.00511	0.00285	0.00926
6	0.01668	0.63534	0.02780	0.01100	0.01558	0.15415	0.01026	0.01852	0.01277	0.01401	0.00863	0.01013	0.00782	0.00649	0.02844	0.00157	0.00739	0.00338	0.00264	0.00739
7	0.00944	0.00675	0.00940	0.01062	0.01199	0.00671	0.00922	0.01217	0.01386	0.01817	0.08736	0.06496	0.03573	0.01601	0.00808	0.00266	0.00524	0.66068	0.00553	0.00546
8	0.01948	0.02282	0.01499	0.01340	0.01648	0.54008	0.01018	0.11001	0.01756	0.01759	0.01872	0.01926	0.13923	0.00778	0.00570	0.00164	0.00879	0.00553	0.00384	0.00693
9	0.01530	0.46537	0.13472	0.14658	0.02136	0.01915	0.01294	0.05295	0.01308	0.05520	0.01006	0.01182	0.00812	0.00551	0.00465	0.00153	0.00690	0.00396	0.00296	0.00783
10	0.01422	0.01219	0.01295	0.01168	0.01487	0.01401	0.00907	0.02986	0.68855	0.02466	0.08013	0.02377	0.02096	0.00834	0.00609	0.00199	0.00453	0.00699	0.00606	0.00907
11	0.00741	0.00530	0.00705	0.00809	0.00862	0.00494	0.00551	0.00875	0.01228	0.01661	0.15937	0.65720	0.04205	0.01739	0.00745	0.00231	0.00332	0.01573	0.00567	0.00494
12	0.01339	0.01137	0.01223	0.01137	0.01418	0.01296	0.00868	0.02734	0.61540	0.02304	0.02557	0.15706	0.02176	0.00987	0.00629	0.00208	0.00446	0.00847	0.00592	0.00856
13	0.18428	0.15951	0.07331	0.01038	0.01470	0.01377	0.02710	0.10003	0.06203	0.13303	0.02159	0.02121	0.14070	0.00770	0.00526	0.00177	0.00537	0.00589	0.00462	0.00775
14	0.01181	0.00694	0.00874	0.00815	0.01016	0.00632	0.00615	0.01449	0.04553	0.16907	0.30111	0.19127	0.17136	0.01279	0.00685	0.00199	0.00349	0.01114	0.00626	0.00638
15	0.00728	0.00529	0.00688	0.00800	0.00855	0.00488	0.00542	0.00849	0.01193	0.01587	0.09397	0.67070	0.09545	0.01772	0.00746	0.00233	0.00334	0.01597	0.00557	0.00488
16	0.00888	0.00652	0.00861	0.00969	0.01077	0.00650	0.00761	0.01196	0.06905	0.01739	0.06299	0.37190	0.03594	0.01645	0.00768	0.00249	0.00441	0.33014	0.00556	0.00548
17	0.12741	0.10714	0.01723	0.01237	0.01657	0.18750	0.01014	0.28720	0.03845	0.12193	0.01304	0.01324	0.00955	0.00648	0.00525	0.00168	0.00694	0.00457	0.00477	0.00855
18	0.02653	0.01006	0.01372	0.01052	0.01510	0.00869	0.00869	0.02882	0.01693	0.75937	0.02333	0.02013	0.01464	0.00732	0.00595	0.00183	0.00503	0.00595	0.00732	0.01006

[dist]
# distance from previous block
# <min> <max>
0	1

[block]
# block no. 1 follows, 39 sequences, length 47
# corresponding to MSA columns:
# 684-730
name=unknown_B
#
# <colnr> <probs for GDERKNQSTAVLIFYWHMCP>
#	G	D	E	R	K	N	Q	S	T	A	V	L	I	F	Y	W	H	M	C	P
0	0.01380	0.00788	0.00979	0.00870	0.01110	0.00692	0.00664	0.01586	0.01673	0.20762	0.41892	0.04165	0.18515	0.01209	0.00716	0.00208	0.00380	0.01011	0.00683	0.00717
1	0.01646	0.01334	0.01442	0.01209	0.01618	0.01388	0.00944	0.12408	0.43452	0.04216	0.02016	0.01983	0.01542	0.00766	0.00605	0.00188	0.00524	0.00600	0.00573	0.21546
2	0.06398	0.12888	0.04804	0.01070	0.01575	0.01200	0.00918	0.03524	0.03307	0.23891	0.01535	0.01584	0.01144	0.00636	0.00533	0.00157	0.00549	0.00469	0.00493	0.33327
3	0.02066	0.01243	0.01427	0.01171	0.01535	0.01269	0.00915	0.23584	0.14962	0.26169	0.05837	0.02387	0.01787	0.11579	0.00977	0.00258	0.00576	0.00683	0.00642	0.00932
4	0.01906	0.01066	0.01351	0.08360	0.01693	0.01042	0.00934	0.11922	0.06247	0.31026	0.09363	0.16043	0.02275	0.01030	0.00675	0.00213	0.00533	0.00853	0.00641	0.02827
5	0.01046	0.00743	0.00979	0.01078	0.01204	0.00724	0.00890	0.01247	0.01377	0.01821	0.07533	0.06203	0.03427	0.12284	0.01152	0.00326	0.00568	0.56259	0.00559	0.00578
6	0.01335	0.01127	0.01300	0.00951	0.01478	0.00852	0.00748	0.01563	0.01294	0.02023	0.01160	0.01378	0.00980	0.00513	0.00487	0.00109	0.00476	0.00388	0.00387	0.81451
7	0.05056	0.18755	0.04638	0.01223	0.01648	0.03280	0.01042	0.28132	0.03210	0.13221	0.01745	0.12131	0.01502	0.00883	0.00603	0.00196	0.00625	0.00673	0.00537	0.00902
8	0.01227	0.01127	0.01838	0.76525	0.04103	0.01369	0.01673	0.01585	0.01251	0.01614	0.01160	0.01722	0.00893	0.00664	0.00637	0.00217	0.00820	0.00560	0.00301	0.00713
9	0.00835	0.00611	0.00757	0.00869	0.00936	0.00552	0.00585	0.00913	0.01231	0.01625	0.03704	0.67611	0.13735	0.01855	0.00790	0.00254	0.00377	0.01636	0.00582	0.00542
10	0.00963	0.00690	0.00906	0.00996	0.01107	0.00653	0.00774	0.01145	0.01417	0.01911	0.18847	0.30560	0.04105	0.01670	0.00812	0.00261	0.00456	0.31540	0.00603	0.00584
11	0.01048	0.00786	0.01078	0.01146	0.01316	0.00752	0.03629	0.01278	0.01426	0.01850	0.03523	0.06404	0.13212	0.01627	0.00838	0.00278	0.00564	0.58071	0.00570	0.00606
12	0.01231	0.02751	0.64583	0.01628	0.02383	0.01305	0.01982	0.01797	0.01300	0.01920	0.01471	0.12022	0.01288	0.00812	0.00635	0.00214	0.00832	0.00643	0.00329	0.00873
13	0.01398	0.01356	0.01852	0.01590	0.01621	0.01818	0.01308	0.01501	0.00991	0.01548	0.00901	0.01442	0.00885	0.01077	0.01905	0.00271	0.73808	0.00546	0.00301	0.03882
14	0.01135	0.00833	0.00993	0.00901	0.01100	0.00798	0.00685	0.11094	0.01848	0.02561	0.55913	0.04272	0.11297	0.01239	0.00730	0.00208	0.00379	0.02682	0.00663	0.00672
15	0.00866	0.00621	0.00805	0.00904	0.00959	0.00593	0.00613	0.00949	0.01170	0.01589	0.04415	0.61099	0.03553	0.06994	0.11357	0.00376	0.00566	0.01490	0.00541	0.00540
16	0.00894	0.00608	0.00755	0.00859	0.00922	0.00563	0.00581	0.00997	0.01237	0.01742	0.05931	0.64255	0.03698	0.01719	0.00749	0.00243	0.00371	0.01517	0.11807	0.00552
17	0.00912	0.00673	0.00826	0.00811	0.00952	0.00605	0.00589	0.01110	0.01598	0.02205	0.52017	0.16268	0.16255	0.01416	0.00751	0.00216	0.00333	0.01217	0.00651	0.00595
18	0.02266	0.01652	0.01762	0.01376	0.01831	0.01799	0.01119	0.67812	0.02723	0.03695	0.01555	0.01618	0.01139	0.00779	0.00626	0.00195	0.00662	0.00568	0.05797	0.01027
19	0.00977	0.11494	0.01084	0.00785	0.01011	0.00837	0.00613	0.01136	0.01478	0.01888	0.24932	0.07481	0.41356	0.01350	0.00701	0.00207	0.00382	0.01108	0.00571	0.00610
20	0.00961	0.11428	0.01104	0.00922	0.01036	0.00808	0.00663	0.01052	0.01235	0.01635	0.06167	0.63682	0.03604	0.01690	0.00744	0.00241	0.00420	0.01482	0.00546	0.00581
21	0.01401	0.01365	0.01875	0.01616	0.01627	0.01858	0.01331	0.01499	0.00979	0.01528	0.00890	0.01444	0.00882	0.01100	0.01963	0.00277	0.76814	0.00552	0.00297	0.00703
22	0.01282	0.01155	0.01590	0.11235	0.01751	0.01492	0.01167	0.01409	0.01029	0.01541	0.01186	0.01944	0.01153	0.11930	0.06301	0.00347	0.47424	0.00609	0.04802	0.00653
23	0.01867	0.01395	0.01505	0.01290	0.01672	0.01535	0.01012	0.18038	0.50250	0.10750	0.02276	0.02154	0.01687	0.00844	0.00645	0.00213	0.00548	0.00664	0.00646	0.01010
24	0.01195	0.00743	0.00943	0.00857	0.01051	0.00666	0.00646	0.01427	0.01722	0.12498	0.60998	0.04240	0.08110	0.01218	0.00728	0.00206	0.00352	0.01037	0.00689	0.00675
25	0.70764	0.01139	0.00918	0.00836	0.01157	0.01278	0.00650	0.01688	0.01058	0.02530	0.01079	0.01515	0.00955	0.11394	0.00778	0.00256	0.00511	0.00432	0.00402	0.00658
26	0.00902	0.00702	0.00770	0.00773	0.00925	0.00635	0.00545	0.01091	0.05227	0.01780	0.14646	0.16563	0.39168	0.12174	0.01063	0.00275	0.00390	0.01228	0.00574	0.00567
27	0.01324	0.02899	0.64967	0.01857	0.02689	0.01444	0.11954	0.01943	0.01336	0.01973	0.01189	0.01447	0.00875	0.00626	0.00627	0.00209	0.00921	0.00509	0.00295	0.00916
28	0.00837	0.00604	0.00790	0.00744	0.00883	0.00558	0.00558	0.01116	0.01674	0.02371	0.75216	0.04417	0.05580	0.01209	0.00697	0.00186	0.00279	0.01069	0.00651	0.00558
29	0.83394	0.01144	0.00869	0.00778	0.01144	0.01327	0.00640	0.01738	0.01006	0.02653	0.00823	0.00961	0.00640	0.00549	0.00366	0.00183	0.00457	0.00320	0.00366	0.00640
30	0.02653	0.01006	0.01372	0.01052	0.01510	0.00869	0.00869	0.02882	0.01693	0.75937	0.02333	0.02013	0.01464	0.00732	0.00595	0.00183	0.00503	0.00595	0.00732	0.01006
31	0.01322	0.01312	0.01723	0.01486	0.01508	0.05035	0.01229	0.01462	0.00962	0.01476	0.00858	0.01344	0.00824	0.00994	0.01778	0.00246	0.69626	0.00514	0.05661	0.00642
32	0.00850	0.00575	0.00642	0.00642	0.00655	0.00569	0.00364	0.00859	0.00891	0.01175	0.02124	0.03985	0.06769	0.74309	0.02864	0.00550	0.00556	0.00885	0.00370	0.00367
33	0.00721	0.00515	0.00686	0.00823	0.00858	0.00480	0.00549	0.00823	0.01132	0.01510	0.03259	0.78831	0.03911	0.01853	0.00755	0.00240	0.00343	0.01681	0.00549	0.00480
34	0.01186	0.03059	0.76153	0.01686	0.02560	0.01373	0.02185	0.01873	0.01249	0.01873	0.01061	0.01249	0.00749	0.00562	0.00562	0.00187	0.00874	0.00437	0.00250	0.00874
35	0.02413	0.01106	0.01400	0.01101	0.01537	0.01051	0.00900	0.10465	0.11939	0.56682	0.03520	0.02018	0.01534	0.00748	0.00597	0.00185	0.00510	0.00607	0.00697	0.00989
36	0.00873	0.00646	0.00819	0.00768	0.00922	0.00614	0.00578	0.01236	0.06260	0.02354	0.68441	0.04318	0.07533	0.01192	0.00691	0.00187	0.00292	0.01050	0.00645	0.00580
37	0.00837	0.00604	0.00790	0.00744	0.00883	0.00558	0.00558	0.01116	0.01674	0.02371	0.75216	0.04417	0.05580	0.01209	0.00697	0.00186	0.00279	0.01069	0.00651	0.00558
38	0.01204	0.01140	0.01931	0.59200	0.21989	0.01337	0.01686	0.01587	0.01224	0.01617	0.01066	0.01548	0.00826	0.00575	0.00590	0.00192	0.00767	0.00526	0.00270	0.00727
39	0.02803	0.01280	0.02194	0.21347	0.47871	0.01341	0.05947	0.01707	0.01305	0.01830	0.01225	0.01819	0.01049	0.00611	0.00604	0.00188	0.00727	0.05018	0.00303	0.00831
40	0.00860	0.00573	0.00645	0.00645	0.00645	0.00573	0.00358	0.00860	0.00860	0.01147	0.01863	0.03870	0.02150	0.79217	0.03010	0.00573	0.00573	0.00860	0.00358	0.00358
41	0.01597	0.70312	0.04230	0.01059	0.01538	0.02234	0.01045	0.01793	0.01202	0.04228	0.00881	0.01016	0.00787	0.00549	0.00489	0.00138	0.05526	0.00342	0.00271	0.00763
42	0.01683	0.38943	0.17944	0.04023	0.01832	0.01741	0.01248	0.02109	0.07102	0.16218	0.01303	0.01343	0.00979	0.00589	0.00486	0.00159	0.00651	0.00432	0.00374	0.00842
43	0.01010	0.00742	0.03651	0.00830	0.01019	0.00635	0.00664	0.01258	0.01528	0.09265	0.44253	0.12959	0.13380	0.01260	0.00722	0.00198	0.02124	0.03297	0.00607	0.00598
44	0.00895	0.00679	0.00996	0.00978	0.01091	0.00798	0.00765	0.03061	0.01000	0.01439	0.01558	0.02271	0.01447	0.04242	0.72772	0.00911	0.03603	0.00628	0.00323	0.00544
45	0.01456	0.01426	0.02315	0.17136	0.50543	0.04736	0.07394	0.04448	0.01388	0.01896	0.01110	0.01476	0.00901	0.00547	0.00593	0.00181	0.00756	0.00534	0.00299	0.00865
46	0.04996	0.05689	0.04530	0.01594	0.07748	0.36622	0.01203	0.13415	0.03616	0.04271	0.01089	0.01256	0.00872	0.00724	0.01917	0.00185	0.08687	0.00446	0.00364	0.00776

[dist]
# distance from previous block
# <min> <max>
0	1

[block]
# block no. 2 follows, 39 sequences, length 57
# corresponding to MSA columns:
# 732-788
name=unknown_C
#
# <colnr> <probs for GDERKNQSTAVLIFYWHMCP>
#	G	D	E	R	K	N	Q	S	T	A	V	L	I	F	Y	W	H	M	C	P
0	0.50307	0.06524	0.01386	0.06998	0.01619	0.01418	0.05324	0.09900	0.01278	0.02494	0.00951	0.01122	0.00737	0.00555	0.00437	0.00173	0.00549	0.00386	0.00371	0.07472
1	0.24924	0.01372	0.01439	0.03140	0.01624	0.01545	0.02503	0.33488	0.12152	0.04962	0.01402	0.01450	0.01032	0.00678	0.00561	0.00184	0.02636	0.00497	0.03555	0.00853
2	0.12634	0.09153	0.54615	0.01504	0.02247	0.01456	0.03641	0.01898	0.04214	0.01965	0.01067	0.01231	0.00782	0.00564	0.00524	0.00182	0.00782	0.00427	0.00282	0.00832
3	0.65737	0.09672	0.05345	0.00884	0.01299	0.01465	0.00792	0.05579	0.01135	0.02532	0.00868	0.01000	0.00679	0.00554	0.00390	0.00177	0.00510	0.00338	0.00359	0.00686
4	0.01455	0.01396	0.02384	0.05580	0.73649	0.01403	0.01810	0.01807	0.01342	0.01921	0.01111	0.01467	0.00933	0.00529	0.00586	0.00176	0.00705	0.00527	0.00292	0.00929
5	0.01186	0.03059	0.76153	0.01686	0.02560	0.01373	0.02185	0.01873	0.01249	0.01873	0.01061	0.01249	0.00749	0.00562	0.00562	0.00187	0.00874	0.00437	0.00250	0.00874
6	0.01070	0.00575	0.00619	0.00634	0.00775	0.00568	0.00489	0.01337	0.01249	0.02116	0.02113	0.06231	0.01835	0.00848	0.00477	0.00157	0.00314	0.08960	0.67364	0.02269
7	0.01541	0.65338	0.14965	0.01123	0.01687	0.02149	0.01200	0.01812	0.01220	0.03145	0.00895	0.01021	0.00773	0.00520	0.00414	0.00138	0.00669	0.00342	0.00263	0.00783
8	0.02209	0.02819	0.01676	0.01524	0.01828	0.76843	0.01143	0.02361	0.01676	0.01447	0.00914	0.01066	0.00762	0.00609	0.00533	0.00152	0.01066	0.00381	0.00305	0.00686
9	0.00779	0.00529	0.00707	0.00830	0.00877	0.00492	0.00559	0.00885	0.01149	0.03750	0.03232	0.76518	0.03838	0.01819	0.00750	0.00238	0.00348	0.01648	0.00554	0.00496
10	0.00799	0.00563	0.00663	0.00696	0.00744	0.00537	0.00440	0.00871	0.01070	0.01412	0.09192	0.24625	0.12542	0.41067	0.01889	0.00399	0.00449	0.01154	0.00461	0.00428
11	0.01976	0.01231	0.01405	0.01166	0.01561	0.01308	0.00934	0.14370	0.37050	0.27241	0.02296	0.02086	0.03063	0.00778	0.00600	0.00191	0.00506	0.00634	0.00643	0.00962
12	0.00741	0.00591	0.00656	0.00675	0.00830	0.00517	0.00496	0.00900	0.01339	0.01677	0.14915	0.15416	0.48657	0.05656	0.00835	0.00227	0.00328	0.04491	0.00553	0.00499
13	0.00729	0.00594	0.00645	0.00644	0.00820	0.00510	0.00479	0.00902	0.01401	0.01752	0.20126	0.10403	0.56011	0.01462	0.00702	0.00200	0.00298	0.01241	0.00570	0.00510
14	0.10676	0.01060	0.01347	0.01044	0.01493	0.00975	0.00862	0.07159	0.01692	0.64146	0.02126	0.01871	0.01353	0.00712	0.00572	0.00183	0.00508	0.00563	0.00687	0.00970
15	0.01294	0.01294	0.01811	0.01553	0.01553	0.01811	0.01294	0.01423	0.00906	0.01423	0.00776	0.01294	0.00776	0.01035	0.01941	0.00259	0.78134	0.00518	0.00259	0.00647
16	0.00733	0.00524	0.00701	0.00838	0.00878	0.00491	0.00571	0.00846	0.01145	0.01524	0.03252	0.74816	0.03883	0.01841	0.00758	0.00242	0.00354	0.05568	0.00549	0.00484
17	0.00845	0.00634	0.00950	0.00950	0.01056	0.00739	0.00739	0.01056	0.00950	0.01373	0.01584	0.02323	0.01478	0.04435	0.76873	0.00950	0.01584	0.00634	0.00317	0.00528
18	0.02209	0.02819	0.01676	0.01524	0.01828	0.76843	0.01143	0.02361	0.01676	0.01447	0.00914	0.01066	0.00762	0.00609	0.00533	0.00152	0.01066	0.00381	0.00305	0.00686
19	0.00851	0.00570	0.00648	0.00656	0.00658	0.00568	0.00370	0.00858	0.00877	0.01169	0.01950	0.08528	0.02259	0.74410	0.02870	0.00553	0.00559	0.00911	0.00370	0.00366
20	0.01313	0.01349	0.02121	0.01726	0.01836	0.01753	0.14578	0.01510	0.00996	0.01510	0.00854	0.01349	0.00799	0.00936	0.01712	0.00248	0.63920	0.00551	0.00266	0.00675
21	0.00832	0.00601	0.00786	0.00747	0.00882	0.00555	0.00558	0.01104	0.01652	0.02337	0.72354	0.07377	0.05514	0.01235	0.00700	0.00188	0.00282	0.01094	0.00647	0.00555
22	0.00833	0.00608	0.00785	0.00752	0.00896	0.00560	0.00571	0.01102	0.01633	0.02283	0.66296	0.04631	0.10576	0.01253	0.00704	0.00192	0.00295	0.04840	0.00638	0.00553
23	0.01332	0.01533	0.06655	0.06296	0.02555	0.01594	0.39252	0.01700	0.01197	0.01700	0.01028	0.01466	0.00839	0.00703	0.01139	0.00220	0.29165	0.00608	0.00280	0.00739
24	0.02166	0.01460	0.01603	0.01237	0.01683	0.01565	0.01017	0.55809	0.02455	0.12722	0.01562	0.01550	0.01099	0.00700	0.00571	0.00171	0.00593	0.00534	0.07155	0.04347
25	0.00800	0.00556	0.00727	0.03750	0.00965	0.00534	0.00574	0.00965	0.01240	0.01735	0.14815	0.52851	0.05441	0.01552	0.00697	0.00217	0.00341	0.01392	0.10339	0.00509
26	0.00721	0.00515	0.00686	0.00823	0.00858	0.00480	0.00549	0.00823	0.01132	0.01510	0.03259	0.78831	0.03911	0.01853	0.00755	0.00240	0.00343	0.01681	0.00549	0.00480
27	0.00737	0.00596	0.00655	0.00650	0.00825	0.00514	0.00484	0.00919	0.01424	0.01800	0.24341	0.09251	0.52857	0.01440	0.00702	0.00198	0.00296	0.01223	0.00576	0.00514
28	0.00859	0.00576	0.00658	0.00656	0.00665	0.00576	0.00376	0.00876	0.00900	0.01208	0.05258	0.03863	0.02295	0.74031	0.04453	0.00563	0.00581	0.00865	0.00371	0.00371
29	0.01581	0.79572	0.03099	0.01012	0.01518	0.02340	0.01012	0.01771	0.01202	0.01391	0.00822	0.00949	0.00759	0.00506	0.00379	0.00126	0.00632	0.00316	0.00253	0.00759
30	0.00715	0.00602	0.00622	0.00624	0.00818	0.00509	0.00473	0.00876	0.01365	0.01644	0.09447	0.05661	0.69115	0.01488	0.00703	0.00202	0.00307	0.03771	0.00554	0.00504
31	0.00721	0.00515	0.00686	0.00823	0.00858	0.00480	0.00549	0.00823	0.01132	0.01510	0.03259	0.78831	0.03911	0.01853	0.00755	0.00240	0.00343	0.01681	0.00549	0.00480
32	0.01415	0.01355	0.02313	0.14028	0.65510	0.01392	0.01791	0.01772	0.01324	0.01873	0.01104	0.01480	0.00916	0.00536	0.00586	0.00179	0.00715	0.00527	0.00289	0.00898
33	0.01378	0.01320	0.02178	0.12654	0.59517	0.02771	0.01685	0.01712	0.01316	0.01838	0.01264	0.07333	0.01140	0.00637	0.00598	0.00183	0.00693	0.00611	0.00309	0.00862
34	0.00727	0.00517	0.00684	0.00815	0.00848	0.00485	0.00540	0.00825	0.01120	0.01493	0.03195	0.75356	0.03830	0.05439	0.00859	0.00256	0.00354	0.01643	0.00540	0.00475
35	0.00854	0.00675	0.00779	0.00749	0.00927	0.00638	0.00562	0.01238	0.09938	0.02057	0.37868	0.08592	0.30327	0.01301	0.00690	0.00196	0.00312	0.01121	0.00603	0.00576
36	0.51971	0.01283	0.06129	0.03789	0.01427	0.01318	0.00845	0.09280	0.06235	0.04832	0.02762	0.01312	0.00952	0.00613	0.00444	0.00182	0.00506	0.00419	0.04980	0.00719
37	0.01653	0.01249	0.01361	0.01180	0.01532	0.01397	0.00929	0.11103	0.54267	0.10583	0.06336	0.02218	0.01886	0.00807	0.00605	0.00195	0.00482	0.00667	0.00617	0.00931
38	0.00860	0.00573	0.00645	0.00645	0.00645	0.00573	0.00358	0.00860	0.00860	0.01147	0.01863	0.03870	0.02150	0.79217	0.03010	0.00573	0.00573	0.00860	0.00358	0.00358
39	0.06708	0.01288	0.01356	0.01185	0.01543	0.01466	0.00934	0.10390	0.58366	0.06703	0.02201	0.02036	0.01630	0.00773	0.00586	0.00196	0.00488	0.00629	0.00593	0.00929
40	0.03060	0.02959	0.71430	0.01652	0.02498	0.01391	0.02107	0.04806	0.01306	0.01966	0.01071	0.01249	0.00757	0.00568	0.00559	0.00187	0.00856	0.00438	0.00266	0.00874
41	0.01416	0.01356	0.02314	0.13870	0.65662	0.01393	0.01791	0.01773	0.01324	0.01874	0.01104	0.01479	0.00916	0.00536	0.00586	0.00179	0.00714	0.00527	0.00289	0.00898
42	0.01581	0.79572	0.03099	0.01012	0.01518	0.02340	0.01012	0.01771	0.01202	0.01391	0.00822	0.00949	0.00759	0.00506	0.00379	0.00126	0.00632	0.00316	0.00253	0.00759
43	0.00699	0.00599	0.00599	0.00599	0.00799	0.00499	0.00449	0.00849	0.01348	0.01598	0.05991	0.05691	0.75288	0.01498	0.00699	0.00200	0.00300	0.01248	0.00549	0.00499
44	0.01199	0.02968	0.71638	0.01736	0.02593	0.01381	0.06609	0.01874	0.01258	0.01874	0.01070	0.01270	0.00758	0.00558	0.00570	0.00188	0.00882	0.00453	0.00253	0.00869
45	0.00721	0.00515	0.00686	0.00823	0.00858	0.00480	0.00549	0.00823	0.01132	0.01510	0.03259	0.78831	0.03911	0.01853	0.00755	0.00240	0.00343	0.01681	0.00549	0.00480
46	0.00805	0.00657	0.00720	0.00706	0.00895	0.00601	0.00533	0.01118	0.07728	0.01858	0.21950	0.08107	0.47760	0.01387	0.00695	0.00200	0.00317	0.02835	0.00578	0.00551
47	0.00721	0.00515	0.00686	0.00823	0.00858	0.00480	0.00549	0.00823	0.01132	0.01510	0.03259	0.78831	0.03911	0.01853	0.00755	0.00240	0.00343	0.01681	0.00549	0.00480
48	0.00751	0.00528	0.00677	0.00784	0.00811	0.00501	0.00507	0.00831	0.01072	0.01430	0.02952	0.62319	0.03523	0.18894	0.01252	0.00314	0.00394	0.01500	0.00507	0.00453
49	0.00887	0.00641	0.00868	0.00966	0.01093	0.00622	0.00802	0.01129	0.01380	0.01822	0.15084	0.16063	0.08294	0.01586	0.00782	0.00249	0.00459	0.46175	0.00563	0.00535
50	0.00721	0.00515	0.00686	0.00823	0.00858	0.00480	0.00549	0.00823	0.01132	0.01510	0.03259	0.78831	0.03911	0.01853	0.00755	0.00240	0.00343	0.01681	0.00549	0.00480
51	0.01415	0.01356	0.02313	0.13972	0.65563	0.01392	0.01791	0.01773	0.01324	0.01873	0.01104	0.01479	0.00916	0.00536	0.00586	0.00179	0.00715	0.00527	0.00289	0.00898
52	0.02083	0.02522	0.01620	0.01464	0.01779	0.61900	0.01107	0.04400	0.14197	0.01684	0.01184	0.01272	0.00947	0.00645	0.00547	0.00161	0.00953	0.00434	0.00363	0.00737
53	0.00837	0.00604	0.00790	0.00744	0.00883	0.00558	0.00558	0.01116	0.01674	0.02371	0.75216	0.04417	0.05580	0.01209	0.00697	0.00186	0.00279	0.01069	0.00651	0.00558
54	0.83394	0.01144	0.00869	0.00778	0.01144	0.01327	0.00640	0.01738	0.01006	0.02653	0.00823	0.00961	0.00640	0.00549	0.00366	0.00183	0.00457	0.00320	0.00366	0.00640
55	0.00860	0.00573	0.00645	0.00645	0.00645	0.00573	0.00358	0.00860	0.00860	0.01147	0.01863	0.03870	0.02150	0.79217	0.03010	0.00573	0.00573	0.00860	0.00358	0.00358
56	0.02326	0.01531	0.01697	0.01301	0.01771	0.01648	0.01075	0.59930	0.02571	0.17649	0.01596	0.01534	0.01094	0.00714	0.00592	0.00179	0.00622	0.00544	0.00619	0.01006

[dist]
# distance from previous block
# <min> <max>
0	350

# created by:
# /software/SequenceAnalysis/GenePrediction/augustus/3.0.1/scripts/msa2prfl.pl ./fixed/BUSCOvEOG7QFXT3.fas
