[name]
unknown

[dist]
# distance from previous block
# <min> <max>
0	125

[block]
# block no. 0 follows, 41 sequences, length 40
# corresponding to MSA columns:
# 125-164
name=unknown_A
#
# <colnr> <probs for GDERKNQSTAVLIFYWHMCP>
#	G	D	E	R	K	N	Q	S	T	A	V	L	I	F	Y	W	H	M	C	P
0	0.04397	0.02343	0.01616	0.01472	0.03947	0.56398	0.01100	0.10343	0.03967	0.04356	0.01029	0.01154	0.00821	0.00624	0.00581	0.00158	0.04217	0.00409	0.00349	0.00721
1	0.00706	0.00581	0.00622	0.00611	0.00791	0.00496	0.00459	0.00880	0.01376	0.01716	0.21789	0.05224	0.59997	0.01385	0.00676	0.00190	0.00285	0.01168	0.00554	0.00496
2	0.00700	0.00583	0.00614	0.00628	0.00809	0.00498	0.00479	0.00855	0.01306	0.01575	0.07342	0.08133	0.65977	0.01464	0.00687	0.00200	0.00309	0.06820	0.00533	0.00487
3	0.00996	0.01311	0.22011	0.01208	0.01543	0.00864	0.01242	0.01411	0.03505	0.01775	0.04381	0.04811	0.02589	0.01258	0.00712	0.00236	0.00606	0.48461	0.00452	0.00627
4	0.01397	0.06343	0.08283	0.01445	0.01614	0.13642	0.01255	0.01658	0.05019	0.01469	0.00902	0.01264	0.00815	0.00934	0.03222	0.00234	0.49088	0.00472	0.00275	0.00669
5	0.03669	0.02507	0.54924	0.06174	0.12912	0.03996	0.01916	0.01835	0.03523	0.01826	0.01062	0.01269	0.00781	0.00549	0.00543	0.00179	0.00800	0.00442	0.00264	0.00831
6	0.83938	0.01106	0.00841	0.00752	0.01106	0.01283	0.00619	0.01681	0.00973	0.02566	0.00796	0.00929	0.00619	0.00531	0.00354	0.00177	0.00442	0.00310	0.00354	0.00619
7	0.02001	0.01504	0.01606	0.01263	0.01689	0.01668	0.01033	0.60841	0.13275	0.03340	0.01700	0.01660	0.04267	0.00732	0.00578	0.00176	0.00589	0.00564	0.00572	0.00942
8	0.00994	0.00497	0.00745	0.00745	0.00745	0.00497	0.00497	0.00745	0.00745	0.00994	0.00994	0.01739	0.00994	0.01987	0.02235	0.83358	0.00497	0.00497	0.00248	0.00248
9	0.83938	0.01106	0.00841	0.00752	0.01106	0.01283	0.00619	0.01681	0.00973	0.02566	0.00796	0.00929	0.00619	0.00531	0.00354	0.00177	0.00442	0.00310	0.00354	0.00619
10	0.00735	0.00579	0.00662	0.00647	0.00810	0.00507	0.00483	0.00933	0.01435	0.01869	0.36327	0.07054	0.43249	0.01337	0.00677	0.00188	0.00282	0.01144	0.00574	0.00507
11	0.02174	0.01602	0.01717	0.01316	0.01774	0.01774	0.01087	0.74423	0.02689	0.03605	0.01373	0.01373	0.00973	0.00687	0.00572	0.00172	0.00629	0.00515	0.00572	0.00973
12	0.01251	0.01251	0.01752	0.01502	0.01502	0.01752	0.01251	0.01377	0.00876	0.01377	0.00751	0.01251	0.00751	0.01001	0.01877	0.00250	0.78851	0.00501	0.00250	0.00626
13	0.01423	0.01229	0.01293	0.01164	0.01487	0.01423	0.00905	0.03039	0.75297	0.02393	0.02328	0.02134	0.01746	0.00776	0.00582	0.00194	0.00453	0.00647	0.00582	0.00905
14	0.01105	0.01038	0.01688	0.64864	0.03484	0.01321	0.01505	0.01445	0.01105	0.01468	0.01001	0.01501	0.00781	0.00638	0.00761	0.00198	0.12360	0.00508	0.02597	0.00631
15	0.00810	0.00585	0.00765	0.00720	0.00855	0.00540	0.00540	0.01079	0.01619	0.02294	0.76028	0.04273	0.05397	0.01169	0.00675	0.00180	0.00270	0.01034	0.00630	0.00540
16	0.01186	0.01017	0.01186	0.00847	0.01356	0.00762	0.00678	0.01440	0.01186	0.01864	0.01017	0.01186	0.00847	0.00424	0.00424	0.00085	0.00424	0.00339	0.00339	0.83395
17	0.01423	0.01229	0.01293	0.01164	0.01487	0.01423	0.00905	0.03039	0.75297	0.02393	0.02328	0.02134	0.01746	0.00776	0.00582	0.00194	0.00453	0.00647	0.00582	0.00905
18	0.01147	0.02959	0.76934	0.01630	0.02476	0.01328	0.02113	0.01811	0.01208	0.01811	0.01026	0.01208	0.00725	0.00543	0.00543	0.00181	0.00845	0.00423	0.00242	0.00845
19	0.02174	0.01602	0.01717	0.01316	0.01774	0.01774	0.01087	0.74423	0.02689	0.03605	0.01373	0.01373	0.00973	0.00687	0.00572	0.00172	0.00629	0.00515	0.00572	0.00973
20	0.01080	0.01017	0.01716	0.78523	0.03940	0.01271	0.01589	0.01461	0.01144	0.01461	0.01017	0.01525	0.00762	0.00572	0.00572	0.00191	0.00762	0.00508	0.00254	0.00635
21	0.01186	0.01017	0.01186	0.00847	0.01356	0.00762	0.00678	0.01440	0.01186	0.01864	0.01017	0.01186	0.00847	0.00424	0.00424	0.00085	0.00424	0.00339	0.00339	0.83395
22	0.83938	0.01106	0.00841	0.00752	0.01106	0.01283	0.00619	0.01681	0.00973	0.02566	0.00796	0.00929	0.00619	0.00531	0.00354	0.00177	0.00442	0.00310	0.00354	0.00619
23	0.01251	0.01251	0.01752	0.01502	0.01502	0.01752	0.01251	0.01377	0.00876	0.01377	0.00751	0.01251	0.00751	0.01001	0.01877	0.00250	0.78851	0.00501	0.00250	0.00626
24	0.00810	0.00585	0.00765	0.00720	0.00855	0.00540	0.00540	0.01079	0.01619	0.02294	0.76028	0.04273	0.05397	0.01169	0.00675	0.00180	0.00270	0.01034	0.00630	0.00540
25	0.02566	0.00973	0.01327	0.01018	0.01460	0.00841	0.00841	0.02788	0.01637	0.76726	0.02257	0.01947	0.01416	0.00708	0.00575	0.00177	0.00487	0.00575	0.00708	0.00973
26	0.00707	0.00508	0.00674	0.00802	0.00846	0.00475	0.00547	0.00817	0.01113	0.01475	0.03230	0.73548	0.06045	0.01771	0.00731	0.00233	0.00340	0.05139	0.00531	0.00468
27	0.00676	0.00579	0.00579	0.00579	0.00773	0.00483	0.00435	0.00821	0.01304	0.01545	0.05794	0.05505	0.76098	0.01449	0.00676	0.00193	0.00290	0.01207	0.00531	0.00483
28	0.02566	0.00973	0.01327	0.01018	0.01460	0.00841	0.00841	0.02788	0.01637	0.76726	0.02257	0.01947	0.01416	0.00708	0.00575	0.00177	0.00487	0.00575	0.00708	0.00973
29	0.83938	0.01106	0.00841	0.00752	0.01106	0.01283	0.00619	0.01681	0.00973	0.02566	0.00796	0.00929	0.00619	0.00531	0.00354	0.00177	0.00442	0.00310	0.00354	0.00619
30	0.00832	0.00555	0.00624	0.00624	0.00624	0.00555	0.00347	0.00832	0.00832	0.01109	0.01802	0.03743	0.02080	0.79898	0.02911	0.00555	0.00555	0.00832	0.00347	0.00347
31	0.00817	0.00613	0.00919	0.00919	0.01021	0.00715	0.00715	0.01021	0.00919	0.01328	0.01532	0.02247	0.01430	0.04290	0.77631	0.00919	0.01532	0.00613	0.00306	0.00511
32	0.01147	0.02959	0.76934	0.01630	0.02476	0.01328	0.02113	0.01811	0.01208	0.01811	0.01026	0.01208	0.00725	0.00543	0.00543	0.00181	0.00845	0.00423	0.00242	0.00845
33	0.01529	0.80242	0.02997	0.00979	0.01468	0.02263	0.00979	0.01713	0.01162	0.01346	0.00795	0.00918	0.00734	0.00489	0.00367	0.00122	0.00612	0.00306	0.00245	0.00734
34	0.00810	0.00585	0.00765	0.00720	0.00855	0.00540	0.00540	0.01079	0.01619	0.02294	0.76028	0.04273	0.05397	0.01169	0.00675	0.00180	0.00270	0.01034	0.00630	0.00540
35	0.02174	0.01602	0.01717	0.01316	0.01774	0.01774	0.01087	0.74423	0.02689	0.03605	0.01373	0.01373	0.00973	0.00687	0.00572	0.00172	0.00629	0.00515	0.00572	0.00973
36	0.02566	0.00973	0.01327	0.01018	0.01460	0.00841	0.00841	0.02788	0.01637	0.76726	0.02257	0.01947	0.01416	0.00708	0.00575	0.00177	0.00487	0.00575	0.00708	0.00973
37	0.00810	0.00585	0.00765	0.00720	0.00855	0.00540	0.00540	0.01079	0.01619	0.02294	0.76028	0.04273	0.05397	0.01169	0.00675	0.00180	0.00270	0.01034	0.00630	0.00540
38	0.02566	0.00973	0.01327	0.01018	0.01460	0.00841	0.00841	0.02788	0.01637	0.76726	0.02257	0.01947	0.01416	0.00708	0.00575	0.00177	0.00487	0.00575	0.00708	0.00973
39	0.01392	0.01335	0.02279	0.08842	0.71185	0.01353	0.01744	0.01735	0.01291	0.01840	0.01072	0.01423	0.00896	0.00514	0.00567	0.00171	0.00685	0.00510	0.00281	0.00887

[dist]
# distance from previous block
# <min> <max>
0	1

[block]
# block no. 1 follows, 41 sequences, length 33
# corresponding to MSA columns:
# 166-198
name=unknown_B
#
# <colnr> <probs for GDERKNQSTAVLIFYWHMCP>
#	G	D	E	R	K	N	Q	S	T	A	V	L	I	F	Y	W	H	M	C	P
0	0.83938	0.01106	0.00841	0.00752	0.01106	0.01283	0.00619	0.01681	0.00973	0.02566	0.00796	0.00929	0.00619	0.00531	0.00354	0.00177	0.00442	0.00310	0.00354	0.00619
1	0.00994	0.00497	0.00745	0.00745	0.00745	0.00497	0.00497	0.00745	0.00745	0.00994	0.00994	0.01739	0.00994	0.01987	0.02235	0.83358	0.00497	0.00497	0.00248	0.00248
2	0.01416	0.01359	0.02322	0.03511	0.76330	0.01359	0.01755	0.01755	0.01302	0.01869	0.01076	0.01416	0.00906	0.00510	0.00566	0.00170	0.00680	0.00510	0.00283	0.00906
3	0.01147	0.02959	0.76934	0.01630	0.02476	0.01328	0.02113	0.01811	0.01208	0.01811	0.01026	0.01208	0.00725	0.00543	0.00543	0.00181	0.00845	0.00423	0.00242	0.00845
4	0.02137	0.02726	0.01621	0.01474	0.01768	0.77602	0.01105	0.02284	0.01621	0.01400	0.00884	0.01031	0.00737	0.00589	0.00516	0.00147	0.01031	0.00368	0.00295	0.00663
5	0.01186	0.01017	0.01186	0.00847	0.01356	0.00762	0.00678	0.01440	0.01186	0.01864	0.01017	0.01186	0.00847	0.00424	0.00424	0.00085	0.00424	0.00339	0.00339	0.83395
6	0.00810	0.00585	0.00765	0.00720	0.00855	0.00540	0.00540	0.01079	0.01619	0.02294	0.76028	0.04273	0.05397	0.01169	0.00675	0.00180	0.00270	0.01034	0.00630	0.00540
7	0.09665	0.02768	0.69106	0.01540	0.02335	0.01324	0.01960	0.01798	0.01184	0.01889	0.01003	0.01179	0.00714	0.00542	0.00524	0.00181	0.00804	0.00411	0.00253	0.00822
8	0.00832	0.00555	0.00624	0.00624	0.00624	0.00555	0.00347	0.00832	0.00832	0.01109	0.01802	0.03743	0.02080	0.79898	0.02911	0.00555	0.00555	0.00832	0.00347	0.00347
9	0.01529	0.80242	0.02997	0.00979	0.01468	0.02263	0.00979	0.01713	0.01162	0.01346	0.00795	0.00918	0.00734	0.00489	0.00367	0.00122	0.00612	0.00306	0.00245	0.00734
10	0.02174	0.01602	0.01717	0.01316	0.01774	0.01774	0.01087	0.74423	0.02689	0.03605	0.01373	0.01373	0.00973	0.00687	0.00572	0.00172	0.00629	0.00515	0.00572	0.00973
11	0.00715	0.00516	0.00678	0.00775	0.00832	0.00478	0.00529	0.00846	0.01192	0.01606	0.15717	0.63901	0.06746	0.01673	0.00719	0.00222	0.00320	0.01509	0.00548	0.00478
12	0.00783	0.00552	0.00620	0.00637	0.00680	0.00529	0.00388	0.00825	0.00961	0.01242	0.02788	0.13682	0.17404	0.54012	0.02179	0.00440	0.00472	0.01009	0.00408	0.00389
13	0.02137	0.02726	0.01621	0.01474	0.01768	0.77602	0.01105	0.02284	0.01621	0.01400	0.00884	0.01031	0.00737	0.00589	0.00516	0.00147	0.01031	0.00368	0.00295	0.00663
14	0.01155	0.02904	0.74096	0.01660	0.02495	0.01333	0.04897	0.01812	0.01213	0.01812	0.01032	0.01221	0.00730	0.00541	0.00549	0.00182	0.00850	0.00432	0.00243	0.00842
15	0.02071	0.01551	0.01658	0.01295	0.01734	0.01726	0.01062	0.64603	0.12677	0.03438	0.01505	0.01478	0.01079	0.00699	0.00574	0.00175	0.00605	0.00533	0.00574	0.00963
16	0.01325	0.01274	0.02193	0.23331	0.54987	0.01338	0.03870	0.01680	0.01262	0.01760	0.01063	0.01448	0.00867	0.00525	0.00571	0.00176	0.00710	0.00514	0.00276	0.00830
17	0.00925	0.00738	0.01060	0.01009	0.01103	0.00900	0.00795	0.03312	0.00963	0.01397	0.01418	0.02124	0.01336	0.06487	0.60936	0.00781	0.13271	0.00601	0.00307	0.00536
18	0.01423	0.01229	0.01293	0.01164	0.01487	0.01423	0.00905	0.03039	0.75297	0.02393	0.02328	0.02134	0.01746	0.00776	0.00582	0.00194	0.00453	0.00647	0.00582	0.00905
19	0.00994	0.00497	0.00745	0.00745	0.00745	0.00497	0.00497	0.00745	0.00745	0.00994	0.00994	0.01739	0.00994	0.01987	0.02235	0.83358	0.00497	0.00497	0.00248	0.00248
20	0.04744	0.01413	0.01496	0.01171	0.01573	0.01557	0.00961	0.60182	0.02391	0.03332	0.01433	0.01481	0.01040	0.00678	0.00537	0.00166	0.00565	0.00511	0.13879	0.00890
21	0.00994	0.00497	0.00745	0.00745	0.00745	0.00497	0.00497	0.00745	0.00745	0.00994	0.00994	0.01739	0.00994	0.01987	0.02235	0.83358	0.00497	0.00497	0.00248	0.00248
22	0.83938	0.01106	0.00841	0.00752	0.01106	0.01283	0.00619	0.01681	0.00973	0.02566	0.00796	0.00929	0.00619	0.00531	0.00354	0.00177	0.00442	0.00310	0.00354	0.00619
23	0.02174	0.01602	0.01717	0.01316	0.01774	0.01774	0.01087	0.74423	0.02689	0.03605	0.01373	0.01373	0.00973	0.00687	0.00572	0.00172	0.00629	0.00515	0.00572	0.00973
24	0.01237	0.01047	0.01213	0.00871	0.01377	0.00814	0.00699	0.05176	0.01263	0.01953	0.01035	0.01196	0.00854	0.00437	0.00431	0.00089	0.00434	0.00348	0.00351	0.79176
25	0.01529	0.80242	0.02997	0.00979	0.01468	0.02263	0.00979	0.01713	0.01162	0.01346	0.00795	0.00918	0.00734	0.00489	0.00367	0.00122	0.00612	0.00306	0.00245	0.00734
26	0.00676	0.00579	0.00579	0.00579	0.00773	0.00483	0.00435	0.00821	0.01304	0.01545	0.05794	0.05505	0.76098	0.01449	0.00676	0.00193	0.00290	0.01207	0.00531	0.00483
27	0.00697	0.00498	0.00664	0.00796	0.00830	0.00465	0.00531	0.00796	0.01095	0.01460	0.03153	0.79525	0.03783	0.01792	0.00730	0.00232	0.00332	0.01626	0.00531	0.00465
28	0.01513	0.01124	0.01293	0.00974	0.01445	0.01001	0.00784	0.12441	0.10723	0.10472	0.01370	0.01416	0.01041	0.00538	0.00482	0.00121	0.00464	0.00429	0.00444	0.51925
29	0.00922	0.00658	0.00922	0.01053	0.01185	0.00658	0.00922	0.01185	0.01317	0.01712	0.03029	0.06452	0.03292	0.01580	0.00790	0.00263	0.00527	0.72480	0.00527	0.00527
30	0.00832	0.00555	0.00624	0.00624	0.00624	0.00555	0.00347	0.00832	0.00832	0.01109	0.01802	0.03743	0.02080	0.79898	0.02911	0.00555	0.00555	0.00832	0.00347	0.00347
31	0.02546	0.01006	0.01347	0.01033	0.01476	0.00888	0.00853	0.06454	0.01691	0.72984	0.02211	0.01918	0.01393	0.00707	0.00575	0.00177	0.00494	0.00572	0.00701	0.00973
32	0.01416	0.01359	0.02322	0.03511	0.76330	0.01359	0.01755	0.01755	0.01302	0.01869	0.01076	0.01416	0.00906	0.00510	0.00566	0.00170	0.00680	0.00510	0.00283	0.00906

[dist]
# distance from previous block
# <min> <max>
0	3

[block]
# block no. 2 follows, 41 sequences, length 11
# corresponding to MSA columns:
# 202-212
name=unknown_C
#
# <colnr> <probs for GDERKNQSTAVLIFYWHMCP>
#	G	D	E	R	K	N	Q	S	T	A	V	L	I	F	Y	W	H	M	C	P
0	0.71707	0.05520	0.01007	0.00790	0.01160	0.01297	0.00660	0.01787	0.01046	0.09444	0.00933	0.01024	0.00700	0.00545	0.00375	0.00174	0.00456	0.00334	0.00381	0.00659
1	0.02174	0.12016	0.01482	0.00970	0.01376	0.00997	0.00818	0.02396	0.01568	0.55683	0.12449	0.02131	0.01882	0.00742	0.00560	0.00170	0.00474	0.00602	0.00632	0.00879
2	0.21117	0.01262	0.01288	0.01085	0.01435	0.01416	0.00870	0.32428	0.17277	0.02814	0.01627	0.09578	0.01357	0.00893	0.02870	0.00207	0.00545	0.00613	0.00510	0.00808
3	0.62980	0.01172	0.01064	0.08921	0.01501	0.01356	0.00791	0.12641	0.01250	0.02608	0.00906	0.01058	0.00688	0.00559	0.00410	0.00178	0.00504	0.00361	0.00377	0.00674
4	0.03975	0.41230	0.13666	0.01214	0.01708	0.18524	0.01179	0.09410	0.01423	0.01697	0.00910	0.01034	0.00755	0.00541	0.00447	0.00143	0.00736	0.00359	0.00292	0.00757
5	0.13736	0.01229	0.01614	0.01389	0.01442	0.01681	0.01156	0.01423	0.00891	0.01556	0.00758	0.01203	0.00731	0.00930	0.01647	0.00239	0.67013	0.00472	0.00266	0.00625
6	0.00820	0.00612	0.00749	0.00726	0.00871	0.00567	0.00538	0.03986	0.01517	0.02063	0.47057	0.15777	0.19981	0.01303	0.00679	0.00190	0.00298	0.01139	0.00591	0.00534
7	0.00862	0.00654	0.00905	0.00882	0.00942	0.00762	0.00650	0.00996	0.00888	0.01264	0.01543	0.02620	0.01569	0.27555	0.47239	0.00743	0.08470	0.00671	0.00314	0.00470
8	0.01366	0.01081	0.01170	0.01050	0.01350	0.01199	0.00816	0.02602	0.55335	0.07524	0.09595	0.02680	0.09980	0.00880	0.00600	0.00191	0.00421	0.00738	0.00590	0.00831
9	0.01157	0.06295	0.09276	0.02874	0.01483	0.03617	0.01079	0.01596	0.12207	0.01554	0.01308	0.01739	0.01148	0.03778	0.25939	0.00446	0.22986	0.00542	0.00321	0.00655
10	0.04086	0.01425	0.01500	0.01228	0.01550	0.05750	0.00997	0.39205	0.12295	0.02783	0.01425	0.01515	0.01080	0.00735	0.00742	0.00181	0.12391	0.00519	0.09757	0.00835

[dist]
# distance from previous block
# <min> <max>
0	1

[block]
# block no. 3 follows, 41 sequences, length 44
# corresponding to MSA columns:
# 214-257
name=unknown_D
#
# <colnr> <probs for GDERKNQSTAVLIFYWHMCP>
#	G	D	E	R	K	N	Q	S	T	A	V	L	I	F	Y	W	H	M	C	P
0	0.03284	0.34242	0.03195	0.01100	0.04601	0.02829	0.00930	0.09495	0.06874	0.01872	0.01187	0.01285	0.02946	0.00544	0.00442	0.00129	0.00550	0.00399	0.00344	0.23750
1	0.02375	0.00983	0.01312	0.01006	0.01446	0.00853	0.00828	0.04410	0.01600	0.65585	0.02095	0.01867	0.01350	0.00779	0.02683	0.00188	0.00513	0.00552	0.00658	0.08916
2	0.01307	0.07709	0.38446	0.01813	0.14312	0.06732	0.05445	0.04973	0.01348	0.01866	0.07274	0.01519	0.01183	0.00701	0.02792	0.00194	0.00784	0.00498	0.00304	0.00801
3	0.01498	0.04894	0.14531	0.26920	0.09140	0.07545	0.04542	0.18791	0.03029	0.02083	0.01119	0.01375	0.00838	0.00587	0.00558	0.00177	0.00756	0.00486	0.00340	0.00791
4	0.01158	0.02884	0.73059	0.01671	0.02503	0.01335	0.05914	0.01813	0.01215	0.01813	0.01033	0.01225	0.00732	0.00540	0.00550	0.00182	0.00852	0.00436	0.00244	0.00841
5	0.01529	0.80242	0.02997	0.00979	0.01468	0.02263	0.00979	0.01713	0.01162	0.01346	0.00795	0.00918	0.00734	0.00489	0.00367	0.00122	0.00612	0.00306	0.00245	0.00734
6	0.00832	0.00555	0.00624	0.00624	0.00624	0.00555	0.00347	0.00832	0.00832	0.01109	0.01802	0.03743	0.02080	0.79898	0.02911	0.00555	0.00555	0.00832	0.00347	0.00347
7	0.50402	0.01051	0.01041	0.00862	0.01252	0.01101	0.00711	0.02137	0.01247	0.33130	0.01398	0.01349	0.00948	0.00604	0.00445	0.00177	0.00461	0.00419	0.00500	0.00765
8	0.02444	0.01169	0.01449	0.01111	0.01558	0.01131	0.00917	0.25090	0.01965	0.53961	0.01982	0.01768	0.01278	0.00701	0.00574	0.00175	0.00531	0.00556	0.00666	0.00973
9	0.01403	0.06384	0.06613	0.04499	0.06538	0.06513	0.20727	0.03200	0.17458	0.01815	0.01272	0.01507	0.01010	0.00678	0.00866	0.00196	0.17651	0.00555	0.00343	0.00771
10	0.01557	0.76701	0.02934	0.01001	0.01482	0.05705	0.00984	0.01739	0.01183	0.01348	0.00799	0.00923	0.00734	0.00494	0.00374	0.00123	0.00631	0.00309	0.00247	0.00731
11	0.02237	0.00901	0.01222	0.00962	0.01347	0.00784	0.00784	0.02467	0.01634	0.62763	0.16096	0.02383	0.02163	0.00795	0.00594	0.00178	0.00446	0.00661	0.00693	0.00892
12	0.01746	0.01307	0.01414	0.01192	0.01564	0.01462	0.00949	0.22858	0.47778	0.10132	0.02056	0.01904	0.01498	0.00744	0.00579	0.00186	0.00505	0.00603	0.00592	0.00931
13	0.01308	0.01305	0.04587	0.19647	0.54985	0.01305	0.01680	0.01665	0.01278	0.01796	0.04203	0.01552	0.01057	0.00552	0.00571	0.00175	0.00686	0.00528	0.00290	0.00830
14	0.00697	0.00498	0.00664	0.00796	0.00830	0.00465	0.00531	0.00796	0.01095	0.01460	0.03153	0.79525	0.03783	0.01792	0.00730	0.00232	0.00332	0.01626	0.00531	0.00465
15	0.01529	0.80242	0.02997	0.00979	0.01468	0.02263	0.00979	0.01713	0.01162	0.01346	0.00795	0.00918	0.00734	0.00489	0.00367	0.00122	0.00612	0.00306	0.00245	0.00734
16	0.01508	0.01226	0.01311	0.01164	0.01496	0.01399	0.00913	0.07188	0.65965	0.05844	0.02285	0.02179	0.01721	0.00786	0.00586	0.00193	0.00466	0.02278	0.00586	0.00904
17	0.00994	0.00497	0.00745	0.00745	0.00745	0.00497	0.00497	0.00745	0.00745	0.00994	0.00994	0.01739	0.00994	0.01987	0.02235	0.83358	0.00497	0.00497	0.00248	0.00248
18	0.00810	0.00585	0.00765	0.00720	0.00855	0.00540	0.00540	0.01079	0.01619	0.02294	0.76028	0.04273	0.05397	0.01169	0.00675	0.00180	0.00270	0.01034	0.00630	0.00540
19	0.00832	0.00555	0.00624	0.00624	0.00624	0.00555	0.00347	0.00832	0.00832	0.01109	0.01802	0.03743	0.02080	0.79898	0.02911	0.00555	0.00555	0.00832	0.00347	0.00347
20	0.01494	0.63350	0.06152	0.01040	0.01518	0.02078	0.01019	0.01941	0.13638	0.01544	0.01064	0.01136	0.00904	0.00540	0.00411	0.00137	0.00596	0.00369	0.00301	0.00768
21	0.01660	0.02146	0.10349	0.01918	0.10376	0.34218	0.16658	0.01952	0.01380	0.01585	0.00960	0.01232	0.00784	0.00610	0.00747	0.00177	0.11767	0.00473	0.00280	0.00728
22	0.00801	0.00582	0.00755	0.00724	0.00857	0.00536	0.00543	0.01058	0.01575	0.02211	0.68158	0.07873	0.08252	0.01219	0.00680	0.00185	0.00279	0.02560	0.00619	0.00534
23	0.01416	0.01359	0.02322	0.03511	0.76330	0.01359	0.01755	0.01755	0.01302	0.01869	0.01076	0.01416	0.00906	0.00510	0.00566	0.00170	0.00680	0.00510	0.00283	0.00906
24	0.01618	0.39466	0.22961	0.01216	0.01794	0.01804	0.01296	0.13567	0.01462	0.08352	0.01078	0.01160	0.00829	0.00555	0.00467	0.00151	0.00668	0.00395	0.00337	0.00824
25	0.00832	0.00555	0.00624	0.00624	0.00624	0.00555	0.00347	0.00832	0.00832	0.01109	0.01802	0.03743	0.02080	0.79898	0.02911	0.00555	0.00555	0.00832	0.00347	0.00347
26	0.00825	0.00552	0.00626	0.00633	0.00634	0.00550	0.00356	0.00830	0.00845	0.01127	0.01871	0.07595	0.02166	0.75928	0.02800	0.00538	0.00543	0.00872	0.00356	0.00353
27	0.01375	0.05754	0.01980	0.04580	0.05022	0.07296	0.11838	0.05002	0.04911	0.01607	0.01018	0.01474	0.00912	0.05449	0.01343	0.00233	0.38692	0.00534	0.00298	0.00682
28	0.02170	0.01214	0.01499	0.02947	0.01617	0.01281	0.00985	0.23788	0.07625	0.38549	0.01793	0.01699	0.01216	0.00739	0.00730	0.00186	0.09898	0.00553	0.00593	0.00919
29	0.02426	0.00997	0.01313	0.01014	0.01443	0.00890	0.00835	0.08038	0.01696	0.66821	0.02399	0.02113	0.05781	0.00750	0.00581	0.00178	0.00486	0.00608	0.00687	0.00944
30	0.02577	0.01078	0.01793	0.52233	0.14845	0.01261	0.04626	0.01486	0.01145	0.01545	0.01062	0.01609	0.00866	0.05246	0.00767	0.00209	0.04368	0.00527	0.00269	0.02487
31	0.02049	0.02133	0.01694	0.01570	0.07944	0.40321	0.01141	0.27552	0.06214	0.02268	0.01155	0.01247	0.00892	0.00628	0.00544	0.00160	0.00828	0.00448	0.00408	0.00806
32	0.02137	0.02726	0.01621	0.01474	0.01768	0.77602	0.01105	0.02284	0.01621	0.01400	0.00884	0.01031	0.00737	0.00589	0.00516	0.00147	0.01031	0.00368	0.00295	0.00663
33	0.01535	0.01632	0.06681	0.02198	0.07011	0.04636	0.50927	0.10507	0.01525	0.05740	0.01214	0.01497	0.00897	0.00527	0.00638	0.00186	0.00881	0.00616	0.00341	0.00812
34	0.01986	0.01508	0.01610	0.01278	0.01702	0.01686	0.01042	0.56499	0.20920	0.03300	0.01613	0.01564	0.01167	0.00709	0.00575	0.00177	0.00585	0.00548	0.00575	0.00956
35	0.00697	0.00498	0.00664	0.00796	0.00830	0.00465	0.00531	0.00796	0.01095	0.01460	0.03153	0.79525	0.03783	0.01792	0.00730	0.00232	0.00332	0.01626	0.00531	0.00465
36	0.00881	0.00659	0.00889	0.04870	0.09821	0.00664	0.00619	0.00964	0.00965	0.01300	0.01997	0.21304	0.02278	0.48045	0.02000	0.00415	0.00527	0.00966	0.00378	0.00455
37	0.02095	0.04610	0.01740	0.04967	0.05607	0.01622	0.01105	0.53872	0.03739	0.12692	0.01450	0.01453	0.01022	0.00669	0.00564	0.00172	0.00616	0.00516	0.00547	0.00943
38	0.01445	0.01333	0.02018	0.02787	0.53769	0.05048	0.03225	0.04893	0.03999	0.04345	0.01475	0.01810	0.05274	0.05265	0.00712	0.00194	0.00658	0.00572	0.00339	0.00839
39	0.00790	0.00656	0.00714	0.00782	0.00876	0.05020	0.00546	0.00922	0.01231	0.01571	0.12044	0.50572	0.19017	0.01577	0.00700	0.00213	0.00357	0.01395	0.00529	0.00489
40	0.01809	0.02176	0.01625	0.01544	0.06059	0.53138	0.03998	0.01958	0.01440	0.01430	0.01092	0.07814	0.01024	0.00781	0.00744	0.03760	0.08143	0.00514	0.00308	0.00643
41	0.03477	0.02764	0.67758	0.01730	0.05837	0.01334	0.05633	0.01806	0.01212	0.01836	0.01029	0.01226	0.00737	0.00538	0.00546	0.00181	0.00832	0.00436	0.00249	0.00838
42	0.02949	0.21409	0.49881	0.05950	0.02243	0.01526	0.01717	0.01749	0.01187	0.01696	0.00965	0.01150	0.00732	0.00527	0.00494	0.00163	0.00758	0.00394	0.00249	0.04261
43	0.01387	0.01446	0.06100	0.05408	0.63998	0.01363	0.08344	0.01757	0.01298	0.01851	0.01079	0.01420	0.00890	0.00511	0.00575	0.00173	0.00716	0.00520	0.00281	0.00883

[dist]
# distance from previous block
# <min> <max>
0	3

[block]
# block no. 4 follows, 41 sequences, length 19
# corresponding to MSA columns:
# 261-279
name=unknown_E
#
# <colnr> <probs for GDERKNQSTAVLIFYWHMCP>
#	G	D	E	R	K	N	Q	S	T	A	V	L	I	F	Y	W	H	M	C	P
0	0.00878	0.00804	0.00758	0.00726	0.00907	0.08496	0.00544	0.01071	0.01457	0.01817	0.32170	0.04570	0.41226	0.01253	0.00659	0.00183	0.00359	0.01054	0.00544	0.00523
1	0.01195	0.00875	0.01030	0.00885	0.01114	0.00890	0.00693	0.22027	0.01914	0.02643	0.52281	0.03487	0.06565	0.01041	0.00645	0.00178	0.00373	0.00892	0.00610	0.00661
2	0.00822	0.00551	0.00627	0.00636	0.00638	0.00548	0.00359	0.00829	0.00850	0.01134	0.01896	0.09027	0.02198	0.74452	0.02759	0.00532	0.00539	0.00887	0.00359	0.00355
3	0.00832	0.00555	0.00624	0.00624	0.00624	0.00555	0.00347	0.00832	0.00832	0.01109	0.01802	0.03743	0.02080	0.79898	0.02911	0.00555	0.00555	0.00832	0.00347	0.00347
4	0.00697	0.00498	0.00664	0.00796	0.00830	0.00465	0.00531	0.00796	0.01095	0.01460	0.03153	0.79525	0.03783	0.01792	0.00730	0.00232	0.00332	0.01626	0.00531	0.00465
5	0.01280	0.01335	0.02216	0.01761	0.01927	0.01665	0.22110	0.01507	0.01011	0.01507	0.00867	0.01335	0.00784	0.00853	0.01534	0.00234	0.56597	0.00550	0.00261	0.00667
6	0.00729	0.00523	0.00693	0.00774	0.00837	0.00486	0.00533	0.00877	0.01245	0.01698	0.23975	0.58023	0.04244	0.01614	0.00714	0.00217	0.00314	0.01457	0.00559	0.00486
7	0.00781	0.00561	0.00724	0.00826	0.00884	0.00539	0.00563	0.05003	0.01186	0.01583	0.03051	0.75060	0.03623	0.01729	0.00721	0.00229	0.00349	0.01563	0.00533	0.00494
8	0.60566	0.01569	0.01064	0.00958	0.01295	0.23089	0.00758	0.01854	0.01158	0.02233	0.00822	0.00958	0.00653	0.00548	0.00400	0.00169	0.00611	0.00326	0.00337	0.00632
9	0.00716	0.00575	0.00639	0.00636	0.00800	0.00498	0.00472	0.00893	0.01378	0.01753	0.25666	0.10637	0.50539	0.01394	0.00680	0.00192	0.00287	0.01189	0.00559	0.00498
10	0.01499	0.57666	0.02510	0.01032	0.01474	0.02023	0.00958	0.02092	0.22344	0.01645	0.01233	0.01265	0.01023	0.00571	0.00428	0.00143	0.00566	0.00403	0.00341	0.00783
11	0.01637	0.01335	0.01414	0.01207	0.01569	0.01523	0.00957	0.23435	0.54551	0.02739	0.02055	0.01917	0.01525	0.00750	0.00579	0.00188	0.00503	0.00609	0.00579	0.00925
12	0.02137	0.02726	0.01621	0.01474	0.01768	0.77602	0.01105	0.02284	0.01621	0.01400	0.00884	0.01031	0.00737	0.00589	0.00516	0.00147	0.01031	0.00368	0.00295	0.00663
13	0.55628	0.01136	0.01020	0.05313	0.01377	0.01322	0.00757	0.02057	0.22219	0.02454	0.01247	0.01307	0.00950	0.00603	0.00432	0.00183	0.00464	0.00417	0.00413	0.00702
14	0.01251	0.01251	0.01752	0.01502	0.01502	0.01752	0.01251	0.01377	0.00876	0.01377	0.00751	0.01251	0.00751	0.01001	0.01877	0.00250	0.78851	0.00501	0.00250	0.00626
15	0.02032	0.00838	0.01138	0.00954	0.01280	0.00733	0.00752	0.02219	0.01482	0.55221	0.02513	0.24113	0.02092	0.01018	0.00619	0.00193	0.00442	0.00875	0.00657	0.00828
16	0.01202	0.01184	0.01742	0.23509	0.02198	0.01614	0.01348	0.01401	0.00952	0.01401	0.00827	0.01330	0.00754	0.00878	0.01504	0.00233	0.56539	0.00503	0.00251	0.00628
17	0.01187	0.01126	0.01908	0.54672	0.26957	0.01299	0.01642	0.01555	0.01194	0.01591	0.01035	0.01490	0.00808	0.00552	0.00570	0.00184	0.00736	0.00509	0.00263	0.00721
18	0.24830	0.01042	0.01087	0.00820	0.01284	0.00911	0.00661	0.01509	0.01125	0.02065	0.00954	0.01113	0.00782	0.00454	0.00404	0.00111	0.00429	0.00331	0.00343	0.59744

[dist]
# distance from previous block
# <min> <max>
2	4

[block]
# block no. 5 follows, 41 sequences, length 74
# corresponding to MSA columns:
# 285-358
name=unknown_F
#
# <colnr> <probs for GDERKNQSTAVLIFYWHMCP>
#	G	D	E	R	K	N	Q	S	T	A	V	L	I	F	Y	W	H	M	C	P
0	0.01136	0.01101	0.01945	0.64295	0.09513	0.01297	0.09568	0.01525	0.01179	0.01534	0.01037	0.01518	0.00785	0.00557	0.00583	0.00189	0.00778	0.00527	0.00260	0.00672
1	0.01210	0.15651	0.64791	0.01523	0.02310	0.01482	0.01927	0.01795	0.01200	0.01735	0.00988	0.01160	0.00726	0.00535	0.00514	0.00171	0.00807	0.00403	0.00242	0.00827
2	0.00830	0.00609	0.00900	0.00900	0.01004	0.00706	0.00699	0.01037	0.00933	0.01368	0.01549	0.02241	0.01432	0.04107	0.73743	0.00880	0.01468	0.00609	0.04474	0.00512
3	0.01314	0.01206	0.01989	0.02779	0.53427	0.01206	0.04360	0.06063	0.01348	0.01892	0.01520	0.17307	0.01494	0.00780	0.00604	0.00184	0.00617	0.00744	0.00352	0.00815
4	0.01477	0.53611	0.21096	0.01188	0.01741	0.07932	0.01274	0.01776	0.01204	0.01465	0.00858	0.01004	0.00732	0.00520	0.00451	0.00141	0.02185	0.00343	0.00248	0.00754
5	0.02137	0.02726	0.01621	0.01474	0.01768	0.77602	0.01105	0.02284	0.01621	0.01400	0.00884	0.01031	0.00737	0.00589	0.00516	0.00147	0.01031	0.00368	0.00295	0.00663
6	0.00690	0.00580	0.00599	0.00595	0.00781	0.00489	0.00446	0.00849	0.01338	0.01626	0.13367	0.05372	0.68475	0.01419	0.00676	0.00192	0.00288	0.01189	0.00542	0.00489
7	0.15038	0.01264	0.01972	0.11657	0.52919	0.01318	0.01517	0.01745	0.01241	0.04546	0.01064	0.01367	0.00860	0.00527	0.00532	0.00174	0.00643	0.00479	0.00306	0.00830
8	0.01057	0.00878	0.01333	0.01821	0.30069	0.00847	0.01007	0.01296	0.02401	0.04341	0.08088	0.28402	0.13862	0.01143	0.00647	0.00196	0.00463	0.01034	0.00449	0.00668
9	0.00810	0.00585	0.00765	0.00720	0.00855	0.00540	0.00540	0.01079	0.01619	0.02294	0.76028	0.04273	0.05397	0.01169	0.00675	0.00180	0.00270	0.01034	0.00630	0.00540
10	0.01529	0.80242	0.02997	0.00979	0.01468	0.02263	0.00979	0.01713	0.01162	0.01346	0.00795	0.00918	0.00734	0.00489	0.00367	0.00122	0.00612	0.00306	0.00245	0.00734
11	0.01589	0.38242	0.13661	0.01405	0.09314	0.01723	0.03341	0.04861	0.06832	0.10951	0.02338	0.01317	0.00994	0.00566	0.00477	0.00153	0.00632	0.00433	0.00351	0.00818
12	0.77037	0.01219	0.05571	0.02473	0.01252	0.01286	0.00733	0.01685	0.00992	0.02496	0.00815	0.00959	0.00629	0.00533	0.00370	0.00178	0.00474	0.00321	0.00345	0.00634
13	0.00773	0.00575	0.00721	0.00717	0.00849	0.00523	0.00534	0.00994	0.01471	0.02007	0.49051	0.15182	0.18803	0.01329	0.00688	0.00193	0.00293	0.04187	0.00592	0.00518
14	0.01572	0.01397	0.07221	0.05074	0.57312	0.01272	0.01629	0.01916	0.01345	0.13829	0.01260	0.01490	0.00971	0.00545	0.00566	0.00172	0.00662	0.00514	0.00347	0.00905
15	0.01166	0.06850	0.73212	0.01597	0.02425	0.01375	0.02056	0.01806	0.01205	0.01788	0.01015	0.01193	0.00725	0.00541	0.00535	0.00178	0.00834	0.00417	0.00242	0.00840
16	0.00711	0.00579	0.00632	0.00648	0.00817	0.00501	0.00491	0.00875	0.01323	0.01634	0.13122	0.11325	0.57044	0.01455	0.00689	0.00200	0.00309	0.06612	0.00542	0.00491
17	0.00901	0.00747	0.05503	0.00788	0.00979	0.00601	0.00649	0.01193	0.01594	0.05258	0.68417	0.03989	0.04948	0.01112	0.00663	0.00180	0.00314	0.00978	0.00609	0.00576
18	0.02067	0.01507	0.01627	0.01273	0.01702	0.01662	0.01042	0.63312	0.08493	0.05815	0.01551	0.04598	0.01163	0.00739	0.00579	0.00176	0.00598	0.00572	0.00576	0.00947
19	0.00895	0.00681	0.00853	0.00909	0.01054	0.00681	0.00724	0.01291	0.11166	0.01811	0.13563	0.20751	0.12418	0.01443	0.00720	0.00227	0.00411	0.29289	0.00550	0.00561
20	0.00761	0.00550	0.00657	0.00701	0.00769	0.00516	0.00470	0.00861	0.01111	0.01455	0.10601	0.28060	0.17488	0.28112	0.01456	0.00330	0.00403	0.04782	0.00478	0.00439
21	0.01398	0.06198	0.34170	0.02276	0.28670	0.11267	0.04448	0.01848	0.01298	0.01756	0.01019	0.01257	0.00797	0.00532	0.00544	0.00170	0.00803	0.00450	0.00265	0.00835
22	0.04004	0.36898	0.04523	0.01271	0.01573	0.05684	0.03548	0.03661	0.01121	0.01491	0.00818	0.01092	0.00748	0.00697	0.00969	0.00179	0.30359	0.00405	0.00263	0.00697
23	0.00832	0.00555	0.00624	0.00624	0.00624	0.00555	0.00347	0.00832	0.00832	0.01109	0.01802	0.03743	0.02080	0.79898	0.02911	0.00555	0.00555	0.00832	0.00347	0.00347
24	0.00819	0.00606	0.00887	0.00887	0.00978	0.00697	0.00675	0.01001	0.00910	0.01304	0.01562	0.02411	0.01501	0.12579	0.69440	0.00879	0.01425	0.00637	0.00311	0.00493
25	0.72177	0.03933	0.02577	0.04407	0.01294	0.01337	0.00733	0.01663	0.00989	0.02409	0.00810	0.00975	0.00638	0.00550	0.00429	0.00179	0.03603	0.00329	0.00339	0.00629
26	0.01930	0.05446	0.01699	0.04155	0.01789	0.59501	0.01141	0.02084	0.01464	0.01396	0.00863	0.01081	0.00740	0.00653	0.00736	0.00165	0.13823	0.00393	0.00284	0.00659
27	0.01529	0.80242	0.02997	0.00979	0.01468	0.02263	0.00979	0.01713	0.01162	0.01346	0.00795	0.00918	0.00734	0.00489	0.00367	0.00122	0.00612	0.00306	0.00245	0.00734
28	0.73152	0.04043	0.05187	0.00838	0.01222	0.04390	0.00735	0.01714	0.01019	0.02435	0.00813	0.00948	0.00634	0.00533	0.00371	0.00174	0.00495	0.00318	0.00342	0.00638
29	0.01700	0.01599	0.02327	0.14102	0.57163	0.07224	0.01759	0.01938	0.01478	0.02032	0.01341	0.01795	0.01146	0.00720	0.00686	0.00224	0.00808	0.00591	0.00381	0.00987
30	0.01700	0.01420	0.01485	0.01349	0.01687	0.01563	0.01021	0.03164	0.72047	0.02625	0.02558	0.02493	0.01980	0.00959	0.00704	0.00246	0.00553	0.00732	0.00669	0.01043
31	0.02567	0.01227	0.01511	0.01238	0.01666	0.01122	0.00972	0.02973	0.16225	0.58958	0.02504	0.02351	0.01730	0.00908	0.00699	0.00233	0.00579	0.00678	0.00765	0.01094
32	0.01133	0.00793	0.00926	0.00913	0.00970	0.00778	0.00587	0.01110	0.01052	0.01460	0.01984	0.03626	0.02124	0.56140	0.22968	0.00688	0.00912	0.00850	0.00434	0.00554
33	0.01033	0.00801	0.00868	0.00844	0.01034	0.00685	0.00609	0.01134	0.01578	0.02063	0.29115	0.07264	0.47496	0.01517	0.00794	0.00242	0.00392	0.01220	0.00653	0.00658
34	0.01110	0.00771	0.00849	0.00854	0.00899	0.00719	0.00517	0.01054	0.01089	0.01472	0.02458	0.14165	0.06656	0.61694	0.02512	0.00527	0.00606	0.01035	0.00479	0.00533
35	0.01700	0.01420	0.01485	0.01349	0.01687	0.01563	0.01021	0.03164	0.72047	0.02625	0.02558	0.02493	0.01980	0.00959	0.00704	0.00246	0.00553	0.00732	0.00669	0.01043
36	0.02467	0.01697	0.01840	0.01457	0.01920	0.01780	0.01163	0.62205	0.02667	0.13008	0.01759	0.01840	0.01298	0.00877	0.00695	0.00226	0.00704	0.00614	0.00677	0.01107
37	0.01802	0.76777	0.03110	0.01173	0.01668	0.02365	0.01091	0.01899	0.01343	0.01627	0.01096	0.01333	0.01015	0.00686	0.00499	0.00178	0.00705	0.00407	0.00347	0.00879
38	0.01251	0.01251	0.01752	0.01502	0.01502	0.01752	0.01251	0.01377	0.00876	0.01377	0.00751	0.01251	0.00751	0.01001	0.01877	0.00250	0.78851	0.00501	0.00250	0.00626
39	0.80125	0.04768	0.00940	0.00763	0.01123	0.01329	0.00636	0.01683	0.00982	0.02510	0.00796	0.00929	0.00625	0.00529	0.00355	0.00174	0.00450	0.00310	0.00349	0.00625
40	0.00910	0.00655	0.00906	0.01031	0.01166	0.00650	0.00899	0.01168	0.01316	0.01704	0.03157	0.06408	0.06661	0.01574	0.00785	0.00260	0.00516	0.69182	0.00527	0.00525
41	0.01389	0.01195	0.01264	0.01147	0.01457	0.01378	0.00888	0.02936	0.71863	0.02350	0.02366	0.05715	0.01840	0.00823	0.00589	0.00196	0.00447	0.00692	0.00580	0.00885
42	0.01655	0.56440	0.02530	0.01091	0.01507	0.21734	0.00982	0.01820	0.01266	0.01349	0.00865	0.01078	0.00797	0.04190	0.00523	0.00149	0.00718	0.00346	0.00262	0.00698
43	0.00985	0.00501	0.00746	0.00744	0.00750	0.00499	0.00499	0.00761	0.00786	0.01054	0.04466	0.01856	0.01197	0.01949	0.02163	0.79509	0.00486	0.00522	0.00266	0.00262
44	0.82767	0.01171	0.00911	0.00820	0.01178	0.01332	0.00662	0.01743	0.01036	0.02641	0.00896	0.01066	0.00714	0.00595	0.00398	0.00195	0.00476	0.00343	0.00386	0.00669
45	0.01984	0.01458	0.01567	0.01248	0.01627	0.01581	0.00990	0.57549	0.04964	0.03220	0.04808	0.01983	0.01434	0.11677	0.00939	0.00243	0.00628	0.00616	0.00573	0.00910
46	0.01346	0.01314	0.01808	0.01558	0.01567	0.01793	0.01284	0.01443	0.00940	0.01469	0.00851	0.01384	0.00843	0.01058	0.01898	0.00267	0.77685	0.00531	0.00284	0.00675
47	0.82767	0.01171	0.00911	0.00820	0.01178	0.01332	0.00662	0.01743	0.01036	0.02641	0.00896	0.01066	0.00714	0.00595	0.00398	0.00195	0.00476	0.00343	0.00386	0.00669
48	0.02641	0.01041	0.01390	0.01081	0.01527	0.00896	0.00880	0.02833	0.01690	0.75666	0.02334	0.02068	0.01498	0.00770	0.00616	0.00195	0.00519	0.00605	0.00735	0.01018
49	0.82767	0.01171	0.00911	0.00820	0.01178	0.01332	0.00662	0.01743	0.01036	0.02641	0.00896	0.01066	0.00714	0.00595	0.00398	0.00195	0.00476	0.00343	0.00386	0.00669
50	0.01346	0.01314	0.01808	0.01558	0.01567	0.01793	0.01284	0.01443	0.00940	0.01469	0.00851	0.01384	0.00843	0.01058	0.01898	0.00267	0.77685	0.00531	0.00284	0.00675
51	0.01360	0.01069	0.01248	0.00923	0.01418	0.00817	0.00727	0.01579	0.01273	0.06793	0.01242	0.03149	0.01042	0.00539	0.00483	0.00113	0.00459	0.00416	0.00400	0.74951
52	0.02099	0.01543	0.01663	0.01320	0.01736	0.01677	0.01064	0.65615	0.02558	0.03437	0.01651	0.09737	0.01358	0.00865	0.00629	0.00196	0.00629	0.00662	0.00597	0.00964
53	0.01243	0.02996	0.75840	0.01684	0.02526	0.01376	0.02133	0.01872	0.01267	0.01897	0.01122	0.01341	0.00818	0.00608	0.00584	0.00199	0.00873	0.00454	0.00276	0.00892
54	0.01514	0.01292	0.01357	0.01225	0.01553	0.01469	0.00944	0.03081	0.74222	0.02470	0.02404	0.02253	0.01823	0.00837	0.00622	0.00211	0.00486	0.00675	0.00611	0.00951
55	0.00846	0.00581	0.00729	0.00835	0.00889	0.00543	0.00562	0.00936	0.01155	0.01609	0.02997	0.66040	0.03471	0.03865	0.03034	0.00267	0.00401	0.01474	0.09245	0.00522
56	0.01514	0.01292	0.01357	0.01225	0.01553	0.01469	0.00944	0.03081	0.74222	0.02470	0.02404	0.02253	0.01823	0.00837	0.00622	0.00211	0.00486	0.00675	0.00611	0.00951
57	0.01281	0.01083	0.01251	0.00913	0.01424	0.00819	0.00719	0.01506	0.01246	0.01949	0.01113	0.01319	0.00938	0.00490	0.00466	0.00104	0.00457	0.00372	0.00371	0.82178
58	0.00845	0.00591	0.00723	0.00806	0.00837	0.00556	0.00513	0.00884	0.01068	0.01434	0.02765	0.53137	0.03260	0.27936	0.01497	0.00357	0.00441	0.01374	0.00499	0.00477
59	0.00892	0.00657	0.00810	0.00768	0.00919	0.00592	0.00569	0.01115	0.01628	0.02268	0.65224	0.04530	0.15236	0.01263	0.00714	0.00199	0.00309	0.01081	0.00644	0.00583
60	0.01921	0.01122	0.01318	0.01118	0.01475	0.01139	0.00879	0.04238	0.34372	0.32537	0.10915	0.02410	0.02098	0.00853	0.00630	0.00202	0.00482	0.00688	0.00667	0.00937
61	0.01092	0.00571	0.00817	0.00813	0.00822	0.00557	0.00541	0.00822	0.00811	0.01092	0.01090	0.01863	0.01082	0.02029	0.02250	0.82103	0.00529	0.00527	0.00282	0.00304
62	0.82767	0.01171	0.00911	0.00820	0.01178	0.01332	0.00662	0.01743	0.01036	0.02641	0.00896	0.01066	0.00714	0.00595	0.00398	0.00195	0.00476	0.00343	0.00386	0.00669
63	0.02641	0.01041	0.01390	0.01081	0.01527	0.00896	0.00880	0.02833	0.01690	0.75666	0.02334	0.02068	0.01498	0.00770	0.00616	0.00195	0.00519	0.00605	0.00735	0.01018
64	0.82767	0.01171	0.00911	0.00820	0.01178	0.01332	0.00662	0.01743	0.01036	0.02641	0.00896	0.01066	0.00714	0.00595	0.00398	0.00195	0.00476	0.00343	0.00386	0.00669
65	0.00823	0.00654	0.00714	0.00695	0.00876	0.00562	0.00514	0.00981	0.01465	0.01880	0.28786	0.05169	0.51916	0.01408	0.00714	0.00206	0.00319	0.01170	0.00593	0.00553
66	0.01552	0.01518	0.02311	0.12557	0.43594	0.07491	0.10747	0.06088	0.01436	0.01943	0.01163	0.01536	0.00958	0.00615	0.00669	0.00195	0.03873	0.00549	0.00330	0.00874
67	0.01050	0.00874	0.01220	0.01333	0.10213	0.03883	0.02913	0.01235	0.01104	0.01541	0.04615	0.07120	0.01735	0.06258	0.51269	0.00698	0.01248	0.00709	0.00364	0.00615
68	0.01581	0.01074	0.01282	0.00950	0.01446	0.00836	0.00755	0.01798	0.01343	0.18174	0.01382	0.01484	0.01062	0.00551	0.00499	0.00124	0.00471	0.00423	0.00451	0.64314
69	0.01437	0.01561	0.03220	0.05453	0.05592	0.01482	0.64790	0.01923	0.04372	0.01927	0.01290	0.01689	0.00991	0.00564	0.00702	0.00209	0.00951	0.00689	0.00333	0.00824
70	0.04299	0.01367	0.04068	0.29959	0.32352	0.05875	0.03363	0.01684	0.01278	0.01757	0.01123	0.01552	0.00921	0.00674	0.00680	0.04381	0.00747	0.00520	0.00308	0.03090
71	0.01012	0.00809	0.04712	0.00863	0.01065	0.00661	0.00692	0.01263	0.01607	0.05229	0.60487	0.06679	0.04723	0.01179	0.00698	0.00198	0.00360	0.03211	0.00623	0.03929
72	0.01877	0.03861	0.01655	0.01300	0.01696	0.01549	0.03947	0.40830	0.18063	0.05555	0.01841	0.09449	0.01509	0.00857	0.00624	0.00197	0.00594	0.00681	0.00576	0.03340
73	0.05445	0.03554	0.12848	0.01282	0.04016	0.01194	0.01127	0.12684	0.05092	0.42112	0.03201	0.01842	0.01352	0.00734	0.00598	0.00194	0.00596	0.00565	0.00599	0.00965

[dist]
# distance from previous block
# <min> <max>
1	4

[block]
# block no. 6 follows, 41 sequences, length 19
# corresponding to MSA columns:
# 363-381
name=unknown_G
#
# <colnr> <probs for GDERKNQSTAVLIFYWHMCP>
#	G	D	E	R	K	N	Q	S	T	A	V	L	I	F	Y	W	H	M	C	P
0	0.01581	0.41068	0.17787	0.01219	0.01744	0.10140	0.01233	0.10102	0.06998	0.01782	0.01034	0.01133	0.00836	0.00555	0.00459	0.00148	0.00695	0.00386	0.00312	0.00789
1	0.01529	0.80242	0.02997	0.00979	0.01468	0.02263	0.00979	0.01713	0.01162	0.01346	0.00795	0.00918	0.00734	0.00489	0.00367	0.00122	0.00612	0.00306	0.00245	0.00734
2	0.20687	0.01486	0.10311	0.01279	0.07010	0.08431	0.01043	0.05942	0.11370	0.21394	0.04515	0.01590	0.01232	0.00649	0.00519	0.00176	0.00579	0.00497	0.00474	0.00816
3	0.00853	0.00637	0.00910	0.00852	0.00926	0.00655	0.05880	0.00953	0.00919	0.01256	0.01814	0.10614	0.01981	0.45845	0.22859	0.00596	0.00829	0.00839	0.00350	0.00434
4	0.00855	0.00658	0.00946	0.00957	0.01062	0.00635	0.06144	0.06269	0.01231	0.01645	0.02871	0.67904	0.03357	0.01612	0.00714	0.00225	0.00401	0.01473	0.00516	0.00525
5	0.01393	0.01449	0.04881	0.03213	0.58052	0.01377	0.17555	0.01774	0.01310	0.01859	0.01092	0.01437	0.00892	0.00505	0.00589	0.00175	0.00747	0.00543	0.00283	0.00875
6	0.04706	0.20404	0.48736	0.01466	0.04706	0.01506	0.01687	0.01853	0.01223	0.07226	0.01056	0.01191	0.00779	0.00541	0.00498	0.00167	0.00743	0.00406	0.00282	0.00822
7	0.00998	0.00499	0.00733	0.00733	0.00741	0.00499	0.00491	0.00779	0.00771	0.01059	0.01044	0.01761	0.01021	0.01911	0.02130	0.78564	0.00484	0.00499	0.05019	0.00265
8	0.06527	0.01409	0.04614	0.16755	0.43436	0.05608	0.04135	0.01702	0.01237	0.01771	0.01013	0.01369	0.00833	0.00564	0.00653	0.00180	0.06624	0.00491	0.00279	0.00797
9	0.00697	0.00498	0.00664	0.00796	0.00830	0.00465	0.00531	0.00796	0.01095	0.01460	0.03153	0.79525	0.03783	0.01792	0.00730	0.00232	0.00332	0.01626	0.00531	0.00465
10	0.01147	0.02959	0.76934	0.01630	0.02476	0.01328	0.02113	0.01811	0.01208	0.01811	0.01026	0.01208	0.00725	0.00543	0.00543	0.00181	0.00845	0.00423	0.00242	0.00845
11	0.01789	0.02048	0.03564	0.01580	0.07319	0.39888	0.01180	0.09958	0.03392	0.01706	0.01003	0.01245	0.00844	0.00894	0.05245	0.00219	0.16651	0.00444	0.00322	0.00710
12	0.00899	0.00510	0.00717	0.00743	0.00764	0.00502	0.00497	0.00776	0.00857	0.01136	0.01762	0.17281	0.05811	0.07894	0.04713	0.53203	0.00496	0.00786	0.00329	0.00321
