[name]
unknown

[dist]
# distance from previous block
# <min> <max>
261	1080

[block]
# block no. 0 follows, 41 sequences, length 12
# corresponding to MSA columns:
# 1167-1178
name=unknown_A
#
# <colnr> <probs for GDERKNQSTAVLIFYWHMCP>
#	G	D	E	R	K	N	Q	S	T	A	V	L	I	F	Y	W	H	M	C	P
0	0.01223	0.01341	0.02799	0.02051	0.02542	0.01252	0.58411	0.01641	0.01341	0.01783	0.01955	0.02464	0.11784	0.00700	0.00683	0.00198	0.00836	0.05943	0.00341	0.00713
1	0.00863	0.00617	0.00855	0.00986	0.01093	0.00608	0.00820	0.01084	0.01259	0.01646	0.03061	0.25479	0.03420	0.01635	0.00774	0.00255	0.00476	0.54031	0.00528	0.00511
2	0.01416	0.01359	0.02322	0.03511	0.76330	0.01359	0.01755	0.01755	0.01302	0.01869	0.01076	0.01416	0.00906	0.00510	0.00566	0.00170	0.00680	0.00510	0.00283	0.00906
3	0.01416	0.01359	0.02322	0.03511	0.76330	0.01359	0.01755	0.01755	0.01302	0.01869	0.01076	0.01416	0.00906	0.00510	0.00566	0.00170	0.00680	0.00510	0.00283	0.00906
4	0.01260	0.01276	0.01892	0.01580	0.01630	0.01726	0.07535	0.01416	0.00917	0.01416	0.00786	0.01276	0.00761	0.00956	0.01774	0.00245	0.72147	0.00516	0.00254	0.00638
5	0.01186	0.01017	0.01186	0.00847	0.01356	0.00762	0.00678	0.01440	0.01186	0.01864	0.01017	0.01186	0.00847	0.00424	0.00424	0.00085	0.00424	0.00339	0.00339	0.83395
6	0.01066	0.00533	0.00533	0.00533	0.00666	0.00533	0.00400	0.01333	0.01200	0.02132	0.01866	0.02132	0.01466	0.00666	0.00400	0.00133	0.00267	0.00533	0.83073	0.00533
7	0.01100	0.01056	0.01839	0.72841	0.03869	0.01284	0.07013	0.01489	0.01159	0.01489	0.01027	0.01526	0.00770	0.00565	0.00580	0.00191	0.00778	0.00521	0.00257	0.00646
8	0.01350	0.01543	0.03375	0.02411	0.02989	0.01446	0.74253	0.01832	0.01350	0.01832	0.01157	0.01543	0.00868	0.00482	0.00675	0.00193	0.00964	0.00675	0.00289	0.00771
9	0.01133	0.00644	0.00692	0.00652	0.00789	0.00694	0.00504	0.04660	0.01239	0.02134	0.01748	0.02022	0.01382	0.00696	0.00535	0.00145	0.07047	0.00529	0.72193	0.00561
10	0.01484	0.71152	0.11694	0.01055	0.01587	0.02153	0.01112	0.01724	0.01168	0.01401	0.00822	0.00952	0.00733	0.00496	0.00388	0.00129	0.00639	0.00320	0.00244	0.00747
11	0.01416	0.01359	0.02322	0.03511	0.76330	0.01359	0.01755	0.01755	0.01302	0.01869	0.01076	0.01416	0.00906	0.00510	0.00566	0.00170	0.00680	0.00510	0.00283	0.00906

[dist]
# distance from previous block
# <min> <max>
0	3

[block]
# block no. 1 follows, 41 sequences, length 19
# corresponding to MSA columns:
# 1182-1200
name=unknown_B
#
# <colnr> <probs for GDERKNQSTAVLIFYWHMCP>
#	G	D	E	R	K	N	Q	S	T	A	V	L	I	F	Y	W	H	M	C	P
0	0.01962	0.01476	0.01603	0.01215	0.01684	0.01557	0.00999	0.58744	0.02366	0.03231	0.01297	0.01333	0.00946	0.00630	0.00540	0.00153	0.00585	0.00477	0.00522	0.18680
1	0.01853	0.01375	0.01528	0.01225	0.01601	0.01532	0.01000	0.55780	0.05232	0.03067	0.01446	0.01592	0.01102	0.01464	0.17127	0.00333	0.00816	0.00541	0.00515	0.00871
2	0.01132	0.01090	0.01518	0.01350	0.01357	0.01475	0.01097	0.01252	0.00923	0.01395	0.01267	0.18067	0.01402	0.01171	0.01631	0.00246	0.61983	0.00742	0.00311	0.00591
3	0.02174	0.01602	0.01717	0.01316	0.01774	0.01774	0.01087	0.74423	0.02689	0.03605	0.01373	0.01373	0.00973	0.00687	0.00572	0.00172	0.00629	0.00515	0.00572	0.00973
4	0.00697	0.00498	0.00664	0.00796	0.00830	0.00465	0.00531	0.00796	0.01095	0.01460	0.03153	0.79525	0.03783	0.01792	0.00730	0.00232	0.00332	0.01626	0.00531	0.00465
5	0.01013	0.00550	0.00616	0.00616	0.00743	0.00572	0.00468	0.01266	0.01139	0.01960	0.01794	0.02157	0.01458	0.01445	0.16992	0.00302	0.00538	0.00550	0.65293	0.00528
6	0.01091	0.01011	0.01750	0.67766	0.03638	0.01224	0.06193	0.01431	0.01127	0.01450	0.01024	0.01542	0.00787	0.00673	0.00704	0.06445	0.00756	0.00518	0.00256	0.00615
7	0.01237	0.01201	0.01630	0.01361	0.01470	0.01539	0.01128	0.01390	0.00943	0.01481	0.00808	0.01237	0.00772	0.00877	0.01565	0.00215	0.62003	0.00466	0.00269	0.18407
8	0.02137	0.02726	0.01621	0.01474	0.01768	0.77602	0.01105	0.02284	0.01621	0.01400	0.00884	0.01031	0.00737	0.00589	0.00516	0.00147	0.01031	0.00368	0.00295	0.00663
9	0.01100	0.01056	0.01840	0.72800	0.03868	0.01284	0.07053	0.01489	0.01159	0.01489	0.01027	0.01526	0.00770	0.00565	0.00580	0.00191	0.00778	0.00521	0.00257	0.00646
10	0.00840	0.00707	0.00745	0.00737	0.00935	0.00682	0.00550	0.01294	0.17169	0.01715	0.04657	0.15776	0.49382	0.01355	0.00664	0.00199	0.00331	0.01149	0.00542	0.00571
11	0.02706	0.02220	0.02991	0.03867	0.61177	0.02024	0.02110	0.02611	0.02113	0.03061	0.02413	0.03237	0.02172	0.01418	0.01135	0.00417	0.01097	0.00936	0.00751	0.01544
12	0.01251	0.01251	0.01752	0.01502	0.01502	0.01752	0.01251	0.01377	0.00876	0.01377	0.00751	0.01251	0.00751	0.01001	0.01877	0.00250	0.78851	0.00501	0.00250	0.00626
13	0.01261	0.01174	0.01966	0.02928	0.60110	0.01167	0.01492	0.01549	0.01258	0.01781	0.01522	0.18196	0.01524	0.00785	0.00601	0.00183	0.00605	0.00749	0.00336	0.00811
14	0.74368	0.01062	0.00855	0.00761	0.01102	0.01209	0.00622	0.01681	0.01049	0.05571	0.06513	0.01222	0.01011	0.00586	0.00387	0.00177	0.00431	0.00375	0.00389	0.00628
15	0.00712	0.00617	0.00727	0.00695	0.00888	0.00528	0.04073	0.00868	0.01281	0.01549	0.05253	0.14097	0.63817	0.01442	0.00682	0.00198	0.00328	0.01231	0.00519	0.00495
16	0.01154	0.01062	0.01625	0.61904	0.03413	0.01303	0.01442	0.01800	0.17074	0.01662	0.01298	0.01656	0.00974	0.00616	0.00574	0.00191	0.00696	0.00538	0.00325	0.00693
17	0.01416	0.01359	0.02322	0.03511	0.76330	0.01359	0.01755	0.01755	0.01302	0.01869	0.01076	0.01416	0.00906	0.00510	0.00566	0.00170	0.00680	0.00510	0.00283	0.00906
18	0.04865	0.00591	0.00740	0.00733	0.00859	0.00558	0.00538	0.01039	0.01463	0.02101	0.54149	0.20319	0.07359	0.01282	0.00671	0.00191	0.00292	0.01132	0.00591	0.00525

[dist]
# distance from previous block
# <min> <max>
4	228

# created by:
# /software/SequenceAnalysis/GenePrediction/augustus/3.0.1/scripts/msa2prfl.pl ./fixed/BUSCOvEOG766X05.fas
