[name]
unknown

[dist]
# distance from previous block
# <min> <max>
0	146

[block]
# block no. 0 follows, 41 sequences, length 36
# corresponding to MSA columns:
# 147-182
name=unknown_A
#
# <colnr> <probs for GDERKNQSTAVLIFYWHMCP>
#	G	D	E	R	K	N	Q	S	T	A	V	L	I	F	Y	W	H	M	C	P
0	0.01416	0.01359	0.02322	0.03511	0.76330	0.01359	0.01755	0.01755	0.01302	0.01869	0.01076	0.01416	0.00906	0.00510	0.00566	0.00170	0.00680	0.00510	0.00283	0.00906
1	0.01608	0.01633	0.03118	0.02871	0.26582	0.01536	0.48275	0.01960	0.01480	0.02062	0.01371	0.01828	0.01112	0.00657	0.00739	0.00230	0.00938	0.00693	0.00372	0.00936
2	0.00792	0.00497	0.00690	0.00780	0.00803	0.00475	0.00520	0.00780	0.00983	0.01311	0.02461	0.54619	0.02890	0.01854	0.01212	0.26848	0.00385	0.01264	0.00440	0.00395
3	0.02124	0.00987	0.01282	0.00963	0.01427	0.00816	0.00789	0.02356	0.01493	0.52756	0.01860	0.01703	0.01234	0.00617	0.00527	0.00147	0.00467	0.00500	0.00590	0.27364
4	0.00929	0.00732	0.00865	0.00914	0.01040	0.00771	0.00651	0.01515	0.24853	0.01759	0.02889	0.54745	0.03131	0.01467	0.00683	0.00220	0.00371	0.01312	0.00547	0.00606
5	0.00939	0.00738	0.00871	0.00906	0.01038	0.00778	0.00648	0.01533	0.24880	0.01803	0.07316	0.48672	0.03196	0.02949	0.00722	0.00223	0.00371	0.01261	0.00550	0.00608
6	0.01234	0.02757	0.05519	0.02408	0.44590	0.03630	0.01347	0.01558	0.01407	0.01976	0.25060	0.02298	0.02326	0.00725	0.00594	0.00172	0.00567	0.00665	0.00392	0.00774
7	0.01229	0.01032	0.01174	0.01086	0.01338	0.01196	0.00844	0.02393	0.51482	0.02052	0.02073	0.02170	0.01645	0.01901	0.25252	0.00426	0.00798	0.00636	0.00494	0.00779
8	0.01678	0.01936	0.01321	0.01246	0.01468	0.47757	0.00920	0.06704	0.01525	0.01569	0.01644	0.26187	0.01728	0.00981	0.00588	0.00176	0.00780	0.00781	0.00389	0.00621
9	0.02174	0.01602	0.01717	0.01316	0.01774	0.01774	0.01087	0.74423	0.02689	0.03605	0.01373	0.01373	0.00973	0.00687	0.00572	0.00172	0.00629	0.00515	0.00572	0.00973
10	0.02086	0.01122	0.01642	0.01830	0.25435	0.01064	0.01140	0.02482	0.08767	0.45454	0.01886	0.01795	0.01285	0.00651	0.00573	0.00176	0.00545	0.00561	0.00560	0.00945
11	0.00983	0.00891	0.01600	0.01261	0.01538	0.00830	0.24142	0.01320	0.01533	0.02146	0.52056	0.03399	0.03947	0.00949	0.00675	0.00184	0.00492	0.00919	0.00521	0.00614
12	0.01082	0.00986	0.01685	0.67911	0.03589	0.01202	0.04317	0.01406	0.01113	0.01430	0.01020	0.01547	0.00789	0.00707	0.00739	0.08362	0.00744	0.00514	0.00255	0.00603
13	0.01326	0.01266	0.01890	0.01506	0.01898	0.01338	0.24344	0.02435	0.44350	0.02130	0.02294	0.02276	0.08770	0.00748	0.00621	0.00194	0.00600	0.00711	0.00483	0.00821
14	0.01066	0.00533	0.00533	0.00533	0.00666	0.00533	0.00400	0.01333	0.01200	0.02132	0.01866	0.02132	0.01466	0.00666	0.00400	0.00133	0.00267	0.00533	0.83073	0.00533
15	0.46293	0.01213	0.01106	0.00961	0.01320	0.01395	0.00775	0.12102	0.25006	0.02653	0.01366	0.01376	0.01029	0.00631	0.00457	0.00182	0.00471	0.00446	0.00457	0.00759
16	0.00907	0.00548	0.00595	0.00595	0.00637	0.00548	0.00364	0.00992	0.00950	0.01437	0.01823	0.03227	0.01883	0.54529	0.02107	0.00420	0.00462	0.00736	0.26835	0.00406
17	0.01263	0.54709	0.02250	0.00920	0.01264	0.01687	0.00835	0.01419	0.01141	0.01382	0.01550	0.26087	0.01710	0.00906	0.00483	0.00158	0.00522	0.00729	0.00336	0.00648
18	0.01262	0.00890	0.00974	0.00845	0.00992	0.00945	0.00584	0.24395	0.01427	0.01908	0.01665	0.02984	0.01725	0.54536	0.02162	0.00432	0.00579	0.00730	0.00419	0.00547
19	0.47623	0.01228	0.01420	0.04250	0.25344	0.01350	0.01056	0.08067	0.01235	0.02397	0.00944	0.01143	0.00747	0.00539	0.00448	0.00175	0.00545	0.00398	0.00347	0.00743
20	0.57324	0.00948	0.00866	0.00806	0.01079	0.01101	0.00650	0.01470	0.00956	0.02170	0.01032	0.01351	0.00879	0.01735	0.25097	0.00415	0.00791	0.00407	0.00339	0.00585
21	0.02137	0.02726	0.01621	0.01474	0.01768	0.77602	0.01105	0.02284	0.01621	0.01400	0.00884	0.01031	0.00737	0.00589	0.00516	0.00147	0.01031	0.00368	0.00295	0.00663
22	0.00755	0.00605	0.00689	0.00731	0.00905	0.00539	0.00591	0.00937	0.01308	0.01599	0.04909	0.05808	0.52786	0.01491	0.00713	0.00216	0.00366	0.24028	0.00530	0.00497
23	0.00729	0.00572	0.00598	0.00597	0.00727	0.00507	0.00409	0.00830	0.01159	0.01422	0.06043	0.04914	0.50862	0.26561	0.01392	0.00309	0.00374	0.01083	0.00474	0.00440
24	0.01022	0.00829	0.01212	0.25869	0.02097	0.00930	0.01134	0.01456	0.08530	0.01699	0.02316	0.04450	0.02330	0.01178	0.00700	0.00233	0.00595	0.42378	0.00445	0.00599
25	0.01019	0.00812	0.01167	0.01548	0.24864	0.00812	0.00798	0.01128	0.00982	0.01352	0.01570	0.02998	0.01704	0.54479	0.02160	0.00431	0.00595	0.00729	0.00326	0.00526
26	0.01934	0.01483	0.01581	0.01267	0.01682	0.01661	0.01029	0.51567	0.25937	0.03217	0.01679	0.01617	0.01220	0.00715	0.00575	0.00179	0.00573	0.00557	0.00575	0.00951
27	0.01498	0.01266	0.01554	0.26079	0.02411	0.01417	0.01223	0.02457	0.41544	0.02224	0.02171	0.02666	0.01780	0.00944	0.00702	0.00244	0.00644	0.07732	0.00545	0.00898
28	0.01492	0.72649	0.10262	0.01043	0.01567	0.02171	0.01090	0.01722	0.01167	0.01391	0.00818	0.00946	0.00733	0.00495	0.00384	0.00128	0.00635	0.00317	0.00244	0.00745
29	0.01403	0.01346	0.02298	0.06439	0.73504	0.01356	0.01749	0.01744	0.01296	0.01853	0.01074	0.01420	0.00900	0.00512	0.00566	0.00171	0.00683	0.00510	0.00282	0.00895
30	0.01184	0.01226	0.02494	0.01839	0.02232	0.01161	0.50589	0.01512	0.01184	0.01601	0.01364	0.02247	0.01256	0.25910	0.01391	0.00309	0.00833	0.00725	0.00308	0.00635
31	0.00892	0.00702	0.00950	0.01143	0.08436	0.00671	0.00848	0.01124	0.01311	0.01674	0.03722	0.05654	0.26369	0.01433	0.00732	0.00232	0.00466	0.42588	0.00504	0.00550
32	0.75905	0.01155	0.00927	0.00808	0.01172	0.01331	0.00665	0.08828	0.01142	0.02668	0.00853	0.00973	0.00654	0.00546	0.00375	0.00176	0.00461	0.00330	0.00375	0.00654
33	0.27431	0.00771	0.00894	0.00866	0.01049	0.00897	0.00684	0.01233	0.00937	0.01724	0.01297	0.01825	0.01170	0.03086	0.52888	0.00682	0.01183	0.00516	0.00322	0.00546
34	0.01285	0.01996	0.26928	0.02161	0.02825	0.01409	0.51155	0.01826	0.01304	0.01826	0.01115	0.01436	0.00822	0.00502	0.00633	0.00189	0.00926	0.00594	0.00274	0.00795
35	0.01072	0.00557	0.00573	0.00565	0.00694	0.00573	0.00428	0.01334	0.01189	0.02108	0.01829	0.02103	0.01442	0.00677	0.00449	0.00137	0.02859	0.00532	0.80341	0.00536

[dist]
# distance from previous block
# <min> <max>
5	227

# created by:
# /software/SequenceAnalysis/GenePrediction/augustus/3.0.1/scripts/msa2prfl.pl ./fixed/BUSCOvEOG7B5QKC.fas
