[name]
unknown

[dist]
# distance from previous block
# <min> <max>
13	482

[block]
# block no. 0 follows, 41 sequences, length 21
# corresponding to MSA columns:
# 560-580
name=unknown_A
#
# <colnr> <probs for GDERKNQSTAVLIFYWHMCP>
#	G	D	E	R	K	N	Q	S	T	A	V	L	I	F	Y	W	H	M	C	P
0	0.05409	0.00640	0.00789	0.04475	0.01042	0.00621	0.00594	0.01299	0.01242	0.12281	0.08050	0.33066	0.06999	0.01190	0.00598	0.00191	0.00358	0.01037	0.19545	0.00575
1	0.05941	0.00774	0.00965	0.00903	0.01100	0.00792	0.00689	0.09693	0.01336	0.15520	0.02182	0.28346	0.02134	0.01895	0.18526	0.00365	0.00675	0.00917	0.06608	0.00640
2	0.00697	0.00498	0.00664	0.00796	0.00830	0.00465	0.00531	0.00796	0.01095	0.01460	0.03153	0.79525	0.03783	0.01792	0.00730	0.00232	0.00332	0.01626	0.00531	0.00465
3	0.00748	0.00512	0.00647	0.00743	0.00775	0.00488	0.00483	0.00836	0.01044	0.01423	0.02781	0.58346	0.03273	0.18800	0.01187	0.00297	0.00377	0.01387	0.05409	0.00443
4	0.02150	0.00957	0.01247	0.00993	0.01367	0.00877	0.00805	0.10338	0.01718	0.53085	0.13149	0.06886	0.02099	0.00839	0.00599	0.00180	0.00461	0.00700	0.00671	0.00878
5	0.02174	0.01602	0.01717	0.01316	0.01774	0.01774	0.01087	0.74423	0.02689	0.03605	0.01373	0.01373	0.00973	0.00687	0.00572	0.00172	0.00629	0.00515	0.00572	0.00973
6	0.83938	0.01106	0.00841	0.00752	0.01106	0.01283	0.00619	0.01681	0.00973	0.02566	0.00796	0.00929	0.00619	0.00531	0.00354	0.00177	0.00442	0.00310	0.00354	0.00619
7	0.01537	0.01120	0.01301	0.00955	0.01446	0.00959	0.00773	0.15116	0.01519	0.11274	0.01233	0.01313	0.00939	0.00507	0.00470	0.00112	0.00469	0.00400	0.00427	0.58130
8	0.32019	0.10598	0.20561	0.01090	0.01545	0.01357	0.01107	0.04903	0.01151	0.06492	0.01016	0.01209	0.00793	0.00852	0.04940	0.04207	0.04727	0.00399	0.00330	0.00703
9	0.83938	0.01106	0.00841	0.00752	0.01106	0.01283	0.00619	0.01681	0.00973	0.02566	0.00796	0.00929	0.00619	0.00531	0.00354	0.00177	0.00442	0.00310	0.00354	0.00619
10	0.00896	0.00613	0.00815	0.05843	0.01068	0.00584	0.00606	0.01105	0.01395	0.06351	0.39752	0.22178	0.09546	0.05667	0.00800	0.00215	0.00347	0.01117	0.00563	0.00539
11	0.00946	0.00618	0.00821	0.00809	0.00956	0.00575	0.00630	0.01190	0.01502	0.07624	0.47795	0.12655	0.05938	0.01284	0.00695	0.00201	0.00341	0.14258	0.00604	0.00560
12	0.01489	0.00800	0.01046	0.00927	0.01145	0.00801	0.00717	0.06024	0.02670	0.26023	0.09831	0.16898	0.02265	0.06151	0.11562	0.00315	0.04666	0.00833	0.05151	0.00687
13	0.01049	0.00671	0.00958	0.24503	0.01693	0.00748	0.00793	0.01198	0.01048	0.01589	0.01347	0.01830	0.01110	0.01029	0.00997	0.24823	0.00487	0.00515	0.33133	0.00480
14	0.00805	0.00509	0.00708	0.00800	0.00830	0.00489	0.00550	0.00810	0.01004	0.01336	0.02482	0.50240	0.02891	0.01836	0.01196	0.25716	0.00397	0.06556	0.00444	0.00403
15	0.01211	0.16280	0.36029	0.01340	0.05824	0.01319	0.01407	0.01738	0.06674	0.01808	0.01354	0.06021	0.01121	0.00644	0.00501	0.00165	0.00634	0.00513	0.14660	0.00756
16	0.00756	0.00583	0.00690	0.00663	0.00822	0.00517	0.00497	0.00975	0.01492	0.01992	0.47738	0.04769	0.33876	0.01282	0.00675	0.00185	0.00278	0.01104	0.00590	0.00517
17	0.01815	0.01942	0.19139	0.01377	0.01892	0.07221	0.01299	0.40991	0.13667	0.02834	0.01406	0.01429	0.01019	0.00660	0.00563	0.00176	0.00682	0.00503	0.00476	0.00910
18	0.01618	0.00799	0.01032	0.06613	0.01309	0.00770	0.00718	0.01948	0.06285	0.31379	0.15985	0.02515	0.02191	0.05535	0.00696	0.00193	0.00420	0.00668	0.18598	0.00728
19	0.05735	0.01267	0.05861	0.05309	0.06501	0.05408	0.01042	0.07499	0.06941	0.26577	0.06716	0.01809	0.01424	0.00729	0.00704	0.00183	0.09475	0.00555	0.05458	0.00809
20	0.01198	0.01133	0.06755	0.00958	0.01401	0.00871	0.00826	0.05588	0.05294	0.01920	0.01391	0.02022	0.01256	0.05812	0.00655	0.00154	0.00488	0.08691	0.00380	0.53205

[dist]
# distance from previous block
# <min> <max>
0	4

[block]
# block no. 1 follows, 41 sequences, length 28
# corresponding to MSA columns:
# 585-612
name=unknown_B
#
# <colnr> <probs for GDERKNQSTAVLIFYWHMCP>
#	G	D	E	R	K	N	Q	S	T	A	V	L	I	F	Y	W	H	M	C	P
0	0.57595	0.01259	0.01075	0.00915	0.01268	0.05715	0.00747	0.10136	0.01221	0.02486	0.00884	0.01029	0.00694	0.00574	0.00493	0.00172	0.05555	0.00352	0.00368	0.07463
1	0.06102	0.06277	0.01854	0.02109	0.32008	0.01290	0.05372	0.11971	0.01405	0.02003	0.01488	0.15886	0.01442	0.00984	0.04650	0.00222	0.03085	0.00707	0.00373	0.00769
2	0.01716	0.01030	0.06047	0.01003	0.01333	0.00897	0.00856	0.07872	0.01579	0.34420	0.17533	0.07012	0.08861	0.00938	0.00701	0.00187	0.05876	0.00765	0.00593	0.00779
3	0.00863	0.03690	0.04860	0.00909	0.05312	0.00698	0.00679	0.03298	0.01308	0.01684	0.08672	0.19582	0.39097	0.01283	0.00645	0.00189	0.00378	0.01097	0.00488	0.05269
4	0.01376	0.01043	0.01226	0.01204	0.09096	0.01104	0.00804	0.26065	0.06410	0.02244	0.07985	0.02741	0.06393	0.28195	0.01397	0.00308	0.00547	0.00718	0.00466	0.00679
5	0.01077	0.00805	0.06107	0.00817	0.01049	0.00634	0.00685	0.01360	0.01574	0.12915	0.55945	0.03801	0.08815	0.01077	0.00651	0.00180	0.00342	0.00937	0.00608	0.00620
6	0.01367	0.01577	0.15666	0.06298	0.23721	0.07445	0.02455	0.03351	0.09091	0.05881	0.15455	0.01997	0.01816	0.00692	0.00583	0.00176	0.00636	0.00601	0.00400	0.00793
7	0.01284	0.02020	0.42799	0.07669	0.02134	0.01094	0.01545	0.01761	0.01276	0.11558	0.06145	0.05982	0.01308	0.00665	0.00555	0.00173	0.00676	0.00548	0.00356	0.10453
8	0.01011	0.00999	0.05759	0.38520	0.11255	0.01019	0.01293	0.01320	0.01164	0.01557	0.01728	0.22665	0.01744	0.00949	0.00621	0.00202	0.00619	0.04899	0.02053	0.00625
9	0.10205	0.00878	0.01077	0.06092	0.01340	0.00850	0.05390	0.05604	0.01256	0.02083	0.01486	0.06990	0.01259	0.00649	0.00463	0.00142	0.00431	0.00540	0.31132	0.22134
10	0.01259	0.01069	0.01552	0.45395	0.02868	0.01191	0.02473	0.11889	0.01373	0.01885	0.01124	0.01483	0.00859	0.00589	0.00563	0.01562	0.00647	0.00482	0.05659	0.16076
11	0.00824	0.00587	0.00787	0.00787	0.00844	0.00643	0.00551	0.00937	0.00880	0.01230	0.01653	0.02914	0.01720	0.38018	0.44299	0.00757	0.01096	0.00711	0.00324	0.00437
12	0.00850	0.00569	0.00779	0.05222	0.01049	0.00545	0.00612	0.00998	0.01208	0.06220	0.13630	0.59304	0.03701	0.01565	0.00703	0.00219	0.00357	0.01411	0.00541	0.00517
13	0.00697	0.00498	0.00664	0.00796	0.00830	0.00465	0.00531	0.00796	0.01095	0.01460	0.03153	0.79525	0.03783	0.01792	0.00730	0.00232	0.00332	0.01626	0.00531	0.00465
14	0.01186	0.01017	0.01186	0.00847	0.01356	0.00762	0.00678	0.01440	0.01186	0.01864	0.01017	0.01186	0.00847	0.00424	0.00424	0.00085	0.00424	0.00339	0.00339	0.83395
15	0.01188	0.00916	0.01140	0.07266	0.01474	0.00799	0.00768	0.05811	0.01286	0.05755	0.01684	0.18642	0.01658	0.00831	0.00541	0.00146	0.00453	0.04803	0.00418	0.44418
16	0.08286	0.00978	0.00999	0.00842	0.01114	0.01056	0.00674	0.28547	0.01735	0.02716	0.01595	0.01751	0.01213	0.00663	0.00460	0.00151	0.00416	0.00508	0.45592	0.00704
17	0.01773	0.01267	0.02016	0.02706	0.51694	0.01240	0.01468	0.06055	0.01471	0.22476	0.01416	0.01559	0.01049	0.00574	0.00569	0.00172	0.00624	0.00528	0.00416	0.00928
18	0.01372	0.01482	0.03028	0.02773	0.27139	0.01418	0.50381	0.01807	0.01334	0.01844	0.01130	0.01501	0.00880	0.00491	0.00639	0.00185	0.00871	0.00621	0.00287	0.00816
19	0.01080	0.01017	0.01716	0.78523	0.03940	0.01271	0.01589	0.01461	0.01144	0.01461	0.01017	0.01525	0.00762	0.00572	0.00572	0.00191	0.00762	0.00508	0.00254	0.00635
20	0.00994	0.00497	0.00745	0.00745	0.00745	0.00497	0.00497	0.00745	0.00745	0.00994	0.00994	0.01739	0.00994	0.01987	0.02235	0.83358	0.00497	0.00497	0.00248	0.00248
21	0.01069	0.01003	0.01394	0.01269	0.01280	0.01328	0.01014	0.01186	0.00948	0.01404	0.01542	0.27025	0.01749	0.01262	0.01499	0.00244	0.52996	0.00871	0.00343	0.00573
22	0.01423	0.01229	0.01293	0.01164	0.01487	0.01423	0.00905	0.03039	0.75297	0.02393	0.02328	0.02134	0.01746	0.00776	0.00582	0.00194	0.00453	0.00647	0.00582	0.00905
23	0.01658	0.00834	0.00949	0.00797	0.01069	0.00828	0.00636	0.14250	0.01572	0.22351	0.01886	0.01953	0.01368	0.00681	0.00476	0.00152	0.00388	0.00541	0.46887	0.00726
24	0.02093	0.01135	0.01352	0.01066	0.01461	0.01127	0.00869	0.29096	0.01978	0.36232	0.06132	0.04996	0.08164	0.00829	0.00594	0.00179	0.00505	0.00671	0.00631	0.00888
25	0.01792	0.00889	0.01136	0.00945	0.01265	0.00841	0.00753	0.02268	0.14262	0.39470	0.26561	0.02745	0.02783	0.00872	0.00609	0.00181	0.00409	0.00739	0.00661	0.00819
26	0.00937	0.00721	0.00954	0.20919	0.01546	0.00801	0.00708	0.01148	0.06068	0.01290	0.01634	0.03055	0.01714	0.53792	0.02142	0.00435	0.00602	0.00735	0.00339	0.00460
27	0.00700	0.00500	0.00667	0.00794	0.00830	0.00467	0.00531	0.00805	0.01111	0.01486	0.05383	0.77222	0.03832	0.01773	0.00728	0.00231	0.00330	0.01608	0.00534	0.00467

[dist]
# distance from previous block
# <min> <max>
0	3

[block]
# block no. 2 follows, 41 sequences, length 26
# corresponding to MSA columns:
# 616-641
name=unknown_C
#
# <colnr> <probs for GDERKNQSTAVLIFYWHMCP>
#	G	D	E	R	K	N	Q	S	T	A	V	L	I	F	Y	W	H	M	C	P
0	0.01383	0.01119	0.01416	0.01029	0.01525	0.00942	0.05936	0.09482	0.01381	0.06189	0.01129	0.01275	0.00892	0.00482	0.00491	0.00110	0.01845	0.00398	0.00380	0.62596
1	0.01284	0.05744	0.01812	0.15362	0.05515	0.05948	0.11577	0.01580	0.01216	0.01700	0.01003	0.01288	0.00819	0.00510	0.00579	0.00139	0.05106	0.00435	0.00301	0.38082
2	0.64453	0.01427	0.08826	0.01067	0.06018	0.06681	0.00879	0.01742	0.01064	0.02362	0.00844	0.00996	0.00657	0.00535	0.00398	0.00175	0.00540	0.00338	0.00334	0.00664
3	0.20257	0.41511	0.10634	0.00975	0.01433	0.01688	0.00973	0.01691	0.01193	0.04807	0.09066	0.01360	0.01242	0.00588	0.00426	0.00150	0.00558	0.00410	0.00330	0.00709
4	0.00789	0.00536	0.00637	0.00679	0.00689	0.00526	0.00405	0.00821	0.00916	0.01221	0.02232	0.27855	0.02622	0.55047	0.02217	0.00452	0.00484	0.01085	0.00405	0.00384
5	0.00800	0.00515	0.00670	0.00737	0.00783	0.00489	0.00495	0.00846	0.01056	0.01444	0.07382	0.43192	0.07143	0.07759	0.01177	0.17230	0.00372	0.01194	0.06293	0.00422
6	0.00789	0.00569	0.00746	0.00734	0.00850	0.00526	0.00538	0.01027	0.01522	0.02140	0.62587	0.18152	0.05099	0.01284	0.00685	0.00190	0.00281	0.01144	0.00611	0.00526
7	0.01048	0.00535	0.00540	0.00540	0.00663	0.00535	0.00396	0.01294	0.01171	0.02053	0.01861	0.02258	0.01514	0.06832	0.00595	0.00166	0.00289	0.00556	0.76636	0.00519
8	0.83938	0.01106	0.00841	0.00752	0.01106	0.01283	0.00619	0.01681	0.00973	0.02566	0.00796	0.00929	0.00619	0.00531	0.00354	0.00177	0.00442	0.00310	0.00354	0.00619
9	0.01529	0.80242	0.02997	0.00979	0.01468	0.02263	0.00979	0.01713	0.01162	0.01346	0.00795	0.00918	0.00734	0.00489	0.00367	0.00122	0.00612	0.00306	0.00245	0.00734
10	0.01080	0.01017	0.01716	0.78523	0.03940	0.01271	0.01589	0.01461	0.01144	0.01461	0.01017	0.01525	0.00762	0.00572	0.00572	0.00191	0.00762	0.00508	0.00254	0.00635
11	0.01080	0.01017	0.01716	0.78523	0.03940	0.01271	0.01589	0.01461	0.01144	0.01461	0.01017	0.01525	0.00762	0.00572	0.00572	0.00191	0.00762	0.00508	0.00254	0.00635
12	0.83938	0.01106	0.00841	0.00752	0.01106	0.01283	0.00619	0.01681	0.00973	0.02566	0.00796	0.00929	0.00619	0.00531	0.00354	0.00177	0.00442	0.00310	0.00354	0.00619
13	0.02174	0.01602	0.01717	0.01316	0.01774	0.01774	0.01087	0.74423	0.02689	0.03605	0.01373	0.01373	0.00973	0.00687	0.00572	0.00172	0.00629	0.00515	0.00572	0.00973
14	0.00750	0.00539	0.00711	0.00760	0.00841	0.00500	0.00535	0.00929	0.01341	0.01851	0.37332	0.44231	0.04540	0.01500	0.00704	0.00208	0.00303	0.01349	0.00577	0.00500
15	0.00740	0.00526	0.00701	0.00825	0.00871	0.00500	0.00579	0.00858	0.01112	0.01476	0.03046	0.63457	0.03598	0.06814	0.00880	0.00258	0.00376	0.12400	0.00518	0.00466
16	0.00702	0.00508	0.00664	0.00778	0.00827	0.00470	0.00525	0.00814	0.01139	0.01513	0.07488	0.70435	0.08555	0.01734	0.00723	0.00227	0.00326	0.01565	0.00537	0.00470
17	0.00943	0.00648	0.00757	0.00753	0.00781	0.00649	0.00462	0.00949	0.00920	0.01255	0.01852	0.03596	0.02051	0.65766	0.15597	0.00630	0.00756	0.00823	0.00376	0.00435
18	0.01514	0.01208	0.01737	0.01304	0.01792	0.01032	0.15820	0.06437	0.01440	0.09744	0.01447	0.01872	0.01194	0.00638	0.00574	0.00156	0.00599	0.05574	0.00432	0.45487
19	0.01692	0.05977	0.18025	0.01220	0.01672	0.01336	0.01164	0.27383	0.01836	0.07364	0.03398	0.02014	0.01375	0.00774	0.00579	0.00189	0.00610	0.04639	0.17901	0.00853
20	0.17322	0.01360	0.06312	0.45168	0.02975	0.05691	0.01376	0.05843	0.01320	0.05345	0.01153	0.01518	0.00877	0.00648	0.00571	0.00203	0.00734	0.00495	0.00352	0.00738
21	0.06087	0.01587	0.18345	0.01153	0.01720	0.01087	0.01099	0.08798	0.01432	0.08826	0.01260	0.01413	0.00973	0.00582	0.00523	0.00150	0.00583	0.00432	0.00410	0.43539
22	0.19644	0.04147	0.06242	0.04296	0.01687	0.15030	0.01019	0.11024	0.09876	0.15500	0.01493	0.01564	0.01109	0.00699	0.00547	0.00190	0.00654	0.00492	0.03953	0.00836
23	0.05030	0.05615	0.01297	0.01092	0.01332	0.10702	0.04822	0.04779	0.03753	0.01863	0.08089	0.34556	0.02557	0.01190	0.00652	0.00204	0.00540	0.01011	0.00485	0.10430
24	0.11178	0.06751	0.10230	0.12217	0.05147	0.01102	0.01044	0.01462	0.05426	0.01814	0.04314	0.27844	0.02121	0.04404	0.00751	0.00232	0.01946	0.00907	0.00431	0.00677
25	0.13245	0.01333	0.03060	0.07638	0.31465	0.01362	0.05709	0.06474	0.05552	0.02121	0.01343	0.06426	0.01172	0.00718	0.00664	0.00199	0.04982	0.00592	0.00381	0.05564

[dist]
# distance from previous block
# <min> <max>
0	8

[block]
# block no. 3 follows, 41 sequences, length 7
# corresponding to MSA columns:
# 650-656
name=unknown_D
#
# <colnr> <probs for GDERKNQSTAVLIFYWHMCP>
#	G	D	E	R	K	N	Q	S	T	A	V	L	I	F	Y	W	H	M	C	P
0	0.05155	0.23202	0.18166	0.04439	0.09560	0.07231	0.06875	0.01736	0.01256	0.04435	0.01351	0.01502	0.06301	0.00589	0.00501	0.00157	0.00685	0.00471	0.00305	0.06085
1	0.01518	0.07692	0.05835	0.05485	0.04586	0.06769	0.06537	0.13664	0.01521	0.09300	0.01569	0.11142	0.01410	0.00774	0.00565	0.00167	0.00611	0.05184	0.00422	0.15248
2	0.35056	0.01449	0.16531	0.08448	0.01814	0.01219	0.06977	0.01724	0.06748	0.02167	0.07324	0.01764	0.01301	0.00663	0.00507	0.00187	0.00587	0.04479	0.00366	0.00689
3	0.07362	0.19227	0.06340	0.00941	0.01281	0.01258	0.00841	0.11187	0.05514	0.04619	0.19676	0.04789	0.05257	0.00824	0.00532	0.00166	0.00470	0.01899	0.07122	0.00696
4	0.34082	0.13008	0.11798	0.02862	0.01500	0.01404	0.00984	0.01810	0.07085	0.05972	0.03513	0.01278	0.00966	0.00607	0.00546	0.00172	0.06444	0.00410	0.00357	0.05201
5	0.28639	0.01513	0.15982	0.17266	0.02105	0.01317	0.01205	0.13341	0.01386	0.08022	0.01098	0.01265	0.00794	0.00577	0.00490	0.00177	0.00620	0.00427	0.00373	0.03403
6	0.17970	0.01385	0.07484	0.07022	0.30431	0.01326	0.06639	0.10918	0.01383	0.02166	0.01215	0.07305	0.01052	0.00639	0.00544	0.00180	0.00637	0.00561	0.00349	0.00792

[dist]
# distance from previous block
# <min> <max>
5	27

[block]
# block no. 4 follows, 41 sequences, length 16
# corresponding to MSA columns:
# 686-701
name=unknown_E
#
# <colnr> <probs for GDERKNQSTAVLIFYWHMCP>
#	G	D	E	R	K	N	Q	S	T	A	V	L	I	F	Y	W	H	M	C	P
0	0.08356	0.01078	0.01208	0.01008	0.01363	0.01111	0.00802	0.12679	0.22026	0.20566	0.03377	0.07149	0.01568	0.00763	0.00544	0.00173	0.00458	0.00620	0.06426	0.08725
1	0.18400	0.01790	0.32397	0.01191	0.01713	0.01147	0.01278	0.05307	0.05212	0.07384	0.04548	0.11491	0.01412	0.00755	0.00535	0.00183	0.00600	0.00604	0.00389	0.03662
2	0.09537	0.03504	0.07071	0.00976	0.01145	0.00817	0.05152	0.01075	0.00977	0.01451	0.01698	0.24288	0.03320	0.01461	0.01260	0.29957	0.04673	0.00820	0.00350	0.00470
3	0.49685	0.06037	0.04303	0.01094	0.01505	0.01385	0.09703	0.07654	0.01228	0.08398	0.01012	0.01143	0.00758	0.00567	0.00491	0.00178	0.03369	0.00403	0.00378	0.00711
4	0.01186	0.01017	0.01186	0.00847	0.01356	0.00762	0.00678	0.01440	0.01186	0.01864	0.01017	0.01186	0.00847	0.00424	0.00424	0.00085	0.00424	0.00339	0.00339	0.83395
5	0.00782	0.00568	0.00738	0.00739	0.00854	0.00524	0.00543	0.01008	0.01481	0.02060	0.54736	0.20760	0.08457	0.01330	0.00690	0.00194	0.00291	0.03125	0.00601	0.00520
6	0.02122	0.07946	0.01820	0.01289	0.01749	0.01813	0.01078	0.68558	0.02566	0.03423	0.01327	0.01337	0.00953	0.00671	0.00556	0.00168	0.00628	0.00498	0.00546	0.00953
7	0.01149	0.00899	0.00974	0.00922	0.01144	0.00980	0.00698	0.03768	0.37383	0.02130	0.07146	0.16340	0.09156	0.01024	0.00594	0.00190	0.00380	0.00875	0.13537	0.00709
8	0.00697	0.00498	0.00664	0.00796	0.00830	0.00465	0.00531	0.00796	0.01095	0.01460	0.03153	0.79525	0.03783	0.01792	0.00730	0.00232	0.00332	0.01626	0.00531	0.00465
9	0.01016	0.00823	0.01018	0.02862	0.01135	0.00786	0.00642	0.01166	0.00997	0.01473	0.01337	0.02241	0.01347	0.29022	0.11453	0.00377	0.07739	0.00567	0.00327	0.33673
10	0.41642	0.01343	0.01281	0.01034	0.01442	0.01507	0.00854	0.37030	0.01828	0.05443	0.01123	0.01177	0.00816	0.00612	0.00467	0.00174	0.00535	0.00418	0.00471	0.00802
11	0.00720	0.00528	0.00676	0.00752	0.00828	0.00484	0.00521	0.00864	0.01241	0.01661	0.20159	0.53247	0.12995	0.01607	0.00711	0.00216	0.00313	0.01439	0.00554	0.00484
12	0.01260	0.01276	0.01890	0.01579	0.01628	0.01726	0.07471	0.01415	0.00916	0.01415	0.00785	0.01276	0.00761	0.00957	0.01775	0.00245	0.72215	0.00515	0.00254	0.00638
13	0.83938	0.01106	0.00841	0.00752	0.01106	0.01283	0.00619	0.01681	0.00973	0.02566	0.00796	0.00929	0.00619	0.00531	0.00354	0.00177	0.00442	0.00310	0.00354	0.00619
14	0.01477	0.01476	0.02262	0.03337	0.69977	0.07855	0.01700	0.01800	0.01330	0.01829	0.01060	0.01383	0.00892	0.00516	0.00562	0.00168	0.00710	0.00498	0.00284	0.00885
15	0.01231	0.01312	0.02627	0.08537	0.02586	0.01304	0.49030	0.01699	0.05730	0.01756	0.01484	0.12899	0.01329	0.00726	0.00733	0.00202	0.04974	0.00788	0.00337	0.00716

[dist]
# distance from previous block
# <min> <max>
0	5

[block]
# block no. 5 follows, 41 sequences, length 25
# corresponding to MSA columns:
# 707-731
name=unknown_F
#
# <colnr> <probs for GDERKNQSTAVLIFYWHMCP>
#	G	D	E	R	K	N	Q	S	T	A	V	L	I	F	Y	W	H	M	C	P
0	0.01397	0.01074	0.01151	0.01028	0.01313	0.01211	0.00803	0.08621	0.47700	0.03918	0.03440	0.02110	0.01667	0.00939	0.04635	0.00218	0.00486	0.00617	0.16862	0.00811
1	0.01058	0.01262	0.23390	0.00891	0.01226	0.00778	0.00928	0.01423	0.01169	0.01933	0.01633	0.04113	0.01336	0.04509	0.04157	0.00206	0.00514	0.00548	0.48311	0.00615
2	0.01135	0.01080	0.01528	0.01345	0.01373	0.01473	0.01107	0.01281	0.00888	0.01363	0.00961	0.01519	0.00933	0.01885	0.22242	0.00430	0.58066	0.00531	0.00265	0.00595
3	0.42428	0.04923	0.01774	0.07617	0.05364	0.01396	0.19078	0.06441	0.01227	0.03517	0.00979	0.01198	0.00748	0.00532	0.00480	0.00179	0.00630	0.00443	0.00342	0.00706
4	0.71901	0.12666	0.01156	0.00785	0.01159	0.01426	0.00672	0.01686	0.01001	0.02388	0.00796	0.00927	0.00636	0.00525	0.00356	0.00169	0.00467	0.00309	0.00338	0.00636
5	0.00783	0.00570	0.00801	0.00841	0.00908	0.00617	0.00608	0.00927	0.00959	0.01336	0.02055	0.25553	0.02226	0.14303	0.44017	0.00662	0.01034	0.00947	0.00379	0.00474
6	0.00783	0.00559	0.00695	0.00703	0.00814	0.00515	0.00505	0.00982	0.01388	0.01928	0.41285	0.21917	0.13812	0.05498	0.00790	0.00211	0.00302	0.01154	0.05657	0.00504
7	0.00817	0.00613	0.00919	0.00919	0.01021	0.00715	0.00715	0.01021	0.00919	0.01328	0.01532	0.02247	0.01430	0.04290	0.77631	0.00919	0.01532	0.00613	0.00306	0.00511
8	0.01916	0.01474	0.01571	0.01264	0.01676	0.01653	0.01025	0.49933	0.27599	0.03189	0.01701	0.01634	0.01238	0.00717	0.00576	0.00179	0.00569	0.00560	0.00576	0.00950
9	0.01457	0.01189	0.01278	0.01152	0.01472	0.01358	0.00903	0.02941	0.68153	0.06124	0.02357	0.02324	0.01801	0.00810	0.00591	0.00196	0.00458	0.03959	0.00586	0.00891
10	0.83938	0.01106	0.00841	0.00752	0.01106	0.01283	0.00619	0.01681	0.00973	0.02566	0.00796	0.00929	0.00619	0.00531	0.00354	0.00177	0.00442	0.00310	0.00354	0.00619
11	0.01109	0.01046	0.01767	0.72126	0.10113	0.01278	0.01603	0.01487	0.01157	0.01496	0.01022	0.01516	0.00775	0.00567	0.00571	0.00189	0.00755	0.00508	0.00257	0.00658
12	0.01529	0.80242	0.02997	0.00979	0.01468	0.02263	0.00979	0.01713	0.01162	0.01346	0.00795	0.00918	0.00734	0.00489	0.00367	0.00122	0.00612	0.00306	0.00245	0.00734
13	0.79828	0.01131	0.00885	0.00781	0.01140	0.01308	0.00643	0.05339	0.01060	0.02619	0.00825	0.00952	0.00637	0.00539	0.00365	0.00177	0.00452	0.00320	0.00365	0.00637
14	0.01763	0.00909	0.01059	0.00879	0.01174	0.00903	0.00698	0.16880	0.02997	0.26599	0.01956	0.05499	0.01481	0.03646	0.00603	0.00176	0.00430	0.00606	0.30979	0.00764
15	0.00810	0.00596	0.00848	0.00840	0.00944	0.00644	0.00637	0.01020	0.01132	0.01612	0.23881	0.06441	0.02753	0.06757	0.47660	0.00650	0.01055	0.00795	0.00415	0.00510
16	0.00994	0.00882	0.01495	0.37233	0.02537	0.01030	0.07864	0.01297	0.01064	0.01440	0.01277	0.01919	0.01100	0.05940	0.29426	0.00480	0.01048	0.00579	0.01808	0.00585
17	0.01169	0.01256	0.02568	0.01885	0.02339	0.01167	0.52209	0.01569	0.01384	0.01860	0.13215	0.02540	0.12606	0.00729	0.00675	0.00191	0.00760	0.00808	0.00377	0.00694
18	0.00734	0.00515	0.00659	0.00752	0.00782	0.00489	0.00488	0.00818	0.01057	0.01416	0.06216	0.58052	0.03454	0.20293	0.01245	0.00306	0.00382	0.01410	0.00492	0.00440
19	0.01032	0.00826	0.01213	0.21647	0.07973	0.00900	0.04253	0.01322	0.05622	0.01525	0.01595	0.05411	0.01540	0.30434	0.01439	0.00320	0.00587	0.00692	0.11117	0.00553
20	0.00858	0.00636	0.00806	0.00760	0.00908	0.00612	0.00571	0.01236	0.07883	0.02270	0.66950	0.06974	0.05024	0.01160	0.00669	0.00183	0.00288	0.01024	0.00622	0.00568
21	0.01117	0.01365	0.12821	0.40269	0.03085	0.01269	0.15351	0.01514	0.01169	0.01577	0.01229	0.08853	0.01062	0.00696	0.00692	0.00198	0.06142	0.00633	0.00285	0.00675
22	0.37325	0.15876	0.06109	0.03794	0.01445	0.01430	0.00886	0.03665	0.01105	0.02068	0.00881	0.01064	0.00721	0.00556	0.00523	0.00159	0.07197	0.00353	0.01600	0.13242
23	0.41373	0.04944	0.07836	0.01104	0.01524	0.01363	0.07110	0.11040	0.01320	0.09782	0.01094	0.01213	0.00810	0.00589	0.00519	0.00178	0.04171	0.00418	0.02877	0.00734
24	0.01476	0.01388	0.02585	0.06846	0.02533	0.01381	0.44004	0.05835	0.09699	0.08332	0.01358	0.01602	0.01005	0.00574	0.00692	0.00188	0.04725	0.00619	0.00371	0.04787

[dist]
# distance from previous block
# <min> <max>
0	6

[block]
# block no. 6 follows, 41 sequences, length 22
# corresponding to MSA columns:
# 738-759
name=unknown_G
#
# <colnr> <probs for GDERKNQSTAVLIFYWHMCP>
#	G	D	E	R	K	N	Q	S	T	A	V	L	I	F	Y	W	H	M	C	P
0	0.00697	0.00498	0.00664	0.00796	0.00830	0.00465	0.00531	0.00796	0.01095	0.01460	0.03153	0.79525	0.03783	0.01792	0.00730	0.00232	0.00332	0.01626	0.00531	0.00465
1	0.01291	0.01769	0.19645	0.08305	0.12179	0.01405	0.35464	0.01844	0.05787	0.01819	0.01161	0.01474	0.00881	0.00545	0.00665	0.00189	0.03914	0.00575	0.00291	0.00797
2	0.00985	0.00789	0.00963	0.00786	0.01096	0.00643	0.00606	0.01237	0.01377	0.02035	0.35256	0.07368	0.03095	0.00846	0.00556	0.00137	0.00348	0.00734	0.00483	0.40660
3	0.00771	0.00570	0.00776	0.05758	0.01041	0.00550	0.00603	0.00964	0.01330	0.01829	0.35271	0.41204	0.04303	0.01438	0.00695	0.00206	0.00332	0.01292	0.00557	0.00509
4	0.00927	0.00805	0.01335	0.35129	0.02358	0.00895	0.06566	0.01165	0.01121	0.01469	0.01972	0.36059	0.02117	0.01164	0.00719	0.03674	0.00576	0.01015	0.00379	0.00554
5	0.01184	0.01056	0.01678	0.35970	0.23234	0.01169	0.01376	0.06103	0.01389	0.01891	0.17266	0.02079	0.01817	0.00691	0.00593	0.00181	0.00625	0.00623	0.00364	0.00711
6	0.01245	0.01352	0.02747	0.04969	0.02548	0.01360	0.52101	0.01625	0.01244	0.01708	0.01344	0.11221	0.01211	0.00721	0.00846	0.00206	0.11769	0.00763	0.00313	0.00708
7	0.01318	0.01259	0.02145	0.25390	0.55216	0.01333	0.01707	0.01670	0.01256	0.01750	0.01059	0.01448	0.00864	0.00528	0.00568	0.00176	0.00704	0.00509	0.00275	0.00827
8	0.01979	0.01206	0.01402	0.01071	0.01519	0.01171	0.00875	0.28393	0.04784	0.25834	0.01616	0.01564	0.01129	0.00631	0.00530	0.00151	0.00513	0.00496	0.03685	0.21452
9	0.01066	0.00533	0.00533	0.00533	0.00666	0.00533	0.00400	0.01333	0.01200	0.02132	0.01866	0.02132	0.01466	0.00666	0.00400	0.00133	0.00267	0.00533	0.83073	0.00533
10	0.01234	0.01173	0.01993	0.44191	0.37072	0.01311	0.01665	0.01596	0.01216	0.01648	0.01044	0.01475	0.00828	0.00543	0.00569	0.00181	0.00725	0.00509	0.00267	0.00759
11	0.78895	0.01137	0.00895	0.00787	0.01147	0.01313	0.00648	0.06169	0.01079	0.02630	0.00832	0.00957	0.00641	0.00541	0.00367	0.00177	0.00454	0.00322	0.00367	0.00641
12	0.00891	0.00636	0.00886	0.01018	0.01136	0.00632	0.00868	0.01132	0.01286	0.01677	0.03046	0.16481	0.03359	0.01609	0.00782	0.00259	0.00500	0.62755	0.00527	0.00518
13	0.01680	0.18769	0.22714	0.01485	0.01992	0.35291	0.06883	0.02002	0.01392	0.01534	0.00925	0.01095	0.00743	0.00548	0.00505	0.00155	0.00888	0.00393	0.00269	0.00736
14	0.00994	0.00497	0.00745	0.00745	0.00745	0.00497	0.00497	0.00745	0.00745	0.00994	0.00994	0.01739	0.00994	0.01987	0.02235	0.83358	0.00497	0.00497	0.00248	0.00248
15	0.00729	0.00544	0.00678	0.00724	0.00825	0.00493	0.00513	0.00893	0.01310	0.01747	0.27219	0.39117	0.20083	0.01516	0.00700	0.00207	0.00303	0.01344	0.00563	0.00493
16	0.01888	0.01922	0.37467	0.01310	0.01946	0.01074	0.01449	0.02321	0.01432	0.40918	0.01669	0.01594	0.01085	0.00629	0.00560	0.00179	0.00658	0.00502	0.00485	0.00912
17	0.41227	0.01325	0.11603	0.20555	0.06796	0.01251	0.01159	0.01617	0.01091	0.02087	0.01044	0.01503	0.00860	0.00609	0.00476	0.00186	0.00598	0.05026	0.00320	0.00667
18	0.00719	0.00519	0.00680	0.00771	0.00832	0.00481	0.00528	0.00855	0.01211	0.01632	0.17982	0.60907	0.07461	0.01650	0.00716	0.00220	0.00317	0.01487	0.00551	0.00481
19	0.01097	0.00925	0.01377	0.42878	0.02620	0.01091	0.01176	0.08759	0.01270	0.01690	0.01621	0.20461	0.01590	0.03914	0.00744	0.00213	0.03687	0.00792	0.03482	0.00614
20	0.00809	0.00588	0.00694	0.00720	0.00815	0.00558	0.00522	0.00934	0.01145	0.01477	0.10064	0.04895	0.22641	0.33268	0.01609	0.00355	0.00450	0.17550	0.00464	0.00443
21	0.01243	0.00785	0.00976	0.00905	0.01113	0.00779	0.00697	0.06232	0.11618	0.14013	0.28747	0.19837	0.03491	0.01174	0.00660	0.00198	0.00383	0.05877	0.00604	0.00669

[dist]
# distance from previous block
# <min> <max>
3	28

[block]
# block no. 7 follows, 41 sequences, length 29
# corresponding to MSA columns:
# 789-817
name=unknown_H
#
# <colnr> <probs for GDERKNQSTAVLIFYWHMCP>
#	G	D	E	R	K	N	Q	S	T	A	V	L	I	F	Y	W	H	M	C	P
0	0.01806	0.07018	0.01734	0.13317	0.02032	0.12279	0.01152	0.36774	0.05982	0.02534	0.01303	0.01583	0.01026	0.00704	0.00631	0.00177	0.04927	0.03760	0.00442	0.00818
1	0.00850	0.00602	0.00785	0.00873	0.00951	0.00597	0.00666	0.01036	0.02880	0.01521	0.04201	0.24442	0.03115	0.21617	0.01309	0.00326	0.00477	0.32791	0.00485	0.00474
2	0.00879	0.00608	0.00823	0.05449	0.01062	0.00579	0.00615	0.01112	0.01465	0.05431	0.50625	0.22089	0.04548	0.01262	0.00677	0.00193	0.00324	0.01124	0.00587	0.00547
3	0.00743	0.00587	0.00672	0.00665	0.00832	0.00516	0.00508	0.00942	0.01421	0.01834	0.31562	0.05117	0.44766	0.01355	0.00684	0.00193	0.00299	0.06227	0.00567	0.00507
4	0.00897	0.00601	0.00779	0.00834	0.00930	0.00573	0.00593	0.04958	0.01296	0.05504	0.13989	0.57284	0.03736	0.01575	0.00708	0.00219	0.00354	0.04080	0.00557	0.00532
5	0.83938	0.01106	0.00841	0.00752	0.01106	0.01283	0.00619	0.01681	0.00973	0.02566	0.00796	0.00929	0.00619	0.00531	0.00354	0.00177	0.00442	0.00310	0.00354	0.00619
6	0.00832	0.00555	0.00624	0.00624	0.00624	0.00555	0.00347	0.00832	0.00832	0.01109	0.01802	0.03743	0.02080	0.79898	0.02911	0.00555	0.00555	0.00832	0.00347	0.00347
7	0.01262	0.01283	0.01928	0.01600	0.01663	0.01719	0.09175	0.01426	0.00927	0.01426	0.00795	0.01283	0.00764	0.00945	0.01747	0.00244	0.70398	0.00519	0.00255	0.00642
8	0.02486	0.01102	0.01407	0.01079	0.01524	0.01032	0.00891	0.17482	0.01853	0.61727	0.02075	0.01829	0.01325	0.00704	0.00575	0.00176	0.00516	0.00563	0.00680	0.00973
9	0.01659	0.07171	0.01423	0.01166	0.01447	0.35026	0.00902	0.02097	0.14210	0.06342	0.20407	0.02096	0.02141	0.00770	0.00561	0.00164	0.00676	0.00594	0.00451	0.00697
10	0.01353	0.16878	0.35334	0.01458	0.01957	0.09892	0.01567	0.01731	0.01157	0.01566	0.00896	0.01146	0.00735	0.00658	0.00856	0.00185	0.21219	0.00415	0.00250	0.00747
11	0.00832	0.00555	0.00624	0.00624	0.00624	0.00555	0.00347	0.00832	0.00832	0.01109	0.01802	0.03743	0.02080	0.79898	0.02911	0.00555	0.00555	0.00832	0.00347	0.00347
12	0.00810	0.00585	0.00765	0.00720	0.00855	0.00540	0.00540	0.01079	0.01619	0.02294	0.76028	0.04273	0.05397	0.01169	0.00675	0.00180	0.00270	0.01034	0.00630	0.00540
13	0.00782	0.00570	0.00735	0.00722	0.00845	0.00523	0.00531	0.01015	0.01512	0.02105	0.59190	0.16574	0.10178	0.01290	0.00684	0.00189	0.00281	0.01143	0.00607	0.00523
14	0.00994	0.00497	0.00745	0.00745	0.00745	0.00497	0.00497	0.00745	0.00745	0.00994	0.00994	0.01739	0.00994	0.01987	0.02235	0.83358	0.00497	0.00497	0.00248	0.00248
15	0.02007	0.21780	0.02036	0.01242	0.01695	0.07746	0.01061	0.50284	0.02217	0.02858	0.01188	0.01230	0.00894	0.00629	0.00515	0.00157	0.00656	0.00450	0.00467	0.00888
16	0.01295	0.01031	0.01199	0.00918	0.01375	0.00868	0.00736	0.01766	0.13130	0.06461	0.01398	0.01636	0.01143	0.00553	0.00476	0.00116	0.00437	0.03850	0.00409	0.61202
17	0.01043	0.00954	0.01543	0.58701	0.03197	0.01170	0.01371	0.01385	0.01212	0.01609	0.14811	0.02011	0.01615	0.00713	0.00684	0.00193	0.06242	0.00605	0.00323	0.00617
18	0.01721	0.01366	0.01618	0.21006	0.02261	0.01564	0.01173	0.39245	0.19115	0.02776	0.01503	0.01588	0.01098	0.00678	0.00574	0.00182	0.00622	0.00544	0.00493	0.00871
19	0.07123	0.01540	0.02084	0.01678	0.01895	0.13172	0.19836	0.01652	0.01117	0.01579	0.00878	0.01270	0.00770	0.00773	0.01258	0.00215	0.41706	0.00512	0.00274	0.00668
20	0.01124	0.02795	0.71673	0.01567	0.02364	0.01274	0.02005	0.01761	0.01236	0.01845	0.06207	0.01419	0.01047	0.00587	0.00552	0.00181	0.00806	0.00465	0.00268	0.00824
21	0.01404	0.01383	0.02100	0.17042	0.53330	0.06613	0.01628	0.01815	0.05763	0.01793	0.01127	0.01453	0.00919	0.00543	0.00565	0.00174	0.00705	0.00508	0.00297	0.00839
22	0.00697	0.00498	0.00664	0.00796	0.00830	0.00465	0.00531	0.00796	0.01095	0.01460	0.03153	0.79525	0.03783	0.01792	0.00730	0.00232	0.00332	0.01626	0.00531	0.00465
23	0.01067	0.00991	0.01381	0.01264	0.01284	0.01306	0.01018	0.01196	0.00958	0.01413	0.01541	0.22341	0.01716	0.01397	0.05137	0.00278	0.50365	0.04432	0.00341	0.00572
24	0.01400	0.00936	0.01057	0.00949	0.03550	0.00936	0.00720	0.18535	0.06987	0.11971	0.08615	0.03256	0.28011	0.00993	0.00599	0.00178	0.00415	0.00817	0.09363	0.00714
25	0.00782	0.00584	0.00726	0.00690	0.00837	0.00528	0.00518	0.01025	0.01553	0.02137	0.61309	0.04531	0.20214	0.01228	0.00675	0.00183	0.00274	0.01071	0.00609	0.00528
26	0.01664	0.01703	0.01433	0.01187	0.01551	0.29304	0.00928	0.04478	0.06679	0.05518	0.01111	0.01248	0.00895	0.00588	0.00618	0.00139	0.08022	0.00405	0.00358	0.32171
27	0.01066	0.00533	0.00533	0.00533	0.00666	0.00533	0.00400	0.01333	0.01200	0.02132	0.01866	0.02132	0.01466	0.00666	0.00400	0.00133	0.00267	0.00533	0.83073	0.00533
28	0.83938	0.01106	0.00841	0.00752	0.01106	0.01283	0.00619	0.01681	0.00973	0.02566	0.00796	0.00929	0.00619	0.00531	0.00354	0.00177	0.00442	0.00310	0.00354	0.00619

[dist]
# distance from previous block
# <min> <max>
0	59

[block]
# block no. 8 follows, 41 sequences, length 14
# corresponding to MSA columns:
# 883-896
name=unknown_I
#
# <colnr> <probs for GDERKNQSTAVLIFYWHMCP>
#	G	D	E	R	K	N	Q	S	T	A	V	L	I	F	Y	W	H	M	C	P
0	0.83938	0.01106	0.00841	0.00752	0.01106	0.01283	0.00619	0.01681	0.00973	0.02566	0.00796	0.00929	0.00619	0.00531	0.00354	0.00177	0.00442	0.00310	0.00354	0.00619
1	0.01107	0.01044	0.01763	0.72600	0.09656	0.01278	0.01602	0.01485	0.01156	0.01494	0.01021	0.01516	0.00774	0.00567	0.00571	0.00189	0.00756	0.00508	0.00256	0.00657
2	0.23131	0.02467	0.56729	0.01397	0.02112	0.01316	0.01717	0.01777	0.01145	0.02012	0.00965	0.01134	0.00697	0.00540	0.00493	0.00180	0.00738	0.00393	0.00271	0.00785
3	0.00681	0.00561	0.00599	0.00630	0.00786	0.00479	0.00457	0.00815	0.01255	0.01525	0.05182	0.22662	0.59336	0.01528	0.00689	0.00202	0.00299	0.01304	0.00531	0.00479
4	0.14204	0.01191	0.01217	0.01086	0.01404	0.01370	0.00849	0.06728	0.55646	0.02412	0.01965	0.01883	0.01487	0.00799	0.00636	0.04723	0.00463	0.00579	0.00528	0.00829
5	0.01143	0.00607	0.00615	0.00587	0.00743	0.00619	0.00448	0.06407	0.01303	0.02235	0.01832	0.02080	0.01432	0.00668	0.00412	0.00136	0.00292	0.00532	0.77346	0.00564
6	0.00810	0.00585	0.00765	0.00720	0.00855	0.00540	0.00540	0.01079	0.01619	0.02294	0.76028	0.04273	0.05397	0.01169	0.00675	0.00180	0.00270	0.01034	0.00630	0.00540
7	0.01224	0.01015	0.01609	0.20741	0.34873	0.01077	0.01286	0.01551	0.01231	0.01853	0.01311	0.01669	0.01048	0.00574	0.00515	0.00163	0.00569	0.00517	0.26449	0.00723
8	0.01070	0.00995	0.01582	0.48235	0.02899	0.01275	0.01361	0.01365	0.01046	0.01420	0.01051	0.01595	0.00878	0.01324	0.14533	0.00333	0.17639	0.00525	0.00263	0.00611
9	0.00864	0.00575	0.00759	0.00763	0.00878	0.00529	0.00553	0.01071	0.01436	0.05973	0.46470	0.30606	0.04617	0.01364	0.00689	0.00198	0.00303	0.01218	0.00599	0.00536
10	0.75181	0.01092	0.00893	0.00781	0.01144	0.01236	0.00643	0.01800	0.01045	0.10547	0.00954	0.01039	0.00705	0.00550	0.00378	0.00177	0.00447	0.00338	0.00392	0.00658
11	0.01656	0.01232	0.01487	0.18544	0.02098	0.01394	0.01091	0.18552	0.33261	0.11758	0.01812	0.01804	0.01312	0.00702	0.00577	0.00186	0.00566	0.00577	0.00522	0.00868
12	0.00729	0.00567	0.00665	0.00689	0.00829	0.00503	0.00509	0.00903	0.01341	0.01730	0.23295	0.21325	0.38047	0.01458	0.00694	0.00202	0.00307	0.05155	0.00556	0.00496
13	0.07939	0.01286	0.05595	0.17344	0.10112	0.01348	0.01181	0.07740	0.31783	0.05298	0.01738	0.01800	0.03003	0.00680	0.00559	0.00186	0.00573	0.00565	0.00449	0.00822

[dist]
# distance from previous block
# <min> <max>
1	28

[block]
# block no. 9 follows, 41 sequences, length 50
# corresponding to MSA columns:
# 925-974
name=unknown_J
#
# <colnr> <probs for GDERKNQSTAVLIFYWHMCP>
#	G	D	E	R	K	N	Q	S	T	A	V	L	I	F	Y	W	H	M	C	P
0	0.05571	0.06124	0.09369	0.01292	0.06496	0.01189	0.05365	0.13956	0.01455	0.06405	0.01173	0.01346	0.00917	0.00789	0.05962	0.00193	0.00645	0.00438	0.00376	0.30939
1	0.27431	0.11978	0.21889	0.01215	0.01698	0.12833	0.01216	0.07706	0.01291	0.02048	0.00916	0.01073	0.00716	0.00578	0.00538	0.00171	0.05285	0.00376	0.00313	0.00731
2	0.00953	0.00801	0.01058	0.04426	0.01231	0.00863	0.00770	0.01194	0.05058	0.01604	0.06499	0.34562	0.02424	0.01431	0.05880	0.00249	0.15104	0.00996	0.00428	0.14469
3	0.00958	0.00708	0.00824	0.00797	0.00951	0.00718	0.00584	0.01362	0.18939	0.01682	0.11779	0.08780	0.24445	0.01424	0.01079	0.22692	0.00385	0.00890	0.00479	0.00526
4	0.01475	0.40567	0.22668	0.01250	0.01780	0.06332	0.01315	0.06137	0.04965	0.01664	0.00971	0.01114	0.00797	0.00572	0.00553	0.00155	0.06241	0.00384	0.00283	0.00775
5	0.00719	0.00576	0.00643	0.00636	0.00802	0.00500	0.00473	0.00901	0.01391	0.01777	0.27845	0.09354	0.49607	0.01380	0.00679	0.00191	0.00286	0.01177	0.00562	0.00500
6	0.00774	0.00552	0.00718	0.00743	0.00828	0.00517	0.00524	0.00956	0.01347	0.01865	0.41163	0.30784	0.04441	0.09574	0.00929	0.00239	0.00326	0.02661	0.00563	0.00493
7	0.01041	0.00645	0.00782	0.00736	0.00939	0.00568	0.00569	0.01238	0.01432	0.14115	0.24263	0.09890	0.34408	0.01283	0.00670	0.00194	0.00335	0.05725	0.00587	0.00581
8	0.01423	0.01229	0.01293	0.01164	0.01487	0.01423	0.00905	0.03039	0.75297	0.02393	0.02328	0.02134	0.01746	0.00776	0.00582	0.00194	0.00453	0.00647	0.00582	0.00905
9	0.49890	0.01003	0.00861	0.00759	0.01062	0.01128	0.00614	0.10627	0.01252	0.02570	0.01176	0.01331	0.00907	0.00589	0.00394	0.00164	0.00415	0.00400	0.24217	0.00639
10	0.24293	0.01468	0.01480	0.01164	0.01593	0.01641	0.00961	0.54745	0.02225	0.03324	0.01217	0.01253	0.00877	0.00645	0.00513	0.00173	0.00579	0.00459	0.00513	0.00877
11	0.01147	0.02959	0.76934	0.01630	0.02476	0.01328	0.02113	0.01811	0.01208	0.01811	0.01026	0.01208	0.00725	0.00543	0.00543	0.00181	0.00845	0.00423	0.00242	0.00845
12	0.01529	0.80242	0.02997	0.00979	0.01468	0.02263	0.00979	0.01713	0.01162	0.01346	0.00795	0.00918	0.00734	0.00489	0.00367	0.00122	0.00612	0.00306	0.00245	0.00734
13	0.01465	0.01318	0.01313	0.01182	0.01504	0.05950	0.00917	0.02995	0.70918	0.02334	0.02242	0.02069	0.01686	0.00765	0.00578	0.00191	0.00487	0.00630	0.00565	0.00891
14	0.01592	0.01313	0.01389	0.01198	0.01552	0.01502	0.00946	0.19133	0.58928	0.02666	0.02113	0.01963	0.01572	0.00756	0.00580	0.00189	0.00493	0.00617	0.00580	0.00921
15	0.00875	0.00587	0.00758	0.00742	0.00877	0.00535	0.00546	0.01092	0.01473	0.06413	0.48817	0.21214	0.11286	0.01308	0.00681	0.00193	0.00298	0.01157	0.00603	0.00543
16	0.05314	0.01365	0.01065	0.00961	0.01210	0.23405	0.00737	0.06085	0.09065	0.06904	0.01574	0.01699	0.01211	0.00653	0.00472	0.00151	0.00554	0.00488	0.36421	0.00667
17	0.00773	0.00583	0.00714	0.00681	0.00832	0.00524	0.00511	0.01009	0.01533	0.02090	0.56870	0.04609	0.24682	0.01246	0.00675	0.00184	0.00275	0.01082	0.00603	0.00524
18	0.00704	0.00503	0.00670	0.00792	0.00831	0.00469	0.00531	0.00814	0.01127	0.01510	0.07551	0.74983	0.03881	0.01754	0.00727	0.00229	0.00328	0.01590	0.00537	0.00469
19	0.02369	0.00995	0.01293	0.01010	0.01424	0.00909	0.00828	0.07023	0.06000	0.62654	0.02180	0.01936	0.01412	0.00708	0.00563	0.00175	0.00478	0.00573	0.06533	0.00938
20	0.00755	0.00534	0.00662	0.00717	0.00767	0.00505	0.00470	0.00854	0.01112	0.01492	0.14632	0.39416	0.08229	0.25568	0.01385	0.00320	0.00387	0.01261	0.00490	0.00442
21	0.06317	0.01406	0.05748	0.08379	0.01707	0.11480	0.00964	0.10261	0.01415	0.02016	0.05061	0.01417	0.01084	0.00589	0.00566	0.00141	0.05065	0.00438	0.04087	0.31858
22	0.01500	0.01289	0.10250	0.01083	0.01521	0.01076	0.00952	0.02280	0.29160	0.15045	0.01726	0.01711	0.01279	0.00713	0.00632	0.05102	0.00500	0.00515	0.00478	0.23186
23	0.01790	0.01117	0.01484	0.01185	0.01546	0.01127	0.08499	0.17605	0.13416	0.25366	0.09339	0.06707	0.01890	0.05335	0.00739	0.00205	0.00535	0.00706	0.00576	0.00832
24	0.01699	0.01361	0.01450	0.01207	0.01591	0.01524	0.00964	0.30328	0.43766	0.02831	0.01897	0.01795	0.01405	0.00724	0.00570	0.00180	0.00519	0.00581	0.00566	0.05041
25	0.59898	0.01262	0.01090	0.10056	0.01557	0.06744	0.00817	0.09211	0.01217	0.02460	0.00888	0.01053	0.00681	0.00556	0.00414	0.00176	0.00541	0.00359	0.00361	0.00661
26	0.01886	0.01453	0.01461	0.04633	0.01672	0.10349	0.00978	0.33647	0.13949	0.12403	0.02057	0.01993	0.09395	0.00771	0.00579	0.00176	0.00598	0.00603	0.00540	0.00856
27	0.01636	0.00771	0.01006	0.00864	0.01151	0.00677	0.00689	0.01847	0.01515	0.38188	0.17885	0.08835	0.16144	0.01065	0.00637	0.00190	0.00398	0.05131	0.00637	0.00734
28	0.01206	0.01186	0.05007	0.02837	0.14025	0.01302	0.05433	0.05792	0.01229	0.01777	0.13644	0.02017	0.01696	0.05321	0.06654	0.00277	0.28948	0.00625	0.00350	0.00675
29	0.01605	0.00935	0.01420	0.05782	0.01607	0.00868	0.10350	0.01948	0.05179	0.30159	0.21974	0.06609	0.02492	0.00840	0.00615	0.00179	0.00493	0.00754	0.00567	0.05624
30	0.00697	0.00498	0.00664	0.00796	0.00830	0.00465	0.00531	0.00796	0.01095	0.01460	0.03153	0.79525	0.03783	0.01792	0.00730	0.00232	0.00332	0.01626	0.00531	0.00465
31	0.01896	0.01283	0.01426	0.01177	0.01566	0.01399	0.00945	0.24139	0.37636	0.19043	0.02029	0.01868	0.01445	0.00735	0.00578	0.00184	0.00513	0.00592	0.00607	0.00940
32	0.01631	0.00922	0.01172	0.05535	0.01437	0.00926	0.00827	0.03386	0.18877	0.29075	0.22188	0.02853	0.02636	0.00892	0.00616	0.00188	0.00441	0.04985	0.00618	0.00794
33	0.00731	0.00568	0.00665	0.00670	0.00814	0.00502	0.00492	0.00917	0.01390	0.01820	0.32500	0.17535	0.36547	0.01399	0.00685	0.00195	0.00289	0.01211	0.00569	0.00502
34	0.05578	0.01186	0.01166	0.00999	0.01300	0.05301	0.00791	0.23738	0.21702	0.02625	0.01739	0.01788	0.01314	0.00691	0.00505	0.00164	0.00475	0.00539	0.27621	0.00777
35	0.01755	0.42928	0.02294	0.01179	0.01567	0.34586	0.01011	0.01927	0.01382	0.01416	0.04582	0.01134	0.00968	0.00566	0.00446	0.00136	0.00775	0.00369	0.00285	0.00694
36	0.01251	0.01251	0.01752	0.01502	0.01502	0.01752	0.01251	0.01377	0.00876	0.01377	0.00751	0.01251	0.00751	0.01001	0.01877	0.00250	0.78851	0.00501	0.00250	0.00626
37	0.00719	0.00609	0.00612	0.00600	0.00801	0.00520	0.00453	0.02914	0.01343	0.01604	0.05669	0.05387	0.73962	0.01427	0.00673	0.00193	0.00299	0.01187	0.00532	0.00497
38	0.02174	0.01602	0.01717	0.01316	0.01774	0.01774	0.01087	0.74423	0.02689	0.03605	0.01373	0.01373	0.00973	0.00687	0.00572	0.00172	0.00629	0.00515	0.00572	0.00973
39	0.07427	0.01590	0.01603	0.01255	0.01685	0.06118	0.01028	0.62151	0.02453	0.03315	0.01506	0.01511	0.04322	0.00705	0.00559	0.00172	0.00625	0.00524	0.00540	0.00910
40	0.00786	0.00584	0.00732	0.00695	0.00840	0.00530	0.00521	0.01034	0.01564	0.02162	0.63660	0.04490	0.17848	0.01219	0.00675	0.00182	0.00273	0.01065	0.00612	0.00530
41	0.01104	0.01041	0.01759	0.73204	0.09073	0.01277	0.01600	0.01482	0.01155	0.01490	0.01021	0.01517	0.00773	0.00567	0.00571	0.00189	0.00757	0.00508	0.00256	0.00655
