[name]
unknown

[dist]
# distance from previous block
# <min> <max>
0	110

[block]
# block no. 0 follows, 41 sequences, length 11
# corresponding to MSA columns:
# 112-122
name=unknown_A
#
# <colnr> <probs for GDERKNQSTAVLIFYWHMCP>
#	G	D	E	R	K	N	Q	S	T	A	V	L	I	F	Y	W	H	M	C	P
0	0.00832	0.00555	0.00624	0.00624	0.00624	0.00555	0.00347	0.00832	0.00832	0.01109	0.01802	0.03743	0.02080	0.79898	0.02911	0.00555	0.00555	0.00832	0.00347	0.00347
1	0.00703	0.00515	0.00660	0.00762	0.00824	0.00473	0.00519	0.00821	0.01162	0.01535	0.09053	0.64050	0.13423	0.01699	0.00719	0.00223	0.00322	0.01526	0.00539	0.00473
2	0.05837	0.19065	0.14699	0.01168	0.01664	0.13089	0.01116	0.02219	0.01413	0.30246	0.01411	0.01385	0.00990	0.00598	0.00500	0.00159	0.00656	0.00439	0.00436	0.02908
3	0.01543	0.01292	0.01701	0.08593	0.05449	0.01287	0.08001	0.26411	0.01705	0.02399	0.01144	0.01329	0.00883	0.00559	0.00575	0.00145	0.03613	0.00461	0.00400	0.32509
4	0.05230	0.01412	0.02794	0.11858	0.15383	0.01417	0.46022	0.01745	0.01276	0.01806	0.01090	0.01476	0.00844	0.00525	0.00686	0.00191	0.04598	0.00601	0.00285	0.00763
5	0.01308	0.01668	0.19365	0.05065	0.02508	0.01260	0.38997	0.01753	0.01290	0.07464	0.01427	0.10549	0.01209	0.00682	0.00670	0.00195	0.02785	0.00710	0.00336	0.00759
6	0.02566	0.00973	0.01327	0.01018	0.01460	0.00841	0.00841	0.02788	0.01637	0.76726	0.02257	0.01947	0.01416	0.00708	0.00575	0.00177	0.00487	0.00575	0.00708	0.00973
7	0.01272	0.00961	0.01149	0.04389	0.01345	0.01049	0.00827	0.24861	0.04423	0.02186	0.02245	0.35327	0.02382	0.05053	0.00839	0.00228	0.04848	0.05447	0.00510	0.00661
8	0.01788	0.01494	0.02169	0.01629	0.02092	0.01562	0.24746	0.44976	0.02127	0.02858	0.01447	0.07722	0.01165	0.00709	0.00618	0.00183	0.00714	0.00656	0.00477	0.00867
9	0.00741	0.00543	0.00698	0.00765	0.00854	0.00501	0.00548	0.00904	0.01281	0.01717	0.23401	0.44149	0.13706	0.01562	0.00712	0.00215	0.00323	0.06332	0.00558	0.00492
10	0.00694	0.00509	0.00653	0.00768	0.00822	0.00467	0.00518	0.00800	0.01123	0.01471	0.03500	0.69784	0.13300	0.01747	0.00723	0.00227	0.00326	0.01571	0.00531	0.00467

[dist]
# distance from previous block
# <min> <max>
0	3

[block]
# block no. 1 follows, 41 sequences, length 7
# corresponding to MSA columns:
# 126-132
name=unknown_B
#
# <colnr> <probs for GDERKNQSTAVLIFYWHMCP>
#	G	D	E	R	K	N	Q	S	T	A	V	L	I	F	Y	W	H	M	C	P
0	0.01080	0.01017	0.01716	0.78523	0.03940	0.01271	0.01589	0.01461	0.01144	0.01461	0.01017	0.01525	0.00762	0.00572	0.00572	0.00191	0.00762	0.00508	0.00254	0.00635
1	0.01484	0.01028	0.01144	0.00970	0.01237	0.06479	0.00764	0.11663	0.05663	0.16253	0.36999	0.02863	0.03169	0.00920	0.00662	0.00176	0.03407	0.00762	0.00584	0.03772
2	0.01109	0.01039	0.01724	0.68862	0.08592	0.01246	0.01545	0.01480	0.01157	0.01513	0.01021	0.01497	0.00777	0.00559	0.00563	0.00183	0.00737	0.00498	0.00261	0.05639
3	0.01080	0.01017	0.01716	0.78523	0.03940	0.01271	0.01589	0.01461	0.01144	0.01461	0.01017	0.01525	0.00762	0.00572	0.00572	0.00191	0.00762	0.00508	0.00254	0.00635
4	0.02530	0.01032	0.01364	0.01045	0.01489	0.00927	0.00864	0.09447	0.01735	0.69928	0.02174	0.01894	0.01375	0.00706	0.00575	0.00176	0.00500	0.00570	0.00695	0.00973
5	0.02140	0.02632	0.01629	0.01460	0.01769	0.71272	0.01104	0.08306	0.01710	0.01584	0.00925	0.01060	0.00756	0.00598	0.00520	0.00149	0.00998	0.00381	0.00318	0.00689
6	0.01744	0.01463	0.02015	0.05111	0.18501	0.01567	0.11107	0.35416	0.12414	0.02721	0.01399	0.01519	0.01045	0.00628	0.00586	0.00178	0.00666	0.00554	0.00458	0.00907

[dist]
# distance from previous block
# <min> <max>
2	3

[block]
# block no. 2 follows, 41 sequences, length 40
# corresponding to MSA columns:
# 136-175
name=unknown_C
#
# <colnr> <probs for GDERKNQSTAVLIFYWHMCP>
#	G	D	E	R	K	N	Q	S	T	A	V	L	I	F	Y	W	H	M	C	P
0	0.01147	0.02959	0.76934	0.01630	0.02476	0.01328	0.02113	0.01811	0.01208	0.01811	0.01026	0.01208	0.00725	0.00543	0.00543	0.00181	0.00845	0.00423	0.00242	0.00845
1	0.01147	0.02959	0.76934	0.01630	0.02476	0.01328	0.02113	0.01811	0.01208	0.01811	0.01026	0.01208	0.00725	0.00543	0.00543	0.00181	0.00845	0.00423	0.00242	0.00845
2	0.00784	0.00563	0.00740	0.00809	0.00905	0.00529	0.00608	0.00952	0.01280	0.01709	0.21161	0.34036	0.11524	0.01565	0.00786	0.03652	0.00362	0.17004	0.00543	0.00490
3	0.01134	0.01066	0.01787	0.58841	0.18998	0.01251	0.01564	0.01491	0.01175	0.01542	0.01180	0.01662	0.02923	0.02352	0.00626	0.00194	0.00727	0.00535	0.00270	0.00682
4	0.01440	0.01442	0.05240	0.06634	0.42766	0.05260	0.09518	0.03243	0.01335	0.04406	0.01108	0.01391	0.00888	0.00514	0.00555	0.00161	0.00697	0.00495	0.00309	0.12599
5	0.83938	0.01106	0.00841	0.00752	0.01106	0.01283	0.00619	0.01681	0.00973	0.02566	0.00796	0.00929	0.00619	0.00531	0.00354	0.00177	0.00442	0.00310	0.00354	0.00619
6	0.02091	0.08521	0.01724	0.01437	0.01746	0.71970	0.01096	0.02241	0.01587	0.01396	0.00877	0.01023	0.00737	0.00582	0.00505	0.00145	0.01000	0.00364	0.00291	0.00668
7	0.00713	0.00509	0.00682	0.00814	0.00854	0.00478	0.00558	0.00824	0.01111	0.01478	0.03144	0.74433	0.03749	0.01777	0.00734	0.00234	0.00345	0.06563	0.00531	0.00469
8	0.01147	0.02959	0.76934	0.01630	0.02476	0.01328	0.02113	0.01811	0.01208	0.01811	0.01026	0.01208	0.00725	0.00543	0.00543	0.00181	0.00845	0.00423	0.00242	0.00845
9	0.01080	0.01017	0.01716	0.78523	0.03940	0.01271	0.01589	0.01461	0.01144	0.01461	0.01017	0.01525	0.00762	0.00572	0.00572	0.00191	0.00762	0.00508	0.00254	0.00635
10	0.01147	0.02959	0.76934	0.01630	0.02476	0.01328	0.02113	0.01811	0.01208	0.01811	0.01026	0.01208	0.00725	0.00543	0.00543	0.00181	0.00845	0.00423	0.00242	0.00845
11	0.01066	0.00533	0.00533	0.00533	0.00666	0.00533	0.00400	0.01333	0.01200	0.02132	0.01866	0.02132	0.01466	0.00666	0.00400	0.00133	0.00267	0.00533	0.83073	0.00533
12	0.00770	0.00563	0.00713	0.00724	0.00830	0.00522	0.00521	0.00961	0.01372	0.01876	0.40952	0.22269	0.13501	0.07651	0.02525	0.00241	0.00342	0.02606	0.00562	0.00499
13	0.01147	0.02959	0.76934	0.01630	0.02476	0.01328	0.02113	0.01811	0.01208	0.01811	0.01026	0.01208	0.00725	0.00543	0.00543	0.00181	0.00845	0.00423	0.00242	0.00845
14	0.01147	0.02959	0.76934	0.01630	0.02476	0.01328	0.02113	0.01811	0.01208	0.01811	0.01026	0.01208	0.00725	0.00543	0.00543	0.00181	0.00845	0.00423	0.00242	0.00845
15	0.01060	0.00998	0.01583	0.02789	0.03208	0.00972	0.20601	0.01598	0.15435	0.01868	0.10245	0.11472	0.20488	0.00991	0.00649	0.00191	0.00529	0.00922	0.00467	0.03933
16	0.01066	0.00533	0.00533	0.00533	0.00666	0.00533	0.00400	0.01333	0.01200	0.02132	0.01866	0.02132	0.01466	0.00666	0.00400	0.00133	0.00267	0.00533	0.83073	0.00533
17	0.02018	0.14055	0.01873	0.01247	0.01690	0.06632	0.01048	0.55779	0.02332	0.03036	0.01405	0.01424	0.03546	0.00676	0.00540	0.00163	0.00640	0.00497	0.00501	0.00898
18	0.00955	0.00811	0.01226	0.08865	0.05343	0.00996	0.00956	0.01169	0.00954	0.01378	0.01312	0.01947	0.01210	0.03112	0.51877	0.00683	0.15773	0.00576	0.00290	0.00565
19	0.01147	0.02959	0.76934	0.01630	0.02476	0.01328	0.02113	0.01811	0.01208	0.01811	0.01026	0.01208	0.00725	0.00543	0.00543	0.00181	0.00845	0.00423	0.00242	0.00845
20	0.01147	0.02959	0.76934	0.01630	0.02476	0.01328	0.02113	0.01811	0.01208	0.01811	0.01026	0.01208	0.00725	0.00543	0.00543	0.00181	0.00845	0.00423	0.00242	0.00845
21	0.02436	0.00940	0.01281	0.01002	0.01416	0.00814	0.00819	0.02649	0.01599	0.71482	0.02319	0.07352	0.01581	0.00783	0.00586	0.00181	0.00476	0.00648	0.00696	0.00938
22	0.00910	0.00700	0.00968	0.25153	0.01668	0.00780	0.00738	0.01030	0.00930	0.01220	0.01555	0.03045	0.01665	0.54920	0.02175	0.00440	0.00620	0.00730	0.00317	0.00438
23	0.01147	0.02959	0.76934	0.01630	0.02476	0.01328	0.02113	0.01811	0.01208	0.01811	0.01026	0.01208	0.00725	0.00543	0.00543	0.00181	0.00845	0.00423	0.00242	0.00845
24	0.02065	0.00864	0.01157	0.00924	0.01285	0.00752	0.00749	0.02291	0.01610	0.55838	0.18014	0.02684	0.07456	0.00857	0.00603	0.00179	0.00427	0.00716	0.00679	0.00848
25	0.00775	0.00570	0.00771	0.00949	0.06047	0.00546	0.00578	0.00871	0.01054	0.01415	0.02724	0.58149	0.03224	0.18125	0.01177	0.00296	0.00403	0.01381	0.00475	0.00471
26	0.01147	0.02959	0.76934	0.01630	0.02476	0.01328	0.02113	0.01811	0.01208	0.01811	0.01026	0.01208	0.00725	0.00543	0.00543	0.00181	0.00845	0.00423	0.00242	0.00845
27	0.01963	0.05664	0.01966	0.03824	0.01954	0.01707	0.10360	0.57177	0.02349	0.03138	0.01352	0.03462	0.01015	0.00676	0.00579	0.00174	0.00667	0.00554	0.00508	0.00911
28	0.01655	0.05531	0.01655	0.04133	0.06886	0.04026	0.04539	0.24477	0.11694	0.07328	0.05845	0.03267	0.01366	0.00667	0.00550	0.00160	0.00572	0.00552	0.00473	0.14622
29	0.01488	0.20151	0.04408	0.01115	0.01506	0.01518	0.03476	0.19307	0.18983	0.02308	0.11505	0.02029	0.04631	0.02246	0.00586	0.00173	0.00535	0.00596	0.00470	0.02969
30	0.01900	0.13436	0.07057	0.01640	0.19564	0.01217	0.01154	0.02211	0.03409	0.35761	0.03702	0.01773	0.03333	0.00649	0.00544	0.00168	0.00565	0.00539	0.00491	0.00884
31	0.01423	0.01229	0.01293	0.01164	0.01487	0.01423	0.00905	0.03039	0.75297	0.02393	0.02328	0.02134	0.01746	0.00776	0.00582	0.00194	0.00453	0.00647	0.00582	0.00905
32	0.01691	0.49510	0.24877	0.01377	0.01965	0.02018	0.01418	0.01915	0.01392	0.01819	0.01455	0.01707	0.04708	0.00780	0.00587	0.00207	0.00773	0.00501	0.00377	0.00923
33	0.01688	0.01215	0.05027	0.01416	0.10540	0.03646	0.00991	0.01846	0.01701	0.19659	0.28779	0.03617	0.14703	0.01166	0.00763	0.00240	0.00554	0.00916	0.00658	0.00874
34	0.01185	0.00813	0.00882	0.00868	0.00901	0.00764	0.00511	0.01095	0.01059	0.01448	0.02097	0.04073	0.02333	0.75867	0.02928	0.00596	0.00666	0.00921	0.00460	0.00536
35	0.01338	0.00758	0.00997	0.00982	0.01016	0.00709	0.00653	0.01013	0.00977	0.01338	0.01332	0.02176	0.01305	0.02135	0.02288	0.78958	0.00611	0.00604	0.00367	0.00443
36	0.02388	0.01308	0.01511	0.01267	0.01660	0.03780	0.00980	0.06225	0.16112	0.44777	0.10174	0.02594	0.02141	0.00980	0.00726	0.00241	0.00597	0.00730	0.00749	0.01060
37	0.01718	0.01558	0.02458	0.07406	0.63562	0.01526	0.04339	0.02001	0.04100	0.02162	0.01453	0.01906	0.01243	0.00748	0.00713	0.00234	0.00790	0.00627	0.00409	0.01046
38	0.01237	0.00916	0.01200	0.01166	0.01314	0.00967	0.00877	0.04831	0.01228	0.01765	0.01834	0.02615	0.01696	0.04139	0.69906	0.00905	0.01547	0.00709	0.00435	0.00714
39	0.01619	0.01349	0.01660	0.01709	0.12534	0.01388	0.05064	0.05908	0.37272	0.02416	0.02555	0.17001	0.04263	0.01139	0.00756	0.00257	0.00611	0.00920	0.00612	0.00966

[dist]
# distance from previous block
# <min> <max>
0	2

[block]
# block no. 3 follows, 41 sequences, length 11
# corresponding to MSA columns:
# 178-188
name=unknown_D
#
# <colnr> <probs for GDERKNQSTAVLIFYWHMCP>
#	G	D	E	R	K	N	Q	S	T	A	V	L	I	F	Y	W	H	M	C	P
0	0.07343	0.22350	0.01633	0.00927	0.01323	0.01196	0.00802	0.02097	0.01442	0.37836	0.10787	0.02102	0.06338	0.00739	0.00522	0.00164	0.00479	0.00579	0.00539	0.00803
1	0.01066	0.00533	0.00533	0.00533	0.00666	0.00533	0.00400	0.01333	0.01200	0.02132	0.01866	0.02132	0.01466	0.00666	0.00400	0.00133	0.00267	0.00533	0.83073	0.00533
2	0.06509	0.12524	0.36237	0.01913	0.18784	0.01456	0.05373	0.01864	0.04988	0.03609	0.01094	0.01280	0.00835	0.00540	0.00523	0.00172	0.00730	0.00447	0.00289	0.00832
3	0.26883	0.01228	0.01235	0.01004	0.01393	0.01316	0.00812	0.27123	0.08714	0.02745	0.05086	0.04281	0.01245	0.00670	0.00493	0.00164	0.00493	0.00503	0.00470	0.14142
4	0.01348	0.01065	0.05950	0.01073	0.01382	0.00990	0.04421	0.02110	0.27860	0.14150	0.22668	0.09835	0.02787	0.00940	0.00623	0.00190	0.00446	0.00821	0.00575	0.00764
5	0.01203	0.01121	0.01823	0.40704	0.19522	0.01270	0.05609	0.01735	0.11042	0.01718	0.01379	0.01993	0.01142	0.00664	0.00596	0.00193	0.00695	0.06533	0.00329	0.00730
6	0.01367	0.01237	0.01595	0.01963	0.27963	0.06172	0.01196	0.06708	0.16984	0.02009	0.01820	0.07570	0.01678	0.00848	0.00607	0.00189	0.00586	0.13107	0.00428	0.05974
7	0.01506	0.01238	0.01457	0.01103	0.01572	0.01179	0.04416	0.22040	0.13034	0.02429	0.01325	0.01402	0.01022	0.00554	0.00502	0.00131	0.00512	0.00452	0.00439	0.43688
8	0.01080	0.01017	0.01716	0.78523	0.03940	0.01271	0.01589	0.01461	0.01144	0.01461	0.01017	0.01525	0.00762	0.00572	0.00572	0.00191	0.00762	0.00508	0.00254	0.00635
9	0.06943	0.15418	0.31079	0.01296	0.01860	0.06267	0.01378	0.02179	0.19027	0.07169	0.01362	0.01403	0.01014	0.00604	0.00511	0.00172	0.00671	0.00456	0.00367	0.00823
10	0.01521	0.06376	0.01957	0.07224	0.28839	0.09031	0.05444	0.05700	0.14013	0.04591	0.01362	0.01628	0.01095	0.00605	0.00555	0.00169	0.00663	0.02557	0.00372	0.06299

[dist]
# distance from previous block
# <min> <max>
8	66

[block]
# block no. 4 follows, 41 sequences, length 7
# corresponding to MSA columns:
# 259-265
name=unknown_E
#
# <colnr> <probs for GDERKNQSTAVLIFYWHMCP>
#	G	D	E	R	K	N	Q	S	T	A	V	L	I	F	Y	W	H	M	C	P
0	0.01140	0.01371	0.13556	0.55381	0.14452	0.01293	0.01695	0.01560	0.01177	0.01577	0.01027	0.01459	0.00778	0.00558	0.00567	0.00186	0.00763	0.00495	0.00256	0.00708
1	0.27053	0.02233	0.01383	0.01254	0.01567	0.54356	0.00957	0.02100	0.01424	0.01755	0.00857	0.01000	0.00701	0.00572	0.00466	0.00156	0.00852	0.00351	0.00313	0.00650
2	0.01606	0.01003	0.01229	0.00899	0.01387	0.00786	0.00727	0.01851	0.01323	0.24666	0.01394	0.01418	0.01020	0.00510	0.00470	0.00113	0.00443	0.00411	0.00451	0.58290
3	0.01521	0.58636	0.16188	0.01145	0.01679	0.09555	0.01196	0.01787	0.01216	0.01435	0.00846	0.00981	0.00733	0.00509	0.00414	0.00135	0.00695	0.00333	0.00249	0.00747
4	0.32210	0.13047	0.01619	0.04436	0.07115	0.07428	0.00970	0.22850	0.01581	0.02501	0.01000	0.01125	0.00775	0.00575	0.00456	0.00165	0.00598	0.00396	0.00387	0.00764
5	0.01814	0.01591	0.01703	0.07864	0.01929	0.12254	0.04613	0.37734	0.01973	0.02589	0.01162	0.01308	0.00880	0.00636	0.00643	0.00163	0.06498	0.00473	0.00432	0.13741
6	0.01310	0.01011	0.01217	0.01120	0.06860	0.00969	0.00806	0.05933	0.19428	0.07519	0.17048	0.02364	0.06128	0.00759	0.00557	0.00154	0.00427	0.00643	0.00503	0.25242

[dist]
# distance from previous block
# <min> <max>
0	3

[block]
# block no. 5 follows, 41 sequences, length 8
# corresponding to MSA columns:
# 269-276
name=unknown_F
#
# <colnr> <probs for GDERKNQSTAVLIFYWHMCP>
#	G	D	E	R	K	N	Q	S	T	A	V	L	I	F	Y	W	H	M	C	P
0	0.03870	0.03790	0.06752	0.12211	0.04246	0.01493	0.03014	0.24998	0.25013	0.02539	0.03327	0.01803	0.01315	0.00707	0.00576	0.00186	0.00604	0.02220	0.00480	0.00856
1	0.83798	0.01114	0.00849	0.00760	0.01115	0.01289	0.00625	0.01689	0.00981	0.02575	0.00808	0.00946	0.00631	0.00539	0.00359	0.00179	0.00446	0.00314	0.00358	0.00625
2	0.01078	0.00898	0.01066	0.00843	0.01235	0.00696	0.00647	0.01291	0.01171	0.01775	0.01551	0.20379	0.01577	0.00767	0.00504	0.00123	0.00405	0.00658	0.00390	0.62948
3	0.00960	0.00579	0.00796	0.00780	0.00861	0.00534	0.00536	0.00865	0.00901	0.01242	0.01537	0.20717	0.01666	0.01724	0.01614	0.51139	0.00450	0.00755	0.00334	0.12010
4	0.33028	0.00763	0.00661	0.00626	0.00845	0.00830	0.00490	0.01475	0.01119	0.02309	0.01464	0.01683	0.01149	0.00622	0.00387	0.00152	0.00339	0.00451	0.51034	0.00573
5	0.00964	0.00832	0.01440	0.01204	0.01393	0.00853	0.18611	0.01172	0.01006	0.01397	0.01532	0.02536	0.01497	0.25979	0.36301	0.00633	0.01103	0.00697	0.00318	0.00532
6	0.01237	0.01074	0.01308	0.20049	0.01995	0.01251	0.01020	0.02337	0.46702	0.02034	0.02123	0.12877	0.01792	0.00869	0.00600	0.00199	0.00512	0.00751	0.00495	0.00777
7	0.01616	0.01112	0.01484	0.22617	0.07274	0.01219	0.01129	0.05352	0.26416	0.20320	0.01931	0.01945	0.03624	0.00702	0.00579	0.00186	0.00564	0.00594	0.00500	0.00837

[dist]
# distance from previous block
# <min> <max>
11	47

[block]
# block no. 6 follows, 41 sequences, length 13
# corresponding to MSA columns:
# 326-338
name=unknown_G
#
# <colnr> <probs for GDERKNQSTAVLIFYWHMCP>
#	G	D	E	R	K	N	Q	S	T	A	V	L	I	F	Y	W	H	M	C	P
0	0.01207	0.01285	0.11515	0.04233	0.01603	0.00944	0.00939	0.05603	0.07327	0.01944	0.01334	0.08234	0.01168	0.00611	0.00494	0.00129	0.00501	0.00506	0.00372	0.50050
1	0.07633	0.22545	0.38861	0.01370	0.01989	0.15190	0.01531	0.01861	0.01252	0.01675	0.00925	0.01081	0.00721	0.00537	0.00479	0.00160	0.00789	0.00375	0.00260	0.00767
2	0.01226	0.01580	0.15477	0.35417	0.07515	0.09965	0.07496	0.01608	0.01206	0.01549	0.01092	0.01554	0.00877	0.04149	0.06697	0.00255	0.00871	0.00512	0.00269	0.00683
3	0.83938	0.01106	0.00841	0.00752	0.01106	0.01283	0.00619	0.01681	0.00973	0.02566	0.00796	0.00929	0.00619	0.00531	0.00354	0.00177	0.00442	0.00310	0.00354	0.00619
4	0.01030	0.01357	0.17508	0.27689	0.03965	0.01074	0.10459	0.01415	0.01219	0.01644	0.05317	0.13645	0.06837	0.00863	0.00623	0.00197	0.00674	0.03482	0.00345	0.00657
5	0.02704	0.13871	0.08460	0.01325	0.01642	0.01254	0.15592	0.01497	0.06696	0.01620	0.01728	0.23663	0.01758	0.01234	0.06802	0.00254	0.08041	0.00834	0.00368	0.00657
6	0.00816	0.00609	0.00898	0.00892	0.00999	0.00691	0.00691	0.01029	0.01015	0.01459	0.11676	0.02523	0.01970	0.03865	0.67152	0.00819	0.01360	0.00670	0.00350	0.00515
7	0.01394	0.01514	0.07554	0.06579	0.02301	0.04407	0.29826	0.06571	0.23960	0.02082	0.05033	0.01791	0.01332	0.00642	0.00643	0.00190	0.02344	0.00629	0.00406	0.00803
8	0.83938	0.01106	0.00841	0.00752	0.01106	0.01283	0.00619	0.01681	0.00973	0.02566	0.00796	0.00929	0.00619	0.00531	0.00354	0.00177	0.00442	0.00310	0.00354	0.00619
9	0.01344	0.15534	0.07814	0.24062	0.08352	0.04574	0.11298	0.03448	0.09287	0.01690	0.01128	0.01411	0.00890	0.00593	0.00637	0.00179	0.06212	0.00498	0.00303	0.00746
10	0.00966	0.00751	0.01065	0.01013	0.01160	0.00739	0.07459	0.10936	0.01368	0.01838	0.07165	0.57050	0.03228	0.01482	0.00700	0.00217	0.00427	0.01350	0.00520	0.00567
11	0.13422	0.01112	0.01302	0.01024	0.01425	0.01105	0.00833	0.19775	0.01740	0.43311	0.01811	0.01805	0.01250	0.06619	0.00720	0.00204	0.00520	0.00544	0.00600	0.00878
12	0.00918	0.00615	0.00804	0.00753	0.00888	0.00584	0.00560	0.01178	0.04893	0.04457	0.60103	0.03756	0.04504	0.01248	0.00880	0.11507	0.00316	0.00929	0.00578	0.00530

[dist]
# distance from previous block
# <min> <max>
0	3

[block]
# block no. 7 follows, 41 sequences, length 13
# corresponding to MSA columns:
# 342-354
name=unknown_H
#
# <colnr> <probs for GDERKNQSTAVLIFYWHMCP>
#	G	D	E	R	K	N	Q	S	T	A	V	L	I	F	Y	W	H	M	C	P
0	0.01601	0.01317	0.01394	0.01200	0.01555	0.01506	0.00948	0.19943	0.58104	0.02680	0.02102	0.01954	0.01563	0.00755	0.00580	0.00189	0.00495	0.00615	0.00580	0.00921
1	0.01177	0.00920	0.01175	0.15856	0.03952	0.01003	0.00918	0.03384	0.23834	0.06793	0.05836	0.16592	0.11609	0.01037	0.00629	0.00200	0.00477	0.03409	0.00503	0.00697
2	0.18274	0.01194	0.01570	0.02729	0.03317	0.01337	0.08589	0.14729	0.01425	0.14433	0.01365	0.06760	0.01121	0.00899	0.03539	0.00223	0.16740	0.00577	0.00430	0.00750
3	0.78908	0.01069	0.00830	0.00755	0.01089	0.01234	0.00614	0.01628	0.00981	0.02499	0.00939	0.05679	0.00811	0.00607	0.00377	0.00180	0.00436	0.00389	0.00365	0.00610
4	0.01583	0.01182	0.01419	0.01162	0.01451	0.01298	0.00936	0.25468	0.03849	0.09137	0.01545	0.12504	0.01386	0.02427	0.00910	0.00192	0.18111	0.00656	0.00464	0.14322
5	0.01543	0.01180	0.01449	0.04124	0.05699	0.01126	0.02901	0.13860	0.14871	0.09801	0.01444	0.01500	0.01088	0.00571	0.00512	0.00140	0.00511	0.00472	0.00451	0.36757
6	0.01125	0.00647	0.00658	0.00637	0.00801	0.00679	0.00483	0.01613	0.13348	0.02175	0.01942	0.02133	0.01512	0.00684	0.00430	0.00143	0.00297	0.00552	0.69548	0.00594
7	0.01016	0.00585	0.00787	0.00847	0.00952	0.00537	0.00603	0.01144	0.01196	0.13814	0.02999	0.62811	0.03368	0.01603	0.00708	0.00225	0.00368	0.05327	0.00560	0.00551
8	0.01942	0.06923	0.01657	0.01147	0.01617	0.01157	0.07187	0.16501	0.01679	0.30852	0.03158	0.01592	0.01181	0.00611	0.00534	0.00151	0.00546	0.00506	0.00522	0.20538
9	0.14593	0.00597	0.00761	0.00746	0.00804	0.00626	0.00517	0.00899	0.00783	0.01251	0.00961	0.01606	0.00932	0.01748	0.01927	0.69720	0.00488	0.00466	0.00266	0.00309
10	0.04690	0.07699	0.01566	0.01115	0.01551	0.07097	0.00926	0.20077	0.01835	0.44880	0.01775	0.01624	0.01178	0.00671	0.00547	0.00169	0.00572	0.00515	0.00595	0.00920
11	0.02140	0.01509	0.01643	0.01272	0.01711	0.01650	0.01045	0.66062	0.02545	0.08839	0.01514	0.04751	0.01125	0.00735	0.00579	0.00175	0.00606	0.00567	0.00580	0.00951
12	0.03372	0.01373	0.10691	0.04037	0.01669	0.01146	0.01017	0.22166	0.03204	0.13101	0.03031	0.04584	0.01181	0.00694	0.00591	0.03090	0.00552	0.00517	0.00458	0.23527

[dist]
# distance from previous block
# <min> <max>
0	1

[block]
# block no. 8 follows, 41 sequences, length 6
# corresponding to MSA columns:
# 356-361
name=unknown_I
#
# <colnr> <probs for GDERKNQSTAVLIFYWHMCP>
#	G	D	E	R	K	N	Q	S	T	A	V	L	I	F	Y	W	H	M	C	P
0	0.01773	0.00837	0.01094	0.00933	0.01230	0.00771	0.00732	0.02119	0.08762	0.41250	0.17308	0.16006	0.02666	0.00997	0.00623	0.00189	0.00413	0.00859	0.00649	0.00790
1	0.01254	0.01433	0.10638	0.20287	0.34516	0.01290	0.12910	0.01657	0.01285	0.01793	0.06407	0.01641	0.01166	0.00571	0.00590	0.00180	0.00732	0.00563	0.00297	0.00790
2	0.01987	0.09763	0.04663	0.01263	0.01664	0.01285	0.07936	0.04951	0.07101	0.39033	0.01696	0.01659	0.01174	0.00705	0.00756	0.00185	0.12255	0.00542	0.00518	0.00866
3	0.00838	0.00678	0.00949	0.11514	0.01358	0.00719	0.00755	0.00990	0.01088	0.01482	0.02475	0.55667	0.02866	0.01449	0.00795	0.00217	0.07838	0.01272	0.00452	0.06597
4	0.07715	0.01270	0.01398	0.06593	0.01663	0.01337	0.00926	0.40453	0.01981	0.02769	0.01774	0.04972	0.08807	0.00746	0.00547	0.00163	0.00542	0.00586	0.00487	0.15270
5	0.01216	0.01224	0.04503	0.23809	0.32394	0.01225	0.11474	0.01564	0.01243	0.01712	0.05990	0.01837	0.01244	0.07225	0.00786	0.00212	0.00710	0.00590	0.00302	0.00739

[dist]
# distance from previous block
# <min> <max>
6	40

[block]
# block no. 9 follows, 41 sequences, length 6
# corresponding to MSA columns:
# 402-407
name=unknown_J
#
# <colnr> <probs for GDERKNQSTAVLIFYWHMCP>
#	G	D	E	R	K	N	Q	S	T	A	V	L	I	F	Y	W	H	M	C	P
0	0.01066	0.00533	0.00533	0.00533	0.00666	0.00533	0.00400	0.01333	0.01200	0.02132	0.01866	0.02132	0.01466	0.00666	0.00400	0.00133	0.00267	0.00533	0.83073	0.00533
1	0.05808	0.38262	0.02063	0.00958	0.01435	0.05691	0.00856	0.04768	0.01252	0.01708	0.00909	0.01046	0.00782	0.00480	0.00405	0.00114	0.00554	0.00331	0.00303	0.32272
2	0.00961	0.00694	0.00945	0.00959	0.01027	0.00760	0.00715	0.01093	0.01135	0.07018	0.07077	0.50160	0.03088	0.01508	0.00944	0.00230	0.15780	0.04869	0.00495	0.00541
3	0.01614	0.12638	0.07906	0.01343	0.01713	0.28568	0.05633	0.02216	0.20479	0.01774	0.06770	0.01591	0.01345	0.00670	0.00582	0.00167	0.03356	0.00508	0.00380	0.00747
4	0.00872	0.00676	0.00935	0.00887	0.01060	0.00688	0.00681	0.01071	0.00997	0.01452	0.01664	0.13138	0.01653	0.03171	0.51413	0.00657	0.01142	0.00705	0.00345	0.16793
5	0.01284	0.00743	0.00766	0.00687	0.00884	0.00777	0.00535	0.15697	0.01492	0.02422	0.01769	0.01983	0.01369	0.00670	0.00434	0.00141	0.00338	0.00530	0.66860	0.00620

[dist]
# distance from previous block
# <min> <max>
24	80

[block]
# block no. 10 follows, 41 sequences, length 11
# corresponding to MSA columns:
# 494-504
name=unknown_K
#
# <colnr> <probs for GDERKNQSTAVLIFYWHMCP>
#	G	D	E	R	K	N	Q	S	T	A	V	L	I	F	Y	W	H	M	C	P
0	0.01714	0.00782	0.01007	0.00871	0.01117	0.00714	0.00671	0.01879	0.01351	0.37427	0.04978	0.03081	0.01983	0.22396	0.01232	0.00289	0.00488	0.08846	0.08473	0.00703
1	0.01279	0.25164	0.36261	0.01322	0.01905	0.01539	0.04217	0.01803	0.08259	0.01670	0.01198	0.01542	0.01005	0.09590	0.00779	0.00212	0.00717	0.00473	0.00296	0.00769
2	0.00825	0.00747	0.02803	0.00910	0.04605	0.00622	0.03668	0.01016	0.01316	0.01693	0.12626	0.15640	0.42967	0.01319	0.00673	0.00196	0.00374	0.02614	0.00510	0.04877
3	0.38436	0.00957	0.00904	0.00798	0.01104	0.01033	0.00638	0.01935	0.09613	0.14556	0.01523	0.01591	0.01129	0.00639	0.00438	0.00171	0.00410	0.00460	0.22967	0.00697
4	0.01269	0.01010	0.01125	0.01011	0.01289	0.01050	0.00783	0.14264	0.24439	0.02230	0.04557	0.18863	0.09844	0.01077	0.00627	0.00193	0.00445	0.05240	0.00541	0.10143
5	0.01740	0.01028	0.01372	0.01068	0.01466	0.00935	0.07779	0.12032	0.01626	0.30114	0.02867	0.02737	0.21589	0.00866	0.00604	0.00176	0.00499	0.00728	0.00565	0.10208
6	0.01111	0.00906	0.01047	0.00801	0.01171	0.00718	0.00597	0.01289	0.01103	0.01677	0.01252	0.01912	0.01203	0.22077	0.01110	0.00217	0.00467	0.00480	0.00348	0.60512
7	0.08985	0.00772	0.01145	0.30787	0.02030	0.00884	0.00940	0.01128	0.00936	0.01347	0.01005	0.01607	0.00888	0.01311	0.01417	0.43013	0.00601	0.00490	0.00268	0.00446
8	0.01564	0.01865	0.02897	0.02156	0.02657	0.22182	0.54336	0.01955	0.01424	0.01714	0.01083	0.01404	0.00832	0.00511	0.00632	0.00180	0.00983	0.00592	0.00291	0.00742
9	0.00816	0.00576	0.00726	0.00694	0.00792	0.00544	0.00487	0.01012	0.01405	0.01971	0.55818	0.04128	0.04494	0.22605	0.01284	0.00282	0.00347	0.00979	0.00553	0.00487
10	0.00861	0.00615	0.00851	0.00983	0.01088	0.00606	0.00815	0.01079	0.01256	0.01643	0.03062	0.26348	0.03426	0.01638	0.00774	0.00255	0.00474	0.53188	0.00528	0.00510

[dist]
# distance from previous block
# <min> <max>
0	1

[block]
# block no. 11 follows, 41 sequences, length 71
# corresponding to MSA columns:
# 506-576
name=unknown_L
#
# <colnr> <probs for GDERKNQSTAVLIFYWHMCP>
#	G	D	E	R	K	N	Q	S	T	A	V	L	I	F	Y	W	H	M	C	P
0	0.00696	0.00501	0.00660	0.00788	0.00827	0.00465	0.00527	0.00797	0.01103	0.01463	0.03257	0.76612	0.06629	0.01778	0.00728	0.00231	0.00330	0.01610	0.00531	0.00465
1	0.00794	0.00551	0.00692	0.00726	0.00754	0.00563	0.00466	0.00860	0.00916	0.01242	0.02095	0.22829	0.02388	0.45097	0.17007	0.00544	0.00689	0.00992	0.00386	0.00409
2	0.01082	0.00990	0.01646	0.36139	0.23600	0.01093	0.02601	0.01381	0.01180	0.01583	0.01582	0.21441	0.01577	0.00865	0.00612	0.00195	0.00632	0.00797	0.00334	0.00671
3	0.01546	0.01663	0.02086	0.14424	0.43655	0.20846	0.04071	0.01848	0.01361	0.01685	0.01021	0.01339	0.00839	0.00539	0.00558	0.00168	0.00792	0.00479	0.00282	0.00798
4	0.02092	0.01852	0.01737	0.04059	0.01880	0.21680	0.03913	0.46891	0.03607	0.04812	0.01265	0.01324	0.00925	0.00651	0.00562	0.00167	0.00746	0.00486	0.00481	0.00871
5	0.01186	0.01017	0.01186	0.00847	0.01356	0.00762	0.00678	0.01440	0.01186	0.01864	0.01017	0.01186	0.00847	0.00424	0.00424	0.00085	0.00424	0.00339	0.00339	0.83395
6	0.01367	0.01496	0.03106	0.02692	0.21744	0.01424	0.55713	0.01813	0.01338	0.01842	0.01136	0.01510	0.00878	0.00489	0.00647	0.00187	0.00891	0.00633	0.00288	0.00806
7	0.01147	0.02959	0.76934	0.01630	0.02476	0.01328	0.02113	0.01811	0.01208	0.01811	0.01026	0.01208	0.00725	0.00543	0.00543	0.00181	0.00845	0.00423	0.00242	0.00845
8	0.00830	0.00636	0.00806	0.00818	0.00976	0.00547	0.00582	0.00975	0.01126	0.01572	0.02602	0.56965	0.03015	0.01435	0.00654	0.00196	0.00362	0.03747	0.00482	0.21674
9	0.00695	0.00521	0.00645	0.00739	0.00816	0.00471	0.00507	0.00811	0.01164	0.01506	0.05975	0.58380	0.22323	0.01686	0.00715	0.00221	0.00319	0.01502	0.00534	0.00471
10	0.00972	0.00524	0.00567	0.00600	0.00708	0.00516	0.00433	0.01196	0.01173	0.01961	0.02195	0.21924	0.02059	0.00954	0.00484	0.00159	0.00283	0.00813	0.61965	0.00516
11	0.63020	0.01520	0.01040	0.00937	0.01275	0.20800	0.00744	0.01835	0.01139	0.02268	0.00819	0.00955	0.00649	0.00546	0.00395	0.00169	0.00593	0.00325	0.00339	0.00631
12	0.02255	0.01119	0.01851	0.01374	0.01851	0.00996	0.19614	0.02543	0.01564	0.57574	0.01975	0.01844	0.01276	0.00650	0.00601	0.00181	0.00609	0.00601	0.00601	0.00922
13	0.01968	0.01534	0.01864	0.01875	0.20835	0.01662	0.01255	0.54676	0.03518	0.03141	0.01313	0.01397	0.00968	0.00643	0.00571	0.00172	0.00639	0.00516	0.00498	0.00955
14	0.00731	0.00512	0.00654	0.00752	0.00777	0.00488	0.00484	0.00805	0.01028	0.01370	0.02807	0.60146	0.03347	0.21766	0.01288	0.00315	0.00389	0.01423	0.00484	0.00434
15	0.00797	0.01185	0.20108	0.00856	0.01210	0.00698	0.00867	0.01073	0.01272	0.01610	0.04483	0.06997	0.54292	0.01229	0.00644	0.00191	0.00433	0.01021	0.00457	0.00575
16	0.01980	0.01540	0.01871	0.01877	0.20840	0.01668	0.01258	0.55840	0.02335	0.03161	0.01297	0.01384	0.00956	0.00641	0.00571	0.00171	0.00642	0.00514	0.00498	0.00956
17	0.22639	0.55515	0.02366	0.00949	0.01393	0.06377	0.00894	0.01738	0.01141	0.01661	0.00801	0.00927	0.00705	0.00506	0.00372	0.00138	0.00593	0.00310	0.00276	0.00701
18	0.01262	0.01428	0.09066	0.41783	0.03423	0.01377	0.27510	0.03735	0.01297	0.01731	0.01125	0.01562	0.00848	0.00572	0.00626	0.00199	0.00852	0.00575	0.00291	0.00737
19	0.01344	0.00816	0.01029	0.00925	0.01047	0.00853	0.00670	0.19624	0.01275	0.01710	0.01139	0.01707	0.01032	0.01675	0.01818	0.61462	0.00547	0.00517	0.00348	0.00461
20	0.01281	0.00719	0.00905	0.00800	0.01030	0.00634	0.00616	0.01497	0.01583	0.21208	0.41749	0.03982	0.19381	0.01138	0.00669	0.00191	0.00347	0.00965	0.00643	0.00664
21	0.01230	0.00660	0.00873	0.00883	0.01030	0.00594	0.00632	0.01354	0.01283	0.20783	0.05631	0.56394	0.03260	0.01514	0.00707	0.00225	0.00387	0.01342	0.00595	0.00623
22	0.01338	0.01109	0.01204	0.01086	0.01368	0.01232	0.00837	0.05057	0.53380	0.02448	0.21179	0.02713	0.02691	0.00904	0.00625	0.00198	0.00429	0.00755	0.00608	0.00837
23	0.02311	0.01072	0.01350	0.01087	0.01500	0.01017	0.00877	0.02874	0.20500	0.57191	0.02313	0.02055	0.01541	0.00756	0.00597	0.00190	0.00494	0.00608	0.00689	0.00978
24	0.02220	0.00894	0.01156	0.00925	0.01290	0.00789	0.00747	0.02438	0.01551	0.57124	0.02195	0.02055	0.01470	0.00728	0.00550	0.00175	0.00447	0.00579	0.21784	0.00883
25	0.01254	0.01223	0.01771	0.21226	0.02158	0.01649	0.01354	0.01431	0.00976	0.01444	0.00869	0.01387	0.00800	0.00920	0.01553	0.00243	0.58303	0.00518	0.00268	0.00653
26	0.01206	0.00748	0.00765	0.00730	0.00915	0.00790	0.00552	0.01803	0.20177	0.02239	0.02025	0.02192	0.01578	0.00725	0.00468	0.00158	0.00332	0.00577	0.61366	0.00654
27	0.00740	0.00580	0.00659	0.00714	0.00838	0.00507	0.00503	0.00855	0.01249	0.01573	0.06630	0.38148	0.41676	0.01617	0.00719	0.00219	0.00325	0.01397	0.00549	0.00502
28	0.00931	0.00809	0.01389	0.01223	0.01396	0.00756	0.19384	0.01103	0.01160	0.01560	0.02518	0.50293	0.02864	0.10509	0.00987	0.00268	0.00537	0.01298	0.00463	0.00555
29	0.00871	0.00634	0.00878	0.00876	0.00956	0.00702	0.00641	0.01009	0.00928	0.01318	0.01645	0.02688	0.01637	0.23628	0.57958	0.00829	0.01290	0.00683	0.00333	0.00494
30	0.01203	0.00926	0.01051	0.00800	0.01213	0.00732	0.00627	0.01445	0.01219	0.01975	0.01282	0.01494	0.01051	0.00518	0.00439	0.00107	0.00400	0.00405	0.21512	0.61601
31	0.01292	0.01137	0.01509	0.01561	0.20562	0.00943	0.00974	0.01553	0.01245	0.01907	0.01080	0.01311	0.00907	0.00478	0.00481	0.00116	0.00506	0.00399	0.00341	0.61696
32	0.00997	0.00563	0.00825	0.00823	0.00854	0.00583	0.00575	0.00854	0.00823	0.01128	0.01179	0.01931	0.01149	0.02597	0.21524	0.61653	0.00778	0.00542	0.00280	0.00343
33	0.01621	0.47693	0.02902	0.01452	0.01936	0.13593	0.19754	0.01861	0.01310	0.01525	0.00951	0.01163	0.00815	0.00535	0.00490	0.00153	0.00781	0.00426	0.00281	0.00757
34	0.01375	0.01302	0.02190	0.22706	0.57282	0.01360	0.01725	0.01710	0.01291	0.01807	0.01108	0.01508	0.00914	0.00558	0.00588	0.00184	0.00716	0.00524	0.00292	0.00859
35	0.01994	0.02363	0.01566	0.01422	0.01727	0.57565	0.01072	0.02503	0.20488	0.01700	0.01302	0.01381	0.01041	0.00669	0.00553	0.00168	0.00896	0.00456	0.00385	0.00749
36	0.01220	0.00864	0.00975	0.00875	0.01009	0.00912	0.00607	0.19709	0.01357	0.01831	0.01741	0.05167	0.01805	0.48058	0.10939	0.00496	0.00697	0.00761	0.00421	0.00556
37	0.01717	0.01384	0.01465	0.01245	0.01615	0.01562	0.00985	0.26680	0.50738	0.02832	0.02050	0.01941	0.01529	0.00777	0.00599	0.00195	0.00528	0.00617	0.00593	0.00950
38	0.01175	0.01486	0.24861	0.01141	0.01546	0.00953	0.01129	0.04283	0.08237	0.07150	0.12186	0.22070	0.06067	0.01057	0.00638	0.00200	0.00537	0.00899	0.00479	0.03905
39	0.04942	0.11410	0.01892	0.21185	0.04272	0.34207	0.03754	0.07298	0.01506	0.02766	0.01023	0.01273	0.00821	0.00605	0.00538	0.00170	0.00853	0.00439	0.00323	0.00725
40	0.01479	0.56387	0.02567	0.01032	0.01531	0.01865	0.03738	0.01678	0.01205	0.01543	0.00915	0.01078	0.00814	0.00505	0.00415	0.00125	0.00592	0.00345	0.00287	0.21898
41	0.01220	0.00680	0.00845	0.00822	0.01012	0.00596	0.00604	0.01350	0.01325	0.20778	0.03732	0.37375	0.24481	0.01436	0.00693	0.00215	0.00376	0.01241	0.00591	0.00626
42	0.00848	0.00672	0.00970	0.20699	0.01662	0.00703	0.00821	0.01012	0.01156	0.01530	0.04600	0.55295	0.04829	0.01478	0.00706	0.00228	0.00457	0.01321	0.00477	0.00537
43	0.00956	0.00731	0.00908	0.00786	0.01020	0.00626	0.00597	0.01207	0.01535	0.02223	0.56324	0.03526	0.04244	0.01006	0.00630	0.00164	0.00327	0.00868	0.00569	0.21753
44	0.01155	0.01050	0.01608	0.58102	0.03293	0.01165	0.01369	0.01488	0.01184	0.01610	0.01064	0.01502	0.00830	0.00566	0.00554	0.00172	0.00690	0.00480	0.00293	0.21824
45	0.00840	0.00712	0.00930	0.20594	0.01635	0.00713	0.00775	0.01027	0.01263	0.01580	0.06668	0.18771	0.39728	0.01305	0.00679	0.00208	0.00436	0.01113	0.00479	0.00546
46	0.62195	0.01116	0.00964	0.00810	0.01206	0.01174	0.00656	0.01651	0.01059	0.02424	0.00902	0.01063	0.00725	0.00535	0.00394	0.00162	0.00454	0.00334	0.00366	0.21812
47	0.01655	0.01452	0.02191	0.02962	0.56728	0.01489	0.01597	0.20369	0.01686	0.02355	0.01199	0.01469	0.00968	0.00587	0.00588	0.00179	0.00681	0.00526	0.00374	0.00946
48	0.22433	0.01230	0.01527	0.01324	0.01422	0.01628	0.01093	0.01479	0.00934	0.01726	0.00831	0.01258	0.00779	0.00988	0.03310	0.00256	0.56371	0.00470	0.00295	0.00646
49	0.01691	0.01398	0.01414	0.01175	0.01474	0.13285	0.03416	0.28471	0.01937	0.06289	0.20499	0.02385	0.02233	0.07975	0.02123	0.00228	0.02049	0.00678	0.00524	0.00758
50	0.01128	0.01050	0.01744	0.77966	0.03954	0.01295	0.01602	0.01494	0.01174	0.01507	0.01064	0.01589	0.00808	0.00603	0.00592	0.00199	0.00777	0.00523	0.00271	0.00660
51	0.22863	0.01190	0.01265	0.01131	0.03633	0.01290	0.00869	0.05635	0.33664	0.19509	0.01881	0.01789	0.01363	0.00716	0.00541	0.00193	0.00488	0.00549	0.00558	0.00873
52	0.01297	0.01152	0.01881	0.54089	0.18062	0.01320	0.03407	0.03758	0.03204	0.04446	0.01170	0.01594	0.00895	0.00603	0.00594	0.00194	0.00743	0.00534	0.00312	0.00746
53	0.00818	0.00608	0.00893	0.00893	0.00986	0.00701	0.00682	0.01004	0.00911	0.01308	0.01556	0.02382	0.01489	0.11113	0.70889	0.00886	0.01444	0.00633	0.00310	0.00496
54	0.01147	0.02959	0.76934	0.01630	0.02476	0.01328	0.02113	0.01811	0.01208	0.01811	0.01026	0.01208	0.00725	0.00543	0.00543	0.00181	0.00845	0.00423	0.00242	0.00845
55	0.01073	0.01011	0.01717	0.70440	0.03708	0.01232	0.04324	0.01447	0.01163	0.01487	0.01237	0.01825	0.03079	0.00631	0.00587	0.00193	0.00748	0.03193	0.00274	0.00632
56	0.18194	0.04522	0.01454	0.01345	0.07900	0.21650	0.00973	0.06555	0.20319	0.04708	0.01348	0.01411	0.01046	0.00715	0.02510	0.00187	0.00669	0.00459	0.00410	0.03626
57	0.00947	0.00731	0.00950	0.00967	0.03235	0.00697	0.03534	0.01276	0.07197	0.04510	0.08868	0.05050	0.31836	0.02441	0.00732	0.00220	0.00430	0.25276	0.00528	0.00574
58	0.01147	0.02959	0.76934	0.01630	0.02476	0.01328	0.02113	0.01811	0.01208	0.01811	0.01026	0.01208	0.00725	0.00543	0.00543	0.00181	0.00845	0.00423	0.00242	0.00845
59	0.01383	0.01325	0.02262	0.10860	0.69238	0.01350	0.01739	0.01727	0.01287	0.01829	0.01070	0.01426	0.00892	0.00516	0.00567	0.00172	0.00688	0.00510	0.00280	0.00880
60	0.00676	0.00579	0.00579	0.00579	0.00773	0.00483	0.00435	0.00821	0.01304	0.01545	0.05794	0.05505	0.76098	0.01449	0.00676	0.00193	0.00290	0.01207	0.00531	0.00483
61	0.01886	0.01330	0.01473	0.01164	0.01548	0.01436	0.00948	0.51337	0.05072	0.08372	0.17212	0.02053	0.01965	0.00793	0.00594	0.00175	0.00537	0.00634	0.00594	0.00879
62	0.22434	0.00889	0.01092	0.01070	0.03847	0.00902	0.03378	0.01619	0.03034	0.13316	0.04024	0.09222	0.02118	0.01046	0.00608	0.00209	0.00492	0.26377	0.00490	0.03831
63	0.00698	0.00513	0.00655	0.00760	0.00822	0.00470	0.00517	0.00811	0.01146	0.01504	0.06248	0.65426	0.14902	0.01716	0.00720	0.00224	0.00323	0.01540	0.00535	0.00470
64	0.01276	0.21339	0.56541	0.01463	0.02210	0.01568	0.01805	0.04454	0.01251	0.01766	0.00984	0.01145	0.00736	0.00536	0.00502	0.00167	0.00782	0.00398	0.00254	0.00823
65	0.01174	0.01366	0.13277	0.06397	0.41995	0.01121	0.01488	0.01504	0.01227	0.01734	0.01596	0.21364	0.01607	0.00846	0.00605	0.00189	0.00620	0.00782	0.00339	0.00770
66	0.00689	0.00580	0.00597	0.00593	0.00780	0.00488	0.00445	0.00845	0.01334	0.01616	0.12450	0.05388	0.69398	0.01422	0.00676	0.00192	0.00288	0.01191	0.00540	0.00488
67	0.00757	0.00623	0.00757	0.00745	0.00893	0.00627	0.00572	0.00919	0.01137	0.01451	0.03958	0.04106	0.44468	0.03869	0.28321	0.00462	0.04449	0.00954	0.00434	0.00497
68	0.00703	0.00580	0.00617	0.00608	0.00789	0.00494	0.00456	0.00873	0.01367	0.01696	0.19912	0.05257	0.61887	0.01392	0.00676	0.00190	0.00286	0.01172	0.00551	0.00494
69	0.01251	0.01251	0.01752	0.01502	0.01502	0.01752	0.01251	0.01377	0.00876	0.01377	0.00751	0.01251	0.00751	0.01001	0.01877	0.00250	0.78851	0.00501	0.00250	0.00626
70	0.01186	0.01017	0.01186	0.00847	0.01356	0.00762	0.00678	0.01440	0.01186	0.01864	0.01017	0.01186	0.00847	0.00424	0.00424	0.00085	0.00424	0.00339	0.00339	0.83395

[dist]
# distance from previous block
# <min> <max>
0	39

[block]
# block no. 12 follows, 41 sequences, length 24
# corresponding to MSA columns:
# 616-639
name=unknown_M
#
# <colnr> <probs for GDERKNQSTAVLIFYWHMCP>
#	G	D	E	R	K	N	Q	S	T	A	V	L	I	F	Y	W	H	M	C	P
0	0.01564	0.01287	0.01712	0.26250	0.15943	0.03518	0.01306	0.21113	0.10394	0.05873	0.01365	0.01631	0.01044	0.03723	0.00662	0.00195	0.00661	0.00539	0.00410	0.00812
1	0.00697	0.00498	0.00664	0.00796	0.00830	0.00465	0.00531	0.00796	0.01095	0.01460	0.03153	0.79525	0.03783	0.01792	0.00730	0.00232	0.00332	0.01626	0.00531	0.00465
2	0.00784	0.00540	0.00720	0.00824	0.00876	0.00518	0.00591	0.00879	0.01091	0.01440	0.02872	0.47465	0.05200	0.09562	0.01092	0.07592	0.00409	0.16611	0.00487	0.00448
3	0.01257	0.01173	0.02084	0.14510	0.02323	0.01222	0.29680	0.06633	0.04901	0.03730	0.01494	0.09471	0.01360	0.11645	0.01030	0.00248	0.05469	0.00736	0.00358	0.00677
4	0.02141	0.01272	0.08368	0.01178	0.01640	0.01076	0.04565	0.13922	0.05786	0.45812	0.06643	0.01927	0.01527	0.00712	0.00583	0.00178	0.00550	0.00590	0.00611	0.00920
5	0.83938	0.01106	0.00841	0.00752	0.01106	0.01283	0.00619	0.01681	0.00973	0.02566	0.00796	0.00929	0.00619	0.00531	0.00354	0.00177	0.00442	0.00310	0.00354	0.00619
6	0.00874	0.00676	0.00943	0.00912	0.00974	0.00800	0.00682	0.01014	0.00891	0.01275	0.01508	0.02524	0.01520	0.24093	0.48344	0.00739	0.10781	0.00658	0.00310	0.00481
7	0.01333	0.01260	0.02131	0.03199	0.67659	0.01256	0.01615	0.01645	0.01279	0.01822	0.01314	0.10386	0.01236	0.00657	0.00585	0.00177	0.00640	0.00638	0.00312	0.00855
8	0.83938	0.01106	0.00841	0.00752	0.01106	0.01283	0.00619	0.01681	0.00973	0.02566	0.00796	0.00929	0.00619	0.00531	0.00354	0.00177	0.00442	0.00310	0.00354	0.00619
9	0.01080	0.01017	0.01716	0.78523	0.03940	0.01271	0.01589	0.01461	0.01144	0.01461	0.01017	0.01525	0.00762	0.00572	0.00572	0.00191	0.00762	0.00508	0.00254	0.00635
10	0.00810	0.00585	0.00765	0.00720	0.00855	0.00540	0.00540	0.01079	0.01619	0.02294	0.76028	0.04273	0.05397	0.01169	0.00675	0.00180	0.00270	0.01034	0.00630	0.00540
11	0.01423	0.01229	0.01293	0.01164	0.01487	0.01423	0.00905	0.03039	0.75297	0.02393	0.02328	0.02134	0.01746	0.00776	0.00582	0.00194	0.00453	0.00647	0.00582	0.00905
12	0.83938	0.01106	0.00841	0.00752	0.01106	0.01283	0.00619	0.01681	0.00973	0.02566	0.00796	0.00929	0.00619	0.00531	0.00354	0.00177	0.00442	0.00310	0.00354	0.00619
13	0.00994	0.00497	0.00745	0.00745	0.00745	0.00497	0.00497	0.00745	0.00745	0.00994	0.00994	0.01739	0.00994	0.01987	0.02235	0.83358	0.00497	0.00497	0.00248	0.00248
14	0.83938	0.01106	0.00841	0.00752	0.01106	0.01283	0.00619	0.01681	0.00973	0.02566	0.00796	0.00929	0.00619	0.00531	0.00354	0.00177	0.00442	0.00310	0.00354	0.00619
15	0.02010	0.02530	0.01537	0.01414	0.01686	0.70808	0.01055	0.02153	0.01575	0.01405	0.01084	0.07945	0.01005	0.00695	0.00535	0.00155	0.00970	0.00479	0.00316	0.00646
16	0.00720	0.00530	0.00728	0.05550	0.01020	0.00514	0.00596	0.00837	0.01098	0.01460	0.03022	0.74754	0.03598	0.01717	0.00720	0.00230	0.00358	0.01558	0.00514	0.00475
17	0.01291	0.01235	0.02133	0.24136	0.48182	0.01301	0.05765	0.01639	0.01248	0.01729	0.01130	0.01637	0.00953	0.02773	0.00645	0.00190	0.00712	0.02220	0.00283	0.00799
18	0.01253	0.06711	0.66692	0.01585	0.02364	0.08092	0.01969	0.01848	0.01242	0.01752	0.01003	0.01178	0.00726	0.00545	0.00532	0.00175	0.00850	0.00412	0.00246	0.00824
19	0.01402	0.01178	0.01296	0.01215	0.03565	0.01338	0.00931	0.07531	0.58402	0.02386	0.04684	0.02573	0.01947	0.00857	0.00605	0.00198	0.00473	0.07991	0.00569	0.00859
20	0.00994	0.00497	0.00745	0.00745	0.00745	0.00497	0.00497	0.00745	0.00745	0.00994	0.00994	0.01739	0.00994	0.01987	0.02235	0.83358	0.00497	0.00497	0.00248	0.00248
