[name]
unknown

[dist]
# distance from previous block
# <min> <max>
0	205

[block]
# block no. 0 follows, 39 sequences, length 26
# corresponding to MSA columns:
# 206-231
name=unknown_A
#
# <colnr> <probs for GDERKNQSTAVLIFYWHMCP>
#	G	D	E	R	K	N	Q	S	T	A	V	L	I	F	Y	W	H	M	C	P
0	0.00717	0.00593	0.00628	0.00633	0.00813	0.00505	0.00469	0.00878	0.01370	0.01682	0.13904	0.10933	0.61855	0.01490	0.00703	0.00201	0.00300	0.01259	0.00561	0.00505
1	0.01241	0.01099	0.01425	0.01018	0.01550	0.00850	0.07081	0.01525	0.01241	0.01924	0.01064	0.01259	0.00878	0.00443	0.00461	0.00097	0.00487	0.00381	0.00346	0.75630
2	0.01074	0.00848	0.01009	0.01102	0.04759	0.04755	0.00821	0.01436	0.08518	0.04618	0.13740	0.19372	0.09206	0.01380	0.00722	0.00226	0.00472	0.24781	0.00549	0.00612
3	0.07553	0.02911	0.70322	0.01615	0.02450	0.01370	0.02065	0.01862	0.01230	0.01933	0.01043	0.01226	0.00741	0.00561	0.00547	0.00187	0.00842	0.00428	0.00259	0.00856
4	0.01186	0.03059	0.76153	0.01686	0.02560	0.01373	0.02185	0.01873	0.01249	0.01873	0.01061	0.01249	0.00749	0.00562	0.00562	0.00187	0.00874	0.00437	0.00250	0.00874
5	0.01441	0.01382	0.02360	0.08446	0.70888	0.01399	0.01804	0.01795	0.01336	0.01905	0.01108	0.01471	0.00927	0.00531	0.00586	0.00177	0.00708	0.00527	0.00291	0.00919
6	0.01117	0.01051	0.01774	0.77795	0.04073	0.01314	0.01642	0.01511	0.01182	0.01511	0.01051	0.01577	0.00788	0.00591	0.00591	0.00197	0.00788	0.00526	0.00263	0.00657
7	0.44020	0.01445	0.01304	0.01068	0.01478	0.04946	0.00876	0.33382	0.01818	0.03072	0.01090	0.01168	0.00807	0.00623	0.00473	0.00179	0.00570	0.00416	0.00463	0.00803
8	0.01027	0.00514	0.00770	0.00770	0.00770	0.00514	0.00514	0.00770	0.00770	0.01027	0.01027	0.01798	0.01027	0.02054	0.02311	0.82794	0.00514	0.00514	0.00257	0.00257
9	0.00847	0.00626	0.00910	0.00910	0.01002	0.00717	0.00689	0.01030	0.00938	0.01343	0.01621	0.02528	0.01567	0.14329	0.67100	0.00901	0.01450	0.00664	0.00322	0.00506
10	0.00860	0.00573	0.00645	0.00645	0.00645	0.00573	0.00358	0.00860	0.00860	0.01147	0.01863	0.03870	0.02150	0.79217	0.03010	0.00573	0.00573	0.00860	0.00358	0.00358
11	0.01469	0.01303	0.01596	0.01794	0.19547	0.01455	0.01150	0.02819	0.56664	0.02342	0.02092	0.02026	0.01594	0.00735	0.00598	0.00195	0.00525	0.00634	0.00527	0.00936
12	0.00953	0.00681	0.00953	0.01089	0.01225	0.00681	0.00953	0.01225	0.01361	0.01770	0.03131	0.06671	0.03403	0.01634	0.00817	0.00272	0.00545	0.71547	0.00545	0.00545
13	0.02468	0.01153	0.04192	0.01111	0.01575	0.01010	0.00943	0.08076	0.07942	0.61603	0.02225	0.01957	0.01432	0.00730	0.00594	0.00184	0.00525	0.00591	0.00693	0.00995
14	0.01562	0.01255	0.01380	0.01282	0.04299	0.01422	0.00964	0.03073	0.66093	0.08143	0.02353	0.02164	0.01746	0.00787	0.00601	0.00198	0.00480	0.00658	0.00600	0.00942
15	0.00732	0.00547	0.00685	0.00788	0.00870	0.00500	0.00554	0.00859	0.01202	0.01550	0.03915	0.55709	0.21247	0.01750	0.00746	0.00233	0.00347	0.06726	0.00549	0.00490
16	0.00892	0.00647	0.00865	0.00851	0.00911	0.00731	0.00612	0.01022	0.00935	0.01344	0.01690	0.04408	0.01733	0.31510	0.38717	0.00704	0.06080	0.00726	0.05149	0.00474
17	0.00726	0.00597	0.00642	0.00658	0.00835	0.00513	0.00496	0.00889	0.01356	0.01660	0.10951	0.11904	0.59573	0.01514	0.00711	0.00206	0.00316	0.05390	0.00557	0.00505
18	0.01117	0.01051	0.01774	0.77795	0.04073	0.01314	0.01642	0.01511	0.01182	0.01511	0.01051	0.01577	0.00788	0.00591	0.00591	0.00197	0.00788	0.00526	0.00263	0.00657
19	0.00872	0.00661	0.00930	0.00960	0.01060	0.00639	0.04858	0.06201	0.01268	0.01694	0.03004	0.68648	0.03522	0.01690	0.00740	0.00233	0.00404	0.01540	0.00537	0.00537
20	0.01527	0.73802	0.02930	0.00992	0.01471	0.02210	0.00979	0.01723	0.01236	0.01463	0.06259	0.01202	0.01111	0.00557	0.00403	0.00131	0.00607	0.00371	0.00282	0.00744
21	0.59369	0.08093	0.01320	0.00981	0.01359	0.03904	0.06341	0.03286	0.01110	0.02373	0.00924	0.01122	0.00744	0.00831	0.05994	0.00234	0.00621	0.00379	0.00350	0.00664
22	0.00747	0.00595	0.00625	0.00644	0.00823	0.00513	0.00487	0.00910	0.01325	0.01647	0.05307	0.10891	0.59967	0.01474	0.00690	0.00203	0.00317	0.05794	0.06538	0.00505
23	0.00930	0.00693	0.00838	0.05745	0.01068	0.00677	0.00574	0.04789	0.01211	0.01624	0.11083	0.16253	0.11832	0.32318	0.01597	0.00344	0.00474	0.00995	0.00454	0.06500
24	0.00905	0.00721	0.01079	0.10638	0.10358	0.00734	0.00916	0.01107	0.01210	0.01612	0.02704	0.45780	0.03069	0.01495	0.00727	0.00233	0.00481	0.15181	0.00482	0.00570
25	0.01449	0.05907	0.36322	0.01461	0.02027	0.17771	0.01538	0.02150	0.15858	0.01851	0.01446	0.07055	0.01193	0.00712	0.00569	0.00183	0.00786	0.00556	0.00354	0.00811

[dist]
# distance from previous block
# <min> <max>
0	1

[block]
# block no. 1 follows, 39 sequences, length 8
# corresponding to MSA columns:
# 233-240
name=unknown_B
#
# <colnr> <probs for GDERKNQSTAVLIFYWHMCP>
#	G	D	E	R	K	N	Q	S	T	A	V	L	I	F	Y	W	H	M	C	P
0	0.36488	0.06334	0.06562	0.01134	0.01558	0.16158	0.00978	0.16979	0.01567	0.05791	0.01050	0.01144	0.00792	0.00601	0.00470	0.00173	0.00657	0.00397	0.00403	0.00765
1	0.04290	0.28360	0.02171	0.03439	0.01754	0.07252	0.01078	0.35928	0.05997	0.02603	0.01206	0.01268	0.00931	0.00630	0.00509	0.00160	0.00662	0.00449	0.00440	0.00874
2	0.01356	0.05965	0.27674	0.01338	0.03419	0.08221	0.02920	0.12158	0.01473	0.01928	0.01954	0.04721	0.12876	0.00952	0.00791	0.09843	0.00693	0.00629	0.00367	0.00724
3	0.01217	0.15085	0.57466	0.01490	0.02237	0.01453	0.01846	0.01786	0.01280	0.01842	0.07899	0.01494	0.01199	0.00613	0.00545	0.00177	0.00780	0.00476	0.00287	0.00826
4	0.01320	0.08451	0.02261	0.01606	0.01989	0.01279	0.32012	0.01791	0.09786	0.05574	0.01526	0.02100	0.01306	0.13734	0.12260	0.00363	0.00894	0.00670	0.00365	0.00711
5	0.01541	0.01367	0.01980	0.05041	0.41772	0.01404	0.01436	0.12563	0.13248	0.02269	0.01356	0.01552	0.01074	0.00590	0.00572	0.00170	0.00629	0.00530	0.00392	0.10514
6	0.01117	0.01051	0.01774	0.77795	0.04073	0.01314	0.01642	0.01511	0.01182	0.01511	0.01051	0.01577	0.00788	0.00591	0.00591	0.00197	0.00788	0.00526	0.00263	0.00657
7	0.00766	0.00548	0.00734	0.00842	0.00905	0.00516	0.00598	0.00917	0.01246	0.01678	0.14768	0.58475	0.04119	0.01724	0.00753	0.00235	0.00356	0.09753	0.00565	0.00500

[dist]
# distance from previous block
# <min> <max>
0	3

[block]
# block no. 2 follows, 39 sequences, length 13
# corresponding to MSA columns:
# 244-256
name=unknown_C
#
# <colnr> <probs for GDERKNQSTAVLIFYWHMCP>
#	G	D	E	R	K	N	Q	S	T	A	V	L	I	F	Y	W	H	M	C	P
0	0.01441	0.01203	0.01293	0.00999	0.01429	0.04893	0.00786	0.17652	0.01591	0.02257	0.03994	0.06622	0.01333	0.04544	0.00635	0.00149	0.00513	0.00532	0.00427	0.47709
1	0.01878	0.01129	0.01436	0.01173	0.01468	0.01229	0.00952	0.16621	0.03032	0.27832	0.01664	0.01883	0.01264	0.06413	0.10534	0.00315	0.16291	0.00581	0.00515	0.03789
2	0.00826	0.00582	0.00757	0.00785	0.00828	0.00611	0.00527	0.00919	0.00946	0.01298	0.02053	0.18657	0.02281	0.37950	0.27698	0.00634	0.00870	0.00951	0.00383	0.00441
3	0.02220	0.02496	0.01703	0.01478	0.01830	0.56016	0.01137	0.22129	0.01983	0.02080	0.01055	0.01165	0.00829	0.00637	0.00549	0.00159	0.00951	0.00423	0.00384	0.00774
4	0.01250	0.01164	0.01862	0.38459	0.26286	0.01236	0.01505	0.01603	0.01244	0.01730	0.01071	0.01469	0.00853	0.00539	0.00558	0.00168	0.00689	0.00490	0.00290	0.17534
5	0.22116	0.01194	0.01196	0.01029	0.01410	0.01295	0.00813	0.02450	0.40943	0.02407	0.01730	0.01691	0.01321	0.00664	0.00509	0.00173	0.00459	0.00516	0.00491	0.17592
6	0.00797	0.00528	0.00652	0.00751	0.00819	0.00496	0.00514	0.00939	0.01170	0.01658	0.03188	0.57811	0.08658	0.01589	0.00681	0.00216	0.00326	0.01419	0.17291	0.00496
7	0.01582	0.01121	0.06916	0.08859	0.12377	0.00988	0.04523	0.01969	0.04604	0.21760	0.05997	0.02307	0.01630	0.00746	0.00579	0.00182	0.00552	0.05268	0.17249	0.00791
8	0.00757	0.00530	0.00675	0.00777	0.00802	0.00505	0.00499	0.00833	0.01061	0.01415	0.02895	0.59255	0.03451	0.22056	0.01344	0.00327	0.00403	0.01467	0.00499	0.00448
9	0.00727	0.00520	0.00692	0.00819	0.00859	0.00485	0.00549	0.00840	0.01163	0.01559	0.07346	0.74605	0.04006	0.01816	0.00752	0.00237	0.00339	0.01646	0.00555	0.00485
10	0.04427	0.01264	0.02114	0.32287	0.29211	0.01383	0.09658	0.01832	0.08478	0.01843	0.01214	0.01577	0.00948	0.00577	0.00594	0.00189	0.00737	0.00552	0.00315	0.00800
11	0.01339	0.07253	0.32092	0.01809	0.02457	0.01497	0.25330	0.02133	0.16251	0.01971	0.01365	0.01539	0.01014	0.00586	0.00603	0.00190	0.00816	0.00562	0.00338	0.00854
12	0.01085	0.00729	0.00911	0.00862	0.01041	0.00716	0.00645	0.01543	0.13060	0.09177	0.42116	0.19043	0.04253	0.01231	0.00684	0.00199	0.00343	0.01086	0.00630	0.00644

[dist]
# distance from previous block
# <min> <max>
0	3

[block]
# block no. 3 follows, 39 sequences, length 33
# corresponding to MSA columns:
# 260-292
name=unknown_D
#
# <colnr> <probs for GDERKNQSTAVLIFYWHMCP>
#	G	D	E	R	K	N	Q	S	T	A	V	L	I	F	Y	W	H	M	C	P
0	0.01777	0.02017	0.24599	0.01673	0.09729	0.01589	0.01497	0.40535	0.02082	0.02872	0.01317	0.03370	0.00992	0.00669	0.00583	0.00180	0.00712	0.00528	0.00449	0.02832
1	0.01633	0.39449	0.07228	0.01576	0.12463	0.14444	0.01243	0.03483	0.05333	0.01622	0.00992	0.01164	0.00849	0.00585	0.00565	0.00156	0.05733	0.00402	0.00294	0.00788
2	0.01453	0.01160	0.01360	0.01154	0.05523	0.01070	0.00859	0.09481	0.16984	0.05959	0.01524	0.04239	0.01227	0.00614	0.00516	0.00136	0.00481	0.00506	0.00452	0.45301
3	0.03402	0.01278	0.02047	0.12745	0.02196	0.01550	0.16278	0.03656	0.01128	0.01669	0.00989	0.01447	0.00852	0.00934	0.04187	0.00250	0.38611	0.00549	0.01831	0.04402
4	0.01137	0.01068	0.01517	0.01332	0.01402	0.01374	0.02911	0.01293	0.00979	0.01472	0.01300	0.13040	0.01362	0.01630	0.13183	0.00350	0.47818	0.00703	0.00318	0.05809
5	0.01291	0.01290	0.02365	0.35057	0.24928	0.01370	0.19283	0.01695	0.01285	0.01742	0.01105	0.01537	0.00862	0.00545	0.00611	0.00188	0.00804	0.00563	0.00283	0.03196
6	0.02664	0.01016	0.01382	0.01062	0.01520	0.00877	0.00875	0.02889	0.01700	0.75780	0.02345	0.02031	0.01476	0.00741	0.00601	0.00186	0.00508	0.00599	0.00736	0.01013
7	0.00740	0.00529	0.00701	0.00831	0.00870	0.00492	0.00556	0.00846	0.01161	0.01555	0.05915	0.75935	0.03979	0.01836	0.00758	0.00241	0.00346	0.01661	0.00557	0.00491
8	0.02587	0.01067	0.01404	0.01087	0.01540	0.00962	0.00893	0.07092	0.05057	0.68174	0.02294	0.02005	0.01464	0.00743	0.00601	0.00186	0.00515	0.00599	0.00722	0.01010
9	0.01042	0.00525	0.00781	0.00781	0.00782	0.00523	0.00520	0.00782	0.00780	0.01042	0.01042	0.01816	0.01040	0.02061	0.02313	0.82607	0.00518	0.00518	0.00262	0.00265
10	0.01117	0.00562	0.00562	0.00562	0.00701	0.00560	0.00420	0.01388	0.01249	0.02217	0.01942	0.02222	0.01528	0.00698	0.00420	0.00141	0.00281	0.00556	0.82316	0.00559
11	0.00860	0.00644	0.00961	0.00960	0.01067	0.00748	0.00745	0.01067	0.00960	0.01387	0.01597	0.02341	0.01491	0.04436	0.76704	0.00951	0.01586	0.00638	0.00322	0.00536
12	0.00753	0.00556	0.00700	0.00780	0.00863	0.00506	0.00540	0.00890	0.01274	0.01690	0.16353	0.52784	0.16754	0.01684	0.00741	0.00226	0.00329	0.01500	0.00571	0.00505
13	0.83219	0.01153	0.00880	0.00788	0.01154	0.01334	0.00647	0.01748	0.01016	0.02664	0.00838	0.00981	0.00655	0.00559	0.00373	0.00186	0.00462	0.00325	0.00371	0.00648
14	0.00873	0.00655	0.00834	0.00918	0.01070	0.00618	0.00765	0.01096	0.01371	0.01748	0.07675	0.09498	0.25775	0.01587	0.00777	0.00246	0.00451	0.42951	0.00556	0.00536
15	0.00815	0.00583	0.00788	0.00924	0.00995	0.00558	0.00694	0.00972	0.01220	0.01612	0.03225	0.54020	0.03744	0.01785	0.00782	0.00254	0.00417	0.25551	0.00552	0.00510
16	0.00748	0.00534	0.00710	0.00847	0.00888	0.00500	0.00576	0.00855	0.01153	0.01536	0.03262	0.75059	0.03893	0.01848	0.00764	0.00244	0.00358	0.05181	0.00553	0.00491
17	0.01200	0.03064	0.75990	0.01694	0.02567	0.01381	0.02188	0.01882	0.01257	0.01886	0.01076	0.01268	0.00763	0.00571	0.00568	0.00190	0.00878	0.00442	0.00255	0.00881
18	0.01152	0.01082	0.01819	0.73230	0.08315	0.01327	0.01657	0.01539	0.01201	0.01550	0.01069	0.01589	0.00811	0.00597	0.00597	0.00198	0.00787	0.00530	0.00270	0.00681
19	0.01488	0.01461	0.02458	0.03356	0.62713	0.03170	0.09302	0.01905	0.04648	0.01954	0.01189	0.01521	0.00981	0.00548	0.00603	0.00181	0.00736	0.00552	0.00313	0.00923
20	0.01596	0.52630	0.16376	0.01294	0.04815	0.05809	0.01273	0.01879	0.01268	0.05253	0.00973	0.01112	0.00814	0.00554	0.00478	0.00149	0.02266	0.00374	0.00286	0.00801
21	0.01442	0.01733	0.19751	0.01337	0.01809	0.01467	0.01255	0.05314	0.53783	0.02382	0.02053	0.01961	0.01529	0.00749	0.00598	0.00199	0.00579	0.00611	0.00519	0.00930
22	0.00875	0.00584	0.00656	0.00655	0.00657	0.00582	0.00365	0.00871	0.00870	0.01161	0.01876	0.03884	0.02161	0.79045	0.03010	0.00575	0.00578	0.00864	0.00363	0.00366
23	0.02138	0.01587	0.01702	0.01310	0.01774	0.01727	0.01077	0.66464	0.02642	0.03548	0.01622	0.01623	0.04377	0.00741	0.00595	0.00177	0.00629	0.00560	0.00582	0.05126
24	0.01482	0.01261	0.01332	0.01180	0.01524	0.01425	0.00920	0.06832	0.63969	0.02491	0.02472	0.02300	0.05109	0.00823	0.00605	0.00197	0.00474	0.00679	0.00593	0.04334
25	0.01321	0.01116	0.01202	0.01092	0.01382	0.01250	0.00843	0.02636	0.56392	0.02418	0.16521	0.02837	0.06564	0.00927	0.00631	0.00200	0.00428	0.00781	0.00613	0.00847
26	0.01241	0.01061	0.01236	0.00886	0.01412	0.00797	0.00707	0.01499	0.01235	0.01940	0.01065	0.01246	0.00890	0.00448	0.00444	0.00090	0.00443	0.00355	0.00355	0.82650
27	0.00956	0.00683	0.00950	0.01085	0.01217	0.00679	0.00938	0.01215	0.01358	0.01770	0.03147	0.10291	0.03437	0.01652	0.00819	0.00273	0.00539	0.67890	0.00549	0.00549
28	0.59618	0.01273	0.01125	0.00944	0.01341	0.01438	0.00776	0.19452	0.01483	0.06247	0.01053	0.01142	0.00782	0.00606	0.00438	0.00184	0.00512	0.00390	0.00443	0.00754
29	0.00788	0.00613	0.00712	0.00687	0.00855	0.00540	0.00514	0.01002	0.01530	0.02022	0.42793	0.05024	0.38074	0.01352	0.00704	0.00195	0.00294	0.01156	0.00608	0.00538
30	0.01308	0.01303	0.01820	0.01561	0.01562	0.01817	0.01299	0.01433	0.00915	0.01437	0.00791	0.01314	0.00790	0.01044	0.01944	0.00261	0.77961	0.00522	0.00264	0.00654
31	0.01571	0.74824	0.07475	0.01062	0.01590	0.02287	0.01088	0.01786	0.01213	0.01434	0.00851	0.00987	0.00772	0.00519	0.00397	0.00133	0.00651	0.00328	0.00258	0.00773
32	0.01099	0.00568	0.00590	0.00590	0.00727	0.00573	0.00443	0.01365	0.01229	0.02158	0.01917	0.02231	0.01525	0.00962	0.05793	0.00198	0.00373	0.00561	0.76540	0.00557

[dist]
# distance from previous block
# <min> <max>
0	2

[block]
# block no. 4 follows, 39 sequences, length 11
# corresponding to MSA columns:
# 295-305
name=unknown_E
#
# <colnr> <probs for GDERKNQSTAVLIFYWHMCP>
#	G	D	E	R	K	N	Q	S	T	A	V	L	I	F	Y	W	H	M	C	P
0	0.02181	0.01607	0.01735	0.01341	0.01797	0.01781	0.01106	0.70069	0.02692	0.03614	0.01428	0.01463	0.01028	0.00889	0.04260	0.00215	0.00696	0.00537	0.00578	0.00983
1	0.70523	0.01122	0.00949	0.00821	0.01202	0.01254	0.00677	0.01921	0.01116	0.14336	0.01064	0.01128	0.00772	0.00578	0.00402	0.00183	0.00465	0.00364	0.00424	0.00699
2	0.01675	0.01372	0.01452	0.01245	0.01615	0.01566	0.00985	0.21607	0.55663	0.02802	0.02148	0.02000	0.01596	0.00778	0.00599	0.00195	0.00516	0.00633	0.00599	0.00954
3	0.05304	0.57591	0.14598	0.01328	0.01873	0.02226	0.01307	0.01963	0.01376	0.01813	0.01170	0.01440	0.01043	0.00740	0.00603	0.00201	0.03695	0.00448	0.00364	0.00918
4	0.01524	0.01259	0.01429	0.01082	0.01613	0.00965	0.00831	0.01693	0.01411	0.02191	0.01352	0.01643	0.01161	0.00645	0.00571	0.00147	0.00543	0.00453	0.00452	0.79035
5	0.01043	0.00748	0.00915	0.01032	0.01095	0.00672	0.00686	0.01060	0.01322	0.01794	0.03454	0.75515	0.04050	0.01991	0.00873	0.00292	0.00453	0.01720	0.00641	0.00644
6	0.05107	0.48946	0.02682	0.01298	0.01783	0.02217	0.01132	0.18317	0.07774	0.02347	0.01400	0.01589	0.01187	0.00782	0.00582	0.00204	0.00712	0.00499	0.00469	0.00975
7	0.01406	0.00783	0.00786	0.00773	0.00935	0.00739	0.00557	0.01588	0.01425	0.02456	0.02187	0.02574	0.01770	0.00884	0.00548	0.00195	0.00389	0.00645	0.78651	0.00711
8	0.01200	0.00869	0.01040	0.01010	0.01071	0.00890	0.00676	0.01188	0.01092	0.01531	0.01973	0.03547	0.02090	0.49111	0.23983	0.00696	0.06146	0.00851	0.00441	0.00595
9	0.74617	0.01379	0.01146	0.01026	0.01411	0.01509	0.00804	0.06465	0.01314	0.02950	0.01173	0.01419	0.00960	0.00760	0.00517	0.00237	0.00574	0.00438	0.00481	0.00819
10	0.01816	0.01586	0.02254	0.02968	0.49360	0.01602	0.01636	0.08215	0.18188	0.02466	0.01728	0.02033	0.01421	0.00807	0.00716	0.00237	0.00738	0.00654	0.00492	0.01084

[dist]
# distance from previous block
# <min> <max>
0	286

# created by:
# /software/SequenceAnalysis/GenePrediction/augustus/3.0.1/scripts/msa2prfl.pl ./fixed/BUSCOvEOG7B8KSX.fas
