[name]
unknown

[dist]
# distance from previous block
# <min> <max>
13	154

[block]
# block no. 0 follows, 40 sequences, length 41
# corresponding to MSA columns:
# 170-210
name=unknown_A
#
# <colnr> <probs for GDERKNQSTAVLIFYWHMCP>
#	G	D	E	R	K	N	Q	S	T	A	V	L	I	F	Y	W	H	M	C	P
0	0.01163	0.00618	0.00626	0.00598	0.00757	0.00631	0.00456	0.06456	0.01326	0.02273	0.01862	0.02114	0.01455	0.00679	0.00419	0.00138	0.00297	0.00541	0.77019	0.00573
1	0.00823	0.00594	0.00777	0.00732	0.00869	0.00549	0.00549	0.01097	0.01646	0.02332	0.75629	0.04344	0.05487	0.01189	0.00686	0.00183	0.00274	0.01052	0.00640	0.00549
2	0.01010	0.00505	0.00758	0.00758	0.00758	0.00505	0.00505	0.00758	0.00758	0.01010	0.01010	0.01768	0.01010	0.02020	0.02273	0.83081	0.00505	0.00505	0.00253	0.00253
3	0.83671	0.01125	0.00855	0.00765	0.01125	0.01305	0.00630	0.01709	0.00990	0.02609	0.00810	0.00945	0.00630	0.00540	0.00360	0.00180	0.00450	0.00315	0.00360	0.00630
4	0.00817	0.00594	0.00769	0.00725	0.00865	0.00546	0.00544	0.01085	0.01632	0.02297	0.72470	0.04401	0.08667	0.01202	0.00686	0.00184	0.00275	0.01060	0.00636	0.00546
5	0.02609	0.00990	0.01350	0.01035	0.01484	0.00855	0.00855	0.02834	0.01664	0.76338	0.02294	0.01979	0.01439	0.00720	0.00585	0.00180	0.00495	0.00585	0.00720	0.00990
6	0.00831	0.00623	0.00935	0.00935	0.01038	0.00727	0.00727	0.01038	0.00935	0.01350	0.01558	0.02285	0.01454	0.04361	0.77259	0.00935	0.01558	0.00623	0.00312	0.00519
7	0.01278	0.01217	0.02069	0.38857	0.41908	0.01339	0.01704	0.01643	0.01248	0.01704	0.01065	0.01492	0.00852	0.00548	0.00578	0.00183	0.00731	0.00518	0.00274	0.00791
8	0.00709	0.00506	0.00675	0.00810	0.00843	0.00472	0.00540	0.00810	0.01113	0.01484	0.03205	0.79184	0.03846	0.01822	0.00742	0.00236	0.00337	0.01653	0.00540	0.00472
9	0.01206	0.01034	0.01206	0.00861	0.01378	0.00775	0.00689	0.01464	0.01206	0.01895	0.01034	0.01206	0.00861	0.00431	0.00431	0.00086	0.00431	0.00345	0.00345	0.83118
10	0.01311	0.00888	0.03715	0.00905	0.01171	0.00805	0.00738	0.04804	0.11201	0.16488	0.39613	0.03508	0.08824	0.01033	0.00648	0.00187	0.00385	0.02448	0.00623	0.00707
11	0.83671	0.01125	0.00855	0.00765	0.01125	0.01305	0.00630	0.01709	0.00990	0.02609	0.00810	0.00945	0.00630	0.00540	0.00360	0.00180	0.00450	0.00315	0.00360	0.00630
12	0.01382	0.01368	0.02464	0.13326	0.53679	0.01385	0.14274	0.01758	0.01311	0.01838	0.01100	0.01477	0.00895	0.00522	0.00596	0.00180	0.00752	0.00547	0.00285	0.00861
13	0.01166	0.03008	0.76550	0.01657	0.02517	0.01351	0.02149	0.01842	0.01228	0.01842	0.01044	0.01228	0.00737	0.00552	0.00552	0.00184	0.00859	0.00430	0.00246	0.00859
14	0.03359	0.04273	0.56844	0.05176	0.02559	0.01366	0.12688	0.01811	0.01239	0.01846	0.01072	0.01302	0.00776	0.00546	0.00561	0.00184	0.00843	0.00469	0.02263	0.00822
15	0.01166	0.03008	0.76550	0.01657	0.02517	0.01351	0.02149	0.01842	0.01228	0.01842	0.01044	0.01228	0.00737	0.00552	0.00552	0.00184	0.00859	0.00430	0.00246	0.00859
16	0.00818	0.00594	0.00770	0.00726	0.00866	0.00546	0.00545	0.01087	0.01634	0.02302	0.72912	0.04393	0.08222	0.01200	0.00686	0.00183	0.00275	0.01059	0.00636	0.00546
17	0.01439	0.01382	0.02360	0.03569	0.75936	0.01382	0.01785	0.01785	0.01324	0.01900	0.01094	0.01439	0.00921	0.00518	0.00576	0.00173	0.00691	0.00518	0.00288	0.00921
18	0.02264	0.01261	0.08034	0.06949	0.01805	0.01076	0.01059	0.11337	0.05257	0.51713	0.01983	0.01819	0.01289	0.00695	0.00582	0.00182	0.00564	0.00562	0.00620	0.00949
19	0.00881	0.00659	0.00959	0.00947	0.01063	0.00762	0.00737	0.03874	0.01009	0.01444	0.01596	0.04321	0.01500	0.04150	0.72212	0.00886	0.01489	0.00647	0.00328	0.00536
20	0.00709	0.00506	0.00675	0.00810	0.00843	0.00472	0.00540	0.00810	0.01113	0.01484	0.03205	0.79184	0.03846	0.01822	0.00742	0.00236	0.00337	0.01653	0.00540	0.00472
21	0.01555	0.79913	0.03047	0.00995	0.01493	0.02301	0.00995	0.01741	0.01182	0.01368	0.00808	0.00933	0.00746	0.00498	0.00373	0.00124	0.00622	0.00311	0.00249	0.00746
22	0.00870	0.00622	0.00750	0.00732	0.00749	0.00668	0.00464	0.00907	0.00872	0.01184	0.01828	0.03492	0.03828	0.63115	0.11592	0.00576	0.06204	0.00805	0.00345	0.00396
23	0.01098	0.01034	0.01744	0.78165	0.04005	0.01292	0.01615	0.01486	0.01163	0.01486	0.01034	0.01550	0.00775	0.00581	0.00581	0.00194	0.00775	0.00517	0.00258	0.00646
24	0.01166	0.03008	0.76550	0.01657	0.02517	0.01351	0.02149	0.01842	0.01228	0.01842	0.01044	0.01228	0.00737	0.00552	0.00552	0.00184	0.00859	0.00430	0.00246	0.00859
25	0.01439	0.01382	0.02360	0.03569	0.75936	0.01382	0.01785	0.01785	0.01324	0.01900	0.01094	0.01439	0.00921	0.00518	0.00576	0.00173	0.00691	0.00518	0.00288	0.00921
26	0.83671	0.01125	0.00855	0.00765	0.01125	0.01305	0.00630	0.01709	0.00990	0.02609	0.00810	0.00945	0.00630	0.00540	0.00360	0.00180	0.00450	0.00315	0.00360	0.00630
27	0.83671	0.01125	0.00855	0.00765	0.01125	0.01305	0.00630	0.01709	0.00990	0.02609	0.00810	0.00945	0.00630	0.00540	0.00360	0.00180	0.00450	0.00315	0.00360	0.00630
28	0.00831	0.00623	0.00935	0.00935	0.01038	0.00727	0.00727	0.01038	0.00935	0.01350	0.01558	0.02285	0.01454	0.04361	0.77259	0.00935	0.01558	0.00623	0.00312	0.00519
29	0.04654	0.01116	0.01953	0.63789	0.03741	0.01319	0.12141	0.01550	0.01186	0.01589	0.01045	0.01527	0.00785	0.00566	0.00587	0.00194	0.00791	0.00533	0.00268	0.00666
30	0.01348	0.01166	0.01222	0.01106	0.01398	0.03278	0.00856	0.02693	0.59114	0.02387	0.16169	0.02551	0.02449	0.00859	0.00608	0.00193	0.00441	0.00724	0.00593	0.00844
31	0.01282	0.01219	0.06447	0.01069	0.01406	0.01203	0.00892	0.08144	0.43250	0.02280	0.05975	0.02950	0.19530	0.00945	0.00615	0.00194	0.00456	0.00783	0.00556	0.00804
32	0.01446	0.01253	0.01346	0.01255	0.03738	0.01444	0.00946	0.03051	0.72685	0.02417	0.02329	0.02148	0.01750	0.00781	0.00591	0.00197	0.00467	0.00653	0.00583	0.00920
33	0.03804	0.00614	0.00780	0.00733	0.00878	0.00576	0.00552	0.01119	0.01622	0.02342	0.72936	0.04222	0.05312	0.01165	0.00674	0.00183	0.00281	0.01025	0.00630	0.00552
34	0.01011	0.00893	0.00882	0.00833	0.01056	0.05185	0.00631	0.03373	0.18646	0.01927	0.14864	0.08050	0.37997	0.01218	0.00655	0.00193	0.00385	0.01022	0.00554	0.00623
35	0.00846	0.00564	0.00634	0.00634	0.00634	0.00564	0.00352	0.00846	0.00846	0.01128	0.01832	0.03805	0.02114	0.79563	0.02960	0.00564	0.00564	0.00846	0.00352	0.00352
36	0.00899	0.00723	0.01065	0.01026	0.01113	0.00889	0.00811	0.01094	0.00928	0.01358	0.01436	0.02129	0.01348	0.03848	0.65686	0.00830	0.13375	0.00606	0.00303	0.00537
37	0.01206	0.01034	0.01206	0.00861	0.01378	0.00775	0.00689	0.01464	0.01206	0.01895	0.01034	0.01206	0.00861	0.00431	0.00431	0.00086	0.00431	0.00345	0.00345	0.83118
38	0.01389	0.01331	0.02270	0.14487	0.65408	0.01369	0.01760	0.01741	0.01301	0.01839	0.01085	0.01456	0.00900	0.00527	0.00577	0.00176	0.00703	0.00518	0.00284	0.00881
39	0.01551	0.61877	0.06302	0.01036	0.01543	0.05442	0.01019	0.01769	0.01220	0.03344	0.00887	0.01009	0.00776	0.00503	0.00400	0.00126	0.00628	0.00330	0.00273	0.09964
40	0.01505	0.01369	0.07244	0.01093	0.01592	0.01171	0.00947	0.23320	0.04589	0.02424	0.01238	0.03001	0.00989	0.00578	0.00531	0.00132	0.02251	0.00449	0.00420	0.45158

[dist]
# distance from previous block
# <min> <max>
5	6

[block]
# block no. 1 follows, 40 sequences, length 60
# corresponding to MSA columns:
# 218-277
name=unknown_B
#
# <colnr> <probs for GDERKNQSTAVLIFYWHMCP>
#	G	D	E	R	K	N	Q	S	T	A	V	L	I	F	Y	W	H	M	C	P
0	0.01795	0.14152	0.02107	0.01429	0.01865	0.08517	0.12705	0.31917	0.10821	0.02541	0.01436	0.05541	0.01158	0.00694	0.00570	0.00174	0.00691	0.00578	0.00456	0.00853
1	0.01012	0.00722	0.00888	0.00822	0.01010	0.00709	0.00630	0.01497	0.13396	0.06133	0.54064	0.04006	0.08434	0.01128	0.00669	0.00188	0.00325	0.03110	0.00628	0.00628
2	0.00709	0.00506	0.00675	0.00810	0.00843	0.00472	0.00540	0.00810	0.01113	0.01484	0.03205	0.79184	0.03846	0.01822	0.00742	0.00236	0.00337	0.01653	0.00540	0.00472
3	0.00707	0.00511	0.00670	0.00798	0.00840	0.00473	0.00535	0.00811	0.01125	0.01489	0.03351	0.75200	0.07735	0.01803	0.00739	0.00234	0.00335	0.01630	0.00540	0.00473
4	0.00831	0.00623	0.00935	0.00935	0.01038	0.00727	0.00727	0.01038	0.00935	0.01350	0.01558	0.02285	0.01454	0.04361	0.77259	0.00935	0.01558	0.00623	0.00312	0.00519
5	0.00687	0.00589	0.00589	0.00589	0.00785	0.00491	0.00442	0.00835	0.01325	0.01571	0.05891	0.05596	0.75700	0.01473	0.00687	0.00196	0.00295	0.01227	0.00540	0.00491
6	0.83671	0.01125	0.00855	0.00765	0.01125	0.01305	0.00630	0.01709	0.00990	0.02609	0.00810	0.00945	0.00630	0.00540	0.00360	0.00180	0.00450	0.00315	0.00360	0.00630
7	0.01648	0.01411	0.01425	0.01233	0.01590	0.05546	0.00971	0.18224	0.55556	0.02643	0.02081	0.01945	0.01552	0.00759	0.00586	0.00190	0.00530	0.00614	0.00574	0.00922
8	0.01145	0.04925	0.01034	0.08970	0.05232	0.00883	0.00731	0.01391	0.01164	0.01911	0.01552	0.01890	0.01251	0.00743	0.00666	0.03811	0.08263	0.00521	0.53337	0.00581
9	0.01563	0.70654	0.07811	0.01066	0.01577	0.06313	0.01078	0.01779	0.01210	0.01402	0.00829	0.00959	0.00746	0.00507	0.00393	0.00130	0.00661	0.00322	0.00251	0.00750
10	0.02172	0.02772	0.01648	0.01498	0.01798	0.77228	0.01124	0.02322	0.01648	0.01423	0.00899	0.01049	0.00749	0.00599	0.00524	0.00150	0.01049	0.00375	0.00300	0.00674
11	0.01206	0.01034	0.01206	0.00861	0.01378	0.00775	0.00689	0.01464	0.01206	0.01895	0.01034	0.01206	0.00861	0.00431	0.00431	0.00086	0.00431	0.00345	0.00345	0.83118
12	0.02016	0.22356	0.02003	0.01370	0.01720	0.58206	0.01091	0.02175	0.01530	0.01409	0.00876	0.01019	0.00748	0.00573	0.00486	0.00143	0.00940	0.00358	0.00287	0.00692
13	0.00831	0.00623	0.00935	0.00935	0.01038	0.00727	0.00727	0.01038	0.00935	0.01350	0.01558	0.02285	0.01454	0.04361	0.77259	0.00935	0.01558	0.00623	0.00312	0.00519
14	0.00709	0.00506	0.00675	0.00810	0.00843	0.00472	0.00540	0.00810	0.01113	0.01484	0.03205	0.79184	0.03846	0.01822	0.00742	0.00236	0.00337	0.01653	0.00540	0.00472
15	0.83671	0.01125	0.00855	0.00765	0.01125	0.01305	0.00630	0.01709	0.00990	0.02609	0.00810	0.00945	0.00630	0.00540	0.00360	0.00180	0.00450	0.00315	0.00360	0.00630
16	0.01206	0.01034	0.01206	0.00861	0.01378	0.00775	0.00689	0.01464	0.01206	0.01895	0.01034	0.01206	0.00861	0.00431	0.00431	0.00086	0.00431	0.00345	0.00345	0.83118
17	0.02609	0.00990	0.01350	0.01035	0.01484	0.00855	0.00855	0.02834	0.01664	0.76338	0.02294	0.01979	0.01439	0.00720	0.00585	0.00180	0.00495	0.00585	0.00720	0.00990
18	0.01206	0.01034	0.01206	0.00861	0.01378	0.00775	0.00689	0.01464	0.01206	0.01895	0.01034	0.01206	0.00861	0.00431	0.00431	0.00086	0.00431	0.00345	0.00345	0.83118
19	0.00709	0.00506	0.00675	0.00810	0.00843	0.00472	0.00540	0.00810	0.01113	0.01484	0.03205	0.79184	0.03846	0.01822	0.00742	0.00236	0.00337	0.01653	0.00540	0.00472
20	0.01173	0.02960	0.74119	0.01684	0.02534	0.01355	0.04531	0.01842	0.01233	0.01842	0.01048	0.01239	0.00741	0.00550	0.00557	0.00185	0.00863	0.00438	0.00247	0.00857
21	0.01467	0.57339	0.16634	0.01204	0.01764	0.02035	0.04988	0.01838	0.05148	0.01539	0.00955	0.01087	0.00807	0.00523	0.00434	0.00143	0.00676	0.00371	0.00269	0.00779
22	0.00687	0.00589	0.00589	0.00589	0.00785	0.00491	0.00442	0.00835	0.01325	0.01571	0.05891	0.05596	0.75700	0.01473	0.00687	0.00196	0.00295	0.01227	0.00540	0.00491
23	0.02609	0.00990	0.01350	0.01035	0.01484	0.00855	0.00855	0.02834	0.01664	0.76338	0.02294	0.01979	0.01439	0.00720	0.00585	0.00180	0.00495	0.00585	0.00720	0.00990
24	0.01382	0.02808	0.54358	0.01638	0.02342	0.17536	0.05721	0.01923	0.01338	0.01768	0.03265	0.01302	0.00890	0.00578	0.00558	0.00177	0.00889	0.00450	0.00272	0.00806
25	0.01373	0.01569	0.03431	0.02451	0.03039	0.01471	0.73824	0.01863	0.01373	0.01863	0.01176	0.01569	0.00882	0.00490	0.00686	0.00196	0.00980	0.00686	0.00294	0.00784
26	0.00687	0.00589	0.00589	0.00589	0.00785	0.00491	0.00442	0.00835	0.01325	0.01571	0.05891	0.05596	0.75700	0.01473	0.00687	0.00196	0.00295	0.01227	0.00540	0.00491
27	0.00818	0.00567	0.00656	0.00659	0.00701	0.00548	0.00406	0.00882	0.01036	0.01386	0.14089	0.09704	0.09212	0.54376	0.02231	0.00446	0.00477	0.00973	0.00429	0.00405
28	0.02081	0.09097	0.01796	0.01537	0.05719	0.58361	0.01137	0.04342	0.01603	0.05583	0.00988	0.01127	0.00803	0.00607	0.00557	0.00154	0.03070	0.00396	0.00325	0.00719
29	0.02523	0.01127	0.01435	0.01100	0.01553	0.01059	0.00909	0.18146	0.01895	0.60702	0.02101	0.01854	0.01343	0.00715	0.00584	0.00179	0.00526	0.00572	0.00690	0.00990
30	0.01987	0.00965	0.01226	0.01000	0.01358	0.00917	0.00804	0.05313	0.13535	0.44177	0.19426	0.02540	0.02423	0.00840	0.00609	0.00183	0.00443	0.00703	0.00675	0.00875
31	0.83671	0.01125	0.00855	0.00765	0.01125	0.01305	0.00630	0.01709	0.00990	0.02609	0.00810	0.00945	0.00630	0.00540	0.00360	0.00180	0.00450	0.00315	0.00360	0.00630
32	0.01206	0.01034	0.01206	0.00861	0.01378	0.00775	0.00689	0.01464	0.01206	0.01895	0.01034	0.01206	0.00861	0.00431	0.00431	0.00086	0.00431	0.00345	0.00345	0.83118
33	0.02211	0.01629	0.01745	0.01338	0.01803	0.01803	0.01105	0.73997	0.02734	0.03665	0.01396	0.01396	0.00989	0.00698	0.00582	0.00175	0.00640	0.00524	0.00582	0.00989
34	0.83671	0.01125	0.00855	0.00765	0.01125	0.01305	0.00630	0.01709	0.00990	0.02609	0.00810	0.00945	0.00630	0.00540	0.00360	0.00180	0.00450	0.00315	0.00360	0.00630
35	0.01192	0.01118	0.01917	0.52683	0.20494	0.01284	0.05519	0.01569	0.01215	0.01638	0.01100	0.01558	0.00852	0.00567	0.00577	0.00186	0.00741	0.00528	0.04554	0.00712
36	0.02172	0.02772	0.01648	0.01498	0.01798	0.77228	0.01124	0.02322	0.01648	0.01423	0.00899	0.01049	0.00749	0.00599	0.00524	0.00150	0.01049	0.00375	0.00300	0.00674
37	0.01528	0.01246	0.01328	0.01180	0.01519	0.01425	0.00922	0.05017	0.69108	0.06305	0.02337	0.02139	0.01736	0.00783	0.00591	0.00196	0.00467	0.00650	0.00598	0.00926
38	0.01187	0.07127	0.72613	0.01622	0.02462	0.01401	0.02087	0.01836	0.01225	0.01816	0.01031	0.01212	0.00737	0.00550	0.00543	0.00181	0.00847	0.00423	0.00246	0.00853
39	0.00831	0.00623	0.00935	0.00935	0.01038	0.00727	0.00727	0.01038	0.00935	0.01350	0.01558	0.02285	0.01454	0.04361	0.77259	0.00935	0.01558	0.00623	0.00312	0.00519
40	0.00709	0.00506	0.00675	0.00810	0.00843	0.00472	0.00540	0.00810	0.01113	0.01484	0.03205	0.79184	0.03846	0.01822	0.00742	0.00236	0.00337	0.01653	0.00540	0.00472
41	0.00846	0.00564	0.00634	0.00634	0.00634	0.00564	0.00352	0.00846	0.00846	0.01128	0.01832	0.03805	0.02114	0.79563	0.02960	0.00564	0.00564	0.00846	0.00352	0.00352
42	0.01200	0.02775	0.64734	0.01786	0.02601	0.01370	0.13731	0.01845	0.01251	0.01845	0.01065	0.01283	0.00760	0.00542	0.00574	0.00186	0.00879	0.00471	0.00253	0.00847
43	0.00709	0.00506	0.00675	0.00810	0.00843	0.00472	0.00540	0.00810	0.01113	0.01484	0.03205	0.79184	0.03846	0.01822	0.00742	0.00236	0.00337	0.01653	0.00540	0.00472
44	0.02542	0.00970	0.01314	0.01013	0.01449	0.00841	0.00835	0.02769	0.01645	0.73069	0.02277	0.01988	0.01442	0.00718	0.00577	0.00178	0.00485	0.00583	0.04338	0.00970
45	0.01916	0.18247	0.09799	0.01415	0.01804	0.52004	0.01210	0.02128	0.01488	0.01455	0.00892	0.01051	0.00748	0.00586	0.00537	0.00151	0.03207	0.00371	0.00282	0.00707
46	0.02317	0.01458	0.01640	0.01257	0.01718	0.01550	0.01038	0.54989	0.02448	0.23076	0.01636	0.01552	0.01109	0.00704	0.00583	0.00176	0.00601	0.00540	0.00619	0.00989
47	0.00763	0.00586	0.00705	0.00742	0.00882	0.00529	0.00564	0.00949	0.01361	0.01760	0.21415	0.20288	0.33351	0.01497	0.00716	0.00212	0.00336	0.12275	0.00563	0.00508
48	0.01098	0.01034	0.01744	0.78165	0.04005	0.01292	0.01615	0.01486	0.01163	0.01486	0.01034	0.01550	0.00775	0.00581	0.00581	0.00194	0.00775	0.00517	0.00258	0.00646
49	0.01884	0.07861	0.01837	0.01565	0.06824	0.36390	0.05007	0.11771	0.17358	0.01984	0.01299	0.01379	0.01018	0.00634	0.00547	0.00165	0.00810	0.00476	0.00394	0.00796
50	0.00713	0.00520	0.00662	0.00772	0.00825	0.00480	0.00517	0.00815	0.01126	0.01476	0.03473	0.65741	0.12895	0.05985	0.00855	0.00249	0.00344	0.01555	0.00530	0.00468
51	0.00814	0.00586	0.00774	0.00772	0.00892	0.00546	0.00579	0.01060	0.01535	0.02147	0.58036	0.16534	0.05048	0.01325	0.00705	0.00198	0.00306	0.06991	0.00615	0.00535
52	0.01206	0.01034	0.01206	0.00861	0.01378	0.00775	0.00689	0.01464	0.01206	0.01895	0.01034	0.01206	0.00861	0.00431	0.00431	0.00086	0.00431	0.00345	0.00345	0.83118
53	0.01166	0.03008	0.76550	0.01657	0.02517	0.01351	0.02149	0.01842	0.01228	0.01842	0.01044	0.01228	0.00737	0.00552	0.00552	0.00184	0.00859	0.00430	0.00246	0.00859
54	0.01496	0.68307	0.14140	0.01095	0.01647	0.02158	0.01169	0.01756	0.01189	0.01440	0.00844	0.00977	0.00745	0.00506	0.00400	0.00133	0.00658	0.00329	0.00248	0.00763
55	0.02192	0.01029	0.01313	0.01032	0.01435	0.00952	0.00839	0.13899	0.01780	0.49383	0.09399	0.06214	0.01866	0.00806	0.00595	0.00177	0.00484	0.00666	0.00660	0.05278
56	0.01555	0.79913	0.03047	0.00995	0.01493	0.02301	0.00995	0.01741	0.01182	0.01368	0.00808	0.00933	0.00746	0.00498	0.00373	0.00124	0.00622	0.00311	0.00249	0.00746
57	0.01280	0.09075	0.54380	0.05596	0.02364	0.01461	0.01836	0.05697	0.09291	0.01942	0.01185	0.01331	0.00865	0.00583	0.00545	0.00181	0.00780	0.00454	0.00302	0.00852
58	0.01272	0.01272	0.01781	0.01527	0.01527	0.01781	0.01272	0.01399	0.00891	0.01399	0.00763	0.01272	0.00763	0.01018	0.01908	0.00254	0.78499	0.00509	0.00254	0.00636
59	0.00714	0.00510	0.00679	0.00806	0.00845	0.00476	0.00540	0.00822	0.01137	0.01522	0.06398	0.75884	0.03918	0.01794	0.00740	0.00234	0.00335	0.01627	0.00544	0.00476

[dist]
# distance from previous block
# <min> <max>
0	25

# created by:
# /software/SequenceAnalysis/GenePrediction/augustus/3.0.1/scripts/msa2prfl.pl ./fixed/BUSCOvEOG7V9W5K.fas
