[name]
unknown

[dist]
# distance from previous block
# <min> <max>
0	190

[block]
# block no. 0 follows, 41 sequences, length 30
# corresponding to MSA columns:
# 205-234
name=unknown_A
#
# <colnr> <probs for GDERKNQSTAVLIFYWHMCP>
#	G	D	E	R	K	N	Q	S	T	A	V	L	I	F	Y	W	H	M	C	P
0	0.01084	0.00547	0.00547	0.00546	0.00681	0.00544	0.00408	0.01345	0.01211	0.02148	0.01881	0.02155	0.01481	0.00678	0.00408	0.00137	0.00273	0.00539	0.82843	0.00543
1	0.01412	0.01349	0.02293	0.08144	0.71662	0.01362	0.01750	0.01749	0.01303	0.01859	0.01090	0.01447	0.00914	0.00526	0.00574	0.00174	0.00690	0.00515	0.00288	0.00898
2	0.02796	0.00629	0.00799	0.00772	0.00925	0.00576	0.00571	0.01195	0.01463	0.09875	0.42968	0.22566	0.10065	0.01292	0.00678	0.00197	0.00320	0.01134	0.00605	0.00574
3	0.00987	0.00791	0.01133	0.01404	0.19418	0.00744	0.00834	0.01233	0.01460	0.03750	0.38052	0.08530	0.17204	0.01098	0.00657	0.00186	0.00390	0.00968	0.00527	0.00634
4	0.01392	0.01344	0.02191	0.03022	0.57735	0.01464	0.01636	0.01674	0.01208	0.01764	0.01014	0.01400	0.00885	0.00643	0.00896	0.00193	0.19900	0.00513	0.00281	0.00846
5	0.00851	0.00568	0.00638	0.00637	0.00639	0.00566	0.00355	0.00846	0.00844	0.01127	0.01818	0.03761	0.02093	0.79683	0.02912	0.00557	0.00560	0.00837	0.00353	0.00357
6	0.00716	0.00512	0.00677	0.00809	0.00844	0.00476	0.00539	0.00811	0.01106	0.01477	0.03164	0.79326	0.03792	0.01800	0.00737	0.00235	0.00338	0.01629	0.00536	0.00474
7	0.01269	0.01263	0.01762	0.01512	0.01514	0.01760	0.01258	0.01389	0.00888	0.01394	0.00770	0.01276	0.00768	0.01012	0.01881	0.00253	0.78634	0.00506	0.00257	0.00635
8	0.01349	0.01746	0.20639	0.07030	0.54137	0.01356	0.01839	0.01765	0.01281	0.01849	0.01078	0.01395	0.00871	0.00533	0.00569	0.00177	0.00730	0.00494	0.00278	0.00885
9	0.00784	0.00588	0.00722	0.00706	0.00846	0.00529	0.00521	0.00999	0.01496	0.02037	0.50907	0.12503	0.22610	0.01314	0.00688	0.00192	0.00288	0.01143	0.00600	0.00527
10	0.00912	0.00682	0.00906	0.19785	0.01454	0.00742	0.00661	0.01001	0.00921	0.01214	0.01625	0.03215	0.01769	0.60185	0.02337	0.00467	0.00612	0.00757	0.00330	0.00428
11	0.01084	0.00547	0.00547	0.00546	0.00681	0.00544	0.00408	0.01345	0.01211	0.02148	0.01881	0.02155	0.01481	0.00678	0.00408	0.00137	0.00273	0.00539	0.82843	0.00543
12	0.02031	0.20943	0.02042	0.01244	0.01710	0.01902	0.01067	0.56354	0.02321	0.03060	0.01248	0.01286	0.00931	0.00650	0.00529	0.00163	0.00631	0.00469	0.00497	0.00922
13	0.01072	0.00777	0.00938	0.00857	0.01056	0.00784	0.00654	0.01665	0.19740	0.06279	0.53805	0.03640	0.04293	0.01058	0.00654	0.00186	0.00333	0.00919	0.00627	0.00662
14	0.01440	0.01241	0.01305	0.01175	0.01500	0.01431	0.00912	0.03047	0.75096	0.02407	0.02342	0.02156	0.01760	0.00787	0.00590	0.00197	0.00459	0.00652	0.00587	0.00914
15	0.00817	0.00583	0.00617	0.00608	0.00776	0.00517	0.00455	0.01010	0.01349	0.01849	0.18193	0.04454	0.44106	0.01213	0.00615	0.00179	0.00287	0.01012	0.20845	0.00516
16	0.00893	0.00723	0.01085	0.01476	0.19402	0.00696	0.00840	0.01046	0.01157	0.01578	0.02654	0.60126	0.03085	0.01485	0.00697	0.00220	0.00424	0.01354	0.00476	0.00583
17	0.01826	0.01341	0.01468	0.01199	0.01553	0.01460	0.00957	0.56129	0.02304	0.03089	0.01828	0.20608	0.01680	0.00970	0.00619	0.00190	0.00562	0.00794	0.00567	0.00856
18	0.00996	0.00734	0.00802	0.00770	0.00851	0.00779	0.00493	0.01388	0.19148	0.01443	0.01947	0.03365	0.02011	0.60235	0.02340	0.00468	0.00535	0.00791	0.00410	0.00494
19	0.01247	0.00937	0.01112	0.00897	0.01274	0.00785	0.00692	0.05262	0.04273	0.07428	0.01723	0.20571	0.01671	0.00821	0.00532	0.00140	0.00424	0.00700	0.00441	0.49069
20	0.02082	0.00849	0.01102	0.00888	0.01233	0.00753	0.00717	0.02312	0.01538	0.52705	0.07614	0.02187	0.01737	0.00743	0.00547	0.00170	0.00423	0.00604	0.20953	0.00842
21	0.00795	0.00701	0.00873	0.19752	0.01565	0.00688	0.00727	0.00992	0.01275	0.01541	0.04624	0.04539	0.57382	0.01242	0.00658	0.00196	0.00413	0.01039	0.00469	0.00530
22	0.02180	0.00885	0.01143	0.00914	0.01278	0.00791	0.00741	0.02445	0.03540	0.56174	0.02177	0.02020	0.01453	0.00711	0.00540	0.00170	0.00438	0.00572	0.20955	0.00872
23	0.00744	0.00533	0.00702	0.00790	0.00850	0.00494	0.00541	0.00880	0.01235	0.01682	0.21078	0.60829	0.04188	0.01647	0.00724	0.00223	0.00323	0.01483	0.00561	0.00493
24	0.01432	0.60435	0.02399	0.00881	0.01283	0.01844	0.00843	0.01631	0.01183	0.01556	0.01077	0.01242	0.00931	0.00545	0.00383	0.00128	0.00533	0.00368	0.20611	0.00694
25	0.01098	0.01029	0.01726	0.78314	0.03945	0.01280	0.01594	0.01474	0.01155	0.01478	0.01035	0.01549	0.00780	0.00584	0.00579	0.00194	0.00768	0.00514	0.00260	0.00645
26	0.00817	0.00613	0.00919	0.00919	0.01021	0.00715	0.00715	0.01021	0.00919	0.01328	0.01532	0.02247	0.01430	0.04290	0.77631	0.00919	0.01532	0.00613	0.00306	0.00511
27	0.00817	0.00613	0.00919	0.00919	0.01021	0.00715	0.00715	0.01021	0.00919	0.01328	0.01532	0.02247	0.01430	0.04290	0.77631	0.00919	0.01532	0.00613	0.00306	0.00511
28	0.02130	0.01559	0.01669	0.01284	0.01729	0.01724	0.01059	0.71477	0.02629	0.03546	0.01393	0.01404	0.00993	0.00686	0.00565	0.00170	0.00615	0.00516	0.03897	0.00955
29	0.00810	0.00585	0.00765	0.00720	0.00855	0.00540	0.00540	0.01079	0.01619	0.02294	0.76028	0.04273	0.05397	0.01169	0.00675	0.00180	0.00270	0.01034	0.00630	0.00540

[dist]
# distance from previous block
# <min> <max>
4	6

[block]
# block no. 1 follows, 41 sequences, length 14
# corresponding to MSA columns:
# 241-254
name=unknown_B
#
# <colnr> <probs for GDERKNQSTAVLIFYWHMCP>
#	G	D	E	R	K	N	Q	S	T	A	V	L	I	F	Y	W	H	M	C	P
0	0.01416	0.01359	0.02322	0.03511	0.76330	0.01359	0.01755	0.01755	0.01302	0.01869	0.01076	0.01416	0.00906	0.00510	0.00566	0.00170	0.00680	0.00510	0.00283	0.00906
1	0.00731	0.00627	0.00632	0.00623	0.00825	0.00552	0.00469	0.00984	0.06761	0.01608	0.05539	0.05256	0.70615	0.01399	0.00669	0.00193	0.00302	0.01166	0.00535	0.00514
2	0.02134	0.01582	0.01694	0.01308	0.01758	0.01755	0.01077	0.70572	0.06606	0.03539	0.01425	0.01414	0.01014	0.00691	0.00573	0.00173	0.00620	0.00522	0.00573	0.00969
3	0.01487	0.71724	0.11147	0.01051	0.01579	0.02160	0.01104	0.01724	0.01167	0.01397	0.00821	0.00950	0.00733	0.00495	0.00386	0.00129	0.00637	0.00319	0.00244	0.00746
4	0.02509	0.01065	0.01384	0.01061	0.01506	0.00976	0.00876	0.13178	0.01790	0.66121	0.02128	0.01864	0.01352	0.00705	0.00575	0.00176	0.00507	0.00566	0.00688	0.00973
5	0.01346	0.01298	0.02242	0.18470	0.58979	0.01345	0.04562	0.01700	0.01273	0.01786	0.01067	0.01443	0.00876	0.00521	0.00572	0.00175	0.00707	0.00516	0.00278	0.00847
6	0.02216	0.01536	0.01675	0.01285	0.01741	0.01675	0.01061	0.66850	0.02578	0.11334	0.01467	0.01434	0.01020	0.00689	0.00573	0.00172	0.00614	0.00521	0.00587	0.00973
7	0.01080	0.01017	0.01716	0.78523	0.03940	0.01271	0.01589	0.01461	0.01144	0.01461	0.01017	0.01525	0.00762	0.00572	0.00572	0.00191	0.00762	0.00508	0.00254	0.00635
8	0.01306	0.35002	0.46278	0.01360	0.02058	0.01716	0.01643	0.01771	0.01189	0.01618	0.00931	0.01087	0.00728	0.00521	0.00470	0.00157	0.00748	0.00374	0.00243	0.00799
9	0.00697	0.00498	0.00664	0.00796	0.00830	0.00465	0.00531	0.00796	0.01095	0.01460	0.03153	0.79525	0.03783	0.01792	0.00730	0.00232	0.00332	0.01626	0.00531	0.00465
10	0.00798	0.00575	0.00754	0.00728	0.00852	0.00532	0.00539	0.01049	0.01564	0.02206	0.68325	0.12227	0.05226	0.01235	0.00680	0.00185	0.00276	0.01097	0.00619	0.00532
11	0.00836	0.00671	0.00854	0.00999	0.06521	0.00623	0.00741	0.01046	0.01309	0.01640	0.04262	0.05609	0.39384	0.01436	0.00717	0.00221	0.00420	0.31668	0.00511	0.00533
12	0.00817	0.00613	0.00919	0.00919	0.01021	0.00715	0.00715	0.01021	0.00919	0.01328	0.01532	0.02247	0.01430	0.04290	0.77631	0.00919	0.01532	0.00613	0.00306	0.00511
13	0.00694	0.00585	0.00605	0.00615	0.00803	0.00496	0.00471	0.00848	0.01305	0.01558	0.05589	0.05575	0.70699	0.01458	0.00684	0.00198	0.00307	0.06492	0.00531	0.00486

[dist]
# distance from previous block
# <min> <max>
0	1

[block]
# block no. 2 follows, 41 sequences, length 27
# corresponding to MSA columns:
# 256-282
name=unknown_C
#
# <colnr> <probs for GDERKNQSTAVLIFYWHMCP>
#	G	D	E	R	K	N	Q	S	T	A	V	L	I	F	Y	W	H	M	C	P
0	0.02087	0.00869	0.01166	0.00930	0.01293	0.00757	0.00754	0.02314	0.01614	0.56684	0.18092	0.02642	0.06499	0.00848	0.00602	0.00179	0.00430	0.00708	0.00681	0.00854
1	0.01218	0.01206	0.01687	0.01459	0.01461	0.01675	0.01208	0.01342	0.00889	0.01382	0.00895	0.05935	0.00932	0.01048	0.01808	0.00249	0.74153	0.00568	0.00267	0.00616
2	0.02566	0.00973	0.01327	0.01018	0.01460	0.00841	0.00841	0.02788	0.01637	0.76726	0.02257	0.01947	0.01416	0.00708	0.00575	0.00177	0.00487	0.00575	0.00708	0.00973
3	0.00911	0.00704	0.00846	0.00789	0.00965	0.00699	0.00598	0.01421	0.15304	0.02244	0.55869	0.03988	0.11202	0.01122	0.00658	0.00184	0.00306	0.00978	0.00612	0.00603
4	0.00804	0.00580	0.00759	0.00724	0.00853	0.00536	0.00539	0.01065	0.01592	0.02250	0.72219	0.08206	0.05313	0.01202	0.00678	0.00183	0.00273	0.01065	0.00624	0.00536
5	0.02455	0.00949	0.01292	0.00999	0.01422	0.00822	0.00822	0.02679	0.01636	0.71991	0.06950	0.02095	0.01669	0.00737	0.00582	0.00177	0.00473	0.00604	0.00703	0.00946
6	0.02174	0.01602	0.01717	0.01316	0.01774	0.01774	0.01087	0.74423	0.02689	0.03605	0.01373	0.01373	0.00973	0.00687	0.00572	0.00172	0.00629	0.00515	0.00572	0.00973
7	0.00834	0.00585	0.00732	0.00714	0.00858	0.00528	0.00528	0.01048	0.01471	0.04971	0.46810	0.16329	0.19846	0.01308	0.00680	0.00191	0.00292	0.01146	0.00596	0.00533
8	0.01186	0.01017	0.01186	0.00847	0.01356	0.00762	0.00678	0.01440	0.01186	0.01864	0.01017	0.01186	0.00847	0.00424	0.00424	0.00085	0.00424	0.00339	0.00339	0.83395
9	0.04094	0.00616	0.00784	0.00729	0.00882	0.00577	0.00551	0.01152	0.01595	0.04452	0.70973	0.04075	0.05096	0.01131	0.00659	0.00180	0.00283	0.00993	0.00621	0.00555
10	0.00832	0.00555	0.00624	0.00624	0.00624	0.00555	0.00347	0.00832	0.00832	0.01109	0.01802	0.03743	0.02080	0.79898	0.02911	0.00555	0.00555	0.00832	0.00347	0.00347
11	0.02566	0.00973	0.01327	0.01018	0.01460	0.00841	0.00841	0.02788	0.01637	0.76726	0.02257	0.01947	0.01416	0.00708	0.00575	0.00177	0.00487	0.00575	0.00708	0.00973
12	0.00929	0.00613	0.00808	0.00752	0.00907	0.00564	0.00574	0.01196	0.01609	0.07166	0.68337	0.04204	0.05053	0.01155	0.00673	0.00183	0.00294	0.03783	0.00631	0.00568
13	0.01489	0.01261	0.01331	0.01177	0.01513	0.01454	0.00921	0.09304	0.68925	0.02499	0.02244	0.02067	0.01678	0.00768	0.00581	0.00192	0.00468	0.00635	0.00581	0.00911
14	0.02121	0.04817	0.01662	0.01455	0.01760	0.73015	0.01101	0.04664	0.01644	0.01472	0.00898	0.01040	0.00745	0.00590	0.00514	0.00147	0.01007	0.00372	0.00303	0.00675
15	0.00810	0.00585	0.00765	0.00720	0.00855	0.00540	0.00540	0.01079	0.01619	0.02294	0.76028	0.04273	0.05397	0.01169	0.00675	0.00180	0.00270	0.01034	0.00630	0.00540
16	0.02110	0.01112	0.01341	0.01093	0.01492	0.01123	0.00882	0.07803	0.29345	0.43815	0.02223	0.01978	0.01509	0.00732	0.00578	0.00183	0.00484	0.00598	0.00651	0.00948
17	0.01566	0.75604	0.02915	0.01008	0.01486	0.06772	0.00986	0.01747	0.01190	0.01349	0.00801	0.00924	0.00734	0.00495	0.00376	0.00124	0.00637	0.00310	0.00248	0.00730
18	0.00706	0.00576	0.00625	0.00622	0.00794	0.00494	0.00463	0.00876	0.01361	0.01704	0.21045	0.09436	0.56490	0.01407	0.00679	0.00192	0.00288	0.01193	0.00553	0.00494
19	0.00817	0.00613	0.00919	0.00919	0.01021	0.00715	0.00715	0.01021	0.00919	0.01328	0.01532	0.02247	0.01430	0.04290	0.77631	0.00919	0.01532	0.00613	0.00306	0.00511
20	0.02289	0.00912	0.01238	0.00971	0.01364	0.00793	0.00793	0.02518	0.01634	0.64966	0.13913	0.02314	0.02045	0.00781	0.00591	0.00177	0.00452	0.00648	0.00696	0.00905
21	0.01203	0.00888	0.01067	0.01064	0.01292	0.00947	0.00881	0.01965	0.29102	0.06890	0.02880	0.04479	0.06945	0.01213	0.00691	0.00227	0.00482	0.36527	0.00560	0.00696
22	0.02200	0.01561	0.01691	0.01296	0.01753	0.01712	0.01071	0.69712	0.02620	0.08413	0.01431	0.01411	0.01002	0.00688	0.00572	0.00172	0.00620	0.00519	0.00581	0.00973
23	0.01656	0.04491	0.01490	0.01203	0.01574	0.01563	0.00964	0.24751	0.50205	0.02721	0.01976	0.01854	0.01470	0.00737	0.00570	0.00184	0.00513	0.00593	0.00566	0.00919
24	0.01066	0.00533	0.00533	0.00533	0.00666	0.00533	0.00400	0.01333	0.01200	0.02132	0.01866	0.02132	0.01466	0.00666	0.00400	0.00133	0.00267	0.00533	0.83073	0.00533
25	0.01689	0.01361	0.01443	0.01218	0.01589	0.01547	0.00970	0.28355	0.49547	0.02823	0.01989	0.01864	0.01472	0.00744	0.00579	0.00186	0.00515	0.00600	0.00579	0.00929
26	0.01321	0.25096	0.48892	0.01412	0.02111	0.06434	0.01685	0.01803	0.01220	0.01653	0.00951	0.01113	0.00731	0.00528	0.00488	0.00160	0.00779	0.00383	0.00248	0.02991

[dist]
# distance from previous block
# <min> <max>
0	2

[block]
# block no. 3 follows, 41 sequences, length 40
# corresponding to MSA columns:
# 285-324
name=unknown_D
#
# <colnr> <probs for GDERKNQSTAVLIFYWHMCP>
#	G	D	E	R	K	N	Q	S	T	A	V	L	I	F	Y	W	H	M	C	P
0	0.14186	0.01453	0.01514	0.01185	0.01619	0.04073	0.00974	0.48307	0.02211	0.16726	0.01434	0.01402	0.00994	0.00665	0.00539	0.00173	0.00590	0.00491	0.00556	0.00911
1	0.01503	0.01707	0.01619	0.15514	0.03590	0.34011	0.06893	0.01737	0.01303	0.01436	0.01093	0.01485	0.00931	0.01525	0.20059	0.00358	0.03833	0.00487	0.00288	0.00632
2	0.02124	0.01546	0.01631	0.01266	0.01693	0.04194	0.01033	0.63751	0.02491	0.07786	0.01433	0.01524	0.01051	0.04941	0.00696	0.00192	0.00630	0.00531	0.00559	0.00929
3	0.00724	0.00523	0.00685	0.00789	0.00848	0.00479	0.00533	0.00824	0.01099	0.01470	0.03110	0.71452	0.06353	0.01724	0.00751	0.02209	0.00338	0.01527	0.00516	0.04046
4	0.80944	0.01124	0.00873	0.00773	0.01131	0.01301	0.00637	0.04346	0.01036	0.02604	0.00818	0.00945	0.00632	0.00537	0.00362	0.00177	0.00449	0.00317	0.00362	0.00632
5	0.01256	0.01263	0.01833	0.01539	0.01584	0.01713	0.05430	0.01404	0.00910	0.01413	0.00780	0.01267	0.00760	0.00959	0.01776	0.00243	0.72652	0.00507	0.00254	0.02457
6	0.00726	0.00521	0.00693	0.00805	0.00859	0.00488	0.00561	0.00857	0.01171	0.01568	0.10677	0.64483	0.05356	0.01704	0.00728	0.00229	0.00340	0.07215	0.00541	0.00478
7	0.00788	0.00574	0.00741	0.00720	0.00847	0.00528	0.00532	0.01031	0.01539	0.02151	0.63284	0.12930	0.09678	0.01258	0.00681	0.00187	0.00278	0.01113	0.00612	0.00528
8	0.00818	0.00610	0.00907	0.00907	0.01004	0.00708	0.00699	0.01013	0.00916	0.01318	0.01544	0.02311	0.01458	0.07514	0.74445	0.00904	0.01490	0.00622	0.00308	0.00504
9	0.00919	0.00613	0.00809	0.00763	0.00915	0.00566	0.00587	0.01186	0.01596	0.06521	0.66025	0.04311	0.05002	0.01175	0.00678	0.00186	0.00303	0.06653	0.00626	0.00564
10	0.00809	0.00541	0.00693	0.00775	0.00860	0.00492	0.00535	0.00927	0.01172	0.06011	0.05310	0.61956	0.14463	0.01660	0.00711	0.00222	0.00333	0.01486	0.00544	0.00500
11	0.00805	0.00637	0.00732	0.00712	0.00880	0.00595	0.00531	0.01139	0.08547	0.01928	0.34152	0.10882	0.33761	0.01298	0.00671	0.00191	0.00301	0.01117	0.00577	0.00545
12	0.00817	0.00613	0.00919	0.00919	0.01021	0.00715	0.00715	0.01021	0.00919	0.01328	0.01532	0.02247	0.01430	0.04290	0.77631	0.00919	0.01532	0.00613	0.00306	0.00511
13	0.02140	0.02637	0.01628	0.01461	0.01769	0.71611	0.01104	0.07984	0.01705	0.01574	0.00923	0.01059	0.00755	0.00597	0.00520	0.00149	0.01000	0.00380	0.00317	0.00688
14	0.05710	0.00613	0.00646	0.00628	0.00815	0.00547	0.00475	0.00944	0.01371	0.01813	0.24852	0.04891	0.52081	0.01317	0.00656	0.00189	0.00293	0.01106	0.00548	0.00507
15	0.01490	0.01323	0.01327	0.01186	0.01513	0.05530	0.00923	0.05727	0.68563	0.02386	0.02214	0.02046	0.01662	0.00763	0.00578	0.00191	0.00491	0.00627	0.00566	0.00895
16	0.01423	0.01229	0.01293	0.01164	0.01487	0.01423	0.00905	0.03039	0.75297	0.02393	0.02328	0.02134	0.01746	0.00776	0.00582	0.00194	0.00453	0.00647	0.00582	0.00905
17	0.00798	0.00578	0.00752	0.00722	0.00851	0.00532	0.00537	0.01051	0.01571	0.02211	0.68668	0.10246	0.06882	0.01225	0.00679	0.00184	0.00275	0.01085	0.00620	0.00532
18	0.00730	0.00614	0.00630	0.00621	0.00811	0.00539	0.00463	0.00956	0.05282	0.01620	0.09683	0.05188	0.65256	0.04154	0.00749	0.00205	0.00307	0.01153	0.00533	0.00504
19	0.00769	0.00555	0.00720	0.00735	0.00834	0.00514	0.00525	0.00969	0.01405	0.01948	0.46891	0.28562	0.07221	0.04737	0.00788	0.00213	0.00303	0.01223	0.00582	0.00505
20	0.01186	0.01017	0.01186	0.00847	0.01356	0.00762	0.00678	0.01440	0.01186	0.01864	0.01017	0.01186	0.00847	0.00424	0.00424	0.00085	0.00424	0.00339	0.00339	0.83395
21	0.00770	0.00555	0.00730	0.00746	0.00846	0.00514	0.00537	0.00981	0.01437	0.02004	0.50730	0.30396	0.04837	0.01385	0.00694	0.00198	0.00291	0.01240	0.00595	0.00514
22	0.02257	0.00921	0.01239	0.00976	0.01367	0.00812	0.00796	0.02530	0.03982	0.62798	0.13716	0.02314	0.02045	0.00782	0.00591	0.00178	0.00452	0.00649	0.00692	0.00904
23	0.00792	0.00570	0.00754	0.00767	0.00878	0.00532	0.00571	0.01021	0.01467	0.02042	0.52106	0.22520	0.04824	0.01355	0.00698	0.00200	0.00307	0.07476	0.00597	0.00521
24	0.01005	0.00628	0.00827	0.00753	0.00922	0.00573	0.00573	0.01269	0.01621	0.10567	0.67829	0.04014	0.04955	0.01118	0.00664	0.00180	0.00294	0.00983	0.00638	0.00588
25	0.00832	0.00555	0.00624	0.00624	0.00624	0.00555	0.00347	0.00832	0.00832	0.01109	0.01802	0.03743	0.02080	0.79898	0.02911	0.00555	0.00555	0.00832	0.00347	0.00347
26	0.00703	0.00504	0.00658	0.00778	0.00817	0.00470	0.00518	0.00799	0.01091	0.01446	0.03199	0.72532	0.06824	0.05686	0.00837	0.00247	0.00341	0.01568	0.00522	0.00459
27	0.00955	0.00582	0.00684	0.00673	0.00711	0.00568	0.00405	0.00983	0.00923	0.07120	0.01978	0.11426	0.02203	0.65576	0.02502	0.00491	0.00526	0.00894	0.00394	0.00408
28	0.00805	0.00575	0.00788	0.00920	0.01001	0.00558	0.00720	0.00984	0.01202	0.01582	0.03093	0.44256	0.03546	0.01690	0.00759	0.00247	0.00426	0.35824	0.00529	0.00495
29	0.00804	0.00585	0.00661	0.00667	0.00834	0.00506	0.00491	0.00957	0.01312	0.05926	0.12804	0.21277	0.48229	0.01450	0.00682	0.00199	0.00308	0.01243	0.00552	0.00513
30	0.00697	0.00498	0.00664	0.00796	0.00830	0.00465	0.00531	0.00796	0.01095	0.01460	0.03153	0.79525	0.03783	0.01792	0.00730	0.00232	0.00332	0.01626	0.00531	0.00465
31	0.00757	0.00634	0.00641	0.00619	0.00826	0.00552	0.00470	0.04776	0.01378	0.01656	0.05557	0.05283	0.72061	0.01408	0.00670	0.00192	0.00308	0.01170	0.00533	0.00509
32	0.01080	0.01017	0.01716	0.78523	0.03940	0.01271	0.01589	0.01461	0.01144	0.01461	0.01017	0.01525	0.00762	0.00572	0.00572	0.00191	0.00762	0.00508	0.00254	0.00635
33	0.01080	0.01017	0.01716	0.78523	0.03940	0.01271	0.01589	0.01461	0.01144	0.01461	0.01017	0.01525	0.00762	0.00572	0.00572	0.00191	0.00762	0.00508	0.00254	0.00635
34	0.02566	0.00973	0.01327	0.01018	0.01460	0.00841	0.00841	0.02788	0.01637	0.76726	0.02257	0.01947	0.01416	0.00708	0.00575	0.00177	0.00487	0.00575	0.00708	0.00973
35	0.00697	0.00498	0.00664	0.00796	0.00830	0.00465	0.00531	0.00796	0.01095	0.01460	0.03153	0.79525	0.03783	0.01792	0.00730	0.00232	0.00332	0.01626	0.00531	0.00465
36	0.02174	0.01602	0.01717	0.01316	0.01774	0.01774	0.01087	0.74423	0.02689	0.03605	0.01373	0.01373	0.00973	0.00687	0.00572	0.00172	0.00629	0.00515	0.00572	0.00973
37	0.02476	0.00994	0.01325	0.01029	0.01462	0.00887	0.00846	0.02807	0.07457	0.70853	0.02262	0.01962	0.01442	0.00713	0.00576	0.00178	0.00484	0.00581	0.00698	0.00968
38	0.02174	0.01602	0.01717	0.01316	0.01774	0.01774	0.01087	0.74423	0.02689	0.03605	0.01373	0.01373	0.00973	0.00687	0.00572	0.00172	0.00629	0.00515	0.00572	0.00973
39	0.01335	0.01513	0.03280	0.06781	0.03044	0.01436	0.70081	0.01811	0.01338	0.01811	0.01149	0.01542	0.00862	0.00487	0.00669	0.00193	0.00953	0.00665	0.00287	0.00764

[dist]
# distance from previous block
# <min> <max>
0	1

[block]
# block no. 4 follows, 41 sequences, length 33
# corresponding to MSA columns:
# 326-358
name=unknown_E
#
# <colnr> <probs for GDERKNQSTAVLIFYWHMCP>
#	G	D	E	R	K	N	Q	S	T	A	V	L	I	F	Y	W	H	M	C	P
0	0.01416	0.01359	0.02322	0.03511	0.76330	0.01359	0.01755	0.01755	0.01302	0.01869	0.01076	0.01416	0.00906	0.00510	0.00566	0.00170	0.00680	0.00510	0.00283	0.00906
1	0.01416	0.01359	0.02322	0.03511	0.76330	0.01359	0.01755	0.01755	0.01302	0.01869	0.01076	0.01416	0.00906	0.00510	0.00566	0.00170	0.00680	0.00510	0.00283	0.00906
2	0.00810	0.00585	0.00765	0.00720	0.00855	0.00540	0.00540	0.01079	0.01619	0.02294	0.76028	0.04273	0.05397	0.01169	0.00675	0.00180	0.00270	0.01034	0.00630	0.00540
3	0.00707	0.00581	0.00622	0.00612	0.00792	0.00496	0.00459	0.00881	0.01377	0.01719	0.22085	0.05219	0.59699	0.01384	0.00676	0.00190	0.00285	0.01167	0.00554	0.00496
4	0.00715	0.00592	0.00634	0.00655	0.00838	0.00511	0.00512	0.00879	0.01306	0.01572	0.05356	0.05655	0.64562	0.01469	0.00694	0.00204	0.00327	0.12500	0.00530	0.00490
5	0.02566	0.00973	0.01327	0.01018	0.01460	0.00841	0.00841	0.02788	0.01637	0.76726	0.02257	0.01947	0.01416	0.00708	0.00575	0.00177	0.00487	0.00575	0.00708	0.00973
6	0.02566	0.00973	0.01327	0.01018	0.01460	0.00841	0.00841	0.02788	0.01637	0.76726	0.02257	0.01947	0.01416	0.00708	0.00575	0.00177	0.00487	0.00575	0.00708	0.00973
7	0.00697	0.00498	0.00664	0.00796	0.00830	0.00465	0.00531	0.00796	0.01095	0.01460	0.03153	0.79525	0.03783	0.01792	0.00730	0.00232	0.00332	0.01626	0.00531	0.00465
8	0.01080	0.01017	0.01716	0.78523	0.03940	0.01271	0.01589	0.01461	0.01144	0.01461	0.01017	0.01525	0.00762	0.00572	0.00572	0.00191	0.00762	0.00508	0.00254	0.00635
9	0.01423	0.01229	0.01293	0.01164	0.01487	0.01423	0.00905	0.03039	0.75297	0.02393	0.02328	0.02134	0.01746	0.00776	0.00582	0.00194	0.00453	0.00647	0.00582	0.00905
10	0.01186	0.01017	0.01186	0.00847	0.01356	0.00762	0.00678	0.01440	0.01186	0.01864	0.01017	0.01186	0.00847	0.00424	0.00424	0.00085	0.00424	0.00339	0.00339	0.83395
11	0.01307	0.01460	0.03112	0.14471	0.03140	0.01419	0.62739	0.01773	0.01317	0.01773	0.01135	0.01540	0.00851	0.00496	0.00659	0.00193	0.00932	0.00649	0.00284	0.00750
12	0.02020	0.14904	0.01834	0.01377	0.01712	0.59403	0.01078	0.05896	0.03918	0.01535	0.00940	0.01066	0.00780	0.00584	0.00497	0.00146	0.00926	0.00375	0.00310	0.00698
13	0.05715	0.01264	0.01317	0.01160	0.01500	0.01455	0.00911	0.10906	0.63434	0.02536	0.02144	0.01988	0.01603	0.00754	0.00569	0.00191	0.00472	0.00615	0.00569	0.00898
14	0.00703	0.00578	0.00619	0.00614	0.00791	0.00494	0.00458	0.00872	0.01361	0.01693	0.19791	0.07306	0.59934	0.01402	0.00677	0.00192	0.00287	0.01184	0.00551	0.00494
15	0.02174	0.01602	0.01717	0.01316	0.01774	0.01774	0.01087	0.74423	0.02689	0.03605	0.01373	0.01373	0.00973	0.00687	0.00572	0.00172	0.00629	0.00515	0.00572	0.00973
16	0.00676	0.00579	0.00579	0.00579	0.00773	0.00483	0.00435	0.00821	0.01304	0.01545	0.05794	0.05505	0.76098	0.01449	0.00676	0.00193	0.00290	0.01207	0.00531	0.00483
17	0.01186	0.01017	0.01186	0.00847	0.01356	0.00762	0.00678	0.01440	0.01186	0.01864	0.01017	0.01186	0.00847	0.00424	0.00424	0.00085	0.00424	0.00339	0.00339	0.83395
18	0.00817	0.00613	0.00919	0.00919	0.01021	0.00715	0.00715	0.01021	0.00919	0.01328	0.01532	0.02247	0.01430	0.04290	0.77631	0.00919	0.01532	0.00613	0.00306	0.00511
19	0.02183	0.00889	0.01205	0.00953	0.01328	0.00775	0.00775	0.02415	0.01633	0.60490	0.18349	0.02454	0.02284	0.00809	0.00597	0.00178	0.00439	0.00675	0.00691	0.00879
20	0.02174	0.01602	0.01717	0.01316	0.01774	0.01774	0.01087	0.74423	0.02689	0.03605	0.01373	0.01373	0.00973	0.00687	0.00572	0.00172	0.00629	0.00515	0.00572	0.00973
21	0.01324	0.01460	0.03028	0.02163	0.02731	0.01338	0.62595	0.01770	0.01324	0.01837	0.01135	0.01486	0.00865	0.00473	0.00635	0.00176	0.00879	0.00622	0.00297	0.13863
22	0.01092	0.01029	0.01737	0.75870	0.06500	0.01274	0.01594	0.01472	0.01149	0.01476	0.01019	0.01521	0.00768	0.00570	0.00572	0.00190	0.00760	0.00508	0.00255	0.00645
23	0.01147	0.02959	0.76934	0.01630	0.02476	0.01328	0.02113	0.01811	0.01208	0.01811	0.01026	0.01208	0.00725	0.00543	0.00543	0.00181	0.00845	0.00423	0.00242	0.00845
24	0.02277	0.00930	0.01249	0.00979	0.01373	0.00820	0.00800	0.04574	0.01664	0.62832	0.13920	0.02299	0.02034	0.00780	0.00591	0.00177	0.00456	0.00646	0.00692	0.00905
25	0.01179	0.02734	0.65279	0.01754	0.02557	0.01347	0.13544	0.01815	0.01230	0.01815	0.01047	0.01261	0.00747	0.00534	0.00564	0.00183	0.00864	0.00463	0.00249	0.00834
26	0.00697	0.00498	0.00664	0.00796	0.00830	0.00465	0.00531	0.00796	0.01095	0.01460	0.03153	0.79525	0.03783	0.01792	0.00730	0.00232	0.00332	0.01626	0.00531	0.00465
27	0.01251	0.01251	0.01752	0.01502	0.01502	0.01752	0.01251	0.01377	0.00876	0.01377	0.00751	0.01251	0.00751	0.01001	0.01877	0.00250	0.78851	0.00501	0.00250	0.00626
28	0.02445	0.01060	0.01370	0.01055	0.01489	0.00978	0.00870	0.14080	0.01803	0.62617	0.04617	0.01935	0.01481	0.00720	0.00578	0.00176	0.00502	0.00581	0.00684	0.00959
29	0.01373	0.01101	0.01226	0.01091	0.01422	0.01180	0.00868	0.02511	0.49344	0.06004	0.02216	0.02584	0.01805	0.00830	0.00586	0.00186	0.00460	0.10744	0.00542	0.13926
30	0.00744	0.00498	0.00677	0.00788	0.00816	0.00470	0.00526	0.00788	0.01040	0.01386	0.02810	0.67200	0.03341	0.01823	0.00969	0.13404	0.00358	0.01447	0.00486	0.00430
31	0.00744	0.00498	0.00677	0.00788	0.00816	0.00470	0.00526	0.00788	0.01040	0.01386	0.02810	0.67200	0.03341	0.01823	0.00969	0.13404	0.00358	0.01447	0.00486	0.00430
32	0.15185	0.01435	0.01523	0.01185	0.01624	0.01565	0.00978	0.52842	0.02270	0.13704	0.01406	0.01383	0.00979	0.00665	0.00538	0.00173	0.00580	0.00491	0.00557	0.00917

[dist]
# distance from previous block
# <min> <max>
0	3

[block]
# block no. 5 follows, 41 sequences, length 15
# corresponding to MSA columns:
# 362-376
name=unknown_F
#
# <colnr> <probs for GDERKNQSTAVLIFYWHMCP>
#	G	D	E	R	K	N	Q	S	T	A	V	L	I	F	Y	W	H	M	C	P
0	0.01183	0.00702	0.00885	0.00789	0.01000	0.00657	0.00609	0.01536	0.07117	0.16025	0.48343	0.03669	0.09243	0.01051	0.00636	0.00179	0.00325	0.00909	0.04497	0.00643
1	0.00832	0.00555	0.00624	0.00624	0.00624	0.00555	0.00347	0.00832	0.00832	0.01109	0.01802	0.03743	0.02080	0.79898	0.02911	0.00555	0.00555	0.00832	0.00347	0.00347
2	0.01010	0.00813	0.00847	0.00769	0.01014	0.00791	0.00595	0.14615	0.07029	0.01985	0.04595	0.07959	0.53291	0.01274	0.00652	0.00191	0.00367	0.01057	0.00543	0.00604
3	0.01061	0.00603	0.00772	0.00790	0.00910	0.00549	0.00551	0.01173	0.01179	0.15357	0.03065	0.46397	0.10630	0.12944	0.01014	0.00265	0.00389	0.01272	0.00537	0.00544
4	0.01049	0.00539	0.00560	0.00560	0.00691	0.00546	0.00422	0.01311	0.01180	0.02076	0.01842	0.02141	0.01464	0.00921	0.05828	0.00189	0.00356	0.00539	0.77256	0.00532
5	0.02174	0.01602	0.01717	0.01316	0.01774	0.01774	0.01087	0.74423	0.02689	0.03605	0.01373	0.01373	0.00973	0.00687	0.00572	0.00172	0.00629	0.00515	0.00572	0.00973
6	0.01174	0.00704	0.00899	0.00801	0.01010	0.00658	0.00618	0.01529	0.07062	0.16051	0.53586	0.03742	0.07734	0.01068	0.00649	0.00181	0.00324	0.00929	0.00636	0.00644
7	0.01186	0.01017	0.01186	0.00847	0.01356	0.00762	0.00678	0.01440	0.01186	0.01864	0.01017	0.01186	0.00847	0.00424	0.00424	0.00085	0.00424	0.00339	0.00339	0.83395
8	0.00817	0.00613	0.00919	0.00919	0.01021	0.00715	0.00715	0.01021	0.00919	0.01328	0.01532	0.02247	0.01430	0.04290	0.77631	0.00919	0.01532	0.00613	0.00306	0.00511
9	0.17296	0.00928	0.01141	0.00943	0.01307	0.00875	0.00779	0.02251	0.01480	0.48019	0.09263	0.02448	0.01850	0.00810	0.00566	0.00186	0.00461	0.07962	0.00616	0.00820
10	0.01772	0.01189	0.01332	0.01137	0.01500	0.01297	0.00901	0.07991	0.51098	0.21748	0.02242	0.02032	0.01606	0.00752	0.00580	0.00188	0.00474	0.00619	0.00614	0.00928
11	0.00714	0.00510	0.00683	0.00816	0.00856	0.00479	0.00560	0.00826	0.01112	0.01479	0.03143	0.74033	0.03746	0.01776	0.00735	0.00235	0.00346	0.06951	0.00531	0.00469
12	0.00902	0.00600	0.00789	0.00742	0.00887	0.00551	0.00556	0.01156	0.01581	0.06486	0.66416	0.09711	0.05050	0.01189	0.00673	0.00184	0.00287	0.01052	0.00627	0.00559
13	0.00771	0.00581	0.00701	0.00672	0.00817	0.00523	0.00497	0.00987	0.01479	0.02000	0.50591	0.04614	0.26553	0.05744	0.00803	0.00205	0.00292	0.01075	0.00584	0.00512
14	0.00817	0.00613	0.00919	0.00919	0.01021	0.00715	0.00715	0.01021	0.00919	0.01328	0.01532	0.02247	0.01430	0.04290	0.77631	0.00919	0.01532	0.00613	0.00306	0.00511

[dist]
# distance from previous block
# <min> <max>
0	262

# created by:
# /software/SequenceAnalysis/GenePrediction/augustus/3.0.1/scripts/msa2prfl.pl ./fixed/BUSCOvEOG7XSN3T.fas
