[name]
unknown

[dist]
# distance from previous block
# <min> <max>
4	55

[block]
# block no. 0 follows, 38 sequences, length 7
# corresponding to MSA columns:
# 67-73
name=unknown_A
#
# <colnr> <probs for GDERKNQSTAVLIFYWHMCP>
#	G	D	E	R	K	N	Q	S	T	A	V	L	I	F	Y	W	H	M	C	P
0	0.11979	0.01325	0.01297	0.01110	0.01409	0.14621	0.00882	0.02127	0.04425	0.25638	0.15446	0.02260	0.04610	0.00855	0.00741	0.00191	0.09135	0.00640	0.00539	0.00771
1	0.27803	0.01083	0.01094	0.00964	0.01316	0.01140	0.00776	0.02001	0.21338	0.02373	0.07618	0.02315	0.01750	0.00784	0.00532	0.00181	0.00459	0.08346	0.00479	0.17649
2	0.10322	0.00888	0.01033	0.00865	0.01196	0.00816	0.00687	0.03692	0.03475	0.24037	0.18765	0.03196	0.18321	0.00972	0.00610	0.00181	0.00408	0.00801	0.00599	0.09137
3	0.01075	0.01153	0.14319	0.00941	0.01156	0.00860	0.00800	0.08832	0.01180	0.01614	0.01820	0.09521	0.01957	0.49793	0.02153	0.00440	0.00627	0.00832	0.00387	0.00541
4	0.01105	0.01057	0.01869	0.01487	0.01785	0.01033	0.25304	0.01399	0.01328	0.01862	0.14978	0.22558	0.02573	0.01057	0.00834	0.00206	0.08930	0.00988	0.00438	0.09208
5	0.01362	0.07177	0.41926	0.01492	0.02136	0.09477	0.01666	0.01833	0.01272	0.01789	0.01015	0.01232	0.00790	0.00603	0.00686	0.00172	0.09113	0.00424	0.00280	0.15555
6	0.01303	0.11234	0.54273	0.01550	0.02299	0.01524	0.01861	0.02126	0.14379	0.01961	0.01299	0.01412	0.00957	0.00609	0.00558	0.00186	0.00787	0.00473	0.00319	0.00887

[dist]
# distance from previous block
# <min> <max>
0	4

[block]
# block no. 1 follows, 38 sequences, length 10
# corresponding to MSA columns:
# 78-87
name=unknown_B
#
# <colnr> <probs for GDERKNQSTAVLIFYWHMCP>
#	G	D	E	R	K	N	Q	S	T	A	V	L	I	F	Y	W	H	M	C	P
0	0.07835	0.02052	0.34095	0.01471	0.02101	0.01295	0.09192	0.07103	0.07164	0.02211	0.07873	0.01663	0.01335	0.00637	0.00572	0.00178	0.00706	0.00536	0.00373	0.11607
1	0.06775	0.08267	0.29477	0.09751	0.02409	0.01489	0.12233	0.12166	0.01462	0.02098	0.01181	0.01551	0.00933	0.06766	0.00769	0.00218	0.00793	0.00524	0.00331	0.00807
2	0.01839	0.01319	0.01559	0.01454	0.09497	0.01409	0.01049	0.30129	0.17897	0.11558	0.11358	0.02235	0.04330	0.00818	0.00621	0.00188	0.00548	0.00674	0.00595	0.00924
3	0.01712	0.01492	0.14045	0.03631	0.01781	0.01129	0.01110	0.15988	0.01698	0.17636	0.07358	0.01730	0.01402	0.00652	0.00557	0.00156	0.00576	0.00524	0.00490	0.26331
4	0.03992	0.01214	0.01282	0.01034	0.01427	0.07801	0.00823	0.09774	0.07498	0.21564	0.10378	0.01999	0.01740	0.00715	0.00554	0.00158	0.00515	0.00572	0.06772	0.20187
5	0.01435	0.01583	0.08891	0.07319	0.02375	0.07373	0.29658	0.08287	0.05519	0.02043	0.01430	0.03897	0.01142	0.00931	0.06402	0.00248	0.00879	0.00638	0.09180	0.00768
6	0.01433	0.01185	0.01647	0.01269	0.01708	0.01099	0.13065	0.12587	0.07938	0.05399	0.01765	0.12864	0.03041	0.00777	0.00589	0.00162	0.00564	0.00702	0.00458	0.31749
7	0.01364	0.16799	0.38305	0.01855	0.08962	0.01611	0.12948	0.01987	0.07094	0.01871	0.01170	0.01366	0.00890	0.00567	0.00564	0.00181	0.00814	0.00490	0.00295	0.00866
8	0.10225	0.01595	0.01688	0.04476	0.01873	0.11388	0.06726	0.28753	0.01895	0.02643	0.01180	0.01317	0.00899	0.00596	0.00537	0.00156	0.00675	0.00463	0.00437	0.22477
9	0.01522	0.07678	0.28564	0.01922	0.12894	0.01406	0.13059	0.07546	0.01468	0.09940	0.01430	0.07314	0.01159	0.00682	0.00605	0.00189	0.00766	0.00613	0.00372	0.00872

[dist]
# distance from previous block
# <min> <max>
0	1

[block]
# block no. 2 follows, 38 sequences, length 67
# corresponding to MSA columns:
# 89-155
name=unknown_C
#
# <colnr> <probs for GDERKNQSTAVLIFYWHMCP>
#	G	D	E	R	K	N	Q	S	T	A	V	L	I	F	Y	W	H	M	C	P
0	0.01406	0.01125	0.01350	0.01021	0.01464	0.01005	0.00823	0.07715	0.01369	0.06226	0.01238	0.04562	0.01054	0.00617	0.00658	0.00129	0.09410	0.00463	0.00397	0.57967
1	0.01388	0.01464	0.06546	0.06334	0.39129	0.01312	0.15104	0.01778	0.01344	0.01930	0.01174	0.01575	0.00968	0.00543	0.00594	0.00171	0.00734	0.02005	0.00311	0.15596
2	0.01590	0.00920	0.01140	0.00961	0.01251	0.00898	0.00759	0.11386	0.07475	0.22256	0.39913	0.03254	0.03631	0.00999	0.00659	0.00188	0.00411	0.00854	0.00672	0.00781
3	0.01105	0.00810	0.05225	0.11820	0.01499	0.00716	0.00843	0.01241	0.01185	0.10062	0.04900	0.37827	0.02587	0.01509	0.00997	0.15043	0.00492	0.01107	0.00471	0.00561
4	0.01539	0.62812	0.02808	0.01065	0.01534	0.02147	0.01020	0.01735	0.01197	0.01481	0.00859	0.01031	0.00787	0.00558	0.00543	0.00137	0.07910	0.00345	0.00269	0.10223
5	0.01217	0.01033	0.01221	0.00919	0.01393	0.00836	0.00731	0.01559	0.05355	0.01927	0.01210	0.01433	0.01016	0.00937	0.09253	0.00197	0.00582	0.00408	0.00367	0.68405
6	0.01600	0.02571	0.53794	0.01560	0.02326	0.01359	0.01857	0.10329	0.01532	0.15384	0.01355	0.01430	0.00923	0.00620	0.00581	0.00189	0.00795	0.00485	0.00383	0.00929
7	0.04296	0.09315	0.56433	0.01669	0.02461	0.01467	0.08683	0.01943	0.01293	0.05421	0.01125	0.01304	0.00808	0.00568	0.00563	0.00186	0.00846	0.00462	0.00287	0.00870
8	0.01608	0.79220	0.03152	0.01029	0.01544	0.02380	0.01029	0.01801	0.01222	0.01415	0.00836	0.00965	0.00772	0.00515	0.00386	0.00129	0.00643	0.00322	0.00257	0.00772
9	0.00749	0.00530	0.00693	0.00817	0.00847	0.00500	0.00536	0.00842	0.01120	0.01493	0.03151	0.69841	0.03771	0.10792	0.01033	0.00284	0.00376	0.01614	0.00536	0.00474
10	0.00944	0.00832	0.01363	0.07741	0.01586	0.00878	0.11707	0.01141	0.01175	0.01590	0.02511	0.49854	0.02863	0.01465	0.00886	0.00237	0.09450	0.02742	0.00461	0.00574
11	0.01093	0.00563	0.00572	0.00572	0.00696	0.00563	0.00414	0.01341	0.01217	0.02118	0.01955	0.02439	0.01617	0.09745	0.00726	0.00191	0.00315	0.00597	0.72728	0.00538
12	0.00711	0.00609	0.00609	0.00609	0.00813	0.00508	0.00457	0.00863	0.01371	0.01625	0.06094	0.05789	0.74862	0.01524	0.00711	0.00203	0.00305	0.01270	0.00559	0.00508
13	0.02320	0.01141	0.01409	0.01134	0.01563	0.01121	0.00919	0.07002	0.23174	0.49842	0.02343	0.02071	0.01565	0.00764	0.00607	0.00191	0.00510	0.00624	0.00697	0.01003
14	0.01462	0.01375	0.02140	0.08055	0.44288	0.01448	0.05613	0.02229	0.22854	0.02096	0.01522	0.01728	0.01201	0.00622	0.00607	0.00189	0.00667	0.00588	0.00389	0.00925
15	0.01567	0.01441	0.01393	0.01255	0.01592	0.08581	0.00972	0.03122	0.67183	0.02418	0.02305	0.02135	0.01736	0.00798	0.00606	0.00199	0.00534	0.00652	0.00584	0.00928
16	0.00875	0.00583	0.00656	0.00656	0.00656	0.00583	0.00365	0.00875	0.00875	0.01166	0.01895	0.03937	0.02187	0.78858	0.03062	0.00583	0.00583	0.00875	0.00365	0.00365
17	0.01975	0.01564	0.02226	0.01663	0.02160	0.01635	0.22324	0.42584	0.04343	0.07210	0.01484	0.01593	0.01065	0.00662	0.00626	0.00186	0.00734	0.00600	0.04432	0.00936
18	0.00912	0.00722	0.01068	0.01038	0.01133	0.00878	0.00817	0.01117	0.00962	0.01402	0.01516	0.02242	0.01421	0.04112	0.67853	0.00885	0.10423	0.00631	0.00315	0.00551
19	0.00733	0.00524	0.00698	0.00838	0.00873	0.00489	0.00558	0.00838	0.01152	0.01536	0.03316	0.78466	0.03979	0.01885	0.00768	0.00244	0.00349	0.01710	0.00558	0.00489
20	0.01379	0.01479	0.02102	0.50830	0.03569	0.14334	0.14417	0.01757	0.01329	0.01596	0.01072	0.01518	0.00817	0.00588	0.00611	0.00193	0.00889	0.00541	0.00281	0.00699
21	0.01264	0.02431	0.49461	0.01507	0.02194	0.01376	0.01746	0.02228	0.22799	0.02070	0.01770	0.01815	0.05296	0.00698	0.00591	0.00195	0.00734	0.00561	0.00377	0.00886
22	0.02212	0.01648	0.01763	0.01369	0.01837	0.01831	0.01125	0.66492	0.09558	0.03671	0.01539	0.01520	0.01100	0.00731	0.00603	0.00183	0.00644	0.00555	0.00603	0.01016
23	0.83108	0.01163	0.00884	0.00791	0.01163	0.01350	0.00651	0.01768	0.01024	0.02699	0.00838	0.00977	0.00651	0.00558	0.00372	0.00186	0.00465	0.00326	0.00372	0.00651
24	0.01045	0.00522	0.00784	0.00784	0.00784	0.00522	0.00522	0.00784	0.00784	0.01045	0.01045	0.01829	0.01045	0.02090	0.02351	0.82497	0.00522	0.00522	0.00261	0.00261
25	0.00859	0.00645	0.00967	0.00967	0.01074	0.00752	0.00752	0.01074	0.00967	0.01396	0.01611	0.02363	0.01504	0.04512	0.76474	0.00967	0.01611	0.00645	0.00322	0.00537
26	0.01045	0.00522	0.00784	0.00784	0.00784	0.00522	0.00522	0.00784	0.00784	0.01045	0.01045	0.01829	0.01045	0.02090	0.02351	0.82497	0.00522	0.00522	0.00261	0.00261
27	0.83108	0.01163	0.00884	0.00791	0.01163	0.01350	0.00651	0.01768	0.01024	0.02699	0.00838	0.00977	0.00651	0.00558	0.00372	0.00186	0.00465	0.00326	0.00372	0.00651
28	0.11551	0.01572	0.01651	0.01273	0.01747	0.01715	0.01050	0.58718	0.02484	0.03508	0.01342	0.01373	0.00969	0.00680	0.00562	0.00173	0.00621	0.00501	0.00554	0.07957
29	0.00714	0.00597	0.00622	0.00642	0.00821	0.00505	0.00472	0.00860	0.01339	0.01612	0.05692	0.16312	0.64598	0.01576	0.00719	0.00209	0.00311	0.01333	0.00559	0.00505
30	0.01639	0.01363	0.01440	0.01253	0.01619	0.01563	0.00987	0.15788	0.61195	0.02746	0.02268	0.02100	0.01690	0.00799	0.00610	0.00200	0.00510	0.00655	0.00610	0.00965
31	0.02699	0.01024	0.01396	0.01070	0.01536	0.00884	0.00884	0.02932	0.01722	0.75522	0.02373	0.02048	0.01489	0.00745	0.00605	0.00186	0.00512	0.00605	0.00745	0.01024
32	0.16159	0.01544	0.01592	0.01253	0.01695	0.01722	0.01027	0.55338	0.05871	0.03465	0.01401	0.01474	0.01032	0.02970	0.00634	0.00194	0.00617	0.00521	0.00556	0.00936
33	0.01297	0.11634	0.54243	0.01882	0.08738	0.01525	0.08736	0.01890	0.01287	0.01856	0.01069	0.01287	0.00794	0.00556	0.00565	0.00184	0.00858	0.00463	0.00263	0.00874
34	0.02699	0.01024	0.01396	0.01070	0.01536	0.00884	0.00884	0.02932	0.01722	0.75522	0.02373	0.02048	0.01489	0.00745	0.00605	0.00186	0.00512	0.00605	0.00745	0.01024
35	0.01206	0.01141	0.01931	0.62707	0.18298	0.01355	0.01706	0.01599	0.01236	0.01622	0.01082	0.01581	0.00832	0.00588	0.00600	0.00196	0.00785	0.00535	0.00273	0.00725
36	0.01529	0.01822	0.16304	0.02218	0.02861	0.01425	0.51850	0.02039	0.01428	0.10440	0.01326	0.01608	0.00952	0.00546	0.00673	0.00199	0.00934	0.00650	0.00346	0.00850
37	0.01564	0.01230	0.01874	0.01522	0.01708	0.01488	0.10377	0.01779	0.01221	0.16513	0.08159	0.01803	0.01408	0.00937	0.01416	0.00233	0.45003	0.00619	0.00403	0.00743
38	0.00733	0.00524	0.00698	0.00838	0.00873	0.00489	0.00558	0.00838	0.01152	0.01536	0.03316	0.78466	0.03979	0.01885	0.00768	0.00244	0.00349	0.01710	0.00558	0.00489
39	0.01279	0.01411	0.02965	0.02167	0.02680	0.01316	0.58341	0.01711	0.01391	0.01859	0.01961	0.08682	0.09733	0.00743	0.00715	0.00206	0.00875	0.00860	0.00355	0.00749
40	0.11010	0.01411	0.02109	0.02927	0.53330	0.01467	0.01565	0.08689	0.07686	0.02270	0.01240	0.01490	0.01000	0.00580	0.00572	0.00182	0.00660	0.00525	0.00362	0.00925
41	0.01306	0.00912	0.01316	0.01578	0.14610	0.00912	0.01116	0.01707	0.07291	0.10419	0.02662	0.04916	0.02650	0.01285	0.00745	0.00243	0.00572	0.44513	0.00535	0.00712
42	0.01435	0.01180	0.01348	0.00980	0.01505	0.00994	0.00790	0.14409	0.01532	0.02290	0.01137	0.01283	0.00915	0.00495	0.00474	0.00106	0.00485	0.00390	0.00401	0.67853
43	0.01207	0.03112	0.75741	0.01715	0.02604	0.01397	0.02223	0.01905	0.01270	0.01905	0.01080	0.01270	0.00762	0.00572	0.00572	0.00191	0.00889	0.00445	0.00254	0.00889
44	0.83108	0.01163	0.00884	0.00791	0.01163	0.01350	0.00651	0.01768	0.01024	0.02699	0.00838	0.00977	0.00651	0.00558	0.00372	0.00186	0.00465	0.00326	0.00372	0.00651
45	0.01467	0.01258	0.01327	0.01197	0.01521	0.01453	0.00924	0.03085	0.70514	0.02452	0.02422	0.02326	0.01853	0.04556	0.00730	0.00222	0.00481	0.00689	0.00600	0.00924
46	0.00875	0.00583	0.00656	0.00656	0.00656	0.00583	0.00365	0.00875	0.00875	0.01166	0.01895	0.03937	0.02187	0.78858	0.03062	0.00583	0.00583	0.00875	0.00365	0.00365
47	0.00733	0.00524	0.00698	0.00838	0.00873	0.00489	0.00558	0.00838	0.01152	0.01536	0.03316	0.78466	0.03979	0.01885	0.00768	0.00244	0.00349	0.01710	0.00558	0.00489
48	0.00851	0.00615	0.00804	0.00757	0.00899	0.00568	0.00568	0.01135	0.01703	0.02412	0.74788	0.04494	0.05676	0.01230	0.00710	0.00189	0.00284	0.01088	0.00662	0.00568
49	0.01136	0.01069	0.01804	0.77412	0.04143	0.01337	0.01671	0.01537	0.01203	0.01537	0.01069	0.01604	0.00802	0.00601	0.00601	0.00200	0.00802	0.00535	0.00267	0.00668
50	0.01608	0.79220	0.03152	0.01029	0.01544	0.02380	0.01029	0.01801	0.01222	0.01415	0.00836	0.00965	0.00772	0.00515	0.00386	0.00129	0.00643	0.00322	0.00257	0.00772
51	0.02287	0.01685	0.01805	0.01384	0.01866	0.01866	0.01143	0.73100	0.02828	0.03791	0.01444	0.01444	0.01023	0.00722	0.00602	0.00181	0.00662	0.00542	0.00602	0.01023
52	0.01730	0.01408	0.01492	0.01272	0.01653	0.01606	0.01009	0.23878	0.52957	0.02894	0.02151	0.02008	0.01596	0.00788	0.00609	0.00197	0.00531	0.00639	0.00609	0.00973
53	0.01316	0.01316	0.01843	0.01579	0.01579	0.01843	0.01316	0.01448	0.00921	0.01448	0.00790	0.01316	0.00790	0.01053	0.01974	0.00263	0.77757	0.00526	0.00263	0.00658
54	0.01247	0.01069	0.01247	0.00891	0.01426	0.00802	0.00713	0.01515	0.01247	0.01960	0.01069	0.01247	0.00891	0.00446	0.00446	0.00089	0.00446	0.00356	0.00356	0.82536
55	0.01950	0.01565	0.01989	0.01532	0.01981	0.03289	0.14005	0.50358	0.02356	0.03143	0.01609	0.10382	0.01340	0.00816	0.00639	0.00191	0.00699	0.00704	0.00537	0.00916
56	0.00859	0.00645	0.00967	0.00967	0.01074	0.00752	0.00752	0.01074	0.00967	0.01396	0.01611	0.02363	0.01504	0.04512	0.76474	0.00967	0.01611	0.00645	0.00322	0.00537
57	0.00776	0.00554	0.00747	0.00886	0.00940	0.00525	0.00632	0.00911	0.01194	0.01583	0.03292	0.65554	0.03886	0.01845	0.00779	0.00250	0.00386	0.14202	0.00558	0.00500
58	0.00849	0.00572	0.00664	0.00689	0.00695	0.00566	0.00399	0.00868	0.00925	0.01233	0.02151	0.17362	0.02510	0.64993	0.02649	0.00522	0.00541	0.01025	0.00399	0.00387
59	0.01713	0.01244	0.01367	0.01197	0.01559	0.01386	0.00940	0.03149	0.60996	0.15667	0.02435	0.02209	0.01774	0.00803	0.00611	0.00201	0.00483	0.00667	0.00636	0.00965
60	0.00733	0.00524	0.00698	0.00838	0.00873	0.00489	0.00558	0.00838	0.01152	0.01536	0.03316	0.78466	0.03979	0.01885	0.00768	0.00244	0.00349	0.01710	0.00558	0.00489
61	0.02287	0.01685	0.01805	0.01384	0.01866	0.01866	0.01143	0.73100	0.02828	0.03791	0.01444	0.01444	0.01023	0.00722	0.00602	0.00181	0.00662	0.00542	0.00602	0.01023
62	0.00851	0.00615	0.00804	0.00757	0.00899	0.00568	0.00568	0.01135	0.01703	0.02412	0.74788	0.04494	0.05676	0.01230	0.00710	0.00189	0.00284	0.01088	0.00662	0.00568
63	0.01464	0.01434	0.02539	0.07091	0.63378	0.01436	0.10063	0.01841	0.01368	0.01940	0.01138	0.01510	0.00941	0.00536	0.00609	0.00183	0.00754	0.00556	0.00297	0.00923
64	0.01496	0.01292	0.01360	0.01224	0.01564	0.01496	0.00952	0.03197	0.74019	0.02516	0.02448	0.02244	0.01836	0.00816	0.00612	0.00204	0.00476	0.00680	0.00612	0.00952
65	0.01552	0.01472	0.01443	0.14959	0.01997	0.16293	0.01072	0.02455	0.36588	0.03390	0.01733	0.01846	0.01340	0.00884	0.00797	0.09716	0.00662	0.00576	0.00452	0.00772
66	0.01133	0.00978	0.01580	0.63569	0.03523	0.01197	0.01445	0.01513	0.01213	0.01664	0.01230	0.01719	0.00935	0.00619	0.00569	0.00190	0.00708	0.00539	0.15026	0.00649

[dist]
# distance from previous block
# <min> <max>
0	28

[block]
# block no. 3 follows, 38 sequences, length 9
# corresponding to MSA columns:
# 184-192
name=unknown_D
#
# <colnr> <probs for GDERKNQSTAVLIFYWHMCP>
#	G	D	E	R	K	N	Q	S	T	A	V	L	I	F	Y	W	H	M	C	P
0	0.00971	0.00654	0.00727	0.00723	0.00732	0.00640	0.00409	0.00946	0.00937	0.01258	0.01975	0.04024	0.02255	0.77767	0.03064	0.00594	0.00613	0.00899	0.00395	0.00416
1	0.01564	0.01257	0.01418	0.01041	0.01560	0.01126	0.00844	0.23334	0.01729	0.02518	0.01184	0.01307	0.00931	0.00530	0.00493	0.00117	0.00511	0.00413	0.00431	0.57690
2	0.01845	0.62222	0.02771	0.01038	0.01542	0.02055	0.00998	0.02047	0.01331	0.17525	0.01170	0.01200	0.00928	0.00565	0.00434	0.00141	0.00615	0.00383	0.00363	0.00827
3	0.00826	0.00595	0.00781	0.00774	0.00893	0.00550	0.00566	0.01071	0.01583	0.02222	0.59252	0.20573	0.05307	0.01372	0.00722	0.00201	0.00298	0.01223	0.00640	0.00550
4	0.00953	0.00735	0.00920	0.00802	0.01045	0.00627	0.00608	0.01217	0.01526	0.02208	0.47687	0.10043	0.04174	0.01065	0.00640	0.00166	0.00335	0.00935	0.00567	0.23746
5	0.02287	0.01685	0.01805	0.01384	0.01866	0.01866	0.01143	0.73100	0.02828	0.03791	0.01444	0.01444	0.01023	0.00722	0.00602	0.00181	0.00662	0.00542	0.00602	0.01023
6	0.00733	0.00524	0.00698	0.00838	0.00873	0.00489	0.00558	0.00838	0.01152	0.01536	0.03316	0.78466	0.03979	0.01885	0.00768	0.00244	0.00349	0.01710	0.00558	0.00489
7	0.00820	0.00614	0.00760	0.00724	0.00879	0.00554	0.00543	0.01074	0.01628	0.02235	0.59337	0.04785	0.21238	0.01296	0.00710	0.00192	0.00289	0.01129	0.00639	0.00554
8	0.01397	0.01556	0.03179	0.02328	0.02804	0.01591	0.57356	0.01823	0.01311	0.01823	0.01124	0.01556	0.00886	0.00626	0.00985	0.00216	0.17696	0.00670	0.00295	0.00778

[dist]
# distance from previous block
# <min> <max>
0	1

[block]
# block no. 4 follows, 38 sequences, length 13
# corresponding to MSA columns:
# 194-206
name=unknown_E
#
# <colnr> <probs for GDERKNQSTAVLIFYWHMCP>
#	G	D	E	R	K	N	Q	S	T	A	V	L	I	F	Y	W	H	M	C	P
0	0.00859	0.00645	0.00967	0.00967	0.01074	0.00752	0.00752	0.01074	0.00967	0.01396	0.01611	0.02363	0.01504	0.04512	0.76474	0.00967	0.01611	0.00645	0.00322	0.00537
1	0.01192	0.00903	0.01060	0.00938	0.01168	0.00936	0.00726	0.12889	0.14542	0.02649	0.50512	0.03617	0.04267	0.01077	0.00675	0.00190	0.00377	0.00930	0.00644	0.00707
2	0.06510	0.01247	0.01459	0.01170	0.01591	0.01276	0.00958	0.27158	0.08114	0.33936	0.02054	0.05317	0.01512	0.00825	0.00610	0.00192	0.00554	0.03918	0.00647	0.00953
3	0.02207	0.01467	0.01622	0.01260	0.01689	0.01578	0.01022	0.54560	0.02452	0.14877	0.01638	0.01796	0.01217	0.08765	0.00855	0.00223	0.00630	0.00586	0.00600	0.00955
4	0.15478	0.00747	0.00814	0.12768	0.01327	0.00822	0.00659	0.01487	0.01211	0.02211	0.01624	0.01920	0.01269	0.00660	0.00441	0.00158	0.00395	0.00515	0.54901	0.00594
5	0.01766	0.01251	0.01665	0.01327	0.01697	0.01328	0.07316	0.07111	0.19604	0.20278	0.01721	0.01753	0.01266	0.00751	0.00851	0.00191	0.15217	0.00574	0.00510	0.13822
6	0.01911	0.01424	0.13124	0.01209	0.01670	0.01155	0.01111	0.09793	0.16901	0.30742	0.09053	0.02359	0.01892	0.00819	0.00621	0.00195	0.00560	0.03931	0.00608	0.00922
7	0.01687	0.44165	0.23222	0.01229	0.01840	0.01842	0.01339	0.02028	0.01323	0.14527	0.01174	0.01240	0.00895	0.00571	0.00476	0.00156	0.00689	0.00406	0.00342	0.00849
8	0.05726	0.01627	0.13516	0.01478	0.01967	0.01425	0.13725	0.15418	0.22646	0.02532	0.09138	0.01962	0.01652	0.00721	0.00612	0.00191	0.00649	0.00634	0.00483	0.03899
9	0.01469	0.15075	0.02275	0.27860	0.30766	0.09282	0.01574	0.01791	0.01322	0.01674	0.01038	0.01394	0.00852	0.00563	0.00555	0.00175	0.00770	0.00483	0.00282	0.00799
10	0.04345	0.01552	0.02083	0.02090	0.21065	0.05420	0.11276	0.32312	0.01989	0.02702	0.01450	0.08229	0.01225	0.00735	0.00620	0.00188	0.00713	0.00652	0.00455	0.00900
11	0.01692	0.36507	0.22008	0.01254	0.01840	0.03365	0.01323	0.03654	0.07694	0.13425	0.01300	0.01342	0.00981	0.00599	0.00498	0.00162	0.00683	0.00437	0.00373	0.00862
12	0.01906	0.01687	0.13298	0.01291	0.01806	0.02793	0.01183	0.35531	0.05849	0.11854	0.05463	0.01766	0.03018	0.00721	0.00589	0.00175	0.00627	0.00565	0.00536	0.09343

[dist]
# distance from previous block
# <min> <max>
25	85

# created by:
# /software/SequenceAnalysis/GenePrediction/augustus/3.0.1/scripts/msa2prfl.pl ./fixed/BUSCOvEOG7D80MJ.fas
