[name]
unknown

[dist]
# distance from previous block
# <min> <max>
2	119

[block]
# block no. 0 follows, 39 sequences, length 107
# corresponding to MSA columns:
# 119-225
name=unknown_A
#
# <colnr> <probs for GDERKNQSTAVLIFYWHMCP>
#	G	D	E	R	K	N	Q	S	T	A	V	L	I	F	Y	W	H	M	C	P
0	0.01117	0.01051	0.01774	0.77795	0.04073	0.01314	0.01642	0.01511	0.01182	0.01511	0.01051	0.01577	0.00788	0.00591	0.00591	0.00197	0.00788	0.00526	0.00263	0.00657
1	0.01547	0.01431	0.01372	0.01237	0.01568	0.09286	0.00957	0.03061	0.66913	0.02367	0.02252	0.02088	0.01697	0.00782	0.00595	0.00196	0.00530	0.00639	0.00571	0.00910
2	0.01261	0.00704	0.00720	0.00663	0.00847	0.00729	0.00512	0.11363	0.01453	0.02415	0.01859	0.02096	0.01445	0.00692	0.00438	0.00143	0.00327	0.00549	0.71169	0.00614
3	0.00721	0.00515	0.00686	0.00823	0.00858	0.00480	0.00549	0.00823	0.01132	0.01510	0.03259	0.78831	0.03911	0.01853	0.00755	0.00240	0.00343	0.01681	0.00549	0.00480
4	0.01294	0.01294	0.01811	0.01553	0.01553	0.01811	0.01294	0.01423	0.00906	0.01423	0.00776	0.01294	0.00776	0.01035	0.01941	0.00259	0.78134	0.00518	0.00259	0.00647
5	0.00845	0.00634	0.00950	0.00950	0.01056	0.00739	0.00739	0.01056	0.00950	0.01373	0.01584	0.02323	0.01478	0.04435	0.76873	0.00950	0.01584	0.00634	0.00317	0.00528
6	0.02395	0.00945	0.01286	0.01014	0.01422	0.00821	0.00826	0.02620	0.01657	0.65713	0.08081	0.06823	0.01933	0.00837	0.00612	0.00187	0.00476	0.00697	0.00715	0.00940
7	0.01158	0.00856	0.01021	0.00896	0.01114	0.00869	0.00694	0.15704	0.06392	0.02648	0.55983	0.03682	0.04433	0.01084	0.00670	0.00185	0.00365	0.00937	0.00636	0.00671
8	0.01369	0.01309	0.02230	0.23821	0.56074	0.01380	0.01768	0.01732	0.01302	0.01817	0.01096	0.01494	0.00896	0.00544	0.00587	0.00181	0.00726	0.00527	0.00285	0.00861
9	0.01349	0.01288	0.02193	0.28195	0.51861	0.01375	0.01758	0.01714	0.01292	0.01793	0.01092	0.01501	0.00888	0.00548	0.00587	0.00183	0.00731	0.00526	0.00283	0.00844
10	0.01340	0.01217	0.01837	0.39905	0.20650	0.01399	0.01511	0.06248	0.16066	0.01940	0.01361	0.01667	0.01042	0.00625	0.00592	0.00191	0.00695	0.00555	0.00358	0.00802
11	0.00860	0.00573	0.00645	0.00645	0.00645	0.00573	0.00358	0.00860	0.00860	0.01147	0.01863	0.03870	0.02150	0.79217	0.03010	0.00573	0.00573	0.00860	0.00358	0.00358
12	0.05796	0.01353	0.01414	0.01218	0.01586	0.01547	0.00964	0.19244	0.54278	0.02771	0.02100	0.01963	0.01563	0.00768	0.00587	0.00194	0.00509	0.00620	0.00587	0.00937
13	0.00983	0.00600	0.00707	0.00698	0.00738	0.00585	0.00421	0.01013	0.00958	0.07032	0.02070	0.12837	0.02311	0.63683	0.02547	0.00502	0.00540	0.00939	0.00411	0.00424
14	0.00780	0.00561	0.00667	0.00718	0.00779	0.00527	0.00471	0.00868	0.01109	0.01448	0.07337	0.31638	0.16798	0.30092	0.01569	0.00352	0.00420	0.02936	0.00485	0.00445
15	0.01581	0.79572	0.03099	0.01012	0.01518	0.02340	0.01012	0.01771	0.01202	0.01391	0.00822	0.00949	0.00759	0.00506	0.00379	0.00126	0.00632	0.00316	0.00253	0.00759
16	0.00845	0.00634	0.00950	0.00950	0.01056	0.00739	0.00739	0.01056	0.00950	0.01373	0.01584	0.02323	0.01478	0.04435	0.76873	0.00950	0.01584	0.00634	0.00317	0.00528
17	0.00725	0.00518	0.00690	0.00821	0.00859	0.00483	0.00549	0.00834	0.01151	0.01540	0.05798	0.76206	0.03970	0.01830	0.00753	0.00238	0.00341	0.01660	0.00553	0.00483
18	0.00767	0.00548	0.00740	0.00877	0.00932	0.00521	0.00630	0.00904	0.01178	0.01562	0.03234	0.64308	0.03809	0.01809	0.00767	0.00247	0.00384	0.15743	0.00548	0.00493
19	0.00699	0.00599	0.00599	0.00599	0.00799	0.00499	0.00449	0.00849	0.01348	0.01598	0.05991	0.05691	0.75288	0.01498	0.00699	0.00200	0.00300	0.01248	0.00549	0.00499
20	0.01047	0.00713	0.00785	0.00716	0.00957	0.00631	0.00553	0.05502	0.01511	0.10962	0.12461	0.04849	0.54478	0.01326	0.00679	0.00195	0.00344	0.01106	0.00585	0.00598
21	0.00710	0.00555	0.00645	0.00716	0.00830	0.00489	0.00501	0.00835	0.01235	0.01552	0.04563	0.43936	0.37965	0.01683	0.00728	0.00221	0.00322	0.01475	0.00549	0.00489
22	0.00721	0.00515	0.00686	0.00823	0.00858	0.00480	0.00549	0.00823	0.01132	0.01510	0.03259	0.78831	0.03911	0.01853	0.00755	0.00240	0.00343	0.01681	0.00549	0.00480
23	0.00953	0.00681	0.00953	0.01089	0.01225	0.00681	0.00953	0.01225	0.01361	0.01770	0.03131	0.06671	0.03403	0.01634	0.00817	0.00272	0.00545	0.71547	0.00545	0.00545
24	0.01226	0.01051	0.01226	0.00876	0.01401	0.00788	0.00701	0.01489	0.01226	0.01927	0.01051	0.01226	0.00876	0.00438	0.00438	0.00088	0.00438	0.00350	0.00350	0.82832
25	0.00790	0.00603	0.00725	0.00695	0.00855	0.00538	0.00521	0.01025	0.01563	0.02107	0.51572	0.04853	0.29388	0.01308	0.00698	0.00191	0.00286	0.01130	0.00616	0.00538
26	0.00739	0.00528	0.00707	0.00841	0.00884	0.00496	0.00578	0.00857	0.01158	0.01544	0.04557	0.72342	0.03905	0.01825	0.00758	0.00241	0.00356	0.06644	0.00550	0.00486
27	0.00721	0.00515	0.00686	0.00823	0.00858	0.00480	0.00549	0.00823	0.01132	0.01510	0.03259	0.78831	0.03911	0.01853	0.00755	0.00240	0.00343	0.01681	0.00549	0.00480
28	0.00710	0.00582	0.00625	0.00651	0.00814	0.00498	0.00474	0.00856	0.01320	0.01616	0.08653	0.20235	0.57807	0.01555	0.00710	0.00207	0.00307	0.01326	0.00554	0.00498
29	0.83394	0.01144	0.00869	0.00778	0.01144	0.01327	0.00640	0.01738	0.01006	0.02653	0.00823	0.00961	0.00640	0.00549	0.00366	0.00183	0.00457	0.00320	0.00366	0.00640
30	0.00848	0.00622	0.00890	0.00890	0.00975	0.00707	0.00664	0.01017	0.00933	0.01328	0.01639	0.02627	0.01610	0.19133	0.62356	0.00876	0.01385	0.00678	0.00325	0.00495
31	0.00824	0.00563	0.00651	0.00679	0.00696	0.00551	0.00402	0.00852	0.00938	0.01242	0.02340	0.19272	0.05898	0.59807	0.02442	0.00488	0.00514	0.01046	0.00406	0.00390
32	0.00714	0.00540	0.00660	0.00755	0.00840	0.00486	0.00519	0.00831	0.01198	0.01536	0.04090	0.56578	0.25628	0.01745	0.00738	0.00228	0.00330	0.01549	0.00549	0.00486
33	0.00939	0.00670	0.00936	0.01073	0.01203	0.00668	0.00928	0.01200	0.01347	0.01754	0.03139	0.11129	0.03435	0.01647	0.00813	0.00270	0.00532	0.67231	0.00545	0.00541
34	0.00892	0.01086	0.15587	0.00941	0.01224	0.00715	0.00891	0.01228	0.01507	0.02109	0.45089	0.08536	0.11241	0.01175	0.00682	0.00196	0.00418	0.05326	0.00549	0.00609
35	0.01939	0.07761	0.06615	0.01448	0.01948	0.01728	0.09926	0.50690	0.02313	0.03087	0.01583	0.01636	0.05166	0.00704	0.00592	0.00178	0.00685	0.00570	0.00506	0.00924
36	0.01446	0.01387	0.02369	0.07384	0.71911	0.01400	0.01806	0.01800	0.01338	0.01911	0.01109	0.01469	0.00929	0.00530	0.00586	0.00177	0.00707	0.00527	0.00291	0.00923
37	0.01480	0.01461	0.06076	0.01665	0.07674	0.01483	0.14367	0.06302	0.47577	0.02355	0.01958	0.01942	0.01471	0.00707	0.00615	0.00196	0.00616	0.00643	0.00502	0.00911
38	0.01373	0.01313	0.02237	0.23020	0.56846	0.01381	0.01770	0.01735	0.01304	0.01822	0.01096	0.01493	0.00898	0.00544	0.00587	0.00181	0.00725	0.00527	0.00285	0.00864
39	0.01408	0.01525	0.03088	0.02750	0.22983	0.01490	0.49297	0.01844	0.01353	0.01876	0.01148	0.01541	0.00901	0.00539	0.00742	0.00196	0.05558	0.00640	0.00295	0.00827
40	0.02214	0.02683	0.01687	0.01504	0.01829	0.68079	0.01140	0.10680	0.01805	0.01714	0.00973	0.01108	0.00790	0.00621	0.00540	0.00155	0.01018	0.00399	0.00338	0.00723
41	0.01198	0.02487	0.58092	0.01482	0.02191	0.01191	0.01812	0.01773	0.01318	0.06108	0.10312	0.06441	0.01573	0.00730	0.00592	0.00190	0.00748	0.00599	0.00344	0.00819
42	0.02089	0.01403	0.01593	0.05078	0.12043	0.11341	0.01099	0.09210	0.13707	0.31850	0.01830	0.01801	0.01291	0.02187	0.00632	0.00188	0.00629	0.00565	0.00550	0.00913
43	0.00728	0.00520	0.00693	0.00819	0.00859	0.00485	0.00550	0.00841	0.01165	0.01563	0.07676	0.74263	0.04014	0.01813	0.00751	0.00237	0.00339	0.01644	0.00555	0.00485
44	0.00846	0.00624	0.00804	0.00812	0.00960	0.00581	0.00645	0.01103	0.01542	0.02095	0.45736	0.05202	0.15719	0.01364	0.00729	0.00211	0.00352	0.19523	0.00608	0.00545
45	0.01248	0.01555	0.15697	0.37596	0.24727	0.01362	0.06041	0.01689	0.01255	0.01724	0.01080	0.01484	0.00831	0.00561	0.00590	0.00189	0.00791	0.00520	0.00271	0.00787
46	0.01171	0.00748	0.01004	0.01075	0.02428	0.00742	0.00869	0.01504	0.06660	0.10769	0.02886	0.14448	0.02996	0.06266	0.00898	0.00269	0.00513	0.43582	0.00556	0.00616
47	0.00739	0.00540	0.00698	0.00808	0.00874	0.00499	0.00562	0.00869	0.01205	0.01589	0.07995	0.61179	0.12514	0.01758	0.00748	0.00234	0.00346	0.05796	0.00555	0.00491
48	0.00719	0.00519	0.00681	0.00811	0.00854	0.00481	0.00543	0.00825	0.01144	0.01515	0.03414	0.74687	0.07956	0.01833	0.00752	0.00238	0.00341	0.01657	0.00549	0.00481
49	0.03630	0.22040	0.02220	0.09994	0.02090	0.18116	0.08567	0.16309	0.01676	0.08316	0.01155	0.01297	0.00884	0.00598	0.00530	0.00164	0.00771	0.00460	0.00381	0.00803
50	0.02433	0.01159	0.01442	0.01128	0.01573	0.01121	0.00924	0.15961	0.10856	0.53559	0.02174	0.01927	0.01421	0.00737	0.00595	0.00184	0.00526	0.00592	0.00690	0.00998
51	0.62090	0.06045	0.01226	0.01049	0.05858	0.01464	0.00803	0.11676	0.01285	0.02680	0.00924	0.01055	0.00717	0.00567	0.00412	0.00178	0.00510	0.00362	0.00386	0.00717
52	0.01041	0.00651	0.00848	0.00772	0.00952	0.00591	0.00588	0.01307	0.01658	0.10922	0.62761	0.04209	0.09066	0.01170	0.00686	0.00186	0.00306	0.01024	0.00655	0.00607
53	0.01529	0.44469	0.25958	0.01310	0.01921	0.06206	0.03132	0.06246	0.01345	0.01702	0.00948	0.01094	0.00774	0.00542	0.00466	0.00152	0.00743	0.00380	0.00277	0.00807
54	0.00842	0.00625	0.00792	0.00736	0.00899	0.00563	0.00554	0.01107	0.01622	0.02276	0.65060	0.04393	0.12128	0.01201	0.00686	0.00183	0.00288	0.01054	0.00627	0.04364
55	0.02155	0.09371	0.01797	0.01480	0.01802	0.70482	0.01131	0.02311	0.01635	0.01443	0.00906	0.01056	0.00762	0.00601	0.00520	0.00150	0.01029	0.00375	0.00300	0.00692
56	0.02653	0.01006	0.01372	0.01052	0.01510	0.00869	0.00869	0.02882	0.01693	0.75937	0.02333	0.02013	0.01464	0.00732	0.00595	0.00183	0.00503	0.00595	0.00732	0.01006
57	0.01396	0.01034	0.01293	0.01292	0.08891	0.01081	0.02173	0.02258	0.32303	0.11489	0.21907	0.02919	0.07584	0.00915	0.00633	0.00192	0.00444	0.00791	0.00591	0.00812
58	0.01581	0.79572	0.03099	0.01012	0.01518	0.02340	0.01012	0.01771	0.01202	0.01391	0.00822	0.00949	0.00759	0.00506	0.00379	0.00126	0.00632	0.00316	0.00253	0.00759
59	0.01114	0.04663	0.00919	0.00783	0.00952	0.00806	0.00618	0.06553	0.01242	0.01963	0.01707	0.02128	0.01426	0.02086	0.29088	0.00445	0.00812	0.00569	0.41541	0.00586
60	0.01351	0.06370	0.01728	0.01976	0.28324	0.01206	0.01194	0.07717	0.01320	0.06134	0.01470	0.01875	0.02765	0.02084	0.29888	0.00472	0.02433	0.00573	0.00355	0.00763
61	0.83394	0.01144	0.00869	0.00778	0.01144	0.01327	0.00640	0.01738	0.01006	0.02653	0.00823	0.00961	0.00640	0.00549	0.00366	0.00183	0.00457	0.00320	0.00366	0.00640
62	0.01544	0.01466	0.01129	0.01121	0.04961	0.28457	0.00800	0.04280	0.01436	0.01904	0.01473	0.01734	0.01191	0.00943	0.06402	0.00209	0.00700	0.00494	0.39121	0.00634
63	0.01471	0.01270	0.01337	0.01203	0.01538	0.01471	0.00936	0.03142	0.74459	0.02474	0.02407	0.02206	0.01805	0.00802	0.00602	0.00201	0.00468	0.00669	0.00602	0.00936
64	0.07462	0.01044	0.01335	0.01036	0.01473	0.00953	0.00852	0.08187	0.01719	0.59267	0.06258	0.02013	0.01592	0.00737	0.00581	0.00180	0.00497	0.00592	0.00682	0.03540
65	0.00721	0.00515	0.00686	0.00823	0.00858	0.00480	0.00549	0.00823	0.01132	0.01510	0.03259	0.78831	0.03911	0.01853	0.00755	0.00240	0.00343	0.01681	0.00549	0.00480
66	0.01294	0.01294	0.01811	0.01553	0.01553	0.01811	0.01294	0.01423	0.00906	0.01423	0.00776	0.01294	0.00776	0.01035	0.01941	0.00259	0.78134	0.00518	0.00259	0.00647
67	0.00845	0.00634	0.00950	0.00950	0.01056	0.00739	0.00739	0.01056	0.00950	0.01373	0.01584	0.02323	0.01478	0.04435	0.76873	0.00950	0.01584	0.00634	0.00317	0.00528
68	0.02282	0.00919	0.01248	0.00997	0.01383	0.00801	0.00806	0.02507	0.01647	0.61182	0.11265	0.08304	0.02155	0.00877	0.00620	0.00188	0.00463	0.00737	0.00708	0.00911
69	0.01192	0.00638	0.00647	0.00614	0.00778	0.00651	0.00469	0.07015	0.01360	0.02324	0.01889	0.02143	0.01476	0.00691	0.00427	0.00141	0.00305	0.00550	0.76103	0.00587
70	0.01246	0.02407	0.46684	0.06889	0.04455	0.01433	0.18756	0.01818	0.01254	0.01821	0.01071	0.01360	0.00793	0.00585	0.00704	0.00196	0.06927	0.00512	0.00264	0.00826
71	0.01023	0.00805	0.01216	0.15351	0.07550	0.00853	0.01147	0.01324	0.01327	0.01735	0.02592	0.05330	0.02731	0.01356	0.00757	0.00251	0.00602	0.52979	0.00473	0.00596
72	0.01426	0.01366	0.02332	0.11759	0.67695	0.01395	0.01796	0.01782	0.01329	0.01886	0.01106	0.01476	0.00920	0.00534	0.00586	0.00178	0.00712	0.00527	0.00289	0.00906
73	0.02221	0.02461	0.01706	0.01473	0.01830	0.53757	0.01137	0.24273	0.02016	0.02149	0.01070	0.01175	0.00837	0.00640	0.00551	0.00160	0.00939	0.00428	0.00393	0.00784
74	0.01354	0.01488	0.03004	0.02298	0.06060	0.01518	0.53073	0.01758	0.01286	0.01788	0.01182	0.04285	0.00983	0.00655	0.00943	0.00212	0.16361	0.00689	0.00300	0.00763
75	0.01613	0.01353	0.01594	0.25613	0.02425	0.05051	0.01211	0.18737	0.28687	0.04998	0.01676	0.01765	0.01237	0.00702	0.00593	0.00191	0.00641	0.00576	0.00482	0.00854
76	0.00732	0.00546	0.00682	0.00763	0.00849	0.00495	0.00529	0.00870	0.01256	0.01651	0.14027	0.52414	0.19659	0.01685	0.00735	0.00224	0.00325	0.01501	0.00563	0.00495
77	0.00736	0.00601	0.00650	0.00638	0.00821	0.00515	0.00478	0.00920	0.01435	0.01805	0.24513	0.05350	0.56637	0.01420	0.00699	0.00196	0.00294	0.01200	0.00576	0.00515
78	0.01250	0.01065	0.01239	0.00887	0.01412	0.00813	0.00711	0.03179	0.01263	0.01969	0.01060	0.01231	0.00879	0.00444	0.00442	0.00090	0.00443	0.00355	0.00356	0.80914
79	0.00728	0.00518	0.00684	0.00813	0.00846	0.00486	0.00538	0.00826	0.01117	0.01489	0.03180	0.74583	0.03812	0.06236	0.00883	0.00259	0.00356	0.01635	0.00538	0.00473
80	0.00721	0.00515	0.00686	0.00823	0.00858	0.00480	0.00549	0.00823	0.01132	0.01510	0.03259	0.78831	0.03911	0.01853	0.00755	0.00240	0.00343	0.01681	0.00549	0.00480
81	0.00726	0.00519	0.00691	0.00819	0.00859	0.00484	0.00549	0.00838	0.01160	0.01553	0.06902	0.75064	0.03996	0.01820	0.00752	0.00237	0.00340	0.01650	0.00554	0.00484
82	0.02742	0.08299	0.51166	0.01696	0.02441	0.05978	0.12067	0.01944	0.01309	0.05380	0.01111	0.01297	0.00804	0.00560	0.00564	0.00182	0.00861	0.00467	0.00285	0.00846
83	0.02279	0.01046	0.01526	0.15324	0.07760	0.00993	0.01085	0.02547	0.01572	0.56512	0.02003	0.01890	0.01299	0.00690	0.00593	0.00185	0.00571	0.00577	0.00612	0.00937
84	0.07605	0.01622	0.01905	0.21667	0.02441	0.19613	0.10183	0.01753	0.01231	0.01602	0.00937	0.01326	0.00781	0.00714	0.00977	0.00204	0.23984	0.00494	0.00284	0.00677
85	0.02593	0.01020	0.01371	0.01060	0.01511	0.00900	0.00873	0.02895	0.05376	0.72218	0.02337	0.02023	0.01481	0.00736	0.00595	0.00184	0.00501	0.00598	0.00725	0.01003
86	0.01610	0.70413	0.02975	0.01202	0.06078	0.06516	0.01069	0.01807	0.01237	0.01428	0.00845	0.00987	0.00770	0.00513	0.00401	0.00131	0.00661	0.00333	0.00258	0.00766
87	0.01304	0.01004	0.01182	0.00914	0.01349	0.00840	0.00721	0.01729	0.10204	0.07795	0.08626	0.05645	0.01645	0.00652	0.00511	0.00126	0.00426	0.00545	0.00450	0.54332
88	0.07888	0.01282	0.01245	0.01149	0.01434	0.10373	0.00922	0.12616	0.22076	0.03659	0.02304	0.04897	0.06023	0.01165	0.04165	0.00241	0.00624	0.16668	0.00518	0.00751
89	0.00735	0.00598	0.00655	0.00669	0.00843	0.00517	0.00505	0.00906	0.01374	0.01704	0.14739	0.11688	0.55457	0.01498	0.00711	0.00206	0.00316	0.05809	0.00562	0.00508
90	0.01448	0.01397	0.02382	0.05928	0.64177	0.01412	0.06178	0.01889	0.05744	0.01948	0.01193	0.01520	0.00982	0.00544	0.00594	0.00179	0.00710	0.00546	0.00311	0.00919
91	0.02150	0.10009	0.01809	0.01476	0.01799	0.69863	0.01130	0.02306	0.01631	0.01442	0.00905	0.01055	0.00761	0.00600	0.00519	0.00150	0.01026	0.00375	0.00300	0.00692
92	0.01603	0.01687	0.02281	0.04695	0.56788	0.16468	0.04202	0.01921	0.01411	0.01825	0.01074	0.01391	0.00897	0.00544	0.00579	0.00172	0.00787	0.00504	0.00295	0.00876
93	0.01450	0.10795	0.10049	0.08022	0.03837	0.18335	0.01283	0.01684	0.01210	0.01515	0.01110	0.07323	0.01048	0.00914	0.02815	0.00217	0.25412	0.00550	0.01746	0.00685
94	0.69465	0.01199	0.04726	0.05585	0.01380	0.01280	0.00775	0.01679	0.01037	0.02478	0.00988	0.05425	0.00840	0.00626	0.00412	0.00187	0.00493	0.00416	0.00364	0.00644
95	0.01159	0.02870	0.70280	0.01628	0.02442	0.01324	0.02072	0.01809	0.01225	0.01834	0.01102	0.01332	0.00806	0.00864	0.06521	0.00247	0.00929	0.00452	0.00255	0.00847
96	0.01893	0.01480	0.01575	0.01289	0.01698	0.01668	0.01038	0.41348	0.35567	0.03154	0.01871	0.01780	0.01371	0.00752	0.00596	0.00188	0.00567	0.00595	0.00596	0.00974
97	0.01810	0.01295	0.01459	0.01094	0.01578	0.01245	0.00893	0.33031	0.01950	0.10091	0.01367	0.01420	0.01011	0.00594	0.00520	0.00138	0.00532	0.00460	0.03085	0.36428
98	0.00720	0.00519	0.00682	0.00813	0.00855	0.00481	0.00544	0.00825	0.01142	0.01514	0.03386	0.75442	0.07218	0.01836	0.00752	0.00238	0.00341	0.01661	0.00549	0.00481
99	0.01569	0.77159	0.05403	0.01033	0.01551	0.02310	0.01049	0.01774	0.01203	0.01407	0.00830	0.00958	0.00759	0.00508	0.00385	0.00128	0.00640	0.00320	0.00253	0.00763
100	0.00703	0.00599	0.00605	0.00604	0.00801	0.00501	0.00453	0.00857	0.01358	0.01622	0.08175	0.05651	0.73089	0.01489	0.00699	0.00199	0.00299	0.01242	0.00552	0.00501
101	0.02625	0.01013	0.01372	0.01056	0.01510	0.00884	0.00871	0.02888	0.03434	0.74179	0.02335	0.02017	0.01472	0.00734	0.00595	0.00183	0.00502	0.00596	0.00729	0.01005
102	0.01301	0.01429	0.05533	0.33285	0.03015	0.07248	0.19854	0.01851	0.10188	0.01741	0.01515	0.01828	0.05157	0.00656	0.00656	0.00196	0.02871	0.00612	0.00332	0.00730
103	0.01174	0.01109	0.01876	0.65646	0.15778	0.01329	0.01671	0.01561	0.01209	0.01580	0.01061	0.01558	0.00813	0.00581	0.00590	0.00194	0.00774	0.00526	0.00268	0.00703
104	0.00814	0.00632	0.00890	0.01088	0.06732	0.00635	0.00694	0.00938	0.01135	0.01537	0.02938	0.67998	0.03485	0.01699	0.00815	0.00236	0.05177	0.01519	0.00511	0.00526
105	0.01513	0.01519	0.02359	0.05754	0.64570	0.07699	0.04278	0.01854	0.01371	0.01877	0.01097	0.01439	0.00916	0.00535	0.00585	0.00175	0.00746	0.00521	0.00293	0.00902
106	0.00860	0.00573	0.00645	0.00645	0.00645	0.00573	0.00358	0.00860	0.00860	0.01147	0.01863	0.03870	0.02150	0.79217	0.03010	0.00573	0.00573	0.00860	0.00358	0.00358

[dist]
# distance from previous block
# <min> <max>
0	11

# created by:
# /software/SequenceAnalysis/GenePrediction/augustus/3.0.1/scripts/msa2prfl.pl ./fixed/BUSCOvEOG7G7DDK.fas
