[name]
unknown

[dist]
# distance from previous block
# <min> <max>
0	82

[block]
# block no. 0 follows, 41 sequences, length 29
# corresponding to MSA columns:
# 90-118
name=unknown_A
#
# <colnr> <probs for GDERKNQSTAVLIFYWHMCP>
#	G	D	E	R	K	N	Q	S	T	A	V	L	I	F	Y	W	H	M	C	P
0	0.00679	0.00568	0.00591	0.00610	0.00781	0.00480	0.00448	0.00817	0.01274	0.01533	0.05419	0.16017	0.65828	0.01497	0.00684	0.00199	0.00296	0.01267	0.00531	0.00480
1	0.01307	0.02671	0.61329	0.01638	0.02410	0.01400	0.06795	0.12125	0.01428	0.02068	0.01084	0.01254	0.00769	0.00560	0.00556	0.00181	0.00823	0.00453	0.00292	0.00858
2	0.02112	0.01075	0.01314	0.01076	0.01471	0.01072	0.00866	0.02888	0.30902	0.47193	0.02285	0.02021	0.01547	0.00735	0.00578	0.00184	0.00473	0.00604	0.00658	0.00946
3	0.04237	0.01302	0.01394	0.01134	0.01541	0.01395	0.00908	0.25875	0.33841	0.02682	0.01695	0.01650	0.01271	0.00666	0.00538	0.00163	0.00504	0.00529	0.00521	0.18154
4	0.01087	0.00653	0.00992	0.09815	0.06002	0.00683	0.00729	0.01041	0.03489	0.03644	0.01159	0.04221	0.01092	0.01640	0.01778	0.60225	0.00532	0.00543	0.00287	0.00388
5	0.05160	0.00972	0.01347	0.12006	0.01780	0.00908	0.00929	0.02505	0.01543	0.61025	0.04412	0.01926	0.01424	0.00697	0.00570	0.00179	0.00517	0.00571	0.00629	0.00899
6	0.01080	0.01017	0.01716	0.78523	0.03940	0.01271	0.01589	0.01461	0.01144	0.01461	0.01017	0.01525	0.00762	0.00572	0.00572	0.00191	0.00762	0.00508	0.00254	0.00635
7	0.13451	0.00842	0.01042	0.00868	0.01179	0.00787	0.00694	0.01974	0.01526	0.37805	0.28736	0.04169	0.02789	0.00871	0.00583	0.00179	0.00399	0.00724	0.00626	0.00756
8	0.04001	0.61240	0.02588	0.06142	0.01606	0.01953	0.00966	0.01656	0.01159	0.01465	0.00842	0.00997	0.00748	0.00487	0.00388	0.00123	0.00590	0.00324	0.00262	0.12464
9	0.12905	0.02696	0.66127	0.01506	0.02281	0.01322	0.01901	0.01793	0.01174	0.01919	0.00994	0.01168	0.00710	0.00542	0.00517	0.00181	0.00788	0.00407	0.00257	0.00813
10	0.00806	0.00577	0.00784	0.00885	0.00976	0.00555	0.00688	0.01001	0.01276	0.01708	0.16006	0.37099	0.03873	0.01597	0.00744	0.00235	0.00398	0.29740	0.00547	0.00503
11	0.01098	0.01052	0.01827	0.73430	0.03876	0.01283	0.06451	0.01486	0.01158	0.01486	0.01026	0.01526	0.00770	0.00566	0.00579	0.00191	0.00776	0.00519	0.00257	0.00645
12	0.52653	0.01062	0.01216	0.01001	0.01317	0.01156	0.12804	0.01527	0.01006	0.02136	0.01069	0.01626	0.00969	0.17287	0.00948	0.00259	0.00553	0.00481	0.00342	0.00587
13	0.00879	0.00704	0.01038	0.01002	0.01090	0.00862	0.00791	0.01072	0.00913	0.01335	0.01421	0.02106	0.01334	0.03823	0.66873	0.00824	0.12513	0.00597	0.00298	0.00527
14	0.02380	0.01013	0.01388	0.01086	0.01466	0.00970	0.00899	0.02587	0.01529	0.66025	0.02043	0.01848	0.01321	0.00750	0.00760	0.00187	0.11616	0.00565	0.00643	0.00924
15	0.01099	0.02622	0.66117	0.01501	0.02245	0.01216	0.01890	0.01707	0.01266	0.01880	0.11678	0.01643	0.01388	0.00632	0.00562	0.00181	0.00764	0.00510	0.00297	0.00802
16	0.01340	0.01282	0.02185	0.20374	0.60057	0.01339	0.01718	0.01689	0.01267	0.01777	0.01063	0.01440	0.00874	0.00524	0.00568	0.00175	0.00698	0.00509	0.00277	0.00845
17	0.00711	0.00529	0.00663	0.00738	0.00822	0.00481	0.00512	0.00849	0.01226	0.01617	0.15821	0.51548	0.19161	0.01617	0.00710	0.00215	0.00313	0.01440	0.00547	0.00481
18	0.14528	0.00667	0.00635	0.00617	0.00833	0.00620	0.00472	0.00981	0.01269	0.01764	0.09523	0.04664	0.58959	0.01278	0.00622	0.00190	0.00314	0.01047	0.00508	0.00509
19	0.01411	0.67003	0.02652	0.00969	0.01394	0.02006	0.00935	0.01598	0.01122	0.01343	0.00918	0.01139	0.00850	0.01121	0.13213	0.00255	0.00765	0.00357	0.00255	0.00697
20	0.00890	0.00716	0.01044	0.01002	0.01083	0.00880	0.00787	0.01072	0.00908	0.01326	0.01415	0.02152	0.01348	0.07304	0.61518	0.00791	0.14341	0.00604	0.00299	0.00522
21	0.59644	0.01067	0.00986	0.00831	0.01212	0.01151	0.00686	0.02012	0.01172	0.24707	0.01232	0.01233	0.00857	0.00584	0.00420	0.00177	0.00456	0.00389	0.00460	0.00725
22	0.01316	0.01235	0.02089	0.03080	0.63809	0.01252	0.01582	0.01633	0.01239	0.01779	0.01152	0.01554	0.00993	0.01138	0.13379	0.00294	0.00821	0.00527	0.00287	0.00840
23	0.00864	0.00683	0.01002	0.08927	0.11049	0.00698	0.00786	0.01017	0.01075	0.01451	0.02331	0.42431	0.02653	0.14650	0.06202	0.00320	0.00541	0.02370	0.00425	0.00524
24	0.67596	0.01008	0.00817	0.03122	0.01121	0.01158	0.00613	0.01617	0.01016	0.02460	0.00981	0.01148	0.00765	0.00555	0.00368	0.00170	0.00423	0.00353	0.14104	0.00606
25	0.01472	0.67070	0.02696	0.00957	0.01449	0.02014	0.00929	0.01667	0.01166	0.01432	0.00832	0.00962	0.00753	0.00478	0.00376	0.00116	0.00580	0.00311	0.00260	0.14477
26	0.01366	0.01193	0.01364	0.14026	0.01895	0.01397	0.01019	0.02777	0.62968	0.02238	0.02110	0.02033	0.01583	0.00742	0.00580	0.00193	0.00504	0.00624	0.00528	0.00860
27	0.01877	0.20433	0.01885	0.01307	0.01652	0.47485	0.01043	0.02277	0.13764	0.01552	0.01104	0.01188	0.00904	0.00597	0.00492	0.00149	0.00838	0.00400	0.00331	0.00720
28	0.01074	0.02458	0.60686	0.01455	0.02149	0.01158	0.01783	0.01625	0.01188	0.01755	0.01379	0.14227	0.01239	0.00745	0.00569	0.00185	0.00740	0.00619	0.00294	0.04670

[dist]
# distance from previous block
# <min> <max>
3	7

[block]
# block no. 1 follows, 41 sequences, length 37
# corresponding to MSA columns:
# 126-162
name=unknown_B
#
# <colnr> <probs for GDERKNQSTAVLIFYWHMCP>
#	G	D	E	R	K	N	Q	S	T	A	V	L	I	F	Y	W	H	M	C	P
0	0.00845	0.00550	0.00634	0.00634	0.00634	0.00550	0.00359	0.00825	0.00825	0.01099	0.01735	0.03576	0.01989	0.73397	0.02855	0.07464	0.00550	0.00804	0.00338	0.00338
1	0.00980	0.00502	0.00735	0.00735	0.00735	0.00502	0.00484	0.00752	0.00752	0.01003	0.01061	0.01906	0.01084	0.08488	0.02292	0.76449	0.00502	0.00525	0.00257	0.00257
2	0.00697	0.00498	0.00664	0.00796	0.00830	0.00465	0.00531	0.00796	0.01095	0.01460	0.03153	0.79525	0.03783	0.01792	0.00730	0.00232	0.00332	0.01626	0.00531	0.00465
3	0.08308	0.01218	0.01256	0.01130	0.01456	0.01411	0.00882	0.02926	0.69095	0.02407	0.02200	0.02034	0.01652	0.00756	0.00563	0.00193	0.00452	0.00619	0.00563	0.00882
4	0.01147	0.02959	0.76934	0.01630	0.02476	0.01328	0.02113	0.01811	0.01208	0.01811	0.01026	0.01208	0.00725	0.00543	0.00543	0.00181	0.00845	0.00423	0.00242	0.00845
5	0.01416	0.01359	0.02322	0.03511	0.76330	0.01359	0.01755	0.01755	0.01302	0.01869	0.01076	0.01416	0.00906	0.00510	0.00566	0.00170	0.00680	0.00510	0.00283	0.00906
6	0.01529	0.80242	0.02997	0.00979	0.01468	0.02263	0.00979	0.01713	0.01162	0.01346	0.00795	0.00918	0.00734	0.00489	0.00367	0.00122	0.00612	0.00306	0.00245	0.00734
7	0.00697	0.00498	0.00664	0.00796	0.00830	0.00465	0.00531	0.00796	0.01095	0.01460	0.03153	0.79525	0.03783	0.01792	0.00730	0.00232	0.00332	0.01626	0.00531	0.00465
8	0.00697	0.00580	0.00608	0.00601	0.00785	0.00492	0.00451	0.00861	0.01353	0.01661	0.16656	0.05314	0.65164	0.01405	0.00676	0.00191	0.00287	0.01180	0.00546	0.00492
9	0.01195	0.01048	0.01261	0.00934	0.01375	0.00894	0.00754	0.01432	0.01145	0.01799	0.00981	0.01195	0.00834	0.00500	0.00616	0.00107	0.10827	0.00360	0.00327	0.72415
10	0.01416	0.01359	0.02322	0.03511	0.76330	0.01359	0.01755	0.01755	0.01302	0.01869	0.01076	0.01416	0.00906	0.00510	0.00566	0.00170	0.00680	0.00510	0.00283	0.00906
11	0.00697	0.00498	0.00664	0.00796	0.00830	0.00465	0.00531	0.00796	0.01095	0.01460	0.03153	0.79525	0.03783	0.01792	0.00730	0.00232	0.00332	0.01626	0.00531	0.00465
12	0.00832	0.00555	0.00624	0.00624	0.00624	0.00555	0.00347	0.00832	0.00832	0.01109	0.01802	0.03743	0.02080	0.79898	0.02911	0.00555	0.00555	0.00832	0.00347	0.00347
13	0.01368	0.01417	0.02714	0.06097	0.40102	0.01406	0.31866	0.01761	0.01300	0.01819	0.01095	0.01467	0.00879	0.00519	0.00660	0.00183	0.03658	0.00578	0.00283	0.00829
14	0.00852	0.00629	0.00801	0.00750	0.00898	0.00601	0.00565	0.01214	0.06694	0.02301	0.70952	0.04125	0.05146	0.01142	0.00668	0.00181	0.00282	0.01008	0.00626	0.00565
15	0.00697	0.00498	0.00664	0.00796	0.00830	0.00465	0.00531	0.00796	0.01095	0.01460	0.03153	0.79525	0.03783	0.01792	0.00730	0.00232	0.00332	0.01626	0.00531	0.00465
16	0.02479	0.00954	0.01299	0.01003	0.01430	0.00826	0.00826	0.02703	0.01636	0.73025	0.05925	0.02063	0.01614	0.00731	0.00580	0.00177	0.00476	0.00598	0.00704	0.00952
17	0.01169	0.00997	0.01166	0.00841	0.01332	0.00752	0.00671	0.01423	0.01206	0.01884	0.04512	0.01330	0.01059	0.00458	0.00435	0.00089	0.00416	0.00371	0.00352	0.79534
18	0.01083	0.01017	0.01700	0.76248	0.03864	0.01256	0.01562	0.01461	0.01145	0.01473	0.01017	0.01515	0.00765	0.00568	0.00568	0.00188	0.00753	0.00503	0.00257	0.03060
19	0.00825	0.00580	0.00753	0.00753	0.00798	0.00625	0.00508	0.00915	0.00870	0.01205	0.01684	0.03087	0.01795	0.46738	0.35682	0.00714	0.00983	0.00736	0.00329	0.00419
20	0.01384	0.01838	0.20815	0.06756	0.12399	0.01432	0.34847	0.09814	0.01445	0.02006	0.01130	0.01425	0.00843	0.00529	0.00611	0.00185	0.00849	0.00565	0.00306	0.00821
21	0.27451	0.18216	0.01624	0.01048	0.01444	0.13366	0.00878	0.12792	0.08006	0.05318	0.01102	0.01169	0.00857	0.00579	0.00447	0.00158	0.00600	0.00391	0.00389	0.04169
22	0.01294	0.01419	0.02875	0.05325	0.02647	0.01461	0.53657	0.01690	0.01230	0.01705	0.01093	0.01522	0.00869	0.00774	0.04726	0.00240	0.15836	0.00632	0.00281	0.00725
23	0.01890	0.07287	0.01768	0.01393	0.01734	0.36546	0.04131	0.17473	0.08740	0.01993	0.01125	0.01247	0.00894	0.00644	0.00641	0.00163	0.07329	0.00444	0.00375	0.04182
24	0.60587	0.01219	0.01068	0.01001	0.04923	0.03962	0.00762	0.07924	0.06454	0.06021	0.01038	0.01127	0.00784	0.00571	0.00415	0.00176	0.00493	0.00375	0.00399	0.00701
25	0.56311	0.05289	0.01183	0.04790	0.01423	0.13723	0.00799	0.07301	0.01226	0.02342	0.00865	0.01009	0.00678	0.00552	0.00408	0.00170	0.00576	0.00345	0.00351	0.00660
26	0.00817	0.00613	0.00919	0.00919	0.01021	0.00715	0.00715	0.01021	0.00919	0.01328	0.01532	0.02247	0.01430	0.04290	0.77631	0.00919	0.01532	0.00613	0.00306	0.00511
27	0.01423	0.01229	0.01293	0.01164	0.01487	0.01423	0.00905	0.03039	0.75297	0.02393	0.02328	0.02134	0.01746	0.00776	0.00582	0.00194	0.00453	0.00647	0.00582	0.00905
28	0.01129	0.01098	0.01731	0.67771	0.05159	0.04801	0.03793	0.01490	0.01174	0.01478	0.01105	0.04766	0.00894	0.00620	0.00579	0.00190	0.00762	0.00554	0.00269	0.00639
29	0.00915	0.00662	0.00906	0.01027	0.01155	0.00666	0.00875	0.01213	0.04226	0.01709	0.03015	0.14908	0.03289	0.01573	0.00775	0.00257	0.00501	0.61265	0.00529	0.00534
30	0.01135	0.00667	0.00955	0.02386	0.01108	0.00629	0.03701	0.01292	0.01214	0.16637	0.07148	0.42206	0.02900	0.07659	0.07274	0.00298	0.00511	0.01171	0.00524	0.00583
31	0.01269	0.01381	0.02836	0.24039	0.03198	0.01409	0.50547	0.01708	0.01272	0.01708	0.01100	0.01526	0.00833	0.00529	0.00695	0.00195	0.04130	0.00620	0.00278	0.00727
32	0.00679	0.00568	0.00591	0.00609	0.00780	0.00480	0.00448	0.00818	0.01276	0.01534	0.05437	0.15526	0.66307	0.01495	0.00683	0.00198	0.00295	0.01264	0.00531	0.00480
33	0.01186	0.01017	0.01186	0.00847	0.01356	0.00762	0.00678	0.01440	0.01186	0.01864	0.01017	0.01186	0.00847	0.00424	0.00424	0.00085	0.00424	0.00339	0.00339	0.83395
34	0.02161	0.02546	0.01614	0.01438	0.01754	0.67504	0.01091	0.08328	0.01711	0.05284	0.00992	0.01105	0.00790	0.00603	0.00523	0.00151	0.00971	0.00391	0.00338	0.00704
35	0.01127	0.01042	0.01716	0.75206	0.03846	0.01292	0.01567	0.04596	0.01210	0.01554	0.01032	0.01518	0.00772	0.00577	0.00572	0.00190	0.00757	0.00509	0.00268	0.00650
36	0.01737	0.11760	0.16720	0.01503	0.04661	0.10747	0.06732	0.30806	0.01862	0.02419	0.01229	0.01507	0.00970	0.00644	0.00552	0.00170	0.00739	0.04000	0.00399	0.00842

[dist]
# distance from previous block
# <min> <max>
0	1

[block]
# block no. 2 follows, 41 sequences, length 7
# corresponding to MSA columns:
# 164-170
name=unknown_C
#
# <colnr> <probs for GDERKNQSTAVLIFYWHMCP>
#	G	D	E	R	K	N	Q	S	T	A	V	L	I	F	Y	W	H	M	C	P
0	0.01055	0.01068	0.04841	0.01466	0.01771	0.00963	0.28225	0.04314	0.04295	0.01786	0.06382	0.36565	0.02464	0.01130	0.00686	0.00208	0.00603	0.01103	0.00438	0.00638
1	0.01529	0.80242	0.02997	0.00979	0.01468	0.02263	0.00979	0.01713	0.01162	0.01346	0.00795	0.00918	0.00734	0.00489	0.00367	0.00122	0.00612	0.00306	0.00245	0.00734
2	0.01110	0.01047	0.01769	0.71928	0.10304	0.01279	0.01603	0.01487	0.01158	0.01497	0.01022	0.01515	0.00775	0.00566	0.00571	0.00189	0.00755	0.00508	0.00257	0.00659
3	0.02566	0.00973	0.01327	0.01018	0.01460	0.00841	0.00841	0.02788	0.01637	0.76726	0.02257	0.01947	0.01416	0.00708	0.00575	0.00177	0.00487	0.00575	0.00708	0.00973
4	0.01460	0.01333	0.02283	0.03160	0.63226	0.01306	0.06749	0.01799	0.01317	0.05835	0.01141	0.01441	0.00927	0.00514	0.00567	0.00167	0.00676	0.00516	0.00309	0.05274
5	0.00922	0.00658	0.00922	0.01053	0.01185	0.00658	0.00922	0.01185	0.01317	0.01712	0.03029	0.06452	0.03292	0.01580	0.00790	0.00263	0.00527	0.72480	0.00527	0.00527
6	0.02566	0.00973	0.01327	0.01018	0.01460	0.00841	0.00841	0.02788	0.01637	0.76726	0.02257	0.01947	0.01416	0.00708	0.00575	0.00177	0.00487	0.00575	0.00708	0.00973

[dist]
# distance from previous block
# <min> <max>
0	58

# created by:
# /software/SequenceAnalysis/GenePrediction/augustus/3.0.1/scripts/msa2prfl.pl ./fixed/BUSCOvEOG7Z37VV.fas
