[name]
unknown

[dist]
# distance from previous block
# <min> <max>
0	139

[block]
# block no. 0 follows, 40 sequences, length 6
# corresponding to MSA columns:
# 147-152
name=unknown_A
#
# <colnr> <probs for GDERKNQSTAVLIFYWHMCP>
#	G	D	E	R	K	N	Q	S	T	A	V	L	I	F	Y	W	H	M	C	P
0	0.00859	0.00638	0.00790	0.00789	0.00916	0.00620	0.00582	0.01183	0.07710	0.01967	0.38354	0.16759	0.09840	0.09517	0.00935	0.00241	0.00354	0.06832	0.00573	0.00542
1	0.01217	0.01277	0.02525	0.01913	0.02283	0.01327	0.43478	0.01577	0.01183	0.01657	0.01210	0.01707	0.01011	0.01574	0.20676	0.00396	0.13360	0.00642	0.00292	0.00692
2	0.00720	0.00527	0.00694	0.00801	0.00859	0.00502	0.00550	0.00837	0.01115	0.01479	0.03294	0.63541	0.10742	0.02062	0.09011	0.00308	0.00465	0.01499	0.00515	0.00479
3	0.00747	0.00538	0.00682	0.00782	0.00837	0.00505	0.00535	0.00852	0.01115	0.01462	0.03277	0.53600	0.11311	0.13516	0.01077	0.00284	0.00384	0.07525	0.00511	0.00462
4	0.00959	0.00653	0.00959	0.04465	0.01083	0.00741	0.00706	0.00974	0.00945	0.01322	0.08670	0.05684	0.01674	0.02412	0.22941	0.35384	0.09035	0.00647	0.00321	0.00426
5	0.01396	0.01078	0.01602	0.10730	0.28518	0.01105	0.01205	0.01897	0.12344	0.11813	0.14461	0.02430	0.07355	0.00776	0.00607	0.00183	0.00540	0.00690	0.00465	0.00804

[dist]
# distance from previous block
# <min> <max>
0	1

[block]
# block no. 1 follows, 40 sequences, length 13
# corresponding to MSA columns:
# 154-166
name=unknown_B
#
# <colnr> <probs for GDERKNQSTAVLIFYWHMCP>
#	G	D	E	R	K	N	Q	S	T	A	V	L	I	F	Y	W	H	M	C	P
0	0.00752	0.00534	0.00708	0.00830	0.00875	0.00508	0.00578	0.00868	0.01121	0.01488	0.03067	0.62467	0.03624	0.08651	0.00946	0.00269	0.00385	0.11335	0.00523	0.00470
1	0.00826	0.00596	0.00804	0.00915	0.01014	0.00574	0.00724	0.01024	0.01279	0.01686	0.09686	0.33964	0.07774	0.01644	0.00763	0.00244	0.00424	0.35003	0.00547	0.00510
2	0.01283	0.01105	0.04964	0.07294	0.19280	0.01074	0.04556	0.08713	0.08122	0.01937	0.01545	0.09394	0.01370	0.00966	0.00857	0.13905	0.00569	0.00649	0.11726	0.00691
3	0.01104	0.00934	0.01232	0.15661	0.01810	0.00981	0.03306	0.04196	0.15864	0.01880	0.02730	0.05625	0.15064	0.01047	0.00648	0.00202	0.00526	0.17858	0.00470	0.08861
4	0.01435	0.13562	0.40176	0.08734	0.05703	0.06361	0.01653	0.01903	0.01290	0.09137	0.01158	0.01324	0.00850	0.00570	0.00526	0.00171	0.00763	0.00441	0.03428	0.00815
5	0.01175	0.04289	0.01317	0.04633	0.06310	0.00890	0.00806	0.01478	0.04211	0.01822	0.01370	0.11567	0.01288	0.00645	0.00492	0.00123	0.00460	0.00548	0.00369	0.56207
6	0.14810	0.01215	0.01664	0.01297	0.01742	0.01112	0.13028	0.04487	0.01531	0.29251	0.04585	0.05431	0.01513	0.00778	0.00621	0.00200	0.00604	0.00634	0.00559	0.14936
7	0.10989	0.02977	0.05271	0.01185	0.01615	0.01246	0.00989	0.16210	0.06837	0.34929	0.09304	0.02156	0.01784	0.00841	0.00635	0.00210	0.00571	0.00633	0.00651	0.00967
8	0.01122	0.00920	0.01277	0.01203	0.01293	0.01103	0.00941	0.01258	0.01033	0.01525	0.01502	0.02221	0.01415	0.03493	0.55503	0.00766	0.21789	0.00643	0.00354	0.00639
9	0.00894	0.00717	0.00756	0.00740	0.00936	0.00608	0.00542	0.01019	0.01491	0.01882	0.20129	0.05456	0.59568	0.01502	0.00754	0.00224	0.00352	0.01225	0.00612	0.00593
10	0.01027	0.00722	0.00828	0.00852	0.00913	0.00689	0.00544	0.04454	0.01171	0.01570	0.02658	0.32230	0.06203	0.41050	0.01917	0.00426	0.00525	0.01195	0.00498	0.00528
11	0.01075	0.00774	0.00952	0.01022	0.01131	0.00744	0.00739	0.08286	0.01418	0.01902	0.03113	0.57473	0.03557	0.01752	0.00802	0.00264	0.00461	0.13316	0.00594	0.00625
12	0.01517	0.01617	0.03263	0.02365	0.02947	0.01481	0.64675	0.01926	0.01455	0.02014	0.01325	0.01754	0.01038	0.00597	0.00728	0.00215	0.00969	0.00700	0.00357	0.09055

[dist]
# distance from previous block
# <min> <max>
0	1

[block]
# block no. 2 follows, 40 sequences, length 116
# corresponding to MSA columns:
# 168-283
name=unknown_C
#
# <colnr> <probs for GDERKNQSTAVLIFYWHMCP>
#	G	D	E	R	K	N	Q	S	T	A	V	L	I	F	Y	W	H	M	C	P
0	0.02172	0.02772	0.01648	0.01498	0.01798	0.77228	0.01124	0.02322	0.01648	0.01423	0.00899	0.01049	0.00749	0.00599	0.00524	0.00150	0.01049	0.00375	0.00300	0.00674
1	0.01206	0.01034	0.01206	0.00861	0.01378	0.00775	0.00689	0.01464	0.01206	0.01895	0.01034	0.01206	0.00861	0.00431	0.00431	0.00086	0.00431	0.00345	0.00345	0.83118
2	0.01206	0.01034	0.01206	0.00861	0.01378	0.00775	0.00689	0.01464	0.01206	0.01895	0.01034	0.01206	0.00861	0.00431	0.00431	0.00086	0.00431	0.00345	0.00345	0.83118
3	0.83671	0.01125	0.00855	0.00765	0.01125	0.01305	0.00630	0.01709	0.00990	0.02609	0.00810	0.00945	0.00630	0.00540	0.00360	0.00180	0.00450	0.00315	0.00360	0.00630
4	0.00709	0.00506	0.00675	0.00810	0.00843	0.00472	0.00540	0.00810	0.01113	0.01484	0.03205	0.79184	0.03846	0.01822	0.00742	0.00236	0.00337	0.01653	0.00540	0.00472
5	0.01206	0.01034	0.01206	0.00861	0.01378	0.00775	0.00689	0.01464	0.01206	0.01895	0.01034	0.01206	0.00861	0.00431	0.00431	0.00086	0.00431	0.00345	0.00345	0.83118
6	0.16268	0.01304	0.01445	0.01127	0.01568	0.01364	0.00931	0.35096	0.02037	0.30607	0.01631	0.01537	0.01096	0.00679	0.00545	0.00177	0.00553	0.00511	0.00595	0.00928
7	0.00715	0.00598	0.00627	0.00642	0.00831	0.00510	0.00496	0.00875	0.01327	0.01589	0.05583	0.05702	0.67783	0.01487	0.00700	0.00204	0.00321	0.08973	0.00540	0.00496
8	0.02557	0.01010	0.01356	0.01042	0.01486	0.00890	0.00860	0.05882	0.01710	0.71756	0.03677	0.02000	0.01498	0.00728	0.00587	0.00180	0.00497	0.00591	0.00712	0.00981
9	0.00817	0.00594	0.00768	0.00725	0.00865	0.00546	0.00544	0.01085	0.01631	0.02295	0.72268	0.04404	0.08871	0.01203	0.00686	0.00184	0.00275	0.01060	0.00635	0.00546
10	0.01412	0.00734	0.00809	0.00732	0.00954	0.00742	0.00568	0.01895	0.13083	0.15356	0.02043	0.02135	0.01527	0.00703	0.00468	0.00153	0.00341	0.00568	0.55095	0.00682
11	0.01010	0.00505	0.00758	0.00758	0.00758	0.00505	0.00505	0.00758	0.00758	0.01010	0.01010	0.01768	0.01010	0.02020	0.02273	0.83081	0.00505	0.00505	0.00253	0.00253
12	0.00880	0.00569	0.00707	0.00746	0.00796	0.00546	0.00487	0.00960	0.01066	0.05001	0.07689	0.32946	0.03040	0.37008	0.01740	0.00380	0.00451	0.04068	0.00470	0.00451
13	0.01136	0.00675	0.00878	0.00798	0.00981	0.00625	0.00603	0.01425	0.04002	0.14594	0.53277	0.08588	0.04443	0.04429	0.00765	0.00202	0.00333	0.00990	0.00633	0.00622
14	0.37993	0.00910	0.00809	0.00725	0.00997	0.01002	0.00580	0.08020	0.01263	0.04378	0.01378	0.01550	0.01061	0.00619	0.00406	0.00160	0.00389	0.00440	0.36687	0.00632
15	0.00960	0.00561	0.00654	0.03803	0.00876	0.00558	0.00504	0.01192	0.01241	0.01985	0.11673	0.20213	0.02531	0.02430	0.00573	0.00175	0.00313	0.00868	0.48363	0.00528
16	0.00713	0.00515	0.00666	0.00784	0.00830	0.00478	0.00524	0.00813	0.01119	0.01477	0.03366	0.70014	0.09632	0.05062	0.00831	0.00247	0.00343	0.01584	0.00532	0.00469
17	0.01101	0.00781	0.01137	0.28811	0.02006	0.00873	0.04101	0.02399	0.01185	0.01818	0.01504	0.01987	0.01214	0.05394	0.00715	0.03673	0.00518	0.00556	0.39654	0.00573
18	0.72670	0.01112	0.00965	0.09531	0.01458	0.01294	0.00746	0.01707	0.01023	0.03986	0.00865	0.01034	0.00663	0.00548	0.00390	0.00182	0.00488	0.00343	0.00356	0.00639
19	0.08527	0.01574	0.01602	0.01257	0.01688	0.04777	0.01030	0.60097	0.04309	0.03387	0.01379	0.01403	0.00995	0.00683	0.00554	0.00173	0.00619	0.00505	0.04515	0.00925
20	0.01385	0.01342	0.02319	0.13996	0.56618	0.01379	0.07695	0.01802	0.04310	0.01860	0.01144	0.01496	0.00932	0.00536	0.00586	0.00179	0.00717	0.00538	0.00297	0.00871
21	0.00737	0.00518	0.00666	0.00774	0.00801	0.00491	0.00501	0.00817	0.01058	0.01411	0.02924	0.63733	0.03491	0.17757	0.01197	0.00303	0.00384	0.01488	0.00501	0.00448
22	0.00776	0.00593	0.00712	0.00682	0.00840	0.00529	0.00511	0.01006	0.01534	0.02066	0.51254	0.04782	0.30028	0.01288	0.00686	0.00188	0.00281	0.01113	0.00605	0.00529
23	0.00721	0.00590	0.00636	0.00625	0.00806	0.00505	0.00468	0.00900	0.01405	0.01760	0.23227	0.05285	0.58246	0.01402	0.00687	0.00193	0.00290	0.01184	0.00565	0.00505
24	0.01555	0.79913	0.03047	0.00995	0.01493	0.02301	0.00995	0.01741	0.01182	0.01368	0.00808	0.00933	0.00746	0.00498	0.00373	0.00124	0.00622	0.00311	0.00249	0.00746
25	0.01010	0.00505	0.00758	0.00758	0.00758	0.00505	0.00505	0.00758	0.00758	0.01010	0.01010	0.01768	0.01010	0.02020	0.02273	0.83081	0.00505	0.00505	0.00253	0.00253
26	0.01272	0.01272	0.01781	0.01527	0.01527	0.01781	0.01272	0.01399	0.00891	0.01399	0.00763	0.01272	0.00763	0.01018	0.01908	0.00254	0.78499	0.00509	0.00254	0.00636
27	0.02172	0.02772	0.01648	0.01498	0.01798	0.77228	0.01124	0.02322	0.01648	0.01423	0.00899	0.01049	0.00749	0.00599	0.00524	0.00150	0.01049	0.00375	0.00300	0.00674
28	0.00831	0.00623	0.00935	0.00935	0.01038	0.00727	0.00727	0.01038	0.00935	0.01350	0.01558	0.02285	0.01454	0.04361	0.77259	0.00935	0.01558	0.00623	0.00312	0.00519
29	0.83671	0.01125	0.00855	0.00765	0.01125	0.01305	0.00630	0.01709	0.00990	0.02609	0.00810	0.00945	0.00630	0.00540	0.00360	0.00180	0.00450	0.00315	0.00360	0.00630
30	0.00832	0.00617	0.00902	0.00902	0.00994	0.00709	0.00686	0.01017	0.00925	0.01326	0.01588	0.02451	0.01526	0.12590	0.69129	0.00894	0.01449	0.00647	0.00316	0.00501
31	0.01901	0.01475	0.01571	0.01275	0.01685	0.01659	0.01030	0.45229	0.32006	0.03165	0.01790	0.01710	0.01308	0.00735	0.00586	0.00184	0.00567	0.00578	0.00586	0.00961
32	0.00687	0.00589	0.00589	0.00589	0.00785	0.00491	0.00442	0.00835	0.01325	0.01571	0.05891	0.05596	0.75700	0.01473	0.00687	0.00196	0.00295	0.01227	0.00540	0.00491
33	0.00923	0.00659	0.00920	0.01054	0.01182	0.00657	0.00912	0.01180	0.01324	0.01724	0.03087	0.11153	0.03378	0.01620	0.00799	0.00266	0.00523	0.67570	0.00536	0.00531
34	0.49452	0.01181	0.01133	0.00932	0.01332	0.01282	0.00769	0.14739	0.01463	0.20846	0.01277	0.01278	0.00891	0.00612	0.00454	0.00179	0.00494	0.00418	0.00487	0.00781
35	0.00709	0.00506	0.00675	0.00810	0.00843	0.00472	0.00540	0.00810	0.01113	0.01484	0.03205	0.79184	0.03846	0.01822	0.00742	0.00236	0.00337	0.01653	0.00540	0.00472
36	0.01382	0.01032	0.02186	0.00978	0.01246	0.04162	0.00775	0.13373	0.13795	0.09644	0.40452	0.03104	0.03500	0.00966	0.00635	0.00182	0.00426	0.00820	0.00611	0.00732
37	0.01261	0.01269	0.01679	0.01463	0.01479	0.04836	0.01202	0.01387	0.00942	0.01408	0.00981	0.08041	0.01031	0.01070	0.01749	0.00248	0.68446	0.00603	0.00281	0.00623
38	0.78454	0.01119	0.00877	0.00771	0.01141	0.01271	0.00634	0.01694	0.01003	0.02564	0.00824	0.00961	0.00644	0.00533	0.00364	0.00174	0.00449	0.00317	0.00359	0.05848
39	0.01357	0.04938	0.04496	0.04344	0.04835	0.01026	0.00912	0.03076	0.01251	0.08306	0.02604	0.01433	0.01021	0.02852	0.00669	0.00141	0.07283	0.00429	0.00365	0.48661
40	0.04564	0.01605	0.01643	0.11800	0.07365	0.17152	0.01165	0.21050	0.09236	0.12776	0.01398	0.01488	0.01027	0.00671	0.00628	0.00179	0.04454	0.00506	0.00456	0.00837
41	0.01272	0.01272	0.01781	0.01527	0.01527	0.01781	0.01272	0.01399	0.00891	0.01399	0.00763	0.01272	0.00763	0.01018	0.01908	0.00254	0.78499	0.00509	0.00254	0.00636
42	0.02626	0.00974	0.01134	0.02136	0.01340	0.00762	0.00675	0.01433	0.01199	0.01906	0.01188	0.04472	0.01028	0.00512	0.00443	0.00100	0.00420	0.00416	0.06994	0.70243
43	0.00707	0.00529	0.00658	0.00755	0.00831	0.00479	0.00517	0.00825	0.01181	0.01533	0.06221	0.59390	0.20823	0.01719	0.00727	0.00225	0.00325	0.01533	0.00543	0.00479
44	0.00823	0.00594	0.00777	0.00732	0.00869	0.00549	0.00549	0.01097	0.01646	0.02332	0.75629	0.04344	0.05487	0.01189	0.00686	0.00183	0.00274	0.01052	0.00640	0.00549
45	0.00876	0.00729	0.01143	0.28580	0.02040	0.00798	0.03061	0.01092	0.01152	0.01518	0.04819	0.45433	0.02675	0.01320	0.00703	0.01392	0.00513	0.01181	0.00431	0.00543
46	0.00705	0.00521	0.00660	0.00771	0.00833	0.00476	0.00523	0.00814	0.01151	0.01500	0.03679	0.66200	0.16524	0.01760	0.00733	0.00229	0.00330	0.01578	0.00540	0.00476
47	0.02609	0.00990	0.01350	0.01035	0.01484	0.00855	0.00855	0.02834	0.01664	0.76338	0.02294	0.01979	0.01439	0.00720	0.00585	0.00180	0.00495	0.00585	0.00720	0.00990
48	0.01435	0.01394	0.02428	0.03499	0.71324	0.01387	0.06342	0.01790	0.01327	0.01897	0.01099	0.01447	0.00919	0.00516	0.00583	0.00174	0.00709	0.00529	0.00288	0.00912
49	0.01014	0.00527	0.00798	0.03919	0.00890	0.00537	0.00550	0.00787	0.00774	0.01030	0.01011	0.01759	0.01001	0.01961	0.02204	0.79696	0.00516	0.00506	0.00253	0.00269
50	0.00837	0.00621	0.00924	0.00924	0.01029	0.00722	0.00718	0.01047	0.00942	0.01372	0.01567	0.02281	0.01455	0.04263	0.75216	0.00913	0.01523	0.00621	0.02504	0.00520
51	0.01166	0.03008	0.76550	0.01657	0.02517	0.01351	0.02149	0.01842	0.01228	0.01842	0.01044	0.01228	0.00737	0.00552	0.00552	0.00184	0.00859	0.00430	0.00246	0.00859
52	0.01330	0.01357	0.05396	0.20117	0.45014	0.01410	0.01673	0.01715	0.03609	0.01760	0.01079	0.01459	0.00888	0.00603	0.00736	0.00189	0.10040	0.00517	0.00285	0.00822
53	0.00883	0.00563	0.00713	0.00760	0.00818	0.00533	0.00499	0.00974	0.01107	0.06176	0.08943	0.43277	0.03271	0.27039	0.01450	0.00335	0.00416	0.01271	0.00499	0.00473
54	0.00915	0.00559	0.00616	0.00613	0.00662	0.00556	0.00381	0.01013	0.01007	0.01513	0.06520	0.03353	0.02142	0.51149	0.02057	0.00412	0.00458	0.00768	0.24884	0.00421
55	0.83671	0.01125	0.00855	0.00765	0.01125	0.01305	0.00630	0.01709	0.00990	0.02609	0.00810	0.00945	0.00630	0.00540	0.00360	0.00180	0.00450	0.00315	0.00360	0.00630
56	0.01117	0.01013	0.01596	0.60834	0.03388	0.01167	0.01396	0.01476	0.01173	0.01589	0.01069	0.01513	0.00820	0.00558	0.00547	0.00172	0.00691	0.00486	0.03648	0.15747
57	0.00715	0.00509	0.00673	0.00802	0.00834	0.00476	0.00532	0.00811	0.01102	0.01469	0.03144	0.75852	0.03770	0.05258	0.00840	0.00251	0.00347	0.01617	0.00532	0.00467
58	0.02260	0.01475	0.01642	0.01262	0.01717	0.01581	0.01041	0.57824	0.02491	0.18432	0.03292	0.01583	0.01184	0.00714	0.00585	0.00176	0.00602	0.00548	0.00611	0.00979
59	0.01557	0.20649	0.02043	0.01328	0.01534	0.01810	0.01146	0.06994	0.01183	0.09758	0.00989	0.01275	0.00850	0.00833	0.01287	0.00208	0.45029	0.00470	0.00328	0.00728
60	0.00897	0.04208	0.01067	0.00997	0.01055	0.00887	0.00754	0.01023	0.01042	0.01440	0.02300	0.44640	0.02650	0.03708	0.11158	0.00336	0.18032	0.02851	0.00428	0.00526
61	0.02100	0.02547	0.01668	0.01487	0.01776	0.64350	0.01134	0.08481	0.01679	0.01616	0.00931	0.01098	0.00771	0.00643	0.00645	0.00161	0.07497	0.00399	0.00320	0.00698
62	0.00713	0.00512	0.00669	0.00793	0.00832	0.00477	0.00528	0.00812	0.01111	0.01473	0.03266	0.72765	0.06949	0.05071	0.00833	0.00248	0.00345	0.01600	0.00532	0.00468
63	0.01084	0.00542	0.00542	0.00542	0.00678	0.00542	0.00407	0.01355	0.01220	0.02168	0.01897	0.02168	0.01491	0.00678	0.00407	0.00136	0.00271	0.00542	0.82791	0.00542
64	0.00823	0.00594	0.00777	0.00732	0.00869	0.00549	0.00549	0.01097	0.01646	0.02332	0.75629	0.04344	0.05487	0.01189	0.00686	0.00183	0.00274	0.01052	0.00640	0.00549
65	0.01495	0.01273	0.01342	0.01193	0.01531	0.01469	0.00932	0.07575	0.70321	0.02511	0.02305	0.02121	0.01725	0.00783	0.00591	0.00196	0.00472	0.00649	0.00591	0.00925
66	0.01996	0.05666	0.06415	0.01427	0.01767	0.51393	0.01159	0.08629	0.01627	0.05102	0.01036	0.01198	0.00834	0.00800	0.04088	0.00196	0.05191	0.00417	0.00337	0.00723
67	0.02498	0.01107	0.03291	0.01083	0.01540	0.00972	0.00912	0.09196	0.04169	0.65493	0.02184	0.01914	0.01392	0.00716	0.00584	0.00180	0.00516	0.00578	0.00691	0.00984
68	0.00937	0.00669	0.00937	0.01071	0.01205	0.00669	0.00937	0.01205	0.01339	0.01740	0.03079	0.06560	0.03347	0.01606	0.00803	0.00268	0.00535	0.72021	0.00535	0.00535
69	0.01255	0.01184	0.01997	0.47917	0.29795	0.01341	0.02980	0.03528	0.01266	0.01699	0.01068	0.01507	0.00835	0.00560	0.00581	0.00186	0.00745	0.00521	0.00278	0.00757
70	0.01234	0.15085	0.63211	0.01598	0.04096	0.01501	0.01958	0.01824	0.01223	0.01768	0.01008	0.01186	0.00743	0.00543	0.00525	0.00174	0.00818	0.00413	0.00247	0.00843
71	0.01555	0.79913	0.03047	0.00995	0.01493	0.02301	0.00995	0.01741	0.01182	0.01368	0.00808	0.00933	0.00746	0.00498	0.00373	0.00124	0.00622	0.00311	0.00249	0.00746
72	0.00804	0.00575	0.00742	0.00871	0.00914	0.00529	0.00580	0.00880	0.01170	0.01569	0.03263	0.78202	0.03888	0.01863	0.00777	0.00252	0.00370	0.01665	0.00567	0.00521
73	0.05750	0.01167	0.05165	0.06175	0.04827	0.01012	0.06769	0.02357	0.01523	0.45518	0.01985	0.02119	0.01403	0.00816	0.00691	0.03686	0.00598	0.03588	0.03952	0.00899
74	0.02635	0.05811	0.36246	0.02082	0.19532	0.01358	0.08895	0.01785	0.01354	0.01963	0.07509	0.01934	0.01404	0.00699	0.00621	0.00200	0.00774	0.04000	0.00341	0.00858
75	0.02247	0.02808	0.01702	0.01550	0.01854	0.76197	0.01156	0.02370	0.01697	0.01508	0.00990	0.01174	0.00835	0.00658	0.00562	0.00166	0.01071	0.00405	0.00330	0.00720
76	0.01107	0.00577	0.00805	0.00801	0.00822	0.00564	0.00538	0.00880	0.00859	0.01201	0.01176	0.01917	0.01134	0.01943	0.02125	0.74768	0.00515	0.00536	0.07403	0.00329
77	0.30765	0.01554	0.01391	0.07800	0.01693	0.16490	0.00998	0.11155	0.01418	0.02267	0.01077	0.01332	0.00876	0.00718	0.00723	0.00199	0.12681	0.00446	0.05688	0.00728
78	0.00791	0.00655	0.00671	0.00667	0.00863	0.00550	0.00492	0.00919	0.01393	0.01698	0.10050	0.07152	0.68966	0.01509	0.00724	0.00212	0.00327	0.01244	0.00573	0.00542
79	0.05177	0.01427	0.08144	0.32575	0.35883	0.01392	0.01705	0.03034	0.01316	0.01875	0.01146	0.01562	0.00920	0.00610	0.00604	0.00199	0.00753	0.00529	0.00312	0.00838
80	0.02677	0.01052	0.01407	0.01093	0.01546	0.00906	0.00891	0.02875	0.01713	0.75362	0.02365	0.02091	0.01515	0.00777	0.00622	0.00196	0.00525	0.00612	0.00744	0.01031
81	0.01155	0.00857	0.01007	0.00931	0.01141	0.00860	0.00705	0.01764	0.21605	0.05481	0.46087	0.05061	0.07364	0.01141	0.00695	0.00206	0.00374	0.02207	0.00648	0.00712
82	0.01569	0.01299	0.01374	0.01235	0.01572	0.01470	0.00953	0.03119	0.71476	0.04945	0.02434	0.02273	0.01835	0.00843	0.00629	0.00213	0.00492	0.00681	0.00622	0.00965
83	0.00864	0.00621	0.00793	0.00828	0.00922	0.00569	0.00581	0.01025	0.01433	0.01989	0.39759	0.38892	0.04679	0.03161	0.00795	0.00232	0.00343	0.01345	0.00614	0.00557
84	0.00949	0.00727	0.01046	0.01028	0.01133	0.00839	0.00795	0.01125	0.00991	0.01439	0.01594	0.02336	0.01491	0.04179	0.71981	0.00902	0.05890	0.00643	0.00339	0.00573
85	0.01638	0.78856	0.03081	0.01054	0.01554	0.02332	0.01029	0.01798	0.01237	0.01454	0.00900	0.01060	0.00832	0.00558	0.00413	0.00141	0.00650	0.00342	0.00280	0.00791
86	0.01436	0.01348	0.02245	0.22856	0.56366	0.01402	0.01764	0.01764	0.01336	0.01871	0.01166	0.01588	0.00967	0.00594	0.00615	0.00194	0.00740	0.00546	0.00311	0.00892
87	0.01294	0.01095	0.01266	0.00922	0.01441	0.00827	0.00728	0.01525	0.01261	0.01973	0.01122	0.01329	0.00945	0.00492	0.00470	0.00104	0.00462	0.00375	0.00375	0.81995
88	0.02464	0.01058	0.01386	0.01067	0.01529	0.00894	0.00866	0.02667	0.01643	0.64022	0.02173	0.01974	0.01427	0.00733	0.00599	0.00182	0.00515	0.00575	0.00687	0.13540
89	0.02319	0.01626	0.01763	0.01366	0.01832	0.01758	0.01116	0.66841	0.02674	0.10038	0.01558	0.01567	0.01110	0.00757	0.00619	0.00191	0.00655	0.00557	0.00620	0.01030
90	0.00896	0.00642	0.00716	0.00712	0.00783	0.00606	0.00452	0.00940	0.01091	0.01433	0.08716	0.05859	0.19760	0.49164	0.05327	0.00467	0.00544	0.00982	0.00451	0.00460
91	0.00939	0.00632	0.00702	0.00698	0.00707	0.00619	0.00396	0.00915	0.00906	0.01217	0.01910	0.03892	0.02181	0.78503	0.02963	0.00575	0.00593	0.00869	0.00382	0.00402
92	0.01440	0.01359	0.02271	0.21321	0.52502	0.01409	0.04767	0.01811	0.03485	0.01893	0.01208	0.01612	0.00993	0.00600	0.00620	0.00196	0.00744	0.00557	0.00321	0.00891
93	0.01253	0.02970	0.73326	0.01675	0.02510	0.01371	0.02116	0.01883	0.01282	0.01930	0.01157	0.01378	0.00845	0.00615	0.00586	0.00199	0.00867	0.00462	0.02683	0.00893
94	0.01577	0.01283	0.01367	0.01230	0.01565	0.01445	0.00953	0.03077	0.68862	0.06051	0.02448	0.02360	0.01862	0.00858	0.00633	0.00214	0.00494	0.02140	0.00623	0.00958
95	0.01342	0.01124	0.01292	0.00945	0.01461	0.00877	0.00748	0.05020	0.01334	0.02059	0.01140	0.01338	0.00952	0.00505	0.00477	0.00108	0.00472	0.00384	0.00386	0.78037
96	0.00832	0.00608	0.00769	0.00861	0.00938	0.00548	0.00584	0.00925	0.01207	0.01631	0.06614	0.67899	0.06837	0.01752	0.00757	0.00240	0.00370	0.01556	0.00562	0.04508
97	0.03240	0.43218	0.19321	0.04002	0.08360	0.03942	0.01385	0.05017	0.01329	0.01739	0.01013	0.01222	0.00855	0.00599	0.00527	0.00168	0.02520	0.00409	0.00302	0.00832
98	0.00922	0.04184	0.01057	0.04589	0.03367	0.00722	0.03125	0.01057	0.01245	0.01672	0.09189	0.56803	0.03547	0.01602	0.00745	0.00238	0.00437	0.04391	0.00534	0.00573
99	0.01428	0.01564	0.03275	0.10774	0.03184	0.01493	0.64925	0.01876	0.01402	0.01900	0.01248	0.01685	0.00954	0.00560	0.00711	0.00212	0.00981	0.00693	0.00321	0.00813
100	0.01359	0.01330	0.01833	0.01578	0.01587	0.01819	0.01302	0.01461	0.00950	0.01485	0.00856	0.01394	0.00849	0.01071	0.01927	0.00270	0.77423	0.00537	0.00286	0.00682
101	0.01352	0.01774	0.18822	0.17089	0.09575	0.01449	0.29948	0.01778	0.01302	0.01817	0.01166	0.01579	0.00911	0.00651	0.00781	0.01714	0.06589	0.00591	0.00303	0.00809
102	0.00804	0.00575	0.00742	0.00871	0.00914	0.00529	0.00580	0.00880	0.01170	0.01569	0.03263	0.78202	0.03888	0.01863	0.00777	0.00252	0.00370	0.01665	0.00567	0.00521
103	0.00938	0.00634	0.00715	0.00711	0.00724	0.00626	0.00411	0.00923	0.00909	0.01226	0.01898	0.03828	0.02153	0.75341	0.06087	0.00590	0.00635	0.00860	0.00381	0.00409
104	0.00969	0.00684	0.00913	0.00996	0.01114	0.00655	0.00799	0.01157	0.01392	0.01871	0.18861	0.18182	0.03834	0.01616	0.00872	0.04250	0.00473	0.40226	0.00573	0.00561
105	0.01462	0.01374	0.02291	0.17257	0.61765	0.01409	0.01777	0.01786	0.01348	0.01902	0.01171	0.01579	0.00978	0.00590	0.00614	0.00193	0.00734	0.00546	0.00313	0.00913
106	0.00830	0.00594	0.00772	0.00901	0.00955	0.00551	0.00626	0.00925	0.01195	0.01598	0.03249	0.69868	0.03831	0.01838	0.00784	0.00255	0.00393	0.09740	0.00567	0.00528
107	0.40004	0.01180	0.01197	0.00989	0.01390	0.01222	0.00801	0.11591	0.01526	0.28459	0.01720	0.01697	0.04365	0.00724	0.00522	0.00196	0.00514	0.00507	0.00552	0.00842
108	0.06004	0.08116	0.01974	0.16066	0.11676	0.01474	0.09315	0.11621	0.01470	0.05858	0.01297	0.01610	0.01025	0.00697	0.00732	0.00197	0.09603	0.00541	0.09922	0.00801
109	0.01577	0.08161	0.08262	0.01208	0.01595	0.01400	0.01036	0.07368	0.39192	0.08805	0.07074	0.03840	0.03879	0.00876	0.00623	0.00205	0.00539	0.02898	0.00567	0.00896
110	0.01052	0.00888	0.01301	0.01201	0.01301	0.01065	0.03878	0.01217	0.01011	0.01478	0.01524	0.06967	0.01480	0.03189	0.48883	0.00691	0.21240	0.00688	0.00341	0.00605
111	0.01806	0.01382	0.04630	0.01170	0.01633	0.01270	0.00968	0.32496	0.01947	0.09567	0.01583	0.08269	0.01308	0.00758	0.00581	0.00167	0.00567	0.00591	0.00523	0.28783
112	0.01593	0.01106	0.01523	0.01141	0.01616	0.00906	0.09521	0.01842	0.01415	0.18801	0.06991	0.03307	0.01480	0.00648	0.00561	0.00148	0.00529	0.00548	0.00479	0.45845
113	0.00935	0.00630	0.00703	0.00703	0.00713	0.00617	0.00400	0.00914	0.00912	0.01226	0.01945	0.05803	0.02224	0.76532	0.02907	0.00566	0.00587	0.00889	0.00387	0.00405
114	0.01281	0.01212	0.02068	0.55427	0.18537	0.01371	0.07944	0.01639	0.01269	0.01687	0.01147	0.01648	0.00899	0.00620	0.00627	0.00206	0.00802	0.00560	0.00299	0.00760
115	0.02264	0.01128	0.01419	0.01124	0.01546	0.01054	0.00907	0.08794	0.07826	0.48618	0.02066	0.01957	0.01416	0.00910	0.03868	0.00220	0.03138	0.00584	0.00646	0.10517

[dist]
# distance from previous block
# <min> <max>
4	10

[block]
# block no. 3 follows, 40 sequences, length 41
# corresponding to MSA columns:
# 294-334
name=unknown_D
#
# <colnr> <probs for GDERKNQSTAVLIFYWHMCP>
#	G	D	E	R	K	N	Q	S	T	A	V	L	I	F	Y	W	H	M	C	P
0	0.14132	0.07100	0.08757	0.05189	0.01662	0.03851	0.03493	0.02166	0.06853	0.28920	0.05369	0.01869	0.03913	0.00823	0.03239	0.00205	0.00601	0.00553	0.00497	0.00808
1	0.01318	0.00982	0.01121	0.01031	0.01293	0.01063	0.00810	0.02297	0.40245	0.08634	0.17300	0.03279	0.04602	0.03709	0.00721	0.00214	0.00434	0.09577	0.00596	0.00773
2	0.02362	0.02981	0.75453	0.01645	0.02497	0.01350	0.02127	0.01840	0.01224	0.01853	0.01040	0.01224	0.00735	0.00552	0.00550	0.00184	0.00853	0.00428	0.00247	0.00856
3	0.05583	0.01077	0.01790	0.53487	0.10932	0.01247	0.06131	0.01578	0.01204	0.05109	0.01219	0.05923	0.00994	0.00643	0.00585	0.00193	0.00725	0.00585	0.00307	0.00689
4	0.01967	0.01508	0.01608	0.01289	0.01710	0.01690	0.01046	0.51380	0.25748	0.03272	0.01706	0.01643	0.01240	0.00727	0.00585	0.00182	0.00583	0.00566	0.00585	0.00967
5	0.02371	0.00938	0.01266	0.00988	0.01401	0.00812	0.00810	0.02596	0.01646	0.66724	0.08248	0.02349	0.05522	0.00795	0.00598	0.00181	0.00467	0.00654	0.00704	0.00930
6	0.00846	0.00564	0.00634	0.00634	0.00634	0.00564	0.00352	0.00846	0.00846	0.01128	0.01832	0.03805	0.02114	0.79563	0.02960	0.00564	0.00564	0.00846	0.00352	0.00352
7	0.01526	0.01289	0.01360	0.01199	0.01542	0.01483	0.00940	0.10448	0.67398	0.02560	0.02266	0.02089	0.01694	0.00780	0.00591	0.00195	0.00479	0.00644	0.00591	0.00928
8	0.01111	0.02509	0.59955	0.01508	0.02218	0.01206	0.04313	0.01692	0.01273	0.01877	0.11448	0.01793	0.01466	0.04330	0.00688	0.00202	0.00768	0.00544	0.00307	0.00790
9	0.01038	0.00936	0.01572	0.49922	0.04906	0.01082	0.05931	0.01328	0.01154	0.01490	0.01655	0.12541	0.06049	0.00911	0.00744	0.06422	0.00675	0.00729	0.00318	0.00598
10	0.01673	0.59322	0.02710	0.01262	0.06671	0.10885	0.01061	0.01845	0.01305	0.01550	0.01003	0.01191	0.00894	0.00584	0.00448	0.00149	0.00683	0.00379	0.05602	0.00782
11	0.01738	0.01013	0.03851	0.01020	0.01364	0.00858	0.00817	0.03567	0.06625	0.30891	0.07267	0.19065	0.02226	0.01006	0.00634	0.00195	0.00472	0.00840	0.03799	0.12754
12	0.22432	0.01536	0.07031	0.10026	0.04811	0.07605	0.17930	0.05719	0.03811	0.05904	0.01294	0.04186	0.01043	0.00716	0.00641	0.02853	0.00737	0.00563	0.00389	0.00774
13	0.06380	0.09208	0.01857	0.01461	0.06863	0.01782	0.01122	0.46630	0.13135	0.03135	0.01517	0.01568	0.01142	0.00730	0.00589	0.00190	0.00634	0.00540	0.00546	0.00973
14	0.63375	0.05382	0.01198	0.10902	0.01620	0.01427	0.00841	0.05405	0.01170	0.02521	0.00962	0.01175	0.00762	0.00612	0.00442	0.00195	0.00542	0.00383	0.00383	0.00703
15	0.05248	0.06508	0.01345	0.01268	0.08658	0.01082	0.00884	0.01930	0.18530	0.11287	0.15095	0.18177	0.02721	0.01088	0.00656	0.00211	0.00475	0.03496	0.00566	0.00776
16	0.00909	0.00663	0.00832	0.00786	0.00934	0.00601	0.00583	0.01147	0.01674	0.02353	0.69830	0.04511	0.10347	0.01260	0.00723	0.00200	0.00310	0.01085	0.00660	0.00593
17	0.01452	0.01215	0.01386	0.04443	0.06382	0.01340	0.01004	0.07481	0.47519	0.02390	0.04841	0.05364	0.05901	0.00953	0.00655	0.00216	0.00518	0.05480	0.00578	0.00881
18	0.01233	0.01071	0.01570	0.23335	0.04812	0.01232	0.04958	0.06044	0.01248	0.01736	0.01595	0.16137	0.01584	0.06482	0.02611	0.00264	0.16992	0.00783	0.03004	0.03309
19	0.01143	0.01007	0.01305	0.18238	0.01896	0.06167	0.05848	0.06386	0.01364	0.01752	0.02531	0.40062	0.07215	0.01312	0.00709	0.00227	0.00579	0.01152	0.00475	0.00633
20	0.08985	0.03880	0.01621	0.22311	0.09840	0.01293	0.01185	0.06468	0.01363	0.12318	0.01337	0.01628	0.01034	0.00727	0.00743	0.01971	0.08820	0.00517	0.06593	0.07365
21	0.49241	0.05390	0.21585	0.03054	0.06467	0.01414	0.01194	0.01805	0.01148	0.02342	0.00990	0.01196	0.00776	0.00602	0.00473	0.00195	0.00623	0.00395	0.00347	0.00763
22	0.01189	0.01063	0.01715	0.71755	0.03802	0.01286	0.01558	0.01538	0.01223	0.01619	0.01184	0.01714	0.00912	0.00648	0.00608	0.00206	0.00767	0.00547	0.05981	0.00686
23	0.01296	0.01096	0.01267	0.00924	0.01442	0.00829	0.00728	0.01526	0.01262	0.01975	0.01124	0.01332	0.00947	0.00493	0.00471	0.00104	0.00462	0.00376	0.00375	0.81969
24	0.02679	0.01053	0.01409	0.01095	0.01547	0.00907	0.00892	0.02876	0.01714	0.75339	0.02367	0.02094	0.01517	0.00778	0.00623	0.00196	0.00526	0.00612	0.00745	0.01031
25	0.00806	0.00577	0.00744	0.00873	0.00915	0.00530	0.00581	0.00881	0.01171	0.01571	0.03264	0.78179	0.03889	0.01864	0.00778	0.00252	0.00371	0.01665	0.00568	0.00522
26	0.00813	0.00582	0.00750	0.00868	0.00917	0.00535	0.00582	0.00900	0.01205	0.01625	0.07926	0.73362	0.03995	0.01823	0.00774	0.00248	0.00366	0.01627	0.00574	0.00527
27	0.00867	0.00647	0.00783	0.00775	0.00916	0.00579	0.00563	0.01053	0.01530	0.02081	0.45787	0.17307	0.22018	0.01415	0.00732	0.00212	0.00324	0.01216	0.00626	0.00570
28	0.02286	0.01683	0.01799	0.01393	0.01861	0.01842	0.01139	0.73007	0.02768	0.03719	0.01482	0.01519	0.01073	0.00757	0.00620	0.00191	0.00669	0.00552	0.00609	0.01031
29	0.02286	0.01683	0.01799	0.01393	0.01861	0.01842	0.01139	0.73007	0.02768	0.03719	0.01482	0.01519	0.01073	0.00757	0.00620	0.00191	0.00669	0.00552	0.00609	0.01031
30	0.01533	0.01309	0.01375	0.01241	0.01574	0.01490	0.00956	0.03128	0.73873	0.02505	0.02438	0.02282	0.01848	0.00846	0.00630	0.00214	0.00492	0.00684	0.00619	0.00963
31	0.02286	0.01683	0.01799	0.01393	0.01861	0.01842	0.01139	0.73007	0.02768	0.03719	0.01482	0.01519	0.01073	0.00757	0.00620	0.00191	0.00669	0.00552	0.00609	0.01031
32	0.01103	0.00576	0.00825	0.00821	0.00831	0.00562	0.00547	0.00830	0.00820	0.01103	0.01101	0.01885	0.01094	0.02060	0.02286	0.81896	0.00536	0.00534	0.00285	0.00305
33	0.01533	0.01309	0.01375	0.01241	0.01574	0.01490	0.00956	0.03128	0.73873	0.02505	0.02438	0.02282	0.01848	0.00846	0.00630	0.00214	0.00492	0.00684	0.00619	0.00963
34	0.01345	0.03075	0.74518	0.01758	0.02611	0.01439	0.02184	0.01953	0.01338	0.02001	0.01222	0.01475	0.00910	0.00672	0.00629	0.00217	0.00910	0.00489	0.00309	0.00946
35	0.01719	0.75270	0.03094	0.01197	0.03997	0.02333	0.01089	0.01857	0.01297	0.01558	0.01003	0.01205	0.00925	0.00619	0.00461	0.00160	0.00681	0.00380	0.00313	0.00841
36	0.01345	0.03075	0.74518	0.01758	0.02611	0.01439	0.02184	0.01953	0.01338	0.02001	0.01222	0.01475	0.00910	0.00672	0.00629	0.00217	0.00910	0.00489	0.00309	0.00946
37	0.01722	0.77782	0.03116	0.01114	0.01616	0.02363	0.01064	0.01856	0.01293	0.01541	0.00994	0.01189	0.00919	0.00619	0.00454	0.00159	0.00679	0.00373	0.00312	0.00836
38	0.01034	0.00701	0.00772	0.00764	0.00782	0.00675	0.00440	0.00985	0.00967	0.01307	0.01989	0.03979	0.02248	0.77424	0.02967	0.00585	0.00623	0.00893	0.00413	0.00453
39	0.02334	0.01723	0.01836	0.01442	0.01908	0.01867	0.01165	0.69697	0.05191	0.03731	0.01597	0.01665	0.01181	0.00817	0.00657	0.00208	0.00691	0.00584	0.00636	0.01069
40	0.00897	0.00726	0.00751	0.00738	0.00939	0.00611	0.00540	0.01007	0.01472	0.01832	0.14567	0.05564	0.65036	0.01531	0.00759	0.00227	0.00359	0.01242	0.00607	0.00595

[dist]
# distance from previous block
# <min> <max>
0	1

[block]
# block no. 4 follows, 40 sequences, length 6
# corresponding to MSA columns:
# 336-341
name=unknown_E
#
# <colnr> <probs for GDERKNQSTAVLIFYWHMCP>
#	G	D	E	R	K	N	Q	S	T	A	V	L	I	F	Y	W	H	M	C	P
0	0.00815	0.01087	0.18281	0.01006	0.01232	0.00676	0.00913	0.01049	0.01140	0.01567	0.02704	0.61095	0.03125	0.01527	0.00698	0.00224	0.00459	0.01369	0.00472	0.00562
1	0.20768	0.12853	0.09200	0.07027	0.11707	0.01366	0.03768	0.02050	0.03944	0.20100	0.01318	0.01400	0.00955	0.00586	0.00501	0.00173	0.00602	0.00459	0.00409	0.00814
2	0.02469	0.01214	0.01488	0.01141	0.01596	0.01188	0.00943	0.27810	0.02040	0.50832	0.01979	0.01775	0.01281	0.00712	0.00584	0.00178	0.00546	0.00563	0.00671	0.00989
3	0.00735	0.00527	0.00699	0.00792	0.00849	0.00490	0.00542	0.00876	0.01237	0.01681	0.20010	0.61818	0.04227	0.01675	0.00729	0.00224	0.00323	0.01514	0.00563	0.00490
4	0.01291	0.02697	0.62661	0.01709	0.02508	0.01331	0.10584	0.01913	0.01275	0.06989	0.01146	0.01320	0.00803	0.00557	0.00571	0.00185	0.00849	0.00471	0.00284	0.00859
5	0.01412	0.09112	0.19265	0.06292	0.44958	0.01479	0.01750	0.05560	0.01355	0.01910	0.01069	0.01347	0.00859	0.00536	0.00552	0.00172	0.00724	0.00479	0.00289	0.00881

[dist]
# distance from previous block
# <min> <max>
2	181

# created by:
# /software/SequenceAnalysis/GenePrediction/augustus/3.0.1/scripts/msa2prfl.pl ./fixed/BUSCOvEOG7002ZB.fas
