[name]
unknown

[dist]
# distance from previous block
# <min> <max>
0	71

[block]
# block no. 0 follows, 40 sequences, length 10
# corresponding to MSA columns:
# 71-80
name=unknown_A
#
# <colnr> <probs for GDERKNQSTAVLIFYWHMCP>
#	G	D	E	R	K	N	Q	S	T	A	V	L	I	F	Y	W	H	M	C	P
0	0.01329	0.00786	0.00997	0.00858	0.01093	0.00747	0.00670	0.09452	0.01769	0.17121	0.52962	0.03552	0.04192	0.01042	0.00654	0.00181	0.00358	0.00901	0.00649	0.00684
1	0.00846	0.00564	0.00634	0.00634	0.00634	0.00564	0.00352	0.00846	0.00846	0.01128	0.01832	0.03805	0.02114	0.79563	0.02960	0.00564	0.00564	0.00846	0.00352	0.00352
2	0.02243	0.01048	0.01324	0.01043	0.01439	0.00994	0.00845	0.13965	0.05348	0.50850	0.08319	0.02193	0.01762	0.04993	0.00721	0.00201	0.00501	0.00632	0.00665	0.00915
3	0.02172	0.02772	0.01648	0.01498	0.01798	0.77228	0.01124	0.02322	0.01648	0.01423	0.00899	0.01049	0.00749	0.00599	0.00524	0.00150	0.01049	0.00375	0.00300	0.00674
4	0.01150	0.01270	0.12219	0.00973	0.01492	0.00829	0.00888	0.01454	0.01200	0.01846	0.01254	0.09067	0.01144	0.00589	0.00480	0.00116	0.00484	0.00489	0.00350	0.62707
5	0.01166	0.03008	0.76550	0.01657	0.02517	0.01351	0.02149	0.01842	0.01228	0.01842	0.01044	0.01228	0.00737	0.00552	0.00552	0.00184	0.00859	0.00430	0.00246	0.00859
6	0.01555	0.79913	0.03047	0.00995	0.01493	0.02301	0.00995	0.01741	0.01182	0.01368	0.00808	0.00933	0.00746	0.00498	0.00373	0.00124	0.00622	0.00311	0.00249	0.00746
7	0.01337	0.00785	0.00880	0.00789	0.01013	0.00803	0.00612	0.05669	0.14108	0.11082	0.16060	0.02520	0.02269	0.00800	0.00522	0.00162	0.00350	0.00663	0.38889	0.00685
8	0.01949	0.01032	0.04383	0.05274	0.05321	0.00893	0.00933	0.05349	0.01612	0.43641	0.15699	0.05278	0.02158	0.00816	0.00603	0.00180	0.00492	0.00690	0.00616	0.03078
9	0.14530	0.01116	0.01289	0.09530	0.01650	0.01240	0.00930	0.19316	0.09372	0.10265	0.05301	0.08821	0.01666	0.04313	0.00746	0.00212	0.04237	0.04217	0.00498	0.00753

[dist]
# distance from previous block
# <min> <max>
0	2

[block]
# block no. 1 follows, 40 sequences, length 23
# corresponding to MSA columns:
# 83-105
name=unknown_B
#
# <colnr> <probs for GDERKNQSTAVLIFYWHMCP>
#	G	D	E	R	K	N	Q	S	T	A	V	L	I	F	Y	W	H	M	C	P
0	0.48327	0.01151	0.01288	0.01430	0.17387	0.01224	0.00928	0.01969	0.01208	0.18422	0.01193	0.01276	0.00868	0.00574	0.00455	0.00178	0.00512	0.00417	0.00422	0.00771
1	0.01502	0.01358	0.02072	0.02762	0.50511	0.01408	0.01513	0.13188	0.01506	0.02125	0.01321	0.01587	0.04187	0.00624	0.00682	0.00176	0.07003	0.00539	0.00346	0.05588
2	0.55627	0.08703	0.01168	0.00841	0.01225	0.01326	0.00705	0.06248	0.01202	0.05707	0.05206	0.01233	0.00996	0.00582	0.00409	0.00167	0.00469	0.00384	0.00394	0.07409
3	0.05224	0.15337	0.54614	0.01430	0.02146	0.01439	0.01755	0.01758	0.01243	0.01841	0.07083	0.01420	0.01121	0.00595	0.00525	0.00174	0.00753	0.00455	0.00284	0.00804
4	0.01759	0.13047	0.24121	0.01424	0.01931	0.34449	0.01381	0.07236	0.01529	0.03917	0.01161	0.01279	0.03098	0.00609	0.00523	0.00161	0.00866	0.00426	0.00317	0.00765
5	0.01979	0.01241	0.07691	0.05999	0.16794	0.01044	0.01178	0.05309	0.01537	0.39991	0.03637	0.04174	0.01367	0.00688	0.00580	0.00177	0.00573	0.00585	0.00535	0.04922
6	0.01420	0.01353	0.02266	0.03348	0.69849	0.01332	0.01695	0.01759	0.01314	0.01899	0.01089	0.01420	0.00916	0.00511	0.00564	0.00166	0.00670	0.00504	0.00292	0.07632
7	0.01433	0.01399	0.02461	0.03464	0.69095	0.01390	0.08544	0.01792	0.01329	0.01896	0.01102	0.01451	0.00917	0.00516	0.00586	0.00175	0.00718	0.00534	0.00288	0.00908
8	0.00810	0.00591	0.00801	0.00835	0.00887	0.00637	0.00587	0.00928	0.00965	0.01335	0.02115	0.26401	0.02345	0.23153	0.31967	0.00602	0.03191	0.00996	0.00391	0.00465
9	0.00741	0.00521	0.00684	0.00787	0.00840	0.00487	0.00535	0.00875	0.01197	0.01639	0.13849	0.64861	0.03989	0.01680	0.00720	0.00224	0.00325	0.01517	0.04043	0.00487
10	0.01136	0.01072	0.01813	0.69842	0.12031	0.01302	0.01634	0.01519	0.01181	0.01532	0.01040	0.01538	0.00791	0.00574	0.00581	0.00191	0.00766	0.00517	0.00262	0.00677
11	0.01453	0.01189	0.01275	0.01127	0.01447	0.01341	0.00881	0.09628	0.56188	0.04081	0.09583	0.02445	0.05092	0.00846	0.00604	0.00193	0.00453	0.00705	0.00596	0.00875
12	0.01494	0.62900	0.02773	0.01110	0.01500	0.02189	0.01055	0.01667	0.01119	0.01375	0.00799	0.01006	0.00750	0.00610	0.00705	0.00153	0.17469	0.00354	0.00250	0.00722
13	0.01484	0.35513	0.10611	0.01043	0.01574	0.01548	0.01015	0.01835	0.05448	0.07906	0.01118	0.01209	0.00898	0.00518	0.00442	0.00128	0.00570	0.00378	0.00337	0.26425
14	0.01398	0.41571	0.02447	0.31176	0.06616	0.01836	0.01285	0.04684	0.01247	0.01540	0.00937	0.01221	0.00777	0.00540	0.00474	0.00156	0.00686	0.00411	0.00269	0.00727
15	0.00823	0.00594	0.00777	0.00732	0.00869	0.00549	0.00549	0.01097	0.01646	0.02332	0.75629	0.04344	0.05487	0.01189	0.00686	0.00183	0.00274	0.01052	0.00640	0.00549
16	0.01166	0.03008	0.76550	0.01657	0.02517	0.01351	0.02149	0.01842	0.01228	0.01842	0.01044	0.01228	0.00737	0.00552	0.00552	0.00184	0.00859	0.00430	0.00246	0.00859
17	0.01098	0.01018	0.01705	0.75628	0.03896	0.01267	0.01575	0.01482	0.01165	0.01508	0.01062	0.01571	0.00799	0.00585	0.00576	0.00192	0.00759	0.00518	0.02957	0.00643
18	0.00995	0.00632	0.00832	0.00761	0.00928	0.00578	0.00578	0.01265	0.01648	0.09462	0.68563	0.04116	0.05097	0.01144	0.00676	0.00183	0.00296	0.01007	0.00648	0.00591
19	0.01331	0.01227	0.02027	0.68484	0.03971	0.01413	0.08630	0.01661	0.01311	0.01716	0.01252	0.01825	0.00982	0.00708	0.00678	0.00231	0.00855	0.00598	0.00334	0.00765
20	0.01098	0.01034	0.01744	0.78165	0.04005	0.01292	0.01615	0.01486	0.01163	0.01486	0.01034	0.01550	0.00775	0.00581	0.00581	0.00194	0.00775	0.00517	0.00258	0.00646
21	0.05203	0.00799	0.00980	0.00850	0.02627	0.00739	0.00659	0.02073	0.01428	0.37684	0.02133	0.02104	0.03397	0.00710	0.00501	0.00161	0.00395	0.00571	0.36219	0.00766
22	0.01272	0.01272	0.01781	0.01527	0.01527	0.01781	0.01272	0.01399	0.00891	0.01399	0.00763	0.01272	0.00763	0.01018	0.01908	0.00254	0.78499	0.00509	0.00254	0.00636

[dist]
# distance from previous block
# <min> <max>
1	82

# created by:
# /software/SequenceAnalysis/GenePrediction/augustus/3.0.1/scripts/msa2prfl.pl ./fixed/BUSCOvEOG7NW11P.fas
