[name]
unknown

[dist]
# distance from previous block
# <min> <max>
0	169

[block]
# block no. 0 follows, 40 sequences, length 64
# corresponding to MSA columns:
# 176-239
name=unknown_A
#
# <colnr> <probs for GDERKNQSTAVLIFYWHMCP>
#	G	D	E	R	K	N	Q	S	T	A	V	L	I	F	Y	W	H	M	C	P
0	0.00823	0.00594	0.00777	0.00732	0.00869	0.00549	0.00549	0.01097	0.01646	0.02332	0.75629	0.04344	0.05487	0.01189	0.00686	0.00183	0.00274	0.01052	0.00640	0.00549
1	0.65087	0.00994	0.00784	0.00715	0.01024	0.01133	0.00580	0.01630	0.01041	0.02510	0.01054	0.01220	0.00823	0.00571	0.00370	0.00170	0.00410	0.00366	0.18909	0.00610
2	0.00709	0.00506	0.00675	0.00810	0.00843	0.00472	0.00540	0.00810	0.01113	0.01484	0.03205	0.79184	0.03846	0.01822	0.00742	0.00236	0.00337	0.01653	0.00540	0.00472
3	0.00983	0.00717	0.00780	0.00737	0.00969	0.00661	0.00570	0.01347	0.11095	0.08672	0.08391	0.04788	0.52477	0.01304	0.00670	0.00197	0.00344	0.04130	0.00568	0.00599
4	0.01735	0.01263	0.01376	0.01122	0.01435	0.01375	0.00874	0.49363	0.02130	0.02853	0.01707	0.11208	0.01575	0.17969	0.01118	0.00266	0.00587	0.00728	0.00527	0.00789
5	0.81746	0.01137	0.00876	0.00778	0.01141	0.01316	0.00641	0.03418	0.01031	0.02634	0.00824	0.00955	0.00638	0.00544	0.00365	0.00180	0.00454	0.00320	0.00365	0.00638
6	0.01551	0.01221	0.01312	0.01158	0.01498	0.01380	0.00907	0.05978	0.63260	0.08657	0.02437	0.02235	0.04170	0.00802	0.00594	0.00195	0.00465	0.00665	0.00600	0.00915
7	0.00915	0.00603	0.00775	0.00755	0.00899	0.00548	0.00557	0.01131	0.01490	0.07571	0.45693	0.21155	0.13042	0.01330	0.00691	0.00196	0.00307	0.01173	0.00612	0.00558
8	0.00799	0.00569	0.00623	0.00628	0.00682	0.00541	0.00383	0.00841	0.00983	0.01258	0.02966	0.06790	0.21896	0.56048	0.02277	0.00454	0.00484	0.00975	0.00409	0.00393
9	0.00884	0.00637	0.00833	0.00846	0.00976	0.00613	0.00654	0.04199	0.01520	0.02092	0.42327	0.19734	0.04505	0.01384	0.00718	0.00211	0.00359	0.16363	0.00595	0.00549
10	0.00788	0.00581	0.00673	0.00685	0.00824	0.00515	0.00491	0.00941	0.01315	0.03837	0.19102	0.21907	0.37070	0.07547	0.00873	0.00231	0.00327	0.01240	0.00551	0.00502
11	0.01188	0.00698	0.00883	0.00883	0.01053	0.00662	0.00648	0.01487	0.09039	0.17231	0.03170	0.46057	0.09726	0.01444	0.00690	0.00218	0.00385	0.03323	0.00583	0.00631
12	0.83671	0.01125	0.00855	0.00765	0.01125	0.01305	0.00630	0.01709	0.00990	0.02609	0.00810	0.00945	0.00630	0.00540	0.00360	0.00180	0.00450	0.00315	0.00360	0.00630
13	0.00707	0.00511	0.00670	0.00797	0.00840	0.00473	0.00534	0.00811	0.01125	0.01489	0.03356	0.75056	0.07877	0.01802	0.00739	0.00234	0.00335	0.01629	0.00540	0.00473
14	0.01324	0.01079	0.01152	0.01044	0.01344	0.01187	0.00818	0.06069	0.48237	0.04719	0.03162	0.03129	0.18830	0.00980	0.00623	0.00199	0.00436	0.04280	0.00581	0.00808
15	0.00907	0.00613	0.00804	0.00746	0.00898	0.00563	0.00563	0.01179	0.01647	0.05813	0.72179	0.04233	0.05297	0.01167	0.00681	0.00183	0.00285	0.01030	0.00644	0.00569
16	0.00722	0.00521	0.00684	0.00790	0.00844	0.00483	0.00537	0.00847	0.01190	0.01596	0.12534	0.66496	0.07147	0.01726	0.00733	0.00228	0.00328	0.01558	0.00553	0.00483
17	0.02094	0.00861	0.01170	0.00969	0.01310	0.00754	0.00769	0.02293	0.01540	0.55865	0.06096	0.19468	0.02180	0.00991	0.00625	0.00193	0.00449	0.00848	0.00675	0.00852
18	0.00958	0.00624	0.00820	0.00754	0.00915	0.00572	0.00572	0.01228	0.01647	0.07914	0.70098	0.04166	0.05182	0.01153	0.00678	0.00183	0.00291	0.01016	0.00646	0.00582
19	0.83671	0.01125	0.00855	0.00765	0.01125	0.01305	0.00630	0.01709	0.00990	0.02609	0.00810	0.00945	0.00630	0.00540	0.00360	0.00180	0.00450	0.00315	0.00360	0.00630
20	0.00842	0.00580	0.00715	0.00715	0.00743	0.00608	0.00453	0.00897	0.00869	0.01187	0.01759	0.03398	0.01937	0.59406	0.22875	0.00663	0.00830	0.00786	0.00341	0.00397
21	0.01135	0.00620	0.00822	0.00848	0.00984	0.00559	0.00605	0.01267	0.01249	0.18333	0.03151	0.57683	0.07335	0.01554	0.00704	0.00221	0.00370	0.01389	0.00580	0.00590
22	0.00963	0.00742	0.00898	0.00833	0.01014	0.00751	0.00632	0.01546	0.18126	0.02355	0.59143	0.03855	0.04652	0.01099	0.00665	0.00186	0.00316	0.00963	0.00629	0.00632
23	0.01305	0.01093	0.01259	0.00909	0.01420	0.00877	0.00730	0.08654	0.01357	0.02070	0.01070	0.01225	0.00874	0.00457	0.00446	0.00095	0.00451	0.00362	0.00368	0.74977
24	0.01367	0.01036	0.01237	0.00927	0.01385	0.00866	0.00744	0.01717	0.06599	0.10245	0.04399	0.01497	0.01183	0.00546	0.00534	0.00116	0.03795	0.00431	0.00413	0.60964
25	0.01381	0.01312	0.02230	0.10741	0.65207	0.01338	0.01726	0.01727	0.01309	0.01851	0.01186	0.01703	0.01027	0.00578	0.00588	0.00179	0.00691	0.04052	0.00297	0.00875
26	0.00726	0.00618	0.00629	0.00630	0.00824	0.00537	0.00470	0.00945	0.04951	0.01609	0.05580	0.09162	0.68398	0.01457	0.00685	0.00198	0.00305	0.01221	0.00543	0.00511
27	0.01166	0.03008	0.76550	0.01657	0.02517	0.01351	0.02149	0.01842	0.01228	0.01842	0.01044	0.01228	0.00737	0.00552	0.00552	0.00184	0.00859	0.00430	0.00246	0.00859
28	0.02609	0.00990	0.01350	0.01035	0.01484	0.00855	0.00855	0.02834	0.01664	0.76338	0.02294	0.01979	0.01439	0.00720	0.00585	0.00180	0.00495	0.00585	0.00720	0.00990
29	0.00831	0.00558	0.00639	0.00653	0.00656	0.00554	0.00372	0.00842	0.00874	0.01165	0.01977	0.11731	0.02296	0.71389	0.02727	0.00529	0.00540	0.00931	0.00372	0.00365
30	0.83671	0.01125	0.00855	0.00765	0.01125	0.01305	0.00630	0.01709	0.00990	0.02609	0.00810	0.00945	0.00630	0.00540	0.00360	0.00180	0.00450	0.00315	0.00360	0.00630
31	0.01228	0.02698	0.65123	0.01670	0.05977	0.01284	0.01980	0.01844	0.01276	0.05376	0.05289	0.01448	0.01045	0.00594	0.00563	0.00183	0.00801	0.00476	0.00292	0.00851
32	0.06354	0.25450	0.09299	0.01070	0.01571	0.01372	0.01014	0.02341	0.01438	0.42085	0.01637	0.01529	0.01115	0.00626	0.00505	0.00163	0.00568	0.00471	0.00509	0.00883
33	0.01607	0.66988	0.06615	0.01087	0.01580	0.11015	0.01069	0.01814	0.01238	0.01399	0.00831	0.00961	0.00746	0.00512	0.00400	0.00130	0.00684	0.00324	0.00255	0.00744
34	0.00815	0.00551	0.00643	0.00674	0.00681	0.00543	0.00395	0.00838	0.00906	0.01208	0.02141	0.20767	0.02504	0.62070	0.02461	0.00490	0.00513	0.01027	0.00395	0.00379
35	0.00800	0.00576	0.00761	0.00775	0.00885	0.00536	0.00572	0.01028	0.01483	0.02065	0.51332	0.24554	0.04903	0.01387	0.00709	0.00203	0.00309	0.05991	0.00606	0.00527
36	0.00838	0.00594	0.00759	0.00738	0.00844	0.00562	0.00537	0.01050	0.01440	0.02011	0.52933	0.04409	0.04548	0.18860	0.01207	0.00276	0.00361	0.06963	0.00567	0.00503
37	0.00823	0.00594	0.00777	0.00732	0.00869	0.00549	0.00549	0.01097	0.01646	0.02332	0.75629	0.04344	0.05487	0.01189	0.00686	0.00183	0.00274	0.01052	0.00640	0.00549
38	0.01555	0.79913	0.03047	0.00995	0.01493	0.02301	0.00995	0.01741	0.01182	0.01368	0.00808	0.00933	0.00746	0.00498	0.00373	0.00124	0.00622	0.00311	0.00249	0.00746
39	0.05874	0.01346	0.01457	0.02796	0.03459	0.01510	0.00990	0.24885	0.41386	0.04756	0.01888	0.01804	0.01397	0.00725	0.00571	0.00185	0.00527	0.00581	0.00559	0.03303
40	0.01231	0.01231	0.01915	0.15081	0.02106	0.01609	0.09332	0.01448	0.00994	0.01463	0.00896	0.01404	0.00813	0.01048	0.05264	0.00271	0.52447	0.00536	0.00262	0.00648
41	0.02609	0.00990	0.01350	0.01035	0.01484	0.00855	0.00855	0.02834	0.01664	0.76338	0.02294	0.01979	0.01439	0.00720	0.00585	0.00180	0.00495	0.00585	0.00720	0.00990
42	0.00845	0.00605	0.00759	0.00719	0.00875	0.00548	0.00544	0.01093	0.01578	0.04061	0.58781	0.04572	0.18887	0.01240	0.00686	0.00187	0.00289	0.02560	0.00621	0.00549
43	0.01428	0.01472	0.02880	0.16426	0.04870	0.01477	0.49528	0.10795	0.01502	0.02018	0.01175	0.01541	0.00877	0.00534	0.00651	0.00192	0.00893	0.00630	0.00323	0.00788
44	0.00845	0.00567	0.00649	0.00649	0.00654	0.00572	0.00370	0.00855	0.00850	0.01138	0.01819	0.03733	0.02083	0.75962	0.06518	0.00582	0.00611	0.00835	0.00350	0.00360
45	0.02172	0.02772	0.01648	0.01498	0.01798	0.77228	0.01124	0.02322	0.01648	0.01423	0.00899	0.01049	0.00749	0.00599	0.00524	0.00150	0.01049	0.00375	0.00300	0.00674
46	0.42583	0.01177	0.01290	0.24699	0.02134	0.01372	0.01018	0.13733	0.01351	0.04321	0.01014	0.01233	0.00755	0.00584	0.00471	0.00183	0.00583	0.00419	0.00375	0.00704
47	0.02590	0.01021	0.01369	0.01050	0.01500	0.00901	0.00867	0.06324	0.01717	0.72774	0.02250	0.01951	0.01417	0.00719	0.00585	0.00180	0.00502	0.00582	0.00713	0.00990
48	0.00709	0.00506	0.00675	0.00810	0.00843	0.00472	0.00540	0.00810	0.01113	0.01484	0.03205	0.79184	0.03846	0.01822	0.00742	0.00236	0.00337	0.01653	0.00540	0.00472
49	0.01533	0.75599	0.07170	0.01032	0.01550	0.02248	0.01060	0.01747	0.01184	0.01395	0.00822	0.00949	0.00746	0.00501	0.00383	0.00128	0.00635	0.00318	0.00249	0.00753
50	0.01097	0.00699	0.00891	0.00873	0.01069	0.00657	0.00707	0.01401	0.04990	0.11802	0.25381	0.06345	0.17260	0.01303	0.00706	0.00213	0.00398	0.23004	0.00595	0.00608
51	0.01048	0.00553	0.00598	0.00598	0.00729	0.00568	0.00452	0.01310	0.01179	0.02052	0.01849	0.02185	0.01485	0.01200	0.11304	0.00249	0.00453	0.00553	0.71096	0.00539
52	0.01438	0.01386	0.02385	0.03544	0.74255	0.01384	0.03445	0.01786	0.01325	0.01899	0.01096	0.01442	0.00920	0.00517	0.00578	0.00173	0.00698	0.00522	0.00288	0.00918
53	0.00709	0.00506	0.00675	0.00810	0.00843	0.00472	0.00540	0.00810	0.01113	0.01484	0.03205	0.79184	0.03846	0.01822	0.00742	0.00236	0.00337	0.01653	0.00540	0.00472
54	0.02246	0.01076	0.01347	0.01072	0.01482	0.01037	0.00872	0.10256	0.14535	0.50912	0.07064	0.02108	0.01718	0.00761	0.00592	0.00183	0.00489	0.00622	0.00678	0.00948
55	0.83671	0.01125	0.00855	0.00765	0.01125	0.01305	0.00630	0.01709	0.00990	0.02609	0.00810	0.00945	0.00630	0.00540	0.00360	0.00180	0.00450	0.00315	0.00360	0.00630
56	0.02609	0.00990	0.01350	0.01035	0.01484	0.00855	0.00855	0.02834	0.01664	0.76338	0.02294	0.01979	0.01439	0.00720	0.00585	0.00180	0.00495	0.00585	0.00720	0.00990
57	0.00795	0.00595	0.00738	0.00707	0.00857	0.00538	0.00533	0.01041	0.01567	0.02148	0.58380	0.04673	0.21239	0.01262	0.00689	0.00188	0.00284	0.02615	0.00615	0.00535
58	0.00709	0.00506	0.00675	0.00810	0.00843	0.00472	0.00540	0.00810	0.01113	0.01484	0.03205	0.79184	0.03846	0.01822	0.00742	0.00236	0.00337	0.01653	0.00540	0.00472
59	0.00842	0.00562	0.00635	0.00639	0.00640	0.00561	0.00357	0.00845	0.00853	0.01137	0.01869	0.05825	0.02161	0.77480	0.02900	0.00555	0.00558	0.00867	0.00357	0.00356
60	0.03116	0.00556	0.00550	0.00547	0.00689	0.00561	0.00412	0.01364	0.01214	0.02179	0.01870	0.02138	0.01469	0.00674	0.00405	0.00137	0.00275	0.00536	0.80763	0.00544
61	0.00723	0.00580	0.00646	0.00652	0.00813	0.00503	0.00480	0.00896	0.01377	0.01746	0.22595	0.14702	0.49346	0.01448	0.00694	0.00198	0.00295	0.01239	0.00564	0.00503
62	0.83671	0.01125	0.00855	0.00765	0.01125	0.01305	0.00630	0.01709	0.00990	0.02609	0.00810	0.00945	0.00630	0.00540	0.00360	0.00180	0.00450	0.00315	0.00360	0.00630
63	0.83671	0.01125	0.00855	0.00765	0.01125	0.01305	0.00630	0.01709	0.00990	0.02609	0.00810	0.00945	0.00630	0.00540	0.00360	0.00180	0.00450	0.00315	0.00360	0.00630

[dist]
# distance from previous block
# <min> <max>
0	1

[block]
# block no. 1 follows, 40 sequences, length 30
# corresponding to MSA columns:
# 241-270
name=unknown_B
#
# <colnr> <probs for GDERKNQSTAVLIFYWHMCP>
#	G	D	E	R	K	N	Q	S	T	A	V	L	I	F	Y	W	H	M	C	P
0	0.09560	0.01476	0.01576	0.01243	0.01676	0.01625	0.01024	0.54337	0.08131	0.08717	0.01538	0.01622	0.01125	0.00721	0.00570	0.00180	0.00595	0.02778	0.00571	0.00937
1	0.00941	0.00679	0.00934	0.01050	0.01187	0.00682	0.00906	0.01248	0.03671	0.01785	0.06719	0.08361	0.03419	0.01566	0.00789	0.00260	0.00514	0.64200	0.00543	0.00547
2	0.02609	0.00990	0.01350	0.01035	0.01484	0.00855	0.00855	0.02834	0.01664	0.76338	0.02294	0.01979	0.01439	0.00720	0.00585	0.00180	0.00495	0.00585	0.00720	0.00990
3	0.48170	0.00951	0.00893	0.00786	0.01097	0.01019	0.00633	0.01678	0.01259	0.12920	0.19201	0.02140	0.05694	0.00768	0.00486	0.00181	0.00406	0.00576	0.00487	0.00654
4	0.23079	0.00697	0.00625	0.00601	0.00797	0.00745	0.00466	0.01449	0.01158	0.02285	0.01607	0.01842	0.01261	0.00641	0.00394	0.00147	0.00319	0.00482	0.60837	0.00565
5	0.00715	0.00509	0.00673	0.00801	0.00833	0.00477	0.00531	0.00811	0.01100	0.01467	0.03137	0.75467	0.03761	0.05655	0.00852	0.00252	0.00349	0.01613	0.00531	0.00466
6	0.00709	0.00506	0.00675	0.00810	0.00843	0.00472	0.00540	0.00810	0.01113	0.01484	0.03205	0.79184	0.03846	0.01822	0.00742	0.00236	0.00337	0.01653	0.00540	0.00472
7	0.00908	0.00666	0.00887	0.01000	0.01123	0.00668	0.00822	0.01225	0.06354	0.01719	0.03133	0.24761	0.05180	0.01602	0.00770	0.00253	0.00474	0.47371	0.00541	0.00545
8	0.02259	0.01552	0.01697	0.01301	0.01765	0.01689	0.01075	0.65394	0.02605	0.12450	0.01505	0.01467	0.01043	0.00701	0.00582	0.00175	0.00622	0.00531	0.00598	0.00989
9	0.01507	0.00747	0.01000	0.00857	0.01113	0.00669	0.00676	0.01762	0.01644	0.30514	0.45613	0.03506	0.03884	0.01022	0.00651	0.00184	0.00366	0.02901	0.00667	0.00716
10	0.00896	0.00586	0.00656	0.00652	0.00677	0.00589	0.00385	0.02749	0.00940	0.01303	0.01889	0.06983	0.02107	0.66879	0.02567	0.00500	0.00529	0.00846	0.07877	0.00391
11	0.02188	0.00963	0.01262	0.00997	0.01381	0.00875	0.00812	0.08943	0.01758	0.53791	0.17995	0.02435	0.02269	0.00819	0.00606	0.00180	0.00461	0.00680	0.00690	0.00895
12	0.01407	0.01372	0.02410	0.09233	0.63735	0.01383	0.08334	0.01769	0.01316	0.01864	0.01097	0.01460	0.00906	0.00520	0.00586	0.00176	0.00724	0.00533	0.00286	0.00887
13	0.04262	0.01783	0.01708	0.01347	0.01785	0.12835	0.01096	0.61676	0.02531	0.03310	0.01309	0.01334	0.00945	0.00680	0.00568	0.00171	0.00695	0.00496	0.00535	0.00934
14	0.00970	0.00710	0.00987	0.00950	0.01088	0.00815	0.00744	0.07702	0.01114	0.01605	0.01561	0.02197	0.01413	0.03827	0.66095	0.00822	0.01404	0.00610	0.04820	0.00563
15	0.02142	0.01575	0.01689	0.01302	0.01744	0.01741	0.01067	0.70307	0.02639	0.03537	0.01418	0.01518	0.01046	0.04676	0.00702	0.00194	0.00636	0.00540	0.00570	0.00957
16	0.01425	0.01386	0.02423	0.05491	0.68603	0.01386	0.07116	0.01782	0.01323	0.01886	0.01098	0.01452	0.00914	0.00518	0.00584	0.00175	0.00715	0.00531	0.00288	0.00904
17	0.01186	0.06800	0.72926	0.01625	0.02466	0.01397	0.02092	0.01837	0.01225	0.01818	0.01032	0.01213	0.00737	0.00550	0.00544	0.00181	0.00848	0.00424	0.00246	0.00854
18	0.01166	0.03008	0.76550	0.01657	0.02517	0.01351	0.02149	0.01842	0.01228	0.01842	0.01044	0.01228	0.00737	0.00552	0.00552	0.00184	0.00859	0.00430	0.00246	0.00859
19	0.01255	0.01162	0.01940	0.04965	0.55962	0.01161	0.01482	0.01543	0.01269	0.01789	0.01598	0.20068	0.01618	0.00832	0.00616	0.00188	0.00608	0.00790	0.00347	0.00806
20	0.00845	0.00620	0.00834	0.07806	0.01097	0.00665	0.00608	0.00971	0.00986	0.01342	0.06270	0.10866	0.03920	0.36295	0.23796	0.00573	0.00824	0.00854	0.00372	0.00454
21	0.00716	0.00509	0.00673	0.00800	0.00832	0.00477	0.00530	0.00812	0.01099	0.01465	0.03130	0.75086	0.03752	0.06048	0.00863	0.00254	0.00350	0.01609	0.00530	0.00466
22	0.01373	0.01569	0.03431	0.02451	0.03039	0.01471	0.73824	0.01863	0.01373	0.01863	0.01176	0.01569	0.00882	0.00490	0.00686	0.00196	0.00980	0.00686	0.00294	0.00784
23	0.01363	0.01539	0.03269	0.02360	0.02890	0.01501	0.66670	0.01817	0.01325	0.01817	0.01136	0.01539	0.00871	0.00542	0.00807	0.00202	0.08624	0.00669	0.00290	0.00770
24	0.01376	0.01317	0.02246	0.17357	0.62640	0.01365	0.01753	0.01729	0.01294	0.01823	0.01083	0.01460	0.00894	0.00530	0.00577	0.00177	0.00706	0.00518	0.00282	0.00870
25	0.00846	0.00564	0.00634	0.00634	0.00634	0.00564	0.00352	0.00846	0.00846	0.01128	0.01832	0.03805	0.02114	0.79563	0.02960	0.00564	0.00564	0.00846	0.00352	0.00352
26	0.01439	0.01382	0.02360	0.03569	0.75936	0.01382	0.01785	0.01785	0.01324	0.01900	0.01094	0.01439	0.00921	0.00518	0.00576	0.00173	0.00691	0.00518	0.00288	0.00921
27	0.01166	0.03008	0.76550	0.01657	0.02517	0.01351	0.02149	0.01842	0.01228	0.01842	0.01044	0.01228	0.00737	0.00552	0.00552	0.00184	0.00859	0.00430	0.00246	0.00859
28	0.01098	0.01034	0.01744	0.78165	0.04005	0.01292	0.01615	0.01486	0.01163	0.01486	0.01034	0.01550	0.00775	0.00581	0.00581	0.00194	0.00775	0.00517	0.00258	0.00646
29	0.00692	0.00569	0.00610	0.00642	0.00799	0.00486	0.00465	0.00829	0.01275	0.01550	0.05248	0.23226	0.58485	0.01556	0.00700	0.00206	0.00305	0.01329	0.00540	0.00486

[dist]
# distance from previous block
# <min> <max>
1	8

[block]
# block no. 2 follows, 40 sequences, length 8
# corresponding to MSA columns:
# 279-286
name=unknown_C
#
# <colnr> <probs for GDERKNQSTAVLIFYWHMCP>
#	G	D	E	R	K	N	Q	S	T	A	V	L	I	F	Y	W	H	M	C	P
0	0.01557	0.01648	0.02755	0.02048	0.02533	0.08972	0.46594	0.11102	0.07920	0.02068	0.01254	0.01529	0.00953	0.00586	0.00726	0.00193	0.05784	0.00621	0.00354	0.00802
1	0.01308	0.01094	0.01261	0.00910	0.01421	0.00880	0.00731	0.08849	0.01361	0.02075	0.01071	0.01225	0.00874	0.00458	0.00446	0.00095	0.00452	0.00363	0.00369	0.74756
2	0.00750	0.00595	0.00676	0.00666	0.00838	0.00521	0.00507	0.00950	0.01443	0.01858	0.31261	0.05189	0.46223	0.01376	0.00693	0.00195	0.00300	0.04867	0.00576	0.00514
3	0.01347	0.01124	0.01227	0.01140	0.01432	0.01269	0.00909	0.05682	0.54373	0.02314	0.02629	0.03129	0.05588	0.00972	0.00636	0.00210	0.00474	0.14138	0.00578	0.00830
4	0.01346	0.01286	0.02192	0.23989	0.56245	0.01357	0.01738	0.01703	0.01280	0.01786	0.01077	0.01470	0.00881	0.00535	0.00577	0.00178	0.00714	0.00518	0.00280	0.00846
5	0.06601	0.01050	0.01350	0.01048	0.01489	0.00966	0.00863	0.07537	0.04861	0.64600	0.02163	0.01897	0.01383	0.00712	0.00574	0.00180	0.00501	0.00570	0.00687	0.00969
6	0.01206	0.01034	0.01206	0.00861	0.01378	0.00775	0.00689	0.01464	0.01206	0.01895	0.01034	0.01206	0.00861	0.00431	0.00431	0.00086	0.00431	0.00345	0.00345	0.83118
7	0.47319	0.01137	0.01065	0.00926	0.01292	0.01270	0.00748	0.02281	0.21794	0.14680	0.01490	0.01458	0.01084	0.00639	0.00462	0.00185	0.00460	0.00455	0.00484	0.00770

[dist]
# distance from previous block
# <min> <max>
4	25

# created by:
# /software/SequenceAnalysis/GenePrediction/augustus/3.0.1/scripts/msa2prfl.pl ./fixed/BUSCOvEOG77STVQ.fas
