[name]
unknown

[dist]
# distance from previous block
# <min> <max>
0	266

[block]
# block no. 0 follows, 40 sequences, length 14
# corresponding to MSA columns:
# 293-306
name=unknown_A
#
# <colnr> <probs for GDERKNQSTAVLIFYWHMCP>
#	G	D	E	R	K	N	Q	S	T	A	V	L	I	F	Y	W	H	M	C	P
0	0.01788	0.02151	0.01400	0.01280	0.01533	0.55390	0.00960	0.01973	0.01647	0.01682	0.22182	0.01987	0.02098	0.00767	0.00570	0.00159	0.00828	0.00567	0.00397	0.00638
1	0.01213	0.13618	0.39700	0.01288	0.01872	0.01268	0.05706	0.01689	0.01227	0.01866	0.01260	0.01472	0.00961	0.00576	0.00492	0.00162	0.00664	0.00459	0.23759	0.00748
2	0.01197	0.01095	0.01622	0.56240	0.03295	0.01336	0.01417	0.01943	0.22159	0.01755	0.01413	0.01727	0.01060	0.00641	0.00584	0.00195	0.00685	0.00557	0.00353	0.00724
3	0.00907	0.00740	0.01165	0.22930	0.01883	0.00888	0.00980	0.01166	0.01000	0.01389	0.01408	0.02075	0.01261	0.03285	0.55420	0.00724	0.01335	0.00593	0.00296	0.00555
4	0.00794	0.00571	0.00743	0.00801	0.00883	0.00540	0.00561	0.03262	0.01340	0.01833	0.26892	0.52140	0.04292	0.01578	0.00719	0.00217	0.00326	0.01420	0.00574	0.00514
5	0.01329	0.01384	0.03476	0.01666	0.01906	0.05942	0.21828	0.01628	0.03421	0.03622	0.05006	0.03809	0.04553	0.00870	0.01231	0.00220	0.36444	0.00647	0.00331	0.00688
6	0.00707	0.00532	0.00649	0.00741	0.00820	0.00481	0.00506	0.00818	0.01165	0.01498	0.03926	0.55796	0.24255	0.04228	0.00798	0.00235	0.00332	0.01506	0.00534	0.00474
7	0.02015	0.01153	0.01627	0.01782	0.22685	0.01124	0.01129	0.04762	0.13815	0.38265	0.04175	0.01911	0.01457	0.00688	0.00586	0.00181	0.00543	0.00590	0.00569	0.00945
8	0.08386	0.01008	0.01313	0.01020	0.01460	0.00906	0.00841	0.02762	0.03974	0.68670	0.02190	0.01911	0.01392	0.00709	0.00569	0.00180	0.00490	0.00568	0.00690	0.00962
9	0.01742	0.01277	0.02195	0.07078	0.39689	0.01239	0.12186	0.02077	0.01419	0.23071	0.01444	0.01619	0.01054	0.00575	0.00595	0.00179	0.00683	0.00562	0.00410	0.00904
10	0.00707	0.00532	0.00649	0.00741	0.00820	0.00481	0.00506	0.00818	0.01165	0.01498	0.03926	0.55796	0.24255	0.04228	0.00798	0.00235	0.00332	0.01506	0.00534	0.00474
11	0.24438	0.00773	0.00871	0.00869	0.01040	0.00828	0.02126	0.04284	0.01148	0.01920	0.04989	0.37633	0.02456	0.01733	0.11963	0.00318	0.00574	0.01027	0.00455	0.00556
12	0.24910	0.51157	0.08460	0.00984	0.01472	0.01939	0.00986	0.01740	0.01131	0.01760	0.00828	0.00960	0.00712	0.00514	0.00384	0.00145	0.00592	0.00322	0.00280	0.00722
13	0.02140	0.01577	0.22765	0.01219	0.01780	0.01025	0.01226	0.02564	0.05184	0.51444	0.01942	0.01775	0.01256	0.00676	0.00576	0.00182	0.00597	0.00544	0.00578	0.00949

[dist]
# distance from previous block
# <min> <max>
0	1

[block]
# block no. 1 follows, 40 sequences, length 27
# corresponding to MSA columns:
# 308-334
name=unknown_B
#
# <colnr> <probs for GDERKNQSTAVLIFYWHMCP>
#	G	D	E	R	K	N	Q	S	T	A	V	L	I	F	Y	W	H	M	C	P
0	0.19795	0.06276	0.54618	0.01422	0.02141	0.02744	0.01733	0.01816	0.01179	0.01984	0.00977	0.01147	0.00713	0.00548	0.00500	0.00180	0.00759	0.00397	0.00272	0.00799
1	0.01145	0.01139	0.02268	0.01777	0.02146	0.01110	0.39785	0.01518	0.01266	0.01718	0.01721	0.02933	0.01605	0.01632	0.17970	0.00380	0.01003	0.17865	0.00356	0.00665
2	0.02200	0.00903	0.01166	0.00932	0.01304	0.00818	0.00757	0.02515	0.05715	0.55434	0.02209	0.02033	0.01470	0.00714	0.00545	0.00171	0.00442	0.00579	0.19207	0.00885
3	0.02138	0.00933	0.01177	0.00946	0.01311	0.00869	0.00767	0.06856	0.05770	0.49495	0.02171	0.03509	0.01489	0.00734	0.00548	0.00172	0.00448	0.00596	0.19195	0.00875
4	0.01959	0.05755	0.01474	0.01126	0.01525	0.01316	0.00916	0.14816	0.30342	0.28270	0.02212	0.02023	0.04088	0.00757	0.00578	0.00183	0.00506	0.00610	0.00613	0.00931
5	0.20174	0.00985	0.01054	0.00890	0.01166	0.01028	0.00676	0.13029	0.04257	0.19997	0.01667	0.02257	0.01419	0.26226	0.01301	0.00303	0.00525	0.00601	0.01753	0.00692
6	0.01387	0.01303	0.02100	0.02959	0.59134	0.01245	0.01538	0.01712	0.01297	0.01899	0.01080	0.01387	0.00908	0.00498	0.00543	0.00153	0.00632	0.00479	0.00301	0.19444
7	0.01165	0.00821	0.01259	0.01095	0.01319	0.00796	0.13478	0.01538	0.08424	0.08967	0.03497	0.32138	0.02387	0.01114	0.00626	0.00196	0.00462	0.01024	0.19056	0.00637
8	0.01286	0.06712	0.26691	0.01938	0.22946	0.08438	0.01516	0.01697	0.01387	0.01900	0.17837	0.01955	0.01861	0.00687	0.00575	0.00174	0.00683	0.00583	0.00352	0.00782
9	0.09613	0.01655	0.02014	0.02731	0.49049	0.18445	0.01487	0.01940	0.01378	0.04796	0.01070	0.01325	0.00875	0.00546	0.00544	0.00169	0.00740	0.00469	0.00315	0.00840
10	0.01604	0.32062	0.01969	0.01149	0.01465	0.30986	0.00942	0.01757	0.01347	0.01416	0.01384	0.18611	0.01446	0.00835	0.00515	0.00159	0.00724	0.00638	0.00334	0.00657
11	0.01395	0.01365	0.02190	0.20288	0.56457	0.04706	0.01717	0.01741	0.01302	0.01786	0.01072	0.01447	0.00881	0.00536	0.00575	0.00176	0.00726	0.00512	0.00282	0.00848
12	0.01542	0.01375	0.02632	0.02351	0.19054	0.01317	0.38921	0.02016	0.05658	0.12425	0.01493	0.01915	0.01161	0.00610	0.00648	0.00193	0.00791	0.04676	0.00384	0.00838
13	0.71893	0.01099	0.00890	0.00789	0.01133	0.01257	0.00645	0.05126	0.01136	0.02634	0.07938	0.01289	0.01108	0.00609	0.00401	0.00180	0.00442	0.00395	0.00397	0.00639
14	0.01651	0.01438	0.02962	0.02132	0.02689	0.01332	0.57380	0.02082	0.01438	0.18646	0.01428	0.01661	0.01008	0.00542	0.00663	0.00192	0.00871	0.00663	0.00390	0.00831
15	0.01269	0.01183	0.01887	0.28782	0.34234	0.01214	0.01479	0.01609	0.01242	0.01755	0.01059	0.01425	0.00857	0.00520	0.00545	0.00161	0.00661	0.00479	0.00290	0.19349
16	0.19870	0.02890	0.32411	0.01346	0.05059	0.01204	0.01387	0.01856	0.05508	0.08217	0.04072	0.02071	0.01338	0.00731	0.00549	0.00193	0.00642	0.09504	0.00383	0.00771
17	0.02153	0.00897	0.01204	0.00992	0.01346	0.00796	0.00789	0.03656	0.02870	0.56846	0.02485	0.19370	0.01980	0.00969	0.00620	0.00193	0.00461	0.00826	0.00674	0.00872
18	0.01561	0.01582	0.03051	0.02200	0.02761	0.01546	0.57437	0.18118	0.01679	0.02269	0.01226	0.01530	0.00906	0.00537	0.00663	0.00191	0.00904	0.00650	0.00359	0.00830
19	0.01257	0.21027	0.38706	0.18823	0.05843	0.01568	0.01734	0.01735	0.01206	0.01650	0.00987	0.01239	0.00756	0.00544	0.00517	0.00171	0.00776	0.00425	0.00251	0.00787
20	0.01351	0.01316	0.02314	0.21442	0.51682	0.01369	0.08580	0.01720	0.01290	0.01797	0.01087	0.01478	0.00882	0.00531	0.00588	0.00180	0.00739	0.00534	0.00281	0.00842
21	0.00689	0.00581	0.00597	0.00610	0.00791	0.00489	0.00451	0.00832	0.01305	0.01563	0.05636	0.12579	0.68881	0.01506	0.00693	0.00200	0.00299	0.01268	0.00540	0.00489
22	0.01146	0.01082	0.01830	0.67798	0.14002	0.01304	0.01639	0.01527	0.01185	0.01543	0.01042	0.01535	0.00795	0.00573	0.00581	0.00191	0.00763	0.00517	0.00262	0.00684
23	0.01247	0.01165	0.01908	0.08574	0.52330	0.01167	0.01460	0.01563	0.01349	0.01876	0.10238	0.02306	0.10886	0.00721	0.00603	0.00178	0.00599	0.00669	0.00358	0.00803
24	0.00759	0.00562	0.00642	0.00670	0.00754	0.00521	0.00443	0.00852	0.01117	0.01432	0.07788	0.21403	0.27674	0.29620	0.02910	0.00350	0.00423	0.01165	0.00474	0.00441
25	0.01298	0.01309	0.02624	0.01933	0.02363	0.01291	0.50394	0.01704	0.01292	0.01888	0.01300	0.01676	0.01008	0.00582	0.00739	0.00188	0.08177	0.00637	0.18881	0.00716
26	0.01221	0.01224	0.02292	0.31106	0.19622	0.01288	0.23399	0.01603	0.01258	0.01693	0.01296	0.08898	0.01132	0.00657	0.00627	0.00194	0.00777	0.00676	0.00303	0.00733

[dist]
# distance from previous block
# <min> <max>
0	1

[block]
# block no. 2 follows, 40 sequences, length 18
# corresponding to MSA columns:
# 336-353
name=unknown_C
#
# <colnr> <probs for GDERKNQSTAVLIFYWHMCP>
#	G	D	E	R	K	N	Q	S	T	A	V	L	I	F	Y	W	H	M	C	P
0	0.01276	0.03049	0.75306	0.01719	0.02574	0.01405	0.02171	0.01910	0.01295	0.01939	0.01153	0.01379	0.00843	0.00626	0.00599	0.00204	0.00890	0.00466	0.00284	0.00912
1	0.00948	0.00682	0.00937	0.01064	0.01202	0.00675	0.00924	0.01204	0.01351	0.01752	0.03213	0.06530	0.06442	0.01611	0.00806	0.00268	0.00532	0.68769	0.00542	0.00545
2	0.06014	0.02291	0.45344	0.02077	0.22082	0.01322	0.01853	0.01922	0.01293	0.08647	0.01178	0.01366	0.00864	0.00572	0.00560	0.00184	0.00764	0.00468	0.00314	0.00885
3	0.01530	0.01231	0.01476	0.01254	0.01615	0.01328	0.06377	0.10688	0.43743	0.06567	0.02272	0.02495	0.03909	0.00839	0.00619	0.00197	0.00529	0.07091	0.00561	0.05679
4	0.00731	0.00523	0.00691	0.00824	0.00860	0.00486	0.00550	0.00826	0.01127	0.01505	0.03219	0.78949	0.03856	0.01832	0.00751	0.00240	0.00345	0.01656	0.00546	0.00484
5	0.01188	0.03016	0.76309	0.01669	0.02528	0.01361	0.02153	0.01855	0.01241	0.01860	0.01065	0.01257	0.00757	0.00567	0.00561	0.00188	0.00865	0.00437	0.00253	0.00870
6	0.01634	0.54504	0.13581	0.01167	0.01712	0.02081	0.01192	0.14602	0.01477	0.01866	0.00969	0.01089	0.00808	0.00556	0.00446	0.00146	0.00667	0.00373	0.00315	0.00817
7	0.01293	0.01286	0.01794	0.01539	0.01541	0.01790	0.01279	0.01414	0.00905	0.01420	0.00785	0.01301	0.00784	0.01030	0.01913	0.00258	0.78242	0.00516	0.00262	0.00647
8	0.01227	0.01048	0.01220	0.00876	0.01393	0.00788	0.00698	0.01479	0.01219	0.01914	0.01055	0.01235	0.00881	0.00445	0.00440	0.00090	0.00438	0.00352	0.00352	0.82850
9	0.00848	0.00617	0.00800	0.00791	0.00928	0.00572	0.00608	0.01098	0.01566	0.02173	0.56840	0.08561	0.09425	0.01311	0.00714	0.00203	0.00325	0.11450	0.00620	0.00551
10	0.00868	0.00580	0.00650	0.00650	0.00652	0.00577	0.00363	0.00862	0.00860	0.01149	0.01851	0.03826	0.02130	0.79310	0.02961	0.00566	0.00571	0.00851	0.00360	0.00364
11	0.02134	0.09747	0.01787	0.01465	0.01784	0.70215	0.01120	0.02281	0.01617	0.01439	0.00912	0.01068	0.00769	0.00604	0.00520	0.00151	0.01015	0.00376	0.00302	0.00691
12	0.01291	0.01098	0.01295	0.01020	0.04425	0.00887	0.00771	0.04768	0.04563	0.02016	0.01132	0.01296	0.00930	0.00476	0.00460	0.00103	0.00459	0.00381	0.00371	0.72256
13	0.02591	0.01018	0.01367	0.01048	0.01499	0.00897	0.00866	0.05991	0.01712	0.73114	0.02254	0.01953	0.01420	0.00719	0.00585	0.00180	0.00501	0.00582	0.00714	0.00990
14	0.00703	0.00587	0.00613	0.00622	0.00805	0.00498	0.00467	0.00857	0.01331	0.01610	0.09209	0.09383	0.66300	0.01480	0.00693	0.00200	0.00303	0.03299	0.00545	0.00494
15	0.01439	0.01382	0.02360	0.03569	0.75936	0.01382	0.01785	0.01785	0.01324	0.01900	0.01094	0.01439	0.00921	0.00518	0.00576	0.00173	0.00691	0.00518	0.00288	0.00921
16	0.00796	0.00650	0.00710	0.00685	0.00876	0.00594	0.00517	0.01116	0.08064	0.01873	0.26165	0.04917	0.48291	0.01327	0.00678	0.00192	0.00304	0.01124	0.00574	0.00547
17	0.01820	0.01377	0.01544	0.01291	0.04892	0.01471	0.00999	0.48706	0.06390	0.03125	0.11335	0.03726	0.01688	0.00764	0.00586	0.00170	0.00557	0.00613	0.00554	0.08391

[dist]
# distance from previous block
# <min> <max>
0	1

[block]
# block no. 3 follows, 40 sequences, length 7
# corresponding to MSA columns:
# 355-361
name=unknown_D
#
# <colnr> <probs for GDERKNQSTAVLIFYWHMCP>
#	G	D	E	R	K	N	Q	S	T	A	V	L	I	F	Y	W	H	M	C	P
0	0.08654	0.26600	0.09331	0.01416	0.05073	0.01753	0.06236	0.01618	0.01091	0.01610	0.00890	0.01191	0.00786	0.00801	0.03572	0.00209	0.24890	0.00432	0.00271	0.03578
1	0.01367	0.01164	0.02195	0.01660	0.02066	0.01096	0.36937	0.01810	0.05967	0.12103	0.17817	0.09147	0.02280	0.00810	0.00672	0.00195	0.00671	0.00836	0.00468	0.00742
2	0.01324	0.01338	0.02419	0.02075	0.15849	0.01200	0.33789	0.01702	0.01303	0.01881	0.01109	0.01412	0.00882	0.00474	0.00572	0.00152	0.00726	0.00530	0.00311	0.30952
3	0.01840	0.02024	0.02272	0.02065	0.13934	0.31417	0.21389	0.14213	0.01703	0.01999	0.01091	0.01314	0.00854	0.00573	0.00587	0.00170	0.00904	0.00509	0.00344	0.00797
4	0.01218	0.02701	0.62550	0.02018	0.16372	0.01356	0.02080	0.01831	0.01246	0.01853	0.01053	0.01268	0.00771	0.00546	0.00557	0.00182	0.00828	0.00446	0.00254	0.00871
5	0.01357	0.01936	0.27181	0.27686	0.14569	0.06693	0.01740	0.08632	0.01394	0.01876	0.01072	0.01374	0.00804	0.00574	0.00567	0.00182	0.00797	0.00478	0.00292	0.00797
6	0.01412	0.01354	0.02312	0.09445	0.70270	0.01375	0.01771	0.01761	0.01311	0.01867	0.01089	0.01448	0.00910	0.00523	0.00576	0.00174	0.00697	0.00518	0.00286	0.00899

[dist]
# distance from previous block
# <min> <max>
0	3

[block]
# block no. 4 follows, 40 sequences, length 8
# corresponding to MSA columns:
# 365-372
name=unknown_E
#
# <colnr> <probs for GDERKNQSTAVLIFYWHMCP>
#	G	D	E	R	K	N	Q	S	T	A	V	L	I	F	Y	W	H	M	C	P
0	0.01664	0.01108	0.01287	0.00998	0.01442	0.01018	0.00803	0.11284	0.13724	0.19291	0.01894	0.01842	0.05837	0.00656	0.00528	0.00144	0.00469	0.00530	0.00514	0.34967
1	0.01297	0.00911	0.01080	0.00910	0.01225	0.00823	0.00689	0.06689	0.08261	0.10318	0.01958	0.21529	0.01904	0.08485	0.00797	0.00198	0.00445	0.00796	0.00478	0.31208
2	0.00971	0.00976	0.08195	0.00886	0.01209	0.00710	0.00753	0.01273	0.03565	0.01898	0.19869	0.19684	0.07797	0.01018	0.00596	0.00163	0.00405	0.00885	0.00471	0.28677
3	0.01738	0.00946	0.01186	0.00944	0.01328	0.00839	0.00755	0.02151	0.10266	0.33160	0.17852	0.02322	0.02212	0.00758	0.00569	0.00159	0.00427	0.00635	0.00595	0.21154
4	0.01492	0.01187	0.01538	0.01357	0.06234	0.01217	0.07788	0.08747	0.31028	0.08585	0.05983	0.06409	0.01724	0.00757	0.00587	0.00176	0.00521	0.00665	0.00516	0.13488
5	0.01265	0.13244	0.50966	0.01423	0.02139	0.01411	0.01707	0.05884	0.01328	0.01912	0.04999	0.01360	0.01017	0.00576	0.00525	0.00166	0.00742	0.00444	0.00296	0.08598
6	0.28712	0.15418	0.16657	0.03738	0.04592	0.05456	0.08021	0.01874	0.01213	0.07968	0.01032	0.01184	0.00782	0.00548	0.00473	0.00171	0.00666	0.00411	0.00331	0.00753
7	0.05896	0.14419	0.45876	0.01895	0.17242	0.01501	0.01812	0.01807	0.01227	0.01823	0.01005	0.01210	0.00770	0.00536	0.00519	0.00172	0.00766	0.00423	0.00261	0.00842

[dist]
# distance from previous block
# <min> <max>
0	3

[block]
# block no. 5 follows, 40 sequences, length 8
# corresponding to MSA columns:
# 376-383
name=unknown_F
#
# <colnr> <probs for GDERKNQSTAVLIFYWHMCP>
#	G	D	E	R	K	N	Q	S	T	A	V	L	I	F	Y	W	H	M	C	P
0	0.15179	0.02439	0.01527	0.01371	0.01691	0.60491	0.01044	0.06617	0.01609	0.01750	0.00915	0.01053	0.00745	0.00596	0.00502	0.00156	0.00928	0.00374	0.00327	0.00686
1	0.00792	0.00541	0.00650	0.00703	0.00716	0.00528	0.00426	0.00832	0.00950	0.01267	0.02369	0.33269	0.02791	0.49176	0.02093	0.00436	0.00475	0.01161	0.00426	0.00399
2	0.02180	0.02541	0.01668	0.01466	0.01799	0.62043	0.01120	0.16752	0.01867	0.01875	0.00999	0.01119	0.00797	0.00619	0.00536	0.00155	0.00966	0.00405	0.00356	0.00738
3	0.00719	0.00514	0.00684	0.00803	0.00846	0.00479	0.00541	0.00836	0.01162	0.01562	0.09852	0.72315	0.03997	0.01764	0.00737	0.00231	0.00332	0.01598	0.00549	0.00479
4	0.00823	0.00561	0.00634	0.00645	0.00663	0.00551	0.00374	0.00842	0.00904	0.01190	0.02249	0.10135	0.07772	0.67320	0.02607	0.00509	0.00525	0.00941	0.00382	0.00373
5	0.01278	0.10594	0.65393	0.01560	0.02362	0.01420	0.01968	0.01882	0.01245	0.05568	0.01083	0.01236	0.00773	0.00555	0.00536	0.00178	0.00817	0.00426	0.00270	0.00855
6	0.01463	0.06174	0.02661	0.03011	0.47995	0.05058	0.21464	0.01829	0.01344	0.01835	0.01090	0.01426	0.00892	0.00513	0.00592	0.00175	0.00783	0.00545	0.00288	0.00861
7	0.01827	0.01223	0.01376	0.01078	0.01479	0.01248	0.00875	0.36008	0.04449	0.13350	0.09082	0.01943	0.03590	0.00733	0.00560	0.00161	0.00509	0.00583	0.06733	0.13193

[dist]
# distance from previous block
# <min> <max>
4	9

[block]
# block no. 6 follows, 40 sequences, length 65
# corresponding to MSA columns:
# 393-457
name=unknown_G
#
# <colnr> <probs for GDERKNQSTAVLIFYWHMCP>
#	G	D	E	R	K	N	Q	S	T	A	V	L	I	F	Y	W	H	M	C	P
0	0.01197	0.02698	0.66291	0.01545	0.02320	0.01255	0.01945	0.01816	0.01285	0.05108	0.07995	0.01548	0.01206	0.00619	0.00566	0.00184	0.00790	0.00494	0.00303	0.00836
1	0.03009	0.06405	0.46720	0.02065	0.19403	0.01391	0.05916	0.01865	0.01270	0.05058	0.01100	0.01307	0.00816	0.00545	0.00553	0.00179	0.00791	0.00463	0.00281	0.00865
2	0.01406	0.01406	0.08956	0.04493	0.53986	0.01244	0.01609	0.01767	0.01371	0.06597	0.10057	0.01802	0.01478	0.00615	0.00587	0.00176	0.00646	0.00578	0.00352	0.00869
3	0.04823	0.22517	0.19285	0.01248	0.04887	0.01417	0.01200	0.05465	0.01402	0.15724	0.06909	0.01545	0.01271	0.00617	0.00508	0.00158	0.00608	0.00473	0.00402	0.09542
4	0.01411	0.01339	0.02267	0.03395	0.71112	0.01335	0.01710	0.01749	0.01351	0.01937	0.05771	0.01636	0.01217	0.00568	0.00587	0.00175	0.00668	0.00555	0.00314	0.00903
5	0.01496	0.01476	0.02321	0.03443	0.71170	0.06136	0.01746	0.01825	0.01351	0.01880	0.01093	0.01430	0.00921	0.00531	0.00577	0.00173	0.00717	0.00513	0.00292	0.00911
6	0.01573	0.01623	0.02246	0.03223	0.63304	0.14183	0.01676	0.01882	0.01385	0.01829	0.01072	0.01388	0.00902	0.00539	0.00572	0.00171	0.00755	0.00497	0.00294	0.00885
7	0.01238	0.05500	0.67652	0.01580	0.02396	0.01344	0.01995	0.01856	0.01245	0.04156	0.01085	0.01255	0.00776	0.00557	0.00546	0.00179	0.00821	0.00430	0.00269	0.05120
8	0.01284	0.01054	0.01230	0.00885	0.01399	0.00808	0.00709	0.03179	0.01262	0.04261	0.01092	0.01250	0.00893	0.00453	0.00444	0.00093	0.00441	0.00360	0.00365	0.78539
9	0.01269	0.01233	0.01900	0.08376	0.22146	0.01514	0.03639	0.01484	0.01073	0.01576	0.01110	0.08047	0.01086	0.00904	0.01298	0.00226	0.41493	0.00619	0.00294	0.00711
10	0.01565	0.79782	0.03051	0.01002	0.01500	0.02305	0.00999	0.01748	0.01188	0.01379	0.00820	0.00949	0.00757	0.00505	0.00378	0.00126	0.00625	0.00315	0.00253	0.00752
11	0.00780	0.00601	0.00710	0.00682	0.00844	0.00533	0.00511	0.01001	0.01524	0.02037	0.47652	0.04854	0.33536	0.01309	0.00691	0.00190	0.00287	0.01124	0.00603	0.00531
12	0.01109	0.01041	0.01751	0.78037	0.04008	0.01298	0.01618	0.01493	0.01170	0.01496	0.01045	0.01565	0.00786	0.00589	0.00586	0.00196	0.00778	0.00520	0.00262	0.00652
13	0.02151	0.06586	0.01724	0.01480	0.01790	0.73400	0.01121	0.02299	0.01631	0.01431	0.00906	0.01059	0.00760	0.00602	0.00522	0.00151	0.01030	0.00375	0.00301	0.00683
14	0.00857	0.00572	0.00643	0.00642	0.00643	0.00571	0.00358	0.00854	0.00853	0.01139	0.01842	0.03816	0.02122	0.79431	0.02960	0.00565	0.00567	0.00849	0.00356	0.00359
15	0.01565	0.79782	0.03051	0.01002	0.01500	0.02305	0.00999	0.01748	0.01188	0.01379	0.00820	0.00949	0.00757	0.00505	0.00378	0.00126	0.00625	0.00315	0.00253	0.00752
16	0.00842	0.00631	0.00943	0.00942	0.01047	0.00733	0.00732	0.01047	0.00942	0.01361	0.01568	0.02298	0.01463	0.04362	0.77128	0.00935	0.01560	0.00626	0.00315	0.00525
17	0.01483	0.01269	0.01337	0.01196	0.01530	0.01464	0.00931	0.05508	0.72307	0.02483	0.02343	0.02157	0.01757	0.00793	0.00596	0.00198	0.00470	0.00656	0.00595	0.00928
18	0.02535	0.01130	0.01439	0.01105	0.01558	0.01057	0.00911	0.17557	0.01892	0.61186	0.02117	0.01873	0.01356	0.00722	0.00589	0.00181	0.00529	0.00575	0.00694	0.00995
19	0.01109	0.01041	0.01751	0.78037	0.04008	0.01298	0.01618	0.01493	0.01170	0.01496	0.01045	0.01565	0.00786	0.00589	0.00586	0.00196	0.00778	0.00520	0.00262	0.00652
20	0.02220	0.01635	0.01752	0.01345	0.01810	0.01808	0.01109	0.73876	0.02738	0.03672	0.01407	0.01411	0.00999	0.00705	0.00586	0.00177	0.00643	0.00527	0.00585	0.00994
21	0.01021	0.00514	0.00766	0.00765	0.00766	0.00512	0.00510	0.00766	0.00765	0.01021	0.01021	0.01782	0.01020	0.02025	0.02274	0.82937	0.00509	0.00509	0.00256	0.00259
22	0.01457	0.01256	0.01322	0.01190	0.01520	0.01452	0.00925	0.03095	0.74762	0.02441	0.02376	0.02183	0.01784	0.00796	0.00596	0.00199	0.00464	0.00661	0.00595	0.00926
23	0.83536	0.01132	0.00863	0.00772	0.01133	0.01310	0.00635	0.01717	0.00997	0.02618	0.00821	0.00960	0.00641	0.00547	0.00365	0.00182	0.00454	0.00319	0.00364	0.00635
24	0.01450	0.01389	0.02366	0.03572	0.75812	0.01387	0.01788	0.01792	0.01331	0.01910	0.01105	0.01454	0.00931	0.00526	0.00580	0.00175	0.00694	0.00522	0.00292	0.00926
25	0.02220	0.01635	0.01752	0.01345	0.01810	0.01808	0.01109	0.73876	0.02738	0.03672	0.01407	0.01411	0.00999	0.00705	0.00586	0.00177	0.00643	0.00527	0.00585	0.00994
26	0.01217	0.01041	0.01213	0.00869	0.01386	0.00782	0.00694	0.01472	0.01213	0.01905	0.01045	0.01221	0.00872	0.00438	0.00436	0.00088	0.00435	0.00348	0.00348	0.82978
27	0.01450	0.01389	0.02366	0.03572	0.75812	0.01387	0.01788	0.01792	0.01331	0.01910	0.01105	0.01454	0.00931	0.00526	0.00580	0.00175	0.00694	0.00522	0.00292	0.00926
28	0.01383	0.01575	0.03435	0.02456	0.03044	0.01476	0.73699	0.01870	0.01379	0.01873	0.01187	0.01583	0.00893	0.00498	0.00691	0.00198	0.00983	0.00689	0.00298	0.00790
29	0.00857	0.00572	0.00643	0.00642	0.00643	0.00571	0.00358	0.00854	0.00853	0.01139	0.01842	0.03816	0.02122	0.79431	0.02960	0.00565	0.00567	0.00849	0.00356	0.00359
30	0.00720	0.00515	0.00683	0.00817	0.00852	0.00479	0.00545	0.00818	0.01120	0.01495	0.03212	0.79061	0.03851	0.01827	0.00747	0.00238	0.00341	0.01655	0.00543	0.00478
31	0.00699	0.00598	0.00598	0.00597	0.00794	0.00498	0.00447	0.00843	0.01332	0.01581	0.05893	0.05604	0.75578	0.01479	0.00692	0.00198	0.00299	0.01230	0.00543	0.00497
32	0.01565	0.79782	0.03051	0.01002	0.01500	0.02305	0.00999	0.01748	0.01188	0.01379	0.00820	0.00949	0.00757	0.00505	0.00378	0.00126	0.00625	0.00315	0.00253	0.00752
33	0.01021	0.00514	0.00766	0.00765	0.00766	0.00512	0.00510	0.00766	0.00765	0.01021	0.01021	0.01782	0.01020	0.02025	0.02274	0.82937	0.00509	0.00509	0.00256	0.00259
34	0.00965	0.00659	0.00807	0.00746	0.00904	0.00633	0.00565	0.05712	0.01650	0.02397	0.58659	0.03809	0.04546	0.01080	0.00638	0.00177	0.00301	0.00937	0.14235	0.00581
35	0.01109	0.01041	0.01751	0.78037	0.04008	0.01298	0.01618	0.01493	0.01170	0.01496	0.01045	0.01565	0.00786	0.00589	0.00586	0.00196	0.00778	0.00520	0.00262	0.00652
36	0.01450	0.01389	0.02366	0.03572	0.75812	0.01387	0.01788	0.01792	0.01331	0.01910	0.01105	0.01454	0.00931	0.00526	0.00580	0.00175	0.00694	0.00522	0.00292	0.00926
37	0.02102	0.02644	0.01666	0.01507	0.01781	0.70434	0.01141	0.02247	0.01587	0.01432	0.00898	0.01084	0.00761	0.00644	0.00651	0.00161	0.07895	0.00390	0.00299	0.00676
38	0.00744	0.00531	0.00702	0.00811	0.00849	0.00511	0.00543	0.00842	0.01079	0.01449	0.02934	0.64982	0.03473	0.09564	0.07722	0.00331	0.00471	0.01486	0.00505	0.00471
39	0.01225	0.01069	0.01328	0.00951	0.01472	0.00818	0.04477	0.01492	0.01221	0.01903	0.01052	0.01240	0.00873	0.00441	0.00449	0.00094	0.00463	0.00366	0.00346	0.78719
40	0.01450	0.01389	0.02366	0.03572	0.75812	0.01387	0.01788	0.01792	0.01331	0.01910	0.01105	0.01454	0.00931	0.00526	0.00580	0.00175	0.00694	0.00522	0.00292	0.00926
41	0.02179	0.01596	0.01708	0.01316	0.01769	0.01762	0.01084	0.71216	0.02683	0.03617	0.01425	0.01439	0.01018	0.00704	0.00580	0.00175	0.00630	0.00528	0.03596	0.00978
42	0.01217	0.01041	0.01213	0.00869	0.01386	0.00782	0.00694	0.01472	0.01213	0.01905	0.01045	0.01221	0.00872	0.00438	0.00436	0.00088	0.00435	0.00348	0.00348	0.82978
43	0.02160	0.02402	0.01580	0.01392	0.01730	0.60917	0.01057	0.02325	0.01620	0.11262	0.01103	0.01199	0.00859	0.00609	0.00529	0.00151	0.00929	0.00403	0.00362	0.07409
44	0.01217	0.01041	0.01213	0.00869	0.01386	0.00782	0.00694	0.01472	0.01213	0.01905	0.01045	0.01221	0.00872	0.00438	0.00436	0.00088	0.00435	0.00348	0.00348	0.82978
45	0.02313	0.01486	0.01659	0.01274	0.01736	0.01586	0.01051	0.57234	0.02488	0.20667	0.01617	0.01548	0.01105	0.00710	0.00587	0.00178	0.00609	0.00541	0.00617	0.00994
46	0.00857	0.00572	0.00643	0.00642	0.00643	0.00571	0.00358	0.00854	0.00853	0.01139	0.01842	0.03816	0.02122	0.79431	0.02960	0.00565	0.00567	0.00849	0.00356	0.00359
47	0.01217	0.02558	0.55838	0.01577	0.02221	0.04649	0.01859	0.01748	0.01222	0.01790	0.05671	0.01438	0.01050	0.00680	0.00793	0.00196	0.13933	0.00483	0.00278	0.00800
48	0.01450	0.01389	0.02366	0.03572	0.75812	0.01387	0.01788	0.01792	0.01331	0.01910	0.01105	0.01454	0.00931	0.00526	0.00580	0.00175	0.00694	0.00522	0.00292	0.00926
49	0.00830	0.00603	0.00779	0.00734	0.00875	0.00554	0.00550	0.01097	0.01641	0.02315	0.73103	0.04397	0.07911	0.01205	0.00690	0.00185	0.00279	0.01060	0.00640	0.00553
50	0.01645	0.01078	0.01383	0.01013	0.01513	0.00877	0.04366	0.04626	0.01404	0.22233	0.01409	0.01457	0.01035	0.00530	0.00496	0.00123	0.00487	0.00437	0.00457	0.53431
51	0.01132	0.00664	0.00869	0.00781	0.00969	0.00605	0.00598	0.01395	0.01639	0.14252	0.60896	0.03890	0.04686	0.01100	0.00663	0.00183	0.00314	0.00960	0.03780	0.00625
52	0.81189	0.01180	0.00886	0.00794	0.01152	0.03497	0.00649	0.01734	0.01016	0.02583	0.00824	0.00963	0.00644	0.00549	0.00370	0.00181	0.00471	0.00320	0.00362	0.00637
53	0.01165	0.01098	0.01852	0.65772	0.15834	0.01312	0.01646	0.01542	0.01196	0.01564	0.01055	0.01547	0.00810	0.00578	0.00585	0.00192	0.00765	0.00520	0.00267	0.00697
54	0.00842	0.00631	0.00943	0.00942	0.01047	0.00733	0.00732	0.01047	0.00942	0.01361	0.01568	0.02298	0.01463	0.04362	0.77128	0.00935	0.01560	0.00626	0.00315	0.00525
55	0.01021	0.00514	0.00766	0.00765	0.00766	0.00512	0.00510	0.00766	0.00765	0.01021	0.01021	0.01782	0.01020	0.02025	0.02274	0.82937	0.00509	0.00509	0.00256	0.00259
56	0.01409	0.01347	0.02292	0.12474	0.67228	0.01376	0.01767	0.01756	0.01311	0.01860	0.01098	0.01467	0.00914	0.00533	0.00581	0.00177	0.00704	0.00521	0.00288	0.00894
57	0.01202	0.00654	0.00665	0.00626	0.00793	0.00669	0.00478	0.08261	0.01370	0.02319	0.01859	0.02108	0.01452	0.00687	0.00428	0.00141	0.00310	0.00544	0.74842	0.00590
58	0.01182	0.01115	0.01881	0.62237	0.19244	0.01317	0.01654	0.01557	0.01204	0.01584	0.01057	0.01542	0.00817	0.00575	0.00585	0.00191	0.00761	0.00521	0.00269	0.00710
59	0.00835	0.00603	0.00786	0.00739	0.00877	0.00556	0.00554	0.01106	0.01652	0.02341	0.75508	0.04354	0.05489	0.01195	0.00690	0.00185	0.00278	0.01054	0.00643	0.00555
60	0.01173	0.01106	0.01866	0.64058	0.17487	0.01314	0.01650	0.01549	0.01200	0.01574	0.01056	0.01544	0.00813	0.00577	0.00585	0.00192	0.00763	0.00521	0.00268	0.00703
61	0.00819	0.00602	0.00764	0.00723	0.00868	0.00549	0.00541	0.01075	0.01615	0.02253	0.67444	0.04498	0.13609	0.01228	0.00690	0.00186	0.00281	0.01075	0.00632	0.00548
62	0.00969	0.05818	0.01428	0.01076	0.01377	0.00893	0.16071	0.01309	0.06569	0.01783	0.12761	0.04065	0.41324	0.01127	0.00665	0.00192	0.00474	0.00996	0.00489	0.00612
63	0.01333	0.01285	0.02229	0.28220	0.47414	0.01363	0.06241	0.01697	0.01280	0.01770	0.01090	0.01499	0.00881	0.00545	0.00589	0.00183	0.00740	0.00532	0.00282	0.00827
64	0.01994	0.01487	0.01727	0.01331	0.01781	0.01587	0.05583	0.54087	0.05528	0.06021	0.01529	0.05304	0.01174	0.00731	0.00589	0.00175	0.00620	0.00587	0.00551	0.07615

[dist]
# distance from previous block
# <min> <max>
0	1

[block]
# block no. 7 follows, 40 sequences, length 81
# corresponding to MSA columns:
# 459-539
name=unknown_H
#
# <colnr> <probs for GDERKNQSTAVLIFYWHMCP>
#	G	D	E	R	K	N	Q	S	T	A	V	L	I	F	Y	W	H	M	C	P
0	0.03713	0.71458	0.05773	0.01023	0.01523	0.02201	0.01027	0.01802	0.04341	0.01465	0.00885	0.00998	0.00787	0.00513	0.00389	0.00131	0.00620	0.00331	0.00266	0.00755
1	0.06559	0.75111	0.02914	0.00981	0.01470	0.02240	0.00973	0.01739	0.01170	0.01444	0.00809	0.00934	0.00739	0.00500	0.00372	0.00128	0.00611	0.00311	0.00256	0.00739
2	0.00941	0.00670	0.00886	0.05486	0.01117	0.00652	0.00645	0.01291	0.05409	0.05150	0.64452	0.03970	0.04851	0.01113	0.00671	0.00184	0.00323	0.00981	0.00617	0.00591
3	0.00735	0.00522	0.00693	0.00819	0.00859	0.00493	0.00559	0.00843	0.01115	0.01483	0.03112	0.68928	0.03702	0.06543	0.00882	0.00259	0.00367	0.07090	0.00528	0.00470
4	0.00949	0.01260	0.20956	0.00988	0.01325	0.00796	0.00983	0.01382	0.04343	0.02199	0.50047	0.03345	0.03922	0.00984	0.00636	0.00182	0.00437	0.00851	0.03770	0.00645
5	0.00954	0.00625	0.00824	0.00766	0.00925	0.00575	0.00585	0.01224	0.01636	0.07535	0.67652	0.04262	0.05119	0.01172	0.00683	0.00186	0.00300	0.03756	0.00642	0.00579
6	0.01084	0.00542	0.00542	0.00542	0.00678	0.00542	0.00407	0.01355	0.01220	0.02168	0.01897	0.02168	0.01491	0.00678	0.00407	0.00136	0.00271	0.00542	0.82791	0.00542
7	0.01206	0.01034	0.01206	0.00861	0.01378	0.00775	0.00689	0.01464	0.01206	0.01895	0.01034	0.01206	0.00861	0.00431	0.00431	0.00086	0.00431	0.00345	0.00345	0.83118
8	0.01496	0.01238	0.01316	0.01177	0.01511	0.01421	0.00918	0.03079	0.71783	0.05564	0.02364	0.02162	0.01761	0.00786	0.00591	0.00197	0.00462	0.00654	0.00597	0.00923
9	0.00687	0.00589	0.00589	0.00589	0.00785	0.00491	0.00442	0.00835	0.01325	0.01571	0.05891	0.05596	0.75700	0.01473	0.00687	0.00196	0.00295	0.01227	0.00540	0.00491
10	0.00721	0.00516	0.00686	0.00801	0.00846	0.00481	0.00541	0.00841	0.01171	0.01576	0.11031	0.71097	0.04023	0.01753	0.00736	0.00230	0.00331	0.01588	0.00551	0.00481
11	0.01446	0.01249	0.01315	0.01183	0.01512	0.01446	0.00920	0.03090	0.74885	0.02433	0.02367	0.02170	0.01775	0.00789	0.00592	0.00197	0.00460	0.00657	0.00592	0.00920
12	0.01166	0.03008	0.76550	0.01657	0.02517	0.01351	0.02149	0.01842	0.01228	0.01842	0.01044	0.01228	0.00737	0.00552	0.00552	0.00184	0.00859	0.00430	0.00246	0.00859
13	0.01555	0.79913	0.03047	0.00995	0.01493	0.02301	0.00995	0.01741	0.01182	0.01368	0.00808	0.00933	0.00746	0.00498	0.00373	0.00124	0.00622	0.00311	0.00249	0.00746
14	0.55977	0.01296	0.01157	0.00960	0.01355	0.01474	0.00791	0.26285	0.01583	0.02968	0.01009	0.01098	0.00752	0.00594	0.00435	0.00178	0.00514	0.00386	0.00435	0.00752
15	0.00937	0.00669	0.00937	0.01071	0.01205	0.00669	0.00937	0.01205	0.01339	0.01740	0.03079	0.06560	0.03347	0.01606	0.00803	0.00268	0.00535	0.72021	0.00535	0.00535
16	0.01373	0.01569	0.03431	0.02451	0.03039	0.01471	0.73824	0.01863	0.01373	0.01863	0.01176	0.01569	0.00882	0.00490	0.00686	0.00196	0.00980	0.00686	0.00294	0.00784
17	0.02609	0.00990	0.01350	0.01035	0.01484	0.00855	0.00855	0.02834	0.01664	0.76338	0.02294	0.01979	0.01439	0.00720	0.00585	0.00180	0.00495	0.00585	0.00720	0.00990
18	0.01373	0.01569	0.03431	0.02451	0.03039	0.01471	0.73824	0.01863	0.01373	0.01863	0.01176	0.01569	0.00882	0.00490	0.00686	0.00196	0.00980	0.00686	0.00294	0.00784
19	0.01272	0.01272	0.01781	0.01527	0.01527	0.01781	0.01272	0.01399	0.00891	0.01399	0.00763	0.01272	0.00763	0.01018	0.01908	0.00254	0.78499	0.00509	0.00254	0.00636
20	0.00709	0.00506	0.00675	0.00810	0.00843	0.00472	0.00540	0.00810	0.01113	0.01484	0.03205	0.79184	0.03846	0.01822	0.00742	0.00236	0.00337	0.01653	0.00540	0.00472
21	0.66121	0.01095	0.00962	0.00823	0.01203	0.01207	0.00678	0.01953	0.01136	0.18571	0.01131	0.01169	0.00805	0.00579	0.00409	0.00180	0.00460	0.00373	0.00438	0.00708
22	0.02609	0.00990	0.01350	0.01035	0.01484	0.00855	0.00855	0.02834	0.01664	0.76338	0.02294	0.01979	0.01439	0.00720	0.00585	0.00180	0.00495	0.00585	0.00720	0.00990
23	0.01413	0.01214	0.01286	0.01159	0.01478	0.01398	0.00901	0.02983	0.70960	0.02427	0.06293	0.02286	0.01974	0.00810	0.00597	0.00196	0.00450	0.00679	0.00594	0.00901
24	0.00709	0.00506	0.00675	0.00810	0.00843	0.00472	0.00540	0.00810	0.01113	0.01484	0.03205	0.79184	0.03846	0.01822	0.00742	0.00236	0.00337	0.01653	0.00540	0.00472
25	0.02609	0.00990	0.01350	0.01035	0.01484	0.00855	0.00855	0.02834	0.01664	0.76338	0.02294	0.01979	0.01439	0.00720	0.00585	0.00180	0.00495	0.00585	0.00720	0.00990
26	0.00709	0.00506	0.00675	0.00810	0.00843	0.00472	0.00540	0.00810	0.01113	0.01484	0.03205	0.79184	0.03846	0.01822	0.00742	0.00236	0.00337	0.01653	0.00540	0.00472
27	0.00831	0.00623	0.00935	0.00935	0.01038	0.00727	0.00727	0.01038	0.00935	0.01350	0.01558	0.02285	0.01454	0.04361	0.77259	0.00935	0.01558	0.00623	0.00312	0.00519
28	0.01273	0.01358	0.04694	0.52424	0.03286	0.09904	0.03668	0.01749	0.08028	0.01586	0.01130	0.01522	0.00866	0.00625	0.00659	0.00193	0.05540	0.00515	0.00294	0.00687
29	0.00721	0.00515	0.00689	0.00824	0.00863	0.00483	0.00561	0.00831	0.01125	0.01498	0.03198	0.75291	0.03819	0.01810	0.00746	0.00238	0.00348	0.05424	0.00540	0.00476
30	0.00882	0.00665	0.00824	0.00772	0.00933	0.00642	0.00582	0.01297	0.09540	0.02296	0.63462	0.04185	0.09365	0.01163	0.00676	0.00185	0.00296	0.01020	0.00629	0.00585
31	0.01439	0.01382	0.02360	0.03569	0.75936	0.01382	0.01785	0.01785	0.01324	0.01900	0.01094	0.01439	0.00921	0.00518	0.00576	0.00173	0.00691	0.00518	0.00288	0.00921
32	0.83671	0.01125	0.00855	0.00765	0.01125	0.01305	0.00630	0.01709	0.00990	0.02609	0.00810	0.00945	0.00630	0.00540	0.00360	0.00180	0.00450	0.00315	0.00360	0.00630
33	0.01373	0.01569	0.03431	0.02451	0.03039	0.01471	0.73824	0.01863	0.01373	0.01863	0.01176	0.01569	0.00882	0.00490	0.00686	0.00196	0.00980	0.00686	0.00294	0.00784
34	0.02221	0.01612	0.01735	0.01330	0.01795	0.01779	0.01099	0.72133	0.02706	0.05568	0.01420	0.01411	0.01001	0.00699	0.00582	0.00175	0.00636	0.00525	0.00585	0.00989
35	0.00815	0.00594	0.00766	0.00723	0.00864	0.00545	0.00542	0.01081	0.01627	0.02286	0.71379	0.04420	0.09766	0.01206	0.00686	0.00184	0.00276	0.01062	0.00634	0.00545
36	0.01272	0.01272	0.01781	0.01527	0.01527	0.01781	0.01272	0.01399	0.00891	0.01399	0.00763	0.01272	0.00763	0.01018	0.01908	0.00254	0.78499	0.00509	0.00254	0.00636
37	0.01373	0.01569	0.03431	0.02451	0.03039	0.01471	0.73824	0.01863	0.01373	0.01863	0.01176	0.01569	0.00882	0.00490	0.00686	0.00196	0.00980	0.00686	0.00294	0.00784
38	0.00709	0.00506	0.00675	0.00810	0.00843	0.00472	0.00540	0.00810	0.01113	0.01484	0.03205	0.79184	0.03846	0.01822	0.00742	0.00236	0.00337	0.01653	0.00540	0.00472
39	0.00709	0.00506	0.00675	0.00810	0.00843	0.00472	0.00540	0.00810	0.01113	0.01484	0.03205	0.79184	0.03846	0.01822	0.00742	0.00236	0.00337	0.01653	0.00540	0.00472
40	0.01206	0.01034	0.01206	0.00861	0.01378	0.00775	0.00689	0.01464	0.01206	0.01895	0.01034	0.01206	0.00861	0.00431	0.00431	0.00086	0.00431	0.00345	0.00345	0.83118
41	0.01260	0.01065	0.01235	0.00887	0.01401	0.00830	0.00711	0.05351	0.01288	0.01990	0.01053	0.01216	0.00868	0.00445	0.00439	0.00091	0.00442	0.00354	0.00357	0.78716
42	0.01432	0.01236	0.01308	0.01164	0.01504	0.01406	0.00906	0.02991	0.70395	0.02400	0.02286	0.02111	0.01719	0.00767	0.00582	0.00190	0.00458	0.00638	0.00577	0.05930
43	0.00831	0.00623	0.00935	0.00935	0.01038	0.00727	0.00727	0.01038	0.00935	0.01350	0.01558	0.02285	0.01454	0.04361	0.77259	0.00935	0.01558	0.00623	0.00312	0.00519
44	0.01098	0.01034	0.01744	0.78165	0.04005	0.01292	0.01615	0.01486	0.01163	0.01486	0.01034	0.01550	0.00775	0.00581	0.00581	0.00194	0.00775	0.00517	0.00258	0.00646
45	0.01587	0.77523	0.02996	0.00996	0.01492	0.02257	0.00991	0.01774	0.01196	0.03639	0.00853	0.00965	0.00767	0.00504	0.00380	0.00126	0.00618	0.00319	0.00263	0.00754
46	0.00823	0.00594	0.00777	0.00732	0.00869	0.00549	0.00549	0.01097	0.01646	0.02332	0.75629	0.04344	0.05487	0.01189	0.00686	0.00183	0.00274	0.01052	0.00640	0.00549
47	0.01010	0.00505	0.00758	0.00758	0.00758	0.00505	0.00505	0.00758	0.00758	0.01010	0.01010	0.01768	0.01010	0.02020	0.02273	0.83081	0.00505	0.00505	0.00253	0.00253
48	0.00711	0.00508	0.00677	0.00808	0.00844	0.00474	0.00540	0.00817	0.01127	0.01507	0.05101	0.77225	0.03889	0.01805	0.00741	0.00235	0.00336	0.01637	0.00542	0.00474
49	0.01166	0.03008	0.76550	0.01657	0.02517	0.01351	0.02149	0.01842	0.01228	0.01842	0.01044	0.01228	0.00737	0.00552	0.00552	0.00184	0.00859	0.00430	0.00246	0.00859
50	0.01010	0.00505	0.00758	0.00758	0.00758	0.00505	0.00505	0.00758	0.00758	0.01010	0.01010	0.01768	0.01010	0.02020	0.02273	0.83081	0.00505	0.00505	0.00253	0.00253
51	0.01982	0.01507	0.01745	0.17104	0.02255	0.01698	0.01210	0.59116	0.02412	0.03218	0.01322	0.01428	0.00945	0.00674	0.00582	0.00178	0.00668	0.00522	0.00515	0.00919
52	0.01512	0.71549	0.11041	0.01067	0.01604	0.02198	0.01120	0.01752	0.01187	0.01420	0.00834	0.00965	0.00745	0.00503	0.00393	0.00131	0.00648	0.00324	0.00248	0.00759
53	0.08816	0.01242	0.09278	0.05215	0.01682	0.01027	0.01011	0.07433	0.03528	0.46865	0.02071	0.03570	0.04157	0.00733	0.00570	0.00183	0.00543	0.00588	0.00592	0.00896
54	0.01275	0.07007	0.68028	0.01584	0.02399	0.01371	0.02008	0.01897	0.01252	0.06356	0.01107	0.01258	0.00780	0.00560	0.00545	0.00181	0.00824	0.00433	0.00275	0.00861
55	0.01426	0.01420	0.02580	0.03340	0.60976	0.01400	0.16568	0.01801	0.01334	0.01892	0.01111	0.01466	0.00913	0.00512	0.00598	0.00178	0.00750	0.00553	0.00289	0.00893
56	0.01406	0.01392	0.02484	0.06684	0.57918	0.01408	0.13486	0.01769	0.01308	0.01856	0.01092	0.01459	0.00902	0.00536	0.00646	0.00181	0.03768	0.00545	0.00286	0.00875
57	0.01294	0.01337	0.05414	0.25517	0.40435	0.01330	0.09533	0.01679	0.01290	0.01787	0.04019	0.01592	0.01045	0.00562	0.00593	0.00182	0.00738	0.00553	0.00292	0.00807
58	0.01208	0.02719	0.61877	0.01817	0.02622	0.01375	0.16532	0.01846	0.01257	0.01846	0.01070	0.01296	0.00766	0.00540	0.00579	0.00187	0.00884	0.00481	0.00255	0.00844
59	0.01176	0.02943	0.73241	0.01693	0.02541	0.01356	0.05392	0.01843	0.01234	0.01843	0.01050	0.01243	0.00743	0.00550	0.00559	0.00185	0.00865	0.00441	0.00248	0.00856
60	0.00983	0.01186	0.15757	0.01260	0.01563	0.00825	0.13302	0.01265	0.01201	0.04514	0.02410	0.48031	0.02652	0.01309	0.00690	0.00217	0.00553	0.01212	0.00448	0.00620
61	0.02151	0.02426	0.01657	0.01445	0.01787	0.55491	0.01110	0.19921	0.05057	0.02016	0.01084	0.01182	0.00852	0.00632	0.00541	0.00158	0.00923	0.00423	0.00381	0.00762
62	0.01353	0.01288	0.02188	0.15559	0.61039	0.01328	0.01704	0.01694	0.01289	0.01815	0.01175	0.04793	0.01023	0.00584	0.00584	0.00179	0.00689	0.00567	0.00294	0.00857
63	0.00981	0.00742	0.00950	0.01033	0.01192	0.00764	0.00863	0.01447	0.13252	0.01816	0.03148	0.13330	0.07568	0.01488	0.00755	0.00249	0.00488	0.48801	0.00545	0.00589
64	0.01462	0.02594	0.61118	0.01530	0.02305	0.01249	0.01883	0.02045	0.01317	0.17130	0.01300	0.01382	0.00881	0.00587	0.00559	0.00183	0.00785	0.00462	0.00343	0.00886
65	0.01640	0.01180	0.01292	0.01115	0.01464	0.01290	0.00880	0.10615	0.47424	0.14474	0.02614	0.02410	0.09311	0.00839	0.00599	0.00192	0.00468	0.00690	0.00606	0.00895
66	0.02172	0.02772	0.01648	0.01498	0.01798	0.77228	0.01124	0.02322	0.01648	0.01423	0.00899	0.01049	0.00749	0.00599	0.00524	0.00150	0.01049	0.00375	0.00300	0.00674
67	0.01439	0.01382	0.02360	0.03569	0.75936	0.01382	0.01785	0.01785	0.01324	0.01900	0.01094	0.01439	0.00921	0.00518	0.00576	0.00173	0.00691	0.00518	0.00288	0.00921
68	0.01206	0.01034	0.01206	0.00861	0.01378	0.00775	0.00689	0.01464	0.01206	0.01895	0.01034	0.01206	0.00861	0.00431	0.00431	0.00086	0.00431	0.00345	0.00345	0.83118
69	0.01098	0.01034	0.01744	0.78165	0.04005	0.01292	0.01615	0.01486	0.01163	0.01486	0.01034	0.01550	0.00775	0.00581	0.00581	0.00194	0.00775	0.00517	0.00258	0.00646
70	0.01555	0.79913	0.03047	0.00995	0.01493	0.02301	0.00995	0.01741	0.01182	0.01368	0.00808	0.00933	0.00746	0.00498	0.00373	0.00124	0.00622	0.00311	0.00249	0.00746
71	0.01018	0.00989	0.01693	0.01419	0.01651	0.03832	0.25195	0.01258	0.01225	0.01628	0.04310	0.44336	0.02630	0.01272	0.00769	0.00219	0.04316	0.01208	0.00437	0.00595
72	0.00846	0.00564	0.00634	0.00634	0.00634	0.00564	0.00352	0.00846	0.00846	0.01128	0.01832	0.03805	0.02114	0.79563	0.02960	0.00564	0.00564	0.00846	0.00352	0.00352
73	0.00691	0.00589	0.00594	0.00593	0.00788	0.00493	0.00445	0.00842	0.01334	0.01592	0.07808	0.05562	0.73769	0.01465	0.00687	0.00196	0.00294	0.01222	0.00543	0.00493
74	0.02479	0.01136	0.01432	0.01105	0.01553	0.01080	0.00911	0.17971	0.04777	0.57979	0.02106	0.01863	0.01357	0.00718	0.00584	0.00179	0.00524	0.00575	0.00685	0.00987
75	0.01355	0.01296	0.02209	0.21925	0.58235	0.01360	0.01743	0.01711	0.01284	0.01798	0.01079	0.01467	0.00885	0.00534	0.00577	0.00178	0.00712	0.00518	0.00281	0.00853
76	0.00709	0.00506	0.00675	0.00810	0.00843	0.00472	0.00540	0.00810	0.01113	0.01484	0.03205	0.79184	0.03846	0.01822	0.00742	0.00236	0.00337	0.01653	0.00540	0.00472
77	0.00709	0.00506	0.00675	0.00810	0.00843	0.00472	0.00540	0.00810	0.01113	0.01484	0.03205	0.79184	0.03846	0.01822	0.00742	0.00236	0.00337	0.01653	0.00540	0.00472
78	0.01954	0.02269	0.01568	0.01408	0.01714	0.51328	0.01073	0.05787	0.21168	0.01794	0.01308	0.01370	0.01034	0.00667	0.00587	0.00167	0.03204	0.00461	0.00389	0.00753
79	0.01360	0.01301	0.02217	0.20929	0.59197	0.01361	0.01745	0.01715	0.01287	0.01803	0.01080	0.01465	0.00887	0.00533	0.00577	0.00178	0.00710	0.00518	0.00281	0.00857
80	0.00712	0.00509	0.00678	0.00807	0.00844	0.00475	0.00540	0.00818	0.01129	0.01510	0.05398	0.76917	0.03896	0.01803	0.00741	0.00235	0.00335	0.01635	0.00543	0.00475

[dist]
# distance from previous block
# <min> <max>
1	19

[block]
# block no. 8 follows, 40 sequences, length 20
# corresponding to MSA columns:
# 563-582
name=unknown_I
#
# <colnr> <probs for GDERKNQSTAVLIFYWHMCP>
#	G	D	E	R	K	N	Q	S	T	A	V	L	I	F	Y	W	H	M	C	P
0	0.01762	0.01539	0.07790	0.09018	0.02022	0.01538	0.04778	0.43671	0.02080	0.02843	0.01364	0.04828	0.01066	0.00715	0.00647	0.00179	0.04769	0.00563	0.03434	0.05395
1	0.06720	0.04482	0.40958	0.05583	0.02311	0.03547	0.08804	0.06631	0.01356	0.06048	0.01121	0.01297	0.00812	0.00556	0.00543	0.00174	0.00770	0.00455	0.00316	0.07518
2	0.07292	0.04554	0.01870	0.05653	0.05498	0.38501	0.10300	0.11846	0.01635	0.01891	0.01124	0.05065	0.00954	0.00648	0.00553	0.00168	0.00864	0.00506	0.00349	0.00731
