[name]
unknown

[dist]
# distance from previous block
# <min> <max>
0	67

[block]
# block no. 0 follows, 41 sequences, length 41
# corresponding to MSA columns:
# 98-138
name=unknown_A
#
# <colnr> <probs for GDERKNQSTAVLIFYWHMCP>
#	G	D	E	R	K	N	Q	S	T	A	V	L	I	F	Y	W	H	M	C	P
0	0.01341	0.01297	0.02232	0.17868	0.55671	0.01363	0.05206	0.01687	0.01256	0.01768	0.01055	0.01436	0.00870	0.00541	0.00627	0.00178	0.03975	0.00517	0.00276	0.00836
1	0.01186	0.01017	0.01186	0.00847	0.01356	0.00762	0.00678	0.01440	0.01186	0.01864	0.01017	0.01186	0.00847	0.00424	0.00424	0.00085	0.00424	0.00339	0.00339	0.83395
2	0.00832	0.00555	0.00624	0.00624	0.00624	0.00555	0.00347	0.00832	0.00832	0.01109	0.01802	0.03743	0.02080	0.79898	0.02911	0.00555	0.00555	0.00832	0.00347	0.00347
3	0.02283	0.00901	0.01227	0.00984	0.01365	0.00784	0.00794	0.02486	0.01555	0.65332	0.02392	0.13691	0.01774	0.00872	0.00599	0.00185	0.00463	0.00734	0.00681	0.00896
4	0.02002	0.02262	0.01635	0.05190	0.04314	0.51025	0.01128	0.14888	0.08688	0.01896	0.01118	0.01231	0.00880	0.00620	0.00536	0.00159	0.00882	0.00431	0.00368	0.00747
5	0.01260	0.06041	0.52323	0.01897	0.09750	0.04393	0.12767	0.01823	0.01252	0.01783	0.01035	0.01258	0.00765	0.00530	0.00556	0.00178	0.00844	0.00462	0.00255	0.00828
6	0.01278	0.11431	0.53651	0.01646	0.06548	0.01397	0.05776	0.01822	0.01233	0.04895	0.01061	0.01235	0.00778	0.00533	0.00528	0.00170	0.00782	0.00431	0.00271	0.04533
7	0.01169	0.07408	0.72678	0.01593	0.02418	0.01382	0.02048	0.01806	0.01205	0.01785	0.01013	0.01191	0.00725	0.00540	0.00533	0.00178	0.00832	0.00416	0.00242	0.00839
8	0.00807	0.00592	0.00848	0.00861	0.00941	0.00665	0.00640	0.00969	0.00924	0.01308	0.01739	0.10385	0.01770	0.15630	0.58302	0.00793	0.01259	0.00750	0.00336	0.00481
9	0.03906	0.01587	0.10047	0.05711	0.50265	0.04548	0.12049	0.01781	0.01297	0.01844	0.01064	0.01386	0.00861	0.00515	0.00571	0.00174	0.00748	0.00512	0.00281	0.00852
10	0.01653	0.01270	0.01973	0.16148	0.41612	0.04435	0.02798	0.01967	0.01366	0.19167	0.01333	0.01545	0.00991	0.00570	0.00569	0.00175	0.00669	0.00522	0.00377	0.00861
11	0.01423	0.01229	0.01293	0.01164	0.01487	0.01423	0.00905	0.03039	0.75297	0.02393	0.02328	0.02134	0.01746	0.00776	0.00582	0.00194	0.00453	0.00647	0.00582	0.00905
12	0.01135	0.03496	0.45167	0.01562	0.06786	0.01183	0.06885	0.01712	0.04612	0.01934	0.14241	0.01862	0.01645	0.00662	0.00569	0.00178	0.00693	0.00567	0.04335	0.00776
13	0.02979	0.10866	0.56097	0.01517	0.02260	0.01382	0.05317	0.01902	0.01250	0.09622	0.01132	0.01265	0.00803	0.00552	0.00531	0.00175	0.00781	0.00436	0.00295	0.00839
14	0.00825	0.00754	0.00704	0.00683	0.00892	0.04770	0.00515	0.01104	0.07927	0.01628	0.06617	0.04936	0.63952	0.01336	0.00659	0.00190	0.00344	0.01108	0.00525	0.00532
15	0.00806	0.00585	0.00760	0.00716	0.00852	0.00538	0.00537	0.01073	0.01611	0.02274	0.74211	0.04305	0.07227	0.01177	0.00675	0.00180	0.00270	0.01039	0.00627	0.00538
16	0.01331	0.01377	0.05806	0.20553	0.22449	0.01339	0.27826	0.01722	0.01265	0.04668	0.01124	0.01502	0.00868	0.00573	0.00685	0.02155	0.03130	0.00567	0.00292	0.00769
17	0.01479	0.01370	0.03885	0.09671	0.53977	0.02927	0.01591	0.05796	0.04943	0.05554	0.01282	0.01542	0.02270	0.00566	0.00569	0.00174	0.00668	0.00527	0.00335	0.00875
18	0.00832	0.00555	0.00624	0.00624	0.00624	0.00555	0.00347	0.00832	0.00832	0.01109	0.01802	0.03743	0.02080	0.79898	0.02911	0.00555	0.00555	0.00832	0.00347	0.00347
19	0.01311	0.01693	0.13260	0.05512	0.07145	0.01430	0.54263	0.01791	0.01300	0.01798	0.01113	0.01477	0.00841	0.00516	0.00694	0.00192	0.03989	0.00617	0.00279	0.00778
20	0.01792	0.11509	0.17091	0.04408	0.01912	0.32428	0.01280	0.11464	0.01573	0.06100	0.01080	0.01225	0.00836	0.00753	0.03970	0.00192	0.00872	0.00420	0.00337	0.00759
21	0.81332	0.03609	0.00909	0.00759	0.01118	0.01314	0.00631	0.01682	0.00979	0.02528	0.00796	0.00929	0.00623	0.00530	0.00354	0.00175	0.00448	0.00310	0.00351	0.00623
22	0.00767	0.00592	0.00651	0.00630	0.00815	0.00509	0.00475	0.00948	0.01399	0.03922	0.24729	0.05068	0.54775	0.01352	0.00673	0.00189	0.00290	0.01142	0.00563	0.00512
23	0.83938	0.01106	0.00841	0.00752	0.01106	0.01283	0.00619	0.01681	0.00973	0.02566	0.00796	0.00929	0.00619	0.00531	0.00354	0.00177	0.00442	0.00310	0.00354	0.00619
24	0.04096	0.01862	0.26375	0.09927	0.26410	0.01347	0.16857	0.01776	0.01261	0.03123	0.01082	0.01379	0.00825	0.00525	0.00575	0.00181	0.00789	0.00510	0.00278	0.00823
25	0.01321	0.01871	0.29298	0.04700	0.38854	0.01282	0.01762	0.01796	0.02739	0.04816	0.05211	0.01534	0.01117	0.00573	0.00565	0.00176	0.00708	0.00512	0.00309	0.00859
26	0.00697	0.00498	0.00664	0.00796	0.00830	0.00465	0.00531	0.00796	0.01095	0.01460	0.03153	0.79525	0.03783	0.01792	0.00730	0.00232	0.00332	0.01626	0.00531	0.00465
27	0.01269	0.01302	0.02034	0.01660	0.01760	0.01699	0.13931	0.01456	0.00958	0.01456	0.00821	0.01302	0.00771	0.00911	0.01668	0.00240	0.65323	0.00531	0.00257	0.00651
28	0.01349	0.01518	0.03236	0.02430	0.07140	0.01456	0.66569	0.01806	0.01325	0.01812	0.01133	0.01522	0.00864	0.00509	0.00727	0.00194	0.04694	0.00657	0.00287	0.00772
29	0.01416	0.01359	0.02322	0.03511	0.76330	0.01359	0.01755	0.01755	0.01302	0.01869	0.01076	0.01416	0.00906	0.00510	0.00566	0.00170	0.00680	0.00510	0.00283	0.00906
30	0.00697	0.00498	0.00664	0.00796	0.00830	0.00465	0.00531	0.00796	0.01095	0.01460	0.03153	0.79525	0.03783	0.01792	0.00730	0.00232	0.00332	0.01626	0.00531	0.00465
31	0.00697	0.00498	0.00664	0.00796	0.00830	0.00465	0.00531	0.00796	0.01095	0.01460	0.03153	0.79525	0.03783	0.01792	0.00730	0.00232	0.00332	0.01626	0.00531	0.00465
32	0.01220	0.02405	0.49172	0.01909	0.04942	0.01387	0.22915	0.01792	0.01234	0.01796	0.01051	0.01314	0.00773	0.00550	0.00655	0.00188	0.05124	0.00503	0.00257	0.00814
33	0.01091	0.01028	0.01735	0.76115	0.06264	0.01274	0.01594	0.01471	0.01149	0.01475	0.01019	0.01521	0.00767	0.00570	0.00572	0.00190	0.00760	0.00508	0.00255	0.00644
34	0.02566	0.00973	0.01327	0.01018	0.01460	0.00841	0.00841	0.02788	0.01637	0.76726	0.02257	0.01947	0.01416	0.00708	0.00575	0.00177	0.00487	0.00575	0.00708	0.00973
35	0.01417	0.01427	0.05855	0.09069	0.61361	0.01375	0.03466	0.05696	0.01362	0.01928	0.01087	0.01415	0.00889	0.00525	0.00569	0.00173	0.00698	0.00510	0.00295	0.00883
36	0.46653	0.01278	0.09222	0.00933	0.01303	0.01236	0.00830	0.04071	0.14869	0.02392	0.07029	0.01593	0.01293	0.04469	0.00572	0.00199	0.00486	0.00472	0.00412	0.00688
37	0.01352	0.01294	0.02207	0.17755	0.62584	0.01342	0.01724	0.01700	0.01272	0.01791	0.01065	0.01436	0.00879	0.00521	0.00567	0.00174	0.00695	0.00509	0.00278	0.00855
38	0.01132	0.01069	0.01809	0.66972	0.15087	0.01284	0.01614	0.01507	0.01168	0.01524	0.01026	0.01508	0.00785	0.00562	0.00571	0.00187	0.00750	0.00509	0.00259	0.00677
39	0.02137	0.02726	0.01621	0.01474	0.01768	0.77602	0.01105	0.02284	0.01621	0.01400	0.00884	0.01031	0.00737	0.00589	0.00516	0.00147	0.01031	0.00368	0.00295	0.00663
40	0.00994	0.00497	0.00745	0.00745	0.00745	0.00497	0.00497	0.00745	0.00745	0.00994	0.00994	0.01739	0.00994	0.01987	0.02235	0.83358	0.00497	0.00497	0.00248	0.00248

[dist]
# distance from previous block
# <min> <max>
0	9

[block]
# block no. 1 follows, 41 sequences, length 87
# corresponding to MSA columns:
# 148-234
name=unknown_B
#
# <colnr> <probs for GDERKNQSTAVLIFYWHMCP>
#	G	D	E	R	K	N	Q	S	T	A	V	L	I	F	Y	W	H	M	C	P
0	0.00697	0.00498	0.00664	0.00796	0.00830	0.00465	0.00531	0.00796	0.01095	0.01460	0.03153	0.79525	0.03783	0.01792	0.00730	0.00232	0.00332	0.01626	0.00531	0.00465
1	0.01147	0.02959	0.76934	0.01630	0.02476	0.01328	0.02113	0.01811	0.01208	0.01811	0.01026	0.01208	0.00725	0.00543	0.00543	0.00181	0.00845	0.00423	0.00242	0.00845
2	0.01188	0.11156	0.69092	0.01561	0.02369	0.01428	0.01993	0.01801	0.01203	0.01762	0.01002	0.01177	0.00726	0.00538	0.00525	0.00175	0.00821	0.00410	0.00242	0.00834
3	0.00994	0.00497	0.00745	0.00745	0.00745	0.00497	0.00497	0.00745	0.00745	0.00994	0.00994	0.01739	0.00994	0.01987	0.02235	0.83358	0.00497	0.00497	0.00248	0.00248
4	0.00994	0.00497	0.00745	0.00745	0.00745	0.00497	0.00497	0.00745	0.00745	0.00994	0.00994	0.01739	0.00994	0.01987	0.02235	0.83358	0.00497	0.00497	0.00248	0.00248
5	0.00697	0.00498	0.00664	0.00796	0.00830	0.00465	0.00531	0.00796	0.01095	0.01460	0.03153	0.79525	0.03783	0.01792	0.00730	0.00232	0.00332	0.01626	0.00531	0.00465
6	0.02052	0.13585	0.01814	0.01404	0.01726	0.67048	0.01087	0.02204	0.01557	0.01392	0.00872	0.01016	0.00736	0.00575	0.00495	0.00144	0.00973	0.00360	0.00288	0.00673
7	0.01096	0.00740	0.00897	0.00818	0.01012	0.00738	0.00623	0.01618	0.15992	0.08612	0.48613	0.03505	0.04004	0.03109	0.00690	0.00189	0.00331	0.00882	0.05888	0.00643
8	0.02529	0.00965	0.01315	0.01011	0.01447	0.00834	0.00834	0.02751	0.01637	0.75135	0.03834	0.01997	0.01501	0.00718	0.00577	0.00177	0.00482	0.00585	0.00706	0.00964
9	0.00817	0.00613	0.00919	0.00919	0.01021	0.00715	0.00715	0.01021	0.00919	0.01328	0.01532	0.02247	0.01430	0.04290	0.77631	0.00919	0.01532	0.00613	0.00306	0.00511
10	0.00697	0.00498	0.00664	0.00796	0.00830	0.00465	0.00531	0.00796	0.01095	0.01460	0.03153	0.79525	0.03783	0.01792	0.00730	0.00232	0.00332	0.01626	0.00531	0.00465
11	0.01455	0.59831	0.20521	0.01147	0.01715	0.04040	0.01252	0.01751	0.01185	0.01458	0.00852	0.00989	0.00732	0.00505	0.00413	0.00137	0.00678	0.00335	0.00245	0.00759
12	0.00940	0.00607	0.00799	0.00752	0.00901	0.00556	0.00563	0.01187	0.01563	0.08255	0.62027	0.12347	0.04896	0.01200	0.00673	0.00185	0.00294	0.01062	0.00625	0.00567
13	0.01080	0.01017	0.01716	0.78523	0.03940	0.01271	0.01589	0.01461	0.01144	0.01461	0.01017	0.01525	0.00762	0.00572	0.00572	0.00191	0.00762	0.00508	0.00254	0.00635
14	0.00754	0.00606	0.00683	0.00714	0.00874	0.00549	0.00543	0.00981	0.04652	0.01637	0.09097	0.18115	0.46389	0.01477	0.00696	0.00208	0.00334	0.10642	0.00539	0.00508
15	0.01275	0.01070	0.01234	0.00890	0.01393	0.00854	0.00715	0.08043	0.01322	0.02021	0.01049	0.01203	0.00859	0.00447	0.00437	0.00093	0.00442	0.00355	0.00360	0.75938
16	0.02097	0.01542	0.01657	0.01291	0.01732	0.01709	0.01060	0.64249	0.11108	0.05373	0.01507	0.01477	0.01074	0.00698	0.00573	0.00174	0.00605	0.00532	0.00577	0.00965
17	0.01350	0.01543	0.03375	0.02411	0.02989	0.01446	0.74253	0.01832	0.01350	0.01832	0.01157	0.01543	0.00868	0.00482	0.00675	0.00193	0.00964	0.00675	0.00289	0.00771
18	0.00694	0.00507	0.00654	0.00771	0.00823	0.00467	0.00520	0.00799	0.01119	0.01470	0.03460	0.70915	0.12195	0.01752	0.00724	0.00228	0.00327	0.01577	0.00531	0.00467
19	0.02031	0.02555	0.01590	0.01446	0.01718	0.70443	0.01091	0.02181	0.01553	0.01395	0.00912	0.01104	0.00773	0.00799	0.04580	0.00192	0.04303	0.00387	0.00293	0.00654
20	0.00826	0.00583	0.00758	0.00718	0.00851	0.00548	0.00540	0.01093	0.01556	0.02233	0.67384	0.04030	0.04938	0.01299	0.04656	0.00215	0.00335	0.00980	0.05919	0.00538
21	0.02137	0.02726	0.01621	0.01474	0.01768	0.77602	0.01105	0.02284	0.01621	0.01400	0.00884	0.01031	0.00737	0.00589	0.00516	0.00147	0.01031	0.00368	0.00295	0.00663
22	0.00838	0.00561	0.00643	0.00651	0.00660	0.00561	0.00384	0.00855	0.00863	0.01148	0.01881	0.03917	0.02158	0.74858	0.02775	0.00536	0.00553	0.05443	0.00358	0.00358
23	0.39984	0.00996	0.01041	0.00861	0.01233	0.01016	0.00705	0.02121	0.01315	0.35344	0.06257	0.01631	0.01303	0.00654	0.00474	0.00176	0.00445	0.00480	0.03196	0.00768
24	0.83938	0.01106	0.00841	0.00752	0.01106	0.01283	0.00619	0.01681	0.00973	0.02566	0.00796	0.00929	0.00619	0.00531	0.00354	0.00177	0.00442	0.00310	0.00354	0.00619
25	0.01213	0.00999	0.01166	0.00840	0.01334	0.00756	0.00672	0.01467	0.01197	0.03574	0.01075	0.01237	0.00882	0.00439	0.00426	0.00089	0.00419	0.00351	0.03270	0.78594
26	0.16963	0.01053	0.01248	0.00984	0.01402	0.01014	0.00809	0.08588	0.04719	0.49717	0.01871	0.01702	0.01231	0.00666	0.00526	0.00173	0.00482	0.00516	0.02525	0.03809
27	0.04620	0.01047	0.01254	0.00940	0.01405	0.00892	0.00761	0.08691	0.01458	0.25409	0.01486	0.03510	0.01106	0.00577	0.00491	0.00129	0.00461	0.00462	0.00482	0.44819
28	0.01005	0.00889	0.01280	0.01172	0.01229	0.01164	0.00947	0.01175	0.00901	0.01349	0.01194	0.01816	0.01136	0.02865	0.44819	0.00629	0.35022	0.00564	0.00282	0.00561
29	0.00818	0.00613	0.00682	0.00715	0.00804	0.01999	0.00487	0.02656	0.01145	0.01486	0.05240	0.28249	0.21270	0.24191	0.01329	0.00309	0.00409	0.03747	0.03393	0.00458
30	0.01147	0.02959	0.76934	0.01630	0.02476	0.01328	0.02113	0.01811	0.01208	0.01811	0.01026	0.01208	0.00725	0.00543	0.00543	0.00181	0.00845	0.00423	0.00242	0.00845
31	0.01251	0.01251	0.01752	0.01502	0.01502	0.01752	0.01251	0.01377	0.00876	0.01377	0.00751	0.01251	0.00751	0.01001	0.01877	0.00250	0.78851	0.00501	0.00250	0.00626
32	0.00872	0.00589	0.00800	0.00800	0.00896	0.00656	0.00602	0.01065	0.00968	0.01473	0.01637	0.02407	0.01518	0.12846	0.51900	0.00706	0.01141	0.00623	0.18006	0.00495
33	0.00994	0.00497	0.00745	0.00745	0.00745	0.00497	0.00497	0.00745	0.00745	0.00994	0.00994	0.01739	0.00994	0.01987	0.02235	0.83358	0.00497	0.00497	0.00248	0.00248
34	0.01186	0.01017	0.01186	0.00847	0.01356	0.00762	0.00678	0.01440	0.01186	0.01864	0.01017	0.01186	0.00847	0.00424	0.00424	0.00085	0.00424	0.00339	0.00339	0.83395
35	0.01283	0.00995	0.01184	0.00872	0.01355	0.00763	0.00704	0.01535	0.01229	0.07881	0.01221	0.01521	0.01020	0.00507	0.00455	0.00101	0.00434	0.04107	0.00378	0.72455
36	0.01507	0.01423	0.07497	0.06218	0.56655	0.01300	0.04761	0.01864	0.01328	0.10131	0.01204	0.01470	0.00942	0.00535	0.00571	0.00173	0.00686	0.00518	0.00326	0.00892
37	0.01180	0.06093	0.67498	0.01689	0.06632	0.01355	0.02006	0.01794	0.01211	0.01796	0.01019	0.01207	0.00739	0.00536	0.00534	0.00175	0.00815	0.00420	0.00247	0.03054
38	0.83938	0.01106	0.00841	0.00752	0.01106	0.01283	0.00619	0.01681	0.00973	0.02566	0.00796	0.00929	0.00619	0.00531	0.00354	0.00177	0.00442	0.00310	0.00354	0.00619
39	0.01432	0.01224	0.01293	0.01157	0.01480	0.01410	0.00901	0.05561	0.70562	0.02434	0.04407	0.02168	0.01823	0.00784	0.00584	0.00193	0.00454	0.00653	0.00583	0.00897
40	0.01375	0.01528	0.03142	0.02272	0.02802	0.02892	0.65001	0.04419	0.01371	0.01854	0.01154	0.01535	0.00881	0.00624	0.02960	0.00215	0.04260	0.00654	0.00298	0.00763
41	0.00694	0.00507	0.00654	0.00771	0.00823	0.00467	0.00520	0.00799	0.01119	0.01470	0.03460	0.70915	0.12195	0.01752	0.00724	0.00228	0.00327	0.01577	0.00531	0.00467
42	0.01184	0.02702	0.63601	0.01772	0.02569	0.01350	0.15189	0.01815	0.01233	0.01815	0.01050	0.01268	0.00751	0.00532	0.00567	0.00183	0.00867	0.00468	0.00250	0.00832
43	0.01080	0.01017	0.01716	0.78523	0.03940	0.01271	0.01589	0.01461	0.01144	0.01461	0.01017	0.01525	0.00762	0.00572	0.00572	0.00191	0.00762	0.00508	0.00254	0.00635
44	0.60344	0.01100	0.00977	0.00847	0.01212	0.01228	0.00691	0.02031	0.10310	0.14711	0.01226	0.01246	0.00890	0.00590	0.00419	0.00179	0.00451	0.00395	0.00440	0.00713
45	0.02047	0.01479	0.01580	0.01226	0.01646	0.01631	0.01008	0.66001	0.02518	0.03435	0.01430	0.01461	0.01030	0.00684	0.00552	0.00167	0.00588	0.00517	0.10079	0.00922
46	0.00698	0.00576	0.00614	0.00621	0.00795	0.00492	0.00464	0.00856	0.01324	0.01625	0.13259	0.10526	0.61629	0.01445	0.00682	0.00196	0.00296	0.02870	0.00542	0.00489
47	0.05312	0.01254	0.01176	0.01024	0.01326	0.12383	0.00805	0.15340	0.12683	0.10849	0.05752	0.04149	0.17772	0.01004	0.02630	0.00199	0.00555	0.02377	0.02677	0.00732
48	0.00781	0.00586	0.00733	0.00808	0.00893	0.00569	0.00562	0.01054	0.08412	0.01667	0.12913	0.57230	0.08453	0.01588	0.00705	0.00219	0.00333	0.01425	0.00549	0.00519
49	0.00986	0.00502	0.00753	0.00753	0.00757	0.00506	0.00506	0.00757	0.00753	0.01008	0.01016	0.01760	0.01012	0.02085	0.05434	0.79861	0.00541	0.00502	0.00251	0.00260
50	0.01107	0.01051	0.01470	0.01302	0.01335	0.01414	0.01066	0.01249	0.00917	0.01379	0.01279	0.05016	0.04938	0.01747	0.17639	0.00387	0.55222	0.00609	0.00289	0.00587
51	0.01821	0.02042	0.01460	0.01319	0.01621	0.44088	0.01011	0.07225	0.22901	0.01853	0.01629	0.01789	0.04295	0.00728	0.00557	0.00169	0.00785	0.03552	0.00416	0.00740
52	0.00709	0.00503	0.00660	0.00780	0.00810	0.00473	0.00514	0.00800	0.01071	0.01427	0.03027	0.72465	0.03624	0.09068	0.00933	0.00262	0.00353	0.01552	0.00514	0.00454
53	0.01847	0.02221	0.02131	0.01999	0.13578	0.46840	0.17880	0.03632	0.01533	0.01618	0.00986	0.01215	0.00798	0.00555	0.00561	0.00162	0.00953	0.00463	0.00298	0.00732
54	0.00818	0.00609	0.00898	0.00898	0.00992	0.00703	0.00688	0.01008	0.00913	0.01312	0.01552	0.02357	0.01478	0.09826	0.72161	0.00893	0.01461	0.00629	0.00309	0.00499
55	0.00994	0.00497	0.00745	0.00745	0.00745	0.00497	0.00497	0.00745	0.00745	0.00994	0.00994	0.01739	0.00994	0.01987	0.02235	0.83358	0.00497	0.00497	0.00248	0.00248
56	0.01403	0.14156	0.14566	0.01999	0.02585	0.07004	0.46402	0.01843	0.01318	0.01722	0.01061	0.01357	0.00815	0.00500	0.00595	0.00177	0.00896	0.00556	0.00275	0.00769
57	0.00708	0.00513	0.00694	0.03025	0.00919	0.00488	0.00561	0.00816	0.01097	0.01460	0.03091	0.77288	0.03696	0.01757	0.00726	0.00231	0.00344	0.01594	0.00523	0.00469
58	0.00692	0.00518	0.00643	0.00742	0.00815	0.00469	0.00507	0.00803	0.01147	0.01481	0.03811	0.61079	0.21804	0.01706	0.00717	0.00223	0.00321	0.01522	0.00531	0.00469
59	0.01097	0.01034	0.01746	0.74707	0.07622	0.01275	0.01597	0.01476	0.01152	0.01482	0.01020	0.01519	0.00770	0.00569	0.00572	0.00190	0.00758	0.00508	0.00256	0.00649
60	0.01328	0.01359	0.06753	0.08655	0.40857	0.01314	0.03566	0.01989	0.18859	0.01938	0.01615	0.01880	0.04328	0.00645	0.00582	0.00182	0.00631	0.02306	0.00366	0.00849
61	0.03578	0.02904	0.74700	0.01605	0.02435	0.01327	0.02069	0.01808	0.01201	0.01834	0.01020	0.01199	0.00721	0.00543	0.00538	0.00181	0.00834	0.00419	0.00245	0.00839
62	0.01351	0.01303	0.02254	0.17382	0.59788	0.01346	0.04800	0.01704	0.01275	0.01792	0.01068	0.01441	0.00878	0.00520	0.00572	0.00175	0.00707	0.00516	0.00278	0.00850
63	0.00868	0.00566	0.00756	0.00807	0.00904	0.00526	0.00582	0.01039	0.01304	0.06574	0.25060	0.46426	0.04081	0.01519	0.00708	0.00215	0.00338	0.06632	0.00572	0.00525
64	0.04624	0.01022	0.01232	0.04927	0.01506	0.00854	0.00764	0.01779	0.04629	0.16077	0.01303	0.01381	0.00983	0.00505	0.00465	0.00116	0.00455	0.00405	0.00416	0.56557
65	0.00849	0.00646	0.00805	0.00723	0.00917	0.00565	0.00548	0.01103	0.01523	0.02152	0.57794	0.03963	0.12309	0.01093	0.00639	0.00168	0.00294	0.00953	0.00578	0.12376
66	0.01312	0.10672	0.09287	0.01589	0.01820	0.03706	0.12235	0.01549	0.01031	0.01483	0.00847	0.01246	0.00764	0.00810	0.01359	0.00218	0.48642	0.00493	0.00256	0.00682
67	0.01394	0.01337	0.02283	0.08338	0.71671	0.01353	0.01745	0.01737	0.01292	0.01842	0.01072	0.01423	0.00897	0.00514	0.00567	0.00171	0.00685	0.00510	0.00281	0.00889
68	0.01580	0.00978	0.01167	0.00965	0.01263	0.00985	0.00769	0.22132	0.05041	0.18064	0.34940	0.02915	0.04878	0.00928	0.00621	0.00178	0.00424	0.00781	0.00625	0.00765
69	0.74867	0.01207	0.02381	0.00806	0.01158	0.05222	0.00671	0.01692	0.01036	0.02480	0.03689	0.01068	0.00811	0.00559	0.00378	0.00176	0.00474	0.00343	0.00359	0.00623
70	0.02014	0.02416	0.01664	0.05084	0.06719	0.60523	0.01160	0.07373	0.04793	0.01632	0.00999	0.01150	0.00809	0.00598	0.00528	0.00155	0.00943	0.00406	0.00324	0.00710
71	0.01485	0.01138	0.01206	0.01056	0.01371	0.03429	0.00829	0.10300	0.40275	0.10249	0.04689	0.02617	0.13972	0.01010	0.03549	0.00216	0.00502	0.00718	0.00568	0.00818
72	0.04911	0.00979	0.01130	0.00831	0.01296	0.00765	0.00662	0.01416	0.01218	0.01937	0.08254	0.01473	0.01276	0.00501	0.00445	0.00098	0.00410	0.00405	0.00368	0.71628
73	0.00703	0.00500	0.00662	0.00789	0.00821	0.00468	0.00523	0.00798	0.01084	0.01445	0.03095	0.76296	0.03711	0.05119	0.00823	0.00246	0.00341	0.01592	0.00523	0.00460
74	0.01529	0.80242	0.02997	0.00979	0.01468	0.02263	0.00979	0.01713	0.01162	0.01346	0.00795	0.00918	0.00734	0.00489	0.00367	0.00122	0.00612	0.00306	0.00245	0.00734
75	0.00922	0.00658	0.00922	0.01053	0.01185	0.00658	0.00922	0.01185	0.01317	0.01712	0.03029	0.06452	0.03292	0.01580	0.00790	0.00263	0.00527	0.72480	0.00527	0.00527
76	0.01966	0.24971	0.02030	0.01312	0.01682	0.46868	0.01067	0.10667	0.01615	0.01646	0.00916	0.01039	0.00764	0.00572	0.00479	0.00143	0.00863	0.00368	0.00313	0.00720
77	0.01350	0.01543	0.03375	0.02411	0.02989	0.01446	0.74253	0.01832	0.01350	0.01832	0.01157	0.01543	0.00868	0.00482	0.00675	0.00193	0.00964	0.00675	0.00289	0.00771
78	0.00831	0.00557	0.00637	0.00637	0.00642	0.00562	0.00363	0.00840	0.00836	0.01119	0.01790	0.03675	0.02050	0.76462	0.06307	0.00571	0.00599	0.00822	0.00345	0.00354
79	0.01090	0.01035	0.01774	0.75834	0.03906	0.01277	0.04156	0.01475	0.01151	0.01475	0.01022	0.01526	0.00766	0.00569	0.00576	0.00191	0.00770	0.00514	0.00255	0.00640
80	0.00974	0.00750	0.00977	0.03807	0.01305	0.03629	0.00952	0.01237	0.01322	0.01691	0.02875	0.06070	0.03105	0.01507	0.00772	0.00256	0.00554	0.67173	0.00508	0.00536
81	0.00700	0.00500	0.00667	0.00794	0.00830	0.00467	0.00531	0.00805	0.01110	0.01485	0.05292	0.77315	0.03830	0.01774	0.00728	0.00231	0.00330	0.01609	0.00534	0.00467
82	0.00831	0.00559	0.00647	0.00647	0.00655	0.00567	0.00376	0.00847	0.00839	0.01126	0.01781	0.03626	0.02029	0.73961	0.08779	0.00583	0.00631	0.00815	0.00343	0.00359
83	0.01895	0.01489	0.01411	0.01143	0.01499	0.11699	0.00919	0.46587	0.02176	0.02943	0.01429	0.01515	0.01063	0.00669	0.00522	0.00159	0.00594	0.00500	0.20967	0.00822
84	0.01423	0.01229	0.01293	0.01164	0.01487	0.01423	0.00905	0.03039	0.75297	0.02393	0.02328	0.02134	0.01746	0.00776	0.00582	0.00194	0.00453	0.00647	0.00582	0.00905
85	0.01066	0.00533	0.00533	0.00533	0.00666	0.00533	0.00400	0.01333	0.01200	0.02132	0.01866	0.02132	0.01466	0.00666	0.00400	0.00133	0.00267	0.00533	0.83073	0.00533
86	0.01380	0.01322	0.02257	0.11571	0.68552	0.01350	0.01737	0.01724	0.01285	0.01825	0.01070	0.01427	0.00891	0.00516	0.00567	0.00172	0.00688	0.00509	0.00280	0.00877

[dist]
# distance from previous block
# <min> <max>
0	1

[block]
# block no. 2 follows, 41 sequences, length 14
# corresponding to MSA columns:
# 236-249
name=unknown_C
#
# <colnr> <probs for GDERKNQSTAVLIFYWHMCP>
#	G	D	E	R	K	N	Q	S	T	A	V	L	I	F	Y	W	H	M	C	P
0	0.01186	0.01017	0.01186	0.00847	0.01356	0.00762	0.00678	0.01440	0.01186	0.01864	0.01017	0.01186	0.00847	0.00424	0.00424	0.00085	0.00424	0.00339	0.00339	0.83395
1	0.83938	0.01106	0.00841	0.00752	0.01106	0.01283	0.00619	0.01681	0.00973	0.02566	0.00796	0.00929	0.00619	0.00531	0.00354	0.00177	0.00442	0.00310	0.00354	0.00619
2	0.00740	0.00617	0.00715	0.07082	0.01054	0.00561	0.00554	0.00932	0.01361	0.01707	0.21218	0.04897	0.53919	0.01313	0.00667	0.00190	0.00324	0.01110	0.00530	0.00508
3	0.01475	0.01304	0.01405	0.01384	0.08491	0.05123	0.00987	0.07898	0.55269	0.02376	0.06347	0.02082	0.01774	0.00758	0.00582	0.00187	0.00504	0.00633	0.00542	0.00877
4	0.01151	0.01103	0.01912	0.61772	0.15789	0.01296	0.05831	0.01531	0.01182	0.01550	0.01035	0.01508	0.00792	0.00556	0.00577	0.00187	0.00761	0.00518	0.00261	0.00688
5	0.01529	0.80242	0.02997	0.00979	0.01468	0.02263	0.00979	0.01713	0.01162	0.01346	0.00795	0.00918	0.00734	0.00489	0.00367	0.00122	0.00612	0.00306	0.00245	0.00734
6	0.01860	0.01407	0.01514	0.01210	0.01607	0.01557	0.00985	0.52977	0.14428	0.03123	0.01905	0.01884	0.07359	0.00941	0.04358	0.00214	0.00616	0.00599	0.00557	0.00898
7	0.00706	0.00580	0.00623	0.00626	0.00802	0.00497	0.00471	0.00872	0.01344	0.01662	0.16322	0.08244	0.59956	0.01424	0.00682	0.00195	0.00297	0.03660	0.00546	0.00492
8	0.01112	0.00803	0.01035	0.08245	0.03591	0.00819	0.00842	0.07404	0.05558	0.06261	0.09874	0.09544	0.16435	0.01201	0.00669	0.00209	0.00463	0.21564	0.03751	0.00621
9	0.02145	0.02463	0.01643	0.01437	0.01770	0.59842	0.01101	0.19180	0.01871	0.01916	0.00999	0.01112	0.00792	0.00612	0.00529	0.00153	0.00937	0.00403	0.00360	0.00736
10	0.00855	0.00666	0.01002	0.07370	0.01263	0.00790	0.00790	0.01062	0.00933	0.01331	0.01474	0.02216	0.01379	0.07101	0.65398	0.00820	0.04121	0.00610	0.00302	0.00518
11	0.00832	0.00555	0.00624	0.00624	0.00624	0.00555	0.00347	0.00832	0.00832	0.01109	0.01802	0.03743	0.02080	0.79898	0.02911	0.00555	0.00555	0.00832	0.00347	0.00347
12	0.01305	0.01242	0.01964	0.41311	0.33749	0.03838	0.01618	0.05025	0.01297	0.01728	0.01054	0.01456	0.00831	0.00552	0.00568	0.00180	0.00731	0.00505	0.00282	0.00764
13	0.01423	0.01229	0.01293	0.01164	0.01487	0.01423	0.00905	0.03039	0.75297	0.02393	0.02328	0.02134	0.01746	0.00776	0.00582	0.00194	0.00453	0.00647	0.00582	0.00905

[dist]
# distance from previous block
# <min> <max>
0	4

[block]
# block no. 3 follows, 41 sequences, length 13
# corresponding to MSA columns:
# 254-266
name=unknown_D
#
# <colnr> <probs for GDERKNQSTAVLIFYWHMCP>
#	G	D	E	R	K	N	Q	S	T	A	V	L	I	F	Y	W	H	M	C	P
0	0.01430	0.02334	0.54308	0.01423	0.02124	0.01159	0.01709	0.01966	0.01334	0.18196	0.07330	0.01616	0.01251	0.00630	0.00561	0.00180	0.00721	0.00505	0.00375	0.00849
1	0.01770	0.01284	0.01484	0.08921	0.01752	0.01427	0.01000	0.47516	0.05689	0.02761	0.01302	0.01506	0.00994	0.00963	0.00936	0.18326	0.00605	0.00517	0.00470	0.00778
2	0.01457	0.02525	0.60437	0.01497	0.02254	0.01222	0.01836	0.02024	0.01301	0.18158	0.01295	0.01369	0.00875	0.00579	0.00550	0.00180	0.00767	0.00456	0.00343	0.00873
3	0.83938	0.01106	0.00841	0.00752	0.01106	0.01283	0.00619	0.01681	0.00973	0.02566	0.00796	0.00929	0.00619	0.00531	0.00354	0.00177	0.00442	0.00310	0.00354	0.00619
4	0.01262	0.01256	0.06616	0.13368	0.03874	0.01311	0.02638	0.04624	0.17335	0.01857	0.01315	0.01563	0.01054	0.00838	0.03813	0.00212	0.18763	0.00512	0.03748	0.14041
5	0.01849	0.01084	0.01210	0.00977	0.01315	0.01132	0.00791	0.30726	0.05163	0.19004	0.01776	0.01791	0.01272	0.00688	0.00515	0.00161	0.00467	0.00540	0.28720	0.00820
6	0.01402	0.01144	0.01302	0.00950	0.01447	0.00983	0.00767	0.17365	0.01514	0.02244	0.01094	0.01227	0.00875	0.00481	0.00456	0.00104	0.00469	0.00377	0.00390	0.65411
7	0.01872	0.01610	0.01536	0.01278	0.01660	0.12091	0.01018	0.36279	0.31222	0.02822	0.01683	0.01627	0.01246	0.00709	0.00568	0.00177	0.00615	0.00547	0.00538	0.00903
8	0.01312	0.18487	0.02024	0.01388	0.01494	0.01864	0.01192	0.01450	0.00938	0.01370	0.00761	0.01179	0.00747	0.00889	0.01548	0.00222	0.61780	0.00458	0.00249	0.00649
9	0.01022	0.00779	0.00870	0.00817	0.01016	0.00765	0.00615	0.16898	0.01574	0.02040	0.10699	0.26330	0.31673	0.01357	0.00669	0.00199	0.00374	0.01163	0.00549	0.00590
10	0.01539	0.00891	0.01079	0.00929	0.01221	0.00880	0.00731	0.02160	0.22230	0.26393	0.25453	0.03025	0.09139	0.00934	0.00617	0.00184	0.00393	0.00792	0.00633	0.00778
11	0.00810	0.00585	0.00765	0.00720	0.00855	0.00540	0.00540	0.01079	0.01619	0.02294	0.76028	0.04273	0.05397	0.01169	0.00675	0.00180	0.00270	0.01034	0.00630	0.00540
12	0.00734	0.00529	0.00703	0.00828	0.00886	0.00498	0.00591	0.00863	0.01144	0.01507	0.03278	0.63122	0.07693	0.01737	0.00737	0.00235	0.00362	0.13545	0.00530	0.00476

[dist]
# distance from previous block
# <min> <max>
0	2

[block]
# block no. 4 follows, 41 sequences, length 23
# corresponding to MSA columns:
# 269-291
name=unknown_E
#
# <colnr> <probs for GDERKNQSTAVLIFYWHMCP>
#	G	D	E	R	K	N	Q	S	T	A	V	L	I	F	Y	W	H	M	C	P
0	0.01128	0.00574	0.00621	0.04222	0.00853	0.00580	0.00474	0.01398	0.01215	0.05146	0.01842	0.02096	0.01431	0.00664	0.00415	0.00138	0.00299	0.00534	0.75815	0.00556
1	0.01111	0.01031	0.01642	0.59208	0.03339	0.01162	0.03337	0.01467	0.01159	0.01561	0.01020	0.01450	0.00784	0.00536	0.00542	0.00167	0.00693	0.00475	0.00274	0.19042
2	0.83938	0.01106	0.00841	0.00752	0.01106	0.01283	0.00619	0.01681	0.00973	0.02566	0.00796	0.00929	0.00619	0.00531	0.00354	0.00177	0.00442	0.00310	0.00354	0.00619
3	0.01411	0.01007	0.01629	0.61289	0.03388	0.01175	0.01422	0.01756	0.01253	0.18198	0.01292	0.01619	0.00908	0.00602	0.00573	0.00188	0.00701	0.00523	0.00355	0.00711
4	0.01390	0.00719	0.00915	0.00789	0.01046	0.00631	0.00619	0.01611	0.01547	0.28105	0.32712	0.03768	0.21672	0.01078	0.00640	0.00182	0.00351	0.00917	0.00632	0.00677
5	0.01218	0.00648	0.00780	0.00711	0.00810	0.00618	0.00456	0.01267	0.01011	0.17924	0.01903	0.03344	0.01932	0.62289	0.02392	0.00471	0.00539	0.00775	0.00427	0.00486
6	0.01110	0.00751	0.00926	0.00838	0.01041	0.00744	0.00642	0.01640	0.16122	0.09915	0.53988	0.03614	0.04272	0.01045	0.00646	0.00182	0.00328	0.00911	0.00628	0.00656
7	0.00829	0.00567	0.00690	0.00690	0.00712	0.00590	0.00429	0.00874	0.00851	0.01158	0.01742	0.03410	0.01935	0.63085	0.19527	0.00636	0.00772	0.00783	0.00338	0.00383
8	0.01479	0.60661	0.05073	0.01315	0.01833	0.02056	0.17303	0.01742	0.01205	0.01466	0.00882	0.01064	0.00764	0.00489	0.00440	0.00140	0.00696	0.00391	0.00255	0.00745
9	0.03924	0.00707	0.00898	0.00827	0.01029	0.00663	0.00627	0.01531	0.05497	0.19338	0.34106	0.20280	0.05938	0.01167	0.00648	0.00192	0.00350	0.01020	0.00611	0.00644
10	0.00758	0.00592	0.00697	0.00735	0.00882	0.00538	0.00563	0.00964	0.02833	0.01689	0.15359	0.19230	0.37768	0.01480	0.00704	0.00211	0.00339	0.13608	0.00546	0.00504
11	0.01223	0.01175	0.01658	0.01406	0.01457	0.01569	0.03780	0.01372	0.00927	0.01456	0.00895	0.01417	0.00860	0.03945	0.01709	0.00245	0.64275	0.00515	0.06123	0.03992
12	0.01223	0.20859	0.42669	0.18574	0.02562	0.01537	0.01727	0.01710	0.01183	0.01623	0.00969	0.01209	0.00735	0.00537	0.00508	0.00169	0.00771	0.00414	0.00245	0.00772
13	0.65424	0.00989	0.00783	0.00714	0.01032	0.01105	0.00578	0.01490	0.01047	0.02339	0.01908	0.01947	0.17403	0.00735	0.00426	0.00181	0.00409	0.00509	0.00393	0.00589
14	0.01184	0.00900	0.03040	0.04421	0.04777	0.03451	0.08151	0.04166	0.01261	0.02013	0.01591	0.01901	0.01261	0.00843	0.04798	0.00194	0.03059	0.00540	0.51838	0.00610
15	0.00733	0.00539	0.00647	0.00717	0.00788	0.00499	0.00486	0.00831	0.01100	0.01416	0.03507	0.40356	0.21477	0.19063	0.01205	0.00296	0.00381	0.05022	0.00490	0.00446
16	0.00875	0.00779	0.01286	0.01127	0.01344	0.00719	0.16951	0.01106	0.01275	0.01662	0.08954	0.27706	0.21915	0.01336	0.00707	0.00213	0.00482	0.10528	0.00484	0.00551
17	0.01487	0.01261	0.01329	0.01177	0.01512	0.01453	0.00921	0.09121	0.69111	0.02496	0.02247	0.02069	0.01680	0.00768	0.00581	0.00192	0.00468	0.00635	0.00581	0.00911
18	0.01263	0.01014	0.01194	0.00857	0.01361	0.00767	0.00687	0.01515	0.01211	0.06025	0.01086	0.01228	0.00879	0.00439	0.00432	0.00090	0.00427	0.00352	0.00359	0.78814
19	0.01102	0.00921	0.01092	0.00819	0.01244	0.00713	0.00647	0.01360	0.01282	0.01959	0.17697	0.01872	0.01859	0.00589	0.00479	0.00106	0.00389	0.00494	0.00404	0.64970
20	0.01132	0.02527	0.60208	0.18729	0.02801	0.01316	0.01997	0.01734	0.01193	0.01734	0.01024	0.01278	0.00733	0.00550	0.00550	0.00183	0.00827	0.00442	0.00244	0.00799
21	0.00743	0.00561	0.00693	0.00779	0.00885	0.00516	0.00582	0.00892	0.01206	0.01535	0.03951	0.37438	0.27115	0.03491	0.00778	0.00234	0.00367	0.17227	0.00526	0.00482
22	0.01013	0.18356	0.01412	0.02262	0.01188	0.01017	0.04779	0.03643	0.01173	0.01561	0.02220	0.43839	0.02486	0.01413	0.04448	0.00231	0.01913	0.01087	0.05386	0.00571

[dist]
# distance from previous block
# <min> <max>
0	1

[block]
# block no. 5 follows, 41 sequences, length 17
# corresponding to MSA columns:
# 293-309
name=unknown_F
#
# <colnr> <probs for GDERKNQSTAVLIFYWHMCP>
#	G	D	E	R	K	N	Q	S	T	A	V	L	I	F	Y	W	H	M	C	P
0	0.01375	0.01546	0.02744	0.02035	0.02473	0.10106	0.52129	0.01738	0.01288	0.01667	0.01168	0.01710	0.00980	0.09453	0.00997	0.00233	0.06720	0.00644	0.00293	0.00700
1	0.00697	0.00498	0.00664	0.00796	0.00830	0.00465	0.00531	0.00796	0.01095	0.01460	0.03153	0.79525	0.03783	0.01792	0.00730	0.00232	0.00332	0.01626	0.00531	0.00465
2	0.01512	0.10234	0.01590	0.01201	0.01543	0.10161	0.04568	0.09502	0.35687	0.03264	0.02090	0.02219	0.06591	0.00878	0.02609	0.00201	0.00602	0.04264	0.00484	0.00800
3	0.00864	0.00679	0.01021	0.09824	0.01347	0.00806	0.00810	0.01072	0.00937	0.01330	0.01463	0.02230	0.01373	0.08931	0.60851	0.00786	0.04246	0.00612	0.00301	0.00518
4	0.00698	0.00580	0.00610	0.00603	0.00786	0.00492	0.00452	0.00864	0.01356	0.01669	0.17451	0.05300	0.64364	0.01402	0.00676	0.00191	0.00286	0.01179	0.00548	0.00492
5	0.01288	0.01273	0.02040	0.04006	0.12446	0.01491	0.16665	0.01777	0.13289	0.01709	0.01205	0.01559	0.01010	0.01006	0.06547	0.00263	0.30799	0.00571	0.00322	0.00734
6	0.01303	0.10576	0.20654	0.05270	0.25045	0.04508	0.07287	0.01772	0.05301	0.01834	0.09695	0.01674	0.01386	0.00609	0.00558	0.00172	0.00694	0.00540	0.00324	0.00798
7	0.01298	0.01390	0.10361	0.14050	0.44934	0.01256	0.01577	0.01741	0.05248	0.01858	0.01215	0.01526	0.00971	0.00554	0.00547	0.00172	0.00653	0.00510	0.09320	0.00818
8	0.01066	0.00533	0.00533	0.00533	0.00666	0.00533	0.00400	0.01333	0.01200	0.02132	0.01866	0.02132	0.01466	0.00666	0.00400	0.00133	0.00267	0.00533	0.83073	0.00533
9	0.01366	0.08566	0.10516	0.04088	0.01536	0.01383	0.01114	0.03687	0.01099	0.09955	0.01174	0.01657	0.01027	0.09909	0.01398	0.03106	0.32447	0.00522	0.04789	0.00661
10	0.13815	0.01728	0.01654	0.08357	0.01936	0.18749	0.04855	0.37258	0.01991	0.02671	0.01136	0.01255	0.00844	0.00621	0.00533	0.00170	0.00723	0.00460	0.00435	0.00811
11	0.05243	0.02321	0.54181	0.10300	0.02367	0.01211	0.01771	0.01674	0.01186	0.03523	0.01281	0.10044	0.01083	0.00690	0.00559	0.00188	0.00750	0.00566	0.00292	0.00770
12	0.01236	0.01024	0.01391	0.01017	0.01487	0.00818	0.08935	0.01516	0.01279	0.05948	0.09705	0.01621	0.01402	0.00531	0.00489	0.00113	0.00470	0.00469	0.00387	0.60163
13	0.01236	0.28053	0.20227	0.01166	0.03533	0.03111	0.01151	0.01543	0.01196	0.03652	0.06072	0.10428	0.01487	0.01128	0.09167	0.00244	0.00716	0.00583	0.00328	0.04979
14	0.65289	0.01191	0.01108	0.01127	0.09632	0.01348	0.00801	0.10035	0.01207	0.02607	0.00894	0.01035	0.00692	0.00546	0.00403	0.00176	0.00491	0.00356	0.00371	0.00692
15	0.01265	0.16187	0.01518	0.00903	0.01357	0.01127	0.00748	0.01673	0.11011	0.01796	0.01189	0.01393	0.01009	0.04595	0.00563	0.00131	0.00470	0.00399	0.00354	0.52313
16	0.74803	0.01111	0.00882	0.00778	0.01128	0.01279	0.00639	0.06312	0.01094	0.02612	0.00884	0.01014	0.00682	0.00547	0.00370	0.00175	0.00446	0.00333	0.04273	0.00638

[dist]
# distance from previous block
# <min> <max>
0	1

[block]
# block no. 6 follows, 41 sequences, length 24
# corresponding to MSA columns:
# 311-334
name=unknown_G
#
# <colnr> <probs for GDERKNQSTAVLIFYWHMCP>
#	G	D	E	R	K	N	Q	S	T	A	V	L	I	F	Y	W	H	M	C	P
0	0.00727	0.00574	0.00655	0.00649	0.00807	0.00502	0.00481	0.00914	0.01402	0.01813	0.31346	0.11312	0.44037	0.01375	0.00680	0.00192	0.00286	0.01179	0.00567	0.00502
1	0.02109	0.01019	0.01288	0.01022	0.01416	0.00942	0.00825	0.14758	0.01701	0.46661	0.02118	0.12751	0.01623	0.00832	0.00583	0.00176	0.00484	0.00692	0.00626	0.08375
2	0.02356	0.01087	0.01371	0.01075	0.01503	0.01038	0.00880	0.11664	0.12185	0.57188	0.02158	0.01903	0.01408	0.00715	0.00576	0.00179	0.00500	0.00578	0.00673	0.00964
3	0.00697	0.00498	0.00664	0.00796	0.00830	0.00465	0.00531	0.00796	0.01095	0.01460	0.03153	0.79525	0.03783	0.01792	0.00730	0.00232	0.00332	0.01626	0.00531	0.00465
4	0.01260	0.01058	0.01153	0.01046	0.01320	0.01189	0.00809	0.02520	0.55783	0.02367	0.21848	0.02700	0.02713	0.00880	0.00607	0.00190	0.00404	0.00749	0.00595	0.00809
5	0.01952	0.01493	0.01702	0.01544	0.10906	0.01641	0.01126	0.54222	0.11664	0.03193	0.01472	0.01498	0.01077	0.00675	0.00568	0.00173	0.00602	0.00532	0.03017	0.00943
6	0.01206	0.14312	0.51484	0.01382	0.02029	0.04864	0.01645	0.01680	0.01167	0.01623	0.01095	0.01514	0.00918	0.11761	0.00850	0.00223	0.00777	0.00460	0.00259	0.00750
7	0.01288	0.02501	0.53307	0.01453	0.02111	0.10607	0.01706	0.01812	0.01337	0.05355	0.11675	0.01654	0.01419	0.00645	0.00560	0.00177	0.00770	0.00510	0.00325	0.00786
8	0.01271	0.01301	0.01777	0.58368	0.12567	0.12078	0.01541	0.01614	0.01231	0.01503	0.01005	0.01442	0.00777	0.00567	0.00563	0.00182	0.00790	0.00489	0.00263	0.00673
9	0.01529	0.01282	0.01353	0.01186	0.01528	0.01472	0.00931	0.13136	0.65027	0.02564	0.02193	0.02026	0.01637	0.00763	0.00581	0.00191	0.00478	0.00628	0.00581	0.00915
10	0.01136	0.01096	0.01951	0.41391	0.06418	0.01199	0.18523	0.01507	0.02788	0.01554	0.01192	0.01838	0.01005	0.11766	0.00921	0.00238	0.00757	0.00590	0.00287	0.03842
11	0.01110	0.00788	0.00878	0.00860	0.00910	0.10044	0.00603	0.00974	0.00878	0.01091	0.01056	0.01723	0.01024	0.02140	0.12687	0.61429	0.00709	0.00497	0.00262	0.00337
12	0.02254	0.00984	0.01282	0.01023	0.01410	0.00903	0.00827	0.11347	0.01690	0.57056	0.02274	0.12848	0.01696	0.00859	0.00597	0.00184	0.00482	0.00716	0.00666	0.00901
13	0.01274	0.01410	0.10107	0.02865	0.56766	0.01221	0.01594	0.01617	0.01286	0.01810	0.01715	0.04246	0.10253	0.00668	0.00582	0.00176	0.00639	0.00620	0.00317	0.00834
14	0.02108	0.01006	0.01246	0.00987	0.01381	0.00939	0.00805	0.13423	0.04581	0.48546	0.02787	0.02533	0.15354	0.00846	0.00594	0.00180	0.00470	0.00687	0.00649	0.00879
15	0.01080	0.01017	0.01716	0.78523	0.03940	0.01271	0.01589	0.01461	0.01144	0.01461	0.01017	0.01525	0.00762	0.00572	0.00572	0.00191	0.00762	0.00508	0.00254	0.00635
16	0.01213	0.08262	0.69715	0.01568	0.02378	0.01380	0.01999	0.01832	0.01216	0.03853	0.01044	0.01208	0.00744	0.00544	0.00532	0.00177	0.00819	0.00419	0.00255	0.00841
17	0.00922	0.00767	0.01120	0.01060	0.01137	0.00965	0.00845	0.01107	0.00909	0.01340	0.01343	0.02007	0.01266	0.03496	0.59339	0.00758	0.20202	0.00586	0.00293	0.00538
18	0.00697	0.00498	0.00664	0.00796	0.00830	0.00465	0.00531	0.00796	0.01095	0.01460	0.03153	0.79525	0.03783	0.01792	0.00730	0.00232	0.00332	0.01626	0.00531	0.00465
19	0.00683	0.00580	0.00589	0.00587	0.00777	0.00486	0.00440	0.00835	0.01320	0.01585	0.09522	0.05439	0.72346	0.01434	0.00676	0.00192	0.00289	0.01198	0.00536	0.00486
20	0.27990	0.01653	0.01422	0.01167	0.01562	0.15594	0.00943	0.38155	0.01951	0.02870	0.01101	0.01170	0.00818	0.00620	0.00493	0.00169	0.00644	0.00423	0.00452	0.00804
21	0.00695	0.00506	0.00655	0.00775	0.00824	0.00466	0.00521	0.00799	0.01116	0.01469	0.03415	0.72172	0.10966	0.01758	0.00725	0.00228	0.00328	0.01584	0.00531	0.00466
22	0.01561	0.70506	0.02823	0.01034	0.01491	0.07573	0.00995	0.01772	0.02815	0.01374	0.00834	0.00963	0.00757	0.00519	0.00430	0.00130	0.03116	0.00324	0.00256	0.00729
23	0.01229	0.01040	0.01293	0.00925	0.01435	0.00797	0.04145	0.01493	0.01205	0.03750	0.01055	0.01222	0.00863	0.00434	0.00439	0.00092	0.00451	0.00361	0.00346	0.77428

[dist]
# distance from previous block
# <min> <max>
0	2

[block]
# block no. 7 follows, 41 sequences, length 99
# corresponding to MSA columns:
# 337-435
name=unknown_H
#
# <colnr> <probs for GDERKNQSTAVLIFYWHMCP>
#	G	D	E	R	K	N	Q	S	T	A	V	L	I	F	Y	W	H	M	C	P
0	0.02104	0.02677	0.01694	0.01513	0.01819	0.74422	0.04160	0.02265	0.01610	0.01418	0.00896	0.01053	0.00742	0.00585	0.00522	0.00149	0.01029	0.00381	0.00294	0.00668
1	0.05087	0.00793	0.00967	0.01070	0.06627	0.03122	0.00708	0.04197	0.01182	0.01663	0.02390	0.51124	0.02738	0.03382	0.00759	0.00214	0.03691	0.01197	0.00463	0.08625
2	0.01693	0.01253	0.01342	0.01157	0.01506	0.03298	0.00912	0.12841	0.49278	0.13858	0.02178	0.04855	0.01638	0.00786	0.00583	0.00189	0.00493	0.00647	0.00591	0.00903
3	0.00860	0.00712	0.00899	0.05066	0.01147	0.00749	0.00723	0.03119	0.01236	0.01588	0.03704	0.21719	0.31625	0.01423	0.00851	0.00220	0.10308	0.13046	0.00481	0.00527
4	0.00697	0.00498	0.00664	0.00796	0.00830	0.00465	0.00531	0.00796	0.01095	0.01460	0.03153	0.79525	0.03783	0.01792	0.00730	0.00232	0.00332	0.01626	0.00531	0.00465
5	0.01147	0.02959	0.76934	0.01630	0.02476	0.01328	0.02113	0.01811	0.01208	0.01811	0.01026	0.01208	0.00725	0.00543	0.00543	0.00181	0.00845	0.00423	0.00242	0.00845
6	0.01413	0.04686	0.02030	0.04889	0.48937	0.01414	0.01466	0.02124	0.23129	0.01989	0.01432	0.01610	0.01142	0.00589	0.00563	0.00176	0.00612	0.00541	0.00369	0.00891
7	0.00680	0.00580	0.00585	0.00584	0.00775	0.00485	0.00438	0.00829	0.01314	0.01569	0.08073	0.05465	0.73805	0.01440	0.00676	0.00193	0.00289	0.01202	0.00534	0.00485
8	0.01350	0.01543	0.03375	0.02411	0.02989	0.01446	0.74253	0.01832	0.01350	0.01832	0.01157	0.01543	0.00868	0.00482	0.00675	0.00193	0.00964	0.00675	0.00289	0.00771
9	0.02117	0.01607	0.01781	0.01365	0.01823	0.02916	0.04477	0.68139	0.04448	0.03458	0.01380	0.01395	0.00984	0.00678	0.00576	0.00173	0.00647	0.00523	0.00555	0.00957
10	0.02192	0.01574	0.01699	0.01303	0.01760	0.01733	0.01076	0.71259	0.02643	0.06834	0.01412	0.01399	0.00992	0.00688	0.00572	0.00172	0.00623	0.00518	0.00578	0.00973
11	0.00695	0.00505	0.00656	0.00777	0.00825	0.00466	0.00522	0.00799	0.01114	0.01468	0.03387	0.72954	0.10202	0.01762	0.00725	0.00229	0.00328	0.01589	0.00531	0.00466
12	0.00771	0.00529	0.00642	0.00701	0.00716	0.00514	0.00429	0.00816	0.00950	0.01266	0.02407	0.37663	0.02842	0.44938	0.01935	0.00410	0.00455	0.01187	0.00429	0.00399
13	0.00804	0.00584	0.00757	0.00714	0.00851	0.00537	0.00535	0.01068	0.01606	0.02262	0.73023	0.04325	0.08422	0.01181	0.00675	0.00180	0.00271	0.01042	0.00625	0.00537
