[name]
unknown

[dist]
# distance from previous block
# <min> <max>
0	210

[block]
# block no. 0 follows, 40 sequences, length 12
# corresponding to MSA columns:
# 214-225
name=unknown_A
#
# <colnr> <probs for GDERKNQSTAVLIFYWHMCP>
#	G	D	E	R	K	N	Q	S	T	A	V	L	I	F	Y	W	H	M	C	P
0	0.01147	0.01083	0.01832	0.67482	0.14307	0.01305	0.01639	0.01529	0.01186	0.01545	0.01042	0.01534	0.00796	0.00572	0.00581	0.00191	0.00763	0.00517	0.00263	0.00685
1	0.02248	0.01569	0.01708	0.01310	0.01774	0.01715	0.01082	0.67388	0.02635	0.10414	0.01480	0.01450	0.01031	0.00700	0.00582	0.00175	0.00626	0.00529	0.00595	0.00989
2	0.00712	0.00517	0.00664	0.00778	0.00828	0.00478	0.00521	0.00814	0.01124	0.01477	0.03427	0.67984	0.11366	0.05309	0.00837	0.00247	0.00343	0.01572	0.00531	0.00469
3	0.01077	0.00811	0.01326	0.38560	0.06498	0.00936	0.01116	0.01169	0.00986	0.01291	0.01026	0.01644	0.00891	0.01237	0.01356	0.38181	0.00647	0.00511	0.00257	0.00481
4	0.01075	0.00821	0.00975	0.00950	0.01153	0.00841	0.00765	0.09753	0.11878	0.02136	0.18229	0.09966	0.15099	0.01294	0.00700	0.00216	0.00430	0.22515	0.00571	0.00633
5	0.00777	0.00574	0.00734	0.00788	0.00898	0.00530	0.00587	0.00967	0.01355	0.01810	0.26827	0.31490	0.16510	0.01527	0.00724	0.00217	0.00341	0.12265	0.00571	0.00510
6	0.00880	0.00644	0.00903	0.00910	0.01023	0.00609	0.04868	0.04028	0.01255	0.03911	0.08389	0.56291	0.07904	0.04476	0.00802	0.00235	0.00394	0.01417	0.00533	0.00530
7	0.01242	0.01178	0.01742	0.10965	0.33871	0.05327	0.04001	0.01620	0.06298	0.01765	0.01921	0.14329	0.05685	0.00893	0.00630	0.00195	0.00626	0.06588	0.00380	0.00746
8	0.00709	0.00506	0.00675	0.00810	0.00843	0.00472	0.00540	0.00810	0.01113	0.01484	0.03205	0.79184	0.03846	0.01822	0.00742	0.00236	0.00337	0.01653	0.00540	0.00472
9	0.01192	0.01106	0.01826	0.64951	0.13444	0.01326	0.01615	0.04666	0.01252	0.01635	0.01057	0.01529	0.00804	0.00578	0.00581	0.00190	0.00758	0.00517	0.00276	0.00697
10	0.01223	0.01223	0.02278	0.41913	0.12205	0.01348	0.22516	0.01605	0.01220	0.01627	0.01071	0.01539	0.00831	0.00609	0.00714	0.02795	0.03740	0.00565	0.00272	0.00707
11	0.01273	0.01244	0.02023	0.33335	0.32082	0.04471	0.06505	0.01627	0.01261	0.01689	0.03203	0.01610	0.01014	0.00798	0.05249	0.00228	0.00801	0.00545	0.00288	0.00755

[dist]
# distance from previous block
# <min> <max>
9	93

# created by:
# /software/SequenceAnalysis/GenePrediction/augustus/3.0.1/scripts/msa2prfl.pl ./fixed/BUSCOvEOG76Q87J.fas
