[name]
unknown

[dist]
# distance from previous block
# <min> <max>
0	398

[block]
# block no. 0 follows, 39 sequences, length 6
# corresponding to MSA columns:
# 476-481
name=unknown_A
#
# <colnr> <probs for GDERKNQSTAVLIFYWHMCP>
#	G	D	E	R	K	N	Q	S	T	A	V	L	I	F	Y	W	H	M	C	P
0	0.00912	0.00673	0.00926	0.04821	0.01247	0.00667	0.00846	0.01184	0.01436	0.01908	0.22800	0.05736	0.08748	0.01457	0.00765	0.00240	0.00468	0.44054	0.00560	0.00551
1	0.04027	0.00876	0.01246	0.23497	0.11584	0.00926	0.01019	0.01319	0.03643	0.01815	0.15587	0.05742	0.24421	0.01011	0.00639	0.00194	0.00503	0.00874	0.00445	0.00631
2	0.10353	0.01022	0.01585	0.60956	0.03440	0.01248	0.01456	0.01506	0.01182	0.01667	0.01247	0.02050	0.01050	0.00698	0.00590	0.00204	0.00725	0.08074	0.00304	0.00643
3	0.00944	0.00740	0.01119	0.00961	0.01063	0.00732	0.12007	0.01039	0.00952	0.01282	0.01737	0.03398	0.01903	0.61378	0.07887	0.00541	0.00713	0.00818	0.00346	0.00440
4	0.01510	0.01542	0.03297	0.02361	0.02947	0.01438	0.66779	0.01984	0.01423	0.08635	0.01300	0.01633	0.00949	0.00520	0.00689	0.00198	0.00952	0.00689	0.00339	0.00817
5	0.02243	0.01569	0.12156	0.01230	0.01717	0.09604	0.01110	0.06654	0.09495	0.45017	0.01948	0.01784	0.01293	0.00700	0.00584	0.00182	0.00624	0.00552	0.00593	0.00944

[dist]
# distance from previous block
# <min> <max>
4	10

[block]
# block no. 1 follows, 39 sequences, length 26
# corresponding to MSA columns:
# 492-517
name=unknown_B
#
# <colnr> <probs for GDERKNQSTAVLIFYWHMCP>
#	G	D	E	R	K	N	Q	S	T	A	V	L	I	F	Y	W	H	M	C	P
0	0.01352	0.01472	0.03053	0.09575	0.13739	0.01423	0.53154	0.01802	0.01358	0.01848	0.01257	0.04807	0.01019	0.00568	0.00674	0.00197	0.00907	0.00698	0.00305	0.00792
1	0.00770	0.00632	0.00751	0.00786	0.00906	0.00613	0.00583	0.00908	0.01234	0.01560	0.04421	0.31632	0.39654	0.01593	0.00830	0.00223	0.06933	0.04940	0.00524	0.00507
2	0.09728	0.13564	0.42063	0.01736	0.06554	0.01529	0.13184	0.01844	0.01246	0.01890	0.01027	0.01243	0.00774	0.00540	0.00539	0.00179	0.00806	0.00454	0.00272	0.00825
3	0.01507	0.01254	0.02019	0.21613	0.41841	0.01318	0.01572	0.06925	0.01430	0.08799	0.01339	0.05371	0.01101	0.00641	0.00597	0.00185	0.00684	0.00590	0.00360	0.00856
4	0.00763	0.00590	0.00824	0.00871	0.00967	0.00542	0.04148	0.00909	0.01221	0.01611	0.09037	0.57620	0.14250	0.01682	0.00740	0.00229	0.00367	0.02578	0.00544	0.00506
5	0.01524	0.08540	0.06871	0.12757	0.24653	0.14801	0.10330	0.01945	0.05983	0.01744	0.01117	0.01406	0.00901	0.00588	0.00636	0.00179	0.04410	0.00507	0.00303	0.00804
6	0.00821	0.04632	0.01010	0.04143	0.01148	0.00667	0.04561	0.00967	0.01168	0.01550	0.05089	0.65210	0.03507	0.01639	0.00724	0.00229	0.00410	0.01492	0.00511	0.00521
7	0.01363	0.28073	0.36478	0.06377	0.02114	0.01595	0.01549	0.01805	0.01289	0.05741	0.07343	0.01481	0.01204	0.00609	0.00516	0.00167	0.00717	0.00465	0.00312	0.00802
8	0.00728	0.00525	0.00690	0.00808	0.00857	0.00487	0.00545	0.00846	0.01180	0.01576	0.08594	0.70395	0.06996	0.01791	0.00748	0.00235	0.00337	0.01619	0.00556	0.00487
9	0.01263	0.01398	0.07365	0.28630	0.07690	0.01335	0.32730	0.01708	0.01295	0.01789	0.01196	0.01612	0.00907	0.00554	0.00620	0.00191	0.00834	0.00597	0.07549	0.00740
10	0.08846	0.10628	0.55154	0.01435	0.02161	0.01400	0.01769	0.01808	0.01221	0.01923	0.01088	0.01272	0.00805	0.00566	0.00512	0.00176	0.00759	0.00423	0.07241	0.00813
11	0.00965	0.00806	0.01234	0.01706	0.24212	0.00782	0.00964	0.01158	0.01221	0.01660	0.02695	0.47431	0.05940	0.01411	0.00703	0.00220	0.00465	0.05329	0.00469	0.00627
12	0.07803	0.05179	0.03365	0.10476	0.01708	0.07799	0.00978	0.05805	0.14992	0.07694	0.16371	0.07244	0.02189	0.00872	0.00665	0.00191	0.04749	0.00701	0.00486	0.00734
13	0.01457	0.01043	0.05594	0.01326	0.11262	0.00900	0.00955	0.01788	0.03684	0.20063	0.29810	0.03740	0.02883	0.00881	0.00681	0.00179	0.04072	0.00749	0.00550	0.08382
14	0.08728	0.00979	0.01282	0.01037	0.01385	0.00935	0.05268	0.09748	0.01681	0.31246	0.19801	0.06230	0.07289	0.00917	0.00620	0.00188	0.00471	0.00779	0.00619	0.00797
15	0.01395	0.01240	0.08999	0.01344	0.08305	0.02278	0.01035	0.02140	0.27462	0.10655	0.02354	0.10767	0.06340	0.01052	0.00774	0.07212	0.00530	0.04836	0.00506	0.00777
16	0.01392	0.01325	0.02218	0.18908	0.57028	0.01389	0.01736	0.01818	0.04933	0.01871	0.01164	0.01524	0.00949	0.00554	0.00587	0.00181	0.00709	0.00534	0.00302	0.00879
17	0.01510	0.05796	0.07494	0.02013	0.07940	0.05743	0.35683	0.01897	0.01406	0.09222	0.08092	0.01777	0.01357	0.00642	0.00738	0.00192	0.06702	0.00639	0.00366	0.00792
18	0.07877	0.11249	0.18306	0.06090	0.01985	0.05972	0.01306	0.20955	0.16182	0.02434	0.01367	0.01436	0.01022	0.00645	0.00541	0.00178	0.00680	0.00487	0.00423	0.00865
19	0.01624	0.01273	0.01765	0.30647	0.14611	0.08253	0.02273	0.01925	0.01354	0.17939	0.01405	0.01820	0.01081	0.00699	0.00714	0.00195	0.07421	0.03836	0.00388	0.00778
20	0.07785	0.01412	0.06069	0.01715	0.17320	0.06223	0.03857	0.07624	0.12981	0.17519	0.06308	0.02024	0.04111	0.00726	0.00588	0.00185	0.00605	0.01591	0.00493	0.00865
21	0.06543	0.01639	0.13894	0.06971	0.02477	0.01439	0.30811	0.01994	0.08074	0.08189	0.01297	0.01554	0.00968	0.00635	0.00791	0.00203	0.10779	0.00588	0.00353	0.00801
22	0.01094	0.00991	0.01431	0.50094	0.02955	0.05159	0.01270	0.01412	0.01237	0.01620	0.06080	0.14050	0.01643	0.00839	0.00606	0.00196	0.00657	0.00737	0.07314	0.00615
23	0.01418	0.02009	0.20506	0.02062	0.02655	0.07870	0.40755	0.02027	0.08143	0.01887	0.01237	0.01513	0.00930	0.00571	0.00689	0.00195	0.03807	0.00599	0.00314	0.00814
24	0.01427	0.21800	0.44362	0.01547	0.02257	0.05449	0.07818	0.01924	0.01293	0.05401	0.01069	0.01232	0.00800	0.00553	0.00528	0.00171	0.00816	0.00434	0.00281	0.00836
25	0.00803	0.00601	0.00754	0.00834	0.00920	0.00583	0.00579	0.01076	0.08014	0.01710	0.12156	0.57795	0.08637	0.01653	0.00730	0.00227	0.00344	0.01484	0.00566	0.00533

[dist]
# distance from previous block
# <min> <max>
0	1

[block]
# block no. 2 follows, 39 sequences, length 8
# corresponding to MSA columns:
# 519-526
name=unknown_C
#
# <colnr> <probs for GDERKNQSTAVLIFYWHMCP>
#	G	D	E	R	K	N	Q	S	T	A	V	L	I	F	Y	W	H	M	C	P
0	0.00908	0.01031	0.13652	0.00940	0.01204	0.00709	0.00875	0.01256	0.01570	0.02225	0.55251	0.04106	0.04535	0.01142	0.00687	0.00195	0.00407	0.08124	0.00572	0.00610
1	0.01467	0.09631	0.33946	0.01689	0.09317	0.15268	0.03132	0.06013	0.01405	0.01812	0.01277	0.03861	0.03192	0.03052	0.00661	0.00189	0.02471	0.00513	0.00307	0.00797
2	0.00788	0.00559	0.00730	0.00805	0.00869	0.00530	0.00563	0.00936	0.01249	0.01695	0.20597	0.44305	0.04040	0.11853	0.01043	0.00274	0.00376	0.07749	0.00548	0.00489
3	0.01027	0.00911	0.00996	0.00976	0.01090	0.10724	0.00730	0.01196	0.01031	0.01346	0.01542	0.02411	0.01494	0.16178	0.54735	0.00784	0.01350	0.00637	0.00322	0.00521
4	0.33551	0.01308	0.08688	0.27193	0.02472	0.01297	0.08336	0.01653	0.01153	0.02052	0.01126	0.01669	0.00925	0.00637	0.00526	0.00196	0.00669	0.05544	0.00326	0.00677
5	0.01017	0.00815	0.04195	0.00861	0.01070	0.00722	0.00690	0.01475	0.11175	0.06181	0.49602	0.09374	0.08171	0.01164	0.00678	0.00192	0.00348	0.01018	0.00618	0.00637
6	0.01396	0.01595	0.03490	0.02493	0.03091	0.01496	0.73380	0.01894	0.01396	0.01894	0.01196	0.01595	0.00897	0.00499	0.00698	0.00199	0.00997	0.00698	0.00299	0.00798
7	0.01511	0.12054	0.16860	0.02106	0.09185	0.01513	0.36767	0.01964	0.01367	0.09140	0.01226	0.01474	0.00911	0.00537	0.00610	0.00184	0.00850	0.00573	0.00326	0.00840

[dist]
# distance from previous block
# <min> <max>
6	11

[block]
# block no. 3 follows, 39 sequences, length 30
# corresponding to MSA columns:
# 538-567
name=unknown_D
#
# <colnr> <probs for GDERKNQSTAVLIFYWHMCP>
#	G	D	E	R	K	N	Q	S	T	A	V	L	I	F	Y	W	H	M	C	P
0	0.01538	0.01318	0.01433	0.01197	0.01488	0.07813	0.03201	0.24836	0.04081	0.02338	0.02032	0.11471	0.09563	0.00948	0.00799	0.00189	0.12045	0.00732	0.04739	0.08239
1	0.01250	0.01258	0.01961	0.04788	0.01827	0.01621	0.12162	0.01443	0.01012	0.01506	0.01078	0.08427	0.01081	0.01010	0.01588	0.00246	0.56143	0.00651	0.00292	0.00655
2	0.01453	0.45437	0.24350	0.04927	0.01961	0.05193	0.01409	0.01793	0.01218	0.01543	0.00905	0.01092	0.00759	0.00562	0.00542	0.00157	0.05292	0.00376	0.00255	0.00778
3	0.01188	0.01060	0.01552	0.34681	0.04885	0.01257	0.03922	0.01796	0.17684	0.01748	0.01576	0.06437	0.01353	0.07295	0.00914	0.00234	0.07148	0.00660	0.03916	0.00693
4	0.01355	0.01314	0.01818	0.10693	0.17278	0.05455	0.01353	0.04959	0.01160	0.01636	0.01013	0.01529	0.00923	0.04298	0.06203	0.00282	0.37194	0.00536	0.00292	0.00708
5	0.02248	0.01411	0.01593	0.01248	0.01696	0.01502	0.01022	0.42625	0.13244	0.24326	0.01831	0.01709	0.01258	0.00730	0.00594	0.00183	0.00581	0.00571	0.00634	0.00995
6	0.01178	0.01148	0.05692	0.01617	0.07917	0.01021	0.22463	0.01538	0.03826	0.06123	0.08226	0.15918	0.13498	0.01032	0.00726	0.00207	0.03057	0.03670	0.00449	0.00696
7	0.01787	0.00877	0.01112	0.00954	0.01269	0.00826	0.00771	0.02208	0.10731	0.36405	0.13574	0.03139	0.07088	0.00952	0.00624	0.00192	0.00436	0.08114	0.08134	0.00808
8	0.02107	0.01464	0.14280	0.01337	0.06040	0.01136	0.01159	0.15216	0.01744	0.39617	0.03846	0.01913	0.01379	0.05141	0.00727	0.00204	0.00603	0.00580	0.00575	0.00931
9	0.06386	0.01178	0.08019	0.05776	0.01563	0.01044	0.00949	0.13651	0.03384	0.23227	0.04138	0.02089	0.01470	0.00739	0.00546	0.00177	0.00514	0.03620	0.20726	0.00804
10	0.02987	0.08815	0.26410	0.01818	0.11410	0.01341	0.14087	0.02015	0.02932	0.15750	0.01458	0.05859	0.01133	0.00651	0.00587	0.00185	0.00737	0.00586	0.00381	0.00858
11	0.01090	0.01009	0.01600	0.50785	0.03066	0.01264	0.01390	0.01402	0.01174	0.01574	0.07954	0.08217	0.01483	0.00832	0.00855	0.00211	0.14472	0.00670	0.00321	0.00631
12	0.03280	0.01103	0.01920	0.49282	0.09405	0.01265	0.11362	0.01516	0.01203	0.01617	0.01266	0.08603	0.01101	0.00724	0.00674	0.01799	0.02257	0.00649	0.00299	0.00675
13	0.01395	0.01527	0.06295	0.13993	0.02921	0.01433	0.44223	0.07750	0.01442	0.01977	0.01162	0.01520	0.00877	0.00542	0.00674	0.00188	0.02876	0.00608	0.00319	0.08279
14	0.01721	0.01347	0.09985	0.12221	0.23551	0.01159	0.02583	0.02134	0.05463	0.25828	0.01711	0.06879	0.01314	0.00710	0.00601	0.00188	0.00636	0.00627	0.00461	0.00882
15	0.01187	0.02382	0.50397	0.01677	0.02376	0.01262	0.15429	0.01761	0.01268	0.01883	0.01314	0.06606	0.01059	0.00648	0.00587	0.00189	0.00807	0.00580	0.07785	0.00804
16	0.01475	0.21388	0.43639	0.01493	0.02189	0.06708	0.03557	0.08438	0.01416	0.03031	0.01049	0.01200	0.00791	0.00566	0.00522	0.00170	0.00805	0.00422	0.00294	0.00846
17	0.01272	0.08708	0.41512	0.04859	0.05828	0.01404	0.10766	0.01761	0.01224	0.03760	0.01154	0.01554	0.00928	0.07756	0.00862	0.00222	0.04841	0.00515	0.00282	0.00794
18	0.00734	0.00524	0.00701	0.00838	0.00879	0.00492	0.00572	0.00846	0.01145	0.01524	0.03252	0.74747	0.03883	0.01840	0.00758	0.00242	0.00354	0.05635	0.00549	0.00484
19	0.04763	0.01852	0.22378	0.05973	0.06779	0.01470	0.24134	0.08297	0.01370	0.01986	0.01122	0.01452	0.00869	0.00812	0.04738	0.00238	0.10105	0.00553	0.00309	0.00799
20	0.08880	0.05794	0.12052	0.07338	0.07932	0.01320	0.01172	0.08072	0.18300	0.10016	0.08929	0.01913	0.01606	0.00711	0.00562	0.00183	0.00572	0.00579	0.03237	0.00832
21	0.01367	0.00773	0.00963	0.00882	0.01111	0.02015	0.00684	0.01642	0.04442	0.22642	0.25784	0.15706	0.12130	0.01216	0.00680	0.00202	0.00395	0.06056	0.00630	0.00680
22	0.01224	0.01160	0.01967	0.54881	0.26150	0.01342	0.01696	0.01605	0.01233	0.01641	0.01070	0.01542	0.00834	0.00571	0.00589	0.00190	0.00762	0.00526	0.00272	0.00743
23	0.08102	0.01261	0.01499	0.01384	0.08242	0.07435	0.05877	0.13799	0.03753	0.15079	0.03487	0.14624	0.01644	0.00843	0.00588	0.00180	0.00578	0.00719	0.02620	0.08284
24	0.01084	0.00901	0.01404	0.08400	0.01671	0.00915	0.12882	0.07319	0.06268	0.03140	0.03638	0.44555	0.02716	0.01313	0.00702	0.00220	0.00530	0.01216	0.00492	0.00635
25	0.00890	0.00673	0.00985	0.00967	0.01068	0.00800	0.00757	0.01100	0.00964	0.01425	0.01550	0.02247	0.01434	0.03987	0.67345	0.00856	0.06643	0.00621	0.05151	0.00537
26	0.01879	0.04653	0.01941	0.01761	0.14043	0.07958	0.10710	0.12403	0.08943	0.20383	0.01608	0.01700	0.01181	0.00959	0.06943	0.00244	0.00764	0.00569	0.00477	0.00882
27	0.01620	0.05542	0.02162	0.20484	0.28343	0.07764	0.06724	0.13197	0.01573	0.05239	0.01174	0.01457	0.00908	0.00584	0.00581	0.00179	0.00754	0.00520	0.00351	0.00844
28	0.01444	0.01190	0.01234	0.01139	0.01438	0.05488	0.00901	0.02583	0.47786	0.07170	0.02753	0.03118	0.08669	0.00975	0.00639	0.00207	0.00500	0.11356	0.00580	0.00828
29	0.01424	0.01057	0.01351	0.06329	0.07666	0.02369	0.04991	0.08485	0.17155	0.06067	0.03321	0.02008	0.01450	0.02103	0.01999	0.01534	0.02973	0.00595	0.26371	0.00749

[dist]
# distance from previous block
# <min> <max>
0	1

[block]
# block no. 4 follows, 39 sequences, length 104
# corresponding to MSA columns:
# 569-672
name=unknown_E
#
# <colnr> <probs for GDERKNQSTAVLIFYWHMCP>
#	G	D	E	R	K	N	Q	S	T	A	V	L	I	F	Y	W	H	M	C	P
0	0.01855	0.01805	0.16993	0.06005	0.03779	0.08402	0.12703	0.14743	0.03417	0.20132	0.01526	0.03431	0.01100	0.00662	0.00602	0.00185	0.00751	0.00571	0.00457	0.00880
1	0.01785	0.01355	0.04380	0.04080	0.07497	0.04465	0.18167	0.05075	0.11969	0.24062	0.04630	0.02016	0.04346	0.00697	0.00620	0.00186	0.00663	0.00644	0.00504	0.02862
2	0.02052	0.01204	0.01374	0.01171	0.03287	0.05792	0.00911	0.09294	0.19268	0.36077	0.11086	0.02227	0.01951	0.00793	0.00605	0.00185	0.00521	0.00650	0.00640	0.00913
3	0.06613	0.11260	0.06228	0.08557	0.05516	0.32545	0.02153	0.02181	0.01450	0.08709	0.01165	0.01330	0.00905	0.00603	0.00512	0.00161	0.00793	0.00435	0.08153	0.00732
4	0.04144	0.13879	0.30060	0.01695	0.06725	0.05068	0.14765	0.01848	0.04268	0.01890	0.08891	0.01633	0.01337	0.00619	0.00568	0.00178	0.00765	0.00541	0.00325	0.00799
5	0.01523	0.02462	0.52505	0.01663	0.04149	0.01276	0.07655	0.02089	0.01358	0.17702	0.01345	0.01445	0.00918	0.00592	0.00580	0.00187	0.00801	0.00494	0.00358	0.00898
6	0.01229	0.01142	0.01954	0.57928	0.15007	0.01343	0.05465	0.01609	0.01223	0.03401	0.01091	0.01562	0.00833	0.00594	0.00639	0.00195	0.03252	0.00536	0.00281	0.00716
7	0.01632	0.01211	0.01964	0.13355	0.38885	0.01219	0.03586	0.04271	0.01428	0.17709	0.01551	0.07859	0.01270	0.00692	0.00606	0.00186	0.00650	0.00640	0.00413	0.00873
8	0.01475	0.01473	0.02198	0.09214	0.43598	0.10357	0.09712	0.01797	0.01366	0.03591	0.01324	0.08705	0.01190	0.00668	0.00609	0.00184	0.00748	0.00639	0.00327	0.00826
9	0.01020	0.00733	0.00910	0.00936	0.01047	0.00664	0.00660	0.01154	0.01546	0.02153	0.40081	0.34885	0.04812	0.03134	0.00856	0.00257	0.00399	0.03453	0.00663	0.00636
10	0.02454	0.01370	0.01606	0.01293	0.01721	0.01344	0.01026	0.31398	0.02204	0.36574	0.03933	0.08315	0.01757	0.00963	0.00699	0.00225	0.00618	0.00734	0.00718	0.01051
11	0.02433	0.01556	0.12831	0.01472	0.02015	0.01181	0.09859	0.05547	0.01751	0.50863	0.02143	0.02097	0.01455	0.00815	0.00692	0.00224	0.00696	0.00646	0.00663	0.01060
12	0.01016	0.00752	0.00984	0.08219	0.01374	0.00719	0.00799	0.01106	0.01300	0.01745	0.03176	0.60404	0.03656	0.01807	0.00832	0.00277	0.00488	0.10139	0.00587	0.00621
13	0.01599	0.01714	0.03495	0.02550	0.03128	0.01609	0.68343	0.02009	0.01504	0.02067	0.01391	0.01869	0.01096	0.00664	0.00830	0.00240	0.03871	0.00753	0.00372	0.00898
14	0.01960	0.01308	0.01473	0.01297	0.01658	0.01363	0.01014	0.08638	0.40356	0.20401	0.02563	0.04343	0.02022	0.01012	0.00712	0.00240	0.00570	0.07366	0.00690	0.01014
15	0.01481	0.10027	0.53563	0.01981	0.08530	0.01585	0.09286	0.01993	0.01398	0.02025	0.01271	0.01570	0.00988	0.00691	0.00652	0.00221	0.00910	0.00530	0.00335	0.00964
16	0.01145	0.00788	0.00996	0.01044	0.01187	0.00725	0.00799	0.01300	0.01526	0.05254	0.22876	0.25238	0.06957	0.01640	0.00836	0.00270	0.00479	0.25627	0.00649	0.00664
17	0.01499	0.22346	0.55384	0.01636	0.02409	0.01722	0.01932	0.01980	0.01368	0.01942	0.01216	0.01470	0.00959	0.00691	0.00607	0.00211	0.00873	0.00477	0.00327	0.00948
18	0.05011	0.07008	0.01980	0.04768	0.13377	0.33648	0.01302	0.16132	0.06114	0.02270	0.01345	0.01574	0.01101	0.00760	0.00635	0.00205	0.00890	0.00521	0.00447	0.00912
19	0.01076	0.00841	0.01199	0.01355	0.08185	0.00778	0.05307	0.01175	0.01317	0.01791	0.03062	0.60241	0.03515	0.01731	0.00823	0.00271	0.00507	0.05587	0.00575	0.00663
20	0.02421	0.01278	0.01716	0.01373	0.01816	0.01191	0.07786	0.10374	0.08250	0.46827	0.03372	0.02520	0.01752	0.00914	0.00710	0.00230	0.00635	0.05077	0.00712	0.01044
21	0.01128	0.00901	0.01332	0.01259	0.01422	0.00837	0.11732	0.04312	0.01388	0.01877	0.03001	0.58599	0.03408	0.01689	0.00826	0.00270	0.00542	0.04228	0.00578	0.00670
22	0.01516	0.01474	0.02121	0.21120	0.08494	0.06263	0.10276	0.01719	0.01264	0.01749	0.01203	0.01757	0.01054	0.01114	0.05636	0.00299	0.31182	0.00609	0.00349	0.00798
23	0.00962	0.00690	0.00859	0.00965	0.01030	0.00624	0.00648	0.01020	0.01318	0.01793	0.10142	0.69489	0.04167	0.01891	0.00834	0.00272	0.00415	0.01652	0.00624	0.00604
24	0.01081	0.00778	0.00851	0.00850	0.00927	0.00740	0.00536	0.01163	0.05678	0.01558	0.02883	0.13552	0.13598	0.50408	0.02237	0.00478	0.00567	0.01065	0.00498	0.00551
25	0.01074	0.00783	0.01039	0.01030	0.01131	0.00831	0.00749	0.01175	0.01073	0.01532	0.01840	0.02914	0.01805	0.20425	0.58560	0.00883	0.01404	0.00746	0.00399	0.00607
26	0.01340	0.00899	0.01131	0.01178	0.01372	0.00861	0.00959	0.01630	0.07239	0.08953	0.04895	0.11539	0.07464	0.01591	0.00847	0.00286	0.00570	0.45886	0.00635	0.00726
27	0.01594	0.01783	0.06471	0.02552	0.03162	0.01592	0.68121	0.02025	0.01516	0.02083	0.01401	0.01866	0.01094	0.00647	0.00779	0.00237	0.01048	0.00749	0.00371	0.00906
28	0.06963	0.02519	0.07764	0.06306	0.02088	0.50591	0.01284	0.02379	0.01675	0.08742	0.01279	0.01503	0.01029	0.00763	0.00655	0.00205	0.02519	0.00486	0.00414	0.00835
29	0.01386	0.00859	0.01017	0.00963	0.01206	0.00753	0.00748	0.01534	0.01602	0.16569	0.16543	0.05084	0.32818	0.01435	0.00787	0.00247	0.00463	0.14585	0.00667	0.00734
30	0.01959	0.43828	0.05566	0.01509	0.07790	0.06380	0.01240	0.19956	0.01771	0.02250	0.01233	0.01434	0.01042	0.00712	0.00563	0.00188	0.00745	0.00471	0.00420	0.00943
31	0.01609	0.02069	0.21930	0.05354	0.06921	0.01586	0.38989	0.07792	0.01578	0.02207	0.01373	0.01765	0.01067	0.00691	0.00749	0.00233	0.02108	0.00660	0.00382	0.00939
32	0.06466	0.62005	0.13053	0.01233	0.01786	0.02222	0.01233	0.01919	0.01330	0.01737	0.01077	0.01298	0.00958	0.00661	0.00501	0.00179	0.00724	0.00408	0.00335	0.00875
33	0.01039	0.00754	0.00934	0.00967	0.01090	0.00689	0.00702	0.01202	0.02503	0.02141	0.35328	0.31428	0.06942	0.01615	0.00818	0.00255	0.00418	0.09869	0.00660	0.00646
34	0.01381	0.01246	0.02015	0.53632	0.03535	0.01422	0.10427	0.01686	0.01325	0.01810	0.01333	0.01893	0.01066	0.00766	0.00789	0.00236	0.07053	0.00616	0.06996	0.00775
35	0.03170	0.40854	0.02554	0.01319	0.01786	0.02170	0.01149	0.30151	0.01937	0.02537	0.01277	0.01461	0.01063	0.00762	0.00648	0.00196	0.05059	0.00487	0.00464	0.00955
36	0.01807	0.57207	0.07297	0.01386	0.01905	0.10117	0.07958	0.01987	0.01406	0.01679	0.01103	0.01346	0.00979	0.00665	0.00533	0.00181	0.00795	0.00441	0.00338	0.00869
37	0.00974	0.00767	0.00827	0.00812	0.01008	0.00657	0.00598	0.01099	0.01559	0.01999	0.23374	0.05553	0.52568	0.01541	0.00790	0.00238	0.00384	0.03981	0.00640	0.00632
38	0.01655	0.01330	0.01902	0.16718	0.23923	0.04309	0.06517	0.06281	0.01542	0.07771	0.01708	0.07611	0.01453	0.00835	0.00669	0.00219	0.00709	0.00695	0.13273	0.00880
39	0.01232	0.00833	0.01012	0.00946	0.01135	0.00761	0.00697	0.01501	0.05954	0.08403	0.54181	0.09541	0.08546	0.01328	0.00774	0.00230	0.00394	0.01109	0.00705	0.00722
40	0.01134	0.00823	0.01053	0.01161	0.01315	0.00779	0.00959	0.01316	0.01473	0.01930	0.03581	0.11155	0.11068	0.01740	0.00883	0.00299	0.00578	0.57491	0.00611	0.00650
41	0.01638	0.08861	0.02325	0.07505	0.47448	0.05892	0.02926	0.01931	0.04154	0.02008	0.01726	0.02061	0.07149	0.00766	0.00666	0.00214	0.00753	0.00633	0.00395	0.00951
42	0.01661	0.01776	0.02626	0.16659	0.02927	0.16626	0.35927	0.01968	0.01496	0.01872	0.01358	0.01839	0.01106	0.01053	0.07870	0.00298	0.01082	0.00657	0.00369	0.00829
43	0.01616	0.00973	0.01177	0.01034	0.01302	0.00905	0.00786	0.05009	0.08652	0.20310	0.42616	0.03739	0.06791	0.01167	0.00746	0.00226	0.00448	0.00950	0.00722	0.00832
44	0.01423	0.01038	0.01362	0.10500	0.08579	0.01026	0.00987	0.07458	0.04936	0.07602	0.42886	0.03484	0.03794	0.01101	0.00741	0.00225	0.00514	0.00909	0.00632	0.00803
45	0.01721	0.01651	0.02199	0.11529	0.39999	0.12123	0.04481	0.06374	0.01556	0.02061	0.01356	0.01793	0.01150	0.01067	0.07824	0.00288	0.00921	0.00591	0.00387	0.00930
46	0.01668	0.01541	0.02505	0.03683	0.73133	0.01510	0.01870	0.01950	0.01475	0.02121	0.01325	0.01753	0.01138	0.00671	0.00676	0.00215	0.00769	0.00594	0.00367	0.01038
47	0.02445	0.01257	0.01521	0.01232	0.01652	0.01190	0.00976	0.16493	0.07640	0.45773	0.09179	0.03689	0.02011	0.00934	0.00697	0.00224	0.00578	0.00716	0.00744	0.01049
48	0.13895	0.05582	0.48973	0.06428	0.02552	0.01516	0.07673	0.01961	0.01349	0.02142	0.01240	0.01539	0.00955	0.00698	0.00629	0.00225	0.00866	0.00512	0.00348	0.00918
49	0.01845	0.01154	0.01468	0.01488	0.10259	0.01123	0.01043	0.02388	0.19395	0.24214	0.14835	0.03321	0.02635	0.01069	0.00734	0.00238	0.00559	0.10627	0.00668	0.00939
50	0.01489	0.09251	0.55888	0.01854	0.02642	0.01568	0.12341	0.02018	0.01405	0.03332	0.01298	0.01584	0.00992	0.00694	0.00658	0.00223	0.00925	0.00538	0.00342	0.00959
51	0.01470	0.01345	0.02180	0.42887	0.31743	0.01449	0.04045	0.01775	0.01386	0.01889	0.01330	0.03084	0.01107	0.00726	0.00685	0.00228	0.00817	0.00618	0.00356	0.00878
52	0.01520	0.01206	0.01336	0.01262	0.01528	0.05811	0.03102	0.02183	0.26605	0.07206	0.07298	0.08129	0.08296	0.01273	0.00770	0.00256	0.00587	0.20173	0.00627	0.00834
53	0.01524	0.01517	0.02531	0.34794	0.10239	0.05242	0.25739	0.01850	0.01411	0.01874	0.01297	0.01816	0.01043	0.00724	0.00794	0.00236	0.05529	0.00643	0.00355	0.00842
54	0.02698	0.01210	0.02687	0.01216	0.01676	0.01049	0.00982	0.02985	0.07689	0.66474	0.02490	0.02287	0.01663	0.00872	0.00685	0.00224	0.00579	0.00663	0.00773	0.01097
55	0.01407	0.03091	0.71401	0.01831	0.02688	0.01483	0.04503	0.02006	0.01385	0.02064	0.01280	0.01557	0.00962	0.00703	0.00657	0.00227	0.00938	0.00516	0.00327	0.00975
56	0.01277	0.13612	0.14447	0.01094	0.01451	0.01107	0.01001	0.01499	0.01519	0.05164	0.23311	0.11441	0.18108	0.01214	0.00712	0.00224	0.00539	0.00970	0.00552	0.00757
57	0.01425	0.02750	0.56322	0.01935	0.02714	0.01471	0.16466	0.01971	0.01405	0.02054	0.01384	0.04500	0.01104	0.00741	0.00687	0.00231	0.00939	0.00606	0.00347	0.00947
58	0.01668	0.01541	0.02505	0.03683	0.73133	0.01510	0.01870	0.01950	0.01475	0.02121	0.01325	0.01753	0.01138	0.00671	0.00676	0.00215	0.00769	0.00594	0.00367	0.01038
59	0.01479	0.01350	0.02133	0.06590	0.41838	0.01355	0.07137	0.01701	0.01392	0.01950	0.01929	0.06782	0.08330	0.05763	0.00965	0.00255	0.06994	0.00762	0.00406	0.00886
60	0.01644	0.01580	0.02755	0.04997	0.54042	0.01530	0.19213	0.01962	0.01483	0.02102	0.01344	0.01787	0.01125	0.00666	0.00703	0.00221	0.00842	0.00636	0.00368	0.00998
61	0.01603	0.01725	0.03556	0.02584	0.03184	0.01597	0.70976	0.02026	0.01522	0.02084	0.01406	0.01880	0.01100	0.00644	0.00784	0.00238	0.01053	0.00760	0.00373	0.00903
62	0.01672	0.78419	0.03135	0.01076	0.01584	0.02373	0.01049	0.01832	0.01262	0.01485	0.00923	0.01088	0.00853	0.00572	0.00424	0.00145	0.00663	0.00350	0.00287	0.00807
63	0.00822	0.00600	0.00750	0.00864	0.00927	0.00544	0.00581	0.00903	0.01220	0.01612	0.03653	0.68908	0.12593	0.01855	0.00786	0.00252	0.00373	0.01641	0.00579	0.00535
64	0.01059	0.00857	0.01162	0.01098	0.01160	0.01023	0.00832	0.01170	0.00992	0.01437	0.01600	0.05813	0.01631	0.19370	0.37707	0.00670	0.20766	0.00726	0.00354	0.00572
65	0.00939	0.00679	0.00863	0.00813	0.00960	0.00619	0.00602	0.01188	0.01727	0.02450	0.74160	0.04503	0.05599	0.01264	0.00737	0.00204	0.00315	0.01092	0.00679	0.00610
66	0.01575	0.59745	0.20964	0.01241	0.01839	0.02137	0.01335	0.01857	0.01273	0.01603	0.00981	0.01161	0.00850	0.00585	0.00468	0.00160	0.00722	0.00380	0.00287	0.00835
67	0.01352	0.01376	0.02576	0.36983	0.03439	0.01488	0.32634	0.01734	0.01309	0.01760	0.01185	0.01687	0.00928	0.00657	0.00805	0.00221	0.08156	0.00630	0.00312	0.00767
68	0.00825	0.00590	0.00760	0.00891	0.00935	0.00542	0.00593	0.00900	0.01194	0.01602	0.03322	0.77759	0.03956	0.01898	0.00793	0.00257	0.00379	0.01694	0.00579	0.00533
69	0.01563	0.01334	0.01401	0.01265	0.01604	0.01517	0.00974	0.03183	0.73380	0.02551	0.02483	0.02326	0.01883	0.00863	0.00642	0.00218	0.00502	0.00697	0.00631	0.00982
70	0.01602	0.01477	0.04764	0.12844	0.23097	0.07474	0.01372	0.03594	0.21951	0.06149	0.01735	0.02057	0.01386	0.00755	0.00630	0.00205	0.00680	0.03589	0.03745	0.00893
71	0.01388	0.16222	0.09617	0.36120	0.10915	0.01597	0.09623	0.01785	0.03468	0.01732	0.01169	0.01564	0.00931	0.00626	0.00601	0.00198	0.00801	0.00532	0.00311	0.00801
72	0.01799	0.00890	0.01147	0.01006	0.01288	0.00807	0.00770	0.03503	0.04702	0.35987	0.18425	0.21583	0.03047	0.01176	0.00697	0.00216	0.00450	0.00997	0.00688	0.00821
73	0.01732	0.20071	0.15350	0.01623	0.03620	0.24775	0.09675	0.03456	0.01441	0.01706	0.01084	0.01356	0.00909	0.00825	0.03967	0.00219	0.06600	0.00473	0.00319	0.00800
74	0.06592	0.01634	0.08752	0.16479	0.08895	0.01511	0.35910	0.08581	0.01503	0.02128	0.01244	0.01626	0.00954	0.00612	0.00666	0.00210	0.00883	0.00619	0.00353	0.00846
75	0.00908	0.00684	0.00934	0.01155	0.07943	0.00639	0.00722	0.01023	0.01257	0.01708	0.08150	0.63596	0.03782	0.01723	0.00775	0.00248	0.00413	0.03196	0.00562	0.00583
76	0.01434	0.02179	0.40346	0.07469	0.02367	0.01320	0.06046	0.02110	0.12524	0.08936	0.01668	0.07924	0.01339	0.00782	0.00638	0.00212	0.00762	0.00642	0.00411	0.00889
77	0.01354	0.07795	0.54740	0.01868	0.02655	0.01511	0.17340	0.01931	0.01336	0.01932	0.01171	0.01437	0.00876	0.00610	0.00620	0.00204	0.00912	0.00517	0.00295	0.00897
78	0.01607	0.12441	0.05626	0.02189	0.02748	0.10833	0.51330	0.01994	0.01456	0.01857	0.01202	0.01561	0.00949	0.00581	0.00669	0.00201	0.00977	0.00627	0.00326	0.00829
79	0.01083	0.00746	0.00807	0.00755	0.00995	0.00642	0.00570	0.01270	0.03775	0.11164	0.09606	0.05105	0.58369	0.01412	0.00722	0.00214	0.00366	0.01156	0.00610	0.00633
80	0.07509	0.01137	0.01407	0.01114	0.01541	0.01060	0.00901	0.12672	0.01855	0.53232	0.09018	0.02212	0.01817	0.00824	0.00630	0.00200	0.00533	0.00643	0.00709	0.00986
81	0.00903	0.00854	0.07871	0.00999	0.01140	0.00654	0.00796	0.01063	0.01263	0.01716	0.07204	0.57588	0.03694	0.01714	0.00779	0.00253	0.00449	0.09923	0.00556	0.00582
82	0.00936	0.00672	0.00885	0.00898	0.00968	0.00709	0.00630	0.01034	0.01007	0.01409	0.01977	0.12609	0.02092	0.29055	0.41490	0.00741	0.01107	0.00870	0.00393	0.00517
83	0.01315	0.09285	0.69143	0.01685	0.02526	0.01500	0.02109	0.01925	0.01304	0.01920	0.01139	0.01359	0.00844	0.00622	0.00588	0.00200	0.00882	0.00459	0.00284	0.00911
84	0.02288	0.00972	0.01289	0.01050	0.01426	0.00845	0.00834	0.02485	0.01697	0.57392	0.13837	0.08725	0.02386	0.00959	0.00664	0.00206	0.00488	0.00786	0.00731	0.00939
85	0.01496	0.01636	0.03417	0.02642	0.09975	0.01533	0.65532	0.01947	0.01448	0.01984	0.01283	0.01712	0.00993	0.00567	0.00726	0.00215	0.00994	0.00710	0.00332	0.00859
86	0.03930	0.00951	0.01194	0.08258	0.01522	0.01054	0.00888	0.07495	0.12806	0.03581	0.04870	0.10812	0.01929	0.05663	0.28382	0.00506	0.02596	0.00777	0.02083	0.00701
87	0.04986	0.00947	0.01102	0.03034	0.01294	0.00966	0.00784	0.15170	0.01644	0.07452	0.11989	0.19281	0.12584	0.01369	0.03737	0.00248	0.02957	0.03735	0.06011	0.00709
88	0.02678	0.01153	0.01484	0.01154	0.01616	0.01042	0.00939	0.11486	0.01877	0.66126	0.02300	0.02064	0.01491	0.00792	0.00635	0.00200	0.00554	0.00617	0.00742	0.01051
89	0.01489	0.01654	0.03520	0.02534	0.03133	0.01542	0.72292	0.01954	0.01453	0.01980	0.01291	0.01724	0.00989	0.00564	0.00737	0.00217	0.01022	0.00726	0.00333	0.00845
90	0.02440	0.04065	0.01561	0.04306	0.04119	0.01119	0.00993	0.05573	0.09783	0.55759	0.02235	0.02059	0.01496	0.00780	0.00628	0.00201	0.00561	0.00615	0.00688	0.01018
91	0.01331	0.02698	0.56955	0.04393	0.05000	0.01442	0.12469	0.01970	0.04053	0.01975	0.01229	0.01486	0.00911	0.00626	0.00626	0.00207	0.00896	0.00521	0.00306	0.00907
92	0.01545	0.50410	0.23886	0.01387	0.02007	0.02030	0.07237	0.01871	0.01291	0.01662	0.01021	0.01225	0.00861	0.00587	0.00501	0.00168	0.00761	0.00415	0.00290	0.00843
93	0.01563	0.01334	0.01401	0.01265	0.01604	0.01517	0.00974	0.03183	0.73380	0.02551	0.02483	0.02326	0.01883	0.00863	0.00642	0.00218	0.00502	0.00697	0.00631	0.00982
94	0.09093	0.01369	0.02185	0.37128	0.18722	0.04355	0.14564	0.01765	0.01319	0.01866	0.01161	0.01608	0.00918	0.00622	0.00627	0.00207	0.00816	0.00563	0.00321	0.00791
95	0.01664	0.08305	0.01315	0.01000	0.01319	0.01010	0.00803	0.02054	0.11957	0.25983	0.12819	0.06307	0.16399	0.01091	0.00670	0.00209	0.00471	0.05181	0.00631	0.00813
96	0.01437	0.00807	0.01010	0.00957	0.01170	0.00743	0.00707	0.01702	0.07456	0.22499	0.12322	0.34613	0.09243	0.01389	0.00724	0.00228	0.00422	0.01195	0.00647	0.00728
97	0.01355	0.01232	0.01905	0.50704	0.16649	0.01430	0.01605	0.04141	0.08183	0.01839	0.01288	0.01729	0.01011	0.00684	0.00682	0.00213	0.03643	0.00570	0.00345	0.00795
98	0.01526	0.08084	0.16734	0.02774	0.42385	0.01481	0.08549	0.01899	0.01385	0.04697	0.01297	0.04018	0.01088	0.00645	0.00622	0.00196	0.00769	0.00579	0.00340	0.00931
99	0.02441	0.01201	0.04339	0.01158	0.01607	0.01048	0.00966	0.08516	0.07116	0.56320	0.06727	0.02218	0.01757	0.00820	0.00641	0.00202	0.00546	0.00647	0.00714	0.01013
100	0.00934	0.00696	0.00896	0.00886	0.00994	0.00674	0.00645	0.01123	0.01524	0.02144	0.48879	0.25678	0.04822	0.01438	0.00830	0.00224	0.05164	0.01233	0.00626	0.00593
101	0.02368	0.01633	0.01738	0.01366	0.01826	0.04929	0.01107	0.54027	0.05457	0.16477	0.01692	0.01673	0.01199	0.00776	0.00631	0.00196	0.00666	0.00573	0.00634	0.01034
102	0.01283	0.03095	0.75053	0.01740	0.02610	0.01421	0.02204	0.01933	0.01308	0.01959	0.01158	0.01383	0.00843	0.00627	0.00603	0.00205	0.00901	0.00469	0.00284	0.00921
103	0.02668	0.01061	0.01417	0.01106	0.01556	0.00915	0.00898	0.02869	0.01745	0.72462	0.04797	0.02214	0.01682	0.00810	0.00639	0.00201	0.00529	0.00640	0.00756	0.01036

[dist]
# distance from previous block
# <min> <max>
0	3

[block]
# block no. 5 follows, 39 sequences, length 39
# corresponding to MSA columns:
# 676-714
name=unknown_F
#
# <colnr> <probs for GDERKNQSTAVLIFYWHMCP>
#	G	D	E	R	K	N	Q	S	T	A	V	L	I	F	Y	W	H	M	C	P
0	0.01171	0.01253	0.17620	0.01004	0.01365	0.00872	0.06669	0.05301	0.01345	0.02136	0.01993	0.02196	0.07476	0.00715	0.00502	0.00161	0.00488	0.00595	0.46475	0.00662
1	0.01188	0.00986	0.01193	0.01162	0.01349	0.01134	0.00940	0.01990	0.31072	0.01970	0.02493	0.09806	0.02404	0.03681	0.00943	0.00248	0.10800	0.25411	0.00524	0.00707
2	0.01223	0.02839	0.66361	0.01944	0.12247	0.01378	0.02136	0.01865	0.01262	0.01881	0.01068	0.01277	0.00774	0.00557	0.00565	0.00186	0.00851	0.00449	0.00255	0.00882
3	0.00769	0.00621	0.00693	0.00723	0.00893	0.00557	0.00552	0.00987	0.03772	0.01680	0.08901	0.15467	0.49820	0.01525	0.00719	0.00214	0.00343	0.10688	0.00556	0.00521
4	0.01492	0.46582	0.24255	0.01353	0.01973	0.01917	0.08401	0.01858	0.01254	0.04614	0.00989	0.01142	0.00798	0.00531	0.00472	0.00154	0.00733	0.00400	0.00276	0.00806
5	0.02186	0.01247	0.01548	0.11355	0.01955	0.01300	0.01059	0.24883	0.10350	0.34957	0.01885	0.01791	0.01270	0.00714	0.00594	0.00185	0.00583	0.00575	0.00611	0.00952
6	0.00728	0.00582	0.00652	0.00673	0.00827	0.00506	0.00490	0.00891	0.01360	0.01717	0.17816	0.21140	0.47491	0.01522	0.00711	0.00206	0.00305	0.01309	0.00567	0.00506
7	0.15310	0.04688	0.01416	0.01166	0.01472	0.20441	0.03975	0.09958	0.02418	0.08488	0.04804	0.12562	0.06466	0.00888	0.00616	0.00185	0.03298	0.00694	0.00449	0.00705
8	0.00957	0.00734	0.01064	0.01290	0.10943	0.00715	0.00899	0.01221	0.01425	0.01939	0.24436	0.14236	0.03790	0.01387	0.00743	0.00230	0.00461	0.32395	0.00543	0.00593
9	0.01355	0.12817	0.52876	0.01485	0.02206	0.01394	0.01798	0.01896	0.01294	0.08701	0.01330	0.01757	0.01050	0.00664	0.00563	0.00186	0.00778	0.06686	0.00321	0.00842
10	0.01409	0.01357	0.02263	0.10261	0.58927	0.01451	0.01729	0.01734	0.01272	0.01824	0.01061	0.01451	0.00901	0.00601	0.00768	0.00189	0.11118	0.00526	0.00285	0.00872
11	0.01336	0.01271	0.02144	0.30877	0.47399	0.01373	0.01730	0.01736	0.03084	0.01790	0.01122	0.01524	0.00903	0.00557	0.00588	0.00184	0.00728	0.00530	0.00289	0.00834
12	0.01258	0.01276	0.02361	0.36491	0.09672	0.01425	0.24625	0.01648	0.01233	0.01674	0.01087	0.01551	0.00849	0.00611	0.00783	0.00202	0.10081	0.00581	0.01869	0.00723
13	0.00710	0.00558	0.00642	0.00709	0.00828	0.00490	0.00498	0.00836	0.01242	0.01554	0.04648	0.41643	0.40202	0.01672	0.00726	0.00220	0.00321	0.01461	0.00549	0.00490
14	0.00969	0.00701	0.00875	0.00925	0.01042	0.00699	0.00685	0.10559	0.01406	0.01868	0.05327	0.49528	0.05797	0.03797	0.00803	0.00244	0.00421	0.13241	0.00552	0.00561
15	0.01355	0.01498	0.02768	0.05326	0.02609	0.07815	0.51421	0.01737	0.01329	0.01724	0.01338	0.04994	0.01170	0.11018	0.00988	0.00247	0.00911	0.00725	0.00316	0.00711
16	0.01444	0.01653	0.03201	0.02334	0.02855	0.06866	0.61391	0.01883	0.01369	0.01818	0.01136	0.01529	0.00876	0.00557	0.00805	0.00202	0.08352	0.00658	0.00296	0.00775
17	0.01037	0.00519	0.00741	0.00741	0.00760	0.00519	0.00500	0.00851	0.00833	0.01184	0.01147	0.01852	0.01092	0.01873	0.02059	0.71820	0.00482	0.00519	0.11176	0.00296
18	0.04254	0.04083	0.01565	0.01306	0.05041	0.14332	0.01002	0.13639	0.10818	0.33605	0.03181	0.01739	0.01322	0.00703	0.00573	0.00177	0.00628	0.00547	0.00573	0.00913
19	0.05482	0.01510	0.01544	0.01265	0.01674	0.05703	0.01018	0.36111	0.27973	0.08745	0.01788	0.01706	0.01296	0.00732	0.00583	0.00185	0.00589	0.00568	0.00581	0.00948
20	0.01907	0.01477	0.01477	0.01208	0.01569	0.08096	0.00966	0.49142	0.02283	0.03053	0.01680	0.11759	0.01430	0.00850	0.00587	0.00179	0.00602	0.00674	0.10206	0.00854
21	0.00921	0.00674	0.00823	0.00875	0.00982	0.00662	0.00617	0.10482	0.01370	0.01812	0.03255	0.62124	0.09799	0.01670	0.00728	0.00228	0.00380	0.01491	0.00555	0.00552
22	0.02371	0.00784	0.00949	0.00861	0.01098	0.00738	0.00663	0.01531	0.11030	0.07739	0.32989	0.11230	0.08925	0.01116	0.00650	0.00186	0.00367	0.04638	0.00583	0.11553
23	0.61492	0.08033	0.01131	0.00869	0.01233	0.01405	0.00727	0.01904	0.10792	0.02477	0.01141	0.01391	0.00934	0.00629	0.00419	0.00185	0.00478	0.03679	0.00396	0.00686
24	0.01084	0.00790	0.01008	0.01049	0.01231	0.00801	0.00889	0.10768	0.01554	0.02034	0.07097	0.09541	0.09549	0.01487	0.00767	0.00247	0.00512	0.48435	0.00557	0.00599
25	0.01394	0.01248	0.02044	0.12456	0.51128	0.01295	0.01563	0.04601	0.03718	0.01850	0.01149	0.01545	0.00961	0.00754	0.00816	0.11148	0.00678	0.00530	0.00307	0.00814
26	0.01362	0.01411	0.01851	0.31370	0.02653	0.11539	0.05330	0.03123	0.01183	0.01534	0.00956	0.01415	0.00805	0.00842	0.02728	0.00230	0.30206	0.00515	0.00277	0.00669
27	0.01137	0.01085	0.01828	0.66669	0.03755	0.01350	0.04522	0.01507	0.01166	0.01519	0.01072	0.02908	0.00847	0.00649	0.00717	0.00203	0.07587	0.00552	0.00269	0.00659
28	0.01652	0.70851	0.02937	0.01070	0.01553	0.10806	0.01027	0.01838	0.01256	0.01398	0.00833	0.00962	0.00759	0.00518	0.00397	0.00129	0.00682	0.00324	0.00259	0.00751
29	0.01186	0.03059	0.76153	0.01686	0.02560	0.01373	0.02185	0.01873	0.01249	0.01873	0.01061	0.01249	0.00749	0.00562	0.00562	0.00187	0.00874	0.00437	0.00250	0.00874
30	0.02311	0.00972	0.01273	0.01011	0.01397	0.00883	0.00807	0.02636	0.07978	0.59550	0.02277	0.02276	0.01585	0.11158	0.00916	0.00236	0.00509	0.00636	0.00671	0.00914
31	0.01056	0.00930	0.01290	0.01165	0.01208	0.01198	0.00922	0.01202	0.00979	0.01448	0.07723	0.02271	0.01617	0.14379	0.23497	0.00500	0.37075	0.00653	0.00326	0.00559
32	0.08778	0.01411	0.01563	0.21649	0.06283	0.10124	0.01177	0.16847	0.11861	0.07870	0.01652	0.01771	0.05086	0.00700	0.00572	0.00185	0.00666	0.00557	0.00445	0.00803
33	0.02137	0.00995	0.01274	0.01033	0.01417	0.00938	0.00833	0.02655	0.15902	0.50012	0.13817	0.02429	0.02178	0.00821	0.00612	0.00187	0.00461	0.00684	0.00694	0.00922
34	0.00921	0.00651	0.00801	0.00824	0.01005	0.00595	0.00671	0.01141	0.01429	0.05852	0.16862	0.05618	0.33393	0.01454	0.00735	0.00222	0.00395	0.26303	0.00575	0.00553
35	0.01215	0.01250	0.02501	0.04314	0.02390	0.01196	0.45514	0.03598	0.02631	0.01836	0.01847	0.22309	0.01816	0.00919	0.00710	0.00213	0.00779	0.03870	0.00388	0.00707
36	0.01315	0.10093	0.56312	0.01701	0.02485	0.01460	0.11469	0.01909	0.01283	0.05006	0.01111	0.01299	0.00800	0.00555	0.00564	0.00183	0.00851	0.00467	0.00277	0.00859
37	0.02128	0.00989	0.04691	0.01023	0.01404	0.00803	0.00854	0.02357	0.01566	0.54697	0.06262	0.16496	0.02105	0.00959	0.00629	0.00194	0.00479	0.00816	0.00671	0.00878
38	0.00739	0.00533	0.00694	0.00796	0.00851	0.00494	0.00539	0.00864	0.01204	0.01613	0.12619	0.62952	0.07804	0.04302	0.00819	0.00242	0.00340	0.01553	0.00556	0.00487

[dist]
# distance from previous block
# <min> <max>
1	3

[block]
# block no. 6 follows, 39 sequences, length 73
# corresponding to MSA columns:
# 718-790
name=unknown_G
#
# <colnr> <probs for GDERKNQSTAVLIFYWHMCP>
#	G	D	E	R	K	N	Q	S	T	A	V	L	I	F	Y	W	H	M	C	P
0	0.06545	0.00845	0.00935	0.01776	0.01093	0.00883	0.00654	0.11580	0.05829	0.09476	0.11627	0.02295	0.01935	0.00976	0.04867	0.00208	0.00454	0.00619	0.36718	0.00687
1	0.02434	0.01834	0.15306	0.12676	0.09613	0.06901	0.38813	0.01863	0.01352	0.01819	0.01121	0.01476	0.00848	0.00533	0.00634	0.00191	0.00919	0.00587	0.00286	0.00794
2	0.01336	0.11226	0.02210	0.04408	0.01879	0.01755	0.12763	0.01549	0.01049	0.01525	0.00874	0.01305	0.00799	0.00834	0.01415	0.00221	0.48996	0.00512	0.00270	0.05074
3	0.01382	0.06227	0.12849	0.02352	0.06045	0.01524	0.56936	0.01881	0.01364	0.01864	0.01154	0.01508	0.00872	0.00508	0.00657	0.00193	0.00948	0.00635	0.00290	0.00811
4	0.01311	0.00751	0.00966	0.00884	0.01102	0.00701	0.00688	0.05998	0.01611	0.18577	0.31879	0.16185	0.08460	0.01232	0.00688	0.00202	0.00387	0.07075	0.00633	0.00668
5	0.01206	0.01062	0.01691	0.08236	0.39631	0.01063	0.01309	0.01513	0.02450	0.03427	0.08030	0.12358	0.10170	0.00929	0.00641	0.00194	0.00568	0.04354	0.00407	0.00759
6	0.01997	0.01368	0.01523	0.01225	0.01612	0.01471	0.00986	0.52078	0.02348	0.10935	0.01871	0.16389	0.01614	0.00932	0.00623	0.00190	0.00576	0.00760	0.00598	0.00905
7	0.00778	0.00602	0.00720	0.00789	0.00917	0.00555	0.00587	0.00985	0.03745	0.01649	0.06916	0.33931	0.31364	0.01622	0.00736	0.00226	0.00360	0.12446	0.00554	0.00516
8	0.01517	0.67117	0.14991	0.01122	0.01687	0.02183	0.01203	0.01787	0.01209	0.01470	0.00861	0.00997	0.00757	0.00515	0.00409	0.00136	0.00672	0.00336	0.00252	0.00778
9	0.28920	0.01228	0.01343	0.12588	0.06138	0.02759	0.00992	0.14088	0.09895	0.08846	0.02566	0.01663	0.04237	0.00679	0.00520	0.00185	0.00559	0.00517	0.01497	0.00780
10	0.01268	0.07546	0.67606	0.01637	0.02457	0.05737	0.02056	0.01895	0.01270	0.01820	0.01039	0.01221	0.00750	0.00561	0.00549	0.00182	0.00871	0.00427	0.00253	0.00856
11	0.00702	0.00588	0.00611	0.00629	0.00807	0.00497	0.00463	0.00845	0.01319	0.01586	0.05627	0.15446	0.65768	0.01545	0.00706	0.00205	0.00305	0.01306	0.00549	0.00497
12	0.01240	0.12260	0.63029	0.01596	0.02375	0.01516	0.01992	0.01835	0.01223	0.01789	0.01016	0.01215	0.00752	0.00582	0.00618	0.00184	0.05253	0.00427	0.00251	0.00847
13	0.34208	0.01065	0.01156	0.00939	0.01341	0.01073	0.00771	0.05585	0.01472	0.39116	0.06376	0.01727	0.01384	0.00690	0.00511	0.00183	0.00478	0.00515	0.00577	0.00834
14	0.00868	0.00624	0.00904	0.00904	0.01009	0.00717	0.00697	0.01077	0.00972	0.01437	0.01625	0.02370	0.01506	0.06863	0.67449	0.00865	0.01432	0.00635	0.07522	0.00524
15	0.01422	0.01363	0.02325	0.12516	0.66966	0.01394	0.01794	0.01779	0.01327	0.01882	0.01105	0.01477	0.00919	0.00535	0.00586	0.00178	0.00713	0.00527	0.00289	0.00903
16	0.01412	0.01353	0.02307	0.14633	0.64927	0.01392	0.01789	0.01770	0.01322	0.01870	0.01103	0.01480	0.00915	0.00536	0.00586	0.00179	0.00715	0.00527	0.00288	0.00895
17	0.02185	0.01625	0.01739	0.01348	0.01810	0.01804	0.01109	0.67808	0.08631	0.03625	0.01500	0.01484	0.01071	0.00717	0.00592	0.00179	0.00636	0.00544	0.00592	0.01000
18	0.00699	0.00599	0.00599	0.00599	0.00799	0.00499	0.00449	0.00849	0.01348	0.01598	0.05991	0.05691	0.75288	0.01498	0.00699	0.00200	0.00300	0.01248	0.00549	0.00499
19	0.01295	0.01114	0.01179	0.07953	0.01570	0.11457	0.00962	0.01792	0.13863	0.05849	0.11717	0.05326	0.04759	0.01154	0.00689	0.00218	0.00580	0.27338	0.00519	0.00665
20	0.01441	0.01400	0.06204	0.07698	0.50541	0.01306	0.07848	0.01812	0.01382	0.06288	0.07139	0.01740	0.01318	0.00597	0.00604	0.00181	0.00697	0.00584	0.00344	0.00877
