[name]
unknown

[dist]
# distance from previous block
# <min> <max>
0	11

[block]
# block no. 0 follows, 39 sequences, length 37
# corresponding to MSA columns:
# 11-47
name=unknown_A
#
# <colnr> <probs for GDERKNQSTAVLIFYWHMCP>
#	G	D	E	R	K	N	Q	S	T	A	V	L	I	F	Y	W	H	M	C	P
0	0.00953	0.00681	0.00953	0.01089	0.01225	0.00681	0.00953	0.01225	0.01361	0.01770	0.03131	0.06671	0.03403	0.01634	0.00817	0.00272	0.00545	0.71547	0.00545	0.00545
1	0.00859	0.00576	0.00660	0.00660	0.00665	0.00581	0.00377	0.00870	0.00864	0.01158	0.01850	0.03795	0.02117	0.75581	0.06601	0.00592	0.00622	0.00849	0.00356	0.00367
2	0.00721	0.00515	0.00686	0.00823	0.00858	0.00480	0.00549	0.00823	0.01132	0.01510	0.03259	0.78831	0.03911	0.01853	0.00755	0.00240	0.00343	0.01681	0.00549	0.00480
3	0.00837	0.00604	0.00790	0.00744	0.00883	0.00558	0.00558	0.01116	0.01674	0.02371	0.75216	0.04417	0.05580	0.01209	0.00697	0.00186	0.00279	0.01069	0.00651	0.00558
4	0.83394	0.01144	0.00869	0.00778	0.01144	0.01327	0.00640	0.01738	0.01006	0.02653	0.00823	0.00961	0.00640	0.00549	0.00366	0.00183	0.00457	0.00320	0.00366	0.00640
5	0.00721	0.00515	0.00686	0.00823	0.00858	0.00480	0.00549	0.00823	0.01132	0.01510	0.03259	0.78831	0.03911	0.01853	0.00755	0.00240	0.00343	0.01681	0.00549	0.00480
6	0.01540	0.01305	0.01376	0.01217	0.01564	0.01503	0.00953	0.09407	0.68083	0.02585	0.02319	0.02136	0.01734	0.00794	0.00601	0.00199	0.00484	0.00656	0.00601	0.00942
7	0.83394	0.01144	0.00869	0.00778	0.01144	0.01327	0.00640	0.01738	0.01006	0.02653	0.00823	0.00961	0.00640	0.00549	0.00366	0.00183	0.00457	0.00320	0.00366	0.00640
8	0.83394	0.01144	0.00869	0.00778	0.01144	0.01327	0.00640	0.01738	0.01006	0.02653	0.00823	0.00961	0.00640	0.00549	0.00366	0.00183	0.00457	0.00320	0.00366	0.00640
9	0.00699	0.00599	0.00599	0.00599	0.00799	0.00499	0.00449	0.00849	0.01348	0.01598	0.05991	0.05691	0.75288	0.01498	0.00699	0.00200	0.00300	0.01248	0.00549	0.00499
10	0.02632	0.01040	0.01393	0.01068	0.01526	0.00919	0.00882	0.06542	0.01749	0.72198	0.02286	0.01982	0.01440	0.00731	0.00595	0.00183	0.00511	0.00591	0.00725	0.01006
11	0.02248	0.01656	0.01775	0.01361	0.01834	0.01834	0.01124	0.73556	0.02780	0.03727	0.01420	0.01420	0.01006	0.00710	0.00592	0.00177	0.00651	0.00532	0.00592	0.01006
12	0.83394	0.01144	0.00869	0.00778	0.01144	0.01327	0.00640	0.01738	0.01006	0.02653	0.00823	0.00961	0.00640	0.00549	0.00366	0.00183	0.00457	0.00320	0.00366	0.00640
13	0.01464	0.01405	0.02400	0.03630	0.75528	0.01405	0.01815	0.01815	0.01347	0.01932	0.01112	0.01464	0.00937	0.00527	0.00585	0.00176	0.00703	0.00527	0.00293	0.00937
14	0.02248	0.01656	0.01775	0.01361	0.01834	0.01834	0.01124	0.73556	0.02780	0.03727	0.01420	0.01420	0.01006	0.00710	0.00592	0.00177	0.00651	0.00532	0.00592	0.01006
15	0.02071	0.01506	0.01629	0.01296	0.01731	0.01667	0.01055	0.49644	0.21774	0.08681	0.01749	0.01673	0.01252	0.00736	0.00595	0.00184	0.00591	0.00573	0.00605	0.00987
16	0.00837	0.00604	0.00790	0.00744	0.00883	0.00558	0.00558	0.01116	0.01674	0.02371	0.75216	0.04417	0.05580	0.01209	0.00697	0.00186	0.00279	0.01069	0.00651	0.00558
17	0.01174	0.00884	0.00957	0.00851	0.01112	0.00873	0.00661	0.16932	0.06625	0.04883	0.10956	0.09075	0.40229	0.01248	0.00669	0.00196	0.00396	0.01041	0.00578	0.00662
18	0.01741	0.01515	0.02807	0.02040	0.02579	0.01479	0.47007	0.16023	0.01697	0.12901	0.01393	0.01613	0.00997	0.00587	0.00694	0.00194	0.02805	0.00646	0.00418	0.00865
19	0.00867	0.00661	0.00917	0.00865	0.01031	0.00614	0.03827	0.01140	0.01572	0.02161	0.51841	0.04824	0.12642	0.01283	0.00718	0.00203	0.00359	0.13309	0.00606	0.00560
20	0.00816	0.00555	0.00658	0.00701	0.00711	0.00544	0.00418	0.00849	0.00945	0.01260	0.02299	0.27246	0.02699	0.55091	0.02307	0.00469	0.00502	0.01116	0.00418	0.00396
21	0.01317	0.01428	0.02941	0.24528	0.06573	0.01438	0.49278	0.01779	0.01331	0.01784	0.01150	0.01584	0.00867	0.00527	0.00662	0.00198	0.00923	0.00640	0.00288	0.00763
22	0.01334	0.06106	0.28125	0.02142	0.02830	0.01498	0.45497	0.01881	0.01336	0.01861	0.01131	0.01444	0.00840	0.00520	0.00635	0.00192	0.00937	0.00590	0.00280	0.00822
23	0.00721	0.00515	0.00686	0.00823	0.00858	0.00480	0.00549	0.00823	0.01132	0.01510	0.03259	0.78831	0.03911	0.01853	0.00755	0.00240	0.00343	0.01681	0.00549	0.00480
24	0.83394	0.01144	0.00869	0.00778	0.01144	0.01327	0.00640	0.01738	0.01006	0.02653	0.00823	0.00961	0.00640	0.00549	0.00366	0.00183	0.00457	0.00320	0.00366	0.00640
25	0.01102	0.00551	0.00551	0.00551	0.00689	0.00551	0.00413	0.01378	0.01240	0.02205	0.01929	0.02205	0.01516	0.00689	0.00413	0.00138	0.00276	0.00551	0.82500	0.00551
26	0.02343	0.01016	0.01341	0.01014	0.01486	0.00852	0.00833	0.02579	0.01591	0.59822	0.02054	0.01842	0.01336	0.00668	0.00561	0.00162	0.00489	0.00542	0.00649	0.18823
27	0.00818	0.00604	0.00764	0.00724	0.00872	0.00550	0.00543	0.01079	0.01629	0.02264	0.65588	0.04595	0.15275	0.01249	0.00698	0.00188	0.00282	0.01094	0.00637	0.00550
28	0.00709	0.00599	0.00613	0.00609	0.00805	0.00503	0.00457	0.00868	0.01371	0.01653	0.10926	0.05601	0.70318	0.01477	0.00699	0.00199	0.00298	0.01235	0.00556	0.00503
29	0.01581	0.79572	0.03099	0.01012	0.01518	0.02340	0.01012	0.01771	0.01202	0.01391	0.00822	0.00949	0.00759	0.00506	0.00379	0.00126	0.00632	0.00316	0.00253	0.00759
30	0.01609	0.00776	0.01034	0.00872	0.01148	0.00689	0.00688	0.01863	0.01673	0.33766	0.42135	0.03427	0.05793	0.01013	0.00654	0.00185	0.00375	0.00872	0.00683	0.00748
31	0.01581	0.79572	0.03099	0.01012	0.01518	0.02340	0.01012	0.01771	0.01202	0.01391	0.00822	0.00949	0.00759	0.00506	0.00379	0.00126	0.00632	0.00316	0.00253	0.00759
32	0.00852	0.04656	0.00886	0.00763	0.00909	0.00636	0.00575	0.01096	0.01557	0.02162	0.57932	0.15076	0.08140	0.01279	0.00689	0.00191	0.00307	0.01127	0.00611	0.00555
33	0.00769	0.00613	0.00696	0.00707	0.00884	0.00540	0.00552	0.00966	0.01421	0.01793	0.20618	0.05567	0.48901	0.01456	0.00717	0.00208	0.00333	0.12170	0.00571	0.00519
34	0.02653	0.01006	0.01372	0.01052	0.01510	0.00869	0.00869	0.02882	0.01693	0.75937	0.02333	0.02013	0.01464	0.00732	0.00595	0.00183	0.00503	0.00595	0.00732	0.01006
35	0.01136	0.01083	0.01838	0.71140	0.03908	0.01346	0.04225	0.01520	0.01176	0.01520	0.01042	0.01563	0.00792	0.00611	0.00665	0.00200	0.04777	0.00531	0.00264	0.00662
36	0.01319	0.01406	0.04968	0.08769	0.14341	0.01632	0.13254	0.01590	0.01096	0.01609	0.00936	0.01395	0.00823	0.00806	0.01342	0.00227	0.42941	0.00546	0.00271	0.00729

[dist]
# distance from previous block
# <min> <max>
0	2

[block]
# block no. 1 follows, 39 sequences, length 67
# corresponding to MSA columns:
# 50-116
name=unknown_B
#
# <colnr> <probs for GDERKNQSTAVLIFYWHMCP>
#	G	D	E	R	K	N	Q	S	T	A	V	L	I	F	Y	W	H	M	C	P
0	0.00935	0.00679	0.00856	0.00808	0.00957	0.00617	0.00598	0.01178	0.01715	0.02420	0.71443	0.04553	0.08327	0.01276	0.00737	0.00204	0.00317	0.01099	0.00675	0.00608
1	0.00935	0.00679	0.00857	0.00808	0.00958	0.00617	0.00599	0.01179	0.01716	0.02424	0.71782	0.04547	0.07986	0.01274	0.00737	0.00204	0.00316	0.01098	0.00676	0.00608
2	0.01425	0.01896	0.18294	0.09326	0.06893	0.01495	0.47293	0.01911	0.01401	0.01943	0.01246	0.01645	0.00951	0.00588	0.00694	0.00213	0.00963	0.00647	0.00319	0.00856
3	0.01280	0.01094	0.01368	0.04463	0.01615	0.00873	0.03997	0.01514	0.01284	0.01955	0.01358	0.08504	0.01244	0.00644	0.00529	0.00131	0.00504	0.00529	0.00395	0.66721
4	0.56882	0.01266	0.01277	0.07689	0.01643	0.01451	0.04111	0.05603	0.05097	0.02553	0.01073	0.01297	0.00852	0.00673	0.00583	0.00209	0.06170	0.00433	0.00404	0.00735
5	0.01277	0.00936	0.01146	0.01073	0.01264	0.01031	0.00813	0.04993	0.19737	0.05820	0.02003	0.05708	0.01780	0.10716	0.34803	0.00590	0.02753	0.00728	0.02115	0.00714
6	0.01451	0.01130	0.01408	0.08518	0.04855	0.00930	0.00896	0.01696	0.01329	0.08604	0.01266	0.01476	0.01015	0.00550	0.00517	0.00130	0.00523	0.00430	0.00407	0.62869
7	0.02728	0.01075	0.01436	0.01117	0.01577	0.00925	0.00909	0.02927	0.01746	0.74864	0.02411	0.02136	0.01547	0.00795	0.00636	0.00201	0.00536	0.00624	0.00759	0.01051
8	0.01159	0.01018	0.01426	0.01300	0.01364	0.01302	0.01042	0.01302	0.00994	0.01491	0.01294	0.01958	0.01232	0.02841	0.40481	0.00631	0.37600	0.00608	0.00323	0.00636
9	0.01494	0.01367	0.05836	0.43040	0.07114	0.01432	0.07017	0.14318	0.01557	0.04485	0.01298	0.01711	0.00993	0.00870	0.04619	0.00249	0.00841	0.00574	0.00377	0.00810
10	0.01295	0.01177	0.01958	0.55656	0.03556	0.01344	0.11128	0.05426	0.01357	0.01803	0.01326	0.05183	0.01081	0.00711	0.00646	0.00213	0.00795	0.00633	0.03982	0.00732
11	0.00804	0.00674	0.00675	0.00671	0.00877	0.00561	0.00496	0.00925	0.01406	0.01689	0.06011	0.05757	0.74215	0.01548	0.00738	0.00217	0.00336	0.01268	0.00579	0.00552
12	0.00940	0.00679	0.00863	0.00813	0.00960	0.00619	0.00603	0.01188	0.01727	0.02451	0.74152	0.04503	0.05599	0.01264	0.00737	0.00204	0.00316	0.01092	0.00679	0.00610
13	0.01296	0.02180	0.38219	0.11802	0.02626	0.01451	0.12132	0.01762	0.01248	0.01812	0.01172	0.01561	0.00927	0.00973	0.06350	0.00274	0.12547	0.00545	0.00299	0.00822
14	0.01918	0.01121	0.01486	0.01243	0.01498	0.01222	0.01005	0.05840	0.02774	0.32783	0.09466	0.02176	0.01757	0.01288	0.08314	0.00297	0.23748	0.00653	0.00560	0.00850
15	0.00963	0.00648	0.00720	0.00716	0.00726	0.00634	0.00406	0.00936	0.00926	0.01245	0.01948	0.03964	0.02223	0.78050	0.03013	0.00585	0.00605	0.00886	0.00391	0.00413
16	0.82204	0.01210	0.00941	0.00846	0.01217	0.01376	0.00684	0.01801	0.01070	0.02728	0.00925	0.01101	0.00737	0.00615	0.00411	0.00201	0.00491	0.00354	0.00399	0.00691
17	0.01489	0.08460	0.01658	0.04763	0.05625	0.01470	0.01042	0.02398	0.36897	0.02165	0.01766	0.01848	0.01400	0.00755	0.00708	0.00191	0.07670	0.00568	0.00481	0.18643
18	0.08815	0.02920	0.68148	0.01657	0.02481	0.01417	0.02063	0.01921	0.01286	0.02031	0.01137	0.01358	0.00834	0.00626	0.00585	0.00205	0.00863	0.00458	0.00295	0.00900
19	0.00909	0.00678	0.00820	0.00781	0.00942	0.00606	0.00578	0.01129	0.01654	0.02277	0.58672	0.04788	0.21187	0.01329	0.00737	0.00207	0.00320	0.01132	0.00657	0.00597
20	0.00824	0.00595	0.00756	0.00880	0.00932	0.00544	0.00588	0.00902	0.01205	0.01607	0.03466	0.73920	0.07696	0.01879	0.00790	0.00255	0.00377	0.01671	0.00579	0.00534
21	0.00894	0.00642	0.00809	0.00915	0.00979	0.00603	0.00619	0.04152	0.01268	0.01701	0.03240	0.74290	0.03827	0.01847	0.00786	0.00254	0.00393	0.01643	0.00581	0.00557
22	0.01264	0.02797	0.64868	0.01740	0.05695	0.01348	0.02039	0.01861	0.01352	0.02008	0.07955	0.01684	0.01295	0.00685	0.00617	0.00204	0.00839	0.00531	0.00323	0.00895
23	0.02298	0.02651	0.01752	0.01551	0.01891	0.62316	0.01175	0.15126	0.01926	0.01948	0.01104	0.01268	0.00900	0.00692	0.00586	0.00175	0.01017	0.00441	0.00390	0.00793
24	0.82204	0.01210	0.00941	0.00846	0.01217	0.01376	0.00684	0.01801	0.01070	0.02728	0.00925	0.01101	0.00737	0.00615	0.00411	0.00201	0.00491	0.00354	0.00399	0.00691
25	0.01528	0.40510	0.33312	0.01435	0.02091	0.05005	0.04410	0.01904	0.01309	0.01707	0.01041	0.01243	0.00855	0.00599	0.00518	0.00174	0.00796	0.00418	0.00290	0.00854
26	0.00807	0.00662	0.00687	0.00703	0.00886	0.00558	0.00510	0.00922	0.01375	0.01676	0.05618	0.16290	0.63937	0.01600	0.00746	0.00223	0.00342	0.01330	0.00579	0.00549
27	0.01939	0.34092	0.02258	0.01315	0.01697	0.45288	0.01092	0.02106	0.01470	0.01424	0.00874	0.01022	0.00761	0.00574	0.00493	0.00143	0.02096	0.00357	0.00283	0.00715
28	0.01117	0.01051	0.01774	0.77795	0.04073	0.01314	0.01642	0.01511	0.01182	0.01511	0.01051	0.01577	0.00788	0.00591	0.00591	0.00197	0.00788	0.00526	0.00263	0.00657
29	0.01357	0.01886	0.23498	0.02808	0.40561	0.01389	0.13970	0.01826	0.01336	0.01921	0.03100	0.01504	0.01001	0.00550	0.00601	0.00183	0.00790	0.00545	0.00291	0.00885
30	0.01372	0.00955	0.01457	0.01811	0.27199	0.00909	0.01053	0.01668	0.01562	0.14976	0.36558	0.02963	0.03236	0.00887	0.00640	0.00182	0.00467	0.00797	0.00539	0.00769
31	0.00721	0.00515	0.00686	0.00823	0.00858	0.00480	0.00549	0.00823	0.01132	0.01510	0.03259	0.78831	0.03911	0.01853	0.00755	0.00240	0.00343	0.01681	0.00549	0.00480
32	0.83394	0.01144	0.00869	0.00778	0.01144	0.01327	0.00640	0.01738	0.01006	0.02653	0.00823	0.00961	0.00640	0.00549	0.00366	0.00183	0.00457	0.00320	0.00366	0.00640
33	0.01791	0.40673	0.02660	0.01332	0.01818	0.01893	0.12699	0.12460	0.01522	0.12613	0.01187	0.01292	0.00920	0.00591	0.00563	0.00160	0.04154	0.00459	0.00380	0.00832
34	0.00710	0.00554	0.00646	0.00719	0.00830	0.00489	0.00503	0.00835	0.01233	0.01551	0.04530	0.44815	0.37107	0.01688	0.00729	0.00221	0.00323	0.01480	0.00549	0.00489
35	0.00706	0.00599	0.00609	0.00607	0.00803	0.00502	0.00455	0.00863	0.01365	0.01638	0.09617	0.05625	0.71636	0.01483	0.00699	0.00199	0.00298	0.01239	0.00554	0.00502
36	0.00860	0.00573	0.00645	0.00645	0.00645	0.00573	0.00358	0.00860	0.00860	0.01147	0.01863	0.03870	0.02150	0.79217	0.03010	0.00573	0.00573	0.00860	0.00358	0.00358
37	0.02219	0.02068	0.01687	0.01475	0.04287	0.36771	0.01124	0.22595	0.01941	0.14144	0.01287	0.01345	0.00951	0.00677	0.00635	0.00171	0.04866	0.00471	0.00452	0.00835
38	0.01509	0.18927	0.03183	0.02025	0.02568	0.01726	0.47993	0.08233	0.01457	0.01927	0.01116	0.01424	0.00871	0.00540	0.00667	0.00184	0.03945	0.00591	0.00313	0.00802
39	0.01348	0.01344	0.10124	0.01090	0.01654	0.00952	0.04771	0.05378	0.01340	0.05335	0.01137	0.01294	0.00895	0.00483	0.00481	0.00114	0.00533	0.00399	0.00366	0.60963
40	0.01385	0.41491	0.39458	0.01347	0.02036	0.01859	0.01596	0.01822	0.01225	0.01631	0.00941	0.01098	0.00754	0.00534	0.00470	0.00157	0.00753	0.00376	0.00251	0.00816
41	0.01269	0.01206	0.02063	0.32569	0.39363	0.01303	0.04103	0.01624	0.01268	0.01734	0.01251	0.07278	0.01099	0.00650	0.00604	0.00190	0.00720	0.00618	0.00300	0.00788
42	0.01117	0.01051	0.01774	0.77795	0.04073	0.01314	0.01642	0.01511	0.01182	0.01511	0.01051	0.01577	0.00788	0.00591	0.00591	0.00197	0.00788	0.00526	0.00263	0.00657
43	0.01310	0.01275	0.02249	0.21391	0.15417	0.01413	0.21191	0.03259	0.01260	0.01787	0.01140	0.01564	0.00913	0.00648	0.00851	0.00199	0.14999	0.00574	0.07819	0.00741
44	0.00734	0.00525	0.00698	0.00815	0.00861	0.00489	0.00550	0.00856	0.01193	0.01606	0.11312	0.70503	0.04098	0.01781	0.00748	0.00234	0.00336	0.01613	0.00560	0.00489
45	0.00719	0.00522	0.00678	0.00803	0.00852	0.00482	0.00540	0.00826	0.01152	0.01518	0.03510	0.72130	0.10451	0.01820	0.00750	0.00236	0.00339	0.01642	0.00549	0.00482
46	0.02209	0.02819	0.01676	0.01524	0.01828	0.76843	0.01143	0.02361	0.01676	0.01447	0.00914	0.01066	0.00762	0.00609	0.00533	0.00152	0.01066	0.00381	0.00305	0.00686
47	0.02210	0.01392	0.01572	0.01241	0.01682	0.01484	0.01013	0.39196	0.16725	0.24274	0.01879	0.01747	0.01297	0.00735	0.00595	0.00184	0.00572	0.00577	0.00634	0.00992
48	0.00700	0.00595	0.00604	0.00611	0.00802	0.00498	0.00455	0.00847	0.01336	0.01593	0.05846	0.09583	0.71489	0.01517	0.00702	0.00202	0.00302	0.01271	0.00549	0.00498
49	0.01471	0.01270	0.01337	0.01203	0.01538	0.01471	0.00936	0.03142	0.74459	0.02474	0.02407	0.02206	0.01805	0.00802	0.00602	0.00201	0.00468	0.00669	0.00602	0.00936
50	0.01294	0.01294	0.01811	0.01553	0.01553	0.01811	0.01294	0.01423	0.00906	0.01423	0.00776	0.01294	0.00776	0.01035	0.01941	0.00259	0.78134	0.00518	0.00259	0.00647
51	0.01226	0.01051	0.01226	0.00876	0.01401	0.00788	0.00701	0.01489	0.01226	0.01927	0.01051	0.01226	0.00876	0.00438	0.00438	0.00088	0.00438	0.00350	0.00350	0.82832
52	0.01265	0.06862	0.63678	0.01707	0.02526	0.01422	0.08611	0.01897	0.01272	0.03836	0.01095	0.01285	0.00782	0.00558	0.00566	0.00185	0.00863	0.00459	0.00267	0.00865
53	0.00699	0.00599	0.00599	0.00599	0.00799	0.00499	0.00449	0.00849	0.01348	0.01598	0.05991	0.05691	0.75288	0.01498	0.00699	0.00200	0.00300	0.01248	0.00549	0.00499
54	0.03415	0.01172	0.01977	0.38207	0.02964	0.01409	0.14385	0.01555	0.01155	0.01642	0.01071	0.01543	0.00855	0.00686	0.00913	0.00207	0.19210	0.00551	0.06411	0.00672
55	0.01432	0.01373	0.02343	0.10425	0.68981	0.01397	0.01799	0.01787	0.01332	0.01893	0.01107	0.01474	0.00923	0.00533	0.00586	0.00178	0.00710	0.00527	0.00290	0.00911
56	0.01443	0.02599	0.58459	0.01576	0.02347	0.01300	0.03505	0.02104	0.05219	0.13871	0.01341	0.01431	0.00924	0.00601	0.00572	0.00188	0.00795	0.00481	0.00347	0.00897
57	0.00953	0.00681	0.00953	0.01089	0.01225	0.00681	0.00953	0.01225	0.01361	0.01770	0.03131	0.06671	0.03403	0.01634	0.00817	0.00272	0.00545	0.71547	0.00545	0.00545
58	0.00829	0.00595	0.00808	0.00940	0.01028	0.00575	0.00735	0.01012	0.01247	0.01634	0.03293	0.42552	0.06117	0.01738	0.00782	0.00254	0.00436	0.34368	0.00547	0.00511
59	0.01432	0.01373	0.02343	0.10425	0.68981	0.01397	0.01799	0.01787	0.01332	0.01893	0.01107	0.01474	0.00923	0.00533	0.00586	0.00178	0.00710	0.00527	0.00290	0.00911
60	0.01266	0.02501	0.48466	0.01993	0.02762	0.01420	0.29313	0.01881	0.01305	0.01881	0.01113	0.01381	0.00806	0.00538	0.00614	0.00192	0.00921	0.00536	0.00269	0.00845
61	0.01158	0.00988	0.01044	0.00962	0.01234	0.01067	0.00741	0.02200	0.43656	0.02177	0.10441	0.03556	0.26228	0.01068	0.00643	0.00199	0.00395	0.00896	0.00589	0.00757
62	0.00795	0.00552	0.00667	0.00721	0.00750	0.00531	0.00450	0.00856	0.01028	0.01369	0.05896	0.34937	0.05932	0.40669	0.01883	0.00403	0.00454	0.01224	0.00458	0.00423
63	0.01288	0.01147	0.01892	0.02766	0.53249	0.01145	0.01410	0.01519	0.01214	0.01715	0.01367	0.07788	0.01332	0.10915	0.01069	0.07801	0.00641	0.00658	0.00318	0.00765
64	0.00845	0.00631	0.00938	0.00938	0.01040	0.00733	0.00724	0.01048	0.00947	0.01364	0.01595	0.02385	0.01505	0.07424	0.73921	0.00935	0.01544	0.00643	0.00318	0.00521
65	0.00853	0.00570	0.00647	0.00654	0.00656	0.00568	0.00368	0.00858	0.00874	0.01166	0.01936	0.07781	0.02242	0.75180	0.02892	0.00556	0.00561	0.00903	0.00368	0.00365
66	0.00748	0.00541	0.00693	0.00796	0.00853	0.00505	0.00544	0.00863	0.01163	0.01535	0.06415	0.57908	0.10708	0.08868	0.00957	0.00266	0.00368	0.05256	0.00536	0.00478

[dist]
# distance from previous block
# <min> <max>
4	19

[block]
# block no. 2 follows, 39 sequences, length 13
# corresponding to MSA columns:
# 136-148
name=unknown_C
#
# <colnr> <probs for GDERKNQSTAVLIFYWHMCP>
#	G	D	E	R	K	N	Q	S	T	A	V	L	I	F	Y	W	H	M	C	P
0	0.01449	0.01305	0.01880	0.18441	0.31183	0.01438	0.01445	0.07372	0.24960	0.02147	0.01539	0.01724	0.01190	0.00643	0.00592	0.00188	0.00642	0.00573	0.00408	0.00882
1	0.01145	0.00831	0.00999	0.00992	0.01152	0.00856	0.00742	0.19892	0.01588	0.02117	0.02765	0.50989	0.03098	0.01531	0.00719	0.00227	0.00445	0.08731	0.00560	0.00625
2	0.01119	0.00923	0.01058	0.00972	0.01241	0.00912	0.00726	0.01819	0.27141	0.01960	0.02380	0.31378	0.02371	0.01110	0.00618	0.00186	0.00412	0.00974	0.00516	0.22184
3	0.01289	0.01243	0.02159	0.39958	0.36067	0.01366	0.06071	0.01671	0.01269	0.01723	0.01087	0.01527	0.00862	0.00557	0.00595	0.00188	0.00763	0.00537	0.00278	0.00791
4	0.22444	0.00747	0.00828	0.00805	0.00943	0.00838	0.00588	0.01170	0.00935	0.01633	0.01477	0.02477	0.01481	0.28078	0.32503	0.00625	0.00956	0.00626	0.00343	0.00501
5	0.01045	0.00840	0.01284	0.01706	0.20596	0.00834	0.01106	0.01308	0.01316	0.01766	0.02626	0.18224	0.02849	0.01383	0.00745	0.00241	0.00550	0.40464	0.00479	0.00636
6	0.01504	0.01497	0.02250	0.05132	0.60489	0.07438	0.01691	0.01878	0.04170	0.01873	0.01125	0.01453	0.00943	0.00577	0.00664	0.00180	0.05421	0.00520	0.00303	0.00892
7	0.01284	0.01280	0.01809	0.05902	0.01696	0.01783	0.01314	0.01428	0.00921	0.01428	0.00792	0.01310	0.00777	0.01010	0.01864	0.00255	0.73722	0.00518	0.00259	0.00647
8	0.01305	0.01102	0.01239	0.01185	0.04464	0.01229	0.00874	0.02557	0.52359	0.02424	0.21399	0.02754	0.02756	0.00897	0.00626	0.00196	0.00428	0.00768	0.00602	0.00837
9	0.00935	0.00726	0.00899	0.00790	0.01036	0.00622	0.00614	0.01197	0.01505	0.02142	0.44329	0.03861	0.10502	0.01064	0.00638	0.00168	0.00342	0.06000	0.00555	0.22074
10	0.01191	0.00868	0.01034	0.00916	0.01129	0.00881	0.00705	0.20027	0.01891	0.02611	0.46304	0.13569	0.04161	0.01164	0.00677	0.00191	0.00385	0.01011	0.00622	0.00665
11	0.01312	0.00710	0.00943	0.00825	0.01047	0.00639	0.00639	0.01578	0.01679	0.21616	0.56150	0.03788	0.04503	0.01084	0.00671	0.00185	0.00338	0.00945	0.00672	0.00675
12	0.00812	0.00602	0.00881	0.00917	0.01004	0.00671	0.00689	0.00995	0.00998	0.01409	0.02022	0.22337	0.02115	0.03760	0.56961	0.00765	0.01259	0.00908	0.00378	0.00516

[dist]
# distance from previous block
# <min> <max>
0	106

# created by:
# /software/SequenceAnalysis/GenePrediction/augustus/3.0.1/scripts/msa2prfl.pl ./fixed/BUSCOvEOG7KSR0K.fas
