[name]
unknown

[dist]
# distance from previous block
# <min> <max>
0	86

[block]
# block no. 0 follows, 37 sequences, length 15
# corresponding to MSA columns:
# 89-103
name=unknown_A
#
# <colnr> <probs for GDERKNQSTAVLIFYWHMCP>
#	G	D	E	R	K	N	Q	S	T	A	V	L	I	F	Y	W	H	M	C	P
0	0.00907	0.00633	0.00807	0.00768	0.00925	0.00576	0.00574	0.01164	0.01652	0.04870	0.58311	0.09772	0.14104	0.01318	0.00723	0.00198	0.00304	0.01157	0.00656	0.00581
1	0.82811	0.01184	0.00900	0.00805	0.01184	0.01373	0.00663	0.01799	0.01042	0.02746	0.00852	0.00994	0.00663	0.00568	0.00379	0.00189	0.00474	0.00331	0.00379	0.00663
2	0.02350	0.01678	0.01814	0.01391	0.01880	0.01844	0.01149	0.68814	0.02816	0.07759	0.01521	0.01503	0.01067	0.00736	0.00613	0.00184	0.00665	0.00555	0.00620	0.01041
3	0.01755	0.01311	0.01424	0.01199	0.01539	0.01444	0.00949	0.37969	0.17145	0.02964	0.02037	0.11159	0.01776	0.06347	0.00807	0.00226	0.00565	0.03365	0.05148	0.00870
4	0.00874	0.00656	0.00984	0.00984	0.01093	0.00765	0.00765	0.01093	0.00984	0.01421	0.01640	0.02405	0.01530	0.04591	0.76062	0.00984	0.01640	0.00656	0.00328	0.00547
5	0.82811	0.01184	0.00900	0.00805	0.01184	0.01373	0.00663	0.01799	0.01042	0.02746	0.00852	0.00994	0.00663	0.00568	0.00379	0.00189	0.00474	0.00331	0.00379	0.00663
6	0.00895	0.00651	0.00719	0.00685	0.00897	0.00557	0.00520	0.01085	0.01494	0.06945	0.20759	0.05339	0.54410	0.01430	0.00716	0.00202	0.00320	0.01205	0.00605	0.00567
7	0.00761	0.00544	0.00728	0.00870	0.00912	0.00510	0.00595	0.00879	0.01187	0.01580	0.03365	0.73568	0.04015	0.01903	0.00785	0.00251	0.00368	0.06110	0.00568	0.00501
8	0.01445	0.01651	0.03612	0.02580	0.03199	0.01548	0.72446	0.01961	0.01445	0.01961	0.01238	0.01651	0.00929	0.00516	0.00722	0.00206	0.01032	0.00722	0.00310	0.00826
9	0.00746	0.00533	0.00710	0.00852	0.00888	0.00497	0.00568	0.00852	0.01172	0.01563	0.03374	0.78088	0.04049	0.01918	0.00781	0.00249	0.00355	0.01740	0.00568	0.00497
10	0.00890	0.00593	0.00668	0.00668	0.00668	0.00593	0.00371	0.00890	0.00890	0.01187	0.01929	0.04006	0.02225	0.78487	0.03116	0.00593	0.00593	0.00890	0.00371	0.00371
11	0.02327	0.01715	0.01837	0.01408	0.01898	0.01898	0.01163	0.72628	0.02878	0.03858	0.01470	0.01470	0.01041	0.00735	0.00612	0.00184	0.00674	0.00551	0.00612	0.01041
12	0.02327	0.01715	0.01837	0.01408	0.01898	0.01898	0.01163	0.72628	0.02878	0.03858	0.01470	0.01470	0.01041	0.00735	0.00612	0.00184	0.00674	0.00551	0.00612	0.01041
13	0.01627	0.01324	0.01411	0.01247	0.01608	0.01513	0.00976	0.07130	0.66110	0.06158	0.02430	0.02228	0.01805	0.00822	0.00622	0.00205	0.00497	0.00680	0.00629	0.00976
14	0.00770	0.00570	0.00691	0.00763	0.00845	0.00522	0.00517	0.00889	0.01235	0.01607	0.09643	0.44217	0.21365	0.12135	0.01078	0.00280	0.00371	0.01463	0.00550	0.00491

[dist]
# distance from previous block
# <min> <max>
0	1

[block]
# block no. 1 follows, 37 sequences, length 113
# corresponding to MSA columns:
# 105-217
name=unknown_B
#
# <colnr> <probs for GDERKNQSTAVLIFYWHMCP>
#	G	D	E	R	K	N	Q	S	T	A	V	L	I	F	Y	W	H	M	C	P
0	0.82811	0.01184	0.00900	0.00805	0.01184	0.01373	0.00663	0.01799	0.01042	0.02746	0.00852	0.00994	0.00663	0.00568	0.00379	0.00189	0.00474	0.00331	0.00379	0.00663
1	0.04388	0.00926	0.00951	0.00823	0.01075	0.00986	0.00651	0.22185	0.01740	0.02758	0.01803	0.02000	0.01383	0.00714	0.00480	0.00156	0.00405	0.00556	0.55310	0.00711
2	0.01063	0.00532	0.00797	0.00797	0.00797	0.00532	0.00532	0.00797	0.00797	0.01063	0.01063	0.01861	0.01063	0.02127	0.02392	0.82190	0.00532	0.00532	0.00266	0.00266
3	0.02327	0.01715	0.01837	0.01408	0.01898	0.01898	0.01163	0.72628	0.02878	0.03858	0.01470	0.01470	0.01041	0.00735	0.00612	0.00184	0.00674	0.00551	0.00612	0.01041
4	0.01637	0.78856	0.03208	0.01047	0.01571	0.02422	0.01047	0.01833	0.01244	0.01440	0.00851	0.00982	0.00786	0.00524	0.00393	0.00131	0.00655	0.00327	0.00262	0.00786
5	0.00853	0.00625	0.00799	0.00756	0.00906	0.00572	0.00567	0.01129	0.01700	0.02378	0.67789	0.04699	0.12380	0.01280	0.00722	0.00194	0.00291	0.01125	0.00664	0.00572
6	0.00908	0.00663	0.00841	0.00783	0.00943	0.00619	0.00591	0.03592	0.01751	0.02453	0.67603	0.04548	0.09885	0.01252	0.00718	0.00193	0.00303	0.01099	0.00665	0.00590
7	0.82811	0.01184	0.00900	0.00805	0.01184	0.01373	0.00663	0.01799	0.01042	0.02746	0.00852	0.00994	0.00663	0.00568	0.00379	0.00189	0.00474	0.00331	0.00379	0.00663
8	0.01175	0.01107	0.01870	0.73169	0.07916	0.01365	0.01709	0.01581	0.01233	0.01587	0.01091	0.01626	0.00824	0.00608	0.00612	0.00203	0.00811	0.00544	0.00274	0.00695
9	0.01205	0.01159	0.02008	0.62136	0.06360	0.01350	0.08986	0.01615	0.01255	0.01646	0.01106	0.01608	0.00839	0.00590	0.00614	0.00197	0.00813	0.00551	0.00282	0.05680
10	0.01616	0.01142	0.01350	0.01146	0.01425	0.01268	0.00912	0.32178	0.01856	0.05879	0.01681	0.05108	0.01440	0.06876	0.25617	0.00476	0.03578	0.00658	0.05018	0.00776
11	0.02267	0.01625	0.01747	0.01348	0.01816	0.01787	0.01111	0.66197	0.02747	0.05897	0.01530	0.01538	0.01087	0.00734	0.00601	0.00181	0.00645	0.00554	0.05575	0.01012
12	0.00746	0.00533	0.00710	0.00852	0.00888	0.00497	0.00568	0.00852	0.01172	0.01563	0.03374	0.78088	0.04049	0.01918	0.00781	0.00249	0.00355	0.01740	0.00568	0.00497
13	0.00744	0.00538	0.00705	0.00838	0.00884	0.00498	0.00562	0.00854	0.01186	0.01568	0.03549	0.73618	0.08406	0.01895	0.00778	0.00246	0.00352	0.01712	0.00568	0.00498
14	0.01473	0.00906	0.01106	0.00982	0.01250	0.00908	0.00760	0.02136	0.21617	0.19180	0.32462	0.08910	0.03579	0.01071	0.00674	0.00200	0.00402	0.00926	0.00671	0.00787
15	0.01182	0.00610	0.00614	0.00599	0.00754	0.00616	0.00453	0.03860	0.01338	0.02336	0.01979	0.02254	0.01551	0.00714	0.00434	0.00144	0.00299	0.00570	0.79108	0.00587
16	0.00728	0.00604	0.00637	0.00663	0.00838	0.00513	0.00484	0.00874	0.01354	0.01637	0.05681	0.19169	0.61478	0.01618	0.00734	0.00214	0.00318	0.01374	0.00568	0.00513
17	0.00746	0.00533	0.00710	0.00852	0.00888	0.00497	0.00568	0.00852	0.01172	0.01563	0.03374	0.78088	0.04049	0.01918	0.00781	0.00249	0.00355	0.01740	0.00568	0.00497
18	0.00874	0.00596	0.00728	0.00785	0.00836	0.00581	0.00513	0.03073	0.01173	0.01611	0.07146	0.41930	0.03304	0.26886	0.01515	0.00349	0.00434	0.01309	0.05876	0.00482
19	0.02327	0.01715	0.01837	0.01408	0.01898	0.01898	0.01163	0.72628	0.02878	0.03858	0.01470	0.01470	0.01041	0.00735	0.00612	0.00184	0.00674	0.00551	0.00612	0.01041
20	0.02690	0.01075	0.01434	0.01106	0.01576	0.00956	0.00911	0.05467	0.04223	0.70107	0.02384	0.02068	0.01510	0.00759	0.00616	0.00190	0.00525	0.00616	0.00748	0.01039
21	0.00772	0.00540	0.00702	0.00826	0.00862	0.00508	0.00545	0.00875	0.01150	0.01553	0.03195	0.68739	0.03798	0.08861	0.00982	0.00276	0.00374	0.01623	0.03330	0.00488
22	0.82811	0.01184	0.00900	0.00805	0.01184	0.01373	0.00663	0.01799	0.01042	0.02746	0.00852	0.00994	0.00663	0.00568	0.00379	0.00189	0.00474	0.00331	0.00379	0.00663
23	0.00874	0.00656	0.00984	0.00984	0.01093	0.00765	0.00765	0.01093	0.00984	0.01421	0.01640	0.02405	0.01530	0.04591	0.76062	0.00984	0.01640	0.00656	0.00328	0.00547
24	0.17627	0.00705	0.00787	0.00833	0.00961	0.00713	0.00582	0.01182	0.01145	0.06308	0.02613	0.48054	0.02965	0.11496	0.00992	0.00278	0.00420	0.01273	0.00516	0.00548
25	0.00748	0.00557	0.00697	0.00797	0.00876	0.00506	0.00546	0.00876	0.01255	0.01637	0.08317	0.57920	0.19440	0.01797	0.00765	0.00236	0.00341	0.01604	0.00575	0.00506
26	0.00746	0.00533	0.00710	0.00852	0.00888	0.00497	0.00568	0.00852	0.01172	0.01563	0.03374	0.78088	0.04049	0.01918	0.00781	0.00249	0.00355	0.01740	0.00568	0.00497
27	0.77902	0.01216	0.00957	0.00842	0.01227	0.01405	0.00693	0.06120	0.01154	0.02814	0.00890	0.01023	0.00686	0.00578	0.00393	0.00189	0.00486	0.00345	0.00393	0.00686
28	0.01848	0.00864	0.01150	0.01029	0.01336	0.00785	0.00835	0.02118	0.04020	0.39326	0.03036	0.15667	0.07856	0.01209	0.00701	0.00221	0.00486	0.16038	0.00666	0.00808
29	0.02411	0.01579	0.01753	0.01344	0.01831	0.01697	0.01110	0.58624	0.02652	0.18181	0.01660	0.01593	0.01136	0.00739	0.00613	0.00185	0.00643	0.00564	0.00642	0.01041
30	0.01584	0.01346	0.01419	0.01258	0.01615	0.01551	0.00984	0.08565	0.68151	0.02660	0.02413	0.02221	0.01805	0.00823	0.00622	0.00206	0.00499	0.00681	0.00622	0.00974
31	0.02226	0.02366	0.01735	0.01489	0.01865	0.44381	0.01156	0.25698	0.09023	0.02380	0.01268	0.01338	0.00976	0.00684	0.00579	0.00171	0.00902	0.00475	0.00443	0.00844
32	0.00831	0.00625	0.00771	0.00748	0.00905	0.00565	0.00565	0.01079	0.01616	0.02196	0.51710	0.07178	0.23424	0.01366	0.00729	0.00201	0.00307	0.03988	0.00639	0.00559
33	0.01101	0.00689	0.00799	0.00759	0.00838	0.00691	0.00481	0.01258	0.06058	0.08197	0.02148	0.03706	0.04584	0.60154	0.05621	0.00532	0.00612	0.00855	0.00430	0.00487
34	0.00744	0.00538	0.00705	0.00838	0.00884	0.00498	0.00562	0.00854	0.01186	0.01568	0.03549	0.73618	0.08406	0.01895	0.00778	0.00246	0.00352	0.01712	0.00568	0.00498
35	0.00904	0.00594	0.00671	0.00668	0.00686	0.00591	0.00388	0.00940	0.00968	0.01336	0.06556	0.03935	0.02411	0.68742	0.02796	0.00540	0.00555	0.00884	0.05437	0.00396
36	0.01829	0.00891	0.01154	0.00963	0.01287	0.00819	0.00765	0.02223	0.08484	0.37478	0.30086	0.03210	0.06170	0.00986	0.00661	0.00193	0.00420	0.00838	0.00705	0.00836
37	0.00757	0.00558	0.00709	0.00805	0.00881	0.00510	0.00553	0.00894	0.01278	0.01689	0.12721	0.57234	0.15615	0.01775	0.00765	0.00235	0.00340	0.01589	0.00581	0.00510
38	0.02732	0.01065	0.01435	0.01100	0.01574	0.00934	0.00909	0.05372	0.01791	0.72650	0.02383	0.02062	0.01499	0.00757	0.00615	0.00189	0.00526	0.00613	0.00753	0.01042
39	0.01156	0.01088	0.01836	0.77016	0.04216	0.01360	0.01700	0.01564	0.01224	0.01564	0.01088	0.01632	0.00816	0.00612	0.00612	0.00204	0.00816	0.00544	0.00272	0.00680
40	0.00802	0.00623	0.00729	0.00702	0.00875	0.00550	0.00527	0.01030	0.01580	0.02093	0.43542	0.05169	0.36806	0.01387	0.00723	0.00199	0.00298	0.01191	0.00626	0.00550
41	0.01289	0.01083	0.01256	0.00912	0.01421	0.00846	0.00721	0.04382	0.01311	0.02021	0.01155	0.01444	0.00993	0.05225	0.00622	0.00125	0.00471	0.00402	0.00373	0.73946
42	0.01303	0.00722	0.00958	0.00844	0.01065	0.00652	0.00652	0.01580	0.01737	0.19333	0.57632	0.03994	0.04786	0.01137	0.00697	0.00192	0.00343	0.00993	0.00693	0.00685
43	0.82811	0.01184	0.00900	0.00805	0.01184	0.01373	0.00663	0.01799	0.01042	0.02746	0.00852	0.00994	0.00663	0.00568	0.00379	0.00189	0.00474	0.00331	0.00379	0.00663
44	0.00744	0.00605	0.00660	0.00681	0.00848	0.00520	0.00497	0.00906	0.01393	0.01730	0.13630	0.19125	0.53359	0.01584	0.00734	0.00213	0.00316	0.01353	0.00581	0.00520
45	0.00890	0.00593	0.00668	0.00668	0.00668	0.00593	0.00371	0.00890	0.00890	0.01187	0.01929	0.04006	0.02225	0.78487	0.03116	0.00593	0.00593	0.00890	0.00371	0.00371
46	0.01515	0.01454	0.02485	0.03757	0.74669	0.01454	0.01879	0.01879	0.01394	0.02000	0.01151	0.01515	0.00970	0.00545	0.00606	0.00182	0.00727	0.00545	0.00303	0.00970
47	0.01339	0.01339	0.01875	0.01607	0.01607	0.01875	0.01339	0.01473	0.00937	0.01473	0.00804	0.01339	0.00804	0.01071	0.02009	0.00268	0.77367	0.00536	0.00268	0.00670
48	0.01703	0.01405	0.01486	0.01282	0.01661	0.01607	0.01013	0.18851	0.57670	0.02852	0.02262	0.02101	0.01683	0.00809	0.00620	0.00202	0.00527	0.00660	0.00620	0.00985
49	0.00782	0.00582	0.00781	0.00898	0.00932	0.00581	0.00615	0.00890	0.01158	0.01557	0.03217	0.73406	0.03851	0.01866	0.00856	0.00250	0.05053	0.01667	0.00550	0.00508
50	0.02327	0.01715	0.01837	0.01408	0.01898	0.01898	0.01163	0.72628	0.02878	0.03858	0.01470	0.01470	0.01041	0.00735	0.00612	0.00184	0.00674	0.00551	0.00612	0.01041
51	0.00723	0.00620	0.00620	0.00620	0.00827	0.00517	0.00465	0.00878	0.01395	0.01654	0.06201	0.05891	0.74421	0.01550	0.00723	0.00207	0.00310	0.01292	0.00568	0.00517
52	0.02134	0.01528	0.01631	0.01272	0.01705	0.01682	0.01044	0.61028	0.02618	0.03601	0.01556	0.01602	0.01127	0.00731	0.00582	0.00177	0.00610	0.00554	0.13853	0.00964
53	0.01227	0.01161	0.01965	0.62492	0.18184	0.01379	0.01735	0.01626	0.01258	0.01650	0.01101	0.01609	0.00846	0.00599	0.00611	0.00200	0.00798	0.00544	0.00278	0.00737
54	0.02632	0.01016	0.01384	0.01070	0.01523	0.00880	0.00880	0.02872	0.01751	0.70662	0.06803	0.02235	0.01775	0.00788	0.00622	0.00190	0.00507	0.00646	0.00753	0.01013
55	0.00756	0.00540	0.00721	0.00863	0.00903	0.00506	0.00585	0.00869	0.01182	0.01574	0.03368	0.75203	0.04027	0.01909	0.00784	0.00250	0.00364	0.04528	0.00568	0.00500
56	0.00744	0.00540	0.00703	0.00833	0.00883	0.00499	0.00559	0.00855	0.01191	0.01570	0.03614	0.71957	0.10024	0.01887	0.00776	0.00245	0.00351	0.01702	0.00568	0.00499
57	0.02348	0.01680	0.01816	0.01392	0.01881	0.01847	0.01150	0.69073	0.02821	0.07493	0.01518	0.01501	0.01065	0.00736	0.00613	0.00184	0.00666	0.00554	0.00620	0.01041
58	0.01637	0.78856	0.03208	0.01047	0.01571	0.02422	0.01047	0.01833	0.01244	0.01440	0.00851	0.00982	0.00786	0.00524	0.00393	0.00131	0.00655	0.00327	0.00262	0.00786
59	0.00760	0.00544	0.00725	0.00852	0.00898	0.00508	0.00578	0.00885	0.01220	0.01637	0.08843	0.70897	0.04171	0.01862	0.00778	0.00245	0.00354	0.03163	0.00576	0.00505
60	0.00860	0.00625	0.00810	0.00764	0.00911	0.00575	0.00573	0.01144	0.01719	0.02422	0.71549	0.04627	0.08593	0.01264	0.00722	0.00193	0.00290	0.01115	0.00670	0.00575
61	0.01957	0.01246	0.01448	0.01134	0.01582	0.01220	0.00916	0.22948	0.10807	0.21617	0.05827	0.04113	0.01584	0.00749	0.00588	0.00168	0.00527	0.00606	0.00594	0.20367
62	0.01279	0.03094	0.72814	0.01722	0.02613	0.01404	0.02216	0.01974	0.01308	0.04415	0.01143	0.01319	0.00800	0.00588	0.00583	0.00194	0.00892	0.00458	0.00275	0.00909
63	0.01520	0.01512	0.06042	0.14945	0.47114	0.01488	0.04664	0.08824	0.04073	0.02128	0.01221	0.01551	0.00973	0.00585	0.00612	0.00188	0.00749	0.00553	0.00338	0.00921
64	0.01272	0.08776	0.65509	0.01743	0.02602	0.01505	0.06452	0.01932	0.01298	0.01902	0.01088	0.01291	0.00786	0.00573	0.00576	0.00190	0.00894	0.00459	0.00262	0.00891
65	0.01156	0.01088	0.01836	0.77016	0.04216	0.01360	0.01700	0.01564	0.01224	0.01564	0.01088	0.01632	0.00816	0.00612	0.00612	0.00204	0.00816	0.00544	0.00272	0.00680
66	0.01237	0.01054	0.01235	0.00903	0.01416	0.00797	0.00716	0.01499	0.01263	0.01968	0.01227	0.05955	0.01098	0.00543	0.00473	0.00100	0.00447	0.00447	0.00375	0.77244
67	0.00784	0.00577	0.00792	0.05559	0.01097	0.00559	0.00639	0.00929	0.01236	0.01659	0.10870	0.65443	0.04034	0.01765	0.00764	0.00240	0.00377	0.01598	0.00561	0.00517
68	0.00858	0.00625	0.00807	0.00761	0.00909	0.00574	0.00571	0.01139	0.01713	0.02408	0.70377	0.04649	0.09774	0.01269	0.00722	0.00193	0.00290	0.01118	0.00668	0.00574
69	0.00812	0.00633	0.00753	0.00822	0.00979	0.00574	0.00650	0.01000	0.01362	0.01696	0.04777	0.18255	0.39866	0.01657	0.00772	0.00238	0.00399	0.23660	0.00567	0.00529
70	0.82811	0.01184	0.00900	0.00805	0.01184	0.01373	0.00663	0.01799	0.01042	0.02746	0.00852	0.00994	0.00663	0.00568	0.00379	0.00189	0.00474	0.00331	0.00379	0.00663
71	0.01327	0.01373	0.02448	0.23367	0.05021	0.01610	0.24633	0.01670	0.01198	0.01673	0.01036	0.01529	0.00853	0.00745	0.01152	0.00227	0.28524	0.00599	0.00284	0.00732
72	0.00884	0.00591	0.00669	0.00675	0.00677	0.00590	0.00379	0.00889	0.00902	0.01202	0.01987	0.07008	0.02299	0.75385	0.03021	0.00579	0.00584	0.00925	0.00379	0.00376
73	0.02287	0.02917	0.01735	0.01577	0.01892	0.76030	0.01183	0.02444	0.01735	0.01498	0.00946	0.01104	0.00788	0.00631	0.00552	0.00158	0.01104	0.00394	0.00315	0.00710
74	0.02119	0.01182	0.01402	0.01169	0.01578	0.01219	0.00935	0.03121	0.38580	0.37895	0.02454	0.02186	0.01696	0.00795	0.00619	0.00199	0.00502	0.00655	0.00689	0.01004
75	0.02669	0.01025	0.01396	0.01076	0.01536	0.00886	0.00886	0.02908	0.01751	0.72112	0.05367	0.02186	0.01690	0.00778	0.00620	0.00190	0.00511	0.00636	0.00754	0.01023
76	0.02254	0.01644	0.01759	0.01357	0.01825	0.01816	0.01118	0.68219	0.02779	0.03760	0.01502	0.01520	0.01074	0.00733	0.00601	0.00181	0.00650	0.00552	0.05645	0.01012
77	0.26933	0.01661	0.01541	0.01239	0.01679	0.08447	0.01012	0.44619	0.02213	0.03304	0.01234	0.01291	0.00903	0.00674	0.00535	0.00183	0.00651	0.00470	0.00514	0.00895
78	0.00938	0.00649	0.00841	0.00818	0.00968	0.00604	0.00629	0.01198	0.01613	0.04607	0.52768	0.04886	0.09335	0.06031	0.00883	0.00231	0.00357	0.11433	0.00635	0.00574
79	0.82811	0.01184	0.00900	0.00805	0.01184	0.01373	0.00663	0.01799	0.01042	0.02746	0.00852	0.00994	0.00663	0.00568	0.00379	0.00189	0.00474	0.00331	0.00379	0.00663
80	0.00890	0.00593	0.00668	0.00668	0.00668	0.00593	0.00371	0.00890	0.00890	0.01187	0.01929	0.04006	0.02225	0.78487	0.03116	0.00593	0.00593	0.00890	0.00371	0.00371
81	0.00723	0.00620	0.00620	0.00620	0.00827	0.00517	0.00465	0.00878	0.01395	0.01654	0.06201	0.05891	0.74421	0.01550	0.00723	0.00207	0.00310	0.01292	0.00568	0.00517
82	0.00746	0.00533	0.00710	0.00852	0.00888	0.00497	0.00568	0.00852	0.01172	0.01563	0.03374	0.78088	0.04049	0.01918	0.00781	0.00249	0.00355	0.01740	0.00568	0.00497
83	0.82811	0.01184	0.00900	0.00805	0.01184	0.01373	0.00663	0.01799	0.01042	0.02746	0.00852	0.00994	0.00663	0.00568	0.00379	0.00189	0.00474	0.00331	0.00379	0.00663
84	0.01269	0.01088	0.01269	0.00907	0.01451	0.00816	0.00725	0.01541	0.01269	0.01995	0.01088	0.01269	0.00907	0.00453	0.00453	0.00091	0.00453	0.00363	0.00363	0.82229
85	0.00927	0.00677	0.00896	0.00884	0.01052	0.00630	0.00708	0.01212	0.01608	0.02242	0.48764	0.05063	0.04810	0.01333	0.00742	0.00213	0.00380	0.21680	0.00622	0.05554
86	0.00848	0.00622	0.00794	0.00757	0.00905	0.00569	0.00566	0.01117	0.01680	0.02343	0.65033	0.07109	0.12766	0.01304	0.00724	0.00196	0.00293	0.01147	0.00660	0.00569
87	0.77854	0.01175	0.00932	0.00823	0.01207	0.01344	0.00678	0.01873	0.01086	0.07226	0.00949	0.01062	0.00716	0.00580	0.00393	0.00189	0.00476	0.00349	0.00402	0.00686
88	0.82811	0.01184	0.00900	0.00805	0.01184	0.01373	0.00663	0.01799	0.01042	0.02746	0.00852	0.00994	0.00663	0.00568	0.00379	0.00189	0.00474	0.00331	0.00379	0.00663
89	0.00925	0.00684	0.00996	0.00984	0.01105	0.00793	0.00767	0.03199	0.01048	0.01518	0.01645	0.02374	0.01517	0.04362	0.71584	0.00935	0.01571	0.00650	0.02781	0.00562
90	0.00746	0.00533	0.00710	0.00852	0.00888	0.00497	0.00568	0.00852	0.01172	0.01563	0.03374	0.78088	0.04049	0.01918	0.00781	0.00249	0.00355	0.01740	0.00568	0.00497
91	0.01701	0.01299	0.01407	0.01234	0.01601	0.01464	0.00969	0.06032	0.62137	0.11261	0.02441	0.02227	0.01793	0.00818	0.00622	0.00204	0.00496	0.00677	0.00639	0.00980
92	0.01228	0.03166	0.75316	0.01745	0.02649	0.01422	0.02262	0.01939	0.01292	0.01939	0.01099	0.01292	0.00775	0.00582	0.00582	0.00194	0.00905	0.00452	0.00258	0.00905
93	0.00842	0.00664	0.00900	0.00975	0.01005	0.00722	0.00694	0.00953	0.01134	0.01548	0.02955	0.65584	0.03520	0.01780	0.00981	0.00252	0.12902	0.01544	0.00519	0.00525
94	0.01400	0.32392	0.42944	0.01526	0.02266	0.01817	0.06137	0.01899	0.01283	0.01747	0.01011	0.01194	0.00789	0.00555	0.00517	0.00170	0.00816	0.00421	0.00263	0.00854
95	0.65648	0.17607	0.01388	0.00856	0.01266	0.01595	0.00744	0.01806	0.01084	0.02470	0.00852	0.00992	0.00689	0.00559	0.00382	0.00177	0.00512	0.00331	0.00354	0.00689
96	0.82811	0.01184	0.00900	0.00805	0.01184	0.01373	0.00663	0.01799	0.01042	0.02746	0.00852	0.00994	0.00663	0.00568	0.00379	0.00189	0.00474	0.00331	0.00379	0.00663
97	0.00890	0.00593	0.00668	0.00668	0.00668	0.00593	0.00371	0.00890	0.00890	0.01187	0.01929	0.04006	0.02225	0.78487	0.03116	0.00593	0.00593	0.00890	0.00371	0.00371
98	0.00947	0.00744	0.01096	0.03521	0.01238	0.00903	0.00847	0.01165	0.00999	0.01466	0.01541	0.02254	0.01426	0.03904	0.62126	0.00843	0.10154	0.00635	0.03624	0.00566
99	0.00885	0.00685	0.00862	0.00976	0.03509	0.00676	0.00658	0.01237	0.10922	0.01798	0.09691	0.52198	0.10296	0.01633	0.00744	0.00232	0.00375	0.01462	0.00576	0.00585
100	0.01703	0.01344	0.01446	0.01260	0.01629	0.01521	0.00997	0.14472	0.55608	0.06749	0.02346	0.02299	0.01771	0.00840	0.00628	0.00205	0.00520	0.03063	0.00627	0.00971
101	0.02411	0.01202	0.01450	0.01128	0.01566	0.01183	0.00927	0.25397	0.02059	0.42930	0.02056	0.01909	0.01368	0.00745	0.00591	0.00182	0.00541	0.00589	0.10782	0.00983
102	0.00881	0.00593	0.00681	0.00685	0.00698	0.00587	0.00397	0.00908	0.00968	0.01302	0.07438	0.07931	0.02587	0.68680	0.02814	0.00545	0.00558	0.00951	0.00404	0.00393
103	0.00883	0.00736	0.00786	0.00775	0.00983	0.00700	0.00584	0.01322	0.14007	0.01872	0.10692	0.12007	0.47950	0.01439	0.00714	0.00211	0.00349	0.02805	0.00586	0.00600
104	0.01141	0.00571	0.00571	0.00571	0.00713	0.00571	0.00428	0.01426	0.01284	0.02282	0.01997	0.02282	0.01569	0.00713	0.00428	0.00143	0.00285	0.00571	0.81886	0.00571
105	0.01615	0.00880	0.01033	0.00881	0.01093	0.00871	0.00635	0.12530	0.01457	0.20787	0.01990	0.02954	0.01797	0.38985	0.01827	0.00383	0.00557	0.00736	0.08324	0.00666
106	0.02120	0.01365	0.01539	0.01229	0.01638	0.01443	0.00995	0.45623	0.02348	0.17320	0.02068	0.12246	0.03762	0.00926	0.00636	0.00194	0.00581	0.00749	0.02276	0.00941
107	0.00806	0.00623	0.00734	0.00706	0.00877	0.00552	0.00530	0.01038	0.01589	0.02114	0.45383	0.05133	0.34951	0.01378	0.00723	0.00199	0.00298	0.01186	0.00629	0.00552
108	0.00890	0.00593	0.00668	0.00668	0.00668	0.00593	0.00371	0.00890	0.00890	0.01187	0.01929	0.04006	0.02225	0.78487	0.03116	0.00593	0.00593	0.00890	0.00371	0.00371
109	0.00761	0.00593	0.00689	0.00742	0.00874	0.00526	0.00535	0.00913	0.01334	0.01688	0.10898	0.31306	0.38165	0.03630	0.00811	0.00234	0.00344	0.04871	0.00572	0.00514
110	0.00804	0.00554	0.00725	0.00844	0.00904	0.00511	0.00571	0.00918	0.01205	0.03779	0.03537	0.70892	0.08760	0.01858	0.00772	0.00244	0.00357	0.01676	0.00574	0.00515
111	0.02287	0.02917	0.01735	0.01577	0.01892	0.76030	0.01183	0.02444	0.01735	0.01498	0.00946	0.01104	0.00788	0.00631	0.00552	0.00158	0.01104	0.00394	0.00315	0.00710
112	0.02746	0.01042	0.01421	0.01089	0.01563	0.00900	0.00900	0.02983	0.01752	0.75093	0.02415	0.02083	0.01515	0.00758	0.00616	0.00189	0.00521	0.00616	0.00758	0.01042

[dist]
# distance from previous block
# <min> <max>
0	2

[block]
# block no. 2 follows, 37 sequences, length 7
# corresponding to MSA columns:
# 220-226
name=unknown_C
#
# <colnr> <probs for GDERKNQSTAVLIFYWHMCP>
#	G	D	E	R	K	N	Q	S	T	A	V	L	I	F	Y	W	H	M	C	P
0	0.76020	0.01349	0.07095	0.00883	0.01306	0.01377	0.00796	0.01811	0.01063	0.02679	0.00873	0.01019	0.00672	0.00569	0.00396	0.00190	0.00509	0.00342	0.00369	0.00683
1	0.00772	0.00553	0.00734	0.00835	0.00894	0.00515	0.00570	0.00918	0.01293	0.01755	0.18659	0.62255	0.04421	0.01774	0.00769	0.00237	0.00341	0.01604	0.00591	0.00515
2	0.00861	0.00618	0.00771	0.00737	0.00855	0.00577	0.00525	0.01078	0.01527	0.02124	0.53814	0.04546	0.09983	0.17907	0.01238	0.00280	0.00356	0.01074	0.00601	0.00529
3	0.01063	0.00532	0.00797	0.00797	0.00797	0.00532	0.00532	0.00797	0.00797	0.01063	0.01063	0.01861	0.01063	0.02127	0.02392	0.82190	0.00532	0.00532	0.00266	0.00266
4	0.00834	0.00605	0.00783	0.00892	0.00980	0.00576	0.00670	0.00993	0.01250	0.01624	0.03564	0.38567	0.12983	0.09221	0.01021	0.00287	0.00439	0.23655	0.00548	0.00509
5	0.00921	0.00647	0.00774	0.00773	0.00850	0.00633	0.00519	0.04117	0.01270	0.01718	0.19765	0.16302	0.06424	0.37441	0.01850	0.00393	0.00472	0.04144	0.00503	0.00485
6	0.01157	0.00968	0.01149	0.00895	0.01329	0.00747	0.00691	0.01393	0.01248	0.01902	0.01580	0.17814	0.01583	0.00769	0.00524	0.00125	0.00432	0.00659	0.00407	0.64627

[dist]
# distance from previous block
# <min> <max>
0	290

# created by:
# /software/SequenceAnalysis/GenePrediction/augustus/3.0.1/scripts/msa2prfl.pl ./fixed/BUSCOvEOG7XKWN3.fas
