[name]
unknown

[dist]
# distance from previous block
# <min> <max>
6	296

[block]
# block no. 0 follows, 40 sequences, length 65
# corresponding to MSA columns:
# 300-364
name=unknown_A
#
# <colnr> <probs for GDERKNQSTAVLIFYWHMCP>
#	G	D	E	R	K	N	Q	S	T	A	V	L	I	F	Y	W	H	M	C	P
0	0.01272	0.01272	0.01781	0.01527	0.01527	0.01781	0.01272	0.01399	0.00891	0.01399	0.00763	0.01272	0.00763	0.01018	0.01908	0.00254	0.78499	0.00509	0.00254	0.00636
1	0.01206	0.01034	0.01206	0.00861	0.01378	0.00775	0.00689	0.01464	0.01206	0.01895	0.01034	0.01206	0.00861	0.00431	0.00431	0.00086	0.00431	0.00345	0.00345	0.83118
2	0.01439	0.01382	0.02360	0.03569	0.75936	0.01382	0.01785	0.01785	0.01324	0.01900	0.01094	0.01439	0.00921	0.00518	0.00576	0.00173	0.00691	0.00518	0.00288	0.00921
3	0.02172	0.02772	0.01648	0.01498	0.01798	0.77228	0.01124	0.02322	0.01648	0.01423	0.00899	0.01049	0.00749	0.00599	0.00524	0.00150	0.01049	0.00375	0.00300	0.00674
4	0.01084	0.00542	0.00542	0.00542	0.00678	0.00542	0.00407	0.01355	0.01220	0.02168	0.01897	0.02168	0.01491	0.00678	0.00407	0.00136	0.00271	0.00542	0.82791	0.00542
5	0.00709	0.00506	0.00675	0.00810	0.00843	0.00472	0.00540	0.00810	0.01113	0.01484	0.03205	0.79184	0.03846	0.01822	0.00742	0.00236	0.00337	0.01653	0.00540	0.00472
6	0.83671	0.01125	0.00855	0.00765	0.01125	0.01305	0.00630	0.01709	0.00990	0.02609	0.00810	0.00945	0.00630	0.00540	0.00360	0.00180	0.00450	0.00315	0.00360	0.00630
7	0.00823	0.00594	0.00777	0.00732	0.00869	0.00549	0.00549	0.01097	0.01646	0.02332	0.75629	0.04344	0.05487	0.01189	0.00686	0.00183	0.00274	0.01052	0.00640	0.00549
8	0.01098	0.01034	0.01744	0.78165	0.04005	0.01292	0.01615	0.01486	0.01163	0.01486	0.01034	0.01550	0.00775	0.00581	0.00581	0.00194	0.00775	0.00517	0.00258	0.00646
9	0.01373	0.01569	0.03431	0.02451	0.03039	0.01471	0.73824	0.01863	0.01373	0.01863	0.01176	0.01569	0.00882	0.00490	0.00686	0.00196	0.00980	0.00686	0.00294	0.00784
10	0.00846	0.00564	0.00634	0.00634	0.00634	0.00564	0.00352	0.00846	0.00846	0.01128	0.01832	0.03805	0.02114	0.79563	0.02960	0.00564	0.00564	0.00846	0.00352	0.00352
11	0.02609	0.00990	0.01350	0.01035	0.01484	0.00855	0.00855	0.02834	0.01664	0.76338	0.02294	0.01979	0.01439	0.00720	0.00585	0.00180	0.00495	0.00585	0.00720	0.00990
12	0.01166	0.03008	0.76550	0.01657	0.02517	0.01351	0.02149	0.01842	0.01228	0.01842	0.01044	0.01228	0.00737	0.00552	0.00552	0.00184	0.00859	0.00430	0.00246	0.00859
13	0.01570	0.01222	0.01319	0.01168	0.01509	0.01384	0.00913	0.03063	0.67120	0.10270	0.02359	0.02149	0.01740	0.00782	0.00591	0.00195	0.00464	0.00650	0.00605	0.00928
14	0.00937	0.00669	0.00937	0.01071	0.01205	0.00669	0.00937	0.01205	0.01339	0.01740	0.03079	0.06560	0.03347	0.01606	0.00803	0.00268	0.00535	0.72021	0.00535	0.00535
15	0.00937	0.00669	0.00937	0.01071	0.01205	0.00669	0.00937	0.01205	0.01339	0.01740	0.03079	0.06560	0.03347	0.01606	0.00803	0.00268	0.00535	0.72021	0.00535	0.00535
16	0.01084	0.00542	0.00542	0.00542	0.00678	0.00542	0.00407	0.01355	0.01220	0.02168	0.01897	0.02168	0.01491	0.00678	0.00407	0.00136	0.00271	0.00542	0.82791	0.00542
17	0.02311	0.01056	0.01341	0.01073	0.01492	0.01006	0.00872	0.02900	0.20440	0.57387	0.02313	0.02028	0.01526	0.00737	0.00587	0.00184	0.00486	0.00603	0.00687	0.00972
18	0.01065	0.00739	0.00913	0.00840	0.01031	0.00732	0.00639	0.01577	0.14949	0.07827	0.53723	0.06991	0.04440	0.01108	0.00664	0.00188	0.00327	0.00971	0.00633	0.00646
19	0.00709	0.00506	0.00675	0.00810	0.00843	0.00472	0.00540	0.00810	0.01113	0.01484	0.03205	0.79184	0.03846	0.01822	0.00742	0.00236	0.00337	0.01653	0.00540	0.00472
20	0.00851	0.00652	0.00973	0.00961	0.01060	0.00774	0.00751	0.01055	0.00933	0.01352	0.01522	0.02239	0.01423	0.04211	0.73861	0.00904	0.05027	0.00618	0.00309	0.00524
21	0.01555	0.79913	0.03047	0.00995	0.01493	0.02301	0.00995	0.01741	0.01182	0.01368	0.00808	0.00933	0.00746	0.00498	0.00373	0.00124	0.00622	0.00311	0.00249	0.00746
22	0.02534	0.01111	0.01424	0.01092	0.01545	0.01034	0.00902	0.16295	0.01867	0.62592	0.02124	0.01869	0.01354	0.00716	0.00584	0.00179	0.00522	0.00573	0.00694	0.00990
23	0.02578	0.01040	0.01381	0.01059	0.01510	0.00930	0.00874	0.08446	0.01749	0.70607	0.02223	0.01933	0.01404	0.00718	0.00585	0.00180	0.00506	0.00580	0.00709	0.00990
24	0.02172	0.02772	0.01648	0.01498	0.01798	0.77228	0.01124	0.02322	0.01648	0.01423	0.00899	0.01049	0.00749	0.00599	0.00524	0.00150	0.01049	0.00375	0.00300	0.00674
25	0.08161	0.01500	0.01607	0.04712	0.01785	0.01668	0.01051	0.61004	0.02443	0.03399	0.01366	0.01416	0.00983	0.00680	0.00555	0.00173	0.00610	0.00509	0.05460	0.00920
26	0.00846	0.00564	0.00634	0.00634	0.00634	0.00564	0.00352	0.00846	0.00846	0.01128	0.01832	0.03805	0.02114	0.79563	0.02960	0.00564	0.00564	0.00846	0.00352	0.00352
27	0.00713	0.00577	0.00634	0.00649	0.00809	0.00498	0.00476	0.00875	0.01345	0.01685	0.17145	0.17271	0.52328	0.01482	0.00696	0.00201	0.00298	0.01267	0.00557	0.00498
28	0.01283	0.01304	0.01960	0.01627	0.01690	0.01748	0.09126	0.01450	0.00943	0.01450	0.00808	0.01304	0.00776	0.00961	0.01776	0.00248	0.70107	0.00528	0.00259	0.00652
29	0.01343	0.01594	0.06603	0.08055	0.03088	0.01452	0.65213	0.01834	0.01350	0.01834	0.01160	0.01552	0.00868	0.00500	0.00672	0.00195	0.00960	0.00662	0.00289	0.00777
30	0.01263	0.01259	0.01779	0.05720	0.01662	0.01754	0.01291	0.01404	0.00905	0.01404	0.00778	0.01287	0.00764	0.00994	0.01836	0.00251	0.74246	0.00509	0.00255	0.00637
31	0.00846	0.00564	0.00634	0.00634	0.00634	0.00564	0.00352	0.00846	0.00846	0.01128	0.01832	0.03805	0.02114	0.79563	0.02960	0.00564	0.00564	0.00846	0.00352	0.00352
32	0.00930	0.00618	0.00811	0.00750	0.00906	0.00567	0.00567	0.01201	0.01647	0.06751	0.71250	0.04203	0.05245	0.01161	0.00680	0.00183	0.00288	0.01024	0.00645	0.00575
33	0.01177	0.05099	0.74552	0.01639	0.02489	0.01376	0.02117	0.01839	0.01226	0.01829	0.01037	0.01220	0.00737	0.00551	0.00548	0.00183	0.00853	0.00426	0.00246	0.00856
34	0.00956	0.00624	0.00820	0.00754	0.00915	0.00571	0.00571	0.01227	0.01647	0.07845	0.70166	0.04168	0.05185	0.01154	0.00678	0.00183	0.00291	0.01017	0.00646	0.00582
35	0.02240	0.01581	0.01716	0.01315	0.01780	0.01733	0.01087	0.68696	0.02654	0.09078	0.01463	0.01440	0.01023	0.00700	0.00582	0.00175	0.00629	0.00528	0.00592	0.00989
36	0.00912	0.00632	0.00869	0.00967	0.01088	0.00615	0.00797	0.01145	0.01343	0.03517	0.13389	0.21314	0.03710	0.01571	0.00769	0.00247	0.00456	0.45566	0.00556	0.00535
37	0.02211	0.01629	0.01745	0.01338	0.01803	0.01803	0.01105	0.73997	0.02734	0.03665	0.01396	0.01396	0.00989	0.00698	0.00582	0.00175	0.00640	0.00524	0.00582	0.00989
38	0.01188	0.07216	0.72528	0.01621	0.02461	0.01403	0.02085	0.01836	0.01225	0.01816	0.01031	0.01212	0.00737	0.00549	0.00543	0.00181	0.00846	0.00423	0.00246	0.00853
39	0.01166	0.03008	0.76550	0.01657	0.02517	0.01351	0.02149	0.01842	0.01228	0.01842	0.01044	0.01228	0.00737	0.00552	0.00552	0.00184	0.00859	0.00430	0.00246	0.00859
40	0.00846	0.00564	0.00634	0.00634	0.00634	0.00564	0.00352	0.00846	0.00846	0.01128	0.01832	0.03805	0.02114	0.79563	0.02960	0.00564	0.00564	0.00846	0.00352	0.00352
41	0.00709	0.00506	0.00675	0.00810	0.00843	0.00472	0.00540	0.00810	0.01113	0.01484	0.03205	0.79184	0.03846	0.01822	0.00742	0.00236	0.00337	0.01653	0.00540	0.00472
42	0.12187	0.01058	0.01323	0.01027	0.01468	0.00986	0.00849	0.08524	0.01672	0.61650	0.02045	0.01809	0.01307	0.00697	0.00558	0.00179	0.00501	0.00548	0.00666	0.00947
43	0.00709	0.00506	0.00675	0.00810	0.00843	0.00472	0.00540	0.00810	0.01113	0.01484	0.03205	0.79184	0.03846	0.01822	0.00742	0.00236	0.00337	0.01653	0.00540	0.00472
44	0.01270	0.01049	0.01366	0.20705	0.02069	0.00941	0.00946	0.03620	0.01260	0.05198	0.01101	0.01335	0.00869	0.00490	0.00481	0.00121	0.00528	0.00405	0.00346	0.55902
45	0.05946	0.00681	0.00818	0.00837	0.00967	0.00668	0.00586	0.01283	0.07541	0.08735	0.02621	0.46455	0.02881	0.13101	0.01011	0.00268	0.00407	0.01218	0.00516	0.03462
46	0.01166	0.03008	0.76550	0.01657	0.02517	0.01351	0.02149	0.01842	0.01228	0.01842	0.01044	0.01228	0.00737	0.00552	0.00552	0.00184	0.00859	0.00430	0.00246	0.00859
47	0.01425	0.54128	0.27691	0.01217	0.01836	0.01982	0.01382	0.01775	0.01197	0.01527	0.00887	0.01032	0.00743	0.00516	0.00433	0.00144	0.00702	0.00351	0.00248	0.00784
48	0.00810	0.00584	0.00766	0.00741	0.00866	0.00540	0.00548	0.01064	0.01585	0.02235	0.67341	0.12908	0.05299	0.01261	0.00692	0.00189	0.00282	0.01120	0.00629	0.00540
49	0.00715	0.00511	0.00681	0.00805	0.00845	0.00477	0.00540	0.00827	0.01145	0.01535	0.07530	0.74715	0.03944	0.01784	0.00739	0.00233	0.00334	0.01617	0.00546	0.00477
50	0.01166	0.03008	0.76550	0.01657	0.02517	0.01351	0.02149	0.01842	0.01228	0.01842	0.01044	0.01228	0.00737	0.00552	0.00552	0.00184	0.00859	0.00430	0.00246	0.00859
51	0.00709	0.00506	0.00675	0.00810	0.00843	0.00472	0.00540	0.00810	0.01113	0.01484	0.03205	0.79184	0.03846	0.01822	0.00742	0.00236	0.00337	0.01653	0.00540	0.00472
52	0.00823	0.00596	0.00780	0.00757	0.00891	0.00553	0.00575	0.01087	0.01592	0.02233	0.65428	0.07806	0.06901	0.01254	0.00697	0.00192	0.00297	0.06369	0.00626	0.00543
53	0.23112	0.01478	0.01503	0.01181	0.01619	0.01643	0.00975	0.53058	0.02251	0.05848	0.01276	0.01300	0.00912	0.00658	0.00525	0.00176	0.00586	0.00472	0.00530	0.00897
54	0.01095	0.00908	0.01436	0.58261	0.03152	0.01100	0.01305	0.01452	0.01177	0.01661	0.01255	0.01709	0.00959	0.00606	0.00537	0.00179	0.00646	0.00523	0.21421	0.00619
55	0.01601	0.74167	0.02943	0.01033	0.01515	0.07882	0.01005	0.01785	0.01216	0.01372	0.00815	0.00941	0.00746	0.00505	0.00384	0.00126	0.00654	0.00316	0.00253	0.00741
56	0.01166	0.03008	0.76550	0.01657	0.02517	0.01351	0.02149	0.01842	0.01228	0.01842	0.01044	0.01228	0.00737	0.00552	0.00552	0.00184	0.00859	0.00430	0.00246	0.00859
57	0.00709	0.00506	0.00675	0.00810	0.00843	0.00472	0.00540	0.00810	0.01113	0.01484	0.03205	0.79184	0.03846	0.01822	0.00742	0.00236	0.00337	0.01653	0.00540	0.00472
58	0.02172	0.02772	0.01648	0.01498	0.01798	0.77228	0.01124	0.02322	0.01648	0.01423	0.00899	0.01049	0.00749	0.00599	0.00524	0.00150	0.01049	0.00375	0.00300	0.00674
59	0.00808	0.00594	0.00756	0.00715	0.00859	0.00542	0.00536	0.01067	0.01609	0.02245	0.67649	0.04487	0.13521	0.01221	0.00686	0.00184	0.00277	0.01072	0.00629	0.00542
60	0.01437	0.01384	0.02365	0.03455	0.71021	0.01387	0.04294	0.01829	0.03647	0.01915	0.01137	0.01467	0.00947	0.00526	0.00580	0.00174	0.00694	0.00528	0.00298	0.00916
61	0.02301	0.01382	0.01582	0.01221	0.01669	0.01447	0.01005	0.48029	0.02329	0.27968	0.01749	0.03832	0.01222	0.00738	0.00587	0.00178	0.00583	0.00577	0.00627	0.00974
62	0.01166	0.03008	0.76550	0.01657	0.02517	0.01351	0.02149	0.01842	0.01228	0.01842	0.01044	0.01228	0.00737	0.00552	0.00552	0.00184	0.00859	0.00430	0.00246	0.00859
63	0.01166	0.03008	0.76550	0.01657	0.02517	0.01351	0.02149	0.01842	0.01228	0.01842	0.01044	0.01228	0.00737	0.00552	0.00552	0.00184	0.00859	0.00430	0.00246	0.00859
64	0.01373	0.01569	0.03431	0.02451	0.03039	0.01471	0.73824	0.01863	0.01373	0.01863	0.01176	0.01569	0.00882	0.00490	0.00686	0.00196	0.00980	0.00686	0.00294	0.00784

[dist]
# distance from previous block
# <min> <max>
0	2

[block]
# block no. 1 follows, 40 sequences, length 17
# corresponding to MSA columns:
# 367-383
name=unknown_B
#
# <colnr> <probs for GDERKNQSTAVLIFYWHMCP>
#	G	D	E	R	K	N	Q	S	T	A	V	L	I	F	Y	W	H	M	C	P
0	0.00830	0.00599	0.00786	0.00751	0.00888	0.00556	0.00571	0.01104	0.01629	0.02298	0.71504	0.04470	0.05365	0.01213	0.00693	0.00188	0.00289	0.05087	0.00634	0.00548
1	0.00882	0.00551	0.00662	0.00662	0.00662	0.00551	0.00386	0.00826	0.00826	0.01101	0.01649	0.03352	0.01868	0.62308	0.02807	0.18926	0.00551	0.00770	0.00330	0.00330
2	0.01229	0.02617	0.59809	0.01552	0.02293	0.01372	0.01875	0.02119	0.17618	0.01973	0.01338	0.01437	0.00968	0.00605	0.00561	0.00187	0.00771	0.00480	0.00323	0.00873
3	0.02609	0.00990	0.01350	0.01035	0.01484	0.00855	0.00855	0.02834	0.01664	0.76338	0.02294	0.01979	0.01439	0.00720	0.00585	0.00180	0.00495	0.00585	0.00720	0.00990
4	0.01943	0.01004	0.01253	0.01004	0.01356	0.00967	0.00812	0.18108	0.01897	0.36248	0.25796	0.02614	0.02647	0.00867	0.00617	0.00180	0.00456	0.00722	0.00663	0.00847
5	0.00795	0.00623	0.00913	0.18023	0.01547	0.00655	0.00779	0.00960	0.01124	0.01485	0.02722	0.61909	0.03163	0.01546	0.00706	0.00227	0.00435	0.01400	0.00477	0.00511
6	0.02147	0.00891	0.01198	0.00990	0.01343	0.00790	0.00787	0.02392	0.04036	0.57164	0.02499	0.19165	0.01986	0.00967	0.00620	0.00193	0.00459	0.00825	0.00675	0.00872
7	0.01027	0.00513	0.00710	0.00710	0.00740	0.00513	0.00483	0.00891	0.00860	0.01268	0.01207	0.01857	0.01117	0.01721	0.01857	0.64624	0.00453	0.00513	0.18619	0.00317
8	0.01197	0.00681	0.00872	0.00774	0.00991	0.00607	0.00598	0.01438	0.01594	0.18667	0.47122	0.04037	0.16858	0.01134	0.00664	0.00185	0.00327	0.00978	0.00640	0.00637
9	0.01132	0.01076	0.01768	0.65796	0.05902	0.01359	0.01575	0.01484	0.01132	0.01487	0.01000	0.01510	0.00778	0.00637	0.00755	0.00201	0.10980	0.00516	0.00259	0.00653
10	0.00937	0.00788	0.01226	0.01124	0.01240	0.00946	0.05236	0.01148	0.00954	0.01389	0.01403	0.02074	0.01305	0.03574	0.60159	0.00777	0.14257	0.00608	0.00301	0.00555
11	0.01527	0.74349	0.08365	0.01043	0.01567	0.02232	0.01078	0.01749	0.01185	0.01402	0.00825	0.00954	0.00746	0.00501	0.00386	0.00129	0.00639	0.00320	0.00249	0.00754
12	0.01169	0.01552	0.18582	0.44357	0.07780	0.01303	0.09541	0.01623	0.01212	0.01652	0.01055	0.01456	0.00792	0.00553	0.00578	0.00185	0.00793	0.00507	0.00266	0.05043
13	0.01511	0.22052	0.37444	0.01519	0.05943	0.01693	0.01606	0.17869	0.01556	0.02131	0.01065	0.01202	0.00805	0.00569	0.00515	0.00166	0.00742	0.00425	0.00323	0.00863
14	0.01287	0.04778	0.06540	0.07417	0.04040	0.01499	0.38591	0.01654	0.01210	0.01681	0.01166	0.06141	0.01013	0.00707	0.00952	0.00208	0.19439	0.00657	0.00292	0.00725
15	0.01098	0.01034	0.01744	0.78165	0.04005	0.01292	0.01615	0.01486	0.01163	0.01486	0.01034	0.01550	0.00775	0.00581	0.00581	0.00194	0.00775	0.00517	0.00258	0.00646
16	0.33443	0.06494	0.21996	0.01296	0.04466	0.18262	0.01225	0.01911	0.01239	0.03607	0.00936	0.01085	0.00720	0.00557	0.00463	0.00171	0.00715	0.00373	0.00314	0.00728

[dist]
# distance from previous block
# <min> <max>
0	2

[block]
# block no. 2 follows, 40 sequences, length 6
# corresponding to MSA columns:
# 386-391
name=unknown_C
#
# <colnr> <probs for GDERKNQSTAVLIFYWHMCP>
#	G	D	E	R	K	N	Q	S	T	A	V	L	I	F	Y	W	H	M	C	P
0	0.00709	0.00506	0.00675	0.00810	0.00843	0.00472	0.00540	0.00810	0.01113	0.01484	0.03205	0.79184	0.03846	0.01822	0.00742	0.00236	0.00337	0.01653	0.00540	0.00472
1	0.01206	0.01034	0.01206	0.00861	0.01378	0.00775	0.00689	0.01464	0.01206	0.01895	0.01034	0.01206	0.00861	0.00431	0.00431	0.00086	0.00431	0.00345	0.00345	0.83118
2	0.01166	0.03008	0.76550	0.01657	0.02517	0.01351	0.02149	0.01842	0.01228	0.01842	0.01044	0.01228	0.00737	0.00552	0.00552	0.00184	0.00859	0.00430	0.00246	0.00859
3	0.00818	0.00623	0.00792	0.00821	0.00962	0.00539	0.00573	0.00954	0.01134	0.01575	0.02726	0.61963	0.03187	0.01515	0.00673	0.00203	0.00358	0.01364	0.00497	0.18723
4	0.00704	0.00524	0.00656	0.00761	0.00831	0.00476	0.00518	0.00815	0.01160	0.01504	0.03798	0.62933	0.19714	0.01745	0.00730	0.00227	0.00328	0.01559	0.00540	0.00476
5	0.01950	0.01446	0.01538	0.01271	0.01652	0.05905	0.01055	0.49574	0.02300	0.07356	0.01791	0.02550	0.01522	0.00894	0.00627	0.00194	0.00632	0.16308	0.00563	0.00870

[dist]
# distance from previous block
# <min> <max>
2	8

[block]
# block no. 3 follows, 40 sequences, length 16
# corresponding to MSA columns:
# 400-415
name=unknown_D
#
# <colnr> <probs for GDERKNQSTAVLIFYWHMCP>
#	G	D	E	R	K	N	Q	S	T	A	V	L	I	F	Y	W	H	M	C	P
0	0.01042	0.00893	0.01011	0.00775	0.01191	0.00685	0.00611	0.01265	0.01244	0.01793	0.02569	0.02593	0.24513	0.00760	0.00512	0.00121	0.00388	0.00624	0.00406	0.57005
1	0.01183	0.01304	0.05348	0.04810	0.02424	0.01224	0.45272	0.01587	0.01221	0.01686	0.01286	0.01781	0.01053	0.01719	0.24877	0.00429	0.01150	0.00650	0.00296	0.00698
2	0.00846	0.00564	0.00634	0.00634	0.00634	0.00564	0.00352	0.00846	0.00846	0.01128	0.01832	0.03805	0.02114	0.79563	0.02960	0.00564	0.00564	0.00846	0.00352	0.00352
3	0.00752	0.00524	0.00662	0.00754	0.00777	0.00501	0.00481	0.00821	0.01029	0.01372	0.02771	0.55361	0.03299	0.26391	0.01443	0.00340	0.00409	0.01398	0.00481	0.00434
4	0.02125	0.01539	0.01662	0.01299	0.01744	0.01699	0.01065	0.59981	0.12838	0.07602	0.01584	0.01538	0.01125	0.00712	0.00583	0.00178	0.00606	0.00546	0.00591	0.00979
5	0.01518	0.55094	0.02830	0.01809	0.25019	0.02010	0.01245	0.01755	0.01227	0.01536	0.00899	0.01093	0.00802	0.00504	0.00437	0.00140	0.00644	0.00376	0.00261	0.00802
6	0.01014	0.00904	0.01488	0.53757	0.03068	0.01113	0.01334	0.01344	0.01091	0.01443	0.01199	0.01782	0.00990	0.01776	0.24814	0.00428	0.01022	0.00550	0.00275	0.00606
7	0.00780	0.00593	0.00718	0.00687	0.00842	0.00530	0.00515	0.01014	0.01545	0.02091	0.53589	0.04740	0.27677	0.01279	0.00686	0.00187	0.00281	0.01107	0.00608	0.00530
8	0.01281	0.01244	0.02518	0.01848	0.02293	0.01177	0.50621	0.01702	0.01324	0.01959	0.01404	0.01758	0.01075	0.00549	0.00598	0.00177	0.00756	0.00641	0.26367	0.00708
9	0.01625	0.01949	0.02868	0.02150	0.02647	0.25413	0.50847	0.02008	0.01460	0.01724	0.01089	0.01404	0.00840	0.00525	0.00635	0.00181	0.01002	0.00588	0.00296	0.00749
10	0.01491	0.49220	0.08074	0.01105	0.01576	0.01959	0.01059	0.02175	0.24478	0.01740	0.01319	0.01346	0.01071	0.00594	0.00456	0.00152	0.00589	0.00429	0.00357	0.00810
11	0.01262	0.42649	0.13987	0.01017	0.01458	0.01596	0.01037	0.01554	0.01336	0.01748	0.24492	0.02058	0.02243	0.00725	0.00500	0.00152	0.00550	0.00564	0.00372	0.00702
12	0.00718	0.00513	0.00686	0.00821	0.00859	0.00481	0.00557	0.00826	0.01123	0.01495	0.03200	0.76119	0.03825	0.01813	0.00745	0.00237	0.00346	0.04622	0.00540	0.00475
13	0.00894	0.00665	0.00852	0.00861	0.01015	0.00647	0.00690	0.01255	0.06804	0.02095	0.42136	0.04982	0.09862	0.01313	0.00716	0.00212	0.00372	0.23466	0.00596	0.00567
14	0.00999	0.00853	0.01324	0.48081	0.02714	0.01008	0.01139	0.01255	0.01097	0.01434	0.06663	0.02464	0.01538	0.25587	0.01341	0.00310	0.00672	0.00659	0.00316	0.00546
15	0.01121	0.00596	0.00606	0.00587	0.00728	0.00604	0.00436	0.04790	0.01265	0.02165	0.01868	0.02249	0.01512	0.06365	0.00599	0.00168	0.00310	0.00563	0.72920	0.00550

[dist]
# distance from previous block
# <min> <max>
1	4

[block]
# block no. 4 follows, 40 sequences, length 46
# corresponding to MSA columns:
# 420-465
name=unknown_E
#
# <colnr> <probs for GDERKNQSTAVLIFYWHMCP>
#	G	D	E	R	K	N	Q	S	T	A	V	L	I	F	Y	W	H	M	C	P
0	0.01072	0.00541	0.00546	0.00551	0.00683	0.00540	0.00411	0.01337	0.01216	0.02145	0.01940	0.04713	0.01568	0.00715	0.00418	0.00139	0.00273	0.00579	0.80074	0.00540
1	0.01100	0.01035	0.01745	0.78145	0.04006	0.01293	0.01615	0.01487	0.01164	0.01487	0.01035	0.01553	0.00777	0.00583	0.00582	0.00194	0.00776	0.00517	0.00259	0.00647
2	0.01556	0.79892	0.03048	0.00996	0.01494	0.02302	0.00996	0.01742	0.01183	0.01370	0.00810	0.00935	0.00748	0.00499	0.00374	0.00125	0.00622	0.00312	0.00249	0.00747
3	0.00710	0.00507	0.00676	0.00811	0.00845	0.00473	0.00541	0.00811	0.01114	0.01486	0.03206	0.79164	0.03847	0.01823	0.00743	0.00236	0.00338	0.01653	0.00540	0.00473
4	0.00825	0.00596	0.00779	0.00733	0.00870	0.00550	0.00549	0.01099	0.01647	0.02333	0.75610	0.04345	0.05487	0.01190	0.00687	0.00183	0.00275	0.01052	0.00641	0.00550
5	0.01556	0.79892	0.03048	0.00996	0.01494	0.02302	0.00996	0.01742	0.01183	0.01370	0.00810	0.00935	0.00748	0.00499	0.00374	0.00125	0.00622	0.00312	0.00249	0.00747
6	0.01168	0.03009	0.76530	0.01658	0.02518	0.01351	0.02149	0.01843	0.01229	0.01843	0.01045	0.01230	0.00738	0.00554	0.00553	0.00184	0.00860	0.00430	0.00246	0.00860
7	0.02610	0.00991	0.01351	0.01036	0.01486	0.00856	0.00855	0.02835	0.01665	0.76319	0.02296	0.01982	0.01441	0.00721	0.00586	0.00180	0.00495	0.00585	0.00720	0.00990
8	0.01441	0.01383	0.02361	0.03570	0.75916	0.01383	0.01785	0.01786	0.01325	0.01901	0.01096	0.01442	0.00923	0.00519	0.00576	0.00173	0.00691	0.00519	0.00288	0.00922
9	0.01556	0.79892	0.03048	0.00996	0.01494	0.02302	0.00996	0.01742	0.01183	0.01370	0.00810	0.00935	0.00748	0.00499	0.00374	0.00125	0.00622	0.00312	0.00249	0.00747
10	0.00835	0.00614	0.00885	0.00885	0.00971	0.00700	0.00664	0.01007	0.00921	0.01314	0.01606	0.02545	0.01568	0.17143	0.64610	0.00872	0.01389	0.00661	0.00319	0.00492
11	0.01274	0.01273	0.01782	0.01528	0.01528	0.01782	0.01273	0.01401	0.00892	0.01401	0.00765	0.01275	0.00765	0.01019	0.01909	0.00255	0.78478	0.00509	0.00255	0.00637
12	0.00710	0.00507	0.00676	0.00811	0.00845	0.00473	0.00541	0.00811	0.01114	0.01486	0.03206	0.79164	0.03847	0.01823	0.00743	0.00236	0.00338	0.01653	0.00540	0.00473
13	0.00932	0.00666	0.00928	0.01051	0.01185	0.00663	0.00914	0.01199	0.01359	0.01778	0.07566	0.06424	0.03480	0.01581	0.00797	0.00263	0.00520	0.67614	0.00542	0.00537
14	0.01213	0.01024	0.01194	0.00876	0.01362	0.00794	0.00696	0.04024	0.01256	0.01935	0.01183	0.06036	0.01052	0.00527	0.00456	0.00099	0.00433	0.00432	0.00366	0.75043
15	0.01182	0.05785	0.73877	0.01635	0.02481	0.01386	0.02107	0.01839	0.01227	0.01826	0.01037	0.01220	0.00739	0.00552	0.00547	0.00182	0.00851	0.00426	0.00246	0.00856
16	0.01100	0.01035	0.01745	0.78145	0.04006	0.01293	0.01615	0.01487	0.01164	0.01487	0.01035	0.01553	0.00777	0.00583	0.00582	0.00194	0.00776	0.00517	0.00259	0.00647
17	0.01110	0.01055	0.01810	0.75244	0.03969	0.01300	0.04382	0.01501	0.01172	0.01502	0.01041	0.01553	0.00781	0.00579	0.00586	0.00194	0.00784	0.00524	0.00260	0.00652
18	0.01208	0.01035	0.01207	0.00863	0.01379	0.00776	0.00690	0.01465	0.01207	0.01896	0.01035	0.01208	0.00863	0.00432	0.00431	0.00086	0.00431	0.00345	0.00345	0.83096
19	0.01274	0.01273	0.01782	0.01528	0.01528	0.01782	0.01273	0.01401	0.00892	0.01401	0.00765	0.01275	0.00765	0.01019	0.01909	0.00255	0.78478	0.00509	0.00255	0.00637
20	0.00710	0.00507	0.00676	0.00811	0.00845	0.00473	0.00541	0.00811	0.01114	0.01486	0.03206	0.79164	0.03847	0.01823	0.00743	0.00236	0.00338	0.01653	0.00540	0.00473
21	0.01272	0.01030	0.01206	0.00884	0.01373	0.00803	0.00704	0.04261	0.01277	0.04630	0.01203	0.05144	0.01038	0.00522	0.00458	0.00101	0.00437	0.00426	0.00378	0.72852
22	0.02480	0.01025	0.01353	0.01049	0.01484	0.00925	0.00862	0.07181	0.04363	0.66499	0.04889	0.02038	0.01571	0.00739	0.00589	0.00181	0.00495	0.00601	0.00704	0.00972
23	0.00847	0.00567	0.00647	0.00647	0.00651	0.00571	0.00368	0.00854	0.00850	0.01138	0.01823	0.03749	0.02090	0.76672	0.05796	0.00578	0.00602	0.00838	0.00351	0.00360
24	0.01220	0.01157	0.01962	0.51891	0.29322	0.01324	0.01675	0.01592	0.01221	0.01633	0.01057	0.01514	0.00828	0.00560	0.00580	0.00187	0.00746	0.00518	0.00269	0.00744
25	0.01448	0.01250	0.01316	0.01185	0.01513	0.01447	0.00921	0.03091	0.74865	0.02434	0.02368	0.02172	0.01777	0.00790	0.00592	0.00198	0.00461	0.00658	0.00592	0.00921
26	0.01100	0.01035	0.01745	0.78145	0.04006	0.01293	0.01615	0.01487	0.01164	0.01487	0.01035	0.01553	0.00777	0.00583	0.00582	0.00194	0.00776	0.00517	0.00259	0.00647
27	0.01220	0.01074	0.01372	0.00980	0.01502	0.00828	0.06110	0.01495	0.01219	0.01894	0.01046	0.01235	0.00865	0.00436	0.00450	0.00095	0.00472	0.00370	0.00341	0.76994
28	0.01100	0.01035	0.01745	0.78145	0.04006	0.01293	0.01615	0.01487	0.01164	0.01487	0.01035	0.01553	0.00777	0.00583	0.00582	0.00194	0.00776	0.00517	0.00259	0.00647
29	0.01086	0.00543	0.00543	0.00543	0.00679	0.00543	0.00407	0.01356	0.01221	0.02169	0.01899	0.02170	0.01492	0.00679	0.00407	0.00136	0.00272	0.00543	0.82769	0.00543
30	0.01086	0.00543	0.00543	0.00543	0.00679	0.00543	0.00407	0.01356	0.01221	0.02169	0.01899	0.02170	0.01492	0.00679	0.00407	0.00136	0.00272	0.00543	0.82769	0.00543
31	0.01448	0.01250	0.01316	0.01185	0.01513	0.01447	0.00921	0.03091	0.74865	0.02434	0.02368	0.02172	0.01777	0.00790	0.00592	0.00198	0.00461	0.00658	0.00592	0.00921
32	0.02212	0.01630	0.01746	0.01339	0.01804	0.01804	0.01106	0.73977	0.02735	0.03666	0.01398	0.01399	0.00991	0.00699	0.00582	0.00175	0.00640	0.00524	0.00582	0.00990
33	0.00707	0.00594	0.00615	0.00616	0.00807	0.00502	0.00467	0.00865	0.01347	0.01626	0.10102	0.05555	0.68746	0.01461	0.00692	0.00198	0.00303	0.03754	0.00547	0.00497
34	0.02330	0.01088	0.01368	0.01087	0.01511	0.01045	0.00885	0.07291	0.17850	0.55557	0.02256	0.01987	0.01487	0.00735	0.00587	0.00184	0.00497	0.00598	0.00684	0.00975
35	0.83649	0.01126	0.00856	0.00766	0.01126	0.01305	0.00631	0.01711	0.00991	0.02610	0.00812	0.00947	0.00631	0.00541	0.00361	0.00180	0.00450	0.00315	0.00360	0.00631
36	0.00710	0.00507	0.00676	0.00811	0.00845	0.00473	0.00541	0.00811	0.01114	0.01486	0.03206	0.79164	0.03847	0.01823	0.00743	0.00236	0.00338	0.01653	0.00540	0.00473
37	0.00689	0.00590	0.00590	0.00590	0.00787	0.00492	0.00443	0.00836	0.01327	0.01573	0.05891	0.05598	0.75680	0.01474	0.00688	0.00197	0.00295	0.01228	0.00541	0.00492
38	0.00833	0.00624	0.00936	0.00936	0.01040	0.00728	0.00728	0.01040	0.00936	0.01352	0.01559	0.02287	0.01455	0.04361	0.77238	0.00935	0.01558	0.00624	0.00312	0.00520
39	0.02610	0.00991	0.01351	0.01036	0.01486	0.00856	0.00855	0.02835	0.01665	0.76319	0.02296	0.01982	0.01441	0.00721	0.00586	0.00180	0.00495	0.00585	0.00720	0.00990
40	0.00825	0.00596	0.00779	0.00733	0.00870	0.00550	0.00549	0.01099	0.01647	0.02333	0.75610	0.04345	0.05487	0.01190	0.00687	0.00183	0.00275	0.01052	0.00641	0.00550
41	0.83649	0.01126	0.00856	0.00766	0.01126	0.01305	0.00631	0.01711	0.00991	0.02610	0.00812	0.00947	0.00631	0.00541	0.00361	0.00180	0.00450	0.00315	0.00360	0.00631
42	0.83649	0.01126	0.00856	0.00766	0.01126	0.01305	0.00631	0.01711	0.00991	0.02610	0.00812	0.00947	0.00631	0.00541	0.00361	0.00180	0.00450	0.00315	0.00360	0.00631
43	0.00710	0.00507	0.00676	0.00811	0.00845	0.00473	0.00541	0.00811	0.01114	0.01486	0.03206	0.79164	0.03847	0.01823	0.00743	0.00236	0.00338	0.01653	0.00540	0.00473
44	0.02174	0.02772	0.01649	0.01499	0.01799	0.77208	0.01124	0.02323	0.01649	0.01425	0.00901	0.01051	0.00751	0.00600	0.00525	0.00150	0.01049	0.00375	0.00300	0.00675
45	0.02212	0.01630	0.01746	0.01339	0.01804	0.01804	0.01106	0.73977	0.02735	0.03666	0.01398	0.01399	0.00991	0.00699	0.00582	0.00175	0.00640	0.00524	0.00582	0.00990

[dist]
# distance from previous block
# <min> <max>
0	5

[block]
# block no. 5 follows, 40 sequences, length 22
# corresponding to MSA columns:
# 471-492
name=unknown_F
#
# <colnr> <probs for GDERKNQSTAVLIFYWHMCP>
#	G	D	E	R	K	N	Q	S	T	A	V	L	I	F	Y	W	H	M	C	P
0	0.02611	0.01194	0.01500	0.01167	0.01623	0.01109	0.00949	0.17335	0.01940	0.60401	0.02198	0.01996	0.01440	0.00784	0.00629	0.00198	0.00561	0.00605	0.00722	0.01039
1	0.82366	0.01197	0.00933	0.00840	0.01205	0.01358	0.00677	0.01778	0.01060	0.02691	0.00921	0.01098	0.00735	0.00612	0.00409	0.00199	0.00487	0.00352	0.00396	0.00685
2	0.01555	0.79913	0.03047	0.00995	0.01493	0.02301	0.00995	0.01741	0.01182	0.01368	0.00808	0.00933	0.00746	0.00498	0.00373	0.00124	0.00622	0.00311	0.00249	0.00746
3	0.02211	0.01629	0.01745	0.01338	0.01803	0.01803	0.01105	0.73997	0.02734	0.03665	0.01396	0.01396	0.00989	0.00698	0.00582	0.00175	0.00640	0.00524	0.00582	0.00989
4	0.00709	0.00506	0.00675	0.00810	0.00843	0.00472	0.00540	0.00810	0.01113	0.01484	0.03205	0.79184	0.03846	0.01822	0.00742	0.00236	0.00337	0.01653	0.00540	0.00472
5	0.02172	0.02772	0.01648	0.01498	0.01798	0.77228	0.01124	0.02322	0.01648	0.01423	0.00899	0.01049	0.00749	0.00599	0.00524	0.00150	0.01049	0.00375	0.00300	0.00674
6	0.00808	0.00590	0.00760	0.00726	0.00862	0.00541	0.00541	0.01066	0.01599	0.02239	0.67390	0.08029	0.10195	0.01239	0.00689	0.00186	0.00279	0.01093	0.00628	0.00541
7	0.00945	0.00621	0.00816	0.00752	0.00911	0.00570	0.00570	0.01216	0.01647	0.07378	0.70629	0.04183	0.05211	0.01157	0.00679	0.00183	0.00289	0.01020	0.00646	0.00579
8	0.01166	0.03008	0.76550	0.01657	0.02517	0.01351	0.02149	0.01842	0.01228	0.01842	0.01044	0.01228	0.00737	0.00552	0.00552	0.00184	0.00859	0.00430	0.00246	0.00859
9	0.00829	0.00599	0.00786	0.00750	0.00887	0.00555	0.00570	0.01103	0.01629	0.02299	0.71602	0.04467	0.05368	0.01212	0.00692	0.00188	0.00289	0.04990	0.00634	0.00548
10	0.00846	0.00564	0.00634	0.00634	0.00634	0.00564	0.00352	0.00846	0.00846	0.01128	0.01832	0.03805	0.02114	0.79563	0.02960	0.00564	0.00564	0.00846	0.00352	0.00352
11	0.01555	0.79913	0.03047	0.00995	0.01493	0.02301	0.00995	0.01741	0.01182	0.01368	0.00808	0.00933	0.00746	0.00498	0.00373	0.00124	0.00622	0.00311	0.00249	0.00746
12	0.01206	0.01034	0.01206	0.00861	0.01378	0.00775	0.00689	0.01464	0.01206	0.01895	0.01034	0.01206	0.00861	0.00431	0.00431	0.00086	0.00431	0.00345	0.00345	0.83118
13	0.00714	0.00587	0.00628	0.00624	0.00803	0.00501	0.00466	0.00884	0.01380	0.01713	0.19116	0.07832	0.59878	0.01430	0.00689	0.00195	0.00292	0.01208	0.00559	0.00501
14	0.21382	0.01021	0.01235	0.00972	0.01401	0.00959	0.00803	0.02574	0.01508	0.59263	0.01950	0.01740	0.01252	0.00678	0.00533	0.00180	0.00484	0.00522	0.00636	0.00906
15	0.02172	0.02772	0.01648	0.01498	0.01798	0.77228	0.01124	0.02322	0.01648	0.01423	0.00899	0.01049	0.00749	0.00599	0.00524	0.00150	0.01049	0.00375	0.00300	0.00674
16	0.01089	0.00945	0.01457	0.50793	0.02909	0.01152	0.01256	0.03353	0.01126	0.01504	0.01233	0.02018	0.01091	0.16659	0.01147	0.00269	0.06111	0.00585	0.04713	0.00590
17	0.01010	0.00505	0.00758	0.00758	0.00758	0.00505	0.00505	0.00758	0.00758	0.01010	0.01010	0.01768	0.01010	0.02020	0.02273	0.83081	0.00505	0.00505	0.00253	0.00253
18	0.01226	0.02925	0.73461	0.01632	0.02474	0.01330	0.02095	0.01882	0.01246	0.04902	0.01095	0.01259	0.00766	0.00559	0.00554	0.00184	0.00844	0.00436	0.00265	0.00865
19	0.01312	0.01247	0.02094	0.31353	0.46524	0.01350	0.01692	0.01718	0.03777	0.01763	0.01115	0.01506	0.00896	0.00551	0.00578	0.00181	0.00714	0.00522	0.00287	0.00818
20	0.01084	0.00542	0.00542	0.00542	0.00678	0.00542	0.00407	0.01355	0.01220	0.02168	0.01897	0.02168	0.01491	0.00678	0.00407	0.00136	0.00271	0.00542	0.82791	0.00542
21	0.01279	0.01332	0.02333	0.13433	0.02425	0.01568	0.26609	0.01576	0.01110	0.01589	0.00957	0.01416	0.00810	0.00750	0.01236	0.00220	0.37305	0.00567	0.00272	0.03214

[dist]
# distance from previous block
# <min> <max>
0	2

[block]
# block no. 6 follows, 40 sequences, length 29
# corresponding to MSA columns:
# 495-523
name=unknown_G
#
# <colnr> <probs for GDERKNQSTAVLIFYWHMCP>
#	G	D	E	R	K	N	Q	S	T	A	V	L	I	F	Y	W	H	M	C	P
0	0.01206	0.01034	0.01206	0.00861	0.01378	0.00775	0.00689	0.01464	0.01206	0.01895	0.01034	0.01206	0.00861	0.00431	0.00431	0.00086	0.00431	0.00345	0.00345	0.83118
1	0.00987	0.00626	0.00803	0.00891	0.01026	0.00626	0.00757	0.01256	0.01298	0.01886	0.02678	0.05068	0.02716	0.01291	0.00668	0.00223	0.00446	0.47747	0.28470	0.00538
2	0.01282	0.01056	0.01253	0.05192	0.05790	0.01160	0.00897	0.08329	0.35699	0.02424	0.27020	0.02767	0.02866	0.00890	0.00621	0.00189	0.00442	0.00764	0.00572	0.00786
3	0.01706	0.01378	0.01461	0.01236	0.01611	0.01568	0.00983	0.27170	0.50382	0.02851	0.02037	0.01907	0.01508	0.00758	0.00588	0.00190	0.00521	0.00612	0.00588	0.00944
4	0.02586	0.01027	0.01373	0.01052	0.01503	0.00910	0.00869	0.06985	0.01727	0.72099	0.02242	0.01945	0.01413	0.00718	0.00585	0.00180	0.00503	0.00581	0.00712	0.00990
5	0.00966	0.00854	0.01381	0.51895	0.02931	0.01014	0.01250	0.01256	0.01146	0.01485	0.01771	0.27915	0.01818	0.01003	0.00636	0.00208	0.00627	0.00903	0.00354	0.00587
6	0.01988	0.28215	0.02187	0.01222	0.01698	0.01972	0.01068	0.49458	0.02207	0.02885	0.01197	0.01239	0.00907	0.00630	0.00511	0.00157	0.00634	0.00451	0.00469	0.00907
7	0.01157	0.01115	0.01757	0.52138	0.03163	0.01458	0.01499	0.01456	0.01070	0.01456	0.00942	0.01456	0.00771	0.00730	0.01032	0.00214	0.27171	0.00514	0.00257	0.00643
8	0.00831	0.00584	0.00729	0.00699	0.00789	0.00554	0.00482	0.01012	0.01374	0.01923	0.50567	0.04161	0.04342	0.27805	0.01458	0.00312	0.00373	0.00982	0.00542	0.00482
9	0.55496	0.00915	0.00794	0.00780	0.01029	0.01022	0.00599	0.01404	0.01032	0.02227	0.01623	0.27515	0.01722	0.00975	0.00490	0.00199	0.00412	0.00769	0.00421	0.00576
10	0.01035	0.00817	0.00960	0.00885	0.01087	0.00854	0.00675	0.01774	0.26518	0.02366	0.50749	0.03605	0.04226	0.01053	0.00654	0.00188	0.00337	0.00918	0.00624	0.00675
11	0.01896	0.00841	0.01118	0.00967	0.01268	0.00759	0.00752	0.02161	0.05749	0.46606	0.02608	0.28209	0.02276	0.01098	0.00639	0.00200	0.00439	0.00952	0.00651	0.00810
12	0.00862	0.00620	0.00832	0.00847	0.00983	0.00590	0.00681	0.01134	0.01542	0.02131	0.50990	0.05096	0.04760	0.01331	0.00726	0.00212	0.00363	0.25153	0.00605	0.00544
13	0.00782	0.00562	0.00740	0.00760	0.00860	0.00521	0.00545	0.00993	0.01453	0.02025	0.49427	0.31419	0.04893	0.01418	0.00706	0.00202	0.00297	0.01269	0.00604	0.00521
14	0.01675	0.02002	0.01317	0.01264	0.01474	0.51162	0.00925	0.01808	0.01466	0.01444	0.01682	0.27584	0.01801	0.01014	0.00598	0.00179	0.00807	0.00809	0.00381	0.00606
15	0.83671	0.01125	0.00855	0.00765	0.01125	0.01305	0.00630	0.01709	0.00990	0.02609	0.00810	0.00945	0.00630	0.00540	0.00360	0.00180	0.00450	0.00315	0.00360	0.00630
16	0.00709	0.00506	0.00675	0.00810	0.00843	0.00472	0.00540	0.00810	0.01113	0.01484	0.03205	0.79184	0.03846	0.01822	0.00742	0.00236	0.00337	0.01653	0.00540	0.00472
17	0.00864	0.01356	0.26442	0.01098	0.01412	0.00771	0.01086	0.01160	0.01152	0.01606	0.02471	0.52709	0.02790	0.01391	0.00678	0.00219	0.00515	0.01238	0.00440	0.00604
18	0.00917	0.00596	0.00801	0.00801	0.00916	0.00664	0.00618	0.01146	0.01031	0.01628	0.01673	0.02245	0.01466	0.03110	0.51159	0.00663	0.01121	0.00596	0.28322	0.00527
19	0.02091	0.00838	0.01075	0.00867	0.01210	0.00749	0.00702	0.02332	0.01513	0.51150	0.02159	0.02043	0.01457	0.00705	0.00524	0.00165	0.00419	0.00570	0.28592	0.00838
20	0.00694	0.00561	0.00618	0.00664	0.00805	0.00485	0.00475	0.00826	0.01253	0.01542	0.04979	0.30587	0.51298	0.01591	0.00706	0.00210	0.00309	0.01372	0.00540	0.00485
21	0.83671	0.01125	0.00855	0.00765	0.01125	0.01305	0.00630	0.01709	0.00990	0.02609	0.00810	0.00945	0.00630	0.00540	0.00360	0.00180	0.00450	0.00315	0.00360	0.00630
22	0.83671	0.01125	0.00855	0.00765	0.01125	0.01305	0.00630	0.01709	0.00990	0.02609	0.00810	0.00945	0.00630	0.00540	0.00360	0.00180	0.00450	0.00315	0.00360	0.00630
23	0.05615	0.01375	0.01155	0.01100	0.01277	0.26728	0.00835	0.01498	0.01175	0.01428	0.01311	0.01884	0.01210	0.07271	0.42848	0.00607	0.01269	0.00536	0.00312	0.00568
24	0.05603	0.48850	0.02113	0.00860	0.01182	0.01659	0.00758	0.01435	0.01057	0.01351	0.01156	0.01909	0.01205	0.27351	0.01251	0.00277	0.00593	0.00493	0.00290	0.00606
25	0.55624	0.00927	0.00749	0.00689	0.00973	0.01046	0.00554	0.01589	0.01068	0.02459	0.01179	0.01360	0.00922	0.00587	0.00376	0.00165	0.00389	0.00392	0.28354	0.00600
26	0.01403	0.01438	0.02762	0.02063	0.02444	0.01544	0.45373	0.01756	0.01224	0.05596	0.01095	0.01489	0.00871	0.00681	0.01096	0.00215	0.27281	0.00621	0.00303	0.00745
27	0.00974	0.00722	0.00921	0.06434	0.01222	0.00742	0.00706	0.12446	0.01374	0.01830	0.02763	0.61307	0.03174	0.01555	0.00705	0.00223	0.00417	0.01393	0.00526	0.00567
28	0.01476	0.01236	0.01745	0.52074	0.03257	0.01466	0.01442	0.26111	0.01696	0.02226	0.01157	0.01498	0.00848	0.00621	0.00582	0.00187	0.00729	0.00519	0.00368	0.00762

[dist]
# distance from previous block
# <min> <max>
0	2

[block]
# block no. 7 follows, 40 sequences, length 16
# corresponding to MSA columns:
# 526-541
name=unknown_H
#
# <colnr> <probs for GDERKNQSTAVLIFYWHMCP>
#	G	D	E	R	K	N	Q	S	T	A	V	L	I	F	Y	W	H	M	C	P
0	0.00709	0.00506	0.00675	0.00810	0.00843	0.00472	0.00540	0.00810	0.01113	0.01484	0.03205	0.79184	0.03846	0.01822	0.00742	0.00236	0.00337	0.01653	0.00540	0.00472
1	0.01767	0.01307	0.01499	0.05168	0.01733	0.01433	0.01080	0.48173	0.02230	0.02969	0.01889	0.02974	0.01695	0.00968	0.00649	0.00204	0.00615	0.22263	0.00551	0.00834
2	0.01373	0.01184	0.01282	0.01085	0.01471	0.01242	0.00850	0.02596	0.52482	0.02269	0.01961	0.01877	0.01497	0.00680	0.00543	0.00163	0.00451	0.00562	0.00517	0.25913
3	0.00788	0.00568	0.00746	0.00755	0.00861	0.00525	0.00546	0.01010	0.01484	0.02074	0.53608	0.27099	0.04988	0.01381	0.00703	0.00199	0.00294	0.01235	0.00610	0.00525
4	0.01027	0.02247	0.53480	0.01400	0.02008	0.01084	0.01659	0.01528	0.01193	0.01733	0.01701	0.24931	0.01682	0.00938	0.00610	0.00200	0.00701	0.00802	0.00335	0.00742
5	0.01565	0.00980	0.01174	0.00970	0.01263	0.00985	0.00773	0.23574	0.01980	0.15990	0.39925	0.03024	0.03394	0.00956	0.00636	0.00180	0.00425	0.00807	0.00637	0.00762
6	0.00965	0.00820	0.01192	0.01115	0.01187	0.01047	0.00893	0.01148	0.00921	0.01365	0.01316	0.01977	0.01244	0.03345	0.54348	0.00728	0.24952	0.00588	0.00294	0.00555
7	0.01721	0.02108	0.01326	0.01222	0.01490	0.53896	0.00916	0.01870	0.01550	0.01468	0.02417	0.02431	0.23538	0.00865	0.00574	0.00164	0.00819	0.00634	0.00373	0.00618
8	0.01206	0.01034	0.01206	0.00861	0.01378	0.00775	0.00689	0.01464	0.01206	0.01895	0.01034	0.01206	0.00861	0.00431	0.00431	0.00086	0.00431	0.00345	0.00345	0.83118
9	0.01198	0.09277	0.70558	0.01603	0.02433	0.01428	0.02055	0.01833	0.01224	0.01803	0.01024	0.01204	0.00737	0.00548	0.00538	0.00179	0.00840	0.00420	0.00246	0.00850
10	0.01203	0.00976	0.01048	0.00973	0.01248	0.01047	0.00762	0.02188	0.41925	0.05054	0.03580	0.03637	0.26203	0.01076	0.00640	0.00202	0.00413	0.06500	0.00575	0.00751
11	0.01335	0.55804	0.02405	0.00977	0.01354	0.01822	0.00913	0.01528	0.01106	0.01363	0.01036	0.01344	0.00961	0.01672	0.23751	0.00371	0.00906	0.00406	0.00268	0.00677
12	0.05347	0.01103	0.01196	0.01050	0.01343	0.01222	0.00822	0.13444	0.37828	0.02602	0.24417	0.02651	0.02726	0.00884	0.00608	0.00189	0.00431	0.00740	0.00594	0.00804
13	0.01496	0.00652	0.00938	0.00842	0.00979	0.00611	0.00611	0.01389	0.01033	0.23914	0.01401	0.01832	0.01141	0.01625	0.01759	0.57874	0.00502	0.00529	0.00395	0.00477
14	0.01475	0.01796	0.24222	0.01330	0.01836	0.01410	0.01303	0.07545	0.43662	0.06267	0.01894	0.01820	0.01388	0.00707	0.00579	0.00191	0.00596	0.00575	0.00493	0.00910
15	0.01176	0.01126	0.01943	0.60291	0.17668	0.01318	0.05135	0.01561	0.01204	0.01583	0.01052	0.01530	0.00808	0.00565	0.00585	0.00190	0.00769	0.00525	0.00266	0.00705

[dist]
# distance from previous block
# <min> <max>
0	1

[block]
# block no. 8 follows, 40 sequences, length 6
# corresponding to MSA columns:
# 543-548
name=unknown_I
#
# <colnr> <probs for GDERKNQSTAVLIFYWHMCP>
#	G	D	E	R	K	N	Q	S	T	A	V	L	I	F	Y	W	H	M	C	P
0	0.54377	0.01237	0.04332	0.07892	0.01560	0.01308	0.00862	0.09724	0.01284	0.11136	0.01076	0.01181	0.00781	0.00582	0.00438	0.00181	0.00523	0.00392	0.00412	0.00722
1	0.02197	0.02043	0.01710	0.01396	0.01801	0.29133	0.01112	0.48026	0.02341	0.02853	0.01216	0.01270	0.00902	0.00662	0.00561	0.00166	0.00788	0.00470	0.00480	0.00875
2	0.00990	0.00623	0.00794	0.00879	0.01014	0.00623	0.00745	0.01259	0.01296	0.01895	0.02651	0.04968	0.02674	0.01270	0.00659	0.00220	0.00440	0.46121	0.30341	0.00538
3	0.02186	0.02357	0.01683	0.01440	0.01800	0.49899	0.01117	0.28293	0.02042	0.02235	0.01079	0.01175	0.00836	0.00635	0.00545	0.00159	0.00901	0.00429	0.00402	0.00788
4	0.01639	0.01220	0.01356	0.01104	0.01439	0.01317	0.00887	0.41218	0.08815	0.03071	0.28381	0.02534	0.02689	0.00884	0.00620	0.00180	0.00491	0.00727	0.00604	0.00823
5	0.01297	0.01115	0.01915	0.02250	0.34159	0.01095	0.15622	0.01645	0.01296	0.01990	0.01401	0.01729	0.01120	0.00570	0.00536	0.00164	0.00596	0.00560	0.30184	0.00757

[dist]
# distance from previous block
# <min> <max>
1	221

# created by:
# /software/SequenceAnalysis/GenePrediction/augustus/3.0.1/scripts/msa2prfl.pl ./fixed/BUSCOvEOG7NW0ZZ.fas
