[name]
unknown

[dist]
# distance from previous block
# <min> <max>
0	199

[block]
# block no. 0 follows, 40 sequences, length 7
# corresponding to MSA columns:
# 225-231
name=unknown_A
#
# <colnr> <probs for GDERKNQSTAVLIFYWHMCP>
#	G	D	E	R	K	N	Q	S	T	A	V	L	I	F	Y	W	H	M	C	P
0	0.02007	0.01137	0.01359	0.01123	0.01502	0.01163	0.00917	0.18179	0.18483	0.32796	0.05941	0.02453	0.01806	0.00839	0.00612	0.00191	0.00511	0.07432	0.00639	0.00908
1	0.21790	0.02077	0.01442	0.01271	0.01611	0.41415	0.00984	0.12612	0.07996	0.02121	0.01077	0.01171	0.00844	0.00616	0.00499	0.00165	0.00794	0.00406	0.00380	0.00730
2	0.01357	0.01298	0.02212	0.21498	0.58647	0.01360	0.01744	0.01713	0.01285	0.01800	0.01079	0.01466	0.00886	0.00533	0.00577	0.00178	0.00711	0.00518	0.00281	0.00855
3	0.01356	0.01516	0.03212	0.02294	0.02875	0.01402	0.66608	0.01823	0.01356	0.01866	0.01162	0.01533	0.00880	0.00484	0.00661	0.00185	0.00926	0.00653	0.00299	0.08907
4	0.01365	0.01306	0.02226	0.19850	0.60236	0.01362	0.01748	0.01719	0.01289	0.01809	0.01081	0.01464	0.00889	0.00532	0.00577	0.00177	0.00709	0.00518	0.00281	0.00861
5	0.01377	0.01318	0.02248	0.17159	0.62832	0.01365	0.01754	0.01730	0.01295	0.01824	0.01083	0.01460	0.00895	0.00530	0.00577	0.00177	0.00706	0.00518	0.00282	0.00871
6	0.01383	0.01325	0.02259	0.15790	0.64152	0.01367	0.01757	0.01736	0.01298	0.01832	0.01084	0.01457	0.00897	0.00528	0.00577	0.00176	0.00705	0.00518	0.00283	0.00876

[dist]
# distance from previous block
# <min> <max>
0	1

[block]
# block no. 1 follows, 40 sequences, length 22
# corresponding to MSA columns:
# 233-254
name=unknown_B
#
# <colnr> <probs for GDERKNQSTAVLIFYWHMCP>
#	G	D	E	R	K	N	Q	S	T	A	V	L	I	F	Y	W	H	M	C	P
0	0.63800	0.01092	0.00976	0.00831	0.01213	0.01194	0.00685	0.01985	0.01155	0.20683	0.01174	0.01198	0.00828	0.00584	0.00415	0.00180	0.00461	0.00381	0.00448	0.00718
1	0.00833	0.00601	0.00791	0.00761	0.00897	0.00559	0.00582	0.01107	0.01620	0.02281	0.69435	0.04533	0.05304	0.01224	0.00696	0.00190	0.00297	0.07110	0.00631	0.00548
2	0.00903	0.00645	0.00899	0.01033	0.01152	0.00640	0.00879	0.01147	0.01306	0.01703	0.03098	0.17240	0.03420	0.01638	0.00794	0.00263	0.00506	0.61672	0.00536	0.00526
3	0.00770	0.00550	0.00745	0.00880	0.00941	0.00525	0.00647	0.00916	0.01174	0.01553	0.03171	0.59662	0.03712	0.01764	0.00759	0.00245	0.00391	0.20568	0.00539	0.00489
4	0.01206	0.01034	0.01206	0.00861	0.01378	0.00775	0.00689	0.01464	0.01206	0.01895	0.01034	0.01206	0.00861	0.00431	0.00431	0.00086	0.00431	0.00345	0.00345	0.83118
5	0.01098	0.01034	0.01744	0.78165	0.04005	0.01292	0.01615	0.01486	0.01163	0.01486	0.01034	0.01550	0.00775	0.00581	0.00581	0.00194	0.00775	0.00517	0.00258	0.00646
6	0.00823	0.00594	0.00777	0.00732	0.00869	0.00549	0.00549	0.01097	0.01646	0.02332	0.75629	0.04344	0.05487	0.01189	0.00686	0.00183	0.00274	0.01052	0.00640	0.00549
7	0.00823	0.00594	0.00777	0.00732	0.00869	0.00549	0.00549	0.01097	0.01646	0.02332	0.75629	0.04344	0.05487	0.01189	0.00686	0.00183	0.00274	0.01052	0.00640	0.00549
8	0.00709	0.00506	0.00675	0.00810	0.00843	0.00472	0.00540	0.00810	0.01113	0.01484	0.03205	0.79184	0.03846	0.01822	0.00742	0.00236	0.00337	0.01653	0.00540	0.00472
9	0.01446	0.01249	0.01315	0.01183	0.01512	0.01446	0.00920	0.03090	0.74885	0.02433	0.02367	0.02170	0.01775	0.00789	0.00592	0.00197	0.00460	0.00657	0.00592	0.00920
10	0.01206	0.01034	0.01206	0.00861	0.01378	0.00775	0.00689	0.01464	0.01206	0.01895	0.01034	0.01206	0.00861	0.00431	0.00431	0.00086	0.00431	0.00345	0.00345	0.83118
11	0.00709	0.00506	0.00675	0.00810	0.00843	0.00472	0.00540	0.00810	0.01113	0.01484	0.03205	0.79184	0.03846	0.01822	0.00742	0.00236	0.00337	0.01653	0.00540	0.00472
12	0.01439	0.01382	0.02360	0.03569	0.75936	0.01382	0.01785	0.01785	0.01324	0.01900	0.01094	0.01439	0.00921	0.00518	0.00576	0.00173	0.00691	0.00518	0.00288	0.00921
13	0.00823	0.00594	0.00777	0.00732	0.00869	0.00549	0.00549	0.01097	0.01646	0.02332	0.75629	0.04344	0.05487	0.01189	0.00686	0.00183	0.00274	0.01052	0.00640	0.00549
14	0.02172	0.02772	0.01648	0.01498	0.01798	0.77228	0.01124	0.02322	0.01648	0.01423	0.00899	0.01049	0.00749	0.00599	0.00524	0.00150	0.01049	0.00375	0.00300	0.00674
15	0.83671	0.01125	0.00855	0.00765	0.01125	0.01305	0.00630	0.01709	0.00990	0.02609	0.00810	0.00945	0.00630	0.00540	0.00360	0.00180	0.00450	0.00315	0.00360	0.00630
16	0.02221	0.01532	0.21563	0.01202	0.01762	0.00988	0.01202	0.02567	0.01547	0.56314	0.01958	0.01777	0.01251	0.00675	0.00576	0.00181	0.00593	0.00543	0.00592	0.00955
17	0.01224	0.01207	0.01687	0.01466	0.01468	0.01669	0.01210	0.01349	0.00910	0.01407	0.00972	0.07923	0.01027	0.01086	0.01809	0.00253	0.71826	0.00607	0.00279	0.00622
18	0.00826	0.00596	0.00785	0.00766	0.00897	0.00555	0.00582	0.01089	0.01586	0.02228	0.64766	0.09157	0.05197	0.01265	0.00700	0.00194	0.00301	0.07344	0.00625	0.00543
19	0.01226	0.02554	0.58107	0.01486	0.02259	0.01261	0.01812	0.05381	0.01299	0.01943	0.01059	0.01232	0.00774	0.00536	0.00530	0.00165	0.00765	0.00418	0.00282	0.16912
20	0.02023	0.01531	0.01641	0.01285	0.01730	0.01686	0.01051	0.57701	0.15295	0.03355	0.01547	0.01522	0.01120	0.00700	0.00575	0.00174	0.00597	0.00537	0.00571	0.05360
21	0.17391	0.01056	0.01272	0.01006	0.01433	0.01011	0.00827	0.05475	0.06101	0.55362	0.01991	0.01778	0.01294	0.00690	0.00544	0.00181	0.00490	0.00537	0.00640	0.00919

[dist]
# distance from previous block
# <min> <max>
0	53

[block]
# block no. 2 follows, 40 sequences, length 8
# corresponding to MSA columns:
# 309-316
name=unknown_C
#
# <colnr> <probs for GDERKNQSTAVLIFYWHMCP>
#	G	D	E	R	K	N	Q	S	T	A	V	L	I	F	Y	W	H	M	C	P
0	0.26339	0.01349	0.02295	0.01686	0.02194	0.01310	0.39965	0.01753	0.01230	0.02095	0.01042	0.01321	0.00802	0.00496	0.00547	0.00174	0.00732	0.00519	0.00322	0.13830
1	0.00846	0.00606	0.00827	0.00927	0.01031	0.00587	0.00743	0.01064	0.01329	0.01775	0.16876	0.28194	0.03904	0.01593	0.00762	0.00242	0.00426	0.37192	0.00557	0.00519
2	0.01385	0.01326	0.02262	0.15507	0.64425	0.01367	0.01758	0.01737	0.01298	0.01834	0.01084	0.01457	0.00898	0.00528	0.00577	0.00176	0.00704	0.00518	0.00283	0.00877
3	0.01045	0.00972	0.01524	0.38845	0.18225	0.01068	0.01295	0.01351	0.01246	0.01599	0.02521	0.02756	0.23560	0.00839	0.00612	0.00190	0.00611	0.00733	0.00350	0.00657
4	0.01852	0.01781	0.01339	0.01164	0.01459	0.33244	0.00901	0.21695	0.01816	0.02265	0.01338	0.01484	0.01040	0.00650	0.00504	0.00152	0.00700	0.00466	0.25429	0.00720
5	0.01202	0.01139	0.01931	0.55512	0.25849	0.01319	0.01667	0.01577	0.01212	0.01612	0.01052	0.01517	0.00820	0.00562	0.00580	0.00187	0.00750	0.00517	0.00267	0.00730
6	0.45796	0.00999	0.00993	0.00841	0.01193	0.01047	0.00685	0.01953	0.01300	0.24955	0.13233	0.01803	0.01653	0.00698	0.00480	0.00180	0.00435	0.00515	0.00514	0.00726
7	0.14163	0.05042	0.38514	0.01231	0.01746	0.01115	0.01372	0.01503	0.01153	0.01836	0.01653	0.24845	0.01664	0.00934	0.00572	0.00197	0.00626	0.00778	0.00353	0.00701

[dist]
# distance from previous block
# <min> <max>
0	1

[block]
# block no. 3 follows, 40 sequences, length 29
# corresponding to MSA columns:
# 318-346
name=unknown_D
#
# <colnr> <probs for GDERKNQSTAVLIFYWHMCP>
#	G	D	E	R	K	N	Q	S	T	A	V	L	I	F	Y	W	H	M	C	P
0	0.01346	0.38490	0.42637	0.01352	0.02044	0.01789	0.01616	0.01795	0.01206	0.01623	0.00935	0.01092	0.00741	0.00527	0.00470	0.00157	0.00750	0.00375	0.00247	0.00807
1	0.00715	0.00564	0.00646	0.00681	0.00817	0.00494	0.00489	0.00868	0.01310	0.01664	0.16032	0.28444	0.42141	0.01537	0.00704	0.00207	0.00305	0.01333	0.00556	0.00494
2	0.01748	0.55755	0.02609	0.01153	0.01588	0.25766	0.01035	0.01923	0.01328	0.01385	0.00837	0.00969	0.00747	0.00529	0.00420	0.00132	0.00756	0.00331	0.00265	0.00724
3	0.00846	0.00564	0.00634	0.00634	0.00634	0.00564	0.00352	0.00846	0.00846	0.01128	0.01832	0.03805	0.02114	0.79563	0.02960	0.00564	0.00564	0.00846	0.00352	0.00352
4	0.01481	0.02934	0.53093	0.01608	0.02292	0.25113	0.01828	0.01992	0.01359	0.01711	0.00998	0.01172	0.00741	0.00567	0.00544	0.00173	0.00919	0.00412	0.00262	0.00801
5	0.01446	0.01249	0.01315	0.01183	0.01512	0.01446	0.00920	0.03090	0.74885	0.02433	0.02367	0.02170	0.01775	0.00789	0.00592	0.00197	0.00460	0.00657	0.00592	0.00920
6	0.01509	0.01578	0.01344	0.01061	0.01510	0.24718	0.00825	0.01733	0.01344	0.01747	0.00991	0.01157	0.00826	0.00483	0.00460	0.00106	0.00624	0.00354	0.00330	0.57299
7	0.57918	0.01205	0.01326	0.01643	0.24553	0.01329	0.00991	0.01733	0.01094	0.02387	0.00899	0.01100	0.00721	0.00533	0.00427	0.00178	0.00525	0.00379	0.00337	0.00721
8	0.02211	0.01629	0.01745	0.01338	0.01803	0.01803	0.01105	0.73997	0.02734	0.03665	0.01396	0.01396	0.00989	0.00698	0.00582	0.00175	0.00640	0.00524	0.00582	0.00989
9	0.00730	0.00591	0.00648	0.00634	0.00812	0.00509	0.00475	0.00917	0.01426	0.01809	0.27731	0.05204	0.53711	0.01384	0.00687	0.00192	0.00288	0.01172	0.00571	0.00509
10	0.01304	0.00658	0.00886	0.00880	0.01044	0.00592	0.00638	0.01444	0.01286	0.24926	0.02920	0.55006	0.03092	0.01477	0.00693	0.00219	0.00387	0.01319	0.00596	0.00634
11	0.00787	0.00567	0.00745	0.00756	0.00861	0.00525	0.00546	0.01007	0.01479	0.02067	0.52948	0.27781	0.04973	0.01387	0.00704	0.00200	0.00294	0.01240	0.00609	0.00525
12	0.01857	0.02846	0.25105	0.01548	0.02023	0.53466	0.01445	0.02172	0.01516	0.01554	0.00944	0.01105	0.00745	0.00585	0.00533	0.00161	0.00989	0.00392	0.00283	0.00732
13	0.01686	0.01368	0.01450	0.01232	0.01603	0.01558	0.00978	0.25296	0.52290	0.02819	0.02063	0.01927	0.01529	0.00760	0.00589	0.00190	0.00516	0.00616	0.00589	0.00942
14	0.02184	0.02414	0.01678	0.01448	0.01800	0.53608	0.01118	0.24768	0.01988	0.02125	0.01055	0.01158	0.00824	0.00630	0.00542	0.00158	0.00921	0.00421	0.00388	0.00773
15	0.00744	0.00554	0.00745	0.00819	0.00897	0.00555	0.00585	0.00885	0.01086	0.01454	0.03051	0.45193	0.12771	0.02570	0.24697	0.00450	0.00714	0.01273	0.00468	0.00490
16	0.01447	0.01220	0.01745	0.54106	0.03316	0.01452	0.01455	0.24194	0.01655	0.02168	0.01147	0.01502	0.00842	0.00618	0.00582	0.00188	0.00733	0.00519	0.00360	0.00753
17	0.02136	0.01003	0.01473	0.25190	0.02274	0.00992	0.01093	0.02412	0.01507	0.52897	0.01899	0.01845	0.01231	0.00676	0.00584	0.00184	0.00583	0.00564	0.00575	0.00882
18	0.01179	0.00858	0.01010	0.00975	0.01144	0.00889	0.00717	0.23729	0.01621	0.02167	0.02639	0.54823	0.02951	0.01470	0.00692	0.00217	0.00432	0.01299	0.00553	0.00634
19	0.01177	0.00919	0.00968	0.00847	0.01125	0.00911	0.00674	0.23765	0.01767	0.02235	0.04344	0.04329	0.48726	0.01237	0.00660	0.00193	0.00415	0.04507	0.00553	0.00649
20	0.02172	0.02772	0.01648	0.01498	0.01798	0.77228	0.01124	0.02322	0.01648	0.01423	0.00899	0.01049	0.00749	0.00599	0.00524	0.00150	0.01049	0.00375	0.00300	0.00674
21	0.01923	0.01792	0.01520	0.01283	0.01630	0.25200	0.01007	0.34279	0.08616	0.02607	0.07175	0.05448	0.01485	0.00768	0.00577	0.00172	0.00700	0.00586	0.02419	0.00814
22	0.01098	0.01034	0.01744	0.78165	0.04005	0.01292	0.01615	0.01486	0.01163	0.01486	0.01034	0.01550	0.00775	0.00581	0.00581	0.00194	0.00775	0.00517	0.00258	0.00646
23	0.01209	0.01042	0.01088	0.00997	0.01285	0.01147	0.00771	0.02384	0.51848	0.02163	0.03471	0.03243	0.24926	0.01003	0.00622	0.00197	0.00408	0.00836	0.00576	0.00786
24	0.00803	0.00546	0.00647	0.00689	0.00700	0.00535	0.00411	0.00834	0.00929	0.01239	0.02262	0.27411	0.02657	0.55217	0.02265	0.00461	0.00493	0.01099	0.00411	0.00390
25	0.01516	0.01422	0.01574	0.01367	0.01551	0.09652	0.01100	0.07669	0.24315	0.03975	0.01444	0.03864	0.01206	0.00892	0.01175	0.00217	0.35312	0.00578	0.00412	0.00761
26	0.02609	0.00990	0.01350	0.01035	0.01484	0.00855	0.00855	0.02834	0.01664	0.76338	0.02294	0.01979	0.01439	0.00720	0.00585	0.00180	0.00495	0.00585	0.00720	0.00990
27	0.00727	0.00514	0.00669	0.00786	0.00815	0.00485	0.00515	0.00815	0.01077	0.01436	0.03020	0.69035	0.03613	0.12289	0.01041	0.00280	0.00368	0.01544	0.00515	0.00456
28	0.01256	0.01063	0.01233	0.00885	0.01399	0.00826	0.00710	0.05050	0.01281	0.01982	0.01052	0.01215	0.00868	0.00444	0.00438	0.00091	0.00441	0.00353	0.00356	0.79058

[dist]
# distance from previous block
# <min> <max>
0	1

[block]
# block no. 4 follows, 40 sequences, length 49
# corresponding to MSA columns:
# 348-396
name=unknown_E
#
# <colnr> <probs for GDERKNQSTAVLIFYWHMCP>
#	G	D	E	R	K	N	Q	S	T	A	V	L	I	F	Y	W	H	M	C	P
0	0.02183	0.01212	0.01432	0.01133	0.01543	0.01234	0.00922	0.29793	0.08417	0.34953	0.04195	0.05304	0.01528	0.00780	0.00590	0.00181	0.00528	0.00629	0.02507	0.00937
1	0.01349	0.01397	0.01757	0.01509	0.01547	0.08332	0.01246	0.01481	0.00964	0.01413	0.00781	0.01251	0.00764	0.00968	0.01754	0.00242	0.69980	0.00493	0.00260	0.02510
2	0.01448	0.01038	0.01137	0.00966	0.01178	0.01113	0.00707	0.33740	0.01718	0.02300	0.01756	0.09290	0.01759	0.37323	0.01697	0.00360	0.00578	0.00771	0.00472	0.00649
3	0.01191	0.01246	0.02552	0.01882	0.02320	0.01165	0.49555	0.01609	0.01463	0.02018	0.25835	0.02488	0.02407	0.00722	0.00686	0.00192	0.00747	0.00807	0.00409	0.00706
4	0.01650	0.01589	0.02873	0.02082	0.02630	0.01581	0.49740	0.25753	0.01824	0.02460	0.01249	0.01512	0.00918	0.00559	0.00652	0.00189	0.00868	0.00632	0.00389	0.00852
5	0.28629	0.01422	0.02578	0.01893	0.02405	0.01416	0.49582	0.01812	0.01246	0.02110	0.01055	0.01362	0.00799	0.00507	0.00578	0.00191	0.00805	0.00563	0.00316	0.00733
6	0.00754	0.00525	0.00661	0.00752	0.00774	0.00503	0.00478	0.00822	0.01025	0.01366	0.02750	0.54219	0.03273	0.27569	0.01477	0.00345	0.00412	0.01386	0.00478	0.00433
7	0.00838	0.00681	0.01029	0.26429	0.01891	0.00744	0.00896	0.01034	0.01130	0.01485	0.02486	0.53472	0.02829	0.01411	0.00689	0.00222	0.00482	0.01277	0.00447	0.00530
8	0.00841	0.00656	0.00991	0.00941	0.01029	0.00630	0.09159	0.00953	0.01040	0.01393	0.02416	0.40125	0.02796	0.30927	0.03096	0.00368	0.00523	0.01215	0.00436	0.00465
9	0.00701	0.00534	0.00646	0.00737	0.00824	0.00478	0.00507	0.00818	0.01184	0.01513	0.04095	0.54812	0.27643	0.01706	0.00724	0.00223	0.00323	0.01512	0.00540	0.00478
10	0.00709	0.00506	0.00675	0.00810	0.00843	0.00472	0.00540	0.00810	0.01113	0.01484	0.03205	0.79184	0.03846	0.01822	0.00742	0.00236	0.00337	0.01653	0.00540	0.00472
11	0.01041	0.00859	0.01030	0.00844	0.01201	0.00675	0.00640	0.01247	0.01175	0.01759	0.01753	0.27032	0.01850	0.00891	0.00534	0.00136	0.00400	0.00778	0.00409	0.55746
12	0.01086	0.08909	0.45050	0.01293	0.01882	0.01168	0.01518	0.01586	0.01362	0.01963	0.25725	0.02234	0.02311	0.00758	0.00581	0.00179	0.00645	0.00625	0.00377	0.00747
13	0.01027	0.00855	0.01302	0.01671	0.25730	0.00825	0.00958	0.01325	0.01539	0.02189	0.50943	0.03382	0.03975	0.00967	0.00649	0.00180	0.00412	0.00875	0.00523	0.00672
14	0.01555	0.79913	0.03047	0.00995	0.01493	0.02301	0.00995	0.01741	0.01182	0.01368	0.00808	0.00933	0.00746	0.00498	0.00373	0.00124	0.00622	0.00311	0.00249	0.00746
15	0.01098	0.01034	0.01744	0.78165	0.04005	0.01292	0.01615	0.01486	0.01163	0.01486	0.01034	0.01550	0.00775	0.00581	0.00581	0.00194	0.00775	0.00517	0.00258	0.00646
16	0.01650	0.01589	0.02873	0.02082	0.02630	0.01581	0.49740	0.25753	0.01824	0.02460	0.01249	0.01512	0.00918	0.00559	0.00652	0.00189	0.00868	0.00632	0.00389	0.00852
17	0.00788	0.00579	0.00744	0.00757	0.00876	0.00528	0.00549	0.00994	0.01425	0.01966	0.42465	0.29180	0.10322	0.01407	0.00699	0.00200	0.00307	0.02652	0.00588	0.02972
18	0.76573	0.01169	0.00932	0.00815	0.01184	0.01348	0.00671	0.08008	0.01142	0.02701	0.00861	0.00984	0.00661	0.00554	0.00379	0.00179	0.00466	0.00333	0.00379	0.00661
19	0.01811	0.01318	0.01449	0.01179	0.01589	0.01414	0.00946	0.26350	0.33429	0.11687	0.01879	0.01776	0.01366	0.00708	0.00568	0.00174	0.00520	0.00567	0.00575	0.10694
20	0.01279	0.46942	0.08700	0.00965	0.01375	0.01638	0.00948	0.01537	0.01339	0.01729	0.25609	0.02088	0.02316	0.00731	0.00492	0.00149	0.00527	0.00567	0.00378	0.00691
21	0.56240	0.00939	0.00782	0.00722	0.00962	0.01059	0.00538	0.01423	0.00942	0.02118	0.01148	0.01892	0.01121	0.26712	0.01221	0.00307	0.00488	0.00491	0.00357	0.00538
22	0.00889	0.00615	0.00968	0.00961	0.01042	0.00590	0.06953	0.00924	0.01041	0.01386	0.02289	0.39551	0.02599	0.01750	0.01250	0.27673	0.00469	0.08194	0.00423	0.00433
23	0.28394	0.00794	0.00821	0.00819	0.01026	0.00825	0.00621	0.01382	0.03176	0.08714	0.02503	0.31567	0.08697	0.02886	0.00644	0.00217	0.00406	0.05427	0.00494	0.00587
24	0.28446	0.01064	0.01450	0.52531	0.03051	0.01296	0.01289	0.01560	0.01105	0.01858	0.00959	0.01350	0.00727	0.00568	0.00508	0.00189	0.00667	0.00450	0.00292	0.00641
25	0.00721	0.00548	0.00669	0.00759	0.00856	0.00496	0.00542	0.00852	0.01203	0.01535	0.04084	0.48484	0.27600	0.01687	0.00729	0.00226	0.00340	0.07643	0.00539	0.00484
26	0.01865	0.02086	0.26520	0.01444	0.02040	0.01653	0.01451	0.50099	0.02235	0.03061	0.01279	0.01340	0.00905	0.00650	0.00572	0.00178	0.00713	0.00492	0.00470	0.00946
27	0.35380	0.01383	0.01321	0.01061	0.01481	0.02997	0.00870	0.34775	0.03849	0.03001	0.01142	0.01209	0.00848	0.00611	0.00477	0.00169	0.00547	0.00423	0.00465	0.07990
28	0.29190	0.01462	0.01450	0.01148	0.01579	0.01638	0.00948	0.50056	0.02156	0.03315	0.01202	0.01247	0.00870	0.00646	0.00508	0.00176	0.00577	0.00454	0.00508	0.00870
29	0.29456	0.01034	0.01186	0.00945	0.01365	0.01004	0.00780	0.02462	0.01441	0.51920	0.01803	0.01637	0.01171	0.00660	0.00510	0.00180	0.00480	0.00495	0.00601	0.00870
30	0.28185	0.00711	0.00734	0.00795	0.00937	0.00748	0.00570	0.01108	0.01072	0.01857	0.02412	0.53271	0.02781	0.01397	0.00616	0.00218	0.00375	0.01210	0.00480	0.00524
31	0.01930	0.02287	0.01886	0.02181	0.26352	0.50497	0.01342	0.03676	0.01564	0.01629	0.00974	0.01185	0.00811	0.00574	0.00543	0.00158	0.00921	0.00425	0.00302	0.00763
32	0.02172	0.02772	0.01648	0.01498	0.01798	0.77228	0.01124	0.02322	0.01648	0.01423	0.00899	0.01049	0.00749	0.00599	0.00524	0.00150	0.01049	0.00375	0.00300	0.00674
33	0.01512	0.02551	0.51775	0.01552	0.02281	0.01501	0.01803	0.25739	0.01727	0.02445	0.01160	0.01284	0.00820	0.00601	0.00562	0.00181	0.00787	0.00461	0.00357	0.00902
34	0.00965	0.00719	0.00824	0.00709	0.00881	0.00634	0.00464	0.01051	0.00965	0.01382	0.01568	0.02945	0.01699	0.53355	0.02122	0.00406	0.00520	0.00680	0.00350	0.27764
35	0.00838	0.00574	0.00682	0.00666	0.00712	0.00559	0.00417	0.00929	0.01111	0.01526	0.26273	0.03984	0.03231	0.53606	0.02207	0.00438	0.00468	0.00914	0.00448	0.00417
36	0.01331	0.01000	0.01079	0.00969	0.01268	0.01061	0.00754	0.02313	0.41967	0.10783	0.03526	0.03282	0.26219	0.01007	0.00623	0.00195	0.00409	0.00838	0.00590	0.00786
37	0.01313	0.01242	0.01594	0.01392	0.01502	0.01631	0.01134	0.01942	0.25404	0.01744	0.01367	0.03885	0.01190	0.00966	0.01438	0.00235	0.50330	0.00592	0.00375	0.00725
38	0.02018	0.00859	0.01160	0.00934	0.01281	0.00753	0.00753	0.02259	0.01658	0.51828	0.26582	0.02762	0.02780	0.00875	0.00618	0.00181	0.00422	0.00739	0.00693	0.00844
39	0.01929	0.01041	0.01457	0.26573	0.02287	0.01085	0.01097	0.10693	0.01586	0.36472	0.01736	0.01785	0.01171	0.00668	0.00568	0.00180	0.00585	0.00551	0.07702	0.00837
40	0.01153	0.01217	0.02518	0.01907	0.02312	0.01140	0.49552	0.01514	0.01287	0.01737	0.01848	0.27274	0.01864	0.00931	0.00705	0.00209	0.00767	0.01007	0.00375	0.00681
41	0.02246	0.01365	0.01614	0.07932	0.01890	0.01445	0.01067	0.44110	0.02243	0.27544	0.01662	0.01603	0.01120	0.00695	0.00583	0.00178	0.00604	0.00543	0.00599	0.00959
42	0.01097	0.00759	0.01097	0.01012	0.01012	0.00928	0.00759	0.00970	0.00802	0.01139	0.00928	0.01604	0.00928	0.01688	0.02152	0.55649	0.26336	0.00506	0.00253	0.00380
43	0.01139	0.01075	0.01817	0.69324	0.12530	0.01303	0.01635	0.01521	0.01182	0.01535	0.01041	0.01537	0.00792	0.00574	0.00581	0.00191	0.00765	0.00517	0.00262	0.00679
44	0.01242	0.03958	0.50970	0.01908	0.02671	0.01408	0.25865	0.01847	0.01275	0.01840	0.01083	0.01335	0.00785	0.00531	0.00593	0.00187	0.00895	0.00512	0.00262	0.00832
45	0.01214	0.01105	0.01602	0.52669	0.03180	0.01343	0.01385	0.02017	0.25579	0.01799	0.01475	0.01755	0.01106	0.00650	0.00585	0.00195	0.00671	0.00563	0.00369	0.00737
46	0.01206	0.00878	0.01029	0.00985	0.01161	0.00913	0.00727	0.25049	0.01650	0.02207	0.02606	0.53421	0.02900	0.01450	0.00689	0.00216	0.00438	0.01279	0.00554	0.00643
47	0.04455	0.00863	0.01145	0.00926	0.01270	0.00767	0.00747	0.02225	0.01638	0.49611	0.26537	0.02731	0.02756	0.00870	0.00612	0.00181	0.00420	0.00731	0.00683	0.00833
48	0.01400	0.45979	0.09901	0.01018	0.01559	0.01699	0.01011	0.01660	0.01194	0.01591	0.00907	0.01053	0.00783	0.00481	0.00410	0.00118	0.00583	0.00334	0.00280	0.28039

[dist]
# distance from previous block
# <min> <max>
0	1

[block]
# block no. 5 follows, 40 sequences, length 44
# corresponding to MSA columns:
# 398-441
name=unknown_F
#
# <colnr> <probs for GDERKNQSTAVLIFYWHMCP>
#	G	D	E	R	K	N	Q	S	T	A	V	L	I	F	Y	W	H	M	C	P
0	0.78753	0.01165	0.00918	0.00809	0.01176	0.01341	0.00664	0.05913	0.01101	0.02682	0.00860	0.00993	0.00666	0.00560	0.00380	0.00182	0.00466	0.00332	0.00378	0.00659
1	0.01182	0.03014	0.76371	0.01666	0.02525	0.01358	0.02152	0.01851	0.01237	0.01856	0.01059	0.01250	0.00752	0.00563	0.00559	0.00187	0.00864	0.00435	0.00251	0.00867
2	0.00847	0.00569	0.00651	0.00665	0.00671	0.00563	0.00381	0.00854	0.00887	0.01184	0.02001	0.12354	0.02322	0.70575	0.02709	0.00529	0.00543	0.00941	0.00379	0.00375
3	0.01461	0.01260	0.01325	0.01193	0.01523	0.01454	0.00927	0.03097	0.74710	0.02445	0.02379	0.02189	0.01788	0.00799	0.00598	0.00200	0.00466	0.00662	0.00596	0.00928
4	0.01280	0.01256	0.01725	0.01461	0.01521	0.01674	0.01212	0.01418	0.00937	0.01471	0.00810	0.01286	0.00790	0.00961	0.01744	0.00238	0.69471	0.00495	0.00270	0.09981
5	0.01182	0.03014	0.76371	0.01666	0.02525	0.01358	0.02152	0.01851	0.01237	0.01856	0.01059	0.01250	0.00752	0.00563	0.00559	0.00187	0.00864	0.00435	0.00251	0.00867
6	0.00953	0.00681	0.00948	0.01081	0.01216	0.00679	0.00943	0.01216	0.01348	0.01755	0.03090	0.06568	0.03355	0.01614	0.00809	0.00270	0.00541	0.71847	0.00540	0.00544
7	0.01388	0.01578	0.03436	0.02458	0.03046	0.01478	0.73647	0.01872	0.01382	0.01877	0.01192	0.01590	0.00897	0.00501	0.00693	0.00199	0.00985	0.00691	0.00300	0.00792
8	0.00827	0.00596	0.00777	0.00752	0.00878	0.00550	0.00555	0.01076	0.01594	0.02249	0.67259	0.12830	0.05305	0.01269	0.00699	0.00192	0.00287	0.01123	0.00633	0.00548
9	0.01114	0.01044	0.01753	0.77982	0.04010	0.01300	0.01619	0.01496	0.01173	0.01501	0.01049	0.01571	0.00790	0.00592	0.00588	0.00197	0.00780	0.00522	0.00264	0.00654
10	0.00732	0.00593	0.00613	0.00618	0.00775	0.00512	0.00439	0.00848	0.01245	0.01508	0.05097	0.08589	0.60028	0.14544	0.01076	0.00262	0.00347	0.01186	0.00513	0.00475
11	0.01114	0.01044	0.01753	0.77982	0.04010	0.01300	0.01619	0.01496	0.01173	0.01501	0.01049	0.01571	0.00790	0.00592	0.00588	0.00197	0.00780	0.00522	0.00264	0.00654
12	0.01388	0.01578	0.03436	0.02458	0.03046	0.01478	0.73647	0.01872	0.01382	0.01877	0.01192	0.01590	0.00897	0.00501	0.00693	0.00199	0.00985	0.00691	0.00300	0.00792
13	0.01182	0.03014	0.76371	0.01666	0.02525	0.01358	0.02152	0.01851	0.01237	0.01856	0.01059	0.01250	0.00752	0.00563	0.00559	0.00187	0.00864	0.00435	0.00251	0.00867
14	0.00978	0.00716	0.01017	0.01202	0.04829	0.00713	0.00984	0.01244	0.01347	0.01762	0.02994	0.06320	0.03238	0.01562	0.00798	0.00266	0.00548	0.68390	0.00528	0.00563
15	0.10522	0.02801	0.67802	0.01565	0.02368	0.01353	0.01980	0.01836	0.01210	0.01943	0.01033	0.01217	0.00740	0.00562	0.00537	0.00187	0.00817	0.00422	0.00264	0.00841
16	0.01416	0.01352	0.02298	0.12018	0.67617	0.01379	0.01770	0.01761	0.01315	0.01867	0.01103	0.01473	0.00919	0.00536	0.00583	0.00178	0.00705	0.00523	0.00290	0.00897
17	0.01182	0.03014	0.76371	0.01666	0.02525	0.01358	0.02152	0.01851	0.01237	0.01856	0.01059	0.01250	0.00752	0.00563	0.00559	0.00187	0.00864	0.00435	0.00251	0.00867
18	0.01454	0.01392	0.02368	0.03573	0.75759	0.01389	0.01789	0.01795	0.01334	0.01914	0.01109	0.01460	0.00936	0.00529	0.00582	0.00176	0.00696	0.00523	0.00293	0.00929
19	0.01426	0.01363	0.02316	0.09826	0.69730	0.01382	0.01775	0.01770	0.01320	0.01879	0.01104	0.01470	0.00924	0.00534	0.00583	0.00177	0.00703	0.00523	0.00291	0.00905
20	0.00866	0.00634	0.00812	0.00762	0.00908	0.00596	0.00571	0.01193	0.04732	0.02349	0.72379	0.04266	0.05334	0.01181	0.00688	0.00186	0.00288	0.01039	0.00643	0.00573
21	0.01182	0.03014	0.76371	0.01666	0.02525	0.01358	0.02152	0.01851	0.01237	0.01856	0.01059	0.01250	0.00752	0.00563	0.00559	0.00187	0.00864	0.00435	0.00251	0.00867
22	0.10830	0.01367	0.02635	0.01941	0.02444	0.01300	0.48931	0.01926	0.01385	0.12113	0.03712	0.01950	0.01230	0.00624	0.00649	0.00199	0.00811	0.04785	0.00390	0.00781
23	0.01026	0.00517	0.00769	0.00769	0.00770	0.00515	0.00512	0.00770	0.00768	0.01026	0.01026	0.01788	0.01025	0.02027	0.02275	0.82875	0.00510	0.00510	0.00258	0.00262
24	0.01454	0.01392	0.02368	0.03573	0.75759	0.01389	0.01789	0.01795	0.01334	0.01914	0.01109	0.01460	0.00936	0.00529	0.00582	0.00176	0.00696	0.00523	0.00293	0.00929
25	0.01182	0.03014	0.76371	0.01666	0.02525	0.01358	0.02152	0.01851	0.01237	0.01856	0.01059	0.01250	0.00752	0.00563	0.00559	0.00187	0.00864	0.00435	0.00251	0.00867
26	0.01434	0.01372	0.02332	0.07901	0.71586	0.01384	0.01779	0.01777	0.01324	0.01890	0.01106	0.01467	0.00927	0.00532	0.00583	0.00177	0.00701	0.00523	0.00292	0.00913
27	0.00862	0.00576	0.00646	0.00646	0.00647	0.00574	0.00360	0.00858	0.00856	0.01143	0.01846	0.03821	0.02126	0.79375	0.02960	0.00566	0.00569	0.00850	0.00358	0.00361
28	0.00862	0.00576	0.00646	0.00646	0.00647	0.00574	0.00360	0.00858	0.00856	0.01143	0.01846	0.03821	0.02126	0.79375	0.02960	0.00566	0.00569	0.00850	0.00358	0.00361
29	0.01182	0.03014	0.76371	0.01666	0.02525	0.01358	0.02152	0.01851	0.01237	0.01856	0.01059	0.01250	0.00752	0.00563	0.00559	0.00187	0.00864	0.00435	0.00251	0.00867
30	0.01451	0.56356	0.25389	0.01207	0.01815	0.02018	0.01352	0.01782	0.01205	0.01527	0.00896	0.01045	0.00759	0.00525	0.00435	0.00146	0.00699	0.00353	0.00253	0.00789
31	0.00849	0.00628	0.00912	0.00911	0.01005	0.00718	0.00691	0.01028	0.00935	0.01340	0.01603	0.02476	0.01542	0.12875	0.68662	0.00894	0.01448	0.00653	0.00322	0.00509
32	0.00921	0.00743	0.01087	0.01044	0.01132	0.00912	0.00825	0.01111	0.00938	0.01373	0.01439	0.02135	0.01352	0.03804	0.64483	0.00822	0.14416	0.00609	0.00307	0.00547
33	0.83479	0.01135	0.00866	0.00776	0.01136	0.01312	0.00637	0.01720	0.01000	0.02621	0.00826	0.00967	0.00645	0.00550	0.00367	0.00183	0.00455	0.00320	0.00365	0.00638
34	0.01388	0.01578	0.03436	0.02458	0.03046	0.01478	0.73647	0.01872	0.01382	0.01877	0.01192	0.01590	0.00897	0.00501	0.00693	0.00199	0.00985	0.00691	0.00300	0.00792
35	0.01479	0.01386	0.02297	0.07754	0.67302	0.01409	0.01740	0.05967	0.01406	0.01992	0.01123	0.01464	0.00931	0.00543	0.00583	0.00177	0.00698	0.00523	0.00309	0.00917
36	0.01130	0.00821	0.00975	0.00958	0.01113	0.00845	0.00698	0.21323	0.01568	0.02096	0.02698	0.57381	0.03045	0.01507	0.00697	0.00219	0.00422	0.01337	0.00552	0.00617
37	0.83671	0.01125	0.00855	0.00765	0.01125	0.01305	0.00630	0.01709	0.00990	0.02609	0.00810	0.00945	0.00630	0.00540	0.00360	0.00180	0.00450	0.00315	0.00360	0.00630
38	0.00709	0.00506	0.00675	0.00810	0.00843	0.00472	0.00540	0.00810	0.01113	0.01484	0.03205	0.79184	0.03846	0.01822	0.00742	0.00236	0.00337	0.01653	0.00540	0.00472
39	0.01641	0.01230	0.01339	0.01170	0.01521	0.01381	0.00920	0.06220	0.61553	0.12693	0.02313	0.02109	0.01694	0.00775	0.00590	0.00194	0.00473	0.00641	0.00609	0.00933
40	0.01316	0.01493	0.10692	0.22239	0.43188	0.01363	0.07844	0.01722	0.01276	0.01785	0.01080	0.01454	0.00860	0.00536	0.00584	0.00181	0.00756	0.00522	0.00276	0.00833
41	0.01185	0.06726	0.72997	0.01625	0.02467	0.01396	0.02093	0.01837	0.01226	0.01819	0.01032	0.01213	0.00737	0.00550	0.00544	0.00181	0.00848	0.00424	0.00246	0.00854
42	0.01195	0.06043	0.64997	0.01615	0.02362	0.01439	0.02001	0.01787	0.01188	0.01772	0.01002	0.01220	0.00740	0.00603	0.00698	0.00190	0.09638	0.00434	0.00247	0.00829
43	0.01958	0.01410	0.01534	0.01204	0.01598	0.01526	0.00968	0.56854	0.02345	0.05688	0.01545	0.05274	0.01258	0.09667	0.00852	0.00218	0.00604	0.00607	0.00549	0.04344

[dist]
# distance from previous block
# <min> <max>
7	13

[block]
# block no. 6 follows, 40 sequences, length 6
# corresponding to MSA columns:
# 455-460
name=unknown_G
#
# <colnr> <probs for GDERKNQSTAVLIFYWHMCP>
#	G	D	E	R	K	N	Q	S	T	A	V	L	I	F	Y	W	H	M	C	P
0	0.11609	0.01056	0.01327	0.10876	0.01747	0.01057	0.00923	0.07783	0.07136	0.38909	0.06490	0.01888	0.01481	0.00701	0.00558	0.00179	0.00517	0.00564	0.00576	0.04622
1	0.01140	0.09061	0.31057	0.11208	0.06179	0.03678	0.01444	0.01578	0.01359	0.01888	0.23208	0.02175	0.02166	0.00740	0.00580	0.00178	0.00649	0.00618	0.00369	0.00727
2	0.00970	0.00917	0.01220	0.01237	0.08814	0.05876	0.09251	0.01188	0.01362	0.01730	0.14812	0.18276	0.29622	0.01224	0.00675	0.00196	0.00471	0.01088	0.00485	0.00587
3	0.01376	0.20134	0.06656	0.12408	0.34754	0.01510	0.01455	0.01697	0.01248	0.01714	0.01007	0.01291	0.00842	0.00512	0.00508	0.00154	0.00662	0.00441	0.00279	0.11353
4	0.04538	0.10681	0.01789	0.11086	0.01975	0.04841	0.01110	0.38501	0.14881	0.02774	0.01411	0.01468	0.01049	0.00666	0.00549	0.00174	0.00634	0.00508	0.00484	0.00880
5	0.28943	0.25965	0.10569	0.01059	0.01521	0.04140	0.01016	0.06592	0.01280	0.09791	0.01031	0.01127	0.00795	0.00577	0.00487	0.00165	0.03453	0.00378	0.00358	0.00756

[dist]
# distance from previous block
# <min> <max>
6	9

[block]
# block no. 7 follows, 40 sequences, length 10
# corresponding to MSA columns:
# 470-479
name=unknown_H
#
# <colnr> <probs for GDERKNQSTAVLIFYWHMCP>
#	G	D	E	R	K	N	Q	S	T	A	V	L	I	F	Y	W	H	M	C	P
0	0.01119	0.01034	0.01639	0.63051	0.03492	0.01191	0.01434	0.01482	0.01171	0.01566	0.01034	0.01483	0.00792	0.00552	0.00552	0.00173	0.00708	0.00483	0.00275	0.16771
1	0.01260	0.01055	0.01372	0.01417	0.15890	0.00936	0.00911	0.04903	0.06061	0.03663	0.03680	0.09801	0.04635	0.00702	0.00531	0.00140	0.00475	0.00608	0.00406	0.41556
2	0.14570	0.01362	0.02560	0.16893	0.02825	0.01369	0.43758	0.01742	0.01260	0.01911	0.01081	0.01444	0.00820	0.00513	0.00599	0.00187	0.00824	0.00574	0.00301	0.05408
3	0.01172	0.13743	0.01954	0.65731	0.03600	0.01455	0.01515	0.01527	0.01166	0.01467	0.00997	0.01451	0.00771	0.00568	0.00548	0.00183	0.00750	0.00484	0.00257	0.00662
4	0.44271	0.01182	0.01134	0.00983	0.01340	0.01316	0.00820	0.21351	0.01553	0.06307	0.01406	0.02022	0.01204	0.00763	0.00503	0.00193	0.00518	0.11938	0.00466	0.00730
5	0.01239	0.00986	0.01151	0.00906	0.01288	0.00864	0.00712	0.13011	0.01537	0.02234	0.17171	0.09297	0.02149	0.00767	0.00539	0.00135	0.00422	0.00648	0.00464	0.44480
6	0.20050	0.01113	0.01164	0.00971	0.01320	0.06278	0.00779	0.06250	0.05645	0.31458	0.16824	0.02147	0.02034	0.00770	0.00552	0.00179	0.00485	0.00607	0.00580	0.00794
7	0.01428	0.01145	0.01395	0.18141	0.02039	0.01255	0.01031	0.02452	0.40605	0.08301	0.01851	0.01862	0.01379	0.00680	0.00563	0.00177	0.00528	0.00570	0.00489	0.14110
8	0.01098	0.01034	0.01744	0.78165	0.04005	0.01292	0.01615	0.01486	0.01163	0.01486	0.01034	0.01550	0.00775	0.00581	0.00581	0.00194	0.00775	0.00517	0.00258	0.00646
9	0.01278	0.01396	0.02918	0.19109	0.03141	0.01380	0.54130	0.01726	0.01313	0.01760	0.01248	0.05512	0.01009	0.00578	0.00666	0.00198	0.00902	0.00698	0.00299	0.00738

[dist]
# distance from previous block
# <min> <max>
1	12

[block]
# block no. 8 follows, 40 sequences, length 11
# corresponding to MSA columns:
# 492-502
name=unknown_I
#
# <colnr> <probs for GDERKNQSTAVLIFYWHMCP>
#	G	D	E	R	K	N	Q	S	T	A	V	L	I	F	Y	W	H	M	C	P
0	0.00804	0.00619	0.00885	0.14166	0.01396	0.00633	0.00728	0.00998	0.01254	0.01695	0.20775	0.47216	0.03722	0.01451	0.00700	0.00216	0.00397	0.01308	0.00516	0.00521
1	0.13070	0.01133	0.01769	0.48538	0.21414	0.01316	0.01515	0.01592	0.01178	0.01750	0.01016	0.01436	0.00790	0.00560	0.00548	0.00187	0.00707	0.00488	0.00280	0.00712
2	0.15338	0.00918	0.00997	0.07579	0.01369	0.01021	0.00757	0.01767	0.22957	0.01998	0.02714	0.02770	0.19747	0.01406	0.11602	0.00297	0.00593	0.00716	0.04794	0.00662
3	0.00996	0.00923	0.01458	0.58943	0.03207	0.01093	0.01324	0.01324	0.01203	0.01507	0.02237	0.02553	0.19341	0.00802	0.00608	0.00194	0.00656	0.00693	0.00328	0.00608
4	0.01922	0.01129	0.01317	0.01029	0.01446	0.01086	0.00838	0.24037	0.03791	0.28551	0.02462	0.02320	0.14068	0.00804	0.00580	0.00168	0.00494	0.00645	0.00589	0.12725
5	0.01208	0.01121	0.01759	0.54115	0.13930	0.01332	0.01519	0.01806	0.13933	0.01709	0.01273	0.01641	0.00969	0.00608	0.00582	0.00191	0.00709	0.00541	0.00320	0.00733
6	0.01374	0.01181	0.01744	0.59128	0.03460	0.01419	0.01489	0.19453	0.01552	0.02026	0.01123	0.01512	0.00828	0.00610	0.00581	0.00189	0.00742	0.00518	0.00339	0.00731
7	0.15882	0.01700	0.01600	0.01757	0.19967	0.23752	0.01121	0.05797	0.07807	0.02020	0.01105	0.01266	0.00889	0.00566	0.00504	0.00157	0.00695	0.00428	0.00354	0.12635
8	0.01206	0.00940	0.01227	0.01406	0.14062	0.00960	0.00890	0.19114	0.01563	0.02101	0.02534	0.42559	0.06448	0.01299	0.00671	0.00208	0.00471	0.01154	0.00507	0.00679
9	0.00958	0.00998	0.13926	0.00977	0.01189	0.00761	0.00886	0.01139	0.00970	0.01432	0.01367	0.01962	0.01223	0.02757	0.37781	0.21080	0.01048	0.00552	0.08478	0.00514
10	0.35985	0.01223	0.01638	0.13129	0.34107	0.01336	0.01274	0.01710	0.01160	0.02139	0.00966	0.01247	0.00778	0.00536	0.00486	0.00179	0.00602	0.00432	0.00314	0.00759

[dist]
# distance from previous block
# <min> <max>
5	13

[block]
# block no. 9 follows, 40 sequences, length 8
# corresponding to MSA columns:
# 516-523
name=unknown_J
#
# <colnr> <probs for GDERKNQSTAVLIFYWHMCP>
#	G	D	E	R	K	N	Q	S	T	A	V	L	I	F	Y	W	H	M	C	P
0	0.01524	0.05753	0.10604	0.01689	0.02194	0.01273	0.31872	0.07746	0.01461	0.13497	0.01599	0.11936	0.01350	0.00726	0.00627	0.00188	0.00736	0.00724	0.00411	0.04089
1	0.06524	0.11605	0.01541	0.01124	0.04615	0.01170	0.00887	0.02483	0.13816	0.40666	0.07921	0.01983	0.01664	0.00721	0.00553	0.00175	0.00494	0.00580	0.00590	0.00887
2	0.18299	0.02998	0.15615	0.01327	0.09568	0.05509	0.01105	0.05723	0.01393	0.13997	0.06856	0.01663	0.01315	0.00646	0.00508	0.00171	0.00572	0.00501	0.11465	0.00769
3	0.01519	0.01013	0.04171	0.11331	0.01660	0.03227	0.00929	0.01953	0.09808	0.24167	0.21065	0.03026	0.06547	0.00925	0.00630	0.00191	0.00496	0.06027	0.00568	0.00747
4	0.01861	0.01207	0.06561	0.11427	0.01870	0.01089	0.01041	0.11161	0.08988	0.31816	0.08634	0.01973	0.01608	0.00714	0.00579	0.00176	0.00546	0.00588	0.00557	0.07602
5	0.01329	0.01321	0.07843	0.12332	0.28270	0.01229	0.01382	0.09517	0.06875	0.02016	0.01546	0.10153	0.01408	0.00765	0.00596	0.00184	0.00625	0.04747	0.00381	0.07481
6	0.01323	0.42595	0.23006	0.01301	0.06807	0.01732	0.01294	0.01650	0.01223	0.01563	0.01574	0.01674	0.10803	0.00645	0.00479	0.00154	0.00648	0.00481	0.00290	0.00755
7	0.07788	0.00970	0.01138	0.00979	0.01305	0.00972	0.00789	0.06036	0.17187	0.27817	0.11547	0.02977	0.10401	0.00933	0.00611	0.00193	0.00446	0.06498	0.00614	0.00802

[dist]
# distance from previous block
# <min> <max>
13	142

[block]
# block no. 10 follows, 40 sequences, length 10
# corresponding to MSA columns:
# 671-680
name=unknown_K
#
# <colnr> <probs for GDERKNQSTAVLIFYWHMCP>
#	G	D	E	R	K	N	Q	S	T	A	V	L	I	F	Y	W	H	M	C	P
0	0.01388	0.19868	0.32587	0.01333	0.01901	0.01429	0.05593	0.06518	0.01330	0.06487	0.06039	0.01503	0.01153	0.00757	0.00718	0.09129	0.00697	0.00483	0.00328	0.00760
1	0.06755	0.01158	0.01301	0.01060	0.01432	0.01191	0.00845	0.07506	0.23662	0.02173	0.01498	0.04190	0.01226	0.00679	0.00657	0.00156	0.08891	0.00514	0.00436	0.34668
2	0.10253	0.01096	0.10775	0.00973	0.01315	0.00855	0.00883	0.01790	0.04397	0.21195	0.31477	0.03031	0.03027	0.00929	0.00612	0.00188	0.00450	0.05460	0.00570	0.00724
3	0.11670	0.01126	0.01276	0.01034	0.01422	0.01160	0.00840	0.16505	0.14186	0.32910	0.01914	0.01797	0.01319	0.00702	0.00540	0.00177	0.00488	0.00549	0.09499	0.00887
4	0.01771	0.01199	0.01344	0.01089	0.01450	0.01263	0.00878	0.34811	0.10638	0.13526	0.15134	0.02541	0.10008	0.00882	0.00613	0.00182	0.00497	0.00717	0.00608	0.00850
5	0.01141	0.01255	0.07712	0.32396	0.07714	0.01226	0.15262	0.01594	0.05206	0.01731	0.07077	0.02162	0.08853	0.00719	0.00664	0.00194	0.03391	0.00662	0.00341	0.00699
6	0.01047	0.00768	0.00870	0.00827	0.01039	0.00758	0.00624	0.01578	0.19216	0.07708	0.16259	0.15856	0.28677	0.01255	0.00665	0.00199	0.00354	0.01076	0.00584	0.00641
7	0.01435	0.01304	0.02198	0.04517	0.02152	0.01359	0.28629	0.09695	0.06218	0.05949	0.01300	0.01608	0.01021	0.01037	0.09085	0.00270	0.12065	0.00587	0.00368	0.09203
8	0.06915	0.09742	0.01423	0.01048	0.01401	0.06349	0.00847	0.11467	0.25620	0.06305	0.07546	0.02262	0.10064	0.00798	0.00555	0.00173	0.00507	0.00632	0.00508	0.05836
9	0.01632	0.07623	0.24500	0.01681	0.11548	0.05041	0.04133	0.09679	0.14384	0.11864	0.01464	0.01519	0.01068	0.00622	0.00560	0.00178	0.00693	0.00509	0.00413	0.00889

[dist]
# distance from previous block
# <min> <max>
0	1

[block]
# block no. 11 follows, 40 sequences, length 9
# corresponding to MSA columns:
# 682-690
name=unknown_L
#
# <colnr> <probs for GDERKNQSTAVLIFYWHMCP>
#	G	D	E	R	K	N	Q	S	T	A	V	L	I	F	Y	W	H	M	C	P
0	0.12859	0.01099	0.01248	0.02937	0.01463	0.01017	0.00790	0.13032	0.01489	0.15347	0.01416	0.06164	0.01134	0.00628	0.00495	0.00141	0.00480	0.00496	0.00460	0.37305
1	0.22653	0.25506	0.10471	0.01363	0.08759	0.12951	0.01137	0.07796	0.01349	0.01988	0.00925	0.01074	0.00753	0.00548	0.00449	0.00158	0.00677	0.00372	0.00316	0.00755
2	0.09528	0.24930	0.01878	0.01169	0.01542	0.23162	0.00968	0.04889	0.20458	0.01891	0.03473	0.01405	0.01152	0.00634	0.00488	0.00159	0.00675	0.00449	0.00386	0.00763
3	0.04573	0.01081	0.08357	0.01055	0.01343	0.00922	0.02750	0.12066	0.05557	0.10977	0.05534	0.36223	0.02510	0.01194	0.00646	0.00204	0.00479	0.01046	0.00528	0.02957
4	0.01918	0.01054	0.01440	0.01143	0.01533	0.01010	0.07766	0.06697	0.14375	0.38121	0.09169	0.02502	0.08941	0.00824	0.00615	0.00186	0.00504	0.00708	0.00624	0.00870
5	0.01410	0.01312	0.07541	0.20479	0.02075	0.08367	0.01124	0.14318	0.01504	0.06001	0.01654	0.15971	0.01504	0.00930	0.02013	0.00201	0.02761	0.00717	0.09418	0.00699
6	0.01897	0.07560	0.01517	0.01272	0.08575	0.01131	0.00932	0.14794	0.03551	0.31571	0.11505	0.09405	0.02016	0.00846	0.00594	0.00180	0.00505	0.00709	0.00584	0.00855
7	0.01789	0.01353	0.01620	0.14826	0.02066	0.01509	0.01127	0.38410	0.06385	0.06734	0.01364	0.01492	0.01004	0.00684	0.00673	0.00177	0.07039	0.00516	0.02521	0.08709
8	0.09753	0.05732	0.12317	0.01118	0.01572	0.01187	0.01029	0.04082	0.18357	0.30513	0.06895	0.01904	0.01564	0.00713	0.00555	0.00182	0.00531	0.00568	0.00552	0.00876

[dist]
# distance from previous block
# <min> <max>
0	10

[block]
# block no. 12 follows, 40 sequences, length 6
# corresponding to MSA columns:
# 701-706
name=unknown_M
#
# <colnr> <probs for GDERKNQSTAVLIFYWHMCP>
#	G	D	E	R	K	N	Q	S	T	A	V	L	I	F	Y	W	H	M	C	P
0	0.01337	0.27787	0.09848	0.00999	0.01427	0.05847	0.00920	0.04022	0.01205	0.01589	0.01126	0.01643	0.01062	0.16605	0.00950	0.00214	0.00612	0.00452	0.00309	0.22044
1	0.01534	0.01222	0.01718	0.37295	0.02749	0.01477	0.01356	0.19083	0.01530	0.08515	0.01176	0.01494	0.00882	0.00711	0.00852	0.00200	0.16551	0.00523	0.00376	0.00757
2	0.01249	0.00698	0.00858	0.00758	0.01002	0.00608	0.00590	0.01461	0.01527	0.21867	0.29113	0.04193	0.31453	0.01173	0.00659	0.00187	0.00341	0.00994	0.00623	0.00645
3	0.01822	0.01220	0.01412	0.01053	0.01539	0.01129	0.00860	0.25565	0.01801	0.17641	0.01409	0.01426	0.01021	0.00577	0.00512	0.00134	0.00512	0.00452	0.00499	0.39415
4	0.01633	0.06703	0.01670	0.01550	0.16646	0.03193	0.01041	0.18451	0.04017	0.08421	0.01477	0.01575	0.03864	0.00604	0.00520	0.00146	0.00556	0.00491	0.03588	0.23852
5	0.01289	0.00708	0.00947	0.00926	0.01127	0.00637	0.00715	0.01469	0.01310	0.20983	0.02764	0.37926	0.02874	0.01377	0.00688	0.00216	0.00426	0.15602	0.00569	0.07447

[dist]
# distance from previous block
# <min> <max>
4	9

[block]
# block no. 13 follows, 40 sequences, length 10
# corresponding to MSA columns:
# 716-725
name=unknown_N
#
# <colnr> <probs for GDERKNQSTAVLIFYWHMCP>
#	G	D	E	R	K	N	Q	S	T	A	V	L	I	F	Y	W	H	M	C	P
0	0.01506	0.01356	0.01980	0.05437	0.44798	0.01439	0.01466	0.09393	0.22244	0.02212	0.01482	0.01645	0.01164	0.00615	0.00581	0.00181	0.00624	0.00558	0.00402	0.00918
1	0.01224	0.32899	0.25921	0.01133	0.01644	0.01502	0.01238	0.01591	0.01328	0.01792	0.22023	0.01991	0.02083	0.00710	0.00519	0.00160	0.00600	0.00558	0.00358	0.00727
2	0.01179	0.01292	0.02628	0.01925	0.02402	0.01194	0.53090	0.01572	0.01359	0.01780	0.02509	0.02707	0.22021	0.00768	0.00687	0.00196	0.00787	0.00839	0.00364	0.00701
3	0.01265	0.01159	0.01913	0.02768	0.54726	0.01146	0.01435	0.01590	0.01415	0.02022	0.22153	0.02260	0.02211	0.00708	0.00607	0.00176	0.00573	0.00669	0.00387	0.00816
