[name]
unknown

[dist]
# distance from previous block
# <min> <max>
0	36

[block]
# block no. 0 follows, 38 sequences, length 54
# corresponding to MSA columns:
# 38-91
name=unknown_A
#
# <colnr> <probs for GDERKNQSTAVLIFYWHMCP>
#	G	D	E	R	K	N	Q	S	T	A	V	L	I	F	Y	W	H	M	C	P
0	0.08365	0.01592	0.06587	0.03937	0.38735	0.05889	0.09595	0.06250	0.01449	0.06766	0.01184	0.01452	0.00930	0.00590	0.00646	0.00186	0.04085	0.00528	0.00348	0.00884
1	0.04226	0.51554	0.26951	0.01247	0.01880	0.02022	0.01409	0.01834	0.01231	0.01620	0.00916	0.01066	0.00765	0.00535	0.00447	0.00151	0.00718	0.00362	0.00260	0.00806
2	0.00963	0.00523	0.00761	0.00798	0.00807	0.00514	0.00532	0.00798	0.00880	0.01173	0.01639	0.21883	0.01813	0.02036	0.01937	0.60974	0.00477	0.00833	0.00339	0.00321
3	0.01229	0.01245	0.06218	0.64923	0.06933	0.01378	0.01677	0.06141	0.01318	0.01721	0.01096	0.01569	0.00820	0.00605	0.00599	0.00198	0.00794	0.00530	0.00289	0.00716
4	0.01374	0.01126	0.01262	0.04416	0.01517	0.01259	0.00894	0.10070	0.42485	0.02526	0.18374	0.07496	0.02692	0.00957	0.00642	0.00201	0.00460	0.00815	0.00604	0.00833
5	0.00831	0.00612	0.00704	0.00707	0.00874	0.00534	0.00520	0.01007	0.01417	0.04935	0.20760	0.19526	0.42420	0.01495	0.00717	0.00207	0.00318	0.01287	0.00590	0.00539
6	0.00780	0.00612	0.00705	0.00682	0.00855	0.00537	0.00511	0.00997	0.01534	0.02011	0.39763	0.05154	0.40952	0.01380	0.00710	0.00196	0.00294	0.01181	0.00609	0.00537
7	0.01247	0.01069	0.01247	0.00891	0.01426	0.00802	0.00713	0.01515	0.01247	0.01960	0.01069	0.01247	0.00891	0.00446	0.00446	0.00089	0.00446	0.00356	0.00356	0.82536
8	0.02415	0.01075	0.01383	0.01091	0.01522	0.01003	0.00890	0.07321	0.10683	0.57643	0.06619	0.02179	0.01751	0.00781	0.00612	0.00188	0.00504	0.00639	0.00714	0.00988
9	0.00763	0.00546	0.00698	0.00791	0.00843	0.00511	0.00528	0.00876	0.01187	0.01585	0.10863	0.56399	0.08217	0.11948	0.01061	0.00281	0.00370	0.01507	0.00544	0.00482
10	0.00733	0.00524	0.00698	0.00838	0.00873	0.00489	0.00558	0.00838	0.01152	0.01536	0.03316	0.78466	0.03979	0.01885	0.00768	0.00244	0.00349	0.01710	0.00558	0.00489
11	0.26030	0.00816	0.00879	0.00802	0.01039	0.00834	0.00630	0.01470	0.01488	0.08117	0.44561	0.03303	0.03758	0.01001	0.00602	0.00191	0.00365	0.02909	0.00577	0.00628
12	0.02246	0.00924	0.01251	0.00994	0.01380	0.00807	0.00807	0.02492	0.01717	0.57610	0.20115	0.02647	0.02515	0.00863	0.00631	0.00187	0.00456	0.00723	0.00724	0.00912
13	0.00790	0.00605	0.00723	0.00709	0.00865	0.00539	0.00526	0.01010	0.01534	0.02048	0.43434	0.11085	0.31167	0.01393	0.00715	0.00199	0.00297	0.01207	0.00615	0.00539
14	0.01121	0.00561	0.00561	0.00561	0.00701	0.00561	0.00421	0.01402	0.01262	0.02243	0.01962	0.02243	0.01542	0.00701	0.00421	0.00140	0.00280	0.00561	0.82198	0.00561
15	0.00920	0.00584	0.00777	0.00840	0.00933	0.00537	0.00587	0.01072	0.01312	0.07828	0.17856	0.57022	0.04120	0.01657	0.00742	0.00228	0.00349	0.01492	0.00595	0.00549
16	0.01062	0.00685	0.00883	0.00832	0.01002	0.00646	0.00623	0.01402	0.06232	0.09731	0.51129	0.16164	0.04727	0.01261	0.00702	0.00199	0.00330	0.01114	0.00650	0.00626
17	0.83108	0.01163	0.00884	0.00791	0.01163	0.01350	0.00651	0.01768	0.01024	0.02699	0.00838	0.00977	0.00651	0.00558	0.00372	0.00186	0.00465	0.00326	0.00372	0.00651
18	0.00841	0.00581	0.00680	0.00693	0.00731	0.00563	0.00427	0.00907	0.01065	0.01427	0.12934	0.14431	0.07581	0.52026	0.02254	0.00455	0.00490	0.01046	0.00447	0.00420
19	0.01625	0.00822	0.01083	0.00946	0.01223	0.00758	0.00754	0.01969	0.06082	0.31105	0.32430	0.06213	0.03520	0.01078	0.00676	0.00199	0.00414	0.07659	0.00677	0.00767
20	0.66517	0.01041	0.00819	0.00744	0.01070	0.01190	0.00605	0.01694	0.01072	0.02607	0.01065	0.01233	0.00832	0.00587	0.00382	0.00177	0.00428	0.00373	0.16930	0.00633
21	0.02247	0.02867	0.01705	0.01550	0.01860	0.76443	0.01162	0.02402	0.01705	0.01472	0.00930	0.01085	0.00775	0.00620	0.00542	0.00155	0.01085	0.00387	0.00310	0.00697
22	0.00755	0.00540	0.00718	0.00823	0.00877	0.00503	0.00560	0.00893	0.01254	0.01698	0.16580	0.64738	0.04294	0.01763	0.00757	0.00234	0.00337	0.01595	0.00578	0.00503
23	0.01247	0.00744	0.00774	0.00720	0.00912	0.00781	0.00553	0.07525	0.10129	0.02414	0.06298	0.02311	0.01780	0.00748	0.00476	0.00154	0.00336	0.00605	0.60851	0.00646
24	0.01225	0.00698	0.00924	0.00820	0.01028	0.00632	0.00632	0.01499	0.01707	0.17207	0.60135	0.03999	0.04829	0.01132	0.00688	0.00189	0.00330	0.00990	0.00679	0.00660
25	0.00777	0.00627	0.00703	0.00738	0.00920	0.00553	0.00585	0.00961	0.01377	0.01684	0.06978	0.07860	0.54282	0.01559	0.00741	0.00222	0.00365	0.17989	0.00560	0.00520
26	0.52934	0.01083	0.00992	0.00855	0.01210	0.01185	0.00696	0.06254	0.01329	0.13379	0.10003	0.01639	0.01437	0.00682	0.00463	0.00184	0.00455	0.00481	0.04023	0.00715
27	0.00801	0.00650	0.00715	0.00698	0.00886	0.00586	0.00523	0.01085	0.05957	0.01904	0.25546	0.07649	0.48037	0.01407	0.00706	0.00201	0.00311	0.01196	0.00592	0.00552
28	0.00733	0.00524	0.00698	0.00838	0.00873	0.00489	0.00558	0.00838	0.01152	0.01536	0.03316	0.78466	0.03979	0.01885	0.00768	0.00244	0.00349	0.01710	0.00558	0.00489
29	0.00758	0.00543	0.00697	0.00796	0.00845	0.00508	0.00530	0.00868	0.01177	0.01569	0.09216	0.59119	0.08109	0.11026	0.01034	0.00278	0.00369	0.01533	0.00544	0.00481
30	0.01529	0.01425	0.01752	0.01485	0.01610	0.06179	0.01224	0.15971	0.01358	0.01919	0.01001	0.01418	0.00897	0.01258	0.08019	0.00301	0.51060	0.00531	0.00340	0.00724
31	0.12920	0.02071	0.01642	0.04734	0.01871	0.32191	0.01109	0.31658	0.02059	0.02601	0.01138	0.01243	0.00863	0.00653	0.00547	0.00172	0.00815	0.00450	0.00438	0.00825
32	0.02474	0.01024	0.01359	0.01061	0.01493	0.00918	0.00869	0.05771	0.04222	0.63392	0.08866	0.02249	0.01859	0.00790	0.00614	0.00187	0.00497	0.00648	0.00727	0.00980
33	0.01146	0.00838	0.01312	0.19020	0.09238	0.00964	0.01017	0.01163	0.00970	0.01332	0.01052	0.01691	0.00961	0.01425	0.01670	0.42975	0.09849	0.00528	0.02367	0.00482
34	0.01386	0.01324	0.02256	0.25192	0.54411	0.01402	0.01795	0.01756	0.01321	0.01840	0.01113	0.01522	0.00909	0.00555	0.00597	0.00185	0.00740	0.00536	0.00289	0.00870
35	0.67772	0.01158	0.01059	0.07163	0.04635	0.01322	0.00801	0.01827	0.01098	0.07222	0.00967	0.01119	0.00730	0.00573	0.00415	0.00187	0.00506	0.00370	0.00384	0.00690
36	0.01459	0.01399	0.02388	0.09941	0.69091	0.01421	0.01831	0.01820	0.01356	0.01929	0.01126	0.01499	0.00940	0.00542	0.00596	0.00181	0.00722	0.00536	0.00295	0.00929
37	0.01258	0.01027	0.01198	0.00935	0.01362	0.00856	0.00729	0.09266	0.01402	0.02076	0.01565	0.16895	0.01530	0.00767	0.00528	0.00131	0.00450	0.00651	0.00424	0.56951
38	0.02260	0.01672	0.01790	0.01379	0.01855	0.01853	0.01137	0.70726	0.05245	0.03748	0.01478	0.01471	0.01051	0.00725	0.00602	0.00181	0.00656	0.00546	0.00602	0.01021
39	0.00905	0.00659	0.00884	0.01007	0.01116	0.00656	0.00806	0.01193	0.05313	0.01735	0.03196	0.34876	0.03576	0.01703	0.00794	0.00260	0.00469	0.39742	0.00559	0.00550
40	0.00723	0.00610	0.00626	0.00622	0.00820	0.00513	0.00466	0.00886	0.01399	0.01690	0.11770	0.05682	0.69145	0.01499	0.00711	0.00202	0.00303	0.01255	0.00567	0.00513
41	0.01574	0.01751	0.01823	0.01579	0.01686	0.23224	0.03071	0.01724	0.01160	0.01466	0.00863	0.01285	0.00808	0.01007	0.03509	0.00249	0.51778	0.00494	0.00279	0.00670
42	0.08933	0.01612	0.01696	0.01313	0.01777	0.01788	0.01084	0.65303	0.02638	0.03660	0.01408	0.01427	0.01006	0.00708	0.00578	0.00180	0.00636	0.00524	0.02749	0.00980
43	0.00733	0.00524	0.00698	0.00838	0.00873	0.00489	0.00558	0.00838	0.01152	0.01536	0.03316	0.78466	0.03979	0.01885	0.00768	0.00244	0.00349	0.01710	0.00558	0.00489
44	0.00711	0.00609	0.00609	0.00609	0.00813	0.00508	0.00457	0.00863	0.01371	0.01625	0.06094	0.05789	0.74862	0.01524	0.00711	0.00203	0.00305	0.01270	0.00559	0.00508
45	0.00762	0.00536	0.00690	0.00801	0.00829	0.00508	0.00519	0.00845	0.01096	0.01461	0.03028	0.63384	0.03616	0.17461	0.01232	0.00313	0.00396	0.01541	0.00519	0.00464
46	0.02247	0.02867	0.01705	0.01550	0.01860	0.76443	0.01162	0.02402	0.01705	0.01472	0.00930	0.01085	0.00775	0.00620	0.00542	0.00155	0.01085	0.00387	0.00310	0.00697
47	0.00733	0.00524	0.00698	0.00838	0.00873	0.00489	0.00558	0.00838	0.01152	0.01536	0.03316	0.78466	0.03979	0.01885	0.00768	0.00244	0.00349	0.01710	0.00558	0.00489
48	0.01946	0.01412	0.01557	0.01276	0.01666	0.01545	0.01062	0.53982	0.02436	0.03290	0.01830	0.02576	0.01550	0.00911	0.00637	0.00197	0.00616	0.14812	0.05802	0.00899
49	0.00852	0.00569	0.00728	0.00804	0.00871	0.00531	0.00543	0.00962	0.01184	0.04749	0.07770	0.52776	0.07884	0.14267	0.01127	0.00291	0.00391	0.02661	0.00542	0.00499
50	0.02644	0.01072	0.01421	0.01094	0.01557	0.00962	0.00902	0.07418	0.03531	0.69187	0.02316	0.02014	0.01468	0.00745	0.00605	0.00186	0.00521	0.00603	0.00732	0.01022
51	0.01608	0.79220	0.03152	0.01029	0.01544	0.02380	0.01029	0.01801	0.01222	0.01415	0.00836	0.00965	0.00772	0.00515	0.00386	0.00129	0.00643	0.00322	0.00257	0.00772
52	0.17411	0.00667	0.00728	0.00795	0.00915	0.00672	0.00557	0.01038	0.01145	0.01781	0.04815	0.50023	0.09846	0.05816	0.00808	0.00246	0.00380	0.01327	0.00513	0.00519
53	0.01633	0.01174	0.01299	0.01109	0.01397	0.01264	0.00861	0.40972	0.02074	0.02820	0.02089	0.25442	0.02045	0.05719	0.00785	0.00221	0.00531	0.00924	0.06857	0.00783

[dist]
# distance from previous block
# <min> <max>
0	1

[block]
# block no. 1 follows, 38 sequences, length 95
# corresponding to MSA columns:
# 93-187
name=unknown_B
#
# <colnr> <probs for GDERKNQSTAVLIFYWHMCP>
#	G	D	E	R	K	N	Q	S	T	A	V	L	I	F	Y	W	H	M	C	P
0	0.00841	0.00604	0.00776	0.00868	0.00939	0.00583	0.00597	0.05550	0.01293	0.01734	0.07380	0.69129	0.03886	0.01771	0.00754	0.00237	0.00366	0.01598	0.00567	0.00528
1	0.00944	0.00644	0.00820	0.00898	0.01007	0.00622	0.00647	0.01215	0.07532	0.06278	0.03349	0.55285	0.08192	0.01675	0.00747	0.00238	0.00388	0.08377	0.00574	0.00570
2	0.00863	0.00578	0.00660	0.00672	0.00675	0.00575	0.00381	0.00872	0.00899	0.01198	0.02018	0.10388	0.02342	0.72196	0.02863	0.00554	0.00563	0.00947	0.00381	0.00375
3	0.01988	0.01497	0.01606	0.01274	0.01698	0.01649	0.01038	0.54237	0.12806	0.03388	0.06185	0.02019	0.06209	0.00817	0.00617	0.00186	0.00590	0.00641	0.00604	0.00953
4	0.01906	0.00848	0.01142	0.00936	0.01262	0.00748	0.00748	0.02160	0.01714	0.44136	0.33461	0.03098	0.03287	0.00953	0.00650	0.00187	0.00414	0.00812	0.00709	0.00828
5	0.01247	0.01069	0.01247	0.00891	0.01426	0.00802	0.00713	0.01515	0.01247	0.01960	0.01069	0.01247	0.00891	0.00446	0.00446	0.00089	0.00446	0.00356	0.00356	0.82536
6	0.00890	0.00606	0.00736	0.00712	0.00794	0.00577	0.00475	0.01031	0.01290	0.03221	0.34780	0.06119	0.06810	0.37354	0.01803	0.00374	0.00430	0.01003	0.00518	0.00478
7	0.01167	0.01100	0.01860	0.71031	0.10286	0.01345	0.01686	0.01564	0.01217	0.01574	0.01075	0.01594	0.00815	0.00596	0.00601	0.00199	0.00794	0.00535	0.00270	0.00693
8	0.02539	0.00988	0.01345	0.01043	0.01481	0.00857	0.00857	0.02776	0.01720	0.69194	0.08641	0.02259	0.01852	0.00787	0.00614	0.00186	0.00492	0.00647	0.00737	0.00984
9	0.01921	0.01061	0.01274	0.01076	0.01442	0.01067	0.00858	0.02721	0.29786	0.35143	0.07456	0.03882	0.06763	0.00888	0.00628	0.00197	0.00467	0.01786	0.00670	0.00916
10	0.02521	0.01140	0.01451	0.01120	0.01572	0.01072	0.00922	0.17393	0.01950	0.56986	0.05807	0.02045	0.01602	0.00764	0.00610	0.00185	0.00532	0.00616	0.00711	0.01001
11	0.00859	0.00645	0.00967	0.00967	0.01074	0.00752	0.00752	0.01074	0.00967	0.01396	0.01611	0.02363	0.01504	0.04512	0.76474	0.00967	0.01611	0.00645	0.00322	0.00537
12	0.01963	0.01419	0.01562	0.01246	0.01619	0.01578	0.01008	0.47718	0.08549	0.06480	0.03282	0.01839	0.01327	0.06540	0.00861	0.00215	0.05420	0.00594	0.05873	0.00905
13	0.01422	0.01412	0.02161	0.29500	0.44513	0.07125	0.01732	0.01780	0.01337	0.01777	0.01094	0.01499	0.00886	0.00565	0.00594	0.00185	0.00774	0.00524	0.00288	0.00833
14	0.39863	0.01227	0.01199	0.00999	0.01389	0.01347	0.00815	0.17773	0.07897	0.13815	0.06988	0.01619	0.01345	0.00696	0.00504	0.00187	0.00503	0.00504	0.00522	0.00809
15	0.01527	0.01003	0.01181	0.01000	0.01295	0.01024	0.00790	0.17171	0.12157	0.13807	0.35435	0.03192	0.05861	0.00998	0.00657	0.00189	0.00428	0.00846	0.00651	0.00787
16	0.01018	0.00523	0.00776	0.00788	0.00791	0.00520	0.00526	0.00788	0.00816	0.01087	0.01241	0.08462	0.01299	0.02072	0.02214	0.75378	0.00507	0.00625	0.00287	0.00281
17	0.01867	0.43361	0.02479	0.01216	0.01674	0.16392	0.01074	0.17060	0.06205	0.01997	0.01083	0.01169	0.00892	0.00597	0.00476	0.00149	0.00721	0.00403	0.00362	0.00822
18	0.00751	0.00533	0.00701	0.00829	0.00863	0.00502	0.00552	0.00851	0.01134	0.01510	0.03189	0.70194	0.03811	0.08542	0.00968	0.00274	0.00374	0.03399	0.00542	0.00480
19	0.79061	0.01190	0.00930	0.00821	0.01199	0.01375	0.00676	0.05340	0.01114	0.02754	0.00868	0.01001	0.00670	0.00567	0.00384	0.00186	0.00475	0.00337	0.00384	0.00670
20	0.01045	0.00522	0.00784	0.00784	0.00784	0.00522	0.00522	0.00784	0.00784	0.01045	0.01045	0.01829	0.01045	0.02090	0.02351	0.82497	0.00522	0.00522	0.00261	0.00261
21	0.00873	0.00606	0.00710	0.00707	0.00756	0.00580	0.00431	0.00926	0.00998	0.01359	0.06889	0.15948	0.02628	0.56289	0.02369	0.00471	0.00517	0.00993	0.00415	0.05535
22	0.00925	0.00630	0.00810	0.00764	0.00921	0.00574	0.00573	0.01184	0.01642	0.05952	0.60884	0.08819	0.11503	0.01270	0.00708	0.00194	0.00301	0.01116	0.00651	0.00581
23	0.01121	0.00561	0.00561	0.00561	0.00701	0.00561	0.00421	0.01402	0.01262	0.02243	0.01962	0.02243	0.01542	0.00701	0.00421	0.00140	0.00280	0.00561	0.82198	0.00561
24	0.01466	0.01406	0.02400	0.08482	0.70495	0.01423	0.01835	0.01826	0.01359	0.01938	0.01128	0.01496	0.00943	0.00540	0.00596	0.00180	0.00720	0.00536	0.00296	0.00934
25	0.01938	0.01502	0.01599	0.01303	0.01720	0.01690	0.01051	0.42840	0.32347	0.03235	0.01870	0.01790	0.01370	0.00761	0.00603	0.00190	0.00578	0.00599	0.02027	0.00986
26	0.02428	0.01459	0.01666	0.01277	0.01753	0.01530	0.01055	0.49134	0.02450	0.28291	0.01762	0.01650	0.01182	0.00730	0.00603	0.00182	0.00611	0.00563	0.00651	0.01023
27	0.01613	0.68786	0.02904	0.01053	0.01530	0.07930	0.01012	0.01808	0.01287	0.01478	0.05175	0.01181	0.01059	0.00565	0.00417	0.00134	0.00656	0.00372	0.00285	0.00754
28	0.07311	0.00571	0.00791	0.00784	0.00813	0.00586	0.00532	0.00859	0.00802	0.01171	0.01029	0.01764	0.01015	0.01973	0.02200	0.76212	0.00518	0.00507	0.00270	0.00291
29	0.00875	0.00583	0.00656	0.00656	0.00656	0.00583	0.00365	0.00875	0.00875	0.01166	0.01895	0.03937	0.02187	0.78858	0.03062	0.00583	0.00583	0.00875	0.00365	0.00365
30	0.01029	0.00815	0.00994	0.00909	0.01139	0.00791	0.04835	0.01508	0.16173	0.05500	0.05631	0.14841	0.35884	0.06161	0.00840	0.00232	0.00415	0.01117	0.00554	0.00632
31	0.01355	0.05942	0.02269	0.01743	0.01898	0.01808	0.15973	0.01567	0.01041	0.01544	0.00880	0.01358	0.00814	0.00910	0.01622	0.00243	0.57514	0.00552	0.00271	0.00696
32	0.01805	0.01236	0.01389	0.01195	0.01563	0.01347	0.00954	0.11966	0.43771	0.17975	0.04062	0.02416	0.01844	0.00848	0.00624	0.00201	0.00507	0.04717	0.00636	0.00944
33	0.01121	0.00561	0.00561	0.00561	0.00701	0.00561	0.00421	0.01402	0.01262	0.02243	0.01962	0.02243	0.01542	0.00701	0.00421	0.00140	0.00280	0.00561	0.82198	0.00561
34	0.00964	0.00688	0.00963	0.01101	0.01237	0.00687	0.00959	0.01236	0.01379	0.01794	0.03188	0.08541	0.03475	0.01667	0.00829	0.00276	0.00549	0.69358	0.00554	0.00552
35	0.02300	0.01067	0.01358	0.01080	0.01494	0.01008	0.00878	0.08830	0.10747	0.51805	0.10711	0.02304	0.01978	0.00808	0.00618	0.00188	0.00494	0.00665	0.00706	0.00962
36	0.02663	0.01081	0.01431	0.01097	0.01564	0.00969	0.00907	0.09005	0.01818	0.69313	0.02293	0.01995	0.01449	0.00743	0.00605	0.00186	0.00525	0.00599	0.00732	0.01024
37	0.01489	0.01429	0.02442	0.03692	0.75106	0.01429	0.01846	0.01846	0.01370	0.01965	0.01132	0.01489	0.00953	0.00536	0.00596	0.00179	0.00715	0.00536	0.00298	0.00953
38	0.02287	0.01685	0.01805	0.01384	0.01866	0.01866	0.01143	0.73100	0.02828	0.03791	0.01444	0.01444	0.01023	0.00722	0.00602	0.00181	0.00662	0.00542	0.00602	0.01023
39	0.00772	0.00552	0.00710	0.00821	0.00871	0.00521	0.00560	0.00880	0.01148	0.01513	0.03288	0.57189	0.08291	0.12532	0.01088	0.00292	0.00396	0.07568	0.00531	0.00478
40	0.01496	0.01292	0.01360	0.01224	0.01564	0.01496	0.00952	0.03197	0.74019	0.02516	0.02448	0.02244	0.01836	0.00816	0.00612	0.00204	0.00476	0.00680	0.00612	0.00952
41	0.00784	0.00639	0.00690	0.00691	0.00869	0.00572	0.00512	0.01023	0.05012	0.01747	0.14264	0.10933	0.51758	0.05090	0.00823	0.00224	0.00333	0.02941	0.00565	0.00531
42	0.01703	0.00805	0.01068	0.00894	0.01190	0.00711	0.00708	0.01955	0.01693	0.36370	0.37154	0.03431	0.07712	0.01021	0.00661	0.00189	0.00391	0.00874	0.00695	0.00776
43	0.01600	0.00843	0.01081	0.00910	0.01181	0.00788	0.00711	0.07953	0.01752	0.27105	0.39205	0.03368	0.03631	0.06149	0.00820	0.00213	0.00413	0.00864	0.00665	0.00747
44	0.00912	0.00640	0.00852	0.00842	0.00989	0.00602	0.00664	0.01193	0.01631	0.03597	0.57292	0.04968	0.05100	0.01319	0.00735	0.00209	0.00349	0.16896	0.00639	0.00573
45	0.02699	0.01024	0.01396	0.01070	0.01536	0.00884	0.00884	0.02932	0.01722	0.75522	0.02373	0.02048	0.01489	0.00745	0.00605	0.00186	0.00512	0.00605	0.00745	0.01024
46	0.01522	0.01514	0.02342	0.08608	0.64623	0.07151	0.01782	0.01867	0.01384	0.01898	0.01112	0.01466	0.00929	0.00547	0.00592	0.00178	0.00749	0.00525	0.00297	0.00914
47	0.01660	0.00826	0.01081	0.00913	0.01203	0.00754	0.00721	0.02003	0.05941	0.33000	0.39169	0.03359	0.04786	0.01007	0.00660	0.00189	0.00391	0.00865	0.00692	0.00780
48	0.01121	0.00561	0.00561	0.00561	0.00701	0.00561	0.00421	0.01402	0.01262	0.02243	0.01962	0.02243	0.01542	0.00701	0.00421	0.00140	0.00280	0.00561	0.82198	0.00561
49	0.01000	0.00721	0.00868	0.00820	0.00867	0.00789	0.00545	0.05717	0.01021	0.01395	0.01740	0.03344	0.01905	0.56988	0.13450	0.00588	0.06630	0.00793	0.00366	0.00455
50	0.01039	0.00781	0.01134	0.11983	0.01660	0.00846	0.01060	0.01311	0.01321	0.03471	0.02724	0.10697	0.02906	0.01467	0.00860	0.00261	0.05400	0.49996	0.00500	0.00583
51	0.00989	0.00738	0.01055	0.01050	0.01167	0.00825	0.00804	0.01166	0.01048	0.01515	0.01724	0.02512	0.01608	0.04516	0.75029	0.00974	0.01631	0.00681	0.00365	0.00603
52	0.02294	0.00999	0.01316	0.01067	0.01448	0.00869	0.00848	0.02502	0.01783	0.54446	0.22015	0.02863	0.02724	0.00954	0.00685	0.00209	0.00492	0.00773	0.00756	0.00957
53	0.02229	0.01711	0.01791	0.06829	0.02030	0.06163	0.01180	0.57930	0.02591	0.03467	0.01536	0.01653	0.01140	0.00785	0.00638	0.00200	0.00711	0.00572	0.05837	0.01005
54	0.07126	0.37162	0.02373	0.01329	0.01745	0.35418	0.01109	0.02169	0.01512	0.03162	0.01037	0.01218	0.00899	0.00652	0.00515	0.00169	0.00866	0.00400	0.00342	0.00798
55	0.01369	0.01154	0.01330	0.00975	0.01512	0.00874	0.00766	0.01598	0.01323	0.02068	0.01192	0.01418	0.01008	0.00530	0.00500	0.00113	0.00488	0.00399	0.00398	0.80983
56	0.02572	0.01401	0.01514	0.01238	0.01669	0.11529	0.00981	0.02948	0.11257	0.54330	0.02280	0.02094	0.01540	0.00815	0.00649	0.00207	0.00628	0.00622	0.00701	0.01025
57	0.01556	0.01456	0.02410	0.14220	0.63633	0.01476	0.01852	0.01879	0.01419	0.02012	0.01244	0.01671	0.01047	0.00628	0.00648	0.00204	0.00765	0.00574	0.00336	0.00970
58	0.01525	0.01655	0.03414	0.02464	0.03068	0.01525	0.66140	0.01971	0.01479	0.02038	0.01326	0.01758	0.01027	0.00586	0.00740	0.00216	0.01003	0.00719	0.00351	0.06993
59	0.05123	0.00879	0.05138	0.00909	0.01114	0.00734	0.00732	0.01304	0.01703	0.02481	0.63770	0.04300	0.05113	0.01239	0.00737	0.00214	0.00380	0.02818	0.00657	0.00655
60	0.06334	0.01842	0.01740	0.01433	0.01836	0.14188	0.01139	0.43012	0.11268	0.03122	0.01543	0.01633	0.01174	0.00804	0.00699	0.00205	0.04592	0.00560	0.01903	0.00972
61	0.00919	0.00776	0.00779	0.00787	0.00982	0.02741	0.00579	0.01072	0.03102	0.01766	0.06660	0.13855	0.57923	0.01586	0.00764	0.00231	0.00390	0.03905	0.00592	0.00590
62	0.01500	0.01477	0.01998	0.14712	0.17545	0.07323	0.01500	0.01693	0.01205	0.01690	0.01070	0.01582	0.00963	0.01006	0.03459	0.00267	0.39344	0.00561	0.00320	0.00785
63	0.01759	0.01827	0.01765	0.03634	0.01891	0.29231	0.10842	0.09000	0.02668	0.01910	0.01572	0.12556	0.01480	0.01206	0.05692	0.05073	0.00903	0.00708	0.00420	0.05862
64	0.22188	0.01056	0.01386	0.06341	0.01607	0.01128	0.11689	0.01645	0.01252	0.02248	0.01509	0.01889	0.01226	0.01046	0.06938	0.00265	0.05169	0.00565	0.30156	0.00698
65	0.01658	0.01373	0.01451	0.01257	0.01626	0.01572	0.00991	0.17521	0.59430	0.02778	0.02243	0.02080	0.01670	0.00797	0.00610	0.00199	0.00514	0.00652	0.00610	0.00967
66	0.00733	0.00608	0.00641	0.00638	0.00827	0.00516	0.00477	0.00904	0.01415	0.01742	0.16405	0.07629	0.62413	0.01489	0.00712	0.00202	0.00303	0.01254	0.00574	0.00516
67	0.00977	0.00540	0.00737	0.02199	0.00855	0.00536	0.00534	0.00930	0.00982	0.01415	0.01833	0.22587	0.01927	0.01742	0.01523	0.43060	0.00435	0.00851	0.15950	0.00387
68	0.07394	0.01283	0.01456	0.01155	0.01562	0.01344	0.00941	0.34885	0.05517	0.22887	0.11122	0.02018	0.01762	0.00826	0.00651	0.02490	0.00547	0.00621	0.00624	0.00916
69	0.00885	0.00621	0.00810	0.00762	0.00910	0.00571	0.00572	0.01161	0.01684	0.03917	0.70267	0.06165	0.06914	0.01240	0.00709	0.00191	0.00291	0.01096	0.00660	0.00574
70	0.00745	0.00535	0.00691	0.00807	0.00853	0.00499	0.00537	0.00848	0.01156	0.01531	0.04798	0.66593	0.08481	0.07726	0.00938	0.00266	0.00363	0.01605	0.00546	0.00482
71	0.04212	0.00662	0.00840	0.00816	0.00960	0.00621	0.00586	0.01292	0.01384	0.12789	0.27814	0.27789	0.03821	0.12398	0.01035	0.00263	0.00388	0.01158	0.00588	0.00584
72	0.04015	0.01003	0.01245	0.01000	0.01343	0.00956	0.00785	0.12964	0.01698	0.41550	0.08179	0.02523	0.01893	0.16785	0.01111	0.00267	0.00529	0.00685	0.00629	0.00841
73	0.00957	0.00738	0.00772	0.00731	0.00972	0.00680	0.00559	0.01346	0.12224	0.06559	0.05309	0.05018	0.59208	0.01367	0.00689	0.00202	0.00344	0.01139	0.00579	0.00608
74	0.01045	0.00522	0.00784	0.00784	0.00784	0.00522	0.00522	0.00784	0.00784	0.01045	0.01045	0.01829	0.01045	0.02090	0.02351	0.82497	0.00522	0.00522	0.00261	0.00261
75	0.05645	0.00836	0.01044	0.00953	0.01205	0.00805	0.00726	0.01939	0.10566	0.27268	0.12083	0.29088	0.02909	0.01207	0.00665	0.00209	0.00418	0.01050	0.00633	0.00749
76	0.01174	0.00859	0.01017	0.00918	0.01123	0.00881	0.00695	0.11662	0.11741	0.03968	0.41952	0.10066	0.04024	0.06191	0.00836	0.00220	0.00394	0.00984	0.00620	0.00675
77	0.02663	0.01081	0.01431	0.01097	0.01564	0.00969	0.00907	0.09005	0.01818	0.69313	0.02293	0.01995	0.01449	0.00743	0.00605	0.00186	0.00525	0.00599	0.00732	0.01024
78	0.05848	0.01172	0.01284	0.01049	0.01378	0.01243	0.00829	0.34536	0.01978	0.12812	0.01795	0.06467	0.01477	0.10743	0.00884	0.00230	0.00539	0.00654	0.14269	0.00812
79	0.05891	0.00810	0.00953	0.00964	0.01117	0.00834	0.00710	0.15727	0.01503	0.02083	0.02779	0.53487	0.03145	0.01554	0.00715	0.00230	0.00433	0.05895	0.00556	0.00612
80	0.00897	0.00579	0.00760	0.00832	0.00923	0.00530	0.00579	0.01037	0.01279	0.07303	0.12595	0.58864	0.08159	0.01692	0.00745	0.00230	0.00350	0.01520	0.00586	0.00541
81	0.01394	0.01098	0.01275	0.00953	0.01454	0.00908	0.00760	0.01864	0.11720	0.07657	0.01367	0.01452	0.01072	0.00522	0.00482	0.00113	0.00455	0.00422	0.00423	0.64611
82	0.00863	0.00567	0.00744	0.00831	0.00912	0.00521	0.00573	0.00993	0.01244	0.06234	0.08898	0.63240	0.08634	0.01740	0.00749	0.00234	0.00351	0.01564	0.00578	0.00529
83	0.01247	0.01069	0.01247	0.00891	0.01426	0.00802	0.00713	0.01515	0.01247	0.01960	0.01069	0.01247	0.00891	0.00446	0.00446	0.00089	0.00446	0.00356	0.00356	0.82536
84	0.01162	0.02371	0.49747	0.01558	0.02143	0.01357	0.01796	0.01663	0.01193	0.01777	0.02852	0.10967	0.01272	0.00847	0.00885	0.00212	0.16479	0.00633	0.00302	0.00785
85	0.01027	0.00523	0.00774	0.00782	0.00788	0.00521	0.00523	0.00800	0.00817	0.01101	0.01206	0.06629	0.01239	0.02048	0.02211	0.75615	0.00507	0.00598	0.02011	0.00282
86	0.00814	0.00560	0.00672	0.00728	0.00746	0.00544	0.00444	0.00860	0.00998	0.01325	0.02566	0.33787	0.04683	0.46182	0.02087	0.00438	0.00483	0.01219	0.00447	0.00418
87	0.00875	0.00583	0.00656	0.00656	0.00656	0.00583	0.00365	0.00875	0.00875	0.01166	0.01895	0.03937	0.02187	0.78858	0.03062	0.00583	0.00583	0.00875	0.00365	0.00365
88	0.02200	0.01464	0.01625	0.01285	0.01733	0.01584	0.01049	0.43580	0.18022	0.18214	0.01852	0.01741	0.01295	0.00747	0.00605	0.00187	0.00591	0.00585	0.00633	0.01008
89	0.01695	0.01439	0.01541	0.01433	0.06497	0.03987	0.01060	0.18565	0.51124	0.02729	0.02090	0.01980	0.01564	0.00771	0.00606	0.00196	0.00553	0.00631	0.00579	0.00960
90	0.01160	0.00938	0.01024	0.00973	0.01197	0.01000	0.00727	0.07997	0.29027	0.02105	0.03364	0.23123	0.18399	0.05153	0.00797	0.00231	0.00426	0.01079	0.00573	0.00709
91	0.01216	0.01168	0.02030	0.59743	0.16325	0.01365	0.06406	0.01616	0.01246	0.01637	0.01090	0.01585	0.00835	0.00584	0.00608	0.00197	0.00801	0.00546	0.00275	0.00727
92	0.01225	0.01328	0.06173	0.23850	0.02455	0.03575	0.07581	0.01499	0.01116	0.01553	0.01217	0.10206	0.01165	0.00928	0.01202	0.00230	0.33052	0.00671	0.00302	0.00670
93	0.01312	0.01741	0.20669	0.01687	0.06612	0.01569	0.03504	0.05768	0.01233	0.01831	0.07353	0.01622	0.01244	0.00927	0.02366	0.00236	0.38692	0.00562	0.00319	0.00752
94	0.02145	0.08249	0.15521	0.01211	0.01741	0.01225	0.01163	0.12268	0.01746	0.40499	0.06651	0.01886	0.01502	0.00721	0.00586	0.00181	0.00600	0.00573	0.00585	0.00946

[dist]
# distance from previous block
# <min> <max>
0	1

[block]
# block no. 2 follows, 38 sequences, length 97
# corresponding to MSA columns:
# 189-285
name=unknown_C
#
# <colnr> <probs for GDERKNQSTAVLIFYWHMCP>
#	G	D	E	R	K	N	Q	S	T	A	V	L	I	F	Y	W	H	M	C	P
0	0.63863	0.06003	0.01184	0.14056	0.01702	0.01411	0.00851	0.01730	0.01067	0.02418	0.00878	0.01085	0.00685	0.00563	0.00413	0.00185	0.00535	0.00362	0.00347	0.00662
1	0.15351	0.00885	0.00987	0.00873	0.01118	0.00915	0.00682	0.09237	0.06207	0.05789	0.46424	0.03310	0.03883	0.01012	0.00629	0.00189	0.00378	0.00851	0.00606	0.00675
2	0.04790	0.06980	0.39930	0.01369	0.01992	0.01207	0.03817	0.01723	0.01294	0.05601	0.05984	0.11050	0.01517	0.00764	0.00577	0.00182	0.00688	0.00636	0.00360	0.09540
3	0.01015	0.00674	0.00925	0.00992	0.01139	0.00651	0.00823	0.01272	0.01453	0.06186	0.20070	0.14031	0.03929	0.01532	0.00782	0.00247	0.00465	0.42645	0.00591	0.00577
4	0.01121	0.00561	0.00561	0.00561	0.00701	0.00561	0.00421	0.01402	0.01262	0.02243	0.01962	0.02243	0.01542	0.00701	0.00421	0.00140	0.00280	0.00561	0.82198	0.00561
5	0.00784	0.00601	0.00723	0.00779	0.00894	0.00557	0.00551	0.01010	0.04880	0.01756	0.16012	0.41840	0.24167	0.01621	0.00734	0.00221	0.00332	0.01431	0.00578	0.00530
6	0.00891	0.00638	0.00873	0.00972	0.01088	0.00620	0.00791	0.01130	0.01400	0.01871	0.18446	0.22512	0.04050	0.01620	0.00791	0.00251	0.00450	0.40487	0.00578	0.00542
7	0.01537	0.53340	0.10673	0.01102	0.01597	0.01903	0.01121	0.01802	0.01304	0.06775	0.04929	0.01849	0.01344	0.00691	0.00484	0.00158	0.00634	0.07647	0.00342	0.00770
8	0.00851	0.00644	0.00786	0.00730	0.00905	0.00572	0.00544	0.01091	0.01556	0.02148	0.51196	0.04509	0.19761	0.05389	0.00817	0.00206	0.00316	0.01063	0.00603	0.06313
9	0.01247	0.01069	0.01247	0.00891	0.01426	0.00802	0.00713	0.01515	0.01247	0.01960	0.01069	0.01247	0.00891	0.00446	0.00446	0.00089	0.00446	0.00356	0.00356	0.82536
10	0.02182	0.01113	0.01394	0.01047	0.01537	0.00968	0.00858	0.10364	0.01693	0.43610	0.01846	0.01720	0.01243	0.00645	0.00553	0.00154	0.00507	0.00517	0.00603	0.27445
11	0.03732	0.01223	0.14044	0.01122	0.01465	0.00903	0.04601	0.01453	0.01452	0.04761	0.32314	0.05595	0.03225	0.01009	0.00730	0.00194	0.04972	0.07399	0.00498	0.09310
12	0.02670	0.01070	0.01425	0.01092	0.01559	0.00953	0.00902	0.07870	0.01800	0.70474	0.02308	0.02005	0.01456	0.00743	0.00605	0.00186	0.00522	0.00601	0.00735	0.01024
13	0.01339	0.06907	0.32252	0.13610	0.15325	0.01481	0.11298	0.01837	0.01287	0.03541	0.01106	0.01407	0.00840	0.00586	0.00658	0.00191	0.04701	0.00510	0.00282	0.00841
14	0.01342	0.11811	0.49088	0.06399	0.04191	0.06127	0.03091	0.01883	0.01325	0.03549	0.04927	0.01441	0.01048	0.00606	0.00560	0.00181	0.00824	0.00476	0.00294	0.00836
15	0.00880	0.00590	0.00674	0.00682	0.00690	0.00590	0.00400	0.00896	0.00904	0.01203	0.01970	0.04102	0.02261	0.74387	0.02933	0.00565	0.00582	0.04940	0.00375	0.00375
16	0.00992	0.00723	0.00979	0.01082	0.01234	0.00732	0.00930	0.01360	0.06057	0.01904	0.09959	0.06277	0.03569	0.01567	0.00805	0.00264	0.00523	0.59894	0.00568	0.00581
17	0.02194	0.01406	0.01597	0.01252	0.01672	0.01503	0.01021	0.49624	0.02354	0.17822	0.01641	0.02921	0.01188	0.01007	0.04019	0.06011	0.00658	0.00577	0.00594	0.00940
18	0.01027	0.00725	0.00921	0.00938	0.01119	0.00707	0.00766	0.01409	0.07968	0.05712	0.23853	0.07034	0.14136	0.01403	0.00747	0.00230	0.00427	0.29669	0.00600	0.00609
19	0.00872	0.00594	0.00710	0.00710	0.00728	0.00612	0.00432	0.00909	0.00891	0.01206	0.01846	0.03665	0.02069	0.66002	0.15757	0.00650	0.00761	0.00835	0.00357	0.00394
20	0.52907	0.00972	0.00869	0.00786	0.01082	0.01070	0.00628	0.01579	0.01274	0.04376	0.26264	0.02211	0.02397	0.00793	0.00494	0.00187	0.00404	0.00594	0.00481	0.00632
21	0.01536	0.01519	0.02396	0.03559	0.70549	0.06096	0.01804	0.01881	0.01391	0.01935	0.01119	0.01464	0.00942	0.00541	0.00592	0.00177	0.00738	0.00527	0.00299	0.00937
22	0.01081	0.00613	0.00816	0.00867	0.00975	0.00563	0.00604	0.01202	0.01234	0.14309	0.03070	0.60934	0.03444	0.06146	0.00873	0.00254	0.00391	0.01471	0.00579	0.00574
23	0.00859	0.00645	0.00967	0.00967	0.01074	0.00752	0.00752	0.01074	0.00967	0.01396	0.01611	0.02363	0.01504	0.04512	0.76474	0.00967	0.01611	0.00645	0.00322	0.00537
24	0.01247	0.01069	0.01247	0.00891	0.01426	0.00802	0.00713	0.01515	0.01247	0.01960	0.01069	0.01247	0.00891	0.00446	0.00446	0.00089	0.00446	0.00356	0.00356	0.82536
25	0.00740	0.00532	0.00690	0.00813	0.00856	0.00495	0.00541	0.00841	0.01149	0.01520	0.03406	0.69627	0.08284	0.06321	0.00897	0.00261	0.00360	0.01634	0.00547	0.00483
26	0.05384	0.00636	0.00790	0.00829	0.00963	0.00591	0.00591	0.01167	0.01285	0.10606	0.09209	0.50361	0.12154	0.01580	0.00715	0.00225	0.00364	0.01399	0.00579	0.00571
27	0.01392	0.00735	0.00977	0.00849	0.01085	0.00660	0.00660	0.01661	0.01708	0.23810	0.53594	0.03778	0.04451	0.01088	0.00679	0.00188	0.00351	0.00947	0.00686	0.00701
28	0.00869	0.00592	0.00707	0.00710	0.00728	0.00608	0.00431	0.00906	0.00896	0.01212	0.01884	0.05502	0.02121	0.65051	0.14786	0.00637	0.00742	0.00858	0.00362	0.00395
29	0.16446	0.00673	0.00621	0.00604	0.00787	0.00708	0.00464	0.01470	0.01217	0.02328	0.01752	0.02006	0.01375	0.00674	0.00412	0.00149	0.00315	0.00517	0.66903	0.00578
30	0.01055	0.00620	0.00798	0.00828	0.00945	0.00566	0.00577	0.01181	0.01258	0.12857	0.07388	0.47571	0.09627	0.10565	0.01001	0.00268	0.00393	0.01370	0.00570	0.00562
31	0.01247	0.01069	0.01247	0.00891	0.01426	0.00802	0.00713	0.01515	0.01247	0.01960	0.01069	0.01247	0.00891	0.00446	0.00446	0.00089	0.00446	0.00356	0.00356	0.82536
32	0.00858	0.00613	0.00776	0.00864	0.00929	0.00597	0.00587	0.06154	0.01254	0.01674	0.03071	0.67180	0.03626	0.07606	0.00929	0.00265	0.00390	0.01561	0.00547	0.00519
33	0.01092	0.00817	0.00953	0.00949	0.01102	0.00843	0.00684	0.13593	0.09321	0.02015	0.02983	0.47762	0.07534	0.06314	0.00861	0.00247	0.00429	0.01318	0.00560	0.00625
34	0.00957	0.00656	0.00751	0.00743	0.00785	0.00664	0.00457	0.06342	0.01071	0.01430	0.02108	0.16706	0.02410	0.59554	0.02477	0.00494	0.00548	0.00995	0.00416	0.00436
35	0.02681	0.01052	0.01414	0.01084	0.01550	0.00927	0.00895	0.05975	0.01770	0.72411	0.02333	0.02021	0.01469	0.00744	0.00605	0.00186	0.00518	0.00602	0.00738	0.01024
36	0.16585	0.01224	0.01277	0.01080	0.01401	0.01342	0.00860	0.36119	0.01932	0.02853	0.01723	0.09951	0.01585	0.09664	0.00861	0.00238	0.00560	0.05624	0.04350	0.00772
37	0.00871	0.00591	0.00696	0.00715	0.00739	0.00585	0.00444	0.00923	0.00998	0.01337	0.07425	0.09465	0.02676	0.61228	0.02540	0.00505	0.00542	0.06901	0.00416	0.00404
38	0.00860	0.00641	0.00947	0.00947	0.01048	0.00741	0.00728	0.01062	0.00961	0.01382	0.01629	0.02461	0.01546	0.09137	0.71908	0.00943	0.01547	0.00659	0.00325	0.00526
39	0.00875	0.00583	0.00656	0.00656	0.00656	0.00583	0.00365	0.00875	0.00875	0.01166	0.01895	0.03937	0.02187	0.78858	0.03062	0.00583	0.00583	0.00875	0.00365	0.00365
40	0.01045	0.00522	0.00784	0.00784	0.00784	0.00522	0.00522	0.00784	0.00784	0.01045	0.01045	0.01829	0.01045	0.02090	0.02351	0.82497	0.00522	0.00522	0.00261	0.00261
41	0.01206	0.01141	0.01931	0.62774	0.18234	0.01355	0.01706	0.01598	0.01236	0.01622	0.01082	0.01581	0.00832	0.00588	0.00600	0.00196	0.00785	0.00535	0.00273	0.00725
42	0.02691	0.01037	0.01404	0.01076	0.01542	0.00903	0.00889	0.04309	0.01744	0.74115	0.02355	0.02036	0.01480	0.00744	0.00605	0.00186	0.00515	0.00604	0.00742	0.01024
43	0.00859	0.00645	0.00967	0.00967	0.01074	0.00752	0.00752	0.01074	0.00967	0.01396	0.01611	0.02363	0.01504	0.04512	0.76474	0.00967	0.01611	0.00645	0.00322	0.00537
44	0.55964	0.10245	0.01306	0.05656	0.01466	0.03262	0.00813	0.08967	0.01264	0.02546	0.00951	0.01104	0.00743	0.00578	0.00417	0.00178	0.00535	0.00369	0.02936	0.00702
45	0.01356	0.01493	0.03100	0.17859	0.03265	0.01501	0.54460	0.01821	0.01349	0.01821	0.01164	0.01602	0.00883	0.00556	0.00755	0.00206	0.05076	0.00664	0.00294	0.00774
46	0.01114	0.00599	0.00661	0.05983	0.00955	0.00621	0.00519	0.01401	0.01248	0.02167	0.01889	0.02202	0.01489	0.00813	0.02814	0.00170	0.00359	0.00561	0.73868	0.00568
47	0.01411	0.01489	0.02954	0.11796	0.28528	0.01467	0.39541	0.01853	0.01377	0.01894	0.01170	0.01574	0.00914	0.00528	0.00657	0.00194	0.00884	0.00628	0.00298	0.00844
48	0.01346	0.01293	0.02021	0.33634	0.37041	0.04515	0.01647	0.01738	0.03052	0.01783	0.01272	0.01662	0.02662	0.00602	0.00593	0.00187	0.00737	0.00551	0.02864	0.00802
49	0.01146	0.01079	0.01822	0.75314	0.06163	0.01339	0.01676	0.01546	0.01208	0.01549	0.01071	0.01601	0.00806	0.00600	0.00601	0.00200	0.00799	0.00535	0.00268	0.00676
50	0.65268	0.01178	0.00999	0.00861	0.01240	0.01332	0.00707	0.09147	0.01269	0.07915	0.01061	0.01161	0.00791	0.00595	0.00414	0.00183	0.00480	0.00379	0.04307	0.00711
51	0.01682	0.01360	0.01427	0.01243	0.01608	0.02980	0.00978	0.12324	0.59247	0.06731	0.02283	0.02106	0.01690	0.00796	0.00609	0.00199	0.00514	0.00652	0.00612	0.00960
52	0.01489	0.01429	0.02442	0.03692	0.75106	0.01429	0.01846	0.01846	0.01370	0.01965	0.01132	0.01489	0.00953	0.00536	0.00596	0.00179	0.00715	0.00536	0.00298	0.00953
53	0.01539	0.01313	0.01384	0.01233	0.01580	0.01516	0.00962	0.06936	0.70211	0.02585	0.02395	0.02202	0.01793	0.00811	0.00612	0.00203	0.00486	0.00673	0.00612	0.00956
54	0.01390	0.01543	0.03233	0.05951	0.03009	0.01464	0.61679	0.01862	0.01381	0.01897	0.01186	0.01583	0.00902	0.00522	0.00719	0.00195	0.03143	0.00668	0.00306	0.07367
55	0.02208	0.02798	0.01725	0.01599	0.03500	0.72981	0.01181	0.02367	0.01679	0.01483	0.00931	0.01099	0.00779	0.00628	0.00578	0.00158	0.02901	0.00394	0.00309	0.00702
56	0.00748	0.00526	0.00693	0.00825	0.00863	0.00493	0.00550	0.00857	0.01150	0.01551	0.03244	0.74538	0.03865	0.03370	0.00802	0.00248	0.00351	0.01657	0.03182	0.00488
57	0.01144	0.01074	0.01795	0.75816	0.04089	0.01340	0.01656	0.01572	0.02729	0.01558	0.01098	0.01617	0.00824	0.00606	0.00602	0.00201	0.00795	0.00538	0.00275	0.00674
58	0.02104	0.04355	0.01686	0.01471	0.01801	0.57409	0.01122	0.06602	0.14263	0.01785	0.01220	0.01303	0.00973	0.00657	0.00554	0.00164	0.00945	0.00445	0.00378	0.00762
59	0.01420	0.01623	0.03550	0.02535	0.03144	0.01521	0.72921	0.01927	0.01420	0.01927	0.01217	0.01623	0.00913	0.00507	0.00710	0.00203	0.01014	0.00710	0.00304	0.00811
60	0.00809	0.00639	0.00747	0.00802	0.00978	0.00577	0.00653	0.01008	0.01372	0.01690	0.04939	0.07617	0.46459	0.01583	0.00757	0.00232	0.00400	0.27657	0.00557	0.00525
61	0.01142	0.01062	0.01766	0.72155	0.03938	0.01330	0.01617	0.01529	0.01194	0.01556	0.01088	0.01614	0.00825	0.00621	0.00646	0.00201	0.03610	0.00535	0.02904	0.00664
62	0.02287	0.01685	0.01805	0.01384	0.01866	0.01866	0.01143	0.73100	0.02828	0.03791	0.01444	0.01444	0.01023	0.00722	0.00602	0.00181	0.00662	0.00542	0.00602	0.01023
63	0.01329	0.01266	0.02153	0.37136	0.42913	0.01387	0.01767	0.01706	0.01294	0.01771	0.01103	0.01541	0.00884	0.00566	0.00598	0.00189	0.00754	0.00535	0.00284	0.00824
64	0.01314	0.01413	0.04452	0.26546	0.08394	0.01404	0.39736	0.01769	0.01335	0.01820	0.01198	0.01630	0.00908	0.00551	0.00649	0.00197	0.00885	0.00628	0.04407	0.00765
65	0.00748	0.00535	0.00711	0.00828	0.00876	0.00498	0.00560	0.00874	0.01220	0.01644	0.12137	0.69336	0.04188	0.01804	0.00761	0.00238	0.00341	0.01633	0.00571	0.00498
66	0.01496	0.01292	0.01360	0.01224	0.01564	0.01496	0.00952	0.03197	0.74019	0.02516	0.02448	0.02244	0.01836	0.00816	0.00612	0.00204	0.00476	0.00680	0.00612	0.00952
67	0.00843	0.00619	0.00797	0.00809	0.00935	0.00582	0.00603	0.01117	0.03587	0.02114	0.46104	0.22085	0.08995	0.01424	0.00730	0.00211	0.00328	0.06940	0.00622	0.00555
68	0.00961	0.00690	0.00958	0.01092	0.01232	0.00686	0.00953	0.01234	0.01384	0.01795	0.03279	0.06754	0.05760	0.01657	0.00827	0.00275	0.00546	0.68811	0.00554	0.00552
69	0.00731	0.00530	0.00692	0.00822	0.00868	0.00490	0.00551	0.00839	0.01167	0.01542	0.03511	0.73350	0.08968	0.01859	0.00764	0.00241	0.00346	0.01679	0.00558	0.00490
70	0.00774	0.00545	0.00706	0.00818	0.00852	0.00519	0.00545	0.00868	0.01112	0.01480	0.03034	0.59951	0.03604	0.16706	0.01214	0.00312	0.00406	0.05566	0.00521	0.00468
71	0.02102	0.01544	0.01684	0.05125	0.01868	0.01708	0.01099	0.62401	0.02595	0.03507	0.01594	0.01632	0.03150	0.00737	0.00592	0.00179	0.00632	0.00563	0.06327	0.00958
72	0.00849	0.00674	0.00774	0.00777	0.00946	0.00636	0.00580	0.01201	0.09278	0.01925	0.23536	0.17670	0.32995	0.01437	0.00715	0.00210	0.00336	0.04299	0.00592	0.00571
73	0.02152	0.01146	0.01380	0.01140	0.01549	0.01163	0.00915	0.03052	0.34627	0.42294	0.02408	0.02137	0.01647	0.00777	0.00608	0.00194	0.00496	0.00639	0.00684	0.00991
74	0.02474	0.00626	0.00718	0.00700	0.00876	0.00556	0.00523	0.01037	0.01489	0.03686	0.33197	0.10608	0.38560	0.01396	0.00705	0.00200	0.00308	0.01196	0.00601	0.00545
75	0.01735	0.01191	0.01327	0.01154	0.01515	0.01297	0.00908	0.03003	0.52944	0.19633	0.02635	0.02397	0.05851	0.00839	0.00616	0.00200	0.00475	0.00696	0.00640	0.00944
76	0.01907	0.01352	0.01505	0.01235	0.01599	0.01466	0.01008	0.48954	0.02296	0.06243	0.01840	0.02694	0.01605	0.10273	0.00937	0.00246	0.00627	0.12778	0.00571	0.00863
77	0.02564	0.01054	0.01392	0.01088	0.01539	0.00953	0.00892	0.02962	0.09853	0.67312	0.02382	0.02070	0.01528	0.00753	0.00606	0.00188	0.00508	0.00613	0.00730	0.01016
78	0.00752	0.00581	0.00686	0.00723	0.00854	0.00515	0.00518	0.00918	0.01373	0.01779	0.21290	0.30568	0.34126	0.01579	0.00730	0.00214	0.00315	0.01379	0.00583	0.00515
79	0.00766	0.00547	0.00736	0.00875	0.00925	0.00517	0.00616	0.00895	0.01184	0.01573	0.03297	0.68467	0.03907	0.01854	0.00777	0.00249	0.00378	0.11384	0.00558	0.00498
80	0.01045	0.00522	0.00784	0.00784	0.00784	0.00522	0.00522	0.00784	0.00784	0.01045	0.01045	0.01829	0.01045	0.02090	0.02351	0.82497	0.00522	0.00522	0.00261	0.00261
81	0.00733	0.00524	0.00698	0.00838	0.00873	0.00489	0.00558	0.00838	0.01152	0.01536	0.03316	0.78466	0.03979	0.01885	0.00768	0.00244	0.00349	0.01710	0.00558	0.00489
82	0.01247	0.01069	0.01247	0.00891	0.01426	0.00802	0.00713	0.01515	0.01247	0.01960	0.01069	0.01247	0.00891	0.00446	0.00446	0.00089	0.00446	0.00356	0.00356	0.82536
83	0.01296	0.04325	0.57982	0.01767	0.02529	0.05232	0.09332	0.01898	0.01282	0.01844	0.01061	0.01294	0.00780	0.00600	0.00679	0.00194	0.06317	0.00472	0.00263	0.00853
84	0.01045	0.00522	0.00784	0.00784	0.00784	0.00522	0.00522	0.00784	0.00784	0.01045	0.01045	0.01829	0.01045	0.02090	0.02351	0.82497	0.00522	0.00522	0.00261	0.00261
85	0.00893	0.00669	0.00773	0.00724	0.00916	0.00604	0.00550	0.04175	0.01601	0.03852	0.38493	0.04895	0.36990	0.01330	0.00703	0.00195	0.00315	0.01136	0.00614	0.00571
86	0.02296	0.01087	0.01377	0.01080	0.01492	0.01028	0.00882	0.16836	0.01943	0.48349	0.14708	0.02348	0.02119	0.00824	0.00622	0.00186	0.00503	0.00676	0.00701	0.00945
87	0.01045	0.00522	0.00784	0.00784	0.00784	0.00522	0.00522	0.00784	0.00784	0.01045	0.01045	0.01829	0.01045	0.02090	0.02351	0.82497	0.00522	0.00522	0.00261	0.00261
88	0.00755	0.00540	0.00722	0.00853	0.00900	0.00507	0.00588	0.00881	0.01195	0.01597	0.06812	0.69792	0.04026	0.01837	0.00769	0.00244	0.00360	0.06561	0.00563	0.00497
89	0.01045	0.00522	0.00784	0.00784	0.00784	0.00522	0.00522	0.00784	0.00784	0.01045	0.01045	0.01829	0.01045	0.02090	0.02351	0.82497	0.00522	0.00522	0.00261	0.00261
90	0.00915	0.01062	0.13766	0.00980	0.01250	0.00734	0.00913	0.01262	0.02906	0.02037	0.32872	0.12426	0.12573	0.01285	0.00710	0.00212	0.00446	0.12491	0.00549	0.00613
