[name]
unknown

[dist]
# distance from previous block
# <min> <max>
0	116

[block]
# block no. 0 follows, 41 sequences, length 12
# corresponding to MSA columns:
# 130-141
name=unknown_A
#
# <colnr> <probs for GDERKNQSTAVLIFYWHMCP>
#	G	D	E	R	K	N	Q	S	T	A	V	L	I	F	Y	W	H	M	C	P
0	0.01549	0.01616	0.03220	0.02575	0.11480	0.01507	0.60306	0.01930	0.01472	0.02024	0.01440	0.02026	0.01180	0.00679	0.00755	0.00232	0.00970	0.03782	0.00374	0.00884
1	0.00817	0.00613	0.00919	0.00919	0.01021	0.00715	0.00715	0.01021	0.00919	0.01328	0.01532	0.02247	0.01430	0.04290	0.77631	0.00919	0.01532	0.00613	0.00306	0.00511
2	0.01529	0.80242	0.02997	0.00979	0.01468	0.02263	0.00979	0.01713	0.01162	0.01346	0.00795	0.00918	0.00734	0.00489	0.00367	0.00122	0.00612	0.00306	0.00245	0.00734
3	0.00832	0.00555	0.00624	0.00624	0.00624	0.00555	0.00347	0.00832	0.00832	0.01109	0.01802	0.03743	0.02080	0.79898	0.02911	0.00555	0.00555	0.00832	0.00347	0.00347
4	0.02070	0.01567	0.01620	0.01280	0.01700	0.05950	0.01041	0.59433	0.07412	0.06140	0.01524	0.04942	0.01155	0.00738	0.00577	0.00175	0.00621	0.00568	0.00561	0.00928
5	0.00697	0.00498	0.00664	0.00796	0.00830	0.00465	0.00531	0.00796	0.01095	0.01460	0.03153	0.79525	0.03783	0.01792	0.00730	0.00232	0.00332	0.01626	0.00531	0.00465
6	0.01147	0.02959	0.76934	0.01630	0.02476	0.01328	0.02113	0.01811	0.01208	0.01811	0.01026	0.01208	0.00725	0.00543	0.00543	0.00181	0.00845	0.00423	0.00242	0.00845
7	0.01366	0.01273	0.02099	0.25848	0.49593	0.01361	0.01660	0.06577	0.01349	0.01864	0.01078	0.01446	0.00868	0.00540	0.00568	0.00176	0.00701	0.00510	0.00294	0.00829
8	0.01282	0.01214	0.02057	0.23486	0.52269	0.01281	0.01636	0.01618	0.01247	0.01734	0.01187	0.06228	0.01044	0.00605	0.00578	0.00179	0.00681	0.00578	0.00291	0.00806
9	0.01584	0.01256	0.01350	0.01161	0.01505	0.01418	0.00917	0.18233	0.52077	0.05315	0.07099	0.02108	0.01815	0.00781	0.00586	0.00188	0.00480	0.00642	0.00588	0.00898
10	0.00724	0.00581	0.00646	0.00630	0.00802	0.00503	0.00472	0.00914	0.01417	0.01814	0.30982	0.05063	0.50742	0.01348	0.00676	0.00188	0.00283	0.01145	0.00566	0.00503
11	0.01153	0.02398	0.53302	0.18228	0.02842	0.01328	0.09330	0.01738	0.01208	0.01738	0.01038	0.01310	0.00747	0.00543	0.00563	0.00184	0.00840	0.00467	0.00249	0.00793

[dist]
# distance from previous block
# <min> <max>
0	1

[block]
# block no. 1 follows, 41 sequences, length 9
# corresponding to MSA columns:
# 143-151
name=unknown_B
#
# <colnr> <probs for GDERKNQSTAVLIFYWHMCP>
#	G	D	E	R	K	N	Q	S	T	A	V	L	I	F	Y	W	H	M	C	P
0	0.30736	0.01019	0.01159	0.00926	0.01338	0.00994	0.00764	0.02405	0.01407	0.51054	0.01751	0.01595	0.01140	0.00647	0.00499	0.00177	0.00471	0.00483	0.00585	0.00851
1	0.01257	0.02158	0.46106	0.01658	0.09625	0.01166	0.06016	0.01765	0.01305	0.08847	0.07324	0.01888	0.07020	0.00670	0.00577	0.00181	0.00715	0.00569	0.00345	0.00807
2	0.01391	0.32441	0.31156	0.01621	0.09560	0.05817	0.07164	0.01795	0.01233	0.01617	0.00945	0.01133	0.00758	0.00517	0.00486	0.00156	0.00758	0.00403	0.00254	0.00793
3	0.00781	0.00659	0.00910	0.00862	0.01030	0.00599	0.07403	0.00994	0.03452	0.01630	0.10308	0.32684	0.33653	0.01443	0.00693	0.00207	0.00372	0.01283	0.00518	0.00520
4	0.01790	0.01210	0.01976	0.07354	0.43256	0.01177	0.03975	0.02097	0.01410	0.27756	0.01484	0.01611	0.01072	0.00581	0.00574	0.00174	0.00628	0.00538	0.00429	0.00908
5	0.01275	0.07982	0.28824	0.06557	0.36529	0.01369	0.01752	0.01708	0.01239	0.01765	0.01138	0.05234	0.00965	0.00588	0.00551	0.00174	0.00720	0.00519	0.00276	0.00834
6	0.01355	0.00724	0.00873	0.00779	0.01052	0.00624	0.00624	0.01539	0.01420	0.27588	0.04290	0.04369	0.42880	0.01206	0.00653	0.00195	0.00382	0.08198	0.00592	0.00657
7	0.01207	0.01380	0.07524	0.22438	0.12155	0.01299	0.32203	0.01617	0.01263	0.01699	0.01524	0.01863	0.07874	0.00617	0.00656	0.00190	0.02829	0.00638	0.00298	0.00727
8	0.01836	0.06229	0.37345	0.01307	0.01943	0.01150	0.01453	0.02265	0.01407	0.37027	0.01593	0.01540	0.01050	0.00618	0.00549	0.00176	0.00664	0.00488	0.00461	0.00900

[dist]
# distance from previous block
# <min> <max>
24	42

[block]
# block no. 2 follows, 41 sequences, length 27
# corresponding to MSA columns:
# 196-222
name=unknown_C
#
# <colnr> <probs for GDERKNQSTAVLIFYWHMCP>
#	G	D	E	R	K	N	Q	S	T	A	V	L	I	F	Y	W	H	M	C	P
0	0.01319	0.02867	0.01168	0.01003	0.01289	0.01104	0.00780	0.08203	0.35351	0.06521	0.11938	0.12327	0.07400	0.00965	0.00604	0.00187	0.00422	0.00820	0.00564	0.05169
1	0.01105	0.00783	0.01035	0.01070	0.03665	0.00748	0.00857	0.01465	0.07052	0.06918	0.09284	0.07723	0.02840	0.01234	0.00688	0.00215	0.00477	0.40185	0.00519	0.12135
2	0.01262	0.01062	0.01227	0.00883	0.01388	0.00841	0.00709	0.07077	0.01302	0.01998	0.01044	0.01201	0.00857	0.00444	0.00435	0.00091	0.00439	0.00352	0.00357	0.77029
3	0.01215	0.01016	0.01182	0.00875	0.01343	0.00808	0.00694	0.06337	0.01281	0.01951	0.01206	0.07249	0.01082	0.00547	0.00457	0.00102	0.00430	0.00450	0.00370	0.71404
4	0.01623	0.01003	0.01231	0.00901	0.01389	0.00787	0.00729	0.01867	0.01329	0.25559	0.01409	0.01427	0.01027	0.00514	0.00472	0.00114	0.00444	0.00414	0.00456	0.57308
5	0.00688	0.00561	0.00609	0.00646	0.00797	0.00483	0.00471	0.00824	0.01252	0.01528	0.05066	0.23940	0.56227	0.01537	0.00692	0.00205	0.00306	0.03156	0.00531	0.00479
6	0.02087	0.02633	0.01669	0.01613	0.06864	0.72391	0.01150	0.02248	0.01599	0.01432	0.00897	0.01058	0.00748	0.00584	0.00519	0.00149	0.01007	0.00378	0.00294	0.00680
7	0.01186	0.01017	0.01186	0.00847	0.01356	0.00762	0.00678	0.01440	0.01186	0.01864	0.01017	0.01186	0.00847	0.00424	0.00424	0.00085	0.00424	0.00339	0.00339	0.83395
8	0.00733	0.00580	0.00647	0.00631	0.00791	0.00508	0.00465	0.00912	0.01382	0.01777	0.30064	0.04955	0.46377	0.06668	0.00827	0.00213	0.00301	0.01121	0.00553	0.00493
9	0.00697	0.00498	0.00664	0.00796	0.00830	0.00465	0.00531	0.00796	0.01095	0.01460	0.03153	0.79525	0.03783	0.01792	0.00730	0.00232	0.00332	0.01626	0.00531	0.00465
10	0.02566	0.00973	0.01327	0.01018	0.01460	0.00841	0.00841	0.02788	0.01637	0.76726	0.02257	0.01947	0.01416	0.00708	0.00575	0.00177	0.00487	0.00575	0.00708	0.00973
11	0.22508	0.01421	0.01455	0.01150	0.01575	0.01574	0.00947	0.48622	0.05093	0.08254	0.01328	0.01332	0.00946	0.00653	0.00519	0.00174	0.00566	0.00473	0.00528	0.00882
12	0.00697	0.00498	0.00664	0.00796	0.00830	0.00465	0.00531	0.00796	0.01095	0.01460	0.03153	0.79525	0.03783	0.01792	0.00730	0.00232	0.00332	0.01626	0.00531	0.00465
13	0.01501	0.01487	0.02818	0.02182	0.08292	0.01455	0.50419	0.15992	0.01600	0.02198	0.01231	0.01531	0.00923	0.00534	0.00632	0.00184	0.00840	0.00623	0.04750	0.00809
14	0.01251	0.01251	0.01752	0.01502	0.01502	0.01752	0.01251	0.01377	0.00876	0.01377	0.00751	0.01251	0.00751	0.01001	0.01877	0.00250	0.78851	0.00501	0.00250	0.00626
15	0.02106	0.06687	0.01691	0.01448	0.01753	0.73752	0.01099	0.02255	0.01597	0.01397	0.00880	0.01026	0.00737	0.00584	0.00508	0.00146	0.01010	0.00365	0.00292	0.00667
16	0.02155	0.05763	0.01635	0.01221	0.01639	0.11912	0.01001	0.42959	0.02180	0.17404	0.01474	0.01453	0.01040	0.00666	0.00545	0.00165	0.00637	0.00497	0.04759	0.00895
17	0.00676	0.00579	0.00579	0.00579	0.00773	0.00483	0.00435	0.00821	0.01304	0.01545	0.05794	0.05505	0.76098	0.01449	0.00676	0.00193	0.00290	0.01207	0.00531	0.00483
18	0.00697	0.00498	0.00664	0.00796	0.00830	0.00465	0.00531	0.00796	0.01095	0.01460	0.03153	0.79525	0.03783	0.01792	0.00730	0.00232	0.00332	0.01626	0.00531	0.00465
19	0.01400	0.01203	0.01277	0.01159	0.01474	0.01388	0.00906	0.02955	0.71942	0.02362	0.02360	0.02330	0.01816	0.00812	0.00591	0.00197	0.00456	0.03904	0.00580	0.00888
20	0.01186	0.01017	0.01186	0.00847	0.01356	0.00762	0.00678	0.01440	0.01186	0.01864	0.01017	0.01186	0.00847	0.00424	0.00424	0.00085	0.00424	0.00339	0.00339	0.83395
21	0.01242	0.01047	0.01137	0.01073	0.01324	0.01184	0.00812	0.02482	0.56840	0.02161	0.02533	0.21384	0.02253	0.01029	0.00619	0.00204	0.00423	0.00890	0.00569	0.00796
22	0.01130	0.01017	0.01466	0.41881	0.02721	0.01031	0.01159	0.01451	0.01164	0.01651	0.01017	0.01365	0.00802	0.00502	0.00502	0.00141	0.00603	0.00428	0.00294	0.39676
23	0.01503	0.00739	0.00993	0.00845	0.01100	0.00665	0.00665	0.01751	0.01598	0.31619	0.43948	0.03274	0.03668	0.01112	0.03711	0.00208	0.00406	0.00836	0.00648	0.00710
24	0.02025	0.01478	0.01588	0.01213	0.01674	0.03559	0.00995	0.53785	0.02308	0.08879	0.01364	0.01375	0.00978	0.00638	0.00544	0.00156	0.00592	0.00484	0.00533	0.15832
25	0.02041	0.06964	0.01775	0.04758	0.01835	0.06949	0.01094	0.57645	0.06153	0.03143	0.01333	0.01365	0.00971	0.00666	0.00555	0.00169	0.00653	0.00497	0.00517	0.00917
26	0.08167	0.01409	0.01412	0.01162	0.01513	0.06647	0.00925	0.46342	0.05061	0.02885	0.01683	0.12403	0.02826	0.04100	0.00672	0.00196	0.00584	0.00675	0.00521	0.00816

[dist]
# distance from previous block
# <min> <max>
6	178

[block]
# block no. 3 follows, 41 sequences, length 6
# corresponding to MSA columns:
# 412-417
name=unknown_D
#
# <colnr> <probs for GDERKNQSTAVLIFYWHMCP>
#	G	D	E	R	K	N	Q	S	T	A	V	L	I	F	Y	W	H	M	C	P
0	0.01258	0.12783	0.62936	0.01528	0.02304	0.01475	0.01906	0.06164	0.01291	0.01860	0.01018	0.01180	0.00741	0.00545	0.00523	0.00173	0.00802	0.00413	0.00262	0.00839
1	0.00947	0.00813	0.01238	0.01085	0.01324	0.00734	0.12068	0.01216	0.04558	0.01659	0.02333	0.43935	0.02576	0.01235	0.00650	0.00193	0.00463	0.03873	0.00454	0.18644
2	0.01970	0.01976	0.01528	0.01286	0.01662	0.37775	0.01001	0.18031	0.07596	0.07206	0.01220	0.01280	0.00932	0.00608	0.00523	0.00149	0.00766	0.00432	0.00413	0.13647
3	0.43741	0.01338	0.04555	0.00961	0.01321	0.07077	0.00811	0.16987	0.01496	0.02620	0.12644	0.01564	0.01451	0.00668	0.00471	0.00174	0.00518	0.00475	0.00433	0.00695
4	0.01178	0.08000	0.06498	0.01294	0.01397	0.01521	0.01112	0.01328	0.00918	0.01358	0.00982	0.01666	0.00994	0.13399	0.06255	0.00321	0.50376	0.00537	0.00268	0.00599
5	0.01572	0.01288	0.01575	0.01309	0.01532	0.07172	0.03486	0.07525	0.06365	0.13420	0.01334	0.05996	0.01130	0.00854	0.01124	0.00201	0.34025	0.00569	0.00400	0.09122

[dist]
# distance from previous block
# <min> <max>
0	198

# created by:
# /software/SequenceAnalysis/GenePrediction/augustus/3.0.1/scripts/msa2prfl.pl ./fixed/BUSCOvEOG7R51H4.fas
