[name]
unknown

[dist]
# distance from previous block
# <min> <max>
0	128

[block]
# block no. 0 follows, 41 sequences, length 8
# corresponding to MSA columns:
# 149-156
name=unknown_A
#
# <colnr> <probs for GDERKNQSTAVLIFYWHMCP>
#	G	D	E	R	K	N	Q	S	T	A	V	L	I	F	Y	W	H	M	C	P
0	0.00848	0.00606	0.00832	0.00935	0.01043	0.00591	0.00762	0.01071	0.01311	0.01744	0.14923	0.24265	0.03756	0.01566	0.00756	0.00242	0.00437	0.43253	0.00544	0.00513
1	0.01369	0.47406	0.09747	0.01092	0.01513	0.06136	0.01084	0.01619	0.01233	0.01490	0.01402	0.02388	0.01396	0.00783	0.00503	0.00166	0.00637	0.19027	0.00320	0.00687
2	0.03610	0.00802	0.01035	0.00938	0.01180	0.00774	0.06246	0.05930	0.04173	0.01958	0.08115	0.04096	0.21425	0.01115	0.00632	0.00194	0.00440	0.19639	0.11718	0.05982
3	0.03457	0.26166	0.07244	0.01238	0.03972	0.05879	0.01083	0.20626	0.01619	0.09694	0.03565	0.01387	0.01058	0.00846	0.05059	0.00204	0.05243	0.00458	0.00399	0.00802
4	0.01247	0.01072	0.01214	0.00929	0.01390	0.00934	0.00737	0.01855	0.20394	0.02001	0.01357	0.01432	0.01080	0.00515	0.00465	0.00113	0.00431	0.00419	0.00402	0.62015
5	0.00826	0.00562	0.00660	0.00649	0.00684	0.00551	0.00397	0.00896	0.01036	0.01416	0.21040	0.03880	0.02939	0.59493	0.02332	0.00457	0.00481	0.00884	0.00420	0.00397
6	0.01032	0.00925	0.01297	0.06979	0.01475	0.01017	0.03772	0.01212	0.01065	0.01546	0.01694	0.28787	0.01845	0.01090	0.00984	0.00198	0.23717	0.00866	0.00372	0.20129
7	0.01323	0.21724	0.02075	0.01366	0.01493	0.01884	0.01181	0.01464	0.00950	0.01369	0.00762	0.01165	0.00746	0.00868	0.01486	0.00217	0.58573	0.00450	0.00249	0.00654

[dist]
# distance from previous block
# <min> <max>
0	3

[block]
# block no. 1 follows, 41 sequences, length 33
# corresponding to MSA columns:
# 160-192
name=unknown_B
#
# <colnr> <probs for GDERKNQSTAVLIFYWHMCP>
#	G	D	E	R	K	N	Q	S	T	A	V	L	I	F	Y	W	H	M	C	P
0	0.01216	0.01083	0.01417	0.12329	0.08809	0.01014	0.00969	0.01598	0.07172	0.01815	0.01110	0.01338	0.00907	0.00522	0.00573	0.00128	0.05993	0.00416	0.00335	0.51256
1	0.13763	0.09998	0.01614	0.01277	0.01615	0.53844	0.00993	0.02082	0.01452	0.01595	0.00872	0.01016	0.00727	0.00560	0.00471	0.00145	0.00863	0.00352	0.00301	0.06460
2	0.00812	0.00546	0.00630	0.00649	0.00653	0.00542	0.00373	0.00827	0.00870	0.01160	0.01996	0.14630	0.02324	0.68677	0.02598	0.00508	0.00523	0.00946	0.00373	0.00364
3	0.00682	0.00555	0.00605	0.00645	0.00790	0.00477	0.00463	0.00814	0.01241	0.01520	0.05002	0.27705	0.54409	0.01552	0.00692	0.00205	0.00302	0.01333	0.00531	0.00477
4	0.01601	0.03019	0.06158	0.02088	0.13435	0.01374	0.32952	0.05892	0.01406	0.15137	0.01295	0.01523	0.00955	0.00592	0.00739	0.00188	0.08584	0.00581	0.00372	0.02111
5	0.01957	0.05501	0.01965	0.01446	0.01893	0.09137	0.12039	0.48599	0.03790	0.02930	0.01303	0.01388	0.00957	0.00638	0.00566	0.00169	0.00701	0.00518	0.03620	0.00882
6	0.01405	0.01613	0.10417	0.01725	0.02258	0.05050	0.32985	0.07046	0.12514	0.02023	0.01294	0.01492	0.00981	0.00542	0.00585	0.00168	0.00753	0.00554	0.00357	0.16238
7	0.07610	0.31293	0.07288	0.01124	0.01579	0.12350	0.01027	0.07659	0.06534	0.16580	0.01262	0.01276	0.00948	0.00588	0.00471	0.00153	0.00641	0.00416	0.00399	0.00801
8	0.00832	0.00555	0.00624	0.00624	0.00624	0.00555	0.00347	0.00832	0.00832	0.01109	0.01802	0.03743	0.02080	0.79898	0.02911	0.00555	0.00555	0.00832	0.00347	0.00347
9	0.01043	0.00609	0.00804	0.00836	0.00957	0.00564	0.00595	0.01227	0.03462	0.14167	0.10801	0.56155	0.03499	0.01513	0.00694	0.00216	0.00355	0.01357	0.00573	0.00571
10	0.01280	0.02316	0.54608	0.01384	0.02074	0.01131	0.01678	0.01803	0.01284	0.12534	0.01919	0.01959	0.12141	0.00703	0.00568	0.00182	0.00710	0.00562	0.00352	0.00809
11	0.37945	0.01472	0.11172	0.02178	0.01497	0.07607	0.00930	0.04296	0.01246	0.12934	0.01100	0.01183	0.00806	0.00553	0.00446	0.00161	0.00560	0.00382	0.00388	0.13144
12	0.00717	0.00506	0.00658	0.00771	0.00799	0.00478	0.00503	0.00802	0.01056	0.01407	0.02950	0.68147	0.03527	0.13519	0.01058	0.00281	0.00365	0.01507	0.00503	0.00447
13	0.13171	0.01667	0.14931	0.05818	0.07778	0.01397	0.41151	0.01771	0.01246	0.01906	0.01060	0.01382	0.00803	0.00520	0.00628	0.00189	0.02979	0.00556	0.00287	0.00761
14	0.01437	0.16651	0.07755	0.07440	0.37850	0.01516	0.12466	0.01788	0.01280	0.04957	0.01078	0.01354	0.00867	0.00517	0.00543	0.00167	0.00718	0.00492	0.00290	0.00834
15	0.01147	0.02959	0.76934	0.01630	0.02476	0.01328	0.02113	0.01811	0.01208	0.01811	0.01026	0.01208	0.00725	0.00543	0.00543	0.00181	0.00845	0.00423	0.00242	0.00845
16	0.00697	0.00498	0.00664	0.00796	0.00830	0.00465	0.00531	0.00796	0.01095	0.01460	0.03153	0.79525	0.03783	0.01792	0.00730	0.00232	0.00332	0.01626	0.00531	0.00465
17	0.00743	0.00525	0.00688	0.00800	0.00840	0.00501	0.00549	0.00847	0.01081	0.01437	0.02935	0.59625	0.03470	0.13495	0.01065	0.00284	0.00388	0.09770	0.00503	0.00454
18	0.01694	0.06002	0.07961	0.01410	0.05312	0.33022	0.04234	0.06664	0.12604	0.01866	0.01301	0.01426	0.01021	0.00617	0.00517	0.00158	0.00752	0.00465	0.12240	0.00736
19	0.00697	0.00498	0.00664	0.00796	0.00830	0.00465	0.00531	0.00796	0.01095	0.01460	0.03153	0.79525	0.03783	0.01792	0.00730	0.00232	0.00332	0.01626	0.00531	0.00465
20	0.13448	0.35232	0.01991	0.01096	0.01458	0.22964	0.00954	0.01789	0.01287	0.01591	0.01156	0.01782	0.01102	0.00687	0.00470	0.00158	0.00692	0.11161	0.00317	0.00667
21	0.01092	0.00617	0.00729	0.00683	0.00749	0.00597	0.00421	0.01125	0.00953	0.12463	0.01870	0.03473	0.01980	0.68008	0.02561	0.00498	0.00544	0.00793	0.00401	0.00441
22	0.01253	0.01274	0.01661	0.12516	0.01825	0.07205	0.01239	0.01415	0.00985	0.01396	0.00967	0.06758	0.00964	0.00964	0.01509	0.00233	0.56374	0.00571	0.00274	0.00619
23	0.01194	0.02403	0.53496	0.13145	0.02612	0.01305	0.05418	0.04862	0.01267	0.01841	0.01046	0.01277	0.00757	0.00542	0.00547	0.00176	0.00800	0.00446	0.00267	0.06599
24	0.01476	0.01515	0.02129	0.13982	0.54735	0.12794	0.01634	0.01793	0.01327	0.01740	0.01039	0.01374	0.00860	0.00531	0.00559	0.00169	0.00744	0.00488	0.00281	0.00831
25	0.01487	0.01138	0.01364	0.12223	0.01755	0.02977	0.00986	0.32697	0.01749	0.02387	0.01400	0.01732	0.01124	0.01855	0.25983	0.00418	0.00929	0.00544	0.06519	0.00732
26	0.02137	0.02726	0.01621	0.01474	0.01768	0.77602	0.01105	0.02284	0.01621	0.01400	0.00884	0.01031	0.00737	0.00589	0.00516	0.00147	0.01031	0.00368	0.00295	0.00663
27	0.01529	0.80242	0.02997	0.00979	0.01468	0.02263	0.00979	0.01713	0.01162	0.01346	0.00795	0.00918	0.00734	0.00489	0.00367	0.00122	0.00612	0.00306	0.00245	0.00734
28	0.00717	0.00506	0.00658	0.00771	0.00799	0.00478	0.00503	0.00802	0.01056	0.01407	0.02950	0.68147	0.03527	0.13519	0.01058	0.00281	0.00365	0.01507	0.00503	0.00447
29	0.00802	0.00588	0.00838	0.00857	0.00934	0.00655	0.00633	0.00961	0.00931	0.01314	0.01805	0.13574	0.01866	0.15283	0.55364	0.00766	0.01213	0.00791	0.00345	0.00479
30	0.01432	0.01286	0.02054	0.02685	0.49114	0.01304	0.06527	0.12062	0.01434	0.02002	0.01233	0.01768	0.01089	0.12453	0.00927	0.00230	0.00674	0.00570	0.00335	0.00822
31	0.00812	0.00546	0.00630	0.00649	0.00653	0.00542	0.00373	0.00827	0.00870	0.01160	0.01996	0.14630	0.02324	0.68677	0.02598	0.00508	0.00523	0.00946	0.00373	0.00364
32	0.01230	0.01249	0.02381	0.13408	0.24470	0.01255	0.29639	0.01590	0.01257	0.01724	0.01403	0.13205	0.01299	0.00712	0.00663	0.00193	0.02519	0.00741	0.00318	0.00742

[dist]
# distance from previous block
# <min> <max>
1	5

[block]
# block no. 2 follows, 41 sequences, length 88
# corresponding to MSA columns:
# 199-286
name=unknown_C
#
# <colnr> <probs for GDERKNQSTAVLIFYWHMCP>
#	G	D	E	R	K	N	Q	S	T	A	V	L	I	F	Y	W	H	M	C	P
0	0.02261	0.01664	0.01778	0.01380	0.01840	0.01818	0.01125	0.73287	0.02729	0.03668	0.01471	0.01514	0.01069	0.00754	0.00616	0.00191	0.00662	0.00548	0.00603	0.01021
1	0.01578	0.69205	0.12413	0.01131	0.01667	0.02181	0.01163	0.01792	0.01233	0.01505	0.00932	0.01103	0.00833	0.00566	0.00436	0.00150	0.00675	0.00357	0.00281	0.00800
2	0.01600	0.73665	0.08145	0.01093	0.01609	0.02235	0.01097	0.01786	0.01230	0.01478	0.00919	0.01086	0.00834	0.00563	0.00426	0.00146	0.00661	0.00350	0.00281	0.00794
3	0.00808	0.00578	0.00743	0.00869	0.00912	0.00531	0.00578	0.00878	0.01161	0.01559	0.03221	0.78374	0.03833	0.01841	0.00771	0.00250	0.00370	0.01640	0.00563	0.00521
4	0.07190	0.01388	0.02254	0.08800	0.62741	0.01401	0.03606	0.01797	0.01332	0.01978	0.01157	0.01534	0.00972	0.00585	0.00599	0.00192	0.00709	0.00533	0.00322	0.00912
5	0.01643	0.01672	0.08310	0.05474	0.53129	0.09975	0.01670	0.01947	0.01411	0.07061	0.01233	0.01536	0.01000	0.00607	0.00603	0.00188	0.00754	0.00524	0.00345	0.00918
6	0.01197	0.01100	0.01798	0.74726	0.06464	0.01327	0.01624	0.01542	0.01214	0.01574	0.01123	0.01660	0.00867	0.00639	0.00615	0.00209	0.00790	0.00541	0.00292	0.00698
7	0.01316	0.03696	0.01881	0.44925	0.20158	0.01354	0.01510	0.01755	0.08232	0.01766	0.01251	0.01653	0.00993	0.00633	0.00598	0.00195	0.00717	0.00536	0.00334	0.06497
8	0.01251	0.02998	0.75752	0.01689	0.02531	0.01380	0.02135	0.01876	0.01272	0.01904	0.01130	0.01351	0.00825	0.00613	0.00588	0.00200	0.00875	0.00457	0.00278	0.00895
9	0.01313	0.01104	0.01285	0.00964	0.01434	0.00896	0.00759	0.04140	0.01288	0.01984	0.01189	0.03820	0.01039	0.00574	0.00551	0.00121	0.04032	0.00429	0.00385	0.72695
10	0.01353	0.01319	0.01813	0.01562	0.01573	0.01797	0.01287	0.01449	0.00945	0.01476	0.00859	0.01394	0.00851	0.01063	0.01899	0.00268	0.77591	0.00534	0.00287	0.00679
11	0.00797	0.00659	0.00673	0.00665	0.00861	0.00552	0.00491	0.00920	0.01388	0.01694	0.10671	0.05492	0.70068	0.01484	0.00718	0.00211	0.00327	0.01217	0.00570	0.00543
12	0.01982	0.01327	0.01488	0.01292	0.05849	0.01400	0.00976	0.42124	0.04983	0.11151	0.01698	0.01779	0.01254	0.00745	0.00577	0.00183	0.00561	0.00563	0.19152	0.00916
13	0.10190	0.01099	0.01441	0.01133	0.01570	0.01002	0.04205	0.02703	0.05727	0.61045	0.02156	0.01974	0.01423	0.00751	0.00603	0.00198	0.00538	0.00590	0.00678	0.00975
14	0.00809	0.00587	0.00738	0.00850	0.00908	0.00534	0.00571	0.00886	0.01189	0.01583	0.05004	0.70834	0.09648	0.01800	0.00766	0.00246	0.00365	0.01594	0.00565	0.00524
15	0.01261	0.01140	0.01822	0.76435	0.03992	0.01361	0.01640	0.01583	0.01256	0.01631	0.01196	0.01763	0.00934	0.00690	0.00647	0.00223	0.00815	0.00565	0.00317	0.00728
16	0.01634	0.01342	0.02179	0.10265	0.49248	0.01346	0.05773	0.05250	0.03379	0.11614	0.01347	0.01620	0.01051	0.00605	0.00607	0.00189	0.00694	0.00555	0.00382	0.00919
17	0.01177	0.00707	0.00856	0.00791	0.01002	0.00618	0.00596	0.01351	0.01496	0.16717	0.28089	0.12563	0.29155	0.01287	0.00692	0.00203	0.00355	0.01086	0.00622	0.00637
18	0.00787	0.00568	0.00730	0.00852	0.00904	0.00523	0.00580	0.00876	0.01163	0.01548	0.03316	0.71696	0.07084	0.01801	0.00760	0.00245	0.00367	0.05138	0.00554	0.00509
19	0.01003	0.00684	0.00757	0.00726	0.00765	0.00685	0.00434	0.05974	0.01011	0.01357	0.01838	0.03653	0.02059	0.73529	0.02753	0.00537	0.00584	0.00830	0.00387	0.00432
20	0.21356	0.02537	0.57576	0.01459	0.02182	0.01355	0.01765	0.01827	0.01197	0.02062	0.01045	0.01244	0.00772	0.00590	0.00529	0.00194	0.00769	0.00420	0.00295	0.00827
21	0.01497	0.50190	0.08086	0.11115	0.01922	0.03575	0.01189	0.01813	0.06319	0.01543	0.01023	0.01237	0.00881	0.00617	0.00576	0.00165	0.06779	0.00407	0.00297	0.00769
22	0.00901	0.00608	0.00684	0.00690	0.00700	0.00595	0.00396	0.00888	0.00901	0.01209	0.01961	0.09052	0.02254	0.73605	0.02764	0.00541	0.00564	0.00907	0.00385	0.00397
23	0.01156	0.01069	0.01760	0.77648	0.03962	0.01309	0.01610	0.01512	0.01191	0.01533	0.01092	0.01625	0.00835	0.00622	0.00603	0.00204	0.00785	0.00532	0.00281	0.00674
24	0.02009	0.01246	0.01579	0.03761	0.04194	0.01269	0.05214	0.22869	0.12692	0.26853	0.05298	0.02093	0.01570	0.00780	0.00616	0.00194	0.00574	0.02660	0.03603	0.00925
25	0.01070	0.00555	0.00801	0.00798	0.00805	0.00544	0.00531	0.00805	0.00797	0.01070	0.01069	0.01836	0.01063	0.02020	0.02247	0.82379	0.00522	0.00521	0.00275	0.00292
26	0.00776	0.00559	0.00717	0.00839	0.00886	0.00513	0.00561	0.00856	0.01152	0.01535	0.03315	0.75530	0.06910	0.01812	0.00757	0.00244	0.00357	0.01619	0.00554	0.00506
27	0.12673	0.01586	0.06773	0.01261	0.01718	0.01587	0.01079	0.50330	0.02238	0.09901	0.01440	0.01537	0.01056	0.03338	0.00652	0.00200	0.00629	0.00522	0.00549	0.00932
28	0.01673	0.56036	0.10411	0.01262	0.05366	0.07816	0.01164	0.01891	0.01289	0.06704	0.01018	0.01159	0.00861	0.00569	0.00455	0.00151	0.00687	0.00378	0.00309	0.00803
29	0.00806	0.00639	0.00706	0.00686	0.00863	0.00551	0.00509	0.00976	0.01466	0.01894	0.31956	0.05098	0.48953	0.01384	0.00706	0.00202	0.00310	0.01158	0.00591	0.00545
30	0.01806	0.01334	0.01457	0.01216	0.01566	0.01446	0.00959	0.43003	0.16025	0.05090	0.04322	0.15333	0.01830	0.00960	0.00636	0.00201	0.00553	0.00775	0.00595	0.00893
31	0.13747	0.01569	0.02106	0.02421	0.34206	0.12870	0.12691	0.01827	0.01318	0.01915	0.01136	0.03869	0.00983	0.00646	0.00672	0.00192	0.06154	0.00543	0.00328	0.00808
32	0.00795	0.00638	0.00691	0.00675	0.00856	0.00547	0.00500	0.00954	0.01440	0.01831	0.26058	0.05202	0.54890	0.01407	0.00706	0.00203	0.00312	0.01173	0.00583	0.00540
33	0.01501	0.51973	0.26383	0.01254	0.01850	0.04820	0.01372	0.01813	0.01241	0.01568	0.00949	0.01121	0.00804	0.00561	0.00462	0.00156	0.00725	0.00371	0.00272	0.00804
34	0.00777	0.00556	0.00721	0.00849	0.00889	0.00512	0.00565	0.00855	0.01143	0.01531	0.03202	0.78694	0.03819	0.01827	0.00760	0.00245	0.00359	0.01636	0.00554	0.00505
35	0.01232	0.05028	0.74129	0.01655	0.02489	0.01390	0.02099	0.01856	0.01253	0.01866	0.01095	0.01304	0.00797	0.00592	0.00571	0.00193	0.00860	0.00444	0.00268	0.00879
36	0.01873	0.01381	0.01581	0.01302	0.05955	0.01358	0.00991	0.38527	0.02032	0.08177	0.01364	0.01452	0.01026	0.00633	0.00551	0.00155	0.00573	0.00480	0.00506	0.30081
37	0.01523	0.01284	0.01350	0.01204	0.01537	0.01454	0.00933	0.07935	0.67184	0.02511	0.02427	0.02277	0.04023	0.00838	0.00616	0.00206	0.00486	0.00677	0.00602	0.00933
38	0.00803	0.00638	0.00702	0.00683	0.00861	0.00550	0.00507	0.00970	0.01460	0.01878	0.30491	0.05124	0.50428	0.01390	0.00706	0.00202	0.00311	0.01162	0.00589	0.00543
39	0.01600	0.79349	0.03026	0.01029	0.01520	0.02289	0.01008	0.01761	0.01209	0.01418	0.00873	0.01025	0.00806	0.00540	0.00401	0.00137	0.00636	0.00332	0.00271	0.00772
40	0.00904	0.00677	0.00847	0.00923	0.01074	0.00632	0.00757	0.01099	0.01363	0.01748	0.08152	0.10200	0.25912	0.01566	0.00774	0.00248	0.00453	0.41565	0.00557	0.00550
41	0.02237	0.01647	0.01761	0.01362	0.01822	0.01806	0.01115	0.73603	0.02718	0.03650	0.01444	0.01475	0.01042	0.00735	0.00604	0.00185	0.00653	0.00539	0.00595	0.01007
42	0.01142	0.00591	0.00592	0.00588	0.00728	0.00580	0.00436	0.01385	0.01246	0.02196	0.01931	0.02225	0.01530	0.00715	0.00433	0.00147	0.00295	0.00557	0.82111	0.00573
43	0.02624	0.01026	0.01376	0.01067	0.01512	0.00884	0.00871	0.02823	0.01678	0.75899	0.02317	0.02042	0.01480	0.00756	0.00607	0.00191	0.00512	0.00598	0.00729	0.01008
44	0.01484	0.01417	0.02420	0.03467	0.71255	0.01401	0.05959	0.01807	0.01350	0.01933	0.01155	0.01524	0.00974	0.00559	0.00604	0.00185	0.00719	0.00543	0.00310	0.00934
45	0.00896	0.00670	0.00973	0.00970	0.01078	0.00760	0.00747	0.01078	0.00969	0.01401	0.01601	0.02338	0.01494	0.04295	0.76743	0.00924	0.01545	0.00635	0.00332	0.00551
46	0.06013	0.02789	0.66959	0.01672	0.02469	0.01371	0.06681	0.01852	0.01249	0.01923	0.01096	0.01317	0.00800	0.00589	0.00573	0.00195	0.00851	0.00457	0.00278	0.00864
47	0.01047	0.00778	0.00961	0.00902	0.00967	0.00862	0.00632	0.06085	0.01038	0.01444	0.01649	0.02983	0.01741	0.45008	0.22000	0.00597	0.09697	0.00736	0.00366	0.00506
48	0.01663	0.01362	0.01438	0.01246	0.01603	0.01538	0.00976	0.19122	0.58133	0.02725	0.02173	0.02056	0.01632	0.00803	0.00611	0.00202	0.00518	0.00639	0.00602	0.00956
49	0.01591	0.77619	0.04681	0.01043	0.01542	0.02269	0.01033	0.01763	0.01210	0.01429	0.00878	0.01031	0.00806	0.00541	0.00405	0.00138	0.00641	0.00335	0.00271	0.00774
50	0.02016	0.00853	0.01141	0.00916	0.01268	0.00744	0.00741	0.02244	0.01610	0.53745	0.20207	0.02747	0.07450	0.00869	0.00606	0.00179	0.00421	0.00728	0.00677	0.00836
51	0.00697	0.00498	0.00664	0.00796	0.00830	0.00465	0.00531	0.00796	0.01095	0.01460	0.03153	0.79525	0.03783	0.01792	0.00730	0.00232	0.00332	0.01626	0.00531	0.00465
52	0.00697	0.00498	0.00664	0.00796	0.00830	0.00465	0.00531	0.00796	0.01095	0.01460	0.03153	0.79525	0.03783	0.01792	0.00730	0.00232	0.00332	0.01626	0.00531	0.00465
53	0.01066	0.00533	0.00533	0.00533	0.00666	0.00533	0.00400	0.01333	0.01200	0.02132	0.01866	0.02132	0.01466	0.00666	0.00400	0.00133	0.00267	0.00533	0.83073	0.00533
54	0.01251	0.01251	0.01752	0.01502	0.01502	0.01752	0.01251	0.01377	0.00876	0.01377	0.00751	0.01251	0.00751	0.01001	0.01877	0.00250	0.78851	0.00501	0.00250	0.00626
55	0.01529	0.80242	0.02997	0.00979	0.01468	0.02263	0.00979	0.01713	0.01162	0.01346	0.00795	0.00918	0.00734	0.00489	0.00367	0.00122	0.00612	0.00306	0.00245	0.00734
56	0.01529	0.80242	0.02997	0.00979	0.01468	0.02263	0.00979	0.01713	0.01162	0.01346	0.00795	0.00918	0.00734	0.00489	0.00367	0.00122	0.00612	0.00306	0.00245	0.00734
57	0.01147	0.02959	0.76934	0.01630	0.02476	0.01328	0.02113	0.01811	0.01208	0.01811	0.01026	0.01208	0.00725	0.00543	0.00543	0.00181	0.00845	0.00423	0.00242	0.00845
58	0.00697	0.00498	0.00664	0.00796	0.00830	0.00465	0.00531	0.00796	0.01095	0.01460	0.03153	0.79525	0.03783	0.01792	0.00730	0.00232	0.00332	0.01626	0.00531	0.00465
59	0.01147	0.02959	0.76934	0.01630	0.02476	0.01328	0.02113	0.01811	0.01208	0.01811	0.01026	0.01208	0.00725	0.00543	0.00543	0.00181	0.00845	0.00423	0.00242	0.00845
60	0.83938	0.01106	0.00841	0.00752	0.01106	0.01283	0.00619	0.01681	0.00973	0.02566	0.00796	0.00929	0.00619	0.00531	0.00354	0.00177	0.00442	0.00310	0.00354	0.00619
61	0.01080	0.01017	0.01716	0.78523	0.03940	0.01271	0.01589	0.01461	0.01144	0.01461	0.01017	0.01525	0.00762	0.00572	0.00572	0.00191	0.00762	0.00508	0.00254	0.00635
62	0.01080	0.01017	0.01716	0.78523	0.03940	0.01271	0.01589	0.01461	0.01144	0.01461	0.01017	0.01525	0.00762	0.00572	0.00572	0.00191	0.00762	0.00508	0.00254	0.00635
63	0.00711	0.00579	0.00618	0.00609	0.00780	0.00498	0.00450	0.00871	0.01337	0.01664	0.19107	0.05165	0.58193	0.05922	0.00805	0.00211	0.00301	0.01152	0.00539	0.00486
64	0.02566	0.00973	0.01327	0.01018	0.01460	0.00841	0.00841	0.02788	0.01637	0.76726	0.02257	0.01947	0.01416	0.00708	0.00575	0.00177	0.00487	0.00575	0.00708	0.00973
65	0.00832	0.00555	0.00624	0.00624	0.00624	0.00555	0.00347	0.00832	0.00832	0.01109	0.01802	0.03743	0.02080	0.79898	0.02911	0.00555	0.00555	0.00832	0.00347	0.00347
66	0.00676	0.00579	0.00579	0.00579	0.00773	0.00483	0.00435	0.00821	0.01304	0.01545	0.05794	0.05505	0.76098	0.01449	0.00676	0.00193	0.00290	0.01207	0.00531	0.00483
67	0.00697	0.00498	0.00664	0.00796	0.00830	0.00465	0.00531	0.00796	0.01095	0.01460	0.03153	0.79525	0.03783	0.01792	0.00730	0.00232	0.00332	0.01626	0.00531	0.00465
68	0.00817	0.00613	0.00919	0.00919	0.01021	0.00715	0.00715	0.01021	0.00919	0.01328	0.01532	0.02247	0.01430	0.04290	0.77631	0.00919	0.01532	0.00613	0.00306	0.00511
69	0.00697	0.00498	0.00664	0.00796	0.00830	0.00465	0.00531	0.00796	0.01095	0.01460	0.03153	0.79525	0.03783	0.01792	0.00730	0.00232	0.00332	0.01626	0.00531	0.00465
70	0.00810	0.00585	0.00765	0.00720	0.00855	0.00540	0.00540	0.01079	0.01619	0.02294	0.76028	0.04273	0.05397	0.01169	0.00675	0.00180	0.00270	0.01034	0.00630	0.00540
71	0.01186	0.01017	0.01186	0.00847	0.01356	0.00762	0.00678	0.01440	0.01186	0.01864	0.01017	0.01186	0.00847	0.00424	0.00424	0.00085	0.00424	0.00339	0.00339	0.83395
72	0.01388	0.01202	0.05632	0.00969	0.01476	0.00941	0.00826	0.12180	0.01428	0.05893	0.01174	0.02795	0.00945	0.00510	0.00466	0.00111	0.00479	0.00407	0.00390	0.60789
73	0.00994	0.00497	0.00745	0.00745	0.00745	0.00497	0.00497	0.00745	0.00745	0.00994	0.00994	0.01739	0.00994	0.01987	0.02235	0.83358	0.00497	0.00497	0.00248	0.00248
74	0.01484	0.51954	0.13879	0.01349	0.03924	0.01967	0.10599	0.05940	0.01285	0.01622	0.00917	0.01081	0.00768	0.00508	0.00450	0.00144	0.00694	0.00388	0.00270	0.00774
75	0.01412	0.03424	0.03917	0.38487	0.16098	0.01343	0.01427	0.14711	0.01480	0.05179	0.01216	0.01592	0.00933	0.00608	0.00561	0.00180	0.00683	0.01884	0.04107	0.00761
76	0.02107	0.05531	0.01805	0.01404	0.05150	0.03939	0.01113	0.65450	0.02520	0.03351	0.01317	0.01343	0.00951	0.00666	0.00560	0.00168	0.00642	0.00500	0.00535	0.00949
77	0.01010	0.29379	0.01518	0.00869	0.01070	0.01125	0.00704	0.01144	0.01122	0.01421	0.02266	0.46716	0.02625	0.02926	0.00646	0.00200	0.00445	0.03829	0.00423	0.00562
78	0.83938	0.01106	0.00841	0.00752	0.01106	0.01283	0.00619	0.01681	0.00973	0.02566	0.00796	0.00929	0.00619	0.00531	0.00354	0.00177	0.00442	0.00310	0.00354	0.00619
79	0.83938	0.01106	0.00841	0.00752	0.01106	0.01283	0.00619	0.01681	0.00973	0.02566	0.00796	0.00929	0.00619	0.00531	0.00354	0.00177	0.00442	0.00310	0.00354	0.00619
80	0.01475	0.01244	0.01320	0.01174	0.01504	0.01430	0.00923	0.09557	0.66148	0.02482	0.02263	0.02207	0.01726	0.00794	0.00588	0.00194	0.00471	0.03020	0.00579	0.00899
81	0.00697	0.00498	0.00664	0.00796	0.00830	0.00465	0.00531	0.00796	0.01095	0.01460	0.03153	0.79525	0.03783	0.01792	0.00730	0.00232	0.00332	0.01626	0.00531	0.00465
82	0.01529	0.80242	0.02997	0.00979	0.01468	0.02263	0.00979	0.01713	0.01162	0.01346	0.00795	0.00918	0.00734	0.00489	0.00367	0.00122	0.00612	0.00306	0.00245	0.00734
83	0.00697	0.00498	0.00664	0.00796	0.00830	0.00465	0.00531	0.00796	0.01095	0.01460	0.03153	0.79525	0.03783	0.01792	0.00730	0.00232	0.00332	0.01626	0.00531	0.00465
84	0.00821	0.00599	0.00848	0.00848	0.00925	0.00676	0.00626	0.00975	0.00898	0.01275	0.01598	0.02610	0.01588	0.22650	0.59487	0.00831	0.01295	0.00666	0.00316	0.00471
85	0.06749	0.13539	0.01798	0.01235	0.01656	0.13686	0.01024	0.40020	0.07554	0.05425	0.01279	0.01303	0.00953	0.00640	0.00521	0.00163	0.00661	0.00461	0.00472	0.00863
86	0.01097	0.00893	0.00997	0.00922	0.01157	0.00950	0.00716	0.04304	0.32626	0.02220	0.26533	0.03607	0.15420	0.01058	0.00639	0.00193	0.00377	0.05006	0.00585	0.00698
87	0.01529	0.80242	0.02997	0.00979	0.01468	0.02263	0.00979	0.01713	0.01162	0.01346	0.00795	0.00918	0.00734	0.00489	0.00367	0.00122	0.00612	0.00306	0.00245	0.00734

[dist]
# distance from previous block
# <min> <max>
2	5

[block]
# block no. 3 follows, 41 sequences, length 7
# corresponding to MSA columns:
# 292-298
name=unknown_D
#
# <colnr> <probs for GDERKNQSTAVLIFYWHMCP>
#	G	D	E	R	K	N	Q	S	T	A	V	L	I	F	Y	W	H	M	C	P
0	0.01350	0.01543	0.03375	0.02411	0.02989	0.01446	0.74253	0.01832	0.01350	0.01832	0.01157	0.01543	0.00868	0.00482	0.00675	0.00193	0.00964	0.00675	0.00289	0.00771
1	0.01186	0.01017	0.01186	0.00847	0.01356	0.00762	0.00678	0.01440	0.01186	0.01864	0.01017	0.01186	0.00847	0.00424	0.00424	0.00085	0.00424	0.00339	0.00339	0.83395
2	0.06867	0.01331	0.06055	0.02708	0.48048	0.01243	0.09365	0.01657	0.01292	0.01909	0.05398	0.04417	0.01366	0.00656	0.00588	0.00182	0.00659	0.05120	0.00329	0.00810
3	0.01452	0.01499	0.02892	0.02094	0.02616	0.01466	0.54402	0.12241	0.01504	0.02063	0.01155	0.01477	0.00875	0.00539	0.00715	0.00186	0.05518	0.00619	0.00331	0.06359
4	0.00749	0.00619	0.00662	0.00644	0.00833	0.00551	0.00485	0.01008	0.05762	0.01756	0.20667	0.05040	0.56508	0.01349	0.00670	0.00190	0.00295	0.01137	0.00555	0.00520
5	0.00912	0.00709	0.01016	0.01174	0.12323	0.00675	0.00760	0.01192	0.01542	0.02174	0.57718	0.04047	0.04516	0.01109	0.00669	0.00186	0.00356	0.07760	0.00567	0.00594
6	0.01531	0.01396	0.02230	0.03178	0.65032	0.01422	0.01654	0.12767	0.01513	0.02132	0.01121	0.01409	0.00916	0.00536	0.00567	0.00170	0.00672	0.00510	0.00327	0.00916

[dist]
# distance from previous block
# <min> <max>
0	2

[block]
# block no. 4 follows, 41 sequences, length 99
# corresponding to MSA columns:
# 301-399
name=unknown_E
#
# <colnr> <probs for GDERKNQSTAVLIFYWHMCP>
#	G	D	E	R	K	N	Q	S	T	A	V	L	I	F	Y	W	H	M	C	P
0	0.00732	0.00576	0.00663	0.00665	0.00821	0.00507	0.00497	0.00920	0.01392	0.01799	0.29470	0.12396	0.42223	0.01391	0.00685	0.00195	0.00295	0.03706	0.00565	0.00502
1	0.01186	0.01017	0.01186	0.00847	0.01356	0.00762	0.00678	0.01440	0.01186	0.01864	0.01017	0.01186	0.00847	0.00424	0.00424	0.00085	0.00424	0.00339	0.00339	0.83395
2	0.01965	0.01410	0.01547	0.04732	0.01717	0.01553	0.01014	0.59146	0.02382	0.05062	0.01499	0.04588	0.01135	0.00724	0.00561	0.00171	0.00584	0.00562	0.08755	0.00893
3	0.00986	0.00499	0.00730	0.00735	0.00744	0.00498	0.00493	0.00781	0.00785	0.01077	0.01129	0.04856	0.01131	0.01904	0.02071	0.75323	0.00477	0.00544	0.04964	0.00273
4	0.02137	0.02726	0.01621	0.01474	0.01768	0.77602	0.01105	0.02284	0.01621	0.01400	0.00884	0.01031	0.00737	0.00589	0.00516	0.00147	0.01031	0.00368	0.00295	0.00663
5	0.01576	0.01310	0.01666	0.01888	0.24134	0.01429	0.01185	0.12799	0.39479	0.05569	0.01811	0.01801	0.01368	0.00680	0.00576	0.00183	0.00548	0.00584	0.00496	0.00918
6	0.00697	0.00498	0.00664	0.00796	0.00830	0.00465	0.00531	0.00796	0.01095	0.01460	0.03153	0.79525	0.03783	0.01792	0.00730	0.00232	0.00332	0.01626	0.00531	0.00465
7	0.00978	0.00626	0.00797	0.00731	0.00907	0.00563	0.00556	0.01224	0.01574	0.10158	0.57623	0.04208	0.15540	0.01162	0.00664	0.00182	0.00296	0.01011	0.00623	0.00578
8	0.00812	0.00546	0.00630	0.00649	0.00654	0.00541	0.00374	0.00827	0.00870	0.01161	0.02001	0.14878	0.02330	0.68422	0.02591	0.00507	0.00522	0.00949	0.00374	0.00364
9	0.00832	0.00555	0.00624	0.00624	0.00624	0.00555	0.00347	0.00832	0.00832	0.01109	0.01802	0.03743	0.02080	0.79898	0.02911	0.00555	0.00555	0.00832	0.00347	0.00347
10	0.01147	0.02959	0.76934	0.01630	0.02476	0.01328	0.02113	0.01811	0.01208	0.01811	0.01026	0.01208	0.00725	0.00543	0.00543	0.00181	0.00845	0.00423	0.00242	0.00845
11	0.00810	0.00585	0.00765	0.00720	0.00855	0.00540	0.00540	0.01079	0.01619	0.02294	0.76028	0.04273	0.05397	0.01169	0.00675	0.00180	0.00270	0.01034	0.00630	0.00540
12	0.02174	0.01602	0.01717	0.01316	0.01774	0.01774	0.01087	0.74423	0.02689	0.03605	0.01373	0.01373	0.00973	0.00687	0.00572	0.00172	0.00629	0.00515	0.00572	0.00973
13	0.01227	0.01041	0.01208	0.00867	0.01373	0.00804	0.00695	0.04472	0.01249	0.01936	0.01031	0.01194	0.00852	0.00435	0.00430	0.00088	0.00432	0.00346	0.00349	0.79971
14	0.00810	0.00585	0.00765	0.00720	0.00855	0.00540	0.00540	0.01079	0.01619	0.02294	0.76028	0.04273	0.05397	0.01169	0.00675	0.00180	0.00270	0.01034	0.00630	0.00540
15	0.02174	0.01602	0.01717	0.01316	0.01774	0.01774	0.01087	0.74423	0.02689	0.03605	0.01373	0.01373	0.00973	0.00687	0.00572	0.00172	0.00629	0.00515	0.00572	0.00973
16	0.00849	0.00586	0.00683	0.00673	0.00677	0.00611	0.00399	0.00862	0.00837	0.01129	0.01747	0.03578	0.01997	0.73487	0.05966	0.00557	0.03847	0.00809	0.00341	0.00365
17	0.01251	0.01251	0.01752	0.01502	0.01502	0.01752	0.01251	0.01377	0.00876	0.01377	0.00751	0.01251	0.00751	0.01001	0.01877	0.00250	0.78851	0.00501	0.00250	0.00626
18	0.01350	0.01543	0.03375	0.02411	0.02989	0.01446	0.74253	0.01832	0.01350	0.01832	0.01157	0.01543	0.00868	0.00482	0.00675	0.00193	0.00964	0.00675	0.00289	0.00771
19	0.00859	0.00621	0.00800	0.00753	0.00892	0.00569	0.00561	0.01114	0.01645	0.02332	0.75512	0.04315	0.05408	0.01196	0.00694	0.00188	0.00288	0.01045	0.00643	0.00565
20	0.02255	0.01565	0.01704	0.01314	0.01771	0.01696	0.01079	0.66414	0.02597	0.11282	0.01510	0.01497	0.01063	0.00719	0.00592	0.00181	0.00629	0.00536	0.00601	0.00995
21	0.01194	0.02977	0.76397	0.01657	0.02501	0.01352	0.02123	0.01841	0.01237	0.01854	0.01074	0.01273	0.00770	0.00575	0.00563	0.00190	0.00859	0.00438	0.00258	0.00868
22	0.00855	0.00620	0.00793	0.00748	0.00889	0.00567	0.00558	0.01105	0.01634	0.02306	0.73031	0.04358	0.07904	0.01206	0.00694	0.00189	0.00288	0.01051	0.00640	0.00563
23	0.00752	0.00538	0.00704	0.00826	0.00868	0.00498	0.00553	0.00845	0.01146	0.01538	0.06091	0.75999	0.03870	0.01789	0.00747	0.00238	0.00347	0.01609	0.00549	0.00493
24	0.05899	0.01586	0.01680	0.01310	0.01757	0.01751	0.01073	0.66412	0.06878	0.03515	0.01447	0.01462	0.01046	0.00715	0.00583	0.00182	0.00626	0.00528	0.00577	0.00974
25	0.01239	0.06230	0.60143	0.01775	0.05429	0.01394	0.10320	0.01823	0.01263	0.01846	0.02507	0.01365	0.00883	0.00576	0.00574	0.00188	0.00844	0.00477	0.00273	0.00851
26	0.06855	0.14152	0.57297	0.01489	0.02231	0.01505	0.01813	0.04834	0.01276	0.01910	0.01039	0.01218	0.00775	0.00572	0.00526	0.00180	0.00788	0.00417	0.00280	0.00842
27	0.01443	0.01365	0.02280	0.03400	0.72135	0.01362	0.01717	0.01793	0.03125	0.01913	0.01204	0.03406	0.01041	0.00579	0.00591	0.00181	0.00680	0.00555	0.00313	0.00918
28	0.01712	0.01166	0.01236	0.01017	0.01332	0.01256	0.00812	0.41082	0.03845	0.02956	0.01693	0.04352	0.01322	0.00748	0.00530	0.00168	0.00488	0.00577	0.32904	0.00804
29	0.01128	0.01049	0.01744	0.77972	0.03953	0.01295	0.01602	0.01494	0.01173	0.01506	0.01064	0.01588	0.00808	0.00603	0.00592	0.00199	0.00776	0.00523	0.00271	0.00660
30	0.00747	0.00534	0.00700	0.00829	0.00867	0.00495	0.00553	0.00834	0.01125	0.01505	0.03184	0.79002	0.03806	0.01814	0.00749	0.00240	0.00349	0.01633	0.00545	0.00490
31	0.02214	0.01630	0.01745	0.01345	0.01804	0.01794	0.01105	0.73907	0.02707	0.03634	0.01418	0.01437	0.01017	0.00717	0.00592	0.00180	0.00644	0.00530	0.00586	0.00995
32	0.00756	0.00598	0.00670	0.00689	0.00838	0.00519	0.00498	0.00901	0.01345	0.01711	0.18428	0.21773	0.46192	0.01497	0.00707	0.00208	0.00313	0.01278	0.00564	0.00515
33	0.02214	0.01630	0.01745	0.01345	0.01804	0.01794	0.01105	0.73907	0.02707	0.03634	0.01418	0.01437	0.01017	0.00717	0.00592	0.00180	0.00644	0.00530	0.00586	0.00995
34	0.83363	0.01138	0.00875	0.00785	0.01141	0.01307	0.00640	0.01712	0.01004	0.02603	0.00845	0.00997	0.00666	0.00563	0.00375	0.00186	0.00459	0.00326	0.00370	0.00644
35	0.01042	0.00533	0.00780	0.00778	0.00783	0.00527	0.00519	0.00783	0.00778	0.01042	0.01041	0.01800	0.01037	0.02008	0.02243	0.82742	0.00513	0.00512	0.00265	0.00276
36	0.00881	0.00591	0.00660	0.00658	0.00663	0.00584	0.00370	0.00869	0.00864	0.01156	0.01844	0.03789	0.02115	0.79333	0.02914	0.00560	0.00570	0.00844	0.00362	0.00373
37	0.01287	0.01267	0.01759	0.01515	0.01522	0.01747	0.01255	0.01401	0.00909	0.01421	0.00819	0.01341	0.00813	0.01109	0.03730	0.00275	0.76398	0.00518	0.00268	0.00647
38	0.83363	0.01138	0.00875	0.00785	0.01141	0.01307	0.00640	0.01712	0.01004	0.02603	0.00845	0.00997	0.00666	0.00563	0.00375	0.00186	0.00459	0.00326	0.00370	0.00644
39	0.01282	0.04212	0.01283	0.00890	0.01379	0.00882	0.00715	0.04510	0.01277	0.01969	0.01109	0.01292	0.00921	0.00481	0.00447	0.00101	0.00449	0.00370	0.04134	0.72297
40	0.02062	0.01536	0.01654	0.01287	0.01731	0.01662	0.01049	0.63210	0.05440	0.03385	0.01486	0.03966	0.01128	0.00736	0.00586	0.00177	0.00612	0.00558	0.00568	0.07166
41	0.00773	0.00584	0.00806	0.00880	0.00952	0.00537	0.03601	0.00878	0.01151	0.01527	0.03300	0.70202	0.09124	0.01734	0.00742	0.00236	0.00372	0.01562	0.00535	0.00504
42	0.04747	0.01619	0.18668	0.01251	0.01720	0.01329	0.01169	0.02586	0.44229	0.07283	0.01902	0.01847	0.01414	0.00711	0.00571	0.00189	0.00559	0.00568	0.00499	0.07138
43	0.01128	0.01049	0.01744	0.77972	0.03953	0.01295	0.01602	0.01494	0.01173	0.01506	0.01064	0.01588	0.00808	0.00603	0.00592	0.00199	0.00776	0.00523	0.00271	0.00660
44	0.01274	0.01074	0.01240	0.00899	0.01406	0.00832	0.00715	0.04498	0.01278	0.01978	0.01079	0.01259	0.00897	0.00467	0.00451	0.00098	0.00449	0.00362	0.00365	0.79380
45	0.01379	0.01091	0.01259	0.00943	0.01413	0.00906	0.00748	0.10984	0.01421	0.04750	0.01292	0.06343	0.01117	0.00588	0.00489	0.00118	0.00463	0.00469	0.00411	0.63816
46	0.01632	0.01732	0.01632	0.31624	0.02598	0.28562	0.01274	0.06370	0.15182	0.01783	0.01281	0.01516	0.00993	0.00654	0.00574	0.00183	0.00807	0.00499	0.00365	0.00740
47	0.00941	0.00735	0.01043	0.01005	0.01093	0.00878	0.00783	0.01114	0.00953	0.01408	0.01489	0.02219	0.01402	0.06870	0.59441	0.00774	0.12597	0.00616	0.04091	0.00547
48	0.00943	0.00653	0.00801	0.03910	0.04098	0.00634	0.00539	0.01018	0.01059	0.03851	0.05547	0.13273	0.11508	0.44741	0.01916	0.00402	0.00499	0.00954	0.03177	0.00475
49	0.01201	0.06424	0.70540	0.01597	0.02402	0.01369	0.02020	0.01813	0.01248	0.01848	0.03510	0.01360	0.00923	0.00593	0.00560	0.00187	0.00829	0.00453	0.00271	0.00853
50	0.01325	0.01109	0.03650	0.00916	0.01432	0.00814	0.00755	0.01576	0.01247	0.06990	0.01148	0.01304	0.00927	0.00479	0.00459	0.00103	0.00458	0.00374	0.00377	0.74558
51	0.01230	0.00920	0.01087	0.00930	0.01238	0.00816	0.00703	0.11551	0.01418	0.04981	0.03420	0.31793	0.02159	0.01050	0.00595	0.00169	0.00433	0.00902	0.00483	0.34120
52	0.00879	0.00643	0.00727	0.00712	0.00898	0.00550	0.00524	0.01027	0.01346	0.05956	0.14061	0.19392	0.44571	0.01415	0.00688	0.00202	0.00330	0.01200	0.00560	0.04322
53	0.01222	0.01003	0.01231	0.00926	0.01379	0.00780	0.03085	0.01456	0.01246	0.04116	0.04702	0.07876	0.01359	0.00613	0.00494	0.00117	0.00445	0.00511	0.00393	0.67046
54	0.01142	0.01064	0.01769	0.74781	0.07033	0.01298	0.01609	0.01506	0.01180	0.01524	0.01066	0.01583	0.00814	0.00601	0.00591	0.00198	0.00773	0.00523	0.00272	0.00671
55	0.02008	0.01654	0.01675	0.01355	0.01729	0.09789	0.01095	0.49744	0.10155	0.02999	0.01410	0.01489	0.01062	0.00826	0.02387	0.00204	0.08459	0.00529	0.00520	0.00910
56	0.01311	0.01047	0.01226	0.00889	0.01395	0.00795	0.00708	0.01549	0.01241	0.06158	0.01134	0.01295	0.00924	0.00472	0.00453	0.00099	0.00444	0.00368	0.00376	0.78116
57	0.01298	0.01282	0.01780	0.01529	0.01534	0.01772	0.01268	0.01409	0.00908	0.01422	0.00800	0.01316	0.00796	0.01029	0.01887	0.00258	0.78278	0.00516	0.00267	0.00650
58	0.00737	0.00600	0.00641	0.00662	0.00825	0.00512	0.00480	0.00866	0.01309	0.01612	0.08902	0.19425	0.58330	0.01524	0.00705	0.00208	0.00314	0.01287	0.00551	0.00508
59	0.01213	0.01028	0.01196	0.00878	0.01367	0.00778	0.00692	0.01446	0.01212	0.01889	0.01152	0.04499	0.01014	0.00513	0.00457	0.00100	0.00436	0.00408	0.00363	0.79359
60	0.01275	0.01326	0.02562	0.28943	0.04736	0.01406	0.37897	0.01663	0.01249	0.01689	0.01131	0.01597	0.00886	0.00725	0.03476	0.00231	0.07580	0.00610	0.00290	0.00728
61	0.01573	0.79680	0.03016	0.01010	0.01501	0.02280	0.00997	0.01743	0.01192	0.01391	0.00844	0.00985	0.00780	0.00521	0.00388	0.00131	0.00627	0.00322	0.00261	0.00758
62	0.01231	0.05190	0.17012	0.01417	0.01639	0.04700	0.01330	0.01486	0.01069	0.01565	0.09073	0.01550	0.01254	0.00886	0.01348	0.00218	0.47543	0.00529	0.00292	0.00668
63	0.01205	0.02329	0.49916	0.10007	0.02458	0.01347	0.05100	0.02024	0.16302	0.01892	0.01297	0.01446	0.00943	0.00591	0.00560	0.00185	0.00762	0.00489	0.00314	0.00831
64	0.00739	0.00618	0.00737	0.09175	0.01137	0.00574	0.00586	0.00918	0.01296	0.01612	0.13127	0.14441	0.50284	0.01364	0.00671	0.00196	0.00345	0.01164	0.00512	0.00504
65	0.00695	0.00507	0.00654	0.00773	0.00823	0.00467	0.00520	0.00799	0.01118	0.01469	0.03442	0.71404	0.11717	0.01754	0.00724	0.00228	0.00327	0.01580	0.00531	0.00467
66	0.01021	0.00678	0.00925	0.00907	0.01035	0.02350	0.00689	0.01199	0.01034	0.09608	0.01851	0.13628	0.01796	0.07744	0.51962	0.00699	0.01175	0.00765	0.00385	0.00549
67	0.01329	0.39816	0.41673	0.01320	0.01995	0.01774	0.01572	0.01764	0.01186	0.01589	0.00916	0.01069	0.00729	0.00518	0.00459	0.00153	0.00734	0.00367	0.00243	0.00792
68	0.00959	0.00506	0.00727	0.00727	0.00748	0.00495	0.00490	0.00753	0.00806	0.01054	0.01520	0.02152	0.09233	0.01928	0.02064	0.74234	0.00474	0.00575	0.00279	0.00274
69	0.00707	0.00568	0.00630	0.00641	0.00798	0.00492	0.00471	0.00871	0.01337	0.01687	0.19893	0.16445	0.50566	0.01443	0.00684	0.00196	0.00292	0.01235	0.00551	0.00492
70	0.02059	0.02533	0.01587	0.01436	0.01738	0.67294	0.01083	0.04223	0.09731	0.01566	0.01055	0.01161	0.00854	0.00612	0.00524	0.00153	0.00958	0.00403	0.00333	0.00698
71	0.01113	0.01052	0.05413	0.00884	0.01343	0.00751	0.00738	0.01368	0.01174	0.01802	0.01327	0.12548	0.01266	0.00629	0.00475	0.00112	0.00434	0.00530	0.00361	0.66679
72	0.10448	0.00959	0.01060	0.00962	0.01247	0.01012	0.00764	0.03672	0.27725	0.14095	0.08349	0.06296	0.11736	0.00980	0.00603	0.00197	0.00428	0.08157	0.00566	0.00746
73	0.00816	0.00610	0.00902	0.00897	0.01003	0.00696	0.00696	0.01028	0.00996	0.01434	0.09705	0.02469	0.01865	0.03948	0.69189	0.00838	0.01394	0.00659	0.00342	0.00514
74	0.00713	0.00520	0.00675	0.00794	0.00852	0.00482	0.00552	0.00831	0.01136	0.01490	0.03432	0.65467	0.11677	0.01737	0.00729	0.00231	0.00343	0.07337	0.00531	0.00472
75	0.01646	0.60922	0.06376	0.01090	0.01593	0.02005	0.04067	0.05157	0.01294	0.09762	0.01008	0.01091	0.00825	0.00525	0.00421	0.00136	0.00625	0.00366	0.00312	0.00778
76	0.00880	0.00667	0.00864	0.00914	0.01074	0.00650	0.00751	0.01158	0.04329	0.01679	0.06126	0.11500	0.15702	0.01757	0.09161	0.00304	0.00560	0.36188	0.00499	0.05235
77	0.01530	0.39106	0.15042	0.05618	0.01840	0.03199	0.01256	0.14242	0.01409	0.01825	0.00943	0.01118	0.00777	0.00595	0.00612	0.00159	0.09254	0.00396	0.00303	0.00775
78	0.01107	0.00739	0.00993	0.00925	0.01077	0.00814	0.00709	0.08965	0.01153	0.07677	0.01615	0.02356	0.01478	0.15043	0.51843	0.00724	0.01203	0.00632	0.00374	0.00573
79	0.01350	0.01543	0.03375	0.02411	0.02989	0.01446	0.74253	0.01832	0.01350	0.01832	0.01157	0.01543	0.00868	0.00482	0.00675	0.00193	0.00964	0.00675	0.00289	0.00771
80	0.02911	0.01088	0.12139	0.00955	0.01321	0.00775	0.00883	0.01784	0.01483	0.29457	0.20330	0.03238	0.15825	0.00967	0.00619	0.00185	0.00453	0.04278	0.00574	0.00735
81	0.10385	0.01444	0.02937	0.09589	0.02875	0.01412	0.59148	0.01780	0.01289	0.01877	0.01104	0.01474	0.00830	0.00496	0.00630	0.00191	0.00888	0.00619	0.00293	0.00742
82	0.00698	0.00580	0.00610	0.00603	0.00786	0.00492	0.00452	0.00864	0.01356	0.01670	0.17489	0.05300	0.64325	0.01402	0.00676	0.00191	0.00286	0.01178	0.00548	0.00492
83	0.01311	0.01428	0.03087	0.02228	0.02743	0.01342	0.66161	0.01713	0.01284	0.01740	0.01139	0.01564	0.00882	0.00647	0.00846	0.09317	0.00913	0.00655	0.00285	0.00714
84	0.01237	0.03894	0.57371	0.01774	0.02535	0.04613	0.16935	0.01834	0.01254	0.01791	0.01044	0.01265	0.00755	0.00532	0.00567	0.00181	0.00874	0.00471	0.00254	0.00821
85	0.01260	0.02810	0.68682	0.01596	0.02399	0.01377	0.02001	0.09778	0.01370	0.02008	0.01065	0.01226	0.00752	0.00559	0.00547	0.00180	0.00822	0.00433	0.00278	0.00859
86	0.00979	0.00669	0.00744	0.00700	0.00750	0.00688	0.00428	0.08905	0.01036	0.01383	0.01755	0.03483	0.01958	0.71208	0.02655	0.00513	0.00563	0.00797	0.00371	0.00415
87	0.01111	0.02701	0.68595	0.01552	0.02316	0.01261	0.01960	0.01725	0.01176	0.01758	0.01082	0.01322	0.00802	0.00954	0.09001	0.00262	0.00921	0.00444	0.00249	0.00809
88	0.01182	0.19020	0.51554	0.01415	0.02091	0.01434	0.03037	0.01680	0.01188	0.01675	0.01213	0.09745	0.01065	0.00668	0.00529	0.00175	0.00742	0.00535	0.00275	0.00779
89	0.01473	0.01248	0.01627	0.38116	0.02726	0.04610	0.02623	0.27126	0.01707	0.02220	0.01374	0.10008	0.01169	0.00745	0.00589	0.00187	0.00684	0.00630	0.00399	0.00739
90	0.02104	0.01541	0.01658	0.01290	0.01732	0.01705	0.01059	0.64301	0.10621	0.05810	0.01506	0.01475	0.01072	0.00697	0.00573	0.00174	0.00605	0.00531	0.00578	0.00965
91	0.01303	0.02741	0.68640	0.01563	0.02364	0.01275	0.01974	0.01919	0.01255	0.10030	0.01161	0.01289	0.00800	0.00561	0.00547	0.00181	0.00806	0.00439	0.00293	0.00859
92	0.00883	0.00623	0.00662	0.00628	0.00848	0.00522	0.00479	0.01037	0.01340	0.09793	0.05406	0.05114	0.67905	0.01367	0.00665	0.00191	0.00311	0.01138	0.00551	0.00537
93	0.00814	0.00653	0.01055	0.01019	0.01138	0.00613	0.11356	0.00979	0.01138	0.01553	0.02786	0.63670	0.03223	0.01536	0.00703	0.00221	0.00421	0.01424	0.05184	0.00514
94	0.00859	0.00619	0.00779	0.00853	0.00933	0.00608	0.00592	0.08874	0.01270	0.01695	0.02957	0.70951	0.03475	0.01671	0.00713	0.00226	0.00364	0.01504	0.00535	0.00520
95	0.01529	0.01297	0.02148	0.03086	0.63857	0.01268	0.01594	0.01851	0.01333	0.10081	0.01202	0.01461	0.00959	0.00527	0.00559	0.00166	0.00644	0.00507	0.00333	0.05599
96	0.04083	0.19691	0.39461	0.01413	0.02004	0.07816	0.01579	0.05901	0.01271	0.01754	0.00946	0.01134	0.00741	0.00593	0.00644	0.00172	0.09341	0.00403	0.00270	0.00782
97	0.00832	0.00555	0.00624	0.00624	0.00624	0.00555	0.00347	0.00832	0.00832	0.01109	0.01802	0.03743	0.02080	0.79898	0.02911	0.00555	0.00555	0.00832	0.00347	0.00347
98	0.00706	0.00502	0.00661	0.00785	0.00816	0.00471	0.00519	0.00799	0.01077	0.01437	0.03062	0.74434	0.03669	0.07039	0.00877	0.00254	0.00347	0.01573	0.00519	0.00457

[dist]
# distance from previous block
# <min> <max>
6	16

[block]
# block no. 5 follows, 41 sequences, length 18
# corresponding to MSA columns:
# 416-433
name=unknown_F
#
# <colnr> <probs for GDERKNQSTAVLIFYWHMCP>
#	G	D	E	R	K	N	Q	S	T	A	V	L	I	F	Y	W	H	M	C	P
0	0.00766	0.00582	0.00709	0.00704	0.00850	0.00525	0.00533	0.00983	0.01457	0.01948	0.42562	0.10117	0.28239	0.01335	0.00688	0.00194	0.00300	0.06411	0.00583	0.00515
