[name]
unknown

[dist]
# distance from previous block
# <min> <max>
0	308

[block]
# block no. 0 follows, 40 sequences, length 24
# corresponding to MSA columns:
# 335-358
name=unknown_A
#
# <colnr> <probs for GDERKNQSTAVLIFYWHMCP>
#	G	D	E	R	K	N	Q	S	T	A	V	L	I	F	Y	W	H	M	C	P
0	0.01431	0.00958	0.01190	0.01169	0.01396	0.00959	0.00971	0.13095	0.03757	0.08933	0.05565	0.05082	0.02863	0.04150	0.00863	0.00272	0.00580	0.45446	0.00598	0.00722
1	0.03251	0.08303	0.63561	0.01710	0.04490	0.04151	0.02013	0.01927	0.01316	0.01928	0.01147	0.01378	0.00865	0.00635	0.00590	0.00202	0.00872	0.00462	0.00297	0.00903
2	0.01413	0.01343	0.02052	0.44188	0.31547	0.05195	0.01692	0.01730	0.01329	0.01763	0.01179	0.01654	0.00954	0.00643	0.00630	0.00207	0.00794	0.00551	0.00317	0.00819
3	0.00846	0.00634	0.00753	0.00831	0.00930	0.00563	0.00571	0.00932	0.01283	0.01674	0.07693	0.52740	0.24761	0.01749	0.00774	0.00244	0.00369	0.01517	0.00584	0.00551
4	0.01002	0.00763	0.01065	0.01048	0.01168	0.00861	0.00805	0.01223	0.03842	0.01517	0.01684	0.02408	0.01556	0.04138	0.70680	0.00895	0.03714	0.00660	0.00365	0.00607
5	0.02626	0.01136	0.01459	0.01147	0.01596	0.01022	0.00928	0.07849	0.05218	0.66433	0.02338	0.02110	0.01534	0.00804	0.00639	0.00204	0.00547	0.00623	0.00740	0.01046
6	0.00958	0.00692	0.00873	0.00823	0.00970	0.00629	0.00607	0.01193	0.01717	0.02436	0.74226	0.04458	0.05514	0.01262	0.00738	0.00206	0.00323	0.01081	0.00678	0.00617
7	0.00981	0.00662	0.00733	0.00727	0.00740	0.00644	0.00415	0.00946	0.00933	0.01257	0.01945	0.03930	0.02210	0.78027	0.02965	0.00579	0.00606	0.00879	0.00396	0.00425
8	0.01655	0.01386	0.01521	0.01448	0.06803	0.01544	0.01052	0.11061	0.60193	0.02637	0.02270	0.02190	0.01730	0.00841	0.00643	0.00216	0.00541	0.00670	0.00608	0.00989
9	0.01706	0.74572	0.03027	0.01106	0.01596	0.06047	0.01051	0.01852	0.01285	0.01495	0.00946	0.01123	0.00871	0.00590	0.00439	0.00150	0.00684	0.00359	0.00297	0.00807
10	0.01098	0.00819	0.01074	0.01024	0.01140	0.00911	0.00769	0.06200	0.01133	0.01619	0.01671	0.02582	0.01606	0.17099	0.50744	0.00763	0.06125	0.00685	0.02342	0.00599
11	0.01537	0.02548	0.47630	0.01658	0.04295	0.05586	0.01783	0.11688	0.12787	0.02267	0.01414	0.01568	0.01059	0.00695	0.00616	0.00206	0.00811	0.00519	0.00393	0.00939
12	0.01398	0.01356	0.01856	0.01601	0.01614	0.01836	0.01316	0.01489	0.00977	0.01523	0.00898	0.01449	0.00887	0.01094	0.01935	0.00276	0.76941	0.00550	0.00300	0.00703
13	0.01661	0.75568	0.05787	0.01105	0.01618	0.02310	0.01087	0.01827	0.01263	0.01510	0.00950	0.01128	0.00870	0.00587	0.00438	0.00151	0.00672	0.00360	0.00294	0.00815
14	0.01562	0.01464	0.02424	0.03602	0.74496	0.01445	0.01818	0.01866	0.01401	0.02013	0.01221	0.01613	0.01042	0.00605	0.00630	0.00196	0.00731	0.00559	0.00333	0.00982
15	0.00731	0.00591	0.00650	0.00635	0.00812	0.00509	0.00476	0.00919	0.01429	0.01816	0.28309	0.05194	0.53129	0.01381	0.00687	0.00192	0.00288	0.01171	0.00572	0.00509
16	0.02122	0.09733	0.01869	0.01293	0.01762	0.01834	0.01085	0.65016	0.02542	0.03390	0.01328	0.01344	0.00961	0.00672	0.00557	0.00168	0.00634	0.00498	0.00542	0.02650
17	0.01098	0.01034	0.01744	0.78165	0.04005	0.01292	0.01615	0.01486	0.01163	0.01486	0.01034	0.01550	0.00775	0.00581	0.00581	0.00194	0.00775	0.00517	0.00258	0.00646
18	0.01543	0.71770	0.02976	0.01262	0.09211	0.02206	0.01077	0.01746	0.01196	0.01423	0.00838	0.00985	0.00764	0.00500	0.00394	0.00129	0.00629	0.00332	0.00253	0.00764
19	0.01235	0.12254	0.59989	0.01659	0.02446	0.01479	0.09439	0.01832	0.01237	0.01786	0.01029	0.01227	0.00753	0.00539	0.00544	0.00178	0.00843	0.00442	0.00251	0.00838
20	0.02426	0.00945	0.01275	0.00993	0.01396	0.00825	0.00803	0.02628	0.01580	0.68540	0.02246	0.02169	0.01509	0.08895	0.00831	0.00220	0.00502	0.00612	0.00682	0.00924
21	0.00763	0.00592	0.00694	0.00669	0.00832	0.00523	0.00501	0.00981	0.01504	0.01996	0.44822	0.04897	0.36503	0.01314	0.00686	0.00189	0.00283	0.01129	0.00596	0.00523
22	0.10622	0.02601	0.01566	0.01422	0.01728	0.69356	0.01072	0.02259	0.01580	0.01546	0.00890	0.01038	0.00737	0.00593	0.00507	0.00153	0.00987	0.00368	0.00306	0.00670
23	0.01439	0.01382	0.02360	0.03569	0.75936	0.01382	0.01785	0.01785	0.01324	0.01900	0.01094	0.01439	0.00921	0.00518	0.00576	0.00173	0.00691	0.00518	0.00288	0.00921

[dist]
# distance from previous block
# <min> <max>
0	1

[block]
# block no. 1 follows, 40 sequences, length 10
# corresponding to MSA columns:
# 360-369
name=unknown_B
#
# <colnr> <probs for GDERKNQSTAVLIFYWHMCP>
#	G	D	E	R	K	N	Q	S	T	A	V	L	I	F	Y	W	H	M	C	P
0	0.00745	0.00591	0.00670	0.00650	0.00821	0.00516	0.00488	0.00947	0.01463	0.01897	0.35730	0.05061	0.45658	0.01351	0.00687	0.00191	0.00286	0.01152	0.00583	0.00516
1	0.01098	0.01034	0.01744	0.78165	0.04005	0.01292	0.01615	0.01486	0.01163	0.01486	0.01034	0.01550	0.00775	0.00581	0.00581	0.00194	0.00775	0.00517	0.00258	0.00646
2	0.00737	0.00528	0.00700	0.00791	0.00850	0.00491	0.00542	0.00880	0.01244	0.01692	0.20922	0.60876	0.04248	0.01667	0.00728	0.00223	0.00322	0.01506	0.00564	0.00491
3	0.01594	0.36841	0.25592	0.01285	0.01887	0.01884	0.01381	0.19448	0.01576	0.02077	0.01025	0.01138	0.00803	0.00564	0.00480	0.00155	0.00700	0.00400	0.00329	0.00841
4	0.01474	0.01187	0.01268	0.01133	0.01461	0.01342	0.00884	0.02921	0.64978	0.07371	0.02599	0.02388	0.06733	0.00830	0.00598	0.00196	0.00451	0.00691	0.00597	0.00896
5	0.01054	0.02396	0.57989	0.01450	0.02108	0.01136	0.01755	0.01589	0.01200	0.01754	0.01572	0.20298	0.01497	0.00863	0.00599	0.00197	0.00732	0.00729	0.00318	0.00765
6	0.01233	0.02610	0.58401	0.02125	0.20477	0.01358	0.02060	0.01828	0.01251	0.01856	0.01056	0.01279	0.00782	0.00544	0.00558	0.00181	0.00818	0.00451	0.00256	0.00875
7	0.01429	0.06781	0.04999	0.01742	0.02186	0.04873	0.33083	0.02154	0.21324	0.04539	0.01619	0.06887	0.01320	0.00696	0.00673	0.00193	0.03620	0.00685	0.00401	0.00797
8	0.00734	0.00539	0.00688	0.00761	0.00842	0.00494	0.00529	0.00883	0.01272	0.01704	0.21286	0.50902	0.13987	0.01620	0.00721	0.00218	0.00316	0.01448	0.00564	0.00494
9	0.01319	0.01259	0.02143	0.29940	0.50507	0.01350	0.01725	0.01679	0.01267	0.01753	0.01073	0.01479	0.00870	0.00540	0.00578	0.00180	0.00721	0.00518	0.00277	0.00824

[dist]
# distance from previous block
# <min> <max>
0	1

[block]
# block no. 2 follows, 40 sequences, length 85
# corresponding to MSA columns:
# 371-455
name=unknown_C
#
# <colnr> <probs for GDERKNQSTAVLIFYWHMCP>
#	G	D	E	R	K	N	Q	S	T	A	V	L	I	F	Y	W	H	M	C	P
0	0.01146	0.02867	0.72114	0.01603	0.02420	0.01304	0.02055	0.01798	0.01252	0.01870	0.05410	0.01410	0.01015	0.00590	0.00560	0.00184	0.00825	0.00466	0.00269	0.00841
1	0.01441	0.01343	0.02264	0.09022	0.66941	0.01364	0.01728	0.01820	0.03179	0.03623	0.01150	0.01479	0.00944	0.00534	0.00577	0.00175	0.00687	0.00523	0.00303	0.00902
2	0.00845	0.00567	0.00652	0.00652	0.00658	0.00573	0.00374	0.00857	0.00851	0.01141	0.01816	0.03716	0.02076	0.75160	0.07310	0.00585	0.00622	0.00833	0.00350	0.00362
3	0.01206	0.01034	0.01206	0.00861	0.01378	0.00775	0.00689	0.01464	0.01206	0.01895	0.01034	0.01206	0.00861	0.00431	0.00431	0.00086	0.00431	0.00345	0.00345	0.83118
4	0.01263	0.14025	0.51654	0.01713	0.02467	0.01513	0.15801	0.01831	0.01249	0.01776	0.01035	0.01250	0.00766	0.00532	0.00552	0.00178	0.00848	0.00462	0.00255	0.00828
5	0.02124	0.00914	0.01216	0.00970	0.01340	0.00817	0.00786	0.04389	0.03308	0.54111	0.20669	0.02560	0.02450	0.00838	0.00610	0.00181	0.00443	0.00702	0.00693	0.00877
6	0.01428	0.54902	0.26952	0.01210	0.01826	0.01992	0.01370	0.01774	0.01197	0.01522	0.00885	0.01029	0.00743	0.00515	0.00431	0.00144	0.00699	0.00350	0.00248	0.00783
7	0.01457	0.01151	0.01396	0.01063	0.01510	0.01056	0.03762	0.14301	0.07081	0.06288	0.01391	0.05937	0.01157	0.00625	0.00559	0.00134	0.03255	0.00509	0.00432	0.46938
8	0.00882	0.00624	0.00836	0.00829	0.00909	0.00689	0.00599	0.02894	0.00972	0.01385	0.01691	0.04328	0.01700	0.27568	0.46506	0.00744	0.01132	0.00707	0.04525	0.00479
9	0.01180	0.05779	0.73902	0.01634	0.02480	0.01385	0.02107	0.01838	0.01226	0.01825	0.01035	0.01217	0.00737	0.00551	0.00546	0.00182	0.00851	0.00425	0.00246	0.00855
10	0.00707	0.00587	0.00618	0.00617	0.00799	0.00498	0.00460	0.00870	0.01361	0.01672	0.15385	0.08335	0.63191	0.01447	0.00689	0.00196	0.00293	0.01220	0.00554	0.00498
11	0.00729	0.00603	0.00648	0.00670	0.00856	0.00521	0.00525	0.00897	0.01328	0.01599	0.05418	0.05759	0.63520	0.01495	0.00707	0.00208	0.00335	0.13144	0.00539	0.00498
12	0.01166	0.03008	0.76550	0.01657	0.02517	0.01351	0.02149	0.01842	0.01228	0.01842	0.01044	0.01228	0.00737	0.00552	0.00552	0.00184	0.00859	0.00430	0.00246	0.00859
13	0.02171	0.01522	0.01648	0.01271	0.01716	0.01666	0.01048	0.64963	0.02574	0.08459	0.01486	0.01481	0.01049	0.00698	0.00572	0.00173	0.00609	0.00529	0.05404	0.00963
14	0.00846	0.00564	0.00634	0.00634	0.00634	0.00564	0.00352	0.00846	0.00846	0.01128	0.01832	0.03805	0.02114	0.79563	0.02960	0.00564	0.00564	0.00846	0.00352	0.00352
15	0.02175	0.02700	0.01654	0.01488	0.01798	0.72502	0.01122	0.06814	0.01716	0.01564	0.00930	0.01070	0.00764	0.00605	0.00528	0.00151	0.01023	0.00384	0.00317	0.00694
16	0.01124	0.00732	0.00916	0.00835	0.01039	0.00707	0.00646	0.01566	0.11253	0.11424	0.50885	0.03911	0.07622	0.01108	0.00666	0.00188	0.00337	0.03758	0.00635	0.00649
17	0.01027	0.00639	0.00845	0.00782	0.00951	0.00585	0.00599	0.01289	0.01616	0.10705	0.61688	0.06972	0.04880	0.01176	0.00681	0.00188	0.00312	0.03829	0.00641	0.00596
18	0.02303	0.01304	0.01523	0.01187	0.01630	0.01344	0.00974	0.34718	0.10201	0.35673	0.01900	0.01739	0.01275	0.00718	0.00584	0.00179	0.00556	0.00565	0.00644	0.00982
19	0.01439	0.01382	0.02360	0.03569	0.75936	0.01382	0.01785	0.01785	0.01324	0.01900	0.01094	0.01439	0.00921	0.00518	0.00576	0.00173	0.00691	0.00518	0.00288	0.00921
20	0.01232	0.18740	0.58188	0.01482	0.02236	0.01512	0.01843	0.01789	0.01236	0.01765	0.04173	0.01300	0.00941	0.00568	0.00521	0.00172	0.00786	0.00432	0.00263	0.00823
21	0.00827	0.00602	0.00742	0.00702	0.00861	0.00541	0.00528	0.01069	0.01566	0.03731	0.56539	0.04608	0.23033	0.01250	0.00684	0.00186	0.00284	0.01086	0.00617	0.00544
22	0.00846	0.00564	0.00634	0.00634	0.00634	0.00564	0.00352	0.00846	0.00846	0.01128	0.01832	0.03805	0.02114	0.79563	0.02960	0.00564	0.00564	0.00846	0.00352	0.00352
23	0.01098	0.01034	0.01744	0.78165	0.04005	0.01292	0.01615	0.01486	0.01163	0.01486	0.01034	0.01550	0.00775	0.00581	0.00581	0.00194	0.00775	0.00517	0.00258	0.00646
24	0.04323	0.02057	0.01684	0.01385	0.01783	0.30904	0.01100	0.44443	0.02269	0.02772	0.01189	0.01250	0.00887	0.00656	0.00554	0.00165	0.00793	0.00461	0.00467	0.00858
25	0.00692	0.00569	0.00610	0.00643	0.00800	0.00486	0.00466	0.00829	0.01274	0.01550	0.05237	0.23521	0.58197	0.01558	0.00701	0.00206	0.00305	0.01331	0.00540	0.00486
26	0.00725	0.00591	0.00642	0.00629	0.00809	0.00507	0.00472	0.00908	0.01415	0.01783	0.25367	0.05247	0.56091	0.01393	0.00687	0.00193	0.00289	0.01178	0.00568	0.00507
27	0.00709	0.00506	0.00675	0.00810	0.00843	0.00472	0.00540	0.00810	0.01113	0.01484	0.03205	0.79184	0.03846	0.01822	0.00742	0.00236	0.00337	0.01653	0.00540	0.00472
28	0.02101	0.02645	0.01647	0.01492	0.01775	0.70897	0.01127	0.02287	0.03454	0.01447	0.00928	0.01090	0.00776	0.00629	0.00607	0.00157	0.05568	0.00390	0.00304	0.00678
29	0.01166	0.03008	0.76550	0.01657	0.02517	0.01351	0.02149	0.01842	0.01228	0.01842	0.01044	0.01228	0.00737	0.00552	0.00552	0.00184	0.00859	0.00430	0.00246	0.00859
30	0.00831	0.00623	0.00935	0.00935	0.01038	0.00727	0.00727	0.01038	0.00935	0.01350	0.01558	0.02285	0.01454	0.04361	0.77259	0.00935	0.01558	0.00623	0.00312	0.00519
31	0.01350	0.01291	0.02199	0.23047	0.57154	0.01358	0.01740	0.01707	0.01282	0.01792	0.01078	0.01468	0.00883	0.00535	0.00577	0.00178	0.00713	0.00518	0.00280	0.00849
32	0.01098	0.01034	0.01744	0.78165	0.04005	0.01292	0.01615	0.01486	0.01163	0.01486	0.01034	0.01550	0.00775	0.00581	0.00581	0.00194	0.00775	0.00517	0.00258	0.00646
33	0.01084	0.00542	0.00542	0.00542	0.00678	0.00542	0.00407	0.01355	0.01220	0.02168	0.01897	0.02168	0.01491	0.00678	0.00407	0.00136	0.00271	0.00542	0.82791	0.00542
34	0.01555	0.79913	0.03047	0.00995	0.01493	0.02301	0.00995	0.01741	0.01182	0.01368	0.00808	0.00933	0.00746	0.00498	0.00373	0.00124	0.00622	0.00311	0.00249	0.00746
35	0.83671	0.01125	0.00855	0.00765	0.01125	0.01305	0.00630	0.01709	0.00990	0.02609	0.00810	0.00945	0.00630	0.00540	0.00360	0.00180	0.00450	0.00315	0.00360	0.00630
36	0.01098	0.01034	0.01744	0.78165	0.04005	0.01292	0.01615	0.01486	0.01163	0.01486	0.01034	0.01550	0.00775	0.00581	0.00581	0.00194	0.00775	0.00517	0.00258	0.00646
37	0.01510	0.71105	0.11466	0.01071	0.01610	0.02192	0.01127	0.01753	0.01187	0.01422	0.00835	0.00967	0.00745	0.00504	0.00394	0.00131	0.00649	0.00325	0.00248	0.00759
38	0.00709	0.00506	0.00675	0.00810	0.00843	0.00472	0.00540	0.00810	0.01113	0.01484	0.03205	0.79184	0.03846	0.01822	0.00742	0.00236	0.00337	0.01653	0.00540	0.00472
39	0.01446	0.01249	0.01315	0.01183	0.01512	0.01446	0.00920	0.03090	0.74885	0.02433	0.02367	0.02170	0.01775	0.00789	0.00592	0.00197	0.00460	0.00657	0.00592	0.00920
40	0.05295	0.01510	0.01643	0.01270	0.01724	0.01643	0.01047	0.59083	0.05123	0.13431	0.01531	0.01486	0.01065	0.00698	0.00574	0.00176	0.00607	0.00529	0.00592	0.00973
41	0.00709	0.00506	0.00675	0.00810	0.00843	0.00472	0.00540	0.00810	0.01113	0.01484	0.03205	0.79184	0.03846	0.01822	0.00742	0.00236	0.00337	0.01653	0.00540	0.00472
42	0.01098	0.01034	0.01744	0.78165	0.04005	0.01292	0.01615	0.01486	0.01163	0.01486	0.01034	0.01550	0.00775	0.00581	0.00581	0.00194	0.00775	0.00517	0.00258	0.00646
43	0.02064	0.12491	0.01855	0.01520	0.04841	0.64579	0.01135	0.02226	0.01575	0.01436	0.00896	0.01050	0.00756	0.00583	0.00507	0.00148	0.00980	0.00372	0.00293	0.00694
44	0.00703	0.00590	0.00611	0.00606	0.00795	0.00498	0.00454	0.00865	0.01363	0.01659	0.13986	0.05451	0.67549	0.01440	0.00687	0.00195	0.00292	0.01207	0.00552	0.00498
45	0.02165	0.01992	0.01740	0.01485	0.04960	0.26436	0.01140	0.47495	0.02319	0.02857	0.01221	0.01284	0.00908	0.00658	0.00563	0.00166	0.00776	0.00475	0.00477	0.00883
46	0.01084	0.00542	0.00542	0.00542	0.00678	0.00542	0.00407	0.01355	0.01220	0.02168	0.01897	0.02168	0.01491	0.00678	0.00407	0.00136	0.00271	0.00542	0.82791	0.00542
47	0.01195	0.08619	0.71187	0.01609	0.02442	0.01420	0.02064	0.01834	0.01224	0.01807	0.01026	0.01206	0.00737	0.00548	0.00539	0.00180	0.00842	0.00421	0.00246	0.00851
48	0.00817	0.00594	0.00769	0.00726	0.00865	0.00546	0.00544	0.01086	0.01633	0.02300	0.72730	0.04396	0.08406	0.01201	0.00686	0.00183	0.00275	0.01059	0.00636	0.00546
49	0.01581	0.76627	0.02988	0.01016	0.01506	0.05493	0.01001	0.01766	0.01201	0.01371	0.00812	0.00938	0.00746	0.00502	0.00380	0.00125	0.00640	0.00314	0.00251	0.00743
50	0.00894	0.00653	0.00874	0.00974	0.01099	0.00647	0.00802	0.01187	0.04618	0.01770	0.10045	0.20355	0.06439	0.01567	0.00766	0.00248	0.00459	0.45514	0.00549	0.00540
51	0.00834	0.00559	0.00638	0.00649	0.00651	0.00556	0.00368	0.00843	0.00868	0.01157	0.01945	0.09975	0.02256	0.73200	0.02778	0.00537	0.00545	0.00912	0.00368	0.00362
52	0.01430	0.01372	0.02343	0.05633	0.73945	0.01379	0.01780	0.01776	0.01320	0.01888	0.01092	0.01442	0.00917	0.00520	0.00576	0.00173	0.00693	0.00518	0.00287	0.00914
53	0.01234	0.01057	0.01147	0.00996	0.01341	0.01080	0.00781	0.02213	0.40574	0.02120	0.02666	0.02702	0.14291	0.00851	0.00577	0.00172	0.00428	0.03717	0.00518	0.21538
54	0.00709	0.00506	0.00675	0.00810	0.00843	0.00472	0.00540	0.00810	0.01113	0.01484	0.03205	0.79184	0.03846	0.01822	0.00742	0.00236	0.00337	0.01653	0.00540	0.00472
55	0.01272	0.01272	0.01781	0.01527	0.01527	0.01781	0.01272	0.01399	0.00891	0.01399	0.00763	0.01272	0.00763	0.01018	0.01908	0.00254	0.78499	0.00509	0.00254	0.00636
56	0.83671	0.01125	0.00855	0.00765	0.01125	0.01305	0.00630	0.01709	0.00990	0.02609	0.00810	0.00945	0.00630	0.00540	0.00360	0.00180	0.00450	0.00315	0.00360	0.00630
57	0.02211	0.01629	0.01745	0.01338	0.01803	0.01803	0.01105	0.73997	0.02734	0.03665	0.01396	0.01396	0.00989	0.00698	0.00582	0.00175	0.00640	0.00524	0.00582	0.00989
58	0.02573	0.01048	0.01386	0.01062	0.01514	0.00942	0.00878	0.09366	0.01763	0.69668	0.02212	0.01926	0.01398	0.00718	0.00585	0.00179	0.00508	0.00579	0.00707	0.00990
59	0.00709	0.00506	0.00675	0.00810	0.00843	0.00472	0.00540	0.00810	0.01113	0.01484	0.03205	0.79184	0.03846	0.01822	0.00742	0.00236	0.00337	0.01653	0.00540	0.00472
60	0.00846	0.00564	0.00634	0.00634	0.00634	0.00564	0.00352	0.00846	0.00846	0.01128	0.01832	0.03805	0.02114	0.79563	0.02960	0.00564	0.00564	0.00846	0.00352	0.00352
61	0.01373	0.01569	0.03431	0.02451	0.03039	0.01471	0.73824	0.01863	0.01373	0.01863	0.01176	0.01569	0.00882	0.00490	0.00686	0.00196	0.00980	0.00686	0.00294	0.00784
62	0.01098	0.01034	0.01744	0.78165	0.04005	0.01292	0.01615	0.01486	0.01163	0.01486	0.01034	0.01550	0.00775	0.00581	0.00581	0.00194	0.00775	0.00517	0.00258	0.00646
63	0.83671	0.01125	0.00855	0.00765	0.01125	0.01305	0.00630	0.01709	0.00990	0.02609	0.00810	0.00945	0.00630	0.00540	0.00360	0.00180	0.00450	0.00315	0.00360	0.00630
64	0.01373	0.01569	0.03431	0.02451	0.03039	0.01471	0.73824	0.01863	0.01373	0.01863	0.01176	0.01569	0.00882	0.00490	0.00686	0.00196	0.00980	0.00686	0.00294	0.00784
65	0.01446	0.01249	0.01315	0.01183	0.01512	0.01446	0.00920	0.03090	0.74885	0.02433	0.02367	0.02170	0.01775	0.00789	0.00592	0.00197	0.00460	0.00657	0.00592	0.00920
66	0.01373	0.01569	0.03431	0.02451	0.03039	0.01471	0.73824	0.01863	0.01373	0.01863	0.01176	0.01569	0.00882	0.00490	0.00686	0.00196	0.00980	0.00686	0.00294	0.00784
67	0.00921	0.00665	0.00847	0.00797	0.00942	0.00607	0.00591	0.01166	0.01697	0.02408	0.74614	0.04426	0.05506	0.01242	0.00723	0.00200	0.00309	0.01073	0.00667	0.00598
68	0.00817	0.00582	0.00743	0.00863	0.00904	0.00537	0.00570	0.00885	0.01155	0.01550	0.03179	0.73376	0.03780	0.06793	0.00920	0.00273	0.00386	0.01614	0.00557	0.00515
69	0.01265	0.00697	0.00707	0.00672	0.00840	0.00697	0.00505	0.07013	0.01393	0.02361	0.01939	0.02223	0.01531	0.00739	0.00462	0.00156	0.00334	0.00570	0.75268	0.00626
70	0.06454	0.01355	0.01408	0.01239	0.01593	0.01532	0.00966	0.12737	0.59663	0.02685	0.02216	0.02107	0.01675	0.00821	0.00616	0.00210	0.00516	0.00646	0.00605	0.00957
71	0.00921	0.00665	0.00847	0.00797	0.00942	0.00607	0.00591	0.01166	0.01697	0.02408	0.74614	0.04426	0.05506	0.01242	0.00723	0.00200	0.00309	0.01073	0.00667	0.00598
72	0.01577	0.01301	0.01377	0.01237	0.01575	0.01470	0.00955	0.03120	0.71210	0.05169	0.02438	0.02278	0.01838	0.00845	0.00630	0.00213	0.00494	0.00682	0.00624	0.00967
73	0.00943	0.00637	0.00717	0.00713	0.00727	0.00628	0.00412	0.00926	0.00912	0.01230	0.01903	0.03836	0.02158	0.75497	0.05882	0.00590	0.00633	0.00861	0.00382	0.00411
74	0.01642	0.78805	0.03083	0.01057	0.01556	0.02333	0.01031	0.01801	0.01239	0.01458	0.00905	0.01066	0.00836	0.00560	0.00415	0.00142	0.00652	0.00343	0.00282	0.00793
75	0.02288	0.01684	0.01800	0.01395	0.01863	0.01843	0.01139	0.72982	0.02769	0.03721	0.01484	0.01522	0.01075	0.00758	0.00621	0.00192	0.00669	0.00553	0.00610	0.01032
76	0.00806	0.00585	0.00739	0.00856	0.00912	0.00533	0.00574	0.00885	0.01190	0.01580	0.03486	0.72129	0.09774	0.01837	0.00774	0.00249	0.00368	0.01631	0.00568	0.00524
77	0.01259	0.03043	0.75494	0.01710	0.02566	0.01397	0.02167	0.01900	0.01285	0.01924	0.01137	0.01356	0.00827	0.00615	0.00592	0.00201	0.00886	0.00460	0.00278	0.00904
78	0.02288	0.01684	0.01800	0.01395	0.01863	0.01843	0.01139	0.72982	0.02769	0.03721	0.01484	0.01522	0.01075	0.00758	0.00621	0.00192	0.00669	0.00553	0.00610	0.01032
79	0.10187	0.01671	0.01683	0.01338	0.01779	0.05604	0.01083	0.58140	0.06768	0.03432	0.01458	0.01506	0.01074	0.00743	0.00597	0.00192	0.00661	0.00533	0.00574	0.00977
80	0.00857	0.00664	0.00753	0.00762	0.00924	0.00586	0.00570	0.01010	0.01419	0.01826	0.21398	0.10078	0.41667	0.05459	0.00857	0.00239	0.00369	0.09428	0.00582	0.00552
81	0.01528	0.01441	0.02406	0.03593	0.74893	0.01427	0.01809	0.01843	0.01380	0.01982	0.01186	0.01565	0.01008	0.00581	0.00615	0.00190	0.00720	0.00547	0.00320	0.00965
82	0.02288	0.01557	0.01706	0.01336	0.01791	0.01670	0.01087	0.56515	0.08314	0.14712	0.01698	0.01673	0.01206	0.00769	0.00622	0.00194	0.00633	0.00573	0.00632	0.01027
83	0.01666	0.75754	0.03027	0.01077	0.01569	0.05297	0.01036	0.01824	0.01258	0.01460	0.00908	0.01071	0.00836	0.00565	0.00421	0.00143	0.00669	0.00346	0.00284	0.00790
84	0.01177	0.01126	0.01940	0.27411	0.02648	0.01159	0.21311	0.01473	0.01283	0.01712	0.02037	0.13715	0.09940	0.00912	0.00728	0.00213	0.03769	0.00833	0.00381	0.06233

[dist]
# distance from previous block
# <min> <max>
0	1

[block]
# block no. 3 follows, 40 sequences, length 39
# corresponding to MSA columns:
# 457-495
name=unknown_D
#
# <colnr> <probs for GDERKNQSTAVLIFYWHMCP>
#	G	D	E	R	K	N	Q	S	T	A	V	L	I	F	Y	W	H	M	C	P
0	0.01106	0.00869	0.00924	0.00863	0.01118	0.00863	0.00668	0.03797	0.22951	0.05547	0.04412	0.04375	0.43918	0.01242	0.00674	0.00207	0.00392	0.04815	0.00578	0.00681
1	0.01516	0.01292	0.01359	0.01216	0.01552	0.01480	0.00944	0.05828	0.71647	0.02514	0.02363	0.02192	0.01779	0.00812	0.00609	0.00204	0.00482	0.00665	0.00604	0.00943
2	0.02550	0.00996	0.01344	0.01052	0.01483	0.00860	0.00857	0.02756	0.01661	0.72256	0.02372	0.05764	0.01592	0.00800	0.00610	0.00190	0.00502	0.00649	0.00723	0.00984
3	0.00765	0.00614	0.00675	0.00695	0.00860	0.00531	0.00515	0.00914	0.01357	0.01695	0.13447	0.16550	0.52502	0.01521	0.00719	0.00212	0.00327	0.05018	0.00564	0.00520
4	0.02221	0.02391	0.01707	0.01467	0.01827	0.50453	0.01133	0.27323	0.02050	0.02245	0.01115	0.01229	0.00873	0.00662	0.00562	0.00166	0.00917	0.00441	0.00413	0.00805
5	0.83671	0.01125	0.00855	0.00765	0.01125	0.01305	0.00630	0.01709	0.00990	0.02609	0.00810	0.00945	0.00630	0.00540	0.00360	0.00180	0.00450	0.00315	0.00360	0.00630
6	0.00726	0.00591	0.00643	0.00630	0.00809	0.00508	0.00473	0.00910	0.01418	0.01790	0.25969	0.05236	0.55485	0.01391	0.00687	0.00192	0.00289	0.01177	0.00569	0.00508
7	0.01465	0.01431	0.02335	0.03496	0.73323	0.04054	0.01761	0.01804	0.01336	0.01883	0.01087	0.01426	0.00915	0.00521	0.00574	0.00172	0.00703	0.00513	0.00288	0.00912
8	0.01547	0.70656	0.09073	0.01062	0.01589	0.02204	0.01094	0.04428	0.01243	0.01492	0.00850	0.00974	0.00754	0.00509	0.00396	0.00131	0.00642	0.00329	0.00261	0.00765
9	0.01439	0.01382	0.02360	0.03569	0.75936	0.01382	0.01785	0.01785	0.01324	0.01900	0.01094	0.01439	0.00921	0.00518	0.00576	0.00173	0.00691	0.00518	0.00288	0.00921
10	0.02172	0.02772	0.01648	0.01498	0.01798	0.77228	0.01124	0.02322	0.01648	0.01423	0.00899	0.01049	0.00749	0.00599	0.00524	0.00150	0.01049	0.00375	0.00300	0.00674
11	0.00846	0.00564	0.00634	0.00634	0.00634	0.00564	0.00352	0.00846	0.00846	0.01128	0.01832	0.03805	0.02114	0.79563	0.02960	0.00564	0.00564	0.00846	0.00352	0.00352
12	0.00937	0.00669	0.00937	0.01071	0.01205	0.00669	0.00937	0.01205	0.01339	0.01740	0.03079	0.06560	0.03347	0.01606	0.00803	0.00268	0.00535	0.72021	0.00535	0.00535
13	0.00709	0.00506	0.00675	0.00810	0.00843	0.00472	0.00540	0.00810	0.01113	0.01484	0.03205	0.79184	0.03846	0.01822	0.00742	0.00236	0.00337	0.01653	0.00540	0.00472
14	0.01272	0.01272	0.01781	0.01527	0.01527	0.01781	0.01272	0.01399	0.00891	0.01399	0.00763	0.01272	0.00763	0.01018	0.01908	0.00254	0.78499	0.00509	0.00254	0.00636
15	0.00831	0.00623	0.00935	0.00935	0.01038	0.00727	0.00727	0.01038	0.00935	0.01350	0.01558	0.02285	0.01454	0.04361	0.77259	0.00935	0.01558	0.00623	0.00312	0.00519
16	0.01166	0.03008	0.76550	0.01657	0.02517	0.01351	0.02149	0.01842	0.01228	0.01842	0.01044	0.01228	0.00737	0.00552	0.00552	0.00184	0.00859	0.00430	0.00246	0.00859
17	0.00999	0.00676	0.00746	0.00740	0.00755	0.00654	0.00423	0.00960	0.00944	0.01274	0.01960	0.03947	0.02223	0.77820	0.02966	0.00581	0.00612	0.00884	0.00402	0.00434
18	0.01351	0.01135	0.01304	0.00962	0.01481	0.00861	0.00752	0.01564	0.01296	0.02024	0.01180	0.01408	0.01000	0.00531	0.00496	0.00115	0.00482	0.00395	0.00394	0.81272
19	0.01351	0.01135	0.01304	0.00962	0.01481	0.00861	0.00752	0.01564	0.01296	0.02024	0.01180	0.01408	0.01000	0.00531	0.00496	0.00115	0.00482	0.00395	0.00394	0.81272
20	0.00984	0.00734	0.01039	0.01033	0.01149	0.00814	0.00789	0.01148	0.01031	0.01491	0.01691	0.02462	0.01578	0.04370	0.75533	0.00944	0.01582	0.00667	0.00362	0.00597
21	0.02721	0.01092	0.01445	0.01131	0.01585	0.00939	0.00914	0.02902	0.01744	0.74733	0.02411	0.02164	0.01564	0.00813	0.00646	0.00207	0.00544	0.00629	0.00760	0.01057
22	0.01586	0.01345	0.01411	0.01276	0.01612	0.01517	0.00978	0.03152	0.73259	0.02549	0.02482	0.02350	0.01892	0.00881	0.00653	0.00223	0.00511	0.00700	0.00635	0.00989
23	0.02295	0.02832	0.01736	0.01584	0.01891	0.75533	0.01177	0.02402	0.01728	0.01563	0.01048	0.01255	0.00890	0.00696	0.00587	0.00177	0.01085	0.00424	0.00350	0.00749
24	0.01312	0.03063	0.74893	0.01739	0.02593	0.01423	0.02178	0.01932	0.01317	0.01972	0.01189	0.01430	0.00878	0.00650	0.00614	0.00211	0.00901	0.00478	0.00297	0.00930
25	0.00949	0.00792	0.00803	0.00778	0.01003	0.00716	0.00577	0.01261	0.11597	0.01826	0.05436	0.05222	0.63860	0.01454	0.00733	0.00223	0.00372	0.01178	0.00592	0.00629
26	0.81894	0.01223	0.00961	0.00867	0.01233	0.01378	0.00694	0.01803	0.01085	0.02721	0.00961	0.01153	0.00774	0.00638	0.00426	0.00207	0.00500	0.00366	0.00409	0.00705
27	0.01579	0.01475	0.02432	0.03607	0.74301	0.01453	0.01822	0.01877	0.01412	0.02028	0.01238	0.01636	0.01058	0.00616	0.00637	0.00199	0.00736	0.00564	0.00339	0.00990
28	0.00986	0.00718	0.00898	0.00882	0.01035	0.00656	0.00674	0.01203	0.01647	0.02288	0.55959	0.04955	0.10741	0.01366	0.00765	0.00225	0.00376	0.13350	0.00657	0.00619
29	0.11882	0.01368	0.01398	0.01240	0.01593	0.01535	0.00961	0.10200	0.56728	0.02696	0.02189	0.02119	0.01670	0.00841	0.00623	0.00219	0.00528	0.00644	0.00605	0.00960
30	0.77537	0.01250	0.01009	0.00898	0.01270	0.01405	0.00720	0.05670	0.01178	0.02778	0.00992	0.01177	0.00793	0.00646	0.00438	0.00206	0.00511	0.00377	0.00421	0.00725
31	0.00928	0.00688	0.00831	0.00842	0.00978	0.00616	0.00612	0.01089	0.01517	0.02060	0.38550	0.22486	0.19657	0.01502	0.00765	0.00229	0.00362	0.05060	0.00633	0.00595
32	0.02295	0.02832	0.01736	0.01584	0.01891	0.75533	0.01177	0.02402	0.01728	0.01563	0.01048	0.01255	0.00890	0.00696	0.00587	0.00177	0.01085	0.00424	0.00350	0.00749
33	0.01245	0.01135	0.01830	0.76465	0.04047	0.01366	0.01657	0.01585	0.01254	0.01624	0.01180	0.01745	0.00916	0.00678	0.00643	0.00220	0.00818	0.00563	0.00310	0.00721
34	0.01245	0.01135	0.01830	0.76465	0.04047	0.01366	0.01657	0.01585	0.01254	0.01624	0.01180	0.01745	0.00916	0.00678	0.00643	0.00220	0.00818	0.00563	0.00310	0.00721
35	0.01312	0.03063	0.74893	0.01739	0.02593	0.01423	0.02178	0.01932	0.01317	0.01972	0.01189	0.01430	0.00878	0.00650	0.00614	0.00211	0.00901	0.00478	0.00297	0.00930
36	0.00865	0.00619	0.00786	0.00911	0.00959	0.00565	0.00607	0.00925	0.01206	0.01623	0.03301	0.77569	0.03915	0.01890	0.00800	0.00261	0.00391	0.01673	0.00585	0.00552
37	0.81894	0.01223	0.00961	0.00867	0.01233	0.01378	0.00694	0.01803	0.01085	0.02721	0.00961	0.01153	0.00774	0.00638	0.00426	0.00207	0.00500	0.00366	0.00409	0.00705
38	0.01415	0.01368	0.01866	0.01612	0.01626	0.01843	0.01322	0.01501	0.00988	0.01540	0.00916	0.01473	0.00904	0.01104	0.01939	0.00279	0.76731	0.00555	0.00306	0.00712

[dist]
# distance from previous block
# <min> <max>
0	2

[block]
# block no. 4 follows, 40 sequences, length 14
# corresponding to MSA columns:
# 498-511
name=unknown_E
#
# <colnr> <probs for GDERKNQSTAVLIFYWHMCP>
#	G	D	E	R	K	N	Q	S	T	A	V	L	I	F	Y	W	H	M	C	P
0	0.83671	0.01125	0.00855	0.00765	0.01125	0.01305	0.00630	0.01709	0.00990	0.02609	0.00810	0.00945	0.00630	0.00540	0.00360	0.00180	0.00450	0.00315	0.00360	0.00630
1	0.02609	0.00990	0.01350	0.01035	0.01484	0.00855	0.00855	0.02834	0.01664	0.76338	0.02294	0.01979	0.01439	0.00720	0.00585	0.00180	0.00495	0.00585	0.00720	0.00990
2	0.00709	0.00506	0.00675	0.00810	0.00843	0.00472	0.00540	0.00810	0.01113	0.01484	0.03205	0.79184	0.03846	0.01822	0.00742	0.00236	0.00337	0.01653	0.00540	0.00472
3	0.02609	0.00990	0.01350	0.01035	0.01484	0.00855	0.00855	0.02834	0.01664	0.76338	0.02294	0.01979	0.01439	0.00720	0.00585	0.00180	0.00495	0.00585	0.00720	0.00990
4	0.01166	0.03008	0.76550	0.01657	0.02517	0.01351	0.02149	0.01842	0.01228	0.01842	0.01044	0.01228	0.00737	0.00552	0.00552	0.00184	0.00859	0.00430	0.00246	0.00859
5	0.01387	0.01328	0.02265	0.15068	0.64847	0.01368	0.01759	0.01739	0.01299	0.01836	0.01085	0.01456	0.00899	0.00528	0.00577	0.00176	0.00704	0.00518	0.00283	0.00879
6	0.02578	0.01039	0.01380	0.01058	0.01509	0.00928	0.00874	0.08306	0.01747	0.70750	0.02225	0.01934	0.01405	0.00718	0.00585	0.00180	0.00506	0.00580	0.00709	0.00990
7	0.00709	0.00506	0.00675	0.00810	0.00843	0.00472	0.00540	0.00810	0.01113	0.01484	0.03205	0.79184	0.03846	0.01822	0.00742	0.00236	0.00337	0.01653	0.00540	0.00472
8	0.00961	0.00791	0.01212	0.13902	0.09966	0.00902	0.00974	0.01211	0.01056	0.01493	0.01701	0.02251	0.06222	0.02813	0.44444	0.00614	0.03648	0.00626	0.04624	0.00589
9	0.01206	0.01034	0.01206	0.00861	0.01378	0.00775	0.00689	0.01464	0.01206	0.01895	0.01034	0.01206	0.00861	0.00431	0.00431	0.00086	0.00431	0.00345	0.00345	0.83118
10	0.00816	0.00589	0.00771	0.00736	0.00867	0.00544	0.00548	0.01081	0.01616	0.02283	0.71480	0.08631	0.05393	0.01225	0.00689	0.00186	0.00278	0.01086	0.00634	0.00544
11	0.00696	0.00589	0.00602	0.00599	0.00791	0.00495	0.00449	0.00852	0.01347	0.01622	0.10550	0.05513	0.71009	0.01454	0.00687	0.00195	0.00293	0.01216	0.00547	0.00495
12	0.01206	0.01034	0.01206	0.00861	0.01378	0.00775	0.00689	0.01464	0.01206	0.01895	0.01034	0.01206	0.00861	0.00431	0.00431	0.00086	0.00431	0.00345	0.00345	0.83118
13	0.01419	0.01400	0.02297	0.13732	0.59477	0.04513	0.05150	0.01769	0.01318	0.01821	0.01081	0.01445	0.00892	0.00529	0.00580	0.00176	0.00731	0.00520	0.00285	0.00866

[dist]
# distance from previous block
# <min> <max>
0	1

[block]
# block no. 5 follows, 40 sequences, length 15
# corresponding to MSA columns:
# 513-527
name=unknown_F
#
# <colnr> <probs for GDERKNQSTAVLIFYWHMCP>
#	G	D	E	R	K	N	Q	S	T	A	V	L	I	F	Y	W	H	M	C	P
0	0.00846	0.00564	0.00634	0.00634	0.00634	0.00564	0.00352	0.00846	0.00846	0.01128	0.01832	0.03805	0.02114	0.79563	0.02960	0.00564	0.00564	0.00846	0.00352	0.00352
1	0.01206	0.01034	0.01206	0.00861	0.01378	0.00775	0.00689	0.01464	0.01206	0.01895	0.01034	0.01206	0.00861	0.00431	0.00431	0.00086	0.00431	0.00345	0.00345	0.83118
2	0.00846	0.00564	0.00634	0.00634	0.00634	0.00564	0.00352	0.00846	0.00846	0.01128	0.01832	0.03805	0.02114	0.79563	0.02960	0.00564	0.00564	0.00846	0.00352	0.00352
3	0.01446	0.01249	0.01315	0.01183	0.01512	0.01446	0.00920	0.03090	0.74885	0.02433	0.02367	0.02170	0.01775	0.00789	0.00592	0.00197	0.00460	0.00657	0.00592	0.00920
4	0.00709	0.00593	0.00619	0.00622	0.00811	0.00503	0.00473	0.00871	0.01349	0.01633	0.10717	0.05552	0.67333	0.01459	0.00693	0.00199	0.00304	0.04518	0.00547	0.00497
5	0.01098	0.01034	0.01744	0.78165	0.04005	0.01292	0.01615	0.01486	0.01163	0.01486	0.01034	0.01550	0.00775	0.00581	0.00581	0.00194	0.00775	0.00517	0.00258	0.00646
6	0.00823	0.00594	0.00777	0.00732	0.00869	0.00549	0.00549	0.01097	0.01646	0.02332	0.75629	0.04344	0.05487	0.01189	0.00686	0.00183	0.00274	0.01052	0.00640	0.00549
7	0.01446	0.01249	0.01315	0.01183	0.01512	0.01446	0.00920	0.03090	0.74885	0.02433	0.02367	0.02170	0.01775	0.00789	0.00592	0.00197	0.00460	0.00657	0.00592	0.00920
8	0.02262	0.01546	0.01694	0.01299	0.01762	0.01680	0.01073	0.64771	0.02595	0.13086	0.01513	0.01472	0.01047	0.00701	0.00582	0.00175	0.00621	0.00531	0.00600	0.00989
9	0.01166	0.03008	0.76550	0.01657	0.02517	0.01351	0.02149	0.01842	0.01228	0.01842	0.01044	0.01228	0.00737	0.00552	0.00552	0.00184	0.00859	0.00430	0.00246	0.00859
10	0.00823	0.00594	0.00777	0.00732	0.00869	0.00549	0.00549	0.01097	0.01646	0.02332	0.75629	0.04344	0.05487	0.01189	0.00686	0.00183	0.00274	0.01052	0.00640	0.00549
11	0.00709	0.00506	0.00675	0.00810	0.00843	0.00472	0.00540	0.00810	0.01113	0.01484	0.03205	0.79184	0.03846	0.01822	0.00742	0.00236	0.00337	0.01653	0.00540	0.00472
12	0.01166	0.03008	0.76550	0.01657	0.02517	0.01351	0.02149	0.01842	0.01228	0.01842	0.01044	0.01228	0.00737	0.00552	0.00552	0.00184	0.00859	0.00430	0.00246	0.00859
13	0.02211	0.01629	0.01745	0.01338	0.01803	0.01803	0.01105	0.73997	0.02734	0.03665	0.01396	0.01396	0.00989	0.00698	0.00582	0.00175	0.00640	0.00524	0.00582	0.00989
14	0.02172	0.02772	0.01648	0.01498	0.01798	0.77228	0.01124	0.02322	0.01648	0.01423	0.00899	0.01049	0.00749	0.00599	0.00524	0.00150	0.01049	0.00375	0.00300	0.00674

[dist]
# distance from previous block
# <min> <max>
0	1

[block]
# block no. 6 follows, 40 sequences, length 18
# corresponding to MSA columns:
# 529-546
name=unknown_G
#
# <colnr> <probs for GDERKNQSTAVLIFYWHMCP>
#	G	D	E	R	K	N	Q	S	T	A	V	L	I	F	Y	W	H	M	C	P
0	0.79631	0.01349	0.01097	0.00998	0.01372	0.01471	0.00777	0.01923	0.01206	0.02864	0.01154	0.01419	0.00957	0.00762	0.00511	0.00240	0.00565	0.00430	0.00471	0.00802
1	0.02211	0.01629	0.01745	0.01338	0.01803	0.01803	0.01105	0.73997	0.02734	0.03665	0.01396	0.01396	0.00989	0.00698	0.00582	0.00175	0.00640	0.00524	0.00582	0.00989
2	0.02211	0.01629	0.01745	0.01338	0.01803	0.01803	0.01105	0.73997	0.02734	0.03665	0.01396	0.01396	0.00989	0.00698	0.00582	0.00175	0.00640	0.00524	0.00582	0.00989
3	0.02211	0.01629	0.01745	0.01338	0.01803	0.01803	0.01105	0.73997	0.02734	0.03665	0.01396	0.01396	0.00989	0.00698	0.00582	0.00175	0.00640	0.00524	0.00582	0.00989
4	0.00937	0.00669	0.00937	0.01071	0.01205	0.00669	0.00937	0.01205	0.01339	0.01740	0.03079	0.06560	0.03347	0.01606	0.00803	0.00268	0.00535	0.72021	0.00535	0.00535
5	0.02609	0.00990	0.01350	0.01035	0.01484	0.00855	0.00855	0.02834	0.01664	0.76338	0.02294	0.01979	0.01439	0.00720	0.00585	0.00180	0.00495	0.00585	0.00720	0.00990
6	0.02211	0.01629	0.01745	0.01338	0.01803	0.01803	0.01105	0.73997	0.02734	0.03665	0.01396	0.01396	0.00989	0.00698	0.00582	0.00175	0.00640	0.00524	0.00582	0.00989
7	0.02609	0.00990	0.01350	0.01035	0.01484	0.00855	0.00855	0.02834	0.01664	0.76338	0.02294	0.01979	0.01439	0.00720	0.00585	0.00180	0.00495	0.00585	0.00720	0.00990
8	0.01084	0.00542	0.00542	0.00542	0.00678	0.00542	0.00407	0.01355	0.01220	0.02168	0.01897	0.02168	0.01491	0.00678	0.00407	0.00136	0.00271	0.00542	0.82791	0.00542
9	0.75076	0.01082	0.00856	0.00762	0.01111	0.01238	0.00625	0.01734	0.01032	0.05650	0.00940	0.01065	0.00718	0.00556	0.00372	0.00177	0.00440	0.00340	0.05586	0.00639
10	0.83671	0.01125	0.00855	0.00765	0.01125	0.01305	0.00630	0.01709	0.00990	0.02609	0.00810	0.00945	0.00630	0.00540	0.00360	0.00180	0.00450	0.00315	0.00360	0.00630
11	0.02211	0.01629	0.01745	0.01338	0.01803	0.01803	0.01105	0.73997	0.02734	0.03665	0.01396	0.01396	0.00989	0.00698	0.00582	0.00175	0.00640	0.00524	0.00582	0.00989
12	0.00720	0.00514	0.00688	0.00823	0.00862	0.00482	0.00560	0.00830	0.01125	0.01497	0.03199	0.75504	0.03821	0.01811	0.00745	0.00238	0.00347	0.05218	0.00540	0.00476
13	0.02609	0.00990	0.01350	0.01035	0.01484	0.00855	0.00855	0.02834	0.01664	0.76338	0.02294	0.01979	0.01439	0.00720	0.00585	0.00180	0.00495	0.00585	0.00720	0.00990
14	0.00709	0.00506	0.00675	0.00810	0.00843	0.00472	0.00540	0.00810	0.01113	0.01484	0.03205	0.79184	0.03846	0.01822	0.00742	0.00236	0.00337	0.01653	0.00540	0.00472
15	0.00937	0.00669	0.00937	0.01071	0.01205	0.00669	0.00937	0.01205	0.01339	0.01740	0.03079	0.06560	0.03347	0.01606	0.00803	0.00268	0.00535	0.72021	0.00535	0.00535
16	0.01555	0.79913	0.03047	0.00995	0.01493	0.02301	0.00995	0.01741	0.01182	0.01368	0.00808	0.00933	0.00746	0.00498	0.00373	0.00124	0.00622	0.00311	0.00249	0.00746
17	0.02517	0.01138	0.01441	0.01105	0.01558	0.01075	0.00913	0.19343	0.01913	0.59479	0.02086	0.01844	0.01335	0.00715	0.00584	0.00179	0.00528	0.00571	0.00688	0.00989

[dist]
# distance from previous block
# <min> <max>
0	2

[block]
# block no. 7 follows, 40 sequences, length 24
# corresponding to MSA columns:
# 549-572
name=unknown_H
#
# <colnr> <probs for GDERKNQSTAVLIFYWHMCP>
#	G	D	E	R	K	N	Q	S	T	A	V	L	I	F	Y	W	H	M	C	P
0	0.81719	0.01233	0.00972	0.00877	0.01244	0.01385	0.00701	0.01812	0.01094	0.02732	0.00976	0.01174	0.00788	0.00647	0.00433	0.00209	0.00505	0.00371	0.00414	0.00713
1	0.00823	0.00594	0.00777	0.00732	0.00869	0.00549	0.00549	0.01097	0.01646	0.02332	0.75629	0.04344	0.05487	0.01189	0.00686	0.00183	0.00274	0.01052	0.00640	0.00549
2	0.01206	0.01034	0.01206	0.00861	0.01378	0.00775	0.00689	0.01464	0.01206	0.01895	0.01034	0.01206	0.00861	0.00431	0.00431	0.00086	0.00431	0.00345	0.00345	0.83118
3	0.00704	0.00590	0.00612	0.00607	0.00796	0.00498	0.00455	0.00867	0.01365	0.01664	0.14452	0.05443	0.67080	0.01438	0.00687	0.00195	0.00292	0.01206	0.00552	0.00498
4	0.02211	0.01629	0.01745	0.01338	0.01803	0.01803	0.01105	0.73997	0.02734	0.03665	0.01396	0.01396	0.00989	0.00698	0.00582	0.00175	0.00640	0.00524	0.00582	0.00989
5	0.02222	0.01560	0.01697	0.01306	0.01766	0.01708	0.01077	0.65451	0.04927	0.10057	0.01506	0.01472	0.01054	0.00703	0.00582	0.00176	0.00621	0.00533	0.00594	0.00987
6	0.02527	0.00992	0.01341	0.01024	0.01478	0.00850	0.00845	0.02754	0.01638	0.71975	0.02220	0.01934	0.01406	0.00703	0.00576	0.00174	0.00491	0.00571	0.00698	0.05803
7	0.00818	0.00594	0.00770	0.00726	0.00865	0.00546	0.00544	0.01087	0.01633	0.02301	0.72790	0.04395	0.08345	0.01200	0.00686	0.00183	0.00275	0.01059	0.00636	0.00546
8	0.02609	0.00990	0.01350	0.01035	0.01484	0.00855	0.00855	0.02834	0.01664	0.76338	0.02294	0.01979	0.01439	0.00720	0.00585	0.00180	0.00495	0.00585	0.00720	0.00990
9	0.83671	0.01125	0.00855	0.00765	0.01125	0.01305	0.00630	0.01709	0.00990	0.02609	0.00810	0.00945	0.00630	0.00540	0.00360	0.00180	0.00450	0.00315	0.00360	0.00630
10	0.00823	0.00594	0.00777	0.00732	0.00869	0.00549	0.00549	0.01097	0.01646	0.02332	0.75629	0.04344	0.05487	0.01189	0.00686	0.00183	0.00274	0.01052	0.00640	0.00549
11	0.02609	0.00990	0.01350	0.01035	0.01484	0.00855	0.00855	0.02834	0.01664	0.76338	0.02294	0.01979	0.01439	0.00720	0.00585	0.00180	0.00495	0.00585	0.00720	0.00990
12	0.00730	0.00591	0.00648	0.00634	0.00812	0.00509	0.00475	0.00917	0.01426	0.01809	0.27726	0.05204	0.53716	0.01384	0.00687	0.00192	0.00288	0.01172	0.00571	0.00509
13	0.83671	0.01125	0.00855	0.00765	0.01125	0.01305	0.00630	0.01709	0.00990	0.02609	0.00810	0.00945	0.00630	0.00540	0.00360	0.00180	0.00450	0.00315	0.00360	0.00630
14	0.00709	0.00506	0.00675	0.00810	0.00843	0.00472	0.00540	0.00810	0.01113	0.01484	0.03205	0.79184	0.03846	0.01822	0.00742	0.00236	0.00337	0.01653	0.00540	0.00472
15	0.00790	0.00593	0.00731	0.00697	0.00848	0.00535	0.00523	0.01033	0.01568	0.02146	0.58547	0.04651	0.22685	0.01258	0.00686	0.00186	0.00279	0.01095	0.00616	0.00535
16	0.01590	0.01276	0.01363	0.01192	0.01542	0.01453	0.00937	0.10708	0.63235	0.06486	0.02259	0.02076	0.01673	0.00776	0.00590	0.00194	0.00481	0.00639	0.00597	0.00931
17	0.01439	0.01361	0.02284	0.09901	0.66971	0.01390	0.01745	0.04465	0.01363	0.01930	0.01100	0.01447	0.00911	0.00530	0.00576	0.00175	0.00696	0.00518	0.00296	0.00900
18	0.01789	0.01751	0.01416	0.01239	0.01567	0.30235	0.00958	0.08731	0.20724	0.07897	0.03936	0.01749	0.03030	0.00955	0.05864	0.00219	0.00768	0.00534	0.00454	0.06183
19	0.02039	0.20005	0.01981	0.01357	0.01730	0.47297	0.01091	0.14546	0.01730	0.01797	0.00964	0.01082	0.00790	0.00593	0.00500	0.00148	0.00882	0.00386	0.00337	0.00745
20	0.01478	0.01155	0.01325	0.00968	0.01471	0.00993	0.00783	0.16618	0.01545	0.05616	0.01166	0.01280	0.00914	0.00499	0.00469	0.00109	0.00477	0.00393	0.00411	0.62330
21	0.01320	0.22847	0.53603	0.01478	0.02214	0.05621	0.01796	0.01841	0.01238	0.01697	0.00975	0.01142	0.00740	0.00541	0.00505	0.00167	0.00808	0.00396	0.00249	0.00820
22	0.04700	0.01446	0.02213	0.03232	0.65350	0.05787	0.01662	0.01872	0.04643	0.01924	0.01129	0.01430	0.00938	0.00536	0.00565	0.00173	0.00692	0.00508	0.00305	0.00895
23	0.43166	0.04884	0.07389	0.06127	0.01604	0.10241	0.00936	0.07356	0.01265	0.02284	0.00924	0.01083	0.00720	0.00549	0.00435	0.00165	0.00595	0.00364	0.00347	0.09566

[dist]
# distance from previous block
# <min> <max>
0	1

[block]
# block no. 8 follows, 40 sequences, length 12
# corresponding to MSA columns:
# 574-585
name=unknown_I
#
# <colnr> <probs for GDERKNQSTAVLIFYWHMCP>
#	G	D	E	R	K	N	Q	S	T	A	V	L	I	F	Y	W	H	M	C	P
0	0.01243	0.18139	0.62088	0.01527	0.02315	0.01538	0.01922	0.01822	0.01219	0.01748	0.00997	0.01170	0.00739	0.00542	0.00517	0.00172	0.00813	0.00406	0.00246	0.00837
1	0.00687	0.00589	0.00589	0.00589	0.00785	0.00491	0.00442	0.00835	0.01325	0.01571	0.05891	0.05596	0.75700	0.01473	0.00687	0.00196	0.00295	0.01227	0.00540	0.00491
