[name]
unknown

[dist]
# distance from previous block
# <min> <max>
0	192

[block]
# block no. 0 follows, 38 sequences, length 13
# corresponding to MSA columns:
# 293-305
name=unknown_A
#
# <colnr> <probs for GDERKNQSTAVLIFYWHMCP>
#	G	D	E	R	K	N	Q	S	T	A	V	L	I	F	Y	W	H	M	C	P
0	0.01393	0.00797	0.01022	0.00921	0.01136	0.00775	0.00711	0.05220	0.07839	0.17075	0.27041	0.05499	0.05501	0.01286	0.00984	0.15224	0.00432	0.05903	0.00584	0.00656
1	0.12065	0.51329	0.06262	0.01098	0.01608	0.02106	0.01062	0.14819	0.01493	0.02037	0.00960	0.01069	0.00802	0.00561	0.00433	0.00149	0.00636	0.00369	0.00335	0.00808
2	0.17046	0.01530	0.01594	0.01248	0.01704	0.01690	0.01029	0.52854	0.04706	0.08641	0.01432	0.01428	0.01014	0.00697	0.00560	0.00183	0.00609	0.00511	0.00570	0.00953
3	0.00970	0.14942	0.01204	0.00829	0.01010	0.00879	0.00653	0.01163	0.01422	0.01915	0.36753	0.20413	0.07085	0.01313	0.00750	0.04393	0.00384	0.02816	0.00537	0.00569
4	0.02963	0.01234	0.01516	0.10075	0.01816	0.01357	0.02905	0.30721	0.01808	0.02522	0.02687	0.02948	0.01172	0.04024	0.00975	0.08545	0.07362	0.00564	0.05685	0.09124
5	0.11696	0.01011	0.01098	0.01017	0.01258	0.01093	0.00773	0.18250	0.13668	0.02440	0.07895	0.32309	0.02640	0.01217	0.00648	0.00211	0.00453	0.01043	0.00562	0.00717
6	0.11801	0.06006	0.39803	0.01430	0.02045	0.01402	0.01607	0.02012	0.01275	0.15363	0.01237	0.01366	0.00885	0.00660	0.00722	0.00195	0.10519	0.00463	0.00360	0.00849
7	0.16940	0.01588	0.01577	0.01262	0.01699	0.04738	0.01030	0.48340	0.11497	0.03336	0.01440	0.01446	0.01049	0.00700	0.00559	0.00184	0.00620	0.00514	0.00549	0.00933
8	0.00892	0.00599	0.00756	0.00764	0.00891	0.00566	0.00576	0.01145	0.01503	0.02174	0.42312	0.15055	0.06220	0.01278	0.00677	0.00197	0.00320	0.08005	0.15519	0.00552
9	0.68069	0.01047	0.00850	0.00800	0.01110	0.01192	0.00635	0.01598	0.01047	0.02487	0.01290	0.15124	0.01259	0.00801	0.00444	0.00197	0.00444	0.00578	0.00406	0.00622
10	0.00831	0.00565	0.00669	0.00712	0.00723	0.00554	0.00425	0.00863	0.00961	0.01281	0.02335	0.27011	0.02742	0.55028	0.02352	0.00478	0.00511	0.01133	0.00425	0.00403
11	0.01121	0.00561	0.00561	0.00561	0.00701	0.00561	0.00421	0.01402	0.01262	0.02243	0.01962	0.02243	0.01542	0.00701	0.00421	0.00140	0.00280	0.00561	0.82198	0.00561
12	0.01231	0.01240	0.02354	0.34718	0.09356	0.01313	0.26993	0.01651	0.01358	0.01824	0.10492	0.01968	0.01473	0.00642	0.00653	0.00198	0.00805	0.00668	0.00333	0.00731

[dist]
# distance from previous block
# <min> <max>
0	2

[block]
# block no. 1 follows, 38 sequences, length 7
# corresponding to MSA columns:
# 308-314
name=unknown_B
#
# <colnr> <probs for GDERKNQSTAVLIFYWHMCP>
#	G	D	E	R	K	N	Q	S	T	A	V	L	I	F	Y	W	H	M	C	P
0	0.21183	0.01125	0.01155	0.00951	0.01303	0.01203	0.00772	0.23972	0.01764	0.14344	0.01599	0.01664	0.01161	0.00681	0.00494	0.00171	0.00479	0.00506	0.24673	0.00798
1	0.02114	0.01508	0.01736	0.12049	0.02135	0.01671	0.01180	0.51637	0.07106	0.10399	0.01547	0.01578	0.01090	0.00713	0.00603	0.00185	0.00655	0.00556	0.00569	0.00969
2	0.01088	0.00675	0.00831	0.00794	0.00961	0.00622	0.00578	0.01321	0.04227	0.12220	0.24451	0.19553	0.17585	0.11134	0.01000	0.00253	0.00379	0.01141	0.00593	0.00593
3	0.01025	0.00606	0.00810	0.00860	0.00969	0.00554	0.00605	0.01170	0.01302	0.12065	0.12202	0.58370	0.03842	0.01642	0.00738	0.00229	0.00364	0.01476	0.00598	0.00574
4	0.04277	0.01433	0.16211	0.03551	0.06457	0.01088	0.01182	0.02253	0.14100	0.25124	0.06408	0.11633	0.01887	0.00872	0.00618	0.00198	0.00567	0.00739	0.00540	0.00863
5	0.20504	0.01181	0.04798	0.19434	0.06781	0.01228	0.03058	0.05171	0.10159	0.04405	0.06207	0.11401	0.01645	0.00821	0.00578	0.00199	0.00582	0.00690	0.00429	0.00730
6	0.33440	0.06174	0.04978	0.04607	0.01493	0.01217	0.00876	0.05485	0.03213	0.19353	0.01639	0.12238	0.01384	0.00803	0.00521	0.00192	0.00519	0.00621	0.00484	0.00762

[dist]
# distance from previous block
# <min> <max>
0	3

[block]
# block no. 2 follows, 38 sequences, length 7
# corresponding to MSA columns:
# 318-324
name=unknown_C
#
# <colnr> <probs for GDERKNQSTAVLIFYWHMCP>
#	G	D	E	R	K	N	Q	S	T	A	V	L	I	F	Y	W	H	M	C	P
0	0.01437	0.01085	0.01565	0.38211	0.02734	0.01265	0.01278	0.12645	0.01482	0.09630	0.01580	0.11985	0.01365	0.00848	0.00726	0.00204	0.06771	0.00702	0.03757	0.00731
1	0.01185	0.00766	0.01008	0.05816	0.01217	0.00820	0.00719	0.10761	0.05275	0.01675	0.01611	0.14064	0.01586	0.01798	0.06039	0.40316	0.00585	0.00733	0.03533	0.00493
2	0.00914	0.00641	0.00788	0.00872	0.00979	0.00640	0.00645	0.01243	0.08715	0.01799	0.03093	0.43221	0.05966	0.01533	0.00705	0.00228	0.00385	0.13483	0.13591	0.00560
3	0.01019	0.00737	0.00913	0.00933	0.01065	0.00737	0.00685	0.12450	0.01527	0.02059	0.14646	0.48509	0.03743	0.01575	0.00737	0.00228	0.00404	0.06859	0.00582	0.00592
4	0.02495	0.01119	0.01740	0.01304	0.01792	0.00986	0.12380	0.02771	0.01674	0.63778	0.02189	0.01980	0.01397	0.00707	0.00622	0.00189	0.00592	0.00622	0.00674	0.00990
5	0.01209	0.00768	0.00983	0.00915	0.01090	0.00775	0.00713	0.01552	0.07162	0.11962	0.32280	0.04000	0.03599	0.10818	0.01058	0.00255	0.04746	0.11606	0.03874	0.00637
6	0.01488	0.00999	0.01218	0.00909	0.01377	0.00787	0.00728	0.01751	0.01405	0.16933	0.11267	0.01847	0.01657	0.00612	0.00513	0.00122	0.00437	0.00505	0.00476	0.54968

[dist]
# distance from previous block
# <min> <max>
8	28

[block]
# block no. 3 follows, 38 sequences, length 14
# corresponding to MSA columns:
# 354-367
name=unknown_D
#
# <colnr> <probs for GDERKNQSTAVLIFYWHMCP>
#	G	D	E	R	K	N	Q	S	T	A	V	L	I	F	Y	W	H	M	C	P
0	0.01211	0.00736	0.00912	0.00894	0.01069	0.00710	0.00650	0.01564	0.11067	0.15223	0.08891	0.37366	0.09193	0.06536	0.00859	0.00243	0.00402	0.01228	0.00595	0.00648
1	0.01588	0.13355	0.37320	0.01624	0.02320	0.01605	0.11244	0.14954	0.01598	0.07046	0.01215	0.01357	0.00879	0.00594	0.00571	0.00181	0.00804	0.00491	0.00357	0.00895
2	0.00917	0.00687	0.00902	0.00950	0.01116	0.00623	0.00743	0.01117	0.01258	0.01714	0.02856	0.37100	0.03219	0.01537	0.00733	0.00228	0.00445	0.27849	0.00520	0.15487
3	0.01433	0.01303	0.01339	0.00998	0.01505	0.08649	0.00793	0.07339	0.01421	0.02057	0.01085	0.01247	0.00890	0.00486	0.00468	0.00103	0.00528	0.00374	0.00371	0.67609
4	0.10043	0.01737	0.15057	0.01311	0.01796	0.01543	0.01212	0.43217	0.02137	0.03034	0.01567	0.11690	0.01334	0.00834	0.00595	0.00191	0.00642	0.00659	0.00509	0.00889
5	0.01409	0.01291	0.02091	0.02948	0.55706	0.01242	0.01533	0.01701	0.01301	0.01891	0.01113	0.01472	0.00949	0.00644	0.00709	0.06756	0.00650	0.00502	0.00306	0.15786
6	0.01421	0.01276	0.01551	0.01800	0.18916	0.04973	0.01178	0.02430	0.38081	0.02185	0.02217	0.02960	0.01916	0.00917	0.00651	0.00211	0.00579	0.15371	0.00511	0.00856
7	0.01679	0.01351	0.01736	0.01597	0.11530	0.01385	0.06810	0.35307	0.02028	0.02747	0.02006	0.09567	0.08862	0.00847	0.00620	0.00181	0.00605	0.00725	0.00501	0.09915
8	0.11856	0.00672	0.00795	0.00776	0.00929	0.00658	0.00577	0.01166	0.01511	0.02291	0.51832	0.17522	0.04693	0.01259	0.00675	0.00199	0.00320	0.01099	0.00604	0.00564
9	0.01313	0.00745	0.00765	0.00696	0.00892	0.00775	0.00539	0.13184	0.01519	0.02497	0.01877	0.02112	0.01457	0.00704	0.00450	0.00147	0.00343	0.00558	0.68789	0.00637
10	0.01510	0.01095	0.01224	0.01096	0.01372	0.01186	0.00843	0.21227	0.23301	0.06484	0.02417	0.26145	0.02258	0.01118	0.00646	0.00206	0.00476	0.00957	0.05635	0.00804
11	0.00828	0.00548	0.00701	0.00815	0.00880	0.00523	0.00575	0.00983	0.01196	0.01692	0.03055	0.57200	0.03481	0.01646	0.00711	0.00229	0.00358	0.08616	0.15457	0.00508
12	0.01253	0.01137	0.01832	0.12627	0.40963	0.01171	0.01416	0.01650	0.04954	0.02004	0.17346	0.07280	0.02203	0.00798	0.00633	0.00189	0.00597	0.00740	0.00406	0.00800
13	0.01412	0.01099	0.01622	0.01209	0.01688	0.00907	0.13895	0.01699	0.01331	0.11764	0.01540	0.10657	0.01344	0.00669	0.00554	0.00141	0.00547	0.00616	0.00423	0.46883

[dist]
# distance from previous block
# <min> <max>
0	2

[block]
# block no. 4 follows, 38 sequences, length 13
# corresponding to MSA columns:
# 370-382
name=unknown_E
#
# <colnr> <probs for GDERKNQSTAVLIFYWHMCP>
#	G	D	E	R	K	N	Q	S	T	A	V	L	I	F	Y	W	H	M	C	P
0	0.09935	0.39631	0.02125	0.02995	0.01463	0.01729	0.03364	0.01915	0.11609	0.01891	0.01310	0.01442	0.01070	0.00601	0.00441	0.00152	0.00546	0.00440	0.16600	0.00742
1	0.02267	0.01133	0.01309	0.01052	0.01442	0.05670	0.00850	0.09879	0.04747	0.46568	0.05525	0.02076	0.01614	0.00754	0.00580	0.00178	0.00518	0.00604	0.12322	0.00913
2	0.17661	0.01399	0.01867	0.07926	0.32473	0.09090	0.05809	0.01760	0.01269	0.01944	0.01121	0.01487	0.00939	0.01120	0.11386	0.00293	0.00857	0.00505	0.00315	0.00777
3	0.01011	0.00685	0.00889	0.00845	0.01018	0.00594	0.00600	0.01067	0.01098	0.03679	0.02089	0.35389	0.02307	0.01517	0.01090	0.21680	0.00425	0.01003	0.00432	0.22584
4	0.55038	0.00950	0.00801	0.00767	0.01040	0.01066	0.00600	0.01531	0.01083	0.02403	0.01491	0.16552	0.01440	0.00842	0.00458	0.00191	0.00416	0.00634	0.12091	0.00606
5	0.00947	0.00693	0.00984	0.01175	0.04633	0.00686	0.00929	0.01193	0.01338	0.01755	0.03115	0.20778	0.03447	0.01653	0.00807	0.00266	0.00521	0.53976	0.00543	0.00560
6	0.01204	0.00792	0.00923	0.00771	0.01077	0.00670	0.00594	0.01458	0.01316	0.06652	0.08799	0.09953	0.01932	0.00776	0.00506	0.00138	0.00368	0.00653	0.28374	0.33046
7	0.01296	0.00747	0.01031	0.01050	0.01254	0.00713	0.00895	0.01565	0.01497	0.16533	0.13246	0.05517	0.03386	0.01418	0.00769	0.00246	0.00507	0.47072	0.00607	0.00649
8	0.17530	0.00797	0.00754	0.00692	0.00913	0.00853	0.00541	0.08905	0.01377	0.02494	0.01685	0.01909	0.01311	0.00675	0.00430	0.00153	0.00357	0.00512	0.57486	0.00627
9	0.00887	0.00589	0.00756	0.00856	0.00953	0.00570	0.00655	0.01089	0.01275	0.01797	0.06031	0.36026	0.05463	0.01543	0.00714	0.00230	0.00395	0.22863	0.16780	0.00527
10	0.05230	0.01631	0.10462	0.09791	0.21553	0.01571	0.11427	0.15928	0.01559	0.02232	0.01131	0.01438	0.00888	0.00654	0.00797	0.00198	0.11762	0.00540	0.00350	0.00856
11	0.00860	0.00649	0.00835	0.00876	0.01021	0.00572	0.00632	0.01015	0.01195	0.01647	0.02856	0.55697	0.03312	0.01576	0.00710	0.00217	0.00389	0.08628	0.00518	0.16795
12	0.01034	0.00571	0.00865	0.00829	0.00851	0.00567	0.03111	0.00838	0.00820	0.01094	0.01173	0.02122	0.01203	0.12993	0.02393	0.67834	0.00549	0.00580	0.00278	0.00296

[dist]
# distance from previous block
# <min> <max>
8	250

# created by:
# /software/SequenceAnalysis/GenePrediction/augustus/3.0.1/scripts/msa2prfl.pl ./fixed/BUSCOvEOG7FN5Z5.fas
