[name]
unknown

[dist]
# distance from previous block
# <min> <max>
7	233

[block]
# block no. 0 follows, 39 sequences, length 18
# corresponding to MSA columns:
# 245-262
name=unknown_A
#
# <colnr> <probs for GDERKNQSTAVLIFYWHMCP>
#	G	D	E	R	K	N	Q	S	T	A	V	L	I	F	Y	W	H	M	C	P
0	0.01538	0.01566	0.02264	0.08270	0.61160	0.11258	0.01716	0.01866	0.01379	0.01841	0.01082	0.01419	0.00904	0.00542	0.00579	0.00174	0.00756	0.00508	0.00292	0.00885
1	0.00956	0.00792	0.01203	0.01096	0.01199	0.00932	0.05550	0.01136	0.00957	0.01376	0.01477	0.02377	0.01444	0.16534	0.47105	0.00725	0.13633	0.00658	0.00314	0.00536
2	0.01396	0.01595	0.03490	0.02493	0.03091	0.01496	0.73380	0.01894	0.01396	0.01894	0.01196	0.01595	0.00897	0.00499	0.00698	0.00199	0.00997	0.00698	0.00299	0.00798
3	0.00845	0.00634	0.00950	0.00950	0.01056	0.00739	0.00739	0.01056	0.00950	0.01373	0.01584	0.02323	0.01478	0.04435	0.76873	0.00950	0.01584	0.00634	0.00317	0.00528
4	0.00860	0.00573	0.00645	0.00645	0.00645	0.00573	0.00358	0.00860	0.00860	0.01147	0.01863	0.03870	0.02150	0.79217	0.03010	0.00573	0.00573	0.00860	0.00358	0.00358
5	0.01581	0.79572	0.03099	0.01012	0.01518	0.02340	0.01012	0.01771	0.01202	0.01391	0.00822	0.00949	0.00759	0.00506	0.00379	0.00126	0.00632	0.00316	0.00253	0.00759
6	0.02248	0.01656	0.01775	0.01361	0.01834	0.01834	0.01124	0.73556	0.02780	0.03727	0.01420	0.01420	0.01006	0.00710	0.00592	0.00177	0.00651	0.00532	0.00592	0.01006
7	0.01293	0.01171	0.01842	0.55904	0.14020	0.01385	0.01582	0.08558	0.05061	0.01833	0.01164	0.01577	0.00882	0.00604	0.00591	0.00192	0.00747	0.00534	0.00316	0.00745
8	0.83394	0.01144	0.00869	0.00778	0.01144	0.01327	0.00640	0.01738	0.01006	0.02653	0.00823	0.00961	0.00640	0.00549	0.00366	0.00183	0.00457	0.00320	0.00366	0.00640
9	0.00987	0.00720	0.00978	0.01097	0.01246	0.00733	0.00952	0.01352	0.06206	0.01816	0.03083	0.06375	0.03298	0.01579	0.00803	0.00268	0.00539	0.66850	0.00548	0.00570
10	0.00860	0.00573	0.00645	0.00645	0.00645	0.00573	0.00358	0.00860	0.00860	0.01147	0.01863	0.03870	0.02150	0.79217	0.03010	0.00573	0.00573	0.00860	0.00358	0.00358
11	0.00699	0.00599	0.00599	0.00599	0.00799	0.00499	0.00449	0.00849	0.01348	0.01598	0.05991	0.05691	0.75288	0.01498	0.00699	0.00200	0.00300	0.01248	0.00549	0.00499
12	0.02248	0.01656	0.01775	0.01361	0.01834	0.01834	0.01124	0.73556	0.02780	0.03727	0.01420	0.01420	0.01006	0.00710	0.00592	0.00177	0.00651	0.00532	0.00592	0.01006
13	0.00748	0.00575	0.00689	0.00762	0.00870	0.00526	0.00539	0.00926	0.03397	0.01617	0.07596	0.46023	0.28188	0.01664	0.00730	0.00224	0.00335	0.03532	0.00555	0.00506
14	0.00957	0.00631	0.00829	0.00764	0.00925	0.00579	0.00579	0.01232	0.01675	0.07220	0.70412	0.04259	0.05309	0.01178	0.00691	0.00186	0.00294	0.01038	0.00656	0.00588
15	0.00857	0.00584	0.00698	0.00698	0.00716	0.00602	0.00424	0.00894	0.00876	0.01186	0.01815	0.03603	0.02034	0.66314	0.15754	0.00638	0.00748	0.00821	0.00351	0.00388
16	0.02248	0.01656	0.01775	0.01361	0.01834	0.01834	0.01124	0.73556	0.02780	0.03727	0.01420	0.01420	0.01006	0.00710	0.00592	0.00177	0.00651	0.00532	0.00592	0.01006
17	0.06111	0.00968	0.01219	0.00981	0.01376	0.00887	0.00797	0.02512	0.08471	0.52681	0.05796	0.02562	0.11276	0.00850	0.00602	0.00187	0.00462	0.00694	0.00675	0.00897

[dist]
# distance from previous block
# <min> <max>
0	1

[block]
# block no. 1 follows, 39 sequences, length 9
# corresponding to MSA columns:
# 264-272
name=unknown_B
#
# <colnr> <probs for GDERKNQSTAVLIFYWHMCP>
#	G	D	E	R	K	N	Q	S	T	A	V	L	I	F	Y	W	H	M	C	P
0	0.00732	0.00524	0.00697	0.00816	0.00860	0.00488	0.00550	0.00853	0.01186	0.01596	0.10446	0.71399	0.04078	0.01788	0.00749	0.00235	0.00337	0.01620	0.00559	0.00488
1	0.00721	0.00515	0.00686	0.00823	0.00858	0.00480	0.00549	0.00823	0.01132	0.01510	0.03259	0.78831	0.03911	0.01853	0.00755	0.00240	0.00343	0.01681	0.00549	0.00480
2	0.00784	0.00542	0.00690	0.00766	0.00819	0.00513	0.00513	0.00911	0.01189	0.01641	0.15570	0.49563	0.03790	0.14089	0.01088	0.00279	0.00365	0.01380	0.05031	0.00478
3	0.02209	0.02819	0.01676	0.01524	0.01828	0.76843	0.01143	0.02361	0.01676	0.01447	0.00914	0.01066	0.00762	0.00609	0.00533	0.00152	0.01066	0.00381	0.00305	0.00686
4	0.02386	0.01066	0.01364	0.01086	0.01516	0.01005	0.00884	0.02941	0.18121	0.59351	0.02350	0.02057	0.01541	0.00748	0.00596	0.00187	0.00495	0.00611	0.00703	0.00991
5	0.00853	0.00627	0.00824	0.00915	0.01043	0.00598	0.00745	0.01074	0.01356	0.01768	0.12638	0.19678	0.15679	0.01599	0.00771	0.00243	0.00433	0.38069	0.00559	0.00527
6	0.00822	0.00618	0.00690	0.00680	0.00869	0.00535	0.00518	0.01004	0.01417	0.04887	0.18831	0.08353	0.52214	0.01432	0.00703	0.00202	0.00319	0.04800	0.00576	0.00533
7	0.00700	0.00593	0.00605	0.00615	0.00803	0.00498	0.00456	0.00847	0.01333	0.01591	0.05799	0.10836	0.70267	0.01523	0.00703	0.00203	0.00303	0.01279	0.00549	0.00498
8	0.00837	0.00604	0.00790	0.00744	0.00883	0.00558	0.00558	0.01116	0.01674	0.02371	0.75216	0.04417	0.05580	0.01209	0.00697	0.00186	0.00279	0.01069	0.00651	0.00558

[dist]
# distance from previous block
# <min> <max>
0	55

# created by:
# /software/SequenceAnalysis/GenePrediction/augustus/3.0.1/scripts/msa2prfl.pl ./fixed/BUSCOvEOG7WQ2HV.fas
