[name]
unknown

[dist]
# distance from previous block
# <min> <max>
21	379

[block]
# block no. 0 follows, 41 sequences, length 17
# corresponding to MSA columns:
# 425-441
name=unknown_A
#
# <colnr> <probs for GDERKNQSTAVLIFYWHMCP>
#	G	D	E	R	K	N	Q	S	T	A	V	L	I	F	Y	W	H	M	C	P
0	0.01279	0.01184	0.02175	0.01657	0.02038	0.01159	0.35598	0.01709	0.06685	0.07089	0.09164	0.12293	0.01811	0.00804	0.00751	0.00193	0.07106	0.00794	0.00407	0.06104
1	0.01027	0.00785	0.01044	0.01208	0.11064	0.00785	0.00759	0.11261	0.01399	0.01905	0.12922	0.41223	0.03097	0.07731	0.00856	0.00234	0.00429	0.01172	0.00503	0.00596
2	0.25998	0.20795	0.07864	0.01034	0.01494	0.07718	0.00946	0.11422	0.01367	0.04309	0.00971	0.01081	0.00766	0.00538	0.00431	0.00148	0.00589	0.00362	0.00350	0.11817
3	0.17251	0.01760	0.01526	0.01416	0.07680	0.22750	0.01038	0.26477	0.10467	0.02513	0.01217	0.01288	0.00926	0.00627	0.00516	0.00168	0.00690	0.00451	0.00432	0.00807
4	0.06939	0.00610	0.00700	0.00698	0.00767	0.00605	0.00448	0.01019	0.01006	0.05737	0.08129	0.18683	0.02550	0.47430	0.01970	0.00410	0.00474	0.00955	0.00428	0.00442
5	0.11789	0.01039	0.01256	0.17609	0.01862	0.01046	0.00901	0.07843	0.06717	0.02110	0.10596	0.01701	0.01451	0.00612	0.00503	0.00147	0.00499	0.00497	0.00397	0.31423
6	0.01241	0.14520	0.55672	0.01783	0.12217	0.01475	0.01892	0.01789	0.01213	0.01748	0.00998	0.01191	0.00750	0.00531	0.00520	0.00171	0.00788	0.00417	0.00248	0.00837
7	0.01300	0.01383	0.02709	0.01935	0.02492	0.01238	0.51877	0.01713	0.01300	0.01842	0.01114	0.01434	0.00862	0.00464	0.00599	0.00160	0.00800	0.00573	0.00304	0.25899
8	0.01054	0.00826	0.01002	0.00896	0.01173	0.00725	0.00691	0.07464	0.01299	0.01844	0.02111	0.31018	0.02277	0.01110	0.00599	0.00171	0.00421	0.10498	0.00456	0.34364
9	0.00922	0.00543	0.00611	0.00627	0.00701	0.00547	0.00423	0.01074	0.01040	0.01641	0.01973	0.12068	0.01951	0.27769	0.07569	0.00351	0.00474	0.00773	0.38483	0.00460
10	0.01432	0.60517	0.21868	0.01145	0.01725	0.02025	0.01268	0.01738	0.01174	0.01465	0.00854	0.00992	0.00732	0.00503	0.00412	0.00137	0.00671	0.00336	0.00244	0.00762
11	0.00881	0.00637	0.00806	0.00802	0.00924	0.00616	0.00583	0.07292	0.01498	0.02067	0.39843	0.34736	0.04357	0.01382	0.00688	0.00201	0.00326	0.01231	0.00584	0.00546
12	0.01036	0.00698	0.00951	0.26044	0.01761	0.00775	0.00807	0.01341	0.01238	0.01935	0.11525	0.02221	0.01763	0.00703	0.00493	0.00158	0.00429	0.00592	0.44964	0.00567
13	0.01463	0.01391	0.02346	0.03524	0.75774	0.01383	0.01768	0.01787	0.01332	0.01912	0.01125	0.01482	0.00952	0.00543	0.00587	0.00179	0.00695	0.00525	0.00300	0.00929
14	0.01277	0.01218	0.02071	0.34496	0.46428	0.01323	0.01686	0.01634	0.01237	0.01700	0.01051	0.01461	0.00847	0.00535	0.00569	0.00178	0.00714	0.00509	0.00271	0.00794
15	0.01698	0.01315	0.01413	0.01123	0.01529	0.01394	0.00909	0.41347	0.15301	0.02863	0.02086	0.02036	0.11159	0.00767	0.00567	0.00166	0.00523	0.00606	0.00535	0.12665
16	0.22119	0.01541	0.01413	0.01159	0.01554	0.11700	0.00936	0.33558	0.09751	0.08876	0.01340	0.01346	0.00973	0.00647	0.00513	0.00173	0.00607	0.00464	0.00494	0.00838

[dist]
# distance from previous block
# <min> <max>
10	15

[block]
# block no. 1 follows, 41 sequences, length 37
# corresponding to MSA columns:
# 458-494
name=unknown_B
#
# <colnr> <probs for GDERKNQSTAVLIFYWHMCP>
#	G	D	E	R	K	N	Q	S	T	A	V	L	I	F	Y	W	H	M	C	P
0	0.01091	0.01031	0.01718	0.73835	0.03791	0.01300	0.01568	0.01456	0.01127	0.01456	0.01000	0.01508	0.00762	0.00598	0.00651	0.00194	0.05516	0.00508	0.00254	0.00635
1	0.00832	0.00555	0.00624	0.00624	0.00624	0.00555	0.00347	0.00832	0.00832	0.01109	0.01802	0.03743	0.02080	0.79898	0.02911	0.00555	0.00555	0.00832	0.00347	0.00347
2	0.83938	0.01106	0.00841	0.00752	0.01106	0.01283	0.00619	0.01681	0.00973	0.02566	0.00796	0.00929	0.00619	0.00531	0.00354	0.00177	0.00442	0.00310	0.00354	0.00619
3	0.01120	0.01072	0.01858	0.68714	0.08877	0.01288	0.06024	0.01504	0.01167	0.01512	0.01029	0.01519	0.00779	0.00562	0.00578	0.00189	0.00769	0.00519	0.00258	0.00662
4	0.02028	0.01530	0.01634	0.01287	0.01718	0.01706	0.01052	0.60546	0.16804	0.03369	0.01559	0.01521	0.01123	0.00704	0.00574	0.00176	0.00595	0.00541	0.00574	0.00960
5	0.00828	0.00570	0.00702	0.00702	0.00729	0.00597	0.00444	0.00882	0.00855	0.01167	0.01731	0.03349	0.01908	0.59983	0.22592	0.00651	0.00812	0.00774	0.00336	0.00390
6	0.01388	0.01189	0.01268	0.01156	0.01467	0.01370	0.00906	0.02911	0.70192	0.02346	0.02376	0.02432	0.01853	0.00832	0.00596	0.00199	0.00458	0.05603	0.00578	0.00879
7	0.01066	0.00533	0.00533	0.00533	0.00666	0.00533	0.00400	0.01333	0.01200	0.02132	0.01866	0.02132	0.01466	0.00666	0.00400	0.00133	0.00267	0.00533	0.83073	0.00533
8	0.01529	0.80242	0.02997	0.00979	0.01468	0.02263	0.00979	0.01713	0.01162	0.01346	0.00795	0.00918	0.00734	0.00489	0.00367	0.00122	0.00612	0.00306	0.00245	0.00734
9	0.06720	0.16939	0.01909	0.01229	0.01676	0.07073	0.01041	0.51153	0.02221	0.02954	0.01194	0.01236	0.00890	0.00633	0.00516	0.00161	0.00643	0.00452	0.00477	0.00885
10	0.01066	0.00533	0.00533	0.00533	0.00666	0.00533	0.00400	0.01333	0.01200	0.02132	0.01866	0.02132	0.01466	0.00666	0.00400	0.00133	0.00267	0.00533	0.83073	0.00533
11	0.83938	0.01106	0.00841	0.00752	0.01106	0.01283	0.00619	0.01681	0.00973	0.02566	0.00796	0.00929	0.00619	0.00531	0.00354	0.00177	0.00442	0.00310	0.00354	0.00619
12	0.00832	0.00555	0.00624	0.00624	0.00624	0.00555	0.00347	0.00832	0.00832	0.01109	0.01802	0.03743	0.02080	0.79898	0.02911	0.00555	0.00555	0.00832	0.00347	0.00347
13	0.51551	0.00993	0.00896	0.00793	0.01090	0.01102	0.00637	0.07977	0.01321	0.02576	0.23569	0.01979	0.02094	0.00738	0.00470	0.00177	0.00407	0.00547	0.00457	0.00627
14	0.00832	0.00555	0.00624	0.00624	0.00624	0.00555	0.00347	0.00832	0.00832	0.01109	0.01802	0.03743	0.02080	0.79898	0.02911	0.00555	0.00555	0.00832	0.00347	0.00347
15	0.02174	0.01602	0.01717	0.01316	0.01774	0.01774	0.01087	0.74423	0.02689	0.03605	0.01373	0.01373	0.00973	0.00687	0.00572	0.00172	0.00629	0.00515	0.00572	0.00973
16	0.01066	0.00533	0.00533	0.00533	0.00666	0.00533	0.00400	0.01333	0.01200	0.02132	0.01866	0.02132	0.01466	0.00666	0.00400	0.00133	0.00267	0.00533	0.83073	0.00533
17	0.01147	0.02959	0.76934	0.01630	0.02476	0.01328	0.02113	0.01811	0.01208	0.01811	0.01026	0.01208	0.00725	0.00543	0.00543	0.00181	0.00845	0.00423	0.00242	0.00845
18	0.01360	0.01303	0.02222	0.15872	0.64401	0.01345	0.01728	0.01707	0.01276	0.01802	0.01066	0.01434	0.00882	0.00520	0.00567	0.00173	0.00693	0.00509	0.00278	0.00861
19	0.00697	0.00498	0.00664	0.00796	0.00830	0.00465	0.00531	0.00796	0.01095	0.01460	0.03153	0.79525	0.03783	0.01792	0.00730	0.00232	0.00332	0.01626	0.00531	0.00465
20	0.00697	0.00498	0.00664	0.00796	0.00830	0.00465	0.00531	0.00796	0.01095	0.01460	0.03153	0.79525	0.03783	0.01792	0.00730	0.00232	0.00332	0.01626	0.00531	0.00465
21	0.06380	0.59939	0.02396	0.00887	0.01311	0.01858	0.00851	0.01537	0.01178	0.01459	0.01767	0.01810	0.15377	0.00678	0.00426	0.00139	0.00539	0.00481	0.00307	0.00678
22	0.01147	0.02959	0.76934	0.01630	0.02476	0.01328	0.02113	0.01811	0.01208	0.01811	0.01026	0.01208	0.00725	0.00543	0.00543	0.00181	0.00845	0.00423	0.00242	0.00845
23	0.01247	0.01237	0.01718	0.01462	0.01493	0.01692	0.01216	0.01380	0.00895	0.01406	0.00767	0.01247	0.00757	0.00966	0.01789	0.00240	0.74077	0.00491	0.00256	0.05664
24	0.00830	0.00654	0.00807	0.00755	0.00903	0.00643	0.00576	0.01111	0.04334	0.02046	0.50320	0.04292	0.22720	0.01213	0.00754	0.00189	0.05704	0.01026	0.00577	0.00545
25	0.00738	0.00540	0.00700	0.00817	0.00867	0.00519	0.00552	0.00925	0.05336	0.01513	0.03105	0.75101	0.03667	0.01734	0.00722	0.00230	0.00339	0.01570	0.00534	0.00490
26	0.01490	0.01262	0.01331	0.01178	0.01513	0.01454	0.00922	0.09396	0.68831	0.02501	0.02243	0.02066	0.01677	0.00768	0.00581	0.00192	0.00468	0.00635	0.00581	0.00911
27	0.01066	0.00533	0.00533	0.00533	0.00666	0.00533	0.00400	0.01333	0.01200	0.02132	0.01866	0.02132	0.01466	0.00666	0.00400	0.00133	0.00267	0.00533	0.83073	0.00533
28	0.01423	0.01229	0.01293	0.01164	0.01487	0.01423	0.00905	0.03039	0.75297	0.02393	0.02328	0.02134	0.01746	0.00776	0.00582	0.00194	0.00453	0.00647	0.00582	0.00905
29	0.02137	0.02726	0.01621	0.01474	0.01768	0.77602	0.01105	0.02284	0.01621	0.01400	0.00884	0.01031	0.00737	0.00589	0.00516	0.00147	0.01031	0.00368	0.00295	0.00663
30	0.01080	0.01017	0.01716	0.78523	0.03940	0.01271	0.01589	0.01461	0.01144	0.01461	0.01017	0.01525	0.00762	0.00572	0.00572	0.00191	0.00762	0.00508	0.00254	0.00635
31	0.01283	0.01272	0.01863	0.01892	0.16048	0.01676	0.01349	0.01450	0.00959	0.01472	0.00814	0.01283	0.00781	0.00906	0.01622	0.00235	0.63655	0.00502	0.00257	0.00680
32	0.01923	0.01245	0.01423	0.01141	0.01526	0.01293	0.00925	0.42126	0.02101	0.17320	0.01838	0.12821	0.01541	0.00865	0.00593	0.00179	0.00541	0.03453	0.00575	0.06570
33	0.01221	0.00893	0.01147	0.01131	0.01249	0.00917	0.00820	0.01278	0.01158	0.01664	0.01926	0.02951	0.01860	0.16347	0.61213	0.00886	0.01443	0.00762	0.00444	0.00689
34	0.01331	0.01486	0.03092	0.02237	0.02747	0.01451	0.62630	0.01763	0.01288	0.01781	0.01104	0.01494	0.00854	0.00539	0.00802	0.00195	0.09864	0.00640	0.00287	0.04415
35	0.01979	0.02374	0.01640	0.01433	0.01766	0.58817	0.04055	0.06001	0.07514	0.01645	0.01046	0.01170	0.00843	0.00593	0.00524	0.00150	0.00917	0.00409	0.00335	0.06790
36	0.01366	0.01084	0.01239	0.01126	0.04267	0.01123	0.00839	0.02366	0.42263	0.07343	0.06266	0.07354	0.01849	0.00779	0.00563	0.00171	0.00439	0.00661	0.00527	0.18376

[dist]
# distance from previous block
# <min> <max>
3	15

[block]
# block no. 2 follows, 41 sequences, length 11
# corresponding to MSA columns:
# 510-520
name=unknown_C
#
# <colnr> <probs for GDERKNQSTAVLIFYWHMCP>
#	G	D	E	R	K	N	Q	S	T	A	V	L	I	F	Y	W	H	M	C	P
0	0.20515	0.01335	0.01433	0.01281	0.07459	0.05427	0.00958	0.24687	0.05270	0.23870	0.01491	0.01458	0.01038	0.00643	0.00521	0.00174	0.00564	0.00484	0.00524	0.00869
1	0.04977	0.02144	0.21016	0.01366	0.01861	0.23914	0.01290	0.15786	0.06359	0.13869	0.01317	0.01351	0.00944	0.00624	0.00541	0.00169	0.00764	0.00458	0.00418	0.00831
2	0.16979	0.01290	0.17731	0.00933	0.01328	0.00922	0.00916	0.01500	0.06220	0.05334	0.11406	0.02956	0.25012	0.00916	0.00563	0.00181	0.00466	0.00737	0.00447	0.04163
3	0.01476	0.15432	0.02191	0.02439	0.43250	0.01522	0.01399	0.10169	0.06427	0.01968	0.01181	0.01437	0.00982	0.00846	0.06670	0.00223	0.00714	0.00491	0.00332	0.00851
4	0.02055	0.01501	0.01460	0.01331	0.06616	0.19272	0.00982	0.08277	0.16291	0.30273	0.01932	0.01824	0.04159	0.00707	0.00566	0.00173	0.00626	0.00556	0.00538	0.00863
5	0.01343	0.30668	0.39993	0.05917	0.03930	0.01688	0.01609	0.05646	0.01269	0.01720	0.00962	0.01135	0.00748	0.00532	0.00483	0.00160	0.00740	0.00392	0.00262	0.00801
6	0.01440	0.01257	0.01372	0.01144	0.01385	0.12332	0.09206	0.20454	0.01538	0.01981	0.01587	0.08153	0.01543	0.27257	0.01360	0.00301	0.00656	0.00704	0.05701	0.00627
7	0.45900	0.03397	0.01184	0.00963	0.01326	0.08796	0.00784	0.19459	0.01506	0.04571	0.03336	0.01225	0.00921	0.00603	0.00441	0.00170	0.00539	0.00404	0.03760	0.00716
8	0.01371	0.09565	0.42089	0.02020	0.21397	0.01475	0.01797	0.10174	0.01399	0.01990	0.01058	0.01254	0.00801	0.00546	0.00536	0.00172	0.00756	0.00445	0.00291	0.00865
9	0.11618	0.01169	0.01725	0.02214	0.38798	0.01134	0.01257	0.01888	0.01318	0.17287	0.01391	0.01733	0.01108	0.00606	0.00539	0.00168	0.00573	0.04686	0.00399	0.10390
10	0.05576	0.30830	0.37618	0.01332	0.01960	0.10474	0.01511	0.01824	0.01227	0.01633	0.00915	0.01068	0.00724	0.00529	0.00467	0.00156	0.00762	0.00368	0.00254	0.00773

[dist]
# distance from previous block
# <min> <max>
0	2

[block]
# block no. 3 follows, 41 sequences, length 6
# corresponding to MSA columns:
# 523-528
name=unknown_D
#
# <colnr> <probs for GDERKNQSTAVLIFYWHMCP>
#	G	D	E	R	K	N	Q	S	T	A	V	L	I	F	Y	W	H	M	C	P
0	0.01782	0.01338	0.01470	0.01155	0.01564	0.01400	0.00932	0.50341	0.02183	0.02977	0.01552	0.12151	0.01338	0.00790	0.00566	0.00163	0.00549	0.00635	0.00522	0.16594
1	0.01518	0.01186	0.01833	0.02465	0.44098	0.01195	0.01383	0.02014	0.12003	0.12984	0.01701	0.02294	0.01432	0.00725	0.00601	0.00187	0.00597	0.10497	0.00423	0.00863
2	0.01674	0.01189	0.01572	0.01280	0.01658	0.01227	0.10222	0.19637	0.18396	0.15363	0.02166	0.02645	0.05018	0.00851	0.00622	0.00193	0.00569	0.11861	0.00546	0.03312
3	0.01246	0.01327	0.16516	0.01016	0.01337	0.01034	0.00927	0.20579	0.01462	0.02001	0.01898	0.02651	0.08416	0.29786	0.04049	0.00340	0.00632	0.00681	0.03462	0.00640
4	0.11842	0.01468	0.01544	0.01189	0.01641	0.01587	0.00979	0.56447	0.02293	0.03259	0.01259	0.01296	0.00914	0.00635	0.00527	0.00161	0.00581	0.00468	0.00516	0.11392
5	0.04808	0.01025	0.01219	0.01028	0.01356	0.01037	0.00813	0.15666	0.13697	0.29765	0.06416	0.16708	0.02034	0.00941	0.00603	0.00189	0.00464	0.00792	0.00611	0.00828

[dist]
# distance from previous block
# <min> <max>
0	2

[block]
# block no. 4 follows, 41 sequences, length 6
# corresponding to MSA columns:
# 531-536
name=unknown_E
#
# <colnr> <probs for GDERKNQSTAVLIFYWHMCP>
#	G	D	E	R	K	N	Q	S	T	A	V	L	I	F	Y	W	H	M	C	P
0	0.01302	0.01653	0.12207	0.02105	0.02584	0.01502	0.48473	0.01725	0.01223	0.01725	0.01048	0.01434	0.00823	0.00609	0.00934	0.00205	0.18823	0.00603	0.00274	0.00747
1	0.04432	0.01309	0.10917	0.26595	0.09212	0.01235	0.01314	0.01955	0.21523	0.03675	0.01669	0.04931	0.03070	0.00718	0.00574	0.00189	0.00617	0.02925	0.00388	0.02750
2	0.01372	0.36669	0.09608	0.01042	0.01453	0.01604	0.00990	0.10735	0.06889	0.01920	0.13718	0.08412	0.01875	0.00766	0.00509	0.00159	0.00545	0.00604	0.00399	0.00732
3	0.01165	0.01123	0.04017	0.20575	0.32107	0.01136	0.01354	0.01597	0.07641	0.01804	0.09046	0.07809	0.06668	0.00772	0.00598	0.00184	0.00593	0.00700	0.00370	0.00742
4	0.00938	0.00569	0.00707	0.00707	0.00814	0.00613	0.00530	0.01154	0.01046	0.01694	0.01717	0.02329	0.01507	0.09492	0.33663	0.00508	0.00834	0.00595	0.40077	0.00506
5	0.01285	0.01226	0.02086	0.32657	0.48202	0.01325	0.01691	0.01641	0.01241	0.01710	0.01053	0.01458	0.00850	0.00534	0.00568	0.00178	0.00712	0.00509	0.00272	0.00801

[dist]
# distance from previous block
# <min> <max>
13	34

[block]
# block no. 5 follows, 41 sequences, length 7
# corresponding to MSA columns:
# 573-579
name=unknown_F
#
# <colnr> <probs for GDERKNQSTAVLIFYWHMCP>
#	G	D	E	R	K	N	Q	S	T	A	V	L	I	F	Y	W	H	M	C	P
0	0.13545	0.01419	0.01300	0.01103	0.01419	0.13502	0.00870	0.32020	0.01916	0.02646	0.13851	0.10390	0.01933	0.00851	0.00566	0.00177	0.00574	0.00672	0.00501	0.00744
1	0.10338	0.01956	0.35577	0.23279	0.14566	0.01312	0.01744	0.01690	0.01179	0.01807	0.01006	0.01299	0.00753	0.00545	0.00534	0.00182	0.00751	0.00448	0.00264	0.00772
2	0.01930	0.01206	0.01310	0.01038	0.01465	0.08665	0.00831	0.02386	0.13781	0.34904	0.01768	0.01664	0.01237	0.00624	0.00526	0.00150	0.00518	0.00497	0.00538	0.24963
3	0.10379	0.01002	0.01209	0.09540	0.01605	0.01024	0.00857	0.05107	0.15343	0.31714	0.02512	0.02376	0.13271	0.00805	0.00569	0.00184	0.00480	0.00652	0.00563	0.00808
4	0.01534	0.04505	0.32429	0.01380	0.01913	0.14093	0.01419	0.17517	0.07332	0.02090	0.01250	0.01534	0.00997	0.08611	0.00782	0.00210	0.00763	0.00489	0.00359	0.00793
5	0.01621	0.01464	0.01663	0.20746	0.14160	0.14061	0.01257	0.09505	0.19732	0.07830	0.01460	0.01593	0.01096	0.00637	0.00564	0.00178	0.00683	0.00525	0.00414	0.00810
6	0.01551	0.01518	0.01916	0.26544	0.29063	0.14105	0.01487	0.13394	0.01528	0.01940	0.01073	0.01379	0.00843	0.00571	0.00561	0.00173	0.00756	0.00487	0.00322	0.00791

[dist]
# distance from previous block
# <min> <max>
0	2

[block]
# block no. 6 follows, 41 sequences, length 14
# corresponding to MSA columns:
# 582-595
name=unknown_G
#
# <colnr> <probs for GDERKNQSTAVLIFYWHMCP>
#	G	D	E	R	K	N	Q	S	T	A	V	L	I	F	Y	W	H	M	C	P
0	0.01147	0.00905	0.00961	0.00841	0.01108	0.00911	0.00660	0.19818	0.09009	0.02240	0.12466	0.03976	0.41416	0.01156	0.00640	0.00186	0.00390	0.00955	0.00558	0.00656
1	0.00732	0.00613	0.00642	0.00629	0.00820	0.00538	0.00473	0.00969	0.05053	0.01695	0.15659	0.05160	0.62270	0.01375	0.00671	0.00191	0.00295	0.01154	0.00548	0.00512
2	0.01416	0.01359	0.02322	0.03511	0.76330	0.01359	0.01755	0.01755	0.01302	0.01869	0.01076	0.01416	0.00906	0.00510	0.00566	0.00170	0.00680	0.00510	0.00283	0.00906
3	0.01008	0.00785	0.00959	0.00984	0.01171	0.00818	0.00812	0.01606	0.20207	0.01961	0.14540	0.04921	0.10139	0.01298	0.00708	0.00226	0.00445	0.36232	0.00557	0.00621
4	0.01147	0.02959	0.76934	0.01630	0.02476	0.01328	0.02113	0.01811	0.01208	0.01811	0.01026	0.01208	0.00725	0.00543	0.00543	0.00181	0.00845	0.00423	0.00242	0.00845
5	0.01269	0.01072	0.01289	0.08571	0.01651	0.00909	0.00807	0.08370	0.01325	0.01989	0.01051	0.01237	0.00851	0.00463	0.00452	0.00103	0.00477	0.00372	0.00353	0.67389
6	0.01260	0.21806	0.52000	0.01542	0.02276	0.01569	0.08481	0.01789	0.01210	0.01699	0.00982	0.01167	0.00740	0.00525	0.00512	0.00168	0.00799	0.00417	0.00247	0.00811
7	0.09077	0.63721	0.11629	0.01036	0.01555	0.02061	0.01081	0.01722	0.01150	0.01514	0.00823	0.00953	0.00722	0.00500	0.00387	0.00134	0.00624	0.00320	0.00254	0.00737
8	0.06411	0.08867	0.01227	0.00906	0.01176	0.05854	0.00737	0.13410	0.01483	0.02018	0.06876	0.02839	0.25612	0.00942	0.00670	0.00173	0.07580	0.00720	0.08291	0.04208
9	0.01396	0.01122	0.01274	0.00996	0.01424	0.01038	0.00800	0.18793	0.08372	0.02290	0.01470	0.06503	0.01282	0.00670	0.00513	0.00135	0.00475	0.04606	0.00439	0.46402
10	0.01333	0.01091	0.08573	0.01095	0.04213	0.00964	0.00866	0.01957	0.23042	0.14225	0.05887	0.09786	0.01997	0.17739	0.04413	0.00299	0.00553	0.00758	0.00493	0.00715
11	0.01571	0.39086	0.02108	0.01005	0.01439	0.01669	0.00899	0.11665	0.08778	0.07310	0.08298	0.01524	0.01371	0.00617	0.00467	0.00141	0.00535	0.00460	0.00403	0.10654
12	0.05519	0.17381	0.55293	0.01556	0.05912	0.01504	0.01804	0.01783	0.01192	0.01765	0.00973	0.01149	0.00730	0.00531	0.00501	0.00169	0.00772	0.00399	0.00250	0.00816
13	0.00729	0.00544	0.00677	0.00771	0.00858	0.00500	0.00555	0.00859	0.01169	0.01504	0.03755	0.47308	0.22066	0.04733	0.00810	0.00239	0.00358	0.11568	0.00523	0.00473

[dist]
# distance from previous block
# <min> <max>
0	4

[block]
# block no. 7 follows, 41 sequences, length 7
# corresponding to MSA columns:
# 600-606
name=unknown_H
#
# <colnr> <probs for GDERKNQSTAVLIFYWHMCP>
#	G	D	E	R	K	N	Q	S	T	A	V	L	I	F	Y	W	H	M	C	P
0	0.01653	0.02432	0.23700	0.01785	0.12157	0.35920	0.01489	0.02047	0.04982	0.01631	0.01013	0.01204	0.00806	0.00603	0.00629	0.00170	0.06306	0.00426	0.00288	0.00759
1	0.00776	0.00618	0.00704	0.00700	0.00875	0.00561	0.00541	0.01035	0.04642	0.01821	0.26003	0.05101	0.43809	0.01352	0.00684	0.00197	0.00318	0.09179	0.00562	0.00523
2	0.00748	0.00582	0.00680	0.00655	0.00817	0.00514	0.00491	0.00961	0.01474	0.01950	0.43774	0.04838	0.37866	0.01298	0.00675	0.00186	0.00279	0.01114	0.00584	0.00514
3	0.01348	0.01318	0.02332	0.16820	0.55086	0.01353	0.09911	0.01711	0.01279	0.01792	0.01074	0.01450	0.00876	0.00518	0.00580	0.00176	0.00727	0.00528	0.00279	0.00842
4	0.00793	0.00584	0.00741	0.00702	0.00844	0.00533	0.00526	0.01047	0.01579	0.02199	0.67142	0.04429	0.14342	0.01205	0.00675	0.00182	0.00272	0.01056	0.00617	0.00533
5	0.31772	0.01255	0.01181	0.01028	0.01382	0.04173	0.00820	0.08973	0.33697	0.07693	0.01623	0.01571	0.01204	0.00667	0.00495	0.00183	0.00489	0.00496	0.00496	0.00803
6	0.08143	0.44113	0.25675	0.01199	0.01774	0.07447	0.01311	0.01783	0.01195	0.01593	0.00874	0.01017	0.00722	0.00517	0.00432	0.00147	0.00701	0.00347	0.00256	0.00754

[dist]
# distance from previous block
# <min> <max>
33	48

[block]
# block no. 8 follows, 41 sequences, length 13
# corresponding to MSA columns:
# 675-687
name=unknown_I
#
# <colnr> <probs for GDERKNQSTAVLIFYWHMCP>
#	G	D	E	R	K	N	Q	S	T	A	V	L	I	F	Y	W	H	M	C	P
0	0.01298	0.21303	0.43126	0.01374	0.02024	0.01575	0.01585	0.02046	0.16781	0.01821	0.01244	0.01332	0.00942	0.00579	0.00509	0.00170	0.00706	0.00442	0.00314	0.00831
1	0.01322	0.01277	0.01668	0.45919	0.02977	0.11129	0.05160	0.10539	0.01402	0.01738	0.01300	0.10550	0.01143	0.00726	0.00589	0.00188	0.00741	0.00630	0.00333	0.00668
2	0.38402	0.10796	0.11236	0.04921	0.07650	0.09716	0.01070	0.05716	0.01234	0.02143	0.02025	0.01117	0.00780	0.00552	0.00442	0.00168	0.00620	0.00378	0.00326	0.00709
3	0.17684	0.01144	0.01012	0.00911	0.01177	0.10898	0.00711	0.08865	0.10039	0.03773	0.06954	0.02371	0.13610	0.01099	0.06759	0.00232	0.00569	0.00629	0.10910	0.00654
4	0.01114	0.10084	0.01235	0.07009	0.01330	0.00968	0.00738	0.10597	0.01292	0.01743	0.01947	0.31036	0.02115	0.11751	0.00900	0.00228	0.00482	0.00922	0.00425	0.14085
5	0.01282	0.01770	0.30369	0.07828	0.11433	0.01182	0.01471	0.04825	0.10904	0.07130	0.05491	0.10742	0.01544	0.00768	0.00586	0.00187	0.00643	0.00657	0.00392	0.00797
6	0.08302	0.11880	0.01937	0.01870	0.22509	0.19488	0.01220	0.13318	0.01549	0.06835	0.01078	0.01241	0.00856	0.00595	0.00585	0.00164	0.04973	0.00439	0.00358	0.00803
7	0.01131	0.00766	0.00962	0.03097	0.01185	0.00702	0.00698	0.05276	0.02389	0.10121	0.11263	0.24022	0.10110	0.01187	0.00639	0.00189	0.00409	0.10077	0.00523	0.15256
8	0.03457	0.01007	0.01608	0.51168	0.09027	0.01230	0.01398	0.01396	0.01114	0.01516	0.01261	0.11564	0.01160	0.00774	0.00738	0.00201	0.09808	0.00647	0.00295	0.00634
9	0.01480	0.01428	0.01587	0.10585	0.13971	0.17214	0.01139	0.01717	0.01259	0.06458	0.01084	0.01372	0.00894	0.00890	0.06782	0.00218	0.11051	0.00451	0.00320	0.20099
10	0.00906	0.00716	0.00876	0.00786	0.01031	0.00602	0.00601	0.01124	0.01320	0.01867	0.24068	0.17338	0.11694	0.01103	0.00612	0.00166	0.00354	0.06577	0.00496	0.27763
11	0.01878	0.02087	0.01801	0.01983	0.22608	0.41478	0.01257	0.11420	0.01642	0.01847	0.01010	0.01193	0.00822	0.00569	0.00531	0.00153	0.00842	0.00425	0.00330	0.06125
12	0.07023	0.19343	0.17751	0.05054	0.04124	0.24142	0.01298	0.11593	0.01502	0.01861	0.00966	0.01117	0.00764	0.00564	0.00490	0.00157	0.00786	0.00393	0.00311	0.00761

[dist]
# distance from previous block
# <min> <max>
0	4

[block]
# block no. 9 follows, 41 sequences, length 69
# corresponding to MSA columns:
# 692-760
name=unknown_J
#
# <colnr> <probs for GDERKNQSTAVLIFYWHMCP>
#	G	D	E	R	K	N	Q	S	T	A	V	L	I	F	Y	W	H	M	C	P
0	0.07758	0.01205	0.16385	0.02243	0.01423	0.00844	0.05304	0.01375	0.01416	0.03709	0.38886	0.03042	0.06429	0.00908	0.00606	0.00178	0.00468	0.02050	0.00482	0.05289
1	0.01396	0.01541	0.08866	0.03595	0.16420	0.01328	0.43545	0.01832	0.01329	0.06046	0.01179	0.01485	0.00891	0.00502	0.00616	0.00178	0.00827	0.00588	0.00311	0.07525
2	0.09669	0.02482	0.54255	0.01698	0.02439	0.01348	0.16558	0.01802	0.01212	0.01893	0.01029	0.01247	0.00743	0.00530	0.00551	0.00183	0.00828	0.00462	0.00263	0.00807
3	0.01382	0.59767	0.13706	0.01052	0.01546	0.01924	0.01097	0.01633	0.01178	0.01454	0.03381	0.07485	0.01128	0.00625	0.00432	0.00142	0.00613	0.00454	0.00280	0.00722
4	0.11668	0.01487	0.06025	0.01350	0.01747	0.01366	0.01071	0.03841	0.26668	0.22732	0.10603	0.02676	0.02221	0.01046	0.00755	0.00267	0.00627	0.00748	0.00710	0.02390
5	0.01304	0.13657	0.51469	0.01440	0.02153	0.01472	0.01715	0.07780	0.05746	0.01929	0.01099	0.01234	0.00814	0.00555	0.00516	0.00167	0.00747	0.00422	0.00295	0.05486
6	0.08049	0.02198	0.05705	0.01318	0.01634	0.47692	0.01060	0.09787	0.01582	0.01819	0.01030	0.01193	0.00827	0.00622	0.00571	0.00158	0.04968	0.00406	0.08691	0.00688
7	0.02126	0.00933	0.01214	0.00973	0.01353	0.00849	0.00789	0.02502	0.09737	0.55509	0.10930	0.02447	0.06369	0.00813	0.00593	0.00180	0.00446	0.00673	0.00675	0.00887
8	0.01771	0.01349	0.01486	0.01126	0.01595	0.01356	0.00919	0.41603	0.06188	0.04457	0.01313	0.01358	0.00979	0.00594	0.00517	0.00141	0.00540	0.00458	0.00488	0.31763
9	0.01066	0.00533	0.00533	0.00533	0.00666	0.00533	0.00400	0.01333	0.01200	0.02132	0.01866	0.02132	0.01466	0.00666	0.00400	0.00133	0.00267	0.00533	0.83073	0.00533
10	0.01147	0.02959	0.76934	0.01630	0.02476	0.01328	0.02113	0.01811	0.01208	0.01811	0.01026	0.01208	0.00725	0.00543	0.00543	0.00181	0.00845	0.00423	0.00242	0.00845
11	0.00703	0.00502	0.00669	0.00792	0.00831	0.00469	0.00531	0.00812	0.01123	0.01505	0.07090	0.75459	0.03870	0.01758	0.00727	0.00229	0.00329	0.01594	0.00536	0.00469
12	0.01048	0.00539	0.00562	0.00562	0.00693	0.00547	0.00423	0.01310	0.01179	0.02073	0.01841	0.02141	0.01463	0.00935	0.06135	0.00192	0.00361	0.00539	0.76927	0.00531
13	0.77785	0.01100	0.00906	0.06528	0.01317	0.01282	0.00691	0.01665	0.00986	0.02484	0.00813	0.00973	0.00630	0.00534	0.00370	0.00178	0.00466	0.00324	0.00347	0.00621
14	0.01104	0.00632	0.00851	0.00840	0.00984	0.00574	0.02104	0.01242	0.01239	0.16729	0.07401	0.46036	0.09119	0.07281	0.00852	0.00238	0.00386	0.01265	0.00554	0.00571
15	0.01260	0.01350	0.11889	0.01158	0.01519	0.01230	0.01007	0.02442	0.49807	0.02141	0.02210	0.13963	0.01875	0.00884	0.00592	0.00193	0.00488	0.00752	0.00514	0.04724
16	0.00700	0.00559	0.00627	0.00656	0.00799	0.00486	0.00474	0.00850	0.01293	0.01626	0.14787	0.24737	0.47393	0.01500	0.00690	0.00202	0.00298	0.01293	0.00545	0.00486
17	0.01421	0.01193	0.01276	0.01151	0.01461	0.01364	0.00901	0.08660	0.61864	0.02409	0.02328	0.06457	0.01866	0.00862	0.00599	0.00198	0.00464	0.04082	0.00576	0.00869
18	0.01177	0.07165	0.66637	0.01583	0.02339	0.01416	0.01979	0.01770	0.01178	0.01750	0.00991	0.01195	0.00727	0.00578	0.00642	0.00183	0.07203	0.00422	0.00242	0.00821
19	0.01207	0.11819	0.62894	0.01613	0.02397	0.01446	0.07339	0.01802	0.01213	0.01759	0.01009	0.01199	0.00736	0.00533	0.00533	0.00175	0.00827	0.00428	0.00245	0.00827
20	0.01506	0.75626	0.07414	0.01018	0.01528	0.02207	0.01046	0.01719	0.01165	0.01374	0.00809	0.00935	0.00733	0.00493	0.00378	0.00126	0.00626	0.00313	0.00244	0.00741
21	0.00861	0.00714	0.01125	0.05926	0.11912	0.00699	0.05172	0.01035	0.01143	0.01541	0.02610	0.59065	0.03018	0.01458	0.00694	0.00219	0.00445	0.01343	0.00465	0.00556
22	0.02174	0.01602	0.01717	0.01316	0.01774	0.01774	0.01087	0.74423	0.02689	0.03605	0.01373	0.01373	0.00973	0.00687	0.00572	0.00172	0.00629	0.00515	0.00572	0.00973
23	0.07125	0.01471	0.01602	0.01234	0.01683	0.01594	0.01020	0.58542	0.02417	0.15315	0.01481	0.01439	0.01023	0.00681	0.00560	0.00173	0.00595	0.00512	0.00581	0.00952
24	0.01251	0.01251	0.01752	0.01502	0.01502	0.01752	0.01251	0.01377	0.00876	0.01377	0.00751	0.01251	0.00751	0.01001	0.01877	0.00250	0.78851	0.00501	0.00250	0.00626
25	0.00817	0.00613	0.00919	0.00919	0.01021	0.00715	0.00715	0.01021	0.00919	0.01328	0.01532	0.02247	0.01430	0.04290	0.77631	0.00919	0.01532	0.00613	0.00306	0.00511
26	0.00694	0.00509	0.00652	0.00766	0.00822	0.00467	0.00517	0.00800	0.01125	0.01472	0.03526	0.69059	0.14008	0.01743	0.00722	0.00227	0.00326	0.01567	0.00531	0.00467
27	0.02179	0.01228	0.01446	0.01132	0.01549	0.01256	0.00927	0.32631	0.08091	0.34557	0.07372	0.01895	0.01553	0.00739	0.00582	0.00176	0.00527	0.00590	0.00635	0.00935
28	0.01666	0.01762	0.02086	0.02801	0.50697	0.23038	0.01531	0.06249	0.01476	0.01839	0.01039	0.01304	0.00862	0.00543	0.00552	0.00164	0.00776	0.00470	0.00304	0.00841
29	0.01251	0.01251	0.01752	0.01502	0.01502	0.01752	0.01251	0.01377	0.00876	0.01377	0.00751	0.01251	0.00751	0.01001	0.01877	0.00250	0.78851	0.00501	0.00250	0.00626
30	0.00798	0.00642	0.00729	0.00765	0.00938	0.00597	0.00605	0.01079	0.06785	0.01645	0.04596	0.11548	0.45587	0.01461	0.00703	0.00215	0.00367	0.19882	0.00534	0.00524
31	0.29638	0.08061	0.45284	0.01280	0.01930	0.01382	0.01515	0.01759	0.01124	0.02036	0.00930	0.01090	0.00689	0.00535	0.00465	0.00175	0.00689	0.00375	0.00280	0.00759
32	0.01842	0.02138	0.01673	0.01470	0.01679	0.45895	0.01153	0.07870	0.01458	0.01572	0.00879	0.01133	0.00761	0.00736	0.00978	0.00184	0.27176	0.00425	0.00302	0.00676
33	0.00676	0.00579	0.00579	0.00579	0.00773	0.00483	0.00435	0.00821	0.01304	0.01545	0.05794	0.05505	0.76098	0.01449	0.00676	0.00193	0.00290	0.01207	0.00531	0.00483
34	0.01066	0.00533	0.00533	0.00533	0.00666	0.00533	0.00400	0.01333	0.01200	0.02132	0.01866	0.02132	0.01466	0.00666	0.00400	0.00133	0.00267	0.00533	0.83073	0.00533
35	0.02566	0.00973	0.01327	0.01018	0.01460	0.00841	0.00841	0.02788	0.01637	0.76726	0.02257	0.01947	0.01416	0.00708	0.00575	0.00177	0.00487	0.00575	0.00708	0.00973
36	0.01067	0.00569	0.00621	0.06325	0.00909	0.00588	0.00488	0.01342	0.01195	0.02083	0.01803	0.02087	0.01414	0.00659	0.00413	0.00138	0.00303	0.00531	0.76923	0.00541
37	0.83938	0.01106	0.00841	0.00752	0.01106	0.01283	0.00619	0.01681	0.00973	0.02566	0.00796	0.00929	0.00619	0.00531	0.00354	0.00177	0.00442	0.00310	0.00354	0.00619
38	0.01328	0.01269	0.02163	0.23173	0.57355	0.01336	0.01712	0.01678	0.01261	0.01762	0.01060	0.01444	0.00868	0.00526	0.00568	0.00175	0.00701	0.00509	0.00276	0.00835
39	0.01066	0.00533	0.00533	0.00533	0.00666	0.00533	0.00400	0.01333	0.01200	0.02132	0.01866	0.02132	0.01466	0.00666	0.00400	0.00133	0.00267	0.00533	0.83073	0.00533
40	0.83938	0.01106	0.00841	0.00752	0.01106	0.01283	0.00619	0.01681	0.00973	0.02566	0.00796	0.00929	0.00619	0.00531	0.00354	0.00177	0.00442	0.00310	0.00354	0.00619
41	0.01350	0.01543	0.03375	0.02411	0.02989	0.01446	0.74253	0.01832	0.01350	0.01832	0.01157	0.01543	0.00868	0.00482	0.00675	0.00193	0.00964	0.00675	0.00289	0.00771
42	0.00721	0.00581	0.00642	0.00627	0.00800	0.00502	0.00470	0.00908	0.01410	0.01797	0.29420	0.05090	0.52315	0.01355	0.00676	0.00189	0.00283	0.01149	0.00564	0.00502
43	0.00697	0.00498	0.00664	0.00796	0.00830	0.00465	0.00531	0.00796	0.01095	0.01460	0.03153	0.79525	0.03783	0.01792	0.00730	0.00232	0.00332	0.01626	0.00531	0.00465
44	0.00775	0.00583	0.00716	0.00683	0.00833	0.00525	0.00512	0.01012	0.01536	0.02098	0.57618	0.04596	0.23929	0.01243	0.00675	0.00183	0.00275	0.01080	0.00604	0.00525
45	0.01416	0.01359	0.02322	0.03511	0.76330	0.01359	0.01755	0.01755	0.01302	0.01869	0.01076	0.01416	0.00906	0.00510	0.00566	0.00170	0.00680	0.00510	0.00283	0.00906
46	0.83938	0.01106	0.00841	0.00752	0.01106	0.01283	0.00619	0.01681	0.00973	0.02566	0.00796	0.00929	0.00619	0.00531	0.00354	0.00177	0.00442	0.00310	0.00354	0.00619
47	0.01090	0.01027	0.01734	0.76286	0.06099	0.01273	0.01593	0.01470	0.01148	0.01474	0.01018	0.01522	0.00767	0.00570	0.00572	0.00190	0.00760	0.00508	0.00255	0.00643
48	0.01350	0.01543	0.03375	0.02411	0.02989	0.01446	0.74253	0.01832	0.01350	0.01832	0.01157	0.01543	0.00868	0.00482	0.00675	0.00193	0.00964	0.00675	0.00289	0.00771
49	0.00725	0.00536	0.00742	0.06569	0.01061	0.00524	0.00609	0.00846	0.01099	0.01460	0.02994	0.73732	0.03559	0.01701	0.00718	0.00229	0.00364	0.01543	0.00510	0.00477
50	0.01297	0.01458	0.03154	0.02279	0.02813	0.01366	0.68232	0.01748	0.01329	0.01802	0.01320	0.07911	0.01106	0.00589	0.00680	0.00196	0.00913	0.00753	0.00309	0.00746
51	0.01199	0.13426	0.66920	0.01542	0.02339	0.01455	0.01960	0.01798	0.01201	0.01748	0.00995	0.01168	0.00726	0.00536	0.00520	0.00173	0.00814	0.00407	0.00242	0.00830
52	0.01251	0.01251	0.01752	0.01502	0.01502	0.01752	0.01251	0.01377	0.00876	0.01377	0.00751	0.01251	0.00751	0.01001	0.01877	0.00250	0.78851	0.00501	0.00250	0.00626
53	0.02566	0.00973	0.01327	0.01018	0.01460	0.00841	0.00841	0.02788	0.01637	0.76726	0.02257	0.01947	0.01416	0.00708	0.00575	0.00177	0.00487	0.00575	0.00708	0.00973
54	0.01297	0.01914	0.22657	0.02206	0.02855	0.01416	0.55343	0.01827	0.01313	0.01827	0.01123	0.01455	0.00830	0.00498	0.00641	0.00190	0.00933	0.00609	0.00277	0.00791
55	0.01152	0.01094	0.01666	0.67482	0.03598	0.03681	0.01497	0.01663	0.09426	0.01563	0.01159	0.01577	0.00871	0.00595	0.00571	0.00190	0.00736	0.00519	0.00292	0.00666
56	0.07221	0.00576	0.00556	0.00549	0.00699	0.00589	0.00416	0.01359	0.01183	0.02165	0.01786	0.02043	0.01403	0.00656	0.00396	0.00137	0.00280	0.00517	0.76930	0.00540
57	0.83938	0.01106	0.00841	0.00752	0.01106	0.01283	0.00619	0.01681	0.00973	0.02566	0.00796	0.00929	0.00619	0.00531	0.00354	0.00177	0.00442	0.00310	0.00354	0.00619
58	0.01147	0.02959	0.76934	0.01630	0.02476	0.01328	0.02113	0.01811	0.01208	0.01811	0.01026	0.01208	0.00725	0.00543	0.00543	0.00181	0.00845	0.00423	0.00242	0.00845
59	0.01410	0.01098	0.01270	0.00924	0.01421	0.00911	0.00746	0.11929	0.01427	0.06587	0.01142	0.01258	0.00899	0.00478	0.00454	0.00103	0.00457	0.00378	0.00394	0.66713
60	0.01341	0.01515	0.03220	0.02324	0.02847	0.01476	0.67289	0.01789	0.01305	0.01789	0.01118	0.01515	0.00857	0.00532	0.00790	0.00198	0.08394	0.00658	0.00286	0.00758
61	0.18160	0.55264	0.11138	0.01008	0.01512	0.01956	0.01038	0.01718	0.01129	0.01647	0.00822	0.00954	0.00710	0.00504	0.00385	0.00140	0.00605	0.00320	0.00266	0.00724
62	0.04962	0.00644	0.00813	0.00851	0.00980	0.00619	0.00606	0.01281	0.05606	0.13246	0.02853	0.59153	0.03145	0.01504	0.00679	0.00219	0.00368	0.01342	0.00553	0.00577
63	0.01322	0.01650	0.21100	0.01280	0.01729	0.01355	0.01223	0.02613	0.51716	0.02202	0.02026	0.02134	0.01565	0.00760	0.00584	0.00195	0.00560	0.04628	0.00490	0.00868
64	0.01202	0.01014	0.05409	0.06856	0.01551	0.00977	0.01025	0.16109	0.03931	0.02173	0.11185	0.04366	0.02695	0.01192	0.00695	0.00223	0.00550	0.37677	0.00514	0.00656
65	0.01907	0.22861	0.01998	0.01337	0.01668	0.47395	0.01083	0.06117	0.01500	0.01508	0.00877	0.01039	0.00750	0.00602	0.00591	0.00151	0.07254	0.00371	0.00294	0.00696
66	0.51231	0.01305	0.01191	0.00978	0.01373	0.01479	0.00807	0.30780	0.01660	0.02982	0.01027	0.01107	0.00761	0.00593	0.00441	0.00175	0.00517	0.00392	0.00441	0.00761
67	0.00931	0.00753	0.00966	0.00944	0.01030	0.00825	0.00696	0.05097	0.01137	0.01564	0.02490	0.43891	0.07121	0.07846	0.01110	0.00248	0.16261	0.01168	0.00450	0.05471
68	0.67470	0.01116	0.01064	0.10109	0.07582	0.01288	0.00826	0.01662	0.01020	0.02380	0.00845	0.01039	0.00660	0.00534	0.00397	0.00178	0.00499	0.00349	0.00336	0.00645

[dist]
# distance from previous block
# <min> <max>
2	5

[block]
# block no. 10 follows, 41 sequences, length 7
# corresponding to MSA columns:
# 766-772
name=unknown_K
#
# <colnr> <probs for GDERKNQSTAVLIFYWHMCP>
#	G	D	E	R	K	N	Q	S	T	A	V	L	I	F	Y	W	H	M	C	P
0	0.11806	0.01000	0.01224	0.01304	0.10400	0.01040	0.00938	0.15602	0.03397	0.07514	0.02366	0.09369	0.08401	0.01067	0.00630	0.00207	0.00514	0.22018	0.00499	0.00704
1	0.01551	0.43390	0.11794	0.01124	0.01604	0.01844	0.01103	0.19153	0.01529	0.01961	0.01204	0.09084	0.01101	0.00677	0.00476	0.00153	0.00617	0.00506	0.00352	0.00778
2	0.01016	0.00632	0.00840	0.00875	0.01019	0.00573	0.00653	0.01174	0.01212	0.11052	0.02832	0.49716	0.03140	0.01498	0.00695	0.00218	0.00395	0.14186	0.00536	0.07738
3	0.00987	0.01634	0.32066	0.01464	0.10719	0.00947	0.01351	0.01367	0.01213	0.01687	0.02353	0.21940	0.11275	0.01063	0.00632	0.00202	0.00597	0.07441	0.00382	0.00682
4	0.17708	0.02588	0.61713	0.01455	0.02202	0.01319	0.01815	0.01785	0.01161	0.01962	0.00980	0.01152	0.00704	0.00541	0.00506	0.00180	0.00765	0.00400	0.00264	0.00800
5	0.01668	0.10545	0.29442	0.01468	0.01984	0.31321	0.01469	0.08266	0.01476	0.01736	0.00963	0.01126	0.00753	0.00592	0.00587	0.00165	0.04984	0.00402	0.00292	0.00762
6	0.01350	0.01135	0.08101	0.00930	0.01413	0.00799	0.00818	0.01639	0.01311	0.13492	0.10340	0.01681	0.01478	0.00569	0.00489	0.00119	0.00453	0.00468	0.00422	0.52991

[dist]
# distance from previous block
# <min> <max>
2	33

[block]
# block no. 11 follows, 41 sequences, length 12
# corresponding to MSA columns:
# 807-818
name=unknown_L
#
# <colnr> <probs for GDERKNQSTAVLIFYWHMCP>
#	G	D	E	R	K	N	Q	S	T	A	V	L	I	F	Y	W	H	M	C	P
0	0.01037	0.00925	0.01572	0.01329	0.01626	0.00848	0.20422	0.01324	0.01258	0.01720	0.02205	0.18965	0.02320	0.01129	0.00684	0.00207	0.00587	0.26502	0.00432	0.14909
1	0.01327	0.09543	0.29558	0.02545	0.39747	0.01438	0.04297	0.01774	0.01256	0.01796	0.01034	0.01296	0.00822	0.00519	0.00543	0.00170	0.00743	0.00464	0.00265	0.00863
2	0.01265	0.02254	0.44068	0.02459	0.35008	0.01342	0.01956	0.01787	0.01249	0.01837	0.01048	0.01299	0.00805	0.00529	0.00553	0.00176	0.00772	0.00461	0.00260	0.00872
3	0.15871	0.01538	0.06048	0.01613	0.02066	0.09633	0.29380	0.08841	0.01416	0.08108	0.01205	0.01450	0.00913	0.00923	0.08236	0.00253	0.00860	0.00535	0.00362	0.00747
4	0.00707	0.00511	0.00669	0.00777	0.00829	0.00473	0.00527	0.00826	0.01158	0.01548	0.10545	0.68136	0.07753	0.01712	0.00722	0.00225	0.00323	0.01545	0.00541	0.00473
5	0.00851	0.00663	0.01017	0.00966	0.01071	0.00671	0.08089	0.01002	0.01020	0.01386	0.02139	0.24318	0.02357	0.24196	0.21301	0.00499	0.00786	0.06792	0.00396	0.00480
6	0.01351	0.17414	0.21939	0.06303	0.38505	0.01526	0.01686	0.01747	0.01242	0.01729	0.01004	0.01268	0.00817	0.00518	0.00521	0.00164	0.00714	0.00446	0.00263	0.00842
7	0.10611	0.05130	0.01552	0.01206	0.01432	0.01399	0.01008	0.01784	0.01122	0.20293	0.01160	0.01366	0.00911	0.00792	0.01162	0.00201	0.38845	0.00472	0.00384	0.09172
8	0.02362	0.01301	0.01530	0.01173	0.01624	0.01327	0.00969	0.40155	0.02186	0.38584	0.01796	0.01648	0.01185	0.00697	0.00574	0.00174	0.00561	0.00544	0.00637	0.00973
9	0.01914	0.37397	0.02040	0.00970	0.01404	0.01465	0.00874	0.02123	0.01417	0.34645	0.08927	0.01705	0.01498	0.00653	0.00489	0.00152	0.00523	0.00497	0.00487	0.00820
10	0.00896	0.00517	0.00593	0.00654	0.00741	0.00502	0.00460	0.01086	0.01151	0.01823	0.02458	0.37731	0.02532	0.01184	0.00552	0.00179	0.00297	0.01036	0.45106	0.00502
11	0.10702	0.01011	0.01198	0.00897	0.01365	0.00847	0.00729	0.01939	0.01321	0.28205	0.01428	0.01425	0.01022	0.00535	0.00469	0.00127	0.00448	0.00419	0.00470	0.45444

[dist]
# distance from previous block
# <min> <max>
0	2

[block]
# block no. 12 follows, 41 sequences, length 12
# corresponding to MSA columns:
# 821-832
name=unknown_M
#
# <colnr> <probs for GDERKNQSTAVLIFYWHMCP>
#	G	D	E	R	K	N	Q	S	T	A	V	L	I	F	Y	W	H	M	C	P
0	0.01067	0.00567	0.00617	0.06045	0.00898	0.00585	0.00484	0.01342	0.01196	0.02085	0.01806	0.02090	0.01416	0.00660	0.00412	0.00137	0.00302	0.00531	0.77221	0.00540
1	0.01131	0.00958	0.01127	0.00842	0.01296	0.00729	0.00661	0.01368	0.01176	0.01818	0.01257	0.09987	0.01177	0.00577	0.00458	0.00101	0.00413	0.00483	0.00360	0.74078
2	0.01706	0.02022	0.01592	0.01430	0.01598	0.44367	0.01112	0.01842	0.01313	0.01396	0.01017	0.07349	0.00984	0.00832	0.01019	0.00191	0.28784	0.00516	0.00298	0.00634
3	0.01066	0.00533	0.00533	0.00533	0.00666	0.00533	0.00400	0.01333	0.01200	0.02132	0.01866	0.02132	0.01466	0.00666	0.00400	0.00133	0.00267	0.00533	0.83073	0.00533
4	0.74486	0.01091	0.00897	0.00783	0.01147	0.01232	0.00645	0.01810	0.01051	0.11181	0.00966	0.01047	0.00712	0.00552	0.00380	0.00177	0.00448	0.00341	0.00395	0.00661
5	0.01295	0.01163	0.02323	0.01764	0.02163	0.01081	0.43577	0.01632	0.01307	0.10421	0.01884	0.25017	0.01807	0.00902	0.00680	0.00203	0.00719	0.00949	0.00411	0.00703
6	0.00938	0.00792	0.01218	0.42053	0.02469	0.00908	0.01077	0.01221	0.01204	0.01609	0.10324	0.18272	0.07943	0.00967	0.00612	0.00194	0.00546	0.00855	0.06228	0.00570
7	0.00832	0.00555	0.00624	0.00624	0.00624	0.00555	0.00347	0.00832	0.00832	0.01109	0.01802	0.03743	0.02080	0.79898	0.02911	0.00555	0.00555	0.00832	0.00347	0.00347
8	0.01217	0.02471	0.51611	0.01899	0.02652	0.01369	0.26948	0.01819	0.01257	0.01819	0.01071	0.01323	0.00774	0.00522	0.00589	0.00185	0.00886	0.00510	0.00258	0.00820
9	0.01746	0.01671	0.01457	0.01270	0.01613	0.20284	0.00990	0.16819	0.42917	0.02385	0.01785	0.01713	0.01346	0.00713	0.00564	0.00178	0.00630	0.00552	0.00509	0.00859
10	0.01147	0.02959	0.76934	0.01630	0.02476	0.01328	0.02113	0.01811	0.01208	0.01811	0.01026	0.01208	0.00725	0.00543	0.00543	0.00181	0.00845	0.00423	0.00242	0.00845
11	0.11310	0.02170	0.01588	0.01427	0.04593	0.44407	0.01071	0.22800	0.01841	0.02179	0.01021	0.01133	0.00798	0.00608	0.00516	0.00159	0.00837	0.00409	0.00380	0.00756

[dist]
# distance from previous block
# <min> <max>
0	167

# created by:
# /software/SequenceAnalysis/GenePrediction/augustus/3.0.1/scripts/msa2prfl.pl ./fixed/BUSCOvEOG7FR25B.fas
