[name]
unknown

[dist]
# distance from previous block
# <min> <max>
0	138

[block]
# block no. 0 follows, 38 sequences, length 6
# corresponding to MSA columns:
# 138-143
name=unknown_A
#
# <colnr> <probs for GDERKNQSTAVLIFYWHMCP>
#	G	D	E	R	K	N	Q	S	T	A	V	L	I	F	Y	W	H	M	C	P
0	0.01779	0.00848	0.01085	0.00916	0.01235	0.00758	0.00725	0.02072	0.05396	0.39044	0.15300	0.09055	0.17066	0.01072	0.00656	0.00195	0.00418	0.00907	0.00672	0.00800
1	0.01066	0.00533	0.00721	0.00721	0.00760	0.00533	0.00494	0.00958	0.00918	0.01382	0.01303	0.01945	0.01185	0.01699	0.01808	0.59332	0.00454	0.00533	0.23308	0.00345
2	0.00799	0.00588	0.00748	0.00760	0.00880	0.00537	0.00550	0.01015	0.01503	0.02059	0.45381	0.25476	0.14568	0.01454	0.00726	0.00207	0.00305	0.01288	0.00619	0.00537
3	0.01165	0.00912	0.00961	0.00839	0.01115	0.00894	0.00659	0.21203	0.01807	0.02295	0.10115	0.04467	0.48725	0.01275	0.00680	0.00196	0.00404	0.01051	0.00579	0.00657
4	0.00759	0.00556	0.00713	0.00791	0.00872	0.00510	0.00549	0.00913	0.01311	0.01759	0.20964	0.51913	0.12806	0.01683	0.00747	0.00226	0.00328	0.01507	0.00584	0.00510
5	0.00926	0.00833	0.01500	0.01315	0.01511	0.00779	0.20913	0.01144	0.01227	0.01646	0.02725	0.56851	0.03116	0.01497	0.00752	0.00233	0.00536	0.01429	0.00487	0.00579

[dist]
# distance from previous block
# <min> <max>
0	6

[block]
# block no. 1 follows, 38 sequences, length 11
# corresponding to MSA columns:
# 150-160
name=unknown_B
#
# <colnr> <probs for GDERKNQSTAVLIFYWHMCP>
#	G	D	E	R	K	N	Q	S	T	A	V	L	I	F	Y	W	H	M	C	P
0	0.01247	0.01069	0.01247	0.00891	0.01426	0.00802	0.00713	0.01515	0.01247	0.01960	0.01069	0.01247	0.00891	0.00446	0.00446	0.00089	0.00446	0.00356	0.00356	0.82536
1	0.00845	0.00571	0.00665	0.00695	0.00702	0.00563	0.00406	0.00867	0.00933	0.01245	0.02196	0.19709	0.02566	0.62568	0.02576	0.00511	0.00534	0.01052	0.00406	0.00391
2	0.00766	0.00593	0.00698	0.00710	0.00856	0.00525	0.00518	0.00955	0.01443	0.01887	0.30013	0.20708	0.35178	0.01495	0.00722	0.00207	0.00307	0.01298	0.00596	0.00525
3	0.01534	0.53199	0.11862	0.01156	0.01681	0.02070	0.01162	0.02110	0.16634	0.01710	0.01208	0.01274	0.00996	0.00586	0.00457	0.00152	0.00639	0.00413	0.00332	0.00825
4	0.01879	0.01387	0.01519	0.10731	0.01864	0.05998	0.01022	0.38157	0.02042	0.09329	0.01546	0.02025	0.01269	0.17239	0.01119	0.00267	0.00675	0.00608	0.00505	0.00819
5	0.01429	0.32238	0.07473	0.05546	0.02167	0.01691	0.20851	0.01768	0.01284	0.01710	0.01019	0.01260	0.00837	0.00506	0.00511	0.00149	0.00728	0.00455	0.00292	0.18088
6	0.01301	0.01719	0.17611	0.01680	0.01914	0.01724	0.06913	0.01581	0.01033	0.01581	0.00883	0.01330	0.00793	0.00910	0.01582	0.00243	0.55696	0.00523	0.00264	0.00719
7	0.00991	0.00649	0.00836	0.00826	0.00967	0.00605	0.00604	0.03700	0.01523	0.07618	0.36950	0.31895	0.07651	0.01433	0.00720	0.00210	0.00340	0.01273	0.00623	0.00586
8	0.00789	0.00580	0.00664	0.00680	0.00817	0.00510	0.00487	0.00852	0.01230	0.01517	0.06909	0.14184	0.47939	0.01680	0.01065	0.17624	0.00356	0.01162	0.00499	0.00455
9	0.01329	0.01355	0.02056	0.01699	0.01775	0.01802	0.10282	0.01508	0.00984	0.01508	0.00843	0.01355	0.00805	0.00985	0.01816	0.00256	0.68148	0.00549	0.00268	0.00677
10	0.07744	0.01319	0.02069	0.22489	0.32390	0.03177	0.06728	0.03940	0.01397	0.11154	0.01259	0.01549	0.00952	0.00586	0.00589	0.00187	0.00723	0.00538	0.00361	0.00849

[dist]
# distance from previous block
# <min> <max>
0	3

[block]
# block no. 2 follows, 38 sequences, length 20
# corresponding to MSA columns:
# 164-183
name=unknown_C
#
# <colnr> <probs for GDERKNQSTAVLIFYWHMCP>
#	G	D	E	R	K	N	Q	S	T	A	V	L	I	F	Y	W	H	M	C	P
0	0.01370	0.01256	0.01872	0.01345	0.01894	0.01065	0.19010	0.07086	0.01412	0.02092	0.01135	0.01357	0.00907	0.00482	0.00524	0.00125	0.00606	0.00460	0.00362	0.55639
1	0.01438	0.01245	0.01869	0.55415	0.03530	0.01477	0.04170	0.19653	0.01622	0.02122	0.01170	0.01564	0.00862	0.00628	0.00606	0.00196	0.00774	0.00543	0.00353	0.00763
2	0.02001	0.02021	0.31068	0.01406	0.02044	0.01336	0.01482	0.20272	0.01822	0.28100	0.01624	0.01586	0.01082	0.00670	0.00591	0.00186	0.00700	0.00525	0.00513	0.00970
3	0.00860	0.00642	0.00953	0.00953	0.01055	0.00744	0.00735	0.01065	0.00963	0.01386	0.01624	0.02434	0.01535	0.07845	0.73183	0.00950	0.01565	0.00655	0.00324	0.00529
4	0.02433	0.01633	0.01550	0.01261	0.01683	0.20221	0.01008	0.16248	0.06308	0.38637	0.01835	0.01700	0.01240	0.00713	0.00589	0.00178	0.00683	0.00542	0.00599	0.00937
5	0.00808	0.00613	0.00743	0.00711	0.00872	0.00549	0.00533	0.01051	0.01600	0.02167	0.53394	0.04897	0.27223	0.01321	0.00710	0.00194	0.00290	0.01145	0.00630	0.00549
6	0.01747	0.01021	0.01193	0.01003	0.01337	0.01001	0.00795	0.19850	0.04650	0.24621	0.03231	0.14290	0.20460	0.01111	0.00656	0.00198	0.00471	0.00927	0.00628	0.00809
7	0.01221	0.00687	0.00836	0.00797	0.01014	0.00597	0.00597	0.01379	0.01391	0.20289	0.04286	0.27516	0.34189	0.01439	0.00702	0.00212	0.00371	0.01239	0.00606	0.00632
8	0.01219	0.01069	0.01388	0.20247	0.02113	0.00937	0.00955	0.01520	0.01236	0.01853	0.01069	0.01338	0.00868	0.00485	0.00485	0.00117	0.00536	0.00401	0.00334	0.61828
9	0.15222	0.00858	0.01051	0.01020	0.01126	0.00999	0.00778	0.01244	0.01127	0.04288	0.06955	0.38028	0.02624	0.01362	0.00995	0.00233	0.19950	0.01092	0.00465	0.00583
10	0.22573	0.01015	0.01154	0.00946	0.01316	0.01001	0.00768	0.07571	0.01614	0.34645	0.16360	0.02342	0.04575	0.00818	0.00570	0.00187	0.00459	0.00648	0.00617	0.00822
11	0.02228	0.01055	0.01333	0.01081	0.01485	0.01010	0.00873	0.02836	0.20007	0.50442	0.08943	0.02319	0.01956	0.00807	0.00616	0.00191	0.00482	0.00668	0.00704	0.00964
12	0.63040	0.01129	0.01012	0.00861	0.01256	0.01233	0.00710	0.02059	0.01198	0.20873	0.01221	0.01244	0.00861	0.00605	0.00430	0.00186	0.00477	0.00395	0.00465	0.00744
13	0.00737	0.00552	0.00684	0.00774	0.00859	0.00500	0.00534	0.00867	0.01251	0.01627	0.09628	0.54277	0.22041	0.01742	0.00749	0.00230	0.00333	0.01550	0.00567	0.00500
14	0.00802	0.00610	0.00723	0.00766	0.00890	0.00559	0.00547	0.03352	0.01358	0.01759	0.13969	0.37073	0.28780	0.03645	0.00796	0.00230	0.00345	0.02704	0.00569	0.00522
15	0.01237	0.00656	0.00881	0.00892	0.01042	0.00593	0.00641	0.01385	0.01329	0.20303	0.07406	0.54656	0.03452	0.01557	0.00723	0.00226	0.00386	0.01393	0.00612	0.00629
16	0.00831	0.00533	0.00663	0.00768	0.00829	0.00507	0.00524	0.00980	0.01180	0.01715	0.02973	0.59186	0.03362	0.01585	0.00680	0.00218	0.00332	0.01419	0.21209	0.00507
17	0.00744	0.00528	0.00695	0.00824	0.00856	0.00496	0.00544	0.00840	0.01131	0.01507	0.03207	0.72774	0.03842	0.07763	0.00943	0.00270	0.00367	0.01646	0.00544	0.00479
18	0.00907	0.00588	0.00679	0.00667	0.00724	0.00576	0.00425	0.01022	0.01144	0.01648	0.20344	0.03816	0.02970	0.47136	0.02058	0.00415	0.00461	0.00880	0.13095	0.00446
19	0.01181	0.00884	0.01011	0.00881	0.01123	0.00882	0.00687	0.19274	0.01909	0.02575	0.39963	0.04029	0.20889	0.01171	0.00683	0.00190	0.00384	0.00993	0.00622	0.00669

[dist]
# distance from previous block
# <min> <max>
0	68

# created by:
# /software/SequenceAnalysis/GenePrediction/augustus/3.0.1/scripts/msa2prfl.pl ./fixed/BUSCOvEOG73BP4J.fas
