[name]
unknown

[dist]
# distance from previous block
# <min> <max>
2	86

[block]
# block no. 0 follows, 41 sequences, length 101
# corresponding to MSA columns:
# 98-198
name=unknown_A
#
# <colnr> <probs for GDERKNQSTAVLIFYWHMCP>
#	G	D	E	R	K	N	Q	S	T	A	V	L	I	F	Y	W	H	M	C	P
0	0.60400	0.04964	0.04991	0.00854	0.01265	0.01295	0.00749	0.05942	0.01123	0.02441	0.00870	0.01002	0.00680	0.00525	0.00386	0.00163	0.00480	0.00331	0.00354	0.11185
1	0.00725	0.00520	0.00701	0.00804	0.00846	0.00510	0.00547	0.00834	0.01050	0.01416	0.02807	0.62258	0.03298	0.07492	0.12936	0.00362	0.00535	0.01413	0.00483	0.00464
2	0.01160	0.00971	0.06363	0.00859	0.01146	0.03115	0.00723	0.01595	0.12565	0.12581	0.15491	0.04736	0.34226	0.01109	0.00633	0.00187	0.00403	0.00927	0.00552	0.00657
3	0.01017	0.01063	0.06521	0.45997	0.02944	0.01085	0.08228	0.01363	0.01186	0.01568	0.05879	0.17435	0.01653	0.00843	0.00618	0.00198	0.00671	0.00775	0.00335	0.00622
4	0.00716	0.00512	0.00684	0.00807	0.00852	0.00480	0.00554	0.00835	0.01137	0.01521	0.07158	0.71078	0.03843	0.01745	0.00731	0.00231	0.00340	0.05766	0.00536	0.00472
5	0.00715	0.00514	0.00691	0.00813	0.00858	0.00490	0.00560	0.00830	0.01097	0.01465	0.03081	0.69895	0.04702	0.01940	0.05759	0.00278	0.00419	0.04905	0.00516	0.00471
6	0.01120	0.01007	0.01636	0.44665	0.17848	0.01174	0.01398	0.01441	0.01161	0.01597	0.01293	0.09035	0.01142	0.00709	0.00646	0.00189	0.05143	0.00618	0.07514	0.00664
7	0.01258	0.01185	0.02012	0.49274	0.19159	0.01344	0.08892	0.06823	0.01310	0.01740	0.01069	0.01492	0.00819	0.00558	0.00581	0.00185	0.00755	0.00526	0.00287	0.00731
8	0.01322	0.09466	0.49602	0.01692	0.02401	0.09594	0.14447	0.01857	0.01273	0.01730	0.01014	0.01222	0.00752	0.00533	0.00548	0.00174	0.00865	0.00450	0.00256	0.00803
9	0.00728	0.00557	0.00668	0.00692	0.00818	0.00497	0.00499	0.00902	0.01350	0.01776	0.29021	0.27085	0.30432	0.01455	0.00692	0.00200	0.00295	0.01273	0.00565	0.00497
10	0.01701	0.06521	0.24072	0.07204	0.13224	0.01214	0.03705	0.02132	0.03649	0.27394	0.02690	0.01585	0.01102	0.00609	0.00556	0.00176	0.00660	0.00511	0.00426	0.00871
11	0.01918	0.05928	0.16562	0.01503	0.08902	0.05674	0.05942	0.02368	0.07820	0.35020	0.01676	0.01630	0.01147	0.00629	0.00560	0.00175	0.00643	0.00524	0.00488	0.00891
12	0.01129	0.00781	0.00957	0.00920	0.01087	0.00718	0.00682	0.01376	0.05211	0.06262	0.50797	0.12408	0.07839	0.01342	0.00758	0.00228	0.00388	0.05777	0.00667	0.00673
13	0.00883	0.00598	0.00676	0.00668	0.00691	0.00603	0.00393	0.04156	0.00935	0.01247	0.01880	0.09101	0.02152	0.70685	0.02648	0.00514	0.00542	0.00875	0.00370	0.00383
14	0.01207	0.01455	0.09984	0.27999	0.03155	0.01328	0.38940	0.01655	0.01254	0.01687	0.01193	0.05285	0.00959	0.00582	0.00630	0.00193	0.00854	0.00640	0.00284	0.00718
15	0.01464	0.56513	0.18304	0.01216	0.03989	0.04651	0.01241	0.01796	0.03504	0.01494	0.00903	0.01035	0.00769	0.00514	0.00422	0.00139	0.00672	0.00349	0.00257	0.00765
16	0.01810	0.02032	0.01349	0.01227	0.01478	0.50604	0.00929	0.05957	0.01532	0.01677	0.01162	0.01367	0.00951	0.00837	0.05059	0.00193	0.02310	0.00429	0.18454	0.00642
17	0.01242	0.01193	0.02062	0.41553	0.36254	0.01318	0.04948	0.01610	0.01224	0.01660	0.01049	0.01477	0.00831	0.00540	0.00574	0.00181	0.00735	0.00516	0.00269	0.00763
18	0.00922	0.00658	0.00922	0.01053	0.01185	0.00658	0.00922	0.01185	0.01317	0.01712	0.03029	0.06452	0.03292	0.01580	0.00790	0.00263	0.00527	0.72480	0.00527	0.00527
19	0.00693	0.00580	0.00603	0.00597	0.00783	0.00490	0.00448	0.00854	0.01344	0.01640	0.14727	0.05348	0.67106	0.01413	0.00676	0.00191	0.00287	0.01185	0.00544	0.00490
20	0.02515	0.00985	0.01326	0.01024	0.01461	0.00867	0.00844	0.02799	0.04967	0.73366	0.02260	0.01955	0.01431	0.00711	0.00576	0.00178	0.00485	0.00578	0.00702	0.00970
21	0.00798	0.00579	0.00752	0.00720	0.00850	0.00533	0.00536	0.01053	0.01575	0.02216	0.69074	0.09230	0.07497	0.01219	0.00678	0.00184	0.00275	0.01078	0.00620	0.00533
22	0.01070	0.00572	0.00639	0.00612	0.00745	0.00556	0.00447	0.01298	0.01260	0.06417	0.16871	0.02776	0.02342	0.11663	0.00811	0.00203	0.00320	0.00678	0.50185	0.00535
23	0.01350	0.01543	0.03375	0.02411	0.02989	0.01446	0.74253	0.01832	0.01350	0.01832	0.01157	0.01543	0.00868	0.00482	0.00675	0.00193	0.00964	0.00675	0.00289	0.00771
24	0.01817	0.07315	0.01661	0.07017	0.05185	0.51947	0.01111	0.02074	0.05298	0.01466	0.01037	0.01258	0.00869	0.00964	0.08361	0.00231	0.00990	0.00420	0.00304	0.00674
25	0.01478	0.01522	0.01204	0.01078	0.01312	0.30033	0.00820	0.10297	0.01748	0.02110	0.38497	0.02692	0.03094	0.00891	0.00602	0.00167	0.00603	0.00719	0.00495	0.00638
26	0.02376	0.01075	0.01350	0.01051	0.01476	0.03320	0.00861	0.09837	0.01690	0.60497	0.02042	0.01846	0.01329	0.00865	0.04303	0.00208	0.00566	0.00555	0.00648	0.04103
27	0.01047	0.00693	0.00823	0.00810	0.00986	0.00656	0.00608	0.08065	0.01361	0.07219	0.03223	0.33789	0.17913	0.01339	0.00648	0.00200	0.00375	0.06559	0.09372	0.04314
28	0.09590	0.01697	0.01593	0.01275	0.01676	0.14432	0.01033	0.48168	0.02184	0.02938	0.01189	0.01259	0.00883	0.00657	0.00598	0.00167	0.04462	0.00461	0.00477	0.05260
29	0.10612	0.01018	0.01270	0.01004	0.01404	0.00969	0.00824	0.10597	0.01648	0.52887	0.05801	0.01916	0.01492	0.00909	0.04801	0.00217	0.00545	0.00567	0.00630	0.00889
30	0.01215	0.06962	0.69442	0.01589	0.02389	0.05075	0.02006	0.01829	0.01225	0.01767	0.01008	0.01184	0.00726	0.00543	0.00533	0.00176	0.00842	0.00414	0.00244	0.00831
31	0.01529	0.80242	0.02997	0.00979	0.01468	0.02263	0.00979	0.01713	0.01162	0.01346	0.00795	0.00918	0.00734	0.00489	0.00367	0.00122	0.00612	0.00306	0.00245	0.00734
32	0.01152	0.00997	0.01603	0.02263	0.38715	0.00995	0.01310	0.01442	0.01294	0.01772	0.02062	0.09205	0.02135	0.01060	0.00674	0.00214	0.00589	0.31402	0.00405	0.00712
33	0.00731	0.00534	0.00692	0.00788	0.00862	0.00496	0.00560	0.00873	0.01205	0.01595	0.12099	0.54279	0.12560	0.01655	0.00723	0.00225	0.00339	0.08759	0.00542	0.00482
34	0.00885	0.00695	0.00888	0.00912	0.00998	0.00749	0.00673	0.01156	0.08190	0.02548	0.08525	0.43469	0.08526	0.03986	0.00929	0.00235	0.10640	0.04952	0.00503	0.00541
35	0.00787	0.00569	0.00757	0.00871	0.00956	0.00544	0.00667	0.00955	0.01205	0.01580	0.05520	0.42083	0.09236	0.03430	0.00796	0.00247	0.00405	0.28376	0.00528	0.00489
36	0.01156	0.01099	0.01876	0.61257	0.19125	0.01293	0.03066	0.01531	0.01181	0.01554	0.01032	0.01502	0.00795	0.00557	0.00573	0.00186	0.00749	0.00512	0.00261	0.00695
37	0.01273	0.01287	0.01671	0.01443	0.01459	0.05850	0.01184	0.01391	0.00914	0.01360	0.00827	0.01402	0.00837	0.06136	0.01870	0.00265	0.69448	0.00515	0.00259	0.00610
38	0.01172	0.01201	0.02324	0.44555	0.03412	0.01310	0.30026	0.01583	0.01213	0.01600	0.01099	0.01570	0.00839	0.00735	0.04715	0.00230	0.00883	0.00579	0.00271	0.00682
39	0.00719	0.00521	0.00687	0.00799	0.00853	0.00478	0.00538	0.00826	0.01099	0.01478	0.03056	0.75984	0.03650	0.01730	0.00716	0.00226	0.00336	0.01568	0.00522	0.04213
40	0.01094	0.01014	0.01689	0.47879	0.07357	0.01214	0.06134	0.01419	0.01128	0.01529	0.01225	0.07182	0.01063	0.00875	0.04360	0.00230	0.08784	0.00605	0.04583	0.00636
41	0.01395	0.01338	0.02284	0.08227	0.71779	0.01353	0.01745	0.01737	0.01292	0.01843	0.01072	0.01423	0.00897	0.00514	0.00567	0.00171	0.00685	0.00510	0.00281	0.00889
42	0.01203	0.01181	0.01672	0.04928	0.01567	0.01633	0.01216	0.01347	0.00892	0.01376	0.00836	0.01357	0.00815	0.01291	0.08944	0.00311	0.68048	0.00511	0.00256	0.00615
43	0.13508	0.07311	0.03248	0.02053	0.29742	0.16644	0.01267	0.09199	0.03773	0.06433	0.01115	0.01279	0.00878	0.00565	0.00513	0.00165	0.00691	0.00445	0.00355	0.00814
44	0.00677	0.00576	0.00583	0.00590	0.00775	0.00482	0.00439	0.00820	0.01294	0.01541	0.05668	0.09044	0.72640	0.01465	0.00679	0.00195	0.00292	0.01227	0.00531	0.00482
45	0.01174	0.01118	0.05183	0.01199	0.05114	0.09102	0.00895	0.01390	0.04649	0.05646	0.03636	0.30850	0.02182	0.06893	0.01089	0.02831	0.15088	0.00951	0.00418	0.00594
46	0.00848	0.00621	0.00814	0.00836	0.00977	0.00593	0.00674	0.01128	0.02842	0.02017	0.42031	0.06163	0.10270	0.01339	0.00715	0.00212	0.00367	0.26435	0.00583	0.00536
47	0.01398	0.01341	0.02290	0.07408	0.72569	0.01354	0.01747	0.01740	0.01294	0.01848	0.01073	0.01421	0.00899	0.00513	0.00567	0.00171	0.00684	0.00510	0.00282	0.00892
48	0.00890	0.00626	0.00765	0.00723	0.00810	0.00633	0.00509	0.01039	0.01226	0.03201	0.31314	0.03783	0.09611	0.29698	0.01553	0.00319	0.06046	0.00895	0.05882	0.00479
49	0.00829	0.00562	0.00663	0.00661	0.00679	0.00571	0.00397	0.00865	0.00883	0.01196	0.05725	0.03610	0.02186	0.67541	0.10861	0.00574	0.00645	0.00819	0.00357	0.00375
50	0.01160	0.00989	0.01158	0.00845	0.01328	0.00747	0.00670	0.01406	0.01181	0.01842	0.01130	0.05357	0.01004	0.00496	0.00440	0.00093	0.00419	0.00407	0.00349	0.78979
51	0.02035	0.02497	0.01558	0.01415	0.01701	0.67400	0.01063	0.06590	0.01648	0.01539	0.01078	0.06713	0.00971	0.00682	0.00535	0.00155	0.00956	0.00468	0.00329	0.00668
52	0.01343	0.01786	0.16237	0.02292	0.06331	0.01432	0.55862	0.04055	0.01364	0.01885	0.01137	0.01473	0.00848	0.00501	0.00644	0.00189	0.00920	0.00618	0.00289	0.00797
53	0.00871	0.00605	0.00746	0.00699	0.00866	0.00541	0.00528	0.01105	0.01536	0.06193	0.53270	0.04473	0.23998	0.01218	0.00670	0.00183	0.00287	0.01055	0.00608	0.00548
54	0.00815	0.00604	0.00778	0.00825	0.00934	0.00575	0.00601	0.01075	0.05635	0.01789	0.23124	0.43351	0.03927	0.01477	0.00698	0.00212	0.00345	0.08416	0.00552	0.04266
55	0.01228	0.01168	0.01983	0.45368	0.35936	0.01310	0.01662	0.01591	0.01214	0.01641	0.01043	0.01477	0.00826	0.00544	0.00569	0.00181	0.00726	0.00509	0.00267	0.00755
56	0.01502	0.01223	0.01427	0.01195	0.06891	0.01139	0.00888	0.22507	0.06470	0.02398	0.01209	0.01318	0.00946	0.00528	0.00487	0.00123	0.00503	0.00422	0.00418	0.48407
57	0.00872	0.00609	0.00699	0.00687	0.00724	0.00627	0.00421	0.01017	0.06249	0.01279	0.05774	0.03557	0.02190	0.65059	0.07508	0.00532	0.00596	0.00815	0.00376	0.00408
58	0.00697	0.00498	0.00664	0.00796	0.00830	0.00465	0.00531	0.00796	0.01095	0.01460	0.03153	0.79525	0.03783	0.01792	0.00730	0.00232	0.00332	0.01626	0.00531	0.00465
59	0.01647	0.02050	0.32488	0.01646	0.10833	0.05807	0.01525	0.17746	0.01623	0.13122	0.01382	0.05163	0.01050	0.00658	0.00564	0.00178	0.00712	0.00531	0.00404	0.00870
60	0.02614	0.52456	0.08505	0.06252	0.01851	0.07151	0.06374	0.06032	0.01297	0.01577	0.00894	0.01059	0.00758	0.00517	0.00438	0.00142	0.00692	0.00371	0.00272	0.00747
61	0.02174	0.01602	0.01717	0.01316	0.01774	0.01774	0.01087	0.74423	0.02689	0.03605	0.01373	0.01373	0.00973	0.00687	0.00572	0.00172	0.00629	0.00515	0.00572	0.00973
62	0.01246	0.01280	0.05557	0.06595	0.42681	0.01218	0.06203	0.01568	0.01272	0.01794	0.05444	0.01978	0.09091	0.00677	0.00677	0.00177	0.06271	0.00607	0.00325	0.05338
63	0.00822	0.00590	0.00829	0.00839	0.00919	0.00659	0.00620	0.00985	0.00929	0.01334	0.01713	0.08088	0.01720	0.17749	0.54954	0.00768	0.01210	0.00722	0.04071	0.00478
64	0.06310	0.01347	0.02331	0.09521	0.09952	0.01365	0.33335	0.14725	0.01524	0.02189	0.01216	0.01509	0.00922	0.00549	0.00584	0.00177	0.00744	0.00569	0.08216	0.02915
65	0.02103	0.02539	0.01610	0.01443	0.01751	0.66929	0.01097	0.10120	0.01728	0.01650	0.01004	0.01238	0.00842	0.00631	0.00530	0.00154	0.00972	0.02634	0.00332	0.00693
66	0.00772	0.00551	0.00750	0.00882	0.00948	0.00529	0.00661	0.00926	0.01169	0.01544	0.03111	0.55181	0.03619	0.01721	0.00750	0.00243	0.00397	0.25230	0.00530	0.00485
67	0.05016	0.00669	0.00843	0.00865	0.01004	0.00643	0.00625	0.05491	0.01272	0.13298	0.02795	0.57543	0.03090	0.01495	0.00680	0.00218	0.00383	0.02936	0.00552	0.00582
68	0.01186	0.01017	0.01186	0.00847	0.01356	0.00762	0.00678	0.01440	0.01186	0.01864	0.01017	0.01186	0.00847	0.00424	0.00424	0.00085	0.00424	0.00339	0.00339	0.83395
69	0.00697	0.00498	0.00664	0.00796	0.00830	0.00465	0.00531	0.00796	0.01095	0.01460	0.03153	0.79525	0.03783	0.01792	0.00730	0.00232	0.00332	0.01626	0.00531	0.00465
70	0.00878	0.00604	0.00681	0.00664	0.00706	0.00602	0.00404	0.04173	0.01003	0.01336	0.06912	0.06138	0.06658	0.64116	0.02460	0.00481	0.00517	0.00878	0.00392	0.00399
71	0.00774	0.00575	0.00703	0.00684	0.00814	0.00523	0.00498	0.00980	0.01443	0.01963	0.48674	0.09424	0.21040	0.08328	0.00879	0.00220	0.00304	0.01094	0.00575	0.00505
72	0.75589	0.04970	0.00992	0.00793	0.01159	0.01357	0.00662	0.05556	0.01074	0.02562	0.00827	0.00952	0.00644	0.00537	0.00366	0.00174	0.00461	0.00320	0.00360	0.00644
73	0.01273	0.01316	0.06123	0.09366	0.06689	0.01501	0.01273	0.04938	0.01085	0.01625	0.00886	0.01283	0.00786	0.00794	0.01293	0.00206	0.45361	0.00473	0.00281	0.13448
74	0.01899	0.02227	0.01512	0.01370	0.01675	0.52224	0.01039	0.02536	0.26165	0.01731	0.01365	0.01399	0.01073	0.00652	0.00538	0.00163	0.00839	0.00461	0.00390	0.00744
75	0.00791	0.00568	0.00739	0.00795	0.00885	0.00538	0.00588	0.00968	0.01283	0.01733	0.25436	0.29243	0.07840	0.10099	0.00962	0.00256	0.00375	0.15873	0.00540	0.00488
76	0.00708	0.00505	0.00676	0.00809	0.00846	0.00474	0.00549	0.00815	0.01106	0.01472	0.03147	0.76068	0.03760	0.01782	0.00733	0.00234	0.00341	0.04978	0.00531	0.00468
77	0.00735	0.00528	0.00657	0.00745	0.00795	0.00496	0.00498	0.00826	0.01073	0.01405	0.03167	0.50456	0.12058	0.18900	0.01206	0.00300	0.00385	0.04837	0.00490	0.00444
78	0.00898	0.00607	0.00777	0.00721	0.00881	0.00551	0.00546	0.01151	0.01584	0.06592	0.63735	0.04275	0.13165	0.01174	0.00669	0.00181	0.00285	0.01027	0.00623	0.00559
79	0.02174	0.01602	0.01717	0.01316	0.01774	0.01774	0.01087	0.74423	0.02689	0.03605	0.01373	0.01373	0.00973	0.00687	0.00572	0.00172	0.00629	0.00515	0.00572	0.00973
80	0.01321	0.01905	0.30182	0.02047	0.24214	0.01302	0.02970	0.04026	0.04810	0.03579	0.01123	0.01342	0.00872	0.00569	0.00636	0.00170	0.06334	0.00465	0.00305	0.11828
81	0.01157	0.02891	0.73417	0.01668	0.02500	0.01334	0.05563	0.01812	0.01214	0.01812	0.01033	0.01224	0.00731	0.00540	0.00550	0.00182	0.00851	0.00435	0.00244	0.00842
82	0.05140	0.01011	0.01150	0.00866	0.01321	0.00838	0.00688	0.01588	0.08746	0.01982	0.06549	0.01493	0.01256	0.00518	0.00454	0.00107	0.00416	0.00419	0.00385	0.65070
83	0.01390	0.01332	0.02275	0.09328	0.70716	0.01352	0.01742	0.01733	0.01290	0.01837	0.01071	0.01424	0.00895	0.00514	0.00567	0.00171	0.00686	0.00510	0.00281	0.00885
84	0.01097	0.00648	0.00857	0.00768	0.00954	0.00589	0.00589	0.01359	0.01622	0.14474	0.63956	0.03892	0.04746	0.01094	0.00658	0.00179	0.00305	0.00959	0.00642	0.00611
85	0.01385	0.01312	0.02270	0.03277	0.67833	0.01307	0.05188	0.01693	0.01268	0.01810	0.01074	0.01443	0.00910	0.00605	0.00681	0.05609	0.00681	0.00517	0.00281	0.00857
86	0.01147	0.02959	0.76934	0.01630	0.02476	0.01328	0.02113	0.01811	0.01208	0.01811	0.01026	0.01208	0.00725	0.00543	0.00543	0.00181	0.00845	0.00423	0.00242	0.00845
87	0.00922	0.00658	0.00922	0.01053	0.01185	0.00658	0.00922	0.01185	0.01317	0.01712	0.03029	0.06452	0.03292	0.01580	0.00790	0.00263	0.00527	0.72480	0.00527	0.00527
88	0.00755	0.00544	0.00717	0.00773	0.00857	0.00506	0.00553	0.00935	0.01329	0.01821	0.33469	0.42807	0.06061	0.01515	0.00709	0.00211	0.00315	0.05052	0.00572	0.00499
89	0.01323	0.01209	0.01953	0.48036	0.08096	0.01385	0.11008	0.12901	0.04928	0.01913	0.01156	0.01526	0.00865	0.00583	0.00586	0.00187	0.00748	0.00538	0.00325	0.00736
90	0.01051	0.00718	0.00801	0.00739	0.00964	0.00678	0.00568	0.01458	0.12505	0.10188	0.17802	0.04129	0.37980	0.01157	0.00631	0.00185	0.00331	0.00972	0.06529	0.00615
91	0.00712	0.00510	0.00678	0.00786	0.00833	0.00475	0.00532	0.00835	0.01167	0.01575	0.13171	0.69179	0.04005	0.01706	0.00722	0.00225	0.00323	0.01545	0.00545	0.00475
92	0.01224	0.01163	0.01975	0.46418	0.34923	0.01309	0.01660	0.01587	0.01212	0.01636	0.01042	0.01478	0.00824	0.00545	0.00569	0.00182	0.00727	0.00509	0.00267	0.00751
93	0.22526	0.01203	0.01274	0.05960	0.01542	0.01379	0.00897	0.20802	0.19350	0.02609	0.09457	0.01822	0.02718	0.00744	0.00608	0.00185	0.05110	0.00560	0.00485	0.00771
94	0.01207	0.00960	0.01051	0.00954	0.01168	0.05391	0.00746	0.16095	0.06582	0.02392	0.38886	0.09008	0.03655	0.01099	0.00654	0.00190	0.00430	0.08300	0.00577	0.00652
95	0.01240	0.01072	0.01331	0.00954	0.01464	0.00846	0.04748	0.04761	0.01263	0.01941	0.01041	0.01214	0.00854	0.00439	0.00444	0.00095	0.00463	0.00365	0.00347	0.75120
96	0.01084	0.01050	0.02006	0.01526	0.01824	0.01001	0.37330	0.01336	0.01111	0.01494	0.01616	0.03787	0.03758	0.34895	0.03379	0.00366	0.00770	0.00772	0.00325	0.00569
97	0.00762	0.00556	0.00726	0.00810	0.00900	0.00520	0.00601	0.00932	0.01262	0.01679	0.17310	0.42454	0.11756	0.01594	0.00726	0.00224	0.00355	0.15791	0.00549	0.00493
98	0.01242	0.01125	0.01325	0.01043	0.01447	0.05013	0.06035	0.01809	0.17570	0.02020	0.12949	0.01891	0.01746	0.00630	0.00520	0.00135	0.00477	0.00540	0.00431	0.42052
99	0.00697	0.00498	0.00664	0.00796	0.00830	0.00465	0.00531	0.00796	0.01095	0.01460	0.03153	0.79525	0.03783	0.01792	0.00730	0.00232	0.00332	0.01626	0.00531	0.00465
100	0.00697	0.00498	0.00664	0.00796	0.00830	0.00465	0.00531	0.00796	0.01095	0.01460	0.03153	0.79525	0.03783	0.01792	0.00730	0.00232	0.00332	0.01626	0.00531	0.00465

[dist]
# distance from previous block
# <min> <max>
0	92

# created by:
# /software/SequenceAnalysis/GenePrediction/augustus/3.0.1/scripts/msa2prfl.pl ./fixed/BUSCOvEOG7Q2FWC.fas
