[name]
unknown

[dist]
# distance from previous block
# <min> <max>
67	572

[block]
# block no. 0 follows, 38 sequences, length 16
# corresponding to MSA columns:
# 647-662
name=unknown_A
#
# <colnr> <probs for GDERKNQSTAVLIFYWHMCP>
#	G	D	E	R	K	N	Q	S	T	A	V	L	I	F	Y	W	H	M	C	P
0	0.02081	0.01583	0.01690	0.01343	0.01787	0.01770	0.01094	0.54937	0.21326	0.03460	0.01705	0.01652	0.01234	0.00747	0.00604	0.00187	0.00614	0.00578	0.00604	0.01005
1	0.02699	0.01024	0.01396	0.01070	0.01536	0.00884	0.00884	0.02932	0.01722	0.75522	0.02373	0.02048	0.01489	0.00745	0.00605	0.00186	0.00512	0.00605	0.00745	0.01024
2	0.00825	0.00562	0.00671	0.00720	0.00733	0.00550	0.00433	0.00862	0.00973	0.01297	0.02399	0.30369	0.02823	0.51559	0.02248	0.00463	0.00500	0.01171	0.00433	0.00409
3	0.01420	0.01623	0.03550	0.02535	0.03144	0.01521	0.72921	0.01927	0.01420	0.01927	0.01217	0.01623	0.00913	0.00507	0.00710	0.00203	0.01014	0.00710	0.00304	0.00811
4	0.00815	0.00613	0.00754	0.00719	0.00876	0.00552	0.00539	0.01065	0.01617	0.02208	0.56939	0.04830	0.23653	0.01306	0.00710	0.00193	0.00289	0.01135	0.00635	0.00552
5	0.02699	0.01024	0.01396	0.01070	0.01536	0.00884	0.00884	0.02932	0.01722	0.75522	0.02373	0.02048	0.01489	0.00745	0.00605	0.00186	0.00512	0.00605	0.00745	0.01024
6	0.01104	0.00672	0.00878	0.00794	0.00984	0.00609	0.00607	0.01375	0.01691	0.12615	0.61548	0.04210	0.08211	0.01175	0.00695	0.00189	0.00317	0.01028	0.00669	0.00629
7	0.02699	0.01024	0.01396	0.01070	0.01536	0.00884	0.00884	0.02932	0.01722	0.75522	0.02373	0.02048	0.01489	0.00745	0.00605	0.00186	0.00512	0.00605	0.00745	0.01024
8	0.02387	0.01094	0.01387	0.01110	0.01543	0.01043	0.00902	0.03001	0.20507	0.56553	0.02393	0.02099	0.01579	0.00763	0.00607	0.00191	0.00503	0.00624	0.00710	0.01005
9	0.02158	0.13560	0.01907	0.01477	0.01816	0.66071	0.01144	0.02318	0.01637	0.01464	0.00917	0.01068	0.00774	0.00605	0.00521	0.00151	0.01023	0.00378	0.00303	0.00708
10	0.01420	0.01623	0.03550	0.02535	0.03144	0.01521	0.72921	0.01927	0.01420	0.01927	0.01217	0.01623	0.00913	0.00507	0.00710	0.00203	0.01014	0.00710	0.00304	0.00811
11	0.01316	0.01316	0.01843	0.01579	0.01579	0.01843	0.01316	0.01448	0.00921	0.01448	0.00790	0.01316	0.00790	0.01053	0.01974	0.00263	0.77757	0.00526	0.00263	0.00658
12	0.00733	0.00524	0.00698	0.00838	0.00873	0.00489	0.00558	0.00838	0.01152	0.01536	0.03316	0.78466	0.03979	0.01885	0.00768	0.00244	0.00349	0.01710	0.00558	0.00489
13	0.00711	0.00609	0.00609	0.00609	0.00813	0.00508	0.00457	0.00863	0.01371	0.01625	0.06094	0.05789	0.74862	0.01524	0.00711	0.00203	0.00305	0.01270	0.00559	0.00508
14	0.00835	0.00614	0.00781	0.00739	0.00888	0.00560	0.00554	0.01103	0.01663	0.02318	0.66559	0.04649	0.13964	0.01265	0.00710	0.00191	0.00286	0.01110	0.00650	0.00560
15	0.01484	0.01553	0.03096	0.12884	0.03131	0.01537	0.54345	0.10398	0.01558	0.02096	0.01224	0.01599	0.00910	0.00546	0.00682	0.00200	0.00942	0.00665	0.00335	0.00817

[dist]
# distance from previous block
# <min> <max>
0	1

[block]
# block no. 1 follows, 38 sequences, length 14
# corresponding to MSA columns:
# 664-677
name=unknown_B
#
# <colnr> <probs for GDERKNQSTAVLIFYWHMCP>
#	G	D	E	R	K	N	Q	S	T	A	V	L	I	F	Y	W	H	M	C	P
0	0.01608	0.79220	0.03152	0.01029	0.01544	0.02380	0.01029	0.01801	0.01222	0.01415	0.00836	0.00965	0.00772	0.00515	0.00386	0.00129	0.00643	0.00322	0.00257	0.00772
1	0.00733	0.00524	0.00698	0.00838	0.00873	0.00489	0.00558	0.00838	0.01152	0.01536	0.03316	0.78466	0.03979	0.01885	0.00768	0.00244	0.00349	0.01710	0.00558	0.00489
2	0.00819	0.00597	0.00770	0.00761	0.00888	0.00549	0.00558	0.01060	0.01576	0.02192	0.56462	0.18407	0.10369	0.01373	0.00721	0.00201	0.00298	0.01217	0.00635	0.00549
3	0.02177	0.02380	0.01657	0.01456	0.01804	0.51175	0.01116	0.13136	0.11568	0.05920	0.01288	0.01346	0.00993	0.00668	0.00564	0.00167	0.00909	0.00461	0.00417	0.00798
4	0.00847	0.00683	0.00902	0.00946	0.00988	0.00748	0.00680	0.00956	0.01114	0.01508	0.03021	0.53439	0.09752	0.05812	0.01111	0.00262	0.14819	0.01404	0.00493	0.00515
5	0.83108	0.01163	0.00884	0.00791	0.01163	0.01350	0.00651	0.01768	0.01024	0.02699	0.00838	0.00977	0.00651	0.00558	0.00372	0.00186	0.00465	0.00326	0.00372	0.00651
6	0.02699	0.01024	0.01396	0.01070	0.01536	0.00884	0.00884	0.02932	0.01722	0.75522	0.02373	0.02048	0.01489	0.00745	0.00605	0.00186	0.00512	0.00605	0.00745	0.01024
7	0.01420	0.01623	0.03550	0.02535	0.03144	0.01521	0.72921	0.01927	0.01420	0.01927	0.01217	0.01623	0.00913	0.00507	0.00710	0.00203	0.01014	0.00710	0.00304	0.00811
8	0.00851	0.00615	0.00804	0.00757	0.00899	0.00568	0.00568	0.01135	0.01703	0.02412	0.74788	0.04494	0.05676	0.01230	0.00710	0.00189	0.00284	0.01088	0.00662	0.00568
9	0.02247	0.02867	0.01705	0.01550	0.01860	0.76443	0.01162	0.02402	0.01705	0.01472	0.00930	0.01085	0.00775	0.00620	0.00542	0.00155	0.01085	0.00387	0.00310	0.00697
10	0.01520	0.01200	0.01287	0.01149	0.01486	0.01344	0.00896	0.02938	0.60477	0.08666	0.02812	0.02587	0.09208	0.00882	0.00622	0.00202	0.00462	0.00733	0.00618	0.00913
11	0.01372	0.01201	0.01389	0.15413	0.01992	0.01395	0.01051	0.02718	0.55155	0.02269	0.02455	0.02381	0.06931	0.00827	0.00617	0.00203	0.00525	0.00696	0.00544	0.00867
12	0.01608	0.79220	0.03152	0.01029	0.01544	0.02380	0.01029	0.01801	0.01222	0.01415	0.00836	0.00965	0.00772	0.00515	0.00386	0.00129	0.00643	0.00322	0.00257	0.00772
13	0.01034	0.00572	0.00649	0.00663	0.00787	0.00589	0.00495	0.01284	0.01196	0.02015	0.02035	0.09990	0.01782	0.01522	0.14452	0.00303	0.00532	0.00693	0.58857	0.00549

[dist]
# distance from previous block
# <min> <max>
0	3

[block]
# block no. 2 follows, 38 sequences, length 17
# corresponding to MSA columns:
# 681-697
name=unknown_C
#
# <colnr> <probs for GDERKNQSTAVLIFYWHMCP>
#	G	D	E	R	K	N	Q	S	T	A	V	L	I	F	Y	W	H	M	C	P
0	0.01686	0.01387	0.01467	0.01263	0.01637	0.01585	0.00998	0.20014	0.56892	0.02823	0.02207	0.02052	0.01641	0.00794	0.00610	0.00198	0.00521	0.00647	0.00610	0.00969
1	0.01241	0.01069	0.01279	0.05190	0.01578	0.00832	0.00767	0.01516	0.01245	0.01936	0.01069	0.01267	0.00886	0.00454	0.00454	0.00095	0.00466	0.00366	0.00351	0.77936
2	0.00741	0.00527	0.00696	0.00828	0.00861	0.00494	0.00548	0.00840	0.01136	0.01515	0.03237	0.74341	0.03880	0.06145	0.00895	0.00263	0.00362	0.01664	0.00548	0.00482
3	0.01316	0.01316	0.01843	0.01579	0.01579	0.01843	0.01316	0.01448	0.00921	0.01448	0.00790	0.01316	0.00790	0.01053	0.01974	0.00263	0.77757	0.00526	0.00263	0.00658
4	0.00839	0.00605	0.00793	0.00765	0.00896	0.00559	0.00567	0.01104	0.01644	0.02319	0.67176	0.12372	0.05495	0.01300	0.00716	0.00195	0.00291	0.01154	0.00651	0.00559
5	0.01121	0.00561	0.00561	0.00561	0.00701	0.00561	0.00421	0.01402	0.01262	0.02243	0.01962	0.02243	0.01542	0.00701	0.00421	0.00140	0.00280	0.00561	0.82198	0.00561
6	0.02699	0.01024	0.01396	0.01070	0.01536	0.00884	0.00884	0.02932	0.01722	0.75522	0.02373	0.02048	0.01489	0.00745	0.00605	0.00186	0.00512	0.00605	0.00745	0.01024
7	0.01207	0.03112	0.75741	0.01715	0.02604	0.01397	0.02223	0.01905	0.01270	0.01905	0.01080	0.01270	0.00762	0.00572	0.00572	0.00191	0.00889	0.00445	0.00254	0.00889
8	0.01489	0.01429	0.02442	0.03692	0.75106	0.01429	0.01846	0.01846	0.01370	0.01965	0.01132	0.01489	0.00953	0.00536	0.00596	0.00179	0.00715	0.00536	0.00298	0.00953
9	0.83108	0.01163	0.00884	0.00791	0.01163	0.01350	0.00651	0.01768	0.01024	0.02699	0.00838	0.00977	0.00651	0.00558	0.00372	0.00186	0.00465	0.00326	0.00372	0.00651
10	0.01284	0.01269	0.01781	0.01536	0.01544	0.01766	0.01277	0.01422	0.00924	0.01444	0.00847	0.01390	0.00840	0.01296	0.07204	0.00313	0.72412	0.00535	0.00267	0.00650
11	0.01857	0.01342	0.01494	0.01203	0.01595	0.01434	0.00969	0.44210	0.06207	0.06315	0.01733	0.09794	0.01443	0.01121	0.06510	0.00241	0.00655	0.00668	0.02741	0.08470
12	0.01286	0.01399	0.02904	0.02155	0.02615	0.01353	0.54552	0.01692	0.01335	0.01821	0.01574	0.15771	0.01469	0.00799	0.00809	0.00215	0.06278	0.00881	0.00348	0.00741
13	0.01116	0.00812	0.00989	0.00872	0.01077	0.00807	0.00674	0.14405	0.01910	0.02667	0.61264	0.03931	0.04818	0.01136	0.00690	0.00188	0.00354	0.00987	0.00651	0.00652
14	0.00733	0.00524	0.00698	0.00838	0.00873	0.00489	0.00558	0.00838	0.01152	0.01536	0.03316	0.78466	0.03979	0.01885	0.00768	0.00244	0.00349	0.01710	0.00558	0.00489
15	0.01420	0.01623	0.03550	0.02535	0.03144	0.01521	0.72921	0.01927	0.01420	0.01927	0.01217	0.01623	0.00913	0.00507	0.00710	0.00203	0.01014	0.00710	0.00304	0.00811
16	0.02470	0.01032	0.01365	0.01061	0.01494	0.00927	0.00871	0.08206	0.01806	0.62149	0.10014	0.02261	0.01899	0.00795	0.00616	0.00186	0.00499	0.00651	0.00725	0.00975

[dist]
# distance from previous block
# <min> <max>
4	187

# created by:
# /software/SequenceAnalysis/GenePrediction/augustus/3.0.1/scripts/msa2prfl.pl ./fixed/BUSCOvEOG7RFN65.fas
