[name]
unknown

[dist]
# distance from previous block
# <min> <max>
0	109

[block]
# block no. 0 follows, 41 sequences, length 21
# corresponding to MSA columns:
# 133-153
name=unknown_A
#
# <colnr> <probs for GDERKNQSTAVLIFYWHMCP>
#	G	D	E	R	K	N	Q	S	T	A	V	L	I	F	Y	W	H	M	C	P
0	0.01063	0.00532	0.00541	0.00541	0.00669	0.00532	0.00404	0.01310	0.01182	0.02088	0.01832	0.02117	0.01448	0.00718	0.00471	0.03356	0.00275	0.00532	0.79866	0.00522
1	0.01355	0.01150	0.01533	0.05930	0.01742	0.01051	0.09305	0.16203	0.01499	0.02152	0.01296	0.08279	0.01132	0.00615	0.00519	0.00135	0.00541	0.00539	0.00392	0.44634
2	0.01024	0.00890	0.01292	0.06922	0.05233	0.00818	0.07914	0.01336	0.05759	0.01702	0.01972	0.32775	0.02080	0.01016	0.00599	0.00173	0.00479	0.00929	0.00417	0.26669
3	0.01142	0.00970	0.01139	0.00843	0.01309	0.00736	0.00665	0.01383	0.01178	0.01828	0.01207	0.08179	0.01109	0.00546	0.00451	0.00098	0.00415	0.00454	0.00356	0.75992
4	0.01265	0.01034	0.01200	0.00900	0.01340	0.00877	0.00713	0.10856	0.01340	0.02003	0.01150	0.01448	0.00983	0.05670	0.06375	0.00188	0.00541	0.00413	0.00367	0.61335
5	0.01269	0.02528	0.56705	0.01872	0.09086	0.01323	0.11638	0.01858	0.01256	0.05545	0.01110	0.01308	0.00794	0.00540	0.00565	0.00181	0.00829	0.00472	0.00275	0.00847
6	0.01186	0.01017	0.01186	0.00847	0.01356	0.00762	0.00678	0.01440	0.01186	0.01864	0.01017	0.01186	0.00847	0.00424	0.00424	0.00085	0.00424	0.00339	0.00339	0.83395
7	0.01253	0.02709	0.65685	0.01662	0.02459	0.01309	0.08474	0.01874	0.01247	0.06454	0.01114	0.01283	0.00780	0.00548	0.00557	0.00182	0.00834	0.00455	0.00275	0.00847
8	0.02137	0.02726	0.01621	0.01474	0.01768	0.77602	0.01105	0.02284	0.01621	0.01400	0.00884	0.01031	0.00737	0.00589	0.00516	0.00147	0.01031	0.00368	0.00295	0.00663
9	0.83938	0.01106	0.00841	0.00752	0.01106	0.01283	0.00619	0.01681	0.00973	0.02566	0.00796	0.00929	0.00619	0.00531	0.00354	0.00177	0.00442	0.00310	0.00354	0.00619
10	0.83938	0.01106	0.00841	0.00752	0.01106	0.01283	0.00619	0.01681	0.00973	0.02566	0.00796	0.00929	0.00619	0.00531	0.00354	0.00177	0.00442	0.00310	0.00354	0.00619
11	0.00820	0.00602	0.00862	0.00862	0.00945	0.00684	0.00644	0.00985	0.00902	0.01286	0.01584	0.02535	0.01555	0.18834	0.63258	0.00849	0.01344	0.00655	0.00314	0.00479
12	0.00979	0.00869	0.00925	0.03453	0.03739	0.03922	0.00682	0.01522	0.20249	0.01824	0.10346	0.09361	0.37579	0.01180	0.00642	0.00192	0.00392	0.00997	0.00525	0.00622
13	0.01066	0.00533	0.00533	0.00533	0.00666	0.00533	0.00400	0.01333	0.01200	0.02132	0.01866	0.02132	0.01466	0.00666	0.00400	0.00133	0.00267	0.00533	0.83073	0.00533
14	0.01251	0.01251	0.01752	0.01502	0.01502	0.01752	0.01251	0.01377	0.00876	0.01377	0.00751	0.01251	0.00751	0.01001	0.01877	0.00250	0.78851	0.00501	0.00250	0.00626
15	0.01186	0.01017	0.01186	0.00847	0.01356	0.00762	0.00678	0.01440	0.01186	0.01864	0.01017	0.01186	0.00847	0.00424	0.00424	0.00085	0.00424	0.00339	0.00339	0.83395
16	0.01465	0.01178	0.01585	0.38996	0.02720	0.01344	0.01248	0.22506	0.07187	0.04629	0.01294	0.01616	0.00983	0.04155	0.00667	0.00194	0.00658	0.00525	0.00395	0.06655
17	0.01191	0.01033	0.01226	0.00894	0.01366	0.00833	0.00719	0.01436	0.01164	0.01829	0.00998	0.01191	0.00840	0.00465	0.00527	0.00097	0.06019	0.00350	0.00333	0.77489
18	0.01066	0.00533	0.00533	0.00533	0.00666	0.00533	0.00400	0.01333	0.01200	0.02132	0.01866	0.02132	0.01466	0.00666	0.00400	0.00133	0.00267	0.00533	0.83073	0.00533
19	0.01185	0.01305	0.07292	0.53214	0.10157	0.03974	0.08468	0.01573	0.01188	0.01553	0.01021	0.01466	0.00781	0.00574	0.00630	0.00189	0.03967	0.00513	0.00260	0.00688
20	0.01335	0.45324	0.04242	0.14939	0.04216	0.01760	0.06347	0.01599	0.01179	0.01459	0.01110	0.01652	0.01016	0.00792	0.04316	0.00195	0.00709	0.06835	0.00279	0.00697

[dist]
# distance from previous block
# <min> <max>
0	1

[block]
# block no. 1 follows, 41 sequences, length 27
# corresponding to MSA columns:
# 155-181
name=unknown_B
#
# <colnr> <probs for GDERKNQSTAVLIFYWHMCP>
#	G	D	E	R	K	N	Q	S	T	A	V	L	I	F	Y	W	H	M	C	P
0	0.00731	0.00512	0.00654	0.00752	0.00777	0.00487	0.00484	0.00805	0.01028	0.01371	0.02809	0.60228	0.03349	0.21681	0.01285	0.00314	0.00389	0.01424	0.00484	0.00435
1	0.01753	0.01598	0.02934	0.01240	0.01600	0.15234	0.00993	0.24139	0.32413	0.04071	0.05194	0.01848	0.02924	0.00741	0.00572	0.00178	0.00607	0.00580	0.00524	0.00857
2	0.01995	0.08093	0.01823	0.01305	0.01671	0.01470	0.06382	0.22847	0.01714	0.27707	0.01476	0.01516	0.01048	0.00729	0.00842	0.00188	0.17305	0.00526	0.00501	0.00864
3	0.77083	0.04075	0.00989	0.00887	0.04562	0.01323	0.00685	0.01686	0.00996	0.02489	0.00809	0.00951	0.00637	0.00528	0.00364	0.00175	0.00460	0.00319	0.00347	0.00637
4	0.01860	0.01446	0.01539	0.01252	0.01654	0.01627	0.01011	0.44535	0.33090	0.03097	0.01773	0.01692	0.01297	0.00724	0.00576	0.00181	0.00555	0.00570	0.00576	0.00945
5	0.00810	0.00585	0.00765	0.00720	0.00855	0.00540	0.00540	0.01079	0.01619	0.02294	0.76028	0.04273	0.05397	0.01169	0.00675	0.00180	0.00270	0.01034	0.00630	0.00540
6	0.00685	0.00580	0.00592	0.00589	0.00778	0.00487	0.00442	0.00839	0.01326	0.01597	0.10639	0.05420	0.71221	0.01429	0.00676	0.00192	0.00288	0.01195	0.00538	0.00487
7	0.01147	0.02959	0.76934	0.01630	0.02476	0.01328	0.02113	0.01811	0.01208	0.01811	0.01026	0.01208	0.00725	0.00543	0.00543	0.00181	0.00845	0.00423	0.00242	0.00845
8	0.00820	0.00602	0.00864	0.00864	0.00948	0.00685	0.00647	0.00986	0.00903	0.01287	0.01582	0.02525	0.01551	0.18327	0.63759	0.00852	0.01351	0.00653	0.00314	0.00480
9	0.00774	0.00550	0.00718	0.00763	0.00796	0.00530	0.02401	0.00839	0.00986	0.01315	0.02505	0.44082	0.02956	0.36160	0.01689	0.00373	0.00447	0.01251	0.00443	0.00421
10	0.01066	0.00533	0.00533	0.00533	0.00666	0.00533	0.00400	0.01333	0.01200	0.02132	0.01866	0.02132	0.01466	0.00666	0.00400	0.00133	0.00267	0.00533	0.83073	0.00533
11	0.02031	0.33588	0.04838	0.01039	0.01502	0.04900	0.00950	0.02251	0.01425	0.38023	0.03163	0.01507	0.01167	0.00617	0.00488	0.00153	0.00571	0.00460	0.00480	0.00847
12	0.01165	0.02837	0.70589	0.01698	0.02520	0.01339	0.08336	0.01813	0.01220	0.01813	0.01038	0.01237	0.00737	0.00538	0.00555	0.00182	0.00856	0.00444	0.00246	0.00839
13	0.75703	0.01097	0.00928	0.08482	0.01388	0.01282	0.00716	0.01660	0.00990	0.02456	0.00818	0.00988	0.00634	0.00535	0.00376	0.00178	0.00474	0.00329	0.00344	0.00621
14	0.00820	0.00602	0.00864	0.00864	0.00948	0.00685	0.00647	0.00986	0.00903	0.01287	0.01582	0.02525	0.01551	0.18327	0.63759	0.00852	0.01351	0.00653	0.00314	0.00480
15	0.00858	0.00641	0.00824	0.00899	0.01039	0.00623	0.00737	0.01141	0.04708	0.01749	0.12111	0.14855	0.17165	0.01497	0.00738	0.00233	0.00425	0.38686	0.00543	0.00530
16	0.00697	0.00498	0.00664	0.00796	0.00830	0.00465	0.00531	0.00796	0.01095	0.01460	0.03153	0.79525	0.03783	0.01792	0.00730	0.00232	0.00332	0.01626	0.00531	0.00465
17	0.01491	0.01383	0.02262	0.03293	0.68920	0.01400	0.01689	0.08978	0.01440	0.02041	0.01105	0.01411	0.00913	0.00527	0.00567	0.00170	0.00675	0.00510	0.00312	0.00913
18	0.83938	0.01106	0.00841	0.00752	0.01106	0.01283	0.00619	0.01681	0.00973	0.02566	0.00796	0.00929	0.00619	0.00531	0.00354	0.00177	0.00442	0.00310	0.00354	0.00619
19	0.07541	0.70964	0.06177	0.00992	0.01487	0.02149	0.01004	0.01715	0.01150	0.01456	0.00806	0.00931	0.00725	0.00495	0.00374	0.00129	0.00610	0.00311	0.00253	0.00731
20	0.00817	0.00613	0.00919	0.00919	0.01021	0.00715	0.00715	0.01021	0.00919	0.01328	0.01532	0.02247	0.01430	0.04290	0.77631	0.00919	0.01532	0.00613	0.00306	0.00511
21	0.01483	0.01508	0.02329	0.03228	0.63553	0.08943	0.06995	0.01814	0.01338	0.01819	0.01063	0.01387	0.00886	0.00516	0.00569	0.00169	0.00735	0.00508	0.00285	0.00872
22	0.00820	0.00603	0.00871	0.00871	0.00956	0.00689	0.00655	0.00990	0.00905	0.01292	0.01576	0.02492	0.01536	0.16683	0.65384	0.00859	0.01372	0.00649	0.00313	0.00484
23	0.00761	0.00579	0.00822	0.11838	0.01274	0.00586	0.00682	0.00915	0.01147	0.01532	0.09136	0.61946	0.03493	0.01565	0.00703	0.00222	0.00388	0.01416	0.00500	0.00495
24	0.01423	0.01229	0.01293	0.01164	0.01487	0.01423	0.00905	0.03039	0.75297	0.02393	0.02328	0.02134	0.01746	0.00776	0.00582	0.00194	0.00453	0.00647	0.00582	0.00905
25	0.01066	0.00533	0.00533	0.00533	0.00666	0.00533	0.00400	0.01333	0.01200	0.02132	0.01866	0.02132	0.01466	0.00666	0.00400	0.00133	0.00267	0.00533	0.83073	0.00533
26	0.01355	0.01503	0.08030	0.08243	0.45650	0.01375	0.21819	0.01760	0.01298	0.01826	0.01091	0.01443	0.00872	0.00509	0.00595	0.00178	0.00776	0.00549	0.00280	0.00846

[dist]
# distance from previous block
# <min> <max>
0	1

[block]
# block no. 2 follows, 41 sequences, length 16
# corresponding to MSA columns:
# 183-198
name=unknown_C
#
# <colnr> <probs for GDERKNQSTAVLIFYWHMCP>
#	G	D	E	R	K	N	Q	S	T	A	V	L	I	F	Y	W	H	M	C	P
0	0.01764	0.10017	0.09991	0.01346	0.01701	0.45161	0.01142	0.06312	0.01485	0.01561	0.01022	0.01250	0.00857	0.01157	0.12536	0.00270	0.01023	0.00415	0.00302	0.00685
1	0.83938	0.01106	0.00841	0.00752	0.01106	0.01283	0.00619	0.01681	0.00973	0.02566	0.00796	0.00929	0.00619	0.00531	0.00354	0.00177	0.00442	0.00310	0.00354	0.00619
2	0.01199	0.02366	0.49321	0.01917	0.08277	0.01317	0.19400	0.01773	0.01271	0.01847	0.05049	0.01468	0.01022	0.00559	0.00584	0.00183	0.00830	0.00523	0.00277	0.00816
3	0.00994	0.00497	0.00745	0.00745	0.00745	0.00497	0.00497	0.00745	0.00745	0.00994	0.00994	0.01739	0.00994	0.01987	0.02235	0.83358	0.00497	0.00497	0.00248	0.00248
4	0.01648	0.29243	0.02325	0.03559	0.25788	0.18562	0.01274	0.05755	0.03757	0.01683	0.00990	0.01180	0.00836	0.00539	0.00486	0.00150	0.00725	0.00412	0.00297	0.00790
5	0.06703	0.01221	0.01288	0.00972	0.01442	0.06193	0.00782	0.12454	0.01475	0.10422	0.01184	0.01271	0.00907	0.00512	0.00464	0.00118	0.00504	0.00391	0.00412	0.51286
6	0.01982	0.07326	0.01793	0.01232	0.01714	0.01134	0.12298	0.10221	0.01583	0.36380	0.01630	0.01591	0.01117	0.00598	0.00544	0.00157	0.00574	0.00517	0.00519	0.17092
7	0.00977	0.00722	0.00963	0.01066	0.01219	0.00743	0.00920	0.01390	0.09507	0.01787	0.02951	0.05974	0.03121	0.01491	0.00767	0.00256	0.00519	0.64527	0.00533	0.00569
8	0.05646	0.04066	0.42399	0.02044	0.14020	0.01380	0.18765	0.01798	0.01242	0.01855	0.01047	0.01297	0.00781	0.00522	0.00564	0.00181	0.00820	0.00486	0.00265	0.00823
9	0.00718	0.00574	0.00643	0.00641	0.00803	0.00499	0.00475	0.00897	0.01381	0.01765	0.26920	0.11628	0.48249	0.01394	0.00680	0.00193	0.00287	0.01191	0.00561	0.00499
10	0.02116	0.01573	0.01684	0.01304	0.01751	0.01746	0.01073	0.68852	0.08355	0.03510	0.01448	0.01433	0.01033	0.00694	0.00573	0.00173	0.00616	0.00525	0.00573	0.00967
11	0.01066	0.00533	0.00533	0.00533	0.00666	0.00533	0.00400	0.01333	0.01200	0.02132	0.01866	0.02132	0.01466	0.00666	0.00400	0.00133	0.00267	0.00533	0.83073	0.00533
12	0.01032	0.00946	0.01398	0.29376	0.02172	0.01172	0.01131	0.01287	0.01191	0.01644	0.19446	0.02453	0.08490	0.00924	0.01005	0.00206	0.24468	0.00694	0.00368	0.00596
13	0.01037	0.00773	0.00957	0.00955	0.01105	0.00786	0.00723	0.13653	0.01403	0.01892	0.02609	0.47038	0.02933	0.01457	0.00736	0.00218	0.03292	0.12368	0.00516	0.05550
14	0.01750	0.02016	0.07055	0.01723	0.08488	0.31656	0.13826	0.15122	0.01702	0.02003	0.05718	0.01565	0.03503	0.00641	0.00575	0.00167	0.00834	0.00531	0.00367	0.00759
15	0.15538	0.01929	0.30293	0.01621	0.02237	0.01300	0.23722	0.01740	0.01199	0.01943	0.01018	0.01261	0.00765	0.00520	0.00572	0.00174	0.02809	0.00472	0.00287	0.10598

[dist]
# distance from previous block
# <min> <max>
5	11

[block]
# block no. 3 follows, 41 sequences, length 7
# corresponding to MSA columns:
# 211-217
name=unknown_D
#
# <colnr> <probs for GDERKNQSTAVLIFYWHMCP>
#	G	D	E	R	K	N	Q	S	T	A	V	L	I	F	Y	W	H	M	C	P
0	0.10990	0.10785	0.01631	0.01119	0.01550	0.01576	0.00937	0.40546	0.07401	0.05692	0.01531	0.01533	0.04607	0.00670	0.00518	0.00163	0.00556	0.00499	0.00495	0.07203
1	0.00705	0.00514	0.00656	0.00759	0.00815	0.00474	0.00511	0.00814	0.01132	0.01492	0.06693	0.63732	0.12567	0.05237	0.00819	0.00240	0.00334	0.01513	0.00527	0.00465
2	0.59412	0.01208	0.01250	0.01010	0.01412	0.01325	0.08857	0.10362	0.01234	0.02561	0.00920	0.01068	0.00705	0.00537	0.00420	0.00172	0.00521	0.00377	0.00372	0.06278
3	0.01020	0.00638	0.00850	0.00801	0.00969	0.00590	0.00628	0.01284	0.01577	0.10460	0.57310	0.04330	0.04652	0.01178	0.00680	0.00192	0.00331	0.11301	0.00623	0.00586
4	0.01219	0.00988	0.01164	0.00862	0.01306	0.00788	0.00679	0.05496	0.01219	0.01859	0.01034	0.01263	0.00872	0.00625	0.00648	0.10027	0.00444	0.00368	0.00341	0.68799
5	0.01762	0.09931	0.01492	0.01102	0.01477	0.01350	0.00895	0.02820	0.45990	0.23543	0.02137	0.01945	0.01539	0.00725	0.00556	0.00181	0.00480	0.00588	0.00581	0.00906
6	0.00697	0.00498	0.00664	0.00796	0.00830	0.00465	0.00531	0.00796	0.01095	0.01460	0.03153	0.79525	0.03783	0.01792	0.00730	0.00232	0.00332	0.01626	0.00531	0.00465

[dist]
# distance from previous block
# <min> <max>
0	2

[block]
# block no. 4 follows, 41 sequences, length 31
# corresponding to MSA columns:
# 220-250
name=unknown_E
#
# <colnr> <probs for GDERKNQSTAVLIFYWHMCP>
#	G	D	E	R	K	N	Q	S	T	A	V	L	I	F	Y	W	H	M	C	P
0	0.02174	0.01602	0.01717	0.01316	0.01774	0.01774	0.01087	0.74423	0.02689	0.03605	0.01373	0.01373	0.00973	0.00687	0.00572	0.00172	0.00629	0.00515	0.00572	0.00973
1	0.00676	0.00579	0.00579	0.00579	0.00773	0.00483	0.00435	0.00821	0.01304	0.01545	0.05794	0.05505	0.76098	0.01449	0.00676	0.00193	0.00290	0.01207	0.00531	0.00483
2	0.03859	0.00604	0.00767	0.00721	0.00864	0.00567	0.00543	0.01101	0.01595	0.02304	0.73269	0.04150	0.05222	0.01146	0.00663	0.00180	0.00276	0.01008	0.00620	0.00543
3	0.02566	0.00973	0.01327	0.01018	0.01460	0.00841	0.00841	0.02788	0.01637	0.76726	0.02257	0.01947	0.01416	0.00708	0.00575	0.00177	0.00487	0.00575	0.00708	0.00973
4	0.02195	0.01569	0.01696	0.01300	0.01757	0.01725	0.01074	0.70670	0.02634	0.07436	0.01420	0.01403	0.00996	0.00688	0.00572	0.00172	0.00622	0.00518	0.00579	0.00973
5	0.01423	0.01229	0.01293	0.01164	0.01487	0.01423	0.00905	0.03039	0.75297	0.02393	0.02328	0.02134	0.01746	0.00776	0.00582	0.00194	0.00453	0.00647	0.00582	0.00905
6	0.02566	0.00973	0.01327	0.01018	0.01460	0.00841	0.00841	0.02788	0.01637	0.76726	0.02257	0.01947	0.01416	0.00708	0.00575	0.00177	0.00487	0.00575	0.00708	0.00973
7	0.02174	0.01602	0.01717	0.01316	0.01774	0.01774	0.01087	0.74423	0.02689	0.03605	0.01373	0.01373	0.00973	0.00687	0.00572	0.00172	0.00629	0.00515	0.00572	0.00973
8	0.02174	0.01602	0.01717	0.01316	0.01774	0.01774	0.01087	0.74423	0.02689	0.03605	0.01373	0.01373	0.00973	0.00687	0.00572	0.00172	0.00629	0.00515	0.00572	0.00973
9	0.00810	0.00585	0.00765	0.00720	0.00855	0.00540	0.00540	0.01079	0.01619	0.02294	0.76028	0.04273	0.05397	0.01169	0.00675	0.00180	0.00270	0.01034	0.00630	0.00540
10	0.02467	0.00953	0.01288	0.00995	0.01424	0.00822	0.00819	0.02685	0.01620	0.72787	0.02442	0.02133	0.05329	0.00747	0.00580	0.00178	0.00476	0.00608	0.00699	0.00948
11	0.00703	0.00500	0.00662	0.00789	0.00821	0.00469	0.00523	0.00798	0.01083	0.01445	0.03093	0.76166	0.03708	0.05253	0.00827	0.00247	0.00342	0.01591	0.00523	0.00459
12	0.00686	0.00580	0.00593	0.00590	0.00779	0.00487	0.00442	0.00840	0.01327	0.01600	0.10916	0.05415	0.70942	0.01428	0.00676	0.00192	0.00288	0.01195	0.00538	0.00487
13	0.00697	0.00498	0.00664	0.00796	0.00830	0.00465	0.00531	0.00796	0.01095	0.01460	0.03153	0.79525	0.03783	0.01792	0.00730	0.00232	0.00332	0.01626	0.00531	0.00465
14	0.00702	0.00500	0.00662	0.00790	0.00822	0.00468	0.00524	0.00798	0.01085	0.01447	0.03103	0.76745	0.03721	0.04657	0.00810	0.00244	0.00340	0.01597	0.00524	0.00460
15	0.00697	0.00498	0.00664	0.00796	0.00830	0.00465	0.00531	0.00796	0.01095	0.01460	0.03153	0.79525	0.03783	0.01792	0.00730	0.00232	0.00332	0.01626	0.00531	0.00465
16	0.00801	0.00581	0.00755	0.00718	0.00851	0.00535	0.00536	0.01060	0.01589	0.02238	0.70973	0.07252	0.07556	0.01202	0.00677	0.00182	0.00273	0.01063	0.00623	0.00535
17	0.00810	0.00585	0.00765	0.00720	0.00855	0.00540	0.00540	0.01079	0.01619	0.02294	0.76028	0.04273	0.05397	0.01169	0.00675	0.00180	0.00270	0.01034	0.00630	0.00540
18	0.00697	0.00498	0.00664	0.00796	0.00830	0.00465	0.00531	0.00796	0.01095	0.01460	0.03153	0.79525	0.03783	0.01792	0.00730	0.00232	0.00332	0.01626	0.00531	0.00465
19	0.00832	0.00555	0.00624	0.00624	0.00624	0.00555	0.00347	0.00832	0.00832	0.01109	0.01802	0.03743	0.02080	0.79898	0.02911	0.00555	0.00555	0.00832	0.00347	0.00347
20	0.00810	0.00585	0.00765	0.00720	0.00855	0.00540	0.00540	0.01079	0.01619	0.02294	0.76028	0.04273	0.05397	0.01169	0.00675	0.00180	0.00270	0.01034	0.00630	0.00540
21	0.00697	0.00498	0.00664	0.00796	0.00830	0.00465	0.00531	0.00796	0.01095	0.01460	0.03153	0.79525	0.03783	0.01792	0.00730	0.00232	0.00332	0.01626	0.00531	0.00465
22	0.00701	0.00501	0.00667	0.00794	0.00831	0.00467	0.00531	0.00807	0.01114	0.01491	0.05826	0.76765	0.03842	0.01769	0.00728	0.00230	0.00330	0.01604	0.00535	0.00467
23	0.01350	0.01543	0.03375	0.02411	0.02989	0.01446	0.74253	0.01832	0.01350	0.01832	0.01157	0.01543	0.00868	0.00482	0.00675	0.00193	0.00964	0.00675	0.00289	0.00771
24	0.01186	0.01017	0.01186	0.00847	0.01356	0.00762	0.00678	0.01440	0.01186	0.01864	0.01017	0.01186	0.00847	0.00424	0.00424	0.00085	0.00424	0.00339	0.00339	0.83395
25	0.01401	0.01344	0.02295	0.06835	0.73122	0.01355	0.01748	0.01742	0.01295	0.01851	0.01073	0.01421	0.00900	0.00512	0.00567	0.00171	0.00683	0.00510	0.00282	0.00894
26	0.00697	0.00498	0.00664	0.00796	0.00830	0.00465	0.00531	0.00796	0.01095	0.01460	0.03153	0.79525	0.03783	0.01792	0.00730	0.00232	0.00332	0.01626	0.00531	0.00465
27	0.01416	0.01359	0.02322	0.03511	0.76330	0.01359	0.01755	0.01755	0.01302	0.01869	0.01076	0.01416	0.00906	0.00510	0.00566	0.00170	0.00680	0.00510	0.00283	0.00906
28	0.02174	0.01602	0.01717	0.01316	0.01774	0.01774	0.01087	0.74423	0.02689	0.03605	0.01373	0.01373	0.00973	0.00687	0.00572	0.00172	0.00629	0.00515	0.00572	0.00973
29	0.00821	0.00550	0.00627	0.00638	0.00641	0.00547	0.00362	0.00829	0.00854	0.01138	0.01915	0.10063	0.02222	0.73385	0.02729	0.00528	0.00536	0.00898	0.00362	0.00356
30	0.01251	0.01251	0.01752	0.01502	0.01502	0.01752	0.01251	0.01377	0.00876	0.01377	0.00751	0.01251	0.00751	0.01001	0.01877	0.00250	0.78851	0.00501	0.00250	0.00626

[dist]
# distance from previous block
# <min> <max>
0	6

[block]
# block no. 5 follows, 41 sequences, length 29
# corresponding to MSA columns:
# 259-287
name=unknown_F
#
# <colnr> <probs for GDERKNQSTAVLIFYWHMCP>
#	G	D	E	R	K	N	Q	S	T	A	V	L	I	F	Y	W	H	M	C	P
0	0.01379	0.01201	0.01809	0.66792	0.03709	0.01415	0.01570	0.10916	0.01440	0.01886	0.01220	0.01715	0.00941	0.00691	0.00638	0.00217	0.00792	0.00559	0.00350	0.00760
1	0.01080	0.01017	0.01716	0.78523	0.03940	0.01271	0.01589	0.01461	0.01144	0.01461	0.01017	0.01525	0.00762	0.00572	0.00572	0.00191	0.00762	0.00508	0.00254	0.00635
2	0.01456	0.65502	0.17100	0.01103	0.01660	0.02085	0.01195	0.01732	0.01171	0.01435	0.00839	0.00973	0.00732	0.00500	0.00401	0.00134	0.00656	0.00328	0.00244	0.00755
3	0.01424	0.01486	0.03134	0.02260	0.02792	0.01426	0.64660	0.01866	0.01338	0.06778	0.01204	0.01551	0.00897	0.00531	0.00746	0.00196	0.05964	0.00657	0.00315	0.00775
4	0.78433	0.01068	0.00820	0.00738	0.01077	0.01233	0.00605	0.01658	0.00988	0.02537	0.00867	0.01009	0.00676	0.00540	0.00357	0.00174	0.00431	0.00325	0.05849	0.00614
5	0.00803	0.00584	0.00755	0.00712	0.00850	0.00537	0.00534	0.01066	0.01603	0.02255	0.72440	0.04336	0.09009	0.01184	0.00675	0.00181	0.00271	0.01043	0.00625	0.00537
6	0.02074	0.01546	0.01662	0.01278	0.01733	0.01690	0.01052	0.66275	0.05945	0.03433	0.01394	0.01396	0.01000	0.00673	0.00563	0.00167	0.00608	0.00509	0.00557	0.06445
7	0.77319	0.01099	0.00911	0.06965	0.01333	0.01282	0.00697	0.01664	0.00987	0.02478	0.00814	0.00977	0.00631	0.00534	0.00371	0.00178	0.00468	0.00326	0.00346	0.00621
8	0.01461	0.51329	0.12003	0.01387	0.01933	0.04172	0.17208	0.01768	0.01222	0.01511	0.00905	0.01093	0.00762	0.00497	0.00460	0.00146	0.00730	0.00403	0.00256	0.00754
9	0.01309	0.01412	0.02795	0.02017	0.02534	0.01332	0.53258	0.01715	0.01278	0.01801	0.01095	0.01446	0.00854	0.00513	0.00722	0.00175	0.07232	0.00592	0.00296	0.17623
10	0.00912	0.00663	0.00832	0.00769	0.00926	0.00635	0.00581	0.07063	0.01670	0.02336	0.64113	0.08190	0.06767	0.01171	0.00669	0.00182	0.00303	0.01029	0.00617	0.00570
11	0.02174	0.01602	0.01717	0.01316	0.01774	0.01774	0.01087	0.74423	0.02689	0.03605	0.01373	0.01373	0.00973	0.00687	0.00572	0.00172	0.00629	0.00515	0.00572	0.00973
12	0.00696	0.00586	0.00607	0.00618	0.00806	0.00497	0.00474	0.00851	0.01305	0.01559	0.05568	0.05582	0.70136	0.01459	0.00685	0.00199	0.00309	0.07043	0.00531	0.00486
13	0.00949	0.00690	0.00942	0.01059	0.01202	0.00700	0.00921	0.01287	0.05371	0.01749	0.02990	0.06215	0.03207	0.01536	0.00779	0.00260	0.00523	0.68544	0.00530	0.00547
14	0.00810	0.00585	0.00765	0.00720	0.00855	0.00540	0.00540	0.01079	0.01619	0.02294	0.76028	0.04273	0.05397	0.01169	0.00675	0.00180	0.00270	0.01034	0.00630	0.00540
15	0.08225	0.63122	0.13000	0.01050	0.01577	0.02054	0.01106	0.01724	0.01153	0.01510	0.00827	0.00958	0.00723	0.00500	0.00390	0.00135	0.00630	0.00322	0.00253	0.00740
16	0.83938	0.01106	0.00841	0.00752	0.01106	0.01283	0.00619	0.01681	0.00973	0.02566	0.00796	0.00929	0.00619	0.00531	0.00354	0.00177	0.00442	0.00310	0.00354	0.00619
17	0.00810	0.00585	0.00765	0.00720	0.00855	0.00540	0.00540	0.01079	0.01619	0.02294	0.76028	0.04273	0.05397	0.01169	0.00675	0.00180	0.00270	0.01034	0.00630	0.00540
18	0.01344	0.01525	0.03300	0.02357	0.02934	0.01423	0.71738	0.01819	0.01344	0.01833	0.01152	0.01531	0.00867	0.00480	0.00666	0.00189	0.00946	0.00664	0.00291	0.03595
19	0.00810	0.00585	0.00765	0.00720	0.00855	0.00540	0.00540	0.01079	0.01619	0.02294	0.76028	0.04273	0.05397	0.01169	0.00675	0.00180	0.00270	0.01034	0.00630	0.00540
20	0.02390	0.01090	0.01380	0.01076	0.01508	0.01036	0.00883	0.13087	0.09550	0.58407	0.02137	0.01884	0.01387	0.00712	0.00575	0.00178	0.00504	0.00574	0.00675	0.00966
21	0.00697	0.00498	0.00664	0.00796	0.00830	0.00465	0.00531	0.00796	0.01095	0.01460	0.03153	0.79525	0.03783	0.01792	0.00730	0.00232	0.00332	0.01626	0.00531	0.00465
22	0.01186	0.01017	0.01186	0.00847	0.01356	0.00762	0.00678	0.01440	0.01186	0.01864	0.01017	0.01186	0.00847	0.00424	0.00424	0.00085	0.00424	0.00339	0.00339	0.83395
23	0.02174	0.01602	0.01717	0.01316	0.01774	0.01774	0.01087	0.74423	0.02689	0.03605	0.01373	0.01373	0.00973	0.00687	0.00572	0.00172	0.00629	0.00515	0.00572	0.00973
24	0.00817	0.00613	0.00919	0.00919	0.01021	0.00715	0.00715	0.01021	0.00919	0.01328	0.01532	0.02247	0.01430	0.04290	0.77631	0.00919	0.01532	0.00613	0.00306	0.00511
25	0.01147	0.02959	0.76934	0.01630	0.02476	0.01328	0.02113	0.01811	0.01208	0.01811	0.01026	0.01208	0.00725	0.00543	0.00543	0.00181	0.00845	0.00423	0.00242	0.00845
26	0.01147	0.02959	0.76934	0.01630	0.02476	0.01328	0.02113	0.01811	0.01208	0.01811	0.01026	0.01208	0.00725	0.00543	0.00543	0.00181	0.00845	0.00423	0.00242	0.00845
27	0.02566	0.00973	0.01327	0.01018	0.01460	0.00841	0.00841	0.02788	0.01637	0.76726	0.02257	0.01947	0.01416	0.00708	0.00575	0.00177	0.00487	0.00575	0.00708	0.00973
28	0.00810	0.00585	0.00765	0.00720	0.00855	0.00540	0.00540	0.01079	0.01619	0.02294	0.76028	0.04273	0.05397	0.01169	0.00675	0.00180	0.00270	0.01034	0.00630	0.00540

[dist]
# distance from previous block
# <min> <max>
3	6

[block]
# block no. 6 follows, 41 sequences, length 17
# corresponding to MSA columns:
# 295-311
name=unknown_G
#
# <colnr> <probs for GDERKNQSTAVLIFYWHMCP>
#	G	D	E	R	K	N	Q	S	T	A	V	L	I	F	Y	W	H	M	C	P
0	0.01749	0.01537	0.01612	0.01377	0.01555	0.19339	0.01115	0.01959	0.04190	0.17630	0.01169	0.01385	0.00930	0.00832	0.01226	0.00208	0.40603	0.00491	0.00372	0.00720
1	0.01355	0.00877	0.00956	0.00819	0.01042	0.00945	0.00651	0.18931	0.01531	0.02409	0.01606	0.01822	0.01253	0.00684	0.00563	0.00149	0.06776	0.00515	0.51588	0.05528
2	0.07759	0.00747	0.00875	0.00808	0.01025	0.00725	0.00633	0.01416	0.09050	0.05623	0.39100	0.03818	0.11613	0.01077	0.00629	0.00184	0.00351	0.07956	0.00566	0.06044
3	0.01088	0.00913	0.01081	0.00837	0.01250	0.00703	0.00648	0.01311	0.01168	0.01783	0.01445	0.16906	0.01436	0.00698	0.00485	0.00114	0.00405	0.00597	0.00377	0.66754
4	0.06281	0.01095	0.01244	0.00914	0.01402	0.00930	0.00738	0.11043	0.01399	0.07054	0.01132	0.01245	0.00888	0.00483	0.00449	0.00108	0.00456	0.00376	0.00394	0.62370
5	0.02115	0.01072	0.01314	0.01021	0.01445	0.01006	0.00833	0.13969	0.07723	0.43380	0.01919	0.01774	0.01294	0.00667	0.00542	0.00161	0.00483	0.00535	0.06039	0.12708
6	0.01484	0.53957	0.21745	0.01180	0.01751	0.05356	0.01278	0.04652	0.01255	0.01557	0.00881	0.01015	0.00741	0.00515	0.00427	0.00140	0.00691	0.00347	0.00259	0.00769
7	0.01687	0.01313	0.01455	0.01085	0.01568	0.01275	0.00885	0.38435	0.01948	0.02746	0.01197	0.01281	0.00911	0.00557	0.00499	0.00129	0.00528	0.00428	0.00457	0.41615
8	0.01080	0.01017	0.01716	0.78523	0.03940	0.01271	0.01589	0.01461	0.01144	0.01461	0.01017	0.01525	0.00762	0.00572	0.00572	0.00191	0.00762	0.00508	0.00254	0.00635
9	0.00799	0.00584	0.00749	0.00708	0.00848	0.00535	0.00531	0.01058	0.01593	0.02233	0.70297	0.04373	0.11166	0.01192	0.00675	0.00181	0.00271	0.01049	0.00622	0.00535
10	0.01342	0.01519	0.03274	0.02338	0.02914	0.01415	0.70850	0.01814	0.01342	0.01834	0.01151	0.01526	0.00867	0.00479	0.00663	0.00188	0.00939	0.00659	0.00292	0.04592
11	0.00676	0.00579	0.00579	0.00579	0.00773	0.00483	0.00435	0.00821	0.01304	0.01545	0.05794	0.05505	0.76098	0.01449	0.00676	0.00193	0.00290	0.01207	0.00531	0.00483
12	0.00810	0.00585	0.00765	0.00720	0.00855	0.00540	0.00540	0.01079	0.01619	0.02294	0.76028	0.04273	0.05397	0.01169	0.00675	0.00180	0.00270	0.01034	0.00630	0.00540
13	0.00697	0.00498	0.00664	0.00796	0.00830	0.00465	0.00531	0.00796	0.01095	0.01460	0.03153	0.79525	0.03783	0.01792	0.00730	0.00232	0.00332	0.01626	0.00531	0.00465
14	0.02174	0.01602	0.01717	0.01316	0.01774	0.01774	0.01087	0.74423	0.02689	0.03605	0.01373	0.01373	0.00973	0.00687	0.00572	0.00172	0.00629	0.00515	0.00572	0.00973
15	0.01147	0.02959	0.76934	0.01630	0.02476	0.01328	0.02113	0.01811	0.01208	0.01811	0.01026	0.01208	0.00725	0.00543	0.00543	0.00181	0.00845	0.00423	0.00242	0.00845
16	0.83938	0.01106	0.00841	0.00752	0.01106	0.01283	0.00619	0.01681	0.00973	0.02566	0.00796	0.00929	0.00619	0.00531	0.00354	0.00177	0.00442	0.00310	0.00354	0.00619

[dist]
# distance from previous block
# <min> <max>
12	45

[block]
# block no. 7 follows, 41 sequences, length 8
# corresponding to MSA columns:
# 372-379
name=unknown_H
#
# <colnr> <probs for GDERKNQSTAVLIFYWHMCP>
#	G	D	E	R	K	N	Q	S	T	A	V	L	I	F	Y	W	H	M	C	P
0	0.01882	0.01451	0.01885	0.01432	0.01870	0.01550	0.13233	0.44476	0.05204	0.07167	0.01389	0.01474	0.01010	0.00659	0.00648	0.00174	0.04995	0.00540	0.03248	0.05713
1	0.01229	0.01253	0.02386	0.24991	0.02850	0.01359	0.35095	0.01609	0.01204	0.01679	0.01117	0.01546	0.00871	0.00602	0.00798	0.00195	0.12400	0.00587	0.07539	0.00688
2	0.31160	0.01203	0.01633	0.10459	0.01884	0.01400	0.13192	0.05852	0.01157	0.04092	0.01040	0.04352	0.00876	0.00699	0.00815	0.00200	0.18470	0.00509	0.00337	0.00672
3	0.02134	0.01491	0.01629	0.01263	0.01698	0.01625	0.01037	0.64393	0.02516	0.09913	0.01541	0.05396	0.01154	0.00745	0.00580	0.00175	0.00602	0.00577	0.00582	0.00947
4	0.01147	0.02959	0.76934	0.01630	0.02476	0.01328	0.02113	0.01811	0.01208	0.01811	0.01026	0.01208	0.00725	0.00543	0.00543	0.00181	0.00845	0.00423	0.00242	0.00845
5	0.01388	0.01085	0.01213	0.01130	0.01418	0.01214	0.00905	0.02610	0.53918	0.07210	0.02479	0.03082	0.02068	0.00950	0.00628	0.00208	0.00471	0.16619	0.00578	0.00826
6	0.01195	0.00697	0.00911	0.00790	0.01016	0.00618	0.00611	0.01454	0.01590	0.17385	0.55305	0.03564	0.04240	0.01019	0.00635	0.00172	0.00326	0.00888	0.00623	0.06961
7	0.00811	0.00589	0.00782	0.00858	0.00969	0.00560	0.00676	0.01021	0.01332	0.01777	0.21956	0.26000	0.09929	0.01523	0.00735	0.00228	0.00388	0.28803	0.00555	0.00509

[dist]
# distance from previous block
# <min> <max>
3	13

[block]
# block no. 8 follows, 41 sequences, length 6
# corresponding to MSA columns:
# 393-398
name=unknown_I
#
# <colnr> <probs for GDERKNQSTAVLIFYWHMCP>
#	G	D	E	R	K	N	Q	S	T	A	V	L	I	F	Y	W	H	M	C	P
0	0.01670	0.01125	0.01245	0.01054	0.01372	0.01214	0.00834	0.26829	0.20804	0.11590	0.02025	0.11555	0.01654	0.00848	0.00568	0.00180	0.00473	0.00698	0.13439	0.00823
1	0.01964	0.01363	0.01505	0.01197	0.01619	0.01465	0.00972	0.38904	0.22237	0.14549	0.01748	0.01658	0.01244	0.00697	0.00565	0.00173	0.00545	0.00549	0.00580	0.06466
2	0.02069	0.01540	0.01660	0.01266	0.01729	0.01666	0.01043	0.66637	0.02529	0.03419	0.01335	0.01353	0.00959	0.00659	0.00556	0.00162	0.00607	0.00496	0.00547	0.09766
3	0.12386	0.01310	0.01503	0.01174	0.01596	0.01389	0.04201	0.37226	0.05889	0.20864	0.01580	0.01543	0.01097	0.00667	0.00542	0.00174	0.00558	0.00519	0.04890	0.00893
4	0.01185	0.00713	0.00979	0.07448	0.01177	0.00762	0.00682	0.12284	0.01082	0.01440	0.01055	0.01664	0.00971	0.01664	0.01835	0.63326	0.00540	0.00501	0.00299	0.00394
5	0.01511	0.00743	0.00971	0.00824	0.01092	0.00656	0.00650	0.01745	0.01587	0.32631	0.37061	0.03476	0.12634	0.01016	0.00634	0.00180	0.00361	0.00868	0.00649	0.00710

[dist]
# distance from previous block
# <min> <max>
9	16

[block]
# block no. 9 follows, 41 sequences, length 9
# corresponding to MSA columns:
# 416-424
name=unknown_J
#
# <colnr> <probs for GDERKNQSTAVLIFYWHMCP>
#	G	D	E	R	K	N	Q	S	T	A	V	L	I	F	Y	W	H	M	C	P
0	0.01546	0.01186	0.01760	0.16220	0.15111	0.01177	0.07719	0.10783	0.04010	0.13124	0.03115	0.01565	0.01083	0.00576	0.00551	0.00160	0.00613	0.00515	0.00407	0.18778
1	0.01620	0.39362	0.02154	0.00997	0.01483	0.01649	0.00900	0.12919	0.01444	0.08175	0.01069	0.01149	0.00860	0.00520	0.00432	0.00124	0.00551	0.00370	0.00360	0.23861
2	0.02002	0.01500	0.01624	0.01234	0.01701	0.01598	0.01016	0.61709	0.02427	0.03302	0.01311	0.01341	0.00951	0.00641	0.00546	0.00157	0.00594	0.00484	0.00532	0.15331
3	0.10150	0.02085	0.41386	0.01340	0.01967	0.01247	0.01504	0.02197	0.14171	0.16250	0.01463	0.01480	0.01023	0.00614	0.00536	0.00182	0.00666	0.00479	0.00401	0.00856
4	0.26298	0.01890	0.01421	0.01211	0.01575	0.30955	0.00956	0.25049	0.01770	0.02445	0.01014	0.01110	0.00777	0.00603	0.00486	0.00164	0.00730	0.00398	0.00400	0.00749
5	0.10672	0.01447	0.01623	0.14706	0.02080	0.01634	0.01125	0.53983	0.02238	0.03121	0.01250	0.01353	0.00899	0.00650	0.00549	0.00176	0.00633	0.00492	0.00494	0.00876
6	0.01529	0.80242	0.02997	0.00979	0.01468	0.02263	0.00979	0.01713	0.01162	0.01346	0.00795	0.00918	0.00734	0.00489	0.00367	0.00122	0.00612	0.00306	0.00245	0.00734
7	0.01024	0.01047	0.01868	0.01441	0.01769	0.01017	0.30955	0.01314	0.01300	0.01699	0.08302	0.03339	0.32204	0.00984	0.00801	0.00198	0.08807	0.00902	0.00409	0.00621
8	0.01299	0.01392	0.02536	0.01941	0.02220	0.01604	0.36505	0.01597	0.01105	0.01597	0.00947	0.01392	0.00807	0.00751	0.01297	0.00223	0.41238	0.00585	0.00269	0.00696

[dist]
# distance from previous block
# <min> <max>
3	7

[block]
# block no. 10 follows, 41 sequences, length 6
# corresponding to MSA columns:
# 433-438
name=unknown_K
#
# <colnr> <probs for GDERKNQSTAVLIFYWHMCP>
#	G	D	E	R	K	N	Q	S	T	A	V	L	I	F	Y	W	H	M	C	P
0	0.01961	0.11444	0.14412	0.01298	0.01823	0.01670	0.01222	0.46448	0.02153	0.10059	0.01329	0.01345	0.00944	0.00640	0.00542	0.00168	0.00650	0.00480	0.00490	0.00922
1	0.01082	0.02291	0.54874	0.01463	0.02101	0.01134	0.01768	0.01630	0.01239	0.01783	0.01607	0.02730	0.01470	0.00844	0.00615	0.00205	0.00753	0.21335	0.00324	0.00753
2	0.01407	0.55436	0.26729	0.01188	0.01791	0.01963	0.01343	0.01744	0.01177	0.01495	0.00869	0.01011	0.00731	0.00507	0.00424	0.00141	0.00687	0.00343	0.00244	0.00770
3	0.00820	0.00602	0.00867	0.00867	0.00951	0.00686	0.00649	0.00988	0.00904	0.01289	0.01580	0.02513	0.01545	0.17729	0.64350	0.00854	0.01358	0.00652	0.00314	0.00482
4	0.09558	0.01313	0.01396	0.05475	0.01670	0.01503	0.00969	0.23537	0.42949	0.02709	0.01831	0.01763	0.01359	0.00715	0.00557	0.00186	0.00520	0.00568	0.00539	0.00882
5	0.01529	0.80242	0.02997	0.00979	0.01468	0.02263	0.00979	0.01713	0.01162	0.01346	0.00795	0.00918	0.00734	0.00489	0.00367	0.00122	0.00612	0.00306	0.00245	0.00734

[dist]
# distance from previous block
# <min> <max>
0	9

# created by:
# /software/SequenceAnalysis/GenePrediction/augustus/3.0.1/scripts/msa2prfl.pl ./fixed/BUSCOvEOG7R51HK.fas
