[name]
unknown

[dist]
# distance from previous block
# <min> <max>
0	355

[block]
# block no. 0 follows, 38 sequences, length 39
# corresponding to MSA columns:
# 359-397
name=unknown_A
#
# <colnr> <probs for GDERKNQSTAVLIFYWHMCP>
#	G	D	E	R	K	N	Q	S	T	A	V	L	I	F	Y	W	H	M	C	P
0	0.00969	0.00692	0.00969	0.01108	0.01246	0.00692	0.00969	0.01246	0.01385	0.01800	0.03185	0.06786	0.03462	0.01662	0.00831	0.00277	0.00554	0.71057	0.00554	0.00554
1	0.00828	0.00607	0.00776	0.00748	0.00888	0.00555	0.00555	0.01084	0.01625	0.02262	0.62049	0.10474	0.12683	0.01312	0.00714	0.00195	0.00291	0.01156	0.00643	0.00555
2	0.01247	0.01069	0.01247	0.00891	0.01426	0.00802	0.00713	0.01515	0.01247	0.01960	0.01069	0.01247	0.00891	0.00446	0.00446	0.00089	0.00446	0.00356	0.00356	0.82536
3	0.75277	0.08663	0.01102	0.00814	0.01200	0.01449	0.00688	0.01772	0.01043	0.02576	0.00838	0.00976	0.00663	0.00554	0.00374	0.00181	0.00482	0.00325	0.00361	0.00663
4	0.00821	0.00564	0.00688	0.00752	0.00773	0.00550	0.00473	0.00877	0.01013	0.01348	0.02539	0.34640	0.02983	0.43621	0.02015	0.00430	0.00486	0.04552	0.00453	0.00424
5	0.01045	0.00522	0.00784	0.00784	0.00784	0.00522	0.00522	0.00784	0.00784	0.01045	0.01045	0.01829	0.01045	0.02090	0.02351	0.82497	0.00522	0.00522	0.00261	0.00261
6	0.00733	0.00524	0.00698	0.00838	0.00873	0.00489	0.00558	0.00838	0.01152	0.01536	0.03316	0.78466	0.03979	0.01885	0.00768	0.00244	0.00349	0.01710	0.00558	0.00489
7	0.02247	0.02867	0.01705	0.01550	0.01860	0.76443	0.01162	0.02402	0.01705	0.01472	0.00930	0.01085	0.00775	0.00620	0.00542	0.00155	0.01085	0.00387	0.00310	0.00697
8	0.01207	0.03112	0.75741	0.01715	0.02604	0.01397	0.02223	0.01905	0.01270	0.01905	0.01080	0.01270	0.00762	0.00572	0.00572	0.00191	0.00889	0.00445	0.00254	0.00889
9	0.83108	0.01163	0.00884	0.00791	0.01163	0.01350	0.00651	0.01768	0.01024	0.02699	0.00838	0.00977	0.00651	0.00558	0.00372	0.00186	0.00465	0.00326	0.00372	0.00651
10	0.83108	0.01163	0.00884	0.00791	0.01163	0.01350	0.00651	0.01768	0.01024	0.02699	0.00838	0.00977	0.00651	0.00558	0.00372	0.00186	0.00465	0.00326	0.00372	0.00651
11	0.01420	0.01623	0.03550	0.02535	0.03144	0.01521	0.72921	0.01927	0.01420	0.01927	0.01217	0.01623	0.00913	0.00507	0.00710	0.00203	0.01014	0.00710	0.00304	0.00811
12	0.02287	0.01685	0.01805	0.01384	0.01866	0.01866	0.01143	0.73100	0.02828	0.03791	0.01444	0.01444	0.01023	0.00722	0.00602	0.00181	0.00662	0.00542	0.00602	0.01023
13	0.01484	0.00756	0.01003	0.00861	0.01116	0.00675	0.00674	0.01747	0.01700	0.27576	0.47963	0.03686	0.06126	0.01071	0.00674	0.00189	0.00363	0.00927	0.00688	0.00723
14	0.01496	0.01292	0.01360	0.01224	0.01564	0.01496	0.00952	0.03197	0.74019	0.02516	0.02448	0.02244	0.01836	0.00816	0.00612	0.00204	0.00476	0.00680	0.00612	0.00952
15	0.83108	0.01163	0.00884	0.00791	0.01163	0.01350	0.00651	0.01768	0.01024	0.02699	0.00838	0.00977	0.00651	0.00558	0.00372	0.00186	0.00465	0.00326	0.00372	0.00651
16	0.01413	0.01352	0.02306	0.19449	0.59939	0.01410	0.01809	0.01780	0.01334	0.01874	0.01118	0.01513	0.00921	0.00550	0.00597	0.00183	0.00733	0.00536	0.00291	0.00892
17	0.00733	0.00524	0.00698	0.00838	0.00873	0.00489	0.00558	0.00838	0.01152	0.01536	0.03316	0.78466	0.03979	0.01885	0.00768	0.00244	0.00349	0.01710	0.00558	0.00489
18	0.00726	0.00609	0.00633	0.00648	0.00839	0.00516	0.00490	0.00882	0.01360	0.01629	0.05785	0.09940	0.67115	0.01551	0.00720	0.00209	0.00320	0.04959	0.00558	0.00509
19	0.01584	0.74536	0.07620	0.01072	0.01609	0.02320	0.01103	0.01808	0.01225	0.01445	0.00851	0.00984	0.00771	0.00518	0.00397	0.00132	0.00658	0.00329	0.00257	0.00779
20	0.01316	0.01316	0.01843	0.01579	0.01579	0.01843	0.01316	0.01448	0.00921	0.01448	0.00790	0.01316	0.00790	0.01053	0.01974	0.00263	0.77757	0.00526	0.00263	0.00658
21	0.00911	0.00662	0.00890	0.00972	0.01115	0.00641	0.00817	0.01173	0.01451	0.01918	0.20044	0.07971	0.10865	0.01554	0.00790	0.00249	0.00462	0.46385	0.00580	0.00551
22	0.00851	0.00615	0.00804	0.00757	0.00899	0.00568	0.00568	0.01135	0.01703	0.02412	0.74788	0.04494	0.05676	0.01230	0.00710	0.00189	0.00284	0.01088	0.00662	0.00568
23	0.01417	0.01584	0.04979	0.06604	0.21024	0.01486	0.49924	0.01887	0.01393	0.01916	0.01185	0.01580	0.00913	0.00521	0.00673	0.00196	0.00926	0.00651	0.00300	0.00841
24	0.80556	0.01180	0.00913	0.00810	0.01186	0.01366	0.00667	0.04020	0.01081	0.02734	0.00857	0.00992	0.00663	0.00564	0.00380	0.00186	0.00472	0.00333	0.00380	0.00663
25	0.01316	0.01316	0.01843	0.01579	0.01579	0.01843	0.01316	0.01448	0.00921	0.01448	0.00790	0.01316	0.00790	0.01053	0.01974	0.00263	0.77757	0.00526	0.00263	0.00658
26	0.06188	0.01064	0.01344	0.01053	0.01491	0.00978	0.00860	0.06247	0.07222	0.52983	0.06401	0.02064	0.01652	0.00746	0.00588	0.00180	0.00496	0.00604	0.00675	0.07164
27	0.02699	0.01024	0.01396	0.01070	0.01536	0.00884	0.00884	0.02932	0.01722	0.75522	0.02373	0.02048	0.01489	0.00745	0.00605	0.00186	0.00512	0.00605	0.00745	0.01024
28	0.00873	0.00592	0.00699	0.00699	0.00714	0.00607	0.00418	0.00903	0.00888	0.01198	0.01856	0.03718	0.02092	0.68521	0.13269	0.00637	0.00726	0.00843	0.00359	0.00389
29	0.01520	0.01097	0.01330	0.05293	0.01623	0.00946	0.00846	0.06777	0.04921	0.12645	0.01456	0.01725	0.01157	0.00596	0.00516	0.00131	0.00497	0.04021	0.00447	0.52456
30	0.01265	0.02703	0.55937	0.01940	0.02752	0.01431	0.21617	0.01911	0.01311	0.01911	0.01117	0.01367	0.00803	0.00554	0.00610	0.00194	0.00923	0.00517	0.00268	0.00868
31	0.00733	0.00524	0.00698	0.00838	0.00873	0.00489	0.00558	0.00838	0.01152	0.01536	0.03316	0.78466	0.03979	0.01885	0.00768	0.00244	0.00349	0.01710	0.00558	0.00489
32	0.01399	0.01777	0.11255	0.02481	0.05175	0.01505	0.63280	0.01922	0.01402	0.01926	0.01200	0.01581	0.00898	0.00515	0.00692	0.00201	0.00992	0.00676	0.00299	0.00824
33	0.02001	0.01550	0.19779	0.01224	0.01749	0.01075	0.01199	0.04986	0.08990	0.39772	0.09514	0.02106	0.01761	0.00758	0.00608	0.00189	0.00583	0.00621	0.00596	0.00936
34	0.01413	0.01497	0.06275	0.04896	0.51845	0.01394	0.15684	0.01805	0.01359	0.01922	0.01259	0.05549	0.01091	0.00604	0.00626	0.00188	0.00765	0.00627	0.00310	0.00891
35	0.02556	0.01091	0.01422	0.01097	0.01549	0.00998	0.00903	0.12079	0.01867	0.62576	0.05725	0.02086	0.01629	0.00765	0.00610	0.00186	0.00521	0.00620	0.00722	0.01002
36	0.01699	0.01435	0.05836	0.05186	0.09168	0.04651	0.04616	0.02675	0.35702	0.15413	0.01948	0.01919	0.01430	0.00740	0.00680	0.00198	0.04656	0.00613	0.00522	0.00915
37	0.02364	0.01175	0.01846	0.01389	0.01856	0.01090	0.14715	0.04779	0.01652	0.55077	0.02034	0.01907	0.01325	0.00716	0.00702	0.00194	0.04969	0.00619	0.00629	0.00962
38	0.01334	0.01175	0.01805	0.64313	0.03751	0.01428	0.01580	0.13867	0.01483	0.01925	0.01134	0.01576	0.00840	0.00622	0.00602	0.00197	0.00778	0.00536	0.00325	0.00729

[dist]
# distance from previous block
# <min> <max>
0	4

[block]
# block no. 1 follows, 38 sequences, length 18
# corresponding to MSA columns:
# 402-419
name=unknown_B
#
# <colnr> <probs for GDERKNQSTAVLIFYWHMCP>
#	G	D	E	R	K	N	Q	S	T	A	V	L	I	F	Y	W	H	M	C	P
0	0.38913	0.00886	0.00805	0.02873	0.01071	0.00969	0.00596	0.01685	0.01184	0.07757	0.01450	0.01629	0.01108	0.00636	0.00417	0.00166	0.00397	0.00455	0.36364	0.00639
1	0.01432	0.01800	0.16952	0.11236	0.03051	0.01432	0.46032	0.01944	0.01386	0.06875	0.01252	0.01582	0.00910	0.00547	0.00663	0.00199	0.00931	0.00631	0.00320	0.00823
2	0.02056	0.01854	0.01792	0.01464	0.01799	0.17847	0.01187	0.41529	0.02151	0.02757	0.01184	0.01338	0.00916	0.00776	0.00903	0.00194	0.18415	0.00505	0.00462	0.00870
3	0.00765	0.00612	0.00684	0.00666	0.00845	0.00531	0.00499	0.00967	0.01498	0.01926	0.32343	0.05294	0.48425	0.01411	0.00710	0.00198	0.00297	0.01200	0.00598	0.00531
4	0.00859	0.00645	0.00967	0.00967	0.01074	0.00752	0.00752	0.01074	0.00967	0.01396	0.01611	0.02363	0.01504	0.04512	0.76474	0.00967	0.01611	0.00645	0.00322	0.00537
5	0.02280	0.01314	0.03595	0.01204	0.01658	0.01290	0.01004	0.21100	0.18240	0.38496	0.02113	0.01914	0.01426	0.00750	0.00605	0.00189	0.00553	0.00601	0.00664	0.01004
6	0.00926	0.00762	0.01276	0.01154	0.01322	0.00844	0.09385	0.01176	0.01021	0.01460	0.01564	0.02275	0.01433	0.04033	0.67412	0.00875	0.01540	0.00652	0.00320	0.00570
7	0.00733	0.00524	0.00698	0.00838	0.00873	0.00489	0.00558	0.00838	0.01152	0.01536	0.03316	0.78466	0.03979	0.01885	0.00768	0.00244	0.00349	0.01710	0.00558	0.00489
8	0.02247	0.02867	0.01705	0.01550	0.01860	0.76443	0.01162	0.02402	0.01705	0.01472	0.00930	0.01085	0.00775	0.00620	0.00542	0.00155	0.01085	0.00387	0.00310	0.00697
9	0.05931	0.01682	0.01580	0.01296	0.01687	0.14939	0.01034	0.43045	0.02257	0.08584	0.01619	0.10618	0.01351	0.00837	0.00600	0.00184	0.00679	0.00649	0.00545	0.00883
10	0.01316	0.01316	0.01843	0.01579	0.01579	0.01843	0.01316	0.01448	0.00921	0.01448	0.00790	0.01316	0.00790	0.01053	0.01974	0.00263	0.77757	0.00526	0.00263	0.00658
11	0.00733	0.00524	0.00698	0.00838	0.00873	0.00489	0.00558	0.00838	0.01152	0.01536	0.03316	0.78466	0.03979	0.01885	0.00768	0.00244	0.00349	0.01710	0.00558	0.00489
12	0.08005	0.47303	0.05145	0.01257	0.01777	0.02006	0.09642	0.09986	0.01448	0.06895	0.01063	0.01183	0.00856	0.00558	0.00469	0.00154	0.00675	0.00417	0.00344	0.00817
13	0.01112	0.00946	0.01532	0.01318	0.01552	0.00925	0.17913	0.11082	0.01447	0.01941	0.02556	0.49482	0.02839	0.01395	0.00731	0.00226	0.00551	0.01310	0.00504	0.00639
14	0.00809	0.00641	0.00746	0.00798	0.00977	0.00578	0.00651	0.01008	0.01376	0.01691	0.04994	0.06166	0.47865	0.01576	0.00756	0.00231	0.00399	0.27657	0.00557	0.00525
15	0.01788	0.01359	0.02063	0.06222	0.43988	0.01383	0.01510	0.10656	0.07200	0.15551	0.01493	0.01649	0.01120	0.00621	0.00600	0.00183	0.00657	0.00560	0.00438	0.00961
16	0.07116	0.01623	0.09152	0.02742	0.45988	0.05983	0.01602	0.02099	0.10066	0.05900	0.01317	0.01528	0.01037	0.00591	0.00577	0.00182	0.00698	0.00525	0.00360	0.00914
17	0.02346	0.12267	0.01772	0.01173	0.01644	0.01443	0.00991	0.25202	0.06082	0.38052	0.01864	0.01713	0.01259	0.00709	0.00574	0.00177	0.00576	0.00549	0.00623	0.00984

[dist]
# distance from previous block
# <min> <max>
0	2

[block]
# block no. 2 follows, 38 sequences, length 31
# corresponding to MSA columns:
# 422-452
name=unknown_C
#
# <colnr> <probs for GDERKNQSTAVLIFYWHMCP>
#	G	D	E	R	K	N	Q	S	T	A	V	L	I	F	Y	W	H	M	C	P
0	0.05513	0.01417	0.03970	0.06087	0.02414	0.01373	0.35025	0.08344	0.11053	0.02158	0.01541	0.08361	0.01289	0.00692	0.00643	0.00193	0.00760	0.00712	0.00399	0.08057
1	0.01414	0.01136	0.01365	0.01033	0.01479	0.01026	0.00835	0.04654	0.05219	0.07133	0.01213	0.01374	0.00976	0.00578	0.00674	0.00129	0.10663	0.00421	0.00395	0.58281
2	0.00841	0.00606	0.00797	0.00783	0.00910	0.00563	0.00584	0.01101	0.01616	0.02270	0.62221	0.14356	0.05355	0.01335	0.00723	0.00200	0.00304	0.04234	0.00644	0.00557
3	0.57727	0.15378	0.11168	0.00956	0.01422	0.01540	0.00926	0.01792	0.01092	0.02365	0.00869	0.01014	0.00688	0.00552	0.00401	0.00176	0.00553	0.00341	0.00336	0.00704
4	0.00959	0.00739	0.01076	0.00956	0.01055	0.00724	0.09995	0.02931	0.01048	0.01403	0.02048	0.16891	0.02308	0.52674	0.02276	0.00462	0.00600	0.00994	0.00398	0.00463
5	0.00755	0.00547	0.00722	0.00840	0.00897	0.00502	0.00565	0.00867	0.01156	0.01554	0.03217	0.75084	0.03844	0.01822	0.00754	0.00238	0.00353	0.01651	0.00550	0.04081
6	0.16149	0.01256	0.01277	0.01139	0.01491	0.01439	0.00895	0.02928	0.57337	0.06214	0.02157	0.02008	0.01607	0.00766	0.00569	0.00200	0.00476	0.00613	0.00576	0.00902
7	0.01286	0.00916	0.01086	0.00946	0.01191	0.00938	0.00737	0.14365	0.11448	0.06343	0.48492	0.03529	0.04127	0.01060	0.00672	0.00189	0.00388	0.00912	0.00649	0.00723
8	0.01691	0.55076	0.02739	0.01165	0.01606	0.02217	0.01088	0.14503	0.01470	0.01844	0.00939	0.01097	0.00819	0.00623	0.00634	0.00156	0.10823	0.00388	0.00320	0.00802
9	0.00733	0.00524	0.00698	0.00838	0.00873	0.00489	0.00558	0.00838	0.01152	0.01536	0.03316	0.78466	0.03979	0.01885	0.00768	0.00244	0.00349	0.01710	0.00558	0.00489
10	0.01316	0.01316	0.01843	0.01579	0.01579	0.01843	0.01316	0.01448	0.00921	0.01448	0.00790	0.01316	0.00790	0.01053	0.01974	0.00263	0.77757	0.00526	0.00263	0.00658
11	0.00833	0.00614	0.00778	0.00737	0.00887	0.00560	0.00553	0.01099	0.01659	0.02308	0.65723	0.04665	0.14806	0.01269	0.00710	0.00191	0.00287	0.01112	0.00649	0.00560
12	0.01045	0.00522	0.00784	0.00784	0.00784	0.00522	0.00522	0.00784	0.00784	0.01045	0.01045	0.01829	0.01045	0.02090	0.02351	0.82497	0.00522	0.00522	0.00261	0.00261
13	0.01247	0.01069	0.01247	0.00891	0.01426	0.00802	0.00713	0.01515	0.01247	0.01960	0.01069	0.01247	0.00891	0.00446	0.00446	0.00089	0.00446	0.00356	0.00356	0.82536
14	0.01608	0.79220	0.03152	0.01029	0.01544	0.02380	0.01029	0.01801	0.01222	0.01415	0.00836	0.00965	0.00772	0.00515	0.00386	0.00129	0.00643	0.00322	0.00257	0.00772
15	0.00875	0.00583	0.00656	0.00656	0.00656	0.00583	0.00365	0.00875	0.00875	0.01166	0.01895	0.03937	0.02187	0.78858	0.03062	0.00583	0.00583	0.00875	0.00365	0.00365
16	0.01316	0.01316	0.01843	0.01579	0.01579	0.01843	0.01316	0.01448	0.00921	0.01448	0.00790	0.01316	0.00790	0.01053	0.01974	0.00263	0.77757	0.00526	0.00263	0.00658
17	0.83108	0.01163	0.00884	0.00791	0.01163	0.01350	0.00651	0.01768	0.01024	0.02699	0.00838	0.00977	0.00651	0.00558	0.00372	0.00186	0.00465	0.00326	0.00372	0.00651
18	0.02247	0.02867	0.01705	0.01550	0.01860	0.76443	0.01162	0.02402	0.01705	0.01472	0.00930	0.01085	0.00775	0.00620	0.00542	0.00155	0.01085	0.00387	0.00310	0.00697
19	0.01136	0.01069	0.01804	0.77412	0.04143	0.01337	0.01671	0.01537	0.01203	0.01537	0.01069	0.01604	0.00802	0.00601	0.00601	0.00200	0.00802	0.00535	0.00267	0.00668
20	0.02287	0.01685	0.01805	0.01384	0.01866	0.01866	0.01143	0.73100	0.02828	0.03791	0.01444	0.01444	0.01023	0.00722	0.00602	0.00181	0.00662	0.00542	0.00602	0.01023
21	0.01247	0.01069	0.01247	0.00891	0.01426	0.00802	0.00713	0.01515	0.01247	0.01960	0.01069	0.01247	0.00891	0.00446	0.00446	0.00089	0.00446	0.00356	0.00356	0.82536
22	0.00739	0.00528	0.00704	0.00833	0.00874	0.00493	0.00559	0.00854	0.01181	0.01583	0.07162	0.74485	0.04070	0.01849	0.00765	0.00241	0.00346	0.01677	0.00564	0.00493
23	0.02658	0.01033	0.01395	0.01076	0.01537	0.00905	0.00887	0.02941	0.04217	0.73002	0.02376	0.02054	0.01501	0.00747	0.00605	0.00187	0.00511	0.00608	0.00740	0.01021
24	0.01608	0.79220	0.03152	0.01029	0.01544	0.02380	0.01029	0.01801	0.01222	0.01415	0.00836	0.00965	0.00772	0.00515	0.00386	0.00129	0.00643	0.00322	0.00257	0.00772
25	0.00919	0.00769	0.01175	0.01069	0.01272	0.00683	0.10136	0.01110	0.01219	0.01687	0.04541	0.52548	0.03067	0.01428	0.00701	0.00210	0.00452	0.01320	0.00492	0.15204
26	0.01538	0.01379	0.01379	0.01242	0.01581	0.05632	0.00964	0.03153	0.70028	0.02459	0.02365	0.02180	0.01778	0.00805	0.00608	0.00201	0.00510	0.00664	0.00595	0.00938
27	0.01004	0.00598	0.00804	0.00882	0.00979	0.00551	0.00622	0.01135	0.01239	0.11313	0.03185	0.64782	0.03624	0.01723	0.00750	0.00238	0.00381	0.05046	0.00583	0.00563
28	0.01423	0.01362	0.02322	0.17489	0.61825	0.01412	0.01813	0.01788	0.01339	0.01885	0.01120	0.01510	0.00925	0.00548	0.00597	0.00183	0.00731	0.00536	0.00292	0.00900
29	0.83108	0.01163	0.00884	0.00791	0.01163	0.01350	0.00651	0.01768	0.01024	0.02699	0.00838	0.00977	0.00651	0.00558	0.00372	0.00186	0.00465	0.00326	0.00372	0.00651
30	0.01039	0.00772	0.01021	0.01123	0.01288	0.00799	0.00967	0.01504	0.10970	0.01895	0.03088	0.06186	0.03248	0.01550	0.00802	0.00267	0.00544	0.61769	0.00562	0.00606

[dist]
# distance from previous block
# <min> <max>
0	25

[block]
# block no. 3 follows, 38 sequences, length 96
# corresponding to MSA columns:
# 478-573
name=unknown_D
#
# <colnr> <probs for GDERKNQSTAVLIFYWHMCP>
#	G	D	E	R	K	N	Q	S	T	A	V	L	I	F	Y	W	H	M	C	P
0	0.00851	0.00615	0.00804	0.00757	0.00899	0.00568	0.00568	0.01135	0.01703	0.02412	0.74788	0.04494	0.05676	0.01230	0.00710	0.00189	0.00284	0.01088	0.00662	0.00568
1	0.01194	0.00998	0.01087	0.00997	0.01262	0.01084	0.00767	0.02258	0.42633	0.02341	0.22378	0.03434	0.14993	0.01044	0.00655	0.00200	0.00396	0.00887	0.00617	0.00776
2	0.83108	0.01163	0.00884	0.00791	0.01163	0.01350	0.00651	0.01768	0.01024	0.02699	0.00838	0.00977	0.00651	0.00558	0.00372	0.00186	0.00465	0.00326	0.00372	0.00651
3	0.00733	0.00524	0.00698	0.00838	0.00873	0.00489	0.00558	0.00838	0.01152	0.01536	0.03316	0.78466	0.03979	0.01885	0.00768	0.00244	0.00349	0.01710	0.00558	0.00489
4	0.01593	0.01394	0.01915	0.02342	0.35256	0.01447	0.01365	0.13735	0.20997	0.02408	0.01527	0.01656	0.01193	0.00631	0.00584	0.00176	0.00612	0.00555	0.00438	0.10175
5	0.00733	0.00524	0.00698	0.00838	0.00873	0.00489	0.00558	0.00838	0.01152	0.01536	0.03316	0.78466	0.03979	0.01885	0.00768	0.00244	0.00349	0.01710	0.00558	0.00489
6	0.02227	0.01640	0.01763	0.01363	0.01827	0.01812	0.01121	0.70302	0.02764	0.03704	0.01517	0.04426	0.01137	0.00767	0.00608	0.00183	0.00650	0.00587	0.00600	0.01002
7	0.01406	0.01582	0.03403	0.07013	0.06004	0.01507	0.65938	0.01901	0.01405	0.01905	0.01205	0.01616	0.00908	0.00514	0.00699	0.00202	0.00990	0.00693	0.00302	0.00808
8	0.08182	0.45479	0.02372	0.01091	0.01544	0.02014	0.00987	0.07718	0.21366	0.02006	0.01327	0.01355	0.01075	0.00617	0.00464	0.00158	0.00584	0.00438	0.00391	0.00831
9	0.00748	0.00535	0.00711	0.00828	0.00876	0.00498	0.00560	0.00875	0.01220	0.01645	0.12195	0.69276	0.04190	0.01803	0.00761	0.00237	0.00341	0.01633	0.00571	0.00498
10	0.01635	0.76219	0.03100	0.01043	0.01556	0.02360	0.01034	0.04562	0.01285	0.01507	0.00860	0.00984	0.00782	0.00523	0.00394	0.00131	0.00644	0.00330	0.00271	0.00782
11	0.01608	0.74709	0.05767	0.01066	0.01590	0.04027	0.01076	0.01819	0.01235	0.01434	0.00847	0.00979	0.00772	0.00519	0.00396	0.00132	0.00662	0.00328	0.00258	0.00775
12	0.00733	0.00524	0.00698	0.00838	0.00873	0.00489	0.00558	0.00838	0.01152	0.01536	0.03316	0.78466	0.03979	0.01885	0.00768	0.00244	0.00349	0.01710	0.00558	0.00489
13	0.02699	0.01024	0.01396	0.01070	0.01536	0.00884	0.00884	0.02932	0.01722	0.75522	0.02373	0.02048	0.01489	0.00745	0.00605	0.00186	0.00512	0.00605	0.00745	0.01024
14	0.00797	0.00642	0.00751	0.06154	0.01093	0.00603	0.00592	0.01022	0.04127	0.01670	0.06205	0.25871	0.42177	0.01495	0.00704	0.00212	0.00358	0.01288	0.03703	0.00534
15	0.00731	0.00530	0.00691	0.00819	0.00868	0.00490	0.00550	0.00840	0.01169	0.01543	0.03539	0.72623	0.09677	0.01856	0.00763	0.00241	0.00345	0.01675	0.00558	0.00490
16	0.00859	0.00645	0.00967	0.00967	0.01074	0.00752	0.00752	0.01074	0.00967	0.01396	0.01611	0.02363	0.01504	0.04512	0.76474	0.00967	0.01611	0.00645	0.00322	0.00537
17	0.00733	0.00524	0.00698	0.00838	0.00873	0.00489	0.00558	0.00838	0.01152	0.01536	0.03316	0.78466	0.03979	0.01885	0.00768	0.00244	0.00349	0.01710	0.00558	0.00489
18	0.02699	0.01024	0.01396	0.01070	0.01536	0.00884	0.00884	0.02932	0.01722	0.75522	0.02373	0.02048	0.01489	0.00745	0.00605	0.00186	0.00512	0.00605	0.00745	0.01024
19	0.01496	0.01292	0.01360	0.01224	0.01564	0.01496	0.00952	0.03197	0.74019	0.02516	0.02448	0.02244	0.01836	0.00816	0.00612	0.00204	0.00476	0.00680	0.00612	0.00952
20	0.00812	0.00601	0.00761	0.00765	0.00896	0.00549	0.00567	0.01041	0.01532	0.02093	0.47025	0.18615	0.16416	0.01420	0.00726	0.00206	0.00312	0.04501	0.00621	0.00543
21	0.01420	0.01623	0.03550	0.02535	0.03144	0.01521	0.72921	0.01927	0.01420	0.01927	0.01217	0.01623	0.00913	0.00507	0.00710	0.00203	0.01014	0.00710	0.00304	0.00811
22	0.02699	0.01024	0.01396	0.01070	0.01536	0.00884	0.00884	0.02932	0.01722	0.75522	0.02373	0.02048	0.01489	0.00745	0.00605	0.00186	0.00512	0.00605	0.00745	0.01024
23	0.00740	0.00599	0.00660	0.00698	0.00851	0.00526	0.00503	0.00918	0.02947	0.01647	0.07675	0.27725	0.49180	0.01607	0.00726	0.00215	0.00321	0.01383	0.00564	0.00514
24	0.02699	0.01024	0.01396	0.01070	0.01536	0.00884	0.00884	0.02932	0.01722	0.75522	0.02373	0.02048	0.01489	0.00745	0.00605	0.00186	0.00512	0.00605	0.00745	0.01024
25	0.00800	0.00552	0.00678	0.00752	0.00770	0.00533	0.00467	0.00855	0.01021	0.01361	0.02643	0.43183	0.03131	0.38325	0.01854	0.00405	0.00460	0.01315	0.00467	0.00430
26	0.83108	0.01163	0.00884	0.00791	0.01163	0.01350	0.00651	0.01768	0.01024	0.02699	0.00838	0.00977	0.00651	0.00558	0.00372	0.00186	0.00465	0.00326	0.00372	0.00651
27	0.01546	0.01317	0.01388	0.01234	0.01583	0.01519	0.00964	0.07559	0.69577	0.02596	0.02386	0.02195	0.01786	0.00810	0.00611	0.00203	0.00488	0.00671	0.00611	0.00957
28	0.01100	0.01021	0.01706	0.70628	0.03854	0.01261	0.01572	0.01475	0.01198	0.01537	0.01268	0.08413	0.01083	0.00715	0.00616	0.00204	0.00762	0.00639	0.00293	0.00652
29	0.01043	0.00906	0.01218	0.01130	0.01142	0.01142	0.00857	0.01135	0.00962	0.01387	0.01701	0.19474	0.01928	0.23175	0.04906	0.00376	0.35730	0.00895	0.00360	0.00533
30	0.00711	0.00609	0.00609	0.00609	0.00813	0.00508	0.00457	0.00863	0.01371	0.01625	0.06094	0.05789	0.74862	0.01524	0.00711	0.00203	0.00305	0.01270	0.00559	0.00508
31	0.00743	0.00599	0.00689	0.00757	0.02374	0.00525	0.00526	0.00893	0.01321	0.01654	0.09562	0.29376	0.45649	0.01602	0.00727	0.00215	0.00326	0.01387	0.00560	0.00515
32	0.01328	0.08386	0.65948	0.01626	0.02462	0.01435	0.02054	0.01962	0.01295	0.06464	0.01143	0.01297	0.00808	0.00578	0.00560	0.00186	0.00848	0.00446	0.00285	0.00889
33	0.02433	0.01124	0.01418	0.01123	0.01565	0.01075	0.00916	0.07967	0.16057	0.56032	0.02322	0.02044	0.01525	0.00757	0.00606	0.00189	0.00515	0.00615	0.00708	0.01010
34	0.00947	0.00677	0.00942	0.01067	0.01200	0.00672	0.00917	0.01214	0.01394	0.01828	0.08278	0.10833	0.03650	0.01644	0.00819	0.00269	0.00523	0.62015	0.00562	0.00551
35	0.01304	0.02306	0.41840	0.02097	0.16848	0.01393	0.09394	0.02013	0.09735	0.02011	0.04357	0.01599	0.01146	0.00614	0.00601	0.00191	0.00795	0.00545	0.00327	0.00887
36	0.07582	0.01581	0.17954	0.01365	0.05691	0.01160	0.01240	0.08185	0.04458	0.41840	0.01846	0.01733	0.01220	0.00684	0.00582	0.00187	0.00614	0.00545	0.00571	0.00962
37	0.04549	0.01027	0.01384	0.01064	0.01527	0.00895	0.00879	0.02905	0.01706	0.73847	0.02338	0.02023	0.01470	0.00740	0.00600	0.00186	0.00511	0.00599	0.00736	0.01015
38	0.83108	0.01163	0.00884	0.00791	0.01163	0.01350	0.00651	0.01768	0.01024	0.02699	0.00838	0.00977	0.00651	0.00558	0.00372	0.00186	0.00465	0.00326	0.00372	0.00651
39	0.01302	0.01262	0.01752	0.01507	0.01517	0.01752	0.01253	0.01444	0.00945	0.01504	0.00873	0.01382	0.00843	0.01028	0.01864	0.00254	0.72255	0.00529	0.06082	0.00651
40	0.01971	0.19428	0.05570	0.01341	0.01794	0.01959	0.01187	0.45306	0.02171	0.02893	0.01214	0.01312	0.00927	0.00705	0.00708	0.00179	0.09465	0.00485	0.00468	0.00918
41	0.00726	0.00599	0.00637	0.00650	0.00828	0.00511	0.00479	0.00884	0.01374	0.01684	0.11849	0.14540	0.60078	0.01542	0.00718	0.00207	0.00308	0.01307	0.00568	0.00511
42	0.01991	0.01708	0.01731	0.13522	0.02188	0.12729	0.01205	0.41855	0.11975	0.02918	0.01444	0.01524	0.01061	0.00700	0.00594	0.00183	0.00722	0.00536	0.00507	0.00909
43	0.01496	0.01292	0.01360	0.01224	0.01564	0.01496	0.00952	0.03197	0.74019	0.02516	0.02448	0.02244	0.01836	0.00816	0.00612	0.00204	0.00476	0.00680	0.00612	0.00952
44	0.00733	0.00524	0.00698	0.00838	0.00873	0.00489	0.00558	0.00838	0.01152	0.01536	0.03316	0.78466	0.03979	0.01885	0.00768	0.00244	0.00349	0.01710	0.00558	0.00489
45	0.00892	0.00612	0.00702	0.00692	0.00692	0.00632	0.00402	0.00897	0.00877	0.01177	0.01852	0.03835	0.02133	0.75830	0.03020	0.00571	0.03587	0.00861	0.00361	0.00376
46	0.00752	0.00537	0.00720	0.00860	0.00903	0.00505	0.00592	0.00871	0.01171	0.01558	0.03305	0.72543	0.03936	0.01866	0.00773	0.00247	0.00366	0.07440	0.00558	0.00494
47	0.01121	0.00561	0.00561	0.00561	0.00701	0.00561	0.00421	0.01402	0.01262	0.02243	0.01962	0.02243	0.01542	0.00701	0.00421	0.00140	0.00280	0.00561	0.82198	0.00561
48	0.83108	0.01163	0.00884	0.00791	0.01163	0.01350	0.00651	0.01768	0.01024	0.02699	0.00838	0.00977	0.00651	0.00558	0.00372	0.00186	0.00465	0.00326	0.00372	0.00651
49	0.83108	0.01163	0.00884	0.00791	0.01163	0.01350	0.00651	0.01768	0.01024	0.02699	0.00838	0.00977	0.00651	0.00558	0.00372	0.00186	0.00465	0.00326	0.00372	0.00651
50	0.00733	0.00524	0.00698	0.00838	0.00873	0.00489	0.00558	0.00838	0.01152	0.01536	0.03316	0.78466	0.03979	0.01885	0.00768	0.00244	0.00349	0.01710	0.00558	0.00489
51	0.05642	0.01663	0.01767	0.01360	0.01836	0.01844	0.01123	0.70139	0.02754	0.03746	0.01419	0.01425	0.01008	0.00715	0.00592	0.00181	0.00654	0.00533	0.00592	0.01008
52	0.01489	0.01429	0.02442	0.03692	0.75106	0.01429	0.01846	0.01846	0.01370	0.01965	0.01132	0.01489	0.00953	0.00536	0.00596	0.00179	0.00715	0.00536	0.00298	0.00953
53	0.02247	0.02867	0.01705	0.01550	0.01860	0.76443	0.01162	0.02402	0.01705	0.01472	0.00930	0.01085	0.00775	0.00620	0.00542	0.00155	0.01085	0.00387	0.00310	0.00697
54	0.01318	0.01159	0.01273	0.00974	0.01437	0.04422	0.00769	0.04611	0.05862	0.02008	0.01318	0.06795	0.01167	0.00603	0.00522	0.00118	0.02125	0.00486	0.00393	0.62640
55	0.00733	0.00524	0.00698	0.00838	0.00873	0.00489	0.00558	0.00838	0.01152	0.01536	0.03316	0.78466	0.03979	0.01885	0.00768	0.00244	0.00349	0.01710	0.00558	0.00489
56	0.00875	0.00583	0.00656	0.00656	0.00656	0.00583	0.00365	0.00875	0.00875	0.01166	0.01895	0.03937	0.02187	0.78858	0.03062	0.00583	0.00583	0.00875	0.00365	0.00365
57	0.00851	0.00615	0.00804	0.00757	0.00899	0.00568	0.00568	0.01135	0.01703	0.02412	0.74788	0.04494	0.05676	0.01230	0.00710	0.00189	0.00284	0.01088	0.00662	0.00568
58	0.01420	0.01623	0.03550	0.02535	0.03144	0.01521	0.72921	0.01927	0.01420	0.01927	0.01217	0.01623	0.00913	0.00507	0.00710	0.00203	0.01014	0.00710	0.00304	0.00811
59	0.00947	0.00712	0.00917	0.01009	0.01174	0.00703	0.00859	0.01287	0.05914	0.01808	0.03758	0.06290	0.18556	0.01580	0.00792	0.00257	0.00496	0.51813	0.00559	0.00569
60	0.01324	0.01338	0.01964	0.01647	0.01690	0.01820	0.06401	0.01482	0.00957	0.01482	0.00820	0.01338	0.00798	0.01014	0.01884	0.00259	0.72308	0.00539	0.00266	0.00669
61	0.02647	0.01012	0.01379	0.01061	0.01518	0.00875	0.00875	0.02881	0.01721	0.73449	0.04426	0.02117	0.01608	0.00758	0.00608	0.00186	0.00505	0.00619	0.00742	0.01011
62	0.01784	0.58206	0.02754	0.01173	0.01631	0.22764	0.01066	0.01967	0.01355	0.01431	0.00862	0.00998	0.00773	0.00544	0.00429	0.00136	0.00765	0.00340	0.00272	0.00751
63	0.01122	0.00755	0.00826	0.00757	0.01017	0.00683	0.00585	0.01469	0.09833	0.13539	0.06488	0.04756	0.53289	0.01311	0.00683	0.00200	0.00357	0.01092	0.00597	0.00643
64	0.01496	0.01292	0.01360	0.01224	0.01564	0.01496	0.00952	0.03197	0.74019	0.02516	0.02448	0.02244	0.01836	0.00816	0.00612	0.00204	0.00476	0.00680	0.00612	0.00952
65	0.77398	0.01153	0.00921	0.00811	0.01190	0.01316	0.00668	0.01851	0.01073	0.07870	0.00947	0.01053	0.00711	0.00572	0.00389	0.00186	0.00469	0.00346	0.00399	0.00678
66	0.00909	0.00663	0.00933	0.01112	0.03816	0.00651	0.00864	0.01132	0.01307	0.01718	0.03154	0.30499	0.03543	0.01695	0.00801	0.00262	0.00491	0.45356	0.00546	0.00547
67	0.01271	0.01083	0.01260	0.00902	0.01436	0.00827	0.00723	0.03170	0.01284	0.02003	0.01078	0.01252	0.00894	0.00452	0.00449	0.00091	0.00451	0.00361	0.00362	0.80651
68	0.00898	0.00622	0.00815	0.00770	0.00915	0.00572	0.00576	0.01170	0.01674	0.04439	0.68932	0.08361	0.05467	0.01251	0.00710	0.00192	0.00294	0.01107	0.00659	0.00576
69	0.00926	0.00632	0.00825	0.00767	0.00923	0.00580	0.00578	0.01204	0.01696	0.05458	0.70220	0.04420	0.07047	0.01216	0.00705	0.00189	0.00294	0.01072	0.00663	0.00585
70	0.00733	0.00524	0.00698	0.00838	0.00873	0.00489	0.00558	0.00838	0.01152	0.01536	0.03316	0.78466	0.03979	0.01885	0.00768	0.00244	0.00349	0.01710	0.00558	0.00489
71	0.02019	0.01487	0.01634	0.01235	0.01730	0.01530	0.01014	0.50317	0.02345	0.06437	0.01382	0.01417	0.01007	0.00647	0.00559	0.00156	0.00596	0.00493	0.00541	0.23457
72	0.01532	0.13932	0.03135	0.02285	0.10916	0.01625	0.45031	0.01935	0.01375	0.06416	0.01196	0.01513	0.00924	0.00555	0.00706	0.00190	0.04973	0.00612	0.00321	0.00826
73	0.01252	0.02795	0.60377	0.01889	0.02719	0.01424	0.17269	0.01910	0.01302	0.01910	0.01109	0.01345	0.00794	0.00558	0.00601	0.00193	0.00916	0.00501	0.00265	0.00873
74	0.01036	0.00787	0.00993	0.05631	0.01236	0.00801	0.00716	0.06477	0.08977	0.02466	0.57752	0.03872	0.04658	0.01113	0.00685	0.00191	0.00362	0.00974	0.00628	0.00645
75	0.01207	0.03112	0.75741	0.01715	0.02604	0.01397	0.02223	0.01905	0.01270	0.01905	0.01080	0.01270	0.00762	0.00572	0.00572	0.00191	0.00889	0.00445	0.00254	0.00889
76	0.02400	0.01503	0.01693	0.01298	0.01775	0.01595	0.01072	0.53788	0.02524	0.23533	0.01700	0.01610	0.01151	0.00728	0.00603	0.00182	0.00621	0.00559	0.00641	0.01023
77	0.00851	0.00615	0.00804	0.00757	0.00899	0.00568	0.00568	0.01135	0.01703	0.02412	0.74788	0.04494	0.05676	0.01230	0.00710	0.00189	0.00284	0.01088	0.00662	0.00568
78	0.00738	0.00528	0.00703	0.00834	0.00874	0.00492	0.00559	0.00851	0.01176	0.01574	0.06454	0.75217	0.04053	0.01856	0.00765	0.00242	0.00346	0.01683	0.00563	0.00492
79	0.00844	0.00609	0.00798	0.00762	0.00897	0.00563	0.00567	0.01117	0.01668	0.02358	0.70328	0.09109	0.05570	0.01271	0.00713	0.00193	0.00288	0.01127	0.00656	0.00563
80	0.83108	0.01163	0.00884	0.00791	0.01163	0.01350	0.00651	0.01768	0.01024	0.02699	0.00838	0.00977	0.00651	0.00558	0.00372	0.00186	0.00465	0.00326	0.00372	0.00651
81	0.02699	0.01024	0.01396	0.01070	0.01536	0.00884	0.00884	0.02932	0.01722	0.75522	0.02373	0.02048	0.01489	0.00745	0.00605	0.00186	0.00512	0.00605	0.00745	0.01024
82	0.02699	0.01024	0.01396	0.01070	0.01536	0.00884	0.00884	0.02932	0.01722	0.75522	0.02373	0.02048	0.01489	0.00745	0.00605	0.00186	0.00512	0.00605	0.00745	0.01024
83	0.00740	0.00611	0.00650	0.00640	0.00830	0.00520	0.00480	0.00920	0.01440	0.01789	0.20387	0.05520	0.60466	0.01462	0.00711	0.00200	0.00300	0.01232	0.00580	0.00520
84	0.00732	0.00529	0.00693	0.00823	0.00869	0.00490	0.00552	0.00839	0.01165	0.01541	0.03489	0.73931	0.08402	0.01862	0.00764	0.00242	0.00346	0.01683	0.00558	0.00490
85	0.83108	0.01163	0.00884	0.00791	0.01163	0.01350	0.00651	0.01768	0.01024	0.02699	0.00838	0.00977	0.00651	0.00558	0.00372	0.00186	0.00465	0.00326	0.00372	0.00651
86	0.02699	0.01024	0.01396	0.01070	0.01536	0.00884	0.00884	0.02932	0.01722	0.75522	0.02373	0.02048	0.01489	0.00745	0.00605	0.00186	0.00512	0.00605	0.00745	0.01024
87	0.01122	0.00588	0.00627	0.04650	0.00884	0.00602	0.00487	0.01409	0.01258	0.02205	0.01915	0.02209	0.01503	0.00696	0.00430	0.00143	0.00308	0.00559	0.77838	0.00566
88	0.02699	0.01024	0.01396	0.01070	0.01536	0.00884	0.00884	0.02932	0.01722	0.75522	0.02373	0.02048	0.01489	0.00745	0.00605	0.00186	0.00512	0.00605	0.00745	0.01024
89	0.02287	0.01685	0.01805	0.01384	0.01866	0.01866	0.01143	0.73100	0.02828	0.03791	0.01444	0.01444	0.01023	0.00722	0.00602	0.00181	0.00662	0.00542	0.00602	0.01023
90	0.57082	0.01280	0.01496	0.04823	0.04922	0.01413	0.12788	0.06238	0.01226	0.02552	0.00962	0.01165	0.00738	0.00561	0.00463	0.00189	0.00595	0.00422	0.00367	0.00715
91	0.01573	0.71532	0.06954	0.01091	0.01602	0.02303	0.01106	0.01790	0.01211	0.01443	0.00847	0.00998	0.00772	0.00543	0.00470	0.00138	0.04258	0.00338	0.00257	0.00773
92	0.00887	0.00595	0.00716	0.00716	0.00748	0.00618	0.00450	0.00950	0.00919	0.01283	0.01839	0.03496	0.02001	0.58159	0.18521	0.00637	0.00783	0.00806	0.05462	0.00413
93	0.02179	0.01296	0.06693	0.01168	0.01640	0.01144	0.01006	0.09042	0.18559	0.42023	0.02129	0.01931	0.01437	0.00727	0.00593	0.00184	0.00539	0.00589	0.00640	0.06481
94	0.02241	0.01601	0.01734	0.01347	0.01813	0.01761	0.01107	0.61468	0.09521	0.08764	0.01606	0.01563	0.01134	0.00733	0.00603	0.00183	0.00634	0.00559	0.00613	0.01016
95	0.00797	0.00609	0.00732	0.00709	0.00868	0.00543	0.00529	0.01028	0.01563	0.02100	0.47783	0.08192	0.29639	0.01361	0.00713	0.00196	0.00294	0.01178	0.00622	0.00543

[dist]
# distance from previous block
# <min> <max>
1	51

# created by:
# /software/SequenceAnalysis/GenePrediction/augustus/3.0.1/scripts/msa2prfl.pl ./fixed/BUSCOvEOG7WSXQ8.fas
