[name]
unknown

[dist]
# distance from previous block
# <min> <max>
26	435

[block]
# block no. 0 follows, 41 sequences, length 8
# corresponding to MSA columns:
# 454-461
name=unknown_A
#
# <colnr> <probs for GDERKNQSTAVLIFYWHMCP>
#	G	D	E	R	K	N	Q	S	T	A	V	L	I	F	Y	W	H	M	C	P
0	0.00721	0.00581	0.00642	0.00627	0.00800	0.00502	0.00470	0.00909	0.01411	0.01799	0.29645	0.05086	0.52089	0.01354	0.00676	0.00189	0.00283	0.01149	0.00565	0.00502
1	0.02174	0.01602	0.01717	0.01316	0.01774	0.01774	0.01087	0.74423	0.02689	0.03605	0.01373	0.01373	0.00973	0.00687	0.00572	0.00172	0.00629	0.00515	0.00572	0.00973
2	0.01210	0.01096	0.01793	0.02563	0.50700	0.01081	0.01343	0.01526	0.01410	0.02013	0.26528	0.02386	0.02431	0.00734	0.00603	0.00173	0.00540	0.00688	0.00401	0.00782
3	0.01134	0.00936	0.01043	0.01008	0.01220	0.01036	0.00753	0.02142	0.44998	0.02069	0.07711	0.28563	0.02691	0.01148	0.00639	0.00206	0.00399	0.01006	0.00568	0.00730
4	0.00692	0.00552	0.00621	0.00663	0.00798	0.00481	0.00475	0.00830	0.01255	0.01568	0.09760	0.30555	0.46646	0.01546	0.00694	0.00206	0.00303	0.01337	0.00538	0.00481
5	0.02149	0.02344	0.01653	0.01420	0.01770	0.51852	0.01099	0.26781	0.01984	0.02149	0.01050	0.01148	0.00817	0.00622	0.00535	0.00156	0.00895	0.00418	0.00389	0.00768
6	0.29113	0.00810	0.00894	0.00951	0.01158	0.00871	0.00819	0.01354	0.01200	0.02002	0.02271	0.04577	0.02384	0.01224	0.00642	0.00234	0.00498	0.47972	0.00468	0.00558
7	0.00697	0.00498	0.00664	0.00796	0.00830	0.00465	0.00531	0.00796	0.01095	0.01460	0.03153	0.79525	0.03783	0.01792	0.00730	0.00232	0.00332	0.01626	0.00531	0.00465

[dist]
# distance from previous block
# <min> <max>
0	7

[block]
# block no. 1 follows, 41 sequences, length 13
# corresponding to MSA columns:
# 469-481
name=unknown_B
#
# <colnr> <probs for GDERKNQSTAVLIFYWHMCP>
#	G	D	E	R	K	N	Q	S	T	A	V	L	I	F	Y	W	H	M	C	P
0	0.01316	0.03906	0.03953	0.00916	0.01429	0.00901	0.00771	0.06024	0.01298	0.05127	0.01084	0.01221	0.00871	0.00458	0.00441	0.00099	0.00460	0.00362	0.00362	0.69001
1	0.02187	0.03191	0.04645	0.01197	0.04177	0.03794	0.00971	0.08417	0.15007	0.47127	0.02021	0.01827	0.01352	0.00695	0.00567	0.00177	0.00536	0.00561	0.00614	0.00936
2	0.01859	0.01433	0.01716	0.23577	0.02398	0.01629	0.01232	0.53386	0.02244	0.02987	0.01270	0.01417	0.00912	0.00654	0.00572	0.00177	0.00668	0.00513	0.00480	0.00875
3	0.01375	0.01004	0.01169	0.00939	0.01276	0.00966	0.00742	0.16964	0.06427	0.07110	0.22925	0.02345	0.02338	0.03897	0.00672	0.00166	0.01894	0.00638	0.02054	0.25098
4	0.02117	0.01080	0.01332	0.01047	0.01435	0.01052	0.00854	0.23115	0.01937	0.41406	0.16113	0.02226	0.02050	0.00790	0.00593	0.00176	0.00486	0.00646	0.00654	0.00890
5	0.00831	0.00569	0.00682	0.00677	0.00723	0.00556	0.00436	0.00924	0.01087	0.01486	0.23275	0.04054	0.03107	0.52627	0.02143	0.00430	0.00471	0.05073	0.00439	0.00413
6	0.01147	0.01196	0.02420	0.07120	0.06712	0.01146	0.43886	0.01504	0.01260	0.01702	0.01718	0.24018	0.01704	0.00867	0.00678	0.00203	0.00752	0.00928	0.00356	0.00682
7	0.01453	0.02511	0.52603	0.01606	0.04891	0.01458	0.01805	0.22745	0.01638	0.02331	0.01128	0.01263	0.00803	0.00584	0.00553	0.00178	0.00777	0.00452	0.00338	0.00884
8	0.01130	0.01050	0.01427	0.01249	0.01249	0.01407	0.00991	0.01219	0.00863	0.01299	0.01054	0.01970	0.01134	0.23749	0.02175	0.00338	0.56276	0.00596	0.00278	0.00545
9	0.00761	0.00556	0.00715	0.00731	0.00839	0.00510	0.00527	0.00964	0.01420	0.01954	0.45866	0.28743	0.11495	0.01397	0.00693	0.00198	0.00292	0.01242	0.00588	0.00510
10	0.01709	0.12514	0.01516	0.01015	0.01365	0.01438	0.00844	0.40023	0.01968	0.02758	0.01450	0.01621	0.01125	0.03789	0.00586	0.00169	0.00519	0.00503	0.24303	0.00787
11	0.01158	0.01168	0.02194	0.56578	0.03666	0.01321	0.22539	0.01568	0.01203	0.01568	0.01057	0.01530	0.00793	0.00546	0.00602	0.00191	0.00821	0.00556	0.00264	0.00675
12	0.00823	0.00706	0.00754	0.00657	0.00941	0.00563	0.00505	0.00999	0.01270	0.01637	0.04417	0.04260	0.54401	0.01153	0.00603	0.00162	0.00328	0.00957	0.00476	0.24388

[dist]
# distance from previous block
# <min> <max>
4	14

[block]
# block no. 2 follows, 41 sequences, length 54
# corresponding to MSA columns:
# 496-549
name=unknown_C
#
# <colnr> <probs for GDERKNQSTAVLIFYWHMCP>
#	G	D	E	R	K	N	Q	S	T	A	V	L	I	F	Y	W	H	M	C	P
0	0.83938	0.01106	0.00841	0.00752	0.01106	0.01283	0.00619	0.01681	0.00973	0.02566	0.00796	0.00929	0.00619	0.00531	0.00354	0.00177	0.00442	0.00310	0.00354	0.00619
1	0.01423	0.01229	0.01293	0.01164	0.01487	0.01423	0.00905	0.03039	0.75297	0.02393	0.02328	0.02134	0.01746	0.00776	0.00582	0.00194	0.00453	0.00647	0.00582	0.00905
2	0.02137	0.02726	0.01621	0.01474	0.01768	0.77602	0.01105	0.02284	0.01621	0.01400	0.00884	0.01031	0.00737	0.00589	0.00516	0.00147	0.01031	0.00368	0.00295	0.00663
3	0.83938	0.01106	0.00841	0.00752	0.01106	0.01283	0.00619	0.01681	0.00973	0.02566	0.00796	0.00929	0.00619	0.00531	0.00354	0.00177	0.00442	0.00310	0.00354	0.00619
4	0.02174	0.01602	0.01717	0.01316	0.01774	0.01774	0.01087	0.74423	0.02689	0.03605	0.01373	0.01373	0.00973	0.00687	0.00572	0.00172	0.00629	0.00515	0.00572	0.00973
5	0.01350	0.01543	0.03375	0.02411	0.02989	0.01446	0.74253	0.01832	0.01350	0.01832	0.01157	0.01543	0.00868	0.00482	0.00675	0.00193	0.00964	0.00675	0.00289	0.00771
6	0.00735	0.00560	0.00679	0.00726	0.00836	0.00512	0.00515	0.00926	0.03182	0.01699	0.20557	0.39021	0.24916	0.01525	0.00698	0.00208	0.00309	0.01345	0.00555	0.00498
7	0.00994	0.00497	0.00745	0.00745	0.00745	0.00497	0.00497	0.00745	0.00745	0.00994	0.00994	0.01739	0.00994	0.01987	0.02235	0.83358	0.00497	0.00497	0.00248	0.00248
8	0.01529	0.80242	0.02997	0.00979	0.01468	0.02263	0.00979	0.01713	0.01162	0.01346	0.00795	0.00918	0.00734	0.00489	0.00367	0.00122	0.00612	0.00306	0.00245	0.00734
9	0.01423	0.01229	0.01293	0.01164	0.01487	0.01423	0.00905	0.03039	0.75297	0.02393	0.02328	0.02134	0.01746	0.00776	0.00582	0.00194	0.00453	0.00647	0.00582	0.00905
10	0.02255	0.01081	0.01322	0.01031	0.01435	0.01048	0.00846	0.21715	0.01858	0.46943	0.01967	0.01819	0.01304	0.00697	0.00550	0.00170	0.00495	0.00553	0.12000	0.00913
11	0.00832	0.00555	0.00624	0.00624	0.00624	0.00555	0.00347	0.00832	0.00832	0.01109	0.01802	0.03743	0.02080	0.79898	0.02911	0.00555	0.00555	0.00832	0.00347	0.00347
12	0.02466	0.00996	0.01324	0.01030	0.01463	0.00891	0.00846	0.02810	0.08066	0.70238	0.02263	0.01963	0.01445	0.00714	0.00576	0.00178	0.00484	0.00581	0.00697	0.00967
13	0.00727	0.00581	0.00650	0.00633	0.00804	0.00505	0.00475	0.00919	0.01424	0.01831	0.32571	0.05035	0.49143	0.01342	0.00675	0.00188	0.00282	0.01141	0.00569	0.00505
14	0.01350	0.01543	0.03375	0.02411	0.02989	0.01446	0.74253	0.01832	0.01350	0.01832	0.01157	0.01543	0.00868	0.00482	0.00675	0.00193	0.00964	0.00675	0.00289	0.00771
15	0.02566	0.00973	0.01327	0.01018	0.01460	0.00841	0.00841	0.02788	0.01637	0.76726	0.02257	0.01947	0.01416	0.00708	0.00575	0.00177	0.00487	0.00575	0.00708	0.00973
16	0.00777	0.00542	0.00688	0.00754	0.00786	0.00537	0.00498	0.00856	0.00984	0.01320	0.02439	0.36863	0.02832	0.33664	0.09185	0.00432	0.00552	0.05432	0.00434	0.00425
17	0.00697	0.00498	0.00664	0.00796	0.00830	0.00465	0.00531	0.00796	0.01095	0.01460	0.03153	0.79525	0.03783	0.01792	0.00730	0.00232	0.00332	0.01626	0.00531	0.00465
18	0.01147	0.02959	0.76934	0.01630	0.02476	0.01328	0.02113	0.01811	0.01208	0.01811	0.01026	0.01208	0.00725	0.00543	0.00543	0.00181	0.00845	0.00423	0.00242	0.00845
19	0.02606	0.01009	0.01361	0.01052	0.01496	0.00870	0.00862	0.02812	0.01665	0.76161	0.02298	0.02012	0.01460	0.00741	0.00597	0.00186	0.00504	0.00591	0.00722	0.00997
20	0.75029	0.04839	0.03203	0.02786	0.01272	0.01355	0.00726	0.01714	0.01027	0.02500	0.00862	0.01025	0.00682	0.00565	0.00389	0.00184	0.00488	0.00336	0.00360	0.00658
21	0.16790	0.01032	0.01276	0.01005	0.01434	0.00947	0.00823	0.02619	0.01549	0.63234	0.02043	0.01834	0.01321	0.00710	0.00558	0.00186	0.00496	0.00545	0.00661	0.00935
22	0.01349	0.01426	0.02568	0.01972	0.02257	0.01626	0.36617	0.01633	0.01140	0.01646	0.01001	0.01463	0.00857	0.00780	0.01306	0.00231	0.40516	0.00601	0.00287	0.00723
23	0.01366	0.17097	0.04834	0.06284	0.12219	0.01777	0.01337	0.01553	0.01055	0.01510	0.00885	0.01293	0.00818	0.00818	0.01277	0.00216	0.44190	0.00477	0.00272	0.00722
24	0.01161	0.06649	0.01618	0.48743	0.04965	0.06324	0.01302	0.01438	0.01217	0.01514	0.01673	0.13119	0.06263	0.00835	0.00605	0.00198	0.00689	0.00710	0.00334	0.00643
25	0.01281	0.01085	0.01278	0.00989	0.03929	0.00850	0.00751	0.04150	0.01277	0.01973	0.01083	0.01272	0.00902	0.00471	0.00457	0.00101	0.00458	0.00369	0.00363	0.76963
26	0.01258	0.05010	0.61028	0.07451	0.07340	0.04144	0.01992	0.01828	0.01254	0.01806	0.01068	0.01300	0.00789	0.00578	0.00563	0.00187	0.00843	0.00446	0.00265	0.00849
27	0.00864	0.00585	0.00670	0.00689	0.00699	0.00572	0.00401	0.00866	0.00909	0.01217	0.02066	0.16056	0.02394	0.66647	0.02561	0.00509	0.00535	0.00974	0.00394	0.00394
28	0.01769	0.04173	0.04595	0.01201	0.01559	0.03381	0.03423	0.29391	0.06504	0.13275	0.04538	0.11044	0.01727	0.02873	0.00749	0.03794	0.00585	0.04059	0.00541	0.00821
29	0.05047	0.01690	0.09799	0.01376	0.04085	0.04109	0.01173	0.46763	0.02213	0.11988	0.01427	0.01459	0.01018	0.00680	0.00574	0.00178	0.00651	0.00508	0.00531	0.04730
30	0.01265	0.00691	0.00711	0.00661	0.00839	0.00698	0.00504	0.08811	0.01392	0.04033	0.01869	0.02115	0.01458	0.00703	0.00444	0.00148	0.00328	0.00548	0.72167	0.00615
31	0.00752	0.00537	0.00703	0.00832	0.00870	0.00497	0.00554	0.00837	0.01128	0.01509	0.03186	0.78957	0.03808	0.01816	0.00750	0.00241	0.00351	0.01633	0.00547	0.00492
32	0.01333	0.01459	0.05262	0.09663	0.12245	0.01387	0.44879	0.01781	0.04094	0.01827	0.01336	0.06568	0.01121	0.00644	0.00711	0.00203	0.03682	0.00697	0.00326	0.00784
33	0.08349	0.09997	0.10381	0.06513	0.34234	0.03675	0.10748	0.01759	0.01270	0.01847	0.01111	0.03271	0.00940	0.00594	0.00599	0.00183	0.02880	0.00522	0.00303	0.00824
34	0.02606	0.01009	0.01361	0.01052	0.01496	0.00870	0.00862	0.02812	0.01665	0.76161	0.02298	0.02012	0.01460	0.00741	0.00597	0.00186	0.00504	0.00591	0.00722	0.00997
35	0.01249	0.01208	0.01682	0.01462	0.01479	0.01649	0.01204	0.01369	0.00915	0.01420	0.00898	0.01442	0.00882	0.01427	0.10995	0.00339	0.68934	0.00530	0.00275	0.00638
36	0.03059	0.07086	0.46825	0.06187	0.10506	0.01411	0.06537	0.01838	0.01255	0.05247	0.01118	0.01353	0.00836	0.00593	0.00615	0.00189	0.03736	0.00471	0.00292	0.00846
37	0.00884	0.00600	0.00694	0.00692	0.00708	0.00603	0.00410	0.00892	0.00876	0.01184	0.01819	0.03636	0.02050	0.71327	0.10779	0.00599	0.00674	0.00822	0.00360	0.00393
38	0.00768	0.00548	0.00703	0.00817	0.00858	0.00510	0.00544	0.00849	0.01115	0.01486	0.03136	0.68521	0.05621	0.08750	0.00944	0.00269	0.00374	0.03173	0.00530	0.00484
39	0.01196	0.04074	0.01827	0.63687	0.03570	0.01358	0.04843	0.01683	0.08696	0.01617	0.01199	0.01633	0.00915	0.00619	0.00591	0.00198	0.00750	0.00539	0.00307	0.00699
40	0.00784	0.00598	0.00700	0.00748	0.00862	0.00541	0.00527	0.00932	0.02685	0.01635	0.12089	0.35802	0.30164	0.06251	0.00853	0.00240	0.00349	0.03181	0.00548	0.00510
41	0.02001	0.01525	0.01625	0.01304	0.01724	0.01695	0.01054	0.53303	0.23621	0.03287	0.01697	0.01662	0.01243	0.00745	0.00597	0.00187	0.00595	0.00569	0.00590	0.00977
42	0.01400	0.01574	0.03392	0.02433	0.03012	0.01471	0.73675	0.01864	0.01380	0.01878	0.01207	0.01611	0.00916	0.00517	0.00696	0.00202	0.00978	0.00690	0.00307	0.00797
43	0.01022	0.00768	0.00885	0.00846	0.01019	0.00673	0.00616	0.01175	0.01649	0.02245	0.50128	0.04898	0.28841	0.01400	0.00774	0.00229	0.00368	0.01148	0.00668	0.00650
44	0.01489	0.01213	0.01404	0.01147	0.04342	0.00995	0.00848	0.07712	0.01485	0.02234	0.04806	0.03831	0.01381	0.00688	0.00570	0.00152	0.00526	0.00511	0.00457	0.64210
45	0.01653	0.57142	0.15943	0.07766	0.02020	0.02101	0.01323	0.01865	0.01320	0.01673	0.01107	0.01367	0.00970	0.00670	0.00526	0.00185	0.00743	0.00428	0.00331	0.00867
46	0.02284	0.02629	0.01748	0.01581	0.01901	0.63418	0.01176	0.07192	0.08010	0.01861	0.01286	0.01490	0.01072	0.00772	0.00630	0.00198	0.01018	0.00484	0.00421	0.00828
47	0.01382	0.01154	0.01329	0.07538	0.01671	0.02888	0.00846	0.01548	0.01321	0.01971	0.01482	0.08003	0.01366	0.02842	0.02919	0.00193	0.00579	0.00566	0.02089	0.58314
48	0.01544	0.01182	0.01363	0.01029	0.01537	0.00912	0.00797	0.01720	0.01375	0.08365	0.01364	0.01588	0.01126	0.00615	0.00545	0.00140	0.00514	0.00442	0.00452	0.73391
49	0.01811	0.53534	0.11048	0.01328	0.01848	0.07996	0.03719	0.08033	0.01489	0.01843	0.01141	0.01366	0.00993	0.00684	0.00536	0.00184	0.00761	0.00439	0.00363	0.00884
50	0.01233	0.00846	0.01153	0.01109	0.01258	0.00901	0.00846	0.01363	0.01139	0.07896	0.01793	0.02489	0.01617	0.03909	0.66034	0.00853	0.03775	0.00679	0.00422	0.00683
51	0.01637	0.01830	0.10717	0.02403	0.06718	0.01574	0.54320	0.08072	0.01590	0.02197	0.01396	0.01812	0.01094	0.00672	0.00746	0.00232	0.00974	0.00698	0.00392	0.00923
52	0.01626	0.01649	0.08707	0.03417	0.67394	0.01477	0.01849	0.01915	0.01441	0.02079	0.01313	0.01727	0.01119	0.00676	0.00667	0.00215	0.00769	0.00579	0.00364	0.01016
53	0.01105	0.00830	0.01110	0.01071	0.01225	0.00860	0.00807	0.01235	0.01101	0.01604	0.01719	0.02491	0.01605	0.05829	0.66438	0.00856	0.01457	0.00668	0.00394	0.07596

[dist]
# distance from previous block
# <min> <max>
0	8

[block]
# block no. 3 follows, 41 sequences, length 17
# corresponding to MSA columns:
# 558-574
name=unknown_D
#
# <colnr> <probs for GDERKNQSTAVLIFYWHMCP>
#	G	D	E	R	K	N	Q	S	T	A	V	L	I	F	Y	W	H	M	C	P
0	0.01064	0.00835	0.01093	0.00979	0.01222	0.00803	0.00755	0.01248	0.01086	0.01619	0.01478	0.02054	0.01346	0.03052	0.51292	0.00658	0.01196	0.00561	0.00359	0.27300
1	0.01290	0.01271	0.02323	0.52558	0.03669	0.01389	0.25052	0.01664	0.01287	0.01697	0.01184	0.01693	0.00914	0.00624	0.00656	0.00213	0.00864	0.00601	0.00308	0.00742
2	0.01407	0.01425	0.02582	0.01889	0.02400	0.01308	0.43420	0.01746	0.01332	0.01915	0.01199	0.01567	0.00967	0.00587	0.00738	0.00184	0.06940	0.00588	0.00344	0.27460
3	0.01194	0.01047	0.01804	0.01567	0.01855	0.01003	0.24602	0.01525	0.03512	0.01874	0.02491	0.06810	0.02548	0.01270	0.00792	0.00258	0.00701	0.43976	0.00489	0.00680
4	0.28425	0.01591	0.01415	0.09266	0.01786	0.15868	0.00998	0.21994	0.01681	0.02556	0.01189	0.01392	0.00931	0.00691	0.00563	0.00193	0.02577	0.00460	0.05640	0.00785
5	0.01777	0.01515	0.02187	0.02835	0.50921	0.01553	0.01572	0.25262	0.01823	0.02536	0.01293	0.01567	0.01042	0.00649	0.00620	0.00193	0.00701	0.00550	0.00419	0.00985
6	0.82078	0.01210	0.00952	0.00860	0.01220	0.01360	0.00687	0.01780	0.01073	0.02684	0.00955	0.01147	0.00770	0.00633	0.00424	0.00205	0.00495	0.00363	0.00405	0.00699
7	0.53298	0.01163	0.01125	0.00953	0.01345	0.01204	0.00765	0.02171	0.01308	0.28913	0.01471	0.01507	0.01051	0.00696	0.00502	0.00205	0.00511	0.00457	0.00530	0.00824
8	0.00788	0.00536	0.00637	0.00679	0.00690	0.00526	0.00406	0.00820	0.00917	0.01222	0.02238	0.28177	0.02629	0.54715	0.02208	0.00451	0.00483	0.01088	0.00406	0.00385
9	0.01477	0.01171	0.01316	0.00974	0.01450	0.01055	0.00788	0.23301	0.01637	0.02397	0.01161	0.01284	0.00912	0.00513	0.00467	0.00113	0.00478	0.00400	0.04053	0.55052
10	0.27627	0.00732	0.00694	0.00665	0.00779	0.00789	0.00435	0.01106	0.00877	0.01579	0.01478	0.02836	0.01609	0.54308	0.02087	0.00433	0.00518	0.00663	0.00349	0.00435
11	0.01856	0.01413	0.01546	0.01165	0.01639	0.01448	0.00955	0.50891	0.02205	0.03044	0.01258	0.01313	0.00932	0.00602	0.00524	0.00144	0.00563	0.00458	0.00497	0.27548
12	0.01288	0.01139	0.01406	0.26087	0.02255	0.01343	0.01110	0.02458	0.48956	0.02065	0.02019	0.02048	0.03873	0.00732	0.00582	0.00193	0.00547	0.00620	0.00475	0.00804
13	0.01027	0.00904	0.01442	0.18458	0.25861	0.00937	0.01159	0.01270	0.01175	0.01605	0.01954	0.35013	0.02110	0.01072	0.00633	0.00198	0.00540	0.00984	0.00385	0.03273
14	0.28083	0.51220	0.05657	0.00935	0.01397	0.01905	0.00914	0.01707	0.01103	0.01760	0.00806	0.00934	0.00697	0.00505	0.00371	0.00143	0.00568	0.00312	0.00280	0.00702
15	0.01424	0.00878	0.00915	0.00786	0.01023	0.00933	0.00621	0.24899	0.01680	0.02607	0.01707	0.01888	0.01307	0.00673	0.00455	0.00146	0.00384	0.00527	0.56473	0.00675
16	0.83938	0.01106	0.00841	0.00752	0.01106	0.01283	0.00619	0.01681	0.00973	0.02566	0.00796	0.00929	0.00619	0.00531	0.00354	0.00177	0.00442	0.00310	0.00354	0.00619

[dist]
# distance from previous block
# <min> <max>
0	6

[block]
# block no. 4 follows, 41 sequences, length 30
# corresponding to MSA columns:
# 581-610
name=unknown_E
#
# <colnr> <probs for GDERKNQSTAVLIFYWHMCP>
#	G	D	E	R	K	N	Q	S	T	A	V	L	I	F	Y	W	H	M	C	P
0	0.01341	0.01150	0.01242	0.01077	0.01425	0.01244	0.00840	0.02617	0.56687	0.02285	0.06324	0.02074	0.01782	0.00730	0.00557	0.00172	0.00437	0.00609	0.00538	0.16868
1	0.02544	0.01010	0.01350	0.01035	0.01478	0.00895	0.00855	0.06919	0.01698	0.72509	0.02206	0.01914	0.01390	0.00707	0.00575	0.00177	0.00495	0.00572	0.00700	0.00973
2	0.01346	0.02696	0.62360	0.01569	0.02340	0.01415	0.01914	0.15881	0.01495	0.02159	0.01094	0.01240	0.00773	0.00571	0.00549	0.00179	0.00803	0.00441	0.00306	0.00870
3	0.32939	0.01032	0.01219	0.15936	0.01807	0.01091	0.00902	0.02114	0.01291	0.34200	0.01466	0.01482	0.00989	0.00615	0.00491	0.00180	0.00523	0.00462	0.00487	0.00775
4	0.00801	0.00605	0.00775	0.00817	0.00946	0.00530	0.00575	0.00937	0.01122	0.01549	0.02734	0.61362	0.03194	0.01518	0.00673	0.00205	0.00358	0.04269	0.00494	0.16536
5	0.01351	0.01293	0.02204	0.18046	0.62303	0.01342	0.01723	0.01698	0.01272	0.01790	0.01064	0.01437	0.00878	0.00522	0.00567	0.00174	0.00696	0.00509	0.00278	0.00854
6	0.02322	0.01291	0.01510	0.01161	0.01604	0.01321	0.00958	0.40252	0.02177	0.36506	0.01784	0.01651	0.01185	0.00696	0.00569	0.00173	0.00556	0.00543	0.02779	0.00962
7	0.01133	0.00654	0.00827	0.00760	0.00960	0.00580	0.00577	0.01341	0.01480	0.17682	0.34510	0.13934	0.20890	0.01219	0.00661	0.00189	0.00328	0.01056	0.00610	0.00608
8	0.00760	0.00543	0.00736	0.00869	0.00929	0.00519	0.00641	0.00906	0.01157	0.01531	0.03118	0.58996	0.03645	0.01732	0.00747	0.00241	0.00387	0.21532	0.00530	0.00482
9	0.00842	0.00641	0.00784	0.00862	0.00950	0.00653	0.00597	0.01232	0.15464	0.01629	0.02948	0.62004	0.03332	0.04197	0.00774	0.00236	0.00363	0.01410	0.00535	0.00546
10	0.00726	0.00524	0.00692	0.00813	0.00860	0.00497	0.00556	0.00873	0.02808	0.01520	0.05614	0.72216	0.03772	0.01739	0.00727	0.00231	0.00340	0.04476	0.00535	0.00480
11	0.01510	0.01554	0.03054	0.02199	0.02754	0.01510	0.60075	0.15898	0.01610	0.02176	0.01199	0.01510	0.00888	0.00522	0.00655	0.00189	0.00899	0.00644	0.00344	0.00810
12	0.01448	0.02522	0.58359	0.01535	0.02282	0.02731	0.04250	0.02011	0.01304	0.16320	0.01266	0.01359	0.00864	0.00574	0.00553	0.00180	0.00783	0.00460	0.00335	0.00864
13	0.01283	0.01613	0.16785	0.04395	0.35102	0.01286	0.16496	0.03063	0.02347	0.01839	0.01316	0.09372	0.01166	0.00650	0.00601	0.00184	0.00732	0.00642	0.00311	0.00816
14	0.01069	0.00627	0.00762	0.15645	0.01301	0.00676	0.00630	0.01358	0.01189	0.02002	0.01701	0.02015	0.01330	0.00648	0.00433	0.00144	0.00363	0.00528	0.67026	0.00553
15	0.01287	0.01126	0.01329	0.15950	0.01892	0.05316	0.00893	0.03034	0.01249	0.04289	0.01058	0.01272	0.00846	0.00477	0.00466	0.00114	0.00531	0.00385	0.00337	0.58152
16	0.01339	0.00963	0.01076	0.00922	0.01097	0.01049	0.00671	0.27572	0.01522	0.02063	0.01594	0.02664	0.01576	0.41792	0.06448	0.00416	0.03443	0.00684	0.02511	0.00598
17	0.01097	0.00651	0.00805	0.00738	0.00943	0.00573	0.00563	0.01303	0.01477	0.16404	0.32890	0.10503	0.27402	0.01222	0.00660	0.00188	0.00323	0.01051	0.00605	0.00599
18	0.03286	0.01376	0.04449	0.04940	0.09069	0.01462	0.01102	0.19926	0.39635	0.05774	0.01831	0.01784	0.01356	0.00702	0.00571	0.00185	0.00548	0.00577	0.00523	0.00904
19	0.02594	0.10150	0.26642	0.01946	0.12243	0.05948	0.21167	0.01881	0.05485	0.01799	0.01106	0.01333	0.00850	0.00528	0.00557	0.00172	0.00797	0.00495	0.00288	0.04020
20	0.01241	0.01594	0.16187	0.03354	0.01715	0.05847	0.01312	0.01493	0.01038	0.01527	0.00975	0.05285	0.00914	0.00850	0.01274	0.00209	0.43819	0.00517	0.00276	0.10573
21	0.00856	0.01065	0.15486	0.00869	0.01166	0.00706	0.00825	0.01210	0.03957	0.01978	0.37856	0.03976	0.25633	0.01119	0.00646	0.00185	0.00394	0.00955	0.00523	0.00594
22	0.01582	0.01631	0.16104	0.01236	0.01799	0.02922	0.02363	0.07232	0.02579	0.07198	0.01357	0.01562	0.01080	0.00639	0.00570	0.00162	0.00622	0.00467	0.00435	0.48460
23	0.17520	0.01272	0.01753	0.26983	0.12077	0.01321	0.06623	0.05050	0.01371	0.04790	0.01305	0.02743	0.01059	0.00697	0.00605	0.00208	0.00692	0.00545	0.01693	0.11692
24	0.01413	0.02420	0.47513	0.16777	0.05758	0.01451	0.08367	0.04838	0.01401	0.02008	0.01261	0.01603	0.00964	0.00688	0.00652	0.00221	0.00884	0.00538	0.00337	0.00907
25	0.01330	0.01238	0.02079	0.65088	0.03864	0.01402	0.12142	0.01657	0.01305	0.01713	0.01246	0.01806	0.00979	0.00698	0.00675	0.00229	0.00854	0.00599	0.00333	0.00763
26	0.00920	0.00663	0.00820	0.00935	0.00993	0.00598	0.00624	0.00962	0.01234	0.01661	0.03373	0.74902	0.06134	0.01879	0.00811	0.00267	0.00407	0.01642	0.00595	0.00579
27	0.01089	0.00737	0.00838	0.02811	0.01002	0.00715	0.00586	0.01184	0.01191	0.01736	0.02702	0.03493	0.16248	0.23383	0.16703	0.00459	0.00695	0.00826	0.23020	0.00582
28	0.01629	0.57351	0.02623	0.01141	0.01539	0.03795	0.03818	0.01678	0.01230	0.01500	0.01067	0.01403	0.00992	0.00923	0.00840	0.16294	0.00680	0.00432	0.00322	0.00744
29	0.02695	0.01127	0.01463	0.01160	0.01605	0.00978	0.00928	0.02893	0.03893	0.72257	0.02427	0.02217	0.01605	0.00844	0.00663	0.00216	0.00557	0.00641	0.00763	0.01068

[dist]
# distance from previous block
# <min> <max>
0	2

[block]
# block no. 5 follows, 41 sequences, length 35
# corresponding to MSA columns:
# 613-647
name=unknown_F
#
# <colnr> <probs for GDERKNQSTAVLIFYWHMCP>
#	G	D	E	R	K	N	Q	S	T	A	V	L	I	F	Y	W	H	M	C	P
0	0.01349	0.00704	0.00937	0.00811	0.01040	0.00632	0.00632	0.01604	0.01625	0.25137	0.53388	0.03559	0.04175	0.01028	0.00644	0.00179	0.00336	0.00893	0.00654	0.00673
1	0.27362	0.08715	0.01389	0.01018	0.01410	0.15540	0.00835	0.02253	0.01386	0.32795	0.01415	0.01367	0.00980	0.00611	0.00477	0.00166	0.00587	0.00430	0.00479	0.00784
2	0.00998	0.00782	0.00927	0.00856	0.01049	0.00811	0.00652	0.01681	0.24231	0.02324	0.53410	0.03616	0.04277	0.01049	0.00646	0.00184	0.00326	0.00915	0.00615	0.00652
3	0.00697	0.00498	0.00664	0.00796	0.00830	0.00465	0.00531	0.00796	0.01095	0.01460	0.03153	0.79525	0.03783	0.01792	0.00730	0.00232	0.00332	0.01626	0.00531	0.00465
4	0.26244	0.00684	0.00718	0.00783	0.00914	0.00716	0.00558	0.01068	0.01058	0.01800	0.02429	0.55404	0.02812	0.01405	0.00615	0.00215	0.00366	0.01222	0.00477	0.00512
5	0.01695	0.03330	0.01389	0.01202	0.01476	0.26590	0.00920	0.26280	0.01812	0.02165	0.01744	0.25234	0.01752	0.00989	0.00597	0.00181	0.00671	0.00803	0.00460	0.00709
6	0.00831	0.00623	0.00799	0.00890	0.01034	0.00591	0.00746	0.01047	0.01298	0.01644	0.03886	0.11129	0.25669	0.01554	0.00751	0.00240	0.00441	0.45789	0.00528	0.00509
7	0.01128	0.01040	0.01616	0.50780	0.04682	0.01122	0.03493	0.01472	0.01166	0.01605	0.01022	0.01419	0.00795	0.00522	0.00529	0.00158	0.00663	0.00461	0.00282	0.26044
8	0.02148	0.02381	0.01650	0.01425	0.01770	0.54330	0.01100	0.24423	0.01949	0.02077	0.01034	0.01136	0.00809	0.00619	0.00533	0.00155	0.00908	0.00413	0.00380	0.00758
9	0.01367	0.01001	0.01129	0.02585	0.01323	0.00923	0.00726	0.17336	0.02980	0.08790	0.02712	0.02664	0.24047	0.00836	0.00553	0.00151	0.00438	0.00678	0.02132	0.27631
10	0.01308	0.55795	0.02312	0.00899	0.01280	0.01734	0.00844	0.01518	0.01302	0.01637	0.23884	0.01947	0.02165	0.00698	0.00461	0.00140	0.00507	0.00529	0.00363	0.00674
11	0.56537	0.01256	0.01134	0.03091	0.01390	0.01433	0.00790	0.24000	0.01505	0.02854	0.00980	0.01082	0.00732	0.00580	0.00427	0.00176	0.00509	0.00378	0.00418	0.00728
12	0.58845	0.01258	0.01110	0.00925	0.01311	0.01434	0.00763	0.24006	0.01500	0.02885	0.00973	0.01065	0.00728	0.00579	0.00421	0.00175	0.00500	0.00373	0.00421	0.00728
13	0.00908	0.00696	0.00959	0.24531	0.01641	0.00774	0.00728	0.01025	0.00928	0.01217	0.01561	0.03062	0.01675	0.55553	0.02193	0.00443	0.00618	0.00733	0.00318	0.00435
14	0.02384	0.01265	0.01508	0.01156	0.01606	0.01274	0.00955	0.36057	0.02126	0.42767	0.01846	0.01680	0.01210	0.00698	0.00574	0.00175	0.00553	0.00547	0.00645	0.00973
15	0.01423	0.01229	0.01293	0.01164	0.01487	0.01423	0.00905	0.03039	0.75297	0.02393	0.02328	0.02134	0.01746	0.00776	0.00582	0.00194	0.00453	0.00647	0.00582	0.00905
16	0.00774	0.00603	0.00815	0.00815	0.00945	0.00644	0.00629	0.00960	0.01037	0.01395	0.02840	0.03247	0.24345	0.03418	0.54014	0.00696	0.01151	0.00795	0.00375	0.00502
17	0.26556	0.02390	0.53581	0.01361	0.02055	0.01315	0.01655	0.01772	0.01136	0.02043	0.00956	0.01122	0.00692	0.00540	0.00485	0.00180	0.00722	0.00388	0.00276	0.00776
18	0.01455	0.25482	0.01846	0.01176	0.03674	0.01679	0.00953	0.02595	0.50377	0.02056	0.01821	0.01740	0.01411	0.00680	0.00516	0.00171	0.00508	0.00538	0.00470	0.00853
19	0.01273	0.01195	0.02001	0.26284	0.46470	0.01277	0.01619	0.01646	0.02822	0.01742	0.01242	0.01870	0.01072	0.00621	0.00586	0.00184	0.00688	0.06315	0.00300	0.00792
20	0.00997	0.00884	0.01424	0.54645	0.02993	0.01046	0.01267	0.01344	0.01290	0.01717	0.24038	0.02368	0.02185	0.00755	0.00603	0.00187	0.00611	0.00670	0.00369	0.00606
21	0.58562	0.01151	0.01120	0.00982	0.01228	0.01427	0.00813	0.01588	0.00944	0.02201	0.00782	0.01028	0.00660	0.00675	0.00821	0.00199	0.24506	0.00368	0.00322	0.00621
22	0.54403	0.01104	0.00991	0.00810	0.01216	0.01148	0.00661	0.05290	0.01126	0.02403	0.00893	0.01031	0.00707	0.00506	0.00386	0.00148	0.00446	0.00329	0.00360	0.26041
23	0.01537	0.01232	0.01623	0.09269	0.07150	0.01473	0.01158	0.23834	0.01533	0.05902	0.01212	0.03666	0.01024	0.02411	0.06163	0.02752	0.26375	0.00554	0.00388	0.00743
24	0.00745	0.00518	0.00649	0.00735	0.00756	0.00497	0.00465	0.00809	0.01001	0.01335	0.02670	0.52431	0.03174	0.29717	0.01510	0.00348	0.00411	0.01342	0.00465	0.00422
25	0.00697	0.00498	0.00664	0.00796	0.00830	0.00465	0.00531	0.00796	0.01095	0.01460	0.03153	0.79525	0.03783	0.01792	0.00730	0.00232	0.00332	0.01626	0.00531	0.00465
26	0.01462	0.02542	0.53850	0.01534	0.02260	0.01465	0.01798	0.24096	0.01662	0.02362	0.01133	0.01258	0.00801	0.00587	0.00552	0.00178	0.00779	0.00451	0.00343	0.00884
27	0.00697	0.00498	0.00664	0.00796	0.00830	0.00465	0.00531	0.00796	0.01095	0.01460	0.03153	0.79525	0.03783	0.01792	0.00730	0.00232	0.00332	0.01626	0.00531	0.00465
28	0.00697	0.00498	0.00664	0.00796	0.00830	0.00465	0.00531	0.00796	0.01095	0.01460	0.03153	0.79525	0.03783	0.01792	0.00730	0.00232	0.00332	0.01626	0.00531	0.00465
29	0.27242	0.02229	0.01381	0.01252	0.01565	0.54180	0.00956	0.02099	0.01422	0.01758	0.00857	0.01000	0.00701	0.00571	0.00466	0.00156	0.00851	0.00350	0.00313	0.00650
30	0.01223	0.01014	0.01356	0.24695	0.02154	0.00922	0.00966	0.01515	0.01196	0.05530	0.01079	0.01329	0.00850	0.00483	0.00477	0.00122	0.00531	0.00403	0.00332	0.53824
31	0.02174	0.01602	0.01717	0.01316	0.01774	0.01774	0.01087	0.74423	0.02689	0.03605	0.01373	0.01373	0.00973	0.00687	0.00572	0.00172	0.00629	0.00515	0.00572	0.00973
32	0.01147	0.02959	0.76934	0.01630	0.02476	0.01328	0.02113	0.01811	0.01208	0.01811	0.01026	0.01208	0.00725	0.00543	0.00543	0.00181	0.00845	0.00423	0.00242	0.00845
33	0.01217	0.00896	0.01041	0.00891	0.01130	0.00914	0.00699	0.23567	0.01921	0.02633	0.47207	0.03487	0.09989	0.01045	0.00643	0.00178	0.00382	0.00890	0.00604	0.00668
34	0.00784	0.00562	0.00610	0.00610	0.00670	0.00533	0.00374	0.00828	0.00977	0.01243	0.03027	0.04284	0.24796	0.55822	0.02225	0.00444	0.00473	0.00947	0.00403	0.00388

[dist]
# distance from previous block
# <min> <max>
0	2

[block]
# block no. 6 follows, 41 sequences, length 41
# corresponding to MSA columns:
# 650-690
name=unknown_G
#
# <colnr> <probs for GDERKNQSTAVLIFYWHMCP>
#	G	D	E	R	K	N	Q	S	T	A	V	L	I	F	Y	W	H	M	C	P
0	0.76680	0.01197	0.01004	0.06026	0.01402	0.01355	0.00748	0.01759	0.01078	0.02604	0.00960	0.01173	0.00770	0.00630	0.00434	0.00204	0.00514	0.00373	0.00395	0.00695
1	0.01536	0.71170	0.02849	0.06166	0.01652	0.05804	0.01028	0.01728	0.01188	0.01364	0.00822	0.00975	0.00744	0.00505	0.00391	0.00130	0.00644	0.00325	0.00251	0.00728
2	0.00685	0.00585	0.00586	0.00585	0.00779	0.00488	0.00438	0.00827	0.01309	0.01553	0.05796	0.05510	0.76010	0.01453	0.00679	0.00195	0.00293	0.01209	0.00534	0.00487
3	0.00930	0.00664	0.00927	0.01059	0.01191	0.00663	0.00925	0.01191	0.01321	0.01719	0.03034	0.06456	0.03296	0.01584	0.00793	0.00265	0.00529	0.72392	0.00529	0.00531
4	0.00691	0.00586	0.00594	0.00592	0.00783	0.00491	0.00443	0.00839	0.01324	0.01588	0.09156	0.05451	0.72628	0.01439	0.00679	0.00194	0.00292	0.01201	0.00538	0.00490
5	0.01537	0.80148	0.03000	0.00984	0.01474	0.02266	0.00982	0.01718	0.01167	0.01353	0.00803	0.00929	0.00742	0.00495	0.00371	0.00124	0.00614	0.00309	0.00247	0.00738
6	0.00825	0.00619	0.00925	0.00925	0.01027	0.00720	0.00718	0.01027	0.00925	0.01336	0.01539	0.02257	0.01437	0.04290	0.77537	0.00920	0.01533	0.00615	0.00309	0.00515
7	0.01469	0.01239	0.01312	0.01169	0.01493	0.01422	0.00911	0.09247	0.66033	0.02471	0.02281	0.04976	0.01761	0.00811	0.00590	0.00195	0.00466	0.00674	0.00582	0.00899
8	0.00825	0.00619	0.00925	0.00925	0.01027	0.00720	0.00718	0.01027	0.00925	0.01336	0.01539	0.02257	0.01437	0.04290	0.77537	0.00920	0.01533	0.00615	0.00309	0.00515
9	0.00818	0.00591	0.00770	0.00725	0.00861	0.00545	0.00543	0.01085	0.01623	0.02300	0.75942	0.04280	0.05399	0.01174	0.00678	0.00181	0.00273	0.01036	0.00632	0.00544
10	0.01155	0.02962	0.76844	0.01635	0.02480	0.01332	0.02115	0.01816	0.01213	0.01819	0.01034	0.01219	0.00732	0.00549	0.00547	0.00183	0.00848	0.00425	0.00244	0.00849
11	0.01074	0.00539	0.00539	0.00539	0.00673	0.00538	0.00404	0.01338	0.01204	0.02139	0.01873	0.02142	0.01473	0.00672	0.00403	0.00135	0.00270	0.00536	0.82972	0.00537
12	0.01430	0.01234	0.01299	0.01169	0.01493	0.01427	0.00909	0.03043	0.75208	0.02399	0.02334	0.02144	0.01752	0.00781	0.00585	0.00195	0.00455	0.00649	0.00584	0.00909
13	0.02181	0.01607	0.01721	0.01321	0.01779	0.01777	0.01090	0.74336	0.02692	0.03610	0.01381	0.01384	0.00980	0.00692	0.00576	0.00173	0.00632	0.00517	0.00575	0.00976
14	0.02558	0.01002	0.01347	0.01034	0.01477	0.00879	0.00853	0.05401	0.01680	0.73975	0.02231	0.01936	0.01407	0.00712	0.00578	0.00178	0.00495	0.00575	0.00705	0.00977
15	0.00898	0.00608	0.00796	0.00739	0.00888	0.00558	0.00557	0.01163	0.01624	0.05678	0.72594	0.04174	0.05218	0.01153	0.00673	0.00181	0.00283	0.01015	0.00636	0.00564
16	0.00914	0.00657	0.00906	0.01033	0.01164	0.00651	0.00894	0.01165	0.01314	0.01705	0.03146	0.08556	0.06156	0.01585	0.00787	0.00261	0.00514	0.67535	0.00529	0.00527
17	0.01362	0.01536	0.03308	0.02487	0.07871	0.01444	0.69341	0.01832	0.01352	0.01842	0.01160	0.01545	0.00878	0.00489	0.00671	0.00193	0.00947	0.00666	0.00292	0.00784
18	0.05620	0.00984	0.01314	0.01013	0.01452	0.00862	0.00836	0.02750	0.01617	0.73861	0.02208	0.01919	0.01393	0.00706	0.00570	0.00178	0.00488	0.00568	0.00697	0.00964
19	0.00705	0.00504	0.00670	0.00802	0.00836	0.00470	0.00535	0.00803	0.01100	0.01468	0.03158	0.79437	0.03787	0.01796	0.00733	0.00234	0.00335	0.01627	0.00533	0.00469
20	0.02997	0.01322	0.03764	0.18884	0.53871	0.01347	0.03175	0.01747	0.03962	0.01822	0.01112	0.01464	0.00904	0.00538	0.00569	0.00177	0.00696	0.00514	0.00291	0.00844
21	0.01122	0.01033	0.01437	0.06403	0.01480	0.01359	0.01061	0.01333	0.03596	0.01515	0.05428	0.10278	0.01480	0.01336	0.08037	0.00293	0.47615	0.00674	0.03916	0.00604
22	0.00840	0.00561	0.00630	0.00630	0.00630	0.00559	0.00350	0.00838	0.00837	0.01117	0.01809	0.03751	0.02085	0.79803	0.02912	0.00556	0.00557	0.00834	0.00349	0.00351
23	0.01254	0.01289	0.02114	0.03870	0.01919	0.01607	0.19583	0.01473	0.01018	0.01505	0.00978	0.04895	0.00926	0.00899	0.01488	0.00235	0.53414	0.00598	0.00276	0.00659
24	0.01511	0.06491	0.16670	0.06493	0.33795	0.01370	0.06179	0.04073	0.05494	0.10489	0.01273	0.01469	0.00965	0.00565	0.00562	0.00175	0.00696	0.00508	0.00348	0.00874
25	0.01189	0.01179	0.03552	0.11987	0.04963	0.03193	0.19787	0.01499	0.01230	0.01764	0.12089	0.01948	0.01579	0.00853	0.03060	0.00216	0.18492	0.00629	0.10131	0.00658
26	0.00875	0.03085	0.00826	0.00754	0.00795	0.00703	0.00503	0.00935	0.00876	0.01196	0.01694	0.04755	0.01864	0.54118	0.20553	0.00609	0.04340	0.00767	0.00336	0.00417
27	0.01194	0.01022	0.01191	0.00853	0.01361	0.00767	0.00681	0.01446	0.01191	0.01871	0.01025	0.01197	0.00855	0.00429	0.00427	0.00086	0.00426	0.00342	0.00342	0.83294
28	0.01428	0.44045	0.32237	0.01277	0.01894	0.07184	0.01441	0.01797	0.01217	0.01542	0.00901	0.01052	0.00738	0.00523	0.00451	0.00149	0.00736	0.00359	0.00250	0.00777
29	0.01226	0.01207	0.01692	0.01461	0.01470	0.01675	0.01213	0.01355	0.00885	0.01380	0.00819	0.01339	0.00811	0.01260	0.07733	0.00303	0.72780	0.00512	0.00257	0.00621
30	0.01088	0.01022	0.01720	0.78431	0.03942	0.01275	0.01591	0.01467	0.01149	0.01469	0.01025	0.01536	0.00770	0.00577	0.00575	0.00192	0.00765	0.00511	0.00257	0.00639
31	0.02367	0.00981	0.01305	0.01004	0.01442	0.00848	0.00823	0.02631	0.03755	0.65663	0.03940	0.01948	0.01476	0.00700	0.00567	0.00170	0.00477	0.00569	0.00670	0.08665
32	0.24910	0.01290	0.09783	0.06908	0.01817	0.01125	0.10620	0.01990	0.03369	0.22947	0.03179	0.05256	0.01202	0.00663	0.00532	0.00183	0.00585	0.00552	0.00448	0.02641
33	0.01155	0.02962	0.76844	0.01635	0.02480	0.01332	0.02115	0.01816	0.01213	0.01819	0.01034	0.01219	0.00732	0.00549	0.00547	0.00183	0.00848	0.00425	0.00244	0.00849
34	0.00696	0.00586	0.00602	0.00597	0.00786	0.00493	0.00447	0.00849	0.01336	0.01617	0.11873	0.05404	0.69894	0.01429	0.00679	0.00193	0.00291	0.01194	0.00542	0.00492
35	0.05712	0.01206	0.04708	0.67707	0.05639	0.01349	0.01602	0.01592	0.01231	0.01681	0.01150	0.01669	0.00895	0.00662	0.00619	0.00215	0.00789	0.00540	0.00310	0.00724
36	0.01436	0.02594	0.55346	0.05806	0.02459	0.01486	0.01906	0.12450	0.01482	0.02146	0.01194	0.01439	0.00896	0.00687	0.00695	0.00209	0.06036	0.00491	0.00339	0.00903
37	0.01484	0.01248	0.01323	0.01209	0.01515	0.01394	0.00922	0.02883	0.66249	0.02446	0.06006	0.06584	0.02140	0.00935	0.00651	0.00220	0.00484	0.00758	0.00622	0.00928
38	0.00881	0.00642	0.00801	0.00911	0.00972	0.00602	0.00613	0.01024	0.05189	0.01639	0.03197	0.73842	0.03738	0.01801	0.00776	0.00254	0.00388	0.01592	0.00575	0.00562
39	0.01517	0.07220	0.25420	0.10846	0.07778	0.05388	0.16611	0.02054	0.09070	0.05955	0.01370	0.01624	0.01047	0.00654	0.00626	0.00204	0.00821	0.00557	0.00367	0.00872
40	0.03836	0.05283	0.13801	0.15490	0.10464	0.01487	0.36681	0.01832	0.01349	0.01889	0.01211	0.01611	0.00947	0.00603	0.00658	0.00209	0.00887	0.00604	0.00322	0.00833

[dist]
# distance from previous block
# <min> <max>
0	2

[block]
# block no. 7 follows, 41 sequences, length 17
# corresponding to MSA columns:
# 693-709
name=unknown_H
#
# <colnr> <probs for GDERKNQSTAVLIFYWHMCP>
#	G	D	E	R	K	N	Q	S	T	A	V	L	I	F	Y	W	H	M	C	P
0	0.83938	0.01106	0.00841	0.00752	0.01106	0.01283	0.00619	0.01681	0.00973	0.02566	0.00796	0.00929	0.00619	0.00531	0.00354	0.00177	0.00442	0.00310	0.00354	0.00619
1	0.00807	0.00647	0.00966	0.23124	0.01723	0.00696	0.00835	0.00987	0.01109	0.01461	0.02539	0.57119	0.02915	0.01442	0.00685	0.00220	0.00456	0.01305	0.00451	0.00514
2	0.01151	0.11659	0.33191	0.03604	0.01893	0.01184	0.07488	0.01558	0.01263	0.05714	0.02444	0.02483	0.22428	0.00801	0.00573	0.00178	0.00645	0.00666	0.00355	0.00722
3	0.00919	0.01260	0.22620	0.00988	0.01257	0.00818	0.00948	0.01162	0.00962	0.01367	0.01510	0.02632	0.01524	0.37780	0.21327	0.00540	0.00888	0.00658	0.00306	0.00532
4	0.00960	0.00523	0.00571	0.00609	0.00713	0.00513	0.00438	0.01179	0.01170	0.01939	0.02236	0.24364	0.02132	0.00990	0.00495	0.00162	0.00285	0.00847	0.59363	0.00513
5	0.00989	0.00874	0.01423	0.42806	0.02663	0.01002	0.05808	0.01330	0.04040	0.01548	0.01789	0.26338	0.01795	0.00965	0.00622	0.00202	0.00606	0.00880	0.03722	0.00596
6	0.01286	0.01203	0.01953	0.27218	0.10471	0.01209	0.15559	0.07374	0.01336	0.01864	0.01079	0.01408	0.00839	0.00514	0.00549	0.00157	0.00685	0.00493	0.00314	0.24491
7	0.01263	0.01156	0.01745	0.01905	0.22884	0.01200	0.11142	0.02040	0.26942	0.02104	0.15416	0.05927	0.02155	0.00780	0.00614	0.00186	0.00548	0.00730	0.00463	0.00799
8	0.01587	0.01560	0.02899	0.02096	0.02640	0.01541	0.53236	0.22684	0.01735	0.02341	0.01219	0.01494	0.00898	0.00541	0.00645	0.00187	0.00868	0.00629	0.00371	0.00829
9	0.01188	0.01096	0.01653	0.53589	0.03201	0.01321	0.03982	0.01928	0.22452	0.01742	0.01398	0.01701	0.01049	0.00627	0.00578	0.00192	0.00681	0.00554	0.00350	0.00718
10	0.04004	0.01596	0.23097	0.01228	0.01788	0.01048	0.04165	0.05022	0.03034	0.34023	0.03580	0.01635	0.01195	0.00623	0.00547	0.00167	0.00599	0.00509	0.00489	0.11653
11	0.01529	0.80242	0.02997	0.00979	0.01468	0.02263	0.00979	0.01713	0.01162	0.01346	0.00795	0.00918	0.00734	0.00489	0.00367	0.00122	0.00612	0.00306	0.00245	0.00734
12	0.60137	0.01080	0.01092	0.23092	0.01920	0.01280	0.00898	0.01618	0.01022	0.02249	0.00860	0.01100	0.00661	0.00543	0.00417	0.00181	0.00534	0.00367	0.00325	0.00624
13	0.01860	0.01434	0.01716	0.23494	0.02396	0.01629	0.01231	0.53464	0.02245	0.02989	0.01271	0.01417	0.00912	0.00654	0.00572	0.00177	0.00668	0.00513	0.00481	0.00876
14	0.00902	0.00521	0.00698	0.00698	0.00753	0.00493	0.00479	0.00767	0.00906	0.01152	0.02373	0.02821	0.22568	0.01832	0.01788	0.59469	0.00437	0.00701	0.00330	0.00316
15	0.01018	0.02252	0.55025	0.01391	0.02003	0.01080	0.01659	0.01520	0.01175	0.01711	0.01637	0.23705	0.01603	0.00902	0.00597	0.00196	0.00698	0.00768	0.00325	0.00736
16	0.83938	0.01106	0.00841	0.00752	0.01106	0.01283	0.00619	0.01681	0.00973	0.02566	0.00796	0.00929	0.00619	0.00531	0.00354	0.00177	0.00442	0.00310	0.00354	0.00619

[dist]
# distance from previous block
# <min> <max>
0	14

[block]
# block no. 8 follows, 41 sequences, length 9
# corresponding to MSA columns:
# 724-732
name=unknown_I
#
# <colnr> <probs for GDERKNQSTAVLIFYWHMCP>
#	G	D	E	R	K	N	Q	S	T	A	V	L	I	F	Y	W	H	M	C	P
0	0.01126	0.02358	0.53656	0.25426	0.02929	0.01311	0.01951	0.01703	0.01188	0.01703	0.01023	0.01306	0.00736	0.00552	0.00552	0.00184	0.00820	0.00449	0.00245	0.00780
1	0.01988	0.00826	0.01122	0.00949	0.01265	0.00724	0.00745	0.02171	0.01469	0.53434	0.02534	0.25955	0.02148	0.01043	0.00623	0.00194	0.00439	0.00900	0.00653	0.00816
2	0.00785	0.00535	0.00638	0.00684	0.00696	0.00523	0.00411	0.00819	0.00924	0.01231	0.02273	0.30144	0.02673	0.52688	0.02151	0.00442	0.00477	0.01109	0.00411	0.00388
3	0.27749	0.01015	0.01177	0.00936	0.01351	0.00978	0.00772	0.02445	0.01432	0.53776	0.01805	0.01632	0.01169	0.00653	0.00507	0.00177	0.00473	0.00493	0.00598	0.00864
4	0.01163	0.00626	0.00636	0.00601	0.00763	0.00641	0.00460	0.07712	0.01330	0.02261	0.01823	0.02066	0.01423	0.00668	0.00415	0.00137	0.00298	0.00532	0.75872	0.00571
5	0.00852	0.00609	0.00842	0.00974	0.01075	0.00598	0.00801	0.01065	0.01248	0.01634	0.03067	0.29066	0.03444	0.01646	0.00771	0.00254	0.00466	0.50553	0.00528	0.00507
6	0.48483	0.00969	0.01083	0.00961	0.01242	0.01049	0.09235	0.01425	0.01055	0.02138	0.01568	0.25324	0.01628	0.00915	0.00508	0.00196	0.00469	0.00760	0.00401	0.00589
7	0.01279	0.01333	0.02205	0.01755	0.01916	0.01667	0.21604	0.01504	0.01008	0.01504	0.00864	0.01333	0.00783	0.00856	0.01542	0.00234	0.57137	0.00549	0.00261	0.00666
8	0.01074	0.00870	0.01008	0.04251	0.01258	0.00940	0.00740	0.04910	0.30082	0.02045	0.13769	0.26570	0.07785	0.01182	0.00647	0.00203	0.00398	0.01034	0.00556	0.00677

[dist]
# distance from previous block
# <min> <max>
1	29

[block]
# block no. 9 follows, 41 sequences, length 6
# corresponding to MSA columns:
# 767-772
name=unknown_J
#
# <colnr> <probs for GDERKNQSTAVLIFYWHMCP>
#	G	D	E	R	K	N	Q	S	T	A	V	L	I	F	Y	W	H	M	C	P
0	0.61276	0.01082	0.01080	0.22023	0.01881	0.01280	0.00885	0.01621	0.01020	0.02264	0.00857	0.01092	0.00659	0.00542	0.00414	0.00181	0.00530	0.00364	0.00327	0.00624
1	0.01356	0.02110	0.44277	0.22563	0.02714	0.01235	0.01766	0.01872	0.01259	0.13689	0.01220	0.01413	0.00845	0.00578	0.00556	0.00183	0.00765	0.00470	0.00320	0.00808
2	0.01436	0.45214	0.05510	0.01008	0.01496	0.05013	0.00945	0.01779	0.07418	0.01598	0.00998	0.01111	0.00850	0.00502	0.00415	0.00122	0.00575	0.00351	0.00301	0.23359
3	0.14588	0.00762	0.00876	0.00777	0.00963	0.00763	0.00556	0.01518	0.01082	0.22042	0.01743	0.02676	0.01610	0.39203	0.08140	0.00422	0.00600	0.00660	0.00443	0.00575
4	0.01229	0.02175	0.44139	0.01378	0.02026	0.01264	0.01553	0.02088	0.21468	0.01979	0.01381	0.01458	0.01024	0.00588	0.00535	0.00169	0.00671	0.00471	0.00350	0.14055
5	0.02174	0.01602	0.01717	0.01316	0.01774	0.01774	0.01087	0.74423	0.02689	0.03605	0.01373	0.01373	0.00973	0.00687	0.00572	0.00172	0.00629	0.00515	0.00572	0.00973

[dist]
