[name]
unknown

[dist]
# distance from previous block
# <min> <max>
0	246

[block]
# block no. 0 follows, 39 sequences, length 18
# corresponding to MSA columns:
# 282-299
name=unknown_A
#
# <colnr> <probs for GDERKNQSTAVLIFYWHMCP>
#	G	D	E	R	K	N	Q	S	T	A	V	L	I	F	Y	W	H	M	C	P
0	0.02066	0.01187	0.01422	0.01078	0.01555	0.01100	0.00881	0.19435	0.04727	0.32691	0.01719	0.01634	0.01185	0.00638	0.00546	0.00153	0.00517	0.00507	0.00575	0.26385
1	0.01584	0.79536	0.03100	0.01014	0.01520	0.02341	0.01013	0.01773	0.01204	0.01394	0.00825	0.00953	0.00762	0.00508	0.00381	0.00127	0.00633	0.00317	0.00254	0.00760
2	0.02200	0.01117	0.01446	0.09729	0.01814	0.01109	0.00986	0.16563	0.05032	0.44124	0.03881	0.06105	0.01551	0.00790	0.00607	0.00188	0.00550	0.00650	0.00635	0.00925
3	0.01753	0.01499	0.02174	0.02803	0.48618	0.01563	0.01564	0.27980	0.01871	0.02589	0.01228	0.01452	0.00965	0.00596	0.00589	0.00177	0.00685	0.00530	0.00403	0.00963
4	0.02033	0.01503	0.01608	0.01254	0.01677	0.01645	0.01022	0.62918	0.02546	0.03394	0.01865	0.01948	0.07858	0.05062	0.00734	0.00202	0.00615	0.00617	0.00576	0.00926
5	0.01380	0.01536	0.03236	0.02312	0.02902	0.01417	0.65175	0.01851	0.01379	0.01901	0.01183	0.01558	0.00898	0.00494	0.00670	0.00187	0.00935	0.00660	0.00306	0.10021
6	0.01229	0.01053	0.01228	0.00878	0.01404	0.00790	0.00702	0.01491	0.01228	0.01930	0.01054	0.01231	0.00879	0.00440	0.00439	0.00088	0.00439	0.00351	0.00351	0.82793
7	0.01907	0.01476	0.01786	0.10225	0.11589	0.01627	0.01256	0.49068	0.04030	0.03072	0.01492	0.01856	0.01172	0.00746	0.00609	0.00188	0.00662	0.05804	0.00514	0.00923
8	0.00985	0.00640	0.00834	0.00767	0.00935	0.00584	0.00581	0.01255	0.01666	0.08409	0.66774	0.04266	0.07661	0.01181	0.00690	0.00187	0.00299	0.01037	0.00655	0.00595
9	0.01379	0.01442	0.02945	0.02501	0.17149	0.01373	0.50988	0.01822	0.01370	0.01939	0.01265	0.01642	0.00978	0.00528	0.00645	0.00188	0.00858	0.00648	0.09539	0.00799
10	0.00863	0.00576	0.00647	0.00647	0.00648	0.00575	0.00360	0.00862	0.00862	0.01150	0.01866	0.03873	0.02152	0.79180	0.03010	0.00574	0.00574	0.00861	0.00359	0.00360
11	0.01739	0.01371	0.01579	0.01174	0.01677	0.01331	0.03474	0.37053	0.02001	0.02816	0.01241	0.01339	0.00944	0.00576	0.00524	0.00136	0.00564	0.00453	0.00469	0.39538
12	0.01467	0.01407	0.02402	0.03631	0.75493	0.01407	0.01816	0.01817	0.01348	0.01935	0.01115	0.01468	0.00940	0.00529	0.00587	0.00176	0.00704	0.00528	0.00294	0.00938
13	0.02197	0.13413	0.01690	0.01144	0.01558	0.13104	0.00947	0.09959	0.04923	0.36650	0.05213	0.01772	0.01410	0.00794	0.02416	0.00189	0.00642	0.00539	0.00558	0.00884
14	0.00787	0.00571	0.00725	0.00826	0.00889	0.00540	0.00561	0.03745	0.01209	0.01598	0.03353	0.68266	0.09044	0.03848	0.00806	0.00244	0.00359	0.01581	0.00547	0.00501
15	0.00711	0.00567	0.00637	0.00693	0.00825	0.00493	0.00492	0.00841	0.01262	0.01565	0.04875	0.35594	0.46074	0.01644	0.00723	0.00217	0.00319	0.01426	0.00550	0.00493
16	0.01621	0.01401	0.02082	0.05293	0.42438	0.04924	0.05566	0.02219	0.15860	0.10321	0.01502	0.01669	0.01155	0.00611	0.00595	0.00183	0.00672	0.00566	0.00404	0.00916
17	0.00729	0.00540	0.00681	0.00777	0.00851	0.00492	0.00533	0.00855	0.01219	0.01600	0.09701	0.59017	0.17369	0.01735	0.00741	0.00229	0.00331	0.01550	0.00558	0.00492

[dist]
# distance from previous block
# <min> <max>
0	1

[block]
# block no. 1 follows, 39 sequences, length 17
# corresponding to MSA columns:
# 301-317
name=unknown_B
#
# <colnr> <probs for GDERKNQSTAVLIFYWHMCP>
#	G	D	E	R	K	N	Q	S	T	A	V	L	I	F	Y	W	H	M	C	P
0	0.07554	0.39320	0.10852	0.01168	0.01650	0.13385	0.01119	0.07891	0.04720	0.01801	0.01243	0.01334	0.04522	0.00611	0.00467	0.00153	0.00692	0.00421	0.00328	0.00768
1	0.01990	0.08010	0.01909	0.01850	0.15613	0.46512	0.01247	0.08862	0.05300	0.01797	0.01066	0.01222	0.00869	0.00605	0.00541	0.00160	0.00898	0.00432	0.00340	0.00780
2	0.01631	0.01294	0.01660	0.01396	0.01578	0.01622	0.01149	0.10727	0.14580	0.12236	0.01366	0.01574	0.01086	0.00911	0.01347	0.00228	0.43837	0.00557	0.00427	0.00793
3	0.01595	0.01599	0.01712	0.01468	0.01644	0.15780	0.02733	0.11792	0.09836	0.01883	0.01200	0.04832	0.01067	0.00908	0.01255	0.00219	0.38810	0.00567	0.00367	0.00733
4	0.00798	0.00618	0.00684	0.00696	0.00883	0.00537	0.00539	0.00972	0.01371	0.03766	0.09904	0.08889	0.55978	0.01491	0.00714	0.00210	0.00338	0.10529	0.00560	0.00523
5	0.02067	0.01622	0.01675	0.03726	0.01830	0.06112	0.01094	0.57201	0.09409	0.03310	0.01676	0.01669	0.04366	0.00744	0.00594	0.00180	0.00646	0.00568	0.00564	0.00947
6	0.02023	0.02244	0.01589	0.01421	0.01741	0.48522	0.01104	0.16136	0.06603	0.01995	0.01366	0.01858	0.01183	0.00760	0.00582	0.00174	0.00886	0.08658	0.00408	0.00748
7	0.00788	0.00582	0.00737	0.00742	0.00865	0.00530	0.00540	0.01005	0.01493	0.02046	0.47399	0.22802	0.15464	0.01409	0.00712	0.00201	0.00298	0.01245	0.00611	0.00530
8	0.01554	0.01271	0.01372	0.01219	0.01555	0.01443	0.00973	0.16141	0.52049	0.02623	0.02310	0.02605	0.01850	0.00887	0.00626	0.00205	0.00512	0.09311	0.00593	0.00901
9	0.40043	0.01070	0.01139	0.00925	0.01340	0.01081	0.00763	0.02352	0.01375	0.42000	0.01634	0.01526	0.01083	0.00647	0.00489	0.00183	0.00482	0.00468	0.00562	0.00837
10	0.00846	0.00628	0.00922	0.00922	0.01018	0.00724	0.00704	0.01038	0.00942	0.01352	0.01610	0.02465	0.01540	0.11297	0.70096	0.00916	0.01491	0.00654	0.00321	0.00512
11	0.00721	0.00515	0.00686	0.00823	0.00858	0.00480	0.00549	0.00823	0.01132	0.01510	0.03259	0.78831	0.03911	0.01853	0.00755	0.00240	0.00343	0.01681	0.00549	0.00480
12	0.01471	0.01270	0.01337	0.01203	0.01538	0.01471	0.00936	0.03142	0.74459	0.02474	0.02407	0.02206	0.01805	0.00802	0.00602	0.00201	0.00468	0.00669	0.00602	0.00936
13	0.01047	0.00651	0.00858	0.00780	0.00956	0.00594	0.00594	0.01320	0.01676	0.10878	0.66789	0.04139	0.05104	0.01154	0.00686	0.00186	0.00305	0.01015	0.00660	0.00610
14	0.00992	0.00803	0.00976	0.00852	0.01150	0.00646	0.00630	0.01181	0.01183	0.01734	0.02074	0.37164	0.02282	0.01093	0.00585	0.00158	0.00394	0.00967	0.00442	0.44696
15	0.10797	0.01449	0.05852	0.06885	0.02470	0.01461	0.37746	0.01710	0.01232	0.01855	0.01195	0.01813	0.01011	0.00700	0.00898	0.00214	0.15954	0.05719	0.00312	0.00726
16	0.01249	0.01324	0.02614	0.01961	0.02375	0.01305	0.46050	0.01612	0.01273	0.01766	0.01508	0.15597	0.01429	0.00810	0.00851	0.00207	0.10785	0.00831	0.00343	0.06109

[dist]
# distance from previous block
# <min> <max>
0	4

[block]
# block no. 2 follows, 39 sequences, length 8
# corresponding to MSA columns:
# 322-329
name=unknown_C
#
# <colnr> <probs for GDERKNQSTAVLIFYWHMCP>
#	G	D	E	R	K	N	Q	S	T	A	V	L	I	F	Y	W	H	M	C	P
0	0.01710	0.64211	0.02829	0.01093	0.01580	0.07650	0.01035	0.10865	0.01435	0.01690	0.00904	0.01017	0.00790	0.00539	0.00417	0.00135	0.00666	0.00348	0.00299	0.00785
1	0.01890	0.01909	0.01462	0.01278	0.01580	0.34587	0.00990	0.17476	0.10980	0.02197	0.01384	0.01497	0.01079	0.00688	0.00594	0.00166	0.04090	0.00486	0.14909	0.00760
2	0.01361	0.01057	0.01127	0.01220	0.10400	0.10615	0.00742	0.01544	0.04986	0.10654	0.01771	0.04957	0.01763	0.43151	0.01896	0.00392	0.00633	0.00736	0.00408	0.00588
3	0.01157	0.10983	0.01401	0.01108	0.01299	0.14300	0.05990	0.01322	0.01232	0.01494	0.02173	0.39827	0.02426	0.01700	0.10500	0.00299	0.00715	0.01073	0.00421	0.00581
4	0.01045	0.00716	0.00900	0.00845	0.00980	0.00787	0.00644	0.05065	0.01135	0.01751	0.01642	0.02325	0.01480	0.12370	0.31942	0.00532	0.05576	0.00612	0.25203	0.04452
5	0.01596	0.01233	0.01337	0.01177	0.01521	0.01389	0.00922	0.05699	0.61642	0.09950	0.05112	0.02241	0.01883	0.00807	0.00604	0.00197	0.00471	0.00671	0.00616	0.00932
6	0.01231	0.01035	0.01146	0.00992	0.01330	0.01029	0.00764	0.04286	0.31687	0.02115	0.02444	0.13996	0.08942	0.00918	0.00585	0.00172	0.00429	0.00780	0.00512	0.25607
7	0.66255	0.01349	0.01015	0.00897	0.01262	0.11047	0.00724	0.01913	0.01149	0.08532	0.00959	0.01061	0.00724	0.00572	0.00406	0.00179	0.00540	0.00351	0.00388	0.00676

[dist]
# distance from previous block
# <min> <max>
6	9

[block]
# block no. 3 follows, 39 sequences, length 8
# corresponding to MSA columns:
# 340-347
name=unknown_D
#
# <colnr> <probs for GDERKNQSTAVLIFYWHMCP>
#	G	D	E	R	K	N	Q	S	T	A	V	L	I	F	Y	W	H	M	C	P
0	0.00875	0.00644	0.00812	0.00914	0.06585	0.00633	0.00538	0.00965	0.01051	0.01405	0.08497	0.09017	0.11422	0.46754	0.07037	0.00466	0.00576	0.00941	0.00411	0.00457
1	0.01148	0.01876	0.32626	0.24949	0.08278	0.01258	0.01679	0.01731	0.06977	0.01780	0.01774	0.01987	0.10035	0.00702	0.00593	0.00192	0.00732	0.00589	0.00321	0.00771
2	0.06502	0.01809	0.01493	0.01269	0.01608	0.26960	0.01000	0.30874	0.01962	0.02486	0.01275	0.01447	0.01001	0.01124	0.09937	0.00261	0.00866	0.00483	0.06858	0.00783
3	0.00885	0.00749	0.00767	0.00752	0.00913	0.04834	0.00554	0.01118	0.04417	0.01780	0.23223	0.07805	0.34177	0.10932	0.00978	0.00245	0.00391	0.04412	0.00541	0.00527
4	0.01293	0.07162	0.51311	0.01613	0.06989	0.01283	0.01778	0.01818	0.01275	0.07968	0.01426	0.10860	0.01211	0.00729	0.00579	0.00189	0.00752	0.00602	0.00330	0.00834
5	0.00719	0.00522	0.00679	0.00804	0.00853	0.00482	0.00540	0.00826	0.01151	0.01517	0.03497	0.72475	0.10114	0.01822	0.00750	0.00237	0.00339	0.01644	0.00549	0.00482
6	0.01717	0.01524	0.01637	0.05318	0.16000	0.13404	0.01169	0.08434	0.31138	0.08626	0.01860	0.01860	0.03232	0.00713	0.00588	0.00184	0.00638	0.00586	0.00488	0.00884
7	0.01502	0.01042	0.01255	0.00910	0.01422	0.00804	0.00733	0.01758	0.01316	0.16224	0.01299	0.01378	0.00990	0.00495	0.00468	0.00106	0.00451	0.00398	0.00424	0.67025

[dist]
# distance from previous block
# <min> <max>
0	1

[block]
# block no. 4 follows, 39 sequences, length 15
# corresponding to MSA columns:
# 349-363
name=unknown_E
#
# <colnr> <probs for GDERKNQSTAVLIFYWHMCP>
#	G	D	E	R	K	N	Q	S	T	A	V	L	I	F	Y	W	H	M	C	P
0	0.00984	0.00867	0.01411	0.01231	0.01436	0.00858	0.16268	0.01369	0.09024	0.01845	0.15474	0.38463	0.03241	0.01311	0.00753	0.00218	0.02903	0.01218	0.00510	0.00616
1	0.02263	0.00920	0.01247	0.00986	0.01375	0.00802	0.00802	0.02502	0.01689	0.60126	0.17997	0.02530	0.02349	0.00834	0.00617	0.00184	0.00455	0.00697	0.00715	0.00910
2	0.02186	0.00990	0.01425	0.17549	0.02038	0.00950	0.01042	0.02454	0.01556	0.53956	0.02122	0.02295	0.01475	0.00774	0.00612	0.00193	0.00568	0.06306	0.00616	0.00894
3	0.00726	0.00591	0.00643	0.00649	0.00820	0.00508	0.00480	0.00895	0.01385	0.01729	0.18317	0.13185	0.55045	0.01483	0.00705	0.00201	0.00300	0.01261	0.00568	0.00508
4	0.01442	0.00973	0.01017	0.00863	0.01138	0.01017	0.00685	0.28108	0.01836	0.02640	0.02613	0.02662	0.17182	0.00871	0.00541	0.00166	0.00420	0.00694	0.34424	0.00709
5	0.01122	0.00680	0.00897	0.00853	0.01044	0.00626	0.00681	0.01381	0.01584	0.13139	0.43408	0.04644	0.09996	0.01252	0.00708	0.00205	0.00371	0.16160	0.00632	0.00617
6	0.01435	0.01491	0.02016	0.10147	0.23112	0.13603	0.12776	0.01745	0.01350	0.01771	0.01225	0.06843	0.01083	0.00617	0.00576	0.00164	0.00736	0.00574	0.00323	0.18413
7	0.00872	0.00717	0.00785	0.00799	0.00976	0.00702	0.00585	0.01334	0.16994	0.01759	0.04371	0.27703	0.37282	0.01459	0.00695	0.00212	0.00349	0.01258	0.00560	0.00587
8	0.00903	0.00648	0.00850	0.00835	0.00901	0.00720	0.00602	0.01047	0.01020	0.01484	0.07700	0.08101	0.02133	0.26589	0.28577	0.00583	0.06977	0.00793	0.09049	0.00486
9	0.19584	0.01468	0.01506	0.01199	0.01619	0.01633	0.00981	0.53156	0.02287	0.03345	0.01417	0.06604	0.01126	0.00753	0.00554	0.00183	0.00588	0.00565	0.00540	0.00891
10	0.45832	0.01147	0.01012	0.00894	0.01192	0.07210	0.00702	0.04615	0.01166	0.11363	0.01086	0.01298	0.00850	0.00907	0.00835	0.17936	0.00532	0.00409	0.00392	0.00622
11	0.68463	0.01261	0.00986	0.00865	0.01236	0.07233	0.00704	0.01908	0.01132	0.10300	0.00990	0.01080	0.00737	0.00573	0.00403	0.00181	0.00510	0.00354	0.00400	0.00683
12	0.01420	0.09912	0.13554	0.05119	0.49804	0.01503	0.06665	0.01816	0.01315	0.01851	0.01078	0.01389	0.00883	0.00530	0.00568	0.00174	0.00743	0.00503	0.00282	0.00891
13	0.01406	0.03007	0.60146	0.01651	0.02402	0.17594	0.01961	0.01978	0.01340	0.01781	0.01030	0.01209	0.00752	0.00572	0.00556	0.00180	0.00915	0.00425	0.00262	0.00833
14	0.00736	0.00527	0.00700	0.00813	0.00861	0.00491	0.00550	0.00863	0.01206	0.01627	0.13067	0.68689	0.04139	0.01765	0.00747	0.00233	0.00334	0.01598	0.00563	0.00491

[dist]
# distance from previous block
# <min> <max>
0	1

[block]
# block no. 5 follows, 39 sequences, length 12
# corresponding to MSA columns:
# 365-376
name=unknown_F
#
# <colnr> <probs for GDERKNQSTAVLIFYWHMCP>
#	G	D	E	R	K	N	Q	S	T	A	V	L	I	F	Y	W	H	M	C	P
0	0.01526	0.07808	0.06769	0.03014	0.52560	0.08977	0.07207	0.01875	0.01366	0.01835	0.01073	0.01381	0.00891	0.00533	0.00571	0.00172	0.00766	0.00504	0.00289	0.00883
1	0.00837	0.00604	0.00790	0.00744	0.00883	0.00558	0.00558	0.01116	0.01674	0.02371	0.75216	0.04417	0.05580	0.01209	0.00697	0.00186	0.00279	0.01069	0.00651	0.00558
2	0.01490	0.26646	0.02006	0.09061	0.07544	0.12068	0.01087	0.04213	0.04979	0.04114	0.01214	0.01513	0.01033	0.01499	0.18737	0.00345	0.00930	0.00473	0.00325	0.00723
3	0.63823	0.01206	0.01235	0.01459	0.18912	0.01345	0.00921	0.01757	0.01088	0.02481	0.00892	0.01081	0.00711	0.00544	0.00418	0.00181	0.00516	0.00370	0.00348	0.00711
4	0.01926	0.01749	0.01583	0.01251	0.01700	0.19432	0.00999	0.34515	0.02041	0.02632	0.01186	0.01276	0.00908	0.00603	0.00531	0.00144	0.00685	0.00441	0.00449	0.25947
5	0.00710	0.00600	0.00615	0.00611	0.00806	0.00504	0.00458	0.00871	0.01375	0.01662	0.11737	0.05586	0.69501	0.01474	0.00699	0.00199	0.00298	0.01233	0.00558	0.00504
6	0.01322	0.01928	0.22411	0.02110	0.02673	0.01520	0.41563	0.01804	0.01269	0.01804	0.01085	0.01449	0.00836	0.00612	0.00886	0.00207	0.14856	0.00596	0.00279	0.00791
7	0.00742	0.00571	0.00678	0.00715	0.00841	0.00508	0.00512	0.00908	0.01355	0.01763	0.22630	0.31075	0.32477	0.01549	0.00718	0.00210	0.00310	0.01355	0.00575	0.00508
8	0.01874	0.20148	0.01966	0.01233	0.01671	0.01830	0.01052	0.38934	0.16872	0.02828	0.01553	0.01699	0.01215	0.00721	0.00553	0.00174	0.00605	0.03650	0.00511	0.00912
9	0.01084	0.00794	0.00939	0.00934	0.01086	0.00805	0.00678	0.18200	0.01543	0.02046	0.03035	0.54584	0.08834	0.01552	0.00711	0.00222	0.00413	0.01373	0.00559	0.00607
10	0.01470	0.01196	0.01357	0.00992	0.01505	0.01038	0.00802	0.18704	0.01598	0.02357	0.01139	0.01273	0.00907	0.00503	0.00475	0.00109	0.00489	0.00394	0.00408	0.63285
11	0.00900	0.00695	0.00842	0.00914	0.01020	0.00717	0.00641	0.01377	0.18649	0.01740	0.03056	0.60527	0.03408	0.01602	0.00718	0.00231	0.00373	0.01439	0.00562	0.00589

[dist]
# distance from previous block
# <min> <max>
0	1

[block]
# block no. 6 follows, 39 sequences, length 14
# corresponding to MSA columns:
# 378-391
name=unknown_G
#
# <colnr> <probs for GDERKNQSTAVLIFYWHMCP>
#	G	D	E	R	K	N	Q	S	T	A	V	L	I	F	Y	W	H	M	C	P
0	0.01330	0.04515	0.01846	0.08814	0.11912	0.01511	0.02773	0.01549	0.01083	0.04179	0.00990	0.01408	0.00875	0.00992	0.05353	0.00249	0.39242	0.00504	0.00295	0.10581
1	0.01429	0.01226	0.01243	0.02429	0.01441	0.09964	0.00886	0.04686	0.30755	0.06561	0.02219	0.17896	0.02018	0.01202	0.04782	0.00241	0.03011	0.03273	0.00519	0.04220
2	0.01929	0.19439	0.01952	0.01303	0.01701	0.26031	0.01067	0.20291	0.16552	0.02215	0.01322	0.01359	0.01033	0.00650	0.00527	0.00163	0.00744	0.00463	0.00425	0.00833
3	0.09918	0.36873	0.02231	0.03825	0.01618	0.06428	0.01043	0.07288	0.06935	0.05176	0.01064	0.01212	0.00882	0.00649	0.00676	0.00169	0.12489	0.00415	0.00343	0.00765
4	0.00851	0.00594	0.00712	0.00719	0.00847	0.00537	0.00509	0.01005	0.01327	0.05091	0.22484	0.23125	0.26138	0.12130	0.01025	0.00257	0.00352	0.01227	0.00558	0.00513
5	0.01601	0.01518	0.01945	0.33080	0.16425	0.11706	0.04361	0.18321	0.01657	0.02107	0.01135	0.01451	0.00867	0.00605	0.00587	0.00183	0.00787	0.00515	0.00351	0.00799
6	0.01863	0.00967	0.01204	0.00951	0.01318	0.00870	0.00750	0.09361	0.01596	0.35140	0.09881	0.02426	0.03885	0.11508	0.00911	0.00220	0.00487	0.00650	0.00585	0.15427
7	0.50074	0.01514	0.11415	0.01046	0.01510	0.01424	0.00971	0.17827	0.01469	0.06377	0.01063	0.01154	0.00777	0.00596	0.00454	0.00182	0.00560	0.00397	0.00418	0.00772
8	0.01624	0.74363	0.03002	0.01047	0.01539	0.07396	0.01021	0.01811	0.01234	0.01395	0.00828	0.00957	0.00759	0.00513	0.00390	0.00128	0.00662	0.00321	0.00256	0.00754
9	0.01443	0.01147	0.01595	0.25865	0.02341	0.01356	0.02468	0.05801	0.14666	0.10124	0.01456	0.01771	0.01138	0.03982	0.02929	0.00237	0.16224	0.00569	0.00404	0.04484
10	0.00741	0.00588	0.00665	0.00672	0.00831	0.00513	0.00494	0.00920	0.01408	0.01801	0.24911	0.15948	0.45480	0.01469	0.00707	0.00202	0.00300	0.01261	0.00578	0.00513
11	0.01195	0.01018	0.01193	0.00873	0.01368	0.00769	0.00691	0.01448	0.01221	0.01901	0.01187	0.05998	0.01063	0.00525	0.00457	0.00097	0.00432	0.00432	0.00363	0.77768
12	0.02598	0.01096	0.01428	0.01094	0.01554	0.01001	0.00904	0.12570	0.01842	0.66039	0.02208	0.01932	0.01401	0.00729	0.00594	0.00182	0.00523	0.00586	0.00713	0.01006
13	0.01004	0.00522	0.00753	0.00753	0.00753	0.00522	0.00492	0.00783	0.00783	0.01044	0.01142	0.02082	0.01181	0.12632	0.02407	0.71523	0.00522	0.00561	0.00271	0.00271

[dist]
# distance from previous block
# <min> <max>
0	5

[block]
# block no. 7 follows, 39 sequences, length 38
# corresponding to MSA columns:
# 397-434
name=unknown_H
#
# <colnr> <probs for GDERKNQSTAVLIFYWHMCP>
#	G	D	E	R	K	N	Q	S	T	A	V	L	I	F	Y	W	H	M	C	P
0	0.01535	0.01218	0.01302	0.01214	0.01511	0.01276	0.00921	0.02543	0.45870	0.05211	0.03410	0.06775	0.16939	0.01203	0.00749	0.00252	0.00524	0.05958	0.00666	0.00924
1	0.80300	0.01316	0.01055	0.00956	0.01333	0.01454	0.00753	0.01901	0.01172	0.02847	0.01087	0.01324	0.00891	0.00719	0.00482	0.00229	0.00546	0.00409	0.00451	0.00772
2	0.05255	0.01028	0.01328	0.01049	0.01476	0.00947	0.00858	0.02807	0.10609	0.61548	0.05070	0.02092	0.01634	0.00752	0.00592	0.00185	0.00489	0.00612	0.00700	0.00968
3	0.01027	0.00514	0.00770	0.00770	0.00770	0.00514	0.00514	0.00770	0.00770	0.01027	0.01027	0.01798	0.01027	0.02054	0.02311	0.82794	0.00514	0.00514	0.00257	0.00257
4	0.00873	0.00979	0.12274	0.00870	0.01129	0.00675	0.00793	0.01198	0.01568	0.02199	0.55240	0.04093	0.13556	0.01146	0.00677	0.00188	0.00372	0.00995	0.00577	0.00599
5	0.02102	0.02561	0.01778	0.01560	0.01866	0.62229	0.04523	0.07188	0.01678	0.01624	0.00951	0.01133	0.00786	0.00645	0.00656	0.00165	0.07108	0.00417	0.00321	0.00710
6	0.01329	0.01310	0.02056	0.10485	0.06659	0.01647	0.12072	0.04192	0.01117	0.01643	0.00948	0.01413	0.00836	0.00851	0.01423	0.00231	0.47886	0.00547	0.02657	0.00699
7	0.80067	0.04333	0.00960	0.00787	0.01159	0.01368	0.00656	0.01740	0.01014	0.02602	0.00823	0.00960	0.00645	0.00547	0.00367	0.00181	0.00465	0.00320	0.00361	0.00645
8	0.01022	0.00923	0.01641	0.29441	0.02470	0.00988	0.15198	0.01282	0.01174	0.01547	0.01868	0.29249	0.01946	0.01140	0.00806	0.06722	0.00648	0.00972	0.00372	0.00590
9	0.83394	0.01144	0.00869	0.00778	0.01144	0.01327	0.00640	0.01738	0.01006	0.02653	0.00823	0.00961	0.00640	0.00549	0.00366	0.00183	0.00457	0.00320	0.00366	0.00640
10	0.00935	0.00736	0.00878	0.00920	0.01103	0.00731	0.00750	0.01380	0.12901	0.01834	0.06631	0.09063	0.26981	0.01452	0.00737	0.00232	0.00432	0.31155	0.00559	0.00589
11	0.00837	0.00604	0.00790	0.00744	0.00883	0.00558	0.00558	0.01116	0.01674	0.02371	0.75216	0.04417	0.05580	0.01209	0.00697	0.00186	0.00279	0.01069	0.00651	0.00558
12	0.01456	0.01426	0.02519	0.03506	0.67640	0.01415	0.09608	0.01824	0.01352	0.01928	0.01122	0.01478	0.00932	0.00524	0.00598	0.00178	0.00735	0.00546	0.00293	0.00922
13	0.01449	0.07760	0.43125	0.05193	0.08050	0.01326	0.01729	0.02000	0.03877	0.12970	0.01415	0.01745	0.01076	0.00657	0.00574	0.00188	0.00749	0.04897	0.00357	0.00862
14	0.01172	0.01137	0.07556	0.01200	0.01394	0.04268	0.03659	0.01415	0.01174	0.06476	0.12653	0.04461	0.01912	0.04225	0.25735	0.00462	0.19404	0.00682	0.00382	0.00632
15	0.13025	0.12782	0.01803	0.01486	0.06281	0.51989	0.01099	0.02164	0.01502	0.01633	0.00902	0.01061	0.00756	0.00582	0.00493	0.00154	0.00904	0.00373	0.00305	0.00705
16	0.09169	0.14160	0.04814	0.01350	0.01751	0.39189	0.01116	0.18010	0.01773	0.02067	0.01010	0.01125	0.00804	0.00609	0.00509	0.00158	0.00847	0.00402	0.00364	0.00771
17	0.06396	0.01483	0.09697	0.01553	0.01690	0.01723	0.03986	0.01508	0.00966	0.01565	0.00825	0.01279	0.00769	0.00935	0.01651	0.00244	0.62284	0.00503	0.00266	0.00676
18	0.00725	0.00517	0.00685	0.00817	0.00850	0.00484	0.00542	0.00825	0.01123	0.01497	0.03210	0.76169	0.03849	0.04600	0.00835	0.00252	0.00351	0.01652	0.00542	0.00476
19	0.00769	0.00606	0.00696	0.00686	0.00858	0.00533	0.00523	0.00976	0.01476	0.01909	0.32743	0.05257	0.43681	0.01394	0.00706	0.00199	0.00307	0.05568	0.00588	0.00525
20	0.01027	0.00514	0.00770	0.00770	0.00770	0.00514	0.00514	0.00770	0.00770	0.01027	0.01027	0.01798	0.01027	0.02054	0.02311	0.82794	0.00514	0.00514	0.00257	0.00257
21	0.01438	0.01242	0.01306	0.01178	0.01506	0.01430	0.00915	0.03045	0.71363	0.02437	0.02559	0.02354	0.04918	0.00832	0.00606	0.00201	0.00461	0.00693	0.00600	0.00918
22	0.00845	0.00634	0.00950	0.00950	0.01056	0.00739	0.00739	0.01056	0.00950	0.01373	0.01584	0.02323	0.01478	0.04435	0.76873	0.00950	0.01584	0.00634	0.00317	0.00528
23	0.01503	0.49034	0.07046	0.01104	0.01571	0.01969	0.01050	0.02173	0.23321	0.01775	0.03347	0.01442	0.01206	0.00618	0.00467	0.00154	0.00588	0.00451	0.00369	0.00814
24	0.02579	0.00990	0.01349	0.01040	0.01484	0.00857	0.00857	0.02810	0.01692	0.72941	0.05301	0.02111	0.01632	0.00751	0.00599	0.00183	0.00494	0.00614	0.00729	0.00988
25	0.01389	0.01163	0.01393	0.01009	0.01529	0.00974	0.03426	0.12508	0.01470	0.02201	0.01113	0.01269	0.00897	0.00482	0.00471	0.00105	0.00491	0.00391	0.00385	0.67335
26	0.01321	0.01314	0.01913	0.04313	0.01746	0.01775	0.05788	0.03533	0.01000	0.01522	0.00831	0.01326	0.00791	0.00977	0.01777	0.00251	0.68355	0.00529	0.00271	0.00667
27	0.00721	0.00515	0.00686	0.00823	0.00858	0.00480	0.00549	0.00823	0.01132	0.01510	0.03259	0.78831	0.03911	0.01853	0.00755	0.00240	0.00343	0.01681	0.00549	0.00480
28	0.83394	0.01144	0.00869	0.00778	0.01144	0.01327	0.00640	0.01738	0.01006	0.02653	0.00823	0.00961	0.00640	0.00549	0.00366	0.00183	0.00457	0.00320	0.00366	0.00640
29	0.00948	0.00796	0.01030	0.01010	0.01124	0.05519	0.00786	0.01152	0.00994	0.01379	0.01510	0.02204	0.01406	0.04062	0.69134	0.00873	0.04604	0.00613	0.00314	0.00543
30	0.01027	0.00514	0.00770	0.00770	0.00770	0.00514	0.00514	0.00770	0.00770	0.01027	0.01027	0.01798	0.01027	0.02054	0.02311	0.82794	0.00514	0.00514	0.00257	0.00257
31	0.00705	0.00596	0.00610	0.00614	0.00804	0.00501	0.00457	0.00858	0.01351	0.01623	0.08438	0.08623	0.69804	0.01502	0.00701	0.00201	0.00301	0.01259	0.00553	0.00501
32	0.02653	0.01006	0.01372	0.01052	0.01510	0.00869	0.00869	0.02882	0.01693	0.75937	0.02333	0.02013	0.01464	0.00732	0.00595	0.00183	0.00503	0.00595	0.00732	0.01006
33	0.02653	0.01006	0.01372	0.01052	0.01510	0.00869	0.00869	0.02882	0.01693	0.75937	0.02333	0.02013	0.01464	0.00732	0.00595	0.00183	0.00503	0.00595	0.00732	0.01006
34	0.01256	0.01069	0.01242	0.00890	0.01414	0.00819	0.00713	0.03598	0.01272	0.01980	0.01062	0.01232	0.00880	0.00446	0.00442	0.00090	0.00444	0.00356	0.00357	0.80437
35	0.00868	0.00636	0.00817	0.00888	0.00958	0.00642	0.00619	0.06585	0.01239	0.01664	0.02923	0.64749	0.03428	0.04359	0.03952	0.00276	0.02859	0.01485	0.00528	0.00525
36	0.01226	0.01051	0.01226	0.00876	0.01401	0.00788	0.00701	0.01489	0.01226	0.01927	0.01051	0.01226	0.00876	0.00438	0.00438	0.00088	0.00438	0.00350	0.00350	0.82832
37	0.55477	0.01246	0.01137	0.03440	0.01422	0.01414	0.00801	0.16865	0.04848	0.06884	0.01113	0.01193	0.00821	0.00606	0.00444	0.00183	0.00512	0.00403	0.00441	0.00751

[dist]
# distance from previous block
# <min> <max>
1	497

# created by:
# /software/SequenceAnalysis/GenePrediction/augustus/3.0.1/scripts/msa2prfl.pl ./fixed/BUSCOvEOG7B8KSG.fas
