[name]
unknown

[dist]
# distance from previous block
# <min> <max>
0	153

[block]
# block no. 0 follows, 40 sequences, length 29
# corresponding to MSA columns:
# 153-181
name=unknown_A
#
# <colnr> <probs for GDERKNQSTAVLIFYWHMCP>
#	G	D	E	R	K	N	Q	S	T	A	V	L	I	F	Y	W	H	M	C	P
0	0.00687	0.00589	0.00589	0.00589	0.00785	0.00491	0.00442	0.00835	0.01325	0.01571	0.05891	0.05596	0.75700	0.01473	0.00687	0.00196	0.00295	0.01227	0.00540	0.00491
1	0.02172	0.02772	0.01648	0.01498	0.01798	0.77228	0.01124	0.02322	0.01648	0.01423	0.00899	0.01049	0.00749	0.00599	0.00524	0.00150	0.01049	0.00375	0.00300	0.00674
2	0.02172	0.02772	0.01648	0.01498	0.01798	0.77228	0.01124	0.02322	0.01648	0.01423	0.00899	0.01049	0.00749	0.00599	0.00524	0.00150	0.01049	0.00375	0.00300	0.00674
3	0.01084	0.00542	0.00542	0.00542	0.00678	0.00542	0.00407	0.01355	0.01220	0.02168	0.01897	0.02168	0.01491	0.00678	0.00407	0.00136	0.00271	0.00542	0.82791	0.00542
4	0.00823	0.00594	0.00777	0.00732	0.00869	0.00549	0.00549	0.01097	0.01646	0.02332	0.75629	0.04344	0.05487	0.01189	0.00686	0.00183	0.00274	0.01052	0.00640	0.00549
5	0.83671	0.01125	0.00855	0.00765	0.01125	0.01305	0.00630	0.01709	0.00990	0.02609	0.00810	0.00945	0.00630	0.00540	0.00360	0.00180	0.00450	0.00315	0.00360	0.00630
6	0.01166	0.03008	0.76550	0.01657	0.02517	0.01351	0.02149	0.01842	0.01228	0.01842	0.01044	0.01228	0.00737	0.00552	0.00552	0.00184	0.00859	0.00430	0.00246	0.00859
7	0.01555	0.79913	0.03047	0.00995	0.01493	0.02301	0.00995	0.01741	0.01182	0.01368	0.00808	0.00933	0.00746	0.00498	0.00373	0.00124	0.00622	0.00311	0.00249	0.00746
8	0.02172	0.02772	0.01648	0.01498	0.01798	0.77228	0.01124	0.02322	0.01648	0.01423	0.00899	0.01049	0.00749	0.00599	0.00524	0.00150	0.01049	0.00375	0.00300	0.00674
9	0.01272	0.01272	0.01781	0.01527	0.01527	0.01781	0.01272	0.01399	0.00891	0.01399	0.00763	0.01272	0.00763	0.01018	0.01908	0.00254	0.78499	0.00509	0.00254	0.00636
10	0.01010	0.00505	0.00758	0.00758	0.00758	0.00505	0.00505	0.00758	0.00758	0.01010	0.01010	0.01768	0.01010	0.02020	0.02273	0.83081	0.00505	0.00505	0.00253	0.00253
11	0.00709	0.00506	0.00675	0.00810	0.00843	0.00472	0.00540	0.00810	0.01113	0.01484	0.03205	0.79184	0.03846	0.01822	0.00742	0.00236	0.00337	0.01653	0.00540	0.00472
12	0.00846	0.00564	0.00634	0.00634	0.00634	0.00564	0.00352	0.00846	0.00846	0.01128	0.01832	0.03805	0.02114	0.79563	0.02960	0.00564	0.00564	0.00846	0.00352	0.00352
13	0.00709	0.00506	0.00675	0.00810	0.00843	0.00472	0.00540	0.00810	0.01113	0.01484	0.03205	0.79184	0.03846	0.01822	0.00742	0.00236	0.00337	0.01653	0.00540	0.00472
14	0.01373	0.01569	0.03431	0.02451	0.03039	0.01471	0.73824	0.01863	0.01373	0.01863	0.01176	0.01569	0.00882	0.00490	0.00686	0.00196	0.00980	0.00686	0.00294	0.00784
15	0.00709	0.00506	0.00675	0.00810	0.00843	0.00472	0.00540	0.00810	0.01113	0.01484	0.03205	0.79184	0.03846	0.01822	0.00742	0.00236	0.00337	0.01653	0.00540	0.00472
16	0.01084	0.00542	0.00542	0.00542	0.00678	0.00542	0.00407	0.01355	0.01220	0.02168	0.01897	0.02168	0.01491	0.00678	0.00407	0.00136	0.00271	0.00542	0.82791	0.00542
17	0.00846	0.00564	0.00634	0.00634	0.00634	0.00564	0.00352	0.00846	0.00846	0.01128	0.01832	0.03805	0.02114	0.79563	0.02960	0.00564	0.00564	0.00846	0.00352	0.00352
18	0.00831	0.00623	0.00935	0.00935	0.01038	0.00727	0.00727	0.01038	0.00935	0.01350	0.01558	0.02285	0.01454	0.04361	0.77259	0.00935	0.01558	0.00623	0.00312	0.00519
19	0.01506	0.01236	0.01317	0.01176	0.01511	0.01416	0.00917	0.03077	0.71160	0.06192	0.02363	0.02160	0.01758	0.00785	0.00591	0.00196	0.00462	0.00654	0.00598	0.00924
20	0.01222	0.02618	0.56764	0.01872	0.02658	0.01383	0.21544	0.01847	0.01267	0.01847	0.01080	0.01320	0.00776	0.00536	0.00589	0.00187	0.00892	0.00499	0.00259	0.00839
21	0.00733	0.00529	0.00694	0.00784	0.00847	0.00490	0.00538	0.00874	0.01238	0.01673	0.19121	0.59808	0.07177	0.01669	0.00728	0.00223	0.00322	0.01504	0.00562	0.00490
22	0.00709	0.00506	0.00675	0.00810	0.00843	0.00472	0.00540	0.00810	0.01113	0.01484	0.03205	0.79184	0.03846	0.01822	0.00742	0.00236	0.00337	0.01653	0.00540	0.00472
23	0.01680	0.01365	0.01447	0.01231	0.01601	0.01556	0.00977	0.24806	0.52787	0.02810	0.02070	0.01933	0.01534	0.00761	0.00589	0.00190	0.00515	0.00616	0.00589	0.00941
24	0.04102	0.00838	0.00888	0.00802	0.01009	0.00884	0.00614	0.20058	0.01573	0.02424	0.01938	0.14305	0.01731	0.03655	0.00594	0.00178	0.00393	0.00718	0.42652	0.00643
25	0.00833	0.00614	0.00887	0.00887	0.00974	0.00701	0.00667	0.01008	0.00920	0.01314	0.01602	0.02528	0.01559	0.16392	0.65373	0.00875	0.01399	0.00659	0.00318	0.00493
26	0.02219	0.01065	0.01332	0.01073	0.01480	0.01032	0.00869	0.04977	0.21509	0.51519	0.04903	0.02098	0.01661	0.00755	0.00590	0.00185	0.00482	0.00619	0.00678	0.00955
27	0.00709	0.00506	0.00675	0.00810	0.00843	0.00472	0.00540	0.00810	0.01113	0.01484	0.03205	0.79184	0.03846	0.01822	0.00742	0.00236	0.00337	0.01653	0.00540	0.00472
28	0.00966	0.00656	0.00904	0.00985	0.01125	0.00639	0.00830	0.01221	0.01393	0.04888	0.16715	0.11550	0.03710	0.01508	0.00767	0.00246	0.00469	0.50313	0.00563	0.00552

[dist]
# distance from previous block
# <min> <max>
0	3

[block]
# block no. 1 follows, 40 sequences, length 8
# corresponding to MSA columns:
# 185-192
name=unknown_B
#
# <colnr> <probs for GDERKNQSTAVLIFYWHMCP>
#	G	D	E	R	K	N	Q	S	T	A	V	L	I	F	Y	W	H	M	C	P
0	0.01262	0.00714	0.00732	0.00668	0.00855	0.00741	0.00517	0.12832	0.01459	0.02405	0.01818	0.02046	0.01411	0.00681	0.00434	0.00142	0.00329	0.00539	0.69802	0.00613
1	0.01220	0.01206	0.01852	0.01527	0.01617	0.01541	0.12221	0.01383	0.00957	0.01427	0.00995	0.01718	0.00995	0.13347	0.01888	0.00294	0.54332	0.00589	0.00276	0.00614
2	0.00925	0.00718	0.01030	0.00990	0.01081	0.00876	0.00782	0.01126	0.00955	0.01437	0.01465	0.02113	0.01348	0.03475	0.57888	0.00749	0.13589	0.00597	0.08315	0.00540
3	0.00831	0.00623	0.00935	0.00935	0.01038	0.00727	0.00727	0.01038	0.00935	0.01350	0.01558	0.02285	0.01454	0.04361	0.77259	0.00935	0.01558	0.00623	0.00312	0.00519
4	0.00831	0.00623	0.00935	0.00935	0.01038	0.00727	0.00727	0.01038	0.00935	0.01350	0.01558	0.02285	0.01454	0.04361	0.77259	0.00935	0.01558	0.00623	0.00312	0.00519
5	0.00835	0.00559	0.00637	0.00648	0.00650	0.00557	0.00367	0.00843	0.00866	0.01155	0.01938	0.09609	0.02248	0.73578	0.02789	0.00539	0.00546	0.00908	0.00367	0.00362
6	0.00839	0.00887	0.08403	0.01105	0.01291	0.00687	0.10201	0.01047	0.01158	0.01568	0.02732	0.61544	0.03160	0.01526	0.00717	0.00226	0.00471	0.01409	0.00479	0.00550
7	0.01206	0.01034	0.01206	0.00861	0.01378	0.00775	0.00689	0.01464	0.01206	0.01895	0.01034	0.01206	0.00861	0.00431	0.00431	0.00086	0.00431	0.00345	0.00345	0.83118

[dist]
# distance from previous block
# <min> <max>
5	8

[block]
# block no. 2 follows, 40 sequences, length 42
# corresponding to MSA columns:
# 201-242
name=unknown_C
#
# <colnr> <probs for GDERKNQSTAVLIFYWHMCP>
#	G	D	E	R	K	N	Q	S	T	A	V	L	I	F	Y	W	H	M	C	P
0	0.01569	0.59476	0.16843	0.01131	0.01694	0.02020	0.01208	0.01847	0.01233	0.06921	0.00973	0.01081	0.00806	0.00532	0.00428	0.00142	0.00661	0.00357	0.00286	0.00791
1	0.01033	0.06491	0.01213	0.01352	0.15150	0.00811	0.00827	0.01199	0.01229	0.05886	0.05512	0.47401	0.06859	0.01378	0.00674	0.00211	0.00433	0.01235	0.00489	0.00617
2	0.00858	0.00573	0.00643	0.00643	0.00644	0.00571	0.00358	0.00855	0.00853	0.01139	0.01842	0.03817	0.02123	0.79425	0.02960	0.00565	0.00568	0.00849	0.00356	0.00359
3	0.01104	0.00789	0.00942	0.00866	0.01074	0.00792	0.00660	0.01693	0.19664	0.07658	0.44064	0.06856	0.09271	0.01110	0.00662	0.00192	0.00345	0.00961	0.00626	0.00671
4	0.00987	0.00756	0.00869	0.00817	0.00968	0.00778	0.00586	0.01514	0.19472	0.01995	0.33388	0.03741	0.07593	0.22502	0.01288	0.00293	0.00405	0.00911	0.00547	0.00590
5	0.01138	0.01090	0.01850	0.68125	0.03773	0.01344	0.05725	0.01509	0.01162	0.01512	0.01034	0.01547	0.00792	0.00616	0.00689	0.00200	0.06443	0.00530	0.00264	0.00659
6	0.01284	0.01280	0.01788	0.01533	0.01535	0.01786	0.01276	0.01408	0.00898	0.01411	0.00775	0.01288	0.00775	0.01025	0.01911	0.00256	0.78359	0.00513	0.00259	0.00642
7	0.01178	0.03012	0.76419	0.01664	0.02523	0.01356	0.02151	0.01849	0.01235	0.01852	0.01055	0.01244	0.00748	0.00560	0.00557	0.00186	0.00863	0.00434	0.00250	0.00865
8	0.00721	0.00515	0.00684	0.00818	0.00853	0.00480	0.00545	0.00819	0.01121	0.01495	0.03213	0.79056	0.03852	0.01827	0.00747	0.00238	0.00342	0.01655	0.00543	0.00479
9	0.02618	0.00998	0.01357	0.01042	0.01492	0.00861	0.00859	0.02839	0.01671	0.76211	0.02303	0.01994	0.01449	0.00727	0.00590	0.00182	0.00499	0.00588	0.00723	0.00995
10	0.00709	0.00560	0.00637	0.00698	0.00821	0.00490	0.00492	0.00832	0.01236	0.01542	0.04674	0.39020	0.42944	0.01637	0.00717	0.00217	0.00318	0.01423	0.00543	0.00489
11	0.00877	0.00636	0.00854	0.00976	0.01078	0.00628	0.00777	0.01131	0.04393	0.01675	0.03108	0.36256	0.03491	0.01666	0.00774	0.00254	0.00455	0.39897	0.00543	0.00532
12	0.01110	0.01042	0.01751	0.78031	0.04008	0.01298	0.01618	0.01494	0.01170	0.01497	0.01045	0.01566	0.00786	0.00589	0.00586	0.00196	0.00779	0.00520	0.00262	0.00652
13	0.00740	0.00551	0.00687	0.00755	0.00846	0.00499	0.00526	0.00884	0.01276	0.01690	0.18815	0.48091	0.19253	0.01623	0.00724	0.00219	0.00320	0.01441	0.00564	0.00498
14	0.02437	0.01288	0.01537	0.01180	0.01637	0.01292	0.00973	0.35154	0.02156	0.43211	0.01896	0.01729	0.01245	0.00717	0.00588	0.00180	0.00565	0.00561	0.00660	0.00995
15	0.02325	0.01006	0.01293	0.01030	0.01438	0.00931	0.00837	0.02772	0.13107	0.59241	0.02286	0.02037	0.01506	0.00735	0.00578	0.00182	0.00477	0.00597	0.06672	0.00952
16	0.00823	0.00563	0.00648	0.00673	0.00692	0.00550	0.00398	0.00847	0.00932	0.01232	0.02343	0.17970	0.06875	0.60238	0.02410	0.00482	0.00509	0.01022	0.00402	0.00390
17	0.00980	0.00713	0.00968	0.01085	0.01232	0.00723	0.00941	0.01327	0.05773	0.01792	0.03044	0.06301	0.03258	0.01563	0.00795	0.00265	0.00535	0.67597	0.00542	0.00565
18	0.83530	0.01132	0.00863	0.00773	0.01133	0.01310	0.00635	0.01717	0.00997	0.02618	0.00822	0.00961	0.00641	0.00548	0.00365	0.00182	0.00454	0.00319	0.00364	0.00636
19	0.00723	0.00577	0.00644	0.00672	0.00820	0.00501	0.00486	0.00871	0.01319	0.01658	0.14210	0.24295	0.48098	0.01532	0.00706	0.00207	0.00307	0.01316	0.00556	0.00500
20	0.01134	0.00941	0.01033	0.00945	0.01198	0.01002	0.00725	0.02070	0.38370	0.02250	0.24954	0.03407	0.15659	0.01026	0.00638	0.00192	0.00379	0.00871	0.00595	0.02610
21	0.00934	0.00671	0.00926	0.01054	0.01189	0.00665	0.00913	0.01190	0.01340	0.01738	0.03198	0.08258	0.06143	0.01612	0.00802	0.00266	0.00525	0.67499	0.00539	0.00538
22	0.00780	0.00540	0.00666	0.00742	0.00763	0.00519	0.00465	0.00834	0.01006	0.01342	0.02623	0.46660	0.03107	0.35238	0.01700	0.00379	0.00439	0.01308	0.00463	0.00427
23	0.36854	0.00834	0.00820	0.00754	0.00989	0.00885	0.00589	0.01372	0.01367	0.02462	0.42974	0.02876	0.03378	0.00913	0.00549	0.00184	0.00355	0.00734	0.00522	0.00590
24	0.83530	0.01132	0.00863	0.00773	0.01133	0.01310	0.00635	0.01717	0.00997	0.02618	0.00822	0.00961	0.00641	0.00548	0.00365	0.00182	0.00454	0.00319	0.00364	0.00636
25	0.00775	0.00622	0.00703	0.00742	0.00921	0.00552	0.00596	0.00955	0.01336	0.01633	0.05049	0.05894	0.53847	0.01519	0.00727	0.00220	0.00371	0.22487	0.00542	0.00511
26	0.06305	0.01292	0.01346	0.01165	0.01515	0.01471	0.00920	0.17970	0.51258	0.02699	0.02056	0.01950	0.01537	0.00757	0.00571	0.00190	0.00492	0.00607	0.04997	0.00903
27	0.53145	0.01321	0.01195	0.00987	0.01386	0.01496	0.00812	0.28680	0.01648	0.03012	0.01040	0.01130	0.00775	0.00607	0.00448	0.00180	0.00525	0.00397	0.00447	0.00770
28	0.00721	0.00515	0.00684	0.00818	0.00853	0.00480	0.00545	0.00819	0.01121	0.01495	0.03213	0.79056	0.03852	0.01827	0.00747	0.00238	0.00342	0.01655	0.00543	0.00479
29	0.00858	0.00573	0.00643	0.00643	0.00644	0.00571	0.00358	0.00855	0.00853	0.01139	0.01842	0.03817	0.02123	0.79425	0.02960	0.00565	0.00568	0.00849	0.00356	0.00359
30	0.00843	0.00632	0.00943	0.00942	0.01047	0.00734	0.00732	0.01047	0.00942	0.01361	0.01568	0.02299	0.01464	0.04362	0.77122	0.00935	0.01560	0.00627	0.00316	0.00525
31	0.01517	0.01286	0.01356	0.01203	0.01543	0.01480	0.00939	0.08606	0.69149	0.02538	0.02301	0.02124	0.01723	0.00789	0.00596	0.00198	0.00478	0.00650	0.00594	0.00931
32	0.01384	0.01576	0.03435	0.02456	0.03044	0.01476	0.73693	0.01870	0.01379	0.01873	0.01188	0.01584	0.00893	0.00498	0.00691	0.00198	0.00983	0.00690	0.00298	0.00790
33	0.00771	0.00556	0.00735	0.00849	0.00919	0.00523	0.00615	0.00915	0.01213	0.01609	0.08601	0.56126	0.07740	0.01722	0.00751	0.00238	0.00372	0.14700	0.00550	0.00497
34	0.01126	0.00800	0.00943	0.00978	0.06472	0.00747	0.00690	0.01498	0.11003	0.11816	0.04447	0.04417	0.46554	0.01225	0.00664	0.00198	0.00389	0.04822	0.00556	0.00654
35	0.83530	0.01132	0.00863	0.00773	0.01133	0.01310	0.00635	0.01717	0.00997	0.02618	0.00822	0.00961	0.00641	0.00548	0.00365	0.00182	0.00454	0.00319	0.00364	0.00636
36	0.00710	0.00598	0.00613	0.00609	0.00801	0.00503	0.00456	0.00864	0.01357	0.01641	0.11313	0.05507	0.70115	0.01457	0.00692	0.00197	0.00297	0.01216	0.00551	0.00502
37	0.00728	0.00573	0.00626	0.00660	0.00788	0.00504	0.00460	0.00839	0.01210	0.01497	0.04634	0.24159	0.46811	0.12602	0.01027	0.00261	0.00348	0.01285	0.00517	0.00473
38	0.01677	0.01415	0.01443	0.01242	0.01604	0.04775	0.00979	0.20543	0.53842	0.02703	0.02074	0.01945	0.01547	0.00766	0.00591	0.00192	0.00534	0.00616	0.00580	0.00932
39	0.01526	0.76771	0.02957	0.00985	0.01468	0.02232	0.00977	0.01716	0.01200	0.01406	0.03772	0.01068	0.00934	0.00525	0.00386	0.00127	0.00608	0.00340	0.00264	0.00738
40	0.01381	0.01174	0.01266	0.01169	0.01472	0.01346	0.00923	0.02847	0.65389	0.02343	0.02459	0.02736	0.01978	0.00895	0.00619	0.00206	0.00470	0.09872	0.00584	0.00871
41	0.01477	0.01264	0.01332	0.01190	0.01524	0.01461	0.00928	0.05899	0.72027	0.02481	0.02328	0.02139	0.01744	0.00785	0.00591	0.00196	0.00467	0.00652	0.00591	0.00923

[dist]
# distance from previous block
# <min> <max>
0	1

[block]
# block no. 3 follows, 40 sequences, length 12
# corresponding to MSA columns:
# 244-255
name=unknown_D
#
# <colnr> <probs for GDERKNQSTAVLIFYWHMCP>
#	G	D	E	R	K	N	Q	S	T	A	V	L	I	F	Y	W	H	M	C	P
0	0.01768	0.01478	0.01913	0.01497	0.01936	0.01608	0.15105	0.34016	0.28953	0.02864	0.01710	0.01713	0.01257	0.00691	0.00606	0.00187	0.00640	0.00604	0.00530	0.00924
1	0.00687	0.00589	0.00589	0.00589	0.00785	0.00491	0.00442	0.00835	0.01325	0.01571	0.05891	0.05596	0.75700	0.01473	0.00687	0.00196	0.00295	0.01227	0.00540	0.00491
2	0.01122	0.02556	0.61923	0.01544	0.02263	0.01219	0.01914	0.01718	0.01249	0.01822	0.01437	0.02259	0.01242	0.00756	0.00601	0.00200	0.00797	0.14279	0.00302	0.00797
3	0.01439	0.01382	0.02360	0.03569	0.75936	0.01382	0.01785	0.01785	0.01324	0.01900	0.01094	0.01439	0.00921	0.00518	0.00576	0.00173	0.00691	0.00518	0.00288	0.00921
4	0.00893	0.00638	0.00886	0.01020	0.01135	0.00631	0.00860	0.01128	0.01295	0.01691	0.03103	0.20609	0.03443	0.01648	0.00791	0.00262	0.00497	0.58409	0.00536	0.00523
5	0.02059	0.01312	0.01446	0.01133	0.01532	0.01401	0.00928	0.48061	0.02263	0.15510	0.01643	0.01643	0.01161	0.00698	0.00548	0.00168	0.00544	0.00537	0.16508	0.00903
6	0.01808	0.02320	0.07112	0.07201	0.01917	0.51517	0.01213	0.02008	0.01452	0.01460	0.01063	0.06539	0.00966	0.00730	0.00713	0.00174	0.10342	0.00494	0.00304	0.00667
7	0.01041	0.00692	0.00860	0.15643	0.01387	0.00754	0.00678	0.01373	0.06639	0.01806	0.01844	0.07756	0.01659	0.16043	0.00973	0.00241	0.00444	0.00682	0.38936	0.00549
8	0.01370	0.00936	0.00989	0.00885	0.01128	0.01020	0.00687	0.15856	0.20911	0.02477	0.02022	0.07780	0.01644	0.00796	0.00514	0.00167	0.00397	0.00652	0.39045	0.00723
9	0.01411	0.12230	0.53096	0.01534	0.02253	0.10632	0.01808	0.07193	0.01383	0.01868	0.01024	0.01183	0.00758	0.00562	0.00529	0.00172	0.00837	0.00416	0.00277	0.00833
10	0.01224	0.14448	0.65616	0.01559	0.02364	0.01492	0.01977	0.01827	0.01221	0.01771	0.01009	0.01184	0.00738	0.00544	0.00526	0.00175	0.00824	0.00412	0.00246	0.00843
11	0.00885	0.00770	0.00929	0.15691	0.01518	0.00786	0.00745	0.01301	0.11821	0.01731	0.09328	0.04237	0.45736	0.01183	0.00653	0.00195	0.00410	0.00996	0.00500	0.00586

[dist]
# distance from previous block
# <min> <max>
0	2

[block]
# block no. 4 follows, 40 sequences, length 41
# corresponding to MSA columns:
# 258-298
name=unknown_E
#
# <colnr> <probs for GDERKNQSTAVLIFYWHMCP>
#	G	D	E	R	K	N	Q	S	T	A	V	L	I	F	Y	W	H	M	C	P
0	0.01457	0.01114	0.01282	0.00968	0.01445	0.00974	0.00776	0.07987	0.12853	0.08976	0.01388	0.01443	0.01068	0.00536	0.00483	0.00120	0.00459	0.00431	0.00438	0.55806
1	0.01202	0.01140	0.01932	0.55434	0.25925	0.01319	0.01667	0.01577	0.01212	0.01612	0.01052	0.01517	0.00820	0.00562	0.00580	0.00187	0.00749	0.00517	0.00267	0.00730
2	0.01327	0.01267	0.02158	0.28099	0.52283	0.01352	0.01729	0.01686	0.01271	0.01764	0.01074	0.01476	0.00873	0.00539	0.00578	0.00180	0.00719	0.00518	0.00278	0.00831
3	0.01449	0.01184	0.01335	0.00994	0.01484	0.01059	0.00801	0.17741	0.07600	0.02333	0.01224	0.01327	0.00965	0.00520	0.00478	0.00115	0.00480	0.00410	0.00418	0.58085
4	0.01010	0.00505	0.00758	0.00758	0.00758	0.00505	0.00505	0.00758	0.00758	0.01010	0.01010	0.01768	0.01010	0.02020	0.02273	0.83081	0.00505	0.00505	0.00253	0.00253
5	0.01373	0.01569	0.03431	0.02451	0.03039	0.01471	0.73824	0.01863	0.01373	0.01863	0.01176	0.01569	0.00882	0.00490	0.00686	0.00196	0.00980	0.00686	0.00294	0.00784
6	0.01262	0.01245	0.02617	0.01935	0.02344	0.01176	0.51481	0.01526	0.01185	0.01603	0.01126	0.01629	0.00921	0.00956	0.01170	0.25454	0.00836	0.00631	0.00281	0.00622
7	0.01903	0.01147	0.01329	0.01125	0.01501	0.01214	0.00895	0.02989	0.46100	0.31487	0.02338	0.02095	0.01643	0.00762	0.00589	0.00190	0.00474	0.00629	0.00642	0.00948
8	0.00812	0.00556	0.00673	0.00726	0.00748	0.00545	0.00461	0.00866	0.00971	0.01290	0.02361	0.27019	0.02751	0.48982	0.02093	0.00438	0.00492	0.07383	0.00426	0.00405
9	0.02338	0.01425	0.01619	0.01241	0.01701	0.01500	0.01025	0.51257	0.02392	0.26887	0.01683	0.01583	0.01133	0.00705	0.00583	0.00176	0.00594	0.00543	0.00626	0.00989
10	0.01166	0.03008	0.76550	0.01657	0.02517	0.01351	0.02149	0.01842	0.01228	0.01842	0.01044	0.01228	0.00737	0.00552	0.00552	0.00184	0.00859	0.00430	0.00246	0.00859
11	0.00823	0.00594	0.00777	0.00732	0.00869	0.00549	0.00549	0.01097	0.01646	0.02332	0.75629	0.04344	0.05487	0.01189	0.00686	0.00183	0.00274	0.01052	0.00640	0.00549
12	0.00901	0.00559	0.00613	0.00613	0.00644	0.00559	0.00365	0.00963	0.00932	0.01368	0.01847	0.03427	0.01970	0.61328	0.02370	0.00465	0.00496	0.00775	0.19409	0.00396
13	0.83671	0.01125	0.00855	0.00765	0.01125	0.01305	0.00630	0.01709	0.00990	0.02609	0.00810	0.00945	0.00630	0.00540	0.00360	0.00180	0.00450	0.00315	0.00360	0.00630
14	0.01446	0.01249	0.01315	0.01183	0.01512	0.01446	0.00920	0.03090	0.74885	0.02433	0.02367	0.02170	0.01775	0.00789	0.00592	0.00197	0.00460	0.00657	0.00592	0.00920
15	0.01129	0.01050	0.01744	0.76015	0.03944	0.01306	0.01601	0.03516	0.01207	0.01547	0.01044	0.01546	0.00781	0.00585	0.00581	0.00193	0.00771	0.00517	0.00267	0.00656
16	0.01010	0.00505	0.00758	0.00758	0.00758	0.00505	0.00505	0.00758	0.00758	0.01010	0.01010	0.01768	0.01010	0.02020	0.02273	0.83081	0.00505	0.00505	0.00253	0.00253
17	0.01439	0.01382	0.02360	0.03569	0.75936	0.01382	0.01785	0.01785	0.01324	0.01900	0.01094	0.01439	0.00921	0.00518	0.00576	0.00173	0.00691	0.00518	0.00288	0.00921
18	0.00706	0.00564	0.00632	0.00669	0.00811	0.00490	0.00481	0.00850	0.01289	0.01612	0.11237	0.27910	0.47597	0.01554	0.00704	0.00207	0.00306	0.01342	0.00549	0.00490
19	0.00709	0.00506	0.00675	0.00810	0.00843	0.00472	0.00540	0.00810	0.01113	0.01484	0.03205	0.79184	0.03846	0.01822	0.00742	0.00236	0.00337	0.01653	0.00540	0.00472
20	0.01010	0.00505	0.00758	0.00758	0.00758	0.00505	0.00505	0.00758	0.00758	0.01010	0.01010	0.01768	0.01010	0.02020	0.02273	0.83081	0.00505	0.00505	0.00253	0.00253
21	0.00804	0.00546	0.00647	0.00688	0.00698	0.00536	0.00409	0.00835	0.00927	0.01236	0.02251	0.26776	0.02642	0.55873	0.02284	0.00464	0.00495	0.01092	0.00409	0.00389
22	0.00691	0.00575	0.00604	0.00627	0.00795	0.00488	0.00459	0.00830	0.01289	0.01556	0.05433	0.18147	0.63444	0.01532	0.00697	0.00203	0.00302	0.01300	0.00540	0.00488
23	0.01206	0.01034	0.01206	0.00861	0.01378	0.00775	0.00689	0.01464	0.01206	0.01895	0.01034	0.01206	0.00861	0.00431	0.00431	0.00086	0.00431	0.00345	0.00345	0.83118
24	0.00804	0.00546	0.00647	0.00688	0.00698	0.00536	0.00409	0.00835	0.00927	0.01236	0.02251	0.26776	0.02642	0.55873	0.02284	0.00464	0.00495	0.01092	0.00409	0.00389
25	0.01098	0.01034	0.01744	0.78165	0.04005	0.01292	0.01615	0.01486	0.01163	0.01486	0.01034	0.01550	0.00775	0.00581	0.00581	0.00194	0.00775	0.00517	0.00258	0.00646
26	0.01684	0.01558	0.02659	0.06922	0.02616	0.01590	0.40555	0.30196	0.01894	0.02547	0.01254	0.01500	0.00917	0.00578	0.00638	0.00187	0.00833	0.00611	0.00405	0.00856
27	0.01098	0.01034	0.01744	0.78165	0.04005	0.01292	0.01615	0.01486	0.01163	0.01486	0.01034	0.01550	0.00775	0.00581	0.00581	0.00194	0.00775	0.00517	0.00258	0.00646
28	0.01350	0.01508	0.03124	0.04120	0.02817	0.01517	0.60338	0.01779	0.01289	0.01779	0.01106	0.01520	0.00861	0.00578	0.00882	0.00205	0.13531	0.00653	0.00287	0.00757
29	0.01206	0.01034	0.01206	0.00861	0.01378	0.00775	0.00689	0.01464	0.01206	0.01895	0.01034	0.01206	0.00861	0.00431	0.00431	0.00086	0.00431	0.00345	0.00345	0.83118
30	0.00707	0.00513	0.00668	0.00791	0.00839	0.00474	0.00532	0.00812	0.01131	0.01492	0.03433	0.72951	0.09932	0.01792	0.00738	0.00233	0.00334	0.01617	0.00540	0.00474
31	0.01255	0.01280	0.02063	0.48362	0.09865	0.06251	0.12999	0.01619	0.01219	0.01571	0.01031	0.01488	0.00802	0.00598	0.00703	0.00194	0.07204	0.00534	0.00269	0.00693
32	0.08254	0.00725	0.00911	0.00813	0.01034	0.00679	0.00627	0.01536	0.01548	0.19857	0.45474	0.10109	0.03969	0.01078	0.00639	0.00187	0.00347	0.00932	0.00626	0.00654
33	0.15247	0.01254	0.01247	0.00958	0.01420	0.07722	0.00768	0.08353	0.01383	0.07612	0.01110	0.01223	0.00867	0.00510	0.00452	0.00122	0.00512	0.00376	0.00393	0.48470
34	0.00957	0.00802	0.01136	0.01058	0.01166	0.00959	0.00837	0.01140	0.00963	0.01420	0.01470	0.08750	0.01451	0.03010	0.46093	0.00639	0.19628	0.00663	0.00321	0.07538
35	0.01350	0.01293	0.01808	0.01512	0.01627	0.01684	0.05867	0.06911	0.07605	0.01696	0.01006	0.01406	0.00898	0.01021	0.03672	0.00255	0.57192	0.00534	0.00314	0.02348
36	0.00830	0.00571	0.00655	0.00655	0.00681	0.00571	0.00391	0.00861	0.00895	0.01185	0.02168	0.03839	0.08564	0.66482	0.08864	0.00562	0.00622	0.00861	0.00366	0.00378
37	0.02015	0.01007	0.01505	0.31356	0.02475	0.01027	0.01154	0.02304	0.01467	0.46912	0.01799	0.01811	0.01178	0.00665	0.00583	0.00185	0.00605	0.00558	0.00538	0.00855
38	0.02185	0.02406	0.01679	0.01447	0.01800	0.53127	0.01118	0.25225	0.01995	0.02140	0.01058	0.01160	0.00826	0.00631	0.00543	0.00158	0.00918	0.00422	0.00390	0.00775
39	0.01264	0.01400	0.07282	0.01536	0.01600	0.01749	0.01337	0.01432	0.00915	0.01432	0.00784	0.01269	0.00761	0.00984	0.01809	0.00249	0.72786	0.00503	0.00254	0.00653
40	0.00823	0.00594	0.00777	0.00732	0.00869	0.00549	0.00549	0.01097	0.01646	0.02332	0.75629	0.04344	0.05487	0.01189	0.00686	0.00183	0.00274	0.01052	0.00640	0.00549

[dist]
# distance from previous block
# <min> <max>
0	0

# created by:
# /software/SequenceAnalysis/GenePrediction/augustus/3.0.1/scripts/msa2prfl.pl ./fixed/BUSCOvEOG798WF8.fas
