[name]
unknown

[dist]
# distance from previous block
# <min> <max>
0	542

[block]
# block no. 0 follows, 41 sequences, length 10
# corresponding to MSA columns:
# 600-609
name=unknown_A
#
# <colnr> <probs for GDERKNQSTAVLIFYWHMCP>
#	G	D	E	R	K	N	Q	S	T	A	V	L	I	F	Y	W	H	M	C	P
0	0.00894	0.00639	0.00890	0.01022	0.01141	0.00634	0.00874	0.01137	0.01289	0.01681	0.03044	0.15459	0.03352	0.01606	0.00783	0.00260	0.00503	0.63746	0.00527	0.00519
1	0.01472	0.05248	0.01447	0.07834	0.05456	0.06265	0.00992	0.02549	0.46444	0.07219	0.02035	0.07340	0.01624	0.00785	0.00575	0.00187	0.00530	0.00657	0.00508	0.00832
2	0.00719	0.00561	0.00658	0.00716	0.00845	0.00500	0.00531	0.00869	0.01251	0.01574	0.08133	0.30604	0.39370	0.01566	0.00708	0.00214	0.00331	0.09828	0.00536	0.00485
3	0.02148	0.02393	0.01649	0.01427	0.01770	0.55157	0.01100	0.23637	0.01937	0.02053	0.01029	0.01133	0.00807	0.00618	0.00532	0.00155	0.00912	0.00412	0.00377	0.00755
4	0.59853	0.01067	0.00985	0.00831	0.01211	0.01152	0.00685	0.02009	0.01170	0.24517	0.01229	0.01230	0.00855	0.00583	0.00419	0.00177	0.00456	0.00388	0.00459	0.00724
5	0.01661	0.01171	0.01293	0.01118	0.01468	0.01286	0.00883	0.06863	0.53413	0.17269	0.02408	0.02197	0.04791	0.00786	0.00584	0.00189	0.00462	0.00649	0.00604	0.00905
6	0.01521	0.01362	0.01310	0.01188	0.01501	0.10512	0.00928	0.02819	0.58769	0.05141	0.02197	0.02273	0.01712	0.00803	0.00587	0.00192	0.00528	0.05253	0.00549	0.00854
7	0.00717	0.00524	0.00680	0.00796	0.00859	0.00486	0.00559	0.00839	0.01143	0.01496	0.03458	0.63251	0.12430	0.01729	0.00730	0.00231	0.00346	0.08724	0.00531	0.00473
8	0.01232	0.01171	0.01989	0.44651	0.36627	0.01311	0.01664	0.01594	0.01215	0.01645	0.01043	0.01476	0.00827	0.00544	0.00569	0.00181	0.00725	0.00509	0.00267	0.00758
9	0.02018	0.02754	0.10678	0.01492	0.01853	0.68429	0.01226	0.02227	0.01571	0.01449	0.00901	0.01053	0.00735	0.00584	0.00519	0.00151	0.01009	0.00375	0.00288	0.00685

[dist]
# distance from previous block
# <min> <max>
0	1

[block]
# block no. 1 follows, 41 sequences, length 11
# corresponding to MSA columns:
# 611-621
name=unknown_B
#
# <colnr> <probs for GDERKNQSTAVLIFYWHMCP>
#	G	D	E	R	K	N	Q	S	T	A	V	L	I	F	Y	W	H	M	C	P
0	0.01364	0.02871	0.67264	0.01927	0.10006	0.01426	0.02116	0.01925	0.01334	0.01987	0.01221	0.01492	0.00927	0.00667	0.00627	0.00215	0.00882	0.00494	0.00313	0.00943
1	0.01031	0.00827	0.00841	0.00792	0.01025	0.00733	0.00590	0.08374	0.01557	0.01930	0.05395	0.05222	0.66442	0.01471	0.00742	0.00225	0.00395	0.01176	0.00594	0.00635
2	0.00917	0.00656	0.00800	0.00898	0.00951	0.00598	0.00590	0.00952	0.01190	0.01599	0.03214	0.64577	0.06659	0.11931	0.01084	0.00305	0.00428	0.01533	0.00566	0.00553
3	0.01658	0.01704	0.02916	0.02172	0.02681	0.08996	0.53379	0.07902	0.01588	0.02126	0.01387	0.01776	0.01088	0.00652	0.00707	0.00216	0.00941	0.00676	0.06581	0.00853
4	0.02297	0.02806	0.01736	0.01585	0.01890	0.75387	0.01175	0.02389	0.01726	0.01582	0.01078	0.01300	0.00920	0.00715	0.00597	0.00183	0.01080	0.00433	0.00360	0.00760
5	0.01534	0.01659	0.03438	0.02494	0.03074	0.01538	0.72107	0.01950	0.01463	0.02001	0.01343	0.01796	0.01047	0.00611	0.00752	0.00227	0.01015	0.00730	0.00355	0.00865
6	0.01515	0.01226	0.01313	0.01169	0.01493	0.01380	0.00907	0.05969	0.63505	0.05711	0.07217	0.02302	0.01984	0.00829	0.00610	0.00201	0.00468	0.00679	0.00606	0.00912
7	0.01639	0.65140	0.02739	0.01083	0.01540	0.10521	0.01008	0.01910	0.06800	0.01482	0.00976	0.01098	0.00862	0.00558	0.00424	0.00141	0.00663	0.00357	0.00294	0.00766
8	0.27295	0.00926	0.01038	0.03137	0.03570	0.00990	0.00882	0.06246	0.01316	0.02142	0.02144	0.07744	0.02208	0.01168	0.00643	0.00233	0.00526	0.36690	0.00477	0.00626
9	0.11489	0.01407	0.02061	0.02794	0.53111	0.01452	0.01512	0.15042	0.01548	0.02317	0.01150	0.01422	0.00934	0.00581	0.00565	0.00181	0.00659	0.00504	0.00363	0.00909
10	0.01288	0.01041	0.01143	0.01044	0.01292	0.01140	0.00790	0.06818	0.42846	0.02329	0.18584	0.09068	0.02734	0.06225	0.00791	0.00226	0.00439	0.00832	0.00588	0.00781

[dist]
# distance from previous block
# <min> <max>
0	1

[block]
# block no. 2 follows, 41 sequences, length 75
# corresponding to MSA columns:
# 623-697
name=unknown_C
#
# <colnr> <probs for GDERKNQSTAVLIFYWHMCP>
#	G	D	E	R	K	N	Q	S	T	A	V	L	I	F	Y	W	H	M	C	P
0	0.83328	0.01140	0.00877	0.00787	0.01144	0.01308	0.00642	0.01714	0.01006	0.02605	0.00848	0.01001	0.00669	0.00564	0.00377	0.00186	0.00460	0.00327	0.00371	0.00645
1	0.02216	0.01632	0.01746	0.01347	0.01806	0.01795	0.01106	0.73875	0.02708	0.03635	0.01421	0.01441	0.01019	0.00719	0.00593	0.00181	0.00645	0.00531	0.00587	0.00996
2	0.00750	0.00537	0.00702	0.00831	0.00869	0.00496	0.00554	0.00836	0.01127	0.01508	0.03186	0.78970	0.03807	0.01815	0.00750	0.00241	0.00350	0.01633	0.00546	0.00492
3	0.00778	0.00552	0.00690	0.00786	0.00824	0.00516	0.00511	0.00844	0.01081	0.01438	0.03021	0.59976	0.06624	0.18032	0.01201	0.00306	0.00395	0.01450	0.00508	0.00468
4	0.01045	0.00536	0.00783	0.00780	0.00785	0.00528	0.00520	0.00785	0.00780	0.01045	0.01044	0.01804	0.01040	0.02009	0.02243	0.82704	0.00514	0.00513	0.00266	0.00277
5	0.00857	0.00623	0.00794	0.00749	0.00890	0.00568	0.00558	0.01105	0.01633	0.02302	0.72461	0.04370	0.08447	0.01210	0.00695	0.00190	0.00289	0.01053	0.00640	0.00564
6	0.00750	0.00537	0.00702	0.00831	0.00869	0.00496	0.00554	0.00836	0.01127	0.01508	0.03186	0.78970	0.03807	0.01815	0.00750	0.00241	0.00350	0.01633	0.00546	0.00492
7	0.01576	0.79645	0.03017	0.01012	0.01503	0.02281	0.00998	0.01745	0.01193	0.01394	0.00847	0.00989	0.00782	0.00523	0.00390	0.00132	0.00628	0.00323	0.00262	0.00759
8	0.01301	0.01284	0.01781	0.01531	0.01536	0.01774	0.01269	0.01411	0.00909	0.01425	0.00803	0.01320	0.00799	0.01031	0.01888	0.00259	0.78243	0.00516	0.00268	0.00652
9	0.01471	0.01262	0.01326	0.01196	0.01522	0.01447	0.00925	0.03061	0.74737	0.02433	0.02368	0.02196	0.01786	0.00808	0.00603	0.00203	0.00470	0.00661	0.00597	0.00929
10	0.01387	0.01340	0.02304	0.16968	0.51688	0.01397	0.08513	0.01721	0.01285	0.01809	0.01105	0.01506	0.00915	0.00578	0.00669	0.00189	0.04937	0.00540	0.00294	0.00853
11	0.01471	0.01262	0.01326	0.01196	0.01522	0.01447	0.00925	0.03061	0.74737	0.02433	0.02368	0.02196	0.01786	0.00808	0.00603	0.00203	0.00470	0.00661	0.00597	0.00929
12	0.01951	0.01332	0.01486	0.01155	0.01587	0.01353	0.00935	0.43149	0.02128	0.12789	0.01577	0.05379	0.01214	0.00724	0.00565	0.00166	0.00555	0.00560	0.04174	0.17223
13	0.00884	0.00593	0.00662	0.00660	0.00665	0.00586	0.00371	0.00871	0.00866	0.01159	0.01846	0.03792	0.02117	0.79299	0.02914	0.00561	0.00571	0.00845	0.00363	0.00375
14	0.83328	0.01140	0.00877	0.00787	0.01144	0.01308	0.00642	0.01714	0.01006	0.02605	0.00848	0.01001	0.00669	0.00564	0.00377	0.00186	0.00460	0.00327	0.00371	0.00645
15	0.01174	0.01095	0.01823	0.68268	0.13287	0.01308	0.01625	0.01533	0.01196	0.01561	0.01074	0.01578	0.00829	0.00597	0.00592	0.00197	0.00767	0.00524	0.00276	0.00696
16	0.01131	0.01051	0.01745	0.77938	0.03954	0.01296	0.01603	0.01496	0.01175	0.01509	0.01067	0.01592	0.00811	0.00605	0.00593	0.00200	0.00777	0.00524	0.00272	0.00661
17	0.01232	0.01141	0.01838	0.11012	0.41462	0.02598	0.04579	0.01494	0.01264	0.01740	0.01712	0.23813	0.01754	0.00917	0.00639	0.00200	0.00624	0.00849	0.00369	0.00763
18	0.00770	0.00554	0.00721	0.00845	0.00898	0.00514	0.00584	0.00872	0.01156	0.01534	0.03290	0.69211	0.06934	0.01782	0.00753	0.00242	0.00366	0.07930	0.00546	0.00498
19	0.01383	0.01308	0.02200	0.21632	0.58293	0.01362	0.01728	0.01716	0.01294	0.01815	0.01111	0.01510	0.00918	0.00558	0.00589	0.00184	0.00715	0.00525	0.00294	0.00864
20	0.01476	0.01418	0.02335	0.07066	0.65778	0.03128	0.04911	0.03273	0.01362	0.01916	0.01128	0.01485	0.00942	0.00551	0.00591	0.00181	0.00719	0.00530	0.00306	0.00906
21	0.01045	0.00536	0.00783	0.00780	0.00785	0.00528	0.00520	0.00785	0.00780	0.01045	0.01044	0.01804	0.01040	0.02009	0.02243	0.82704	0.00514	0.00513	0.00266	0.00277
22	0.00862	0.00623	0.00802	0.00755	0.00894	0.00571	0.00563	0.01117	0.01647	0.02335	0.75480	0.04317	0.05408	0.01198	0.00695	0.00189	0.00289	0.01046	0.00644	0.00566
23	0.01646	0.01332	0.01411	0.01209	0.01565	0.01495	0.00953	0.23338	0.49828	0.02745	0.03578	0.02146	0.04456	0.00815	0.00605	0.00196	0.00511	0.00652	0.00593	0.00926
24	0.01484	0.01609	0.03339	0.06445	0.03108	0.01511	0.68734	0.01908	0.01430	0.01949	0.01300	0.01746	0.01007	0.00591	0.00732	0.00220	0.00994	0.00711	0.00341	0.00840
25	0.01338	0.01123	0.01290	0.00953	0.01464	0.00853	0.00744	0.01545	0.01281	0.02000	0.01170	0.01399	0.00993	0.00529	0.00492	0.00115	0.00477	0.00392	0.00391	0.81451
26	0.00861	0.00617	0.00780	0.00903	0.00951	0.00562	0.00601	0.00917	0.01192	0.01606	0.03254	0.77823	0.03857	0.01864	0.00791	0.00259	0.00388	0.01647	0.00578	0.00548
27	0.01059	0.00817	0.01009	0.01126	0.04843	0.00810	0.00766	0.01440	0.15485	0.01862	0.06178	0.49790	0.03354	0.01561	0.00757	0.00249	0.00442	0.07212	0.00580	0.00663
28	0.01678	0.12602	0.06395	0.02774	0.48642	0.09721	0.01605	0.05501	0.01473	0.01965	0.01181	0.01500	0.01002	0.00629	0.00597	0.00190	0.00762	0.00510	0.00344	0.00929
29	0.01145	0.00855	0.00997	0.00970	0.01152	0.00816	0.00698	0.08412	0.07959	0.02045	0.09596	0.43723	0.04507	0.01414	0.00711	0.00225	0.00428	0.01212	0.03711	0.09424
30	0.01433	0.01257	0.01916	0.51080	0.05127	0.01413	0.08088	0.13931	0.01532	0.02018	0.01481	0.01900	0.04685	0.00727	0.00651	0.00215	0.00778	0.00608	0.00380	0.00783
31	0.01334	0.10812	0.48320	0.01513	0.03640	0.01439	0.04897	0.11796	0.01423	0.02038	0.02514	0.01326	0.00898	0.00572	0.00529	0.00171	0.00750	0.00453	0.04748	0.00826
32	0.00676	0.00579	0.00579	0.00579	0.00773	0.00483	0.00435	0.00821	0.01304	0.01545	0.05794	0.05505	0.76098	0.01449	0.00676	0.00193	0.00290	0.01207	0.00531	0.00483
33	0.02099	0.02288	0.01637	0.01416	0.01748	0.55764	0.04663	0.08482	0.01683	0.09617	0.01129	0.01232	0.00868	0.00608	0.00530	0.00154	0.00902	0.00425	0.04033	0.00722
34	0.02252	0.06762	0.12259	0.01118	0.01620	0.01060	0.01044	0.05658	0.03050	0.56201	0.01943	0.01749	0.01258	0.00670	0.00556	0.00174	0.00552	0.00534	0.00601	0.00937
35	0.01080	0.01017	0.01716	0.78523	0.03940	0.01271	0.01589	0.01461	0.01144	0.01461	0.01017	0.01525	0.00762	0.00572	0.00572	0.00191	0.00762	0.00508	0.00254	0.00635
36	0.00855	0.00750	0.01318	0.01186	0.01351	0.00702	0.18327	0.01046	0.01157	0.01550	0.02671	0.60701	0.03079	0.01476	0.00717	0.00223	0.00485	0.01396	0.00473	0.00539
37	0.01494	0.73031	0.09897	0.01040	0.01562	0.02176	0.01085	0.01722	0.01166	0.01389	0.00817	0.00945	0.00733	0.00494	0.00383	0.00128	0.00633	0.00317	0.00244	0.00744
38	0.02566	0.00973	0.01327	0.01018	0.01460	0.00841	0.00841	0.02788	0.01637	0.76726	0.02257	0.01947	0.01416	0.00708	0.00575	0.00177	0.00487	0.00575	0.00708	0.00973
39	0.00793	0.00584	0.00741	0.00702	0.00844	0.00532	0.00526	0.01047	0.01579	0.02199	0.67114	0.04429	0.14371	0.01205	0.00675	0.00182	0.00272	0.01056	0.00617	0.00532
40	0.01997	0.01492	0.01862	0.01412	0.01864	0.01601	0.11486	0.55581	0.02341	0.06855	0.01413	0.01479	0.01012	0.00723	0.01987	0.00187	0.00669	0.00543	0.04582	0.00914
41	0.01164	0.06426	0.73617	0.01601	0.02430	0.01370	0.02062	0.01807	0.01206	0.01791	0.01016	0.01195	0.00725	0.00541	0.00536	0.00179	0.00835	0.00417	0.00242	0.00840
42	0.00780	0.00587	0.00723	0.00700	0.00850	0.00531	0.00532	0.01015	0.01518	0.02060	0.53143	0.04722	0.24373	0.01267	0.00681	0.00188	0.00289	0.04920	0.00598	0.00524
43	0.00714	0.00510	0.00682	0.00807	0.00850	0.00478	0.00552	0.00830	0.01130	0.01511	0.06378	0.72261	0.03828	0.01753	0.00731	0.00232	0.00340	0.05407	0.00535	0.00471
44	0.01159	0.01324	0.12289	0.01362	0.01569	0.01307	0.05947	0.06296	0.01132	0.01633	0.01427	0.13860	0.01453	0.04734	0.06091	0.00285	0.33361	0.03793	0.00337	0.00641
45	0.02100	0.01556	0.01674	0.01297	0.01738	0.01726	0.01068	0.69051	0.05832	0.03482	0.01420	0.01433	0.01021	0.00800	0.02913	0.00195	0.00649	0.00524	0.00565	0.00956
46	0.04868	0.16981	0.56087	0.01465	0.02180	0.01520	0.01794	0.01765	0.01172	0.01736	0.00960	0.01144	0.00723	0.00557	0.00572	0.00174	0.04851	0.00400	0.00248	0.00804
47	0.02174	0.01602	0.01717	0.01316	0.01774	0.01774	0.01087	0.74423	0.02689	0.03605	0.01373	0.01373	0.00973	0.00687	0.00572	0.00172	0.00629	0.00515	0.00572	0.00973
48	0.03637	0.01400	0.01516	0.01201	0.01601	0.01525	0.00977	0.57488	0.03827	0.06846	0.01820	0.08595	0.05289	0.00826	0.00588	0.00179	0.00570	0.00653	0.00569	0.00893
49	0.00987	0.00698	0.00873	0.00808	0.00985	0.00684	0.00618	0.01446	0.12136	0.05943	0.59663	0.03919	0.04616	0.01103	0.00660	0.00184	0.00314	0.03126	0.00624	0.00613
50	0.00778	0.00532	0.00640	0.00692	0.00706	0.00519	0.00420	0.00818	0.00936	0.01248	0.02338	0.33824	0.02756	0.48894	0.02045	0.00427	0.00466	0.01147	0.00420	0.00393
51	0.44680	0.02972	0.04507	0.00955	0.01337	0.12109	0.00804	0.03117	0.04470	0.10995	0.01293	0.01345	0.04048	0.00607	0.00443	0.00169	0.00549	0.00413	0.00400	0.04787
52	0.01566	0.01519	0.02916	0.02110	0.02645	0.01487	0.54813	0.15829	0.01610	0.05837	0.01243	0.01523	0.00912	0.00545	0.00679	0.00189	0.02761	0.00635	0.00363	0.00817
53	0.00700	0.00581	0.00615	0.00621	0.00800	0.00496	0.00469	0.00861	0.01328	0.01622	0.12332	0.07676	0.63888	0.01438	0.00683	0.00196	0.00300	0.04364	0.00540	0.00490
54	0.01212	0.02216	0.42171	0.15903	0.05891	0.05284	0.12132	0.01737	0.01229	0.01710	0.01060	0.01359	0.00792	0.00707	0.03986	0.00215	0.00880	0.00484	0.00258	0.00775
55	0.02087	0.02204	0.01626	0.01392	0.01746	0.44553	0.01081	0.27462	0.08427	0.02254	0.01181	0.01247	0.00907	0.00640	0.00541	0.00160	0.00841	0.00444	0.00416	0.00792
56	0.01047	0.00988	0.01478	0.01311	0.01375	0.01231	0.07427	0.01194	0.01002	0.01449	0.01708	0.31310	0.01925	0.01259	0.01331	0.00238	0.41841	0.00948	0.00361	0.00577
57	0.00697	0.00498	0.00664	0.00796	0.00830	0.00465	0.00531	0.00796	0.01095	0.01460	0.03153	0.79525	0.03783	0.01792	0.00730	0.00232	0.00332	0.01626	0.00531	0.00465
58	0.01330	0.01120	0.01546	0.31017	0.02407	0.02605	0.04383	0.15137	0.05115	0.02044	0.04930	0.01721	0.01190	0.00762	0.02195	0.00199	0.09363	0.00552	0.11688	0.00696
59	0.01351	0.01302	0.02163	0.11964	0.56280	0.01410	0.01658	0.01662	0.01218	0.01745	0.01019	0.01403	0.00865	0.00593	0.00770	0.00185	0.12800	0.00508	0.00275	0.00831
60	0.00707	0.00505	0.00675	0.00807	0.00845	0.00473	0.00548	0.00813	0.01105	0.01471	0.03147	0.76384	0.03762	0.01783	0.00733	0.00234	0.00340	0.04672	0.00531	0.00467
61	0.01186	0.01017	0.01186	0.00847	0.01356	0.00762	0.00678	0.01440	0.01186	0.01864	0.01017	0.01186	0.00847	0.00424	0.00424	0.00085	0.00424	0.00339	0.00339	0.83395
62	0.01529	0.80242	0.02997	0.00979	0.01468	0.02263	0.00979	0.01713	0.01162	0.01346	0.00795	0.00918	0.00734	0.00489	0.00367	0.00122	0.00612	0.00306	0.00245	0.00734
63	0.00700	0.00542	0.00638	0.00695	0.00808	0.00480	0.00490	0.00836	0.01239	0.01583	0.11876	0.39881	0.35026	0.01580	0.00701	0.00210	0.00307	0.01384	0.00541	0.00480
64	0.01147	0.02959	0.76934	0.01630	0.02476	0.01328	0.02113	0.01811	0.01208	0.01811	0.01026	0.01208	0.00725	0.00543	0.00543	0.00181	0.00845	0.00423	0.00242	0.00845
65	0.01080	0.01017	0.01716	0.78523	0.03940	0.01271	0.01589	0.01461	0.01144	0.01461	0.01017	0.01525	0.00762	0.00572	0.00572	0.00191	0.00762	0.00508	0.00254	0.00635
66	0.83938	0.01106	0.00841	0.00752	0.01106	0.01283	0.00619	0.01681	0.00973	0.02566	0.00796	0.00929	0.00619	0.00531	0.00354	0.00177	0.00442	0.00310	0.00354	0.00619
67	0.00704	0.00526	0.00655	0.00737	0.00819	0.00477	0.00509	0.00832	0.01200	0.01569	0.11556	0.54100	0.20943	0.01645	0.00711	0.00218	0.00315	0.01464	0.00542	0.00477
68	0.01115	0.00580	0.00585	0.00568	0.00715	0.00588	0.00430	0.04551	0.01265	0.02197	0.01844	0.02099	0.01444	0.00667	0.00407	0.00135	0.00283	0.00532	0.79441	0.00552
69	0.02174	0.01602	0.01717	0.01316	0.01774	0.01774	0.01087	0.74423	0.02689	0.03605	0.01373	0.01373	0.00973	0.00687	0.00572	0.00172	0.00629	0.00515	0.00572	0.00973
70	0.00681	0.00580	0.00586	0.00585	0.00776	0.00485	0.00439	0.00831	0.01316	0.01574	0.08462	0.05458	0.73412	0.01438	0.00676	0.00193	0.00289	0.01201	0.00535	0.00485
71	0.00818	0.00611	0.00908	0.00908	0.01006	0.00709	0.00701	0.01014	0.00916	0.01320	0.01542	0.02304	0.01455	0.07162	0.74793	0.00905	0.01495	0.00621	0.00308	0.00504
72	0.01251	0.01251	0.01752	0.01502	0.01502	0.01752	0.01251	0.01377	0.00876	0.01377	0.00751	0.01251	0.00751	0.01001	0.01877	0.00250	0.78851	0.00501	0.00250	0.00626
73	0.05832	0.01321	0.02160	0.07157	0.64843	0.01353	0.01644	0.01799	0.04907	0.01911	0.01119	0.01430	0.00924	0.00527	0.00556	0.00173	0.00660	0.00506	0.00300	0.00876
74	0.01416	0.01359	0.02322	0.03511	0.76330	0.01359	0.01755	0.01755	0.01302	0.01869	0.01076	0.01416	0.00906	0.00510	0.00566	0.00170	0.00680	0.00510	0.00283	0.00906

[dist]
# distance from previous block
# <min> <max>
0	6

[block]
# block no. 3 follows, 41 sequences, length 12
# corresponding to MSA columns:
# 704-715
name=unknown_D
#
# <colnr> <probs for GDERKNQSTAVLIFYWHMCP>
#	G	D	E	R	K	N	Q	S	T	A	V	L	I	F	Y	W	H	M	C	P
0	0.01059	0.02514	0.62676	0.01434	0.02158	0.01170	0.01800	0.01626	0.01226	0.01762	0.01917	0.02010	0.14800	0.00712	0.00568	0.00183	0.00742	0.00569	0.00296	0.00778
1	0.00832	0.00555	0.00624	0.00624	0.00624	0.00555	0.00347	0.00832	0.00832	0.01109	0.01802	0.03743	0.02080	0.79898	0.02911	0.00555	0.00555	0.00832	0.00347	0.00347
2	0.00829	0.00566	0.00684	0.00684	0.00705	0.00587	0.00422	0.00870	0.00850	0.01154	0.01747	0.03438	0.01947	0.64473	0.18155	0.00629	0.00754	0.00787	0.00338	0.00380
3	0.00727	0.00516	0.00658	0.00752	0.00790	0.00486	0.00493	0.00819	0.01082	0.01442	0.06900	0.58540	0.06292	0.16332	0.01132	0.00288	0.00369	0.01430	0.00502	0.00447
4	0.00680	0.00564	0.00595	0.00620	0.00783	0.00479	0.00453	0.00816	0.01265	0.01529	0.05301	0.19328	0.62594	0.01513	0.00686	0.00200	0.00298	0.01285	0.00531	0.00479
5	0.01032	0.00700	0.00863	0.00775	0.00958	0.00673	0.00595	0.08498	0.01689	0.05604	0.58050	0.03806	0.07487	0.01083	0.00644	0.00177	0.00316	0.00940	0.05511	0.00599
6	0.01852	0.01343	0.01885	0.05525	0.33392	0.01390	0.01340	0.24598	0.04380	0.16389	0.01430	0.01532	0.01045	0.00614	0.00571	0.00174	0.00624	0.00528	0.00462	0.00928
7	0.05538	0.01349	0.01368	0.01176	0.01533	0.05672	0.00929	0.15472	0.48408	0.09164	0.02002	0.01866	0.01472	0.00732	0.00565	0.00185	0.00519	0.00586	0.00565	0.00896
8	0.00722	0.00508	0.00656	0.00764	0.00791	0.00481	0.00497	0.00803	0.01046	0.01395	0.02900	0.65373	0.03465	0.16378	0.01137	0.00292	0.00373	0.01478	0.00497	0.00443
9	0.01355	0.01062	0.01542	0.01244	0.01535	0.01138	0.14501	0.21173	0.01539	0.02215	0.01462	0.01817	0.01183	0.01699	0.22904	0.00387	0.03780	0.00577	0.18195	0.00694
10	0.01244	0.01272	0.01836	0.37548	0.02762	0.07184	0.06379	0.01515	0.01089	0.01449	0.00913	0.01383	0.00763	0.00734	0.01083	0.00211	0.31226	0.00506	0.00258	0.00643
11	0.00695	0.00504	0.00657	0.00780	0.00825	0.00466	0.00524	0.00798	0.01111	0.01467	0.03350	0.73984	0.09197	0.01766	0.00726	0.00229	0.00329	0.01595	0.00531	0.00466

[dist]
# distance from previous block
# <min> <max>
0	1

[block]
# block no. 4 follows, 41 sequences, length 70
# corresponding to MSA columns:
# 717-786
name=unknown_E
#
# <colnr> <probs for GDERKNQSTAVLIFYWHMCP>
#	G	D	E	R	K	N	Q	S	T	A	V	L	I	F	Y	W	H	M	C	P
0	0.14934	0.04127	0.06695	0.02473	0.42797	0.04812	0.04177	0.06414	0.01339	0.02038	0.01116	0.03133	0.00948	0.00578	0.00534	0.00173	0.00662	0.01909	0.00320	0.00821
1	0.01718	0.01295	0.01352	0.01136	0.01459	0.06194	0.00896	0.38599	0.07734	0.07387	0.05360	0.18069	0.04335	0.00967	0.00611	0.00186	0.00543	0.00799	0.00556	0.00805
2	0.01320	0.02848	0.63997	0.01593	0.02354	0.09673	0.01939	0.06425	0.01346	0.01879	0.01033	0.01199	0.00741	0.00557	0.00542	0.00177	0.00852	0.00423	0.00268	0.00833
3	0.00804	0.00611	0.00680	0.00730	0.00791	0.02845	0.00485	0.00884	0.01056	0.01351	0.02975	0.30712	0.14731	0.32323	0.01574	0.00352	0.00446	0.05767	0.00451	0.00431
4	0.01368	0.01643	0.07881	0.02298	0.05765	0.03734	0.59888	0.01917	0.05993	0.01854	0.01211	0.01538	0.00911	0.00509	0.00652	0.00190	0.00915	0.00641	0.00305	0.00787
5	0.02291	0.00979	0.01290	0.01025	0.01434	0.00884	0.00840	0.04045	0.07561	0.61221	0.02266	0.04470	0.01571	0.00776	0.00585	0.00181	0.00482	0.03818	0.00670	0.03613
6	0.00695	0.00506	0.00656	0.00776	0.00824	0.00466	0.00522	0.00799	0.01115	0.01468	0.03405	0.72439	0.10706	0.01759	0.00725	0.00229	0.00328	0.01586	0.00531	0.00466
7	0.00745	0.00586	0.00681	0.00718	0.00862	0.00529	0.00539	0.00946	0.03121	0.01665	0.14153	0.22755	0.39477	0.01490	0.00699	0.00209	0.00328	0.09449	0.00545	0.00502
8	0.01186	0.01017	0.01186	0.00847	0.01356	0.00762	0.00678	0.01440	0.01186	0.01864	0.01017	0.01186	0.00847	0.00424	0.00424	0.00085	0.00424	0.00339	0.00339	0.83395
9	0.02478	0.00954	0.01299	0.01003	0.01430	0.00826	0.00826	0.02702	0.01636	0.73003	0.05946	0.02063	0.01615	0.00731	0.00580	0.00177	0.00476	0.00598	0.00704	0.00952
10	0.00867	0.00607	0.00733	0.00698	0.00867	0.00542	0.00530	0.01082	0.01471	0.06200	0.41334	0.04660	0.30190	0.03638	0.00742	0.00199	0.00309	0.04205	0.00586	0.00538
11	0.01763	0.02035	0.02095	0.08370	0.07015	0.37746	0.18083	0.07581	0.01530	0.01704	0.01000	0.01257	0.00799	0.00593	0.00655	0.00172	0.06092	0.00480	0.00308	0.00723
12	0.02127	0.01579	0.01690	0.01307	0.01756	0.01752	0.01076	0.69938	0.07251	0.03529	0.01433	0.01421	0.01021	0.00692	0.00573	0.00173	0.00618	0.00523	0.00573	0.00969
13	0.01331	0.01422	0.02429	0.02009	0.07701	0.04069	0.30018	0.01614	0.01119	0.01594	0.00939	0.01371	0.00808	0.00747	0.01261	0.00218	0.39808	0.00566	0.00270	0.00705
14	0.00817	0.00588	0.00723	0.00697	0.00848	0.00527	0.00519	0.01037	0.01489	0.04267	0.48510	0.10950	0.24346	0.01284	0.00677	0.00188	0.00287	0.01118	0.00597	0.00531
15	0.01455	0.01486	0.04922	0.12957	0.14879	0.01467	0.35761	0.14122	0.01526	0.02077	0.01147	0.01473	0.00870	0.00549	0.00651	0.00186	0.02751	0.00585	0.00329	0.00808
16	0.02199	0.01563	0.01692	0.01297	0.01754	0.01715	0.01072	0.69922	0.02623	0.08199	0.01429	0.01409	0.01001	0.00688	0.00572	0.00172	0.00620	0.00519	0.00581	0.00973
17	0.01616	0.33274	0.10029	0.01152	0.02724	0.05835	0.02497	0.09853	0.01440	0.09620	0.04392	0.01318	0.01057	0.00566	0.00469	0.00140	0.00615	0.00420	0.00363	0.12620
18	0.00708	0.00498	0.00667	0.00795	0.00827	0.00466	0.00530	0.00795	0.01082	0.01443	0.03073	0.76664	0.03681	0.01799	0.00785	0.03289	0.00338	0.01585	0.00521	0.00457
19	0.00697	0.00498	0.00664	0.00796	0.00830	0.00465	0.00531	0.00796	0.01095	0.01460	0.03153	0.79525	0.03783	0.01792	0.00730	0.00232	0.00332	0.01626	0.00531	0.00465
20	0.01206	0.01237	0.02372	0.44703	0.09269	0.01342	0.28272	0.01621	0.01232	0.01629	0.01073	0.01523	0.00812	0.00534	0.00609	0.00190	0.00830	0.00570	0.00269	0.00707
21	0.04972	0.01293	0.01488	0.01555	0.14462	0.03937	0.01049	0.08528	0.43770	0.07805	0.03732	0.01899	0.01522	0.00711	0.00569	0.00184	0.00524	0.00593	0.00521	0.00887
22	0.00960	0.00726	0.00775	0.02459	0.00931	0.05406	0.00546	0.02445	0.01229	0.04135	0.14041	0.24060	0.12291	0.20147	0.01189	0.00280	0.00430	0.01053	0.06400	0.00498
23	0.00749	0.00556	0.00639	0.00681	0.00799	0.00493	0.00475	0.00867	0.01193	0.03342	0.05847	0.33568	0.37842	0.09154	0.00911	0.00242	0.00336	0.01312	0.00520	0.00476
24	0.00864	0.00564	0.00741	0.00824	0.00899	0.00530	0.00568	0.03117	0.01192	0.06390	0.05146	0.70043	0.03594	0.01671	0.00714	0.00225	0.00349	0.01508	0.00546	0.00515
25	0.01221	0.17795	0.62740	0.01505	0.02282	0.01508	0.01896	0.01792	0.01199	0.01722	0.00982	0.01152	0.00726	0.00533	0.00510	0.00170	0.00800	0.00400	0.00242	0.00824
26	0.00892	0.00726	0.00757	0.00720	0.00945	0.00691	0.00549	0.01351	0.16751	0.03923	0.07833	0.04649	0.55560	0.01276	0.00653	0.00192	0.00329	0.01065	0.00551	0.00587
27	0.01248	0.01053	0.01219	0.00877	0.01382	0.00826	0.00703	0.06026	0.01281	0.01973	0.01039	0.01198	0.00855	0.00440	0.00433	0.00090	0.00437	0.00350	0.00354	0.78216
28	0.04318	0.20150	0.46067	0.01571	0.02276	0.01556	0.12923	0.01788	0.01211	0.01737	0.00986	0.01183	0.00745	0.00521	0.00517	0.00169	0.00796	0.00431	0.00254	0.00800
29	0.00740	0.00554	0.00800	0.00884	0.00947	0.00520	0.03798	0.00867	0.01121	0.01493	0.03057	0.71395	0.03623	0.01721	0.00732	0.00233	0.00372	0.06142	0.00520	0.00482
30	0.00697	0.00498	0.00664	0.00796	0.00830	0.00465	0.00531	0.00796	0.01095	0.01460	0.03153	0.79525	0.03783	0.01792	0.00730	0.00232	0.00332	0.01626	0.00531	0.00465
31	0.04407	0.06785	0.06544	0.04190	0.05116	0.06244	0.01129	0.41894	0.03732	0.08696	0.01525	0.01550	0.04261	0.00679	0.00552	0.00170	0.00638	0.00518	0.00490	0.00881
32	0.01191	0.01021	0.01188	0.00853	0.01358	0.00775	0.00682	0.01472	0.02640	0.01874	0.01042	0.01205	0.00865	0.00431	0.00427	0.00087	0.00424	0.00345	0.00344	0.81776
33	0.01156	0.00664	0.00883	0.00799	0.00993	0.00605	0.00622	0.01416	0.01603	0.16625	0.57091	0.03964	0.04493	0.01107	0.00663	0.00185	0.00328	0.05542	0.00638	0.00623
34	0.01215	0.02288	0.46007	0.01852	0.09426	0.01439	0.08279	0.01708	0.01154	0.01719	0.00980	0.01267	0.00761	0.00639	0.00862	0.00197	0.18689	0.00471	0.00252	0.00794
35	0.07870	0.01278	0.01692	0.10757	0.11277	0.04962	0.01253	0.04703	0.01096	0.01659	0.00896	0.01305	0.00796	0.00904	0.03727	0.00235	0.41094	0.00480	0.00284	0.03734
36	0.00839	0.00622	0.00867	0.00856	0.00924	0.00710	0.00629	0.00980	0.00892	0.01265	0.01579	0.02646	0.01593	0.26393	0.52536	0.00784	0.04427	0.00673	0.00316	0.00467
37	0.00709	0.00505	0.00669	0.00786	0.00824	0.00473	0.00525	0.00817	0.01121	0.01504	0.07991	0.71958	0.03835	0.04352	0.00799	0.00240	0.00335	0.01560	0.00531	0.00466
38	0.01512	0.01492	0.02205	0.07571	0.58286	0.08827	0.03429	0.06357	0.01412	0.01907	0.01074	0.01385	0.00884	0.00532	0.00565	0.00170	0.00723	0.00500	0.00301	0.00867
39	0.00723	0.00580	0.00645	0.00632	0.00802	0.00502	0.00473	0.00910	0.01410	0.01804	0.30206	0.06392	0.50191	0.01357	0.00676	0.00189	0.00284	0.01154	0.00565	0.00502
40	0.00696	0.00501	0.00660	0.00787	0.00827	0.00465	0.00527	0.00798	0.01104	0.01464	0.03271	0.76216	0.07016	0.01777	0.00728	0.00231	0.00330	0.01607	0.00531	0.00465
41	0.02113	0.05879	0.01681	0.01448	0.01756	0.71975	0.01099	0.04663	0.01638	0.01471	0.00897	0.01038	0.00745	0.00589	0.00512	0.00147	0.01001	0.00371	0.00302	0.00676
42	0.03537	0.02905	0.74738	0.01605	0.02436	0.01327	0.02070	0.01808	0.01201	0.01833	0.01020	0.01200	0.00722	0.00543	0.00538	0.00181	0.00834	0.00419	0.00245	0.00839
43	0.01404	0.01639	0.09835	0.05405	0.14944	0.04820	0.36103	0.06445	0.01382	0.01892	0.01096	0.01419	0.00849	0.00541	0.00681	0.00182	0.05281	0.00564	0.00301	0.05216
44	0.02566	0.00973	0.01327	0.01018	0.01460	0.00841	0.00841	0.02788	0.01637	0.76726	0.02257	0.01947	0.01416	0.00708	0.00575	0.00177	0.00487	0.00575	0.00708	0.00973
45	0.02566	0.00973	0.01327	0.01018	0.01460	0.00841	0.00841	0.02788	0.01637	0.76726	0.02257	0.01947	0.01416	0.00708	0.00575	0.00177	0.00487	0.00575	0.00708	0.00973
46	0.01436	0.01365	0.02304	0.08348	0.71186	0.01375	0.01756	0.01764	0.01318	0.01881	0.01115	0.01481	0.00937	0.00543	0.00585	0.00179	0.00698	0.00523	0.00296	0.00909
47	0.01377	0.01039	0.01135	0.00994	0.01285	0.01092	0.00775	0.13799	0.28360	0.07020	0.16053	0.03206	0.19388	0.01009	0.00636	0.00194	0.00429	0.00831	0.00598	0.00779
48	0.83411	0.01136	0.00872	0.00783	0.01139	0.01305	0.00639	0.01709	0.01002	0.02600	0.00841	0.00991	0.00662	0.00560	0.00374	0.00185	0.00458	0.00325	0.00369	0.00642
49	0.01743	0.57606	0.02621	0.01149	0.01584	0.23776	0.01032	0.01904	0.01320	0.01403	0.00865	0.01012	0.00777	0.00547	0.00429	0.00138	0.00745	0.00339	0.00274	0.00735
50	0.01457	0.01387	0.02343	0.03522	0.75843	0.01380	0.01767	0.01783	0.01328	0.01907	0.01119	0.01474	0.00947	0.00539	0.00585	0.00178	0.00693	0.00523	0.00298	0.00927
51	0.01464	0.01262	0.01363	0.01286	0.04518	0.01441	0.00957	0.03007	0.71846	0.02406	0.02312	0.02159	0.01747	0.00793	0.00600	0.00201	0.00477	0.00654	0.00583	0.00926
52	0.01223	0.02720	0.63608	0.01761	0.02539	0.01380	0.12282	0.01827	0.01244	0.01839	0.01079	0.01316	0.00788	0.00579	0.00624	0.00193	0.03411	0.00475	0.00264	0.00849
53	0.00753	0.00539	0.00708	0.00838	0.00880	0.00501	0.00568	0.00848	0.01133	0.01513	0.03176	0.75747	0.03782	0.01803	0.00750	0.00241	0.00356	0.04830	0.00544	0.00491
54	0.00877	0.00588	0.00657	0.00655	0.00660	0.00581	0.00368	0.00866	0.00861	0.01153	0.01840	0.03786	0.02112	0.79380	0.02913	0.00560	0.00569	0.00843	0.00361	0.00371
55	0.01620	0.01416	0.02160	0.02826	0.51752	0.03270	0.04832	0.13684	0.01594	0.05543	0.04602	0.01616	0.01177	0.00607	0.00594	0.00179	0.00679	0.00555	0.00381	0.00912
56	0.01570	0.79726	0.03014	0.01008	0.01498	0.02278	0.00995	0.01741	0.01189	0.01388	0.00840	0.00979	0.00776	0.00519	0.00387	0.00131	0.00626	0.00321	0.00260	0.00756
57	0.00770	0.00563	0.00758	0.00926	0.03641	0.00525	0.00596	0.00866	0.01130	0.01516	0.03105	0.76172	0.03698	0.01765	0.00741	0.00238	0.00360	0.01591	0.00535	0.00504
58	0.04956	0.01502	0.01696	0.01348	0.01773	0.01656	0.05632	0.46772	0.22842	0.03143	0.01646	0.01639	0.01209	0.00721	0.00592	0.00187	0.00608	0.00568	0.00562	0.00948
59	0.12989	0.60090	0.03977	0.01035	0.01487	0.06874	0.00983	0.01764	0.01184	0.01569	0.00849	0.01004	0.00761	0.00547	0.00442	0.00145	0.02954	0.00333	0.00278	0.00734
60	0.00877	0.00588	0.00657	0.00655	0.00660	0.00581	0.00368	0.00866	0.00861	0.01153	0.01840	0.03786	0.02112	0.79380	0.02913	0.00560	0.00569	0.00843	0.00361	0.00371
61	0.01229	0.01047	0.01215	0.00877	0.01386	0.00788	0.00697	0.01470	0.01213	0.01902	0.01060	0.01246	0.00888	0.00453	0.00443	0.00093	0.00439	0.00354	0.00354	0.82846
62	0.01018	0.00723	0.00949	0.01055	0.05853	0.00697	0.00717	0.06885	0.01393	0.04875	0.14873	0.44505	0.05307	0.01471	0.00712	0.00222	0.00405	0.07190	0.00555	0.00595
63	0.00726	0.00599	0.00627	0.00647	0.00817	0.00507	0.00471	0.00851	0.01296	0.01572	0.05373	0.17625	0.63809	0.01527	0.00702	0.00207	0.00313	0.01284	0.00544	0.00503
64	0.01444	0.01355	0.02259	0.19154	0.40670	0.01430	0.10578	0.08808	0.01417	0.01963	0.01131	0.01502	0.00911	0.00588	0.00658	0.00189	0.04236	0.00544	0.00319	0.00846
65	0.01542	0.04622	0.13434	0.02747	0.48545	0.01407	0.03030	0.06466	0.03883	0.06820	0.01239	0.01482	0.00977	0.00575	0.00577	0.00180	0.00697	0.00515	0.00346	0.00917
66	0.01151	0.01068	0.01743	0.71999	0.06280	0.01303	0.01576	0.01572	0.04523	0.01558	0.01121	0.01607	0.00853	0.00608	0.00590	0.00198	0.00759	0.00528	0.00285	0.00679
67	0.01396	0.01317	0.02214	0.12822	0.63915	0.01343	0.01714	0.01724	0.01309	0.01850	0.01186	0.01680	0.01020	0.00587	0.00594	0.00184	0.00697	0.03266	0.00304	0.00878
68	0.01520	0.40625	0.23642	0.01233	0.01777	0.07506	0.01297	0.04566	0.01310	0.04639	0.01145	0.06186	0.01006	0.00642	0.00487	0.00160	0.00701	0.00463	0.00312	0.00783
69	0.01217	0.02729	0.64590	0.01722	0.02521	0.01344	0.10960	0.01827	0.01251	0.01855	0.01085	0.01308	0.00789	0.00560	0.00574	0.00187	0.00857	0.00465	0.00266	0.03893

[dist]
# distance from previous block
# <min> <max>
0	1

[block]
# block no. 5 follows, 41 sequences, length 128
# corresponding to MSA columns:
# 788-915
name=unknown_F
#
# <colnr> <probs for GDERKNQSTAVLIFYWHMCP>
#	G	D	E	R	K	N	Q	S	T	A	V	L	I	F	Y	W	H	M	C	P
0	0.01402	0.01667	0.08073	0.02306	0.02874	0.03159	0.63995	0.01847	0.01382	0.01874	0.01299	0.04791	0.01047	0.00594	0.00696	0.00206	0.00953	0.00713	0.00323	0.00799
1	0.13421	0.09766	0.35566	0.01357	0.01964	0.01472	0.01471	0.13566	0.04193	0.07565	0.01295	0.01509	0.00984	0.00660	0.00547	0.00190	0.00703	0.02517	0.00392	0.00862
2	0.00958	0.00662	0.00844	0.00797	0.00952	0.00603	0.00602	0.01197	0.01634	0.05122	0.65752	0.04417	0.07963	0.01228	0.00708	0.00199	0.00321	0.04802	0.00646	0.00594
3	0.01152	0.00929	0.01050	0.01052	0.02896	0.00977	0.00756	0.05317	0.30328	0.02050	0.05553	0.31384	0.11550	0.01285	0.00683	0.00220	0.00422	0.01104	0.00574	0.00718
4	0.01623	0.29445	0.04022	0.04015	0.03080	0.07472	0.01028	0.08657	0.01419	0.09820	0.03746	0.10702	0.01441	0.00953	0.03494	0.00209	0.07098	0.00607	0.00406	0.00763
5	0.01458	0.06930	0.17679	0.05322	0.39536	0.01479	0.11581	0.05280	0.01387	0.01954	0.01147	0.01463	0.00923	0.00574	0.00596	0.00187	0.00772	0.00525	0.00312	0.00894
6	0.00764	0.00630	0.00652	0.00661	0.00842	0.00531	0.00483	0.00886	0.01339	0.01630	0.07568	0.12691	0.66223	0.01514	0.00712	0.00210	0.00322	0.01259	0.00558	0.00524
7	0.01354	0.01531	0.06687	0.16208	0.02954	0.03586	0.46226	0.01762	0.01336	0.01792	0.01297	0.01919	0.01064	0.00651	0.00735	0.00211	0.04258	0.05345	0.00321	0.00763
8	0.01256	0.11428	0.09582	0.02467	0.01397	0.01033	0.00938	0.01616	0.08421	0.09839	0.05016	0.08991	0.19877	0.01145	0.00656	0.00210	0.00514	0.14404	0.00506	0.00702
9	0.01322	0.01296	0.01796	0.03525	0.01617	0.01773	0.01286	0.01432	0.00934	0.01453	0.00838	0.01364	0.00825	0.01036	0.01860	0.00262	0.75912	0.00525	0.00277	0.00666
10	0.00885	0.00700	0.01012	0.22236	0.01746	0.00735	0.00857	0.01040	0.01157	0.01533	0.02616	0.57211	0.02989	0.01492	0.00717	0.00234	0.00478	0.01329	0.00478	0.00553
11	0.05723	0.01436	0.02803	0.09989	0.12519	0.01390	0.48080	0.01774	0.01335	0.01893	0.01267	0.04766	0.01040	0.00601	0.00661	0.00202	0.00862	0.00671	0.00326	0.02663
12	0.01275	0.17230	0.57729	0.01498	0.02231	0.01493	0.01824	0.01797	0.01271	0.01822	0.05560	0.01444	0.01081	0.00622	0.00551	0.00184	0.00789	0.00463	0.00293	0.00843
13	0.00784	0.00636	0.00672	0.00664	0.00845	0.00542	0.00488	0.00922	0.01384	0.01724	0.16910	0.06945	0.60424	0.03467	0.00765	0.00215	0.00323	0.01195	0.00566	0.00530
14	0.01158	0.01070	0.01761	0.77626	0.03962	0.01310	0.01611	0.01514	0.01192	0.01534	0.01094	0.01627	0.00836	0.00623	0.00604	0.00204	0.00785	0.00533	0.00281	0.00675
15	0.01442	0.01281	0.01972	0.14836	0.44230	0.01295	0.01514	0.01751	0.05810	0.01955	0.01735	0.15911	0.01660	0.00915	0.00690	0.00226	0.00684	0.00789	0.00417	0.00887
16	0.01034	0.00796	0.00937	0.00889	0.01096	0.00687	0.03607	0.01150	0.01472	0.04430	0.14720	0.12221	0.48417	0.01499	0.00771	0.00237	0.00417	0.04376	0.00608	0.00638
17	0.00930	0.00672	0.00825	0.00936	0.00999	0.00605	0.00625	0.00970	0.01246	0.01673	0.03454	0.72699	0.08184	0.01874	0.00813	0.00268	0.00409	0.01631	0.00598	0.00585
18	0.01605	0.01478	0.02394	0.08069	0.69528	0.01462	0.01803	0.01877	0.01425	0.02038	0.01289	0.01718	0.01103	0.00661	0.00659	0.00211	0.00752	0.00579	0.00357	0.00993
19	0.02138	0.03821	0.01599	0.01419	0.01724	0.50948	0.01060	0.02321	0.06099	0.09643	0.01699	0.05484	0.04584	0.00854	0.00630	0.00199	0.00892	0.00583	0.03500	0.00802
20	0.01456	0.01200	0.01363	0.01023	0.01533	0.00945	0.00795	0.05486	0.01402	0.02151	0.01255	0.01500	0.01061	0.00588	0.00529	0.00132	0.00511	0.00423	0.00425	0.76222
21	0.02393	0.01558	0.01721	0.01360	0.01803	0.01619	0.01087	0.53700	0.02475	0.19587	0.01788	0.01883	0.01313	0.03750	0.00751	0.00227	0.00665	0.00609	0.00659	0.01051
22	0.01965	0.00938	0.01202	0.01058	0.01349	0.00818	0.00800	0.02087	0.01589	0.42901	0.10490	0.25370	0.04169	0.01230	0.00725	0.00234	0.00489	0.01012	0.00705	0.00870
23	0.04666	0.20535	0.08782	0.03440	0.02527	0.01754	0.38656	0.05733	0.01463	0.02009	0.01259	0.01619	0.01023	0.00666	0.00695	0.00214	0.03118	0.00601	0.00366	0.00875
24	0.01047	0.00779	0.01077	0.01067	0.01188	0.00845	0.00809	0.01186	0.01064	0.01540	0.01733	0.02514	0.01617	0.04305	0.75036	0.00933	0.01570	0.00678	0.00382	0.00628
25	0.01183	0.00912	0.01077	0.01044	0.03320	0.00887	0.00748	0.01671	0.17535	0.02448	0.52558	0.03982	0.07659	0.01203	0.00740	0.00223	0.00404	0.00995	0.00669	0.00742
26	0.01671	0.01393	0.01460	0.01312	0.01653	0.01547	0.01002	0.06891	0.69027	0.02632	0.02451	0.02365	0.01882	0.00909	0.00673	0.00232	0.00538	0.00704	0.00647	0.01012
27	0.01040	0.00751	0.00928	0.00875	0.01027	0.00676	0.00640	0.01242	0.01740	0.02472	0.73632	0.04469	0.05446	0.01294	0.00763	0.00220	0.00352	0.01085	0.00694	0.00656
28	0.02244	0.01650	0.01774	0.01415	0.01847	0.01774	0.01132	0.66057	0.02634	0.03557	0.01639	0.03953	0.01280	0.01049	0.04725	0.00253	0.00738	0.00621	0.00623	0.01035
29	0.81270	0.01255	0.01001	0.00906	0.01270	0.01394	0.00717	0.01823	0.01117	0.02736	0.01023	0.01242	0.00835	0.00678	0.00454	0.00217	0.00519	0.00386	0.00428	0.00733
30	0.01523	0.01614	0.03284	0.02410	0.02958	0.01493	0.67360	0.01906	0.01465	0.02005	0.01491	0.06512	0.01250	0.00709	0.00767	0.00235	0.00984	0.00795	0.00380	0.00861
31	0.01379	0.02950	0.69619	0.01805	0.02625	0.01445	0.06888	0.01950	0.01352	0.02008	0.01254	0.01532	0.00946	0.00686	0.00645	0.00222	0.00915	0.00511	0.00322	0.00946
32	0.00964	0.00653	0.00727	0.00721	0.00736	0.00636	0.00416	0.00935	0.00919	0.01241	0.01907	0.03835	0.02161	0.76784	0.04500	0.00578	0.00617	0.00861	0.00388	0.00421
33	0.00968	0.00714	0.00988	0.01071	0.01185	0.00677	0.03498	0.01127	0.01295	0.01719	0.03101	0.38989	0.03493	0.01698	0.00808	0.00268	0.00498	0.36771	0.00559	0.00575
34	0.00820	0.00676	0.00689	0.00681	0.00879	0.00566	0.00501	0.00936	0.01399	0.01710	0.10234	0.05516	0.70265	0.01497	0.00727	0.00215	0.00335	0.01222	0.00576	0.00555
35	0.01273	0.03007	0.75496	0.01701	0.02542	0.01391	0.02139	0.01890	0.01285	0.01924	0.01153	0.01382	0.00847	0.00628	0.00597	0.00204	0.00881	0.00464	0.00286	0.00906
36	0.00891	0.00680	0.00787	0.00759	0.00928	0.00598	0.00563	0.01071	0.01556	0.02085	0.45050	0.04922	0.33749	0.01361	0.00729	0.00210	0.00330	0.02522	0.00625	0.00584
37	0.01536	0.01440	0.02384	0.03544	0.74911	0.01421	0.01789	0.01836	0.01378	0.01980	0.01201	0.01586	0.01025	0.00595	0.00620	0.00193	0.00719	0.00550	0.00327	0.00966
38	0.02243	0.02779	0.01698	0.01548	0.01849	0.76130	0.01151	0.02353	0.01690	0.01521	0.01013	0.01210	0.00859	0.00673	0.00570	0.00171	0.01064	0.00411	0.00338	0.00728
39	0.02280	0.01678	0.01791	0.01394	0.01855	0.01828	0.01134	0.73041	0.02737	0.03682	0.01492	0.01545	0.01090	0.00768	0.00625	0.00195	0.00670	0.00555	0.00610	0.01031
40	0.01891	0.00955	0.01273	0.01187	0.04680	0.00887	0.00891	0.03993	0.01536	0.39250	0.05197	0.18768	0.02334	0.01143	0.00744	0.00225	0.03702	0.09869	0.00640	0.00837
41	0.05723	0.00984	0.01113	0.00982	0.01230	0.00989	0.00752	0.18274	0.05441	0.05891	0.35923	0.10202	0.07751	0.01129	0.00681	0.00207	0.00435	0.00930	0.00625	0.00738
42	0.02263	0.01587	0.01719	0.01343	0.01786	0.01705	0.01086	0.64371	0.02581	0.09673	0.01582	0.01680	0.01168	0.03687	0.00712	0.00209	0.00655	0.00571	0.00613	0.01008
43	0.01314	0.00859	0.00893	0.00805	0.01027	0.00851	0.00614	0.16032	0.01624	0.02409	0.06686	0.03027	0.18916	0.00959	0.00569	0.00181	0.00393	0.00751	0.41410	0.00678
44	0.00871	0.00678	0.00759	0.00734	0.00910	0.00588	0.00541	0.01035	0.01520	0.01996	0.37060	0.05045	0.43261	0.01391	0.00726	0.00210	0.00328	0.01156	0.00614	0.00576
45	0.01311	0.01104	0.01272	0.00934	0.01445	0.00837	0.00733	0.01527	0.01264	0.01976	0.01143	0.01361	0.00967	0.00510	0.00480	0.00110	0.00468	0.00382	0.00382	0.81795
46	0.01837	0.01280	0.01464	0.05833	0.01744	0.01317	0.00979	0.14884	0.30957	0.17064	0.01965	0.01937	0.01450	0.00759	0.00606	0.00192	0.00547	0.00590	0.00585	0.14009
47	0.01650	0.70939	0.07426	0.01122	0.01628	0.05323	0.01101	0.01823	0.01262	0.01498	0.00944	0.01120	0.00856	0.00582	0.00441	0.00151	0.00683	0.00359	0.00291	0.00801
48	0.01123	0.00595	0.00840	0.00834	0.00847	0.00576	0.00555	0.00846	0.00832	0.01123	0.01120	0.01903	0.01110	0.02042	0.02255	0.81708	0.00540	0.00537	0.00293	0.00321
49	0.00958	0.00688	0.00842	0.00794	0.00954	0.00616	0.00587	0.01169	0.01641	0.03794	0.62489	0.04526	0.16075	0.01274	0.00724	0.00205	0.00325	0.01081	0.00653	0.00607
50	0.01514	0.01411	0.02312	0.03280	0.65207	0.01399	0.04380	0.01883	0.05275	0.02000	0.01350	0.01834	0.01165	0.00651	0.00633	0.00199	0.00711	0.03497	0.00353	0.00945
51	0.00893	0.00679	0.00789	0.00757	0.00923	0.00597	0.00558	0.01077	0.01571	0.02117	0.48421	0.04846	0.31824	0.01345	0.00726	0.00208	0.00325	0.01128	0.00630	0.00586
52	0.49252	0.01443	0.01284	0.01077	0.01471	0.04898	0.00866	0.28062	0.01704	0.02987	0.01139	0.01274	0.00877	0.00674	0.00497	0.00197	0.00580	0.00430	0.00473	0.00814
53	0.02280	0.01678	0.01791	0.01394	0.01855	0.01828	0.01134	0.73041	0.02737	0.03682	0.01492	0.01545	0.01090	0.00768	0.00625	0.00195	0.00670	0.00555	0.00610	0.01031
54	0.01423	0.01229	0.01293	0.01164	0.01487	0.01423	0.00905	0.03039	0.75297	0.02393	0.02328	0.02134	0.01746	0.00776	0.00582	0.00194	0.00453	0.00647	0.00582	0.00905
55	0.01416	0.01359	0.02322	0.03511	0.76330	0.01359	0.01755	0.01755	0.01302	0.01869	0.01076	0.01416	0.00906	0.00510	0.00566	0.00170	0.00680	0.00510	0.00283	0.00906
56	0.02411	0.00957	0.01289	0.01003	0.01421	0.00841	0.00823	0.02684	0.04195	0.69264	0.07096	0.02106	0.01688	0.00741	0.00582	0.00178	0.00471	0.00608	0.00698	0.00943
57	0.00811	0.00583	0.00755	0.00713	0.00839	0.00541	0.00527	0.01063	0.01567	0.02216	0.71162	0.04238	0.05180	0.06331	0.00821	0.00204	0.00289	0.01021	0.00611	0.00527
