[name]
unknown

[dist]
# distance from previous block
# <min> <max>
36	462

[block]
# block no. 0 follows, 41 sequences, length 12
# corresponding to MSA columns:
# 554-565
name=unknown_A
#
# <colnr> <probs for GDERKNQSTAVLIFYWHMCP>
#	G	D	E	R	K	N	Q	S	T	A	V	L	I	F	Y	W	H	M	C	P
0	0.49723	0.01050	0.01045	0.00864	0.01255	0.01097	0.00712	0.02147	0.01253	0.33750	0.01410	0.01357	0.00954	0.00605	0.00447	0.00177	0.00461	0.00421	0.00503	0.00768
1	0.01904	0.01121	0.01308	0.01102	0.01476	0.01178	0.00878	0.02934	0.44324	0.33649	0.02298	0.02055	0.01607	0.00747	0.00579	0.00187	0.00467	0.00617	0.00635	0.00934
2	0.00683	0.00580	0.00589	0.00587	0.00777	0.00486	0.00440	0.00834	0.01320	0.01584	0.09474	0.05440	0.72394	0.01434	0.00676	0.00192	0.00289	0.01198	0.00536	0.00486
3	0.01426	0.01113	0.01172	0.00982	0.01308	0.01176	0.00784	0.32195	0.13580	0.02547	0.03383	0.03231	0.32684	0.01021	0.00617	0.00184	0.00459	0.00827	0.00556	0.00756
4	0.01028	0.00835	0.01009	0.00794	0.01145	0.00669	0.00620	0.01289	0.01368	0.02045	0.32558	0.02484	0.02760	0.00737	0.00529	0.00125	0.00359	0.00631	0.00461	0.48555
5	0.01233	0.02363	0.46004	0.01958	0.02692	0.01378	0.32447	0.01820	0.01268	0.01820	0.01081	0.01349	0.00785	0.00518	0.00599	0.00186	0.00895	0.00529	0.00262	0.00814
6	0.01005	0.01960	0.44906	0.01247	0.01794	0.00997	0.01452	0.01504	0.01381	0.02014	0.32564	0.02496	0.02689	0.00807	0.00599	0.00181	0.00603	0.00680	0.00405	0.00717
7	0.49723	0.01050	0.01045	0.00864	0.01255	0.01097	0.00712	0.02147	0.01253	0.33750	0.01410	0.01357	0.00954	0.00605	0.00447	0.00177	0.00461	0.00421	0.00503	0.00768
8	0.01383	0.01013	0.01165	0.00970	0.01241	0.01059	0.00770	0.31919	0.02069	0.02845	0.44637	0.03053	0.03537	0.00966	0.00632	0.00176	0.00421	0.00816	0.00605	0.00722
9	0.01696	0.01158	0.01192	0.00979	0.01291	0.03503	0.00786	0.37355	0.04192	0.04929	0.01619	0.01721	0.01209	0.00678	0.00498	0.00156	0.00480	0.00524	0.35259	0.00777
10	0.00823	0.00588	0.00795	0.00795	0.00854	0.00648	0.00560	0.00942	0.00882	0.01236	0.01646	0.02876	0.01703	0.36082	0.46213	0.00766	0.01121	0.00705	0.00323	0.00442
11	0.01483	0.00698	0.00943	0.00889	0.01095	0.00623	0.00661	0.01634	0.01323	0.33108	0.02776	0.46904	0.02788	0.01336	0.00665	0.00209	0.00397	0.01184	0.00605	0.00679

[dist]
# distance from previous block
# <min> <max>
0	141

# created by:
# /software/SequenceAnalysis/GenePrediction/augustus/3.0.1/scripts/msa2prfl.pl ./fixed/BUSCOvEOG705TF5.fas
