[name]
unknown

[dist]
# distance from previous block
# <min> <max>
2	145

[block]
# block no. 0 follows, 40 sequences, length 21
# corresponding to MSA columns:
# 167-187
name=unknown_A
#
# <colnr> <probs for GDERKNQSTAVLIFYWHMCP>
#	G	D	E	R	K	N	Q	S	T	A	V	L	I	F	Y	W	H	M	C	P
0	0.06168	0.00996	0.01328	0.01023	0.01469	0.00874	0.00845	0.02785	0.01635	0.73102	0.02229	0.01934	0.01404	0.00712	0.00575	0.00180	0.00493	0.00573	0.00704	0.00974
1	0.83671	0.01125	0.00855	0.00765	0.01125	0.01305	0.00630	0.01709	0.00990	0.02609	0.00810	0.00945	0.00630	0.00540	0.00360	0.00180	0.00450	0.00315	0.00360	0.00630
2	0.00853	0.00626	0.00803	0.00753	0.00900	0.00592	0.00566	0.01193	0.05152	0.02337	0.72122	0.04240	0.05309	0.01170	0.00681	0.00184	0.00283	0.01033	0.00638	0.00566
3	0.09300	0.01585	0.01668	0.01288	0.01744	0.01760	0.01064	0.67705	0.02582	0.03573	0.01345	0.01357	0.00958	0.00684	0.00562	0.00175	0.00623	0.00505	0.00562	0.00958
4	0.00709	0.00506	0.00675	0.00810	0.00843	0.00472	0.00540	0.00810	0.01113	0.01484	0.03205	0.79184	0.03846	0.01822	0.00742	0.00236	0.00337	0.01653	0.00540	0.00472
5	0.01206	0.01034	0.01206	0.00861	0.01378	0.00775	0.00689	0.01464	0.01206	0.01895	0.01034	0.01206	0.00861	0.00431	0.00431	0.00086	0.00431	0.00345	0.00345	0.83118
6	0.83671	0.01125	0.00855	0.00765	0.01125	0.01305	0.00630	0.01709	0.00990	0.02609	0.00810	0.00945	0.00630	0.00540	0.00360	0.00180	0.00450	0.00315	0.00360	0.00630
7	0.00714	0.00590	0.00626	0.00617	0.00802	0.00502	0.00463	0.00885	0.01388	0.01718	0.19397	0.05354	0.62101	0.01418	0.00687	0.00194	0.00291	0.01193	0.00559	0.00502
8	0.00779	0.00566	0.00741	0.00807	0.00901	0.00528	0.00595	0.00965	0.01338	0.01809	0.27355	0.38308	0.09528	0.01555	0.00729	0.00220	0.00343	0.11852	0.00572	0.00508
9	0.02609	0.00990	0.01350	0.01035	0.01484	0.00855	0.00855	0.02834	0.01664	0.76338	0.02294	0.01979	0.01439	0.00720	0.00585	0.00180	0.00495	0.00585	0.00720	0.00990
10	0.02609	0.00990	0.01350	0.01035	0.01484	0.00855	0.00855	0.02834	0.01664	0.76338	0.02294	0.01979	0.01439	0.00720	0.00585	0.00180	0.00495	0.00585	0.00720	0.00990
11	0.01400	0.01341	0.02289	0.12263	0.67553	0.01371	0.01765	0.01750	0.01305	0.01852	0.01087	0.01452	0.00904	0.00526	0.00576	0.00175	0.00701	0.00518	0.00284	0.00889
12	0.01084	0.00542	0.00542	0.00542	0.00678	0.00542	0.00407	0.01355	0.01220	0.02168	0.01897	0.02168	0.01491	0.00678	0.00407	0.00136	0.00271	0.00542	0.82791	0.00542
13	0.83671	0.01125	0.00855	0.00765	0.01125	0.01305	0.00630	0.01709	0.00990	0.02609	0.00810	0.00945	0.00630	0.00540	0.00360	0.00180	0.00450	0.00315	0.00360	0.00630
14	0.02558	0.01001	0.01348	0.01041	0.01486	0.00881	0.00858	0.02845	0.04860	0.73113	0.02297	0.01988	0.01454	0.00723	0.00585	0.00181	0.00493	0.00588	0.00714	0.00987
15	0.01245	0.04297	0.42232	0.08367	0.20931	0.01362	0.05198	0.01806	0.03169	0.01846	0.03427	0.01437	0.00969	0.00568	0.00567	0.00181	0.00781	0.00493	0.00281	0.00843
16	0.00828	0.00598	0.00784	0.00747	0.00884	0.00554	0.00566	0.01102	0.01633	0.02306	0.72436	0.04441	0.05393	0.01207	0.00691	0.00187	0.00286	0.04175	0.00636	0.00548
17	0.00979	0.00820	0.00855	0.00795	0.01037	0.00818	0.00610	0.05514	0.20687	0.01958	0.08863	0.04391	0.48006	0.01234	0.00656	0.00195	0.00356	0.01028	0.00562	0.00635
18	0.00709	0.00506	0.00675	0.00810	0.00843	0.00472	0.00540	0.00810	0.01113	0.01484	0.03205	0.79184	0.03846	0.01822	0.00742	0.00236	0.00337	0.01653	0.00540	0.00472
19	0.02211	0.01629	0.01745	0.01338	0.01803	0.01803	0.01105	0.73997	0.02734	0.03665	0.01396	0.01396	0.00989	0.00698	0.00582	0.00175	0.00640	0.00524	0.00582	0.00989
20	0.01555	0.79913	0.03047	0.00995	0.01493	0.02301	0.00995	0.01741	0.01182	0.01368	0.00808	0.00933	0.00746	0.00498	0.00373	0.00124	0.00622	0.00311	0.00249	0.00746

[dist]
# distance from previous block
# <min> <max>
0	1

[block]
# block no. 1 follows, 40 sequences, length 14
# corresponding to MSA columns:
# 189-202
name=unknown_B
#
# <colnr> <probs for GDERKNQSTAVLIFYWHMCP>
#	G	D	E	R	K	N	Q	S	T	A	V	L	I	F	Y	W	H	M	C	P
0	0.02157	0.01477	0.05491	0.01289	0.01767	0.01443	0.04070	0.43872	0.02220	0.22899	0.01643	0.03497	0.01160	0.00707	0.00584	0.00176	0.00611	0.00564	0.00580	0.03792
1	0.01274	0.10263	0.56360	0.03920	0.02275	0.01350	0.01815	0.01828	0.01265	0.06923	0.04166	0.03746	0.01072	0.00623	0.00549	0.00180	0.00769	0.00493	0.00304	0.00826
2	0.00912	0.00637	0.00936	0.08556	0.01278	0.00625	0.03600	0.01060	0.01152	0.06636	0.02772	0.59031	0.03164	0.05715	0.00831	0.00244	0.00430	0.01385	0.00504	0.00531
3	0.01287	0.01085	0.01248	0.00910	0.01414	0.00879	0.00729	0.06539	0.04924	0.02043	0.01124	0.01266	0.00915	0.00467	0.00449	0.00098	0.00447	0.00372	0.00373	0.73431
4	0.01234	0.01151	0.01753	0.06133	0.01721	0.01475	0.08398	0.01420	0.01011	0.04344	0.01185	0.09266	0.01164	0.01256	0.07133	0.00291	0.49464	0.00654	0.00310	0.00640
5	0.01164	0.00619	0.00628	0.00599	0.00758	0.00632	0.00456	0.06529	0.01327	0.02275	0.01861	0.02113	0.01455	0.00679	0.00419	0.00138	0.00297	0.00541	0.76936	0.00574
6	0.00709	0.00506	0.00675	0.00810	0.00843	0.00472	0.00540	0.00810	0.01113	0.01484	0.03205	0.79184	0.03846	0.01822	0.00742	0.00236	0.00337	0.01653	0.00540	0.00472
7	0.01286	0.11984	0.64005	0.01547	0.02343	0.01437	0.01946	0.01881	0.01245	0.05616	0.01080	0.01232	0.00774	0.00555	0.00533	0.00177	0.00813	0.00424	0.00270	0.00853
8	0.01269	0.01394	0.01029	0.00975	0.01196	0.28609	0.00740	0.01445	0.01496	0.01650	0.15121	0.03790	0.32408	0.01116	0.00635	0.00182	0.00583	0.05327	0.00468	0.00570
9	0.06151	0.00633	0.00623	0.00596	0.00762	0.00653	0.00456	0.05094	0.01283	0.02271	0.01805	0.02054	0.01413	0.00670	0.00413	0.00140	0.00301	0.00527	0.73584	0.00570
10	0.01167	0.01075	0.01932	0.54535	0.03435	0.01230	0.14450	0.01521	0.01191	0.03664	0.01200	0.05384	0.00976	0.00705	0.00696	0.04521	0.00768	0.00604	0.00291	0.00652
11	0.01278	0.01465	0.06612	0.26466	0.06329	0.01404	0.44265	0.01739	0.01297	0.01744	0.01121	0.01540	0.00842	0.00523	0.00642	0.00194	0.00897	0.00612	0.00280	0.00750
12	0.02211	0.01629	0.01745	0.01338	0.01803	0.01803	0.01105	0.73997	0.02734	0.03665	0.01396	0.01396	0.00989	0.00698	0.00582	0.00175	0.00640	0.00524	0.00582	0.00989
13	0.01085	0.00573	0.00617	0.05410	0.00886	0.00589	0.00482	0.01363	0.01216	0.02125	0.01843	0.02129	0.01446	0.00671	0.00417	0.00139	0.00303	0.00540	0.77615	0.00549

[dist]
# distance from previous block
# <min> <max>
0	1

[block]
# block no. 2 follows, 40 sequences, length 6
# corresponding to MSA columns:
# 204-209
name=unknown_C
#
# <colnr> <probs for GDERKNQSTAVLIFYWHMCP>
#	G	D	E	R	K	N	Q	S	T	A	V	L	I	F	Y	W	H	M	C	P
0	0.01369	0.00711	0.00990	0.00984	0.01170	0.00671	0.00804	0.01525	0.01310	0.21459	0.02559	0.12511	0.02527	0.01459	0.00969	0.13238	0.00498	0.34102	0.00541	0.00605
1	0.02172	0.02772	0.01648	0.01498	0.01798	0.77228	0.01124	0.02322	0.01648	0.01423	0.00899	0.01049	0.00749	0.00599	0.00524	0.00150	0.01049	0.00375	0.00300	0.00674
2	0.19289	0.13434	0.01693	0.01272	0.01589	0.44187	0.01012	0.02033	0.01380	0.01665	0.00856	0.01028	0.00725	0.00606	0.00580	0.00161	0.07153	0.00364	0.00301	0.00672
3	0.00705	0.00519	0.00661	0.00775	0.00834	0.00475	0.00524	0.00814	0.01147	0.01498	0.03627	0.67634	0.15123	0.01767	0.00734	0.00230	0.00331	0.01586	0.00540	0.00475
4	0.05951	0.06048	0.01406	0.05160	0.01569	0.01118	0.00839	0.13049	0.05713	0.08113	0.01354	0.05352	0.01109	0.00606	0.00493	0.00135	0.00497	0.00483	0.00426	0.40577
5	0.06497	0.10033	0.09831	0.18819	0.04489	0.04188	0.20009	0.04300	0.01264	0.01778	0.01043	0.01382	0.00821	0.00599	0.00711	0.00187	0.09607	0.00512	0.03202	0.00729

[dist]
# distance from previous block
# <min> <max>
0	1

[block]
# block no. 3 follows, 40 sequences, length 37
# corresponding to MSA columns:
# 211-247
name=unknown_D
#
# <colnr> <probs for GDERKNQSTAVLIFYWHMCP>
#	G	D	E	R	K	N	Q	S	T	A	V	L	I	F	Y	W	H	M	C	P
0	0.00804	0.00586	0.00759	0.00756	0.00882	0.00541	0.00567	0.01042	0.01521	0.02106	0.54358	0.15644	0.10576	0.01334	0.00703	0.00198	0.00304	0.06178	0.00610	0.00532
1	0.10208	0.06258	0.04088	0.11349	0.02129	0.01419	0.16073	0.06395	0.01250	0.01898	0.00996	0.01306	0.00808	0.00614	0.00794	0.00177	0.15908	0.00478	0.00314	0.17537
2	0.00857	0.00605	0.00772	0.00724	0.00876	0.00551	0.00545	0.01115	0.01610	0.04290	0.65650	0.04421	0.13381	0.01208	0.00683	0.00184	0.00283	0.01059	0.00631	0.00554
3	0.00843	0.00644	0.00783	0.00763	0.00919	0.00612	0.00575	0.01193	0.07726	0.02088	0.45969	0.11061	0.19024	0.01285	0.00688	0.00195	0.00311	0.04158	0.00603	0.00561
4	0.78938	0.01154	0.00906	0.00798	0.01164	0.01334	0.00657	0.05910	0.01091	0.02670	0.00844	0.00971	0.00651	0.00549	0.00373	0.00180	0.00461	0.00327	0.00373	0.00651
5	0.00711	0.00525	0.00666	0.00767	0.00835	0.00480	0.00523	0.00830	0.01179	0.01546	0.07627	0.62398	0.16332	0.01727	0.00730	0.00226	0.00327	0.01547	0.00545	0.00480
6	0.01526	0.01289	0.01360	0.01200	0.01543	0.01484	0.00940	0.10482	0.67364	0.02561	0.02266	0.02089	0.01693	0.00779	0.00591	0.00195	0.00479	0.00644	0.00591	0.00928
7	0.01010	0.00505	0.00758	0.00758	0.00758	0.00505	0.00505	0.00758	0.00758	0.01010	0.01010	0.01768	0.01010	0.02020	0.02273	0.83081	0.00505	0.00505	0.00253	0.00253
8	0.80827	0.01142	0.00886	0.00785	0.01148	0.01322	0.00646	0.04233	0.01051	0.02646	0.00830	0.00960	0.00642	0.00545	0.00368	0.00180	0.00456	0.00322	0.00368	0.00642
9	0.01267	0.05505	0.15765	0.04855	0.01926	0.01683	0.06851	0.01536	0.01015	0.01518	0.00860	0.01281	0.00767	0.00848	0.01434	0.00228	0.51212	0.00498	0.00256	0.00694
10	0.00793	0.00599	0.00697	0.00680	0.00850	0.00527	0.00513	0.00997	0.01459	0.03483	0.34662	0.07582	0.40226	0.01355	0.00690	0.00194	0.00299	0.03282	0.00585	0.00526
11	0.02148	0.01586	0.01698	0.01313	0.01764	0.01758	0.01081	0.68896	0.06279	0.03571	0.01455	0.01451	0.01039	0.00702	0.00578	0.00175	0.00623	0.00531	0.02375	0.00976
12	0.01196	0.01044	0.01601	0.05454	0.05826	0.00908	0.14015	0.01435	0.01178	0.01745	0.01166	0.04120	0.01010	0.00722	0.00747	0.11124	0.00564	0.00499	0.03275	0.42371
13	0.01550	0.47422	0.23708	0.01221	0.01812	0.04007	0.01327	0.06580	0.01330	0.04878	0.00980	0.01095	0.00789	0.00539	0.00451	0.00148	0.00697	0.00372	0.00291	0.00803
14	0.00728	0.00529	0.00690	0.00814	0.00860	0.00499	0.00547	0.00872	0.03123	0.01513	0.03258	0.75013	0.05819	0.01784	0.00737	0.00234	0.00340	0.01614	0.00541	0.00485
15	0.00720	0.00515	0.00685	0.00802	0.00846	0.00480	0.00541	0.00838	0.01165	0.01567	0.10277	0.71876	0.04006	0.01760	0.00737	0.00231	0.00331	0.01594	0.00550	0.00480
16	0.03775	0.03243	0.01276	0.01010	0.01357	0.00956	0.00805	0.11755	0.03155	0.43422	0.02262	0.17159	0.01853	0.04315	0.00707	0.00206	0.00488	0.00786	0.00626	0.00844
17	0.00712	0.00509	0.00678	0.00808	0.00844	0.00474	0.00540	0.00818	0.01128	0.01508	0.05234	0.77087	0.03892	0.01804	0.00741	0.00235	0.00336	0.01636	0.00543	0.00474
18	0.01311	0.01058	0.01236	0.00890	0.01402	0.00825	0.00715	0.04781	0.01294	0.05143	0.01104	0.01247	0.00892	0.00455	0.00444	0.00094	0.00443	0.00363	0.00371	0.75933
19	0.01268	0.01038	0.01292	0.05515	0.05594	0.00847	0.00811	0.02821	0.01253	0.05086	0.01195	0.04779	0.01021	0.00524	0.00471	0.00109	0.00467	0.00436	0.00366	0.65108
20	0.01150	0.01213	0.02478	0.01860	0.02276	0.01132	0.48409	0.01522	0.01340	0.01805	0.07851	0.17254	0.07169	0.00876	0.00697	0.00203	0.00749	0.00943	0.00387	0.00684
21	0.01555	0.79913	0.03047	0.00995	0.01493	0.02301	0.00995	0.01741	0.01182	0.01368	0.00808	0.00933	0.00746	0.00498	0.00373	0.00124	0.00622	0.00311	0.00249	0.00746
22	0.00714	0.00590	0.00626	0.00617	0.00802	0.00502	0.00463	0.00886	0.01388	0.01719	0.19435	0.05353	0.62063	0.01418	0.00687	0.00194	0.00291	0.01193	0.00559	0.00502
23	0.00702	0.00587	0.00612	0.00611	0.00796	0.00496	0.00456	0.00862	0.01353	0.01649	0.13187	0.07675	0.66114	0.01453	0.00689	0.00196	0.00294	0.01222	0.00551	0.00496
24	0.00718	0.00512	0.00678	0.00800	0.00837	0.00479	0.00534	0.00824	0.01128	0.01510	0.06411	0.73192	0.03859	0.04505	0.00817	0.00245	0.00342	0.01598	0.00538	0.00472
25	0.32359	0.01039	0.01168	0.00936	0.01352	0.01020	0.00772	0.02421	0.01417	0.49280	0.01749	0.01600	0.01142	0.00654	0.00502	0.00180	0.00478	0.00486	0.00588	0.00858
26	0.02224	0.01607	0.01731	0.01327	0.01792	0.01770	0.01097	0.71526	0.02697	0.06188	0.01427	0.01416	0.01005	0.00699	0.00582	0.00175	0.00635	0.00526	0.00587	0.00989
27	0.01555	0.79913	0.03047	0.00995	0.01493	0.02301	0.00995	0.01741	0.01182	0.01368	0.00808	0.00933	0.00746	0.00498	0.00373	0.00124	0.00622	0.00311	0.00249	0.00746
28	0.00823	0.00594	0.00777	0.00732	0.00869	0.00549	0.00549	0.01097	0.01646	0.02332	0.75629	0.04344	0.05487	0.01189	0.00686	0.00183	0.00274	0.01052	0.00640	0.00549
29	0.00846	0.00564	0.00634	0.00634	0.00634	0.00564	0.00352	0.00846	0.00846	0.01128	0.01832	0.03805	0.02114	0.79563	0.02960	0.00564	0.00564	0.00846	0.00352	0.00352
30	0.00842	0.00580	0.00715	0.00715	0.00743	0.00608	0.00453	0.00898	0.00870	0.01187	0.01758	0.03396	0.01937	0.59331	0.22949	0.00664	0.00831	0.00786	0.00341	0.00397
31	0.01223	0.14298	0.65759	0.01560	0.02366	0.01490	0.01979	0.01827	0.01221	0.01772	0.01009	0.01184	0.00738	0.00544	0.00526	0.00175	0.00825	0.00412	0.00246	0.00843
32	0.01206	0.01034	0.01206	0.00861	0.01378	0.00775	0.00689	0.01464	0.01206	0.01895	0.01034	0.01206	0.00861	0.00431	0.00431	0.00086	0.00431	0.00345	0.00345	0.83118
33	0.01182	0.02777	0.66908	0.06239	0.07844	0.01349	0.02092	0.01817	0.01231	0.01825	0.01047	0.01262	0.00752	0.00552	0.00556	0.00184	0.00842	0.00441	0.00249	0.00851
34	0.05564	0.76066	0.02940	0.00984	0.01475	0.02252	0.00977	0.01740	0.01172	0.01429	0.00809	0.00933	0.00741	0.00500	0.00372	0.00127	0.00613	0.00311	0.00254	0.00741
35	0.00839	0.00561	0.00636	0.00643	0.00644	0.00559	0.00362	0.00844	0.00859	0.01145	0.01899	0.07486	0.02199	0.75767	0.02852	0.00548	0.00553	0.00885	0.00362	0.00358
36	0.01229	0.02857	0.68649	0.01688	0.02512	0.01380	0.06262	0.05366	0.01310	0.01932	0.01069	0.01256	0.00757	0.00556	0.00562	0.00184	0.00856	0.00449	0.00265	0.00861

[dist]
# distance from previous block
# <min> <max>
7	100

# created by:
# /software/SequenceAnalysis/GenePrediction/augustus/3.0.1/scripts/msa2prfl.pl ./fixed/BUSCOvEOG7SN33X.fas
