[name]
unknown

[dist]
# distance from previous block
# <min> <max>
0	424

[block]
# block no. 0 follows, 41 sequences, length 9
# corresponding to MSA columns:
# 442-450
name=unknown_A
#
# <colnr> <probs for GDERKNQSTAVLIFYWHMCP>
#	G	D	E	R	K	N	Q	S	T	A	V	L	I	F	Y	W	H	M	C	P
0	0.01216	0.07005	0.47919	0.01785	0.02503	0.01387	0.23184	0.01783	0.01263	0.01809	0.04043	0.01411	0.00954	0.00547	0.00577	0.00181	0.00844	0.00514	0.00271	0.00805
1	0.01441	0.05443	0.13714	0.08770	0.08942	0.06147	0.05519	0.11893	0.01580	0.08434	0.17445	0.02169	0.03259	0.00743	0.00587	0.00176	0.00629	0.01915	0.00433	0.00760
2	0.01353	0.02175	0.45014	0.01702	0.07050	0.01205	0.11586	0.01862	0.01284	0.12309	0.01400	0.08009	0.01112	0.00662	0.00583	0.00186	0.00757	0.00586	0.00341	0.00825
3	0.00769	0.00550	0.00716	0.00741	0.00827	0.00513	0.00521	0.00954	0.01360	0.01886	0.42784	0.32385	0.04526	0.07744	0.00876	0.00230	0.00316	0.01239	0.00570	0.00496
4	0.12874	0.01350	0.09724	0.22225	0.02507	0.01263	0.19480	0.07857	0.01327	0.02003	0.01255	0.01771	0.01007	0.00624	0.00564	0.00186	0.00708	0.05180	0.07394	0.00702
5	0.06264	0.01513	0.15148	0.08750	0.31086	0.01277	0.05168	0.01777	0.01248	0.10088	0.01256	0.05226	0.01028	0.00645	0.00670	0.00186	0.06974	0.00552	0.00334	0.00812
6	0.00796	0.00539	0.00634	0.00670	0.00678	0.00531	0.00396	0.00822	0.00902	0.01202	0.02161	0.23850	0.02532	0.59174	0.02333	0.00469	0.00495	0.01043	0.00396	0.00378
7	0.00694	0.00509	0.00652	0.00766	0.00822	0.00467	0.00517	0.00800	0.01124	0.01472	0.03524	0.69130	0.13939	0.01744	0.00722	0.00227	0.00326	0.01567	0.00531	0.00467
8	0.01910	0.01125	0.01378	0.01125	0.01432	0.01202	0.00903	0.21783	0.06034	0.29397	0.01848	0.08424	0.01475	0.07218	0.00959	0.00222	0.11521	0.00662	0.00555	0.00827

[dist]
# distance from previous block
# <min> <max>
0	1

[block]
# block no. 1 follows, 41 sequences, length 46
# corresponding to MSA columns:
# 452-497
name=unknown_B
#
# <colnr> <probs for GDERKNQSTAVLIFYWHMCP>
#	G	D	E	R	K	N	Q	S	T	A	V	L	I	F	Y	W	H	M	C	P
0	0.01586	0.01244	0.01934	0.02403	0.40262	0.01249	0.05624	0.05801	0.11556	0.13763	0.07379	0.01831	0.01458	0.00638	0.00586	0.00177	0.00601	0.00591	0.00434	0.00884
1	0.05110	0.15205	0.06257	0.13982	0.02391	0.01420	0.27234	0.03989	0.01242	0.01720	0.01030	0.01360	0.00821	0.00617	0.00671	0.06344	0.00740	0.00502	0.00288	0.09077
2	0.01290	0.04748	0.01440	0.01154	0.01488	0.01230	0.06990	0.02319	0.43142	0.02126	0.07834	0.02383	0.01900	0.04857	0.00699	0.00199	0.00495	0.04236	0.00501	0.10971
3	0.01301	0.01179	0.01659	0.01329	0.06070	0.01042	0.13193	0.04781	0.10920	0.02002	0.01231	0.01394	0.00978	0.00497	0.00502	0.00126	0.00543	0.00454	0.00369	0.50430
4	0.08061	0.71173	0.03944	0.00973	0.01456	0.02143	0.00966	0.01735	0.01159	0.02961	0.00830	0.00946	0.00740	0.00499	0.00374	0.00129	0.00600	0.00314	0.00263	0.00732
5	0.00868	0.00589	0.00684	0.00689	0.00748	0.00569	0.00433	0.02460	0.00989	0.01378	0.02095	0.22563	0.02367	0.47532	0.01966	0.00404	0.00470	0.00974	0.06938	0.05283
6	0.01358	0.01489	0.02487	0.08008	0.02402	0.07770	0.34873	0.01668	0.01178	0.01597	0.00972	0.01392	0.00806	0.00696	0.01110	0.00211	0.30443	0.00571	0.00273	0.00698
7	0.01351	0.00957	0.01100	0.00963	0.01271	0.00953	0.00743	0.02099	0.30196	0.13218	0.05874	0.14919	0.07662	0.00940	0.00590	0.00178	0.00413	0.00803	0.00549	0.15220
8	0.01466	0.01028	0.01188	0.01005	0.01301	0.01075	0.01947	0.19385	0.18537	0.10264	0.16725	0.02822	0.13465	0.01000	0.00720	0.05544	0.00451	0.00759	0.00569	0.00751
9	0.00883	0.00618	0.00708	0.00686	0.00871	0.00543	0.00514	0.01085	0.02860	0.08034	0.20259	0.13991	0.44143	0.01356	0.00673	0.00194	0.00311	0.01158	0.00569	0.00544
10	0.77482	0.01097	0.00881	0.00775	0.01136	0.01249	0.00638	0.01770	0.01027	0.08431	0.00914	0.01012	0.00684	0.00546	0.00372	0.00177	0.00447	0.00331	0.00383	0.00648
11	0.01385	0.34122	0.02618	0.01680	0.11494	0.01741	0.17734	0.01654	0.01178	0.01569	0.00994	0.01289	0.00857	0.00728	0.03894	0.00196	0.11254	0.00467	0.04414	0.00732
12	0.00780	0.00618	0.00709	0.00725	0.00873	0.00577	0.00528	0.01072	0.08061	0.01757	0.19409	0.25994	0.33947	0.01428	0.00683	0.00202	0.00313	0.01239	0.00557	0.00529
13	0.01483	0.00803	0.01012	0.00869	0.01139	0.00754	0.00682	0.01900	0.11178	0.27808	0.34971	0.03305	0.09712	0.00985	0.00629	0.00182	0.00371	0.00842	0.00642	0.00732
14	0.01344	0.01031	0.01297	0.01261	0.07264	0.01082	0.04235	0.15742	0.17741	0.05031	0.05152	0.15328	0.07722	0.01016	0.00624	0.00195	0.00485	0.06858	0.05849	0.00742
15	0.32003	0.01423	0.13910	0.02051	0.01521	0.01231	0.00993	0.09991	0.09100	0.13667	0.07607	0.01595	0.01319	0.00658	0.00498	0.00180	0.00529	0.00491	0.00459	0.00774
16	0.00698	0.00504	0.00660	0.00786	0.00828	0.00467	0.00526	0.00799	0.01108	0.01467	0.03302	0.75349	0.07843	0.01774	0.00728	0.00230	0.00330	0.01603	0.00532	0.00467
17	0.00903	0.00625	0.00790	0.00794	0.00924	0.00595	0.00577	0.01206	0.07233	0.05856	0.35404	0.32326	0.07836	0.01363	0.00684	0.00202	0.00321	0.01211	0.00589	0.00561
18	0.28330	0.01672	0.09882	0.04734	0.01738	0.08509	0.01077	0.32840	0.01802	0.02769	0.01089	0.01190	0.00802	0.00607	0.00494	0.00173	0.00637	0.00425	0.00425	0.00802
19	0.01082	0.01018	0.01717	0.78501	0.03940	0.01272	0.01589	0.01463	0.01145	0.01463	0.01019	0.01528	0.00764	0.00573	0.00573	0.00191	0.00763	0.00509	0.00255	0.00636
20	0.01442	0.00944	0.01028	0.00877	0.01108	0.01040	0.00700	0.25634	0.01664	0.02543	0.01613	0.01823	0.01251	0.00818	0.03107	0.00181	0.06033	0.00528	0.46980	0.00686
21	0.01315	0.01210	0.02009	0.04189	0.46922	0.01215	0.07552	0.06279	0.02560	0.01906	0.01551	0.14393	0.01498	0.00784	0.00614	0.00188	0.00635	0.04017	0.00359	0.00805
22	0.01954	0.01107	0.02546	0.01056	0.01414	0.04983	0.00851	0.02546	0.21320	0.40844	0.06969	0.08221	0.01900	0.00834	0.00593	0.00185	0.00487	0.00694	0.00626	0.00870
23	0.01305	0.34448	0.46787	0.01366	0.02066	0.01710	0.01651	0.01772	0.01190	0.01623	0.00934	0.01092	0.00730	0.00523	0.00472	0.00158	0.00751	0.00376	0.00243	0.00801
24	0.01217	0.07677	0.01340	0.00860	0.01366	0.00890	0.00704	0.01464	0.01185	0.01822	0.01000	0.01166	0.00840	0.00430	0.00420	0.00088	0.00440	0.00337	0.00332	0.76422
25	0.01939	0.01404	0.01750	0.01748	0.19125	0.01462	0.01172	0.39576	0.04800	0.12334	0.01424	0.01472	0.01034	0.00631	0.00560	0.00166	0.00600	0.00512	0.00504	0.07789
26	0.00834	0.00556	0.00625	0.00625	0.00625	0.00556	0.00348	0.00833	0.00833	0.01111	0.01804	0.03745	0.02081	0.79875	0.02911	0.00555	0.00555	0.00832	0.00347	0.00348
27	0.00820	0.00612	0.00908	0.00908	0.01006	0.00709	0.00700	0.01015	0.00917	0.01321	0.01545	0.02312	0.01459	0.07446	0.74489	0.00904	0.01492	0.00623	0.00309	0.00505
28	0.01310	0.01094	0.01252	0.00917	0.01410	0.00910	0.00736	0.09584	0.05240	0.02086	0.01127	0.01259	0.00910	0.00472	0.00449	0.00100	0.00449	0.00375	0.00378	0.69942
29	0.01371	0.01196	0.01979	0.38426	0.02972	0.01334	0.15866	0.09669	0.01370	0.06649	0.01158	0.01512	0.00865	0.00604	0.00686	0.00187	0.06919	0.00538	0.01637	0.05061
30	0.08412	0.05256	0.01682	0.12434	0.04781	0.35484	0.01151	0.20333	0.01742	0.02076	0.01025	0.01193	0.00799	0.00601	0.00522	0.00162	0.00815	0.00424	0.00362	0.00747
31	0.06913	0.00934	0.01026	0.00864	0.01144	0.00967	0.00684	0.18267	0.05447	0.15682	0.07640	0.02102	0.01648	0.04686	0.00625	0.00181	0.00424	0.00583	0.29455	0.00728
32	0.00710	0.00504	0.00662	0.00783	0.00814	0.00473	0.00516	0.00801	0.01074	0.01432	0.03040	0.73133	0.03641	0.08358	0.00914	0.00260	0.00351	0.01560	0.00516	0.00456
33	0.01088	0.00700	0.00912	0.00908	0.01086	0.00678	0.00733	0.01437	0.07263	0.10647	0.27511	0.10965	0.06408	0.01291	0.00701	0.00215	0.00405	0.25854	0.00588	0.00607
34	0.01423	0.01484	0.03115	0.02250	0.02774	0.01433	0.63728	0.01859	0.01332	0.06625	0.01198	0.01548	0.00896	0.00539	0.00764	0.00197	0.07092	0.00655	0.00314	0.00774
35	0.00712	0.00509	0.00680	0.00809	0.00849	0.00477	0.00552	0.00823	0.01117	0.01490	0.04488	0.74458	0.03789	0.01771	0.00733	0.00233	0.00341	0.05166	0.00533	0.00470
36	0.00765	0.00594	0.00698	0.00684	0.00838	0.00536	0.00508	0.01007	0.03420	0.01930	0.39974	0.11033	0.33287	0.01323	0.00678	0.00190	0.00289	0.01143	0.00581	0.00522
37	0.01264	0.07954	0.02640	0.10791	0.02551	0.01410	0.41906	0.01628	0.01232	0.01675	0.01220	0.07605	0.01063	0.00649	0.00753	0.00190	0.08941	0.00663	0.00300	0.05566
38	0.01372	0.01189	0.01298	0.01247	0.05192	0.01353	0.00921	0.02816	0.66020	0.02307	0.02482	0.02369	0.06097	0.00816	0.00591	0.00194	0.00456	0.01840	0.00564	0.00875
39	0.10732	0.01284	0.01918	0.24930	0.02472	0.04986	0.14149	0.01561	0.01087	0.01622	0.00916	0.01341	0.00761	0.00708	0.01033	0.00209	0.28855	0.00506	0.00273	0.00656
40	0.04570	0.00897	0.04741	0.00893	0.01126	0.00852	0.00736	0.06231	0.11884	0.04982	0.31556	0.02931	0.03005	0.01386	0.11109	0.00279	0.00540	0.01984	0.09649	0.00650
41	0.00702	0.00501	0.00668	0.00796	0.00832	0.00468	0.00532	0.00805	0.01109	0.01481	0.04856	0.77745	0.03822	0.01778	0.00730	0.00231	0.00331	0.01613	0.00534	0.00467
42	0.01896	0.01333	0.01419	0.01119	0.01495	0.01461	0.00914	0.55936	0.02314	0.03234	0.01500	0.01568	0.01099	0.00683	0.00529	0.00162	0.00538	0.00520	0.21416	0.00863
43	0.00925	0.00770	0.01124	0.01063	0.01140	0.00970	0.00847	0.01110	0.00910	0.01342	0.01343	0.02006	0.01266	0.03486	0.59083	0.00756	0.20441	0.00586	0.00293	0.00540
44	0.02176	0.01603	0.01718	0.01317	0.01775	0.01775	0.01088	0.74401	0.02690	0.03606	0.01375	0.01376	0.00975	0.00688	0.00573	0.00172	0.00630	0.00516	0.00573	0.00974
45	0.00732	0.00525	0.00695	0.00773	0.00837	0.00488	0.00534	0.00885	0.01258	0.01720	0.25844	0.56094	0.04286	0.01598	0.00713	0.00216	0.00313	0.01442	0.00562	0.00488

[dist]
# distance from previous block
# <min> <max>
0	15

[block]
# block no. 2 follows, 41 sequences, length 6
# corresponding to MSA columns:
# 513-518
name=unknown_C
#
# <colnr> <probs for GDERKNQSTAVLIFYWHMCP>
#	G	D	E	R	K	N	Q	S	T	A	V	L	I	F	Y	W	H	M	C	P
0	0.00780	0.00580	0.00771	0.00848	0.00936	0.00582	0.00626	0.00989	0.03825	0.01537	0.05650	0.41613	0.09561	0.02200	0.16911	0.00374	0.00608	0.10616	0.00489	0.00503
1	0.00894	0.00541	0.00663	0.00718	0.00785	0.00516	0.00481	0.01012	0.01088	0.05318	0.02565	0.44144	0.02841	0.17951	0.01115	0.00277	0.00373	0.01187	0.17051	0.00479
2	0.01358	0.01486	0.03049	0.02584	0.18330	0.01448	0.54315	0.01787	0.01310	0.01811	0.01114	0.01497	0.00868	0.00521	0.00729	0.00192	0.05897	0.00629	0.00285	0.00790
3	0.00796	0.00623	0.00757	0.00764	0.00929	0.00531	0.00542	0.00937	0.01156	0.01562	0.03234	0.48156	0.17703	0.01435	0.00655	0.00193	0.00343	0.01271	0.00491	0.17923
4	0.01281	0.00596	0.00647	0.00602	0.00780	0.00577	0.00463	0.01541	0.01262	0.12792	0.01922	0.02106	0.01459	0.00672	0.00425	0.00140	0.00298	0.00539	0.71304	0.00596
5	0.00749	0.00520	0.00648	0.00729	0.00750	0.00500	0.00459	0.00810	0.00993	0.01324	0.02627	0.50053	0.03121	0.32168	0.01578	0.00358	0.00418	0.01317	0.00459	0.00419

[dist]
# distance from previous block
# <min> <max>
0	2

[block]
# block no. 3 follows, 41 sequences, length 17
# corresponding to MSA columns:
# 521-537
name=unknown_D
#
# <colnr> <probs for GDERKNQSTAVLIFYWHMCP>
#	G	D	E	R	K	N	Q	S	T	A	V	L	I	F	Y	W	H	M	C	P
0	0.00826	0.00552	0.00626	0.00631	0.00633	0.00551	0.00355	0.00830	0.00843	0.01124	0.01861	0.07023	0.02153	0.76518	0.02817	0.00541	0.00545	0.00866	0.00355	0.00352
1	0.01088	0.00910	0.01094	0.00836	0.01228	0.00738	0.00661	0.01342	0.01290	0.01961	0.20941	0.02009	0.02053	0.00642	0.00541	0.00116	0.03128	0.00529	0.00413	0.58479
2	0.01308	0.59050	0.02377	0.00930	0.01298	0.01785	0.00860	0.01469	0.01144	0.01376	0.01422	0.21807	0.01544	0.00836	0.00463	0.00152	0.00537	0.00657	0.00321	0.00662
3	0.00738	0.00582	0.00665	0.00644	0.00811	0.00509	0.00483	0.00941	0.01450	0.01892	0.38316	0.04934	0.43360	0.01319	0.00675	0.00187	0.00281	0.01127	0.00577	0.00509
4	0.01086	0.00902	0.01074	0.00813	0.01222	0.00703	0.00641	0.01344	0.01301	0.01978	0.20951	0.02006	0.02056	0.00622	0.00490	0.00110	0.00383	0.00524	0.00416	0.61376
5	0.01028	0.02305	0.56666	0.01409	0.02038	0.01099	0.01693	0.01542	0.01178	0.01718	0.01591	0.22020	0.01537	0.00875	0.00593	0.00195	0.00709	0.00742	0.00318	0.00744
6	0.01764	0.01200	0.04182	0.01042	0.01365	0.03594	0.00836	0.27144	0.02918	0.19314	0.03329	0.04257	0.01530	0.21768	0.01195	0.00274	0.00576	0.00644	0.00517	0.02551
7	0.00813	0.00592	0.00715	0.00686	0.00798	0.00558	0.00483	0.01028	0.03250	0.01877	0.44665	0.04248	0.14240	0.22120	0.01267	0.00282	0.00353	0.00995	0.00540	0.00490
8	0.01163	0.00969	0.01063	0.00979	0.01228	0.01065	0.00751	0.02228	0.46061	0.02252	0.22254	0.06263	0.09362	0.00983	0.00621	0.00192	0.00385	0.00840	0.00588	0.00752
9	0.00958	0.00527	0.00583	0.00618	0.00724	0.00522	0.00447	0.01178	0.01161	0.01923	0.02195	0.22704	0.02080	0.01106	0.03480	0.00190	0.00333	0.00827	0.57932	0.00514
10	0.01964	0.00877	0.01121	0.00916	0.01221	0.00811	0.00709	0.05217	0.04116	0.46870	0.02105	0.02507	0.01626	0.21771	0.01195	0.00278	0.00503	0.02139	0.03273	0.00781
11	0.00993	0.00542	0.00575	0.00575	0.00671	0.00547	0.00400	0.01186	0.01089	0.01824	0.01834	0.02566	0.01627	0.21884	0.04530	0.00280	0.00400	0.00616	0.57378	0.00483
12	0.00757	0.00540	0.00732	0.00865	0.00924	0.00516	0.00635	0.00900	0.01154	0.01527	0.03120	0.60106	0.03653	0.01736	0.00746	0.00241	0.00384	0.20455	0.00530	0.00481
13	0.01413	0.01367	0.02369	0.03462	0.73061	0.01363	0.04987	0.01759	0.01305	0.01867	0.01080	0.01421	0.00904	0.00508	0.00571	0.00171	0.00692	0.00517	0.00283	0.00900
14	0.01167	0.00926	0.01259	0.01540	0.21052	0.00917	0.00929	0.01643	0.14548	0.07494	0.10259	0.10920	0.21646	0.01033	0.00630	0.00190	0.00444	0.02194	0.00497	0.00712
15	0.00862	0.00538	0.00656	0.00661	0.00671	0.00532	0.00398	0.00807	0.00841	0.01112	0.01822	0.06435	0.05180	0.52434	0.02541	0.22530	0.00518	0.00793	0.00336	0.00331
16	0.00741	0.00526	0.00658	0.00745	0.00785	0.00498	0.00491	0.00824	0.01050	0.01384	0.02983	0.50899	0.08638	0.22514	0.01308	0.00316	0.00396	0.04325	0.00482	0.00437

[dist]
# distance from previous block
# <min> <max>
21	73

[block]
# block no. 4 follows, 41 sequences, length 7
# corresponding to MSA columns:
# 635-641
name=unknown_E
#
# <colnr> <probs for GDERKNQSTAVLIFYWHMCP>
#	G	D	E	R	K	N	Q	S	T	A	V	L	I	F	Y	W	H	M	C	P
0	0.19024	0.09429	0.01141	0.00901	0.02911	0.01100	0.00681	0.01672	0.16730	0.03567	0.07666	0.02709	0.09024	0.17297	0.01018	0.00258	0.00468	0.03337	0.00440	0.00627
1	0.03755	0.01182	0.01344	0.03998	0.03845	0.09115	0.05130	0.01584	0.04399	0.03512	0.01381	0.11922	0.01279	0.00664	0.00508	0.00134	0.00532	0.00566	0.00372	0.44776
2	0.01590	0.01643	0.02070	0.08294	0.29111	0.17352	0.07940	0.09612	0.01445	0.01847	0.01021	0.01326	0.00840	0.00623	0.00767	0.00181	0.12748	0.00494	0.00310	0.00787
3	0.01308	0.01163	0.02083	0.29187	0.21609	0.01218	0.16601	0.01676	0.01317	0.07601	0.09230	0.01830	0.01371	0.00612	0.00603	0.00184	0.00709	0.00605	0.00345	0.00749
4	0.08312	0.01114	0.01374	0.01061	0.01500	0.01067	0.00876	0.17635	0.01809	0.56179	0.01968	0.01754	0.01267	0.00691	0.00559	0.00176	0.00513	0.00544	0.00654	0.00948
5	0.01923	0.01348	0.01500	0.01225	0.01578	0.16891	0.08747	0.04688	0.04738	0.32327	0.10904	0.08034	0.01885	0.00802	0.00598	0.00178	0.00617	0.00682	0.00543	0.00791
6	0.00777	0.00606	0.00883	0.16992	0.01478	0.00633	0.00751	0.00935	0.01105	0.01460	0.02708	0.63272	0.03154	0.01538	0.00697	0.00224	0.00422	0.01393	0.00473	0.00500

[dist]
# distance from previous block
# <min> <max>
5	11

[block]
# block no. 5 follows, 41 sequences, length 10
# corresponding to MSA columns:
# 654-663
name=unknown_F
#
# <colnr> <probs for GDERKNQSTAVLIFYWHMCP>
#	G	D	E	R	K	N	Q	S	T	A	V	L	I	F	Y	W	H	M	C	P
0	0.01800	0.01293	0.01429	0.01166	0.01508	0.01427	0.00929	0.42584	0.18306	0.05205	0.01541	0.01628	0.01161	0.00950	0.00886	0.15741	0.00561	0.00543	0.00518	0.00822
1	0.01769	0.00827	0.01066	0.00864	0.01205	0.00709	0.00693	0.01987	0.01536	0.42713	0.16661	0.03022	0.16707	0.00918	0.00603	0.00174	0.00403	0.00768	0.00632	0.06744
2	0.01083	0.00804	0.01063	0.00985	0.01152	0.00915	0.00773	0.15350	0.01261	0.01764	0.01512	0.02137	0.01367	0.06644	0.59559	0.00758	0.01316	0.00603	0.00360	0.00594
3	0.01640	0.01245	0.01479	0.15613	0.01946	0.01382	0.01039	0.43013	0.02104	0.02831	0.15908	0.02079	0.01849	0.04455	0.00701	0.00195	0.00581	0.00630	0.00513	0.00796
4	0.01401	0.17305	0.34034	0.15862	0.02419	0.16394	0.01602	0.01819	0.01268	0.01577	0.00953	0.01177	0.00736	0.00547	0.00510	0.00165	0.00822	0.00406	0.00255	0.00749
5	0.16869	0.01030	0.01163	0.01163	0.08128	0.01101	0.00808	0.06787	0.19731	0.10262	0.03113	0.02370	0.02858	0.16197	0.01002	0.00257	0.00504	0.04016	0.00472	0.02167
6	0.00886	0.00690	0.00880	0.15854	0.01374	0.00697	0.00643	0.01021	0.01031	0.01366	0.02365	0.05609	0.15593	0.38068	0.01678	0.00352	0.00520	0.00809	0.02467	0.08099
7	0.00740	0.00531	0.00702	0.00767	0.00839	0.00493	0.00534	0.00905	0.01295	0.01779	0.31022	0.50747	0.04400	0.01554	0.00709	0.00212	0.00308	0.01400	0.00569	0.00493
8	0.01000	0.00715	0.00853	0.00860	0.00966	0.00727	0.00599	0.14579	0.01342	0.01793	0.02556	0.50101	0.02925	0.16841	0.01127	0.00284	0.00431	0.01263	0.00503	0.00537
9	0.01201	0.01065	0.01388	0.00991	0.01506	0.00826	0.07466	0.01476	0.01201	0.01861	0.01030	0.01219	0.00849	0.00429	0.00447	0.00095	0.00473	0.00370	0.00334	0.75772

[dist]
# distance from previous block
# <min> <max>
0	2

[block]
# block no. 6 follows, 41 sequences, length 30
# corresponding to MSA columns:
# 666-695
name=unknown_G
#
# <colnr> <probs for GDERKNQSTAVLIFYWHMCP>
#	G	D	E	R	K	N	Q	S	T	A	V	L	I	F	Y	W	H	M	C	P
0	0.01359	0.01300	0.02189	0.03287	0.70568	0.01292	0.01655	0.01684	0.01303	0.01844	0.01436	0.01727	0.06640	0.00581	0.00575	0.00172	0.00650	0.00563	0.00302	0.00874
1	0.01386	0.63287	0.02539	0.00948	0.01365	0.03067	0.00907	0.01569	0.01150	0.01360	0.01268	0.01431	0.06566	0.01028	0.09823	0.00225	0.00706	0.00413	0.00275	0.00687
2	0.00703	0.00547	0.00628	0.00676	0.00793	0.00484	0.00475	0.00832	0.01222	0.01546	0.09918	0.33781	0.38892	0.05804	0.00818	0.00227	0.00319	0.01335	0.00529	0.00473
3	0.01486	0.01183	0.01326	0.01021	0.01461	0.01120	0.00817	0.24988	0.07880	0.02437	0.01404	0.07300	0.01187	0.00642	0.00508	0.00133	0.00485	0.00519	0.00449	0.43653
4	0.10633	0.01169	0.01361	0.01060	0.01482	0.01167	0.00871	0.25858	0.01889	0.36901	0.06527	0.01769	0.01420	0.00699	0.00551	0.00171	0.00512	0.00547	0.00605	0.04807
5	0.01334	0.05901	0.13662	0.11380	0.04224	0.01434	0.40752	0.07268	0.01384	0.01878	0.01200	0.04703	0.00957	0.00573	0.00619	0.00187	0.00846	0.00622	0.00307	0.00769
6	0.01426	0.05984	0.02283	0.01712	0.02009	0.12954	0.24745	0.01683	0.01180	0.01563	0.00925	0.01289	0.00793	0.00699	0.01090	0.00197	0.31683	0.00514	0.00276	0.06996
7	0.01173	0.00735	0.00892	0.00791	0.01014	0.00685	0.00612	0.08144	0.01621	0.13759	0.37100	0.07497	0.21424	0.01150	0.00653	0.00184	0.00345	0.00984	0.00608	0.00630
8	0.01087	0.00907	0.01174	0.01071	0.01313	0.00951	0.06368	0.01849	0.28251	0.02103	0.21525	0.03872	0.09317	0.01088	0.00666	0.00205	0.00447	0.16567	0.00555	0.00682
9	0.00905	0.00790	0.00793	0.00848	0.00927	0.09902	0.00584	0.01029	0.01220	0.01557	0.14987	0.49497	0.03507	0.09577	0.00919	0.00246	0.00430	0.01291	0.00500	0.00489
10	0.00987	0.00681	0.00766	0.00729	0.00790	0.00699	0.00459	0.10122	0.01093	0.01460	0.01887	0.11242	0.02115	0.61858	0.02391	0.00473	0.00541	0.00874	0.00394	0.00438
11	0.00711	0.00509	0.00676	0.00787	0.00833	0.00474	0.00532	0.00832	0.01161	0.01565	0.12356	0.70021	0.03987	0.01713	0.00723	0.00226	0.00324	0.01551	0.00543	0.00474
12	0.01295	0.01367	0.02648	0.17860	0.16037	0.01434	0.37468	0.01686	0.01240	0.01706	0.01063	0.01480	0.00839	0.00571	0.00787	0.00196	0.10709	0.00590	0.00276	0.00750
13	0.01055	0.00949	0.01052	0.01018	0.01171	0.10189	0.00787	0.01430	0.10398	0.01471	0.01554	0.02084	0.01385	0.03394	0.58489	0.00733	0.01335	0.00587	0.00340	0.00579
14	0.00881	0.00647	0.00786	0.00836	0.00942	0.00632	0.00589	0.10098	0.01322	0.01741	0.03250	0.60621	0.12255	0.01610	0.00704	0.00220	0.00364	0.01435	0.00536	0.00531
15	0.01097	0.01141	0.05881	0.01698	0.10804	0.01158	0.17190	0.01391	0.01069	0.01539	0.01238	0.01771	0.01092	0.02247	0.34657	0.00518	0.13984	0.00585	0.00287	0.00653
16	0.00918	0.00689	0.01021	0.00899	0.01006	0.00697	0.09759	0.01047	0.00952	0.01349	0.01674	0.03002	0.01734	0.46679	0.17231	0.00538	0.00771	0.00738	0.08844	0.00452
17	0.00760	0.00779	0.08537	0.00866	0.01016	0.00590	0.00704	0.00944	0.01136	0.01529	0.06430	0.49216	0.12388	0.01896	0.10088	0.00304	0.00523	0.01298	0.00478	0.00515
18	0.09357	0.00642	0.00843	0.00851	0.00957	0.00722	0.00637	0.01038	0.00936	0.01445	0.01694	0.12053	0.01723	0.12816	0.50848	0.00712	0.01149	0.00736	0.00345	0.00496
19	0.00987	0.00768	0.02690	0.10370	0.01374	0.00764	0.00780	0.10225	0.01306	0.01746	0.06222	0.43208	0.02766	0.01453	0.00841	0.08770	0.00456	0.04259	0.00472	0.00543
20	0.01225	0.01115	0.01838	0.14502	0.42718	0.01138	0.04826	0.01545	0.01267	0.01797	0.01746	0.02028	0.10130	0.00653	0.00565	0.00172	0.00606	0.00605	0.10765	0.00758
21	0.01005	0.00593	0.00752	0.08655	0.01072	0.00636	0.00586	0.01196	0.01072	0.01735	0.01608	0.02114	0.01356	0.05096	0.13953	0.10803	0.00576	0.00553	0.46144	0.00495
22	0.02023	0.11165	0.01832	0.01260	0.01709	0.01800	0.01056	0.58684	0.09484	0.03213	0.01395	0.01391	0.01018	0.00671	0.00548	0.00168	0.00610	0.00502	0.00533	0.00937
23	0.09082	0.01587	0.22424	0.01488	0.03178	0.01160	0.18937	0.01594	0.05175	0.01801	0.04673	0.09820	0.01492	0.10402	0.00935	0.00238	0.04295	0.00691	0.00343	0.00686
24	0.10204	0.18820	0.05040	0.01228	0.04010	0.21280	0.00997	0.17929	0.01568	0.01997	0.01089	0.01424	0.00946	0.10259	0.00775	0.00202	0.00712	0.00445	0.00355	0.00720
25	0.06259	0.00961	0.01264	0.01193	0.09010	0.00876	0.00844	0.05426	0.01481	0.35862	0.06591	0.11443	0.04246	0.00826	0.00571	0.00172	0.00464	0.00699	0.00560	0.11251
26	0.01610	0.11308	0.01479	0.01094	0.01389	0.13172	0.00865	0.05297	0.26868	0.10449	0.01707	0.01926	0.01380	0.10906	0.00889	0.00221	0.03856	0.00559	0.04268	0.00756
27	0.01135	0.00902	0.01302	0.01631	0.20477	0.00914	0.01033	0.05338	0.06974	0.01798	0.02137	0.15268	0.02206	0.01238	0.00834	0.08769	0.00530	0.24154	0.00438	0.02922
28	0.01521	0.04702	0.01851	0.01636	0.11186	0.01365	0.13524	0.02514	0.39102	0.09810	0.01835	0.01826	0.01371	0.00656	0.00579	0.00181	0.00578	0.00598	0.00481	0.04686
29	0.00892	0.00776	0.04425	0.00935	0.01081	0.00712	0.00738	0.01305	0.13622	0.01674	0.02939	0.41218	0.06143	0.04903	0.00801	0.00242	0.00425	0.16086	0.00517	0.00565

[dist]
# distance from previous block
# <min> <max>
0	2

[block]
# block no. 7 follows, 41 sequences, length 8
# corresponding to MSA columns:
# 698-705
name=unknown_H
#
# <colnr> <probs for GDERKNQSTAVLIFYWHMCP>
#	G	D	E	R	K	N	Q	S	T	A	V	L	I	F	Y	W	H	M	C	P
0	0.01034	0.00838	0.00959	0.00895	0.02545	0.00818	0.00665	0.06177	0.15342	0.01964	0.12884	0.11858	0.21885	0.03610	0.02939	0.00212	0.00420	0.02186	0.00512	0.12257
1	0.01184	0.01046	0.01351	0.11632	0.01596	0.03949	0.03282	0.08361	0.01165	0.01590	0.01577	0.04808	0.06141	0.21158	0.01588	0.00299	0.25056	0.00673	0.02967	0.00578
2	0.01463	0.01181	0.01590	0.01165	0.01655	0.01047	0.11620	0.15364	0.01530	0.07043	0.01413	0.01529	0.04497	0.00549	0.00511	0.00128	0.00540	0.00479	0.00409	0.46288
3	0.01194	0.01038	0.01325	0.01232	0.12394	0.00835	0.00827	0.01462	0.01233	0.01894	0.06150	0.01431	0.01167	0.00487	0.00462	0.00104	0.00451	0.00412	0.00351	0.65553
4	0.01399	0.01197	0.01530	0.09659	0.01852	0.01330	0.08207	0.13014	0.38301	0.02401	0.12812	0.02213	0.01977	0.00770	0.00602	0.00188	0.00536	0.00672	0.00523	0.00819
5	0.00790	0.00571	0.00695	0.00736	0.00857	0.00509	0.00517	0.00941	0.01181	0.01640	0.07954	0.47437	0.14099	0.01442	0.00652	0.00198	0.00324	0.01279	0.09497	0.08682
6	0.13951	0.01745	0.01458	0.08856	0.01815	0.26618	0.01012	0.17985	0.08533	0.02207	0.01141	0.01260	0.00880	0.00600	0.00506	0.00159	0.00709	0.00429	0.00392	0.09743
7	0.13529	0.01446	0.04890	0.02081	0.09772	0.01336	0.46016	0.01759	0.01268	0.01947	0.01077	0.01391	0.00828	0.00488	0.00586	0.00176	0.00797	0.00561	0.00302	0.09752

[dist]
# distance from previous block
# <min> <max>
0	75

# created by:
# /software/SequenceAnalysis/GenePrediction/augustus/3.0.1/scripts/msa2prfl.pl ./fixed/BUSCOvEOG75QJST.fas
