[name]
unknown

[dist]
# distance from previous block
# <min> <max>
10	265

[block]
# block no. 0 follows, 41 sequences, length 10
# corresponding to MSA columns:
# 279-288
name=unknown_A
#
# <colnr> <probs for GDERKNQSTAVLIFYWHMCP>
#	G	D	E	R	K	N	Q	S	T	A	V	L	I	F	Y	W	H	M	C	P
0	0.05063	0.01085	0.01294	0.01041	0.01431	0.01079	0.00845	0.14704	0.14737	0.40112	0.05640	0.02191	0.06595	0.00781	0.00579	0.00180	0.00480	0.00631	0.00634	0.00896
1	0.18100	0.01124	0.01321	0.01060	0.01464	0.01145	0.03503	0.11455	0.13359	0.35623	0.01969	0.01829	0.04123	0.00702	0.00540	0.00180	0.00500	0.00555	0.00580	0.00867
2	0.11619	0.01059	0.01262	0.01027	0.01427	0.01051	0.00833	0.02729	0.21705	0.47863	0.02108	0.01881	0.01415	0.00706	0.00552	0.00182	0.00472	0.00564	0.00633	0.00914
3	0.01499	0.50148	0.22982	0.01195	0.01778	0.01952	0.01300	0.10108	0.01350	0.01733	0.00925	0.01049	0.00759	0.00527	0.00439	0.00144	0.00677	0.00362	0.00282	0.00792
4	0.01393	0.01232	0.01582	0.01465	0.07349	0.01352	0.09405	0.06578	0.49205	0.02277	0.02226	0.02391	0.04528	0.00797	0.00609	0.00195	0.00537	0.05507	0.00519	0.00852
5	0.01163	0.01053	0.01667	0.57577	0.06581	0.01303	0.01454	0.04722	0.01193	0.01611	0.01062	0.01523	0.00825	0.00630	0.00710	0.00192	0.09707	0.00509	0.05864	0.00655
6	0.01443	0.01196	0.01361	0.01025	0.01538	0.00915	0.00790	0.01617	0.01346	0.02093	0.01275	0.01545	0.01092	0.00601	0.00539	0.00136	0.00514	0.00428	0.00426	0.80119
7	0.01670	0.01399	0.01464	0.01329	0.01665	0.01548	0.01008	0.03151	0.72404	0.02600	0.02533	0.02454	0.01954	0.00939	0.00690	0.00240	0.00542	0.00723	0.00660	0.01028
8	0.01082	0.00782	0.00957	0.00903	0.01058	0.00701	0.00658	0.01271	0.01762	0.02505	0.73197	0.04504	0.05455	0.01316	0.00779	0.00227	0.00367	0.01095	0.00705	0.00677
9	0.01341	0.01196	0.01869	0.75502	0.04016	0.01402	0.01663	0.01638	0.01306	0.01707	0.01275	0.01870	0.01011	0.00743	0.00681	0.00237	0.00839	0.00590	0.00345	0.00769

[dist]
# distance from previous block
# <min> <max>
0	11

[block]
# block no. 1 follows, 41 sequences, length 84
# corresponding to MSA columns:
# 300-383
name=unknown_B
#
# <colnr> <probs for GDERKNQSTAVLIFYWHMCP>
#	G	D	E	R	K	N	Q	S	T	A	V	L	I	F	Y	W	H	M	C	P
0	0.01362	0.01096	0.01324	0.00967	0.01474	0.00855	0.03002	0.03287	0.01296	0.05982	0.01170	0.01345	0.00951	0.00498	0.00476	0.00110	0.00474	0.00391	0.00388	0.73554
1	0.01337	0.01257	0.02146	0.36879	0.26674	0.01363	0.11375	0.04170	0.01304	0.01770	0.01135	0.01587	0.00908	0.00645	0.00693	0.02768	0.02351	0.00554	0.00305	0.00778
2	0.01937	0.36522	0.02274	0.01289	0.01685	0.37887	0.01076	0.07737	0.01545	0.01620	0.00959	0.01113	0.00825	0.00602	0.00487	0.00152	0.00835	0.00378	0.00320	0.00756
3	0.01731	0.45265	0.12980	0.01244	0.04930	0.03560	0.01166	0.01976	0.01320	0.15454	0.01198	0.01290	0.00942	0.00588	0.00478	0.00156	0.00650	0.00410	0.00363	0.04299
4	0.00936	0.00652	0.00835	0.00780	0.00929	0.00594	0.00582	0.01181	0.01660	0.04402	0.73189	0.04275	0.05304	0.01199	0.00702	0.00193	0.00304	0.01039	0.00653	0.00591
5	0.02032	0.01195	0.04033	0.01189	0.01597	0.01126	0.04130	0.02767	0.28436	0.39913	0.05340	0.02163	0.01718	0.00784	0.00616	0.00198	0.00524	0.00642	0.00645	0.00951
6	0.01294	0.01273	0.01858	0.01573	0.01632	0.01669	0.07396	0.01426	0.00981	0.01492	0.01028	0.06772	0.01041	0.01056	0.01712	0.00257	0.65961	0.00616	0.00299	0.00665
7	0.01692	0.01710	0.02188	0.02918	0.52875	0.17092	0.03053	0.07592	0.01522	0.01973	0.01135	0.01436	0.00945	0.00589	0.00590	0.00179	0.00777	0.00508	0.00334	0.00894
8	0.01412	0.01570	0.03342	0.05091	0.03056	0.01476	0.70890	0.01865	0.01387	0.01885	0.01225	0.01641	0.00934	0.00535	0.00701	0.00206	0.00977	0.00691	0.00314	0.00803
9	0.00776	0.00555	0.00720	0.00848	0.00888	0.00512	0.00565	0.00855	0.01142	0.01530	0.03201	0.78705	0.03819	0.01827	0.00759	0.00245	0.00359	0.01636	0.00554	0.00505
10	0.02256	0.01517	0.01662	0.01290	0.01737	0.01625	0.01054	0.60496	0.02510	0.14420	0.01591	0.01585	0.01124	0.00737	0.00598	0.00185	0.00619	0.00548	0.03456	0.00992
11	0.02564	0.01108	0.04543	0.01092	0.01554	0.00904	0.00924	0.02781	0.01660	0.72772	0.02264	0.02009	0.01450	0.00748	0.00605	0.00191	0.00527	0.00591	0.00709	0.01002
12	0.00909	0.00611	0.00681	0.00677	0.00685	0.00600	0.00383	0.00890	0.00882	0.01183	0.01867	0.03816	0.02135	0.79013	0.02915	0.00564	0.00579	0.00851	0.00372	0.00388
13	0.78648	0.01129	0.00891	0.00802	0.01148	0.01281	0.00648	0.01697	0.01056	0.02609	0.04846	0.01211	0.00945	0.00614	0.00405	0.00191	0.00459	0.00374	0.00393	0.00654
14	0.01221	0.02987	0.76093	0.01672	0.02515	0.01365	0.02129	0.01858	0.01253	0.01877	0.01100	0.01310	0.00796	0.00593	0.00575	0.00195	0.00866	0.00447	0.00268	0.00881
15	0.00895	0.00669	0.00972	0.00969	0.01078	0.00759	0.00747	0.01077	0.00968	0.01400	0.01600	0.02337	0.01493	0.04295	0.76755	0.00924	0.01545	0.00635	0.00332	0.00550
16	0.00887	0.00641	0.00820	0.00772	0.00913	0.00586	0.00573	0.01134	0.01660	0.02354	0.75219	0.04339	0.05414	0.01211	0.00705	0.00193	0.00298	0.01052	0.00651	0.00579
17	0.02563	0.01039	0.01374	0.01074	0.01513	0.00914	0.00874	0.02836	0.05567	0.71985	0.02320	0.02050	0.01497	0.00759	0.00607	0.00191	0.00510	0.00602	0.00722	0.01004
18	0.01221	0.02987	0.76093	0.01672	0.02515	0.01365	0.02129	0.01858	0.01253	0.01877	0.01100	0.01310	0.00796	0.00593	0.00575	0.00195	0.00866	0.00447	0.00268	0.00881
19	0.00792	0.00647	0.00687	0.00704	0.00893	0.00556	0.00542	0.00933	0.01350	0.01639	0.05403	0.05697	0.64507	0.01507	0.00723	0.00217	0.00352	0.11770	0.00553	0.00529
20	0.00809	0.00579	0.00758	0.00886	0.00941	0.00540	0.00623	0.00912	0.01175	0.01568	0.03183	0.67891	0.03746	0.01795	0.00768	0.00250	0.00388	0.12122	0.00553	0.00514
21	0.01259	0.01068	0.01236	0.00898	0.01408	0.00806	0.00710	0.01491	0.01232	0.01929	0.01091	0.01289	0.00917	0.00474	0.00456	0.00099	0.00450	0.00364	0.00364	0.82458
22	0.01486	0.01406	0.02358	0.03530	0.75500	0.01396	0.01775	0.01802	0.01347	0.01934	0.01149	0.01515	0.00975	0.00559	0.00597	0.00183	0.00702	0.00533	0.00309	0.00941
23	0.00895	0.00669	0.00972	0.00969	0.01078	0.00759	0.00747	0.01077	0.00968	0.01400	0.01600	0.02337	0.01493	0.04295	0.76755	0.00924	0.01545	0.00635	0.00332	0.00550
24	0.00872	0.00640	0.00799	0.00756	0.00904	0.00579	0.00562	0.01105	0.01625	0.02270	0.67356	0.04477	0.13329	0.01243	0.00705	0.00195	0.00300	0.01071	0.00640	0.00573
25	0.01422	0.01588	0.03399	0.02443	0.03022	0.01482	0.73418	0.01878	0.01394	0.01898	0.01230	0.01641	0.00938	0.00532	0.00705	0.00206	0.00984	0.00696	0.00315	0.00808
26	0.01419	0.01581	0.03361	0.02422	0.02987	0.01489	0.71696	0.01867	0.01383	0.01887	0.01220	0.01634	0.00935	0.00544	0.00733	0.00208	0.02822	0.00692	0.00314	0.00805
27	0.00880	0.00641	0.00810	0.00765	0.00908	0.00583	0.00568	0.01121	0.01643	0.02315	0.71510	0.04404	0.09147	0.01226	0.00705	0.00194	0.00299	0.01061	0.00646	0.00576
28	0.01411	0.01664	0.07342	0.02401	0.02995	0.01476	0.69552	0.01877	0.01386	0.01897	0.01223	0.01623	0.00930	0.00536	0.00698	0.00206	0.00977	0.00683	0.00312	0.00812
29	0.00814	0.00588	0.00768	0.00723	0.00858	0.00542	0.00542	0.01082	0.01621	0.02297	0.75983	0.04276	0.05398	0.01172	0.00676	0.00181	0.00271	0.01035	0.00631	0.00542
30	0.01866	0.01449	0.01543	0.01255	0.01657	0.01630	0.01013	0.44721	0.32856	0.03104	0.01774	0.01695	0.01298	0.00726	0.00578	0.00182	0.00557	0.00571	0.00578	0.00947
31	0.01040	0.00539	0.00557	0.00560	0.00683	0.00541	0.00412	0.01285	0.01171	0.02039	0.01891	0.04356	0.01565	0.04996	0.02930	0.00183	0.00324	0.00583	0.73822	0.00523
32	0.00888	0.00660	0.00715	0.00712	0.00741	0.03942	0.00441	0.00926	0.00888	0.01167	0.01758	0.05186	0.01968	0.63364	0.13813	0.00584	0.00716	0.00799	0.00344	0.00390
33	0.05645	0.11113	0.01742	0.01387	0.01709	0.64434	0.01071	0.03670	0.01567	0.01494	0.00885	0.01027	0.00740	0.00581	0.00495	0.00147	0.00953	0.00363	0.00299	0.00677
34	0.05523	0.02862	0.72869	0.01586	0.02405	0.01328	0.02035	0.01807	0.01198	0.01855	0.01018	0.01199	0.00723	0.00546	0.00535	0.00182	0.00825	0.00418	0.00249	0.00835
35	0.00701	0.00501	0.00667	0.00799	0.00833	0.00467	0.00533	0.00800	0.01098	0.01464	0.03155	0.79479	0.03785	0.01794	0.00732	0.00233	0.00333	0.01627	0.00532	0.00467
36	0.01151	0.02960	0.76887	0.01633	0.02478	0.01330	0.02114	0.01814	0.01210	0.01815	0.01031	0.01213	0.00729	0.00546	0.00545	0.00182	0.00847	0.00424	0.00243	0.00847
37	0.00737	0.00583	0.00665	0.00661	0.00823	0.00511	0.00496	0.00927	0.01406	0.01814	0.30229	0.09094	0.44679	0.01376	0.00684	0.00194	0.00295	0.03755	0.00567	0.00506
38	0.01007	0.00570	0.00654	0.00699	0.00827	0.00567	0.00558	0.01262	0.01229	0.01977	0.02276	0.07983	0.02126	0.00995	0.00532	0.00177	0.00346	0.21003	0.54683	0.00529
39	0.00692	0.00583	0.00598	0.00594	0.00783	0.00490	0.00446	0.00846	0.01333	0.01613	0.11803	0.05402	0.70004	0.01427	0.00678	0.00193	0.00290	0.01193	0.00541	0.00490
40	0.01255	0.01254	0.01754	0.01504	0.01505	0.01754	0.01253	0.01379	0.00879	0.01381	0.00755	0.01257	0.00755	0.01004	0.01878	0.00251	0.78801	0.00502	0.00252	0.00628
41	0.01243	0.01051	0.01217	0.00875	0.01381	0.00819	0.00702	0.05355	0.01269	0.01961	0.01040	0.01202	0.00858	0.00441	0.00433	0.00090	0.00436	0.00350	0.00353	0.78925
42	0.01517	0.76955	0.06096	0.01009	0.01513	0.02226	0.01028	0.01720	0.01167	0.01369	0.00809	0.00936	0.00738	0.00494	0.00376	0.00126	0.00623	0.00312	0.00246	0.00741
43	0.83888	0.01109	0.00844	0.00755	0.01109	0.01285	0.00621	0.01684	0.00976	0.02570	0.00801	0.00935	0.00624	0.00534	0.00356	0.00178	0.00444	0.00311	0.00355	0.00622
44	0.00795	0.00587	0.00742	0.00703	0.00846	0.00534	0.00527	0.01046	0.01577	0.02192	0.66131	0.04449	0.15315	0.01211	0.00676	0.00183	0.00274	0.01060	0.00617	0.00534
45	0.00688	0.00583	0.00593	0.00590	0.00780	0.00489	0.00442	0.00838	0.01323	0.01589	0.09560	0.05442	0.72263	0.01436	0.00678	0.00193	0.00290	0.01199	0.00538	0.00488
46	0.01190	0.01020	0.01189	0.00850	0.01358	0.00765	0.00680	0.01443	0.01189	0.01868	0.01021	0.01192	0.00851	0.00426	0.00425	0.00086	0.00425	0.00340	0.00340	0.83342
47	0.00856	0.00629	0.00807	0.00766	0.00912	0.00600	0.00583	0.01202	0.05898	0.02272	0.67776	0.04269	0.05072	0.01171	0.00677	0.00186	0.00296	0.04842	0.00623	0.00563
48	0.00701	0.00504	0.00664	0.00792	0.00831	0.00468	0.00530	0.00801	0.01105	0.01467	0.03247	0.76904	0.06301	0.01782	0.00730	0.00232	0.00332	0.01612	0.00532	0.00467
49	0.01510	0.01279	0.01345	0.01203	0.01534	0.01454	0.00932	0.06596	0.69347	0.02491	0.02407	0.02251	0.03317	0.00829	0.00612	0.00205	0.00482	0.00672	0.00601	0.00932
50	0.00904	0.00607	0.00676	0.00674	0.00680	0.00597	0.00380	0.00885	0.00878	0.01178	0.01862	0.03810	0.02131	0.79077	0.02915	0.00563	0.00577	0.00850	0.00370	0.00385
51	0.00770	0.00551	0.00716	0.00844	0.00884	0.00508	0.00562	0.00850	0.01139	0.01525	0.03198	0.78764	0.03816	0.01824	0.00757	0.00244	0.00357	0.01636	0.00552	0.00502
52	0.01238	0.01167	0.01976	0.57057	0.20178	0.01334	0.05283	0.01593	0.01233	0.01637	0.01106	0.01593	0.00866	0.00599	0.00605	0.00198	0.00774	0.00539	0.00287	0.00738
53	0.01594	0.79424	0.03024	0.01024	0.01515	0.02287	0.01005	0.01757	0.01205	0.01412	0.00866	0.01016	0.00800	0.00536	0.00398	0.00135	0.00634	0.00330	0.00269	0.00768
54	0.01319	0.01296	0.01792	0.01542	0.01549	0.01782	0.01275	0.01424	0.00922	0.01443	0.00822	0.01346	0.00817	0.01042	0.01892	0.00262	0.78018	0.00522	0.00274	0.00661
55	0.01571	0.01315	0.01385	0.01224	0.01566	0.01494	0.00953	0.10918	0.66545	0.02581	0.02277	0.02135	0.01716	0.00809	0.00610	0.00204	0.00496	0.00652	0.00601	0.00945
56	0.02194	0.02755	0.01663	0.01514	0.01812	0.76802	0.01130	0.02322	0.01659	0.01466	0.00954	0.01128	0.00803	0.00635	0.00545	0.00160	0.01049	0.00392	0.00318	0.00698
57	0.02478	0.01010	0.01332	0.01045	0.01472	0.00882	0.00850	0.02725	0.04329	0.69303	0.02501	0.02228	0.05430	0.00794	0.00610	0.00191	0.00498	0.00632	0.00713	0.00977
58	0.01704	0.01734	0.03371	0.02506	0.03060	0.01589	0.66047	0.02029	0.01575	0.02170	0.01649	0.05979	0.01392	0.00819	0.00840	0.00267	0.01038	0.00839	0.00440	0.00954
59	0.00904	0.00607	0.00676	0.00674	0.00680	0.00597	0.00380	0.00885	0.00878	0.01178	0.01862	0.03810	0.02131	0.79077	0.02915	0.00563	0.00577	0.00850	0.00370	0.00385
60	0.01396	0.01328	0.02260	0.21872	0.54133	0.01376	0.05362	0.01731	0.01307	0.01828	0.01133	0.01541	0.00933	0.00570	0.00602	0.00189	0.00735	0.00539	0.00300	0.00865
61	0.02227	0.01796	0.01744	0.01380	0.01817	0.12137	0.01115	0.63841	0.02570	0.03346	0.01371	0.01420	0.01004	0.00718	0.00593	0.00181	0.00706	0.00517	0.00555	0.00962
62	0.00804	0.00575	0.00754	0.00882	0.00937	0.00537	0.00620	0.00908	0.01171	0.01563	0.03180	0.67950	0.03743	0.01793	0.00766	0.00249	0.00386	0.12121	0.00551	0.00511
63	0.02044	0.00913	0.01174	0.00956	0.01316	0.00799	0.00764	0.02280	0.03819	0.51657	0.12273	0.02933	0.14547	0.00937	0.00634	0.00193	0.00448	0.00763	0.00684	0.00866
64	0.01594	0.79424	0.03024	0.01024	0.01515	0.02287	0.01005	0.01757	0.01205	0.01412	0.00866	0.01016	0.00800	0.00536	0.00398	0.00135	0.00634	0.00330	0.00269	0.00768
65	0.00770	0.00551	0.00716	0.00844	0.00884	0.00508	0.00562	0.00850	0.01139	0.01525	0.03198	0.78764	0.03816	0.01824	0.00757	0.00244	0.00357	0.01636	0.00552	0.00502
66	0.04038	0.01270	0.01325	0.01195	0.01523	0.01452	0.00924	0.03027	0.72232	0.02453	0.02335	0.02182	0.01766	0.00812	0.00604	0.00206	0.00476	0.00656	0.00596	0.00929
67	0.02619	0.01021	0.01372	0.01063	0.01508	0.00880	0.00869	0.02820	0.01675	0.75969	0.02312	0.02034	0.01475	0.00752	0.00604	0.00189	0.00510	0.00596	0.00727	0.01005
68	0.00882	0.00637	0.00816	0.00768	0.00909	0.00583	0.00571	0.01130	0.01657	0.02350	0.75277	0.04334	0.05412	0.01208	0.00702	0.00192	0.00296	0.01050	0.00650	0.00576
69	0.01594	0.79424	0.03024	0.01024	0.01515	0.02287	0.01005	0.01757	0.01205	0.01412	0.00866	0.01016	0.00800	0.00536	0.00398	0.00135	0.00634	0.00330	0.00269	0.00768
70	0.00809	0.00634	0.00714	0.00692	0.00864	0.00551	0.00514	0.00989	0.01484	0.01940	0.36856	0.05008	0.44089	0.01361	0.00703	0.00200	0.00306	0.01145	0.00596	0.00545
71	0.01254	0.01064	0.01233	0.00894	0.01404	0.00803	0.00708	0.01487	0.01229	0.01925	0.01085	0.01281	0.00912	0.00471	0.00454	0.00098	0.00448	0.00362	0.00362	0.82526
72	0.01721	0.01354	0.01443	0.01238	0.01603	0.01516	0.00974	0.20424	0.53650	0.05987	0.02147	0.02026	0.01599	0.00795	0.00608	0.00200	0.00521	0.00632	0.00606	0.00957
73	0.01178	0.01093	0.01808	0.71305	0.10152	0.01313	0.01623	0.01533	0.01200	0.01561	0.01090	0.01607	0.00841	0.00612	0.00600	0.00201	0.00776	0.00530	0.00281	0.00694
74	0.01409	0.01647	0.07249	0.02345	0.02927	0.01472	0.66410	0.01926	0.04611	0.01917	0.01268	0.01642	0.00963	0.00545	0.00692	0.00205	0.00954	0.00680	0.00323	0.00815
75	0.02116	0.02629	0.01621	0.01481	0.01768	0.72212	0.01107	0.02246	0.01617	0.01461	0.00993	0.01201	0.00844	0.00856	0.05149	0.00206	0.01079	0.00406	0.00319	0.00689
76	0.01159	0.01077	0.01758	0.73654	0.03831	0.01331	0.01591	0.01504	0.01173	0.01522	0.01071	0.01602	0.00828	0.00640	0.00670	0.00206	0.04906	0.00530	0.00278	0.00670
77	0.00904	0.00607	0.00676	0.00674	0.00680	0.00597	0.00380	0.00885	0.00878	0.01178	0.01862	0.03810	0.02131	0.79077	0.02915	0.00563	0.00577	0.00850	0.00370	0.00385
78	0.01216	0.02985	0.76153	0.01669	0.02512	0.01363	0.02127	0.01854	0.01250	0.01873	0.01095	0.01303	0.00791	0.00589	0.00573	0.00194	0.00865	0.00445	0.00266	0.00878
79	0.00688	0.00580	0.00595	0.00592	0.00780	0.00488	0.00444	0.00843	0.01331	0.01610	0.11873	0.05398	0.69979	0.01424	0.00676	0.00192	0.00288	0.01192	0.00540	0.00488
80	0.00928	0.00673	0.00847	0.00771	0.00934	0.00647	0.00587	0.07427	0.01712	0.02407	0.69567	0.04022	0.05014	0.01128	0.00666	0.00179	0.00301	0.00989	0.00625	0.00577
81	0.00824	0.00606	0.00898	0.00898	0.00991	0.00699	0.00689	0.01002	0.00909	0.01305	0.01526	0.02303	0.01447	0.07991	0.71140	0.03909	0.01445	0.00620	0.00306	0.00493
82	0.02024	0.02607	0.04380	0.01482	0.01771	0.68271	0.01155	0.02188	0.01542	0.01413	0.00878	0.01057	0.00738	0.00623	0.00634	0.00157	0.07742	0.00382	0.00289	0.00667
83	0.00696	0.00501	0.00661	0.00789	0.00828	0.00465	0.00527	0.00797	0.01103	0.01463	0.03249	0.76824	0.06422	0.01779	0.00728	0.00231	0.00330	0.01611	0.00531	0.00465

[dist]
# distance from previous block
# <min> <max>
0	137

# created by:
# /software/SequenceAnalysis/GenePrediction/augustus/3.0.1/scripts/msa2prfl.pl ./fixed/BUSCOvEOG7PVQDB.fas
