[name]
unknown

[dist]
# distance from previous block
# <min> <max>
15	64

[block]
# block no. 0 follows, 39 sequences, length 141
# corresponding to MSA columns:
# 82-222
name=unknown_A
#
# <colnr> <probs for GDERKNQSTAVLIFYWHMCP>
#	G	D	E	R	K	N	Q	S	T	A	V	L	I	F	Y	W	H	M	C	P
0	0.01803	0.01101	0.01267	0.01086	0.01434	0.01109	0.00851	0.05544	0.29688	0.26462	0.08791	0.02926	0.13275	0.00968	0.00657	0.00208	0.00476	0.00785	0.00665	0.00905
1	0.01438	0.01533	0.03189	0.03683	0.02888	0.01459	0.62216	0.01826	0.01371	0.01871	0.01248	0.01716	0.00983	0.00713	0.00916	0.07386	0.03762	0.00697	0.00323	0.00785
2	0.02651	0.01082	0.01426	0.01117	0.01570	0.00953	0.00908	0.02936	0.05930	0.70765	0.02406	0.02132	0.01557	0.00791	0.00631	0.00200	0.00530	0.00625	0.00748	0.01042
3	0.00813	0.00581	0.00751	0.00883	0.00926	0.00535	0.00588	0.00891	0.01186	0.01591	0.03315	0.77884	0.03951	0.01892	0.00789	0.00255	0.00374	0.01692	0.00575	0.00527
4	0.01636	0.01389	0.01407	0.01267	0.01605	0.05579	0.00979	0.03091	0.65048	0.05735	0.02402	0.02318	0.01829	0.00857	0.00637	0.00214	0.00533	0.01898	0.00616	0.00959
5	0.01311	0.01110	0.01284	0.00935	0.01462	0.00839	0.00738	0.01547	0.01279	0.02002	0.01137	0.01345	0.00957	0.00497	0.00476	0.00105	0.00468	0.00380	0.00379	0.81748
6	0.01949	0.01478	0.01583	0.01317	0.01722	0.01635	0.01047	0.33325	0.38883	0.07036	0.02047	0.01965	0.01513	0.00813	0.00633	0.00205	0.00578	0.00631	0.00630	0.01010
7	0.01378	0.01350	0.01861	0.01602	0.01611	0.01848	0.01323	0.01482	0.00963	0.01506	0.00866	0.01412	0.00859	0.01086	0.01958	0.00273	0.77097	0.00545	0.00289	0.00691
8	0.01002	0.00793	0.01125	0.01083	0.01176	0.00940	0.00841	0.01166	0.00997	0.01453	0.01556	0.02344	0.01478	0.07226	0.61608	0.00837	0.12800	0.00652	0.00340	0.00584
9	0.00813	0.00581	0.00751	0.00883	0.00926	0.00535	0.00588	0.00891	0.01186	0.01591	0.03315	0.77884	0.03951	0.01892	0.00789	0.00255	0.00374	0.01692	0.00575	0.00527
10	0.01789	0.01444	0.01527	0.01306	0.01686	0.01622	0.01027	0.24585	0.51715	0.02923	0.02174	0.02073	0.01631	0.00828	0.00635	0.00209	0.00553	0.00652	0.00624	0.00998
11	0.01468	0.01256	0.01938	0.06407	0.38385	0.01291	0.03731	0.05701	0.05630	0.05290	0.01742	0.16706	0.01656	0.00908	0.00734	0.00212	0.04867	0.00795	0.00423	0.00860
12	0.01691	0.01362	0.01756	0.07295	0.01878	0.01604	0.03040	0.19695	0.05782	0.07676	0.01320	0.01619	0.01068	0.01032	0.04504	0.00257	0.31210	0.00562	0.00437	0.06213
13	0.01661	0.78553	0.03131	0.01069	0.01577	0.02369	0.01045	0.01825	0.01255	0.01474	0.00911	0.01071	0.00842	0.00564	0.00418	0.00143	0.00660	0.00346	0.00283	0.00802
14	0.00917	0.00662	0.00845	0.00812	0.00949	0.00605	0.00596	0.01154	0.01673	0.02365	0.67927	0.11066	0.05449	0.01314	0.00737	0.00206	0.00317	0.01143	0.00667	0.00597
15	0.09874	0.06488	0.41671	0.01482	0.02165	0.01342	0.04781	0.02162	0.01393	0.20647	0.01436	0.01530	0.01008	0.00655	0.00583	0.00199	0.00755	0.00498	0.00415	0.00916
16	0.01222	0.01130	0.01858	0.72729	0.08016	0.01362	0.01676	0.01586	0.01245	0.01615	0.01140	0.01685	0.00879	0.00645	0.00627	0.00211	0.00809	0.00553	0.00295	0.00716
17	0.00813	0.00581	0.00751	0.00883	0.00926	0.00535	0.00588	0.00891	0.01186	0.01591	0.03315	0.77884	0.03951	0.01892	0.00789	0.00255	0.00374	0.01692	0.00575	0.00527
18	0.01492	0.01470	0.02651	0.11155	0.48790	0.01460	0.19872	0.01857	0.01393	0.01954	0.01212	0.01624	0.00992	0.00584	0.00651	0.00200	0.00812	0.00597	0.00321	0.00913
19	0.02518	0.05590	0.01589	0.01188	0.01632	0.07907	0.00966	0.10115	0.05577	0.53053	0.02102	0.01927	0.01406	0.00765	0.00614	0.00193	0.00603	0.00584	0.00670	0.01000
20	0.01847	0.01318	0.01451	0.01202	0.01537	0.01406	0.00937	0.43333	0.06166	0.06245	0.06156	0.13115	0.01950	0.09320	0.00915	0.00246	0.00588	0.00800	0.00597	0.00871
21	0.00813	0.00581	0.00751	0.00883	0.00926	0.00535	0.00588	0.00891	0.01186	0.01591	0.03315	0.77884	0.03951	0.01892	0.00789	0.00255	0.00374	0.01692	0.00575	0.00527
22	0.05954	0.41384	0.17136	0.01293	0.01836	0.11838	0.01286	0.09236	0.01477	0.01880	0.01031	0.01195	0.00859	0.00612	0.00496	0.00166	0.00757	0.00401	0.00330	0.00834
23	0.01317	0.01329	0.02501	0.45739	0.03664	0.01438	0.29916	0.01718	0.01315	0.01741	0.01189	0.01693	0.00914	0.00620	0.00694	0.00215	0.02315	0.00620	0.00307	0.00756
24	0.01331	0.01176	0.01536	0.01128	0.01635	0.00961	0.07903	0.01584	0.01279	0.01973	0.01137	0.01385	0.00954	0.00534	0.00579	0.00124	0.04531	0.00423	0.00370	0.69455
25	0.00940	0.00640	0.00735	0.00736	0.00759	0.00628	0.00439	0.00948	0.00982	0.01331	0.06003	0.08231	0.02472	0.66128	0.06074	0.00560	0.00618	0.00931	0.00412	0.00432
26	0.01625	0.04877	0.01511	0.01263	0.01621	0.01582	0.00990	0.09225	0.63997	0.02602	0.02317	0.02187	0.01757	0.00835	0.00627	0.00211	0.00521	0.00666	0.00611	0.00974
27	0.02025	0.35224	0.02364	0.01307	0.01752	0.21704	0.01112	0.23404	0.01850	0.02186	0.01114	0.01243	0.00916	0.00652	0.00522	0.00165	0.00779	0.00428	0.00398	0.00856
28	0.00813	0.00581	0.00751	0.00883	0.00926	0.00535	0.00588	0.00891	0.01186	0.01591	0.03315	0.77884	0.03951	0.01892	0.00789	0.00255	0.00374	0.01692	0.00575	0.00527
29	0.01313	0.02820	0.62211	0.01942	0.06871	0.01432	0.10727	0.01925	0.01324	0.01955	0.01166	0.01421	0.00861	0.00610	0.00616	0.00204	0.00903	0.00502	0.00289	0.00910
30	0.05863	0.01701	0.01741	0.01375	0.01829	0.05875	0.01115	0.59040	0.06098	0.06751	0.01535	0.01561	0.01115	0.00758	0.00615	0.00193	0.00677	0.00551	0.00598	0.01008
31	0.02701	0.01095	0.01446	0.01122	0.01583	0.00961	0.00915	0.06026	0.01787	0.71824	0.02361	0.02095	0.01517	0.00786	0.00631	0.00198	0.00539	0.00618	0.00750	0.01046
32	0.00943	0.00666	0.00848	0.00845	0.00901	0.00701	0.00572	0.01015	0.00959	0.01335	0.01812	0.03257	0.01912	0.44546	0.36248	0.00753	0.01056	0.00781	0.00369	0.00483
33	0.00935	0.00699	0.01012	0.01008	0.01121	0.00790	0.00776	0.01120	0.01007	0.01456	0.01663	0.02427	0.01551	0.04439	0.75862	0.00956	0.01598	0.00659	0.00346	0.00574
34	0.02226	0.01643	0.01771	0.01387	0.01839	0.01802	0.01130	0.67128	0.04286	0.03622	0.01531	0.01603	0.01129	0.00970	0.04785	0.00236	0.00725	0.00568	0.00603	0.01018
35	0.00831	0.00666	0.00721	0.00704	0.00892	0.00571	0.00521	0.00993	0.01493	0.01901	0.26032	0.05381	0.54184	0.01459	0.00733	0.00211	0.00326	0.01214	0.00605	0.00563
36	0.00924	0.00667	0.00851	0.00807	0.00950	0.00609	0.00597	0.01170	0.01703	0.02413	0.71961	0.06894	0.05543	0.01278	0.00734	0.00203	0.00313	0.01109	0.00673	0.00601
37	0.82351	0.01202	0.00932	0.00838	0.01208	0.01370	0.00678	0.01793	0.01062	0.02719	0.00912	0.01083	0.00725	0.00606	0.00405	0.00199	0.00487	0.00350	0.00395	0.00685
38	0.00813	0.00581	0.00751	0.00883	0.00926	0.00535	0.00588	0.00891	0.01186	0.01591	0.03315	0.77884	0.03951	0.01892	0.00789	0.00255	0.00374	0.01692	0.00575	0.00527
39	0.02076	0.01627	0.01771	0.05920	0.05961	0.06421	0.01192	0.43175	0.12689	0.06853	0.01591	0.01663	0.01182	0.00771	0.00685	0.00200	0.04121	0.00571	0.00558	0.00975
40	0.02025	0.01581	0.02014	0.05528	0.26980	0.03002	0.01399	0.39975	0.02176	0.06965	0.01421	0.01584	0.01073	0.00697	0.00625	0.00193	0.00701	0.00558	0.00504	0.01001
41	0.00813	0.00581	0.00751	0.00883	0.00926	0.00535	0.00588	0.00891	0.01186	0.01591	0.03315	0.77884	0.03951	0.01892	0.00789	0.00255	0.00374	0.01692	0.00575	0.00527
42	0.82351	0.01202	0.00932	0.00838	0.01208	0.01370	0.00678	0.01793	0.01062	0.02719	0.00912	0.01083	0.00725	0.00606	0.00405	0.00199	0.00487	0.00350	0.00395	0.00685
43	0.05897	0.01030	0.01330	0.01077	0.01459	0.00948	0.00867	0.02513	0.02856	0.55766	0.05590	0.05763	0.06005	0.00911	0.00712	0.00207	0.04732	0.00712	0.00690	0.00937
44	0.05740	0.01446	0.02610	0.05528	0.09778	0.01425	0.39889	0.02090	0.12548	0.05367	0.01520	0.01906	0.01200	0.05157	0.00813	0.00232	0.00826	0.00679	0.00399	0.00844
45	0.00930	0.00671	0.00858	0.00812	0.00958	0.00614	0.00605	0.01182	0.01715	0.02429	0.72857	0.04537	0.05554	0.01266	0.00734	0.00203	0.00316	0.02483	0.00674	0.00603
46	0.01653	0.01148	0.01374	0.01033	0.01515	0.00967	0.00826	0.05746	0.01439	0.16692	0.01395	0.01515	0.01075	0.00602	0.00596	0.00138	0.04678	0.00447	0.00463	0.56699
47	0.01661	0.78553	0.03131	0.01069	0.01577	0.02369	0.01045	0.01825	0.01255	0.01474	0.00911	0.01071	0.00842	0.00564	0.00418	0.00143	0.00660	0.00346	0.00283	0.00802
48	0.01444	0.01373	0.16125	0.01227	0.01608	0.01016	0.04815	0.01763	0.01530	0.16640	0.30866	0.02799	0.02910	0.00948	0.00795	0.00205	0.08159	0.00765	0.00542	0.04470
49	0.01577	0.10160	0.09831	0.02934	0.48081	0.01532	0.09569	0.01926	0.01393	0.05262	0.01225	0.01541	0.00999	0.00592	0.00609	0.00190	0.00761	0.00544	0.00334	0.00939
50	0.10495	0.05076	0.14729	0.02427	0.36232	0.01362	0.06475	0.01972	0.01339	0.12544	0.01240	0.01437	0.00937	0.00562	0.00557	0.00179	0.00694	0.00501	0.00355	0.00886
51	0.02325	0.00964	0.01287	0.01017	0.01422	0.00859	0.00829	0.02644	0.05881	0.61180	0.12765	0.02368	0.02072	0.00804	0.00610	0.00184	0.00469	0.00667	0.00713	0.00938
52	0.01102	0.00551	0.00551	0.00551	0.00689	0.00551	0.00413	0.01378	0.01240	0.02205	0.01929	0.02205	0.01516	0.00689	0.00413	0.00138	0.00276	0.00551	0.82500	0.00551
53	0.01673	0.09952	0.01917	0.09907	0.02058	0.08120	0.11231	0.02527	0.30773	0.12970	0.01769	0.01783	0.01307	0.00676	0.00583	0.00185	0.00654	0.00582	0.00476	0.00854
54	0.00858	0.00582	0.00687	0.00687	0.00702	0.00596	0.00411	0.00887	0.00873	0.01178	0.01825	0.03656	0.02057	0.68850	0.13249	0.00626	0.00713	0.00829	0.00353	0.00382
55	0.00717	0.00587	0.00632	0.00648	0.00817	0.00503	0.00476	0.00873	0.01350	0.01666	0.12924	0.16555	0.57160	0.01520	0.00707	0.00204	0.00304	0.01294	0.00560	0.00503
56	0.01408	0.01349	0.02301	0.15425	0.64163	0.01391	0.01787	0.01767	0.01320	0.01865	0.01103	0.01482	0.00913	0.00537	0.00586	0.00179	0.00716	0.00527	0.00288	0.00892
57	0.02298	0.01576	0.01725	0.01322	0.01794	0.01714	0.01092	0.64803	0.02646	0.12670	0.01533	0.01493	0.01062	0.00713	0.00592	0.00178	0.00632	0.00540	0.00609	0.01006
58	0.01977	0.02451	0.02067	0.01806	0.05300	0.55529	0.15241	0.02205	0.01573	0.01555	0.00972	0.01197	0.00796	0.00603	0.00630	0.00167	0.04458	0.00455	0.00301	0.00717
59	0.00744	0.00532	0.00707	0.00808	0.00863	0.00496	0.00551	0.00881	0.01239	0.01680	0.17484	0.64120	0.04241	0.01725	0.00743	0.00229	0.00330	0.01560	0.00569	0.00496
60	0.01581	0.79572	0.03099	0.01012	0.01518	0.02340	0.01012	0.01771	0.01202	0.01391	0.00822	0.00949	0.00759	0.00506	0.00379	0.00126	0.00632	0.00316	0.00253	0.00759
61	0.01373	0.01138	0.01305	0.00945	0.01463	0.00938	0.00761	0.11808	0.01449	0.02185	0.01104	0.01254	0.00895	0.00477	0.00460	0.00100	0.00468	0.00376	0.00385	0.71116
62	0.16994	0.02922	0.01534	0.02605	0.01681	0.07381	0.01005	0.37949	0.16979	0.03018	0.01456	0.01464	0.01075	0.00686	0.00544	0.00181	0.00612	0.00506	0.00518	0.00889
63	0.02139	0.10702	0.01870	0.01408	0.01792	0.39375	0.01124	0.28871	0.02023	0.02292	0.01091	0.01190	0.00853	0.00643	0.00564	0.00161	0.02253	0.00433	0.00405	0.00812
64	0.00927	0.00623	0.00811	0.00757	0.00913	0.00570	0.00570	0.01192	0.01643	0.06345	0.65854	0.06742	0.08363	0.01216	0.00694	0.00188	0.00294	0.01071	0.00648	0.00578
65	0.01682	0.69886	0.07266	0.01142	0.01661	0.06330	0.01123	0.01870	0.01290	0.01515	0.00941	0.01110	0.00852	0.00580	0.00442	0.00150	0.00700	0.00360	0.00290	0.00810
66	0.02328	0.01714	0.01831	0.01419	0.01895	0.01874	0.01159	0.72510	0.02816	0.03784	0.01511	0.01551	0.01095	0.00772	0.00632	0.00195	0.00681	0.00563	0.00620	0.01050
67	0.00830	0.00594	0.00765	0.00886	0.00935	0.00546	0.00593	0.00915	0.01222	0.01647	0.07198	0.73759	0.04046	0.01863	0.00790	0.00254	0.00375	0.01661	0.00584	0.00537
68	0.00961	0.00647	0.00719	0.00715	0.00724	0.00633	0.00405	0.00935	0.00925	0.01243	0.01947	0.03963	0.02222	0.78068	0.03013	0.00585	0.00605	0.00885	0.00391	0.00413
69	0.00948	0.00698	0.00976	0.00972	0.01070	0.00773	0.00726	0.01100	0.01001	0.01434	0.01712	0.02661	0.01657	0.15139	0.65169	0.00902	0.01455	0.00695	0.00356	0.00555
70	0.02727	0.01074	0.01435	0.01116	0.01576	0.00925	0.00908	0.02926	0.01745	0.74880	0.02410	0.02134	0.01546	0.00794	0.00635	0.00201	0.00536	0.00624	0.00759	0.01051
71	0.02717	0.01089	0.01445	0.01123	0.01584	0.00948	0.00914	0.04626	0.01771	0.73143	0.02388	0.02120	0.01535	0.00793	0.00635	0.00200	0.00539	0.00622	0.00755	0.01051
72	0.01412	0.01879	0.17870	0.02230	0.02828	0.01486	0.50302	0.01883	0.01411	0.01974	0.05059	0.01783	0.01194	0.00643	0.00778	0.00217	0.05192	0.00683	0.00339	0.00840
73	0.02329	0.01394	0.01590	0.01258	0.01703	0.01430	0.01019	0.36760	0.09440	0.29695	0.02141	0.02032	0.04630	0.00824	0.00639	0.00200	0.00594	0.00630	0.00670	0.01021
74	0.02202	0.01628	0.01736	0.01358	0.01811	0.01766	0.01104	0.66608	0.02700	0.03611	0.01882	0.01897	0.07125	0.00836	0.00641	0.00197	0.00653	0.00621	0.00617	0.01009
75	0.01467	0.01597	0.03318	0.09263	0.06473	0.01521	0.62724	0.01916	0.01431	0.01947	0.01274	0.01716	0.00980	0.00573	0.00722	0.00215	0.00990	0.00703	0.00329	0.00839
76	0.02330	0.00986	0.01308	0.01048	0.01439	0.00857	0.00840	0.02540	0.01741	0.58816	0.18324	0.02659	0.02445	0.00898	0.00658	0.00201	0.00487	0.00728	0.00741	0.00953
77	0.00821	0.00602	0.00747	0.00858	0.00926	0.00544	0.00579	0.00903	0.01224	0.01613	0.03713	0.67303	0.14168	0.01846	0.00785	0.00251	0.00372	0.01632	0.00579	0.00535
78	0.02248	0.01625	0.01755	0.01368	0.01838	0.01746	0.01112	0.60854	0.06803	0.07339	0.01594	0.01616	0.01158	0.00764	0.00624	0.00192	0.00651	0.00564	0.00615	0.05535
79	0.76238	0.01273	0.02419	0.00894	0.01280	0.01403	0.00739	0.05716	0.01170	0.02771	0.00960	0.01129	0.00757	0.00623	0.00426	0.00200	0.00509	0.00368	0.00408	0.00715
80	0.01200	0.00625	0.00627	0.00622	0.00768	0.00611	0.00460	0.01445	0.01299	0.02285	0.02012	0.02323	0.01597	0.00751	0.00457	0.00156	0.00312	0.00581	0.81265	0.00602
81	0.01276	0.03048	0.73621	0.01721	0.02577	0.01405	0.02173	0.01918	0.01316	0.01968	0.02575	0.01442	0.00935	0.00639	0.00605	0.00205	0.00890	0.00481	0.00292	0.00914
82	0.00719	0.00600	0.00626	0.00620	0.00811	0.00508	0.00465	0.00887	0.01395	0.01708	0.15878	0.05509	0.65331	0.01456	0.00699	0.00198	0.00297	0.01223	0.00564	0.00508
83	0.01902	0.01406	0.01544	0.01206	0.01650	0.01474	0.00979	0.45269	0.09424	0.06298	0.01592	0.05945	0.01247	0.00733	0.00572	0.00166	0.00567	0.00579	0.00549	0.16898
84	0.00755	0.00597	0.00679	0.00668	0.00835	0.00521	0.00497	0.00953	0.01465	0.01898	0.33168	0.08962	0.44097	0.01402	0.00701	0.00196	0.00294	0.01200	0.00589	0.00521
85	0.02248	0.01656	0.01775	0.01361	0.01834	0.01834	0.01124	0.73556	0.02780	0.03727	0.01420	0.01420	0.01006	0.00710	0.00592	0.00177	0.00651	0.00532	0.00592	0.01006
86	0.02209	0.02819	0.01676	0.01524	0.01828	0.76843	0.01143	0.02361	0.01676	0.01447	0.00914	0.01066	0.00762	0.00609	0.00533	0.00152	0.01066	0.00381	0.00305	0.00686
87	0.01209	0.07466	0.71945	0.01647	0.02500	0.01429	0.02117	0.01867	0.01246	0.01845	0.01048	0.01231	0.00750	0.00559	0.00551	0.00184	0.00860	0.00430	0.00250	0.00867
88	0.01471	0.01270	0.01337	0.01203	0.01538	0.01471	0.00936	0.03142	0.74459	0.02474	0.02407	0.02206	0.01805	0.00802	0.00602	0.00201	0.00468	0.00669	0.00602	0.00936
89	0.01301	0.01239	0.02107	0.38396	0.42032	0.01362	0.01734	0.01672	0.01270	0.01735	0.01084	0.01517	0.00867	0.00557	0.00588	0.00186	0.00743	0.00526	0.00279	0.00806
90	0.01536	0.70853	0.11424	0.01089	0.01637	0.02230	0.01146	0.01782	0.01207	0.01446	0.00849	0.00983	0.00758	0.00512	0.00400	0.00133	0.00660	0.00330	0.00253	0.00772
91	0.00722	0.00531	0.00679	0.00796	0.00857	0.00488	0.00543	0.00836	0.01170	0.01529	0.03667	0.66248	0.14633	0.01795	0.00748	0.00235	0.00341	0.03150	0.00549	0.00485
92	0.00721	0.00515	0.00686	0.00823	0.00858	0.00480	0.00549	0.00823	0.01132	0.01510	0.03259	0.78831	0.03911	0.01853	0.00755	0.00240	0.00343	0.01681	0.00549	0.00480
93	0.00739	0.00540	0.00723	0.00847	0.00880	0.00523	0.00573	0.00843	0.01125	0.01507	0.03179	0.76329	0.03810	0.01826	0.00793	0.00241	0.02853	0.01644	0.00540	0.00486
94	0.07053	0.01014	0.01345	0.01037	0.01490	0.00894	0.00857	0.02820	0.01655	0.71944	0.02251	0.01956	0.01419	0.00722	0.00582	0.00183	0.00501	0.00580	0.00712	0.00986
95	0.02492	0.01042	0.01368	0.01073	0.01513	0.00951	0.00878	0.02918	0.11626	0.65909	0.02343	0.02039	0.01510	0.00742	0.00596	0.00185	0.00498	0.00605	0.00714	0.00997
96	0.00829	0.00604	0.00780	0.00736	0.00879	0.00555	0.00552	0.01101	0.01656	0.02329	0.71443	0.04487	0.09379	0.01225	0.00698	0.00187	0.00280	0.01079	0.00645	0.00555
97	0.02248	0.01656	0.01775	0.01361	0.01834	0.01834	0.01124	0.73556	0.02780	0.03727	0.01420	0.01420	0.01006	0.00710	0.00592	0.00177	0.00651	0.00532	0.00592	0.01006
98	0.01208	0.07256	0.72145	0.01649	0.02502	0.01426	0.02121	0.01867	0.01246	0.01846	0.01048	0.01232	0.00750	0.00559	0.00552	0.00184	0.00861	0.00430	0.00250	0.00868
99	0.01581	0.79572	0.03099	0.01012	0.01518	0.02340	0.01012	0.01771	0.01202	0.01391	0.00822	0.00949	0.00759	0.00506	0.00379	0.00126	0.00632	0.00316	0.00253	0.00759
100	0.02248	0.01656	0.01775	0.01361	0.01834	0.01834	0.01124	0.73556	0.02780	0.03727	0.01420	0.01420	0.01006	0.00710	0.00592	0.00177	0.00651	0.00532	0.00592	0.01006
101	0.02061	0.01561	0.01670	0.01316	0.01761	0.01732	0.01074	0.57108	0.17603	0.03421	0.01615	0.01578	0.01168	0.00722	0.00590	0.00180	0.00607	0.00556	0.00588	0.03089
102	0.00844	0.00615	0.00800	0.00783	0.00926	0.00571	0.00607	0.01113	0.01606	0.02231	0.60054	0.04829	0.10150	0.01290	0.00715	0.00199	0.00318	0.11166	0.00629	0.00552
103	0.01798	0.01320	0.01386	0.01187	0.01547	0.05926	0.00939	0.12391	0.41463	0.16326	0.06455	0.02186	0.01814	0.00800	0.00603	0.00191	0.00526	0.01616	0.00609	0.00916
104	0.01396	0.01595	0.03490	0.02493	0.03091	0.01496	0.73380	0.01894	0.01396	0.01894	0.01196	0.01595	0.00897	0.00499	0.00698	0.00199	0.00997	0.00698	0.00299	0.00798
105	0.00699	0.00599	0.00599	0.00599	0.00799	0.00499	0.00449	0.00849	0.01348	0.01598	0.05991	0.05691	0.75288	0.01498	0.00699	0.00200	0.00300	0.01248	0.00549	0.00499
106	0.00959	0.00797	0.01154	0.01089	0.01163	0.01002	0.00862	0.01140	0.00935	0.01375	0.01393	0.02132	0.01331	0.06897	0.54691	0.00759	0.20850	0.00614	0.00304	0.00550
107	0.01269	0.01259	0.01806	0.12461	0.01913	0.01740	0.01344	0.01436	0.00945	0.01436	0.00816	0.01334	0.00778	0.00972	0.01748	0.00250	0.67068	0.00519	0.00259	0.00648
108	0.02630	0.01044	0.01396	0.01070	0.01528	0.00925	0.00884	0.06953	0.01755	0.71778	0.02280	0.01979	0.01438	0.00731	0.00595	0.00183	0.00512	0.00591	0.00724	0.01006
109	0.00837	0.00604	0.00790	0.00744	0.00883	0.00558	0.00558	0.01116	0.01674	0.02371	0.75216	0.04417	0.05580	0.01209	0.00697	0.00186	0.00279	0.01069	0.00651	0.00558
110	0.28948	0.01152	0.01271	0.01011	0.01441	0.01169	0.00834	0.13517	0.01638	0.40766	0.01698	0.01577	0.01124	0.00669	0.00520	0.00182	0.00511	0.00495	0.00591	0.00887
111	0.02616	0.00998	0.01360	0.01046	0.01497	0.00863	0.00863	0.02845	0.01692	0.74413	0.03843	0.02063	0.01549	0.00742	0.00597	0.00183	0.00499	0.00605	0.00730	0.00997
112	0.00733	0.00525	0.00700	0.00835	0.00877	0.00492	0.00570	0.00846	0.01148	0.01525	0.03290	0.73868	0.04864	0.01836	0.00757	0.00241	0.00354	0.05508	0.00549	0.00484
113	0.02146	0.01641	0.01749	0.05475	0.01939	0.04207	0.01143	0.63745	0.06357	0.03469	0.01435	0.01457	0.01027	0.00705	0.00590	0.00179	0.00662	0.00534	0.00565	0.00973
114	0.53455	0.01288	0.01176	0.00972	0.01376	0.01447	0.00801	0.23358	0.01586	0.08059	0.01107	0.01171	0.00807	0.00610	0.00450	0.00181	0.00519	0.00403	0.00459	0.00775
115	0.00819	0.00556	0.00657	0.00697	0.00707	0.00546	0.00414	0.00849	0.00939	0.01252	0.02270	0.25699	0.02663	0.56688	0.02353	0.00476	0.00506	0.01099	0.00414	0.00394
116	0.83394	0.01144	0.00869	0.00778	0.01144	0.01327	0.00640	0.01738	0.01006	0.02653	0.00823	0.00961	0.00640	0.00549	0.00366	0.00183	0.00457	0.00320	0.00366	0.00640
117	0.00721	0.00515	0.00686	0.00823	0.00858	0.00480	0.00549	0.00823	0.01132	0.01510	0.03259	0.78831	0.03911	0.01853	0.00755	0.00240	0.00343	0.01681	0.00549	0.00480
118	0.01303	0.01049	0.01234	0.00885	0.01407	0.00793	0.00710	0.01564	0.01251	0.05914	0.01120	0.01269	0.00908	0.00454	0.00446	0.00093	0.00441	0.00364	0.00371	0.78424
119	0.00739	0.00523	0.00684	0.00802	0.00835	0.00492	0.00528	0.00834	0.01115	0.01491	0.04838	0.68844	0.03759	0.10297	0.01000	0.00275	0.00367	0.01577	0.00531	0.00469
120	0.02653	0.01006	0.01372	0.01052	0.01510	0.00869	0.00869	0.02882	0.01693	0.75937	0.02333	0.02013	0.01464	0.00732	0.00595	0.00183	0.00503	0.00595	0.00732	0.01006
121	0.02248	0.01656	0.01775	0.01361	0.01834	0.01834	0.01124	0.73556	0.02780	0.03727	0.01420	0.01420	0.01006	0.00710	0.00592	0.00177	0.00651	0.00532	0.00592	0.01006
122	0.01415	0.01621	0.03411	0.02450	0.03029	0.03433	0.70172	0.01897	0.01394	0.01874	0.01181	0.01576	0.00892	0.00511	0.00717	0.00199	0.02450	0.00686	0.00298	0.00792
123	0.01186	0.03059	0.76153	0.01686	0.02560	0.01373	0.02185	0.01873	0.01249	0.01873	0.01061	0.01249	0.00749	0.00562	0.00562	0.00187	0.00874	0.00437	0.00250	0.00874
124	0.01902	0.00840	0.01132	0.00925	0.01251	0.00740	0.00740	0.02152	0.01685	0.45508	0.32480	0.03007	0.03166	0.00929	0.00637	0.00184	0.00410	0.00791	0.00698	0.00821
125	0.00763	0.00547	0.00724	0.00795	0.00867	0.00508	0.00552	0.00929	0.01328	0.01821	0.29280	0.51921	0.04515	0.01620	0.00734	0.00221	0.00320	0.01460	0.00586	0.00508
126	0.40051	0.01380	0.01310	0.01074	0.01483	0.01562	0.00880	0.33306	0.08800	0.03106	0.01236	0.01281	0.00912	0.00644	0.00487	0.00182	0.00543	0.00446	0.00487	0.00829
127	0.02635	0.01035	0.01390	0.01066	0.01524	0.00912	0.00880	0.06012	0.01741	0.72739	0.02293	0.01987	0.01444	0.00731	0.00595	0.00183	0.00510	0.00592	0.00726	0.01006
128	0.00721	0.00515	0.00686	0.00823	0.00858	0.00480	0.00549	0.00823	0.01132	0.01510	0.03259	0.78831	0.03911	0.01853	0.00755	0.00240	0.00343	0.01681	0.00549	0.00480
129	0.01452	0.01267	0.01421	0.05295	0.05930	0.01459	0.01023	0.02982	0.66468	0.02393	0.02262	0.02131	0.01703	0.00776	0.00600	0.00199	0.00498	0.00653	0.00566	0.00922
130	0.06730	0.01110	0.01367	0.01080	0.01505	0.01073	0.00883	0.12487	0.09370	0.50615	0.05894	0.02019	0.01604	0.00751	0.00588	0.00184	0.00506	0.00604	0.00675	0.00956
131	0.01127	0.01064	0.01776	0.73613	0.03935	0.01341	0.01623	0.01506	0.01167	0.01506	0.01036	0.01561	0.00788	0.00616	0.00665	0.00200	0.05031	0.00525	0.00263	0.00656
132	0.00714	0.00541	0.00659	0.00755	0.00840	0.00486	0.00518	0.00831	0.01198	0.01537	0.04098	0.56368	0.25833	0.01744	0.00738	0.00228	0.00330	0.01548	0.00549	0.00486
133	0.06102	0.01859	0.01712	0.01365	0.01800	0.16486	0.01105	0.56209	0.02480	0.03230	0.01292	0.01329	0.00941	0.00683	0.00569	0.00173	0.00723	0.00493	0.00525	0.00926
134	0.01464	0.01405	0.02400	0.03630	0.75528	0.01405	0.01815	0.01815	0.01347	0.01932	0.01112	0.01464	0.00937	0.00527	0.00585	0.00176	0.00703	0.00527	0.00293	0.00937
135	0.01186	0.03059	0.76153	0.01686	0.02560	0.01373	0.02185	0.01873	0.01249	0.01873	0.01061	0.01249	0.00749	0.00562	0.00562	0.00187	0.00874	0.00437	0.00250	0.00874
136	0.01265	0.18413	0.61492	0.01550	0.02350	0.01567	0.01950	0.01852	0.01239	0.01776	0.01013	0.01188	0.00751	0.00551	0.00525	0.00175	0.00826	0.00413	0.00250	0.00851
137	0.01803	0.01967	0.01490	0.01347	0.01668	0.35385	0.01029	0.02791	0.41710	0.02012	0.01735	0.01693	0.01336	0.00716	0.00571	0.00179	0.00737	0.00539	0.00468	0.00823
138	0.00829	0.00604	0.00780	0.00736	0.00879	0.00555	0.00552	0.01101	0.01656	0.02329	0.71418	0.04487	0.09404	0.01225	0.00698	0.00187	0.00280	0.01079	0.00645	0.00555
139	0.00760	0.00543	0.00730	0.00857	0.00912	0.00513	0.00607	0.00896	0.01193	0.01591	0.06953	0.64667	0.03925	0.01788	0.00761	0.00242	0.00369	0.11646	0.00554	0.00494
140	0.02554	0.00984	0.01340	0.01035	0.01475	0.00852	0.00852	0.02785	0.01692	0.71902	0.06331	0.02145	0.01690	0.00758	0.00600	0.00183	0.00491	0.00621	0.00728	0.00982

[dist]
# distance from previous block
# <min> <max>
0	16

[block]
# block no. 1 follows, 39 sequences, length 130
# corresponding to MSA columns:
# 239-368
name=unknown_B
#
# <colnr> <probs for GDERKNQSTAVLIFYWHMCP>
#	G	D	E	R	K	N	Q	S	T	A	V	L	I	F	Y	W	H	M	C	P
0	0.01260	0.01087	0.01135	0.01038	0.01336	0.01205	0.00803	0.02516	0.54479	0.02234	0.03386	0.03159	0.21887	0.00992	0.00628	0.00200	0.00422	0.00827	0.00587	0.00817
1	0.00870	0.00690	0.00792	0.00755	0.00940	0.00658	0.00569	0.01285	0.11300	0.02089	0.39040	0.05985	0.30279	0.01271	0.00686	0.00194	0.00313	0.01092	0.00606	0.00586
2	0.01304	0.01479	0.06470	0.02117	0.02625	0.01326	0.53955	0.04443	0.01402	0.01903	0.01568	0.12913	0.01422	0.00747	0.00700	0.00207	0.00867	0.03446	0.00353	0.00754
3	0.02653	0.01006	0.01372	0.01052	0.01510	0.00869	0.00869	0.02882	0.01693	0.75937	0.02333	0.02013	0.01464	0.00732	0.00595	0.00183	0.00503	0.00595	0.00732	0.01006
4	0.00721	0.00515	0.00686	0.00823	0.00858	0.00480	0.00549	0.00823	0.01132	0.01510	0.03259	0.78831	0.03911	0.01853	0.00755	0.00240	0.00343	0.01681	0.00549	0.00480
5	0.01317	0.01532	0.05832	0.02273	0.02811	0.01393	0.61849	0.01774	0.01354	0.01845	0.01395	0.09496	0.01198	0.00651	0.00724	0.00204	0.02481	0.00786	0.00322	0.00765
6	0.01516	0.01260	0.01339	0.01198	0.01537	0.01448	0.00934	0.03133	0.71688	0.05271	0.02404	0.02199	0.01792	0.00800	0.00601	0.00200	0.00469	0.00666	0.00607	0.00939
7	0.02653	0.01006	0.01372	0.01052	0.01510	0.00869	0.00869	0.02882	0.01693	0.75937	0.02333	0.02013	0.01464	0.00732	0.00595	0.00183	0.00503	0.00595	0.00732	0.01006
8	0.02307	0.01563	0.01717	0.01316	0.01787	0.01695	0.01087	0.63350	0.02623	0.14154	0.01552	0.01505	0.01072	0.00713	0.00592	0.00178	0.00629	0.00541	0.00612	0.01006
9	0.01152	0.01089	0.01632	0.15332	0.01923	0.01427	0.03868	0.01353	0.00981	0.01433	0.01062	0.01695	0.00995	0.05449	0.17159	0.00403	0.41587	0.00566	0.00278	0.00616
10	0.00721	0.00515	0.00686	0.00823	0.00858	0.00480	0.00549	0.00823	0.01132	0.01510	0.03259	0.78831	0.03911	0.01853	0.00755	0.00240	0.00343	0.01681	0.00549	0.00480
11	0.02248	0.01656	0.01775	0.01361	0.01834	0.01834	0.01124	0.73556	0.02780	0.03727	0.01420	0.01420	0.01006	0.00710	0.00592	0.00177	0.00651	0.00532	0.00592	0.01006
12	0.01399	0.01587	0.03440	0.02544	0.06371	0.01491	0.70139	0.01891	0.01394	0.01896	0.01193	0.01589	0.00899	0.00500	0.00693	0.00198	0.00984	0.00690	0.00299	0.00804
13	0.01394	0.01588	0.03452	0.02471	0.03056	0.01503	0.71759	0.01884	0.01385	0.01884	0.01187	0.01588	0.00895	0.00511	0.00726	0.00201	0.02731	0.00694	0.00298	0.00794
14	0.02653	0.01006	0.01372	0.01052	0.01510	0.00869	0.00869	0.02882	0.01693	0.75937	0.02333	0.02013	0.01464	0.00732	0.00595	0.00183	0.00503	0.00595	0.00732	0.01006
15	0.01494	0.62775	0.19137	0.01160	0.01747	0.02128	0.01269	0.01793	0.01212	0.01497	0.00875	0.01014	0.00757	0.00518	0.00420	0.00140	0.00685	0.00343	0.00252	0.00784
16	0.00721	0.00515	0.00686	0.00823	0.00858	0.00480	0.00549	0.00823	0.01132	0.01510	0.03259	0.78831	0.03911	0.01853	0.00755	0.00240	0.00343	0.01681	0.00549	0.00480
17	0.19282	0.01126	0.01575	0.53977	0.03228	0.01364	0.01376	0.08074	0.01288	0.01962	0.01034	0.01427	0.00776	0.00593	0.00542	0.00192	0.00703	0.00481	0.00315	0.00685
18	0.33009	0.05247	0.01464	0.01130	0.01542	0.08496	0.00928	0.33106	0.05246	0.02942	0.01164	0.01227	0.00870	0.00634	0.00491	0.00176	0.00606	0.00434	0.00464	0.00823
19	0.00710	0.00598	0.00605	0.00605	0.00793	0.00504	0.00447	0.00855	0.01330	0.01591	0.07231	0.05570	0.70045	0.05508	0.00818	0.00219	0.00313	0.01224	0.00541	0.00493
20	0.00814	0.00589	0.00769	0.00754	0.00877	0.00544	0.00554	0.01061	0.01576	0.02210	0.61633	0.16936	0.06814	0.01323	0.00707	0.00195	0.00290	0.01176	0.00632	0.00544
21	0.01186	0.03059	0.76153	0.01686	0.02560	0.01373	0.02185	0.01873	0.01249	0.01873	0.01061	0.01249	0.00749	0.00562	0.00562	0.00187	0.00874	0.00437	0.00250	0.00874
22	0.01186	0.03059	0.76153	0.01686	0.02560	0.01373	0.02185	0.01873	0.01249	0.01873	0.01061	0.01249	0.00749	0.00562	0.00562	0.00187	0.00874	0.00437	0.00250	0.00874
23	0.00699	0.00599	0.00599	0.00599	0.00799	0.00499	0.00449	0.00849	0.01348	0.01598	0.05991	0.05691	0.75288	0.01498	0.00699	0.00200	0.00300	0.01248	0.00549	0.00499
24	0.01186	0.03059	0.76153	0.01686	0.02560	0.01373	0.02185	0.01873	0.01249	0.01873	0.01061	0.01249	0.00749	0.00562	0.00562	0.00187	0.00874	0.00437	0.00250	0.00874
25	0.01664	0.78519	0.03132	0.01071	0.01579	0.02370	0.01046	0.01827	0.01257	0.01477	0.00914	0.01076	0.00845	0.00566	0.00420	0.00143	0.00661	0.00347	0.00284	0.00803
26	0.00816	0.00584	0.00754	0.00885	0.00928	0.00537	0.00590	0.00893	0.01188	0.01594	0.03317	0.77852	0.03952	0.01894	0.00790	0.00256	0.00375	0.01693	0.00576	0.00529
27	0.01123	0.00806	0.00974	0.00898	0.01094	0.00784	0.00676	0.01609	0.14242	0.05936	0.56925	0.04025	0.06100	0.01172	0.00712	0.00205	0.00356	0.01002	0.00670	0.00690
28	0.02656	0.01070	0.01423	0.01103	0.01566	0.00916	0.00898	0.02860	0.01720	0.71613	0.02346	0.02089	0.01513	0.00775	0.00625	0.00195	0.00530	0.00611	0.00739	0.04752
29	0.01206	0.01112	0.01826	0.76764	0.04098	0.01358	0.01667	0.01571	0.01238	0.01595	0.01140	0.01695	0.00874	0.00650	0.00628	0.00213	0.00814	0.00553	0.00294	0.00703
30	0.00828	0.00592	0.00768	0.00899	0.00948	0.00548	0.00611	0.00915	0.01201	0.01608	0.03310	0.73973	0.03925	0.01882	0.00793	0.00257	0.00386	0.05448	0.00576	0.00532
31	0.01664	0.78519	0.03132	0.01071	0.01579	0.02370	0.01046	0.01827	0.01257	0.01477	0.00914	0.01076	0.00845	0.00566	0.00420	0.00143	0.00661	0.00347	0.00284	0.00803
32	0.01443	0.35794	0.43925	0.01447	0.02160	0.01830	0.01701	0.01884	0.01283	0.01746	0.01048	0.01243	0.00839	0.00597	0.00522	0.00177	0.00796	0.00415	0.00283	0.00867
33	0.00816	0.00584	0.00754	0.00885	0.00928	0.00537	0.00590	0.00893	0.01188	0.01594	0.03317	0.77852	0.03952	0.01894	0.00790	0.00256	0.00375	0.01693	0.00576	0.00529
34	0.82315	0.01204	0.00934	0.00840	0.01210	0.01371	0.00680	0.01795	0.01064	0.02721	0.00915	0.01087	0.00728	0.00608	0.00406	0.00199	0.00488	0.00351	0.00396	0.00686
35	0.82315	0.01204	0.00934	0.00840	0.01210	0.01371	0.00680	0.01795	0.01064	0.02721	0.00915	0.01087	0.00728	0.00608	0.00406	0.00199	0.00488	0.00351	0.00396	0.00686
36	0.00937	0.00714	0.00964	0.00894	0.01059	0.00650	0.04149	0.01170	0.01620	0.02251	0.55536	0.11144	0.12068	0.01321	0.00742	0.00211	0.00362	0.02967	0.00638	0.00604
37	0.00938	0.00701	0.01014	0.01010	0.01123	0.00792	0.00777	0.01122	0.01009	0.01459	0.01665	0.02431	0.01554	0.04440	0.75827	0.00956	0.01599	0.00660	0.00347	0.00576
38	0.00816	0.00584	0.00754	0.00885	0.00928	0.00537	0.00590	0.00893	0.01188	0.01594	0.03317	0.77852	0.03952	0.01894	0.00790	0.00256	0.00375	0.01693	0.00576	0.00529
39	0.01481	0.01649	0.03517	0.02530	0.03129	0.01538	0.72386	0.01949	0.01448	0.01973	0.01283	0.01713	0.00981	0.00559	0.00734	0.00215	0.01020	0.00723	0.00330	0.00841
40	0.00953	0.00641	0.00713	0.00709	0.00718	0.00628	0.00402	0.00929	0.00920	0.01236	0.01941	0.03956	0.02216	0.78159	0.03013	0.00584	0.00602	0.00883	0.00388	0.00408
41	0.01275	0.03092	0.75149	0.01735	0.02606	0.01417	0.02202	0.01928	0.01303	0.01952	0.01150	0.01371	0.00835	0.00621	0.00600	0.00203	0.00899	0.00466	0.00281	0.00917
42	0.01293	0.06722	0.71682	0.01703	0.02556	0.01463	0.02147	0.01923	0.01301	0.01929	0.01138	0.01357	0.00835	0.00618	0.00591	0.00201	0.00887	0.00460	0.00281	0.00911
43	0.82315	0.01204	0.00934	0.00840	0.01210	0.01371	0.00680	0.01795	0.01064	0.02721	0.00915	0.01087	0.00728	0.00608	0.00406	0.00199	0.00488	0.00351	0.00396	0.00686
44	0.00815	0.00587	0.00750	0.00877	0.00926	0.00537	0.00586	0.00894	0.01196	0.01597	0.03417	0.75171	0.06569	0.01881	0.00788	0.00254	0.00374	0.01677	0.00576	0.00529
45	0.01275	0.03092	0.75149	0.01735	0.02606	0.01417	0.02202	0.01928	0.01303	0.01952	0.01150	0.01371	0.00835	0.00621	0.00600	0.00203	0.00899	0.00466	0.00281	0.00917
46	0.01799	0.01183	0.01345	0.01166	0.01523	0.01236	0.00908	0.02843	0.44246	0.22190	0.06351	0.05417	0.02036	0.00889	0.00642	0.00208	0.00492	0.00724	0.00654	0.04146
47	0.01555	0.01329	0.01395	0.01260	0.01598	0.01513	0.00971	0.03179	0.73474	0.02544	0.02476	0.02316	0.01876	0.00858	0.00639	0.00216	0.00499	0.00695	0.00628	0.00978
48	0.05795	0.01074	0.01411	0.01100	0.01557	0.00938	0.00896	0.02879	0.01715	0.72174	0.02346	0.02085	0.01508	0.00782	0.00623	0.00199	0.00532	0.00611	0.00743	0.01033
49	0.00869	0.04675	0.00888	0.00905	0.00976	0.00640	0.00628	0.00957	0.01200	0.01597	0.03186	0.71154	0.03771	0.01816	0.00773	0.00251	0.00398	0.04211	0.00561	0.00545
50	0.00953	0.00641	0.00713	0.00709	0.00718	0.00628	0.00402	0.00929	0.00920	0.01236	0.01941	0.03956	0.02216	0.78159	0.03013	0.00584	0.00602	0.00883	0.00388	0.00408
51	0.00926	0.00669	0.00852	0.00810	0.00952	0.00610	0.00598	0.01170	0.01701	0.02409	0.71420	0.07423	0.05532	0.01284	0.00735	0.00204	0.00315	0.01114	0.00673	0.00602
52	0.02474	0.01082	0.01395	0.01114	0.01542	0.00982	0.00898	0.02865	0.11184	0.61629	0.06179	0.02274	0.01797	0.00823	0.00638	0.00202	0.00517	0.00656	0.00735	0.01015
53	0.02721	0.01068	0.01430	0.01111	0.01571	0.00920	0.00905	0.02923	0.01741	0.74964	0.02404	0.02125	0.01540	0.00789	0.00632	0.00199	0.00533	0.00622	0.00757	0.01047
54	0.01922	0.01247	0.01406	0.01213	0.01590	0.01327	0.00950	0.03099	0.50921	0.25313	0.02454	0.02256	0.01770	0.00836	0.00637	0.00211	0.00510	0.00672	0.00669	0.01000
55	0.00938	0.00701	0.01014	0.01010	0.01123	0.00792	0.00777	0.01122	0.01009	0.01459	0.01665	0.02431	0.01554	0.04440	0.75827	0.00956	0.01599	0.00660	0.00347	0.00576
56	0.05877	0.01412	0.02186	0.14531	0.44441	0.01460	0.04408	0.10512	0.01548	0.05708	0.01274	0.01601	0.01013	0.00628	0.00618	0.00197	0.00726	0.00554	0.00380	0.00926
57	0.00816	0.00584	0.00754	0.00885	0.00928	0.00537	0.00590	0.00893	0.01188	0.01594	0.03317	0.77852	0.03952	0.01894	0.00790	0.00256	0.00375	0.01693	0.00576	0.00529
58	0.01598	0.01164	0.01368	0.01263	0.01550	0.01227	0.01061	0.32203	0.02021	0.02687	0.02459	0.04472	0.02427	0.01283	0.00755	0.00247	0.00619	0.40215	0.00592	0.00789
59	0.01664	0.78519	0.03132	0.01071	0.01579	0.02370	0.01046	0.01827	0.01257	0.01477	0.00914	0.01076	0.00845	0.00566	0.00420	0.00143	0.00661	0.00347	0.00284	0.00803
60	0.01381	0.01352	0.01863	0.01604	0.01613	0.01849	0.01324	0.01484	0.00965	0.01508	0.00869	0.01416	0.00862	0.01088	0.01959	0.00274	0.77062	0.00546	0.00290	0.00693
61	0.00927	0.00669	0.00855	0.00818	0.00959	0.00612	0.00606	0.01169	0.01688	0.02386	0.68995	0.08389	0.05465	0.01301	0.00739	0.00207	0.00321	0.02625	0.00669	0.00601
62	0.62276	0.18419	0.01446	0.02837	0.01366	0.01593	0.00787	0.01797	0.01112	0.02415	0.00921	0.01100	0.00758	0.00600	0.00415	0.00187	0.00535	0.00355	0.00368	0.00713
63	0.01371	0.01127	0.01247	0.01170	0.01445	0.01240	0.00916	0.02545	0.49980	0.02409	0.13729	0.03409	0.02724	0.01061	0.00690	0.00226	0.00483	0.12748	0.00626	0.00854
64	0.01269	0.03032	0.73244	0.01720	0.02572	0.01400	0.02171	0.01911	0.01306	0.01949	0.01202	0.01509	0.00902	0.00648	0.00606	0.00206	0.00890	0.02267	0.00289	0.00908
65	0.01314	0.01112	0.01286	0.00937	0.01464	0.00840	0.00739	0.01549	0.01281	0.02005	0.01140	0.01349	0.00960	0.00499	0.00477	0.00105	0.00469	0.00381	0.00380	0.81711
66	0.02126	0.01443	0.01617	0.01237	0.01724	0.01438	0.01004	0.42027	0.02228	0.15513	0.01562	0.01590	0.01132	0.00701	0.00590	0.00171	0.00599	0.00524	0.00580	0.22195
67	0.00833	0.00655	0.00728	0.00771	0.00923	0.00574	0.00565	0.00953	0.01333	0.01661	0.04908	0.22700	0.47193	0.04666	0.00850	0.00247	0.00380	0.08948	0.00568	0.00542
68	0.01548	0.01461	0.02444	0.03652	0.74538	0.01448	0.01838	0.01871	0.01400	0.02010	0.01200	0.01583	0.01020	0.00587	0.00623	0.00192	0.00730	0.00555	0.00324	0.00978
69	0.01275	0.03092	0.75149	0.01735	0.02606	0.01417	0.02202	0.01928	0.01303	0.01952	0.01150	0.01371	0.00835	0.00621	0.00600	0.00203	0.00899	0.00466	0.00281	0.00917
70	0.01508	0.65451	0.16582	0.01136	0.01710	0.02162	0.01228	0.01790	0.01210	0.01480	0.00866	0.01004	0.00757	0.00516	0.00413	0.00138	0.00677	0.00339	0.00252	0.00780
71	0.01396	0.01595	0.03490	0.02493	0.03091	0.01496	0.73380	0.01894	0.01396	0.01894	0.01196	0.01595	0.00897	0.00499	0.00698	0.00199	0.00997	0.00698	0.00299	0.00798
72	0.00821	0.00604	0.00768	0.00727	0.00874	0.00551	0.00545	0.01085	0.01636	0.02282	0.67242	0.04564	0.13610	0.01242	0.00698	0.00188	0.00281	0.01090	0.00639	0.00551
73	0.00713	0.00600	0.00618	0.00614	0.00807	0.00505	0.00460	0.00875	0.01381	0.01675	0.12907	0.05564	0.68323	0.01469	0.00699	0.00198	0.00297	0.01230	0.00559	0.00505
74	0.01388	0.01569	0.03379	0.02414	0.03008	0.01461	0.69834	0.01875	0.01388	0.01896	0.01189	0.01577	0.00896	0.00496	0.00685	0.00194	0.00970	0.00681	0.00302	0.04799
75	0.00721	0.00515	0.00686	0.00823	0.00858	0.00480	0.00549	0.00823	0.01132	0.01510	0.03259	0.78831	0.03911	0.01853	0.00755	0.00240	0.00343	0.01681	0.00549	0.00480
76	0.00913	0.00655	0.00897	0.00971	0.01108	0.00639	0.00818	0.01188	0.01468	0.01976	0.27781	0.05900	0.04148	0.01488	0.00776	0.00243	0.00454	0.47446	0.00581	0.00549
77	0.02209	0.02819	0.01676	0.01524	0.01828	0.76843	0.01143	0.02361	0.01676	0.01447	0.00914	0.01066	0.00762	0.00609	0.00533	0.00152	0.01066	0.00381	0.00305	0.00686
78	0.02407	0.01184	0.01456	0.01140	0.01585	0.01161	0.00934	0.18432	0.11587	0.50337	0.02142	0.01908	0.01409	0.00736	0.00595	0.00184	0.00531	0.00591	0.00684	0.00997
79	0.00704	0.00599	0.00607	0.00605	0.00802	0.00502	0.00454	0.00859	0.01361	0.01628	0.08686	0.05642	0.72574	0.01486	0.00699	0.00199	0.00299	0.01241	0.00553	0.00502
80	0.00860	0.00573	0.00645	0.00645	0.00645	0.00573	0.00358	0.00860	0.00860	0.01147	0.01863	0.03870	0.02150	0.79217	0.03010	0.00573	0.00573	0.00860	0.00358	0.00358
81	0.02248	0.01656	0.01775	0.01361	0.01834	0.01834	0.01124	0.73556	0.02780	0.03727	0.01420	0.01420	0.01006	0.00710	0.00592	0.00177	0.00651	0.00532	0.00592	0.01006
82	0.01447	0.01388	0.02370	0.07248	0.72042	0.01401	0.01807	0.01800	0.01339	0.01911	0.01109	0.01469	0.00930	0.00530	0.00586	0.00177	0.00707	0.00527	0.00291	0.00923
83	0.01464	0.01398	0.02343	0.03499	0.71551	0.01409	0.01768	0.01886	0.05276	0.01961	0.01182	0.01504	0.00983	0.00542	0.00586	0.00177	0.00690	0.00535	0.00309	0.00937
84	0.02136	0.02444	0.01640	0.01438	0.01774	0.56272	0.01101	0.17910	0.01901	0.01956	0.01298	0.01393	0.04821	0.00679	0.00555	0.00160	0.00934	0.00461	0.00381	0.00746
85	0.00896	0.00563	0.00689	0.00689	0.00695	0.00569	0.00413	0.00851	0.00845	0.01133	0.01665	0.03332	0.01867	0.58257	0.06827	0.18644	0.00615	0.00772	0.00334	0.00345
86	0.01437	0.28569	0.44763	0.01420	0.02126	0.04608	0.01681	0.01912	0.01273	0.05676	0.01044	0.01182	0.00791	0.00554	0.00501	0.00165	0.00781	0.00403	0.00279	0.00835
87	0.02196	0.01631	0.01746	0.01350	0.01814	0.01810	0.01112	0.68880	0.07541	0.03644	0.01485	0.01472	0.01059	0.00716	0.00592	0.00179	0.00639	0.00541	0.00592	0.01001
88	0.00731	0.00527	0.00696	0.00826	0.00874	0.00492	0.00565	0.00845	0.01155	0.01527	0.03386	0.71534	0.07367	0.01824	0.00755	0.00240	0.00351	0.05270	0.00549	0.00485
89	0.02266	0.01627	0.01757	0.01347	0.01819	0.01790	0.01112	0.70355	0.02731	0.06997	0.01461	0.01447	0.01026	0.00711	0.00592	0.00178	0.00644	0.00535	0.00598	0.01006
90	0.01186	0.03059	0.76153	0.01686	0.02560	0.01373	0.02185	0.01873	0.01249	0.01873	0.01061	0.01249	0.00749	0.00562	0.00562	0.00187	0.00874	0.00437	0.00250	0.00874
91	0.02653	0.01006	0.01372	0.01052	0.01510	0.00869	0.00869	0.02882	0.01693	0.75937	0.02333	0.02013	0.01464	0.00732	0.00595	0.00183	0.00503	0.00595	0.00732	0.01006
92	0.00860	0.00573	0.00645	0.00645	0.00645	0.00573	0.00358	0.00860	0.00860	0.01147	0.01863	0.03870	0.02150	0.79217	0.03010	0.00573	0.00573	0.00860	0.00358	0.00358
93	0.02248	0.01656	0.01775	0.01361	0.01834	0.01834	0.01124	0.73556	0.02780	0.03727	0.01420	0.01420	0.01006	0.00710	0.00592	0.00177	0.00651	0.00532	0.00592	0.01006
94	0.00837	0.00604	0.00790	0.00744	0.00883	0.00558	0.00558	0.01116	0.01674	0.02371	0.75216	0.04417	0.05580	0.01209	0.00697	0.00186	0.00279	0.01069	0.00651	0.00558
95	0.02567	0.00987	0.01345	0.01038	0.01480	0.00854	0.00854	0.02798	0.01692	0.72447	0.05791	0.02127	0.01659	0.00755	0.00600	0.00183	0.00493	0.00617	0.00728	0.00985
96	0.06203	0.01389	0.01486	0.01180	0.01569	0.01519	0.00955	0.53017	0.02322	0.06096	0.01585	0.05399	0.01255	0.04976	0.00702	0.00199	0.00581	0.00599	0.08084	0.00885
97	0.02616	0.00998	0.01360	0.01046	0.01497	0.00863	0.00863	0.02845	0.01692	0.74410	0.03846	0.02063	0.01549	0.00742	0.00597	0.00183	0.00499	0.00605	0.00730	0.00997
98	0.02653	0.01006	0.01372	0.01052	0.01510	0.00869	0.00869	0.02882	0.01693	0.75937	0.02333	0.02013	0.01464	0.00732	0.00595	0.00183	0.00503	0.00595	0.00732	0.01006
99	0.05419	0.01070	0.01415	0.01192	0.05471	0.00985	0.00918	0.09035	0.01746	0.58991	0.05896	0.02016	0.01577	0.00737	0.00591	0.00182	0.00514	0.00600	0.00678	0.00966
