[name]
unknown

[dist]
# distance from previous block
# <min> <max>
0	183

[block]
# block no. 0 follows, 38 sequences, length 27
# corresponding to MSA columns:
# 184-210
name=unknown_A
#
# <colnr> <probs for GDERKNQSTAVLIFYWHMCP>
#	G	D	E	R	K	N	Q	S	T	A	V	L	I	F	Y	W	H	M	C	P
0	0.00733	0.00524	0.00698	0.00838	0.00873	0.00489	0.00558	0.00838	0.01152	0.01536	0.03316	0.78466	0.03979	0.01885	0.00768	0.00244	0.00349	0.01710	0.00558	0.00489
1	0.01496	0.01292	0.01360	0.01224	0.01564	0.01496	0.00952	0.03197	0.74019	0.02516	0.02448	0.02244	0.01836	0.00816	0.00612	0.00204	0.00476	0.00680	0.00612	0.00952
2	0.01693	0.01392	0.02304	0.03176	0.58812	0.01378	0.04167	0.05447	0.01491	0.12281	0.01322	0.01569	0.01029	0.00573	0.00601	0.00181	0.00694	0.00552	0.00375	0.00961
3	0.01394	0.36810	0.40439	0.01446	0.02157	0.01839	0.04730	0.01860	0.01255	0.01689	0.00978	0.01150	0.00773	0.00544	0.00495	0.00164	0.00785	0.00401	0.00258	0.00834
4	0.02247	0.02867	0.01705	0.01550	0.01860	0.76443	0.01162	0.02402	0.01705	0.01472	0.00930	0.01085	0.00775	0.00620	0.00542	0.00155	0.01085	0.00387	0.00310	0.00697
5	0.00875	0.00583	0.00656	0.00656	0.00656	0.00583	0.00365	0.00875	0.00875	0.01166	0.01895	0.03937	0.02187	0.78858	0.03062	0.00583	0.00583	0.00875	0.00365	0.00365
6	0.01608	0.79220	0.03152	0.01029	0.01544	0.02380	0.01029	0.01801	0.01222	0.01415	0.00836	0.00965	0.00772	0.00515	0.00386	0.00129	0.00643	0.00322	0.00257	0.00772
7	0.01522	0.14693	0.48339	0.01526	0.02262	0.03806	0.01790	0.11854	0.01514	0.05640	0.01150	0.01279	0.00835	0.00593	0.00548	0.00178	0.00807	0.00445	0.00328	0.00890
8	0.00929	0.00697	0.00871	0.00813	0.00979	0.00680	0.00614	0.01385	0.10453	0.02425	0.66035	0.04221	0.05212	0.01180	0.00698	0.00191	0.00307	0.01039	0.00656	0.00614
9	0.01481	0.01070	0.01248	0.01179	0.01368	0.00940	0.00839	0.01576	0.02026	0.02892	0.68320	0.05011	0.05784	0.01566	0.00950	0.00298	0.00508	0.01223	0.00835	0.00885
10	0.10010	0.13970	0.02226	0.01822	0.04693	0.47408	0.01335	0.04343	0.01912	0.02222	0.01538	0.01925	0.01353	0.00993	0.00764	0.00267	0.01088	0.00583	0.00521	0.01026
11	0.06068	0.41932	0.18358	0.01630	0.02200	0.12449	0.01508	0.02281	0.01658	0.02163	0.01520	0.01902	0.01342	0.00948	0.00717	0.00262	0.00937	0.00565	0.00481	0.01078
12	0.03129	0.01476	0.01805	0.01480	0.01962	0.01280	0.01140	0.06996	0.02103	0.65115	0.02795	0.02767	0.01973	0.01126	0.00855	0.00295	0.00722	0.00783	0.00902	0.01297
13	0.06574	0.67920	0.03249	0.01413	0.01931	0.02523	0.01237	0.02177	0.01581	0.02060	0.01456	0.01821	0.01343	0.00922	0.00656	0.00246	0.00823	0.00530	0.00475	0.01063
14	0.01354	0.01065	0.01072	0.01046	0.01290	0.00886	0.00740	0.01330	0.01726	0.02180	0.06210	0.06183	0.68339	0.01831	0.00951	0.00310	0.00527	0.01387	0.00741	0.00831
15	0.01373	0.01072	0.01099	0.01084	0.01323	0.00900	0.00778	0.01359	0.01727	0.02194	0.05991	0.06258	0.62969	0.01842	0.00960	0.00316	0.00546	0.06636	0.00741	0.00834
16	0.01374	0.00988	0.01152	0.01253	0.01345	0.00869	0.00831	0.01307	0.01528	0.02100	0.03697	0.71894	0.04249	0.02158	0.01002	0.00348	0.00567	0.01785	0.00741	0.00813
17	0.01481	0.01070	0.01248	0.01179	0.01368	0.00940	0.00839	0.01576	0.02026	0.02892	0.68320	0.05011	0.05784	0.01566	0.00950	0.00298	0.00508	0.01223	0.00835	0.00885
18	0.01227	0.02969	0.68823	0.01793	0.02655	0.01409	0.08998	0.01907	0.01284	0.01907	0.01093	0.01304	0.00776	0.00565	0.00585	0.00192	0.00901	0.00470	0.00259	0.00882
19	0.00875	0.00583	0.00656	0.00656	0.00656	0.00583	0.00365	0.00875	0.00875	0.01166	0.01895	0.03937	0.02187	0.78858	0.03062	0.00583	0.00583	0.00875	0.00365	0.00365
20	0.00897	0.00685	0.00994	0.00960	0.01108	0.00757	0.00748	0.01116	0.00994	0.01451	0.01559	0.02256	0.01445	0.04122	0.69188	0.00883	0.01500	0.00617	0.00326	0.08396
21	0.02511	0.00976	0.01329	0.01048	0.01472	0.00846	0.00853	0.02731	0.01667	0.68432	0.02464	0.09371	0.01728	0.00854	0.00621	0.00192	0.00496	0.00711	0.00727	0.00972
22	0.09093	0.01078	0.01213	0.00881	0.01401	0.00854	0.00707	0.01539	0.01226	0.02031	0.01047	0.01222	0.00868	0.00456	0.00438	0.00098	0.00447	0.00353	0.00358	0.74688
23	0.01061	0.00579	0.00860	0.08106	0.01098	0.00604	0.00623	0.00915	0.00870	0.01207	0.01135	0.01847	0.01069	0.01814	0.01998	0.66695	0.00526	0.00527	0.08136	0.00329
24	0.01084	0.00557	0.00574	0.00587	0.00717	0.00554	0.00434	0.01348	0.01251	0.02175	0.02092	0.09568	0.01776	0.00815	0.00454	0.00150	0.00287	0.00671	0.74352	0.00554
25	0.75380	0.01150	0.00933	0.00818	0.01199	0.01305	0.00674	0.01880	0.01091	0.09698	0.00985	0.01080	0.00732	0.00576	0.00395	0.00186	0.00470	0.00353	0.00408	0.00687
26	0.09177	0.01301	0.01750	0.01504	0.01539	0.01795	0.01252	0.01479	0.00931	0.01568	0.00794	0.01284	0.00776	0.01005	0.01820	0.00256	0.70329	0.00507	0.00274	0.00657

[dist]
# distance from previous block
# <min> <max>
0	2

[block]
# block no. 1 follows, 38 sequences, length 17
# corresponding to MSA columns:
# 213-229
name=unknown_B
#
# <colnr> <probs for GDERKNQSTAVLIFYWHMCP>
#	G	D	E	R	K	N	Q	S	T	A	V	L	I	F	Y	W	H	M	C	P
0	0.01121	0.00561	0.00561	0.00561	0.00701	0.00561	0.00421	0.01402	0.01262	0.02243	0.01962	0.02243	0.01542	0.00701	0.00421	0.00140	0.00280	0.00561	0.82198	0.00561
1	0.01763	0.01517	0.02223	0.02900	0.49949	0.01579	0.01605	0.26321	0.01871	0.02593	0.01239	0.01474	0.00977	0.00600	0.00598	0.00179	0.00697	0.00538	0.00402	0.00977
2	0.01230	0.01083	0.01712	0.13024	0.34889	0.01121	0.01334	0.05980	0.01364	0.01873	0.01893	0.27943	0.01975	0.01020	0.00656	0.00204	0.00598	0.00939	0.00402	0.00757
3	0.00871	0.00711	0.01078	0.27140	0.01996	0.00780	0.00940	0.01078	0.01169	0.01536	0.02544	0.52065	0.02888	0.01444	0.00711	0.00229	0.00505	0.01306	0.00458	0.00550
4	0.02699	0.01024	0.01396	0.01070	0.01536	0.00884	0.00884	0.02932	0.01722	0.75522	0.02373	0.02048	0.01489	0.00745	0.00605	0.00186	0.00512	0.00605	0.00745	0.01024
5	0.01071	0.00882	0.01059	0.00873	0.01236	0.00694	0.00660	0.01282	0.01215	0.01814	0.01841	0.27771	0.01952	0.00940	0.00556	0.00142	0.00412	0.00821	0.00426	0.54354
6	0.01280	0.02600	0.50944	0.01997	0.02789	0.01440	0.26507	0.01913	0.01322	0.01913	0.01127	0.01391	0.00814	0.00549	0.00619	0.00195	0.00932	0.00536	0.00271	0.00862
7	0.00923	0.00603	0.00904	0.00904	0.00974	0.00673	0.00673	0.00974	0.00904	0.01276	0.01417	0.02180	0.01346	0.03680	0.51014	0.28972	0.01237	0.00603	0.00301	0.00442
8	0.29339	0.02442	0.50029	0.01397	0.02109	0.01381	0.01683	0.01858	0.01185	0.02178	0.00996	0.01169	0.00724	0.00567	0.00503	0.00189	0.00744	0.00404	0.00295	0.00807
9	0.01368	0.01306	0.02223	0.29014	0.50731	0.01397	0.01786	0.01740	0.01312	0.01818	0.01110	0.01528	0.00901	0.00558	0.00598	0.00186	0.00745	0.00536	0.00287	0.00855
10	0.30319	0.01072	0.01220	0.00974	0.01408	0.01044	0.00804	0.02532	0.01482	0.50508	0.01846	0.01680	0.01201	0.00681	0.00525	0.00186	0.00496	0.00509	0.00617	0.00896
11	0.02162	0.01039	0.01536	0.27293	0.02431	0.01040	0.01154	0.02453	0.01544	0.50109	0.01925	0.01895	0.01253	0.00695	0.00604	0.00191	0.00612	0.00581	0.00581	0.00902
12	0.01483	0.01445	0.02531	0.03600	0.69324	0.01437	0.07556	0.01853	0.01374	0.01962	0.01138	0.01500	0.00950	0.00534	0.00605	0.00181	0.00739	0.00550	0.00298	0.00942
13	0.01151	0.02222	0.49994	0.01395	0.01979	0.01097	0.01639	0.01520	0.01103	0.01610	0.01068	0.01462	0.00859	0.01093	0.01183	0.28462	0.00763	0.00471	0.00256	0.00673
14	0.01408	0.00695	0.00938	0.00918	0.01100	0.00624	0.00670	0.01557	0.01348	0.26949	0.02992	0.52217	0.03124	0.01493	0.00712	0.00224	0.00405	0.01331	0.00622	0.00672
15	0.02234	0.01657	0.01805	0.04864	0.01970	0.01841	0.01168	0.69824	0.02754	0.03688	0.01427	0.01452	0.01013	0.00717	0.00602	0.00181	0.00668	0.00541	0.00586	0.01007
16	0.01467	0.01437	0.02404	0.06452	0.63399	0.03542	0.06020	0.01821	0.01368	0.01917	0.01200	0.04028	0.01039	0.00584	0.00607	0.00182	0.00735	0.00581	0.00306	0.00910

[dist]
# distance from previous block
# <min> <max>
0	1

[block]
# block no. 2 follows, 38 sequences, length 53
# corresponding to MSA columns:
# 231-283
name=unknown_C
#
# <colnr> <probs for GDERKNQSTAVLIFYWHMCP>
#	G	D	E	R	K	N	Q	S	T	A	V	L	I	F	Y	W	H	M	C	P
0	0.01196	0.01111	0.01807	0.69551	0.03890	0.01390	0.01627	0.04607	0.01256	0.01628	0.01068	0.01580	0.00811	0.00634	0.00685	0.00203	0.05458	0.00534	0.00281	0.00683
1	0.01881	0.01467	0.01572	0.01302	0.01705	0.01649	0.01052	0.39389	0.33500	0.03143	0.01963	0.02052	0.01494	0.00809	0.00617	0.00195	0.00576	0.04060	0.00604	0.00969
2	0.01124	0.00928	0.01109	0.00849	0.01262	0.00729	0.00668	0.01397	0.01389	0.02101	0.24015	0.02258	0.02380	0.00690	0.00528	0.00120	0.00395	0.00584	0.00452	0.57022
3	0.01124	0.00928	0.01109	0.00849	0.01262	0.00729	0.00668	0.01397	0.01389	0.02101	0.24015	0.02258	0.02380	0.00690	0.00528	0.00120	0.00395	0.00584	0.00452	0.57022
4	0.01201	0.00944	0.00982	0.00851	0.01140	0.00930	0.00671	0.23348	0.01825	0.02299	0.04647	0.04437	0.51879	0.01274	0.00677	0.00196	0.00416	0.01043	0.00572	0.00668
5	0.01266	0.01075	0.01251	0.00904	0.01426	0.00826	0.00722	0.03587	0.01291	0.02004	0.01131	0.03012	0.00965	0.00486	0.00457	0.00095	0.00450	0.00393	0.00368	0.78290
6	0.01217	0.00885	0.01043	0.01008	0.01182	0.00917	0.00741	0.23330	0.01674	0.02238	0.02733	0.54492	0.03059	0.01523	0.00716	0.00224	0.00446	0.01346	0.00572	0.00655
7	0.02571	0.01230	0.01523	0.01168	0.01638	0.01190	0.00965	0.24772	0.02066	0.53195	0.02084	0.01860	0.01344	0.00738	0.00604	0.00184	0.00559	0.00585	0.00700	0.01024
8	0.01254	0.01147	0.01899	0.02804	0.52000	0.01137	0.01445	0.01532	0.01302	0.01832	0.01811	0.25449	0.01895	0.00956	0.00649	0.00199	0.00601	0.00901	0.00379	0.00808
9	0.00815	0.00586	0.00771	0.00782	0.00891	0.00543	0.00565	0.01043	0.01531	0.02139	0.52542	0.27518	0.05148	0.01434	0.00728	0.00206	0.00304	0.01282	0.00630	0.00543
10	0.01483	0.55531	0.25746	0.01243	0.01874	0.02074	0.01401	0.01834	0.01237	0.01568	0.00912	0.01060	0.00769	0.00532	0.00444	0.00148	0.00720	0.00360	0.00256	0.00808
11	0.06897	0.01031	0.01369	0.01056	0.01516	0.00908	0.00872	0.02871	0.01685	0.71721	0.02293	0.01992	0.01445	0.00735	0.00593	0.00186	0.00509	0.00590	0.00725	0.01004
12	0.26844	0.01205	0.01160	0.01047	0.01388	0.01382	0.00824	0.02591	0.46274	0.02512	0.02199	0.02095	0.06518	0.00785	0.00544	0.00198	0.00461	0.00611	0.00534	0.00828
13	0.01675	0.00870	0.03668	0.00965	0.01250	0.00731	0.00772	0.01917	0.02711	0.35249	0.15968	0.26260	0.03016	0.01184	0.00674	0.00205	0.00432	0.01034	0.00652	0.00767
14	0.01103	0.02283	0.49893	0.01445	0.02092	0.01143	0.04179	0.01666	0.01410	0.02064	0.24027	0.02286	0.02297	0.00774	0.00619	0.00191	0.00705	0.00654	0.00383	0.00786
15	0.02011	0.01400	0.01443	0.01222	0.01610	0.08925	0.00968	0.08722	0.38401	0.25238	0.02190	0.02001	0.01555	0.00766	0.00602	0.00192	0.00564	0.00616	0.00622	0.00954
16	0.01441	0.38930	0.38411	0.01378	0.02073	0.01880	0.01615	0.04852	0.01313	0.01754	0.00980	0.01134	0.00778	0.00551	0.00485	0.00161	0.00764	0.00391	0.00270	0.00840
17	0.00893	0.00693	0.00869	0.00854	0.01045	0.00586	0.00606	0.01048	0.01182	0.01668	0.02616	0.54431	0.03018	0.01437	0.00668	0.00196	0.00379	0.01289	0.00496	0.26027
18	0.05508	0.00902	0.01190	0.00961	0.01322	0.00805	0.00776	0.02324	0.01687	0.49702	0.24849	0.02764	0.02757	0.00888	0.00628	0.00187	0.00439	0.00744	0.00703	0.00866
19	0.01356	0.01192	0.01857	0.02271	0.32265	0.01207	0.07496	0.11241	0.05025	0.02102	0.01925	0.25491	0.01944	0.00992	0.00661	0.00203	0.00608	0.00924	0.00436	0.00806
20	0.01275	0.01172	0.01739	0.47699	0.07721	0.01396	0.02817	0.02080	0.23882	0.01876	0.01505	0.01796	0.01135	0.00662	0.00606	0.00200	0.00699	0.00583	0.00377	0.00777
21	0.01442	0.00723	0.00900	0.00798	0.00947	0.00684	0.00543	0.01523	0.01142	0.24320	0.02032	0.03282	0.01941	0.51416	0.05386	0.00476	0.00604	0.00781	0.00481	0.00577
22	0.19054	0.29079	0.08047	0.01164	0.01663	0.03457	0.01087	0.25631	0.01731	0.02521	0.01061	0.01155	0.00830	0.00600	0.00473	0.00164	0.00641	0.00407	0.00398	0.00838
23	0.01427	0.00742	0.00988	0.00854	0.01097	0.00666	0.00666	0.01694	0.01709	0.25169	0.52248	0.03732	0.04373	0.01079	0.00677	0.00188	0.00355	0.00938	0.00688	0.00710
24	0.01741	0.01244	0.01398	0.01165	0.01468	0.01373	0.00912	0.36531	0.16510	0.02680	0.01522	0.01725	0.01193	0.01167	0.01148	0.25807	0.00581	0.00564	0.00498	0.00772
25	0.52284	0.01157	0.01110	0.00921	0.01330	0.01242	0.00759	0.07246	0.01370	0.25444	0.01359	0.01344	0.00939	0.00628	0.00461	0.00186	0.00494	0.00428	0.00505	0.00794
26	0.01305	0.00963	0.01199	0.01067	0.01281	0.01083	0.00837	0.23474	0.01538	0.02120	0.01586	0.02226	0.01419	0.10342	0.45937	0.00686	0.01219	0.00634	0.00413	0.00672
27	0.01208	0.00911	0.01034	0.00788	0.01200	0.00727	0.00622	0.01480	0.01252	0.02048	0.01347	0.01557	0.01094	0.00525	0.00438	0.00105	0.00394	0.00420	0.25830	0.57020
28	0.01466	0.05066	0.01436	0.01119	0.01536	0.01343	0.00891	0.06254	0.44081	0.02356	0.01888	0.01830	0.01447	0.00681	0.00549	0.00163	0.00484	0.00555	0.00515	0.26341
29	0.00829	0.00528	0.00720	0.00809	0.00842	0.00500	0.00542	0.00822	0.01049	0.01388	0.02754	0.50818	0.06766	0.01930	0.01258	0.25844	0.00401	0.01317	0.00466	0.00419
30	0.01737	0.01509	0.02244	0.02974	0.52309	0.01565	0.01627	0.24025	0.01824	0.02534	0.01229	0.01475	0.00975	0.00594	0.00597	0.00179	0.00698	0.00538	0.00392	0.00975
31	0.00865	0.01388	0.23995	0.00953	0.01370	0.00785	0.01007	0.01188	0.01340	0.01712	0.04533	0.04383	0.51797	0.01227	0.00668	0.00199	0.00487	0.01013	0.00464	0.00627
32	0.00875	0.00583	0.00656	0.00656	0.00656	0.00583	0.00365	0.00875	0.00875	0.01166	0.01895	0.03937	0.02187	0.78858	0.03062	0.00583	0.00583	0.00875	0.00365	0.00365
33	0.01136	0.01069	0.01804	0.77412	0.04143	0.01337	0.01671	0.01537	0.01203	0.01537	0.01069	0.01604	0.00802	0.00601	0.00601	0.00200	0.00802	0.00535	0.00267	0.00668
34	0.01253	0.01138	0.01864	0.10604	0.44475	0.01151	0.01430	0.01592	0.01456	0.02059	0.24051	0.02436	0.02407	0.00759	0.00632	0.00184	0.00590	0.00708	0.00408	0.00803
35	0.57628	0.01134	0.00997	0.00822	0.01245	0.01179	0.00671	0.01689	0.01093	0.02469	0.00910	0.01061	0.00726	0.00523	0.00395	0.00156	0.00459	0.00335	0.00367	0.26139
36	0.01269	0.01141	0.01879	0.14985	0.40472	0.01185	0.01544	0.01609	0.01347	0.01844	0.01761	0.03156	0.01709	0.00897	0.00670	0.00213	0.00679	0.22486	0.00373	0.00782
37	0.01563	0.01059	0.01275	0.00941	0.01435	0.00851	0.00757	0.04935	0.01441	0.16959	0.05924	0.01620	0.01315	0.00567	0.00501	0.00119	0.00458	0.00460	0.00465	0.57355
38	0.26468	0.00773	0.00771	0.00742	0.00873	0.00846	0.00509	0.01181	0.00934	0.01676	0.01526	0.02792	0.01612	0.43937	0.12642	0.00514	0.00692	0.00671	0.00361	0.00478
39	0.01781	0.43193	0.12413	0.01239	0.01793	0.02077	0.01227	0.25584	0.01764	0.02273	0.01072	0.01166	0.00854	0.00591	0.00483	0.00154	0.00682	0.00411	0.00372	0.00871
40	0.00941	0.00618	0.00840	0.00840	0.00958	0.00692	0.00649	0.01176	0.01059	0.01660	0.01721	0.02326	0.01516	0.03326	0.52802	0.00710	0.01197	0.00618	0.25807	0.00544
41	0.02013	0.26511	0.02142	0.01366	0.01747	0.46894	0.01110	0.04928	0.05144	0.01593	0.00995	0.01118	0.00835	0.00601	0.00499	0.00150	0.00902	0.00387	0.00319	0.00745
42	0.58080	0.01120	0.01044	0.00878	0.01279	0.01205	0.00724	0.02130	0.01241	0.25366	0.01316	0.01310	0.00912	0.00616	0.00445	0.00186	0.00480	0.00413	0.00488	0.00767
43	0.01247	0.01069	0.01247	0.00891	0.01426	0.00802	0.00713	0.01515	0.01247	0.01960	0.01069	0.01247	0.00891	0.00446	0.00446	0.00089	0.00446	0.00356	0.00356	0.82536
44	0.01011	0.00899	0.01460	0.53578	0.03125	0.01073	0.01324	0.01319	0.01187	0.01537	0.01768	0.25528	0.01791	0.01001	0.00653	0.00214	0.00661	0.00901	0.00358	0.00612
45	0.01180	0.02318	0.52341	0.01355	0.02011	0.01137	0.01662	0.01748	0.01267	0.02010	0.01354	0.01573	0.01005	0.00612	0.00525	0.00175	0.00700	0.00481	0.25760	0.00787
46	0.01386	0.01941	0.25215	0.04222	0.47492	0.01439	0.01933	0.01838	0.01312	0.01912	0.01096	0.01414	0.00882	0.00575	0.00660	0.00187	0.04792	0.00507	0.00282	0.00913
47	0.00836	0.00625	0.00906	0.04896	0.01143	0.00689	0.00713	0.01011	0.01030	0.01431	0.02133	0.26119	0.02284	0.08573	0.43930	0.00676	0.01106	0.00986	0.00396	0.00517
48	0.83108	0.01163	0.00884	0.00791	0.01163	0.01350	0.00651	0.01768	0.01024	0.02699	0.00838	0.00977	0.00651	0.00558	0.00372	0.00186	0.00465	0.00326	0.00372	0.00651
49	0.00755	0.00611	0.00670	0.00655	0.00839	0.00526	0.00491	0.00948	0.01474	0.01870	0.27476	0.05386	0.53327	0.01432	0.00711	0.00199	0.00298	0.01213	0.00591	0.00526
50	0.00810	0.00586	0.00765	0.00777	0.00888	0.00541	0.00561	0.01034	0.01521	0.02114	0.50346	0.27560	0.07360	0.01443	0.00728	0.00207	0.00305	0.01287	0.00627	0.00541
51	0.01437	0.51003	0.05906	0.00917	0.01334	0.01766	0.00898	0.01682	0.01237	0.01697	0.01199	0.01378	0.01011	0.00575	0.00406	0.00135	0.00542	0.00402	0.25762	0.00712
52	0.00880	0.00667	0.00953	0.00925	0.01036	0.00745	0.00714	0.01107	0.01192	0.01710	0.24354	0.03008	0.02782	0.04880	0.47697	0.00682	0.04912	0.00782	0.00426	0.00549

[dist]
# distance from previous block
# <min> <max>
0	1

[block]
# block no. 3 follows, 38 sequences, length 27
# corresponding to MSA columns:
# 285-311
name=unknown_D
#
# <colnr> <probs for GDERKNQSTAVLIFYWHMCP>
#	G	D	E	R	K	N	Q	S	T	A	V	L	I	F	Y	W	H	M	C	P
0	0.00913	0.00652	0.00905	0.01043	0.01157	0.00644	0.00871	0.01149	0.01329	0.01737	0.03216	0.23880	0.03585	0.01715	0.00816	0.00269	0.00505	0.54519	0.00555	0.00538
1	0.01068	0.00766	0.00823	0.00769	0.00986	0.00750	0.00600	0.09820	0.05069	0.02177	0.12087	0.04166	0.32529	0.01172	0.00631	0.00189	0.00363	0.05377	0.20047	0.00613
2	0.01153	0.04956	0.53125	0.01463	0.02122	0.01197	0.01745	0.01679	0.01254	0.04089	0.01645	0.19693	0.01552	0.00888	0.00613	0.00201	0.00740	0.00747	0.00342	0.00794
3	0.01349	0.01369	0.02837	0.02065	0.02561	0.01292	0.55632	0.01802	0.01382	0.02002	0.01395	0.01771	0.01063	0.00553	0.00641	0.00188	0.00839	0.00674	0.19834	0.00752
4	0.02402	0.01500	0.01691	0.01296	0.01773	0.01590	0.01071	0.53432	0.02518	0.23898	0.01705	0.01613	0.01154	0.00728	0.00603	0.00182	0.00620	0.00559	0.00642	0.01023
5	0.60142	0.01282	0.04275	0.01018	0.01323	0.01469	0.00876	0.01698	0.01010	0.02367	0.00836	0.01070	0.00689	0.00677	0.00763	0.00205	0.18915	0.00379	0.00341	0.00663
6	0.01247	0.01069	0.01247	0.00891	0.01426	0.00802	0.00713	0.01515	0.01247	0.01960	0.01069	0.01247	0.00891	0.00446	0.00446	0.00089	0.00446	0.00356	0.00356	0.82536
7	0.01153	0.00961	0.01142	0.00859	0.01300	0.00746	0.00678	0.01424	0.01356	0.02068	0.18649	0.02022	0.02032	0.00633	0.00508	0.00113	0.00407	0.00531	0.00429	0.62989
8	0.02039	0.01538	0.01672	0.01267	0.01761	0.01612	0.01041	0.56029	0.02451	0.03355	0.01355	0.01397	0.00992	0.00656	0.00565	0.00159	0.00610	0.00497	0.00543	0.20462
9	0.01385	0.01416	0.05743	0.22572	0.53414	0.01404	0.01819	0.01769	0.01322	0.01852	0.01113	0.01508	0.00905	0.00555	0.00596	0.00185	0.00745	0.00531	0.00288	0.00877
10	0.01628	0.02116	0.28803	0.01822	0.02490	0.01496	0.23629	0.18945	0.01716	0.07130	0.01292	0.01470	0.00922	0.00595	0.00620	0.00189	0.00836	0.00557	0.00387	0.03357
11	0.00776	0.00612	0.00700	0.00678	0.00853	0.00536	0.00508	0.00990	0.01525	0.01991	0.38014	0.05187	0.42714	0.01387	0.00710	0.00197	0.00295	0.01185	0.00607	0.00536
12	0.01353	0.01161	0.01813	0.01462	0.01800	0.01159	0.20867	0.18503	0.03767	0.02294	0.06758	0.25647	0.02340	0.01093	0.00696	0.00209	0.00622	0.04508	0.00499	0.03450
13	0.07871	0.01195	0.01376	0.01138	0.01546	0.01246	0.00916	0.08264	0.31857	0.34538	0.02225	0.02008	0.01539	0.00759	0.00591	0.00193	0.00505	0.00612	0.00652	0.00968
14	0.01031	0.00728	0.01048	0.19110	0.01726	0.00757	0.00859	0.01276	0.02786	0.08094	0.12690	0.39864	0.04954	0.01358	0.00701	0.00219	0.00464	0.01216	0.00521	0.00599
15	0.01337	0.01235	0.02051	0.02992	0.57409	0.01224	0.01541	0.01677	0.01449	0.02072	0.18697	0.02205	0.02079	0.00701	0.00623	0.00181	0.00612	0.00668	0.00385	0.00861
16	0.01410	0.01693	0.06963	0.02497	0.03118	0.01515	0.69578	0.01926	0.01413	0.01926	0.01211	0.01606	0.00906	0.00510	0.00703	0.00202	0.01008	0.00697	0.00302	0.00815
17	0.01189	0.00870	0.01036	0.00901	0.01126	0.00875	0.00701	0.18287	0.01960	0.02714	0.54900	0.03812	0.06982	0.01119	0.00684	0.00188	0.00375	0.00964	0.00644	0.00674
18	0.01374	0.01476	0.02918	0.02097	0.02659	0.01365	0.52241	0.01806	0.01355	0.01912	0.01161	0.01518	0.00902	0.00519	0.00708	0.00179	0.04587	0.00617	0.00315	0.20293
19	0.01207	0.05827	0.55055	0.19738	0.02926	0.01424	0.02041	0.01813	0.01252	0.01797	0.01067	0.01337	0.00772	0.00576	0.00571	0.00190	0.00858	0.00461	0.00257	0.00831
20	0.00905	0.00686	0.00939	0.19002	0.01537	0.00741	0.00720	0.01024	0.01016	0.01339	0.02021	0.20294	0.02263	0.42728	0.01955	0.00415	0.00582	0.00983	0.00385	0.00465
21	0.00744	0.00539	0.00694	0.00804	0.00858	0.00499	0.00541	0.00858	0.01188	0.01574	0.07408	0.64433	0.10204	0.05537	0.00871	0.00254	0.00353	0.01597	0.00555	0.00489
22	0.01376	0.01314	0.02238	0.27282	0.52398	0.01400	0.01790	0.01747	0.01316	0.01828	0.01112	0.01526	0.00905	0.00557	0.00597	0.00186	0.00743	0.00536	0.00288	0.00862
23	0.01582	0.60637	0.02725	0.01076	0.01549	0.02170	0.01011	0.02134	0.18582	0.01678	0.01221	0.01270	0.01026	0.00587	0.00440	0.00147	0.00603	0.00407	0.00342	0.00815
24	0.80463	0.01160	0.00914	0.03263	0.01260	0.01349	0.00684	0.01761	0.01030	0.02662	0.00845	0.00997	0.00656	0.00560	0.00380	0.00187	0.00476	0.00332	0.00369	0.00652
25	0.01524	0.57308	0.02774	0.19260	0.02177	0.02110	0.01187	0.04750	0.01286	0.01545	0.00918	0.01138	0.00790	0.00544	0.00446	0.00148	0.00682	0.00382	0.00274	0.00758
26	0.01608	0.79220	0.03152	0.01029	0.01544	0.02380	0.01029	0.01801	0.01222	0.01415	0.00836	0.00965	0.00772	0.00515	0.00386	0.00129	0.00643	0.00322	0.00257	0.00772

[dist]
# distance from previous block
# <min> <max>
0	1

[block]
# block no. 4 follows, 38 sequences, length 70
# corresponding to MSA columns:
# 313-382
name=unknown_E
#
# <colnr> <probs for GDERKNQSTAVLIFYWHMCP>
#	G	D	E	R	K	N	Q	S	T	A	V	L	I	F	Y	W	H	M	C	P
0	0.04211	0.00754	0.00816	0.00763	0.00990	0.00662	0.00572	0.01156	0.03147	0.02032	0.25775	0.04829	0.42835	0.01342	0.00710	0.00205	0.00354	0.01109	0.00594	0.07144
1	0.00849	0.00670	0.00690	0.00691	0.00883	0.00571	0.00508	0.00990	0.01422	0.01795	0.09225	0.09337	0.60659	0.01508	0.00727	0.00216	0.00338	0.01244	0.07115	0.00563
2	0.00846	0.00666	0.00741	0.00749	0.00915	0.00576	0.00543	0.00996	0.01470	0.01887	0.22515	0.17343	0.45382	0.01557	0.00756	0.00223	0.00340	0.01314	0.00612	0.00568
3	0.82014	0.01224	0.00950	0.00854	0.01230	0.01394	0.00691	0.01826	0.01082	0.02767	0.00931	0.01106	0.00740	0.00619	0.00413	0.00203	0.00497	0.00357	0.00403	0.00698
4	0.00990	0.00693	0.00869	0.00820	0.00981	0.00626	0.00608	0.01225	0.01703	0.04769	0.62683	0.07122	0.11884	0.01314	0.00744	0.00209	0.00329	0.01130	0.00678	0.00622
5	0.00958	0.00648	0.00729	0.00736	0.00748	0.00632	0.00424	0.00942	0.00958	0.01286	0.02087	0.09978	0.02397	0.71637	0.02881	0.00567	0.00594	0.00965	0.00410	0.00425
6	0.01763	0.01596	0.03834	0.08639	0.31584	0.01610	0.14001	0.22808	0.03289	0.02548	0.01347	0.01641	0.01053	0.00658	0.00655	0.00202	0.00785	0.00597	0.00422	0.00967
7	0.30691	0.14676	0.01683	0.01129	0.01563	0.07597	0.00940	0.17127	0.01673	0.15365	0.01334	0.01398	0.00995	0.00683	0.00518	0.00189	0.00626	0.00455	0.00491	0.00865
8	0.01455	0.17248	0.43735	0.01573	0.02258	0.03913	0.05516	0.01932	0.01377	0.05106	0.03065	0.01899	0.01221	0.00729	0.00606	0.00201	0.00823	0.06127	0.00346	0.00871
9	0.06543	0.05152	0.08685	0.01654	0.04996	0.04113	0.13209	0.33768	0.04149	0.02902	0.07257	0.01789	0.01416	0.00745	0.00639	0.00200	0.00738	0.00610	0.00503	0.00933
10	0.01692	0.78153	0.03185	0.01089	0.01605	0.02410	0.01064	0.01858	0.01278	0.01502	0.00930	0.01094	0.00859	0.00576	0.00427	0.00146	0.00672	0.00353	0.00289	0.00817
11	0.01606	0.01338	0.03639	0.05515	0.01824	0.03571	0.04097	0.07635	0.08086	0.08832	0.01434	0.01583	0.01115	0.00611	0.00555	0.00150	0.00582	0.00483	0.00453	0.46891
12	0.07980	0.01047	0.01337	0.01061	0.01488	0.00932	0.00859	0.02721	0.01686	0.61725	0.04365	0.02174	0.01633	0.00800	0.00615	0.00199	0.00514	0.00624	0.07250	0.00990
13	0.00975	0.00706	0.00999	0.00995	0.01113	0.00790	0.00764	0.01168	0.01050	0.01551	0.01722	0.02463	0.01583	0.04211	0.69339	0.00906	0.01520	0.00665	0.06895	0.00587
14	0.01472	0.05143	0.16544	0.08171	0.05185	0.01483	0.37147	0.01905	0.01396	0.05407	0.01406	0.06046	0.01154	0.00701	0.00743	0.00217	0.03984	0.00695	0.00355	0.00847
15	0.01160	0.01116	0.01970	0.03134	0.01958	0.01031	0.29228	0.01426	0.01357	0.01823	0.02753	0.24727	0.14982	0.01157	0.00768	0.00223	0.02409	0.01089	0.00457	0.07232
16	0.00942	0.00710	0.01003	0.00999	0.01122	0.00786	0.00767	0.01125	0.01059	0.01502	0.02052	0.02746	0.07442	0.04276	0.69362	0.00911	0.01522	0.00721	0.00372	0.00583
17	0.01412	0.01483	0.02907	0.02141	0.02673	0.01376	0.52934	0.01882	0.04904	0.02004	0.01885	0.02350	0.07925	0.00722	0.00726	0.00213	0.00881	0.03842	0.00389	0.07353
18	0.01522	0.45167	0.28538	0.01319	0.01968	0.01939	0.01458	0.01872	0.01297	0.01718	0.01034	0.01224	0.00865	0.00590	0.00497	0.00164	0.00742	0.00399	0.00296	0.07391
19	0.02647	0.01121	0.01453	0.01134	0.01592	0.00998	0.00923	0.08488	0.01843	0.65571	0.02533	0.02277	0.04741	0.00835	0.00647	0.00203	0.00545	0.00656	0.00750	0.01042
20	0.02468	0.01036	0.01326	0.01054	0.01465	0.00925	0.00851	0.06036	0.01741	0.58146	0.02328	0.02167	0.01553	0.00793	0.00610	0.00194	0.00509	0.00621	0.15194	0.00983
21	0.02247	0.02867	0.01705	0.01550	0.01860	0.76443	0.01162	0.02402	0.01705	0.01472	0.00930	0.01085	0.00775	0.00620	0.00542	0.00155	0.01085	0.00387	0.00310	0.00697
22	0.02198	0.02182	0.01707	0.01444	0.01815	0.37761	0.01132	0.28133	0.07205	0.05980	0.01289	0.01352	0.00975	0.00692	0.00622	0.00173	0.03553	0.00480	0.00457	0.00848
23	0.00756	0.00540	0.00724	0.00864	0.00909	0.00508	0.00598	0.00877	0.01174	0.01561	0.03303	0.71541	0.03929	0.01863	0.00774	0.00247	0.00369	0.08410	0.00558	0.00495
24	0.01136	0.01069	0.01804	0.77412	0.04143	0.01337	0.01671	0.01537	0.01203	0.01537	0.01069	0.01604	0.00802	0.00601	0.00601	0.00200	0.00802	0.00535	0.00267	0.00668
25	0.01207	0.03112	0.75741	0.01715	0.02604	0.01397	0.02223	0.01905	0.01270	0.01905	0.01080	0.01270	0.00762	0.00572	0.00572	0.00191	0.00889	0.00445	0.00254	0.00889
26	0.01608	0.79220	0.03152	0.01029	0.01544	0.02380	0.01029	0.01801	0.01222	0.01415	0.00836	0.00965	0.00772	0.00515	0.00386	0.00129	0.00643	0.00322	0.00257	0.00772
27	0.00862	0.00636	0.00924	0.00924	0.01016	0.00728	0.00698	0.01046	0.00954	0.01364	0.01651	0.02582	0.01599	0.14855	0.66261	0.00913	0.01468	0.00677	0.00328	0.00513
28	0.01462	0.01382	0.02241	0.09128	0.59312	0.01431	0.01708	0.02010	0.11463	0.02008	0.01310	0.01603	0.01064	0.00580	0.00598	0.00184	0.00688	0.00556	0.00339	0.00930
29	0.00875	0.00583	0.00656	0.00656	0.00656	0.00583	0.00365	0.00875	0.00875	0.01166	0.01895	0.03937	0.02187	0.78858	0.03062	0.00583	0.00583	0.00875	0.00365	0.00365
30	0.01188	0.01131	0.01614	0.08379	0.01687	0.01520	0.01211	0.01356	0.00992	0.01474	0.01225	0.08721	0.01262	0.01444	0.08813	0.00324	0.53134	0.03590	0.00308	0.00628
31	0.01316	0.01316	0.01843	0.01579	0.01579	0.01843	0.01316	0.01448	0.00921	0.01448	0.00790	0.01316	0.00790	0.01053	0.01974	0.00263	0.77757	0.00526	0.00263	0.00658
32	0.01603	0.01345	0.01421	0.01246	0.01605	0.01546	0.00978	0.12664	0.64377	0.02689	0.02312	0.02136	0.01726	0.00803	0.00611	0.00201	0.00501	0.00661	0.00611	0.00962
33	0.00875	0.00583	0.00656	0.00656	0.00656	0.00583	0.00365	0.00875	0.00875	0.01166	0.01895	0.03937	0.02187	0.78858	0.03062	0.00583	0.00583	0.00875	0.00365	0.00365
34	0.02247	0.01845	0.01792	0.01415	0.01855	0.12801	0.01152	0.60217	0.02597	0.03369	0.01346	0.01387	0.00978	0.00719	0.00641	0.00180	0.03431	0.00518	0.00547	0.00962
35	0.01917	0.01493	0.01541	0.01335	0.03983	0.07894	0.01029	0.23502	0.31842	0.11726	0.01996	0.01897	0.02814	0.00755	0.00598	0.00186	0.00590	0.00601	0.00580	0.03721
36	0.01254	0.12123	0.67147	0.01633	0.02478	0.01514	0.02081	0.01893	0.01264	0.01847	0.01051	0.01234	0.00763	0.00565	0.00550	0.00183	0.00860	0.00430	0.00254	0.00875
37	0.00756	0.00611	0.00672	0.00657	0.00840	0.00527	0.00493	0.00951	0.01478	0.01878	0.28166	0.05373	0.52632	0.01429	0.00711	0.00199	0.00298	0.01211	0.00592	0.00527
38	0.02534	0.01045	0.01377	0.01074	0.01513	0.00943	0.00876	0.05087	0.06468	0.65482	0.02330	0.02117	0.01525	0.03878	0.00704	0.00203	0.00517	0.00619	0.00716	0.00993
39	0.01524	0.01482	0.02395	0.07390	0.63743	0.04446	0.04120	0.04110	0.01422	0.01979	0.01133	0.01482	0.00939	0.00548	0.00598	0.00180	0.00742	0.00536	0.00306	0.00925
40	0.00844	0.00573	0.00675	0.00705	0.00716	0.00569	0.00418	0.00874	0.00936	0.01252	0.02186	0.19637	0.02543	0.60150	0.04986	0.00524	0.00567	0.01044	0.00404	0.00396
41	0.00733	0.00524	0.00698	0.00838	0.00873	0.00489	0.00558	0.00838	0.01152	0.01536	0.03316	0.78466	0.03979	0.01885	0.00768	0.00244	0.00349	0.01710	0.00558	0.00489
42	0.01485	0.01440	0.02500	0.03631	0.71304	0.01434	0.05601	0.01850	0.01372	0.01963	0.01136	0.01496	0.00951	0.00534	0.00602	0.00180	0.00730	0.00545	0.00298	0.00945
43	0.01285	0.00711	0.00943	0.00830	0.01048	0.00642	0.00642	0.01556	0.01707	0.19553	0.57811	0.03920	0.04695	0.01116	0.00685	0.00188	0.00337	0.00975	0.00682	0.00675
44	0.02213	0.04091	0.01802	0.01352	0.01823	0.01827	0.01118	0.63464	0.08438	0.05448	0.01529	0.01508	0.01092	0.00724	0.00596	0.00181	0.00643	0.00547	0.00595	0.01009
45	0.01307	0.01063	0.01433	0.01098	0.01524	0.00908	0.08377	0.06034	0.01353	0.05533	0.01551	0.13388	0.01463	0.04149	0.00680	0.00160	0.01734	0.00652	0.00415	0.47177
46	0.83108	0.01163	0.00884	0.00791	0.01163	0.01350	0.00651	0.01768	0.01024	0.02699	0.00838	0.00977	0.00651	0.00558	0.00372	0.00186	0.00465	0.00326	0.00372	0.00651
47	0.01499	0.01549	0.02618	0.02904	0.39080	0.05562	0.23310	0.01983	0.07072	0.01939	0.01229	0.01556	0.00991	0.00585	0.00711	0.00192	0.05427	0.00592	0.00323	0.00878
48	0.00750	0.00546	0.00707	0.00803	0.00871	0.00503	0.00550	0.00888	0.01261	0.01685	0.15040	0.59628	0.11059	0.01745	0.00753	0.00232	0.00334	0.01568	0.00575	0.00503
49	0.00839	0.00610	0.00790	0.00755	0.00894	0.00561	0.00562	0.01108	0.01659	0.02332	0.68001	0.08458	0.08620	0.01277	0.00713	0.00193	0.00288	0.01129	0.00652	0.00561
50	0.00818	0.00605	0.00767	0.00765	0.00901	0.00554	0.00572	0.01054	0.01549	0.02120	0.48972	0.15826	0.16418	0.01399	0.00725	0.00205	0.00313	0.05268	0.00624	0.00545
51	0.00944	0.00687	0.00925	0.01023	0.01165	0.00681	0.00863	0.01253	0.03877	0.01881	0.12937	0.10892	0.07202	0.01583	0.00797	0.00257	0.00490	0.51408	0.00571	0.00563
52	0.01416	0.01612	0.03492	0.02503	0.03091	0.01532	0.70490	0.01911	0.01403	0.01911	0.01203	0.01612	0.00909	0.00526	0.00753	0.00205	0.03619	0.00704	0.00303	0.00806
53	0.01247	0.01069	0.01247	0.00891	0.01426	0.00802	0.00713	0.01515	0.01247	0.01960	0.01069	0.01247	0.00891	0.00446	0.00446	0.00089	0.00446	0.00356	0.00356	0.82536
54	0.01207	0.03112	0.75741	0.01715	0.02604	0.01397	0.02223	0.01905	0.01270	0.01905	0.01080	0.01270	0.00762	0.00572	0.00572	0.00191	0.00889	0.00445	0.00254	0.00889
55	0.01416	0.01355	0.02311	0.18866	0.60500	0.01410	0.01810	0.01783	0.01335	0.01877	0.01119	0.01513	0.00922	0.00549	0.00597	0.00183	0.00733	0.00536	0.00292	0.00894
56	0.00875	0.00583	0.00656	0.00656	0.00656	0.00583	0.00365	0.00875	0.00875	0.01166	0.01895	0.03937	0.02187	0.78858	0.03062	0.00583	0.00583	0.00875	0.00365	0.00365
57	0.01480	0.01570	0.03059	0.12009	0.03065	0.05116	0.53714	0.01927	0.01398	0.05332	0.01220	0.01601	0.00914	0.00560	0.00738	0.00202	0.04327	0.00659	0.00319	0.00791
58	0.02287	0.01685	0.01805	0.01384	0.01866	0.01866	0.01143	0.73100	0.02828	0.03791	0.01444	0.01444	0.01023	0.00722	0.00602	0.00181	0.00662	0.00542	0.00602	0.01023
59	0.01427	0.01366	0.02330	0.16609	0.62672	0.01413	0.01815	0.01792	0.01341	0.01890	0.01121	0.01509	0.00926	0.00547	0.00597	0.00182	0.00730	0.00536	0.00292	0.00903
60	0.00904	0.00692	0.00977	0.00954	0.01027	0.00814	0.00717	0.01064	0.00942	0.01350	0.01600	0.02617	0.01591	0.20704	0.53402	0.00818	0.08306	0.00685	0.00326	0.00510
61	0.01207	0.03112	0.75741	0.01715	0.02604	0.01397	0.02223	0.01905	0.01270	0.01905	0.01080	0.01270	0.00762	0.00572	0.00572	0.00191	0.00889	0.00445	0.00254	0.00889
62	0.01379	0.01092	0.01305	0.04274	0.01570	0.00875	0.00784	0.04594	0.01342	0.06723	0.01168	0.01322	0.00931	0.00483	0.00469	0.00104	0.00474	0.00388	0.00388	0.70336
63	0.01653	0.01270	0.02050	0.24802	0.34501	0.01332	0.03274	0.06409	0.01477	0.15312	0.01360	0.01625	0.01009	0.00604	0.00602	0.00187	0.00707	0.00553	0.00389	0.00883
64	0.02006	0.01471	0.01650	0.01387	0.04638	0.01609	0.01093	0.53523	0.03566	0.05646	0.01826	0.02195	0.04519	0.03490	0.00742	0.00206	0.02471	0.06462	0.00572	0.00926
65	0.01433	0.01526	0.01664	0.01468	0.01552	0.17278	0.01187	0.01584	0.01093	0.01444	0.00960	0.01447	0.00909	0.01554	0.14427	0.00361	0.48666	0.00518	0.00283	0.00646
66	0.01009	0.00787	0.01021	0.05026	0.04784	0.00788	0.00763	0.04357	0.07943	0.02301	0.47147	0.04140	0.10573	0.01161	0.00694	0.00197	0.00385	0.05688	0.00600	0.00638
67	0.00867	0.00616	0.00834	0.00961	0.01047	0.00602	0.00753	0.01052	0.01248	0.01640	0.03125	0.35024	0.03557	0.08460	0.01000	0.00291	0.00475	0.37398	0.00539	0.00512
68	0.01603	0.52924	0.04063	0.01183	0.05037	0.01986	0.01045	0.04789	0.07913	0.04914	0.05008	0.01376	0.01182	0.00597	0.00458	0.00145	0.00604	0.00430	0.00352	0.04394
69	0.00790	0.00609	0.00713	0.00693	0.00852	0.00541	0.00513	0.01002	0.01514	0.02006	0.40908	0.07117	0.34626	0.04482	0.00806	0.00212	0.00306	0.01174	0.00604	0.00532

[dist]
# distance from previous block
# <min> <max>
0	54

[block]
# block no. 5 follows, 38 sequences, length 10
# corresponding to MSA columns:
# 441-450
name=unknown_F
#
# <colnr> <probs for GDERKNQSTAVLIFYWHMCP>
#	G	D	E	R	K	N	Q	S	T	A	V	L	I	F	Y	W	H	M	C	P
0	0.01172	0.01098	0.01816	0.66299	0.09566	0.01307	0.01618	0.01560	0.01219	0.01600	0.01074	0.01570	0.00820	0.00586	0.00590	0.00191	0.00770	0.00522	0.00276	0.06344
1	0.01808	0.00971	0.01311	0.01253	0.09233	0.00892	0.00883	0.02192	0.07807	0.34406	0.21307	0.02729	0.05210	0.00864	0.00625	0.00182	0.00459	0.00738	0.00630	0.06501
2	0.02699	0.01024	0.01396	0.01070	0.01536	0.00884	0.00884	0.02932	0.01722	0.75522	0.02373	0.02048	0.01489	0.00745	0.00605	0.00186	0.00512	0.00605	0.00745	0.01024
3	0.01496	0.01292	0.01360	0.01224	0.01564	0.01496	0.00952	0.03197	0.74019	0.02516	0.02448	0.02244	0.01836	0.00816	0.00612	0.00204	0.00476	0.00680	0.00612	0.00952
4	0.01420	0.01623	0.03550	0.02535	0.03144	0.01521	0.72921	0.01927	0.01420	0.01927	0.01217	0.01623	0.00913	0.00507	0.00710	0.00203	0.01014	0.00710	0.00304	0.00811
5	0.00872	0.00594	0.00709	0.00709	0.00728	0.00612	0.00431	0.00909	0.00891	0.01206	0.01847	0.03668	0.02070	0.66147	0.15614	0.00649	0.00759	0.00835	0.00357	0.00394
6	0.01045	0.00522	0.00784	0.00784	0.00784	0.00522	0.00522	0.00784	0.00784	0.01045	0.01045	0.01829	0.01045	0.02090	0.02351	0.82497	0.00522	0.00522	0.00261	0.00261
7	0.01136	0.01069	0.01804	0.77412	0.04143	0.01337	0.01671	0.01537	0.01203	0.01537	0.01069	0.01604	0.00802	0.00601	0.00601	0.00200	0.00802	0.00535	0.00267	0.00668
8	0.09200	0.02124	0.01685	0.01401	0.01803	0.32359	0.01109	0.38035	0.02214	0.02748	0.01182	0.01257	0.00890	0.00666	0.00558	0.00171	0.00818	0.00460	0.00463	0.00858
9	0.01489	0.01429	0.02442	0.03692	0.75106	0.01429	0.01846	0.01846	0.01370	0.01965	0.01132	0.01489	0.00953	0.00536	0.00596	0.00179	0.00715	0.00536	0.00298	0.00953

[dist]
# distance from previous block
# <min> <max>
0	1

[block]
# block no. 6 follows, 38 sequences, length 20
# corresponding to MSA columns:
# 452-471
name=unknown_G
#
# <colnr> <probs for GDERKNQSTAVLIFYWHMCP>
#	G	D	E	R	K	N	Q	S	T	A	V	L	I	F	Y	W	H	M	C	P
0	0.00733	0.00524	0.00698	0.00838	0.00873	0.00489	0.00558	0.00838	0.01152	0.01536	0.03316	0.78466	0.03979	0.01885	0.00768	0.00244	0.00349	0.01710	0.00558	0.00489
1	0.01234	0.08374	0.70722	0.01667	0.02530	0.01465	0.02140	0.01898	0.01267	0.01871	0.01063	0.01249	0.00763	0.00568	0.00559	0.00186	0.00872	0.00436	0.00254	0.00881
2	0.00851	0.00615	0.00804	0.00757	0.00899	0.00568	0.00568	0.01135	0.01703	0.02412	0.74788	0.04494	0.05676	0.01230	0.00710	0.00189	0.00284	0.01088	0.00662	0.00568
3	0.02699	0.01024	0.01396	0.01070	0.01536	0.00884	0.00884	0.02932	0.01722	0.75522	0.02373	0.02048	0.01489	0.00745	0.00605	0.00186	0.00512	0.00605	0.00745	0.01024
4	0.01439	0.01388	0.02398	0.13502	0.62944	0.01420	0.04467	0.01808	0.01349	0.01907	0.01126	0.01509	0.00931	0.00544	0.00601	0.00182	0.00737	0.00542	0.00294	0.00910
5	0.01590	0.75770	0.06443	0.01060	0.01592	0.02336	0.01083	0.01806	0.01225	0.01438	0.00847	0.00979	0.00772	0.00517	0.00394	0.00131	0.00654	0.00327	0.00257	0.00777
6	0.00875	0.00583	0.00656	0.00656	0.00656	0.00583	0.00365	0.00875	0.00875	0.01166	0.01895	0.03937	0.02187	0.78858	0.03062	0.00583	0.00583	0.00875	0.00365	0.00365
7	0.01261	0.01055	0.01229	0.00916	0.01400	0.00836	0.00724	0.05780	0.01334	0.02031	0.01306	0.08607	0.01193	0.00599	0.00486	0.00109	0.00449	0.00496	0.00390	0.69798
8	0.01207	0.03112	0.75741	0.01715	0.02604	0.01397	0.02223	0.01905	0.01270	0.01905	0.01080	0.01270	0.00762	0.00572	0.00572	0.00191	0.00889	0.00445	0.00254	0.00889
9	0.00859	0.00645	0.00967	0.00967	0.01074	0.00752	0.00752	0.01074	0.00967	0.01396	0.01611	0.02363	0.01504	0.04512	0.76474	0.00967	0.01611	0.00645	0.00322	0.00537
10	0.01458	0.01252	0.01327	0.01196	0.01525	0.01441	0.00929	0.03074	0.69702	0.02510	0.06766	0.02379	0.02066	0.00841	0.00618	0.00203	0.00465	0.00704	0.00615	0.00929
11	0.00875	0.00583	0.00656	0.00656	0.00656	0.00583	0.00365	0.00875	0.00875	0.01166	0.01895	0.03937	0.02187	0.78858	0.03062	0.00583	0.00583	0.00875	0.00365	0.00365
12	0.02699	0.01024	0.01396	0.01070	0.01536	0.00884	0.00884	0.02932	0.01722	0.75522	0.02373	0.02048	0.01489	0.00745	0.00605	0.00186	0.00512	0.00605	0.00745	0.01024
13	0.00779	0.00606	0.00688	0.00675	0.00831	0.00536	0.00492	0.00964	0.01439	0.01868	0.30894	0.07372	0.40299	0.08785	0.00936	0.00235	0.00325	0.01179	0.00578	0.00516
14	0.05492	0.01068	0.01403	0.01079	0.01542	0.00959	0.00891	0.07079	0.01763	0.68689	0.02264	0.01974	0.01432	0.00737	0.00597	0.00186	0.00519	0.00591	0.00723	0.01011
15	0.01647	0.74602	0.03065	0.01061	0.01563	0.06860	0.01037	0.01838	0.01252	0.01419	0.00842	0.00972	0.00772	0.00521	0.00395	0.00130	0.00670	0.00326	0.00261	0.00767
16	0.01207	0.03112	0.75741	0.01715	0.02604	0.01397	0.02223	0.01905	0.01270	0.01905	0.01080	0.01270	0.00762	0.00572	0.00572	0.00191	0.00889	0.00445	0.00254	0.00889
17	0.01339	0.28226	0.51789	0.01488	0.02254	0.01722	0.01829	0.01871	0.01254	0.01744	0.00999	0.01169	0.00765	0.00553	0.00510	0.00170	0.00808	0.00404	0.00255	0.00850
18	0.09363	0.71793	0.02937	0.01007	0.01508	0.02282	0.00993	0.01798	0.01203	0.01537	0.00836	0.00966	0.00761	0.00519	0.00385	0.00134	0.00626	0.00322	0.00268	0.00761
19	0.00852	0.00615	0.00851	0.00865	0.00934	0.00678	0.00621	0.00994	0.00958	0.01343	0.01856	0.10060	0.01937	0.25765	0.48038	0.00787	0.01194	0.00813	0.00357	0.00483

[dist]
# distance from previous block
# <min> <max>
0	1

[block]
# block no. 7 follows, 38 sequences, length 161
# corresponding to MSA columns:
# 473-633
name=unknown_H
#
# <colnr> <probs for GDERKNQSTAVLIFYWHMCP>
#	G	D	E	R	K	N	Q	S	T	A	V	L	I	F	Y	W	H	M	C	P
0	0.11077	0.06767	0.09450	0.01242	0.01698	0.01576	0.01099	0.19517	0.31211	0.07552	0.01765	0.01706	0.01297	0.00713	0.00562	0.00189	0.00577	0.00552	0.00529	0.00921
1	0.01207	0.03112	0.75741	0.01715	0.02604	0.01397	0.02223	0.01905	0.01270	0.01905	0.01080	0.01270	0.00762	0.00572	0.00572	0.00191	0.00889	0.00445	0.00254	0.00889
2	0.00812	0.00588	0.00767	0.00777	0.00888	0.00542	0.00562	0.01039	0.01529	0.02129	0.51567	0.26520	0.07160	0.01433	0.00727	0.00206	0.00304	0.01278	0.00628	0.00542
3	0.01476	0.01416	0.02418	0.06454	0.72448	0.01426	0.01840	0.01835	0.01364	0.01949	0.01129	0.01493	0.00947	0.00538	0.00596	0.00179	0.00718	0.00536	0.00297	0.00942
4	0.10710	0.65718	0.02816	0.01025	0.01522	0.02234	0.00994	0.06234	0.01300	0.01706	0.00874	0.00996	0.00774	0.00532	0.00398	0.00138	0.00625	0.00336	0.00292	0.00774
5	0.00733	0.00524	0.00698	0.00838	0.00873	0.00489	0.00558	0.00838	0.01152	0.01536	0.03316	0.78466	0.03979	0.01885	0.00768	0.00244	0.00349	0.01710	0.00558	0.00489
6	0.73161	0.01297	0.06997	0.00866	0.01266	0.01321	0.00775	0.01740	0.01034	0.02569	0.00866	0.01035	0.00676	0.00620	0.00467	0.03450	0.00502	0.00343	0.00358	0.00655
7	0.00753	0.00545	0.00720	0.00840	0.00894	0.00501	0.00565	0.00864	0.01156	0.01553	0.03227	0.75404	0.03856	0.01828	0.00755	0.00238	0.00353	0.01656	0.00550	0.03742
8	0.13829	0.01537	0.01604	0.01260	0.01700	0.01704	0.01035	0.58099	0.02479	0.03518	0.04112	0.03703	0.01226	0.00751	0.00577	0.00183	0.00611	0.00564	0.00570	0.00937
