[name]
unknown

[dist]
# distance from previous block
# <min> <max>
0	85

[block]
# block no. 0 follows, 41 sequences, length 31
# corresponding to MSA columns:
# 87-117
name=unknown_A
#
# <colnr> <probs for GDERKNQSTAVLIFYWHMCP>
#	G	D	E	R	K	N	Q	S	T	A	V	L	I	F	Y	W	H	M	C	P
0	0.03320	0.09897	0.20785	0.01002	0.01385	0.00971	0.01014	0.01420	0.01421	0.04525	0.40531	0.02825	0.03222	0.00939	0.02021	0.00185	0.00496	0.00735	0.00469	0.02838
1	0.01057	0.12742	0.18006	0.00983	0.01324	0.00969	0.00964	0.01364	0.01372	0.05164	0.33979	0.12372	0.03182	0.01012	0.00646	0.02455	0.00471	0.00832	0.00468	0.00637
2	0.01244	0.22623	0.58121	0.01464	0.02219	0.01566	0.01825	0.01786	0.01196	0.01693	0.00968	0.01134	0.00727	0.00530	0.00499	0.00166	0.00786	0.00393	0.00242	0.00817
3	0.01104	0.01047	0.01788	0.72821	0.07569	0.01280	0.03426	0.01486	0.01157	0.01491	0.01023	0.01520	0.00772	0.00566	0.00574	0.00190	0.00763	0.00513	0.00257	0.00652
4	0.83938	0.01106	0.00841	0.00752	0.01106	0.01283	0.00619	0.01681	0.00973	0.02566	0.00796	0.00929	0.00619	0.00531	0.00354	0.00177	0.00442	0.00310	0.00354	0.00619
5	0.01186	0.01017	0.01186	0.00847	0.01356	0.00762	0.00678	0.01440	0.01186	0.01864	0.01017	0.01186	0.00847	0.00424	0.00424	0.00085	0.00424	0.00339	0.00339	0.83395
6	0.83938	0.01106	0.00841	0.00752	0.01106	0.01283	0.00619	0.01681	0.00973	0.02566	0.00796	0.00929	0.00619	0.00531	0.00354	0.00177	0.00442	0.00310	0.00354	0.00619
7	0.06699	0.01019	0.01327	0.01023	0.01462	0.00921	0.00845	0.07198	0.01669	0.68378	0.02127	0.01859	0.01348	0.00698	0.00564	0.00177	0.00493	0.00558	0.00681	0.00955
8	0.02273	0.00908	0.01233	0.00968	0.01359	0.00790	0.00790	0.02502	0.01634	0.64285	0.14588	0.02336	0.02081	0.00785	0.00592	0.00177	0.00450	0.00652	0.00695	0.00901
9	0.00886	0.00710	0.01035	0.00996	0.01077	0.00870	0.00781	0.01068	0.00908	0.01324	0.01423	0.02166	0.01356	0.07588	0.61944	0.00796	0.13645	0.00606	0.00300	0.00521
10	0.01301	0.01255	0.02005	0.12910	0.02110	0.01590	0.13724	0.01528	0.01029	0.04762	0.00925	0.01372	0.00802	0.00837	0.01424	0.00229	0.50719	0.00535	0.00278	0.00667
11	0.13235	0.00752	0.00943	0.00989	0.01184	0.00762	0.00850	0.01415	0.01314	0.09469	0.06361	0.05075	0.02818	0.01317	0.00699	0.00238	0.00497	0.50971	0.00525	0.00586
12	0.00830	0.00557	0.00633	0.00630	0.00639	0.00554	0.00359	0.00848	0.00884	0.01188	0.06739	0.03778	0.02300	0.74662	0.02763	0.00530	0.00536	0.00845	0.00365	0.00359
13	0.00818	0.00700	0.04657	0.00772	0.00936	0.00574	0.00620	0.01095	0.01558	0.02205	0.66587	0.09899	0.05034	0.01185	0.00672	0.00184	0.00304	0.01049	0.00602	0.00550
14	0.00824	0.00602	0.00780	0.00770	0.00896	0.00572	0.00576	0.01123	0.04613	0.02134	0.57319	0.16090	0.04870	0.01274	0.00686	0.00194	0.00302	0.05226	0.00606	0.00543
15	0.00922	0.00658	0.00922	0.01053	0.01185	0.00658	0.00922	0.01185	0.01317	0.01712	0.03029	0.06452	0.03292	0.01580	0.00790	0.00263	0.00527	0.72480	0.00527	0.00527
16	0.01147	0.02959	0.76934	0.01630	0.02476	0.01328	0.02113	0.01811	0.01208	0.01811	0.01026	0.01208	0.00725	0.00543	0.00543	0.00181	0.00845	0.00423	0.00242	0.00845
17	0.01535	0.61410	0.09776	0.01070	0.01565	0.05241	0.01075	0.06548	0.01275	0.01533	0.00897	0.01087	0.00800	0.03521	0.00500	0.00149	0.00650	0.00353	0.00272	0.00743
18	0.00697	0.00498	0.00664	0.00796	0.00830	0.00465	0.00531	0.00796	0.01095	0.01460	0.03153	0.79525	0.03783	0.01792	0.00730	0.00232	0.00332	0.01626	0.00531	0.00465
19	0.00764	0.00549	0.00727	0.00772	0.00860	0.00512	0.00555	0.00956	0.01365	0.01885	0.39133	0.38623	0.04555	0.01474	0.00706	0.00208	0.00311	0.04962	0.00579	0.00505
20	0.01229	0.19510	0.61100	0.01491	0.02260	0.01529	0.01870	0.01790	0.01198	0.01712	0.00977	0.01145	0.00727	0.00532	0.00506	0.00169	0.00795	0.00398	0.00242	0.00821
21	0.01416	0.01359	0.02322	0.03511	0.76330	0.01359	0.01755	0.01755	0.01302	0.01869	0.01076	0.01416	0.00906	0.00510	0.00566	0.00170	0.00680	0.00510	0.00283	0.00906
22	0.00697	0.00498	0.00664	0.00796	0.00830	0.00465	0.00531	0.00796	0.01095	0.01460	0.03153	0.79525	0.03783	0.01792	0.00730	0.00232	0.00332	0.01626	0.00531	0.00465
23	0.01464	0.01450	0.02275	0.03375	0.71371	0.06429	0.01712	0.01791	0.01324	0.01838	0.01063	0.01390	0.00895	0.00515	0.00563	0.00168	0.00703	0.00500	0.00284	0.00890
24	0.00715	0.00516	0.00676	0.00773	0.00831	0.00478	0.00527	0.00845	0.01193	0.01603	0.15439	0.63195	0.07747	0.01671	0.00718	0.00222	0.00319	0.01506	0.00547	0.00478
25	0.00697	0.00498	0.00664	0.00796	0.00830	0.00465	0.00531	0.00796	0.01095	0.01460	0.03153	0.79525	0.03783	0.01792	0.00730	0.00232	0.00332	0.01626	0.00531	0.00465
26	0.01500	0.10475	0.01845	0.34733	0.02639	0.18532	0.01317	0.09057	0.01374	0.01641	0.00964	0.01295	0.00773	0.00634	0.00705	0.00179	0.10903	0.00454	0.00294	0.00686
27	0.00818	0.00609	0.00898	0.00898	0.00992	0.00703	0.00688	0.01008	0.00913	0.01312	0.01552	0.02356	0.01477	0.09810	0.72176	0.00893	0.01461	0.00629	0.00309	0.00499
28	0.01147	0.02959	0.76934	0.01630	0.02476	0.01328	0.02113	0.01811	0.01208	0.01811	0.01026	0.01208	0.00725	0.00543	0.00543	0.00181	0.00845	0.00423	0.00242	0.00845
29	0.01182	0.07322	0.68089	0.01641	0.02450	0.01390	0.06546	0.01807	0.01214	0.01786	0.01021	0.01212	0.00734	0.00536	0.00541	0.00178	0.00839	0.00432	0.00245	0.00834
30	0.02889	0.07669	0.64506	0.01560	0.02309	0.02970	0.01937	0.01785	0.01188	0.01762	0.00987	0.01183	0.00725	0.00569	0.00611	0.00181	0.05690	0.00417	0.00246	0.00816

[dist]
# distance from previous block
# <min> <max>
0	1

[block]
# block no. 1 follows, 41 sequences, length 10
# corresponding to MSA columns:
# 119-128
name=unknown_B
#
# <colnr> <probs for GDERKNQSTAVLIFYWHMCP>
#	G	D	E	R	K	N	Q	S	T	A	V	L	I	F	Y	W	H	M	C	P
0	0.00972	0.00597	0.00770	0.00759	0.00881	0.00550	0.00540	0.01141	0.01335	0.10325	0.31665	0.27631	0.06725	0.12266	0.00992	0.00249	0.00354	0.01147	0.00564	0.00536
1	0.00697	0.00498	0.00664	0.00796	0.00830	0.00465	0.00531	0.00796	0.01095	0.01460	0.03153	0.79525	0.03783	0.01792	0.00730	0.00232	0.00332	0.01626	0.00531	0.00465
2	0.01281	0.05423	0.01696	0.56981	0.03242	0.01297	0.01392	0.05862	0.04669	0.07199	0.04592	0.01666	0.01077	0.00620	0.00566	0.00184	0.00690	0.00533	0.00338	0.00693
3	0.01500	0.01309	0.02146	0.10766	0.50204	0.01342	0.05806	0.05477	0.06486	0.07456	0.01262	0.01521	0.00988	0.00556	0.00575	0.00176	0.00672	0.00534	0.00347	0.00878
4	0.01723	0.06675	0.01844	0.01450	0.01686	0.21619	0.03728	0.18996	0.01536	0.01926	0.00951	0.01212	0.00803	0.00768	0.01074	0.00195	0.32280	0.00463	0.00339	0.00730
5	0.07782	0.02544	0.01573	0.01414	0.01723	0.67591	0.01071	0.06758	0.01643	0.01618	0.00909	0.01046	0.00743	0.00591	0.00508	0.00151	0.00966	0.00374	0.00316	0.00679
6	0.00776	0.00560	0.00749	0.00863	0.00944	0.00533	0.00653	0.00942	0.01213	0.01601	0.07975	0.46796	0.07731	0.01664	0.00743	0.00237	0.00389	0.24604	0.00536	0.00491
7	0.01325	0.01256	0.02129	0.17096	0.58701	0.01302	0.01676	0.01668	0.01274	0.01785	0.01179	0.01729	0.01019	0.00583	0.00580	0.00179	0.00686	0.04705	0.00292	0.00834
8	0.01634	0.01160	0.01291	0.00964	0.01441	0.05331	0.00776	0.08431	0.01447	0.18435	0.01314	0.01361	0.00977	0.00520	0.00476	0.00117	0.00491	0.00409	0.00439	0.52988
9	0.00996	0.00822	0.01059	0.00902	0.01214	0.00673	0.03378	0.01203	0.01169	0.01706	0.01942	0.29886	0.02088	0.01005	0.00571	0.00155	0.00418	0.06126	0.00420	0.44266

[dist]
# distance from previous block
# <min> <max>
6	41

[block]
# block no. 2 follows, 41 sequences, length 96
# corresponding to MSA columns:
# 206-301
name=unknown_C
#
# <colnr> <probs for GDERKNQSTAVLIFYWHMCP>
#	G	D	E	R	K	N	Q	S	T	A	V	L	I	F	Y	W	H	M	C	P
0	0.00791	0.00571	0.00731	0.00829	0.00890	0.00523	0.00562	0.00894	0.01221	0.01646	0.12992	0.65578	0.07081	0.01730	0.00750	0.00237	0.00349	0.01540	0.00567	0.00516
1	0.01418	0.01040	0.01227	0.00932	0.01386	0.00833	0.00733	0.04889	0.01363	0.10621	0.04225	0.06632	0.01354	0.00638	0.00511	0.00127	0.00455	0.00510	0.00441	0.60665
2	0.01673	0.01359	0.01435	0.01236	0.01595	0.01526	0.00971	0.21831	0.53328	0.02750	0.02229	0.02117	0.03599	0.00818	0.00613	0.00202	0.00521	0.00649	0.00601	0.00947
3	0.02200	0.02758	0.01667	0.01518	0.01817	0.76726	0.01133	0.02325	0.01662	0.01472	0.00961	0.01138	0.00809	0.00639	0.00548	0.00161	0.01051	0.00394	0.00321	0.00702
4	0.01261	0.01069	0.01237	0.00899	0.01409	0.00807	0.00710	0.01492	0.01233	0.01930	0.01092	0.01290	0.00918	0.00475	0.00457	0.00100	0.00450	0.00365	0.00364	0.82443
5	0.83022	0.01157	0.00896	0.00805	0.01162	0.01321	0.00653	0.01730	0.01023	0.02624	0.00874	0.01036	0.00693	0.00581	0.00388	0.00191	0.00469	0.00336	0.00379	0.00658
6	0.01222	0.02987	0.76079	0.01673	0.02515	0.01366	0.02129	0.01858	0.01254	0.01879	0.01102	0.01312	0.00797	0.00594	0.00575	0.00195	0.00867	0.00447	0.00268	0.00882
7	0.01423	0.01589	0.03400	0.02444	0.03023	0.01483	0.73405	0.01879	0.01395	0.01899	0.01231	0.01643	0.00939	0.00533	0.00705	0.00206	0.00984	0.00697	0.00315	0.00809
8	0.00911	0.00612	0.00681	0.00678	0.00686	0.00601	0.00383	0.00891	0.00883	0.01185	0.01868	0.03817	0.02136	0.78998	0.02915	0.00564	0.00579	0.00852	0.00372	0.00389
9	0.00898	0.00663	0.00941	0.00938	0.01035	0.00742	0.00707	0.01057	0.00959	0.01377	0.01631	0.02503	0.01566	0.12617	0.68516	0.00884	0.01438	0.00659	0.00337	0.00533
10	0.01002	0.00727	0.00968	0.01076	0.01216	0.00720	0.00908	0.01293	0.04703	0.01819	0.06176	0.11125	0.03387	0.01578	0.00801	0.00267	0.00524	0.60572	0.00557	0.00580
11	0.00911	0.00612	0.00681	0.00678	0.00686	0.00601	0.00383	0.00891	0.00883	0.01185	0.01868	0.03817	0.02136	0.78998	0.02915	0.00564	0.00579	0.00852	0.00372	0.00389
12	0.01322	0.00845	0.00874	0.00802	0.01008	0.00891	0.00608	0.09568	0.16073	0.02362	0.01967	0.02213	0.01559	0.04149	0.00596	0.00182	0.00383	0.00590	0.53323	0.00686
13	0.01459	0.01128	0.01218	0.01093	0.01402	0.01226	0.00844	0.02631	0.53382	0.08966	0.07660	0.02791	0.11743	0.00931	0.00631	0.00205	0.00448	0.00761	0.00612	0.00868
14	0.00772	0.00578	0.00699	0.00792	0.00874	0.00517	0.00540	0.00862	0.01198	0.01554	0.03899	0.59178	0.22883	0.01737	0.00746	0.00235	0.00348	0.01526	0.00554	0.00510
15	0.02624	0.01026	0.01377	0.01067	0.01512	0.00884	0.00871	0.02823	0.01678	0.75897	0.02317	0.02042	0.01480	0.00756	0.00607	0.00191	0.00512	0.00598	0.00729	0.01008
16	0.02589	0.01084	0.01412	0.01095	0.01541	0.00969	0.00894	0.09377	0.01775	0.69207	0.02236	0.01989	0.01440	0.00754	0.00607	0.00190	0.00525	0.00593	0.00717	0.01008
17	0.01070	0.00555	0.00801	0.00798	0.00806	0.00544	0.00532	0.00805	0.00797	0.01070	0.01069	0.01836	0.01063	0.02020	0.02247	0.82376	0.00522	0.00521	0.00275	0.00292
18	0.00787	0.00563	0.00732	0.00860	0.00904	0.00521	0.00582	0.00872	0.01152	0.01542	0.03197	0.75612	0.03798	0.01818	0.00762	0.00247	0.00367	0.04622	0.00554	0.00508
19	0.00758	0.00633	0.00641	0.00644	0.00835	0.00530	0.00474	0.00879	0.01340	0.01612	0.05699	0.08732	0.72167	0.01503	0.00709	0.00208	0.00319	0.01241	0.00554	0.00523
20	0.02124	0.02554	0.01635	0.01478	0.01786	0.65657	0.01110	0.05096	0.09675	0.01662	0.01135	0.01270	0.00927	0.00663	0.00557	0.00167	0.00973	0.00429	0.00362	0.00739
21	0.01322	0.01290	0.05359	0.05934	0.52675	0.01207	0.01518	0.01627	0.01372	0.01954	0.12746	0.07063	0.01838	0.00749	0.00624	0.00191	0.00628	0.00683	0.00375	0.00843
22	0.02485	0.01006	0.01323	0.01041	0.01461	0.00885	0.00845	0.02737	0.04298	0.68340	0.02294	0.02061	0.01495	0.00756	0.00596	0.00188	0.00497	0.00598	0.06117	0.00977
23	0.83022	0.01157	0.00896	0.00805	0.01162	0.01321	0.00653	0.01730	0.01023	0.02624	0.00874	0.01036	0.00693	0.00581	0.00388	0.00191	0.00469	0.00336	0.00379	0.00658
24	0.01208	0.01130	0.01745	0.52313	0.03142	0.01440	0.01481	0.01484	0.01110	0.01521	0.01029	0.01554	0.00847	0.00755	0.01000	0.00221	0.24731	0.00530	0.02088	0.00669
25	0.01311	0.04413	0.01378	0.03910	0.01512	0.00982	0.00816	0.01525	0.01212	0.04523	0.01171	0.03909	0.01018	0.00597	0.00623	0.00130	0.08395	0.00437	0.00368	0.61770
26	0.00911	0.00612	0.00681	0.00678	0.00686	0.00601	0.00383	0.00891	0.00883	0.01185	0.01868	0.03817	0.02136	0.78998	0.02915	0.00564	0.00579	0.00852	0.00372	0.00389
27	0.01360	0.12249	0.51871	0.01471	0.02184	0.01430	0.01730	0.01970	0.07610	0.05259	0.01239	0.01387	0.00925	0.00606	0.00550	0.00182	0.00759	0.00453	0.00325	0.06437
28	0.01476	0.01703	0.12709	0.03968	0.02777	0.01421	0.52502	0.02011	0.06232	0.06967	0.01361	0.01664	0.01012	0.00578	0.00673	0.00204	0.00898	0.00651	0.00356	0.00837
29	0.01262	0.01074	0.01249	0.00913	0.01412	0.00828	0.00723	0.01490	0.01226	0.01920	0.01086	0.01292	0.00916	0.00488	0.00488	0.00103	0.02136	0.00368	0.00362	0.80664
30	0.01551	0.01646	0.03338	0.07635	0.03155	0.01543	0.66800	0.01948	0.01471	0.02009	0.01370	0.01843	0.01075	0.00642	0.00760	0.00233	0.01011	0.00729	0.00365	0.00874
31	0.01248	0.08191	0.71100	0.01629	0.02448	0.01429	0.02052	0.01852	0.01251	0.01847	0.01086	0.01292	0.00798	0.00590	0.00564	0.00191	0.00851	0.00440	0.00268	0.00874
32	0.00966	0.07770	0.01150	0.00966	0.01110	0.00894	0.00763	0.01147	0.00997	0.01421	0.01543	0.02217	0.01433	0.03870	0.68020	0.00834	0.01433	0.00606	0.02287	0.00571
33	0.01600	0.79346	0.03027	0.01029	0.01520	0.02290	0.01008	0.01761	0.01209	0.01418	0.00873	0.01025	0.00807	0.00540	0.00401	0.00137	0.00636	0.00332	0.00271	0.00772
34	0.01524	0.64032	0.17677	0.01158	0.01720	0.02104	0.01233	0.01780	0.01218	0.01511	0.00919	0.01082	0.00805	0.00551	0.00436	0.00148	0.00682	0.00355	0.00271	0.00794
35	0.01261	0.01069	0.01237	0.00899	0.01409	0.00807	0.00710	0.01492	0.01233	0.01930	0.01092	0.01290	0.00918	0.00475	0.00457	0.00100	0.00450	0.00365	0.00364	0.82443
36	0.02111	0.02615	0.01619	0.01480	0.01766	0.71549	0.01106	0.02240	0.01615	0.01467	0.01005	0.01219	0.00856	0.00888	0.05740	0.00213	0.01084	0.00410	0.00321	0.00691
37	0.02624	0.01026	0.01377	0.01067	0.01512	0.00884	0.00871	0.02823	0.01678	0.75897	0.02317	0.02042	0.01480	0.00756	0.00607	0.00191	0.00512	0.00598	0.00729	0.01008
38	0.01365	0.01178	0.01238	0.01119	0.01432	0.01350	0.00869	0.02868	0.69564	0.02327	0.02597	0.02395	0.07506	0.00828	0.00589	0.00194	0.00440	0.00690	0.00578	0.00873
39	0.00712	0.00577	0.00632	0.00626	0.00797	0.00497	0.00466	0.00888	0.01378	0.01739	0.24198	0.08299	0.54412	0.01389	0.00678	0.00191	0.00286	0.01179	0.00557	0.00497
40	0.02143	0.01580	0.01698	0.01307	0.01757	0.01750	0.01079	0.72745	0.02649	0.03553	0.01377	0.01393	0.00983	0.00769	0.02334	0.00189	0.00650	0.00517	0.00566	0.00962
41	0.02110	0.02532	0.01662	0.01542	0.04955	0.65207	0.01131	0.10954	0.01736	0.01686	0.00951	0.01089	0.00772	0.00598	0.00525	0.00151	0.00968	0.00392	0.00328	0.00711
42	0.00679	0.00580	0.00583	0.00582	0.00774	0.00484	0.00437	0.00826	0.01310	0.01561	0.07272	0.05479	0.74610	0.01443	0.00676	0.00193	0.00289	0.01204	0.00533	0.00484
43	0.00697	0.00498	0.00664	0.00796	0.00830	0.00465	0.00531	0.00796	0.01095	0.01460	0.03153	0.79525	0.03783	0.01792	0.00730	0.00232	0.00332	0.01626	0.00531	0.00465
44	0.02261	0.01463	0.01630	0.01250	0.01704	0.01567	0.01032	0.58519	0.02456	0.19839	0.01569	0.01501	0.01071	0.00691	0.00573	0.00173	0.00598	0.00528	0.00602	0.00973
45	0.01165	0.02855	0.72084	0.01753	0.07276	0.01330	0.02090	0.01808	0.01214	0.01815	0.01030	0.01221	0.00736	0.00541	0.00545	0.00180	0.00835	0.00428	0.00244	0.00849
46	0.00697	0.00498	0.00664	0.00796	0.00830	0.00465	0.00531	0.00796	0.01095	0.01460	0.03153	0.79525	0.03783	0.01792	0.00730	0.00232	0.00332	0.01626	0.00531	0.00465
47	0.01233	0.01122	0.01805	0.76751	0.03984	0.01348	0.01632	0.01565	0.01239	0.01605	0.01168	0.01727	0.00908	0.00672	0.00636	0.00218	0.00807	0.00556	0.00308	0.00714
48	0.02160	0.01383	0.01553	0.01214	0.01642	0.01474	0.00994	0.49595	0.07127	0.21010	0.01719	0.04682	0.01242	0.00742	0.00580	0.00177	0.00572	0.00582	0.00604	0.00948
49	0.00808	0.00545	0.00631	0.00654	0.00660	0.00539	0.00379	0.00826	0.00877	0.01170	0.02036	0.16889	0.02375	0.66349	0.02533	0.00499	0.00516	0.00970	0.00379	0.00367
50	0.83938	0.01106	0.00841	0.00752	0.01106	0.01283	0.00619	0.01681	0.00973	0.02566	0.00796	0.00929	0.00619	0.00531	0.00354	0.00177	0.00442	0.00310	0.00354	0.00619
51	0.09934	0.00926	0.01403	0.51845	0.02915	0.01107	0.01244	0.01393	0.01211	0.01740	0.15876	0.02032	0.01690	0.00824	0.03441	0.00214	0.00659	0.00595	0.00341	0.00610
52	0.01500	0.01277	0.01658	0.01698	0.16419	0.01374	0.05872	0.11736	0.38385	0.04120	0.01857	0.05071	0.01462	0.00719	0.00583	0.00183	0.00548	0.00631	0.00493	0.04414
53	0.01803	0.00805	0.01083	0.00888	0.01197	0.00710	0.00710	0.02045	0.01629	0.44386	0.34310	0.02957	0.03146	0.00908	0.00618	0.00178	0.00392	0.00775	0.00674	0.00785
54	0.01529	0.80242	0.02997	0.00979	0.01468	0.02263	0.00979	0.01713	0.01162	0.01346	0.00795	0.00918	0.00734	0.00489	0.00367	0.00122	0.00612	0.00306	0.00245	0.00734
55	0.00832	0.00555	0.00624	0.00624	0.00624	0.00555	0.00347	0.00832	0.00832	0.01109	0.01802	0.03743	0.02080	0.79898	0.02911	0.00555	0.00555	0.00832	0.00347	0.00347
56	0.01245	0.01015	0.01192	0.00855	0.01360	0.00766	0.00685	0.01498	0.01206	0.05086	0.01070	0.01219	0.00872	0.00436	0.00430	0.00089	0.00426	0.00349	0.00355	0.79847
57	0.01186	0.01017	0.01186	0.00847	0.01356	0.00762	0.00678	0.01440	0.01186	0.01864	0.01017	0.01186	0.00847	0.00424	0.00424	0.00085	0.00424	0.00339	0.00339	0.83395
58	0.02140	0.01662	0.01692	0.01320	0.01761	0.06864	0.01081	0.66515	0.05720	0.03405	0.01381	0.01383	0.00990	0.00684	0.00569	0.00171	0.00649	0.00511	0.00554	0.00949
59	0.01403	0.01346	0.02299	0.06307	0.73632	0.01356	0.01749	0.01744	0.01297	0.01854	0.01074	0.01420	0.00901	0.00512	0.00566	0.00171	0.00683	0.00510	0.00282	0.00896
60	0.00697	0.00498	0.00664	0.00796	0.00830	0.00465	0.00531	0.00796	0.01095	0.01460	0.03153	0.79525	0.03783	0.01792	0.00730	0.00232	0.00332	0.01626	0.00531	0.00465
61	0.01416	0.01359	0.02322	0.03511	0.76330	0.01359	0.01755	0.01755	0.01302	0.01869	0.01076	0.01416	0.00906	0.00510	0.00566	0.00170	0.00680	0.00510	0.00283	0.00906
62	0.02228	0.01413	0.01587	0.01228	0.01673	0.01507	0.01011	0.51015	0.07168	0.22649	0.01667	0.01573	0.01139	0.00698	0.00574	0.00175	0.00581	0.00539	0.00608	0.00969
63	0.83938	0.01106	0.00841	0.00752	0.01106	0.01283	0.00619	0.01681	0.00973	0.02566	0.00796	0.00929	0.00619	0.00531	0.00354	0.00177	0.00442	0.00310	0.00354	0.00619
64	0.01148	0.00852	0.01100	0.01000	0.01164	0.00989	0.00793	0.15490	0.01291	0.01861	0.01475	0.02009	0.01299	0.04469	0.46179	0.00623	0.07836	0.00580	0.09233	0.00610
65	0.83938	0.01106	0.00841	0.00752	0.01106	0.01283	0.00619	0.01681	0.00973	0.02566	0.00796	0.00929	0.00619	0.00531	0.00354	0.00177	0.00442	0.00310	0.00354	0.00619
66	0.01208	0.02873	0.73680	0.01604	0.02432	0.01307	0.02059	0.01853	0.01226	0.05036	0.01079	0.01239	0.00754	0.00551	0.00545	0.00181	0.00830	0.00429	0.00262	0.00851
67	0.01232	0.01245	0.01968	0.01600	0.01728	0.01575	0.15220	0.01428	0.00975	0.01463	0.00912	0.01448	0.00858	0.04026	0.05275	0.00279	0.55355	0.00548	0.00266	0.02598
68	0.00929	0.00612	0.00800	0.00737	0.00895	0.00559	0.00558	0.01193	0.01614	0.07458	0.69448	0.04136	0.06576	0.01143	0.00668	0.00180	0.00285	0.01006	0.00633	0.00569
69	0.01066	0.00533	0.00533	0.00533	0.00666	0.00533	0.00400	0.01333	0.01200	0.02132	0.01866	0.02132	0.01466	0.00666	0.00400	0.00133	0.00267	0.00533	0.83073	0.00533
70	0.00831	0.00617	0.00881	0.00875	0.00954	0.00708	0.00655	0.00992	0.00901	0.01286	0.01567	0.02519	0.01542	0.19192	0.60995	0.00831	0.03206	0.00654	0.00313	0.00481
71	0.00810	0.00585	0.00765	0.00720	0.00855	0.00540	0.00540	0.01079	0.01619	0.02294	0.76028	0.04273	0.05397	0.01169	0.00675	0.00180	0.00270	0.01034	0.00630	0.00540
72	0.00697	0.00498	0.00664	0.00796	0.00830	0.00465	0.00531	0.00796	0.01095	0.01460	0.03153	0.79525	0.03783	0.01792	0.00730	0.00232	0.00332	0.01626	0.00531	0.00465
73	0.01529	0.80242	0.02997	0.00979	0.01468	0.02263	0.00979	0.01713	0.01162	0.01346	0.00795	0.00918	0.00734	0.00489	0.00367	0.00122	0.00612	0.00306	0.00245	0.00734
74	0.01146	0.00764	0.01078	0.12703	0.01471	0.00799	0.08784	0.04488	0.01270	0.02059	0.01637	0.01942	0.01271	0.00632	0.00464	0.00150	0.00435	0.00544	0.57767	0.00594
75	0.00709	0.00503	0.00660	0.00781	0.00812	0.00472	0.00515	0.00800	0.01072	0.01430	0.03036	0.72955	0.03635	0.08563	0.00919	0.00260	0.00351	0.01557	0.00515	0.00454
76	0.02451	0.00948	0.01291	0.00998	0.01420	0.00821	0.00821	0.02676	0.01636	0.71853	0.07087	0.02099	0.01677	0.00738	0.00582	0.00177	0.00473	0.00605	0.00703	0.00945
77	0.01147	0.02959	0.76934	0.01630	0.02476	0.01328	0.02113	0.01811	0.01208	0.01811	0.01026	0.01208	0.00725	0.00543	0.00543	0.00181	0.00845	0.00423	0.00242	0.00845
78	0.01224	0.02639	0.61920	0.01876	0.10659	0.01328	0.06901	0.01830	0.01238	0.03607	0.01070	0.01271	0.00771	0.00539	0.00556	0.00181	0.00826	0.00453	0.00260	0.00850
79	0.02487	0.00962	0.01306	0.01008	0.01438	0.00836	0.00830	0.02727	0.02518	0.73062	0.05007	0.02036	0.01568	0.00726	0.00579	0.00177	0.00478	0.00593	0.00704	0.00956
80	0.00697	0.00498	0.00664	0.00796	0.00830	0.00465	0.00531	0.00796	0.01095	0.01460	0.03153	0.79525	0.03783	0.01792	0.00730	0.00232	0.00332	0.01626	0.00531	0.00465
81	0.01400	0.01337	0.02246	0.06994	0.69484	0.01358	0.01709	0.01799	0.04639	0.01873	0.01130	0.01453	0.00937	0.00525	0.00567	0.00172	0.00673	0.00516	0.00295	0.00893
82	0.01075	0.00907	0.01234	0.08403	0.06474	0.03881	0.00946	0.06015	0.01116	0.01568	0.01354	0.01915	0.01209	0.02826	0.46341	0.00622	0.09102	0.00566	0.03848	0.00598
83	0.00935	0.00816	0.01032	0.16301	0.06453	0.00833	0.00820	0.04350	0.07666	0.01727	0.05587	0.03957	0.45134	0.01117	0.00636	0.00190	0.00437	0.00942	0.00468	0.00599
84	0.76659	0.01123	0.00919	0.02674	0.01207	0.01314	0.00679	0.03618	0.01020	0.02523	0.00816	0.00968	0.00637	0.00554	0.00422	0.00180	0.03378	0.00327	0.00354	0.00630
85	0.00832	0.00555	0.00624	0.00624	0.00624	0.00555	0.00347	0.00832	0.00832	0.01109	0.01802	0.03743	0.02080	0.79898	0.02911	0.00555	0.00555	0.00832	0.00347	0.00347
86	0.01743	0.01296	0.01406	0.01187	0.01558	0.01448	0.00945	0.21322	0.48470	0.10981	0.02075	0.01918	0.01511	0.00746	0.00579	0.00186	0.00502	0.00605	0.00594	0.00930
87	0.00961	0.00508	0.00721	0.00721	0.00721	0.00508	0.00467	0.00762	0.00762	0.01016	0.01154	0.02136	0.01209	0.17425	0.02369	0.66951	0.00508	0.00563	0.00268	0.00268
88	0.01419	0.01404	0.02197	0.13191	0.61978	0.06339	0.01691	0.01752	0.01303	0.01785	0.01056	0.01405	0.00876	0.00523	0.00564	0.00171	0.00713	0.00500	0.00280	0.00855
89	0.01172	0.01085	0.01789	0.74056	0.07425	0.01313	0.01618	0.01527	0.01198	0.01552	0.01095	0.01620	0.00842	0.00619	0.00603	0.00203	0.00781	0.00532	0.00282	0.00687
90	0.01272	0.01079	0.01242	0.00914	0.01415	0.00838	0.00721	0.01568	0.04779	0.01956	0.01155	0.01336	0.00961	0.00492	0.00465	0.00105	0.00451	0.00379	0.00376	0.78496
91	0.01569	0.01303	0.01253	0.01109	0.01405	0.11143	0.00853	0.13202	0.24878	0.07892	0.10307	0.07732	0.12843	0.00986	0.00636	0.00198	0.00533	0.00793	0.00569	0.00796
92	0.00896	0.00670	0.00973	0.00970	0.01079	0.00760	0.00747	0.01078	0.00969	0.01401	0.01601	0.02339	0.01494	0.04295	0.76741	0.00924	0.01545	0.00635	0.00332	0.00551
93	0.01261	0.01069	0.01237	0.00899	0.01409	0.00807	0.00710	0.01492	0.01233	0.01930	0.01092	0.01290	0.00918	0.00475	0.00457	0.00100	0.00450	0.00365	0.00364	0.82443
94	0.01324	0.00930	0.01092	0.00967	0.01211	0.00945	0.00747	0.10014	0.17717	0.08690	0.43335	0.03396	0.03753	0.01042	0.00667	0.00197	0.00401	0.02188	0.00639	0.00744
95	0.01217	0.06135	0.67932	0.01585	0.02366	0.01354	0.01977	0.01806	0.01279	0.01890	0.06002	0.01500	0.01104	0.00632	0.00576	0.00192	0.00819	0.00483	0.00294	0.00857

[dist]
# distance from previous block
# <min> <max>
10	15

[block]
# block no. 3 follows, 41 sequences, length 6
# corresponding to MSA columns:
# 317-322
name=unknown_D
#
# <colnr> <probs for GDERKNQSTAVLIFYWHMCP>
#	G	D	E	R	K	N	Q	S	T	A	V	L	I	F	Y	W	H	M	C	P
0	0.01298	0.01110	0.01181	0.01088	0.01372	0.01261	0.00836	0.02660	0.62702	0.02240	0.02639	0.10495	0.06771	0.00926	0.00604	0.00198	0.00429	0.00786	0.00573	0.00832
1	0.00874	0.00668	0.00841	0.00912	0.00985	0.00679	0.00638	0.01127	0.08957	0.01656	0.07039	0.62153	0.03518	0.01634	0.00799	0.00237	0.04746	0.01435	0.00544	0.00556
2	0.02099	0.02370	0.01622	0.01417	0.01751	0.55195	0.01088	0.18984	0.06610	0.01973	0.01090	0.01181	0.00856	0.00624	0.00533	0.00156	0.00901	0.00420	0.00377	0.00750
3	0.01382	0.01324	0.02260	0.11137	0.68971	0.01350	0.01738	0.01726	0.01286	0.01827	0.01070	0.01427	0.00891	0.00516	0.00567	0.00172	0.00688	0.00510	0.00280	0.00879
4	0.00799	0.00581	0.00754	0.00735	0.00865	0.00537	0.00553	0.01048	0.01544	0.02156	0.62599	0.10423	0.09106	0.01255	0.00685	0.00189	0.00289	0.04741	0.00611	0.00530
5	0.01368	0.47605	0.34222	0.01254	0.01894	0.01868	0.01458	0.01754	0.01181	0.01542	0.00893	0.01040	0.00730	0.00512	0.00442	0.00147	0.00710	0.00355	0.00243	0.00781

[dist]
# distance from previous block
# <min> <max>
9	12

[block]
# block no. 4 follows, 41 sequences, length 15
# corresponding to MSA columns:
# 337-351
name=unknown_E
#
# <colnr> <probs for GDERKNQSTAVLIFYWHMCP>
#	G	D	E	R	K	N	Q	S	T	A	V	L	I	F	Y	W	H	M	C	P
0	0.01168	0.02817	0.69562	0.01709	0.02527	0.01340	0.09344	0.01814	0.01222	0.01814	0.01040	0.01241	0.00739	0.00537	0.00557	0.00182	0.00857	0.00448	0.00246	0.00838
1	0.01147	0.02959	0.76934	0.01630	0.02476	0.01328	0.02113	0.01811	0.01208	0.01811	0.01026	0.01208	0.00725	0.00543	0.00543	0.00181	0.00845	0.00423	0.00242	0.00845
2	0.01980	0.11301	0.01789	0.01421	0.01708	0.61522	0.01106	0.02129	0.01495	0.01391	0.00861	0.01041	0.00738	0.00619	0.00635	0.00155	0.08784	0.00375	0.00285	0.00667
3	0.10181	0.00623	0.00689	0.00674	0.00748	0.00639	0.00439	0.00995	0.01017	0.01542	0.15798	0.05213	0.02537	0.48385	0.05940	0.00442	0.00526	0.00812	0.02370	0.00430
4	0.00725	0.00583	0.00656	0.00699	0.00859	0.00514	0.00540	0.00887	0.01278	0.01565	0.04910	0.15752	0.52443	0.01520	0.00705	0.00212	0.00340	0.14793	0.00530	0.00489
5	0.01529	0.80242	0.02997	0.00979	0.01468	0.02263	0.00979	0.01713	0.01162	0.01346	0.00795	0.00918	0.00734	0.00489	0.00367	0.00122	0.00612	0.00306	0.00245	0.00734
6	0.00697	0.00498	0.00664	0.00796	0.00830	0.00465	0.00531	0.00796	0.01095	0.01460	0.03153	0.79525	0.03783	0.01792	0.00730	0.00232	0.00332	0.01626	0.00531	0.00465
7	0.01850	0.11436	0.18588	0.01444	0.01893	0.47764	0.01315	0.06243	0.01538	0.01612	0.00934	0.01078	0.00747	0.00573	0.00508	0.00153	0.00920	0.00382	0.00293	0.00729
8	0.01563	0.00749	0.00996	0.00848	0.01114	0.00664	0.00666	0.01797	0.01584	0.34661	0.36780	0.07616	0.06508	0.01015	0.00635	0.00182	0.00369	0.00875	0.00654	0.00722
9	0.00697	0.00498	0.00664	0.00796	0.00830	0.00465	0.00531	0.00796	0.01095	0.01460	0.03153	0.79525	0.03783	0.01792	0.00730	0.00232	0.00332	0.01626	0.00531	0.00465
10	0.01489	0.01390	0.02298	0.03253	0.66317	0.01404	0.04200	0.09041	0.01443	0.02041	0.01109	0.01416	0.00911	0.00526	0.00571	0.00171	0.00684	0.00516	0.00312	0.00908
11	0.02083	0.00912	0.01198	0.00992	0.01344	0.00835	0.00789	0.02438	0.09823	0.54075	0.02435	0.16694	0.01902	0.00921	0.00605	0.00189	0.00453	0.00783	0.00660	0.00869
12	0.01268	0.01384	0.02873	0.25423	0.03277	0.01393	0.52283	0.01720	0.01288	0.01720	0.01115	0.01537	0.00836	0.00509	0.00644	0.00192	0.00903	0.00625	0.00279	0.00730
13	0.01513	0.01351	0.01357	0.03456	0.01598	0.06674	0.00952	0.07844	0.63083	0.02381	0.02125	0.01988	0.01595	0.00751	0.00576	0.00189	0.00514	0.00614	0.00552	0.00885
14	0.01266	0.01084	0.01368	0.01195	0.01420	0.09587	0.08188	0.05367	0.06290	0.06759	0.01492	0.01932	0.01270	0.02706	0.44089	0.00597	0.03804	0.00582	0.00362	0.00641

[dist]
# distance from previous block
# <min> <max>
2	219

# created by:
# /software/SequenceAnalysis/GenePrediction/augustus/3.0.1/scripts/msa2prfl.pl ./fixed/BUSCOvEOG7WSXQX.fas
