[name]
unknown

[dist]
# distance from previous block
# <min> <max>
0	391

[block]
# block no. 0 follows, 41 sequences, length 13
# corresponding to MSA columns:
# 473-485
name=unknown_A
#
# <colnr> <probs for GDERKNQSTAVLIFYWHMCP>
#	G	D	E	R	K	N	Q	S	T	A	V	L	I	F	Y	W	H	M	C	P
0	0.01310	0.00859	0.00967	0.00845	0.01001	0.00892	0.00589	0.20314	0.01396	0.07576	0.01799	0.07175	0.01832	0.48700	0.01997	0.00407	0.00557	0.00773	0.00444	0.00566
1	0.00834	0.00599	0.00775	0.00869	0.00946	0.00585	0.00624	0.06157	0.01240	0.01649	0.03007	0.63979	0.03514	0.01684	0.00727	0.00232	0.00380	0.11156	0.00533	0.00510
2	0.18769	0.01564	0.09985	0.01885	0.09660	0.05311	0.29998	0.01731	0.01202	0.01901	0.01032	0.01354	0.00819	0.00761	0.04931	0.00229	0.07324	0.00521	0.00295	0.00728
3	0.00819	0.00589	0.00753	0.00828	0.00903	0.00570	0.00573	0.06335	0.01267	0.01705	0.10389	0.66067	0.03736	0.01646	0.00713	0.00222	0.00348	0.01483	0.00544	0.00510
4	0.01438	0.49264	0.21706	0.07118	0.01935	0.06959	0.01324	0.01757	0.01203	0.01477	0.00877	0.01046	0.00734	0.00516	0.00438	0.00144	0.00711	0.00355	0.00248	0.00750
5	0.01614	0.07522	0.04864	0.02673	0.48385	0.01536	0.01533	0.20846	0.01653	0.02283	0.01131	0.01359	0.00904	0.00556	0.00552	0.00167	0.00667	0.00492	0.00355	0.00908
6	0.01369	0.01354	0.02339	0.05186	0.52004	0.01436	0.10835	0.01691	0.01230	0.01767	0.01028	0.01406	0.00870	0.00593	0.00807	0.00187	0.14259	0.00529	0.00277	0.00833
7	0.20214	0.01368	0.21301	0.10077	0.01679	0.00991	0.01081	0.01361	0.01086	0.01791	0.02998	0.22070	0.01732	0.08908	0.00794	0.00232	0.00567	0.00775	0.00363	0.00612
8	0.11710	0.09278	0.07265	0.02649	0.05899	0.01193	0.15391	0.01622	0.02394	0.01920	0.05829	0.01430	0.01110	0.00525	0.00496	0.00143	0.00592	0.00466	0.00332	0.29756
9	0.07507	0.01418	0.05594	0.13774	0.07630	0.01361	0.40077	0.06728	0.01391	0.01984	0.05914	0.01635	0.01128	0.00562	0.00615	0.00187	0.00803	0.00613	0.00328	0.00750
10	0.01421	0.01474	0.06831	0.06502	0.50296	0.06370	0.01558	0.06734	0.01438	0.01977	0.08657	0.01668	0.01335	0.00599	0.00573	0.00171	0.00673	0.00548	0.00335	0.00840
11	0.00926	0.00796	0.01175	0.01111	0.01190	0.00910	0.05676	0.01087	0.01097	0.01529	0.07303	0.36128	0.02706	0.03908	0.03833	0.00268	0.21446	0.07941	0.00433	0.00537
12	0.11996	0.00997	0.01301	0.01148	0.01299	0.03446	0.05924	0.01334	0.01218	0.01870	0.22908	0.07640	0.02534	0.01048	0.01021	0.00213	0.25100	0.07989	0.00424	0.00591

[dist]
# distance from previous block
# <min> <max>
5	32

[block]
# block no. 1 follows, 41 sequences, length 14
# corresponding to MSA columns:
# 518-531
name=unknown_B
#
# <colnr> <probs for GDERKNQSTAVLIFYWHMCP>
#	G	D	E	R	K	N	Q	S	T	A	V	L	I	F	Y	W	H	M	C	P
0	0.04206	0.01326	0.02298	0.07058	0.29010	0.01348	0.22207	0.01758	0.05311	0.01842	0.01119	0.01440	0.00902	0.00556	0.00694	0.00177	0.07781	0.00537	0.00305	0.10127
1	0.01469	0.02508	0.59774	0.01491	0.02245	0.01218	0.01824	0.02033	0.01305	0.18815	0.01306	0.01375	0.00881	0.00581	0.00551	0.00180	0.00764	0.00457	0.00347	0.00874
2	0.00986	0.00630	0.00806	0.00861	0.00972	0.00610	0.00606	0.01263	0.09142	0.10056	0.02963	0.62439	0.03297	0.01560	0.00697	0.00222	0.00362	0.01402	0.00556	0.00569
3	0.20123	0.01354	0.01413	0.01138	0.01544	0.01488	0.00938	0.42456	0.07039	0.10413	0.01489	0.01663	0.01118	0.00710	0.00537	0.00180	0.00557	0.04441	0.00536	0.00866
4	0.01222	0.01234	0.01744	0.64941	0.08315	0.09986	0.01544	0.01574	0.01208	0.01480	0.01005	0.01462	0.00769	0.00570	0.00565	0.00184	0.00788	0.00492	0.00261	0.00656
5	0.01315	0.01174	0.02033	0.01577	0.01960	0.01161	0.32000	0.01929	0.17633	0.08633	0.02283	0.11896	0.10056	0.00854	0.00682	0.00198	0.02588	0.00835	0.00448	0.00744
6	0.02199	0.01211	0.01420	0.01115	0.01531	0.01237	0.00913	0.29817	0.09935	0.36293	0.01905	0.01762	0.01287	0.00705	0.00564	0.00174	0.00523	0.00557	0.05915	0.00938
7	0.01510	0.06118	0.25530	0.09592	0.02098	0.01332	0.01359	0.16703	0.05962	0.08282	0.01260	0.01372	0.00919	0.00579	0.00527	0.00161	0.00653	0.00456	0.00386	0.15202
8	0.15929	0.01252	0.01708	0.09023	0.31234	0.01349	0.01284	0.17662	0.01516	0.02297	0.01237	0.01699	0.01039	0.00834	0.04782	0.00221	0.00672	0.05088	0.00374	0.00800
9	0.01447	0.01171	0.01326	0.00971	0.01466	0.01030	0.00786	0.20722	0.01583	0.02324	0.01111	0.01236	0.00880	0.00493	0.00463	0.00108	0.00478	0.00385	0.00401	0.61619
10	0.30708	0.01055	0.01273	0.26719	0.02134	0.01270	0.01063	0.01681	0.09447	0.01980	0.01279	0.01887	0.01094	0.00728	0.00637	0.00199	0.07645	0.08198	0.00356	0.00648
11	0.03150	0.01466	0.01422	0.01207	0.01551	0.13519	0.00969	0.31349	0.10296	0.11075	0.03612	0.06840	0.01597	0.00856	0.00597	0.00185	0.00617	0.08336	0.00535	0.00821
12	0.06404	0.01378	0.10454	0.27759	0.32569	0.01275	0.01589	0.01753	0.01249	0.08534	0.01140	0.01447	0.00866	0.00553	0.00553	0.00179	0.00694	0.00493	0.00311	0.00798
13	0.03053	0.01267	0.01466	0.08350	0.10192	0.03157	0.01032	0.33434	0.09181	0.02699	0.01489	0.01619	0.01120	0.00656	0.00529	0.00166	0.00556	0.00524	0.18693	0.00818

[dist]
# distance from previous block
# <min> <max>
2	130

# created by:
# /software/SequenceAnalysis/GenePrediction/augustus/3.0.1/scripts/msa2prfl.pl ./fixed/BUSCOvEOG7G4J4H.fas
