[name]
unknown

[dist]
# distance from previous block
# <min> <max>
3	542

[block]
# block no. 0 follows, 39 sequences, length 18
# corresponding to MSA columns:
# 549-566
name=unknown_A
#
# <colnr> <probs for GDERKNQSTAVLIFYWHMCP>
#	G	D	E	R	K	N	Q	S	T	A	V	L	I	F	Y	W	H	M	C	P
0	0.01346	0.00890	0.00814	0.00773	0.00952	0.07136	0.00578	0.07040	0.01440	0.02287	0.01955	0.06664	0.01625	0.00807	0.00495	0.00164	0.00407	0.00628	0.63363	0.00638
1	0.00933	0.00641	0.00713	0.00707	0.00739	0.00618	0.00417	0.00938	0.01000	0.01332	0.06094	0.04133	0.08562	0.67610	0.02698	0.00532	0.00562	0.00925	0.00418	0.00428
2	0.00897	0.00717	0.00752	0.00734	0.00928	0.00636	0.00537	0.05207	0.01453	0.01805	0.08402	0.11704	0.56854	0.05549	0.00851	0.00236	0.00368	0.01232	0.00572	0.00568
3	0.05678	0.00622	0.00755	0.00866	0.00937	0.00585	0.00587	0.00945	0.01190	0.01661	0.03329	0.69056	0.07920	0.01794	0.00762	0.00249	0.00378	0.01587	0.00564	0.00536
4	0.02317	0.01706	0.01824	0.01412	0.01887	0.01869	0.01155	0.72648	0.02811	0.03776	0.01499	0.01533	0.01083	0.00764	0.00627	0.00193	0.00677	0.00559	0.00617	0.01044
5	0.83394	0.01144	0.00869	0.00778	0.01144	0.01327	0.00640	0.01738	0.01006	0.02653	0.00823	0.00961	0.00640	0.00549	0.00366	0.00183	0.00457	0.00320	0.00366	0.00640
6	0.01186	0.03059	0.76153	0.01686	0.02560	0.01373	0.02185	0.01873	0.01249	0.01873	0.01061	0.01249	0.00749	0.00562	0.00562	0.00187	0.00874	0.00437	0.00250	0.00874
7	0.01499	0.01255	0.01774	0.51993	0.03317	0.01489	0.01467	0.25832	0.01722	0.02259	0.01176	0.01524	0.00862	0.00631	0.00591	0.00190	0.00742	0.00528	0.00374	0.00775
8	0.83394	0.01144	0.00869	0.00778	0.01144	0.01327	0.00640	0.01738	0.01006	0.02653	0.00823	0.00961	0.00640	0.00549	0.00366	0.00183	0.00457	0.00320	0.00366	0.00640
9	0.02248	0.01656	0.01775	0.01361	0.01834	0.01834	0.01124	0.73556	0.02780	0.03727	0.01420	0.01420	0.01006	0.00710	0.00592	0.00177	0.00651	0.00532	0.00592	0.01006
10	0.83394	0.01144	0.00869	0.00778	0.01144	0.01327	0.00640	0.01738	0.01006	0.02653	0.00823	0.00961	0.00640	0.00549	0.00366	0.00183	0.00457	0.00320	0.00366	0.00640
11	0.01464	0.01405	0.02400	0.03630	0.75528	0.01405	0.01815	0.01815	0.01347	0.01932	0.01112	0.01464	0.00937	0.00527	0.00585	0.00176	0.00703	0.00527	0.00293	0.00937
12	0.01945	0.01506	0.01604	0.01299	0.01718	0.01692	0.01051	0.46056	0.30775	0.03238	0.01805	0.01727	0.01318	0.00746	0.00596	0.00187	0.00579	0.00586	0.00596	0.00979
13	0.01183	0.02792	0.65626	0.01699	0.02507	0.01336	0.08098	0.01831	0.01286	0.01904	0.05398	0.01463	0.01043	0.00594	0.00581	0.00188	0.00850	0.00496	0.00277	0.00849
14	0.02559	0.01051	0.01387	0.01075	0.01525	0.00949	0.00884	0.05858	0.06475	0.68132	0.02300	0.02001	0.01467	0.00736	0.00595	0.00184	0.00507	0.00597	0.00718	0.01002
15	0.04845	0.01388	0.01393	0.01121	0.01487	0.05370	0.00908	0.46956	0.02226	0.03141	0.01515	0.01606	0.01123	0.00693	0.00530	0.00165	0.00560	0.00522	0.23603	0.00848
16	0.01438	0.01392	0.02416	0.08398	0.67095	0.01404	0.05539	0.01799	0.01338	0.01903	0.01113	0.01478	0.00925	0.00530	0.00592	0.00178	0.00724	0.00536	0.00291	0.00911
17	0.01363	0.01497	0.02944	0.02187	0.02591	0.01598	0.49950	0.01741	0.01237	0.01741	0.01060	0.01497	0.00858	0.00673	0.01102	0.00219	0.26068	0.00639	0.00286	0.00749

[dist]
# distance from previous block
# <min> <max>
0	1

[block]
# block no. 1 follows, 39 sequences, length 62
# corresponding to MSA columns:
# 568-629
name=unknown_B
#
# <colnr> <probs for GDERKNQSTAVLIFYWHMCP>
#	G	D	E	R	K	N	Q	S	T	A	V	L	I	F	Y	W	H	M	C	P
0	0.00700	0.00595	0.00603	0.00610	0.00802	0.00498	0.00454	0.00847	0.01337	0.01593	0.05855	0.09340	0.71727	0.01515	0.00702	0.00202	0.00302	0.01270	0.00549	0.00498
1	0.00864	0.00645	0.00821	0.00856	0.01000	0.00616	0.00677	0.01159	0.04498	0.01969	0.30754	0.13680	0.15626	0.01442	0.00737	0.00222	0.00379	0.22914	0.00588	0.00551
2	0.01198	0.01123	0.01873	0.52412	0.22676	0.01300	0.01615	0.01599	0.03136	0.01647	0.01213	0.05418	0.01010	0.00643	0.00598	0.00194	0.00735	0.00587	0.00294	0.00729
3	0.01268	0.01255	0.01761	0.01517	0.01524	0.01749	0.01261	0.01402	0.00908	0.01420	0.00823	0.01354	0.00817	0.01234	0.06316	0.00299	0.73665	0.00524	0.00262	0.00640
4	0.00721	0.00515	0.00686	0.00823	0.00858	0.00480	0.00549	0.00823	0.01132	0.01510	0.03259	0.78831	0.03911	0.01853	0.00755	0.00240	0.00343	0.01681	0.00549	0.00480
5	0.01603	0.01137	0.01269	0.01123	0.01452	0.01243	0.00880	0.04252	0.50002	0.15499	0.04849	0.06261	0.04565	0.00894	0.00619	0.00200	0.00462	0.02177	0.00621	0.00892
6	0.01513	0.00811	0.00892	0.00773	0.01005	0.00820	0.00599	0.13861	0.01540	0.13587	0.01898	0.02180	0.01474	0.07203	0.00686	0.00188	0.00399	0.00580	0.49309	0.00682
7	0.01117	0.01051	0.01774	0.77795	0.04073	0.01314	0.01642	0.01511	0.01182	0.01511	0.01051	0.01577	0.00788	0.00591	0.00591	0.00197	0.00788	0.00526	0.00263	0.00657
8	0.02274	0.01408	0.01588	0.01223	0.01675	0.01482	0.01008	0.49027	0.02370	0.23122	0.01687	0.01619	0.01155	0.00709	0.00580	0.00175	0.00586	0.00547	0.05096	0.02673
9	0.40008	0.03575	0.01332	0.01048	0.01460	0.03863	0.00864	0.26269	0.04099	0.10509	0.01236	0.01269	0.00894	0.00631	0.00479	0.00179	0.00552	0.00434	0.00483	0.00816
10	0.01887	0.01312	0.01472	0.01151	0.01577	0.01344	0.00930	0.39901	0.04422	0.11208	0.01630	0.07054	0.01302	0.02394	0.01775	0.00184	0.00570	0.00597	0.01844	0.17443
11	0.03407	0.01493	0.01787	0.02915	0.16394	0.01615	0.01205	0.50407	0.02327	0.03165	0.05206	0.01742	0.04165	0.00725	0.00596	0.00179	0.00627	0.00583	0.00524	0.00938
12	0.17505	0.01154	0.03968	0.40437	0.12898	0.01267	0.03733	0.01610	0.01184	0.01883	0.01099	0.01486	0.00848	0.00579	0.00532	0.00186	0.00674	0.00490	0.07774	0.00694
13	0.06913	0.01067	0.01123	0.00930	0.01248	0.05077	0.00712	0.08334	0.08063	0.16560	0.01700	0.02099	0.01393	0.16235	0.01006	0.00237	0.00516	0.00568	0.09949	0.16270
14	0.04005	0.00907	0.01061	0.01001	0.01250	0.00939	0.00797	0.05795	0.20489	0.11268	0.09726	0.12700	0.10684	0.01191	0.00675	0.00215	0.00447	0.15540	0.00590	0.00721
15	0.00785	0.00544	0.00674	0.00745	0.00770	0.00523	0.00470	0.00853	0.01046	0.01401	0.06267	0.43833	0.03259	0.34109	0.01693	0.00377	0.00436	0.01308	0.00474	0.00433
16	0.01421	0.51993	0.25200	0.01213	0.01809	0.01959	0.01354	0.01763	0.01202	0.01537	0.00936	0.01115	0.00795	0.00737	0.04610	0.00190	0.00758	0.00370	0.00255	0.00781
17	0.01903	0.01397	0.01520	0.01177	0.01622	0.01466	0.00960	0.45947	0.07767	0.05188	0.01490	0.01523	0.01096	0.00662	0.00547	0.00158	0.00560	0.00510	0.07305	0.17204
18	0.01258	0.01189	0.02010	0.39515	0.37094	0.01315	0.01668	0.01618	0.01256	0.01706	0.01190	0.05378	0.01013	0.00624	0.00597	0.00189	0.00726	0.00584	0.00291	0.00778
19	0.00829	0.00594	0.00706	0.00747	0.00824	0.00568	0.00523	0.00934	0.01117	0.01444	0.05536	0.13264	0.17774	0.36528	0.01769	0.00386	0.00476	0.15069	0.00466	0.00445
20	0.01424	0.01406	0.03906	0.10786	0.67044	0.01396	0.01806	0.01787	0.01329	0.01890	0.01105	0.01470	0.00918	0.00534	0.00586	0.00178	0.00715	0.00525	0.00289	0.00908
21	0.01354	0.01394	0.01802	0.01551	0.01571	0.06726	0.01284	0.01485	0.00956	0.01425	0.00785	0.01279	0.00775	0.01007	0.01849	0.00252	0.73086	0.00509	0.00262	0.00649
22	0.01070	0.00656	0.00865	0.00783	0.00964	0.00598	0.00598	0.01342	0.01676	0.11797	0.65878	0.04109	0.05053	0.01148	0.00684	0.00186	0.00308	0.01009	0.00661	0.00615
23	0.01430	0.01488	0.01205	0.01188	0.01409	0.27841	0.00947	0.03953	0.05485	0.01736	0.03756	0.06815	0.10361	0.01181	0.00680	0.00212	0.00690	0.28533	0.00466	0.00623
24	0.01165	0.00671	0.00681	0.00652	0.00811	0.02266	0.00496	0.05560	0.01343	0.02237	0.05449	0.02250	0.01667	0.00933	0.04904	0.00190	0.00391	0.00577	0.67178	0.00579
25	0.00712	0.00600	0.00617	0.00613	0.00807	0.00505	0.00459	0.00873	0.01378	0.01669	0.12399	0.05573	0.68835	0.01471	0.00699	0.00198	0.00298	0.01232	0.00559	0.00505
26	0.00727	0.00520	0.00692	0.00819	0.00859	0.00485	0.00549	0.00841	0.01164	0.01560	0.07461	0.74486	0.04009	0.01815	0.00751	0.00237	0.00339	0.01645	0.00555	0.00485
27	0.01186	0.03059	0.76153	0.01686	0.02560	0.01373	0.02185	0.01873	0.01249	0.01873	0.01061	0.01249	0.00749	0.00562	0.00562	0.00187	0.00874	0.00437	0.00250	0.00874
28	0.02653	0.01006	0.01372	0.01052	0.01510	0.00869	0.00869	0.02882	0.01693	0.75937	0.02333	0.02013	0.01464	0.00732	0.00595	0.00183	0.00503	0.00595	0.00732	0.01006
29	0.00860	0.00573	0.00645	0.00645	0.00645	0.00573	0.00358	0.00860	0.00860	0.01147	0.01863	0.03870	0.02150	0.79217	0.03010	0.00573	0.00573	0.00860	0.00358	0.00358
30	0.83394	0.01144	0.00869	0.00778	0.01144	0.01327	0.00640	0.01738	0.01006	0.02653	0.00823	0.00961	0.00640	0.00549	0.00366	0.00183	0.00457	0.00320	0.00366	0.00640
31	0.01294	0.01294	0.01811	0.01553	0.01553	0.01811	0.01294	0.01423	0.00906	0.01423	0.00776	0.01294	0.00776	0.01035	0.01941	0.00259	0.78134	0.00518	0.00259	0.00647
32	0.02653	0.01006	0.01372	0.01052	0.01510	0.00869	0.00869	0.02882	0.01693	0.75937	0.02333	0.02013	0.01464	0.00732	0.00595	0.00183	0.00503	0.00595	0.00732	0.01006
33	0.01402	0.01342	0.02288	0.16889	0.62753	0.01389	0.01784	0.01761	0.01317	0.01857	0.01101	0.01484	0.00910	0.00538	0.00586	0.00179	0.00718	0.00527	0.00287	0.00887
34	0.01471	0.01270	0.01337	0.01203	0.01538	0.01471	0.00936	0.03142	0.74459	0.02474	0.02407	0.02206	0.01805	0.00802	0.00602	0.00201	0.00468	0.00669	0.00602	0.00936
35	0.01468	0.01272	0.01520	0.01264	0.01652	0.01365	0.07101	0.08762	0.48195	0.02415	0.02037	0.04517	0.01585	0.00747	0.00589	0.00182	0.00520	0.00644	0.00534	0.13632
36	0.00852	0.00632	0.00896	0.09836	0.03779	0.00629	0.00741	0.01011	0.01183	0.03485	0.03050	0.57745	0.07257	0.01603	0.00726	0.00231	0.00418	0.04880	0.00512	0.00534
37	0.02211	0.02775	0.01680	0.01517	0.01828	0.74037	0.01142	0.05024	0.01717	0.01533	0.00933	0.01080	0.00771	0.00613	0.00535	0.00153	0.01051	0.00387	0.00315	0.00698
38	0.01708	0.50417	0.05010	0.01184	0.01632	0.15566	0.01091	0.06908	0.04974	0.01634	0.00963	0.01090	0.00828	0.00580	0.00511	0.00146	0.04310	0.00373	0.00303	0.00770
39	0.01161	0.01020	0.00983	0.00970	0.01114	0.12082	0.00698	0.10175	0.01485	0.01886	0.13797	0.40788	0.03217	0.06754	0.00848	0.00234	0.00495	0.01192	0.00521	0.00580
40	0.06221	0.01602	0.01708	0.01319	0.01783	0.01770	0.01088	0.66221	0.04175	0.06024	0.01442	0.01433	0.01020	0.00705	0.00581	0.00178	0.00633	0.00527	0.00585	0.00986
41	0.02248	0.01656	0.01775	0.01361	0.01834	0.01834	0.01124	0.73556	0.02780	0.03727	0.01420	0.01420	0.01006	0.00710	0.00592	0.00177	0.00651	0.00532	0.00592	0.01006
42	0.01106	0.00693	0.00899	0.22531	0.01652	0.00768	0.00763	0.01416	0.01224	0.02007	0.01679	0.02026	0.01309	0.00661	0.00464	0.00155	0.00421	0.00544	0.59099	0.00581
43	0.00847	0.00568	0.00649	0.00661	0.00664	0.00565	0.00376	0.00857	0.00885	0.01180	0.01990	0.10694	0.02310	0.72174	0.02805	0.00543	0.00552	0.00935	0.00376	0.00369
44	0.00705	0.00599	0.00608	0.00606	0.00803	0.00502	0.00454	0.00861	0.01363	0.01633	0.09205	0.05632	0.72051	0.01484	0.00699	0.00199	0.00299	0.01240	0.00554	0.00502
45	0.01498	0.01500	0.02460	0.03411	0.64911	0.05531	0.08293	0.01852	0.01369	0.01902	0.01109	0.01454	0.00924	0.00529	0.00593	0.00177	0.00749	0.00535	0.00294	0.00910
46	0.00821	0.00607	0.00881	0.00909	0.00994	0.00679	0.00681	0.00999	0.00982	0.01388	0.01932	0.17593	0.01998	0.08005	0.57733	0.00789	0.01283	0.00854	0.00365	0.00509
47	0.00876	0.00589	0.00703	0.00718	0.00756	0.00579	0.00450	0.02911	0.01034	0.01377	0.06472	0.19496	0.06166	0.45431	0.02158	0.07936	0.00491	0.01023	0.00422	0.00411
48	0.01281	0.02723	0.61325	0.01598	0.02371	0.01411	0.01946	0.05575	0.12267	0.02054	0.01280	0.01400	0.00920	0.00605	0.00569	0.00189	0.00802	0.00476	0.00319	0.00890
49	0.00723	0.00527	0.00681	0.00797	0.00853	0.00485	0.00539	0.00837	0.01175	0.01552	0.06323	0.68417	0.11331	0.01791	0.00747	0.00234	0.00336	0.01613	0.00553	0.00485
50	0.01396	0.01595	0.03490	0.02493	0.03091	0.01496	0.73380	0.01894	0.01396	0.01894	0.01196	0.01595	0.00897	0.00499	0.00698	0.00199	0.00997	0.00698	0.00299	0.00798
51	0.00872	0.00582	0.00690	0.00690	0.00716	0.00600	0.00425	0.00923	0.00897	0.01246	0.01821	0.03516	0.02002	0.62241	0.15098	0.00610	0.00723	0.00804	0.05147	0.00398
52	0.01147	0.00594	0.00599	0.00582	0.00733	0.00601	0.00441	0.04169	0.01300	0.02264	0.01909	0.02174	0.01496	0.00690	0.00420	0.00139	0.00290	0.00550	0.79333	0.00569
53	0.05080	0.13960	0.55422	0.01619	0.02391	0.01523	0.08424	0.01854	0.01244	0.01841	0.01028	0.01223	0.00759	0.00547	0.00539	0.00179	0.00831	0.00438	0.00260	0.00839
54	0.01249	0.01194	0.02052	0.49022	0.29398	0.01352	0.04042	0.01631	0.01248	0.01673	0.01078	0.01537	0.00845	0.00565	0.00593	0.00190	0.00765	0.00532	0.00275	0.00761
55	0.01380	0.01401	0.04614	0.23136	0.46099	0.03355	0.04052	0.01819	0.04957	0.01831	0.01157	0.01518	0.00928	0.00560	0.00589	0.00183	0.00738	0.00532	0.00299	0.00849
56	0.01392	0.01366	0.02429	0.16823	0.53254	0.01400	0.11090	0.01771	0.01323	0.01851	0.01112	0.01501	0.00905	0.00535	0.00601	0.00183	0.00756	0.00549	0.00288	0.00868
57	0.01341	0.01204	0.01785	0.01467	0.01703	0.01414	0.14327	0.01951	0.19682	0.04625	0.01638	0.01893	0.03540	0.01108	0.06772	0.00271	0.27218	0.00626	0.06695	0.00740
58	0.00821	0.00573	0.00731	0.00807	0.00906	0.00517	0.00565	0.00952	0.01212	0.04451	0.05874	0.58240	0.13814	0.01680	0.00729	0.00226	0.00350	0.03482	0.00552	0.03518
59	0.01275	0.01064	0.01147	0.01067	0.01334	0.01182	0.00813	0.06261	0.47551	0.02250	0.02936	0.17774	0.10664	0.01086	0.00643	0.00207	0.00434	0.00929	0.00585	0.00799
60	0.64044	0.01120	0.01068	0.16074	0.01739	0.01307	0.00848	0.01736	0.01067	0.05168	0.00925	0.01122	0.00701	0.00564	0.00419	0.00186	0.00525	0.00371	0.00359	0.00657
61	0.15005	0.04768	0.01462	0.01096	0.01545	0.01083	0.00895	0.02717	0.01637	0.59857	0.02138	0.01970	0.01419	0.00779	0.00605	0.00205	0.00547	0.00580	0.00691	0.01000

[dist]
# distance from previous block
# <min> <max>
0	3

[block]
# block no. 2 follows, 39 sequences, length 7
# corresponding to MSA columns:
# 633-639
name=unknown_C
#
# <colnr> <probs for GDERKNQSTAVLIFYWHMCP>
#	G	D	E	R	K	N	Q	S	T	A	V	L	I	F	Y	W	H	M	C	P
0	0.01420	0.01132	0.01372	0.01518	0.15381	0.01234	0.00988	0.02478	0.41894	0.05179	0.02215	0.02195	0.04467	0.00755	0.00569	0.00184	0.00473	0.00641	0.15052	0.00854
1	0.00849	0.00651	0.00953	0.00963	0.01050	0.00755	0.00738	0.01036	0.00980	0.01400	0.01834	0.15815	0.01869	0.03781	0.59052	0.00785	0.05797	0.00812	0.00355	0.00526
2	0.00898	0.00618	0.00776	0.00862	0.00996	0.00594	0.00703	0.01123	0.01304	0.01776	0.03479	0.16163	0.16767	0.01472	0.00714	0.00230	0.00421	0.35512	0.15062	0.00528
3	0.00716	0.00531	0.00670	0.00781	0.00847	0.00484	0.00530	0.00828	0.01173	0.01526	0.03777	0.64968	0.17439	0.01785	0.00744	0.00232	0.00335	0.01599	0.00549	0.00484
4	0.01143	0.02300	0.48770	0.01824	0.15150	0.01213	0.01790	0.01668	0.01285	0.01831	0.02005	0.02129	0.14910	0.00733	0.00592	0.00188	0.00735	0.00607	0.00314	0.00814
5	0.01464	0.01405	0.02400	0.03630	0.75528	0.01405	0.01815	0.01815	0.01347	0.01932	0.01112	0.01464	0.00937	0.00527	0.00585	0.00176	0.00703	0.00527	0.00293	0.00937
6	0.02052	0.01504	0.01628	0.01285	0.01729	0.01648	0.01048	0.50404	0.18551	0.07652	0.01676	0.01621	0.01204	0.00719	0.00587	0.00179	0.00592	0.00558	0.00591	0.04772

[dist]
# distance from previous block
# <min> <max>
0	1

[block]
# block no. 3 follows, 39 sequences, length 6
# corresponding to MSA columns:
# 641-646
name=unknown_D
#
# <colnr> <probs for GDERKNQSTAVLIFYWHMCP>
#	G	D	E	R	K	N	Q	S	T	A	V	L	I	F	Y	W	H	M	C	P
0	0.01032	0.00937	0.01542	0.61420	0.03389	0.01137	0.01410	0.01365	0.01172	0.01511	0.01521	0.18012	0.01453	0.00860	0.00626	0.00206	0.00694	0.00771	0.00324	0.00619
1	0.00802	0.00612	0.00869	0.12350	0.01345	0.00620	0.00715	0.00981	0.01241	0.01671	0.16391	0.53325	0.03755	0.01543	0.00720	0.00224	0.00398	0.01393	0.00525	0.00521
2	0.00805	0.00598	0.00719	0.00692	0.00826	0.00545	0.00500	0.01008	0.01467	0.01987	0.46262	0.04666	0.23147	0.12980	0.01045	0.00248	0.00328	0.01084	0.00581	0.00513
3	0.02051	0.01273	0.01490	0.01199	0.01567	0.01372	0.00988	0.34029	0.05167	0.22430	0.01795	0.01986	0.01331	0.00803	0.00715	0.00190	0.07774	0.04803	0.08137	0.00900
4	0.01375	0.01731	0.18197	0.01867	0.02410	0.01351	0.33952	0.12473	0.01544	0.02117	0.01571	0.09151	0.01393	0.00774	0.00669	0.00204	0.00816	0.07232	0.00378	0.00792
5	0.01277	0.01126	0.01476	0.01462	0.17171	0.00920	0.00938	0.01558	0.01252	0.01928	0.01064	0.01277	0.00889	0.00457	0.00469	0.00106	0.00494	0.00388	0.00338	0.65409

[dist]
# distance from previous block
# <min> <max>
0	3

[block]
# block no. 4 follows, 39 sequences, length 36
# corresponding to MSA columns:
# 650-685
name=unknown_E
#
# <colnr> <probs for GDERKNQSTAVLIFYWHMCP>
#	G	D	E	R	K	N	Q	S	T	A	V	L	I	F	Y	W	H	M	C	P
0	0.06868	0.01508	0.01889	0.01587	0.04634	0.01640	0.10339	0.31750	0.15501	0.02860	0.01718	0.06883	0.01412	0.00873	0.00777	0.00220	0.07383	0.00683	0.00539	0.00936
1	0.05875	0.02331	0.02046	0.01827	0.06971	0.44296	0.12343	0.10252	0.04211	0.02020	0.01209	0.01435	0.00979	0.00690	0.00620	0.00192	0.00970	0.00508	0.00394	0.00829
2	0.01369	0.00814	0.00934	0.00852	0.00967	0.00786	0.00553	0.06114	0.01206	0.12985	0.02022	0.03549	0.02067	0.60303	0.02481	0.00503	0.00611	0.00832	0.00476	0.00576
3	0.01139	0.01041	0.01112	0.07579	0.04396	0.10448	0.00847	0.01253	0.01321	0.01654	0.03082	0.43001	0.14052	0.01504	0.00805	0.00240	0.04122	0.01269	0.00511	0.00623
4	0.00888	0.00697	0.00739	0.00726	0.00895	0.00604	0.00515	0.00995	0.01402	0.01771	0.15978	0.05305	0.51880	0.13507	0.01109	0.00279	0.00388	0.01187	0.00576	0.00558
5	0.00876	0.00572	0.00639	0.00639	0.00648	0.00572	0.00362	0.00894	0.00885	0.01217	0.01868	0.03759	0.02108	0.73991	0.02837	0.00544	0.00554	0.00839	0.05825	0.00371
6	0.00971	0.00737	0.00984	0.00940	0.01099	0.00818	0.00735	0.08720	0.01206	0.01657	0.02246	0.02747	0.12810	0.03587	0.57029	0.00753	0.01287	0.00718	0.00382	0.00574
7	0.00817	0.00606	0.00865	0.12686	0.01345	0.00623	0.00715	0.00941	0.01107	0.01464	0.02685	0.54961	0.03120	0.06812	0.00977	0.05319	0.00444	0.03550	0.00474	0.00488
8	0.00907	0.00704	0.01033	0.01339	0.12486	0.00685	0.00870	0.01101	0.01236	0.01656	0.02889	0.44502	0.03295	0.01580	0.00748	0.00240	0.00461	0.23189	0.00508	0.00571
9	0.01322	0.00720	0.01006	0.01024	0.01205	0.00689	0.00855	0.01498	0.01334	0.17543	0.02640	0.07165	0.02637	0.01512	0.00998	0.12978	0.00525	0.43213	0.00540	0.00597
10	0.01502	0.48264	0.18596	0.01579	0.13166	0.04760	0.01392	0.01821	0.01252	0.01580	0.00922	0.01097	0.00784	0.00525	0.00456	0.00148	0.00711	0.00377	0.00260	0.00808
11	0.81640	0.01130	0.00867	0.00778	0.01136	0.01309	0.00638	0.01718	0.01001	0.02619	0.00828	0.00979	0.00649	0.00581	0.00407	0.01943	0.00459	0.00324	0.00364	0.00632
12	0.00835	0.00652	0.00951	0.01256	0.12372	0.00623	0.00744	0.00976	0.01165	0.01575	0.02928	0.66900	0.03453	0.01648	0.00729	0.00230	0.00399	0.01503	0.00509	0.00551
13	0.02048	0.01574	0.01751	0.01380	0.01770	0.01806	0.01137	0.57630	0.07380	0.03286	0.01388	0.01454	0.01025	0.00766	0.00800	0.00192	0.12587	0.00539	0.00541	0.00946
14	0.02288	0.01115	0.01541	0.01450	0.12933	0.01005	0.01013	0.07136	0.01659	0.51809	0.01946	0.01804	0.01289	0.00667	0.00576	0.00171	0.00536	0.00554	0.00614	0.09892
15	0.01247	0.14858	0.64887	0.01582	0.02399	0.01522	0.02004	0.01857	0.01241	0.01799	0.01024	0.01202	0.00751	0.00553	0.00534	0.00178	0.00837	0.00418	0.00250	0.00856
16	0.01245	0.05927	0.61797	0.01958	0.13769	0.01418	0.02080	0.01860	0.01262	0.01862	0.01059	0.01269	0.00778	0.00554	0.00558	0.00183	0.00838	0.00446	0.00256	0.00879
17	0.14166	0.01441	0.02104	0.02995	0.57474	0.04896	0.01573	0.04922	0.01371	0.02098	0.01072	0.01366	0.00886	0.00542	0.00549	0.00176	0.00679	0.00489	0.00317	0.00882
18	0.01253	0.00899	0.01104	0.00994	0.01181	0.01032	0.00790	0.15657	0.04384	0.02100	0.01602	0.02020	0.01346	0.02305	0.32771	0.00501	0.07674	0.00584	0.21148	0.00656
19	0.48148	0.01300	0.03109	0.02688	0.01488	0.04118	0.03995	0.09836	0.03162	0.13800	0.01286	0.01344	0.02268	0.00620	0.00468	0.00183	0.00547	0.00438	0.00445	0.00756
20	0.00721	0.00515	0.00686	0.00823	0.00858	0.00480	0.00549	0.00823	0.01132	0.01510	0.03259	0.78831	0.03911	0.01853	0.00755	0.00240	0.00343	0.01681	0.00549	0.00480
21	0.01184	0.04491	0.01640	0.03289	0.01484	0.01541	0.01145	0.01344	0.00937	0.01411	0.00997	0.01556	0.00960	0.01893	0.21489	0.00433	0.52773	0.00539	0.00274	0.00621
22	0.00957	0.00873	0.00837	0.00923	0.00998	0.12260	0.00632	0.01062	0.01203	0.01483	0.02833	0.63376	0.03344	0.05235	0.00825	0.00242	0.00465	0.01443	0.00502	0.00506
23	0.02106	0.04900	0.01787	0.01628	0.06712	0.56372	0.01187	0.11653	0.01752	0.01777	0.00985	0.01146	0.00806	0.00632	0.00600	0.00161	0.04298	0.00414	0.00338	0.00745
24	0.01947	0.02309	0.01710	0.15656	0.02226	0.52722	0.01244	0.06878	0.01605	0.01609	0.00964	0.01200	0.00784	0.00642	0.00644	0.00170	0.06251	0.00427	0.00313	0.00699
25	0.03355	0.00567	0.00706	0.00766	0.00826	0.00544	0.00513	0.00924	0.01189	0.01657	0.18700	0.43888	0.03796	0.18344	0.01216	0.00298	0.00382	0.01327	0.00525	0.00476
26	0.03108	0.00888	0.00989	0.00894	0.01096	0.00961	0.00692	0.20351	0.01591	0.02394	0.01985	0.18354	0.01838	0.01121	0.03950	0.00213	0.04215	0.00785	0.33913	0.00662
27	0.02191	0.00991	0.02359	0.01049	0.01430	0.00884	0.00857	0.05611	0.05460	0.53581	0.02451	0.14005	0.01901	0.00939	0.00627	0.00196	0.00490	0.03401	0.00677	0.00902
28	0.01294	0.01294	0.01811	0.01553	0.01553	0.01811	0.01294	0.01423	0.00906	0.01423	0.00776	0.01294	0.00776	0.01035	0.01941	0.00259	0.78134	0.00518	0.00259	0.00647
29	0.01523	0.01329	0.02010	0.73116	0.04184	0.01516	0.01756	0.01783	0.01433	0.01892	0.01454	0.02112	0.01176	0.00858	0.00760	0.00270	0.00907	0.00652	0.00405	0.00864
30	0.01280	0.00935	0.01222	0.01205	0.01345	0.00970	0.00897	0.01372	0.01229	0.01799	0.01967	0.02806	0.01823	0.04291	0.68780	0.00939	0.01594	0.00750	0.04053	0.00745
31	0.01158	0.00836	0.00995	0.01089	0.01175	0.00742	0.00729	0.01159	0.01428	0.01947	0.08042	0.66871	0.07084	0.01985	0.00907	0.00305	0.00484	0.01679	0.00679	0.00705
32	0.02486	0.07131	0.02035	0.02953	0.02100	0.43313	0.01286	0.23343	0.02169	0.02496	0.01468	0.01744	0.01223	0.00905	0.00738	0.00236	0.02300	0.00562	0.00523	0.00988
33	0.12231	0.01747	0.03109	0.04314	0.05262	0.01656	0.52372	0.02165	0.04775	0.02364	0.01589	0.02071	0.01283	0.00794	0.00807	0.00269	0.00995	0.00754	0.00459	0.00983
34	0.10880	0.01652	0.01623	0.04529	0.01909	0.09140	0.01112	0.05614	0.41178	0.10779	0.02303	0.02377	0.01789	0.00990	0.00736	0.00263	0.00689	0.00701	0.00667	0.01068
35	0.01421	0.01042	0.02992	0.02309	0.01410	0.00910	0.00871	0.01592	0.06817	0.08113	0.09295	0.33470	0.14713	0.01659	0.00867	0.00289	0.00542	0.08133	0.00682	0.02873

[dist]
# distance from previous block
# <min> <max>
3	5

[block]
# block no. 5 follows, 39 sequences, length 7
# corresponding to MSA columns:
# 691-697
name=unknown_F
#
# <colnr> <probs for GDERKNQSTAVLIFYWHMCP>
#	G	D	E	R	K	N	Q	S	T	A	V	L	I	F	Y	W	H	M	C	P
0	0.01323	0.00922	0.01085	0.02983	0.01311	0.00864	0.00729	0.01863	0.17284	0.13535	0.12279	0.05935	0.16731	0.00934	0.00600	0.00171	0.00412	0.00787	0.00549	0.19701
1	0.01793	0.01280	0.01436	0.01185	0.01543	0.01380	0.00966	0.41911	0.08730	0.07177	0.13607	0.05075	0.02176	0.00932	0.00638	0.00193	0.00546	0.07966	0.00604	0.00863
2	0.01533	0.01003	0.01157	0.01033	0.01337	0.01037	0.00798	0.02392	0.34767	0.19400	0.02812	0.16347	0.08620	0.01024	0.00630	0.00199	0.00437	0.00875	0.00608	0.03991
3	0.11140	0.01023	0.01183	0.00991	0.01341	0.01026	0.00792	0.09555	0.12913	0.30376	0.10146	0.06933	0.08242	0.00901	0.00599	0.00190	0.00457	0.00738	0.00621	0.00832
4	0.01681	0.01784	0.32373	0.01242	0.01818	0.01014	0.01346	0.02097	0.01470	0.30983	0.08398	0.02288	0.09317	0.00783	0.00601	0.00187	0.00617	0.00639	0.00505	0.00860
5	0.01554	0.01520	0.01529	0.17599	0.02055	0.18694	0.01138	0.15049	0.01565	0.01947	0.01676	0.03936	0.08821	0.00831	0.00820	0.00192	0.14341	0.00601	0.05431	0.00699
6	0.01876	0.01495	0.01722	0.01364	0.01798	0.08133	0.08643	0.27975	0.14061	0.10449	0.01665	0.01872	0.01273	0.00716	0.00594	0.00177	0.00648	0.04529	0.00521	0.10489

[dist]
# distance from previous block
# <min> <max>
0	1

[block]
# block no. 6 follows, 39 sequences, length 59
# corresponding to MSA columns:
# 699-757
name=unknown_G
#
# <colnr> <probs for GDERKNQSTAVLIFYWHMCP>
#	G	D	E	R	K	N	Q	S	T	A	V	L	I	F	Y	W	H	M	C	P
0	0.02430	0.02674	0.01882	0.01674	0.02011	0.56959	0.01256	0.14947	0.02002	0.02136	0.01308	0.01568	0.01099	0.00846	0.00735	0.00218	0.04388	0.00516	0.00458	0.00895
1	0.01441	0.01279	0.01983	0.70569	0.07712	0.01471	0.01737	0.01732	0.01380	0.01820	0.01358	0.01976	0.01088	0.00790	0.00719	0.00251	0.00873	0.00621	0.00371	0.00828
2	0.01508	0.06788	0.69256	0.01823	0.02668	0.01569	0.02189	0.02056	0.01433	0.02120	0.01354	0.01655	0.01044	0.00762	0.00682	0.00240	0.00948	0.00531	0.00358	0.01015
3	0.01673	0.01521	0.02377	0.17511	0.51963	0.01573	0.01813	0.01913	0.01457	0.02074	0.01372	0.01880	0.01180	0.00790	0.00837	0.00243	0.07812	0.00622	0.00390	0.01001
4	0.01092	0.00770	0.00904	0.00977	0.01029	0.00704	0.00626	0.01075	0.01236	0.01680	0.03003	0.51138	0.03480	0.27110	0.01607	0.00401	0.00529	0.01454	0.00580	0.00606
5	0.02540	0.04806	0.01615	0.01262	0.01688	0.01197	0.00994	0.06194	0.10068	0.51829	0.05243	0.05463	0.01959	0.00986	0.00723	0.00240	0.00601	0.00741	0.00763	0.01089
6	0.06079	0.03193	0.01322	0.01126	0.01420	0.04463	0.00854	0.05373	0.04938	0.21037	0.30295	0.07366	0.07307	0.01189	0.00755	0.00241	0.00534	0.00928	0.00703	0.00878
7	0.01081	0.00766	0.00933	0.01014	0.01089	0.00690	0.00680	0.01102	0.01371	0.01878	0.13058	0.58935	0.04082	0.05245	0.01029	0.03753	0.00462	0.01554	0.00636	0.00642
8	0.01745	0.01589	0.02532	0.05595	0.70312	0.01551	0.01888	0.01998	0.01524	0.02188	0.01412	0.01877	0.01218	0.00733	0.00714	0.00232	0.00798	0.00623	0.00398	0.01073
9	0.01635	0.01737	0.05643	0.03888	0.02976	0.01613	0.56118	0.01979	0.01508	0.02093	0.01545	0.05611	0.01309	0.00823	0.00932	0.00261	0.08197	0.00803	0.00410	0.00918
10	0.02885	0.01219	0.01570	0.01252	0.01718	0.01044	0.00993	0.03021	0.01857	0.72602	0.02575	0.02396	0.01724	0.00927	0.00722	0.00238	0.00606	0.00687	0.00816	0.01146
11	0.01047	0.00751	0.00917	0.01035	0.01098	0.00674	0.00688	0.01063	0.01324	0.01797	0.03456	0.75475	0.04052	0.01993	0.00875	0.00293	0.00454	0.01721	0.00642	0.00646
12	0.02094	0.02113	0.01808	0.18286	0.04450	0.36241	0.01313	0.05915	0.08569	0.06174	0.01735	0.02005	0.04594	0.00874	0.00698	0.00229	0.00928	0.00605	0.00478	0.00891
13	0.06511	0.01023	0.01248	0.01081	0.01381	0.00912	0.00822	0.02064	0.01809	0.31298	0.39323	0.03553	0.03757	0.01158	0.00761	0.00240	0.00491	0.00912	0.00755	0.00899
14	0.01171	0.00831	0.00966	0.00964	0.01131	0.00728	0.00690	0.01270	0.01596	0.05375	0.27909	0.24613	0.24576	0.01625	0.00835	0.00262	0.00434	0.03638	0.00684	0.00702
15	0.76201	0.01371	0.01131	0.01016	0.01400	0.01501	0.00796	0.05025	0.01281	0.02932	0.01164	0.01415	0.00956	0.00760	0.00514	0.00238	0.00571	0.00435	0.00478	0.00814
16	0.01179	0.00809	0.00892	0.00879	0.00914	0.00770	0.00524	0.01106	0.01069	0.01462	0.02115	0.04093	0.02346	0.72201	0.06368	0.00627	0.00719	0.00929	0.00459	0.00537
17	0.02488	0.02181	0.01924	0.01594	0.02025	0.24178	0.01241	0.49168	0.02565	0.03232	0.01556	0.01728	0.01215	0.00876	0.00702	0.00226	0.00870	0.00583	0.00598	0.01051
18	0.02250	0.05929	0.02029	0.01982	0.14853	0.36679	0.01340	0.08430	0.05546	0.07530	0.01471	0.01730	0.01213	0.00842	0.00756	0.00225	0.05213	0.00557	0.00473	0.00950
19	0.01146	0.00903	0.01305	0.01264	0.01409	0.00817	0.10570	0.01223	0.01379	0.01877	0.05074	0.61637	0.03677	0.01788	0.00867	0.00286	0.00545	0.02928	0.00611	0.00692
20	0.01508	0.06788	0.69256	0.01823	0.02668	0.01569	0.02189	0.02056	0.01433	0.02120	0.01354	0.01655	0.01044	0.00762	0.00682	0.00240	0.00948	0.00531	0.00358	0.01015
21	0.01145	0.00836	0.00999	0.00946	0.01115	0.00742	0.00687	0.01317	0.01810	0.02547	0.65644	0.04799	0.11948	0.01407	0.00820	0.00243	0.00395	0.01155	0.00730	0.00714
22	0.01543	0.13545	0.62805	0.01764	0.02576	0.01655	0.02085	0.02047	0.01429	0.02078	0.01333	0.01629	0.01045	0.00757	0.00666	0.00234	0.00926	0.00521	0.00358	0.01004
23	0.02468	0.02785	0.01872	0.01679	0.02022	0.63149	0.01250	0.12178	0.01991	0.02047	0.01294	0.01544	0.01089	0.00824	0.00672	0.00213	0.01086	0.00504	0.00449	0.00884
24	0.00751	0.00539	0.00714	0.00802	0.00865	0.00501	0.00551	0.00901	0.01276	0.01739	0.22367	0.59070	0.04354	0.01682	0.00740	0.00226	0.00326	0.01519	0.00576	0.00501
25	0.00880	0.00569	0.00637	0.00641	0.00655	0.00569	0.00369	0.00909	0.00905	0.01260	0.01910	0.05859	0.02139	0.69355	0.02693	0.00521	0.00538	0.00854	0.08358	0.00381
26	0.01058	0.00704	0.00933	0.04576	0.01158	0.00681	0.00691	0.01410	0.05419	0.08958	0.55239	0.04132	0.04597	0.01150	0.00688	0.00194	0.00356	0.06807	0.00628	0.00622
27	0.00704	0.00580	0.00619	0.00649	0.00812	0.00495	0.00472	0.00843	0.01300	0.01578	0.05380	0.22054	0.59320	0.01577	0.00711	0.00209	0.00309	0.01345	0.00549	0.00495
28	0.00719	0.00520	0.00681	0.00810	0.00854	0.00481	0.00543	0.00825	0.01145	0.01515	0.03424	0.74430	0.08206	0.01831	0.00751	0.00238	0.00340	0.01655	0.00549	0.00481
29	0.02494	0.01262	0.01531	0.01173	0.01637	0.01249	0.00969	0.30672	0.02120	0.47543	0.01974	0.01780	0.01284	0.00723	0.00593	0.00181	0.00561	0.00570	0.00677	0.01006
30	0.05683	0.01012	0.01354	0.01042	0.01496	0.00886	0.00861	0.02839	0.01667	0.73188	0.02276	0.01973	0.01433	0.00725	0.00586	0.00183	0.00501	0.00584	0.00718	0.00993
31	0.00768	0.00625	0.00683	0.00671	0.00854	0.00554	0.00502	0.01013	0.04483	0.01832	0.23763	0.08099	0.51241	0.01407	0.00697	0.00198	0.00303	0.01194	0.00578	0.00532
32	0.00724	0.00517	0.00689	0.00821	0.00858	0.00482	0.00549	0.00831	0.01147	0.01533	0.05242	0.76781	0.03957	0.01835	0.00753	0.00239	0.00341	0.01664	0.00552	0.00482
33	0.01294	0.01294	0.01811	0.01553	0.01553	0.01811	0.01294	0.01423	0.00906	0.01423	0.00776	0.01294	0.00776	0.01035	0.01941	0.00259	0.78134	0.00518	0.00259	0.00647
34	0.00715	0.00562	0.00646	0.00705	0.00829	0.00494	0.00498	0.00850	0.01268	0.01594	0.07969	0.37876	0.40618	0.01641	0.00724	0.00217	0.00318	0.01431	0.00554	0.00494
35	0.83394	0.01144	0.00869	0.00778	0.01144	0.01327	0.00640	0.01738	0.01006	0.02653	0.00823	0.00961	0.00640	0.00549	0.00366	0.00183	0.00457	0.00320	0.00366	0.00640
36	0.01581	0.79572	0.03099	0.01012	0.01518	0.02340	0.01012	0.01771	0.01202	0.01391	0.00822	0.00949	0.00759	0.00506	0.00379	0.00126	0.00632	0.00316	0.00253	0.00759
37	0.00711	0.00580	0.00629	0.00657	0.00817	0.00498	0.00478	0.00858	0.01318	0.01621	0.09221	0.21983	0.55452	0.01561	0.00711	0.00208	0.00308	0.01335	0.00555	0.00498
38	0.11215	0.01104	0.01794	0.62627	0.03639	0.01329	0.06983	0.01568	0.01177	0.01680	0.01034	0.01503	0.00779	0.00579	0.00572	0.00196	0.00764	0.00514	0.00278	0.00666
39	0.00860	0.00573	0.00645	0.00645	0.00645	0.00573	0.00358	0.00860	0.00860	0.01147	0.01863	0.03870	0.02150	0.79217	0.03010	0.00573	0.00573	0.00860	0.00358	0.00358
40	0.01509	0.01289	0.01359	0.01211	0.01552	0.01489	0.00945	0.06570	0.70970	0.02535	0.02359	0.02168	0.01766	0.00798	0.00601	0.00199	0.00477	0.00662	0.00601	0.00939
41	0.06465	0.01065	0.01363	0.01066	0.01509	0.00987	0.00875	0.06087	0.07886	0.62825	0.02224	0.01951	0.01432	0.00728	0.00584	0.00184	0.00505	0.00585	0.00697	0.00983
42	0.00724	0.00518	0.00690	0.00821	0.00859	0.00483	0.00549	0.00833	0.01149	0.01537	0.05552	0.76460	0.03965	0.01832	0.00753	0.00238	0.00341	0.01662	0.00552	0.00483
43	0.01566	0.01415	0.01386	0.01225	0.01573	0.07940	0.00954	0.06907	0.60917	0.02430	0.02163	0.02020	0.01629	0.00764	0.00588	0.00190	0.00528	0.00622	0.00564	0.04618
44	0.01406	0.45645	0.35492	0.01311	0.01980	0.01911	0.01532	0.01816	0.01222	0.01605	0.00928	0.01082	0.00755	0.00531	0.00460	0.00153	0.00740	0.00370	0.00252	0.00810
45	0.13285	0.01124	0.03470	0.01054	0.01508	0.01011	0.00891	0.06150	0.04026	0.58149	0.02054	0.01829	0.01323	0.00704	0.00563	0.00183	0.00514	0.00553	0.00658	0.00952
46	0.01687	0.42391	0.15062	0.01288	0.01785	0.23634	0.01256	0.01949	0.01338	0.01490	0.00888	0.01043	0.00759	0.00559	0.00496	0.00148	0.02845	0.00361	0.00267	0.00754
47	0.01922	0.01474	0.01579	0.01282	0.01687	0.01653	0.01033	0.45424	0.28562	0.03174	0.01761	0.01718	0.01295	0.00794	0.00660	0.03286	0.00580	0.00581	0.00583	0.00952
48	0.02634	0.01038	0.01392	0.01067	0.01525	0.00916	0.00882	0.06323	0.01746	0.72422	0.02289	0.01984	0.01442	0.00731	0.00595	0.00183	0.00510	0.00592	0.00725	0.01006
49	0.00859	0.00594	0.00718	0.04431	0.00850	0.00609	0.00456	0.00898	0.00904	0.01207	0.01934	0.10300	0.02207	0.65027	0.06185	0.00543	0.00611	0.00905	0.00369	0.00392
50	0.00909	0.00687	0.00871	0.00768	0.00979	0.00600	0.00584	0.01185	0.01591	0.02290	0.61550	0.03829	0.04713	0.01067	0.00650	0.00168	0.00308	0.00937	0.00596	0.15718
51	0.02248	0.01656	0.01775	0.01361	0.01834	0.01834	0.01124	0.73556	0.02780	0.03727	0.01420	0.01420	0.01006	0.00710	0.00592	0.00177	0.00651	0.00532	0.00592	0.01006
52	0.01581	0.79572	0.03099	0.01012	0.01518	0.02340	0.01012	0.01771	0.01202	0.01391	0.00822	0.00949	0.00759	0.00506	0.00379	0.00126	0.00632	0.00316	0.00253	0.00759
53	0.00719	0.00519	0.00682	0.00812	0.00855	0.00481	0.00544	0.00825	0.01143	0.01514	0.03402	0.75019	0.07631	0.01834	0.00752	0.00238	0.00341	0.01659	0.00549	0.00481
54	0.01396	0.01595	0.03490	0.02493	0.03091	0.01496	0.73380	0.01894	0.01396	0.01894	0.01196	0.01595	0.00897	0.00499	0.00698	0.00199	0.00997	0.00698	0.00299	0.00798
55	0.00726	0.00518	0.00687	0.00818	0.00854	0.00484	0.00545	0.00830	0.01138	0.01520	0.04738	0.75653	0.03908	0.03508	0.00802	0.00246	0.00347	0.01651	0.00547	0.00479
56	0.00720	0.00518	0.00682	0.00813	0.00855	0.00481	0.00544	0.00825	0.01142	0.01514	0.03383	0.75515	0.07147	0.01837	0.00752	0.00238	0.00341	0.01662	0.00549	0.00481
57	0.01219	0.09372	0.70125	0.01630	0.02474	0.01453	0.02088	0.01864	0.01245	0.01833	0.01042	0.01224	0.00750	0.00557	0.00547	0.00182	0.00854	0.00427	0.00250	0.00864
58	0.01347	0.01500	0.03189	0.15673	0.03263	0.01464	0.60824	0.01827	0.01358	0.01827	0.01171	0.01592	0.00878	0.00515	0.00679	0.00199	0.00960	0.00668	0.00293	0.00773

[dist]
# distance from previous block
# <min> <max>
0	1

[block]
# block no. 7 follows, 39 sequences, length 24
# corresponding to MSA columns:
# 759-782
name=unknown_H
#
# <colnr> <probs for GDERKNQSTAVLIFYWHMCP>
#	G	D	E	R	K	N	Q	S	T	A	V	L	I	F	Y	W	H	M	C	P
0	0.00837	0.00604	0.00790	0.00744	0.00883	0.00558	0.00558	0.01116	0.01674	0.02371	0.75216	0.04417	0.05580	0.01209	0.00697	0.00186	0.00279	0.01069	0.00651	0.00558
1	0.02637	0.01033	0.01389	0.01065	0.01523	0.00908	0.00879	0.05733	0.01737	0.73024	0.02296	0.01989	0.01445	0.00731	0.00595	0.00183	0.00509	0.00592	0.00726	0.01006
2	0.73899	0.03228	0.03595	0.00822	0.01206	0.01321	0.00709	0.01758	0.01057	0.04573	0.02929	0.01095	0.00806	0.00572	0.00389	0.00182	0.00473	0.00352	0.00377	0.00659
3	0.00895	0.00644	0.00906	0.01074	0.03476	0.00633	0.00835	0.01099	0.01269	0.01668	0.03049	0.30157	0.03424	0.01682	0.00831	0.02603	0.00482	0.44214	0.00530	0.00528
4	0.00721	0.00515	0.00686	0.00823	0.00858	0.00480	0.00549	0.00823	0.01132	0.01510	0.03259	0.78831	0.03911	0.01853	0.00755	0.00240	0.00343	0.01681	0.00549	0.00480
5	0.01396	0.01595	0.03490	0.02493	0.03091	0.01496	0.73380	0.01894	0.01396	0.01894	0.01196	0.01595	0.00897	0.00499	0.00698	0.00199	0.00997	0.00698	0.00299	0.00798
6	0.00837	0.00604	0.00790	0.00744	0.00883	0.00558	0.00558	0.01116	0.01674	0.02371	0.75216	0.04417	0.05580	0.01209	0.00697	0.00186	0.00279	0.01069	0.00651	0.00558
7	0.02138	0.01568	0.01682	0.01294	0.01751	0.01716	0.01065	0.66305	0.02625	0.03562	0.01432	0.01455	0.01028	0.00697	0.00575	0.00171	0.00620	0.00525	0.05160	0.04632
8	0.01686	0.01227	0.01366	0.01119	0.01530	0.01268	0.00892	0.13456	0.35364	0.13048	0.02048	0.01939	0.03369	0.00718	0.00566	0.00170	0.00490	0.00584	0.00563	0.18599
9	0.01596	0.61445	0.08822	0.01140	0.01635	0.06322	0.01135	0.04837	0.01282	0.01534	0.00869	0.01019	0.00770	0.00554	0.00499	0.00142	0.05009	0.00350	0.00270	0.00768
10	0.01278	0.20811	0.59203	0.01529	0.02318	0.01598	0.01913	0.01849	0.01238	0.01761	0.01006	0.01179	0.00751	0.00549	0.00520	0.00173	0.00818	0.00409	0.00250	0.00847
11	0.00721	0.00515	0.00686	0.00823	0.00858	0.00480	0.00549	0.00823	0.01132	0.01510	0.03259	0.78831	0.03911	0.01853	0.00755	0.00240	0.00343	0.01681	0.00549	0.00480
12	0.01970	0.01047	0.01294	0.01049	0.01406	0.01023	0.00850	0.20698	0.01942	0.33676	0.20551	0.04994	0.02528	0.00913	0.00633	0.00187	0.00482	0.03236	0.00663	0.00861
13	0.02099	0.01514	0.01632	0.01284	0.01721	0.01671	0.01050	0.55850	0.13658	0.07223	0.01642	0.01606	0.01175	0.00724	0.00585	0.00180	0.00598	0.00557	0.04255	0.00975
14	0.02653	0.01006	0.01372	0.01052	0.01510	0.00869	0.00869	0.02882	0.01693	0.75937	0.02333	0.02013	0.01464	0.00732	0.00595	0.00183	0.00503	0.00595	0.00732	0.01006
15	0.00721	0.00515	0.00686	0.00823	0.00858	0.00480	0.00549	0.00823	0.01132	0.01510	0.03259	0.78831	0.03911	0.01853	0.00755	0.00240	0.00343	0.01681	0.00549	0.00480
16	0.01471	0.01270	0.01337	0.01203	0.01538	0.01471	0.00936	0.03142	0.74459	0.02474	0.02407	0.02206	0.01805	0.00802	0.00602	0.00201	0.00468	0.00669	0.00602	0.00936
17	0.01653	0.01361	0.01440	0.01240	0.01607	0.01556	0.00980	0.19667	0.57638	0.02768	0.02175	0.02022	0.01618	0.00781	0.00599	0.00195	0.00511	0.00637	0.00599	0.00952
18	0.01561	0.75593	0.06899	0.01047	0.01572	0.02290	0.01073	0.01776	0.01204	0.01416	0.00835	0.00964	0.00758	0.00509	0.00389	0.00130	0.00645	0.00322	0.00253	0.00765
19	0.00747	0.00601	0.00666	0.00650	0.00828	0.00520	0.00487	0.00942	0.01462	0.01868	0.30154	0.05247	0.50956	0.01397	0.00698	0.00195	0.00292	0.01186	0.00585	0.00520
20	0.01396	0.01595	0.03490	0.02493	0.03091	0.01496	0.73380	0.01894	0.01396	0.01894	0.01196	0.01595	0.00897	0.00499	0.00698	0.00199	0.00997	0.00698	0.00299	0.00798
21	0.00859	0.00629	0.00929	0.00929	0.01036	0.00729	0.00721	0.01074	0.00966	0.01418	0.01603	0.02317	0.01480	0.04231	0.72699	0.00906	0.01513	0.00629	0.04804	0.00529
22	0.00839	0.00570	0.00646	0.00658	0.00672	0.00561	0.00380	0.00856	0.00910	0.01202	0.02210	0.10338	0.06336	0.68356	0.02691	0.00524	0.00539	0.00951	0.00385	0.00376
23	0.01464	0.01405	0.02400	0.03630	0.75528	0.01405	0.01815	0.01815	0.01347	0.01932	0.01112	0.01464	0.00937	0.00527	0.00585	0.00176	0.00703	0.00527	0.00293	0.00937

[dist]
# distance from previous block
# <min> <max>
0	2

[block]
# block no. 8 follows, 39 sequences, length 42
# corresponding to MSA columns:
# 785-826
name=unknown_I
#
# <colnr> <probs for GDERKNQSTAVLIFYWHMCP>
#	G	D	E	R	K	N	Q	S	T	A	V	L	I	F	Y	W	H	M	C	P
0	0.76709	0.01515	0.01271	0.01164	0.01553	0.01602	0.00884	0.02090	0.01365	0.03073	0.01393	0.01747	0.01182	0.00917	0.00617	0.00283	0.00648	0.00511	0.00551	0.00925
1	0.01506	0.65097	0.16920	0.01139	0.01715	0.02157	0.01234	0.01790	0.01210	0.01482	0.00867	0.01005	0.00757	0.00517	0.00414	0.00138	0.00678	0.00339	0.00252	0.00781
2	0.01125	0.00795	0.00996	0.00984	0.01180	0.00811	0.00794	0.01687	0.17040	0.06958	0.26825	0.07969	0.03681	0.01267	0.00714	0.00221	0.00428	0.25258	0.00604	0.00660
3	0.00735	0.00621	0.00640	0.00635	0.00832	0.00536	0.00476	0.00945	0.03906	0.01676	0.10322	0.07405	0.66302	0.01464	0.00697	0.00200	0.00305	0.01228	0.00558	0.00518
4	0.01088	0.00921	0.00982	0.00925	0.01180	0.00972	0.00719	0.01970	0.35762	0.02073	0.08782	0.04030	0.31326	0.01160	0.00661	0.00204	0.00393	0.05559	0.00580	0.00712
5	0.01117	0.01051	0.01774	0.77795	0.04073	0.01314	0.01642	0.01511	0.01182	0.01511	0.01051	0.01577	0.00788	0.00591	0.00591	0.00197	0.00788	0.00526	0.00263	0.00657
6	0.05289	0.01056	0.01728	0.73890	0.03924	0.01315	0.01592	0.01523	0.01174	0.01569	0.01040	0.01545	0.00781	0.00589	0.00580	0.00196	0.00772	0.00515	0.00268	0.00656
7	0.01275	0.01266	0.01775	0.01527	0.01532	0.01766	0.01271	0.01408	0.00908	0.01421	0.00810	0.01337	0.00806	0.01178	0.05089	0.00288	0.74918	0.00522	0.00261	0.00642
8	0.01527	0.01298	0.01369	0.01215	0.01559	0.01497	0.00950	0.08241	0.69269	0.02565	0.02336	0.02149	0.01747	0.00796	0.00601	0.00199	0.00481	0.00659	0.00601	0.00941
9	0.00832	0.00760	0.04568	0.00753	0.00971	0.00610	0.00614	0.01121	0.03626	0.02036	0.40303	0.04586	0.32013	0.01252	0.00680	0.00189	0.00328	0.01073	0.00581	0.03104
10	0.01429	0.05502	0.41609	0.03767	0.02532	0.01366	0.20425	0.01974	0.01346	0.10992	0.02680	0.01490	0.00971	0.00577	0.00597	0.00188	0.00836	0.00534	0.00330	0.00854
11	0.00928	0.00709	0.00886	0.00944	0.01115	0.00699	0.00787	0.01305	0.08345	0.01861	0.11593	0.05764	0.20871	0.01476	0.00755	0.00239	0.00449	0.40142	0.00563	0.00572
