[name]
unknown

[dist]
# distance from previous block
# <min> <max>
24	693

[block]
# block no. 0 follows, 41 sequences, length 28
# corresponding to MSA columns:
# 711-738
name=unknown_A
#
# <colnr> <probs for GDERKNQSTAVLIFYWHMCP>
#	G	D	E	R	K	N	Q	S	T	A	V	L	I	F	Y	W	H	M	C	P
0	0.01322	0.01158	0.01763	0.66181	0.03643	0.01386	0.01537	0.12301	0.01422	0.01854	0.01149	0.01609	0.00870	0.00642	0.00605	0.00202	0.00766	0.00534	0.00329	0.00726
1	0.02288	0.01336	0.01547	0.01192	0.01634	0.01389	0.00983	0.45128	0.02241	0.31452	0.01715	0.01615	0.01154	0.00791	0.02626	0.00194	0.00599	0.00541	0.00617	0.00961
2	0.01314	0.01856	0.30137	0.01308	0.01826	0.01324	0.01347	0.08743	0.32687	0.02208	0.03379	0.02069	0.06026	0.00748	0.00579	0.00188	0.00607	0.02359	0.00448	0.00846
3	0.00763	0.00600	0.00790	0.00790	0.00926	0.00626	0.00608	0.00945	0.01066	0.01411	0.03159	0.03490	0.29928	0.03205	0.48260	0.00642	0.01058	0.00840	0.00392	0.00500
4	0.01141	0.01030	0.01689	0.02475	0.47514	0.01018	0.01288	0.01389	0.01223	0.01713	0.01868	0.31227	0.02004	0.00999	0.00629	0.00194	0.00547	0.00936	0.00378	0.00738
5	0.01212	0.49807	0.02107	0.00909	0.01224	0.01577	0.00808	0.01363	0.01137	0.01389	0.01695	0.30919	0.01898	0.00987	0.00506	0.00164	0.00505	0.00810	0.00354	0.00631
6	0.02071	0.01503	0.01606	0.01243	0.01671	0.01658	0.01023	0.67614	0.02551	0.03468	0.01419	0.01444	0.01019	0.00685	0.00556	0.00168	0.00596	0.00517	0.08258	0.00932
7	0.02137	0.02726	0.01621	0.01474	0.01768	0.77602	0.01105	0.02284	0.01621	0.01400	0.00884	0.01031	0.00737	0.00589	0.00516	0.00147	0.01031	0.00368	0.00295	0.00663
8	0.01207	0.00992	0.01102	0.00998	0.01253	0.01094	0.00770	0.04065	0.45373	0.02385	0.30433	0.02931	0.03120	0.00924	0.00617	0.00188	0.00387	0.00791	0.00600	0.00767
9	0.00748	0.00519	0.00648	0.00731	0.00751	0.00499	0.00461	0.00810	0.00995	0.01326	0.02637	0.50602	0.03133	0.31602	0.01563	0.00355	0.00417	0.01323	0.00461	0.00420
10	0.01314	0.01292	0.01969	0.02269	0.30061	0.01602	0.01444	0.01521	0.01039	0.01564	0.00875	0.01314	0.00810	0.00814	0.01377	0.00220	0.49016	0.00504	0.00263	0.00733
11	0.00843	0.00696	0.01065	0.30462	0.02017	0.00772	0.00935	0.01050	0.01114	0.01461	0.02337	0.49755	0.02630	0.01326	0.00670	0.00216	0.00496	0.01199	0.00425	0.00530
12	0.01563	0.01240	0.01389	0.01026	0.01515	0.01148	0.00834	0.29295	0.01760	0.02528	0.01153	0.01258	0.00895	0.00524	0.00480	0.00118	0.00502	0.00406	0.00428	0.51937
13	0.01202	0.00907	0.01005	0.00941	0.01128	0.00994	0.00691	0.02013	0.36652	0.05202	0.02189	0.03142	0.02002	0.31046	0.01490	0.00337	0.00500	0.07406	0.00493	0.00660
14	0.01027	0.02041	0.47810	0.01246	0.01769	0.01033	0.01439	0.01438	0.01064	0.01543	0.01323	0.02175	0.01242	0.30830	0.01447	0.00324	0.00734	0.00579	0.00282	0.00655
15	0.01183	0.01218	0.02349	0.49474	0.03577	0.01338	0.29322	0.01603	0.01222	0.01603	0.01070	0.01532	0.00803	0.00538	0.00611	0.00191	0.00840	0.00572	0.00268	0.00687
16	0.00826	0.00577	0.00737	0.00737	0.00776	0.00616	0.00487	0.00904	0.00865	0.01193	0.01699	0.03172	0.01832	0.51041	0.31429	0.00694	0.00928	0.00748	0.00331	0.00409
17	0.02174	0.01602	0.01717	0.01316	0.01774	0.01774	0.01087	0.74423	0.02689	0.03605	0.01373	0.01373	0.00973	0.00687	0.00572	0.00172	0.00629	0.00515	0.00572	0.00973
18	0.01317	0.31254	0.01877	0.00897	0.01398	0.01335	0.00793	0.01544	0.01177	0.01666	0.00932	0.01084	0.00804	0.00449	0.00402	0.00099	0.00495	0.00326	0.00303	0.51846
19	0.32537	0.00784	0.00794	0.00732	0.00951	0.00823	0.00570	0.01309	0.01373	0.02398	0.47315	0.02997	0.03574	0.00926	0.00552	0.00179	0.00336	0.00758	0.00524	0.00570
20	0.01208	0.01147	0.01947	0.49894	0.31568	0.01304	0.01652	0.01574	0.01204	0.01617	0.01039	0.01483	0.00817	0.00548	0.00570	0.00183	0.00731	0.00509	0.00265	0.00739
21	0.01483	0.01669	0.01679	0.49116	0.03111	0.30403	0.01404	0.01775	0.01326	0.01438	0.00966	0.01337	0.00753	0.00579	0.00550	0.00174	0.00865	0.00455	0.00270	0.00646
22	0.00780	0.00533	0.00639	0.00690	0.00702	0.00520	0.00417	0.00818	0.00932	0.01243	0.02318	0.32666	0.02730	0.50088	0.02079	0.00432	0.00470	0.01135	0.00417	0.00392
23	0.01610	0.01181	0.01315	0.01118	0.01413	0.01274	0.00875	0.46322	0.02081	0.02786	0.02052	0.31201	0.02045	0.01109	0.00632	0.00195	0.00516	0.00939	0.00556	0.00779
24	0.01212	0.49807	0.02107	0.00909	0.01224	0.01577	0.00808	0.01363	0.01137	0.01389	0.01695	0.30919	0.01898	0.00987	0.00506	0.00164	0.00505	0.00810	0.00354	0.00631
25	0.83938	0.01106	0.00841	0.00752	0.01106	0.01283	0.00619	0.01681	0.00973	0.02566	0.00796	0.00929	0.00619	0.00531	0.00354	0.00177	0.00442	0.00310	0.00354	0.00619
26	0.02417	0.01213	0.01476	0.01132	0.01580	0.01197	0.00935	0.30128	0.02039	0.48819	0.01919	0.01728	0.01247	0.00700	0.00574	0.00175	0.00541	0.00552	0.00656	0.00973
27	0.01896	0.00825	0.01113	0.00904	0.01229	0.00726	0.00726	0.02136	0.01630	0.48318	0.30412	0.02835	0.02935	0.00884	0.00613	0.00178	0.00404	0.00750	0.00678	0.00808

[dist]
# distance from previous block
# <min> <max>
17	26

[block]
# block no. 1 follows, 41 sequences, length 7
# corresponding to MSA columns:
# 766-772
name=unknown_B
#
# <colnr> <probs for GDERKNQSTAVLIFYWHMCP>
#	G	D	E	R	K	N	Q	S	T	A	V	L	I	F	Y	W	H	M	C	P
0	0.01312	0.01348	0.02604	0.33634	0.11468	0.01397	0.35867	0.01714	0.01300	0.01744	0.01156	0.01610	0.00892	0.00567	0.00648	0.00201	0.00868	0.00608	0.00297	0.00764
1	0.01444	0.01455	0.02547	0.01931	0.02406	0.01469	0.43556	0.02367	0.31578	0.02120	0.01700	0.01873	0.01289	0.00647	0.00664	0.00205	0.00773	0.00683	0.00432	0.00859
2	0.00963	0.01954	0.45797	0.01290	0.01804	0.00976	0.01467	0.01397	0.01162	0.01668	0.01894	0.33180	0.01973	0.01053	0.00620	0.00202	0.00636	0.00914	0.00360	0.00690
3	0.01209	0.00870	0.01263	0.01749	0.31556	0.00870	0.00953	0.01505	0.01242	0.02025	0.01543	0.01840	0.01237	0.00602	0.00468	0.00148	0.00435	0.00524	0.49275	0.00685
4	0.01567	0.02405	0.46227	0.01502	0.02189	0.01510	0.01694	0.31455	0.01813	0.02544	0.01168	0.01275	0.00826	0.00602	0.00555	0.00177	0.00757	0.00460	0.00377	0.00897
5	0.01687	0.01567	0.02698	0.01964	0.02493	0.01580	0.44383	0.31467	0.01897	0.02556	0.01245	0.01474	0.00911	0.00566	0.00633	0.00184	0.00828	0.00610	0.00405	0.00854
6	0.00697	0.00498	0.00664	0.00796	0.00830	0.00465	0.00531	0.00796	0.01095	0.01460	0.03153	0.79525	0.03783	0.01792	0.00730	0.00232	0.00332	0.01626	0.00531	0.00465

[dist]
# distance from previous block
# <min> <max>
0	5

[block]
# block no. 2 follows, 41 sequences, length 22
# corresponding to MSA columns:
# 778-799
name=unknown_C
#
# <colnr> <probs for GDERKNQSTAVLIFYWHMCP>
#	G	D	E	R	K	N	Q	S	T	A	V	L	I	F	Y	W	H	M	C	P
0	0.65270	0.01022	0.00869	0.00767	0.01099	0.01142	0.00625	0.01709	0.01109	0.09341	0.08948	0.01412	0.01224	0.00619	0.00410	0.00176	0.00423	0.00417	0.02775	0.00641
1	0.01343	0.01404	0.02663	0.02488	0.24753	0.01388	0.37075	0.01720	0.01267	0.01795	0.01074	0.01437	0.00864	0.00543	0.00752	0.00182	0.09544	0.00573	0.00288	0.08849
2	0.00880	0.00769	0.01209	0.01035	0.01268	0.00704	0.14234	0.01146	0.01418	0.01876	0.28608	0.05953	0.26668	0.01198	0.00692	0.00199	0.00441	0.10620	0.00519	0.00561
3	0.01414	0.56965	0.25266	0.01175	0.01772	0.01982	0.01320	0.01742	0.01176	0.01486	0.00865	0.01005	0.00731	0.00506	0.00420	0.00140	0.00682	0.00341	0.00244	0.00768
4	0.01228	0.02477	0.54462	0.02197	0.24720	0.01338	0.02006	0.01795	0.01236	0.01829	0.01041	0.01270	0.00779	0.00533	0.00550	0.00178	0.00795	0.00449	0.00254	0.00864
5	0.01175	0.01189	0.02240	0.52564	0.06582	0.01327	0.23481	0.01585	0.01212	0.01590	0.01061	0.01526	0.00800	0.00542	0.00603	0.00190	0.00820	0.00559	0.00266	0.00687
6	0.01631	0.01169	0.01304	0.01112	0.01431	0.01281	0.00874	0.24054	0.29735	0.10432	0.04137	0.08588	0.01754	0.04793	0.04801	0.00244	0.00556	0.00701	0.00564	0.00837
7	0.00958	0.24523	0.01378	0.00863	0.01038	0.01015	0.00683	0.01090	0.01125	0.01437	0.02437	0.52612	0.02843	0.01390	0.00623	0.00201	0.00425	0.04367	0.00445	0.00548
8	0.01457	0.02550	0.54280	0.01536	0.02264	0.01463	0.01804	0.23681	0.01654	0.02352	0.01131	0.01258	0.00799	0.00587	0.00552	0.00178	0.00780	0.00450	0.00341	0.00884
9	0.01374	0.01332	0.02179	0.03006	0.57530	0.01458	0.01629	0.01660	0.01195	0.01745	0.00994	0.01374	0.00867	0.00633	0.00896	0.00190	0.20320	0.00507	0.00275	0.00836
10	0.01340	0.01750	0.24076	0.01304	0.01785	0.01394	0.01269	0.02670	0.52982	0.02218	0.01936	0.01855	0.01438	0.00706	0.00570	0.00190	0.00571	0.00579	0.00479	0.00887
11	0.01598	0.01561	0.02876	0.02081	0.02623	0.01545	0.52216	0.23696	0.01753	0.02366	0.01222	0.01492	0.00899	0.00544	0.00644	0.00186	0.00863	0.00627	0.00375	0.00832
12	0.01237	0.01212	0.02497	0.01861	0.02234	0.01177	0.48157	0.01481	0.01143	0.01555	0.01086	0.01586	0.00900	0.00963	0.01209	0.25244	0.04965	0.00612	0.00275	0.00606
13	0.01153	0.01228	0.02558	0.01925	0.02339	0.01151	0.52048	0.01520	0.01273	0.01720	0.01758	0.25030	0.01746	0.00877	0.00692	0.00205	0.00774	0.00961	0.00362	0.00679
14	0.01232	0.01181	0.01582	0.01305	0.01458	0.01454	0.01079	0.01396	0.00969	0.01523	0.00831	0.01232	0.00780	0.00827	0.01439	0.00200	0.55230	0.00452	0.00277	0.25555
15	0.00887	0.00630	0.00773	0.00797	0.00972	0.00575	0.00650	0.01098	0.01375	0.05719	0.15443	0.05471	0.34632	0.01414	0.00712	0.00216	0.00384	0.27164	0.00554	0.00534
16	0.00806	0.00511	0.00711	0.00803	0.00835	0.00491	0.00555	0.00815	0.01009	0.01342	0.02491	0.49732	0.02900	0.01832	0.01189	0.25272	0.00398	0.07457	0.00445	0.00405
17	0.00948	0.00805	0.01170	0.01095	0.01166	0.01027	0.00877	0.01128	0.00906	0.01342	0.01297	0.01947	0.01225	0.03299	0.54815	0.00718	0.24820	0.00579	0.00290	0.00545
18	0.01350	0.01543	0.03375	0.02411	0.02989	0.01446	0.74253	0.01832	0.01350	0.01832	0.01157	0.01543	0.00868	0.00482	0.00675	0.00193	0.00964	0.00675	0.00289	0.00771
19	0.01314	0.01436	0.02780	0.02077	0.02444	0.01559	0.47469	0.01665	0.01176	0.01665	0.01008	0.01436	0.00825	0.00673	0.01116	0.00214	0.29541	0.00611	0.00275	0.00718
20	0.01445	0.02889	0.54251	0.01583	0.02263	0.24301	0.01810	0.01954	0.01332	0.01687	0.00984	0.01155	0.00728	0.00557	0.00535	0.00171	0.00901	0.00406	0.00258	0.00790
21	0.01344	0.01524	0.03268	0.02351	0.02892	0.01467	0.69456	0.01802	0.01319	0.01802	0.01130	0.01524	0.00860	0.00516	0.00754	0.00197	0.06082	0.00664	0.00287	0.00762

[dist]
# distance from previous block
# <min> <max>
0	2

[block]
# block no. 3 follows, 41 sequences, length 12
# corresponding to MSA columns:
# 802-813
name=unknown_D
#
# <colnr> <probs for GDERKNQSTAVLIFYWHMCP>
#	G	D	E	R	K	N	Q	S	T	A	V	L	I	F	Y	W	H	M	C	P
0	0.01341	0.01517	0.03233	0.02331	0.02859	0.01473	0.67856	0.01792	0.01309	0.01792	0.01122	0.01517	0.00858	0.00528	0.00780	0.00198	0.07789	0.00660	0.00286	0.00759
1	0.00751	0.00609	0.00671	0.00659	0.00834	0.00545	0.00492	0.01002	0.05134	0.01785	0.24434	0.09264	0.49063	0.01359	0.00674	0.00192	0.00295	0.01156	0.00560	0.00519
2	0.01086	0.01100	0.00922	0.00979	0.01083	0.21297	0.00686	0.01198	0.01237	0.01444	0.02540	0.58326	0.02960	0.01467	0.00672	0.00209	0.00521	0.01286	0.00467	0.00518
3	0.01555	0.01506	0.02630	0.01949	0.02389	0.01591	0.41148	0.21353	0.01625	0.02228	0.01141	0.01444	0.00875	0.00632	0.00867	0.00198	0.15112	0.00600	0.00359	0.00799
4	0.01295	0.01925	0.23241	0.02200	0.02851	0.01415	0.54770	0.01827	0.01312	0.01827	0.01122	0.01452	0.00829	0.00499	0.00639	0.00190	0.00932	0.00607	0.00276	0.00791
5	0.01345	0.01528	0.03293	0.02365	0.02914	0.01462	0.70538	0.01809	0.01326	0.01809	0.01137	0.01528	0.00862	0.00509	0.00736	0.00196	0.04928	0.00666	0.00287	0.00764
6	0.00876	0.00790	0.01050	0.01371	0.21178	0.00719	0.00791	0.01073	0.01303	0.01633	0.04520	0.04400	0.55791	0.01195	0.00646	0.00187	0.00395	0.01019	0.00464	0.00597
7	0.01368	0.01493	0.03091	0.02708	0.22796	0.01423	0.54674	0.01811	0.01337	0.01842	0.01135	0.01509	0.00878	0.00490	0.00646	0.00187	0.00887	0.00630	0.00288	0.00808
8	0.09220	0.63533	0.06437	0.00993	0.01485	0.02027	0.00994	0.01789	0.01180	0.06664	0.00908	0.01004	0.00770	0.00511	0.00389	0.00134	0.00599	0.00331	0.00286	0.00746
9	0.01463	0.01094	0.01357	0.21958	0.02029	0.01228	0.01023	0.31117	0.01776	0.02444	0.01643	0.14153	0.01449	0.00831	0.00570	0.00180	0.00559	0.00695	0.13703	0.00729
10	0.00928	0.00721	0.00794	0.00766	0.00953	0.00688	0.00571	0.12705	0.01477	0.01878	0.06647	0.26271	0.40642	0.01416	0.00675	0.00201	0.00356	0.01211	0.00541	0.00559
11	0.00945	0.00588	0.00714	0.09496	0.01055	0.00612	0.00542	0.01126	0.01077	0.01671	0.01960	0.14992	0.01926	0.22235	0.01151	0.00270	0.00411	0.00787	0.37960	0.00483

[dist]
# distance from previous block
# <min> <max>
12	26

[block]
# block no. 4 follows, 41 sequences, length 8
# corresponding to MSA columns:
# 841-848
name=unknown_E
#
# <colnr> <probs for GDERKNQSTAVLIFYWHMCP>
#	G	D	E	R	K	N	Q	S	T	A	V	L	I	F	Y	W	H	M	C	P
0	0.01381	0.01411	0.02501	0.01888	0.02359	0.01437	0.43468	0.02339	0.32387	0.02067	0.01649	0.01791	0.01236	0.00605	0.00636	0.00193	0.00750	0.00663	0.00412	0.00828
1	0.00697	0.00498	0.00664	0.00796	0.00830	0.00465	0.00531	0.00796	0.01095	0.01460	0.03153	0.79525	0.03783	0.01792	0.00730	0.00232	0.00332	0.01626	0.00531	0.00465
2	0.01378	0.01466	0.02933	0.02873	0.33772	0.01410	0.43824	0.01800	0.01330	0.01848	0.01123	0.01490	0.00884	0.00494	0.00629	0.00183	0.00845	0.00606	0.00287	0.00828
3	0.01539	0.01262	0.01716	0.46118	0.03031	0.01482	0.01378	0.32084	0.01792	0.02361	0.01166	0.01461	0.00851	0.00620	0.00572	0.00183	0.00707	0.00511	0.00388	0.00777
4	0.01002	0.00805	0.00928	0.00951	0.01106	0.00867	0.00688	0.01738	0.32239	0.01852	0.02807	0.47043	0.02928	0.01366	0.00668	0.00216	0.00383	0.01215	0.00552	0.00650
5	0.01084	0.00826	0.01221	0.41623	0.02434	0.00987	0.01071	0.01403	0.01153	0.01738	0.01359	0.01765	0.01057	0.00635	0.00570	0.00170	0.04778	0.00518	0.35014	0.00592
6	0.00685	0.00545	0.00615	0.00671	0.00797	0.00475	0.00475	0.00811	0.01216	0.01509	0.04686	0.36572	0.45746	0.01593	0.00699	0.00210	0.00307	0.01383	0.00531	0.00475
7	0.01425	0.34574	0.03217	0.01810	0.02351	0.01789	0.43498	0.01782	0.01271	0.01628	0.01005	0.01280	0.00812	0.00485	0.00546	0.00163	0.00816	0.00520	0.00271	0.00756

[dist]
# distance from previous block
# <min> <max>
0	1

[block]
# block no. 5 follows, 41 sequences, length 14
# corresponding to MSA columns:
# 850-863
name=unknown_F
#
# <colnr> <probs for GDERKNQSTAVLIFYWHMCP>
#	G	D	E	R	K	N	Q	S	T	A	V	L	I	F	Y	W	H	M	C	P
0	0.01186	0.01017	0.01186	0.00847	0.01356	0.00762	0.00678	0.01440	0.01186	0.01864	0.01017	0.01186	0.00847	0.00424	0.00424	0.00085	0.00424	0.00339	0.00339	0.83395
1	0.02206	0.01551	0.01685	0.01292	0.01748	0.01697	0.01067	0.68552	0.02603	0.09597	0.01446	0.01420	0.01009	0.00688	0.00572	0.00172	0.00618	0.00520	0.00583	0.00973
2	0.01792	0.01323	0.01492	0.01204	0.01562	0.01475	0.00982	0.53735	0.02190	0.02963	0.01418	0.01620	0.01102	0.01702	0.22291	0.00382	0.00884	0.00543	0.00497	0.00843
3	0.01186	0.01017	0.01186	0.00847	0.01356	0.00762	0.00678	0.01440	0.01186	0.01864	0.01017	0.01186	0.00847	0.00424	0.00424	0.00085	0.00424	0.00339	0.00339	0.83395
4	0.01575	0.01004	0.01226	0.00895	0.01385	0.00785	0.00724	0.01820	0.01313	0.22964	0.01366	0.01401	0.01007	0.00504	0.00466	0.00111	0.00441	0.00405	0.00443	0.60164
5	0.01575	0.01004	0.01226	0.00895	0.01385	0.00785	0.00724	0.01820	0.01313	0.22964	0.01366	0.01401	0.01007	0.00504	0.00466	0.00111	0.00441	0.00405	0.00443	0.60164
6	0.01662	0.01740	0.01333	0.01222	0.01475	0.34375	0.00919	0.14679	0.09495	0.01912	0.01763	0.23332	0.01744	0.00965	0.00593	0.00181	0.00702	0.00778	0.00441	0.00688
7	0.01090	0.01063	0.01457	0.01248	0.01343	0.01344	0.03588	0.01239	0.01026	0.01460	0.02197	0.02458	0.21995	0.01086	0.01438	0.00226	0.50821	0.00699	0.00334	0.03889
8	0.01421	0.01071	0.01234	0.00957	0.01405	0.00958	0.00762	0.02055	0.22129	0.11132	0.01537	0.01546	0.01170	0.00558	0.00487	0.00127	0.00439	0.00454	0.00452	0.50106
9	0.02158	0.02083	0.01676	0.01383	0.01771	0.34200	0.01095	0.43574	0.02232	0.02662	0.01164	0.01227	0.00872	0.00645	0.00548	0.00161	0.00801	0.00452	0.00454	0.00840
10	0.25192	0.02270	0.01401	0.01270	0.01582	0.56091	0.00968	0.02114	0.01438	0.01729	0.00859	0.01003	0.00704	0.00573	0.00470	0.00156	0.00865	0.00352	0.00311	0.00651
11	0.01179	0.01039	0.01468	0.01288	0.01288	0.01398	0.01039	0.01199	0.00839	0.01269	0.00819	0.01389	0.00819	0.01279	0.01978	0.23674	0.56767	0.00499	0.00250	0.00519
12	0.00702	0.00502	0.00669	0.00793	0.00831	0.00468	0.00531	0.00810	0.01121	0.01501	0.06689	0.75873	0.03861	0.01762	0.00727	0.00230	0.00329	0.01597	0.00536	0.00468
13	0.00826	0.00563	0.00664	0.00651	0.00689	0.00550	0.00401	0.00902	0.01054	0.01443	0.22723	0.03892	0.03015	0.57708	0.02281	0.00449	0.00474	0.00889	0.00426	0.00401

[dist]
# distance from previous block
# <min> <max>
15	23

[block]
# block no. 6 follows, 41 sequences, length 7
# corresponding to MSA columns:
# 887-893
name=unknown_G
#
# <colnr> <probs for GDERKNQSTAVLIFYWHMCP>
#	G	D	E	R	K	N	Q	S	T	A	V	L	I	F	Y	W	H	M	C	P
0	0.02141	0.01060	0.01498	0.01142	0.01593	0.00950	0.07752	0.02541	0.09466	0.51479	0.01992	0.01825	0.01322	0.00655	0.00565	0.00168	0.00520	0.00560	0.00605	0.12167
1	0.02129	0.01526	0.01658	0.01267	0.01727	0.01651	0.01045	0.65293	0.02526	0.07689	0.01400	0.01393	0.00990	0.00670	0.00562	0.00166	0.00607	0.00506	0.00564	0.06633
2	0.01649	0.01238	0.01480	0.01094	0.01582	0.01148	0.04173	0.26680	0.01749	0.08741	0.01250	0.01331	0.00939	0.00541	0.00499	0.00127	0.00524	0.00435	0.00448	0.44372
3	0.01794	0.01329	0.01462	0.01147	0.01534	0.01422	0.00934	0.52643	0.02342	0.03186	0.18556	0.02029	0.01984	0.00780	0.00586	0.00168	0.00533	0.00623	0.00570	0.06379
4	0.01297	0.01459	0.03156	0.02280	0.02815	0.01367	0.68299	0.01749	0.01329	0.01802	0.01318	0.07841	0.01103	0.00588	0.00679	0.00196	0.00913	0.00752	0.00309	0.00747
5	0.00828	0.00570	0.00703	0.00703	0.00730	0.00597	0.00445	0.00882	0.00855	0.01167	0.01730	0.03344	0.01906	0.59720	0.22852	0.00652	0.00815	0.00773	0.00336	0.00390
6	0.01317	0.01438	0.02939	0.02099	0.02664	0.01310	0.59587	0.01754	0.01317	0.01839	0.01129	0.01472	0.00864	0.00470	0.00625	0.00171	0.00857	0.00608	0.00299	0.17240

[dist]
# distance from previous block
# <min> <max>
15	19

[block]
# block no. 7 follows, 41 sequences, length 9
# corresponding to MSA columns:
# 918-926
name=unknown_H
#
# <colnr> <probs for GDERKNQSTAVLIFYWHMCP>
#	G	D	E	R	K	N	Q	S	T	A	V	L	I	F	Y	W	H	M	C	P
0	0.01294	0.01041	0.01217	0.00876	0.01379	0.00812	0.00704	0.04832	0.01275	0.05359	0.01089	0.01229	0.00879	0.00449	0.00437	0.00093	0.00436	0.00358	0.00366	0.75873
1	0.05608	0.01678	0.01613	0.26597	0.02426	0.23211	0.01220	0.20726	0.07671	0.02126	0.01167	0.01366	0.00882	0.00621	0.00546	0.00173	0.00765	0.00472	0.00379	0.00752
2	0.01016	0.00633	0.00849	0.00838	0.00993	0.00589	0.00657	0.01255	0.01480	0.10420	0.41185	0.15111	0.04252	0.01297	0.00697	0.00206	0.00360	0.16984	0.00602	0.00575
3	0.07397	0.01112	0.01361	0.01066	0.01494	0.01081	0.00875	0.14962	0.08556	0.52851	0.02023	0.01804	0.01322	0.00700	0.00562	0.00178	0.00505	0.00555	0.00651	0.00945
4	0.00697	0.00498	0.00664	0.00796	0.00830	0.00465	0.00531	0.00796	0.01095	0.01460	0.03153	0.79525	0.03783	0.01792	0.00730	0.00232	0.00332	0.01626	0.00531	0.00465
5	0.01551	0.01186	0.01316	0.01072	0.01480	0.01209	0.00852	0.11349	0.36642	0.09374	0.01801	0.01731	0.01343	0.00650	0.00532	0.00156	0.00469	0.00529	0.00518	0.26241
6	0.01323	0.00932	0.00929	0.08298	0.01276	0.08026	0.00695	0.01817	0.13901	0.06720	0.01795	0.01959	0.01374	0.00671	0.00469	0.00153	0.00432	0.00537	0.48044	0.00646
7	0.01124	0.01138	0.01175	0.01128	0.01290	0.18576	0.07642	0.01297	0.01295	0.01556	0.06683	0.41949	0.02842	0.01330	0.00678	0.00209	0.00571	0.08508	0.00458	0.00551
8	0.42170	0.01237	0.01551	0.01202	0.01635	0.01294	0.15919	0.10854	0.01356	0.11397	0.01130	0.01248	0.00823	0.00555	0.00478	0.00174	0.00578	0.00444	0.00409	0.05544

[dist]
# distance from previous block
# <min> <max>
2	20

[block]
# block no. 8 follows, 41 sequences, length 9
# corresponding to MSA columns:
# 951-959
name=unknown_I
#
# <colnr> <probs for GDERKNQSTAVLIFYWHMCP>
#	G	D	E	R	K	N	Q	S	T	A	V	L	I	F	Y	W	H	M	C	P
0	0.00810	0.00585	0.00765	0.00720	0.00855	0.00540	0.00540	0.01079	0.01619	0.02294	0.76028	0.04273	0.05397	0.01169	0.00675	0.00180	0.00270	0.01034	0.00630	0.00540
1	0.01579	0.01171	0.01289	0.01114	0.01472	0.01276	0.00876	0.02863	0.57528	0.13840	0.02204	0.02024	0.01618	0.00735	0.00567	0.00182	0.00455	0.00609	0.00581	0.08017
2	0.00726	0.00592	0.00648	0.00665	0.00843	0.00515	0.00519	0.00899	0.01333	0.01635	0.11413	0.05545	0.58755	0.01445	0.00694	0.00203	0.00325	0.12212	0.00539	0.00495
3	0.01350	0.01543	0.03375	0.02411	0.02989	0.01446	0.74253	0.01832	0.01350	0.01832	0.01157	0.01543	0.00868	0.00482	0.00675	0.00193	0.00964	0.00675	0.00289	0.00771
4	0.00820	0.00591	0.00783	0.00776	0.00904	0.00553	0.00598	0.01078	0.01539	0.02151	0.60157	0.09343	0.04970	0.01272	0.00696	0.00196	0.00313	0.12118	0.00608	0.00533
5	0.01350	0.01543	0.03375	0.02411	0.02989	0.01446	0.74253	0.01832	0.01350	0.01832	0.01157	0.01543	0.00868	0.00482	0.00675	0.00193	0.00964	0.00675	0.00289	0.00771
6	0.01184	0.10384	0.69830	0.01568	0.02379	0.01418	0.02004	0.01802	0.01203	0.01767	0.01004	0.01180	0.00725	0.00538	0.00526	0.00175	0.00823	0.00411	0.00242	0.00835
7	0.01359	0.01035	0.01208	0.00909	0.01346	0.00888	0.00728	0.12746	0.01515	0.06599	0.13232	0.01757	0.01633	0.00601	0.00496	0.00119	0.00434	0.00492	0.00443	0.52459
8	0.17140	0.01164	0.13156	0.00929	0.01270	0.00908	0.00863	0.05732	0.01478	0.06668	0.38324	0.02728	0.03084	0.00866	0.00572	0.00176	0.00435	0.00716	0.00506	0.03287

[dist]
# distance from previous block
# <min> <max>
8	40

[block]
# block no. 9 follows, 41 sequences, length 6
# corresponding to MSA columns:
# 1001-1006
name=unknown_J
#
# <colnr> <probs for GDERKNQSTAVLIFYWHMCP>
#	G	D	E	R	K	N	Q	S	T	A	V	L	I	F	Y	W	H	M	C	P
0	0.08908	0.01930	0.01559	0.01295	0.01678	0.31709	0.01026	0.30980	0.01995	0.11683	0.01241	0.01272	0.00905	0.00638	0.00532	0.00163	0.00756	0.00447	0.00461	0.00821
1	0.00739	0.00523	0.00687	0.00777	0.00812	0.00514	0.00517	0.00831	0.01021	0.01373	0.02681	0.54775	0.03151	0.17765	0.10673	0.00382	0.00525	0.01342	0.00466	0.00447
2	0.00826	0.00596	0.00807	0.00922	0.01024	0.00577	0.00742	0.01028	0.01258	0.01652	0.07456	0.31077	0.07328	0.01621	0.00757	0.00244	0.00433	0.40612	0.00534	0.00504
3	0.02307	0.01220	0.01460	0.01138	0.01573	0.01229	0.00934	0.27814	0.09909	0.43230	0.01956	0.01767	0.01297	0.00708	0.00575	0.00177	0.00533	0.00562	0.00647	0.00966
4	0.01639	0.01231	0.01352	0.01125	0.01512	0.01316	0.00894	0.14730	0.43668	0.10714	0.01960	0.01841	0.01443	0.00700	0.00555	0.00172	0.00482	0.00570	0.00557	0.13541
5	0.00913	0.00701	0.00866	0.00800	0.00993	0.00621	0.00578	0.01060	0.01057	0.01509	0.01961	0.23723	0.02149	0.20001	0.09401	0.00336	0.00554	0.05048	0.00401	0.27328

[dist]
# distance from previous block
# <min> <max>
26	91

[block]
# block no. 10 follows, 41 sequences, length 9
# corresponding to MSA columns:
# 1112-1120
name=unknown_K
#
# <colnr> <probs for GDERKNQSTAVLIFYWHMCP>
#	G	D	E	R	K	N	Q	S	T	A	V	L	I	F	Y	W	H	M	C	P
0	0.01319	0.01309	0.01667	0.01400	0.01563	0.09096	0.06816	0.05789	0.01130	0.01579	0.00996	0.01434	0.00902	0.01446	0.15122	0.00338	0.39750	0.00509	0.00294	0.07542
1	0.15988	0.00808	0.01015	0.00955	0.01126	0.00948	0.00758	0.01385	0.05389	0.05743	0.01425	0.01908	0.01248	0.02948	0.48933	0.00649	0.07287	0.00549	0.00349	0.00588
2	0.05630	0.01089	0.01223	0.01033	0.01399	0.01128	0.00817	0.02427	0.38360	0.13562	0.01893	0.01848	0.01419	0.00953	0.06587	0.00224	0.00536	0.00549	0.00515	0.18808
3	0.01679	0.01164	0.01318	0.01075	0.01480	0.01183	0.00857	0.09798	0.35341	0.17743	0.01909	0.01796	0.01389	0.00670	0.00542	0.00163	0.00471	0.00546	0.00550	0.20330
4	0.02174	0.01602	0.01717	0.01316	0.01774	0.01774	0.01087	0.74423	0.02689	0.03605	0.01373	0.01373	0.00973	0.00687	0.00572	0.00172	0.00629	0.00515	0.00572	0.00973
5	0.02416	0.01061	0.01363	0.01062	0.01494	0.00991	0.00872	0.10024	0.08891	0.62152	0.02175	0.01907	0.01403	0.00712	0.00576	0.00178	0.00498	0.00576	0.00682	0.00967
6	0.00697	0.00498	0.00664	0.00796	0.00830	0.00465	0.00531	0.00796	0.01095	0.01460	0.03153	0.79525	0.03783	0.01792	0.00730	0.00232	0.00332	0.01626	0.00531	0.00465
7	0.01350	0.01543	0.03375	0.02411	0.02989	0.01446	0.74253	0.01832	0.01350	0.01832	0.01157	0.01543	0.00868	0.00482	0.00675	0.00193	0.00964	0.00675	0.00289	0.00771
8	0.01350	0.01543	0.03375	0.02411	0.02989	0.01446	0.74253	0.01832	0.01350	0.01832	0.01157	0.01543	0.00868	0.00482	0.00675	0.00193	0.00964	0.00675	0.00289	0.00771

[dist]
# distance from previous block
# <min> <max>
0	1

[block]
# block no. 11 follows, 41 sequences, length 11
# corresponding to MSA columns:
# 1122-1132
name=unknown_L
#
# <colnr> <probs for GDERKNQSTAVLIFYWHMCP>
#	G	D	E	R	K	N	Q	S	T	A	V	L	I	F	Y	W	H	M	C	P
0	0.00697	0.00498	0.00664	0.00796	0.00830	0.00465	0.00531	0.00796	0.01095	0.01460	0.03153	0.79525	0.03783	0.01792	0.00730	0.00232	0.00332	0.01626	0.00531	0.00465
1	0.00697	0.00498	0.00664	0.00796	0.00830	0.00465	0.00531	0.00796	0.01095	0.01460	0.03153	0.79525	0.03783	0.01792	0.00730	0.00232	0.00332	0.01626	0.00531	0.00465
2	0.02174	0.01602	0.01717	0.01316	0.01774	0.01774	0.01087	0.74423	0.02689	0.03605	0.01373	0.01373	0.00973	0.00687	0.00572	0.00172	0.00629	0.00515	0.00572	0.00973
3	0.01186	0.01017	0.01186	0.00847	0.01356	0.00762	0.00678	0.01440	0.01186	0.01864	0.01017	0.01186	0.00847	0.00424	0.00424	0.00085	0.00424	0.00339	0.00339	0.83395
4	0.01423	0.01229	0.01293	0.01164	0.01487	0.01423	0.00905	0.03039	0.75297	0.02393	0.02328	0.02134	0.01746	0.00776	0.00582	0.00194	0.00453	0.00647	0.00582	0.00905
5	0.01186	0.01017	0.01186	0.00847	0.01356	0.00762	0.00678	0.01440	0.01186	0.01864	0.01017	0.01186	0.00847	0.00424	0.00424	0.00085	0.00424	0.00339	0.00339	0.83395
6	0.06273	0.00948	0.01138	0.00884	0.01271	0.00794	0.03326	0.03713	0.01179	0.01834	0.01367	0.11178	0.01332	0.08980	0.00733	0.00165	0.00454	0.00567	0.00370	0.53494
7	0.01463	0.63255	0.14442	0.01092	0.01627	0.02065	0.01151	0.01811	0.05780	0.01484	0.00927	0.01039	0.00795	0.00516	0.00408	0.00136	0.00638	0.00345	0.00265	0.00762
8	0.00843	0.00604	0.00879	0.00879	0.00984	0.00696	0.00682	0.01054	0.00949	0.01413	0.01567	0.02235	0.01434	0.03908	0.69499	0.00836	0.01399	0.00604	0.09022	0.00513
9	0.01489	0.01189	0.01430	0.18897	0.02070	0.01348	0.01064	0.09874	0.41774	0.07494	0.01855	0.01853	0.01371	0.00697	0.00570	0.00184	0.00543	0.00580	0.00502	0.05216
10	0.01104	0.01017	0.01594	0.60706	0.03347	0.01154	0.01380	0.01457	0.01153	0.01554	0.01017	0.01447	0.00782	0.00538	0.00538	0.00166	0.00685	0.00469	0.00274	0.19618

[dist]
# distance from previous block
# <min> <max>
0	1

[block]
# block no. 12 follows, 41 sequences, length 35
# corresponding to MSA columns:
# 1134-1168
name=unknown_M
#
# <colnr> <probs for GDERKNQSTAVLIFYWHMCP>
#	G	D	E	R	K	N	Q	S	T	A	V	L	I	F	Y	W	H	M	C	P
0	0.01261	0.01279	0.01944	0.01591	0.01698	0.01657	0.11221	0.01442	0.00957	0.01465	0.00821	0.01288	0.00772	0.00899	0.01635	0.00234	0.64002	0.00516	0.00260	0.05057
1	0.01336	0.01500	0.03174	0.02280	0.02825	0.01426	0.66547	0.01788	0.01317	0.01810	0.01129	0.01509	0.00861	0.00506	0.00724	0.00190	0.04974	0.00648	0.00290	0.05167
2	0.01328	0.01476	0.03004	0.02203	0.02649	0.01516	0.57570	0.01728	0.01242	0.01728	0.01064	0.01476	0.00841	0.00601	0.00950	0.00206	0.18764	0.00635	0.00280	0.00738
3	0.00803	0.00580	0.00759	0.00724	0.00853	0.00536	0.00539	0.01064	0.01590	0.02248	0.72006	0.08426	0.05308	0.01204	0.00678	0.00183	0.00273	0.01067	0.00624	0.00536
4	0.01245	0.01070	0.01213	0.00927	0.01389	0.00928	0.00735	0.01841	0.19767	0.01996	0.01345	0.01424	0.01073	0.00512	0.00463	0.00112	0.00431	0.00416	0.00400	0.62713
5	0.01239	0.01207	0.01644	0.01377	0.01474	0.01564	0.01142	0.01389	0.00935	0.01469	0.00801	0.01239	0.00769	0.00891	0.01601	0.00219	0.63928	0.00470	0.00267	0.16375
6	0.00857	0.00710	0.00758	0.00748	0.00946	0.00687	0.00575	0.01286	0.15353	0.01697	0.04550	0.04856	0.48611	0.06551	0.00820	0.00225	0.00366	0.09316	0.00528	0.00559
7	0.00697	0.00498	0.00664	0.00796	0.00830	0.00465	0.00531	0.00796	0.01095	0.01460	0.03153	0.79525	0.03783	0.01792	0.00730	0.00232	0.00332	0.01626	0.00531	0.00465
8	0.01350	0.01543	0.03375	0.02411	0.02989	0.01446	0.74253	0.01832	0.01350	0.01832	0.01157	0.01543	0.00868	0.00482	0.00675	0.00193	0.00964	0.00675	0.00289	0.00771
9	0.83938	0.01106	0.00841	0.00752	0.01106	0.01283	0.00619	0.01681	0.00973	0.02566	0.00796	0.00929	0.00619	0.00531	0.00354	0.00177	0.00442	0.00310	0.00354	0.00619
10	0.00697	0.00498	0.00664	0.00796	0.00830	0.00465	0.00531	0.00796	0.01095	0.01460	0.03153	0.79525	0.03783	0.01792	0.00730	0.00232	0.00332	0.01626	0.00531	0.00465
11	0.00697	0.00498	0.00664	0.00796	0.00830	0.00465	0.00531	0.00796	0.01095	0.01460	0.03153	0.79525	0.03783	0.01792	0.00730	0.00232	0.00332	0.01626	0.00531	0.00465
12	0.02174	0.01602	0.01717	0.01316	0.01774	0.01774	0.01087	0.74423	0.02689	0.03605	0.01373	0.01373	0.00973	0.00687	0.00572	0.00172	0.00629	0.00515	0.00572	0.00973
13	0.01186	0.01017	0.01186	0.00847	0.01356	0.00762	0.00678	0.01440	0.01186	0.01864	0.01017	0.01186	0.00847	0.00424	0.00424	0.00085	0.00424	0.00339	0.00339	0.83395
14	0.01080	0.01017	0.01716	0.78523	0.03940	0.01271	0.01589	0.01461	0.01144	0.01461	0.01017	0.01525	0.00762	0.00572	0.00572	0.00191	0.00762	0.00508	0.00254	0.00635
15	0.01251	0.01251	0.01752	0.01502	0.01502	0.01752	0.01251	0.01377	0.00876	0.01377	0.00751	0.01251	0.00751	0.01001	0.01877	0.00250	0.78851	0.00501	0.00250	0.00626
16	0.02174	0.01602	0.01717	0.01316	0.01774	0.01774	0.01087	0.74423	0.02689	0.03605	0.01373	0.01373	0.00973	0.00687	0.00572	0.00172	0.00629	0.00515	0.00572	0.00973
17	0.00697	0.00498	0.00664	0.00796	0.00830	0.00465	0.00531	0.00796	0.01095	0.01460	0.03153	0.79525	0.03783	0.01792	0.00730	0.00232	0.00332	0.01626	0.00531	0.00465
18	0.01514	0.01253	0.01329	0.01173	0.01510	0.01436	0.00919	0.08874	0.67409	0.04456	0.02248	0.02067	0.01674	0.00767	0.00581	0.00192	0.00468	0.00634	0.00585	0.00913
19	0.83938	0.01106	0.00841	0.00752	0.01106	0.01283	0.00619	0.01681	0.00973	0.02566	0.00796	0.00929	0.00619	0.00531	0.00354	0.00177	0.00442	0.00310	0.00354	0.00619
20	0.01257	0.01269	0.01850	0.01557	0.01592	0.01734	0.05663	0.01404	0.00905	0.01404	0.00775	0.01269	0.00758	0.00970	0.01804	0.00247	0.74144	0.00511	0.00253	0.00635
21	0.07577	0.01396	0.01524	0.01200	0.01629	0.01513	0.00983	0.45738	0.12768	0.17276	0.01640	0.01562	0.01144	0.00693	0.00560	0.00176	0.00565	0.00532	0.00585	0.00940
22	0.01529	0.80242	0.02997	0.00979	0.01468	0.02263	0.00979	0.01713	0.01162	0.01346	0.00795	0.00918	0.00734	0.00489	0.00367	0.00122	0.00612	0.00306	0.00245	0.00734
23	0.00859	0.00675	0.00760	0.00700	0.00941	0.00562	0.00539	0.01041	0.01302	0.04005	0.09659	0.09463	0.44664	0.01241	0.00636	0.00178	0.00338	0.05650	0.00507	0.16281
24	0.01080	0.01017	0.01716	0.78523	0.03940	0.01271	0.01589	0.01461	0.01144	0.01461	0.01017	0.01525	0.00762	0.00572	0.00572	0.00191	0.00762	0.00508	0.00254	0.00635
25	0.00710	0.00507	0.00679	0.00812	0.00851	0.00476	0.00555	0.00820	0.01109	0.01475	0.03145	0.75109	0.03753	0.01779	0.00734	0.00234	0.00344	0.05908	0.00531	0.00468
26	0.01186	0.01017	0.01186	0.00847	0.01356	0.00762	0.00678	0.01440	0.01186	0.01864	0.01017	0.01186	0.00847	0.00424	0.00424	0.00085	0.00424	0.00339	0.00339	0.83395
27	0.01202	0.01066	0.01392	0.00994	0.01509	0.00827	0.07594	0.01477	0.01202	0.01861	0.01030	0.01220	0.00849	0.00429	0.00447	0.00095	0.00474	0.00370	0.00334	0.75628
28	0.02228	0.01106	0.01714	0.01297	0.01754	0.01011	0.14816	0.02629	0.08496	0.55499	0.02054	0.01888	0.01343	0.00671	0.00595	0.00182	0.00574	0.00601	0.00616	0.00929
29	0.01244	0.22481	0.58257	0.01466	0.02221	0.01565	0.01827	0.01787	0.01196	0.01694	0.00968	0.01134	0.00727	0.00530	0.00499	0.00166	0.00786	0.00393	0.00242	0.00817
30	0.00796	0.00542	0.00643	0.00673	0.00691	0.00531	0.00406	0.00839	0.00950	0.01276	0.07076	0.22778	0.02727	0.55082	0.02216	0.00449	0.00480	0.01044	0.00412	0.00389
31	0.02476	0.00956	0.01305	0.01020	0.01445	0.00831	0.00845	0.02699	0.01619	0.72586	0.02299	0.02196	0.01519	0.00756	0.00587	0.00182	0.00489	0.04544	0.00698	0.00949
32	0.01581	0.01435	0.02985	0.02146	0.02698	0.01331	0.60284	0.02014	0.01405	0.16083	0.01366	0.01620	0.00972	0.00525	0.00656	0.00190	0.00873	0.00656	0.00369	0.00810
33	0.00695	0.00503	0.00658	0.00782	0.00826	0.00466	0.00525	0.00798	0.01109	0.01466	0.03328	0.74604	0.08591	0.01769	0.00726	0.00230	0.00329	0.01598	0.00531	0.00466
34	0.00704	0.00557	0.00635	0.00677	0.00812	0.00488	0.00491	0.00850	0.01270	0.01598	0.11906	0.28890	0.43813	0.01534	0.00697	0.00206	0.00308	0.03540	0.00541	0.00484

[dist]
# distance from previous block
# <min> <max>
2	28

[block]
# block no. 13 follows, 41 sequences, length 10
# corresponding to MSA columns:
# 1197-1206
name=unknown_N
#
# <colnr> <probs for GDERKNQSTAVLIFYWHMCP>
#	G	D	E	R	K	N	Q	S	T	A	V	L	I	F	Y	W	H	M	C	P
0	0.01093	0.01048	0.01835	0.68843	0.03747	0.01260	0.08322	0.01474	0.01161	0.01496	0.01101	0.04127	0.00873	0.00604	0.00587	0.00192	0.00767	0.00561	0.00267	0.00642
1	0.01550	0.01483	0.02447	0.01934	0.02185	0.01691	0.27889	0.01750	0.01222	0.05040	0.01183	0.01676	0.01024	0.00924	0.01427	0.00262	0.44520	0.00634	0.00358	0.00802
2	0.01056	0.00757	0.00978	0.01097	0.01209	0.00714	0.00862	0.01195	0.01361	0.01810	0.03216	0.33176	0.03588	0.01762	0.00849	0.00287	0.00526	0.44346	0.00593	0.00616
3	0.12765	0.02209	0.01682	0.01449	0.01820	0.38538	0.01113	0.27901	0.02032	0.02531	0.01260	0.01435	0.01008	0.00755	0.00605	0.00199	0.00867	0.00484	0.00473	0.00874
4	0.01508	0.01530	0.02811	0.02080	0.02578	0.01445	0.48424	0.01829	0.01385	0.01971	0.01285	0.01715	0.01048	0.00674	0.00851	0.00216	0.10141	0.00647	0.00367	0.17495
5	0.81388	0.01248	0.00994	0.00899	0.01263	0.01389	0.00712	0.01817	0.01110	0.02728	0.01013	0.01228	0.00825	0.00671	0.00449	0.00215	0.00515	0.00383	0.00424	0.00728
6	0.01623	0.56970	0.22956	0.01293	0.01883	0.02085	0.01365	0.01873	0.01305	0.01673	0.01074	0.01295	0.00934	0.00645	0.00509	0.00178	0.00742	0.00410	0.00318	0.00869
7	0.13933	0.01247	0.01429	0.01155	0.01588	0.01190	0.00917	0.11769	0.08714	0.40611	0.01997	0.01942	0.01405	0.00794	0.00618	0.00207	0.00561	0.00579	0.00653	0.08691
8	0.54327	0.01055	0.00942	0.00910	0.01174	0.01127	0.00684	0.01544	0.01178	0.02414	0.05726	0.22709	0.01942	0.01047	0.00569	0.00230	0.00476	0.00778	0.00487	0.00682
9	0.05813	0.02166	0.22162	0.01530	0.02038	0.10505	0.01429	0.33216	0.04299	0.02744	0.01378	0.01567	0.01064	0.00790	0.00729	0.00216	0.06387	0.00532	0.00480	0.00956

[dist]
# distance from previous block
# <min> <max>
9	41

[block]
# block no. 14 follows, 41 sequences, length 6
# corresponding to MSA columns:
# 1258-1263
name=unknown_O
#
# <colnr> <probs for GDERKNQSTAVLIFYWHMCP>
#	G	D	E	R	K	N	Q	S	T	A	V	L	I	F	Y	W	H	M	C	P
0	0.01203	0.01021	0.01180	0.00951	0.01347	0.00950	0.00750	0.01850	0.22922	0.01943	0.01476	0.01616	0.01194	0.01079	0.11492	0.00236	0.00590	0.00468	0.00406	0.47327
1	0.01305	0.01409	0.02629	0.01993	0.02305	0.01587	0.40676	0.01623	0.01132	0.01623	0.00970	0.01409	0.00814	0.00721	0.01228	0.00219	0.36788	0.00595	0.00271	0.00704
2	0.01523	0.01354	0.01742	0.01447	0.01582	0.01758	0.01203	0.22838	0.01409	0.02031	0.00934	0.01287	0.00816	0.00909	0.01494	0.00227	0.55869	0.00505	0.00345	0.00728
3	0.00695	0.00505	0.00656	0.00776	0.00824	0.00466	0.00522	0.00799	0.01115	0.01468	0.03399	0.72630	0.10519	0.01760	0.00725	0.00229	0.00328	0.01587	0.00531	0.00466
4	0.00910	0.00713	0.00849	0.00904	0.01023	0.00746	0.00641	0.01455	0.22896	0.01734	0.02910	0.56787	0.03185	0.01493	0.00687	0.00221	0.00367	0.01338	0.00546	0.00594
5	0.01276	0.01374	0.02807	0.24857	0.08876	0.01388	0.47361	0.01717	0.01286	0.01726	0.01110	0.01528	0.00840	0.00511	0.00636	0.00190	0.00883	0.00613	0.00279	0.00742

[dist]
# distance from previous block
# <min> <max>
9	130

[block]
# block no. 15 follows, 41 sequences, length 8
# corresponding to MSA columns:
# 1407-1414
name=unknown_P
#
# <colnr> <probs for GDERKNQSTAVLIFYWHMCP>
#	G	D	E	R	K	N	Q	S	T	A	V	L	I	F	Y	W	H	M	C	P
0	0.00912	0.01030	0.13248	0.00910	0.01207	0.00701	0.00840	0.01229	0.01429	0.02034	0.41006	0.07535	0.06966	0.01047	0.00632	0.00178	0.00409	0.06637	0.00510	0.11541
1	0.01085	0.01074	0.07191	0.07995	0.01501	0.01032	0.00935	0.08836	0.05251	0.01901	0.12776	0.10198	0.18652	0.01051	0.00828	0.00195	0.13247	0.00836	0.00448	0.04968
2	0.44359	0.01238	0.08815	0.00905	0.01299	0.01141	0.00815	0.07496	0.01293	0.06359	0.13236	0.01613	0.01498	0.00650	0.00461	0.00170	0.00472	0.00472	0.00422	0.07287
3	0.08461	0.10814	0.15782	0.01422	0.04165	0.30784	0.01257	0.17137	0.01655	0.02040	0.01002	0.01127	0.00779	0.00583	0.00505	0.00159	0.00808	0.00402	0.00342	0.00774
4	0.01066	0.00533	0.00533	0.00533	0.00666	0.00533	0.00400	0.01333	0.01200	0.02132	0.01866	0.02132	0.01466	0.00666	0.00400	0.00133	0.00267	0.00533	0.83073	0.00533
5	0.01103	0.00759	0.01123	0.19827	0.01826	0.00801	0.01012	0.01379	0.01318	0.09436	0.09044	0.10078	0.02710	0.01224	0.00700	0.00227	0.00542	0.35805	0.00489	0.00596
6	0.01357	0.42984	0.19782	0.01099	0.01675	0.01681	0.01170	0.01670	0.01179	0.01580	0.00903	0.01050	0.00759	0.00486	0.00422	0.00127	0.00620	0.00341	0.00267	0.20848
7	0.08763	0.01148	0.02000	0.45012	0.03197	0.01270	0.19083	0.01708	0.01230	0.09429	0.01159	0.01519	0.00843	0.00560	0.00578	0.00189	0.00754	0.00538	0.00319	0.00702

[dist]
# distance from previous block
# <min> <max>
0	3

[block]
# block no. 16 follows, 41 sequences, length 11
# corresponding to MSA columns:
# 1418-1428
name=unknown_Q
#
# <colnr> <probs for GDERKNQSTAVLIFYWHMCP>
#	G	D	E	R	K	N	Q	S	T	A	V	L	I	F	Y	W	H	M	C	P
0	0.41574	0.01098	0.01107	0.03559	0.01381	0.01116	0.00744	0.05976	0.01265	0.16664	0.01187	0.01256	0.00868	0.00563	0.00441	0.00159	0.00475	0.00392	0.00434	0.19739
1	0.01318	0.09764	0.02704	0.14188	0.02691	0.01455	0.40822	0.01694	0.01256	0.01710	0.01070	0.01436	0.00844	0.00539	0.00688	0.00180	0.06280	0.00563	0.00289	0.10511
2	0.02148	0.01061	0.01615	0.01237	0.01666	0.00963	0.12564	0.02509	0.06852	0.52604	0.08680	0.02127	0.01723	0.00730	0.00608	0.00184	0.00548	0.00643	0.00630	0.00906
3	0.09781	0.00702	0.00885	0.00937	0.01097	0.00702	0.00780	0.01247	0.01364	0.03907	0.20900	0.08983	0.03517	0.01364	0.00714	0.00233	0.00449	0.41336	0.00545	0.00558
4	0.01176	0.08076	0.61028	0.01560	0.02295	0.01336	0.04296	0.01750	0.01232	0.01786	0.01247	0.01783	0.01022	0.00661	0.00570	0.00190	0.00804	0.08099	0.00280	0.00810
5	0.06753	0.00856	0.08865	0.00925	0.01100	0.00669	0.00778	0.01086	0.01223	0.01757	0.13457	0.42635	0.03400	0.01453	0.00692	0.00223	0.00423	0.12649	0.00507	0.00547
6	0.01502	0.01068	0.01323	0.00992	0.01454	0.00898	0.03497	0.09405	0.01430	0.14006	0.01429	0.06953	0.01180	0.00610	0.00503	0.00127	0.00476	0.00506	0.00441	0.52200
7	0.05899	0.75837	0.02891	0.00979	0.01462	0.02218	0.00967	0.01723	0.01164	0.01429	0.00815	0.00945	0.00746	0.00504	0.00375	0.00129	0.00609	0.00313	0.00257	0.00737
8	0.01431	0.01162	0.01627	0.03743	0.01533	0.01523	0.01156	0.01588	0.01048	0.13479	0.05277	0.01543	0.01122	0.00951	0.01561	0.00233	0.59461	0.00543	0.00345	0.00677
9	0.01978	0.02763	0.13663	0.01499	0.01881	0.65406	0.01266	0.02208	0.01555	0.01466	0.00907	0.01060	0.00735	0.00582	0.00520	0.00153	0.01002	0.00377	0.00286	0.00692
10	0.78856	0.01220	0.05512	0.00806	0.01190	0.01286	0.00711	0.01689	0.00988	0.02520	0.00811	0.00946	0.00626	0.00532	0.00366	0.00177	0.00467	0.00317	0.00347	0.00633

[dist]
# distance from previous block
# <min> <max>
0	3

[block]
# block no. 17 follows, 41 sequences, length 14
# corresponding to MSA columns:
# 1432-1445
name=unknown_R
#
# <colnr> <probs for GDERKNQSTAVLIFYWHMCP>
#	G	D	E	R	K	N	Q	S	T	A	V	L	I	F	Y	W	H	M	C	P
0	0.00818	0.00610	0.00903	0.00903	0.01000	0.00706	0.00695	0.01011	0.00915	0.01316	0.01547	0.02328	0.01465	0.08377	0.73592	0.00900	0.01479	0.00625	0.00309	0.00502
1	0.08236	0.01265	0.01497	0.01113	0.01596	0.01206	0.05982	0.26985	0.01706	0.02527	0.01133	0.01256	0.00874	0.00528	0.00488	0.00130	0.00535	0.00422	0.00418	0.42103
2	0.01957	0.01065	0.01403	0.15646	0.01934	0.01084	0.00997	0.08274	0.14127	0.39066	0.04256	0.01900	0.01419	0.00697	0.00573	0.00179	0.00535	0.00576	0.00575	0.03734
3	0.16788	0.01024	0.01483	0.50538	0.02956	0.01238	0.01289	0.01570	0.01130	0.07234	0.01134	0.04469	0.00901	0.00647	0.00615	0.00192	0.05303	0.00519	0.00317	0.00650
4	0.01437	0.01103	0.01276	0.00936	0.01427	0.00931	0.00755	0.12087	0.03337	0.07713	0.01194	0.01294	0.00931	0.00492	0.00460	0.00107	0.00459	0.00390	0.00406	0.63266
