[name]
unknown

[dist]
# distance from previous block
# <min> <max>
0	565

[block]
# block no. 0 follows, 41 sequences, length 59
# corresponding to MSA columns:
# 574-632
name=unknown_A
#
# <colnr> <probs for GDERKNQSTAVLIFYWHMCP>
#	G	D	E	R	K	N	Q	S	T	A	V	L	I	F	Y	W	H	M	C	P
0	0.81537	0.01106	0.00858	0.00763	0.01120	0.01273	0.00628	0.01716	0.00996	0.04704	0.00844	0.00966	0.00647	0.00539	0.00363	0.00178	0.00445	0.00319	0.00366	0.00632
1	0.01401	0.01314	0.02190	0.06354	0.66424	0.01329	0.01660	0.04653	0.01345	0.01906	0.01197	0.05414	0.01054	0.00588	0.00577	0.00175	0.00665	0.00568	0.00308	0.00877
2	0.01308	0.01016	0.01201	0.00865	0.01368	0.00772	0.00694	0.01558	0.01228	0.08241	0.01127	0.01258	0.00900	0.00451	0.00439	0.00094	0.00431	0.00361	0.00372	0.76316
3	0.02178	0.01605	0.01720	0.01319	0.01777	0.01776	0.01089	0.74369	0.02691	0.03608	0.01378	0.01380	0.00977	0.00690	0.00574	0.00173	0.00631	0.00517	0.00574	0.00975
4	0.02050	0.01473	0.01597	0.01262	0.01690	0.01624	0.01030	0.53195	0.18151	0.09360	0.01655	0.01590	0.01179	0.00711	0.00577	0.00178	0.00581	0.00550	0.00587	0.00961
5	0.01534	0.80183	0.02999	0.00982	0.01471	0.02265	0.00981	0.01716	0.01165	0.01351	0.00800	0.00925	0.00739	0.00493	0.00369	0.00123	0.00613	0.00308	0.00246	0.00737
6	0.01252	0.01018	0.01196	0.00858	0.01364	0.00769	0.00687	0.01504	0.01209	0.05196	0.01077	0.01227	0.00877	0.00440	0.00433	0.00090	0.00428	0.00351	0.00357	0.79669
7	0.00741	0.00586	0.00666	0.00646	0.00813	0.00511	0.00484	0.00941	0.01448	0.01885	0.37263	0.04956	0.44366	0.01326	0.00677	0.00188	0.00283	0.01131	0.00577	0.00511
8	0.00923	0.00611	0.00797	0.00738	0.00887	0.00562	0.00553	0.01178	0.01593	0.06801	0.68670	0.04115	0.05030	0.04110	0.00755	0.00195	0.00296	0.01000	0.00625	0.00562
9	0.83878	0.01110	0.00844	0.00756	0.01110	0.01286	0.00622	0.01685	0.00977	0.02570	0.00802	0.00936	0.00624	0.00534	0.00356	0.00178	0.00444	0.00311	0.00356	0.00622
10	0.00999	0.00501	0.00749	0.00749	0.00749	0.00500	0.00499	0.00749	0.00749	0.00999	0.00999	0.01745	0.00998	0.01989	0.02236	0.83294	0.00498	0.00498	0.00250	0.00251
11	0.83878	0.01110	0.00844	0.00756	0.01110	0.01286	0.00622	0.01685	0.00977	0.02570	0.00802	0.00936	0.00624	0.00534	0.00356	0.00178	0.00444	0.00311	0.00356	0.00622
12	0.01191	0.01020	0.01189	0.00851	0.01359	0.00765	0.00680	0.01444	0.01189	0.01868	0.01022	0.01193	0.00852	0.00427	0.00426	0.00086	0.00425	0.00341	0.00341	0.83332
13	0.07240	0.01477	0.01565	0.01205	0.01658	0.03222	0.00989	0.53545	0.02289	0.08698	0.01351	0.01363	0.00967	0.00646	0.00541	0.00162	0.00591	0.00482	0.00534	0.11475
14	0.79969	0.01105	0.00886	0.04424	0.01244	0.01285	0.00667	0.01674	0.00985	0.02518	0.00812	0.00964	0.00631	0.00536	0.00367	0.00179	0.00459	0.00321	0.00351	0.00623
15	0.83878	0.01110	0.00844	0.00756	0.01110	0.01286	0.00622	0.01685	0.00977	0.02570	0.00802	0.00936	0.00624	0.00534	0.00356	0.00178	0.00444	0.00311	0.00356	0.00622
16	0.00822	0.00617	0.00923	0.00923	0.01025	0.00718	0.00717	0.01025	0.00923	0.01333	0.01537	0.02253	0.01434	0.04290	0.77573	0.00920	0.01533	0.00614	0.00308	0.00513
17	0.00815	0.00588	0.00768	0.00723	0.00858	0.00543	0.00542	0.01083	0.01622	0.02298	0.75974	0.04277	0.05398	0.01172	0.00677	0.00181	0.00272	0.01036	0.00631	0.00542
18	0.00837	0.00558	0.00628	0.00627	0.00628	0.00558	0.00349	0.00836	0.00835	0.01114	0.01807	0.03748	0.02083	0.79839	0.02912	0.00555	0.00556	0.00833	0.00348	0.00349
19	0.01355	0.01546	0.03377	0.02413	0.02992	0.01449	0.74197	0.01835	0.01353	0.01837	0.01162	0.01549	0.00873	0.00486	0.00677	0.00194	0.00966	0.00676	0.00291	0.00774
20	0.01420	0.01362	0.02324	0.03512	0.76274	0.01361	0.01757	0.01759	0.01305	0.01873	0.01081	0.01422	0.00911	0.00513	0.00568	0.00171	0.00681	0.00511	0.00285	0.00908
21	0.02570	0.00977	0.01331	0.01021	0.01464	0.00844	0.00843	0.02790	0.01640	0.76672	0.02261	0.01953	0.01420	0.00711	0.00577	0.00178	0.00488	0.00577	0.00709	0.00976
22	0.00822	0.00617	0.00923	0.00923	0.01025	0.00718	0.00717	0.01025	0.00923	0.01333	0.01537	0.02253	0.01434	0.04290	0.77573	0.00920	0.01533	0.00614	0.00308	0.00513
23	0.00702	0.00502	0.00667	0.00800	0.00834	0.00468	0.00533	0.00800	0.01098	0.01465	0.03156	0.79470	0.03785	0.01794	0.00732	0.00233	0.00334	0.01627	0.00532	0.00467
24	0.01152	0.02961	0.76878	0.01633	0.02478	0.01331	0.02114	0.01815	0.01211	0.01816	0.01031	0.01214	0.00729	0.00547	0.00546	0.00182	0.00847	0.00424	0.00243	0.00848
25	0.00837	0.00558	0.00628	0.00627	0.00628	0.00558	0.00349	0.00836	0.00835	0.01114	0.01807	0.03748	0.02083	0.79839	0.02912	0.00555	0.00556	0.00833	0.00348	0.00349
26	0.00837	0.00558	0.00628	0.00627	0.00628	0.00558	0.00349	0.00836	0.00835	0.01114	0.01807	0.03748	0.02083	0.79839	0.02912	0.00555	0.00556	0.00833	0.00348	0.00349
27	0.01486	0.01219	0.01298	0.01160	0.01489	0.01395	0.00904	0.03029	0.71480	0.06193	0.02328	0.02131	0.01733	0.00776	0.00584	0.00194	0.00456	0.00644	0.00590	0.00911
28	0.02178	0.01605	0.01720	0.01319	0.01777	0.01776	0.01089	0.74369	0.02691	0.03608	0.01378	0.01380	0.00977	0.00690	0.00574	0.00173	0.00631	0.00517	0.00574	0.00975
29	0.01489	0.01279	0.01715	0.49863	0.03138	0.04317	0.01405	0.25782	0.01679	0.02177	0.01135	0.01462	0.00836	0.00614	0.00572	0.00184	0.00730	0.00507	0.00363	0.00751
30	0.01152	0.02961	0.76878	0.01633	0.02478	0.01331	0.02114	0.01815	0.01211	0.01816	0.01031	0.01214	0.00729	0.00547	0.00546	0.00182	0.00847	0.00424	0.00243	0.00848
31	0.01549	0.01544	0.01332	0.01215	0.01518	0.19837	0.00939	0.02687	0.51088	0.02092	0.02145	0.02203	0.04380	0.00797	0.00581	0.00187	0.00592	0.03990	0.00509	0.00815
32	0.01135	0.00659	0.00871	0.00777	0.00969	0.00598	0.00597	0.01394	0.01625	0.15864	0.62529	0.03853	0.04673	0.01088	0.00659	0.00180	0.00311	0.00952	0.00645	0.00621
33	0.11088	0.02016	0.35954	0.01468	0.04998	0.01366	0.03044	0.02150	0.22409	0.03810	0.01397	0.01482	0.01038	0.00636	0.00607	0.00188	0.04657	0.00492	0.00368	0.00831
34	0.02570	0.00977	0.01331	0.01021	0.01464	0.00844	0.00843	0.02790	0.01640	0.76672	0.02261	0.01953	0.01420	0.00711	0.00577	0.00178	0.00488	0.00577	0.00709	0.00976
35	0.00702	0.00502	0.00667	0.00800	0.00834	0.00468	0.00533	0.00800	0.01098	0.01465	0.03156	0.79470	0.03785	0.01794	0.00732	0.00233	0.00334	0.01627	0.00532	0.00467
36	0.00728	0.00548	0.00775	0.00856	0.00919	0.00509	0.03551	0.00844	0.01119	0.01484	0.03199	0.72781	0.07077	0.01724	0.00727	0.00230	0.00358	0.01568	0.00523	0.00481
37	0.01406	0.01454	0.02971	0.06490	0.19466	0.01395	0.51178	0.01838	0.01344	0.04896	0.01182	0.01537	0.00898	0.00506	0.00643	0.00188	0.00872	0.00627	0.00305	0.00805
38	0.00815	0.00588	0.00768	0.00723	0.00858	0.00543	0.00542	0.01083	0.01622	0.02298	0.75974	0.04277	0.05398	0.01172	0.00677	0.00181	0.00272	0.01036	0.00631	0.00542
39	0.00702	0.00502	0.00667	0.00800	0.00834	0.00468	0.00533	0.00800	0.01098	0.01465	0.03156	0.79470	0.03785	0.01794	0.00732	0.00233	0.00334	0.01627	0.00532	0.00467
40	0.01403	0.01345	0.02293	0.07343	0.72578	0.01357	0.01748	0.01744	0.01297	0.01852	0.01078	0.01428	0.00903	0.00516	0.00569	0.00172	0.00685	0.00511	0.00283	0.00895
41	0.01430	0.01398	0.02184	0.09779	0.62381	0.05387	0.01666	0.01824	0.04955	0.01839	0.01127	0.01447	0.00931	0.00536	0.00567	0.00173	0.00696	0.00510	0.00298	0.00872
42	0.00822	0.00617	0.00923	0.00923	0.01025	0.00718	0.00717	0.01025	0.00923	0.01333	0.01537	0.02253	0.01434	0.04290	0.77573	0.00920	0.01533	0.00614	0.00308	0.00513
43	0.04619	0.02783	0.69898	0.01566	0.02370	0.01304	0.01988	0.01859	0.01223	0.05672	0.01085	0.01241	0.00760	0.00555	0.00539	0.00182	0.00812	0.00427	0.00272	0.00845
44	0.00865	0.00696	0.00967	0.00913	0.01099	0.00603	0.05174	0.01025	0.01137	0.01589	0.02500	0.55109	0.02873	0.01372	0.00652	0.00194	0.00396	0.01247	0.00470	0.21120
45	0.01085	0.01020	0.01719	0.78466	0.03941	0.01273	0.01590	0.01465	0.01147	0.01466	0.01022	0.01532	0.00767	0.00575	0.00574	0.00192	0.00764	0.00510	0.00256	0.00638
46	0.00815	0.00588	0.00768	0.00723	0.00858	0.00543	0.00542	0.01083	0.01622	0.02298	0.75974	0.04277	0.05398	0.01172	0.00677	0.00181	0.00272	0.01036	0.00631	0.00542
47	0.02113	0.02683	0.01628	0.01477	0.01763	0.75201	0.01112	0.02259	0.01601	0.01404	0.00885	0.01045	0.00742	0.00605	0.00560	0.00151	0.03437	0.00374	0.00295	0.00664
48	0.00822	0.00617	0.00923	0.00923	0.01025	0.00718	0.00717	0.01025	0.00923	0.01333	0.01537	0.02253	0.01434	0.04290	0.77573	0.00920	0.01533	0.00614	0.00308	0.00513
49	0.01261	0.01268	0.01827	0.01545	0.01571	0.01741	0.04498	0.01400	0.00900	0.01402	0.00774	0.01271	0.00761	0.00981	0.01825	0.00249	0.75329	0.00510	0.00254	0.00635
50	0.00685	0.00570	0.00597	0.00618	0.00786	0.00483	0.00452	0.00821	0.01274	0.01536	0.05376	0.17275	0.64548	0.01506	0.00687	0.00200	0.00298	0.01275	0.00533	0.00483
51	0.00815	0.00588	0.00768	0.00723	0.00858	0.00543	0.00542	0.01083	0.01622	0.02298	0.75974	0.04277	0.05398	0.01172	0.00677	0.00181	0.00272	0.01036	0.00631	0.00542
52	0.01839	0.41263	0.02308	0.01230	0.01622	0.40092	0.01044	0.02003	0.01396	0.01378	0.00845	0.00982	0.00740	0.00543	0.00444	0.00136	0.00824	0.00339	0.00272	0.00701
53	0.00815	0.00588	0.00768	0.00723	0.00858	0.00543	0.00542	0.01083	0.01622	0.02298	0.75974	0.04277	0.05398	0.01172	0.00677	0.00181	0.00272	0.01036	0.00631	0.00542
54	0.01405	0.01389	0.02298	0.06212	0.57874	0.03540	0.07058	0.01727	0.01266	0.01789	0.01045	0.01408	0.00881	0.00568	0.00714	0.00181	0.08996	0.00519	0.00281	0.00851
55	0.75155	0.04384	0.01016	0.00847	0.01202	0.01351	0.00685	0.01734	0.01093	0.02600	0.04474	0.01263	0.00971	0.00642	0.00426	0.00197	0.00484	0.00387	0.00404	0.00685
56	0.01301	0.05711	0.50989	0.13378	0.05688	0.01450	0.04667	0.01806	0.01263	0.01828	0.01130	0.01438	0.00865	0.00651	0.00675	0.00207	0.05317	0.00489	0.00291	0.00856
57	0.02241	0.02778	0.01696	0.01546	0.01848	0.76158	0.01151	0.02352	0.01689	0.01519	0.01011	0.01206	0.00856	0.00671	0.00569	0.00171	0.01063	0.00410	0.00338	0.00726
58	0.00829	0.00674	0.00706	0.00714	0.00901	0.00572	0.00530	0.00945	0.01376	0.01689	0.07679	0.09999	0.64093	0.01533	0.00736	0.00221	0.00351	0.05328	0.00572	0.00553

[dist]
# distance from previous block
# <min> <max>
0	10

[block]
# block no. 1 follows, 41 sequences, length 37
# corresponding to MSA columns:
# 643-679
name=unknown_B
#
# <colnr> <probs for GDERKNQSTAVLIFYWHMCP>
#	G	D	E	R	K	N	Q	S	T	A	V	L	I	F	Y	W	H	M	C	P
0	0.01965	0.00847	0.01133	0.00962	0.01275	0.00754	0.00753	0.04368	0.01502	0.50397	0.02522	0.26657	0.02164	0.01058	0.00628	0.00196	0.00445	0.00911	0.00650	0.00815
1	0.01211	0.01061	0.01295	0.00955	0.01418	0.00886	0.02542	0.01500	0.03457	0.01847	0.01047	0.01241	0.00876	0.00489	0.00558	0.00106	0.06869	0.00373	0.00341	0.71930
2	0.03111	0.18840	0.59883	0.01481	0.02241	0.01524	0.01847	0.01793	0.01198	0.01740	0.00982	0.01153	0.00732	0.00538	0.00506	0.00170	0.00790	0.00399	0.00248	0.00821
3	0.01329	0.00676	0.00913	0.00904	0.01081	0.00614	0.00682	0.01485	0.01300	0.25479	0.02857	0.45697	0.02972	0.01424	0.00691	0.00220	0.00408	0.10037	0.00589	0.00639
4	0.01283	0.01979	0.26751	0.05059	0.02866	0.01406	0.48412	0.01817	0.01302	0.01819	0.01118	0.01447	0.00826	0.00511	0.00633	0.00191	0.00921	0.00591	0.00276	0.00794
5	0.01270	0.01090	0.01226	0.00954	0.01403	0.00978	0.00754	0.01955	0.24803	0.02040	0.01443	0.01500	0.01142	0.00542	0.00478	0.00121	0.00436	0.00440	0.00419	0.57007
6	0.02156	0.02372	0.01656	0.01428	0.01775	0.53345	0.01103	0.25273	0.01966	0.02110	0.01049	0.01152	0.00820	0.00626	0.00537	0.00157	0.00906	0.00418	0.00386	0.00766
7	0.02206	0.01102	0.01650	0.01818	0.25320	0.01011	0.01136	0.02463	0.01535	0.52784	0.01887	0.01788	0.01261	0.00650	0.00576	0.00176	0.00551	0.00557	0.00575	0.00956
8	0.00900	0.00575	0.00697	0.00666	0.00801	0.00543	0.00499	0.01166	0.01490	0.02249	0.52308	0.03598	0.04146	0.01014	0.00590	0.00167	0.00272	0.00877	0.26899	0.00542
9	0.01431	0.01234	0.01299	0.01169	0.01493	0.01427	0.00909	0.03043	0.75203	0.02399	0.02335	0.02144	0.01753	0.00781	0.00586	0.00196	0.00456	0.00649	0.00585	0.00909
10	0.01366	0.01214	0.01030	0.00983	0.01078	0.25068	0.00694	0.01242	0.01030	0.01132	0.00967	0.01524	0.00919	0.01545	0.01689	0.56737	0.00670	0.00459	0.00266	0.00385
11	0.57315	0.00918	0.00790	0.00772	0.01024	0.01027	0.00595	0.01405	0.01018	0.02220	0.01556	0.25982	0.01636	0.00938	0.00478	0.00196	0.00410	0.00732	0.00413	0.00574
12	0.01150	0.01270	0.00918	0.00870	0.01097	0.25059	0.00652	0.01294	0.01410	0.01507	0.04232	0.04085	0.51995	0.01179	0.00628	0.00180	0.00529	0.00942	0.00458	0.00545
13	0.00791	0.00569	0.00616	0.00616	0.00678	0.00537	0.00379	0.00835	0.00988	0.01256	0.03082	0.04313	0.25669	0.54803	0.02200	0.00440	0.00473	0.00954	0.00408	0.00395
14	0.01509	0.01209	0.01361	0.01002	0.01495	0.01090	0.00812	0.24699	0.01670	0.02426	0.01139	0.01257	0.00895	0.00513	0.00475	0.00114	0.00492	0.00398	0.00416	0.57028
15	0.83836	0.01112	0.00847	0.00758	0.01112	0.01287	0.00623	0.01687	0.00979	0.02573	0.00805	0.00941	0.00628	0.00537	0.00358	0.00179	0.00445	0.00313	0.00357	0.00624
16	0.00967	0.00857	0.01385	0.53661	0.02951	0.01018	0.01254	0.01255	0.01133	0.01469	0.01706	0.26387	0.01733	0.00966	0.00626	0.00205	0.00628	0.00867	0.00345	0.00585
17	0.01050	0.02214	0.52620	0.01408	0.02017	0.01137	0.01670	0.01565	0.01121	0.01665	0.01196	0.01550	0.00957	0.01743	0.25108	0.00418	0.01067	0.00486	0.00265	0.00743
18	0.00689	0.00586	0.00591	0.00589	0.00782	0.00490	0.00441	0.00834	0.01317	0.01573	0.07701	0.05477	0.74088	0.01445	0.00679	0.00194	0.00292	0.01204	0.00536	0.00489
19	0.00707	0.00560	0.00634	0.00671	0.00807	0.00489	0.00482	0.00850	0.01279	0.01613	0.13140	0.28950	0.44726	0.01530	0.00696	0.00206	0.00304	0.01322	0.00545	0.00488
20	0.01358	0.01548	0.03378	0.02414	0.02993	0.01450	0.74158	0.01837	0.01355	0.01840	0.01165	0.01554	0.00876	0.00488	0.00678	0.00194	0.00967	0.00677	0.00292	0.00776
21	0.01194	0.01022	0.01192	0.00853	0.01361	0.00767	0.00681	0.01446	0.01191	0.01871	0.01025	0.01198	0.00855	0.00429	0.00427	0.00086	0.00427	0.00342	0.00342	0.83289
22	0.01238	0.01038	0.01180	0.01091	0.01345	0.01201	0.00848	0.02400	0.51506	0.02060	0.02081	0.02180	0.01652	0.01901	0.25134	0.00427	0.00799	0.00638	0.00497	0.00784
23	0.00782	0.00563	0.00739	0.00750	0.00853	0.00521	0.00541	0.00995	0.01457	0.02035	0.52718	0.28256	0.04885	0.01372	0.00696	0.00198	0.00293	0.01225	0.00601	0.00520
24	0.00776	0.00589	0.00712	0.00681	0.00835	0.00527	0.00510	0.01003	0.01523	0.02062	0.53560	0.04673	0.27925	0.01263	0.00678	0.00186	0.00279	0.01091	0.00601	0.00526
25	0.01480	0.55068	0.03121	0.01441	0.01959	0.02006	0.24328	0.01756	0.01227	0.01509	0.00919	0.01129	0.00785	0.00493	0.00469	0.00146	0.00727	0.00426	0.00262	0.00750
26	0.01032	0.00883	0.00998	0.00768	0.01176	0.00678	0.00604	0.01249	0.01229	0.01770	0.02547	0.02574	0.24831	0.00756	0.00508	0.00121	0.00384	0.00618	0.00403	0.56872
27	0.00829	0.02534	0.00761	0.00686	0.00794	0.00586	0.00481	0.00994	0.01327	0.01818	0.42772	0.04164	0.11950	0.26271	0.01383	0.00301	0.00374	0.00973	0.00522	0.00481
28	0.01919	0.01588	0.02250	0.01670	0.02166	0.01673	0.24401	0.51203	0.02266	0.03045	0.01312	0.01439	0.00947	0.00627	0.00608	0.00180	0.00739	0.00569	0.00485	0.00912
29	0.00841	0.00561	0.00630	0.00630	0.00631	0.00560	0.00351	0.00838	0.00837	0.01117	0.01810	0.03751	0.02086	0.79798	0.02912	0.00556	0.00557	0.00834	0.00349	0.00351
30	0.00853	0.00610	0.00839	0.00971	0.01069	0.00597	0.00791	0.01058	0.01246	0.01633	0.03077	0.31517	0.03465	0.01657	0.00773	0.00254	0.00463	0.48087	0.00531	0.00510
31	0.01312	0.01309	0.01048	0.00984	0.01117	0.25189	0.00691	0.04537	0.01185	0.01358	0.01450	0.02516	0.01494	0.37545	0.15425	0.00474	0.00888	0.00633	0.00336	0.00509
32	0.00908	0.00504	0.00725	0.00767	0.00779	0.00492	0.00512	0.00768	0.00862	0.01151	0.01690	0.26533	0.01890	0.01929	0.01757	0.56764	0.00447	0.00859	0.00341	0.00322
33	0.01403	0.01423	0.02661	0.03163	0.52869	0.01391	0.24856	0.01785	0.01323	0.01864	0.01110	0.01468	0.00902	0.00507	0.00604	0.00179	0.00773	0.00565	0.00288	0.00867
34	0.01529	0.80242	0.02997	0.00979	0.01468	0.02263	0.00979	0.01713	0.01162	0.01346	0.00795	0.00918	0.00734	0.00489	0.00367	0.00122	0.00612	0.00306	0.00245	0.00734
35	0.01144	0.02873	0.73629	0.05009	0.02540	0.01326	0.02090	0.01796	0.01205	0.01796	0.01026	0.01222	0.00726	0.00545	0.00545	0.00182	0.00842	0.00426	0.00242	0.00836
36	0.02516	0.00985	0.01326	0.01024	0.01461	0.00866	0.00844	0.02799	0.04874	0.73460	0.02260	0.01955	0.01430	0.00711	0.00576	0.00178	0.00485	0.00578	0.00702	0.00970

[dist]
# distance from previous block
# <min> <max>
0	2

[block]
# block no. 2 follows, 41 sequences, length 17
# corresponding to MSA columns:
# 682-698
name=unknown_C
#
# <colnr> <probs for GDERKNQSTAVLIFYWHMCP>
#	G	D	E	R	K	N	Q	S	T	A	V	L	I	F	Y	W	H	M	C	P
0	0.00832	0.00555	0.00624	0.00624	0.00624	0.00555	0.00347	0.00832	0.00832	0.01109	0.01802	0.03743	0.02080	0.79898	0.02911	0.00555	0.00555	0.00832	0.00347	0.00347
1	0.02566	0.00973	0.01327	0.01018	0.01460	0.00841	0.00841	0.02788	0.01637	0.76726	0.02257	0.01947	0.01416	0.00708	0.00575	0.00177	0.00487	0.00575	0.00708	0.00973
2	0.00697	0.00498	0.00664	0.00796	0.00830	0.00465	0.00531	0.00796	0.01095	0.01460	0.03153	0.79525	0.03783	0.01792	0.00730	0.00232	0.00332	0.01626	0.00531	0.00465
3	0.00994	0.00497	0.00745	0.00745	0.00745	0.00497	0.00497	0.00745	0.00745	0.00994	0.00994	0.01739	0.00994	0.01987	0.02235	0.83358	0.00497	0.00497	0.00248	0.00248
4	0.00702	0.00583	0.00615	0.00616	0.00799	0.00497	0.00467	0.00866	0.01341	0.01639	0.13775	0.05403	0.64868	0.01422	0.00681	0.00195	0.00297	0.04201	0.00542	0.00491
5	0.01163	0.02868	0.72691	0.01737	0.06676	0.01330	0.02093	0.01808	0.01213	0.01815	0.01029	0.01219	0.00735	0.00542	0.00545	0.00181	0.00836	0.00428	0.00244	0.00849
6	0.01317	0.01478	0.03171	0.11765	0.03106	0.01425	0.65322	0.01787	0.01325	0.01787	0.01140	0.01541	0.00855	0.00493	0.00662	0.00193	0.00940	0.00655	0.00285	0.00755
7	0.00994	0.00497	0.00745	0.00745	0.00745	0.00497	0.00497	0.00745	0.00745	0.00994	0.00994	0.01739	0.00994	0.01987	0.02235	0.83358	0.00497	0.00497	0.00248	0.00248
8	0.65874	0.01077	0.00949	0.00811	0.01185	0.01185	0.00669	0.01927	0.01121	0.19030	0.01121	0.01155	0.00796	0.00570	0.00403	0.00177	0.00452	0.00369	0.00433	0.00698
9	0.01416	0.01359	0.02322	0.03511	0.76330	0.01359	0.01755	0.01755	0.01302	0.01869	0.01076	0.01416	0.00906	0.00510	0.00566	0.00170	0.00680	0.00510	0.00283	0.00906
10	0.00697	0.00498	0.00664	0.00796	0.00830	0.00465	0.00531	0.00796	0.01095	0.01460	0.03153	0.79525	0.03783	0.01792	0.00730	0.00232	0.00332	0.01626	0.00531	0.00465
11	0.00817	0.00613	0.00919	0.00919	0.01021	0.00715	0.00715	0.01021	0.00919	0.01328	0.01532	0.02247	0.01430	0.04290	0.77631	0.00919	0.01532	0.00613	0.00306	0.00511
12	0.01222	0.18032	0.62514	0.01503	0.02279	0.01511	0.01892	0.01792	0.01199	0.01721	0.00981	0.01151	0.00726	0.00533	0.00509	0.00170	0.00800	0.00400	0.00242	0.00824
13	0.01197	0.13060	0.67270	0.01545	0.02344	0.01451	0.01965	0.01799	0.01202	0.01751	0.00996	0.01170	0.00726	0.00536	0.00520	0.00173	0.00815	0.00407	0.00242	0.00831
14	0.11445	0.02678	0.64654	0.01510	0.02279	0.01340	0.01889	0.04548	0.01235	0.01973	0.01011	0.01179	0.00721	0.00547	0.00521	0.00180	0.00787	0.00412	0.00268	0.00822
15	0.02137	0.01583	0.01695	0.01308	0.01759	0.01756	0.01078	0.70832	0.06342	0.03544	0.01421	0.01412	0.01012	0.00691	0.00573	0.00173	0.00621	0.00522	0.00573	0.00969
16	0.01186	0.01017	0.01186	0.00847	0.01356	0.00762	0.00678	0.01440	0.01186	0.01864	0.01017	0.01186	0.00847	0.00424	0.00424	0.00085	0.00424	0.00339	0.00339	0.83395

[dist]
# distance from previous block
# <min> <max>
0	1

[block]
# block no. 3 follows, 41 sequences, length 43
# corresponding to MSA columns:
# 700-742
name=unknown_D
#
# <colnr> <probs for GDERKNQSTAVLIFYWHMCP>
#	G	D	E	R	K	N	Q	S	T	A	V	L	I	F	Y	W	H	M	C	P
0	0.01080	0.01017	0.01716	0.78523	0.03940	0.01271	0.01589	0.01461	0.01144	0.01461	0.01017	0.01525	0.00762	0.00572	0.00572	0.00191	0.00762	0.00508	0.00254	0.00635
1	0.01098	0.00802	0.01016	0.01065	0.01256	0.00840	0.00901	0.01673	0.18624	0.04888	0.02909	0.05235	0.04839	0.01353	0.00730	0.00242	0.00501	0.50848	0.00547	0.00632
2	0.00684	0.00580	0.00590	0.00588	0.00777	0.00486	0.00441	0.00836	0.01322	0.01589	0.09905	0.05433	0.71960	0.01432	0.00676	0.00192	0.00289	0.01197	0.00537	0.00486
3	0.00676	0.00579	0.00579	0.00579	0.00773	0.00483	0.00435	0.00821	0.01304	0.01545	0.05794	0.05505	0.76098	0.01449	0.00676	0.00193	0.00290	0.01207	0.00531	0.00483
4	0.01347	0.01498	0.03172	0.05664	0.12474	0.01428	0.61944	0.01807	0.01335	0.01822	0.01141	0.01526	0.00868	0.00489	0.00657	0.00190	0.00919	0.00647	0.00287	0.00783
5	0.00868	0.00688	0.01017	0.00987	0.01078	0.00836	0.00778	0.01063	0.00914	0.01334	0.01441	0.02131	0.01351	0.03905	0.68769	0.00841	0.10577	0.00600	0.00300	0.00524
6	0.00676	0.00579	0.00579	0.00579	0.00773	0.00483	0.00435	0.00821	0.01304	0.01545	0.05794	0.05505	0.76098	0.01449	0.00676	0.00193	0.00290	0.01207	0.00531	0.00483
7	0.01251	0.01251	0.01752	0.01502	0.01502	0.01752	0.01251	0.01377	0.00876	0.01377	0.00751	0.01251	0.00751	0.01001	0.01877	0.00250	0.78851	0.00501	0.00250	0.00626
8	0.01529	0.80242	0.02997	0.00979	0.01468	0.02263	0.00979	0.01713	0.01162	0.01346	0.00795	0.00918	0.00734	0.00489	0.00367	0.00122	0.00612	0.00306	0.00245	0.00734
9	0.02137	0.02726	0.01621	0.01474	0.01768	0.77602	0.01105	0.02284	0.01621	0.01400	0.00884	0.01031	0.00737	0.00589	0.00516	0.00147	0.01031	0.00368	0.00295	0.00663
10	0.00817	0.00613	0.00919	0.00919	0.01021	0.00715	0.00715	0.01021	0.00919	0.01328	0.01532	0.02247	0.01430	0.04290	0.77631	0.00919	0.01532	0.00613	0.00306	0.00511
11	0.00851	0.00595	0.00709	0.00697	0.00707	0.00630	0.00428	0.00878	0.00843	0.01144	0.01723	0.03471	0.01949	0.68446	0.10335	0.00576	0.04511	0.00794	0.00338	0.00377
12	0.00697	0.00498	0.00664	0.00796	0.00830	0.00465	0.00531	0.00796	0.01095	0.01460	0.03153	0.79525	0.03783	0.01792	0.00730	0.00232	0.00332	0.01626	0.00531	0.00465
13	0.00805	0.00584	0.00758	0.00714	0.00852	0.00538	0.00536	0.01070	0.01608	0.02266	0.73459	0.04318	0.07984	0.01180	0.00675	0.00180	0.00271	0.01041	0.00626	0.00538
14	0.02137	0.02726	0.01621	0.01474	0.01768	0.77602	0.01105	0.02284	0.01621	0.01400	0.00884	0.01031	0.00737	0.00589	0.00516	0.00147	0.01031	0.00368	0.00295	0.00663
15	0.00697	0.00498	0.00664	0.00796	0.00830	0.00465	0.00531	0.00796	0.01095	0.01460	0.03153	0.79525	0.03783	0.01792	0.00730	0.00232	0.00332	0.01626	0.00531	0.00465
16	0.00810	0.00585	0.00765	0.00720	0.00855	0.00540	0.00540	0.01079	0.01619	0.02294	0.76028	0.04273	0.05397	0.01169	0.00675	0.00180	0.00270	0.01034	0.00630	0.00540
17	0.01529	0.80242	0.02997	0.00979	0.01468	0.02263	0.00979	0.01713	0.01162	0.01346	0.00795	0.00918	0.00734	0.00489	0.00367	0.00122	0.00612	0.00306	0.00245	0.00734
18	0.02137	0.02726	0.01621	0.01474	0.01768	0.77602	0.01105	0.02284	0.01621	0.01400	0.00884	0.01031	0.00737	0.00589	0.00516	0.00147	0.01031	0.00368	0.00295	0.00663
19	0.01345	0.43055	0.38575	0.01292	0.01953	0.01813	0.01525	0.01760	0.01184	0.01570	0.00906	0.01057	0.00729	0.00515	0.00452	0.00151	0.00724	0.00362	0.00243	0.00788
20	0.00832	0.00555	0.00624	0.00624	0.00624	0.00555	0.00347	0.00832	0.00832	0.01109	0.01802	0.03743	0.02080	0.79898	0.02911	0.00555	0.00555	0.00832	0.00347	0.00347
21	0.01156	0.00985	0.01154	0.00844	0.01323	0.00744	0.00669	0.01401	0.01180	0.01839	0.01148	0.06005	0.01028	0.00508	0.00442	0.00094	0.00418	0.00418	0.00351	0.78293
22	0.00724	0.00541	0.00775	0.00862	0.00918	0.00505	0.03545	0.00839	0.01106	0.01475	0.03071	0.76337	0.03664	0.01738	0.00728	0.00231	0.00358	0.01587	0.00521	0.00477
23	0.01437	0.61676	0.20760	0.01135	0.01710	0.02039	0.01251	0.01736	0.01173	0.01458	0.00851	0.00987	0.00732	0.00502	0.00409	0.00136	0.00668	0.00334	0.00244	0.00761
24	0.02146	0.02448	0.01645	0.01435	0.01770	0.58824	0.01101	0.20148	0.01886	0.01946	0.01005	0.01116	0.00795	0.00613	0.00530	0.00153	0.00932	0.00405	0.00363	0.00740
25	0.01066	0.00533	0.00533	0.00533	0.00666	0.00533	0.00400	0.01333	0.01200	0.02132	0.01866	0.02132	0.01466	0.00666	0.00400	0.00133	0.00267	0.00533	0.83073	0.00533
26	0.00697	0.00498	0.00664	0.00796	0.00830	0.00465	0.00531	0.00796	0.01095	0.01460	0.03153	0.79525	0.03783	0.01792	0.00730	0.00232	0.00332	0.01626	0.00531	0.00465
27	0.00994	0.00497	0.00745	0.00745	0.00745	0.00497	0.00497	0.00745	0.00745	0.00994	0.00994	0.01739	0.00994	0.01987	0.02235	0.83358	0.00497	0.00497	0.00248	0.00248
28	0.01338	0.01520	0.03303	0.05702	0.03030	0.01439	0.71110	0.01816	0.01341	0.01816	0.01151	0.01542	0.00863	0.00486	0.00671	0.00193	0.00956	0.00668	0.00288	0.00766
29	0.00810	0.00585	0.00765	0.00720	0.00855	0.00540	0.00540	0.01079	0.01619	0.02294	0.76028	0.04273	0.05397	0.01169	0.00675	0.00180	0.00270	0.01034	0.00630	0.00540
30	0.00766	0.00572	0.00711	0.00700	0.00834	0.00517	0.00516	0.00986	0.01481	0.02020	0.51081	0.14691	0.20395	0.01313	0.00682	0.00190	0.00282	0.01151	0.00595	0.00517
31	0.01205	0.14705	0.65697	0.01531	0.02322	0.01470	0.01941	0.01796	0.01201	0.01741	0.00991	0.01164	0.00726	0.00535	0.00517	0.00172	0.00810	0.00405	0.00242	0.00828
32	0.01529	0.80242	0.02997	0.00979	0.01468	0.02263	0.00979	0.01713	0.01162	0.01346	0.00795	0.00918	0.00734	0.00489	0.00367	0.00122	0.00612	0.00306	0.00245	0.00734
33	0.01416	0.01070	0.01209	0.01124	0.01414	0.01186	0.00903	0.02578	0.50688	0.09489	0.02486	0.03132	0.02078	0.00959	0.00630	0.00209	0.00473	0.17552	0.00581	0.00823
34	0.00805	0.00546	0.00642	0.00668	0.00678	0.00543	0.00396	0.00832	0.00886	0.01185	0.02054	0.18364	0.02386	0.62005	0.05223	0.00505	0.00547	0.00978	0.00381	0.00375
35	0.01240	0.04348	0.62383	0.01816	0.09990	0.01339	0.04648	0.01838	0.01236	0.04412	0.01074	0.01261	0.00773	0.00542	0.00548	0.00179	0.00815	0.00444	0.00264	0.00851
36	0.00724	0.00606	0.03842	0.00840	0.00911	0.00507	0.00610	0.00852	0.01108	0.01484	0.03060	0.73697	0.03639	0.01733	0.00724	0.00231	0.00360	0.04072	0.00519	0.00483
37	0.00723	0.00531	0.00711	0.00824	0.00858	0.00520	0.00561	0.00828	0.01099	0.01478	0.04902	0.74363	0.03698	0.01743	0.00776	0.00232	0.03593	0.01564	0.00522	0.00473
38	0.03803	0.18249	0.01898	0.01347	0.03308	0.40097	0.01064	0.15111	0.04016	0.04509	0.01050	0.01143	0.00835	0.00593	0.00497	0.00150	0.00815	0.00400	0.00359	0.00756
39	0.09882	0.01115	0.03398	0.41391	0.02728	0.01229	0.01242	0.10675	0.03410	0.11595	0.01433	0.01671	0.03568	0.00639	0.00547	0.00183	0.00637	0.00525	0.03411	0.00722
40	0.01234	0.01057	0.01236	0.00909	0.01383	0.00874	0.00729	0.04043	0.04428	0.01924	0.01073	0.01237	0.00886	0.00476	0.00506	0.00100	0.04204	0.00366	0.00353	0.72982
41	0.04754	0.01121	0.02771	0.01059	0.01463	0.01062	0.03372	0.06447	0.22941	0.17899	0.06176	0.04283	0.01586	0.00697	0.00543	0.00160	0.00473	0.00582	0.00521	0.22088
42	0.04662	0.04913	0.17381	0.07475	0.02431	0.01304	0.31286	0.01790	0.04834	0.03381	0.03754	0.01509	0.01024	0.00539	0.00576	0.00172	0.00762	0.00548	0.00319	0.11343

[dist]
# distance from previous block
# <min> <max>
0	21

# created by:
# /software/SequenceAnalysis/GenePrediction/augustus/3.0.1/scripts/msa2prfl.pl ./fixed/BUSCOvEOG702Z5Q.fas
