[name]
unknown

[dist]
# distance from previous block
# <min> <max>
0	16

[block]
# block no. 0 follows, 41 sequences, length 20
# corresponding to MSA columns:
# 16-35
name=unknown_A
#
# <colnr> <probs for GDERKNQSTAVLIFYWHMCP>
#	G	D	E	R	K	N	Q	S	T	A	V	L	I	F	Y	W	H	M	C	P
0	0.00922	0.00658	0.00922	0.01053	0.01185	0.00658	0.00922	0.01185	0.01317	0.01712	0.03029	0.06452	0.03292	0.01580	0.00790	0.00263	0.00527	0.72480	0.00527	0.00527
1	0.01416	0.01359	0.02322	0.03511	0.76330	0.01359	0.01755	0.01755	0.01302	0.01869	0.01076	0.01416	0.00906	0.00510	0.00566	0.00170	0.00680	0.00510	0.00283	0.00906
2	0.01147	0.02959	0.76934	0.01630	0.02476	0.01328	0.02113	0.01811	0.01208	0.01811	0.01026	0.01208	0.00725	0.00543	0.00543	0.00181	0.00845	0.00423	0.00242	0.00845
3	0.02566	0.00973	0.01327	0.01018	0.01460	0.00841	0.00841	0.02788	0.01637	0.76726	0.02257	0.01947	0.01416	0.00708	0.00575	0.00177	0.00487	0.00575	0.00708	0.00973
4	0.02566	0.00973	0.01327	0.01018	0.01460	0.00841	0.00841	0.02788	0.01637	0.76726	0.02257	0.01947	0.01416	0.00708	0.00575	0.00177	0.00487	0.00575	0.00708	0.00973
5	0.01147	0.02959	0.76934	0.01630	0.02476	0.01328	0.02113	0.01811	0.01208	0.01811	0.01026	0.01208	0.00725	0.00543	0.00543	0.00181	0.00845	0.00423	0.00242	0.00845
6	0.00697	0.00498	0.00664	0.00796	0.00830	0.00465	0.00531	0.00796	0.01095	0.01460	0.03153	0.79525	0.03783	0.01792	0.00730	0.00232	0.00332	0.01626	0.00531	0.00465
7	0.01346	0.01268	0.02146	0.15778	0.61178	0.01310	0.01671	0.01689	0.01272	0.01813	0.01099	0.01464	0.00906	0.00527	0.00560	0.00172	0.00676	0.00510	0.03771	0.00846
8	0.01529	0.80242	0.02997	0.00979	0.01468	0.02263	0.00979	0.01713	0.01162	0.01346	0.00795	0.00918	0.00734	0.00489	0.00367	0.00122	0.00612	0.00306	0.00245	0.00734
9	0.01186	0.01017	0.01186	0.00847	0.01356	0.00762	0.00678	0.01440	0.01186	0.01864	0.01017	0.01186	0.00847	0.00424	0.00424	0.00085	0.00424	0.00339	0.00339	0.83395
10	0.01423	0.01229	0.01293	0.01164	0.01487	0.01423	0.00905	0.03039	0.75297	0.02393	0.02328	0.02134	0.01746	0.00776	0.00582	0.00194	0.00453	0.00647	0.00582	0.00905
11	0.01450	0.64168	0.18376	0.01114	0.01678	0.02069	0.01215	0.01733	0.01172	0.01443	0.00843	0.00978	0.00732	0.00501	0.00404	0.00135	0.00660	0.00330	0.00244	0.00757
12	0.01251	0.01251	0.01752	0.01502	0.01502	0.01752	0.01251	0.01377	0.00876	0.01377	0.00751	0.01251	0.00751	0.01001	0.01877	0.00250	0.78851	0.00501	0.00250	0.00626
13	0.00817	0.00613	0.00919	0.00919	0.01021	0.00715	0.00715	0.01021	0.00919	0.01328	0.01532	0.02247	0.01430	0.04290	0.77631	0.00919	0.01532	0.00613	0.00306	0.00511
14	0.01251	0.01251	0.01752	0.01502	0.01502	0.01752	0.01251	0.01377	0.00876	0.01377	0.00751	0.01251	0.00751	0.01001	0.01877	0.00250	0.78851	0.00501	0.00250	0.00626
15	0.02566	0.00973	0.01327	0.01018	0.01460	0.00841	0.00841	0.02788	0.01637	0.76726	0.02257	0.01947	0.01416	0.00708	0.00575	0.00177	0.00487	0.00575	0.00708	0.00973
16	0.01350	0.01543	0.03375	0.02411	0.02989	0.01446	0.74253	0.01832	0.01350	0.01832	0.01157	0.01543	0.00868	0.00482	0.00675	0.00193	0.00964	0.00675	0.00289	0.00771
17	0.01186	0.01017	0.01186	0.00847	0.01356	0.00762	0.00678	0.01440	0.01186	0.01864	0.01017	0.01186	0.00847	0.00424	0.00424	0.00085	0.00424	0.00339	0.00339	0.83395
18	0.00697	0.00498	0.00664	0.00796	0.00830	0.00465	0.00531	0.00796	0.01095	0.01460	0.03153	0.79525	0.03783	0.01792	0.00730	0.00232	0.00332	0.01626	0.00531	0.00465
19	0.01168	0.07073	0.72999	0.01596	0.02422	0.01378	0.02053	0.01806	0.01205	0.01787	0.01014	0.01192	0.00725	0.00541	0.00534	0.00178	0.00833	0.00416	0.00242	0.00839

[dist]
# distance from previous block
# <min> <max>
0	9

[block]
# block no. 1 follows, 41 sequences, length 39
# corresponding to MSA columns:
# 45-83
name=unknown_B
#
# <colnr> <probs for GDERKNQSTAVLIFYWHMCP>
#	G	D	E	R	K	N	Q	S	T	A	V	L	I	F	Y	W	H	M	C	P
0	0.00916	0.01337	0.24888	0.01008	0.01368	0.00789	0.01038	0.01311	0.01489	0.02141	0.52275	0.03302	0.03917	0.00971	0.00633	0.00180	0.00452	0.00841	0.00507	0.00636
1	0.01036	0.00900	0.01288	0.36569	0.02405	0.01050	0.01100	0.01604	0.17748	0.01670	0.01987	0.26364	0.01940	0.01004	0.00624	0.00205	0.00557	0.00893	0.00415	0.00642
2	0.39497	0.01243	0.01195	0.00952	0.01373	0.01322	0.00781	0.24665	0.01565	0.02738	0.01028	0.01127	0.00782	0.00556	0.00439	0.00155	0.00497	0.00381	0.00420	0.19283
3	0.01067	0.00880	0.01053	0.00807	0.01197	0.00692	0.00634	0.01326	0.01323	0.02000	0.24773	0.02164	0.02288	0.00660	0.00503	0.00115	0.00375	0.00559	0.00431	0.57155
4	0.01186	0.01017	0.01186	0.00847	0.01356	0.00762	0.00678	0.01440	0.01186	0.01864	0.01017	0.01186	0.00847	0.00424	0.00424	0.00085	0.00424	0.00339	0.00339	0.83395
5	0.01239	0.37311	0.02011	0.01014	0.01281	0.01603	0.00901	0.01437	0.01243	0.01653	0.24612	0.02055	0.02215	0.00819	0.00803	0.00169	0.18039	0.00580	0.00368	0.00648
6	0.01604	0.01901	0.25538	0.18719	0.02481	0.01520	0.01525	0.35075	0.01874	0.02556	0.01184	0.01355	0.00847	0.00616	0.00563	0.00179	0.00728	0.00484	0.00396	0.00857
7	0.01827	0.35963	0.03489	0.01045	0.01489	0.01607	0.00940	0.02352	0.17929	0.25462	0.01606	0.01522	0.01177	0.00624	0.00484	0.00157	0.00541	0.00470	0.00467	0.00850
8	0.01017	0.00809	0.01162	0.01538	0.24600	0.00809	0.00793	0.01124	0.00981	0.01350	0.01572	0.03006	0.01708	0.54756	0.02169	0.00433	0.00594	0.00730	0.00326	0.00524
9	0.01200	0.37159	0.01787	0.00860	0.01147	0.01385	0.00765	0.01409	0.01094	0.01516	0.01269	0.01611	0.01118	0.01733	0.24844	0.00377	0.00826	0.00454	0.18828	0.00618
10	0.39698	0.01982	0.01263	0.01142	0.01464	0.42558	0.00882	0.02007	0.01324	0.01935	0.00844	0.00985	0.00683	0.00563	0.00441	0.00161	0.00761	0.00341	0.00322	0.00643
11	0.58044	0.01263	0.01118	0.00931	0.01318	0.01439	0.00768	0.24719	0.01517	0.02895	0.00979	0.01070	0.00731	0.00580	0.00423	0.00175	0.00502	0.00375	0.00423	0.00731
12	0.01052	0.01481	0.25003	0.01105	0.01508	0.00986	0.01118	0.01746	0.17996	0.02150	0.34525	0.02844	0.04340	0.00888	0.00612	0.00184	0.00493	0.00757	0.00494	0.00717
13	0.27181	0.00743	0.00855	0.00827	0.00986	0.00846	0.00636	0.01169	0.00897	0.01645	0.01178	0.01716	0.01075	0.02583	0.36260	0.19160	0.00955	0.00491	0.00308	0.00486
14	0.02914	0.02641	0.02536	0.02314	0.02549	0.26380	0.01688	0.02641	0.02053	0.02738	0.02261	0.03118	0.02102	0.01708	0.01746	0.00458	0.37122	0.00905	0.00760	0.01366
15	0.57576	0.00913	0.00785	0.00766	0.01019	0.01024	0.00591	0.01401	0.01012	0.02216	0.01543	0.25820	0.01621	0.00930	0.00473	0.00195	0.00407	0.00727	0.00410	0.00570
16	0.01101	0.01632	0.25537	0.54171	0.03476	0.01289	0.01755	0.01572	0.01164	0.01572	0.01020	0.01424	0.00750	0.00563	0.00563	0.00188	0.00789	0.00481	0.00250	0.00702
17	0.00889	0.00885	0.01465	0.01159	0.01475	0.00788	0.23813	0.01141	0.01318	0.01636	0.04326	0.04250	0.52273	0.01143	0.00676	0.00193	0.00503	0.01039	0.00455	0.00574
18	0.00817	0.00588	0.00788	0.00840	0.00952	0.00559	0.00657	0.01045	0.01400	0.01908	0.35244	0.21852	0.05710	0.01444	0.00724	0.00218	0.00365	0.23797	0.00573	0.00518
19	0.00883	0.18370	0.01187	0.00837	0.00973	0.00868	0.00631	0.01002	0.01110	0.01435	0.02624	0.61907	0.03100	0.01500	0.00649	0.00208	0.00395	0.01330	0.00467	0.00525
20	0.01338	0.18840	0.01626	0.00977	0.01423	0.01308	0.00817	0.02008	0.24652	0.01915	0.01382	0.01426	0.01107	0.00550	0.00461	0.00128	0.00475	0.00429	0.00395	0.38744
21	0.01025	0.00878	0.00994	0.00762	0.01171	0.00674	0.00601	0.01244	0.01223	0.01763	0.02530	0.02554	0.24679	0.00748	0.00504	0.00119	0.00381	0.00614	0.00400	0.57137
22	0.01703	0.02225	0.36255	0.01460	0.02096	0.01569	0.01558	0.41081	0.02009	0.02781	0.01214	0.01297	0.00859	0.00621	0.00559	0.00176	0.00729	0.00473	0.00420	0.00914
23	0.01551	0.01148	0.01350	0.01134	0.01428	0.01288	0.00916	0.40718	0.01877	0.02559	0.01446	0.01775	0.01183	0.02341	0.35956	0.00515	0.01044	0.00560	0.00450	0.00761
24	0.01536	0.01320	0.01845	0.01346	0.01854	0.01236	0.17297	0.24642	0.01699	0.02408	0.01161	0.01325	0.00892	0.00520	0.00527	0.00136	0.00610	0.00470	0.00402	0.38774
25	0.01395	0.26074	0.01757	0.01089	0.01407	0.01417	0.00977	0.17766	0.01575	0.02020	0.01950	0.03561	0.01962	0.01034	0.00607	0.00198	0.00577	0.33494	0.00448	0.00692
26	0.19890	0.01361	0.02323	0.02544	0.36244	0.01370	0.24461	0.01763	0.01244	0.02013	0.01039	0.01347	0.00830	0.00506	0.00553	0.00179	0.00717	0.00517	0.00301	0.00799
27	0.01038	0.00919	0.01218	0.25387	0.02043	0.00861	0.00912	0.01308	0.01199	0.01665	0.02087	0.02261	0.17686	0.00700	0.00527	0.00143	0.00501	0.00587	0.00355	0.38603
28	0.00960	0.00772	0.00872	0.00716	0.00993	0.00634	0.00518	0.01109	0.01100	0.01553	0.02336	0.02964	0.18103	0.25823	0.01268	0.00258	0.00435	0.00690	0.00384	0.38511
29	0.02030	0.19227	0.02004	0.01240	0.01705	0.01884	0.01063	0.58127	0.02347	0.03099	0.01244	0.01271	0.00919	0.00642	0.00526	0.00161	0.00625	0.00468	0.00499	0.00919
30	0.00894	0.00866	0.01484	0.01208	0.01487	0.00784	0.23834	0.01136	0.01272	0.01617	0.03734	0.20839	0.36065	0.01219	0.00688	0.00202	0.00513	0.01133	0.00455	0.00570
31	0.19337	0.00697	0.00638	0.00618	0.00847	0.00662	0.00476	0.01014	0.01230	0.01774	0.04674	0.04479	0.59182	0.01243	0.00604	0.00190	0.00324	0.01006	0.00491	0.00513
32	0.00697	0.00498	0.00664	0.00796	0.00830	0.00465	0.00531	0.00796	0.01095	0.01460	0.03153	0.79525	0.03783	0.01792	0.00730	0.00232	0.00332	0.01626	0.00531	0.00465
33	0.00952	0.00749	0.00886	0.00896	0.01044	0.00785	0.00651	0.01570	0.24712	0.01942	0.19224	0.38150	0.03500	0.01331	0.00671	0.00208	0.00356	0.01183	0.00569	0.00621
34	0.01285	0.01084	0.01175	0.01064	0.01346	0.01225	0.00823	0.02600	0.58784	0.02371	0.18846	0.02613	0.02564	0.00864	0.00603	0.00191	0.00412	0.00734	0.00593	0.00823
35	0.02032	0.01178	0.01402	0.01060	0.01520	0.01109	0.00869	0.25074	0.01846	0.31692	0.02930	0.01597	0.01189	0.00631	0.00534	0.00150	0.00511	0.00499	0.00562	0.23614
36	0.02007	0.01859	0.01451	0.01273	0.01610	0.36272	0.00983	0.02636	0.24958	0.18596	0.01649	0.01586	0.01209	0.00675	0.00550	0.00169	0.00726	0.00503	0.00478	0.00809
37	0.58044	0.01263	0.01118	0.00931	0.01318	0.01439	0.00768	0.24719	0.01517	0.02895	0.00979	0.01070	0.00731	0.00580	0.00423	0.00175	0.00502	0.00375	0.00423	0.00731
38	0.27321	0.01045	0.01439	0.53893	0.03042	0.01275	0.01282	0.01531	0.01090	0.01811	0.00947	0.01336	0.00717	0.00559	0.00503	0.00186	0.00661	0.00445	0.00286	0.00630

[dist]
# distance from previous block
# <min> <max>
0	1

[block]
# block no. 2 follows, 41 sequences, length 14
# corresponding to MSA columns:
# 85-98
name=unknown_C
#
# <colnr> <probs for GDERKNQSTAVLIFYWHMCP>
#	G	D	E	R	K	N	Q	S	T	A	V	L	I	F	Y	W	H	M	C	P
0	0.01019	0.01619	0.29902	0.23965	0.02428	0.01110	0.01500	0.01449	0.01094	0.01550	0.01190	0.01642	0.00967	0.01782	0.25859	0.00426	0.01046	0.00510	0.00267	0.00674
1	0.00852	0.00683	0.01011	0.23580	0.01752	0.00730	0.00845	0.01099	0.01308	0.01776	0.30088	0.28171	0.03507	0.01198	0.00663	0.00200	0.00435	0.01074	0.00487	0.00543
2	0.56736	0.01077	0.01128	0.26284	0.02036	0.01279	0.00938	0.01609	0.01029	0.02204	0.00869	0.01125	0.00666	0.00544	0.00426	0.00181	0.00548	0.00375	0.00321	0.00625
3	0.01257	0.01215	0.01956	0.27548	0.30602	0.01445	0.01553	0.01548	0.01125	0.01591	0.00961	0.01403	0.00813	0.00674	0.00953	0.00200	0.23650	0.00507	0.00264	0.00735
4	0.01202	0.00987	0.01557	0.24549	0.30243	0.01062	0.01261	0.01530	0.01222	0.01836	0.01318	0.01683	0.01048	0.00579	0.00513	0.00164	0.00568	0.00517	0.27454	0.00704
5	0.00849	0.00700	0.00932	0.23474	0.01655	0.00739	0.00747	0.01019	0.01110	0.01398	0.04969	0.03725	0.27787	0.26938	0.01379	0.00311	0.00515	0.00874	0.00392	0.00484
6	0.01430	0.00669	0.00796	0.00705	0.00885	0.00630	0.00512	0.01595	0.01207	0.23690	0.01960	0.02607	0.01653	0.26690	0.01276	0.00284	0.00426	0.00644	0.31740	0.00601
7	0.01731	0.01000	0.01204	0.01032	0.01325	0.01005	0.00804	0.25552	0.01778	0.24255	0.02305	0.31099	0.02166	0.01111	0.00633	0.00196	0.00475	0.00953	0.00596	0.00781
8	0.01985	0.24683	0.02092	0.01217	0.01684	0.01917	0.01055	0.53083	0.02241	0.02942	0.01204	0.01240	0.00903	0.00629	0.00512	0.00157	0.00624	0.00454	0.00476	0.00903
9	0.00722	0.00554	0.00661	0.00692	0.00815	0.00494	0.00497	0.00889	0.01328	0.01737	0.25541	0.29444	0.31607	0.01479	0.00693	0.00202	0.00298	0.01294	0.00560	0.00494
10	0.01368	0.01068	0.01371	0.23806	0.02099	0.01196	0.01052	0.28837	0.01712	0.02272	0.01853	0.27075	0.01834	0.01016	0.00624	0.00197	0.00571	0.00878	0.00465	0.00707
11	0.56610	0.00906	0.00783	0.00767	0.01015	0.01014	0.00590	0.01391	0.01013	0.02203	0.01570	0.26732	0.01658	0.00945	0.00477	0.00195	0.00406	0.00742	0.00412	0.00569
12	0.01322	0.01464	0.01329	0.01191	0.01341	0.23597	0.00940	0.01460	0.01235	0.01439	0.02446	0.02583	0.25483	0.01027	0.01083	0.00201	0.30220	0.00694	0.00356	0.00590
13	0.01090	0.00973	0.01313	0.01118	0.01301	0.01121	0.00907	0.01279	0.00981	0.01504	0.01085	0.01559	0.01002	0.01911	0.26320	0.00421	0.30449	0.00490	0.00295	0.24881

[dist]
# distance from previous block
# <min> <max>
0	10

[block]
# block no. 3 follows, 41 sequences, length 7
# corresponding to MSA columns:
# 109-115
name=unknown_D
#
# <colnr> <probs for GDERKNQSTAVLIFYWHMCP>
#	G	D	E	R	K	N	Q	S	T	A	V	L	I	F	Y	W	H	M	C	P
0	0.01718	0.01403	0.01531	0.01267	0.01722	0.01251	0.00952	0.02285	0.26172	0.02444	0.01910	0.02135	0.01579	0.00854	0.00679	0.00211	0.00593	0.00598	0.00574	0.50121
1	0.01858	0.02063	0.26620	0.01595	0.02099	0.01542	0.01496	0.26092	0.01907	0.02689	0.01731	0.02168	0.01435	0.01884	0.21078	0.00456	0.01084	0.00654	0.00530	0.01020
2	0.01947	0.01484	0.01596	0.01388	0.01729	0.01527	0.01051	0.26513	0.26561	0.03136	0.21808	0.03008	0.02818	0.01138	0.00794	0.00265	0.00621	0.00839	0.00728	0.01047
3	0.01343	0.00894	0.01105	0.01165	0.01256	0.00816	0.00831	0.01241	0.01327	0.01805	0.02708	0.29503	0.02951	0.02014	0.01424	0.27775	0.00604	0.20003	0.00577	0.00657
4	0.00982	0.00889	0.01624	0.01385	0.01622	0.00847	0.24969	0.01244	0.01219	0.01624	0.02363	0.28991	0.02567	0.06978	0.00886	0.00251	0.00608	0.19941	0.00437	0.00574
5	0.01066	0.00982	0.01589	0.01243	0.01611	0.00844	0.20033	0.01329	0.01199	0.01721	0.01766	0.27393	0.01831	0.00895	0.00592	0.00162	0.00536	0.00857	0.00390	0.33961
6	0.01422	0.01034	0.01337	0.21484	0.02007	0.01137	0.01016	0.25434	0.01674	0.07637	0.01936	0.27505	0.01886	0.01026	0.00625	0.00197	0.00555	0.00888	0.00484	0.00714

[dist]
# distance from previous block
# <min> <max>
0	1

[block]
# block no. 4 follows, 41 sequences, length 13
# corresponding to MSA columns:
# 117-129
name=unknown_E
#
# <colnr> <probs for GDERKNQSTAVLIFYWHMCP>
#	G	D	E	R	K	N	Q	S	T	A	V	L	I	F	Y	W	H	M	C	P
0	0.01616	0.01198	0.01334	0.01109	0.01436	0.01266	0.00873	0.44435	0.02047	0.02766	0.01907	0.26192	0.01854	0.01014	0.00609	0.00183	0.00516	0.00852	0.00538	0.08253
1	0.00888	0.00717	0.00748	0.00691	0.00914	0.00659	0.00531	0.10445	0.01515	0.01885	0.11561	0.04858	0.59872	0.01326	0.00664	0.00190	0.00334	0.01102	0.00547	0.00554
2	0.01429	0.01816	0.11496	0.43962	0.03060	0.25537	0.01505	0.01771	0.01306	0.01492	0.00980	0.01332	0.00753	0.00577	0.00552	0.00176	0.00860	0.00454	0.00267	0.00674
3	0.27570	0.01112	0.01104	0.01004	0.01308	0.01288	0.00791	0.02347	0.41932	0.02312	0.01741	0.01771	0.01350	0.01159	0.10558	0.00284	0.00592	0.00536	0.00475	0.00765
4	0.01804	0.00861	0.01175	0.01013	0.01268	0.00842	0.00798	0.01973	0.01368	0.42936	0.02348	0.26515	0.02085	0.01093	0.00796	0.00205	0.10657	0.00901	0.00593	0.00768
5	0.00802	0.00573	0.00783	0.00915	0.00992	0.00554	0.00708	0.00974	0.01197	0.01577	0.03100	0.46728	0.03565	0.01699	0.00759	0.00247	0.00421	0.33382	0.00530	0.00495
6	0.00699	0.00512	0.00656	0.00771	0.00825	0.00470	0.00520	0.00803	0.01125	0.01475	0.03504	0.69704	0.13334	0.01749	0.00725	0.00228	0.00328	0.01571	0.00532	0.00469
7	0.02445	0.01176	0.01454	0.01115	0.01563	0.01140	0.00921	0.25554	0.01974	0.53442	0.01979	0.01770	0.01279	0.00704	0.00576	0.00176	0.00534	0.00557	0.00666	0.00975
8	0.00895	0.00889	0.01471	0.01165	0.01480	0.00792	0.23895	0.01146	0.01321	0.01640	0.04322	0.04249	0.52144	0.01144	0.00677	0.00194	0.00506	0.01039	0.00456	0.00577
9	0.00723	0.00584	0.00642	0.00627	0.00802	0.00504	0.00470	0.00906	0.01407	0.01787	0.28115	0.05116	0.53583	0.01362	0.00677	0.00190	0.00285	0.01153	0.00564	0.00503
10	0.57664	0.01148	0.00988	0.00886	0.01230	0.01330	0.00712	0.02116	0.24595	0.02514	0.01288	0.01318	0.00982	0.00612	0.00428	0.00183	0.00447	0.00418	0.00428	0.00713
11	0.00836	0.00558	0.00627	0.00627	0.00627	0.00557	0.00349	0.00835	0.00835	0.01113	0.01806	0.03747	0.02083	0.79847	0.02912	0.00555	0.00556	0.00833	0.00348	0.00349
12	0.01324	0.00961	0.01177	0.01140	0.01375	0.01015	0.00976	0.24462	0.01755	0.02317	0.02505	0.04840	0.02557	0.01298	0.00722	0.00235	0.00561	0.49563	0.00542	0.00671

[dist]
# distance from previous block
# <min> <max>
3	11

[block]
# block no. 5 follows, 41 sequences, length 26
# corresponding to MSA columns:
# 141-166
name=unknown_F
#
# <colnr> <probs for GDERKNQSTAVLIFYWHMCP>
#	G	D	E	R	K	N	Q	S	T	A	V	L	I	F	Y	W	H	M	C	P
0	0.01693	0.63688	0.02727	0.01108	0.01558	0.17903	0.01020	0.01857	0.01282	0.01396	0.00855	0.00998	0.00773	0.00537	0.00416	0.00135	0.00712	0.00333	0.00269	0.00739
1	0.00858	0.00637	0.00916	0.00905	0.01017	0.00702	0.00696	0.01063	0.01091	0.01567	0.17020	0.02716	0.02287	0.03646	0.61196	0.00768	0.01277	0.00712	0.00387	0.00538
2	0.01632	0.01340	0.01416	0.01224	0.01580	0.01522	0.00963	0.19347	0.58280	0.02701	0.02142	0.02010	0.01602	0.00781	0.00597	0.00196	0.00507	0.00628	0.00592	0.00940
3	0.01201	0.00944	0.01078	0.00810	0.01241	0.00738	0.00637	0.01445	0.01214	0.01955	0.01233	0.01438	0.01013	0.00501	0.00436	0.00103	0.00405	0.00393	0.17512	0.65702
4	0.01243	0.02642	0.61004	0.02043	0.17815	0.01355	0.02047	0.01825	0.01252	0.01859	0.01077	0.01306	0.00801	0.00563	0.00565	0.00186	0.00822	0.00454	0.00264	0.00877
5	0.01244	0.02615	0.60791	0.01556	0.02292	0.01368	0.01871	0.02091	0.16599	0.01968	0.01336	0.01455	0.00975	0.00618	0.00568	0.00191	0.00775	0.00482	0.00326	0.00877
6	0.01190	0.01115	0.01865	0.62498	0.18966	0.01309	0.01635	0.01550	0.01202	0.01584	0.01069	0.01556	0.00831	0.00585	0.00588	0.00194	0.00757	0.00521	0.00274	0.00712
7	0.01267	0.17530	0.02101	0.50076	0.14920	0.01511	0.01500	0.01587	0.01198	0.01540	0.01020	0.01435	0.00818	0.00571	0.00545	0.00180	0.00730	0.00479	0.00271	0.00719
8	0.02177	0.00955	0.01251	0.00999	0.01376	0.00859	0.00807	0.05349	0.04252	0.55320	0.17556	0.02463	0.02269	0.00831	0.00613	0.00185	0.00460	0.00683	0.00693	0.00900
9	0.00740	0.00529	0.00694	0.00824	0.00861	0.00490	0.00549	0.00828	0.01120	0.01498	0.03179	0.79081	0.03802	0.01811	0.00746	0.00239	0.00346	0.01632	0.00543	0.00486
10	0.02303	0.01413	0.17035	0.01171	0.01698	0.00965	0.01121	0.02604	0.01570	0.60747	0.02034	0.01844	0.01307	0.00699	0.00585	0.00185	0.00575	0.00556	0.00622	0.00965
11	0.01455	0.01358	0.02128	0.03035	0.60358	0.01392	0.01590	0.02047	0.16673	0.02013	0.01375	0.01619	0.01118	0.00592	0.00586	0.00182	0.00645	0.00551	0.00359	0.00925
12	0.01332	0.01170	0.01952	0.10682	0.52741	0.01191	0.01488	0.01541	0.01195	0.01681	0.01092	0.01548	0.00947	0.00849	0.00930	0.17433	0.00663	0.00519	0.00287	0.00761
13	0.01982	0.01458	0.01582	0.01232	0.01644	0.01599	0.01010	0.64061	0.02538	0.03420	0.11920	0.01783	0.01598	0.00755	0.00587	0.00173	0.00579	0.00588	0.00580	0.00912
14	0.01336	0.01502	0.03146	0.02282	0.02779	0.01490	0.63940	0.01768	0.01283	0.01768	0.01100	0.01502	0.00851	0.00555	0.00845	0.00201	0.11968	0.00650	0.00284	0.00751
15	0.01600	0.66185	0.05775	0.01075	0.01551	0.12869	0.01042	0.01797	0.01229	0.01372	0.00817	0.00945	0.00734	0.00506	0.00395	0.00128	0.00680	0.00319	0.00252	0.00728
16	0.00831	0.00558	0.00642	0.00642	0.00649	0.00565	0.00370	0.00844	0.00837	0.01123	0.01785	0.03649	0.02039	0.75142	0.07611	0.00577	0.00616	0.00818	0.00344	0.00357
17	0.01070	0.00579	0.00622	0.03710	0.00828	0.00595	0.00467	0.02879	0.01199	0.02053	0.01809	0.02196	0.01465	0.05735	0.02457	0.00182	0.00343	0.00552	0.70723	0.00534
18	0.01117	0.00631	0.00641	0.00622	0.00782	0.00659	0.00471	0.01574	0.11667	0.02169	0.01931	0.02133	0.01506	0.00682	0.00426	0.00142	0.00293	0.00549	0.71420	0.00586
19	0.01186	0.02714	0.66249	0.01564	0.02336	0.01342	0.01943	0.01985	0.11674	0.01894	0.01210	0.01338	0.00869	0.00576	0.00549	0.00183	0.00790	0.00454	0.00290	0.00854
20	0.38346	0.01094	0.01121	0.00927	0.01304	0.01156	0.00762	0.12277	0.02881	0.25665	0.06146	0.01675	0.01303	0.00678	0.00488	0.00179	0.00474	0.02226	0.00520	0.00777
21	0.01223	0.00684	0.00700	0.00644	0.00823	0.00708	0.00497	0.11658	0.01410	0.02340	0.01796	0.02025	0.01396	0.00669	0.00424	0.00139	0.00318	0.00531	0.71418	0.00595
22	0.66737	0.01256	0.04291	0.01037	0.01445	0.01321	0.11095	0.03661	0.01082	0.02460	0.00872	0.01039	0.00668	0.00529	0.00413	0.00179	0.00537	0.00371	0.00346	0.00660
23	0.01430	0.00952	0.01115	0.11831	0.01512	0.01034	0.00804	0.22688	0.03447	0.05420	0.06290	0.02050	0.01512	0.05471	0.00654	0.00184	0.00473	0.00578	0.31862	0.00691
24	0.02041	0.13570	0.01648	0.01100	0.01506	0.06173	0.00918	0.23494	0.06730	0.27006	0.01684	0.03483	0.01220	0.00689	0.00531	0.00165	0.00562	0.00530	0.06080	0.00870
25	0.00922	0.00658	0.00922	0.01053	0.01185	0.00658	0.00922	0.01185	0.01317	0.01712	0.03029	0.06452	0.03292	0.01580	0.00790	0.00263	0.00527	0.72480	0.00527	0.00527

[dist]
# distance from previous block
# <min> <max>
12	20

[block]
# block no. 6 follows, 41 sequences, length 6
# corresponding to MSA columns:
# 187-192
name=unknown_G
#
# <colnr> <probs for GDERKNQSTAVLIFYWHMCP>
#	G	D	E	R	K	N	Q	S	T	A	V	L	I	F	Y	W	H	M	C	P
0	0.01766	0.00817	0.01085	0.00922	0.01234	0.00704	0.00716	0.01950	0.01399	0.42173	0.02410	0.28145	0.02149	0.01041	0.00609	0.00185	0.00427	0.00903	0.00603	0.10760
1	0.01142	0.01092	0.01945	0.05300	0.26024	0.01077	0.19199	0.01499	0.04815	0.01730	0.01858	0.27957	0.01906	0.00953	0.00650	0.00199	0.00624	0.00935	0.00382	0.00712
2	0.01495	0.02504	0.34964	0.10946	0.02464	0.27181	0.08925	0.01931	0.01354	0.01632	0.00990	0.01220	0.00748	0.00556	0.00551	0.00172	0.00910	0.00440	0.00266	0.00751
3	0.00738	0.00537	0.00750	0.00838	0.00895	0.00549	0.00593	0.00873	0.01036	0.01415	0.02603	0.53336	0.02986	0.02638	0.26791	0.00465	0.00739	0.01283	0.00455	0.00480
4	0.01933	0.00812	0.01102	0.00943	0.01246	0.00713	0.00736	0.02113	0.01453	0.51219	0.02560	0.28237	0.02218	0.01075	0.00628	0.00196	0.00434	0.00931	0.00648	0.00801
5	0.01546	0.01369	0.02154	0.27557	0.10231	0.01490	0.17949	0.26301	0.01730	0.02313	0.01175	0.01467	0.00872	0.00584	0.00595	0.00183	0.00755	0.00549	0.00373	0.00808

[dist]
# distance from previous block
# <min> <max>
5	143

# created by:
# /software/SequenceAnalysis/GenePrediction/augustus/3.0.1/scripts/msa2prfl.pl ./fixed/BUSCOvEOG7ZGQSP.fas
