[name]
unknown

[dist]
# distance from previous block
# <min> <max>
67	187

[block]
# block no. 0 follows, 41 sequences, length 22
# corresponding to MSA columns:
# 198-219
name=unknown_A
#
# <colnr> <probs for GDERKNQSTAVLIFYWHMCP>
#	G	D	E	R	K	N	Q	S	T	A	V	L	I	F	Y	W	H	M	C	P
0	0.00906	0.00647	0.00904	0.01036	0.01161	0.00645	0.00895	0.01159	0.01302	0.01695	0.03037	0.11428	0.03325	0.01595	0.00786	0.00261	0.00513	0.67655	0.00527	0.00522
1	0.00810	0.00585	0.00765	0.00720	0.00855	0.00540	0.00540	0.01079	0.01619	0.02294	0.76028	0.04273	0.05397	0.01169	0.00675	0.00180	0.00270	0.01034	0.00630	0.00540
2	0.00829	0.00561	0.00636	0.00643	0.00658	0.00556	0.00379	0.00849	0.00878	0.01159	0.02049	0.03958	0.05608	0.72396	0.02703	0.00523	0.00541	0.04349	0.00364	0.00362
3	0.00817	0.00613	0.00919	0.00919	0.01021	0.00715	0.00715	0.01021	0.00919	0.01328	0.01532	0.02247	0.01430	0.04290	0.77631	0.00919	0.01532	0.00613	0.00306	0.00511
4	0.00683	0.00580	0.00589	0.00587	0.00777	0.00486	0.00440	0.00835	0.01321	0.01586	0.09608	0.05438	0.72259	0.01433	0.00676	0.00192	0.00289	0.01198	0.00537	0.00486
5	0.01147	0.02959	0.76934	0.01630	0.02476	0.01328	0.02113	0.01811	0.01208	0.01811	0.01026	0.01208	0.00725	0.00543	0.00543	0.00181	0.00845	0.00423	0.00242	0.00845
6	0.02566	0.00973	0.01327	0.01018	0.01460	0.00841	0.00841	0.02788	0.01637	0.76726	0.02257	0.01947	0.01416	0.00708	0.00575	0.00177	0.00487	0.00575	0.00708	0.00973
7	0.01066	0.00533	0.00533	0.00533	0.00666	0.00533	0.00400	0.01333	0.01200	0.02132	0.01866	0.02132	0.01466	0.00666	0.00400	0.00133	0.00267	0.00533	0.83073	0.00533
8	0.01147	0.02959	0.76934	0.01630	0.02476	0.01328	0.02113	0.01811	0.01208	0.01811	0.01026	0.01208	0.00725	0.00543	0.00543	0.00181	0.00845	0.00423	0.00242	0.00845
9	0.02174	0.01602	0.01717	0.01316	0.01774	0.01774	0.01087	0.74423	0.02689	0.03605	0.01373	0.01373	0.00973	0.00687	0.00572	0.00172	0.00629	0.00515	0.00572	0.00973
10	0.83938	0.01106	0.00841	0.00752	0.01106	0.01283	0.00619	0.01681	0.00973	0.02566	0.00796	0.00929	0.00619	0.00531	0.00354	0.00177	0.00442	0.00310	0.00354	0.00619
11	0.02174	0.01602	0.01717	0.01316	0.01774	0.01774	0.01087	0.74423	0.02689	0.03605	0.01373	0.01373	0.00973	0.00687	0.00572	0.00172	0.00629	0.00515	0.00572	0.00973
12	0.00922	0.00658	0.00922	0.01053	0.01185	0.00658	0.00922	0.01185	0.01317	0.01712	0.03029	0.06452	0.03292	0.01580	0.00790	0.00263	0.00527	0.72480	0.00527	0.00527
13	0.00922	0.00658	0.00922	0.01053	0.01185	0.00658	0.00922	0.01185	0.01317	0.01712	0.03029	0.06452	0.03292	0.01580	0.00790	0.00263	0.00527	0.72480	0.00527	0.00527
14	0.01732	0.03869	0.01867	0.11796	0.15930	0.34218	0.04703	0.07291	0.07001	0.01747	0.01085	0.01302	0.00870	0.00601	0.00595	0.00168	0.03687	0.00462	0.00326	0.00751
15	0.05176	0.05149	0.01752	0.01466	0.03760	0.04583	0.01187	0.01457	0.00953	0.01473	0.00785	0.01213	0.00753	0.00892	0.01561	0.00225	0.61748	0.00469	0.00262	0.05135
16	0.00697	0.00498	0.00664	0.00796	0.00830	0.00465	0.00531	0.00796	0.01095	0.01460	0.03153	0.79525	0.03783	0.01792	0.00730	0.00232	0.00332	0.01626	0.00531	0.00465
17	0.01281	0.01014	0.01196	0.00859	0.01363	0.00768	0.00689	0.01533	0.01217	0.07011	0.01102	0.01238	0.00886	0.00443	0.00434	0.00091	0.00428	0.00355	0.00364	0.77727
18	0.01608	0.35531	0.07423	0.01116	0.01575	0.08823	0.02773	0.05217	0.08023	0.09194	0.05243	0.01403	0.01170	0.00590	0.00472	0.00144	0.00615	0.00438	0.00371	0.08271
19	0.01752	0.51769	0.02492	0.01160	0.01578	0.29937	0.01025	0.01923	0.01331	0.01366	0.00828	0.00959	0.00735	0.00526	0.00422	0.00132	0.00766	0.00329	0.00263	0.00708
20	0.00676	0.00579	0.00579	0.00579	0.00773	0.00483	0.00435	0.00821	0.01304	0.01545	0.05794	0.05505	0.76098	0.01449	0.00676	0.00193	0.00290	0.01207	0.00531	0.00483
21	0.02016	0.18117	0.01894	0.01375	0.01709	0.62643	0.01080	0.02171	0.01530	0.01389	0.00866	0.01009	0.00736	0.00570	0.00486	0.00142	0.00948	0.00356	0.00285	0.00677

[dist]
# distance from previous block
# <min> <max>
2	7

[block]
# block no. 1 follows, 41 sequences, length 12
# corresponding to MSA columns:
# 228-239
name=unknown_B
#
# <colnr> <probs for GDERKNQSTAVLIFYWHMCP>
#	G	D	E	R	K	N	Q	S	T	A	V	L	I	F	Y	W	H	M	C	P
0	0.02425	0.01200	0.01468	0.01125	0.01573	0.01177	0.00929	0.28598	0.02016	0.50380	0.01938	0.01740	0.01256	0.00700	0.00574	0.00175	0.00538	0.00554	0.00659	0.00973
1	0.01694	0.01363	0.01446	0.01219	0.01591	0.01549	0.00971	0.28759	0.49136	0.02829	0.01984	0.01860	0.01467	0.00744	0.00578	0.00186	0.00516	0.00599	0.00578	0.00930
2	0.01694	0.01363	0.01446	0.01219	0.01591	0.01549	0.00971	0.28759	0.49136	0.02829	0.01984	0.01860	0.01467	0.00744	0.00578	0.00186	0.00516	0.00599	0.00578	0.00930
3	0.31885	0.01021	0.01152	0.00922	0.01333	0.01000	0.00761	0.02389	0.01398	0.50006	0.01730	0.01580	0.01129	0.00644	0.00495	0.00177	0.00471	0.00480	0.00580	0.00846
4	0.01913	0.00866	0.01145	0.00926	0.01258	0.00781	0.00745	0.05930	0.01686	0.46072	0.28790	0.02755	0.02827	0.00873	0.00611	0.00178	0.00416	0.00738	0.00673	0.00817
5	0.31614	0.02023	0.01350	0.01197	0.01530	0.42046	0.00928	0.09733	0.01501	0.02054	0.00905	0.01031	0.00720	0.00579	0.00463	0.00161	0.00777	0.00363	0.00346	0.00680
6	0.31163	0.03313	0.01165	0.00866	0.01310	0.01084	0.00709	0.07933	0.01261	0.05840	0.01021	0.01139	0.00800	0.00501	0.00417	0.00131	0.00457	0.00354	0.00380	0.40158
7	0.01840	0.05324	0.03637	0.12789	0.05414	0.02755	0.01113	0.08241	0.13589	0.28921	0.01670	0.01682	0.01179	0.00699	0.00692	0.00185	0.08379	0.00539	0.00498	0.00852
8	0.30977	0.02291	0.49518	0.01314	0.01982	0.01312	0.01575	0.01765	0.01123	0.02083	0.00944	0.01107	0.00687	0.00539	0.00475	0.00180	0.00700	0.00382	0.00282	0.00764
9	0.02173	0.01264	0.01460	0.01135	0.01539	0.01308	0.00920	0.40792	0.02113	0.29685	0.01737	0.01832	0.01250	0.09112	0.00822	0.00214	0.00570	0.00570	0.00597	0.00906
10	0.01877	0.01581	0.02314	0.01710	0.02212	0.01656	0.27449	0.48268	0.02207	0.02966	0.01295	0.01434	0.00935	0.00613	0.00609	0.00179	0.00750	0.00573	0.00470	0.00900
11	0.00819	0.00607	0.00888	0.00888	0.00979	0.00698	0.00676	0.01001	0.00910	0.01305	0.01561	0.02406	0.01499	0.12325	0.69691	0.00881	0.01428	0.00636	0.00311	0.00493

[dist]
# distance from previous block
# <min> <max>
0	1

[block]
# block no. 2 follows, 41 sequences, length 10
# corresponding to MSA columns:
# 241-250
name=unknown_C
#
# <colnr> <probs for GDERKNQSTAVLIFYWHMCP>
#	G	D	E	R	K	N	Q	S	T	A	V	L	I	F	Y	W	H	M	C	P
0	0.00949	0.00522	0.00574	0.00616	0.00718	0.00511	0.00441	0.01163	0.01166	0.01920	0.02273	0.26609	0.02199	0.01022	0.00504	0.00165	0.00287	0.00879	0.56968	0.00511
1	0.00822	0.00594	0.00826	0.00826	0.00896	0.00664	0.00598	0.00961	0.00892	0.01259	0.01618	0.02720	0.01635	0.28202	0.54000	0.00804	0.01223	0.00682	0.00319	0.00459
2	0.00781	0.00570	0.00808	0.00850	0.00920	0.00619	0.00619	0.00931	0.00966	0.01347	0.02072	0.26841	0.02241	0.11247	0.45654	0.00665	0.01052	0.00956	0.00382	0.00479
3	0.01408	0.55800	0.26381	0.01185	0.01787	0.01968	0.01338	0.01744	0.01177	0.01493	0.00868	0.01009	0.00731	0.00506	0.00423	0.00141	0.00686	0.00343	0.00244	0.00769
4	0.01301	0.20717	0.36252	0.01724	0.02401	0.01586	0.24662	0.01795	0.01242	0.01708	0.01013	0.01245	0.00772	0.00511	0.00543	0.00171	0.00828	0.00475	0.00257	0.00796
5	0.01415	0.01574	0.16382	0.02558	0.42099	0.01261	0.05782	0.03802	0.01314	0.07983	0.01223	0.01511	0.00967	0.00923	0.08465	0.00251	0.00798	0.00519	0.00321	0.00854
6	0.00952	0.00878	0.01356	0.53872	0.02938	0.01022	0.01224	0.01259	0.01194	0.01488	0.02528	0.02784	0.24589	0.00849	0.00605	0.00191	0.00613	0.00729	0.00342	0.00587
7	0.06990	0.09282	0.01596	0.01174	0.01488	0.01233	0.09961	0.23023	0.01634	0.04970	0.04089	0.28095	0.02017	0.01022	0.00606	0.00191	0.00539	0.00896	0.00481	0.00713
8	0.01465	0.01135	0.01263	0.01049	0.01443	0.01154	0.00827	0.02508	0.44311	0.09842	0.01906	0.01815	0.01428	0.00658	0.00531	0.00158	0.00447	0.00542	0.00518	0.27001
9	0.00823	0.00588	0.00791	0.00791	0.00849	0.00645	0.00555	0.00939	0.00881	0.01233	0.01649	0.02896	0.01712	0.37098	0.45208	0.00761	0.01108	0.00708	0.00324	0.00439

[dist]
# distance from previous block
# <min> <max>
0	1

[block]
# block no. 3 follows, 41 sequences, length 26
# corresponding to MSA columns:
# 252-277
name=unknown_D
#
# <colnr> <probs for GDERKNQSTAVLIFYWHMCP>
#	G	D	E	R	K	N	Q	S	T	A	V	L	I	F	Y	W	H	M	C	P
0	0.00697	0.00498	0.00664	0.00796	0.00830	0.00465	0.00531	0.00796	0.01095	0.01460	0.03153	0.79525	0.03783	0.01792	0.00730	0.00232	0.00332	0.01626	0.00531	0.00465
1	0.69683	0.01150	0.01097	0.01229	0.14101	0.01296	0.00816	0.01694	0.01030	0.02446	0.00845	0.01013	0.00669	0.00527	0.00391	0.00176	0.00483	0.00344	0.00342	0.00669
2	0.15765	0.66572	0.02625	0.00940	0.01406	0.02094	0.00917	0.01707	0.01130	0.01557	0.00795	0.00920	0.00714	0.00497	0.00365	0.00132	0.00582	0.00307	0.00264	0.00714
3	0.00976	0.00497	0.00740	0.00748	0.00750	0.00495	0.00499	0.00748	0.00766	0.01021	0.01121	0.06345	0.01159	0.01976	0.02146	0.78435	0.00487	0.00564	0.00265	0.00261
4	0.00796	0.00593	0.00875	0.00898	0.00988	0.00672	0.00683	0.00983	0.00950	0.01351	0.01812	0.15597	0.01836	0.03858	0.64347	0.00801	0.01325	0.00788	0.00345	0.00503
5	0.01916	0.01425	0.01520	0.01189	0.01601	0.01551	0.00974	0.61708	0.02450	0.03249	0.02137	0.02087	0.13950	0.00818	0.00590	0.00175	0.00571	0.00635	0.00565	0.00888
6	0.00765	0.00569	0.00712	0.00706	0.00835	0.00516	0.00518	0.00982	0.01469	0.02008	0.50131	0.17506	0.18515	0.01330	0.00684	0.00191	0.00284	0.01169	0.00594	0.00516
7	0.17503	0.02148	0.01782	0.01489	0.01854	0.45495	0.13648	0.06364	0.01515	0.01826	0.00944	0.01121	0.00751	0.00566	0.00516	0.00162	0.00884	0.00419	0.00321	0.00692
8	0.31038	0.00718	0.00780	0.00748	0.00876	0.00782	0.00541	0.01084	0.00828	0.01563	0.00922	0.01445	0.00858	0.01460	0.01554	0.53228	0.00477	0.00429	0.00287	0.00383
9	0.00827	0.00626	0.00791	0.00875	0.01027	0.00590	0.00735	0.01043	0.01306	0.01645	0.04034	0.07936	0.29676	0.01538	0.00747	0.00237	0.00436	0.44892	0.00528	0.00509
10	0.01287	0.02286	0.49500	0.01397	0.02023	0.01279	0.01614	0.15400	0.01423	0.02030	0.01226	0.01677	0.01006	0.14279	0.00958	0.00244	0.00754	0.00511	0.00322	0.00783
11	0.01621	0.51746	0.02820	0.01290	0.01789	0.02029	0.13657	0.15510	0.01484	0.01858	0.00967	0.01112	0.00802	0.00525	0.00459	0.00144	0.00676	0.00409	0.00314	0.00786
12	0.02174	0.01602	0.01717	0.01316	0.01774	0.01774	0.01087	0.74423	0.02689	0.03605	0.01373	0.01373	0.00973	0.00687	0.00572	0.00172	0.00629	0.00515	0.00572	0.00973
13	0.01651	0.65342	0.02755	0.01043	0.01526	0.02171	0.00999	0.15490	0.01452	0.01774	0.00905	0.01004	0.00779	0.00527	0.00406	0.00132	0.00615	0.00345	0.00307	0.00779
14	0.01241	0.00941	0.02794	0.15662	0.01738	0.00953	0.02507	0.13970	0.01668	0.07519	0.34367	0.05403	0.03116	0.00954	0.00636	0.00187	0.00483	0.04660	0.00530	0.00672
15	0.01180	0.02278	0.48394	0.17954	0.15538	0.01322	0.01942	0.01729	0.01211	0.01748	0.01033	0.01310	0.00764	0.00544	0.00553	0.00181	0.00799	0.00456	0.00251	0.00812
16	0.01529	0.80242	0.02997	0.00979	0.01468	0.02263	0.00979	0.01713	0.01162	0.01346	0.00795	0.00918	0.00734	0.00489	0.00367	0.00122	0.00612	0.00306	0.00245	0.00734
17	0.00697	0.00498	0.00664	0.00796	0.00830	0.00465	0.00531	0.00796	0.01095	0.01460	0.03153	0.79525	0.03783	0.01792	0.00730	0.00232	0.00332	0.01626	0.00531	0.00465
18	0.01391	0.01119	0.01226	0.02808	0.04499	0.01269	0.00870	0.06775	0.52388	0.02372	0.02105	0.02047	0.01592	0.00735	0.00546	0.00180	0.00444	0.00609	0.16192	0.00833
19	0.01404	0.16272	0.02389	0.10507	0.54931	0.01522	0.01592	0.01718	0.01260	0.01729	0.01017	0.01332	0.00859	0.00512	0.00529	0.00163	0.00675	0.00471	0.00273	0.00846
20	0.01335	0.02915	0.62664	0.01601	0.02342	0.15781	0.01922	0.01901	0.01286	0.01733	0.01000	0.01174	0.00727	0.00552	0.00538	0.00175	0.00881	0.00412	0.00252	0.00811
21	0.01452	0.01179	0.01275	0.01109	0.01423	0.01323	0.00871	0.16444	0.47325	0.02608	0.16108	0.02392	0.02289	0.00833	0.00598	0.00187	0.00452	0.00695	0.00589	0.00849
22	0.00834	0.00636	0.00783	0.00866	0.00954	0.00646	0.00602	0.01221	0.15155	0.01637	0.02996	0.64861	0.03397	0.01599	0.00702	0.00225	0.00355	0.01440	0.00541	0.00548
23	0.01438	0.01473	0.01643	0.01433	0.01512	0.16006	0.01167	0.01576	0.01076	0.04307	0.02362	0.03709	0.01002	0.00950	0.01491	0.00226	0.55718	0.01975	0.00297	0.00638
24	0.01605	0.01264	0.02116	0.08937	0.54255	0.01256	0.03709	0.01930	0.01355	0.16019	0.01297	0.01529	0.00990	0.00551	0.00572	0.00174	0.00658	0.00527	0.00362	0.00893
25	0.01350	0.01543	0.03375	0.02411	0.02989	0.01446	0.74253	0.01832	0.01350	0.01832	0.01157	0.01543	0.00868	0.00482	0.00675	0.00193	0.00964	0.00675	0.00289	0.00771

[dist]
# distance from previous block
# <min> <max>
0	4

[block]
# block no. 4 follows, 41 sequences, length 36
# corresponding to MSA columns:
# 282-317
name=unknown_E
#
# <colnr> <probs for GDERKNQSTAVLIFYWHMCP>
#	G	D	E	R	K	N	Q	S	T	A	V	L	I	F	Y	W	H	M	C	P
0	0.00821	0.00587	0.00787	0.00780	0.00849	0.00630	0.00552	0.00960	0.00990	0.01389	0.12617	0.03101	0.02256	0.31874	0.38569	0.00675	0.00983	0.00756	0.00369	0.00454
1	0.01291	0.01346	0.02490	0.02230	0.16846	0.01446	0.32972	0.01625	0.01225	0.01744	0.06978	0.01651	0.01202	0.00692	0.01001	0.00204	0.23395	0.00621	0.00304	0.00737
2	0.00728	0.00542	0.00685	0.00784	0.00870	0.00499	0.00567	0.00865	0.01185	0.01534	0.05243	0.50591	0.19955	0.01671	0.00726	0.00227	0.00350	0.11968	0.00532	0.00479
3	0.00865	0.00648	0.00827	0.00738	0.00928	0.00573	0.00560	0.01133	0.01555	0.02230	0.64967	0.03818	0.04726	0.01059	0.00638	0.00166	0.00293	0.00932	0.00587	0.12757
4	0.01392	0.01334	0.02278	0.08890	0.71139	0.01353	0.01743	0.01734	0.01291	0.01839	0.01072	0.01424	0.00896	0.00514	0.00567	0.00171	0.00685	0.00510	0.00281	0.00887
5	0.01807	0.01476	0.01793	0.03701	0.10068	0.04640	0.04565	0.35405	0.11153	0.05806	0.01366	0.01478	0.01028	0.00709	0.00768	0.00187	0.12176	0.00533	0.00467	0.00875
6	0.01241	0.01321	0.05341	0.06469	0.04362	0.01687	0.01332	0.01416	0.00924	0.01420	0.00792	0.01273	0.00756	0.00935	0.01684	0.00240	0.67409	0.00498	0.00251	0.00647
7	0.01534	0.01284	0.01356	0.01186	0.01530	0.01474	0.00932	0.13565	0.64590	0.02571	0.02187	0.02022	0.01632	0.00763	0.00581	0.00191	0.00479	0.00627	0.00581	0.00915
8	0.01917	0.05453	0.01586	0.01337	0.01674	0.57360	0.01022	0.02195	0.07248	0.01543	0.01012	0.01135	0.00831	0.00575	0.00501	0.00141	0.00880	0.00383	0.00321	0.12884
9	0.01534	0.01284	0.01356	0.01186	0.01530	0.01474	0.00932	0.13565	0.64590	0.02571	0.02187	0.02022	0.01632	0.00763	0.00581	0.00191	0.00479	0.00627	0.00581	0.00915
10	0.02174	0.01602	0.01717	0.01316	0.01774	0.01774	0.01087	0.74423	0.02689	0.03605	0.01373	0.01373	0.00973	0.00687	0.00572	0.00172	0.00629	0.00515	0.00572	0.00973
11	0.01387	0.01303	0.01747	0.01474	0.01542	0.01755	0.01227	0.12148	0.01143	0.01705	0.00843	0.01269	0.00784	0.00955	0.01685	0.00239	0.67317	0.00503	0.00298	0.00677
12	0.00926	0.00864	0.06745	0.00856	0.01073	0.00731	0.00716	0.01425	0.12451	0.02271	0.59349	0.03720	0.04497	0.01063	0.00651	0.00182	0.00341	0.00930	0.00593	0.00617
13	0.01042	0.00882	0.01419	0.07246	0.01715	0.00849	0.12786	0.01349	0.01289	0.01734	0.02274	0.04501	0.02344	0.01154	0.00701	0.00220	0.00600	0.44663	0.00440	0.12794
14	0.01392	0.01345	0.02829	0.02057	0.02540	0.01259	0.57688	0.01746	0.01283	0.07513	0.01218	0.01603	0.00929	0.00722	0.00897	0.12455	0.00858	0.00641	0.00316	0.00710
15	0.00905	0.00721	0.01098	0.12515	0.07224	0.00821	0.00865	0.01113	0.00968	0.01354	0.01464	0.02318	0.01396	0.15665	0.48223	0.00695	0.01195	0.00625	0.00303	0.00533
16	0.65603	0.01125	0.00980	0.00835	0.01210	0.01256	0.00688	0.07482	0.01204	0.13582	0.01056	0.01114	0.00764	0.00569	0.00404	0.00177	0.00463	0.00365	0.00423	0.00699
17	0.01924	0.02376	0.01648	0.07449	0.01897	0.60502	0.01164	0.02086	0.01474	0.01401	0.00875	0.01102	0.00741	0.00649	0.00721	0.00166	0.12485	0.00399	0.00285	0.00655
18	0.01375	0.07455	0.02446	0.06547	0.53855	0.01408	0.12337	0.01718	0.01284	0.01790	0.01132	0.03985	0.00976	0.00549	0.00573	0.00173	0.00709	0.00555	0.00288	0.00846
19	0.01792	0.01420	0.01506	0.01258	0.01642	0.01597	0.01002	0.34178	0.43160	0.02956	0.01946	0.01856	0.01444	0.00764	0.00596	0.00192	0.00545	0.00602	0.00591	0.00955
20	0.00736	0.00600	0.00641	0.00669	0.00833	0.00514	0.00491	0.00864	0.01292	0.01576	0.05213	0.19179	0.59531	0.01539	0.00708	0.00211	0.00323	0.04030	0.00544	0.00505
21	0.02294	0.01495	0.01660	0.01279	0.01735	0.01594	0.01051	0.58749	0.02482	0.19148	0.01601	0.01554	0.01107	0.00719	0.00591	0.00181	0.00613	0.00541	0.00614	0.00993
22	0.01697	0.01273	0.01583	0.01324	0.01616	0.01463	0.04423	0.10176	0.32390	0.15171	0.01802	0.01827	0.01353	0.00824	0.00923	0.00210	0.19956	0.00598	0.00520	0.00869
23	0.00966	0.00691	0.00953	0.01082	0.01217	0.00684	0.00939	0.01216	0.01343	0.01751	0.03058	0.06476	0.03316	0.01602	0.00807	0.00271	0.00541	0.71999	0.00540	0.00550
24	0.01457	0.01387	0.02343	0.03522	0.75845	0.01380	0.01767	0.01783	0.01328	0.01907	0.01119	0.01474	0.00947	0.00539	0.00584	0.00178	0.00693	0.00523	0.00298	0.00926
25	0.00830	0.00598	0.00774	0.00767	0.00883	0.00550	0.00557	0.01049	0.01527	0.02145	0.59467	0.20924	0.05050	0.01331	0.00704	0.00199	0.00300	0.01175	0.00620	0.00546
26	0.00973	0.00768	0.00915	0.00994	0.01148	0.04219	0.00834	0.01198	0.01380	0.01757	0.09447	0.05886	0.15537	0.01500	0.00765	0.00247	0.00504	0.50842	0.00538	0.00550
27	0.01549	0.01528	0.04907	0.02225	0.02792	0.01383	0.62210	0.01986	0.01411	0.11867	0.01343	0.01646	0.00978	0.00543	0.00676	0.00198	0.00909	0.00668	0.00359	0.00822
28	0.00877	0.00588	0.00657	0.00655	0.00659	0.00581	0.00368	0.00866	0.00861	0.01152	0.01840	0.03785	0.02112	0.79381	0.02913	0.00560	0.00569	0.00843	0.00361	0.00371
29	0.01392	0.01569	0.03389	0.02430	0.03009	0.01467	0.73765	0.01859	0.01376	0.01871	0.01199	0.01600	0.00909	0.00511	0.00692	0.00201	0.00976	0.00688	0.00304	0.00793
30	0.83412	0.01135	0.00872	0.00783	0.01138	0.01305	0.00639	0.01709	0.01002	0.02600	0.00841	0.00991	0.00662	0.00560	0.00374	0.00185	0.00457	0.00325	0.00368	0.00642
31	0.01316	0.01184	0.01120	0.01111	0.01311	0.16755	0.00892	0.06076	0.03967	0.03755	0.11071	0.09363	0.06108	0.01252	0.00701	0.00221	0.00596	0.32063	0.00513	0.00625
32	0.06887	0.01357	0.01975	0.10224	0.42616	0.03303	0.01470	0.09345	0.01423	0.04923	0.01142	0.01438	0.00923	0.00603	0.00652	0.00182	0.05906	0.00501	0.00347	0.04784
33	0.01324	0.01286	0.01947	0.05350	0.22935	0.01592	0.03149	0.01522	0.01064	0.01584	0.00991	0.01562	0.00931	0.00877	0.01391	0.00231	0.48157	0.03093	0.00286	0.00728
34	0.06742	0.01257	0.01942	0.05998	0.46740	0.01261	0.02729	0.01966	0.06626	0.12970	0.01582	0.01770	0.04549	0.00634	0.00581	0.00183	0.00624	0.00565	0.00397	0.00884
35	0.05178	0.04221	0.01397	0.01060	0.01462	0.01055	0.00866	0.11405	0.05116	0.50277	0.03620	0.04682	0.01526	0.00939	0.04245	0.00220	0.00560	0.00613	0.00639	0.00919

[dist]
# distance from previous block
# <min> <max>
1	5

[block]
# block no. 5 follows, 41 sequences, length 18
# corresponding to MSA columns:
# 323-340
name=unknown_F
#
# <colnr> <probs for GDERKNQSTAVLIFYWHMCP>
#	G	D	E	R	K	N	Q	S	T	A	V	L	I	F	Y	W	H	M	C	P
0	0.01172	0.01032	0.01342	0.00977	0.01464	0.00804	0.06899	0.01437	0.01195	0.01838	0.01150	0.05660	0.01016	0.00506	0.00462	0.00102	0.00464	0.00440	0.00346	0.71694
1	0.00769	0.00610	0.00699	0.00712	0.00870	0.00558	0.00535	0.01025	0.05537	0.01755	0.20291	0.17009	0.39598	0.01414	0.00687	0.00202	0.00318	0.06336	0.00555	0.00519
2	0.01891	0.01541	0.01572	0.01269	0.01649	0.07557	0.01023	0.45421	0.17009	0.02924	0.01493	0.01561	0.01128	0.03191	0.00710	0.00187	0.04926	0.00533	0.00519	0.03895
3	0.00819	0.00686	0.00745	0.00854	0.00909	0.06996	0.00580	0.00922	0.01140	0.01455	0.02961	0.72878	0.03525	0.01690	0.00712	0.00225	0.00391	0.01520	0.00511	0.00481
4	0.01200	0.01158	0.04919	0.01035	0.01566	0.00855	0.07881	0.01496	0.01203	0.01858	0.01031	0.01222	0.00844	0.00435	0.00454	0.00100	0.00496	0.00375	0.00330	0.71544
5	0.01245	0.01006	0.01179	0.00866	0.01333	0.00799	0.00692	0.05466	0.01324	0.04196	0.08333	0.01517	0.01311	0.00519	0.00461	0.00101	0.00422	0.00423	0.00391	0.68418
6	0.00778	0.00583	0.00720	0.00686	0.00835	0.00526	0.00514	0.01017	0.01543	0.02114	0.59175	0.04568	0.22363	0.01236	0.00675	0.00183	0.00275	0.01076	0.00606	0.00526
7	0.01496	0.02809	0.03391	0.09285	0.13211	0.01312	0.08241	0.06554	0.28591	0.09370	0.04679	0.01842	0.01421	0.00664	0.00578	0.00180	0.00584	0.00590	0.00464	0.04741
8	0.01446	0.10406	0.09161	0.09509	0.01907	0.08219	0.03247	0.01676	0.01110	0.07819	0.00960	0.01286	0.00806	0.00780	0.01180	0.00206	0.38821	0.00471	0.00293	0.00697
9	0.00883	0.00720	0.01001	0.01130	0.07373	0.00736	0.00756	0.01031	0.01102	0.01532	0.02447	0.51066	0.02825	0.01503	0.02498	0.00231	0.09731	0.04546	0.00453	0.08434
10	0.01529	0.80242	0.02997	0.00979	0.01468	0.02263	0.00979	0.01713	0.01162	0.01346	0.00795	0.00918	0.00734	0.00489	0.00367	0.00122	0.00612	0.00306	0.00245	0.00734
11	0.00697	0.00498	0.00664	0.00796	0.00830	0.00465	0.00531	0.00796	0.01095	0.01460	0.03153	0.79525	0.03783	0.01792	0.00730	0.00232	0.00332	0.01626	0.00531	0.00465
12	0.01321	0.01118	0.01212	0.01115	0.01403	0.01272	0.00875	0.02690	0.61764	0.02318	0.08770	0.02737	0.02211	0.00888	0.00610	0.00199	0.00444	0.07633	0.00581	0.00837
13	0.01282	0.01073	0.01237	0.00893	0.01396	0.00860	0.00717	0.08504	0.01332	0.02032	0.01051	0.01204	0.00859	0.00449	0.00438	0.00093	0.00444	0.00356	0.00361	0.75417
14	0.06025	0.01579	0.01675	0.01290	0.01742	0.01751	0.01065	0.70997	0.02609	0.03556	0.01346	0.01352	0.00956	0.00679	0.00562	0.00172	0.00621	0.00505	0.00562	0.00956
15	0.01228	0.01042	0.01209	0.00867	0.01373	0.00805	0.00695	0.04542	0.01250	0.01938	0.01032	0.01194	0.00853	0.00435	0.00430	0.00088	0.00432	0.00346	0.00349	0.79892
16	0.01421	0.58366	0.23926	0.01163	0.01753	0.01999	0.01300	0.01741	0.01175	0.01478	0.00861	0.01000	0.00731	0.00505	0.00417	0.00139	0.00678	0.00339	0.00244	0.00766
17	0.00810	0.00585	0.00765	0.00720	0.00855	0.00540	0.00540	0.01079	0.01619	0.02294	0.76028	0.04273	0.05397	0.01169	0.00675	0.00180	0.00270	0.01034	0.00630	0.00540

[dist]
# distance from previous block
# <min> <max>
0	1

[block]
# block no. 6 follows, 41 sequences, length 33
# corresponding to MSA columns:
# 342-374
name=unknown_G
#
# <colnr> <probs for GDERKNQSTAVLIFYWHMCP>
#	G	D	E	R	K	N	Q	S	T	A	V	L	I	F	Y	W	H	M	C	P
0	0.00729	0.00526	0.00683	0.00807	0.00851	0.00485	0.00540	0.00822	0.01126	0.01494	0.03313	0.75260	0.07628	0.01788	0.00740	0.00236	0.00341	0.01608	0.00541	0.00482
1	0.01958	0.01363	0.11948	0.01182	0.01633	0.01133	0.01065	0.05676	0.23732	0.37123	0.02128	0.02117	0.01510	0.00763	0.00595	0.00192	0.00545	0.03807	0.00600	0.00929
2	0.00715	0.00603	0.00612	0.00609	0.00801	0.00505	0.00454	0.00857	0.01337	0.01608	0.08989	0.05471	0.72547	0.01452	0.00689	0.00198	0.00300	0.01206	0.00545	0.00502
3	0.00850	0.00607	0.00825	0.00955	0.01044	0.00588	0.00753	0.01028	0.01233	0.01624	0.03107	0.40247	0.03536	0.01694	0.00774	0.00254	0.00447	0.39381	0.00538	0.00515
4	0.01445	0.01379	0.02337	0.03519	0.75981	0.01374	0.01764	0.01775	0.01321	0.01896	0.01107	0.01458	0.00935	0.00531	0.00579	0.00176	0.00689	0.00519	0.00294	0.00921
5	0.01112	0.01038	0.01734	0.78160	0.03949	0.01287	0.01598	0.01483	0.01163	0.01491	0.01048	0.01566	0.00792	0.00592	0.00585	0.00196	0.00772	0.00518	0.00265	0.00651
6	0.01402	0.01335	0.02259	0.13206	0.66633	0.01363	0.01742	0.01737	0.01301	0.01844	0.01099	0.01472	0.00917	0.00539	0.00580	0.00178	0.00700	0.00519	0.00290	0.00886
7	0.00754	0.00539	0.00715	0.00845	0.00892	0.00505	0.00587	0.00862	0.01138	0.01516	0.03160	0.71391	0.03746	0.01784	0.00749	0.00241	0.00364	0.09183	0.00540	0.00488
8	0.01005	0.00780	0.01184	0.01334	0.07283	0.00768	0.05297	0.01267	0.01323	0.01744	0.02791	0.10281	0.03006	0.01459	0.00774	0.00255	0.00563	0.57799	0.00503	0.00584
9	0.02083	0.01387	0.01640	0.09120	0.06296	0.07253	0.02941	0.29022	0.01938	0.26192	0.01630	0.03380	0.01170	0.00784	0.02300	0.00197	0.00663	0.00563	0.00540	0.00899
10	0.01515	0.01277	0.01398	0.07369	0.01739	0.01468	0.00994	0.11484	0.60333	0.02489	0.02134	0.02033	0.01600	0.00769	0.00593	0.00197	0.00509	0.00629	0.00564	0.00907
11	0.02197	0.02599	0.01616	0.01456	0.01764	0.71120	0.01095	0.02341	0.01639	0.07435	0.01025	0.01148	0.00821	0.00619	0.00534	0.00156	0.00996	0.00395	0.00338	0.00704
12	0.01646	0.68637	0.02810	0.01071	0.01533	0.13193	0.01009	0.01815	0.01248	0.01384	0.00840	0.00978	0.00764	0.00525	0.00403	0.00132	0.00683	0.00326	0.00263	0.00739
13	0.03169	0.00708	0.00857	0.00846	0.01012	0.00672	0.00630	0.06973	0.01404	0.09219	0.12716	0.33874	0.16458	0.01428	0.00725	0.02053	0.00385	0.05719	0.00563	0.00588
14	0.03356	0.09326	0.10184	0.04156	0.06839	0.06088	0.27577	0.09553	0.01415	0.01915	0.01172	0.04034	0.00972	0.00753	0.03141	0.00213	0.07626	0.00578	0.00327	0.00775
15	0.01328	0.02244	0.46037	0.01806	0.09051	0.01254	0.12429	0.01847	0.01313	0.08518	0.05255	0.03799	0.01191	0.00636	0.00593	0.00189	0.00779	0.00559	0.00334	0.00839
16	0.02067	0.01269	0.01469	0.01169	0.01566	0.01330	0.00951	0.37415	0.07910	0.24574	0.06147	0.01883	0.01489	0.01036	0.06736	0.00241	0.00635	0.00591	0.00604	0.00920
17	0.01202	0.01166	0.01892	0.54541	0.13009	0.04159	0.07625	0.01560	0.01247	0.01622	0.05482	0.01697	0.01092	0.00613	0.00597	0.00191	0.00759	0.00558	0.00295	0.00693
18	0.11482	0.05223	0.05897	0.15838	0.18047	0.06372	0.08850	0.06527	0.02371	0.05865	0.04736	0.01539	0.01095	0.00620	0.00598	0.00183	0.03105	0.00519	0.00355	0.00777
19	0.00734	0.00541	0.00689	0.00791	0.00857	0.00502	0.00541	0.00838	0.01137	0.01495	0.03490	0.63081	0.14939	0.01900	0.05265	0.00272	0.00407	0.01505	0.00527	0.00487
20	0.01111	0.00786	0.00936	0.00892	0.01075	0.00786	0.00663	0.07254	0.13049	0.06762	0.25440	0.27815	0.08545	0.01277	0.00676	0.00205	0.00374	0.01113	0.00593	0.00647
21	0.09719	0.06009	0.25831	0.04249	0.10946	0.05765	0.07231	0.01905	0.01316	0.12431	0.01384	0.01836	0.01108	0.00671	0.00568	0.00188	0.00720	0.06950	0.00368	0.00805
22	0.01259	0.04904	0.52132	0.01992	0.11306	0.01398	0.15116	0.01825	0.01262	0.01835	0.01080	0.01327	0.00802	0.00547	0.00578	0.00186	0.00849	0.00485	0.00266	0.00851
23	0.00768	0.00616	0.00689	0.00728	0.00898	0.00542	0.00570	0.00928	0.01311	0.01607	0.04971	0.10973	0.53684	0.01520	0.00719	0.00218	0.00359	0.17851	0.00540	0.00509
24	0.01519	0.07572	0.05280	0.04382	0.13201	0.06892	0.21557	0.10592	0.01407	0.01896	0.01051	0.01380	0.00860	0.00666	0.00896	0.00197	0.19012	0.00535	0.00319	0.00786
25	0.02845	0.01122	0.01714	0.35205	0.04345	0.01245	0.07842	0.06160	0.09120	0.14664	0.03141	0.01746	0.01145	0.00716	0.00700	0.03397	0.03158	0.00568	0.00410	0.00758
26	0.01159	0.01104	0.01569	0.01378	0.01411	0.01453	0.03568	0.01282	0.00952	0.01427	0.01281	0.15192	0.01384	0.03617	0.04540	0.00285	0.56748	0.00729	0.00317	0.00606
27	0.00821	0.00667	0.01063	0.01042	0.01154	0.00620	0.10764	0.00964	0.01150	0.01541	0.02897	0.68371	0.03394	0.01625	0.00735	0.00232	0.00431	0.01499	0.00507	0.00524
28	0.01458	0.23738	0.30207	0.01822	0.14928	0.10630	0.05879	0.01851	0.01288	0.01674	0.00994	0.01206	0.00798	0.00545	0.00517	0.00165	0.00791	0.00424	0.00270	0.00814
29	0.02023	0.02570	0.01214	0.00945	0.01308	0.00837	0.00768	0.03941	0.04954	0.50914	0.16904	0.02595	0.06760	0.00842	0.00597	0.00178	0.00436	0.00700	0.00663	0.00850
30	0.01141	0.01083	0.01857	0.61465	0.15525	0.01276	0.04396	0.01516	0.01182	0.01548	0.01084	0.01636	0.00855	0.00585	0.00581	0.00189	0.00751	0.02382	0.00267	0.00682
31	0.01341	0.01843	0.20870	0.01564	0.06342	0.11471	0.01394	0.01818	0.10976	0.01662	0.01259	0.04063	0.02578	0.00822	0.01416	0.00208	0.28789	0.00536	0.00316	0.00732
32	0.00812	0.00657	0.00744	0.00770	0.00895	0.03453	0.00561	0.01028	0.03540	0.01756	0.25228	0.29925	0.21047	0.01523	0.03117	0.00226	0.00377	0.03280	0.00546	0.00515

[dist]
# distance from previous block
# <min> <max>
0	2

[block]
# block no. 7 follows, 41 sequences, length 14
# corresponding to MSA columns:
# 377-390
name=unknown_H
#
# <colnr> <probs for GDERKNQSTAVLIFYWHMCP>
#	G	D	E	R	K	N	Q	S	T	A	V	L	I	F	Y	W	H	M	C	P
0	0.01425	0.09057	0.12127	0.02372	0.37005	0.05241	0.01531	0.01812	0.04963	0.04082	0.01150	0.01510	0.00969	0.00636	0.00729	0.00181	0.11345	0.02740	0.00306	0.00822
1	0.13146	0.01392	0.01458	0.01178	0.01585	0.01550	0.00958	0.40673	0.21608	0.08179	0.01608	0.01554	0.01160	0.00691	0.00545	0.00179	0.00547	0.00526	0.00554	0.00907
2	0.00906	0.00673	0.00885	0.00870	0.01055	0.00617	0.00711	0.01171	0.01439	0.02003	0.36677	0.04722	0.03937	0.01232	0.00686	0.00200	0.00393	0.29448	0.00549	0.11827
3	0.02753	0.01166	0.01925	0.50551	0.05599	0.02829	0.11587	0.04272	0.01211	0.01614	0.01038	0.01496	0.00806	0.00715	0.03103	0.00216	0.07643	0.00528	0.00276	0.00671
4	0.01301	0.01283	0.04066	0.06429	0.54588	0.01262	0.04603	0.01639	0.01320	0.01884	0.11277	0.01803	0.01499	0.00622	0.00639	0.00177	0.03870	0.00585	0.00327	0.00825
5	0.00783	0.00645	0.00714	0.00670	0.00893	0.00542	0.00517	0.00971	0.01339	0.01719	0.16184	0.04782	0.49704	0.01273	0.00649	0.00181	0.00321	0.05798	0.00520	0.11795
6	0.00825	0.00570	0.00750	0.00719	0.00835	0.00529	0.00529	0.01013	0.01468	0.02055	0.60189	0.06448	0.07991	0.01314	0.00889	0.11519	0.00304	0.00988	0.00570	0.00495
7	0.01714	0.01722	0.17535	0.01278	0.01739	0.03811	0.01190	0.38951	0.06435	0.05312	0.01530	0.06981	0.01257	0.07002	0.00761	0.00209	0.00646	0.00603	0.00478	0.00847
8	0.00819	0.00733	0.04409	0.06869	0.04293	0.00678	0.00775	0.00981	0.01106	0.01496	0.03925	0.55766	0.03079	0.05119	0.00861	0.00240	0.04312	0.03554	0.00466	0.00519
9	0.00750	0.00549	0.00706	0.00755	0.00851	0.00506	0.00543	0.00929	0.01335	0.01808	0.31881	0.38044	0.12642	0.01499	0.00705	0.00209	0.00313	0.04907	0.00569	0.00499
10	0.01731	0.01108	0.01401	0.01389	0.11612	0.01144	0.00964	0.07960	0.27450	0.24388	0.12498	0.02225	0.01992	0.00768	0.00590	0.00182	0.00481	0.00652	0.00585	0.00879
11	0.27131	0.04436	0.09488	0.05052	0.01744	0.01443	0.04669	0.22593	0.07577	0.06779	0.01277	0.01440	0.00959	0.00631	0.00506	0.00179	0.00592	0.02276	0.00435	0.00798
12	0.01912	0.09087	0.01631	0.01171	0.01554	0.09725	0.00960	0.47284	0.02163	0.02867	0.01347	0.01476	0.01029	0.03325	0.00602	0.00172	0.00619	0.00492	0.11748	0.00836
13	0.05346	0.17053	0.17186	0.01418	0.08492	0.03299	0.03959	0.07557	0.05306	0.08381	0.01552	0.12182	0.01401	0.00779	0.00549	0.00178	0.00622	0.03580	0.00391	0.00770

[dist]
# distance from previous block
# <min> <max>
0	2

[block]
# block no. 8 follows, 41 sequences, length 12
# corresponding to MSA columns:
# 393-404
name=unknown_I
#
# <colnr> <probs for GDERKNQSTAVLIFYWHMCP>
#	G	D	E	R	K	N	Q	S	T	A	V	L	I	F	Y	W	H	M	C	P
0	0.03412	0.00900	0.01092	0.00958	0.01241	0.00901	0.00746	0.02188	0.22839	0.26905	0.18675	0.13026	0.02695	0.00973	0.00615	0.00190	0.00407	0.00834	0.00622	0.00781
1	0.01297	0.05726	0.55131	0.03173	0.04708	0.06327	0.09883	0.01860	0.01262	0.03899	0.01059	0.01255	0.00768	0.00542	0.00551	0.00178	0.00844	0.00451	0.00265	0.00822
2	0.05940	0.08967	0.10879	0.21385	0.09055	0.01356	0.11236	0.01778	0.01225	0.12476	0.01167	0.01436	0.00875	0.00636	0.00700	0.02731	0.06581	0.00499	0.00330	0.00748
3	0.00836	0.00593	0.00761	0.00799	0.00886	0.00582	0.00575	0.00972	0.01174	0.04219	0.12199	0.36614	0.13134	0.10913	0.04548	0.00291	0.03899	0.06007	0.00505	0.00494
4	0.00750	0.00553	0.00720	0.00799	0.00883	0.00497	0.00546	0.00872	0.01124	0.01532	0.05704	0.68820	0.03550	0.01631	0.00697	0.00216	0.00339	0.01475	0.00515	0.08777
5	0.02079	0.05255	0.01693	0.01283	0.01708	0.10354	0.01049	0.50384	0.10649	0.07597	0.01453	0.01435	0.01050	0.00678	0.00558	0.00169	0.00646	0.00507	0.00535	0.00919
6	0.08686	0.15005	0.23149	0.05376	0.03012	0.03895	0.07486	0.09916	0.03527	0.02035	0.08637	0.01715	0.01351	0.00653	0.00535	0.00173	0.00675	0.03060	0.00355	0.00759
7	0.03610	0.01090	0.01757	0.60059	0.03437	0.01299	0.06277	0.08771	0.01290	0.01712	0.01054	0.01503	0.00797	0.00639	0.00646	0.03853	0.00742	0.00514	0.00291	0.00661
8	0.02050	0.00974	0.01304	0.01045	0.01406	0.00914	0.03104	0.10820	0.03437	0.46711	0.08318	0.07917	0.01852	0.00984	0.03142	0.03337	0.00522	0.00689	0.00626	0.00848
9	0.01234	0.11559	0.16246	0.01117	0.01598	0.01177	0.02994	0.05563	0.09997	0.01893	0.01720	0.05071	0.06209	0.00722	0.00530	0.00155	0.00554	0.05971	0.00382	0.25308
10	0.00743	0.00561	0.00705	0.00773	0.00875	0.00497	0.00533	0.00864	0.01132	0.01512	0.03291	0.61802	0.13135	0.01609	0.00692	0.00212	0.00335	0.01441	0.00512	0.08777
11	0.01521	0.01304	0.01412	0.10598	0.03534	0.06424	0.01028	0.10221	0.45773	0.05090	0.01977	0.04025	0.01533	0.00764	0.00583	0.00189	0.00552	0.02105	0.00518	0.00847

[dist]
# distance from previous block
# <min> <max>
2	63

# created by:
# /software/SequenceAnalysis/GenePrediction/augustus/3.0.1/scripts/msa2prfl.pl ./fixed/BUSCOvEOG7GXH1T.fas
