[name]
unknown

[dist]
# distance from previous block
# <min> <max>
0	63

[block]
# block no. 0 follows, 39 sequences, length 71
# corresponding to MSA columns:
# 65-135
name=unknown_A
#
# <colnr> <probs for GDERKNQSTAVLIFYWHMCP>
#	G	D	E	R	K	N	Q	S	T	A	V	L	I	F	Y	W	H	M	C	P
0	0.01153	0.00913	0.01034	0.00947	0.01176	0.00977	0.00720	0.02044	0.34733	0.03611	0.34078	0.03395	0.06563	0.05073	0.00772	0.00213	0.00385	0.00875	0.00611	0.00725
1	0.00845	0.00634	0.00950	0.00950	0.01056	0.00739	0.00739	0.01056	0.00950	0.01373	0.01584	0.02323	0.01478	0.04435	0.76873	0.00950	0.01584	0.00634	0.00317	0.00528
2	0.03373	0.72776	0.02956	0.01041	0.01531	0.07287	0.01013	0.01810	0.01229	0.01422	0.00828	0.00957	0.00757	0.00514	0.00389	0.00129	0.00658	0.00321	0.00259	0.00751
3	0.01055	0.00878	0.01223	0.01207	0.01298	0.01046	0.01024	0.01280	0.01243	0.01719	0.10163	0.04626	0.02760	0.01387	0.01180	0.00258	0.26495	0.40118	0.00460	0.00580
4	0.01217	0.02700	0.60167	0.01731	0.02462	0.01444	0.07661	0.01812	0.01213	0.01812	0.01033	0.01282	0.00765	0.00622	0.00763	0.00198	0.11559	0.00469	0.00255	0.00837
5	0.01114	0.01029	0.01466	0.01311	0.01353	0.01381	0.01071	0.01276	0.00924	0.01403	0.01100	0.01707	0.01058	0.02399	0.31988	0.00536	0.47438	0.00564	0.00282	0.00599
6	0.01468	0.01324	0.01764	0.02176	0.31207	0.01445	0.01288	0.02610	0.45142	0.02257	0.01888	0.01909	0.01457	0.00692	0.00595	0.00191	0.00562	0.00612	0.00478	0.00936
7	0.01460	0.00721	0.00901	0.00794	0.00952	0.00679	0.00546	0.01545	0.01143	0.26198	0.02009	0.03183	0.01892	0.49772	0.05328	0.00459	0.00593	0.00762	0.00482	0.00583
8	0.00845	0.00612	0.00838	0.00822	0.00919	0.00647	0.00605	0.01038	0.01175	0.01664	0.26292	0.03322	0.02981	0.17763	0.37136	0.00622	0.00952	0.00823	0.00437	0.00505
9	0.07127	0.01257	0.01370	0.01127	0.01466	0.01362	0.00901	0.44507	0.02214	0.03077	0.15632	0.13208	0.02271	0.00960	0.00620	0.00189	0.00523	0.00787	0.00582	0.00820
10	0.01969	0.28469	0.02157	0.01353	0.01715	0.49472	0.01104	0.02133	0.01492	0.01428	0.00879	0.01034	0.00761	0.00589	0.00527	0.00147	0.03412	0.00364	0.00286	0.00709
11	0.83394	0.01144	0.00869	0.00778	0.01144	0.01327	0.00640	0.01738	0.01006	0.02653	0.00823	0.00961	0.00640	0.00549	0.00366	0.00183	0.00457	0.00320	0.00366	0.00640
12	0.01078	0.02269	0.50974	0.06867	0.02220	0.01150	0.01709	0.01627	0.01330	0.01917	0.15145	0.02207	0.07506	0.00757	0.00600	0.00189	0.00713	0.00624	0.00348	0.00771
13	0.01367	0.01969	0.27151	0.02920	0.47339	0.01399	0.05650	0.01838	0.01316	0.01910	0.01100	0.01398	0.00872	0.00537	0.00583	0.00181	0.00775	0.00506	0.00279	0.00909
14	0.01470	0.01398	0.01945	0.10052	0.39897	0.05330	0.01469	0.02257	0.25789	0.02046	0.01529	0.01703	0.01203	0.00630	0.00589	0.00185	0.00652	0.00567	0.00394	0.00896
15	0.01509	0.17049	0.08225	0.02676	0.45952	0.06017	0.01588	0.01931	0.06167	0.01828	0.01125	0.01371	0.00934	0.00549	0.00541	0.00167	0.00708	0.00479	0.00303	0.00882
16	0.07600	0.00907	0.00927	0.00823	0.01095	0.00905	0.00644	0.19544	0.01674	0.02220	0.04233	0.09064	0.45665	0.01245	0.00649	0.00195	0.00405	0.01020	0.00546	0.00639
17	0.00902	0.00692	0.00948	0.04905	0.01202	0.00752	0.00753	0.02718	0.05522	0.01657	0.09018	0.16784	0.07337	0.02766	0.35067	0.00550	0.00947	0.06474	0.00442	0.00563
18	0.00936	0.00669	0.00934	0.01070	0.01199	0.00666	0.00924	0.01197	0.01345	0.01751	0.03140	0.11829	0.03440	0.01649	0.00812	0.00270	0.00530	0.66553	0.00545	0.00540
19	0.01186	0.03059	0.76153	0.01686	0.02560	0.01373	0.02185	0.01873	0.01249	0.01873	0.01061	0.01249	0.00749	0.00562	0.00562	0.00187	0.00874	0.00437	0.00250	0.00874
20	0.00699	0.00599	0.00599	0.00599	0.00799	0.00499	0.00449	0.00849	0.01348	0.01598	0.05991	0.05691	0.75288	0.01498	0.00699	0.00200	0.00300	0.01248	0.00549	0.00499
21	0.01558	0.73417	0.02998	0.01054	0.01521	0.02298	0.01034	0.01743	0.01178	0.01394	0.00819	0.00976	0.00760	0.00548	0.00502	0.00137	0.06727	0.00332	0.00253	0.00750
22	0.01226	0.01051	0.01226	0.00876	0.01401	0.00788	0.00701	0.01489	0.01226	0.01927	0.01051	0.01226	0.00876	0.00438	0.00438	0.00088	0.00438	0.00350	0.00350	0.82832
23	0.12440	0.00779	0.00889	0.00824	0.01035	0.00774	0.00638	0.06949	0.01564	0.06631	0.36463	0.11224	0.11830	0.01167	0.00649	0.00196	0.00368	0.04379	0.00585	0.00616
24	0.01434	0.06060	0.07720	0.01590	0.06728	0.01533	0.11128	0.02600	0.45106	0.02185	0.01858	0.01870	0.01417	0.00720	0.00677	0.00197	0.05208	0.00615	0.00471	0.00885
25	0.01137	0.01064	0.01788	0.64006	0.12820	0.01276	0.01600	0.01509	0.01200	0.01564	0.01188	0.06094	0.00990	0.00657	0.00600	0.00197	0.00751	0.00594	0.00283	0.00682
26	0.01275	0.01086	0.01157	0.01055	0.01344	0.01210	0.00815	0.02543	0.54309	0.02329	0.12122	0.03008	0.13312	0.00958	0.00628	0.00199	0.00419	0.00806	0.00600	0.00823
27	0.01186	0.03059	0.76153	0.01686	0.02560	0.01373	0.02185	0.01873	0.01249	0.01873	0.01061	0.01249	0.00749	0.00562	0.00562	0.00187	0.00874	0.00437	0.00250	0.00874
28	0.00775	0.00665	0.00672	0.00659	0.00872	0.00595	0.00497	0.01075	0.08548	0.01684	0.05638	0.05348	0.68051	0.01429	0.00689	0.00200	0.00316	0.01191	0.00554	0.00542
29	0.00860	0.00573	0.00645	0.00645	0.00645	0.00573	0.00358	0.00860	0.00860	0.01147	0.01863	0.03870	0.02150	0.79217	0.03010	0.00573	0.00573	0.00860	0.00358	0.00358
30	0.01137	0.01072	0.01811	0.73393	0.08314	0.01319	0.01653	0.01529	0.01192	0.01536	0.01055	0.01570	0.00797	0.00587	0.00591	0.00196	0.00783	0.00526	0.00265	0.00674
31	0.01798	0.01344	0.01496	0.01267	0.01631	0.01476	0.01053	0.44807	0.11922	0.03036	0.02010	0.02932	0.01755	0.00970	0.00653	0.00206	0.00598	0.19592	0.00580	0.00873
32	0.77955	0.01270	0.05850	0.00838	0.01237	0.01330	0.00743	0.01747	0.01022	0.02602	0.00839	0.00980	0.00648	0.00550	0.00379	0.00183	0.00485	0.00328	0.00358	0.00656
33	0.02212	0.02741	0.01682	0.01513	0.01829	0.71840	0.01141	0.07109	0.01750	0.01599	0.00948	0.01090	0.00778	0.00616	0.00537	0.00154	0.01039	0.00391	0.00324	0.00707
34	0.83394	0.01144	0.00869	0.00778	0.01144	0.01327	0.00640	0.01738	0.01006	0.02653	0.00823	0.00961	0.00640	0.00549	0.00366	0.00183	0.00457	0.00320	0.00366	0.00640
35	0.01780	0.01424	0.01511	0.01266	0.01656	0.01615	0.01011	0.31178	0.45920	0.02973	0.02014	0.01893	0.01487	0.00766	0.00598	0.00191	0.00541	0.00614	0.00598	0.00964
36	0.01499	0.57559	0.15791	0.01419	0.09879	0.02068	0.01306	0.01794	0.01226	0.01535	0.00896	0.01058	0.00777	0.00518	0.00434	0.00143	0.00682	0.00361	0.00257	0.00799
37	0.01186	0.03059	0.76153	0.01686	0.02560	0.01373	0.02185	0.01873	0.01249	0.01873	0.01061	0.01249	0.00749	0.00562	0.00562	0.00187	0.00874	0.00437	0.00250	0.00874
38	0.01264	0.00973	0.01083	0.00980	0.01250	0.01040	0.00758	0.02238	0.39100	0.07180	0.22973	0.03303	0.13370	0.01010	0.00642	0.00195	0.00394	0.00857	0.00616	0.00774
39	0.00726	0.00526	0.00687	0.00804	0.00855	0.00486	0.00543	0.00842	0.01178	0.01566	0.07661	0.69627	0.08732	0.01791	0.00748	0.00234	0.00336	0.01617	0.00555	0.00486
40	0.01186	0.03059	0.76153	0.01686	0.02560	0.01373	0.02185	0.01873	0.01249	0.01873	0.01061	0.01249	0.00749	0.00562	0.00562	0.00187	0.00874	0.00437	0.00250	0.00874
41	0.00808	0.00603	0.00751	0.00714	0.00866	0.00546	0.00535	0.01060	0.01606	0.02210	0.60770	0.04683	0.20127	0.01269	0.00698	0.00189	0.00283	0.01107	0.00630	0.00546
42	0.01284	0.01280	0.01793	0.01540	0.01542	0.01788	0.01282	0.01415	0.00907	0.01422	0.00794	0.01316	0.00792	0.01109	0.03564	0.00274	0.76476	0.00520	0.00260	0.00644
43	0.01581	0.79572	0.03099	0.01012	0.01518	0.02340	0.01012	0.01771	0.01202	0.01391	0.00822	0.00949	0.00759	0.00506	0.00379	0.00126	0.00632	0.00316	0.00253	0.00759
44	0.00860	0.00573	0.00645	0.00645	0.00645	0.00573	0.00358	0.00860	0.00860	0.01147	0.01863	0.03870	0.02150	0.79217	0.03010	0.00573	0.00573	0.00860	0.00358	0.00358
45	0.01464	0.01405	0.02400	0.03630	0.75528	0.01405	0.01815	0.01815	0.01347	0.01932	0.01112	0.01464	0.00937	0.00527	0.00585	0.00176	0.00703	0.00527	0.00293	0.00937
46	0.02149	0.02718	0.01685	0.01525	0.01810	0.71878	0.01153	0.02299	0.01625	0.01446	0.00905	0.01082	0.00763	0.00638	0.00626	0.00159	0.06165	0.00390	0.00302	0.00683
47	0.83394	0.01144	0.00869	0.00778	0.01144	0.01327	0.00640	0.01738	0.01006	0.02653	0.00823	0.00961	0.00640	0.00549	0.00366	0.00183	0.00457	0.00320	0.00366	0.00640
48	0.00782	0.00616	0.00782	0.00782	0.00923	0.00627	0.00594	0.00956	0.01118	0.01458	0.03508	0.03863	0.33496	0.07040	0.40035	0.00606	0.00975	0.00912	0.00420	0.00507
49	0.01430	0.01224	0.01307	0.01194	0.01513	0.01409	0.00937	0.02992	0.68711	0.02418	0.02464	0.02557	0.01931	0.00868	0.00619	0.00206	0.00474	0.06243	0.00597	0.00905
50	0.83394	0.01144	0.00869	0.00778	0.01144	0.01327	0.00640	0.01738	0.01006	0.02653	0.00823	0.00961	0.00640	0.00549	0.00366	0.00183	0.00457	0.00320	0.00366	0.00640
51	0.00699	0.00599	0.00599	0.00599	0.00799	0.00499	0.00449	0.00849	0.01348	0.01598	0.05991	0.05691	0.75288	0.01498	0.00699	0.00200	0.00300	0.01248	0.00549	0.00499
52	0.00931	0.00763	0.01190	0.26651	0.02025	0.00906	0.01003	0.01182	0.01031	0.01409	0.01513	0.06156	0.01424	0.08597	0.41870	0.00633	0.01178	0.00669	0.00314	0.00556
53	0.00853	0.00570	0.00647	0.00654	0.00656	0.00569	0.00368	0.00858	0.00874	0.01165	0.01936	0.07757	0.02241	0.75205	0.02893	0.00556	0.00561	0.00903	0.00368	0.00365
54	0.01613	0.00829	0.01077	0.00903	0.01184	0.00765	0.00714	0.06951	0.01760	0.29823	0.42840	0.03309	0.03722	0.00996	0.00652	0.00184	0.00389	0.00855	0.00677	0.00757
55	0.52430	0.01618	0.18191	0.01412	0.12632	0.01349	0.01167	0.01780	0.01112	0.02368	0.00921	0.01102	0.00710	0.00549	0.00443	0.00183	0.00589	0.00378	0.00329	0.00738
56	0.00912	0.00776	0.01063	0.01068	0.01090	0.00926	0.00798	0.01024	0.01056	0.01481	0.02428	0.52869	0.02862	0.01579	0.01152	0.00246	0.26390	0.01292	0.00452	0.00536
57	0.01396	0.01595	0.03490	0.02493	0.03091	0.01496	0.73380	0.01894	0.01396	0.01894	0.01196	0.01595	0.00897	0.00499	0.00698	0.00199	0.00997	0.00698	0.00299	0.00798
58	0.01348	0.01287	0.02191	0.28463	0.51603	0.01375	0.01757	0.01713	0.01292	0.01791	0.01092	0.01501	0.00887	0.00548	0.00587	0.00183	0.00731	0.00526	0.00283	0.00843
59	0.01102	0.00551	0.00551	0.00551	0.00689	0.00551	0.00413	0.01378	0.01240	0.02205	0.01929	0.02205	0.01516	0.00689	0.00413	0.00138	0.00276	0.00551	0.82500	0.00551
60	0.00855	0.00594	0.00747	0.00747	0.00783	0.00629	0.00486	0.00926	0.00890	0.01222	0.01770	0.03352	0.01925	0.54178	0.27742	0.00700	0.00912	0.00784	0.00344	0.00415
61	0.00700	0.00596	0.00603	0.00609	0.00801	0.00498	0.00454	0.00848	0.01339	0.01594	0.05875	0.08787	0.72266	0.01513	0.00701	0.00201	0.00301	0.01266	0.00549	0.00498
62	0.01395	0.01335	0.02277	0.18215	0.61475	0.01387	0.01781	0.01755	0.01314	0.01849	0.01100	0.01486	0.00908	0.00540	0.00587	0.00180	0.00719	0.00527	0.00287	0.00882
63	0.01671	0.01319	0.01412	0.01221	0.01585	0.01496	0.00963	0.14863	0.58193	0.07043	0.02238	0.02064	0.01652	0.00783	0.00600	0.00196	0.00501	0.00642	0.00608	0.00952
64	0.01396	0.01595	0.03490	0.02493	0.03091	0.01496	0.73380	0.01894	0.01396	0.01894	0.01196	0.01595	0.00897	0.00499	0.00698	0.00199	0.00997	0.00698	0.00299	0.00798
65	0.01118	0.00928	0.00962	0.00872	0.01145	0.00951	0.00676	0.10494	0.23142	0.02119	0.04367	0.04134	0.44399	0.01195	0.00657	0.00197	0.00393	0.00988	0.00570	0.00691
66	0.01441	0.01372	0.02283	0.08402	0.65474	0.01404	0.01741	0.01890	0.06562	0.01943	0.01201	0.01524	0.00989	0.00551	0.00587	0.00179	0.00692	0.00537	0.00313	0.00918
67	0.01053	0.06220	0.07321	0.06824	0.10265	0.00965	0.05825	0.01389	0.01496	0.02082	0.40606	0.03351	0.03531	0.00968	0.00653	0.00188	0.00501	0.05607	0.00492	0.00663
68	0.00714	0.00577	0.00636	0.00669	0.00820	0.00498	0.00483	0.00861	0.01314	0.01630	0.10220	0.24861	0.51508	0.01571	0.00714	0.00209	0.00310	0.01349	0.00556	0.00498
69	0.01226	0.01051	0.01226	0.00876	0.01401	0.00788	0.00701	0.01489	0.01226	0.01927	0.01051	0.01226	0.00876	0.00438	0.00438	0.00088	0.00438	0.00350	0.00350	0.82832
70	0.01447	0.05676	0.48098	0.01667	0.07988	0.01366	0.01778	0.02156	0.10838	0.11271	0.01391	0.01474	0.00992	0.00609	0.00565	0.00185	0.00751	0.00489	0.00360	0.00899

[dist]
# distance from previous block
# <min> <max>
0	4

[block]
# block no. 1 follows, 39 sequences, length 8
# corresponding to MSA columns:
# 140-147
name=unknown_B
#
# <colnr> <probs for GDERKNQSTAVLIFYWHMCP>
#	G	D	E	R	K	N	Q	S	T	A	V	L	I	F	Y	W	H	M	C	P
0	0.01447	0.01048	0.05558	0.00990	0.01358	0.00864	0.00819	0.04034	0.09768	0.17944	0.09713	0.17566	0.02213	0.00926	0.00594	0.00171	0.00452	0.00795	0.00534	0.23206
1	0.01464	0.18056	0.40183	0.01732	0.08868	0.01530	0.08328	0.01955	0.01308	0.09544	0.01163	0.01319	0.00857	0.00559	0.00543	0.00175	0.00782	0.00461	0.00309	0.00863
2	0.01469	0.01555	0.20862	0.01190	0.01640	0.01138	0.01162	0.09541	0.16323	0.13127	0.07895	0.02646	0.08409	0.06252	0.00781	0.00220	0.00580	0.03893	0.00507	0.00811
3	0.01246	0.08188	0.36695	0.08893	0.17175	0.01341	0.01722	0.01733	0.01286	0.01853	0.06159	0.01515	0.01136	0.00586	0.00553	0.00172	0.00732	0.00490	0.00297	0.08227
4	0.01188	0.19427	0.21344	0.01124	0.01585	0.01347	0.01145	0.01793	0.16076	0.01793	0.02526	0.09455	0.17057	0.00915	0.00575	0.00184	0.00566	0.00743	0.00413	0.00745
5	0.07731	0.17705	0.08318	0.00987	0.01321	0.01183	0.00881	0.01710	0.09000	0.09655	0.16737	0.17955	0.02557	0.00989	0.00583	0.00186	0.00479	0.00827	0.00490	0.00707
6	0.01266	0.18555	0.61357	0.01549	0.02349	0.01569	0.01947	0.01852	0.01239	0.01775	0.01013	0.01188	0.00751	0.00551	0.00525	0.00175	0.00825	0.00413	0.00250	0.00851
7	0.14728	0.05295	0.01518	0.07211	0.01731	0.27561	0.05216	0.01943	0.01493	0.09661	0.16120	0.01893	0.01802	0.00721	0.00553	0.00172	0.00705	0.00560	0.00423	0.00694

[dist]
# distance from previous block
# <min> <max>
6	11

[block]
# block no. 2 follows, 39 sequences, length 43
# corresponding to MSA columns:
# 159-201
name=unknown_C
#
# <colnr> <probs for GDERKNQSTAVLIFYWHMCP>
#	G	D	E	R	K	N	Q	S	T	A	V	L	I	F	Y	W	H	M	C	P
0	0.01009	0.00855	0.01355	0.01391	0.12164	0.00842	0.11116	0.01187	0.01109	0.01507	0.06087	0.03187	0.08358	0.35789	0.11129	0.00453	0.00738	0.00805	0.00368	0.00552
1	0.00894	0.00640	0.00824	0.00893	0.04962	0.00639	0.00560	0.01013	0.01110	0.01524	0.17931	0.03923	0.02864	0.45501	0.08732	0.00478	0.00603	0.06018	0.00429	0.00463
2	0.01183	0.07157	0.66577	0.01579	0.02379	0.01368	0.02001	0.01812	0.01277	0.01882	0.06452	0.01463	0.01102	0.00606	0.00562	0.00184	0.00817	0.00476	0.00279	0.00845
3	0.01430	0.22910	0.08872	0.02029	0.02623	0.01716	0.48323	0.01859	0.01332	0.01756	0.01084	0.01393	0.00848	0.00505	0.00601	0.00179	0.00889	0.00574	0.00283	0.00793
4	0.02248	0.01656	0.01775	0.01361	0.01834	0.01834	0.01124	0.73556	0.02780	0.03727	0.01420	0.01420	0.01006	0.00710	0.00592	0.00177	0.00651	0.00532	0.00592	0.01006
5	0.01029	0.00924	0.01632	0.06725	0.01778	0.00891	0.20865	0.01374	0.01501	0.02058	0.35494	0.03856	0.04850	0.01049	0.00711	0.00206	0.00561	0.13361	0.00506	0.00628
6	0.00756	0.00594	0.00683	0.00677	0.00838	0.00521	0.00501	0.00953	0.01459	0.01898	0.33327	0.11643	0.41215	0.01414	0.00703	0.00198	0.00295	0.01215	0.00590	0.00521
7	0.01027	0.00514	0.00770	0.00770	0.00770	0.00514	0.00514	0.00770	0.00770	0.01027	0.01027	0.01798	0.01027	0.02054	0.02311	0.82794	0.00514	0.00514	0.00257	0.00257
8	0.00809	0.00603	0.00752	0.00715	0.00867	0.00546	0.00536	0.01063	0.01609	0.02217	0.61363	0.04672	0.19529	0.01267	0.00698	0.00189	0.00283	0.01105	0.00631	0.00546
9	0.01226	0.01051	0.01226	0.00876	0.01401	0.00788	0.00701	0.01489	0.01226	0.01927	0.01051	0.01226	0.00876	0.00438	0.00438	0.00088	0.00438	0.00350	0.00350	0.82832
10	0.19747	0.01085	0.01296	0.01017	0.01457	0.01039	0.00840	0.07978	0.01629	0.54940	0.01944	0.01745	0.01255	0.00691	0.00546	0.00183	0.00505	0.00532	0.00644	0.00929
11	0.01186	0.03059	0.76153	0.01686	0.02560	0.01373	0.02185	0.01873	0.01249	0.01873	0.01061	0.01249	0.00749	0.00562	0.00562	0.00187	0.00874	0.00437	0.00250	0.00874
12	0.01367	0.01980	0.28027	0.02954	0.50174	0.01394	0.01944	0.01835	0.01313	0.01911	0.01095	0.01389	0.00872	0.00539	0.00577	0.00180	0.00762	0.00496	0.00278	0.00915
13	0.01330	0.01048	0.01237	0.00889	0.01409	0.00794	0.00713	0.01590	0.01260	0.07298	0.01144	0.01283	0.00919	0.00459	0.00449	0.00095	0.00443	0.00368	0.00378	0.76893
14	0.00709	0.00599	0.00613	0.00609	0.00805	0.00503	0.00457	0.00868	0.01371	0.01652	0.10877	0.05601	0.70367	0.01477	0.00699	0.00199	0.00298	0.01235	0.00556	0.00503
15	0.01315	0.02241	0.46513	0.01466	0.02120	0.01213	0.05181	0.07023	0.01486	0.07703	0.15951	0.01967	0.01791	0.00711	0.00600	0.00187	0.00717	0.00595	0.00393	0.00827
16	0.02157	0.09509	0.01809	0.01466	0.01801	0.64598	0.01130	0.07687	0.01717	0.01615	0.00944	0.01083	0.00780	0.00608	0.00524	0.00152	0.00997	0.00387	0.00322	0.00716
17	0.01237	0.01152	0.01843	0.41349	0.23903	0.01235	0.01504	0.01593	0.01238	0.01714	0.01069	0.01475	0.00848	0.00542	0.00559	0.00169	0.00694	0.00491	0.00289	0.17094
18	0.01698	0.55738	0.08913	0.01089	0.01606	0.01977	0.01085	0.02044	0.06617	0.12552	0.01182	0.01223	0.00939	0.00566	0.00443	0.00145	0.00622	0.00393	0.00349	0.00818
19	0.00860	0.00573	0.00645	0.00645	0.00645	0.00573	0.00358	0.00860	0.00860	0.01147	0.01863	0.03870	0.02150	0.79217	0.03010	0.00573	0.00573	0.00860	0.00358	0.00358
20	0.00741	0.00529	0.00710	0.00847	0.00890	0.00498	0.00585	0.00859	0.01152	0.01533	0.03248	0.72458	0.03866	0.01833	0.00760	0.00243	0.00361	0.07851	0.00549	0.00486
21	0.01327	0.01183	0.01881	0.02681	0.49638	0.01189	0.01403	0.06773	0.01372	0.01921	0.01623	0.17265	0.01631	0.06519	0.00796	0.00218	0.00617	0.00785	0.00371	0.00808
22	0.05247	0.17975	0.01933	0.01385	0.01740	0.55388	0.01096	0.05716	0.01610	0.01595	0.00917	0.01056	0.00768	0.00591	0.00499	0.00150	0.00936	0.00373	0.00311	0.00714
23	0.02248	0.01656	0.01775	0.01361	0.01834	0.01834	0.01124	0.73556	0.02780	0.03727	0.01420	0.01420	0.01006	0.00710	0.00592	0.00177	0.00651	0.00532	0.00592	0.01006
24	0.01464	0.01405	0.02400	0.03630	0.75528	0.01405	0.01815	0.01815	0.01347	0.01932	0.01112	0.01464	0.00937	0.00527	0.00585	0.00176	0.00703	0.00527	0.00293	0.00937
25	0.00699	0.00599	0.00599	0.00599	0.00799	0.00499	0.00449	0.00849	0.01348	0.01598	0.05991	0.05691	0.75288	0.01498	0.00699	0.00200	0.00300	0.01248	0.00549	0.00499
26	0.06908	0.00611	0.00754	0.00793	0.00852	0.00616	0.00533	0.03481	0.01035	0.01476	0.02157	0.36017	0.02467	0.15416	0.01546	0.22961	0.00450	0.01076	0.00423	0.00428
27	0.01261	0.03015	0.70766	0.01670	0.02507	0.05091	0.02109	0.03562	0.01305	0.01895	0.01062	0.01244	0.00756	0.00568	0.00561	0.00185	0.00878	0.00436	0.00260	0.00868
28	0.00744	0.00606	0.00661	0.00663	0.00847	0.00524	0.00508	0.00927	0.01410	0.01755	0.18665	0.05528	0.56878	0.01454	0.00708	0.00203	0.00314	0.06525	0.00568	0.00514
29	0.01102	0.00551	0.00551	0.00551	0.00689	0.00551	0.00413	0.01378	0.01240	0.02205	0.01929	0.02205	0.01516	0.00689	0.00413	0.00138	0.00276	0.00551	0.82500	0.00551
30	0.01484	0.34471	0.03072	0.05690	0.11437	0.03224	0.29108	0.01822	0.01302	0.01660	0.01016	0.01295	0.00836	0.00512	0.00541	0.00165	0.00798	0.00501	0.00277	0.00790
31	0.01909	0.08293	0.13040	0.01633	0.02074	0.50705	0.10424	0.02187	0.01543	0.01563	0.00965	0.01152	0.00777	0.00581	0.00547	0.00162	0.00998	0.00425	0.00292	0.00733
32	0.00813	0.00585	0.00773	0.00790	0.00900	0.00545	0.00583	0.01043	0.01502	0.02090	0.50204	0.25180	0.04964	0.01417	0.00722	0.00207	0.00315	0.06214	0.00615	0.00536
33	0.01513	0.01257	0.01370	0.01115	0.01539	0.01293	0.00885	0.14044	0.37331	0.02488	0.01775	0.01738	0.01352	0.00661	0.00543	0.00158	0.00487	0.00536	0.00513	0.29403
34	0.00823	0.00636	0.00772	0.00828	0.00994	0.00584	0.00681	0.01038	0.01383	0.01742	0.10844	0.06010	0.37471	0.01532	0.00751	0.00230	0.00406	0.32195	0.00556	0.00524
35	0.01074	0.00971	0.01390	0.01258	0.01309	0.01286	0.01022	0.01243	0.00928	0.01399	0.01172	0.01798	0.01120	0.02700	0.38625	0.00597	0.40658	0.00574	0.00287	0.00589
36	0.01027	0.00514	0.00770	0.00770	0.00770	0.00514	0.00514	0.00770	0.00770	0.01027	0.01027	0.01798	0.01027	0.02054	0.02311	0.82794	0.00514	0.00514	0.00257	0.00257
37	0.00699	0.00599	0.00599	0.00599	0.00799	0.00499	0.00449	0.00849	0.01348	0.01598	0.05991	0.05691	0.75288	0.01498	0.00699	0.00200	0.00300	0.01248	0.00549	0.00499
38	0.01730	0.01915	0.01675	0.01469	0.01651	0.33513	0.01165	0.08441	0.01409	0.01641	0.00965	0.01300	0.00853	0.01125	0.07837	0.00267	0.31571	0.00471	0.00314	0.00686
39	0.01218	0.01051	0.01266	0.06458	0.01595	0.00826	0.00769	0.01491	0.01223	0.01897	0.01051	0.01252	0.00870	0.00449	0.00449	0.00096	0.00463	0.00363	0.00344	0.76868
40	0.01810	0.01439	0.01528	0.01272	0.01667	0.01629	0.01018	0.33827	0.43224	0.03020	0.01977	0.01864	0.01457	0.00762	0.00597	0.00191	0.00548	0.00609	0.00597	0.00966
41	0.01056	0.00828	0.00997	0.00892	0.01160	0.00722	0.00660	0.07510	0.01315	0.01871	0.02221	0.41218	0.02451	0.01191	0.00615	0.00174	0.00408	0.01052	0.00474	0.33186
42	0.00726	0.00568	0.00662	0.00732	0.00855	0.00504	0.00529	0.00864	0.01254	0.01571	0.04588	0.37931	0.38818	0.01663	0.00732	0.00223	0.00336	0.06401	0.00549	0.00494

[dist]
# distance from previous block
# <min> <max>
9	36

[block]
# block no. 3 follows, 39 sequences, length 6
# corresponding to MSA columns:
# 262-267
name=unknown_D
#
# <colnr> <probs for GDERKNQSTAVLIFYWHMCP>
#	G	D	E	R	K	N	Q	S	T	A	V	L	I	F	Y	W	H	M	C	P
0	0.01304	0.04911	0.01301	0.01264	0.07881	0.08744	0.00917	0.01829	0.15219	0.05820	0.25726	0.03552	0.03089	0.01036	0.00656	0.00198	0.00514	0.14794	0.00538	0.00706
1	0.01218	0.01449	0.16088	0.01037	0.01631	0.00904	0.00995	0.01565	0.01231	0.01916	0.01053	0.01231	0.00851	0.00463	0.00463	0.00107	0.00524	0.00368	0.00330	0.66576
2	0.10036	0.15979	0.16770	0.01604	0.02187	0.01485	0.24554	0.02048	0.01351	0.16562	0.01289	0.01428	0.00929	0.00564	0.00559	0.00179	0.00753	0.00519	0.00374	0.00831
3	0.01442	0.00860	0.04023	0.00917	0.01185	0.00735	0.00741	0.01782	0.06409	0.25349	0.30708	0.15174	0.05971	0.01117	0.00662	0.00195	0.00397	0.00971	0.00637	0.00723
4	0.01229	0.01591	0.19535	0.02365	0.36723	0.01159	0.01553	0.01603	0.01270	0.01834	0.01521	0.16737	0.01477	0.00790	0.00600	0.00183	0.00649	0.00719	0.00338	0.08125
5	0.01339	0.00914	0.01118	0.00920	0.01258	0.00811	0.00733	0.08874	0.01595	0.11255	0.25555	0.05479	0.02795	0.00897	0.00598	0.00161	0.00421	0.06423	0.00542	0.28310

[dist]
# distance from previous block
# <min> <max>
0	2

[block]
# block no. 4 follows, 39 sequences, length 7
# corresponding to MSA columns:
# 270-276
name=unknown_E
#
# <colnr> <probs for GDERKNQSTAVLIFYWHMCP>
#	G	D	E	R	K	N	Q	S	T	A	V	L	I	F	Y	W	H	M	C	P
0	0.20342	0.01425	0.01922	0.02647	0.48393	0.06833	0.01426	0.01817	0.01285	0.02062	0.01028	0.01304	0.00852	0.00532	0.00522	0.00170	0.00656	0.00458	0.00314	0.06012
1	0.01428	0.01322	0.01932	0.05122	0.17424	0.01393	0.13601	0.05006	0.33854	0.02202	0.01887	0.01962	0.04060	0.00685	0.00608	0.00188	0.00621	0.00636	0.00454	0.05615
2	0.01117	0.01051	0.01774	0.77795	0.04073	0.01314	0.01642	0.01511	0.01182	0.01511	0.01051	0.01577	0.00788	0.00591	0.00591	0.00197	0.00788	0.00526	0.00263	0.00657
3	0.01215	0.01201	0.01986	0.13232	0.02130	0.01451	0.17557	0.01447	0.01051	0.01496	0.01101	0.01849	0.01042	0.14309	0.01637	0.00290	0.35469	0.00619	0.00286	0.00633
4	0.02309	0.01125	0.01393	0.01115	0.01541	0.01101	0.00906	0.08199	0.21086	0.51078	0.02285	0.02020	0.01520	0.00749	0.00596	0.00187	0.00505	0.00610	0.00687	0.00988
5	0.01117	0.01051	0.01774	0.77795	0.04073	0.01314	0.01642	0.01511	0.01182	0.01511	0.01051	0.01577	0.00788	0.00591	0.00591	0.00197	0.00788	0.00526	0.00263	0.00657
6	0.01452	0.25195	0.03371	0.02044	0.02615	0.01751	0.51478	0.01857	0.01337	0.01742	0.01083	0.01400	0.00855	0.00501	0.00602	0.00177	0.00887	0.00582	0.00285	0.00786

[dist]
# distance from previous block
# <min> <max>
5	8

[block]
# block no. 5 follows, 39 sequences, length 52
# corresponding to MSA columns:
# 285-336
name=unknown_F
#
# <colnr> <probs for GDERKNQSTAVLIFYWHMCP>
#	G	D	E	R	K	N	Q	S	T	A	V	L	I	F	Y	W	H	M	C	P
0	0.00871	0.00676	0.00767	0.00741	0.00918	0.00590	0.00548	0.01055	0.01564	0.02064	0.39586	0.05139	0.40409	0.01408	0.00738	0.00211	0.00326	0.01181	0.00628	0.00580
1	0.02290	0.02858	0.01735	0.01580	0.01890	0.75712	0.01178	0.02414	0.01729	0.01541	0.01014	0.01204	0.00856	0.00674	0.00575	0.00171	0.01091	0.00414	0.00338	0.00735
2	0.01672	0.78413	0.03135	0.01077	0.01585	0.02373	0.01049	0.01833	0.01262	0.01486	0.00923	0.01088	0.00853	0.00572	0.00424	0.00145	0.00664	0.00350	0.00287	0.00808
3	0.00948	0.00708	0.01021	0.01016	0.01130	0.00797	0.00781	0.01129	0.01015	0.01467	0.01673	0.02441	0.01562	0.04440	0.75722	0.00956	0.01600	0.00663	0.00350	0.00580
4	0.01403	0.01223	0.01493	0.24629	0.02328	0.01442	0.01162	0.06254	0.48380	0.02244	0.01942	0.01974	0.01453	0.00733	0.00598	0.00198	0.00575	0.00618	0.00498	0.00854
5	0.01249	0.15284	0.64480	0.01578	0.02393	0.01528	0.01998	0.01857	0.01241	0.01796	0.01023	0.01201	0.00751	0.00553	0.00533	0.00178	0.00835	0.00418	0.00250	0.00856
6	0.01843	0.02058	0.01406	0.01283	0.01549	0.49634	0.00974	0.02037	0.01660	0.06500	0.19036	0.02223	0.02104	0.00814	0.00591	0.00169	0.00813	0.04210	0.00428	0.00668
7	0.83394	0.01144	0.00869	0.00778	0.01144	0.01327	0.00640	0.01738	0.01006	0.02653	0.00823	0.00961	0.00640	0.00549	0.00366	0.00183	0.00457	0.00320	0.00366	0.00640
8	0.00708	0.00582	0.00623	0.00650	0.00814	0.00497	0.00473	0.00852	0.01314	0.01604	0.07636	0.20681	0.58398	0.01561	0.00710	0.00208	0.00308	0.01331	0.00552	0.00497
9	0.01230	0.11492	0.68101	0.01611	0.02445	0.01480	0.02056	0.01862	0.01243	0.01820	0.01035	0.01216	0.00750	0.00556	0.00542	0.00181	0.00847	0.00424	0.00250	0.00861
10	0.00823	0.00558	0.00656	0.00693	0.00702	0.00548	0.00410	0.00850	0.00933	0.01244	0.02239	0.24022	0.02624	0.58419	0.02404	0.00484	0.00511	0.01081	0.00410	0.00391
11	0.01542	0.68979	0.02925	0.01085	0.01523	0.02268	0.01050	0.01724	0.01162	0.01396	0.00816	0.00995	0.00761	0.00578	0.00591	0.00144	0.11121	0.00343	0.00254	0.00744
12	0.01532	0.01491	0.01373	0.01061	0.01533	0.17492	0.00835	0.08113	0.01463	0.01983	0.01054	0.01209	0.00863	0.00500	0.00472	0.00110	0.00594	0.00373	0.00362	0.57586
13	0.01084	0.00834	0.01186	0.17787	0.01877	0.00904	0.01098	0.07211	0.01428	0.01862	0.02544	0.08533	0.02661	0.01341	0.00746	0.00247	0.00597	0.46968	0.00487	0.00604
14	0.00762	0.00515	0.00698	0.00816	0.00846	0.00485	0.00544	0.00816	0.01083	0.01444	0.02957	0.68406	0.03521	0.01880	0.00965	0.11412	0.00366	0.01523	0.00509	0.00450
15	0.01581	0.79572	0.03099	0.01012	0.01518	0.02340	0.01012	0.01771	0.01202	0.01391	0.00822	0.00949	0.00759	0.00506	0.00379	0.00126	0.00632	0.00316	0.00253	0.00759
16	0.01264	0.16126	0.56971	0.01557	0.02291	0.01579	0.01904	0.01816	0.01210	0.01750	0.00995	0.01201	0.00753	0.00594	0.00652	0.00183	0.07646	0.00423	0.00251	0.00834
17	0.01250	0.01267	0.01762	0.68460	0.03798	0.10558	0.01581	0.01615	0.01243	0.01503	0.01034	0.01514	0.00785	0.00593	0.00584	0.00192	0.00822	0.00508	0.00268	0.00660
18	0.83394	0.01144	0.00869	0.00778	0.01144	0.01327	0.00640	0.01738	0.01006	0.02653	0.00823	0.00961	0.00640	0.00549	0.00366	0.00183	0.00457	0.00320	0.00366	0.00640
19	0.00846	0.00628	0.00923	0.00923	0.01020	0.00725	0.00706	0.01039	0.00942	0.01353	0.01609	0.02460	0.01538	0.11030	0.70359	0.00917	0.01495	0.00654	0.00320	0.00513
20	0.01102	0.00551	0.00551	0.00551	0.00689	0.00551	0.00413	0.01378	0.01240	0.02205	0.01929	0.02205	0.01516	0.00689	0.00413	0.00138	0.00276	0.00551	0.82500	0.00551
21	0.01102	0.00551	0.00551	0.00551	0.00689	0.00551	0.00413	0.01378	0.01240	0.02205	0.01929	0.02205	0.01516	0.00689	0.00413	0.00138	0.00276	0.00551	0.82500	0.00551
22	0.00991	0.00887	0.01429	0.01142	0.01456	0.00790	0.20085	0.01249	0.01406	0.05250	0.10634	0.04304	0.45662	0.01168	0.00694	0.00198	0.00495	0.01054	0.00500	0.00609
23	0.01009	0.00850	0.01277	0.01163	0.01281	0.01034	0.04292	0.03412	0.01019	0.01481	0.01391	0.02044	0.01289	0.03419	0.55147	0.00745	0.17648	0.00609	0.00312	0.00581
24	0.01102	0.00551	0.00551	0.00551	0.00689	0.00551	0.00413	0.01378	0.01240	0.02205	0.01929	0.02205	0.01516	0.00689	0.00413	0.00138	0.00276	0.00551	0.82500	0.00551
25	0.01117	0.01051	0.01774	0.77795	0.04073	0.01314	0.01642	0.01511	0.01182	0.01511	0.01051	0.01577	0.00788	0.00591	0.00591	0.00197	0.00788	0.00526	0.00263	0.00657
26	0.01190	0.01090	0.01774	0.72857	0.03928	0.01347	0.01609	0.06166	0.01286	0.01654	0.01075	0.01567	0.00802	0.00599	0.00591	0.00196	0.00779	0.00526	0.00284	0.00679
27	0.77095	0.01133	0.00908	0.00799	0.01172	0.01291	0.00658	0.01828	0.01060	0.08371	0.00941	0.01043	0.00705	0.00563	0.00384	0.00183	0.00461	0.00342	0.00395	0.00669
28	0.01771	0.02123	0.01641	0.01455	0.01732	0.49739	0.07405	0.01969	0.01456	0.01467	0.01119	0.01451	0.00966	0.01628	0.21070	0.00371	0.01199	0.00477	0.00307	0.00653
29	0.01117	0.01051	0.01774	0.77795	0.04073	0.01314	0.01642	0.01511	0.01182	0.01511	0.01051	0.01577	0.00788	0.00591	0.00591	0.00197	0.00788	0.00526	0.00263	0.00657
30	0.00846	0.00628	0.00921	0.00921	0.01017	0.00723	0.00703	0.01037	0.00942	0.01351	0.01611	0.02470	0.01542	0.11552	0.69844	0.00915	0.01488	0.00655	0.00321	0.00512
31	0.01102	0.00551	0.00551	0.00551	0.00689	0.00551	0.00413	0.01378	0.01240	0.02205	0.01929	0.02205	0.01516	0.00689	0.00413	0.00138	0.00276	0.00551	0.82500	0.00551
32	0.01177	0.01118	0.01925	0.68718	0.03915	0.01346	0.07952	0.03841	0.01252	0.01615	0.01076	0.01573	0.00805	0.00587	0.00601	0.00197	0.00802	0.00541	0.00276	0.00680
33	0.01117	0.01051	0.01774	0.77795	0.04073	0.01314	0.01642	0.01511	0.01182	0.01511	0.01051	0.01577	0.00788	0.00591	0.00591	0.00197	0.00788	0.00526	0.00263	0.00657
34	0.00839	0.00612	0.00833	0.00799	0.00930	0.00607	0.00607	0.01100	0.01479	0.02103	0.55421	0.03854	0.04477	0.02076	0.21176	0.00391	0.00630	0.00952	0.00561	0.00550
35	0.01060	0.00608	0.00693	0.00678	0.00796	0.00655	0.00514	0.01303	0.01155	0.01973	0.01804	0.02255	0.01499	0.05271	0.12914	0.00297	0.04999	0.00578	0.60405	0.00543
36	0.01186	0.03059	0.76153	0.01686	0.02560	0.01373	0.02185	0.01873	0.01249	0.01873	0.01061	0.01249	0.00749	0.00562	0.00562	0.00187	0.00874	0.00437	0.00250	0.00874
37	0.01226	0.01051	0.01226	0.00876	0.01401	0.00788	0.00701	0.01489	0.01226	0.01927	0.01051	0.01226	0.00876	0.00438	0.00438	0.00088	0.00438	0.00350	0.00350	0.82832
38	0.00721	0.00515	0.00686	0.00823	0.00858	0.00480	0.00549	0.00823	0.01132	0.01510	0.03259	0.78831	0.03911	0.01853	0.00755	0.00240	0.00343	0.01681	0.00549	0.00480
39	0.22946	0.00684	0.00735	0.00811	0.00935	0.00708	0.00574	0.01069	0.01098	0.01817	0.02605	0.57897	0.03032	0.01502	0.00650	0.00225	0.00374	0.01315	0.00500	0.00523
40	0.83394	0.01144	0.00869	0.00778	0.01144	0.01327	0.00640	0.01738	0.01006	0.02653	0.00823	0.00961	0.00640	0.00549	0.00366	0.00183	0.00457	0.00320	0.00366	0.00640
41	0.00849	0.00618	0.00869	0.00869	0.00946	0.00695	0.00638	0.01004	0.00926	0.01312	0.01659	0.02736	0.01658	0.24400	0.57154	0.00850	0.01314	0.00694	0.00328	0.00483
42	0.01151	0.01103	0.01099	0.01066	0.01209	0.17284	0.00815	0.01325	0.01099	0.01371	0.01410	0.02023	0.01299	0.03481	0.56442	0.04974	0.01417	0.00572	0.00311	0.00548
43	0.01236	0.01083	0.01357	0.00969	0.01499	0.00829	0.04900	0.01512	0.01236	0.01925	0.01060	0.01248	0.00877	0.00441	0.00453	0.00094	0.00470	0.00370	0.00347	0.78092
44	0.00885	0.00608	0.00911	0.00911	0.00994	0.00690	0.00690	0.00994	0.00911	0.01298	0.01463	0.02209	0.01380	0.03917	0.60652	0.18756	0.01351	0.00608	0.00304	0.00469
45	0.01226	0.01051	0.01226	0.00876	0.01401	0.00788	0.00701	0.01489	0.01226	0.01927	0.01051	0.01226	0.00876	0.00438	0.00438	0.00088	0.00438	0.00350	0.00350	0.82832
46	0.00845	0.00634	0.00950	0.00950	0.01056	0.00739	0.00739	0.01056	0.00950	0.01373	0.01584	0.02323	0.01478	0.04435	0.76873	0.00950	0.01584	0.00634	0.00317	0.00528
47	0.01034	0.00569	0.00639	0.00639	0.00761	0.00591	0.00476	0.01279	0.01156	0.01967	0.01854	0.02337	0.01549	0.06528	0.16196	0.00332	0.00562	0.00588	0.60409	0.00534
48	0.00845	0.00634	0.00950	0.00950	0.01056	0.00739	0.00739	0.01056	0.00950	0.01373	0.01584	0.02323	0.01478	0.04435	0.76873	0.00950	0.01584	0.00634	0.00317	0.00528
49	0.08627	0.01555	0.03258	0.02341	0.02919	0.01481	0.66965	0.01881	0.01361	0.01961	0.01164	0.01539	0.00875	0.00503	0.00669	0.00198	0.00949	0.00665	0.00305	0.00784
50	0.76238	0.01189	0.00949	0.00829	0.01205	0.01371	0.00683	0.08072	0.01163	0.02748	0.00876	0.01001	0.00673	0.00563	0.00386	0.00183	0.00475	0.00339	0.00386	0.00673
51	0.83394	0.01144	0.00869	0.00778	0.01144	0.01327	0.00640	0.01738	0.01006	0.02653	0.00823	0.00961	0.00640	0.00549	0.00366	0.00183	0.00457	0.00320	0.00366	0.00640

[dist]
# distance from previous block
# <min> <max>
0	21

# created by:
# /software/SequenceAnalysis/GenePrediction/augustus/3.0.1/scripts/msa2prfl.pl ./fixed/BUSCOvEOG7S1VP1.fas
