[name]
unknown

[dist]
# distance from previous block
# <min> <max>
15	60

[block]
# block no. 0 follows, 41 sequences, length 63
# corresponding to MSA columns:
# 79-141
name=unknown_A
#
# <colnr> <probs for GDERKNQSTAVLIFYWHMCP>
#	G	D	E	R	K	N	Q	S	T	A	V	L	I	F	Y	W	H	M	C	P
0	0.00951	0.00741	0.00986	0.00921	0.01139	0.00688	0.05582	0.04994	0.01398	0.03825	0.09788	0.10643	0.30816	0.01324	0.00693	0.00209	0.00430	0.20641	0.00521	0.03710
1	0.00814	0.00724	0.05457	0.00908	0.01029	0.00673	0.00726	0.01002	0.00986	0.01382	0.01981	0.21290	0.02098	0.11055	0.43636	0.00645	0.01060	0.03662	0.00370	0.00504
2	0.78909	0.01104	0.00921	0.00809	0.01162	0.01266	0.03089	0.01662	0.00989	0.02512	0.00872	0.03081	0.00714	0.00564	0.00375	0.00179	0.00457	0.00358	0.00357	0.00620
3	0.01109	0.01049	0.03076	0.13510	0.01983	0.00930	0.13916	0.01420	0.01232	0.01774	0.07258	0.07901	0.01527	0.00785	0.02940	0.00174	0.00600	0.03014	0.00358	0.35443
4	0.02047	0.01509	0.01625	0.01267	0.01692	0.01662	0.01037	0.68119	0.02557	0.03423	0.01583	0.06465	0.02777	0.00774	0.00585	0.00176	0.00603	0.00601	0.00569	0.00930
5	0.12158	0.01469	0.01540	0.01216	0.01643	0.01632	0.00997	0.53555	0.11725	0.06163	0.01459	0.01438	0.01045	0.00680	0.00547	0.00175	0.00578	0.00509	0.00552	0.00921
6	0.01352	0.00997	0.01187	0.00862	0.01346	0.00766	0.00688	0.01594	0.01233	0.11417	0.01200	0.01363	0.00958	0.02920	0.00520	0.00111	0.00436	0.00384	0.00386	0.70281
7	0.01980	0.02399	0.01571	0.01409	0.01682	0.62139	0.01072	0.06527	0.01636	0.01600	0.06526	0.01310	0.01101	0.00666	0.00622	0.00158	0.06161	0.00436	0.00334	0.00670
8	0.01066	0.00533	0.00533	0.00533	0.00666	0.00533	0.00400	0.01333	0.01200	0.02132	0.01866	0.02132	0.01466	0.00666	0.00400	0.00133	0.00267	0.00533	0.83073	0.00533
9	0.02336	0.04112	0.01424	0.01063	0.01478	0.06527	0.00875	0.02548	0.01549	0.59512	0.01941	0.01755	0.01268	0.00687	0.00620	0.00170	0.04550	0.00530	0.00612	0.06443
10	0.01188	0.01189	0.06494	0.01140	0.04116	0.00877	0.08144	0.01496	0.01230	0.01879	0.04884	0.01389	0.01077	0.00479	0.00474	0.00110	0.00507	0.00420	0.00340	0.62568
11	0.01147	0.02959	0.76934	0.01630	0.02476	0.01328	0.02113	0.01811	0.01208	0.01811	0.01026	0.01208	0.00725	0.00543	0.00543	0.00181	0.00845	0.00423	0.00242	0.00845
12	0.01066	0.00533	0.00533	0.00533	0.00666	0.00533	0.00400	0.01333	0.01200	0.02132	0.01866	0.02132	0.01466	0.00666	0.00400	0.00133	0.00267	0.00533	0.83073	0.00533
13	0.01859	0.22392	0.06537	0.01320	0.01710	0.42847	0.01115	0.05958	0.08157	0.01616	0.01025	0.01130	0.00838	0.00583	0.00488	0.00148	0.00840	0.00388	0.00319	0.00730
14	0.01066	0.00533	0.00533	0.00533	0.00666	0.00533	0.00400	0.01333	0.01200	0.02132	0.01866	0.02132	0.01466	0.00666	0.00400	0.00133	0.00267	0.00533	0.83073	0.00533
15	0.01186	0.01017	0.01186	0.00847	0.01356	0.00762	0.00678	0.01440	0.01186	0.01864	0.01017	0.01186	0.00847	0.00424	0.00424	0.00085	0.00424	0.00339	0.00339	0.83395
16	0.01030	0.01568	0.30476	0.01090	0.01526	0.00907	0.01161	0.01371	0.01196	0.05831	0.02684	0.08144	0.22808	0.08290	0.02510	0.00237	0.03840	0.00781	0.00387	0.04162
17	0.06289	0.01909	0.01644	0.01352	0.01717	0.25970	0.01081	0.42047	0.02121	0.02676	0.01140	0.01232	0.00862	0.00672	0.00643	0.00170	0.06741	0.00457	0.00448	0.00829
18	0.00822	0.00595	0.00829	0.00829	0.00900	0.00666	0.00602	0.00963	0.00892	0.01261	0.01615	0.02705	0.01629	0.27450	0.54743	0.00808	0.01233	0.00680	0.00319	0.00460
19	0.01186	0.01017	0.01186	0.00847	0.01356	0.00762	0.00678	0.01440	0.01186	0.01864	0.01017	0.01186	0.00847	0.00424	0.00424	0.00085	0.00424	0.00339	0.00339	0.83395
20	0.01850	0.01415	0.01515	0.01239	0.01636	0.01588	0.00998	0.40207	0.35204	0.05325	0.01829	0.01732	0.01333	0.00727	0.00577	0.00182	0.00546	0.00576	0.00581	0.00943
21	0.02566	0.00973	0.01327	0.01018	0.01460	0.00841	0.00841	0.02788	0.01637	0.76726	0.02257	0.01947	0.01416	0.00708	0.00575	0.00177	0.00487	0.00575	0.00708	0.00973
22	0.00922	0.00658	0.00922	0.01053	0.01185	0.00658	0.00922	0.01185	0.01317	0.01712	0.03029	0.06452	0.03292	0.01580	0.00790	0.00263	0.00527	0.72480	0.00527	0.00527
23	0.00817	0.00613	0.00919	0.00919	0.01021	0.00715	0.00715	0.01021	0.00919	0.01328	0.01532	0.02247	0.01430	0.04290	0.77631	0.00919	0.01532	0.00613	0.00306	0.00511
24	0.01066	0.00533	0.00533	0.00533	0.00666	0.00533	0.00400	0.01333	0.01200	0.02132	0.01866	0.02132	0.01466	0.00666	0.00400	0.00133	0.00267	0.00533	0.83073	0.00533
25	0.01566	0.75520	0.02913	0.01009	0.01486	0.06852	0.00986	0.01748	0.01190	0.01349	0.00801	0.00924	0.00734	0.00495	0.00376	0.00124	0.00637	0.00310	0.00248	0.00730
26	0.03348	0.08813	0.38847	0.01487	0.02101	0.18701	0.02913	0.13666	0.01535	0.01988	0.01029	0.01172	0.00769	0.00571	0.00526	0.00167	0.00827	0.00418	0.00311	0.00810
27	0.00828	0.00676	0.01024	0.27450	0.01896	0.00741	0.00894	0.01024	0.01112	0.01461	0.02420	0.52777	0.02747	0.01374	0.00676	0.00218	0.00480	0.01243	0.00436	0.00523
28	0.01460	0.01442	0.02279	0.03387	0.71788	0.06003	0.01716	0.01788	0.01322	0.01840	0.01064	0.01392	0.00896	0.00515	0.00563	0.00169	0.00701	0.00501	0.00284	0.00891
29	0.00697	0.00498	0.00664	0.00796	0.00830	0.00465	0.00531	0.00796	0.01095	0.01460	0.03153	0.79525	0.03783	0.01792	0.00730	0.00232	0.00332	0.01626	0.00531	0.00465
30	0.01416	0.01359	0.02322	0.03511	0.76330	0.01359	0.01755	0.01755	0.01302	0.01869	0.01076	0.01416	0.00906	0.00510	0.00566	0.00170	0.00680	0.00510	0.00283	0.00906
31	0.01727	0.01275	0.01395	0.01128	0.01457	0.01403	0.00893	0.47880	0.07394	0.02868	0.05491	0.02047	0.01484	0.14546	0.06139	0.00289	0.00645	0.00613	0.00519	0.00807
32	0.00781	0.00583	0.00718	0.00702	0.00840	0.00530	0.00525	0.01000	0.01467	0.01991	0.48720	0.07427	0.22048	0.05323	0.00798	0.00209	0.00305	0.04940	0.00582	0.00513
33	0.01186	0.01017	0.01186	0.00847	0.01356	0.00762	0.00678	0.01440	0.01186	0.01864	0.01017	0.01186	0.00847	0.00424	0.00424	0.00085	0.00424	0.00339	0.00339	0.83395
34	0.00863	0.00652	0.00828	0.00899	0.01055	0.00629	0.00754	0.01146	0.04133	0.01741	0.09991	0.05842	0.23442	0.01479	0.00741	0.00234	0.00437	0.44064	0.00539	0.00530
35	0.00801	0.00584	0.00753	0.00711	0.00850	0.00536	0.00533	0.01064	0.01600	0.02248	0.71766	0.04347	0.09688	0.01186	0.00675	0.00181	0.00271	0.01045	0.00624	0.00536
36	0.01186	0.01017	0.01186	0.00847	0.01356	0.00762	0.00678	0.01440	0.01186	0.01864	0.01017	0.01186	0.00847	0.00424	0.00424	0.00085	0.00424	0.00339	0.00339	0.83395
37	0.01484	0.01074	0.01243	0.00969	0.01399	0.00982	0.00773	0.07424	0.17906	0.12734	0.06312	0.01717	0.01429	0.00610	0.00508	0.00135	0.00445	0.00499	0.00481	0.41879
38	0.78490	0.01097	0.00873	0.00770	0.01130	0.01254	0.00634	0.01755	0.01018	0.07532	0.00894	0.00997	0.00673	0.00543	0.00369	0.00177	0.00445	0.00328	0.00378	0.00643
39	0.00676	0.00579	0.00579	0.00579	0.00773	0.00483	0.00435	0.00821	0.01304	0.01545	0.05794	0.05505	0.76098	0.01449	0.00676	0.00193	0.00290	0.01207	0.00531	0.00483
40	0.01405	0.01361	0.02364	0.05108	0.70837	0.01362	0.05602	0.01753	0.01301	0.01858	0.01079	0.01425	0.00901	0.00510	0.00572	0.00172	0.00696	0.00518	0.00283	0.00893
41	0.00817	0.00613	0.00919	0.00919	0.01021	0.00715	0.00715	0.01021	0.00919	0.01328	0.01532	0.02247	0.01430	0.04290	0.77631	0.00919	0.01532	0.00613	0.00306	0.00511
42	0.00697	0.00498	0.00664	0.00796	0.00830	0.00465	0.00531	0.00796	0.01095	0.01460	0.03153	0.79525	0.03783	0.01792	0.00730	0.00232	0.00332	0.01626	0.00531	0.00465
43	0.00817	0.00613	0.00919	0.00919	0.01021	0.00715	0.00715	0.01021	0.00919	0.01328	0.01532	0.02247	0.01430	0.04290	0.77631	0.00919	0.01532	0.00613	0.00306	0.00511
44	0.00697	0.00498	0.00664	0.00796	0.00830	0.00465	0.00531	0.00796	0.01095	0.01460	0.03153	0.79525	0.03783	0.01792	0.00730	0.00232	0.00332	0.01626	0.00531	0.00465
45	0.01173	0.01197	0.02285	0.52423	0.03614	0.01331	0.26506	0.01589	0.01214	0.01589	0.01065	0.01531	0.00799	0.00541	0.00607	0.00191	0.00832	0.00565	0.00266	0.00682
46	0.02119	0.02633	0.01629	0.01466	0.01763	0.71857	0.01108	0.06095	0.01661	0.01516	0.00907	0.01055	0.00750	0.00604	0.00550	0.00151	0.02772	0.00379	0.00308	0.00679
47	0.02137	0.02726	0.01621	0.01474	0.01768	0.77602	0.01105	0.02284	0.01621	0.01400	0.00884	0.01031	0.00737	0.00589	0.00516	0.00147	0.01031	0.00368	0.00295	0.00663
48	0.01149	0.01175	0.02380	0.01828	0.02213	0.01111	0.46037	0.01508	0.01277	0.01714	0.01818	0.13476	0.01792	0.05704	0.00840	0.00233	0.00771	0.13947	0.00370	0.00658
49	0.00677	0.00574	0.00585	0.00594	0.00776	0.00482	0.00441	0.00819	0.01290	0.01539	0.05618	0.10461	0.71256	0.01472	0.00680	0.00196	0.00293	0.01235	0.00531	0.00482
50	0.01368	0.47681	0.34148	0.01253	0.01893	0.01869	0.01457	0.01754	0.01181	0.01542	0.00893	0.01040	0.00730	0.00512	0.00441	0.00147	0.00710	0.00355	0.00243	0.00781
51	0.09973	0.01606	0.18371	0.02831	0.01734	0.01518	0.01338	0.05647	0.01134	0.08588	0.00993	0.01283	0.00804	0.00798	0.01207	0.00215	0.40442	0.00471	0.00319	0.00725
52	0.00676	0.00579	0.00579	0.00579	0.00773	0.00483	0.00435	0.00821	0.01304	0.01545	0.05794	0.05505	0.76098	0.01449	0.00676	0.00193	0.00290	0.01207	0.00531	0.00483
53	0.01411	0.43227	0.16244	0.01653	0.18328	0.01790	0.01339	0.01722	0.01203	0.01582	0.00915	0.01100	0.00778	0.00499	0.00447	0.00141	0.00657	0.00375	0.00259	0.06328
54	0.01551	0.12917	0.47357	0.01400	0.02088	0.04151	0.01640	0.02033	0.01312	0.18428	0.01264	0.01327	0.00880	0.00575	0.00526	0.00171	0.00741	0.00439	0.00348	0.00852
55	0.25385	0.05570	0.01864	0.03951	0.43503	0.07087	0.01333	0.01765	0.01220	0.02000	0.00964	0.01222	0.00798	0.00522	0.00490	0.00168	0.00635	0.00430	0.00302	0.00790
56	0.02080	0.00885	0.01184	0.00948	0.01309	0.00787	0.00767	0.02367	0.04434	0.55139	0.20853	0.02540	0.02432	0.00827	0.00601	0.00178	0.00431	0.00694	0.00683	0.00862
57	0.00825	0.00552	0.00626	0.00633	0.00634	0.00550	0.00356	0.00830	0.00845	0.01127	0.01872	0.07634	0.02167	0.75888	0.02799	0.00538	0.00543	0.00873	0.00356	0.00353
58	0.01301	0.31053	0.46013	0.01493	0.06031	0.01671	0.01681	0.01772	0.01196	0.01645	0.00945	0.01113	0.00738	0.00522	0.00480	0.00159	0.00751	0.00385	0.00245	0.00808
59	0.02137	0.02726	0.01621	0.01474	0.01768	0.77602	0.01105	0.02284	0.01621	0.01400	0.00884	0.01031	0.00737	0.00589	0.00516	0.00147	0.01031	0.00368	0.00295	0.00663
60	0.01034	0.00634	0.00837	0.00758	0.00932	0.00578	0.00578	0.01298	0.01621	0.11812	0.66595	0.03975	0.04888	0.01110	0.00662	0.00180	0.00298	0.00976	0.00640	0.00595
61	0.01423	0.01229	0.01293	0.01164	0.01487	0.01423	0.00905	0.03039	0.75297	0.02393	0.02328	0.02134	0.01746	0.00776	0.00582	0.00194	0.00453	0.00647	0.00582	0.00905
62	0.04649	0.63905	0.11708	0.01050	0.01575	0.02041	0.01094	0.01779	0.01185	0.05318	0.00898	0.01006	0.00764	0.00509	0.00398	0.00134	0.00627	0.00334	0.00272	0.00755

[dist]
# distance from previous block
# <min> <max>
0	1

[block]
# block no. 1 follows, 41 sequences, length 18
# corresponding to MSA columns:
# 143-160
name=unknown_B
#
# <colnr> <probs for GDERKNQSTAVLIFYWHMCP>
#	G	D	E	R	K	N	Q	S	T	A	V	L	I	F	Y	W	H	M	C	P
0	0.00697	0.00498	0.00664	0.00796	0.00830	0.00465	0.00531	0.00796	0.01095	0.01460	0.03153	0.79525	0.03783	0.01792	0.00730	0.00232	0.00332	0.01626	0.00531	0.00465
1	0.01323	0.01423	0.04986	0.25511	0.06544	0.01409	0.41364	0.06892	0.01376	0.01847	0.01122	0.01509	0.00841	0.00527	0.00627	0.00189	0.00862	0.00597	0.00297	0.00753
2	0.00994	0.00497	0.00745	0.00745	0.00745	0.00497	0.00497	0.00745	0.00745	0.00994	0.00994	0.01739	0.00994	0.01987	0.02235	0.83358	0.00497	0.00497	0.00248	0.00248
3	0.00697	0.00498	0.00664	0.00796	0.00830	0.00465	0.00531	0.00796	0.01095	0.01460	0.03153	0.79525	0.03783	0.01792	0.00730	0.00232	0.00332	0.01626	0.00531	0.00465
4	0.00702	0.00580	0.00615	0.00607	0.00788	0.00494	0.00455	0.00871	0.01365	0.01690	0.19370	0.05267	0.62433	0.01395	0.00676	0.00191	0.00286	0.01174	0.00550	0.00494
5	0.00708	0.00511	0.00672	0.00797	0.00845	0.00476	0.00546	0.00818	0.01119	0.01478	0.03299	0.71367	0.07955	0.01761	0.00730	0.00232	0.00340	0.05345	0.00531	0.00469
6	0.01529	0.80242	0.02997	0.00979	0.01468	0.02263	0.00979	0.01713	0.01162	0.01346	0.00795	0.00918	0.00734	0.00489	0.00367	0.00122	0.00612	0.00306	0.00245	0.00734
7	0.01651	0.01917	0.01693	0.01489	0.01622	0.35968	0.01185	0.01786	0.01212	0.01387	0.00811	0.01152	0.00745	0.00815	0.01263	0.00204	0.43746	0.00441	0.00270	0.00643
8	0.02137	0.02726	0.01621	0.01474	0.01768	0.77602	0.01105	0.02284	0.01621	0.01400	0.00884	0.01031	0.00737	0.00589	0.00516	0.00147	0.01031	0.00368	0.00295	0.00663
9	0.01057	0.01055	0.01606	0.03504	0.01646	0.07839	0.21150	0.01276	0.01200	0.01553	0.02172	0.43325	0.02410	0.01232	0.00768	0.00214	0.05853	0.01141	0.00416	0.00583
10	0.00690	0.00524	0.00637	0.00726	0.00811	0.00470	0.00500	0.00804	0.01162	0.01488	0.04005	0.55642	0.27116	0.01681	0.00713	0.00220	0.00318	0.01491	0.00531	0.00470
11	0.01220	0.02184	0.45021	0.01402	0.02014	0.01305	0.01578	0.02189	0.27175	0.02049	0.06831	0.01751	0.01415	0.00669	0.00566	0.00186	0.00667	0.00545	0.00388	0.00845
12	0.02143	0.02552	0.01636	0.01449	0.01769	0.65840	0.01102	0.13474	0.01787	0.01742	0.00960	0.01085	0.00773	0.00605	0.00525	0.00151	0.00969	0.00391	0.00338	0.00711
13	0.05933	0.08607	0.01730	0.01212	0.01665	0.01646	0.01016	0.52980	0.02303	0.15102	0.01436	0.01404	0.01006	0.00665	0.00544	0.00168	0.00596	0.00496	0.00554	0.00935
14	0.01416	0.01359	0.02322	0.03511	0.76330	0.01359	0.01755	0.01755	0.01302	0.01869	0.01076	0.01416	0.00906	0.00510	0.00566	0.00170	0.00680	0.00510	0.00283	0.00906
15	0.00696	0.00577	0.00610	0.00609	0.00787	0.00490	0.00454	0.00857	0.01341	0.01650	0.15836	0.08379	0.62898	0.01422	0.00678	0.00193	0.00289	0.01199	0.00545	0.00490
16	0.07405	0.01410	0.06289	0.02783	0.48459	0.01307	0.11683	0.01878	0.01318	0.10211	0.01196	0.01446	0.00927	0.00531	0.00566	0.00175	0.00690	0.00521	0.00334	0.00871
17	0.49267	0.01178	0.01375	0.01689	0.26020	0.01268	0.01015	0.01806	0.01142	0.09058	0.01021	0.01182	0.00786	0.00540	0.00444	0.00175	0.00525	0.00400	0.00363	0.00746

[dist]
# distance from previous block
# <min> <max>
0	2

[block]
# block no. 2 follows, 41 sequences, length 42
# corresponding to MSA columns:
# 163-204
name=unknown_C
#
# <colnr> <probs for GDERKNQSTAVLIFYWHMCP>
#	G	D	E	R	K	N	Q	S	T	A	V	L	I	F	Y	W	H	M	C	P
0	0.01254	0.00860	0.01003	0.00897	0.01147	0.00878	0.00695	0.01962	0.26764	0.12901	0.31465	0.03363	0.12439	0.01004	0.00629	0.00186	0.00366	0.00858	0.00612	0.00720
1	0.00768	0.00558	0.00612	0.00623	0.00692	0.00523	0.00392	0.00825	0.01015	0.01287	0.03277	0.10545	0.27517	0.46696	0.01969	0.00405	0.00446	0.01025	0.00425	0.00403
2	0.01977	0.28442	0.02131	0.01183	0.01651	0.01885	0.01035	0.45302	0.02105	0.07191	0.01228	0.01252	0.00918	0.00620	0.00502	0.00155	0.00615	0.00447	0.00468	0.00891
3	0.01455	0.01366	0.02271	0.05019	0.70159	0.01383	0.01711	0.06218	0.01384	0.01967	0.01093	0.01415	0.00907	0.00522	0.00567	0.00170	0.00678	0.00510	0.00300	0.00904
4	0.00697	0.00498	0.00664	0.00796	0.00830	0.00465	0.00531	0.00796	0.01095	0.01460	0.03153	0.79525	0.03783	0.01792	0.00730	0.00232	0.00332	0.01626	0.00531	0.00465
5	0.09950	0.01333	0.01958	0.02679	0.50735	0.01395	0.01450	0.07908	0.13010	0.02165	0.01268	0.01475	0.01014	0.00568	0.00547	0.00175	0.00615	0.00511	0.00361	0.00882
6	0.05538	0.01464	0.02316	0.01732	0.02183	0.06345	0.33925	0.15317	0.01622	0.12962	0.04918	0.01622	0.01158	0.00627	0.00690	0.00186	0.05570	0.00601	0.00419	0.00803
7	0.00715	0.00511	0.00685	0.00817	0.00859	0.00480	0.00563	0.00828	0.01113	0.01481	0.03142	0.73547	0.03743	0.01775	0.00735	0.00235	0.00348	0.07422	0.00531	0.00470
8	0.01287	0.01847	0.27643	0.02504	0.40324	0.01303	0.01733	0.01838	0.07343	0.01918	0.05771	0.01579	0.01189	0.00584	0.00566	0.00176	0.00692	0.00523	0.00315	0.00863
9	0.01382	0.01325	0.02261	0.11071	0.69035	0.01350	0.01739	0.01726	0.01286	0.01828	0.01070	0.01427	0.00892	0.00516	0.00567	0.00172	0.00688	0.00510	0.00280	0.00879
10	0.00697	0.00498	0.00664	0.00796	0.00830	0.00465	0.00531	0.00796	0.01095	0.01460	0.03153	0.79525	0.03783	0.01792	0.00730	0.00232	0.00332	0.01626	0.00531	0.00465
11	0.01032	0.00916	0.01251	0.01136	0.01154	0.01185	0.00884	0.01136	0.00894	0.01314	0.01361	0.10024	0.01477	0.20407	0.12877	0.00417	0.40988	0.00711	0.00310	0.00526
12	0.00711	0.00567	0.00596	0.00607	0.00746	0.00497	0.00424	0.00821	0.01186	0.01445	0.04726	0.11198	0.54383	0.18208	0.01157	0.00273	0.00350	0.01161	0.00492	0.00452
13	0.02152	0.02273	0.01660	0.01410	0.01771	0.47022	0.01098	0.31376	0.02052	0.02289	0.01081	0.01169	0.00832	0.00629	0.00539	0.00157	0.00869	0.00428	0.00407	0.00788
14	0.00995	0.07304	0.01264	0.01031	0.01120	0.01094	0.00818	0.01142	0.00913	0.01305	0.01307	0.02124	0.01300	0.15965	0.38151	0.00611	0.22135	0.00595	0.00293	0.00532
15	0.02137	0.02726	0.01621	0.01474	0.01768	0.77602	0.01105	0.02284	0.01621	0.01400	0.00884	0.01031	0.00737	0.00589	0.00516	0.00147	0.01031	0.00368	0.00295	0.00663
16	0.01937	0.02503	0.06525	0.01769	0.09566	0.58784	0.07232	0.02163	0.01540	0.01509	0.00935	0.01124	0.00764	0.00570	0.00536	0.00156	0.00978	0.00411	0.00290	0.00708
17	0.00696	0.00503	0.00658	0.00783	0.00826	0.00466	0.00525	0.00798	0.01108	0.01465	0.03317	0.74917	0.08284	0.01771	0.00727	0.00230	0.00329	0.01600	0.00531	0.00466
18	0.01423	0.01229	0.01293	0.01164	0.01487	0.01423	0.00905	0.03039	0.75297	0.02393	0.02328	0.02134	0.01746	0.00776	0.00582	0.00194	0.00453	0.00647	0.00582	0.00905
19	0.01175	0.02794	0.69276	0.01823	0.10056	0.01332	0.02077	0.01806	0.01217	0.01817	0.01032	0.01229	0.00743	0.00540	0.00546	0.00180	0.00828	0.00432	0.00246	0.00852
20	0.01656	0.01186	0.01350	0.01041	0.01464	0.01147	0.00840	0.31276	0.01869	0.09402	0.07259	0.06391	0.01486	0.00699	0.00536	0.00145	0.00496	0.00566	0.00502	0.30690
21	0.00826	0.00628	0.00778	0.00710	0.00893	0.00553	0.00537	0.01074	0.01523	0.02127	0.56825	0.04158	0.16510	0.01139	0.00649	0.00172	0.00289	0.00991	0.00584	0.09035
22	0.60877	0.00988	0.00805	0.00727	0.01046	0.01093	0.00589	0.02948	0.01099	0.03728	0.02030	0.02051	0.18691	0.00757	0.00439	0.00181	0.00410	0.00533	0.00407	0.00600
23	0.01288	0.01077	0.01241	0.00895	0.01398	0.00866	0.00720	0.08932	0.01340	0.02043	0.01053	0.01205	0.00860	0.00451	0.00439	0.00094	0.00445	0.00357	0.00363	0.74935
24	0.00895	0.00670	0.00832	0.00847	0.00990	0.00619	0.00600	0.06934	0.01240	0.01699	0.02671	0.60807	0.03091	0.01486	0.00669	0.00204	0.00371	0.01333	0.00504	0.13538
25	0.01524	0.01217	0.01367	0.01007	0.01498	0.01108	0.00818	0.26384	0.01700	0.02459	0.01139	0.01250	0.00890	0.00514	0.00474	0.00114	0.00494	0.00399	0.00419	0.55225
26	0.01442	0.01409	0.02296	0.03437	0.73626	0.04124	0.01732	0.01775	0.01314	0.01852	0.01069	0.01402	0.00900	0.00513	0.00564	0.00169	0.00692	0.00505	0.00284	0.00897
27	0.02063	0.01479	0.01604	0.01263	0.01694	0.01630	0.01032	0.54947	0.16439	0.09369	0.01628	0.01565	0.01156	0.00705	0.00574	0.00176	0.00584	0.00545	0.00585	0.00960
28	0.00729	0.00521	0.00701	0.00833	0.00881	0.00492	0.00587	0.00852	0.01127	0.01496	0.03135	0.69053	0.03713	0.01762	0.00739	0.00237	0.00360	0.11780	0.00530	0.00473
29	0.01314	0.25767	0.32384	0.01360	0.01936	0.07752	0.07215	0.01723	0.01295	0.01704	0.11083	0.01546	0.01371	0.00611	0.00516	0.00161	0.00722	0.00486	0.00303	0.00750
30	0.01356	0.45225	0.36498	0.01274	0.01925	0.01840	0.01493	0.01757	0.01183	0.01557	0.00900	0.01049	0.00730	0.00514	0.00447	0.00149	0.00718	0.00359	0.00243	0.00784
31	0.00697	0.00498	0.00664	0.00796	0.00830	0.00465	0.00531	0.00796	0.01095	0.01460	0.03153	0.79525	0.03783	0.01792	0.00730	0.00232	0.00332	0.01626	0.00531	0.00465
32	0.01346	0.01417	0.02799	0.11047	0.30746	0.01395	0.39067	0.01763	0.01310	0.01806	0.01111	0.01493	0.00871	0.00502	0.00623	0.00184	0.00835	0.00595	0.00283	0.00808
33	0.00726	0.00531	0.00688	0.00792	0.00863	0.00493	0.00562	0.00860	0.01179	0.01550	0.07960	0.57301	0.13121	0.01686	0.00726	0.00227	0.00344	0.09374	0.00537	0.00478
34	0.01437	0.01037	0.01171	0.01069	0.01365	0.01121	0.00856	0.04507	0.42353	0.12482	0.02770	0.03196	0.09583	0.00975	0.00627	0.00203	0.00459	0.13397	0.00584	0.00806
35	0.10036	0.01740	0.01520	0.01353	0.01514	0.30955	0.01074	0.01722	0.01179	0.01503	0.00889	0.01238	0.00803	0.01139	0.09159	0.00273	0.32551	0.00442	0.00284	0.00627
36	0.02137	0.02726	0.01621	0.01474	0.01768	0.77602	0.01105	0.02284	0.01621	0.01400	0.00884	0.01031	0.00737	0.00589	0.00516	0.00147	0.01031	0.00368	0.00295	0.00663
37	0.01407	0.01383	0.02459	0.03368	0.66782	0.01370	0.11194	0.01765	0.01309	0.01864	0.01086	0.01432	0.00901	0.00506	0.00580	0.00173	0.00717	0.00531	0.00284	0.00889
38	0.00682	0.00555	0.00604	0.00643	0.00789	0.00478	0.00463	0.00814	0.01243	0.01520	0.05019	0.27222	0.54881	0.01549	0.00692	0.00205	0.00302	0.01330	0.00531	0.00478
39	0.01624	0.01348	0.01628	0.04694	0.07867	0.01494	0.05251	0.26222	0.35312	0.02647	0.01915	0.01888	0.04028	0.00724	0.00586	0.00184	0.00566	0.00608	0.00522	0.00893
40	0.01494	0.01384	0.02260	0.03286	0.68677	0.01402	0.01687	0.09214	0.01445	0.02047	0.01106	0.01411	0.00913	0.00528	0.00567	0.00170	0.00674	0.00510	0.00313	0.00913
41	0.00742	0.00538	0.00634	0.00687	0.00747	0.00502	0.00447	0.00822	0.01066	0.01383	0.05377	0.35072	0.19252	0.28393	0.01462	0.00332	0.00397	0.01245	0.00471	0.00430

[dist]
# distance from previous block
# <min> <max>
0	2

[block]
# block no. 3 follows, 41 sequences, length 21
# corresponding to MSA columns:
# 207-227
name=unknown_D
#
# <colnr> <probs for GDERKNQSTAVLIFYWHMCP>
#	G	D	E	R	K	N	Q	S	T	A	V	L	I	F	Y	W	H	M	C	P
0	0.59135	0.01548	0.01081	0.00964	0.01307	0.21119	0.00766	0.05010	0.01216	0.02309	0.00844	0.00975	0.00665	0.00553	0.00405	0.00169	0.00604	0.00334	0.00348	0.00646
1	0.01634	0.01224	0.01453	0.01188	0.01528	0.01315	0.04988	0.38421	0.10046	0.05255	0.06941	0.13231	0.04799	0.01067	0.03982	0.00218	0.00583	0.00768	0.00547	0.00812
2	0.00765	0.00526	0.00644	0.00709	0.00726	0.00510	0.00438	0.00814	0.00962	0.01283	0.02470	0.41209	0.02922	0.41283	0.01833	0.00395	0.00444	0.01224	0.00438	0.00405
3	0.01538	0.24093	0.34851	0.01343	0.01954	0.09471	0.01477	0.05429	0.05048	0.08076	0.01133	0.01225	0.00850	0.00565	0.00498	0.00161	0.00740	0.00413	0.00320	0.00815
4	0.67401	0.12688	0.01197	0.00825	0.01196	0.05690	0.00699	0.01720	0.01037	0.02324	0.00801	0.00933	0.00643	0.00528	0.00365	0.00167	0.00500	0.00312	0.00335	0.00639
5	0.00860	0.00685	0.01019	0.01364	0.16042	0.00661	0.00810	0.01022	0.01155	0.01564	0.02725	0.57651	0.03163	0.01516	0.00702	0.00222	0.00418	0.07381	0.00481	0.00559
6	0.00933	0.01514	0.30654	0.01073	0.01487	0.00845	0.01153	0.01348	0.01431	0.02051	0.41672	0.05035	0.06605	0.00952	0.00625	0.00182	0.00498	0.00817	0.00470	0.00655
7	0.02137	0.02726	0.01621	0.01474	0.01768	0.77602	0.01105	0.02284	0.01621	0.01400	0.00884	0.01031	0.00737	0.00589	0.00516	0.00147	0.01031	0.00368	0.00295	0.00663
8	0.00697	0.00498	0.00664	0.00796	0.00830	0.00465	0.00531	0.00796	0.01095	0.01460	0.03153	0.79525	0.03783	0.01792	0.00730	0.00232	0.00332	0.01626	0.00531	0.00465
9	0.01423	0.01229	0.01293	0.01164	0.01487	0.01423	0.00905	0.03039	0.75297	0.02393	0.02328	0.02134	0.01746	0.00776	0.00582	0.00194	0.00453	0.00647	0.00582	0.00905
10	0.01175	0.00823	0.00938	0.00844	0.00986	0.00868	0.00599	0.12277	0.07532	0.05503	0.06399	0.05032	0.07014	0.40987	0.01832	0.00376	0.03649	0.02158	0.00451	0.00557
11	0.00737	0.00582	0.00664	0.00643	0.00810	0.00509	0.00482	0.00938	0.01447	0.01885	0.37688	0.04945	0.43992	0.01322	0.00675	0.00187	0.00281	0.01129	0.00576	0.00509
12	0.01411	0.01469	0.01769	0.01505	0.01597	0.12565	0.04207	0.04995	0.01090	0.01503	0.00844	0.01273	0.00788	0.01023	0.04275	0.00253	0.58012	0.00494	0.00276	0.00649
13	0.00697	0.00498	0.00664	0.00796	0.00830	0.00465	0.00531	0.00796	0.01095	0.01460	0.03153	0.79525	0.03783	0.01792	0.00730	0.00232	0.00332	0.01626	0.00531	0.00465
14	0.01413	0.01528	0.03126	0.02257	0.02787	0.01495	0.63185	0.07928	0.01431	0.01951	0.01148	0.01509	0.00869	0.00534	0.00747	0.00195	0.06156	0.00650	0.00311	0.00779
15	0.01325	0.01287	0.01744	0.04992	0.07923	0.04194	0.01262	0.06318	0.01073	0.01569	0.00881	0.01335	0.00818	0.01094	0.05901	0.00270	0.56563	0.00505	0.00279	0.00668
16	0.02137	0.02726	0.01621	0.01474	0.01768	0.77602	0.01105	0.02284	0.01621	0.01400	0.00884	0.01031	0.00737	0.00589	0.00516	0.00147	0.01031	0.00368	0.00295	0.00663
17	0.01330	0.05591	0.15469	0.10652	0.08997	0.01387	0.39011	0.01783	0.01294	0.04755	0.01196	0.03724	0.00935	0.00552	0.00614	0.00186	0.00842	0.00605	0.00298	0.00778
18	0.00697	0.00498	0.00664	0.00796	0.00830	0.00465	0.00531	0.00796	0.01095	0.01460	0.03153	0.79525	0.03783	0.01792	0.00730	0.00232	0.00332	0.01626	0.00531	0.00465
19	0.01439	0.01339	0.02076	0.04897	0.46128	0.01399	0.06355	0.05544	0.20782	0.02074	0.01422	0.01614	0.01123	0.00588	0.00578	0.00178	0.00639	0.00557	0.00375	0.00892
20	0.01451	0.10061	0.42201	0.01413	0.02060	0.01484	0.01587	0.13196	0.13720	0.05412	0.01326	0.01390	0.00963	0.00606	0.00538	0.00176	0.00708	0.00469	0.00369	0.00869

[dist]
# distance from previous block
# <min> <max>
0	2

[block]
# block no. 4 follows, 41 sequences, length 140
# corresponding to MSA columns:
# 230-369
name=unknown_E
#
# <colnr> <probs for GDERKNQSTAVLIFYWHMCP>
#	G	D	E	R	K	N	Q	S	T	A	V	L	I	F	Y	W	H	M	C	P
0	0.00853	0.00659	0.00750	0.00740	0.00901	0.00575	0.00540	0.01012	0.01480	0.01947	0.34250	0.12304	0.38926	0.01427	0.00726	0.00212	0.00327	0.01200	0.00606	0.00565
1	0.06738	0.01554	0.01669	0.01313	0.01759	0.01675	0.01066	0.57390	0.06871	0.11256	0.01598	0.01607	0.01150	0.00758	0.00608	0.00194	0.00629	0.00553	0.00609	0.01001
2	0.36036	0.05048	0.01290	0.00986	0.01398	0.01173	0.00806	0.03528	0.01420	0.40054	0.01659	0.01610	0.01143	0.00696	0.00521	0.00195	0.00515	0.00486	0.00569	0.00868
3	0.02565	0.01071	0.01401	0.01097	0.01532	0.00945	0.00888	0.06677	0.01755	0.68696	0.05085	0.02145	0.01638	0.00796	0.00626	0.00197	0.00524	0.00623	0.00729	0.01009
4	0.00929	0.00632	0.00716	0.00730	0.00746	0.00611	0.00428	0.00914	0.00946	0.01273	0.02099	0.15020	0.02415	0.67047	0.02595	0.00521	0.00559	0.00978	0.00412	0.00427
5	0.01488	0.01395	0.02315	0.11232	0.67648	0.01405	0.01768	0.01796	0.01353	0.01926	0.01181	0.01578	0.00996	0.00591	0.00614	0.00193	0.00723	0.00545	0.00319	0.00931
6	0.79869	0.01199	0.00952	0.00850	0.01212	0.01356	0.00685	0.04159	0.01103	0.02687	0.00932	0.01104	0.00741	0.00611	0.00412	0.00197	0.00488	0.00355	0.00399	0.00689
7	0.00941	0.00636	0.00810	0.00889	0.00978	0.00571	0.00606	0.01022	0.01199	0.05589	0.03073	0.70272	0.03565	0.01719	0.00751	0.00241	0.00386	0.01522	0.00565	0.04665
8	0.01573	0.01526	0.02329	0.03399	0.69891	0.06712	0.01740	0.01863	0.01392	0.01935	0.01174	0.01540	0.00999	0.00591	0.00610	0.00189	0.00739	0.00535	0.00323	0.00942
9	0.02078	0.01606	0.01935	0.05809	0.11059	0.01729	0.04724	0.57047	0.02418	0.03264	0.01414	0.01547	0.01052	0.00722	0.00624	0.00194	0.00694	0.00557	0.00540	0.00989
10	0.00817	0.00585	0.00749	0.00874	0.00918	0.00536	0.00582	0.00885	0.01166	0.01566	0.03227	0.78282	0.03837	0.01845	0.00774	0.00252	0.00373	0.01642	0.00565	0.00525
11	0.01133	0.02114	0.46614	0.01379	0.01942	0.01114	0.01549	0.01637	0.05422	0.01880	0.06049	0.18351	0.06300	0.00983	0.00648	0.00214	0.00682	0.00806	0.00400	0.00784
12	0.01194	0.00885	0.01141	0.01065	0.01243	0.00974	0.00825	0.15484	0.01351	0.01891	0.01701	0.06836	0.01577	0.03442	0.56593	0.00739	0.01303	0.00688	0.00410	0.00659
13	0.00817	0.00585	0.00749	0.00874	0.00918	0.00536	0.00582	0.00885	0.01166	0.01566	0.03227	0.78282	0.03837	0.01845	0.00774	0.00252	0.00373	0.01642	0.00565	0.00525
14	0.01634	0.78906	0.03041	0.01053	0.01545	0.02302	0.01022	0.01785	0.01232	0.01454	0.00911	0.01078	0.00842	0.00565	0.00418	0.00144	0.00648	0.00345	0.00284	0.00790
15	0.00840	0.00603	0.00770	0.00859	0.00923	0.00551	0.00584	0.00943	0.01274	0.01738	0.18262	0.62757	0.04170	0.01716	0.00763	0.00241	0.00360	0.01519	0.00586	0.00541
16	0.02268	0.01669	0.01783	0.01385	0.01846	0.01822	0.01129	0.73197	0.02732	0.03673	0.01479	0.01525	0.01077	0.00759	0.00619	0.00192	0.00665	0.00550	0.00606	0.01025
17	0.01115	0.00998	0.05622	0.01036	0.01122	0.01026	0.00793	0.03439	0.01008	0.01430	0.01550	0.02856	0.01651	0.44241	0.09564	0.00492	0.20432	0.00723	0.00357	0.00545
18	0.02231	0.02773	0.01689	0.01539	0.01840	0.76297	0.01146	0.02346	0.01683	0.01507	0.00999	0.01190	0.00845	0.00663	0.00564	0.00168	0.01060	0.00406	0.00333	0.00720
19	0.01472	0.01614	0.06550	0.02807	0.28652	0.01464	0.44208	0.01874	0.01393	0.01944	0.01232	0.01631	0.00980	0.00571	0.00676	0.00204	0.00889	0.00638	0.00324	0.00877
20	0.00885	0.00644	0.00820	0.00930	0.01023	0.00598	0.00693	0.01009	0.01259	0.01655	0.03488	0.47096	0.11898	0.01739	0.00787	0.00257	0.00429	0.23681	0.00564	0.00547
21	0.01905	0.01334	0.01702	0.01825	0.20754	0.01380	0.01180	0.13519	0.27151	0.19641	0.01935	0.01930	0.01428	0.00749	0.00622	0.00201	0.00584	0.00608	0.00567	0.00984
22	0.01511	0.01418	0.02355	0.06244	0.72462	0.01411	0.01779	0.01816	0.01364	0.01953	0.01185	0.01571	0.01006	0.00587	0.00614	0.00191	0.00717	0.00545	0.00321	0.00949
23	0.00817	0.00585	0.00749	0.00874	0.00918	0.00536	0.00582	0.00885	0.01166	0.01566	0.03227	0.78282	0.03837	0.01845	0.00774	0.00252	0.00373	0.01642	0.00565	0.00525
24	0.01297	0.01094	0.01262	0.00924	0.01435	0.00828	0.00726	0.01517	0.01256	0.01963	0.01129	0.01341	0.00953	0.00501	0.00473	0.00107	0.00463	0.00377	0.00377	0.81976
25	0.02068	0.01406	0.01620	0.04263	0.05315	0.01521	0.01070	0.45899	0.11992	0.16398	0.01631	0.01585	0.01144	0.00690	0.00574	0.00176	0.00588	0.00543	0.00572	0.00948
26	0.81668	0.03287	0.00900	0.00758	0.01116	0.01310	0.00629	0.01682	0.00979	0.02533	0.00796	0.00929	0.00623	0.00530	0.00354	0.00175	0.00447	0.00310	0.00351	0.00623
27	0.00719	0.00520	0.00680	0.00769	0.00832	0.00481	0.00528	0.00855	0.01212	0.01634	0.18067	0.60333	0.07956	0.01648	0.00716	0.00220	0.00317	0.01484	0.00551	0.00481
28	0.01186	0.01017	0.01186	0.00847	0.01356	0.00762	0.00678	0.01440	0.01186	0.01864	0.01017	0.01186	0.00847	0.00424	0.00424	0.00085	0.00424	0.00339	0.00339	0.83395
29	0.05858	0.01144	0.01199	0.01009	0.01317	0.08022	0.00803	0.13438	0.07008	0.15027	0.22228	0.02527	0.04814	0.00850	0.00623	0.00173	0.02969	0.02644	0.00542	0.07804
30	0.06715	0.01603	0.01648	0.01285	0.01726	0.04597	0.01055	0.64999	0.05232	0.03419	0.01358	0.01364	0.00973	0.00678	0.00558	0.00172	0.00628	0.00503	0.00550	0.00939
31	0.00706	0.00514	0.00668	0.00787	0.00841	0.00476	0.00540	0.00818	0.01128	0.01481	0.03420	0.68236	0.11247	0.01746	0.00727	0.00230	0.00337	0.05096	0.00531	0.00470
32	0.00854	0.00969	0.12753	0.00971	0.01169	0.00709	0.00832	0.01212	0.08824	0.01652	0.05541	0.53963	0.03137	0.01459	0.00685	0.00219	0.00429	0.03553	0.00494	0.00575
33	0.01205	0.01013	0.01107	0.01050	0.01314	0.01122	0.00834	0.02320	0.48883	0.02123	0.03014	0.03526	0.13764	0.01042	0.00638	0.00208	0.00442	0.15067	0.00563	0.00763
34	0.00697	0.00498	0.00664	0.00796	0.00830	0.00465	0.00531	0.00796	0.01095	0.01460	0.03153	0.79525	0.03783	0.01792	0.00730	0.00232	0.00332	0.01626	0.00531	0.00465
35	0.00817	0.00613	0.00919	0.00919	0.01021	0.00715	0.00715	0.01021	0.00919	0.01328	0.01532	0.02247	0.01430	0.04290	0.77631	0.00919	0.01532	0.00613	0.00306	0.00511
36	0.01203	0.00631	0.00825	0.00818	0.00949	0.00579	0.00572	0.01313	0.01180	0.20649	0.02647	0.44163	0.02829	0.17499	0.01137	0.00284	0.00417	0.01195	0.00539	0.00571
37	0.01529	0.80242	0.02997	0.00979	0.01468	0.02263	0.00979	0.01713	0.01162	0.01346	0.00795	0.00918	0.00734	0.00489	0.00367	0.00122	0.00612	0.00306	0.00245	0.00734
38	0.01813	0.02203	0.01493	0.01367	0.01602	0.56934	0.01039	0.01970	0.01428	0.01384	0.01001	0.01286	0.00874	0.01345	0.15736	0.00306	0.06867	0.00426	0.00294	0.00630
39	0.02113	0.02688	0.01608	0.01464	0.01755	0.76230	0.01098	0.02262	0.01608	0.01399	0.00896	0.01053	0.00749	0.00655	0.01892	0.00161	0.01040	0.00373	0.00295	0.00660
40	0.01432	0.14734	0.06138	0.02665	0.45915	0.05747	0.08594	0.01762	0.01309	0.01765	0.03916	0.01423	0.01028	0.00535	0.00544	0.00164	0.00708	0.00500	0.00289	0.00833
41	0.00676	0.00579	0.00579	0.00579	0.00773	0.00483	0.00435	0.00821	0.01304	0.01545	0.05794	0.05505	0.76098	0.01449	0.00676	0.00193	0.00290	0.01207	0.00531	0.00483
42	0.01906	0.18710	0.04902	0.01420	0.07924	0.04283	0.01137	0.39891	0.06223	0.06243	0.01290	0.01331	0.00963	0.00626	0.00525	0.00162	0.00635	0.00471	0.00462	0.00896
43	0.06572	0.03703	0.01651	0.01503	0.05425	0.56883	0.01106	0.13151	0.01724	0.01820	0.00962	0.01095	0.00774	0.00595	0.00515	0.00153	0.00914	0.00393	0.00339	0.00721
44	0.00688	0.00580	0.00595	0.00592	0.00780	0.00488	0.00444	0.00843	0.01331	0.01610	0.11852	0.05398	0.70000	0.01425	0.00676	0.00192	0.00288	0.01192	0.00540	0.00488
45	0.13084	0.01027	0.01144	0.00843	0.01325	0.00841	0.00678	0.01546	0.01180	0.05945	0.01051	0.01190	0.00845	0.00454	0.00422	0.00103	0.00430	0.00347	0.00361	0.67184
46	0.06096	0.60069	0.02562	0.01002	0.01466	0.06516	0.00947	0.01899	0.01247	0.12185	0.01009	0.01072	0.00826	0.00529	0.00405	0.00135	0.00610	0.00348	0.00320	0.00758
47	0.22373	0.02430	0.55378	0.01389	0.02097	0.01303	0.01696	0.01805	0.01160	0.04069	0.01002	0.01157	0.00717	0.00545	0.00496	0.00180	0.00732	0.00398	0.00283	0.00791
48	0.00818	0.00610	0.00905	0.00905	0.01002	0.00707	0.00697	0.01012	0.00915	0.01317	0.01545	0.02318	0.01461	0.07894	0.74070	0.00902	0.01486	0.00623	0.00308	0.00503
49	0.00797	0.00540	0.00634	0.00668	0.00677	0.00532	0.00394	0.00823	0.00899	0.01199	0.02148	0.23136	0.02515	0.59910	0.02353	0.00472	0.00498	0.01035	0.00394	0.00377
50	0.01593	0.01594	0.02328	0.02834	0.46819	0.13963	0.14137	0.01918	0.01383	0.06264	0.01129	0.01406	0.00902	0.00530	0.00577	0.00171	0.00776	0.00519	0.00312	0.00847
51	0.12387	0.01175	0.01750	0.45030	0.21970	0.03717	0.01479	0.01591	0.01172	0.01711	0.00993	0.01396	0.00779	0.00559	0.00562	0.00183	0.02088	0.00477	0.00276	0.00703
52	0.00793	0.00538	0.00635	0.00674	0.00683	0.00529	0.00400	0.00822	0.00908	0.01211	0.02192	0.25642	0.02572	0.57327	0.02281	0.00461	0.00490	0.01061	0.00400	0.00381
53	0.05450	0.01739	0.01596	0.01605	0.14375	0.25716	0.01083	0.12993	0.09798	0.02070	0.01174	0.01298	0.00930	0.00575	0.00514	0.00149	0.00697	0.00437	0.00378	0.17421
54	0.28098	0.01097	0.01111	0.00948	0.01295	0.05310	0.00757	0.02221	0.11411	0.29868	0.06144	0.06376	0.01546	0.00746	0.00517	0.00181	0.00476	0.00579	0.00540	0.00778
55	0.00697	0.00498	0.00664	0.00796	0.00830	0.00465	0.00531	0.00796	0.01095	0.01460	0.03153	0.79525	0.03783	0.01792	0.00730	0.00232	0.00332	0.01626	0.00531	0.00465
56	0.01325	0.01478	0.03146	0.10408	0.06989	0.01424	0.62818	0.01789	0.01326	0.01795	0.01138	0.01534	0.00859	0.00493	0.00658	0.00191	0.00928	0.00649	0.00285	0.00764
57	0.00831	0.00633	0.00946	0.00938	0.01037	0.00748	0.00732	0.01033	0.00918	0.01329	0.01507	0.02216	0.01408	0.04186	0.75236	0.00898	0.03977	0.00609	0.00305	0.00514
58	0.00697	0.00498	0.00664	0.00796	0.00830	0.00465	0.00531	0.00796	0.01095	0.01460	0.03153	0.79525	0.03783	0.01792	0.00730	0.00232	0.00332	0.01626	0.00531	0.00465
59	0.01080	0.01017	0.01716	0.78523	0.03940	0.01271	0.01589	0.01461	0.01144	0.01461	0.01017	0.01525	0.00762	0.00572	0.00572	0.00191	0.00762	0.00508	0.00254	0.00635
60	0.00706	0.00525	0.00652	0.00736	0.00813	0.00478	0.00504	0.00828	0.01180	0.01542	0.10127	0.53941	0.20042	0.04130	0.00782	0.00229	0.00324	0.01455	0.00534	0.00472
61	0.02196	0.01568	0.01695	0.01300	0.01757	0.01723	0.01074	0.70503	0.02632	0.07606	0.01422	0.01405	0.00997	0.00688	0.00572	0.00172	0.00622	0.00518	0.00580	0.00973
62	0.01269	0.01286	0.01699	0.01468	0.01488	0.05309	0.01214	0.01400	0.00914	0.01375	0.00801	0.01297	0.00788	0.01165	0.06046	0.00283	0.70821	0.00501	0.00256	0.00621
63	0.02137	0.02726	0.01621	0.01474	0.01768	0.77602	0.01105	0.02284	0.01621	0.01400	0.00884	0.01031	0.00737	0.00589	0.00516	0.00147	0.01031	0.00368	0.00295	0.00663
64	0.01269	0.02226	0.42498	0.02463	0.34172	0.01345	0.04346	0.01788	0.01253	0.01837	0.01052	0.01308	0.00807	0.00527	0.00558	0.00177	0.00778	0.00468	0.00261	0.00869
65	0.00697	0.00498	0.00664	0.00796	0.00830	0.00465	0.00531	0.00796	0.01095	0.01460	0.03153	0.79525	0.03783	0.01792	0.00730	0.00232	0.00332	0.01626	0.00531	0.00465
66	0.01933	0.00992	0.01368	0.01172	0.04993	0.00936	0.04479	0.04635	0.10871	0.42456	0.17347	0.02387	0.02213	0.00790	0.00601	0.00180	0.00475	0.00679	0.00631	0.00862
67	0.01529	0.80242	0.02997	0.00979	0.01468	0.02263	0.00979	0.01713	0.01162	0.01346	0.00795	0.00918	0.00734	0.00489	0.00367	0.00122	0.00612	0.00306	0.00245	0.00734
68	0.17678	0.01457	0.01519	0.01185	0.01622	0.01605	0.00979	0.54841	0.02279	0.09347	0.01336	0.01336	0.00942	0.00659	0.00531	0.00173	0.00582	0.00481	0.00542	0.00906
69	0.83938	0.01106	0.00841	0.00752	0.01106	0.01283	0.00619	0.01681	0.00973	0.02566	0.00796	0.00929	0.00619	0.00531	0.00354	0.00177	0.00442	0.00310	0.00354	0.00619
70	0.00710	0.00581	0.00626	0.00615	0.00793	0.00497	0.00461	0.00886	0.01383	0.01734	0.23499	0.05194	0.58276	0.01378	0.00676	0.00190	0.00285	0.01164	0.00556	0.00497
71	0.01186	0.01017	0.01186	0.00847	0.01356	0.00762	0.00678	0.01440	0.01186	0.01864	0.01017	0.01186	0.00847	0.00424	0.00424	0.00085	0.00424	0.00339	0.00339	0.83395
72	0.63115	0.01072	0.00965	0.00820	0.01197	0.01170	0.00676	0.01964	0.01143	0.21544	0.01170	0.01190	0.00823	0.00576	0.00411	0.00177	0.00454	0.00378	0.00445	0.00710
73	0.23054	0.04448	0.01459	0.01275	0.01591	0.55995	0.00977	0.02114	0.01443	0.01697	0.00859	0.01002	0.00707	0.00572	0.00470	0.00154	0.00869	0.00352	0.00309	0.00654
74	0.01726	0.01184	0.01341	0.01082	0.01425	0.01255	0.00873	0.38916	0.06529	0.10678	0.25813	0.02421	0.02504	0.00851	0.00606	0.00176	0.00487	0.00698	0.00606	0.00828
75	0.00832	0.00555	0.00624	0.00624	0.00624	0.00555	0.00347	0.00832	0.00832	0.01109	0.01802	0.03743	0.02080	0.79898	0.02911	0.00555	0.00555	0.00832	0.00347	0.00347
76	0.02137	0.02726	0.01621	0.01474	0.01768	0.77602	0.01105	0.02284	0.01621	0.01400	0.00884	0.01031	0.00737	0.00589	0.00516	0.00147	0.01031	0.00368	0.00295	0.00663
77	0.00773	0.00583	0.00715	0.00682	0.00832	0.00524	0.00511	0.01010	0.01534	0.02092	0.57057	0.04605	0.24494	0.01245	0.00675	0.00183	0.00275	0.01081	0.00603	0.00524
78	0.02043	0.01537	0.01643	0.01290	0.01724	0.01713	0.01055	0.61959	0.15367	0.03393	0.01540	0.01506	0.01108	0.00702	0.00574	0.00176	0.00599	0.00538	0.00574	0.00961
79	0.02068	0.01549	0.01656	0.01294	0.01733	0.01724	0.01061	0.64277	0.13009	0.03433	0.01509	0.01481	0.01083	0.00699	0.00574	0.00175	0.00604	0.00534	0.00574	0.00963
80	0.00696	0.00502	0.00659	0.00784	0.00826	0.00466	0.00526	0.00798	0.01107	0.01465	0.03300	0.75388	0.07825	0.01773	0.00727	0.00230	0.00329	0.01603	0.00531	0.00466
81	0.00738	0.00543	0.00691	0.00736	0.00831	0.00496	0.00521	0.00910	0.01328	0.01795	0.31789	0.39939	0.14568	0.01502	0.00701	0.00206	0.00302	0.01338	0.00569	0.00496
82	0.01147	0.02959	0.76934	0.01630	0.02476	0.01328	0.02113	0.01811	0.01208	0.01811	0.01026	0.01208	0.00725	0.00543	0.00543	0.00181	0.00845	0.00423	0.00242	0.00845
83	0.00697	0.00498	0.00664	0.00796	0.00830	0.00465	0.00531	0.00796	0.01095	0.01460	0.03153	0.79525	0.03783	0.01792	0.00730	0.00232	0.00332	0.01626	0.00531	0.00465
84	0.01529	0.80242	0.02997	0.00979	0.01468	0.02263	0.00979	0.01713	0.01162	0.01346	0.00795	0.00918	0.00734	0.00489	0.00367	0.00122	0.00612	0.00306	0.00245	0.00734
85	0.00697	0.00498	0.00664	0.00796	0.00830	0.00465	0.00531	0.00796	0.01095	0.01460	0.03153	0.79525	0.03783	0.01792	0.00730	0.00232	0.00332	0.01626	0.00531	0.00465
86	0.02174	0.01602	0.01717	0.01316	0.01774	0.01774	0.01087	0.74423	0.02689	0.03605	0.01373	0.01373	0.00973	0.00687	0.00572	0.00172	0.00629	0.00515	0.00572	0.00973
87	0.00823	0.00590	0.00804	0.00804	0.00866	0.00652	0.00571	0.00947	0.00885	0.01242	0.01638	0.02832	0.01684	0.33866	0.48403	0.00777	0.01150	0.00698	0.00322	0.00447
88	0.02137	0.02726	0.01621	0.01474	0.01768	0.77602	0.01105	0.02284	0.01621	0.01400	0.00884	0.01031	0.00737	0.00589	0.00516	0.00147	0.01031	0.00368	0.00295	0.00663
89	0.01398	0.01448	0.05951	0.03345	0.67714	0.01364	0.06810	0.01763	0.01301	0.01863	0.01079	0.01415	0.00895	0.00509	0.00573	0.00172	0.00707	0.00517	0.00282	0.00894
90	0.00697	0.00498	0.00664	0.00796	0.00830	0.00465	0.00531	0.00796	0.01095	0.01460	0.03153	0.79525	0.03783	0.01792	0.00730	0.00232	0.00332	0.01626	0.00531	0.00465
91	0.05373	0.01448	0.02356	0.03015	0.54140	0.05645	0.13063	0.01779	0.01296	0.01851	0.01052	0.01385	0.00871	0.00530	0.00621	0.00176	0.03749	0.00518	0.00287	0.00847
92	0.02050	0.01913	0.01657	0.01422	0.04205	0.26172	0.01094	0.40496	0.10701	0.02696	0.01316	0.01352	0.00984	0.00660	0.00555	0.00166	0.00740	0.00483	0.00474	0.00863
