[name]
unknown

[dist]
# distance from previous block
# <min> <max>
34	303

[block]
# block no. 0 follows, 39 sequences, length 41
# corresponding to MSA columns:
# 327-367
name=unknown_A
#
# <colnr> <probs for GDERKNQSTAVLIFYWHMCP>
#	G	D	E	R	K	N	Q	S	T	A	V	L	I	F	Y	W	H	M	C	P
0	0.02040	0.01523	0.01640	0.01279	0.01718	0.01668	0.01048	0.60266	0.07762	0.03449	0.05793	0.01751	0.03245	0.00757	0.00596	0.00177	0.00601	0.00586	0.00587	0.03514
1	0.01392	0.01328	0.02258	0.15460	0.62122	0.01369	0.01755	0.01748	0.01329	0.01876	0.03024	0.01558	0.01033	0.00555	0.00589	0.00179	0.00705	0.00541	0.00297	0.00882
2	0.01188	0.03060	0.76126	0.01687	0.02561	0.01375	0.02185	0.01874	0.01250	0.01875	0.01064	0.01252	0.00751	0.00563	0.00563	0.00188	0.00875	0.00438	0.00251	0.00875
3	0.01296	0.05879	0.12840	0.01544	0.01701	0.01777	0.01410	0.01510	0.00974	0.01490	0.00823	0.01271	0.00774	0.00938	0.01652	0.00241	0.62439	0.00495	0.00258	0.00688
4	0.01207	0.00729	0.00940	0.00829	0.01038	0.00680	0.00640	0.05400	0.01739	0.14193	0.59478	0.03870	0.04671	0.01107	0.00676	0.00185	0.00336	0.00965	0.00661	0.00656
5	0.01415	0.01354	0.02309	0.14560	0.64971	0.01393	0.01790	0.01772	0.01324	0.01872	0.01106	0.01484	0.00917	0.00538	0.00587	0.00179	0.00716	0.00527	0.00289	0.00897
6	0.01108	0.00772	0.01039	0.16446	0.01546	0.04968	0.00821	0.01075	0.00980	0.01260	0.01271	0.02231	0.01226	0.01597	0.01657	0.50586	0.00598	0.07875	0.02542	0.00401
7	0.00812	0.00605	0.00753	0.00716	0.00868	0.00548	0.00537	0.01064	0.01609	0.02217	0.61165	0.04678	0.19703	0.01269	0.00699	0.00189	0.00284	0.01106	0.00631	0.00547
8	0.01190	0.01124	0.01574	0.01412	0.01441	0.01509	0.01174	0.01343	0.00995	0.01483	0.01329	0.06485	0.01403	0.01333	0.05123	0.00292	0.57921	0.11928	0.00324	0.00617
9	0.04564	0.01056	0.01374	0.01070	0.01517	0.00963	0.00879	0.05587	0.07037	0.65944	0.02268	0.01981	0.01453	0.00733	0.00590	0.00184	0.00506	0.00592	0.00709	0.00993
10	0.18900	0.02551	0.54936	0.01503	0.02244	0.01386	0.03927	0.04598	0.01261	0.02114	0.01030	0.01207	0.00742	0.00564	0.00526	0.00187	0.00780	0.00424	0.00290	0.00828
11	0.00955	0.00682	0.00955	0.01091	0.01227	0.00682	0.00954	0.01227	0.01363	0.01772	0.03133	0.06672	0.03405	0.01635	0.00818	0.00273	0.00545	0.71521	0.00545	0.00546
12	0.01244	0.00819	0.00994	0.00910	0.01137	0.00817	0.00700	0.01826	0.19056	0.13104	0.34840	0.10356	0.07593	0.01127	0.00669	0.00197	0.00372	0.02897	0.00634	0.00705
13	0.01832	0.24137	0.02080	0.12595	0.02056	0.36888	0.01168	0.05370	0.05658	0.01606	0.01019	0.01193	0.00838	0.00595	0.00506	0.00156	0.00850	0.00408	0.00315	0.00732
14	0.01413	0.01595	0.13036	0.05003	0.47422	0.01320	0.01655	0.05045	0.01375	0.01994	0.01110	0.01399	0.00900	0.00530	0.00560	0.00164	0.00686	0.00486	0.00309	0.13998
15	0.02064	0.02292	0.01640	0.01534	0.05392	0.50364	0.01122	0.06875	0.15250	0.05855	0.01312	0.01374	0.01020	0.00656	0.00556	0.00166	0.00882	0.00463	0.00401	0.00783
16	0.06834	0.01562	0.01684	0.01297	0.01763	0.01707	0.01071	0.62183	0.02569	0.11155	0.01483	0.01459	0.01035	0.00705	0.00580	0.00179	0.00625	0.00528	0.00594	0.00986
17	0.01549	0.04431	0.09048	0.03992	0.26478	0.01246	0.07800	0.01935	0.03468	0.12801	0.01300	0.01488	0.00993	0.00563	0.00594	0.00163	0.02771	0.00502	0.00373	0.18506
18	0.00755	0.00531	0.00681	0.00785	0.00814	0.00503	0.00509	0.00839	0.01087	0.01452	0.04485	0.61121	0.03569	0.18464	0.01239	0.00311	0.00392	0.01492	0.00511	0.00457
19	0.01576	0.01615	0.02295	0.03320	0.64640	0.12524	0.01716	0.01897	0.01397	0.01863	0.01086	0.01408	0.00913	0.00541	0.00579	0.00173	0.00757	0.00506	0.00295	0.00901
20	0.00723	0.00516	0.00688	0.00825	0.00860	0.00482	0.00550	0.00825	0.01134	0.01512	0.03261	0.78805	0.03912	0.01854	0.00756	0.00241	0.00344	0.01681	0.00550	0.00482
21	0.00716	0.00570	0.00642	0.00690	0.00827	0.00497	0.00492	0.00854	0.01286	0.01606	0.08400	0.32512	0.45591	0.01615	0.00720	0.00214	0.00315	0.01399	0.00555	0.00496
22	0.01048	0.00957	0.01059	0.01036	0.01172	0.11956	0.00800	0.01250	0.01059	0.01386	0.01487	0.02141	0.01375	0.03872	0.65595	0.00833	0.01508	0.00597	0.00316	0.00553
23	0.00846	0.00611	0.00801	0.00765	0.00905	0.00566	0.00582	0.01124	0.01658	0.02339	0.71092	0.04548	0.05457	0.01234	0.00705	0.00191	0.00295	0.05076	0.00646	0.00558
24	0.01473	0.01272	0.01339	0.01205	0.01539	0.01472	0.00937	0.03143	0.74433	0.02476	0.02409	0.02209	0.01807	0.00804	0.00603	0.00201	0.00469	0.00669	0.00602	0.00937
25	0.01229	0.01053	0.01228	0.00878	0.01403	0.00790	0.00702	0.01491	0.01228	0.01929	0.01053	0.01230	0.00878	0.00440	0.00439	0.00088	0.00439	0.00351	0.00351	0.82802
26	0.01188	0.03060	0.76126	0.01687	0.02561	0.01375	0.02185	0.01874	0.01250	0.01875	0.01064	0.01252	0.00751	0.00563	0.00563	0.00188	0.00875	0.00438	0.00251	0.00875
27	0.01447	0.01387	0.02366	0.07782	0.71501	0.01401	0.01806	0.01799	0.01339	0.01911	0.01111	0.01473	0.00931	0.00532	0.00587	0.00177	0.00708	0.00528	0.00292	0.00922
28	0.00709	0.00601	0.00611	0.00609	0.00805	0.00504	0.00456	0.00865	0.01367	0.01642	0.09756	0.05624	0.71471	0.01483	0.00700	0.00199	0.00299	0.01239	0.00555	0.00504
29	0.02561	0.01067	0.01399	0.01083	0.01535	0.00970	0.00891	0.07661	0.05904	0.66869	0.02278	0.01987	0.01454	0.00736	0.00596	0.00184	0.00512	0.00595	0.00716	0.01003
30	0.01415	0.01354	0.02309	0.14560	0.64971	0.01393	0.01790	0.01772	0.01324	0.01872	0.01106	0.01484	0.00917	0.00538	0.00587	0.00179	0.00716	0.00527	0.00289	0.00897
31	0.02135	0.01601	0.01712	0.01339	0.01792	0.01781	0.01097	0.63153	0.13345	0.03544	0.01568	0.01539	0.01126	0.00725	0.00594	0.00181	0.00625	0.00553	0.00594	0.00997
32	0.01456	0.01396	0.02383	0.05781	0.73429	0.01404	0.01811	0.01808	0.01343	0.01922	0.01113	0.01470	0.00935	0.00530	0.00587	0.00177	0.00706	0.00528	0.00293	0.00930
33	0.01150	0.00691	0.00953	0.01022	0.01181	0.00662	0.00845	0.01375	0.01357	0.12640	0.03046	0.23288	0.03241	0.01554	0.00770	0.00252	0.00491	0.44312	0.00574	0.00598
34	0.00833	0.00563	0.00656	0.00685	0.00693	0.00555	0.00400	0.00854	0.00920	0.01227	0.02165	0.19980	0.02530	0.62564	0.02525	0.00502	0.00525	0.01037	0.00400	0.00386
35	0.00916	0.00655	0.00908	0.01036	0.01157	0.00647	0.00876	0.01163	0.01343	0.01761	0.06448	0.17203	0.03579	0.01648	0.00803	0.00264	0.00504	0.58002	0.00551	0.00537
36	0.02163	0.01593	0.01714	0.01332	0.01780	0.01758	0.01092	0.69395	0.02688	0.03602	0.01527	0.05824	0.01173	0.00776	0.00602	0.00181	0.00634	0.00598	0.00590	0.00977
37	0.01183	0.01118	0.01891	0.64091	0.17251	0.01332	0.01675	0.01569	0.01214	0.01591	0.01065	0.01559	0.00818	0.00581	0.00591	0.00194	0.00773	0.00527	0.00269	0.00710
38	0.01008	0.00589	0.00789	0.00859	0.00956	0.00539	0.00597	0.01129	0.01216	0.12480	0.03124	0.67484	0.03552	0.01689	0.00732	0.00232	0.00368	0.01521	0.00577	0.00559
39	0.13304	0.02778	0.65031	0.01553	0.02352	0.01368	0.01958	0.01854	0.01214	0.01990	0.01029	0.01209	0.00735	0.00562	0.00534	0.00187	0.00813	0.00421	0.00268	0.00841
40	0.01466	0.01407	0.02402	0.03630	0.75501	0.01406	0.01816	0.01816	0.01348	0.01934	0.01115	0.01467	0.00939	0.00529	0.00586	0.00176	0.00703	0.00528	0.00294	0.00938

[dist]
# distance from previous block
# <min> <max>
0	1

[block]
# block no. 1 follows, 39 sequences, length 27
# corresponding to MSA columns:
# 369-395
name=unknown_B
#
# <colnr> <probs for GDERKNQSTAVLIFYWHMCP>
#	G	D	E	R	K	N	Q	S	T	A	V	L	I	F	Y	W	H	M	C	P
0	0.02210	0.01020	0.01327	0.00997	0.01476	0.00844	0.00817	0.02449	0.01548	0.52938	0.01935	0.01768	0.01281	0.00641	0.00546	0.00153	0.00483	0.00519	0.00613	0.26434
1	0.01056	0.00852	0.01088	0.01037	0.01206	0.00997	0.00804	0.01709	0.23788	0.01707	0.01823	0.02316	0.01584	0.06374	0.47372	0.00677	0.03903	0.00650	0.00405	0.00652
2	0.01292	0.02203	0.36820	0.25452	0.05160	0.07263	0.08615	0.03135	0.01307	0.01766	0.01068	0.01379	0.00787	0.00570	0.00583	0.00188	0.00865	0.00489	0.00270	0.00789
3	0.02103	0.01006	0.01479	0.24902	0.02294	0.00999	0.01113	0.02385	0.01520	0.49648	0.01969	0.02076	0.01337	0.00727	0.00603	0.00191	0.00594	0.03598	0.00578	0.00878
4	0.21082	0.03922	0.01550	0.24845	0.06805	0.03450	0.02477	0.02051	0.01329	0.24936	0.01390	0.01523	0.00973	0.00617	0.00532	0.00184	0.00623	0.00490	0.00436	0.00786
5	0.01085	0.00948	0.01389	0.38967	0.02615	0.00991	0.01134	0.01386	0.01189	0.01659	0.01442	0.14310	0.01354	0.00756	0.00566	0.00169	0.00591	0.00664	0.02624	0.26161
6	0.00871	0.00538	0.00696	0.00736	0.00746	0.00528	0.00462	0.00822	0.00911	0.01215	0.02009	0.24976	0.02312	0.32791	0.02139	0.26027	0.00488	0.00991	0.00382	0.00362
7	0.01574	0.01209	0.01343	0.01100	0.01517	0.01231	0.00872	0.08483	0.38707	0.09486	0.01896	0.01818	0.01417	0.00675	0.00549	0.00162	0.00477	0.00551	0.00535	0.26398
8	0.06072	0.01070	0.01670	0.44959	0.03019	0.01195	0.04234	0.01963	0.01334	0.24715	0.01437	0.01673	0.00994	0.00639	0.00616	0.00193	0.02488	0.00543	0.00416	0.00770
9	0.00765	0.00612	0.00632	0.00620	0.00824	0.00513	0.00467	0.00923	0.01375	0.03882	0.09337	0.05517	0.69577	0.01460	0.00696	0.00199	0.00305	0.01219	0.00560	0.00517
10	0.02653	0.01006	0.01372	0.01052	0.01510	0.00869	0.00869	0.02882	0.01693	0.75937	0.02333	0.02013	0.01464	0.00732	0.00595	0.00183	0.00503	0.00595	0.00732	0.01006
11	0.00960	0.00693	0.00877	0.00826	0.00975	0.00631	0.00611	0.01202	0.01737	0.02466	0.73950	0.04520	0.05603	0.01275	0.00744	0.00207	0.00323	0.01096	0.00685	0.00620
12	0.01653	0.53898	0.02925	0.01903	0.24596	0.02089	0.01306	0.01858	0.01319	0.01672	0.01033	0.01275	0.00927	0.00591	0.00496	0.00164	0.00691	0.00422	0.00307	0.00872
13	0.01425	0.26879	0.52133	0.01541	0.02296	0.01731	0.01843	0.01913	0.01305	0.01827	0.01103	0.01316	0.00865	0.00622	0.00555	0.00190	0.00832	0.00438	0.00292	0.00894
14	0.01398	0.01020	0.01183	0.01018	0.01270	0.01027	0.00787	0.23713	0.02081	0.02887	0.51017	0.03588	0.04181	0.01120	0.00712	0.00205	0.00438	0.00929	0.00666	0.00759
15	0.01353	0.01294	0.01867	0.25313	0.02415	0.01706	0.01441	0.01531	0.01069	0.01562	0.00983	0.01542	0.00892	0.00966	0.01545	0.00259	0.52691	0.00557	0.00301	0.00710
16	0.01266	0.00686	0.00692	0.00670	0.00830	0.00676	0.00498	0.04371	0.01374	0.02363	0.02009	0.02316	0.01594	0.00765	0.00473	0.00161	0.00334	0.00587	0.77703	0.00631
17	0.01197	0.00629	0.00710	0.00705	0.00810	0.00612	0.00500	0.01270	0.01166	0.01936	0.01749	0.02222	0.01462	0.01189	0.01055	0.25846	0.00393	0.00576	0.55450	0.00522
18	0.02344	0.01726	0.01843	0.01432	0.01908	0.01883	0.01167	0.72292	0.02823	0.03796	0.01529	0.01578	0.01114	0.00785	0.00640	0.00199	0.00688	0.00569	0.00626	0.01059
19	0.01885	0.01443	0.02645	0.01970	0.02446	0.01398	0.39982	0.02210	0.01492	0.24944	0.01608	0.01840	0.01167	0.00721	0.00878	0.00223	0.11104	0.00675	0.00469	0.00900
20	0.01652	0.00757	0.01044	0.00940	0.01094	0.00698	0.00678	0.01519	0.01137	0.24425	0.01550	0.02015	0.01271	0.01693	0.01795	0.55604	0.00550	0.00576	0.00446	0.00557
21	0.56287	0.01027	0.00897	0.00874	0.01142	0.01122	0.00664	0.01529	0.01121	0.02387	0.01701	0.25326	0.01772	0.01032	0.00540	0.00222	0.00462	0.00784	0.00462	0.00651
22	0.26921	0.01323	0.01586	0.01379	0.01505	0.01710	0.01130	0.01602	0.01015	0.01917	0.00913	0.01351	0.00846	0.00953	0.01475	0.00255	0.52588	0.00493	0.00333	0.00705
23	0.01580	0.53788	0.02561	0.01047	0.01561	0.01897	0.00960	0.01757	0.01282	0.01670	0.01014	0.01202	0.00908	0.00564	0.00450	0.00137	0.00609	0.00367	0.00324	0.26321
24	0.01062	0.00811	0.01085	0.24704	0.01806	0.00876	0.00814	0.01153	0.01039	0.01377	0.01712	0.03270	0.01814	0.53395	0.02262	0.00470	0.00678	0.00787	0.00368	0.00517
25	0.01111	0.00965	0.01504	0.52522	0.03106	0.01113	0.01335	0.01376	0.01239	0.01621	0.01854	0.25739	0.01871	0.01061	0.00691	0.00231	0.00684	0.00921	0.00393	0.00662
26	0.01342	0.01132	0.01305	0.00956	0.01483	0.00857	0.00751	0.01568	0.01298	0.02029	0.01168	0.01388	0.00986	0.00518	0.00490	0.00111	0.00479	0.00390	0.00390	0.81360

[dist]
# distance from previous block
# <min> <max>
0	2

[block]
# block no. 2 follows, 39 sequences, length 29
# corresponding to MSA columns:
# 398-426
name=unknown_C
#
# <colnr> <probs for GDERKNQSTAVLIFYWHMCP>
#	G	D	E	R	K	N	Q	S	T	A	V	L	I	F	Y	W	H	M	C	P
0	0.01747	0.52364	0.02642	0.01165	0.01683	0.01970	0.01030	0.01871	0.01390	0.01835	0.01194	0.01451	0.01077	0.00683	0.00530	0.00171	0.00667	0.00428	0.00386	0.25717
1	0.25802	0.00785	0.00912	0.00884	0.01063	0.00909	0.00692	0.01253	0.00963	0.01749	0.01367	0.01983	0.01256	0.06730	0.50317	0.00701	0.01197	0.00549	0.00334	0.00554
2	0.01359	0.01298	0.02211	0.26051	0.53926	0.01378	0.01763	0.01723	0.01297	0.01805	0.01094	0.01498	0.00892	0.00546	0.00587	0.00182	0.00728	0.00527	0.00284	0.00852
3	0.01745	0.01593	0.23965	0.01271	0.01787	0.01026	0.04579	0.03940	0.03716	0.31866	0.09080	0.09249	0.01854	0.00824	0.00615	0.00191	0.00604	0.00702	0.00533	0.00861
4	0.00813	0.00514	0.00712	0.00807	0.00831	0.00490	0.00538	0.00807	0.01023	0.01364	0.02585	0.55542	0.03039	0.01914	0.01225	0.25198	0.00395	0.01328	0.00461	0.00413
5	0.56469	0.00977	0.00892	0.00829	0.01111	0.01131	0.00668	0.01517	0.01005	0.02259	0.02828	0.01455	0.01012	0.01740	0.23503	0.00415	0.00794	0.00433	0.00358	0.00604
6	0.00709	0.00574	0.00630	0.00670	0.00819	0.00495	0.00482	0.00847	0.01291	0.01589	0.06821	0.27772	0.52042	0.01598	0.00716	0.00212	0.00312	0.01375	0.00552	0.00495
7	0.00721	0.00515	0.00686	0.00823	0.00858	0.00480	0.00549	0.00823	0.01132	0.01510	0.03259	0.78831	0.03911	0.01853	0.00755	0.00240	0.00343	0.01681	0.00549	0.00480
8	0.01359	0.01298	0.02211	0.26051	0.53926	0.01378	0.01763	0.01723	0.01297	0.01805	0.01094	0.01498	0.00892	0.00546	0.00587	0.00182	0.00728	0.00527	0.00284	0.00852
9	0.01217	0.01076	0.01565	0.48761	0.03055	0.01300	0.01343	0.01948	0.23304	0.01765	0.01459	0.01784	0.01114	0.00767	0.00726	0.06503	0.00671	0.00568	0.00365	0.00711
10	0.26185	0.01459	0.02697	0.01974	0.02502	0.01444	0.51389	0.01847	0.01278	0.02124	0.01084	0.01403	0.00820	0.00514	0.00598	0.00194	0.00834	0.00584	0.00319	0.00750
11	0.25812	0.00746	0.00713	0.00685	0.00796	0.00801	0.00444	0.01126	0.00904	0.01602	0.01549	0.02990	0.01694	0.55434	0.02211	0.00455	0.00538	0.00697	0.00361	0.00444
12	0.01334	0.24790	0.01792	0.00917	0.01437	0.01257	0.00795	0.01574	0.01219	0.01765	0.00982	0.01142	0.00841	0.00459	0.00420	0.00099	0.00497	0.00340	0.00321	0.58020
13	0.02103	0.02585	0.01690	0.01636	0.07056	0.65493	0.01165	0.03703	0.04172	0.01580	0.01015	0.01169	0.00834	0.00614	0.00537	0.00156	0.00992	0.00408	0.02375	0.00715
14	0.01876	0.01597	0.01378	0.01203	0.01532	0.24006	0.00933	0.04680	0.24129	0.17911	0.11228	0.02140	0.03200	0.00790	0.00593	0.00180	0.00635	0.00623	0.00545	0.00822
15	0.02017	0.01446	0.01594	0.01223	0.01695	0.01508	0.01001	0.47252	0.07839	0.09654	0.01501	0.01493	0.01081	0.00664	0.00561	0.00161	0.00580	0.00511	0.00556	0.17664
16	0.00986	0.00784	0.00924	0.00942	0.01105	0.00803	0.00678	0.01575	0.23308	0.01833	0.02833	0.49742	0.03043	0.01427	0.00684	0.00217	0.00388	0.01273	0.00550	0.06904
17	0.00727	0.00596	0.00645	0.00664	0.00838	0.00513	0.00499	0.00890	0.01351	0.01658	0.10809	0.13403	0.57975	0.01522	0.00712	0.00207	0.00318	0.05614	0.00557	0.00505
18	0.58394	0.00979	0.00788	0.00724	0.01039	0.01077	0.00583	0.01469	0.01110	0.02334	0.02386	0.02391	0.23208	0.00836	0.00467	0.00188	0.00410	0.00601	0.00421	0.00598
19	0.00791	0.00565	0.00767	0.00904	0.00969	0.00541	0.00671	0.00945	0.01202	0.01588	0.03221	0.57015	0.03758	0.01787	0.00774	0.00250	0.00404	0.22803	0.00548	0.00500
20	0.01471	0.01270	0.01337	0.01203	0.01538	0.01471	0.00936	0.03142	0.74459	0.02474	0.02407	0.02206	0.01805	0.00802	0.00602	0.00201	0.00468	0.00669	0.00602	0.00936
21	0.02222	0.01020	0.01328	0.00999	0.01477	0.00845	0.00818	0.02461	0.01552	0.53563	0.01946	0.01775	0.01286	0.00643	0.00547	0.00154	0.00483	0.00521	0.00617	0.25744
22	0.01417	0.01277	0.01481	0.01309	0.01542	0.01574	0.01044	0.02623	0.52223	0.02156	0.01914	0.01931	0.01494	0.00873	0.01007	0.00218	0.23948	0.00623	0.00498	0.00849
23	0.02429	0.01574	0.01461	0.01206	0.01608	0.23883	0.00957	0.02745	0.07242	0.47810	0.01910	0.01742	0.01278	0.00700	0.00577	0.00175	0.00671	0.00536	0.00593	0.00904
24	0.01784	0.01718	0.01442	0.01289	0.01623	0.24211	0.00993	0.02886	0.46901	0.07771	0.01950	0.01847	0.01464	0.00739	0.00580	0.00185	0.00652	0.00576	0.00522	0.00866
25	0.05914	0.02243	0.01626	0.01403	0.01756	0.44451	0.01087	0.25061	0.04179	0.02265	0.01198	0.03890	0.00974	0.00687	0.00554	0.00166	0.00862	0.00480	0.00417	0.00786
26	0.01434	0.01397	0.01802	0.01531	0.01594	0.05001	0.01269	0.09104	0.01137	0.01668	0.00850	0.01298	0.00800	0.00983	0.01738	0.00246	0.66652	0.00513	0.00296	0.00687
27	0.00802	0.00577	0.00759	0.00768	0.00876	0.00535	0.00555	0.01028	0.01510	0.02111	0.53462	0.26914	0.05076	0.01404	0.00715	0.00202	0.00298	0.01254	0.00620	0.00535
28	0.00721	0.00515	0.00686	0.00823	0.00858	0.00480	0.00549	0.00823	0.01132	0.01510	0.03259	0.78831	0.03911	0.01853	0.00755	0.00240	0.00343	0.01681	0.00549	0.00480

[dist]
# distance from previous block
# <min> <max>
5	10

[block]
# block no. 3 follows, 39 sequences, length 6
# corresponding to MSA columns:
# 437-442
name=unknown_D
#
# <colnr> <probs for GDERKNQSTAVLIFYWHMCP>
#	G	D	E	R	K	N	Q	S	T	A	V	L	I	F	Y	W	H	M	C	P
0	0.01235	0.01423	0.11990	0.02243	0.30032	0.01240	0.08103	0.01598	0.01367	0.01971	0.20420	0.02196	0.02100	0.00772	0.00794	0.00193	0.10496	0.00671	0.00377	0.00780
1	0.01265	0.00857	0.00935	0.00787	0.01073	0.04292	0.00610	0.01527	0.01412	0.08967	0.20805	0.02433	0.02354	0.00754	0.00517	0.00141	0.00381	0.00625	0.26298	0.23967
2	0.00797	0.00588	0.00702	0.00694	0.00809	0.00539	0.00487	0.00968	0.01369	0.01838	0.35661	0.11450	0.22135	0.17965	0.01196	0.00277	0.00353	0.01126	0.00554	0.00494
3	0.01305	0.01096	0.01194	0.01084	0.01367	0.01233	0.00837	0.02613	0.55454	0.02447	0.21418	0.02784	0.02791	0.00909	0.00627	0.00197	0.00419	0.00773	0.00615	0.00837
4	0.00833	0.00587	0.00733	0.00807	0.00867	0.00570	0.00573	0.00944	0.01105	0.01445	0.02906	0.25472	0.08727	0.31443	0.01632	0.00373	0.00481	0.19575	0.00475	0.00452
5	0.01435	0.01166	0.01293	0.01194	0.01494	0.01311	0.00964	0.11602	0.46251	0.02449	0.02470	0.03272	0.02121	0.01008	0.00657	0.00216	0.00511	0.19158	0.00586	0.00843

[dist]
# distance from previous block
# <min> <max>
0	4

[block]
# block no. 4 follows, 39 sequences, length 6
# corresponding to MSA columns:
# 447-452
name=unknown_E
#
# <colnr> <probs for GDERKNQSTAVLIFYWHMCP>
#	G	D	E	R	K	N	Q	S	T	A	V	L	I	F	Y	W	H	M	C	P
0	0.02273	0.01138	0.01395	0.01122	0.01545	0.01125	0.00910	0.08822	0.23096	0.48430	0.02279	0.02020	0.01526	0.00751	0.00597	0.00188	0.00505	0.00611	0.00682	0.00986
1	0.01755	0.01303	0.01473	0.01227	0.01607	0.01380	0.01027	0.44332	0.02191	0.02953	0.01880	0.02936	0.01694	0.00950	0.00640	0.00195	0.00596	0.21312	0.00551	0.09998
2	0.00887	0.00605	0.00735	0.00775	0.00815	0.00605	0.00532	0.00967	0.01007	0.01329	0.02235	0.04690	0.02517	0.56493	0.02368	0.00485	0.00565	0.21564	0.00413	0.00413
3	0.01828	0.08059	0.01659	0.01296	0.01666	0.45166	0.01011	0.02014	0.01470	0.01582	0.00940	0.01116	0.00796	0.00573	0.00564	0.00137	0.04689	0.00374	0.00312	0.24749
4	0.01167	0.01086	0.01722	0.50495	0.03228	0.01171	0.05911	0.01529	0.01209	0.01657	0.01060	0.01475	0.00821	0.00540	0.00553	0.00165	0.00699	0.00485	0.00291	0.24734
5	0.01376	0.01104	0.01273	0.00945	0.01444	0.00921	0.00757	0.05331	0.09523	0.05762	0.01285	0.01385	0.01016	0.00507	0.00472	0.00109	0.00455	0.00407	0.00410	0.65520

[dist]
# distance from previous block
# <min> <max>
7	16

[block]
# block no. 5 follows, 39 sequences, length 25
# corresponding to MSA columns:
# 469-493
name=unknown_F
#
# <colnr> <probs for GDERKNQSTAVLIFYWHMCP>
#	G	D	E	R	K	N	Q	S	T	A	V	L	I	F	Y	W	H	M	C	P
0	0.02058	0.13738	0.01859	0.01383	0.01739	0.49196	0.01092	0.14652	0.01799	0.01882	0.04539	0.01271	0.01034	0.00640	0.00529	0.00155	0.00893	0.00431	0.00364	0.00746
1	0.01814	0.01501	0.01424	0.01229	0.01585	0.14479	0.00964	0.10714	0.36321	0.13008	0.01929	0.01862	0.01432	0.00941	0.04918	0.00226	0.00660	0.00579	0.00542	0.03871
2	0.07191	0.12915	0.54602	0.01603	0.02367	0.01509	0.08238	0.01852	0.01238	0.01867	0.01024	0.01219	0.00756	0.00548	0.00536	0.00180	0.00823	0.00436	0.00263	0.00835
3	0.02221	0.54581	0.02878	0.01368	0.01864	0.05825	0.01181	0.07646	0.01686	0.11577	0.01533	0.01772	0.01304	0.00861	0.00635	0.00225	0.00782	0.00529	0.00502	0.01031
4	0.01152	0.00790	0.00874	0.00797	0.00908	0.00823	0.00534	0.15722	0.01313	0.01798	0.03327	0.07797	0.02044	0.51099	0.02140	0.00432	0.00547	0.00824	0.06562	0.00516
5	0.00804	0.00668	0.00710	0.00704	0.00903	0.00610	0.00539	0.01112	0.08220	0.01737	0.10294	0.05304	0.56245	0.03267	0.00753	0.00213	0.00339	0.06477	0.00557	0.00545
6	0.01489	0.08490	0.52457	0.01555	0.02290	0.06886	0.01828	0.11427	0.01497	0.05088	0.01132	0.01267	0.00814	0.00588	0.00551	0.00179	0.00825	0.00443	0.00319	0.00875
7	0.07499	0.64912	0.02908	0.01127	0.01621	0.05283	0.06399	0.01802	0.01222	0.01522	0.00854	0.01003	0.00761	0.00513	0.00409	0.00137	0.00665	0.00348	0.00267	0.00750
8	0.00710	0.00600	0.00615	0.00611	0.00806	0.00504	0.00458	0.00871	0.01375	0.01662	0.11723	0.05586	0.69516	0.01474	0.00699	0.00199	0.00298	0.01233	0.00558	0.00504
9	0.01551	0.00763	0.01019	0.00865	0.01130	0.00680	0.00680	0.01810	0.01681	0.31298	0.46557	0.03472	0.03961	0.01021	0.00657	0.00185	0.00367	0.00883	0.00683	0.00734
10	0.01683	0.01458	0.02134	0.02877	0.51905	0.04546	0.01562	0.11454	0.07091	0.07484	0.01330	0.01537	0.01042	0.00590	0.00586	0.00177	0.00679	0.00537	0.00387	0.00940
11	0.00731	0.00523	0.00696	0.00816	0.00860	0.00488	0.00550	0.00851	0.01183	0.01591	0.10013	0.71846	0.04068	0.01792	0.00749	0.00235	0.00337	0.01624	0.00559	0.00488
12	0.00699	0.00599	0.00599	0.00599	0.00799	0.00499	0.00449	0.00849	0.01348	0.01598	0.05991	0.05691	0.75288	0.01498	0.00699	0.00200	0.00300	0.01248	0.00549	0.00499
13	0.01950	0.02356	0.01835	0.07654	0.17013	0.53715	0.01321	0.02160	0.01550	0.01550	0.00961	0.01192	0.00800	0.00603	0.00588	0.00163	0.03132	0.00425	0.00298	0.00734
14	0.58218	0.01300	0.01110	0.05828	0.01477	0.05687	0.00810	0.09948	0.06799	0.02619	0.01030	0.01152	0.00786	0.00592	0.00433	0.00183	0.00536	0.00387	0.00399	0.00707
15	0.07107	0.01110	0.01801	0.61332	0.14367	0.01328	0.01595	0.01572	0.01194	0.01655	0.01044	0.01516	0.00799	0.00579	0.00574	0.00193	0.00752	0.00511	0.00275	0.00697
16	0.00845	0.00634	0.00950	0.00950	0.01056	0.00739	0.00739	0.01056	0.00950	0.01373	0.01584	0.02323	0.01478	0.04435	0.76873	0.00950	0.01584	0.00634	0.00317	0.00528
17	0.01505	0.01411	0.02363	0.06492	0.65760	0.02893	0.04396	0.01855	0.01361	0.04600	0.01153	0.01485	0.00945	0.00538	0.00589	0.00177	0.00717	0.00533	0.00308	0.00918
18	0.56272	0.17276	0.01456	0.00996	0.04023	0.07188	0.00805	0.02995	0.01138	0.02297	0.00851	0.00992	0.00691	0.00547	0.00393	0.00169	0.00551	0.00335	0.00339	0.00685
19	0.01351	0.01506	0.03223	0.02441	0.07265	0.01417	0.63879	0.01813	0.01374	0.01869	0.01339	0.07122	0.01116	0.00597	0.00695	0.00201	0.00933	0.00758	0.00317	0.00783
20	0.02621	0.01924	0.02039	0.01635	0.02120	0.02023	0.01289	0.68661	0.02946	0.03994	0.01844	0.02031	0.01424	0.01001	0.00781	0.00260	0.00793	0.00674	0.00727	0.01213
21	0.82123	0.01214	0.00946	0.00851	0.01221	0.01379	0.00687	0.01805	0.01074	0.02733	0.00932	0.01110	0.00743	0.00619	0.00414	0.00202	0.00494	0.00357	0.00401	0.00695
22	0.00813	0.00673	0.00686	0.00692	0.00887	0.00564	0.00506	0.00929	0.01395	0.01689	0.05816	0.11041	0.68990	0.01578	0.00745	0.00221	0.00342	0.01300	0.00581	0.00554
23	0.00853	0.00680	0.00738	0.00719	0.00908	0.00583	0.00532	0.01011	0.01509	0.01929	0.26952	0.05376	0.53056	0.01465	0.00741	0.00214	0.00332	0.01215	0.00612	0.00573
24	0.00955	0.00713	0.01025	0.01021	0.01135	0.00801	0.00784	0.01134	0.01019	0.01474	0.01680	0.02450	0.01567	0.04440	0.75641	0.00957	0.01601	0.00665	0.00353	0.00584

[dist]
# distance from previous block
# <min> <max>
3	4

[block]
# block no. 6 follows, 39 sequences, length 83
# corresponding to MSA columns:
# 498-580
name=unknown_G
#
# <colnr> <probs for GDERKNQSTAVLIFYWHMCP>
#	G	D	E	R	K	N	Q	S	T	A	V	L	I	F	Y	W	H	M	C	P
0	0.01936	0.01719	0.02641	0.03752	0.69995	0.01647	0.01941	0.02126	0.01643	0.02367	0.01603	0.02132	0.01402	0.00861	0.00794	0.00267	0.00855	0.00683	0.00465	0.01170
1	0.01581	0.79572	0.03099	0.01012	0.01518	0.02340	0.01012	0.01771	0.01202	0.01391	0.00822	0.00949	0.00759	0.00506	0.00379	0.00126	0.00632	0.00316	0.00253	0.00759
2	0.02278	0.01525	0.01683	0.01300	0.01763	0.01650	0.01071	0.57819	0.06248	0.16074	0.01627	0.01562	0.01125	0.00718	0.00593	0.00180	0.00616	0.00550	0.00616	0.01002
3	0.01208	0.02928	0.70301	0.01840	0.08349	0.01376	0.02156	0.01868	0.01256	0.01878	0.01065	0.01266	0.00764	0.00559	0.00564	0.00186	0.00860	0.00444	0.00253	0.00879
4	0.01444	0.01526	0.02978	0.02179	0.02689	0.05386	0.56793	0.01870	0.01413	0.05638	0.05060	0.04912	0.01277	0.00626	0.00727	0.00199	0.03433	0.00729	0.00348	0.00772
5	0.00828	0.00604	0.00778	0.00735	0.00878	0.00554	0.00551	0.01099	0.01653	0.02323	0.70847	0.04498	0.09979	0.01227	0.00698	0.00187	0.00280	0.01081	0.00645	0.00554
6	0.01664	0.01280	0.01382	0.01203	0.01563	0.01444	0.00947	0.09765	0.60295	0.10059	0.02306	0.02112	0.01695	0.00786	0.00600	0.00197	0.00489	0.00648	0.00614	0.00950
7	0.04911	0.00778	0.00922	0.00841	0.01055	0.00762	0.00652	0.05277	0.07391	0.09067	0.38962	0.03983	0.13417	0.04257	0.00759	0.00209	0.00373	0.05138	0.00607	0.00640
8	0.02096	0.01857	0.12407	0.01407	0.01938	0.01768	0.01276	0.63309	0.02562	0.03462	0.01369	0.01395	0.00969	0.00689	0.00587	0.00179	0.00683	0.00519	0.00543	0.00987
9	0.00721	0.00515	0.00686	0.00823	0.00858	0.00480	0.00549	0.00823	0.01132	0.01510	0.03259	0.78831	0.03911	0.01853	0.00755	0.00240	0.00343	0.01681	0.00549	0.00480
10	0.01863	0.01860	0.03515	0.06487	0.06249	0.01718	0.61408	0.02177	0.01675	0.02315	0.01670	0.02247	0.01362	0.00840	0.00888	0.00287	0.01104	0.00825	0.00469	0.01040
11	0.01640	0.01723	0.02290	0.03057	0.53830	0.17470	0.05631	0.03876	0.01458	0.01875	0.01083	0.01385	0.00899	0.00548	0.00581	0.00172	0.00795	0.00506	0.00304	0.00877
12	0.00828	0.00770	0.04969	0.10249	0.01450	0.00680	0.04481	0.01017	0.01158	0.01549	0.02771	0.61444	0.03213	0.01563	0.00722	0.00230	0.00458	0.01425	0.00486	0.00539
13	0.71525	0.12522	0.01193	0.00812	0.01198	0.01474	0.00694	0.01743	0.01035	0.02470	0.00823	0.00959	0.00658	0.00543	0.00368	0.00175	0.00483	0.00320	0.00350	0.00658
14	0.00710	0.00600	0.00614	0.00611	0.00806	0.00504	0.00458	0.00870	0.01374	0.01660	0.11545	0.05589	0.69695	0.01475	0.00699	0.00199	0.00298	0.01234	0.00557	0.00504
15	0.01245	0.01391	0.07896	0.09431	0.09218	0.03393	0.14479	0.01550	0.01198	0.01698	0.04965	0.08859	0.01359	0.00835	0.01010	0.00207	0.23373	0.00667	0.00325	0.06900
16	0.02653	0.01006	0.01372	0.01052	0.01510	0.00869	0.00869	0.02882	0.01693	0.75937	0.02333	0.02013	0.01464	0.00732	0.00595	0.00183	0.00503	0.00595	0.00732	0.01006
17	0.61628	0.01162	0.04021	0.00918	0.01275	0.01230	0.04387	0.01675	0.01043	0.04495	0.01021	0.01315	0.00839	0.05089	0.07599	0.00276	0.00613	0.00410	0.00364	0.00643
18	0.01965	0.01054	0.01302	0.01023	0.01452	0.00961	0.00826	0.05281	0.13381	0.37875	0.07789	0.02026	0.01689	0.00711	0.00567	0.00163	0.00470	0.00584	0.00609	0.20272
19	0.00845	0.00634	0.00950	0.00950	0.01056	0.00739	0.00739	0.01056	0.00950	0.01373	0.01584	0.02323	0.01478	0.04435	0.76873	0.00950	0.01584	0.00634	0.00317	0.00528
20	0.01294	0.01294	0.01811	0.01553	0.01553	0.01811	0.01294	0.01423	0.00906	0.01423	0.00776	0.01294	0.00776	0.01035	0.01941	0.00259	0.78134	0.00518	0.00259	0.00647
21	0.02509	0.00975	0.01326	0.01028	0.01460	0.00844	0.00844	0.02742	0.01691	0.70100	0.08116	0.02204	0.01790	0.00770	0.00603	0.00183	0.00485	0.00632	0.00726	0.00971
22	0.02160	0.02738	0.01683	0.01525	0.01814	0.72857	0.01151	0.02312	0.01635	0.01446	0.00907	0.01079	0.00763	0.00632	0.00608	0.00158	0.05160	0.00388	0.00302	0.00684
23	0.00914	0.00653	0.00909	0.01045	0.01164	0.00647	0.00886	0.01158	0.01323	0.01726	0.03153	0.18687	0.03488	0.01670	0.00807	0.00267	0.00511	0.59913	0.00545	0.00534
24	0.01257	0.15543	0.60357	0.01568	0.02337	0.01555	0.01947	0.01833	0.01223	0.01771	0.01007	0.01202	0.00752	0.00577	0.00602	0.00181	0.04773	0.00421	0.00251	0.00844
25	0.01425	0.01071	0.01265	0.00915	0.01431	0.00840	0.00737	0.04619	0.01342	0.10122	0.01207	0.01321	0.00946	0.00481	0.00462	0.00102	0.00454	0.00385	0.00402	0.70474
26	0.01293	0.10618	0.51472	0.04224	0.08125	0.01469	0.03947	0.05447	0.01348	0.01930	0.04026	0.01390	0.00976	0.00586	0.00557	0.00180	0.00801	0.00472	0.00289	0.00852
27	0.01482	0.64532	0.07159	0.01063	0.01534	0.02114	0.01063	0.01703	0.01207	0.01473	0.04808	0.01209	0.01037	0.00691	0.02777	0.00165	0.04582	0.00383	0.00276	0.00742
28	0.01454	0.01395	0.02382	0.05799	0.73437	0.01402	0.01810	0.01806	0.01342	0.01920	0.01111	0.01467	0.00932	0.00529	0.00586	0.00176	0.00705	0.00527	0.00292	0.00929
29	0.01604	0.01337	0.01412	0.01231	0.01589	0.01533	0.00968	0.15244	0.62140	0.02689	0.02237	0.02071	0.01668	0.00786	0.00600	0.00197	0.00499	0.00645	0.00600	0.00948
30	0.01454	0.03020	0.01938	0.15356	0.33953	0.11807	0.01466	0.01909	0.09774	0.01793	0.01349	0.05515	0.01175	0.00697	0.00662	0.00188	0.04830	0.01971	0.00340	0.00804
31	0.00837	0.00604	0.00790	0.00744	0.00883	0.00558	0.00558	0.01116	0.01674	0.02371	0.75216	0.04417	0.05580	0.01209	0.00697	0.00186	0.00279	0.01069	0.00651	0.00558
32	0.01294	0.01294	0.01811	0.01553	0.01553	0.01811	0.01294	0.01423	0.00906	0.01423	0.00776	0.01294	0.00776	0.01035	0.01941	0.00259	0.78134	0.00518	0.00259	0.00647
33	0.01232	0.01136	0.01825	0.47964	0.13986	0.01319	0.05135	0.01803	0.11753	0.01768	0.01309	0.01685	0.01000	0.00613	0.00588	0.00191	0.00713	0.00556	0.04686	0.00740
34	0.03800	0.01300	0.02154	0.35132	0.32391	0.03009	0.08283	0.03642	0.01316	0.01808	0.01089	0.01499	0.00859	0.00559	0.00591	0.00187	0.00766	0.00533	0.00291	0.00792
35	0.01027	0.00514	0.00770	0.00770	0.00770	0.00514	0.00514	0.00770	0.00770	0.01027	0.01027	0.01798	0.01027	0.02054	0.02311	0.82794	0.00514	0.00514	0.00257	0.00257
36	0.02149	0.01542	0.01671	0.01311	0.01760	0.01699	0.01073	0.56380	0.14673	0.09047	0.01655	0.01597	0.01174	0.00727	0.00594	0.00182	0.00609	0.00560	0.00604	0.00994
37	0.02388	0.01053	0.01392	0.04987	0.01637	0.00984	0.00918	0.09213	0.04645	0.58613	0.02236	0.06024	0.01531	0.00785	0.00603	0.00187	0.00521	0.00646	0.00680	0.00958
38	0.02052	0.02545	0.01629	0.01553	0.05480	0.65308	0.01121	0.03786	0.01658	0.01534	0.01338	0.01461	0.06689	0.00678	0.00550	0.00158	0.00978	0.00460	0.00330	0.00691
39	0.01311	0.02573	0.54939	0.02108	0.18412	0.01364	0.04184	0.01901	0.01292	0.04846	0.01127	0.01336	0.00823	0.00559	0.00572	0.00185	0.00826	0.00471	0.00280	0.00891
40	0.00702	0.00589	0.00610	0.00626	0.00806	0.00497	0.00461	0.00846	0.01322	0.01587	0.05664	0.14448	0.66743	0.01540	0.00706	0.00205	0.00305	0.01300	0.00549	0.00497
41	0.01396	0.01595	0.03490	0.02493	0.03091	0.01496	0.73380	0.01894	0.01396	0.01894	0.01196	0.01595	0.00897	0.00499	0.00698	0.00199	0.00997	0.00698	0.00299	0.00798
42	0.00829	0.00604	0.00779	0.00735	0.00878	0.00555	0.00552	0.01100	0.01655	0.02325	0.71099	0.04493	0.09725	0.01226	0.00698	0.00187	0.00280	0.01080	0.00645	0.00555
43	0.00887	0.00668	0.00918	0.00973	0.06806	0.00625	0.00658	0.01171	0.01648	0.02337	0.69336	0.04183	0.05212	0.01155	0.00689	0.00185	0.00313	0.01026	0.00623	0.00588
44	0.00838	0.00607	0.00803	0.00760	0.00897	0.00572	0.00572	0.01111	0.01617	0.02292	0.69373	0.04251	0.05255	0.01465	0.06742	0.00247	0.00383	0.01035	0.00624	0.00556
45	0.02509	0.00975	0.01326	0.01028	0.01460	0.00844	0.00844	0.02742	0.01691	0.70100	0.08116	0.02204	0.01790	0.00770	0.00603	0.00183	0.00485	0.00632	0.00726	0.00971
46	0.01533	0.01301	0.01372	0.01216	0.01561	0.01500	0.00951	0.08729	0.68772	0.02573	0.02329	0.02144	0.01742	0.00795	0.00601	0.00199	0.00483	0.00658	0.00601	0.00942
47	0.00837	0.00604	0.00790	0.00744	0.00883	0.00558	0.00558	0.01116	0.01674	0.02371	0.75216	0.04417	0.05580	0.01209	0.00697	0.00186	0.00279	0.01069	0.00651	0.00558
48	0.02653	0.01006	0.01372	0.01052	0.01510	0.00869	0.00869	0.02882	0.01693	0.75937	0.02333	0.02013	0.01464	0.00732	0.00595	0.00183	0.00503	0.00595	0.00732	0.01006
49	0.00860	0.00573	0.00645	0.00645	0.00645	0.00573	0.00358	0.00860	0.00860	0.01147	0.01863	0.03870	0.02150	0.79217	0.03010	0.00573	0.00573	0.00860	0.00358	0.00358
50	0.83394	0.01144	0.00869	0.00778	0.01144	0.01327	0.00640	0.01738	0.01006	0.02653	0.00823	0.00961	0.00640	0.00549	0.00366	0.00183	0.00457	0.00320	0.00366	0.00640
51	0.00953	0.00681	0.00953	0.01089	0.01225	0.00681	0.00953	0.01225	0.01361	0.01770	0.03131	0.06671	0.03403	0.01634	0.00817	0.00272	0.00545	0.71547	0.00545	0.00545
52	0.83394	0.01144	0.00869	0.00778	0.01144	0.01327	0.00640	0.01738	0.01006	0.02653	0.00823	0.00961	0.00640	0.00549	0.00366	0.00183	0.00457	0.00320	0.00366	0.00640
53	0.00699	0.00599	0.00599	0.00599	0.00799	0.00499	0.00449	0.00849	0.01348	0.01598	0.05991	0.05691	0.75288	0.01498	0.00699	0.00200	0.00300	0.01248	0.00549	0.00499
54	0.01581	0.79572	0.03099	0.01012	0.01518	0.02340	0.01012	0.01771	0.01202	0.01391	0.00822	0.00949	0.00759	0.00506	0.00379	0.00126	0.00632	0.00316	0.00253	0.00759
55	0.01403	0.01341	0.02257	0.03389	0.69598	0.01333	0.01707	0.01738	0.01347	0.01905	0.01499	0.01799	0.06836	0.00604	0.00594	0.00178	0.00671	0.00584	0.00313	0.00902
56	0.01412	0.01045	0.01245	0.00899	0.01416	0.00799	0.00723	0.01670	0.01287	0.11548	0.01218	0.01329	0.00952	0.00476	0.00458	0.00100	0.00446	0.00382	0.00400	0.72195
57	0.01581	0.79572	0.03099	0.01012	0.01518	0.02340	0.01012	0.01771	0.01202	0.01391	0.00822	0.00949	0.00759	0.00506	0.00379	0.00126	0.00632	0.00316	0.00253	0.00759
58	0.00837	0.00604	0.00790	0.00744	0.00883	0.00558	0.00558	0.01116	0.01674	0.02371	0.75216	0.04417	0.05580	0.01209	0.00697	0.00186	0.00279	0.01069	0.00651	0.00558
59	0.01117	0.01051	0.01774	0.77795	0.04073	0.01314	0.01642	0.01511	0.01182	0.01511	0.01051	0.01577	0.00788	0.00591	0.00591	0.00197	0.00788	0.00526	0.00263	0.00657
60	0.00860	0.00573	0.00645	0.00645	0.00645	0.00573	0.00358	0.00860	0.00860	0.01147	0.01863	0.03870	0.02150	0.79217	0.03010	0.00573	0.00573	0.00860	0.00358	0.00358
61	0.00834	0.00604	0.00786	0.00740	0.00881	0.00557	0.00555	0.01109	0.01666	0.02352	0.73515	0.04449	0.07292	0.01216	0.00698	0.00186	0.00280	0.01074	0.00648	0.00557
62	0.00699	0.00599	0.00599	0.00599	0.00799	0.00499	0.00449	0.00849	0.01348	0.01598	0.05991	0.05691	0.75288	0.01498	0.00699	0.00200	0.00300	0.01248	0.00549	0.00499
63	0.01294	0.01294	0.01811	0.01553	0.01553	0.01811	0.01294	0.01423	0.00906	0.01423	0.00776	0.01294	0.00776	0.01035	0.01941	0.00259	0.78134	0.00518	0.00259	0.00647
64	0.01294	0.01294	0.01811	0.01553	0.01553	0.01811	0.01294	0.01423	0.00906	0.01423	0.00776	0.01294	0.00776	0.01035	0.01941	0.00259	0.78134	0.00518	0.00259	0.00647
65	0.02096	0.01581	0.01689	0.01330	0.01776	0.01763	0.01087	0.59750	0.16834	0.03481	0.01613	0.01574	0.01162	0.00728	0.00594	0.00182	0.00615	0.00559	0.00594	0.00992
66	0.00899	0.00659	0.00880	0.00994	0.01135	0.00640	0.00848	0.01142	0.01347	0.01728	0.03616	0.10186	0.15445	0.01622	0.00794	0.00259	0.00493	0.56234	0.00546	0.00534
67	0.02248	0.01656	0.01775	0.01361	0.01834	0.01834	0.01124	0.73556	0.02780	0.03727	0.01420	0.01420	0.01006	0.00710	0.00592	0.00177	0.00651	0.00532	0.00592	0.01006
68	0.01464	0.01405	0.02400	0.03630	0.75528	0.01405	0.01815	0.01815	0.01347	0.01932	0.01112	0.01464	0.00937	0.00527	0.00585	0.00176	0.00703	0.00527	0.00293	0.00937
69	0.02248	0.01656	0.01775	0.01361	0.01834	0.01834	0.01124	0.73556	0.02780	0.03727	0.01420	0.01420	0.01006	0.00710	0.00592	0.00177	0.00651	0.00532	0.00592	0.01006
70	0.00862	0.00652	0.00826	0.00914	0.01073	0.00616	0.00773	0.01091	0.01357	0.01708	0.04153	0.06321	0.29097	0.01585	0.00775	0.00246	0.00457	0.46421	0.00546	0.00528
71	0.01186	0.03059	0.76153	0.01686	0.02560	0.01373	0.02185	0.01873	0.01249	0.01873	0.01061	0.01249	0.00749	0.00562	0.00562	0.00187	0.00874	0.00437	0.00250	0.00874
72	0.02209	0.02819	0.01676	0.01524	0.01828	0.76843	0.01143	0.02361	0.01676	0.01447	0.00914	0.01066	0.00762	0.00609	0.00533	0.00152	0.01066	0.00381	0.00305	0.00686
73	0.00845	0.00634	0.00950	0.00950	0.01056	0.00739	0.00739	0.01056	0.00950	0.01373	0.01584	0.02323	0.01478	0.04435	0.76873	0.00950	0.01584	0.00634	0.00317	0.00528
74	0.00845	0.00634	0.00950	0.00950	0.01056	0.00739	0.00739	0.01056	0.00950	0.01373	0.01584	0.02323	0.01478	0.04435	0.76873	0.00950	0.01584	0.00634	0.00317	0.00528
75	0.01396	0.01595	0.03490	0.02493	0.03091	0.01496	0.73380	0.01894	0.01396	0.01894	0.01196	0.01595	0.00897	0.00499	0.00698	0.00199	0.00997	0.00698	0.00299	0.00798
76	0.01186	0.03059	0.76153	0.01686	0.02560	0.01373	0.02185	0.01873	0.01249	0.01873	0.01061	0.01249	0.00749	0.00562	0.00562	0.00187	0.00874	0.00437	0.00250	0.00874
77	0.02158	0.01608	0.01775	0.07425	0.02012	0.01793	0.01165	0.67839	0.02654	0.03551	0.01391	0.01432	0.00988	0.00700	0.00592	0.00179	0.00662	0.00532	0.00566	0.00978
78	0.83394	0.01144	0.00869	0.00778	0.01144	0.01327	0.00640	0.01738	0.01006	0.02653	0.00823	0.00961	0.00640	0.00549	0.00366	0.00183	0.00457	0.00320	0.00366	0.00640
79	0.01116	0.01011	0.01677	0.71666	0.03805	0.01253	0.01545	0.01500	0.01187	0.01566	0.01121	0.01627	0.00846	0.00599	0.00577	0.00192	0.00748	0.00528	0.06788	0.00649
80	0.02653	0.01006	0.01372	0.01052	0.01510	0.00869	0.00869	0.02882	0.01693	0.75937	0.02333	0.02013	0.01464	0.00732	0.00595	0.00183	0.00503	0.00595	0.00732	0.01006
81	0.83394	0.01144	0.00869	0.00778	0.01144	0.01327	0.00640	0.01738	0.01006	0.02653	0.00823	0.00961	0.00640	0.00549	0.00366	0.00183	0.00457	0.00320	0.00366	0.00640
82	0.01128	0.01063	0.01794	0.75372	0.06408	0.01317	0.01648	0.01521	0.01188	0.01525	0.01053	0.01573	0.00793	0.00589	0.00591	0.00196	0.00786	0.00526	0.00264	0.00666

[dist]
# distance from previous block
# <min> <max>
0	13

[block]
# block no. 7 follows, 39 sequences, length 32
# corresponding to MSA columns:
# 594-625
name=unknown_H
#
# <colnr> <probs for GDERKNQSTAVLIFYWHMCP>
#	G	D	E	R	K	N	Q	S	T	A	V	L	I	F	Y	W	H	M	C	P
0	0.62568	0.01129	0.00997	0.00870	0.01240	0.01259	0.00721	0.06420	0.01231	0.12198	0.01202	0.01485	0.00944	0.00651	0.00438	0.00188	0.00481	0.04834	0.00439	0.00705
1	0.09810	0.71684	0.02875	0.00988	0.01480	0.02238	0.00975	0.01768	0.01182	0.01518	0.00822	0.00950	0.00747	0.00510	0.00378	0.00132	0.00615	0.00317	0.00264	0.00747
2	0.09017	0.00650	0.00630	0.00627	0.00836	0.00582	0.00473	0.00937	0.01304	0.01700	0.05349	0.08495	0.64580	0.01418	0.00668	0.00200	0.00317	0.01174	0.00531	0.00513
3	0.09161	0.00631	0.00668	0.00658	0.00695	0.00649	0.00387	0.00948	0.00875	0.01298	0.01759	0.03577	0.01998	0.71304	0.02744	0.00534	0.00562	0.00806	0.00359	0.00387
4	0.09392	0.01060	0.01683	0.70049	0.03778	0.01315	0.01542	0.01534	0.01165	0.01626	0.01028	0.01515	0.00773	0.00587	0.00569	0.00196	0.00755	0.00505	0.00273	0.00655
5	0.01388	0.01079	0.01104	0.01072	0.01309	0.00903	0.00757	0.01365	0.01754	0.02256	0.12611	0.05995	0.61865	0.01796	0.00952	0.00311	0.00531	0.01357	0.00751	0.00844
6	0.02248	0.01656	0.01775	0.01361	0.01834	0.01834	0.01124	0.73556	0.02780	0.03727	0.01420	0.01420	0.01006	0.00710	0.00592	0.00177	0.00651	0.00532	0.00592	0.01006
7	0.02057	0.01562	0.01667	0.01322	0.01761	0.01745	0.01078	0.56254	0.20393	0.03419	0.01662	0.01613	0.01202	0.00733	0.00594	0.00183	0.00606	0.00566	0.00594	0.00989
8	0.00949	0.00678	0.00948	0.01078	0.01215	0.00677	0.00941	0.01222	0.01371	0.01789	0.05388	0.06600	0.03472	0.01620	0.00813	0.00270	0.00536	0.69340	0.00548	0.00545
9	0.00837	0.00604	0.00790	0.00744	0.00883	0.00558	0.00558	0.01116	0.01674	0.02371	0.75216	0.04417	0.05580	0.01209	0.00697	0.00186	0.00279	0.01069	0.00651	0.00558
10	0.00837	0.00604	0.00790	0.00744	0.00883	0.00558	0.00558	0.01116	0.01674	0.02371	0.75216	0.04417	0.05580	0.01209	0.00697	0.00186	0.00279	0.01069	0.00651	0.00558
11	0.00953	0.00681	0.00953	0.01089	0.01225	0.00681	0.00953	0.01225	0.01361	0.01770	0.03131	0.06671	0.03403	0.01634	0.00817	0.00272	0.00545	0.71547	0.00545	0.00545
12	0.01186	0.03059	0.76153	0.01686	0.02560	0.01373	0.02185	0.01873	0.01249	0.01873	0.01061	0.01249	0.00749	0.00562	0.00562	0.00187	0.00874	0.00437	0.00250	0.00874
13	0.02211	0.02749	0.01682	0.01514	0.01829	0.72363	0.01142	0.06613	0.01742	0.01583	0.00944	0.01088	0.00776	0.00615	0.00537	0.00154	0.01042	0.00390	0.00322	0.00705
14	0.00868	0.00646	0.00813	0.00764	0.00919	0.00611	0.00575	0.01226	0.06215	0.02329	0.66252	0.04360	0.09774	0.01202	0.00692	0.00188	0.00292	0.01056	0.00641	0.00578
15	0.83394	0.01144	0.00869	0.00778	0.01144	0.01327	0.00640	0.01738	0.01006	0.02653	0.00823	0.00961	0.00640	0.00549	0.00366	0.00183	0.00457	0.00320	0.00366	0.00640
