[name]
unknown

[dist]
# distance from previous block
# <min> <max>
21	338

[block]
# block no. 0 follows, 40 sequences, length 23
# corresponding to MSA columns:
# 348-370
name=unknown_A
#
# <colnr> <probs for GDERKNQSTAVLIFYWHMCP>
#	G	D	E	R	K	N	Q	S	T	A	V	L	I	F	Y	W	H	M	C	P
0	0.00823	0.00594	0.00777	0.00732	0.00869	0.00549	0.00549	0.01097	0.01646	0.02332	0.75629	0.04344	0.05487	0.01189	0.00686	0.00183	0.00274	0.01052	0.00640	0.00549
1	0.01555	0.79913	0.03047	0.00995	0.01493	0.02301	0.00995	0.01741	0.01182	0.01368	0.00808	0.00933	0.00746	0.00498	0.00373	0.00124	0.00622	0.00311	0.00249	0.00746
2	0.00709	0.00506	0.00675	0.00810	0.00843	0.00472	0.00540	0.00810	0.01113	0.01484	0.03205	0.79184	0.03846	0.01822	0.00742	0.00236	0.00337	0.01653	0.00540	0.00472
3	0.02609	0.00990	0.01350	0.01035	0.01484	0.00855	0.00855	0.02834	0.01664	0.76338	0.02294	0.01979	0.01439	0.00720	0.00585	0.00180	0.00495	0.00585	0.00720	0.00990
4	0.00813	0.00594	0.00763	0.00721	0.00863	0.00544	0.00541	0.01078	0.01622	0.02276	0.70466	0.04437	0.10685	0.01210	0.00686	0.00184	0.00276	0.01065	0.00633	0.00544
5	0.00796	0.00590	0.00744	0.00730	0.00869	0.00538	0.00548	0.01033	0.01532	0.02102	0.54107	0.10883	0.17329	0.01310	0.00696	0.00194	0.00296	0.04561	0.00610	0.00532
6	0.01166	0.03008	0.76550	0.01657	0.02517	0.01351	0.02149	0.01842	0.01228	0.01842	0.01044	0.01228	0.00737	0.00552	0.00552	0.00184	0.00859	0.00430	0.00246	0.00859
7	0.00823	0.00594	0.00777	0.00732	0.00869	0.00549	0.00549	0.01097	0.01646	0.02332	0.75629	0.04344	0.05487	0.01189	0.00686	0.00183	0.00274	0.01052	0.00640	0.00549
8	0.83671	0.01125	0.00855	0.00765	0.01125	0.01305	0.00630	0.01709	0.00990	0.02609	0.00810	0.00945	0.00630	0.00540	0.00360	0.00180	0.00450	0.00315	0.00360	0.00630
9	0.00687	0.00589	0.00589	0.00589	0.00785	0.00491	0.00442	0.00835	0.01325	0.01571	0.05891	0.05596	0.75700	0.01473	0.00687	0.00196	0.00295	0.01227	0.00540	0.00491
10	0.83671	0.01125	0.00855	0.00765	0.01125	0.01305	0.00630	0.01709	0.00990	0.02609	0.00810	0.00945	0.00630	0.00540	0.00360	0.00180	0.00450	0.00315	0.00360	0.00630
11	0.83671	0.01125	0.00855	0.00765	0.01125	0.01305	0.00630	0.01709	0.00990	0.02609	0.00810	0.00945	0.00630	0.00540	0.00360	0.00180	0.00450	0.00315	0.00360	0.00630
12	0.02560	0.01001	0.01348	0.01041	0.01486	0.00880	0.00857	0.02845	0.04746	0.73228	0.02297	0.01987	0.01454	0.00723	0.00585	0.00181	0.00493	0.00588	0.00714	0.00987
13	0.00832	0.00618	0.00907	0.00907	0.01001	0.00712	0.00692	0.01020	0.00926	0.01329	0.01583	0.02426	0.01515	0.11370	0.70334	0.00900	0.01465	0.00644	0.00315	0.00504
14	0.01555	0.79913	0.03047	0.00995	0.01493	0.02301	0.00995	0.01741	0.01182	0.01368	0.00808	0.00933	0.00746	0.00498	0.00373	0.00124	0.00622	0.00311	0.00249	0.00746
15	0.01131	0.00588	0.00593	0.00576	0.00725	0.00595	0.00436	0.04412	0.01283	0.02231	0.01876	0.02136	0.01469	0.00678	0.00414	0.00137	0.00287	0.00541	0.79332	0.00561
16	0.01446	0.01249	0.01315	0.01183	0.01512	0.01446	0.00920	0.03090	0.74885	0.02433	0.02367	0.02170	0.01775	0.00789	0.00592	0.00197	0.00460	0.00657	0.00592	0.00920
17	0.02172	0.02772	0.01648	0.01498	0.01798	0.77228	0.01124	0.02322	0.01648	0.01423	0.00899	0.01049	0.00749	0.00599	0.00524	0.00150	0.01049	0.00375	0.00300	0.00674
18	0.00697	0.00589	0.00603	0.00600	0.00792	0.00495	0.00450	0.00854	0.01349	0.01627	0.11054	0.05504	0.70501	0.01452	0.00687	0.00195	0.00293	0.01214	0.00547	0.00495
19	0.00708	0.00590	0.00617	0.00610	0.00798	0.00500	0.00458	0.00874	0.01374	0.01685	0.16345	0.05409	0.65174	0.01430	0.00687	0.00194	0.00292	0.01201	0.00555	0.00500
20	0.01125	0.01061	0.01793	0.72234	0.09724	0.01299	0.01628	0.01510	0.01176	0.01519	0.01038	0.01542	0.00787	0.00576	0.00581	0.00192	0.00768	0.00517	0.00261	0.00668
21	0.01458	0.01363	0.02205	0.14542	0.59784	0.03981	0.01701	0.01799	0.01324	0.04656	0.01124	0.01463	0.00913	0.00538	0.00575	0.00175	0.00708	0.00515	0.00300	0.00874
22	0.01206	0.01034	0.01206	0.00861	0.01378	0.00775	0.00689	0.01464	0.01206	0.01895	0.01034	0.01206	0.00861	0.00431	0.00431	0.00086	0.00431	0.00345	0.00345	0.83118

[dist]
# distance from previous block
# <min> <max>
0	1

[block]
# block no. 1 follows, 40 sequences, length 57
# corresponding to MSA columns:
# 372-428
name=unknown_B
#
# <colnr> <probs for GDERKNQSTAVLIFYWHMCP>
#	G	D	E	R	K	N	Q	S	T	A	V	L	I	F	Y	W	H	M	C	P
0	0.00906	0.00587	0.00788	0.00745	0.00862	0.00548	0.00548	0.01074	0.01468	0.03961	0.58756	0.03766	0.04484	0.01344	0.01002	0.16841	0.00326	0.00930	0.00564	0.00500
1	0.00823	0.00594	0.00777	0.00732	0.00869	0.00549	0.00549	0.01097	0.01646	0.02332	0.75629	0.04344	0.05487	0.01189	0.00686	0.00183	0.00274	0.01052	0.00640	0.00549
2	0.01084	0.00542	0.00542	0.00542	0.00678	0.00542	0.00407	0.01355	0.01220	0.02168	0.01897	0.02168	0.01491	0.00678	0.00407	0.00136	0.00271	0.00542	0.82791	0.00542
3	0.83671	0.01125	0.00855	0.00765	0.01125	0.01305	0.00630	0.01709	0.00990	0.02609	0.00810	0.00945	0.00630	0.00540	0.00360	0.00180	0.00450	0.00315	0.00360	0.00630
4	0.00769	0.00592	0.00702	0.00675	0.00836	0.00526	0.00506	0.00993	0.01518	0.02029	0.47858	0.04843	0.33446	0.01302	0.00686	0.00188	0.00282	0.01122	0.00600	0.00526
5	0.02200	0.01568	0.01698	0.01310	0.01768	0.01723	0.01080	0.65834	0.06145	0.08446	0.01503	0.01472	0.01057	0.00704	0.00582	0.00176	0.00622	0.00534	0.00591	0.00986
6	0.02191	0.01590	0.01712	0.01321	0.01779	0.01754	0.01088	0.68392	0.05866	0.06154	0.01470	0.01451	0.01039	0.00703	0.00582	0.00176	0.00627	0.00532	0.00587	0.00986
7	0.00709	0.00506	0.00675	0.00810	0.00843	0.00472	0.00540	0.00810	0.01113	0.01484	0.03205	0.79184	0.03846	0.01822	0.00742	0.00236	0.00337	0.01653	0.00540	0.00472
8	0.80064	0.04585	0.00951	0.00775	0.01141	0.01348	0.00646	0.01711	0.00998	0.02555	0.00810	0.00944	0.00635	0.00538	0.00360	0.00177	0.00457	0.00315	0.00355	0.00635
9	0.00700	0.00588	0.00609	0.00618	0.00804	0.00497	0.00465	0.00852	0.01324	0.01590	0.07295	0.08833	0.68554	0.01486	0.00693	0.00200	0.00304	0.03554	0.00542	0.00493
10	0.01555	0.79913	0.03047	0.00995	0.01493	0.02301	0.00995	0.01741	0.01182	0.01368	0.00808	0.00933	0.00746	0.00498	0.00373	0.00124	0.00622	0.00311	0.00249	0.00746
11	0.01272	0.01272	0.01781	0.01527	0.01527	0.01781	0.01272	0.01399	0.00891	0.01399	0.00763	0.01272	0.00763	0.01018	0.01908	0.00254	0.78499	0.00509	0.00254	0.00636
12	0.01446	0.01249	0.01315	0.01183	0.01512	0.01446	0.00920	0.03090	0.74885	0.02433	0.02367	0.02170	0.01775	0.00789	0.00592	0.00197	0.00460	0.00657	0.00592	0.00920
13	0.09190	0.01618	0.01954	0.01485	0.01956	0.04580	0.13573	0.52531	0.02306	0.03177	0.01288	0.01373	0.00930	0.00645	0.00578	0.00178	0.00697	0.00528	0.00502	0.00910
14	0.00700	0.00541	0.00639	0.00717	0.00819	0.00480	0.00498	0.00820	0.01203	0.01521	0.04339	0.48107	0.34191	0.01674	0.00719	0.00219	0.00319	0.01473	0.00540	0.00480
15	0.00709	0.00506	0.00675	0.00810	0.00843	0.00472	0.00540	0.00810	0.01113	0.01484	0.03205	0.79184	0.03846	0.01822	0.00742	0.00236	0.00337	0.01653	0.00540	0.00472
16	0.83671	0.01125	0.00855	0.00765	0.01125	0.01305	0.00630	0.01709	0.00990	0.02609	0.00810	0.00945	0.00630	0.00540	0.00360	0.00180	0.00450	0.00315	0.00360	0.00630
17	0.01555	0.79913	0.03047	0.00995	0.01493	0.02301	0.00995	0.01741	0.01182	0.01368	0.00808	0.00933	0.00746	0.00498	0.00373	0.00124	0.00622	0.00311	0.00249	0.00746
18	0.01446	0.01249	0.01315	0.01183	0.01512	0.01446	0.00920	0.03090	0.74885	0.02433	0.02367	0.02170	0.01775	0.00789	0.00592	0.00197	0.00460	0.00657	0.00592	0.00920
19	0.00790	0.00604	0.00731	0.00729	0.00888	0.00545	0.00567	0.01016	0.01481	0.01961	0.38868	0.05140	0.31288	0.01357	0.00704	0.00201	0.00321	0.11699	0.00587	0.00525
20	0.01166	0.03008	0.76550	0.01657	0.02517	0.01351	0.02149	0.01842	0.01228	0.01842	0.01044	0.01228	0.00737	0.00552	0.00552	0.00184	0.00859	0.00430	0.00246	0.00859
21	0.01446	0.01522	0.09243	0.03322	0.67051	0.01364	0.01793	0.01819	0.01324	0.03940	0.01122	0.01434	0.00918	0.00527	0.00574	0.00174	0.00701	0.00512	0.00296	0.00917
22	0.00687	0.00589	0.00589	0.00589	0.00785	0.00491	0.00442	0.00835	0.01325	0.01571	0.05891	0.05596	0.75700	0.01473	0.00687	0.00196	0.00295	0.01227	0.00540	0.00491
23	0.02609	0.00990	0.01350	0.01035	0.01484	0.00855	0.00855	0.02834	0.01664	0.76338	0.02294	0.01979	0.01439	0.00720	0.00585	0.00180	0.00495	0.00585	0.00720	0.00990
24	0.01010	0.00505	0.00758	0.00758	0.00758	0.00505	0.00505	0.00758	0.00758	0.01010	0.01010	0.01768	0.01010	0.02020	0.02273	0.83081	0.00505	0.00505	0.00253	0.00253
25	0.01373	0.01569	0.03431	0.02451	0.03039	0.01471	0.73824	0.01863	0.01373	0.01863	0.01176	0.01569	0.00882	0.00490	0.00686	0.00196	0.00980	0.00686	0.00294	0.00784
26	0.01439	0.01382	0.02360	0.03569	0.75936	0.01382	0.01785	0.01785	0.01324	0.01900	0.01094	0.01439	0.00921	0.00518	0.00576	0.00173	0.00691	0.00518	0.00288	0.00921
27	0.80257	0.01119	0.00876	0.00776	0.01140	0.01286	0.00639	0.01757	0.01018	0.05714	0.00872	0.00988	0.00664	0.00547	0.00369	0.00180	0.00452	0.00326	0.00375	0.00645
28	0.83671	0.01125	0.00855	0.00765	0.01125	0.01305	0.00630	0.01709	0.00990	0.02609	0.00810	0.00945	0.00630	0.00540	0.00360	0.00180	0.00450	0.00315	0.00360	0.00630
29	0.00687	0.00589	0.00589	0.00589	0.00785	0.00491	0.00442	0.00835	0.01325	0.01571	0.05891	0.05596	0.75700	0.01473	0.00687	0.00196	0.00295	0.01227	0.00540	0.00491
30	0.00846	0.00564	0.00634	0.00634	0.00634	0.00564	0.00352	0.00846	0.00846	0.01128	0.01832	0.03805	0.02114	0.79563	0.02960	0.00564	0.00564	0.00846	0.00352	0.00352
31	0.01439	0.01382	0.02360	0.03569	0.75936	0.01382	0.01785	0.01785	0.01324	0.01900	0.01094	0.01439	0.00921	0.00518	0.00576	0.00173	0.00691	0.00518	0.00288	0.00921
32	0.01242	0.01107	0.01641	0.12613	0.01985	0.01085	0.12627	0.05023	0.03060	0.01885	0.01264	0.05352	0.01075	0.00628	0.00653	0.00154	0.07623	0.00538	0.07313	0.33130
33	0.76100	0.01211	0.03879	0.00824	0.01208	0.01312	0.00709	0.03961	0.01068	0.04260	0.00870	0.00993	0.00663	0.00549	0.00379	0.00180	0.00473	0.00332	0.00370	0.00658
34	0.00814	0.00594	0.00765	0.00723	0.00863	0.00545	0.00542	0.01081	0.01626	0.02284	0.71209	0.04423	0.09937	0.01207	0.00686	0.00184	0.00276	0.01063	0.00634	0.00545
35	0.01206	0.01034	0.01206	0.00861	0.01378	0.00775	0.00689	0.01464	0.01206	0.01895	0.01034	0.01206	0.00861	0.00431	0.00431	0.00086	0.00431	0.00345	0.00345	0.83118
36	0.05869	0.00995	0.01330	0.01024	0.01470	0.00873	0.00846	0.02789	0.01637	0.73373	0.02234	0.01938	0.01407	0.00713	0.00576	0.00180	0.00493	0.00574	0.00705	0.00975
37	0.00845	0.00567	0.00650	0.00650	0.00656	0.00572	0.00372	0.00856	0.00850	0.01139	0.01818	0.03725	0.02079	0.75580	0.06895	0.00583	0.00616	0.00834	0.00350	0.00361
38	0.01446	0.01249	0.01315	0.01183	0.01512	0.01446	0.00920	0.03090	0.74885	0.02433	0.02367	0.02170	0.01775	0.00789	0.00592	0.00197	0.00460	0.00657	0.00592	0.00920
39	0.00823	0.00594	0.00777	0.00732	0.00869	0.00549	0.00549	0.01097	0.01646	0.02332	0.75629	0.04344	0.05487	0.01189	0.00686	0.00183	0.00274	0.01052	0.00640	0.00549
40	0.01011	0.00827	0.01195	0.07604	0.10214	0.00815	0.03232	0.06064	0.01273	0.01748	0.03723	0.42685	0.02569	0.01398	0.04023	0.00233	0.00519	0.01122	0.00453	0.09292
41	0.01373	0.01569	0.03431	0.02451	0.03039	0.01471	0.73824	0.01863	0.01373	0.01863	0.01176	0.01569	0.00882	0.00490	0.00686	0.00196	0.00980	0.00686	0.00294	0.00784
42	0.01172	0.00998	0.01170	0.00858	0.01342	0.00755	0.00679	0.01420	0.01200	0.01867	0.01181	0.06481	0.01063	0.00525	0.00452	0.00096	0.00424	0.00433	0.00358	0.77527
43	0.01372	0.39417	0.35237	0.01355	0.02008	0.01811	0.04564	0.01850	0.04447	0.01643	0.00996	0.01143	0.00793	0.00534	0.00475	0.00157	0.00734	0.00394	0.00264	0.00805
44	0.61513	0.05278	0.07963	0.05928	0.01531	0.01381	0.02760	0.04470	0.01108	0.02426	0.00877	0.01042	0.00675	0.00546	0.00409	0.00179	0.00538	0.00356	0.00344	0.00675
45	0.01432	0.01051	0.01246	0.00903	0.01409	0.00826	0.00727	0.04507	0.01327	0.11833	0.01215	0.01316	0.00943	0.00480	0.00457	0.00102	0.00447	0.00383	0.00404	0.68991
46	0.00760	0.00543	0.00734	0.00869	0.00925	0.00517	0.00629	0.00899	0.01164	0.01542	0.03177	0.62823	0.03734	0.01773	0.00756	0.00243	0.00382	0.17505	0.00539	0.00487
47	0.02165	0.04029	0.11412	0.01209	0.03787	0.00986	0.03201	0.02463	0.01552	0.52786	0.05642	0.01903	0.01471	0.00689	0.00575	0.00175	0.00554	0.00570	0.00596	0.04237
48	0.00854	0.00627	0.00804	0.00754	0.00901	0.00594	0.00567	0.01197	0.05325	0.02337	0.71948	0.04235	0.05301	0.01169	0.00681	0.00184	0.00284	0.01032	0.00638	0.00567
49	0.00709	0.00506	0.00675	0.00810	0.00843	0.00472	0.00540	0.00810	0.01113	0.01484	0.03205	0.79184	0.03846	0.01822	0.00742	0.00236	0.00337	0.01653	0.00540	0.00472
50	0.01241	0.01165	0.01994	0.51168	0.16838	0.01330	0.08645	0.05200	0.01281	0.01695	0.01076	0.01530	0.00829	0.00606	0.00637	0.02467	0.00766	0.00534	0.00283	0.00716
51	0.01469	0.48319	0.23154	0.01365	0.05120	0.01942	0.04225	0.05405	0.01286	0.01656	0.00930	0.01084	0.00769	0.00523	0.00454	0.00148	0.00705	0.00378	0.00268	0.00799
52	0.01098	0.01015	0.01698	0.75204	0.03878	0.01263	0.01569	0.01481	0.01165	0.01512	0.01067	0.01574	0.00802	0.00585	0.00575	0.00192	0.00756	0.00518	0.03407	0.00642
53	0.02609	0.00990	0.01350	0.01035	0.01484	0.00855	0.00855	0.02834	0.01664	0.76338	0.02294	0.01979	0.01439	0.00720	0.00585	0.00180	0.00495	0.00585	0.00720	0.00990
54	0.01393	0.01670	0.11622	0.11538	0.05917	0.01461	0.47176	0.08280	0.01450	0.01977	0.01160	0.01506	0.00863	0.00528	0.00644	0.00192	0.00899	0.00614	0.00310	0.00800
55	0.01305	0.01945	0.24819	0.02205	0.07079	0.01410	0.44573	0.01826	0.01311	0.01857	0.01144	0.01471	0.00857	0.00528	0.00660	0.00191	0.02697	0.00592	0.02726	0.00804
56	0.00744	0.00606	0.00648	0.00665	0.00844	0.00532	0.00507	0.00942	0.03121	0.01639	0.07285	0.10465	0.58574	0.01463	0.00692	0.00204	0.00322	0.07569	0.02671	0.00507

[dist]
# distance from previous block
# <min> <max>
11	24

[block]
# block no. 2 follows, 40 sequences, length 9
# corresponding to MSA columns:
# 461-469
name=unknown_C
#
# <colnr> <probs for GDERKNQSTAVLIFYWHMCP>
#	G	D	E	R	K	N	Q	S	T	A	V	L	I	F	Y	W	H	M	C	P
0	0.10041	0.01069	0.01271	0.06269	0.01552	0.01014	0.03408	0.13957	0.01487	0.02234	0.07259	0.06634	0.06483	0.00717	0.00525	0.00147	0.00485	0.00592	0.00428	0.34428
1	0.01205	0.01005	0.01290	0.01201	0.07012	0.00991	0.00863	0.03554	0.06231	0.04033	0.04630	0.17075	0.01721	0.00882	0.00772	0.00167	0.12969	0.00709	0.00412	0.33279
2	0.00799	0.00595	0.00757	0.00805	0.00913	0.00528	0.00549	0.00918	0.01108	0.01523	0.02751	0.60889	0.03234	0.07556	0.00862	0.00237	0.00370	0.01381	0.00494	0.13731
3	0.01366	0.01240	0.04682	0.03603	0.06767	0.01271	0.09918	0.07032	0.29969	0.05016	0.02051	0.15311	0.01808	0.00917	0.00699	0.00204	0.04642	0.02217	0.00488	0.00801
4	0.00769	0.00512	0.00653	0.00767	0.00817	0.00484	0.00518	0.00897	0.01130	0.01594	0.02995	0.66819	0.03468	0.01638	0.00688	0.00220	0.00327	0.01475	0.13745	0.00484
5	0.69381	0.01451	0.13965	0.00919	0.01366	0.01313	0.00893	0.01732	0.01031	0.02476	0.00850	0.00994	0.00648	0.00542	0.00393	0.00181	0.00521	0.00335	0.00340	0.00670
6	0.00705	0.00520	0.00660	0.00772	0.00833	0.00476	0.00523	0.00814	0.01150	0.01499	0.03670	0.66438	0.16291	0.01761	0.00733	0.00229	0.00330	0.01579	0.00540	0.00476
7	0.01789	0.05015	0.22628	0.01332	0.06740	0.01045	0.01240	0.02155	0.01494	0.35050	0.13567	0.02064	0.01825	0.00724	0.00582	0.00179	0.00581	0.00599	0.00523	0.00867
8	0.56484	0.01293	0.01152	0.00956	0.01351	0.01471	0.00788	0.25835	0.01572	0.02961	0.01005	0.01095	0.00750	0.00593	0.00434	0.00178	0.00513	0.00385	0.00434	0.00750

[dist]
# distance from previous block
# <min> <max>
0	296

# created by:
# /software/SequenceAnalysis/GenePrediction/augustus/3.0.1/scripts/msa2prfl.pl ./fixed/BUSCOvEOG7MSFC1.fas
