[name]
unknown

[dist]
# distance from previous block
# <min> <max>
0	131

[block]
# block no. 0 follows, 40 sequences, length 32
# corresponding to MSA columns:
# 131-162
name=unknown_A
#
# <colnr> <probs for GDERKNQSTAVLIFYWHMCP>
#	G	D	E	R	K	N	Q	S	T	A	V	L	I	F	Y	W	H	M	C	P
0	0.01271	0.00865	0.01113	0.01142	0.03608	0.00876	0.00932	0.11498	0.04207	0.08521	0.04505	0.05005	0.08337	0.01321	0.00727	0.00234	0.00524	0.44095	0.00555	0.00661
1	0.00961	0.00701	0.00917	0.00993	0.01148	0.00695	0.00841	0.05337	0.01424	0.01854	0.07872	0.10175	0.11944	0.01524	0.00766	0.00247	0.00485	0.51017	0.00545	0.00554
2	0.01309	0.02031	0.27467	0.02265	0.07814	0.01425	0.45302	0.01850	0.01322	0.01858	0.01127	0.01447	0.00837	0.00513	0.00635	0.00191	0.00921	0.00590	0.00278	0.00818
3	0.83671	0.01125	0.00855	0.00765	0.01125	0.01305	0.00630	0.01709	0.00990	0.02609	0.00810	0.00945	0.00630	0.00540	0.00360	0.00180	0.00450	0.00315	0.00360	0.00630
4	0.00825	0.00601	0.00672	0.00670	0.00848	0.00517	0.00496	0.00984	0.01349	0.06225	0.13490	0.17324	0.51023	0.01450	0.00690	0.00200	0.00311	0.01237	0.00563	0.00525
5	0.00922	0.00617	0.00804	0.00745	0.00902	0.00565	0.00563	0.01189	0.01637	0.06584	0.69188	0.04247	0.07472	0.01171	0.00680	0.00183	0.00288	0.01030	0.00642	0.00572
6	0.00720	0.00610	0.00626	0.00629	0.00826	0.00525	0.00479	0.00912	0.03240	0.01602	0.05657	0.05556	0.70115	0.01462	0.00691	0.00200	0.00311	0.04794	0.00541	0.00504
7	0.02597	0.01010	0.01362	0.01044	0.01494	0.00884	0.00862	0.05047	0.01698	0.74078	0.02266	0.01961	0.01425	0.00719	0.00585	0.00180	0.00499	0.00583	0.00715	0.00990
8	0.00915	0.00662	0.00907	0.01029	0.01168	0.00654	0.00894	0.01172	0.01338	0.01725	0.03325	0.06475	0.09684	0.01595	0.00793	0.00261	0.00514	0.65821	0.00536	0.00532
9	0.06249	0.01268	0.01318	0.01170	0.01510	0.01462	0.00916	0.07822	0.65719	0.02526	0.02211	0.02046	0.01656	0.00768	0.00578	0.00195	0.00472	0.00629	0.00578	0.00908
10	0.01352	0.01186	0.01404	0.18531	0.02066	0.01366	0.01061	0.02618	0.53251	0.02182	0.01976	0.01965	0.01488	0.00718	0.00578	0.00189	0.00529	0.00604	0.00500	0.06437
11	0.00845	0.00628	0.00790	0.00744	0.00895	0.00590	0.00560	0.01180	0.05395	0.02278	0.66459	0.04329	0.10727	0.01190	0.00681	0.00185	0.00285	0.01045	0.00630	0.00563
12	0.01415	0.01214	0.01292	0.01177	0.01493	0.01399	0.00921	0.02975	0.70382	0.02390	0.02410	0.02438	0.01871	0.00839	0.00605	0.00202	0.00465	0.05027	0.00588	0.00897
13	0.01436	0.01391	0.02416	0.03512	0.72179	0.01386	0.05497	0.01789	0.01327	0.01898	0.01098	0.01446	0.00919	0.00517	0.00581	0.00174	0.00706	0.00527	0.00288	0.00914
14	0.00831	0.00623	0.00935	0.00935	0.01038	0.00727	0.00727	0.01038	0.00935	0.01350	0.01558	0.02285	0.01454	0.04361	0.77259	0.00935	0.01558	0.00623	0.00312	0.00519
15	0.01446	0.01249	0.01315	0.01183	0.01512	0.01446	0.00920	0.03090	0.74885	0.02433	0.02367	0.02170	0.01775	0.00789	0.00592	0.00197	0.00460	0.00657	0.00592	0.00920
16	0.01373	0.01569	0.03431	0.02451	0.03039	0.01471	0.73824	0.01863	0.01373	0.01863	0.01176	0.01569	0.00882	0.00490	0.00686	0.00196	0.00980	0.00686	0.00294	0.00784
17	0.83671	0.01125	0.00855	0.00765	0.01125	0.01305	0.00630	0.01709	0.00990	0.02609	0.00810	0.00945	0.00630	0.00540	0.00360	0.00180	0.00450	0.00315	0.00360	0.00630
18	0.02609	0.00990	0.01350	0.01035	0.01484	0.00855	0.00855	0.02834	0.01664	0.76338	0.02294	0.01979	0.01439	0.00720	0.00585	0.00180	0.00495	0.00585	0.00720	0.00990
19	0.01098	0.01034	0.01744	0.78165	0.04005	0.01292	0.01615	0.01486	0.01163	0.01486	0.01034	0.01550	0.00775	0.00581	0.00581	0.00194	0.00775	0.00517	0.00258	0.00646
20	0.00846	0.00564	0.00634	0.00634	0.00634	0.00564	0.00352	0.00846	0.00846	0.01128	0.01832	0.03805	0.02114	0.79563	0.02960	0.00564	0.00564	0.00846	0.00352	0.00352
21	0.00709	0.00506	0.00675	0.00810	0.00843	0.00472	0.00540	0.00810	0.01113	0.01484	0.03205	0.79184	0.03846	0.01822	0.00742	0.00236	0.00337	0.01653	0.00540	0.00472
22	0.01084	0.00542	0.00542	0.00542	0.00678	0.00542	0.00407	0.01355	0.01220	0.02168	0.01897	0.02168	0.01491	0.00678	0.00407	0.00136	0.00271	0.00542	0.82791	0.00542
23	0.02380	0.01767	0.01878	0.01527	0.01972	0.01867	0.01199	0.58573	0.10744	0.03696	0.05390	0.02141	0.01645	0.00979	0.00749	0.00248	0.00724	0.00684	0.00701	0.01137
24	0.06269	0.59866	0.14162	0.01108	0.01643	0.05656	0.01157	0.01782	0.01200	0.01515	0.00849	0.00984	0.00738	0.00513	0.00407	0.00138	0.00669	0.00332	0.00257	0.00754
25	0.03478	0.16113	0.52827	0.01601	0.07200	0.01476	0.01801	0.01779	0.01241	0.01809	0.04773	0.01341	0.00988	0.00572	0.00524	0.00173	0.00766	0.00443	0.00272	0.00822
26	0.02118	0.12518	0.05173	0.01109	0.01547	0.06373	0.00961	0.06147	0.10449	0.41017	0.05276	0.01834	0.01465	0.00701	0.00554	0.00172	0.00561	0.00551	0.00575	0.00899
27	0.01084	0.00542	0.00542	0.00542	0.00678	0.00542	0.00407	0.01355	0.01220	0.02168	0.01897	0.02168	0.01491	0.00678	0.00407	0.00136	0.00271	0.00542	0.82791	0.00542
28	0.01206	0.01034	0.01206	0.00861	0.01378	0.00775	0.00689	0.01464	0.01206	0.01895	0.01034	0.01206	0.00861	0.00431	0.00431	0.00086	0.00431	0.00345	0.00345	0.83118
29	0.05891	0.00565	0.00651	0.00714	0.00778	0.00559	0.00474	0.00973	0.01057	0.01587	0.02474	0.41364	0.02784	0.21179	0.01218	0.00297	0.00389	0.01165	0.15415	0.00464
30	0.02211	0.01629	0.01745	0.01338	0.01803	0.01803	0.01105	0.73997	0.02734	0.03665	0.01396	0.01396	0.00989	0.00698	0.00582	0.00175	0.00640	0.00524	0.00582	0.00989
31	0.01374	0.01655	0.16122	0.05210	0.37447	0.01393	0.05781	0.02104	0.19019	0.02000	0.01394	0.01587	0.01085	0.00590	0.00582	0.00183	0.00687	0.00545	0.00352	0.00892

[dist]
# distance from previous block
# <min> <max>
0	1

[block]
# block no. 1 follows, 40 sequences, length 22
# corresponding to MSA columns:
# 164-185
name=unknown_B
#
# <colnr> <probs for GDERKNQSTAVLIFYWHMCP>
#	G	D	E	R	K	N	Q	S	T	A	V	L	I	F	Y	W	H	M	C	P
0	0.82876	0.01169	0.00902	0.00811	0.01173	0.01337	0.00659	0.01751	0.01032	0.02659	0.00877	0.01038	0.00694	0.00584	0.00390	0.00192	0.00472	0.00338	0.00382	0.00664
1	0.00913	0.00620	0.00714	0.00711	0.00728	0.00620	0.00421	0.00915	0.00898	0.01215	0.01862	0.03720	0.02098	0.71436	0.10222	0.00608	0.00682	0.00841	0.00370	0.00405
2	0.01406	0.01542	0.04919	0.07505	0.02784	0.01522	0.49931	0.01938	0.08515	0.01892	0.01292	0.01667	0.01005	0.00637	0.00845	0.00215	0.10585	0.00661	0.00337	0.00804
3	0.00998	0.00813	0.01152	0.01092	0.01172	0.00990	0.00854	0.01156	0.00963	0.01411	0.01457	0.02229	0.01395	0.08104	0.55311	0.00765	0.18611	0.00630	0.00324	0.00570
4	0.00765	0.00639	0.00651	0.00645	0.00843	0.00536	0.00479	0.00901	0.01384	0.01677	0.10039	0.05567	0.70820	0.01490	0.00714	0.00207	0.00318	0.01230	0.00566	0.00530
5	0.01164	0.01079	0.01783	0.77405	0.04024	0.01325	0.01634	0.01530	0.01204	0.01548	0.01099	0.01637	0.00838	0.00625	0.00609	0.00206	0.00794	0.00537	0.00281	0.00680
6	0.00892	0.00644	0.00826	0.00778	0.00920	0.00589	0.00578	0.01146	0.01682	0.02385	0.74917	0.04402	0.05501	0.01226	0.00712	0.00195	0.00299	0.01067	0.00659	0.00583
7	0.01336	0.01315	0.01819	0.01565	0.01571	0.01809	0.01294	0.01445	0.00934	0.01462	0.00831	0.01362	0.00826	0.01057	0.01922	0.00266	0.77708	0.00530	0.00277	0.00670
8	0.01180	0.00788	0.01031	0.08421	0.01354	0.00774	0.00751	0.01552	0.07985	0.10998	0.50341	0.06023	0.04189	0.01096	0.00684	0.00198	0.00392	0.00944	0.00624	0.00675
9	0.01271	0.01079	0.01250	0.00906	0.01424	0.00814	0.00717	0.01509	0.01246	0.01952	0.01099	0.01296	0.00923	0.00476	0.00460	0.00099	0.00454	0.00367	0.00367	0.82292
10	0.83671	0.01125	0.00855	0.00765	0.01125	0.01305	0.00630	0.01709	0.00990	0.02609	0.00810	0.00945	0.00630	0.00540	0.00360	0.00180	0.00450	0.00315	0.00360	0.00630
11	0.02609	0.00990	0.01350	0.01035	0.01484	0.00855	0.00855	0.02834	0.01664	0.76338	0.02294	0.01979	0.01439	0.00720	0.00585	0.00180	0.00495	0.00585	0.00720	0.00990
12	0.01401	0.01210	0.01272	0.01148	0.01469	0.01389	0.00892	0.02956	0.70501	0.02381	0.02577	0.02374	0.06181	0.00830	0.00597	0.00197	0.00450	0.00691	0.00589	0.00895
13	0.01166	0.03008	0.76550	0.01657	0.02517	0.01351	0.02149	0.01842	0.01228	0.01842	0.01044	0.01228	0.00737	0.00552	0.00552	0.00184	0.00859	0.00430	0.00246	0.00859
14	0.02250	0.01566	0.01707	0.01308	0.01772	0.01711	0.01081	0.67044	0.02630	0.10765	0.01484	0.01453	0.01033	0.00700	0.00582	0.00175	0.00626	0.00530	0.00595	0.00989
15	0.02562	0.01000	0.01348	0.01041	0.01486	0.00879	0.00857	0.02844	0.04641	0.73334	0.02297	0.01987	0.01453	0.00723	0.00585	0.00181	0.00493	0.00588	0.00715	0.00987
16	0.01446	0.01249	0.01315	0.01183	0.01512	0.01446	0.00920	0.03090	0.74885	0.02433	0.02367	0.02170	0.01775	0.00789	0.00592	0.00197	0.00460	0.00657	0.00592	0.00920
17	0.00782	0.00593	0.00721	0.00689	0.00844	0.00531	0.00517	0.01019	0.01550	0.02104	0.54753	0.04719	0.26505	0.01274	0.00686	0.00187	0.00280	0.01104	0.00610	0.00531
18	0.01098	0.01034	0.01744	0.78165	0.04005	0.01292	0.01615	0.01486	0.01163	0.01486	0.01034	0.01550	0.00775	0.00581	0.00581	0.00194	0.00775	0.00517	0.00258	0.00646
19	0.02040	0.02543	0.01645	0.08977	0.02002	0.66910	0.01164	0.02270	0.04403	0.01468	0.00968	0.01141	0.00791	0.00605	0.00532	0.00156	0.00999	0.00399	0.00307	0.00681
20	0.01584	0.76273	0.02981	0.01019	0.01507	0.05836	0.01001	0.01769	0.01204	0.01371	0.00813	0.00938	0.00746	0.00502	0.00380	0.00126	0.00642	0.00314	0.00251	0.00743
21	0.00846	0.00564	0.00634	0.00634	0.00634	0.00564	0.00352	0.00846	0.00846	0.01128	0.01832	0.03805	0.02114	0.79563	0.02960	0.00564	0.00564	0.00846	0.00352	0.00352

[dist]
# distance from previous block
# <min> <max>
0	1

[block]
# block no. 2 follows, 40 sequences, length 18
# corresponding to MSA columns:
# 187-204
name=unknown_C
#
# <colnr> <probs for GDERKNQSTAVLIFYWHMCP>
#	G	D	E	R	K	N	Q	S	T	A	V	L	I	F	Y	W	H	M	C	P
0	0.01084	0.00542	0.00542	0.00542	0.00678	0.00542	0.00407	0.01355	0.01220	0.02168	0.01897	0.02168	0.01491	0.00678	0.00407	0.00136	0.00271	0.00542	0.82791	0.00542
1	0.03955	0.10126	0.01604	0.03104	0.05977	0.34129	0.01024	0.05509	0.04831	0.01653	0.01436	0.09228	0.01394	0.05418	0.00730	0.00198	0.02537	0.06111	0.00365	0.00672
2	0.00717	0.00525	0.00674	0.00775	0.00839	0.00482	0.00529	0.00840	0.01191	0.01576	0.10486	0.62912	0.12881	0.01718	0.00730	0.00226	0.00326	0.01543	0.00549	0.00482
3	0.01084	0.00542	0.00542	0.00542	0.00678	0.00542	0.00407	0.01355	0.01220	0.02168	0.01897	0.02168	0.01491	0.00678	0.00407	0.00136	0.00271	0.00542	0.82791	0.00542
4	0.10024	0.01295	0.01444	0.01137	0.01552	0.01364	0.00926	0.36131	0.06575	0.26087	0.01706	0.01724	0.01210	0.05307	0.00701	0.00201	0.00561	0.00550	0.00591	0.00913
5	0.02249	0.01568	0.01707	0.01309	0.01773	0.01712	0.01081	0.67169	0.02632	0.10638	0.01482	0.01452	0.01032	0.00700	0.00582	0.00175	0.00626	0.00529	0.00595	0.00989
6	0.01740	0.01372	0.01645	0.01241	0.01712	0.01373	0.06582	0.40860	0.02044	0.02834	0.01349	0.05199	0.01080	0.00649	0.00548	0.00150	0.00582	0.00533	0.00479	0.28026
7	0.00709	0.00506	0.00675	0.00810	0.00843	0.00472	0.00540	0.00810	0.01113	0.01484	0.03205	0.79184	0.03846	0.01822	0.00742	0.00236	0.00337	0.01653	0.00540	0.00472
8	0.01358	0.01448	0.02893	0.11683	0.19404	0.01428	0.45725	0.01857	0.04715	0.01852	0.01196	0.01565	0.00919	0.00521	0.00645	0.00191	0.00867	0.00627	0.00302	0.00805
9	0.01166	0.03008	0.76550	0.01657	0.02517	0.01351	0.02149	0.01842	0.01228	0.01842	0.01044	0.01228	0.00737	0.00552	0.00552	0.00184	0.00859	0.00430	0.00246	0.00859
10	0.01555	0.79913	0.03047	0.00995	0.01493	0.02301	0.00995	0.01741	0.01182	0.01368	0.00808	0.00933	0.00746	0.00498	0.00373	0.00124	0.00622	0.00311	0.00249	0.00746
11	0.00993	0.00863	0.01378	0.48265	0.02826	0.01010	0.01244	0.01320	0.01265	0.01667	0.15042	0.10052	0.02207	0.00922	0.00640	0.00204	0.00616	0.08499	0.00385	0.00600
12	0.01439	0.01382	0.02360	0.03569	0.75936	0.01382	0.01785	0.01785	0.01324	0.01900	0.01094	0.01439	0.00921	0.00518	0.00576	0.00173	0.00691	0.00518	0.00288	0.00921
13	0.00924	0.00631	0.00722	0.00698	0.00733	0.00649	0.00425	0.05138	0.00963	0.01293	0.01786	0.03549	0.01998	0.69236	0.08467	0.00569	0.00644	0.00810	0.00363	0.00402
14	0.01098	0.01034	0.01744	0.78165	0.04005	0.01292	0.01615	0.01486	0.01163	0.01486	0.01034	0.01550	0.00775	0.00581	0.00581	0.00194	0.00775	0.00517	0.00258	0.00646
15	0.00823	0.00594	0.00777	0.00732	0.00869	0.00549	0.00549	0.01097	0.01646	0.02332	0.75629	0.04344	0.05487	0.01189	0.00686	0.00183	0.00274	0.01052	0.00640	0.00549
16	0.00709	0.00506	0.00675	0.00810	0.00843	0.00472	0.00540	0.00810	0.01113	0.01484	0.03205	0.79184	0.03846	0.01822	0.00742	0.00236	0.00337	0.01653	0.00540	0.00472
17	0.83671	0.01125	0.00855	0.00765	0.01125	0.01305	0.00630	0.01709	0.00990	0.02609	0.00810	0.00945	0.00630	0.00540	0.00360	0.00180	0.00450	0.00315	0.00360	0.00630

[dist]
# distance from previous block
# <min> <max>
0	3

[block]
# block no. 3 follows, 40 sequences, length 20
# corresponding to MSA columns:
# 208-227
name=unknown_D
#
# <colnr> <probs for GDERKNQSTAVLIFYWHMCP>
#	G	D	E	R	K	N	Q	S	T	A	V	L	I	F	Y	W	H	M	C	P
0	0.01467	0.62631	0.19565	0.01144	0.01723	0.02087	0.01254	0.01764	0.01192	0.01475	0.00861	0.00999	0.00744	0.00510	0.00413	0.00138	0.00675	0.00338	0.00248	0.00772
1	0.01440	0.01363	0.02210	0.03227	0.65258	0.01391	0.01661	0.01972	0.11878	0.01976	0.01276	0.01544	0.01044	0.00557	0.00578	0.00176	0.00658	0.00538	0.00331	0.00921
2	0.01373	0.01569	0.03431	0.02451	0.03039	0.01471	0.73824	0.01863	0.01373	0.01863	0.01176	0.01569	0.00882	0.00490	0.00686	0.00196	0.00980	0.00686	0.00294	0.00784
3	0.00713	0.00567	0.00640	0.00671	0.00814	0.00494	0.00485	0.00865	0.01312	0.01656	0.15143	0.26061	0.45468	0.01530	0.00702	0.00206	0.00304	0.01322	0.00554	0.00494
4	0.00896	0.00612	0.00794	0.00739	0.00892	0.00560	0.00557	0.01162	0.01633	0.05569	0.69290	0.04295	0.08426	0.01181	0.00681	0.00183	0.00285	0.01039	0.00639	0.00566
5	0.01222	0.14042	0.66004	0.01562	0.02370	0.01487	0.01983	0.01827	0.01221	0.01774	0.01010	0.01185	0.00738	0.00545	0.00527	0.00176	0.00825	0.00413	0.00246	0.00843
6	0.00723	0.00560	0.00662	0.00723	0.00843	0.00499	0.00523	0.00869	0.01264	0.01607	0.10242	0.36209	0.35512	0.01604	0.00717	0.00216	0.00326	0.05863	0.00548	0.00491
7	0.00690	0.00577	0.00601	0.00621	0.00794	0.00488	0.00456	0.00831	0.01295	0.01559	0.05506	0.16154	0.65391	0.01523	0.00695	0.00202	0.00301	0.01288	0.00540	0.00488
8	0.01589	0.17484	0.01801	0.01207	0.01514	0.01626	0.01014	0.04372	0.28748	0.11285	0.01588	0.01628	0.01231	0.00765	0.00862	0.00191	0.19501	0.00530	0.00449	0.02615
9	0.01680	0.01055	0.01235	0.01051	0.01370	0.01098	0.00829	0.14020	0.24074	0.21148	0.16748	0.08801	0.02468	0.00921	0.00619	0.00190	0.00451	0.00778	0.00628	0.00838
10	0.08697	0.01411	0.06418	0.12037	0.56549	0.01362	0.01683	0.01746	0.01270	0.01911	0.01059	0.01396	0.00867	0.00530	0.00556	0.00177	0.00689	0.00495	0.00288	0.00859
11	0.03999	0.00993	0.01298	0.01025	0.01430	0.00905	0.00843	0.08510	0.01725	0.58302	0.09719	0.02328	0.01873	0.00796	0.00599	0.00183	0.00485	0.03383	0.00686	0.00920
12	0.00723	0.00515	0.00682	0.00797	0.00837	0.00482	0.00533	0.00834	0.01146	0.01540	0.09036	0.70190	0.03913	0.04775	0.00823	0.00245	0.00341	0.01573	0.00541	0.00474
13	0.01341	0.20404	0.02283	0.08971	0.01990	0.01694	0.14753	0.03144	0.04416	0.01615	0.01194	0.01508	0.03638	0.00737	0.00989	0.00195	0.26537	0.00529	0.03357	0.00703
14	0.01980	0.00854	0.01127	0.00911	0.01262	0.00742	0.00735	0.02204	0.01612	0.50976	0.17313	0.02966	0.12894	0.00921	0.00619	0.00183	0.00422	0.00769	0.00678	0.00831
15	0.00805	0.00549	0.00655	0.00694	0.00707	0.00542	0.00418	0.00841	0.00926	0.01238	0.02223	0.25650	0.02598	0.54759	0.04517	0.00480	0.00527	0.01074	0.00406	0.00392
16	0.08113	0.01529	0.02821	0.09938	0.07328	0.05201	0.49242	0.05126	0.01393	0.01948	0.01123	0.01475	0.00852	0.00520	0.00630	0.00190	0.00887	0.00606	0.00309	0.00770
17	0.54910	0.01033	0.01020	0.14104	0.01604	0.01183	0.00799	0.01642	0.01136	0.05749	0.10700	0.01541	0.01327	0.00640	0.00451	0.00183	0.00485	0.00458	0.00395	0.00638
18	0.01113	0.06108	0.01452	0.04211	0.01376	0.01304	0.00991	0.02430	0.01024	0.01507	0.05693	0.01860	0.01333	0.03328	0.26047	0.00458	0.34642	0.00574	0.03951	0.00597
19	0.01898	0.07868	0.01929	0.01347	0.01822	0.01633	0.09213	0.48415	0.02211	0.03003	0.01300	0.01385	0.00962	0.00625	0.00552	0.00161	0.00637	0.00504	0.03721	0.10815

[dist]
# distance from previous block
# <min> <max>
1	3

[block]
# block no. 4 follows, 40 sequences, length 33
# corresponding to MSA columns:
# 231-263
name=unknown_E
#
# <colnr> <probs for GDERKNQSTAVLIFYWHMCP>
#	G	D	E	R	K	N	Q	S	T	A	V	L	I	F	Y	W	H	M	C	P
0	0.01515	0.01443	0.02767	0.13346	0.02873	0.01434	0.47148	0.11880	0.01545	0.06750	0.01293	0.02954	0.00969	0.00571	0.00651	0.00192	0.00861	0.00650	0.00360	0.00800
1	0.01383	0.01182	0.01453	0.03097	0.01580	0.01134	0.02608	0.13430	0.01411	0.02097	0.01054	0.01265	0.00865	0.00573	0.00700	0.00133	0.12882	0.00413	0.00366	0.52373
2	0.00908	0.00596	0.00673	0.00677	0.00725	0.00596	0.00427	0.03386	0.01018	0.01421	0.02138	0.10725	0.04684	0.53738	0.02180	0.00440	0.00497	0.03540	0.11209	0.00421
3	0.01129	0.01093	0.01932	0.69727	0.03898	0.01312	0.09663	0.01528	0.01186	0.01528	0.01050	0.01552	0.00787	0.00571	0.00593	0.00194	0.00798	0.00536	0.00262	0.00661
4	0.00820	0.00569	0.00688	0.00703	0.00734	0.00578	0.00442	0.00874	0.00914	0.01227	0.02130	0.12029	0.05675	0.54245	0.15408	0.00574	0.00697	0.00915	0.00375	0.00401
5	0.01380	0.01548	0.03312	0.02576	0.11164	0.01461	0.65794	0.01854	0.01367	0.01867	0.01167	0.01554	0.00887	0.00493	0.00674	0.00193	0.00948	0.00668	0.00293	0.00800
6	0.02049	0.01490	0.01591	0.01242	0.01664	0.01646	0.01019	0.62546	0.05979	0.03440	0.01498	0.01519	0.01082	0.00700	0.00563	0.00171	0.00590	0.00532	0.09745	0.00936
7	0.00762	0.00545	0.00723	0.00788	0.00849	0.00527	0.00543	0.00904	0.01187	0.01625	0.19323	0.45863	0.03774	0.09962	0.09486	0.00336	0.00482	0.01319	0.00518	0.00483
8	0.03083	0.01223	0.01316	0.01154	0.01501	0.01375	0.00907	0.06466	0.60295	0.10715	0.02358	0.02161	0.03243	0.00787	0.00588	0.00194	0.00469	0.00649	0.00600	0.00917
9	0.00742	0.00578	0.00674	0.00678	0.00826	0.00510	0.00498	0.00929	0.01412	0.01843	0.31688	0.16854	0.37843	0.01422	0.00696	0.00198	0.00294	0.01229	0.00578	0.00510
10	0.00846	0.00564	0.00634	0.00634	0.00634	0.00564	0.00352	0.00846	0.00846	0.01128	0.01832	0.03805	0.02114	0.79563	0.02960	0.00564	0.00564	0.00846	0.00352	0.00352
11	0.00721	0.00516	0.00686	0.00801	0.00846	0.00481	0.00541	0.00842	0.01173	0.01579	0.11277	0.70842	0.04029	0.01751	0.00736	0.00230	0.00330	0.01586	0.00551	0.00481
12	0.01098	0.01034	0.01744	0.78165	0.04005	0.01292	0.01615	0.01486	0.01163	0.01486	0.01034	0.01550	0.00775	0.00581	0.00581	0.00194	0.00775	0.00517	0.00258	0.00646
13	0.17479	0.62147	0.02605	0.00990	0.01449	0.02108	0.00947	0.01751	0.01161	0.01647	0.00848	0.01000	0.00762	0.00546	0.00428	0.00146	0.02630	0.00331	0.00284	0.00740
14	0.01351	0.02883	0.61654	0.01789	0.07413	0.10927	0.02003	0.01923	0.01311	0.01828	0.01068	0.01274	0.00789	0.00582	0.00567	0.00186	0.00883	0.00442	0.00269	0.00859
15	0.01272	0.01025	0.01094	0.01017	0.01236	0.06046	0.00751	0.18553	0.01574	0.02091	0.02368	0.45015	0.02595	0.01313	0.00665	0.00203	0.00484	0.01137	0.00521	0.11038
16	0.01066	0.00706	0.00841	0.00782	0.00965	0.00662	0.00587	0.06109	0.01557	0.05724	0.35735	0.13186	0.11837	0.01162	0.00645	0.00187	0.00339	0.00995	0.13712	0.03203
17	0.04382	0.02200	0.01568	0.01382	0.01685	0.50143	0.01060	0.06849	0.01674	0.11131	0.06191	0.01478	0.01207	0.00712	0.00648	0.00172	0.05893	0.00477	0.00406	0.00742
18	0.01600	0.01345	0.04353	0.06166	0.43429	0.01317	0.01466	0.13249	0.01513	0.07118	0.01247	0.01562	0.01002	0.00780	0.00807	0.10622	0.00668	0.00531	0.00370	0.00856
19	0.01000	0.00699	0.00960	0.01064	0.01208	0.00693	0.00912	0.01246	0.01348	0.03524	0.04451	0.06108	0.05675	0.01779	0.05979	0.00313	0.00604	0.61333	0.00539	0.00565
20	0.01744	0.01976	0.04475	0.09220	0.20046	0.33873	0.01327	0.05457	0.07132	0.01841	0.06194	0.01577	0.01240	0.00661	0.00579	0.00175	0.00822	0.00513	0.00363	0.00783
21	0.00819	0.00668	0.00781	0.10414	0.01232	0.00625	0.00628	0.00996	0.01314	0.01652	0.06238	0.09851	0.52567	0.01348	0.00678	0.00203	0.00377	0.02991	0.06083	0.00536
22	0.67253	0.01177	0.01133	0.06381	0.10769	0.01333	0.00859	0.01729	0.01069	0.02474	0.00901	0.01104	0.00715	0.00566	0.00420	0.00187	0.00516	0.00368	0.00357	0.00688
23	0.02066	0.02229	0.01726	0.10848	0.02095	0.50106	0.03885	0.05751	0.01631	0.09943	0.01141	0.01312	0.00884	0.00650	0.00607	0.00172	0.03388	0.00452	0.00367	0.00744
24	0.03759	0.01973	0.36930	0.10113	0.05610	0.01308	0.01631	0.01587	0.01158	0.01725	0.01311	0.10881	0.01195	0.00958	0.03689	0.00238	0.14253	0.00623	0.00306	0.00751
25	0.00872	0.00653	0.00963	0.00961	0.01068	0.00750	0.00744	0.01068	0.00961	0.01388	0.01594	0.02332	0.01487	0.04364	0.76795	0.00937	0.01564	0.00635	0.00325	0.00540
26	0.04216	0.01336	0.03483	0.24285	0.39196	0.01395	0.01584	0.10784	0.01466	0.02051	0.01305	0.01638	0.03433	0.00619	0.00591	0.00187	0.00702	0.00546	0.00340	0.00844
27	0.00795	0.00622	0.00711	0.00687	0.00857	0.00544	0.00512	0.00993	0.01504	0.01977	0.39727	0.05016	0.41211	0.01355	0.00702	0.00197	0.00299	0.01150	0.00601	0.00540
28	0.00791	0.00622	0.00710	0.00730	0.00892	0.00548	0.00554	0.00963	0.01395	0.01776	0.19594	0.12794	0.44610	0.01486	0.00723	0.00214	0.00340	0.10156	0.00572	0.00528
29	0.72986	0.01134	0.00946	0.00826	0.01199	0.01268	0.00675	0.01876	0.01100	0.11923	0.01037	0.01131	0.00770	0.00589	0.00406	0.00187	0.00469	0.00363	0.00418	0.00695
30	0.00971	0.00669	0.00715	0.00674	0.00905	0.00562	0.00512	0.01117	0.01392	0.11023	0.05447	0.05168	0.65917	0.01398	0.00690	0.00201	0.00334	0.01154	0.00575	0.00575
31	0.01182	0.00994	0.01165	0.00882	0.01338	0.00760	0.00687	0.01409	0.01218	0.01878	0.01346	0.11080	0.01274	0.00633	0.00487	0.00113	0.00433	0.00523	0.00382	0.72215
32	0.01616	0.01096	0.01363	0.01376	0.10768	0.01134	0.00949	0.02462	0.33208	0.19309	0.15041	0.02575	0.04755	0.00856	0.00624	0.00195	0.00473	0.00722	0.00601	0.00876

[dist]
# distance from previous block
# <min> <max>
2	4

[block]
# block no. 5 follows, 40 sequences, length 10
# corresponding to MSA columns:
# 268-277
name=unknown_F
#
# <colnr> <probs for GDERKNQSTAVLIFYWHMCP>
#	G	D	E	R	K	N	Q	S	T	A	V	L	I	F	Y	W	H	M	C	P
0	0.13519	0.01373	0.13336	0.01109	0.01461	0.01208	0.00991	0.08109	0.26152	0.02162	0.01542	0.01717	0.01212	0.00995	0.00930	0.18691	0.00551	0.00529	0.03691	0.00723
1	0.01721	0.01367	0.01644	0.01540	0.13655	0.01357	0.01067	0.35240	0.01950	0.02729	0.01321	0.04257	0.01068	0.00641	0.00549	0.00153	0.00577	0.00514	0.00463	0.28188
2	0.08888	0.01504	0.02439	0.01874	0.02308	0.08359	0.39659	0.07574	0.01465	0.02022	0.01455	0.02286	0.01278	0.00743	0.00713	0.00208	0.03940	0.12169	0.00371	0.00745
3	0.01372	0.01017	0.01125	0.01017	0.01308	0.01070	0.00792	0.04429	0.37307	0.10200	0.06827	0.07053	0.16943	0.01038	0.00641	0.00202	0.00433	0.04138	0.00596	0.02491
4	0.01879	0.01528	0.13636	0.01363	0.05170	0.01307	0.01174	0.11754	0.27774	0.24999	0.01971	0.01863	0.01389	0.00724	0.00593	0.00191	0.00579	0.00583	0.00568	0.00954
5	0.00992	0.00601	0.00799	0.00787	0.00894	0.00556	0.00563	0.01070	0.01296	0.06834	0.30841	0.19499	0.08218	0.01544	0.01119	0.21968	0.00376	0.01022	0.00524	0.00496
6	0.01380	0.00827	0.00858	0.00751	0.00973	0.00873	0.00590	0.20430	0.01617	0.02561	0.01765	0.01965	0.01359	0.00683	0.00453	0.00146	0.00368	0.00537	0.61204	0.00659
7	0.00770	0.00598	0.00704	0.00694	0.00858	0.00532	0.00531	0.00986	0.01475	0.01937	0.37992	0.05093	0.37345	0.01352	0.00696	0.00196	0.00305	0.06829	0.00586	0.00521
8	0.01184	0.02727	0.64437	0.01636	0.02356	0.01420	0.02007	0.01770	0.01173	0.01770	0.00998	0.01235	0.00741	0.00628	0.00772	0.00196	0.13437	0.00443	0.00247	0.00823
9	0.02379	0.01076	0.01373	0.01069	0.01495	0.01009	0.00877	0.14253	0.04555	0.56767	0.07160	0.02053	0.01655	0.00751	0.00591	0.00180	0.00502	0.00609	0.00687	0.00957

[dist]
# distance from previous block
# <min> <max>
0	1

[block]
# block no. 6 follows, 40 sequences, length 6
# corresponding to MSA columns:
# 279-284
name=unknown_G
#
# <colnr> <probs for GDERKNQSTAVLIFYWHMCP>
#	G	D	E	R	K	N	Q	S	T	A	V	L	I	F	Y	W	H	M	C	P
0	0.07532	0.01735	0.01653	0.01315	0.01744	0.12166	0.01068	0.55978	0.05893	0.03227	0.01335	0.01355	0.00969	0.00678	0.00560	0.00173	0.00675	0.00496	0.00529	0.00919
1	0.00918	0.00728	0.00782	0.00718	0.00938	0.00677	0.00552	0.10606	0.01580	0.02009	0.19919	0.04776	0.51053	0.01310	0.00673	0.00191	0.00336	0.01097	0.00567	0.00569
2	0.01319	0.01232	0.01705	0.01404	0.01713	0.04975	0.16545	0.02092	0.27992	0.04113	0.02147	0.02274	0.09374	0.01285	0.10935	0.00298	0.08714	0.00690	0.00440	0.00752
3	0.01022	0.00812	0.01052	0.00897	0.01131	0.00727	0.05103	0.05183	0.01202	0.01690	0.05123	0.20474	0.04549	0.22935	0.01253	0.00274	0.00481	0.00880	0.00421	0.24790
4	0.01231	0.00651	0.00821	0.00764	0.00899	0.00678	0.00577	0.01378	0.01119	0.11598	0.01688	0.02149	0.01399	0.06410	0.12985	0.13506	0.04969	0.00572	0.36063	0.00545
5	0.01516	0.03824	0.11720	0.04432	0.04277	0.28661	0.01124	0.06475	0.07311	0.01749	0.02004	0.12158	0.10586	0.00879	0.00587	0.00179	0.00727	0.00699	0.00392	0.00699

[dist]
# distance from previous block
# <min> <max>
3	11

[block]
# block no. 7 follows, 40 sequences, length 52
# corresponding to MSA columns:
# 296-347
name=unknown_H
#
# <colnr> <probs for GDERKNQSTAVLIFYWHMCP>
#	G	D	E	R	K	N	Q	S	T	A	V	L	I	F	Y	W	H	M	C	P
0	0.19000	0.01508	0.01542	0.01213	0.01650	0.01685	0.00999	0.55931	0.05566	0.03392	0.01318	0.01337	0.00950	0.00669	0.00536	0.00177	0.00593	0.00486	0.00536	0.00912
1	0.06896	0.45933	0.04641	0.01214	0.05918	0.08098	0.01045	0.07524	0.01370	0.06186	0.00989	0.01097	0.00817	0.00536	0.00435	0.00140	0.00639	0.00367	0.00322	0.05835
2	0.08391	0.07184	0.01719	0.10747	0.04540	0.48110	0.01157	0.08379	0.01592	0.01733	0.00953	0.01138	0.00770	0.00592	0.00515	0.00159	0.00893	0.00401	0.00320	0.00708
3	0.00834	0.00559	0.00638	0.00649	0.00652	0.00556	0.00368	0.00843	0.00868	0.01157	0.01946	0.10065	0.02258	0.73107	0.02776	0.00537	0.00545	0.00913	0.00368	0.00362
4	0.01183	0.01162	0.02086	0.38363	0.08039	0.02921	0.21369	0.01519	0.01210	0.01580	0.01288	0.06387	0.02300	0.00757	0.00753	0.06714	0.00776	0.00641	0.00293	0.00659
5	0.01314	0.02688	0.10249	0.04206	0.07233	0.08417	0.00964	0.01695	0.05594	0.06592	0.01741	0.01969	0.04285	0.01094	0.09110	0.00248	0.01810	0.00551	0.29563	0.00679
6	0.00709	0.00506	0.00675	0.00810	0.00843	0.00472	0.00540	0.00810	0.01113	0.01484	0.03205	0.79184	0.03846	0.01822	0.00742	0.00236	0.00337	0.01653	0.00540	0.00472
7	0.01032	0.00790	0.01010	0.00994	0.01080	0.00877	0.00733	0.11151	0.01277	0.01740	0.02390	0.49222	0.02733	0.03284	0.01052	0.05184	0.13198	0.01221	0.00478	0.00556
8	0.01960	0.01611	0.06414	0.01785	0.16779	0.01626	0.01284	0.47308	0.06925	0.06333	0.01415	0.01470	0.01030	0.00660	0.00579	0.00176	0.00646	0.00528	0.00509	0.00963
9	0.06257	0.00725	0.00909	0.00881	0.01072	0.00689	0.00657	0.04452	0.01333	0.21521	0.02662	0.43646	0.02738	0.01330	0.00653	0.00210	0.00401	0.03593	0.05625	0.00646
10	0.01457	0.01233	0.01309	0.01166	0.01491	0.01414	0.00909	0.07503	0.65776	0.02505	0.06800	0.02254	0.01953	0.00808	0.00597	0.00195	0.00460	0.00673	0.00594	0.00902
11	0.02241	0.01404	0.01593	0.01242	0.01684	0.01487	0.01029	0.50954	0.02370	0.22714	0.01732	0.01853	0.01246	0.00757	0.00596	0.00181	0.00596	0.04742	0.00615	0.00962
12	0.18342	0.01451	0.01414	0.01135	0.01528	0.05513	0.00925	0.46515	0.02145	0.03149	0.02966	0.01435	0.01058	0.00670	0.00518	0.00170	0.00577	0.00488	0.09158	0.00844
13	0.02103	0.01545	0.01658	0.01283	0.01711	0.01706	0.01046	0.68243	0.02586	0.03465	0.01430	0.01586	0.01077	0.06901	0.00769	0.00205	0.00634	0.00549	0.00564	0.00939
14	0.01119	0.00762	0.00900	0.07948	0.01246	0.00700	0.00629	0.01394	0.01200	0.01981	0.01504	0.01779	0.01203	0.00710	0.03082	0.00151	0.00418	0.00474	0.43482	0.29319
15	0.01010	0.00505	0.00758	0.00758	0.00758	0.00505	0.00505	0.00758	0.00758	0.01010	0.01010	0.01768	0.01010	0.02020	0.02273	0.83081	0.00505	0.00505	0.00253	0.00253
16	0.01254	0.01191	0.02001	0.34312	0.41706	0.01292	0.01635	0.01605	0.01257	0.01709	0.01351	0.01730	0.05256	0.00600	0.00585	0.00183	0.00703	0.00559	0.00290	0.00782
17	0.00846	0.00564	0.00634	0.00634	0.00634	0.00564	0.00352	0.00846	0.00846	0.01128	0.01832	0.03805	0.02114	0.79563	0.02960	0.00564	0.00564	0.00846	0.00352	0.00352
18	0.01596	0.01258	0.01363	0.01155	0.01534	0.01374	0.00913	0.12680	0.51018	0.07263	0.02061	0.01930	0.01531	0.00727	0.00570	0.00179	0.00484	0.00595	0.00568	0.11199
19	0.12523	0.01006	0.01289	0.01002	0.01440	0.00910	0.00827	0.02696	0.01582	0.67321	0.02113	0.01853	0.01340	0.00698	0.00557	0.00180	0.00489	0.00552	0.00676	0.00946
20	0.00708	0.00588	0.00621	0.00635	0.00815	0.00502	0.00479	0.00864	0.01327	0.01608	0.08659	0.10266	0.64243	0.01489	0.00697	0.00202	0.00309	0.04951	0.00544	0.00495
21	0.00879	0.00560	0.00747	0.00813	0.00899	0.00517	0.00566	0.01022	0.01255	0.07528	0.16534	0.59264	0.03960	0.01618	0.00719	0.00222	0.00338	0.01458	0.00573	0.00527
22	0.02609	0.00990	0.01350	0.01035	0.01484	0.00855	0.00855	0.02834	0.01664	0.76338	0.02294	0.01979	0.01439	0.00720	0.00585	0.00180	0.00495	0.00585	0.00720	0.00990
23	0.01935	0.02377	0.01683	0.01506	0.01726	0.57369	0.01163	0.02079	0.01449	0.01417	0.00863	0.01108	0.00753	0.00709	0.00889	0.00177	0.21436	0.00410	0.00288	0.00664
24	0.01017	0.00770	0.00879	0.06835	0.01198	0.00765	0.00661	0.11353	0.01517	0.02006	0.11270	0.04135	0.36234	0.03858	0.00715	0.00201	0.00400	0.05119	0.10485	0.00584
25	0.00846	0.00564	0.00634	0.00634	0.00634	0.00564	0.00352	0.00846	0.00846	0.01128	0.01832	0.03805	0.02114	0.79563	0.02960	0.00564	0.00564	0.00846	0.00352	0.00352
26	0.22757	0.01023	0.01227	0.00968	0.01395	0.00967	0.00799	0.02554	0.01497	0.58013	0.01925	0.01722	0.01238	0.00675	0.00529	0.00180	0.00484	0.00518	0.00630	0.00900
27	0.01896	0.01398	0.01523	0.01230	0.01606	0.01531	0.00989	0.58068	0.03746	0.03207	0.01775	0.16945	0.01574	0.00924	0.00614	0.00187	0.00576	0.00752	0.00574	0.00885
28	0.01376	0.17246	0.07711	0.01926	0.02457	0.01612	0.43618	0.01771	0.01272	0.01724	0.01049	0.01371	0.00834	0.00539	0.00707	0.00179	0.07736	0.00557	0.00282	0.06035
29	0.00745	0.00586	0.00672	0.00661	0.00823	0.00514	0.00492	0.00942	0.01445	0.01880	0.34510	0.09595	0.42311	0.01377	0.00690	0.00193	0.00289	0.01181	0.00581	0.00514
30	0.01151	0.00758	0.00914	0.00831	0.01050	0.00734	0.00637	0.01627	0.14248	0.12426	0.38186	0.06923	0.15942	0.01128	0.00658	0.00189	0.00343	0.00973	0.00622	0.00661
31	0.01227	0.01021	0.01198	0.00864	0.01369	0.00771	0.00690	0.01481	0.01214	0.03549	0.01108	0.02874	0.00937	0.00467	0.00441	0.00091	0.00430	0.00378	0.00357	0.79534
32	0.01158	0.01004	0.01277	0.00950	0.01415	0.00782	0.05038	0.01412	0.01205	0.01845	0.01294	0.10277	0.01209	0.00596	0.00482	0.00110	0.00453	0.00517	0.00364	0.68611
33	0.80018	0.01121	0.00894	0.04189	0.01252	0.01304	0.00673	0.01700	0.00997	0.02559	0.00820	0.00971	0.00636	0.00542	0.00370	0.00181	0.00464	0.00324	0.00355	0.00630
34	0.01203	0.00994	0.01141	0.05939	0.01446	0.01111	0.00837	0.05113	0.40967	0.02164	0.09286	0.22607	0.02571	0.01082	0.00639	0.00205	0.00438	0.00942	0.00561	0.00753
35	0.00891	0.00712	0.01051	0.01016	0.01106	0.00872	0.00802	0.01088	0.00929	0.01357	0.01448	0.02145	0.01359	0.03902	0.66903	0.00841	0.12131	0.00607	0.00304	0.00535
36	0.02071	0.12225	0.01809	0.01425	0.01750	0.65393	0.01101	0.02277	0.04106	0.01451	0.00938	0.01073	0.00784	0.00593	0.00508	0.00148	0.00976	0.00376	0.00303	0.00692
37	0.01052	0.00848	0.00971	0.00976	0.01148	0.00919	0.00715	0.01856	0.34357	0.01947	0.06006	0.38728	0.02949	0.02641	0.00711	0.00222	0.00397	0.02315	0.00564	0.00677
38	0.00709	0.00506	0.00675	0.00810	0.00843	0.00472	0.00540	0.00810	0.01113	0.01484	0.03205	0.79184	0.03846	0.01822	0.00742	0.00236	0.00337	0.01653	0.00540	0.00472
39	0.01439	0.01382	0.02360	0.03569	0.75936	0.01382	0.01785	0.01785	0.01324	0.01900	0.01094	0.01439	0.00921	0.00518	0.00576	0.00173	0.00691	0.00518	0.00288	0.00921
40	0.00709	0.00506	0.00675	0.00810	0.00843	0.00472	0.00540	0.00810	0.01113	0.01484	0.03205	0.79184	0.03846	0.01822	0.00742	0.00236	0.00337	0.01653	0.00540	0.00472
41	0.06665	0.00771	0.00804	0.00712	0.00937	0.00795	0.00559	0.11566	0.01456	0.09339	0.01795	0.01965	0.01361	0.00675	0.00444	0.00148	0.00354	0.00529	0.58470	0.00651
42	0.00707	0.00513	0.00667	0.00790	0.00838	0.00474	0.00531	0.00812	0.01132	0.01492	0.03444	0.72651	0.10225	0.01791	0.00737	0.00233	0.00334	0.01615	0.00540	0.00474
43	0.00709	0.00506	0.00675	0.00810	0.00843	0.00472	0.00540	0.00810	0.01113	0.01484	0.03205	0.79184	0.03846	0.01822	0.00742	0.00236	0.00337	0.01653	0.00540	0.00472
44	0.00829	0.00592	0.00813	0.00947	0.01033	0.00576	0.00749	0.01018	0.01232	0.01619	0.03139	0.40991	0.03584	0.01709	0.00774	0.00253	0.00442	0.38660	0.00538	0.00506
45	0.02211	0.01629	0.01745	0.01338	0.01803	0.01803	0.01105	0.73997	0.02734	0.03665	0.01396	0.01396	0.00989	0.00698	0.00582	0.00175	0.00640	0.00524	0.00582	0.00989
46	0.00709	0.00506	0.00675	0.00810	0.00843	0.00472	0.00540	0.00810	0.01113	0.01484	0.03205	0.79184	0.03846	0.01822	0.00742	0.00236	0.00337	0.01653	0.00540	0.00472
47	0.00816	0.00589	0.00771	0.00737	0.00867	0.00544	0.00548	0.01079	0.01612	0.02278	0.70996	0.09131	0.05382	0.01229	0.00689	0.00186	0.00278	0.01090	0.00634	0.00544
48	0.01371	0.01589	0.04788	0.02482	0.06022	0.01465	0.69493	0.01859	0.01368	0.01864	0.01171	0.01557	0.00881	0.00493	0.00679	0.00195	0.00966	0.00674	0.00293	0.00791
49	0.01480	0.01348	0.01318	0.01190	0.01512	0.07377	0.00921	0.02959	0.66820	0.02326	0.02362	0.02189	0.04011	0.00795	0.00589	0.00193	0.00501	0.00653	0.00567	0.00888
50	0.08003	0.01373	0.06195	0.14747	0.01964	0.04711	0.01096	0.21934	0.15623	0.02451	0.01522	0.01737	0.01168	0.00836	0.03696	0.00211	0.00643	0.02038	0.09264	0.00788
51	0.01366	0.46861	0.08611	0.01156	0.05848	0.01746	0.01040	0.01703	0.05770	0.01640	0.08230	0.01677	0.05742	0.00640	0.00465	0.00144	0.00572	0.00480	0.00332	0.05975

[dist]
# distance from previous block
# <min> <max>
5	7

[block]
# block no. 8 follows, 40 sequences, length 15
# corresponding to MSA columns:
# 355-369
name=unknown_I
#
# <colnr> <probs for GDERKNQSTAVLIFYWHMCP>
#	G	D	E	R	K	N	Q	S	T	A	V	L	I	F	Y	W	H	M	C	P
0	0.01310	0.00961	0.00954	0.00865	0.01044	0.07840	0.00669	0.11867	0.01398	0.02100	0.01612	0.02000	0.01332	0.05291	0.11437	0.00284	0.05452	0.00549	0.42425	0.00611
1	0.00709	0.00506	0.00675	0.00810	0.00843	0.00472	0.00540	0.00810	0.01113	0.01484	0.03205	0.79184	0.03846	0.01822	0.00742	0.00236	0.00337	0.01653	0.00540	0.00472
2	0.01555	0.79913	0.03047	0.00995	0.01493	0.02301	0.00995	0.01741	0.01182	0.01368	0.00808	0.00933	0.00746	0.00498	0.00373	0.00124	0.00622	0.00311	0.00249	0.00746
3	0.00708	0.00558	0.00639	0.00685	0.00815	0.00489	0.00489	0.00850	0.01276	0.01609	0.11365	0.33140	0.42164	0.01578	0.00708	0.00210	0.00309	0.01371	0.00549	0.00489
4	0.00709	0.00506	0.00675	0.00810	0.00843	0.00472	0.00540	0.00810	0.01113	0.01484	0.03205	0.79184	0.03846	0.01822	0.00742	0.00236	0.00337	0.01653	0.00540	0.00472
5	0.01072	0.00664	0.00770	0.00702	0.00933	0.00571	0.00541	0.01261	0.01457	0.15570	0.20268	0.04657	0.46814	0.01272	0.00668	0.00190	0.00327	0.01071	0.00595	0.00596
6	0.00749	0.00585	0.00682	0.00695	0.00846	0.00518	0.00520	0.00937	0.01397	0.01807	0.27029	0.15249	0.39430	0.01440	0.00702	0.00202	0.00310	0.05822	0.00571	0.00509
7	0.01596	0.01216	0.01319	0.01164	0.01509	0.01370	0.00912	0.03057	0.65462	0.11944	0.02358	0.02145	0.01732	0.00780	0.00591	0.00195	0.00465	0.00648	0.00608	0.00929
8	0.02066	0.01622	0.01648	0.01304	0.01728	0.07126	0.01061	0.58557	0.09196	0.03322	0.05324	0.01596	0.01278	0.00725	0.00584	0.00175	0.00634	0.00553	0.00565	0.00937
9	0.01555	0.79913	0.03047	0.00995	0.01493	0.02301	0.00995	0.01741	0.01182	0.01368	0.00808	0.00933	0.00746	0.00498	0.00373	0.00124	0.00622	0.00311	0.00249	0.00746
10	0.01471	0.01262	0.01404	0.01220	0.01565	0.01430	0.03953	0.09019	0.61944	0.02472	0.02410	0.02249	0.05364	0.00803	0.00600	0.00195	0.00489	0.00676	0.00576	0.00899
11	0.00709	0.00506	0.00675	0.00810	0.00843	0.00472	0.00540	0.00810	0.01113	0.01484	0.03205	0.79184	0.03846	0.01822	0.00742	0.00236	0.00337	0.01653	0.00540	0.00472
12	0.00724	0.00538	0.00676	0.00753	0.00837	0.00489	0.00522	0.00865	0.01248	0.01650	0.16410	0.51724	0.18151	0.01643	0.00722	0.00219	0.00318	0.01465	0.00557	0.00489
13	0.00843	0.00598	0.00725	0.00709	0.00865	0.00532	0.00525	0.01047	0.01462	0.05358	0.38303	0.15407	0.28775	0.01354	0.00690	0.00195	0.00300	0.01176	0.00596	0.00539
14	0.01505	0.70016	0.12506	0.01080	0.01624	0.02179	0.01143	0.01754	0.01188	0.01429	0.00839	0.00971	0.00745	0.00505	0.00396	0.00132	0.00652	0.00326	0.00248	0.00761

[dist]
# distance from previous block
# <min> <max>
1	325

# created by:
# /software/SequenceAnalysis/GenePrediction/augustus/3.0.1/scripts/msa2prfl.pl ./fixed/BUSCOvEOG7K3N90.fas
