[name]
unknown

[dist]
# distance from previous block
# <min> <max>
0	280

[block]
# block no. 0 follows, 41 sequences, length 10
# corresponding to MSA columns:
# 283-292
name=unknown_A
#
# <colnr> <probs for GDERKNQSTAVLIFYWHMCP>
#	G	D	E	R	K	N	Q	S	T	A	V	L	I	F	Y	W	H	M	C	P
0	0.19060	0.00639	0.00696	0.00769	0.00886	0.00647	0.00543	0.00994	0.01085	0.01711	0.02844	0.56265	0.08868	0.01486	0.00643	0.00217	0.00353	0.01302	0.00492	0.00500
1	0.01496	0.01569	0.01934	0.20503	0.36292	0.18165	0.01498	0.01915	0.07818	0.01715	0.01129	0.01420	0.00909	0.00565	0.00558	0.00172	0.00757	0.00490	0.00305	0.00789
2	0.00795	0.00576	0.00801	0.00828	0.00894	0.00627	0.00595	0.00933	0.00937	0.01307	0.01931	0.18739	0.02065	0.20448	0.45063	0.00695	0.01065	0.00873	0.00362	0.00465
3	0.01678	0.01422	0.07975	0.01127	0.01538	0.01365	0.00986	0.46803	0.02151	0.02892	0.02352	0.02322	0.17559	0.00841	0.00581	0.00175	0.00548	0.00661	0.06201	0.00823
4	0.01125	0.00796	0.00997	0.00933	0.01136	0.00806	0.00709	0.08796	0.07750	0.06775	0.05156	0.28155	0.02337	0.01941	0.19089	0.00366	0.00682	0.02434	0.00481	0.09535
5	0.00939	0.00730	0.01033	0.01307	0.17398	0.00725	0.00720	0.01068	0.01069	0.01475	0.10697	0.13435	0.02421	0.39397	0.04844	0.00396	0.00557	0.00883	0.00390	0.00516
6	0.01367	0.01309	0.02233	0.14456	0.65767	0.01346	0.01731	0.01713	0.01279	0.01809	0.01067	0.01432	0.00885	0.00519	0.00567	0.00173	0.00692	0.00509	0.00279	0.00867
7	0.01337	0.01278	0.02179	0.21158	0.59299	0.01338	0.01716	0.01686	0.01265	0.01773	0.01062	0.01441	0.00872	0.00524	0.00568	0.00175	0.00699	0.00509	0.00276	0.00842
8	0.02019	0.01622	0.01827	0.01802	0.18210	0.08289	0.01227	0.49276	0.02249	0.05881	0.01299	0.01375	0.00955	0.00640	0.00566	0.00169	0.00670	0.00503	0.00489	0.00931
9	0.01015	0.00989	0.00875	0.00946	0.01037	0.17483	0.00658	0.01125	0.01211	0.01447	0.02652	0.62207	0.03111	0.01527	0.00683	0.00214	0.00486	0.01349	0.00479	0.00508

[dist]
# distance from previous block
# <min> <max>
1	4

[block]
# block no. 1 follows, 41 sequences, length 13
# corresponding to MSA columns:
# 298-310
name=unknown_B
#
# <colnr> <probs for GDERKNQSTAVLIFYWHMCP>
#	G	D	E	R	K	N	Q	S	T	A	V	L	I	F	Y	W	H	M	C	P
0	0.83938	0.01106	0.00841	0.00752	0.01106	0.01283	0.00619	0.01681	0.00973	0.02566	0.00796	0.00929	0.00619	0.00531	0.00354	0.00177	0.00442	0.00310	0.00354	0.00619
1	0.02066	0.01554	0.01687	0.01316	0.01737	0.01747	0.01083	0.64947	0.07948	0.03387	0.01408	0.01422	0.01017	0.00711	0.00648	0.00178	0.05117	0.00524	0.00554	0.00948
2	0.00813	0.00580	0.00742	0.00705	0.00818	0.00542	0.00509	0.01040	0.01495	0.02107	0.64327	0.04189	0.04874	0.13581	0.01027	0.00239	0.00315	0.01002	0.00585	0.00509
3	0.02060	0.01821	0.05994	0.01342	0.01782	0.13658	0.01130	0.56414	0.02382	0.03082	0.01336	0.03920	0.01015	0.00700	0.00567	0.00170	0.00695	0.00524	0.00508	0.00900
4	0.01529	0.80242	0.02997	0.00979	0.01468	0.02263	0.00979	0.01713	0.01162	0.01346	0.00795	0.00918	0.00734	0.00489	0.00367	0.00122	0.00612	0.00306	0.00245	0.00734
5	0.06602	0.02359	0.01838	0.01588	0.01969	0.40032	0.01206	0.30510	0.02202	0.02663	0.01439	0.01669	0.01171	0.00863	0.00685	0.00226	0.00937	0.00545	0.00530	0.00966
6	0.70919	0.01175	0.01240	0.01014	0.01403	0.01309	0.12227	0.01705	0.01033	0.02451	0.00853	0.01026	0.00659	0.00523	0.00405	0.00179	0.00525	0.00367	0.00344	0.00643
7	0.01243	0.01017	0.01052	0.00925	0.01187	0.04402	0.00720	0.18349	0.13794	0.02330	0.20607	0.05460	0.24473	0.01067	0.00631	0.00184	0.00425	0.00888	0.00562	0.00686
8	0.00817	0.00589	0.00774	0.00740	0.00875	0.00547	0.00564	0.01086	0.01600	0.02257	0.71462	0.04409	0.05265	0.01195	0.00682	0.00185	0.00286	0.05503	0.00623	0.00539
9	0.01341	0.01030	0.01124	0.01008	0.01301	0.01121	0.00784	0.02446	0.48544	0.09098	0.11170	0.02889	0.13848	0.00920	0.00607	0.00191	0.00410	0.00772	0.00591	0.00804
10	0.00697	0.00498	0.00664	0.00796	0.00830	0.00465	0.00531	0.00796	0.01095	0.01460	0.03153	0.79525	0.03783	0.01792	0.00730	0.00232	0.00332	0.01626	0.00531	0.00465
11	0.00994	0.00497	0.00745	0.00745	0.00745	0.00497	0.00497	0.00745	0.00745	0.00994	0.00994	0.01739	0.00994	0.01987	0.02235	0.83358	0.00497	0.00497	0.00248	0.00248
12	0.01470	0.64755	0.05704	0.01087	0.01513	0.02146	0.01066	0.01664	0.01119	0.01369	0.00797	0.00982	0.00736	0.00572	0.00612	0.00145	0.12955	0.00341	0.00245	0.00721

[dist]
# distance from previous block
# <min> <max>
0	1

[block]
# block no. 2 follows, 41 sequences, length 8
# corresponding to MSA columns:
# 312-319
name=unknown_C
#
# <colnr> <probs for GDERKNQSTAVLIFYWHMCP>
#	G	D	E	R	K	N	Q	S	T	A	V	L	I	F	Y	W	H	M	C	P
0	0.01253	0.00772	0.00971	0.00840	0.01063	0.00741	0.00655	0.10500	0.01755	0.14020	0.55249	0.03549	0.04226	0.01037	0.00646	0.00178	0.00348	0.00898	0.00635	0.00661
1	0.02027	0.16704	0.01869	0.01384	0.01714	0.64016	0.01082	0.02181	0.01538	0.01390	0.00868	0.01011	0.00736	0.00571	0.00489	0.00143	0.00956	0.00357	0.00286	0.00676
2	0.18614	0.01432	0.01406	0.01161	0.01551	0.04537	0.00938	0.35204	0.24233	0.02941	0.01525	0.01499	0.01125	0.00678	0.00528	0.00179	0.00554	0.00507	0.00520	0.00868
3	0.01569	0.01440	0.03006	0.02160	0.02714	0.01337	0.61015	0.02004	0.01402	0.15338	0.01355	0.01616	0.00967	0.00523	0.00657	0.00190	0.00878	0.00657	0.00365	0.00808
4	0.01760	0.01558	0.01801	0.08494	0.14314	0.09866	0.01269	0.32871	0.03987	0.02452	0.01155	0.01357	0.00900	0.00696	0.00801	0.00185	0.14793	0.00499	0.00408	0.00834
5	0.01308	0.01549	0.20472	0.01095	0.01674	0.00996	0.01083	0.05587	0.04837	0.05642	0.01162	0.01284	0.00894	0.00499	0.00477	0.00124	0.00546	0.00396	0.00356	0.50018
6	0.00808	0.00615	0.00895	0.00917	0.00996	0.00703	0.00695	0.00982	0.00962	0.01364	0.01905	0.21832	0.01994	0.03493	0.54354	0.00712	0.05044	0.00865	0.00361	0.00505
7	0.01153	0.01120	0.01703	0.05148	0.01640	0.01466	0.07543	0.01340	0.00940	0.01409	0.00977	0.01517	0.00917	0.01685	0.18991	0.00395	0.50636	0.00542	0.00267	0.00613

[dist]
# distance from previous block
# <min> <max>
0	1

[block]
# block no. 3 follows, 41 sequences, length 26
# corresponding to MSA columns:
# 321-346
name=unknown_D
#
# <colnr> <probs for GDERKNQSTAVLIFYWHMCP>
#	G	D	E	R	K	N	Q	S	T	A	V	L	I	F	Y	W	H	M	C	P
0	0.01527	0.01712	0.01234	0.01142	0.01364	0.40040	0.00862	0.03159	0.02936	0.01807	0.28969	0.05533	0.02710	0.00897	0.00596	0.00169	0.00683	0.03597	0.00448	0.00614
1	0.00832	0.00555	0.00624	0.00624	0.00624	0.00555	0.00347	0.00832	0.00832	0.01109	0.01802	0.03743	0.02080	0.79898	0.02911	0.00555	0.00555	0.00832	0.00347	0.00347
2	0.04294	0.43902	0.34995	0.01253	0.01892	0.01823	0.01458	0.01754	0.01175	0.01591	0.00896	0.01044	0.00726	0.00514	0.00443	0.00150	0.00707	0.00357	0.00247	0.00778
3	0.18194	0.01293	0.01199	0.01005	0.01299	0.08426	0.00777	0.31009	0.01715	0.02500	0.01418	0.01916	0.02562	0.19014	0.01059	0.00258	0.00588	0.00547	0.04524	0.00697
4	0.01635	0.01535	0.18810	0.01209	0.01675	0.01205	0.01150	0.06067	0.30491	0.20878	0.07615	0.01999	0.01669	0.00731	0.00578	0.00185	0.00547	0.00600	0.00538	0.00884
5	0.01251	0.01251	0.01752	0.01502	0.01502	0.01752	0.01251	0.01377	0.00876	0.01377	0.00751	0.01251	0.00751	0.01001	0.01877	0.00250	0.78851	0.00501	0.00250	0.00626
6	0.20538	0.01300	0.01979	0.02872	0.58899	0.01341	0.01492	0.01738	0.01226	0.02030	0.01011	0.01303	0.00840	0.00515	0.00517	0.00172	0.00625	0.00463	0.00300	0.00840
7	0.02164	0.00876	0.01164	0.00926	0.01266	0.00774	0.00726	0.02334	0.01451	0.59204	0.02151	0.02363	0.01570	0.19058	0.01117	0.00264	0.00502	0.00635	0.00624	0.00828
8	0.20361	0.01037	0.01106	0.00825	0.01298	0.00883	0.00664	0.01496	0.01137	0.02027	0.00966	0.01127	0.00794	0.00448	0.00407	0.00106	0.00428	0.00332	0.00342	0.64214
9	0.17513	0.01046	0.01303	0.01061	0.01372	0.01123	0.00877	0.02196	0.01319	0.42413	0.01618	0.01601	0.01114	0.00741	0.00828	0.00192	0.18628	0.00506	0.03738	0.00809
10	0.01797	0.01344	0.01542	0.01242	0.01606	0.01457	0.04036	0.54309	0.02264	0.03033	0.01776	0.19489	0.01620	0.00934	0.00613	0.00187	0.00575	0.00779	0.00551	0.00847
11	0.76383	0.01240	0.05804	0.00824	0.01213	0.01299	0.00729	0.03630	0.01034	0.02545	0.00827	0.00959	0.00636	0.00536	0.00372	0.00177	0.00474	0.00323	0.00352	0.00644
12	0.00686	0.00539	0.00621	0.00686	0.00801	0.00474	0.00482	0.00809	0.01201	0.01503	0.04494	0.41928	0.40513	0.01618	0.00703	0.00212	0.00310	0.01413	0.00531	0.00474
13	0.01387	0.00648	0.00753	0.00675	0.00855	0.00615	0.00498	0.01581	0.01224	0.20557	0.01949	0.02459	0.01596	0.19036	0.01026	0.00242	0.00388	0.00613	0.43298	0.00600
14	0.00832	0.00555	0.00624	0.00624	0.00624	0.00555	0.00347	0.00832	0.00832	0.01109	0.01802	0.03743	0.02080	0.79898	0.02911	0.00555	0.00555	0.00832	0.00347	0.00347
15	0.02166	0.01863	0.01694	0.01353	0.01773	0.19344	0.01091	0.57707	0.02442	0.03094	0.01260	0.01294	0.00918	0.00664	0.00559	0.00166	0.00723	0.00481	0.00508	0.00901
16	0.01101	0.00923	0.01124	0.00864	0.01278	0.00751	0.00686	0.01343	0.01124	0.01740	0.01136	0.01432	0.00982	0.01319	0.18314	0.00278	0.00680	0.00402	0.00331	0.64189
17	0.01039	0.00681	0.00824	0.00752	0.00956	0.00629	0.00576	0.01371	0.07134	0.11385	0.41992	0.04157	0.23980	0.01158	0.00656	0.00184	0.00316	0.00995	0.00609	0.00606
18	0.01979	0.02150	0.01565	0.01370	0.01704	0.44483	0.01055	0.17173	0.18911	0.02080	0.01318	0.01357	0.01019	0.00652	0.00543	0.00163	0.00815	0.00463	0.00418	0.00782
19	0.20422	0.20768	0.41854	0.01273	0.01921	0.01539	0.01499	0.01758	0.01143	0.01876	0.00919	0.01075	0.00702	0.00528	0.00458	0.00166	0.00697	0.00369	0.00268	0.00767
20	0.00708	0.00506	0.00676	0.00809	0.00847	0.00474	0.00550	0.00816	0.01106	0.01473	0.03146	0.75916	0.03759	0.01782	0.00733	0.00234	0.00341	0.05126	0.00531	0.00468
21	0.00801	0.01068	0.18337	0.00990	0.01211	0.00665	0.00898	0.01032	0.01121	0.01542	0.02660	0.61377	0.03074	0.01503	0.00687	0.00220	0.00451	0.01347	0.00464	0.00553
22	0.00778	0.00536	0.00654	0.00700	0.00727	0.00519	0.00437	0.00845	0.01017	0.01370	0.10335	0.32573	0.03085	0.41736	0.01841	0.00392	0.00439	0.01155	0.00447	0.00412
23	0.00776	0.00564	0.00731	0.00730	0.00844	0.00519	0.00532	0.01000	0.01481	0.02060	0.55360	0.21776	0.08830	0.01329	0.00688	0.00193	0.00285	0.01181	0.00601	0.00519
24	0.01809	0.01230	0.01370	0.01155	0.01527	0.01345	0.00920	0.14538	0.46474	0.19813	0.02157	0.01968	0.01544	0.00746	0.00579	0.00186	0.00489	0.00609	0.00610	0.00932
25	0.00811	0.00602	0.00666	0.00638	0.00830	0.00516	0.00483	0.00991	0.01401	0.05780	0.23186	0.05005	0.54378	0.01339	0.00670	0.00189	0.00295	0.01130	0.00565	0.00524

[dist]
# distance from previous block
# <min> <max>
0	1

[block]
# block no. 4 follows, 41 sequences, length 37
# corresponding to MSA columns:
# 348-384
name=unknown_E
#
# <colnr> <probs for GDERKNQSTAVLIFYWHMCP>
#	G	D	E	R	K	N	Q	S	T	A	V	L	I	F	Y	W	H	M	C	P
0	0.83938	0.01106	0.00841	0.00752	0.01106	0.01283	0.00619	0.01681	0.00973	0.02566	0.00796	0.00929	0.00619	0.00531	0.00354	0.00177	0.00442	0.00310	0.00354	0.00619
1	0.00724	0.00517	0.00695	0.00828	0.00873	0.00488	0.00578	0.00844	0.01122	0.01491	0.03138	0.70665	0.03724	0.01766	0.00737	0.00236	0.00355	0.10217	0.00530	0.00472
2	0.01529	0.80242	0.02997	0.00979	0.01468	0.02263	0.00979	0.01713	0.01162	0.01346	0.00795	0.00918	0.00734	0.00489	0.00367	0.00122	0.00612	0.00306	0.00245	0.00734
3	0.11421	0.01328	0.02142	0.03176	0.67209	0.01350	0.01618	0.01746	0.01263	0.01953	0.01042	0.01357	0.00871	0.00512	0.00541	0.00171	0.00651	0.00485	0.00292	0.00871
4	0.01115	0.01034	0.01723	0.53916	0.18208	0.01200	0.01495	0.01475	0.01233	0.01645	0.10124	0.01836	0.01353	0.00632	0.00583	0.00185	0.00686	0.00572	0.00306	0.00679
5	0.00685	0.00582	0.00592	0.00597	0.00788	0.00489	0.00453	0.00834	0.01304	0.01551	0.05692	0.05540	0.73395	0.01453	0.00680	0.00196	0.00299	0.03853	0.00531	0.00484
6	0.00813	0.00729	0.00704	0.00703	0.00870	0.06220	0.00518	0.00976	0.01359	0.01666	0.18528	0.15107	0.47013	0.01378	0.00671	0.00193	0.00347	0.01169	0.00532	0.00505
7	0.10878	0.00580	0.00654	0.00728	0.00824	0.00580	0.00511	0.01031	0.01105	0.01754	0.02561	0.51586	0.02848	0.01371	0.00606	0.00202	0.00330	0.01206	0.20143	0.00500
8	0.00803	0.00599	0.00888	0.00904	0.00998	0.00685	0.00693	0.00994	0.00941	0.01344	0.01729	0.11617	0.01715	0.03987	0.68307	0.00836	0.01387	0.00736	0.00334	0.00505
9	0.01603	0.70844	0.02830	0.01039	0.01504	0.11398	0.00994	0.01782	0.01218	0.01352	0.00806	0.00931	0.00734	0.00501	0.00385	0.00125	0.00663	0.00313	0.00251	0.00725
10	0.01401	0.01206	0.01275	0.01148	0.01465	0.01391	0.00892	0.02970	0.72675	0.02389	0.04951	0.02210	0.01876	0.00790	0.00585	0.00194	0.00446	0.00660	0.00584	0.00892
11	0.02207	0.01491	0.01640	0.01264	0.01714	0.01616	0.01042	0.60636	0.05244	0.14904	0.01546	0.01491	0.01070	0.00693	0.00573	0.00173	0.00601	0.00529	0.00594	0.00970
12	0.02140	0.01710	0.01674	0.01314	0.01744	0.10935	0.01071	0.63739	0.02520	0.03298	0.01327	0.01352	0.00957	0.00674	0.00561	0.00168	0.00669	0.00498	0.02726	0.00924
13	0.01383	0.01553	0.11368	0.03283	0.67375	0.01355	0.01799	0.01762	0.01291	0.01862	0.01070	0.01390	0.00884	0.00514	0.00563	0.00171	0.00700	0.00499	0.00278	0.00899
14	0.01315	0.01311	0.01643	0.14205	0.30355	0.12460	0.01273	0.01557	0.01352	0.01693	0.02292	0.06289	0.17413	0.00877	0.00625	0.00192	0.00657	0.03384	0.00376	0.00729
15	0.00806	0.00607	0.00823	0.00875	0.00965	0.00557	0.03257	0.00935	0.01242	0.01666	0.13829	0.56899	0.10101	0.01648	0.00741	0.00231	0.00370	0.03368	0.00555	0.00523
16	0.00915	0.00706	0.00990	0.01208	0.12109	0.00667	0.00735	0.01086	0.01332	0.01849	0.27911	0.37586	0.03856	0.05259	0.00818	0.00231	0.00395	0.01226	0.00538	0.00583
17	0.01351	0.01276	0.02132	0.30452	0.44105	0.01363	0.04259	0.01739	0.04075	0.01794	0.01165	0.01569	0.00942	0.00582	0.00598	0.00190	0.00730	0.00539	0.00305	0.00832
18	0.01607	0.01355	0.01518	0.01556	0.12676	0.05158	0.01064	0.08423	0.47920	0.05985	0.04787	0.02059	0.01679	0.00770	0.00604	0.00196	0.00545	0.00631	0.00549	0.00917
19	0.00922	0.00749	0.01041	0.01317	0.15819	0.00699	0.00783	0.01094	0.01319	0.01778	0.17454	0.33715	0.18282	0.01376	0.00700	0.00212	0.00402	0.01213	0.00520	0.00603
20	0.00918	0.00730	0.01060	0.12763	0.01473	0.00720	0.04350	0.01164	0.01469	0.02028	0.45568	0.16230	0.06836	0.01192	0.00693	0.00202	0.00413	0.01054	0.00553	0.00584
21	0.02012	0.00900	0.01162	0.00947	0.01301	0.00788	0.00757	0.02248	0.03582	0.50605	0.15006	0.02942	0.13245	0.00935	0.00632	0.00191	0.00441	0.00766	0.00682	0.00855
22	0.13698	0.37593	0.31543	0.01240	0.01849	0.01774	0.01391	0.01786	0.01190	0.01768	0.00949	0.01120	0.00772	0.00558	0.00462	0.00165	0.00697	0.00373	0.00281	0.00791
23	0.05787	0.01167	0.01391	0.01157	0.01463	0.01268	0.00931	0.15174	0.14745	0.23159	0.12826	0.02141	0.01895	0.00862	0.00813	0.00202	0.12950	0.00639	0.00577	0.00853
24	0.01218	0.00982	0.01162	0.00874	0.01308	0.00759	0.00677	0.01379	0.01158	0.01788	0.01074	0.01353	0.00927	0.00698	0.00720	0.12486	0.00456	0.00383	0.00346	0.70252
25	0.00759	0.00557	0.00698	0.00807	0.00869	0.00506	0.00545	0.00848	0.01165	0.01531	0.03586	0.67836	0.14572	0.01769	0.00746	0.00237	0.00348	0.01572	0.00550	0.00500
26	0.01305	0.01109	0.01192	0.01107	0.01383	0.01265	0.00850	0.02669	0.62782	0.02240	0.02465	0.13734	0.02080	0.00943	0.00608	0.00201	0.00436	0.02224	0.00573	0.00832
27	0.02212	0.00966	0.01261	0.01016	0.01394	0.00887	0.00818	0.08630	0.04425	0.56467	0.02317	0.13447	0.01743	0.00870	0.00598	0.00185	0.00475	0.00729	0.00665	0.00895
28	0.00843	0.00649	0.00897	0.12288	0.01309	0.00646	0.00691	0.01124	0.01533	0.02133	0.61412	0.03924	0.08186	0.01094	0.00659	0.00182	0.00344	0.00965	0.00569	0.00551
29	0.01385	0.53271	0.14281	0.01062	0.01547	0.04701	0.01097	0.01656	0.01255	0.01562	0.12028	0.01467	0.01426	0.00603	0.00446	0.00141	0.00614	0.00435	0.00303	0.00720
30	0.00832	0.00555	0.00624	0.00624	0.00624	0.00555	0.00347	0.00832	0.00832	0.01109	0.01802	0.03743	0.02080	0.79898	0.02911	0.00555	0.00555	0.00832	0.00347	0.00347
31	0.01067	0.00749	0.00968	0.01024	0.01191	0.00765	0.00851	0.04144	0.10000	0.05441	0.03947	0.16367	0.04200	0.01434	0.00735	0.00241	0.00484	0.45247	0.00546	0.00599
32	0.01208	0.01042	0.01328	0.01252	0.12480	0.00855	0.00837	0.03371	0.01236	0.01879	0.01202	0.07364	0.01089	0.00551	0.00473	0.00111	0.00460	0.00470	0.00352	0.62439
33	0.01391	0.65552	0.05353	0.00975	0.01410	0.01961	0.00954	0.01580	0.01154	0.01380	0.01154	0.12623	0.01187	0.00685	0.00427	0.00141	0.00579	0.00507	0.00287	0.00698
34	0.71677	0.12880	0.01162	0.00786	0.01160	0.01429	0.00673	0.01686	0.01002	0.02385	0.00796	0.00927	0.00637	0.00525	0.00356	0.00169	0.00468	0.00309	0.00338	0.00637
35	0.02125	0.12798	0.01545	0.01031	0.01443	0.01149	0.00862	0.02601	0.15547	0.48576	0.02086	0.04721	0.01465	0.00729	0.00551	0.00174	0.00493	0.00588	0.00608	0.00906
36	0.18004	0.01039	0.01085	0.01017	0.01287	0.01163	0.00801	0.06770	0.33710	0.03440	0.02171	0.14628	0.01974	0.00978	0.00584	0.00203	0.00452	0.09434	0.00522	0.00737

[dist]
# distance from previous block
# <min> <max>
0	4

[block]
# block no. 5 follows, 41 sequences, length 17
# corresponding to MSA columns:
# 389-405
name=unknown_F
#
# <colnr> <probs for GDERKNQSTAVLIFYWHMCP>
#	G	D	E	R	K	N	Q	S	T	A	V	L	I	F	Y	W	H	M	C	P
0	0.02298	0.01358	0.01560	0.01201	0.01649	0.01417	0.00990	0.45730	0.04410	0.30739	0.01729	0.01609	0.01160	0.00697	0.00574	0.00174	0.00571	0.00541	0.00623	0.00971
1	0.01842	0.01392	0.01622	0.01314	0.01627	0.01627	0.01079	0.36959	0.13930	0.09358	0.01442	0.01516	0.01079	0.00787	0.00921	0.00197	0.21399	0.00538	0.00500	0.00870
2	0.01152	0.01021	0.01636	0.38467	0.02655	0.01165	0.10383	0.07867	0.01215	0.01603	0.01266	0.02094	0.01145	0.21692	0.01255	0.00288	0.03563	0.00616	0.00312	0.00606
3	0.54866	0.01016	0.00962	0.00822	0.01168	0.01095	0.00667	0.01892	0.01130	0.22156	0.01203	0.01272	0.00865	0.00708	0.00581	0.07621	0.00459	0.00397	0.00439	0.00680
4	0.01597	0.01402	0.02123	0.07620	0.51964	0.01464	0.01567	0.21071	0.01661	0.02305	0.01151	0.01411	0.00915	0.00561	0.00568	0.00172	0.00671	0.00511	0.00358	0.00907
5	0.00717	0.00573	0.00591	0.00591	0.00733	0.00502	0.00411	0.00824	0.01178	0.01429	0.04732	0.05036	0.56405	0.22321	0.01271	0.00289	0.00360	0.01107	0.00482	0.00447
6	0.00864	0.00618	0.00845	0.00836	0.00920	0.00691	0.00614	0.02768	0.00950	0.01356	0.01613	0.02619	0.01593	0.24180	0.52924	0.00774	0.01202	0.00666	0.03488	0.00479
7	0.01502	0.01442	0.02565	0.01904	0.02358	0.01467	0.42590	0.21017	0.01648	0.02236	0.01366	0.08575	0.01152	0.00695	0.00743	0.00195	0.06670	0.00706	0.00384	0.00786
8	0.00817	0.00613	0.00919	0.00919	0.01021	0.00715	0.00715	0.01021	0.00919	0.01328	0.01532	0.02247	0.01430	0.04290	0.77631	0.00919	0.01532	0.00613	0.00306	0.00511
9	0.01410	0.59164	0.02656	0.21610	0.02126	0.01999	0.01141	0.01646	0.01157	0.01377	0.00854	0.01079	0.00742	0.00511	0.00422	0.00141	0.00652	0.00360	0.00247	0.00708
10	0.00691	0.00520	0.00641	0.00739	0.00814	0.00469	0.00505	0.00803	0.01151	0.01483	0.03855	0.59831	0.23023	0.01701	0.00716	0.00222	0.00321	0.01515	0.00531	0.00469
11	0.01108	0.01017	0.01575	0.57857	0.03252	0.01136	0.01346	0.01456	0.01155	0.01568	0.01017	0.01435	0.00785	0.00532	0.00532	0.00162	0.00672	0.00463	0.00277	0.22654
12	0.01314	0.22218	0.01675	0.04153	0.04111	0.13672	0.01021	0.01571	0.02761	0.01573	0.01926	0.03647	0.01985	0.01037	0.00613	0.00200	0.00644	0.34855	0.00396	0.00629
13	0.22992	0.00777	0.00823	0.00832	0.01007	0.00808	0.00609	0.07478	0.01205	0.01958	0.02285	0.48670	0.02579	0.01305	0.00604	0.00206	0.00391	0.01128	0.00480	0.03863
14	0.01576	0.01435	0.02087	0.02816	0.53033	0.04012	0.01529	0.14835	0.08988	0.02214	0.01248	0.01467	0.00997	0.00571	0.00567	0.00172	0.00660	0.00520	0.00365	0.00910
15	0.01870	0.01239	0.01373	0.01092	0.01426	0.01324	0.00857	0.45188	0.02053	0.12797	0.01606	0.02081	0.01327	0.21764	0.01195	0.00274	0.00590	0.00607	0.00530	0.00806
16	0.01201	0.01064	0.01382	0.00987	0.01502	0.00824	0.07262	0.01475	0.01201	0.01861	0.01029	0.01218	0.00849	0.00429	0.00446	0.00094	0.00472	0.00369	0.00334	0.76001

[dist]
# distance from previous block
# <min> <max>
6	8

[block]
# block no. 6 follows, 41 sequences, length 12
# corresponding to MSA columns:
# 414-425
name=unknown_G
#
# <colnr> <probs for GDERKNQSTAVLIFYWHMCP>
#	G	D	E	R	K	N	Q	S	T	A	V	L	I	F	Y	W	H	M	C	P
0	0.08768	0.01040	0.01099	0.01037	0.01293	0.01177	0.00788	0.02370	0.50479	0.02182	0.02389	0.20842	0.02139	0.01001	0.00597	0.00202	0.00422	0.00854	0.00549	0.00772
1	0.01824	0.01835	0.19899	0.01321	0.01844	0.01552	0.01274	0.50104	0.02193	0.03035	0.01334	0.01402	0.00957	0.00650	0.00549	0.00170	0.00649	0.00494	0.08012	0.00902
2	0.00815	0.00577	0.00730	0.00696	0.00798	0.00543	0.00493	0.01019	0.01428	0.02006	0.57980	0.04144	0.04590	0.20313	0.01218	0.00271	0.00339	0.00985	0.00561	0.00493
3	0.01202	0.01154	0.01951	0.06257	0.11055	0.01181	0.24248	0.01863	0.20454	0.01870	0.01928	0.20642	0.01803	0.00885	0.00645	0.00200	0.00631	0.00869	0.00421	0.00740
4	0.00976	0.00525	0.00565	0.00597	0.00706	0.00516	0.00432	0.01202	0.01174	0.01969	0.02179	0.20951	0.02029	0.00940	0.00480	0.00157	0.00282	0.00799	0.63002	0.00516
5	0.00685	0.00543	0.00617	0.00676	0.00798	0.00475	0.00477	0.00810	0.01211	0.01507	0.04623	0.38325	0.44033	0.01601	0.00700	0.00211	0.00308	0.01393	0.00531	0.00475
6	0.01576	0.00925	0.01367	0.21213	0.06140	0.00947	0.03345	0.01854	0.04046	0.27875	0.03231	0.02286	0.01455	0.19922	0.01147	0.00273	0.00595	0.00632	0.00459	0.00712
7	0.00823	0.00547	0.00638	0.00659	0.00676	0.00546	0.00395	0.00863	0.00898	0.01231	0.02006	0.15465	0.02284	0.59907	0.05692	0.00496	0.00546	0.00930	0.05017	0.00383
8	0.01550	0.01557	0.02972	0.02145	0.02694	0.01526	0.56462	0.19483	0.01676	0.02263	0.01210	0.01502	0.00893	0.00532	0.00650	0.00188	0.00883	0.00636	0.00358	0.00820
9	0.01145	0.00888	0.01074	0.00998	0.01141	0.02803	0.00761	0.15725	0.01332	0.01833	0.01839	0.20868	0.01888	0.09306	0.24506	0.00456	0.08490	0.00840	0.03515	0.00593
10	0.02083	0.01620	0.01657	0.01302	0.01724	0.07283	0.01064	0.64302	0.02495	0.03293	0.01348	0.01405	0.00985	0.00916	0.05621	0.00219	0.00718	0.00511	0.00534	0.00920
11	0.01616	0.01828	0.19781	0.01314	0.01788	0.08868	0.01237	0.14727	0.31154	0.07331	0.03351	0.01707	0.01327	0.00690	0.00566	0.00181	0.00633	0.00546	0.00479	0.00875

[dist]
# distance from previous block
# <min> <max>
5	33

[block]
# block no. 7 follows, 41 sequences, length 7
# corresponding to MSA columns:
# 463-469
name=unknown_H
#
# <colnr> <probs for GDERKNQSTAVLIFYWHMCP>
#	G	D	E	R	K	N	Q	S	T	A	V	L	I	F	Y	W	H	M	C	P
0	0.44719	0.01215	0.01151	0.00929	0.01340	0.01303	0.00762	0.20735	0.01490	0.06319	0.01055	0.01138	0.00789	0.00562	0.00433	0.00160	0.00490	0.00381	0.00426	0.14602
1	0.01503	0.01001	0.01250	0.01227	0.08836	0.01016	0.00868	0.12956	0.14475	0.16344	0.19576	0.06105	0.08436	0.00935	0.00619	0.00185	0.00450	0.02862	0.00577	0.00779
2	0.01382	0.01301	0.03999	0.01549	0.02012	0.05263	0.30051	0.01718	0.01285	0.09300	0.01311	0.03549	0.01053	0.01015	0.10370	0.00253	0.00828	0.00568	0.00352	0.22839
3	0.01930	0.01886	0.01521	0.01327	0.01649	0.33782	0.01051	0.22703	0.08002	0.06014	0.01483	0.01963	0.01248	0.00777	0.00615	0.00177	0.03042	0.09615	0.00447	0.00769
4	0.01816	0.11395	0.01745	0.08990	0.01856	0.01602	0.01051	0.35516	0.15977	0.07921	0.01489	0.01506	0.01093	0.00655	0.00541	0.00168	0.00587	0.00508	0.00498	0.05087
5	0.53923	0.01432	0.01111	0.00971	0.01326	0.13249	0.00778	0.11136	0.07484	0.02502	0.01011	0.01102	0.00776	0.00580	0.00426	0.00173	0.00559	0.00373	0.00391	0.00695
6	0.00932	0.00726	0.00845	0.00754	0.01005	0.00632	0.00582	0.01228	0.05762	0.03935	0.23443	0.07122	0.27436	0.01108	0.00619	0.00170	0.00341	0.04145	0.00524	0.18690

[dist]
# distance from previous block
# <min> <max>
17	57

[block]
# block no. 8 follows, 41 sequences, length 8
# corresponding to MSA columns:
# 534-541
name=unknown_I
#
# <colnr> <probs for GDERKNQSTAVLIFYWHMCP>
#	G	D	E	R	K	N	Q	S	T	A	V	L	I	F	Y	W	H	M	C	P
0	0.13667	0.01456	0.01515	0.01187	0.01608	0.01608	0.00970	0.56179	0.04853	0.03255	0.01331	0.01430	0.00992	0.03964	0.00634	0.00186	0.00587	0.00498	0.00525	0.03556
1	0.01282	0.01468	0.12574	0.06738	0.34307	0.01166	0.05132	0.01651	0.01245	0.01833	0.01051	0.01327	0.00851	0.00490	0.00524	0.00147	0.00642	0.00452	0.00293	0.26826
2	0.01271	0.11591	0.33216	0.12242	0.02148	0.01278	0.01457	0.01802	0.06994	0.08196	0.08687	0.05828	0.01492	0.00701	0.00554	0.00178	0.00660	0.00575	0.00364	0.00767
3	0.01395	0.01190	0.01323	0.18671	0.01919	0.08315	0.00989	0.06262	0.24757	0.06792	0.01922	0.02244	0.05995	0.11983	0.00953	0.00239	0.03262	0.00633	0.00441	0.00715
4	0.13058	0.34850	0.35371	0.01235	0.01862	0.01711	0.01429	0.01752	0.01155	0.01725	0.00898	0.01047	0.00714	0.00519	0.00443	0.00156	0.00691	0.00358	0.00259	0.00767
5	0.13820	0.06416	0.01500	0.01168	0.01498	0.02809	0.00925	0.30699	0.01912	0.04519	0.07970	0.05113	0.01681	0.03487	0.00754	0.00223	0.04439	0.00639	0.09570	0.00856
6	0.40361	0.01146	0.01095	0.00988	0.01297	0.01195	0.00750	0.06432	0.07665	0.04918	0.04656	0.12860	0.01711	0.05138	0.00700	0.00238	0.00513	0.00681	0.00506	0.07151
7	0.01629	0.07616	0.02293	0.11019	0.50385	0.05284	0.01629	0.01993	0.07758	0.01996	0.01358	0.01720	0.01142	0.00685	0.00640	0.00209	0.00747	0.00566	0.00377	0.00953

[dist]
# distance from previous block
# <min> <max>
6	38

[block]
# block no. 9 follows, 41 sequences, length 10
# corresponding to MSA columns:
# 593-602
name=unknown_J
#
# <colnr> <probs for GDERKNQSTAVLIFYWHMCP>
#	G	D	E	R	K	N	Q	S	T	A	V	L	I	F	Y	W	H	M	C	P
0	0.01447	0.56737	0.02627	0.01134	0.01478	0.02111	0.01060	0.01613	0.01077	0.01355	0.00782	0.01017	0.00739	0.00642	0.00816	0.00160	0.23893	0.00364	0.00246	0.00702
1	0.00814	0.00607	0.00821	0.00883	0.01005	0.00615	0.00709	0.01017	0.01178	0.01555	0.05615	0.14325	0.16012	0.02376	0.23623	0.00439	0.00749	0.26685	0.00466	0.00507
2	0.00822	0.00551	0.00627	0.00636	0.00638	0.00548	0.00359	0.00829	0.00850	0.01134	0.01897	0.09037	0.02199	0.74441	0.02759	0.00532	0.00539	0.00887	0.00359	0.00355
3	0.01949	0.01530	0.01897	0.01969	0.23959	0.01650	0.01286	0.52800	0.02277	0.03088	0.01285	0.01386	0.00953	0.00634	0.00570	0.00171	0.00644	0.00513	0.00486	0.00953
4	0.01034	0.00887	0.01006	0.00768	0.01182	0.00679	0.00605	0.01256	0.01221	0.01769	0.02438	0.02471	0.23239	0.00729	0.00499	0.00117	0.00384	0.00597	0.00396	0.58723
5	0.00775	0.00571	0.00668	0.00656	0.00763	0.00526	0.00453	0.00924	0.01278	0.01704	0.31911	0.07523	0.23524	0.24697	0.01343	0.00297	0.00362	0.01045	0.00515	0.00464
6	0.00960	0.00887	0.01378	0.55330	0.02997	0.01036	0.01245	0.01271	0.01191	0.01486	0.02438	0.02709	0.23180	0.00833	0.00603	0.00191	0.00622	0.00716	0.00337	0.00590
7	0.01253	0.44030	0.14300	0.01007	0.01449	0.01599	0.01032	0.01540	0.01306	0.01703	0.23219	0.01963	0.02120	0.00700	0.00487	0.00149	0.00548	0.00542	0.00359	0.00694
8	0.08018	0.74011	0.02827	0.00961	0.01440	0.02186	0.00950	0.01710	0.01147	0.01442	0.00795	0.00918	0.00725	0.00493	0.00366	0.00127	0.00598	0.00306	0.00253	0.00725
9	0.26302	0.00951	0.01074	0.00901	0.01235	0.00968	0.00730	0.04787	0.03398	0.31422	0.12396	0.01994	0.01749	0.01086	0.08336	0.00253	0.00553	0.00566	0.00542	0.00757

[dist]
# distance from previous block
# <min> <max>
16	52

[block]
# block no. 10 follows, 41 sequences, length 6
# corresponding to MSA columns:
# 658-663
name=unknown_K
#
# <colnr> <probs for GDERKNQSTAVLIFYWHMCP>
#	G	D	E	R	K	N	Q	S	T	A	V	L	I	F	Y	W	H	M	C	P
0	0.22900	0.00959	0.00978	0.00875	0.01142	0.01041	0.00686	0.09860	0.16012	0.02447	0.25507	0.05360	0.08231	0.00913	0.00563	0.00184	0.00395	0.00743	0.00531	0.00674
1	0.01016	0.00784	0.01017	0.12286	0.01443	0.00846	0.00778	0.12331	0.01316	0.01743	0.02458	0.23709	0.11724	0.09512	0.16006	0.00378	0.00693	0.00958	0.00435	0.00568
2	0.01349	0.01327	0.01893	0.05094	0.01827	0.07097	0.15483	0.05177	0.01171	0.01685	0.01035	0.01431	0.00881	0.00788	0.01215	0.00209	0.39647	0.00531	0.11498	0.00662
3	0.05112	0.00973	0.01077	0.00942	0.01185	0.01036	0.00728	0.28047	0.01663	0.02261	0.02517	0.12653	0.16279	0.10378	0.12197	0.00337	0.00640	0.00835	0.00484	0.00656
4	0.02167	0.01823	0.01698	0.01347	0.01773	0.16680	0.01091	0.60242	0.02479	0.03171	0.01277	0.01306	0.00926	0.00668	0.00561	0.00167	0.00708	0.00486	0.00518	0.00912
5	0.01314	0.01092	0.01255	0.00908	0.01410	0.00893	0.00731	0.10867	0.01380	0.02089	0.01063	0.01210	0.00863	0.00458	0.00443	0.00096	0.00450	0.00362	0.00369	0.72749

[dist]
# distance from previous block
# <min> <max>
0	1

[block]
# block no. 11 follows, 41 sequences, length 6
# corresponding to MSA columns:
# 665-670
name=unknown_L
#
# <colnr> <probs for GDERKNQSTAVLIFYWHMCP>
#	G	D	E	R	K	N	Q	S	T	A	V	L	I	F	Y	W	H	M	C	P
0	0.01812	0.01835	0.01699	0.01438	0.01669	0.26424	0.01155	0.23286	0.01655	0.02043	0.00978	0.01216	0.00812	0.00774	0.01048	0.00194	0.30400	0.00462	0.00360	0.00741
1	0.00881	0.00590	0.00752	0.00728	0.00861	0.00540	0.00532	0.01088	0.01447	0.06316	0.47326	0.16658	0.11990	0.06699	0.00832	0.00216	0.00314	0.01109	0.00588	0.00533
2	0.01015	0.00720	0.00816	0.00771	0.00875	0.00732	0.00520	0.12918	0.01268	0.01688	0.06929	0.17194	0.07743	0.42202	0.01832	0.00384	0.00490	0.00963	0.00448	0.00493
3	0.05327	0.00952	0.01576	0.01613	0.13632	0.00924	0.15789	0.01366	0.01322	0.01830	0.09299	0.06694	0.11399	0.01084	0.00681	0.00212	0.00576	0.24647	0.00440	0.00636
4	0.40474	0.01374	0.09616	0.01023	0.01434	0.01337	0.00913	0.06335	0.23980	0.06225	0.01400	0.01408	0.01038	0.00626	0.00469	0.00182	0.00504	0.00451	0.00442	0.00771
5	0.01773	0.01457	0.01467	0.01147	0.01565	0.08462	0.00917	0.39448	0.05322	0.02695	0.01304	0.01493	0.01030	0.06230	0.00693	0.00174	0.00598	0.00482	0.00467	0.23275

[dist]
# distance from previous block
# <min> <max>
26	46

[block]
# block no. 12 follows, 41 sequences, length 9
# corresponding to MSA columns:
# 721-729
name=unknown_M
#
# <colnr> <probs for GDERKNQSTAVLIFYWHMCP>
#	G	D	E	R	K	N	Q	S	T	A	V	L	I	F	Y	W	H	M	C	P
0	0.01668	0.01448	0.09443	0.01175	0.01632	0.01324	0.01032	0.26710	0.20121	0.08689	0.05478	0.01710	0.01383	0.00675	0.00551	0.00164	0.00543	0.00539	0.00513	0.15203
1	0.26683	0.09716	0.09462	0.01020	0.01440	0.01309	0.00940	0.11620	0.06030	0.14420	0.01436	0.01677	0.01109	0.00667	0.00485	0.00175	0.00531	0.04931	0.05584	0.00767
2	0.01905	0.01061	0.01282	0.01040	0.01428	0.01022	0.00854	0.16500	0.08591	0.33205	0.02325	0.02538	0.07570	0.00833	0.00590	0.00178	0.00493	0.08248	0.00596	0.09741
3	0.01232	0.13558	0.36959	0.01718	0.02364	0.01434	0.24661	0.01725	0.01237	0.01723	0.01200	0.07369	0.01009	0.00613	0.00574	0.00180	0.00809	0.00579	0.00280	0.00776
4	0.01599	0.01344	0.01842	0.01427	0.01848	0.01393	0.17165	0.30388	0.14633	0.02589	0.01644	0.09926	0.01372	0.00748	0.00598	0.00178	0.00619	0.00674	0.00482	0.09531
5	0.32449	0.01191	0.01094	0.00953	0.01291	0.07361	0.00757	0.02156	0.20085	0.12770	0.09413	0.01753	0.01545	0.00686	0.00493	0.00175	0.00480	0.00516	0.00485	0.04346
6	0.01888	0.10586	0.01729	0.07831	0.01862	0.44955	0.01091	0.12451	0.05514	0.01773	0.01241	0.01358	0.04048	0.00638	0.00523	0.00156	0.00844	0.00445	0.00351	0.00718
7	0.00894	0.00795	0.01235	0.01122	0.01256	0.00831	0.10989	0.01061	0.01117	0.01518	0.02671	0.45578	0.10091	0.01400	0.00903	0.00222	0.13762	0.01223	0.00444	0.02886
8	0.10790	0.02020	0.01723	0.01415	0.01803	0.33793	0.07205	0.30033	0.01942	0.02412	0.01087	0.01196	0.00826	0.00612	0.00534	0.00164	0.00808	0.00445	0.00408	0.00787

[dist]
# distance from previous block
# <min> <max>
5	8

[block]
# block no. 13 follows, 41 sequences, length 6
# corresponding to MSA columns:
# 738-743
name=unknown_N
#
# <colnr> <probs for GDERKNQSTAVLIFYWHMCP>
#	G	D	E	R	K	N	Q	S	T	A	V	L	I	F	Y	W	H	M	C	P
0	0.01249	0.00994	0.05984	0.00933	0.01193	0.00917	0.00755	0.01916	0.25490	0.11419	0.17879	0.03059	0.07746	0.16674	0.01070	0.00260	0.00453	0.00781	0.00535	0.00692
1	0.01197	0.01119	0.01660	0.40254	0.21893	0.05658	0.01377	0.01499	0.01177	0.01558	0.01173	0.01782	0.01005	0.10508	0.00850	0.00225	0.00702	0.00542	0.05156	0.00665
2	0.01852	0.01714	0.01550	0.05448	0.01792	0.19849	0.01057	0.29027	0.26907	0.02550	0.01560	0.01557	0.01166	0.00687	0.00562	0.00174	0.00673	0.00524	0.00492	0.00857
3	0.01256	0.01024	0.01185	0.00907	0.01338	0.00864	0.00715	0.11811	0.01388	0.02054	0.01383	0.12779	0.01299	0.00663	0.00490	0.00119	0.00440	0.00554	0.00401	0.59332
4	0.01201	0.13900	0.66467	0.01538	0.02333	0.01461	0.01953	0.01797	0.01201	0.01745	0.00994	0.01167	0.00726	0.00536	0.00518	0.00173	0.00812	0.00406	0.00242	0.00830
5	0.01564	0.01282	0.01817	0.02214	0.36635	0.01269	0.01280	0.12207	0.10129	0.07726	0.01340	0.01487	0.01040	0.00563	0.00541	0.00157	0.00581	0.00497	0.00401	0.17269

[dist]
# distance from previous block
# <min> <max>
11	55

[block]
# block no. 14 follows, 41 sequences, length 23
# corresponding to MSA columns:
# 799-821
name=unknown_O
#
# <colnr> <probs for GDERKNQSTAVLIFYWHMCP>
#	G	D	E	R	K	N	Q	S	T	A	V	L	I	F	Y	W	H	M	C	P
0	0.02495	0.00958	0.01305	0.01006	0.01436	0.00828	0.00828	0.02718	0.01636	0.73705	0.05251	0.02041	0.01577	0.00727	0.00579	0.00177	0.00478	0.00594	0.00705	0.00956
1	0.01186	0.01017	0.01186	0.00847	0.01356	0.00762	0.00678	0.01440	0.01186	0.01864	0.01017	0.01186	0.00847	0.00424	0.00424	0.00085	0.00424	0.00339	0.00339	0.83395
2	0.00697	0.00498	0.00664	0.00796	0.00830	0.00465	0.00531	0.00796	0.01095	0.01460	0.03153	0.79525	0.03783	0.01792	0.00730	0.00232	0.00332	0.01626	0.00531	0.00465
3	0.01440	0.01688	0.19600	0.01293	0.01758	0.01439	0.01217	0.10673	0.49346	0.02387	0.01908	0.01826	0.01414	0.00710	0.00572	0.00188	0.00567	0.00578	0.00499	0.00898
4	0.02210	0.01545	0.01681	0.01289	0.01746	0.01690	0.01065	0.67961	0.02594	0.10201	0.01453	0.01425	0.01013	0.00689	0.00572	0.00172	0.00617	0.00520	0.00584	0.00973
5	0.00746	0.00552	0.00696	0.00724	0.00832	0.00503	0.00519	0.00932	0.01374	0.01862	0.37445	0.32056	0.16764	0.01445	0.00695	0.00201	0.00296	0.01280	0.00577	0.00503
6	0.01549	0.01557	0.02975	0.02147	0.02696	0.01525	0.56590	0.19356	0.01673	0.02260	0.01209	0.01502	0.00893	0.00532	0.00650	0.00188	0.00883	0.00636	0.00358	0.00820
7	0.00765	0.00620	0.00686	0.00678	0.00859	0.00558	0.00519	0.01025	0.05233	0.01782	0.22370	0.05100	0.49925	0.01356	0.00679	0.00195	0.00310	0.06260	0.00557	0.00522
8	0.01335	0.01439	0.02144	0.25825	0.02682	0.11075	0.20202	0.01635	0.01176	0.01524	0.00956	0.01385	0.00783	0.00681	0.00987	0.00204	0.24499	0.00531	0.00267	0.00671
9	0.00826	0.00562	0.00658	0.00647	0.00680	0.00551	0.00393	0.00892	0.01022	0.01395	0.19721	0.03871	0.02880	0.60893	0.02371	0.00464	0.00486	0.00881	0.00415	0.00393
10	0.00691	0.00560	0.00613	0.00642	0.00792	0.00483	0.00465	0.00834	0.01276	0.01578	0.10206	0.23285	0.53558	0.01511	0.00689	0.00202	0.00298	0.01296	0.00538	0.00483
11	0.01338	0.01485	0.03143	0.08001	0.10904	0.01424	0.61272	0.01797	0.01330	0.01809	0.01138	0.01528	0.00864	0.00492	0.00656	0.00190	0.00919	0.00645	0.00286	0.00776
12	0.02087	0.02632	0.01669	0.01614	0.06901	0.72353	0.01150	0.02248	0.01599	0.01432	0.00897	0.01058	0.00748	0.00584	0.00519	0.00149	0.01007	0.00378	0.00294	0.00680
13	0.00862	0.00639	0.00839	0.00939	0.01085	0.00616	0.00804	0.01097	0.01314	0.01672	0.03696	0.06223	0.20868	0.01548	0.00763	0.00246	0.00469	0.55275	0.00528	0.00516
14	0.01029	0.01098	0.00831	0.00795	0.01013	0.19100	0.00596	0.01174	0.01380	0.01510	0.04609	0.04425	0.57905	0.01241	0.00637	0.00182	0.00469	0.01005	0.00474	0.00526
15	0.01326	0.01561	0.10423	0.01847	0.02279	0.01488	0.34453	0.02032	0.19092	0.01876	0.01346	0.01592	0.01041	0.00662	0.00875	0.00203	0.16166	0.00607	0.00347	0.00783
16	0.01166	0.09650	0.51926	0.20132	0.02736	0.01401	0.01882	0.01718	0.01188	0.01684	0.01003	0.01257	0.00735	0.00545	0.00534	0.00178	0.00804	0.00433	0.00245	0.00784
17	0.01362	0.01048	0.01134	0.01023	0.01277	0.01171	0.00766	0.02488	0.52025	0.07427	0.02196	0.02509	0.01803	0.19872	0.01144	0.00280	0.00480	0.00686	0.00534	0.00775
18	0.01157	0.00619	0.00833	0.00853	0.00991	0.00562	0.00615	0.01294	0.01246	0.19660	0.05064	0.56947	0.03248	0.01507	0.00692	0.00218	0.00372	0.02956	0.00576	0.00591
19	0.01259	0.40466	0.22074	0.01066	0.01532	0.01602	0.01128	0.01526	0.01095	0.01412	0.01100	0.01677	0.01056	0.19673	0.01028	0.00242	0.00660	0.00464	0.00268	0.00670
20	0.01643	0.52678	0.10896	0.01132	0.01654	0.02041	0.01131	0.19276	0.01536	0.01943	0.00960	0.01060	0.00791	0.00543	0.00436	0.00141	0.00642	0.00369	0.00323	0.00804
21	0.00917	0.00666	0.00760	0.00678	0.00800	0.00605	0.00427	0.00979	0.00917	0.01291	0.01613	0.03126	0.01782	0.60713	0.02311	0.00441	0.00523	0.00713	0.00345	0.20395
22	0.01156	0.01057	0.01716	0.73208	0.03790	0.01305	0.01554	0.06484	0.01250	0.01609	0.01041	0.01515	0.00777	0.00580	0.00572	0.00189	0.00753	0.00509	0.00276	0.00659

[dist]
# distance from previous block
# <min> <max>
0	56

# created by:
# /software/SequenceAnalysis/GenePrediction/augustus/3.0.1/scripts/msa2prfl.pl ./fixed/BUSCOvEOG7GTMSM.fas
