[name]
unknown

[dist]
# distance from previous block
# <min> <max>
1	275

[block]
# block no. 0 follows, 41 sequences, length 77
# corresponding to MSA columns:
# 298-374
name=unknown_A
#
# <colnr> <probs for GDERKNQSTAVLIFYWHMCP>
#	G	D	E	R	K	N	Q	S	T	A	V	L	I	F	Y	W	H	M	C	P
0	0.01399	0.01506	0.12160	0.38822	0.04697	0.05766	0.03951	0.13639	0.03083	0.03945	0.01149	0.01456	0.00851	0.00605	0.00600	0.00183	0.02841	0.00500	0.02101	0.00745
1	0.01218	0.02860	0.73190	0.01600	0.02425	0.01304	0.02050	0.01860	0.01229	0.05521	0.01087	0.01244	0.00759	0.00552	0.00545	0.00181	0.00828	0.00430	0.00265	0.00852
2	0.78445	0.01127	0.00964	0.00910	0.04373	0.01290	0.02414	0.01688	0.00996	0.02519	0.00817	0.00965	0.00638	0.00529	0.00371	0.00177	0.00465	0.00327	0.00349	0.00635
3	0.00701	0.00508	0.00663	0.00777	0.00827	0.00470	0.00525	0.00812	0.01136	0.01507	0.06948	0.70568	0.08973	0.01737	0.00724	0.00227	0.00326	0.01567	0.00536	0.00470
4	0.00994	0.00497	0.00745	0.00745	0.00745	0.00497	0.00497	0.00745	0.00745	0.00994	0.00994	0.01739	0.00994	0.01987	0.02235	0.83358	0.00497	0.00497	0.00248	0.00248
5	0.00697	0.00498	0.00664	0.00796	0.00830	0.00465	0.00531	0.00796	0.01095	0.01460	0.03153	0.79525	0.03783	0.01792	0.00730	0.00232	0.00332	0.01626	0.00531	0.00465
6	0.01251	0.01251	0.01752	0.01502	0.01502	0.01752	0.01251	0.01377	0.00876	0.01377	0.00751	0.01251	0.00751	0.01001	0.01877	0.00250	0.78851	0.00501	0.00250	0.00626
7	0.00714	0.00581	0.00632	0.00619	0.00796	0.00499	0.00465	0.00895	0.01394	0.01758	0.25802	0.05154	0.55958	0.01369	0.00676	0.00189	0.00284	0.01158	0.00559	0.00499
8	0.01529	0.80242	0.02997	0.00979	0.01468	0.02263	0.00979	0.01713	0.01162	0.01346	0.00795	0.00918	0.00734	0.00489	0.00367	0.00122	0.00612	0.00306	0.00245	0.00734
9	0.02566	0.00973	0.01327	0.01018	0.01460	0.00841	0.00841	0.02788	0.01637	0.76726	0.02257	0.01947	0.01416	0.00708	0.00575	0.00177	0.00487	0.00575	0.00708	0.00973
10	0.02566	0.00973	0.01327	0.01018	0.01460	0.00841	0.00841	0.02788	0.01637	0.76726	0.02257	0.01947	0.01416	0.00708	0.00575	0.00177	0.00487	0.00575	0.00708	0.00973
11	0.00817	0.00613	0.00919	0.00919	0.01021	0.00715	0.00715	0.01021	0.00919	0.01328	0.01532	0.02247	0.01430	0.04290	0.77631	0.00919	0.01532	0.00613	0.00306	0.00511
12	0.02566	0.00973	0.01327	0.01018	0.01460	0.00841	0.00841	0.02788	0.01637	0.76726	0.02257	0.01947	0.01416	0.00708	0.00575	0.00177	0.00487	0.00575	0.00708	0.00973
13	0.81177	0.01102	0.00857	0.00761	0.01118	0.01268	0.00627	0.01719	0.00996	0.05083	0.00846	0.00964	0.00646	0.00537	0.00361	0.00177	0.00444	0.00319	0.00366	0.00631
14	0.01539	0.01286	0.01359	0.01188	0.01532	0.01477	0.00933	0.14077	0.64069	0.02580	0.02180	0.02016	0.01626	0.00762	0.00580	0.00191	0.00480	0.00626	0.00580	0.00916
15	0.02566	0.00973	0.01327	0.01018	0.01460	0.00841	0.00841	0.02788	0.01637	0.76726	0.02257	0.01947	0.01416	0.00708	0.00575	0.00177	0.00487	0.00575	0.00708	0.00973
16	0.00823	0.00560	0.00667	0.00674	0.00690	0.00572	0.00407	0.00856	0.00858	0.01158	0.01836	0.07548	0.02080	0.65286	0.13149	0.00588	0.00678	0.00844	0.00351	0.00376
17	0.00716	0.00506	0.00658	0.00773	0.00801	0.00477	0.00505	0.00801	0.01059	0.01411	0.02965	0.69024	0.03547	0.12615	0.01032	0.00277	0.00363	0.01516	0.00505	0.00448
18	0.01066	0.00533	0.00533	0.00533	0.00666	0.00533	0.00400	0.01333	0.01200	0.02132	0.01866	0.02132	0.01466	0.00666	0.00400	0.00133	0.00267	0.00533	0.83073	0.00533
19	0.01195	0.01024	0.01190	0.00859	0.01360	0.00787	0.00686	0.01499	0.03920	0.01883	0.01065	0.01221	0.00880	0.00437	0.00429	0.00089	0.00425	0.00350	0.00348	0.80352
20	0.01147	0.02959	0.76934	0.01630	0.02476	0.01328	0.02113	0.01811	0.01208	0.01811	0.01026	0.01208	0.00725	0.00543	0.00543	0.00181	0.00845	0.00423	0.00242	0.00845
21	0.00830	0.00593	0.00725	0.00738	0.00750	0.00625	0.00469	0.00870	0.00899	0.01218	0.02027	0.20938	0.02350	0.53095	0.05556	0.00475	0.06078	0.00982	0.00380	0.00401
22	0.01080	0.01017	0.01716	0.78523	0.03940	0.01271	0.01589	0.01461	0.01144	0.01461	0.01017	0.01525	0.00762	0.00572	0.00572	0.00191	0.00762	0.00508	0.00254	0.00635
23	0.45875	0.03033	0.02664	0.00935	0.01229	0.06528	0.04335	0.01584	0.04222	0.02073	0.03574	0.03441	0.01035	0.00999	0.04769	0.11742	0.00579	0.00451	0.00348	0.00586
24	0.01012	0.00697	0.00777	0.00727	0.00792	0.00720	0.00457	0.11028	0.01100	0.01470	0.01801	0.06661	0.01999	0.65576	0.02494	0.00488	0.00555	0.00822	0.00386	0.00438
25	0.00714	0.00510	0.00684	0.00816	0.00857	0.00480	0.00561	0.00826	0.01112	0.01480	0.03143	0.73895	0.03745	0.01776	0.00735	0.00235	0.00347	0.07085	0.00531	0.00469
26	0.01434	0.07964	0.11317	0.08170	0.47820	0.08465	0.03236	0.01789	0.01299	0.01747	0.01027	0.01326	0.00844	0.00523	0.00546	0.00167	0.00739	0.00473	0.00274	0.00840
27	0.83938	0.01106	0.00841	0.00752	0.01106	0.01283	0.00619	0.01681	0.00973	0.02566	0.00796	0.00929	0.00619	0.00531	0.00354	0.00177	0.00442	0.00310	0.00354	0.00619
28	0.00691	0.00580	0.00601	0.00596	0.00782	0.00489	0.00447	0.00851	0.01340	0.01632	0.13922	0.05362	0.67916	0.01416	0.00676	0.00192	0.00287	0.01187	0.00543	0.00489
29	0.01183	0.08041	0.68106	0.01628	0.02436	0.01397	0.05857	0.01806	0.01212	0.01781	0.01018	0.01206	0.00733	0.00537	0.00539	0.00178	0.00836	0.00428	0.00244	0.00834
30	0.00833	0.00615	0.00857	0.00852	0.00919	0.00698	0.00623	0.00974	0.00897	0.01270	0.01621	0.04447	0.01648	0.25750	0.51888	0.00776	0.03848	0.00695	0.00321	0.00467
31	0.02566	0.00973	0.01327	0.01018	0.01460	0.00841	0.00841	0.02788	0.01637	0.76726	0.02257	0.01947	0.01416	0.00708	0.00575	0.00177	0.00487	0.00575	0.00708	0.00973
32	0.01536	0.71855	0.02918	0.01066	0.01535	0.04995	0.03624	0.01727	0.01176	0.01366	0.00810	0.00956	0.00740	0.00510	0.00435	0.00130	0.03316	0.00328	0.00248	0.00729
33	0.02174	0.01602	0.01717	0.01316	0.01774	0.01774	0.01087	0.74423	0.02689	0.03605	0.01373	0.01373	0.00973	0.00687	0.00572	0.00172	0.00629	0.00515	0.00572	0.00973
34	0.00832	0.00555	0.00624	0.00624	0.00624	0.00555	0.00347	0.00832	0.00832	0.01109	0.01802	0.03743	0.02080	0.79898	0.02911	0.00555	0.00555	0.00832	0.00347	0.00347
35	0.01432	0.01077	0.01196	0.01063	0.01363	0.01189	0.00828	0.02636	0.53051	0.10583	0.16435	0.02523	0.02409	0.00844	0.00599	0.00189	0.00421	0.00713	0.00605	0.00843
36	0.00832	0.00555	0.00624	0.00624	0.00624	0.00555	0.00347	0.00832	0.00832	0.01109	0.01802	0.03743	0.02080	0.79898	0.02911	0.00555	0.00555	0.00832	0.00347	0.00347
37	0.02137	0.02726	0.01621	0.01474	0.01768	0.77602	0.01105	0.02284	0.01621	0.01400	0.00884	0.01031	0.00737	0.00589	0.00516	0.00147	0.01031	0.00368	0.00295	0.00663
38	0.01186	0.01017	0.01186	0.00847	0.01356	0.00762	0.00678	0.01440	0.01186	0.01864	0.01017	0.01186	0.00847	0.00424	0.00424	0.00085	0.00424	0.00339	0.00339	0.83395
39	0.02174	0.01602	0.01717	0.01316	0.01774	0.01774	0.01087	0.74423	0.02689	0.03605	0.01373	0.01373	0.00973	0.00687	0.00572	0.00172	0.00629	0.00515	0.00572	0.00973
40	0.01416	0.01359	0.02322	0.03511	0.76330	0.01359	0.01755	0.01755	0.01302	0.01869	0.01076	0.01416	0.00906	0.00510	0.00566	0.00170	0.00680	0.00510	0.00283	0.00906
41	0.00994	0.00497	0.00745	0.00745	0.00745	0.00497	0.00497	0.00745	0.00745	0.00994	0.00994	0.01739	0.00994	0.01987	0.02235	0.83358	0.00497	0.00497	0.00248	0.00248
42	0.00922	0.00658	0.00922	0.01053	0.01185	0.00658	0.00922	0.01185	0.01317	0.01712	0.03029	0.06452	0.03292	0.01580	0.00790	0.00263	0.00527	0.72480	0.00527	0.00527
43	0.00910	0.00650	0.00908	0.01040	0.01166	0.00648	0.00901	0.01164	0.01305	0.01698	0.03035	0.10321	0.03318	0.01591	0.00787	0.00262	0.00516	0.68729	0.00527	0.00523
44	0.00810	0.00585	0.00765	0.00720	0.00855	0.00540	0.00540	0.01079	0.01619	0.02294	0.76028	0.04273	0.05397	0.01169	0.00675	0.00180	0.00270	0.01034	0.00630	0.00540
45	0.01251	0.01251	0.01752	0.01502	0.01502	0.01752	0.01251	0.01377	0.00876	0.01377	0.00751	0.01251	0.00751	0.01001	0.01877	0.00250	0.78851	0.00501	0.00250	0.00626
46	0.00832	0.00555	0.00624	0.00624	0.00624	0.00555	0.00347	0.00832	0.00832	0.01109	0.01802	0.03743	0.02080	0.79898	0.02911	0.00555	0.00555	0.00832	0.00347	0.00347
47	0.01529	0.80242	0.02997	0.00979	0.01468	0.02263	0.00979	0.01713	0.01162	0.01346	0.00795	0.00918	0.00734	0.00489	0.00367	0.00122	0.00612	0.00306	0.00245	0.00734
48	0.01066	0.00533	0.00533	0.00533	0.00666	0.00533	0.00400	0.01333	0.01200	0.02132	0.01866	0.02132	0.01466	0.00666	0.00400	0.00133	0.00267	0.00533	0.83073	0.00533
49	0.01423	0.01229	0.01293	0.01164	0.01487	0.01423	0.00905	0.03039	0.75297	0.02393	0.02328	0.02134	0.01746	0.00776	0.00582	0.00194	0.00453	0.00647	0.00582	0.00905
50	0.58078	0.01064	0.00995	0.00837	0.01219	0.01143	0.00690	0.02033	0.01184	0.26135	0.01260	0.01253	0.00873	0.00587	0.00424	0.00177	0.00457	0.00394	0.00466	0.00732
51	0.00832	0.00555	0.00624	0.00624	0.00624	0.00555	0.00347	0.00832	0.00832	0.01109	0.01802	0.03743	0.02080	0.79898	0.02911	0.00555	0.00555	0.00832	0.00347	0.00347
52	0.00994	0.00497	0.00745	0.00745	0.00745	0.00497	0.00497	0.00745	0.00745	0.00994	0.00994	0.01739	0.00994	0.01987	0.02235	0.83358	0.00497	0.00497	0.00248	0.00248
53	0.00803	0.00584	0.00755	0.00713	0.00850	0.00537	0.00534	0.01067	0.01603	0.02257	0.72550	0.04334	0.08898	0.01183	0.00675	0.00181	0.00271	0.01043	0.00625	0.00537
54	0.01407	0.01350	0.02305	0.05522	0.74389	0.01357	0.01751	0.01748	0.01298	0.01858	0.01074	0.01419	0.00902	0.00511	0.00566	0.00170	0.00682	0.00510	0.00282	0.00899
55	0.01609	0.70038	0.02816	0.01044	0.01508	0.12181	0.00995	0.01788	0.01223	0.01353	0.00807	0.00933	0.00734	0.00503	0.00387	0.00126	0.00667	0.00314	0.00251	0.00725
56	0.01412	0.01368	0.02374	0.03456	0.72698	0.01363	0.05345	0.01759	0.01305	0.01867	0.01080	0.01422	0.00904	0.00508	0.00572	0.00171	0.00694	0.00518	0.00283	0.00899
57	0.00893	0.00682	0.01006	0.01085	0.06322	0.00767	0.00775	0.01105	0.01018	0.01476	0.06108	0.02564	0.01741	0.06997	0.53332	0.00706	0.04009	0.04439	0.04435	0.00539
58	0.01416	0.01359	0.02322	0.03511	0.76330	0.01359	0.01755	0.01755	0.01302	0.01869	0.01076	0.01416	0.00906	0.00510	0.00566	0.00170	0.00680	0.00510	0.00283	0.00906
59	0.00697	0.00498	0.00664	0.00796	0.00830	0.00465	0.00531	0.00796	0.01095	0.01460	0.03153	0.79525	0.03783	0.01792	0.00730	0.00232	0.00332	0.01626	0.00531	0.00465
60	0.01340	0.01514	0.03217	0.02322	0.02844	0.01476	0.67124	0.01788	0.01304	0.01788	0.01118	0.01514	0.00856	0.00533	0.00792	0.00198	0.08570	0.00658	0.00285	0.00757
61	0.01347	0.01535	0.03330	0.02386	0.02948	0.01455	0.72231	0.01820	0.01337	0.01820	0.01146	0.01535	0.00865	0.00497	0.00708	0.00194	0.03121	0.00670	0.00288	0.00767
62	0.01504	0.01211	0.01296	0.01154	0.01485	0.01382	0.00901	0.03022	0.70091	0.07646	0.02323	0.02121	0.01723	0.00771	0.00582	0.00193	0.00455	0.00642	0.00591	0.00910
63	0.00832	0.00555	0.00624	0.00624	0.00624	0.00555	0.00347	0.00832	0.00832	0.01109	0.01802	0.03743	0.02080	0.79898	0.02911	0.00555	0.00555	0.00832	0.00347	0.00347
64	0.09639	0.01525	0.01600	0.01251	0.01688	0.01699	0.01029	0.61692	0.08668	0.03407	0.01401	0.01397	0.01006	0.00680	0.00553	0.00174	0.00597	0.00507	0.00553	0.00935
65	0.00800	0.00584	0.00751	0.00710	0.00849	0.00536	0.00532	0.01061	0.01597	0.02241	0.71065	0.04360	0.10393	0.01189	0.00675	0.00181	0.00271	0.01047	0.00623	0.00536
66	0.01898	0.26702	0.02029	0.01293	0.01655	0.46683	0.01051	0.04158	0.06714	0.01514	0.00972	0.01083	0.00814	0.00574	0.00476	0.00144	0.00849	0.00373	0.00307	0.00711
67	0.01186	0.01017	0.01186	0.00847	0.01356	0.00762	0.00678	0.01440	0.01186	0.01864	0.01017	0.01186	0.00847	0.00424	0.00424	0.00085	0.00424	0.00339	0.00339	0.83395
68	0.00802	0.06207	0.00844	0.00687	0.00864	0.00635	0.00529	0.01007	0.01434	0.01887	0.39097	0.08507	0.32923	0.01265	0.00656	0.00184	0.00305	0.01083	0.00558	0.00527
69	0.00817	0.00613	0.00919	0.00919	0.01021	0.00715	0.00715	0.01021	0.00919	0.01328	0.01532	0.02247	0.01430	0.04290	0.77631	0.00919	0.01532	0.00613	0.00306	0.00511
70	0.00697	0.00498	0.00664	0.00796	0.00830	0.00465	0.00531	0.00796	0.01095	0.01460	0.03153	0.79525	0.03783	0.01792	0.00730	0.00232	0.00332	0.01626	0.00531	0.00465
71	0.01104	0.01041	0.01758	0.73223	0.09055	0.01277	0.01600	0.01482	0.01155	0.01490	0.01021	0.01517	0.00773	0.00567	0.00571	0.00189	0.00757	0.00508	0.00256	0.00655
72	0.01221	0.01206	0.01693	0.01461	0.01468	0.01679	0.01214	0.01351	0.00879	0.01373	0.00806	0.01322	0.00799	0.01234	0.07230	0.00298	0.73387	0.00508	0.00254	0.00618
73	0.02133	0.05451	0.11874	0.01078	0.01588	0.00973	0.01003	0.02418	0.01493	0.52503	0.01846	0.01690	0.01209	0.00636	0.00540	0.00163	0.00535	0.00509	0.00570	0.11789
74	0.02073	0.10822	0.01765	0.01422	0.01737	0.69733	0.01092	0.02224	0.01573	0.01394	0.00875	0.01020	0.00736	0.00579	0.00500	0.00145	0.00988	0.00362	0.00289	0.00671
75	0.02142	0.01586	0.01698	0.01310	0.01762	0.01759	0.01079	0.71365	0.05800	0.03553	0.01414	0.01406	0.01006	0.00690	0.00573	0.00173	0.00622	0.00521	0.00573	0.00970
76	0.62300	0.01355	0.06500	0.03787	0.01486	0.05353	0.06040	0.01716	0.01054	0.02322	0.00849	0.01029	0.00660	0.00548	0.00455	0.00180	0.03026	0.00360	0.00331	0.00649

[dist]
# distance from previous block
# <min> <max>
0	1

[block]
# block no. 1 follows, 41 sequences, length 120
# corresponding to MSA columns:
# 376-495
name=unknown_B
#
# <colnr> <probs for GDERKNQSTAVLIFYWHMCP>
#	G	D	E	R	K	N	Q	S	T	A	V	L	I	F	Y	W	H	M	C	P
0	0.02782	0.01275	0.01587	0.01294	0.01739	0.01119	0.01010	0.02996	0.07930	0.66176	0.02584	0.02469	0.01787	0.00971	0.00744	0.00251	0.00620	0.00703	0.00810	0.01153
1	0.01764	0.01453	0.01520	0.01388	0.01721	0.01561	0.01039	0.03084	0.66306	0.02685	0.05074	0.02796	0.04379	0.01061	0.00756	0.00265	0.00581	0.00793	0.00702	0.01071
2	0.01905	0.75466	0.03153	0.01246	0.01744	0.02403	0.01133	0.01969	0.01412	0.01733	0.01210	0.01490	0.01121	0.00760	0.00549	0.00199	0.00740	0.00445	0.00386	0.00934
3	0.01252	0.00862	0.00931	0.00914	0.00954	0.00803	0.00542	0.01145	0.01103	0.01512	0.02153	0.04135	0.02381	0.75103	0.02931	0.00603	0.00687	0.00938	0.00482	0.00572
4	0.01336	0.00959	0.01210	0.01316	0.01479	0.00901	0.01080	0.01475	0.01557	0.02076	0.03301	0.06672	0.03516	0.01781	0.00945	0.00331	0.00660	0.68016	0.00650	0.00740
5	0.01320	0.01297	0.01793	0.01542	0.01549	0.01782	0.01275	0.01425	0.00923	0.01444	0.00823	0.01347	0.00818	0.01043	0.01892	0.00262	0.78006	0.00523	0.00275	0.00662
6	0.01065	0.00551	0.00797	0.00794	0.00801	0.00541	0.00529	0.00800	0.00793	0.01065	0.01063	0.01829	0.01058	0.02018	0.02246	0.82449	0.00520	0.00519	0.00273	0.00289
7	0.01417	0.01585	0.03398	0.02441	0.03021	0.01480	0.73467	0.01875	0.01391	0.01894	0.01225	0.01635	0.00934	0.00529	0.00703	0.00205	0.00983	0.00695	0.00313	0.00806
8	0.00751	0.00633	0.00633	0.00630	0.00828	0.00527	0.00467	0.00875	0.01346	0.01610	0.05811	0.05553	0.75330	0.01485	0.00704	0.00206	0.00316	0.01221	0.00553	0.00520
9	0.01255	0.01065	0.01233	0.00895	0.01405	0.00803	0.00708	0.01488	0.01229	0.01925	0.01086	0.01283	0.00913	0.00471	0.00455	0.00098	0.00448	0.00363	0.00362	0.82513
10	0.00771	0.00552	0.00717	0.00845	0.00885	0.00509	0.00563	0.00851	0.01139	0.01526	0.03199	0.78753	0.03817	0.01825	0.00758	0.00244	0.00357	0.01636	0.00552	0.00502
11	0.02232	0.01671	0.01756	0.01363	0.01818	0.03638	0.01113	0.71916	0.02690	0.03594	0.01427	0.01459	0.01032	0.00729	0.00600	0.00184	0.00661	0.00533	0.00586	0.00997
12	0.03155	0.01067	0.01736	0.75829	0.03892	0.01306	0.01585	0.01514	0.01183	0.01554	0.01081	0.01603	0.00826	0.00617	0.00596	0.00203	0.00775	0.00526	0.00281	0.00671
13	0.01150	0.01065	0.01757	0.77710	0.03960	0.01306	0.01609	0.01509	0.01187	0.01527	0.01086	0.01618	0.00829	0.00618	0.00601	0.00203	0.00783	0.00530	0.00279	0.00671
14	0.00905	0.00608	0.00677	0.00674	0.00681	0.00598	0.00380	0.00886	0.00879	0.01179	0.01863	0.03811	0.02132	0.79065	0.02915	0.00563	0.00577	0.00850	0.00370	0.00386
15	0.01150	0.01065	0.01757	0.77710	0.03960	0.01306	0.01609	0.01509	0.01187	0.01527	0.01086	0.01618	0.00829	0.00618	0.00601	0.00203	0.00783	0.00530	0.00279	0.00671
16	0.02281	0.01566	0.01710	0.01322	0.01780	0.01688	0.01082	0.64805	0.02586	0.12687	0.01548	0.01539	0.01092	0.00734	0.00602	0.00185	0.00634	0.00544	0.00610	0.01005
17	0.00761	0.00603	0.00667	0.00712	0.00851	0.00521	0.00504	0.00871	0.01276	0.01593	0.06161	0.32412	0.47749	0.01605	0.00724	0.00220	0.00331	0.01370	0.00554	0.00515
18	0.01482	0.01403	0.02356	0.03529	0.75548	0.01393	0.01774	0.01800	0.01344	0.01930	0.01145	0.01510	0.00971	0.00556	0.00596	0.00183	0.00701	0.00532	0.00307	0.00939
19	0.00771	0.00552	0.00717	0.00845	0.00885	0.00509	0.00563	0.00851	0.01139	0.01526	0.03199	0.78753	0.03817	0.01825	0.00758	0.00244	0.00357	0.01636	0.00552	0.00502
20	0.01065	0.00551	0.00797	0.00794	0.00801	0.00541	0.00529	0.00800	0.00793	0.01065	0.01063	0.01829	0.01058	0.02018	0.02246	0.82449	0.00520	0.00519	0.00273	0.00289
21	0.00905	0.00608	0.00677	0.00674	0.00681	0.00598	0.00380	0.00886	0.00879	0.01179	0.01863	0.03811	0.02132	0.79065	0.02915	0.00563	0.00577	0.00850	0.00370	0.00386
22	0.00883	0.00638	0.00816	0.00769	0.00909	0.00583	0.00571	0.01131	0.01657	0.02351	0.75266	0.04335	0.05413	0.01209	0.00703	0.00193	0.00296	0.01051	0.00650	0.00577
23	0.00782	0.00639	0.00678	0.00697	0.00881	0.00548	0.00531	0.00919	0.01339	0.01627	0.05365	0.08717	0.63475	0.01515	0.00720	0.00216	0.00346	0.09928	0.00552	0.00525
24	0.01150	0.01065	0.01757	0.77710	0.03960	0.01306	0.01609	0.01509	0.01187	0.01527	0.01086	0.01618	0.00829	0.00618	0.00601	0.00203	0.00783	0.00530	0.00279	0.00671
25	0.02229	0.01737	0.01750	0.01372	0.01818	0.08056	0.01114	0.67714	0.02628	0.03465	0.01399	0.01440	0.01018	0.00724	0.00597	0.00182	0.00685	0.00525	0.00570	0.00979
26	0.00904	0.00613	0.00702	0.00699	0.00714	0.00611	0.00411	0.00902	0.00886	0.01197	0.01841	0.03688	0.02078	0.72831	0.09075	0.00593	0.00658	0.00832	0.00367	0.00399
27	0.83090	0.01153	0.00892	0.00801	0.01158	0.01318	0.00650	0.01726	0.01019	0.02620	0.00869	0.01029	0.00688	0.00578	0.00386	0.00190	0.00467	0.00334	0.00377	0.00656
28	0.00864	0.00623	0.00799	0.00782	0.00905	0.00570	0.00570	0.01083	0.01568	0.02209	0.62889	0.17116	0.05138	0.01315	0.00712	0.00201	0.00306	0.01151	0.00633	0.00564
29	0.01519	0.01474	0.02320	0.03425	0.71718	0.05310	0.01740	0.01827	0.01361	0.01906	0.01135	0.01490	0.00963	0.00561	0.00593	0.00181	0.00719	0.00524	0.00308	0.00926
30	0.02102	0.02538	0.01758	0.01775	0.11560	0.64206	0.01215	0.04743	0.01654	0.01604	0.00997	0.01192	0.00834	0.00628	0.00554	0.00164	0.00989	0.00415	0.00327	0.00741
31	0.00771	0.00552	0.00717	0.00845	0.00885	0.00509	0.00563	0.00851	0.01139	0.01526	0.03199	0.78753	0.03817	0.01825	0.00758	0.00244	0.00357	0.01636	0.00552	0.00502
32	0.01417	0.01585	0.03398	0.02441	0.03021	0.01480	0.73467	0.01875	0.01391	0.01894	0.01225	0.01635	0.00934	0.00529	0.00703	0.00205	0.00983	0.00695	0.00313	0.00806
33	0.02495	0.04392	0.05834	0.01098	0.01568	0.00967	0.00949	0.02719	0.01631	0.68511	0.02181	0.01950	0.01407	0.00734	0.00594	0.00188	0.00536	0.00577	0.00681	0.00988
34	0.01320	0.01297	0.01793	0.01542	0.01549	0.01782	0.01275	0.01425	0.00923	0.01444	0.00823	0.01347	0.00818	0.01043	0.01892	0.00262	0.78006	0.00523	0.00275	0.00662
35	0.00854	0.00637	0.00777	0.00739	0.00892	0.00571	0.00549	0.01076	0.01590	0.02192	0.60355	0.04597	0.20423	0.01268	0.00703	0.00195	0.00300	0.01087	0.00629	0.00565
36	0.01150	0.01065	0.01757	0.77710	0.03960	0.01306	0.01609	0.01509	0.01187	0.01527	0.01086	0.01618	0.00829	0.00618	0.00601	0.00203	0.00783	0.00530	0.00279	0.00671
37	0.01320	0.01297	0.01793	0.01542	0.01549	0.01782	0.01275	0.01425	0.00923	0.01444	0.00823	0.01347	0.00818	0.01043	0.01892	0.00262	0.78006	0.00523	0.00275	0.00662
38	0.73966	0.04229	0.00966	0.00783	0.01150	0.01285	0.00652	0.01774	0.01036	0.08632	0.00917	0.01013	0.00690	0.00544	0.00373	0.00175	0.00453	0.00331	0.00379	0.00653
39	0.01223	0.00990	0.01069	0.00972	0.01246	0.01076	0.00751	0.02283	0.46291	0.05158	0.13420	0.03143	0.18039	0.00971	0.00615	0.00191	0.00394	0.00817	0.00583	0.00767
40	0.01187	0.11040	0.69203	0.01562	0.02370	0.01426	0.01995	0.01801	0.01203	0.01763	0.01002	0.01177	0.00726	0.00538	0.00525	0.00175	0.00821	0.00410	0.00242	0.00834
41	0.00910	0.00657	0.00902	0.01025	0.01151	0.00659	0.00873	0.01196	0.03625	0.01703	0.03022	0.15250	0.03303	0.01581	0.00776	0.00257	0.00501	0.61549	0.00529	0.00531
42	0.02566	0.00973	0.01327	0.01018	0.01460	0.00841	0.00841	0.02788	0.01637	0.76726	0.02257	0.01947	0.01416	0.00708	0.00575	0.00177	0.00487	0.00575	0.00708	0.00973
43	0.01416	0.01359	0.02322	0.03511	0.76330	0.01359	0.01755	0.01755	0.01302	0.01869	0.01076	0.01416	0.00906	0.00510	0.00566	0.00170	0.00680	0.00510	0.00283	0.00906
44	0.00788	0.00585	0.00847	0.00876	0.00962	0.00650	0.00657	0.00962	0.00963	0.01354	0.01983	0.19453	0.03448	0.06068	0.56739	0.00741	0.01211	0.00856	0.00362	0.00495
45	0.00810	0.00545	0.00630	0.00652	0.00657	0.00540	0.00377	0.00826	0.00875	0.01166	0.02022	0.16103	0.02357	0.67159	0.02556	0.00502	0.00518	0.00961	0.00377	0.00366
46	0.01147	0.02959	0.76934	0.01630	0.02476	0.01328	0.02113	0.01811	0.01208	0.01811	0.01026	0.01208	0.00725	0.00543	0.00543	0.00181	0.00845	0.00423	0.00242	0.00845
47	0.02130	0.01560	0.01670	0.01285	0.01730	0.01725	0.01060	0.71529	0.02630	0.03547	0.01393	0.01403	0.00992	0.00686	0.00565	0.00170	0.00615	0.00516	0.03839	0.00955
48	0.00792	0.00636	0.00925	0.00958	0.01016	0.00659	0.04398	0.00914	0.01084	0.01470	0.02782	0.66773	0.03295	0.01636	0.00855	0.00232	0.09138	0.01451	0.00487	0.00498
49	0.00788	0.00584	0.00734	0.00697	0.00841	0.00530	0.00523	0.01037	0.01568	0.02172	0.64573	0.04474	0.16929	0.01215	0.00675	0.00182	0.00273	0.01063	0.00614	0.00530
50	0.01121	0.01052	0.01747	0.69439	0.09636	0.01284	0.01575	0.01548	0.04109	0.01531	0.01074	0.01540	0.00813	0.00575	0.00572	0.00189	0.00744	0.00514	0.00270	0.00668
51	0.02057	0.02171	0.01700	0.01585	0.08220	0.42567	0.01147	0.26338	0.04974	0.02217	0.01123	0.01224	0.00872	0.00623	0.00542	0.00159	0.00843	0.00441	0.00398	0.00797
52	0.01526	0.71392	0.08353	0.01047	0.01554	0.05298	0.01067	0.01744	0.01184	0.01382	0.00816	0.00943	0.00733	0.00497	0.00386	0.00128	0.00646	0.00317	0.00247	0.00739
53	0.01257	0.01083	0.01306	0.00960	0.01451	0.00897	0.03646	0.04611	0.08613	0.01987	0.01167	0.01302	0.00942	0.00472	0.00455	0.00103	0.00456	0.00390	0.00371	0.68532
54	0.01197	0.04237	0.01152	0.00990	0.01118	0.05704	0.00741	0.13112	0.01297	0.01709	0.03454	0.18779	0.02044	0.25781	0.01530	0.00316	0.12158	0.03705	0.00414	0.00562
55	0.00832	0.00555	0.00624	0.00624	0.00624	0.00555	0.00347	0.00832	0.00832	0.01109	0.01802	0.03743	0.02080	0.79898	0.02911	0.00555	0.00555	0.00832	0.00347	0.00347
56	0.01159	0.02876	0.72660	0.01676	0.02505	0.01335	0.06305	0.01813	0.01216	0.01813	0.01034	0.01227	0.00733	0.00540	0.00551	0.00182	0.00852	0.00437	0.00244	0.00841
57	0.00696	0.00580	0.00608	0.00601	0.00785	0.00491	0.00451	0.00860	0.01352	0.01659	0.16438	0.05318	0.65383	0.01406	0.00676	0.00191	0.00287	0.01181	0.00546	0.00491
58	0.01186	0.01017	0.01186	0.00847	0.01356	0.00762	0.00678	0.01440	0.01186	0.01864	0.01017	0.01186	0.00847	0.00424	0.00424	0.00085	0.00424	0.00339	0.00339	0.83395
59	0.02422	0.00944	0.01294	0.01010	0.01424	0.00830	0.00830	0.02642	0.01578	0.70510	0.02197	0.01972	0.01417	0.01003	0.06928	0.00238	0.00573	0.00578	0.00675	0.00935
60	0.01388	0.01482	0.06551	0.03186	0.57467	0.01375	0.16492	0.01774	0.01307	0.01858	0.01090	0.01430	0.00889	0.00506	0.00587	0.00175	0.00746	0.00539	0.00282	0.00875
61	0.04361	0.01020	0.01681	0.75444	0.03827	0.01271	0.01550	0.01470	0.01137	0.01505	0.01008	0.01501	0.00757	0.00570	0.00563	0.00190	0.00750	0.00500	0.00258	0.00635
62	0.01216	0.01199	0.01683	0.01454	0.01462	0.01666	0.01207	0.01347	0.00880	0.01373	0.00815	0.01334	0.00807	0.01272	0.08123	0.00305	0.72476	0.00510	0.00255	0.00616
63	0.00697	0.00498	0.00664	0.00796	0.00830	0.00465	0.00531	0.00796	0.01095	0.01460	0.03153	0.79525	0.03783	0.01792	0.00730	0.00232	0.00332	0.01626	0.00531	0.00465
64	0.80701	0.01126	0.00875	0.00775	0.01133	0.01303	0.00638	0.04562	0.01041	0.02607	0.00819	0.00947	0.00633	0.00537	0.00363	0.00177	0.00450	0.00318	0.00363	0.00633
65	0.00697	0.00498	0.00664	0.00796	0.00830	0.00465	0.00531	0.00796	0.01095	0.01460	0.03153	0.79525	0.03783	0.01792	0.00730	0.00232	0.00332	0.01626	0.00531	0.00465
66	0.00810	0.00585	0.00765	0.00720	0.00855	0.00540	0.00540	0.01079	0.01619	0.02294	0.76028	0.04273	0.05397	0.01169	0.00675	0.00180	0.00270	0.01034	0.00630	0.00540
67	0.00810	0.00585	0.00765	0.00720	0.00855	0.00540	0.00540	0.01079	0.01619	0.02294	0.76028	0.04273	0.05397	0.01169	0.00675	0.00180	0.00270	0.01034	0.00630	0.00540
68	0.00832	0.00555	0.00624	0.00624	0.00624	0.00555	0.00347	0.00832	0.00832	0.01109	0.01802	0.03743	0.02080	0.79898	0.02911	0.00555	0.00555	0.00832	0.00347	0.00347
69	0.01161	0.00942	0.01496	0.58247	0.03160	0.01142	0.01335	0.01504	0.01168	0.05438	0.01214	0.01639	0.00915	0.00612	0.00595	0.00183	0.03756	0.00516	0.14343	0.00635
70	0.00697	0.00498	0.00664	0.00796	0.00830	0.00465	0.00531	0.00796	0.01095	0.01460	0.03153	0.79525	0.03783	0.01792	0.00730	0.00232	0.00332	0.01626	0.00531	0.00465
71	0.01397	0.01332	0.02234	0.07749	0.68279	0.01357	0.01702	0.01804	0.05094	0.01872	0.01137	0.01459	0.00941	0.00527	0.00567	0.00172	0.00673	0.00517	0.00297	0.00890
72	0.76048	0.01093	0.00888	0.00778	0.01140	0.01240	0.00641	0.01789	0.01038	0.09757	0.00938	0.01028	0.00697	0.00548	0.00375	0.00177	0.00447	0.00335	0.00388	0.00654
73	0.19520	0.07569	0.01259	0.00837	0.01310	0.01001	0.00690	0.01516	0.01137	0.01977	0.00950	0.01107	0.00787	0.00453	0.00404	0.00108	0.00443	0.00330	0.00334	0.58269
74	0.02137	0.02726	0.01621	0.01474	0.01768	0.77602	0.01105	0.02284	0.01621	0.01400	0.00884	0.01031	0.00737	0.00589	0.00516	0.00147	0.01031	0.00368	0.00295	0.00663
75	0.01504	0.00842	0.00858	0.00764	0.00979	0.06990	0.00588	0.03838	0.01359	0.18540	0.04746	0.02035	0.01502	0.00786	0.00598	0.06191	0.00406	0.00546	0.46295	0.00634
76	0.00852	0.00579	0.00805	0.07224	0.01139	0.00565	0.00653	0.00997	0.01167	0.05887	0.06663	0.61721	0.03459	0.01588	0.00708	0.00224	0.00381	0.04351	0.00523	0.00515
77	0.01423	0.01229	0.01293	0.01164	0.01487	0.01423	0.00905	0.03039	0.75297	0.02393	0.02328	0.02134	0.01746	0.00776	0.00582	0.00194	0.00453	0.00647	0.00582	0.00905
78	0.01209	0.02529	0.54598	0.01867	0.02632	0.01364	0.24019	0.01818	0.01251	0.01818	0.01066	0.01309	0.00768	0.00525	0.00583	0.00185	0.00881	0.00499	0.00256	0.00823
79	0.01738	0.02101	0.23664	0.01814	0.15077	0.11520	0.01505	0.31093	0.01875	0.02489	0.01156	0.01288	0.00858	0.00601	0.00555	0.00171	0.00754	0.00468	0.00389	0.00883
80	0.00780	0.00560	0.00733	0.00738	0.00841	0.00520	0.00532	0.00996	0.01454	0.02033	0.54136	0.24600	0.04863	0.03662	0.00756	0.00205	0.00295	0.01188	0.00595	0.00514
81	0.00695	0.00505	0.00657	0.00779	0.00825	0.00466	0.00523	0.00798	0.01112	0.01467	0.03370	0.73422	0.09745	0.01764	0.00726	0.00229	0.00328	0.01592	0.00531	0.00466
82	0.01365	0.01400	0.08300	0.19850	0.51247	0.01316	0.01712	0.01736	0.01273	0.04754	0.01106	0.01444	0.00880	0.00534	0.00566	0.00176	0.00704	0.00505	0.00290	0.00844
83	0.01152	0.02549	0.60331	0.14281	0.07006	0.01321	0.02007	0.01751	0.01203	0.01758	0.01028	0.01271	0.00741	0.00546	0.00549	0.00182	0.00822	0.00442	0.00246	0.00815
84	0.00687	0.00538	0.00622	0.00689	0.00801	0.00474	0.00483	0.00809	0.01199	0.01502	0.04465	0.42748	0.39713	0.01621	0.00703	0.00213	0.00311	0.01418	0.00531	0.00474
85	0.02118	0.01259	0.01343	0.01117	0.01495	0.10491	0.00894	0.04970	0.20885	0.41961	0.03623	0.02046	0.01542	0.00746	0.00578	0.00180	0.00546	0.02699	0.00613	0.00895
86	0.01412	0.01285	0.02013	0.29147	0.42058	0.04445	0.01603	0.04023	0.01322	0.05609	0.01118	0.01464	0.00878	0.00550	0.00567	0.00177	0.00711	0.00507	0.00305	0.00808
87	0.02240	0.04239	0.01595	0.01186	0.01630	0.01432	0.00982	0.41093	0.07212	0.29758	0.01735	0.01615	0.01176	0.00693	0.00566	0.00173	0.00565	0.00538	0.00610	0.00960
88	0.79682	0.01102	0.00886	0.04747	0.01252	0.01283	0.00669	0.01670	0.00982	0.02510	0.00808	0.00960	0.00627	0.00533	0.00365	0.00178	0.00459	0.00320	0.00349	0.00620
89	0.01231	0.01159	0.01811	0.35583	0.08742	0.01375	0.08005	0.03893	0.13270	0.01728	0.01281	0.03474	0.01035	0.00766	0.02373	0.00214	0.12443	0.00574	0.00330	0.00716
90	0.00766	0.00549	0.00741	0.00864	0.00933	0.00524	0.00643	0.00921	0.01184	0.01568	0.06039	0.53927	0.05072	0.01699	0.00744	0.00239	0.00385	0.22181	0.00534	0.00486
91	0.00829	0.00566	0.00684	0.00684	0.00705	0.00587	0.00421	0.00870	0.00850	0.01153	0.01747	0.03440	0.01948	0.64556	0.18073	0.00629	0.00753	0.00787	0.00338	0.00380
92	0.00711	0.00509	0.00676	0.00787	0.00833	0.00474	0.00532	0.00831	0.01160	0.01563	0.12153	0.70231	0.03982	0.01715	0.00723	0.00226	0.00324	0.01553	0.00543	0.00474
93	0.00681	0.00580	0.00587	0.00585	0.00776	0.00485	0.00439	0.00831	0.01316	0.01575	0.08591	0.05456	0.73283	0.01437	0.00676	0.00193	0.00289	0.01200	0.00535	0.00485
94	0.01157	0.00979	0.01140	0.00829	0.01295	0.00745	0.00650	0.01390	0.01157	0.01802	0.01081	0.01397	0.00949	0.06976	0.00629	0.00123	0.00434	0.00380	0.00340	0.76547
95	0.02412	0.00934	0.01273	0.00999	0.01408	0.00810	0.00815	0.02623	0.01592	0.70521	0.02330	0.08343	0.01611	0.00797	0.00588	0.00182	0.00474	0.00662	0.00693	0.00931
96	0.01406	0.11732	0.10095	0.01145	0.01541	0.01401	0.01021	0.02501	0.45324	0.06429	0.02211	0.02238	0.06019	0.00781	0.00563	0.00185	0.00514	0.03555	0.00501	0.00839
97	0.00707	0.00574	0.00627	0.00628	0.00795	0.00494	0.00466	0.00876	0.01357	0.01705	0.21213	0.11200	0.54530	0.01414	0.00680	0.00193	0.00289	0.01203	0.00553	0.00494
98	0.09524	0.01404	0.02470	0.08223	0.02449	0.04457	0.40361	0.03826	0.01251	0.01812	0.01093	0.02808	0.00889	0.00764	0.03980	0.00228	0.12856	0.00595	0.00300	0.00708
99	0.01523	0.51707	0.08681	0.01205	0.04651	0.07880	0.01102	0.01984	0.13299	0.01581	0.01083	0.01169	0.00906	0.00549	0.00436	0.00143	0.00641	0.00384	0.00305	0.00773
100	0.01396	0.01449	0.05440	0.03281	0.63082	0.01370	0.11959	0.01768	0.01305	0.01861	0.01085	0.01425	0.00893	0.00507	0.00581	0.00174	0.00726	0.00529	0.00282	0.00885
101	0.00770	0.00587	0.00832	0.13460	0.01320	0.00603	0.00688	0.00908	0.01082	0.01432	0.02694	0.60609	0.03151	0.07977	0.00883	0.00252	0.00420	0.01379	0.00471	0.00483
102	0.00676	0.00579	0.00579	0.00579	0.00773	0.00483	0.00435	0.00821	0.01304	0.01545	0.05794	0.05505	0.76098	0.01449	0.00676	0.00193	0.00290	0.01207	0.00531	0.00483
103	0.00677	0.00575	0.00584	0.00592	0.00776	0.00482	0.00440	0.00819	0.01292	0.01540	0.05641	0.09805	0.71896	0.01469	0.00679	0.00195	0.00292	0.01232	0.00531	0.00482
104	0.01087	0.01026	0.01717	0.75474	0.03843	0.01290	0.01575	0.01458	0.01133	0.01458	0.01006	0.01514	0.00762	0.00589	0.00624	0.00193	0.03855	0.00508	0.00254	0.00635
105	0.00832	0.00555	0.00624	0.00624	0.00624	0.00555	0.00347	0.00832	0.00832	0.01109	0.01802	0.03743	0.02080	0.79898	0.02911	0.00555	0.00555	0.00832	0.00347	0.00347
106	0.01416	0.01197	0.01274	0.01136	0.01452	0.01370	0.00886	0.07025	0.65003	0.02455	0.08349	0.02266	0.02002	0.00803	0.00589	0.00192	0.00448	0.00671	0.00585	0.00879
107	0.00810	0.00585	0.00765	0.00720	0.00855	0.00540	0.00540	0.01079	0.01619	0.02294	0.76028	0.04273	0.05397	0.01169	0.00675	0.00180	0.00270	0.01034	0.00630	0.00540
108	0.01423	0.01229	0.01293	0.01164	0.01487	0.01423	0.00905	0.03039	0.75297	0.02393	0.02328	0.02134	0.01746	0.00776	0.00582	0.00194	0.00453	0.00647	0.00582	0.00905
109	0.02174	0.01602	0.01717	0.01316	0.01774	0.01774	0.01087	0.74423	0.02689	0.03605	0.01373	0.01373	0.00973	0.00687	0.00572	0.00172	0.00629	0.00515	0.00572	0.00973
110	0.01350	0.01543	0.03375	0.02411	0.02989	0.01446	0.74253	0.01832	0.01350	0.01832	0.01157	0.01543	0.00868	0.00482	0.00675	0.00193	0.00964	0.00675	0.00289	0.00771
111	0.00891	0.00612	0.00719	0.00706	0.00744	0.00632	0.00441	0.04633	0.00953	0.01285	0.01825	0.07840	0.02041	0.61943	0.11902	0.00561	0.00666	0.00835	0.00364	0.00406
112	0.01452	0.01243	0.01310	0.01170	0.01499	0.01436	0.00912	0.05813	0.72475	0.02440	0.02291	0.02104	0.01716	0.00773	0.00582	0.00193	0.00460	0.00642	0.00582	0.00908
113	0.01423	0.01229	0.01293	0.01164	0.01487	0.01423	0.00905	0.03039	0.75297	0.02393	0.02328	0.02134	0.01746	0.00776	0.00582	0.00194	0.00453	0.00647	0.00582	0.00905
114	0.01376	0.01184	0.06161	0.49594	0.11803	0.01221	0.04499	0.01747	0.01255	0.13820	0.01232	0.01563	0.00888	0.00582	0.00574	0.00186	0.00721	0.00521	0.00332	0.00740
115	0.02864	0.43137	0.23612	0.01378	0.01969	0.04853	0.11593	0.01779	0.01216	0.01568	0.00914	0.01091	0.00748	0.00508	0.00465	0.00151	0.00740	0.00393	0.00254	0.00766
116	0.01529	0.80242	0.02997	0.00979	0.01468	0.02263	0.00979	0.01713	0.01162	0.01346	0.00795	0.00918	0.00734	0.00489	0.00367	0.00122	0.00612	0.00306	0.00245	0.00734
117	0.00694	0.00580	0.00604	0.00598	0.00784	0.00490	0.00449	0.00855	0.01346	0.01645	0.15193	0.05340	0.66637	0.01411	0.00676	0.00191	0.00287	0.01184	0.00544	0.00490
118	0.00735	0.00549	0.00768	0.08503	0.01138	0.00545	0.00636	0.00862	0.01100	0.01460	0.02941	0.71791	0.03484	0.01671	0.00714	0.00228	0.00375	0.01515	0.00504	0.00482
119	0.01197	0.01116	0.01796	0.57336	0.08604	0.01354	0.03813	0.05300	0.04263	0.01643	0.01076	0.01512	0.00826	0.00614	0.00683	0.00193	0.07182	0.00519	0.00287	0.00686

[dist]
# distance from previous block
# <min> <max>
0	1

[block]
# block no. 2 follows, 41 sequences, length 15
# corresponding to MSA columns:
# 497-511
name=unknown_C
#
# <colnr> <probs for GDERKNQSTAVLIFYWHMCP>
#	G	D	E	R	K	N	Q	S	T	A	V	L	I	F	Y	W	H	M	C	P
0	0.01529	0.80242	0.02997	0.00979	0.01468	0.02263	0.00979	0.01713	0.01162	0.01346	0.00795	0.00918	0.00734	0.00489	0.00367	0.00122	0.00612	0.00306	0.00245	0.00734
1	0.00994	0.00497	0.00745	0.00745	0.00745	0.00497	0.00497	0.00745	0.00745	0.00994	0.00994	0.01739	0.00994	0.01987	0.02235	0.83358	0.00497	0.00497	0.00248	0.00248
2	0.06776	0.02007	0.01552	0.01425	0.05437	0.41147	0.01055	0.13833	0.01686	0.10726	0.01232	0.04957	0.01002	0.00686	0.00593	0.00166	0.04086	0.00486	0.00400	0.00749
3	0.00754	0.00568	0.00691	0.00757	0.00846	0.00536	0.00523	0.00960	0.05456	0.01589	0.10460	0.48827	0.17913	0.06300	0.00837	0.00237	0.00338	0.01383	0.00532	0.00494
4	0.00676	0.00579	0.00579	0.00579	0.00773	0.00483	0.00435	0.00821	0.01304	0.01545	0.05794	0.05505	0.76098	0.01449	0.00676	0.00193	0.00290	0.01207	0.00531	0.00483
5	0.01338	0.01234	0.02093	0.38215	0.03053	0.01375	0.20861	0.13599	0.01448	0.01950	0.01153	0.01530	0.00866	0.00587	0.00635	0.00187	0.03499	0.00555	0.05100	0.00721
6	0.01375	0.33596	0.13776	0.09876	0.14507	0.01728	0.14243	0.01729	0.01223	0.01599	0.00963	0.01217	0.00788	0.00508	0.00502	0.00158	0.00735	0.00443	0.00259	0.00775
7	0.02182	0.01100	0.01346	0.01086	0.01492	0.01091	0.00879	0.08247	0.24573	0.48167	0.02212	0.01962	0.01485	0.00727	0.00577	0.00182	0.00487	0.00593	0.00659	0.00952
8	0.02566	0.00973	0.01327	0.01018	0.01460	0.00841	0.00841	0.02788	0.01637	0.76726	0.02257	0.01947	0.01416	0.00708	0.00575	0.00177	0.00487	0.00575	0.00708	0.00973
9	0.04944	0.01267	0.01335	0.05821	0.01624	0.04907	0.00932	0.14284	0.39545	0.09921	0.02217	0.02107	0.07020	0.00774	0.00574	0.00186	0.00518	0.00625	0.00547	0.00852
10	0.01230	0.01106	0.05834	0.08032	0.05580	0.06654	0.04385	0.01613	0.09961	0.09524	0.02198	0.33930	0.02234	0.02750	0.00709	0.00211	0.01932	0.00993	0.00462	0.00662
11	0.00715	0.00559	0.00648	0.00672	0.00808	0.00492	0.00487	0.00880	0.01329	0.01712	0.22855	0.24677	0.39189	0.01468	0.00690	0.00200	0.00296	0.01274	0.00556	0.00492
12	0.00762	0.00565	0.00719	0.00816	0.00886	0.00546	0.00565	0.00991	0.06713	0.01585	0.07124	0.64410	0.07109	0.01661	0.00715	0.00226	0.00340	0.03223	0.00540	0.00504
13	0.02112	0.01651	0.01712	0.03057	0.01826	0.14395	0.05489	0.40254	0.06584	0.14909	0.01471	0.01468	0.01040	0.00664	0.00570	0.00171	0.00687	0.00517	0.00524	0.00897
14	0.01258	0.01702	0.19242	0.05588	0.02568	0.01305	0.40777	0.06080	0.01357	0.01870	0.01391	0.11502	0.01213	0.00681	0.00642	0.00194	0.00826	0.00724	0.00325	0.00754

[dist]
# distance from previous block
# <min> <max>
0	191

# created by:
# /software/SequenceAnalysis/GenePrediction/augustus/3.0.1/scripts/msa2prfl.pl ./fixed/BUSCOvEOG7K9CS1.fas
