[name]
unknown

[dist]
# distance from previous block
# <min> <max>
7	85

[block]
# block no. 0 follows, 38 sequences, length 9
# corresponding to MSA columns:
# 93-101
name=unknown_A
#
# <colnr> <probs for GDERKNQSTAVLIFYWHMCP>
#	G	D	E	R	K	N	Q	S	T	A	V	L	I	F	Y	W	H	M	C	P
0	0.01338	0.01170	0.01477	0.03176	0.01640	0.01047	0.04698	0.06084	0.05276	0.02048	0.01152	0.01349	0.00941	0.00542	0.00612	0.00125	0.07020	0.00424	0.00372	0.59512
1	0.02206	0.01531	0.01686	0.01293	0.01772	0.01631	0.01063	0.55156	0.05125	0.12164	0.01555	0.01526	0.01096	0.00701	0.00587	0.00173	0.00616	0.00536	0.00595	0.08988
2	0.00917	0.00803	0.01375	0.13176	0.01787	0.00804	0.13497	0.01140	0.01207	0.01605	0.02592	0.52828	0.02939	0.01440	0.00731	0.00230	0.00538	0.01349	0.00468	0.00574
3	0.01109	0.00899	0.00946	0.00852	0.01118	0.00901	0.00662	0.12654	0.14442	0.02189	0.10512	0.04372	0.44539	0.01248	0.00676	0.00199	0.00389	0.01036	0.00584	0.00672
4	0.12057	0.12214	0.13495	0.01315	0.01851	0.01797	0.01237	0.43519	0.02145	0.03041	0.01230	0.01295	0.00902	0.00650	0.00540	0.00176	0.00671	0.00470	0.00473	0.00922
5	0.01292	0.00796	0.01005	0.00922	0.01037	0.00834	0.00662	0.17567	0.01300	0.01738	0.01415	0.09645	0.01400	0.05918	0.01823	0.50598	0.00540	0.00667	0.00376	0.00467
6	0.01674	0.49549	0.06402	0.01589	0.14622	0.02083	0.01250	0.13024	0.01503	0.01910	0.00996	0.01148	0.00843	0.00554	0.00466	0.00149	0.00671	0.00400	0.00318	0.00849
7	0.05203	0.06194	0.35803	0.01611	0.09443	0.01325	0.01558	0.01947	0.14079	0.01973	0.01653	0.13570	0.01472	0.00814	0.00592	0.00197	0.00680	0.00682	0.00375	0.00826
8	0.01247	0.01069	0.01247	0.00891	0.01426	0.00802	0.00713	0.01515	0.01247	0.01960	0.01069	0.01247	0.00891	0.00446	0.00446	0.00089	0.00446	0.00356	0.00356	0.82536

[dist]
# distance from previous block
# <min> <max>
11	18

[block]
# block no. 1 follows, 38 sequences, length 14
# corresponding to MSA columns:
# 123-136
name=unknown_B
#
# <colnr> <probs for GDERKNQSTAVLIFYWHMCP>
#	G	D	E	R	K	N	Q	S	T	A	V	L	I	F	Y	W	H	M	C	P
0	0.00904	0.00736	0.01115	0.01084	0.01222	0.00717	0.09256	0.01205	0.07378	0.01693	0.04671	0.53535	0.03377	0.04112	0.00826	0.00248	0.00460	0.06362	0.00528	0.00569
1	0.01084	0.01002	0.01735	0.47244	0.03157	0.01146	0.09916	0.01434	0.01240	0.01612	0.01696	0.15068	0.01640	0.00922	0.00668	0.00217	0.00724	0.08499	0.00352	0.00643
2	0.65205	0.14284	0.01313	0.00862	0.01264	0.01549	0.00741	0.05508	0.01152	0.02541	0.00869	0.01000	0.00691	0.00560	0.00387	0.00176	0.00506	0.00336	0.00365	0.00691
3	0.00747	0.00534	0.00711	0.00828	0.00876	0.00498	0.00560	0.00873	0.01218	0.01640	0.11851	0.69632	0.04181	0.01806	0.00761	0.00238	0.00341	0.01636	0.00571	0.00498
4	0.02287	0.01685	0.01805	0.01384	0.01866	0.01866	0.01143	0.73100	0.02828	0.03791	0.01444	0.01444	0.01023	0.00722	0.00602	0.00181	0.00662	0.00542	0.00602	0.01023
5	0.83108	0.01163	0.00884	0.00791	0.01163	0.01350	0.00651	0.01768	0.01024	0.02699	0.00838	0.00977	0.00651	0.00558	0.00372	0.00186	0.00465	0.00326	0.00372	0.00651
6	0.02112	0.01582	0.01712	0.01301	0.01792	0.01687	0.01071	0.61092	0.02563	0.03484	0.01381	0.01411	0.01001	0.00676	0.00576	0.00165	0.00626	0.00511	0.00561	0.14696
7	0.01564	0.70860	0.11126	0.01105	0.01660	0.02272	0.01160	0.01813	0.01228	0.01469	0.00863	0.00999	0.00771	0.00521	0.00406	0.00135	0.00670	0.00335	0.00257	0.00785
8	0.01590	0.01272	0.01432	0.01054	0.01571	0.01153	0.00855	0.25134	0.01769	0.02564	0.01193	0.01312	0.00935	0.00537	0.00497	0.00119	0.00517	0.00418	0.00437	0.55641
9	0.01780	0.01301	0.01441	0.01238	0.01607	0.01438	0.01000	0.22340	0.37930	0.10513	0.02250	0.02544	0.01768	0.00883	0.00635	0.00204	0.00541	0.09038	0.00616	0.00932
10	0.00819	0.00615	0.00790	0.00847	0.00965	0.00541	0.00584	0.00951	0.01168	0.01607	0.02939	0.65513	0.03461	0.01643	0.00714	0.00218	0.00365	0.01483	0.00525	0.14251
11	0.02152	0.02672	0.01608	0.01466	0.01762	0.70014	0.01099	0.02317	0.01667	0.01538	0.01017	0.01183	0.00840	0.00627	0.00532	0.00154	0.01017	0.00402	0.07248	0.00686
12	0.01202	0.01207	0.01879	0.01545	0.01792	0.07545	0.20906	0.01480	0.01148	0.01558	0.01319	0.01890	0.01169	0.02544	0.37679	0.00579	0.12982	0.00623	0.00307	0.00645
13	0.01962	0.02094	0.01487	0.01292	0.01637	0.46394	0.00985	0.02160	0.01630	0.09800	0.09932	0.01625	0.01458	0.00677	0.00553	0.00151	0.00819	0.00490	0.00408	0.14445

[dist]
# distance from previous block
# <min> <max>
12	31

[block]
# block no. 2 follows, 38 sequences, length 17
# corresponding to MSA columns:
# 184-200
name=unknown_C
#
# <colnr> <probs for GDERKNQSTAVLIFYWHMCP>
#	G	D	E	R	K	N	Q	S	T	A	V	L	I	F	Y	W	H	M	C	P
0	0.01239	0.01271	0.10463	0.00994	0.01497	0.00887	0.00891	0.05282	0.01325	0.02026	0.01366	0.08896	0.01225	0.00633	0.00500	0.00125	0.00493	0.00523	0.05423	0.54943
1	0.01701	0.01439	0.02362	0.03041	0.52112	0.01439	0.08227	0.10839	0.01591	0.09412	0.01300	0.01551	0.01011	0.00577	0.00608	0.00182	0.00716	0.00560	0.00380	0.00956
2	0.54679	0.09605	0.01276	0.00935	0.01267	0.01469	0.00787	0.01779	0.03044	0.05024	0.04809	0.01275	0.01007	0.00664	0.00606	0.00190	0.10108	0.00410	0.00381	0.00682
3	0.19524	0.01319	0.01385	0.01089	0.01522	0.01381	0.00889	0.33796	0.01984	0.07524	0.08506	0.01645	0.01405	0.00690	0.00536	0.00167	0.00535	0.00520	0.00524	0.15060
4	0.00818	0.00596	0.00795	0.00836	0.00908	0.00571	0.01878	0.00936	0.01123	0.01530	0.08124	0.44847	0.03304	0.19146	0.08251	0.00376	0.00529	0.01308	0.00489	0.03633
5	0.01789	0.01185	0.01379	0.01121	0.01523	0.01183	0.00913	0.21731	0.12776	0.16802	0.08647	0.02450	0.01880	0.00827	0.00607	0.00178	0.00518	0.07514	0.00585	0.16393
6	0.36173	0.01375	0.03694	0.07520	0.24871	0.01448	0.03197	0.11194	0.01402	0.02483	0.01044	0.01272	0.00817	0.00575	0.00505	0.00185	0.00621	0.00450	0.00366	0.00808
7	0.01467	0.49366	0.26057	0.01359	0.01999	0.02006	0.06844	0.01844	0.01252	0.01608	0.00942	0.01111	0.00780	0.00532	0.00469	0.00154	0.00749	0.00390	0.00260	0.00812
8	0.01213	0.01023	0.01164	0.01056	0.01290	0.06656	0.00826	0.08096	0.08409	0.01823	0.01567	0.02028	0.01362	0.02909	0.45027	0.00629	0.01196	0.00581	0.02291	0.10853
9	0.00892	0.00710	0.00969	0.12365	0.01470	0.00676	0.00755	0.01072	0.01178	0.01617	0.02550	0.52194	0.02913	0.01417	0.00681	0.00208	0.00436	0.01275	0.00476	0.16147
10	0.00873	0.00640	0.00946	0.00946	0.01055	0.00742	0.00735	0.01091	0.00982	0.01441	0.01630	0.02357	0.01506	0.04312	0.72485	0.00923	0.01542	0.00640	0.04617	0.00538
11	0.00711	0.00609	0.00609	0.00609	0.00813	0.00508	0.00457	0.00863	0.01371	0.01625	0.06094	0.05789	0.74862	0.01524	0.00711	0.00203	0.00305	0.01270	0.00559	0.00508
12	0.00932	0.00650	0.00775	0.00791	0.00845	0.00657	0.00511	0.06338	0.01122	0.01504	0.02330	0.29068	0.02671	0.42522	0.06224	0.00459	0.00567	0.01121	0.00446	0.00466
13	0.06630	0.71864	0.02954	0.01021	0.01521	0.02288	0.01004	0.01845	0.03586	0.01530	0.00889	0.01008	0.00799	0.00527	0.00393	0.00135	0.00627	0.00334	0.00276	0.00770
14	0.42794	0.01600	0.10555	0.01127	0.01604	0.01548	0.01031	0.28359	0.01727	0.03007	0.01094	0.01188	0.00804	0.00621	0.00483	0.00185	0.00591	0.00421	0.00443	0.00820
15	0.01986	0.01458	0.01598	0.01252	0.01671	0.01573	0.01013	0.53127	0.06424	0.03198	0.01414	0.01518	0.01059	0.00871	0.00805	0.10430	0.00613	0.00529	0.00536	0.08928
16	0.11118	0.38296	0.23365	0.01462	0.08604	0.04741	0.01404	0.01854	0.01245	0.01759	0.00936	0.01106	0.00772	0.00542	0.00462	0.00159	0.00716	0.00379	0.00276	0.00805

[dist]
# distance from previous block
# <min> <max>
0	12

[block]
# block no. 3 follows, 38 sequences, length 6
# corresponding to MSA columns:
# 213-218
name=unknown_D
#
# <colnr> <probs for GDERKNQSTAVLIFYWHMCP>
#	G	D	E	R	K	N	Q	S	T	A	V	L	I	F	Y	W	H	M	C	P
0	0.46905	0.15138	0.05144	0.06345	0.01615	0.01610	0.00940	0.12382	0.01352	0.02514	0.00956	0.01103	0.00744	0.00579	0.00435	0.00176	0.00570	0.00378	0.00373	0.00741
1	0.01050	0.20731	0.01386	0.04906	0.01173	0.01053	0.00696	0.01216	0.01221	0.01632	0.13777	0.24191	0.02779	0.14721	0.01028	0.00255	0.00474	0.00965	0.06180	0.00567
2	0.01743	0.01308	0.01526	0.01229	0.01576	0.01395	0.04633	0.44298	0.02135	0.02872	0.01784	0.14124	0.01658	0.12516	0.00994	0.00248	0.00610	0.00779	0.00534	0.04041
3	0.07811	0.01123	0.01305	0.05461	0.12372	0.07008	0.00949	0.09598	0.01468	0.02062	0.07910	0.27584	0.02316	0.01072	0.00626	0.00192	0.00536	0.00930	0.00462	0.09214
4	0.26879	0.01685	0.13275	0.01200	0.01719	0.01515	0.01117	0.31899	0.01850	0.02952	0.01158	0.01251	0.00852	0.00617	0.00509	0.00174	0.00614	0.00439	0.00449	0.09846
5	0.01330	0.01115	0.01272	0.00974	0.01446	0.00965	0.00771	0.07011	0.12190	0.02153	0.01437	0.06044	0.01227	0.00607	0.00501	0.00122	0.00460	0.00500	0.00425	0.59450

[dist]
# distance from previous block
# <min> <max>
6	12

[block]
# block no. 4 follows, 38 sequences, length 18
# corresponding to MSA columns:
# 236-253
name=unknown_E
#
# <colnr> <probs for GDERKNQSTAVLIFYWHMCP>
#	G	D	E	R	K	N	Q	S	T	A	V	L	I	F	Y	W	H	M	C	P
0	0.30355	0.12506	0.01362	0.00956	0.01286	0.01381	0.00783	0.17506	0.01498	0.02473	0.01584	0.18290	0.01538	0.00890	0.00516	0.00187	0.00499	0.00693	0.04986	0.00711
1	0.02129	0.01498	0.01648	0.01275	0.01746	0.01594	0.01044	0.49586	0.10016	0.11477	0.01611	0.01573	0.01146	0.00702	0.00585	0.00173	0.00601	0.00542	0.00590	0.10465
2	0.01398	0.01010	0.01121	0.00980	0.01260	0.01039	0.00755	0.21119	0.10094	0.02475	0.02117	0.22026	0.01992	0.00999	0.00587	0.00179	0.00447	0.00846	0.18100	0.11454
3	0.01349	0.01246	0.01980	0.02753	0.50494	0.01184	0.01451	0.01657	0.01318	0.01914	0.01371	0.10360	0.01290	0.00673	0.00583	0.00167	0.00614	0.00633	0.00341	0.18622
4	0.01553	0.27392	0.02655	0.02737	0.48252	0.04148	0.01552	0.01849	0.01331	0.01766	0.01027	0.01301	0.00887	0.00532	0.00524	0.00161	0.00703	0.00460	0.00285	0.00884
5	0.00978	0.17920	0.09930	0.00981	0.01219	0.01005	0.00854	0.01171	0.01181	0.01552	0.02518	0.52681	0.02909	0.01435	0.00662	0.00213	0.00476	0.01262	0.00458	0.00597
6	0.01840	0.01381	0.01503	0.01175	0.01595	0.01454	0.00957	0.49139	0.02366	0.03197	0.10103	0.02220	0.09302	0.00831	0.00607	0.00173	0.00557	0.00658	0.00576	0.10367
7	0.01247	0.01069	0.01247	0.00891	0.01426	0.00802	0.00713	0.01515	0.01247	0.01960	0.01069	0.01247	0.00891	0.00446	0.00446	0.00089	0.00446	0.00356	0.00356	0.82536
8	0.01247	0.01069	0.01247	0.00891	0.01426	0.00802	0.00713	0.01515	0.01247	0.01960	0.01069	0.01247	0.00891	0.00446	0.00446	0.00089	0.00446	0.00356	0.00356	0.82536
9	0.01563	0.01059	0.01280	0.00930	0.01450	0.00820	0.00750	0.01823	0.01350	0.17941	0.01353	0.01421	0.01021	0.00510	0.00480	0.00110	0.00460	0.00410	0.00441	0.64828
10	0.00764	0.00561	0.00716	0.00785	0.00872	0.00514	0.00548	0.00925	0.01337	0.01796	0.23932	0.47958	0.13772	0.01652	0.00744	0.00223	0.00325	0.01476	0.00588	0.00514
11	0.01247	0.01069	0.01247	0.00891	0.01426	0.00802	0.00713	0.01515	0.01247	0.01960	0.01069	0.01247	0.00891	0.00446	0.00446	0.00089	0.00446	0.00356	0.00356	0.82536
12	0.01247	0.01069	0.01247	0.00891	0.01426	0.00802	0.00713	0.01515	0.01247	0.01960	0.01069	0.01247	0.00891	0.00446	0.00446	0.00089	0.00446	0.00356	0.00356	0.82536
13	0.01136	0.01069	0.01804	0.77412	0.04143	0.01337	0.01671	0.01537	0.01203	0.01537	0.01069	0.01604	0.00802	0.00601	0.00601	0.00200	0.00802	0.00535	0.00267	0.00668
14	0.03438	0.01296	0.01232	0.01099	0.01301	0.17626	0.00855	0.01707	0.04121	0.08753	0.33389	0.02910	0.05856	0.01003	0.00846	0.00194	0.12416	0.00776	0.00518	0.00666
15	0.01844	0.01368	0.01514	0.01142	0.01627	0.01353	0.00932	0.39222	0.02098	0.05765	0.01359	0.01428	0.01014	0.00615	0.00533	0.00143	0.00554	0.00473	0.04337	0.32679
16	0.00734	0.00605	0.00647	0.00669	0.00847	0.00518	0.00501	0.00893	0.01361	0.01658	0.08501	0.13928	0.60066	0.01559	0.00724	0.00211	0.00323	0.05181	0.00563	0.00511
17	0.01121	0.00758	0.01038	0.08280	0.01325	0.00695	0.00698	0.01101	0.00979	0.01398	0.01055	0.01613	0.00970	0.01397	0.01546	0.47029	0.00524	0.00468	0.00294	0.27712

[dist]
# distance from previous block
# <min> <max>
18	28

[block]
# block no. 5 follows, 38 sequences, length 9
# corresponding to MSA columns:
# 287-295
name=unknown_F
#
# <colnr> <probs for GDERKNQSTAVLIFYWHMCP>
#	G	D	E	R	K	N	Q	S	T	A	V	L	I	F	Y	W	H	M	C	P
0	0.01859	0.01408	0.01543	0.01167	0.01649	0.01422	0.00953	0.44081	0.02188	0.03064	0.01340	0.01418	0.01004	0.00624	0.00537	0.00146	0.00565	0.00477	0.04866	0.29689
1	0.08248	0.07448	0.08538	0.01114	0.01475	0.01248	0.00965	0.23189	0.01701	0.06207	0.01992	0.28020	0.01989	0.01070	0.00614	0.00197	0.00541	0.00897	0.00505	0.04041
2	0.07937	0.00925	0.01074	0.00941	0.01154	0.04649	0.03515	0.05931	0.01619	0.04740	0.43103	0.03295	0.05063	0.01014	0.00702	0.00187	0.04428	0.00849	0.08237	0.00637
3	0.01328	0.22483	0.45740	0.06449	0.05374	0.01655	0.05426	0.01854	0.01265	0.01759	0.01025	0.01239	0.00782	0.00554	0.00533	0.00175	0.00819	0.00436	0.00260	0.00844
4	0.01386	0.08785	0.03037	0.11081	0.02891	0.01558	0.48012	0.01808	0.01329	0.01800	0.01124	0.01513	0.00876	0.00554	0.00741	0.00193	0.06448	0.00617	0.00296	0.05952
5	0.01223	0.01211	0.08187	0.00988	0.01475	0.00870	0.00855	0.05535	0.01325	0.01993	0.01443	0.13328	0.01369	0.00698	0.00517	0.00128	0.00484	0.00587	0.00392	0.57392
6	0.01512	0.11626	0.01899	0.05667	0.20646	0.01309	0.01146	0.08714	0.01447	0.04995	0.01143	0.01342	0.00923	0.00525	0.00506	0.00136	0.00584	0.00436	0.00363	0.35079
7	0.41501	0.05100	0.01147	0.00931	0.01253	0.05556	0.00748	0.11904	0.01455	0.02564	0.13125	0.09090	0.01851	0.00820	0.00508	0.00187	0.00497	0.00617	0.00461	0.00684
8	0.01567	0.01432	0.02206	0.03071	0.56154	0.01482	0.01634	0.08935	0.13256	0.02230	0.01375	0.01607	0.01102	0.00599	0.00599	0.00183	0.00671	0.00560	0.00378	0.00960

[dist]
# distance from previous block
# <min> <max>
3	24

[block]
# block no. 6 follows, 38 sequences, length 14
# corresponding to MSA columns:
# 321-334
name=unknown_G
#
# <colnr> <probs for GDERKNQSTAVLIFYWHMCP>
#	G	D	E	R	K	N	Q	S	T	A	V	L	I	F	Y	W	H	M	C	P
0	0.00987	0.00626	0.00825	0.00830	0.00956	0.00582	0.00610	0.01189	0.01446	0.08335	0.35028	0.27163	0.04341	0.07340	0.00908	0.00243	0.00369	0.07048	0.00606	0.00566
1	0.01805	0.55756	0.02707	0.01189	0.01641	0.25141	0.01070	0.01986	0.01371	0.01433	0.00865	0.01002	0.00773	0.00547	0.00434	0.00137	0.00779	0.00342	0.00274	0.00749
2	0.00861	0.00636	0.00926	0.00926	0.01019	0.00730	0.00701	0.01048	0.00955	0.01366	0.01649	0.02570	0.01593	0.14257	0.66851	0.00917	0.01477	0.00675	0.00328	0.00514
3	0.01574	0.72622	0.09445	0.01089	0.01636	0.02295	0.01133	0.01810	0.01226	0.01458	0.00857	0.00991	0.00771	0.00520	0.00402	0.00134	0.00665	0.00332	0.00257	0.00782
4	0.51795	0.01316	0.01010	0.00942	0.01249	0.11988	0.00734	0.01826	0.07018	0.02323	0.01376	0.13467	0.01296	0.00800	0.00479	0.00192	0.00536	0.00584	0.00412	0.00656
5	0.00716	0.00591	0.00629	0.00660	0.00826	0.00504	0.00479	0.00858	0.01323	0.01605	0.05484	0.21744	0.59301	0.01603	0.00723	0.00212	0.00314	0.01366	0.00559	0.00504
6	0.02247	0.02867	0.01705	0.01550	0.01860	0.76443	0.01162	0.02402	0.01705	0.01472	0.00930	0.01085	0.00775	0.00620	0.00542	0.00155	0.01085	0.00387	0.00310	0.00697
7	0.01608	0.79220	0.03152	0.01029	0.01544	0.02380	0.01029	0.01801	0.01222	0.01415	0.00836	0.00965	0.00772	0.00515	0.00386	0.00129	0.00643	0.00322	0.00257	0.00772
8	0.02572	0.01227	0.01522	0.01167	0.01637	0.01186	0.00964	0.24496	0.02062	0.53478	0.02088	0.01862	0.01346	0.00738	0.00604	0.00184	0.00558	0.00585	0.00701	0.01024
9	0.00718	0.00583	0.00637	0.00680	0.00831	0.00502	0.00488	0.00855	0.01304	0.01598	0.05240	0.28124	0.53078	0.01635	0.00728	0.00216	0.00318	0.01405	0.00559	0.00502
10	0.01774	0.01358	0.01463	0.01247	0.01629	0.01528	0.00989	0.18822	0.52049	0.08896	0.02217	0.02049	0.01625	0.00789	0.00609	0.00197	0.00521	0.00643	0.00621	0.00974
11	0.01212	0.01104	0.01836	0.54566	0.19423	0.01290	0.01601	0.01593	0.01245	0.01692	0.01160	0.01634	0.00899	0.00596	0.00584	0.00190	0.00738	0.00537	0.07377	0.00721
12	0.00730	0.00536	0.00685	0.00805	0.00864	0.00491	0.00544	0.00841	0.01183	0.01548	0.03714	0.68048	0.14139	0.01833	0.00760	0.00238	0.00343	0.01647	0.00558	0.00491
13	0.02247	0.02867	0.01705	0.01550	0.01860	0.76443	0.01162	0.02402	0.01705	0.01472	0.00930	0.01085	0.00775	0.00620	0.00542	0.00155	0.01085	0.00387	0.00310	0.00697

[dist]
# distance from previous block
# <min> <max>
8	27

[block]
# block no. 7 follows, 38 sequences, length 24
# corresponding to MSA columns:
# 366-389
name=unknown_H
#
# <colnr> <probs for GDERKNQSTAVLIFYWHMCP>
#	G	D	E	R	K	N	Q	S	T	A	V	L	I	F	Y	W	H	M	C	P
0	0.27304	0.01924	0.12005	0.01260	0.01730	0.16777	0.01131	0.21792	0.01744	0.07366	0.01159	0.01240	0.00850	0.00630	0.00514	0.00179	0.00710	0.00433	0.00431	0.00822
1	0.16396	0.01368	0.02135	0.05700	0.59147	0.01412	0.01622	0.01821	0.01301	0.02085	0.01076	0.01399	0.00893	0.00542	0.00555	0.00181	0.00672	0.00498	0.00310	0.00888
2	0.01565	0.70997	0.10995	0.01103	0.01658	0.02274	0.01158	0.01813	0.01227	0.01468	0.00863	0.00998	0.00771	0.00521	0.00406	0.00135	0.00670	0.00335	0.00257	0.00785
3	0.01589	0.01302	0.01576	0.01500	0.08852	0.01423	0.04424	0.07085	0.49917	0.07206	0.02236	0.02132	0.03440	0.00768	0.00610	0.00195	0.00533	0.00657	0.00564	0.03993
4	0.01820	0.01408	0.01555	0.01163	0.01668	0.01388	0.00950	0.40930	0.02118	0.02968	0.01276	0.01356	0.00964	0.00598	0.00532	0.00139	0.00565	0.00458	0.00492	0.37654
5	0.79200	0.01159	0.00928	0.04444	0.01305	0.01349	0.00700	0.01757	0.01032	0.02644	0.00849	0.01007	0.00659	0.00560	0.00383	0.00187	0.00481	0.00336	0.00367	0.00652
6	0.01521	0.01491	0.02410	0.03601	0.71984	0.04626	0.01817	0.01870	0.01384	0.01944	0.01123	0.01472	0.00945	0.00540	0.00593	0.00178	0.00730	0.00530	0.00298	0.00942
7	0.01390	0.01065	0.01262	0.00909	0.01436	0.00810	0.00730	0.01654	0.01294	0.09183	0.01197	0.01326	0.00950	0.00475	0.00461	0.00099	0.00452	0.00381	0.00395	0.74532
8	0.00851	0.00615	0.00804	0.00757	0.00899	0.00568	0.00568	0.01135	0.01703	0.02412	0.74788	0.04494	0.05676	0.01230	0.00710	0.00189	0.00284	0.01088	0.00662	0.00568
9	0.02668	0.01074	0.01427	0.01094	0.01561	0.00959	0.00904	0.08300	0.01806	0.70034	0.02302	0.02001	0.01453	0.00743	0.00605	0.00186	0.00523	0.00600	0.00734	0.01024
10	0.01136	0.01069	0.01804	0.77412	0.04143	0.01337	0.01671	0.01537	0.01203	0.01537	0.01069	0.01604	0.00802	0.00601	0.00601	0.00200	0.00802	0.00535	0.00267	0.00668
11	0.02287	0.01685	0.01805	0.01384	0.01866	0.01866	0.01143	0.73100	0.02828	0.03791	0.01444	0.01444	0.01023	0.00722	0.00602	0.00181	0.00662	0.00542	0.00602	0.01023
12	0.01563	0.01571	0.02369	0.03482	0.67914	0.08795	0.01779	0.01901	0.01403	0.01917	0.01112	0.01449	0.00935	0.00544	0.00590	0.00176	0.00751	0.00521	0.00299	0.00928
13	0.01496	0.01292	0.01360	0.01224	0.01564	0.01496	0.00952	0.03197	0.74019	0.02516	0.02448	0.02244	0.01836	0.00816	0.00612	0.00204	0.00476	0.00680	0.00612	0.00952
14	0.00926	0.00662	0.00920	0.01058	0.01178	0.00655	0.00894	0.01172	0.01342	0.01752	0.03209	0.19888	0.03557	0.01703	0.00819	0.00271	0.00516	0.58381	0.00555	0.00542
15	0.01247	0.01069	0.01247	0.00891	0.01426	0.00802	0.00713	0.01515	0.01247	0.01960	0.01069	0.01247	0.00891	0.00446	0.00446	0.00089	0.00446	0.00356	0.00356	0.82536
16	0.01247	0.01069	0.01247	0.00891	0.01426	0.00802	0.00713	0.01515	0.01247	0.01960	0.01069	0.01247	0.00891	0.00446	0.00446	0.00089	0.00446	0.00356	0.00356	0.82536
17	0.01420	0.01623	0.03550	0.02535	0.03144	0.01521	0.72921	0.01927	0.01420	0.01927	0.01217	0.01623	0.00913	0.00507	0.00710	0.00203	0.01014	0.00710	0.00304	0.00811
18	0.00838	0.00614	0.00785	0.00742	0.00890	0.00562	0.00557	0.01109	0.01670	0.02335	0.68043	0.04621	0.12470	0.01259	0.00710	0.00191	0.00286	0.01106	0.00652	0.00562
19	0.01247	0.01069	0.01247	0.00891	0.01426	0.00802	0.00713	0.01515	0.01247	0.01960	0.01069	0.01247	0.00891	0.00446	0.00446	0.00089	0.00446	0.00356	0.00356	0.82536
20	0.01247	0.01069	0.01247	0.00891	0.01426	0.00802	0.00713	0.01515	0.01247	0.01960	0.01069	0.01247	0.00891	0.00446	0.00446	0.00089	0.00446	0.00356	0.00356	0.82536
21	0.01136	0.01069	0.01804	0.77412	0.04143	0.01337	0.01671	0.01537	0.01203	0.01537	0.01069	0.01604	0.00802	0.00601	0.00601	0.00200	0.00802	0.00535	0.00267	0.00668
22	0.01526	0.01355	0.01374	0.01237	0.01576	0.04477	0.00961	0.03165	0.71143	0.02475	0.02388	0.02198	0.01794	0.00808	0.00609	0.00202	0.00500	0.00668	0.00600	0.00942
23	0.00859	0.00645	0.00967	0.00967	0.01074	0.00752	0.00752	0.01074	0.00967	0.01396	0.01611	0.02363	0.01504	0.04512	0.76474	0.00967	0.01611	0.00645	0.00322	0.00537

[dist]
# distance from previous block
# <min> <max>
0	1

[block]
# block no. 8 follows, 38 sequences, length 8
# corresponding to MSA columns:
# 391-398
name=unknown_I
#
# <colnr> <probs for GDERKNQSTAVLIFYWHMCP>
#	G	D	E	R	K	N	Q	S	T	A	V	L	I	F	Y	W	H	M	C	P
0	0.01858	0.01341	0.01508	0.01157	0.01631	0.01336	0.00941	0.33146	0.08391	0.10193	0.01503	0.01537	0.01112	0.00757	0.02928	0.00177	0.00586	0.00500	0.00524	0.28873
1	0.01302	0.01041	0.01545	0.45497	0.02955	0.01233	0.01314	0.01861	0.12465	0.07798	0.07296	0.01998	0.01451	0.00720	0.00654	0.00198	0.03665	0.00608	0.05674	0.00725
2	0.01369	0.01103	0.01241	0.01068	0.01335	0.08087	0.00843	0.05912	0.01284	0.07727	0.01421	0.01841	0.01217	0.04009	0.29210	0.00468	0.07771	0.00535	0.03812	0.19748
3	0.21104	0.01242	0.01641	0.01857	0.24597	0.01251	0.01155	0.08501	0.01545	0.29041	0.01542	0.01568	0.01083	0.00633	0.00547	0.00183	0.00578	0.00512	0.00504	0.00914
4	0.05994	0.02316	0.01707	0.01464	0.01811	0.44672	0.01142	0.24527	0.01975	0.02257	0.01078	0.01208	0.00848	0.00677	0.00645	0.00171	0.05868	0.00442	0.00402	0.00795
5	0.10097	0.01402	0.01622	0.45365	0.03063	0.13425	0.01370	0.01956	0.12452	0.01801	0.01234	0.01552	0.00941	0.00633	0.00569	0.00192	0.00761	0.00511	0.00338	0.00715
6	0.01506	0.01510	0.02274	0.14817	0.57274	0.08511	0.01755	0.01851	0.01376	0.01853	0.01103	0.01468	0.00913	0.00554	0.00591	0.00180	0.00763	0.00522	0.00294	0.00885
7	0.02051	0.02277	0.01710	0.01655	0.08716	0.45967	0.01174	0.13282	0.11034	0.02032	0.01254	0.01362	0.00989	0.00655	0.00562	0.00167	0.00882	0.00468	0.02966	0.00800

[dist]
# distance from previous block
# <min> <max>
2	7

[block]
# block no. 9 follows, 38 sequences, length 46
# corresponding to MSA columns:
# 406-451
name=unknown_J
#
# <colnr> <probs for GDERKNQSTAVLIFYWHMCP>
#	G	D	E	R	K	N	Q	S	T	A	V	L	I	F	Y	W	H	M	C	P
0	0.01153	0.01093	0.01852	0.70556	0.03970	0.01319	0.04652	0.01553	0.01214	0.01574	0.01076	0.01588	0.00811	0.00590	0.00599	0.00195	0.00794	0.00534	0.00273	0.04606
1	0.00732	0.00610	0.00638	0.00631	0.00825	0.00517	0.00473	0.00904	0.01420	0.01742	0.16308	0.05597	0.64575	0.01480	0.00711	0.00201	0.00302	0.01243	0.00574	0.00517
2	0.02287	0.01685	0.01805	0.01384	0.01866	0.01866	0.01143	0.73100	0.02828	0.03791	0.01444	0.01444	0.01023	0.00722	0.00602	0.00181	0.00662	0.00542	0.00602	0.01023
3	0.02533	0.00987	0.01343	0.01042	0.01478	0.00856	0.00856	0.02770	0.01720	0.68945	0.08888	0.02268	0.01866	0.00788	0.00614	0.00186	0.00491	0.00648	0.00737	0.00983
4	0.06746	0.25514	0.01930	0.01068	0.01533	0.01471	0.00933	0.05416	0.07804	0.39047	0.01775	0.01642	0.01229	0.00668	0.00524	0.00169	0.00553	0.00505	0.00554	0.00918
5	0.01280	0.01082	0.01258	0.00912	0.01431	0.00841	0.00728	0.04710	0.01316	0.02031	0.01146	0.03331	0.00980	0.00497	0.00461	0.00097	0.00453	0.00401	0.00373	0.76672
6	0.01010	0.00646	0.00843	0.00777	0.00944	0.00590	0.00587	0.01261	0.01650	0.08595	0.61876	0.04250	0.08957	0.01238	0.00765	0.03424	0.00314	0.01034	0.00648	0.00591
7	0.43748	0.09041	0.01312	0.03953	0.01425	0.01446	0.00809	0.13505	0.04476	0.02631	0.04243	0.01362	0.01054	0.00626	0.00450	0.00175	0.00511	0.00431	0.05004	0.03798
8	0.01888	0.01407	0.01538	0.01243	0.01635	0.01523	0.00997	0.51370	0.06412	0.03187	0.01834	0.16092	0.01622	0.00932	0.00625	0.00189	0.00580	0.00760	0.00580	0.05586
9	0.14762	0.01084	0.01672	0.55723	0.03379	0.01301	0.05419	0.01589	0.01189	0.01796	0.01094	0.01541	0.00829	0.00595	0.00558	0.00194	0.00726	0.00511	0.05370	0.00667
10	0.01441	0.01204	0.01437	0.07336	0.01744	0.01126	0.00915	0.14772	0.03450	0.02246	0.01158	0.01344	0.00927	0.00557	0.00587	0.00129	0.05361	0.00425	0.00395	0.53445
11	0.04530	0.01256	0.01791	0.24639	0.02360	0.01670	0.01388	0.05505	0.01118	0.01656	0.00913	0.01398	0.00801	0.00877	0.01416	0.00236	0.46954	0.00522	0.00288	0.00681
12	0.01781	0.01212	0.01415	0.05436	0.01707	0.01275	0.00972	0.11248	0.33033	0.18586	0.02100	0.02165	0.01566	0.00773	0.00599	0.00187	0.00525	0.03979	0.00587	0.10855
13	0.01162	0.00992	0.00964	0.00907	0.01102	0.11889	0.00691	0.01438	0.03707	0.06134	0.41106	0.06874	0.14406	0.01192	0.00685	0.00193	0.00442	0.04918	0.00588	0.00611
14	0.14426	0.01062	0.01291	0.01036	0.01458	0.01018	0.00845	0.02719	0.10821	0.52399	0.05127	0.02014	0.01581	0.00746	0.00576	0.00189	0.00491	0.00593	0.00669	0.00941
15	0.02003	0.02365	0.01561	0.04385	0.01771	0.56414	0.01062	0.07638	0.01649	0.01610	0.01119	0.01557	0.01005	0.12260	0.00924	0.00222	0.00966	0.00478	0.00339	0.00672
16	0.83108	0.01163	0.00884	0.00791	0.01163	0.01350	0.00651	0.01768	0.01024	0.02699	0.00838	0.00977	0.00651	0.00558	0.00372	0.00186	0.00465	0.00326	0.00372	0.00651
17	0.01148	0.01069	0.01520	0.01354	0.01393	0.01441	0.01108	0.01310	0.00938	0.01429	0.01092	0.01702	0.01053	0.02328	0.29429	0.00523	0.49696	0.00570	0.00285	0.00613
18	0.01207	0.03112	0.75741	0.01715	0.02604	0.01397	0.02223	0.01905	0.01270	0.01905	0.01080	0.01270	0.00762	0.00572	0.00572	0.00191	0.00889	0.00445	0.00254	0.00889
19	0.00733	0.00524	0.00698	0.00838	0.00873	0.00489	0.00558	0.00838	0.01152	0.01536	0.03316	0.78466	0.03979	0.01885	0.00768	0.00244	0.00349	0.01710	0.00558	0.00489
20	0.00875	0.00583	0.00656	0.00656	0.00656	0.00583	0.00365	0.00875	0.00875	0.01166	0.01895	0.03937	0.02187	0.78858	0.03062	0.00583	0.00583	0.00875	0.00365	0.00365
21	0.01238	0.02890	0.65007	0.01837	0.02684	0.01416	0.12735	0.01908	0.01292	0.01908	0.01100	0.01323	0.00784	0.00562	0.00592	0.00192	0.00908	0.00484	0.00261	0.00878
22	0.00851	0.00615	0.00804	0.00757	0.00899	0.00568	0.00568	0.01135	0.01703	0.02412	0.74788	0.04494	0.05676	0.01230	0.00710	0.00189	0.00284	0.01088	0.00662	0.00568
23	0.02223	0.01637	0.01760	0.01362	0.01825	0.01809	0.01119	0.70134	0.02760	0.03699	0.01521	0.04606	0.01144	0.00770	0.00609	0.00183	0.00649	0.00590	0.00600	0.01001
24	0.01207	0.03112	0.75741	0.01715	0.02604	0.01397	0.02223	0.01905	0.01270	0.01905	0.01080	0.01270	0.00762	0.00572	0.00572	0.00191	0.00889	0.00445	0.00254	0.00889
25	0.01207	0.03112	0.75741	0.01715	0.02604	0.01397	0.02223	0.01905	0.01270	0.01905	0.01080	0.01270	0.00762	0.00572	0.00572	0.00191	0.00889	0.00445	0.00254	0.00889
26	0.01151	0.01084	0.01831	0.74304	0.07135	0.01340	0.01678	0.01550	0.01210	0.01555	0.01072	0.01599	0.00808	0.00599	0.00601	0.00200	0.00798	0.00535	0.00269	0.00680
27	0.01608	0.79220	0.03152	0.01029	0.01544	0.02380	0.01029	0.01801	0.01222	0.01415	0.00836	0.00965	0.00772	0.00515	0.00386	0.00129	0.00643	0.00322	0.00257	0.00772
28	0.01207	0.03112	0.75741	0.01715	0.02604	0.01397	0.02223	0.01905	0.01270	0.01905	0.01080	0.01270	0.00762	0.00572	0.00572	0.00191	0.00889	0.00445	0.00254	0.00889
29	0.01207	0.03112	0.75741	0.01715	0.02604	0.01397	0.02223	0.01905	0.01270	0.01905	0.01080	0.01270	0.00762	0.00572	0.00572	0.00191	0.00889	0.00445	0.00254	0.00889
30	0.00851	0.00615	0.00804	0.00757	0.00899	0.00568	0.00568	0.01135	0.01703	0.02412	0.74788	0.04494	0.05676	0.01230	0.00710	0.00189	0.00284	0.01088	0.00662	0.00568
31	0.02699	0.01024	0.01396	0.01070	0.01536	0.00884	0.00884	0.02932	0.01722	0.75522	0.02373	0.02048	0.01489	0.00745	0.00605	0.00186	0.00512	0.00605	0.00745	0.01024
32	0.02699	0.01024	0.01396	0.01070	0.01536	0.00884	0.00884	0.02932	0.01722	0.75522	0.02373	0.02048	0.01489	0.00745	0.00605	0.00186	0.00512	0.00605	0.00745	0.01024
33	0.00875	0.00583	0.00656	0.00656	0.00656	0.00583	0.00365	0.00875	0.00875	0.01166	0.01895	0.03937	0.02187	0.78858	0.03062	0.00583	0.00583	0.00875	0.00365	0.00365
34	0.01121	0.00561	0.00561	0.00561	0.00701	0.00561	0.00421	0.01402	0.01262	0.02243	0.01962	0.02243	0.01542	0.00701	0.00421	0.00140	0.00280	0.00561	0.82198	0.00561
35	0.01316	0.01316	0.01843	0.01579	0.01579	0.01843	0.01316	0.01448	0.00921	0.01448	0.00790	0.01316	0.00790	0.01053	0.01974	0.00263	0.77757	0.00526	0.00263	0.00658
36	0.00962	0.00688	0.00959	0.01086	0.01225	0.00685	0.00945	0.01240	0.01404	0.01838	0.07558	0.06646	0.03597	0.01635	0.00823	0.00272	0.00537	0.66783	0.00561	0.00555
37	0.00733	0.00524	0.00698	0.00838	0.00873	0.00489	0.00558	0.00838	0.01152	0.01536	0.03316	0.78466	0.03979	0.01885	0.00768	0.00244	0.00349	0.01710	0.00558	0.00489
38	0.01608	0.79220	0.03152	0.01029	0.01544	0.02380	0.01029	0.01801	0.01222	0.01415	0.00836	0.00965	0.00772	0.00515	0.00386	0.00129	0.00643	0.00322	0.00257	0.00772
39	0.00902	0.00690	0.00800	0.00779	0.00947	0.00606	0.00572	0.01087	0.01594	0.02128	0.41554	0.09628	0.33487	0.01449	0.00757	0.00218	0.00337	0.01224	0.00645	0.00596
40	0.00849	0.00608	0.00780	0.00913	0.00958	0.00557	0.00608	0.00923	0.01220	0.01638	0.03385	0.77275	0.04028	0.01934	0.00810	0.00263	0.00389	0.01724	0.00591	0.00547
41	0.05773	0.01149	0.01817	0.71926	0.04007	0.01391	0.01644	0.01623	0.01260	0.01703	0.01165	0.01713	0.00898	0.00671	0.00634	0.00219	0.00815	0.00557	0.00311	0.00723
42	0.02266	0.01676	0.01801	0.01427	0.01885	0.01828	0.01164	0.64658	0.06152	0.03684	0.01690	0.01924	0.01296	0.00848	0.00660	0.00207	0.00681	0.04477	0.00632	0.01043
43	0.63650	0.01230	0.01094	0.00942	0.01340	0.01335	0.00761	0.04729	0.01293	0.16511	0.01261	0.01351	0.00930	0.00672	0.00474	0.00206	0.00519	0.00424	0.00487	0.00791
44	0.01968	0.01405	0.01598	0.05496	0.01808	0.01532	0.01072	0.46052	0.02260	0.05974	0.01633	0.01859	0.01260	0.01508	0.15114	0.00349	0.00850	0.00599	0.06738	0.00925
45	0.01660	0.51529	0.06666	0.01120	0.01637	0.01984	0.01064	0.07488	0.01426	0.01863	0.01108	0.01289	0.00957	0.00608	0.00473	0.00152	0.00643	0.00402	0.04932	0.12998

[dist]
# distance from previous block
# <min> <max>
0	11

[block]
# block no. 10 follows, 38 sequences, length 9
# corresponding to MSA columns:
# 463-471
name=unknown_K
#
# <colnr> <probs for GDERKNQSTAVLIFYWHMCP>
#	G	D	E	R	K	N	Q	S	T	A	V	L	I	F	Y	W	H	M	C	P
0	0.01045	0.00522	0.00784	0.00784	0.00784	0.00522	0.00522	0.00784	0.00784	0.01045	0.01045	0.01829	0.01045	0.02090	0.02351	0.82497	0.00522	0.00522	0.00261	0.00261
1	0.02104	0.01594	0.01702	0.01347	0.01796	0.01780	0.01099	0.56891	0.19335	0.03496	0.01677	0.01630	0.01212	0.00744	0.00604	0.00186	0.00619	0.00574	0.00604	0.01007
2	0.20884	0.01089	0.01237	0.00973	0.01424	0.01019	0.00792	0.02326	0.07100	0.34413	0.01695	0.01613	0.01172	0.00632	0.00511	0.00163	0.00482	0.00484	0.00550	0.21441
3	0.01098	0.00772	0.00931	0.00832	0.01025	0.00764	0.00640	0.12106	0.01828	0.02604	0.56044	0.03795	0.04538	0.01098	0.00663	0.00183	0.00341	0.00950	0.09152	0.00636
4	0.20335	0.01217	0.01147	0.01033	0.01332	0.06717	0.00805	0.04554	0.30954	0.02497	0.20472	0.02416	0.02442	0.00845	0.00576	0.00192	0.00475	0.00677	0.00547	0.00768
5	0.13905	0.01509	0.18451	0.01095	0.01638	0.01015	0.01073	0.01845	0.01296	0.15049	0.01431	0.07000	0.01156	0.00650	0.00515	0.00156	0.00556	0.00515	0.00419	0.30726
6	0.01715	0.01908	0.19136	0.07142	0.02292	0.01679	0.08940	0.33071	0.01912	0.02639	0.01209	0.01415	0.00899	0.00706	0.00815	0.00199	0.12485	0.00534	0.00414	0.00889
7	0.01422	0.15464	0.07925	0.01409	0.01968	0.06801	0.17662	0.01756	0.01318	0.01815	0.01053	0.01274	0.00856	0.00495	0.00513	0.00135	0.00694	0.00441	0.00315	0.36685
8	0.01457	0.02781	0.58598	0.01638	0.02433	0.01506	0.01972	0.18413	0.01631	0.02342	0.01164	0.01310	0.00823	0.00606	0.00579	0.00188	0.00836	0.00467	0.00335	0.00920

[dist]
# distance from previous block
# <min> <max>
0	3

[block]
# block no. 11 follows, 38 sequences, length 28
# corresponding to MSA columns:
# 475-502
name=unknown_L
#
# <colnr> <probs for GDERKNQSTAVLIFYWHMCP>
#	G	D	E	R	K	N	Q	S	T	A	V	L	I	F	Y	W	H	M	C	P
0	0.56221	0.01117	0.01055	0.00884	0.01288	0.01194	0.00729	0.02157	0.01257	0.27049	0.01351	0.01335	0.00932	0.00621	0.00450	0.00186	0.00481	0.00419	0.00497	0.00776
1	0.01252	0.33065	0.01879	0.00978	0.01251	0.01442	0.00844	0.01449	0.01328	0.04199	0.21655	0.15719	0.02714	0.01017	0.00713	0.00182	0.08404	0.00809	0.00439	0.00662
2	0.49369	0.01966	0.31721	0.01172	0.01757	0.01369	0.01299	0.01825	0.01125	0.02372	0.00937	0.01098	0.00697	0.00564	0.00454	0.00188	0.00640	0.00375	0.00324	0.00749
3	0.01352	0.00727	0.00956	0.00835	0.01069	0.00651	0.00648	0.01614	0.01689	0.22470	0.51023	0.03894	0.08408	0.01113	0.00681	0.00189	0.00348	0.00965	0.00679	0.00690
4	0.01907	0.01830	0.01424	0.01234	0.01511	0.32176	0.00922	0.19949	0.01763	0.06377	0.01412	0.02017	0.01269	0.22165	0.01254	0.00281	0.00806	0.00573	0.00425	0.00708
5	0.00745	0.00539	0.00704	0.00814	0.00872	0.00499	0.00553	0.00873	0.01228	0.01640	0.11505	0.65463	0.08767	0.01788	0.00758	0.00235	0.00339	0.01612	0.00570	0.00499
6	0.23930	0.01356	0.02014	0.02895	0.54775	0.01407	0.01518	0.01825	0.01275	0.02167	0.01051	0.01348	0.00870	0.00542	0.00534	0.00181	0.00646	0.00478	0.00318	0.00870
7	0.00930	0.00740	0.01079	0.21833	0.01791	0.00779	0.00871	0.01246	0.01565	0.02172	0.54519	0.03699	0.04336	0.01057	0.00680	0.00192	0.00426	0.00936	0.00554	0.00595
8	0.01714	0.01400	0.01483	0.01268	0.01647	0.01598	0.01005	0.22416	0.54445	0.02867	0.02172	0.02024	0.01613	0.00790	0.00609	0.00198	0.00527	0.00642	0.00609	0.00972
9	0.00819	0.00590	0.00775	0.00779	0.00892	0.00546	0.00565	0.01053	0.01551	0.02171	0.55137	0.24832	0.05209	0.01410	0.00726	0.00204	0.00302	0.01259	0.00634	0.00546
10	0.00876	0.00579	0.00772	0.00855	0.00941	0.00545	0.00605	0.01017	0.01232	0.05997	0.07943	0.57011	0.07487	0.01915	0.05665	0.00283	0.00444	0.04738	0.00561	0.00533
11	0.01382	0.01041	0.01606	0.01258	0.01582	0.01048	0.20489	0.13291	0.01548	0.02369	0.01655	0.01947	0.01282	0.00836	0.04217	0.00204	0.00609	0.00603	0.42328	0.00704
12	0.23992	0.43638	0.13034	0.01075	0.01600	0.03384	0.01099	0.01841	0.01194	0.03296	0.00904	0.01036	0.00752	0.00542	0.00417	0.00155	0.00636	0.00348	0.00299	0.00759
13	0.04340	0.01209	0.01531	0.07888	0.01773	0.01347	0.04357	0.28711	0.01810	0.06839	0.01874	0.22649	0.01799	0.01056	0.00806	0.00211	0.09647	0.00865	0.00508	0.00780
14	0.00758	0.00536	0.00688	0.00800	0.00833	0.00506	0.00522	0.00845	0.01108	0.01473	0.03132	0.63511	0.05387	0.15494	0.01172	0.00303	0.00389	0.01552	0.00524	0.00467
15	0.01651	0.01223	0.02215	0.33974	0.03127	0.01268	0.22816	0.02037	0.01411	0.21996	0.01472	0.01732	0.01024	0.00613	0.00635	0.00197	0.00786	0.00607	0.00410	0.00809
16	0.23725	0.02576	0.55159	0.01461	0.02208	0.01384	0.01791	0.01868	0.01202	0.02123	0.01013	0.01190	0.00732	0.00568	0.00517	0.00189	0.00773	0.00412	0.00287	0.00824
17	0.01480	0.01163	0.01593	0.01682	0.21697	0.00984	0.01044	0.01768	0.01335	0.10397	0.01236	0.01406	0.00977	0.00505	0.00505	0.00125	0.00527	0.00434	0.00385	0.50758
18	0.00733	0.00524	0.00698	0.00838	0.00873	0.00489	0.00558	0.00838	0.01152	0.01536	0.03316	0.78466	0.03979	0.01885	0.00768	0.00244	0.00349	0.01710	0.00558	0.00489
19	0.01527	0.22719	0.01853	0.01171	0.01559	0.01739	0.00973	0.02813	0.54004	0.02214	0.02005	0.01893	0.01544	0.00733	0.00550	0.00183	0.00522	0.00582	0.00515	0.00903
20	0.00875	0.00583	0.00656	0.00656	0.00656	0.00583	0.00365	0.00875	0.00875	0.01166	0.01895	0.03937	0.02187	0.78858	0.03062	0.00583	0.00583	0.00875	0.00365	0.00365
21	0.01548	0.01318	0.01389	0.01235	0.01584	0.01520	0.00965	0.07731	0.69401	0.02599	0.02383	0.02193	0.01784	0.00810	0.00611	0.00203	0.00488	0.00671	0.00611	0.00957
22	0.01222	0.00800	0.01078	0.01422	0.21158	0.00800	0.00813	0.01524	0.01291	0.02166	0.01734	0.02035	0.01380	0.00656	0.00469	0.00151	0.00400	0.00554	0.59680	0.00669
23	0.01772	0.26280	0.02032	0.01206	0.01642	0.32456	0.00997	0.01970	0.01428	0.01589	0.00939	0.01092	0.00806	0.00539	0.00467	0.00129	0.00771	0.00358	0.00306	0.23222
24	0.37730	0.00889	0.00770	0.00707	0.00968	0.00981	0.00562	0.05339	0.01238	0.02528	0.01434	0.01637	0.01118	0.00638	0.00409	0.00163	0.00383	0.00455	0.41428	0.00626
25	0.01990	0.01485	0.01786	0.22273	0.02476	0.01674	0.01276	0.50159	0.02330	0.06509	0.01384	0.01516	0.00984	0.00690	0.00602	0.00186	0.00693	0.00543	0.00516	0.00926
26	0.02001	0.01516	0.01652	0.01249	0.01745	0.01573	0.01025	0.53418	0.02394	0.03288	0.01341	0.01390	0.00987	0.00646	0.00559	0.00155	0.00602	0.00491	0.00534	0.23435
27	0.01714	0.01400	0.01483	0.01268	0.01647	0.01598	0.01005	0.22416	0.54445	0.02867	0.02172	0.02024	0.01613	0.00790	0.00609	0.00198	0.00527	0.00642	0.00609	0.00972

[dist]
# distance from previous block
# <min> <max>
0	22

[block]
# block no. 12 follows, 38 sequences, length 8
# corresponding to MSA columns:
# 525-532
name=unknown_M
#
# <colnr> <probs for GDERKNQSTAVLIFYWHMCP>
#	G	D	E	R	K	N	Q	S	T	A	V	L	I	F	Y	W	H	M	C	P
0	0.01669	0.72023	0.03016	0.01078	0.01574	0.09362	0.01042	0.01858	0.01268	0.01421	0.00845	0.00976	0.00772	0.00525	0.00401	0.00131	0.00685	0.00328	0.00262	0.00765
1	0.00945	0.00733	0.01048	0.22268	0.01728	0.00832	0.00817	0.01105	0.00987	0.01322	0.01600	0.02932	0.01646	0.40351	0.18708	0.00561	0.00873	0.00728	0.00328	0.00488
2	0.00902	0.00720	0.01059	0.22291	0.01803	0.00764	0.00875	0.01175	0.01428	0.01953	0.36654	0.21737	0.03894	0.01213	0.00693	0.00206	0.00445	0.01085	0.00526	0.00577
3	0.00877	0.00677	0.00852	0.00853	0.01028	0.00577	0.00602	0.01028	0.01179	0.01655	0.02685	0.56794	0.03112	0.01481	0.00677	0.00201	0.00376	0.01330	0.00502	0.23516
4	0.01470	0.01484	0.02753	0.03368	0.54909	0.01455	0.21794	0.01869	0.01384	0.01955	0.01156	0.01526	0.00942	0.00528	0.00628	0.00185	0.00799	0.00585	0.00300	0.00913
5	0.00961	0.00776	0.00932	0.00824	0.01103	0.00632	0.00612	0.01159	0.01274	0.01813	0.09669	0.29239	0.11695	0.01162	0.00618	0.00168	0.00378	0.01017	0.00482	0.35486
6	0.01048	0.00584	0.00675	0.00675	0.00806	0.00614	0.00514	0.01310	0.01179	0.02005	0.01864	0.02277	0.01531	0.01770	0.21766	0.00372	0.00654	0.00584	0.59219	0.00554
7	0.72997	0.01229	0.00999	0.00865	0.01251	0.01414	0.00713	0.10692	0.01250	0.02836	0.00914	0.01036	0.00698	0.00579	0.00401	0.00185	0.00490	0.00353	0.00401	0.00698

[dist]
# distance from previous block
# <min> <max>
14	20

[block]
# block no. 13 follows, 38 sequences, length 13
# corresponding to MSA columns:
# 554-566
name=unknown_N
#
# <colnr> <probs for GDERKNQSTAVLIFYWHMCP>
#	G	D	E	R	K	N	Q	S	T	A	V	L	I	F	Y	W	H	M	C	P
0	0.00994	0.00877	0.01416	0.50504	0.02994	0.01039	0.01280	0.01291	0.01185	0.01537	0.01859	0.28613	0.01918	0.01052	0.00660	0.00216	0.00643	0.00948	0.00370	0.00605
1	0.01489	0.01429	0.02442	0.03692	0.75106	0.01429	0.01846	0.01846	0.01370	0.01965	0.01132	0.01489	0.00953	0.00536	0.00596	0.00179	0.00715	0.00536	0.00298	0.00953
2	0.00875	0.00583	0.00656	0.00656	0.00656	0.00583	0.00365	0.00875	0.00875	0.01166	0.01895	0.03937	0.02187	0.78858	0.03062	0.00583	0.00583	0.00875	0.00365	0.00365
3	0.05246	0.58609	0.05005	0.01114	0.01613	0.02206	0.01076	0.13453	0.01469	0.01876	0.00942	0.01063	0.00808	0.00568	0.00472	0.00145	0.02842	0.00367	0.00319	0.00808
4	0.00901	0.01025	0.12982	0.00865	0.01137	0.00696	0.00791	0.01134	0.03586	0.01710	0.14695	0.03997	0.36013	0.01407	0.00993	0.15659	0.00443	0.00948	0.00470	0.00547
5	0.01574	0.61479	0.02842	0.13549	0.01990	0.04581	0.01142	0.04076	0.01286	0.01514	0.00897	0.01089	0.00785	0.00539	0.00433	0.00143	0.00684	0.00366	0.00272	0.00761
6	0.14198	0.00700	0.00671	0.00652	0.00877	0.00651	0.00498	0.01035	0.01343	0.01868	0.11116	0.04892	0.56802	0.01341	0.00655	0.00199	0.00329	0.01100	0.00537	0.00536
7	0.01166	0.01110	0.01905	0.70636	0.07854	0.01349	0.04422	0.01568	0.01220	0.01575	0.01078	0.01599	0.00814	0.00594	0.00605	0.00199	0.00805	0.00541	0.00270	0.00689
8	0.00810	0.00947	0.12970	0.00981	0.01156	0.00637	0.00831	0.01012	0.01171	0.01596	0.02950	0.65842	0.03453	0.01670	0.00736	0.00236	0.00437	0.01503	0.00509	0.00554
9	0.01266	0.01619	0.14665	0.01955	0.02491	0.01278	0.43925	0.01725	0.01328	0.01868	0.01563	0.01989	0.04819	0.04803	0.04786	0.00255	0.00904	0.00687	0.07325	0.00750
10	0.00733	0.00524	0.00698	0.00838	0.00873	0.00489	0.00558	0.00838	0.01152	0.01536	0.03316	0.78466	0.03979	0.01885	0.00768	0.00244	0.00349	0.01710	0.00558	0.00489
11	0.01006	0.00742	0.00986	0.01081	0.01237	0.00757	0.00920	0.01423	0.08831	0.01917	0.09245	0.08435	0.03502	0.01546	0.00796	0.00261	0.00516	0.55636	0.00569	0.00594
12	0.01515	0.02307	0.43893	0.04511	0.19603	0.01319	0.01897	0.02047	0.01365	0.13946	0.01303	0.01460	0.00927	0.00592	0.00584	0.00187	0.00783	0.00495	0.00345	0.00919

[dist]
# distance from previous block
# <min> <max>
0	2

[block]
# block no. 14 follows, 38 sequences, length 7
# corresponding to MSA columns:
# 569-575
