[name]
unknown

[dist]
# distance from previous block
# <min> <max>
0	107

[block]
# block no. 0 follows, 41 sequences, length 57
# corresponding to MSA columns:
# 108-164
name=unknown_A
#
# <colnr> <probs for GDERKNQSTAVLIFYWHMCP>
#	G	D	E	R	K	N	Q	S	T	A	V	L	I	F	Y	W	H	M	C	P
0	0.01030	0.00744	0.00920	0.00868	0.01019	0.00670	0.00635	0.01235	0.01734	0.02465	0.73737	0.04460	0.05444	0.01288	0.00759	0.00218	0.00348	0.01083	0.00691	0.00651
1	0.08199	0.00927	0.01046	0.00962	0.01174	0.00917	0.00720	0.04629	0.12821	0.02557	0.53181	0.03735	0.04307	0.01155	0.00714	0.00220	0.00405	0.00942	0.00658	0.00731
2	0.81388	0.01248	0.00994	0.00899	0.01263	0.01389	0.00712	0.01817	0.01110	0.02728	0.01013	0.01228	0.00825	0.00671	0.00449	0.00215	0.00515	0.00383	0.00424	0.00728
3	0.01616	0.01493	0.02426	0.03566	0.73979	0.01462	0.01810	0.01888	0.01428	0.02054	0.01283	0.01698	0.01102	0.00651	0.00655	0.00208	0.00744	0.00576	0.00356	0.01005
4	0.01394	0.01162	0.01328	0.00991	0.01504	0.00886	0.00769	0.01584	0.01316	0.02049	0.01226	0.01476	0.01046	0.00567	0.00517	0.00126	0.00497	0.00411	0.00410	0.80744
5	0.01040	0.00710	0.00788	0.00790	0.00814	0.00677	0.00464	0.00992	0.00996	0.01349	0.02100	0.10347	0.02381	0.70797	0.02737	0.00553	0.00605	0.00954	0.00433	0.00474
6	0.01563	0.01201	0.01284	0.01155	0.01421	0.01285	0.00851	0.08529	0.43057	0.05357	0.03963	0.02820	0.03609	0.19595	0.01222	0.00314	0.00558	0.00759	0.00593	0.00864
7	0.00911	0.00739	0.00755	0.00743	0.00946	0.00620	0.00541	0.01004	0.01453	0.01797	0.11083	0.05559	0.68515	0.01537	0.00761	0.00230	0.00366	0.01237	0.00603	0.00600
8	0.00709	0.00581	0.00625	0.00614	0.00793	0.00497	0.00461	0.00885	0.01382	0.01730	0.23128	0.05201	0.58649	0.01380	0.00676	0.00190	0.00285	0.01165	0.00555	0.00497
9	0.02195	0.01569	0.01696	0.01300	0.01757	0.01724	0.01074	0.70600	0.02633	0.07507	0.01420	0.01404	0.00996	0.00688	0.00572	0.00172	0.00622	0.00518	0.00579	0.00973
10	0.01251	0.00733	0.00760	0.00686	0.00868	0.00764	0.00522	0.14806	0.01444	0.02318	0.01769	0.02128	0.01427	0.07354	0.00644	0.00176	0.00358	0.00555	0.60839	0.00599
11	0.00827	0.00553	0.00625	0.00630	0.00631	0.00551	0.00353	0.00831	0.00841	0.01122	0.01850	0.06429	0.02140	0.77130	0.02834	0.00543	0.00547	0.00860	0.00353	0.00351
12	0.01564	0.00990	0.01065	0.02733	0.01218	0.01060	0.00720	0.30764	0.01812	0.05318	0.01661	0.01806	0.01249	0.00674	0.00479	0.00152	0.00432	0.00527	0.45048	0.00728
13	0.01251	0.01251	0.01752	0.01502	0.01502	0.01752	0.01251	0.01377	0.00876	0.01377	0.00751	0.01251	0.00751	0.01001	0.01877	0.00250	0.78851	0.00501	0.00250	0.00626
14	0.01080	0.01017	0.01716	0.78523	0.03940	0.01271	0.01589	0.01461	0.01144	0.01461	0.01017	0.01525	0.00762	0.00572	0.00572	0.00191	0.00762	0.00508	0.00254	0.00635
15	0.00994	0.00497	0.00745	0.00745	0.00745	0.00497	0.00497	0.00745	0.00745	0.00994	0.00994	0.01739	0.00994	0.01987	0.02235	0.83358	0.00497	0.00497	0.00248	0.00248
16	0.00809	0.00605	0.00766	0.00733	0.00885	0.00540	0.00541	0.01036	0.01459	0.02040	0.50294	0.18031	0.10678	0.01245	0.00664	0.00183	0.00296	0.01100	0.00579	0.07518
17	0.00832	0.00555	0.00624	0.00624	0.00624	0.00555	0.00347	0.00832	0.00832	0.01109	0.01802	0.03743	0.02080	0.79898	0.02911	0.00555	0.00555	0.00832	0.00347	0.00347
18	0.83938	0.01106	0.00841	0.00752	0.01106	0.01283	0.00619	0.01681	0.00973	0.02566	0.00796	0.00929	0.00619	0.00531	0.00354	0.00177	0.00442	0.00310	0.00354	0.00619
19	0.00994	0.00497	0.00745	0.00745	0.00745	0.00497	0.00497	0.00745	0.00745	0.00994	0.00994	0.01739	0.00994	0.01987	0.02235	0.83358	0.00497	0.00497	0.00248	0.00248
20	0.00995	0.01273	0.15779	0.01038	0.01396	0.03952	0.06386	0.05148	0.02922	0.01748	0.05223	0.03853	0.38911	0.04218	0.00731	0.00206	0.00522	0.04640	0.00445	0.00615
21	0.80635	0.01101	0.00860	0.00763	0.01121	0.01265	0.00628	0.01726	0.01000	0.05577	0.00856	0.00970	0.00652	0.00538	0.00363	0.00177	0.00444	0.00321	0.00368	0.00634
22	0.01066	0.00533	0.00533	0.00533	0.00666	0.00533	0.00400	0.01333	0.01200	0.02132	0.01866	0.02132	0.01466	0.00666	0.00400	0.00133	0.00267	0.00533	0.83073	0.00533
23	0.01091	0.01037	0.01781	0.75510	0.03902	0.01278	0.04465	0.01476	0.01152	0.01476	0.01022	0.01526	0.00767	0.00568	0.00576	0.00191	0.00770	0.00515	0.00256	0.00641
24	0.00946	0.00509	0.00725	0.00736	0.00748	0.00511	0.00489	0.00790	0.00807	0.01098	0.01316	0.08562	0.01382	0.10594	0.05255	0.61028	0.00525	0.00635	0.03047	0.00298
25	0.00817	0.00613	0.00919	0.00919	0.01021	0.00715	0.00715	0.01021	0.00919	0.01328	0.01532	0.02247	0.01430	0.04290	0.77631	0.00919	0.01532	0.00613	0.00306	0.00511
26	0.83938	0.01106	0.00841	0.00752	0.01106	0.01283	0.00619	0.01681	0.00973	0.02566	0.00796	0.00929	0.00619	0.00531	0.00354	0.00177	0.00442	0.00310	0.00354	0.00619
27	0.01000	0.00500	0.00727	0.00727	0.00739	0.00500	0.00489	0.00795	0.00784	0.01090	0.01067	0.01772	0.01033	0.01876	0.02080	0.76330	0.00477	0.00500	0.07242	0.00272
28	0.02432	0.01003	0.01323	0.01035	0.01463	0.00909	0.00848	0.02817	0.10313	0.67971	0.02265	0.01969	0.01455	0.00716	0.00576	0.00179	0.00483	0.00584	0.00693	0.00965
29	0.83938	0.01106	0.00841	0.00752	0.01106	0.01283	0.00619	0.01681	0.00973	0.02566	0.00796	0.00929	0.00619	0.00531	0.00354	0.00177	0.00442	0.00310	0.00354	0.00619
30	0.00832	0.00555	0.00624	0.00624	0.00624	0.00555	0.00347	0.00832	0.00832	0.01109	0.01802	0.03743	0.02080	0.79898	0.02911	0.00555	0.00555	0.00832	0.00347	0.00347
31	0.00820	0.00550	0.00627	0.00638	0.00641	0.00547	0.00362	0.00829	0.00854	0.01139	0.01916	0.10142	0.02223	0.73303	0.02727	0.00527	0.00536	0.00899	0.00362	0.00357
32	0.00832	0.00555	0.00624	0.00624	0.00624	0.00555	0.00347	0.00832	0.00832	0.01109	0.01802	0.03743	0.02080	0.79898	0.02911	0.00555	0.00555	0.00832	0.00347	0.00347
33	0.83938	0.01106	0.00841	0.00752	0.01106	0.01283	0.00619	0.01681	0.00973	0.02566	0.00796	0.00929	0.00619	0.00531	0.00354	0.00177	0.00442	0.00310	0.00354	0.00619
34	0.01045	0.00536	0.00536	0.00536	0.00672	0.00530	0.00402	0.01305	0.01205	0.02101	0.02076	0.02312	0.05448	0.00708	0.00415	0.00136	0.00268	0.00569	0.78669	0.00530
35	0.83938	0.01106	0.00841	0.00752	0.01106	0.01283	0.00619	0.01681	0.00973	0.02566	0.00796	0.00929	0.00619	0.00531	0.00354	0.00177	0.00442	0.00310	0.00354	0.00619
36	0.02174	0.01602	0.01717	0.01316	0.01774	0.01774	0.01087	0.74423	0.02689	0.03605	0.01373	0.01373	0.00973	0.00687	0.00572	0.00172	0.00629	0.00515	0.00572	0.00973
37	0.00697	0.00498	0.00664	0.00796	0.00830	0.00465	0.00531	0.00796	0.01095	0.01460	0.03153	0.79525	0.03783	0.01792	0.00730	0.00232	0.00332	0.01626	0.00531	0.00465
38	0.00739	0.00634	0.00640	0.00629	0.00833	0.00562	0.00474	0.01008	0.07552	0.01617	0.05502	0.05220	0.69819	0.01392	0.00668	0.00193	0.00303	0.01160	0.00535	0.00519
39	0.01423	0.01229	0.01293	0.01164	0.01487	0.01423	0.00905	0.03039	0.75297	0.02393	0.02328	0.02134	0.01746	0.00776	0.00582	0.00194	0.00453	0.00647	0.00582	0.00905
40	0.00905	0.00646	0.00903	0.01034	0.01159	0.00644	0.00893	0.01156	0.01300	0.01693	0.03038	0.11855	0.03328	0.01596	0.00786	0.00261	0.00512	0.67242	0.00527	0.00522
41	0.01423	0.01229	0.01293	0.01164	0.01487	0.01423	0.00905	0.03039	0.75297	0.02393	0.02328	0.02134	0.01746	0.00776	0.00582	0.00194	0.00453	0.00647	0.00582	0.00905
42	0.01980	0.00844	0.01139	0.00918	0.01258	0.00740	0.00740	0.02217	0.01631	0.51873	0.26890	0.02723	0.02745	0.00862	0.00608	0.00178	0.00414	0.00729	0.00682	0.00829
43	0.00798	0.00584	0.00749	0.00708	0.00848	0.00535	0.00531	0.01058	0.01592	0.02231	0.70097	0.04377	0.11367	0.01193	0.00675	0.00181	0.00272	0.01049	0.00621	0.00535
44	0.02174	0.01602	0.01717	0.01316	0.01774	0.01774	0.01087	0.74423	0.02689	0.03605	0.01373	0.01373	0.00973	0.00687	0.00572	0.00172	0.00629	0.00515	0.00572	0.00973
45	0.00702	0.00500	0.00662	0.00789	0.00821	0.00468	0.00523	0.00798	0.01084	0.01446	0.03096	0.76376	0.03712	0.05038	0.00821	0.00246	0.00341	0.01593	0.00523	0.00460
46	0.01529	0.80242	0.02997	0.00979	0.01468	0.02263	0.00979	0.01713	0.01162	0.01346	0.00795	0.00918	0.00734	0.00489	0.00367	0.00122	0.00612	0.00306	0.00245	0.00734
47	0.01080	0.01017	0.01716	0.78523	0.03940	0.01271	0.01589	0.01461	0.01144	0.01461	0.01017	0.01525	0.00762	0.00572	0.00572	0.00191	0.00762	0.00508	0.00254	0.00635
48	0.00817	0.00613	0.00919	0.00919	0.01021	0.00715	0.00715	0.01021	0.00919	0.01328	0.01532	0.02247	0.01430	0.04290	0.77631	0.00919	0.01532	0.00613	0.00306	0.00511
49	0.00704	0.00501	0.00662	0.00787	0.00819	0.00469	0.00521	0.00798	0.01081	0.01441	0.03081	0.75481	0.03692	0.05960	0.00846	0.00249	0.00344	0.01584	0.00521	0.00458
50	0.01416	0.01359	0.02322	0.03511	0.76330	0.01359	0.01755	0.01755	0.01302	0.01869	0.01076	0.01416	0.00906	0.00510	0.00566	0.00170	0.00680	0.00510	0.00283	0.00906
51	0.00676	0.00579	0.00579	0.00579	0.00773	0.00483	0.00435	0.00821	0.01304	0.01545	0.05794	0.05505	0.76098	0.01449	0.00676	0.00193	0.00290	0.01207	0.00531	0.00483
52	0.01066	0.00533	0.00533	0.00533	0.00666	0.00533	0.00400	0.01333	0.01200	0.02132	0.01866	0.02132	0.01466	0.00666	0.00400	0.00133	0.00267	0.00533	0.83073	0.00533
53	0.01007	0.00892	0.01283	0.01174	0.01231	0.01168	0.00949	0.01177	0.00900	0.01349	0.01191	0.01812	0.01133	0.02852	0.44515	0.00627	0.35332	0.00564	0.00282	0.00561
54	0.00697	0.00498	0.00664	0.00796	0.00830	0.00465	0.00531	0.00796	0.01095	0.01460	0.03153	0.79525	0.03783	0.01792	0.00730	0.00232	0.00332	0.01626	0.00531	0.00465
55	0.01889	0.01585	0.08056	0.16170	0.02240	0.01611	0.01263	0.52050	0.02235	0.05308	0.01303	0.01406	0.00925	0.00653	0.00570	0.00176	0.00669	0.00508	0.00487	0.00897
56	0.00817	0.00613	0.00919	0.00919	0.01021	0.00715	0.00715	0.01021	0.00919	0.01328	0.01532	0.02247	0.01430	0.04290	0.77631	0.00919	0.01532	0.00613	0.00306	0.00511

[dist]
# distance from previous block
# <min> <max>
0	3

[block]
# block no. 1 follows, 41 sequences, length 95
# corresponding to MSA columns:
# 168-262
name=unknown_B
#
# <colnr> <probs for GDERKNQSTAVLIFYWHMCP>
#	G	D	E	R	K	N	Q	S	T	A	V	L	I	F	Y	W	H	M	C	P
0	0.82765	0.01172	0.00911	0.00820	0.01178	0.01332	0.00662	0.01744	0.01036	0.02641	0.00896	0.01067	0.00714	0.00595	0.00398	0.00195	0.00476	0.00343	0.00386	0.00669
1	0.01193	0.00884	0.01064	0.06086	0.01342	0.00939	0.00766	0.01963	0.29006	0.08235	0.35348	0.03147	0.05742	0.00955	0.00625	0.00186	0.00389	0.00824	0.00590	0.00715
2	0.01022	0.00554	0.00850	0.00929	0.05779	0.00554	0.00581	0.00812	0.00782	0.01052	0.00999	0.01717	0.00988	0.01889	0.02124	0.77818	0.00509	0.00498	0.00251	0.00292
3	0.00712	0.00508	0.00681	0.00814	0.00853	0.00477	0.00557	0.00822	0.01110	0.01477	0.03144	0.74659	0.03750	0.01778	0.00734	0.00234	0.00345	0.06345	0.00531	0.00469
4	0.01459	0.01465	0.02358	0.03288	0.65574	0.06443	0.07436	0.01797	0.01327	0.01835	0.01070	0.01400	0.00892	0.00513	0.00571	0.00170	0.00725	0.00513	0.00284	0.00879
5	0.01074	0.00982	0.01651	0.73344	0.03727	0.01219	0.01516	0.01414	0.01117	0.01430	0.01015	0.01539	0.00778	0.00666	0.00683	0.05729	0.00745	0.00508	0.00254	0.00610
6	0.01384	0.01410	0.02146	0.07280	0.36496	0.06565	0.07828	0.01657	0.01181	0.01651	0.00962	0.01355	0.00833	0.00674	0.00994	0.00197	0.25831	0.00512	0.00272	0.00771
7	0.01222	0.01207	0.01686	0.01450	0.01459	0.01671	0.01204	0.01357	0.00925	0.01438	0.05764	0.01453	0.01060	0.01012	0.01797	0.00246	0.73618	0.00536	0.00276	0.00620
8	0.02315	0.01026	0.01320	0.01040	0.01453	0.00956	0.00849	0.07500	0.10421	0.59250	0.05984	0.02050	0.01629	0.00738	0.00581	0.00179	0.00481	0.00603	0.00680	0.00943
9	0.00807	0.00583	0.00772	0.00779	0.00845	0.00626	0.00548	0.00925	0.00921	0.01266	0.02000	0.06938	0.06767	0.32515	0.40411	0.00698	0.01020	0.00786	0.00348	0.00445
10	0.00748	0.00624	0.00736	0.00848	0.05846	0.00552	0.00577	0.00908	0.01270	0.01566	0.04825	0.17552	0.53379	0.01453	0.00687	0.00204	0.00341	0.06857	0.00514	0.00511
11	0.01187	0.00656	0.00719	0.00667	0.00821	0.00689	0.00517	0.04961	0.01292	0.05509	0.05537	0.02137	0.01591	0.00717	0.00528	0.00147	0.05528	0.00557	0.65660	0.00581
12	0.00702	0.00502	0.00669	0.00793	0.00831	0.00468	0.00531	0.00810	0.01121	0.01501	0.06714	0.75847	0.03862	0.01762	0.00727	0.00230	0.00329	0.01597	0.00536	0.00468
13	0.06331	0.00925	0.01196	0.00958	0.01331	0.00846	0.00778	0.02430	0.06505	0.54143	0.15899	0.02340	0.02137	0.00789	0.00583	0.00179	0.00442	0.00652	0.00667	0.00870
14	0.01164	0.00686	0.00843	0.00769	0.00936	0.00649	0.00556	0.01420	0.06257	0.15630	0.26988	0.07296	0.09877	0.22919	0.01272	0.00288	0.00406	0.00912	0.00549	0.00582
15	0.00697	0.00580	0.00609	0.00602	0.00785	0.00492	0.00451	0.00862	0.01353	0.01663	0.16854	0.05311	0.64964	0.01405	0.00676	0.00191	0.00287	0.01180	0.00547	0.00492
16	0.00994	0.00497	0.00745	0.00745	0.00745	0.00497	0.00497	0.00745	0.00745	0.00994	0.00994	0.01739	0.00994	0.01987	0.02235	0.83358	0.00497	0.00497	0.00248	0.00248
17	0.02127	0.00908	0.01205	0.00976	0.01331	0.00816	0.00786	0.06021	0.01595	0.55237	0.07505	0.08461	0.01963	0.04863	0.00720	0.00204	0.00471	0.03300	0.00657	0.00855
18	0.00817	0.00613	0.00919	0.00919	0.01021	0.00715	0.00715	0.01021	0.00919	0.01328	0.01532	0.02247	0.01430	0.04290	0.77631	0.00919	0.01532	0.00613	0.00306	0.00511
19	0.02450	0.00948	0.01290	0.00998	0.01420	0.00821	0.00821	0.02675	0.01636	0.71813	0.07126	0.02100	0.01679	0.00738	0.00582	0.00177	0.00472	0.00606	0.00703	0.00945
20	0.02107	0.01303	0.01487	0.01167	0.01582	0.01371	0.00955	0.40826	0.09411	0.24628	0.07618	0.01843	0.01527	0.00740	0.00582	0.00176	0.00542	0.00586	0.00617	0.00932
21	0.00826	0.00552	0.00626	0.00632	0.00633	0.00550	0.00355	0.00830	0.00844	0.01125	0.01863	0.07143	0.02156	0.76394	0.02813	0.00540	0.00545	0.00867	0.00355	0.00352
22	0.00994	0.00497	0.00745	0.00745	0.00745	0.00497	0.00497	0.00745	0.00745	0.00994	0.00994	0.01739	0.00994	0.01987	0.02235	0.83358	0.00497	0.00497	0.00248	0.00248
23	0.01940	0.01113	0.01309	0.01098	0.01475	0.01159	0.00876	0.02925	0.41954	0.36041	0.02296	0.02049	0.01597	0.00745	0.00579	0.00186	0.00468	0.00614	0.00639	0.00936
24	0.01513	0.01209	0.01296	0.01152	0.01485	0.01377	0.00900	0.03020	0.69481	0.08262	0.02322	0.02119	0.01720	0.00771	0.00581	0.00193	0.00455	0.00641	0.00592	0.00911
25	0.00896	0.00645	0.00888	0.01007	0.01138	0.00637	0.00867	0.01146	0.01316	0.01710	0.05452	0.09614	0.07108	0.01570	0.00778	0.00256	0.00498	0.63423	0.00530	0.00522
26	0.01186	0.01017	0.01186	0.00847	0.01356	0.00762	0.00678	0.01440	0.01186	0.01864	0.01017	0.01186	0.00847	0.00424	0.00424	0.00085	0.00424	0.00339	0.00339	0.83395
27	0.00714	0.00507	0.00665	0.00778	0.00814	0.00476	0.00516	0.00813	0.01099	0.01472	0.06603	0.69602	0.03722	0.08197	0.00907	0.00256	0.00347	0.01532	0.00521	0.00459
28	0.00977	0.00620	0.00804	0.00744	0.00910	0.00563	0.00562	0.01223	0.01570	0.09955	0.59103	0.07934	0.10482	0.01175	0.00667	0.00183	0.00297	0.01030	0.00625	0.00577
29	0.83938	0.01106	0.00841	0.00752	0.01106	0.01283	0.00619	0.01681	0.00973	0.02566	0.00796	0.00929	0.00619	0.00531	0.00354	0.00177	0.00442	0.00310	0.00354	0.00619
30	0.00797	0.00507	0.00693	0.00767	0.00797	0.00484	0.00512	0.00805	0.01022	0.01372	0.08010	0.47728	0.03023	0.05800	0.01267	0.23961	0.00386	0.01218	0.00448	0.00403
31	0.83938	0.01106	0.00841	0.00752	0.01106	0.01283	0.00619	0.01681	0.00973	0.02566	0.00796	0.00929	0.00619	0.00531	0.00354	0.00177	0.00442	0.00310	0.00354	0.00619
32	0.01771	0.45001	0.02387	0.01191	0.01594	0.27062	0.01040	0.07833	0.01427	0.01550	0.00870	0.01006	0.00755	0.00559	0.00495	0.00140	0.03953	0.00352	0.00288	0.00726
33	0.00817	0.00613	0.00919	0.00919	0.01021	0.00715	0.00715	0.01021	0.00919	0.01328	0.01532	0.02247	0.01430	0.04290	0.77631	0.00919	0.01532	0.00613	0.00306	0.00511
34	0.02243	0.00902	0.01224	0.00963	0.01349	0.00785	0.00785	0.02473	0.01634	0.63015	0.15846	0.02375	0.02149	0.00793	0.00594	0.00178	0.00447	0.00660	0.00694	0.00894
35	0.01186	0.01017	0.01186	0.00847	0.01356	0.00762	0.00678	0.01440	0.01186	0.01864	0.01017	0.01186	0.00847	0.00424	0.00424	0.00085	0.00424	0.00339	0.00339	0.83395
36	0.01147	0.02959	0.76934	0.01630	0.02476	0.01328	0.02113	0.01811	0.01208	0.01811	0.01026	0.01208	0.00725	0.00543	0.00543	0.00181	0.00845	0.00423	0.00242	0.00845
37	0.01186	0.01017	0.01186	0.00847	0.01356	0.00762	0.00678	0.01440	0.01186	0.01864	0.01017	0.01186	0.00847	0.00424	0.00424	0.00085	0.00424	0.00339	0.00339	0.83395
38	0.00832	0.00555	0.00624	0.00624	0.00624	0.00555	0.00347	0.00832	0.00832	0.01109	0.01802	0.03743	0.02080	0.79898	0.02911	0.00555	0.00555	0.00832	0.00347	0.00347
39	0.83938	0.01106	0.00841	0.00752	0.01106	0.01283	0.00619	0.01681	0.00973	0.02566	0.00796	0.00929	0.00619	0.00531	0.00354	0.00177	0.00442	0.00310	0.00354	0.00619
40	0.01423	0.01229	0.01293	0.01164	0.01487	0.01423	0.00905	0.03039	0.75297	0.02393	0.02328	0.02134	0.01746	0.00776	0.00582	0.00194	0.00453	0.00647	0.00582	0.00905
41	0.02141	0.01585	0.01698	0.01309	0.01761	0.01758	0.01079	0.71220	0.05947	0.03550	0.01416	0.01407	0.01007	0.00691	0.00573	0.00173	0.00621	0.00521	0.00573	0.00970
42	0.01066	0.00533	0.00533	0.00533	0.00666	0.00533	0.00400	0.01333	0.01200	0.02132	0.01866	0.02132	0.01466	0.00666	0.00400	0.00133	0.00267	0.00533	0.83073	0.00533
43	0.01423	0.01229	0.01293	0.01164	0.01487	0.01423	0.00905	0.03039	0.75297	0.02393	0.02328	0.02134	0.01746	0.00776	0.00582	0.00194	0.00453	0.00647	0.00582	0.00905
44	0.00697	0.00498	0.00664	0.00796	0.00830	0.00465	0.00531	0.00796	0.01095	0.01460	0.03153	0.79525	0.03783	0.01792	0.00730	0.00232	0.00332	0.01626	0.00531	0.00465
45	0.01529	0.80242	0.02997	0.00979	0.01468	0.02263	0.00979	0.01713	0.01162	0.01346	0.00795	0.00918	0.00734	0.00489	0.00367	0.00122	0.00612	0.00306	0.00245	0.00734
46	0.00994	0.00497	0.00745	0.00745	0.00745	0.00497	0.00497	0.00745	0.00745	0.00994	0.00994	0.01739	0.00994	0.01987	0.02235	0.83358	0.00497	0.00497	0.00248	0.00248
47	0.01000	0.00538	0.00822	0.06886	0.00997	0.00558	0.00583	0.00802	0.00777	0.01030	0.00995	0.01722	0.00975	0.01875	0.02104	0.76792	0.00518	0.00498	0.00249	0.00279
48	0.00715	0.00510	0.00684	0.00817	0.00858	0.00480	0.00562	0.00827	0.01113	0.01480	0.03143	0.73755	0.03744	0.01775	0.00735	0.00235	0.00347	0.07220	0.00531	0.00469
49	0.02510	0.00986	0.01326	0.01025	0.01461	0.00869	0.00844	0.02800	0.05237	0.73093	0.02260	0.01956	0.01432	0.00711	0.00576	0.00178	0.00485	0.00579	0.00702	0.00970
50	0.01350	0.01543	0.03375	0.02411	0.02989	0.01446	0.74253	0.01832	0.01350	0.01832	0.01157	0.01543	0.00868	0.00482	0.00675	0.00193	0.00964	0.00675	0.00289	0.00771
51	0.06734	0.00980	0.01302	0.01004	0.01442	0.00863	0.00829	0.02731	0.01603	0.72928	0.02182	0.01895	0.01375	0.00699	0.00564	0.00177	0.00484	0.00562	0.00690	0.00955
52	0.02154	0.01592	0.01705	0.01312	0.01766	0.01764	0.01082	0.72509	0.04636	0.03572	0.01399	0.01394	0.00993	0.00689	0.00572	0.00172	0.00625	0.00519	0.00572	0.00971
53	0.03820	0.00606	0.00773	0.00735	0.00877	0.00568	0.00549	0.01120	0.01553	0.04101	0.65430	0.10346	0.04992	0.01187	0.00665	0.00184	0.00287	0.01046	0.00614	0.00547
54	0.46799	0.01161	0.01133	0.01032	0.04641	0.01282	0.00788	0.16766	0.03046	0.10119	0.01294	0.07377	0.01060	0.00685	0.00465	0.00180	0.00488	0.00499	0.00450	0.00735
55	0.83938	0.01106	0.00841	0.00752	0.01106	0.01283	0.00619	0.01681	0.00973	0.02566	0.00796	0.00929	0.00619	0.00531	0.00354	0.00177	0.00442	0.00310	0.00354	0.00619
56	0.01350	0.01543	0.03375	0.02411	0.02989	0.01446	0.74253	0.01832	0.01350	0.01832	0.01157	0.01543	0.00868	0.00482	0.00675	0.00193	0.00964	0.00675	0.00289	0.00771
57	0.01311	0.00908	0.01027	0.00880	0.01152	0.00907	0.00693	0.18530	0.07118	0.09872	0.24655	0.03573	0.24921	0.01065	0.00634	0.00183	0.00395	0.00890	0.00591	0.00694
58	0.00832	0.00555	0.00624	0.00624	0.00624	0.00555	0.00347	0.00832	0.00832	0.01109	0.01802	0.03743	0.02080	0.79898	0.02911	0.00555	0.00555	0.00832	0.00347	0.00347
59	0.00724	0.00581	0.00646	0.00630	0.00802	0.00503	0.00473	0.00914	0.01418	0.01816	0.31174	0.05060	0.50550	0.01348	0.00676	0.00188	0.00283	0.01145	0.00567	0.00503
60	0.00736	0.00526	0.00708	0.00834	0.00887	0.00498	0.00593	0.00868	0.01149	0.01530	0.05767	0.65285	0.03764	0.01736	0.00738	0.00235	0.00360	0.12775	0.00534	0.00477
61	0.02058	0.02094	0.01529	0.01330	0.01654	0.45396	0.01027	0.14046	0.07574	0.09923	0.01269	0.01331	0.00963	0.00647	0.00565	0.00160	0.02777	0.00448	0.04451	0.00758
62	0.00699	0.00587	0.00612	0.00624	0.00811	0.00499	0.00480	0.00855	0.01305	0.01561	0.05535	0.05594	0.69273	0.01461	0.00687	0.00200	0.00312	0.07888	0.00531	0.00487
63	0.00715	0.00510	0.00684	0.00817	0.00858	0.00480	0.00562	0.00827	0.01113	0.01480	0.03143	0.73755	0.03744	0.01775	0.00735	0.00235	0.00347	0.07220	0.00531	0.00469
64	0.00821	0.00550	0.00627	0.00637	0.00640	0.00547	0.00361	0.00829	0.00853	0.01137	0.01909	0.09726	0.02214	0.73731	0.02739	0.00529	0.00537	0.00895	0.00361	0.00356
65	0.00832	0.00555	0.00624	0.00624	0.00624	0.00555	0.00347	0.00832	0.00832	0.01109	0.01802	0.03743	0.02080	0.79898	0.02911	0.00555	0.00555	0.00832	0.00347	0.00347
66	0.01066	0.00533	0.00533	0.00533	0.00666	0.00533	0.00400	0.01333	0.01200	0.02132	0.01866	0.02132	0.01466	0.00666	0.00400	0.00133	0.00267	0.00533	0.83073	0.00533
67	0.00702	0.00500	0.00662	0.00789	0.00821	0.00468	0.00523	0.00798	0.01084	0.01446	0.03097	0.76424	0.03713	0.04988	0.00819	0.00245	0.00341	0.01594	0.00523	0.00460
68	0.00710	0.00520	0.00668	0.00760	0.00826	0.00477	0.00521	0.00838	0.01192	0.01585	0.13522	0.60290	0.12655	0.01665	0.00716	0.00220	0.00318	0.01494	0.00545	0.00477
69	0.00714	0.00505	0.00659	0.00775	0.00804	0.00476	0.00508	0.00801	0.01062	0.01416	0.02984	0.70058	0.03570	0.11550	0.01003	0.00273	0.00360	0.01527	0.00508	0.00450
70	0.01186	0.01017	0.01186	0.00847	0.01356	0.00762	0.00678	0.01440	0.01186	0.01864	0.01017	0.01186	0.00847	0.00424	0.00424	0.00085	0.00424	0.00339	0.00339	0.83395
71	0.01604	0.01231	0.01330	0.01160	0.01507	0.01388	0.00913	0.08648	0.61691	0.10434	0.02245	0.02054	0.01650	0.00762	0.00581	0.00190	0.00470	0.00629	0.00595	0.00918
72	0.11104	0.00954	0.01230	0.00976	0.01380	0.00865	0.00806	0.02514	0.01551	0.61796	0.05741	0.02154	0.01610	0.00751	0.00566	0.00181	0.00473	0.03795	0.00658	0.00894
73	0.00776	0.00579	0.00722	0.00705	0.00844	0.00525	0.00527	0.01006	0.01505	0.02059	0.53951	0.10523	0.19806	0.01286	0.00682	0.00189	0.00285	0.02909	0.00599	0.00522
74	0.00676	0.00579	0.00579	0.00579	0.00773	0.00483	0.00435	0.00821	0.01304	0.01545	0.05794	0.05505	0.76098	0.01449	0.00676	0.00193	0.00290	0.01207	0.00531	0.00483
75	0.00805	0.00588	0.00758	0.00726	0.00865	0.00541	0.00551	0.01064	0.01579	0.02205	0.66745	0.04482	0.10871	0.01212	0.00681	0.00185	0.00285	0.04707	0.00617	0.00535
76	0.00832	0.00555	0.00624	0.00624	0.00624	0.00555	0.00347	0.00832	0.00832	0.01109	0.01802	0.03743	0.02080	0.79898	0.02911	0.00555	0.00555	0.00832	0.00347	0.00347
77	0.02118	0.01547	0.01656	0.01276	0.01717	0.01710	0.01052	0.70680	0.02613	0.03529	0.01399	0.01412	0.00998	0.00686	0.00563	0.00170	0.00611	0.00516	0.04797	0.00950
78	0.00817	0.00613	0.00919	0.00919	0.01021	0.00715	0.00715	0.01021	0.00919	0.01328	0.01532	0.02247	0.01430	0.04290	0.77631	0.00919	0.01532	0.00613	0.00306	0.00511
79	0.00946	0.00616	0.00802	0.00738	0.00900	0.00562	0.00560	0.01207	0.01608	0.08267	0.67203	0.04135	0.07969	0.01144	0.00667	0.00180	0.00288	0.01004	0.00632	0.00572
80	0.01339	0.01250	0.02104	0.03128	0.64625	0.01250	0.01626	0.01667	0.01305	0.01844	0.01380	0.02200	0.01278	0.00676	0.00601	0.00184	0.00656	0.11720	0.00321	0.00847
81	0.00676	0.00579	0.00579	0.00579	0.00773	0.00483	0.00435	0.00821	0.01304	0.01545	0.05794	0.05505	0.76098	0.01449	0.00676	0.00193	0.00290	0.01207	0.00531	0.00483
82	0.00676	0.00579	0.00579	0.00579	0.00773	0.00483	0.00435	0.00821	0.01304	0.01545	0.05794	0.05505	0.76098	0.01449	0.00676	0.00193	0.00290	0.01207	0.00531	0.00483
83	0.02108	0.01012	0.01182	0.00963	0.01300	0.06827	0.00754	0.02282	0.01477	0.52850	0.02284	0.04754	0.05317	0.13105	0.00944	0.00236	0.00525	0.00664	0.00605	0.00811
84	0.01416	0.01359	0.02322	0.03511	0.76330	0.01359	0.01755	0.01755	0.01302	0.01869	0.01076	0.01416	0.00906	0.00510	0.00566	0.00170	0.00680	0.00510	0.00283	0.00906
85	0.00810	0.00585	0.00765	0.00720	0.00855	0.00540	0.00540	0.01079	0.01619	0.02294	0.76028	0.04273	0.05397	0.01169	0.00675	0.00180	0.00270	0.01034	0.00630	0.00540
86	0.01386	0.01341	0.02328	0.09377	0.66859	0.01357	0.05455	0.01736	0.01292	0.01835	0.01075	0.01431	0.00893	0.00513	0.00572	0.00173	0.00701	0.00518	0.00281	0.00878
87	0.02225	0.01521	0.01666	0.01277	0.01733	0.01653	0.01055	0.65143	0.02553	0.13077	0.01488	0.01448	0.01030	0.00689	0.00573	0.00172	0.00611	0.00523	0.00590	0.00973
88	0.02174	0.01602	0.01717	0.01316	0.01774	0.01774	0.01087	0.74423	0.02689	0.03605	0.01373	0.01373	0.00973	0.00687	0.00572	0.00172	0.00629	0.00515	0.00572	0.00973
89	0.02010	0.01375	0.01512	0.01201	0.01615	0.01489	0.00978	0.44878	0.17078	0.14935	0.01930	0.01827	0.05000	0.00747	0.00580	0.00178	0.00554	0.00586	0.00594	0.00934
90	0.01412	0.01368	0.02375	0.03455	0.72620	0.01363	0.05423	0.01759	0.01305	0.01867	0.01080	0.01422	0.00904	0.00508	0.00572	0.00171	0.00694	0.00518	0.00283	0.00899
91	0.01154	0.02916	0.74934	0.01681	0.04456	0.01329	0.02104	0.01810	0.01210	0.01813	0.01028	0.01213	0.00729	0.00543	0.00544	0.00181	0.00841	0.00425	0.00243	0.00847
92	0.00826	0.00627	0.00767	0.00724	0.00882	0.00588	0.00545	0.01164	0.06469	0.02166	0.58526	0.04351	0.17832	0.01193	0.00669	0.00183	0.00286	0.01040	0.00609	0.00554
93	0.02386	0.01074	0.01355	0.01047	0.01472	0.01013	0.00862	0.17472	0.01825	0.56670	0.02048	0.01841	0.01328	0.00701	0.00563	0.00173	0.00502	0.00560	0.06165	0.00944
94	0.01337	0.01342	0.01854	0.01552	0.01624	0.04475	0.06099	0.05135	0.01026	0.01520	0.00814	0.01269	0.00769	0.00936	0.01682	0.00239	0.66894	0.00508	0.00271	0.00654

[dist]
# distance from previous block
# <min> <max>
0	1

[block]
# block no. 2 follows, 41 sequences, length 16
# corresponding to MSA columns:
# 264-279
name=unknown_C
#
# <colnr> <probs for GDERKNQSTAVLIFYWHMCP>
#	G	D	E	R	K	N	Q	S	T	A	V	L	I	F	Y	W	H	M	C	P
0	0.01408	0.55789	0.26392	0.01185	0.01787	0.01967	0.01338	0.01744	0.01177	0.01493	0.00868	0.01009	0.00731	0.00506	0.00423	0.00141	0.00686	0.00343	0.00244	0.00769
1	0.01628	0.01117	0.01267	0.01091	0.01391	0.01191	0.00852	0.30835	0.14114	0.11342	0.02199	0.26296	0.02043	0.01054	0.00624	0.00195	0.00489	0.00896	0.00577	0.00801
2	0.00959	0.00852	0.01383	0.53929	0.02955	0.01016	0.01254	0.01251	0.01128	0.01461	0.01692	0.26205	0.01718	0.00958	0.00622	0.00204	0.00626	0.00862	0.00342	0.00581
3	0.00792	0.00709	0.00686	0.00716	0.00865	0.06056	0.00516	0.00926	0.01269	0.01527	0.06425	0.28570	0.45932	0.01488	0.00681	0.00202	0.00356	0.01275	0.00517	0.00492
4	0.01367	0.26288	0.02447	0.04264	0.10860	0.01772	0.12518	0.01604	0.01110	0.01515	0.00884	0.01218	0.00786	0.00667	0.00966	0.00184	0.27534	0.00462	0.00261	0.03292
5	0.06825	0.01514	0.01304	0.01157	0.01432	0.21077	0.00887	0.27777	0.01799	0.02287	0.01773	0.25985	0.01778	0.01001	0.00594	0.00185	0.00628	0.00815	0.00473	0.00709
6	0.27981	0.01548	0.01477	0.01193	0.01585	0.09617	0.02997	0.38746	0.01921	0.02902	0.01107	0.01196	0.00824	0.00634	0.00554	0.00175	0.03844	0.00438	0.00453	0.00808
7	0.01202	0.01067	0.01429	0.01261	0.01272	0.04135	0.01007	0.01210	0.00862	0.01256	0.00833	0.01398	0.00827	0.01298	0.01941	0.26543	0.51206	0.00495	0.00251	0.00508
8	0.01050	0.00807	0.00910	0.00843	0.01024	0.05241	0.00650	0.04016	0.05863	0.05302	0.54893	0.03933	0.06173	0.01110	0.00660	0.00184	0.00366	0.05777	0.00599	0.00599
9	0.00960	0.25730	0.01402	0.00854	0.01032	0.01034	0.00673	0.01086	0.01116	0.01424	0.02407	0.54652	0.02818	0.01380	0.00615	0.00198	0.00420	0.01208	0.00440	0.00550
10	0.01211	0.02511	0.53659	0.01877	0.02638	0.01366	0.24939	0.01818	0.01253	0.01818	0.01068	0.01314	0.00770	0.00524	0.00585	0.00185	0.00883	0.00503	0.00257	0.00822
11	0.00810	0.00620	0.00766	0.00830	0.00987	0.00576	0.00689	0.01024	0.01334	0.01685	0.09633	0.05892	0.33998	0.01494	0.00734	0.00228	0.00408	0.37246	0.00536	0.00509
12	0.01452	0.26319	0.02535	0.02710	0.52643	0.01645	0.01510	0.01742	0.01258	0.01703	0.00987	0.01258	0.00852	0.00503	0.00503	0.00155	0.00658	0.00445	0.00271	0.00852
13	0.00735	0.00534	0.00745	0.00835	0.00890	0.00544	0.00589	0.00868	0.01039	0.01418	0.02640	0.55073	0.03039	0.02582	0.25063	0.00450	0.00712	0.01305	0.00460	0.00479
14	0.01193	0.00997	0.01094	0.01048	0.01279	0.01120	0.00787	0.02330	0.51818	0.02098	0.02589	0.26622	0.02391	0.01097	0.00629	0.00206	0.00414	0.00957	0.00566	0.00766
15	0.01416	0.01359	0.02322	0.03511	0.76330	0.01359	0.01755	0.01755	0.01302	0.01869	0.01076	0.01416	0.00906	0.00510	0.00566	0.00170	0.00680	0.00510	0.00283	0.00906

[dist]
# distance from previous block
# <min> <max>
0	281

# created by:
# /software/SequenceAnalysis/GenePrediction/augustus/3.0.1/scripts/msa2prfl.pl ./fixed/BUSCOvEOG74J3ZH.fas
