[name]
unknown

[dist]
# distance from previous block
# <min> <max>
0	108

[block]
# block no. 0 follows, 40 sequences, length 38
# corresponding to MSA columns:
# 110-147
name=unknown_A
#
# <colnr> <probs for GDERKNQSTAVLIFYWHMCP>
#	G	D	E	R	K	N	Q	S	T	A	V	L	I	F	Y	W	H	M	C	P
0	0.00937	0.00669	0.00937	0.01071	0.01205	0.00669	0.00937	0.01205	0.01339	0.01740	0.03079	0.06560	0.03347	0.01606	0.00803	0.00268	0.00535	0.72021	0.00535	0.00535
1	0.00712	0.00550	0.00653	0.00731	0.00839	0.00491	0.00520	0.00842	0.01215	0.01535	0.04326	0.44312	0.33994	0.01663	0.00722	0.00221	0.00330	0.05319	0.00540	0.00484
2	0.01555	0.79913	0.03047	0.00995	0.01493	0.02301	0.00995	0.01741	0.01182	0.01368	0.00808	0.00933	0.00746	0.00498	0.00373	0.00124	0.00622	0.00311	0.00249	0.00746
3	0.01166	0.03008	0.76550	0.01657	0.02517	0.01351	0.02149	0.01842	0.01228	0.01842	0.01044	0.01228	0.00737	0.00552	0.00552	0.00184	0.00859	0.00430	0.00246	0.00859
4	0.02211	0.01629	0.01745	0.01338	0.01803	0.01803	0.01105	0.73997	0.02734	0.03665	0.01396	0.01396	0.00989	0.00698	0.00582	0.00175	0.00640	0.00524	0.00582	0.00989
5	0.00818	0.00552	0.00642	0.00669	0.00676	0.00545	0.00390	0.00838	0.00899	0.01199	0.02107	0.18887	0.02461	0.64009	0.02516	0.00498	0.00518	0.01007	0.00390	0.00376
6	0.01341	0.01497	0.03183	0.02401	0.06864	0.01428	0.63848	0.01791	0.01341	0.01831	0.01256	0.05323	0.01024	0.00574	0.00725	0.00199	0.03581	0.00718	0.00304	0.00772
7	0.01010	0.00505	0.00758	0.00758	0.00758	0.00505	0.00505	0.00758	0.00758	0.01010	0.01010	0.01768	0.01010	0.02020	0.02273	0.83081	0.00505	0.00505	0.00253	0.00253
8	0.01098	0.01034	0.01744	0.78165	0.04005	0.01292	0.01615	0.01486	0.01163	0.01486	0.01034	0.01550	0.00775	0.00581	0.00581	0.00194	0.00775	0.00517	0.00258	0.00646
9	0.01428	0.01370	0.02339	0.06124	0.73472	0.01379	0.01779	0.01774	0.01319	0.01886	0.01092	0.01443	0.00916	0.00520	0.00576	0.00173	0.00694	0.00518	0.00287	0.00912
10	0.01206	0.10927	0.68982	0.01589	0.02411	0.01448	0.02030	0.01831	0.01223	0.01793	0.01019	0.01197	0.00738	0.00547	0.00534	0.00178	0.00835	0.00417	0.00246	0.00848
11	0.00814	0.00596	0.00729	0.00765	0.00858	0.00584	0.00558	0.00941	0.01095	0.01416	0.03145	0.09227	0.20764	0.28862	0.12272	0.00444	0.00617	0.15417	0.00442	0.00455
12	0.21570	0.01226	0.01303	0.01062	0.01455	0.01315	0.00871	0.26449	0.08801	0.20375	0.01653	0.01741	0.01203	0.00708	0.00530	0.00181	0.00519	0.03275	0.04906	0.00856
13	0.00812	0.00591	0.00764	0.00728	0.00864	0.00543	0.00543	0.01073	0.01609	0.02261	0.69327	0.07415	0.08833	0.01228	0.00688	0.00186	0.00278	0.01084	0.00631	0.00543
14	0.02133	0.02653	0.01658	0.01492	0.01786	0.70474	0.01129	0.05471	0.01662	0.01522	0.00915	0.01074	0.00760	0.00622	0.00589	0.00156	0.04518	0.00387	0.00310	0.00686
15	0.01555	0.79913	0.03047	0.00995	0.01493	0.02301	0.00995	0.01741	0.01182	0.01368	0.00808	0.00933	0.00746	0.00498	0.00373	0.00124	0.00622	0.00311	0.00249	0.00746
16	0.00722	0.00522	0.00685	0.00802	0.00855	0.00485	0.00550	0.00841	0.01161	0.01541	0.06888	0.68123	0.08404	0.01761	0.00738	0.00232	0.00339	0.04327	0.00545	0.00480
17	0.01901	0.01908	0.01543	0.01338	0.01689	0.29761	0.01041	0.19935	0.30173	0.02354	0.01586	0.01565	0.01203	0.00696	0.00564	0.00174	0.00723	0.00520	0.00481	0.00845
18	0.01166	0.03008	0.76550	0.01657	0.02517	0.01351	0.02149	0.01842	0.01228	0.01842	0.01044	0.01228	0.00737	0.00552	0.00552	0.00184	0.00859	0.00430	0.00246	0.00859
19	0.02206	0.01554	0.01691	0.01300	0.01756	0.01700	0.01072	0.66767	0.02626	0.09140	0.03333	0.01515	0.01136	0.00712	0.00585	0.00175	0.00620	0.00541	0.00594	0.00978
20	0.01961	0.01534	0.01589	0.01274	0.01682	0.05005	0.01032	0.51504	0.17378	0.03225	0.06453	0.01733	0.01435	0.00745	0.00588	0.00179	0.00597	0.00579	0.00575	0.00932
21	0.00698	0.00573	0.00615	0.00639	0.00801	0.00490	0.00466	0.00842	0.01300	0.01591	0.08740	0.19818	0.58361	0.01527	0.00698	0.00203	0.00302	0.01301	0.00545	0.00490
22	0.01254	0.01062	0.01232	0.00884	0.01399	0.00825	0.00709	0.04969	0.01280	0.01980	0.01051	0.01215	0.00867	0.00444	0.00438	0.00090	0.00441	0.00353	0.00356	0.79149
23	0.01189	0.01126	0.01907	0.58398	0.23066	0.01316	0.01660	0.01565	0.01206	0.01596	0.01050	0.01521	0.00814	0.00565	0.00580	0.00188	0.00753	0.00517	0.00266	0.00719
24	0.01018	0.00553	0.00847	0.07791	0.01053	0.00577	0.00606	0.00824	0.00794	0.01053	0.01012	0.01748	0.00989	0.01889	0.02119	0.75549	0.00530	0.00506	0.00253	0.00288
25	0.00800	0.00566	0.00741	0.00853	0.00924	0.00547	0.00619	0.00999	0.03592	0.01633	0.05892	0.56073	0.03621	0.01661	0.00728	0.00233	0.00372	0.14601	0.05039	0.00505
26	0.00770	0.00532	0.00656	0.00730	0.00749	0.00514	0.00455	0.00826	0.00992	0.01323	0.02585	0.45141	0.03064	0.36932	0.01744	0.00384	0.00440	0.01288	0.00455	0.00418
27	0.01199	0.09564	0.70284	0.01601	0.02430	0.01432	0.02050	0.01833	0.01224	0.01801	0.01024	0.01203	0.00737	0.00548	0.00537	0.00179	0.00839	0.00420	0.00246	0.00850
28	0.01048	0.00852	0.00906	0.00834	0.01079	0.00856	0.00645	0.10582	0.16263	0.02059	0.08915	0.07280	0.42157	0.01237	0.00660	0.00196	0.00378	0.02847	0.00562	0.00644
29	0.83671	0.01125	0.00855	0.00765	0.01125	0.01305	0.00630	0.01709	0.00990	0.02609	0.00810	0.00945	0.00630	0.00540	0.00360	0.00180	0.00450	0.00315	0.00360	0.00630
30	0.35151	0.01010	0.01070	0.00887	0.01252	0.01029	0.00723	0.05297	0.01428	0.31299	0.11623	0.01945	0.03542	0.00728	0.00510	0.00181	0.00448	0.00552	0.00552	0.00772
31	0.00814	0.00644	0.00717	0.00701	0.00883	0.00582	0.00532	0.04907	0.01460	0.01860	0.21228	0.10872	0.46758	0.01399	0.00691	0.00198	0.00323	0.04333	0.00565	0.00532
32	0.00833	0.00614	0.00888	0.00888	0.00976	0.00702	0.00669	0.01009	0.00921	0.01316	0.01600	0.02520	0.01556	0.15985	0.65775	0.00877	0.01404	0.00657	0.00318	0.00493
33	0.00709	0.00506	0.00675	0.00810	0.00843	0.00472	0.00540	0.00810	0.01113	0.01484	0.03205	0.79184	0.03846	0.01822	0.00742	0.00236	0.00337	0.01653	0.00540	0.00472
34	0.01272	0.01272	0.01781	0.01527	0.01527	0.01781	0.01272	0.01399	0.00891	0.01399	0.00763	0.01272	0.00763	0.01018	0.01908	0.00254	0.78499	0.00509	0.00254	0.00636
35	0.83671	0.01125	0.00855	0.00765	0.01125	0.01305	0.00630	0.01709	0.00990	0.02609	0.00810	0.00945	0.00630	0.00540	0.00360	0.00180	0.00450	0.00315	0.00360	0.00630
36	0.00831	0.00623	0.00935	0.00935	0.01038	0.00727	0.00727	0.01038	0.00935	0.01350	0.01558	0.02285	0.01454	0.04361	0.77259	0.00935	0.01558	0.00623	0.00312	0.00519
37	0.01555	0.79913	0.03047	0.00995	0.01493	0.02301	0.00995	0.01741	0.01182	0.01368	0.00808	0.00933	0.00746	0.00498	0.00373	0.00124	0.00622	0.00311	0.00249	0.00746

[dist]
# distance from previous block
# <min> <max>
0	1

[block]
# block no. 1 follows, 40 sequences, length 59
# corresponding to MSA columns:
# 149-207
name=unknown_B
#
# <colnr> <probs for GDERKNQSTAVLIFYWHMCP>
#	G	D	E	R	K	N	Q	S	T	A	V	L	I	F	Y	W	H	M	C	P
0	0.01166	0.03008	0.76550	0.01657	0.02517	0.01351	0.02149	0.01842	0.01228	0.01842	0.01044	0.01228	0.00737	0.00552	0.00552	0.00184	0.00859	0.00430	0.00246	0.00859
1	0.83671	0.01125	0.00855	0.00765	0.01125	0.01305	0.00630	0.01709	0.00990	0.02609	0.00810	0.00945	0.00630	0.00540	0.00360	0.00180	0.00450	0.00315	0.00360	0.00630
2	0.02050	0.02573	0.01612	0.01466	0.01740	0.69123	0.01107	0.02202	0.01570	0.01418	0.00932	0.01133	0.00792	0.00842	0.05144	0.00201	0.04738	0.00396	0.00298	0.00663
3	0.01439	0.01382	0.02360	0.03569	0.75936	0.01382	0.01785	0.01785	0.01324	0.01900	0.01094	0.01439	0.00921	0.00518	0.00576	0.00173	0.00691	0.00518	0.00288	0.00921
4	0.00707	0.00510	0.00671	0.00799	0.00841	0.00473	0.00535	0.00811	0.01123	0.01489	0.03332	0.75707	0.07240	0.01805	0.00740	0.00234	0.00335	0.01633	0.00540	0.00473
5	0.00835	0.00559	0.00638	0.00648	0.00651	0.00556	0.00367	0.00843	0.00867	0.01156	0.01943	0.09879	0.02254	0.73299	0.02781	0.00537	0.00546	0.00911	0.00367	0.00362
6	0.01010	0.00505	0.00758	0.00758	0.00758	0.00505	0.00505	0.00758	0.00758	0.01010	0.01010	0.01768	0.01010	0.02020	0.02273	0.83081	0.00505	0.00505	0.00253	0.00253
7	0.00748	0.00575	0.00611	0.00619	0.00733	0.00517	0.00414	0.00837	0.01134	0.01400	0.04217	0.09305	0.43978	0.30622	0.01538	0.00336	0.00398	0.01110	0.00470	0.00438
8	0.01217	0.01155	0.01958	0.52232	0.29012	0.01323	0.01674	0.01590	0.01219	0.01630	0.01055	0.01512	0.00826	0.00559	0.00579	0.00186	0.00746	0.00517	0.00269	0.00742
9	0.00901	0.00612	0.00802	0.00745	0.00896	0.00562	0.00562	0.01173	0.01647	0.05545	0.72445	0.04241	0.05311	0.01168	0.00681	0.00183	0.00284	0.01031	0.00644	0.00568
10	0.01439	0.01382	0.02360	0.03569	0.75936	0.01382	0.01785	0.01785	0.01324	0.01900	0.01094	0.01439	0.00921	0.00518	0.00576	0.00173	0.00691	0.00518	0.00288	0.00921
11	0.00809	0.00599	0.00849	0.00889	0.00961	0.00661	0.00657	0.00970	0.01005	0.01419	0.02160	0.30944	0.02341	0.05503	0.41429	0.00614	0.03890	0.01007	0.02791	0.00502
12	0.01272	0.01272	0.01781	0.01527	0.01527	0.01781	0.01272	0.01399	0.00891	0.01399	0.00763	0.01272	0.00763	0.01018	0.01908	0.00254	0.78499	0.00509	0.00254	0.00636
13	0.00849	0.00678	0.00771	0.00733	0.00919	0.00643	0.00554	0.01252	0.11138	0.02034	0.37451	0.04571	0.33745	0.01253	0.00674	0.00190	0.00307	0.01072	0.00593	0.00574
14	0.01399	0.01340	0.02287	0.12434	0.67388	0.01371	0.01765	0.01749	0.01305	0.01851	0.01087	0.01452	0.00904	0.00526	0.00576	0.00175	0.00701	0.00518	0.00284	0.00888
15	0.01555	0.79913	0.03047	0.00995	0.01493	0.02301	0.00995	0.01741	0.01182	0.01368	0.00808	0.00933	0.00746	0.00498	0.00373	0.00124	0.00622	0.00311	0.00249	0.00746
16	0.06504	0.01448	0.02196	0.01673	0.02078	0.07603	0.28078	0.04628	0.04430	0.12125	0.01257	0.01478	0.00951	0.00642	0.00826	0.00189	0.14623	0.00554	0.00378	0.08338
17	0.01439	0.01382	0.02360	0.03569	0.75936	0.01382	0.01785	0.01785	0.01324	0.01900	0.01094	0.01439	0.00921	0.00518	0.00576	0.00173	0.00691	0.00518	0.00288	0.00921
18	0.01442	0.01268	0.01441	0.01259	0.01603	0.01448	0.05248	0.03017	0.70521	0.02399	0.02296	0.02134	0.01722	0.00771	0.00597	0.00197	0.00491	0.00659	0.00574	0.00912
19	0.01053	0.00790	0.01098	0.00966	0.01215	0.00735	0.08422	0.01396	0.07107	0.08751	0.16935	0.06728	0.31389	0.01221	0.00686	0.00202	0.00426	0.09711	0.00552	0.00617
20	0.00872	0.00757	0.05292	0.00906	0.01041	0.00643	0.00714	0.05281	0.01286	0.01726	0.08826	0.47378	0.06010	0.05258	0.00828	0.00244	0.00419	0.11459	0.00523	0.00536
21	0.01523	0.73717	0.08970	0.01048	0.01575	0.02224	0.01088	0.01749	0.01185	0.01406	0.00827	0.00957	0.00745	0.00502	0.00388	0.00129	0.00641	0.00321	0.00248	0.00755
22	0.01439	0.01382	0.02360	0.03569	0.75936	0.01382	0.01785	0.01785	0.01324	0.01900	0.01094	0.01439	0.00921	0.00518	0.00576	0.00173	0.00691	0.00518	0.00288	0.00921
23	0.01439	0.01382	0.02360	0.03569	0.75936	0.01382	0.01785	0.01785	0.01324	0.01900	0.01094	0.01439	0.00921	0.00518	0.00576	0.00173	0.00691	0.00518	0.00288	0.00921
24	0.01410	0.01351	0.02307	0.10069	0.69668	0.01374	0.01770	0.01759	0.01310	0.01864	0.01089	0.01449	0.00908	0.00524	0.00576	0.00175	0.00698	0.00518	0.00285	0.00897
25	0.00742	0.00534	0.00726	0.00825	0.00871	0.00530	0.00567	0.00859	0.01061	0.01435	0.02783	0.58818	0.03249	0.06970	0.16677	0.00400	0.00603	0.01392	0.00482	0.00475
26	0.00737	0.00591	0.00658	0.00641	0.00816	0.00512	0.00481	0.00931	0.01443	0.01850	0.31438	0.05138	0.49979	0.01369	0.00687	0.00191	0.00287	0.01163	0.00577	0.00512
27	0.02532	0.00972	0.01325	0.01021	0.01458	0.00841	0.00841	0.02759	0.01664	0.73125	0.05478	0.02082	0.01615	0.00740	0.00589	0.00180	0.00485	0.00605	0.00716	0.00971
28	0.00846	0.00564	0.00634	0.00634	0.00634	0.00564	0.00352	0.00846	0.00846	0.01128	0.01832	0.03805	0.02114	0.79563	0.02960	0.00564	0.00564	0.00846	0.00352	0.00352
29	0.01010	0.00505	0.00758	0.00758	0.00758	0.00505	0.00505	0.00758	0.00758	0.01010	0.01010	0.01768	0.01010	0.02020	0.02273	0.83081	0.00505	0.00505	0.00253	0.00253
30	0.00709	0.00506	0.00675	0.00810	0.00843	0.00472	0.00540	0.00810	0.01113	0.01484	0.03205	0.79184	0.03846	0.01822	0.00742	0.00236	0.00337	0.01653	0.00540	0.00472
31	0.01166	0.03008	0.76550	0.01657	0.02517	0.01351	0.02149	0.01842	0.01228	0.01842	0.01044	0.01228	0.00737	0.00552	0.00552	0.00184	0.00859	0.00430	0.00246	0.00859
32	0.01121	0.01057	0.01778	0.65718	0.03634	0.01315	0.04359	0.01467	0.01133	0.01476	0.01014	0.01534	0.00787	0.00667	0.00762	0.03115	0.07644	0.00522	0.00259	0.00637
33	0.00831	0.00623	0.00935	0.00935	0.01038	0.00727	0.00727	0.01038	0.00935	0.01350	0.01558	0.02285	0.01454	0.04361	0.77259	0.00935	0.01558	0.00623	0.00312	0.00519
34	0.02609	0.00990	0.01350	0.01035	0.01484	0.00855	0.00855	0.02834	0.01664	0.76338	0.02294	0.01979	0.01439	0.00720	0.00585	0.00180	0.00495	0.00585	0.00720	0.00990
35	0.01376	0.01311	0.02227	0.11592	0.64953	0.01337	0.01715	0.01723	0.01320	0.01873	0.04198	0.01573	0.01096	0.00553	0.00581	0.00175	0.00683	0.00540	0.00299	0.00876
36	0.01134	0.01070	0.01808	0.70392	0.11501	0.01301	0.01633	0.01517	0.01180	0.01529	0.01040	0.01539	0.00790	0.00575	0.00581	0.00192	0.00766	0.00517	0.00261	0.00675
37	0.01240	0.07502	0.69542	0.01596	0.02420	0.01389	0.02035	0.01871	0.01240	0.04434	0.01074	0.01237	0.00762	0.00555	0.00543	0.00180	0.00832	0.00428	0.00262	0.00857
38	0.01833	0.02141	0.01527	0.01307	0.01657	0.48374	0.01003	0.03610	0.01496	0.01612	0.00942	0.01116	0.00789	0.00576	0.00580	0.00138	0.05453	0.00377	0.00317	0.25152
39	0.83671	0.01125	0.00855	0.00765	0.01125	0.01305	0.00630	0.01709	0.00990	0.02609	0.00810	0.00945	0.00630	0.00540	0.00360	0.00180	0.00450	0.00315	0.00360	0.00630
40	0.01352	0.01258	0.02114	0.03137	0.62992	0.01258	0.01638	0.01684	0.01327	0.01872	0.01438	0.02326	0.01341	0.00707	0.00615	0.00189	0.00664	0.12903	0.00331	0.00854
41	0.01179	0.01014	0.01256	0.00917	0.01392	0.00790	0.03723	0.01430	0.01182	0.01830	0.01105	0.01412	0.00956	0.05271	0.03153	0.00147	0.00499	0.00398	0.00342	0.72006
42	0.00743	0.00558	0.00688	0.00726	0.00837	0.00504	0.00518	0.00916	0.01353	0.01801	0.29049	0.34250	0.22912	0.01512	0.00709	0.00207	0.00304	0.01335	0.00575	0.00504
43	0.01446	0.01249	0.01315	0.01183	0.01512	0.01446	0.00920	0.03090	0.74885	0.02433	0.02367	0.02170	0.01775	0.00789	0.00592	0.00197	0.00460	0.00657	0.00592	0.00920
44	0.00827	0.00597	0.00783	0.00744	0.00881	0.00553	0.00562	0.01101	0.01635	0.02311	0.73077	0.04422	0.05412	0.01204	0.00690	0.00186	0.00284	0.03548	0.00636	0.00548
45	0.00891	0.00639	0.00873	0.00935	0.01070	0.00621	0.00781	0.01162	0.01462	0.01978	0.32219	0.05670	0.04206	0.01439	0.00756	0.00234	0.00431	0.43516	0.00578	0.00541
46	0.00846	0.00564	0.00634	0.00634	0.00634	0.00564	0.00352	0.00846	0.00846	0.01128	0.01832	0.03805	0.02114	0.79563	0.02960	0.00564	0.00564	0.00846	0.00352	0.00352
47	0.01555	0.79913	0.03047	0.00995	0.01493	0.02301	0.00995	0.01741	0.01182	0.01368	0.00808	0.00933	0.00746	0.00498	0.00373	0.00124	0.00622	0.00311	0.00249	0.00746
48	0.00815	0.00582	0.00797	0.00932	0.01013	0.00565	0.00726	0.00995	0.01219	0.01604	0.03146	0.45204	0.03612	0.01721	0.00771	0.00251	0.00430	0.34577	0.00538	0.00502
49	0.02049	0.01355	0.01512	0.01198	0.01606	0.01453	0.00982	0.47026	0.07740	0.15530	0.06111	0.01931	0.01490	0.00767	0.00589	0.00179	0.00562	0.02959	0.04039	0.00924
50	0.01211	0.11810	0.68137	0.01582	0.02400	0.01459	0.02017	0.01830	0.01222	0.01787	0.01017	0.01194	0.00738	0.00546	0.00532	0.00177	0.00832	0.00416	0.00246	0.00846
51	0.01675	0.01326	0.01417	0.01213	0.01579	0.01504	0.00961	0.19577	0.54918	0.05928	0.02138	0.01981	0.01578	0.00765	0.00589	0.00191	0.00504	0.00623	0.00595	0.00939
52	0.83671	0.01125	0.00855	0.00765	0.01125	0.01305	0.00630	0.01709	0.00990	0.02609	0.00810	0.00945	0.00630	0.00540	0.00360	0.00180	0.00450	0.00315	0.00360	0.00630
53	0.00705	0.00545	0.00636	0.00706	0.00810	0.00484	0.00490	0.00822	0.01196	0.01508	0.04325	0.44090	0.35179	0.04698	0.00805	0.00232	0.00327	0.01436	0.00533	0.00476
54	0.08026	0.02241	0.01626	0.01388	0.01752	0.44573	0.01082	0.28140	0.01993	0.02317	0.01072	0.01167	0.00827	0.00631	0.00533	0.00161	0.00858	0.00424	0.00406	0.00785
55	0.02104	0.02126	0.01683	0.01417	0.01772	0.37057	0.01116	0.33093	0.05249	0.02429	0.01168	0.01260	0.00898	0.00675	0.00634	0.00169	0.05445	0.00459	0.00431	0.00818
56	0.00706	0.00592	0.00615	0.00614	0.00804	0.00501	0.00464	0.00868	0.01356	0.01647	0.12434	0.05501	0.67286	0.01449	0.00690	0.00197	0.00298	0.02930	0.00549	0.00497
57	0.01685	0.78252	0.03101	0.01088	0.01588	0.02349	0.01049	0.01830	0.01268	0.01503	0.00953	0.01133	0.00881	0.00592	0.00436	0.00151	0.00666	0.00360	0.00298	0.00816
58	0.01057	0.00757	0.01009	0.01134	0.01269	0.00733	0.00950	0.01264	0.01398	0.01840	0.03186	0.14375	0.03477	0.01699	0.00850	0.00288	0.00561	0.62971	0.00579	0.00603

[dist]
# distance from previous block
# <min> <max>
0	1

[block]
# block no. 2 follows, 40 sequences, length 104
# corresponding to MSA columns:
# 209-312
name=unknown_C
#
# <colnr> <probs for GDERKNQSTAVLIFYWHMCP>
#	G	D	E	R	K	N	Q	S	T	A	V	L	I	F	Y	W	H	M	C	P
0	0.00957	0.00654	0.00720	0.00715	0.00739	0.00631	0.00414	0.00935	0.00954	0.01271	0.02186	0.04029	0.06782	0.73319	0.02823	0.00555	0.00585	0.00900	0.00403	0.00426
1	0.00945	0.00683	0.00863	0.00814	0.00960	0.00621	0.00601	0.01183	0.01709	0.02426	0.74366	0.04446	0.05511	0.01254	0.00733	0.00204	0.00318	0.01078	0.00674	0.00610
2	0.01299	0.01183	0.01924	0.55805	0.21687	0.01348	0.01650	0.01634	0.01277	0.01720	0.01193	0.01698	0.00946	0.00646	0.00623	0.00207	0.00772	0.00554	0.03064	0.00770
3	0.00962	0.00671	0.00819	0.00814	0.00858	0.00688	0.00528	0.00997	0.00952	0.01315	0.01846	0.03433	0.01990	0.54220	0.26637	0.00696	0.00918	0.00805	0.00378	0.00471
4	0.00834	0.00678	0.00709	0.00697	0.00892	0.00574	0.00514	0.00968	0.01447	0.01802	0.17186	0.05473	0.63081	0.01487	0.00734	0.00215	0.00334	0.01222	0.00592	0.00563
5	0.00823	0.00678	0.00694	0.00685	0.00885	0.00569	0.00505	0.00947	0.01421	0.01742	0.11648	0.05573	0.68656	0.01510	0.00734	0.00216	0.00336	0.01236	0.00584	0.00558
6	0.05861	0.02680	0.01689	0.01524	0.01842	0.68118	0.01143	0.06560	0.01746	0.01718	0.01042	0.01228	0.00870	0.00679	0.00570	0.00174	0.01027	0.00420	0.00359	0.00750
7	0.01249	0.00677	0.00683	0.00661	0.00820	0.00668	0.00491	0.04502	0.01355	0.02328	0.01976	0.02278	0.01567	0.00753	0.00466	0.00159	0.00330	0.00577	0.77837	0.00622
8	0.00967	0.00653	0.00723	0.00718	0.00730	0.00636	0.00409	0.00936	0.00924	0.01244	0.01933	0.03918	0.02201	0.78181	0.02965	0.00578	0.00602	0.00876	0.00391	0.00417
9	0.01550	0.01450	0.02375	0.03504	0.71665	0.01441	0.01780	0.01910	0.04334	0.02023	0.01259	0.01625	0.01064	0.00607	0.00625	0.00195	0.00717	0.00560	0.00340	0.00976
10	0.00984	0.03880	0.00954	0.00826	0.01002	0.00722	0.00622	0.01261	0.04744	0.02301	0.59930	0.04368	0.13575	0.01244	0.00716	0.00204	0.00342	0.01053	0.00644	0.00627
11	0.00953	0.00708	0.01004	0.00999	0.01107	0.00788	0.00759	0.01116	0.01007	0.01452	0.01677	0.02497	0.01584	0.07903	0.72398	0.00924	0.01531	0.00668	0.00353	0.00573
12	0.00952	0.00711	0.01018	0.01013	0.01126	0.00796	0.00776	0.01125	0.01011	0.01462	0.01664	0.02425	0.01553	0.04368	0.75891	0.00942	0.01577	0.00658	0.00351	0.00581
13	0.01354	0.01134	0.01302	0.00957	0.01474	0.00878	0.00753	0.03967	0.01328	0.02056	0.01161	0.01373	0.00975	0.00519	0.00487	0.00112	0.00478	0.00390	0.00392	0.78910
14	0.01597	0.01557	0.02331	0.06574	0.65375	0.07807	0.01752	0.01890	0.01414	0.01944	0.01190	0.01567	0.01009	0.00606	0.00620	0.00193	0.00760	0.00543	0.00328	0.00943
15	0.00957	0.00694	0.00932	0.00927	0.01010	0.00749	0.00669	0.01070	0.00986	0.01398	0.01743	0.02861	0.01742	0.25942	0.54576	0.00835	0.01292	0.00721	0.00363	0.00533
16	0.00832	0.00596	0.00763	0.00890	0.00935	0.00546	0.00593	0.00901	0.01187	0.01594	0.03281	0.77903	0.03901	0.01876	0.00788	0.00256	0.00380	0.01669	0.00575	0.00535
17	0.02195	0.01642	0.01750	0.01386	0.01835	0.01800	0.01121	0.62363	0.13332	0.03554	0.01647	0.01666	0.01211	0.00786	0.00632	0.00199	0.00650	0.00580	0.00618	0.01032
18	0.01439	0.01382	0.02360	0.03569	0.75936	0.01382	0.01785	0.01785	0.01324	0.01900	0.01094	0.01439	0.00921	0.00518	0.00576	0.00173	0.00691	0.00518	0.00288	0.00921
19	0.00818	0.00626	0.00774	0.00851	0.01005	0.00582	0.00703	0.01024	0.01320	0.01653	0.04286	0.10280	0.34245	0.01562	0.00750	0.00235	0.00421	0.37814	0.00538	0.00513
20	0.00790	0.00593	0.00731	0.00696	0.00848	0.00534	0.00522	0.01032	0.01567	0.02144	0.58410	0.04653	0.22823	0.01259	0.00686	0.00186	0.00279	0.01095	0.00615	0.00534
21	0.00710	0.00594	0.00621	0.00626	0.00815	0.00505	0.00478	0.00873	0.01346	0.01628	0.10068	0.05575	0.67086	0.01463	0.00694	0.00200	0.00307	0.05367	0.00546	0.00497
22	0.00840	0.00576	0.00691	0.00683	0.00719	0.00577	0.00427	0.00912	0.01005	0.01377	0.15699	0.03753	0.02683	0.57224	0.10023	0.00529	0.00609	0.00862	0.00402	0.00406
23	0.01450	0.59177	0.22866	0.01174	0.01769	0.02045	0.01306	0.01768	0.01194	0.01496	0.00872	0.01012	0.00744	0.00512	0.00421	0.00140	0.00686	0.00343	0.00248	0.00777
24	0.00927	0.00662	0.00926	0.01059	0.01189	0.00661	0.00920	0.01187	0.01329	0.01729	0.03085	0.09758	0.03369	0.01616	0.00801	0.00266	0.00527	0.68922	0.00536	0.00533
25	0.01206	0.01034	0.01206	0.00861	0.01378	0.00775	0.00689	0.01464	0.01206	0.01895	0.01034	0.01206	0.00861	0.00431	0.00431	0.00086	0.00431	0.00345	0.00345	0.83118
26	0.01010	0.00505	0.00758	0.00758	0.00758	0.00505	0.00505	0.00758	0.00758	0.01010	0.01010	0.01768	0.01010	0.02020	0.02273	0.83081	0.00505	0.00505	0.00253	0.00253
27	0.00691	0.00576	0.00603	0.00624	0.00795	0.00488	0.00457	0.00831	0.01292	0.01557	0.05470	0.17125	0.64442	0.01527	0.00696	0.00203	0.00301	0.01294	0.00540	0.00488
28	0.00917	0.00655	0.00914	0.01048	0.01173	0.00652	0.00902	0.01170	0.01319	0.01717	0.03090	0.13039	0.03391	0.01626	0.00798	0.00265	0.00518	0.65743	0.00536	0.00530
29	0.02172	0.02772	0.01648	0.01498	0.01798	0.77228	0.01124	0.02322	0.01648	0.01423	0.00899	0.01049	0.00749	0.00599	0.00524	0.00150	0.01049	0.00375	0.00300	0.00674
30	0.02609	0.00990	0.01350	0.01035	0.01484	0.00855	0.00855	0.02834	0.01664	0.76338	0.02294	0.01979	0.01439	0.00720	0.00585	0.00180	0.00495	0.00585	0.00720	0.00990
31	0.02609	0.00990	0.01350	0.01035	0.01484	0.00855	0.00855	0.02834	0.01664	0.76338	0.02294	0.01979	0.01439	0.00720	0.00585	0.00180	0.00495	0.00585	0.00720	0.00990
32	0.00892	0.00547	0.00669	0.00669	0.00669	0.00547	0.00395	0.00821	0.00821	0.01095	0.01602	0.03235	0.01805	0.57854	0.02767	0.23666	0.00547	0.00750	0.00324	0.00324
33	0.01439	0.01382	0.02360	0.03569	0.75936	0.01382	0.01785	0.01785	0.01324	0.01900	0.01094	0.01439	0.00921	0.00518	0.00576	0.00173	0.00691	0.00518	0.00288	0.00921
34	0.00693	0.00581	0.00602	0.00615	0.00793	0.00490	0.00454	0.00839	0.01312	0.01581	0.07336	0.12993	0.66720	0.01501	0.00693	0.00200	0.00298	0.01266	0.00542	0.00490
35	0.00818	0.00594	0.00771	0.00727	0.00866	0.00547	0.00545	0.01088	0.01635	0.02306	0.73216	0.04387	0.07916	0.01199	0.00686	0.00183	0.00275	0.01058	0.00637	0.00547
36	0.01428	0.01370	0.02340	0.06036	0.73558	0.01379	0.01779	0.01775	0.01319	0.01886	0.01092	0.01443	0.00916	0.00520	0.00576	0.00173	0.00694	0.00518	0.00287	0.00912
37	0.12272	0.01431	0.01480	0.01211	0.01614	0.01614	0.00980	0.39737	0.28044	0.03095	0.01665	0.01613	0.01222	0.00710	0.00557	0.00183	0.00552	0.00544	0.00557	0.00919
38	0.01010	0.00505	0.00758	0.00758	0.00758	0.00505	0.00505	0.00758	0.00758	0.01010	0.01010	0.01768	0.01010	0.02020	0.02273	0.83081	0.00505	0.00505	0.00253	0.00253
39	0.00709	0.00506	0.00675	0.00810	0.00843	0.00472	0.00540	0.00810	0.01113	0.01484	0.03205	0.79184	0.03846	0.01822	0.00742	0.00236	0.00337	0.01653	0.00540	0.00472
40	0.83671	0.01125	0.00855	0.00765	0.01125	0.01305	0.00630	0.01709	0.00990	0.02609	0.00810	0.00945	0.00630	0.00540	0.00360	0.00180	0.00450	0.00315	0.00360	0.00630
41	0.01206	0.01034	0.01206	0.00861	0.01378	0.00775	0.00689	0.01464	0.01206	0.01895	0.01034	0.01206	0.00861	0.00431	0.00431	0.00086	0.00431	0.00345	0.00345	0.83118
42	0.01218	0.13251	0.66760	0.01569	0.02380	0.01477	0.01995	0.01828	0.01222	0.01779	0.01012	0.01188	0.00738	0.00545	0.00529	0.00176	0.00828	0.00414	0.00246	0.00844
43	0.02609	0.00990	0.01350	0.01035	0.01484	0.00855	0.00855	0.02834	0.01664	0.76338	0.02294	0.01979	0.01439	0.00720	0.00585	0.00180	0.00495	0.00585	0.00720	0.00990
44	0.00785	0.00597	0.00725	0.00705	0.00861	0.00537	0.00536	0.01017	0.01522	0.02045	0.48281	0.04889	0.28561	0.01307	0.00693	0.00192	0.00297	0.05319	0.00601	0.00529
45	0.02227	0.01717	0.01714	0.01339	0.01786	0.09772	0.01094	0.62696	0.02563	0.07185	0.01390	0.01389	0.00987	0.00689	0.00576	0.00172	0.00676	0.00511	0.00559	0.00956
46	0.00936	0.00768	0.01173	0.01609	0.21903	0.00747	0.00929	0.01123	0.01195	0.01627	0.02601	0.49993	0.02976	0.01435	0.00702	0.00222	0.00457	0.08529	0.00469	0.00604
47	0.00709	0.00506	0.00675	0.00810	0.00843	0.00472	0.00540	0.00810	0.01113	0.01484	0.03205	0.79184	0.03846	0.01822	0.00742	0.00236	0.00337	0.01653	0.00540	0.00472
48	0.01423	0.01365	0.02331	0.07076	0.72554	0.01377	0.01777	0.01771	0.01317	0.01880	0.01091	0.01444	0.00914	0.00521	0.00576	0.00174	0.00695	0.00518	0.00286	0.00908
49	0.00845	0.00565	0.00641	0.00639	0.00645	0.00563	0.00361	0.00857	0.00881	0.01181	0.05083	0.03829	0.02263	0.76111	0.02860	0.00547	0.00551	0.00855	0.00365	0.00361
50	0.01764	0.01160	0.01315	0.01125	0.01482	0.01252	0.00891	0.06599	0.47038	0.22469	0.06591	0.02205	0.01861	0.00789	0.00595	0.00191	0.00468	0.00654	0.00629	0.00921
51	0.06161	0.01755	0.01669	0.01327	0.01757	0.12800	0.01077	0.56915	0.05598	0.03232	0.01336	0.01357	0.00970	0.00680	0.00563	0.00172	0.00683	0.00497	0.00530	0.00922
52	0.01397	0.01339	0.02285	0.12716	0.67116	0.01371	0.01764	0.01748	0.01304	0.01849	0.01086	0.01453	0.00903	0.00526	0.00576	0.00175	0.00701	0.00518	0.00284	0.00887
53	0.02188	0.02303	0.01665	0.01426	0.01778	0.48907	0.01107	0.24049	0.01963	0.05977	0.01119	0.01207	0.00858	0.00644	0.00573	0.00161	0.02452	0.00433	0.00406	0.00785
54	0.01277	0.23169	0.54136	0.01517	0.02270	0.01606	0.04871	0.01816	0.01222	0.01718	0.00987	0.01165	0.00745	0.00535	0.00511	0.00169	0.00802	0.00409	0.00248	0.00826
55	0.00784	0.00593	0.00723	0.00691	0.00845	0.00532	0.00518	0.01022	0.01554	0.02114	0.55640	0.04703	0.25611	0.01270	0.00686	0.00187	0.00280	0.01102	0.00611	0.00532
56	0.01367	0.01553	0.03346	0.02403	0.02961	0.01487	0.70071	0.01839	0.01348	0.01839	0.01155	0.01553	0.00876	0.00517	0.00749	0.00199	0.04990	0.00677	0.00292	0.00777
57	0.04501	0.39721	0.22448	0.01205	0.01759	0.01828	0.01277	0.02050	0.16625	0.01765	0.01198	0.01272	0.00955	0.00575	0.00467	0.00158	0.00646	0.00416	0.00324	0.00809
58	0.00833	0.00614	0.00890	0.00890	0.00979	0.00703	0.00671	0.01010	0.00921	0.01317	0.01598	0.02510	0.01552	0.15504	0.66249	0.00880	0.01410	0.00656	0.00318	0.00494
59	0.00772	0.00592	0.00707	0.00678	0.00838	0.00527	0.00509	0.00999	0.01526	0.02046	0.49461	0.04814	0.31833	0.01295	0.00686	0.00188	0.00282	0.01118	0.00603	0.00527
60	0.18044	0.05611	0.01640	0.01208	0.01655	0.01732	0.01007	0.56150	0.02313	0.03340	0.01251	0.01284	0.00906	0.00657	0.00528	0.00173	0.00602	0.00472	0.00521	0.00906
61	0.04473	0.00746	0.00935	0.00812	0.01065	0.00663	0.00633	0.01440	0.01514	0.13883	0.42144	0.06253	0.05731	0.01015	0.00623	0.00172	0.00353	0.03320	0.00585	0.13642
62	0.01166	0.03008	0.76550	0.01657	0.02517	0.01351	0.02149	0.01842	0.01228	0.01842	0.01044	0.01228	0.00737	0.00552	0.00552	0.00184	0.00859	0.00430	0.00246	0.00859
63	0.00857	0.00661	0.00984	0.00969	0.01067	0.00789	0.00759	0.01060	0.00932	0.01353	0.01511	0.02225	0.01413	0.04165	0.72841	0.00895	0.06068	0.00616	0.00308	0.00526
64	0.00709	0.00506	0.00675	0.00810	0.00843	0.00472	0.00540	0.00810	0.01113	0.01484	0.03205	0.79184	0.03846	0.01822	0.00742	0.00236	0.00337	0.01653	0.00540	0.00472
65	0.01206	0.01034	0.01206	0.00861	0.01378	0.00775	0.00689	0.01464	0.01206	0.01895	0.01034	0.01206	0.00861	0.00431	0.00431	0.00086	0.00431	0.00345	0.00345	0.83118
66	0.01304	0.01038	0.01212	0.00905	0.01373	0.00842	0.00719	0.07848	0.01350	0.04802	0.01302	0.08044	0.01154	0.00586	0.00477	0.00111	0.00443	0.00483	0.00396	0.65609
67	0.01246	0.01234	0.01732	0.01492	0.01498	0.01719	0.01240	0.01378	0.00893	0.01397	0.00810	0.01332	0.00804	0.01214	0.06326	0.00294	0.73988	0.00516	0.00258	0.00629
68	0.00925	0.00661	0.00924	0.01057	0.01186	0.00659	0.00917	0.01184	0.01327	0.01727	0.03086	0.10316	0.03373	0.01618	0.00800	0.00266	0.00525	0.68382	0.00536	0.00532
69	0.83671	0.01125	0.00855	0.00765	0.01125	0.01305	0.00630	0.01709	0.00990	0.02609	0.00810	0.00945	0.00630	0.00540	0.00360	0.00180	0.00450	0.00315	0.00360	0.00630
70	0.83671	0.01125	0.00855	0.00765	0.01125	0.01305	0.00630	0.01709	0.00990	0.02609	0.00810	0.00945	0.00630	0.00540	0.00360	0.00180	0.00450	0.00315	0.00360	0.00630
71	0.01486	0.01241	0.01314	0.01169	0.01503	0.01421	0.00913	0.06677	0.67162	0.04042	0.02432	0.02239	0.04171	0.00805	0.00594	0.00196	0.00465	0.00668	0.00592	0.00911
72	0.01555	0.79913	0.03047	0.00995	0.01493	0.02301	0.00995	0.01741	0.01182	0.01368	0.00808	0.00933	0.00746	0.00498	0.00373	0.00124	0.00622	0.00311	0.00249	0.00746
73	0.01275	0.01126	0.01478	0.01070	0.01584	0.00923	0.08786	0.04479	0.04531	0.01986	0.01123	0.01296	0.00909	0.00464	0.00472	0.00107	0.00501	0.00403	0.00359	0.67130
74	0.00846	0.00564	0.00634	0.00634	0.00634	0.00564	0.00352	0.00846	0.00846	0.01128	0.01832	0.03805	0.02114	0.79563	0.02960	0.00564	0.00564	0.00846	0.00352	0.00352
75	0.01439	0.01382	0.02360	0.03569	0.75936	0.01382	0.01785	0.01785	0.01324	0.01900	0.01094	0.01439	0.00921	0.00518	0.00576	0.00173	0.00691	0.00518	0.00288	0.00921
76	0.00831	0.00623	0.00935	0.00935	0.01038	0.00727	0.00727	0.01038	0.00935	0.01350	0.01558	0.02285	0.01454	0.04361	0.77259	0.00935	0.01558	0.00623	0.00312	0.00519
77	0.02152	0.01600	0.01712	0.01326	0.01781	0.01776	0.01091	0.68585	0.08241	0.03571	0.01470	0.01455	0.01049	0.00705	0.00582	0.00176	0.00626	0.00534	0.00582	0.00984
78	0.00831	0.00623	0.00935	0.00935	0.01038	0.00727	0.00727	0.01038	0.00935	0.01350	0.01558	0.02285	0.01454	0.04361	0.77259	0.00935	0.01558	0.00623	0.00312	0.00519
79	0.01206	0.01034	0.01206	0.00861	0.01378	0.00775	0.00689	0.01464	0.01206	0.01895	0.01034	0.01206	0.00861	0.00431	0.00431	0.00086	0.00431	0.00345	0.00345	0.83118
80	0.01206	0.01034	0.01206	0.00861	0.01378	0.00775	0.00689	0.01464	0.01206	0.01895	0.01034	0.01206	0.00861	0.00431	0.00431	0.00086	0.00431	0.00345	0.00345	0.83118
81	0.00709	0.00506	0.00675	0.00810	0.00843	0.00472	0.00540	0.00810	0.01113	0.01484	0.03205	0.79184	0.03846	0.01822	0.00742	0.00236	0.00337	0.01653	0.00540	0.00472
82	0.00944	0.00736	0.00912	0.00771	0.01031	0.00621	0.00592	0.01210	0.01498	0.02176	0.50210	0.03358	0.05392	0.00950	0.00604	0.00152	0.00325	0.00827	0.00543	0.27149
83	0.01555	0.79913	0.03047	0.00995	0.01493	0.02301	0.00995	0.01741	0.01182	0.01368	0.00808	0.00933	0.00746	0.00498	0.00373	0.00124	0.00622	0.00311	0.00249	0.00746
84	0.01534	0.75905	0.06878	0.01030	0.01546	0.02251	0.01055	0.01747	0.01184	0.01393	0.00821	0.00948	0.00746	0.00500	0.00382	0.00127	0.00634	0.00317	0.00249	0.00752
85	0.01555	0.79913	0.03047	0.00995	0.01493	0.02301	0.00995	0.01741	0.01182	0.01368	0.00808	0.00933	0.00746	0.00498	0.00373	0.00124	0.00622	0.00311	0.00249	0.00746
86	0.00846	0.00564	0.00634	0.00634	0.00634	0.00564	0.00352	0.00846	0.00846	0.01128	0.01832	0.03805	0.02114	0.79563	0.02960	0.00564	0.00564	0.00846	0.00352	0.00352
87	0.01338	0.01513	0.03288	0.02365	0.02925	0.01419	0.70004	0.01808	0.01359	0.01843	0.01282	0.05614	0.01037	0.00560	0.00689	0.00198	0.00947	0.00737	0.00307	0.00768
88	0.01491	0.01271	0.01340	0.01192	0.01529	0.01467	0.00931	0.07247	0.70655	0.02505	0.02310	0.02124	0.01729	0.00784	0.00591	0.00196	0.00471	0.00650	0.00591	0.00924
89	0.01189	0.01016	0.01188	0.00860	0.01360	0.00765	0.00684	0.01442	0.01203	0.01881	0.01106	0.03811	0.00961	0.00477	0.00441	0.00091	0.00428	0.00388	0.00351	0.80357
90	0.00747	0.00553	0.00704	0.00805	0.00876	0.00521	0.00557	0.00926	0.03933	0.01582	0.07228	0.62226	0.11427	0.01706	0.00730	0.00229	0.00341	0.03866	0.00547	0.00497
91	0.01076	0.00549	0.00563	0.00570	0.00705	0.00549	0.00434	0.01347	0.01226	0.02146	0.01959	0.02397	0.01587	0.00726	0.00427	0.00142	0.00285	0.04267	0.78504	0.00542
92	0.01185	0.06623	0.73095	0.01626	0.02469	0.01395	0.02094	0.01837	0.01226	0.01819	0.01033	0.01214	0.00737	0.00550	0.00544	0.00181	0.00848	0.00424	0.00246	0.00854
93	0.02172	0.02772	0.01648	0.01498	0.01798	0.77228	0.01124	0.02322	0.01648	0.01423	0.00899	0.01049	0.00749	0.00599	0.00524	0.00150	0.01049	0.00375	0.00300	0.00674
94	0.83671	0.01125	0.00855	0.00765	0.01125	0.01305	0.00630	0.01709	0.00990	0.02609	0.00810	0.00945	0.00630	0.00540	0.00360	0.00180	0.00450	0.00315	0.00360	0.00630
95	0.01206	0.01034	0.01206	0.00861	0.01378	0.00775	0.00689	0.01464	0.01206	0.01895	0.01034	0.01206	0.00861	0.00431	0.00431	0.00086	0.00431	0.00345	0.00345	0.83118
96	0.00713	0.00590	0.00627	0.00636	0.00817	0.00504	0.00481	0.00875	0.01344	0.01641	0.11575	0.08781	0.62804	0.01471	0.00696	0.00201	0.00307	0.04893	0.00548	0.00497
97	0.01839	0.01003	0.01212	0.01025	0.01371	0.01001	0.00813	0.02565	0.27824	0.35681	0.08820	0.06090	0.06371	0.00880	0.00609	0.00190	0.00445	0.00738	0.00648	0.00874
98	0.02184	0.04610	0.01790	0.01332	0.01791	0.05144	0.01102	0.68135	0.02628	0.03480	0.01352	0.01364	0.00969	0.00686	0.00571	0.00172	0.00657	0.00509	0.00557	0.00966
99	0.01205	0.10601	0.69293	0.01592	0.02416	0.01444	0.02035	0.01832	0.01223	0.01795	0.01020	0.01199	0.00738	0.00547	0.00535	0.00178	0.00836	0.00418	0.00246	0.00848
100	0.01555	0.79913	0.03047	0.00995	0.01493	0.02301	0.00995	0.01741	0.01182	0.01368	0.00808	0.00933	0.00746	0.00498	0.00373	0.00124	0.00622	0.00311	0.00249	0.00746
101	0.01232	0.14186	0.63336	0.01625	0.04820	0.01490	0.01968	0.01825	0.01224	0.01774	0.01011	0.01192	0.00744	0.00543	0.00527	0.00175	0.00819	0.00415	0.00247	0.00845
102	0.01833	0.01163	0.01380	0.04761	0.01617	0.01256	0.00946	0.09912	0.34354	0.25697	0.05938	0.02080	0.01696	0.00778	0.00646	0.00191	0.03614	0.00629	0.00604	0.00905
103	0.01744	0.06783	0.32479	0.01449	0.02078	0.01647	0.01526	0.40189	0.02026	0.02783	0.01217	0.01300	0.00871	0.00627	0.00558	0.00176	0.00729	0.00473	0.00424	0.00922

[dist]
# distance from previous block
# <min> <max>
3	5

[block]
# block no. 3 follows, 40 sequences, length 9
# corresponding to MSA columns:
# 318-326
name=unknown_D
#
# <colnr> <probs for GDERKNQSTAVLIFYWHMCP>
#	G	D	E	R	K	N	Q	S	T	A	V	L	I	F	Y	W	H	M	C	P
0	0.01275	0.21664	0.53745	0.01549	0.02302	0.01590	0.06653	0.01819	0.01226	0.01728	0.00995	0.01179	0.00749	0.00535	0.00518	0.00170	0.00810	0.00418	0.00250	0.00827
1	0.04663	0.01238	0.01337	0.01133	0.01469	0.01350	0.00910	0.38177	0.13999	0.02809	0.02335	0.11402	0.09324	0.00987	0.00622	0.00195	0.00525	0.06146	0.00562	0.00819
2	0.01464	0.61902	0.20261	0.01150	0.01732	0.02078	0.01265	0.01765	0.01192	0.01479	0.00864	0.01002	0.00744	0.00510	0.00415	0.00138	0.00678	0.00339	0.00248	0.00773
3	0.35168	0.01289	0.01131	0.00991	0.01310	0.08878	0.00784	0.16595	0.07600	0.02564	0.10079	0.08191	0.01655	0.00784	0.00512	0.00182	0.00520	0.00592	0.00467	0.00709
4	0.01385	0.01326	0.02262	0.15540	0.64392	0.01367	0.01757	0.01737	0.01298	0.01833	0.01084	0.01457	0.00898	0.00528	0.00577	0.00176	0.00704	0.00518	0.00283	0.00877
5	0.01320	0.33481	0.47425	0.01395	0.02111	0.01727	0.01691	0.01802	0.01209	0.01654	0.00950	0.01111	0.00740	0.00531	0.00481	0.00160	0.00765	0.00383	0.00247	0.00815
6	0.01530	0.01190	0.01289	0.01115	0.01470	0.01299	0.00876	0.07398	0.52765	0.08995	0.02418	0.02248	0.06466	0.00792	0.00583	0.00185	0.00462	0.00654	0.00579	0.07686
7	0.14258	0.00620	0.00720	0.00791	0.00893	0.00620	0.00556	0.01000	0.01173	0.01796	0.13719	0.55153	0.03569	0.01517	0.00671	0.00219	0.00346	0.01344	0.00526	0.00510
8	0.01356	0.25834	0.50801	0.01428	0.02159	0.01609	0.01739	0.01862	0.01236	0.05499	0.01037	0.01178	0.00775	0.00545	0.00501	0.00166	0.00770	0.00402	0.00271	0.00832

[dist]
# distance from previous block
# <min> <max>
0	7

[block]
# block no. 4 follows, 40 sequences, length 6
# corresponding to MSA columns:
# 334-339
name=unknown_E
#
# <colnr> <probs for GDERKNQSTAVLIFYWHMCP>
#	G	D	E	R	K	N	Q	S	T	A	V	L	I	F	Y	W	H	M	C	P
0	0.01392	0.01153	0.01187	0.01047	0.01346	0.07902	0.00814	0.06846	0.25047	0.06477	0.15190	0.09403	0.02407	0.00915	0.00602	0.00179	0.00483	0.04344	0.00537	0.12731
1	0.01675	0.00977	0.01181	0.00983	0.01333	0.00925	0.00774	0.07260	0.14615	0.27190	0.07031	0.13052	0.05427	0.00904	0.00594	0.00176	0.00443	0.00765	0.00588	0.14105
2	0.04479	0.01062	0.01339	0.01479	0.14684	0.07758	0.05774	0.04284	0.01330	0.01794	0.05970	0.30493	0.08902	0.01124	0.00636	0.00192	0.00525	0.01003	0.00441	0.06729
3	0.01287	0.01051	0.01365	0.01081	0.01454	0.00966	0.07342	0.16424	0.01560	0.02212	0.08497	0.18383	0.01962	0.00862	0.00576	0.00156	0.00489	0.00760	0.00459	0.33112
4	0.01377	0.01540	0.10964	0.10040	0.60912	0.01370	0.01812	0.01765	0.01298	0.01856	0.01083	0.01425	0.00887	0.00528	0.00574	0.00176	0.00718	0.00508	0.00280	0.00889
5	0.01439	0.01382	0.02360	0.03569	0.75936	0.01382	0.01785	0.01785	0.01324	0.01900	0.01094	0.01439	0.00921	0.00518	0.00576	0.00173	0.00691	0.00518	0.00288	0.00921

[dist]
# distance from previous block
# <min> <max>
5	21

[block]
# block no. 5 follows, 40 sequences, length 8
# corresponding to MSA columns:
# 376-383
name=unknown_F
#
# <colnr> <probs for GDERKNQSTAVLIFYWHMCP>
#	G	D	E	R	K	N	Q	S	T	A	V	L	I	F	Y	W	H	M	C	P
0	0.01558	0.19564	0.15675	0.01383	0.01923	0.01629	0.09797	0.20170	0.01596	0.02185	0.01078	0.01243	0.00842	0.00577	0.00593	0.00158	0.05163	0.00448	0.00354	0.14061
1	0.06121	0.01221	0.01409	0.01175	0.01515	0.03692	0.06617	0.15869	0.28091	0.05877	0.14133	0.02472	0.07590	0.00841	0.00604	0.00187	0.00513	0.00710	0.00554	0.00809
2	0.01508	0.01233	0.01680	0.01334	0.01699	0.01267	0.14577	0.30761	0.05119	0.02502	0.02108	0.15748	0.07507	0.03461	0.00712	0.00202	0.00599	0.02457	0.00497	0.05029
3	0.01313	0.01190	0.01977	0.20560	0.49233	0.01250	0.01563	0.01658	0.01273	0.01839	0.01186	0.01561	0.00962	0.00554	0.00555	0.00173	0.00655	0.00521	0.11171	0.00807
4	0.01929	0.01234	0.01728	0.05107	0.13852	0.01238	0.06843	0.18579	0.06406	0.26069	0.03318	0.01755	0.01273	0.00661	0.00580	0.00175	0.00591	0.00570	0.04536	0.03558
5	0.01240	0.12006	0.58117	0.01683	0.02463	0.01480	0.11471	0.01832	0.01241	0.01788	0.01033	0.01238	0.00757	0.00538	0.00549	0.00179	0.00847	0.00449	0.00252	0.00836
6	0.01266	0.22705	0.57724	0.01488	0.02255	0.01594	0.01853	0.01816	0.01216	0.01720	0.00983	0.01152	0.00739	0.00538	0.00507	0.00169	0.00799	0.00399	0.00246	0.00830
7	0.09254	0.02059	0.11266	0.01274	0.01619	0.36318	0.01086	0.05660	0.04889	0.01868	0.07103	0.05851	0.01388	0.00731	0.00568	0.00170	0.02494	0.00535	0.05175	0.00692

[dist]
# distance from previous block
# <min> <max>
1	6

[block]
# block no. 6 follows, 40 sequences, length 16
# corresponding to MSA columns:
# 390-405
name=unknown_G
#
# <colnr> <probs for GDERKNQSTAVLIFYWHMCP>
#	G	D	E	R	K	N	Q	S	T	A	V	L	I	F	Y	W	H	M	C	P
0	0.12486	0.01282	0.01371	0.01098	0.01465	0.01391	0.00888	0.43503	0.02155	0.06921	0.15604	0.02046	0.01880	0.04491	0.00685	0.00195	0.00534	0.00616	0.00560	0.00828
1	0.08214	0.01288	0.02107	0.18851	0.54747	0.01357	0.01653	0.01716	0.01263	0.01873	0.01058	0.01421	0.00867	0.00533	0.00559	0.00178	0.00688	0.00501	0.00288	0.00840
2	0.01063	0.00880	0.01136	0.01071	0.01306	0.00900	0.05383	0.01714	0.22732	0.01952	0.08157	0.11982	0.11565	0.01219	0.00688	0.00216	0.00468	0.22484	0.00536	0.04546
3	0.01402	0.01343	0.02293	0.11776	0.68022	0.01372	0.01766	0.01752	0.01306	0.01854	0.01087	0.01451	0.00905	0.00525	0.00576	0.00175	0.00700	0.00518	0.00285	0.00891
4	0.25885	0.01351	0.01255	0.01051	0.01431	0.11606	0.00843	0.08956	0.10544	0.24610	0.04181	0.01588	0.01241	0.00668	0.00512	0.00176	0.00558	0.00492	0.00518	0.02534
5	0.01336	0.00809	0.00897	0.00819	0.00979	0.05454	0.00580	0.01455	0.01247	0.19417	0.11445	0.08324	0.05873	0.34846	0.01638	0.00351	0.00513	0.02946	0.00500	0.00570
6	0.01327	0.01258	0.02097	0.23558	0.50238	0.01307	0.01647	0.01677	0.01271	0.01787	0.01072	0.01450	0.00877	0.00528	0.00565	0.00171	0.00692	0.00503	0.00285	0.07689
7	0.01439	0.01382	0.02360	0.03569	0.75936	0.01382	0.01785	0.01785	0.01324	0.01900	0.01094	0.01439	0.00921	0.00518	0.00576	0.00173	0.00691	0.00518	0.00288	0.00921
8	0.01464	0.01066	0.01261	0.00916	0.01420	0.00853	0.00739	0.06365	0.01368	0.12218	0.01230	0.01324	0.00949	0.00488	0.00462	0.00105	0.00453	0.00389	0.00411	0.66519
9	0.00872	0.00645	0.00802	0.00872	0.00963	0.00644	0.00609	0.05630	0.07621	0.01743	0.06400	0.64128	0.03564	0.01632	0.00716	0.00226	0.00364	0.01468	0.00552	0.00547
