[name]
unknown

[dist]
# distance from previous block
# <min> <max>
0	239

[block]
# block no. 0 follows, 41 sequences, length 15
# corresponding to MSA columns:
# 294-308
name=unknown_A
#
# <colnr> <probs for GDERKNQSTAVLIFYWHMCP>
#	G	D	E	R	K	N	Q	S	T	A	V	L	I	F	Y	W	H	M	C	P
0	0.01756	0.01779	0.02134	0.20129	0.38572	0.20376	0.01622	0.01978	0.01495	0.01880	0.01262	0.01682	0.01065	0.00711	0.00660	0.00215	0.00863	0.00553	0.00366	0.00902
1	0.01263	0.02245	0.44903	0.01849	0.15362	0.01357	0.01750	0.02106	0.19604	0.01966	0.01358	0.01474	0.01010	0.00595	0.00557	0.00182	0.00718	0.00494	0.00333	0.00871
2	0.01140	0.00875	0.01007	0.00980	0.01161	0.00935	0.00723	0.14444	0.19786	0.02073	0.02632	0.46430	0.02778	0.01343	0.00665	0.00212	0.00415	0.01186	0.00551	0.00664
3	0.01475	0.09594	0.32485	0.02005	0.20572	0.04169	0.04562	0.14716	0.01510	0.02087	0.01079	0.01268	0.00821	0.00555	0.00542	0.00170	0.00755	0.00458	0.00315	0.00863
4	0.06422	0.01307	0.01499	0.01255	0.01535	0.01554	0.01021	0.25875	0.22309	0.04479	0.01485	0.01597	0.01152	0.00993	0.05417	0.00242	0.20023	0.00544	0.00470	0.00820
5	0.01107	0.01107	0.02183	0.03939	0.02057	0.01057	0.41267	0.01399	0.01163	0.01567	0.01604	0.12663	0.01600	0.23132	0.01312	0.00300	0.00757	0.00842	0.00337	0.00606
6	0.00760	0.00610	0.00830	0.14563	0.01368	0.00612	0.00695	0.00921	0.01156	0.01481	0.03428	0.47293	0.21186	0.01490	0.00689	0.00215	0.00398	0.01323	0.00482	0.00499
7	0.00785	0.00589	0.00716	0.00740	0.00861	0.00544	0.00532	0.03811	0.01371	0.01823	0.26156	0.34911	0.22108	0.01471	0.00693	0.00204	0.00314	0.01296	0.00563	0.00512
8	0.15800	0.04816	0.41898	0.01274	0.01835	0.01202	0.01460	0.01589	0.01093	0.01809	0.01103	0.01406	0.00881	0.01469	0.19627	0.00361	0.00936	0.00446	0.00278	0.00718
9	0.01508	0.01675	0.02547	0.01935	0.02400	0.14982	0.43051	0.02212	0.19743	0.01894	0.01399	0.01599	0.01062	0.00574	0.00624	0.00185	0.00849	0.00613	0.00363	0.00785
10	0.01296	0.00754	0.00778	0.00695	0.00896	0.00790	0.00542	0.16464	0.01508	0.02437	0.01764	0.01975	0.01364	0.00671	0.00436	0.00141	0.00342	0.00529	0.65994	0.00624
11	0.01407	0.01234	0.01288	0.01099	0.01471	0.03725	0.00860	0.04468	0.52654	0.02261	0.01931	0.01844	0.01470	0.00680	0.00540	0.00165	0.00469	0.00558	0.00512	0.21363
12	0.01218	0.00677	0.00868	0.00771	0.00989	0.00602	0.00595	0.01447	0.01549	0.20596	0.42629	0.06611	0.16923	0.01127	0.00652	0.00183	0.00329	0.00972	0.00628	0.00635
13	0.36626	0.46539	0.02079	0.00882	0.01314	0.01846	0.00826	0.01699	0.01082	0.01866	0.00796	0.00923	0.00685	0.00507	0.00361	0.00146	0.00540	0.00308	0.00291	0.00685
14	0.01578	0.01581	0.01353	0.01223	0.01536	0.20293	0.00941	0.02786	0.54807	0.02121	0.02073	0.01961	0.03719	0.00750	0.00568	0.00182	0.00591	0.00594	0.00509	0.00833

[dist]
# distance from previous block
# <min> <max>
3	232

# created by:
# /software/SequenceAnalysis/GenePrediction/augustus/3.0.1/scripts/msa2prfl.pl ./fixed/BUSCOvEOG7BZPGJ.fas
