[name]
unknown

[dist]
# distance from previous block
# <min> <max>
21	692

[block]
# block no. 0 follows, 40 sequences, length 40
# corresponding to MSA columns:
# 712-751
name=unknown_A
#
# <colnr> <probs for GDERKNQSTAVLIFYWHMCP>
#	G	D	E	R	K	N	Q	S	T	A	V	L	I	F	Y	W	H	M	C	P
0	0.01258	0.28638	0.02200	0.51159	0.03126	0.01645	0.01398	0.01575	0.01169	0.01445	0.00955	0.01334	0.00765	0.00552	0.00509	0.00170	0.00722	0.00445	0.00255	0.00681
1	0.01373	0.01569	0.03431	0.02451	0.03039	0.01471	0.73824	0.01863	0.01373	0.01863	0.01176	0.01569	0.00882	0.00490	0.00686	0.00196	0.00980	0.00686	0.00294	0.00784
2	0.01337	0.01465	0.02854	0.02128	0.02510	0.01579	0.48434	0.01701	0.01204	0.01701	0.01032	0.01465	0.00841	0.00675	0.01114	0.00217	0.28108	0.00624	0.00280	0.00732
3	0.01122	0.01725	0.27923	0.51391	0.03484	0.01312	0.01802	0.01610	0.01186	0.01610	0.01037	0.01437	0.00762	0.00571	0.00571	0.00190	0.00805	0.00486	0.00254	0.00721
4	0.30039	0.02349	0.50060	0.01345	0.02030	0.01334	0.01617	0.01795	0.01144	0.02110	0.00962	0.01129	0.00699	0.00548	0.00485	0.00183	0.00716	0.00390	0.00286	0.00779
5	0.01302	0.29921	0.50827	0.01426	0.02158	0.01683	0.01745	0.01807	0.01212	0.01676	0.00961	0.01125	0.00740	0.00533	0.00490	0.00163	0.00776	0.00388	0.00247	0.00820
6	0.01374	0.00675	0.00911	0.00888	0.01068	0.00606	0.00650	0.01518	0.01306	0.27680	0.02886	0.52166	0.03004	0.01436	0.00687	0.00216	0.00392	0.01279	0.00603	0.00653
7	0.01302	0.29921	0.50827	0.01426	0.02158	0.01683	0.01745	0.01807	0.01212	0.01676	0.00961	0.01125	0.00740	0.00533	0.00490	0.00163	0.00776	0.00388	0.00247	0.00820
8	0.01849	0.01242	0.01985	0.02633	0.48344	0.01199	0.01441	0.02179	0.02962	0.27961	0.01540	0.01643	0.01120	0.00594	0.00579	0.00176	0.00617	0.00544	0.00445	0.00945
9	0.00709	0.00506	0.00675	0.00810	0.00843	0.00472	0.00540	0.00810	0.01113	0.01484	0.03205	0.79184	0.03846	0.01822	0.00742	0.00236	0.00337	0.01653	0.00540	0.00472
10	0.01262	0.02439	0.50587	0.02327	0.28210	0.01361	0.02021	0.01822	0.01261	0.01862	0.01061	0.01302	0.00801	0.00540	0.00561	0.00180	0.00800	0.00461	0.00260	0.00881
11	0.02087	0.01599	0.01659	0.01313	0.01737	0.05735	0.01077	0.63687	0.02544	0.03365	0.01523	0.04476	0.01203	0.00781	0.00596	0.00180	0.00645	0.04298	0.00563	0.00930
12	0.01696	0.01868	0.02111	0.02845	0.49991	0.27925	0.01553	0.01973	0.01437	0.01733	0.01026	0.01303	0.00861	0.00547	0.00558	0.00165	0.00816	0.00468	0.00292	0.00835
13	0.01220	0.01109	0.01594	0.51225	0.03133	0.01346	0.01372	0.02047	0.26962	0.01817	0.01500	0.01767	0.01125	0.00654	0.00585	0.00195	0.00665	0.00566	0.00375	0.00742
14	0.01211	0.01064	0.01681	0.13482	0.38702	0.01097	0.01266	0.01431	0.01151	0.01596	0.01374	0.02325	0.01346	0.28210	0.01424	0.00318	0.00668	0.00642	0.00317	0.00696
15	0.01294	0.00967	0.01186	0.01084	0.01294	0.00999	0.03783	0.26489	0.01711	0.02292	0.02508	0.48415	0.02738	0.01388	0.00696	0.00218	0.00481	0.01222	0.00554	0.00683
16	0.29760	0.00800	0.00706	0.00673	0.00928	0.00795	0.00522	0.01165	0.01226	0.01963	0.04120	0.03989	0.49094	0.01162	0.00585	0.00196	0.00360	0.00914	0.00486	0.00556
17	0.01294	0.02714	0.61641	0.01814	0.08657	0.01400	0.03237	0.06076	0.04023	0.02001	0.01149	0.01337	0.00836	0.00586	0.00573	0.00189	0.00829	0.00465	0.00293	0.00888
18	0.01549	0.02937	0.49993	0.01619	0.02281	0.27919	0.01796	0.02029	0.01393	0.01722	0.01023	0.01207	0.00770	0.00589	0.00556	0.00178	0.00934	0.00420	0.00275	0.00809
19	0.00889	0.00635	0.00867	0.00999	0.01101	0.00619	0.00810	0.01089	0.01278	0.01678	0.03144	0.31991	0.03538	0.01697	0.00794	0.00262	0.00476	0.47058	0.00546	0.00530
20	0.01173	0.02328	0.50026	0.28449	0.03054	0.01345	0.01968	0.01736	0.01224	0.01744	0.01070	0.01383	0.00780	0.00583	0.00576	0.00193	0.00839	0.00470	0.00261	0.00799
21	0.01099	0.01907	0.40551	0.01208	0.01767	0.00987	0.01384	0.01527	0.01332	0.06446	0.07163	0.03026	0.27318	0.00942	0.00622	0.00194	0.00614	0.00764	0.00412	0.00735
22	0.01185	0.01104	0.01720	0.06850	0.45135	0.01080	0.01313	0.01454	0.01333	0.01788	0.02799	0.02942	0.27110	0.00876	0.00628	0.00188	0.00566	0.00776	0.00385	0.00769
23	0.01338	0.01384	0.02576	0.01859	0.02392	0.01258	0.44083	0.01718	0.01307	0.01877	0.01135	0.01467	0.00897	0.00518	0.00673	0.00166	0.04861	0.00566	0.00320	0.29605
24	0.01428	0.01338	0.02065	0.06018	0.35452	0.01402	0.10107	0.02230	0.27078	0.02078	0.01632	0.03806	0.01314	0.00667	0.00612	0.00192	0.00649	0.00627	0.00411	0.00894
25	0.02118	0.01570	0.01688	0.01319	0.01756	0.01734	0.01077	0.65633	0.06821	0.03482	0.01496	0.01563	0.01102	0.02559	0.03102	0.00214	0.00667	0.00551	0.00578	0.00970
26	0.01418	0.35188	0.17317	0.01343	0.01736	0.03332	0.01337	0.01672	0.01117	0.01504	0.00873	0.01156	0.00780	0.00713	0.00963	0.00188	0.27940	0.00416	0.00262	0.00744
27	0.01878	0.01264	0.02022	0.02690	0.49541	0.01212	0.01467	0.02171	0.01461	0.27977	0.01544	0.01669	0.01131	0.00609	0.00592	0.00181	0.00632	0.00551	0.00450	0.00959
28	0.02058	0.01143	0.05670	0.01030	0.01528	0.00873	0.00884	0.02311	0.01495	0.45642	0.01805	0.01704	0.01223	0.00628	0.00542	0.00153	0.00504	0.00501	0.00569	0.29737
29	0.01434	0.29764	0.43893	0.01443	0.03687	0.01666	0.01657	0.01890	0.01261	0.06649	0.01076	0.01221	0.00820	0.00564	0.00505	0.00168	0.00757	0.00410	0.00290	0.00844
30	0.00734	0.00559	0.00668	0.00754	0.00847	0.00498	0.00519	0.00842	0.01207	0.01544	0.04165	0.53095	0.29006	0.01714	0.00735	0.00228	0.00333	0.01508	0.00549	0.00495
31	0.01040	0.02001	0.43536	0.01401	0.01936	0.01045	0.05698	0.01482	0.01225	0.01757	0.03695	0.28648	0.01981	0.01029	0.00643	0.00209	0.00678	0.00898	0.00372	0.00727
32	0.01003	0.00881	0.01408	0.48351	0.05211	0.01023	0.01253	0.01279	0.01170	0.01527	0.01826	0.28755	0.01884	0.01034	0.00650	0.00213	0.00628	0.00924	0.00369	0.00610
33	0.01381	0.01004	0.01203	0.01146	0.01384	0.01056	0.00950	0.26643	0.01812	0.02404	0.02529	0.15411	0.02612	0.01335	0.00728	0.00236	0.00553	0.36351	0.00562	0.00701
34	0.01402	0.01587	0.03441	0.02464	0.03053	0.01485	0.73482	0.01882	0.01391	0.01890	0.01206	0.01609	0.00911	0.00511	0.00699	0.00202	0.00988	0.00695	0.00305	0.00799
35	0.01682	0.02008	0.02817	0.02131	0.02618	0.27997	0.48040	0.02042	0.01487	0.01736	0.01109	0.01427	0.00864	0.00549	0.00642	0.00185	0.01012	0.00586	0.00307	0.00761
36	0.01292	0.02450	0.50242	0.02344	0.28226	0.01377	0.02027	0.01841	0.01280	0.01889	0.01092	0.01344	0.00831	0.00561	0.00574	0.00186	0.00809	0.00471	0.00271	0.00896
37	0.01073	0.00847	0.00988	0.00911	0.01118	0.00882	0.00693	0.01817	0.27293	0.02392	0.49659	0.03610	0.04194	0.01066	0.00665	0.00193	0.00351	0.00921	0.00632	0.00695
38	0.01333	0.29933	0.50482	0.01443	0.02174	0.01698	0.01751	0.01825	0.01230	0.01703	0.00992	0.01167	0.00769	0.00554	0.00503	0.00169	0.00785	0.00398	0.00257	0.00834
39	0.01994	0.01527	0.01627	0.01308	0.01731	0.01703	0.01058	0.51218	0.25586	0.03293	0.01732	0.01682	0.01266	0.00746	0.00598	0.00187	0.00593	0.00576	0.00594	0.00981

[dist]
# distance from previous block
# <min> <max>
0	22

[block]
# block no. 1 follows, 40 sequences, length 16
# corresponding to MSA columns:
# 774-789
name=unknown_B
#
# <colnr> <probs for GDERKNQSTAVLIFYWHMCP>
#	G	D	E	R	K	N	Q	S	T	A	V	L	I	F	Y	W	H	M	C	P
0	0.02211	0.01629	0.01745	0.01338	0.01803	0.01803	0.01105	0.73997	0.02734	0.03665	0.01396	0.01396	0.00989	0.00698	0.00582	0.00175	0.00640	0.00524	0.00582	0.00989
1	0.00937	0.00694	0.00935	0.00856	0.00941	0.00687	0.06370	0.04921	0.01076	0.01444	0.05320	0.17250	0.02420	0.51194	0.02140	0.00436	0.00547	0.00972	0.00407	0.00453
2	0.01714	0.12839	0.01907	0.01342	0.01589	0.01755	0.01139	0.20531	0.01504	0.10724	0.01113	0.01337	0.00898	0.00824	0.01184	0.00206	0.37721	0.00493	0.00393	0.00785
3	0.22326	0.00722	0.00687	0.00670	0.00888	0.00708	0.00511	0.01091	0.01258	0.01923	0.12476	0.10362	0.41973	0.01226	0.00606	0.00194	0.00336	0.01005	0.00505	0.00532
4	0.01177	0.02494	0.56920	0.01450	0.02220	0.01201	0.01768	0.01743	0.01222	0.01856	0.01041	0.01222	0.00769	0.00521	0.00521	0.00159	0.00748	0.00408	0.00271	0.22291
5	0.02201	0.01928	0.01720	0.01380	0.01802	0.21568	0.01110	0.55214	0.02450	0.03077	0.01266	0.01305	0.00926	0.00672	0.00567	0.00168	0.00747	0.00485	0.00508	0.00906
6	0.01262	0.01697	0.21409	0.21646	0.25805	0.01401	0.01730	0.01750	0.05218	0.01750	0.01096	0.01433	0.00864	0.00616	0.00727	0.00192	0.09817	0.00501	0.00282	0.00802
7	0.01107	0.00804	0.00962	0.00956	0.01105	0.00825	0.00700	0.19891	0.01543	0.02061	0.02730	0.56615	0.03086	0.01522	0.00702	0.00221	0.00422	0.03589	0.00551	0.00609
8	0.01337	0.01356	0.02543	0.21110	0.36213	0.01388	0.23956	0.01737	0.01300	0.01789	0.01105	0.01506	0.00874	0.00525	0.00611	0.00185	0.00800	0.00570	0.00283	0.00813
9	0.05191	0.46509	0.02339	0.01101	0.01409	0.01906	0.00997	0.01542	0.01089	0.01447	0.01076	0.10147	0.01107	0.00789	0.00816	0.00174	0.20871	0.00519	0.00289	0.00680
10	0.00714	0.00532	0.00649	0.00738	0.00811	0.00485	0.00499	0.00819	0.01147	0.01478	0.03794	0.53923	0.22427	0.08010	0.00907	0.00252	0.00345	0.01477	0.00525	0.00467
11	0.00838	0.00644	0.00813	0.00823	0.00983	0.00551	0.00579	0.00980	0.01137	0.01591	0.02639	0.58867	0.03068	0.01459	0.00661	0.00197	0.00362	0.01312	0.00489	0.22005
12	0.02223	0.01072	0.01580	0.01676	0.20843	0.00979	0.01074	0.02468	0.01538	0.53456	0.01960	0.01923	0.01336	0.04324	0.00693	0.00196	0.00549	0.00580	0.00590	0.00942
13	0.01131	0.02231	0.48323	0.01597	0.02236	0.01187	0.10191	0.01678	0.01274	0.01818	0.01589	0.02657	0.01434	0.00820	0.00633	0.00207	0.00789	0.19112	0.00327	0.00766
14	0.01339	0.01250	0.01988	0.11563	0.48122	0.01213	0.01479	0.01666	0.01274	0.01850	0.01071	0.01391	0.00889	0.00503	0.00539	0.00153	0.00633	0.00473	0.00299	0.22305
15	0.01126	0.02378	0.53430	0.21540	0.02822	0.01294	0.01928	0.01701	0.01215	0.01736	0.01273	0.01521	0.04329	0.00604	0.00566	0.00187	0.00810	0.00491	0.00263	0.00786

[dist]
# distance from previous block
# <min> <max>
178	720

# created by:
# /software/SequenceAnalysis/GenePrediction/augustus/3.0.1/scripts/msa2prfl.pl ./fixed/BUSCOvEOG79CRMW.fas
