[name]
unknown

[dist]
# distance from previous block
# <min> <max>
19	150

[block]
# block no. 0 follows, 39 sequences, length 17
# corresponding to MSA columns:
# 188-204
name=unknown_A
#
# <colnr> <probs for GDERKNQSTAVLIFYWHMCP>
#	G	D	E	R	K	N	Q	S	T	A	V	L	I	F	Y	W	H	M	C	P
0	0.00978	0.03424	0.01053	0.00978	0.01064	0.00919	0.00724	0.03659	0.06191	0.01615	0.04190	0.40275	0.06122	0.10241	0.01197	0.00269	0.14887	0.01182	0.00471	0.00559
1	0.01119	0.00802	0.00923	0.00833	0.00948	0.00844	0.00582	0.10348	0.01190	0.01666	0.01737	0.03188	0.01825	0.48041	0.02133	0.00417	0.06221	0.04145	0.06870	0.06167
2	0.01480	0.01221	0.01339	0.06128	0.01630	0.01397	0.00934	0.12742	0.50061	0.02419	0.02109	0.02268	0.01670	0.10856	0.00909	0.00245	0.00528	0.00665	0.00547	0.00854
3	0.00845	0.00634	0.00950	0.00950	0.01056	0.00739	0.00739	0.01056	0.00950	0.01373	0.01584	0.02323	0.01478	0.04435	0.76873	0.00950	0.01584	0.00634	0.00317	0.00528
4	0.00990	0.00828	0.01187	0.16160	0.01691	0.00960	0.00957	0.01304	0.04272	0.01827	0.25588	0.09239	0.02963	0.01484	0.09059	0.00295	0.12395	0.07749	0.00458	0.00596
5	0.00905	0.00637	0.00731	0.00682	0.00761	0.00600	0.00418	0.00961	0.00971	0.01344	0.07546	0.03573	0.02257	0.62935	0.02497	0.00480	0.00533	0.00811	0.00380	0.10976
6	0.01197	0.01239	0.02443	0.32381	0.03196	0.01292	0.35340	0.01603	0.01277	0.01692	0.01404	0.11517	0.01241	0.00710	0.00663	0.00204	0.00830	0.00755	0.00317	0.00701
7	0.01226	0.01051	0.01226	0.00876	0.01401	0.00788	0.00701	0.01489	0.01226	0.01927	0.01051	0.01226	0.00876	0.00438	0.00438	0.00088	0.00438	0.00350	0.00350	0.82832
8	0.02248	0.01656	0.01775	0.01361	0.01834	0.01834	0.01124	0.73556	0.02780	0.03727	0.01420	0.01420	0.01006	0.00710	0.00592	0.00177	0.00651	0.00532	0.00592	0.01006
9	0.01573	0.01104	0.01893	0.03230	0.03729	0.01029	0.23642	0.01917	0.03451	0.23146	0.07666	0.08211	0.10363	0.00858	0.00684	0.00194	0.02371	0.00809	0.00506	0.03625
10	0.01526	0.06118	0.01823	0.07461	0.01809	0.10844	0.01224	0.10842	0.01302	0.01762	0.00919	0.01280	0.00811	0.00834	0.01294	0.00211	0.42781	0.00480	0.00313	0.06365
11	0.01431	0.01173	0.01213	0.01074	0.01361	0.07073	0.00836	0.12070	0.22543	0.05553	0.02314	0.04734	0.08818	0.06750	0.10578	0.00311	0.00675	0.04240	0.00502	0.06751
12	0.01113	0.01087	0.01999	0.44680	0.03229	0.01204	0.19330	0.01479	0.01226	0.01606	0.01499	0.15968	0.01397	0.00803	0.00648	0.00206	0.00757	0.00784	0.00325	0.00659
13	0.03408	0.13624	0.17594	0.01325	0.01875	0.03536	0.01284	0.33003	0.04504	0.12147	0.01382	0.01399	0.00988	0.00649	0.00549	0.00173	0.00677	0.00485	0.00476	0.00924
14	0.01203	0.01051	0.01509	0.40490	0.02766	0.01199	0.01263	0.05884	0.09868	0.01826	0.01549	0.07639	0.01366	0.00791	0.00642	0.00193	0.02922	0.06208	0.00376	0.11252
15	0.01122	0.01093	0.01936	0.06340	0.03643	0.01133	0.25456	0.01493	0.04699	0.01826	0.13023	0.15042	0.06585	0.01007	0.00857	0.00213	0.10600	0.02846	0.00421	0.00666
16	0.00892	0.00683	0.00828	0.00790	0.00954	0.00662	0.00592	0.01320	0.10948	0.02219	0.51379	0.09805	0.14191	0.01243	0.00690	0.00194	0.00311	0.01087	0.00624	0.00593

[dist]
# distance from previous block
# <min> <max>
19	78

[block]
# block no. 1 follows, 39 sequences, length 30
# corresponding to MSA columns:
# 288-317
name=unknown_B
#
# <colnr> <probs for GDERKNQSTAVLIFYWHMCP>
#	G	D	E	R	K	N	Q	S	T	A	V	L	I	F	Y	W	H	M	C	P
0	0.00900	0.00679	0.00798	0.00823	0.00966	0.00649	0.00601	0.08927	0.01418	0.01836	0.07337	0.40789	0.25606	0.01576	0.00720	0.00220	0.00370	0.04676	0.00558	0.00551
1	0.00812	0.00645	0.01004	0.00989	0.01101	0.00602	0.08359	0.00987	0.01251	0.01694	0.15023	0.58156	0.03866	0.01600	0.00739	0.00227	0.00403	0.01474	0.00539	0.00527
2	0.01576	0.01123	0.01243	0.01170	0.04955	0.07280	0.00865	0.02241	0.23633	0.18828	0.13212	0.02648	0.07909	0.01275	0.09071	0.00272	0.00619	0.00722	0.00563	0.00796
3	0.01082	0.00838	0.01022	0.00981	0.01156	0.00854	0.00730	0.11228	0.05451	0.01927	0.02518	0.46848	0.02794	0.01399	0.00762	0.00212	0.05372	0.03455	0.00514	0.10856
4	0.08868	0.01467	0.01528	0.01240	0.01650	0.06285	0.01021	0.42100	0.03952	0.14751	0.01697	0.02055	0.01318	0.00798	0.00595	0.00188	0.00622	0.08391	0.00572	0.00902
5	0.01473	0.01493	0.09408	0.01667	0.06714	0.01298	0.20276	0.20022	0.01723	0.02400	0.09534	0.06067	0.01597	0.00706	0.00614	0.00175	0.00678	0.00663	0.00429	0.13062
6	0.23950	0.01627	0.17160	0.14601	0.04255	0.01425	0.14009	0.01729	0.01159	0.02899	0.00997	0.01307	0.00769	0.00617	0.00722	0.00199	0.11064	0.00481	0.00301	0.00732
7	0.39716	0.01098	0.04826	0.08844	0.01528	0.01080	0.00834	0.01673	0.01183	0.10390	0.04863	0.10728	0.02794	0.00769	0.00499	0.00184	0.00491	0.00595	0.00427	0.07476
8	0.01123	0.07417	0.01300	0.04607	0.01388	0.00934	0.00772	0.01312	0.01152	0.01678	0.01546	0.20099	0.01599	0.00920	0.00727	0.04180	0.06568	0.00700	0.00375	0.41603
9	0.01106	0.01073	0.05167	0.15728	0.06687	0.01077	0.08537	0.01512	0.06245	0.01839	0.16363	0.03182	0.02380	0.07116	0.00963	0.00241	0.07033	0.12672	0.00423	0.00656
10	0.01916	0.01009	0.01267	0.00995	0.01412	0.00896	0.00796	0.02316	0.11640	0.37079	0.02929	0.01830	0.01366	0.00774	0.00694	0.07000	0.00477	0.00535	0.00563	0.24506
11	0.10508	0.00828	0.00988	0.00850	0.01118	0.00795	0.00670	0.06211	0.01649	0.20242	0.39165	0.03361	0.09232	0.01011	0.00629	0.00185	0.00378	0.00851	0.00627	0.00700
12	0.06093	0.01282	0.10297	0.01132	0.01573	0.01020	0.04368	0.01760	0.01331	0.15143	0.10939	0.01796	0.01557	0.00681	0.00689	0.00159	0.09122	0.00531	0.00434	0.30093
13	0.01836	0.01233	0.01312	0.01148	0.01476	0.09450	0.00933	0.12415	0.12789	0.23678	0.08201	0.03079	0.03033	0.00965	0.00645	0.00201	0.00569	0.15620	0.00596	0.00820
14	0.01549	0.01232	0.01364	0.01100	0.01508	0.01244	0.00872	0.24564	0.18949	0.02576	0.01740	0.10423	0.01484	0.00772	0.00561	0.00160	0.00501	0.00636	0.00509	0.28255
15	0.10666	0.00969	0.01168	0.01106	0.05004	0.00976	0.00807	0.15368	0.01630	0.19034	0.10197	0.25949	0.02471	0.01098	0.00629	0.00200	0.00462	0.00939	0.00576	0.00749
16	0.29822	0.01154	0.05475	0.09779	0.10448	0.01148	0.01027	0.05741	0.01319	0.05711	0.08777	0.08423	0.01737	0.00829	0.00553	0.00196	0.00540	0.06194	0.00427	0.00700
17	0.10432	0.01247	0.01932	0.10051	0.02150	0.01336	0.21673	0.08086	0.11553	0.02087	0.01552	0.11272	0.01369	0.00833	0.01669	0.00209	0.06690	0.00710	0.00401	0.04748
18	0.07547	0.01165	0.01452	0.13493	0.01933	0.01220	0.01022	0.20708	0.05287	0.30920	0.01864	0.07775	0.01390	0.00783	0.00591	0.00189	0.00570	0.00638	0.00575	0.00880
19	0.01667	0.01194	0.01524	0.01129	0.01618	0.01070	0.06533	0.17210	0.01671	0.14148	0.05099	0.01584	0.01237	0.00587	0.00530	0.00136	0.00530	0.00492	0.00474	0.41567
20	0.01424	0.35499	0.09570	0.03664	0.01850	0.01648	0.09080	0.03933	0.01283	0.01728	0.00980	0.01166	0.00816	0.00500	0.00463	0.00133	0.00645	0.00394	0.00297	0.24929
21	0.30574	0.05422	0.01475	0.18663	0.02018	0.15745	0.01073	0.03105	0.01210	0.01946	0.00926	0.01206	0.00751	0.00639	0.00663	0.00186	0.10887	0.00414	0.02434	0.00664
22	0.01027	0.00514	0.00770	0.00770	0.00770	0.00514	0.00514	0.00770	0.00770	0.01027	0.01027	0.01798	0.01027	0.02054	0.02311	0.82794	0.00514	0.00514	0.00257	0.00257
23	0.01801	0.01043	0.01234	0.01048	0.01398	0.01062	0.00831	0.02642	0.32561	0.30928	0.10709	0.02642	0.07702	0.00873	0.00617	0.00192	0.00448	0.00729	0.00654	0.00888
24	0.01221	0.00852	0.01007	0.00907	0.01146	0.00867	0.00700	0.01911	0.23916	0.10497	0.39413	0.03575	0.09457	0.01054	0.00657	0.00191	0.00363	0.00908	0.00637	0.00719
25	0.00851	0.00626	0.00816	0.00822	0.00924	0.00618	0.00575	0.00978	0.01017	0.01420	0.02142	0.27489	0.02376	0.22440	0.24587	0.00526	0.00793	0.01001	0.00407	0.09593
26	0.01444	0.15231	0.02093	0.09860	0.06590	0.01823	0.02300	0.09523	0.01231	0.01721	0.00913	0.01292	0.00812	0.00817	0.01263	0.00213	0.41359	0.00487	0.00298	0.00728
27	0.07598	0.00581	0.00701	0.00795	0.00854	0.00572	0.00534	0.00916	0.01080	0.01547	0.02810	0.57372	0.03318	0.15309	0.01120	0.00295	0.00398	0.03227	0.00500	0.00474
28	0.14607	0.13086	0.05806	0.07435	0.01768	0.01351	0.01026	0.11533	0.01587	0.33802	0.01578	0.01535	0.01076	0.00646	0.00525	0.00175	0.00579	0.00488	0.00520	0.00877
29	0.01647	0.01137	0.01610	0.01419	0.07421	0.01130	0.08380	0.03619	0.14905	0.21050	0.06489	0.06273	0.01672	0.00778	0.00709	0.00182	0.06962	0.00660	0.00513	0.13444

[dist]
# distance from previous block
# <min> <max>
9	15

[block]
# block no. 2 follows, 39 sequences, length 8
# corresponding to MSA columns:
# 333-340
name=unknown_C
#
# <colnr> <probs for GDERKNQSTAVLIFYWHMCP>
#	G	D	E	R	K	N	Q	S	T	A	V	L	I	F	Y	W	H	M	C	P
0	0.01341	0.01246	0.02047	0.48131	0.03372	0.01462	0.12832	0.12078	0.01425	0.01887	0.01104	0.01532	0.00836	0.00633	0.00726	0.00200	0.07551	0.00553	0.00316	0.00729
1	0.01437	0.00874	0.00909	0.00788	0.01024	0.00926	0.00621	0.22478	0.01690	0.02650	0.01780	0.01975	0.01367	0.00695	0.00465	0.00149	0.00385	0.00546	0.58556	0.00684
2	0.13504	0.01216	0.01305	0.01010	0.01474	0.01174	0.00815	0.16465	0.11402	0.04820	0.01316	0.01384	0.01012	0.00568	0.00486	0.00138	0.00490	0.00434	0.00448	0.40538
3	0.06453	0.01479	0.12100	0.01149	0.01489	0.12902	0.01003	0.01943	0.07212	0.18386	0.04254	0.21688	0.01985	0.02625	0.00693	0.00205	0.02375	0.00827	0.00494	0.00738
4	0.14064	0.00785	0.00945	0.22277	0.01711	0.00887	0.00794	0.01472	0.01187	0.02081	0.01509	0.01833	0.01174	0.00639	0.00456	0.00162	0.00448	0.00508	0.46475	0.00595
5	0.01666	0.01250	0.01815	0.01399	0.01827	0.01222	0.17104	0.19593	0.07416	0.13162	0.03582	0.12093	0.01596	0.00800	0.00619	0.00181	0.00611	0.00731	0.00508	0.12829
6	0.01161	0.00846	0.00927	0.00825	0.01001	0.04247	0.00645	0.01407	0.01269	0.02034	0.12278	0.02201	0.01872	0.00782	0.00704	0.00158	0.12593	0.00587	0.42793	0.11671
7	0.04720	0.01181	0.01429	0.01199	0.01460	0.01334	0.00967	0.24664	0.01710	0.15374	0.01947	0.15645	0.04970	0.01029	0.00942	0.00210	0.19141	0.00772	0.00519	0.00788

[dist]
# distance from previous block
# <min> <max>
2	169

# created by:
# /software/SequenceAnalysis/GenePrediction/augustus/3.0.1/scripts/msa2prfl.pl ./fixed/BUSCOvEOG7QFXV2.fas
