[name]
unknown

[dist]
# distance from previous block
# <min> <max>
1	294

[block]
# block no. 0 follows, 38 sequences, length 13
# corresponding to MSA columns:
# 323-335
name=unknown_A
#
# <colnr> <probs for GDERKNQSTAVLIFYWHMCP>
#	G	D	E	R	K	N	Q	S	T	A	V	L	I	F	Y	W	H	M	C	P
0	0.06407	0.05521	0.44322	0.03845	0.06659	0.11739	0.03515	0.02027	0.01356	0.07552	0.01141	0.01306	0.00830	0.00586	0.00557	0.00183	0.00842	0.00452	0.00311	0.00850
1	0.33823	0.15090	0.06110	0.01112	0.01545	0.01495	0.07570	0.10631	0.01420	0.02404	0.08222	0.01706	0.05286	0.00683	0.00497	0.00178	0.00572	0.00518	0.00405	0.00733
2	0.01125	0.01267	0.12250	0.30078	0.05874	0.01123	0.01302	0.05383	0.04812	0.01750	0.02025	0.10768	0.09100	0.09513	0.00900	0.00245	0.00661	0.00773	0.00375	0.00677
3	0.01399	0.01270	0.02054	0.08202	0.40243	0.01295	0.06969	0.08096	0.03879	0.02203	0.16227	0.02141	0.01936	0.00706	0.00629	0.00185	0.00644	0.00667	0.00408	0.00848
4	0.01488	0.01722	0.13212	0.07974	0.20747	0.05513	0.17698	0.11619	0.01584	0.02146	0.05055	0.04114	0.01300	0.00674	0.00633	0.00191	0.00791	0.02331	0.00366	0.00842
5	0.14160	0.18171	0.14345	0.05707	0.09769	0.08477	0.01339	0.06630	0.01352	0.04825	0.01026	0.01233	0.00820	0.00629	0.00660	0.00180	0.09125	0.00432	0.00327	0.00794
6	0.00778	0.00571	0.00711	0.00758	0.00851	0.00524	0.00527	0.00935	0.01331	0.01782	0.25218	0.37127	0.16392	0.08506	0.00946	0.00251	0.00343	0.01373	0.00572	0.00505
7	0.07090	0.01310	0.11080	0.13180	0.02008	0.01196	0.08224	0.05800	0.04595	0.02026	0.11786	0.04629	0.07389	0.00897	0.00813	0.02550	0.09146	0.00701	0.04883	0.00693
8	0.09838	0.06440	0.19200	0.03752	0.08260	0.07182	0.06742	0.08372	0.06596	0.08170	0.08387	0.01721	0.01413	0.00672	0.00573	0.00183	0.00700	0.00552	0.00414	0.00833
9	0.01184	0.01127	0.01660	0.01832	0.18346	0.04977	0.08097	0.01385	0.01184	0.01618	0.01841	0.26817	0.02005	0.08084	0.01163	0.00255	0.16421	0.00957	0.00383	0.00661
10	0.00972	0.00650	0.00830	0.00866	0.01012	0.00586	0.00638	0.01127	0.01249	0.07316	0.03250	0.42500	0.11171	0.05902	0.00858	0.00245	0.00410	0.12006	0.00543	0.07868
11	0.01351	0.01329	0.02429	0.11160	0.16908	0.01359	0.29065	0.07285	0.01424	0.01946	0.01518	0.14049	0.01408	0.00795	0.00746	0.00206	0.05090	0.00794	0.00361	0.00778
12	0.06375	0.16400	0.03314	0.02063	0.26401	0.04920	0.04357	0.02058	0.15712	0.01928	0.01339	0.01554	0.01100	0.00915	0.06449	0.00238	0.03161	0.00518	0.00358	0.00840

[dist]
# distance from previous block
# <min> <max>
11	14

[block]
# block no. 1 follows, 38 sequences, length 11
# corresponding to MSA columns:
# 352-362
name=unknown_B
#
# <colnr> <probs for GDERKNQSTAVLIFYWHMCP>
#	G	D	E	R	K	N	Q	S	T	A	V	L	I	F	Y	W	H	M	C	P
0	0.01052	0.00564	0.00862	0.06641	0.01040	0.00585	0.00610	0.00841	0.00816	0.01083	0.01047	0.01811	0.01026	0.01976	0.02217	0.76207	0.00544	0.00523	0.00262	0.00292
1	0.02005	0.12246	0.01857	0.01304	0.01724	0.11869	0.01069	0.39650	0.14021	0.02845	0.01474	0.01560	0.01134	0.03764	0.00663	0.00190	0.00683	0.00527	0.00508	0.00908
2	0.00860	0.00577	0.00661	0.00675	0.00679	0.00573	0.00385	0.00871	0.00904	0.01205	0.02044	0.11725	0.02374	0.70814	0.02822	0.00548	0.00559	0.00962	0.00385	0.00377
3	0.00826	0.00598	0.00772	0.00882	0.03380	0.00565	0.00553	0.00922	0.01101	0.01490	0.05182	0.48191	0.03278	0.24303	0.01418	0.00333	0.00432	0.01347	0.00488	0.03939
4	0.25385	0.01502	0.01521	0.01199	0.01648	0.01668	0.00990	0.49126	0.02256	0.07166	0.01319	0.01342	0.00941	0.00677	0.00536	0.00182	0.00598	0.00483	0.00544	0.00917
5	0.02378	0.01539	0.01715	0.01315	0.01793	0.01649	0.01086	0.57624	0.02584	0.19612	0.01649	0.01577	0.01126	0.00727	0.00602	0.00182	0.00629	0.00556	0.00633	0.01023
6	0.00772	0.00552	0.00739	0.00859	0.00917	0.00520	0.00605	0.00914	0.01235	0.01657	0.10770	0.62734	0.04098	0.01791	0.00769	0.00242	0.00365	0.09386	0.00569	0.00504
7	0.00875	0.00583	0.00656	0.00656	0.00656	0.00583	0.00365	0.00875	0.00875	0.01166	0.01895	0.03937	0.02187	0.78858	0.03062	0.00583	0.00583	0.00875	0.00365	0.00365
8	0.00875	0.00583	0.00656	0.00656	0.00656	0.00583	0.00365	0.00875	0.00875	0.01166	0.01895	0.03937	0.02187	0.78858	0.03062	0.00583	0.00583	0.00875	0.00365	0.00365
9	0.01121	0.00561	0.00561	0.00561	0.00701	0.00561	0.00421	0.01402	0.01262	0.02243	0.01962	0.02243	0.01542	0.00701	0.00421	0.00140	0.00280	0.00561	0.82198	0.00561
10	0.01121	0.00561	0.00561	0.00561	0.00701	0.00561	0.00421	0.01402	0.01262	0.02243	0.01962	0.02243	0.01542	0.00701	0.00421	0.00140	0.00280	0.00561	0.82198	0.00561

[dist]
# distance from previous block
# <min> <max>
0	4

[block]
# block no. 2 follows, 38 sequences, length 54
# corresponding to MSA columns:
# 367-420
name=unknown_C
#
# <colnr> <probs for GDERKNQSTAVLIFYWHMCP>
#	G	D	E	R	K	N	Q	S	T	A	V	L	I	F	Y	W	H	M	C	P
0	0.01536	0.01312	0.01383	0.01232	0.01580	0.01515	0.00962	0.06739	0.70412	0.02581	0.02398	0.02204	0.01795	0.00811	0.00612	0.00203	0.00486	0.00673	0.00612	0.00956
1	0.00866	0.00638	0.00855	0.04641	0.01063	0.00607	0.00624	0.01156	0.01678	0.02368	0.71053	0.04347	0.05429	0.01198	0.00704	0.00190	0.00310	0.01060	0.00642	0.00573
2	0.83070	0.01165	0.00886	0.00793	0.01166	0.01351	0.00653	0.01770	0.01026	0.02701	0.00841	0.00982	0.00655	0.00561	0.00374	0.00187	0.00466	0.00327	0.00373	0.00653
3	0.00863	0.00647	0.00969	0.00969	0.01077	0.00754	0.00753	0.01077	0.00969	0.01400	0.01614	0.02367	0.01507	0.04512	0.76438	0.00967	0.01612	0.00645	0.00323	0.00539
4	0.74644	0.01220	0.00982	0.00855	0.01239	0.01405	0.00704	0.09207	0.01214	0.02815	0.00904	0.01030	0.00693	0.00578	0.00398	0.00186	0.00487	0.00349	0.00397	0.00692
5	0.01327	0.01659	0.13423	0.07100	0.01899	0.09150	0.01403	0.01580	0.01084	0.01526	0.00974	0.01438	0.00875	0.01323	0.10582	0.00322	0.42858	0.00515	0.00275	0.00686
6	0.00934	0.00713	0.00781	0.00756	0.00975	0.00655	0.00585	0.01279	0.09197	0.05566	0.12695	0.05161	0.50282	0.01389	0.00705	0.00207	0.00352	0.06588	0.00586	0.00593
7	0.00908	0.00628	0.00879	0.00879	0.00984	0.00710	0.00670	0.01118	0.01013	0.01527	0.01693	0.02455	0.01560	0.08976	0.58477	0.00800	0.01315	0.00647	0.14228	0.00531
8	0.01251	0.01071	0.01250	0.00893	0.01428	0.00804	0.00714	0.01517	0.01249	0.01963	0.01072	0.01252	0.00894	0.00448	0.00447	0.00090	0.00447	0.00357	0.00357	0.82496
9	0.00876	0.00639	0.00814	0.00769	0.00919	0.00594	0.00576	0.02886	0.01687	0.02361	0.65515	0.07828	0.09727	0.01267	0.00711	0.00193	0.00299	0.01114	0.00651	0.00573
10	0.01499	0.01294	0.01362	0.01226	0.01566	0.01498	0.00953	0.03198	0.73984	0.02519	0.02451	0.02248	0.01839	0.00818	0.00613	0.00205	0.00477	0.00681	0.00613	0.00954
11	0.01107	0.00964	0.01516	0.50442	0.04522	0.01139	0.01347	0.04594	0.01266	0.01645	0.01642	0.14267	0.01588	0.05681	0.00796	0.00235	0.00693	0.05565	0.00356	0.00637
12	0.01005	0.00680	0.00915	0.01015	0.04345	0.00643	0.00683	0.01211	0.04067	0.07812	0.02853	0.55661	0.03194	0.01780	0.05898	0.00275	0.00477	0.01369	0.00537	0.05579
13	0.83070	0.01165	0.00886	0.00793	0.01166	0.01351	0.00653	0.01770	0.01026	0.02701	0.00841	0.00982	0.00655	0.00561	0.00374	0.00187	0.00466	0.00327	0.00373	0.00653
14	0.01478	0.01417	0.02418	0.06658	0.72217	0.01427	0.01840	0.01836	0.01365	0.01951	0.01132	0.01498	0.00950	0.00541	0.00597	0.00180	0.00719	0.00537	0.00298	0.00943
15	0.00976	0.00690	0.00954	0.00922	0.01027	0.00768	0.00701	0.01171	0.01137	0.04434	0.13836	0.07976	0.02378	0.10501	0.38117	0.00616	0.07073	0.00798	0.05372	0.00553
16	0.01172	0.00643	0.00861	0.00882	0.01021	0.00583	0.00631	0.01320	0.01329	0.17586	0.09920	0.54899	0.03605	0.01578	0.00728	0.00227	0.00379	0.01413	0.00609	0.00613
17	0.01109	0.00566	0.00574	0.00573	0.00710	0.00563	0.00426	0.01381	0.01270	0.02225	0.04635	0.02371	0.01712	0.02654	0.00498	0.00154	0.00289	0.00589	0.77145	0.00558
18	0.00901	0.00659	0.00874	0.00955	0.01098	0.00633	0.00796	0.01152	0.01438	0.01890	0.18209	0.09819	0.13887	0.01567	0.00787	0.00248	0.00455	0.43506	0.00578	0.00549
19	0.00757	0.00544	0.00709	0.00813	0.00867	0.00505	0.00549	0.00881	0.01222	0.01641	0.12634	0.63006	0.06828	0.04950	0.00854	0.00250	0.00350	0.01579	0.00565	0.00496
20	0.00897	0.00636	0.00916	0.00916	0.01028	0.00729	0.00710	0.01119	0.01007	0.01509	0.01660	0.02351	0.01511	0.04019	0.66594	0.00860	0.01440	0.00635	0.10921	0.00542
21	0.02701	0.01026	0.01398	0.01072	0.01538	0.00886	0.00885	0.02933	0.01723	0.75488	0.02376	0.02051	0.01492	0.00747	0.00606	0.00187	0.00513	0.00606	0.00745	0.01025
22	0.00883	0.00660	0.00841	0.00945	0.01041	0.00663	0.00694	0.01229	0.10651	0.01720	0.03179	0.53971	0.03597	0.01702	0.00762	0.00246	0.00408	0.15678	0.00565	0.00564
23	0.00842	0.00585	0.00692	0.00704	0.00751	0.00563	0.00443	0.00924	0.01118	0.01507	0.17194	0.15526	0.07628	0.46563	0.02090	0.00429	0.00471	0.01070	0.00468	0.00435
24	0.83070	0.01165	0.00886	0.00793	0.01166	0.01351	0.00653	0.01770	0.01026	0.02701	0.00841	0.00982	0.00655	0.00561	0.00374	0.00187	0.00466	0.00327	0.00373	0.00653
25	0.00725	0.00612	0.00627	0.00623	0.00822	0.00515	0.00467	0.00887	0.01399	0.01690	0.11499	0.05690	0.69384	0.01502	0.00712	0.00203	0.00304	0.01256	0.00568	0.00514
26	0.01251	0.01071	0.01250	0.00893	0.01428	0.00804	0.00714	0.01517	0.01249	0.01963	0.01072	0.01252	0.00894	0.00448	0.00447	0.00090	0.00447	0.00357	0.00357	0.82496
27	0.00736	0.00526	0.00700	0.00840	0.00875	0.00491	0.00560	0.00840	0.01154	0.01539	0.03318	0.78431	0.03980	0.01886	0.00769	0.00245	0.00350	0.01711	0.00559	0.00490
28	0.00967	0.00691	0.00963	0.01092	0.01231	0.00688	0.00950	0.01243	0.01403	0.01834	0.06821	0.06671	0.03576	0.01641	0.00826	0.00273	0.00541	0.67471	0.00560	0.00556
29	0.00830	0.00567	0.00678	0.00723	0.00740	0.00553	0.00438	0.00874	0.01000	0.01338	0.05045	0.28780	0.02914	0.50340	0.02212	0.00456	0.00495	0.01162	0.00441	0.00415
30	0.00736	0.00526	0.00700	0.00840	0.00875	0.00491	0.00560	0.00840	0.01154	0.01539	0.03318	0.78431	0.03980	0.01886	0.00769	0.00245	0.00350	0.01711	0.00559	0.00490
31	0.00847	0.00611	0.00799	0.00765	0.00899	0.00564	0.00568	0.01117	0.01667	0.02355	0.69868	0.09554	0.05561	0.01276	0.00715	0.00194	0.00289	0.01131	0.00656	0.00564
32	0.00741	0.00552	0.00691	0.00799	0.00876	0.00503	0.00553	0.00862	0.01212	0.01569	0.03937	0.59237	0.19893	0.01796	0.00759	0.00237	0.00348	0.04377	0.00559	0.00497
33	0.01608	0.01226	0.01348	0.01193	0.01521	0.01363	0.00938	0.15538	0.43750	0.07590	0.02403	0.11350	0.02003	0.00966	0.00641	0.00208	0.00502	0.04345	0.00611	0.00896
34	0.01633	0.76642	0.03105	0.01049	0.01557	0.04847	0.01035	0.01823	0.01240	0.01420	0.00843	0.00973	0.00775	0.00520	0.00393	0.00130	0.00659	0.00325	0.00260	0.00771
35	0.01107	0.00903	0.01017	0.00968	0.01196	0.00958	0.00747	0.01955	0.32185	0.02222	0.22299	0.09001	0.14789	0.01184	0.00684	0.00209	0.00397	0.06851	0.00609	0.00716
36	0.83070	0.01165	0.00886	0.00793	0.01166	0.01351	0.00653	0.01770	0.01026	0.02701	0.00841	0.00982	0.00655	0.00561	0.00374	0.00187	0.00466	0.00327	0.00373	0.00653
37	0.01644	0.75308	0.03080	0.01058	0.01562	0.06140	0.01037	0.01834	0.01249	0.01421	0.00844	0.00976	0.00775	0.00522	0.00395	0.00131	0.00667	0.00326	0.00261	0.00770
38	0.00742	0.00598	0.00636	0.00651	0.00807	0.00519	0.00465	0.00875	0.01300	0.01594	0.07993	0.14502	0.54699	0.10721	0.00998	0.00253	0.00344	0.01271	0.00541	0.00493
39	0.00741	0.00530	0.00705	0.00837	0.00876	0.00494	0.00560	0.00852	0.01176	0.01574	0.06192	0.75456	0.04048	0.01860	0.00767	0.00243	0.00348	0.01686	0.00564	0.00493
40	0.02701	0.01026	0.01398	0.01072	0.01538	0.00886	0.00885	0.02933	0.01723	0.75488	0.02376	0.02051	0.01492	0.00747	0.00606	0.00187	0.00513	0.00606	0.00745	0.01025
41	0.01608	0.01086	0.01297	0.06338	0.01628	0.01173	0.00942	0.02606	0.38632	0.18123	0.08572	0.05623	0.02231	0.00932	0.00643	0.00207	0.00492	0.06385	0.00616	0.00867
42	0.00794	0.00636	0.00714	0.00728	0.00891	0.00577	0.00532	0.01054	0.05841	0.01811	0.18147	0.21528	0.41566	0.01507	0.00719	0.00210	0.00322	0.01298	0.00582	0.00544
43	0.00784	0.00558	0.00748	0.00882	0.00935	0.00530	0.00627	0.00915	0.01186	0.01574	0.03247	0.63063	0.03828	0.04408	0.00857	0.00262	0.00395	0.14151	0.00552	0.00498
44	0.02241	0.01663	0.01780	0.01376	0.01849	0.01844	0.01133	0.68780	0.07194	0.03715	0.01509	0.01498	0.01076	0.00730	0.00604	0.00183	0.00652	0.00551	0.00603	0.01020
45	0.01355	0.01164	0.01634	0.23456	0.15713	0.01310	0.01323	0.02195	0.27629	0.04120	0.01916	0.02557	0.01599	0.00822	0.00638	0.00209	0.00626	0.10463	0.00453	0.00819
46	0.02292	0.01459	0.01632	0.01269	0.01725	0.01557	0.01042	0.48747	0.07373	0.20936	0.01759	0.01678	0.01213	0.00735	0.00598	0.00183	0.00600	0.00568	0.03631	0.01003
47	0.00863	0.00647	0.00969	0.00969	0.01077	0.00754	0.00753	0.01077	0.00969	0.01400	0.01614	0.02367	0.01507	0.04512	0.76438	0.00967	0.01612	0.00645	0.00323	0.00539
48	0.04218	0.02095	0.01708	0.08921	0.06988	0.39316	0.01218	0.10732	0.04918	0.01883	0.01287	0.01475	0.03913	0.00712	0.00700	0.00180	0.08129	0.00492	0.00363	0.00752
49	0.01293	0.01292	0.03793	0.45536	0.09546	0.01460	0.12511	0.05255	0.01304	0.01748	0.01088	0.01553	0.00844	0.00640	0.00774	0.00205	0.09569	0.00560	0.00293	0.00738
50	0.01113	0.00645	0.00774	0.00745	0.00838	0.00609	0.00483	0.01181	0.01101	0.12262	0.04198	0.14709	0.08181	0.48127	0.02124	0.00436	0.00511	0.00994	0.00472	0.00498
51	0.01248	0.01270	0.02161	0.39931	0.03229	0.04731	0.20206	0.01628	0.01286	0.01686	0.06144	0.01794	0.01193	0.00813	0.03727	0.00234	0.07098	0.00616	0.00309	0.00696
52	0.04477	0.01262	0.01980	0.05618	0.45063	0.01287	0.03117	0.01966	0.10116	0.07568	0.01624	0.10342	0.01428	0.00743	0.00614	0.00192	0.00631	0.00689	0.00402	0.00882
53	0.00959	0.00618	0.00793	0.00844	0.00921	0.00599	0.00573	0.03403	0.01180	0.06588	0.02794	0.50635	0.03191	0.17784	0.05867	0.00353	0.00497	0.01359	0.00519	0.00522

[dist]
# distance from previous block
# <min> <max>
30	49

[block]
# block no. 3 follows, 38 sequences, length 9
# corresponding to MSA columns:
# 480-488
name=unknown_D
#
# <colnr> <probs for GDERKNQSTAVLIFYWHMCP>
#	G	D	E	R	K	N	Q	S	T	A	V	L	I	F	Y	W	H	M	C	P
0	0.01310	0.07805	0.36271	0.05168	0.02690	0.01461	0.26643	0.01858	0.01314	0.01866	0.01109	0.01384	0.00827	0.00536	0.00598	0.00183	0.00876	0.00525	0.00280	0.07294
1	0.01094	0.05573	0.38622	0.01340	0.01892	0.01113	0.04235	0.01590	0.01433	0.02055	0.27147	0.02742	0.02663	0.00865	0.00633	0.00193	0.00649	0.04996	0.00418	0.00747
2	0.00792	0.00600	0.00753	0.00815	0.00931	0.00529	0.00564	0.00922	0.01191	0.01598	0.03399	0.59947	0.12616	0.01666	0.00722	0.00220	0.00355	0.01491	0.00534	0.10354
3	0.01281	0.01230	0.01819	0.15628	0.06228	0.04019	0.13557	0.01639	0.03316	0.01824	0.01283	0.06959	0.01122	0.00632	0.00614	0.00157	0.03335	0.00574	0.00344	0.34437
4	0.20600	0.10779	0.01643	0.01193	0.01601	0.13937	0.00977	0.21893	0.13790	0.06043	0.01360	0.01383	0.01024	0.00660	0.00516	0.00176	0.00646	0.00467	0.00469	0.00843
5	0.01351	0.01330	0.01960	0.06974	0.02114	0.05808	0.20904	0.03212	0.01354	0.01914	0.02953	0.03583	0.01085	0.00567	0.00598	0.00147	0.02861	0.00534	0.00348	0.40405
6	0.01821	0.01442	0.02067	0.04002	0.32731	0.04630	0.06523	0.13511	0.05709	0.14325	0.01451	0.01595	0.01084	0.00613	0.00596	0.00177	0.00682	0.00551	0.00441	0.06049
7	0.01625	0.11829	0.01627	0.01047	0.01528	0.01281	0.00869	0.20386	0.01682	0.06840	0.01361	0.06314	0.01146	0.00639	0.00509	0.00134	0.00527	0.00503	0.00444	0.39708
8	0.29888	0.01003	0.01011	0.00880	0.01173	0.01065	0.00692	0.12907	0.01550	0.08338	0.19281	0.05527	0.07595	0.05777	0.00716	0.00214	0.00448	0.00721	0.00528	0.00685

[dist]
# distance from previous block
# <min> <max>
4	7

[block]
# block no. 4 follows, 38 sequences, length 10
# corresponding to MSA columns:
# 496-505
name=unknown_E
#
# <colnr> <probs for GDERKNQSTAVLIFYWHMCP>
#	G	D	E	R	K	N	Q	S	T	A	V	L	I	F	Y	W	H	M	C	P
0	0.13083	0.05785	0.01756	0.05340	0.05800	0.03653	0.06362	0.31986	0.01899	0.02703	0.01452	0.05752	0.01234	0.01027	0.05951	0.00244	0.00727	0.03961	0.00462	0.00825
1	0.03965	0.01401	0.01486	0.20045	0.02126	0.13376	0.01115	0.15996	0.01628	0.07303	0.01481	0.01708	0.03149	0.00722	0.00682	0.00183	0.07692	0.00536	0.14661	0.00744
2	0.02138	0.02491	0.01735	0.05203	0.01953	0.56133	0.01194	0.13404	0.01805	0.01838	0.01008	0.01182	0.00816	0.00664	0.00650	0.00168	0.06095	0.00428	0.00351	0.00745
3	0.01531	0.01056	0.02838	0.01428	0.10496	0.01016	0.03193	0.05850	0.12573	0.17801	0.05680	0.06730	0.09787	0.01068	0.00679	0.00212	0.00534	0.16163	0.00566	0.00797
4	0.01277	0.13421	0.60701	0.01679	0.02497	0.01540	0.07061	0.01892	0.01274	0.01840	0.01056	0.01253	0.00774	0.00559	0.00556	0.00183	0.00864	0.00446	0.00258	0.00868
5	0.00739	0.00561	0.00685	0.00779	0.00874	0.00506	0.00549	0.00869	0.01236	0.01580	0.04212	0.50795	0.26996	0.01755	0.00753	0.00233	0.00346	0.05477	0.00558	0.00499
6	0.00846	0.00571	0.00665	0.00693	0.00700	0.00564	0.00404	0.00867	0.00931	0.01241	0.02184	0.19071	0.02551	0.63227	0.02596	0.00514	0.00536	0.01044	0.00404	0.00390
7	0.01321	0.06787	0.58027	0.01942	0.12470	0.05412	0.02054	0.01918	0.01304	0.01865	0.01066	0.01275	0.00789	0.00566	0.00564	0.00184	0.00863	0.00448	0.00263	0.00882
8	0.04160	0.01130	0.01760	0.45030	0.14375	0.01328	0.01504	0.06285	0.01325	0.01808	0.01338	0.05594	0.01175	0.00759	0.00691	0.00206	0.04907	0.05573	0.00332	0.00718
9	0.00833	0.00631	0.00759	0.00802	0.00928	0.00575	0.00561	0.03830	0.01266	0.01662	0.03672	0.49768	0.20152	0.04930	0.00823	0.00236	0.00368	0.01430	0.00538	0.06235

[dist]
# distance from previous block
# <min> <max>
0	1

[block]
# block no. 5 follows, 38 sequences, length 6
# corresponding to MSA columns:
# 507-512
name=unknown_F
#
# <colnr> <probs for GDERKNQSTAVLIFYWHMCP>
#	G	D	E	R	K	N	Q	S	T	A	V	L	I	F	Y	W	H	M	C	P
0	0.00837	0.00664	0.00867	0.05092	0.01099	0.00689	0.00661	0.00991	0.01241	0.01658	0.14951	0.36185	0.16338	0.07337	0.01027	0.00253	0.07783	0.01289	0.00516	0.00522
1	0.02082	0.01028	0.01299	0.01040	0.01438	0.00959	0.00839	0.06181	0.11786	0.43485	0.14781	0.02407	0.02194	0.00815	0.00612	0.00182	0.00470	0.00677	0.00675	0.07050
2	0.07408	0.01233	0.02151	0.44929	0.09877	0.01369	0.17248	0.01663	0.01273	0.01784	0.01223	0.04880	0.01000	0.00651	0.00630	0.00207	0.00807	0.00620	0.00312	0.00735
3	0.01302	0.16371	0.54549	0.01689	0.02479	0.01585	0.10220	0.01889	0.01279	0.01821	0.01053	0.01257	0.00781	0.00554	0.00555	0.00181	0.00860	0.00454	0.00260	0.00859
4	0.01657	0.01724	0.02285	0.06562	0.39741	0.16383	0.09855	0.05816	0.06433	0.01975	0.01204	0.01479	0.00969	0.00581	0.00600	0.00180	0.00809	0.00537	0.00337	0.00875
5	0.03704	0.06226	0.17973	0.03668	0.04698	0.01375	0.33059	0.01716	0.01290	0.01813	0.01404	0.06175	0.01254	0.06176	0.00855	0.00229	0.02951	0.04357	0.00322	0.00755

[dist]
# distance from previous block
# <min> <max>
2	6

[block]
# block no. 6 follows, 38 sequences, length 21
# corresponding to MSA columns:
# 519-539
name=unknown_G
#
# <colnr> <probs for GDERKNQSTAVLIFYWHMCP>
#	G	D	E	R	K	N	Q	S	T	A	V	L	I	F	Y	W	H	M	C	P
0	0.01481	0.01189	0.01522	0.04400	0.14380	0.01108	0.01007	0.13058	0.03956	0.05125	0.01346	0.01726	0.01130	0.07061	0.00739	0.00176	0.00558	0.01803	0.00410	0.37826
1	0.12151	0.05167	0.02055	0.12708	0.06794	0.05495	0.17183	0.12723	0.04051	0.02248	0.02568	0.01484	0.00998	0.00590	0.00564	0.00175	0.00716	0.00526	0.01831	0.09972
2	0.10960	0.01122	0.01392	0.05373	0.07693	0.01097	0.00950	0.06582	0.10248	0.25034	0.01801	0.07044	0.01389	0.00730	0.00560	0.00174	0.00520	0.00600	0.00529	0.16205
3	0.00922	0.00683	0.01006	0.01008	0.01154	0.00644	0.05742	0.01143	0.01369	0.03878	0.16849	0.32768	0.08246	0.01549	0.00762	0.00236	0.00441	0.20477	0.00564	0.00560
4	0.01228	0.04152	0.49863	0.01611	0.02302	0.01309	0.08746	0.05952	0.01357	0.01952	0.01452	0.13150	0.01288	0.00772	0.00611	0.00196	0.00792	0.00666	0.00328	0.02272
5	0.09919	0.01126	0.01789	0.59716	0.12998	0.01350	0.01585	0.01602	0.01205	0.01716	0.01053	0.01522	0.00805	0.00588	0.00576	0.00196	0.00755	0.00513	0.00282	0.00703
6	0.02050	0.01503	0.01638	0.03417	0.01775	0.01667	0.01065	0.57015	0.08424	0.03370	0.01520	0.01581	0.01113	0.00810	0.00701	0.05257	0.00621	0.00553	0.04985	0.00935
7	0.01724	0.01545	0.01429	0.07531	0.01727	0.17762	0.00991	0.26615	0.06713	0.02389	0.01717	0.13470	0.01570	0.06344	0.00776	0.00214	0.00678	0.00720	0.05321	0.00762
8	0.02210	0.01628	0.01751	0.01357	0.01817	0.01798	0.01115	0.69536	0.02746	0.03680	0.01537	0.05243	0.01169	0.00779	0.00610	0.00184	0.00647	0.00599	0.00600	0.00997
9	0.01122	0.00581	0.00611	0.03652	0.00839	0.00592	0.00471	0.01407	0.01259	0.02214	0.01927	0.02217	0.01512	0.00697	0.00428	0.00143	0.00301	0.00560	0.78903	0.00565
10	0.01247	0.01069	0.01247	0.00891	0.01426	0.00802	0.00713	0.01515	0.01247	0.01960	0.01069	0.01247	0.00891	0.00446	0.00446	0.00089	0.00446	0.00356	0.00356	0.82536
11	0.01214	0.08174	0.61561	0.01620	0.02410	0.01402	0.04825	0.01835	0.01309	0.01914	0.07181	0.01530	0.01176	0.00620	0.00576	0.00187	0.00827	0.00500	0.00290	0.00851
12	0.00733	0.00524	0.00698	0.00838	0.00873	0.00489	0.00558	0.00838	0.01152	0.01536	0.03316	0.78466	0.03979	0.01885	0.00768	0.00244	0.00349	0.01710	0.00558	0.00489
13	0.05263	0.34848	0.05475	0.00947	0.01322	0.01455	0.00876	0.01630	0.01443	0.07632	0.30068	0.02453	0.02751	0.00819	0.00539	0.00163	0.00495	0.00651	0.00460	0.00711
14	0.01352	0.01128	0.01633	0.21817	0.12255	0.01231	0.04648	0.17282	0.03245	0.02121	0.01799	0.18955	0.01752	0.05413	0.00790	0.00227	0.00642	0.02537	0.00433	0.00739
15	0.53039	0.00957	0.00845	0.00804	0.01080	0.01061	0.00643	0.01479	0.01116	0.02322	0.06037	0.07331	0.07597	0.00970	0.00625	0.05963	0.00445	0.06674	0.00425	0.00588
16	0.01308	0.01171	0.01737	0.36477	0.08652	0.01215	0.04164	0.07504	0.01375	0.01916	0.01111	0.01462	0.00867	0.00550	0.00553	0.00160	0.00672	0.00482	0.00329	0.28294
17	0.01042	0.00857	0.01116	0.03970	0.01354	0.00862	0.04211	0.01584	0.18558	0.01845	0.02608	0.38607	0.02753	0.03191	0.00741	0.00222	0.00457	0.04937	0.00518	0.10563
18	0.01794	0.01350	0.01507	0.01195	0.01620	0.01396	0.00984	0.43593	0.02232	0.03057	0.07648	0.02274	0.01663	0.00814	0.00604	0.00173	0.00572	0.08709	0.00549	0.18265
19	0.03349	0.06691	0.01435	0.01236	0.05745	0.11417	0.00921	0.06344	0.05833	0.07107	0.01461	0.01781	0.01217	0.02016	0.27851	0.00446	0.00998	0.00529	0.03187	0.10437
20	0.02016	0.06083	0.01859	0.06238	0.09600	0.01671	0.01195	0.43729	0.02207	0.09065	0.01419	0.01513	0.01039	0.00702	0.00654	0.00181	0.04813	0.00533	0.04547	0.00936

[dist]
# distance from previous block
# <min> <max>
0	4

[block]
# block no. 7 follows, 38 sequences, length 22
# corresponding to MSA columns:
# 544-565
name=unknown_H
#
# <colnr> <probs for GDERKNQSTAVLIFYWHMCP>
#	G	D	E	R	K	N	Q	S	T	A	V	L	I	F	Y	W	H	M	C	P
0	0.07084	0.01508	0.08394	0.01253	0.01627	0.06255	0.05121	0.31222	0.01829	0.02549	0.01276	0.01533	0.00998	0.00982	0.00962	0.18564	0.00657	0.00515	0.06926	0.00746
1	0.01966	0.27335	0.02125	0.01339	0.01708	0.45809	0.01088	0.04868	0.01565	0.01547	0.01041	0.04983	0.00946	0.00654	0.00506	0.00152	0.00889	0.00439	0.00317	0.00724
2	0.00796	0.00556	0.00673	0.00740	0.00771	0.00533	0.00464	0.00856	0.01041	0.01374	0.02855	0.39914	0.07833	0.36736	0.01803	0.00395	0.00452	0.01303	0.00471	0.00434
3	0.01798	0.51778	0.02593	0.01122	0.01600	0.05864	0.01031	0.10727	0.08896	0.07708	0.01201	0.01246	0.00968	0.00594	0.00461	0.00149	0.00641	0.00411	0.00377	0.00837
4	0.19703	0.06114	0.31954	0.04819	0.06371	0.06422	0.06814	0.07542	0.01379	0.02168	0.01045	0.01243	0.00783	0.00575	0.00531	0.00184	0.00772	0.00444	0.00319	0.00817
5	0.00903	0.00625	0.00756	0.00738	0.00906	0.00554	0.00548	0.01108	0.01496	0.06783	0.33937	0.16956	0.29647	0.01410	0.00713	0.00203	0.00317	0.01223	0.00614	0.00563
6	0.83108	0.01163	0.00884	0.00791	0.01163	0.01350	0.00651	0.01768	0.01024	0.02699	0.00838	0.00977	0.00651	0.00558	0.00372	0.00186	0.00465	0.00326	0.00372	0.00651
7	0.05239	0.05994	0.06604	0.22439	0.16546	0.06219	0.17882	0.01964	0.05680	0.01955	0.01302	0.01683	0.01035	0.00656	0.00647	0.00210	0.00841	0.00587	0.01666	0.00852
8	0.03113	0.02233	0.32807	0.01992	0.02663	0.05821	0.33617	0.01893	0.01384	0.01938	0.05740	0.01612	0.01135	0.00587	0.00636	0.00194	0.00909	0.00597	0.00308	0.00818
9	0.00886	0.00784	0.05744	0.00930	0.01101	0.00642	0.00785	0.01163	0.01489	0.02054	0.37536	0.18154	0.04443	0.01422	0.00744	0.00223	0.00409	0.20332	0.00587	0.00571
10	0.01253	0.11948	0.67314	0.01635	0.02481	0.01511	0.02084	0.01893	0.01265	0.01848	0.01051	0.01235	0.00763	0.00565	0.00550	0.00183	0.00861	0.00430	0.00254	0.00875
11	0.06171	0.06182	0.03652	0.21619	0.25272	0.01464	0.06082	0.01879	0.10072	0.01890	0.01317	0.01782	0.01090	0.00666	0.00669	0.00196	0.05110	0.03741	0.00339	0.00805
12	0.00888	0.00629	0.00785	0.00894	0.00935	0.00583	0.00583	0.00941	0.01185	0.01592	0.03164	0.65015	0.03744	0.14431	0.01189	0.00321	0.00432	0.01590	0.00565	0.00536
13	0.04917	0.71780	0.02980	0.01049	0.01547	0.06516	0.01022	0.01834	0.01242	0.01470	0.00842	0.00972	0.00767	0.00522	0.00394	0.00132	0.00661	0.00326	0.00265	0.00763
14	0.00824	0.00617	0.00767	0.00737	0.00893	0.00559	0.00558	0.01079	0.01616	0.02212	0.56596	0.04873	0.21118	0.01312	0.00715	0.00196	0.00299	0.03840	0.00635	0.00554
15	0.01247	0.01069	0.01247	0.00891	0.01426	0.00802	0.00713	0.01515	0.01247	0.01960	0.01069	0.01247	0.00891	0.00446	0.00446	0.00089	0.00446	0.00356	0.00356	0.82536
16	0.00770	0.00556	0.00670	0.00744	0.00799	0.00519	0.00484	0.00853	0.01111	0.01445	0.03402	0.43902	0.16151	0.24079	0.01421	0.00335	0.00409	0.01390	0.00502	0.00456
17	0.01125	0.00883	0.01038	0.00848	0.01189	0.00746	0.00658	0.06011	0.01490	0.03574	0.21200	0.08797	0.12906	0.00939	0.00591	0.00151	0.00391	0.00799	0.00504	0.36158
18	0.00760	0.00569	0.00706	0.00762	0.00866	0.00515	0.00537	0.00926	0.01356	0.01799	0.23717	0.40898	0.21156	0.01619	0.00738	0.00219	0.00321	0.01434	0.00587	0.00515
19	0.00750	0.00619	0.00663	0.00675	0.00866	0.00532	0.00521	0.00925	0.01398	0.01704	0.11005	0.05799	0.61872	0.01516	0.00724	0.00210	0.00330	0.08808	0.00566	0.00517
20	0.03360	0.00796	0.01027	0.00947	0.01186	0.00751	0.00733	0.01826	0.07362	0.25844	0.18494	0.23893	0.03252	0.01237	0.00686	0.00211	0.00417	0.06611	0.00641	0.00726
21	0.00775	0.00545	0.00697	0.00789	0.00825	0.00517	0.00515	0.00870	0.01132	0.01520	0.08668	0.55427	0.03701	0.19557	0.01291	0.00318	0.00398	0.01468	0.00522	0.00466

[dist]
# distance from previous block
# <min> <max>
0	1

[block]
# block no. 8 follows, 38 sequences, length 14
# corresponding to MSA columns:
# 567-580
name=unknown_I
#
# <colnr> <probs for GDERKNQSTAVLIFYWHMCP>
#	G	D	E	R	K	N	Q	S	T	A	V	L	I	F	Y	W	H	M	C	P
0	0.00845	0.00619	0.00796	0.00764	0.00911	0.00569	0.00581	0.01117	0.01654	0.02306	0.64433	0.04743	0.11834	0.01281	0.00717	0.00196	0.00301	0.05125	0.00647	0.00561
1	0.00884	0.00611	0.00713	0.00705	0.00748	0.00606	0.00436	0.01006	0.03523	0.01492	0.17369	0.07354	0.02993	0.56376	0.02379	0.00472	0.00506	0.00951	0.00444	0.00433
2	0.02507	0.01018	0.01358	0.01062	0.01500	0.00908	0.00870	0.02843	0.06695	0.66162	0.06674	0.02206	0.01761	0.00778	0.00612	0.00188	0.00496	0.00639	0.00731	0.00992
3	0.00895	0.00633	0.00912	0.00912	0.01024	0.00726	0.00707	0.01118	0.01006	0.01510	0.01658	0.02347	0.01509	0.04000	0.66271	0.00856	0.01433	0.00633	0.11307	0.00540
4	0.00750	0.00621	0.00664	0.00681	0.00873	0.00535	0.00529	0.00924	0.01385	0.01677	0.08225	0.05874	0.62853	0.01531	0.00727	0.00212	0.00337	0.10523	0.00562	0.00516
5	0.01664	0.01147	0.01299	0.01102	0.01408	0.01215	0.00878	0.36585	0.02102	0.06850	0.11713	0.16418	0.02391	0.01057	0.00645	0.00196	0.00509	0.04886	0.07134	0.00800
6	0.01015	0.00567	0.00586	0.00596	0.00723	0.00551	0.00429	0.01238	0.01229	0.02002	0.02597	0.08131	0.11505	0.08870	0.00753	0.00201	0.00319	0.00766	0.57393	0.00529
7	0.24341	0.00979	0.01114	0.00910	0.01289	0.00951	0.00742	0.02316	0.01469	0.42032	0.05750	0.01911	0.01490	0.00714	0.00523	0.00180	0.00456	0.00549	0.11447	0.00836
8	0.16290	0.01157	0.01360	0.01077	0.01518	0.01143	0.00884	0.12065	0.07523	0.47728	0.01994	0.01800	0.01312	0.00715	0.00565	0.00187	0.00521	0.00555	0.00651	0.00954
9	0.01911	0.00972	0.01443	0.01155	0.01520	0.00891	0.10324	0.02246	0.05455	0.39088	0.02434	0.12339	0.04545	0.00892	0.00620	0.00191	0.00515	0.00789	0.11833	0.00837
10	0.00732	0.00610	0.00638	0.00631	0.00825	0.00517	0.00473	0.00903	0.01420	0.01741	0.16229	0.05598	0.64654	0.01480	0.00711	0.00201	0.00302	0.01243	0.00574	0.00517
11	0.00758	0.00550	0.00725	0.00840	0.00899	0.00504	0.00566	0.00870	0.01156	0.01556	0.03207	0.74741	0.03830	0.01815	0.00752	0.00237	0.00354	0.01645	0.00549	0.04446
12	0.01238	0.01073	0.01362	0.01259	0.11159	0.00860	0.00851	0.01505	0.01256	0.01927	0.01257	0.07447	0.01146	0.00572	0.00491	0.00113	0.00474	0.00488	0.00365	0.65157
13	0.00947	0.00688	0.00745	0.00773	0.00898	0.03107	0.00558	0.01124	0.02465	0.03523	0.03505	0.24941	0.22438	0.11057	0.00991	0.00255	0.01700	0.05696	0.14063	0.00526

[dist]
# distance from previous block
# <min> <max>
0	1

[block]
# block no. 9 follows, 38 sequences, length 31
# corresponding to MSA columns:
# 582-612
name=unknown_J
#
# <colnr> <probs for GDERKNQSTAVLIFYWHMCP>
#	G	D	E	R	K	N	Q	S	T	A	V	L	I	F	Y	W	H	M	C	P
0	0.01207	0.03112	0.75741	0.01715	0.02604	0.01397	0.02223	0.01905	0.01270	0.01905	0.01080	0.01270	0.00762	0.00572	0.00572	0.00191	0.00889	0.00445	0.00254	0.00889
1	0.01454	0.04810	0.06543	0.02170	0.28505	0.01468	0.03156	0.02344	0.29990	0.02134	0.01620	0.01730	0.01270	0.00660	0.00636	0.00185	0.03537	0.00569	0.00420	0.06800
2	0.01469	0.18205	0.05984	0.04490	0.08846	0.04331	0.38087	0.01858	0.01330	0.01753	0.01074	0.01413	0.00862	0.00565	0.00720	0.00188	0.07172	0.00570	0.00287	0.00797
3	0.00790	0.00550	0.00720	0.00827	0.00878	0.00519	0.00571	0.00875	0.01137	0.01497	0.03207	0.54670	0.08655	0.07716	0.01076	0.07118	0.00397	0.07813	0.00519	0.00468
4	0.05220	0.34852	0.10343	0.01538	0.10218	0.20194	0.01262	0.02049	0.04505	0.03304	0.01024	0.01168	0.00849	0.00569	0.00483	0.00155	0.00769	0.00398	0.00306	0.00795
5	0.12736	0.03883	0.00871	0.00755	0.00844	0.00859	0.00499	0.01165	0.04067	0.01466	0.01677	0.03207	0.01835	0.57754	0.02416	0.00478	0.03910	0.00750	0.00368	0.00460
6	0.01170	0.02293	0.48468	0.01462	0.02089	0.01204	0.05643	0.04718	0.01262	0.01811	0.01502	0.02088	0.04296	0.18116	0.01143	0.00279	0.00793	0.00595	0.00310	0.00757
7	0.06723	0.35226	0.04567	0.01272	0.01701	0.32532	0.01103	0.05916	0.02997	0.01681	0.00948	0.01076	0.00801	0.00579	0.00471	0.00149	0.00819	0.00372	0.00311	0.00755
8	0.02508	0.01076	0.01409	0.01073	0.01547	0.00946	0.00884	0.07826	0.01749	0.62161	0.02161	0.01915	0.01389	0.00710	0.00587	0.00175	0.00515	0.00573	0.00691	0.10107
9	0.00873	0.00590	0.00691	0.00691	0.00703	0.00602	0.00408	0.00897	0.00885	0.01192	0.01864	0.03761	0.02111	0.70574	0.11243	0.00626	0.00698	0.00849	0.00360	0.00384
10	0.00873	0.00640	0.00946	0.00946	0.01055	0.00742	0.00735	0.01091	0.00982	0.01439	0.01629	0.02357	0.01506	0.04319	0.72630	0.00925	0.01544	0.00640	0.04461	0.00538
11	0.00875	0.00583	0.00656	0.00656	0.00656	0.00583	0.00365	0.00875	0.00875	0.01166	0.01895	0.03937	0.02187	0.78858	0.03062	0.00583	0.00583	0.00875	0.00365	0.00365
12	0.01128	0.00593	0.00599	0.00593	0.00737	0.00602	0.00441	0.01458	0.04401	0.02211	0.01981	0.02311	0.01581	0.03841	0.00535	0.00161	0.00301	0.00578	0.75377	0.00570
13	0.00875	0.00583	0.00656	0.00656	0.00656	0.00583	0.00365	0.00875	0.00875	0.01166	0.01895	0.03937	0.02187	0.78858	0.03062	0.00583	0.00583	0.00875	0.00365	0.00365
14	0.00792	0.00613	0.00721	0.00694	0.00862	0.00542	0.00520	0.01019	0.01561	0.02077	0.45481	0.05046	0.35193	0.01355	0.00710	0.00195	0.00293	0.01165	0.00618	0.00542
15	0.01496	0.01292	0.01360	0.01224	0.01564	0.01496	0.00952	0.03197	0.74019	0.02516	0.02448	0.02244	0.01836	0.00816	0.00612	0.00204	0.00476	0.00680	0.00612	0.00952
16	0.00733	0.00524	0.00698	0.00838	0.00873	0.00489	0.00558	0.00838	0.01152	0.01536	0.03316	0.78466	0.03979	0.01885	0.00768	0.00244	0.00349	0.01710	0.00558	0.00489
17	0.01496	0.01292	0.01360	0.01224	0.01564	0.01496	0.00952	0.03197	0.74019	0.02516	0.02448	0.02244	0.01836	0.00816	0.00612	0.00204	0.00476	0.00680	0.00612	0.00952
18	0.01496	0.01292	0.01360	0.01224	0.01564	0.01496	0.00952	0.03197	0.74019	0.02516	0.02448	0.02244	0.01836	0.00816	0.00612	0.00204	0.00476	0.00680	0.00612	0.00952
19	0.00724	0.00610	0.00627	0.00623	0.00820	0.00513	0.00467	0.00888	0.01402	0.01697	0.12375	0.05671	0.68536	0.01497	0.00711	0.00202	0.00303	0.01253	0.00568	0.00513
20	0.83108	0.01163	0.00884	0.00791	0.01163	0.01350	0.00651	0.01768	0.01024	0.02699	0.00838	0.00977	0.00651	0.00558	0.00372	0.00186	0.00465	0.00326	0.00372	0.00651
21	0.00875	0.00583	0.00656	0.00656	0.00656	0.00583	0.00365	0.00875	0.00875	0.01166	0.01895	0.03937	0.02187	0.78858	0.03062	0.00583	0.00583	0.00875	0.00365	0.00365
22	0.80249	0.01158	0.00902	0.00801	0.01177	0.01333	0.00660	0.01810	0.01049	0.05288	0.00892	0.01015	0.00681	0.00565	0.00381	0.00186	0.00467	0.00336	0.00386	0.00665
23	0.01608	0.79220	0.03152	0.01029	0.01544	0.02380	0.01029	0.01801	0.01222	0.01415	0.00836	0.00965	0.00772	0.00515	0.00386	0.00129	0.00643	0.00322	0.00257	0.00772
24	0.01055	0.00904	0.00941	0.00880	0.01140	0.00936	0.00675	0.01880	0.32718	0.02039	0.07125	0.04211	0.40742	0.01207	0.00668	0.00203	0.00378	0.01008	0.00586	0.00702
25	0.02811	0.03634	0.03128	0.01044	0.03796	0.00797	0.05696	0.01434	0.01551	0.10647	0.35563	0.03998	0.17571	0.01123	0.00678	0.00195	0.00426	0.04675	0.00578	0.00656
26	0.00905	0.00698	0.00865	0.00838	0.01024	0.00594	0.00589	0.01051	0.01156	0.01634	0.02489	0.47711	0.02858	0.08476	0.00878	0.00227	0.00400	0.01214	0.00478	0.25915
27	0.01347	0.06501	0.43100	0.07566	0.17600	0.04413	0.01892	0.01874	0.01331	0.03787	0.04264	0.01475	0.01035	0.00598	0.00574	0.00184	0.00805	0.00493	0.00297	0.00862
28	0.01347	0.06953	0.02093	0.01627	0.01720	0.01852	0.07842	0.01517	0.00989	0.01489	0.00832	0.01319	0.00800	0.00964	0.01744	0.00248	0.65189	0.00528	0.00267	0.00680
29	0.01322	0.01114	0.01288	0.00927	0.01457	0.00879	0.00744	0.06669	0.01361	0.02092	0.01096	0.01262	0.00901	0.00465	0.00457	0.00096	0.00461	0.00370	0.00374	0.76667
30	0.01649	0.01822	0.01888	0.02072	0.20597	0.26178	0.01359	0.01900	0.03859	0.01630	0.01085	0.04471	0.00994	0.00803	0.01051	0.00203	0.26841	0.00537	0.00312	0.00750

[dist]
# distance from previous block
# <min> <max>
0	1

[block]
# block no. 10 follows, 38 sequences, length 15
# corresponding to MSA columns:
# 614-628
name=unknown_K
#
# <colnr> <probs for GDERKNQSTAVLIFYWHMCP>
#	G	D	E	R	K	N	Q	S	T	A	V	L	I	F	Y	W	H	M	C	P
0	0.00875	0.00583	0.00656	0.00656	0.00656	0.00583	0.00365	0.00875	0.00875	0.01166	0.01895	0.03937	0.02187	0.78858	0.03062	0.00583	0.00583	0.00875	0.00365	0.00365
1	0.00831	0.00575	0.00788	0.00916	0.00979	0.00554	0.00681	0.00958	0.01192	0.01576	0.03087	0.50159	0.03576	0.01834	0.00919	0.07105	0.00426	0.22822	0.00532	0.00490
2	0.00820	0.00575	0.00673	0.00701	0.00746	0.00551	0.00438	0.00887	0.01068	0.01412	0.08837	0.21461	0.11705	0.45163	0.02049	0.00426	0.00470	0.01134	0.00458	0.00428
3	0.01081	0.00829	0.00912	0.00879	0.01004	0.00898	0.00596	0.01698	0.26976	0.01689	0.02251	0.11633	0.02262	0.42471	0.01933	0.00410	0.00519	0.00898	0.00474	0.00588
4	0.02099	0.01552	0.01672	0.01290	0.01735	0.01687	0.01049	0.62260	0.02559	0.03449	0.01457	0.01640	0.01112	0.07246	0.00797	0.00208	0.00641	0.00557	0.00565	0.06425
5	0.00888	0.00609	0.00721	0.00747	0.00900	0.00534	0.00539	0.01037	0.01335	0.07558	0.09344	0.34206	0.36213	0.01584	0.00725	0.00217	0.00337	0.01379	0.00580	0.00546
6	0.00855	0.00619	0.00859	0.00868	0.00940	0.00685	0.00627	0.01001	0.00953	0.01339	0.01809	0.07968	0.01869	0.25801	0.50153	0.00807	0.01229	0.00783	0.00350	0.00484
7	0.00789	0.00658	0.00678	0.00674	0.00863	0.00592	0.00494	0.01050	0.07134	0.01654	0.05314	0.08984	0.59421	0.07926	0.00902	0.00237	0.00344	0.01212	0.00547	0.00531
8	0.00739	0.00607	0.00651	0.00648	0.00832	0.00519	0.00483	0.00915	0.01427	0.01775	0.19350	0.08557	0.58450	0.01481	0.00713	0.00202	0.00302	0.01253	0.00579	0.00519
9	0.00988	0.00697	0.00833	0.00774	0.00972	0.00649	0.00589	0.01348	0.07662	0.07085	0.43762	0.04521	0.25339	0.01249	0.00695	0.00194	0.00321	0.01075	0.00633	0.00613
10	0.83108	0.01163	0.00884	0.00791	0.01163	0.01350	0.00651	0.01768	0.01024	0.02699	0.00838	0.00977	0.00651	0.00558	0.00372	0.00186	0.00465	0.00326	0.00372	0.00651
11	0.00969	0.00692	0.00969	0.01108	0.01246	0.00692	0.00969	0.01246	0.01385	0.01800	0.03185	0.06786	0.03462	0.01662	0.00831	0.00277	0.00554	0.71057	0.00554	0.00554
12	0.07131	0.02137	0.38295	0.01394	0.02040	0.01293	0.01547	0.12793	0.01616	0.17409	0.07285	0.01695	0.01337	0.00682	0.00581	0.00188	0.00700	0.00536	0.00448	0.00895
13	0.00711	0.00609	0.00609	0.00609	0.00813	0.00508	0.00457	0.00863	0.01371	0.01625	0.06094	0.05789	0.74862	0.01524	0.00711	0.00203	0.00305	0.01270	0.00559	0.00508
14	0.00882	0.00633	0.00852	0.00890	0.01020	0.00604	0.00710	0.01145	0.01535	0.02107	0.42146	0.12681	0.04718	0.01449	0.00759	0.00226	0.00387	0.26088	0.00613	0.00555

[dist]
# distance from previous block
# <min> <max>
0	7

[block]
# block no. 11 follows, 38 sequences, length 26
# corresponding to MSA columns:
# 636-661
name=unknown_L
#
# <colnr> <probs for GDERKNQSTAVLIFYWHMCP>
#	G	D	E	R	K	N	Q	S	T	A	V	L	I	F	Y	W	H	M	C	P
0	0.01362	0.00879	0.00938	0.00823	0.01026	0.00928	0.00617	0.20963	0.01599	0.02373	0.01955	0.02553	0.04399	0.18773	0.03269	0.00279	0.00494	0.00657	0.35472	0.00640
1	0.00798	0.00637	0.00731	0.00778	0.00959	0.00570	0.00630	0.00993	0.01376	0.01684	0.05110	0.06127	0.50705	0.01570	0.00752	0.00228	0.00389	0.24880	0.00557	0.00523
2	0.02659	0.01033	0.01395	0.01075	0.01537	0.00905	0.00886	0.02941	0.04149	0.73072	0.02376	0.02054	0.01501	0.00747	0.00605	0.00187	0.00511	0.00607	0.00740	0.01021
3	0.00933	0.00629	0.00704	0.00686	0.00706	0.00636	0.00397	0.03865	0.00956	0.01275	0.01877	0.03834	0.02139	0.75624	0.02960	0.00567	0.00586	0.00861	0.00374	0.00392
4	0.01475	0.01415	0.02417	0.06578	0.72328	0.01426	0.01839	0.01834	0.01363	0.01949	0.01129	0.01493	0.00947	0.00539	0.00596	0.00180	0.00718	0.00536	0.00297	0.00942
5	0.00733	0.00524	0.00698	0.00838	0.00873	0.00489	0.00558	0.00838	0.01152	0.01536	0.03316	0.78466	0.03979	0.01885	0.00768	0.00244	0.00349	0.01710	0.00558	0.00489
6	0.23149	0.00894	0.00962	0.00888	0.01129	0.00942	0.00714	0.09384	0.01600	0.02554	0.36138	0.03544	0.03478	0.01056	0.00625	0.00200	0.00415	0.11129	0.00562	0.00639
7	0.01420	0.01623	0.03550	0.02535	0.03144	0.01521	0.72921	0.01927	0.01420	0.01927	0.01217	0.01623	0.00913	0.00507	0.00710	0.00203	0.01014	0.00710	0.00304	0.00811
8	0.02085	0.08711	0.01777	0.01446	0.01790	0.53689	0.01118	0.07598	0.12713	0.01794	0.01190	0.01277	0.00954	0.00649	0.00545	0.00162	0.00926	0.00438	0.00373	0.00766
9	0.01157	0.01109	0.01931	0.71985	0.04071	0.01350	0.06835	0.01565	0.01219	0.01565	0.01080	0.01605	0.00810	0.00595	0.00609	0.00201	0.00817	0.00547	0.00270	0.00679
10	0.00726	0.00549	0.00672	0.00770	0.00855	0.00494	0.00529	0.00845	0.01216	0.01562	0.04135	0.57023	0.24892	0.01778	0.00751	0.00232	0.00336	0.01580	0.00558	0.00494
11	0.00764	0.00597	0.00693	0.00701	0.00853	0.00526	0.00514	0.00955	0.01450	0.01887	0.29841	0.17859	0.38244	0.01482	0.00720	0.00205	0.00305	0.01281	0.00595	0.00526
12	0.04933	0.09375	0.03246	0.05095	0.01654	0.01672	0.01135	0.17577	0.01430	0.02082	0.01118	0.01515	0.00968	0.04198	0.03407	0.00248	0.32807	0.00519	0.06288	0.00734
13	0.00930	0.00650	0.00731	0.00728	0.00868	0.00619	0.00518	0.01188	0.06423	0.03866	0.11373	0.14050	0.25301	0.17619	0.01171	0.00281	0.00388	0.02742	0.10016	0.00535
14	0.00881	0.00638	0.00933	0.00933	0.01043	0.00736	0.00724	0.01101	0.00991	0.01467	0.01641	0.02353	0.01507	0.04195	0.70145	0.00898	0.01501	0.00638	0.07136	0.00539
15	0.01434	0.01354	0.02245	0.19931	0.52757	0.01446	0.01753	0.04633	0.01370	0.01918	0.01114	0.01504	0.00914	0.00583	0.00664	0.00188	0.04477	0.00535	0.00302	0.00878
16	0.01788	0.05116	0.02027	0.07466	0.16072	0.30172	0.07251	0.05956	0.11652	0.01873	0.01231	0.01429	0.00984	0.00639	0.00633	0.00178	0.03864	0.00505	0.00357	0.00808
17	0.04207	0.00581	0.00693	0.00742	0.00841	0.00562	0.00524	0.01089	0.01293	0.01954	0.18940	0.37187	0.03554	0.03207	0.00703	0.00211	0.00327	0.01197	0.21659	0.00529
18	0.00822	0.00625	0.00773	0.00834	0.00981	0.00576	0.00662	0.01028	0.01391	0.01785	0.14624	0.16857	0.30043	0.01582	0.00760	0.00232	0.00393	0.24931	0.00572	0.00529
19	0.01069	0.00846	0.01185	0.07936	0.12171	0.00869	0.00915	0.09906	0.01394	0.01875	0.02572	0.51088	0.02898	0.01433	0.00708	0.00223	0.00480	0.01293	0.00500	0.00638
20	0.01027	0.00681	0.00756	0.00723	0.00785	0.00696	0.00453	0.07706	0.01114	0.01547	0.01931	0.07232	0.02098	0.59283	0.02433	0.00481	0.00546	0.00851	0.09203	0.00454
