[name]
unknown

[dist]
# distance from previous block
# <min> <max>
53	216

[block]
# block no. 0 follows, 39 sequences, length 27
# corresponding to MSA columns:
# 243-269
name=unknown_A
#
# <colnr> <probs for GDERKNQSTAVLIFYWHMCP>
#	G	D	E	R	K	N	Q	S	T	A	V	L	I	F	Y	W	H	M	C	P
0	0.00837	0.00604	0.00790	0.00744	0.00883	0.00558	0.00558	0.01116	0.01674	0.02371	0.75216	0.04417	0.05580	0.01209	0.00697	0.00186	0.00279	0.01069	0.00651	0.00558
1	0.01374	0.00813	0.00841	0.00743	0.00960	0.00855	0.00582	0.18493	0.01605	0.02566	0.01808	0.02019	0.01395	0.00694	0.00456	0.00147	0.00365	0.00547	0.63077	0.00659
2	0.01209	0.05770	0.70610	0.01693	0.02543	0.01413	0.04982	0.01870	0.01253	0.01856	0.01058	0.01252	0.00755	0.00557	0.00561	0.00186	0.00870	0.00443	0.00252	0.00867
3	0.01229	0.01155	0.01920	0.58873	0.10026	0.01363	0.06483	0.04362	0.05516	0.01713	0.01159	0.01599	0.00876	0.00596	0.00599	0.00195	0.00771	0.00546	0.00300	0.00720
4	0.01226	0.01051	0.01226	0.00876	0.01401	0.00788	0.00701	0.01489	0.01226	0.01927	0.01051	0.01226	0.00876	0.00438	0.00438	0.00088	0.00438	0.00350	0.00350	0.82832
5	0.00773	0.00586	0.00733	0.00797	0.00909	0.00517	0.00551	0.00901	0.01174	0.01568	0.03408	0.59716	0.13848	0.01645	0.00712	0.00217	0.00347	0.01472	0.00527	0.09597
6	0.00862	0.00638	0.00828	0.00884	0.01032	0.00604	0.00728	0.01107	0.01441	0.01897	0.24014	0.07635	0.18841	0.01492	0.00757	0.00232	0.00414	0.35480	0.00576	0.00537
7	0.00909	0.00664	0.00815	0.00785	0.00796	0.00737	0.00510	0.00947	0.00875	0.01204	0.01705	0.03399	0.01915	0.61865	0.10971	0.00578	0.09775	0.00795	0.00342	0.00411
8	0.00721	0.00515	0.00686	0.00823	0.00858	0.00480	0.00549	0.00823	0.01132	0.01510	0.03259	0.78831	0.03911	0.01853	0.00755	0.00240	0.00343	0.01681	0.00549	0.00480
9	0.00739	0.00527	0.00698	0.00819	0.00861	0.00494	0.00553	0.00853	0.01160	0.01553	0.07372	0.69718	0.03928	0.04713	0.00838	0.00250	0.00354	0.03541	0.00548	0.00482
10	0.01581	0.79572	0.03099	0.01012	0.01518	0.02340	0.01012	0.01771	0.01202	0.01391	0.00822	0.00949	0.00759	0.00506	0.00379	0.00126	0.00632	0.00316	0.00253	0.00759
11	0.01471	0.01270	0.01337	0.01203	0.01538	0.01471	0.00936	0.03142	0.74459	0.02474	0.02407	0.02206	0.01805	0.00802	0.00602	0.00201	0.00468	0.00669	0.00602	0.00936
12	0.01226	0.01051	0.01226	0.00876	0.01401	0.00788	0.00701	0.01489	0.01226	0.01927	0.01051	0.01226	0.00876	0.00438	0.00438	0.00088	0.00438	0.00350	0.00350	0.82832
13	0.83394	0.01144	0.00869	0.00778	0.01144	0.01327	0.00640	0.01738	0.01006	0.02653	0.00823	0.00961	0.00640	0.00549	0.00366	0.00183	0.00457	0.00320	0.00366	0.00640
14	0.00837	0.00604	0.00790	0.00744	0.00883	0.00558	0.00558	0.01116	0.01674	0.02371	0.75216	0.04417	0.05580	0.01209	0.00697	0.00186	0.00279	0.01069	0.00651	0.00558
15	0.00854	0.00615	0.00781	0.00870	0.00943	0.00599	0.00599	0.07186	0.01276	0.01704	0.03099	0.72059	0.03657	0.01753	0.00741	0.00235	0.00370	0.01581	0.00553	0.00526
16	0.02199	0.02898	0.01451	0.01072	0.01546	0.01077	0.00883	0.15520	0.03788	0.42209	0.01843	0.01707	0.01240	0.00658	0.00554	0.00160	0.00517	0.00524	0.00605	0.19548
17	0.01226	0.01051	0.01226	0.00876	0.01401	0.00788	0.00701	0.01489	0.01226	0.01927	0.01051	0.01226	0.00876	0.00438	0.00438	0.00088	0.00438	0.00350	0.00350	0.82832
18	0.01192	0.01105	0.01878	0.55628	0.17061	0.01286	0.04586	0.01574	0.01226	0.01652	0.01128	0.01599	0.00870	0.00582	0.00583	0.00189	0.00746	0.00535	0.05871	0.00708
19	0.00730	0.00600	0.00645	0.00658	0.00839	0.00516	0.00499	0.00896	0.01365	0.01672	0.11694	0.09883	0.60159	0.01502	0.00710	0.00206	0.00317	0.06046	0.00558	0.00506
20	0.06997	0.02529	0.54236	0.01634	0.02396	0.01323	0.09872	0.01930	0.01282	0.07693	0.01159	0.01326	0.00819	0.00563	0.00561	0.00184	0.00814	0.00467	0.00305	0.03912
21	0.02142	0.08326	0.01833	0.01304	0.01759	0.04909	0.01086	0.61471	0.02536	0.03370	0.01369	0.01398	0.00996	0.00687	0.00564	0.00170	0.00651	0.00508	0.03970	0.00952
22	0.00842	0.00596	0.00773	0.00734	0.00867	0.00549	0.00545	0.01064	0.01568	0.02190	0.62988	0.04294	0.10959	0.01307	0.00839	0.07414	0.00301	0.01036	0.00608	0.00527
23	0.01248	0.14964	0.64786	0.01581	0.02397	0.01524	0.02002	0.01857	0.01241	0.01798	0.01024	0.01202	0.00751	0.00553	0.00533	0.00178	0.00836	0.00418	0.00250	0.00856
24	0.01342	0.01134	0.01231	0.01137	0.01430	0.01285	0.00893	0.02709	0.58653	0.02370	0.08939	0.02953	0.04079	0.00942	0.00635	0.00207	0.00455	0.08157	0.00599	0.00851
25	0.77821	0.06486	0.01021	0.00794	0.01169	0.01396	0.00666	0.01741	0.01020	0.02567	0.00823	0.00960	0.00649	0.00546	0.00367	0.00179	0.00469	0.00320	0.00358	0.00649
26	0.00774	0.00553	0.00747	0.00884	0.00942	0.00526	0.00641	0.00915	0.01184	0.01569	0.03230	0.62375	0.03796	0.01803	0.00769	0.00247	0.00389	0.17613	0.00548	0.00495

[dist]
# distance from previous block
# <min> <max>
0	1

[block]
# block no. 1 follows, 39 sequences, length 31
# corresponding to MSA columns:
# 271-301
name=unknown_B
#
# <colnr> <probs for GDERKNQSTAVLIFYWHMCP>
#	G	D	E	R	K	N	Q	S	T	A	V	L	I	F	Y	W	H	M	C	P
0	0.00740	0.00523	0.00680	0.00799	0.00828	0.00493	0.00523	0.00829	0.01095	0.01459	0.03066	0.68450	0.03667	0.12566	0.01067	0.00286	0.00375	0.01567	0.00523	0.00463
1	0.02653	0.01006	0.01372	0.01052	0.01510	0.00869	0.00869	0.02882	0.01693	0.75937	0.02333	0.02013	0.01464	0.00732	0.00595	0.00183	0.00503	0.00595	0.00732	0.01006
2	0.00751	0.00545	0.00713	0.00839	0.00885	0.00520	0.00565	0.00917	0.04095	0.01549	0.03225	0.75735	0.03826	0.01810	0.00749	0.00239	0.00348	0.01640	0.00551	0.00499
3	0.01067	0.00563	0.00606	0.00606	0.00740	0.00577	0.00459	0.01333	0.01200	0.02090	0.01881	0.02221	0.01511	0.01208	0.11002	0.00250	0.00457	0.00563	0.71119	0.00548
4	0.83234	0.01153	0.00879	0.00787	0.01153	0.01333	0.00646	0.01747	0.01015	0.02663	0.00837	0.00979	0.00653	0.00558	0.00372	0.00185	0.00462	0.00325	0.00370	0.00647
5	0.01491	0.01160	0.01247	0.01113	0.01442	0.01284	0.00867	0.02805	0.57125	0.09494	0.02906	0.02686	0.11959	0.00900	0.00620	0.00201	0.00453	0.00746	0.00611	0.00889
6	0.00802	0.00609	0.00735	0.00712	0.00866	0.00544	0.00529	0.01028	0.01554	0.02099	0.50017	0.08280	0.27375	0.01337	0.00706	0.00195	0.00293	0.01157	0.00618	0.00543
7	0.00791	0.00596	0.00835	0.04369	0.04971	0.00574	0.00670	0.00917	0.01154	0.01545	0.03057	0.71181	0.03622	0.01733	0.00744	0.00237	0.00387	0.01571	0.00527	0.00519
8	0.01539	0.68821	0.13221	0.01114	0.01671	0.02211	0.01179	0.01793	0.01216	0.01471	0.00869	0.01009	0.00770	0.00523	0.00411	0.00137	0.00670	0.00338	0.00257	0.00781
9	0.01307	0.01302	0.01819	0.01560	0.01562	0.01817	0.01298	0.01432	0.00914	0.01436	0.00790	0.01312	0.00789	0.01043	0.01943	0.00261	0.77976	0.00522	0.00263	0.00654
10	0.00735	0.00525	0.00696	0.00833	0.00868	0.00489	0.00555	0.00834	0.01141	0.01522	0.03268	0.78686	0.03917	0.01859	0.00760	0.00242	0.00348	0.01683	0.00553	0.00487
11	0.00851	0.00614	0.00800	0.00753	0.00894	0.00566	0.00564	0.01126	0.01681	0.02382	0.75073	0.04429	0.05583	0.01216	0.00703	0.00188	0.00284	0.01072	0.00655	0.00565
12	0.83234	0.01153	0.00879	0.00787	0.01153	0.01333	0.00646	0.01747	0.01015	0.02663	0.00837	0.00979	0.00653	0.00558	0.00372	0.00185	0.00462	0.00325	0.00370	0.00647
13	0.01142	0.02665	0.63755	0.01540	0.02294	0.01247	0.01923	0.01758	0.01326	0.01966	0.13127	0.01782	0.01547	0.00676	0.00589	0.00189	0.00781	0.00544	0.00320	0.00829
14	0.01315	0.25544	0.54540	0.01495	0.02260	0.01664	0.01843	0.01851	0.01243	0.01743	0.01004	0.01179	0.00765	0.00554	0.00514	0.00172	0.00807	0.00406	0.00255	0.00846
15	0.01329	0.01261	0.01153	0.01059	0.01338	0.11583	0.00810	0.02267	0.38902	0.02103	0.09275	0.03166	0.21297	0.01001	0.00631	0.00195	0.00495	0.00819	0.00555	0.00761
16	0.00820	0.00624	0.00771	0.00854	0.00994	0.00577	0.00680	0.01005	0.01315	0.01660	0.04252	0.21880	0.30786	0.01636	0.00764	0.00240	0.00413	0.29658	0.00551	0.00521
17	0.02663	0.01016	0.01381	0.01061	0.01519	0.00877	0.00875	0.02888	0.01700	0.75793	0.02344	0.02029	0.01475	0.00740	0.00600	0.00185	0.00508	0.00599	0.00736	0.01012
18	0.01742	0.68536	0.02865	0.01026	0.01526	0.02141	0.00997	0.01933	0.01278	0.11727	0.01045	0.01115	0.00869	0.00546	0.00415	0.00137	0.00619	0.00359	0.00324	0.00800
19	0.01049	0.00942	0.01041	0.01020	0.01147	0.11276	0.00777	0.01234	0.01054	0.01382	0.01521	0.02262	0.01432	0.08576	0.61534	0.00817	0.01451	0.00617	0.00322	0.00546
20	0.00805	0.00599	0.00771	0.00840	0.00943	0.00531	0.00576	0.00926	0.01154	0.01580	0.02962	0.67939	0.03497	0.01663	0.00716	0.00221	0.00361	0.01499	0.00525	0.11892
21	0.00735	0.00525	0.00696	0.00833	0.00868	0.00489	0.00555	0.00834	0.01141	0.01522	0.03268	0.78686	0.03917	0.01859	0.00760	0.00242	0.00348	0.01683	0.00553	0.00487
22	0.00881	0.00668	0.00969	0.00956	0.01047	0.00780	0.00732	0.01063	0.00948	0.01365	0.01587	0.02448	0.01525	0.11859	0.65755	0.00881	0.05035	0.00655	0.00323	0.00523
23	0.01467	0.01153	0.01234	0.01084	0.01409	0.01260	0.00849	0.11778	0.43409	0.06367	0.06199	0.02898	0.16421	0.00950	0.00629	0.00198	0.00457	0.00783	0.00603	0.00852
24	0.00735	0.00525	0.00696	0.00833	0.00868	0.00489	0.00555	0.00834	0.01141	0.01522	0.03268	0.78686	0.03917	0.01859	0.00760	0.00242	0.00348	0.01683	0.00553	0.00487
25	0.02220	0.02824	0.01684	0.01531	0.01837	0.76690	0.01147	0.02369	0.01683	0.01460	0.00928	0.01085	0.00774	0.00618	0.00539	0.00155	0.01070	0.00385	0.00309	0.00692
26	0.01229	0.01252	0.05467	0.47853	0.17514	0.01319	0.09116	0.01628	0.01251	0.01698	0.01138	0.01592	0.00878	0.00582	0.00596	0.00192	0.00774	0.00545	0.04639	0.00737
27	0.01223	0.01483	0.12270	0.03432	0.01954	0.01487	0.15173	0.01501	0.01093	0.01601	0.01258	0.11510	0.01233	0.01045	0.02974	0.00251	0.38813	0.00700	0.00309	0.00690
28	0.07983	0.01549	0.06754	0.09273	0.06776	0.01430	0.50543	0.01824	0.01341	0.01928	0.01226	0.01723	0.00966	0.00567	0.00658	0.00201	0.00899	0.03267	0.00312	0.00780
29	0.01012	0.00916	0.01576	0.15707	0.08749	0.00939	0.13620	0.01262	0.01216	0.01632	0.02243	0.40386	0.02458	0.01243	0.00731	0.00223	0.02263	0.02774	0.00426	0.00623
30	0.00916	0.00636	0.00736	0.00728	0.00747	0.00655	0.00442	0.03019	0.00956	0.01284	0.01970	0.11672	0.02262	0.65640	0.02660	0.00516	0.03439	0.00928	0.00386	0.00408

[dist]
# distance from previous block
# <min> <max>
0	92

# created by:
# /software/SequenceAnalysis/GenePrediction/augustus/3.0.1/scripts/msa2prfl.pl ./fixed/BUSCOvEOG783FJZ.fas
