[name]
unknown

[dist]
# distance from previous block
# <min> <max>
4	319

[block]
# block no. 0 follows, 39 sequences, length 7
# corresponding to MSA columns:
# 338-344
name=unknown_A
#
# <colnr> <probs for GDERKNQSTAVLIFYWHMCP>
#	G	D	E	R	K	N	Q	S	T	A	V	L	I	F	Y	W	H	M	C	P
0	0.00867	0.00589	0.00725	0.00722	0.00764	0.00612	0.00468	0.00952	0.00958	0.01340	0.06926	0.03448	0.02194	0.51614	0.20722	0.00616	0.00784	0.00804	0.04472	0.00423
1	0.02147	0.01399	0.01564	0.01245	0.01679	0.01505	0.01013	0.38182	0.20989	0.21005	0.01897	0.01767	0.01323	0.00739	0.00595	0.00185	0.00568	0.00583	0.00628	0.00988
2	0.00739	0.00589	0.00703	0.00733	0.00874	0.00554	0.00541	0.00894	0.01205	0.01524	0.04331	0.20567	0.41979	0.02290	0.19278	0.00391	0.00622	0.01191	0.00492	0.00502
3	0.00745	0.00525	0.00679	0.00792	0.00820	0.00497	0.00515	0.00830	0.01084	0.01445	0.03011	0.65512	0.03598	0.15598	0.01155	0.00299	0.00384	0.01535	0.00515	0.00459
4	0.00860	0.00573	0.00645	0.00645	0.00645	0.00573	0.00358	0.00860	0.00860	0.01147	0.01863	0.03870	0.02150	0.79217	0.03010	0.00573	0.00573	0.00860	0.00358	0.00358
5	0.00849	0.00619	0.00876	0.00876	0.00956	0.00699	0.00646	0.01008	0.00928	0.01318	0.01652	0.02700	0.01642	0.22663	0.58870	0.00859	0.01338	0.00689	0.00327	0.00487
6	0.01277	0.01418	0.07748	0.35351	0.21611	0.01385	0.19210	0.01707	0.01280	0.01736	0.01103	0.01529	0.00849	0.00550	0.00614	0.00192	0.00824	0.00561	0.00278	0.00777

[dist]
# distance from previous block
# <min> <max>
0	9

[block]
# block no. 1 follows, 39 sequences, length 13
# corresponding to MSA columns:
# 354-366
name=unknown_B
#
# <colnr> <probs for GDERKNQSTAVLIFYWHMCP>
#	G	D	E	R	K	N	Q	S	T	A	V	L	I	F	Y	W	H	M	C	P
0	0.01102	0.00551	0.00551	0.00551	0.00689	0.00551	0.00413	0.01378	0.01240	0.02205	0.01929	0.02205	0.01516	0.00689	0.00413	0.00138	0.00276	0.00551	0.82500	0.00551
1	0.01218	0.01128	0.01532	0.40880	0.02710	0.06745	0.01290	0.01510	0.01169	0.01606	0.01203	0.04019	0.01006	0.00741	0.00841	0.00198	0.16731	0.00554	0.14284	0.00633
2	0.01443	0.01384	0.02364	0.07982	0.71335	0.01400	0.01805	0.01797	0.01337	0.01907	0.01109	0.01470	0.00928	0.00531	0.00586	0.00177	0.00708	0.00527	0.00291	0.00920
3	0.02094	0.01217	0.01392	0.01140	0.01536	0.03711	0.00916	0.12758	0.24941	0.35433	0.06703	0.02109	0.01740	0.00777	0.00601	0.00187	0.00518	0.00632	0.00652	0.00945
4	0.83394	0.01144	0.00869	0.00778	0.01144	0.01327	0.00640	0.01738	0.01006	0.02653	0.00823	0.00961	0.00640	0.00549	0.00366	0.00183	0.00457	0.00320	0.00366	0.00640
5	0.01905	0.01358	0.01497	0.01212	0.01583	0.01478	0.00975	0.53173	0.02334	0.05810	0.01801	0.15184	0.01570	0.01039	0.03206	0.00214	0.00610	0.00742	0.03429	0.00881
6	0.07468	0.00966	0.01236	0.00966	0.01385	0.00845	0.00788	0.02396	0.01578	0.52631	0.09079	0.02232	0.04800	0.00763	0.00576	0.00173	0.00463	0.00620	0.00649	0.10384
7	0.00762	0.00568	0.00708	0.00743	0.00855	0.00515	0.00531	0.00944	0.01393	0.01869	0.32243	0.33535	0.20124	0.01521	0.00720	0.00210	0.00308	0.01345	0.00589	0.00515
8	0.01871	0.01377	0.01533	0.01230	0.01598	0.01528	0.00996	0.53994	0.02281	0.03078	0.01482	0.01764	0.01177	0.06560	0.16375	0.00361	0.00837	0.00574	0.00520	0.00866
9	0.01451	0.01423	0.02255	0.12932	0.55014	0.04896	0.04455	0.01895	0.06336	0.01891	0.01187	0.01516	0.00967	0.00557	0.00589	0.00180	0.00726	0.00536	0.00311	0.00883
10	0.01294	0.01294	0.01811	0.01553	0.01553	0.01811	0.01294	0.01423	0.00906	0.01423	0.00776	0.01294	0.00776	0.01035	0.01941	0.00259	0.78134	0.00518	0.00259	0.00647
11	0.00875	0.00620	0.00884	0.00884	0.00986	0.00706	0.00676	0.01079	0.00977	0.01452	0.01643	0.02417	0.01529	0.09209	0.63024	0.00832	0.01365	0.00640	0.09684	0.00519
12	0.01429	0.01356	0.02302	0.03456	0.70453	0.01356	0.01756	0.01775	0.01348	0.01921	0.01250	0.01819	0.01105	0.00603	0.00601	0.00182	0.00692	0.05378	0.00310	0.00910

[dist]
# distance from previous block
# <min> <max>
2	8

[block]
# block no. 2 follows, 39 sequences, length 25
# corresponding to MSA columns:
# 375-399
name=unknown_C
#
# <colnr> <probs for GDERKNQSTAVLIFYWHMCP>
#	G	D	E	R	K	N	Q	S	T	A	V	L	I	F	Y	W	H	M	C	P
0	0.01364	0.01513	0.03221	0.05889	0.02971	0.01465	0.63637	0.01810	0.01337	0.01820	0.01162	0.01587	0.00891	0.00589	0.00817	0.03368	0.04829	0.00674	0.00294	0.00763
1	0.01102	0.00551	0.00551	0.00551	0.00689	0.00551	0.00413	0.01378	0.01240	0.02205	0.01929	0.02205	0.01516	0.00689	0.00413	0.00138	0.00276	0.00551	0.82500	0.00551
2	0.03404	0.03496	0.01425	0.03215	0.01410	0.06051	0.00968	0.11544	0.01351	0.05253	0.01291	0.01641	0.01073	0.03058	0.02569	0.00222	0.29623	0.00524	0.21198	0.00684
3	0.10268	0.00893	0.02733	0.00921	0.03232	0.00950	0.00718	0.06089	0.04472	0.03919	0.01616	0.01893	0.01288	0.01075	0.08098	0.00243	0.08034	0.00532	0.42384	0.00643
4	0.01380	0.01283	0.02104	0.14775	0.47134	0.01334	0.04332	0.04914	0.05259	0.02014	0.08369	0.01810	0.01410	0.00625	0.00603	0.00182	0.00672	0.00594	0.00352	0.00854
5	0.00716	0.00600	0.00622	0.00617	0.00809	0.00506	0.00462	0.00881	0.01387	0.01691	0.14326	0.05538	0.66894	0.01463	0.00699	0.00198	0.00297	0.01227	0.00561	0.00506
6	0.01382	0.01195	0.01275	0.03392	0.01537	0.01367	0.00907	0.02860	0.64837	0.02356	0.02733	0.02544	0.09282	0.00867	0.00611	0.00200	0.00460	0.00724	0.00586	0.00883
7	0.00837	0.00604	0.00790	0.00744	0.00883	0.00558	0.00558	0.01116	0.01674	0.02371	0.75216	0.04417	0.05580	0.01209	0.00697	0.00186	0.00279	0.01069	0.00651	0.00558
8	0.01102	0.00551	0.00551	0.00551	0.00689	0.00551	0.00413	0.01378	0.01240	0.02205	0.01929	0.02205	0.01516	0.00689	0.00413	0.00138	0.00276	0.00551	0.82500	0.00551
9	0.01115	0.01002	0.01654	0.70209	0.03741	0.01239	0.01522	0.01498	0.01188	0.01579	0.01137	0.01638	0.00860	0.00601	0.00574	0.00191	0.00738	0.00528	0.08339	0.00647
10	0.00751	0.00527	0.00677	0.00785	0.00812	0.00501	0.00508	0.00831	0.01073	0.01431	0.02957	0.62575	0.03529	0.18629	0.01244	0.00312	0.00393	0.01503	0.00508	0.00454
11	0.83394	0.01144	0.00869	0.00778	0.01144	0.01327	0.00640	0.01738	0.01006	0.02653	0.00823	0.00961	0.00640	0.00549	0.00366	0.00183	0.00457	0.00320	0.00366	0.00640
12	0.01341	0.27704	0.45223	0.01658	0.09388	0.01690	0.01768	0.01834	0.01243	0.01723	0.00989	0.01172	0.00771	0.00540	0.00505	0.00166	0.00779	0.00407	0.00255	0.00843
13	0.05766	0.02712	0.01643	0.01486	0.01798	0.71404	0.01120	0.04356	0.01678	0.01565	0.00925	0.01072	0.00763	0.00610	0.00528	0.00154	0.01028	0.00383	0.00316	0.00693
14	0.17858	0.02160	0.01572	0.01426	0.04521	0.41759	0.01071	0.17269	0.01750	0.02181	0.01008	0.01141	0.00797	0.00626	0.00547	0.00167	0.02608	0.00410	0.00376	0.00753
15	0.01117	0.01051	0.01774	0.77795	0.04073	0.01314	0.01642	0.01511	0.01182	0.01511	0.01051	0.01577	0.00788	0.00591	0.00591	0.00197	0.00788	0.00526	0.00263	0.00657
16	0.00940	0.00677	0.00935	0.01065	0.01204	0.00672	0.00928	0.01206	0.01361	0.01761	0.03274	0.06622	0.07001	0.01627	0.00811	0.00269	0.00532	0.68029	0.00545	0.00542
17	0.01395	0.01204	0.01265	0.01144	0.01465	0.01376	0.00888	0.02917	0.67279	0.02388	0.02759	0.02549	0.09022	0.00871	0.00611	0.00200	0.00451	0.00726	0.00597	0.00893
18	0.00983	0.00734	0.01031	0.00991	0.01132	0.00847	0.00777	0.08176	0.01130	0.01604	0.01568	0.02235	0.01432	0.04069	0.69381	0.00875	0.01492	0.00624	0.00344	0.00575
19	0.00854	0.00577	0.00660	0.00660	0.00672	0.00580	0.00381	0.00870	0.00881	0.01173	0.01983	0.03848	0.04495	0.72758	0.06817	0.00581	0.00618	0.00861	0.00362	0.00372
20	0.01102	0.00551	0.00551	0.00551	0.00689	0.00551	0.00413	0.01378	0.01240	0.02205	0.01929	0.02205	0.01516	0.00689	0.00413	0.00138	0.00276	0.00551	0.82500	0.00551
21	0.04968	0.01254	0.05342	0.01051	0.01586	0.00991	0.04641	0.09176	0.01391	0.02145	0.01088	0.01256	0.00874	0.00481	0.00471	0.00112	0.00514	0.00391	0.00369	0.61900
22	0.01281	0.01265	0.02134	0.19064	0.04629	0.01507	0.18507	0.04714	0.01185	0.01667	0.01056	0.01541	0.00892	0.01111	0.08598	0.00293	0.28991	0.00575	0.00291	0.00698
23	0.01102	0.00551	0.00551	0.00551	0.00689	0.00551	0.00413	0.01378	0.01240	0.02205	0.01929	0.02205	0.01516	0.00689	0.00413	0.00138	0.00276	0.00551	0.82500	0.00551
24	0.01396	0.01595	0.03490	0.02493	0.03091	0.01496	0.73380	0.01894	0.01396	0.01894	0.01196	0.01595	0.00897	0.00499	0.00698	0.00199	0.00997	0.00698	0.00299	0.00798

[dist]
# distance from previous block
# <min> <max>
0	3

[block]
# block no. 3 follows, 39 sequences, length 7
# corresponding to MSA columns:
# 403-409
name=unknown_D
#
# <colnr> <probs for GDERKNQSTAVLIFYWHMCP>
#	G	D	E	R	K	N	Q	S	T	A	V	L	I	F	Y	W	H	M	C	P
0	0.01516	0.01042	0.01256	0.00912	0.01423	0.00805	0.00735	0.01772	0.01321	0.16956	0.01311	0.01386	0.00995	0.00498	0.00470	0.00107	0.00451	0.00400	0.00428	0.66216
1	0.01496	0.01457	0.02590	0.18202	0.02891	0.01540	0.36391	0.15525	0.05062	0.02161	0.01240	0.01568	0.00931	0.00606	0.00727	0.00198	0.05634	0.00617	0.00359	0.00805
2	0.09252	0.01286	0.04743	0.15825	0.02165	0.01460	0.10643	0.08184	0.01250	0.01889	0.01199	0.07513	0.01077	0.00837	0.01039	0.00216	0.26577	0.00615	0.03535	0.00693
3	0.01111	0.00690	0.00880	0.00795	0.00993	0.00636	0.00609	0.01431	0.04768	0.12828	0.55395	0.04094	0.11147	0.01149	0.00679	0.00187	0.00321	0.01001	0.00651	0.00633
4	0.01623	0.54923	0.06383	0.01192	0.01683	0.09066	0.05289	0.06921	0.01394	0.01661	0.04333	0.01205	0.01006	0.00565	0.00451	0.00143	0.00691	0.00401	0.00303	0.00768
5	0.00867	0.00733	0.00889	0.11727	0.01365	0.00711	0.00689	0.01193	0.06596	0.01828	0.19653	0.04381	0.41101	0.01209	0.00665	0.00191	0.00383	0.01025	0.00525	0.04268
6	0.13400	0.01181	0.01248	0.06579	0.01527	0.01308	0.00862	0.34631	0.01911	0.02918	0.01473	0.01620	0.01103	0.00671	0.00502	0.00167	0.00511	0.00508	0.27099	0.00781

[dist]
# distance from previous block
# <min> <max>
0	316

# created by:
# /software/SequenceAnalysis/GenePrediction/augustus/3.0.1/scripts/msa2prfl.pl ./fixed/BUSCOvEOG7WM67B.fas
