[name]
unknown

[dist]
# distance from previous block
# <min> <max>
0	197

[block]
# block no. 0 follows, 39 sequences, length 7
# corresponding to MSA columns:
# 211-217
name=unknown_A
#
# <colnr> <probs for GDERKNQSTAVLIFYWHMCP>
#	G	D	E	R	K	N	Q	S	T	A	V	L	I	F	Y	W	H	M	C	P
0	0.00837	0.00604	0.00790	0.00744	0.00883	0.00558	0.00558	0.01116	0.01674	0.02371	0.75216	0.04417	0.05580	0.01209	0.00697	0.00186	0.00279	0.01069	0.00651	0.00558
1	0.01438	0.01395	0.02429	0.08201	0.66521	0.01405	0.06284	0.01801	0.01339	0.01903	0.01114	0.01479	0.00925	0.00529	0.00593	0.00178	0.00726	0.00538	0.00291	0.00911
2	0.00953	0.00681	0.00953	0.01089	0.01225	0.00681	0.00953	0.01225	0.01361	0.01770	0.03131	0.06671	0.03403	0.01634	0.00817	0.00272	0.00545	0.71547	0.00545	0.00545
3	0.00713	0.00544	0.00656	0.00747	0.00838	0.00487	0.00515	0.00832	0.01206	0.01540	0.04194	0.53797	0.28341	0.01731	0.00736	0.00226	0.00328	0.01533	0.00549	0.00487
4	0.01365	0.01631	0.07949	0.08530	0.08905	0.01466	0.57375	0.01856	0.01365	0.01865	0.01169	0.01561	0.00882	0.00512	0.00672	0.00197	0.00949	0.00654	0.00293	0.00802
5	0.01160	0.01135	0.02039	0.66135	0.03921	0.01342	0.12750	0.01570	0.01216	0.01570	0.01074	0.01580	0.00805	0.00577	0.00608	0.00197	0.00821	0.00552	0.00268	0.00679
6	0.00752	0.00601	0.00673	0.00655	0.00831	0.00522	0.00491	0.00952	0.01474	0.01896	0.32705	0.05200	0.48387	0.01386	0.00698	0.00194	0.00292	0.01179	0.00588	0.00522

[dist]
# distance from previous block
# <min> <max>
0	1

[block]
# block no. 1 follows, 39 sequences, length 7
# corresponding to MSA columns:
# 219-225
name=unknown_B
#
# <colnr> <probs for GDERKNQSTAVLIFYWHMCP>
#	G	D	E	R	K	N	Q	S	T	A	V	L	I	F	Y	W	H	M	C	P
0	0.01465	0.06243	0.20322	0.03993	0.08857	0.01353	0.23890	0.01932	0.03330	0.11372	0.01462	0.06113	0.01182	0.00682	0.00666	0.00194	0.03413	0.02341	0.00366	0.00823
1	0.01140	0.01059	0.01483	0.01314	0.01340	0.01424	0.01064	0.01277	0.00912	0.01383	0.01084	0.01805	0.01087	0.09716	0.20447	0.00460	0.51554	0.00580	0.00283	0.00589
2	0.02209	0.02819	0.01676	0.01524	0.01828	0.76843	0.01143	0.02361	0.01676	0.01447	0.00914	0.01066	0.00762	0.00609	0.00533	0.00152	0.01066	0.00381	0.00305	0.00686
3	0.04894	0.01229	0.01611	0.05944	0.12966	0.01243	0.01107	0.16559	0.09212	0.36211	0.01850	0.01772	0.01262	0.00689	0.00586	0.00183	0.00574	0.00566	0.00585	0.00956
4	0.09237	0.01155	0.01694	0.26710	0.12908	0.01268	0.05453	0.07295	0.08083	0.09940	0.01556	0.06292	0.01280	0.00735	0.00596	0.00196	0.00650	0.03759	0.00414	0.00777
5	0.01115	0.01130	0.02232	0.14514	0.02482	0.01114	0.36153	0.01459	0.01269	0.01697	0.01887	0.28341	0.01923	0.00983	0.00700	0.00213	0.00736	0.01010	0.00380	0.00664
6	0.09046	0.07095	0.01336	0.00877	0.01386	0.00959	0.00719	0.01534	0.01204	0.01955	0.01012	0.01180	0.00845	0.00454	0.00427	0.00100	0.00455	0.00345	0.00344	0.68730

[dist]
# distance from previous block
# <min> <max>
0	1

[block]
# block no. 2 follows, 39 sequences, length 18
# corresponding to MSA columns:
# 227-244
name=unknown_C
#
# <colnr> <probs for GDERKNQSTAVLIFYWHMCP>
#	G	D	E	R	K	N	Q	S	T	A	V	L	I	F	Y	W	H	M	C	P
0	0.01290	0.05079	0.07744	0.03751	0.01686	0.00965	0.06846	0.01596	0.01278	0.06489	0.03893	0.06921	0.01275	0.00608	0.00513	0.00131	0.00534	0.00525	0.00378	0.48498
1	0.11571	0.02209	0.41302	0.01704	0.06265	0.01345	0.11408	0.01800	0.01219	0.03509	0.01094	0.01347	0.00826	0.00782	0.04744	0.00229	0.04656	0.00478	0.00291	0.03222
2	0.01406	0.01796	0.12715	0.02245	0.04764	0.05564	0.52241	0.04029	0.01419	0.01904	0.01272	0.05433	0.01028	0.00589	0.00668	0.00196	0.00933	0.00687	0.00314	0.00795
3	0.01369	0.01357	0.02301	0.27039	0.42370	0.03707	0.09792	0.01744	0.01310	0.01779	0.01096	0.01502	0.00880	0.00547	0.00598	0.00184	0.00774	0.00541	0.00284	0.00824
4	0.00725	0.00600	0.00635	0.00626	0.00815	0.00510	0.00470	0.00899	0.01409	0.01744	0.19058	0.05451	0.62130	0.01443	0.00699	0.00197	0.00296	0.01214	0.00568	0.00510
5	0.05410	0.01200	0.01939	0.36536	0.05185	0.01340	0.14569	0.04430	0.12526	0.05937	0.01359	0.01669	0.01015	0.00667	0.00663	0.03141	0.00728	0.00573	0.00364	0.00750
6	0.00889	0.00681	0.00824	0.00775	0.00946	0.00655	0.00585	0.01310	0.10081	0.02262	0.55917	0.04360	0.16054	0.01207	0.00687	0.00190	0.00304	0.01051	0.00629	0.00593
7	0.02248	0.01656	0.01775	0.01361	0.01834	0.01834	0.01124	0.73556	0.02780	0.03727	0.01420	0.01420	0.01006	0.00710	0.00592	0.00177	0.00651	0.00532	0.00592	0.01006
8	0.00837	0.00604	0.00790	0.00744	0.00883	0.00558	0.00558	0.01116	0.01674	0.02371	0.75216	0.04417	0.05580	0.01209	0.00697	0.00186	0.00279	0.01069	0.00651	0.00558
9	0.01186	0.03059	0.76153	0.01686	0.02560	0.01373	0.02185	0.01873	0.01249	0.01873	0.01061	0.01249	0.00749	0.00562	0.00562	0.00187	0.00874	0.00437	0.00250	0.00874
10	0.00781	0.00602	0.00713	0.00685	0.00849	0.00534	0.00514	0.01008	0.01542	0.02058	0.47140	0.04934	0.33852	0.01326	0.00698	0.00192	0.00287	0.01142	0.00610	0.00534
11	0.01186	0.03059	0.76153	0.01686	0.02560	0.01373	0.02185	0.01873	0.01249	0.01873	0.01061	0.01249	0.00749	0.00562	0.00562	0.00187	0.00874	0.00437	0.00250	0.00874
12	0.01464	0.01405	0.02400	0.03630	0.75528	0.01405	0.01815	0.01815	0.01347	0.01932	0.01112	0.01464	0.00937	0.00527	0.00585	0.00176	0.00703	0.00527	0.00293	0.00937
13	0.01293	0.01198	0.04426	0.01002	0.01489	0.01005	0.00830	0.01970	0.21808	0.02078	0.01433	0.01503	0.01132	0.00546	0.00489	0.00124	0.00465	0.00443	0.00417	0.56350
14	0.01136	0.01089	0.01894	0.72519	0.04004	0.01327	0.06669	0.01538	0.01197	0.01538	0.01061	0.01578	0.00796	0.00585	0.00599	0.00197	0.00803	0.00538	0.00265	0.00667
15	0.01203	0.02864	0.68237	0.01744	0.06324	0.01343	0.02085	0.01849	0.01252	0.01879	0.01063	0.01259	0.00766	0.00553	0.00556	0.00181	0.00841	0.00437	0.00257	0.05304
16	0.01195	0.02627	0.60030	0.01511	0.02310	0.01248	0.01866	0.01790	0.01244	0.01884	0.01059	0.01244	0.00776	0.00535	0.00535	0.00166	0.00780	0.00418	0.00271	0.18509
17	0.00720	0.00519	0.00682	0.00813	0.00855	0.00481	0.00544	0.00825	0.01142	0.01514	0.03386	0.75431	0.07229	0.01836	0.00752	0.00238	0.00341	0.01661	0.00549	0.00481

[dist]
# distance from previous block
# <min> <max>
0	1

[block]
# block no. 3 follows, 39 sequences, length 33
# corresponding to MSA columns:
# 246-278
name=unknown_D
#
# <colnr> <probs for GDERKNQSTAVLIFYWHMCP>
#	G	D	E	R	K	N	Q	S	T	A	V	L	I	F	Y	W	H	M	C	P
0	0.01379	0.01715	0.09418	0.02427	0.03047	0.01486	0.67572	0.01893	0.01384	0.01893	0.01185	0.01567	0.00885	0.00504	0.00687	0.00198	0.00987	0.00677	0.00295	0.00804
1	0.00721	0.00515	0.00686	0.00823	0.00858	0.00480	0.00549	0.00823	0.01132	0.01510	0.03259	0.78831	0.03911	0.01853	0.00755	0.00240	0.00343	0.01681	0.00549	0.00480
2	0.00847	0.00568	0.00649	0.00662	0.00666	0.00564	0.00377	0.00856	0.00886	0.01182	0.01998	0.11105	0.02320	0.71749	0.02792	0.00541	0.00551	0.00939	0.00377	0.00370
3	0.52022	0.01118	0.01019	0.00843	0.01244	0.01176	0.00688	0.05932	0.01218	0.08244	0.01071	0.01179	0.00813	0.00556	0.00414	0.00161	0.00460	0.00370	0.04069	0.17402
4	0.00936	0.00758	0.01144	0.01071	0.01176	0.00897	0.04021	0.01137	0.00983	0.01435	0.01577	0.06860	0.01527	0.06217	0.52483	0.00730	0.12322	0.00689	0.03487	0.00549
5	0.83394	0.01144	0.00869	0.00778	0.01144	0.01327	0.00640	0.01738	0.01006	0.02653	0.00823	0.00961	0.00640	0.00549	0.00366	0.00183	0.00457	0.00320	0.00366	0.00640
6	0.01533	0.70259	0.11991	0.01094	0.01645	0.02222	0.01155	0.01783	0.01207	0.01450	0.00851	0.00985	0.00758	0.00513	0.00402	0.00134	0.00662	0.00331	0.00253	0.00773
7	0.00851	0.00620	0.00804	0.00775	0.00912	0.00584	0.00580	0.01159	0.03914	0.02286	0.64896	0.10594	0.05261	0.01262	0.00703	0.00193	0.00298	0.03109	0.00638	0.00563
8	0.00837	0.00604	0.00790	0.00744	0.00883	0.00558	0.00558	0.01116	0.01674	0.02371	0.75216	0.04417	0.05580	0.01209	0.00697	0.00186	0.00279	0.01069	0.00651	0.00558
9	0.00860	0.00573	0.00645	0.00645	0.00645	0.00573	0.00358	0.00860	0.00860	0.01147	0.01863	0.03870	0.02150	0.79217	0.03010	0.00573	0.00573	0.00860	0.00358	0.00358
10	0.00824	0.00604	0.00772	0.00730	0.00876	0.00552	0.00548	0.01091	0.01643	0.02298	0.68685	0.04538	0.12157	0.01236	0.00698	0.00187	0.00281	0.01086	0.00641	0.00552
11	0.02248	0.01656	0.01775	0.01361	0.01834	0.01834	0.01124	0.73556	0.02780	0.03727	0.01420	0.01420	0.01006	0.00710	0.00592	0.00177	0.00651	0.00532	0.00592	0.01006
12	0.01464	0.01405	0.02400	0.03630	0.75528	0.01405	0.01815	0.01815	0.01347	0.01932	0.01112	0.01464	0.00937	0.00527	0.00585	0.00176	0.00703	0.00527	0.00293	0.00937
13	0.01581	0.79572	0.03099	0.01012	0.01518	0.02340	0.01012	0.01771	0.01202	0.01391	0.00822	0.00949	0.00759	0.00506	0.00379	0.00126	0.00632	0.00316	0.00253	0.00759
14	0.00833	0.00601	0.00787	0.00747	0.00883	0.00555	0.00558	0.01105	0.01654	0.02340	0.72588	0.07135	0.05519	0.01233	0.00700	0.00188	0.00281	0.01092	0.00647	0.00555
15	0.02653	0.01006	0.01372	0.01052	0.01510	0.00869	0.00869	0.02882	0.01693	0.75937	0.02333	0.02013	0.01464	0.00732	0.00595	0.00183	0.00503	0.00595	0.00732	0.01006
16	0.01318	0.01263	0.02187	0.28878	0.43295	0.01347	0.06080	0.01689	0.01294	0.01778	0.01187	0.01743	0.00994	0.00597	0.00605	0.00189	0.00743	0.03706	0.00294	0.00815
17	0.01310	0.07702	0.01915	0.04636	0.01653	0.01834	0.01285	0.01455	0.00941	0.01424	0.00791	0.01277	0.00775	0.00973	0.01757	0.00245	0.68607	0.00501	0.00258	0.00657
18	0.00800	0.00553	0.00688	0.00764	0.00791	0.00537	0.00495	0.00870	0.01029	0.01368	0.02632	0.40215	0.03093	0.36090	0.01758	0.00390	0.00460	0.06571	0.00464	0.00431
19	0.83394	0.01144	0.00869	0.00778	0.01144	0.01327	0.00640	0.01738	0.01006	0.02653	0.00823	0.00961	0.00640	0.00549	0.00366	0.00183	0.00457	0.00320	0.00366	0.00640
20	0.00860	0.00575	0.00655	0.00655	0.00658	0.00578	0.00370	0.00866	0.00863	0.01154	0.01855	0.03822	0.02129	0.76889	0.05309	0.00585	0.00605	0.00853	0.00357	0.00364
21	0.03183	0.09303	0.04491	0.23617	0.02755	0.01506	0.24129	0.08673	0.01371	0.01851	0.01175	0.04625	0.00971	0.00693	0.00757	0.02798	0.06454	0.00599	0.00319	0.00731
22	0.02248	0.01656	0.01775	0.01361	0.01834	0.01834	0.01124	0.73556	0.02780	0.03727	0.01420	0.01420	0.01006	0.00710	0.00592	0.00177	0.00651	0.00532	0.00592	0.01006
23	0.02571	0.01047	0.01391	0.01063	0.01525	0.00924	0.00878	0.07059	0.01739	0.68599	0.02226	0.01945	0.01413	0.00719	0.00588	0.00179	0.00509	0.00581	0.00708	0.04336
24	0.14943	0.01464	0.15554	0.01339	0.06139	0.02539	0.06648	0.01954	0.01406	0.20210	0.12639	0.01905	0.01677	0.00682	0.00558	0.00175	0.00586	0.00569	0.00465	0.08547
25	0.01484	0.04391	0.57014	0.01529	0.02292	0.01306	0.01854	0.02117	0.04598	0.15837	0.01355	0.01428	0.00931	0.00603	0.00566	0.00186	0.00780	0.00474	0.00356	0.00899
26	0.02564	0.01026	0.01370	0.01064	0.01512	0.00914	0.00874	0.02902	0.07165	0.70413	0.02339	0.02027	0.01490	0.00737	0.00595	0.00184	0.00501	0.00600	0.00722	0.01001
27	0.00730	0.00522	0.00695	0.00817	0.00860	0.00487	0.00550	0.00848	0.01179	0.01583	0.09411	0.72469	0.04054	0.01798	0.00750	0.00236	0.00338	0.01629	0.00558	0.00487
28	0.01186	0.01200	0.04787	0.51342	0.19546	0.01299	0.04576	0.01571	0.01227	0.01633	0.01189	0.05660	0.00991	0.00639	0.00602	0.00194	0.00758	0.00591	0.00286	0.00723
29	0.83394	0.01144	0.00869	0.00778	0.01144	0.01327	0.00640	0.01738	0.01006	0.02653	0.00823	0.00961	0.00640	0.00549	0.00366	0.00183	0.00457	0.00320	0.00366	0.00640
30	0.00729	0.00518	0.00684	0.00813	0.00845	0.00486	0.00537	0.00826	0.01116	0.01488	0.03174	0.74261	0.03804	0.06569	0.00892	0.00260	0.00357	0.01631	0.00537	0.00473
31	0.00956	0.00735	0.01078	0.08215	0.01388	0.00860	0.00848	0.05518	0.01084	0.01529	0.01524	0.02198	0.01385	0.03846	0.65036	0.00832	0.01452	0.00617	0.00328	0.00569
32	0.46920	0.01315	0.01226	0.00997	0.01414	0.01456	0.00821	0.27075	0.01664	0.04675	0.01085	0.01166	0.00805	0.00602	0.00456	0.00174	0.00525	0.00404	0.00453	0.06766

[dist]
# distance from previous block
# <min> <max>
0	35

[block]
# block no. 4 follows, 39 sequences, length 22
# corresponding to MSA columns:
# 314-335
name=unknown_E
#
# <colnr> <probs for GDERKNQSTAVLIFYWHMCP>
#	G	D	E	R	K	N	Q	S	T	A	V	L	I	F	Y	W	H	M	C	P
0	0.01301	0.01083	0.01730	0.46857	0.06330	0.01254	0.05629	0.04144	0.05460	0.06656	0.01417	0.02000	0.01125	0.00694	0.00637	0.00198	0.02638	0.05302	0.04829	0.00715
1	0.00799	0.00581	0.00753	0.00757	0.00872	0.00534	0.00550	0.01025	0.01514	0.02104	0.52612	0.23960	0.08943	0.01393	0.00713	0.00201	0.00297	0.01239	0.00619	0.00534
2	0.00837	0.00604	0.00790	0.00744	0.00883	0.00558	0.00558	0.01116	0.01674	0.02371	0.75216	0.04417	0.05580	0.01209	0.00697	0.00186	0.00279	0.01069	0.00651	0.00558
3	0.01581	0.79572	0.03099	0.01012	0.01518	0.02340	0.01012	0.01771	0.01202	0.01391	0.00822	0.00949	0.00759	0.00506	0.00379	0.00126	0.00632	0.00316	0.00253	0.00759
4	0.01471	0.01270	0.01337	0.01203	0.01538	0.01471	0.00936	0.03142	0.74459	0.02474	0.02407	0.02206	0.01805	0.00802	0.00602	0.00201	0.00468	0.00669	0.00602	0.00936
5	0.00721	0.00515	0.00686	0.00823	0.00858	0.00480	0.00549	0.00823	0.01132	0.01510	0.03259	0.78831	0.03911	0.01853	0.00755	0.00240	0.00343	0.01681	0.00549	0.00480
6	0.83394	0.01144	0.00869	0.00778	0.01144	0.01327	0.00640	0.01738	0.01006	0.02653	0.00823	0.00961	0.00640	0.00549	0.00366	0.00183	0.00457	0.00320	0.00366	0.00640
7	0.02653	0.01006	0.01372	0.01052	0.01510	0.00869	0.00869	0.02882	0.01693	0.75937	0.02333	0.02013	0.01464	0.00732	0.00595	0.00183	0.00503	0.00595	0.00732	0.01006
8	0.83394	0.01144	0.00869	0.00778	0.01144	0.01327	0.00640	0.01738	0.01006	0.02653	0.00823	0.00961	0.00640	0.00549	0.00366	0.00183	0.00457	0.00320	0.00366	0.00640
9	0.01581	0.79572	0.03099	0.01012	0.01518	0.02340	0.01012	0.01771	0.01202	0.01391	0.00822	0.00949	0.00759	0.00506	0.00379	0.00126	0.00632	0.00316	0.00253	0.00759
10	0.01471	0.01270	0.01337	0.01203	0.01538	0.01471	0.00936	0.03142	0.74459	0.02474	0.02407	0.02206	0.01805	0.00802	0.00602	0.00201	0.00468	0.00669	0.00602	0.00936
11	0.00860	0.00573	0.00645	0.00645	0.00645	0.00573	0.00358	0.00860	0.00860	0.01147	0.01863	0.03870	0.02150	0.79217	0.03010	0.00573	0.00573	0.00860	0.00358	0.00358
12	0.02209	0.02819	0.01676	0.01524	0.01828	0.76843	0.01143	0.02361	0.01676	0.01447	0.00914	0.01066	0.00762	0.00609	0.00533	0.00152	0.01066	0.00381	0.00305	0.00686
13	0.02630	0.01043	0.01395	0.01070	0.01528	0.00924	0.00884	0.06895	0.01754	0.71837	0.02281	0.01979	0.01438	0.00731	0.00595	0.00183	0.00512	0.00591	0.00724	0.01006
14	0.07772	0.01471	0.01621	0.01250	0.01713	0.01576	0.01033	0.52353	0.02409	0.20408	0.01592	0.01527	0.01088	0.00704	0.00577	0.00179	0.00604	0.00533	0.00609	0.00981
15	0.00833	0.00603	0.00779	0.00736	0.00873	0.00557	0.00548	0.01099	0.01636	0.02305	0.70495	0.04442	0.07774	0.03801	0.00774	0.00199	0.00289	0.01068	0.00638	0.00549
16	0.00701	0.00590	0.00608	0.00623	0.00805	0.00497	0.00460	0.00846	0.01325	0.01588	0.05704	0.13362	0.67802	0.01535	0.00705	0.00204	0.00304	0.01294	0.00549	0.00497
17	0.00880	0.00630	0.00781	0.00770	0.00790	0.00682	0.00499	0.00932	0.00892	0.01223	0.01801	0.06710	0.02013	0.56886	0.16368	0.00607	0.05939	0.00832	0.00352	0.00414
18	0.02101	0.01480	0.01609	0.01271	0.01705	0.01624	0.01038	0.50778	0.16038	0.10548	0.01713	0.01654	0.01219	0.00729	0.00587	0.00181	0.00588	0.00565	0.03596	0.00976
19	0.00721	0.00515	0.00686	0.00823	0.00858	0.00480	0.00549	0.00823	0.01132	0.01510	0.03259	0.78831	0.03911	0.01853	0.00755	0.00240	0.00343	0.01681	0.00549	0.00480
20	0.02264	0.01630	0.01758	0.01348	0.01821	0.01795	0.01114	0.70694	0.02736	0.06651	0.01457	0.01444	0.01024	0.00711	0.00592	0.00178	0.00645	0.00535	0.00597	0.01006
21	0.01494	0.01689	0.02820	0.10192	0.11063	0.13038	0.42919	0.01892	0.01384	0.01765	0.01106	0.01481	0.00863	0.00558	0.00717	0.00193	0.05158	0.00602	0.00293	0.00773

[dist]
# distance from previous block
# <min> <max>
0	93

# created by:
# /software/SequenceAnalysis/GenePrediction/augustus/3.0.1/scripts/msa2prfl.pl ./fixed/BUSCOvEOG7TF20H.fas
