[name]
unknown

[dist]
# distance from previous block
# <min> <max>
0	81

[block]
# block no. 0 follows, 37 sequences, length 17
# corresponding to MSA columns:
# 90-106
name=unknown_A
#
# <colnr> <probs for GDERKNQSTAVLIFYWHMCP>
#	G	D	E	R	K	N	Q	S	T	A	V	L	I	F	Y	W	H	M	C	P
0	0.01108	0.11748	0.01245	0.01008	0.01208	0.00942	0.00869	0.03528	0.01435	0.01934	0.10048	0.09987	0.03113	0.01360	0.00712	0.00231	0.00507	0.38980	0.09429	0.00607
1	0.02252	0.07280	0.01829	0.01532	0.01874	0.65763	0.01173	0.08037	0.01798	0.01684	0.00983	0.01126	0.00809	0.00633	0.00547	0.00158	0.01043	0.00403	0.00336	0.00741
2	0.01295	0.02697	0.53127	0.02003	0.02819	0.01461	0.23980	0.01945	0.01340	0.01945	0.01142	0.01403	0.00823	0.00561	0.00625	0.00198	0.00944	0.00536	0.00274	0.00880
3	0.01637	0.78856	0.03208	0.01047	0.01571	0.02422	0.01047	0.01833	0.01244	0.01440	0.00851	0.00982	0.00786	0.00524	0.00393	0.00131	0.00655	0.00327	0.00262	0.00786
4	0.01523	0.01315	0.01384	0.01246	0.01592	0.01523	0.00969	0.03253	0.73563	0.02561	0.02491	0.02284	0.01869	0.00830	0.00623	0.00208	0.00484	0.00692	0.00623	0.00969
5	0.00853	0.00616	0.00806	0.00779	0.00912	0.00569	0.00577	0.01122	0.01671	0.02357	0.66583	0.12614	0.05587	0.01324	0.00728	0.00199	0.00296	0.01176	0.00662	0.00569
6	0.01272	0.11445	0.67429	0.01668	0.02531	0.01531	0.02129	0.01927	0.01287	0.01884	0.01071	0.01258	0.00777	0.00575	0.00561	0.00187	0.00877	0.00439	0.00259	0.00892
7	0.01253	0.01254	0.02325	0.53378	0.08745	0.01414	0.19451	0.01685	0.01291	0.01693	0.01130	0.01629	0.00855	0.00583	0.00639	0.00203	0.00864	0.00589	0.00284	0.00736
8	0.00723	0.00620	0.00620	0.00620	0.00827	0.00517	0.00465	0.00878	0.01395	0.01654	0.06201	0.05891	0.74421	0.01550	0.00723	0.00207	0.00310	0.01292	0.00568	0.00517
9	0.00849	0.00613	0.00803	0.00782	0.00911	0.00566	0.00576	0.01112	0.01653	0.02329	0.64314	0.14964	0.05532	0.01346	0.00730	0.00200	0.00298	0.01197	0.00659	0.00566
10	0.01266	0.01211	0.02100	0.44113	0.26266	0.01352	0.06657	0.01650	0.01290	0.01730	0.01253	0.06085	0.01062	0.00661	0.00628	0.00200	0.00776	0.00627	0.00302	0.00771
11	0.01141	0.00571	0.00571	0.00571	0.00713	0.00571	0.00428	0.01426	0.01284	0.02282	0.01997	0.02282	0.01569	0.00713	0.00428	0.00143	0.00285	0.00571	0.81886	0.00571
12	0.00723	0.00620	0.00620	0.00620	0.00827	0.00517	0.00465	0.00878	0.01395	0.01654	0.06201	0.05891	0.74421	0.01550	0.00723	0.00207	0.00310	0.01292	0.00568	0.00517
13	0.00723	0.00620	0.00620	0.00620	0.00827	0.00517	0.00465	0.00878	0.01395	0.01654	0.06201	0.05891	0.74421	0.01550	0.00723	0.00207	0.00310	0.01292	0.00568	0.00517
14	0.01390	0.02031	0.21591	0.02371	0.03061	0.01516	0.54848	0.01955	0.01407	0.01955	0.01203	0.01561	0.00890	0.00532	0.00687	0.00203	0.01000	0.00655	0.00297	0.00845
15	0.02287	0.02917	0.01735	0.01577	0.01892	0.76030	0.01183	0.02444	0.01735	0.01498	0.00946	0.01104	0.00788	0.00631	0.00552	0.00158	0.01104	0.00394	0.00315	0.00710
16	0.01228	0.03166	0.75316	0.01745	0.02649	0.01422	0.02262	0.01939	0.01292	0.01939	0.01099	0.01292	0.00775	0.00582	0.00582	0.00194	0.00905	0.00452	0.00258	0.00905

[dist]
# distance from previous block
# <min> <max>
3	259

# created by:
# /software/SequenceAnalysis/GenePrediction/augustus/3.0.1/scripts/msa2prfl.pl ./fixed/BUSCOvEOG7QFXTS.fas
