[name]
unknown

[dist]
# distance from previous block
# <min> <max>
0	701

[block]
# block no. 0 follows, 41 sequences, length 20
# corresponding to MSA columns:
# 719-738
name=unknown_A
#
# <colnr> <probs for GDERKNQSTAVLIFYWHMCP>
#	G	D	E	R	K	N	Q	S	T	A	V	L	I	F	Y	W	H	M	C	P
0	0.01355	0.01472	0.03011	0.10191	0.02939	0.01434	0.58654	0.01767	0.01344	0.01820	0.01408	0.01807	0.04437	0.00612	0.00756	0.00209	0.04997	0.00694	0.00320	0.00772
1	0.01685	0.35256	0.15971	0.01138	0.01656	0.01630	0.01145	0.02189	0.12830	0.19103	0.01418	0.01403	0.01050	0.00596	0.00482	0.00157	0.00602	0.00444	0.00405	0.00838
2	0.01045	0.02388	0.59196	0.01438	0.02095	0.01129	0.01746	0.01577	0.01183	0.01732	0.01522	0.19399	0.01437	0.00835	0.00588	0.00193	0.00727	0.00703	0.00310	0.00758
3	0.01379	0.02906	0.59418	0.01595	0.02313	0.19043	0.01880	0.01923	0.01305	0.01718	0.00996	0.01170	0.00730	0.00556	0.00538	0.00174	0.00889	0.00411	0.00255	0.00804
4	0.01213	0.10056	0.62234	0.01765	0.10031	0.01421	0.01970	0.01798	0.01215	0.01776	0.01012	0.01205	0.00746	0.00536	0.00530	0.00175	0.00807	0.00421	0.00247	0.00842
5	0.01390	0.01526	0.10050	0.03317	0.68656	0.01357	0.01793	0.01763	0.01294	0.01865	0.01073	0.01397	0.00889	0.00515	0.00565	0.00171	0.00697	0.00501	0.00280	0.00901
6	0.01665	0.58681	0.05830	0.01086	0.01583	0.02111	0.01053	0.18604	0.01520	0.01892	0.00942	0.01039	0.00791	0.00539	0.00423	0.00137	0.00626	0.00360	0.00321	0.00795
7	0.01279	0.49702	0.13931	0.01039	0.01478	0.01701	0.01052	0.01517	0.01155	0.01447	0.01381	0.19221	0.01443	0.00802	0.00480	0.00157	0.00584	0.00631	0.00311	0.00690
8	0.39978	0.12273	0.13166	0.00885	0.01298	0.01242	0.00865	0.01508	0.01115	0.02041	0.01996	0.02038	0.18183	0.00742	0.00462	0.00174	0.00495	0.00536	0.00363	0.00641
9	0.01301	0.20564	0.42383	0.01917	0.19394	0.01554	0.01767	0.01777	0.01220	0.01718	0.00986	0.01192	0.00771	0.00525	0.00509	0.00165	0.00753	0.00416	0.00253	0.00835
10	0.02402	0.01077	0.01376	0.01062	0.01492	0.01008	0.00874	0.16611	0.01842	0.58705	0.05852	0.01957	0.01535	0.00729	0.00581	0.00177	0.00504	0.00588	0.00678	0.00952
11	0.01340	0.01281	0.02182	0.20932	0.59493	0.01340	0.01717	0.01689	0.01267	0.01776	0.01064	0.01444	0.00875	0.00526	0.00569	0.00175	0.00699	0.00510	0.00277	0.00844
12	0.01442	0.13659	0.48903	0.01466	0.02170	0.01566	0.01714	0.18662	0.01547	0.02164	0.01076	0.01208	0.00786	0.00570	0.00526	0.00171	0.00763	0.00428	0.00320	0.00860
13	0.00718	0.00583	0.00636	0.00623	0.00799	0.00501	0.00467	0.00900	0.01399	0.01770	0.26705	0.05139	0.55024	0.01367	0.00677	0.00190	0.00285	0.01156	0.00561	0.00501
14	0.01736	0.01257	0.01388	0.01158	0.01496	0.01369	0.00918	0.42565	0.13535	0.06652	0.01982	0.19673	0.01770	0.00960	0.00611	0.00190	0.00526	0.00797	0.00572	0.00845
15	0.01094	0.00942	0.00978	0.00906	0.01172	0.01007	0.00698	0.02057	0.42474	0.02019	0.03866	0.03631	0.34704	0.01076	0.00625	0.00194	0.00381	0.00896	0.00560	0.00719
16	0.01318	0.01095	0.01459	0.01477	0.18775	0.00907	0.00938	0.01589	0.01239	0.06003	0.01101	0.01285	0.00894	0.00461	0.00466	0.00110	0.00487	0.00392	0.00347	0.59656
17	0.01425	0.01230	0.01295	0.01165	0.01489	0.01424	0.00906	0.03040	0.75272	0.02395	0.02330	0.02137	0.01748	0.00777	0.00583	0.00194	0.00453	0.00647	0.00583	0.00906
18	0.01211	0.01086	0.01470	0.01278	0.01309	0.01470	0.01054	0.01368	0.00953	0.01554	0.01012	0.01459	0.00919	0.00925	0.01535	0.00223	0.60574	0.00509	0.19486	0.00605
19	0.00996	0.00499	0.00747	0.00747	0.00747	0.00498	0.00498	0.00747	0.00747	0.00996	0.00996	0.01742	0.00996	0.01988	0.02236	0.83329	0.00498	0.00497	0.00249	0.00250

[dist]
# distance from previous block
# <min> <max>
0	3

[block]
# block no. 1 follows, 41 sequences, length 6
# corresponding to MSA columns:
# 742-747
name=unknown_B
#
# <colnr> <probs for GDERKNQSTAVLIFYWHMCP>
#	G	D	E	R	K	N	Q	S	T	A	V	L	I	F	Y	W	H	M	C	P
0	0.01529	0.80242	0.02997	0.00979	0.01468	0.02263	0.00979	0.01713	0.01162	0.01346	0.00795	0.00918	0.00734	0.00489	0.00367	0.00122	0.00612	0.00306	0.00245	0.00734
1	0.01069	0.00865	0.01001	0.00774	0.01115	0.00694	0.00569	0.01240	0.01069	0.01615	0.01275	0.02028	0.01253	0.26584	0.01242	0.00239	0.00467	0.00501	0.00341	0.56058
2	0.01665	0.01439	0.02123	0.02788	0.51789	0.01496	0.01535	0.25675	0.01759	0.02440	0.01174	0.01402	0.00928	0.00568	0.00568	0.00170	0.00663	0.00511	0.00378	0.00928
3	0.01341	0.01005	0.01130	0.00995	0.01272	0.01081	0.00776	0.09211	0.35300	0.07764	0.26650	0.02906	0.06277	0.00923	0.00615	0.00186	0.00405	0.00782	0.00603	0.00777
4	0.01122	0.26855	0.01605	0.01029	0.01278	0.01187	0.00940	0.01359	0.01266	0.01591	0.02293	0.04630	0.02450	0.01221	0.00651	0.00217	0.00555	0.48723	0.00434	0.00595
5	0.01391	0.01429	0.02725	0.03090	0.48276	0.01392	0.29487	0.01785	0.01321	0.01855	0.01107	0.01464	0.00891	0.00499	0.00608	0.00179	0.00788	0.00573	0.00285	0.00855

[dist]
# distance from previous block
# <min> <max>
62	523

# created by:
# /software/SequenceAnalysis/GenePrediction/augustus/3.0.1/scripts/msa2prfl.pl ./fixed/BUSCOvEOG7FBK6C.fas
