[name]
unknown

[dist]
# distance from previous block
# <min> <max>
0	407

[block]
# block no. 0 follows, 41 sequences, length 69
# corresponding to MSA columns:
# 502-570
name=unknown_A
#
# <colnr> <probs for GDERKNQSTAVLIFYWHMCP>
#	G	D	E	R	K	N	Q	S	T	A	V	L	I	F	Y	W	H	M	C	P
0	0.01262	0.01141	0.01822	0.76423	0.03993	0.01362	0.01640	0.01584	0.01256	0.01632	0.01196	0.01765	0.00935	0.00691	0.00648	0.00223	0.00816	0.00565	0.00317	0.00728
1	0.01997	0.01214	0.01331	0.01118	0.01494	0.06381	0.00889	0.02872	0.36396	0.36481	0.02196	0.01972	0.01525	0.00732	0.00574	0.00183	0.00508	0.00595	0.00620	0.00920
2	0.01517	0.00741	0.00991	0.00840	0.01098	0.00661	0.00661	0.01767	0.01626	0.32271	0.46317	0.03336	0.03794	0.00984	0.00635	0.00179	0.00357	0.00849	0.00661	0.00714
3	0.00922	0.00658	0.00922	0.01053	0.01185	0.00658	0.00922	0.01185	0.01317	0.01712	0.03029	0.06452	0.03292	0.01580	0.00790	0.00263	0.00527	0.72480	0.00527	0.00527
4	0.01932	0.02296	0.01527	0.01385	0.01688	0.55723	0.01048	0.02501	0.22781	0.01685	0.01299	0.01348	0.01027	0.00643	0.00535	0.00161	0.00865	0.00448	0.00377	0.00733
5	0.01627	0.01330	0.01409	0.01205	0.01565	0.01518	0.00955	0.22485	0.55518	0.02723	0.02068	0.01927	0.01535	0.00752	0.00579	0.00188	0.00501	0.00611	0.00579	0.00924
6	0.00676	0.00579	0.00579	0.00579	0.00773	0.00483	0.00435	0.00821	0.01304	0.01545	0.05794	0.05505	0.76098	0.01449	0.00676	0.00193	0.00290	0.01207	0.00531	0.00483
7	0.01309	0.01456	0.03058	0.12223	0.03019	0.01443	0.60248	0.01756	0.01294	0.01756	0.01113	0.01522	0.00847	0.00526	0.00737	0.00196	0.05827	0.00642	0.00282	0.00745
8	0.01295	0.06822	0.03028	0.02128	0.02639	0.01392	0.60100	0.01719	0.01319	0.01768	0.01372	0.06716	0.01191	0.00632	0.00664	0.00195	0.00874	0.05094	0.00316	0.00735
9	0.00697	0.00498	0.00664	0.00796	0.00830	0.00465	0.00531	0.00796	0.01095	0.01460	0.03153	0.79525	0.03783	0.01792	0.00730	0.00232	0.00332	0.01626	0.00531	0.00465
10	0.01021	0.00834	0.01245	0.22306	0.07075	0.00912	0.01129	0.01407	0.05936	0.01743	0.08048	0.04322	0.02508	0.01149	0.00693	0.00226	0.00577	0.37813	0.00447	0.00607
11	0.23522	0.00779	0.00883	0.00919	0.01115	0.00832	0.00774	0.01328	0.02745	0.01990	0.10084	0.04320	0.04190	0.01417	0.05916	0.00273	0.00539	0.37338	0.00477	0.00559
12	0.00975	0.22335	0.01304	0.00741	0.01025	0.01049	0.00625	0.01258	0.07506	0.01584	0.06151	0.03936	0.47282	0.01123	0.00584	0.00174	0.00391	0.00909	0.00460	0.00588
13	0.00697	0.00498	0.00664	0.00796	0.00830	0.00465	0.00531	0.00796	0.01095	0.01460	0.03153	0.79525	0.03783	0.01792	0.00730	0.00232	0.00332	0.01626	0.00531	0.00465
14	0.01930	0.02228	0.01532	0.01359	0.01684	0.51616	0.01036	0.07333	0.17238	0.01789	0.01231	0.01297	0.00973	0.00625	0.00528	0.00155	0.00845	0.00435	0.00377	0.05787
15	0.02185	0.01551	0.01681	0.01292	0.01746	0.01702	0.01066	0.67934	0.04227	0.08586	0.01455	0.01429	0.01020	0.00690	0.00573	0.00173	0.00616	0.00522	0.00582	0.00971
16	0.08965	0.01261	0.01357	0.01079	0.01496	0.10902	0.00877	0.08244	0.01665	0.55323	0.01893	0.01702	0.01230	0.00677	0.00550	0.00173	0.00565	0.00523	0.00616	0.00905
17	0.17904	0.01517	0.01531	0.01205	0.01635	0.03294	0.00991	0.56332	0.04903	0.03315	0.01285	0.01307	0.00927	0.00658	0.00529	0.00173	0.00596	0.00477	0.00525	0.00896
18	0.01529	0.80242	0.02997	0.00979	0.01468	0.02263	0.00979	0.01713	0.01162	0.01346	0.00795	0.00918	0.00734	0.00489	0.00367	0.00122	0.00612	0.00306	0.00245	0.00734
19	0.01390	0.01702	0.08232	0.02373	0.07841	0.06213	0.59813	0.01854	0.01354	0.01806	0.01126	0.01479	0.00852	0.00495	0.00649	0.00188	0.00941	0.00627	0.00286	0.00779
20	0.01186	0.01017	0.01186	0.00847	0.01356	0.00762	0.00678	0.01440	0.01186	0.01864	0.01017	0.01186	0.00847	0.00424	0.00424	0.00085	0.00424	0.00339	0.00339	0.83395
21	0.02174	0.01602	0.01717	0.01316	0.01774	0.01774	0.01087	0.74423	0.02689	0.03605	0.01373	0.01373	0.00973	0.00687	0.00572	0.00172	0.00629	0.00515	0.00572	0.00973
22	0.01485	0.19078	0.40627	0.01389	0.02032	0.06771	0.01567	0.07746	0.05896	0.06586	0.01152	0.01250	0.00853	0.00571	0.00511	0.00166	0.00745	0.00425	0.00322	0.00831
23	0.01908	0.02297	0.01564	0.01510	0.06357	0.56801	0.01083	0.02310	0.13738	0.01600	0.01354	0.01438	0.04287	0.00654	0.00537	0.00159	0.00881	0.00461	0.00352	0.00710
24	0.00697	0.00498	0.00664	0.00796	0.00830	0.00465	0.00531	0.00796	0.01095	0.01460	0.03153	0.79525	0.03783	0.01792	0.00730	0.00232	0.00332	0.01626	0.00531	0.00465
25	0.01079	0.00960	0.00848	0.00805	0.01021	0.12059	0.00605	0.01324	0.05895	0.06773	0.08826	0.10209	0.44983	0.01238	0.00644	0.00188	0.00426	0.01027	0.00517	0.00571
26	0.01860	0.01387	0.01545	0.06517	0.01783	0.01540	0.01034	0.47291	0.16453	0.05706	0.07513	0.01782	0.01476	0.00735	0.00582	0.00178	0.00571	0.00583	0.00562	0.00902
27	0.00817	0.00613	0.00919	0.00919	0.01021	0.00715	0.00715	0.01021	0.00919	0.01328	0.01532	0.02247	0.01430	0.04290	0.77631	0.00919	0.01532	0.00613	0.00306	0.00511
28	0.00831	0.00559	0.00647	0.00647	0.00656	0.00567	0.00376	0.00847	0.00839	0.01127	0.01781	0.03624	0.02028	0.73873	0.08866	0.00584	0.00632	0.00814	0.00343	0.00360
29	0.01880	0.02227	0.01823	0.02027	0.22061	0.49903	0.01292	0.03728	0.01508	0.01576	0.00938	0.01159	0.00789	0.00598	0.00624	0.00161	0.06257	0.00419	0.00295	0.00734
30	0.02057	0.02514	0.01622	0.01453	0.01737	0.66090	0.01105	0.07143	0.01633	0.01548	0.00922	0.01093	0.00768	0.00696	0.02145	0.00171	0.05920	0.00392	0.00311	0.00679
31	0.01066	0.00533	0.00533	0.00533	0.00666	0.00533	0.00400	0.01333	0.01200	0.02132	0.01866	0.02132	0.01466	0.00666	0.00400	0.00133	0.00267	0.00533	0.83073	0.00533
32	0.01423	0.01229	0.01293	0.01164	0.01487	0.01423	0.00905	0.03039	0.75297	0.02393	0.02328	0.02134	0.01746	0.00776	0.00582	0.00194	0.00453	0.00647	0.00582	0.00905
33	0.00802	0.00579	0.00758	0.00725	0.00853	0.00535	0.00539	0.01060	0.01583	0.02237	0.71037	0.09427	0.05286	0.01212	0.00678	0.00183	0.00274	0.01075	0.00623	0.00535
34	0.01971	0.23842	0.01996	0.01339	0.01687	0.57079	0.01071	0.02128	0.01496	0.01385	0.00860	0.01000	0.00736	0.00562	0.00475	0.00141	0.00917	0.00351	0.00281	0.00682
35	0.01186	0.01017	0.01186	0.00847	0.01356	0.00762	0.00678	0.01440	0.01186	0.01864	0.01017	0.01186	0.00847	0.00424	0.00424	0.00085	0.00424	0.00339	0.00339	0.83395
36	0.01426	0.01345	0.04560	0.02529	0.44438	0.01345	0.01451	0.07788	0.18062	0.02109	0.01548	0.02002	0.01300	0.00677	0.00589	0.00184	0.00617	0.06760	0.00393	0.00876
37	0.07825	0.06385	0.45680	0.01643	0.02320	0.01416	0.15734	0.01863	0.05854	0.01874	0.01094	0.01295	0.00809	0.00557	0.00590	0.00183	0.03320	0.00473	0.00282	0.00804
38	0.01894	0.19568	0.08022	0.01428	0.06440	0.13716	0.01189	0.36398	0.01973	0.02499	0.01120	0.01207	0.00858	0.00604	0.00515	0.00157	0.00709	0.00437	0.00410	0.00856
39	0.00710	0.00581	0.00627	0.00615	0.00794	0.00497	0.00461	0.00887	0.01384	0.01736	0.23738	0.05190	0.58035	0.01377	0.00676	0.00190	0.00285	0.01163	0.00556	0.00497
40	0.00934	0.00795	0.01218	0.01259	0.07202	0.00786	0.09828	0.01305	0.10900	0.01688	0.04986	0.51031	0.02977	0.01374	0.00689	0.00216	0.00452	0.01271	0.00491	0.00598
41	0.01440	0.01605	0.09368	0.03192	0.64200	0.06578	0.01745	0.01797	0.01315	0.01831	0.01058	0.01370	0.00877	0.00518	0.00561	0.00169	0.00719	0.00492	0.00280	0.00884
42	0.01080	0.01017	0.01716	0.78523	0.03940	0.01271	0.01589	0.01461	0.01144	0.01461	0.01017	0.01525	0.00762	0.00572	0.00572	0.00191	0.00762	0.00508	0.00254	0.00635
43	0.00788	0.00568	0.00745	0.00734	0.00850	0.00525	0.00538	0.01025	0.01518	0.02133	0.61984	0.18775	0.05086	0.01289	0.00685	0.00190	0.00282	0.01148	0.00611	0.00525
44	0.01271	0.02171	0.40456	0.04022	0.34273	0.01344	0.03220	0.01805	0.02729	0.01841	0.01076	0.01328	0.00826	0.00533	0.00557	0.00177	0.00767	0.00471	0.00267	0.00867
45	0.01553	0.40174	0.08237	0.01174	0.01601	0.10892	0.01089	0.04624	0.17187	0.01696	0.01171	0.01253	0.00961	0.00606	0.00547	0.00155	0.05557	0.00415	0.00335	0.00773
46	0.00716	0.00551	0.00643	0.00680	0.00797	0.00491	0.00480	0.00858	0.01257	0.01617	0.16673	0.30348	0.34759	0.06442	0.00834	0.00227	0.00317	0.01296	0.00536	0.00478
47	0.81598	0.01120	0.00866	0.00768	0.01125	0.01297	0.00633	0.03764	0.01023	0.02596	0.00813	0.00942	0.00630	0.00535	0.00360	0.00177	0.00448	0.00316	0.00360	0.00630
48	0.01120	0.03641	0.07823	0.05311	0.01855	0.01189	0.20144	0.01435	0.01097	0.01602	0.01248	0.01719	0.01059	0.01730	0.23635	0.00408	0.14378	0.00571	0.09393	0.00641
49	0.00772	0.06046	0.00798	0.00647	0.00844	0.00621	0.00502	0.00955	0.01383	0.01743	0.25335	0.04841	0.50912	0.01304	0.00654	0.00185	0.00306	0.01096	0.00539	0.00516
50	0.00832	0.00555	0.00624	0.00624	0.00624	0.00555	0.00347	0.00832	0.00832	0.01109	0.01802	0.03743	0.02080	0.79898	0.02911	0.00555	0.00555	0.00832	0.00347	0.00347
51	0.01503	0.01344	0.02066	0.02854	0.55941	0.01369	0.01521	0.15685	0.01570	0.02177	0.01509	0.01733	0.06911	0.00619	0.00576	0.00172	0.00639	0.00566	0.00359	0.00885
52	0.01218	0.03836	0.52996	0.01898	0.05210	0.01378	0.21732	0.01813	0.01249	0.01811	0.01060	0.01301	0.00770	0.00525	0.00577	0.00183	0.00868	0.00492	0.00256	0.00825
53	0.01368	0.01310	0.02235	0.14218	0.65997	0.01346	0.01732	0.01713	0.01280	0.01811	0.01067	0.01431	0.00886	0.00519	0.00567	0.00173	0.00691	0.00509	0.00279	0.00867
54	0.00832	0.00555	0.00624	0.00624	0.00624	0.00555	0.00347	0.00832	0.00832	0.01109	0.01802	0.03743	0.02080	0.79898	0.02911	0.00555	0.00555	0.00832	0.00347	0.00347
55	0.18248	0.00999	0.01234	0.00967	0.01392	0.00926	0.00798	0.02574	0.01509	0.62435	0.01975	0.01751	0.01262	0.00674	0.00533	0.00177	0.00478	0.00524	0.00640	0.00905
56	0.01378	0.01984	0.28809	0.05205	0.26931	0.02930	0.12130	0.08046	0.03513	0.01982	0.01125	0.01373	0.00857	0.00544	0.00574	0.00178	0.00778	0.00504	0.00302	0.00856
57	0.02411	0.01079	0.01375	0.01070	0.01504	0.01016	0.00879	0.12213	0.08462	0.60381	0.02147	0.01889	0.01388	0.00711	0.00575	0.00178	0.00502	0.00574	0.00679	0.00967
58	0.00810	0.00585	0.00765	0.00720	0.00855	0.00540	0.00540	0.01079	0.01619	0.02294	0.76028	0.04273	0.05397	0.01169	0.00675	0.00180	0.00270	0.01034	0.00630	0.00540
59	0.83938	0.01106	0.00841	0.00752	0.01106	0.01283	0.00619	0.01681	0.00973	0.02566	0.00796	0.00929	0.00619	0.00531	0.00354	0.00177	0.00442	0.00310	0.00354	0.00619
60	0.01361	0.01504	0.02786	0.02017	0.02553	0.06514	0.53770	0.01769	0.01333	0.01802	0.01146	0.02808	0.00906	0.00501	0.00617	0.00170	0.00854	0.00606	0.00303	0.16681
61	0.53629	0.01135	0.01148	0.03487	0.01328	0.01383	0.00837	0.01661	0.00994	0.06861	0.00883	0.01100	0.00710	0.00671	0.00790	0.00197	0.21815	0.00385	0.00345	0.00644
62	0.01066	0.00533	0.00533	0.00533	0.00666	0.00533	0.00400	0.01333	0.01200	0.02132	0.01866	0.02132	0.01466	0.00666	0.00400	0.00133	0.00267	0.00533	0.83073	0.00533
63	0.01229	0.00920	0.06998	0.00919	0.01190	0.00750	0.00800	0.06437	0.01582	0.14733	0.33650	0.03904	0.11532	0.01102	0.00658	0.00193	0.00418	0.11746	0.00581	0.00659
64	0.07823	0.06867	0.51938	0.01367	0.02037	0.01248	0.01646	0.01771	0.01267	0.07044	0.10388	0.01600	0.01344	0.00628	0.00537	0.00177	0.00704	0.00493	0.00331	0.00792
65	0.00697	0.00571	0.00634	0.00654	0.00812	0.00509	0.00484	0.00842	0.01225	0.01506	0.04874	0.16077	0.56107	0.01852	0.10235	0.00289	0.00450	0.01196	0.00503	0.00484
66	0.83938	0.01106	0.00841	0.00752	0.01106	0.01283	0.00619	0.01681	0.00973	0.02566	0.00796	0.00929	0.00619	0.00531	0.00354	0.00177	0.00442	0.00310	0.00354	0.00619
67	0.01742	0.01291	0.01554	0.16959	0.02056	0.01449	0.01099	0.45525	0.02057	0.04456	0.02838	0.02884	0.01107	0.01008	0.05528	0.05931	0.00689	0.00549	0.00472	0.00808
68	0.01359	0.01517	0.03225	0.02568	0.13437	0.01434	0.63925	0.01821	0.01343	0.01837	0.01146	0.01525	0.00873	0.00486	0.00660	0.00190	0.00924	0.00651	0.00288	0.00791

[dist]
# distance from previous block
# <min> <max>
5	7

[block]
# block no. 1 follows, 41 sequences, length 12
# corresponding to MSA columns:
# 579-590
name=unknown_B
#
# <colnr> <probs for GDERKNQSTAVLIFYWHMCP>
#	G	D	E	R	K	N	Q	S	T	A	V	L	I	F	Y	W	H	M	C	P
0	0.00926	0.00619	0.00753	0.00699	0.00882	0.00548	0.00531	0.01148	0.01513	0.08900	0.45174	0.04480	0.29243	0.01222	0.00666	0.00184	0.00297	0.01051	0.00603	0.00560
1	0.01105	0.01065	0.01869	0.71506	0.03852	0.01287	0.08288	0.01496	0.01163	0.01496	0.01030	0.01527	0.00772	0.00564	0.00581	0.00191	0.00781	0.00524	0.00257	0.00648
2	0.01203	0.00876	0.01024	0.00974	0.01153	0.00913	0.00721	0.26011	0.01641	0.02195	0.02543	0.52760	0.02821	0.01413	0.00676	0.00212	0.00434	0.01246	0.00545	0.00639
3	0.00943	0.00751	0.01011	0.00895	0.01136	0.00731	0.00702	0.01165	0.01011	0.01511	0.01356	0.01884	0.01230	0.02966	0.51190	0.00633	0.01152	0.00519	0.00318	0.28896
4	0.00822	0.00593	0.00818	0.00818	0.00885	0.00660	0.00589	0.00956	0.00889	0.01253	0.01625	0.02759	0.01652	0.30184	0.52042	0.00794	0.01197	0.00688	0.00320	0.00454
5	0.01141	0.01079	0.01825	0.64943	0.17045	0.01287	0.01619	0.01515	0.01172	0.01535	0.01027	0.01505	0.00788	0.00561	0.00571	0.00187	0.00747	0.00509	0.00259	0.00684
6	0.01012	0.00805	0.00935	0.00864	0.01067	0.00839	0.00659	0.01736	0.26833	0.02284	0.46718	0.03612	0.08244	0.01051	0.00643	0.00185	0.00334	0.00912	0.00608	0.00662
7	0.00845	0.00603	0.00833	0.00965	0.01063	0.00592	0.00788	0.01052	0.01241	0.01626	0.03071	0.31477	0.03460	0.01653	0.00770	0.00253	0.00460	0.48215	0.00528	0.00505
8	0.01486	0.02879	0.51142	0.01577	0.02233	0.27450	0.01768	0.01973	0.01349	0.01670	0.00978	0.01147	0.00729	0.00559	0.00534	0.00170	0.00909	0.00404	0.00260	0.00783
9	0.01809	0.01204	0.03674	0.01022	0.01379	0.01223	0.00855	0.38488	0.02006	0.11799	0.01637	0.01697	0.01187	0.00678	0.00513	0.00159	0.00495	0.00525	0.28832	0.00818
10	0.00824	0.00627	0.00786	0.00865	0.01021	0.00589	0.00728	0.01040	0.01312	0.01645	0.04129	0.06075	0.32263	0.01528	0.00745	0.00235	0.00432	0.44119	0.00528	0.00509
11	0.00743	0.00517	0.00650	0.00737	0.00759	0.00495	0.00468	0.00809	0.01005	0.01340	0.02690	0.53572	0.03200	0.28541	0.01477	0.00343	0.00408	0.01354	0.00468	0.00424

[dist]
# distance from previous block
# <min> <max>
17	470

# created by:
# /software/SequenceAnalysis/GenePrediction/augustus/3.0.1/scripts/msa2prfl.pl ./fixed/BUSCOvEOG7TF1ZM.fas
