[name]
unknown

[dist]
# distance from previous block
# <min> <max>
1	570

[block]
# block no. 0 follows, 41 sequences, length 11
# corresponding to MSA columns:
# 600-610
name=unknown_A
#
# <colnr> <probs for GDERKNQSTAVLIFYWHMCP>
#	G	D	E	R	K	N	Q	S	T	A	V	L	I	F	Y	W	H	M	C	P
0	0.00709	0.00503	0.00660	0.00781	0.00812	0.00473	0.00515	0.00800	0.01072	0.01429	0.03034	0.72855	0.03633	0.08667	0.00922	0.00261	0.00351	0.01556	0.00515	0.00454
1	0.01350	0.01543	0.03375	0.02411	0.02989	0.01446	0.74253	0.01832	0.01350	0.01832	0.01157	0.01543	0.00868	0.00482	0.00675	0.00193	0.00964	0.00675	0.00289	0.00771
2	0.01529	0.80242	0.02997	0.00979	0.01468	0.02263	0.00979	0.01713	0.01162	0.01346	0.00795	0.00918	0.00734	0.00489	0.00367	0.00122	0.00612	0.00306	0.00245	0.00734
3	0.01273	0.01393	0.02903	0.24047	0.03259	0.01397	0.53596	0.01727	0.01291	0.01727	0.01117	0.01538	0.00838	0.00508	0.00646	0.00192	0.00907	0.00628	0.00279	0.00733
4	0.00753	0.00582	0.00686	0.00660	0.00820	0.00516	0.00495	0.00970	0.01485	0.01976	0.46249	0.04795	0.35375	0.01288	0.00675	0.00186	0.00278	0.01108	0.00588	0.00516
5	0.01529	0.80242	0.02997	0.00979	0.01468	0.02263	0.00979	0.01713	0.01162	0.01346	0.00795	0.00918	0.00734	0.00489	0.00367	0.00122	0.00612	0.00306	0.00245	0.00734
6	0.01147	0.02959	0.76934	0.01630	0.02476	0.01328	0.02113	0.01811	0.01208	0.01811	0.01026	0.01208	0.00725	0.00543	0.00543	0.00181	0.00845	0.00423	0.00242	0.00845
7	0.00697	0.00498	0.00664	0.00796	0.00830	0.00465	0.00531	0.00796	0.01095	0.01460	0.03153	0.79525	0.03783	0.01792	0.00730	0.00232	0.00332	0.01626	0.00531	0.00465
8	0.01323	0.01684	0.11416	0.02278	0.02856	0.01449	0.62509	0.01806	0.01310	0.01806	0.01122	0.01491	0.00846	0.00516	0.00723	0.00195	0.04979	0.00638	0.00282	0.00772
9	0.02098	0.01435	0.01583	0.01237	0.01658	0.01554	0.01012	0.59767	0.02431	0.12131	0.01627	0.07946	0.01259	0.00781	0.00586	0.00177	0.00588	0.00615	0.00585	0.00931
10	0.01181	0.02724	0.64765	0.01759	0.02561	0.01348	0.14048	0.01815	0.01231	0.01815	0.01048	0.01263	0.00748	0.00533	0.00565	0.00183	0.00865	0.00464	0.00249	0.00833

[dist]
# distance from previous block
# <min> <max>
0	1

[block]
# block no. 1 follows, 41 sequences, length 7
# corresponding to MSA columns:
# 612-618
name=unknown_B
#
# <colnr> <probs for GDERKNQSTAVLIFYWHMCP>
#	G	D	E	R	K	N	Q	S	T	A	V	L	I	F	Y	W	H	M	C	P
0	0.01194	0.02364	0.48933	0.10450	0.02776	0.01353	0.21254	0.01778	0.01238	0.01778	0.01060	0.01332	0.00767	0.00530	0.00582	0.00185	0.00868	0.00499	0.00256	0.00802
1	0.10643	0.06534	0.50477	0.01515	0.06019	0.01310	0.01697	0.01918	0.01241	0.11840	0.01155	0.01270	0.00815	0.00559	0.00518	0.00176	0.00731	0.00429	0.00319	0.00834
2	0.00805	0.00581	0.00800	0.00818	0.00881	0.00636	0.00584	0.00937	0.00917	0.01282	0.01825	0.12958	0.01930	0.25715	0.45900	0.00723	0.01091	0.00811	0.00348	0.00457
3	0.01204	0.01234	0.02231	0.36598	0.03058	0.01441	0.23670	0.01554	0.01142	0.01554	0.00995	0.01464	0.00792	0.00649	0.00920	0.00206	0.19793	0.00557	0.00264	0.00675
4	0.01848	0.01149	0.01408	0.11407	0.01818	0.01226	0.00986	0.17190	0.21915	0.26059	0.07286	0.01994	0.01618	0.00738	0.00583	0.00183	0.00528	0.00607	0.00580	0.00878
5	0.01145	0.01124	0.02053	0.01606	0.01928	0.01113	0.32920	0.04761	0.01264	0.01743	0.01787	0.27783	0.01842	0.00984	0.00798	0.00203	0.08957	0.00946	0.00383	0.06659
6	0.83938	0.01106	0.00841	0.00752	0.01106	0.01283	0.00619	0.01681	0.00973	0.02566	0.00796	0.00929	0.00619	0.00531	0.00354	0.00177	0.00442	0.00310	0.00354	0.00619

[dist]
# distance from previous block
# <min> <max>
0	3

[block]
# block no. 2 follows, 41 sequences, length 7
# corresponding to MSA columns:
# 622-628
name=unknown_C
#
# <colnr> <probs for GDERKNQSTAVLIFYWHMCP>
#	G	D	E	R	K	N	Q	S	T	A	V	L	I	F	Y	W	H	M	C	P
0	0.01232	0.01092	0.01203	0.01091	0.01205	0.08438	0.00830	0.11895	0.01314	0.01748	0.07292	0.20701	0.02091	0.14788	0.01368	0.00272	0.21581	0.00858	0.00414	0.00587
1	0.01148	0.01255	0.08598	0.40238	0.08931	0.01244	0.09702	0.01683	0.10006	0.01679	0.01400	0.09059	0.01190	0.00696	0.00597	0.00193	0.00708	0.00643	0.00325	0.00707
2	0.01335	0.01002	0.01160	0.05950	0.01434	0.03156	0.00788	0.12449	0.08538	0.08058	0.01933	0.23605	0.01878	0.04759	0.00692	0.00189	0.00482	0.00813	0.00475	0.21305
3	0.08719	0.00944	0.01030	0.00832	0.01185	0.00867	0.00654	0.11562	0.01369	0.02179	0.01479	0.10710	0.01323	0.00684	0.00470	0.00133	0.00410	0.00555	0.17725	0.37172
4	0.08505	0.00852	0.01166	0.10232	0.01492	0.00937	0.05160	0.06648	0.01261	0.01839	0.10209	0.28048	0.02479	0.04961	0.00865	0.00226	0.08010	0.03939	0.02593	0.00578
5	0.01406	0.01420	0.02364	0.12166	0.52948	0.05557	0.12241	0.01761	0.01308	0.01789	0.01070	0.01426	0.00874	0.00517	0.00580	0.00174	0.00750	0.00526	0.00281	0.00841
6	0.01657	0.01728	0.01476	0.01310	0.06376	0.28773	0.00955	0.09201	0.05499	0.01900	0.01079	0.01215	0.00872	0.00535	0.00490	0.00128	0.00683	0.00395	0.00356	0.35373

[dist]
# distance from previous block
# <min> <max>
17	26

[block]
# block no. 3 follows, 41 sequences, length 18
# corresponding to MSA columns:
# 663-680
name=unknown_D
#
# <colnr> <probs for GDERKNQSTAVLIFYWHMCP>
#	G	D	E	R	K	N	Q	S	T	A	V	L	I	F	Y	W	H	M	C	P
0	0.03544	0.07216	0.62621	0.01651	0.02434	0.01394	0.09736	0.01804	0.01214	0.01808	0.01021	0.01219	0.00737	0.00533	0.00542	0.00179	0.00833	0.00440	0.00250	0.00825
1	0.01234	0.15654	0.60028	0.01492	0.02239	0.04020	0.01847	0.01790	0.01226	0.01734	0.03112	0.01241	0.00859	0.00554	0.00517	0.00170	0.00797	0.00419	0.00255	0.00812
2	0.04798	0.00655	0.00831	0.00737	0.00918	0.00647	0.06763	0.01347	0.01276	0.02155	0.14779	0.02403	0.02067	0.00733	0.00470	0.00149	0.00335	0.00623	0.57758	0.00559
3	0.01779	0.02167	0.02155	0.03720	0.02167	0.44815	0.23537	0.02037	0.01463	0.01548	0.00967	0.01220	0.00782	0.00577	0.00650	0.00167	0.05984	0.00473	0.00291	0.03499
4	0.01186	0.01017	0.01186	0.00847	0.01356	0.00762	0.00678	0.01440	0.01186	0.01864	0.01017	0.01186	0.00847	0.00424	0.00424	0.00085	0.00424	0.00339	0.00339	0.83395
5	0.00775	0.00547	0.00690	0.00775	0.00815	0.00528	0.00509	0.03226	0.01089	0.01453	0.02796	0.60216	0.03314	0.19007	0.01207	0.00301	0.00391	0.01414	0.00492	0.00455
6	0.02120	0.02479	0.01627	0.01436	0.01760	0.61780	0.01095	0.14976	0.04234	0.01820	0.01018	0.01128	0.00811	0.00613	0.00528	0.00153	0.00942	0.00403	0.00353	0.00725
7	0.00913	0.00653	0.00910	0.01029	0.01161	0.00650	0.00894	0.01177	0.01339	0.01755	0.08403	0.06292	0.03447	0.01550	0.00782	0.00257	0.00508	0.67220	0.00534	0.00528
8	0.02126	0.01578	0.01689	0.01306	0.01755	0.01751	0.01075	0.69836	0.07355	0.03527	0.01435	0.01422	0.01022	0.00692	0.00573	0.00173	0.00618	0.00523	0.00573	0.00968
9	0.00684	0.00549	0.00611	0.00660	0.00794	0.00476	0.00470	0.00812	0.01226	0.01514	0.04815	0.32953	0.49282	0.01576	0.00696	0.00208	0.00305	0.01363	0.00531	0.00476
10	0.01147	0.02959	0.76934	0.01630	0.02476	0.01328	0.02113	0.01811	0.01208	0.01811	0.01026	0.01208	0.00725	0.00543	0.00543	0.00181	0.00845	0.00423	0.00242	0.00845
11	0.02468	0.00995	0.01324	0.01030	0.01462	0.00891	0.00846	0.02809	0.07949	0.70356	0.02263	0.01963	0.01444	0.00714	0.00576	0.00178	0.00484	0.00581	0.00697	0.00968
12	0.01147	0.02959	0.76934	0.01630	0.02476	0.01328	0.02113	0.01811	0.01208	0.01811	0.01026	0.01208	0.00725	0.00543	0.00543	0.00181	0.00845	0.00423	0.00242	0.00845
13	0.00787	0.00562	0.00767	0.00899	0.00972	0.00542	0.00687	0.00952	0.01184	0.01561	0.03103	0.50286	0.03587	0.01707	0.00754	0.00245	0.00410	0.29977	0.00529	0.00489
14	0.00944	0.00622	0.00815	0.00809	0.00963	0.00577	0.00636	0.01182	0.01478	0.07627	0.41233	0.11148	0.11409	0.01306	0.00698	0.00204	0.00350	0.16847	0.00595	0.00558
15	0.00682	0.00554	0.00605	0.00646	0.00790	0.00477	0.00464	0.00813	0.01240	0.01519	0.04985	0.28196	0.53929	0.01554	0.00693	0.00205	0.00303	0.01336	0.00531	0.00477
16	0.01147	0.02959	0.76934	0.01630	0.02476	0.01328	0.02113	0.01811	0.01208	0.01811	0.01026	0.01208	0.00725	0.00543	0.00543	0.00181	0.00845	0.00423	0.00242	0.00845
17	0.01350	0.01543	0.03375	0.02411	0.02989	0.01446	0.74253	0.01832	0.01350	0.01832	0.01157	0.01543	0.00868	0.00482	0.00675	0.00193	0.00964	0.00675	0.00289	0.00771

[dist]
# distance from previous block
# <min> <max>
0	25

[block]
# block no. 4 follows, 41 sequences, length 19
# corresponding to MSA columns:
# 706-724
name=unknown_E
#
# <colnr> <probs for GDERKNQSTAVLIFYWHMCP>
#	G	D	E	R	K	N	Q	S	T	A	V	L	I	F	Y	W	H	M	C	P
0	0.00808	0.00586	0.00786	0.00907	0.01004	0.00564	0.00719	0.00994	0.01225	0.01594	0.03316	0.36409	0.09727	0.01656	0.00756	0.00245	0.00426	0.37252	0.00529	0.00497
1	0.01493	0.01368	0.02200	0.08397	0.61446	0.01408	0.01655	0.11373	0.01475	0.02071	0.01111	0.01418	0.00905	0.00537	0.00567	0.00172	0.00679	0.00510	0.00319	0.00896
2	0.01108	0.06829	0.62804	0.01484	0.02203	0.01265	0.01842	0.01671	0.01190	0.01740	0.01296	0.11579	0.01131	0.00706	0.00559	0.00185	0.00765	0.00576	0.00280	0.00789
3	0.01435	0.01658	0.02982	0.06566	0.02820	0.11549	0.57442	0.01852	0.01355	0.01735	0.01096	0.01462	0.00840	0.00523	0.00697	0.00189	0.04150	0.00618	0.00286	0.00743
4	0.01327	0.01378	0.01741	0.01499	0.01525	0.08246	0.01239	0.01454	0.00940	0.01379	0.00762	0.01233	0.00750	0.00966	0.01761	0.00241	0.72189	0.00489	0.00254	0.00629
5	0.01277	0.01283	0.01895	0.02800	0.03812	0.06646	0.17042	0.05518	0.01184	0.01627	0.01313	0.13575	0.01302	0.01124	0.05326	0.00257	0.32322	0.00712	0.00328	0.00656
6	0.01237	0.01205	0.02211	0.43741	0.05196	0.01322	0.25094	0.05642	0.01303	0.01745	0.01126	0.01550	0.00847	0.00552	0.00597	0.00187	0.00794	0.00564	0.04388	0.00700
7	0.01415	0.40707	0.30051	0.05589	0.02003	0.08313	0.01442	0.01784	0.01217	0.01528	0.00900	0.01068	0.00732	0.00522	0.00456	0.00150	0.00742	0.00366	0.00248	0.00763
8	0.00771	0.00575	0.00727	0.00805	0.00898	0.00547	0.00582	0.00993	0.04904	0.01660	0.13425	0.47591	0.13198	0.01588	0.00715	0.00222	0.00346	0.09402	0.00547	0.00506
9	0.05886	0.01595	0.24848	0.02599	0.05923	0.01146	0.10930	0.02810	0.01206	0.01940	0.01272	0.01548	0.00986	0.00621	0.00645	0.00174	0.08648	0.00500	0.26019	0.00705
10	0.01341	0.10300	0.05401	0.12833	0.01864	0.15643	0.06113	0.01605	0.01281	0.01669	0.11001	0.01754	0.01470	0.00719	0.00742	0.00175	0.13149	0.00538	0.11760	0.00643
11	0.00709	0.00507	0.00675	0.00788	0.00832	0.00473	0.00532	0.00827	0.01151	0.01549	0.10963	0.71459	0.03956	0.01725	0.00724	0.00227	0.00325	0.01563	0.00542	0.00473
12	0.01245	0.01222	0.02138	0.38096	0.17235	0.01345	0.17266	0.01794	0.10461	0.01735	0.01222	0.01584	0.00935	0.00566	0.00594	0.00188	0.00752	0.00562	0.00308	0.00750
13	0.12202	0.01140	0.01273	0.01146	0.01377	0.12818	0.10361	0.01548	0.06346	0.05912	0.02117	0.36944	0.02233	0.01135	0.00621	0.00201	0.00556	0.01004	0.00452	0.00615
14	0.01190	0.02659	0.61358	0.01796	0.02584	0.01353	0.17389	0.01816	0.01238	0.01816	0.01054	0.01279	0.00755	0.00530	0.00571	0.00184	0.00871	0.00476	0.00252	0.00830
15	0.00727	0.00519	0.00698	0.00831	0.00877	0.00490	0.00583	0.00848	0.01125	0.01494	0.03136	0.69833	0.03718	0.01764	0.00738	0.00236	0.00358	0.11023	0.00530	0.00473
16	0.01187	0.02694	0.63997	0.01697	0.02482	0.01348	0.10607	0.01882	0.05346	0.01846	0.01114	0.01299	0.00798	0.00549	0.00561	0.00183	0.00838	0.00465	0.00266	0.00840
17	0.01603	0.42028	0.03645	0.11360	0.01866	0.06004	0.01085	0.18479	0.01546	0.01904	0.01215	0.01342	0.04528	0.00600	0.00468	0.00149	0.00647	0.00431	0.00339	0.00762
18	0.01378	0.01570	0.12188	0.03035	0.57560	0.01364	0.05041	0.01863	0.06862	0.01899	0.01167	0.01448	0.00943	0.00533	0.00569	0.00174	0.00697	0.00516	0.00300	0.00892

[dist]
# distance from previous block
# <min> <max>
2	214

[block]
# block no. 5 follows, 41 sequences, length 11
# corresponding to MSA columns:
# 941-951
name=unknown_F
#
# <colnr> <probs for GDERKNQSTAVLIFYWHMCP>
#	G	D	E	R	K	N	Q	S	T	A	V	L	I	F	Y	W	H	M	C	P
0	0.00743	0.00610	0.00823	0.03413	0.01035	0.00558	0.04713	0.00898	0.01214	0.01546	0.06701	0.40131	0.32472	0.01517	0.00698	0.00211	0.00363	0.01345	0.00512	0.00498
1	0.01762	0.22785	0.14067	0.07738	0.01973	0.01754	0.01254	0.34350	0.01872	0.05489	0.01169	0.01261	0.00869	0.00602	0.00513	0.00162	0.00665	0.00446	0.00411	0.00860
2	0.13430	0.26326	0.32528	0.01297	0.01887	0.01572	0.06935	0.01702	0.01147	0.01736	0.00979	0.01260	0.00807	0.05458	0.00618	0.00186	0.00705	0.00415	0.00269	0.00741
3	0.01007	0.00870	0.01451	0.01244	0.01462	0.00839	0.19117	0.07891	0.01350	0.01822	0.08571	0.46408	0.02925	0.01308	0.00697	0.00212	0.00513	0.01235	0.00482	0.00595
4	0.01633	0.08269	0.04090	0.09154	0.26267	0.15537	0.11146	0.13450	0.01561	0.01973	0.01069	0.01318	0.00849	0.00554	0.00556	0.00167	0.00780	0.00487	0.00325	0.00814
5	0.07992	0.07916	0.01831	0.11527	0.04540	0.25456	0.07242	0.14649	0.01576	0.01952	0.01131	0.01542	0.00949	0.00660	0.00602	0.00174	0.04260	0.04927	0.00351	0.00723
6	0.01210	0.02543	0.56105	0.01947	0.09073	0.01354	0.16071	0.01811	0.01244	0.01820	0.01056	0.01291	0.00768	0.00529	0.00571	0.00182	0.00854	0.00479	0.00254	0.00836
7	0.01248	0.00945	0.01143	0.01144	0.08106	0.00973	0.00810	0.10806	0.11509	0.08287	0.09871	0.04764	0.29398	0.01068	0.00710	0.00192	0.05301	0.02502	0.00526	0.00697
8	0.01638	0.00851	0.03405	0.00953	0.01224	0.00739	0.00753	0.01925	0.06875	0.36682	0.02606	0.35094	0.02431	0.01171	0.00641	0.00202	0.00429	0.01025	0.00608	0.00747
9	0.04221	0.06493	0.36409	0.01751	0.04520	0.08422	0.19928	0.01931	0.01310	0.08035	0.01130	0.01318	0.00822	0.00542	0.00561	0.00177	0.00831	0.00486	0.00303	0.00809
10	0.00887	0.00782	0.05922	0.00916	0.01056	0.00662	0.00719	0.07719	0.01294	0.01744	0.06554	0.57609	0.03362	0.01558	0.00705	0.00223	0.00406	0.06816	0.00520	0.00546

[dist]
# distance from previous block
# <min> <max>
11	165

[block]
# block no. 6 follows, 41 sequences, length 6
# corresponding to MSA columns:
# 1136-1141
name=unknown_G
#
# <colnr> <probs for GDERKNQSTAVLIFYWHMCP>
#	G	D	E	R	K	N	Q	S	T	A	V	L	I	F	Y	W	H	M	C	P
0	0.01313	0.10793	0.15168	0.28333	0.04564	0.05988	0.10027	0.03734	0.07212	0.01687	0.01104	0.01400	0.00851	0.00589	0.00622	0.00181	0.04911	0.00492	0.00293	0.00738
1	0.01288	0.23025	0.40017	0.01527	0.08019	0.06015	0.01582	0.01718	0.01218	0.01637	0.01152	0.08174	0.01017	0.00641	0.00514	0.00167	0.00735	0.00504	0.00275	0.00776
2	0.00710	0.00531	0.00650	0.00722	0.00807	0.00482	0.00497	0.00835	0.01193	0.01555	0.11591	0.48150	0.22989	0.05495	0.00818	0.00232	0.00325	0.01413	0.00532	0.00472
3	0.01568	0.01555	0.17072	0.01655	0.02171	0.01183	0.28525	0.01974	0.01400	0.21651	0.09419	0.01859	0.01463	0.00657	0.00690	0.00188	0.05111	0.00627	0.00425	0.00807
4	0.01225	0.02449	0.51502	0.02031	0.11491	0.01358	0.18194	0.01809	0.01251	0.01823	0.01062	0.01308	0.00778	0.00526	0.00576	0.00182	0.00852	0.00490	0.00257	0.00836
5	0.20370	0.02047	0.40382	0.08324	0.02199	0.01258	0.07400	0.01692	0.01192	0.01996	0.07075	0.01447	0.01095	0.00589	0.00523	0.00182	0.00707	0.00474	0.00304	0.00743

[dist]
# distance from previous block
# <min> <max>
89	1740

# created by:
# /software/SequenceAnalysis/GenePrediction/augustus/3.0.1/scripts/msa2prfl.pl ./fixed/BUSCOvEOG71VMG2.fas
