[name]
unknown

[dist]
# distance from previous block
# <min> <max>
0	423

[block]
# block no. 0 follows, 41 sequences, length 9
# corresponding to MSA columns:
# 431-439
name=unknown_A
#
# <colnr> <probs for GDERKNQSTAVLIFYWHMCP>
#	G	D	E	R	K	N	Q	S	T	A	V	L	I	F	Y	W	H	M	C	P
0	0.01613	0.01170	0.01381	0.06964	0.01700	0.01156	0.01025	0.15833	0.05936	0.05371	0.19817	0.05976	0.07205	0.01347	0.00824	0.00273	0.00608	0.20277	0.00666	0.00860
1	0.01773	0.31441	0.33956	0.01564	0.02183	0.01928	0.01625	0.09229	0.01554	0.02133	0.01339	0.01642	0.01120	0.00813	0.00710	0.00231	0.04844	0.00517	0.00410	0.00988
2	0.02051	0.01523	0.01638	0.01396	0.01801	0.01570	0.01071	0.20379	0.39050	0.09975	0.02257	0.02304	0.01741	0.00951	0.00722	0.00244	0.00627	0.00688	0.00680	0.09332
3	0.01224	0.00911	0.01095	0.04027	0.01377	0.00845	0.00868	0.01366	0.04621	0.02034	0.11159	0.28797	0.13573	0.01704	0.00873	0.00293	0.00539	0.23321	0.00648	0.00724
4	0.01538	0.01305	0.01995	0.01636	0.01946	0.01270	0.22902	0.01883	0.10278	0.04999	0.25683	0.08726	0.02995	0.01146	0.00931	0.00265	0.08093	0.00946	0.00592	0.00871
5	0.00898	0.00714	0.01019	0.00996	0.01131	0.00709	0.06323	0.05408	0.01285	0.01709	0.07226	0.43012	0.10126	0.01490	0.00766	0.00224	0.03737	0.12177	0.00508	0.00541
6	0.00711	0.00572	0.00617	0.00631	0.00783	0.00498	0.00459	0.00851	0.01261	0.01555	0.10240	0.12280	0.54287	0.09187	0.00905	0.00234	0.00326	0.03607	0.00520	0.00473
7	0.01248	0.01345	0.02618	0.13602	0.02689	0.01426	0.43609	0.01620	0.01217	0.01664	0.01330	0.01718	0.05353	0.00662	0.00910	0.00205	0.17145	0.00645	0.00290	0.00703
8	0.01443	0.01545	0.06029	0.06728	0.12833	0.04433	0.45627	0.01941	0.05414	0.06334	0.01252	0.01546	0.00937	0.00528	0.00631	0.00186	0.00854	0.00612	0.00326	0.00800

[dist]
# distance from previous block
# <min> <max>
1	4

[block]
# block no. 1 follows, 41 sequences, length 31
# corresponding to MSA columns:
# 444-474
name=unknown_B
#
# <colnr> <probs for GDERKNQSTAVLIFYWHMCP>
#	G	D	E	R	K	N	Q	S	T	A	V	L	I	F	Y	W	H	M	C	P
0	0.49517	0.02499	0.00990	0.00848	0.01170	0.02100	0.00680	0.06591	0.01222	0.13340	0.01487	0.13852	0.02113	0.00781	0.00468	0.00184	0.00453	0.00586	0.00449	0.00672
1	0.00802	0.00667	0.01102	0.01057	0.01178	0.00623	0.12435	0.00964	0.01136	0.01520	0.02830	0.66932	0.03312	0.01580	0.00721	0.00226	0.00434	0.01472	0.00492	0.00514
2	0.01529	0.01484	0.06773	0.06247	0.28004	0.01441	0.12911	0.18877	0.09402	0.02293	0.01365	0.01703	0.01084	0.00624	0.00595	0.00182	0.00697	0.03532	0.00389	0.00867
3	0.01516	0.01262	0.02252	0.18991	0.33334	0.01275	0.16752	0.01875	0.01332	0.13862	0.01271	0.01552	0.00950	0.00549	0.00592	0.00180	0.00726	0.00555	0.00347	0.00831
4	0.00699	0.00504	0.00663	0.00784	0.00828	0.00468	0.00527	0.00806	0.01120	0.01488	0.05349	0.73819	0.07315	0.01758	0.00726	0.00229	0.00328	0.01589	0.00534	0.00468
5	0.12999	0.00617	0.00722	0.00812	0.00918	0.00615	0.00594	0.00986	0.01125	0.01666	0.02979	0.51849	0.08495	0.01550	0.00680	0.00226	0.00374	0.11793	0.00504	0.00498
6	0.01745	0.01767	0.16514	0.01489	0.02010	0.01538	0.11101	0.39971	0.07519	0.04114	0.02586	0.01673	0.01134	0.00680	0.00591	0.00182	0.00691	0.03332	0.00472	0.00892
7	0.00860	0.00541	0.00639	0.00649	0.00659	0.00538	0.00385	0.00848	0.00861	0.01181	0.01785	0.08849	0.02005	0.57833	0.02498	0.12711	0.00512	0.00822	0.05473	0.00352
8	0.01606	0.00916	0.01120	0.00933	0.01231	0.00895	0.00742	0.13579	0.07335	0.25209	0.32197	0.02998	0.06903	0.00935	0.00621	0.00179	0.00409	0.00790	0.00636	0.00767
9	0.07548	0.02039	0.43276	0.01656	0.12894	0.01140	0.01597	0.01570	0.01179	0.01802	0.01482	0.18388	0.01414	0.00811	0.00573	0.00190	0.00677	0.00691	0.00320	0.00753
10	0.01634	0.01604	0.01593	0.01618	0.12569	0.21082	0.01122	0.05009	0.22637	0.05838	0.05520	0.01679	0.01354	0.00739	0.00776	0.00185	0.13294	0.00543	0.00419	0.00784
11	0.01761	0.01311	0.01540	0.15776	0.02033	0.01431	0.01071	0.41599	0.05593	0.05525	0.01382	0.01495	0.01009	0.00641	0.00545	0.00165	0.00593	0.00505	0.06482	0.09541
12	0.01641	0.01224	0.01273	0.01073	0.01410	0.04426	0.00851	0.21300	0.29605	0.07995	0.04569	0.01907	0.01522	0.00720	0.00543	0.00169	0.00487	0.00576	0.13887	0.04822
13	0.00895	0.00765	0.01111	0.00967	0.01186	0.00709	0.11400	0.04888	0.01385	0.01795	0.15685	0.16294	0.32228	0.04148	0.00765	0.00212	0.00430	0.04075	0.00507	0.00554
14	0.01187	0.01216	0.12276	0.00965	0.01442	0.00803	0.00876	0.01475	0.01203	0.06431	0.01440	0.13887	0.01338	0.00680	0.00500	0.00128	0.00475	0.00574	0.00378	0.52727
15	0.01251	0.25832	0.42605	0.13851	0.02410	0.01600	0.01688	0.01725	0.01184	0.01615	0.00956	0.01172	0.00734	0.00532	0.00495	0.00165	0.00762	0.00401	0.00245	0.00778
16	0.00998	0.00802	0.00933	0.00853	0.01035	0.00850	0.00663	0.01394	0.13233	0.05375	0.14512	0.03912	0.36095	0.04244	0.00920	0.00213	0.11913	0.00942	0.00514	0.00599
17	0.01414	0.01251	0.02483	0.06021	0.07011	0.01184	0.43207	0.01781	0.01337	0.12795	0.01629	0.14186	0.01416	0.00733	0.00657	0.00195	0.00764	0.00795	0.00388	0.00753
18	0.01417	0.01152	0.01671	0.16245	0.26052	0.01181	0.01258	0.08600	0.06772	0.06640	0.01383	0.01760	0.01113	0.00615	0.00549	0.00165	0.00591	0.03967	0.04720	0.14148
19	0.06505	0.01864	0.01445	0.01231	0.01587	0.37547	0.00961	0.10205	0.01692	0.24977	0.01615	0.01581	0.04922	0.00679	0.00540	0.00163	0.00749	0.00489	0.00468	0.00781
20	0.01976	0.00907	0.01300	0.13503	0.01764	0.00876	0.00927	0.02223	0.01451	0.49538	0.05835	0.02045	0.01522	0.01238	0.11938	0.00289	0.00674	0.00594	0.00571	0.00828
21	0.01645	0.00840	0.01133	0.12307	0.01557	0.00810	0.00800	0.01902	0.04090	0.35096	0.10009	0.02796	0.09704	0.13604	0.00973	0.00243	0.00494	0.00723	0.00551	0.00723
22	0.01332	0.01546	0.14068	0.12088	0.38870	0.01357	0.01605	0.02010	0.17546	0.01924	0.01336	0.01554	0.01044	0.00581	0.00567	0.00180	0.00667	0.00526	0.00339	0.00862
23	0.01682	0.00739	0.00942	0.00815	0.01058	0.00672	0.00619	0.01859	0.01331	0.37066	0.02230	0.13713	0.01883	0.13646	0.00937	0.00237	0.00427	0.00762	0.18682	0.00701
24	0.00759	0.00569	0.00580	0.00580	0.00733	0.00502	0.00415	0.00898	0.01212	0.01561	0.04571	0.04723	0.53144	0.14001	0.00996	0.00243	0.00329	0.01047	0.12669	0.00468
25	0.02007	0.01317	0.01472	0.01189	0.01596	0.01421	0.00963	0.31775	0.27915	0.21138	0.01925	0.01781	0.01353	0.00723	0.00576	0.00181	0.00532	0.00576	0.00609	0.00949
26	0.01093	0.00991	0.01584	0.16205	0.34283	0.01018	0.01272	0.01368	0.01241	0.01669	0.02238	0.15017	0.12601	0.00944	0.00626	0.00194	0.00570	0.06017	0.00372	0.00695
27	0.13985	0.00848	0.01066	0.00899	0.01200	0.00801	0.00720	0.01981	0.01373	0.39592	0.11126	0.02334	0.01845	0.01000	0.00836	0.13615	0.00457	0.05038	0.00561	0.00722
28	0.02066	0.00849	0.01139	0.00925	0.01267	0.00772	0.00751	0.02292	0.01461	0.53567	0.02087	0.02021	0.01426	0.01229	0.11905	0.00279	0.00605	0.00574	0.13949	0.00834
29	0.01136	0.01088	0.01761	0.07026	0.01839	0.04091	0.19746	0.04001	0.01243	0.01715	0.13282	0.02116	0.01734	0.01781	0.22923	0.00405	0.12472	0.00660	0.00351	0.00631
30	0.01637	0.25681	0.03262	0.01495	0.13639	0.05316	0.01104	0.22130	0.01631	0.02151	0.01072	0.01227	0.00873	0.00692	0.03475	0.00171	0.00660	0.00419	0.00362	0.13003

[dist]
# distance from previous block
# <min> <max>
0	2

[block]
# block no. 2 follows, 41 sequences, length 51
# corresponding to MSA columns:
# 477-527
name=unknown_C
#
# <colnr> <probs for GDERKNQSTAVLIFYWHMCP>
#	G	D	E	R	K	N	Q	S	T	A	V	L	I	F	Y	W	H	M	C	P
0	0.01791	0.06376	0.01604	0.04576	0.01697	0.01399	0.00956	0.38579	0.01974	0.07362	0.01261	0.01326	0.00935	0.00586	0.00511	0.00142	0.00559	0.00448	0.00470	0.27449
1	0.02492	0.02852	0.72329	0.01595	0.02409	0.01332	0.02035	0.01864	0.04515	0.01850	0.01081	0.01245	0.00769	0.00554	0.00542	0.00182	0.00821	0.00431	0.00259	0.00844
2	0.02015	0.02327	0.01547	0.01366	0.01682	0.56622	0.01043	0.15672	0.01793	0.01826	0.01407	0.01488	0.07399	0.00683	0.00540	0.00156	0.00891	0.00470	0.00367	0.00705
3	0.01068	0.00967	0.01597	0.70434	0.03598	0.01195	0.01463	0.01426	0.01133	0.01485	0.01102	0.01660	0.00863	0.04123	0.00666	0.00203	0.00724	0.00524	0.05151	0.00616
4	0.01409	0.06378	0.02327	0.04746	0.66777	0.01433	0.01680	0.01730	0.01271	0.01805	0.01042	0.01379	0.00885	0.00532	0.00612	0.00171	0.04170	0.00496	0.00279	0.00877
5	0.00733	0.00539	0.00664	0.00717	0.00798	0.00495	0.00491	0.00864	0.01211	0.01606	0.18649	0.40220	0.17799	0.11320	0.00980	0.00254	0.00339	0.01324	0.00529	0.00469
6	0.00766	0.00527	0.00643	0.00708	0.00724	0.00511	0.00437	0.00815	0.00960	0.01281	0.02462	0.40767	0.02912	0.41739	0.01846	0.00397	0.00446	0.01220	0.00437	0.00404
7	0.01330	0.01385	0.01768	0.01514	0.01550	0.08347	0.02458	0.01463	0.00949	0.01386	0.00769	0.01237	0.00752	0.00957	0.01739	0.00240	0.70779	0.00492	0.00255	0.00631
8	0.01253	0.06632	0.68687	0.01561	0.02364	0.01345	0.01980	0.01866	0.01232	0.06363	0.01090	0.01239	0.00767	0.00551	0.00537	0.00178	0.00812	0.00426	0.00270	0.00848
9	0.01282	0.01500	0.06527	0.08640	0.02855	0.01400	0.56853	0.01725	0.01285	0.01755	0.01206	0.05093	0.00979	0.00585	0.00736	0.00197	0.05668	0.00682	0.00293	0.00741
10	0.01329	0.15752	0.49035	0.01441	0.02103	0.12197	0.01680	0.01815	0.01285	0.01706	0.05751	0.01330	0.01026	0.00581	0.00518	0.00166	0.00796	0.00434	0.00274	0.00781
11	0.00790	0.00584	0.00737	0.00699	0.00842	0.00531	0.00524	0.01041	0.01572	0.02183	0.65647	0.04455	0.15847	0.01211	0.00675	0.00182	0.00273	0.01060	0.00615	0.00531
12	0.01147	0.02959	0.76934	0.01630	0.02476	0.01328	0.02113	0.01811	0.01208	0.01811	0.01026	0.01208	0.00725	0.00543	0.00543	0.00181	0.00845	0.00423	0.00242	0.00845
13	0.01410	0.01311	0.02092	0.12704	0.54532	0.01375	0.01600	0.05344	0.10238	0.01963	0.01233	0.01514	0.00992	0.00558	0.00569	0.00176	0.00660	0.00526	0.00329	0.00875
14	0.01129	0.00655	0.00717	0.00674	0.00853	0.00656	0.00514	0.01547	0.10144	0.06709	0.15539	0.02722	0.06975	0.00823	0.00499	0.00155	0.00304	0.00683	0.48098	0.00602
15	0.00697	0.00498	0.00664	0.00796	0.00830	0.00465	0.00531	0.00796	0.01095	0.01460	0.03153	0.79525	0.03783	0.01792	0.00730	0.00232	0.00332	0.01626	0.00531	0.00465
16	0.00838	0.00638	0.00778	0.00733	0.00894	0.00604	0.00553	0.01200	0.07757	0.02175	0.57924	0.04302	0.17081	0.01184	0.00667	0.00183	0.00289	0.01031	0.00609	0.00561
17	0.06697	0.08224	0.15068	0.01204	0.01664	0.05028	0.01120	0.08730	0.28056	0.14467	0.02919	0.01677	0.01299	0.00674	0.00539	0.00177	0.00582	0.00527	0.00485	0.00862
18	0.00711	0.00508	0.00680	0.00813	0.00852	0.00477	0.00556	0.00821	0.01109	0.01476	0.03145	0.74853	0.03752	0.01778	0.00734	0.00234	0.00344	0.06156	0.00531	0.00469
19	0.00697	0.00498	0.00664	0.00796	0.00830	0.00465	0.00531	0.00796	0.01095	0.01460	0.03153	0.79525	0.03783	0.01792	0.00730	0.00232	0.00332	0.01626	0.00531	0.00465
20	0.40617	0.06384	0.04929	0.04049	0.01522	0.01470	0.00904	0.20559	0.07714	0.05273	0.01145	0.01217	0.00851	0.00597	0.00456	0.00174	0.00536	0.00413	0.00425	0.00766
21	0.01785	0.01221	0.01523	0.01214	0.01591	0.01271	0.07056	0.32322	0.09596	0.15664	0.08847	0.06755	0.05333	0.00847	0.00611	0.00184	0.00545	0.02215	0.00573	0.00846
22	0.06071	0.16855	0.51289	0.01416	0.02121	0.04458	0.01700	0.01867	0.01230	0.06531	0.01044	0.01179	0.00765	0.00545	0.00501	0.00169	0.00764	0.00402	0.00280	0.00813
23	0.07037	0.15459	0.01826	0.01313	0.01678	0.44136	0.01050	0.17470	0.01731	0.01930	0.00968	0.01079	0.00779	0.00590	0.00493	0.00150	0.00839	0.00385	0.00349	0.00738
24	0.01442	0.63003	0.10448	0.01043	0.01539	0.02018	0.01067	0.01765	0.05573	0.01510	0.05203	0.01211	0.01059	0.00551	0.00416	0.00136	0.00607	0.00380	0.00286	0.00745
25	0.61892	0.01398	0.05879	0.00934	0.01330	0.06223	0.00812	0.11992	0.01272	0.02590	0.00898	0.01016	0.00684	0.00557	0.00407	0.00175	0.00532	0.00350	0.00374	0.00687
26	0.01133	0.00925	0.01044	0.00954	0.01189	0.01006	0.00733	0.02114	0.40526	0.02346	0.37109	0.03143	0.03469	0.00962	0.00626	0.00187	0.00366	0.00830	0.00604	0.00733
27	0.01357	0.01334	0.02078	0.15685	0.55584	0.05643	0.01613	0.01682	0.01294	0.01755	0.01334	0.01653	0.05315	0.00580	0.00571	0.00173	0.00690	0.00543	0.00294	0.00822
28	0.01155	0.00823	0.00908	0.00825	0.01082	0.00814	0.00638	0.01760	0.23318	0.11486	0.12599	0.03906	0.36180	0.01122	0.00635	0.00190	0.00361	0.00940	0.00580	0.00677
29	0.02467	0.01062	0.01374	0.01061	0.01500	0.00981	0.00874	0.11600	0.05058	0.64421	0.02151	0.01885	0.01376	0.00708	0.00575	0.00177	0.00503	0.00571	0.00686	0.00970
30	0.02419	0.00941	0.01280	0.00993	0.01409	0.00815	0.00815	0.02644	0.01636	0.70472	0.08456	0.02142	0.01750	0.00747	0.00584	0.00177	0.00468	0.00614	0.00701	0.00937
31	0.01753	0.01133	0.01216	0.00983	0.01309	0.01217	0.00795	0.40563	0.02025	0.07560	0.01626	0.01714	0.01199	0.00680	0.00503	0.00157	0.00475	0.00526	0.33772	0.00796
32	0.06018	0.01424	0.02906	0.02211	0.06254	0.01389	0.57321	0.01726	0.01281	0.01824	0.01235	0.06469	0.01035	0.00602	0.00728	0.00197	0.05636	0.00696	0.00306	0.00741
33	0.02480	0.00954	0.01300	0.01003	0.01430	0.00826	0.00826	0.02704	0.01636	0.73071	0.05879	0.02061	0.01611	0.00731	0.00580	0.00177	0.00476	0.00598	0.00704	0.00952
34	0.00716	0.00581	0.00634	0.00621	0.00797	0.00500	0.00466	0.00898	0.01397	0.01767	0.26615	0.05139	0.55139	0.01366	0.00676	0.00189	0.00284	0.01156	0.00560	0.00500
35	0.02242	0.01312	0.01511	0.01167	0.01593	0.01362	0.00954	0.43927	0.02197	0.30304	0.01722	0.01719	0.01199	0.05215	0.00707	0.00195	0.00573	0.00555	0.00609	0.00937
36	0.02206	0.00967	0.01260	0.01006	0.01397	0.00892	0.00817	0.02635	0.12322	0.57686	0.10449	0.02232	0.01905	0.00769	0.00587	0.00180	0.00458	0.00637	0.00681	0.00915
37	0.00879	0.00635	0.00866	0.00975	0.01103	0.00622	0.00828	0.01123	0.01324	0.01730	0.09349	0.11926	0.08151	0.01554	0.00768	0.00249	0.00475	0.56387	0.00536	0.00520
38	0.06896	0.01083	0.01121	0.00923	0.01226	0.01176	0.00744	0.36420	0.01900	0.02867	0.01561	0.01691	0.01175	0.00667	0.00480	0.00154	0.00452	0.00510	0.38206	0.00750
39	0.01148	0.02158	0.48894	0.01516	0.08199	0.01118	0.01606	0.01614	0.01173	0.05022	0.01516	0.01977	0.05617	0.14881	0.00981	0.00248	0.00729	0.00558	0.00302	0.00744
40	0.01910	0.02316	0.01657	0.01476	0.01700	0.56002	0.01142	0.04025	0.01458	0.01454	0.00863	0.01097	0.00747	0.00698	0.00868	0.00175	0.21053	0.00406	0.00291	0.00662
41	0.01324	0.00926	0.01091	0.00988	0.01222	0.00941	0.00757	0.24110	0.02597	0.06484	0.06697	0.36632	0.02626	0.01237	0.00650	0.00199	0.00447	0.04568	0.00548	0.05955
42	0.29395	0.01383	0.06163	0.01107	0.01528	0.05760	0.04501	0.17057	0.01590	0.19290	0.05876	0.01508	0.01190	0.00644	0.00506	0.00175	0.00567	0.00485	0.00482	0.00792
43	0.02134	0.01564	0.01674	0.01288	0.01734	0.01729	0.01062	0.71790	0.02636	0.03552	0.01391	0.01401	0.00991	0.00686	0.00566	0.00170	0.00616	0.00516	0.03544	0.00957
44	0.01387	0.01330	0.02271	0.09814	0.70247	0.01352	0.01741	0.01731	0.01289	0.01834	0.01071	0.01425	0.00894	0.00515	0.00567	0.00172	0.00686	0.00510	0.00281	0.00883
45	0.01409	0.42289	0.25747	0.07096	0.02045	0.06683	0.04259	0.01766	0.01212	0.01521	0.00903	0.01085	0.00739	0.00518	0.00459	0.00150	0.00736	0.00376	0.00249	0.00758
46	0.01124	0.00821	0.01013	0.10387	0.01352	0.00893	0.00718	0.05646	0.14832	0.05287	0.09177	0.04974	0.02091	0.32017	0.06911	0.00383	0.00597	0.00754	0.00439	0.00585
47	0.00821	0.00554	0.00624	0.00628	0.00637	0.00549	0.00357	0.00830	0.00860	0.01139	0.02006	0.06481	0.05044	0.74070	0.02747	0.00529	0.00536	0.00874	0.00360	0.00356
48	0.08874	0.01969	0.01587	0.29166	0.02493	0.43465	0.01237	0.01935	0.01393	0.01524	0.00924	0.01200	0.00736	0.00578	0.00522	0.00166	0.00883	0.00414	0.00285	0.00649
49	0.01621	0.06502	0.15526	0.01569	0.09167	0.23230	0.01285	0.09740	0.15643	0.01943	0.01356	0.05099	0.01115	0.00683	0.00587	0.00173	0.03072	0.00521	0.00375	0.00793
50	0.01099	0.01224	0.05955	0.01760	0.02137	0.01091	0.41860	0.01441	0.01237	0.01683	0.01866	0.29923	0.01920	0.00976	0.00722	0.00208	0.02860	0.01004	0.00374	0.00659

[dist]
# distance from previous block
# <min> <max>
1	3

[block]
# block no. 3 follows, 41 sequences, length 30
# corresponding to MSA columns:
# 532-561
name=unknown_D
#
# <colnr> <probs for GDERKNQSTAVLIFYWHMCP>
#	G	D	E	R	K	N	Q	S	T	A	V	L	I	F	Y	W	H	M	C	P
0	0.00687	0.00570	0.00601	0.00615	0.00785	0.00484	0.00453	0.00834	0.01298	0.01582	0.09858	0.14491	0.62828	0.01473	0.00683	0.00197	0.00294	0.01248	0.00537	0.00484
1	0.01234	0.01073	0.01314	0.05895	0.01558	0.00964	0.00825	0.04862	0.01216	0.01860	0.01001	0.01224	0.00836	0.00516	0.00618	0.00116	0.10057	0.00378	0.00334	0.64119
2	0.01169	0.01370	0.08557	0.01796	0.02276	0.01149	0.44270	0.01583	0.01363	0.01881	0.14174	0.04628	0.06412	0.00701	0.00650	0.00184	0.00741	0.00757	0.00369	0.05971
3	0.00723	0.00538	0.00673	0.00731	0.00825	0.00488	0.00513	0.00877	0.01278	0.01700	0.23138	0.44207	0.19105	0.01555	0.00704	0.00210	0.00307	0.01382	0.00557	0.00488
4	0.00757	0.00583	0.00691	0.00664	0.00822	0.00517	0.00498	0.00977	0.01494	0.01998	0.48269	0.04760	0.33341	0.01280	0.00675	0.00185	0.00278	0.01103	0.00591	0.00517
5	0.01317	0.01445	0.02977	0.08487	0.02866	0.01416	0.59175	0.01865	0.07208	0.01828	0.01273	0.03273	0.00990	0.00553	0.00688	0.00195	0.02692	0.00676	0.00314	0.00761
6	0.00768	0.00551	0.00714	0.00821	0.00875	0.00527	0.00558	0.04327	0.01172	0.01563	0.03067	0.75778	0.03648	0.01739	0.00723	0.00229	0.00346	0.01573	0.00533	0.00489
7	0.00697	0.00498	0.00664	0.00796	0.00830	0.00465	0.00531	0.00796	0.01095	0.01460	0.03153	0.79525	0.03783	0.01792	0.00730	0.00232	0.00332	0.01626	0.00531	0.00465
8	0.01696	0.01524	0.01894	0.08080	0.28724	0.08743	0.01364	0.25561	0.07641	0.02370	0.01230	0.01421	0.00958	0.00632	0.00647	0.00177	0.05568	0.00508	0.00398	0.00866
9	0.03324	0.01628	0.01693	0.11128	0.02003	0.11926	0.01165	0.45258	0.02098	0.02745	0.01176	0.01324	0.00881	0.00695	0.00721	0.00181	0.10275	0.00489	0.00451	0.00840
10	0.01547	0.43837	0.23993	0.01222	0.01803	0.03940	0.01317	0.10693	0.01389	0.04102	0.00980	0.01092	0.00782	0.00539	0.00453	0.00148	0.00689	0.00375	0.00300	0.00801
11	0.07211	0.04178	0.01515	0.01237	0.01585	0.31624	0.00977	0.30163	0.01930	0.02420	0.01186	0.01289	0.00910	0.00630	0.00509	0.00156	0.00732	0.00440	0.10540	0.00767
12	0.01320	0.07968	0.36580	0.01273	0.01818	0.01210	0.01399	0.10820	0.01461	0.07984	0.10607	0.11732	0.01778	0.00808	0.00576	0.00182	0.00635	0.00667	0.00405	0.00777
13	0.01432	0.05246	0.59918	0.01491	0.02247	0.01267	0.01831	0.01995	0.01288	0.16128	0.01254	0.01339	0.00857	0.00573	0.00543	0.00178	0.00769	0.00448	0.00331	0.00866
14	0.00766	0.00551	0.00725	0.00750	0.00845	0.00510	0.00536	0.00969	0.01415	0.01969	0.47643	0.33583	0.04768	0.01412	0.00696	0.00200	0.00294	0.01265	0.00591	0.00510
15	0.01122	0.01044	0.01775	0.64492	0.12608	0.01250	0.02856	0.01471	0.01149	0.01497	0.01025	0.01522	0.00792	0.00627	0.00648	0.03955	0.00744	0.00511	0.00258	0.00653
16	0.01158	0.02639	0.63088	0.01689	0.02456	0.01300	0.10870	0.01774	0.01232	0.01808	0.01170	0.01583	0.00906	0.00602	0.00575	0.00188	0.00840	0.05042	0.00266	0.00816
17	0.02535	0.01024	0.01358	0.01041	0.01485	0.00915	0.00860	0.08495	0.01721	0.70901	0.02186	0.01901	0.01381	0.00706	0.00575	0.00177	0.00498	0.00570	0.00697	0.00973
18	0.02543	0.01011	0.01351	0.01036	0.01479	0.00897	0.00856	0.07100	0.01700	0.72324	0.02203	0.01912	0.01389	0.00707	0.00575	0.00177	0.00495	0.00572	0.00700	0.00973
19	0.03938	0.01002	0.01246	0.01011	0.01383	0.00969	0.00816	0.06577	0.15771	0.45398	0.13371	0.02280	0.02039	0.00786	0.00586	0.00180	0.00454	0.00649	0.00656	0.00886
20	0.00959	0.01210	0.15038	0.01311	0.01627	0.00882	0.17903	0.01284	0.03178	0.01610	0.02254	0.37039	0.04474	0.07449	0.00852	0.00237	0.00591	0.01087	0.00410	0.00607
21	0.02426	0.00942	0.01283	0.00994	0.01412	0.00817	0.00817	0.02651	0.01636	0.70796	0.08134	0.02132	0.01733	0.00745	0.00583	0.00177	0.00469	0.00612	0.00702	0.00939
22	0.00697	0.00498	0.00664	0.00796	0.00830	0.00465	0.00531	0.00796	0.01095	0.01460	0.03153	0.79525	0.03783	0.01792	0.00730	0.00232	0.00332	0.01626	0.00531	0.00465
23	0.02418	0.01211	0.01474	0.01130	0.01579	0.01193	0.00934	0.29825	0.02034	0.49128	0.01923	0.01730	0.01249	0.00700	0.00574	0.00175	0.00541	0.00552	0.00657	0.00973
24	0.02007	0.02345	0.01582	0.01378	0.01713	0.57082	0.01054	0.11261	0.01687	0.01734	0.00959	0.01098	0.00780	0.00590	0.00539	0.00145	0.02494	0.00386	0.00334	0.10831
25	0.00805	0.00633	0.00840	0.00887	0.00955	0.00647	0.00631	0.00920	0.01076	0.01483	0.02684	0.63527	0.03171	0.01583	0.00845	0.00222	0.09953	0.01383	0.00481	0.07274
26	0.01549	0.01199	0.01335	0.01174	0.01485	0.01378	0.00926	0.02872	0.60185	0.11411	0.02190	0.02039	0.01624	0.00786	0.00687	0.00197	0.06876	0.00626	0.00570	0.00891
27	0.01523	0.01326	0.01429	0.10690	0.01814	0.08612	0.01041	0.02572	0.45059	0.08160	0.01852	0.01843	0.01394	0.00752	0.00716	0.00194	0.09128	0.00582	0.00489	0.00824
28	0.02762	0.01181	0.01406	0.01250	0.06073	0.10656	0.09771	0.10455	0.01477	0.12553	0.01515	0.01710	0.01149	0.00739	0.00654	0.06970	0.00570	0.00526	0.27888	0.00694
29	0.01942	0.02074	0.01711	0.01437	0.01765	0.40989	0.07043	0.20709	0.01794	0.02061	0.01103	0.01263	0.00867	0.00637	0.00618	0.00163	0.05676	0.00453	0.06958	0.00739

[dist]
# distance from previous block
# <min> <max>
4	495

# created by:
# /software/SequenceAnalysis/GenePrediction/augustus/3.0.1/scripts/msa2prfl.pl ./fixed/BUSCOvEOG7BGB8Q.fas
