[name]
unknown

[dist]
# distance from previous block
# <min> <max>
0	262

[block]
# block no. 0 follows, 40 sequences, length 18
# corresponding to MSA columns:
# 287-304
name=unknown_A
#
# <colnr> <probs for GDERKNQSTAVLIFYWHMCP>
#	G	D	E	R	K	N	Q	S	T	A	V	L	I	F	Y	W	H	M	C	P
0	0.00919	0.00657	0.00917	0.01051	0.01177	0.00654	0.00906	0.01174	0.01321	0.01720	0.03089	0.12199	0.03386	0.01623	0.00798	0.00265	0.00520	0.66557	0.00536	0.00531
1	0.01166	0.03008	0.76550	0.01657	0.02517	0.01351	0.02149	0.01842	0.01228	0.01842	0.01044	0.01228	0.00737	0.00552	0.00552	0.00184	0.00859	0.00430	0.00246	0.00859
2	0.01084	0.00542	0.00542	0.00542	0.00678	0.00542	0.00407	0.01355	0.01220	0.02168	0.01897	0.02168	0.01491	0.00678	0.00407	0.00136	0.00271	0.00542	0.82791	0.00542
3	0.00867	0.00623	0.00839	0.00862	0.00998	0.00595	0.00698	0.01139	0.01528	0.02104	0.47648	0.05198	0.04662	0.01350	0.00731	0.00216	0.00375	0.28423	0.00600	0.00544
4	0.02515	0.00969	0.01320	0.01019	0.01452	0.00839	0.00839	0.02743	0.01663	0.72458	0.06139	0.02103	0.01652	0.00744	0.00590	0.00180	0.00483	0.00609	0.00716	0.00967
5	0.01955	0.01484	0.01957	0.04601	0.08140	0.01579	0.11206	0.47052	0.02224	0.08361	0.01466	0.04679	0.01111	0.00698	0.00603	0.00181	0.00674	0.00596	0.00513	0.00921
6	0.29987	0.01035	0.01182	0.00943	0.01363	0.01007	0.00779	0.02454	0.01437	0.51437	0.01793	0.01630	0.01166	0.00659	0.00509	0.00180	0.00480	0.00494	0.00598	0.00868
7	0.01536	0.54452	0.05514	0.01286	0.01763	0.08297	0.11337	0.01778	0.01231	0.01460	0.00893	0.01091	0.00784	0.00626	0.02445	0.00165	0.03951	0.00390	0.00261	0.00739
8	0.01163	0.00997	0.01155	0.00839	0.01329	0.00752	0.00669	0.01412	0.01216	0.01868	0.01436	0.01570	0.07063	0.00517	0.00452	0.00095	0.00419	0.00418	0.00361	0.76271
9	0.01361	0.01190	0.01431	0.01537	0.14610	0.01302	0.01019	0.02554	0.50249	0.02281	0.08244	0.02267	0.03891	0.00775	0.00592	0.00186	0.00480	0.00666	0.00529	0.04838
10	0.01206	0.01034	0.01206	0.00861	0.01378	0.00775	0.00689	0.01464	0.01206	0.01895	0.01034	0.01206	0.00861	0.00431	0.00431	0.00086	0.00431	0.00345	0.00345	0.83118
11	0.00802	0.00552	0.00657	0.00703	0.00727	0.00538	0.00436	0.00850	0.00966	0.01278	0.02465	0.26221	0.05851	0.49979	0.02117	0.00439	0.00484	0.04111	0.00423	0.00401
12	0.00823	0.00594	0.00777	0.00732	0.00869	0.00549	0.00549	0.01097	0.01646	0.02332	0.75629	0.04344	0.05487	0.01189	0.00686	0.00183	0.00274	0.01052	0.00640	0.00549
13	0.02211	0.01629	0.01745	0.01338	0.01803	0.01803	0.01105	0.73997	0.02734	0.03665	0.01396	0.01396	0.00989	0.00698	0.00582	0.00175	0.00640	0.00524	0.00582	0.00989
14	0.01010	0.00505	0.00758	0.00758	0.00758	0.00505	0.00505	0.00758	0.00758	0.01010	0.01010	0.01768	0.01010	0.02020	0.02273	0.83081	0.00505	0.00505	0.00253	0.00253
15	0.01112	0.00793	0.00927	0.00817	0.01040	0.00770	0.00634	0.14015	0.01760	0.05572	0.42080	0.04030	0.21876	0.01152	0.00663	0.00185	0.00354	0.00981	0.00608	0.00631
16	0.01098	0.01034	0.01744	0.78165	0.04005	0.01292	0.01615	0.01486	0.01163	0.01486	0.01034	0.01550	0.00775	0.00581	0.00581	0.00194	0.00775	0.00517	0.00258	0.00646
17	0.01337	0.01765	0.15135	0.02337	0.08535	0.01435	0.52342	0.01828	0.01326	0.01849	0.01132	0.01484	0.00857	0.00517	0.00687	0.00191	0.03305	0.00617	0.00286	0.03035

[dist]
# distance from previous block
# <min> <max>
18	49

[block]
# block no. 1 follows, 40 sequences, length 15
# corresponding to MSA columns:
# 362-376
name=unknown_B
#
# <colnr> <probs for GDERKNQSTAVLIFYWHMCP>
#	G	D	E	R	K	N	Q	S	T	A	V	L	I	F	Y	W	H	M	C	P
0	0.22865	0.01294	0.09114	0.09064	0.01768	0.01141	0.01008	0.06141	0.05121	0.24802	0.01449	0.01472	0.01009	0.00608	0.00504	0.00171	0.00549	0.00463	0.00469	0.10987
1	0.03482	0.12609	0.02016	0.04124	0.01874	0.03716	0.05580	0.46476	0.02134	0.02853	0.01201	0.01318	0.00906	0.00679	0.00684	0.00177	0.08335	0.00494	0.00462	0.00880
2	0.01785	0.00960	0.01192	0.00999	0.01349	0.00900	0.00785	0.04078	0.15409	0.34421	0.02300	0.18030	0.01914	0.00922	0.00597	0.00182	0.00450	0.00787	0.00602	0.12337
3	0.01480	0.01393	0.02435	0.12618	0.02572	0.01442	0.35814	0.19289	0.01604	0.02157	0.01265	0.01748	0.01018	0.08848	0.00925	0.00231	0.03400	0.00634	0.00364	0.00765
4	0.01214	0.01036	0.01262	0.08925	0.01648	0.00856	0.00795	0.04103	0.01254	0.01902	0.01125	0.04070	0.00965	0.00506	0.00463	0.00106	0.00471	0.00416	0.00351	0.68530
5	0.01172	0.01104	0.01734	0.38727	0.02775	0.01303	0.06076	0.01455	0.01101	0.01537	0.00977	0.01437	0.00804	0.00716	0.00954	0.03691	0.19433	0.00497	0.00274	0.14233
6	0.01227	0.01143	0.01540	0.01384	0.01457	0.01502	0.01153	0.01595	0.11317	0.01615	0.01471	0.02503	0.01445	0.01109	0.01494	0.00249	0.51304	0.15478	0.00360	0.00655
7	0.02305	0.01477	0.01651	0.01266	0.01727	0.01578	0.01046	0.57058	0.02480	0.20963	0.01610	0.01535	0.01096	0.00703	0.00582	0.00176	0.00605	0.00538	0.00615	0.00989
8	0.55268	0.01300	0.01165	0.00965	0.01361	0.01478	0.00796	0.26914	0.01598	0.02977	0.01014	0.01102	0.00755	0.00595	0.00437	0.00178	0.00516	0.00388	0.00437	0.00755
9	0.00870	0.00604	0.00711	0.00684	0.00806	0.00576	0.00488	0.01120	0.04006	0.01969	0.38830	0.04001	0.12599	0.17520	0.01119	0.00258	0.00343	0.00945	0.12038	0.00513
10	0.00893	0.00582	0.00873	0.00873	0.00940	0.00650	0.00650	0.00940	0.00873	0.01231	0.01367	0.02104	0.01299	0.03545	0.51113	0.29577	0.01191	0.00582	0.00291	0.00426
11	0.01437	0.00729	0.00967	0.00834	0.01080	0.00651	0.00651	0.01685	0.01625	0.28083	0.45336	0.05828	0.06577	0.01055	0.00652	0.00184	0.00354	0.00913	0.00661	0.00698
12	0.18560	0.00726	0.00720	0.00657	0.00884	0.00745	0.00516	0.01636	0.01234	0.12618	0.01725	0.01886	0.01303	0.00655	0.00422	0.00151	0.00340	0.00501	0.54100	0.00623
13	0.01136	0.01034	0.01556	0.51211	0.03089	0.01112	0.01292	0.01478	0.01178	0.01628	0.01034	0.01430	0.00805	0.00529	0.00529	0.00156	0.00655	0.00457	0.00288	0.29402
14	0.02006	0.00951	0.01185	0.00967	0.01343	0.00881	0.00780	0.02460	0.14251	0.47934	0.03059	0.02768	0.17020	0.00889	0.00607	0.00186	0.00447	0.00732	0.00660	0.00873

[dist]
# distance from previous block
# <min> <max>
0	3

[block]
# block no. 2 follows, 40 sequences, length 7
# corresponding to MSA columns:
# 380-386
name=unknown_C
#
# <colnr> <probs for GDERKNQSTAVLIFYWHMCP>
#	G	D	E	R	K	N	Q	S	T	A	V	L	I	F	Y	W	H	M	C	P
0	0.01603	0.01418	0.02108	0.22096	0.13123	0.01371	0.12092	0.01802	0.01458	0.02080	0.01575	0.06619	0.01400	0.00881	0.00807	0.00240	0.05194	0.00689	0.00447	0.22997
1	0.01733	0.01164	0.01355	0.06651	0.01683	0.01277	0.00953	0.02907	0.49991	0.22168	0.02252	0.02074	0.01614	0.00756	0.00589	0.00192	0.00492	0.00628	0.00602	0.00919
2	0.01115	0.01022	0.01668	0.61343	0.03400	0.01294	0.01477	0.01414	0.01092	0.01435	0.00995	0.01531	0.00793	0.00760	0.00902	0.07050	0.11328	0.00515	0.00257	0.00612
3	0.01558	0.24913	0.12745	0.07693	0.02016	0.01737	0.07127	0.21041	0.01628	0.02163	0.05781	0.01440	0.01125	0.00644	0.00620	0.00170	0.05937	0.00492	0.00367	0.00802
4	0.00877	0.00620	0.00717	0.00688	0.00763	0.00580	0.00423	0.00925	0.00930	0.01279	0.01905	0.13394	0.02172	0.58543	0.02323	0.00456	0.00516	0.00884	0.00376	0.11629
5	0.23546	0.00877	0.00973	0.00823	0.01139	0.00848	0.00658	0.01759	0.01419	0.23502	0.23746	0.02667	0.08890	0.00858	0.00554	0.00176	0.00396	0.00691	0.00560	0.05919
6	0.01497	0.01266	0.01290	0.01151	0.01466	0.05124	0.00899	0.08975	0.53048	0.04412	0.02400	0.02469	0.05585	0.03894	0.00693	0.00210	0.00505	0.03696	0.00565	0.00855

[dist]
# distance from previous block
# <min> <max>
0	13

[block]
# block no. 3 follows, 40 sequences, length 10
# corresponding to MSA columns:
# 400-409
name=unknown_D
#
# <colnr> <probs for GDERKNQSTAVLIFYWHMCP>
#	G	D	E	R	K	N	Q	S	T	A	V	L	I	F	Y	W	H	M	C	P
0	0.02017	0.01200	0.08986	0.01055	0.01530	0.00909	0.00941	0.05727	0.01588	0.44478	0.08952	0.01966	0.01633	0.00697	0.00565	0.00164	0.00508	0.00568	0.00590	0.15927
1	0.02120	0.01035	0.01284	0.01029	0.01435	0.00975	0.00833	0.05915	0.15609	0.48097	0.02555	0.02305	0.08604	0.00793	0.00590	0.00181	0.00474	0.00647	0.00655	0.04865
2	0.02460	0.01236	0.01503	0.01153	0.01609	0.01219	0.00952	0.29956	0.02074	0.48598	0.01955	0.01762	0.01271	0.00714	0.00585	0.00179	0.00551	0.00563	0.00668	0.00991
3	0.01252	0.02140	0.39841	0.01502	0.02166	0.01269	0.09448	0.01999	0.14686	0.01966	0.01302	0.01438	0.00971	0.00567	0.00552	0.00169	0.00716	0.00484	0.00335	0.17198
4	0.00987	0.00714	0.00873	0.00909	0.01022	0.00718	0.00645	0.14172	0.01412	0.01886	0.02878	0.64940	0.03327	0.01619	0.00715	0.00226	0.00394	0.01448	0.00549	0.00569
5	0.01433	0.01087	0.01669	0.40338	0.02815	0.01244	0.03685	0.01773	0.03089	0.15218	0.01266	0.01574	0.00936	0.00661	0.00769	0.00190	0.12210	0.00521	0.00362	0.09162
6	0.00855	0.01020	0.14574	0.00906	0.01160	0.00677	0.00831	0.01156	0.01438	0.02010	0.41443	0.18750	0.10483	0.01226	0.00674	0.00196	0.00397	0.01074	0.00541	0.00587
7	0.00952	0.00694	0.00867	0.00853	0.01032	0.00611	0.00609	0.03845	0.01218	0.04167	0.02593	0.55091	0.02950	0.01414	0.00659	0.00197	0.00378	0.01264	0.00502	0.20105
8	0.07099	0.01189	0.03156	0.01096	0.01504	0.01166	0.00909	0.16767	0.15190	0.35534	0.08474	0.02030	0.01705	0.00757	0.00581	0.00183	0.00505	0.00608	0.00630	0.00915
9	0.03671	0.01381	0.05133	0.01185	0.01632	0.01336	0.01011	0.30222	0.03458	0.17372	0.01427	0.01456	0.01026	0.00661	0.00659	0.00163	0.07428	0.00487	0.00505	0.19786

[dist]
# distance from previous block
# <min> <max>
32	88

[block]
# block no. 4 follows, 40 sequences, length 33
# corresponding to MSA columns:
# 522-554
name=unknown_E
#
# <colnr> <probs for GDERKNQSTAVLIFYWHMCP>
#	G	D	E	R	K	N	Q	S	T	A	V	L	I	F	Y	W	H	M	C	P
0	0.02609	0.00990	0.01350	0.01035	0.01484	0.00855	0.00855	0.02834	0.01664	0.76338	0.02294	0.01979	0.01439	0.00720	0.00585	0.00180	0.00495	0.00585	0.00720	0.00990
1	0.01253	0.08313	0.63621	0.01685	0.04616	0.01410	0.05259	0.01863	0.01247	0.03977	0.01071	0.01250	0.00770	0.00550	0.00547	0.00180	0.00832	0.00440	0.00263	0.00854
2	0.02127	0.02782	0.05035	0.01505	0.01830	0.73797	0.01170	0.02300	0.01629	0.01442	0.00905	0.01057	0.00749	0.00597	0.00526	0.00151	0.01040	0.00377	0.00297	0.00683
3	0.29246	0.01433	0.04776	0.03415	0.01608	0.01531	0.00983	0.37522	0.01866	0.02941	0.01221	0.01330	0.02282	0.00708	0.00620	0.02946	0.03850	0.00462	0.00457	0.00804
4	0.01683	0.00762	0.01029	0.00912	0.01170	0.00676	0.00700	0.01871	0.01465	0.39359	0.12781	0.29871	0.02860	0.01178	0.00655	0.00200	0.00408	0.01031	0.00644	0.00744
5	0.83671	0.01125	0.00855	0.00765	0.01125	0.01305	0.00630	0.01709	0.00990	0.02609	0.00810	0.00945	0.00630	0.00540	0.00360	0.00180	0.00450	0.00315	0.00360	0.00630
6	0.01400	0.01155	0.01319	0.01200	0.01468	0.01333	0.00970	0.11721	0.40702	0.02313	0.02206	0.02883	0.01887	0.01124	0.04216	0.00247	0.07437	0.15073	0.00537	0.00808
7	0.02791	0.01244	0.01569	0.01248	0.01708	0.01101	0.00992	0.09247	0.01913	0.66807	0.02441	0.02286	0.01642	0.00899	0.00703	0.00231	0.00604	0.00666	0.00786	0.01120
8	0.01061	0.00547	0.00563	0.00559	0.00694	0.00543	0.00419	0.01332	0.01257	0.02182	0.08406	0.02360	0.01843	0.00723	0.00431	0.00140	0.00271	0.00587	0.75539	0.00543
9	0.02476	0.00994	0.01384	0.07843	0.01707	0.00893	0.00922	0.02715	0.01620	0.69731	0.02183	0.01941	0.01381	0.00708	0.00584	0.00181	0.00520	0.00579	0.00679	0.00959
10	0.01873	0.01087	0.01331	0.07886	0.01684	0.01133	0.00930	0.02727	0.33534	0.33785	0.02393	0.02204	0.05218	0.00775	0.00593	0.00190	0.00495	0.00642	0.00614	0.00904
11	0.02476	0.00994	0.01384	0.07843	0.01707	0.00893	0.00922	0.02715	0.01620	0.69731	0.02183	0.01941	0.01381	0.00708	0.00584	0.00181	0.00520	0.00579	0.00679	0.00959
12	0.01576	0.01214	0.01712	0.16357	0.21364	0.01205	0.01237	0.13271	0.01527	0.11095	0.01259	0.01456	0.00951	0.00560	0.00540	0.00155	0.00605	0.00480	0.00397	0.23042
13	0.00709	0.00506	0.00675	0.00810	0.00843	0.00472	0.00540	0.00810	0.01113	0.01484	0.03205	0.79184	0.03846	0.01822	0.00742	0.00236	0.00337	0.01653	0.00540	0.00472
14	0.02075	0.01120	0.04473	0.01088	0.01490	0.01029	0.00916	0.09259	0.12971	0.44233	0.05680	0.02067	0.01618	0.01091	0.07885	0.00254	0.00609	0.00610	0.00624	0.00907
15	0.00823	0.00594	0.00777	0.00732	0.00869	0.00549	0.00549	0.01097	0.01646	0.02332	0.75629	0.04344	0.05487	0.01189	0.00686	0.00183	0.00274	0.01052	0.00640	0.00549
16	0.00837	0.00655	0.00765	0.00727	0.00902	0.00615	0.00548	0.01199	0.08508	0.02086	0.45250	0.04557	0.28700	0.01246	0.00677	0.00189	0.00299	0.01073	0.00602	0.00565
17	0.00823	0.00594	0.00777	0.00732	0.00869	0.00549	0.00549	0.01097	0.01646	0.02332	0.75629	0.04344	0.05487	0.01189	0.00686	0.00183	0.00274	0.01052	0.00640	0.00549
18	0.01141	0.01102	0.01935	0.67253	0.07488	0.01313	0.08495	0.01537	0.01191	0.01542	0.01050	0.01547	0.00793	0.00570	0.00591	0.00193	0.00791	0.00533	0.00263	0.00673
19	0.01203	0.10326	0.69555	0.01594	0.02419	0.01441	0.02039	0.01832	0.01223	0.01797	0.01021	0.01200	0.00738	0.00547	0.00535	0.00178	0.00837	0.00418	0.00246	0.00849
20	0.83671	0.01125	0.00855	0.00765	0.01125	0.01305	0.00630	0.01709	0.00990	0.02609	0.00810	0.00945	0.00630	0.00540	0.00360	0.00180	0.00450	0.00315	0.00360	0.00630
21	0.00709	0.00506	0.00675	0.00810	0.00843	0.00472	0.00540	0.00810	0.01113	0.01484	0.03205	0.79184	0.03846	0.01822	0.00742	0.00236	0.00337	0.01653	0.00540	0.00472
22	0.01206	0.01034	0.01206	0.00861	0.01378	0.00775	0.00689	0.01464	0.01206	0.01895	0.01034	0.01206	0.00861	0.00431	0.00431	0.00086	0.00431	0.00345	0.00345	0.83118
23	0.12843	0.01563	0.01629	0.01263	0.01715	0.01738	0.01043	0.64562	0.02506	0.03527	0.01320	0.01337	0.00942	0.00677	0.00553	0.00175	0.00615	0.00496	0.00553	0.00942
24	0.02257	0.01028	0.01360	0.04849	0.01604	0.00903	0.00873	0.05602	0.01601	0.55662	0.01959	0.01789	0.01280	0.00658	0.00556	0.00163	0.00503	0.00534	0.00621	0.16199
25	0.01206	0.01034	0.01206	0.00861	0.01378	0.00775	0.00689	0.01464	0.01206	0.01895	0.01034	0.01206	0.00861	0.00431	0.00431	0.00086	0.00431	0.00345	0.00345	0.83118
26	0.01375	0.01254	0.01707	0.15673	0.10066	0.01413	0.08078	0.02540	0.46514	0.02148	0.01873	0.01921	0.01416	0.00694	0.00597	0.00194	0.00592	0.00620	0.00470	0.00857
27	0.01329	0.01107	0.01755	0.52534	0.08463	0.01340	0.01491	0.04221	0.01242	0.08705	0.01135	0.01541	0.00855	0.00653	0.00759	0.00198	0.11125	0.00523	0.00315	0.00709
28	0.00797	0.00574	0.00754	0.00750	0.00863	0.00531	0.00547	0.01031	0.01523	0.02136	0.58853	0.21679	0.05107	0.01335	0.00699	0.00195	0.00289	0.01191	0.00617	0.00531
29	0.01640	0.01290	0.01492	0.01456	0.09902	0.01429	0.01033	0.16802	0.44435	0.07381	0.02064	0.05265	0.01592	0.00781	0.00594	0.00191	0.00518	0.00654	0.00562	0.00919
30	0.02552	0.00977	0.01331	0.01025	0.01465	0.00845	0.00845	0.02779	0.01664	0.73985	0.04626	0.02054	0.01568	0.00735	0.00588	0.00180	0.00488	0.00600	0.00717	0.00976
31	0.01333	0.01064	0.01192	0.02531	0.01401	0.01183	0.00851	0.05450	0.46858	0.04843	0.17264	0.05503	0.02618	0.00937	0.00626	0.00198	0.00436	0.04308	0.00594	0.00810
32	0.01350	0.01095	0.01260	0.00932	0.01425	0.00915	0.00747	0.06819	0.08342	0.04739	0.01231	0.01339	0.00978	0.00494	0.00462	0.00106	0.00451	0.00396	0.00398	0.66522

[dist]
# distance from previous block
# <min> <max>
0	1

[block]
# block no. 5 follows, 40 sequences, length 85
# corresponding to MSA columns:
# 556-640
name=unknown_F
#
# <colnr> <probs for GDERKNQSTAVLIFYWHMCP>
#	G	D	E	R	K	N	Q	S	T	A	V	L	I	F	Y	W	H	M	C	P
0	0.02217	0.01642	0.01756	0.01365	0.01824	0.01808	0.01116	0.69491	0.06703	0.03632	0.01503	0.01516	0.01085	0.00740	0.00606	0.00186	0.00648	0.00549	0.00600	0.01012
1	0.02258	0.01663	0.01779	0.01373	0.01840	0.01828	0.01126	0.73370	0.02756	0.03699	0.01450	0.01474	0.01042	0.00735	0.00606	0.00185	0.00658	0.00542	0.00599	0.01015
2	0.01837	0.01451	0.01588	0.06955	0.01873	0.01632	0.01082	0.36544	0.34685	0.02992	0.01855	0.01829	0.01376	0.00767	0.00610	0.00197	0.00588	0.00601	0.00580	0.00960
3	0.02200	0.01261	0.01472	0.01185	0.01601	0.01290	0.00955	0.22933	0.19904	0.34794	0.04430	0.02009	0.01572	0.00782	0.00613	0.00193	0.00540	0.00618	0.00663	0.00985
4	0.01288	0.00728	0.00950	0.00841	0.01054	0.00654	0.00644	0.01533	0.01682	0.19146	0.58386	0.03859	0.04582	0.01115	0.00686	0.00193	0.00346	0.00959	0.00675	0.00679
5	0.00824	0.00605	0.00766	0.00877	0.00938	0.00581	0.00594	0.01023	0.06576	0.01609	0.03181	0.72883	0.03721	0.01773	0.00754	0.00243	0.00367	0.01588	0.00561	0.00537
6	0.00850	0.00612	0.00790	0.00796	0.00906	0.00562	0.00572	0.01054	0.01519	0.02126	0.53442	0.26673	0.05011	0.01410	0.00726	0.00209	0.00315	0.01244	0.00627	0.00557
7	0.08306	0.01284	0.01471	0.01173	0.01604	0.01316	0.00952	0.25518	0.13472	0.35508	0.01956	0.01820	0.01338	0.00747	0.00592	0.00191	0.00552	0.00574	0.00645	0.00979
8	0.01069	0.00550	0.00801	0.00798	0.00804	0.00541	0.00532	0.00803	0.00797	0.01069	0.01068	0.01842	0.01063	0.02045	0.02281	0.82330	0.00524	0.00523	0.00273	0.00286
9	0.01272	0.05947	0.70241	0.01665	0.02495	0.01408	0.03339	0.01894	0.01273	0.03390	0.01120	0.01317	0.00810	0.00591	0.00573	0.00192	0.00861	0.00452	0.00277	0.00884
10	0.01245	0.01178	0.01997	0.54921	0.17355	0.01331	0.06938	0.01608	0.01246	0.01662	0.01113	0.01594	0.00869	0.00595	0.00606	0.00196	0.00778	0.00541	0.00290	0.03937
11	0.01263	0.01073	0.01245	0.00901	0.01419	0.00809	0.00714	0.01503	0.01241	0.01946	0.01091	0.01286	0.00916	0.00470	0.00456	0.00097	0.00451	0.00364	0.00364	0.82391
12	0.01249	0.02851	0.66808	0.01788	0.02612	0.01394	0.11070	0.01880	0.01281	0.01895	0.01118	0.01350	0.00810	0.00583	0.00594	0.00196	0.00891	0.00481	0.00272	0.00878
13	0.00990	0.00757	0.00994	0.01004	0.01092	0.00827	0.00746	0.06380	0.01200	0.01654	0.02369	0.38409	0.02635	0.05636	0.19859	0.00432	0.09292	0.04690	0.00465	0.00569
14	0.01739	0.01996	0.01722	0.01526	0.01677	0.37469	0.01202	0.01863	0.01289	0.01464	0.00915	0.01281	0.00836	0.00972	0.03918	0.00239	0.38445	0.00468	0.00298	0.00680
15	0.02031	0.01444	0.01574	0.01254	0.01642	0.01571	0.01002	0.53762	0.08203	0.06637	0.01573	0.01762	0.01208	0.06449	0.00900	0.06312	0.00622	0.00577	0.00566	0.00911
16	0.01359	0.25795	0.47775	0.01595	0.04598	0.01669	0.05618	0.01847	0.01260	0.01755	0.01040	0.01244	0.00809	0.00570	0.00531	0.00177	0.00806	0.00430	0.00271	0.00851
17	0.01408	0.01564	0.03326	0.08045	0.03136	0.01485	0.67866	0.01871	0.01391	0.01886	0.01222	0.01644	0.00929	0.00536	0.00702	0.00206	0.00980	0.00690	0.00311	0.00803
18	0.00770	0.00629	0.00665	0.00663	0.00847	0.00535	0.00490	0.00916	0.01395	0.01730	0.15850	0.09369	0.61087	0.01480	0.00713	0.00207	0.00315	0.01236	0.00572	0.00529
19	0.00749	0.00633	0.00634	0.00631	0.00831	0.00527	0.00469	0.00880	0.01360	0.01625	0.05904	0.05636	0.75067	0.01503	0.00710	0.00207	0.00316	0.01239	0.00558	0.00522
20	0.76480	0.01153	0.00936	0.00827	0.01196	0.01297	0.00673	0.01836	0.01081	0.08557	0.00988	0.01110	0.00751	0.00593	0.00404	0.00190	0.00473	0.00356	0.00408	0.00688
21	0.00902	0.00623	0.00756	0.00754	0.00786	0.00642	0.00477	0.00940	0.00908	0.01243	0.01811	0.03468	0.01986	0.59407	0.22197	0.00667	0.00840	0.00803	0.00361	0.00428
22	0.02258	0.01663	0.01779	0.01373	0.01840	0.01828	0.01126	0.73370	0.02756	0.03699	0.01450	0.01474	0.01042	0.00735	0.00606	0.00185	0.00658	0.00542	0.00599	0.01015
23	0.00804	0.00577	0.00749	0.00826	0.00896	0.00532	0.00569	0.00941	0.01308	0.01791	0.24802	0.56269	0.04362	0.01660	0.00748	0.00230	0.00340	0.01482	0.00587	0.00526
24	0.01329	0.01310	0.01815	0.01560	0.01566	0.01806	0.01292	0.01439	0.00929	0.01455	0.00823	0.01351	0.00819	0.01052	0.01920	0.00264	0.77802	0.00527	0.00275	0.00666
25	0.00919	0.00658	0.00934	0.00931	0.01043	0.00741	0.00717	0.01116	0.01003	0.01494	0.01647	0.02342	0.01507	0.03968	0.68302	0.00852	0.01429	0.00631	0.09214	0.00552
26	0.01427	0.01562	0.03194	0.02327	0.02860	0.01515	0.63408	0.01960	0.06784	0.01928	0.01295	0.01671	0.00995	0.00583	0.00777	0.00210	0.05667	0.00690	0.00334	0.00814
27	0.01408	0.01253	0.01998	0.13806	0.49015	0.01290	0.01536	0.06056	0.01397	0.01984	0.01387	0.07808	0.01233	0.00693	0.00602	0.00189	0.00660	0.00629	0.06209	0.00850
28	0.02232	0.01067	0.01338	0.01089	0.01487	0.01016	0.00873	0.02802	0.20231	0.51732	0.07574	0.02268	0.01862	0.00807	0.00618	0.00195	0.00490	0.00654	0.00698	0.00967
29	0.07518	0.00986	0.01386	0.33618	0.02438	0.01080	0.01126	0.01837	0.07197	0.18001	0.03816	0.13521	0.01641	0.00894	0.00650	0.01761	0.00597	0.00732	0.00466	0.00735
30	0.82971	0.01164	0.00897	0.00805	0.01168	0.01333	0.00655	0.01746	0.01027	0.02653	0.00869	0.01027	0.00686	0.00578	0.00386	0.00190	0.00470	0.00335	0.00379	0.00660
31	0.01521	0.01137	0.01300	0.01152	0.01450	0.01229	0.00952	0.32310	0.11147	0.02694	0.09471	0.05062	0.03578	0.01080	0.00668	0.00209	0.00537	0.23156	0.00573	0.00775
32	0.01539	0.65743	0.02748	0.01047	0.01484	0.07768	0.00995	0.01723	0.01189	0.01372	0.00867	0.01050	0.00797	0.00798	0.05906	0.00188	0.03462	0.00345	0.00257	0.00721
33	0.02172	0.02772	0.01648	0.01498	0.01798	0.77228	0.01124	0.02322	0.01648	0.01423	0.00899	0.01049	0.00749	0.00599	0.00524	0.00150	0.01049	0.00375	0.00300	0.00674
34	0.05920	0.00947	0.10436	0.00913	0.01154	0.00718	0.00827	0.01249	0.01498	0.02180	0.48500	0.04142	0.04202	0.01144	0.00670	0.00198	0.00407	0.13752	0.00554	0.00591
35	0.01197	0.09166	0.70664	0.01604	0.02435	0.01427	0.02056	0.01834	0.01224	0.01804	0.01025	0.01204	0.00737	0.00548	0.00538	0.00179	0.00840	0.00420	0.00246	0.00850
36	0.00941	0.00704	0.00999	0.00967	0.01100	0.00813	0.00757	0.06881	0.01079	0.01535	0.01545	0.02213	0.01417	0.04068	0.71119	0.00874	0.01484	0.00615	0.00333	0.00557
37	0.01427	0.01661	0.07738	0.02314	0.02909	0.01490	0.63646	0.07638	0.01473	0.02006	0.01186	0.01534	0.00882	0.00511	0.00670	0.00194	0.00946	0.00658	0.00314	0.00805
38	0.00835	0.00559	0.00637	0.00648	0.00651	0.00556	0.00367	0.00843	0.00867	0.01156	0.01942	0.09841	0.02253	0.73338	0.02782	0.00538	0.00546	0.00910	0.00367	0.00362
39	0.02482	0.00962	0.01309	0.01013	0.01441	0.00833	0.00833	0.02711	0.01663	0.71075	0.07510	0.02147	0.01727	0.00753	0.00592	0.00180	0.00479	0.00618	0.00714	0.00958
40	0.00835	0.00602	0.00795	0.00768	0.00905	0.00562	0.00591	0.01109	0.01613	0.02268	0.67815	0.04582	0.05256	0.01234	0.00699	0.00192	0.00302	0.08695	0.00629	0.00547
41	0.02178	0.02599	0.01663	0.01474	0.01799	0.65825	0.01121	0.13159	0.01812	0.01762	0.00974	0.01101	0.00785	0.00614	0.00533	0.00154	0.00987	0.00397	0.00342	0.00722
42	0.02172	0.02772	0.01648	0.01498	0.01798	0.77228	0.01124	0.02322	0.01648	0.01423	0.00899	0.01049	0.00749	0.00599	0.00524	0.00150	0.01049	0.00375	0.00300	0.00674
43	0.01599	0.74427	0.02948	0.01031	0.01514	0.07630	0.01004	0.01783	0.01215	0.01372	0.00815	0.00941	0.00746	0.00505	0.00384	0.00126	0.00652	0.00315	0.00252	0.00741
44	0.01446	0.01249	0.01315	0.01183	0.01512	0.01446	0.00920	0.03090	0.74885	0.02433	0.02367	0.02170	0.01775	0.00789	0.00592	0.00197	0.00460	0.00657	0.00592	0.00920
45	0.01402	0.01203	0.01277	0.01151	0.01466	0.01383	0.00894	0.02948	0.69676	0.02425	0.07577	0.02324	0.02039	0.00817	0.00598	0.00196	0.00447	0.00685	0.00595	0.00894
46	0.01166	0.03008	0.76550	0.01657	0.02517	0.01351	0.02149	0.01842	0.01228	0.01842	0.01044	0.01228	0.00737	0.00552	0.00552	0.00184	0.00859	0.00430	0.00246	0.00859
47	0.00751	0.00543	0.00746	0.00841	0.00893	0.00547	0.00589	0.00880	0.01061	0.01440	0.02717	0.54363	0.03141	0.05817	0.20648	0.00432	0.00668	0.02971	0.00473	0.00481
48	0.01245	0.01312	0.02602	0.01948	0.02355	0.01308	0.48013	0.01682	0.05152	0.01734	0.01408	0.06522	0.01240	0.07249	0.06603	0.00287	0.07569	0.00736	0.00327	0.00706
49	0.00818	0.00588	0.00763	0.00730	0.00853	0.00546	0.00536	0.01067	0.01569	0.02214	0.67293	0.08292	0.05195	0.05984	0.00827	0.00209	0.00295	0.01071	0.00617	0.00533
50	0.01206	0.01149	0.01967	0.54272	0.25265	0.01323	0.03402	0.01583	0.01216	0.01617	0.01055	0.01518	0.00821	0.00560	0.00582	0.00188	0.00755	0.00521	0.00268	0.00731
51	0.01439	0.57020	0.24928	0.01192	0.01797	0.02018	0.01338	0.01771	0.01195	0.01509	0.00878	0.01021	0.00743	0.00514	0.00427	0.00142	0.00693	0.00346	0.00248	0.00780
52	0.00709	0.00506	0.00675	0.00810	0.00843	0.00472	0.00540	0.00810	0.01113	0.01484	0.03205	0.79184	0.03846	0.01822	0.00742	0.00236	0.00337	0.01653	0.00540	0.00472
53	0.01076	0.11430	0.45202	0.01326	0.01897	0.01202	0.01532	0.01522	0.01188	0.01679	0.01659	0.24399	0.01663	0.00924	0.00588	0.00193	0.00676	0.00780	0.00334	0.00731
54	0.01206	0.01034	0.01206	0.00861	0.01378	0.00775	0.00689	0.01464	0.01206	0.01895	0.01034	0.01206	0.00861	0.00431	0.00431	0.00086	0.00431	0.00345	0.00345	0.83118
55	0.07918	0.04874	0.01652	0.01390	0.01626	0.39078	0.01101	0.02030	0.01358	0.08708	0.00983	0.01193	0.00811	0.00727	0.00925	0.00185	0.23991	0.00428	0.00329	0.00693
56	0.01479	0.01266	0.01333	0.01190	0.01525	0.01462	0.00928	0.06139	0.71783	0.02486	0.02325	0.02136	0.01741	0.00785	0.00591	0.00196	0.00468	0.00652	0.00591	0.00923
57	0.01643	0.38692	0.07584	0.01288	0.07039	0.06219	0.01101	0.08861	0.05928	0.08235	0.07121	0.01480	0.01284	0.00620	0.00486	0.00152	0.00622	0.00463	0.00379	0.00802
58	0.00831	0.00623	0.00935	0.00935	0.01038	0.00727	0.00727	0.01038	0.00935	0.01350	0.01558	0.02285	0.01454	0.04361	0.77259	0.00935	0.01558	0.00623	0.00312	0.00519
59	0.01301	0.02050	0.36925	0.01387	0.01955	0.01351	0.01484	0.05675	0.31444	0.02167	0.03727	0.05058	0.01437	0.00728	0.00582	0.00191	0.00647	0.00597	0.00426	0.00865
60	0.00846	0.00564	0.00634	0.00634	0.00634	0.00564	0.00352	0.00846	0.00846	0.01128	0.01832	0.03805	0.02114	0.79563	0.02960	0.00564	0.00564	0.00846	0.00352	0.00352
61	0.00834	0.00612	0.00878	0.00878	0.00963	0.00696	0.00657	0.01002	0.00918	0.01308	0.01609	0.02570	0.01578	0.18482	0.63307	0.00865	0.01371	0.00665	0.00319	0.00488
62	0.00817	0.00594	0.00769	0.00725	0.00865	0.00546	0.00544	0.01086	0.01632	0.02299	0.72630	0.04398	0.08506	0.01201	0.00686	0.00183	0.00275	0.01059	0.00636	0.00546
63	0.00823	0.00594	0.00777	0.00732	0.00869	0.00549	0.00549	0.01097	0.01646	0.02332	0.75629	0.04344	0.05487	0.01189	0.00686	0.00183	0.00274	0.01052	0.00640	0.00549
64	0.02609	0.00990	0.01350	0.01035	0.01484	0.00855	0.00855	0.02834	0.01664	0.76338	0.02294	0.01979	0.01439	0.00720	0.00585	0.00180	0.00495	0.00585	0.00720	0.00990
65	0.00831	0.00623	0.00935	0.00935	0.01038	0.00727	0.00727	0.01038	0.00935	0.01350	0.01558	0.02285	0.01454	0.04361	0.77259	0.00935	0.01558	0.00623	0.00312	0.00519
66	0.02211	0.01629	0.01745	0.01338	0.01803	0.01803	0.01105	0.73997	0.02734	0.03665	0.01396	0.01396	0.00989	0.00698	0.00582	0.00175	0.00640	0.00524	0.00582	0.00989
67	0.01231	0.01296	0.02568	0.05980	0.02487	0.01214	0.46828	0.01616	0.01289	0.01782	0.01447	0.13244	0.01319	0.00698	0.00675	0.00187	0.02246	0.00770	0.00336	0.12788
68	0.00809	0.00621	0.00937	0.00990	0.01087	0.00590	0.06020	0.00977	0.01183	0.01570	0.03027	0.57021	0.03515	0.01675	0.00752	0.00240	0.00430	0.17525	0.00521	0.00510
69	0.83671	0.01125	0.00855	0.00765	0.01125	0.01305	0.00630	0.01709	0.00990	0.02609	0.00810	0.00945	0.00630	0.00540	0.00360	0.00180	0.00450	0.00315	0.00360	0.00630
70	0.02609	0.00990	0.01350	0.01035	0.01484	0.00855	0.00855	0.02834	0.01664	0.76338	0.02294	0.01979	0.01439	0.00720	0.00585	0.00180	0.00495	0.00585	0.00720	0.00990
71	0.02211	0.01629	0.01745	0.01338	0.01803	0.01803	0.01105	0.73997	0.02734	0.03665	0.01396	0.01396	0.00989	0.00698	0.00582	0.00175	0.00640	0.00524	0.00582	0.00989
72	0.01256	0.01114	0.01701	0.61657	0.03499	0.01319	0.01472	0.11222	0.01377	0.01811	0.01082	0.01502	0.00811	0.00585	0.00569	0.00183	0.00729	0.00504	0.00309	0.07296
73	0.01522	0.01152	0.01287	0.01069	0.01469	0.01172	0.00843	0.02574	0.43672	0.11640	0.01961	0.01859	0.01461	0.00674	0.00543	0.00162	0.00456	0.00555	0.00534	0.25398
74	0.02211	0.01629	0.01745	0.01338	0.01803	0.01803	0.01105	0.73997	0.02734	0.03665	0.01396	0.01396	0.00989	0.00698	0.00582	0.00175	0.00640	0.00524	0.00582	0.00989
75	0.01585	0.01222	0.01245	0.01101	0.01406	0.08917	0.00847	0.09529	0.27108	0.13096	0.02199	0.19326	0.01942	0.00958	0.00605	0.00188	0.00514	0.00807	0.00550	0.06856
76	0.01349	0.01122	0.01282	0.00940	0.01441	0.00945	0.00756	0.10985	0.05324	0.02154	0.01152	0.01282	0.00927	0.00485	0.00459	0.00104	0.00459	0.00384	0.00389	0.68062
77	0.01563	0.00777	0.00990	0.00854	0.01142	0.00687	0.00684	0.01805	0.02759	0.33461	0.19741	0.03794	0.22113	0.01088	0.00650	0.00191	0.00395	0.05941	0.00639	0.00726
78	0.01062	0.00897	0.00967	0.00971	0.01141	0.04152	0.00709	0.01769	0.29405	0.01909	0.08185	0.38850	0.05000	0.01318	0.00670	0.00213	0.00409	0.01161	0.00557	0.00659
79	0.00897	0.00615	0.00779	0.00726	0.00889	0.00556	0.00549	0.01149	0.01598	0.06152	0.61014	0.04410	0.16058	0.01208	0.00681	0.00185	0.00289	0.01054	0.00629	0.00563
80	0.01273	0.01699	0.18971	0.06023	0.12802	0.01568	0.08960	0.01607	0.01093	0.01624	0.00931	0.01331	0.00793	0.00763	0.01213	0.00218	0.37614	0.00511	0.00262	0.00744
81	0.01295	0.01077	0.01202	0.01150	0.01421	0.01215	0.00925	0.02529	0.52992	0.02227	0.02579	0.03476	0.02243	0.01032	0.00655	0.00218	0.00483	0.21901	0.00575	0.00806
82	0.00720	0.00519	0.00688	0.00811	0.00856	0.00480	0.00543	0.00825	0.01116	0.01494	0.03153	0.77308	0.03774	0.01788	0.00735	0.00233	0.00340	0.01622	0.00535	0.02460
83	0.01400	0.49179	0.32422	0.01260	0.01902	0.01921	0.01456	0.01781	0.01200	0.01557	0.00902	0.01051	0.00742	0.00519	0.00445	0.00148	0.00717	0.00358	0.00247	0.00791
84	0.05894	0.70065	0.08337	0.01031	0.01548	0.02178	0.01060	0.01747	0.01175	0.01469	0.00826	0.00955	0.00739	0.00504	0.00386	0.00132	0.00630	0.00320	0.00254	0.00748

[dist]
# distance from previous block
# <min> <max>
0	1

[block]
# block no. 6 follows, 40 sequences, length 32
# corresponding to MSA columns:
# 642-673
name=unknown_G
#
# <colnr> <probs for GDERKNQSTAVLIFYWHMCP>
#	G	D	E	R	K	N	Q	S	T	A	V	L	I	F	Y	W	H	M	C	P
0	0.01199	0.01034	0.01241	0.05960	0.01551	0.00809	0.00750	0.01466	0.01203	0.01868	0.01034	0.01229	0.00856	0.00441	0.00441	0.00093	0.00453	0.00356	0.00339	0.77678
1	0.05775	0.01655	0.06597	0.01306	0.01788	0.03211	0.01128	0.57256	0.02425	0.10920	0.01429	0.01418	0.00998	0.00682	0.00569	0.00175	0.00640	0.00511	0.00558	0.00958
2	0.02495	0.01015	0.01346	0.01049	0.01487	0.00913	0.00861	0.02859	0.08834	0.69101	0.02301	0.01998	0.01472	0.00727	0.00585	0.00182	0.00491	0.00592	0.00707	0.00983
3	0.02363	0.01022	0.01342	0.01018	0.01480	0.00879	0.00837	0.05414	0.01631	0.61236	0.02052	0.01829	0.01327	0.00671	0.00559	0.00164	0.00490	0.00543	0.00653	0.14490
4	0.01206	0.01034	0.01206	0.00861	0.01378	0.00775	0.00689	0.01464	0.01206	0.01895	0.01034	0.01206	0.00861	0.00431	0.00431	0.00086	0.00431	0.00345	0.00345	0.83118
5	0.01459	0.01575	0.03258	0.02337	0.02912	0.01505	0.66351	0.09275	0.01512	0.02048	0.01199	0.01551	0.00893	0.00512	0.00676	0.00194	0.00945	0.00670	0.00324	0.00805
6	0.00733	0.00521	0.00690	0.00816	0.00854	0.00492	0.00554	0.00839	0.01111	0.01478	0.03106	0.69289	0.03698	0.06935	0.00893	0.00260	0.00366	0.06370	0.00527	0.00469
7	0.02021	0.01566	0.01567	0.01256	0.01652	0.09346	0.01018	0.51061	0.05579	0.05911	0.01467	0.01528	0.01081	0.00937	0.05703	0.00222	0.00706	0.00524	0.05963	0.00893
8	0.00736	0.00560	0.00735	0.05868	0.01043	0.00534	0.00593	0.00873	0.01182	0.01543	0.07182	0.56916	0.16805	0.01645	0.00719	0.00223	0.00355	0.01471	0.00526	0.00491
9	0.02063	0.01381	0.01588	0.01252	0.01634	0.01514	0.01028	0.47048	0.02232	0.16723	0.05075	0.04697	0.01374	0.00802	0.00730	0.00187	0.08585	0.00603	0.00575	0.00912
10	0.02207	0.01746	0.01735	0.01354	0.01803	0.09554	0.01107	0.66631	0.02623	0.03435	0.01345	0.01360	0.00964	0.00688	0.00576	0.00172	0.00682	0.00508	0.00553	0.00957
11	0.01229	0.01068	0.01236	0.01006	0.01373	0.01044	0.00801	0.01867	0.22458	0.01986	0.03925	0.02013	0.06383	0.00716	0.00663	0.00150	0.08450	0.02329	0.00433	0.40869
12	0.02088	0.02066	0.01644	0.01385	0.01761	0.34078	0.01088	0.33446	0.12276	0.02533	0.01318	0.01355	0.00995	0.00668	0.00559	0.00167	0.00790	0.00478	0.00462	0.00845
13	0.01199	0.01034	0.01242	0.06042	0.01554	0.00810	0.00751	0.01466	0.01203	0.01867	0.01034	0.01229	0.00856	0.00441	0.00441	0.00093	0.00454	0.00356	0.00339	0.77591
14	0.05722	0.01379	0.01462	0.01213	0.01590	0.01545	0.00971	0.39085	0.28665	0.02996	0.01862	0.07770	0.01481	0.00812	0.00587	0.00188	0.00542	0.00651	0.00571	0.00906
15	0.01524	0.69404	0.05436	0.01166	0.01684	0.02185	0.08516	0.01757	0.01203	0.01434	0.00854	0.01008	0.00760	0.00499	0.00411	0.00134	0.00666	0.00353	0.00253	0.00754
16	0.00703	0.00581	0.00617	0.00626	0.00800	0.00495	0.00463	0.00859	0.01336	0.01639	0.12710	0.13031	0.61173	0.01480	0.00693	0.00199	0.00297	0.01253	0.00550	0.00495
17	0.01152	0.01089	0.01785	0.60332	0.10551	0.01342	0.01571	0.01530	0.02496	0.01538	0.01073	0.01614	0.00853	0.00643	0.00721	0.00199	0.08744	0.01821	0.00272	0.00674
18	0.00867	0.00592	0.00778	0.00758	0.00887	0.00545	0.00558	0.01105	0.01542	0.04915	0.58628	0.19007	0.05013	0.01296	0.00693	0.00193	0.00295	0.01153	0.00623	0.00550
19	0.02006	0.01168	0.02662	0.01292	0.06507	0.01146	0.00998	0.17316	0.12103	0.33463	0.04654	0.02448	0.01708	0.00827	0.00613	0.00191	0.00536	0.08844	0.00612	0.00905
20	0.01010	0.00505	0.00758	0.00758	0.00758	0.00505	0.00505	0.00758	0.00758	0.01010	0.01010	0.01768	0.01010	0.02020	0.02273	0.83081	0.00505	0.00505	0.00253	0.00253
21	0.00936	0.00818	0.01278	0.01169	0.01315	0.00847	0.11857	0.01207	0.06130	0.01606	0.02510	0.51439	0.02833	0.01425	0.00850	0.00226	0.09376	0.01278	0.00469	0.02431
22	0.01206	0.01034	0.01206	0.00861	0.01378	0.00775	0.00689	0.01464	0.01206	0.01895	0.01034	0.01206	0.00861	0.00431	0.00431	0.00086	0.00431	0.00345	0.00345	0.83118
23	0.00709	0.00506	0.00675	0.00810	0.00843	0.00472	0.00540	0.00810	0.01113	0.01484	0.03205	0.79184	0.03846	0.01822	0.00742	0.00236	0.00337	0.01653	0.00540	0.00472
24	0.01456	0.01120	0.01283	0.00986	0.01429	0.01009	0.00785	0.17606	0.05250	0.05814	0.01464	0.09346	0.01270	0.00665	0.00512	0.00131	0.00472	0.00546	0.00447	0.48409
25	0.01560	0.01184	0.01354	0.00996	0.01495	0.01045	0.00807	0.20236	0.01631	0.07397	0.01212	0.01307	0.00933	0.00519	0.00480	0.00115	0.00489	0.00407	0.00431	0.56401
26	0.06458	0.02010	0.23213	0.01520	0.02073	0.07823	0.11286	0.28366	0.01851	0.02558	0.06221	0.01516	0.01166	0.00644	0.00577	0.00179	0.00747	0.00530	0.00414	0.00847
27	0.00853	0.00724	0.01154	0.01101	0.01206	0.00734	0.10490	0.01009	0.01127	0.01527	0.02694	0.61136	0.03146	0.01564	0.00848	0.00233	0.08034	0.01411	0.00479	0.00530
28	0.02211	0.01629	0.01745	0.01338	0.01803	0.01803	0.01105	0.73997	0.02734	0.03665	0.01396	0.01396	0.00989	0.00698	0.00582	0.00175	0.00640	0.00524	0.00582	0.00989
29	0.01847	0.02244	0.01679	0.22321	0.02387	0.53801	0.01263	0.02061	0.01488	0.01439	0.00930	0.01193	0.00757	0.00610	0.00591	0.00166	0.03853	0.00418	0.00287	0.00665
30	0.83671	0.01125	0.00855	0.00765	0.01125	0.01305	0.00630	0.01709	0.00990	0.02609	0.00810	0.00945	0.00630	0.00540	0.00360	0.00180	0.00450	0.00315	0.00360	0.00630
31	0.01436	0.01337	0.02584	0.05979	0.07841	0.01302	0.42429	0.05212	0.01468	0.08648	0.11295	0.01950	0.01551	0.00640	0.00703	0.00192	0.03575	0.00691	0.00389	0.00778

[dist]
# distance from previous block
# <min> <max>
0	1

[block]
# block no. 7 follows, 40 sequences, length 11
# corresponding to MSA columns:
# 675-685
name=unknown_H
#
# <colnr> <probs for GDERKNQSTAVLIFYWHMCP>
#	G	D	E	R	K	N	Q	S	T	A	V	L	I	F	Y	W	H	M	C	P
0	0.01163	0.01016	0.01045	0.00965	0.01191	0.06536	0.00735	0.01969	0.31176	0.02239	0.34638	0.05508	0.07406	0.01018	0.00638	0.00189	0.00409	0.00870	0.00587	0.00703
1	0.05785	0.01307	0.02149	0.14784	0.56210	0.01389	0.01665	0.01711	0.01254	0.01843	0.01049	0.01419	0.00873	0.00560	0.00648	0.00181	0.05536	0.00506	0.00285	0.00845
2	0.00831	0.00623	0.00935	0.00935	0.01038	0.00727	0.00727	0.01038	0.00935	0.01350	0.01558	0.02285	0.01454	0.04361	0.77259	0.00935	0.01558	0.00623	0.00312	0.00519
3	0.01318	0.01258	0.02141	0.30145	0.50310	0.01350	0.01724	0.01678	0.01267	0.01752	0.01072	0.01479	0.00869	0.00541	0.00578	0.00180	0.00721	0.00518	0.00277	0.00823
4	0.00695	0.00589	0.00600	0.00597	0.00790	0.00494	0.00448	0.00849	0.01344	0.01614	0.09820	0.05526	0.71744	0.01457	0.00687	0.00196	0.00293	0.01217	0.00546	0.00494
5	0.01350	0.24769	0.50235	0.01458	0.02174	0.07191	0.01747	0.01848	0.01246	0.01677	0.00966	0.01131	0.00740	0.00540	0.00500	0.00165	0.00806	0.00392	0.00250	0.00814
6	0.00831	0.00623	0.00935	0.00935	0.01038	0.00727	0.00727	0.01038	0.00935	0.01350	0.01558	0.02285	0.01454	0.04361	0.77259	0.00935	0.01558	0.00623	0.00312	0.00519
7	0.45635	0.01161	0.01116	0.06672	0.01465	0.01307	0.00799	0.17920	0.01458	0.07054	0.01162	0.01283	0.00861	0.00604	0.00444	0.00175	0.00500	0.00417	0.09244	0.00723
8	0.01287	0.00842	0.01015	0.00935	0.01185	0.00809	0.00706	0.03503	0.15888	0.14587	0.02716	0.32142	0.07022	0.01190	0.00638	0.00196	0.00411	0.02774	0.00556	0.11598
9	0.36960	0.00843	0.00905	0.00865	0.01084	0.00895	0.04555	0.01278	0.01114	0.02049	0.06427	0.33262	0.05456	0.01138	0.00567	0.00205	0.00416	0.00963	0.00454	0.00563
10	0.01399	0.16787	0.07964	0.12211	0.46962	0.01548	0.01637	0.01743	0.01269	0.01740	0.01027	0.01338	0.00855	0.00525	0.00535	0.00167	0.00700	0.00471	0.00273	0.00848

[dist]
# distance from previous block
# <min> <max>
1	8

[block]
# block no. 8 follows, 40 sequences, length 44
# corresponding to MSA columns:
# 695-738
name=unknown_I
#
# <colnr> <probs for GDERKNQSTAVLIFYWHMCP>
#	G	D	E	R	K	N	Q	S	T	A	V	L	I	F	Y	W	H	M	C	P
0	0.01166	0.03008	0.76550	0.01657	0.02517	0.01351	0.02149	0.01842	0.01228	0.01842	0.01044	0.01228	0.00737	0.00552	0.00552	0.00184	0.00859	0.00430	0.00246	0.00859
1	0.00817	0.00590	0.00772	0.00736	0.00867	0.00545	0.00548	0.01082	0.01618	0.02287	0.71784	0.08317	0.05400	0.01222	0.00689	0.00186	0.00278	0.01084	0.00635	0.00545
2	0.23460	0.01063	0.01208	0.14692	0.01771	0.01067	0.00859	0.07156	0.01252	0.02120	0.01172	0.07347	0.01028	0.00617	0.00475	0.00149	0.00506	0.00484	0.00367	0.33203
3	0.77694	0.01115	0.00891	0.00785	0.01151	0.01271	0.00646	0.01792	0.01039	0.08045	0.00919	0.01021	0.00689	0.00553	0.00376	0.00180	0.00453	0.00335	0.00386	0.00656
4	0.02172	0.02772	0.01648	0.01498	0.01798	0.77228	0.01124	0.02322	0.01648	0.01423	0.00899	0.01049	0.00749	0.00599	0.00524	0.00150	0.01049	0.00375	0.00300	0.00674
5	0.01187	0.02873	0.69944	0.01759	0.04529	0.01359	0.06654	0.01841	0.01239	0.01845	0.01053	0.01255	0.00751	0.00548	0.00562	0.00185	0.00862	0.00448	0.00250	0.00856
6	0.01446	0.01249	0.01315	0.01183	0.01512	0.01446	0.00920	0.03090	0.74885	0.02433	0.02367	0.02170	0.01775	0.00789	0.00592	0.00197	0.00460	0.00657	0.00592	0.00920
7	0.01361	0.01594	0.05417	0.02379	0.02944	0.01484	0.67915	0.01837	0.01343	0.01837	0.01151	0.01543	0.00872	0.00520	0.00748	0.00199	0.05118	0.00670	0.00291	0.00779
8	0.00899	0.00569	0.00729	0.00776	0.00852	0.00531	0.00524	0.01011	0.01169	0.07400	0.11331	0.46780	0.05448	0.17775	0.01182	0.00292	0.00388	0.01320	0.00527	0.00498
9	0.01307	0.01108	0.01197	0.01112	0.01401	0.01251	0.00877	0.02624	0.57944	0.02272	0.04313	0.03058	0.07875	0.00958	0.00629	0.00206	0.00453	0.10004	0.00581	0.00829
10	0.00709	0.00506	0.00675	0.00810	0.00843	0.00472	0.00540	0.00810	0.01113	0.01484	0.03205	0.79184	0.03846	0.01822	0.00742	0.00236	0.00337	0.01653	0.00540	0.00472
11	0.05528	0.01756	0.01587	0.14916	0.04475	0.29988	0.01189	0.10553	0.01504	0.01796	0.01174	0.01708	0.01024	0.00919	0.04557	0.00224	0.09985	0.06084	0.00343	0.00690
12	0.10145	0.06946	0.08046	0.01195	0.01670	0.01520	0.01058	0.38092	0.04477	0.10142	0.01417	0.03872	0.01067	0.00676	0.00536	0.00169	0.00592	0.00513	0.00501	0.07367
13	0.00718	0.00513	0.00683	0.00804	0.00845	0.00478	0.00541	0.00832	0.01155	0.01551	0.08903	0.73296	0.03975	0.01772	0.00738	0.00232	0.00332	0.01606	0.00548	0.00478
14	0.01270	0.01364	0.02744	0.06243	0.07686	0.01368	0.47835	0.01656	0.01272	0.01747	0.01364	0.11005	0.01228	0.00719	0.00819	0.00206	0.09662	0.00764	0.00317	0.00732
15	0.01167	0.00992	0.01164	0.00857	0.01336	0.00751	0.00677	0.01413	0.01199	0.01863	0.01204	0.07340	0.01096	0.00540	0.00455	0.00098	0.00423	0.00447	0.00360	0.76616
16	0.04997	0.02634	0.01627	0.01461	0.01775	0.69298	0.01105	0.07338	0.01701	0.01622	0.00931	0.01070	0.00762	0.00604	0.00523	0.00153	0.00999	0.00383	0.00322	0.00695
17	0.01470	0.01423	0.02505	0.06777	0.51420	0.01429	0.16741	0.07467	0.01437	0.02011	0.01132	0.01468	0.00911	0.00530	0.00600	0.00179	0.00751	0.00554	0.00311	0.00885
18	0.05470	0.00730	0.00920	0.00830	0.01043	0.00692	0.00636	0.01570	0.05472	0.17844	0.44673	0.11576	0.04011	0.01103	0.00649	0.00189	0.00346	0.00959	0.00629	0.00657
19	0.00831	0.00623	0.00935	0.00935	0.01038	0.00727	0.00727	0.01038	0.00935	0.01350	0.01558	0.02285	0.01454	0.04361	0.77259	0.00935	0.01558	0.00623	0.00312	0.00519
