[name]
unknown

[dist]
# distance from previous block
# <min> <max>
0	373

[block]
# block no. 0 follows, 41 sequences, length 53
# corresponding to MSA columns:
# 399-451
name=unknown_A
#
# <colnr> <probs for GDERKNQSTAVLIFYWHMCP>
#	G	D	E	R	K	N	Q	S	T	A	V	L	I	F	Y	W	H	M	C	P
0	0.03544	0.35939	0.31546	0.01226	0.01805	0.05471	0.01374	0.01715	0.01244	0.01659	0.08530	0.01378	0.01201	0.00586	0.00474	0.00154	0.00685	0.00429	0.00288	0.00751
1	0.00697	0.00498	0.00664	0.00796	0.00830	0.00465	0.00531	0.00796	0.01095	0.01460	0.03153	0.79525	0.03783	0.01792	0.00730	0.00232	0.00332	0.01626	0.00531	0.00465
2	0.02441	0.00982	0.01313	0.01015	0.01440	0.00870	0.00835	0.06310	0.01689	0.68563	0.06635	0.02057	0.01632	0.00735	0.00581	0.00177	0.00481	0.00600	0.00696	0.00947
3	0.04863	0.01717	0.19049	0.02510	0.32652	0.01338	0.20317	0.03123	0.01321	0.01931	0.04835	0.01523	0.01070	0.00547	0.00586	0.00179	0.00758	0.00551	0.00301	0.00829
4	0.06704	0.01290	0.02182	0.17468	0.47665	0.01362	0.08292	0.01685	0.01237	0.01812	0.01040	0.01410	0.00850	0.00541	0.00620	0.00180	0.04060	0.00511	0.00281	0.00811
5	0.00817	0.00613	0.00919	0.00919	0.01021	0.00715	0.00715	0.01021	0.00919	0.01328	0.01532	0.02247	0.01430	0.04290	0.77631	0.00919	0.01532	0.00613	0.00306	0.00511
6	0.02336	0.01343	0.01556	0.01193	0.01645	0.01390	0.00986	0.44940	0.02256	0.33699	0.01737	0.01609	0.01155	0.00695	0.00573	0.00174	0.00571	0.00540	0.00628	0.00973
7	0.01673	0.35329	0.04343	0.01067	0.01557	0.03139	0.00971	0.20378	0.01593	0.05828	0.01073	0.01154	0.00854	0.00540	0.00450	0.00132	0.00584	0.00385	0.00373	0.18576
8	0.01156	0.09046	0.01770	0.18883	0.29461	0.01174	0.01287	0.01441	0.01253	0.01695	0.08599	0.13699	0.01870	0.00846	0.00597	0.00186	0.00590	0.05385	0.00359	0.00704
9	0.00702	0.00511	0.00662	0.00771	0.00826	0.00471	0.00522	0.00817	0.01149	0.01522	0.08142	0.67595	0.10763	0.01719	0.00721	0.00225	0.00324	0.01548	0.00537	0.00471
10	0.15474	0.06674	0.28164	0.06714	0.17951	0.05212	0.08489	0.01775	0.01215	0.01884	0.00988	0.01230	0.00762	0.00529	0.00518	0.00175	0.00743	0.00441	0.00278	0.00784
11	0.00944	0.00615	0.00733	0.00727	0.00811	0.00665	0.00531	0.01115	0.01070	0.01675	0.02137	0.14118	0.06310	0.13965	0.08796	0.00310	0.08432	0.00790	0.35759	0.00497
12	0.01456	0.09153	0.01193	0.00859	0.01164	0.13213	0.00687	0.04893	0.01355	0.06796	0.01433	0.01597	0.01125	0.00591	0.00439	0.00129	0.00486	0.00447	0.35747	0.17236
13	0.01010	0.05734	0.38026	0.01177	0.01676	0.01011	0.01329	0.01468	0.01396	0.02011	0.35679	0.02610	0.02885	0.00830	0.00595	0.00178	0.00568	0.00700	0.00421	0.00699
14	0.01774	0.02322	0.15848	0.01388	0.01793	0.41266	0.01225	0.10911	0.06279	0.01900	0.08692	0.01505	0.01300	0.00663	0.00548	0.00163	0.00834	0.00482	0.00370	0.00738
15	0.01217	0.11341	0.61182	0.01749	0.09864	0.01435	0.01952	0.01795	0.01212	0.01766	0.01006	0.01197	0.00744	0.00534	0.00526	0.00173	0.00803	0.00419	0.00246	0.00839
16	0.00881	0.00607	0.00752	0.00702	0.00870	0.00544	0.00531	0.01117	0.01541	0.06570	0.54042	0.04441	0.22838	0.01212	0.00669	0.00183	0.00288	0.01050	0.00610	0.00551
17	0.19057	0.02187	0.44642	0.01355	0.01994	0.01310	0.02660	0.02012	0.11974	0.05812	0.01230	0.01325	0.00888	0.00582	0.00512	0.00182	0.00685	0.00443	0.00339	0.00811
18	0.18081	0.01424	0.03051	0.09868	0.30202	0.08172	0.01291	0.13358	0.01485	0.02224	0.04799	0.01428	0.01051	0.00589	0.00526	0.00172	0.00646	0.00482	0.00358	0.00791
19	0.01461	0.00735	0.00928	0.00816	0.01085	0.00642	0.00646	0.01656	0.01464	0.31507	0.13385	0.09307	0.27458	0.01150	0.00647	0.00192	0.00383	0.05237	0.00614	0.00687
20	0.00699	0.00536	0.00643	0.00725	0.00824	0.00480	0.00511	0.00823	0.01185	0.01504	0.04159	0.47904	0.31465	0.01651	0.00712	0.00219	0.00324	0.04630	0.00531	0.00474
21	0.01147	0.02959	0.76934	0.01630	0.02476	0.01328	0.02113	0.01811	0.01208	0.01811	0.01026	0.01208	0.00725	0.00543	0.00543	0.00181	0.00845	0.00423	0.00242	0.00845
22	0.01365	0.02412	0.53506	0.01474	0.02166	0.01308	0.01736	0.11885	0.04730	0.06934	0.01345	0.06217	0.01040	0.00662	0.00563	0.00183	0.00743	0.00531	0.00351	0.00850
23	0.00678	0.00571	0.00588	0.00601	0.00778	0.00481	0.00444	0.00818	0.01283	0.01537	0.05526	0.13021	0.68754	0.01483	0.00682	0.00197	0.00294	0.01250	0.00531	0.00481
24	0.01080	0.01017	0.01716	0.78523	0.03940	0.01271	0.01589	0.01461	0.01144	0.01461	0.01017	0.01525	0.00762	0.00572	0.00572	0.00191	0.00762	0.00508	0.00254	0.00635
25	0.01351	0.00761	0.00987	0.03918	0.01170	0.00763	0.06108	0.01759	0.08320	0.13477	0.01882	0.02036	0.01412	0.00666	0.00471	0.00152	0.00390	0.00560	0.53158	0.00658
26	0.01395	0.08843	0.02417	0.02645	0.42019	0.01428	0.17109	0.01877	0.08808	0.01878	0.01234	0.01505	0.00995	0.00537	0.00564	0.00171	0.00690	0.00541	0.04501	0.00842
27	0.02267	0.01040	0.01318	0.01056	0.01467	0.00993	0.00858	0.02853	0.20909	0.57278	0.02275	0.01996	0.01502	0.00726	0.00577	0.00181	0.00478	0.00594	0.00675	0.00956
28	0.00875	0.00679	0.00766	0.00709	0.00902	0.00630	0.00541	0.07928	0.01569	0.02058	0.35126	0.04590	0.39006	0.01258	0.00666	0.00185	0.00314	0.01068	0.00577	0.00554
29	0.01289	0.03261	0.40606	0.09366	0.16081	0.01338	0.12902	0.01813	0.01259	0.05119	0.01106	0.01356	0.00814	0.00537	0.00569	0.00181	0.00806	0.00490	0.00278	0.00829
30	0.01073	0.00997	0.01666	0.63498	0.10506	0.01197	0.01497	0.01422	0.01154	0.01500	0.01239	0.09435	0.01083	0.00690	0.00587	0.00193	0.00711	0.00622	0.00285	0.00644
31	0.76103	0.08630	0.01046	0.00774	0.01141	0.01376	0.00654	0.01684	0.00991	0.02450	0.00796	0.00928	0.00630	0.00527	0.00355	0.00172	0.00459	0.00309	0.00344	0.00630
32	0.01406	0.01455	0.08888	0.01883	0.20506	0.01407	0.06007	0.04078	0.43254	0.02196	0.01792	0.01810	0.01364	0.00666	0.00580	0.00186	0.00584	0.00590	0.00455	0.00893
33	0.70499	0.01209	0.05648	0.00834	0.01228	0.01241	0.00735	0.01802	0.01055	0.10050	0.00959	0.01050	0.00707	0.00550	0.00388	0.00177	0.00472	0.00344	0.00383	0.00670
34	0.02071	0.02619	0.01627	0.06291	0.01904	0.72829	0.01135	0.02233	0.01591	0.01404	0.00892	0.01062	0.00738	0.00588	0.00519	0.00150	0.01015	0.00377	0.00292	0.00661
35	0.01274	0.05488	0.39570	0.02252	0.21860	0.01399	0.16438	0.01797	0.01259	0.01811	0.01056	0.01317	0.00801	0.00520	0.00568	0.00178	0.00816	0.00491	0.00262	0.00842
36	0.01776	0.01896	0.08682	0.06172	0.01835	0.29278	0.01162	0.02347	0.19129	0.11993	0.01427	0.01490	0.01073	0.00686	0.00681	0.00179	0.08519	0.00490	0.00408	0.00776
37	0.00823	0.00590	0.00804	0.00804	0.00867	0.00652	0.00571	0.00948	0.00885	0.01243	0.01637	0.02830	0.01683	0.33739	0.48528	0.00777	0.01151	0.00698	0.00322	0.00447
38	0.01283	0.01224	0.02082	0.33146	0.47730	0.01324	0.01689	0.01639	0.01240	0.01708	0.01052	0.01459	0.00849	0.00534	0.00568	0.00178	0.00712	0.00509	0.00272	0.00799
39	0.01354	0.01728	0.24818	0.01513	0.09355	0.01307	0.01341	0.02399	0.36923	0.05659	0.06213	0.01893	0.01547	0.00697	0.00574	0.00186	0.00588	0.00583	0.00455	0.00868
40	0.01433	0.09259	0.01518	0.01264	0.05273	0.01505	0.00956	0.02840	0.64024	0.02260	0.02109	0.01974	0.01601	0.00733	0.00559	0.00186	0.00480	0.00605	0.00533	0.00888
41	0.50148	0.01319	0.08726	0.00937	0.01350	0.01270	0.00848	0.12683	0.01332	0.09668	0.01115	0.01199	0.00814	0.00581	0.00430	0.00174	0.00504	0.00392	0.05787	0.00723
42	0.00748	0.00582	0.00679	0.00655	0.00817	0.00513	0.00491	0.00960	0.01473	0.01948	0.43583	0.04842	0.38058	0.01298	0.00675	0.00186	0.00279	0.01114	0.00584	0.00513
43	0.02566	0.00973	0.01327	0.01018	0.01460	0.00841	0.00841	0.02788	0.01637	0.76726	0.02257	0.01947	0.01416	0.00708	0.00575	0.00177	0.00487	0.00575	0.00708	0.00973
44	0.01402	0.01216	0.01319	0.05803	0.01634	0.01414	0.00946	0.02945	0.70850	0.02337	0.02249	0.02098	0.01687	0.00764	0.00581	0.00194	0.00471	0.00638	0.00562	0.00889
45	0.00688	0.00533	0.00628	0.00704	0.00805	0.00472	0.00490	0.00807	0.01184	0.01497	0.04283	0.47862	0.34717	0.01645	0.00707	0.00216	0.00314	0.01447	0.00531	0.00472
46	0.01169	0.07151	0.54067	0.01623	0.02339	0.01327	0.12872	0.01739	0.01266	0.01833	0.08163	0.01533	0.01191	0.00590	0.00565	0.00179	0.00795	0.00512	0.00286	0.00798
47	0.00751	0.00557	0.00701	0.00719	0.00832	0.00506	0.00519	0.00946	0.01402	0.01904	0.41160	0.27817	0.17254	0.01411	0.00692	0.00198	0.00293	0.01248	0.00582	0.00506
48	0.00969	0.00682	0.00859	0.00833	0.00869	0.00748	0.00577	0.01032	0.00950	0.05031	0.01944	0.14804	0.02175	0.46897	0.02169	0.00421	0.12655	0.05545	0.00389	0.00451
49	0.00697	0.00498	0.00664	0.00796	0.00830	0.00465	0.00531	0.00796	0.01095	0.01460	0.03153	0.79525	0.03783	0.01792	0.00730	0.00232	0.00332	0.01626	0.00531	0.00465
50	0.01186	0.01017	0.01186	0.00847	0.01356	0.00762	0.00678	0.01440	0.01186	0.01864	0.01017	0.01186	0.00847	0.00424	0.00424	0.00085	0.00424	0.00339	0.00339	0.83395
51	0.01314	0.01081	0.01563	0.33825	0.10086	0.01099	0.01204	0.05661	0.01295	0.06874	0.01127	0.01414	0.00863	0.00529	0.00519	0.00149	0.00608	0.00453	0.00336	0.30000
52	0.01225	0.14838	0.12433	0.41286	0.08307	0.01470	0.01501	0.01735	0.08698	0.01615	0.01118	0.01431	0.00863	0.00570	0.00534	0.00177	0.00711	0.00476	0.00286	0.00729

[dist]
# distance from previous block
# <min> <max>
2	6

[block]
# block no. 1 follows, 41 sequences, length 13
# corresponding to MSA columns:
# 459-471
name=unknown_B
#
# <colnr> <probs for GDERKNQSTAVLIFYWHMCP>
#	G	D	E	R	K	N	Q	S	T	A	V	L	I	F	Y	W	H	M	C	P
0	0.01304	0.01160	0.01746	0.34560	0.22366	0.01306	0.01410	0.09255	0.10724	0.01976	0.07334	0.01780	0.01323	0.00642	0.00580	0.00183	0.00648	0.00570	0.00367	0.00768
1	0.01354	0.01296	0.02210	0.17370	0.62955	0.01343	0.01725	0.01701	0.01273	0.01793	0.01065	0.01436	0.00880	0.00521	0.00567	0.00174	0.00695	0.00509	0.00278	0.00856
2	0.01867	0.02007	0.01473	0.01304	0.01604	0.42980	0.01012	0.18281	0.03741	0.02055	0.10327	0.01971	0.01589	0.00767	0.00572	0.00167	0.00793	0.06353	0.00424	0.00713
3	0.00853	0.00821	0.07053	0.02418	0.01126	0.00709	0.00761	0.01037	0.01055	0.01476	0.03988	0.33690	0.02464	0.10124	0.17402	0.00398	0.04792	0.03308	0.00410	0.06115
4	0.00695	0.00506	0.00655	0.00774	0.00824	0.00466	0.00521	0.00799	0.01117	0.01469	0.03426	0.71867	0.11264	0.01756	0.00724	0.00228	0.00327	0.01583	0.00531	0.00466
5	0.01169	0.02828	0.70854	0.01784	0.08494	0.01331	0.02084	0.01807	0.01215	0.01816	0.01031	0.01225	0.00739	0.00541	0.00545	0.00180	0.00832	0.00430	0.00245	0.00850
6	0.01423	0.01229	0.01293	0.01164	0.01487	0.01423	0.00905	0.03039	0.75297	0.02393	0.02328	0.02134	0.01746	0.00776	0.00582	0.00194	0.00453	0.00647	0.00582	0.00905
7	0.01330	0.01204	0.01909	0.45224	0.21062	0.01382	0.03535	0.11999	0.01402	0.01875	0.01079	0.01470	0.00830	0.00582	0.00607	0.00184	0.02751	0.00514	0.00308	0.00753
8	0.00697	0.00498	0.00664	0.00796	0.00830	0.00465	0.00531	0.00796	0.01095	0.01460	0.03153	0.79525	0.03783	0.01792	0.00730	0.00232	0.00332	0.01626	0.00531	0.00465
9	0.01424	0.28839	0.02110	0.01265	0.01494	0.11756	0.02989	0.01581	0.01112	0.01401	0.03291	0.03004	0.01013	0.03925	0.01120	0.00200	0.32069	0.00475	0.00277	0.00655
10	0.00869	0.00609	0.00699	0.00661	0.00842	0.00532	0.00494	0.01052	0.01406	0.07294	0.28744	0.04728	0.42659	0.05912	0.00800	0.00209	0.00313	0.01081	0.00566	0.00530
11	0.01483	0.01245	0.01376	0.06836	0.01696	0.01390	0.00957	0.13389	0.50776	0.02446	0.01943	0.01870	0.01458	0.00708	0.00562	0.00178	0.00499	0.00583	0.00529	0.10073
12	0.55260	0.01007	0.00895	0.00799	0.01116	0.01131	0.00646	0.01786	0.07131	0.08463	0.05109	0.01451	0.01137	0.00830	0.04953	0.00219	0.00489	0.00431	0.06492	0.00655

[dist]
# distance from previous block
# <min> <max>
0	5

[block]
# block no. 2 follows, 41 sequences, length 7
# corresponding to MSA columns:
# 477-483
name=unknown_C
#
# <colnr> <probs for GDERKNQSTAVLIFYWHMCP>
#	G	D	E	R	K	N	Q	S	T	A	V	L	I	F	Y	W	H	M	C	P
0	0.01387	0.01385	0.02564	0.26832	0.25705	0.01415	0.28002	0.01757	0.01333	0.01820	0.01191	0.01639	0.00946	0.00590	0.00652	0.00204	0.00842	0.00602	0.00313	0.00822
1	0.00692	0.00580	0.00602	0.00596	0.00782	0.00490	0.00447	0.00852	0.01341	0.01635	0.14190	0.05357	0.67647	0.01415	0.00676	0.00192	0.00287	0.01187	0.00543	0.00490
2	0.12176	0.01040	0.01301	0.01010	0.01444	0.00969	0.00834	0.08460	0.01644	0.62016	0.02012	0.01780	0.01286	0.00685	0.00549	0.00177	0.00493	0.00539	0.00655	0.00931
3	0.01212	0.02504	0.53332	0.01881	0.02640	0.01366	0.25260	0.01818	0.01253	0.01818	0.01068	0.01315	0.00771	0.00524	0.00586	0.00185	0.00884	0.00504	0.00257	0.00822
4	0.01501	0.12171	0.24628	0.01475	0.08212	0.01459	0.01357	0.05749	0.25965	0.09399	0.01571	0.01576	0.01161	0.00634	0.00539	0.00176	0.00624	0.00509	0.00420	0.00874
5	0.00922	0.00722	0.00935	0.00879	0.00899	0.00854	0.00622	0.00991	0.00859	0.01213	0.01513	0.02887	0.01653	0.47114	0.17690	0.00560	0.18213	0.00714	0.00317	0.00442
6	0.69155	0.01131	0.00959	0.00824	0.01195	0.01276	0.00679	0.07456	0.01176	0.10322	0.00992	0.01069	0.00729	0.00561	0.00394	0.00177	0.00462	0.00353	0.00408	0.00684

[dist]
# distance from previous block
# <min> <max>
7	10

[block]
# block no. 3 follows, 41 sequences, length 7
# corresponding to MSA columns:
# 494-500
name=unknown_D
#
# <colnr> <probs for GDERKNQSTAVLIFYWHMCP>
#	G	D	E	R	K	N	Q	S	T	A	V	L	I	F	Y	W	H	M	C	P
0	0.15931	0.02107	0.01389	0.01239	0.01545	0.48621	0.00949	0.09919	0.01584	0.01911	0.01021	0.01162	0.00816	0.00598	0.00483	0.00154	0.00811	0.00391	0.08691	0.00676
1	0.51438	0.01206	0.01424	0.01839	0.30732	0.01313	0.01067	0.01711	0.01103	0.02292	0.00907	0.01121	0.00732	0.00523	0.00438	0.00174	0.00536	0.00388	0.00326	0.00732
2	0.01319	0.01260	0.02147	0.25129	0.55468	0.01334	0.01707	0.01671	0.01257	0.01751	0.01059	0.01447	0.00865	0.00528	0.00568	0.00176	0.00703	0.00509	0.00275	0.00828
3	0.01518	0.01353	0.02078	0.01593	0.02016	0.01405	0.27101	0.22208	0.18506	0.02486	0.09114	0.04767	0.01660	0.00723	0.00627	0.00187	0.00662	0.00695	0.00478	0.00823
4	0.00693	0.00512	0.00649	0.00760	0.00820	0.00468	0.00515	0.00801	0.01131	0.01475	0.03601	0.66948	0.16070	0.01734	0.00721	0.00226	0.00325	0.01555	0.00531	0.00468
5	0.01644	0.04594	0.05327	0.07994	0.02245	0.14392	0.24122	0.20455	0.01695	0.02193	0.01204	0.01431	0.00911	0.00581	0.00569	0.00171	0.00787	0.00530	0.08382	0.00772
6	0.01136	0.00710	0.00927	0.00887	0.01102	0.00626	0.00690	0.01335	0.01294	0.13388	0.09659	0.30269	0.02928	0.01267	0.00657	0.00198	0.00408	0.16196	0.00532	0.15790

[dist]
# distance from previous block
# <min> <max>
0	1

[block]
# block no. 4 follows, 41 sequences, length 24
# corresponding to MSA columns:
# 502-525
name=unknown_E
#
# <colnr> <probs for GDERKNQSTAVLIFYWHMCP>
#	G	D	E	R	K	N	Q	S	T	A	V	L	I	F	Y	W	H	M	C	P
0	0.43916	0.16917	0.19063	0.01159	0.05819	0.01488	0.01102	0.01722	0.01084	0.02113	0.00866	0.01020	0.00683	0.00525	0.00413	0.00167	0.00583	0.00347	0.00302	0.00711
1	0.01308	0.01472	0.09355	0.19488	0.40646	0.02734	0.11707	0.01700	0.01271	0.01755	0.01153	0.01505	0.02231	0.00541	0.00581	0.00179	0.00752	0.00534	0.00278	0.00810
2	0.01344	0.01134	0.01414	0.23821	0.02196	0.01296	0.01104	0.07209	0.37343	0.03486	0.01844	0.02145	0.01451	0.00743	0.00583	0.00189	0.00560	0.05648	0.00468	0.06024
3	0.00697	0.00498	0.00664	0.00796	0.00830	0.00465	0.00531	0.00796	0.01095	0.01460	0.03153	0.79525	0.03783	0.01792	0.00730	0.00232	0.00332	0.01626	0.00531	0.00465
4	0.01314	0.30300	0.40353	0.01547	0.04917	0.01675	0.09004	0.01776	0.01209	0.01650	0.00959	0.01146	0.00749	0.00517	0.00495	0.00161	0.00768	0.00410	0.00249	0.00800
5	0.01197	0.07135	0.63823	0.01751	0.06697	0.01390	0.06593	0.01804	0.01220	0.01790	0.01025	0.01224	0.00745	0.00535	0.00543	0.00178	0.00830	0.00437	0.00247	0.00838
6	0.01350	0.01543	0.03375	0.02411	0.02989	0.01446	0.74253	0.01832	0.01350	0.01832	0.01157	0.01543	0.00868	0.00482	0.00675	0.00193	0.00964	0.00675	0.00289	0.00771
7	0.70257	0.01125	0.01028	0.01062	0.09127	0.01265	0.00754	0.01756	0.01048	0.06963	0.00914	0.01042	0.00698	0.00539	0.00390	0.00176	0.00470	0.00347	0.00368	0.00671
8	0.00805	0.00585	0.00759	0.00715	0.00852	0.00538	0.00536	0.01071	0.01609	0.02270	0.73783	0.04312	0.07657	0.01178	0.00675	0.00180	0.00270	0.01040	0.00627	0.00538
9	0.01537	0.01265	0.01721	0.07759	0.28124	0.01368	0.01264	0.07488	0.32787	0.07996	0.01715	0.01767	0.01296	0.00655	0.00574	0.00182	0.00571	0.00573	0.00461	0.00896
10	0.01567	0.01777	0.01705	0.01492	0.01597	0.28786	0.01199	0.01700	0.01141	0.01385	0.00798	0.01173	0.00746	0.00854	0.01392	0.00214	0.51115	0.00453	0.00266	0.00639
11	0.01981	0.02467	0.01644	0.01479	0.01721	0.64288	0.01131	0.02125	0.01490	0.01396	0.00861	0.01070	0.00739	0.00662	0.00755	0.00165	0.14691	0.00392	0.00287	0.00657
12	0.01464	0.01027	0.01177	0.00973	0.01263	0.01063	0.00776	0.31514	0.02041	0.06981	0.36011	0.03028	0.08333	0.00963	0.00627	0.00177	0.00432	0.00806	0.00603	0.00739
13	0.01416	0.01359	0.02322	0.03511	0.76330	0.01359	0.01755	0.01755	0.01302	0.01869	0.01076	0.01416	0.00906	0.00510	0.00566	0.00170	0.00680	0.00510	0.00283	0.00906
14	0.01539	0.00750	0.00973	0.00822	0.01099	0.00659	0.00650	0.01765	0.01570	0.34084	0.31682	0.03498	0.16478	0.01022	0.00632	0.00181	0.00366	0.00869	0.00645	0.00715
15	0.00889	0.00635	0.00884	0.01016	0.01133	0.00630	0.00865	0.01128	0.01284	0.01675	0.03047	0.17130	0.03364	0.01611	0.00781	0.00259	0.00498	0.62127	0.00527	0.00518
16	0.00810	0.00585	0.00765	0.00720	0.00855	0.00540	0.00540	0.01079	0.01619	0.02294	0.76028	0.04273	0.05397	0.01169	0.00675	0.00180	0.00270	0.01034	0.00630	0.00540
17	0.00709	0.00507	0.00674	0.00788	0.00832	0.00473	0.00532	0.00827	0.01151	0.01549	0.10902	0.71522	0.03955	0.01726	0.00724	0.00227	0.00325	0.01563	0.00541	0.00473
18	0.01212	0.02265	0.46117	0.11835	0.19669	0.01335	0.06032	0.01755	0.01229	0.01781	0.01044	0.01315	0.00779	0.00536	0.00560	0.00180	0.00803	0.00468	0.00255	0.00829
19	0.09576	0.00589	0.00703	0.00760	0.00862	0.00571	0.00537	0.00963	0.01225	0.01791	0.21278	0.48094	0.08007	0.01482	0.00673	0.00211	0.00326	0.01314	0.00537	0.00501
20	0.01705	0.01566	0.06339	0.02525	0.40381	0.07065	0.06631	0.14668	0.01603	0.10093	0.01242	0.01433	0.00946	0.00568	0.00571	0.00172	0.00706	0.00514	0.00378	0.00894
21	0.01263	0.15264	0.08186	0.01711	0.02212	0.01384	0.37567	0.01634	0.01240	0.01686	0.01242	0.07165	0.01086	0.00847	0.06022	0.00222	0.00830	0.00621	0.00302	0.09516
22	0.06238	0.01511	0.07144	0.01213	0.01688	0.01467	0.01053	0.43578	0.07326	0.12181	0.01456	0.01443	0.01032	0.00649	0.00544	0.00166	0.00584	0.00495	0.00529	0.09705
23	0.01238	0.21296	0.59391	0.01476	0.02237	0.01550	0.01844	0.01788	0.01197	0.01701	0.00972	0.01139	0.00727	0.00531	0.00502	0.00167	0.00790	0.00395	0.00242	0.00819

[dist]
# distance from previous block
# <min> <max>
4	8

[block]
# block no. 5 follows, 41 sequences, length 7
# corresponding to MSA columns:
# 534-540
name=unknown_F
#
# <colnr> <probs for GDERKNQSTAVLIFYWHMCP>
#	G	D	E	R	K	N	Q	S	T	A	V	L	I	F	Y	W	H	M	C	P
0	0.01170	0.04418	0.34500	0.01202	0.01681	0.05120	0.01300	0.01579	0.01357	0.07417	0.21575	0.12111	0.02427	0.00885	0.00598	0.00183	0.00600	0.00746	0.00421	0.00710
1	0.01262	0.02799	0.70835	0.01581	0.02394	0.01289	0.02011	0.01890	0.01242	0.07855	0.01126	0.01267	0.00780	0.00557	0.00546	0.00181	0.00816	0.00435	0.00279	0.00856
2	0.01147	0.02959	0.76934	0.01630	0.02476	0.01328	0.02113	0.01811	0.01208	0.01811	0.01026	0.01208	0.00725	0.00543	0.00543	0.00181	0.00845	0.00423	0.00242	0.00845
3	0.01110	0.04589	0.46953	0.01623	0.07550	0.01190	0.06438	0.01613	0.01230	0.01752	0.01645	0.07962	0.05216	0.00782	0.00594	0.00192	0.00733	0.07754	0.00314	0.00762
4	0.01230	0.02227	0.42972	0.08846	0.18571	0.01348	0.13137	0.01772	0.01244	0.01797	0.01056	0.01332	0.00789	0.00529	0.00571	0.00181	0.00821	0.00488	0.00259	0.00829
5	0.01279	0.01351	0.02634	0.22342	0.13250	0.01419	0.37967	0.01679	0.01242	0.01695	0.01069	0.01492	0.00834	0.00561	0.00753	0.00195	0.08631	0.00591	0.00275	0.00740
6	0.01896	0.02469	0.12558	0.01770	0.12398	0.49271	0.01340	0.08418	0.01609	0.01717	0.00974	0.01141	0.00779	0.00580	0.00532	0.00158	0.00920	0.00409	0.00310	0.00751

[dist]
# distance from previous block
# <min> <max>
0	10

[block]
# block no. 6 follows, 41 sequences, length 16
# corresponding to MSA columns:
# 551-566
name=unknown_G
#
# <colnr> <probs for GDERKNQSTAVLIFYWHMCP>
#	G	D	E	R	K	N	Q	S	T	A	V	L	I	F	Y	W	H	M	C	P
0	0.01300	0.01937	0.29550	0.05998	0.42315	0.01349	0.05808	0.01767	0.01264	0.01828	0.01060	0.01351	0.00832	0.00523	0.00564	0.00176	0.00759	0.00487	0.00267	0.00865
1	0.01340	0.01314	0.06905	0.29683	0.10317	0.01316	0.11547	0.15269	0.01508	0.02017	0.01394	0.02162	0.01186	0.00715	0.00615	0.00195	0.00729	0.10684	0.00360	0.00744
2	0.00720	0.00583	0.00645	0.00674	0.00841	0.00509	0.00518	0.00883	0.01301	0.01597	0.08589	0.12639	0.55375	0.01486	0.00697	0.00206	0.00326	0.11383	0.00535	0.00490
3	0.01512	0.04943	0.05963	0.02151	0.07514	0.01362	0.50613	0.01936	0.01372	0.12378	0.01343	0.01701	0.01010	0.00552	0.00638	0.00188	0.00844	0.02825	0.00351	0.00803
4	0.01150	0.01088	0.01841	0.62942	0.18977	0.01289	0.01623	0.01523	0.01177	0.01546	0.01029	0.01502	0.00792	0.00559	0.00571	0.00186	0.00745	0.00509	0.00260	0.00692
5	0.01423	0.01229	0.01293	0.01164	0.01487	0.01423	0.00905	0.03039	0.75297	0.02393	0.02328	0.02134	0.01746	0.00776	0.00582	0.00194	0.00453	0.00647	0.00582	0.00905
6	0.01351	0.01622	0.13102	0.05170	0.45083	0.01374	0.20283	0.01774	0.01297	0.01839	0.01088	0.01422	0.00866	0.00509	0.00591	0.00178	0.00778	0.00539	0.00278	0.00855
7	0.01248	0.01188	0.02019	0.41001	0.40150	0.01315	0.01672	0.01608	0.01223	0.01665	0.01046	0.01470	0.00834	0.00541	0.00569	0.00180	0.00721	0.00509	0.00269	0.00771
8	0.83938	0.01106	0.00841	0.00752	0.01106	0.01283	0.00619	0.01681	0.00973	0.02566	0.00796	0.00929	0.00619	0.00531	0.00354	0.00177	0.00442	0.00310	0.00354	0.00619
9	0.00763	0.00535	0.00690	0.00789	0.00827	0.00515	0.00539	0.00860	0.01059	0.01406	0.02791	0.49893	0.03279	0.21673	0.01295	0.00319	0.00416	0.11423	0.00483	0.00443
10	0.01237	0.02372	0.47652	0.02095	0.13030	0.01363	0.20453	0.01809	0.01257	0.01825	0.01067	0.01322	0.00787	0.00523	0.00580	0.00183	0.00852	0.00499	0.00260	0.00835
11	0.00676	0.00579	0.00579	0.00579	0.00773	0.00483	0.00435	0.00821	0.01304	0.01545	0.05794	0.05505	0.76098	0.01449	0.00676	0.00193	0.00290	0.01207	0.00531	0.00483
12	0.00697	0.00498	0.00664	0.00796	0.00830	0.00465	0.00531	0.00796	0.01095	0.01460	0.03153	0.79525	0.03783	0.01792	0.00730	0.00232	0.00332	0.01626	0.00531	0.00465
13	0.02218	0.01079	0.01347	0.01052	0.01455	0.01036	0.00861	0.20808	0.01903	0.47581	0.12443	0.02129	0.01865	0.00768	0.00588	0.00176	0.00492	0.00625	0.00662	0.00912
14	0.01224	0.04929	0.49109	0.01901	0.12704	0.01430	0.06150	0.01740	0.01181	0.01744	0.00995	0.01253	0.00762	0.00598	0.00737	0.00188	0.11830	0.00457	0.00252	0.00815
15	0.01080	0.01017	0.01716	0.78523	0.03940	0.01271	0.01589	0.01461	0.01144	0.01461	0.01017	0.01525	0.00762	0.00572	0.00572	0.00191	0.00762	0.00508	0.00254	0.00635

[dist]
# distance from previous block
# <min> <max>
7	10

[block]
# block no. 7 follows, 41 sequences, length 23
# corresponding to MSA columns:
# 579-601
name=unknown_H
#
# <colnr> <probs for GDERKNQSTAVLIFYWHMCP>
#	G	D	E	R	K	N	Q	S	T	A	V	L	I	F	Y	W	H	M	C	P
0	0.01461	0.01170	0.01344	0.09235	0.01739	0.01329	0.01000	0.11869	0.45596	0.05144	0.02158	0.02537	0.01736	0.00847	0.00607	0.00199	0.00519	0.10127	0.00544	0.00838
1	0.01478	0.01174	0.01276	0.01138	0.01456	0.01325	0.00897	0.07595	0.58358	0.06587	0.05869	0.02433	0.01944	0.00833	0.00598	0.00195	0.00462	0.04920	0.00587	0.00873
2	0.01186	0.01017	0.01186	0.00847	0.01356	0.00762	0.00678	0.01440	0.01186	0.01864	0.01017	0.01186	0.00847	0.00424	0.00424	0.00085	0.00424	0.00339	0.00339	0.83395
3	0.00821	0.00599	0.00851	0.00851	0.00929	0.00678	0.00629	0.00977	0.00899	0.01277	0.01595	0.02594	0.01581	0.21845	0.60283	0.00835	0.01305	0.00664	0.00316	0.00473
4	0.00697	0.00498	0.00664	0.00796	0.00830	0.00465	0.00531	0.00796	0.01095	0.01460	0.03153	0.79525	0.03783	0.01792	0.00730	0.00232	0.00332	0.01626	0.00531	0.00465
5	0.01371	0.48314	0.33543	0.01248	0.01884	0.01877	0.01447	0.01754	0.01181	0.01538	0.00891	0.01037	0.00730	0.00512	0.00440	0.00147	0.00708	0.00354	0.00243	0.00780
6	0.00676	0.00579	0.00579	0.00579	0.00773	0.00483	0.00435	0.00821	0.01304	0.01545	0.05794	0.05505	0.76098	0.01449	0.00676	0.00193	0.00290	0.01207	0.00531	0.00483
7	0.02509	0.00986	0.01326	0.01025	0.01462	0.00870	0.00844	0.02800	0.05338	0.72991	0.02260	0.01956	0.01432	0.00711	0.00576	0.00178	0.00485	0.00579	0.00702	0.00970
8	0.01958	0.25582	0.02027	0.01328	0.01680	0.55387	0.01068	0.02116	0.01486	0.01384	0.00858	0.00998	0.00736	0.00560	0.00472	0.00140	0.00908	0.00350	0.00280	0.00684
9	0.01350	0.01543	0.03375	0.02411	0.02989	0.01446	0.74253	0.01832	0.01350	0.01832	0.01157	0.01543	0.00868	0.00482	0.00675	0.00193	0.00964	0.00675	0.00289	0.00771
10	0.01398	0.01244	0.01556	0.06874	0.18713	0.01398	0.01145	0.02641	0.53468	0.02211	0.01955	0.01930	0.01489	0.00702	0.00578	0.00188	0.00525	0.00606	0.00492	0.00887
11	0.83938	0.01106	0.00841	0.00752	0.01106	0.01283	0.00619	0.01681	0.00973	0.02566	0.00796	0.00929	0.00619	0.00531	0.00354	0.00177	0.00442	0.00310	0.00354	0.00619
12	0.01365	0.01454	0.01766	0.51736	0.12022	0.19004	0.01496	0.01687	0.01273	0.01495	0.00993	0.01397	0.00774	0.00569	0.00558	0.00178	0.00815	0.00476	0.00267	0.00674
13	0.01791	0.01379	0.01510	0.01144	0.01613	0.01402	0.00935	0.45365	0.05677	0.02935	0.01294	0.01344	0.00966	0.00599	0.00521	0.00142	0.00549	0.00460	0.00491	0.29883
14	0.00682	0.00554	0.00605	0.00646	0.00790	0.00477	0.00464	0.00813	0.01239	0.01519	0.04978	0.28370	0.53759	0.01555	0.00693	0.00205	0.00303	0.01337	0.00531	0.00477
15	0.01310	0.01397	0.05859	0.31200	0.28872	0.05602	0.08905	0.01771	0.06210	0.01718	0.01132	0.01486	0.00886	0.00554	0.00576	0.00181	0.00752	0.00523	0.00291	0.00774
16	0.00685	0.00582	0.00592	0.00596	0.00787	0.00489	0.00452	0.00834	0.01304	0.01551	0.05695	0.05539	0.73486	0.01453	0.00680	0.00196	0.00298	0.03764	0.00531	0.00484
17	0.01186	0.01017	0.01186	0.00847	0.01356	0.00762	0.00678	0.01440	0.01186	0.01864	0.01017	0.01186	0.00847	0.00424	0.00424	0.00085	0.00424	0.00339	0.00339	0.83395
18	0.01278	0.04365	0.01518	0.01057	0.01542	0.00976	0.07956	0.03307	0.03061	0.03481	0.01078	0.01257	0.00878	0.00478	0.00518	0.00111	0.03824	0.00394	0.00346	0.62575
19	0.01894	0.05002	0.13113	0.01541	0.06597	0.01528	0.08068	0.36397	0.04899	0.13111	0.01419	0.01458	0.01004	0.00633	0.00569	0.00174	0.00668	0.00521	0.00484	0.00918
20	0.01342	0.02636	0.63766	0.01585	0.02366	0.01270	0.05160	0.01940	0.01270	0.11613	0.01193	0.01319	0.00821	0.00562	0.00553	0.00181	0.00804	0.00454	0.00305	0.00859
21	0.01232	0.01172	0.01990	0.44534	0.36741	0.01311	0.01664	0.01595	0.01216	0.01646	0.01043	0.01475	0.00828	0.00544	0.00569	0.00181	0.00725	0.00509	0.00267	0.00758
22	0.01412	0.01371	0.02388	0.03442	0.71733	0.01365	0.06300	0.01760	0.01305	0.01866	0.01081	0.01424	0.00904	0.00508	0.00573	0.00171	0.00697	0.00520	0.00284	0.00898

[dist]
# distance from previous block
# <min> <max>
0	2

[block]
# block no. 8 follows, 41 sequences, length 37
# corresponding to MSA columns:
# 604-640
name=unknown_I
#
# <colnr> <probs for GDERKNQSTAVLIFYWHMCP>
#	G	D	E	R	K	N	Q	S	T	A	V	L	I	F	Y	W	H	M	C	P
0	0.02096	0.00870	0.01177	0.00938	0.01298	0.00761	0.00760	0.02330	0.01633	0.56735	0.22058	0.02573	0.02485	0.00833	0.00602	0.00178	0.00429	0.00699	0.00687	0.00858
1	0.00728	0.00522	0.00692	0.00777	0.00837	0.00486	0.00534	0.00873	0.01237	0.01685	0.22713	0.59314	0.04217	0.01625	0.00716	0.00218	0.00316	0.01467	0.00558	0.00485
2	0.00802	0.00600	0.00764	0.00852	0.00973	0.00568	0.00674	0.01012	0.02553	0.01635	0.06815	0.27615	0.20968	0.01580	0.00737	0.00233	0.00401	0.30178	0.00535	0.00506
3	0.00698	0.00499	0.00665	0.00797	0.00831	0.00465	0.00532	0.00797	0.01096	0.01461	0.03153	0.79511	0.03784	0.01793	0.00731	0.00233	0.00332	0.01626	0.00531	0.00465
4	0.02126	0.00890	0.01219	0.01028	0.01387	0.00792	0.00863	0.02358	0.01552	0.56579	0.02465	0.03158	0.01920	0.00943	0.00633	0.00200	0.00498	0.19875	0.00660	0.00854
5	0.01056	0.00847	0.01298	0.01714	0.21355	0.00847	0.01146	0.01339	0.01314	0.01755	0.02505	0.05101	0.02652	0.01293	0.00730	0.00238	0.00568	0.53150	0.00462	0.00629
6	0.61614	0.00975	0.00863	0.00798	0.01084	0.01131	0.00646	0.01505	0.00960	0.02235	0.00995	0.01285	0.00838	0.01541	0.21096	0.00376	0.00735	0.00392	0.00342	0.00591
7	0.00790	0.00569	0.00781	0.00816	0.00875	0.00610	0.00578	0.00916	0.00946	0.01312	0.02033	0.23349	0.02218	0.21760	0.39050	0.00647	0.00976	0.00938	0.00377	0.00460
8	0.01253	0.01252	0.01753	0.01502	0.01503	0.01752	0.01252	0.01377	0.00877	0.01378	0.00752	0.01253	0.00752	0.01002	0.01877	0.00250	0.78836	0.00501	0.00251	0.00626
9	0.01148	0.02959	0.76921	0.01631	0.02476	0.01329	0.02114	0.01812	0.01208	0.01813	0.01028	0.01209	0.00726	0.00544	0.00544	0.00181	0.00846	0.00423	0.00242	0.00846
10	0.01608	0.01413	0.02138	0.05632	0.53690	0.01468	0.01570	0.21249	0.01670	0.02321	0.01155	0.01410	0.00920	0.00560	0.00569	0.00171	0.00669	0.00511	0.00360	0.00915
11	0.61681	0.00953	0.00759	0.00694	0.00989	0.01082	0.00561	0.01589	0.01035	0.02451	0.01085	0.01254	0.00848	0.00568	0.00367	0.00165	0.00396	0.00370	0.22556	0.00597
12	0.01058	0.00878	0.01456	0.57634	0.03083	0.01064	0.01296	0.01270	0.01038	0.01337	0.01012	0.01584	0.00826	0.00953	0.01019	0.22513	0.00692	0.00506	0.00253	0.00532
13	0.02039	0.00962	0.01234	0.00982	0.01344	0.00897	0.00796	0.12791	0.01787	0.46057	0.21929	0.02489	0.02421	0.00829	0.00602	0.00177	0.00450	0.00690	0.00667	0.00857
14	0.00793	0.00539	0.00636	0.00675	0.00685	0.00529	0.00401	0.00822	0.00910	0.01213	0.02200	0.26004	0.02581	0.56941	0.02271	0.00460	0.00490	0.01065	0.00401	0.00382
15	0.00785	0.00550	0.00712	0.00809	0.00856	0.00533	0.00571	0.00895	0.01075	0.01424	0.02763	0.42610	0.03215	0.22708	0.01330	0.00326	0.00436	0.17472	0.00481	0.00448
16	0.01224	0.01129	0.01877	0.02783	0.56052	0.01120	0.01427	0.01499	0.01248	0.01760	0.01634	0.22382	0.01679	0.00855	0.00611	0.00187	0.00587	0.00810	0.00350	0.00788
17	0.01425	0.01537	0.01799	0.44482	0.16238	0.21774	0.01489	0.01735	0.01301	0.01519	0.00993	0.01375	0.00782	0.00566	0.00556	0.00176	0.00820	0.00471	0.00271	0.00692
18	0.01389	0.01326	0.02234	0.09761	0.67499	0.01354	0.01711	0.01778	0.03963	0.01854	0.01117	0.01452	0.00925	0.00525	0.00568	0.00173	0.00679	0.00515	0.00292	0.00884
19	0.01122	0.08628	0.38796	0.01453	0.02036	0.01215	0.12811	0.01611	0.01337	0.01906	0.21159	0.02060	0.02003	0.00698	0.00585	0.00178	0.00690	0.00617	0.00354	0.00743
20	0.00900	0.00706	0.00964	0.00920	0.00969	0.00842	0.00682	0.01019	0.00882	0.01262	0.01490	0.02593	0.01537	0.29975	0.38355	0.00675	0.14776	0.00670	0.00311	0.00475
21	0.33188	0.13919	0.03558	0.01069	0.01452	0.21919	0.00899	0.08052	0.01384	0.06779	0.02511	0.01134	0.00851	0.00579	0.00444	0.00160	0.00653	0.00377	0.00365	0.00706
22	0.01057	0.00817	0.00840	0.00791	0.00993	0.06488	0.00605	0.04075	0.01481	0.08167	0.23466	0.10026	0.33171	0.01248	0.00661	0.00190	0.00386	0.04407	0.00556	0.00574
23	0.02098	0.00877	0.01219	0.00992	0.01343	0.00808	0.00807	0.02314	0.01445	0.56476	0.02063	0.02029	0.01421	0.01670	0.21257	0.00376	0.00768	0.00586	0.00601	0.00850
24	0.00698	0.00499	0.00665	0.00797	0.00831	0.00465	0.00532	0.00797	0.01096	0.01461	0.03153	0.79511	0.03784	0.01793	0.00731	0.00233	0.00332	0.01626	0.00531	0.00465
25	0.01068	0.00826	0.00972	0.00765	0.01115	0.00668	0.00598	0.01328	0.01305	0.02022	0.21283	0.02163	0.02166	0.00662	0.00488	0.00118	0.00358	0.00556	0.13281	0.48258
26	0.00950	0.00647	0.00809	0.00806	0.00877	0.00727	0.00599	0.01120	0.01060	0.01660	0.01996	0.22916	0.02025	0.08023	0.09550	0.00301	0.12668	0.00856	0.31899	0.00512
27	0.01200	0.00626	0.00843	0.00857	0.01000	0.00566	0.00615	0.01332	0.01241	0.21662	0.02913	0.58690	0.03148	0.01502	0.00689	0.00218	0.00374	0.01344	0.00579	0.00602
28	0.00708	0.00506	0.00673	0.00791	0.00833	0.00472	0.00532	0.00821	0.01140	0.01532	0.09308	0.73156	0.03920	0.01740	0.00726	0.00228	0.00327	0.01576	0.00540	0.00472
29	0.01330	0.40515	0.22704	0.01362	0.01922	0.01734	0.12638	0.01681	0.01199	0.01557	0.01114	0.07733	0.01011	0.00614	0.00493	0.00159	0.00706	0.00507	0.00275	0.00748
30	0.02096	0.00870	0.01177	0.00938	0.01298	0.00761	0.00760	0.02330	0.01633	0.56735	0.22058	0.02573	0.02485	0.00833	0.00602	0.00178	0.00429	0.00699	0.00687	0.00858
31	0.01428	0.59485	0.22842	0.01154	0.01739	0.02013	0.01284	0.01740	0.01175	0.01472	0.00859	0.00997	0.00733	0.00505	0.00415	0.00138	0.00675	0.00338	0.00244	0.00765
32	0.01344	0.01483	0.08715	0.12107	0.50063	0.01360	0.13038	0.01738	0.01284	0.01811	0.01079	0.01433	0.00869	0.00516	0.00582	0.00177	0.00748	0.00528	0.00278	0.00848
33	0.00994	0.00880	0.01458	0.01227	0.01382	0.00975	0.15452	0.01187	0.00977	0.01379	0.01414	0.02360	0.01391	0.23327	0.30779	0.00576	0.12733	0.00668	0.00306	0.00537
34	0.00833	0.00555	0.00625	0.00625	0.00625	0.00555	0.00347	0.00833	0.00833	0.01110	0.01803	0.03744	0.02080	0.79884	0.02911	0.00555	0.00555	0.00832	0.00347	0.00347
35	0.04875	0.01037	0.01151	0.01095	0.07500	0.01110	0.00787	0.29407	0.01771	0.02693	0.01568	0.01734	0.01196	0.00656	0.00479	0.00153	0.00448	0.00516	0.41087	0.00737
36	0.01274	0.23277	0.39116	0.10864	0.11280	0.01576	0.01703	0.01736	0.01199	0.01652	0.00969	0.01193	0.00754	0.00528	0.00502	0.00165	0.00753	0.00412	0.00249	0.00798

[dist]
# distance from previous block
# <min> <max>
0	1

[block]
# block no. 9 follows, 41 sequences, length 70
# corresponding to MSA columns:
# 642-711
name=unknown_J
#
# <colnr> <probs for GDERKNQSTAVLIFYWHMCP>
#	G	D	E	R	K	N	Q	S	T	A	V	L	I	F	Y	W	H	M	C	P
0	0.32460	0.00938	0.00764	0.00707	0.00946	0.06208	0.00555	0.03984	0.01193	0.02295	0.01378	0.01576	0.01079	0.00611	0.00396	0.00152	0.00398	0.00437	0.43334	0.00589
1	0.01535	0.06885	0.01789	0.36069	0.05439	0.01521	0.01308	0.27266	0.06850	0.02295	0.01220	0.01460	0.00910	0.00615	0.00555	0.00176	0.00673	0.00502	0.00391	0.02539
2	0.01526	0.02429	0.56778	0.01467	0.02205	0.01198	0.01774	0.02072	0.01322	0.21783	0.01354	0.01405	0.00909	0.00587	0.00552	0.00180	0.00750	0.00463	0.00366	0.00879
3	0.00704	0.00510	0.00668	0.00791	0.00840	0.00473	0.00540	0.00813	0.01118	0.01476	0.03331	0.71509	0.08784	0.01760	0.00729	0.00231	0.00337	0.04387	0.00531	0.00468
4	0.00697	0.00498	0.00664	0.00796	0.00830	0.00465	0.00531	0.00796	0.01095	0.01460	0.03153	0.79525	0.03783	0.01792	0.00730	0.00232	0.00332	0.01626	0.00531	0.00465
5	0.03035	0.42969	0.02317	0.01138	0.01522	0.07166	0.01018	0.09684	0.08241	0.05224	0.01068	0.01183	0.00886	0.00627	0.00641	0.00157	0.11615	0.00404	0.00339	0.00765
6	0.01553	0.01282	0.01364	0.01190	0.01533	0.01465	0.00942	0.17049	0.58368	0.02608	0.02165	0.02137	0.01648	0.00787	0.00587	0.00192	0.00490	0.03157	0.00578	0.00905
7	0.00810	0.00585	0.00765	0.00720	0.00855	0.00540	0.00540	0.01079	0.01619	0.02294	0.76028	0.04273	0.05397	0.01169	0.00675	0.00180	0.00270	0.01034	0.00630	0.00540
8	0.01529	0.80242	0.02997	0.00979	0.01468	0.02263	0.00979	0.01713	0.01162	0.01346	0.00795	0.00918	0.00734	0.00489	0.00367	0.00122	0.00612	0.00306	0.00245	0.00734
9	0.02137	0.02726	0.01621	0.01474	0.01768	0.77602	0.01105	0.02284	0.01621	0.01400	0.00884	0.01031	0.00737	0.00589	0.00516	0.00147	0.01031	0.00368	0.00295	0.00663
10	0.00818	0.00610	0.00906	0.00906	0.01003	0.00708	0.00698	0.01013	0.00915	0.01318	0.01545	0.02317	0.01460	0.07810	0.74152	0.00902	0.01487	0.00623	0.00308	0.00503
11	0.08354	0.00983	0.01293	0.00999	0.01435	0.00872	0.00825	0.02709	0.01590	0.71451	0.02153	0.01874	0.01359	0.00695	0.00559	0.00177	0.00484	0.00556	0.00683	0.00948
12	0.00810	0.00585	0.00765	0.00720	0.00855	0.00540	0.00540	0.01079	0.01619	0.02294	0.76028	0.04273	0.05397	0.01169	0.00675	0.00180	0.00270	0.01034	0.00630	0.00540
13	0.00697	0.00498	0.00664	0.00796	0.00830	0.00465	0.00531	0.00796	0.01095	0.01460	0.03153	0.79525	0.03783	0.01792	0.00730	0.00232	0.00332	0.01626	0.00531	0.00465
14	0.01350	0.01543	0.03375	0.02411	0.02989	0.01446	0.74253	0.01832	0.01350	0.01832	0.01157	0.01543	0.00868	0.00482	0.00675	0.00193	0.00964	0.00675	0.00289	0.00771
15	0.00697	0.00498	0.00664	0.00796	0.00830	0.00465	0.00531	0.00796	0.01095	0.01460	0.03153	0.79525	0.03783	0.01792	0.00730	0.00232	0.00332	0.01626	0.00531	0.00465
16	0.01529	0.80242	0.02997	0.00979	0.01468	0.02263	0.00979	0.01713	0.01162	0.01346	0.00795	0.00918	0.00734	0.00489	0.00367	0.00122	0.00612	0.00306	0.00245	0.00734
17	0.00714	0.00600	0.00622	0.00613	0.00804	0.00518	0.00461	0.00917	0.03558	0.01657	0.13836	0.05261	0.65670	0.01396	0.00673	0.00192	0.00292	0.01170	0.00544	0.00502
18	0.06788	0.00636	0.00791	0.00733	0.00895	0.00604	0.00557	0.01186	0.01574	0.05093	0.67922	0.03948	0.04909	0.01107	0.00648	0.00180	0.00290	0.00966	0.00613	0.00562
19	0.00994	0.00497	0.00745	0.00745	0.00745	0.00497	0.00497	0.00745	0.00745	0.00994	0.00994	0.01739	0.00994	0.01987	0.02235	0.83358	0.00497	0.00497	0.00248	0.00248
20	0.01141	0.00555	0.00573	0.00557	0.00706	0.00548	0.00422	0.01405	0.01221	0.05854	0.01885	0.02123	0.01464	0.00668	0.00409	0.00135	0.00278	0.00535	0.78965	0.00555
21	0.00817	0.00613	0.00919	0.00919	0.01021	0.00715	0.00715	0.01021	0.00919	0.01328	0.01532	0.02247	0.01430	0.04290	0.77631	0.00919	0.01532	0.00613	0.00306	0.00511
22	0.00914	0.00731	0.01106	0.12834	0.01423	0.00756	0.08885	0.01038	0.00966	0.01282	0.01752	0.11220	0.01922	0.50427	0.02067	0.00423	0.00609	0.00849	0.00346	0.00451
23	0.01508	0.01025	0.01618	0.46085	0.08197	0.01162	0.01345	0.01827	0.01275	0.21574	0.01366	0.01636	0.00970	0.00628	0.00632	0.00187	0.04562	0.00527	0.03136	0.00741
24	0.00697	0.00498	0.00664	0.00796	0.00830	0.00465	0.00531	0.00796	0.01095	0.01460	0.03153	0.79525	0.03783	0.01792	0.00730	0.00232	0.00332	0.01626	0.00531	0.00465
25	0.25521	0.02413	0.54533	0.01372	0.02072	0.01315	0.01674	0.01773	0.01139	0.02034	0.00959	0.01126	0.00694	0.00540	0.00488	0.00180	0.00727	0.00389	0.00275	0.00779
26	0.01590	0.01431	0.02971	0.02136	0.02688	0.01327	0.59778	0.02021	0.01407	0.16599	0.01374	0.01623	0.00976	0.00527	0.00655	0.00190	0.00870	0.00655	0.00372	0.00811
27	0.00697	0.00498	0.00664	0.00796	0.00830	0.00465	0.00531	0.00796	0.01095	0.01460	0.03153	0.79525	0.03783	0.01792	0.00730	0.00232	0.00332	0.01626	0.00531	0.00465
28	0.01466	0.11852	0.47966	0.01480	0.02167	0.06952	0.01705	0.16150	0.01524	0.02080	0.01057	0.01193	0.00775	0.00569	0.00526	0.00170	0.00788	0.00423	0.00311	0.00844
29	0.01066	0.00533	0.00533	0.00533	0.00666	0.00533	0.00400	0.01333	0.01200	0.02132	0.01866	0.02132	0.01466	0.00666	0.00400	0.00133	0.00267	0.00533	0.83073	0.00533
30	0.00697	0.00498	0.00664	0.00796	0.00830	0.00465	0.00531	0.00796	0.01095	0.01460	0.03153	0.79525	0.03783	0.01792	0.00730	0.00232	0.00332	0.01626	0.00531	0.00465
31	0.01443	0.62850	0.19637	0.01125	0.01695	0.02053	0.01234	0.01735	0.01172	0.01451	0.00847	0.00983	0.00732	0.00502	0.00407	0.00136	0.00664	0.00332	0.00244	0.00759
32	0.01571	0.74861	0.02902	0.01013	0.01489	0.07493	0.00987	0.01752	0.01194	0.01349	0.00801	0.00925	0.00734	0.00496	0.00377	0.00124	0.00641	0.00310	0.00248	0.00729
33	0.18464	0.00988	0.01198	0.00960	0.01357	0.00934	0.00784	0.04957	0.01505	0.54168	0.02001	0.07244	0.01412	0.00749	0.00542	0.00181	0.00472	0.00595	0.00621	0.00867
34	0.01163	0.06311	0.53220	0.18852	0.05947	0.01363	0.01924	0.01726	0.01195	0.01713	0.01015	0.01273	0.00741	0.00546	0.00542	0.00180	0.00808	0.00440	0.00246	0.00796
35	0.01512	0.01366	0.02181	0.07720	0.49241	0.01408	0.06615	0.15468	0.01559	0.02162	0.01218	0.01641	0.01010	0.00592	0.00585	0.00177	0.00689	0.03635	0.00347	0.00876
36	0.01302	0.01243	0.02117	0.28844	0.51882	0.01329	0.01699	0.01656	0.01249	0.01731	0.01056	0.01453	0.00858	0.00531	0.00568	0.00177	0.00708	0.00509	0.00273	0.00815
37	0.00697	0.00498	0.00664	0.00796	0.00830	0.00465	0.00531	0.00796	0.01095	0.01460	0.03153	0.79525	0.03783	0.01792	0.00730	0.00232	0.00332	0.01626	0.00531	0.00465
38	0.03663	0.06200	0.07341	0.01727	0.04923	0.36795	0.20772	0.02017	0.03914	0.01624	0.01130	0.05140	0.00960	0.00614	0.00564	0.00168	0.00897	0.00527	0.00309	0.00715
39	0.01024	0.00791	0.01130	0.13129	0.09944	0.00826	0.00916	0.01375	0.08947	0.05383	0.02542	0.37938	0.05174	0.01269	0.00667	0.00213	0.00473	0.07165	0.00474	0.00618
40	0.02566	0.00973	0.01327	0.01018	0.01460	0.00841	0.00841	0.02788	0.01637	0.76726	0.02257	0.01947	0.01416	0.00708	0.00575	0.00177	0.00487	0.00575	0.00708	0.00973
41	0.01271	0.01874	0.22823	0.02109	0.02713	0.01401	0.49170	0.01773	0.01281	0.01793	0.01162	0.03776	0.00911	0.00564	0.00702	0.00194	0.04799	0.00628	0.00282	0.00775
42	0.01457	0.17069	0.05275	0.07970	0.41002	0.07626	0.06567	0.01802	0.02821	0.01705	0.01031	0.01310	0.00856	0.00521	0.00530	0.00163	0.00722	0.00469	0.00279	0.00822
