[name]
unknown

[dist]
# distance from previous block
# <min> <max>
0	117

[block]
# block no. 0 follows, 40 sequences, length 34
# corresponding to MSA columns:
# 119-152
name=unknown_A
#
# <colnr> <probs for GDERKNQSTAVLIFYWHMCP>
#	G	D	E	R	K	N	Q	S	T	A	V	L	I	F	Y	W	H	M	C	P
0	0.00937	0.00669	0.00937	0.01071	0.01205	0.00669	0.00937	0.01205	0.01339	0.01740	0.03079	0.06560	0.03347	0.01606	0.00803	0.00268	0.00535	0.72021	0.00535	0.00535
1	0.02609	0.00990	0.01350	0.01035	0.01484	0.00855	0.00855	0.02834	0.01664	0.76338	0.02294	0.01979	0.01439	0.00720	0.00585	0.00180	0.00495	0.00585	0.00720	0.00990
2	0.00823	0.00594	0.00777	0.00732	0.00869	0.00549	0.00549	0.01097	0.01646	0.02332	0.75629	0.04344	0.05487	0.01189	0.00686	0.00183	0.00274	0.01052	0.00640	0.00549
3	0.01166	0.03008	0.76550	0.01657	0.02517	0.01351	0.02149	0.01842	0.01228	0.01842	0.01044	0.01228	0.00737	0.00552	0.00552	0.00184	0.00859	0.00430	0.00246	0.00859
4	0.00846	0.00564	0.00634	0.00634	0.00634	0.00564	0.00352	0.00846	0.00846	0.01128	0.01832	0.03805	0.02114	0.79563	0.02960	0.00564	0.00564	0.00846	0.00352	0.00352
5	0.00709	0.00506	0.00675	0.00810	0.00843	0.00472	0.00540	0.00810	0.01113	0.01484	0.03205	0.79184	0.03846	0.01822	0.00742	0.00236	0.00337	0.01653	0.00540	0.00472
6	0.01284	0.03546	0.01881	0.01547	0.01584	0.01784	0.04043	0.01427	0.00917	0.01416	0.00780	0.01274	0.00767	0.00983	0.01817	0.00248	0.73289	0.00510	0.00256	0.00645
7	0.01180	0.02914	0.71784	0.01709	0.02551	0.01358	0.06821	0.01843	0.01237	0.01843	0.01052	0.01250	0.00746	0.00548	0.00561	0.00185	0.00867	0.00446	0.00249	0.00855
8	0.00709	0.00506	0.00675	0.00810	0.00843	0.00472	0.00540	0.00810	0.01113	0.01484	0.03205	0.79184	0.03846	0.01822	0.00742	0.00236	0.00337	0.01653	0.00540	0.00472
9	0.01999	0.18061	0.05721	0.01407	0.01774	0.58544	0.01150	0.02183	0.01534	0.01434	0.00888	0.01035	0.00748	0.00577	0.00496	0.00147	0.00955	0.00365	0.00287	0.00698
10	0.00818	0.00594	0.00771	0.00727	0.00866	0.00547	0.00545	0.01089	0.01635	0.02306	0.73289	0.04386	0.07842	0.01198	0.00686	0.00183	0.00275	0.01058	0.00637	0.00547
11	0.01206	0.01034	0.01206	0.00861	0.01378	0.00775	0.00689	0.01464	0.01206	0.01895	0.01034	0.01206	0.00861	0.00431	0.00431	0.00086	0.00431	0.00345	0.00345	0.83118
12	0.00846	0.00564	0.00634	0.00634	0.00634	0.00564	0.00352	0.00846	0.00846	0.01128	0.01832	0.03805	0.02114	0.79563	0.02960	0.00564	0.00564	0.00846	0.00352	0.00352
13	0.00846	0.00564	0.00634	0.00634	0.00634	0.00564	0.00352	0.00846	0.00846	0.01128	0.01832	0.03805	0.02114	0.79563	0.02960	0.00564	0.00564	0.00846	0.00352	0.00352
14	0.01439	0.01382	0.02360	0.03569	0.75936	0.01382	0.01785	0.01785	0.01324	0.01900	0.01094	0.01439	0.00921	0.00518	0.00576	0.00173	0.00691	0.00518	0.00288	0.00921
15	0.00823	0.00594	0.00777	0.00732	0.00869	0.00549	0.00549	0.01097	0.01646	0.02332	0.75629	0.04344	0.05487	0.01189	0.00686	0.00183	0.00274	0.01052	0.00640	0.00549
16	0.78493	0.01116	0.00886	0.00782	0.01148	0.01276	0.00644	0.01781	0.01033	0.07319	0.00905	0.01011	0.00682	0.00551	0.00374	0.00180	0.00453	0.00332	0.00383	0.00653
17	0.02211	0.01629	0.01745	0.01338	0.01803	0.01803	0.01105	0.73997	0.02734	0.03665	0.01396	0.01396	0.00989	0.00698	0.00582	0.00175	0.00640	0.00524	0.00582	0.00989
18	0.78395	0.01087	0.00835	0.00751	0.01096	0.01256	0.00616	0.01687	0.01004	0.02581	0.00879	0.01023	0.00685	0.00549	0.00363	0.00177	0.00438	0.00329	0.05625	0.00624
19	0.01555	0.79913	0.03047	0.00995	0.01493	0.02301	0.00995	0.01741	0.01182	0.01368	0.00808	0.00933	0.00746	0.00498	0.00373	0.00124	0.00622	0.00311	0.00249	0.00746
20	0.01521	0.01233	0.01317	0.01174	0.01510	0.01409	0.00916	0.03074	0.70208	0.07153	0.02362	0.02157	0.01754	0.00785	0.00591	0.00196	0.00462	0.00653	0.00600	0.00925
21	0.02172	0.02772	0.01648	0.01498	0.01798	0.77228	0.01124	0.02322	0.01648	0.01423	0.00899	0.01049	0.00749	0.00599	0.00524	0.00150	0.01049	0.00375	0.00300	0.00674
22	0.02115	0.02676	0.01656	0.01500	0.01780	0.72409	0.01133	0.02263	0.01600	0.01422	0.00890	0.01063	0.00750	0.00626	0.00613	0.00156	0.05996	0.00383	0.00297	0.00672
23	0.00846	0.00564	0.00634	0.00634	0.00634	0.00564	0.00352	0.00846	0.00846	0.01128	0.01832	0.03805	0.02114	0.79563	0.02960	0.00564	0.00564	0.00846	0.00352	0.00352
24	0.01222	0.01048	0.01213	0.00882	0.01387	0.00819	0.00704	0.01570	0.06009	0.01930	0.01120	0.01269	0.00921	0.00454	0.00441	0.00093	0.00433	0.00365	0.00361	0.77760
25	0.00823	0.00616	0.00918	0.00927	0.01026	0.00711	0.00715	0.01024	0.00946	0.01359	0.01663	0.07197	0.01607	0.04199	0.72371	0.00890	0.01480	0.00689	0.00326	0.00516
26	0.00740	0.00540	0.00709	0.00813	0.00878	0.00492	0.00549	0.00852	0.01119	0.01511	0.03066	0.74203	0.03655	0.01733	0.00722	0.00227	0.00343	0.01570	0.00527	0.05751
27	0.01243	0.02802	0.67795	0.01785	0.08291	0.01334	0.02070	0.01875	0.01252	0.04700	0.01095	0.01273	0.00778	0.00556	0.00556	0.00183	0.00832	0.00443	0.00267	0.00869
28	0.01417	0.01359	0.02320	0.08432	0.71247	0.01376	0.01774	0.01765	0.01314	0.01873	0.01090	0.01447	0.00912	0.00522	0.00576	0.00174	0.00696	0.00518	0.00286	0.00903
29	0.01421	0.01220	0.01296	0.01178	0.01497	0.01407	0.00921	0.02995	0.71158	0.02398	0.02403	0.02392	0.01855	0.00830	0.00602	0.00201	0.00464	0.04274	0.00589	0.00901
30	0.02609	0.00990	0.01350	0.01035	0.01484	0.00855	0.00855	0.02834	0.01664	0.76338	0.02294	0.01979	0.01439	0.00720	0.00585	0.00180	0.00495	0.00585	0.00720	0.00990
31	0.01407	0.01385	0.02474	0.08375	0.60621	0.01389	0.12174	0.01776	0.01320	0.01867	0.01102	0.01465	0.00906	0.00518	0.00592	0.00177	0.00738	0.00542	0.00287	0.00883
32	0.01439	0.01382	0.02360	0.03569	0.75936	0.01382	0.01785	0.01785	0.01324	0.01900	0.01094	0.01439	0.00921	0.00518	0.00576	0.00173	0.00691	0.00518	0.00288	0.00921
33	0.83671	0.01125	0.00855	0.00765	0.01125	0.01305	0.00630	0.01709	0.00990	0.02609	0.00810	0.00945	0.00630	0.00540	0.00360	0.00180	0.00450	0.00315	0.00360	0.00630

[dist]
# distance from previous block
# <min> <max>
0	213

# created by:
# /software/SequenceAnalysis/GenePrediction/augustus/3.0.1/scripts/msa2prfl.pl ./fixed/BUSCOvEOG77M3C2.fas
