[name]
unknown

[dist]
# distance from previous block
# <min> <max>
12	231

[block]
# block no. 0 follows, 37 sequences, length 15
# corresponding to MSA columns:
# 243-257
name=unknown_A
#
# <colnr> <probs for GDERKNQSTAVLIFYWHMCP>
#	G	D	E	R	K	N	Q	S	T	A	V	L	I	F	Y	W	H	M	C	P
0	0.15250	0.01052	0.01384	0.15424	0.01971	0.01047	0.00997	0.02429	0.01536	0.45753	0.05616	0.01951	0.01465	0.00725	0.00582	0.00192	0.00557	0.00582	0.00600	0.00888
1	0.01404	0.23888	0.39531	0.01398	0.02117	0.01627	0.01619	0.05427	0.01355	0.01906	0.01047	0.01211	0.00813	0.00553	0.00510	0.00159	0.00750	0.00408	0.00294	0.13983
2	0.29851	0.00999	0.01001	0.00903	0.01194	0.01086	0.00710	0.01944	0.17743	0.06304	0.27079	0.02701	0.04409	0.00898	0.00574	0.00195	0.00410	0.00720	0.00561	0.00719
3	0.00982	0.00796	0.00816	0.00747	0.00999	0.00739	0.00578	0.12440	0.01634	0.02009	0.05439	0.05179	0.62596	0.01419	0.00706	0.00203	0.00369	0.01173	0.00576	0.00601
4	0.17555	0.02589	0.01576	0.01431	0.01758	0.61874	0.01084	0.02322	0.01603	0.01735	0.00928	0.01083	0.00765	0.00619	0.00519	0.00164	0.00984	0.00382	0.00327	0.00701
5	0.01183	0.01013	0.01304	0.15316	0.01889	0.00881	0.00886	0.01483	0.01335	0.01987	0.12893	0.01870	0.01674	0.00612	0.00527	0.00129	0.00496	0.00517	0.00396	0.53609
6	0.29625	0.00844	0.00869	0.00866	0.01100	0.00885	0.00711	0.01377	0.01352	0.02270	0.18892	0.04169	0.12447	0.01179	0.00638	0.00219	0.00436	0.21001	0.00524	0.00595
7	0.14822	0.00996	0.01369	0.15448	0.01932	0.01010	0.04625	0.02000	0.01440	0.28655	0.08120	0.11339	0.03900	0.00891	0.00614	0.00201	0.00550	0.00758	0.00546	0.00781
8	0.00883	0.00742	0.01011	0.01310	0.14853	0.00687	0.00775	0.01057	0.01303	0.01682	0.04083	0.34705	0.31599	0.01511	0.00725	0.00219	0.00408	0.01334	0.00518	0.00595
9	0.14415	0.01221	0.01934	0.43336	0.20430	0.01395	0.05354	0.01698	0.01247	0.01879	0.01073	0.01502	0.00834	0.00584	0.00579	0.00196	0.00751	0.00520	0.00299	0.00754
10	0.01417	0.01528	0.03073	0.02362	0.08877	0.01401	0.52913	0.01874	0.01407	0.01970	0.01203	0.01567	0.00928	0.00507	0.00662	0.00182	0.00897	0.00639	0.00319	0.16273
11	0.01647	0.01464	0.02328	0.29875	0.03121	0.01601	0.21111	0.26600	0.01865	0.02478	0.01264	0.01580	0.00926	0.00628	0.00643	0.00198	0.00826	0.00596	0.00402	0.00847
12	0.01374	0.02346	0.43210	0.01970	0.15015	0.01309	0.05433	0.01919	0.01338	0.05734	0.01181	0.01387	0.00876	0.00560	0.00574	0.00176	0.00788	0.00476	0.00311	0.14024
13	0.16731	0.09154	0.55143	0.01508	0.02281	0.01497	0.01856	0.01903	0.01241	0.02050	0.01031	0.01210	0.00755	0.00574	0.00527	0.00188	0.00802	0.00419	0.00282	0.00849
14	0.00795	0.00591	0.00753	0.00863	0.00961	0.00548	0.00640	0.00952	0.01275	0.01644	0.03967	0.46071	0.19431	0.01785	0.00783	0.00247	0.00392	0.17217	0.00567	0.00517

[dist]
# distance from previous block
# <min> <max>
4	28

[block]
# block no. 1 follows, 37 sequences, length 9
# corresponding to MSA columns:
# 287-295
name=unknown_B
#
# <colnr> <probs for GDERKNQSTAVLIFYWHMCP>
#	G	D	E	R	K	N	Q	S	T	A	V	L	I	F	Y	W	H	M	C	P
0	0.22523	0.00855	0.01109	0.21669	0.01835	0.00979	0.00886	0.01270	0.00978	0.01642	0.01015	0.01571	0.00891	0.01303	0.01377	0.38241	0.00594	0.00483	0.00297	0.00483
1	0.00740	0.00556	0.00687	0.00791	0.00872	0.00502	0.00541	0.00859	0.01231	0.01586	0.04115	0.59158	0.22500	0.01821	0.00766	0.00238	0.00343	0.01623	0.00568	0.00502
2	0.01664	0.37526	0.02172	0.01127	0.01456	0.22081	0.00949	0.01729	0.01261	0.01357	0.00933	0.01246	0.00859	0.00973	0.00961	0.21654	0.00745	0.00399	0.00278	0.00628
3	0.23110	0.37368	0.02227	0.01083	0.01559	0.02004	0.00978	0.21208	0.01638	0.02445	0.01021	0.01119	0.00823	0.00593	0.00449	0.00161	0.00612	0.00390	0.00388	0.00823
4	0.01954	0.01529	0.01627	0.01333	0.01756	0.01724	0.01073	0.40439	0.35675	0.03256	0.01944	0.01847	0.01425	0.00779	0.00617	0.00195	0.00586	0.00617	0.00617	0.01008
5	0.02276	0.00963	0.01219	0.00971	0.01355	0.00884	0.00790	0.07728	0.01707	0.49868	0.02230	0.02092	0.01495	0.00744	0.00564	0.00176	0.00468	0.00598	0.22960	0.00913
6	0.04776	0.00882	0.01152	0.00987	0.01272	0.00868	0.00787	0.07113	0.01602	0.27828	0.21777	0.02762	0.02618	0.01889	0.20417	0.00398	0.00760	0.00745	0.00597	0.00770
7	0.01066	0.00712	0.00972	0.00877	0.01050	0.00670	0.00646	0.01073	0.00972	0.01405	0.01228	0.01855	0.01150	0.02363	0.22055	0.38429	0.00814	0.00521	0.00308	0.21834
8	0.00823	0.00632	0.00801	0.00781	0.00936	0.00610	0.00593	0.01050	0.01420	0.01917	0.32775	0.04398	0.26436	0.02261	0.21351	0.00414	0.00665	0.01042	0.00546	0.00550

[dist]
# distance from previous block
# <min> <max>
9	602

# created by:
# /software/SequenceAnalysis/GenePrediction/augustus/3.0.1/scripts/msa2prfl.pl ./fixed/BUSCOvEOG7P8GXX.fas
