[name]
unknown

[dist]
# distance from previous block
# <min> <max>
0	132

[block]
# block no. 0 follows, 38 sequences, length 21
# corresponding to MSA columns:
# 135-155
name=unknown_A
#
# <colnr> <probs for GDERKNQSTAVLIFYWHMCP>
#	G	D	E	R	K	N	Q	S	T	A	V	L	I	F	Y	W	H	M	C	P
0	0.01289	0.01094	0.01270	0.00911	0.01443	0.00845	0.00730	0.04385	0.01311	0.02034	0.01084	0.01255	0.00896	0.00457	0.00452	0.00093	0.00454	0.00364	0.00366	0.79267
1	0.20100	0.61510	0.02638	0.00975	0.01458	0.02146	0.00944	0.01794	0.01177	0.01707	0.00837	0.00968	0.00745	0.00525	0.00383	0.00142	0.00603	0.00323	0.00283	0.00745
2	0.83108	0.01163	0.00884	0.00791	0.01163	0.01350	0.00651	0.01768	0.01024	0.02699	0.00838	0.00977	0.00651	0.00558	0.00372	0.00186	0.00465	0.00326	0.00372	0.00651
3	0.01316	0.01316	0.01843	0.01579	0.01579	0.01843	0.01316	0.01448	0.00921	0.01448	0.00790	0.01316	0.00790	0.01053	0.01974	0.00263	0.77757	0.00526	0.00263	0.00658
4	0.00866	0.00625	0.00825	0.00801	0.00942	0.00583	0.00618	0.01149	0.01663	0.02336	0.65843	0.04780	0.05400	0.01284	0.00725	0.00200	0.00318	0.09829	0.00649	0.00566
5	0.01676	0.01381	0.01461	0.01261	0.01633	0.01580	0.00996	0.19057	0.57866	0.02806	0.02221	0.02063	0.01652	0.00795	0.00610	0.00199	0.00518	0.00649	0.00610	0.00968
6	0.01398	0.01422	0.07351	0.34758	0.32361	0.01431	0.01728	0.08817	0.01437	0.01960	0.01132	0.01518	0.00882	0.00585	0.00597	0.00189	0.00759	0.00529	0.00312	0.00834
7	0.00861	0.00636	0.00925	0.00925	0.01017	0.00729	0.00699	0.01047	0.00954	0.01365	0.01650	0.02577	0.01597	0.14611	0.66502	0.00915	0.01472	0.00676	0.00328	0.00514
8	0.08426	0.37079	0.04619	0.01203	0.01685	0.10062	0.01087	0.25146	0.01784	0.02315	0.01053	0.01145	0.00844	0.00599	0.00478	0.00155	0.00690	0.00405	0.00385	0.00840
9	0.00733	0.00524	0.00698	0.00838	0.00873	0.00489	0.00558	0.00838	0.01152	0.01536	0.03316	0.78466	0.03979	0.01885	0.00768	0.00244	0.00349	0.01710	0.00558	0.00489
10	0.01934	0.24733	0.12376	0.01364	0.01887	0.13725	0.03148	0.25259	0.01864	0.06570	0.01182	0.01263	0.00898	0.00620	0.00528	0.00164	0.00756	0.00448	0.00407	0.00874
11	0.01045	0.00522	0.00784	0.00784	0.00784	0.00522	0.00522	0.00784	0.00784	0.01045	0.01045	0.01829	0.01045	0.02090	0.02351	0.82497	0.00522	0.00522	0.00261	0.00261
12	0.00733	0.00524	0.00698	0.00838	0.00873	0.00489	0.00558	0.00838	0.01152	0.01536	0.03316	0.78466	0.03979	0.01885	0.00768	0.00244	0.00349	0.01710	0.00558	0.00489
13	0.01597	0.00781	0.01047	0.00904	0.01172	0.00699	0.00716	0.01854	0.01677	0.31737	0.39729	0.05891	0.03825	0.01078	0.00676	0.00194	0.00392	0.04599	0.00686	0.00748
14	0.01364	0.04460	0.26428	0.09476	0.37050	0.01448	0.07519	0.01843	0.01321	0.01887	0.01106	0.01421	0.00868	0.00551	0.00591	0.00185	0.00801	0.00513	0.00280	0.00890
15	0.02154	0.02713	0.01718	0.01553	0.01832	0.69012	0.01178	0.02307	0.01627	0.01470	0.00916	0.01108	0.00776	0.00663	0.00685	0.00166	0.08723	0.00401	0.00305	0.00693
16	0.02287	0.01685	0.01805	0.01384	0.01866	0.01866	0.01143	0.73100	0.02828	0.03791	0.01444	0.01444	0.01023	0.00722	0.00602	0.00181	0.00662	0.00542	0.00602	0.01023
17	0.00861	0.00639	0.00939	0.00939	0.01036	0.00737	0.00717	0.01056	0.00958	0.01376	0.01637	0.02507	0.01566	0.11281	0.69790	0.00932	0.01518	0.00666	0.00326	0.00521
18	0.01228	0.02963	0.68550	0.01796	0.02657	0.01409	0.09265	0.01907	0.01285	0.01907	0.01093	0.01305	0.00777	0.00565	0.00585	0.00192	0.00902	0.00471	0.00259	0.00881
19	0.61696	0.01090	0.00997	0.07784	0.01435	0.01237	0.00753	0.01767	0.01158	0.07775	0.08335	0.01461	0.01226	0.00643	0.00443	0.00188	0.00481	0.00441	0.00418	0.00671
20	0.01415	0.01550	0.03226	0.07570	0.16929	0.01492	0.54788	0.01887	0.01396	0.01909	0.01191	0.01596	0.00913	0.00519	0.00681	0.00198	0.00943	0.00666	0.00301	0.00829

[dist]
# distance from previous block
# <min> <max>
4	5

[block]
# block no. 1 follows, 38 sequences, length 66
# corresponding to MSA columns:
# 161-226
name=unknown_B
#
# <colnr> <probs for GDERKNQSTAVLIFYWHMCP>
#	G	D	E	R	K	N	Q	S	T	A	V	L	I	F	Y	W	H	M	C	P
0	0.01413	0.01602	0.03435	0.02471	0.03039	0.01543	0.68104	0.01895	0.01386	0.01895	0.01188	0.01602	0.00904	0.00544	0.00795	0.00207	0.06177	0.00698	0.00301	0.00801
1	0.01331	0.01220	0.01286	0.00946	0.01462	0.07152	0.00751	0.01589	0.01286	0.01919	0.01058	0.01234	0.00881	0.00460	0.00454	0.00095	0.00499	0.00359	0.00353	0.75665
2	0.01135	0.01035	0.01720	0.72218	0.03911	0.01284	0.01586	0.01528	0.01207	0.01585	0.01130	0.01647	0.00852	0.00608	0.00589	0.00196	0.00767	0.00536	0.05805	0.00661
3	0.00837	0.00676	0.00727	0.00698	0.00904	0.00605	0.00534	0.05179	0.01517	0.01900	0.18125	0.05332	0.55736	0.01428	0.00708	0.00202	0.00330	0.03432	0.00580	0.00550
4	0.00736	0.00525	0.00697	0.00833	0.00868	0.00491	0.00554	0.00838	0.01145	0.01527	0.03283	0.76746	0.03937	0.03661	0.00821	0.00252	0.00354	0.01691	0.00554	0.00486
5	0.01045	0.00522	0.00784	0.00784	0.00784	0.00522	0.00522	0.00784	0.00784	0.01045	0.01045	0.01829	0.01045	0.02090	0.02351	0.82497	0.00522	0.00522	0.00261	0.00261
6	0.02247	0.02867	0.01705	0.01550	0.01860	0.76443	0.01162	0.02402	0.01705	0.01472	0.00930	0.01085	0.00775	0.00620	0.00542	0.00155	0.01085	0.00387	0.00310	0.00697
7	0.02369	0.01166	0.05345	0.07531	0.01812	0.01013	0.01033	0.07701	0.01697	0.56652	0.02092	0.01942	0.01361	0.00907	0.04336	0.00226	0.00621	0.00588	0.00648	0.00963
8	0.01390	0.21010	0.39063	0.08057	0.06789	0.06724	0.01752	0.01857	0.01272	0.01709	0.00999	0.01228	0.00782	0.00585	0.00596	0.00177	0.04499	0.00428	0.00263	0.00822
9	0.00782	0.00662	0.00683	0.00677	0.00881	0.00592	0.00507	0.01066	0.07468	0.01718	0.07650	0.09275	0.62981	0.01475	0.00706	0.00205	0.00321	0.01238	0.00566	0.00546
10	0.00859	0.00645	0.00967	0.00967	0.01074	0.00752	0.00752	0.01074	0.00967	0.01396	0.01611	0.02363	0.01504	0.04512	0.76474	0.00967	0.01611	0.00645	0.00322	0.00537
11	0.01429	0.08013	0.02980	0.17085	0.10465	0.01564	0.42318	0.05233	0.01423	0.01901	0.01158	0.01542	0.00889	0.00539	0.00645	0.00193	0.00894	0.00617	0.00307	0.00805
12	0.01682	0.08681	0.08924	0.07602	0.02625	0.13887	0.33979	0.05449	0.01513	0.08044	0.01221	0.01472	0.00910	0.00569	0.00620	0.00185	0.00908	0.00570	0.00345	0.00813
13	0.02699	0.01024	0.01396	0.01070	0.01536	0.00884	0.00884	0.02932	0.01722	0.75522	0.02373	0.02048	0.01489	0.00745	0.00605	0.00186	0.00512	0.00605	0.00745	0.01024
14	0.01491	0.01652	0.03002	0.02294	0.06211	0.09074	0.53864	0.01997	0.04926	0.01932	0.01293	0.01633	0.00988	0.00548	0.00663	0.00193	0.00932	0.00657	0.05854	0.00796
15	0.00832	0.00612	0.00779	0.00742	0.00888	0.00558	0.00555	0.01095	0.01649	0.02296	0.64775	0.06784	0.13629	0.01283	0.00711	0.00192	0.00288	0.01127	0.00647	0.00558
16	0.01338	0.01120	0.01285	0.00955	0.01455	0.00932	0.00762	0.07947	0.06236	0.02145	0.01272	0.03989	0.01072	0.00544	0.00482	0.00110	0.00463	0.00441	0.00402	0.67051
17	0.02286	0.01488	0.01667	0.01276	0.01754	0.01564	0.01051	0.52101	0.02459	0.19079	0.01632	0.02193	0.01138	0.00716	0.00592	0.00176	0.00611	0.00551	0.00614	0.07053
18	0.01513	0.00798	0.01036	0.00883	0.01148	0.00730	0.00694	0.05165	0.01751	0.26096	0.45270	0.03604	0.06687	0.01059	0.00671	0.00188	0.00377	0.00912	0.00682	0.00735
19	0.01642	0.45105	0.05031	0.07967	0.13975	0.05586	0.01275	0.09764	0.01449	0.01799	0.00985	0.01174	0.00832	0.00555	0.00476	0.00152	0.00699	0.00406	0.00306	0.00821
20	0.01029	0.00607	0.00748	0.00746	0.00792	0.00611	0.00491	0.01021	0.00974	0.01434	0.01670	0.02829	0.01674	0.30744	0.10477	0.24835	0.00633	0.00692	0.17570	0.00423
21	0.01524	0.18371	0.13702	0.02059	0.02681	0.01728	0.43191	0.05668	0.01461	0.01958	0.01178	0.01491	0.00916	0.00564	0.00636	0.00193	0.00912	0.00595	0.00320	0.00850
22	0.04245	0.01769	0.11920	0.01804	0.14673	0.01650	0.01374	0.36985	0.12135	0.03001	0.01522	0.01614	0.01137	0.00710	0.00609	0.00193	0.00678	0.00557	0.02440	0.00985
23	0.00929	0.00623	0.00695	0.00693	0.00698	0.00615	0.00390	0.00915	0.00909	0.01218	0.01940	0.03986	0.02225	0.78249	0.03063	0.00589	0.00600	0.00888	0.00382	0.00393
24	0.00858	0.00613	0.00818	0.00953	0.01024	0.00582	0.00704	0.00999	0.01253	0.01663	0.03310	0.56641	0.03849	0.01842	0.00807	0.00263	0.00429	0.22285	0.00573	0.00536
25	0.01617	0.04756	0.43009	0.01777	0.06221	0.01599	0.06021	0.23048	0.01776	0.02500	0.01243	0.01416	0.00908	0.00643	0.00606	0.00195	0.00827	0.00507	0.00381	0.00949
26	0.01653	0.01290	0.01359	0.01182	0.01523	0.01447	0.00926	0.17912	0.46297	0.02785	0.02194	0.02136	0.01655	0.00809	0.00600	0.00198	0.00502	0.00646	0.13960	0.00927
27	0.01857	0.25992	0.08583	0.01805	0.13738	0.28215	0.03808	0.05812	0.01543	0.01757	0.01036	0.01239	0.00869	0.00605	0.00536	0.00166	0.00861	0.00433	0.00320	0.00825
28	0.01515	0.14105	0.53198	0.01565	0.02334	0.01556	0.01871	0.06819	0.01438	0.08186	0.01228	0.01373	0.00892	0.00622	0.00571	0.00190	0.00820	0.00463	0.00337	0.00917
29	0.51019	0.01887	0.27548	0.01164	0.01724	0.01378	0.01239	0.01884	0.01165	0.04585	0.01022	0.01186	0.00766	0.00603	0.00473	0.00197	0.00635	0.00394	0.00358	0.00773
30	0.00794	0.00568	0.00742	0.00869	0.00914	0.00525	0.00582	0.00893	0.01211	0.01627	0.06865	0.74262	0.04085	0.01876	0.00785	0.00250	0.00365	0.01686	0.00579	0.00520
31	0.01457	0.01380	0.02321	0.20473	0.58395	0.01433	0.01819	0.01808	0.01362	0.01913	0.01168	0.01584	0.00967	0.00585	0.00618	0.00193	0.00750	0.00552	0.00309	0.00912
32	0.01813	0.01936	0.08512	0.02605	0.38267	0.19656	0.01591	0.08040	0.01614	0.05898	0.01280	0.01621	0.01049	0.00654	0.00610	0.00187	0.00816	0.02574	0.00371	0.00907
33	0.00929	0.00623	0.00695	0.00693	0.00698	0.00615	0.00390	0.00915	0.00909	0.01218	0.01940	0.03986	0.02225	0.78249	0.03063	0.00589	0.00600	0.00888	0.00382	0.00393
34	0.00798	0.00571	0.00746	0.00866	0.00915	0.00528	0.00583	0.00903	0.01230	0.01658	0.09349	0.71691	0.04144	0.01853	0.00783	0.00249	0.00362	0.01664	0.00583	0.00523
35	0.01487	0.01679	0.04668	0.02378	0.02950	0.05067	0.63311	0.01950	0.01451	0.01969	0.01295	0.01695	0.00989	0.00560	0.00703	0.00206	0.00985	0.00695	0.05144	0.00818
36	0.02247	0.02754	0.01719	0.01555	0.01875	0.68871	0.01168	0.04909	0.06030	0.01663	0.01089	0.01238	0.00895	0.00669	0.00571	0.00168	0.01047	0.00427	0.00356	0.00750
37	0.00926	0.00633	0.00747	0.00744	0.00767	0.00643	0.00453	0.00948	0.00925	0.01256	0.01893	0.03726	0.02112	0.65992	0.15166	0.00653	0.00770	0.00850	0.00375	0.00422
38	0.00788	0.00563	0.00737	0.00873	0.00913	0.00521	0.00582	0.00878	0.01184	0.01584	0.03348	0.77902	0.04002	0.01908	0.00788	0.00253	0.00368	0.01717	0.00574	0.00516
39	0.00809	0.00563	0.00743	0.00870	0.00907	0.00524	0.00579	0.00874	0.01159	0.01551	0.03195	0.72722	0.03804	0.01922	0.00895	0.05813	0.00379	0.01636	0.00554	0.00501
40	0.00913	0.00683	0.01004	0.01001	0.01113	0.00782	0.00774	0.01113	0.01001	0.01446	0.01658	0.02425	0.01547	0.04514	0.75872	0.00970	0.01620	0.00660	0.00340	0.00565
41	0.82485	0.01198	0.00922	0.00827	0.01202	0.01375	0.00674	0.01801	0.01057	0.02738	0.00891	0.01051	0.00702	0.00593	0.00396	0.00195	0.00483	0.00344	0.00389	0.00678
42	0.00766	0.00649	0.00649	0.00647	0.00854	0.00540	0.00481	0.00903	0.01402	0.01673	0.06104	0.05823	0.74302	0.01550	0.00732	0.00212	0.00324	0.01280	0.00574	0.00536
43	0.02738	0.01060	0.01429	0.01104	0.01571	0.00914	0.00905	0.02955	0.01749	0.74962	0.02414	0.02112	0.01533	0.00777	0.00626	0.00195	0.00529	0.00620	0.00759	0.01047
44	0.00929	0.00623	0.00695	0.00693	0.00698	0.00615	0.00390	0.00915	0.00909	0.01218	0.01940	0.03986	0.02225	0.78249	0.03063	0.00589	0.00600	0.00888	0.00382	0.00393
45	0.00905	0.00654	0.00842	0.00793	0.00939	0.00600	0.00591	0.01173	0.01731	0.02454	0.74233	0.04538	0.05685	0.01259	0.00730	0.00199	0.00303	0.01099	0.00677	0.00595
46	0.01379	0.26066	0.53288	0.01536	0.02311	0.01719	0.01873	0.01905	0.01287	0.01803	0.01057	0.01249	0.00815	0.00589	0.00537	0.00181	0.00829	0.00424	0.00273	0.00878
47	0.12742	0.19277	0.06302	0.01376	0.01776	0.45437	0.01147	0.02186	0.01512	0.01696	0.00959	0.01128	0.00807	0.00620	0.00510	0.00165	0.00908	0.00386	0.00321	0.00745
48	0.00905	0.00654	0.00842	0.00793	0.00939	0.00600	0.00591	0.01173	0.01731	0.02454	0.74233	0.04538	0.05685	0.01259	0.00730	0.00199	0.00303	0.01099	0.00677	0.00595
49	0.01307	0.01112	0.01286	0.00938	0.01466	0.00856	0.00743	0.01609	0.03840	0.02025	0.01169	0.01354	0.00973	0.00494	0.00474	0.00103	0.00465	0.00385	0.00383	0.79017
50	0.01875	0.01087	0.01341	0.00997	0.01505	0.00865	0.00803	0.02113	0.01468	0.31259	0.01639	0.01637	0.01177	0.00600	0.00532	0.00138	0.00490	0.00473	0.00528	0.49474
51	0.01611	0.01359	0.01431	0.01270	0.01624	0.01552	0.00988	0.09086	0.67475	0.02664	0.02404	0.02240	0.01809	0.00841	0.00633	0.00211	0.00509	0.00683	0.00626	0.00982
52	0.01215	0.01237	0.04014	0.04486	0.07118	0.01142	0.33931	0.01581	0.01454	0.02012	0.19803	0.10624	0.02500	0.01086	0.04702	0.00251	0.00776	0.00898	0.00436	0.00734
53	0.01269	0.03061	0.72157	0.01824	0.05603	0.01424	0.02217	0.01934	0.01305	0.01953	0.01133	0.01350	0.00820	0.00604	0.00594	0.00199	0.00896	0.00465	0.00274	0.00916
54	0.01909	0.14796	0.01941	0.01332	0.01592	0.01617	0.01130	0.02072	0.01292	0.27825	0.01414	0.01586	0.01085	0.00880	0.01221	0.00221	0.36265	0.00535	0.00451	0.00834
55	0.01545	0.01326	0.01394	0.01257	0.01599	0.01521	0.00972	0.03218	0.73452	0.02557	0.02488	0.02307	0.01877	0.00848	0.00634	0.00213	0.00494	0.00695	0.00627	0.00976
56	0.01299	0.03031	0.70961	0.01758	0.02625	0.01415	0.04691	0.01960	0.01317	0.03597	0.01164	0.01371	0.00833	0.00607	0.00599	0.00200	0.00899	0.00474	0.00285	0.00914
57	0.01555	0.01378	0.06899	0.08117	0.38102	0.01263	0.01482	0.02009	0.08474	0.11696	0.02092	0.02241	0.10458	0.00757	0.00633	0.00197	0.00647	0.00661	0.00433	0.00904
58	0.00839	0.00603	0.00783	0.00839	0.00924	0.00555	0.00586	0.01006	0.01420	0.01960	0.34001	0.46177	0.04730	0.01627	0.00763	0.00230	0.00340	0.01450	0.00619	0.00550
59	0.02454	0.01113	0.01407	0.01114	0.01552	0.01029	0.00904	0.08731	0.08749	0.56947	0.02595	0.02333	0.06486	0.00835	0.00634	0.00198	0.00524	0.00667	0.00721	0.01005
60	0.04102	0.02494	0.49083	0.13637	0.04422	0.01430	0.12340	0.01877	0.01306	0.01925	0.01142	0.01439	0.00840	0.00600	0.00612	0.00203	0.00890	0.00512	0.00287	0.00861
61	0.01188	0.01105	0.01834	0.76818	0.04157	0.01362	0.01685	0.01572	0.01235	0.01585	0.01120	0.01672	0.00851	0.00635	0.00623	0.00210	0.00817	0.00551	0.00285	0.00695
62	0.00822	0.00651	0.00727	0.00706	0.00888	0.00564	0.00526	0.01012	0.01535	0.01988	0.33639	0.05304	0.46570	0.01432	0.00731	0.00207	0.00315	0.01207	0.00616	0.00560
63	0.07089	0.01685	0.01781	0.01380	0.01857	0.01856	0.01133	0.68345	0.02741	0.03757	0.01457	0.01486	0.01049	0.00746	0.00610	0.00190	0.00667	0.00545	0.00604	0.01025
64	0.00816	0.00616	0.00785	0.00882	0.00942	0.00595	0.00608	0.00913	0.01201	0.01591	0.03586	0.64171	0.13273	0.01816	0.00844	0.00249	0.04429	0.01596	0.00559	0.00528
65	0.00766	0.00649	0.00649	0.00647	0.00854	0.00540	0.00481	0.00903	0.01402	0.01673	0.06104	0.05823	0.74302	0.01550	0.00732	0.00212	0.00324	0.01280	0.00574	0.00536

[dist]
# distance from previous block
# <min> <max>
1	213

# created by:
# /software/SequenceAnalysis/GenePrediction/augustus/3.0.1/scripts/msa2prfl.pl ./fixed/BUSCOvEOG7RV456.fas
