[name]
unknown

[dist]
# distance from previous block
# <min> <max>
0	301

[block]
# block no. 0 follows, 41 sequences, length 13
# corresponding to MSA columns:
# 304-316
name=unknown_A
#
# <colnr> <probs for GDERKNQSTAVLIFYWHMCP>
#	G	D	E	R	K	N	Q	S	T	A	V	L	I	F	Y	W	H	M	C	P
0	0.01321	0.01925	0.28699	0.02846	0.50221	0.01348	0.01882	0.01775	0.01269	0.01848	0.01058	0.01342	0.00842	0.00522	0.00558	0.00174	0.00738	0.00479	0.00268	0.00885
1	0.00692	0.00585	0.00602	0.00611	0.00800	0.00494	0.00467	0.00845	0.01305	0.01556	0.05611	0.05567	0.71275	0.01457	0.00684	0.00198	0.00305	0.05928	0.00531	0.00486
2	0.01529	0.02351	0.43663	0.01590	0.02274	0.01497	0.08302	0.27483	0.01744	0.02447	0.01161	0.01297	0.00825	0.00588	0.00566	0.00179	0.00780	0.00478	0.00363	0.00884
3	0.00985	0.00884	0.01462	0.41352	0.09378	0.01000	0.03980	0.01267	0.01149	0.01512	0.01782	0.29091	0.01847	0.00994	0.00631	0.00204	0.00610	0.00910	0.00356	0.00605
4	0.00989	0.00781	0.00927	0.00966	0.01118	0.00834	0.00724	0.01650	0.27362	0.01829	0.02842	0.40780	0.02986	0.01400	0.00687	0.00224	0.00405	0.12319	0.00548	0.00630
5	0.01162	0.01055	0.01736	0.02551	0.49639	0.01043	0.01323	0.01416	0.01229	0.01724	0.01810	0.29029	0.01923	0.00963	0.00624	0.00192	0.00557	0.00904	0.00371	0.00750
6	0.13491	0.01376	0.01428	0.01171	0.01566	0.01545	0.00947	0.36163	0.28075	0.05819	0.01663	0.01601	0.01213	0.00697	0.00545	0.00181	0.00535	0.00535	0.00550	0.00899
7	0.01188	0.02243	0.44012	0.01824	0.02510	0.01299	0.27474	0.01752	0.01295	0.01863	0.07884	0.01605	0.01200	0.00579	0.00602	0.00185	0.00835	0.00567	0.00294	0.00791
8	0.00832	0.00681	0.01036	0.28275	0.01929	0.00750	0.00905	0.01032	0.01112	0.01461	0.02397	0.51950	0.02715	0.01361	0.00674	0.00218	0.00484	0.01231	0.00433	0.00525
9	0.30483	0.01200	0.01430	0.01237	0.01362	0.01586	0.01028	0.01484	0.00910	0.01797	0.00767	0.01137	0.00704	0.00835	0.01339	0.00224	0.51132	0.00433	0.00287	0.00623
10	0.01364	0.00668	0.00897	0.00867	0.01044	0.00601	0.00633	0.01502	0.01275	0.28054	0.02778	0.48851	0.02873	0.04757	0.00769	0.00227	0.00396	0.01221	0.00586	0.00639
11	0.00737	0.00528	0.00699	0.00769	0.00838	0.00491	0.00534	0.00896	0.01280	0.01755	0.28916	0.52921	0.04354	0.01572	0.00710	0.00214	0.00310	0.01417	0.00566	0.00491
12	0.01368	0.42599	0.06487	0.01004	0.01488	0.01646	0.00955	0.01600	0.01154	0.01557	0.00884	0.01051	0.00775	0.00503	0.00497	0.00121	0.05741	0.00337	0.00278	0.29956

[dist]
# distance from previous block
# <min> <max>
0	2

[block]
# block no. 1 follows, 41 sequences, length 8
# corresponding to MSA columns:
# 319-326
name=unknown_B
#
# <colnr> <probs for GDERKNQSTAVLIFYWHMCP>
#	G	D	E	R	K	N	Q	S	T	A	V	L	I	F	Y	W	H	M	C	P
0	0.49689	0.01313	0.04698	0.09446	0.13111	0.03925	0.01016	0.07333	0.01207	0.02350	0.00921	0.01117	0.00715	0.00547	0.00440	0.00176	0.00565	0.00384	0.00342	0.00704
1	0.01485	0.01558	0.10074	0.03031	0.58971	0.01409	0.01707	0.11126	0.01471	0.02086	0.01109	0.01388	0.00896	0.00536	0.00565	0.00171	0.00690	0.00501	0.00316	0.00908
2	0.01344	0.01447	0.02877	0.02450	0.17345	0.01424	0.48190	0.01748	0.01282	0.01793	0.01091	0.01468	0.00862	0.00539	0.00766	0.00188	0.09052	0.00606	0.00287	0.05240
3	0.01192	0.01283	0.05594	0.11899	0.16853	0.01158	0.25806	0.01558	0.01278	0.01751	0.01811	0.02060	0.12424	0.00642	0.00600	0.00173	0.00698	0.00645	0.00325	0.12251
4	0.05198	0.02552	0.01631	0.01544	0.05552	0.67947	0.01119	0.04965	0.01621	0.01551	0.00909	0.01060	0.00750	0.00587	0.00514	0.00151	0.00976	0.00379	0.00307	0.00686
5	0.01439	0.01407	0.02237	0.03053	0.58662	0.04262	0.06759	0.01946	0.10854	0.01916	0.01236	0.01503	0.01005	0.00545	0.00574	0.00174	0.00684	0.00534	0.00323	0.00887
6	0.01163	0.01148	0.01572	0.01360	0.01390	0.01557	0.01126	0.01291	0.00942	0.01402	0.01527	0.01906	0.12341	0.01070	0.01692	0.00241	0.66767	0.00609	0.00293	0.00604
7	0.01043	0.00846	0.01133	0.01283	0.12637	0.00862	0.00851	0.01600	0.16666	0.02174	0.39953	0.03675	0.03685	0.01040	0.00654	0.00192	0.00404	0.10081	0.00553	0.00669

[dist]
# distance from previous block
# <min> <max>
0	1

[block]
# block no. 2 follows, 41 sequences, length 10
# corresponding to MSA columns:
# 328-337
name=unknown_C
#
# <colnr> <probs for GDERKNQSTAVLIFYWHMCP>
#	G	D	E	R	K	N	Q	S	T	A	V	L	I	F	Y	W	H	M	C	P
0	0.00806	0.00544	0.00632	0.00657	0.00664	0.00537	0.00382	0.00825	0.00883	0.01177	0.02063	0.18375	0.02408	0.64818	0.02490	0.00492	0.00512	0.00985	0.00382	0.00369
1	0.00914	0.00692	0.00870	0.00818	0.00855	0.00777	0.00574	0.01014	0.01042	0.01486	0.17893	0.06689	0.02594	0.40035	0.02001	0.00379	0.15585	0.00833	0.04491	0.00457
2	0.01476	0.64991	0.02757	0.01080	0.01475	0.02165	0.01031	0.01648	0.01107	0.01352	0.00787	0.00982	0.00737	0.00588	0.00659	0.00147	0.15718	0.00343	0.00246	0.00713
3	0.01520	0.01204	0.01283	0.01103	0.01401	0.01354	0.00849	0.22722	0.40465	0.02486	0.01958	0.02230	0.01593	0.16027	0.01029	0.00257	0.00522	0.00645	0.00534	0.00816
4	0.01655	0.01812	0.02089	0.02835	0.51599	0.26647	0.01540	0.01931	0.01408	0.01713	0.01012	0.01288	0.00850	0.00536	0.00550	0.00162	0.00796	0.00463	0.00287	0.00825
5	0.01467	0.01296	0.02187	0.10864	0.63532	0.01312	0.01671	0.01802	0.01311	0.07350	0.01157	0.01466	0.00929	0.00531	0.00567	0.00172	0.00674	0.00514	0.00312	0.00884
6	0.01386	0.04875	0.48483	0.01777	0.07147	0.16095	0.08698	0.01898	0.01306	0.01724	0.01008	0.01211	0.00753	0.00543	0.00547	0.00173	0.00875	0.00438	0.00259	0.00804
7	0.00976	0.00622	0.00818	0.00748	0.00912	0.00568	0.00568	0.01241	0.01621	0.09345	0.69039	0.04052	0.05020	0.01126	0.00665	0.00180	0.00290	0.00991	0.00637	0.00581
8	0.01268	0.02371	0.45039	0.04641	0.07959	0.08543	0.11624	0.01776	0.01253	0.01734	0.01129	0.05140	0.00912	0.00616	0.00618	0.00184	0.03609	0.00524	0.00271	0.00788
9	0.01527	0.05142	0.07836	0.08355	0.02534	0.04939	0.35256	0.16693	0.06384	0.02147	0.01219	0.01465	0.00913	0.00571	0.00634	0.00184	0.02463	0.00575	0.00357	0.00805

[dist]
# distance from previous block
# <min> <max>
0	105

# created by:
# /software/SequenceAnalysis/GenePrediction/augustus/3.0.1/scripts/msa2prfl.pl ./fixed/BUSCOvEOG747H7Z.fas
