[name]
unknown

[dist]
# distance from previous block
# <min> <max>
0	939

[block]
# block no. 0 follows, 39 sequences, length 21
# corresponding to MSA columns:
# 1028-1048
name=unknown_A
#
# <colnr> <probs for GDERKNQSTAVLIFYWHMCP>
#	G	D	E	R	K	N	Q	S	T	A	V	L	I	F	Y	W	H	M	C	P
0	0.01194	0.00747	0.01048	0.03281	0.01222	0.00697	0.04221	0.01481	0.03445	0.15381	0.36298	0.13460	0.10155	0.01182	0.00685	0.00198	0.00395	0.03653	0.00609	0.00648
1	0.06898	0.04901	0.32233	0.01423	0.02060	0.01437	0.04835	0.19302	0.04497	0.07164	0.01264	0.01361	0.00911	0.00600	0.00548	0.00174	0.00708	0.00471	0.00397	0.08816
2	0.00950	0.00788	0.04414	0.01025	0.04709	0.00644	0.00745	0.01132	0.01207	0.04844	0.02800	0.46905	0.06243	0.03318	0.00746	0.00221	0.00425	0.07007	0.00499	0.11378
3	0.01396	0.11933	0.24489	0.02445	0.36030	0.01523	0.01726	0.01972	0.09308	0.01904	0.01202	0.01414	0.00953	0.00565	0.00554	0.00176	0.00719	0.00488	0.00309	0.00895
4	0.01632	0.09654	0.23303	0.01440	0.08615	0.01223	0.01314	0.02136	0.07906	0.22461	0.12521	0.02004	0.01776	0.00717	0.00578	0.00180	0.00606	0.00591	0.00478	0.00863
5	0.02653	0.01006	0.01372	0.01052	0.01510	0.00869	0.00869	0.02882	0.01693	0.75937	0.02333	0.02013	0.01464	0.00732	0.00595	0.00183	0.00503	0.00595	0.00732	0.01006
6	0.01329	0.12271	0.20964	0.02366	0.30169	0.01447	0.11541	0.01740	0.01289	0.01799	0.01277	0.08755	0.01145	0.00656	0.00584	0.00181	0.00742	0.00610	0.00302	0.00834
7	0.01664	0.01116	0.04830	0.08288	0.08484	0.01021	0.07023	0.02124	0.09750	0.27334	0.13568	0.05980	0.04497	0.00834	0.00629	0.00191	0.00551	0.00739	0.00551	0.00826
8	0.01186	0.03059	0.76153	0.01686	0.02560	0.01373	0.02185	0.01873	0.01249	0.01873	0.01061	0.01249	0.00749	0.00562	0.00562	0.00187	0.00874	0.00437	0.00250	0.00874
9	0.00837	0.00604	0.00790	0.00744	0.00883	0.00558	0.00558	0.01116	0.01674	0.02371	0.75216	0.04417	0.05580	0.01209	0.00697	0.00186	0.00279	0.01069	0.00651	0.00558
10	0.01238	0.12804	0.60415	0.01647	0.05217	0.01469	0.01963	0.01828	0.01251	0.01808	0.01125	0.01462	0.00877	0.00601	0.00551	0.00183	0.00821	0.03627	0.00265	0.00847
11	0.00721	0.00515	0.00686	0.00823	0.00858	0.00480	0.00549	0.00823	0.01132	0.01510	0.03259	0.78831	0.03911	0.01853	0.00755	0.00240	0.00343	0.01681	0.00549	0.00480
12	0.02248	0.01656	0.01775	0.01361	0.01834	0.01834	0.01124	0.73556	0.02780	0.03727	0.01420	0.01420	0.01006	0.00710	0.00592	0.00177	0.00651	0.00532	0.00592	0.01006
13	0.01304	0.00735	0.00910	0.00801	0.01050	0.00658	0.00623	0.01583	0.04290	0.21728	0.32924	0.04067	0.24673	0.01151	0.00667	0.00190	0.00352	0.00980	0.00641	0.00674
14	0.11093	0.04871	0.01895	0.33710	0.07636	0.01372	0.09598	0.05718	0.05529	0.11056	0.01290	0.01551	0.00945	0.00603	0.00568	0.00188	0.00700	0.00529	0.00375	0.00772
15	0.01179	0.01156	0.02077	0.61996	0.07729	0.01347	0.12935	0.01587	0.01225	0.01594	0.01077	0.01574	0.00813	0.00573	0.00608	0.00196	0.00817	0.00553	0.00270	0.00694
16	0.00721	0.00515	0.00686	0.00823	0.00858	0.00480	0.00549	0.00823	0.01132	0.01510	0.03259	0.78831	0.03911	0.01853	0.00755	0.00240	0.00343	0.01681	0.00549	0.00480
17	0.01324	0.01204	0.01747	0.44242	0.03028	0.04584	0.07392	0.11293	0.04834	0.01837	0.01276	0.01862	0.01050	0.10801	0.00912	0.00242	0.00756	0.00585	0.00340	0.00691
18	0.01869	0.12271	0.01474	0.01006	0.01362	0.01078	0.00834	0.02240	0.09048	0.36988	0.10188	0.04969	0.01947	0.01280	0.10468	0.00279	0.00628	0.00659	0.00580	0.00832
19	0.01027	0.00514	0.00770	0.00770	0.00770	0.00514	0.00514	0.00770	0.00770	0.01027	0.01027	0.01798	0.01027	0.02054	0.02311	0.82794	0.00514	0.00514	0.00257	0.00257
20	0.55955	0.01097	0.01040	0.00871	0.01268	0.01171	0.00718	0.02127	0.01240	0.27558	0.01336	0.01318	0.00920	0.00611	0.00444	0.00183	0.00473	0.00414	0.00490	0.00765

[dist]
# distance from previous block
# <min> <max>
12	178

# created by:
# /software/SequenceAnalysis/GenePrediction/augustus/3.0.1/scripts/msa2prfl.pl ./fixed/BUSCOvEOG7J12NT.fas
