[name]
unknown

[dist]
# distance from previous block
# <min> <max>
0	46

[block]
# block no. 0 follows, 40 sequences, length 29
# corresponding to MSA columns:
# 59-87
name=unknown_A
#
# <colnr> <probs for GDERKNQSTAVLIFYWHMCP>
#	G	D	E	R	K	N	Q	S	T	A	V	L	I	F	Y	W	H	M	C	P
0	0.01446	0.01249	0.01315	0.01183	0.01512	0.01446	0.00920	0.03090	0.74885	0.02433	0.02367	0.02170	0.01775	0.00789	0.00592	0.00197	0.00460	0.00657	0.00592	0.00920
1	0.01166	0.03008	0.76550	0.01657	0.02517	0.01351	0.02149	0.01842	0.01228	0.01842	0.01044	0.01228	0.00737	0.00552	0.00552	0.00184	0.00859	0.00430	0.00246	0.00859
2	0.00709	0.00506	0.00675	0.00810	0.00843	0.00472	0.00540	0.00810	0.01113	0.01484	0.03205	0.79184	0.03846	0.01822	0.00742	0.00236	0.00337	0.01653	0.00540	0.00472
3	0.00923	0.00659	0.00921	0.01055	0.01183	0.00657	0.00913	0.01181	0.01325	0.01725	0.03087	0.10957	0.03377	0.01619	0.00800	0.00266	0.00523	0.67761	0.00536	0.00532
4	0.01098	0.01034	0.01744	0.78165	0.04005	0.01292	0.01615	0.01486	0.01163	0.01486	0.01034	0.01550	0.00775	0.00581	0.00581	0.00194	0.00775	0.00517	0.00258	0.00646
5	0.01098	0.01034	0.01744	0.78165	0.04005	0.01292	0.01615	0.01486	0.01163	0.01486	0.01034	0.01550	0.00775	0.00581	0.00581	0.00194	0.00775	0.00517	0.00258	0.00646
6	0.00816	0.00589	0.00771	0.00737	0.00867	0.00544	0.00548	0.01079	0.01612	0.02278	0.71032	0.09094	0.05383	0.01229	0.00689	0.00186	0.00278	0.01090	0.00634	0.00544
7	0.01114	0.01065	0.01843	0.73751	0.03949	0.01302	0.05825	0.01508	0.01175	0.01508	0.01042	0.01551	0.00781	0.00576	0.00588	0.00194	0.00787	0.00527	0.00260	0.00654
8	0.01098	0.01034	0.01744	0.78165	0.04005	0.01292	0.01615	0.01486	0.01163	0.01486	0.01034	0.01550	0.00775	0.00581	0.00581	0.00194	0.00775	0.00517	0.00258	0.00646
9	0.00846	0.00564	0.00634	0.00634	0.00634	0.00564	0.00352	0.00846	0.00846	0.01128	0.01832	0.03805	0.02114	0.79563	0.02960	0.00564	0.00564	0.00846	0.00352	0.00352
10	0.01373	0.01569	0.03431	0.02451	0.03039	0.01471	0.73824	0.01863	0.01373	0.01863	0.01176	0.01569	0.00882	0.00490	0.00686	0.00196	0.00980	0.00686	0.00294	0.00784
11	0.00709	0.00585	0.00622	0.00623	0.00801	0.00498	0.00463	0.00872	0.01361	0.01680	0.16153	0.09587	0.61135	0.01450	0.00690	0.00197	0.00294	0.01225	0.00555	0.00498
12	0.02609	0.00990	0.01350	0.01035	0.01484	0.00855	0.00855	0.02834	0.01664	0.76338	0.02294	0.01979	0.01439	0.00720	0.00585	0.00180	0.00495	0.00585	0.00720	0.00990
13	0.01356	0.01536	0.03329	0.07035	0.03098	0.01460	0.69452	0.01840	0.01360	0.01840	0.01168	0.01568	0.00876	0.00496	0.00680	0.00196	0.00968	0.00676	0.00292	0.00776
14	0.00831	0.00623	0.00935	0.00935	0.01038	0.00727	0.00727	0.01038	0.00935	0.01350	0.01558	0.02285	0.01454	0.04361	0.77259	0.00935	0.01558	0.00623	0.00312	0.00519
15	0.01450	0.09345	0.02321	0.12163	0.55780	0.03369	0.01648	0.03810	0.01338	0.01834	0.01061	0.01390	0.00883	0.00531	0.00555	0.00170	0.00701	0.00494	0.00289	0.00866
16	0.01084	0.00542	0.00542	0.00542	0.00678	0.00542	0.00407	0.01355	0.01220	0.02168	0.01897	0.02168	0.01491	0.00678	0.00407	0.00136	0.00271	0.00542	0.82791	0.00542
17	0.00717	0.00512	0.00684	0.00819	0.00857	0.00480	0.00554	0.00824	0.01122	0.01494	0.03200	0.76499	0.03828	0.01814	0.00744	0.00237	0.00345	0.04254	0.00540	0.00475
18	0.00809	0.00586	0.00766	0.00760	0.00884	0.00543	0.00568	0.01053	0.01537	0.02144	0.57979	0.15583	0.07470	0.01318	0.00702	0.00197	0.00301	0.05651	0.00615	0.00535
19	0.00695	0.00589	0.00600	0.00597	0.00790	0.00494	0.00448	0.00849	0.01344	0.01614	0.09850	0.05525	0.71714	0.01457	0.00687	0.00196	0.00293	0.01217	0.00546	0.00494
20	0.01439	0.01382	0.02360	0.03569	0.75936	0.01382	0.01785	0.01785	0.01324	0.01900	0.01094	0.01439	0.00921	0.00518	0.00576	0.00173	0.00691	0.00518	0.00288	0.00921
21	0.00859	0.00664	0.00988	0.00972	0.01069	0.00794	0.00762	0.01061	0.00932	0.01353	0.01507	0.02220	0.01410	0.04149	0.72476	0.00891	0.06441	0.00616	0.00308	0.00527
22	0.02525	0.01059	0.01385	0.01069	0.01515	0.00967	0.00881	0.09421	0.04755	0.66603	0.02214	0.01933	0.01412	0.00721	0.00585	0.00180	0.00507	0.00582	0.00702	0.00987
23	0.01416	0.01358	0.02319	0.08589	0.71095	0.01376	0.01773	0.01765	0.01313	0.01872	0.01090	0.01447	0.00911	0.00522	0.00576	0.00174	0.00697	0.00518	0.00286	0.00903
24	0.01555	0.79913	0.03047	0.00995	0.01493	0.02301	0.00995	0.01741	0.01182	0.01368	0.00808	0.00933	0.00746	0.00498	0.00373	0.00124	0.00622	0.00311	0.00249	0.00746
25	0.01369	0.01176	0.01244	0.01124	0.01435	0.01343	0.00872	0.02852	0.66711	0.02375	0.06240	0.02489	0.06501	0.00851	0.00602	0.00196	0.00441	0.00712	0.00591	0.00876
26	0.01098	0.01034	0.01744	0.78165	0.04005	0.01292	0.01615	0.01486	0.01163	0.01486	0.01034	0.01550	0.00775	0.00581	0.00581	0.00194	0.00775	0.00517	0.00258	0.00646
27	0.00831	0.00623	0.00935	0.00935	0.01038	0.00727	0.00727	0.01038	0.00935	0.01350	0.01558	0.02285	0.01454	0.04361	0.77259	0.00935	0.01558	0.00623	0.00312	0.00519
28	0.09907	0.01491	0.01561	0.01218	0.01646	0.01652	0.01002	0.61103	0.02443	0.03441	0.01381	0.01417	0.00996	0.00681	0.00546	0.00172	0.00591	0.00505	0.07330	0.00918

[dist]
# distance from previous block
# <min> <max>
0	1

[block]
# block no. 1 follows, 40 sequences, length 8
# corresponding to MSA columns:
# 89-96
name=unknown_B
#
# <colnr> <probs for GDERKNQSTAVLIFYWHMCP>
#	G	D	E	R	K	N	Q	S	T	A	V	L	I	F	Y	W	H	M	C	P
0	0.06210	0.04003	0.06956	0.01365	0.03984	0.08409	0.01131	0.33377	0.16642	0.06414	0.01480	0.01495	0.01091	0.00692	0.00617	0.00180	0.04047	0.00515	0.00496	0.00894
1	0.33489	0.01447	0.01366	0.03618	0.04044	0.09160	0.00949	0.25623	0.01649	0.02642	0.01134	0.04697	0.00930	0.00691	0.00591	0.00183	0.06131	0.00477	0.00422	0.00757
2	0.00833	0.00578	0.00701	0.00730	0.00781	0.00563	0.00491	0.00927	0.01078	0.01439	0.12148	0.13148	0.06304	0.45057	0.01978	0.00415	0.00483	0.11474	0.00448	0.00426
3	0.02121	0.01183	0.01361	0.01069	0.01462	0.01214	0.00875	0.34227	0.02050	0.28868	0.01813	0.01758	0.01249	0.00701	0.00547	0.00168	0.00514	0.00549	0.17370	0.00898
4	0.01446	0.01249	0.01315	0.01183	0.01512	0.01446	0.00920	0.03090	0.74885	0.02433	0.02367	0.02170	0.01775	0.00789	0.00592	0.00197	0.00460	0.00657	0.00592	0.00920
5	0.01272	0.01272	0.01781	0.01527	0.01527	0.01781	0.01272	0.01399	0.00891	0.01399	0.00763	0.01272	0.00763	0.01018	0.01908	0.00254	0.78499	0.00509	0.00254	0.00636
6	0.01555	0.79913	0.03047	0.00995	0.01493	0.02301	0.00995	0.01741	0.01182	0.01368	0.00808	0.00933	0.00746	0.00498	0.00373	0.00124	0.00622	0.00311	0.00249	0.00746
7	0.01164	0.01121	0.01980	0.55101	0.12516	0.01288	0.10531	0.01552	0.01219	0.01598	0.01180	0.01836	0.00959	0.00623	0.00607	0.00196	0.00776	0.04779	0.00283	0.00690

[dist]
# distance from previous block
# <min> <max>
0	6

[block]
# block no. 2 follows, 40 sequences, length 15
# corresponding to MSA columns:
# 103-117
name=unknown_C
#
# <colnr> <probs for GDERKNQSTAVLIFYWHMCP>
#	G	D	E	R	K	N	Q	S	T	A	V	L	I	F	Y	W	H	M	C	P
0	0.01996	0.02315	0.01514	0.01354	0.01653	0.56878	0.01029	0.11067	0.01719	0.01760	0.01281	0.01415	0.04341	0.00755	0.02512	0.00174	0.00921	0.00451	0.06175	0.00691
1	0.01412	0.01210	0.01289	0.01176	0.01491	0.01394	0.00922	0.02963	0.69926	0.02386	0.02415	0.02466	0.01881	0.00844	0.00606	0.00202	0.00465	0.05470	0.00588	0.00894
2	0.00937	0.00669	0.00937	0.01071	0.01205	0.00669	0.00937	0.01205	0.01339	0.01740	0.03079	0.06560	0.03347	0.01606	0.00803	0.00268	0.00535	0.72021	0.00535	0.00535
3	0.01304	0.09397	0.60514	0.01531	0.02297	0.01410	0.01887	0.01979	0.06453	0.06185	0.01190	0.01313	0.00852	0.00574	0.00542	0.00180	0.00789	0.00445	0.00298	0.00862
4	0.02609	0.00990	0.01350	0.01035	0.01484	0.00855	0.00855	0.02834	0.01664	0.76338	0.02294	0.01979	0.01439	0.00720	0.00585	0.00180	0.00495	0.00585	0.00720	0.00990
5	0.00781	0.00576	0.00782	0.05280	0.01039	0.00554	0.00606	0.00975	0.01350	0.01856	0.34831	0.41851	0.04387	0.01472	0.00708	0.00210	0.00335	0.01323	0.00567	0.00516
6	0.01310	0.01095	0.01262	0.00911	0.01422	0.00881	0.00732	0.08950	0.01364	0.02078	0.01071	0.01225	0.00874	0.00458	0.00446	0.00095	0.00452	0.00363	0.00369	0.74641
7	0.02609	0.00990	0.01350	0.01035	0.01484	0.00855	0.00855	0.02834	0.01664	0.76338	0.02294	0.01979	0.01439	0.00720	0.00585	0.00180	0.00495	0.00585	0.00720	0.00990
8	0.01390	0.00955	0.00910	0.00815	0.01041	0.05830	0.00633	0.14054	0.10143	0.02407	0.01802	0.01964	0.01390	0.00689	0.00466	0.00150	0.00407	0.00542	0.53743	0.00671
9	0.01101	0.00793	0.01193	0.08615	0.06457	0.00794	0.06803	0.04098	0.01302	0.06159	0.05689	0.32111	0.02493	0.01154	0.00636	0.00200	0.00472	0.04242	0.15075	0.00614
10	0.00709	0.00506	0.00675	0.00810	0.00843	0.00472	0.00540	0.00810	0.01113	0.01484	0.03205	0.79184	0.03846	0.01822	0.00742	0.00236	0.00337	0.01653	0.00540	0.00472
11	0.12198	0.01121	0.01781	0.47889	0.13197	0.01285	0.05659	0.01673	0.01210	0.07002	0.01110	0.01486	0.00829	0.00572	0.00558	0.00188	0.00713	0.00505	0.00311	0.00714
12	0.01521	0.73314	0.09354	0.01052	0.01580	0.02219	0.01094	0.01750	0.01186	0.01409	0.00829	0.00958	0.00745	0.00502	0.00389	0.00130	0.00642	0.00321	0.00248	0.00756
13	0.00942	0.00649	0.00842	0.00795	0.00955	0.00614	0.00613	0.01277	0.05023	0.05606	0.62711	0.04327	0.04949	0.01185	0.00687	0.00191	0.00315	0.07102	0.00632	0.00585
14	0.01710	0.00975	0.01315	0.14210	0.01799	0.01019	0.00960	0.06245	0.07928	0.30893	0.03765	0.02311	0.08904	0.01258	0.10292	0.00283	0.04161	0.00652	0.00529	0.00790

[dist]
# distance from previous block
# <min> <max>
0	1

[block]
# block no. 3 follows, 40 sequences, length 17
# corresponding to MSA columns:
# 119-135
name=unknown_D
#
# <colnr> <probs for GDERKNQSTAVLIFYWHMCP>
#	G	D	E	R	K	N	Q	S	T	A	V	L	I	F	Y	W	H	M	C	P
0	0.01234	0.08840	0.49637	0.01539	0.05813	0.03795	0.01703	0.01729	0.01243	0.04739	0.01401	0.13111	0.01249	0.00748	0.00568	0.00185	0.00743	0.00615	0.00314	0.00793
1	0.02519	0.01031	0.01362	0.01056	0.01498	0.00929	0.00868	0.05547	0.06419	0.68827	0.02265	0.01969	0.01444	0.00723	0.00585	0.00181	0.00498	0.00587	0.00706	0.00985
2	0.00804	0.00633	0.00961	0.01097	0.05824	0.00599	0.05123	0.00950	0.01150	0.01543	0.02941	0.67020	0.03460	0.01649	0.00730	0.00231	0.00406	0.03850	0.00508	0.00522
3	0.49578	0.06238	0.01336	0.05778	0.04507	0.01354	0.03241	0.07642	0.01271	0.12680	0.01099	0.01201	0.00807	0.00575	0.00443	0.00177	0.00529	0.00401	0.00409	0.00734
4	0.01226	0.00714	0.00907	0.00800	0.01008	0.00669	0.00619	0.05441	0.01671	0.14953	0.52532	0.03586	0.04197	0.01037	0.00638	0.00178	0.00332	0.00898	0.07948	0.00647
5	0.02133	0.00950	0.01226	0.04851	0.01471	0.00899	0.00821	0.05235	0.07294	0.49735	0.02125	0.01986	0.01425	0.00709	0.00551	0.00173	0.00469	0.00576	0.16488	0.00881
6	0.00823	0.00594	0.00777	0.00732	0.00869	0.00549	0.00549	0.01097	0.01646	0.02332	0.75629	0.04344	0.05487	0.01189	0.00686	0.00183	0.00274	0.01052	0.00640	0.00549
7	0.00687	0.00589	0.00589	0.00589	0.00785	0.00491	0.00442	0.00835	0.01325	0.01571	0.05891	0.05596	0.75700	0.01473	0.00687	0.00196	0.00295	0.01227	0.00540	0.00491
8	0.83671	0.01125	0.00855	0.00765	0.01125	0.01305	0.00630	0.01709	0.00990	0.02609	0.00810	0.00945	0.00630	0.00540	0.00360	0.00180	0.00450	0.00315	0.00360	0.00630
9	0.00687	0.00589	0.00589	0.00589	0.00785	0.00491	0.00442	0.00835	0.01325	0.01571	0.05891	0.05596	0.75700	0.01473	0.00687	0.00196	0.00295	0.01227	0.00540	0.00491
10	0.01621	0.79074	0.03074	0.01042	0.01541	0.02325	0.01022	0.01786	0.01225	0.01436	0.00882	0.01034	0.00814	0.00545	0.00405	0.00138	0.00644	0.00336	0.00274	0.00781
11	0.01237	0.03035	0.75749	0.01697	0.02554	0.01385	0.02163	0.01885	0.01271	0.01904	0.01114	0.01325	0.00805	0.00600	0.00582	0.00197	0.00879	0.00453	0.00271	0.00893
12	0.82812	0.01172	0.00906	0.00814	0.01177	0.01340	0.00661	0.01755	0.01036	0.02663	0.00883	0.01045	0.00699	0.00587	0.00392	0.00193	0.00474	0.00339	0.00384	0.00666
13	0.01441	0.01611	0.03454	0.02482	0.03070	0.01504	0.73031	0.01906	0.01414	0.01925	0.01245	0.01662	0.00949	0.00538	0.00715	0.00209	0.00999	0.00707	0.00319	0.00819
14	0.00920	0.00618	0.00688	0.00685	0.00692	0.00608	0.00387	0.00901	0.00893	0.01198	0.01894	0.03874	0.02167	0.78721	0.02963	0.00572	0.00587	0.00864	0.00376	0.00392
15	0.00846	0.00564	0.00634	0.00634	0.00634	0.00564	0.00352	0.00846	0.00846	0.01128	0.01832	0.03805	0.02114	0.79563	0.02960	0.00564	0.00564	0.00846	0.00352	0.00352
16	0.01206	0.01034	0.01206	0.00861	0.01378	0.00775	0.00689	0.01464	0.01206	0.01895	0.01034	0.01206	0.00861	0.00431	0.00431	0.00086	0.00431	0.00345	0.00345	0.83118

[dist]
# distance from previous block
# <min> <max>
0	139

# created by:
# /software/SequenceAnalysis/GenePrediction/augustus/3.0.1/scripts/msa2prfl.pl ./fixed/BUSCOvEOG7DJMB9.fas
