[name]
unknown

[dist]
# distance from previous block
# <min> <max>
0	104

[block]
# block no. 0 follows, 41 sequences, length 134
# corresponding to MSA columns:
# 108-241
name=unknown_A
#
# <colnr> <probs for GDERKNQSTAVLIFYWHMCP>
#	G	D	E	R	K	N	Q	S	T	A	V	L	I	F	Y	W	H	M	C	P
0	0.00810	0.00585	0.00765	0.00720	0.00855	0.00540	0.00540	0.01079	0.01619	0.02294	0.76028	0.04273	0.05397	0.01169	0.00675	0.00180	0.00270	0.01034	0.00630	0.00540
1	0.02566	0.00973	0.01327	0.01018	0.01460	0.00841	0.00841	0.02788	0.01637	0.76726	0.02257	0.01947	0.01416	0.00708	0.00575	0.00177	0.00487	0.00575	0.00708	0.00973
2	0.04274	0.00976	0.01317	0.01012	0.01453	0.00850	0.00836	0.02764	0.01623	0.75170	0.02226	0.01926	0.01399	0.00704	0.00571	0.00177	0.00486	0.00570	0.00701	0.00966
3	0.02420	0.01176	0.01449	0.01114	0.01559	0.01145	0.00919	0.25260	0.03468	0.52278	0.01981	0.01771	0.01284	0.00703	0.00574	0.00176	0.00531	0.00558	0.00663	0.00972
4	0.01522	0.01245	0.01325	0.01169	0.01507	0.01425	0.00916	0.08150	0.67171	0.05423	0.02257	0.02072	0.01678	0.00767	0.00581	0.00192	0.00467	0.00634	0.00586	0.00913
5	0.83938	0.01106	0.00841	0.00752	0.01106	0.01283	0.00619	0.01681	0.00973	0.02566	0.00796	0.00929	0.00619	0.00531	0.00354	0.00177	0.00442	0.00310	0.00354	0.00619
6	0.01251	0.01251	0.01752	0.01502	0.01502	0.01752	0.01251	0.01377	0.00876	0.01377	0.00751	0.01251	0.00751	0.01001	0.01877	0.00250	0.78851	0.00501	0.00250	0.00626
7	0.01620	0.01334	0.01459	0.01327	0.05489	0.01512	0.00998	0.21778	0.52287	0.02685	0.02011	0.01896	0.01498	0.00738	0.00579	0.00187	0.00511	0.00605	0.00564	0.00923
8	0.00810	0.00585	0.00765	0.00720	0.00855	0.00540	0.00540	0.01079	0.01619	0.02294	0.76028	0.04273	0.05397	0.01169	0.00675	0.00180	0.00270	0.01034	0.00630	0.00540
9	0.01020	0.00735	0.00895	0.00828	0.01020	0.00732	0.00637	0.01548	0.16208	0.06156	0.50991	0.03875	0.08230	0.01098	0.00655	0.00186	0.00328	0.03611	0.00615	0.00631
10	0.00697	0.00498	0.00664	0.00796	0.00830	0.00465	0.00531	0.00796	0.01095	0.01460	0.03153	0.79525	0.03783	0.01792	0.00730	0.00232	0.00332	0.01626	0.00531	0.00465
11	0.00810	0.00585	0.00765	0.00720	0.00855	0.00540	0.00540	0.01079	0.01619	0.02294	0.76028	0.04273	0.05397	0.01169	0.00675	0.00180	0.00270	0.01034	0.00630	0.00540
12	0.01529	0.80242	0.02997	0.00979	0.01468	0.02263	0.00979	0.01713	0.01162	0.01346	0.00795	0.00918	0.00734	0.00489	0.00367	0.00122	0.00612	0.00306	0.00245	0.00734
13	0.01295	0.01379	0.02772	0.02062	0.02545	0.01331	0.55007	0.01886	0.10673	0.01880	0.01563	0.04175	0.01321	0.00674	0.00677	0.00202	0.00835	0.08610	0.00359	0.00753
14	0.01680	0.01368	0.01409	0.01207	0.01566	0.04597	0.00954	0.20028	0.51818	0.05814	0.02038	0.01899	0.01506	0.00744	0.00577	0.00186	0.00520	0.00601	0.00573	0.00914
15	0.08587	0.20057	0.50762	0.01383	0.02090	0.01516	0.01679	0.01815	0.01193	0.04623	0.01001	0.01146	0.00744	0.00536	0.00488	0.00167	0.00744	0.00392	0.00270	0.00805
16	0.01492	0.67177	0.13396	0.01084	0.01619	0.04226	0.01142	0.01743	0.01181	0.01413	0.00830	0.00962	0.00733	0.00500	0.00396	0.00131	0.00656	0.00324	0.00246	0.00748
17	0.00676	0.00579	0.00579	0.00579	0.00773	0.00483	0.00435	0.00821	0.01304	0.01545	0.05794	0.05505	0.76098	0.01449	0.00676	0.00193	0.00290	0.01207	0.00531	0.00483
18	0.00697	0.00498	0.00664	0.00796	0.00830	0.00465	0.00531	0.00796	0.01095	0.01460	0.03153	0.79525	0.03783	0.01792	0.00730	0.00232	0.00332	0.01626	0.00531	0.00465
19	0.02142	0.01251	0.03191	0.01856	0.25422	0.06036	0.01176	0.02405	0.01520	0.46370	0.01765	0.01702	0.01195	0.00634	0.00568	0.00173	0.00591	0.00538	0.00536	0.00929
20	0.01409	0.01402	0.04307	0.03461	0.74365	0.01358	0.01765	0.01757	0.01300	0.01867	0.01075	0.01410	0.00901	0.00511	0.00566	0.00170	0.00684	0.00507	0.00282	0.00904
21	0.02234	0.01507	0.01658	0.01271	0.01726	0.01633	0.01050	0.63599	0.02530	0.14654	0.01507	0.01460	0.01040	0.00690	0.00573	0.00172	0.00608	0.00524	0.00593	0.00973
22	0.01251	0.01094	0.01769	0.19907	0.37619	0.01145	0.01414	0.01613	0.03592	0.04643	0.07649	0.02396	0.05070	0.00741	0.00604	0.00187	0.00618	0.07562	0.00365	0.00760
23	0.01405	0.01348	0.02303	0.05828	0.74094	0.01356	0.01750	0.01746	0.01298	0.01856	0.01074	0.01419	0.00902	0.00512	0.00566	0.00171	0.00682	0.00510	0.00282	0.00898
24	0.73360	0.01098	0.00902	0.02803	0.01211	0.01269	0.00679	0.03336	0.03435	0.02515	0.00970	0.01255	0.00794	0.00593	0.00393	0.00182	0.00459	0.03743	0.00372	0.00633
25	0.00676	0.00579	0.00579	0.00579	0.00773	0.00483	0.00435	0.00821	0.01304	0.01545	0.05794	0.05505	0.76098	0.01449	0.00676	0.00193	0.00290	0.01207	0.00531	0.00483
26	0.01161	0.02860	0.71798	0.01685	0.02511	0.01337	0.07151	0.01813	0.01218	0.01813	0.01036	0.01231	0.00735	0.00539	0.00553	0.00182	0.00854	0.00440	0.00245	0.00840
27	0.11954	0.13612	0.48515	0.01397	0.02080	0.04388	0.01650	0.06869	0.01290	0.01952	0.00983	0.01135	0.00730	0.00546	0.00495	0.00170	0.00752	0.00396	0.00282	0.00802
28	0.02172	0.01673	0.01711	0.01326	0.01773	0.06584	0.01088	0.69847	0.02622	0.03465	0.01342	0.01352	0.00958	0.00680	0.00569	0.00170	0.00655	0.00506	0.00555	0.00953
29	0.00697	0.00498	0.00664	0.00796	0.00830	0.00465	0.00531	0.00796	0.01095	0.01460	0.03153	0.79525	0.03783	0.01792	0.00730	0.00232	0.00332	0.01626	0.00531	0.00465
30	0.01213	0.01152	0.01956	0.48832	0.32593	0.01306	0.01655	0.01578	0.01207	0.01623	0.01040	0.01482	0.00819	0.00547	0.00570	0.00182	0.00730	0.00509	0.00266	0.00743
31	0.01263	0.01203	0.02046	0.37685	0.43350	0.01319	0.01679	0.01621	0.01230	0.01683	0.01049	0.01465	0.00841	0.00538	0.00569	0.00179	0.00717	0.00509	0.00270	0.00783
32	0.00809	0.00590	0.00765	0.00737	0.00876	0.00545	0.00564	0.01070	0.01573	0.02195	0.65219	0.04536	0.10109	0.01222	0.00684	0.00188	0.00292	0.06877	0.00614	0.00535
33	0.02230	0.00985	0.01278	0.01013	0.01409	0.00910	0.00825	0.05576	0.09818	0.57300	0.10359	0.02200	0.01873	0.00765	0.00587	0.00179	0.00465	0.00631	0.00680	0.00918
34	0.01416	0.01359	0.02322	0.03511	0.76330	0.01359	0.01755	0.01755	0.01302	0.01869	0.01076	0.01416	0.00906	0.00510	0.00566	0.00170	0.00680	0.00510	0.00283	0.00906
35	0.01416	0.01359	0.02322	0.03511	0.76330	0.01359	0.01755	0.01755	0.01302	0.01869	0.01076	0.01416	0.00906	0.00510	0.00566	0.00170	0.00680	0.00510	0.00283	0.00906
36	0.01391	0.01318	0.02188	0.05320	0.66694	0.01338	0.01665	0.01819	0.06466	0.01889	0.01225	0.01632	0.01038	0.00565	0.00575	0.00175	0.00661	0.02845	0.00311	0.00886
37	0.00832	0.00555	0.00624	0.00624	0.00624	0.00555	0.00347	0.00832	0.00832	0.01109	0.01802	0.03743	0.02080	0.79898	0.02911	0.00555	0.00555	0.00832	0.00347	0.00347
38	0.02461	0.01082	0.01388	0.01070	0.01511	0.01010	0.00882	0.14116	0.04608	0.62342	0.02120	0.01863	0.01358	0.00707	0.00575	0.00177	0.00508	0.00568	0.00682	0.00971
39	0.07053	0.27860	0.47674	0.01358	0.02054	0.01628	0.01642	0.01770	0.01177	0.01713	0.00936	0.01094	0.00720	0.00525	0.00473	0.00162	0.00742	0.00377	0.00250	0.00794
40	0.01810	0.12799	0.02048	0.02093	0.26989	0.39963	0.01308	0.03497	0.01472	0.01596	0.00947	0.01153	0.00799	0.00551	0.00514	0.00152	0.00847	0.00411	0.00290	0.00761
41	0.01164	0.00993	0.01162	0.00845	0.01332	0.00749	0.00671	0.01411	0.01182	0.01845	0.01114	0.04752	0.00981	0.00486	0.00438	0.00091	0.00419	0.00397	0.00348	0.79620
42	0.01306	0.01988	0.30787	0.02669	0.39774	0.01358	0.10295	0.01786	0.01272	0.01843	0.01067	0.01351	0.00833	0.00519	0.00570	0.00177	0.00776	0.00496	0.00268	0.00867
43	0.05530	0.08394	0.01507	0.01037	0.01482	0.01093	0.00872	0.10577	0.01684	0.58816	0.01968	0.01749	0.01273	0.00679	0.00547	0.00171	0.00512	0.00533	0.00636	0.00938
44	0.68714	0.01081	0.00932	0.00802	0.01172	0.01200	0.00661	0.01888	0.01098	0.16441	0.01070	0.01120	0.00768	0.00564	0.00395	0.00177	0.00451	0.00359	0.00420	0.00686
45	0.03028	0.53324	0.13566	0.01094	0.01626	0.01904	0.01128	0.05789	0.01308	0.11028	0.01044	0.01114	0.00829	0.00536	0.00430	0.00141	0.00628	0.00368	0.00322	0.00791
46	0.01246	0.10622	0.64233	0.01567	0.02352	0.01408	0.04282	0.01839	0.01224	0.04615	0.01054	0.01217	0.00756	0.00542	0.00531	0.00175	0.00812	0.00425	0.00261	0.00837
47	0.00832	0.00555	0.00624	0.00624	0.00624	0.00555	0.00347	0.00832	0.00832	0.01109	0.01802	0.03743	0.02080	0.79898	0.02911	0.00555	0.00555	0.00832	0.00347	0.00347
48	0.00777	0.00588	0.00719	0.00699	0.00852	0.00530	0.00533	0.01009	0.01505	0.02032	0.50258	0.04783	0.26423	0.01280	0.00683	0.00189	0.00293	0.05733	0.00593	0.00522
49	0.03154	0.03690	0.39203	0.01812	0.07618	0.01292	0.18738	0.01932	0.01310	0.12443	0.02613	0.01451	0.00953	0.00560	0.00575	0.00181	0.00787	0.00516	0.00331	0.00838
50	0.01465	0.01421	0.02277	0.03369	0.71305	0.04449	0.01711	0.03740	0.01353	0.01897	0.01076	0.01399	0.00901	0.00518	0.00564	0.00169	0.00692	0.00504	0.00291	0.00898
51	0.01325	0.01071	0.01168	0.01052	0.01339	0.01196	0.00816	0.02574	0.55486	0.05385	0.16849	0.02654	0.04850	0.00872	0.00603	0.00191	0.00413	0.00738	0.00595	0.00823
52	0.00732	0.00523	0.00703	0.00827	0.00878	0.00494	0.00584	0.00862	0.01150	0.01533	0.06582	0.66179	0.03794	0.01734	0.00735	0.00234	0.00355	0.11089	0.00535	0.00476
53	0.03872	0.01566	0.02040	0.01832	0.14143	0.04649	0.12739	0.44128	0.02133	0.05291	0.01286	0.01401	0.00942	0.00618	0.00580	0.00174	0.00698	0.00531	0.00468	0.00909
54	0.02064	0.01978	0.01664	0.01457	0.05261	0.30523	0.01103	0.38526	0.05871	0.02595	0.01231	0.01299	0.00929	0.00645	0.00548	0.00163	0.00768	0.00466	0.02069	0.00840
55	0.00715	0.00572	0.00633	0.00635	0.00793	0.00497	0.00466	0.00880	0.01343	0.01700	0.22017	0.12261	0.50049	0.03951	0.00753	0.00205	0.00298	0.01194	0.00548	0.00490
56	0.04213	0.01416	0.01529	0.01222	0.01628	0.01561	0.00993	0.49806	0.16638	0.08080	0.02928	0.04506	0.01322	0.00750	0.00576	0.00179	0.00563	0.00589	0.00577	0.00924
57	0.01435	0.01216	0.01290	0.01151	0.01471	0.01396	0.00897	0.07570	0.66536	0.02446	0.04562	0.03987	0.01857	0.00806	0.00588	0.00193	0.00456	0.00673	0.00582	0.00888
58	0.02094	0.01575	0.01657	0.01291	0.01728	0.03364	0.01059	0.66005	0.07927	0.03435	0.01443	0.01438	0.01035	0.00691	0.00568	0.00172	0.00617	0.00522	0.02427	0.00951
59	0.01394	0.01195	0.01272	0.01158	0.01470	0.01378	0.00906	0.02931	0.70989	0.02353	0.02369	0.02385	0.01836	0.00823	0.00594	0.00198	0.00457	0.04829	0.00579	0.00883
60	0.01503	0.74845	0.08161	0.01024	0.01538	0.02198	0.01058	0.01720	0.01165	0.01378	0.00811	0.00938	0.00733	0.00493	0.00379	0.00126	0.00628	0.00314	0.00244	0.00742
61	0.02361	0.00980	0.01306	0.00992	0.01445	0.00829	0.00816	0.02587	0.01570	0.65576	0.02072	0.01834	0.01331	0.00666	0.00553	0.00163	0.00477	0.00540	0.00653	0.13249
62	0.02315	0.01077	0.04880	0.01041	0.01476	0.00902	0.00891	0.07592	0.01689	0.61443	0.08712	0.02079	0.01707	0.00740	0.00582	0.00177	0.00494	0.00605	0.00669	0.00929
63	0.02236	0.01454	0.01619	0.01247	0.01697	0.01560	0.01028	0.56657	0.04704	0.19451	0.01595	0.01521	0.01093	0.00694	0.00573	0.00174	0.00593	0.00532	0.00602	0.00971
64	0.01040	0.00656	0.00852	0.00772	0.00951	0.00611	0.00590	0.01359	0.04596	0.11015	0.64412	0.03914	0.04783	0.01099	0.00659	0.00180	0.00303	0.00965	0.00637	0.00605
65	0.00890	0.00620	0.00791	0.00736	0.00893	0.00575	0.00556	0.01191	0.03874	0.05250	0.65868	0.04199	0.10061	0.01158	0.00668	0.00181	0.00286	0.01016	0.00624	0.00565
66	0.01356	0.01269	0.01931	0.01585	0.01690	0.01649	0.10607	0.01534	0.00990	0.06697	0.00908	0.01337	0.00812	0.00914	0.01632	0.00238	0.63366	0.00528	0.00287	0.00669
67	0.12442	0.01513	0.01576	0.01234	0.01670	0.01687	0.01015	0.60257	0.07543	0.03389	0.01367	0.01370	0.00982	0.00673	0.00545	0.00174	0.00593	0.00498	0.00545	0.00923
68	0.01563	0.01268	0.01355	0.01177	0.01520	0.01441	0.00931	0.17102	0.56002	0.03864	0.04202	0.02133	0.01722	0.00786	0.00587	0.00190	0.00485	0.02188	0.00582	0.00901
69	0.01529	0.80242	0.02997	0.00979	0.01468	0.02263	0.00979	0.01713	0.01162	0.01346	0.00795	0.00918	0.00734	0.00489	0.00367	0.00122	0.00612	0.00306	0.00245	0.00734
70	0.00697	0.00498	0.00664	0.00796	0.00830	0.00465	0.00531	0.00796	0.01095	0.01460	0.03153	0.79525	0.03783	0.01792	0.00730	0.00232	0.00332	0.01626	0.00531	0.00465
71	0.00800	0.00584	0.00752	0.00710	0.00849	0.00536	0.00532	0.01061	0.01597	0.02241	0.71124	0.04359	0.10334	0.01189	0.00675	0.00181	0.00271	0.01046	0.00623	0.00536
72	0.00786	0.00575	0.00738	0.00716	0.00845	0.00527	0.00530	0.01026	0.01534	0.02138	0.61991	0.12672	0.11265	0.01262	0.00681	0.00187	0.00278	0.01114	0.00610	0.00527
73	0.01147	0.02959	0.76934	0.01630	0.02476	0.01328	0.02113	0.01811	0.01208	0.01811	0.01026	0.01208	0.00725	0.00543	0.00543	0.00181	0.00845	0.00423	0.00242	0.00845
74	0.02566	0.00973	0.01327	0.01018	0.01460	0.00841	0.00841	0.02788	0.01637	0.76726	0.02257	0.01947	0.01416	0.00708	0.00575	0.00177	0.00487	0.00575	0.00708	0.00973
75	0.00676	0.00579	0.00579	0.00579	0.00773	0.00483	0.00435	0.00821	0.01304	0.01545	0.05794	0.05505	0.76098	0.01449	0.00676	0.00193	0.00290	0.01207	0.00531	0.00483
76	0.00884	0.00602	0.00785	0.00729	0.00879	0.00552	0.00550	0.01148	0.01612	0.05575	0.70887	0.04202	0.07101	0.01156	0.00670	0.00180	0.00280	0.01019	0.00631	0.00557
77	0.01147	0.02959	0.76934	0.01630	0.02476	0.01328	0.02113	0.01811	0.01208	0.01811	0.01026	0.01208	0.00725	0.00543	0.00543	0.00181	0.00845	0.00423	0.00242	0.00845
78	0.02117	0.02688	0.01640	0.01530	0.03842	0.75482	0.01123	0.02269	0.01612	0.01413	0.00889	0.01042	0.00741	0.00587	0.00517	0.00148	0.01022	0.00372	0.00294	0.00670
79	0.00733	0.00541	0.00765	0.00864	0.00921	0.00508	0.02835	0.00856	0.01118	0.01489	0.03082	0.72013	0.03659	0.01737	0.00733	0.00233	0.00365	0.06545	0.00523	0.00478
80	0.01448	0.04032	0.06765	0.03092	0.59134	0.01420	0.07270	0.06457	0.01386	0.01958	0.01089	0.01394	0.00891	0.00520	0.00567	0.00171	0.00706	0.00511	0.00299	0.00891
81	0.00856	0.00598	0.00752	0.00729	0.00881	0.00542	0.00552	0.01084	0.01496	0.05289	0.48337	0.10322	0.19737	0.01279	0.00682	0.00191	0.00303	0.05229	0.00599	0.00540
82	0.01416	0.01359	0.02322	0.03511	0.76330	0.01359	0.01755	0.01755	0.01302	0.01869	0.01076	0.01416	0.00906	0.00510	0.00566	0.00170	0.00680	0.00510	0.00283	0.00906
83	0.01855	0.02168	0.02053	0.01719	0.03870	0.43643	0.18413	0.08240	0.05028	0.01745	0.01055	0.01254	0.00840	0.00601	0.00637	0.00168	0.05177	0.00477	0.00328	0.00730
84	0.01248	0.23345	0.57431	0.01458	0.02210	0.01575	0.01814	0.01785	0.01196	0.01689	0.00965	0.01131	0.00727	0.00529	0.00497	0.00166	0.00784	0.00392	0.00242	0.00816
85	0.00699	0.00503	0.00659	0.00783	0.00822	0.00468	0.00522	0.00798	0.01097	0.01455	0.03227	0.74628	0.06698	0.03706	0.00782	0.00239	0.00336	0.01589	0.00526	0.00462
86	0.00832	0.00555	0.00624	0.00624	0.00624	0.00555	0.00347	0.00832	0.00832	0.01109	0.01802	0.03743	0.02080	0.79898	0.02911	0.00555	0.00555	0.00832	0.00347	0.00347
87	0.10508	0.01328	0.02092	0.02511	0.41067	0.01342	0.10670	0.08329	0.04115	0.10633	0.01262	0.01462	0.00965	0.00556	0.00559	0.00175	0.00656	0.00522	0.00376	0.00872
88	0.07890	0.01017	0.01535	0.55446	0.05138	0.01220	0.01343	0.01623	0.07210	0.04477	0.01210	0.01694	0.00952	0.06128	0.00718	0.00214	0.00684	0.00529	0.00314	0.00656
89	0.00697	0.00498	0.00664	0.00796	0.00830	0.00465	0.00531	0.00796	0.01095	0.01460	0.03153	0.79525	0.03783	0.01792	0.00730	0.00232	0.00332	0.01626	0.00531	0.00465
90	0.01529	0.80242	0.02997	0.00979	0.01468	0.02263	0.00979	0.01713	0.01162	0.01346	0.00795	0.00918	0.00734	0.00489	0.00367	0.00122	0.00612	0.00306	0.00245	0.00734
91	0.01416	0.01359	0.02322	0.03511	0.76330	0.01359	0.01755	0.01755	0.01302	0.01869	0.01076	0.01416	0.00906	0.00510	0.00566	0.00170	0.00680	0.00510	0.00283	0.00906
92	0.00824	0.00559	0.00659	0.00677	0.00699	0.00553	0.00418	0.00873	0.00951	0.01275	0.07828	0.10656	0.02575	0.61368	0.02395	0.00476	0.00511	0.05921	0.00398	0.00385
93	0.02566	0.00973	0.01327	0.01018	0.01460	0.00841	0.00841	0.02788	0.01637	0.76726	0.02257	0.01947	0.01416	0.00708	0.00575	0.00177	0.00487	0.00575	0.00708	0.00973
94	0.02019	0.01084	0.01336	0.01002	0.01470	0.00954	0.00820	0.13126	0.01636	0.39184	0.01684	0.01591	0.01148	0.00604	0.00521	0.00144	0.00486	0.00482	0.00557	0.30152
95	0.01264	0.02706	0.67208	0.01543	0.02340	0.01262	0.01942	0.01873	0.01242	0.07902	0.01126	0.01267	0.00787	0.00551	0.00540	0.00176	0.00796	0.00431	0.00284	0.04759
96	0.01258	0.03201	0.01783	0.01489	0.01501	0.01765	0.01245	0.01385	0.00883	0.01376	0.00752	0.01243	0.00750	0.00988	0.01840	0.00247	0.76920	0.00496	0.00250	0.00628
97	0.01423	0.01229	0.01293	0.01164	0.01487	0.01423	0.00905	0.03039	0.75297	0.02393	0.02328	0.02134	0.01746	0.00776	0.00582	0.00194	0.00453	0.00647	0.00582	0.00905
98	0.00683	0.00580	0.00589	0.00587	0.00777	0.00486	0.00440	0.00834	0.01320	0.01584	0.09479	0.05440	0.72389	0.01434	0.00676	0.00192	0.00289	0.01198	0.00536	0.00486
99	0.00832	0.00555	0.00624	0.00624	0.00624	0.00555	0.00347	0.00832	0.00832	0.01109	0.01802	0.03743	0.02080	0.79898	0.02911	0.00555	0.00555	0.00832	0.00347	0.00347
100	0.02497	0.00974	0.01315	0.01016	0.01449	0.00853	0.00837	0.02762	0.03912	0.72985	0.03692	0.01998	0.01503	0.00719	0.00577	0.00178	0.00481	0.00586	0.00703	0.00963
101	0.02174	0.01602	0.01717	0.01316	0.01774	0.01774	0.01087	0.74423	0.02689	0.03605	0.01373	0.01373	0.00973	0.00687	0.00572	0.00172	0.00629	0.00515	0.00572	0.00973
102	0.02137	0.02726	0.01621	0.01474	0.01768	0.77602	0.01105	0.02284	0.01621	0.01400	0.00884	0.01031	0.00737	0.00589	0.00516	0.00147	0.01031	0.00368	0.00295	0.00663
103	0.01423	0.01229	0.01293	0.01164	0.01487	0.01423	0.00905	0.03039	0.75297	0.02393	0.02328	0.02134	0.01746	0.00776	0.00582	0.00194	0.00453	0.00647	0.00582	0.00905
104	0.02174	0.01602	0.01717	0.01316	0.01774	0.01774	0.01087	0.74423	0.02689	0.03605	0.01373	0.01373	0.00973	0.00687	0.00572	0.00172	0.00629	0.00515	0.00572	0.00973
105	0.02174	0.01602	0.01717	0.01316	0.01774	0.01774	0.01087	0.74423	0.02689	0.03605	0.01373	0.01373	0.00973	0.00687	0.00572	0.00172	0.00629	0.00515	0.00572	0.00973
106	0.00697	0.00498	0.00664	0.00796	0.00830	0.00465	0.00531	0.00796	0.01095	0.01460	0.03153	0.79525	0.03783	0.01792	0.00730	0.00232	0.00332	0.01626	0.00531	0.00465
107	0.01409	0.01435	0.02698	0.01942	0.02481	0.01348	0.49135	0.10104	0.01461	0.02034	0.01145	0.01444	0.00873	0.00503	0.00634	0.00169	0.02297	0.00583	0.00331	0.17972
108	0.00676	0.00579	0.00579	0.00579	0.00773	0.00483	0.00435	0.00821	0.01304	0.01545	0.05794	0.05505	0.76098	0.01449	0.00676	0.00193	0.00290	0.01207	0.00531	0.00483
109	0.01532	0.01227	0.01305	0.01145	0.01479	0.01397	0.00899	0.10817	0.60989	0.05342	0.02198	0.02043	0.01635	0.00758	0.00572	0.00188	0.00465	0.00624	0.04486	0.00898
110	0.04026	0.26584	0.04166	0.01262	0.01716	0.13761	0.03331	0.34133	0.01915	0.02418	0.01084	0.01165	0.00842	0.00595	0.00495	0.00153	0.00698	0.00423	0.00402	0.00830
111	0.00678	0.00572	0.00588	0.00600	0.00778	0.00481	0.00444	0.00819	0.01284	0.01537	0.05539	0.12673	0.69095	0.01482	0.00681	0.00197	0.00294	0.01248	0.00531	0.00481
112	0.02566	0.00973	0.01327	0.01018	0.01460	0.00841	0.00841	0.02788	0.01637	0.76726	0.02257	0.01947	0.01416	0.00708	0.00575	0.00177	0.00487	0.00575	0.00708	0.00973
113	0.02146	0.02460	0.01644	0.01436	0.01770	0.59674	0.01101	0.19340	0.01874	0.01921	0.01000	0.01112	0.00793	0.00612	0.00529	0.00153	0.00936	0.00403	0.00360	0.00736
114	0.02399	0.01133	0.01406	0.01083	0.01518	0.01091	0.00893	0.22837	0.01916	0.53367	0.01994	0.01793	0.01293	0.00700	0.00568	0.00174	0.00518	0.00557	0.03803	0.00956
115	0.01423	0.01229	0.01293	0.01164	0.01487	0.01423	0.00905	0.03039	0.75297	0.02393	0.02328	0.02134	0.01746	0.00776	0.00582	0.00194	0.00453	0.00647	0.00582	0.00905
116	0.01593	0.01323	0.01359	0.01192	0.01531	0.05025	0.00940	0.13705	0.55050	0.05329	0.02141	0.02134	0.01631	0.00784	0.00586	0.00191	0.00511	0.03514	0.00570	0.00891
117	0.01080	0.01017	0.01716	0.78523	0.03940	0.01271	0.01589	0.01461	0.01144	0.01461	0.01017	0.01525	0.00762	0.00572	0.00572	0.00191	0.00762	0.00508	0.00254	0.00635
118	0.01261	0.01381	0.02899	0.02109	0.02618	0.01282	0.60319	0.01681	0.01308	0.01790	0.01385	0.10822	0.01214	0.00634	0.00664	0.00190	0.00851	0.00765	0.00322	0.06505
119	0.01529	0.80242	0.02997	0.00979	0.01468	0.02263	0.00979	0.01713	0.01162	0.01346	0.00795	0.00918	0.00734	0.00489	0.00367	0.00122	0.00612	0.00306	0.00245	0.00734
120	0.01086	0.01027	0.01749	0.76996	0.03920	0.01274	0.03047	0.01469	0.01148	0.01469	0.01019	0.01525	0.00765	0.00570	0.00574	0.00191	0.00767	0.00512	0.00255	0.00638
121	0.00848	0.00553	0.00618	0.00618	0.00627	0.00553	0.00350	0.00867	0.00857	0.01181	0.01807	0.03631	0.02037	0.74365	0.02736	0.00525	0.00534	0.00811	0.06124	0.00360
122	0.26182	0.01025	0.01194	0.00947	0.01364	0.00988	0.00781	0.03894	0.01465	0.53739	0.01815	0.01640	0.01176	0.00656	0.00511	0.00177	0.00477	0.00497	0.00602	0.00871
123	0.83938	0.01106	0.00841	0.00752	0.01106	0.01283	0.00619	0.01681	0.00973	0.02566	0.00796	0.00929	0.00619	0.00531	0.00354	0.00177	0.00442	0.00310	0.00354	0.00619
124	0.00697	0.00498	0.00664	0.00796	0.00830	0.00465	0.00531	0.00796	0.01095	0.01460	0.03153	0.79525	0.03783	0.01792	0.00730	0.00232	0.00332	0.01626	0.00531	0.00465
125	0.01251	0.01251	0.01752	0.01502	0.01502	0.01752	0.01251	0.01377	0.00876	0.01377	0.00751	0.01251	0.00751	0.01001	0.01877	0.00250	0.78851	0.00501	0.00250	0.00626
126	0.00832	0.00555	0.00624	0.00624	0.00624	0.00555	0.00347	0.00832	0.00832	0.01109	0.01802	0.03743	0.02080	0.79898	0.02911	0.00555	0.00555	0.00832	0.00347	0.00347
127	0.00832	0.00555	0.00624	0.00624	0.00624	0.00555	0.00347	0.00832	0.00832	0.01109	0.01802	0.03743	0.02080	0.79898	0.02911	0.00555	0.00555	0.00832	0.00347	0.00347
128	0.02137	0.02726	0.01621	0.01474	0.01768	0.77602	0.01105	0.02284	0.01621	0.01400	0.00884	0.01031	0.00737	0.00589	0.00516	0.00147	0.01031	0.00368	0.00295	0.00663
129	0.01186	0.01017	0.01186	0.00847	0.01356	0.00762	0.00678	0.01440	0.01186	0.01864	0.01017	0.01186	0.00847	0.00424	0.00424	0.00085	0.00424	0.00339	0.00339	0.83395
130	0.00810	0.00585	0.00765	0.00720	0.00855	0.00540	0.00540	0.01079	0.01619	0.02294	0.76028	0.04273	0.05397	0.01169	0.00675	0.00180	0.00270	0.01034	0.00630	0.00540
131	0.01251	0.01015	0.01193	0.00855	0.01360	0.00766	0.00685	0.01504	0.01207	0.05404	0.01075	0.01222	0.00874	0.00437	0.00431	0.00089	0.00427	0.00350	0.00356	0.79497
132	0.00809	0.00587	0.00782	0.00869	0.00975	0.00560	0.00684	0.01012	0.01304	0.01731	0.17470	0.29199	0.09701	0.01557	0.00739	0.00232	0.00396	0.30341	0.00548	0.00506
133	0.00922	0.00658	0.00922	0.01053	0.01185	0.00658	0.00922	0.01185	0.01317	0.01712	0.03029	0.06452	0.03292	0.01580	0.00790	0.00263	0.00527	0.72480	0.00527	0.00527

[dist]
# distance from previous block
# <min> <max>
0	1

[block]
# block no. 1 follows, 41 sequences, length 57
# corresponding to MSA columns:
# 243-299
name=unknown_B
#
# <colnr> <probs for GDERKNQSTAVLIFYWHMCP>
#	G	D	E	R	K	N	Q	S	T	A	V	L	I	F	Y	W	H	M	C	P
0	0.00697	0.00498	0.00664	0.00796	0.00830	0.00465	0.00531	0.00796	0.01095	0.01460	0.03153	0.79525	0.03783	0.01792	0.00730	0.00232	0.00332	0.01626	0.00531	0.00465
1	0.00804	0.00584	0.00758	0.00714	0.00851	0.00538	0.00536	0.01070	0.01607	0.02265	0.73363	0.04319	0.08080	0.01180	0.00675	0.00180	0.00271	0.01041	0.00626	0.00538
2	0.01147	0.02959	0.76934	0.01630	0.02476	0.01328	0.02113	0.01811	0.01208	0.01811	0.01026	0.01208	0.00725	0.00543	0.00543	0.00181	0.00845	0.00423	0.00242	0.00845
3	0.00810	0.00585	0.00765	0.00720	0.00855	0.00540	0.00540	0.01079	0.01619	0.02294	0.76028	0.04273	0.05397	0.01169	0.00675	0.00180	0.00270	0.01034	0.00630	0.00540
4	0.00687	0.00580	0.00595	0.00591	0.00779	0.00488	0.00443	0.00842	0.01330	0.01607	0.11597	0.05403	0.70257	0.01426	0.00676	0.00192	0.00288	0.01193	0.00539	0.00488
5	0.11135	0.01315	0.02138	0.02992	0.59791	0.01324	0.04869	0.01811	0.01286	0.06347	0.01116	0.01396	0.00901	0.00523	0.00547	0.00172	0.00653	0.00498	0.00317	0.00870
6	0.01423	0.01229	0.01293	0.01164	0.01487	0.01423	0.00905	0.03039	0.75297	0.02393	0.02328	0.02134	0.01746	0.00776	0.00582	0.00194	0.00453	0.00647	0.00582	0.00905
7	0.01272	0.01072	0.01231	0.00900	0.01394	0.00875	0.00721	0.06880	0.05651	0.02022	0.01120	0.01256	0.00909	0.00464	0.00444	0.00098	0.00440	0.00370	0.00370	0.72510
8	0.01242	0.00761	0.01029	0.01063	0.01261	0.00751	0.00919	0.05729	0.01446	0.13097	0.02815	0.05477	0.02874	0.01397	0.00745	0.00245	0.00527	0.57445	0.00557	0.00620
9	0.01423	0.01229	0.01293	0.01164	0.01487	0.01423	0.00905	0.03039	0.75297	0.02393	0.02328	0.02134	0.01746	0.00776	0.00582	0.00194	0.00453	0.00647	0.00582	0.00905
10	0.02174	0.01602	0.01717	0.01316	0.01774	0.01774	0.01087	0.74423	0.02689	0.03605	0.01373	0.01373	0.00973	0.00687	0.00572	0.00172	0.00629	0.00515	0.00572	0.00973
11	0.01335	0.01553	0.05368	0.02296	0.02879	0.01403	0.67849	0.01809	0.01336	0.01833	0.01145	0.01512	0.00863	0.00480	0.00656	0.00186	0.00929	0.00648	0.00291	0.05628
12	0.01394	0.07239	0.10077	0.03007	0.57995	0.01427	0.04117	0.01809	0.04092	0.01844	0.01101	0.01390	0.00905	0.00521	0.00554	0.00169	0.00693	0.00497	0.00288	0.00883
13	0.01423	0.01229	0.01293	0.01164	0.01487	0.01423	0.00905	0.03039	0.75297	0.02393	0.02328	0.02134	0.01746	0.00776	0.00582	0.00194	0.00453	0.00647	0.00582	0.00905
14	0.00909	0.00634	0.00749	0.00735	0.00786	0.00660	0.00473	0.05226	0.02496	0.01345	0.01867	0.10042	0.02061	0.55482	0.13651	0.00550	0.00683	0.00847	0.00375	0.00430
15	0.01217	0.14495	0.62380	0.01511	0.02279	0.01473	0.01888	0.01852	0.04573	0.01768	0.01051	0.01206	0.00772	0.00546	0.00519	0.00173	0.00792	0.00415	0.00257	0.00831
16	0.02156	0.01505	0.01633	0.01258	0.01700	0.01645	0.01037	0.65520	0.02540	0.09301	0.01465	0.01452	0.01030	0.00687	0.00565	0.00170	0.00602	0.00521	0.04260	0.00953
17	0.00697	0.00498	0.00664	0.00796	0.00830	0.00465	0.00531	0.00796	0.01095	0.01460	0.03153	0.79525	0.03783	0.01792	0.00730	0.00232	0.00332	0.01626	0.00531	0.00465
18	0.00780	0.00575	0.00741	0.00799	0.00912	0.00536	0.00610	0.00977	0.01338	0.01783	0.25424	0.27817	0.15807	0.01500	0.00719	0.00218	0.00352	0.18049	0.00560	0.00505
19	0.01597	0.67437	0.05277	0.01066	0.01541	0.12178	0.01033	0.01791	0.01224	0.01368	0.00815	0.00942	0.00734	0.00504	0.00393	0.00128	0.00675	0.00318	0.00251	0.00728
20	0.00832	0.00555	0.00624	0.00624	0.00624	0.00555	0.00347	0.00832	0.00832	0.01109	0.01802	0.03743	0.02080	0.79898	0.02911	0.00555	0.00555	0.00832	0.00347	0.00347
21	0.01961	0.01475	0.01574	0.01250	0.01665	0.01645	0.01019	0.55472	0.18883	0.03274	0.01607	0.01574	0.01166	0.00706	0.00567	0.00175	0.00575	0.00545	0.03927	0.00940
22	0.01414	0.01386	0.02227	0.11171	0.65454	0.04820	0.01709	0.01749	0.01301	0.01805	0.01061	0.01409	0.00883	0.00520	0.00565	0.00171	0.00704	0.00503	0.00281	0.00867
23	0.02109	0.01038	0.01273	0.01033	0.01413	0.02642	0.00833	0.04218	0.17556	0.49247	0.10321	0.02210	0.01900	0.00770	0.00586	0.00180	0.00471	0.00635	0.00660	0.00904
24	0.00714	0.00511	0.00682	0.00803	0.00847	0.00478	0.00549	0.00832	0.01138	0.01524	0.07694	0.71504	0.03861	0.01744	0.00729	0.00230	0.00337	0.04814	0.00537	0.00472
25	0.83938	0.01106	0.00841	0.00752	0.01106	0.01283	0.00619	0.01681	0.00973	0.02566	0.00796	0.00929	0.00619	0.00531	0.00354	0.00177	0.00442	0.00310	0.00354	0.00619
26	0.01416	0.01359	0.02322	0.03511	0.76330	0.01359	0.01755	0.01755	0.01302	0.01869	0.01076	0.01416	0.00906	0.00510	0.00566	0.00170	0.00680	0.00510	0.00283	0.00906
27	0.01403	0.01375	0.01781	0.01493	0.01655	0.05897	0.07289	0.06378	0.16975	0.01772	0.01168	0.01460	0.00986	0.00867	0.01342	0.00223	0.46326	0.00540	0.00347	0.00721
28	0.01186	0.01017	0.01186	0.00847	0.01356	0.00762	0.00678	0.01440	0.01186	0.01864	0.01017	0.01186	0.00847	0.00424	0.00424	0.00085	0.00424	0.00339	0.00339	0.83395
29	0.00804	0.00584	0.00757	0.00714	0.00851	0.00538	0.00536	0.01069	0.01607	0.02265	0.73327	0.04320	0.08116	0.01180	0.00675	0.00180	0.00271	0.01041	0.00626	0.00538
30	0.02097	0.01416	0.01554	0.01214	0.01638	0.01537	0.00995	0.53517	0.09037	0.13757	0.01614	0.01568	0.01135	0.00697	0.00563	0.00172	0.00572	0.00537	0.05440	0.00941
31	0.01066	0.00533	0.00533	0.00533	0.00666	0.00533	0.00400	0.01333	0.01200	0.02132	0.01866	0.02132	0.01466	0.00666	0.00400	0.00133	0.00267	0.00533	0.83073	0.00533
32	0.01416	0.01359	0.02322	0.03511	0.76330	0.01359	0.01755	0.01755	0.01302	0.01869	0.01076	0.01416	0.00906	0.00510	0.00566	0.00170	0.00680	0.00510	0.00283	0.00906
33	0.01529	0.80242	0.02997	0.00979	0.01468	0.02263	0.00979	0.01713	0.01162	0.01346	0.00795	0.00918	0.00734	0.00489	0.00367	0.00122	0.00612	0.00306	0.00245	0.00734
34	0.01448	0.01282	0.01305	0.01175	0.01497	0.04140	0.00912	0.03012	0.72668	0.02357	0.02277	0.02095	0.01710	0.00769	0.00580	0.00192	0.00473	0.00637	0.00572	0.00897
35	0.01229	0.01042	0.01209	0.00868	0.01374	0.00807	0.00696	0.04633	0.01252	0.01940	0.01032	0.01194	0.00853	0.00435	0.00430	0.00089	0.00433	0.00347	0.00349	0.79789
36	0.83938	0.01106	0.00841	0.00752	0.01106	0.01283	0.00619	0.01681	0.00973	0.02566	0.00796	0.00929	0.00619	0.00531	0.00354	0.00177	0.00442	0.00310	0.00354	0.00619
37	0.00832	0.00555	0.00624	0.00624	0.00624	0.00555	0.00347	0.00832	0.00832	0.01109	0.01802	0.03743	0.02080	0.79898	0.02911	0.00555	0.00555	0.00832	0.00347	0.00347
38	0.00679	0.00580	0.00584	0.00583	0.00775	0.00484	0.00437	0.00828	0.01312	0.01564	0.07598	0.05473	0.74282	0.01441	0.00676	0.00193	0.00289	0.01203	0.00534	0.00484
39	0.00810	0.00585	0.00765	0.00720	0.00855	0.00540	0.00540	0.01079	0.01619	0.02294	0.76028	0.04273	0.05397	0.01169	0.00675	0.00180	0.00270	0.01034	0.00630	0.00540
40	0.02137	0.02726	0.01621	0.01474	0.01768	0.77602	0.01105	0.02284	0.01621	0.01400	0.00884	0.01031	0.00737	0.00589	0.00516	0.00147	0.01031	0.00368	0.00295	0.00663
41	0.01087	0.01026	0.01717	0.75561	0.03846	0.01289	0.01576	0.01458	0.01133	0.01458	0.01006	0.01514	0.00762	0.00588	0.00622	0.00193	0.03765	0.00508	0.00254	0.00635
42	0.00697	0.00498	0.00664	0.00796	0.00830	0.00465	0.00531	0.00796	0.01095	0.01460	0.03153	0.79525	0.03783	0.01792	0.00730	0.00232	0.00332	0.01626	0.00531	0.00465
43	0.00697	0.00498	0.00664	0.00796	0.00830	0.00465	0.00531	0.00796	0.01095	0.01460	0.03153	0.79525	0.03783	0.01792	0.00730	0.00232	0.00332	0.01626	0.00531	0.00465
44	0.00793	0.00577	0.00746	0.00718	0.00848	0.00530	0.00533	0.01041	0.01558	0.02182	0.65965	0.10591	0.09302	0.01237	0.00679	0.00185	0.00276	0.01093	0.00616	0.00530
45	0.01186	0.01017	0.01186	0.00847	0.01356	0.00762	0.00678	0.01440	0.01186	0.01864	0.01017	0.01186	0.00847	0.00424	0.00424	0.00085	0.00424	0.00339	0.00339	0.83395
46	0.00828	0.00609	0.00902	0.00902	0.01006	0.00707	0.00701	0.01035	0.00932	0.01363	0.01547	0.02242	0.01432	0.04131	0.74253	0.00885	0.01477	0.00609	0.03927	0.00512
47	0.00735	0.00535	0.00701	0.00820	0.00887	0.00501	0.00591	0.00868	0.01156	0.01514	0.03403	0.58873	0.11168	0.01719	0.00735	0.00234	0.00362	0.14191	0.00530	0.00478
48	0.00888	0.00649	0.00861	0.00958	0.01096	0.00635	0.00809	0.02603	0.01330	0.01719	0.05371	0.13156	0.13605	0.01552	0.00761	0.00246	0.00470	0.52235	0.00531	0.00524
49	0.01147	0.02959	0.76934	0.01630	0.02476	0.01328	0.02113	0.01811	0.01208	0.01811	0.01026	0.01208	0.00725	0.00543	0.00543	0.00181	0.00845	0.00423	0.00242	0.00845
50	0.02551	0.00997	0.01342	0.01029	0.01472	0.00876	0.00850	0.05506	0.01677	0.73951	0.02223	0.01925	0.01399	0.00707	0.00575	0.00177	0.00492	0.00573	0.00703	0.00973
51	0.00728	0.00577	0.00655	0.00646	0.00807	0.00504	0.00481	0.00919	0.01412	0.01827	0.32556	0.09382	0.44753	0.01362	0.00679	0.00190	0.00285	0.01166	0.00569	0.00504
52	0.01089	0.01025	0.01731	0.76611	0.05785	0.01273	0.01593	0.01469	0.01148	0.01472	0.01018	0.01522	0.00766	0.00570	0.00572	0.00190	0.00760	0.00508	0.00255	0.00642
53	0.00719	0.00514	0.00690	0.00822	0.00865	0.00484	0.00570	0.00835	0.01117	0.01485	0.03140	0.72199	0.03734	0.01771	0.00736	0.00235	0.00351	0.08729	0.00531	0.00471
54	0.00950	0.00784	0.01113	0.01043	0.01109	0.00986	0.00822	0.01118	0.00911	0.01356	0.01348	0.02086	0.01294	0.09465	0.47041	0.00669	0.23122	0.00596	0.03654	0.00530
55	0.01147	0.02959	0.76934	0.01630	0.02476	0.01328	0.02113	0.01811	0.01208	0.01811	0.01026	0.01208	0.00725	0.00543	0.00543	0.00181	0.00845	0.00423	0.00242	0.00845
56	0.01080	0.01017	0.01716	0.78523	0.03940	0.01271	0.01589	0.01461	0.01144	0.01461	0.01017	0.01525	0.00762	0.00572	0.00572	0.00191	0.00762	0.00508	0.00254	0.00635

[dist]
# distance from previous block
# <min> <max>
0	17

[block]
# block no. 2 follows, 41 sequences, length 39
# corresponding to MSA columns:
# 317-355
name=unknown_C
#
# <colnr> <probs for GDERKNQSTAVLIFYWHMCP>
#	G	D	E	R	K	N	Q	S	T	A	V	L	I	F	Y	W	H	M	C	P
0	0.76404	0.01222	0.00991	0.00876	0.01243	0.01378	0.00706	0.07205	0.01178	0.02733	0.00959	0.01128	0.00760	0.00620	0.00423	0.00198	0.00497	0.00365	0.00409	0.00706
1	0.01444	0.57645	0.06354	0.01135	0.01526	0.02096	0.01100	0.01638	0.01096	0.01376	0.00796	0.01011	0.00738	0.00614	0.00735	0.00156	0.19224	0.00358	0.00246	0.00714
2	0.13412	0.00991	0.01263	0.00982	0.01413	0.00900	0.00811	0.02640	0.01549	0.66841	0.02062	0.01811	0.01310	0.00684	0.00546	0.00177	0.00481	0.00540	0.00661	0.00926
3	0.02149	0.01589	0.01702	0.01311	0.01764	0.01762	0.01081	0.71979	0.05175	0.03563	0.01406	0.01399	0.00999	0.00690	0.00573	0.00172	0.00623	0.00519	0.00573	0.00970
4	0.01416	0.01359	0.02322	0.03511	0.76330	0.01359	0.01755	0.01755	0.01302	0.01869	0.01076	0.01416	0.00906	0.00510	0.00566	0.00170	0.00680	0.00510	0.00283	0.00906
5	0.01147	0.02959	0.76934	0.01630	0.02476	0.01328	0.02113	0.01811	0.01208	0.01811	0.01026	0.01208	0.00725	0.00543	0.00543	0.00181	0.00845	0.00423	0.00242	0.00845
6	0.01529	0.80242	0.02997	0.00979	0.01468	0.02263	0.00979	0.01713	0.01162	0.01346	0.00795	0.00918	0.00734	0.00489	0.00367	0.00122	0.00612	0.00306	0.00245	0.00734
7	0.00676	0.00579	0.00579	0.00579	0.00773	0.00483	0.00435	0.00821	0.01304	0.01545	0.05794	0.05505	0.76098	0.01449	0.00676	0.00193	0.00290	0.01207	0.00531	0.00483
8	0.01529	0.80242	0.02997	0.00979	0.01468	0.02263	0.00979	0.01713	0.01162	0.01346	0.00795	0.00918	0.00734	0.00489	0.00367	0.00122	0.00612	0.00306	0.00245	0.00734
9	0.01147	0.00961	0.01034	0.00958	0.01214	0.01043	0.00739	0.03950	0.42086	0.02145	0.11126	0.07083	0.20153	0.01049	0.00627	0.00195	0.00394	0.02790	0.00571	0.00734
10	0.14548	0.01011	0.01267	0.00987	0.01417	0.00932	0.00815	0.04622	0.01569	0.63758	0.02017	0.01781	0.01286	0.00681	0.00543	0.00177	0.00484	0.00534	0.00652	0.00921
11	0.00922	0.00658	0.00922	0.01053	0.01185	0.00658	0.00922	0.01185	0.01317	0.01712	0.03029	0.06452	0.03292	0.01580	0.00790	0.00263	0.00527	0.72480	0.00527	0.00527
12	0.01416	0.01359	0.02322	0.03511	0.76330	0.01359	0.01755	0.01755	0.01302	0.01869	0.01076	0.01416	0.00906	0.00510	0.00566	0.00170	0.00680	0.00510	0.00283	0.00906
13	0.00697	0.00498	0.00664	0.00796	0.00830	0.00465	0.00531	0.00796	0.01095	0.01460	0.03153	0.79525	0.03783	0.01792	0.00730	0.00232	0.00332	0.01626	0.00531	0.00465
14	0.83938	0.01106	0.00841	0.00752	0.01106	0.01283	0.00619	0.01681	0.00973	0.02566	0.00796	0.00929	0.00619	0.00531	0.00354	0.00177	0.00442	0.00310	0.00354	0.00619
15	0.02486	0.00950	0.01285	0.00992	0.01418	0.00824	0.00817	0.02709	0.01614	0.72721	0.02236	0.01957	0.01419	0.00706	0.00566	0.00175	0.00475	0.00573	0.05130	0.00950
16	0.83938	0.01106	0.00841	0.00752	0.01106	0.01283	0.00619	0.01681	0.00973	0.02566	0.00796	0.00929	0.00619	0.00531	0.00354	0.00177	0.00442	0.00310	0.00354	0.00619
17	0.00817	0.00613	0.00919	0.00919	0.01021	0.00715	0.00715	0.01021	0.00919	0.01328	0.01532	0.02247	0.01430	0.04290	0.77631	0.00919	0.01532	0.00613	0.00306	0.00511
18	0.01186	0.01017	0.01186	0.00847	0.01356	0.00762	0.00678	0.01440	0.01186	0.01864	0.01017	0.01186	0.00847	0.00424	0.00424	0.00085	0.00424	0.00339	0.00339	0.83395
19	0.00915	0.00653	0.00914	0.01045	0.01174	0.00652	0.00910	0.01173	0.01310	0.01704	0.03032	0.08736	0.03307	0.01587	0.00788	0.00262	0.00521	0.70266	0.00527	0.00525
20	0.83938	0.01106	0.00841	0.00752	0.01106	0.01283	0.00619	0.01681	0.00973	0.02566	0.00796	0.00929	0.00619	0.00531	0.00354	0.00177	0.00442	0.00310	0.00354	0.00619
21	0.01186	0.01017	0.01186	0.00847	0.01356	0.00762	0.00678	0.01440	0.01186	0.01864	0.01017	0.01186	0.00847	0.00424	0.00424	0.00085	0.00424	0.00339	0.00339	0.83395
22	0.00825	0.00551	0.00626	0.00633	0.00635	0.00550	0.00356	0.00830	0.00846	0.01128	0.01875	0.07812	0.02171	0.75705	0.02794	0.00537	0.00543	0.00874	0.00356	0.00353
23	0.01147	0.02959	0.76934	0.01630	0.02476	0.01328	0.02113	0.01811	0.01208	0.01811	0.01026	0.01208	0.00725	0.00543	0.00543	0.00181	0.00845	0.00423	0.00242	0.00845
24	0.00697	0.00498	0.00664	0.00796	0.00830	0.00465	0.00531	0.00796	0.01095	0.01460	0.03153	0.79525	0.03783	0.01792	0.00730	0.00232	0.00332	0.01626	0.00531	0.00465
25	0.01054	0.00639	0.00823	0.00858	0.00982	0.00607	0.00610	0.03511	0.04712	0.12727	0.02988	0.60185	0.04964	0.01541	0.00694	0.00219	0.00369	0.01380	0.00561	0.00577
26	0.01529	0.80242	0.02997	0.00979	0.01468	0.02263	0.00979	0.01713	0.01162	0.01346	0.00795	0.00918	0.00734	0.00489	0.00367	0.00122	0.00612	0.00306	0.00245	0.00734
27	0.00818	0.00610	0.00904	0.00904	0.01001	0.00707	0.00697	0.01012	0.00915	0.01317	0.01546	0.02322	0.01462	0.08077	0.73889	0.00901	0.01483	0.00624	0.00308	0.00502
28	0.00810	0.00585	0.00765	0.00720	0.00855	0.00540	0.00540	0.01079	0.01619	0.02294	0.76028	0.04273	0.05397	0.01169	0.00675	0.00180	0.00270	0.01034	0.00630	0.00540
29	0.83938	0.01106	0.00841	0.00752	0.01106	0.01283	0.00619	0.01681	0.00973	0.02566	0.00796	0.00929	0.00619	0.00531	0.00354	0.00177	0.00442	0.00310	0.00354	0.00619
30	0.00697	0.00498	0.00664	0.00796	0.00830	0.00465	0.00531	0.00796	0.01095	0.01460	0.03153	0.79525	0.03783	0.01792	0.00730	0.00232	0.00332	0.01626	0.00531	0.00465
31	0.01529	0.80242	0.02997	0.00979	0.01468	0.02263	0.00979	0.01713	0.01162	0.01346	0.00795	0.00918	0.00734	0.00489	0.00367	0.00122	0.00612	0.00306	0.00245	0.00734
32	0.01374	0.01186	0.01246	0.01126	0.01440	0.01361	0.00874	0.02893	0.70423	0.02337	0.02556	0.02356	0.06643	0.00820	0.00588	0.00194	0.00442	0.00684	0.00579	0.00878
33	0.01402	0.01115	0.01221	0.01083	0.01382	0.01238	0.00854	0.11944	0.45401	0.04485	0.14393	0.02716	0.04652	0.00891	0.00610	0.00192	0.00446	0.04565	0.00587	0.00823
34	0.01416	0.01359	0.02322	0.03511	0.76330	0.01359	0.01755	0.01755	0.01302	0.01869	0.01076	0.01416	0.00906	0.00510	0.00566	0.00170	0.00680	0.00510	0.00283	0.00906
35	0.00944	0.00588	0.00702	0.00682	0.00722	0.00591	0.00419	0.00981	0.00894	0.06113	0.01803	0.03464	0.01966	0.66532	0.10812	0.00569	0.00655	0.00791	0.00366	0.00406
36	0.00685	0.00580	0.00592	0.00589	0.00778	0.00487	0.00442	0.00838	0.01325	0.01594	0.10421	0.05424	0.71441	0.01430	0.00676	0.00192	0.00288	0.01196	0.00538	0.00487
37	0.00766	0.00580	0.00719	0.00779	0.00907	0.00533	0.00602	0.00950	0.01305	0.01685	0.15497	0.24137	0.27898	0.01525	0.00719	0.00219	0.00359	0.19777	0.00545	0.00499
38	0.01535	0.71269	0.07798	0.01046	0.01549	0.05975	0.01060	0.01748	0.01188	0.01379	0.00815	0.00942	0.00734	0.00498	0.00386	0.00127	0.00648	0.00317	0.00247	0.00738

[dist]
# distance from previous block
# <min> <max>
0	40

# created by:
# /software/SequenceAnalysis/GenePrediction/augustus/3.0.1/scripts/msa2prfl.pl ./fixed/BUSCOvEOG7TMSGK.fas
