[name]
unknown

[dist]
# distance from previous block
# <min> <max>
1	1024

[block]
# block no. 0 follows, 40 sequences, length 17
# corresponding to MSA columns:
# 1438-1454
name=unknown_A
#
# <colnr> <probs for GDERKNQSTAVLIFYWHMCP>
#	G	D	E	R	K	N	Q	S	T	A	V	L	I	F	Y	W	H	M	C	P
0	0.01098	0.01034	0.01744	0.78165	0.04005	0.01292	0.01615	0.01486	0.01163	0.01486	0.01034	0.01550	0.00775	0.00581	0.00581	0.00194	0.00775	0.00517	0.00258	0.00646
1	0.00707	0.00512	0.00669	0.00794	0.00839	0.00474	0.00533	0.00812	0.01129	0.01491	0.03401	0.73807	0.09096	0.01796	0.00738	0.00233	0.00334	0.01622	0.00540	0.00474
2	0.01424	0.04779	0.03626	0.08935	0.39279	0.03645	0.08775	0.05183	0.01356	0.01894	0.01075	0.01383	0.00879	0.00531	0.00590	0.00164	0.02703	0.00494	0.00305	0.12978
3	0.01206	0.01034	0.01206	0.00861	0.01378	0.00775	0.00689	0.01464	0.01206	0.01895	0.01034	0.01206	0.00861	0.00431	0.00431	0.00086	0.00431	0.00345	0.00345	0.83118
4	0.04385	0.09428	0.09998	0.01279	0.01758	0.05318	0.01147	0.41122	0.08791	0.06558	0.01523	0.01524	0.03198	0.00685	0.00553	0.00173	0.00643	0.00515	0.00498	0.00904
5	0.01087	0.00841	0.05774	0.00942	0.01158	0.00706	0.00801	0.03477	0.03141	0.09476	0.27846	0.14868	0.06799	0.01285	0.00700	0.00213	0.00426	0.19269	0.00575	0.00618
6	0.01184	0.01189	0.02154	0.51367	0.03495	0.01390	0.18957	0.01567	0.01183	0.01567	0.01038	0.01524	0.00800	0.00608	0.00755	0.00201	0.09520	0.00557	0.00267	0.00678
7	0.01269	0.01259	0.01750	0.01490	0.01519	0.01726	0.01240	0.01403	0.00908	0.01427	0.00778	0.01269	0.00769	0.00986	0.01827	0.00245	0.74210	0.00500	0.00259	0.05167
8	0.00823	0.00588	0.00806	0.00940	0.01024	0.00571	0.00738	0.01007	0.01226	0.01612	0.03142	0.42947	0.03597	0.01714	0.00773	0.00252	0.00436	0.36764	0.00538	0.00504
9	0.00835	0.00573	0.00696	0.00702	0.00727	0.00588	0.00437	0.00887	0.00901	0.01225	0.04189	0.07520	0.02191	0.59160	0.16427	0.00603	0.00725	0.00854	0.00364	0.00396
10	0.05362	0.00864	0.00840	0.00787	0.01027	0.04243	0.00620	0.10770	0.01512	0.01916	0.04518	0.04675	0.51244	0.01293	0.00660	0.00197	0.00407	0.07962	0.00525	0.00578
11	0.07563	0.01473	0.02083	0.07776	0.32730	0.06721	0.08636	0.12185	0.04331	0.02114	0.01126	0.01404	0.00902	0.00609	0.00690	0.00184	0.07780	0.00515	0.00343	0.00834
12	0.00813	0.00568	0.00653	0.00670	0.00713	0.00549	0.00419	0.00869	0.01000	0.01311	0.06270	0.11585	0.12616	0.53799	0.02220	0.00449	0.00489	0.04188	0.00419	0.00401
13	0.00994	0.04373	0.01487	0.08247	0.01621	0.01036	0.09865	0.01245	0.01016	0.01431	0.01357	0.01977	0.01227	0.03063	0.50546	0.00678	0.08359	0.00597	0.00297	0.00584
14	0.02257	0.01554	0.01699	0.01302	0.01766	0.01692	0.01076	0.65623	0.02608	0.12217	0.01502	0.01465	0.01042	0.00701	0.00582	0.00175	0.00623	0.00531	0.00598	0.00989
15	0.06482	0.00996	0.01326	0.01022	0.01467	0.00876	0.00844	0.02780	0.01632	0.72816	0.02223	0.01930	0.01401	0.00711	0.00574	0.00180	0.00493	0.00572	0.00703	0.00972
16	0.01272	0.01272	0.01781	0.01527	0.01527	0.01781	0.01272	0.01399	0.00891	0.01399	0.00763	0.01272	0.00763	0.01018	0.01908	0.00254	0.78499	0.00509	0.00254	0.00636

[dist]
# distance from previous block
# <min> <max>
0	2

[block]
# block no. 1 follows, 40 sequences, length 17
# corresponding to MSA columns:
# 1457-1473
name=unknown_B
#
# <colnr> <probs for GDERKNQSTAVLIFYWHMCP>
#	G	D	E	R	K	N	Q	S	T	A	V	L	I	F	Y	W	H	M	C	P
0	0.01304	0.05757	0.02515	0.07697	0.04281	0.05597	0.36561	0.01634	0.01244	0.01655	0.01324	0.11646	0.01230	0.00768	0.00863	0.00204	0.13973	0.00728	0.00315	0.00703
1	0.02056	0.13138	0.01822	0.01416	0.01744	0.63691	0.01097	0.02278	0.04873	0.01461	0.00953	0.01083	0.00795	0.00594	0.00507	0.00149	0.00965	0.00379	0.00306	0.00695
2	0.83671	0.01125	0.00855	0.00765	0.01125	0.01305	0.00630	0.01709	0.00990	0.02609	0.00810	0.00945	0.00630	0.00540	0.00360	0.00180	0.00450	0.00315	0.00360	0.00630
3	0.02211	0.01629	0.01745	0.01338	0.01803	0.01803	0.01105	0.73997	0.02734	0.03665	0.01396	0.01396	0.00989	0.00698	0.00582	0.00175	0.00640	0.00524	0.00582	0.00989
4	0.00777	0.00593	0.00714	0.00684	0.00841	0.00529	0.00513	0.01009	0.01538	0.02076	0.52138	0.04766	0.29138	0.01284	0.00686	0.00187	0.00281	0.01111	0.00606	0.00529
5	0.00724	0.00517	0.00692	0.00827	0.00867	0.00485	0.00566	0.00836	0.01128	0.01501	0.03197	0.74359	0.03813	0.01808	0.00746	0.00238	0.00351	0.06328	0.00540	0.00477
6	0.00836	0.00644	0.00927	0.00851	0.01003	0.00595	0.05302	0.01093	0.01534	0.02142	0.56993	0.15943	0.07392	0.01253	0.00695	0.00193	0.00331	0.01128	0.00598	0.00550
7	0.74395	0.01111	0.00930	0.04438	0.01285	0.01274	0.00691	0.01773	0.01043	0.07445	0.00919	0.01042	0.00690	0.00554	0.00385	0.00181	0.00468	0.00342	0.00379	0.00654
8	0.01330	0.33023	0.43758	0.01442	0.02145	0.01729	0.05647	0.01804	0.01218	0.01658	0.00959	0.01131	0.00748	0.00528	0.00490	0.00161	0.00773	0.00397	0.00249	0.00811
9	0.00709	0.00506	0.00675	0.00810	0.00843	0.00472	0.00540	0.00810	0.01113	0.01484	0.03205	0.79184	0.03846	0.01822	0.00742	0.00236	0.00337	0.01653	0.00540	0.00472
10	0.00975	0.00830	0.01190	0.01107	0.01171	0.01058	0.00879	0.01143	0.00915	0.01352	0.01318	0.02055	0.01273	0.08128	0.48048	0.00690	0.26428	0.00600	0.00296	0.00546
11	0.07419	0.01799	0.01667	0.06430	0.01904	0.17742	0.01112	0.49284	0.02286	0.02976	0.01229	0.01303	0.00901	0.00659	0.00555	0.00171	0.00723	0.00478	0.00486	0.00876
12	0.00891	0.00651	0.00920	0.00903	0.00997	0.00761	0.00696	0.01086	0.00960	0.01436	0.01567	0.02316	0.01462	0.09205	0.57592	0.00766	0.06325	0.00622	0.10325	0.00517
13	0.83671	0.01125	0.00855	0.00765	0.01125	0.01305	0.00630	0.01709	0.00990	0.02609	0.00810	0.00945	0.00630	0.00540	0.00360	0.00180	0.00450	0.00315	0.00360	0.00630
14	0.01489	0.01270	0.01339	0.01192	0.01528	0.01466	0.00931	0.07034	0.70872	0.02501	0.02313	0.02127	0.01731	0.00784	0.00591	0.00196	0.00470	0.00650	0.00591	0.00924
15	0.00709	0.00506	0.00675	0.00810	0.00843	0.00472	0.00540	0.00810	0.01113	0.01484	0.03205	0.79184	0.03846	0.01822	0.00742	0.00236	0.00337	0.01653	0.00540	0.00472
16	0.00709	0.00506	0.00675	0.00810	0.00843	0.00472	0.00540	0.00810	0.01113	0.01484	0.03205	0.79184	0.03846	0.01822	0.00742	0.00236	0.00337	0.01653	0.00540	0.00472

[dist]
# distance from previous block
# <min> <max>
2	61

[block]
# block no. 2 follows, 40 sequences, length 14
# corresponding to MSA columns:
# 1536-1549
name=unknown_C
#
# <colnr> <probs for GDERKNQSTAVLIFYWHMCP>
#	G	D	E	R	K	N	Q	S	T	A	V	L	I	F	Y	W	H	M	C	P
0	0.01282	0.25535	0.14938	0.01076	0.01550	0.01355	0.03560	0.05340	0.01358	0.03912	0.09140	0.04427	0.11399	0.00754	0.00525	0.00155	0.00560	0.00605	0.00381	0.12148
1	0.01418	0.55269	0.23716	0.01180	0.01765	0.01974	0.01311	0.01744	0.01185	0.01501	0.00903	0.01066	0.00770	0.00656	0.03271	0.00171	0.00724	0.00356	0.00250	0.00770
2	0.11665	0.40606	0.09653	0.01092	0.01556	0.09352	0.01047	0.09813	0.01373	0.01854	0.00981	0.01163	0.00830	0.02938	0.00507	0.00159	0.00653	0.00379	0.03635	0.00743
3	0.00939	0.00714	0.00870	0.00885	0.01031	0.00707	0.00652	0.04181	0.11043	0.01850	0.12644	0.38637	0.05579	0.04602	0.00784	0.00228	0.00391	0.08292	0.00542	0.05429
4	0.01934	0.11039	0.09336	0.01302	0.01805	0.01651	0.03668	0.44697	0.02141	0.07985	0.01334	0.01417	0.00982	0.02538	0.00606	0.00175	0.00647	0.00496	0.00488	0.05758
5	0.01777	0.03208	0.01609	0.01301	0.01502	0.03263	0.01078	0.02025	0.05150	0.28160	0.03111	0.01628	0.01165	0.00880	0.01266	0.00217	0.40888	0.00548	0.00448	0.00779
6	0.79870	0.04771	0.00956	0.00775	0.01142	0.01351	0.00647	0.01711	0.00999	0.02552	0.00810	0.00944	0.00635	0.00538	0.00360	0.00177	0.00458	0.00315	0.00355	0.00635
7	0.00731	0.00522	0.00701	0.00836	0.00880	0.00492	0.00579	0.00849	0.01136	0.01510	0.03193	0.71939	0.03796	0.01800	0.00748	0.00239	0.00357	0.08673	0.00539	0.00479
8	0.01949	0.01017	0.01276	0.01038	0.01384	0.01006	0.00838	0.10956	0.10730	0.38330	0.19281	0.02458	0.02346	0.00847	0.00660	0.00185	0.03493	0.00693	0.00651	0.00864
9	0.00795	0.00577	0.00735	0.00844	0.00906	0.00529	0.00576	0.00895	0.01212	0.01615	0.07725	0.66052	0.09700	0.01783	0.00764	0.00243	0.00361	0.03603	0.00567	0.00518
10	0.00783	0.00643	0.00672	0.00662	0.00854	0.00544	0.00491	0.00929	0.01416	0.01752	0.16529	0.05454	0.64234	0.01466	0.00715	0.00207	0.00318	0.01215	0.00577	0.00538
11	0.01620	0.79078	0.03074	0.01042	0.01541	0.02325	0.01022	0.01786	0.01225	0.01436	0.00881	0.01033	0.00814	0.00545	0.00405	0.00138	0.00644	0.00335	0.00274	0.00781
12	0.00795	0.00565	0.00725	0.00844	0.00882	0.00524	0.00557	0.00868	0.01136	0.01522	0.03141	0.72388	0.03741	0.08063	0.00947	0.00274	0.00381	0.01598	0.00546	0.00501
13	0.82817	0.01172	0.00906	0.00814	0.01177	0.01340	0.00661	0.01754	0.01035	0.02663	0.00882	0.01045	0.00699	0.00587	0.00392	0.00193	0.00474	0.00339	0.00383	0.00666

[dist]
# distance from previous block
# <min> <max>
0	12

[block]
# block no. 3 follows, 40 sequences, length 23
# corresponding to MSA columns:
# 1562-1584
name=unknown_D
#
# <colnr> <probs for GDERKNQSTAVLIFYWHMCP>
#	G	D	E	R	K	N	Q	S	T	A	V	L	I	F	Y	W	H	M	C	P
0	0.01644	0.00977	0.01269	0.01111	0.03437	0.00963	0.03952	0.02277	0.21733	0.27822	0.16012	0.02916	0.09236	0.00908	0.00626	0.00190	0.00454	0.03038	0.00617	0.00818
1	0.00846	0.00564	0.00634	0.00634	0.00634	0.00564	0.00352	0.00846	0.00846	0.01128	0.01832	0.03805	0.02114	0.79563	0.02960	0.00564	0.00564	0.00846	0.00352	0.00352
2	0.01477	0.01214	0.01301	0.01172	0.01499	0.01389	0.00918	0.03003	0.68711	0.05637	0.02392	0.02339	0.01824	0.00819	0.00600	0.00199	0.00465	0.03537	0.00595	0.00908
3	0.28545	0.01033	0.01191	0.00948	0.01369	0.00999	0.00783	0.02474	0.01449	0.52748	0.01819	0.01648	0.01180	0.00662	0.00513	0.00180	0.00480	0.00498	0.00605	0.00875
4	0.01374	0.01316	0.02243	0.17751	0.62261	0.01365	0.01752	0.01728	0.01293	0.01821	0.01082	0.01460	0.00893	0.00530	0.00577	0.00177	0.00707	0.00518	0.00282	0.00869
5	0.01084	0.00542	0.00542	0.00542	0.00678	0.00542	0.00407	0.01355	0.01220	0.02168	0.01897	0.02168	0.01491	0.00678	0.00407	0.00136	0.00271	0.00542	0.82791	0.00542
6	0.01164	0.02605	0.60164	0.04851	0.02350	0.05023	0.01888	0.01736	0.01239	0.01770	0.01301	0.08412	0.01109	0.00707	0.00578	0.00190	0.00807	0.03026	0.00285	0.00795
7	0.01446	0.01249	0.01315	0.01183	0.01512	0.01446	0.00920	0.03090	0.74885	0.02433	0.02367	0.02170	0.01775	0.00789	0.00592	0.00197	0.00460	0.00657	0.00592	0.00920
8	0.02211	0.01629	0.01745	0.01338	0.01803	0.01803	0.01105	0.73997	0.02734	0.03665	0.01396	0.01396	0.00989	0.00698	0.00582	0.00175	0.00640	0.00524	0.00582	0.00989
9	0.79840	0.01098	0.00840	0.00754	0.01104	0.01269	0.00619	0.01693	0.01000	0.02589	0.00860	0.01001	0.00670	0.00546	0.00362	0.00178	0.00442	0.00325	0.04183	0.00626
10	0.00846	0.00564	0.00634	0.00634	0.00634	0.00564	0.00352	0.00846	0.00846	0.01128	0.01832	0.03805	0.02114	0.79563	0.02960	0.00564	0.00564	0.00846	0.00352	0.00352
11	0.01373	0.01569	0.03431	0.02451	0.03039	0.01471	0.73824	0.01863	0.01373	0.01863	0.01176	0.01569	0.00882	0.00490	0.00686	0.00196	0.00980	0.00686	0.00294	0.00784
12	0.01084	0.00542	0.00542	0.00542	0.00678	0.00542	0.00407	0.01355	0.01220	0.02168	0.01897	0.02168	0.01491	0.00678	0.00407	0.00136	0.00271	0.00542	0.82791	0.00542
13	0.00993	0.00810	0.00911	0.00837	0.01064	0.00813	0.00639	0.01644	0.23433	0.02147	0.32342	0.03863	0.22077	0.01105	0.00646	0.00186	0.00343	0.00945	0.00586	0.04617
14	0.01166	0.03008	0.76550	0.01657	0.02517	0.01351	0.02149	0.01842	0.01228	0.01842	0.01044	0.01228	0.00737	0.00552	0.00552	0.00184	0.00859	0.00430	0.00246	0.00859
15	0.00937	0.00669	0.00937	0.01071	0.01205	0.00669	0.00937	0.01205	0.01339	0.01740	0.03079	0.06560	0.03347	0.01606	0.00803	0.00268	0.00535	0.72021	0.00535	0.00535
16	0.00721	0.00515	0.00689	0.00824	0.00863	0.00483	0.00562	0.00831	0.01126	0.01499	0.03198	0.75196	0.03819	0.01810	0.00746	0.00238	0.00348	0.05516	0.00540	0.00476
17	0.02082	0.01565	0.01673	0.01312	0.01754	0.01743	0.01074	0.62080	0.14860	0.03458	0.01559	0.01526	0.01121	0.00713	0.00583	0.00178	0.00610	0.00546	0.00583	0.00977
18	0.15563	0.02032	0.01754	0.04004	0.16306	0.39571	0.04835	0.02017	0.01405	0.01738	0.00932	0.01160	0.00771	0.00590	0.00593	0.00169	0.05119	0.00420	0.00303	0.00718
19	0.01393	0.01335	0.02278	0.13583	0.66280	0.01370	0.01762	0.01745	0.01302	0.01844	0.01086	0.01454	0.00902	0.00527	0.00576	0.00176	0.00702	0.00518	0.00284	0.00884
20	0.01193	0.01032	0.01261	0.00912	0.01414	0.00787	0.03114	0.01454	0.01208	0.01879	0.01117	0.04034	0.00970	0.00483	0.00450	0.00095	0.00446	0.00403	0.00350	0.77397
21	0.01010	0.00505	0.00758	0.00758	0.00758	0.00505	0.00505	0.00758	0.00758	0.01010	0.01010	0.01768	0.01010	0.02020	0.02273	0.83081	0.00505	0.00505	0.00253	0.00253
22	0.02035	0.02333	0.01641	0.01520	0.04998	0.52715	0.01119	0.11639	0.12877	0.01886	0.01194	0.01280	0.00943	0.00637	0.00544	0.00161	0.00891	0.00443	0.00380	0.00763

[dist]
# distance from previous block
# <min> <max>
0	1

[block]
# block no. 4 follows, 40 sequences, length 24
# corresponding to MSA columns:
# 1586-1609
name=unknown_E
#
# <colnr> <probs for GDERKNQSTAVLIFYWHMCP>
#	G	D	E	R	K	N	Q	S	T	A	V	L	I	F	Y	W	H	M	C	P
0	0.00965	0.00738	0.01057	0.01038	0.01145	0.00848	0.00802	0.01136	0.01000	0.01453	0.01607	0.02353	0.01503	0.04178	0.71758	0.00902	0.05944	0.00647	0.00344	0.00581
1	0.01467	0.01614	0.03371	0.02443	0.02999	0.01537	0.68541	0.01900	0.01406	0.01928	0.01254	0.01689	0.00973	0.00590	0.00797	0.00218	0.05409	0.00706	0.00328	0.00827
2	0.00982	0.00819	0.00874	0.00820	0.01051	0.00830	0.00626	0.03349	0.24409	0.02003	0.15031	0.06017	0.38545	0.01206	0.00656	0.00195	0.00353	0.01016	0.00572	0.00645
3	0.01555	0.79913	0.03047	0.00995	0.01493	0.02301	0.00995	0.01741	0.01182	0.01368	0.00808	0.00933	0.00746	0.00498	0.00373	0.00124	0.00622	0.00311	0.00249	0.00746
4	0.00831	0.00623	0.00935	0.00935	0.01038	0.00727	0.00727	0.01038	0.00935	0.01350	0.01558	0.02285	0.01454	0.04361	0.77259	0.00935	0.01558	0.00623	0.00312	0.00519
5	0.00844	0.00569	0.00661	0.00661	0.00671	0.00579	0.00386	0.00863	0.00854	0.01148	0.01807	0.03668	0.02054	0.72747	0.09694	0.00597	0.00654	0.00825	0.00349	0.00367
6	0.83671	0.01125	0.00855	0.00765	0.01125	0.01305	0.00630	0.01709	0.00990	0.02609	0.00810	0.00945	0.00630	0.00540	0.00360	0.00180	0.00450	0.00315	0.00360	0.00630
7	0.00782	0.00593	0.00720	0.00688	0.00844	0.00531	0.00516	0.01018	0.01549	0.02102	0.54516	0.04723	0.26744	0.01275	0.00686	0.00187	0.00280	0.01105	0.00610	0.00531
8	0.02609	0.00990	0.01350	0.01035	0.01484	0.00855	0.00855	0.02834	0.01664	0.76338	0.02294	0.01979	0.01439	0.00720	0.00585	0.00180	0.00495	0.00585	0.00720	0.00990
9	0.21813	0.01022	0.01232	0.00971	0.01399	0.00961	0.00801	0.02568	0.01505	0.58872	0.01943	0.01734	0.01248	0.00677	0.00532	0.00180	0.00484	0.00521	0.00634	0.00904
10	0.01485	0.01268	0.01337	0.01191	0.01527	0.01464	0.00930	0.06670	0.71242	0.02495	0.02318	0.02131	0.01735	0.00784	0.00591	0.00196	0.00469	0.00651	0.00591	0.00924
11	0.00859	0.00606	0.00768	0.00720	0.00876	0.00550	0.00543	0.01113	0.01599	0.04556	0.63033	0.04454	0.15710	0.01216	0.00683	0.00185	0.00284	0.01063	0.00628	0.00554
12	0.00849	0.00650	0.00969	0.00959	0.01058	0.00770	0.00749	0.01053	0.00933	0.01352	0.01525	0.02243	0.01426	0.04225	0.74186	0.00907	0.04695	0.00618	0.00309	0.00524
13	0.01084	0.00542	0.00542	0.00542	0.00678	0.00542	0.00407	0.01355	0.01220	0.02168	0.01897	0.02168	0.01491	0.00678	0.00407	0.00136	0.00271	0.00542	0.82791	0.00542
14	0.00925	0.00661	0.00924	0.01057	0.01186	0.00659	0.00917	0.01184	0.01327	0.01727	0.03086	0.10314	0.03373	0.01618	0.00800	0.00266	0.00525	0.68384	0.00536	0.00532
15	0.00720	0.00514	0.00688	0.00823	0.00862	0.00482	0.00560	0.00829	0.01125	0.01497	0.03199	0.75555	0.03821	0.01811	0.00745	0.00238	0.00347	0.05169	0.00540	0.00475
16	0.00855	0.00563	0.00631	0.00631	0.00636	0.00563	0.00354	0.00865	0.00860	0.01168	0.01835	0.03742	0.02090	0.76496	0.02861	0.00547	0.00552	0.00834	0.03558	0.00360
17	0.83671	0.01125	0.00855	0.00765	0.01125	0.01305	0.00630	0.01709	0.00990	0.02609	0.00810	0.00945	0.00630	0.00540	0.00360	0.00180	0.00450	0.00315	0.00360	0.00630
18	0.01546	0.01346	0.01364	0.01212	0.01547	0.05245	0.00951	0.10425	0.61200	0.02488	0.02216	0.02179	0.01694	0.00797	0.00594	0.00195	0.00511	0.03015	0.00574	0.00902
19	0.00831	0.00623	0.00935	0.00935	0.01038	0.00727	0.00727	0.01038	0.00935	0.01350	0.01558	0.02285	0.01454	0.04361	0.77259	0.00935	0.01558	0.00623	0.00312	0.00519
20	0.00937	0.00669	0.00937	0.01071	0.01205	0.00669	0.00937	0.01205	0.01339	0.01740	0.03079	0.06560	0.03347	0.01606	0.00803	0.00268	0.00535	0.72021	0.00535	0.00535
21	0.01419	0.01467	0.05085	0.03325	0.61782	0.01395	0.13286	0.01799	0.01329	0.01892	0.01105	0.01453	0.00909	0.00515	0.00593	0.00177	0.00743	0.00542	0.00287	0.00897
22	0.00819	0.00591	0.00773	0.00735	0.00868	0.00546	0.00548	0.01086	0.01625	0.02299	0.72818	0.07248	0.05423	0.01213	0.00688	0.00185	0.00277	0.01075	0.00636	0.00546
23	0.01374	0.01302	0.02150	0.09189	0.59292	0.01351	0.01640	0.01780	0.05275	0.01898	0.04998	0.01631	0.01185	0.00593	0.00636	0.00180	0.03787	0.00553	0.00319	0.00868

[dist]
# distance from previous block
# <min> <max>
0	1

[block]
# block no. 5 follows, 40 sequences, length 13
# corresponding to MSA columns:
# 1611-1623
name=unknown_F
#
# <colnr> <probs for GDERKNQSTAVLIFYWHMCP>
#	G	D	E	R	K	N	Q	S	T	A	V	L	I	F	Y	W	H	M	C	P
0	0.01996	0.04861	0.01940	0.01609	0.01960	0.59657	0.11999	0.02276	0.05402	0.01540	0.01014	0.01181	0.00822	0.00590	0.00548	0.00158	0.00995	0.00434	0.00312	0.00706
1	0.01190	0.07682	0.72083	0.01617	0.02455	0.01408	0.02078	0.01836	0.01225	0.01813	0.01029	0.01210	0.00737	0.00549	0.00542	0.00181	0.00845	0.00422	0.00246	0.00853
2	0.54461	0.01351	0.01528	0.01322	0.05797	0.06174	0.14989	0.04782	0.01197	0.02392	0.00927	0.01119	0.00718	0.00539	0.00455	0.00181	0.00613	0.00411	0.00348	0.00694
3	0.76575	0.07933	0.01044	0.00785	0.01156	0.01391	0.00661	0.01712	0.01006	0.02502	0.00810	0.00944	0.00640	0.00536	0.00361	0.00175	0.00465	0.00315	0.00350	0.00640
4	0.00907	0.00883	0.09441	0.00850	0.01081	0.00650	0.00748	0.01218	0.01570	0.04183	0.58775	0.04073	0.08555	0.01134	0.00672	0.00187	0.00358	0.03537	0.00588	0.00592
5	0.01019	0.00509	0.00733	0.00733	0.00748	0.00509	0.00494	0.00826	0.00810	0.01142	0.01111	0.01813	0.01065	0.01867	0.02060	0.73609	0.00478	0.00509	0.09678	0.00286
6	0.01389	0.01343	0.02328	0.13840	0.62401	0.01374	0.05297	0.01747	0.01304	0.01841	0.01090	0.01461	0.00899	0.00526	0.00582	0.00177	0.00717	0.00526	0.00284	0.00876
7	0.01347	0.01093	0.01244	0.00963	0.01422	0.00972	0.00764	0.02001	0.22372	0.05855	0.01481	0.01522	0.01153	0.00548	0.00485	0.00123	0.00442	0.00447	0.00435	0.55333
8	0.01536	0.07645	0.46313	0.01562	0.02207	0.27471	0.01726	0.02000	0.01369	0.01669	0.00979	0.01148	0.00742	0.00565	0.00532	0.00169	0.00910	0.00403	0.00264	0.00789
9	0.73950	0.01108	0.00914	0.00797	0.01168	0.01251	0.00657	0.01844	0.01071	0.11450	0.00988	0.01069	0.00727	0.00561	0.00387	0.00180	0.00455	0.00347	0.00403	0.00673
10	0.00857	0.00641	0.00787	0.00799	0.00927	0.00618	0.00579	0.04097	0.05932	0.01962	0.30660	0.34477	0.12592	0.01433	0.00699	0.00207	0.00329	0.01269	0.00583	0.00552
11	0.00846	0.00564	0.00634	0.00634	0.00634	0.00564	0.00352	0.00846	0.00846	0.01128	0.01832	0.03805	0.02114	0.79563	0.02960	0.00564	0.00564	0.00846	0.00352	0.00352
12	0.01206	0.01144	0.01939	0.54579	0.26749	0.01320	0.01669	0.01580	0.01214	0.01617	0.01053	0.01515	0.00821	0.00561	0.00580	0.00187	0.00749	0.00517	0.00268	0.00733

[dist]
# distance from previous block
# <min> <max>
0	67

# created by:
# /software/SequenceAnalysis/GenePrediction/augustus/3.0.1/scripts/msa2prfl.pl ./fixed/BUSCOvEOG78SJ6N.fas
