[name]
unknown

[dist]
# distance from previous block
# <min> <max>
4	244

[block]
# block no. 0 follows, 41 sequences, length 14
# corresponding to MSA columns:
# 291-304
name=unknown_A
#
# <colnr> <probs for GDERKNQSTAVLIFYWHMCP>
#	G	D	E	R	K	N	Q	S	T	A	V	L	I	F	Y	W	H	M	C	P
0	0.01273	0.02340	0.55468	0.01441	0.02119	0.01171	0.01733	0.01809	0.01216	0.11133	0.01260	0.01464	0.00922	0.01155	0.12698	0.00297	0.00909	0.00472	0.00310	0.00809
1	0.00953	0.00915	0.00820	0.00847	0.01013	0.12665	0.00645	0.01110	0.01313	0.01534	0.03999	0.20136	0.36750	0.01406	0.00682	0.00206	0.00456	0.13541	0.00493	0.00515
2	0.01374	0.12210	0.48606	0.01786	0.13892	0.01403	0.01792	0.01884	0.01258	0.08988	0.01124	0.01275	0.00821	0.00547	0.00528	0.00172	0.00755	0.00436	0.00293	0.00853
3	0.01797	0.01159	0.01155	0.00995	0.01313	0.12906	0.00778	0.02156	0.10760	0.33276	0.02886	0.08765	0.17698	0.00944	0.00601	0.00182	0.00513	0.00772	0.00575	0.00769
4	0.00817	0.00557	0.00658	0.00658	0.00690	0.00544	0.00403	0.00883	0.01024	0.01395	0.18129	0.09720	0.02936	0.56651	0.02254	0.00448	0.00475	0.00938	0.00423	0.00398
5	0.07315	0.01444	0.01870	0.10867	0.02152	0.01587	0.12628	0.40870	0.10626	0.02853	0.01368	0.01477	0.00997	0.00640	0.00575	0.00180	0.00665	0.00541	0.00475	0.00868
6	0.00971	0.00701	0.00857	0.00845	0.00974	0.00698	0.00610	0.12487	0.01486	0.02024	0.24356	0.40459	0.03717	0.06052	0.00818	0.00226	0.00374	0.01229	0.00556	0.00560
7	0.01658	0.01160	0.01351	0.01084	0.01505	0.01050	0.00870	0.18537	0.01680	0.12138	0.01735	0.05869	0.01510	0.00814	0.00592	0.00170	0.00530	0.09563	0.00514	0.37670
8	0.01383	0.25311	0.33628	0.01262	0.01835	0.01578	0.01394	0.13104	0.01381	0.01868	0.01110	0.01466	0.00936	0.10505	0.00793	0.00209	0.00706	0.00454	0.00308	0.00770
9	0.01734	0.27410	0.06664	0.01175	0.01649	0.11267	0.01054	0.24662	0.04152	0.02198	0.01084	0.01170	0.00858	0.00568	0.00476	0.00142	0.00653	0.00402	0.00378	0.12305
10	0.09280	0.03206	0.01437	0.01376	0.10804	0.01309	0.00974	0.18317	0.20455	0.07341	0.01735	0.01829	0.03701	0.01258	0.12695	0.00294	0.00690	0.00563	0.00471	0.02266
11	0.01664	0.01188	0.01342	0.01075	0.01451	0.01208	0.00859	0.35355	0.05245	0.08463	0.07598	0.12511	0.01759	0.00833	0.00574	0.00165	0.00500	0.00687	0.00536	0.16987
12	0.01503	0.01041	0.01204	0.01032	0.01294	0.01087	0.00795	0.33773	0.01777	0.05134	0.01850	0.24564	0.01816	0.01203	0.00872	0.13296	0.00502	0.00832	0.00499	0.05926
13	0.22377	0.00959	0.05174	0.00919	0.01203	0.00880	0.00771	0.04449	0.01323	0.17989	0.09289	0.20554	0.02300	0.01045	0.00586	0.00199	0.00448	0.08352	0.00518	0.00667

[dist]
# distance from previous block
# <min> <max>
0	3

[block]
# block no. 1 follows, 41 sequences, length 17
# corresponding to MSA columns:
# 308-324
name=unknown_B
#
# <colnr> <probs for GDERKNQSTAVLIFYWHMCP>
#	G	D	E	R	K	N	Q	S	T	A	V	L	I	F	Y	W	H	M	C	P
0	0.01199	0.03069	0.01161	0.00983	0.01232	0.00887	0.04760	0.05316	0.15225	0.08992	0.13423	0.24212	0.06774	0.03092	0.00688	0.00199	0.00428	0.00971	0.00534	0.06858
1	0.02078	0.01761	0.01667	0.03465	0.01808	0.15896	0.01080	0.54550	0.02357	0.03029	0.01251	0.01302	0.00915	0.00650	0.00553	0.00162	0.00696	0.00477	0.00498	0.05804
2	0.01285	0.19261	0.29136	0.01252	0.03615	0.01411	0.01311	0.12344	0.01423	0.01900	0.01948	0.02033	0.14917	0.00922	0.04667	0.00208	0.00690	0.00570	0.00350	0.00755
3	0.01603	0.34586	0.02017	0.01065	0.01434	0.15881	0.00918	0.12502	0.01587	0.03636	0.17593	0.01773	0.01818	0.00693	0.00498	0.00148	0.00614	0.00516	0.00399	0.00719
4	0.01490	0.01254	0.01698	0.25145	0.02424	0.01328	0.06995	0.24519	0.05632	0.02313	0.01210	0.01429	0.00910	0.00576	0.00545	0.00159	0.00638	0.00490	0.00395	0.20849
5	0.01114	0.00656	0.00840	0.00764	0.00906	0.00622	0.00554	0.04160	0.01380	0.11258	0.36947	0.03419	0.05212	0.15960	0.01309	0.12603	0.00399	0.00842	0.00525	0.00531
6	0.01030	0.00757	0.00905	0.00834	0.01014	0.00750	0.00631	0.14729	0.01684	0.02301	0.40753	0.19190	0.10717	0.01232	0.00667	0.00190	0.00352	0.01074	0.00590	0.00600
7	0.01914	0.01634	0.12829	0.01348	0.01775	0.01549	0.01229	0.38070	0.01955	0.15061	0.01352	0.01421	0.00968	0.00728	0.00813	0.00189	0.15283	0.00509	0.00485	0.00889
8	0.00894	0.00706	0.01003	0.01237	0.14941	0.00676	0.00731	0.01093	0.01310	0.01813	0.31068	0.20391	0.07496	0.12891	0.00999	0.00246	0.00404	0.01046	0.00496	0.00560
9	0.13879	0.18812	0.01679	0.01058	0.01422	0.06533	0.00893	0.25924	0.03122	0.02483	0.15107	0.01738	0.01689	0.00713	0.00543	0.00164	0.02505	0.00528	0.00452	0.00756
10	0.00869	0.00623	0.00786	0.12193	0.01116	0.00661	0.00531	0.00925	0.00878	0.01161	0.01686	0.03414	0.01884	0.68117	0.02564	0.00500	0.00585	0.00784	0.00333	0.00389
11	0.01156	0.01077	0.01854	0.39240	0.21183	0.01192	0.07515	0.01513	0.01232	0.01639	0.01420	0.02422	0.01280	0.00738	0.00620	0.00199	0.00715	0.13997	0.00315	0.00693
12	0.00851	0.00942	0.12092	0.00882	0.01120	0.00685	0.00798	0.01158	0.01403	0.01985	0.45626	0.03531	0.09313	0.01682	0.15063	0.00320	0.00593	0.00878	0.00504	0.00575
13	0.00722	0.00508	0.00656	0.00764	0.00791	0.00481	0.00496	0.00803	0.01046	0.01394	0.02900	0.65337	0.03464	0.16415	0.01138	0.00293	0.00374	0.01477	0.00496	0.00442
14	0.00916	0.00768	0.01106	0.01058	0.01122	0.00957	0.00832	0.01084	0.00934	0.01361	0.01562	0.13455	0.01596	0.03032	0.45779	0.00637	0.22207	0.00733	0.00325	0.00535
15	0.01204	0.00943	0.01078	0.00813	0.01234	0.00767	0.00644	0.05448	0.01269	0.01999	0.01258	0.03653	0.01055	0.00523	0.00436	0.00103	0.00403	0.00422	0.15847	0.60898
16	0.00731	0.00582	0.00655	0.00637	0.00806	0.00506	0.00478	0.00927	0.01433	0.01851	0.34498	0.05001	0.47204	0.01334	0.00675	0.00188	0.00282	0.01137	0.00571	0.00506

[dist]
# distance from previous block
# <min> <max>
0	2

[block]
# block no. 2 follows, 41 sequences, length 9
# corresponding to MSA columns:
# 327-335
name=unknown_C
#
# <colnr> <probs for GDERKNQSTAVLIFYWHMCP>
#	G	D	E	R	K	N	Q	S	T	A	V	L	I	F	Y	W	H	M	C	P
0	0.00769	0.00585	0.00710	0.00715	0.00849	0.00538	0.00522	0.01012	0.03979	0.01902	0.37617	0.22101	0.23845	0.01376	0.00685	0.00196	0.00296	0.01205	0.00579	0.00520
1	0.00854	0.00716	0.00762	0.00756	0.00950	0.00699	0.00562	0.01334	0.18544	0.01728	0.04501	0.18276	0.45490	0.01354	0.00664	0.00201	0.00335	0.01153	0.00543	0.00578
2	0.01161	0.00954	0.01098	0.03705	0.01306	0.01093	0.00782	0.02109	0.41704	0.01876	0.02000	0.02434	0.01699	0.16082	0.19000	0.00429	0.00734	0.00668	0.00463	0.00701
3	0.01674	0.01300	0.01638	0.07871	0.08149	0.01438	0.03598	0.42563	0.01984	0.02687	0.01348	0.01599	0.01053	0.01496	0.18570	0.00348	0.00867	0.00542	0.00449	0.00824
4	0.00846	0.00712	0.01186	0.01072	0.01232	0.00664	0.14036	0.01059	0.01277	0.01744	0.21652	0.45761	0.03667	0.01391	0.00706	0.00212	0.00432	0.01299	0.00512	0.00540
5	0.64845	0.01222	0.01045	0.00884	0.01262	0.01398	0.00729	0.18668	0.01374	0.02809	0.00931	0.01033	0.00702	0.00567	0.00405	0.00176	0.00486	0.00358	0.00405	0.00702
6	0.00838	0.00556	0.00676	0.00678	0.00799	0.00520	0.00497	0.01065	0.01398	0.02040	0.39400	0.17661	0.10185	0.01190	0.00621	0.00180	0.00282	0.01040	0.19855	0.00520
7	0.01063	0.00949	0.00809	0.00790	0.00846	0.14662	0.00496	0.01096	0.00992	0.01183	0.01714	0.07737	0.01935	0.60743	0.02343	0.00461	0.00629	0.00794	0.00348	0.00412
8	0.06175	0.01293	0.01357	0.01192	0.01429	0.18835	0.07070	0.03527	0.01190	0.01564	0.01238	0.01692	0.01095	0.02395	0.38328	0.00531	0.03937	0.00517	0.00313	0.06323

[dist]
# distance from previous block
# <min> <max>
3	7

[block]
# block no. 3 follows, 41 sequences, length 6
# corresponding to MSA columns:
# 343-348
name=unknown_D
#
# <colnr> <probs for GDERKNQSTAVLIFYWHMCP>
#	G	D	E	R	K	N	Q	S	T	A	V	L	I	F	Y	W	H	M	C	P
0	0.02999	0.00778	0.02783	0.00905	0.01085	0.00756	0.00716	0.01226	0.01217	0.07157	0.20059	0.17298	0.04484	0.01841	0.18078	0.00353	0.07825	0.00871	0.00461	0.09108
1	0.32604	0.01259	0.11522	0.00963	0.01297	0.01132	0.00861	0.12599	0.01256	0.02197	0.01352	0.09125	0.01272	0.12119	0.07897	0.00303	0.00632	0.00585	0.00383	0.00642
2	0.00779	0.00538	0.00657	0.00699	0.00729	0.00520	0.00439	0.00851	0.01030	0.01390	0.11856	0.31601	0.03131	0.41117	0.01823	0.00388	0.00436	0.01149	0.00451	0.00415
3	0.01379	0.01607	0.12883	0.04001	0.09177	0.01374	0.31505	0.11053	0.01437	0.02010	0.01195	0.04486	0.00968	0.00601	0.00686	0.00181	0.05778	0.00594	0.00329	0.08757
4	0.14335	0.01426	0.12136	0.27427	0.12065	0.01323	0.01388	0.12208	0.01417	0.09296	0.01162	0.01393	0.00847	0.00583	0.00534	0.00180	0.00668	0.00473	0.00361	0.00778
5	0.02092	0.02475	0.01682	0.01592	0.06892	0.61762	0.01147	0.12333	0.01748	0.01740	0.00966	0.01106	0.00781	0.00598	0.00527	0.00152	0.00951	0.00399	0.00333	0.00723

[dist]
# distance from previous block
# <min> <max>
3	10

[block]
# block no. 4 follows, 41 sequences, length 26
# corresponding to MSA columns:
# 359-384
name=unknown_E
#
# <colnr> <probs for GDERKNQSTAVLIFYWHMCP>
#	G	D	E	R	K	N	Q	S	T	A	V	L	I	F	Y	W	H	M	C	P
0	0.01434	0.01590	0.03159	0.02309	0.02824	0.04316	0.63773	0.01842	0.01368	0.01846	0.01241	0.03401	0.00996	0.00607	0.00788	0.00210	0.06492	0.00696	0.00320	0.00789
1	0.01244	0.02863	0.69466	0.01745	0.02563	0.01378	0.08571	0.01863	0.01269	0.01884	0.01117	0.01347	0.00814	0.00591	0.00589	0.00197	0.00878	0.00471	0.00274	0.00877
2	0.01147	0.02959	0.76934	0.01630	0.02476	0.01328	0.02113	0.01811	0.01208	0.01811	0.01026	0.01208	0.00725	0.00543	0.00543	0.00181	0.00845	0.00423	0.00242	0.00845
3	0.02566	0.00973	0.01327	0.01018	0.01460	0.00841	0.00841	0.02788	0.01637	0.76726	0.02257	0.01947	0.01416	0.00708	0.00575	0.00177	0.00487	0.00575	0.00708	0.00973
4	0.00728	0.00529	0.00687	0.00759	0.00833	0.00488	0.00527	0.00880	0.01261	0.01707	0.24422	0.52629	0.09254	0.01588	0.00710	0.00214	0.00311	0.01426	0.00560	0.00488
5	0.00806	0.00562	0.00662	0.00657	0.00712	0.00540	0.00418	0.00898	0.01104	0.01495	0.22988	0.08267	0.08903	0.47325	0.01988	0.00403	0.00442	0.00962	0.00451	0.00418
6	0.01386	0.01085	0.01164	0.00990	0.01297	0.01157	0.00785	0.26719	0.19272	0.02556	0.12973	0.03121	0.23119	0.00990	0.00618	0.00184	0.00442	0.00813	0.00571	0.00759
7	0.02393	0.00935	0.01272	0.00988	0.01400	0.00811	0.00811	0.02619	0.01635	0.69387	0.09531	0.02176	0.01808	0.00753	0.00585	0.00177	0.00465	0.00620	0.00700	0.00931
8	0.01080	0.01017	0.01716	0.78523	0.03940	0.01271	0.01589	0.01461	0.01144	0.01461	0.01017	0.01525	0.00762	0.00572	0.00572	0.00191	0.00762	0.00508	0.00254	0.00635
9	0.00818	0.00549	0.00628	0.00641	0.00644	0.00546	0.00365	0.00828	0.00858	0.01144	0.01935	0.11216	0.02247	0.72196	0.02696	0.00523	0.00533	0.00910	0.00365	0.00358
10	0.02171	0.01713	0.01707	0.01332	0.01773	0.09251	0.01089	0.67310	0.02584	0.03387	0.01325	0.01340	0.00949	0.00677	0.00567	0.00169	0.00669	0.00501	0.00545	0.00942
11	0.01518	0.01112	0.01294	0.00948	0.01440	0.00945	0.00767	0.14135	0.01497	0.10965	0.01224	0.01308	0.00936	0.00502	0.00467	0.00111	0.00466	0.00397	0.00422	0.59546
12	0.01127	0.00900	0.01077	0.00848	0.01212	0.00757	0.00669	0.01346	0.01235	0.05692	0.07792	0.06741	0.12847	0.00773	0.00608	0.00134	0.05815	0.00625	0.00415	0.49387
13	0.02174	0.01602	0.01717	0.01316	0.01774	0.01774	0.01087	0.74423	0.02689	0.03605	0.01373	0.01373	0.00973	0.00687	0.00572	0.00172	0.00629	0.00515	0.00572	0.00973
14	0.01179	0.00767	0.00827	0.00729	0.00977	0.00743	0.00571	0.05333	0.08948	0.02160	0.01769	0.02108	0.01430	0.00673	0.00452	0.00138	0.00350	0.04003	0.49146	0.17698
15	0.83938	0.01106	0.00841	0.00752	0.01106	0.01283	0.00619	0.01681	0.00973	0.02566	0.00796	0.00929	0.00619	0.00531	0.00354	0.00177	0.00442	0.00310	0.00354	0.00619
16	0.01007	0.00788	0.00941	0.00888	0.01080	0.00820	0.00689	0.01687	0.24042	0.02267	0.46371	0.03836	0.04077	0.01090	0.00658	0.00192	0.00351	0.07961	0.00605	0.00650
17	0.01351	0.01451	0.07912	0.02013	0.02528	0.01257	0.52318	0.01785	0.01362	0.07697	0.05075	0.05465	0.01394	0.00661	0.00667	0.00196	0.00831	0.04925	0.00360	0.00753
18	0.01134	0.00788	0.05329	0.00830	0.01055	0.00635	0.00685	0.01408	0.01567	0.15387	0.54281	0.08112	0.04323	0.01088	0.00653	0.00183	0.00346	0.00952	0.00615	0.00630
19	0.06908	0.08637	0.01688	0.01383	0.01706	0.62755	0.01066	0.06438	0.01610	0.01594	0.00901	0.01037	0.00744	0.00584	0.00498	0.00149	0.00940	0.00369	0.00311	0.00684
20	0.21776	0.01147	0.01685	0.17653	0.36053	0.01242	0.01323	0.01584	0.01137	0.01878	0.00987	0.01347	0.00814	0.00665	0.00671	0.07948	0.00620	0.00459	0.00292	0.00719
21	0.00736	0.00531	0.00702	0.00809	0.00873	0.00497	0.00575	0.00876	0.01190	0.01585	0.11110	0.58580	0.07664	0.01681	0.00729	0.00228	0.00347	0.10265	0.00541	0.00481
22	0.01621	0.01017	0.01265	0.06553	0.01455	0.00945	0.00847	0.01294	0.01207	0.01669	0.01680	0.02685	0.01635	0.08264	0.02270	0.63028	0.00729	0.00721	0.00475	0.00640
23	0.00817	0.00613	0.00919	0.00919	0.01021	0.00715	0.00715	0.01021	0.00919	0.01328	0.01532	0.02247	0.01430	0.04290	0.77631	0.00919	0.01532	0.00613	0.00306	0.00511
24	0.01416	0.01359	0.02322	0.03511	0.76330	0.01359	0.01755	0.01755	0.01302	0.01869	0.01076	0.01416	0.00906	0.00510	0.00566	0.00170	0.00680	0.00510	0.00283	0.00906
25	0.01261	0.01080	0.01279	0.00944	0.01399	0.00930	0.00763	0.06484	0.01260	0.01936	0.01015	0.01205	0.00846	0.00499	0.00577	0.00107	0.08171	0.00367	0.00346	0.69531

[dist]
# distance from previous block
# <min> <max>
0	4

[block]
# block no. 5 follows, 41 sequences, length 6
# corresponding to MSA columns:
# 389-394
name=unknown_F
#
# <colnr> <probs for GDERKNQSTAVLIFYWHMCP>
#	G	D	E	R	K	N	Q	S	T	A	V	L	I	F	Y	W	H	M	C	P
0	0.00810	0.00585	0.00765	0.00720	0.00855	0.00540	0.00540	0.01079	0.01619	0.02294	0.76028	0.04273	0.05397	0.01169	0.00675	0.00180	0.00270	0.01034	0.00630	0.00540
1	0.01079	0.02474	0.61227	0.01483	0.02175	0.01202	0.01824	0.01648	0.01148	0.01711	0.01131	0.01422	0.00870	0.01318	0.16473	0.00334	0.00987	0.00462	0.00255	0.00776
2	0.01513	0.01534	0.02917	0.02120	0.02632	0.01536	0.53932	0.16800	0.01593	0.02166	0.01173	0.01487	0.00881	0.00561	0.00739	0.00193	0.06445	0.00630	0.00345	0.00803
3	0.00832	0.00555	0.00624	0.00624	0.00624	0.00555	0.00347	0.00832	0.00832	0.01109	0.01802	0.03743	0.02080	0.79898	0.02911	0.00555	0.00555	0.00832	0.00347	0.00347
4	0.00718	0.00575	0.00602	0.00599	0.00748	0.00502	0.00424	0.00842	0.01229	0.01508	0.09974	0.05053	0.55765	0.17639	0.01138	0.00267	0.00343	0.01117	0.00500	0.00459
5	0.00697	0.00498	0.00664	0.00796	0.00830	0.00465	0.00531	0.00796	0.01095	0.01460	0.03153	0.79525	0.03783	0.01792	0.00730	0.00232	0.00332	0.01626	0.00531	0.00465

[dist]
# distance from previous block
# <min> <max>
2	5

[block]
# block no. 6 follows, 41 sequences, length 20
# corresponding to MSA columns:
# 402-421
name=unknown_G
#
# <colnr> <probs for GDERKNQSTAVLIFYWHMCP>
#	G	D	E	R	K	N	Q	S	T	A	V	L	I	F	Y	W	H	M	C	P
0	0.37544	0.01388	0.01338	0.01072	0.01485	0.01562	0.00885	0.42957	0.01947	0.03156	0.01124	0.01181	0.00820	0.00619	0.00478	0.00174	0.00549	0.00426	0.00478	0.00820
1	0.00832	0.00555	0.00624	0.00624	0.00624	0.00555	0.00347	0.00832	0.00832	0.01109	0.01802	0.03743	0.02080	0.79898	0.02911	0.00555	0.00555	0.00832	0.00347	0.00347
2	0.01183	0.02747	0.67044	0.01880	0.12266	0.01332	0.02066	0.01804	0.01220	0.01819	0.01033	0.01235	0.00749	0.00539	0.00546	0.00180	0.00823	0.00434	0.00247	0.00853
3	0.72953	0.01030	0.00800	0.00723	0.01048	0.01184	0.00590	0.01635	0.01003	0.02509	0.00938	0.01089	0.00732	0.00549	0.00360	0.00171	0.00419	0.00339	0.11319	0.00608
4	0.01433	0.01206	0.01275	0.01129	0.01452	0.01372	0.00883	0.10154	0.60867	0.02460	0.04734	0.02337	0.06508	0.00822	0.00590	0.00191	0.00455	0.00681	0.00579	0.00874
5	0.00696	0.00554	0.00625	0.00663	0.00799	0.00483	0.00476	0.00839	0.01268	0.01593	0.11989	0.29159	0.45778	0.01531	0.00693	0.00204	0.00301	0.01324	0.00541	0.00483
6	0.00798	0.00576	0.00754	0.00727	0.00852	0.00532	0.00539	0.01050	0.01565	0.02208	0.68559	0.11985	0.05232	0.01233	0.00680	0.00185	0.00276	0.01095	0.00620	0.00532
7	0.01005	0.00566	0.00874	0.11055	0.01169	0.00599	0.00641	0.00840	0.00798	0.01056	0.00997	0.01710	0.00963	0.01799	0.02015	0.72334	0.00532	0.00498	0.00249	0.00300
8	0.01147	0.02959	0.76934	0.01630	0.02476	0.01328	0.02113	0.01811	0.01208	0.01811	0.01026	0.01208	0.00725	0.00543	0.00543	0.00181	0.00845	0.00423	0.00242	0.00845
9	0.02212	0.01614	0.01670	0.01296	0.01741	0.06837	0.01063	0.62173	0.02509	0.10949	0.01431	0.01409	0.01002	0.00682	0.00569	0.00171	0.00642	0.00511	0.00567	0.00952
10	0.01352	0.01532	0.10417	0.02033	0.02549	0.01313	0.50303	0.01787	0.01320	0.06912	0.01410	0.05089	0.01171	0.00658	0.00722	0.00200	0.04583	0.05558	0.00337	0.00757
11	0.01574	0.69559	0.07945	0.01026	0.01537	0.02103	0.01047	0.01793	0.01198	0.06506	0.00910	0.01007	0.00780	0.00508	0.00393	0.00130	0.00619	0.00332	0.00276	0.00758
12	0.01193	0.00924	0.01113	0.01009	0.01208	0.00970	0.00767	0.19553	0.01487	0.02046	0.02170	0.41264	0.02369	0.01250	0.00771	0.00200	0.08710	0.01058	0.00487	0.11451
13	0.01462	0.01258	0.05441	0.01484	0.01776	0.01318	0.16628	0.01876	0.08834	0.15101	0.09158	0.01866	0.01497	0.00893	0.02959	0.00225	0.26442	0.00621	0.00415	0.00746
14	0.57865	0.01072	0.01041	0.11103	0.01543	0.01197	0.00782	0.01802	0.01100	0.13067	0.01045	0.01165	0.00762	0.00557	0.00418	0.00175	0.00490	0.00375	0.00391	0.04050
15	0.00715	0.00505	0.00658	0.00774	0.00802	0.00477	0.00507	0.00801	0.01060	0.01414	0.02974	0.69479	0.03557	0.12145	0.01019	0.00275	0.00361	0.01521	0.00507	0.00449
16	0.01083	0.00876	0.00962	0.00911	0.01100	0.05650	0.00703	0.01629	0.17680	0.04211	0.42133	0.07351	0.03899	0.01106	0.00656	0.00192	0.00394	0.08245	0.00585	0.00635
17	0.01761	0.01372	0.01600	0.01290	0.01671	0.01503	0.05983	0.44426	0.17916	0.02940	0.01799	0.11907	0.01503	0.00838	0.00602	0.00186	0.00575	0.00701	0.00549	0.00877
18	0.08150	0.00916	0.01301	0.37202	0.04710	0.01050	0.01102	0.01498	0.08271	0.01873	0.20412	0.02495	0.07176	0.00797	0.00587	0.00187	0.00546	0.00685	0.00408	0.00633
19	0.07320	0.05017	0.01614	0.01412	0.01717	0.70422	0.01070	0.02228	0.01566	0.01472	0.00876	0.01021	0.00729	0.00583	0.00501	0.00148	0.00981	0.00363	0.00297	0.00663

[dist]
# distance from previous block
# <min> <max>
0	9

[block]
# block no. 7 follows, 41 sequences, length 42
# corresponding to MSA columns:
# 431-472
name=unknown_H
#
# <colnr> <probs for GDERKNQSTAVLIFYWHMCP>
#	G	D	E	R	K	N	Q	S	T	A	V	L	I	F	Y	W	H	M	C	P
0	0.01581	0.01488	0.01679	0.04203	0.01683	0.10154	0.01172	0.18991	0.09286	0.02019	0.01090	0.01359	0.00908	0.00841	0.01231	0.00212	0.40490	0.00505	0.00367	0.00742
1	0.01756	0.01337	0.01936	0.09410	0.38454	0.02938	0.01415	0.16940	0.02974	0.15141	0.01355	0.01514	0.01006	0.00593	0.00569	0.00173	0.00647	0.00521	0.00419	0.00902
2	0.00878	0.09020	0.00994	0.00752	0.00918	0.00717	0.00586	0.01128	0.01536	0.02137	0.63169	0.08963	0.04795	0.01139	0.00646	0.00177	0.00310	0.00997	0.00582	0.00555
3	0.01361	0.01311	0.08458	0.06410	0.01771	0.01251	0.06664	0.10258	0.32746	0.04899	0.02466	0.02559	0.12548	0.00841	0.00607	0.00192	0.00549	0.03809	0.00499	0.00802
4	0.00783	0.00564	0.00741	0.00738	0.00849	0.00522	0.00538	0.01012	0.01495	0.02096	0.58735	0.22130	0.05014	0.01317	0.00688	0.00192	0.00285	0.01175	0.00606	0.00522
5	0.02121	0.02648	0.01628	0.01467	0.01763	0.72809	0.01107	0.05406	0.01653	0.01495	0.00903	0.01051	0.00747	0.00602	0.00545	0.00150	0.02545	0.00377	0.00306	0.00676
6	0.02285	0.54342	0.02941	0.01541	0.02003	0.15499	0.01267	0.02330	0.05570	0.02087	0.01616	0.02001	0.01463	0.00995	0.00721	0.00264	0.00900	0.00578	0.00518	0.01081
7	0.75158	0.01097	0.00933	0.08994	0.01406	0.01282	0.00722	0.01658	0.00991	0.02449	0.00820	0.00992	0.00635	0.00535	0.00377	0.00178	0.00476	0.00331	0.00343	0.00621
8	0.65869	0.00993	0.00824	0.00745	0.01051	0.01122	0.00602	0.01551	0.01114	0.02507	0.17149	0.01656	0.01658	0.00670	0.00424	0.00178	0.00405	0.00467	0.00414	0.00602
9	0.83938	0.01106	0.00841	0.00752	0.01106	0.01283	0.00619	0.01681	0.00973	0.02566	0.00796	0.00929	0.00619	0.00531	0.00354	0.00177	0.00442	0.00310	0.00354	0.00619
10	0.00789	0.00584	0.00736	0.00698	0.00842	0.00531	0.00523	0.01040	0.01570	0.02178	0.65199	0.04463	0.16299	0.01212	0.00675	0.00182	0.00273	0.01061	0.00614	0.00531
11	0.00709	0.00503	0.00660	0.00782	0.00812	0.00472	0.00515	0.00799	0.01072	0.01430	0.03036	0.72985	0.03636	0.08532	0.00918	0.00260	0.00351	0.01558	0.00515	0.00454
12	0.10378	0.01101	0.01724	0.51925	0.15785	0.01319	0.01486	0.01530	0.01134	0.01648	0.00984	0.01422	0.00770	0.00585	0.00634	0.00190	0.05948	0.00486	0.00270	0.00679
13	0.00760	0.00576	0.00687	0.00670	0.00810	0.00518	0.00491	0.00961	0.01432	0.01918	0.43493	0.08604	0.28980	0.06575	0.00828	0.00212	0.00299	0.01110	0.00572	0.00504
14	0.05358	0.00846	0.00928	0.06023	0.01232	0.02222	0.00693	0.09806	0.07237	0.01885	0.04665	0.08530	0.36370	0.01504	0.08790	0.00269	0.00533	0.02025	0.00485	0.00598
15	0.01625	0.01265	0.01366	0.01161	0.01526	0.01405	0.00919	0.17007	0.51056	0.07535	0.03188	0.01954	0.01580	0.00741	0.00573	0.00183	0.00486	0.00606	0.00576	0.05248
16	0.01843	0.00868	0.01102	0.00907	0.01246	0.00787	0.00727	0.02195	0.08804	0.44461	0.13893	0.02969	0.15842	0.00920	0.00609	0.00182	0.00415	0.00767	0.00651	0.00812
17	0.50621	0.01244	0.07756	0.01021	0.04545	0.01168	0.00861	0.02002	0.01192	0.22955	0.01232	0.01256	0.00861	0.00580	0.00441	0.00177	0.00500	0.00402	0.00439	0.00749
18	0.01147	0.02959	0.76934	0.01630	0.02476	0.01328	0.02113	0.01811	0.01208	0.01811	0.01026	0.01208	0.00725	0.00543	0.00543	0.00181	0.00845	0.00423	0.00242	0.00845
19	0.83938	0.01106	0.00841	0.00752	0.01106	0.01283	0.00619	0.01681	0.00973	0.02566	0.00796	0.00929	0.00619	0.00531	0.00354	0.00177	0.00442	0.00310	0.00354	0.00619
20	0.01822	0.01160	0.09617	0.01052	0.01446	0.00936	0.00928	0.06092	0.10550	0.37979	0.09197	0.09690	0.05205	0.00876	0.00601	0.00186	0.00486	0.00735	0.00601	0.00840
21	0.00708	0.00498	0.00667	0.00795	0.00827	0.00466	0.00530	0.00795	0.01082	0.01443	0.03075	0.76713	0.03682	0.01799	0.00784	0.03237	0.00338	0.01585	0.00521	0.00457
22	0.01203	0.01072	0.01418	0.01013	0.01529	0.00835	0.08475	0.01482	0.01203	0.01861	0.01032	0.01224	0.00849	0.00430	0.00450	0.00096	0.00481	0.00375	0.00334	0.74639
23	0.01220	0.01198	0.01672	0.02696	0.01506	0.01629	0.01194	0.01361	0.00900	0.01403	0.00815	0.01309	0.00795	0.01148	0.06069	0.00278	0.68753	0.00498	0.00259	0.05297
24	0.12859	0.02235	0.48306	0.19753	0.02629	0.01308	0.01777	0.01710	0.01159	0.01835	0.00992	0.01243	0.00719	0.00548	0.00523	0.00183	0.00769	0.00427	0.00260	0.00764
25	0.01122	0.00868	0.00884	0.00831	0.00935	0.05911	0.00558	0.13452	0.01251	0.01620	0.01922	0.17451	0.02122	0.46363	0.01941	0.00401	0.00557	0.00897	0.00416	0.00497
26	0.01384	0.00836	0.01051	0.01012	0.01243	0.00844	0.00810	0.01930	0.19191	0.19637	0.04189	0.19339	0.02618	0.01215	0.00674	0.00218	0.00454	0.22057	0.00586	0.00711
27	0.01016	0.03347	0.47821	0.01344	0.01909	0.01058	0.03258	0.01492	0.01227	0.01772	0.09479	0.20120	0.01949	0.00904	0.00602	0.00192	0.00662	0.00777	0.00353	0.00719
28	0.74875	0.01091	0.00895	0.00782	0.01146	0.01234	0.00644	0.01805	0.01047	0.10827	0.00959	0.01043	0.00708	0.00551	0.00379	0.00177	0.00447	0.00339	0.00393	0.00659
29	0.00917	0.00654	0.00799	0.00750	0.00880	0.00643	0.00539	0.01265	0.09241	0.03603	0.49038	0.03871	0.04138	0.19800	0.01193	0.00270	0.00361	0.00936	0.00559	0.00542
30	0.01265	0.02354	0.50988	0.01411	0.02135	0.01241	0.01664	0.09418	0.01360	0.02014	0.01061	0.01220	0.00780	0.00530	0.00518	0.00157	0.00722	0.00413	0.00300	0.20448
31	0.75315	0.01092	0.00892	0.00780	0.01144	0.01236	0.00643	0.01799	0.01044	0.10425	0.00951	0.01037	0.00704	0.00550	0.00377	0.00177	0.00447	0.00338	0.00391	0.00657
32	0.00755	0.00554	0.00708	0.00729	0.00836	0.00507	0.00524	0.00951	0.01401	0.01917	0.42521	0.30254	0.13390	0.01417	0.00694	0.00199	0.00294	0.01258	0.00584	0.00507
33	0.02438	0.01016	0.01438	0.01295	0.09800	0.00898	0.00943	0.02673	0.01600	0.68388	0.02125	0.01888	0.01359	0.00686	0.00574	0.00176	0.00508	0.00568	0.00661	0.00966
34	0.74699	0.01038	0.00830	0.00751	0.01066	0.01196	0.00606	0.01577	0.00948	0.02391	0.00818	0.01019	0.00661	0.00693	0.00564	0.09442	0.00449	0.00331	0.00342	0.00578
35	0.74681	0.01045	0.00817	0.00738	0.01052	0.01202	0.00589	0.01587	0.00958	0.02404	0.00908	0.01243	0.00782	0.09371	0.00639	0.00219	0.00455	0.00368	0.00353	0.00589
36	0.00830	0.00561	0.00657	0.00657	0.00668	0.00572	0.00388	0.00853	0.00842	0.01133	0.01772	0.03576	0.02007	0.71476	0.11234	0.00595	0.00663	0.00807	0.00342	0.00365
37	0.00944	0.00807	0.00840	0.00801	0.01036	0.00815	0.00617	0.01602	0.26860	0.01845	0.04485	0.04379	0.47455	0.01222	0.00648	0.00196	0.00356	0.03915	0.00549	0.00631
38	0.00972	0.00709	0.00938	0.00893	0.01011	0.00795	0.00669	0.09152	0.01096	0.01530	0.01579	0.02505	0.01533	0.21831	0.51317	0.00749	0.01200	0.00654	0.00346	0.00523
39	0.01501	0.01244	0.01317	0.01158	0.01494	0.01419	0.00908	0.10910	0.63367	0.03815	0.02339	0.02162	0.04204	0.00788	0.00584	0.00191	0.00467	0.00650	0.00581	0.00900
40	0.00705	0.00581	0.00619	0.00610	0.00790	0.00495	0.00457	0.00877	0.01372	0.01707	0.20985	0.05238	0.60807	0.01388	0.00676	0.00190	0.00285	0.01170	0.00552	0.00495
41	0.01209	0.01279	0.02551	0.01922	0.02301	0.01318	0.45941	0.01572	0.01177	0.01645	0.01186	0.01667	0.00984	0.01463	0.19116	0.00374	0.12687	0.00634	0.00288	0.00688

[dist]
# distance from previous block
# <min> <max>
5	224

# created by:
# /software/SequenceAnalysis/GenePrediction/augustus/3.0.1/scripts/msa2prfl.pl ./fixed/BUSCOvEOG7JDJMJ.fas
