[name]
unknown

[dist]
# distance from previous block
# <min> <max>
4	21

[block]
# block no. 0 follows, 37 sequences, length 24
# corresponding to MSA columns:
# 22-45
name=unknown_A
#
# <colnr> <probs for GDERKNQSTAVLIFYWHMCP>
#	G	D	E	R	K	N	Q	S	T	A	V	L	I	F	Y	W	H	M	C	P
0	0.01091	0.00566	0.00588	0.00606	0.00735	0.00561	0.00446	0.01354	0.01270	0.02191	0.02171	0.11867	0.01882	0.00865	0.00473	0.00156	0.00294	0.00718	0.71604	0.00561
1	0.01618	0.01487	0.02403	0.03460	0.65468	0.01511	0.01788	0.10824	0.01581	0.02235	0.01192	0.01509	0.00979	0.00569	0.00607	0.00182	0.00720	0.00546	0.00342	0.00979
2	0.00726	0.00609	0.00632	0.00649	0.00835	0.00514	0.00478	0.00875	0.01367	0.01642	0.05844	0.15020	0.65523	0.01597	0.00731	0.00212	0.00316	0.01349	0.00568	0.00514
3	0.01166	0.00668	0.00735	0.00702	0.00826	0.00735	0.00543	0.01432	0.01240	0.02180	0.01846	0.02163	0.01472	0.00758	0.00628	0.00158	0.10032	0.00566	0.71566	0.00583
4	0.01058	0.00790	0.01092	0.01037	0.01195	0.00908	0.00816	0.10138	0.01223	0.01729	0.01618	0.02287	0.01468	0.04103	0.66522	0.00883	0.01517	0.00643	0.00364	0.00609
5	0.01979	0.02265	0.01611	0.10977	0.02031	0.49913	0.01155	0.07218	0.01676	0.01774	0.01131	0.01351	0.00909	0.00657	0.00584	0.00166	0.02816	0.00450	0.10626	0.00711
6	0.01398	0.01024	0.01652	0.53808	0.03344	0.01202	0.01438	0.01751	0.01285	0.14423	0.01392	0.01812	0.01032	0.01156	0.10447	0.00303	0.00872	0.00571	0.00364	0.00726
7	0.00877	0.00648	0.00943	0.00943	0.01038	0.00743	0.00714	0.01067	0.00972	0.01390	0.01677	0.02613	0.01621	0.14223	0.66554	0.00933	0.01503	0.00686	0.00334	0.00524
8	0.02205	0.12715	0.01935	0.01494	0.01851	0.60259	0.01163	0.08212	0.01766	0.01687	0.00977	0.01118	0.00809	0.00625	0.00536	0.00156	0.01009	0.00399	0.00333	0.00747
9	0.00746	0.00533	0.00710	0.00852	0.00888	0.00497	0.00568	0.00852	0.01172	0.01563	0.03374	0.78088	0.04049	0.01918	0.00781	0.00249	0.00355	0.01740	0.00568	0.00497
10	0.05045	0.11429	0.02221	0.23745	0.32352	0.01560	0.01560	0.07728	0.01452	0.05566	0.01170	0.01480	0.00922	0.00589	0.00571	0.00182	0.00718	0.00511	0.00340	0.00860
11	0.01579	0.01547	0.03000	0.12034	0.03043	0.01545	0.48721	0.10865	0.01598	0.05713	0.01293	0.01638	0.00953	0.00584	0.00725	0.00204	0.03087	0.00667	0.00364	0.00840
12	0.01156	0.01088	0.01836	0.77016	0.04216	0.01360	0.01700	0.01564	0.01224	0.01564	0.01088	0.01632	0.00816	0.00612	0.00612	0.00204	0.00816	0.00544	0.00272	0.00680
13	0.01603	0.01326	0.02214	0.18307	0.50813	0.01363	0.01715	0.01959	0.01406	0.11438	0.01303	0.01613	0.01009	0.00587	0.00608	0.00187	0.00718	0.00554	0.00356	0.00920
14	0.01269	0.01088	0.01269	0.00907	0.01451	0.00816	0.00725	0.01541	0.01269	0.01995	0.01088	0.01269	0.00907	0.00453	0.00453	0.00091	0.00453	0.00363	0.00363	0.82229
15	0.01515	0.01454	0.02485	0.03757	0.74669	0.01454	0.01879	0.01879	0.01394	0.02000	0.01151	0.01515	0.00970	0.00545	0.00606	0.00182	0.00727	0.00545	0.00303	0.00970
16	0.00851	0.00614	0.00804	0.00781	0.00911	0.00567	0.00576	0.01116	0.01660	0.02338	0.65095	0.14155	0.05551	0.01338	0.00730	0.00200	0.00297	0.01190	0.00660	0.00567
17	0.00746	0.00533	0.00710	0.00852	0.00888	0.00497	0.00568	0.00852	0.01172	0.01563	0.03374	0.78088	0.04049	0.01918	0.00781	0.00249	0.00355	0.01740	0.00568	0.00497
18	0.13215	0.02733	0.58336	0.01775	0.08435	0.01417	0.01995	0.01913	0.01264	0.02062	0.01067	0.01267	0.00775	0.00577	0.00554	0.00192	0.00827	0.00442	0.00280	0.00875
19	0.01141	0.00571	0.00571	0.00571	0.00713	0.00571	0.00428	0.01426	0.01284	0.02282	0.01997	0.02282	0.01569	0.00713	0.00428	0.00143	0.00285	0.00571	0.81886	0.00571
20	0.01141	0.00571	0.00571	0.00571	0.00713	0.00571	0.00428	0.01426	0.01284	0.02282	0.01997	0.02282	0.01569	0.00713	0.00428	0.00143	0.00285	0.00571	0.81886	0.00571
21	0.01339	0.01339	0.01875	0.01607	0.01607	0.01875	0.01339	0.01473	0.00937	0.01473	0.00804	0.01339	0.00804	0.01071	0.02009	0.00268	0.77367	0.00536	0.00268	0.00670
22	0.01101	0.00973	0.01584	0.60720	0.03490	0.01182	0.01446	0.01460	0.01222	0.01624	0.01462	0.11652	0.01300	0.00791	0.00619	0.00205	0.00712	0.00702	0.07110	0.00647
23	0.00830	0.00597	0.00785	0.00795	0.00906	0.00553	0.00575	0.01063	0.01561	0.02182	0.52665	0.27030	0.05248	0.01455	0.00740	0.00210	0.00309	0.01300	0.00642	0.00553

[dist]
# distance from previous block
# <min> <max>
0	2

[block]
# block no. 1 follows, 37 sequences, length 6
# corresponding to MSA columns:
# 48-53
name=unknown_B
#
# <colnr> <probs for GDERKNQSTAVLIFYWHMCP>
#	G	D	E	R	K	N	Q	S	T	A	V	L	I	F	Y	W	H	M	C	P
0	0.01426	0.01363	0.02323	0.21961	0.57162	0.01431	0.01834	0.01800	0.01352	0.01892	0.01136	0.01544	0.00931	0.00562	0.00607	0.00187	0.00749	0.00545	0.00295	0.00898
1	0.01141	0.00571	0.00571	0.00571	0.00713	0.00571	0.00428	0.01426	0.01284	0.02282	0.01997	0.02282	0.01569	0.00713	0.00428	0.00143	0.00285	0.00571	0.81886	0.00571
2	0.00757	0.00542	0.00721	0.00844	0.00890	0.00505	0.00569	0.00881	0.01226	0.01648	0.10193	0.71024	0.04215	0.01854	0.00776	0.00243	0.00349	0.01679	0.00578	0.00505
3	0.01174	0.00832	0.01045	0.00990	0.01189	0.00927	0.00771	0.01774	0.19120	0.06309	0.02155	0.02505	0.05056	0.02828	0.40364	0.00608	0.01064	0.00682	0.09925	0.00683
4	0.01821	0.01352	0.02220	0.03094	0.56503	0.01317	0.01635	0.02153	0.01483	0.20162	0.01465	0.01656	0.01105	0.00598	0.00608	0.00184	0.00676	0.00563	0.00416	0.00988
5	0.00730	0.00594	0.00647	0.00690	0.00845	0.00511	0.00496	0.00871	0.01328	0.01626	0.05345	0.27755	0.53109	0.01662	0.00741	0.00219	0.00324	0.01428	0.00568	0.00511

[dist]
# distance from previous block
# <min> <max>
0	225

# created by:
# /software/SequenceAnalysis/GenePrediction/augustus/3.0.1/scripts/msa2prfl.pl ./fixed/BUSCOvEOG7CZCWP.fas
