[name]
unknown

[dist]
# distance from previous block
# <min> <max>
0	115

[block]
# block no. 0 follows, 40 sequences, length 74
# corresponding to MSA columns:
# 130-203
name=unknown_A
#
# <colnr> <probs for GDERKNQSTAVLIFYWHMCP>
#	G	D	E	R	K	N	Q	S	T	A	V	L	I	F	Y	W	H	M	C	P
0	0.01206	0.01034	0.01206	0.00861	0.01378	0.00775	0.00689	0.01464	0.01206	0.01895	0.01034	0.01206	0.00861	0.00431	0.00431	0.00086	0.00431	0.00345	0.00345	0.83118
1	0.00823	0.00594	0.00777	0.00732	0.00869	0.00549	0.00549	0.01097	0.01646	0.02332	0.75629	0.04344	0.05487	0.01189	0.00686	0.00183	0.00274	0.01052	0.00640	0.00549
2	0.01624	0.01337	0.01415	0.01219	0.01580	0.01529	0.00963	0.19535	0.58152	0.02718	0.02142	0.01990	0.01593	0.00768	0.00589	0.00192	0.00502	0.00626	0.00589	0.00936
3	0.00831	0.00623	0.00935	0.00935	0.01038	0.00727	0.00727	0.01038	0.00935	0.01350	0.01558	0.02285	0.01454	0.04361	0.77259	0.00935	0.01558	0.00623	0.00312	0.00519
4	0.00831	0.00623	0.00935	0.00935	0.01038	0.00727	0.00727	0.01038	0.00935	0.01350	0.01558	0.02285	0.01454	0.04361	0.77259	0.00935	0.01558	0.00623	0.00312	0.00519
5	0.01615	0.01602	0.01392	0.01256	0.01578	0.19022	0.00968	0.02912	0.57900	0.02199	0.02026	0.01910	0.01537	0.00745	0.00576	0.00186	0.00597	0.00592	0.00524	0.00863
6	0.02253	0.01001	0.01313	0.00991	0.01457	0.00835	0.00813	0.02486	0.01548	0.57432	0.01974	0.01783	0.01293	0.00646	0.00546	0.00156	0.00479	0.00524	0.00624	0.21847
7	0.00709	0.00506	0.00675	0.00810	0.00843	0.00472	0.00540	0.00810	0.01113	0.01484	0.03205	0.79184	0.03846	0.01822	0.00742	0.00236	0.00337	0.01653	0.00540	0.00472
8	0.01272	0.01272	0.01781	0.01527	0.01527	0.01781	0.01272	0.01399	0.00891	0.01399	0.00763	0.01272	0.00763	0.01018	0.01908	0.00254	0.78499	0.00509	0.00254	0.00636
9	0.00698	0.00590	0.00604	0.00600	0.00792	0.00495	0.00450	0.00855	0.01351	0.01631	0.11409	0.05497	0.70144	0.01450	0.00687	0.00195	0.00293	0.01213	0.00548	0.00495
10	0.02609	0.00990	0.01350	0.01035	0.01484	0.00855	0.00855	0.02834	0.01664	0.76338	0.02294	0.01979	0.01439	0.00720	0.00585	0.00180	0.00495	0.00585	0.00720	0.00990
11	0.00823	0.00594	0.00777	0.00732	0.00869	0.00549	0.00549	0.01097	0.01646	0.02332	0.75629	0.04344	0.05487	0.01189	0.00686	0.00183	0.00274	0.01052	0.00640	0.00549
12	0.00709	0.00506	0.00675	0.00810	0.00843	0.00472	0.00540	0.00810	0.01113	0.01484	0.03205	0.79184	0.03846	0.01822	0.00742	0.00236	0.00337	0.01653	0.00540	0.00472
13	0.01098	0.01034	0.01744	0.78165	0.04005	0.01292	0.01615	0.01486	0.01163	0.01486	0.01034	0.01550	0.00775	0.00581	0.00581	0.00194	0.00775	0.00517	0.00258	0.00646
14	0.07244	0.02669	0.01599	0.01452	0.01756	0.72503	0.01093	0.02284	0.01607	0.01497	0.00893	0.01042	0.00742	0.00596	0.00514	0.00152	0.01011	0.00371	0.00303	0.00671
15	0.01331	0.01468	0.03081	0.15080	0.08017	0.01435	0.57088	0.01795	0.01335	0.01803	0.01147	0.01557	0.00867	0.00507	0.00662	0.00194	0.00927	0.00647	0.00288	0.00770
16	0.01226	0.01046	0.01217	0.00871	0.01387	0.00796	0.00698	0.02954	0.01237	0.01931	0.01041	0.01210	0.00864	0.00436	0.00434	0.00088	0.00435	0.00348	0.00349	0.81431
17	0.01651	0.64785	0.04836	0.01080	0.01572	0.06872	0.01046	0.09381	0.01375	0.01626	0.00882	0.00997	0.00772	0.00526	0.00409	0.00133	0.00657	0.00341	0.00287	0.00770
18	0.00919	0.00662	0.00912	0.01033	0.01170	0.00655	0.00897	0.01180	0.01347	0.01747	0.05281	0.06440	0.07734	0.01587	0.00793	0.00261	0.00514	0.65797	0.00539	0.00533
19	0.00823	0.00594	0.00777	0.00732	0.00869	0.00549	0.00549	0.01097	0.01646	0.02332	0.75629	0.04344	0.05487	0.01189	0.00686	0.00183	0.00274	0.01052	0.00640	0.00549
20	0.01172	0.02498	0.56501	0.16974	0.05150	0.01343	0.01986	0.01814	0.03881	0.01794	0.01091	0.01333	0.00788	0.00566	0.00560	0.00186	0.00823	0.00458	0.00262	0.00821
21	0.00724	0.00517	0.00692	0.00827	0.00867	0.00485	0.00566	0.00836	0.01128	0.01501	0.03197	0.74384	0.03813	0.01808	0.00746	0.00238	0.00350	0.06304	0.00540	0.00477
22	0.00709	0.00506	0.00675	0.00810	0.00843	0.00472	0.00540	0.00810	0.01113	0.01484	0.03205	0.79184	0.03846	0.01822	0.00742	0.00236	0.00337	0.01653	0.00540	0.00472
23	0.00951	0.00624	0.00809	0.00745	0.00910	0.00568	0.00565	0.01213	0.01626	0.07954	0.65399	0.04245	0.09817	0.01172	0.00678	0.00184	0.00293	0.01027	0.00640	0.00579
24	0.11398	0.01280	0.04953	0.29865	0.04608	0.01500	0.04570	0.06318	0.01173	0.01783	0.00950	0.01359	0.00775	0.00719	0.00990	0.00210	0.26076	0.00494	0.00293	0.00686
25	0.01360	0.01306	0.01778	0.01509	0.01553	0.01783	0.01257	0.08185	0.01063	0.01611	0.00823	0.01284	0.00784	0.00988	0.01784	0.00247	0.71221	0.00510	0.00285	0.00669
26	0.83671	0.01125	0.00855	0.00765	0.01125	0.01305	0.00630	0.01709	0.00990	0.02609	0.00810	0.00945	0.00630	0.00540	0.00360	0.00180	0.00450	0.00315	0.00360	0.00630
27	0.02545	0.00975	0.01329	0.01024	0.01462	0.00844	0.00844	0.02771	0.01664	0.73662	0.04946	0.02065	0.01586	0.00737	0.00588	0.00180	0.00487	0.00602	0.00717	0.00974
28	0.01583	0.76550	0.02991	0.01010	0.01506	0.02280	0.01000	0.04845	0.01248	0.01467	0.00834	0.00953	0.00757	0.00506	0.00382	0.00127	0.00623	0.00320	0.00263	0.00757
29	0.00732	0.00588	0.00654	0.00644	0.00815	0.00509	0.00480	0.00919	0.01422	0.01816	0.28556	0.07848	0.50184	0.01393	0.00689	0.00193	0.00290	0.01185	0.00573	0.00509
30	0.01977	0.07820	0.09611	0.01541	0.01929	0.59701	0.05746	0.02205	0.01556	0.01490	0.00925	0.01092	0.00756	0.00581	0.00527	0.00155	0.00997	0.00395	0.00290	0.00705
31	0.01196	0.01134	0.01921	0.56731	0.24673	0.01318	0.01664	0.01572	0.01209	0.01605	0.01051	0.01518	0.00817	0.00563	0.00580	0.00188	0.00751	0.00517	0.00267	0.00725
32	0.01098	0.01034	0.01744	0.78165	0.04005	0.01292	0.01615	0.01486	0.01163	0.01486	0.01034	0.01550	0.00775	0.00581	0.00581	0.00194	0.00775	0.00517	0.00258	0.00646
33	0.01555	0.79913	0.03047	0.00995	0.01493	0.02301	0.00995	0.01741	0.01182	0.01368	0.00808	0.00933	0.00746	0.00498	0.00373	0.00124	0.00622	0.00311	0.00249	0.00746
34	0.01098	0.01034	0.01744	0.78165	0.04005	0.01292	0.01615	0.01486	0.01163	0.01486	0.01034	0.01550	0.00775	0.00581	0.00581	0.00194	0.00775	0.00517	0.00258	0.00646
35	0.00785	0.01053	0.15163	0.00800	0.01121	0.00658	0.00774	0.01039	0.01320	0.01655	0.07936	0.04705	0.58330	0.01284	0.00661	0.00193	0.00402	0.01067	0.00488	0.00564
36	0.01323	0.01301	0.01892	0.01915	0.15801	0.01705	0.01367	0.02952	0.01011	0.01542	0.00840	0.01307	0.00798	0.00915	0.01626	0.00237	0.61993	0.00511	0.00268	0.00698
37	0.01079	0.02528	0.62000	0.01495	0.02196	0.01182	0.01840	0.01644	0.01206	0.01773	0.01458	0.16177	0.01333	0.00796	0.00589	0.00194	0.00759	0.00664	0.00302	0.00785
38	0.01923	0.01414	0.01540	0.01237	0.01619	0.01548	0.00997	0.59962	0.02423	0.03247	0.01743	0.16313	0.01537	0.00914	0.00613	0.00186	0.00582	0.00740	0.00574	0.00890
39	0.01995	0.01420	0.01514	0.01185	0.01587	0.01561	0.00971	0.60067	0.02444	0.03378	0.01492	0.01544	0.01085	0.00694	0.00548	0.00167	0.00569	0.00527	0.16346	0.00903
40	0.01399	0.01148	0.01309	0.00953	0.01460	0.00972	0.00769	0.15373	0.01499	0.02234	0.01103	0.01242	0.00886	0.00482	0.00460	0.00103	0.00471	0.00379	0.00390	0.67369
41	0.00751	0.00543	0.00719	0.00845	0.00909	0.00511	0.00610	0.00887	0.01171	0.01539	0.03358	0.60394	0.08499	0.01757	0.00750	0.00240	0.00373	0.15119	0.00539	0.00486
42	0.01392	0.64686	0.02592	0.00959	0.01368	0.01950	0.00908	0.01563	0.01169	0.01390	0.01268	0.15938	0.01341	0.00751	0.00444	0.00146	0.00567	0.00568	0.00305	0.00694
43	0.00766	0.00506	0.00691	0.00800	0.00827	0.00479	0.00533	0.00800	0.01045	0.01394	0.02784	0.64338	0.03302	0.01860	0.01036	0.16122	0.00370	0.01433	0.00485	0.00430
44	0.02340	0.00998	0.01322	0.01001	0.01464	0.00839	0.00823	0.02571	0.01576	0.62063	0.02052	0.01831	0.01329	0.00664	0.00555	0.00162	0.00483	0.00539	0.00648	0.16739
45	0.04779	0.01491	0.01642	0.01262	0.01721	0.01606	0.01043	0.58139	0.02476	0.17568	0.01550	0.01494	0.01064	0.00697	0.00576	0.00176	0.00606	0.00529	0.00601	0.00978
46	0.01443	0.02621	0.62130	0.01538	0.02319	0.01255	0.01900	0.02032	0.01311	0.16127	0.01283	0.01372	0.00871	0.00585	0.00559	0.00183	0.00790	0.00459	0.00336	0.00884
47	0.01244	0.07457	0.57548	0.01525	0.02260	0.01428	0.01841	0.02075	0.15349	0.01925	0.01283	0.01390	0.00936	0.00594	0.00549	0.00183	0.00768	0.00466	0.00312	0.00864
48	0.17369	0.01144	0.01247	0.00944	0.01414	0.01058	0.00768	0.13717	0.01478	0.12025	0.01215	0.01288	0.00913	0.00534	0.00462	0.00131	0.00477	0.00400	0.00436	0.42980
49	0.01200	0.12404	0.52542	0.01359	0.02033	0.01317	0.01666	0.01735	0.01220	0.01843	0.01177	0.01370	0.00882	0.00569	0.00501	0.00167	0.00716	0.00436	0.16075	0.00784
50	0.01121	0.01057	0.01785	0.73235	0.08759	0.01298	0.01626	0.01506	0.01173	0.01513	0.01038	0.01543	0.00785	0.00577	0.00581	0.00192	0.00770	0.00517	0.00260	0.00664
51	0.00997	0.00721	0.00880	0.00911	0.01028	0.00728	0.00648	0.14844	0.01424	0.01903	0.02858	0.64267	0.03298	0.01606	0.00711	0.00224	0.00395	0.01437	0.00548	0.00571
52	0.01336	0.01067	0.01226	0.00946	0.01401	0.00929	0.00749	0.01913	0.18526	0.06643	0.01486	0.03667	0.01195	0.00572	0.00487	0.00122	0.00439	0.00470	0.00431	0.56396
53	0.01008	0.00551	0.00551	0.00551	0.00698	0.00532	0.00413	0.01255	0.01240	0.02054	0.02663	0.02825	0.15721	0.00830	0.00460	0.00147	0.00276	0.00673	0.67019	0.00532
54	0.00723	0.00516	0.00691	0.00826	0.00866	0.00485	0.00565	0.00834	0.01127	0.01500	0.03197	0.74664	0.03815	0.01808	0.00746	0.00238	0.00350	0.06033	0.00540	0.00476
55	0.01218	0.01288	0.02554	0.24056	0.02995	0.01336	0.40886	0.01617	0.01261	0.01688	0.01396	0.07501	0.03186	0.00677	0.00736	0.00202	0.05678	0.00714	0.00307	0.00703
56	0.01242	0.01073	0.01528	0.45515	0.02906	0.01279	0.01294	0.02026	0.25191	0.04268	0.06438	0.01950	0.01433	0.00694	0.00592	0.00194	0.00631	0.00600	0.00407	0.00740
57	0.00735	0.00517	0.00667	0.00776	0.00803	0.00490	0.00504	0.00817	0.01062	0.01416	0.02942	0.64729	0.03514	0.16730	0.01167	0.00299	0.00381	0.01498	0.00504	0.00449
58	0.00730	0.00523	0.00694	0.00795	0.00848	0.00487	0.00542	0.00865	0.01216	0.01647	0.17093	0.64832	0.04161	0.01700	0.00731	0.00226	0.00325	0.01538	0.00559	0.00487
59	0.01623	0.52662	0.12853	0.01183	0.01726	0.02057	0.02779	0.15613	0.01490	0.01884	0.00961	0.01076	0.00794	0.00543	0.00445	0.00144	0.00666	0.00376	0.00313	0.00809
60	0.00755	0.00542	0.00738	0.00838	0.00890	0.00539	0.00588	0.00881	0.01075	0.01451	0.02791	0.54936	0.03242	0.07434	0.15565	0.00394	0.00599	0.05782	0.00483	0.00477
61	0.65589	0.01020	0.00860	0.00779	0.01073	0.01165	0.00619	0.03506	0.00993	0.02331	0.00864	0.01115	0.00713	0.00828	0.00733	0.16077	0.00466	0.00357	0.00345	0.00567
62	0.02385	0.01065	0.01543	0.01521	0.15761	0.00956	0.01033	0.02633	0.01599	0.62064	0.02064	0.01876	0.01340	0.00681	0.00583	0.00179	0.00532	0.00572	0.00637	0.00977
63	0.01466	0.55815	0.21623	0.01181	0.01760	0.03699	0.01288	0.01828	0.03869	0.01528	0.00927	0.01055	0.00781	0.00524	0.00430	0.00143	0.00686	0.00355	0.00261	0.00780
64	0.16710	0.00696	0.00792	0.00738	0.00918	0.00694	0.00564	0.01215	0.01520	0.02385	0.61281	0.03692	0.04556	0.01064	0.00623	0.00182	0.00308	0.00910	0.00586	0.00564
65	0.02019	0.02541	0.01990	0.01681	0.02036	0.62701	0.15065	0.02234	0.01595	0.01508	0.00952	0.01148	0.00775	0.00578	0.00555	0.00159	0.01036	0.00434	0.00299	0.00695
66	0.02366	0.01072	0.01363	0.01079	0.01506	0.01016	0.00880	0.06485	0.15759	0.58488	0.02263	0.01986	0.01481	0.00732	0.00586	0.00183	0.00496	0.00596	0.00688	0.00976
67	0.02182	0.01170	0.01627	0.06031	0.06705	0.01145	0.05557	0.16206	0.03837	0.43032	0.01932	0.01982	0.01335	0.00720	0.00599	0.00185	0.00584	0.03642	0.00599	0.00930
68	0.01467	0.64787	0.02797	0.15793	0.01974	0.02108	0.01114	0.01692	0.01178	0.01391	0.00852	0.01051	0.00752	0.00514	0.00413	0.00138	0.00651	0.00350	0.00251	0.00727
69	0.01395	0.01315	0.02139	0.03050	0.61638	0.01265	0.01575	0.01723	0.01301	0.01899	0.01082	0.01395	0.00910	0.00501	0.00548	0.00156	0.00641	0.00485	0.00299	0.16683
70	0.01363	0.01403	0.01572	0.01343	0.01496	0.12825	0.01085	0.01551	0.02710	0.01526	0.01023	0.06095	0.00994	0.00887	0.01316	0.00204	0.45317	0.00532	0.00304	0.16455
71	0.66158	0.01202	0.01024	0.00881	0.01277	0.01273	0.00703	0.01752	0.01122	0.02579	0.00997	0.01194	0.00812	0.00612	0.00437	0.00187	0.00495	0.00369	0.00404	0.16520
72	0.01564	0.01520	0.04698	0.03547	0.72127	0.01449	0.01832	0.01875	0.01405	0.02021	0.01231	0.01621	0.01047	0.00613	0.00634	0.00199	0.00739	0.00559	0.00335	0.00985
73	0.01471	0.01223	0.01347	0.03605	0.01625	0.01360	0.01000	0.02738	0.56971	0.02382	0.02573	0.03165	0.02158	0.01027	0.00690	0.00236	0.00533	0.14379	0.00612	0.00904

[dist]
# distance from previous block
# <min> <max>
0	286

# created by:
# /software/SequenceAnalysis/GenePrediction/augustus/3.0.1/scripts/msa2prfl.pl ./fixed/BUSCOvEOG7Q2FVS.fas
