[name]
unknown

[dist]
# distance from previous block
# <min> <max>
0	74

[block]
# block no. 0 follows, 37 sequences, length 30
# corresponding to MSA columns:
# 91-120
name=unknown_A
#
# <colnr> <probs for GDERKNQSTAVLIFYWHMCP>
#	G	D	E	R	K	N	Q	S	T	A	V	L	I	F	Y	W	H	M	C	P
0	0.01446	0.01378	0.02316	0.17903	0.58153	0.01439	0.01809	0.01870	0.04144	0.01937	0.01191	0.01567	0.00974	0.00569	0.00608	0.00187	0.00735	0.00551	0.00309	0.00913
1	0.01519	0.05218	0.01295	0.06449	0.01482	0.04638	0.00879	0.05857	0.01362	0.17286	0.01721	0.02071	0.01375	0.02383	0.33272	0.00524	0.01043	0.00592	0.10322	0.00714
2	0.01204	0.01151	0.01790	0.43535	0.03022	0.01509	0.01499	0.01497	0.01100	0.01520	0.01022	0.01578	0.00862	0.01067	0.06525	0.00283	0.29346	0.00549	0.00274	0.00667
3	0.00765	0.00573	0.00710	0.00779	0.00878	0.00518	0.00545	0.00919	0.01339	0.01764	0.18288	0.45811	0.21492	0.01695	0.00755	0.00227	0.00331	0.01504	0.00589	0.00518
4	0.01480	0.01925	0.19379	0.05951	0.50956	0.05804	0.01920	0.01914	0.01384	0.01940	0.01125	0.01444	0.00908	0.00561	0.00597	0.00184	0.00794	0.00515	0.00292	0.00928
5	0.02286	0.01123	0.01383	0.01111	0.01537	0.01086	0.00901	0.09039	0.16776	0.47544	0.02663	0.02388	0.07630	0.00837	0.00626	0.00194	0.00509	0.00682	0.00701	0.00983
6	0.01228	0.03166	0.75316	0.01745	0.02649	0.01422	0.02262	0.01939	0.01292	0.01939	0.01099	0.01292	0.00775	0.00582	0.00582	0.00194	0.00905	0.00452	0.00258	0.00905
7	0.03081	0.01527	0.01642	0.05817	0.13003	0.11744	0.01181	0.21729	0.14906	0.02477	0.01830	0.10954	0.01626	0.00894	0.00634	0.00199	0.00667	0.04740	0.00495	0.00853
8	0.01372	0.09147	0.56297	0.01737	0.05933	0.01508	0.01998	0.01954	0.01295	0.06099	0.01136	0.01326	0.00831	0.00620	0.00670	0.00193	0.06243	0.00462	0.00290	0.00889
9	0.02524	0.01181	0.01480	0.01159	0.01618	0.01134	0.00949	0.13739	0.11214	0.54745	0.02279	0.02015	0.01488	0.00764	0.00616	0.00191	0.00540	0.00616	0.00718	0.01032
10	0.01716	0.01295	0.07878	0.41908	0.03129	0.01261	0.02913	0.06143	0.01489	0.23950	0.01515	0.01731	0.01039	0.00659	0.00613	0.00198	0.00730	0.00562	0.00438	0.00832
11	0.01394	0.01760	0.14118	0.12175	0.22725	0.01479	0.33469	0.01885	0.01380	0.01918	0.01174	0.01556	0.00902	0.00546	0.00655	0.00197	0.00902	0.00610	0.00295	0.00859
12	0.01879	0.02143	0.01738	0.19913	0.05796	0.42915	0.01297	0.07970	0.01690	0.01802	0.06208	0.01526	0.01176	0.00675	0.00586	0.00175	0.00923	0.00501	0.00354	0.00733
13	0.01063	0.00532	0.00797	0.00797	0.00797	0.00532	0.00532	0.00797	0.00797	0.01063	0.01063	0.01861	0.01063	0.02127	0.02392	0.82190	0.00532	0.00532	0.00266	0.00266
14	0.01869	0.01147	0.01374	0.01029	0.01516	0.00999	0.00830	0.12967	0.01648	0.24709	0.01596	0.01684	0.01179	0.04394	0.00658	0.00160	0.00515	0.00495	0.00523	0.40710
15	0.01620	0.06073	0.02642	0.06610	0.12999	0.06871	0.28113	0.07842	0.04279	0.04782	0.01229	0.01538	0.00961	0.00647	0.00821	0.00201	0.10985	0.00596	0.00353	0.00838
16	0.01974	0.02240	0.01995	0.06417	0.25972	0.41517	0.01439	0.07772	0.01685	0.01854	0.01063	0.01297	0.00870	0.00610	0.00578	0.00170	0.00930	0.00465	0.00332	0.00820
17	0.01063	0.00532	0.00797	0.00797	0.00797	0.00532	0.00532	0.00797	0.00797	0.01063	0.01063	0.01861	0.01063	0.02127	0.02392	0.82190	0.00532	0.00532	0.00266	0.00266
18	0.82811	0.01184	0.00900	0.00805	0.01184	0.01373	0.00663	0.01799	0.01042	0.02746	0.00852	0.00994	0.00663	0.00568	0.00379	0.00189	0.00474	0.00331	0.00379	0.00663
19	0.00889	0.00598	0.00689	0.00689	0.00696	0.00605	0.00397	0.00904	0.00896	0.01202	0.01910	0.03900	0.02179	0.73591	0.07949	0.00619	0.00663	0.00875	0.00368	0.00383
20	0.00749	0.00536	0.00714	0.00850	0.00889	0.00500	0.00569	0.00862	0.01189	0.01590	0.05530	0.75855	0.04101	0.01898	0.00780	0.00247	0.00353	0.01721	0.00571	0.00500
21	0.01753	0.01359	0.01537	0.01432	0.06849	0.01510	0.01054	0.19597	0.42766	0.07587	0.02195	0.06177	0.01702	0.00842	0.00627	0.00201	0.00542	0.00700	0.00603	0.00965
22	0.01514	0.01536	0.12725	0.01265	0.01709	0.01380	0.01127	0.02835	0.50401	0.07580	0.02387	0.02245	0.05166	0.00804	0.00613	0.00199	0.00542	0.00664	0.00562	0.04747
23	0.01730	0.01153	0.01372	0.01009	0.01530	0.00966	0.00818	0.10474	0.01573	0.18699	0.01433	0.01477	0.01060	0.00556	0.00509	0.00124	0.00495	0.00442	0.00482	0.54096
24	0.00871	0.00632	0.00835	0.00871	0.00968	0.00623	0.00630	0.01029	0.01167	0.01605	0.09719	0.27604	0.03091	0.17171	0.17207	0.00461	0.00697	0.09114	0.00477	0.05227
25	0.01430	0.02433	0.45509	0.02206	0.20539	0.01418	0.03448	0.01979	0.01336	0.07680	0.01201	0.01420	0.00887	0.00614	0.00677	0.00195	0.05304	0.00499	0.00310	0.00916
26	0.01267	0.02925	0.64780	0.01990	0.10255	0.01430	0.05027	0.01933	0.01309	0.01946	0.01110	0.01330	0.00802	0.00575	0.00590	0.00193	0.00891	0.00473	0.00265	0.00908
27	0.00871	0.00719	0.03796	0.00964	0.01053	0.00626	0.00703	0.00996	0.01198	0.01631	0.03067	0.62487	0.03566	0.02312	0.12393	0.00373	0.00604	0.01531	0.00543	0.00565
28	0.00911	0.01039	0.12237	0.00959	0.01205	0.00706	0.00832	0.01123	0.01374	0.01820	0.11490	0.33566	0.27232	0.01556	0.00756	0.00234	0.00447	0.01335	0.00556	0.00619
29	0.01362	0.01863	0.24557	0.06131	0.30868	0.01320	0.04872	0.01792	0.01420	0.02029	0.06638	0.05293	0.01651	0.00813	0.00673	0.00214	0.00764	0.06478	0.00375	0.00886

[dist]
# distance from previous block
# <min> <max>
1	4

[block]
# block no. 1 follows, 37 sequences, length 26
# corresponding to MSA columns:
# 125-150
name=unknown_B
#
# <colnr> <probs for GDERKNQSTAVLIFYWHMCP>
#	G	D	E	R	K	N	Q	S	T	A	V	L	I	F	Y	W	H	M	C	P
0	0.02929	0.06388	0.38103	0.01486	0.04887	0.01340	0.01582	0.11605	0.01621	0.04545	0.17394	0.02054	0.01948	0.00752	0.00605	0.00188	0.00696	0.00611	0.00419	0.00847
1	0.01588	0.03936	0.12548	0.01715	0.16127	0.01304	0.01283	0.17902	0.01678	0.05769	0.01438	0.07940	0.01223	0.00696	0.00572	0.00164	0.00625	0.00583	0.00425	0.22484
2	0.01488	0.01278	0.03824	0.06060	0.13023	0.01195	0.06480	0.13655	0.01570	0.05674	0.01559	0.12572	0.01413	0.00781	0.00645	0.00172	0.03195	0.00681	0.00429	0.24308
3	0.01482	0.01324	0.01971	0.02140	0.24151	0.01366	0.11126	0.04686	0.26420	0.04338	0.01985	0.07301	0.03795	0.00776	0.00638	0.00196	0.00627	0.00722	0.00468	0.04489
4	0.01270	0.01241	0.07023	0.01250	0.06541	0.00996	0.00994	0.01813	0.12937	0.02047	0.01682	0.04375	0.01507	0.00743	0.00565	0.00155	0.00524	0.10223	0.00426	0.43688
5	0.07715	0.01421	0.06247	0.20525	0.41165	0.01389	0.03854	0.01880	0.01347	0.06957	0.01200	0.01533	0.00935	0.00579	0.00593	0.00190	0.00734	0.00534	0.00330	0.00875
6	0.01408	0.01136	0.01306	0.00991	0.01458	0.00986	0.00789	0.15314	0.01607	0.02356	0.06356	0.07411	0.01507	0.00675	0.00528	0.00128	0.00477	0.00556	0.00448	0.54563
7	0.01435	0.01479	0.07307	0.04503	0.50246	0.01442	0.01689	0.01824	0.03373	0.01951	0.01202	0.01558	0.01002	0.00643	0.00786	0.00193	0.11346	0.00544	0.06591	0.00887
8	0.00908	0.00751	0.00836	0.00772	0.01024	0.00657	0.00587	0.01220	0.06915	0.01879	0.13127	0.11381	0.38919	0.01300	0.00676	0.00190	0.00357	0.02816	0.00549	0.15136
9	0.07543	0.02488	0.48234	0.01777	0.02522	0.01379	0.16104	0.01876	0.01311	0.01999	0.01257	0.01734	0.00993	0.00642	0.00610	0.00200	0.00862	0.05403	0.00302	0.02765
10	0.00883	0.00663	0.00855	0.00932	0.01046	0.00642	0.00679	0.01157	0.06780	0.01699	0.03030	0.52746	0.03447	0.01850	0.04967	0.00280	0.00473	0.11060	0.00544	0.06268
11	0.01297	0.01182	0.01564	0.01175	0.01607	0.01095	0.05879	0.01556	0.01210	0.01880	0.01037	0.01311	0.00886	0.00591	0.00807	0.00137	0.17061	0.00425	0.00339	0.58962
12	0.01550	0.02290	0.35699	0.01857	0.06504	0.01490	0.14366	0.16927	0.01669	0.03856	0.01231	0.01421	0.00895	0.00594	0.00605	0.00185	0.00826	0.00523	0.00363	0.07147
13	0.01219	0.01154	0.01687	0.27922	0.02446	0.01441	0.01321	0.01467	0.01102	0.01584	0.01141	0.07347	0.01072	0.00890	0.01208	0.00219	0.33877	0.00607	0.00306	0.11989
14	0.00848	0.00581	0.00707	0.00767	0.00790	0.00569	0.00486	0.00906	0.01027	0.01366	0.02526	0.29685	0.02952	0.46258	0.02139	0.00451	0.00509	0.06551	0.00454	0.00429
15	0.01228	0.01150	0.01863	0.28369	0.02660	0.01321	0.13351	0.01786	0.11780	0.01905	0.11508	0.02153	0.01726	0.00932	0.03790	0.00240	0.09956	0.00678	0.02881	0.00723
16	0.00888	0.00734	0.00809	0.00738	0.00987	0.00642	0.00562	0.01198	0.06401	0.01952	0.21285	0.04691	0.43073	0.01278	0.00679	0.00187	0.00337	0.01078	0.00568	0.11912
17	0.01211	0.01177	0.02045	0.57902	0.03737	0.01426	0.10550	0.01590	0.01212	0.01595	0.01075	0.01606	0.00833	0.00678	0.00813	0.01697	0.09322	0.00565	0.00276	0.00690
18	0.12601	0.01120	0.01296	0.00948	0.01472	0.00918	0.03105	0.01591	0.01244	0.02098	0.01060	0.01244	0.00874	0.00471	0.00452	0.00108	0.00475	0.00370	0.00363	0.68189
19	0.03009	0.00706	0.00925	0.00858	0.01054	0.00649	0.00654	0.01480	0.01619	0.16448	0.44717	0.16143	0.04476	0.01264	0.00708	0.00204	0.00358	0.03410	0.00663	0.00656
20	0.01637	0.01351	0.01427	0.01236	0.01603	0.01532	0.00975	0.17804	0.53515	0.02772	0.02534	0.02364	0.06772	0.00861	0.00628	0.00202	0.00512	0.00704	0.00617	0.00953
21	0.01474	0.01082	0.01290	0.00932	0.01466	0.00828	0.00750	0.01742	0.01336	0.12148	0.01272	0.01382	0.00991	0.00496	0.00476	0.00104	0.00463	0.00398	0.00418	0.70952
22	0.00938	0.00692	0.00877	0.00810	0.01009	0.00610	0.00613	0.01195	0.01572	0.03363	0.48104	0.12367	0.08563	0.01236	0.00693	0.00188	0.00336	0.03815	0.00608	0.12412
23	0.01315	0.08337	0.54280	0.01688	0.02466	0.01519	0.07362	0.02115	0.11339	0.01990	0.01285	0.01435	0.00940	0.00607	0.00584	0.00192	0.00838	0.00497	0.00313	0.00899
24	0.01507	0.01460	0.02424	0.08730	0.68299	0.03029	0.01852	0.01869	0.01389	0.01959	0.01143	0.01514	0.00955	0.00552	0.00605	0.00183	0.00741	0.00542	0.00301	0.00944
25	0.00958	0.00763	0.01079	0.01013	0.01145	0.00868	0.00793	0.01175	0.01102	0.01609	0.11606	0.02534	0.02005	0.05232	0.49373	0.00712	0.10163	0.00688	0.00373	0.06809

[dist]
# distance from previous block
# <min> <max>
0	4

[block]
# block no. 2 follows, 37 sequences, length 26
# corresponding to MSA columns:
# 155-180
name=unknown_C
#
# <colnr> <probs for GDERKNQSTAVLIFYWHMCP>
#	G	D	E	R	K	N	Q	S	T	A	V	L	I	F	Y	W	H	M	C	P
0	0.00888	0.00719	0.00747	0.00735	0.00935	0.00610	0.00537	0.01014	0.01493	0.01853	0.14274	0.05741	0.61874	0.04619	0.00870	0.00244	0.00367	0.01279	0.00613	0.00589
1	0.01606	0.01569	0.02736	0.03320	0.50416	0.01579	0.17412	0.01938	0.01438	0.02054	0.01266	0.01704	0.01067	0.00678	0.00822	0.00219	0.08237	0.00624	0.00346	0.00970
2	0.00837	0.00625	0.00778	0.00740	0.00897	0.00565	0.00555	0.01099	0.01664	0.02292	0.60542	0.04840	0.19681	0.01312	0.00722	0.00195	0.00293	0.01144	0.00652	0.00565
3	0.10993	0.00869	0.00997	0.01055	0.04086	0.02996	0.00728	0.07171	0.01338	0.06324	0.02555	0.46745	0.02844	0.05518	0.00848	0.00246	0.02301	0.01242	0.00525	0.00618
4	0.01445	0.01162	0.01343	0.00973	0.01508	0.00949	0.00784	0.10162	0.01479	0.04616	0.01178	0.01320	0.00943	0.00497	0.00478	0.00105	0.00482	0.00394	0.00406	0.69776
5	0.02327	0.01715	0.01837	0.01408	0.01898	0.01898	0.01163	0.72628	0.02878	0.03858	0.01470	0.01470	0.01041	0.00735	0.00612	0.00184	0.00674	0.00551	0.00612	0.01041
6	0.01397	0.01164	0.01338	0.00967	0.01505	0.00947	0.00778	0.10115	0.01463	0.02219	0.01134	0.01293	0.00923	0.00487	0.00473	0.00102	0.00480	0.00385	0.00393	0.72437
7	0.01508	0.01081	0.01294	0.00936	0.01469	0.00829	0.00753	0.01774	0.01347	0.13787	0.01302	0.01401	0.01005	0.00502	0.00480	0.00107	0.00464	0.00403	0.00426	0.69132
8	0.00856	0.00625	0.00804	0.00759	0.00908	0.00573	0.00569	0.01135	0.01708	0.02396	0.69373	0.04669	0.10785	0.01273	0.00722	0.00194	0.00290	0.01121	0.00666	0.00573
9	0.01269	0.01088	0.01269	0.00907	0.01451	0.00816	0.00725	0.01541	0.01269	0.01995	0.01088	0.01269	0.00907	0.00453	0.00453	0.00091	0.00453	0.00363	0.00363	0.82229
10	0.01356	0.01481	0.07115	0.07279	0.33659	0.01346	0.23249	0.01758	0.01363	0.01905	0.01438	0.10780	0.01306	0.00706	0.00658	0.00198	0.00786	0.00734	0.00334	0.02550
11	0.01523	0.01315	0.01384	0.01246	0.01592	0.01523	0.00969	0.03253	0.73563	0.02561	0.02491	0.02284	0.01869	0.00830	0.00623	0.00208	0.00484	0.00692	0.00623	0.00969
12	0.01660	0.01383	0.01462	0.01274	0.01644	0.01587	0.01002	0.15146	0.61445	0.02783	0.02316	0.02144	0.01727	0.00814	0.00621	0.00204	0.00517	0.00668	0.00621	0.00981
13	0.01445	0.01651	0.03612	0.02580	0.03199	0.01548	0.72446	0.01961	0.01445	0.01961	0.01238	0.01651	0.00929	0.00516	0.00722	0.00206	0.01032	0.00722	0.00310	0.00826
14	0.72963	0.01172	0.01013	0.09997	0.01550	0.01372	0.00788	0.01771	0.01064	0.02604	0.00881	0.01071	0.00681	0.00574	0.00407	0.00191	0.00515	0.00357	0.00366	0.00665
15	0.00896	0.00600	0.00685	0.00693	0.00701	0.00600	0.00405	0.00911	0.00919	0.01223	0.02002	0.04168	0.02298	0.74196	0.02989	0.00576	0.00592	0.04783	0.00382	0.00382
16	0.00732	0.00620	0.00632	0.00629	0.00832	0.00520	0.00472	0.00895	0.01416	0.01702	0.10310	0.05812	0.70281	0.01532	0.00723	0.00206	0.00309	0.01281	0.00575	0.00520
17	0.82811	0.01184	0.00900	0.00805	0.01184	0.01373	0.00663	0.01799	0.01042	0.02746	0.00852	0.00994	0.00663	0.00568	0.00379	0.00189	0.00474	0.00331	0.00379	0.00663
18	0.01063	0.00532	0.00797	0.00797	0.00797	0.00532	0.00532	0.00797	0.00797	0.01063	0.01063	0.01861	0.01063	0.02127	0.02392	0.82190	0.00532	0.00532	0.00266	0.00266
19	0.01156	0.01088	0.01836	0.77016	0.04216	0.01360	0.01700	0.01564	0.01224	0.01564	0.01088	0.01632	0.00816	0.00612	0.00612	0.00204	0.00816	0.00544	0.00272	0.00680
20	0.02342	0.01690	0.01822	0.01397	0.01886	0.01862	0.01154	0.70086	0.02837	0.06457	0.01504	0.01492	0.01058	0.00736	0.00612	0.00184	0.00668	0.00553	0.00618	0.01041
21	0.49603	0.01202	0.01135	0.00962	0.01364	0.01320	0.00786	0.06523	0.10810	0.18788	0.01450	0.01433	0.01032	0.00655	0.00477	0.00191	0.00497	0.00455	0.00509	0.00810
22	0.01107	0.00866	0.01170	0.02815	0.03233	0.00885	0.03587	0.09834	0.01761	0.02458	0.50145	0.07146	0.05906	0.01153	0.00778	0.00199	0.04700	0.00998	0.00603	0.00656
23	0.01504	0.01240	0.01460	0.01064	0.01598	0.01072	0.02873	0.16994	0.01624	0.02398	0.01175	0.01324	0.00936	0.00516	0.00496	0.00114	0.00518	0.00414	0.00415	0.62266
24	0.50923	0.02898	0.07625	0.00945	0.01309	0.03725	0.00842	0.01759	0.01139	0.04385	0.01170	0.04758	0.00975	0.00683	0.00525	0.00189	0.04807	0.00457	0.10207	0.00680
25	0.00752	0.00538	0.00723	0.00858	0.00897	0.00509	0.00577	0.00863	0.01163	0.01556	0.03294	0.74623	0.03933	0.02040	0.04228	0.00282	0.00414	0.01691	0.00557	0.00499

[dist]
# distance from previous block
# <min> <max>
6	8

[block]
# block no. 3 follows, 37 sequences, length 14
# corresponding to MSA columns:
# 189-202
name=unknown_D
#
# <colnr> <probs for GDERKNQSTAVLIFYWHMCP>
#	G	D	E	R	K	N	Q	S	T	A	V	L	I	F	Y	W	H	M	C	P
0	0.01525	0.01985	0.28719	0.11375	0.16059	0.01372	0.09658	0.02132	0.07280	0.11815	0.01414	0.01603	0.01023	0.00615	0.00614	0.00195	0.00789	0.00553	0.00371	0.00904
1	0.01080	0.00865	0.00927	0.00839	0.01092	0.00852	0.00649	0.11617	0.10580	0.02231	0.17458	0.04565	0.42342	0.01289	0.00695	0.00201	0.00380	0.01077	0.00601	0.00660
2	0.01391	0.01232	0.01764	0.37279	0.02884	0.01489	0.03812	0.12035	0.10365	0.02042	0.01511	0.01836	0.04020	0.00766	0.00834	0.00210	0.12615	0.00600	0.02554	0.00762
3	0.01765	0.01368	0.01569	0.01280	0.01604	0.01560	0.01047	0.42357	0.02119	0.02862	0.01975	0.02131	0.10133	0.01446	0.11774	0.00316	0.12679	0.00655	0.00512	0.00847
4	0.23979	0.00928	0.00819	0.00732	0.01007	0.04421	0.00572	0.01595	0.01236	0.02333	0.01496	0.01720	0.01183	0.00631	0.00424	0.00149	0.00401	0.00465	0.43473	0.12433
5	0.01449	0.01426	0.02547	0.14964	0.53374	0.01453	0.12074	0.01842	0.01375	0.01926	0.01154	0.01553	0.00940	0.00551	0.00624	0.00189	0.00785	0.00571	0.00299	0.00904
6	0.60195	0.01234	0.01161	0.12715	0.01743	0.01436	0.00886	0.10506	0.01297	0.02700	0.00965	0.01152	0.00733	0.00596	0.00444	0.00191	0.00551	0.00392	0.00391	0.00712
7	0.02366	0.12505	0.01779	0.01171	0.01643	0.01419	0.00990	0.22197	0.05266	0.39455	0.03715	0.01824	0.01399	0.00733	0.00585	0.00180	0.00575	0.00572	0.00637	0.00990
8	0.00885	0.00615	0.00777	0.00777	0.00814	0.00653	0.00507	0.00960	0.00922	0.01268	0.01829	0.03454	0.01986	0.53010	0.28266	0.00728	0.00954	0.00809	0.00356	0.00431
9	0.01792	0.00853	0.01077	0.00928	0.01195	0.00805	0.00709	0.06932	0.01501	0.32929	0.02323	0.14191	0.01996	0.13367	0.04599	0.00293	0.00536	0.00824	0.12390	0.00760
10	0.01417	0.01354	0.02307	0.23806	0.55388	0.01429	0.01830	0.01793	0.01347	0.01881	0.01134	0.01547	0.00928	0.00564	0.00608	0.00188	0.00752	0.00545	0.00295	0.00890
11	0.01400	0.22713	0.48107	0.01607	0.02373	0.01713	0.06859	0.05136	0.01363	0.01898	0.01061	0.01245	0.00801	0.00569	0.00544	0.00178	0.00838	0.00443	0.00279	0.00874
12	0.00810	0.00579	0.00784	0.00926	0.00990	0.00553	0.00680	0.00964	0.01236	0.01635	0.03338	0.58988	0.03908	0.01857	0.00799	0.00258	0.00411	0.20203	0.00567	0.00515
13	0.28537	0.01363	0.01613	0.03811	0.30024	0.07068	0.01202	0.03924	0.01320	0.02279	0.01143	0.01405	0.00924	0.00599	0.00534	0.00180	0.02227	0.00466	0.10596	0.00787

[dist]
# distance from previous block
# <min> <max>
0	7

# created by:
# /software/SequenceAnalysis/GenePrediction/augustus/3.0.1/scripts/msa2prfl.pl ./fixed/BUSCOvEOG71NW26.fas
