[name]
unknown

[dist]
# distance from previous block
# <min> <max>
9	630

[block]
# block no. 0 follows, 38 sequences, length 41
# corresponding to MSA columns:
# 743-783
name=unknown_A
#
# <colnr> <probs for GDERKNQSTAVLIFYWHMCP>
#	G	D	E	R	K	N	Q	S	T	A	V	L	I	F	Y	W	H	M	C	P
0	0.34669	0.01583	0.16394	0.01199	0.01652	0.01351	0.04031	0.09031	0.01320	0.09993	0.01134	0.01306	0.00847	0.00738	0.00734	0.05855	0.06570	0.00445	0.00391	0.00756
1	0.06293	0.01862	0.17775	0.04652	0.13523	0.05502	0.06245	0.25052	0.01806	0.02520	0.01418	0.03744	0.03038	0.00735	0.01643	0.00196	0.00747	0.00566	0.01810	0.00873
2	0.03797	0.29983	0.10198	0.01082	0.01536	0.03086	0.01033	0.01817	0.01334	0.13472	0.03691	0.09577	0.01567	0.00801	0.00533	0.00168	0.00587	0.06010	0.00414	0.09315
3	0.01067	0.00862	0.01221	0.01124	0.01361	0.00830	0.08057	0.06232	0.04421	0.01978	0.09280	0.17569	0.11247	0.01338	0.00729	0.00224	0.00508	0.24478	0.00530	0.06943
4	0.01549	0.57459	0.15449	0.01281	0.01859	0.04914	0.06788	0.01851	0.01264	0.01540	0.00911	0.01072	0.00781	0.00528	0.00448	0.00146	0.00730	0.00375	0.00262	0.00792
5	0.02031	0.07738	0.01833	0.01337	0.01766	0.12294	0.01100	0.43653	0.02212	0.02884	0.01230	0.01324	0.00935	0.00685	0.00665	0.00169	0.06689	0.00480	0.00479	0.10497
6	0.01280	0.08044	0.34778	0.01581	0.02185	0.01337	0.15280	0.06502	0.01409	0.02010	0.05099	0.09346	0.01434	0.00739	0.00602	0.00189	0.00752	0.00661	0.05975	0.00795
7	0.01701	0.01332	0.01435	0.01230	0.01592	0.01498	0.00971	0.22194	0.46069	0.05517	0.04292	0.05909	0.01818	0.00853	0.00620	0.00199	0.00517	0.00703	0.00613	0.00940
8	0.00941	0.00798	0.01310	0.06610	0.08887	0.00782	0.09290	0.01159	0.01249	0.01681	0.05601	0.47807	0.03124	0.01455	0.00735	0.00230	0.00508	0.06752	0.00486	0.00594
9	0.01207	0.03112	0.75741	0.01715	0.02604	0.01397	0.02223	0.01905	0.01270	0.01905	0.01080	0.01270	0.00762	0.00572	0.00572	0.00191	0.00889	0.00445	0.00254	0.00889
10	0.01303	0.06316	0.45634	0.02005	0.08199	0.01506	0.17622	0.01870	0.01285	0.01860	0.01082	0.01352	0.00812	0.00584	0.00689	0.00194	0.06053	0.00509	0.00269	0.00856
11	0.01223	0.01270	0.02503	0.12190	0.02650	0.01259	0.40914	0.01622	0.01355	0.01797	0.02014	0.04732	0.08807	0.00847	0.00762	0.00217	0.03731	0.11032	0.00366	0.00710
12	0.01363	0.01291	0.02156	0.11213	0.54899	0.01353	0.01661	0.01684	0.01299	0.01840	0.01322	0.09259	0.01231	0.00715	0.00708	0.00193	0.05987	0.00654	0.00318	0.00855
13	0.01277	0.00771	0.01028	0.11913	0.01460	0.00784	0.04321	0.03361	0.01386	0.09524	0.07152	0.02508	0.07330	0.00782	0.00527	0.00166	0.00428	0.00659	0.43982	0.00644
14	0.01341	0.01842	0.17425	0.02320	0.05595	0.01433	0.52256	0.01856	0.01373	0.01901	0.01309	0.06028	0.01064	0.00601	0.00682	0.00202	0.00940	0.00710	0.00309	0.00813
15	0.00745	0.00533	0.00709	0.00829	0.00875	0.00497	0.00559	0.00868	0.01207	0.01624	0.10529	0.71000	0.04150	0.01819	0.00762	0.00239	0.00342	0.01647	0.00569	0.00497
16	0.01763	0.01797	0.01427	0.01321	0.01594	0.32537	0.01040	0.17372	0.01806	0.02067	0.01879	0.11653	0.01869	0.01048	0.00653	0.00201	0.00775	0.18027	0.00463	0.00709
17	0.30824	0.00831	0.00924	0.00890	0.01090	0.00963	0.00700	0.01319	0.00984	0.01862	0.01341	0.01922	0.01221	0.06100	0.45759	0.00667	0.01152	0.00538	0.00342	0.00572
18	0.09662	0.02656	0.57359	0.01549	0.02325	0.01385	0.01886	0.06868	0.01387	0.07799	0.01180	0.01313	0.00825	0.00594	0.00556	0.00189	0.00802	0.00452	0.00328	0.00885
19	0.00733	0.00524	0.00698	0.00838	0.00873	0.00489	0.00558	0.00838	0.01152	0.01536	0.03316	0.78466	0.03979	0.01885	0.00768	0.00244	0.00349	0.01710	0.00558	0.00489
20	0.02247	0.02867	0.01705	0.01550	0.01860	0.76443	0.01162	0.02402	0.01705	0.01472	0.00930	0.01085	0.00775	0.00620	0.00542	0.00155	0.01085	0.00387	0.00310	0.00697
21	0.01247	0.12167	0.01117	0.00761	0.00980	0.00968	0.00614	0.08335	0.01412	0.02174	0.09071	0.02306	0.01829	0.05227	0.05713	0.00227	0.00477	0.00600	0.44152	0.00625
22	0.02258	0.01670	0.01789	0.01378	0.01854	0.01852	0.01136	0.70512	0.05464	0.03744	0.01481	0.01474	0.01053	0.00726	0.00602	0.00181	0.00655	0.00547	0.00602	0.01020
23	0.83108	0.01163	0.00884	0.00791	0.01163	0.01350	0.00651	0.01768	0.01024	0.02699	0.00838	0.00977	0.00651	0.00558	0.00372	0.00186	0.00465	0.00326	0.00372	0.00651
24	0.01402	0.01340	0.02284	0.21896	0.57583	0.01406	0.01803	0.01770	0.01329	0.01860	0.01116	0.01517	0.00916	0.00552	0.00597	0.00184	0.00736	0.00536	0.00290	0.00883
25	0.00859	0.00645	0.00967	0.00967	0.01074	0.00752	0.00752	0.01074	0.00967	0.01396	0.01611	0.02363	0.01504	0.04512	0.76474	0.00967	0.01611	0.00645	0.00322	0.00537
26	0.00875	0.00583	0.00656	0.00656	0.00656	0.00583	0.00365	0.00875	0.00875	0.01166	0.01895	0.03937	0.02187	0.78858	0.03062	0.00583	0.00583	0.00875	0.00365	0.00365
27	0.02435	0.01019	0.01347	0.01062	0.01489	0.00922	0.00867	0.02820	0.09017	0.62509	0.07972	0.02256	0.01847	0.00789	0.00614	0.00188	0.00491	0.00650	0.00725	0.00981
28	0.00865	0.00579	0.00659	0.00668	0.00671	0.00577	0.00378	0.00872	0.00893	0.01191	0.01991	0.08942	0.02307	0.73689	0.02908	0.00560	0.00567	0.00931	0.00378	0.00373
29	0.01489	0.01429	0.02442	0.03692	0.75106	0.01429	0.01846	0.01846	0.01370	0.01965	0.01132	0.01489	0.00953	0.00536	0.00596	0.00179	0.00715	0.00536	0.00298	0.00953
30	0.01207	0.03112	0.75741	0.01715	0.02604	0.01397	0.02223	0.01905	0.01270	0.01905	0.01080	0.01270	0.00762	0.00572	0.00572	0.00191	0.00889	0.00445	0.00254	0.00889
31	0.01420	0.01623	0.03550	0.02535	0.03144	0.01521	0.72921	0.01927	0.01420	0.01927	0.01217	0.01623	0.00913	0.00507	0.00710	0.00203	0.01014	0.00710	0.00304	0.00811
32	0.00793	0.00577	0.00761	0.00886	0.00965	0.00544	0.00656	0.00948	0.01235	0.01614	0.03562	0.52252	0.10997	0.01790	0.00779	0.00249	0.00399	0.19930	0.00557	0.00508
33	0.01489	0.01429	0.02442	0.03692	0.75106	0.01429	0.01846	0.01846	0.01370	0.01965	0.01132	0.01489	0.00953	0.00536	0.00596	0.00179	0.00715	0.00536	0.00298	0.00953
34	0.01361	0.01249	0.01694	0.03572	0.01610	0.01631	0.01215	0.06226	0.01142	0.01695	0.01261	0.09334	0.01276	0.01468	0.08515	0.00333	0.54681	0.00685	0.00352	0.00699
35	0.02701	0.01186	0.01515	0.01176	0.01646	0.01086	0.00959	0.13828	0.01940	0.63478	0.02298	0.02063	0.01491	0.00797	0.00641	0.00201	0.00564	0.00621	0.00746	0.01063
36	0.00943	0.00681	0.00868	0.00818	0.00967	0.00622	0.00607	0.01199	0.01750	0.02482	0.73851	0.04569	0.05692	0.01279	0.00744	0.00205	0.00316	0.01107	0.00687	0.00614
37	0.00943	0.00681	0.00868	0.00818	0.00967	0.00622	0.00607	0.01199	0.01750	0.02482	0.73851	0.04569	0.05692	0.01279	0.00744	0.00205	0.00316	0.01107	0.00687	0.00614
38	0.01502	0.01413	0.02358	0.18178	0.60220	0.01453	0.01833	0.01840	0.01388	0.01957	0.01205	0.01628	0.01004	0.00607	0.00633	0.00199	0.00758	0.00563	0.00322	0.00938
39	0.00804	0.00675	0.00676	0.00673	0.00882	0.00563	0.00498	0.00931	0.01423	0.01706	0.06111	0.05846	0.73917	0.01568	0.00746	0.00219	0.00337	0.01287	0.00585	0.00555
40	0.00943	0.00681	0.00868	0.00818	0.00967	0.00622	0.00607	0.01199	0.01750	0.02482	0.73851	0.04569	0.05692	0.01279	0.00744	0.00205	0.00316	0.01107	0.00687	0.00614

[dist]
# distance from previous block
# <min> <max>
0	566

# created by:
# /software/SequenceAnalysis/GenePrediction/augustus/3.0.1/scripts/msa2prfl.pl ./fixed/BUSCOvEOG747H6S.fas
