[name]
unknown

[dist]
# distance from previous block
# <min> <max>
0	82

[block]
# block no. 0 follows, 41 sequences, length 13
# corresponding to MSA columns:
# 85-97
name=unknown_A
#
# <colnr> <probs for GDERKNQSTAVLIFYWHMCP>
#	G	D	E	R	K	N	Q	S	T	A	V	L	I	F	Y	W	H	M	C	P
0	0.00696	0.00502	0.00659	0.00785	0.00827	0.00466	0.00526	0.00798	0.01106	0.01465	0.03290	0.75676	0.07543	0.01774	0.00727	0.00230	0.00330	0.01604	0.00531	0.00466
1	0.01332	0.01151	0.01716	0.60743	0.03441	0.01387	0.01473	0.18264	0.01500	0.01955	0.01099	0.01490	0.00811	0.00598	0.00572	0.00186	0.00732	0.00510	0.00327	0.00713
2	0.15947	0.02348	0.01462	0.01313	0.01631	0.59995	0.00997	0.02131	0.01485	0.01626	0.00877	0.01024	0.00724	0.00569	0.00483	0.00149	0.00895	0.00357	0.00307	0.05683
3	0.01481	0.01356	0.02187	0.15807	0.42240	0.01424	0.08492	0.14067	0.03571	0.02104	0.01159	0.01459	0.00912	0.00555	0.00579	0.00177	0.00706	0.00530	0.00336	0.00858
4	0.01997	0.02096	0.14378	0.01398	0.01854	0.25362	0.01243	0.25881	0.04759	0.10566	0.01392	0.01562	0.01054	0.00696	0.00576	0.00178	0.00780	0.02914	0.00456	0.00857
5	0.79113	0.01221	0.00914	0.00821	0.01174	0.05308	0.00664	0.01741	0.01036	0.02539	0.00847	0.00997	0.00669	0.00563	0.00382	0.00183	0.00489	0.00328	0.00366	0.00645
6	0.01113	0.00649	0.00768	0.13787	0.01257	0.00686	0.00622	0.01385	0.01217	0.02056	0.01760	0.02084	0.01384	0.00679	0.00449	0.00151	0.00367	0.00543	0.68469	0.00574
7	0.01295	0.01280	0.01778	0.01527	0.01532	0.01771	0.01266	0.01407	0.00905	0.01419	0.00797	0.01312	0.00793	0.01027	0.01886	0.00258	0.78318	0.00515	0.00266	0.00648
8	0.01284	0.00713	0.00935	0.00823	0.01037	0.00641	0.00633	0.01529	0.01648	0.20487	0.57551	0.03745	0.04436	0.01082	0.00668	0.00187	0.00339	0.00933	0.00662	0.00669
9	0.01124	0.02795	0.71692	0.01568	0.02364	0.01274	0.02005	0.01761	0.01236	0.01845	0.06189	0.01419	0.01046	0.00587	0.00552	0.00181	0.00806	0.00465	0.00268	0.00824
10	0.00781	0.00600	0.00862	0.13984	0.01379	0.00617	0.00733	0.00947	0.01145	0.01521	0.06829	0.57921	0.03332	0.01538	0.00704	0.00224	0.00413	0.05479	0.00489	0.00501
11	0.00768	0.00510	0.00636	0.00733	0.00786	0.00483	0.00493	0.00891	0.01101	0.01553	0.02925	0.58846	0.05561	0.06966	0.00823	0.00236	0.00335	0.01373	0.14512	0.00469
12	0.00832	0.00555	0.00624	0.00624	0.00624	0.00555	0.00347	0.00832	0.00832	0.01109	0.01802	0.03743	0.02080	0.79898	0.02911	0.00555	0.00555	0.00832	0.00347	0.00347

[dist]
# distance from previous block
# <min> <max>
7	20

[block]
# block no. 1 follows, 41 sequences, length 43
# corresponding to MSA columns:
# 118-160
name=unknown_B
#
# <colnr> <probs for GDERKNQSTAVLIFYWHMCP>
#	G	D	E	R	K	N	Q	S	T	A	V	L	I	F	Y	W	H	M	C	P
0	0.42087	0.01110	0.01254	0.17175	0.05399	0.01279	0.00967	0.03717	0.03803	0.11389	0.01103	0.01278	0.00820	0.00605	0.00552	0.00185	0.05772	0.00424	0.00380	0.00700
1	0.01027	0.00958	0.01651	0.46478	0.02935	0.01098	0.10260	0.01354	0.01197	0.01580	0.08211	0.15381	0.01723	0.00839	0.00656	0.00199	0.02727	0.00771	0.00341	0.00613
2	0.01421	0.00864	0.00923	0.00800	0.01051	0.00902	0.00629	0.15217	0.10642	0.07415	0.01827	0.01945	0.01383	0.00678	0.00467	0.00149	0.00377	0.00540	0.49116	0.03654
3	0.00817	0.00613	0.00919	0.00919	0.01021	0.00715	0.00715	0.01021	0.00919	0.01328	0.01532	0.02247	0.01430	0.04290	0.77631	0.00919	0.01532	0.00613	0.00306	0.00511
4	0.01323	0.01108	0.01586	0.48456	0.02981	0.01305	0.01325	0.20736	0.01548	0.02030	0.01375	0.11103	0.01191	0.00753	0.00591	0.00191	0.00674	0.00648	0.00373	0.00704
5	0.00784	0.00584	0.00729	0.00693	0.00839	0.00529	0.00520	0.01030	0.01559	0.02151	0.62654	0.04507	0.18860	0.01223	0.00675	0.00182	0.00274	0.01067	0.00611	0.00529
6	0.01423	0.01229	0.01293	0.01164	0.01487	0.01423	0.00905	0.03039	0.75297	0.02393	0.02328	0.02134	0.01746	0.00776	0.00582	0.00194	0.00453	0.00647	0.00582	0.00905
7	0.01003	0.00501	0.00719	0.00719	0.00735	0.00501	0.00485	0.00818	0.00801	0.01134	0.01101	0.01787	0.01052	0.01824	0.02009	0.73096	0.00468	0.00501	0.10461	0.00283
8	0.00832	0.00555	0.00624	0.00624	0.00624	0.00555	0.00347	0.00832	0.00832	0.01109	0.01802	0.03743	0.02080	0.79898	0.02911	0.00555	0.00555	0.00832	0.00347	0.00347
9	0.01299	0.01014	0.01059	0.00957	0.01230	0.01126	0.00743	0.07146	0.44312	0.02310	0.02586	0.02498	0.10798	0.00828	0.00551	0.00178	0.00402	0.00681	0.19510	0.00772
10	0.02174	0.01602	0.01717	0.01316	0.01774	0.01774	0.01087	0.74423	0.02689	0.03605	0.01373	0.01373	0.00973	0.00687	0.00572	0.00172	0.00629	0.00515	0.00572	0.00973
11	0.01017	0.00515	0.00762	0.00761	0.00764	0.00511	0.00507	0.00763	0.00761	0.01017	0.01017	0.01769	0.01015	0.01997	0.02239	0.83057	0.00505	0.00504	0.00257	0.00262
12	0.02194	0.01616	0.01730	0.01330	0.01789	0.01784	0.01096	0.74171	0.02698	0.03619	0.01395	0.01405	0.00994	0.00701	0.00582	0.00176	0.00637	0.00522	0.00579	0.00983
13	0.01209	0.01033	0.01202	0.00863	0.01372	0.00776	0.00688	0.01456	0.01200	0.01884	0.01040	0.01218	0.00869	0.00439	0.00434	0.00089	0.00432	0.00347	0.00347	0.83103
14	0.01090	0.00551	0.00551	0.00550	0.00685	0.00548	0.00411	0.01349	0.01214	0.02152	0.01886	0.02161	0.01486	0.00681	0.00410	0.00138	0.00275	0.00540	0.82778	0.00545
15	0.01134	0.00713	0.00980	0.00918	0.01072	0.00763	0.00703	0.04470	0.01134	0.11454	0.05650	0.02490	0.01719	0.12816	0.50463	0.00705	0.01170	0.00660	0.00401	0.00586
16	0.01738	0.52418	0.02563	0.01239	0.04859	0.16162	0.01059	0.10801	0.01456	0.01680	0.00919	0.01050	0.00794	0.00549	0.00439	0.00140	0.00702	0.00360	0.00304	0.00769
17	0.01090	0.00551	0.00551	0.00550	0.00685	0.00548	0.00411	0.01349	0.01214	0.02152	0.01886	0.02161	0.01486	0.00681	0.00410	0.00138	0.00275	0.00540	0.82778	0.00545
18	0.02514	0.01103	0.01412	0.01087	0.01532	0.01022	0.00894	0.15687	0.01839	0.63316	0.02116	0.01873	0.01356	0.00719	0.00584	0.00180	0.00520	0.00571	0.00690	0.00984
19	0.01208	0.01151	0.01976	0.43380	0.08070	0.01276	0.16179	0.04704	0.04352	0.01704	0.01434	0.01889	0.04948	0.04424	0.00720	0.00211	0.00751	0.00608	0.00318	0.00697
20	0.01295	0.01471	0.11080	0.13689	0.02101	0.01608	0.04595	0.05446	0.04185	0.01647	0.00967	0.01377	0.00830	0.00842	0.01336	0.00227	0.45798	0.00514	0.00291	0.00703
21	0.00849	0.00625	0.00794	0.00783	0.00909	0.00596	0.00573	0.01163	0.06437	0.02128	0.54122	0.21423	0.04788	0.01299	0.00690	0.00197	0.00305	0.01150	0.00611	0.00559
22	0.02294	0.01008	0.01304	0.01042	0.01441	0.00928	0.00843	0.06477	0.08687	0.58961	0.03778	0.07196	0.01682	0.00810	0.00598	0.00186	0.00484	0.00665	0.00682	0.00935
23	0.01408	0.38265	0.20801	0.04636	0.02061	0.03826	0.11875	0.01746	0.01203	0.01560	0.00935	0.01166	0.00776	0.00564	0.00597	0.00165	0.06972	0.00421	0.00261	0.00763
24	0.00856	0.00572	0.00641	0.00641	0.00643	0.00569	0.00358	0.00850	0.00847	0.01132	0.01822	0.03766	0.02097	0.79623	0.02912	0.00557	0.00562	0.00838	0.00354	0.00360
25	0.00722	0.00516	0.00681	0.00812	0.00848	0.00479	0.00541	0.00815	0.01110	0.01482	0.03168	0.79269	0.03794	0.01803	0.00739	0.00236	0.00340	0.01629	0.00538	0.00477
26	0.01317	0.01219	0.02002	0.47408	0.11390	0.01399	0.10495	0.10566	0.01379	0.01834	0.01095	0.01514	0.00839	0.00604	0.00656	0.00193	0.04508	0.00537	0.00309	0.00735
27	0.42645	0.01361	0.10742	0.05323	0.01758	0.01234	0.13836	0.01715	0.01145	0.05658	0.03717	0.01363	0.00950	0.00627	0.00545	0.03108	0.00602	0.00457	0.02529	0.00685
28	0.01516	0.01625	0.01347	0.01243	0.01465	0.30465	0.00954	0.02010	0.18273	0.01626	0.01435	0.01716	0.01211	0.01845	0.25017	0.00413	0.06265	0.00526	0.00369	0.00680
29	0.01209	0.01033	0.01202	0.00863	0.01372	0.00776	0.00688	0.01456	0.01200	0.01884	0.01040	0.01218	0.00869	0.00439	0.00434	0.00089	0.00432	0.00347	0.00347	0.83103
30	0.02047	0.02554	0.01651	0.01491	0.01750	0.67981	0.01132	0.02185	0.01542	0.01419	0.00891	0.01091	0.00761	0.00655	0.00694	0.00164	0.10633	0.00392	0.00297	0.00670
31	0.00744	0.00530	0.00691	0.00791	0.00837	0.00494	0.00530	0.00852	0.01157	0.01561	0.12064	0.64925	0.03879	0.06947	0.00878	0.00251	0.00347	0.01503	0.00538	0.00478
32	0.01826	0.01563	0.01677	0.21818	0.02335	0.10966	0.01213	0.38978	0.09216	0.02660	0.01333	0.01477	0.00984	0.00668	0.00576	0.00180	0.00704	0.00515	0.00461	0.00849
33	0.00722	0.00516	0.00681	0.00812	0.00848	0.00479	0.00541	0.00815	0.01110	0.01482	0.03168	0.79269	0.03794	0.01803	0.00739	0.00236	0.00340	0.01629	0.00538	0.00477
34	0.01103	0.01033	0.01729	0.78254	0.03946	0.01282	0.01595	0.01477	0.01158	0.01483	0.01040	0.01556	0.00785	0.00587	0.00582	0.00195	0.00769	0.00516	0.00262	0.00647
35	0.00701	0.00597	0.00597	0.00596	0.00791	0.00497	0.00445	0.00839	0.01318	0.01567	0.05800	0.05521	0.75844	0.01461	0.00685	0.00197	0.00298	0.01212	0.00538	0.00495
36	0.00856	0.00572	0.00641	0.00641	0.00643	0.00569	0.00358	0.00850	0.00847	0.01132	0.01822	0.03766	0.02097	0.79623	0.02912	0.00557	0.00562	0.00838	0.00354	0.00360
37	0.01583	0.01070	0.01222	0.01058	0.01372	0.01138	0.00830	0.07321	0.38545	0.17334	0.19185	0.02565	0.02485	0.00861	0.00611	0.00190	0.00437	0.00719	0.00624	0.00850
38	0.02494	0.01134	0.01432	0.01101	0.01548	0.01068	0.00907	0.19241	0.01891	0.59688	0.02072	0.01844	0.01334	0.00718	0.00584	0.00180	0.00527	0.00568	0.00683	0.00984
39	0.01103	0.01033	0.01729	0.78254	0.03946	0.01282	0.01595	0.01477	0.01158	0.01483	0.01040	0.01556	0.00785	0.00587	0.00582	0.00195	0.00769	0.00516	0.00262	0.00647
40	0.00719	0.00526	0.00671	0.00786	0.00841	0.00481	0.00530	0.00818	0.01135	0.01492	0.03494	0.70142	0.12711	0.01760	0.00733	0.00231	0.00335	0.01578	0.00538	0.00479
41	0.00841	0.00630	0.00936	0.00935	0.01039	0.00729	0.00725	0.01039	0.00935	0.01350	0.01553	0.02275	0.01450	0.04292	0.77359	0.00921	0.01536	0.00620	0.00314	0.00523
42	0.00942	0.10398	0.00934	0.00684	0.00747	0.00780	0.00436	0.00958	0.00888	0.01161	0.01698	0.03417	0.01931	0.69831	0.02599	0.00504	0.00569	0.00773	0.00342	0.00407

[dist]
# distance from previous block
# <min> <max>
0	3

[block]
# block no. 2 follows, 41 sequences, length 10
# corresponding to MSA columns:
# 164-173
name=unknown_C
#
# <colnr> <probs for GDERKNQSTAVLIFYWHMCP>
#	G	D	E	R	K	N	Q	S	T	A	V	L	I	F	Y	W	H	M	C	P
0	0.05566	0.30294	0.32906	0.01224	0.01784	0.01555	0.01380	0.01630	0.01128	0.01598	0.01020	0.01272	0.00847	0.01184	0.14059	0.00290	0.00861	0.00408	0.00260	0.00734
1	0.09545	0.08997	0.01495	0.33863	0.04125	0.09165	0.01110	0.01452	0.01160	0.01564	0.01393	0.15218	0.01357	0.04484	0.00656	0.00200	0.00644	0.00666	0.02298	0.00607
2	0.01618	0.01431	0.01864	0.02221	0.35176	0.06110	0.01311	0.22126	0.01692	0.02321	0.01198	0.01496	0.00978	0.00582	0.00547	0.00157	0.00638	0.02713	0.00382	0.15439
3	0.01863	0.01044	0.01431	0.25378	0.02222	0.03209	0.01061	0.04150	0.01465	0.38164	0.04746	0.01791	0.01286	0.00652	0.00561	0.00171	0.00578	0.00542	0.00509	0.09177
4	0.01100	0.02372	0.55930	0.01492	0.02121	0.01263	0.01780	0.01628	0.01123	0.01682	0.01088	0.01395	0.00852	0.01250	0.14268	0.00318	0.08856	0.00464	0.00254	0.00764
5	0.01122	0.01315	0.14592	0.14933	0.01967	0.00931	0.01081	0.01473	0.01226	0.01826	0.08606	0.01563	0.01271	0.00547	0.00497	0.00130	0.00543	0.00454	0.00336	0.45588
6	0.01178	0.09134	0.71026	0.01578	0.02395	0.01403	0.02023	0.01804	0.01204	0.01774	0.01008	0.01184	0.00725	0.00539	0.00529	0.00176	0.00827	0.00413	0.00242	0.00836
7	0.83938	0.01106	0.00841	0.00752	0.01106	0.01283	0.00619	0.01681	0.00973	0.02566	0.00796	0.00929	0.00619	0.00531	0.00354	0.00177	0.00442	0.00310	0.00354	0.00619
8	0.00697	0.00498	0.00664	0.00796	0.00830	0.00465	0.00531	0.00796	0.01095	0.01460	0.03153	0.79525	0.03783	0.01792	0.00730	0.00232	0.00332	0.01626	0.00531	0.00465
9	0.01128	0.01109	0.02008	0.65106	0.03772	0.01302	0.14398	0.01527	0.01180	0.01527	0.01041	0.01528	0.00781	0.00556	0.00590	0.00191	0.00798	0.00538	0.00260	0.00659

[dist]
# distance from previous block
# <min> <max>
0	2

[block]
# block no. 3 follows, 41 sequences, length 13
# corresponding to MSA columns:
# 176-188
name=unknown_D
#
# <colnr> <probs for GDERKNQSTAVLIFYWHMCP>
#	G	D	E	R	K	N	Q	S	T	A	V	L	I	F	Y	W	H	M	C	P
0	0.01197	0.06792	0.01671	0.36099	0.08249	0.04990	0.02884	0.01473	0.01242	0.01591	0.01640	0.09707	0.01599	0.00923	0.00685	0.00213	0.03479	0.14548	0.00358	0.00661
1	0.00761	0.00544	0.00709	0.00838	0.00877	0.00503	0.00558	0.00843	0.01133	0.01517	0.03192	0.78862	0.03812	0.01820	0.00754	0.00243	0.00354	0.01634	0.00549	0.00497
2	0.01352	0.01349	0.02197	0.07704	0.18574	0.01602	0.14281	0.01589	0.01113	0.01630	0.00976	0.01441	0.00864	0.00805	0.01293	0.00228	0.41417	0.00553	0.00286	0.00745
3	0.01276	0.01280	0.01888	0.44427	0.22529	0.08924	0.04286	0.01621	0.01250	0.01588	0.01124	0.01692	0.00927	0.00604	0.00579	0.00185	0.00764	0.04068	0.00281	0.00709
4	0.02403	0.00937	0.01275	0.00990	0.01404	0.00813	0.00813	0.02629	0.01635	0.69823	0.09099	0.02163	0.01785	0.00751	0.00584	0.00177	0.00467	0.00618	0.00701	0.00933
5	0.75631	0.01097	0.00928	0.08550	0.01390	0.01282	0.00717	0.01659	0.00991	0.02456	0.00819	0.00989	0.00634	0.00535	0.00376	0.00178	0.00475	0.00330	0.00344	0.00621
6	0.01096	0.00648	0.00856	0.00768	0.00953	0.00589	0.00589	0.01358	0.01622	0.14426	0.64003	0.03894	0.04748	0.01094	0.00658	0.00179	0.00305	0.00960	0.00642	0.00610
7	0.01316	0.01462	0.03019	0.08073	0.02851	0.01476	0.58388	0.01739	0.01267	0.01739	0.01089	0.01500	0.00843	0.00562	0.00837	0.00201	0.11977	0.00638	0.00281	0.00740
8	0.00708	0.00567	0.00633	0.00645	0.00800	0.00492	0.00473	0.00873	0.01338	0.01694	0.20602	0.17324	0.48949	0.01444	0.00685	0.00197	0.00292	0.01238	0.00552	0.00492
9	0.12951	0.01152	0.01382	0.01230	0.06867	0.01172	0.00923	0.12350	0.15377	0.37767	0.01872	0.01731	0.01275	0.00680	0.00546	0.00179	0.00508	0.00541	0.00589	0.00909
10	0.00738	0.00582	0.00665	0.00645	0.00811	0.00509	0.00483	0.00941	0.01450	0.01893	0.38412	0.04933	0.43263	0.01319	0.00675	0.00187	0.00280	0.01127	0.00577	0.00509
11	0.00922	0.00658	0.00922	0.01053	0.01185	0.00658	0.00922	0.01185	0.01317	0.01712	0.03029	0.06452	0.03292	0.01580	0.00790	0.00263	0.00527	0.72480	0.00527	0.00527
12	0.01674	0.01354	0.01435	0.01215	0.01583	0.01540	0.00966	0.26909	0.51018	0.02798	0.02009	0.01880	0.01487	0.00746	0.00579	0.00187	0.00512	0.00603	0.00579	0.00928

[dist]
# distance from previous block
# <min> <max>
0	58

# created by:
# /software/SequenceAnalysis/GenePrediction/augustus/3.0.1/scripts/msa2prfl.pl ./fixed/BUSCOvEOG78D293.fas
