[name]
unknown

[dist]
# distance from previous block
# <min> <max>
42	212

[block]
# block no. 0 follows, 41 sequences, length 19
# corresponding to MSA columns:
# 222-240
name=unknown_A
#
# <colnr> <probs for GDERKNQSTAVLIFYWHMCP>
#	G	D	E	R	K	N	Q	S	T	A	V	L	I	F	Y	W	H	M	C	P
0	0.83938	0.01106	0.00841	0.00752	0.01106	0.01283	0.00619	0.01681	0.00973	0.02566	0.00796	0.00929	0.00619	0.00531	0.00354	0.00177	0.00442	0.00310	0.00354	0.00619
1	0.00844	0.00617	0.00824	0.00937	0.01059	0.00596	0.00778	0.01059	0.01273	0.01640	0.03448	0.20197	0.13803	0.01602	0.00762	0.00247	0.00456	0.48823	0.00528	0.00509
2	0.01423	0.01229	0.01293	0.01164	0.01487	0.01423	0.00905	0.03039	0.75297	0.02393	0.02328	0.02134	0.01746	0.00776	0.00582	0.00194	0.00453	0.00647	0.00582	0.00905
3	0.02566	0.00973	0.01327	0.01018	0.01460	0.00841	0.00841	0.02788	0.01637	0.76726	0.02257	0.01947	0.01416	0.00708	0.00575	0.00177	0.00487	0.00575	0.00708	0.00973
4	0.00810	0.00585	0.00765	0.00720	0.00855	0.00540	0.00540	0.01079	0.01619	0.02294	0.76028	0.04273	0.05397	0.01169	0.00675	0.00180	0.00270	0.01034	0.00630	0.00540
5	0.00682	0.00580	0.00588	0.00586	0.00776	0.00485	0.00439	0.00832	0.01318	0.01578	0.08873	0.05451	0.72999	0.01436	0.00676	0.00193	0.00289	0.01200	0.00535	0.00485
6	0.07487	0.00579	0.00563	0.00556	0.00698	0.00593	0.00413	0.01326	0.01157	0.02097	0.01779	0.02148	0.01442	0.06037	0.00567	0.00165	0.00300	0.00536	0.71031	0.00527
7	0.01423	0.01229	0.01293	0.01164	0.01487	0.01423	0.00905	0.03039	0.75297	0.02393	0.02328	0.02134	0.01746	0.00776	0.00582	0.00194	0.00453	0.00647	0.00582	0.00905
8	0.01558	0.01147	0.01427	0.01396	0.01558	0.01135	0.01017	0.01551	0.01386	0.02012	0.02180	0.03106	0.02033	0.04340	0.69276	0.00964	0.01655	0.00824	0.00549	0.00888
9	0.01186	0.01017	0.01186	0.00847	0.01356	0.00762	0.00678	0.01440	0.01186	0.01864	0.01017	0.01186	0.00847	0.00424	0.00424	0.00085	0.00424	0.00339	0.00339	0.83395
10	0.00697	0.00498	0.00664	0.00796	0.00830	0.00465	0.00531	0.00796	0.01095	0.01460	0.03153	0.79525	0.03783	0.01792	0.00730	0.00232	0.00332	0.01626	0.00531	0.00465
11	0.01456	0.65157	0.02624	0.00969	0.01381	0.02029	0.00935	0.01644	0.01144	0.01436	0.00912	0.01080	0.00818	0.00549	0.00488	0.00134	0.06649	0.00346	0.09545	0.00703
12	0.00884	0.00634	0.00869	0.00942	0.01075	0.00619	0.00794	0.01150	0.01418	0.01906	0.27384	0.05725	0.03994	0.01443	0.00752	0.00236	0.00441	0.48643	0.00561	0.00531
13	0.00798	0.00584	0.00748	0.00707	0.00847	0.00535	0.00530	0.01056	0.01591	0.02227	0.69788	0.04382	0.11679	0.01194	0.00675	0.00181	0.00272	0.01050	0.00621	0.00535
14	0.01080	0.01017	0.01716	0.78523	0.03940	0.01271	0.01589	0.01461	0.01144	0.01461	0.01017	0.01525	0.00762	0.00572	0.00572	0.00191	0.00762	0.00508	0.00254	0.00635
15	0.01111	0.00651	0.00861	0.00771	0.00958	0.00591	0.00591	0.01372	0.01622	0.15053	0.63382	0.03874	0.04715	0.01090	0.00658	0.00179	0.00307	0.00956	0.00643	0.00614
16	0.07535	0.01050	0.01652	0.63835	0.03446	0.01326	0.01475	0.01469	0.01100	0.01538	0.00970	0.01448	0.00750	0.00617	0.00701	0.00196	0.09506	0.00492	0.00261	0.00633
17	0.00740	0.00556	0.00782	0.09524	0.01179	0.00555	0.00650	0.00871	0.01101	0.01460	0.02913	0.70767	0.03444	0.01655	0.00712	0.00228	0.00380	0.01501	0.00500	0.00484
18	0.02438	0.01002	0.01324	0.01034	0.01463	0.00906	0.00848	0.02816	0.09908	0.68380	0.02265	0.01968	0.01453	0.00716	0.00576	0.00179	0.00483	0.00583	0.00694	0.00966

[dist]
# distance from previous block
# <min> <max>
6	12

[block]
# block no. 1 follows, 41 sequences, length 12
# corresponding to MSA columns:
# 253-264
name=unknown_B
#
# <colnr> <probs for GDERKNQSTAVLIFYWHMCP>
#	G	D	E	R	K	N	Q	S	T	A	V	L	I	F	Y	W	H	M	C	P
0	0.00868	0.00635	0.00711	0.04349	0.00989	0.00555	0.00532	0.01039	0.01346	0.08133	0.09815	0.04925	0.61414	0.01324	0.00662	0.00191	0.00328	0.01108	0.00540	0.00537
1	0.01394	0.11095	0.01888	0.01434	0.01530	0.11147	0.01200	0.01529	0.01003	0.01376	0.00773	0.01184	0.00747	0.00888	0.01525	0.00222	0.59706	0.00460	0.00255	0.00644
2	0.02351	0.00926	0.01259	0.00981	0.01386	0.00804	0.00804	0.02579	0.01635	0.67621	0.11281	0.02231	0.01903	0.00764	0.00587	0.00177	0.00460	0.00631	0.00698	0.00920
3	0.01019	0.00700	0.00776	0.00720	0.00784	0.00724	0.00450	0.11078	0.01090	0.01457	0.01743	0.03413	0.01925	0.68870	0.02586	0.00501	0.00565	0.00788	0.00378	0.00434
4	0.01348	0.01316	0.02273	0.13999	0.53296	0.01388	0.07760	0.01687	0.01247	0.01764	0.01046	0.01428	0.00869	0.00559	0.00690	0.00182	0.07518	0.00523	0.00277	0.00832
5	0.01476	0.01251	0.01370	0.01209	0.01510	0.01461	0.00960	0.11535	0.56249	0.02417	0.02098	0.02155	0.01630	0.00822	0.00709	0.00200	0.07667	0.03862	0.00548	0.00871
6	0.00707	0.00581	0.00622	0.00612	0.00792	0.00496	0.00459	0.00881	0.01377	0.01718	0.22013	0.05220	0.59771	0.01384	0.00676	0.00190	0.00285	0.01167	0.00554	0.00496
7	0.00841	0.00666	0.00999	0.11693	0.01405	0.00771	0.00811	0.01064	0.00986	0.01366	0.01851	0.02445	0.08184	0.03512	0.59846	0.00751	0.01311	0.00653	0.00320	0.00526
8	0.01861	0.01030	0.01527	0.10658	0.01845	0.01043	0.07673	0.02240	0.08530	0.39468	0.01977	0.09764	0.01504	0.00813	0.00710	0.00194	0.07109	0.00684	0.00545	0.00826
9	0.01411	0.01373	0.02400	0.03429	0.70845	0.01366	0.07177	0.01761	0.01306	0.01866	0.01082	0.01425	0.00903	0.00508	0.00574	0.00172	0.00701	0.00522	0.00284	0.00896
10	0.01147	0.02959	0.76934	0.01630	0.02476	0.01328	0.02113	0.01811	0.01208	0.01811	0.01026	0.01208	0.00725	0.00543	0.00543	0.00181	0.00845	0.00423	0.00242	0.00845
11	0.72554	0.01175	0.00963	0.00831	0.01199	0.01351	0.00685	0.11809	0.01212	0.02711	0.00877	0.00991	0.00669	0.00553	0.00384	0.00176	0.00468	0.00338	0.00384	0.00669

[dist]
# distance from previous block
# <min> <max>
1	2

[block]
# block no. 2 follows, 41 sequences, length 15
# corresponding to MSA columns:
# 267-281
name=unknown_C
#
# <colnr> <probs for GDERKNQSTAVLIFYWHMCP>
#	G	D	E	R	K	N	Q	S	T	A	V	L	I	F	Y	W	H	M	C	P
0	0.00966	0.00744	0.01007	0.09549	0.01348	0.00760	0.03250	0.09292	0.01256	0.01681	0.02377	0.45765	0.02682	0.12487	0.00990	0.00260	0.00470	0.01185	0.00464	0.03468
1	0.68450	0.01081	0.00933	0.00803	0.01174	0.01199	0.00662	0.01892	0.01100	0.16682	0.01074	0.01123	0.00771	0.00565	0.00396	0.00177	0.00451	0.00360	0.00421	0.00687
2	0.00831	0.00558	0.00642	0.00642	0.00648	0.00564	0.00369	0.00843	0.00837	0.01122	0.01786	0.03652	0.02040	0.75273	0.07482	0.00577	0.00614	0.00818	0.00344	0.00357
3	0.00817	0.00613	0.00919	0.00919	0.01021	0.00715	0.00715	0.01021	0.00919	0.01328	0.01532	0.02247	0.01430	0.04290	0.77631	0.00919	0.01532	0.00613	0.00306	0.00511
4	0.01080	0.01017	0.01716	0.78523	0.03940	0.01271	0.01589	0.01461	0.01144	0.01461	0.01017	0.01525	0.00762	0.00572	0.00572	0.00191	0.00762	0.00508	0.00254	0.00635
5	0.83938	0.01106	0.00841	0.00752	0.01106	0.01283	0.00619	0.01681	0.00973	0.02566	0.00796	0.00929	0.00619	0.00531	0.00354	0.00177	0.00442	0.00310	0.00354	0.00619
6	0.00697	0.00498	0.00664	0.00796	0.00830	0.00465	0.00531	0.00796	0.01095	0.01460	0.03153	0.79525	0.03783	0.01792	0.00730	0.00232	0.00332	0.01626	0.00531	0.00465
7	0.00935	0.00706	0.00902	0.00963	0.01126	0.00711	0.00808	0.01345	0.10124	0.01845	0.12597	0.05541	0.12760	0.01416	0.00736	0.00235	0.00455	0.45681	0.00547	0.00568
8	0.01186	0.01017	0.01186	0.00847	0.01356	0.00762	0.00678	0.01440	0.01186	0.01864	0.01017	0.01186	0.00847	0.00424	0.00424	0.00085	0.00424	0.00339	0.00339	0.83395
9	0.01640	0.01180	0.01300	0.01136	0.01482	0.01312	0.00893	0.02991	0.61276	0.16542	0.02314	0.02098	0.01683	0.00763	0.00581	0.00191	0.00459	0.00633	0.00606	0.00918
10	0.00704	0.00570	0.00626	0.00634	0.00796	0.00491	0.00467	0.00867	0.01337	0.01677	0.18822	0.14831	0.53300	0.01440	0.00683	0.00196	0.00291	0.01228	0.00550	0.00491
11	0.00713	0.00527	0.00667	0.00746	0.00824	0.00481	0.00516	0.00849	0.01221	0.01618	0.16169	0.54009	0.16309	0.01626	0.00711	0.00217	0.00314	0.01453	0.00548	0.00481
12	0.83938	0.01106	0.00841	0.00752	0.01106	0.01283	0.00619	0.01681	0.00973	0.02566	0.00796	0.00929	0.00619	0.00531	0.00354	0.00177	0.00442	0.00310	0.00354	0.00619
13	0.00967	0.00710	0.00956	0.01063	0.01213	0.00728	0.00920	0.01354	0.08069	0.01774	0.02965	0.06058	0.03151	0.01507	0.00771	0.00257	0.00520	0.65924	0.00532	0.00561
14	0.02524	0.01147	0.01356	0.01063	0.01491	0.08445	0.00867	0.02738	0.01636	0.69264	0.02121	0.01856	0.01349	0.00696	0.00569	0.00174	0.00541	0.00555	0.00667	0.00943

[dist]
# distance from previous block
# <min> <max>
20	65

[block]
# block no. 3 follows, 41 sequences, length 15
# corresponding to MSA columns:
# 353-367
name=unknown_D
#
# <colnr> <probs for GDERKNQSTAVLIFYWHMCP>
#	G	D	E	R	K	N	Q	S	T	A	V	L	I	F	Y	W	H	M	C	P
0	0.01033	0.00963	0.01645	0.60797	0.03362	0.01148	0.05979	0.01374	0.01149	0.01485	0.01381	0.14515	0.01272	0.00769	0.00605	0.00198	0.00703	0.00705	0.00302	0.00616
1	0.01385	0.00954	0.01579	0.45006	0.02843	0.01065	0.05821	0.01635	0.01191	0.16733	0.01274	0.01648	0.00941	0.00830	0.00856	0.14037	0.00675	0.00530	0.00348	0.00648
2	0.02534	0.02014	0.02569	0.61698	0.04366	0.02001	0.02005	0.02442	0.02046	0.02828	0.02458	0.03444	0.02147	0.01527	0.01178	0.00450	0.01189	0.00964	0.00761	0.01378
3	0.00861	0.00617	0.00847	0.00943	0.01059	0.00602	0.00779	0.01099	0.01341	0.01788	0.17914	0.18177	0.03802	0.01532	0.00757	0.00241	0.00442	0.46133	0.00548	0.00519
4	0.01296	0.01719	0.15294	0.02096	0.02601	0.01489	0.47375	0.01736	0.01230	0.01736	0.01053	0.01428	0.00820	0.00598	0.00898	0.00203	0.16804	0.00597	0.00273	0.00754
5	0.00697	0.00498	0.00664	0.00796	0.00830	0.00465	0.00531	0.00796	0.01095	0.01460	0.03153	0.79525	0.03783	0.01792	0.00730	0.00232	0.00332	0.01626	0.00531	0.00465
6	0.58689	0.01172	0.01232	0.06224	0.16628	0.01317	0.00930	0.04564	0.01119	0.02396	0.00890	0.01083	0.00701	0.00535	0.00420	0.00176	0.00518	0.00371	0.00342	0.00693
7	0.01622	0.01234	0.01526	0.01627	0.16736	0.01340	0.01077	0.05830	0.46278	0.13247	0.02021	0.01927	0.01493	0.00708	0.00577	0.00186	0.00512	0.00603	0.00539	0.00918
8	0.01318	0.00866	0.01223	0.01365	0.16377	0.00823	0.00865	0.05344	0.01595	0.15870	0.39126	0.03187	0.07774	0.00942	0.00629	0.00178	0.00413	0.00827	0.00565	0.00713
9	0.00761	0.00584	0.00839	0.13740	0.01347	0.00599	0.00707	0.00907	0.01103	0.01460	0.02797	0.66536	0.03280	0.01589	0.00704	0.00225	0.00404	0.01440	0.00485	0.00493
10	0.01247	0.01025	0.01151	0.00871	0.01306	0.00874	0.00696	0.13467	0.01460	0.02089	0.02049	0.02097	0.16191	0.00676	0.00500	0.00121	0.00431	0.00545	0.00417	0.52786
11	0.01146	0.20786	0.43869	0.01306	0.01902	0.01374	0.01522	0.01581	0.01174	0.01629	0.01405	0.17086	0.01350	0.00785	0.00540	0.00178	0.00685	0.00640	0.00301	0.00741
12	0.01165	0.00792	0.00928	0.00834	0.00934	0.00849	0.00575	0.16500	0.01213	0.01631	0.01503	0.02707	0.01561	0.42614	0.03979	0.17332	0.03361	0.00679	0.00370	0.00474
13	0.14893	0.13364	0.38001	0.01176	0.01755	0.01284	0.01358	0.01574	0.01182	0.01815	0.01926	0.01994	0.16057	0.00718	0.00513	0.00174	0.00631	0.00547	0.00320	0.00718
14	0.01286	0.01226	0.01999	0.02869	0.56658	0.03213	0.03771	0.01577	0.01270	0.01772	0.01496	0.17315	0.01486	0.00772	0.00602	0.00183	0.00627	0.00738	0.00334	0.00805

[dist]
# distance from previous block
# <min> <max>
2	55

# created by:
# /software/SequenceAnalysis/GenePrediction/augustus/3.0.1/scripts/msa2prfl.pl ./fixed/BUSCOvEOG7MCZDQ.fas
