[name]
unknown

[dist]
# distance from previous block
# <min> <max>
39	216

[block]
# block no. 0 follows, 39 sequences, length 16
# corresponding to MSA columns:
# 283-298
name=unknown_A
#
# <colnr> <probs for GDERKNQSTAVLIFYWHMCP>
#	G	D	E	R	K	N	Q	S	T	A	V	L	I	F	Y	W	H	M	C	P
0	0.01368	0.01791	0.13228	0.02384	0.03020	0.01479	0.63838	0.01891	0.01376	0.01891	0.01178	0.01549	0.00877	0.00507	0.00680	0.00198	0.00981	0.00663	0.00292	0.00808
1	0.00981	0.00770	0.00952	0.00793	0.01075	0.00643	0.00611	0.01254	0.01509	0.02207	0.47806	0.03238	0.03841	0.00924	0.00602	0.00150	0.00338	0.00804	0.00540	0.30964
2	0.00922	0.00551	0.00691	0.00691	0.00691	0.00551	0.00416	0.00827	0.00827	0.01103	0.01554	0.03104	0.01735	0.50700	0.02752	0.30960	0.00551	0.00732	0.00321	0.00321
3	0.32493	0.01057	0.01186	0.00951	0.01374	0.01038	0.00785	0.02459	0.01439	0.48853	0.01775	0.01624	0.01160	0.00664	0.00510	0.00183	0.00486	0.00493	0.00597	0.00871
4	0.01961	0.01514	0.01613	0.01303	0.01724	0.01700	0.01055	0.47533	0.29271	0.03264	0.01785	0.01711	0.01301	0.00744	0.00595	0.00186	0.00583	0.00583	0.00595	0.00980
5	0.01754	0.01035	0.01280	0.00941	0.01441	0.00818	0.00763	0.02004	0.01399	0.29279	0.01525	0.01517	0.01093	0.00547	0.00496	0.00123	0.00462	0.00441	0.00491	0.52591
6	0.02398	0.01416	0.01626	0.01247	0.01714	0.01477	0.01030	0.47437	0.02378	0.30414	0.01757	0.01639	0.01175	0.00718	0.00593	0.00180	0.00596	0.00555	0.00643	0.01006
7	0.01903	0.01258	0.02020	0.02677	0.48173	0.01207	0.01465	0.02209	0.01474	0.29282	0.01564	0.01667	0.01132	0.00603	0.00589	0.00178	0.00629	0.00552	0.00455	0.00962
8	0.31636	0.01238	0.01463	0.01266	0.01401	0.01632	0.01052	0.01540	0.00943	0.01878	0.00794	0.01171	0.00726	0.00855	0.01359	0.00231	0.49427	0.00445	0.00298	0.00645
9	0.01418	0.01045	0.01246	0.00900	0.01416	0.00799	0.00723	0.01676	0.01289	0.11846	0.01223	0.01332	0.00955	0.00477	0.00459	0.00100	0.00447	0.00383	0.00402	0.71865
10	0.01432	0.01041	0.01257	0.01189	0.01450	0.01107	0.01016	0.27957	0.01886	0.02493	0.02499	0.04730	0.02517	0.01292	0.00734	0.00237	0.00584	0.45302	0.00562	0.00715
11	0.01435	0.51295	0.30098	0.01261	0.01903	0.01983	0.01445	0.01809	0.01219	0.01569	0.00911	0.01059	0.00755	0.00527	0.00447	0.00149	0.00722	0.00361	0.00252	0.00801
12	0.01755	0.01381	0.01717	0.29572	0.02611	0.01577	0.01283	0.43388	0.02120	0.02804	0.01506	0.01686	0.04544	0.00704	0.00597	0.00186	0.00684	0.00565	0.00468	0.00852
13	0.01464	0.01405	0.02400	0.03630	0.75528	0.01405	0.01815	0.01815	0.01347	0.01932	0.01112	0.01464	0.00937	0.00527	0.00585	0.00176	0.00703	0.00527	0.00293	0.00937
14	0.83394	0.01144	0.00869	0.00778	0.01144	0.01327	0.00640	0.01738	0.01006	0.02653	0.00823	0.00961	0.00640	0.00549	0.00366	0.00183	0.00457	0.00320	0.00366	0.00640
15	0.01161	0.02317	0.48664	0.29814	0.03119	0.01351	0.01984	0.01739	0.01224	0.01739	0.01058	0.01370	0.00764	0.00573	0.00573	0.00191	0.00842	0.00470	0.00255	0.00794

[dist]
# distance from previous block
# <min> <max>
5	14

[block]
# block no. 1 follows, 39 sequences, length 12
# corresponding to MSA columns:
# 313-324
name=unknown_B
#
# <colnr> <probs for GDERKNQSTAVLIFYWHMCP>
#	G	D	E	R	K	N	Q	S	T	A	V	L	I	F	Y	W	H	M	C	P
0	0.33969	0.01736	0.01397	0.01172	0.01563	0.19739	0.00939	0.28290	0.01820	0.02757	0.01065	0.01155	0.00804	0.00623	0.00489	0.00174	0.00676	0.00413	0.00434	0.00786
1	0.00797	0.00583	0.00627	0.00627	0.00705	0.00544	0.00394	0.00856	0.01051	0.01323	0.03477	0.04582	0.30749	0.48827	0.02106	0.00427	0.00466	0.01012	0.00433	0.00413
2	0.01285	0.05687	0.44683	0.01973	0.02724	0.01462	0.29975	0.01877	0.01304	0.01861	0.01104	0.01372	0.00807	0.00535	0.00607	0.00189	0.00912	0.00534	0.00269	0.00839
3	0.01760	0.02256	0.46912	0.01438	0.02149	0.01176	0.01670	0.02267	0.01422	0.30834	0.01559	0.01547	0.01029	0.00628	0.00575	0.00186	0.00729	0.00499	0.00438	0.00926
4	0.00859	0.00619	0.00740	0.00700	0.00877	0.00548	0.00529	0.01085	0.01547	0.05146	0.45098	0.04815	0.32665	0.01302	0.00694	0.00191	0.00296	0.01119	0.00615	0.00554
5	0.01403	0.00997	0.01087	0.00925	0.01110	0.01066	0.00658	0.29286	0.01611	0.02156	0.01690	0.02912	0.01703	0.48519	0.02064	0.00419	0.00604	0.00732	0.00450	0.00611
6	0.01867	0.01607	0.02445	0.05001	0.02419	0.01680	0.29400	0.42521	0.02172	0.02918	0.01317	0.01495	0.00954	0.00622	0.00633	0.00187	0.00792	0.00597	0.00463	0.00910
7	0.01427	0.49654	0.31665	0.01275	0.01925	0.01962	0.01471	0.01811	0.01220	0.01580	0.00916	0.01066	0.00755	0.00528	0.00451	0.00150	0.00727	0.00363	0.00252	0.00804
8	0.33180	0.00855	0.00909	0.00956	0.01178	0.00925	0.00814	0.01409	0.01213	0.02104	0.02234	0.07457	0.02344	0.01219	0.00638	0.00236	0.00502	0.40773	0.00475	0.00579
9	0.01375	0.01185	0.01294	0.01075	0.01484	0.01204	0.00844	0.02496	0.45823	0.02260	0.01877	0.01823	0.01442	0.00660	0.00538	0.00156	0.00456	0.00544	0.00503	0.32959
10	0.00989	0.00779	0.00961	0.00796	0.01086	0.00648	0.00614	0.01262	0.01499	0.02198	0.46215	0.03170	0.03741	0.00908	0.00596	0.00148	0.00341	0.00788	0.00533	0.32729
11	0.83394	0.01144	0.00869	0.00778	0.01144	0.01327	0.00640	0.01738	0.01006	0.02653	0.00823	0.00961	0.00640	0.00549	0.00366	0.00183	0.00457	0.00320	0.00366	0.00640

[dist]
# distance from previous block
# <min> <max>
25	189

[block]
# block no. 2 follows, 39 sequences, length 6
# corresponding to MSA columns:
# 525-530
name=unknown_C
#
# <colnr> <probs for GDERKNQSTAVLIFYWHMCP>
#	G	D	E	R	K	N	Q	S	T	A	V	L	I	F	Y	W	H	M	C	P
0	0.01413	0.01708	0.15899	0.03274	0.62173	0.01399	0.01883	0.01826	0.01329	0.01921	0.01103	0.01424	0.00902	0.00533	0.00581	0.00178	0.00734	0.00510	0.00285	0.00925
1	0.00721	0.00515	0.00686	0.00823	0.00858	0.00480	0.00549	0.00823	0.01132	0.01510	0.03259	0.78831	0.03911	0.01853	0.00755	0.00240	0.00343	0.01681	0.00549	0.00480
2	0.02213	0.02690	0.01687	0.01506	0.01829	0.68563	0.01141	0.10220	0.01798	0.01699	0.00970	0.01105	0.00789	0.00621	0.00540	0.00155	0.01021	0.00398	0.00336	0.00721
3	0.01117	0.01051	0.01774	0.77795	0.04073	0.01314	0.01642	0.01511	0.01182	0.01511	0.01051	0.01577	0.00788	0.00591	0.00591	0.00197	0.00788	0.00526	0.00263	0.00657
4	0.02086	0.01074	0.01437	0.15124	0.01972	0.01083	0.01021	0.06841	0.12431	0.43569	0.05550	0.02041	0.01561	0.00738	0.00600	0.00188	0.00548	0.00612	0.00614	0.00911
5	0.01645	0.53994	0.13663	0.01175	0.01730	0.02104	0.01206	0.14924	0.01498	0.01890	0.00967	0.01079	0.00803	0.00552	0.00445	0.00145	0.00672	0.00374	0.00314	0.00821

[dist]
# distance from previous block
# <min> <max>
3	35

# created by:
# /software/SequenceAnalysis/GenePrediction/augustus/3.0.1/scripts/msa2prfl.pl ./fixed/BUSCOvEOG7RFN6N.fas
