[name]
unknown

[dist]
# distance from previous block
# <min> <max>
0	175

[block]
# block no. 0 follows, 41 sequences, length 16
# corresponding to MSA columns:
# 176-191
name=unknown_A
#
# <colnr> <probs for GDERKNQSTAVLIFYWHMCP>
#	G	D	E	R	K	N	Q	S	T	A	V	L	I	F	Y	W	H	M	C	P
0	0.01281	0.00744	0.00856	0.00790	0.00966	0.00710	0.04932	0.01500	0.01329	0.02279	0.01992	0.02338	0.01596	0.00782	0.00504	0.00174	0.00382	0.00603	0.75591	0.00651
1	0.02137	0.02726	0.01621	0.01474	0.01768	0.77602	0.01105	0.02284	0.01621	0.01400	0.00884	0.01031	0.00737	0.00589	0.00516	0.00147	0.01031	0.00368	0.00295	0.00663
2	0.02174	0.01602	0.01717	0.01316	0.01774	0.01774	0.01087	0.74423	0.02689	0.03605	0.01373	0.01373	0.00973	0.00687	0.00572	0.00172	0.00629	0.00515	0.00572	0.00973
3	0.00832	0.00555	0.00624	0.00624	0.00624	0.00555	0.00347	0.00832	0.00832	0.01109	0.01802	0.03743	0.02080	0.79898	0.02911	0.00555	0.00555	0.00832	0.00347	0.00347
4	0.00720	0.00587	0.00645	0.00678	0.00848	0.00512	0.00526	0.00882	0.01289	0.01567	0.05107	0.11569	0.57778	0.01499	0.00700	0.00208	0.00334	0.13532	0.00530	0.00489
5	0.25185	0.02408	0.50188	0.01366	0.02035	0.06086	0.01618	0.01803	0.01166	0.02004	0.00951	0.01116	0.00695	0.00543	0.00487	0.00178	0.00740	0.00387	0.00277	0.00769
6	0.02140	0.02637	0.01629	0.01461	0.01769	0.71557	0.01104	0.08035	0.01706	0.01576	0.00923	0.01059	0.00756	0.00597	0.00520	0.00149	0.00999	0.00380	0.00317	0.00688
7	0.01893	0.01362	0.01504	0.01166	0.01613	0.01419	0.00950	0.41366	0.13345	0.10211	0.01531	0.01506	0.01108	0.00648	0.00543	0.00158	0.00546	0.00504	0.00538	0.18090
8	0.02122	0.01377	0.01545	0.01201	0.01625	0.01468	0.00986	0.51305	0.04641	0.18698	0.07664	0.01752	0.01449	0.00733	0.00581	0.00174	0.00565	0.00574	0.00605	0.00936
9	0.02058	0.00861	0.01164	0.00931	0.01285	0.00754	0.00754	0.02293	0.01632	0.55171	0.23620	0.02620	0.02569	0.00842	0.00604	0.00178	0.00424	0.00708	0.00685	0.00848
10	0.00916	0.00786	0.01242	0.01071	0.01301	0.00700	0.13272	0.01139	0.01244	0.01738	0.14729	0.39295	0.03025	0.01215	0.00656	0.00190	0.00447	0.01131	0.00471	0.15431
11	0.01416	0.01359	0.02322	0.03511	0.76330	0.01359	0.01755	0.01755	0.01302	0.01869	0.01076	0.01416	0.00906	0.00510	0.00566	0.00170	0.00680	0.00510	0.00283	0.00906
12	0.01416	0.01359	0.02322	0.03511	0.76330	0.01359	0.01755	0.01755	0.01302	0.01869	0.01076	0.01416	0.00906	0.00510	0.00566	0.00170	0.00680	0.00510	0.00283	0.00906
13	0.01171	0.00998	0.01160	0.00865	0.01331	0.00787	0.00683	0.01504	0.05978	0.01873	0.01235	0.06147	0.01089	0.00532	0.00453	0.00101	0.00420	0.00439	0.00367	0.72868
14	0.01301	0.01455	0.03076	0.02206	0.02759	0.01348	0.65329	0.01750	0.01337	0.01818	0.01409	0.01743	0.05106	0.00533	0.00659	0.00186	0.00891	0.00683	0.00306	0.06104
15	0.02362	0.01133	0.01405	0.01096	0.01529	0.01099	0.00899	0.17849	0.09725	0.53441	0.02079	0.01846	0.01358	0.00711	0.00575	0.00178	0.00513	0.00570	0.00666	0.00966

[dist]
# distance from previous block
# <min> <max>
0	2

[block]
# block no. 1 follows, 41 sequences, length 9
# corresponding to MSA columns:
# 194-202
name=unknown_B
#
# <colnr> <probs for GDERKNQSTAVLIFYWHMCP>
#	G	D	E	R	K	N	Q	S	T	A	V	L	I	F	Y	W	H	M	C	P
0	0.01385	0.01327	0.02266	0.10437	0.69646	0.01351	0.01740	0.01728	0.01288	0.01831	0.01070	0.01426	0.00893	0.00515	0.00567	0.00172	0.00687	0.00510	0.00280	0.00881
1	0.01416	0.01359	0.02322	0.03511	0.76330	0.01359	0.01755	0.01755	0.01302	0.01869	0.01076	0.01416	0.00906	0.00510	0.00566	0.00170	0.00680	0.00510	0.00283	0.00906
2	0.01037	0.00802	0.01022	0.01024	0.01257	0.00773	0.00869	0.01463	0.10278	0.01826	0.02527	0.04838	0.02598	0.01243	0.00689	0.00218	0.00496	0.48830	0.00495	0.17713
3	0.01261	0.01279	0.01906	0.01588	0.01643	0.01723	0.08164	0.01420	0.00921	0.01420	0.00789	0.01279	0.00762	0.00952	0.01763	0.00245	0.71476	0.00517	0.00254	0.00640
4	0.01723	0.02057	0.01370	0.01257	0.01524	0.52311	0.00934	0.01874	0.01459	0.01469	0.01369	0.17286	0.01380	0.00818	0.00549	0.00157	0.00813	0.00625	0.00349	0.10674
5	0.01230	0.00784	0.00962	0.00931	0.01102	0.00781	0.00684	0.16267	0.01491	0.11049	0.02676	0.53934	0.02914	0.01432	0.00679	0.00213	0.00412	0.01269	0.00561	0.00632
6	0.69551	0.01093	0.00919	0.00799	0.01157	0.01231	0.00656	0.04710	0.01132	0.09620	0.04007	0.01179	0.00903	0.00580	0.00397	0.00177	0.00447	0.00373	0.00408	0.00664
7	0.01212	0.01193	0.01676	0.01448	0.01458	0.01657	0.01202	0.01344	0.00880	0.01372	0.00822	0.01343	0.00813	0.01302	0.08816	0.00312	0.71769	0.00511	0.00255	0.00615
8	0.01416	0.01359	0.02322	0.03511	0.76330	0.01359	0.01755	0.01755	0.01302	0.01869	0.01076	0.01416	0.00906	0.00510	0.00566	0.00170	0.00680	0.00510	0.00283	0.00906

[dist]
# distance from previous block
# <min> <max>
0	3

[block]
# block no. 2 follows, 41 sequences, length 61
# corresponding to MSA columns:
# 206-266
name=unknown_C
#
# <colnr> <probs for GDERKNQSTAVLIFYWHMCP>
#	G	D	E	R	K	N	Q	S	T	A	V	L	I	F	Y	W	H	M	C	P
0	0.13253	0.02220	0.01511	0.01325	0.01661	0.50047	0.01021	0.14011	0.03874	0.04470	0.01040	0.01136	0.00812	0.00607	0.00507	0.00158	0.00851	0.00399	0.00370	0.00725
1	0.09608	0.02253	0.01563	0.01359	0.01700	0.49459	0.01050	0.20083	0.04165	0.02083	0.01043	0.01142	0.00816	0.00614	0.00517	0.00158	0.00860	0.00408	0.00378	0.00743
2	0.04880	0.02028	0.01639	0.01357	0.01743	0.32165	0.01075	0.41419	0.03863	0.02658	0.01180	0.01239	0.00884	0.00644	0.00542	0.00163	0.00780	0.00452	0.00454	0.00835
3	0.05032	0.01093	0.01222	0.00962	0.01386	0.01016	0.00763	0.10371	0.15898	0.04525	0.01496	0.06950	0.01254	0.00634	0.00496	0.00134	0.00450	0.00517	0.00440	0.45361
4	0.01435	0.01164	0.01320	0.00965	0.01461	0.01017	0.00781	0.19802	0.01564	0.02302	0.01106	0.01233	0.00879	0.00490	0.00461	0.00107	0.00475	0.00383	0.00398	0.62658
5	0.01361	0.01303	0.02223	0.15691	0.64575	0.01345	0.01728	0.01708	0.01277	0.01803	0.01066	0.01433	0.00883	0.00520	0.00567	0.00173	0.00693	0.00509	0.00278	0.00862
6	0.01164	0.06390	0.73651	0.01601	0.02431	0.01370	0.02063	0.01807	0.01206	0.01791	0.01016	0.01195	0.00725	0.00541	0.00536	0.00179	0.00835	0.00417	0.00242	0.00840
7	0.01186	0.01017	0.01186	0.00847	0.01356	0.00762	0.00678	0.01440	0.01186	0.01864	0.01017	0.01186	0.00847	0.00424	0.00424	0.00085	0.00424	0.00339	0.00339	0.83395
8	0.01350	0.01543	0.03375	0.02411	0.02989	0.01446	0.74253	0.01832	0.01350	0.01832	0.01157	0.01543	0.00868	0.00482	0.00675	0.00193	0.00964	0.00675	0.00289	0.00771
9	0.01186	0.01017	0.01186	0.00847	0.01356	0.00762	0.00678	0.01440	0.01186	0.01864	0.01017	0.01186	0.00847	0.00424	0.00424	0.00085	0.00424	0.00339	0.00339	0.83395
10	0.01411	0.01474	0.06751	0.02977	0.53481	0.03195	0.11494	0.01826	0.04245	0.03396	0.01214	0.03747	0.01014	0.00562	0.00584	0.00176	0.00713	0.00563	0.00310	0.00867
11	0.01080	0.01017	0.01716	0.78523	0.03940	0.01271	0.01589	0.01461	0.01144	0.01461	0.01017	0.01525	0.00762	0.00572	0.00572	0.00191	0.00762	0.00508	0.00254	0.00635
12	0.00803	0.00578	0.00763	0.00755	0.00876	0.00538	0.00567	0.01049	0.01525	0.02137	0.60713	0.14661	0.05022	0.01284	0.00691	0.00193	0.00297	0.06411	0.00609	0.00529
13	0.01158	0.05231	0.74761	0.01611	0.02446	0.01356	0.02080	0.01809	0.01206	0.01798	0.01020	0.01199	0.00725	0.00542	0.00538	0.00179	0.00838	0.00419	0.00242	0.00842
14	0.01147	0.02959	0.76934	0.01630	0.02476	0.01328	0.02113	0.01811	0.01208	0.01811	0.01026	0.01208	0.00725	0.00543	0.00543	0.00181	0.00845	0.00423	0.00242	0.00845
15	0.00803	0.00584	0.00755	0.00712	0.00850	0.00537	0.00534	0.01066	0.01603	0.02255	0.72414	0.04336	0.09035	0.01184	0.00675	0.00181	0.00271	0.01043	0.00625	0.00537
16	0.00811	0.00610	0.00896	0.00894	0.01002	0.00695	0.00693	0.01016	0.00975	0.01392	0.05972	0.02498	0.04745	0.03994	0.70044	0.00847	0.01408	0.00662	0.00334	0.00511
17	0.11201	0.01147	0.01597	0.52615	0.07055	0.04207	0.01382	0.03621	0.08449	0.01762	0.01126	0.01484	0.00854	0.00587	0.00544	0.00186	0.00696	0.00493	0.00310	0.00684
18	0.02508	0.00959	0.01304	0.01004	0.01432	0.00831	0.00824	0.02722	0.01610	0.74194	0.02241	0.02007	0.01438	0.03360	0.00653	0.00190	0.00489	0.00584	0.00696	0.00952
19	0.00697	0.00498	0.00664	0.00796	0.00830	0.00465	0.00531	0.00796	0.01095	0.01460	0.03153	0.79525	0.03783	0.01792	0.00730	0.00232	0.00332	0.01626	0.00531	0.00465
20	0.01416	0.01359	0.02322	0.03511	0.76330	0.01359	0.01755	0.01755	0.01302	0.01869	0.01076	0.01416	0.00906	0.00510	0.00566	0.00170	0.00680	0.00510	0.00283	0.00906
21	0.06203	0.02304	0.01901	0.01663	0.04880	0.52761	0.12987	0.05184	0.01554	0.01642	0.00948	0.01146	0.00769	0.00582	0.00579	0.00161	0.03299	0.00431	0.00307	0.00700
22	0.83938	0.01106	0.00841	0.00752	0.01106	0.01283	0.00619	0.01681	0.00973	0.02566	0.00796	0.00929	0.00619	0.00531	0.00354	0.00177	0.00442	0.00310	0.00354	0.00619
23	0.00697	0.00498	0.00664	0.00796	0.00830	0.00465	0.00531	0.00796	0.01095	0.01460	0.03153	0.79525	0.03783	0.01792	0.00730	0.00232	0.00332	0.01626	0.00531	0.00465
24	0.01609	0.70187	0.02823	0.01036	0.01507	0.08987	0.00994	0.04646	0.01264	0.01440	0.00826	0.00946	0.00744	0.00506	0.00388	0.00127	0.00650	0.00320	0.00262	0.00737
25	0.01147	0.02959	0.76934	0.01630	0.02476	0.01328	0.02113	0.01811	0.01208	0.01811	0.01026	0.01208	0.00725	0.00543	0.00543	0.00181	0.00845	0.00423	0.00242	0.00845
26	0.00817	0.00613	0.00919	0.00919	0.01021	0.00715	0.00715	0.01021	0.00919	0.01328	0.01532	0.02247	0.01430	0.04290	0.77631	0.00919	0.01532	0.00613	0.00306	0.00511
27	0.00697	0.00498	0.00664	0.00796	0.00830	0.00465	0.00531	0.00796	0.01095	0.01460	0.03153	0.79525	0.03783	0.01792	0.00730	0.00232	0.00332	0.01626	0.00531	0.00465
28	0.01174	0.08345	0.71781	0.01585	0.02405	0.01394	0.02034	0.01805	0.01204	0.01779	0.01010	0.01187	0.00725	0.00540	0.00531	0.00177	0.00829	0.00415	0.00242	0.00838
29	0.05339	0.00611	0.00757	0.00713	0.00849	0.00581	0.00528	0.01091	0.01518	0.02209	0.65708	0.04046	0.04859	0.07734	0.00845	0.00211	0.00303	0.00978	0.00591	0.00528
30	0.01251	0.01251	0.01752	0.01502	0.01502	0.01752	0.01251	0.01377	0.00876	0.01377	0.00751	0.01251	0.00751	0.01001	0.01877	0.00250	0.78851	0.00501	0.00250	0.00626
31	0.01350	0.01543	0.03375	0.02411	0.02989	0.01446	0.74253	0.01832	0.01350	0.01832	0.01157	0.01543	0.00868	0.00482	0.00675	0.00193	0.00964	0.00675	0.00289	0.00771
32	0.01561	0.01198	0.01297	0.01146	0.01484	0.01352	0.00898	0.03009	0.66357	0.11414	0.02319	0.02111	0.01706	0.00768	0.00581	0.00192	0.00457	0.00638	0.00597	0.00914
33	0.01147	0.02959	0.76934	0.01630	0.02476	0.01328	0.02113	0.01811	0.01208	0.01811	0.01026	0.01208	0.00725	0.00543	0.00543	0.00181	0.00845	0.00423	0.00242	0.00845
34	0.00697	0.00498	0.00664	0.00796	0.00830	0.00465	0.00531	0.00796	0.01095	0.01460	0.03153	0.79525	0.03783	0.01792	0.00730	0.00232	0.00332	0.01626	0.00531	0.00465
35	0.01502	0.74698	0.08302	0.01025	0.01540	0.02196	0.01060	0.01720	0.01165	0.01379	0.00812	0.00938	0.00733	0.00493	0.00380	0.00127	0.00628	0.00314	0.00244	0.00742
36	0.01416	0.01355	0.02288	0.03433	0.73863	0.01361	0.01727	0.01798	0.03742	0.01886	0.01117	0.01439	0.00934	0.00518	0.00567	0.00171	0.00672	0.00514	0.00293	0.00906
37	0.00697	0.00498	0.00664	0.00796	0.00830	0.00465	0.00531	0.00796	0.01095	0.01460	0.03153	0.79525	0.03783	0.01792	0.00730	0.00232	0.00332	0.01626	0.00531	0.00465
38	0.01377	0.01202	0.01249	0.01149	0.01445	0.03716	0.00896	0.02783	0.64383	0.02271	0.02370	0.05846	0.01916	0.00873	0.00601	0.00199	0.00471	0.05835	0.00567	0.00851
39	0.02328	0.01081	0.01354	0.01061	0.01482	0.01036	0.00869	0.13900	0.09556	0.54675	0.02112	0.01884	0.01384	0.00710	0.00569	0.00176	0.00497	0.00572	0.03805	0.00949
40	0.01269	0.01407	0.02983	0.02180	0.02669	0.01344	0.62314	0.01690	0.01299	0.01768	0.01375	0.10730	0.01207	0.00660	0.00735	0.00200	0.04348	0.00779	0.00316	0.00729
41	0.00733	0.00524	0.00706	0.00838	0.00887	0.00496	0.00594	0.00860	0.01131	0.01501	0.03132	0.67659	0.03703	0.01758	0.00740	0.00237	0.00363	0.13131	0.00530	0.00475
42	0.01402	0.01345	0.02298	0.06484	0.73461	0.01356	0.01749	0.01744	0.01296	0.01853	0.01074	0.01420	0.00900	0.00512	0.00566	0.00171	0.00683	0.00510	0.00282	0.00895
43	0.01529	0.80242	0.02997	0.00979	0.01468	0.02263	0.00979	0.01713	0.01162	0.01346	0.00795	0.00918	0.00734	0.00489	0.00367	0.00122	0.00612	0.00306	0.00245	0.00734
44	0.00922	0.00658	0.00922	0.01053	0.01185	0.00658	0.00922	0.01185	0.01317	0.01712	0.03029	0.06452	0.03292	0.01580	0.00790	0.00263	0.00527	0.72480	0.00527	0.00527
45	0.01295	0.01299	0.04637	0.28334	0.49822	0.01329	0.01712	0.01660	0.01247	0.01732	0.01055	0.01445	0.00852	0.00531	0.00567	0.00177	0.00713	0.00506	0.00272	0.00814
46	0.01080	0.01017	0.01716	0.78523	0.03940	0.01271	0.01589	0.01461	0.01144	0.01461	0.01017	0.01525	0.00762	0.00572	0.00572	0.00191	0.00762	0.00508	0.00254	0.00635
47	0.02137	0.02726	0.01621	0.01474	0.01768	0.77602	0.01105	0.02284	0.01621	0.01400	0.00884	0.01031	0.00737	0.00589	0.00516	0.00147	0.01031	0.00368	0.00295	0.00663
48	0.02174	0.01602	0.01717	0.01316	0.01774	0.01774	0.01087	0.74423	0.02689	0.03605	0.01373	0.01373	0.00973	0.00687	0.00572	0.00172	0.00629	0.00515	0.00572	0.00973
49	0.01080	0.01017	0.01716	0.78523	0.03940	0.01271	0.01589	0.01461	0.01144	0.01461	0.01017	0.01525	0.00762	0.00572	0.00572	0.00191	0.00762	0.00508	0.00254	0.00635
50	0.00697	0.00498	0.00664	0.00796	0.00830	0.00465	0.00531	0.00796	0.01095	0.01460	0.03153	0.79525	0.03783	0.01792	0.00730	0.00232	0.00332	0.01626	0.00531	0.00465
51	0.76545	0.01201	0.00981	0.00892	0.01239	0.01341	0.00707	0.01760	0.01091	0.02632	0.01033	0.01274	0.00851	0.00887	0.05221	0.00257	0.00574	0.00393	0.00413	0.00708
52	0.01004	0.00725	0.00902	0.00850	0.01000	0.00655	0.00624	0.01216	0.01721	0.02444	0.74008	0.04438	0.05438	0.01274	0.00749	0.00213	0.00339	0.01077	0.00684	0.00638
53	0.00895	0.00641	0.00804	0.00925	0.00976	0.00582	0.00615	0.00942	0.01212	0.01635	0.03275	0.77478	0.03872	0.01879	0.00803	0.00264	0.00399	0.01652	0.00588	0.00565
54	0.01032	0.00898	0.05757	0.01088	0.01252	0.00863	0.00881	0.01209	0.01059	0.01537	0.01670	0.02408	0.01544	0.04071	0.70673	0.00885	0.01522	0.00656	0.00366	0.00630
55	0.06771	0.66696	0.09103	0.01142	0.01657	0.02189	0.01122	0.01837	0.01269	0.01639	0.01006	0.01206	0.00904	0.00621	0.00465	0.00166	0.00680	0.00380	0.00316	0.00829
56	0.00939	0.00694	0.00907	0.01093	0.05648	0.00637	0.00691	0.01001	0.01225	0.01661	0.03146	0.72644	0.03694	0.01799	0.00793	0.00260	0.00421	0.01582	0.00572	0.00592
57	0.01675	0.73138	0.02990	0.05901	0.01748	0.02266	0.01088	0.01816	0.01276	0.01531	0.01000	0.01219	0.00914	0.00619	0.00463	0.00162	0.00680	0.00383	0.00310	0.00820
58	0.01571	0.01456	0.02376	0.08202	0.69776	0.01445	0.01794	0.01854	0.01404	0.02007	0.01255	0.01672	0.01070	0.00638	0.00644	0.00205	0.00742	0.00568	0.00345	0.00977
59	0.06060	0.01518	0.03231	0.02316	0.02882	0.01437	0.70054	0.01824	0.01329	0.01874	0.01137	0.01508	0.00854	0.00485	0.00657	0.00192	0.00935	0.00654	0.00293	0.00763
60	0.00693	0.00584	0.00603	0.00609	0.00797	0.00494	0.00463	0.00848	0.01314	0.01578	0.07880	0.05515	0.70053	0.01447	0.00682	0.00196	0.00301	0.04922	0.00534	0.00487

[dist]
# distance from previous block
# <min> <max>
2	12

[block]
# block no. 3 follows, 41 sequences, length 76
# corresponding to MSA columns:
# 279-354
name=unknown_D
#
# <colnr> <probs for GDERKNQSTAVLIFYWHMCP>
#	G	D	E	R	K	N	Q	S	T	A	V	L	I	F	Y	W	H	M	C	P
0	0.01268	0.06056	0.01828	0.01470	0.01500	0.01783	0.01235	0.01397	0.00893	0.01375	0.00754	0.01231	0.00750	0.00970	0.01785	0.00242	0.74092	0.00489	0.00250	0.00632
1	0.00695	0.00580	0.00609	0.00626	0.00805	0.00494	0.00475	0.00845	0.01292	0.01552	0.05439	0.10074	0.66566	0.01479	0.00687	0.00200	0.00309	0.06257	0.00531	0.00485
2	0.04940	0.03692	0.01721	0.01288	0.01743	0.01770	0.01068	0.69999	0.02590	0.03509	0.01338	0.01346	0.00954	0.00676	0.00559	0.00171	0.00623	0.00502	0.00556	0.00954
3	0.01440	0.01406	0.02298	0.03442	0.73792	0.03954	0.01733	0.01773	0.01313	0.01853	0.01069	0.01403	0.00900	0.00512	0.00565	0.00169	0.00691	0.00505	0.00284	0.00898
4	0.00810	0.00585	0.00765	0.00720	0.00855	0.00540	0.00540	0.01079	0.01619	0.02294	0.76028	0.04273	0.05397	0.01169	0.00675	0.00180	0.00270	0.01034	0.00630	0.00540
5	0.01529	0.80242	0.02997	0.00979	0.01468	0.02263	0.00979	0.01713	0.01162	0.01346	0.00795	0.00918	0.00734	0.00489	0.00367	0.00122	0.00612	0.00306	0.00245	0.00734
6	0.01147	0.02959	0.76934	0.01630	0.02476	0.01328	0.02113	0.01811	0.01208	0.01811	0.01026	0.01208	0.00725	0.00543	0.00543	0.00181	0.00845	0.00423	0.00242	0.00845
7	0.00697	0.00498	0.00664	0.00796	0.00830	0.00465	0.00531	0.00796	0.01095	0.01460	0.03153	0.79525	0.03783	0.01792	0.00730	0.00232	0.00332	0.01626	0.00531	0.00465
8	0.00818	0.00610	0.00907	0.00907	0.01005	0.00709	0.00700	0.01014	0.00916	0.01319	0.01543	0.02307	0.01456	0.07332	0.74625	0.00905	0.01493	0.00622	0.00308	0.00504
9	0.01147	0.02959	0.76934	0.01630	0.02476	0.01328	0.02113	0.01811	0.01208	0.01811	0.01026	0.01208	0.00725	0.00543	0.00543	0.00181	0.00845	0.00423	0.00242	0.00845
10	0.11617	0.00988	0.01273	0.00988	0.01421	0.00890	0.00816	0.02665	0.01563	0.68478	0.02094	0.01834	0.01327	0.00688	0.00551	0.00177	0.00482	0.00546	0.00669	0.00934
11	0.00820	0.00599	0.00851	0.00851	0.00930	0.00678	0.00630	0.00978	0.00899	0.01278	0.01594	0.02591	0.01579	0.21670	0.60455	0.00835	0.01307	0.00663	0.00316	0.00473
12	0.01066	0.00533	0.00533	0.00533	0.00666	0.00533	0.00400	0.01333	0.01200	0.02132	0.01866	0.02132	0.01466	0.00666	0.00400	0.00133	0.00267	0.00533	0.83073	0.00533
13	0.00676	0.00579	0.00579	0.00579	0.00773	0.00483	0.00435	0.00821	0.01304	0.01545	0.05794	0.05505	0.76098	0.01449	0.00676	0.00193	0.00290	0.01207	0.00531	0.00483
14	0.01350	0.01543	0.03375	0.02411	0.02989	0.01446	0.74253	0.01832	0.01350	0.01832	0.01157	0.01543	0.00868	0.00482	0.00675	0.00193	0.00964	0.00675	0.00289	0.00771
15	0.01258	0.01112	0.01716	0.65962	0.03587	0.01353	0.01507	0.13332	0.01395	0.01810	0.01075	0.01500	0.00797	0.00591	0.00572	0.00188	0.00741	0.00509	0.00306	0.00690
16	0.01080	0.01017	0.01716	0.78523	0.03940	0.01271	0.01589	0.01461	0.01144	0.01461	0.01017	0.01525	0.00762	0.00572	0.00572	0.00191	0.00762	0.00508	0.00254	0.00635
17	0.00697	0.00498	0.00664	0.00796	0.00830	0.00465	0.00531	0.00796	0.01095	0.01460	0.03153	0.79525	0.03783	0.01792	0.00730	0.00232	0.00332	0.01626	0.00531	0.00465
18	0.01256	0.01349	0.02771	0.26993	0.03242	0.01368	0.48991	0.01700	0.01280	0.01719	0.01129	0.01551	0.00848	0.00516	0.00635	0.00191	0.00882	0.00618	0.02240	0.00722
19	0.01482	0.70671	0.12154	0.01059	0.01593	0.02147	0.01119	0.01725	0.01168	0.01403	0.00824	0.00953	0.00733	0.00496	0.00389	0.00130	0.00641	0.00320	0.00244	0.00748
20	0.83938	0.01106	0.00841	0.00752	0.01106	0.01283	0.00619	0.01681	0.00973	0.02566	0.00796	0.00929	0.00619	0.00531	0.00354	0.00177	0.00442	0.00310	0.00354	0.00619
21	0.02566	0.00973	0.01327	0.01018	0.01460	0.00841	0.00841	0.02788	0.01637	0.76726	0.02257	0.01947	0.01416	0.00708	0.00575	0.00177	0.00487	0.00575	0.00708	0.00973
22	0.01978	0.01510	0.01565	0.03061	0.01692	0.05266	0.01015	0.59865	0.02419	0.03219	0.01680	0.01694	0.06265	0.00732	0.00567	0.00170	0.00607	0.00557	0.05248	0.00890
23	0.01368	0.01311	0.02236	0.14072	0.66138	0.01347	0.01732	0.01714	0.01280	0.01811	0.01068	0.01431	0.00886	0.00518	0.00567	0.00173	0.00691	0.00509	0.00279	0.00868
24	0.00922	0.00658	0.00922	0.01053	0.01185	0.00658	0.00922	0.01185	0.01317	0.01712	0.03029	0.06452	0.03292	0.01580	0.00790	0.00263	0.00527	0.72480	0.00527	0.00527
25	0.01416	0.01359	0.02322	0.03511	0.76330	0.01359	0.01755	0.01755	0.01302	0.01869	0.01076	0.01416	0.00906	0.00510	0.00566	0.00170	0.00680	0.00510	0.00283	0.00906
26	0.01350	0.01543	0.03375	0.02411	0.02989	0.01446	0.74253	0.01832	0.01350	0.01832	0.01157	0.01543	0.00868	0.00482	0.00675	0.00193	0.00964	0.00675	0.00289	0.00771
27	0.02566	0.00973	0.01327	0.01018	0.01460	0.00841	0.00841	0.02788	0.01637	0.76726	0.02257	0.01947	0.01416	0.00708	0.00575	0.00177	0.00487	0.00575	0.00708	0.00973
28	0.00832	0.00555	0.00624	0.00624	0.00624	0.00555	0.00347	0.00832	0.00832	0.01109	0.01802	0.03743	0.02080	0.79898	0.02911	0.00555	0.00555	0.00832	0.00347	0.00347
29	0.05740	0.01089	0.01370	0.01060	0.01498	0.01029	0.00874	0.14406	0.04148	0.59458	0.02056	0.01819	0.01322	0.00700	0.00566	0.00177	0.00507	0.00557	0.00668	0.00957
30	0.01774	0.01151	0.01324	0.01134	0.01481	0.01229	0.00916	0.18199	0.29933	0.20499	0.02219	0.05550	0.01764	0.00876	0.00609	0.00195	0.00503	0.09169	0.00602	0.00874
31	0.02174	0.01602	0.01717	0.01316	0.01774	0.01774	0.01087	0.74423	0.02689	0.03605	0.01373	0.01373	0.00973	0.00687	0.00572	0.00172	0.00629	0.00515	0.00572	0.00973
32	0.01186	0.01017	0.01186	0.00847	0.01356	0.00762	0.00678	0.01440	0.01186	0.01864	0.01017	0.01186	0.00847	0.00424	0.00424	0.00085	0.00424	0.00339	0.00339	0.83395
33	0.02253	0.01148	0.01363	0.01071	0.01478	0.03212	0.00875	0.20375	0.04950	0.46160	0.04948	0.01891	0.01464	0.00718	0.00567	0.00173	0.00515	0.00574	0.05347	0.00919
34	0.02044	0.01538	0.01643	0.01290	0.01724	0.01713	0.01056	0.62080	0.15244	0.03395	0.01538	0.01505	0.01106	0.00702	0.00574	0.00176	0.00599	0.00538	0.00574	0.00961
35	0.01327	0.01268	0.02161	0.23399	0.57137	0.01336	0.01711	0.01677	0.01260	0.01761	0.01060	0.01445	0.00868	0.00526	0.00568	0.00175	0.00702	0.00509	0.00275	0.00834
36	0.13679	0.01014	0.01317	0.01123	0.05677	0.00931	0.00862	0.02577	0.01527	0.62274	0.01989	0.01777	0.01277	0.00672	0.00544	0.00177	0.00492	0.00535	0.00635	0.00921
37	0.02369	0.01018	0.01322	0.01043	0.01465	0.00941	0.00852	0.02831	0.14373	0.63873	0.02269	0.01979	0.01473	0.00720	0.00576	0.00180	0.00481	0.00588	0.00686	0.00962
38	0.01134	0.01072	0.01814	0.66403	0.15637	0.01285	0.01615	0.01509	0.01169	0.01527	0.01026	0.01507	0.00786	0.00562	0.00571	0.00187	0.00749	0.00509	0.00259	0.00679
39	0.01163	0.02868	0.72684	0.01737	0.06683	0.01330	0.02093	0.01808	0.01213	0.01815	0.01029	0.01219	0.00735	0.00542	0.00545	0.00181	0.00836	0.00428	0.00244	0.00849
40	0.02174	0.01602	0.01717	0.01316	0.01774	0.01774	0.01087	0.74423	0.02689	0.03605	0.01373	0.01373	0.00973	0.00687	0.00572	0.00172	0.00629	0.00515	0.00572	0.00973
41	0.00694	0.00509	0.00652	0.00766	0.00822	0.00467	0.00517	0.00800	0.01124	0.01472	0.03525	0.69104	0.13964	0.01744	0.00722	0.00227	0.00326	0.01567	0.00531	0.00467
42	0.01973	0.01248	0.01400	0.01114	0.01507	0.01315	0.00907	0.37799	0.10499	0.20608	0.03839	0.02031	0.07200	0.00772	0.00575	0.00175	0.00521	0.00612	0.05013	0.00893
43	0.01147	0.02959	0.76934	0.01630	0.02476	0.01328	0.02113	0.01811	0.01208	0.01811	0.01026	0.01208	0.00725	0.00543	0.00543	0.00181	0.00845	0.00423	0.00242	0.00845
44	0.00706	0.00581	0.00620	0.00610	0.00791	0.00495	0.00458	0.00878	0.01374	0.01711	0.21334	0.05232	0.60455	0.01387	0.00676	0.00190	0.00285	0.01169	0.00553	0.00495
45	0.05606	0.06768	0.01692	0.01392	0.01699	0.51616	0.01087	0.13200	0.01664	0.01784	0.00938	0.01092	0.00769	0.00633	0.00630	0.00160	0.07830	0.00396	0.00333	0.00709
46	0.01131	0.01069	0.01808	0.67145	0.14920	0.01284	0.01614	0.01506	0.01168	0.01523	0.01026	0.01508	0.00784	0.00562	0.00571	0.00187	0.00750	0.00509	0.00259	0.00676
47	0.01985	0.01501	0.01716	0.14666	0.02148	0.01687	0.01174	0.61807	0.02422	0.03234	0.01312	0.01400	0.00936	0.00667	0.00572	0.00175	0.00652	0.00514	0.00517	0.00914
48	0.00859	0.00667	0.00969	0.00946	0.01029	0.00797	0.00731	0.01037	0.00907	0.01312	0.01484	0.02294	0.01427	0.11063	0.63553	0.00823	0.08668	0.00623	0.00305	0.00506
49	0.01417	0.01339	0.02246	0.09863	0.67161	0.01368	0.01715	0.04611	0.01344	0.01903	0.01083	0.01423	0.00896	0.00522	0.00567	0.00172	0.00685	0.00510	0.00292	0.00885
50	0.01158	0.02890	0.73936	0.01612	0.02436	0.01332	0.02065	0.01860	0.04145	0.01834	0.01078	0.01244	0.00765	0.00553	0.00545	0.00182	0.00830	0.00432	0.00255	0.00848
51	0.00896	0.00688	0.00998	0.00968	0.01079	0.00816	0.00760	0.03951	0.00987	0.01421	0.01481	0.02156	0.01373	0.03960	0.70261	0.00852	0.05901	0.00603	0.00314	0.00536
52	0.01453	0.01244	0.01310	0.01170	0.01499	0.01437	0.00913	0.05869	0.72418	0.02441	0.02290	0.02104	0.01715	0.00772	0.00582	0.00193	0.00460	0.00641	0.00582	0.00908
53	0.01147	0.02959	0.76934	0.01630	0.02476	0.01328	0.02113	0.01811	0.01208	0.01811	0.01026	0.01208	0.00725	0.00543	0.00543	0.00181	0.00845	0.00423	0.00242	0.00845
54	0.02137	0.02726	0.01621	0.01474	0.01768	0.77602	0.01105	0.02284	0.01621	0.01400	0.00884	0.01031	0.00737	0.00589	0.00516	0.00147	0.01031	0.00368	0.00295	0.00663
55	0.00922	0.00658	0.00922	0.01053	0.01185	0.00658	0.00922	0.01185	0.01317	0.01712	0.03029	0.06452	0.03292	0.01580	0.00790	0.00263	0.00527	0.72480	0.00527	0.00527
56	0.01258	0.00718	0.00738	0.00668	0.00858	0.00748	0.00519	0.13971	0.01457	0.02387	0.01781	0.02001	0.01381	0.00670	0.00430	0.00140	0.00329	0.00530	0.68808	0.00609
57	0.01754	0.01167	0.01312	0.01127	0.01486	0.01271	0.00892	0.04592	0.53399	0.22854	0.02287	0.02065	0.01638	0.00755	0.00580	0.00189	0.00466	0.00624	0.00616	0.00926
58	0.00709	0.00569	0.00599	0.00608	0.00754	0.00496	0.00430	0.00829	0.01216	0.01486	0.07059	0.10846	0.55574	0.15031	0.01067	0.00258	0.00338	0.01169	0.00502	0.00460
59	0.01147	0.02959	0.76934	0.01630	0.02476	0.01328	0.02113	0.01811	0.01208	0.01811	0.01026	0.01208	0.00725	0.00543	0.00543	0.00181	0.00845	0.00423	0.00242	0.00845
60	0.12862	0.01049	0.01264	0.00997	0.01405	0.01010	0.00818	0.12240	0.03272	0.49410	0.05550	0.01977	0.04101	0.00732	0.00555	0.00177	0.00482	0.00578	0.00631	0.00888
61	0.01147	0.02959	0.76934	0.01630	0.02476	0.01328	0.02113	0.01811	0.01208	0.01811	0.01026	0.01208	0.00725	0.00543	0.00543	0.00181	0.00845	0.00423	0.00242	0.00845
62	0.00717	0.00512	0.00686	0.00819	0.00861	0.00482	0.00565	0.00831	0.01115	0.01482	0.03142	0.73117	0.03740	0.01773	0.00735	0.00235	0.00349	0.07840	0.00531	0.00470
63	0.01147	0.02959	0.76934	0.01630	0.02476	0.01328	0.02113	0.01811	0.01208	0.01811	0.01026	0.01208	0.00725	0.00543	0.00543	0.00181	0.00845	0.00423	0.00242	0.00845
64	0.06731	0.02270	0.01688	0.01582	0.07687	0.50066	0.02647	0.16983	0.01772	0.01965	0.01000	0.01137	0.00795	0.00597	0.00525	0.00157	0.00886	0.00413	0.00354	0.00746
65	0.00749	0.00581	0.00879	0.00925	0.01001	0.00543	0.06394	0.00879	0.01115	0.01490	0.02994	0.73323	0.03551	0.01688	0.00726	0.00229	0.00382	0.01550	0.00512	0.00489
66	0.00706	0.00504	0.00674	0.00807	0.00844	0.00472	0.00547	0.00812	0.01104	0.01470	0.03148	0.76585	0.03763	0.01783	0.00732	0.00234	0.00340	0.04477	0.00531	0.00467
67	0.83938	0.01106	0.00841	0.00752	0.01106	0.01283	0.00619	0.01681	0.00973	0.02566	0.00796	0.00929	0.00619	0.00531	0.00354	0.00177	0.00442	0.00310	0.00354	0.00619
68	0.01147	0.02959	0.76934	0.01630	0.02476	0.01328	0.02113	0.01811	0.01208	0.01811	0.01026	0.01208	0.00725	0.00543	0.00543	0.00181	0.00845	0.00423	0.00242	0.00845
69	0.00832	0.00555	0.00624	0.00624	0.00624	0.00555	0.00347	0.00832	0.00832	0.01109	0.01802	0.03743	0.02080	0.79898	0.02911	0.00555	0.00555	0.00832	0.00347	0.00347
70	0.01839	0.01400	0.01592	0.01273	0.01604	0.01613	0.01047	0.51580	0.02144	0.02944	0.01305	0.01468	0.01000	0.01056	0.07547	0.00249	0.14215	0.00522	0.04755	0.00850
71	0.00676	0.00579	0.00579	0.00579	0.00773	0.00483	0.00435	0.00821	0.01304	0.01545	0.05794	0.05505	0.76098	0.01449	0.00676	0.00193	0.00290	0.01207	0.00531	0.00483
72	0.01393	0.01336	0.02281	0.08573	0.71445	0.01353	0.01744	0.01736	0.01292	0.01841	0.01072	0.01423	0.00896	0.00514	0.00567	0.00171	0.00685	0.00510	0.00281	0.00888
73	0.00922	0.00658	0.00922	0.01053	0.01185	0.00658	0.00922	0.01185	0.01317	0.01712	0.03029	0.06452	0.03292	0.01580	0.00790	0.00263	0.00527	0.72480	0.00527	0.00527
74	0.01416	0.01359	0.02322	0.03511	0.76330	0.01359	0.01755	0.01755	0.01302	0.01869	0.01076	0.01416	0.00906	0.00510	0.00566	0.00170	0.00680	0.00510	0.00283	0.00906
75	0.83938	0.01106	0.00841	0.00752	0.01106	0.01283	0.00619	0.01681	0.00973	0.02566	0.00796	0.00929	0.00619	0.00531	0.00354	0.00177	0.00442	0.00310	0.00354	0.00619

[dist]
# distance from previous block
# <min> <max>
0	1

[block]
# block no. 4 follows, 41 sequences, length 14
# corresponding to MSA columns:
# 356-369
name=unknown_E
#
# <colnr> <probs for GDERKNQSTAVLIFYWHMCP>
#	G	D	E	R	K	N	Q	S	T	A	V	L	I	F	Y	W	H	M	C	P
0	0.00697	0.00498	0.00664	0.00796	0.00830	0.00465	0.00531	0.00796	0.01095	0.01460	0.03153	0.79525	0.03783	0.01792	0.00730	0.00232	0.00332	0.01626	0.00531	0.00465
1	0.02566	0.00973	0.01327	0.01018	0.01460	0.00841	0.00841	0.02788	0.01637	0.76726	0.02257	0.01947	0.01416	0.00708	0.00575	0.00177	0.00487	0.00575	0.00708	0.00973
2	0.83938	0.01106	0.00841	0.00752	0.01106	0.01283	0.00619	0.01681	0.00973	0.02566	0.00796	0.00929	0.00619	0.00531	0.00354	0.00177	0.00442	0.00310	0.00354	0.00619
3	0.00832	0.00555	0.00624	0.00624	0.00624	0.00555	0.00347	0.00832	0.00832	0.01109	0.01802	0.03743	0.02080	0.79898	0.02911	0.00555	0.00555	0.00832	0.00347	0.00347
4	0.02566	0.00973	0.01327	0.01018	0.01460	0.00841	0.00841	0.02788	0.01637	0.76726	0.02257	0.01947	0.01416	0.00708	0.00575	0.00177	0.00487	0.00575	0.00708	0.00973
5	0.01080	0.01017	0.01716	0.78523	0.03940	0.01271	0.01589	0.01461	0.01144	0.01461	0.01017	0.01525	0.00762	0.00572	0.00572	0.00191	0.00762	0.00508	0.00254	0.00635
6	0.00697	0.00498	0.00664	0.00796	0.00830	0.00465	0.00531	0.00796	0.01095	0.01460	0.03153	0.79525	0.03783	0.01792	0.00730	0.00232	0.00332	0.01626	0.00531	0.00465
7	0.01066	0.00533	0.00533	0.00533	0.00666	0.00533	0.00400	0.01333	0.01200	0.02132	0.01866	0.02132	0.01466	0.00666	0.00400	0.00133	0.00267	0.00533	0.83073	0.00533
8	0.01186	0.01017	0.01186	0.00847	0.01356	0.00762	0.00678	0.01440	0.01186	0.01864	0.01017	0.01186	0.00847	0.00424	0.00424	0.00085	0.00424	0.00339	0.00339	0.83395
9	0.83938	0.01106	0.00841	0.00752	0.01106	0.01283	0.00619	0.01681	0.00973	0.02566	0.00796	0.00929	0.00619	0.00531	0.00354	0.00177	0.00442	0.00310	0.00354	0.00619
10	0.01529	0.80242	0.02997	0.00979	0.01468	0.02263	0.00979	0.01713	0.01162	0.01346	0.00795	0.00918	0.00734	0.00489	0.00367	0.00122	0.00612	0.00306	0.00245	0.00734
11	0.01350	0.01543	0.03375	0.02411	0.02989	0.01446	0.74253	0.01832	0.01350	0.01832	0.01157	0.01543	0.00868	0.00482	0.00675	0.00193	0.00964	0.00675	0.00289	0.00771
12	0.00817	0.00613	0.00919	0.00919	0.01021	0.00715	0.00715	0.01021	0.00919	0.01328	0.01532	0.02247	0.01430	0.04290	0.77631	0.00919	0.01532	0.00613	0.00306	0.00511
13	0.01147	0.02959	0.76934	0.01630	0.02476	0.01328	0.02113	0.01811	0.01208	0.01811	0.01026	0.01208	0.00725	0.00543	0.00543	0.00181	0.00845	0.00423	0.00242	0.00845

[dist]
# distance from previous block
# <min> <max>
0	36

[block]
# block no. 5 follows, 41 sequences, length 70
# corresponding to MSA columns:
# 406-475
name=unknown_F
#
# <colnr> <probs for GDERKNQSTAVLIFYWHMCP>
#	G	D	E	R	K	N	Q	S	T	A	V	L	I	F	Y	W	H	M	C	P
0	0.00680	0.00580	0.00586	0.00584	0.00775	0.00485	0.00438	0.00830	0.01314	0.01570	0.08146	0.05463	0.73731	0.01439	0.00676	0.00193	0.00289	0.01201	0.00534	0.00485
1	0.00832	0.00555	0.00624	0.00624	0.00624	0.00555	0.00347	0.00832	0.00832	0.01109	0.01802	0.03743	0.02080	0.79898	0.02911	0.00555	0.00555	0.00832	0.00347	0.00347
2	0.00922	0.00658	0.00922	0.01053	0.01185	0.00658	0.00922	0.01185	0.01317	0.01712	0.03029	0.06452	0.03292	0.01580	0.00790	0.00263	0.00527	0.72480	0.00527	0.00527
3	0.01310	0.01251	0.02131	0.27127	0.53539	0.01331	0.01703	0.01663	0.01252	0.01740	0.01057	0.01450	0.00861	0.00529	0.00568	0.00176	0.00706	0.00509	0.00274	0.00821
4	0.00843	0.00637	0.00941	0.00930	0.01029	0.00752	0.00727	0.01047	0.00927	0.01357	0.01511	0.02202	0.01403	0.04032	0.71907	0.00865	0.04693	0.00606	0.03076	0.00516
5	0.83938	0.01106	0.00841	0.00752	0.01106	0.01283	0.00619	0.01681	0.00973	0.02566	0.00796	0.00929	0.00619	0.00531	0.00354	0.00177	0.00442	0.00310	0.00354	0.00619
6	0.01091	0.01038	0.01784	0.75370	0.03900	0.01278	0.04599	0.01477	0.01152	0.01477	0.01022	0.01526	0.00767	0.00568	0.00576	0.00191	0.00771	0.00515	0.00256	0.00641
7	0.01350	0.01543	0.03375	0.02411	0.02989	0.01446	0.74253	0.01832	0.01350	0.01832	0.01157	0.01543	0.00868	0.00482	0.00675	0.00193	0.00964	0.00675	0.00289	0.00771
8	0.01080	0.01017	0.01716	0.78523	0.03940	0.01271	0.01589	0.01461	0.01144	0.01461	0.01017	0.01525	0.00762	0.00572	0.00572	0.00191	0.00762	0.00508	0.00254	0.00635
9	0.00994	0.00497	0.00745	0.00745	0.00745	0.00497	0.00497	0.00745	0.00745	0.00994	0.00994	0.01739	0.00994	0.01987	0.02235	0.83358	0.00497	0.00497	0.00248	0.00248
10	0.01416	0.01359	0.02322	0.03511	0.76330	0.01359	0.01755	0.01755	0.01302	0.01869	0.01076	0.01416	0.00906	0.00510	0.00566	0.00170	0.00680	0.00510	0.00283	0.00906
11	0.00697	0.00498	0.00664	0.00796	0.00830	0.00465	0.00531	0.00796	0.01095	0.01460	0.03153	0.79525	0.03783	0.01792	0.00730	0.00232	0.00332	0.01626	0.00531	0.00465
12	0.01416	0.01359	0.02322	0.03511	0.76330	0.01359	0.01755	0.01755	0.01302	0.01869	0.01076	0.01416	0.00906	0.00510	0.00566	0.00170	0.00680	0.00510	0.00283	0.00906
13	0.83938	0.01106	0.00841	0.00752	0.01106	0.01283	0.00619	0.01681	0.00973	0.02566	0.00796	0.00929	0.00619	0.00531	0.00354	0.00177	0.00442	0.00310	0.00354	0.00619
14	0.01334	0.01276	0.02174	0.21796	0.58684	0.01338	0.01715	0.01684	0.01264	0.01769	0.01061	0.01442	0.00871	0.00525	0.00568	0.00175	0.00700	0.00509	0.00276	0.00840
15	0.00676	0.00579	0.00579	0.00579	0.00773	0.00483	0.00435	0.00821	0.01304	0.01545	0.05794	0.05505	0.76098	0.01449	0.00676	0.00193	0.00290	0.01207	0.00531	0.00483
16	0.01147	0.02959	0.76934	0.01630	0.02476	0.01328	0.02113	0.01811	0.01208	0.01811	0.01026	0.01208	0.00725	0.00543	0.00543	0.00181	0.00845	0.00423	0.00242	0.00845
17	0.07304	0.00666	0.00830	0.00754	0.00938	0.00628	0.00578	0.01307	0.01572	0.10240	0.62465	0.03771	0.04611	0.01072	0.00640	0.00179	0.00306	0.00931	0.00617	0.00592
18	0.02137	0.02726	0.01621	0.01474	0.01768	0.77602	0.01105	0.02284	0.01621	0.01400	0.00884	0.01031	0.00737	0.00589	0.00516	0.00147	0.01031	0.00368	0.00295	0.00663
19	0.65309	0.01219	0.01040	0.00881	0.01258	0.01395	0.00726	0.18255	0.01364	0.02803	0.00928	0.01030	0.00700	0.00566	0.00404	0.00176	0.00485	0.00356	0.00404	0.00700
20	0.01352	0.01294	0.02207	0.17738	0.62600	0.01342	0.01724	0.01700	0.01272	0.01791	0.01065	0.01436	0.00879	0.00521	0.00567	0.00174	0.00695	0.00509	0.00278	0.00855
21	0.01350	0.01543	0.03375	0.02411	0.02989	0.01446	0.74253	0.01832	0.01350	0.01832	0.01157	0.01543	0.00868	0.00482	0.00675	0.00193	0.00964	0.00675	0.00289	0.00771
22	0.02137	0.01584	0.01696	0.01309	0.01760	0.01756	0.01078	0.70888	0.06284	0.03545	0.01421	0.01411	0.01011	0.00691	0.00573	0.00173	0.00621	0.00521	0.00573	0.00969
23	0.00994	0.00497	0.00745	0.00745	0.00745	0.00497	0.00497	0.00745	0.00745	0.00994	0.00994	0.01739	0.00994	0.01987	0.02235	0.83358	0.00497	0.00497	0.00248	0.00248
24	0.01529	0.80242	0.02997	0.00979	0.01468	0.02263	0.00979	0.01713	0.01162	0.01346	0.00795	0.00918	0.00734	0.00489	0.00367	0.00122	0.00612	0.00306	0.00245	0.00734
25	0.83938	0.01106	0.00841	0.00752	0.01106	0.01283	0.00619	0.01681	0.00973	0.02566	0.00796	0.00929	0.00619	0.00531	0.00354	0.00177	0.00442	0.00310	0.00354	0.00619
26	0.01219	0.10452	0.67871	0.01552	0.02352	0.01408	0.01971	0.01826	0.01214	0.03598	0.01034	0.01197	0.00742	0.00542	0.00527	0.00175	0.00814	0.00415	0.00253	0.00838
27	0.01160	0.05599	0.74408	0.01608	0.02441	0.01360	0.02075	0.01808	0.01206	0.01796	0.01019	0.01198	0.00725	0.00542	0.00537	0.00179	0.00837	0.00419	0.00242	0.00842
28	0.01064	0.00828	0.01018	0.01046	0.01238	0.00883	0.00868	0.01753	0.24529	0.01999	0.12069	0.04823	0.03075	0.01276	0.00710	0.00231	0.00471	0.40916	0.00557	0.00647
29	0.00794	0.00580	0.00739	0.00706	0.00839	0.00532	0.00524	0.01038	0.01548	0.02158	0.64619	0.06932	0.11997	0.03576	0.00744	0.00194	0.00282	0.01065	0.00608	0.00526
30	0.00832	0.00555	0.00624	0.00624	0.00624	0.00555	0.00347	0.00832	0.00832	0.01109	0.01802	0.03743	0.02080	0.79898	0.02911	0.00555	0.00555	0.00832	0.00347	0.00347
31	0.00802	0.00574	0.00751	0.00852	0.00921	0.00555	0.00612	0.03920	0.01207	0.01608	0.05513	0.59994	0.03597	0.03806	0.00790	0.00242	0.00379	0.12853	0.00530	0.00495
32	0.01186	0.01017	0.01186	0.00847	0.01356	0.00762	0.00678	0.01440	0.01186	0.01864	0.01017	0.01186	0.00847	0.00424	0.00424	0.00085	0.00424	0.00339	0.00339	0.83395
33	0.00697	0.00498	0.00664	0.00796	0.00830	0.00465	0.00531	0.00796	0.01095	0.01460	0.03153	0.79525	0.03783	0.01792	0.00730	0.00232	0.00332	0.01626	0.00531	0.00465
34	0.00684	0.00582	0.00591	0.00596	0.00787	0.00489	0.00451	0.00833	0.01304	0.01551	0.05700	0.05537	0.73624	0.01453	0.00680	0.00196	0.00298	0.03629	0.00531	0.00484
35	0.01217	0.00901	0.00982	0.00880	0.01095	0.06230	0.00675	0.06303	0.08597	0.09696	0.45545	0.05998	0.07480	0.01048	0.00640	0.00180	0.00390	0.00899	0.00597	0.00649
36	0.68329	0.13758	0.01211	0.00805	0.01184	0.01454	0.00691	0.03865	0.01055	0.02403	0.00814	0.00941	0.00648	0.00529	0.00363	0.00168	0.00475	0.00315	0.00343	0.00648
37	0.00759	0.00524	0.00645	0.00716	0.00734	0.00506	0.00445	0.00813	0.00973	0.01297	0.02526	0.44377	0.02993	0.38018	0.01742	0.00382	0.00435	0.01258	0.00445	0.00410
38	0.00676	0.00579	0.00579	0.00579	0.00773	0.00483	0.00435	0.00821	0.01304	0.01545	0.05794	0.05505	0.76098	0.01449	0.00676	0.00193	0.00290	0.01207	0.00531	0.00483
39	0.02168	0.01782	0.01701	0.01341	0.01773	0.13883	0.01090	0.62903	0.02519	0.03253	0.01295	0.01319	0.00935	0.00671	0.00563	0.00168	0.00694	0.00492	0.00528	0.00923
40	0.00676	0.00579	0.00579	0.00579	0.00773	0.00483	0.00435	0.00821	0.01304	0.01545	0.05794	0.05505	0.76098	0.01449	0.00676	0.00193	0.00290	0.01207	0.00531	0.00483
41	0.01416	0.01359	0.02322	0.03511	0.76330	0.01359	0.01755	0.01755	0.01302	0.01869	0.01076	0.01416	0.00906	0.00510	0.00566	0.00170	0.00680	0.00510	0.00283	0.00906
42	0.00810	0.00585	0.00765	0.00720	0.00855	0.00540	0.00540	0.01079	0.01619	0.02294	0.76028	0.04273	0.05397	0.01169	0.00675	0.00180	0.00270	0.01034	0.00630	0.00540
43	0.01423	0.01229	0.01293	0.01164	0.01487	0.01423	0.00905	0.03039	0.75297	0.02393	0.02328	0.02134	0.01746	0.00776	0.00582	0.00194	0.00453	0.00647	0.00582	0.00905
44	0.01147	0.02959	0.76934	0.01630	0.02476	0.01328	0.02113	0.01811	0.01208	0.01811	0.01026	0.01208	0.00725	0.00543	0.00543	0.00181	0.00845	0.00423	0.00242	0.00845
45	0.00708	0.00507	0.00674	0.00789	0.00832	0.00472	0.00532	0.00825	0.01148	0.01545	0.10552	0.71884	0.03947	0.01729	0.00724	0.00227	0.00326	0.01566	0.00541	0.00472
46	0.01416	0.01359	0.02322	0.03511	0.76330	0.01359	0.01755	0.01755	0.01302	0.01869	0.01076	0.01416	0.00906	0.00510	0.00566	0.00170	0.00680	0.00510	0.00283	0.00906
47	0.83938	0.01106	0.00841	0.00752	0.01106	0.01283	0.00619	0.01681	0.00973	0.02566	0.00796	0.00929	0.00619	0.00531	0.00354	0.00177	0.00442	0.00310	0.00354	0.00619
48	0.00697	0.00498	0.00664	0.00796	0.00830	0.00465	0.00531	0.00796	0.01095	0.01460	0.03153	0.79525	0.03783	0.01792	0.00730	0.00232	0.00332	0.01626	0.00531	0.00465
49	0.02566	0.00973	0.01327	0.01018	0.01460	0.00841	0.00841	0.02788	0.01637	0.76726	0.02257	0.01947	0.01416	0.00708	0.00575	0.00177	0.00487	0.00575	0.00708	0.00973
50	0.01482	0.01258	0.01327	0.01176	0.01510	0.01450	0.00920	0.08652	0.69588	0.02488	0.02253	0.02074	0.01685	0.00769	0.00581	0.00192	0.00467	0.00636	0.00581	0.00911
51	0.01251	0.01251	0.01752	0.01502	0.01502	0.01752	0.01251	0.01377	0.00876	0.01377	0.00751	0.01251	0.00751	0.01001	0.01877	0.00250	0.78851	0.00501	0.00250	0.00626
52	0.00711	0.00561	0.00646	0.00701	0.00834	0.00496	0.00517	0.00857	0.01248	0.01560	0.07090	0.29462	0.43202	0.01563	0.00705	0.00212	0.00326	0.08292	0.00534	0.00483
53	0.00697	0.00498	0.00664	0.00796	0.00830	0.00465	0.00531	0.00796	0.01095	0.01460	0.03153	0.79525	0.03783	0.01792	0.00730	0.00232	0.00332	0.01626	0.00531	0.00465
54	0.00810	0.00585	0.00765	0.00720	0.00855	0.00540	0.00540	0.01079	0.01619	0.02294	0.76028	0.04273	0.05397	0.01169	0.00675	0.00180	0.00270	0.01034	0.00630	0.00540
55	0.83938	0.01106	0.00841	0.00752	0.01106	0.01283	0.00619	0.01681	0.00973	0.02566	0.00796	0.00929	0.00619	0.00531	0.00354	0.00177	0.00442	0.00310	0.00354	0.00619
56	0.02174	0.01602	0.01717	0.01316	0.01774	0.01774	0.01087	0.74423	0.02689	0.03605	0.01373	0.01373	0.00973	0.00687	0.00572	0.00172	0.00629	0.00515	0.00572	0.00973
57	0.00810	0.00585	0.00765	0.00720	0.00855	0.00540	0.00540	0.01079	0.01619	0.02294	0.76028	0.04273	0.05397	0.01169	0.00675	0.00180	0.00270	0.01034	0.00630	0.00540
58	0.01273	0.01098	0.01150	0.01046	0.01344	0.01234	0.00811	0.02593	0.60415	0.02222	0.03025	0.02812	0.16700	0.00911	0.00601	0.00194	0.00420	0.00759	0.00572	0.00820
59	0.01066	0.00533	0.00533	0.00533	0.00666	0.00533	0.00400	0.01333	0.01200	0.02132	0.01866	0.02132	0.01466	0.00666	0.00400	0.00133	0.00267	0.00533	0.83073	0.00533
