[name]
unknown

[dist]
# distance from previous block
# <min> <max>
1	210

[block]
# block no. 0 follows, 41 sequences, length 8
# corresponding to MSA columns:
# 224-231
name=unknown_A
#
# <colnr> <probs for GDERKNQSTAVLIFYWHMCP>
#	G	D	E	R	K	N	Q	S	T	A	V	L	I	F	Y	W	H	M	C	P
0	0.25819	0.01414	0.02624	0.01919	0.02431	0.01398	0.52437	0.01788	0.01238	0.02050	0.01050	0.01361	0.00794	0.00497	0.00580	0.00188	0.00810	0.00567	0.00308	0.00726
1	0.01766	0.01371	0.01494	0.01154	0.01606	0.01420	0.00938	0.41796	0.13436	0.02902	0.01415	0.01435	0.01055	0.00622	0.00530	0.00149	0.00541	0.00483	0.00505	0.25382
2	0.00842	0.00607	0.00827	0.00952	0.01058	0.00592	0.00780	0.01051	0.01250	0.01628	0.03211	0.28052	0.07268	0.01636	0.00766	0.00250	0.00457	0.47738	0.00528	0.00506
3	0.00971	0.00775	0.00893	0.00830	0.01029	0.00793	0.00632	0.01620	0.23400	0.02208	0.43366	0.03829	0.15213	0.01096	0.00647	0.00186	0.00327	0.00946	0.00600	0.00639
4	0.01498	0.56832	0.02492	0.01034	0.01474	0.02014	0.00957	0.02106	0.23127	0.01656	0.01249	0.01278	0.01034	0.00574	0.00431	0.00144	0.00565	0.00407	0.00345	0.00785
5	0.00714	0.00511	0.00679	0.00785	0.00833	0.00476	0.00532	0.00840	0.01176	0.01589	0.14386	0.67925	0.04032	0.01696	0.00722	0.00224	0.00322	0.01535	0.00546	0.00476
6	0.00697	0.00498	0.00664	0.00796	0.00830	0.00465	0.00531	0.00796	0.01095	0.01460	0.03153	0.79525	0.03783	0.01792	0.00730	0.00232	0.00332	0.01626	0.00531	0.00465
7	0.01169	0.02309	0.50622	0.01439	0.02171	0.01167	0.05483	0.01703	0.01209	0.01828	0.01030	0.01219	0.00768	0.00505	0.00515	0.00153	0.00727	0.00411	0.00273	0.25299

[dist]
# distance from previous block
# <min> <max>
0	2

[block]
# block no. 1 follows, 41 sequences, length 20
# corresponding to MSA columns:
# 234-253
name=unknown_B
#
# <colnr> <probs for GDERKNQSTAVLIFYWHMCP>
#	G	D	E	R	K	N	Q	S	T	A	V	L	I	F	Y	W	H	M	C	P
0	0.00891	0.00798	0.01414	0.01243	0.01431	0.00753	0.20559	0.01129	0.02855	0.01582	0.02592	0.56586	0.02945	0.01413	0.00712	0.00221	0.00506	0.01345	0.00467	0.00558
1	0.00818	0.00610	0.00906	0.00906	0.01003	0.00708	0.00698	0.01013	0.00915	0.01318	0.01544	0.02315	0.01460	0.07730	0.74232	0.00903	0.01488	0.00623	0.00308	0.00503
2	0.01767	0.01324	0.01408	0.01116	0.01502	0.01423	0.00910	0.54436	0.02313	0.03046	0.02574	0.02495	0.21373	0.00894	0.00600	0.00177	0.00537	0.00703	0.00561	0.00840
3	0.00878	0.00633	0.00861	0.00935	0.01070	0.00616	0.00789	0.01138	0.01405	0.01875	0.24541	0.05772	0.07056	0.01454	0.00751	0.00236	0.00441	0.48461	0.00557	0.00529
4	0.01321	0.56351	0.02324	0.00943	0.01303	0.03949	0.00861	0.01480	0.01157	0.01378	0.01438	0.22267	0.01562	0.00846	0.00470	0.00153	0.00548	0.00666	0.00324	0.00659
5	0.00715	0.00537	0.00668	0.00764	0.00851	0.00490	0.00546	0.00844	0.01175	0.01509	0.03857	0.51802	0.23369	0.01677	0.00722	0.00225	0.00341	0.08904	0.00531	0.00476
6	0.00833	0.00595	0.00820	0.00952	0.01045	0.00582	0.00768	0.01032	0.01230	0.01613	0.03077	0.35197	0.03485	0.01663	0.00766	0.00251	0.00450	0.44607	0.00528	0.00502
7	0.01316	0.01258	0.02142	0.25717	0.54900	0.01333	0.01706	0.01668	0.01255	0.01748	0.01058	0.01448	0.00864	0.00528	0.00568	0.00176	0.00704	0.00509	0.00275	0.00826
8	0.00856	0.00561	0.00754	0.00722	0.00822	0.00526	0.00525	0.00981	0.01373	0.01919	0.53626	0.03620	0.06241	0.01399	0.01099	0.22767	0.00332	0.00893	0.00523	0.00459
9	0.01296	0.01281	0.01907	0.02047	0.21821	0.01645	0.01388	0.01479	0.00992	0.01510	0.00839	0.01296	0.00793	0.00868	0.01521	0.00228	0.57624	0.00503	0.00259	0.00702
10	0.01989	0.01028	0.01274	0.01013	0.01376	0.00997	0.00822	0.20591	0.01901	0.37868	0.22064	0.02432	0.02384	0.00828	0.00601	0.00176	0.00464	0.00685	0.00652	0.00855
11	0.00980	0.00815	0.01300	0.01623	0.21472	0.00890	0.00998	0.01221	0.01023	0.01475	0.01408	0.02021	0.01288	0.03263	0.56704	0.00716	0.01301	0.00585	0.00300	0.00618
12	0.00917	0.00692	0.00811	0.00776	0.00941	0.00611	0.00571	0.01102	0.01596	0.02169	0.51788	0.04798	0.28254	0.01341	0.00733	0.00210	0.00330	0.01123	0.00640	0.00597
13	0.01482	0.01514	0.01584	0.03012	0.01609	0.19637	0.04516	0.03700	0.01291	0.01631	0.01627	0.22674	0.01721	0.01160	0.01148	0.00239	0.29546	0.00829	0.00399	0.00682
14	0.01552	0.01450	0.02393	0.03549	0.74723	0.01430	0.01793	0.01846	0.01388	0.01995	0.01218	0.01609	0.01040	0.00606	0.00627	0.00196	0.00724	0.00555	0.00333	0.00974
15	0.01125	0.00904	0.01294	0.01579	0.21463	0.00851	0.00935	0.01369	0.01612	0.02295	0.54109	0.03625	0.04209	0.01071	0.00703	0.00203	0.00435	0.00925	0.00577	0.00715
16	0.01825	0.00986	0.01383	0.22083	0.02078	0.00963	0.01025	0.02059	0.01577	0.35729	0.20847	0.02606	0.02376	0.00880	0.00660	0.00208	0.00555	0.00718	0.00605	0.00837
17	0.02103	0.01511	0.01633	0.01328	0.01747	0.01635	0.01060	0.43910	0.24830	0.10600	0.01888	0.01857	0.01386	0.00808	0.00636	0.00205	0.00607	0.00606	0.00632	0.01018
18	0.01348	0.01362	0.02675	0.01988	0.02411	0.01273	0.52569	0.01650	0.01294	0.01763	0.01472	0.02331	0.01332	0.22145	0.01340	0.00317	0.00891	0.00759	0.00354	0.00727
19	0.01070	0.00766	0.01025	0.01147	0.01290	0.00745	0.00978	0.01289	0.01402	0.01842	0.03126	0.06530	0.03372	0.01652	0.00845	0.00287	0.00574	0.70886	0.00571	0.00603

[dist]
# distance from previous block
# <min> <max>
0	1

[block]
# block no. 2 follows, 41 sequences, length 58
# corresponding to MSA columns:
# 255-312
name=unknown_C
#
# <colnr> <probs for GDERKNQSTAVLIFYWHMCP>
#	G	D	E	R	K	N	Q	S	T	A	V	L	I	F	Y	W	H	M	C	P
0	0.02251	0.06375	0.01787	0.01550	0.01863	0.72159	0.01161	0.02350	0.01693	0.01559	0.01052	0.01264	0.00900	0.00696	0.00581	0.00178	0.01055	0.00423	0.00351	0.00753
1	0.01678	0.01453	0.01450	0.01301	0.01636	0.06581	0.01002	0.08985	0.60066	0.02542	0.02308	0.02343	0.01799	0.00888	0.00654	0.00222	0.00567	0.02953	0.00611	0.00963
2	0.00883	0.00633	0.00797	0.00910	0.00964	0.00576	0.00609	0.00944	0.01230	0.01664	0.07103	0.73689	0.03949	0.01838	0.00794	0.00259	0.00390	0.01618	0.00588	0.00560
3	0.01368	0.03011	0.71045	0.01717	0.02528	0.05431	0.02095	0.01942	0.01333	0.01940	0.01188	0.01432	0.00888	0.00659	0.00614	0.00210	0.00903	0.00475	0.00304	0.00917
4	0.01291	0.02898	0.70991	0.01670	0.02475	0.01368	0.02060	0.01865	0.01317	0.01948	0.01446	0.01667	0.04859	0.00704	0.00622	0.00212	0.00864	0.00520	0.00316	0.00908
5	0.01902	0.01455	0.01557	0.01250	0.01656	0.01626	0.01014	0.50491	0.24403	0.03196	0.04253	0.01702	0.01358	0.00730	0.00579	0.00179	0.00564	0.00572	0.00577	0.00938
6	0.00697	0.00580	0.00608	0.00601	0.00785	0.00492	0.00451	0.00861	0.01352	0.01661	0.16620	0.05315	0.65201	0.01406	0.00676	0.00191	0.00287	0.01181	0.00546	0.00492
7	0.01388	0.01331	0.02273	0.09587	0.70467	0.01352	0.01742	0.01732	0.01290	0.01836	0.01071	0.01425	0.00894	0.00515	0.00567	0.00172	0.00686	0.00510	0.00281	0.00884
8	0.01928	0.01050	0.01267	0.01054	0.01417	0.01062	0.00842	0.05186	0.29771	0.37936	0.08701	0.03639	0.01917	0.00793	0.00589	0.00185	0.00457	0.00660	0.00645	0.00900
9	0.02137	0.02726	0.01621	0.01474	0.01768	0.77602	0.01105	0.02284	0.01621	0.01400	0.00884	0.01031	0.00737	0.00589	0.00516	0.00147	0.01031	0.00368	0.00295	0.00663
10	0.00697	0.00498	0.00664	0.00796	0.00830	0.00465	0.00531	0.00796	0.01095	0.01460	0.03153	0.79525	0.03783	0.01792	0.00730	0.00232	0.00332	0.01626	0.00531	0.00465
11	0.02038	0.01534	0.01640	0.01288	0.01722	0.01710	0.01054	0.61433	0.15902	0.03384	0.01547	0.01512	0.01113	0.00703	0.00574	0.00176	0.00597	0.00539	0.00574	0.00960
12	0.01076	0.01020	0.01753	0.70598	0.03735	0.01241	0.05457	0.01449	0.01152	0.01481	0.01129	0.05358	0.00917	0.00627	0.00585	0.00193	0.00752	0.00572	0.00270	0.00634
13	0.03680	0.10751	0.67133	0.01538	0.02332	0.01422	0.01953	0.01797	0.01196	0.01787	0.00996	0.01170	0.00722	0.00538	0.00520	0.00175	0.00809	0.00407	0.00245	0.00827
14	0.02137	0.02726	0.01621	0.01474	0.01768	0.77602	0.01105	0.02284	0.01621	0.01400	0.00884	0.01031	0.00737	0.00589	0.00516	0.00147	0.01031	0.00368	0.00295	0.00663
15	0.01267	0.25688	0.53109	0.01490	0.04196	0.01605	0.01769	0.01781	0.01197	0.01676	0.00960	0.01128	0.00732	0.00527	0.00492	0.00164	0.00772	0.00391	0.00244	0.00814
16	0.00865	0.00589	0.00740	0.00703	0.00809	0.00557	0.00496	0.01049	0.01360	0.04139	0.47642	0.04024	0.06582	0.23841	0.03906	0.00313	0.00401	0.00954	0.00537	0.00495
17	0.00834	0.00600	0.00798	0.00791	0.00925	0.00565	0.00622	0.01102	0.01554	0.02169	0.60370	0.04740	0.04945	0.01257	0.00699	0.00198	0.00325	0.16359	0.00608	0.00537
18	0.01283	0.01223	0.02081	0.33263	0.47618	0.01324	0.01689	0.01639	0.01239	0.01707	0.01052	0.01459	0.00849	0.00534	0.00568	0.00178	0.00712	0.00509	0.00272	0.00799
19	0.01246	0.22902	0.57855	0.01462	0.02216	0.01570	0.01821	0.01786	0.01196	0.01691	0.00967	0.01133	0.00727	0.00529	0.00498	0.00166	0.00785	0.00393	0.00242	0.00817
20	0.04383	0.01589	0.01693	0.01301	0.01756	0.01761	0.01075	0.72458	0.02643	0.03577	0.01358	0.01361	0.00963	0.00682	0.00566	0.00172	0.00624	0.00509	0.00566	0.00963
21	0.00866	0.00621	0.00843	0.00886	0.01020	0.00599	0.00731	0.01132	0.01468	0.02003	0.39564	0.05361	0.04345	0.01375	0.00732	0.00222	0.00398	0.36722	0.00578	0.00533
22	0.01162	0.00929	0.01445	0.46961	0.02809	0.01093	0.01259	0.01515	0.03714	0.08140	0.06522	0.08357	0.03411	0.00835	0.00677	0.00200	0.04761	0.05190	0.00375	0.00643
23	0.01399	0.01372	0.01760	0.01488	0.01586	0.05870	0.03476	0.08230	0.06356	0.01667	0.00939	0.01322	0.00844	0.00918	0.01555	0.00232	0.59485	0.00510	0.00307	0.00684
24	0.00716	0.00506	0.00658	0.00772	0.00800	0.00477	0.00505	0.00801	0.01058	0.01410	0.02960	0.68704	0.03540	0.12944	0.01042	0.00278	0.00364	0.01513	0.00505	0.00448
25	0.01920	0.01446	0.01579	0.04568	0.01772	0.01617	0.01047	0.47872	0.23952	0.05627	0.01669	0.01623	0.01206	0.00709	0.00575	0.00179	0.00578	0.00555	0.00566	0.00938
26	0.01443	0.07978	0.47864	0.01538	0.02168	0.21832	0.01722	0.01908	0.01298	0.01647	0.00958	0.01143	0.00730	0.00576	0.00594	0.00172	0.04989	0.00404	0.00256	0.00778
27	0.01350	0.01543	0.03375	0.02411	0.02989	0.01446	0.74253	0.01832	0.01350	0.01832	0.01157	0.01543	0.00868	0.00482	0.00675	0.00193	0.00964	0.00675	0.00289	0.00771
28	0.00752	0.00532	0.00702	0.00818	0.00863	0.00509	0.00573	0.00866	0.01099	0.01458	0.02960	0.57635	0.03484	0.11697	0.01018	0.00279	0.00393	0.13398	0.00507	0.00460
29	0.04852	0.01238	0.02059	0.17758	0.50568	0.01293	0.03893	0.02997	0.01272	0.01825	0.01190	0.06293	0.01045	0.00605	0.00572	0.00179	0.00672	0.00576	0.00302	0.00810
30	0.01308	0.01204	0.01796	0.31774	0.07300	0.01496	0.03910	0.11321	0.01276	0.01761	0.01039	0.03510	0.00881	0.00762	0.01033	0.00209	0.27875	0.00543	0.00306	0.00695
31	0.00832	0.00638	0.00986	0.00960	0.01075	0.00735	0.02705	0.01043	0.00931	0.01341	0.01522	0.02228	0.01415	0.04187	0.75549	0.00900	0.01517	0.00615	0.00306	0.00518
32	0.01147	0.02959	0.76934	0.01630	0.02476	0.01328	0.02113	0.01811	0.01208	0.01811	0.01026	0.01208	0.00725	0.00543	0.00543	0.00181	0.00845	0.00423	0.00242	0.00845
33	0.02092	0.02641	0.01665	0.01601	0.06421	0.72844	0.01146	0.02251	0.01601	0.01429	0.00896	0.01055	0.00747	0.00584	0.00519	0.00149	0.01010	0.00377	0.00294	0.00678
34	0.01123	0.01077	0.01651	0.01408	0.01499	0.01390	0.08496	0.01309	0.00938	0.01407	0.01042	0.01599	0.00980	0.01999	0.25954	0.00458	0.46240	0.00554	0.00272	0.00604
35	0.02174	0.01602	0.01717	0.01316	0.01774	0.01774	0.01087	0.74423	0.02689	0.03605	0.01373	0.01373	0.00973	0.00687	0.00572	0.00172	0.00629	0.00515	0.00572	0.00973
36	0.02240	0.18746	0.04009	0.01086	0.01532	0.10939	0.00943	0.02457	0.01517	0.48252	0.01722	0.01581	0.01158	0.00640	0.00521	0.00161	0.00594	0.00485	0.00539	0.00877
37	0.00715	0.00726	0.05359	0.00660	0.00886	0.00539	0.00549	0.00900	0.01314	0.01610	0.10185	0.07142	0.64661	0.01382	0.00669	0.00193	0.00324	0.01158	0.00520	0.00509
38	0.00915	0.00654	0.00912	0.01033	0.01164	0.00651	0.00898	0.01178	0.01336	0.01748	0.07584	0.06316	0.03423	0.01554	0.00783	0.00258	0.00511	0.68022	0.00533	0.00528
39	0.00828	0.00598	0.00809	0.00926	0.01030	0.00579	0.00748	0.01030	0.01253	0.01636	0.05534	0.30150	0.08594	0.01627	0.00759	0.00246	0.00439	0.42179	0.00532	0.00504
40	0.28833	0.01425	0.01468	0.01269	0.06208	0.01588	0.00976	0.46129	0.02042	0.03157	0.01166	0.01231	0.00853	0.00625	0.00501	0.00173	0.00571	0.00448	0.00483	0.00853
41	0.00677	0.00574	0.00585	0.00593	0.00776	0.00482	0.00441	0.00819	0.01291	0.01540	0.05630	0.10123	0.71586	0.01470	0.00679	0.00196	0.00292	0.01233	0.00531	0.00482
42	0.01394	0.01353	0.02356	0.07387	0.67947	0.01360	0.06270	0.01745	0.01297	0.01845	0.01078	0.01429	0.00896	0.00511	0.00573	0.00172	0.00702	0.00520	0.00282	0.00883
43	0.01416	0.01359	0.02322	0.03511	0.76330	0.01359	0.01755	0.01755	0.01302	0.01869	0.01076	0.01416	0.00906	0.00510	0.00566	0.00170	0.00680	0.00510	0.00283	0.00906
44	0.01166	0.05701	0.72497	0.01626	0.02452	0.01365	0.03820	0.01808	0.01209	0.01795	0.01021	0.01205	0.00728	0.00540	0.00540	0.00179	0.00840	0.00425	0.00243	0.00840
45	0.00691	0.00522	0.00638	0.00731	0.00813	0.00470	0.00502	0.00804	0.01158	0.01486	0.03944	0.57350	0.25447	0.01689	0.00714	0.00221	0.00319	0.01501	0.00531	0.00470
46	0.02174	0.01602	0.01717	0.01316	0.01774	0.01774	0.01087	0.74423	0.02689	0.03605	0.01373	0.01373	0.00973	0.00687	0.00572	0.00172	0.00629	0.00515	0.00572	0.00973
47	0.02029	0.01690	0.01703	0.11208	0.02050	0.12708	0.01154	0.54633	0.02337	0.03011	0.01257	0.01343	0.00912	0.00658	0.00564	0.00171	0.00705	0.00493	0.00491	0.00885
48	0.00697	0.00498	0.00664	0.00796	0.00830	0.00465	0.00531	0.00796	0.01095	0.01460	0.03153	0.79525	0.03783	0.01792	0.00730	0.00232	0.00332	0.01626	0.00531	0.00465
49	0.76470	0.01151	0.00921	0.00804	0.01167	0.01328	0.00662	0.08326	0.01130	0.02661	0.00849	0.00970	0.00652	0.00545	0.00374	0.00177	0.00460	0.00328	0.00374	0.00652
50	0.00731	0.00536	0.00734	0.00835	0.00879	0.00539	0.00580	0.00849	0.01060	0.01436	0.02820	0.64578	0.03311	0.02190	0.13646	0.00348	0.02537	0.01428	0.00486	0.00476
51	0.01346	0.01529	0.03316	0.02369	0.02945	0.01428	0.72275	0.01822	0.01346	0.01833	0.01153	0.01533	0.00867	0.00481	0.00668	0.00190	0.00950	0.00666	0.00291	0.02992
52	0.00697	0.00498	0.00664	0.00796	0.00830	0.00465	0.00531	0.00796	0.01095	0.01460	0.03153	0.79525	0.03783	0.01792	0.00730	0.00232	0.00332	0.01626	0.00531	0.00465
53	0.00697	0.00498	0.00664	0.00796	0.00830	0.00465	0.00531	0.00796	0.01095	0.01460	0.03153	0.79525	0.03783	0.01792	0.00730	0.00232	0.00332	0.01626	0.00531	0.00465
54	0.01347	0.01534	0.03323	0.02382	0.02942	0.01456	0.71929	0.01818	0.01335	0.01818	0.01144	0.01534	0.00864	0.00499	0.00713	0.00195	0.03443	0.00669	0.00288	0.00767
55	0.01361	0.01303	0.02223	0.15694	0.64573	0.01345	0.01728	0.01708	0.01277	0.01803	0.01066	0.01433	0.00883	0.00520	0.00567	0.00173	0.00693	0.00509	0.00278	0.00862
56	0.01529	0.80242	0.02997	0.00979	0.01468	0.02263	0.00979	0.01713	0.01162	0.01346	0.00795	0.00918	0.00734	0.00489	0.00367	0.00122	0.00612	0.00306	0.00245	0.00734
57	0.07405	0.01086	0.01451	0.01119	0.01550	0.01025	0.05614	0.11103	0.04184	0.52894	0.05112	0.01894	0.01457	0.00702	0.00572	0.00178	0.00522	0.00580	0.00635	0.00918

[dist]
# distance from previous block
# <min> <max>
39	71

[block]
# block no. 3 follows, 41 sequences, length 19
# corresponding to MSA columns:
# 394-412
name=unknown_D
#
# <colnr> <probs for GDERKNQSTAVLIFYWHMCP>
#	G	D	E	R	K	N	Q	S	T	A	V	L	I	F	Y	W	H	M	C	P
0	0.08783	0.01027	0.01251	0.00971	0.01396	0.00938	0.00792	0.07673	0.04923	0.41846	0.06492	0.01821	0.01469	0.00666	0.00533	0.00159	0.00466	0.00533	0.00583	0.17680
1	0.01355	0.01297	0.02211	0.17184	0.63134	0.01343	0.01725	0.01702	0.01273	0.01794	0.01065	0.01436	0.00880	0.00521	0.00567	0.00174	0.00695	0.00509	0.00278	0.00857
2	0.01372	0.01164	0.04280	0.00962	0.01456	0.00945	0.00803	0.08004	0.09038	0.06294	0.01254	0.01345	0.00979	0.00504	0.00466	0.00113	0.00465	0.00403	0.00401	0.59752
3	0.01197	0.01136	0.01927	0.52395	0.29155	0.01302	0.01647	0.01564	0.01199	0.01603	0.01037	0.01487	0.00812	0.00550	0.00570	0.00183	0.00734	0.00509	0.00264	0.00730
4	0.01805	0.01000	0.01223	0.00992	0.01349	0.00968	0.00795	0.11155	0.13204	0.32140	0.19871	0.02406	0.02328	0.00805	0.00588	0.00172	0.00442	0.00671	0.00623	0.07465
5	0.01100	0.00757	0.00947	0.00888	0.01078	0.00718	0.00658	0.08180	0.01356	0.08128	0.10314	0.43008	0.02943	0.01295	0.00689	0.00195	0.03030	0.01136	0.00522	0.13059
6	0.19747	0.00979	0.01250	0.00993	0.01382	0.00922	0.05244	0.02176	0.01426	0.42773	0.06774	0.04676	0.04928	0.00747	0.00545	0.00178	0.00476	0.00611	0.00574	0.03598
7	0.01327	0.01463	0.02616	0.01982	0.02338	0.06147	0.43564	0.01659	0.01211	0.01648	0.01150	0.06447	0.01013	0.00726	0.01022	0.00209	0.23816	0.00666	0.00294	0.00702
8	0.01345	0.01527	0.03284	0.02360	0.02906	0.01464	0.70172	0.01807	0.01324	0.01807	0.01134	0.01527	0.00861	0.00511	0.00742	0.00196	0.05318	0.00665	0.00287	0.00763
9	0.01299	0.01379	0.02694	0.01924	0.02481	0.01234	0.51348	0.01710	0.01299	0.01842	0.01113	0.01432	0.00861	0.00464	0.00597	0.00159	0.00796	0.00570	0.00305	0.26493
10	0.26152	0.01009	0.01146	0.00933	0.01320	0.01000	0.00762	0.02375	0.07646	0.43986	0.06586	0.01815	0.01467	0.00692	0.00517	0.00179	0.00457	0.00533	0.00589	0.00836
11	0.00787	0.00574	0.00740	0.00719	0.00846	0.00527	0.00531	0.01028	0.01534	0.02142	0.62453	0.13424	0.10028	0.01263	0.00681	0.00187	0.00279	0.01118	0.00611	0.00527
12	0.00708	0.00581	0.00624	0.00613	0.00792	0.00496	0.00460	0.00883	0.01379	0.01724	0.22619	0.05210	0.59162	0.01382	0.00676	0.00190	0.00285	0.01166	0.00555	0.00496
13	0.01080	0.01017	0.01716	0.78523	0.03940	0.01271	0.01589	0.01461	0.01144	0.01461	0.01017	0.01525	0.00762	0.00572	0.00572	0.00191	0.00762	0.00508	0.00254	0.00635
14	0.78647	0.01138	0.00897	0.00789	0.01149	0.01315	0.00650	0.06389	0.01084	0.02634	0.00834	0.00958	0.00642	0.00541	0.00368	0.00177	0.00455	0.00323	0.00368	0.00642
15	0.00729	0.00575	0.00616	0.00609	0.00752	0.00507	0.00431	0.00861	0.01247	0.01559	0.15095	0.04945	0.49824	0.18409	0.01160	0.00270	0.00344	0.01101	0.00505	0.00462
16	0.01423	0.01229	0.01293	0.01164	0.01487	0.01423	0.00905	0.03039	0.75297	0.02393	0.02328	0.02134	0.01746	0.00776	0.00582	0.00194	0.00453	0.00647	0.00582	0.00905
17	0.00817	0.00613	0.00919	0.00919	0.01021	0.00715	0.00715	0.01021	0.00919	0.01328	0.01532	0.02247	0.01430	0.04290	0.77631	0.00919	0.01532	0.00613	0.00306	0.00511
18	0.00817	0.00613	0.00919	0.00919	0.01021	0.00715	0.00715	0.01021	0.00919	0.01328	0.01532	0.02247	0.01430	0.04290	0.77631	0.00919	0.01532	0.00613	0.00306	0.00511

[dist]
# distance from previous block
# <min> <max>
0	1

[block]
# block no. 4 follows, 41 sequences, length 8
# corresponding to MSA columns:
# 414-421
name=unknown_E
#
# <colnr> <probs for GDERKNQSTAVLIFYWHMCP>
#	G	D	E	R	K	N	Q	S	T	A	V	L	I	F	Y	W	H	M	C	P
0	0.02508	0.01067	0.01385	0.01062	0.01507	0.00980	0.00877	0.13463	0.01794	0.65830	0.02125	0.01861	0.01350	0.00705	0.00575	0.00176	0.00508	0.00566	0.00688	0.00973
1	0.55568	0.01203	0.01076	0.00915	0.01289	0.01365	0.00748	0.15089	0.09768	0.06522	0.01150	0.01199	0.00852	0.00596	0.00431	0.00178	0.00480	0.00399	0.00438	0.00734
2	0.06341	0.01222	0.02010	0.32860	0.33942	0.01352	0.05592	0.03983	0.01252	0.01787	0.01038	0.01429	0.00826	0.00557	0.00608	0.00183	0.03462	0.00506	0.00285	0.00766
3	0.01393	0.01420	0.07027	0.10873	0.13111	0.01348	0.26935	0.06290	0.14221	0.04870	0.05521	0.01760	0.01282	0.00610	0.00613	0.00186	0.00727	0.00618	0.00384	0.00810
4	0.01382	0.25575	0.47121	0.01404	0.02092	0.06831	0.01662	0.01852	0.01239	0.04527	0.00996	0.01139	0.00755	0.00537	0.00491	0.00161	0.00776	0.00390	0.00264	0.00805
5	0.03849	0.03380	0.23666	0.01338	0.01816	0.01164	0.08846	0.01990	0.09945	0.16685	0.12193	0.02109	0.01752	0.00748	0.00665	0.00188	0.05261	0.03163	0.00447	0.00793
6	0.01547	0.18376	0.06439	0.04141	0.01566	0.01368	0.00965	0.03928	0.25097	0.14879	0.10290	0.01939	0.01727	0.00706	0.00534	0.00167	0.00512	0.00568	0.00489	0.04763
7	0.01290	0.12375	0.44811	0.01726	0.08516	0.01454	0.09574	0.06378	0.01339	0.01896	0.04618	0.01381	0.00995	0.00566	0.00545	0.00173	0.00773	0.00477	0.00290	0.00822

[dist]
# distance from previous block
# <min> <max>
8	189

[block]
# block no. 5 follows, 41 sequences, length 149
# corresponding to MSA columns:
# 699-847
name=unknown_F
#
# <colnr> <probs for GDERKNQSTAVLIFYWHMCP>
#	G	D	E	R	K	N	Q	S	T	A	V	L	I	F	Y	W	H	M	C	P
0	0.01498	0.01361	0.02023	0.50290	0.22890	0.03727	0.01674	0.01815	0.04174	0.01869	0.01360	0.01880	0.01108	0.00751	0.00688	0.00235	0.00821	0.00599	0.00375	0.00863
1	0.04524	0.08485	0.53714	0.01586	0.02285	0.01429	0.03333	0.01846	0.01385	0.02022	0.01910	0.02136	0.10874	0.00845	0.00663	0.00230	0.00822	0.00611	0.00385	0.00915
2	0.07564	0.04544	0.01367	0.01152	0.01452	0.01065	0.00901	0.02120	0.06259	0.30835	0.09244	0.12725	0.04152	0.01180	0.00777	0.00248	0.03617	0.09252	0.00662	0.00884
3	0.02167	0.02116	0.16547	0.01549	0.02065	0.09099	0.01378	0.48111	0.02374	0.03176	0.03627	0.01772	0.01288	0.00845	0.00683	0.00223	0.00790	0.00586	0.00567	0.01036
4	0.01352	0.00750	0.00753	0.00741	0.00897	0.00709	0.00535	0.01531	0.01374	0.02370	0.02110	0.02481	0.01706	0.00849	0.00526	0.00187	0.00372	0.00621	0.79452	0.00683
5	0.01444	0.06097	0.70823	0.01764	0.02585	0.01506	0.02127	0.01984	0.01380	0.02045	0.01299	0.01586	0.00998	0.00730	0.00657	0.00230	0.00916	0.00511	0.00341	0.00977
6	0.80500	0.01298	0.01047	0.00951	0.01317	0.01426	0.00745	0.01864	0.01158	0.02784	0.01089	0.01332	0.00897	0.00720	0.00482	0.00228	0.00540	0.00408	0.00449	0.00766
7	0.01692	0.01415	0.01480	0.01344	0.01681	0.01559	0.01018	0.03161	0.72142	0.02619	0.02551	0.02483	0.01973	0.00954	0.00700	0.00245	0.00550	0.00730	0.00667	0.01039
8	0.00996	0.00730	0.00865	0.00958	0.01044	0.00647	0.00645	0.01022	0.01307	0.01741	0.03759	0.64633	0.15411	0.01870	0.00833	0.00275	0.00428	0.01598	0.00618	0.00621
9	0.01690	0.01290	0.04153	0.52280	0.05524	0.01336	0.04039	0.01956	0.01435	0.17148	0.01559	0.01975	0.01174	0.00781	0.00694	0.00238	0.00797	0.00614	0.00448	0.00869
10	0.02629	0.01384	0.01639	0.01306	0.01759	0.01323	0.01038	0.26506	0.03811	0.47854	0.02194	0.02119	0.01519	0.00883	0.00693	0.00227	0.00629	0.00643	0.00739	0.01102
11	0.01084	0.00799	0.00944	0.00896	0.01063	0.00706	0.00651	0.01246	0.01722	0.02400	0.61280	0.04730	0.17198	0.01376	0.00789	0.00233	0.00379	0.01129	0.00696	0.00680
12	0.01718	0.61428	0.17888	0.01297	0.01864	0.02175	0.01315	0.01913	0.01347	0.01712	0.01134	0.01379	0.01005	0.00691	0.00530	0.00188	0.00749	0.00427	0.00344	0.00897
13	0.01583	0.01285	0.03868	0.01237	0.01729	0.01002	0.08310	0.01772	0.01416	0.09385	0.01580	0.07017	0.01368	0.00748	0.00614	0.00173	0.00590	0.00583	0.00475	0.55266
14	0.01466	0.01212	0.01377	0.01041	0.01555	0.00928	0.00800	0.01633	0.01361	0.02113	0.01299	0.01577	0.01115	0.00617	0.00549	0.00140	0.00522	0.00436	0.00434	0.79822
15	0.01181	0.01093	0.08481	0.01175	0.03859	0.00856	0.03459	0.01407	0.01688	0.02393	0.54408	0.04197	0.06570	0.01254	0.00779	0.00237	0.00484	0.05098	0.00642	0.00737
16	0.01498	0.01411	0.04631	0.43395	0.32216	0.01450	0.01753	0.01780	0.01384	0.01900	0.01322	0.01848	0.01088	0.00734	0.00687	0.00233	0.00816	0.00595	0.00364	0.00894
17	0.01557	0.01521	0.02390	0.01931	0.02128	0.01785	0.22595	0.01705	0.01203	0.01781	0.01163	0.01725	0.01057	0.01018	0.01587	0.00282	0.52758	0.00641	0.00361	0.00814
18	0.01554	0.01479	0.01914	0.01666	0.01702	0.04059	0.01344	0.01599	0.01086	0.01649	0.01049	0.01633	0.01022	0.01157	0.01898	0.00295	0.73184	0.00586	0.00351	0.00773
19	0.02410	0.01771	0.01884	0.01489	0.01955	0.01894	0.01191	0.71337	0.02797	0.03776	0.01640	0.01756	0.01235	0.00869	0.00691	0.00223	0.00719	0.00604	0.00657	0.01103
20	0.01114	0.00826	0.01122	0.01110	0.01236	0.00883	0.00836	0.01233	0.01106	0.01602	0.01791	0.02591	0.01671	0.04310	0.74288	0.00937	0.01581	0.00697	0.00403	0.00662
21	0.80500	0.01298	0.01047	0.00951	0.01317	0.01426	0.00745	0.01864	0.01158	0.02784	0.01089	0.01332	0.00897	0.00720	0.00482	0.00228	0.00540	0.00408	0.00449	0.00766
22	0.01365	0.01212	0.01883	0.75227	0.04023	0.01414	0.01670	0.01654	0.01320	0.01729	0.01299	0.01901	0.01034	0.00759	0.00691	0.00241	0.00846	0.00598	0.00353	0.00781
23	0.01864	0.01996	0.01868	0.01656	0.01796	0.30650	0.01293	0.01917	0.01347	0.01657	0.01096	0.01556	0.01017	0.01013	0.01421	0.00259	0.45902	0.00540	0.00367	0.00786
24	0.01429	0.03067	0.73722	0.01789	0.02625	0.01469	0.02171	0.01988	0.01381	0.02063	0.01308	0.01598	0.00997	0.00732	0.00663	0.00232	0.00925	0.00516	0.00341	0.00981
25	0.80500	0.01298	0.01047	0.00951	0.01317	0.01426	0.00745	0.01864	0.01158	0.02784	0.01089	0.01332	0.00897	0.00720	0.00482	0.00228	0.00540	0.00408	0.00449	0.00766
26	0.02784	0.01171	0.01512	0.01204	0.01655	0.01003	0.00956	0.02920	0.01792	0.73612	0.02483	0.02304	0.01658	0.00889	0.00694	0.00228	0.00583	0.00661	0.00787	0.01104
27	0.01282	0.00716	0.00956	0.00944	0.00972	0.00675	0.00627	0.00969	0.00940	0.01282	0.01277	0.02105	0.01254	0.02111	0.02279	0.79672	0.00592	0.00586	0.00348	0.00411
28	0.01214	0.00870	0.01125	0.01238	0.01392	0.00829	0.01033	0.01390	0.01486	0.01968	0.03220	0.06607	0.03449	0.01722	0.00899	0.00311	0.00621	0.69336	0.00614	0.00677
29	0.01685	0.01539	0.02462	0.03585	0.73161	0.01498	0.01830	0.01934	0.01472	0.02118	0.01356	0.01797	0.01171	0.00700	0.00685	0.00222	0.00767	0.00599	0.00381	0.01039
30	0.01794	0.76878	0.03107	0.01167	0.01663	0.02362	0.01088	0.01894	0.01338	0.01619	0.01087	0.01321	0.01007	0.00680	0.00495	0.00176	0.00702	0.00404	0.00344	0.00875
31	0.01466	0.01212	0.01377	0.01041	0.01555	0.00928	0.00800	0.01633	0.01361	0.02113	0.01299	0.01577	0.01115	0.00617	0.00549	0.00140	0.00522	0.00436	0.00434	0.79822
32	0.02219	0.01133	0.01380	0.01182	0.01538	0.01042	0.00906	0.04088	0.13513	0.45127	0.02743	0.15320	0.04602	0.01104	0.00724	0.00241	0.00548	0.00867	0.00728	0.00992
33	0.02774	0.01187	0.01522	0.01212	0.01663	0.01027	0.00962	0.04732	0.01818	0.71762	0.02461	0.02289	0.01647	0.00888	0.00694	0.00228	0.00586	0.00660	0.00783	0.01104
34	0.01534	0.01402	0.02253	0.30910	0.32336	0.01445	0.09608	0.01855	0.04203	0.01975	0.01434	0.03573	0.01207	0.00756	0.00700	0.00232	0.00807	0.00642	0.00389	0.02739
35	0.01769	0.74136	0.03030	0.01158	0.01641	0.02302	0.01073	0.01872	0.01354	0.01651	0.03677	0.01436	0.01167	0.00704	0.00506	0.00178	0.00690	0.00429	0.00358	0.00868
36	0.04694	0.58081	0.02772	0.01229	0.01713	0.02228	0.01098	0.16815	0.01645	0.02123	0.01206	0.01415	0.01052	0.00722	0.00537	0.00188	0.00700	0.00447	0.00415	0.00920
37	0.01456	0.01305	0.02047	0.54932	0.23609	0.01438	0.01715	0.01733	0.01363	0.01839	0.01315	0.01871	0.01073	0.00742	0.00689	0.00236	0.00824	0.00598	0.00361	0.00854
38	0.00979	0.00795	0.00798	0.00786	0.00998	0.00661	0.00568	0.01042	0.01473	0.01809	0.05862	0.05702	0.72984	0.01596	0.00790	0.00244	0.00395	0.01265	0.00618	0.00635
39	0.01114	0.00826	0.01122	0.01110	0.01236	0.00883	0.00836	0.01233	0.01106	0.01602	0.01791	0.02591	0.01671	0.04310	0.74288	0.00937	0.01581	0.00697	0.00403	0.00662
40	0.01103	0.00799	0.00970	0.00916	0.01075	0.00714	0.00666	0.01282	0.01767	0.02506	0.71239	0.04555	0.07173	0.01336	0.00789	0.00232	0.00376	0.01104	0.00710	0.00688
41	0.01692	0.01415	0.01480	0.01344	0.01681	0.01559	0.01018	0.03161	0.72142	0.02619	0.02551	0.02483	0.01973	0.00954	0.00700	0.00245	0.00550	0.00730	0.00667	0.01039
42	0.02374	0.02845	0.01792	0.01640	0.01949	0.74315	0.01208	0.02439	0.01776	0.01670	0.01172	0.01430	0.01009	0.00776	0.00637	0.00200	0.01103	0.00464	0.00392	0.00807
43	0.01114	0.00826	0.01122	0.01110	0.01236	0.00883	0.00836	0.01233	0.01106	0.01602	0.01791	0.02591	0.01671	0.04310	0.74288	0.00937	0.01581	0.00697	0.00403	0.00662
44	0.01114	0.00826	0.01122	0.01110	0.01236	0.00883	0.00836	0.01233	0.01106	0.01602	0.01791	0.02591	0.01671	0.04310	0.74288	0.00937	0.01581	0.00697	0.00403	0.00662
45	0.01114	0.00826	0.01122	0.01110	0.01236	0.00883	0.00836	0.01233	0.01106	0.01602	0.01791	0.02591	0.01671	0.04310	0.74288	0.00937	0.01581	0.00697	0.00403	0.00662
46	0.80500	0.01298	0.01047	0.00951	0.01317	0.01426	0.00745	0.01864	0.01158	0.02784	0.01089	0.01332	0.00897	0.00720	0.00482	0.00228	0.00540	0.00408	0.00449	0.00766
47	0.02374	0.02845	0.01792	0.01640	0.01949	0.74315	0.01208	0.02439	0.01776	0.01670	0.01172	0.01430	0.01009	0.00776	0.00637	0.00200	0.01103	0.00464	0.00392	0.00807
48	0.02399	0.02099	0.01856	0.01535	0.01953	0.23976	0.01197	0.50330	0.02485	0.03134	0.01497	0.01657	0.01166	0.00840	0.00674	0.00216	0.00836	0.00561	0.00576	0.01013
49	0.00999	0.00717	0.00878	0.00993	0.01053	0.00644	0.00660	0.01018	0.01274	0.01728	0.03339	0.76396	0.03919	0.01924	0.00842	0.00281	0.00435	0.01665	0.00618	0.00618
50	0.01142	0.00808	0.00981	0.00921	0.01088	0.00721	0.00672	0.01319	0.01764	0.04199	0.68837	0.04514	0.07803	0.01329	0.00787	0.00232	0.00381	0.01095	0.00710	0.00698
51	0.01321	0.03025	0.74957	0.01728	0.02567	0.01415	0.02149	0.01920	0.01315	0.01967	0.01200	0.01448	0.00893	0.00659	0.00617	0.00213	0.00895	0.00480	0.00303	0.00929
52	0.01014	0.00688	0.00757	0.00749	0.00767	0.00662	0.00431	0.00967	0.00949	0.01284	0.01954	0.03913	0.02210	0.77820	0.02920	0.00576	0.00612	0.00878	0.00405	0.00444
53	0.01255	0.01137	0.01819	0.76495	0.03991	0.01359	0.01639	0.01580	0.01252	0.01626	0.01190	0.01756	0.00929	0.00687	0.00645	0.00222	0.00814	0.00563	0.00315	0.00725
54	0.02284	0.02762	0.01730	0.01570	0.01880	0.73047	0.01168	0.04788	0.01752	0.01640	0.01078	0.01288	0.00912	0.00707	0.00592	0.00181	0.01062	0.00432	0.00364	0.00762
55	0.00883	0.00632	0.00796	0.00917	0.00967	0.00575	0.00610	0.00933	0.01205	0.01625	0.03267	0.77599	0.03866	0.01873	0.00799	0.00262	0.00395	0.01650	0.00584	0.00559
56	0.01415	0.22147	0.56663	0.01567	0.02318	0.01646	0.01868	0.01896	0.01303	0.01851	0.01143	0.01376	0.00895	0.00646	0.00574	0.00198	0.00837	0.00451	0.00304	0.00902
57	0.02283	0.02799	0.01726	0.01576	0.01880	0.75579	0.01169	0.02380	0.01716	0.01566	0.01062	0.01277	0.00904	0.00704	0.00590	0.00180	0.01076	0.00427	0.00355	0.00752
58	0.01012	0.00687	0.00758	0.00752	0.00770	0.00661	0.00434	0.00967	0.00954	0.01290	0.01978	0.05223	0.02239	0.76470	0.02882	0.00570	0.00608	0.00891	0.00408	0.00446
59	0.01580	0.01475	0.02438	0.03525	0.72267	0.01447	0.03889	0.01868	0.01408	0.02021	0.01250	0.01654	0.01068	0.00626	0.00643	0.00202	0.00741	0.00569	0.00344	0.00984
60	0.01518	0.01649	0.03432	0.02487	0.03067	0.01530	0.72293	0.01940	0.01453	0.01987	0.01327	0.01774	0.01032	0.00600	0.00745	0.00224	0.01010	0.00725	0.00349	0.00857
61	0.81822	0.01224	0.00968	0.00874	0.01236	0.01371	0.00696	0.01794	0.01087	0.02701	0.00976	0.01177	0.00790	0.00647	0.00433	0.00209	0.00503	0.00370	0.00412	0.00709
62	0.01080	0.01017	0.01716	0.78523	0.03940	0.01271	0.01589	0.01461	0.01144	0.01461	0.01017	0.01525	0.00762	0.00572	0.00572	0.00191	0.00762	0.00508	0.00254	0.00635
63	0.00994	0.00497	0.00745	0.00745	0.00745	0.00497	0.00497	0.00745	0.00745	0.00994	0.00994	0.01739	0.00994	0.01987	0.02235	0.83358	0.00497	0.00497	0.00248	0.00248
64	0.02174	0.01602	0.01717	0.01316	0.01774	0.01774	0.01087	0.74423	0.02689	0.03605	0.01373	0.01373	0.00973	0.00687	0.00572	0.00172	0.00629	0.00515	0.00572	0.00973
65	0.02137	0.02726	0.01621	0.01474	0.01768	0.77602	0.01105	0.02284	0.01621	0.01400	0.00884	0.01031	0.00737	0.00589	0.00516	0.00147	0.01031	0.00368	0.00295	0.00663
66	0.00844	0.00603	0.00832	0.00959	0.01058	0.00591	0.00782	0.01054	0.01252	0.01645	0.05173	0.30548	0.03515	0.01638	0.00767	0.00251	0.00455	0.46997	0.00531	0.00507
67	0.00818	0.00609	0.00902	0.00902	0.00998	0.00706	0.00693	0.01010	0.00914	0.01315	0.01548	0.02335	0.01468	0.08731	0.73243	0.00898	0.01475	0.00626	0.00309	0.00501
68	0.01416	0.01359	0.02322	0.03511	0.76330	0.01359	0.01755	0.01755	0.01302	0.01869	0.01076	0.01416	0.00906	0.00510	0.00566	0.00170	0.00680	0.00510	0.00283	0.00906
69	0.00701	0.00501	0.00667	0.00794	0.00830	0.00467	0.00531	0.00806	0.01113	0.01488	0.05600	0.76998	0.03837	0.01771	0.00728	0.00231	0.00330	0.01606	0.00534	0.00467
70	0.01186	0.01017	0.01186	0.00847	0.01356	0.00762	0.00678	0.01440	0.01186	0.01864	0.01017	0.01186	0.00847	0.00424	0.00424	0.00085	0.00424	0.00339	0.00339	0.83395
71	0.00817	0.00613	0.00919	0.00919	0.01021	0.00715	0.00715	0.01021	0.00919	0.01328	0.01532	0.02247	0.01430	0.04290	0.77631	0.00919	0.01532	0.00613	0.00306	0.00511
72	0.02137	0.02726	0.01621	0.01474	0.01768	0.77602	0.01105	0.02284	0.01621	0.01400	0.00884	0.01031	0.00737	0.00589	0.00516	0.00147	0.01031	0.00368	0.00295	0.00663
73	0.00994	0.00497	0.00745	0.00745	0.00745	0.00497	0.00497	0.00745	0.00745	0.00994	0.00994	0.01739	0.00994	0.01987	0.02235	0.83358	0.00497	0.00497	0.00248	0.00248
74	0.00676	0.00579	0.00579	0.00579	0.00773	0.00483	0.00435	0.00821	0.01304	0.01545	0.05794	0.05505	0.76098	0.01449	0.00676	0.00193	0.00290	0.01207	0.00531	0.00483
75	0.83938	0.01106	0.00841	0.00752	0.01106	0.01283	0.00619	0.01681	0.00973	0.02566	0.00796	0.00929	0.00619	0.00531	0.00354	0.00177	0.00442	0.00310	0.00354	0.00619
76	0.01423	0.01229	0.01293	0.01164	0.01487	0.01423	0.00905	0.03039	0.75297	0.02393	0.02328	0.02134	0.01746	0.00776	0.00582	0.00194	0.00453	0.00647	0.00582	0.00905
77	0.83938	0.01106	0.00841	0.00752	0.01106	0.01283	0.00619	0.01681	0.00973	0.02566	0.00796	0.00929	0.00619	0.00531	0.00354	0.00177	0.00442	0.00310	0.00354	0.00619
78	0.01251	0.01251	0.01752	0.01502	0.01502	0.01752	0.01251	0.01377	0.00876	0.01377	0.00751	0.01251	0.00751	0.01001	0.01877	0.00250	0.78851	0.00501	0.00250	0.00626
79	0.00810	0.00585	0.00765	0.00720	0.00855	0.00540	0.00540	0.01079	0.01619	0.02294	0.76028	0.04273	0.05397	0.01169	0.00675	0.00180	0.00270	0.01034	0.00630	0.00540
80	0.00810	0.00585	0.00765	0.00720	0.00855	0.00540	0.00540	0.01079	0.01619	0.02294	0.76028	0.04273	0.05397	0.01169	0.00675	0.00180	0.00270	0.01034	0.00630	0.00540
81	0.00819	0.00606	0.00884	0.00884	0.00973	0.00696	0.00670	0.00998	0.00909	0.01301	0.01565	0.02428	0.01508	0.13423	0.68606	0.00875	0.01414	0.00639	0.00311	0.00491
82	0.01417	0.01616	0.02871	0.13237	0.05531	0.11398	0.51716	0.01836	0.01354	0.01724	0.01098	0.01469	0.00837	0.00510	0.00636	0.00186	0.00934	0.00605	0.00285	0.00742
83	0.83938	0.01106	0.00841	0.00752	0.01106	0.01283	0.00619	0.01681	0.00973	0.02566	0.00796	0.00929	0.00619	0.00531	0.00354	0.00177	0.00442	0.00310	0.00354	0.00619
84	0.05757	0.00979	0.01308	0.01007	0.01446	0.00858	0.00832	0.02744	0.01611	0.73818	0.02199	0.01907	0.01385	0.00701	0.00567	0.00177	0.00485	0.00565	0.00694	0.00960
85	0.00832	0.00555	0.00624	0.00624	0.00624	0.00555	0.00347	0.00832	0.00832	0.01109	0.01802	0.03743	0.02080	0.79898	0.02911	0.00555	0.00555	0.00832	0.00347	0.00347
86	0.00817	0.00612	0.00915	0.00915	0.01015	0.00713	0.00709	0.01018	0.00918	0.01324	0.01536	0.02270	0.01440	0.05456	0.76479	0.00914	0.01517	0.00616	0.00307	0.00508
87	0.00817	0.00613	0.00919	0.00919	0.01021	0.00715	0.00715	0.01021	0.00919	0.01328	0.01532	0.02247	0.01430	0.04290	0.77631	0.00919	0.01532	0.00613	0.00306	0.00511
88	0.02137	0.02726	0.01621	0.01474	0.01768	0.77602	0.01105	0.02284	0.01621	0.01400	0.00884	0.01031	0.00737	0.00589	0.00516	0.00147	0.01031	0.00368	0.00295	0.00663
89	0.01080	0.01017	0.01716	0.78523	0.03940	0.01271	0.01589	0.01461	0.01144	0.01461	0.01017	0.01525	0.00762	0.00572	0.00572	0.00191	0.00762	0.00508	0.00254	0.00635
90	0.02566	0.00973	0.01327	0.01018	0.01460	0.00841	0.00841	0.02788	0.01637	0.76726	0.02257	0.01947	0.01416	0.00708	0.00575	0.00177	0.00487	0.00575	0.00708	0.00973
91	0.00832	0.00555	0.00624	0.00624	0.00624	0.00555	0.00347	0.00832	0.00832	0.01109	0.01802	0.03743	0.02080	0.79898	0.02911	0.00555	0.00555	0.00832	0.00347	0.00347
92	0.01423	0.01229	0.01293	0.01164	0.01487	0.01423	0.00905	0.03039	0.75297	0.02393	0.02328	0.02134	0.01746	0.00776	0.00582	0.00194	0.00453	0.00647	0.00582	0.00905
93	0.01408	0.01351	0.02307	0.05292	0.74611	0.01357	0.01751	0.01748	0.01299	0.01859	0.01075	0.01418	0.00903	0.00511	0.00566	0.00170	0.00681	0.00510	0.00282	0.00900
94	0.02137	0.02726	0.01621	0.01474	0.01768	0.77602	0.01105	0.02284	0.01621	0.01400	0.00884	0.01031	0.00737	0.00589	0.00516	0.00147	0.01031	0.00368	0.00295	0.00663
95	0.00676	0.00579	0.00579	0.00579	0.00773	0.00483	0.00435	0.00821	0.01304	0.01545	0.05794	0.05505	0.76098	0.01449	0.00676	0.00193	0.00290	0.01207	0.00531	0.00483
96	0.00676	0.00579	0.00579	0.00579	0.00773	0.00483	0.00435	0.00821	0.01304	0.01545	0.05794	0.05505	0.76098	0.01449	0.00676	0.00193	0.00290	0.01207	0.00531	0.00483
97	0.01416	0.01359	0.02322	0.03511	0.76330	0.01359	0.01755	0.01755	0.01302	0.01869	0.01076	0.01416	0.00906	0.00510	0.00566	0.00170	0.00680	0.00510	0.00283	0.00906
98	0.00817	0.00613	0.00919	0.00919	0.01021	0.00715	0.00715	0.01021	0.00919	0.01328	0.01532	0.02247	0.01430	0.04290	0.77631	0.00919	0.01532	0.00613	0.00306	0.00511
99	0.01547	0.78009	0.02958	0.00993	0.01477	0.04434	0.00982	0.01729	0.01175	0.01347	0.00798	0.00921	0.00734	0.00492	0.00371	0.00123	0.00624	0.00308	0.00246	0.00732
100	0.00697	0.00498	0.00664	0.00796	0.00830	0.00465	0.00531	0.00796	0.01095	0.01460	0.03153	0.79525	0.03783	0.01792	0.00730	0.00232	0.00332	0.01626	0.00531	0.00465
101	0.01128	0.01065	0.01801	0.67934	0.14158	0.01283	0.01612	0.01503	0.01166	0.01519	0.01025	0.01510	0.00783	0.00563	0.00571	0.00188	0.00751	0.00509	0.00258	0.00674
102	0.01287	0.01474	0.05510	0.02207	0.02736	0.01339	0.62235	0.01747	0.01341	0.01816	0.01398	0.02175	0.01181	0.00628	0.00686	0.00202	0.00903	0.10076	0.00319	0.00742
103	0.01092	0.01029	0.01737	0.75899	0.06472	0.01274	0.01594	0.01472	0.01149	0.01476	0.01019	0.01521	0.00768	0.00570	0.00572	0.00190	0.00760	0.00508	0.00255	0.00645
104	0.00893	0.00586	0.00729	0.00718	0.00762	0.00608	0.00464	0.00956	0.00886	0.04021	0.01747	0.03275	0.01881	0.56691	0.22805	0.00638	0.00813	0.00764	0.00349	0.00414
105	0.00814	0.00587	0.00771	0.00732	0.00867	0.00544	0.00554	0.01083	0.01608	0.02272	0.73263	0.04355	0.05317	0.01185	0.00679	0.00183	0.00280	0.03741	0.00626	0.00539
106	0.02538	0.01019	0.01355	0.01039	0.01483	0.00908	0.00858	0.07956	0.01713	0.71450	0.02193	0.01905	0.01384	0.00706	0.00575	0.00177	0.00497	0.00571	0.00698	0.00973
107	0.05042	0.01366	0.01551	0.01193	0.01642	0.01431	0.00985	0.46938	0.02264	0.29146	0.01663	0.01559	0.01116	0.00689	0.00566	0.00174	0.00573	0.00529	0.00612	0.00961
108	0.00994	0.00497	0.00745	0.00745	0.00745	0.00497	0.00497	0.00745	0.00745	0.00994	0.00994	0.01739	0.00994	0.01987	0.02235	0.83358	0.00497	0.00497	0.00248	0.00248
109	0.02261	0.01058	0.01330	0.01064	0.01477	0.01018	0.00865	0.05019	0.20568	0.55443	0.02248	0.01978	0.01487	0.00725	0.00577	0.00181	0.00482	0.00592	0.00672	0.00956
110	0.00757	0.00580	0.00865	0.00924	0.01001	0.00545	0.05527	0.00895	0.01129	0.01504	0.03009	0.68894	0.03551	0.01688	0.00731	0.00232	0.00389	0.06776	0.00514	0.00490
111	0.00697	0.00498	0.00664	0.00796	0.00830	0.00465	0.00531	0.00796	0.01095	0.01460	0.03153	0.79525	0.03783	0.01792	0.00730	0.00232	0.00332	0.01626	0.00531	0.00465
112	0.01206	0.01088	0.01357	0.01045	0.01400	0.01062	0.00851	0.01421	0.01092	0.01716	0.00936	0.01206	0.00818	0.00598	0.00863	0.00135	0.24144	0.00388	0.00312	0.58362
113	0.01529	0.80242	0.02997	0.00979	0.01468	0.02263	0.00979	0.01713	0.01162	0.01346	0.00795	0.00918	0.00734	0.00489	0.00367	0.00122	0.00612	0.00306	0.00245	0.00734
114	0.00984	0.00623	0.00820	0.00749	0.00915	0.00570	0.00570	0.01249	0.01621	0.09687	0.68700	0.04042	0.05002	0.01124	0.00665	0.00180	0.00291	0.00989	0.00637	0.00583
115	0.00810	0.00584	0.00759	0.00716	0.00846	0.00540	0.00532	0.01070	0.01589	0.02249	0.73228	0.04253	0.05272	0.04140	0.00759	0.00194	0.00281	0.01027	0.00619	0.00532
116	0.00817	0.00613	0.00919	0.00919	0.01021	0.00715	0.00715	0.01021	0.00919	0.01328	0.01532	0.02247	0.01430	0.04290	0.77631	0.00919	0.01532	0.00613	0.00306	0.00511
117	0.01147	0.02827	0.71816	0.01674	0.05213	0.01306	0.02052	0.01787	0.01224	0.01828	0.03297	0.01308	0.00873	0.00561	0.00548	0.00181	0.00822	0.00444	0.00255	0.00838
118	0.01529	0.80242	0.02997	0.00979	0.01468	0.02263	0.00979	0.01713	0.01162	0.01346	0.00795	0.00918	0.00734	0.00489	0.00367	0.00122	0.00612	0.00306	0.00245	0.00734
119	0.01423	0.01229	0.01293	0.01164	0.01487	0.01423	0.00905	0.03039	0.75297	0.02393	0.02328	0.02134	0.01746	0.00776	0.00582	0.00194	0.00453	0.00647	0.00582	0.00905
120	0.01450	0.01285	0.01306	0.01176	0.01498	0.04309	0.00913	0.03011	0.72506	0.02355	0.02273	0.02092	0.01708	0.00769	0.00580	0.00192	0.00475	0.00636	0.00571	0.00896
121	0.01182	0.01017	0.01206	0.03790	0.01453	0.00782	0.00712	0.01441	0.01184	0.01849	0.01017	0.01199	0.00844	0.00429	0.00429	0.00089	0.00436	0.00345	0.00336	0.80260
122	0.00994	0.00497	0.00745	0.00745	0.00745	0.00497	0.00497	0.00745	0.00745	0.00994	0.00994	0.01739	0.00994	0.01987	0.02235	0.83358	0.00497	0.00497	0.00248	0.00248
