[name]
unknown

[dist]
# distance from previous block
# <min> <max>
0	76

[block]
# block no. 0 follows, 41 sequences, length 28
# corresponding to MSA columns:
# 82-109
name=unknown_A
#
# <colnr> <probs for GDERKNQSTAVLIFYWHMCP>
#	G	D	E	R	K	N	Q	S	T	A	V	L	I	F	Y	W	H	M	C	P
0	0.01212	0.01124	0.01643	0.08927	0.01707	0.01400	0.07100	0.01342	0.01000	0.01454	0.01222	0.04698	0.01241	0.17006	0.04139	0.00336	0.42862	0.00653	0.00316	0.00619
1	0.01172	0.01078	0.01750	0.74864	0.03878	0.01298	0.01583	0.01521	0.01200	0.01558	0.01105	0.01631	0.00850	0.00625	0.00604	0.00203	0.00777	0.00530	0.00288	0.03486
2	0.01520	0.77596	0.02956	0.00996	0.01469	0.02246	0.00988	0.01701	0.01153	0.01347	0.00794	0.00929	0.00735	0.00506	0.00418	0.00127	0.03232	0.00312	0.00245	0.00730
3	0.01386	0.01468	0.07852	0.05466	0.68818	0.01354	0.01777	0.01751	0.01291	0.01853	0.01071	0.01403	0.00889	0.00514	0.00565	0.00171	0.00694	0.00503	0.00279	0.00894
4	0.00817	0.00613	0.00919	0.00919	0.01021	0.00715	0.00715	0.01021	0.00919	0.01328	0.01532	0.02247	0.01430	0.04290	0.77631	0.00919	0.01532	0.00613	0.00306	0.00511
5	0.01080	0.01017	0.01716	0.78523	0.03940	0.01271	0.01589	0.01461	0.01144	0.01461	0.01017	0.01525	0.00762	0.00572	0.00572	0.00191	0.00762	0.00508	0.00254	0.00635
6	0.00838	0.00590	0.00804	0.00804	0.00877	0.00654	0.00582	0.00984	0.00911	0.01313	0.01637	0.02698	0.01631	0.27219	0.49723	0.00756	0.01150	0.00675	0.05694	0.00462
7	0.00876	0.00660	0.00790	0.06507	0.00991	0.02969	0.00541	0.00953	0.00916	0.01211	0.01781	0.09521	0.01969	0.51978	0.15465	0.00552	0.00736	0.00822	0.00346	0.00416
8	0.02566	0.00973	0.01327	0.01018	0.01460	0.00841	0.00841	0.02788	0.01637	0.76726	0.02257	0.01947	0.01416	0.00708	0.00575	0.00177	0.00487	0.00575	0.00708	0.00973
9	0.01049	0.00537	0.00548	0.00545	0.00679	0.00534	0.00409	0.01316	0.01227	0.02143	0.06743	0.02273	0.01725	0.00699	0.00418	0.00136	0.00267	0.00566	0.77652	0.00534
10	0.00705	0.00507	0.00671	0.00800	0.00842	0.00473	0.00543	0.00812	0.01110	0.01473	0.03229	0.74380	0.05989	0.01773	0.00731	0.00232	0.00338	0.04394	0.00531	0.00468
11	0.00802	0.00573	0.00785	0.00917	0.00996	0.00555	0.00714	0.00978	0.01199	0.01578	0.03094	0.45298	0.03553	0.01693	0.00758	0.00247	0.00423	0.34814	0.00529	0.00494
12	0.06461	0.01022	0.01659	0.73473	0.03756	0.01272	0.01526	0.01476	0.01133	0.01533	0.01002	0.01486	0.00753	0.00569	0.00558	0.00190	0.00742	0.00495	0.00261	0.00634
13	0.02347	0.12114	0.01686	0.01097	0.01554	0.01077	0.05319	0.02579	0.01553	0.61616	0.01985	0.01778	0.01287	0.00664	0.00552	0.00170	0.00533	0.00544	0.00618	0.00928
14	0.01080	0.01017	0.01716	0.78523	0.03940	0.01271	0.01589	0.01461	0.01144	0.01461	0.01017	0.01525	0.00762	0.00572	0.00572	0.00191	0.00762	0.00508	0.00254	0.00635
15	0.00823	0.00551	0.00626	0.00635	0.00637	0.00549	0.00359	0.00830	0.00849	0.01132	0.01890	0.08665	0.02190	0.74826	0.02770	0.00534	0.00540	0.00883	0.00359	0.00354
16	0.01320	0.37848	0.43556	0.01336	0.02021	0.01750	0.01601	0.01767	0.01187	0.01601	0.00922	0.01077	0.00729	0.00519	0.00464	0.00155	0.00740	0.00370	0.00243	0.00795
17	0.01211	0.13143	0.56454	0.07383	0.07305	0.01452	0.01898	0.01768	0.01203	0.01726	0.00998	0.01206	0.00741	0.00536	0.00523	0.00173	0.00797	0.00419	0.00246	0.00819
18	0.06509	0.01634	0.01662	0.01449	0.01548	0.21855	0.01174	0.01636	0.01080	0.01455	0.00789	0.01173	0.00739	0.00863	0.01423	0.00219	0.53435	0.00454	0.00268	0.00635
19	0.01344	0.01274	0.02162	0.12583	0.62867	0.01306	0.01684	0.01685	0.01284	0.01809	0.01187	0.01735	0.01033	0.00582	0.00581	0.00178	0.00680	0.04881	0.00294	0.00850
20	0.06884	0.20166	0.04837	0.01317	0.01673	0.48684	0.01086	0.02091	0.03274	0.01499	0.00896	0.01040	0.00754	0.00578	0.00516	0.00149	0.03212	0.00364	0.00291	0.00689
21	0.01125	0.02803	0.71925	0.01570	0.02369	0.01277	0.02010	0.01763	0.01235	0.01843	0.05959	0.01409	0.01032	0.00585	0.00552	0.00181	0.00807	0.00463	0.00267	0.00825
22	0.01469	0.01461	0.02270	0.03359	0.70787	0.07027	0.01707	0.01795	0.01326	0.01834	0.01062	0.01387	0.00893	0.00516	0.00563	0.00168	0.00706	0.00499	0.00284	0.00888
23	0.01548	0.77796	0.02954	0.00994	0.01478	0.04640	0.00983	0.01731	0.01177	0.01347	0.00798	0.00921	0.00734	0.00493	0.00372	0.00123	0.00625	0.00308	0.00246	0.00732
24	0.00922	0.00658	0.00922	0.01053	0.01185	0.00658	0.00922	0.01185	0.01317	0.01712	0.03029	0.06452	0.03292	0.01580	0.00790	0.00263	0.00527	0.72480	0.00527	0.00527
25	0.00968	0.00642	0.00840	0.03112	0.01041	0.00598	0.00643	0.01217	0.01511	0.08508	0.45220	0.04523	0.15046	0.01219	0.00682	0.00195	0.00348	0.12523	0.00594	0.00570
26	0.01426	0.01392	0.02271	0.06706	0.70565	0.04026	0.01725	0.01761	0.01307	0.01835	0.01067	0.01407	0.00894	0.00515	0.00565	0.00170	0.00695	0.00505	0.00282	0.00886
27	0.02566	0.00973	0.01327	0.01018	0.01460	0.00841	0.00841	0.02788	0.01637	0.76726	0.02257	0.01947	0.01416	0.00708	0.00575	0.00177	0.00487	0.00575	0.00708	0.00973

[dist]
# distance from previous block
# <min> <max>
0	1

[block]
# block no. 1 follows, 41 sequences, length 35
# corresponding to MSA columns:
# 111-145
name=unknown_B
#
# <colnr> <probs for GDERKNQSTAVLIFYWHMCP>
#	G	D	E	R	K	N	Q	S	T	A	V	L	I	F	Y	W	H	M	C	P
0	0.01273	0.01393	0.04827	0.08638	0.14420	0.01309	0.45316	0.01698	0.01313	0.01786	0.01373	0.03624	0.01183	0.00641	0.00659	0.00197	0.00839	0.08444	0.00315	0.00751
1	0.00740	0.00531	0.00711	0.00840	0.00897	0.00502	0.00604	0.00872	0.01143	0.01511	0.03198	0.63535	0.05578	0.01742	0.00740	0.00237	0.00368	0.15244	0.00530	0.00477
2	0.00697	0.00498	0.00664	0.00796	0.00830	0.00465	0.00531	0.00796	0.01095	0.01460	0.03153	0.79525	0.03783	0.01792	0.00730	0.00232	0.00332	0.01626	0.00531	0.00465
3	0.01210	0.01129	0.01907	0.42749	0.33454	0.01262	0.01600	0.01550	0.01201	0.01621	0.01103	0.01641	0.00908	0.00625	0.00631	0.02937	0.00712	0.02755	0.00274	0.00730
4	0.01688	0.04065	0.44071	0.01412	0.02087	0.01228	0.03127	0.07186	0.01451	0.25984	0.01443	0.01457	0.00967	0.00604	0.00554	0.00178	0.00712	0.00481	0.00415	0.00891
5	0.24607	0.01009	0.01196	0.00946	0.01364	0.00961	0.00781	0.02488	0.01457	0.56639	0.01861	0.01671	0.01200	0.00660	0.00515	0.00177	0.00475	0.00503	0.00612	0.00878
6	0.01147	0.02959	0.76934	0.01630	0.02476	0.01328	0.02113	0.01811	0.01208	0.01811	0.01026	0.01208	0.00725	0.00543	0.00543	0.00181	0.00845	0.00423	0.00242	0.00845
7	0.01157	0.02813	0.70906	0.01721	0.06557	0.01314	0.02064	0.01793	0.01216	0.01812	0.01079	0.01348	0.00798	0.00567	0.00551	0.00183	0.00828	0.02203	0.00251	0.00841
8	0.01189	0.11465	0.68797	0.01559	0.02365	0.01431	0.01988	0.01801	0.01203	0.01760	0.01001	0.01176	0.00726	0.00537	0.00524	0.00175	0.00820	0.00410	0.00242	0.00833
9	0.00817	0.00548	0.00628	0.00643	0.00647	0.00545	0.00367	0.00828	0.00861	0.01148	0.01951	0.12084	0.02267	0.71301	0.02671	0.00519	0.00530	0.00919	0.00367	0.00360
10	0.00994	0.00497	0.00745	0.00745	0.00745	0.00497	0.00497	0.00745	0.00745	0.00994	0.00994	0.01739	0.00994	0.01987	0.02235	0.83358	0.00497	0.00497	0.00248	0.00248
11	0.01427	0.03562	0.01671	0.02881	0.01606	0.02614	0.10828	0.05130	0.02802	0.13762	0.01361	0.01732	0.01115	0.03141	0.19868	0.00386	0.22485	0.00566	0.02370	0.00693
12	0.04959	0.01757	0.01476	0.23163	0.04516	0.36485	0.01138	0.03225	0.01391	0.01613	0.01082	0.01369	0.00867	0.00723	0.03257	0.00188	0.00833	0.00443	0.10871	0.00645
13	0.01328	0.01699	0.11471	0.02325	0.02933	0.01433	0.66313	0.01830	0.01334	0.01830	0.01143	0.01506	0.00852	0.00489	0.00661	0.00192	0.00951	0.00647	0.00284	0.00780
14	0.01251	0.01251	0.01752	0.01502	0.01502	0.01752	0.01251	0.01377	0.00876	0.01377	0.00751	0.01251	0.00751	0.01001	0.01877	0.00250	0.78851	0.00501	0.00250	0.00626
15	0.01301	0.01087	0.01247	0.00908	0.01405	0.00892	0.00729	0.09518	0.03428	0.02070	0.01093	0.01233	0.00886	0.00462	0.00444	0.00097	0.00447	0.00367	0.00371	0.72012
16	0.01350	0.01543	0.03375	0.02411	0.02989	0.01446	0.74253	0.01832	0.01350	0.01832	0.01157	0.01543	0.00868	0.00482	0.00675	0.00193	0.00964	0.00675	0.00289	0.00771
17	0.01186	0.01017	0.01186	0.00847	0.01356	0.00762	0.00678	0.01440	0.01186	0.01864	0.01017	0.01186	0.00847	0.00424	0.00424	0.00085	0.00424	0.00339	0.00339	0.83395
18	0.00817	0.00613	0.00919	0.00919	0.01021	0.00715	0.00715	0.01021	0.00919	0.01328	0.01532	0.02247	0.01430	0.04290	0.77631	0.00919	0.01532	0.00613	0.00306	0.00511
19	0.00700	0.00577	0.00585	0.00583	0.00771	0.00488	0.00437	0.00856	0.01312	0.01605	0.08536	0.05292	0.69575	0.01400	0.00663	0.00190	0.00288	0.01168	0.04488	0.00488
20	0.00832	0.00555	0.00624	0.00624	0.00624	0.00555	0.00347	0.00832	0.00832	0.01109	0.01802	0.03743	0.02080	0.79898	0.02911	0.00555	0.00555	0.00832	0.00347	0.00347
21	0.01186	0.01017	0.01186	0.00847	0.01356	0.00762	0.00678	0.01440	0.01186	0.01864	0.01017	0.01186	0.00847	0.00424	0.00424	0.00085	0.00424	0.00339	0.00339	0.83395
22	0.01460	0.66231	0.16401	0.01097	0.01651	0.02094	0.01184	0.01731	0.01170	0.01430	0.00837	0.00970	0.00732	0.00499	0.00399	0.00133	0.00654	0.00327	0.00244	0.00754
23	0.02150	0.01574	0.01781	0.01357	0.01820	0.01721	0.04581	0.68096	0.02583	0.06430	0.01398	0.01404	0.00985	0.00678	0.00577	0.00173	0.00640	0.00525	0.00564	0.00963
24	0.01186	0.01017	0.01186	0.00847	0.01356	0.00762	0.00678	0.01440	0.01186	0.01864	0.01017	0.01186	0.00847	0.00424	0.00424	0.00085	0.00424	0.00339	0.00339	0.83395
25	0.80644	0.01180	0.03869	0.00787	0.01161	0.01285	0.00679	0.01687	0.00983	0.02536	0.00806	0.00940	0.00624	0.00531	0.00362	0.00177	0.00459	0.00314	0.00349	0.00628
26	0.83938	0.01106	0.00841	0.00752	0.01106	0.01283	0.00619	0.01681	0.00973	0.02566	0.00796	0.00929	0.00619	0.00531	0.00354	0.00177	0.00442	0.00310	0.00354	0.00619
27	0.01505	0.01270	0.01340	0.01181	0.01519	0.01461	0.00925	0.10896	0.67305	0.02526	0.02223	0.02050	0.01661	0.00766	0.00581	0.00192	0.00472	0.00632	0.00581	0.00913
28	0.02131	0.01560	0.01670	0.01285	0.01730	0.01725	0.01060	0.71548	0.02631	0.03547	0.01393	0.01403	0.00992	0.00686	0.00565	0.00170	0.00615	0.00516	0.03817	0.00955
29	0.00833	0.00632	0.00933	0.00924	0.01017	0.00743	0.00714	0.01024	0.00913	0.01318	0.01519	0.02291	0.01440	0.08197	0.70959	0.00876	0.04231	0.00620	0.00307	0.00506
30	0.01177	0.02783	0.68722	0.01837	0.10604	0.01332	0.02074	0.01805	0.01218	0.01818	0.01032	0.01231	0.00745	0.00540	0.00546	0.00180	0.00827	0.00432	0.00246	0.00852
31	0.01080	0.01017	0.01716	0.78523	0.03940	0.01271	0.01589	0.01461	0.01144	0.01461	0.01017	0.01525	0.00762	0.00572	0.00572	0.00191	0.00762	0.00508	0.00254	0.00635
32	0.00865	0.00683	0.01011	0.00983	0.01074	0.00829	0.00774	0.01060	0.00914	0.01333	0.01446	0.02137	0.01355	0.03928	0.69293	0.00846	0.10042	0.00600	0.00300	0.00523
33	0.01196	0.15326	0.62017	0.01489	0.02249	0.01448	0.01868	0.01767	0.01216	0.01755	0.03939	0.01281	0.00910	0.00559	0.00520	0.00172	0.00785	0.00428	0.00257	0.00815
34	0.04030	0.00586	0.00586	0.00577	0.00724	0.00601	0.00435	0.01410	0.04727	0.02128	0.01825	0.02079	0.01436	0.00704	0.00459	0.02487	0.00288	0.00530	0.73842	0.00546

[dist]
# distance from previous block
# <min> <max>
0	1

[block]
# block no. 2 follows, 41 sequences, length 7
# corresponding to MSA columns:
# 147-153
name=unknown_C
#
# <colnr> <probs for GDERKNQSTAVLIFYWHMCP>
#	G	D	E	R	K	N	Q	S	T	A	V	L	I	F	Y	W	H	M	C	P
0	0.01416	0.01359	0.02322	0.03511	0.76330	0.01359	0.01755	0.01755	0.01302	0.01869	0.01076	0.01416	0.00906	0.00510	0.00566	0.00170	0.00680	0.00510	0.00283	0.00906
1	0.00896	0.00598	0.00767	0.00729	0.00869	0.00548	0.00538	0.01122	0.01502	0.06554	0.55432	0.11072	0.09907	0.05937	0.00808	0.00208	0.00307	0.01061	0.00601	0.00543
2	0.01186	0.01017	0.01186	0.00847	0.01356	0.00762	0.00678	0.01440	0.01186	0.01864	0.01017	0.01186	0.00847	0.00424	0.00424	0.00085	0.00424	0.00339	0.00339	0.83395
3	0.01232	0.07715	0.67720	0.01580	0.02370	0.06095	0.01981	0.01835	0.01230	0.01757	0.01003	0.01179	0.00726	0.00543	0.00531	0.00175	0.00842	0.00412	0.00245	0.00827
4	0.01121	0.00746	0.00843	0.00827	0.00860	0.09124	0.00565	0.00917	0.00843	0.01039	0.00981	0.01660	0.00965	0.01831	0.02043	0.74048	0.00557	0.00482	0.00254	0.00295
5	0.01081	0.00554	0.00603	0.00601	0.00738	0.00541	0.00447	0.01325	0.01236	0.05796	0.06816	0.11538	0.01994	0.00836	0.00466	0.00150	0.00286	0.00699	0.63746	0.00547
6	0.00697	0.00498	0.00664	0.00796	0.00830	0.00465	0.00531	0.00796	0.01095	0.01460	0.03153	0.79525	0.03783	0.01792	0.00730	0.00232	0.00332	0.01626	0.00531	0.00465

[dist]
# distance from previous block
# <min> <max>
0	422

# created by:
# /software/SequenceAnalysis/GenePrediction/augustus/3.0.1/scripts/msa2prfl.pl ./fixed/BUSCOvEOG7RFN7G.fas
