[name]
unknown

[dist]
# distance from previous block
# <min> <max>
0	149

[block]
# block no. 0 follows, 40 sequences, length 22
# corresponding to MSA columns:
# 152-173
name=unknown_A
#
# <colnr> <probs for GDERKNQSTAVLIFYWHMCP>
#	G	D	E	R	K	N	Q	S	T	A	V	L	I	F	Y	W	H	M	C	P
0	0.02667	0.01042	0.01398	0.01084	0.01536	0.00898	0.00885	0.02869	0.01705	0.75515	0.02354	0.02074	0.01504	0.00768	0.00616	0.00194	0.00520	0.00608	0.00741	0.01024
1	0.02235	0.02803	0.01693	0.01542	0.01846	0.76359	0.01151	0.02363	0.01689	0.01495	0.00975	0.01154	0.00821	0.00649	0.00556	0.00164	0.01068	0.00400	0.00325	0.00712
2	0.01174	0.01085	0.01788	0.77293	0.04027	0.01330	0.01636	0.01537	0.01210	0.01557	0.01108	0.01650	0.00847	0.00631	0.00613	0.00207	0.00797	0.00540	0.00285	0.00685
3	0.01556	0.01335	0.01520	0.01544	0.11103	0.01492	0.01070	0.06570	0.60958	0.02487	0.02213	0.02129	0.01686	0.00797	0.00620	0.00206	0.00525	0.00655	0.00575	0.00959
4	0.01445	0.01614	0.03455	0.02483	0.03072	0.01506	0.72982	0.01909	0.01417	0.01929	0.01250	0.01668	0.00953	0.00541	0.00716	0.00210	0.01000	0.00708	0.00320	0.00821
5	0.02301	0.01629	0.01761	0.01362	0.01829	0.01768	0.01115	0.68170	0.02687	0.08827	0.01530	0.01539	0.01090	0.00748	0.00613	0.00189	0.00653	0.00551	0.00614	0.01023
6	0.00806	0.00576	0.00751	0.00881	0.00929	0.00535	0.00603	0.00898	0.01177	0.01574	0.03245	0.72981	0.03844	0.01841	0.00776	0.00251	0.00379	0.06871	0.00562	0.00518
7	0.02235	0.02803	0.01693	0.01542	0.01846	0.76359	0.01151	0.02363	0.01689	0.01495	0.00975	0.01154	0.00821	0.00649	0.00556	0.00164	0.01068	0.00400	0.00325	0.00712
8	0.00909	0.00680	0.00988	0.00985	0.01095	0.00771	0.00759	0.01095	0.00984	0.01422	0.01626	0.02375	0.01518	0.04366	0.76374	0.00939	0.01570	0.00645	0.00337	0.00559
9	0.82760	0.01175	0.00909	0.00817	0.01180	0.01342	0.00663	0.01758	0.01038	0.02667	0.00887	0.01052	0.00703	0.00590	0.00394	0.00194	0.00476	0.00341	0.00385	0.00669
10	0.01160	0.00600	0.00600	0.00597	0.00739	0.00589	0.00442	0.01407	0.01266	0.02231	0.01962	0.02260	0.01554	0.00726	0.00440	0.00150	0.00299	0.00565	0.81832	0.00582
11	0.00795	0.00655	0.00684	0.00696	0.00890	0.00557	0.00530	0.00933	0.01372	0.01659	0.05605	0.05751	0.67095	0.01526	0.00730	0.00217	0.00348	0.08857	0.00562	0.00536
12	0.01044	0.00683	0.00879	0.00809	0.00977	0.00620	0.00607	0.01291	0.01689	0.08287	0.68972	0.04222	0.05180	0.01194	0.00708	0.00196	0.00320	0.01032	0.00668	0.00624
13	0.01579	0.02563	0.58066	0.01553	0.02314	0.01271	0.01860	0.02121	0.01376	0.19378	0.01412	0.01508	0.00974	0.00642	0.00592	0.00197	0.00795	0.00491	0.00383	0.00926
14	0.02186	0.08946	0.01805	0.01502	0.01821	0.70392	0.01141	0.02317	0.01652	0.01490	0.00968	0.01145	0.00821	0.00641	0.00544	0.00162	0.01034	0.00395	0.00321	0.00718
15	0.05635	0.04183	0.08756	0.01111	0.01637	0.01057	0.04366	0.04115	0.01325	0.07259	0.01190	0.01368	0.00948	0.00550	0.00537	0.00136	0.02628	0.00419	0.00387	0.52392
16	0.01449	0.19962	0.17459	0.02035	0.05251	0.01671	0.39720	0.01874	0.01343	0.01812	0.01136	0.01451	0.00895	0.00556	0.00614	0.00190	0.00883	0.00566	0.00300	0.00832
17	0.01554	0.01316	0.01384	0.01238	0.01577	0.01499	0.00959	0.06470	0.70644	0.02550	0.02380	0.02225	0.01798	0.00832	0.00623	0.00210	0.00495	0.00673	0.00614	0.00959
18	0.01502	0.01597	0.02004	0.01678	0.01805	0.13832	0.10081	0.01655	0.01120	0.01531	0.00913	0.01376	0.00848	0.00931	0.01554	0.00243	0.55806	0.00533	0.00293	0.00699
19	0.01241	0.03036	0.75700	0.01699	0.02556	0.01388	0.02164	0.01888	0.01274	0.01908	0.01118	0.01331	0.00809	0.00602	0.00584	0.00198	0.00880	0.00454	0.00272	0.00895
20	0.00817	0.00590	0.00772	0.00736	0.00867	0.00545	0.00548	0.01083	0.01619	0.02289	0.71981	0.08113	0.05404	0.01221	0.00689	0.00186	0.00278	0.01082	0.00635	0.00545
21	0.00756	0.00586	0.00864	0.00912	0.00993	0.00545	0.05693	0.00886	0.01139	0.01511	0.03181	0.69112	0.07236	0.02639	0.00762	0.00235	0.00383	0.01554	0.00520	0.00494

[dist]
# distance from previous block
# <min> <max>
0	2

[block]
# block no. 1 follows, 40 sequences, length 8
# corresponding to MSA columns:
# 176-183
name=unknown_B
#
# <colnr> <probs for GDERKNQSTAVLIFYWHMCP>
#	G	D	E	R	K	N	Q	S	T	A	V	L	I	F	Y	W	H	M	C	P
0	0.01076	0.01005	0.01396	0.01277	0.01289	0.01325	0.01017	0.01194	0.00968	0.01429	0.01614	0.28426	0.01838	0.01298	0.01502	0.00248	0.51258	0.00908	0.00354	0.00579
1	0.00837	0.00600	0.00817	0.00817	0.00880	0.00663	0.00580	0.00963	0.00900	0.01263	0.01665	0.02882	0.01713	0.33882	0.48092	0.00789	0.01167	0.00710	0.00328	0.00454
2	0.00783	0.00564	0.00742	0.00759	0.00860	0.00522	0.00546	0.00997	0.01460	0.02037	0.50388	0.30427	0.04915	0.01409	0.00706	0.00201	0.00296	0.01261	0.00605	0.00522
3	0.00999	0.02165	0.50076	0.01285	0.01913	0.01051	0.01554	0.01491	0.01262	0.01747	0.02733	0.02750	0.26863	0.00873	0.00599	0.00188	0.00663	0.00708	0.00348	0.00731
4	0.01381	0.01344	0.02159	0.02857	0.50003	0.01521	0.01606	0.01650	0.01173	0.01725	0.00979	0.01381	0.00866	0.00692	0.01040	0.00201	0.27808	0.00515	0.00276	0.00822
5	0.01206	0.01034	0.01206	0.00861	0.01378	0.00775	0.00689	0.01464	0.01206	0.01895	0.01034	0.01206	0.00861	0.00431	0.00431	0.00086	0.00431	0.00345	0.00345	0.83118
6	0.09384	0.01584	0.01667	0.01288	0.01744	0.01759	0.01063	0.67631	0.02581	0.03572	0.01345	0.01356	0.00957	0.00684	0.00562	0.00175	0.00623	0.00505	0.00562	0.00957
7	0.01713	0.01382	0.01465	0.01237	0.01614	0.01571	0.00985	0.27802	0.49739	0.02862	0.02029	0.01900	0.01501	0.00757	0.00588	0.00189	0.00523	0.00611	0.00588	0.00944

[dist]
# distance from previous block
# <min> <max>
0	2

[block]
# block no. 2 follows, 40 sequences, length 8
# corresponding to MSA columns:
# 186-193
name=unknown_C
#
# <colnr> <probs for GDERKNQSTAVLIFYWHMCP>
#	G	D	E	R	K	N	Q	S	T	A	V	L	I	F	Y	W	H	M	C	P
0	0.02211	0.01629	0.01745	0.01338	0.01803	0.01803	0.01105	0.73997	0.02734	0.03665	0.01396	0.01396	0.00989	0.00698	0.00582	0.00175	0.00640	0.00524	0.00582	0.00989
1	0.01713	0.47482	0.10731	0.01173	0.01700	0.02044	0.01156	0.23880	0.01662	0.02124	0.01014	0.01107	0.00820	0.00565	0.00457	0.00146	0.00654	0.00389	0.00350	0.00833
2	0.00742	0.00585	0.00670	0.00662	0.00823	0.00512	0.00491	0.00936	0.01436	0.01865	0.33228	0.10636	0.42569	0.01387	0.00691	0.00194	0.00290	0.01190	0.00580	0.00512
3	0.00920	0.00791	0.00811	0.00771	0.01008	0.00784	0.00588	0.01525	0.23853	0.01835	0.04812	0.04547	0.53060	0.01263	0.00658	0.00197	0.00345	0.01053	0.00556	0.00622
4	0.02306	0.02226	0.01557	0.01356	0.01702	0.53839	0.01041	0.02479	0.01653	0.24366	0.01326	0.01334	0.00961	0.00636	0.00543	0.00159	0.00879	0.00439	0.00428	0.00771
5	0.01084	0.00542	0.00542	0.00542	0.00678	0.00542	0.00407	0.01355	0.01220	0.02168	0.01897	0.02168	0.01491	0.00678	0.00407	0.00136	0.00271	0.00542	0.82791	0.00542
6	0.58416	0.01097	0.00962	0.00794	0.01202	0.01142	0.00648	0.01634	0.01056	0.02390	0.00878	0.01025	0.00701	0.00506	0.00382	0.00151	0.00444	0.00324	0.00355	0.25892
7	0.00784	0.00628	0.00680	0.00718	0.00870	0.00538	0.00512	0.00893	0.01311	0.01623	0.05087	0.28190	0.52771	0.01623	0.00738	0.00224	0.00339	0.01375	0.00566	0.00531

[dist]
# distance from previous block
# <min> <max>
0	1

[block]
# block no. 3 follows, 40 sequences, length 24
# corresponding to MSA columns:
# 195-218
name=unknown_D
#
# <colnr> <probs for GDERKNQSTAVLIFYWHMCP>
#	G	D	E	R	K	N	Q	S	T	A	V	L	I	F	Y	W	H	M	C	P
0	0.00834	0.00610	0.00867	0.00867	0.00947	0.00690	0.00642	0.00995	0.00915	0.01300	0.01620	0.02628	0.01603	0.21337	0.60486	0.00851	0.01333	0.00673	0.00321	0.00482
1	0.00777	0.00506	0.00693	0.00798	0.00824	0.00480	0.00532	0.00798	0.01033	0.01377	0.02710	0.61708	0.03206	0.01867	0.01088	0.18938	0.00375	0.01394	0.00475	0.00423
2	0.00838	0.00561	0.00636	0.00643	0.00645	0.00559	0.00362	0.00844	0.00860	0.01146	0.01904	0.07758	0.02205	0.75487	0.02844	0.00547	0.00552	0.00888	0.00362	0.00359
3	0.01668	0.01372	0.01423	0.01264	0.05401	0.05902	0.00955	0.34998	0.16961	0.02715	0.02563	0.02483	0.17996	0.00876	0.00604	0.00183	0.00552	0.00701	0.00542	0.00840
4	0.01433	0.01168	0.01328	0.00969	0.01474	0.01007	0.00783	0.17838	0.01551	0.02294	0.01115	0.01249	0.00890	0.00491	0.00465	0.00106	0.00478	0.00385	0.00398	0.64578
5	0.01269	0.16303	0.38153	0.01292	0.01857	0.01311	0.01449	0.04468	0.01281	0.06627	0.01584	0.18827	0.01496	0.00846	0.00566	0.00184	0.00666	0.00698	0.00357	0.00765
6	0.01838	0.00992	0.01169	0.00945	0.01309	0.00940	0.00765	0.18190	0.01786	0.33431	0.03366	0.03130	0.27659	0.00982	0.00620	0.00185	0.00457	0.00799	0.00625	0.00813
7	0.00869	0.00646	0.00780	0.00759	0.00890	0.00573	0.00507	0.00970	0.01039	0.01451	0.02228	0.34863	0.02558	0.29063	0.01458	0.00318	0.00439	0.01072	0.00429	0.19086
8	0.01409	0.01786	0.19381	0.02516	0.26937	0.01392	0.26249	0.01891	0.02795	0.05634	0.01186	0.01472	0.00905	0.00548	0.00652	0.00187	0.03338	0.00561	0.00307	0.00855
9	0.01202	0.01007	0.01260	0.01025	0.01273	0.01079	0.00832	0.01417	0.01097	0.01781	0.01133	0.01447	0.00969	0.00695	0.00949	0.00157	0.28066	0.00447	0.18924	0.35241
10	0.00813	0.00655	0.00764	0.00743	0.00944	0.00547	0.00539	0.00966	0.01209	0.01608	0.03667	0.35498	0.28641	0.01384	0.00652	0.00188	0.00343	0.01207	0.00496	0.19135
11	0.30598	0.01063	0.01397	0.44566	0.02782	0.01262	0.01205	0.01671	0.01141	0.07765	0.01053	0.01369	0.00776	0.00577	0.00503	0.00188	0.00637	0.00450	0.00331	0.00667
12	0.04920	0.52089	0.05577	0.01265	0.05408	0.01902	0.06937	0.01914	0.01268	0.12329	0.01076	0.01173	0.00861	0.00534	0.00446	0.00145	0.00638	0.00396	0.00327	0.00793
13	0.00823	0.00594	0.00777	0.00732	0.00869	0.00549	0.00549	0.01097	0.01646	0.02332	0.75629	0.04344	0.05487	0.01189	0.00686	0.00183	0.00274	0.01052	0.00640	0.00549
14	0.00836	0.00560	0.00637	0.00646	0.00649	0.00558	0.00365	0.00843	0.00864	0.01152	0.01926	0.08944	0.02232	0.74263	0.02809	0.00541	0.00548	0.00901	0.00365	0.00361
15	0.01355	0.01532	0.03292	0.02370	0.02918	0.01467	0.68584	0.01821	0.01339	0.01828	0.01166	0.01572	0.00890	0.00609	0.02598	0.00217	0.04702	0.00676	0.00293	0.00771
16	0.01519	0.01626	0.01809	0.40655	0.14150	0.23649	0.01472	0.05245	0.01405	0.01634	0.01020	0.01379	0.00800	0.00583	0.00564	0.00177	0.00836	0.00476	0.00290	0.00712
17	0.01930	0.02379	0.01670	0.18805	0.02296	0.60087	0.01235	0.02133	0.01538	0.01437	0.00929	0.01162	0.00755	0.00595	0.00537	0.00160	0.00987	0.00407	0.00290	0.00668
18	0.01311	0.01448	0.03051	0.19543	0.03257	0.01430	0.57523	0.01778	0.01325	0.01778	0.01144	0.01565	0.00858	0.00511	0.00663	0.00196	0.00934	0.00648	0.00286	0.00753
19	0.01327	0.01496	0.03243	0.02339	0.02890	0.01403	0.68828	0.01791	0.01355	0.01837	0.01315	0.06860	0.01084	0.00581	0.00690	0.00199	0.00937	0.00752	0.00311	0.00763
20	0.01407	0.37784	0.19141	0.01374	0.01842	0.03750	0.06283	0.01709	0.01151	0.01516	0.00878	0.01121	0.00757	0.00629	0.00785	0.00173	0.18290	0.00409	0.00254	0.00747
21	0.26182	0.00997	0.01136	0.08834	0.05269	0.01112	0.02015	0.01777	0.17782	0.02099	0.02024	0.14049	0.04686	0.00950	0.00571	0.00204	0.00492	0.08697	0.00452	0.00674
22	0.01194	0.01098	0.01871	0.03380	0.01887	0.01094	0.27483	0.01796	0.17883	0.04306	0.02282	0.22825	0.05719	0.03469	0.00746	0.00218	0.00621	0.00964	0.00455	0.00706
23	0.00842	0.00697	0.01103	0.18383	0.01706	0.00725	0.05754	0.01034	0.01142	0.01510	0.02577	0.56393	0.02952	0.01451	0.00702	0.00224	0.00480	0.01331	0.00460	0.00533

[dist]
# distance from previous block
# <min> <max>
0	5

[block]
# block no. 4 follows, 40 sequences, length 28
# corresponding to MSA columns:
# 224-251
name=unknown_E
#
# <colnr> <probs for GDERKNQSTAVLIFYWHMCP>
#	G	D	E	R	K	N	Q	S	T	A	V	L	I	F	Y	W	H	M	C	P
0	0.01222	0.05352	0.47385	0.01294	0.01909	0.01187	0.01543	0.06099	0.01315	0.02026	0.01298	0.01493	0.00967	0.00595	0.00505	0.00167	0.00669	0.00463	0.23738	0.00772
1	0.05052	0.25710	0.29767	0.01243	0.01856	0.01496	0.01369	0.02088	0.01328	0.22912	0.01318	0.01340	0.00935	0.00583	0.00499	0.00165	0.00667	0.00433	0.00386	0.00853
2	0.01558	0.01350	0.06121	0.23083	0.02311	0.01366	0.01199	0.32611	0.01844	0.02508	0.01404	0.08262	0.01164	0.00725	0.00573	0.00175	0.00632	0.00596	0.02696	0.09822
3	0.01583	0.01305	0.01372	0.01076	0.01521	0.05797	0.00858	0.18119	0.15970	0.05218	0.01450	0.02694	0.01131	0.00604	0.00512	0.00137	0.00522	0.00478	0.00461	0.39194
4	0.29989	0.01342	0.01079	0.00962	0.01223	0.16322	0.00760	0.07647	0.01321	0.02228	0.01181	0.01379	0.00940	0.00646	0.00560	0.00167	0.07389	0.00426	0.23796	0.00644
5	0.25031	0.01098	0.01102	0.00998	0.01288	0.01229	0.00776	0.14919	0.22347	0.02471	0.01952	0.20768	0.01818	0.00957	0.00561	0.00198	0.00459	0.00782	0.00510	0.00738
6	0.01140	0.00801	0.01300	0.08356	0.22420	0.00823	0.00966	0.01114	0.00954	0.01305	0.01036	0.01655	0.00964	0.01467	0.01642	0.52226	0.00582	0.00510	0.00263	0.00477
7	0.01218	0.01188	0.01973	0.26127	0.02634	0.01217	0.18517	0.01559	0.01197	0.01702	0.01038	0.01410	0.00828	0.00558	0.00702	0.00165	0.09224	0.00499	0.00295	0.27948
8	0.31412	0.01035	0.01347	0.42966	0.02701	0.01242	0.01194	0.01543	0.01115	0.01921	0.01131	0.01768	0.00948	0.00656	0.00520	0.00195	0.00635	0.06723	0.00320	0.00630
9	0.02302	0.01191	0.01447	0.01115	0.01568	0.01154	0.00915	0.22964	0.06393	0.44629	0.01933	0.01757	0.01281	0.00692	0.00571	0.00171	0.00528	0.00551	0.00640	0.08198
10	0.54984	0.01703	0.24338	0.01052	0.01570	0.01302	0.01109	0.01794	0.01089	0.05201	0.00939	0.01072	0.00694	0.00551	0.00428	0.00181	0.00579	0.00361	0.00338	0.00715
11	0.01314	0.00901	0.01103	0.00999	0.01243	0.00974	0.00780	0.02066	0.28346	0.12873	0.16974	0.02615	0.02387	0.01876	0.22410	0.00401	0.00740	0.00717	0.00541	0.00741
12	0.00835	0.01277	0.22205	0.00905	0.01285	0.00740	0.00937	0.01144	0.01326	0.01715	0.10638	0.04244	0.48217	0.01186	0.00649	0.00192	0.00453	0.00985	0.00465	0.00601
13	0.01176	0.01186	0.02224	0.56636	0.03731	0.01343	0.22147	0.01593	0.01222	0.01593	0.01074	0.01556	0.00806	0.00555	0.00611	0.00194	0.00834	0.00565	0.00269	0.00685
14	0.00702	0.00530	0.00650	0.00747	0.00827	0.00478	0.00512	0.00817	0.01174	0.01509	0.03969	0.58259	0.24278	0.01723	0.00727	0.00225	0.00325	0.01532	0.00540	0.00478
15	0.01463	0.02616	0.55279	0.01567	0.02314	0.01479	0.01852	0.22359	0.01656	0.02360	0.01144	0.01276	0.00808	0.00594	0.00561	0.00181	0.00797	0.00456	0.00341	0.00896
16	0.01184	0.01266	0.02648	0.01984	0.02415	0.01187	0.52985	0.01563	0.01299	0.01755	0.01753	0.23638	0.01725	0.00869	0.00702	0.00207	0.00798	0.00961	0.00364	0.00696
17	0.01555	0.79913	0.03047	0.00995	0.01493	0.02301	0.00995	0.01741	0.01182	0.01368	0.00808	0.00933	0.00746	0.00498	0.00373	0.00124	0.00622	0.00311	0.00249	0.00746
18	0.00970	0.00779	0.00888	0.00828	0.01033	0.00791	0.00630	0.01605	0.22399	0.02189	0.39119	0.04007	0.20216	0.01139	0.00659	0.00190	0.00332	0.00979	0.00604	0.00641
19	0.00839	0.00572	0.00675	0.00662	0.00701	0.00559	0.00408	0.00917	0.01073	0.01470	0.22816	0.03959	0.03073	0.57277	0.02313	0.00455	0.00481	0.00904	0.00434	0.00408
20	0.01628	0.01312	0.01424	0.01142	0.01569	0.01372	0.00915	0.25785	0.30370	0.02682	0.01671	0.01643	0.01259	0.00657	0.00543	0.00158	0.00511	0.00525	0.00518	0.24316
21	0.02016	0.00916	0.01199	0.00969	0.01323	0.00838	0.00781	0.04929	0.06163	0.48160	0.23119	0.02642	0.02595	0.00857	0.00614	0.00182	0.00435	0.00720	0.00684	0.00860
22	0.00850	0.00656	0.00826	0.00824	0.00995	0.00558	0.00582	0.00996	0.01140	0.01601	0.02588	0.57011	0.02997	0.01426	0.00654	0.00194	0.00364	0.01281	0.00484	0.23973
23	0.02163	0.01028	0.01478	0.22979	0.02214	0.01018	0.01081	0.05346	0.01565	0.52097	0.01899	0.01834	0.01232	0.00680	0.00584	0.00184	0.00580	0.00563	0.00583	0.00892
24	0.60081	0.00949	0.00804	0.00778	0.01045	0.01068	0.00604	0.01454	0.01025	0.02289	0.01491	0.23192	0.01544	0.00904	0.00469	0.00196	0.00418	0.00695	0.00411	0.00585
25	0.01713	0.01334	0.02560	0.11564	0.04234	0.01280	0.40544	0.03995	0.01464	0.23041	0.01480	0.01676	0.01031	0.00573	0.00639	0.00190	0.00801	0.00628	0.00418	0.00834
26	0.53019	0.01189	0.01250	0.01228	0.07809	0.01447	0.00914	0.01628	0.00991	0.02203	0.00821	0.01081	0.00693	0.00674	0.00819	0.00200	0.22664	0.00388	0.00324	0.00657
27	0.01620	0.01513	0.02586	0.05191	0.23480	0.01533	0.30022	0.22338	0.01738	0.02372	0.01210	0.01482	0.00920	0.00561	0.00621	0.00183	0.00794	0.00586	0.00373	0.00876

[dist]
# distance from previous block
# <min> <max>
0	238

# created by:
# /software/SequenceAnalysis/GenePrediction/augustus/3.0.1/scripts/msa2prfl.pl ./fixed/BUSCOvEOG7NP8HF.fas
