[name]
unknown

[dist]
# distance from previous block
# <min> <max>
7	204

[block]
# block no. 0 follows, 41 sequences, length 10
# corresponding to MSA columns:
# 214-223
name=unknown_A
#
# <colnr> <probs for GDERKNQSTAVLIFYWHMCP>
#	G	D	E	R	K	N	Q	S	T	A	V	L	I	F	Y	W	H	M	C	P
0	0.01350	0.01104	0.01611	0.01313	0.01596	0.01216	0.13126	0.23281	0.01530	0.02125	0.01382	0.01800	0.01156	0.02252	0.34454	0.00507	0.06046	0.00584	0.02867	0.00701
1	0.01905	0.06321	0.02089	0.01503	0.01960	0.05354	0.18638	0.34805	0.01971	0.12622	0.01390	0.01499	0.01008	0.00840	0.05225	0.00218	0.00764	0.00547	0.00472	0.00866
2	0.01280	0.01062	0.01471	0.01264	0.01342	0.01367	0.01038	0.01449	0.01133	0.09311	0.19025	0.02050	0.01937	0.01012	0.01454	0.00226	0.51913	0.00637	0.00388	0.00641
3	0.01068	0.01236	0.13889	0.01374	0.01736	0.00939	0.23545	0.01424	0.01207	0.01787	0.01788	0.19647	0.01693	0.01056	0.04999	0.00227	0.00664	0.00816	0.20266	0.00640
4	0.10189	0.01179	0.05726	0.01044	0.01385	0.05360	0.00866	0.09257	0.08499	0.27877	0.02089	0.20381	0.01811	0.00938	0.00585	0.00190	0.00509	0.00781	0.00552	0.00783
5	0.00933	0.00722	0.00895	0.00835	0.00835	0.00843	0.00564	0.00963	0.00842	0.01173	0.01549	0.03143	0.01760	0.60906	0.02662	0.00481	0.19402	0.00752	0.00323	0.00414
6	0.00867	0.00674	0.00830	0.00748	0.00962	0.00575	0.00560	0.01092	0.01395	0.01973	0.38492	0.15979	0.11640	0.01122	0.00623	0.00167	0.00319	0.00982	0.00533	0.20466
7	0.01225	0.01092	0.01672	0.01375	0.01586	0.01263	0.15613	0.05851	0.08764	0.01815	0.01446	0.06466	0.01270	0.01278	0.10900	0.00296	0.24022	0.00640	0.12760	0.00665
8	0.01393	0.20617	0.01571	0.01007	0.01315	0.15087	0.00823	0.09702	0.08573	0.01767	0.02486	0.10290	0.19329	0.01013	0.02424	0.00187	0.00590	0.00733	0.00422	0.00671
9	0.01147	0.01098	0.01552	0.01361	0.01386	0.01502	0.01122	0.01291	0.00886	0.01365	0.00939	0.01491	0.00914	0.01793	0.20112	0.00411	0.60239	0.00528	0.00264	0.00598

[dist]
# distance from previous block
# <min> <max>
0	41

[block]
# block no. 1 follows, 41 sequences, length 6
# corresponding to MSA columns:
# 265-270
name=unknown_B
#
# <colnr> <probs for GDERKNQSTAVLIFYWHMCP>
#	G	D	E	R	K	N	Q	S	T	A	V	L	I	F	Y	W	H	M	C	P
0	0.01699	0.01268	0.01366	0.01156	0.01514	0.01418	0.00919	0.22317	0.45176	0.08750	0.02035	0.01912	0.01492	0.00740	0.00568	0.00183	0.00492	0.00598	0.05487	0.00907
1	0.01026	0.00628	0.00811	0.00755	0.00927	0.00566	0.00569	0.01255	0.01524	0.12474	0.49309	0.13106	0.12412	0.01210	0.00668	0.00187	0.00310	0.01060	0.00618	0.00585
2	0.06244	0.05182	0.01643	0.07667	0.06556	0.21724	0.01090	0.31736	0.01913	0.02461	0.01180	0.01316	0.00900	0.00622	0.00522	0.00162	0.00710	0.00457	0.07123	0.00794
3	0.06770	0.01222	0.01826	0.29235	0.15883	0.04012	0.07606	0.01619	0.03141	0.01708	0.01025	0.01389	0.00823	0.00585	0.00691	0.00177	0.09526	0.00484	0.00290	0.11989
4	0.13025	0.01227	0.01276	0.01056	0.01419	0.07642	0.00846	0.15433	0.09349	0.29670	0.07205	0.06178	0.01627	0.00772	0.00557	0.00179	0.00525	0.00611	0.00572	0.00832
5	0.06699	0.01124	0.01785	0.49005	0.22193	0.01304	0.01522	0.01655	0.06032	0.01701	0.01103	0.01497	0.00854	0.00567	0.00557	0.00185	0.00700	0.00505	0.00290	0.00722

[dist]
# distance from previous block
# <min> <max>
16	66

[block]
# block no. 2 follows, 41 sequences, length 92
# corresponding to MSA columns:
# 345-436
name=unknown_C
#
# <colnr> <probs for GDERKNQSTAVLIFYWHMCP>
#	G	D	E	R	K	N	Q	S	T	A	V	L	I	F	Y	W	H	M	C	P
0	0.01176	0.08758	0.71386	0.01581	0.02400	0.01399	0.02028	0.01804	0.01204	0.01776	0.01009	0.01186	0.00725	0.00539	0.00530	0.00177	0.00828	0.00414	0.00242	0.00837
1	0.83938	0.01106	0.00841	0.00752	0.01106	0.01283	0.00619	0.01681	0.00973	0.02566	0.00796	0.00929	0.00619	0.00531	0.00354	0.00177	0.00442	0.00310	0.00354	0.00619
2	0.01658	0.01178	0.01306	0.01134	0.01471	0.01295	0.00890	0.11059	0.48675	0.15186	0.02274	0.07831	0.01759	0.00835	0.00594	0.00193	0.00472	0.00695	0.00601	0.00895
3	0.01389	0.01203	0.01222	0.01142	0.01417	0.06947	0.00890	0.02551	0.51884	0.04242	0.02383	0.09440	0.02039	0.00954	0.00619	0.00203	0.00498	0.09615	0.00555	0.00807
4	0.01400	0.01341	0.02285	0.08568	0.71368	0.01357	0.01746	0.01740	0.01296	0.01848	0.01079	0.01433	0.00903	0.00519	0.00570	0.00173	0.00687	0.00512	0.00284	0.00891
5	0.01106	0.01040	0.01753	0.74351	0.07885	0.01279	0.01600	0.01482	0.01157	0.01491	0.01027	0.01529	0.00777	0.00573	0.00575	0.00191	0.00760	0.00511	0.00258	0.00654
6	0.02572	0.00979	0.01332	0.01023	0.01465	0.00845	0.00844	0.02791	0.01641	0.76645	0.02263	0.01956	0.01422	0.00713	0.00578	0.00178	0.00489	0.00577	0.00710	0.00977
7	0.01402	0.01342	0.02287	0.08234	0.71691	0.01357	0.01747	0.01742	0.01297	0.01850	0.01080	0.01433	0.00904	0.00519	0.00570	0.00173	0.00687	0.00512	0.00284	0.00892
8	0.00698	0.00586	0.00604	0.00599	0.00787	0.00493	0.00449	0.00853	0.01341	0.01629	0.13038	0.05383	0.68726	0.01424	0.00679	0.00193	0.00290	0.01191	0.00544	0.00493
9	0.02387	0.00936	0.01265	0.00986	0.01389	0.00814	0.00801	0.02597	0.01596	0.68706	0.06023	0.02173	0.01663	0.05050	0.00711	0.00199	0.00482	0.00615	0.00686	0.00920
10	0.01077	0.00642	0.00790	0.17107	0.01368	0.00694	0.00656	0.01365	0.01192	0.01996	0.01692	0.02013	0.01323	0.00651	0.00440	0.00147	0.00375	0.00530	0.65384	0.00559
11	0.02144	0.02690	0.01629	0.01472	0.01773	0.74872	0.01107	0.04803	0.01662	0.01484	0.00909	0.01054	0.00752	0.00598	0.00521	0.00150	0.01019	0.00376	0.00307	0.00678
12	0.01537	0.01210	0.01301	0.01155	0.01490	0.01372	0.00902	0.03019	0.68336	0.09339	0.02327	0.02126	0.01721	0.00774	0.00584	0.00194	0.00458	0.00642	0.00596	0.00915
13	0.01221	0.03949	0.01719	0.07142	0.01646	0.01632	0.01213	0.01375	0.00923	0.01399	0.00846	0.01343	0.00812	0.01186	0.07373	0.00288	0.62224	0.00501	0.00260	0.02949
14	0.01202	0.00797	0.01038	0.01083	0.06724	0.03288	0.00788	0.01462	0.01532	0.13455	0.39511	0.04108	0.03806	0.01130	0.00676	0.00198	0.00422	0.17558	0.00582	0.00638
15	0.02248	0.00907	0.01229	0.00968	0.01354	0.00789	0.00788	0.02476	0.01638	0.62930	0.15855	0.02385	0.02156	0.00798	0.00597	0.00179	0.00449	0.00662	0.00696	0.00897
16	0.01193	0.01022	0.01191	0.00852	0.01361	0.00767	0.00681	0.01445	0.01191	0.01870	0.01024	0.01196	0.00854	0.00429	0.00427	0.00086	0.00426	0.00341	0.00341	0.83301
17	0.01268	0.01231	0.07179	0.40959	0.09667	0.01237	0.01416	0.04131	0.01234	0.05527	0.01086	0.01443	0.00834	0.00588	0.00647	0.00175	0.06549	0.00480	0.00306	0.14042
18	0.24355	0.00875	0.00962	0.03123	0.01251	0.00950	0.00812	0.03677	0.08904	0.02111	0.07707	0.06093	0.03933	0.01124	0.00624	0.00220	0.00478	0.31706	0.00488	0.00610
19	0.01489	0.01336	0.01728	0.01436	0.01570	0.01726	0.01193	0.19776	0.01348	0.01962	0.00925	0.01290	0.00817	0.00906	0.01499	0.00226	0.56332	0.00501	0.00337	0.03603
20	0.06982	0.01080	0.01723	0.58048	0.13770	0.01276	0.01504	0.01521	0.01156	0.01618	0.01012	0.01459	0.00783	0.00567	0.00575	0.00185	0.02047	0.00490	0.00271	0.03932
21	0.00835	0.00607	0.00811	0.00928	0.01038	0.00585	0.00753	0.01034	0.01254	0.01625	0.03387	0.28007	0.11767	0.01632	0.00762	0.00247	0.00444	0.43247	0.00531	0.00507
22	0.00809	0.00586	0.00761	0.00726	0.00858	0.00539	0.00541	0.01065	0.01590	0.02243	0.70874	0.08164	0.06659	0.01211	0.00680	0.00184	0.00276	0.01070	0.00625	0.00539
23	0.00790	0.00573	0.00743	0.00734	0.00852	0.00528	0.00537	0.01020	0.01510	0.02110	0.59205	0.18763	0.07871	0.01304	0.00688	0.00192	0.00285	0.01156	0.00609	0.00527
24	0.00929	0.00664	0.00927	0.01058	0.01190	0.00663	0.00925	0.01190	0.01321	0.01718	0.03034	0.06456	0.03296	0.01584	0.00793	0.00265	0.00529	0.72398	0.00529	0.00531
25	0.02139	0.01586	0.01698	0.01312	0.01763	0.01758	0.01080	0.70438	0.06663	0.03543	0.01432	0.01425	0.01022	0.00696	0.00576	0.00174	0.00622	0.00525	0.00575	0.00972
26	0.01355	0.01540	0.03336	0.02391	0.02955	0.01458	0.72313	0.01825	0.01342	0.01827	0.01154	0.01545	0.00872	0.00500	0.00709	0.00196	0.02947	0.00673	0.00291	0.00771
27	0.00807	0.00590	0.00756	0.00714	0.00854	0.00540	0.00535	0.01065	0.01600	0.02244	0.70677	0.04372	0.10704	0.01195	0.00678	0.00182	0.00274	0.01049	0.00624	0.00539
28	0.00954	0.00671	0.00884	0.00858	0.00984	0.00742	0.00654	0.06547	0.01108	0.01612	0.01803	0.05313	0.04093	0.09857	0.48966	0.00671	0.01116	0.00674	0.11959	0.00536
29	0.01420	0.01393	0.02321	0.08055	0.65774	0.03625	0.05448	0.01761	0.01309	0.01834	0.01078	0.01428	0.00897	0.00519	0.00574	0.00173	0.00712	0.00516	0.00285	0.00879
30	0.01357	0.01547	0.03378	0.02414	0.02993	0.01450	0.74169	0.01837	0.01354	0.01839	0.01164	0.01553	0.00875	0.00487	0.00678	0.00194	0.00966	0.00677	0.00292	0.00775
31	0.01430	0.01234	0.01298	0.01169	0.01492	0.01426	0.00908	0.03043	0.75214	0.02399	0.02334	0.02143	0.01752	0.00781	0.00585	0.00195	0.00455	0.00649	0.00584	0.00909
32	0.00723	0.00516	0.00689	0.00818	0.00860	0.00484	0.00561	0.00835	0.01126	0.01502	0.04702	0.72808	0.03787	0.01768	0.00736	0.00235	0.00347	0.06493	0.00535	0.00474
33	0.02572	0.00979	0.01332	0.01023	0.01465	0.00845	0.00844	0.02791	0.01641	0.76645	0.02263	0.01956	0.01422	0.00713	0.00578	0.00178	0.00489	0.00577	0.00710	0.00977
34	0.01416	0.01356	0.02312	0.05113	0.74703	0.01361	0.01754	0.01754	0.01303	0.01867	0.01082	0.01428	0.00910	0.00516	0.00570	0.00172	0.00684	0.00512	0.00285	0.00904
35	0.02032	0.09886	0.01811	0.01269	0.01716	0.01791	0.01059	0.59037	0.10275	0.03241	0.01421	0.01416	0.01037	0.00680	0.00555	0.00170	0.00611	0.00509	0.00541	0.00944
36	0.02181	0.01607	0.01721	0.01321	0.01779	0.01777	0.01090	0.74342	0.02692	0.03609	0.01380	0.01383	0.00980	0.00691	0.00575	0.00173	0.00632	0.00517	0.00574	0.00976
37	0.01486	0.58525	0.15301	0.01295	0.07270	0.02024	0.01234	0.04282	0.01238	0.01549	0.00883	0.01030	0.00761	0.00512	0.00422	0.00139	0.00659	0.00351	0.00261	0.00778
38	0.01417	0.01254	0.01531	0.04286	0.17475	0.01408	0.01112	0.02716	0.56984	0.02256	0.02024	0.01970	0.01540	0.00717	0.00581	0.00190	0.00514	0.00615	0.00510	0.00900
39	0.00705	0.00504	0.00669	0.00802	0.00835	0.00469	0.00534	0.00802	0.01100	0.01467	0.03157	0.79443	0.03787	0.01795	0.00733	0.00234	0.00335	0.01627	0.00533	0.00469
40	0.01073	0.00907	0.03588	0.00883	0.01093	0.04920	0.00700	0.01554	0.13234	0.05530	0.52268	0.05665	0.04183	0.01055	0.00647	0.00183	0.00374	0.00913	0.00593	0.00636
41	0.67147	0.14200	0.04090	0.00828	0.01223	0.01450	0.00739	0.01696	0.01018	0.02343	0.00813	0.00948	0.00650	0.00530	0.00367	0.00170	0.00488	0.00316	0.00334	0.00651
42	0.05470	0.00975	0.01282	0.01004	0.01420	0.00875	0.00822	0.02669	0.05363	0.66027	0.06230	0.02054	0.01626	0.00735	0.00576	0.00179	0.00474	0.00596	0.00686	0.00936
43	0.01434	0.01552	0.01726	0.07280	0.01746	0.17833	0.01248	0.01581	0.01059	0.01395	0.00807	0.01235	0.00756	0.00886	0.01492	0.00225	0.56370	0.00475	0.00263	0.00638
44	0.00787	0.00589	0.00727	0.00693	0.00841	0.00531	0.00519	0.01025	0.01550	0.02127	0.59752	0.04563	0.21702	0.01238	0.00678	0.00184	0.00277	0.01076	0.00609	0.00531
45	0.01363	0.01303	0.02218	0.16808	0.63416	0.01347	0.01728	0.01708	0.01279	0.01803	0.01073	0.01445	0.00888	0.00526	0.00570	0.00175	0.00697	0.00512	0.00281	0.00862
46	0.00796	0.00604	0.00634	0.00622	0.00822	0.00507	0.00467	0.00940	0.01316	0.05946	0.05445	0.09333	0.67708	0.01428	0.00676	0.00196	0.00306	0.01195	0.00544	0.00515
47	0.01259	0.01256	0.01756	0.01506	0.01507	0.01755	0.01254	0.01382	0.00881	0.01384	0.00759	0.01262	0.00758	0.01006	0.01879	0.00252	0.78761	0.00503	0.00253	0.00630
48	0.01088	0.01022	0.01720	0.78437	0.03942	0.01275	0.01591	0.01466	0.01148	0.01468	0.01024	0.01535	0.00770	0.00577	0.00575	0.00192	0.00765	0.00511	0.00257	0.00639
49	0.01074	0.00539	0.00539	0.00539	0.00672	0.00538	0.00403	0.01338	0.01204	0.02139	0.01872	0.02142	0.01472	0.00671	0.00403	0.00135	0.00269	0.00535	0.82979	0.00537
50	0.02132	0.02273	0.01603	0.01384	0.01724	0.50799	0.01068	0.22386	0.01909	0.04872	0.01114	0.01210	0.00861	0.00629	0.00533	0.00156	0.00874	0.00425	0.03287	0.00760
51	0.01242	0.19532	0.57055	0.01487	0.02212	0.01555	0.01826	0.01772	0.01185	0.01695	0.00970	0.01158	0.00735	0.00560	0.00577	0.00173	0.04800	0.00404	0.00245	0.00814
52	0.02153	0.01366	0.01524	0.01187	0.01611	0.01456	0.00974	0.49326	0.05622	0.20087	0.01661	0.01605	0.01152	0.00699	0.00564	0.00172	0.00564	0.00538	0.06797	0.00940
53	0.00838	0.00565	0.00652	0.00651	0.00660	0.00571	0.00378	0.00852	0.00843	0.01133	0.01788	0.03638	0.02036	0.74136	0.08519	0.00583	0.00630	0.00817	0.00346	0.00363
54	0.00690	0.00585	0.00594	0.00591	0.00782	0.00490	0.00443	0.00838	0.01322	0.01586	0.08970	0.05454	0.72821	0.01440	0.00679	0.00194	0.00292	0.01201	0.00538	0.00489
55	0.00825	0.00618	0.00925	0.00924	0.01027	0.00719	0.00718	0.01027	0.00924	0.01335	0.01539	0.02256	0.01436	0.04290	0.77544	0.00920	0.01533	0.00615	0.00309	0.00515
56	0.00705	0.00504	0.00669	0.00802	0.00835	0.00469	0.00534	0.00802	0.01100	0.01467	0.03157	0.79443	0.03787	0.01795	0.00733	0.00234	0.00335	0.01627	0.00533	0.00469
57	0.00705	0.00504	0.00669	0.00802	0.00835	0.00469	0.00534	0.00802	0.01100	0.01467	0.03157	0.79443	0.03787	0.01795	0.00733	0.00234	0.00335	0.01627	0.00533	0.00469
58	0.02181	0.01607	0.01721	0.01321	0.01779	0.01777	0.01090	0.74342	0.02692	0.03609	0.01380	0.01383	0.00980	0.00691	0.00575	0.00173	0.00632	0.00517	0.00574	0.00976
59	0.01193	0.01022	0.01191	0.00852	0.01361	0.00767	0.00681	0.01445	0.01191	0.01870	0.01024	0.01196	0.00854	0.00429	0.00427	0.00086	0.00426	0.00341	0.00341	0.83301
60	0.00705	0.00504	0.00669	0.00802	0.00835	0.00469	0.00534	0.00802	0.01100	0.01467	0.03157	0.79443	0.03787	0.01795	0.00733	0.00234	0.00335	0.01627	0.00533	0.00469
61	0.01082	0.00974	0.01621	0.71132	0.03639	0.01203	0.01484	0.01422	0.01129	0.01469	0.01056	0.01570	0.00810	0.00658	0.00659	0.04720	0.00731	0.00511	0.03515	0.00614
62	0.02181	0.01607	0.01721	0.01321	0.01779	0.01777	0.01090	0.74342	0.02692	0.03609	0.01380	0.01383	0.00980	0.00691	0.00575	0.00173	0.00632	0.00517	0.00574	0.00976
63	0.00824	0.00595	0.00779	0.00744	0.00880	0.00551	0.00565	0.01091	0.01605	0.02266	0.71676	0.04407	0.05275	0.01198	0.00684	0.00186	0.00288	0.05216	0.00626	0.00543
64	0.01523	0.01271	0.01341	0.01173	0.01513	0.01450	0.00921	0.14244	0.61239	0.02561	0.02300	0.02137	0.04147	0.00789	0.00587	0.00192	0.00478	0.00647	0.00581	0.00905
65	0.00716	0.00582	0.00633	0.00629	0.00801	0.00500	0.00468	0.00886	0.01370	0.01722	0.22018	0.09255	0.55603	0.01406	0.00682	0.00194	0.00290	0.01191	0.00556	0.00499
66	0.01236	0.19380	0.61143	0.01496	0.02265	0.01531	0.01874	0.01795	0.01203	0.01719	0.00985	0.01156	0.00734	0.00537	0.00509	0.00170	0.00798	0.00400	0.00245	0.00825
67	0.01423	0.01364	0.02325	0.03513	0.76247	0.01363	0.01757	0.01760	0.01307	0.01875	0.01083	0.01426	0.00913	0.00515	0.00569	0.00171	0.00682	0.00512	0.00286	0.00910
68	0.01074	0.00539	0.00539	0.00539	0.00672	0.00538	0.00403	0.01338	0.01204	0.02139	0.01872	0.02142	0.01472	0.00671	0.00403	0.00135	0.00269	0.00535	0.82979	0.00537
69	0.01108	0.01061	0.01845	0.72726	0.03870	0.01288	0.07043	0.01494	0.01164	0.01496	0.01035	0.01536	0.00777	0.00570	0.00583	0.00192	0.00780	0.00523	0.00259	0.00649
70	0.02080	0.10951	0.01776	0.01419	0.01741	0.66362	0.01094	0.05194	0.01620	0.01492	0.00902	0.01044	0.00753	0.00588	0.00505	0.00147	0.00972	0.00370	0.00303	0.00687
71	0.02002	0.01434	0.01530	0.01194	0.01600	0.01577	0.00979	0.62540	0.02452	0.03372	0.01460	0.01506	0.01059	0.00688	0.00547	0.00167	0.00573	0.00520	0.13896	0.00905
72	0.01280	0.01103	0.01155	0.01052	0.01349	0.01238	0.00814	0.02598	0.60383	0.02229	0.03029	0.02819	0.16655	0.00915	0.00604	0.00195	0.00423	0.00761	0.00574	0.00824
73	0.00808	0.00558	0.00646	0.00658	0.00692	0.00541	0.00401	0.00859	0.00990	0.01320	0.10196	0.13535	0.08209	0.55636	0.02229	0.00448	0.00479	0.00984	0.00416	0.00397
74	0.00805	0.00590	0.00752	0.00711	0.00853	0.00539	0.00533	0.01060	0.01593	0.02229	0.69263	0.04397	0.12128	0.01200	0.00678	0.00183	0.00275	0.01053	0.00622	0.00538
75	0.00705	0.00504	0.00669	0.00802	0.00835	0.00469	0.00534	0.00802	0.01100	0.01467	0.03157	0.79443	0.03787	0.01795	0.00733	0.00234	0.00335	0.01627	0.00533	0.00469
76	0.83848	0.01111	0.00846	0.00757	0.01112	0.01287	0.00623	0.01686	0.00978	0.02572	0.00804	0.00940	0.00627	0.00536	0.00357	0.00178	0.00445	0.00312	0.00356	0.00623
77	0.01193	0.01022	0.01191	0.00852	0.01361	0.00767	0.00681	0.01445	0.01191	0.01870	0.01024	0.01196	0.00854	0.00429	0.00427	0.00086	0.00426	0.00341	0.00341	0.83301
78	0.00830	0.00608	0.00779	0.00732	0.00875	0.00567	0.00550	0.01131	0.03679	0.02277	0.71454	0.04262	0.07739	0.01172	0.00675	0.00182	0.00278	0.01031	0.00627	0.00552
79	0.09356	0.01928	0.28547	0.08733	0.02652	0.01352	0.32324	0.01821	0.01261	0.04950	0.01116	0.01391	0.00814	0.00531	0.00588	0.00188	0.00836	0.00535	0.00296	0.00782
80	0.01475	0.01224	0.01300	0.01163	0.01491	0.01403	0.00906	0.03033	0.72316	0.05324	0.02331	0.02136	0.01739	0.00778	0.00585	0.00195	0.00457	0.00646	0.00589	0.00912
81	0.02042	0.01158	0.01369	0.01100	0.01489	0.01182	0.00890	0.22064	0.16744	0.33687	0.10155	0.02094	0.01807	0.00771	0.00590	0.00181	0.00497	0.00626	0.00639	0.00915
82	0.00748	0.00537	0.00708	0.00772	0.00845	0.00498	0.00538	0.00910	0.01299	0.01785	0.30918	0.50777	0.04401	0.01558	0.00712	0.00214	0.00311	0.01402	0.00571	0.00497
83	0.01259	0.01256	0.01756	0.01506	0.01507	0.01755	0.01254	0.01382	0.00881	0.01384	0.00759	0.01262	0.00758	0.01006	0.01879	0.00252	0.78761	0.00503	0.00253	0.00630
84	0.00704	0.00535	0.00648	0.00728	0.00819	0.00479	0.00504	0.00826	0.01196	0.01541	0.08085	0.51446	0.27114	0.01650	0.00713	0.00218	0.00318	0.01459	0.00539	0.00479
85	0.01253	0.01270	0.01962	0.01616	0.01708	0.01660	0.12240	0.01434	0.00954	0.01450	0.00857	0.01353	0.00808	0.01083	0.05274	0.00274	0.63363	0.00535	0.00261	0.00646
86	0.14055	0.03685	0.01495	0.01164	0.01560	0.03015	0.00964	0.49695	0.03485	0.03105	0.01429	0.01722	0.01122	0.00724	0.00541	0.00176	0.00580	0.05879	0.04756	0.00851
87	0.01066	0.00533	0.00533	0.00533	0.00666	0.00533	0.00400	0.01333	0.01200	0.02132	0.01866	0.02132	0.01466	0.00666	0.00400	0.00133	0.00267	0.00533	0.83073	0.00533
88	0.01394	0.53176	0.15029	0.01234	0.01762	0.01906	0.08961	0.01690	0.01171	0.01473	0.00927	0.01132	0.00799	0.00783	0.06227	0.00199	0.00757	0.00387	0.00254	0.00740
89	0.02087	0.09337	0.01745	0.01421	0.01743	0.66413	0.01093	0.06702	0.01648	0.01532	0.00907	0.01043	0.00751	0.00587	0.00506	0.00147	0.00970	0.00372	0.00308	0.00688
90	0.00774	0.00576	0.00720	0.00700	0.00837	0.00522	0.00519	0.01004	0.01510	0.02073	0.55795	0.11554	0.18745	0.01281	0.00680	0.00187	0.00279	0.01123	0.00602	0.00522
91	0.01333	0.01274	0.02172	0.22062	0.58428	0.01337	0.01714	0.01683	0.01263	0.01768	0.01061	0.01443	0.00871	0.00525	0.00568	0.00175	0.00700	0.00509	0.00276	0.00839

[dist]
# distance from previous block
# <min> <max>
0	1

[block]
# block no. 3 follows, 41 sequences, length 72
# corresponding to MSA columns:
# 438-509
name=unknown_D
#
# <colnr> <probs for GDERKNQSTAVLIFYWHMCP>
#	G	D	E	R	K	N	Q	S	T	A	V	L	I	F	Y	W	H	M	C	P
0	0.00708	0.00581	0.00623	0.00613	0.00792	0.00496	0.00459	0.00882	0.01378	0.01722	0.22411	0.05213	0.59371	0.01383	0.00676	0.00190	0.00285	0.01166	0.00554	0.00496
1	0.02022	0.00848	0.01093	0.00885	0.01225	0.00768	0.00715	0.02316	0.04567	0.50001	0.08128	0.02186	0.01763	0.00738	0.00542	0.00168	0.00416	0.00605	0.20183	0.00831
2	0.00842	0.00592	0.00772	0.00723	0.00865	0.00545	0.00544	0.01109	0.01614	0.03768	0.73275	0.04249	0.06604	0.01165	0.00673	0.00180	0.00275	0.01028	0.00629	0.00547
3	0.01421	0.00637	0.00721	0.00648	0.00854	0.00606	0.00504	0.01677	0.01303	0.19780	0.01958	0.02089	0.01454	0.00676	0.00441	0.00144	0.00319	0.00543	0.63587	0.00637
4	0.20812	0.01225	0.01645	0.05276	0.01633	0.01596	0.06106	0.01484	0.00945	0.01693	0.00803	0.01209	0.00728	0.00833	0.01369	0.00226	0.51036	0.00468	0.00278	0.00635
5	0.01080	0.00997	0.01667	0.75310	0.03805	0.01240	0.01540	0.01456	0.01146	0.01489	0.01052	0.01550	0.00791	0.00576	0.00565	0.00188	0.00742	0.00509	0.03667	0.00631
6	0.00748	0.00545	0.00696	0.00785	0.00854	0.00511	0.00539	0.02936	0.01208	0.01607	0.10183	0.63675	0.10242	0.01671	0.00716	0.00222	0.00331	0.01502	0.00541	0.00488
7	0.02026	0.01461	0.01589	0.01240	0.01660	0.01600	0.01016	0.60639	0.06486	0.06695	0.08284	0.01705	0.01439	0.00737	0.00582	0.00174	0.00581	0.00572	0.00584	0.00930
8	0.00746	0.00602	0.00668	0.00673	0.00836	0.00541	0.00496	0.00986	0.05230	0.01729	0.19494	0.16722	0.46414	0.01410	0.00679	0.00197	0.00301	0.01208	0.00554	0.00514
9	0.21393	0.01386	0.01412	0.01130	0.01527	0.01541	0.00924	0.50587	0.02142	0.03180	0.01369	0.06624	0.01092	0.00725	0.00528	0.00176	0.00557	0.00543	0.02319	0.00845
10	0.06535	0.01447	0.01588	0.01286	0.03754	0.01577	0.01025	0.55303	0.05572	0.10259	0.04802	0.01567	0.01225	0.00701	0.00565	0.00174	0.00583	0.00538	0.00568	0.00929
11	0.01656	0.01345	0.01425	0.01211	0.01576	0.01532	0.00962	0.25211	0.52745	0.02769	0.02032	0.01898	0.01506	0.00748	0.00579	0.00187	0.00508	0.00606	0.00579	0.00926
12	0.01624	0.01205	0.01311	0.01124	0.01461	0.01337	0.00883	0.15816	0.46790	0.10709	0.03397	0.02184	0.03580	0.05071	0.00710	0.00207	0.00487	0.00646	0.00581	0.00878
13	0.39449	0.05394	0.02526	0.17348	0.01910	0.12865	0.00984	0.07829	0.01283	0.04362	0.00951	0.01141	0.00728	0.00565	0.00453	0.00172	0.00631	0.00387	0.00345	0.00679
14	0.01066	0.00533	0.00533	0.00533	0.00666	0.00533	0.00400	0.01333	0.01200	0.02132	0.01866	0.02132	0.01466	0.00666	0.00400	0.00133	0.00267	0.00533	0.83073	0.00533
15	0.01071	0.00907	0.00966	0.00894	0.01144	0.00964	0.00687	0.01974	0.38552	0.02081	0.14335	0.03630	0.28363	0.01070	0.00629	0.00192	0.00369	0.00900	0.00571	0.00704
16	0.00799	0.00558	0.00632	0.00636	0.00678	0.00538	0.00387	0.00851	0.00987	0.01300	0.09211	0.08354	0.13258	0.56874	0.02258	0.00450	0.00477	0.00950	0.00410	0.00391
17	0.01251	0.01251	0.01752	0.01502	0.01502	0.01752	0.01251	0.01377	0.00876	0.01377	0.00751	0.01251	0.00751	0.01001	0.01877	0.00250	0.78851	0.00501	0.00250	0.00626
18	0.01077	0.00721	0.00814	0.00739	0.00976	0.00658	0.00575	0.05238	0.04894	0.12063	0.16907	0.04448	0.44862	0.01230	0.00654	0.00189	0.00344	0.02428	0.00577	0.00606
19	0.00707	0.00505	0.00676	0.00808	0.00846	0.00474	0.00549	0.00815	0.01105	0.01472	0.03147	0.76122	0.03760	0.01782	0.00733	0.00234	0.00341	0.04926	0.00531	0.00467
20	0.01423	0.01229	0.01293	0.01164	0.01487	0.01423	0.00905	0.03039	0.75297	0.02393	0.02328	0.02134	0.01746	0.00776	0.00582	0.00194	0.00453	0.00647	0.00582	0.00905
21	0.01259	0.01014	0.01194	0.00856	0.01361	0.00767	0.00686	0.01511	0.01210	0.05805	0.01082	0.01226	0.00877	0.00439	0.00432	0.00090	0.00427	0.00351	0.00358	0.79056
22	0.01443	0.01230	0.01300	0.01160	0.01485	0.01417	0.00905	0.06315	0.70102	0.02447	0.04097	0.02151	0.01800	0.00782	0.00584	0.00193	0.00456	0.00650	0.00583	0.00899
23	0.01097	0.01024	0.01729	0.68731	0.03651	0.01261	0.04513	0.01467	0.01145	0.01506	0.01053	0.01544	0.00800	0.00589	0.00618	0.00190	0.03715	0.00516	0.04215	0.00636
24	0.01186	0.01017	0.01186	0.00847	0.01356	0.00762	0.00678	0.01440	0.01186	0.01864	0.01017	0.01186	0.00847	0.00424	0.00424	0.00085	0.00424	0.00339	0.00339	0.83395
25	0.00697	0.00498	0.00664	0.00796	0.00830	0.00465	0.00531	0.00796	0.01095	0.01460	0.03153	0.79525	0.03783	0.01792	0.00730	0.00232	0.00332	0.01626	0.00531	0.00465
26	0.00692	0.00557	0.00604	0.00638	0.00777	0.00483	0.00453	0.00815	0.01218	0.01493	0.04840	0.24479	0.52387	0.06897	0.00843	0.00228	0.00319	0.01290	0.00518	0.00469
27	0.00710	0.00508	0.00680	0.00799	0.00836	0.00485	0.00537	0.00813	0.01074	0.01440	0.02997	0.71746	0.03566	0.04539	0.06056	0.00290	0.00421	0.01531	0.00510	0.00464
28	0.01859	0.01358	0.01438	0.01117	0.01542	0.05315	0.00905	0.39432	0.02030	0.09918	0.01432	0.03619	0.01086	0.00651	0.00527	0.00149	0.00555	0.00504	0.06151	0.20412
29	0.82120	0.01104	0.00860	0.02459	0.01168	0.01283	0.00641	0.01677	0.00977	0.02542	0.00801	0.00942	0.00623	0.00532	0.00359	0.00177	0.00449	0.00314	0.00352	0.00620
30	0.02137	0.02726	0.01621	0.01474	0.01768	0.77602	0.01105	0.02284	0.01621	0.01400	0.00884	0.01031	0.00737	0.00589	0.00516	0.00147	0.01031	0.00368	0.00295	0.00663
31	0.01444	0.01515	0.06642	0.04603	0.04707	0.01421	0.46353	0.05487	0.11344	0.06032	0.01358	0.01605	0.01007	0.00567	0.00676	0.00192	0.03249	0.00629	0.00360	0.00809
32	0.13809	0.08316	0.05080	0.08287	0.01731	0.05403	0.01007	0.08036	0.26429	0.12070	0.01637	0.01697	0.01226	0.00676	0.00526	0.00179	0.00563	0.02044	0.00471	0.00814
33	0.00761	0.00574	0.00703	0.00690	0.00829	0.00516	0.00510	0.00979	0.01477	0.02000	0.49059	0.12656	0.24528	0.01312	0.00681	0.00189	0.00282	0.01145	0.00592	0.00516
34	0.01412	0.01200	0.01275	0.01140	0.01456	0.01377	0.00888	0.05847	0.67271	0.02436	0.07324	0.02249	0.01964	0.00799	0.00588	0.00192	0.00447	0.00668	0.00585	0.00883
35	0.00784	0.00534	0.00638	0.00685	0.00697	0.00523	0.00412	0.00819	0.00925	0.01233	0.02279	0.30498	0.02681	0.52322	0.02141	0.00441	0.00476	0.01112	0.00412	0.00388
36	0.21818	0.01005	0.01212	0.00955	0.01376	0.00945	0.00788	0.02526	0.01480	0.59181	0.01911	0.01706	0.01227	0.00666	0.00523	0.00177	0.00476	0.00512	0.00624	0.00890
37	0.01186	0.01017	0.01186	0.00847	0.01356	0.00762	0.00678	0.01440	0.01186	0.01864	0.01017	0.01186	0.00847	0.00424	0.00424	0.00085	0.00424	0.00339	0.00339	0.83395
38	0.00831	0.00558	0.00639	0.00639	0.00645	0.00563	0.00366	0.00842	0.00836	0.01121	0.01788	0.03664	0.02045	0.75918	0.06845	0.00574	0.00606	0.00820	0.00344	0.00355
39	0.01251	0.01251	0.01752	0.01502	0.01502	0.01752	0.01251	0.01377	0.00876	0.01377	0.00751	0.01251	0.00751	0.01001	0.01877	0.00250	0.78851	0.00501	0.00250	0.00626
40	0.01336	0.01153	0.01210	0.01096	0.01404	0.01314	0.00851	0.02782	0.66704	0.02294	0.02731	0.02526	0.10381	0.00854	0.00593	0.00194	0.00434	0.00712	0.00576	0.00856
41	0.01263	0.01196	0.01684	0.01419	0.01482	0.01574	0.05080	0.06318	0.01020	0.01517	0.00959	0.01615	0.00953	0.11693	0.01864	0.00283	0.58619	0.00556	0.00288	0.00619
42	0.00817	0.00613	0.00919	0.00919	0.01021	0.00715	0.00715	0.01021	0.00919	0.01328	0.01532	0.02247	0.01430	0.04290	0.77631	0.00919	0.01532	0.00613	0.00306	0.00511
43	0.01254	0.01057	0.01222	0.00879	0.01384	0.00832	0.00706	0.06426	0.01289	0.01983	0.01041	0.01199	0.00856	0.00442	0.00434	0.00091	0.00438	0.00351	0.00355	0.77764
44	0.01142	0.00897	0.01063	0.01108	0.01296	0.04387	0.00944	0.08110	0.08786	0.01938	0.02709	0.05310	0.02809	0.01373	0.00737	0.00243	0.00552	0.55461	0.00526	0.00611
45	0.00697	0.00498	0.00664	0.00796	0.00830	0.00465	0.00531	0.00796	0.01095	0.01460	0.03153	0.79525	0.03783	0.01792	0.00730	0.00232	0.00332	0.01626	0.00531	0.00465
46	0.01147	0.02959	0.76934	0.01630	0.02476	0.01328	0.02113	0.01811	0.01208	0.01811	0.01026	0.01208	0.00725	0.00543	0.00543	0.00181	0.00845	0.00423	0.00242	0.00845
47	0.01529	0.80242	0.02997	0.00979	0.01468	0.02263	0.00979	0.01713	0.01162	0.01346	0.00795	0.00918	0.00734	0.00489	0.00367	0.00122	0.00612	0.00306	0.00245	0.00734
48	0.01251	0.01251	0.01752	0.01502	0.01502	0.01752	0.01251	0.01377	0.00876	0.01377	0.00751	0.01251	0.00751	0.01001	0.01877	0.00250	0.78851	0.00501	0.00250	0.00626
49	0.00922	0.00658	0.00922	0.01053	0.01185	0.00658	0.00922	0.01185	0.01317	0.01712	0.03029	0.06452	0.03292	0.01580	0.00790	0.00263	0.00527	0.72480	0.00527	0.00527
50	0.11314	0.00988	0.01275	0.00989	0.01422	0.00888	0.00817	0.02669	0.01566	0.68754	0.02100	0.01837	0.01330	0.00689	0.00551	0.00177	0.00482	0.00547	0.00670	0.00935
51	0.01385	0.01216	0.01828	0.46722	0.08179	0.01436	0.04452	0.18752	0.01510	0.02006	0.01093	0.01464	0.00826	0.00620	0.00665	0.00189	0.06069	0.00516	0.00333	0.00739
52	0.01525	0.01098	0.01229	0.01072	0.01387	0.01201	0.00841	0.06711	0.47277	0.13370	0.15334	0.02443	0.02301	0.00831	0.00597	0.00188	0.00435	0.00697	0.00608	0.00854
53	0.83938	0.01106	0.00841	0.00752	0.01106	0.01283	0.00619	0.01681	0.00973	0.02566	0.00796	0.00929	0.00619	0.00531	0.00354	0.00177	0.00442	0.00310	0.00354	0.00619
54	0.00697	0.00498	0.00664	0.00796	0.00830	0.00465	0.00531	0.00796	0.01095	0.01460	0.03153	0.79525	0.03783	0.01792	0.00730	0.00232	0.00332	0.01626	0.00531	0.00465
55	0.02566	0.00973	0.01327	0.01018	0.01460	0.00841	0.00841	0.02788	0.01637	0.76726	0.02257	0.01947	0.01416	0.00708	0.00575	0.00177	0.00487	0.00575	0.00708	0.00973
56	0.01278	0.01076	0.01168	0.01059	0.01338	0.01214	0.00819	0.02576	0.57866	0.02369	0.19764	0.02640	0.02610	0.00869	0.00604	0.00191	0.00409	0.00738	0.00593	0.00819
57	0.00806	0.00582	0.00761	0.00722	0.00854	0.00537	0.00539	0.01070	0.01602	0.02266	0.73610	0.06770	0.05343	0.01190	0.00676	0.00182	0.00272	0.01054	0.00626	0.00537
58	0.01186	0.01017	0.01186	0.00847	0.01356	0.00762	0.00678	0.01440	0.01186	0.01864	0.01017	0.01186	0.00847	0.00424	0.00424	0.00085	0.00424	0.00339	0.00339	0.83395
59	0.02137	0.02726	0.01621	0.01474	0.01768	0.77602	0.01105	0.02284	0.01621	0.01400	0.00884	0.01031	0.00737	0.00589	0.00516	0.00147	0.01031	0.00368	0.00295	0.00663
60	0.01085	0.00733	0.01024	0.03515	0.01206	0.00794	0.00761	0.06210	0.01143	0.08507	0.01712	0.09851	0.01586	0.03169	0.51588	0.00670	0.01179	0.00689	0.00384	0.04193
61	0.00994	0.00497	0.00745	0.00745	0.00745	0.00497	0.00497	0.00745	0.00745	0.00994	0.00994	0.01739	0.00994	0.01987	0.02235	0.83358	0.00497	0.00497	0.00248	0.00248
62	0.01573	0.74704	0.02899	0.01014	0.01490	0.07646	0.00988	0.01754	0.01195	0.01350	0.00802	0.00926	0.00734	0.00497	0.00378	0.00124	0.00642	0.00310	0.00248	0.00729
63	0.01742	0.04053	0.02087	0.13118	0.10166	0.37225	0.15269	0.06396	0.01519	0.01674	0.01004	0.01260	0.00798	0.00561	0.00559	0.00166	0.00907	0.00470	0.00302	0.00726
64	0.01186	0.01017	0.01186	0.00847	0.01356	0.00762	0.00678	0.01440	0.01186	0.01864	0.01017	0.01186	0.00847	0.00424	0.00424	0.00085	0.00424	0.00339	0.00339	0.83395
65	0.00856	0.00609	0.00832	0.00946	0.01045	0.00599	0.00770	0.01063	0.01247	0.01642	0.06817	0.23440	0.03436	0.06959	0.00915	0.00272	0.00469	0.47061	0.00521	0.00500
66	0.00793	0.00584	0.00701	0.00715	0.00839	0.00545	0.00520	0.01022	0.03787	0.01824	0.29026	0.20761	0.21281	0.06727	0.00827	0.00221	0.00324	0.04095	0.04900	0.00508
67	0.00778	0.00557	0.00715	0.00726	0.00817	0.00519	0.00511	0.00965	0.01371	0.01901	0.45141	0.24951	0.06286	0.11000	0.00964	0.00241	0.00322	0.01177	0.00565	0.00494
68	0.19294	0.00767	0.00729	0.00681	0.00888	0.00826	0.00526	0.06459	0.05140	0.02291	0.01677	0.05221	0.01376	0.02387	0.00479	0.00162	0.00349	0.00543	0.49611	0.00595
69	0.04972	0.01065	0.01533	0.41327	0.08599	0.01225	0.01273	0.04975	0.13108	0.01894	0.08771	0.01838	0.01404	0.00655	0.00566	0.00181	0.00619	0.00566	0.00370	0.05061
70	0.01176	0.08741	0.71403	0.01582	0.02400	0.01398	0.02028	0.01804	0.01204	0.01777	0.01009	0.01186	0.00725	0.00539	0.00530	0.00177	0.00828	0.00414	0.00242	0.00837
71	0.28634	0.01958	0.01379	0.01210	0.01541	0.37693	0.00945	0.12845	0.03158	0.02128	0.00956	0.01080	0.00756	0.00601	0.00512	0.00165	0.02999	0.00381	0.00360	0.00699

[dist]
# distance from previous block
# <min> <max>
5	18

[block]
# block no. 4 follows, 41 sequences, length 57
# corresponding to MSA columns:
# 530-586
name=unknown_E
#
# <colnr> <probs for GDERKNQSTAVLIFYWHMCP>
#	G	D	E	R	K	N	Q	S	T	A	V	L	I	F	Y	W	H	M	C	P
0	0.00837	0.00571	0.00736	0.00736	0.00772	0.00608	0.00487	0.00893	0.00857	0.01179	0.01654	0.03084	0.01779	0.48090	0.29297	0.06066	0.00897	0.00733	0.00326	0.00398
1	0.01134	0.01099	0.01940	0.64721	0.09219	0.01296	0.09453	0.01523	0.01178	0.01532	0.01036	0.01519	0.00785	0.00558	0.00583	0.00189	0.00778	0.00526	0.00260	0.00670
2	0.00695	0.00506	0.00655	0.00775	0.00824	0.00466	0.00521	0.00799	0.01116	0.01469	0.03415	0.72181	0.10957	0.01758	0.00725	0.00228	0.00328	0.01585	0.00531	0.00466
3	0.00805	0.00671	0.01113	0.01064	0.01187	0.00627	0.12743	0.00968	0.01137	0.01522	0.02822	0.66607	0.03300	0.01575	0.00721	0.00226	0.00437	0.01469	0.00491	0.00515
4	0.01344	0.01059	0.01296	0.00960	0.01431	0.00876	0.03481	0.08871	0.01366	0.06540	0.01272	0.06357	0.01086	0.00559	0.00477	0.00113	0.00463	0.00467	0.00395	0.61588
5	0.01186	0.01017	0.01186	0.00847	0.01356	0.00762	0.00678	0.01440	0.01186	0.01864	0.01017	0.01186	0.00847	0.00424	0.00424	0.00085	0.00424	0.00339	0.00339	0.83395
6	0.01583	0.01091	0.06023	0.03803	0.01364	0.01025	0.00836	0.23712	0.01702	0.12752	0.01795	0.08479	0.01435	0.00764	0.00521	0.00165	0.00469	0.00620	0.31116	0.00745
7	0.01166	0.06734	0.73323	0.01598	0.02426	0.01374	0.02058	0.01807	0.01205	0.01789	0.01015	0.01193	0.00725	0.00541	0.00535	0.00178	0.00834	0.00417	0.00242	0.00840
8	0.00832	0.00555	0.00624	0.00624	0.00624	0.00555	0.00347	0.00832	0.00832	0.01109	0.01802	0.03743	0.02080	0.79898	0.02911	0.00555	0.00555	0.00832	0.00347	0.00347
9	0.01037	0.00871	0.01070	0.01012	0.01137	0.05971	0.00786	0.06357	0.01083	0.01485	0.01433	0.02122	0.01339	0.08439	0.56100	0.00737	0.07550	0.00595	0.00323	0.00552
10	0.01222	0.00838	0.01024	0.03718	0.01237	0.00805	0.00702	0.01739	0.15798	0.12423	0.33432	0.03105	0.08516	0.00926	0.00605	0.00171	0.00376	0.00794	0.00570	0.11999
11	0.00789	0.00537	0.00636	0.00679	0.00689	0.00526	0.00405	0.00821	0.00915	0.01220	0.02230	0.27758	0.02619	0.55146	0.02220	0.00452	0.00484	0.01084	0.00405	0.00384
12	0.00771	0.00596	0.00704	0.00675	0.00836	0.00536	0.00507	0.01021	0.03051	0.02007	0.47365	0.04703	0.32609	0.01269	0.00673	0.00185	0.00281	0.01093	0.00591	0.00525
13	0.00756	0.00611	0.00676	0.00654	0.00834	0.00545	0.00492	0.01011	0.04800	0.01842	0.29806	0.04926	0.48362	0.01322	0.00671	0.00189	0.00290	0.01122	0.00567	0.00522
14	0.01186	0.01017	0.01186	0.00847	0.01356	0.00762	0.00678	0.01440	0.01186	0.01864	0.01017	0.01186	0.00847	0.00424	0.00424	0.00085	0.00424	0.00339	0.00339	0.83395
15	0.00832	0.00555	0.00624	0.00624	0.00624	0.00555	0.00347	0.00832	0.00832	0.01109	0.01802	0.03743	0.02080	0.79898	0.02911	0.00555	0.00555	0.00832	0.00347	0.00347
16	0.01221	0.02475	0.53405	0.01862	0.07404	0.01358	0.14926	0.01899	0.06524	0.01860	0.01146	0.01348	0.00835	0.00547	0.00571	0.00183	0.00828	0.00490	0.00277	0.00840
17	0.00955	0.00696	0.00946	0.01061	0.01205	0.00709	0.00921	0.01308	0.06232	0.01757	0.02982	0.06165	0.03189	0.01527	0.00776	0.00259	0.00522	0.67707	0.00530	0.00552
18	0.01185	0.10626	0.69599	0.01566	0.02376	0.01421	0.02001	0.01802	0.01203	0.01765	0.01004	0.01179	0.00726	0.00538	0.00526	0.00175	0.00822	0.00411	0.00242	0.00834
19	0.83938	0.01106	0.00841	0.00752	0.01106	0.01283	0.00619	0.01681	0.00973	0.02566	0.00796	0.00929	0.00619	0.00531	0.00354	0.00177	0.00442	0.00310	0.00354	0.00619
20	0.01529	0.80242	0.02997	0.00979	0.01468	0.02263	0.00979	0.01713	0.01162	0.01346	0.00795	0.00918	0.00734	0.00489	0.00367	0.00122	0.00612	0.00306	0.00245	0.00734
21	0.01494	0.01377	0.01326	0.01195	0.01515	0.08980	0.00925	0.02964	0.67987	0.02294	0.02185	0.02025	0.01646	0.00758	0.00575	0.00189	0.00510	0.00619	0.00554	0.00881
22	0.01365	0.00996	0.01054	0.00957	0.01226	0.01113	0.00742	0.02486	0.48243	0.05916	0.02178	0.02124	0.01641	0.00738	0.00524	0.00174	0.00395	0.00607	0.26729	0.00791
23	0.01147	0.02959	0.76934	0.01630	0.02476	0.01328	0.02113	0.01811	0.01208	0.01811	0.01026	0.01208	0.00725	0.00543	0.00543	0.00181	0.00845	0.00423	0.00242	0.00845
24	0.00742	0.00612	0.00655	0.00639	0.00825	0.00541	0.00480	0.00986	0.04987	0.01750	0.20914	0.05072	0.57075	0.01355	0.00671	0.00190	0.00293	0.01142	0.00555	0.00516
25	0.01186	0.01017	0.01186	0.00847	0.01356	0.00762	0.00678	0.01440	0.01186	0.01864	0.01017	0.01186	0.00847	0.00424	0.00424	0.00085	0.00424	0.00339	0.00339	0.83395
26	0.75717	0.01049	0.00810	0.00730	0.01063	0.01209	0.00598	0.01647	0.00996	0.02523	0.00903	0.01049	0.00703	0.00544	0.00359	0.00173	0.00425	0.00332	0.08560	0.00611
27	0.75827	0.01155	0.00928	0.00808	0.01172	0.01332	0.00666	0.08898	0.01144	0.02669	0.00854	0.00973	0.00655	0.00546	0.00376	0.00176	0.00461	0.00330	0.00376	0.00655
28	0.00697	0.00498	0.00664	0.00796	0.00830	0.00465	0.00531	0.00796	0.01095	0.01460	0.03153	0.79525	0.03783	0.01792	0.00730	0.00232	0.00332	0.01626	0.00531	0.00465
29	0.01186	0.01017	0.01186	0.00847	0.01356	0.00762	0.00678	0.01440	0.01186	0.01864	0.01017	0.01186	0.00847	0.00424	0.00424	0.00085	0.00424	0.00339	0.00339	0.83395
30	0.01646	0.01465	0.08957	0.01165	0.01652	0.01305	0.01030	0.32991	0.01830	0.04741	0.01203	0.01312	0.00911	0.00650	0.01861	0.00156	0.04406	0.00442	0.00436	0.31841
31	0.01964	0.08852	0.01566	0.03928	0.01565	0.01054	0.05722	0.06639	0.03265	0.42057	0.15139	0.02188	0.01980	0.00749	0.00579	0.00174	0.00510	0.00633	0.00592	0.00845
32	0.00819	0.00607	0.00890	0.00890	0.00982	0.00699	0.00678	0.01003	0.00911	0.01306	0.01559	0.02395	0.01494	0.11791	0.70219	0.00883	0.01435	0.00635	0.00310	0.00494
33	0.01396	0.01599	0.05975	0.02311	0.02891	0.01463	0.66841	0.06550	0.01432	0.01947	0.01166	0.01520	0.00869	0.00498	0.00663	0.00191	0.00938	0.00655	0.00306	0.00787
34	0.01667	0.01267	0.02038	0.02816	0.55167	0.01250	0.01501	0.02064	0.06185	0.18198	0.01414	0.01578	0.01072	0.00570	0.00569	0.00173	0.00623	0.00533	0.00395	0.00921
35	0.02424	0.00988	0.01315	0.01017	0.01440	0.00881	0.00837	0.07330	0.01704	0.67028	0.07101	0.02064	0.01652	0.00737	0.00582	0.00177	0.00482	0.00602	0.00694	0.00945
36	0.00729	0.00543	0.00772	0.00852	0.00912	0.00506	0.03299	0.00854	0.01139	0.01528	0.07815	0.71706	0.03779	0.01702	0.00724	0.00227	0.00352	0.01552	0.00528	0.00481
37	0.28223	0.11993	0.09109	0.05223	0.01734	0.07947	0.05772	0.08850	0.01372	0.13179	0.01132	0.01228	0.00830	0.00572	0.00474	0.00169	0.00630	0.00418	0.00387	0.00758
38	0.01380	0.01710	0.13791	0.02082	0.02630	0.01463	0.49146	0.08972	0.01420	0.01962	0.01173	0.03203	0.00914	0.00581	0.00740	0.00194	0.06913	0.00630	0.00313	0.00784
39	0.01153	0.01091	0.01848	0.62194	0.19698	0.01290	0.01625	0.01525	0.01178	0.01550	0.01030	0.01501	0.00794	0.00558	0.00571	0.00186	0.00744	0.00509	0.00260	0.00694
40	0.01193	0.02651	0.61340	0.01844	0.05810	0.01349	0.14173	0.01812	0.01236	0.01817	0.01051	0.01273	0.00757	0.00532	0.00566	0.00183	0.00858	0.00469	0.00251	0.00836
41	0.01306	0.01414	0.04600	0.10625	0.22850	0.01349	0.40241	0.01729	0.01310	0.01794	0.01241	0.01824	0.01025	0.00574	0.00639	0.00191	0.00834	0.05377	0.00298	0.00779
42	0.01340	0.01261	0.02061	0.24094	0.45109	0.01353	0.03342	0.03629	0.08635	0.01850	0.01193	0.01519	0.00950	0.00557	0.00572	0.00179	0.00686	0.00527	0.00312	0.00829
43	0.00683	0.00580	0.00588	0.00586	0.00777	0.00486	0.00440	0.00834	0.01319	0.01582	0.09225	0.05445	0.72644	0.01435	0.00676	0.00193	0.00289	0.01199	0.00536	0.00486
44	0.01270	0.01560	0.10238	0.17327	0.03029	0.01420	0.47940	0.01727	0.01264	0.01727	0.01090	0.01487	0.00825	0.00540	0.00720	0.00195	0.06017	0.00606	0.00275	0.00742
45	0.01127	0.01322	0.08468	0.00954	0.01240	0.16481	0.00817	0.03984	0.04133	0.01701	0.07963	0.03879	0.38871	0.01123	0.00630	0.00186	0.00529	0.05535	0.00463	0.00595
46	0.00988	0.00508	0.00758	0.00767	0.00777	0.00508	0.00527	0.00777	0.00786	0.01045	0.01139	0.02075	0.01157	0.01958	0.02132	0.77431	0.00499	0.05631	0.00268	0.00268
47	0.01350	0.01543	0.03375	0.02411	0.02989	0.01446	0.74253	0.01832	0.01350	0.01832	0.01157	0.01543	0.00868	0.00482	0.00675	0.00193	0.00964	0.00675	0.00289	0.00771
48	0.01364	0.01497	0.09875	0.08670	0.63647	0.01350	0.01780	0.01740	0.01281	0.01834	0.01067	0.01402	0.00877	0.00518	0.00564	0.00173	0.00702	0.00501	0.00277	0.00881
49	0.01321	0.01130	0.01204	0.01105	0.01403	0.01285	0.00865	0.02710	0.63434	0.02269	0.02683	0.02743	0.08370	0.00893	0.00605	0.00199	0.00444	0.05923	0.00574	0.00841
50	0.00810	0.00585	0.00765	0.00720	0.00855	0.00540	0.00540	0.01079	0.01619	0.02294	0.76028	0.04273	0.05397	0.01169	0.00675	0.00180	0.00270	0.01034	0.00630	0.00540
51	0.01383	0.01263	0.02056	0.02978	0.59990	0.01273	0.01560	0.06829	0.01389	0.01953	0.01391	0.07005	0.01293	0.00693	0.00595	0.00182	0.00641	0.06336	0.00340	0.00851
52	0.01247	0.21102	0.56719	0.01547	0.05010	0.01550	0.01833	0.01786	0.01200	0.01704	0.00974	0.01147	0.00734	0.00529	0.00503	0.00167	0.00784	0.00398	0.00244	0.00821
53	0.02538	0.01018	0.01355	0.01039	0.01483	0.00907	0.00858	0.07897	0.01712	0.71511	0.02194	0.01906	0.01384	0.00706	0.00575	0.00177	0.00497	0.00571	0.00698	0.00973
54	0.15946	0.01104	0.01629	0.36508	0.02608	0.01367	0.06457	0.01500	0.01065	0.01697	0.00964	0.01382	0.00776	0.00668	0.00852	0.00200	0.19837	0.00484	0.04319	0.00635
55	0.00697	0.00498	0.00664	0.00796	0.00830	0.00465	0.00531	0.00796	0.01095	0.01460	0.03153	0.79525	0.03783	0.01792	0.00730	0.00232	0.00332	0.01626	0.00531	0.00465
56	0.01651	0.01654	0.01401	0.01255	0.01577	0.22228	0.00968	0.05973	0.51996	0.02175	0.01892	0.01800	0.01437	0.00721	0.00563	0.00180	0.00618	0.00565	0.00503	0.00842

[dist]
# distance from previous block
# <min> <max>
0	71

# created by:
