[name]
unknown

[dist]
# distance from previous block
# <min> <max>
0	104

[block]
# block no. 0 follows, 41 sequences, length 8
# corresponding to MSA columns:
# 106-113
name=unknown_A
#
# <colnr> <probs for GDERKNQSTAVLIFYWHMCP>
#	G	D	E	R	K	N	Q	S	T	A	V	L	I	F	Y	W	H	M	C	P
0	0.01040	0.00839	0.01273	0.01677	0.20974	0.00834	0.01117	0.01317	0.01312	0.01745	0.02654	0.05076	0.06343	0.01291	0.00725	0.00235	0.00555	0.49905	0.00463	0.00624
1	0.01400	0.01214	0.01722	0.44120	0.02924	0.01491	0.01395	0.20680	0.01502	0.02011	0.01062	0.01435	0.00816	0.00680	0.00810	0.00197	0.14972	0.00509	0.00337	0.00723
2	0.01886	0.02275	0.01506	0.01308	0.01659	0.57345	0.00993	0.02062	0.01506	0.01522	0.00919	0.01072	0.00766	0.00546	0.00491	0.00131	0.00871	0.00361	0.00306	0.22473
3	0.68572	0.01148	0.01024	0.00905	0.01196	0.01380	0.00745	0.01641	0.00971	0.02367	0.00812	0.01021	0.00666	0.00632	0.00642	0.00195	0.14753	0.00353	0.00343	0.00633
4	0.01034	0.00771	0.01049	0.00991	0.01146	0.00879	0.00778	0.11448	0.01186	0.01673	0.01531	0.02151	0.01385	0.03781	0.66428	0.00815	0.01408	0.00606	0.00352	0.00589
5	0.01120	0.02096	0.45863	0.01337	0.01920	0.01145	0.01532	0.01807	0.11837	0.02042	0.21006	0.02179	0.02124	0.00757	0.00593	0.00187	0.00645	0.00623	0.00400	0.00784
6	0.01100	0.00625	0.00858	0.00902	0.01016	0.00590	0.00682	0.01190	0.01181	0.12137	0.02614	0.34813	0.02820	0.01629	0.01008	0.15400	0.00444	0.19953	0.00511	0.00526
7	0.01887	0.22279	0.01991	0.01214	0.01656	0.01849	0.01034	0.41979	0.15540	0.02802	0.01417	0.01423	0.01072	0.00666	0.00530	0.00167	0.00600	0.00491	0.00495	0.00908

[dist]
# distance from previous block
# <min> <max>
0	1

[block]
# block no. 1 follows, 41 sequences, length 11
# corresponding to MSA columns:
# 115-125
name=unknown_B
#
# <colnr> <probs for GDERKNQSTAVLIFYWHMCP>
#	G	D	E	R	K	N	Q	S	T	A	V	L	I	F	Y	W	H	M	C	P
0	0.01395	0.01277	0.01208	0.01101	0.01359	0.15315	0.00852	0.03824	0.28040	0.05272	0.01991	0.02129	0.06200	0.01804	0.23215	0.00394	0.00872	0.00607	0.00444	0.02700
1	0.01808	0.00913	0.01146	0.00886	0.01301	0.00751	0.00717	0.02025	0.01442	0.40716	0.02551	0.02386	0.15165	0.00762	0.00549	0.00153	0.00431	0.00624	0.00567	0.25105
2	0.01861	0.01052	0.01806	0.01386	0.01792	0.00949	0.22358	0.02136	0.01452	0.40691	0.02100	0.16284	0.01696	0.00844	0.00633	0.00192	0.00598	0.00800	0.00552	0.00819
3	0.01717	0.00925	0.01315	0.01428	0.15228	0.00870	0.00925	0.02029	0.06949	0.35073	0.02305	0.24661	0.02041	0.00995	0.00620	0.00193	0.00475	0.00877	0.00567	0.00806
4	0.01692	0.01949	0.01518	0.01295	0.01597	0.40886	0.01007	0.01867	0.01354	0.01532	0.00898	0.01118	0.00772	0.00617	0.00742	0.00148	0.15354	0.00384	0.00299	0.24970
5	0.00955	0.00759	0.00955	0.00882	0.00882	0.00906	0.00613	0.00992	0.00845	0.01188	0.01493	0.03011	0.01689	0.56711	0.02607	0.00465	0.23565	0.00734	0.00318	0.00429
6	0.01240	0.01052	0.01192	0.01025	0.01362	0.01097	0.00803	0.02193	0.39657	0.02039	0.01794	0.01877	0.01423	0.01327	0.14893	0.00297	0.00645	0.00550	0.00459	0.25074
7	0.01289	0.01322	0.01625	0.53356	0.03141	0.15483	0.01397	0.01600	0.01216	0.01487	0.01027	0.01452	0.00802	0.00613	0.00648	0.00183	0.06647	0.00483	0.05597	0.00633
8	0.07738	0.01268	0.01746	0.23186	0.23983	0.01292	0.01316	0.01654	0.01339	0.01943	0.01653	0.02639	0.01570	0.24132	0.01412	0.00363	0.00773	0.00717	0.00440	0.00837
9	0.02148	0.02396	0.01649	0.01427	0.01770	0.55317	0.01100	0.23485	0.01935	0.02048	0.01028	0.01132	0.00806	0.00618	0.00532	0.00154	0.00913	0.00411	0.00376	0.00754
10	0.00737	0.00529	0.00700	0.00769	0.00839	0.00492	0.00534	0.00898	0.01283	0.01759	0.29265	0.52561	0.04361	0.01569	0.00710	0.00214	0.00310	0.01414	0.00566	0.00492

[dist]
# distance from previous block
# <min> <max>
10	12

[block]
# block no. 2 follows, 41 sequences, length 20
# corresponding to MSA columns:
# 139-158
name=unknown_C
#
# <colnr> <probs for GDERKNQSTAVLIFYWHMCP>
#	G	D	E	R	K	N	Q	S	T	A	V	L	I	F	Y	W	H	M	C	P
0	0.00810	0.00585	0.00765	0.00720	0.00855	0.00540	0.00540	0.01079	0.01619	0.02294	0.76028	0.04273	0.05397	0.01169	0.00675	0.00180	0.00270	0.01034	0.00630	0.00540
1	0.02053	0.02587	0.01633	0.01476	0.01743	0.70454	0.01119	0.02199	0.01551	0.01398	0.00872	0.01052	0.00738	0.00628	0.00644	0.00157	0.08365	0.00381	0.00291	0.00660
2	0.00710	0.00507	0.00679	0.00812	0.00851	0.00476	0.00554	0.00820	0.01108	0.01475	0.03145	0.75182	0.03754	0.01779	0.00734	0.00234	0.00343	0.05837	0.00531	0.00468
3	0.00697	0.00498	0.00664	0.00796	0.00830	0.00465	0.00531	0.00796	0.01095	0.01460	0.03153	0.79525	0.03783	0.01792	0.00730	0.00232	0.00332	0.01626	0.00531	0.00465
4	0.00697	0.00498	0.00664	0.00796	0.00830	0.00465	0.00531	0.00796	0.01095	0.01460	0.03153	0.79525	0.03783	0.01792	0.00730	0.00232	0.00332	0.01626	0.00531	0.00465
5	0.02566	0.00973	0.01327	0.01018	0.01460	0.00841	0.00841	0.02788	0.01637	0.76726	0.02257	0.01947	0.01416	0.00708	0.00575	0.00177	0.00487	0.00575	0.00708	0.00973
6	0.83938	0.01106	0.00841	0.00752	0.01106	0.01283	0.00619	0.01681	0.00973	0.02566	0.00796	0.00929	0.00619	0.00531	0.00354	0.00177	0.00442	0.00310	0.00354	0.00619
7	0.00842	0.00647	0.00956	0.00942	0.01035	0.00768	0.00733	0.01035	0.00914	0.01323	0.01497	0.02241	0.01414	0.06630	0.70890	0.00870	0.05834	0.00614	0.00305	0.00512
8	0.01529	0.80242	0.02997	0.00979	0.01468	0.02263	0.00979	0.01713	0.01162	0.01346	0.00795	0.00918	0.00734	0.00489	0.00367	0.00122	0.00612	0.00306	0.00245	0.00734
9	0.01181	0.09088	0.60494	0.08857	0.02553	0.01405	0.05161	0.01771	0.01204	0.01741	0.01012	0.01228	0.00735	0.00539	0.00537	0.00178	0.00824	0.00432	0.00245	0.00813
10	0.01418	0.01266	0.01788	0.01490	0.01601	0.01648	0.05530	0.05701	0.05358	0.07238	0.01014	0.01379	0.00878	0.00918	0.01560	0.00234	0.59435	0.00526	0.00324	0.00696
11	0.01264	0.26545	0.54369	0.01431	0.02168	0.01614	0.01767	0.01781	0.01194	0.01669	0.00956	0.01119	0.00727	0.00527	0.00490	0.00163	0.00774	0.00387	0.00242	0.00811
12	0.76105	0.01057	0.00834	0.00749	0.01082	0.01213	0.00612	0.01625	0.01034	0.02541	0.07886	0.01244	0.01070	0.00591	0.00384	0.00177	0.00426	0.00378	0.00380	0.00612
13	0.01186	0.01017	0.01186	0.00847	0.01356	0.00762	0.00678	0.01440	0.01186	0.01864	0.01017	0.01186	0.00847	0.00424	0.00424	0.00085	0.00424	0.00339	0.00339	0.83395
14	0.14258	0.01054	0.01289	0.01009	0.01436	0.01002	0.00832	0.08711	0.03960	0.57456	0.01973	0.01757	0.01274	0.00683	0.00543	0.00177	0.00491	0.00534	0.00641	0.00920
15	0.00706	0.00502	0.00661	0.00785	0.00816	0.00471	0.00519	0.00799	0.01078	0.01437	0.03064	0.74533	0.03671	0.06937	0.00874	0.00254	0.00347	0.01574	0.00519	0.00457
16	0.00946	0.00700	0.00965	0.00927	0.01052	0.00799	0.00713	0.07919	0.01077	0.01520	0.01544	0.02315	0.01452	0.11533	0.62876	0.00812	0.01349	0.00626	0.00335	0.00538
17	0.00817	0.00613	0.00919	0.00919	0.01021	0.00715	0.00715	0.01021	0.00919	0.01328	0.01532	0.02247	0.01430	0.04290	0.77631	0.00919	0.01532	0.00613	0.00306	0.00511
18	0.00914	0.00654	0.00911	0.01031	0.01163	0.00651	0.00897	0.01178	0.01337	0.01750	0.07837	0.06308	0.03431	0.01553	0.00782	0.00258	0.00510	0.67774	0.00533	0.00528
19	0.01529	0.80242	0.02997	0.00979	0.01468	0.02263	0.00979	0.01713	0.01162	0.01346	0.00795	0.00918	0.00734	0.00489	0.00367	0.00122	0.00612	0.00306	0.00245	0.00734

[dist]
# distance from previous block
# <min> <max>
0	111

# created by:
# /software/SequenceAnalysis/GenePrediction/augustus/3.0.1/scripts/msa2prfl.pl ./fixed/BUSCOvEOG7GTMTT.fas
