[name]
unknown

[dist]
# distance from previous block
# <min> <max>
24	169

[block]
# block no. 0 follows, 40 sequences, length 16
# corresponding to MSA columns:
# 175-190
name=unknown_A
#
# <colnr> <probs for GDERKNQSTAVLIFYWHMCP>
#	G	D	E	R	K	N	Q	S	T	A	V	L	I	F	Y	W	H	M	C	P
0	0.00873	0.00559	0.00740	0.00840	0.00919	0.00528	0.00606	0.01019	0.01185	0.05593	0.03038	0.58380	0.03464	0.01644	0.00717	0.00230	0.00370	0.12001	0.06778	0.00515
1	0.02211	0.01629	0.01745	0.01338	0.01803	0.01803	0.01105	0.73997	0.02734	0.03665	0.01396	0.01396	0.00989	0.00698	0.00582	0.00175	0.00640	0.00524	0.00582	0.00989
2	0.00736	0.00528	0.00700	0.00791	0.00850	0.00491	0.00542	0.00880	0.01243	0.01690	0.20787	0.61016	0.04244	0.01668	0.00729	0.00223	0.00322	0.01507	0.00564	0.00491
3	0.01752	0.01354	0.01477	0.01219	0.01571	0.03522	0.00984	0.42932	0.13886	0.02844	0.01578	0.01727	0.01222	0.01599	0.19196	0.00362	0.00845	0.00565	0.00510	0.00855
4	0.00937	0.00784	0.01112	0.01383	0.19070	0.00736	0.00820	0.01195	0.01483	0.02026	0.39085	0.03970	0.22954	0.01101	0.00660	0.00184	0.00381	0.00969	0.00528	0.00624
5	0.02099	0.07423	0.06979	0.01400	0.01907	0.01437	0.12152	0.28502	0.01944	0.27814	0.01600	0.01574	0.01091	0.00649	0.00581	0.00176	0.00656	0.00547	0.00537	0.00931
6	0.01411	0.02951	0.58367	0.01619	0.02342	0.19771	0.01900	0.01958	0.01330	0.01740	0.01008	0.01184	0.00740	0.00564	0.00546	0.00176	0.00905	0.00416	0.00259	0.00814
7	0.01124	0.01034	0.01614	0.59399	0.03367	0.01167	0.01390	0.01481	0.01173	0.01585	0.01034	0.01467	0.00796	0.00545	0.00545	0.00168	0.00692	0.00475	0.00279	0.20667
8	0.01120	0.01000	0.01652	0.28069	0.25801	0.01076	0.03608	0.01420	0.01212	0.01675	0.01643	0.20404	0.01619	0.00866	0.00610	0.00194	0.00614	0.00800	0.05930	0.00688
9	0.01275	0.03648	0.02268	0.13878	0.02478	0.01331	0.32716	0.01973	0.19148	0.01895	0.01664	0.09841	0.01406	0.00722	0.00635	0.00196	0.00723	0.00738	0.02711	0.00755
10	0.00805	0.00590	0.00759	0.00772	0.00883	0.00557	0.00557	0.01071	0.04342	0.02028	0.46333	0.29645	0.06672	0.01395	0.00701	0.00202	0.00304	0.01245	0.00602	0.00536
11	0.02378	0.01099	0.01385	0.01115	0.01537	0.01037	0.00898	0.02927	0.19476	0.57663	0.02365	0.02110	0.01578	0.00779	0.00614	0.00196	0.00509	0.00623	0.00707	0.01004
12	0.01368	0.02459	0.51947	0.01616	0.02233	0.01451	0.01851	0.01851	0.01220	0.07435	0.01137	0.01388	0.00861	0.00723	0.00912	0.00213	0.19698	0.00483	0.00307	0.00847
13	0.01394	0.02275	0.46381	0.01545	0.06119	0.01199	0.01665	0.01883	0.01310	0.08989	0.01229	0.01397	0.00908	0.00581	0.00556	0.00171	0.00730	0.00450	0.00340	0.20876
14	0.01078	0.00557	0.00807	0.00805	0.00811	0.00547	0.00536	0.00811	0.00804	0.01078	0.01077	0.01854	0.01072	0.02049	0.02283	0.82210	0.00528	0.00526	0.00276	0.00291
15	0.01383	0.00734	0.00926	0.00829	0.01047	0.00668	0.00642	0.01624	0.01590	0.20295	0.39543	0.03495	0.03642	0.01030	0.00638	0.00189	0.00363	0.03847	0.16825	0.00689

[dist]
# distance from previous block
# <min> <max>
6	252

# created by:
# /software/SequenceAnalysis/GenePrediction/augustus/3.0.1/scripts/msa2prfl.pl ./fixed/BUSCOvEOG7BVT7Z.fas
