[name]
unknown

[dist]
# distance from previous block
# <min> <max>
2	489

[block]
# block no. 0 follows, 41 sequences, length 12
# corresponding to MSA columns:
# 559-570
name=unknown_A
#
# <colnr> <probs for GDERKNQSTAVLIFYWHMCP>
#	G	D	E	R	K	N	Q	S	T	A	V	L	I	F	Y	W	H	M	C	P
0	0.02149	0.02732	0.01630	0.01482	0.01778	0.77434	0.01110	0.02292	0.01629	0.01414	0.00899	0.01052	0.00751	0.00599	0.00522	0.00150	0.01035	0.00373	0.00300	0.00670
1	0.01034	0.00819	0.00857	0.00764	0.01013	0.00784	0.00594	0.17255	0.01642	0.02068	0.09549	0.04511	0.54427	0.01267	0.00659	0.00190	0.00369	0.01044	0.00551	0.00604
2	0.00817	0.00553	0.00644	0.00673	0.00682	0.00543	0.00395	0.00835	0.00900	0.01202	0.02116	0.20648	0.02470	0.62317	0.02426	0.00484	0.00510	0.01013	0.00393	0.00381
3	0.00737	0.00528	0.00697	0.00789	0.00847	0.00490	0.00540	0.00871	0.01221	0.01660	0.19405	0.62592	0.04150	0.01660	0.00723	0.00223	0.00323	0.01496	0.00557	0.00489
4	0.12477	0.01060	0.01421	0.01221	0.01361	0.01295	0.06563	0.01298	0.01047	0.01633	0.02099	0.07786	0.17766	0.01061	0.01228	0.00224	0.38772	0.00730	0.00355	0.00600
5	0.72518	0.01184	0.00972	0.00840	0.01209	0.01358	0.00690	0.11695	0.01219	0.02720	0.00891	0.01011	0.00682	0.00562	0.00391	0.00179	0.00473	0.00343	0.00389	0.00676
6	0.01603	0.01360	0.01594	0.01258	0.01598	0.06786	0.03807	0.17675	0.01508	0.07139	0.01116	0.01319	0.00893	0.00685	0.00892	0.00167	0.22277	0.00458	0.00390	0.27474
7	0.01767	0.43847	0.07754	0.01171	0.01669	0.04346	0.01108	0.27952	0.01739	0.02209	0.01038	0.01127	0.00833	0.00577	0.00465	0.00148	0.00652	0.00396	0.00369	0.00833
8	0.01218	0.01175	0.02221	0.01684	0.02047	0.01161	0.39197	0.04341	0.01363	0.01940	0.11681	0.07264	0.01789	0.00862	0.03103	0.00215	0.06536	0.00754	0.10767	0.00685
9	0.01173	0.01203	0.02194	0.18908	0.02502	0.01355	0.28196	0.01484	0.01141	0.01575	0.01291	0.12185	0.01214	0.00822	0.00984	0.00213	0.21874	0.00722	0.00304	0.00660
10	0.00764	0.00572	0.00709	0.00699	0.00833	0.00517	0.00515	0.00983	0.01477	0.02012	0.50352	0.14897	0.20933	0.01317	0.00683	0.00190	0.00283	0.01154	0.00594	0.00517
11	0.01505	0.01331	0.02042	0.20938	0.42423	0.01430	0.01567	0.17882	0.01574	0.02158	0.01128	0.01432	0.00887	0.00564	0.00569	0.00175	0.00688	0.00511	0.00341	0.00856

[dist]
# distance from previous block
# <min> <max>
0	1

[block]
# block no. 1 follows, 41 sequences, length 12
# corresponding to MSA columns:
# 572-583
name=unknown_B
#
# <colnr> <probs for GDERKNQSTAVLIFYWHMCP>
#	G	D	E	R	K	N	Q	S	T	A	V	L	I	F	Y	W	H	M	C	P
0	0.47531	0.01192	0.01228	0.18670	0.01897	0.01385	0.00941	0.17151	0.01379	0.02535	0.00970	0.01160	0.00728	0.00574	0.00450	0.00179	0.00556	0.00399	0.00378	0.00698
1	0.01476	0.45214	0.02190	0.01009	0.01387	0.01747	0.00899	0.17017	0.01473	0.01854	0.01458	0.19004	0.01483	0.00830	0.00494	0.00158	0.00551	0.00653	0.00380	0.00723
2	0.00803	0.00542	0.00632	0.00661	0.00668	0.00535	0.00386	0.00824	0.00888	0.01184	0.02090	0.19912	0.02443	0.63233	0.02446	0.00486	0.00507	0.01001	0.00386	0.00372
3	0.47241	0.00961	0.00978	0.17316	0.01600	0.01114	0.00764	0.01440	0.00977	0.01997	0.01074	0.01700	0.00984	0.18703	0.00986	0.00266	0.00536	0.00472	0.00331	0.00560
4	0.01056	0.01010	0.00927	0.01000	0.01111	0.16967	0.00743	0.01203	0.01258	0.01505	0.02640	0.46055	0.03021	0.01487	0.00698	0.00221	0.00526	0.17572	0.00480	0.00521
5	0.01912	0.17796	0.01513	0.00909	0.01304	0.01062	0.00777	0.02108	0.01460	0.43438	0.02754	0.02541	0.18361	0.00831	0.00554	0.00169	0.00468	0.00662	0.00569	0.00810
6	0.01066	0.00533	0.00533	0.00533	0.00666	0.00533	0.00400	0.01333	0.01200	0.02132	0.01866	0.02132	0.01466	0.00666	0.00400	0.00133	0.00267	0.00533	0.83073	0.00533
7	0.01292	0.01121	0.01788	0.11036	0.06539	0.01139	0.19979	0.01923	0.18975	0.08518	0.02573	0.02617	0.18331	0.00806	0.00625	0.00190	0.00603	0.00751	0.00447	0.00747
8	0.01527	0.41636	0.02142	0.01040	0.01416	0.05262	0.00914	0.18183	0.01519	0.01890	0.01435	0.17799	0.01439	0.00817	0.00498	0.00158	0.00576	0.00638	0.00383	0.00728
9	0.19741	0.00698	0.00657	0.00650	0.00868	0.00672	0.00501	0.01031	0.01217	0.01780	0.04394	0.08694	0.51903	0.01263	0.00610	0.00194	0.00336	0.03786	0.00490	0.00515
10	0.01032	0.00782	0.00872	0.00830	0.01018	0.00774	0.00617	0.17656	0.01528	0.01971	0.03670	0.32064	0.29597	0.03927	0.00744	0.00214	0.00392	0.01193	0.00535	0.00584
11	0.01182	0.01127	0.02298	0.01739	0.02097	0.01067	0.43689	0.01438	0.01209	0.01638	0.07289	0.02151	0.01433	0.01013	0.01098	0.22296	0.00754	0.05563	0.00322	0.00597

[dist]
# distance from previous block
# <min> <max>
12	17

[block]
# block no. 2 follows, 41 sequences, length 100
# corresponding to MSA columns:
# 602-701
name=unknown_C
#
# <colnr> <probs for GDERKNQSTAVLIFYWHMCP>
#	G	D	E	R	K	N	Q	S	T	A	V	L	I	F	Y	W	H	M	C	P
0	0.01434	0.01071	0.01250	0.03661	0.01475	0.00944	0.00799	0.11887	0.01498	0.06041	0.01789	0.18817	0.01709	0.00897	0.00592	0.00170	0.00495	0.00726	0.03635	0.41110
1	0.07983	0.01177	0.01338	0.04104	0.01581	0.01327	0.03889	0.05530	0.51442	0.05302	0.05670	0.02214	0.01773	0.00779	0.00579	0.00193	0.00487	0.03248	0.00544	0.00841
2	0.01251	0.01251	0.01752	0.01502	0.01502	0.01752	0.01251	0.01377	0.00876	0.01377	0.00751	0.01251	0.00751	0.01001	0.01877	0.00250	0.78851	0.00501	0.00250	0.00626
3	0.01396	0.01212	0.01327	0.07304	0.01682	0.01411	0.00960	0.02914	0.69412	0.02319	0.02224	0.02086	0.01668	0.00760	0.00581	0.00194	0.00477	0.00636	0.00556	0.00884
4	0.02083	0.01614	0.01634	0.01295	0.01721	0.07705	0.01053	0.55826	0.12680	0.06245	0.01504	0.01476	0.01080	0.00692	0.00569	0.00173	0.00631	0.00524	0.00557	0.00939
5	0.36891	0.01109	0.01352	0.37176	0.04184	0.01318	0.01135	0.07353	0.01197	0.02117	0.00951	0.01254	0.00721	0.00562	0.00478	0.00183	0.00612	0.00423	0.00323	0.00661
6	0.00801	0.00578	0.00757	0.00726	0.00853	0.00534	0.00539	0.01057	0.01578	0.02228	0.70244	0.10245	0.05269	0.01219	0.00679	0.00184	0.00275	0.01081	0.00622	0.00534
7	0.81926	0.01151	0.02690	0.00774	0.01139	0.01284	0.00656	0.01685	0.00979	0.02548	0.00802	0.00936	0.00622	0.00531	0.00359	0.00177	0.00452	0.00312	0.00351	0.00625
8	0.01431	0.07500	0.01429	0.01149	0.01486	0.01489	0.00911	0.02934	0.69413	0.02310	0.02206	0.02038	0.01666	0.00753	0.00565	0.00188	0.00465	0.00620	0.00555	0.00892
9	0.01074	0.00616	0.00653	0.00622	0.00750	0.00625	0.00448	0.06311	0.01260	0.02033	0.07704	0.02588	0.01873	0.17357	0.00961	0.00228	0.00353	0.00634	0.53386	0.00525
10	0.00721	0.00516	0.00685	0.00780	0.00835	0.00480	0.00533	0.00856	0.01205	0.01635	0.18467	0.63711	0.04122	0.01661	0.00718	0.00221	0.00319	0.01502	0.00552	0.00480
11	0.07414	0.00652	0.00913	0.00906	0.01028	0.00760	0.00707	0.01074	0.00924	0.01426	0.01474	0.02142	0.01366	0.03992	0.71498	0.00860	0.01446	0.00589	0.00310	0.00519
12	0.09024	0.00984	0.01289	0.00997	0.01432	0.00876	0.00823	0.02700	0.01584	0.70841	0.02141	0.01866	0.01353	0.00694	0.00558	0.00177	0.00483	0.00554	0.00680	0.00945
13	0.02277	0.01438	0.01615	0.01238	0.01692	0.01531	0.01023	0.55754	0.02415	0.22661	0.01603	0.01523	0.01088	0.00692	0.00573	0.00173	0.00592	0.00531	0.00608	0.00973
14	0.01271	0.01071	0.01245	0.02785	0.01457	0.00880	0.00741	0.07294	0.04128	0.02012	0.01095	0.01245	0.00889	0.00462	0.00445	0.00098	0.00449	0.00369	0.00365	0.71699
15	0.01142	0.02805	0.70965	0.07733	0.02592	0.01324	0.02072	0.01784	0.01203	0.01784	0.01026	0.01233	0.00728	0.00546	0.00546	0.00182	0.00839	0.00429	0.00243	0.00829
16	0.01342	0.01520	0.03246	0.02339	0.02871	0.01471	0.68459	0.01796	0.01312	0.01796	0.01125	0.01520	0.00859	0.00523	0.00770	0.00197	0.07146	0.00661	0.00286	0.00760
17	0.00726	0.00501	0.00653	0.00776	0.00817	0.00470	0.00521	0.00839	0.01103	0.01514	0.03050	0.73383	0.03599	0.01703	0.00704	0.00224	0.00327	0.01539	0.07082	0.00470
18	0.01184	0.02305	0.48502	0.01984	0.14814	0.01281	0.11590	0.01724	0.01234	0.01796	0.01221	0.07503	0.01017	0.00629	0.00580	0.00185	0.00793	0.00567	0.00278	0.00815
19	0.83938	0.01106	0.00841	0.00752	0.01106	0.01283	0.00619	0.01681	0.00973	0.02566	0.00796	0.00929	0.00619	0.00531	0.00354	0.00177	0.00442	0.00310	0.00354	0.00619
20	0.02055	0.01546	0.01791	0.01365	0.01817	0.01688	0.06861	0.65114	0.02511	0.03393	0.01380	0.01424	0.00988	0.00669	0.00572	0.00171	0.00638	0.00529	0.04554	0.00935
21	0.01382	0.08380	0.34087	0.05519	0.02162	0.04312	0.08099	0.01802	0.01207	0.09468	0.01117	0.01351	0.00846	0.00783	0.03912	0.00218	0.13802	0.00475	0.00302	0.00775
22	0.00831	0.00604	0.00905	0.00905	0.00999	0.00698	0.00698	0.00999	0.00905	0.01301	0.01489	0.02207	0.01395	0.04107	0.71648	0.07462	0.01450	0.00604	0.00302	0.00490
23	0.01509	0.67804	0.02697	0.00986	0.01437	0.08066	0.00946	0.01687	0.01210	0.01366	0.01199	0.01291	0.06715	0.00573	0.00403	0.00130	0.00619	0.00382	0.00271	0.00709
24	0.01968	0.01018	0.01244	0.01000	0.01341	0.00998	0.00793	0.17387	0.06341	0.37595	0.10560	0.02357	0.01897	0.11760	0.00911	0.00230	0.00499	0.00656	0.00612	0.00832
25	0.01413	0.01366	0.02359	0.03472	0.73738	0.01362	0.04317	0.01758	0.01304	0.01867	0.01079	0.01420	0.00905	0.00509	0.00570	0.00171	0.00690	0.00515	0.00283	0.00901
26	0.02195	0.01570	0.01696	0.01301	0.01758	0.01725	0.01074	0.70704	0.02635	0.07401	0.01419	0.01403	0.00996	0.00688	0.00572	0.00172	0.00622	0.00518	0.00579	0.00973
27	0.01561	0.76218	0.02926	0.01004	0.01484	0.06175	0.00985	0.01742	0.01186	0.01349	0.00800	0.00923	0.00734	0.00495	0.00375	0.00124	0.00633	0.00309	0.00247	0.00730
28	0.00922	0.00658	0.00922	0.01053	0.01185	0.00658	0.00922	0.01185	0.01317	0.01712	0.03029	0.06452	0.03292	0.01580	0.00790	0.00263	0.00527	0.72480	0.00527	0.00527
29	0.00817	0.00613	0.00919	0.00919	0.01021	0.00715	0.00715	0.01021	0.00919	0.01328	0.01532	0.02247	0.01430	0.04290	0.77631	0.00919	0.01532	0.00613	0.00306	0.00511
30	0.02174	0.01602	0.01717	0.01316	0.01774	0.01774	0.01087	0.74423	0.02689	0.03605	0.01373	0.01373	0.00973	0.00687	0.00572	0.00172	0.00629	0.00515	0.00572	0.00973
31	0.00698	0.00524	0.00647	0.00736	0.00816	0.00474	0.00506	0.00818	0.01179	0.01528	0.07878	0.56066	0.22719	0.01668	0.00713	0.00219	0.00317	0.01484	0.00536	0.00474
32	0.83938	0.01106	0.00841	0.00752	0.01106	0.01283	0.00619	0.01681	0.00973	0.02566	0.00796	0.00929	0.00619	0.00531	0.00354	0.00177	0.00442	0.00310	0.00354	0.00619
33	0.00796	0.00584	0.00746	0.00706	0.00846	0.00534	0.00529	0.01054	0.01588	0.02220	0.69074	0.04395	0.12398	0.01197	0.00675	0.00181	0.00272	0.01052	0.00620	0.00534
34	0.00711	0.00588	0.00617	0.00636	0.00805	0.00498	0.00465	0.00843	0.01293	0.01570	0.06605	0.17214	0.63123	0.01512	0.00696	0.00204	0.00306	0.01276	0.00541	0.00496
35	0.01119	0.00619	0.00824	0.00862	0.00984	0.00561	0.00609	0.01236	0.01226	0.17303	0.02982	0.62918	0.03299	0.01577	0.00708	0.00225	0.00374	0.01409	0.00577	0.00586
36	0.00738	0.00524	0.00681	0.00800	0.00833	0.00490	0.00527	0.00821	0.01089	0.01455	0.03051	0.72520	0.03646	0.08711	0.00934	0.00266	0.00362	0.01560	0.00523	0.00469
37	0.01175	0.02969	0.76622	0.01646	0.02490	0.01342	0.02119	0.01829	0.01225	0.01836	0.01054	0.01246	0.00751	0.00562	0.00555	0.00186	0.00853	0.00432	0.00251	0.00859
38	0.00726	0.00519	0.00685	0.00816	0.00851	0.00482	0.00544	0.00818	0.01113	0.01486	0.03171	0.79220	0.03796	0.01805	0.00741	0.00237	0.00342	0.01630	0.00539	0.00480
39	0.00861	0.00576	0.00645	0.00644	0.00646	0.00572	0.00360	0.00853	0.00850	0.01137	0.01826	0.03770	0.02100	0.79569	0.02913	0.00558	0.00564	0.00839	0.00356	0.00362
40	0.01373	0.01548	0.03321	0.02387	0.02944	0.01472	0.71098	0.01832	0.01348	0.01839	0.01168	0.01568	0.00889	0.00521	0.00733	0.00200	0.04007	0.00676	0.00297	0.00779
41	0.01261	0.01064	0.01230	0.00889	0.01395	0.00828	0.00710	0.05002	0.01276	0.01973	0.01061	0.01233	0.00879	0.00455	0.00443	0.00094	0.00443	0.00357	0.00360	0.79046
42	0.00861	0.00576	0.00645	0.00644	0.00646	0.00572	0.00360	0.00853	0.00850	0.01137	0.01826	0.03770	0.02100	0.79569	0.02913	0.00558	0.00564	0.00839	0.00356	0.00362
43	0.83604	0.01125	0.00861	0.00772	0.01127	0.01297	0.00632	0.01699	0.00991	0.02588	0.00825	0.00968	0.00646	0.00549	0.00366	0.00182	0.00452	0.00319	0.00363	0.00634
44	0.01449	0.01247	0.01311	0.01182	0.01506	0.01436	0.00916	0.03051	0.74989	0.02415	0.02350	0.02168	0.01768	0.00793	0.00594	0.00199	0.00462	0.00655	0.00590	0.00918
45	0.01175	0.02969	0.76622	0.01646	0.02490	0.01342	0.02119	0.01829	0.01225	0.01836	0.01054	0.01246	0.00751	0.00562	0.00555	0.00186	0.00853	0.00432	0.00251	0.00859
46	0.00950	0.00679	0.00941	0.01071	0.01205	0.00675	0.00933	0.01205	0.01333	0.01737	0.03047	0.06467	0.03307	0.01594	0.00801	0.00268	0.00536	0.72174	0.00535	0.00541
47	0.01175	0.02969	0.76622	0.01646	0.02490	0.01342	0.02119	0.01829	0.01225	0.01836	0.01054	0.01246	0.00751	0.00562	0.00555	0.00186	0.00853	0.00432	0.00251	0.00859
48	0.01108	0.01036	0.01732	0.78202	0.03948	0.01285	0.01596	0.01480	0.01161	0.01487	0.01044	0.01562	0.00789	0.00590	0.00583	0.00196	0.00771	0.00517	0.00264	0.00650
49	0.01886	0.00882	0.01150	0.00946	0.01274	0.00804	0.00754	0.02237	0.08053	0.44445	0.27571	0.02795	0.02833	0.00890	0.00621	0.00184	0.00419	0.00747	0.00678	0.00832
50	0.01294	0.01914	0.30603	0.14000	0.08813	0.01410	0.10235	0.01774	0.03845	0.04623	0.01116	0.01422	0.00857	0.00653	0.00819	0.00201	0.14824	0.00510	0.00294	0.00789
51	0.00992	0.00772	0.00915	0.00849	0.01037	0.00783	0.00643	0.01598	0.20682	0.02315	0.54159	0.03788	0.06979	0.01093	0.00662	0.00189	0.00328	0.00947	0.00622	0.00647
52	0.00725	0.00522	0.00681	0.00807	0.00849	0.00483	0.00540	0.00819	0.01121	0.01490	0.03276	0.76268	0.06680	0.01791	0.00739	0.00236	0.00340	0.01613	0.00539	0.00480
53	0.15410	0.01261	0.04303	0.01122	0.01466	0.01356	0.00917	0.02669	0.53920	0.04026	0.02072	0.02146	0.01609	0.00783	0.00564	0.00199	0.00481	0.04311	0.00538	0.00849
54	0.48404	0.15452	0.05324	0.00953	0.01363	0.07597	0.00843	0.03254	0.01188	0.09599	0.00999	0.01098	0.00767	0.00568	0.00418	0.00170	0.00559	0.00359	0.00372	0.00711
55	0.00744	0.00533	0.00701	0.00803	0.00855	0.00494	0.00545	0.00863	0.01195	0.01618	0.14680	0.67336	0.04051	0.01707	0.00732	0.00229	0.00332	0.01536	0.00555	0.00491
56	0.01108	0.01036	0.01732	0.78202	0.03948	0.01285	0.01596	0.01480	0.01161	0.01487	0.01044	0.01562	0.00789	0.00590	0.00583	0.00196	0.00771	0.00517	0.00264	0.00650
57	0.01609	0.01801	0.13508	0.01478	0.05424	0.14527	0.04990	0.07351	0.33345	0.05457	0.01782	0.01781	0.02920	0.00702	0.00581	0.00185	0.00671	0.00566	0.00461	0.00858
58	0.80619	0.01143	0.00893	0.00792	0.01151	0.01315	0.00649	0.04354	0.01054	0.02625	0.00846	0.00985	0.00659	0.00555	0.00374	0.00182	0.00459	0.00327	0.00371	0.00647
59	0.01482	0.01507	0.02570	0.08210	0.12117	0.07279	0.37437	0.01967	0.08092	0.05451	0.01271	0.01574	0.00978	0.00597	0.00730	0.00195	0.06805	0.00604	0.00340	0.00794
60	0.00730	0.00589	0.00645	0.00668	0.00827	0.00508	0.00492	0.00874	0.01312	0.01630	0.11635	0.18879	0.53644	0.01504	0.00701	0.00206	0.00314	0.03792	0.00548	0.00501
61	0.01253	0.01059	0.01226	0.00885	0.01392	0.00819	0.00706	0.04404	0.01264	0.01958	0.01059	0.01232	0.00878	0.00453	0.00442	0.00094	0.00442	0.00355	0.00358	0.79721
62	0.01398	0.21307	0.37699	0.01370	0.03067	0.05448	0.01503	0.01836	0.02880	0.06221	0.01203	0.04141	0.00971	0.00636	0.00567	0.00172	0.03836	0.00469	0.04483	0.00794
63	0.02169	0.01625	0.01695	0.01322	0.01767	0.04763	0.01081	0.65348	0.06395	0.05707	0.01456	0.01454	0.01043	0.00706	0.00582	0.00177	0.00641	0.00526	0.00574	0.00970
64	0.00771	0.00541	0.00686	0.00773	0.00803	0.00520	0.00501	0.00839	0.01029	0.01380	0.02707	0.53863	0.03195	0.24046	0.05240	0.00363	0.00466	0.01354	0.00476	0.00448
65	0.03086	0.01412	0.05374	0.12128	0.07426	0.01459	0.01152	0.42280	0.02046	0.02856	0.01378	0.01539	0.01023	0.00662	0.00551	0.00174	0.00611	0.00517	0.13472	0.00852
66	0.01368	0.01316	0.02210	0.09775	0.47194	0.01383	0.09169	0.01794	0.06952	0.01832	0.01196	0.01552	0.00989	0.00744	0.03836	0.00218	0.06767	0.00550	0.00312	0.00843
67	0.01211	0.01199	0.01931	0.61799	0.08437	0.05271	0.08777	0.01579	0.01216	0.01547	0.01055	0.01531	0.00807	0.00578	0.00590	0.00192	0.00799	0.00526	0.00271	0.00682
68	0.01091	0.00564	0.00663	0.00653	0.00744	0.00564	0.00466	0.02779	0.01075	0.01750	0.01542	0.01997	0.01296	0.01194	0.01124	0.32225	0.00374	0.00527	0.48923	0.00448
69	0.01213	0.01036	0.01205	0.00866	0.01375	0.00779	0.00690	0.01459	0.01203	0.01888	0.01044	0.01224	0.00873	0.00442	0.00436	0.00090	0.00433	0.00348	0.00348	0.83047
70	0.00861	0.00614	0.00779	0.00735	0.00885	0.00559	0.00553	0.01108	0.01595	0.03718	0.65391	0.04421	0.12977	0.01213	0.00686	0.00188	0.00291	0.02243	0.00627	0.00557
71	0.01236	0.01328	0.02766	0.02049	0.02512	0.01238	0.56827	0.01623	0.01309	0.01779	0.01600	0.17959	0.01506	0.00775	0.00692	0.00204	0.00827	0.00875	0.00351	0.02544
72	0.02348	0.01095	0.01375	0.01089	0.01512	0.01045	0.00886	0.09352	0.14867	0.56543	0.02211	0.01963	0.01458	0.00736	0.00588	0.00185	0.00503	0.00591	0.00681	0.00974
73	0.01466	0.01433	0.02279	0.06066	0.69700	0.05218	0.01724	0.01789	0.01329	0.01855	0.01091	0.01437	0.00918	0.00534	0.00575	0.00175	0.00709	0.00511	0.00292	0.00897
74	0.00856	0.00626	0.00899	0.00897	0.00994	0.00710	0.00682	0.01036	0.00939	0.01363	0.01594	0.02412	0.01514	0.11031	0.67790	0.00860	0.01403	0.00638	0.03244	0.00511
75	0.00740	0.00602	0.00649	0.00636	0.00816	0.00515	0.00475	0.00909	0.01402	0.01765	0.24020	0.05204	0.57455	0.01391	0.00687	0.00195	0.00295	0.01168	0.00565	0.00512
76	0.01321	0.01459	0.06324	0.04284	0.17331	0.01334	0.42559	0.01793	0.04370	0.01885	0.04270	0.02053	0.01294	0.00636	0.00661	0.00198	0.00822	0.06279	0.00338	0.00789
77	0.01140	0.01153	0.04370	0.01661	0.10326	0.01278	0.10304	0.01339	0.01081	0.01558	0.01599	0.24812	0.01718	0.01116	0.01187	0.00230	0.33257	0.00867	0.00353	0.00651
78	0.00726	0.00519	0.00685	0.00816	0.00851	0.00482	0.00544	0.00818	0.01113	0.01486	0.03171	0.79220	0.03796	0.01805	0.00741	0.00237	0.00342	0.01630	0.00539	0.00480
79	0.01449	0.01247	0.01311	0.01182	0.01506	0.01436	0.00916	0.03051	0.74989	0.02415	0.02350	0.02168	0.01768	0.00793	0.00594	0.00199	0.00462	0.00655	0.00590	0.00918
80	0.04545	0.04333	0.01739	0.40552	0.02851	0.04573	0.01327	0.27385	0.01731	0.03712	0.01172	0.01452	0.00869	0.00629	0.00566	0.00184	0.00712	0.00500	0.00390	0.00780
81	0.01391	0.05088	0.02057	0.29935	0.31533	0.01407	0.04429	0.10565	0.01420	0.01918	0.01184	0.04319	0.00984	0.00617	0.00581	0.00183	0.00707	0.00556	0.00325	0.00800
82	0.01767	0.12649	0.11446	0.01419	0.04449	0.43743	0.01180	0.04135	0.01519	0.01601	0.04298	0.01560	0.06502	0.00675	0.00533	0.00160	0.00849	0.00474	0.00329	0.00710
83	0.01990	0.01290	0.01462	0.01121	0.01564	0.01291	0.00914	0.38673	0.02068	0.18486	0.02965	0.01585	0.01174	0.00662	0.00546	0.00158	0.00540	0.00510	0.04725	0.18275
84	0.05438	0.01469	0.01584	0.01247	0.01667	0.01603	0.01015	0.58555	0.05345	0.08489	0.01569	0.05294	0.01200	0.02027	0.00621	0.00187	0.00598	0.00584	0.00576	0.00934
85	0.01265	0.01550	0.11132	0.01920	0.02394	0.04053	0.43987	0.01678	0.01357	0.01851	0.10243	0.05128	0.01646	0.00727	0.00732	0.00201	0.04611	0.04442	0.00354	0.00730
86	0.01108	0.01036	0.01732	0.78202	0.03948	0.01285	0.01596	0.01480	0.01161	0.01487	0.01044	0.01562	0.00789	0.00590	0.00583	0.00196	0.00771	0.00517	0.00264	0.00650
87	0.01213	0.01036	0.01205	0.00866	0.01375	0.00779	0.00690	0.01459	0.01203	0.01888	0.01044	0.01224	0.00873	0.00442	0.00436	0.00090	0.00433	0.00348	0.00348	0.83047
88	0.02066	0.01521	0.01635	0.01292	0.01723	0.01680	0.01052	0.57366	0.16863	0.06234	0.01620	0.01582	0.01167	0.00723	0.00586	0.00181	0.00598	0.00552	0.00588	0.00972
89	0.02588	0.00993	0.01345	0.01036	0.01479	0.00857	0.00852	0.02800	0.01652	0.76423	0.02279	0.01982	0.01439	0.00726	0.00587	0.00182	0.00496	0.00584	0.00716	0.00986
90	0.01394	0.02903	0.01136	0.02186	0.01254	0.00936	0.00752	0.16621	0.01669	0.13068	0.15567	0.11118	0.18273	0.01087	0.00665	0.00189	0.02208	0.03414	0.00563	0.04997
91	0.01369	0.01612	0.06123	0.02394	0.02983	0.01455	0.71257	0.01849	0.01361	0.01856	0.01179	0.01567	0.00888	0.00503	0.00681	0.00197	0.00967	0.00674	0.00297	0.00788
92	0.00743	0.00531	0.00703	0.00825	0.00871	0.00495	0.00564	0.00851	0.01149	0.01539	0.06702	0.71879	0.03850	0.01764	0.00741	0.00236	0.00349	0.05178	0.00544	0.00486
93	0.00742	0.00540	0.00727	0.03915	0.00975	0.00514	0.00586	0.00845	0.01114	0.01486	0.03086	0.76109	0.03676	0.01756	0.00735	0.00235	0.00359	0.01585	0.00528	0.00486
94	0.01324	0.01928	0.22501	0.02220	0.02868	0.01429	0.55195	0.01844	0.01329	0.01851	0.01150	0.01492	0.00857	0.00517	0.00652	0.00195	0.00941	0.00617	0.00286	0.00804
95	0.02197	0.01619	0.01733	0.01333	0.01791	0.01786	0.01097	0.74122	0.02700	0.03622	0.01399	0.01411	0.00998	0.00704	0.00584	0.00177	0.00638	0.00524	0.00580	0.00985
96	0.01218	0.09641	0.66457	0.01628	0.02428	0.01430	0.05661	0.01821	0.01228	0.01796	0.01040	0.01237	0.00759	0.00554	0.00546	0.00182	0.00839	0.00434	0.00254	0.00845
97	0.00726	0.00519	0.00685	0.00816	0.00851	0.00482	0.00544	0.00818	0.01113	0.01486	0.03171	0.79220	0.03796	0.01805	0.00741	0.00237	0.00342	0.01630	0.00539	0.00480
98	0.00861	0.00576	0.00645	0.00644	0.00646	0.00572	0.00360	0.00853	0.00850	0.01137	0.01826	0.03770	0.02100	0.79569	0.02913	0.00558	0.00564	0.00839	0.00356	0.00362
99	0.01410	0.01486	0.02587	0.04952	0.02426	0.06469	0.42687	0.05486	0.01328	0.01801	0.01147	0.01592	0.00936	0.03833	0.00977	0.00217	0.15862	0.00615	0.03461	0.00729

[dist]
# distance from previous block
# <min> <max>
4	60

# created by:
# /software/SequenceAnalysis/GenePrediction/augustus/3.0.1/scripts/msa2prfl.pl ./fixed/BUSCOvEOG79CRNC.fas
