[name]
unknown

[dist]
# distance from previous block
# <min> <max>
36	125

[block]
# block no. 0 follows, 41 sequences, length 41
# corresponding to MSA columns:
# 145-185
name=unknown_A
#
# <colnr> <probs for GDERKNQSTAVLIFYWHMCP>
#	G	D	E	R	K	N	Q	S	T	A	V	L	I	F	Y	W	H	M	C	P
0	0.01529	0.80242	0.02997	0.00979	0.01468	0.02263	0.00979	0.01713	0.01162	0.01346	0.00795	0.00918	0.00734	0.00489	0.00367	0.00122	0.00612	0.00306	0.00245	0.00734
1	0.00810	0.00585	0.00765	0.00720	0.00855	0.00540	0.00540	0.01079	0.01619	0.02294	0.76028	0.04273	0.05397	0.01169	0.00675	0.00180	0.00270	0.01034	0.00630	0.00540
2	0.00697	0.00498	0.00664	0.00796	0.00830	0.00465	0.00531	0.00796	0.01095	0.01460	0.03153	0.79525	0.03783	0.01792	0.00730	0.00232	0.00332	0.01626	0.00531	0.00465
3	0.00697	0.00498	0.00664	0.00796	0.00830	0.00465	0.00531	0.00796	0.01095	0.01460	0.03153	0.79525	0.03783	0.01792	0.00730	0.00232	0.00332	0.01626	0.00531	0.00465
4	0.00697	0.00498	0.00664	0.00796	0.00830	0.00465	0.00531	0.00796	0.01095	0.01460	0.03153	0.79525	0.03783	0.01792	0.00730	0.00232	0.00332	0.01626	0.00531	0.00465
5	0.02137	0.01582	0.01717	0.03985	0.01849	0.01756	0.01105	0.71901	0.02636	0.03531	0.01361	0.01379	0.00965	0.00683	0.00572	0.00172	0.00634	0.00515	0.00561	0.00961
6	0.01350	0.01543	0.03375	0.02411	0.02989	0.01446	0.74253	0.01832	0.01350	0.01832	0.01157	0.01543	0.00868	0.00482	0.00675	0.00193	0.00964	0.00675	0.00289	0.00771
7	0.00832	0.00555	0.00624	0.00624	0.00624	0.00555	0.00347	0.00832	0.00832	0.01109	0.01802	0.03743	0.02080	0.79898	0.02911	0.00555	0.00555	0.00832	0.00347	0.00347
8	0.00677	0.00575	0.00584	0.00592	0.00776	0.00482	0.00440	0.00820	0.01292	0.01540	0.05646	0.09670	0.72029	0.01468	0.00679	0.00195	0.00292	0.01231	0.00531	0.00482
9	0.01080	0.01017	0.01716	0.78523	0.03940	0.01271	0.01589	0.01461	0.01144	0.01461	0.01017	0.01525	0.00762	0.00572	0.00572	0.00191	0.00762	0.00508	0.00254	0.00635
10	0.01491	0.01197	0.01350	0.00992	0.01485	0.01075	0.00804	0.23972	0.01650	0.02401	0.01127	0.01244	0.00886	0.00505	0.00469	0.00112	0.00487	0.00393	0.00411	0.57949
11	0.01295	0.25547	0.02006	0.03905	0.01491	0.01754	0.01090	0.01458	0.01002	0.01423	0.00925	0.03059	0.00882	0.00900	0.03001	0.00216	0.42896	0.00472	0.06030	0.00647
12	0.83938	0.01106	0.00841	0.00752	0.01106	0.01283	0.00619	0.01681	0.00973	0.02566	0.00796	0.00929	0.00619	0.00531	0.00354	0.00177	0.00442	0.00310	0.00354	0.00619
13	0.83938	0.01106	0.00841	0.00752	0.01106	0.01283	0.00619	0.01681	0.00973	0.02566	0.00796	0.00929	0.00619	0.00531	0.00354	0.00177	0.00442	0.00310	0.00354	0.00619
14	0.00896	0.00640	0.00893	0.01024	0.01145	0.00637	0.00878	0.01141	0.01292	0.01683	0.03043	0.14696	0.03347	0.01604	0.00783	0.00260	0.00505	0.64486	0.00527	0.00520
15	0.00697	0.00498	0.00664	0.00796	0.00830	0.00465	0.00531	0.00796	0.01095	0.01460	0.03153	0.79525	0.03783	0.01792	0.00730	0.00232	0.00332	0.01626	0.00531	0.00465
16	0.01233	0.01045	0.01211	0.00870	0.01375	0.00811	0.00697	0.04916	0.01258	0.01947	0.01034	0.01195	0.00853	0.00436	0.00431	0.00089	0.00433	0.00347	0.00350	0.79470
17	0.01114	0.01058	0.01808	0.70600	0.09531	0.01283	0.03608	0.01494	0.01162	0.01503	0.01025	0.01517	0.00777	0.00565	0.00574	0.00189	0.00762	0.00513	0.00257	0.00660
18	0.01227	0.01138	0.01876	0.54566	0.22993	0.01321	0.01606	0.05409	0.01268	0.01683	0.01051	0.01488	0.00812	0.00561	0.00570	0.00184	0.00733	0.00509	0.00279	0.00725
19	0.00734	0.00594	0.00655	0.00644	0.00817	0.00522	0.00481	0.00950	0.03232	0.01780	0.25999	0.08341	0.50496	0.01366	0.00676	0.00191	0.00290	0.01162	0.00561	0.00509
20	0.01423	0.01229	0.01293	0.01164	0.01487	0.01423	0.00905	0.03039	0.75297	0.02393	0.02328	0.02134	0.01746	0.00776	0.00582	0.00194	0.00453	0.00647	0.00582	0.00905
21	0.83938	0.01106	0.00841	0.00752	0.01106	0.01283	0.00619	0.01681	0.00973	0.02566	0.00796	0.00929	0.00619	0.00531	0.00354	0.00177	0.00442	0.00310	0.00354	0.00619
22	0.00697	0.00498	0.00664	0.00796	0.00830	0.00465	0.00531	0.00796	0.01095	0.01460	0.03153	0.79525	0.03783	0.01792	0.00730	0.00232	0.00332	0.01626	0.00531	0.00465
23	0.01066	0.00533	0.00533	0.00533	0.00666	0.00533	0.00400	0.01333	0.01200	0.02132	0.01866	0.02132	0.01466	0.00666	0.00400	0.00133	0.00267	0.00533	0.83073	0.00533
24	0.01241	0.01184	0.02205	0.13847	0.02441	0.01160	0.34495	0.01682	0.05942	0.05078	0.01519	0.11720	0.01333	0.00858	0.04038	0.00218	0.00766	0.00729	0.00358	0.09186
25	0.01144	0.02812	0.70971	0.01633	0.02441	0.01306	0.05271	0.01787	0.01228	0.01829	0.03678	0.01331	0.00896	0.00563	0.00554	0.00182	0.00830	0.00455	0.00257	0.00831
26	0.01147	0.02959	0.76934	0.01630	0.02476	0.01328	0.02113	0.01811	0.01208	0.01811	0.01026	0.01208	0.00725	0.00543	0.00543	0.00181	0.00845	0.00423	0.00242	0.00845
27	0.01251	0.01251	0.01752	0.01502	0.01502	0.01752	0.01251	0.01377	0.00876	0.01377	0.00751	0.01251	0.00751	0.01001	0.01877	0.00250	0.78851	0.00501	0.00250	0.00626
28	0.01173	0.01142	0.01780	0.62876	0.11642	0.04705	0.01568	0.01526	0.01168	0.01499	0.01003	0.01477	0.00776	0.00588	0.00637	0.00190	0.04823	0.00502	0.00259	0.00666
29	0.01416	0.01359	0.02322	0.03511	0.76330	0.01359	0.01755	0.01755	0.01302	0.01869	0.01076	0.01416	0.00906	0.00510	0.00566	0.00170	0.00680	0.00510	0.00283	0.00906
30	0.00700	0.00582	0.00613	0.00611	0.00794	0.00495	0.00462	0.00865	0.01346	0.01648	0.14945	0.05368	0.64845	0.01415	0.00679	0.00193	0.00294	0.03109	0.00544	0.00492
31	0.01472	0.02505	0.59657	0.01490	0.02244	0.01217	0.01823	0.02034	0.01306	0.18930	0.01308	0.01377	0.00883	0.00581	0.00551	0.00180	0.00763	0.00458	0.00348	0.00875
32	0.01092	0.02255	0.53421	0.01348	0.01998	0.01110	0.01630	0.01650	0.03350	0.04072	0.08751	0.02220	0.13178	0.00756	0.00579	0.00183	0.00682	0.00614	0.00347	0.00765
33	0.01066	0.00533	0.00533	0.00533	0.00666	0.00533	0.00400	0.01333	0.01200	0.02132	0.01866	0.02132	0.01466	0.00666	0.00400	0.00133	0.00267	0.00533	0.83073	0.00533
34	0.00810	0.00585	0.00765	0.00720	0.00855	0.00540	0.00540	0.01079	0.01619	0.02294	0.76028	0.04273	0.05397	0.01169	0.00675	0.00180	0.00270	0.01034	0.00630	0.00540
35	0.01399	0.01405	0.02586	0.03235	0.57942	0.01381	0.19932	0.01775	0.01314	0.01860	0.01096	0.01448	0.00896	0.00503	0.00594	0.00176	0.00751	0.00551	0.00285	0.00872
36	0.00922	0.00658	0.00922	0.01053	0.01185	0.00658	0.00922	0.01185	0.01317	0.01712	0.03029	0.06452	0.03292	0.01580	0.00790	0.00263	0.00527	0.72480	0.00527	0.00527
37	0.02566	0.00973	0.01327	0.01018	0.01460	0.00841	0.00841	0.02788	0.01637	0.76726	0.02257	0.01947	0.01416	0.00708	0.00575	0.00177	0.00487	0.00575	0.00708	0.00973
38	0.01260	0.01278	0.01901	0.01585	0.01638	0.01724	0.07961	0.01418	0.00920	0.01418	0.00788	0.01278	0.00762	0.00953	0.01767	0.00245	0.71693	0.00517	0.00254	0.00639
39	0.01080	0.01017	0.01716	0.78523	0.03940	0.01271	0.01589	0.01461	0.01144	0.01461	0.01017	0.01525	0.00762	0.00572	0.00572	0.00191	0.00762	0.00508	0.00254	0.00635
40	0.02566	0.00973	0.01327	0.01018	0.01460	0.00841	0.00841	0.02788	0.01637	0.76726	0.02257	0.01947	0.01416	0.00708	0.00575	0.00177	0.00487	0.00575	0.00708	0.00973

[dist]
# distance from previous block
# <min> <max>
0	74

[block]
# block no. 1 follows, 41 sequences, length 17
# corresponding to MSA columns:
# 261-277
name=unknown_B
#
# <colnr> <probs for GDERKNQSTAVLIFYWHMCP>
#	G	D	E	R	K	N	Q	S	T	A	V	L	I	F	Y	W	H	M	C	P
0	0.83938	0.01106	0.00841	0.00752	0.01106	0.01283	0.00619	0.01681	0.00973	0.02566	0.00796	0.00929	0.00619	0.00531	0.00354	0.00177	0.00442	0.00310	0.00354	0.00619
1	0.00697	0.00498	0.00664	0.00796	0.00830	0.00465	0.00531	0.00796	0.01095	0.01460	0.03153	0.79525	0.03783	0.01792	0.00730	0.00232	0.00332	0.01626	0.00531	0.00465
2	0.00722	0.00508	0.00656	0.00764	0.00791	0.00481	0.00496	0.00803	0.01046	0.01394	0.02900	0.65343	0.03464	0.16409	0.01138	0.00293	0.00374	0.01477	0.00496	0.00443
3	0.01186	0.01017	0.01186	0.00847	0.01356	0.00762	0.00678	0.01440	0.01186	0.01864	0.01017	0.01186	0.00847	0.00424	0.00424	0.00085	0.00424	0.00339	0.00339	0.83395
4	0.01985	0.22138	0.01966	0.01350	0.01693	0.58735	0.01074	0.02141	0.01506	0.01386	0.00862	0.01003	0.00736	0.00564	0.00479	0.00141	0.00926	0.00353	0.00282	0.00681
5	0.01251	0.01251	0.01752	0.01502	0.01502	0.01752	0.01251	0.01377	0.00876	0.01377	0.00751	0.01251	0.00751	0.01001	0.01877	0.00250	0.78851	0.00501	0.00250	0.00626
6	0.01147	0.01085	0.01836	0.63633	0.18309	0.01288	0.01622	0.01520	0.01175	0.01542	0.01028	0.01503	0.00791	0.00560	0.00571	0.00187	0.00746	0.00509	0.00260	0.00689
7	0.01186	0.01017	0.01186	0.00847	0.01356	0.00762	0.00678	0.01440	0.01186	0.01864	0.01017	0.01186	0.00847	0.00424	0.00424	0.00085	0.00424	0.00339	0.00339	0.83395
8	0.01261	0.01214	0.04312	0.37606	0.23134	0.01260	0.11737	0.01632	0.01238	0.05160	0.01219	0.05472	0.00999	0.00610	0.00592	0.00186	0.00736	0.00589	0.00302	0.00741
9	0.00697	0.00498	0.00664	0.00796	0.00830	0.00465	0.00531	0.00796	0.01095	0.01460	0.03153	0.79525	0.03783	0.01792	0.00730	0.00232	0.00332	0.01626	0.00531	0.00465
10	0.01186	0.01017	0.01186	0.00847	0.01356	0.00762	0.00678	0.01440	0.01186	0.01864	0.01017	0.01186	0.00847	0.00424	0.00424	0.00085	0.00424	0.00339	0.00339	0.83395
11	0.01175	0.08638	0.71501	0.01582	0.02402	0.01397	0.02030	0.01804	0.01204	0.01777	0.01009	0.01186	0.00725	0.00539	0.00530	0.00177	0.00828	0.00414	0.00242	0.00837
12	0.76143	0.08592	0.01045	0.00774	0.01140	0.01376	0.00653	0.01684	0.00991	0.02451	0.00796	0.00928	0.00630	0.00527	0.00355	0.00172	0.00458	0.00309	0.00344	0.00630
13	0.00970	0.00766	0.00985	0.00902	0.00940	0.00909	0.00664	0.01083	0.01020	0.01491	0.15028	0.02933	0.02225	0.33795	0.04144	0.00374	0.23680	0.00741	0.06866	0.00484
14	0.00852	0.00622	0.00788	0.00738	0.00885	0.00583	0.00555	0.03980	0.01623	0.02269	0.66038	0.07138	0.09381	0.01191	0.00673	0.00182	0.00288	0.01047	0.00618	0.00551
15	0.01186	0.01017	0.01186	0.00847	0.01356	0.00762	0.00678	0.01440	0.01186	0.01864	0.01017	0.01186	0.00847	0.00424	0.00424	0.00085	0.00424	0.00339	0.00339	0.83395
16	0.01371	0.01325	0.02296	0.12720	0.63957	0.01352	0.05131	0.01723	0.01285	0.01817	0.01072	0.01435	0.00887	0.00516	0.00572	0.00174	0.00703	0.00517	0.00280	0.00866

[dist]
# distance from previous block
# <min> <max>
3	6

[block]
# block no. 2 follows, 41 sequences, length 6
# corresponding to MSA columns:
# 285-290
name=unknown_C
#
# <colnr> <probs for GDERKNQSTAVLIFYWHMCP>
#	G	D	E	R	K	N	Q	S	T	A	V	L	I	F	Y	W	H	M	C	P
0	0.00743	0.00540	0.00699	0.00787	0.00853	0.00493	0.00528	0.00847	0.01082	0.01464	0.02895	0.68135	0.03440	0.07463	0.00869	0.00245	0.00355	0.01472	0.00503	0.06584
1	0.02047	0.02577	0.01634	0.01476	0.01741	0.69940	0.01120	0.02192	0.01546	0.01398	0.00871	0.01054	0.00738	0.00631	0.00653	0.00158	0.08893	0.00382	0.00290	0.00659
2	0.01080	0.01017	0.01716	0.78523	0.03940	0.01271	0.01589	0.01461	0.01144	0.01461	0.01017	0.01525	0.00762	0.00572	0.00572	0.00191	0.00762	0.00508	0.00254	0.00635
3	0.00817	0.00613	0.00919	0.00919	0.01021	0.00715	0.00715	0.01021	0.00919	0.01328	0.01532	0.02247	0.01430	0.04290	0.77631	0.00919	0.01532	0.00613	0.00306	0.00511
4	0.00697	0.00498	0.00664	0.00796	0.00830	0.00465	0.00531	0.00796	0.01095	0.01460	0.03153	0.79525	0.03783	0.01792	0.00730	0.00232	0.00332	0.01626	0.00531	0.00465
5	0.01423	0.01229	0.01293	0.01164	0.01487	0.01423	0.00905	0.03039	0.75297	0.02393	0.02328	0.02134	0.01746	0.00776	0.00582	0.00194	0.00453	0.00647	0.00582	0.00905

[dist]
# distance from previous block
# <min> <max>
0	44

# created by:
# /software/SequenceAnalysis/GenePrediction/augustus/3.0.1/scripts/msa2prfl.pl ./fixed/BUSCOvEOG7GB8N1.fas
