[name]
unknown

[dist]
# distance from previous block
# <min> <max>
4	207

[block]
# block no. 0 follows, 41 sequences, length 47
# corresponding to MSA columns:
# 209-255
name=unknown_A
#
# <colnr> <probs for GDERKNQSTAVLIFYWHMCP>
#	G	D	E	R	K	N	Q	S	T	A	V	L	I	F	Y	W	H	M	C	P
0	0.01080	0.00697	0.00903	0.00870	0.01033	0.00639	0.00669	0.01304	0.01589	0.09129	0.51791	0.09695	0.04610	0.01286	0.00725	0.00213	0.00369	0.12134	0.00641	0.00622
1	0.00796	0.00570	0.00734	0.00861	0.00903	0.00524	0.00574	0.00870	0.01154	0.01548	0.03214	0.78493	0.03828	0.01836	0.00767	0.00248	0.00366	0.01639	0.00560	0.00515
2	0.00905	0.00739	0.01161	0.04684	0.01348	0.00698	0.10888	0.01045	0.01192	0.01600	0.02837	0.64024	0.03282	0.01597	0.00752	0.00241	0.00474	0.01455	0.00513	0.00566
3	0.00916	0.05045	0.17954	0.01007	0.01297	0.00805	0.00975	0.01233	0.01345	0.01869	0.28311	0.19536	0.03437	0.01193	0.00660	0.00202	0.00471	0.12657	0.00486	0.00600
4	0.01269	0.07610	0.67111	0.01547	0.02343	0.01353	0.01955	0.01873	0.01235	0.06976	0.01097	0.01241	0.00773	0.00551	0.00535	0.00177	0.00806	0.00426	0.00274	0.00847
5	0.01492	0.72787	0.10129	0.01042	0.01565	0.02173	0.01088	0.01722	0.01167	0.01391	0.00818	0.00946	0.00733	0.00495	0.00384	0.00128	0.00634	0.00317	0.00244	0.00745
6	0.02106	0.01536	0.01643	0.01268	0.01705	0.01697	0.01045	0.69894	0.02597	0.03514	0.01404	0.01420	0.01003	0.00685	0.00562	0.00169	0.00607	0.00516	0.05684	0.00945
7	0.01198	0.11358	0.65694	0.01592	0.02387	0.01436	0.05075	0.01802	0.01209	0.01761	0.01007	0.01190	0.00732	0.00535	0.00530	0.00175	0.00825	0.00421	0.00244	0.00830
8	0.01378	0.04962	0.02075	0.02604	0.44974	0.05604	0.01487	0.01637	0.01180	0.01659	0.01003	0.01389	0.00887	0.00898	0.06224	0.00238	0.20240	0.00498	0.00275	0.00788
9	0.00874	0.00697	0.01029	0.00996	0.01084	0.00851	0.00785	0.01068	0.00914	0.01334	0.01430	0.02116	0.01341	0.03858	0.67685	0.00831	0.11684	0.00598	0.00299	0.00526
10	0.03360	0.15849	0.46472	0.01414	0.02019	0.01481	0.01650	0.01668	0.01129	0.01656	0.00995	0.01251	0.00792	0.00932	0.07767	0.00247	0.09877	0.00426	0.00252	0.00764
11	0.00758	0.00580	0.00695	0.00672	0.00824	0.00517	0.00501	0.00977	0.01488	0.01997	0.48339	0.07146	0.30850	0.01290	0.00677	0.00186	0.00279	0.01116	0.00591	0.00517
12	0.00811	0.00562	0.00638	0.00632	0.00673	0.00544	0.00384	0.00865	0.00996	0.01324	0.12544	0.04021	0.11155	0.59866	0.02341	0.00461	0.00484	0.00904	0.00407	0.00389
13	0.19842	0.01482	0.01527	0.02910	0.01677	0.01656	0.00997	0.57062	0.02284	0.03332	0.01241	0.01281	0.00892	0.00650	0.00525	0.00173	0.00592	0.00470	0.00518	0.00889
14	0.01286	0.01490	0.07436	0.12862	0.07551	0.01336	0.47159	0.01732	0.01292	0.01785	0.01109	0.01473	0.00844	0.00494	0.00619	0.00179	0.00853	0.00590	0.00286	0.09624
15	0.01411	0.01252	0.08366	0.02995	0.05238	0.01042	0.00976	0.16948	0.02827	0.06788	0.04353	0.10105	0.01507	0.00747	0.00547	0.00154	0.00520	0.03668	0.00441	0.30114
16	0.01423	0.58845	0.23468	0.01159	0.01747	0.02004	0.01293	0.01740	0.01175	0.01475	0.00859	0.00998	0.00731	0.00504	0.00416	0.00139	0.00676	0.00338	0.00244	0.00765
17	0.01080	0.01017	0.01716	0.78523	0.03940	0.01271	0.01589	0.01461	0.01144	0.01461	0.01017	0.01525	0.00762	0.00572	0.00572	0.00191	0.00762	0.00508	0.00254	0.00635
18	0.13028	0.06192	0.49259	0.01658	0.07937	0.01381	0.06781	0.01823	0.03485	0.01920	0.01036	0.01222	0.00766	0.00539	0.00520	0.00178	0.00760	0.00432	0.00275	0.00809
19	0.01160	0.02871	0.72376	0.01679	0.02507	0.01336	0.06583	0.01813	0.01216	0.01813	0.01035	0.01228	0.00733	0.00540	0.00552	0.00182	0.00853	0.00438	0.00244	0.00841
20	0.00832	0.00555	0.00624	0.00624	0.00624	0.00555	0.00347	0.00832	0.00832	0.01109	0.01802	0.03743	0.02080	0.79898	0.02911	0.00555	0.00555	0.00832	0.00347	0.00347
21	0.00697	0.00498	0.00664	0.00796	0.00830	0.00465	0.00531	0.00796	0.01095	0.01460	0.03153	0.79525	0.03783	0.01792	0.00730	0.00232	0.00332	0.01626	0.00531	0.00465
22	0.00831	0.00557	0.00635	0.00635	0.00639	0.00561	0.00361	0.00839	0.00835	0.01117	0.01792	0.03686	0.02055	0.77025	0.05751	0.00568	0.00592	0.00823	0.00345	0.00353
23	0.01084	0.00677	0.00839	0.15979	0.01384	0.00732	0.00682	0.04910	0.01251	0.02000	0.01813	0.10353	0.01554	0.00771	0.00478	0.00157	0.00389	0.00646	0.53733	0.00568
24	0.00695	0.00504	0.00657	0.00780	0.00825	0.00466	0.00523	0.00798	0.01111	0.01467	0.03359	0.73747	0.09428	0.01765	0.00726	0.00229	0.00329	0.01593	0.00531	0.00466
25	0.00832	0.00555	0.00624	0.00624	0.00624	0.00555	0.00347	0.00832	0.00832	0.01109	0.01802	0.03743	0.02080	0.79898	0.02911	0.00555	0.00555	0.00832	0.00347	0.00347
26	0.01416	0.01359	0.02322	0.03511	0.76330	0.01359	0.01755	0.01755	0.01302	0.01869	0.01076	0.01416	0.00906	0.00510	0.00566	0.00170	0.00680	0.00510	0.00283	0.00906
27	0.01251	0.01251	0.01752	0.01502	0.01502	0.01752	0.01251	0.01377	0.00876	0.01377	0.00751	0.01251	0.00751	0.01001	0.01877	0.00250	0.78851	0.00501	0.00250	0.00626
28	0.00716	0.00510	0.00681	0.00810	0.00849	0.00480	0.00554	0.00824	0.01104	0.01469	0.03112	0.72664	0.03709	0.03628	0.00786	0.00242	0.00351	0.06519	0.00526	0.00466
29	0.01048	0.00537	0.00549	0.00546	0.00679	0.00534	0.00410	0.01315	0.01229	0.02144	0.07008	0.02281	0.01739	0.00701	0.00419	0.00137	0.00267	0.00568	0.77358	0.00534
30	0.00701	0.00507	0.00663	0.00779	0.00827	0.00469	0.00525	0.00811	0.01133	0.01504	0.06695	0.71324	0.08466	0.01741	0.00724	0.00227	0.00326	0.01572	0.00536	0.00469
31	0.83938	0.01106	0.00841	0.00752	0.01106	0.01283	0.00619	0.01681	0.00973	0.02566	0.00796	0.00929	0.00619	0.00531	0.00354	0.00177	0.00442	0.00310	0.00354	0.00619
32	0.83938	0.01106	0.00841	0.00752	0.01106	0.01283	0.00619	0.01681	0.00973	0.02566	0.00796	0.00929	0.00619	0.00531	0.00354	0.00177	0.00442	0.00310	0.00354	0.00619
33	0.01904	0.01512	0.20569	0.01187	0.01694	0.01056	0.01172	0.09211	0.05665	0.37945	0.04811	0.02119	0.03767	0.00748	0.00584	0.00183	0.00577	0.03860	0.00552	0.00885
34	0.00702	0.00505	0.00657	0.00775	0.00817	0.00470	0.00517	0.00800	0.01096	0.01449	0.03255	0.71472	0.08186	0.05343	0.00826	0.00245	0.00339	0.01564	0.00523	0.00460
35	0.01066	0.00533	0.00533	0.00533	0.00666	0.00533	0.00400	0.01333	0.01200	0.02132	0.01866	0.02132	0.01466	0.00666	0.00400	0.00133	0.00267	0.00533	0.83073	0.00533
36	0.01350	0.01543	0.03375	0.02411	0.02989	0.01446	0.74253	0.01832	0.01350	0.01832	0.01157	0.01543	0.00868	0.00482	0.00675	0.00193	0.00964	0.00675	0.00289	0.00771
37	0.00820	0.00603	0.00867	0.00867	0.00951	0.00687	0.00650	0.00988	0.00904	0.01289	0.01580	0.02512	0.01545	0.17684	0.64394	0.00855	0.01359	0.00652	0.00314	0.00482
38	0.01147	0.02959	0.76934	0.01630	0.02476	0.01328	0.02113	0.01811	0.01208	0.01811	0.01026	0.01208	0.00725	0.00543	0.00543	0.00181	0.00845	0.00423	0.00242	0.00845
39	0.01529	0.80242	0.02997	0.00979	0.01468	0.02263	0.00979	0.01713	0.01162	0.01346	0.00795	0.00918	0.00734	0.00489	0.00367	0.00122	0.00612	0.00306	0.00245	0.00734
40	0.00990	0.00978	0.08296	0.00924	0.01178	0.00836	0.00793	0.01623	0.19779	0.02193	0.42311	0.03630	0.08820	0.01049	0.00644	0.00188	0.00384	0.04158	0.00569	0.00655
41	0.00688	0.00546	0.00619	0.00672	0.00798	0.00477	0.00477	0.00817	0.01225	0.01528	0.06361	0.35957	0.44654	0.01583	0.00698	0.00209	0.00307	0.01376	0.00533	0.00477
42	0.15231	0.25897	0.01949	0.01294	0.07287	0.17411	0.01009	0.10565	0.01429	0.05431	0.00992	0.01127	0.00806	0.00638	0.01940	0.00167	0.03193	0.00386	0.00341	0.02908
43	0.01186	0.01017	0.01186	0.00847	0.01356	0.00762	0.00678	0.01440	0.01186	0.01864	0.01017	0.01186	0.00847	0.00424	0.00424	0.00085	0.00424	0.00339	0.00339	0.83395
44	0.00817	0.00613	0.00919	0.00919	0.01021	0.00715	0.00715	0.01021	0.00919	0.01328	0.01532	0.02247	0.01430	0.04290	0.77631	0.00919	0.01532	0.00613	0.00306	0.00511
45	0.00694	0.00511	0.00650	0.00761	0.00820	0.00468	0.00515	0.00800	0.01129	0.01474	0.03579	0.67571	0.15462	0.01737	0.00721	0.00226	0.00325	0.01558	0.00531	0.00468
46	0.01387	0.02712	0.57606	0.01593	0.02326	0.08472	0.03764	0.11910	0.01455	0.02022	0.01065	0.01223	0.00764	0.00566	0.00548	0.00177	0.00836	0.00437	0.00293	0.00844

[dist]
# distance from previous block
# <min> <max>
0	1

[block]
# block no. 1 follows, 41 sequences, length 32
# corresponding to MSA columns:
# 257-288
name=unknown_B
#
# <colnr> <probs for GDERKNQSTAVLIFYWHMCP>
#	G	D	E	R	K	N	Q	S	T	A	V	L	I	F	Y	W	H	M	C	P
0	0.01531	0.01182	0.01285	0.01128	0.01457	0.01327	0.00884	0.07540	0.58376	0.09268	0.07692	0.02225	0.01934	0.00793	0.00588	0.00190	0.00454	0.00660	0.00596	0.00889
1	0.01416	0.01359	0.02322	0.03511	0.76330	0.01359	0.01755	0.01755	0.01302	0.01869	0.01076	0.01416	0.00906	0.00510	0.00566	0.00170	0.00680	0.00510	0.00283	0.00906
2	0.01096	0.00786	0.01080	0.03515	0.04632	0.00777	0.04128	0.10168	0.01375	0.06976	0.02782	0.44357	0.08188	0.02741	0.00722	0.00219	0.00449	0.04892	0.00514	0.00605
3	0.00697	0.00574	0.00616	0.00643	0.00811	0.00493	0.00483	0.00844	0.01277	0.01546	0.05236	0.15496	0.61038	0.01504	0.00692	0.00204	0.00313	0.06518	0.00531	0.00484
4	0.00817	0.00613	0.00919	0.00919	0.01021	0.00715	0.00715	0.01021	0.00919	0.01328	0.01532	0.02247	0.01430	0.04290	0.77631	0.00919	0.01532	0.00613	0.00306	0.00511
5	0.01416	0.01359	0.02322	0.03511	0.76330	0.01359	0.01755	0.01755	0.01302	0.01869	0.01076	0.01416	0.00906	0.00510	0.00566	0.00170	0.00680	0.00510	0.00283	0.00906
6	0.01529	0.80242	0.02997	0.00979	0.01468	0.02263	0.00979	0.01713	0.01162	0.01346	0.00795	0.00918	0.00734	0.00489	0.00367	0.00122	0.00612	0.00306	0.00245	0.00734
7	0.00697	0.00498	0.00664	0.00796	0.00830	0.00465	0.00531	0.00796	0.01095	0.01460	0.03153	0.79525	0.03783	0.01792	0.00730	0.00232	0.00332	0.01626	0.00531	0.00465
8	0.00779	0.00579	0.00725	0.00697	0.00838	0.00525	0.00519	0.01016	0.01533	0.02110	0.59078	0.08331	0.18648	0.01254	0.00678	0.00185	0.00277	0.01097	0.00606	0.00525
9	0.02174	0.01602	0.01717	0.01316	0.01774	0.01774	0.01087	0.74423	0.02689	0.03605	0.01373	0.01373	0.00973	0.00687	0.00572	0.00172	0.00629	0.00515	0.00572	0.00973
10	0.00810	0.00585	0.00765	0.00720	0.00855	0.00540	0.00540	0.01079	0.01619	0.02294	0.76028	0.04273	0.05397	0.01169	0.00675	0.00180	0.00270	0.01034	0.00630	0.00540
11	0.01182	0.01234	0.02412	0.39877	0.03344	0.01310	0.34591	0.01597	0.01246	0.01634	0.01327	0.01738	0.04691	0.00576	0.00624	0.00192	0.00830	0.00620	0.00284	0.00689
12	0.01416	0.01359	0.02322	0.03511	0.76330	0.01359	0.01755	0.01755	0.01302	0.01869	0.01076	0.01416	0.00906	0.00510	0.00566	0.00170	0.00680	0.00510	0.00283	0.00906
13	0.01724	0.39395	0.02294	0.01242	0.01588	0.31154	0.01065	0.01885	0.01299	0.01371	0.00823	0.01008	0.00737	0.00599	0.00635	0.00150	0.11716	0.00357	0.00265	0.00692
14	0.01262	0.01030	0.01224	0.04296	0.01484	0.00837	0.00742	0.01620	0.06668	0.05290	0.01170	0.01305	0.00936	0.00469	0.00449	0.00102	0.00444	0.00380	0.00370	0.69924
15	0.01300	0.07697	0.23119	0.05423	0.06115	0.01463	0.42917	0.01798	0.01287	0.01776	0.01085	0.01400	0.00816	0.00504	0.00607	0.00183	0.00885	0.00565	0.00271	0.00789
16	0.01505	0.01270	0.01340	0.01181	0.01519	0.01461	0.00925	0.10848	0.67355	0.02525	0.02224	0.02051	0.01661	0.00766	0.00581	0.00192	0.00472	0.00632	0.00581	0.00913
17	0.01383	0.01313	0.02230	0.03350	0.71416	0.01313	0.01701	0.01718	0.01303	0.01858	0.01204	0.01745	0.01062	0.00580	0.00581	0.00176	0.00670	0.05216	0.00299	0.00881
18	0.10388	0.01694	0.17331	0.02555	0.43222	0.05232	0.03919	0.01743	0.01255	0.01888	0.01127	0.05036	0.00965	0.00583	0.00547	0.00176	0.00698	0.00521	0.00295	0.00824
19	0.00677	0.00576	0.00583	0.00590	0.00775	0.00482	0.00439	0.00820	0.01294	0.01541	0.05668	0.09041	0.72643	0.01465	0.00679	0.00195	0.00292	0.01227	0.00531	0.00482
20	0.01569	0.05204	0.02581	0.09551	0.05398	0.10786	0.36153	0.14446	0.01564	0.02011	0.01110	0.01403	0.00850	0.00564	0.00662	0.00182	0.04294	0.00563	0.00332	0.00777
21	0.00724	0.00581	0.00646	0.00630	0.00802	0.00503	0.00473	0.00914	0.01418	0.01816	0.31191	0.05059	0.50533	0.01348	0.00676	0.00188	0.00283	0.01145	0.00567	0.00503
22	0.01214	0.00999	0.01096	0.00997	0.01255	0.01098	0.00768	0.05940	0.43497	0.02325	0.21893	0.06590	0.07974	0.00970	0.00619	0.00191	0.00397	0.00828	0.00588	0.00762
23	0.02119	0.01575	0.01685	0.01305	0.01753	0.01748	0.01074	0.69160	0.08042	0.03515	0.01444	0.01429	0.01030	0.00693	0.00573	0.00173	0.00616	0.00525	0.00573	0.00968
24	0.01673	0.01317	0.01451	0.01279	0.04980	0.01467	0.00967	0.33256	0.32127	0.02797	0.05624	0.01992	0.01587	0.05960	0.00735	0.00206	0.00536	0.00616	0.00551	0.00879
25	0.00787	0.00584	0.00733	0.00696	0.00840	0.00530	0.00522	0.01035	0.01565	0.02166	0.64003	0.04484	0.17502	0.01217	0.00675	0.00182	0.00273	0.01064	0.00613	0.00530
26	0.00795	0.00543	0.00630	0.00659	0.00675	0.00532	0.00390	0.00824	0.00911	0.01205	0.02279	0.20199	0.05870	0.59395	0.02337	0.00468	0.00494	0.01021	0.00395	0.00378
27	0.01397	0.01397	0.04568	0.05765	0.71858	0.01355	0.01761	0.01748	0.01295	0.01854	0.01073	0.01413	0.00896	0.00513	0.00566	0.00171	0.00687	0.00507	0.00281	0.00896
28	0.00810	0.00585	0.00765	0.00720	0.00855	0.00540	0.00540	0.01079	0.01619	0.02294	0.76028	0.04273	0.05397	0.01169	0.00675	0.00180	0.00270	0.01034	0.00630	0.00540
29	0.01575	0.01143	0.01301	0.03604	0.04678	0.01256	0.00902	0.23170	0.25742	0.06374	0.01877	0.05324	0.01483	0.00818	0.00623	0.03364	0.00494	0.01958	0.13506	0.00810
30	0.02566	0.00973	0.01327	0.01018	0.01460	0.00841	0.00841	0.02788	0.01637	0.76726	0.02257	0.01947	0.01416	0.00708	0.00575	0.00177	0.00487	0.00575	0.00708	0.00973
31	0.00870	0.00694	0.01089	0.01016	0.01138	0.00790	0.05516	0.01073	0.00939	0.01346	0.01498	0.02277	0.01417	0.09706	0.63975	0.00818	0.04382	0.00629	0.00306	0.00520

[dist]
# distance from previous block
# <min> <max>
0	44

# created by:
# /software/SequenceAnalysis/GenePrediction/augustus/3.0.1/scripts/msa2prfl.pl ./fixed/BUSCOvEOG7SN33K.fas
