[name]
unknown

[dist]
# distance from previous block
# <min> <max>
11	54

[block]
# block no. 0 follows, 40 sequences, length 12
# corresponding to MSA columns:
# 55-66
name=unknown_A
#
# <colnr> <probs for GDERKNQSTAVLIFYWHMCP>
#	G	D	E	R	K	N	Q	S	T	A	V	L	I	F	Y	W	H	M	C	P
0	0.02163	0.01066	0.01332	0.01048	0.01440	0.01023	0.00855	0.19587	0.01918	0.44367	0.16461	0.02303	0.02125	0.00807	0.00604	0.00179	0.00486	0.00662	0.00671	0.00903
1	0.00831	0.00623	0.00935	0.00935	0.01038	0.00727	0.00727	0.01038	0.00935	0.01350	0.01558	0.02285	0.01454	0.04361	0.77259	0.00935	0.01558	0.00623	0.00312	0.00519
2	0.01482	0.01872	0.17171	0.04517	0.05893	0.05674	0.32797	0.12231	0.01501	0.02040	0.01119	0.01414	0.00849	0.00592	0.00743	0.00192	0.08216	0.00565	0.00321	0.00810
3	0.01252	0.01192	0.02075	0.56407	0.03618	0.01373	0.15731	0.08080	0.01345	0.01756	0.01094	0.01540	0.00815	0.00574	0.00602	0.00193	0.00803	0.00551	0.00294	0.00704
4	0.00839	0.00607	0.00688	0.00674	0.00711	0.00616	0.00419	0.00874	0.00937	0.01225	0.02529	0.04001	0.15717	0.60781	0.02480	0.00479	0.04749	0.00898	0.00382	0.00394
5	0.01194	0.01196	0.02217	0.53235	0.09475	0.01344	0.19755	0.01604	0.01228	0.01613	0.01074	0.01546	0.00814	0.00553	0.00607	0.00193	0.00820	0.00559	0.00270	0.00703
6	0.01239	0.01218	0.02084	0.03289	0.04571	0.01233	0.30775	0.01974	0.22354	0.01939	0.02216	0.05626	0.09574	0.00998	0.04753	0.00240	0.00727	0.04008	0.00427	0.00755
7	0.01669	0.01305	0.02162	0.03072	0.61334	0.01278	0.01602	0.01990	0.01391	0.16499	0.01329	0.01545	0.01023	0.00558	0.00577	0.00174	0.00652	0.00531	0.00373	0.00935
8	0.02061	0.01520	0.01657	0.01294	0.01720	0.01686	0.01064	0.66073	0.02539	0.03414	0.01414	0.01493	0.01039	0.01096	0.08909	0.00257	0.00740	0.00534	0.00552	0.00938
9	0.01288	0.01196	0.01995	0.09721	0.54745	0.01210	0.01527	0.01623	0.01373	0.01947	0.15707	0.02019	0.01803	0.00655	0.00598	0.00177	0.00617	0.00623	0.00354	0.00823
10	0.02488	0.01184	0.01470	0.01127	0.01582	0.01144	0.00931	0.24519	0.01990	0.54192	0.02021	0.01802	0.01302	0.00713	0.00584	0.00178	0.00539	0.00566	0.00678	0.00989
11	0.02011	0.01382	0.01488	0.01166	0.01566	0.01505	0.00955	0.55946	0.02380	0.07255	0.01542	0.01579	0.01111	0.00695	0.00548	0.00167	0.00560	0.00530	0.16713	0.00901

[dist]
# distance from previous block
# <min> <max>
0	31

[block]
# block no. 1 follows, 40 sequences, length 8
# corresponding to MSA columns:
# 98-105
name=unknown_B
#
# <colnr> <probs for GDERKNQSTAVLIFYWHMCP>
#	G	D	E	R	K	N	Q	S	T	A	V	L	I	F	Y	W	H	M	C	P
0	0.01558	0.43189	0.12928	0.01565	0.11026	0.01926	0.07007	0.11219	0.01424	0.01839	0.00982	0.01147	0.00809	0.00533	0.00475	0.00151	0.00694	0.00410	0.00300	0.00818
1	0.01010	0.00505	0.00758	0.00758	0.00758	0.00505	0.00505	0.00758	0.00758	0.01010	0.01010	0.01768	0.01010	0.02020	0.02273	0.83081	0.00505	0.00505	0.00253	0.00253
2	0.01185	0.05845	0.18485	0.00993	0.01402	0.00948	0.00980	0.01632	0.09548	0.11492	0.03502	0.06500	0.33102	0.01043	0.00616	0.00189	0.00491	0.00860	0.00484	0.00703
3	0.01337	0.01096	0.01406	0.28740	0.02284	0.06138	0.01097	0.01753	0.11764	0.07497	0.01323	0.01644	0.01041	0.00978	0.04048	0.11623	0.03920	0.00513	0.00358	0.11439
4	0.00828	0.00567	0.00629	0.00629	0.00651	0.00556	0.00362	0.00844	0.00899	0.01177	0.02286	0.04006	0.10334	0.70840	0.02706	0.00523	0.00534	0.00888	0.00373	0.00368
5	0.01603	0.61747	0.02814	0.01383	0.11259	0.09850	0.01111	0.01806	0.01248	0.01443	0.00855	0.01011	0.00769	0.00511	0.00415	0.00133	0.00675	0.00345	0.00259	0.00762
6	0.01295	0.01306	0.02173	0.01982	0.16465	0.05134	0.26076	0.01636	0.01263	0.01766	0.01178	0.01553	0.00976	0.01153	0.13771	0.00290	0.00897	0.00545	0.00308	0.20233
7	0.01870	0.07918	0.01732	0.01323	0.01641	0.20009	0.01071	0.32795	0.01890	0.02362	0.01166	0.01410	0.00954	0.04016	0.05921	0.00242	0.11991	0.00488	0.00413	0.00787

[dist]
# distance from previous block
# <min> <max>
0	30

[block]
# block no. 2 follows, 40 sequences, length 6
# corresponding to MSA columns:
# 136-141
name=unknown_C
#
# <colnr> <probs for GDERKNQSTAVLIFYWHMCP>
#	G	D	E	R	K	N	Q	S	T	A	V	L	I	F	Y	W	H	M	C	P
0	0.00694	0.00564	0.00615	0.00656	0.00803	0.00485	0.00471	0.00827	0.01262	0.01545	0.05083	0.27746	0.54072	0.01578	0.00704	0.00208	0.00307	0.01355	0.00540	0.00485
1	0.63734	0.01103	0.00940	0.00788	0.01186	0.01177	0.00644	0.01650	0.01042	0.02436	0.00864	0.01008	0.00686	0.00513	0.00377	0.00157	0.00445	0.00322	0.00356	0.20573
2	0.00991	0.19771	0.01314	0.00786	0.01014	0.00968	0.00649	0.01235	0.01512	0.02048	0.52867	0.03603	0.09045	0.01041	0.00610	0.00170	0.00360	0.00884	0.00539	0.00593
3	0.21299	0.01167	0.01147	0.01035	0.01357	0.01345	0.00812	0.02628	0.51580	0.02456	0.01956	0.01873	0.01477	0.00720	0.00522	0.00188	0.00444	0.00566	0.06606	0.00822
4	0.01433	0.01450	0.02261	0.17651	0.50090	0.07996	0.07164	0.01780	0.01325	0.01776	0.01071	0.01436	0.00875	0.00535	0.00581	0.00177	0.00760	0.00518	0.00284	0.00836
5	0.01206	0.01034	0.01206	0.00861	0.01378	0.00775	0.00689	0.01464	0.01206	0.01895	0.01034	0.01206	0.00861	0.00431	0.00431	0.00086	0.00431	0.00345	0.00345	0.83118

[dist]
# distance from previous block
# <min> <max>
0	24

[block]
# block no. 3 follows, 40 sequences, length 68
# corresponding to MSA columns:
# 166-233
name=unknown_D
#
# <colnr> <probs for GDERKNQSTAVLIFYWHMCP>
#	G	D	E	R	K	N	Q	S	T	A	V	L	I	F	Y	W	H	M	C	P
0	0.00828	0.00552	0.00674	0.00718	0.00750	0.00533	0.00449	0.00890	0.01017	0.02984	0.06712	0.33731	0.02985	0.42374	0.01894	0.00403	0.00455	0.01173	0.00452	0.00425
1	0.00761	0.00591	0.00687	0.00664	0.00825	0.00522	0.00495	0.00970	0.01480	0.01954	0.41776	0.04911	0.37872	0.03034	0.00736	0.00197	0.00290	0.01128	0.00588	0.00518
2	0.02609	0.00990	0.01350	0.01035	0.01484	0.00855	0.00855	0.02834	0.01664	0.76338	0.02294	0.01979	0.01439	0.00720	0.00585	0.00180	0.00495	0.00585	0.00720	0.00990
3	0.05963	0.00582	0.00728	0.00802	0.00885	0.00557	0.00551	0.01002	0.01158	0.05773	0.08283	0.59523	0.03520	0.06755	0.00852	0.00247	0.00363	0.01413	0.00534	0.00509
4	0.00725	0.00518	0.00693	0.00828	0.00869	0.00486	0.00568	0.00838	0.01129	0.01503	0.03196	0.74061	0.03811	0.01807	0.00747	0.00238	0.00351	0.06617	0.00540	0.00477
5	0.01206	0.01034	0.01206	0.00861	0.01378	0.00775	0.00689	0.01464	0.01206	0.01895	0.01034	0.01206	0.00861	0.00431	0.00431	0.00086	0.00431	0.00345	0.00345	0.83118
6	0.00722	0.00585	0.00641	0.00638	0.00809	0.00504	0.00474	0.00898	0.01391	0.01752	0.22834	0.09840	0.54030	0.01425	0.00690	0.00196	0.00292	0.01211	0.00565	0.00504
7	0.00845	0.00549	0.00733	0.00832	0.00899	0.00511	0.00577	0.00964	0.01166	0.06139	0.04784	0.66836	0.03666	0.03570	0.00787	0.00241	0.00362	0.05483	0.00549	0.00507
8	0.42180	0.00971	0.00940	0.05931	0.01281	0.01094	0.00702	0.05754	0.06335	0.02214	0.01608	0.19855	0.01608	0.06404	0.00676	0.00222	0.00464	0.00719	0.00425	0.00616
9	0.01323	0.01280	0.06862	0.06410	0.01695	0.04360	0.06192	0.05504	0.01156	0.06190	0.01310	0.08753	0.01256	0.08937	0.01448	0.04701	0.30986	0.00655	0.00342	0.00642
10	0.01104	0.01045	0.01779	0.76619	0.03985	0.01296	0.03090	0.01493	0.01167	0.01493	0.01037	0.01551	0.00777	0.00580	0.00584	0.00194	0.00779	0.00520	0.00259	0.00649
11	0.07401	0.32193	0.03772	0.01023	0.01503	0.07772	0.00915	0.06836	0.01355	0.06729	0.01027	0.01132	0.00835	0.00519	0.00434	0.00128	0.00587	0.00362	0.00343	0.25133
12	0.00831	0.00623	0.00935	0.00935	0.01038	0.00727	0.00727	0.01038	0.00935	0.01350	0.01558	0.02285	0.01454	0.04361	0.77259	0.00935	0.01558	0.00623	0.00312	0.00519
13	0.01405	0.01606	0.11735	0.02727	0.38015	0.01419	0.19297	0.01879	0.05285	0.03599	0.01181	0.01485	0.00936	0.00570	0.00695	0.00187	0.06254	0.00557	0.00308	0.00862
14	0.00729	0.00591	0.00647	0.00633	0.00811	0.00509	0.00475	0.00915	0.01424	0.01805	0.27313	0.05212	0.54132	0.01386	0.00687	0.00192	0.00288	0.01173	0.00571	0.00509
15	0.01373	0.01569	0.03431	0.02451	0.03039	0.01471	0.73824	0.01863	0.01373	0.01863	0.01176	0.01569	0.00882	0.00490	0.00686	0.00196	0.00980	0.00686	0.00294	0.00784
16	0.02267	0.01068	0.01471	0.16317	0.02018	0.01045	0.01032	0.10358	0.01682	0.53584	0.01947	0.01831	0.01259	0.00690	0.00584	0.00182	0.00566	0.00565	0.00613	0.00922
17	0.02139	0.01593	0.01705	0.01323	0.01776	0.01770	0.01088	0.67314	0.09534	0.03549	0.01488	0.01469	0.01063	0.00707	0.00583	0.00177	0.00623	0.00536	0.00583	0.00982
18	0.01135	0.01071	0.01811	0.70046	0.11834	0.01302	0.01633	0.01518	0.01180	0.01531	0.01040	0.01538	0.00791	0.00575	0.00581	0.00192	0.00766	0.00517	0.00262	0.00676
19	0.01681	0.01366	0.01447	0.01231	0.01602	0.01556	0.00977	0.24871	0.52722	0.02811	0.02069	0.01932	0.01534	0.00761	0.00589	0.00190	0.00515	0.00616	0.00589	0.00941
20	0.01010	0.00505	0.00758	0.00758	0.00758	0.00505	0.00505	0.00758	0.00758	0.01010	0.01010	0.01768	0.01010	0.02020	0.02273	0.83081	0.00505	0.00505	0.00253	0.00253
21	0.01084	0.00542	0.00542	0.00542	0.00678	0.00542	0.00407	0.01355	0.01220	0.02168	0.01897	0.02168	0.01491	0.00678	0.00407	0.00136	0.00271	0.00542	0.82791	0.00542
22	0.00846	0.00564	0.00634	0.00634	0.00634	0.00564	0.00352	0.00846	0.00846	0.01128	0.01832	0.03805	0.02114	0.79563	0.02960	0.00564	0.00564	0.00846	0.00352	0.00352
23	0.00826	0.00599	0.00800	0.00800	0.00873	0.00651	0.00570	0.00954	0.00930	0.01284	0.01964	0.03074	0.06932	0.31665	0.44680	0.00747	0.01105	0.00747	0.00343	0.00456
24	0.01520	0.01628	0.01972	0.16923	0.31515	0.19517	0.01505	0.01788	0.01295	0.01620	0.00978	0.01338	0.00825	0.00637	0.00798	0.00186	0.14436	0.00482	0.00279	0.00760
25	0.01274	0.01200	0.05837	0.01140	0.01450	0.01226	0.00945	0.02502	0.52270	0.02199	0.02626	0.08217	0.06171	0.00983	0.00630	0.00208	0.00476	0.09274	0.00557	0.00815
26	0.06354	0.13469	0.52106	0.01677	0.06626	0.01491	0.06888	0.01818	0.01222	0.01828	0.01008	0.01205	0.00752	0.00538	0.00526	0.00176	0.00799	0.00429	0.00259	0.00828
27	0.11557	0.13260	0.08206	0.02822	0.01826	0.06133	0.11482	0.01646	0.01091	0.01649	0.00870	0.01211	0.00758	0.00736	0.01100	0.00205	0.34014	0.00466	0.00274	0.00693
28	0.00862	0.00726	0.00796	0.00686	0.00971	0.00585	0.00525	0.01051	0.01305	0.01726	0.10389	0.04097	0.44865	0.02953	0.00661	0.00170	0.00341	0.00932	0.00484	0.25874
29	0.01306	0.03541	0.19601	0.17731	0.37585	0.01385	0.07056	0.01744	0.01270	0.01789	0.01070	0.01410	0.00842	0.00536	0.00575	0.00180	0.00766	0.00505	0.00272	0.00838
30	0.01527	0.74488	0.08232	0.01042	0.01565	0.02234	0.01076	0.01748	0.01185	0.01402	0.00825	0.00954	0.00746	0.00501	0.00386	0.00129	0.00639	0.00319	0.00249	0.00754
31	0.01010	0.00505	0.00758	0.00758	0.00758	0.00505	0.00505	0.00758	0.00758	0.01010	0.01010	0.01768	0.01010	0.02020	0.02273	0.83081	0.00505	0.00505	0.00253	0.00253
32	0.01017	0.01970	0.43544	0.06758	0.02037	0.01043	0.01551	0.01484	0.01228	0.01753	0.06069	0.20297	0.01938	0.00967	0.00625	0.00203	0.00673	0.05773	0.00360	0.00712
33	0.01555	0.79913	0.03047	0.00995	0.01493	0.02301	0.00995	0.01741	0.01182	0.01368	0.00808	0.00933	0.00746	0.00498	0.00373	0.00124	0.00622	0.00311	0.00249	0.00746
34	0.01077	0.00982	0.01604	0.49070	0.03019	0.01139	0.06407	0.01533	0.06452	0.01779	0.18830	0.02258	0.01970	0.00734	0.00614	0.00192	0.00649	0.00665	0.00375	0.00652
35	0.00795	0.00543	0.00649	0.00698	0.00711	0.00530	0.00421	0.00833	0.00944	0.01258	0.02334	0.31377	0.02748	0.51127	0.02149	0.00444	0.00481	0.01141	0.00421	0.00396
36	0.00889	0.00734	0.00881	0.00911	0.00999	0.06032	0.00667	0.01043	0.01033	0.01378	0.02040	0.25944	0.02193	0.09462	0.42269	0.00634	0.01066	0.00940	0.00384	0.00502
37	0.00861	0.00668	0.00838	0.00826	0.01008	0.00565	0.00586	0.01011	0.01142	0.01611	0.02538	0.55230	0.02929	0.01395	0.00647	0.00190	0.00366	0.01251	0.00480	0.25860
38	0.00707	0.00512	0.00669	0.00794	0.00839	0.00474	0.00533	0.00811	0.01128	0.01491	0.03393	0.74033	0.08875	0.01797	0.00738	0.00233	0.00334	0.01623	0.00540	0.00474
39	0.00726	0.00524	0.00679	0.00779	0.00834	0.00486	0.00527	0.00846	0.01178	0.01573	0.11690	0.62621	0.08698	0.04895	0.00823	0.00241	0.00337	0.01523	0.00544	0.00477
40	0.00846	0.00564	0.00634	0.00634	0.00634	0.00564	0.00352	0.00846	0.00846	0.01128	0.01832	0.03805	0.02114	0.79563	0.02960	0.00564	0.00564	0.00846	0.00352	0.00352
41	0.02226	0.01603	0.01729	0.01326	0.01791	0.01766	0.01095	0.71163	0.02692	0.06559	0.01432	0.01419	0.01007	0.00699	0.00582	0.00175	0.00634	0.00526	0.00587	0.00989
42	0.01029	0.00641	0.00747	0.00722	0.00813	0.00627	0.00485	0.03964	0.01129	0.06729	0.06232	0.07974	0.07172	0.45937	0.01961	0.00405	0.00490	0.05273	0.07195	0.00475
43	0.00709	0.00506	0.00675	0.00810	0.00843	0.00472	0.00540	0.00810	0.01113	0.01484	0.03205	0.79184	0.03846	0.01822	0.00742	0.00236	0.00337	0.01653	0.00540	0.00472
44	0.83671	0.01125	0.00855	0.00765	0.01125	0.01305	0.00630	0.01709	0.00990	0.02609	0.00810	0.00945	0.00630	0.00540	0.00360	0.00180	0.00450	0.00315	0.00360	0.00630
45	0.00710	0.00515	0.00666	0.00787	0.00834	0.00476	0.00527	0.00813	0.01126	0.01484	0.03410	0.71177	0.10065	0.03441	0.00785	0.00240	0.00338	0.01599	0.00536	0.00471
46	0.00771	0.00564	0.00733	0.00841	0.00904	0.00545	0.00584	0.00982	0.05481	0.01606	0.07628	0.66147	0.03799	0.01711	0.00733	0.00232	0.00351	0.05332	0.00549	0.00507
47	0.02581	0.01035	0.01377	0.01056	0.01507	0.00922	0.00872	0.07854	0.01740	0.71212	0.02231	0.01938	0.01408	0.00718	0.00585	0.00180	0.00505	0.00580	0.00710	0.00990
48	0.00709	0.00506	0.00675	0.00810	0.00843	0.00472	0.00540	0.00810	0.01113	0.01484	0.03205	0.79184	0.03846	0.01822	0.00742	0.00236	0.00337	0.01653	0.00540	0.00472
49	0.44704	0.00888	0.00838	0.00803	0.01060	0.00962	0.00629	0.01525	0.01125	0.08878	0.02968	0.21303	0.01794	0.00957	0.00509	0.00196	0.00417	0.04550	0.05282	0.00611
50	0.00766	0.00572	0.00712	0.00719	0.00844	0.00518	0.00523	0.00972	0.01449	0.01964	0.43153	0.22370	0.20500	0.01401	0.00700	0.00198	0.00294	0.01233	0.00594	0.00518
51	0.02211	0.01629	0.01745	0.01338	0.01803	0.01803	0.01105	0.73997	0.02734	0.03665	0.01396	0.01396	0.00989	0.00698	0.00582	0.00175	0.00640	0.00524	0.00582	0.00989
52	0.00775	0.00550	0.00639	0.00681	0.00726	0.00522	0.00427	0.00832	0.01014	0.01317	0.02974	0.27728	0.15560	0.41521	0.01867	0.00397	0.00446	0.01165	0.00444	0.00414
53	0.00824	0.00596	0.00758	0.00805	0.00900	0.00568	0.00577	0.03904	0.01340	0.01811	0.23262	0.41466	0.08259	0.06082	0.00850	0.00238	0.00357	0.06332	0.00558	0.00513
54	0.01084	0.00542	0.00542	0.00542	0.00678	0.00542	0.00407	0.01355	0.01220	0.02168	0.01897	0.02168	0.01491	0.00678	0.00407	0.00136	0.00271	0.00542	0.82791	0.00542
55	0.02172	0.02772	0.01648	0.01498	0.01798	0.77228	0.01124	0.02322	0.01648	0.01423	0.00899	0.01049	0.00749	0.00599	0.00524	0.00150	0.01049	0.00375	0.00300	0.00674
56	0.02210	0.01032	0.01307	0.01055	0.01455	0.00987	0.00853	0.02797	0.20228	0.53264	0.06610	0.02166	0.01762	0.00765	0.00592	0.00184	0.00473	0.00631	0.00683	0.00946
57	0.00736	0.00584	0.00667	0.00703	0.00856	0.00515	0.00532	0.00902	0.01320	0.01652	0.12029	0.19097	0.46540	0.01525	0.00712	0.00211	0.00330	0.10040	0.00549	0.00499
58	0.01523	0.01232	0.01317	0.01174	0.01510	0.01407	0.00916	0.03073	0.70062	0.07301	0.02362	0.02157	0.01753	0.00784	0.00591	0.00196	0.00463	0.00653	0.00600	0.00925
59	0.58552	0.01205	0.01050	0.00892	0.01251	0.01371	0.00723	0.18795	0.01393	0.02756	0.01020	0.01252	0.00819	0.06108	0.00594	0.00206	0.00503	0.00402	0.00412	0.00696
60	0.00788	0.00572	0.00592	0.00599	0.00767	0.00504	0.00445	0.00967	0.01299	0.01738	0.07599	0.09882	0.50207	0.01297	0.00624	0.00184	0.00291	0.01087	0.20053	0.00504
61	0.01633	0.01146	0.01286	0.01123	0.01459	0.01250	0.00892	0.08037	0.46290	0.15863	0.06489	0.02529	0.03524	0.00854	0.00609	0.00196	0.00470	0.04850	0.00613	0.00886
62	0.00709	0.00506	0.00675	0.00810	0.00843	0.00472	0.00540	0.00810	0.01113	0.01484	0.03205	0.79184	0.03846	0.01822	0.00742	0.00236	0.00337	0.01653	0.00540	0.00472
63	0.00708	0.00517	0.00667	0.00783	0.00837	0.00476	0.00529	0.00819	0.01149	0.01512	0.05012	0.69213	0.12103	0.01769	0.00735	0.00231	0.00331	0.01592	0.00542	0.00476
64	0.01181	0.01151	0.02012	0.55699	0.12173	0.01355	0.09876	0.01558	0.01188	0.01572	0.01039	0.01521	0.00804	0.00592	0.00680	0.00196	0.05909	0.00536	0.00266	0.00693
65	0.06838	0.00943	0.01098	0.00925	0.01197	0.00959	0.00733	0.20352	0.01889	0.10800	0.43299	0.03092	0.03550	0.00967	0.00626	0.00180	0.00405	0.00814	0.00615	0.00717
66	0.01375	0.01316	0.02244	0.17705	0.62305	0.01365	0.01753	0.01728	0.01294	0.01821	0.01082	0.01460	0.00893	0.00530	0.00577	0.00177	0.00707	0.00518	0.00282	0.00869
67	0.00829	0.00595	0.00748	0.05255	0.00953	0.00600	0.00536	0.00926	0.01036	0.01377	0.07540	0.17143	0.07806	0.41416	0.06002	0.00434	0.00549	0.05399	0.00422	0.00434

[dist]
# distance from previous block
# <min> <max>
4	9

[block]
# block no. 4 follows, 40 sequences, length 29
# corresponding to MSA columns:
# 243-271
name=unknown_E
#
# <colnr> <probs for GDERKNQSTAVLIFYWHMCP>
#	G	D	E	R	K	N	Q	S	T	A	V	L	I	F	Y	W	H	M	C	P
0	0.01182	0.00976	0.01490	0.55712	0.03128	0.01173	0.01319	0.07137	0.01298	0.01801	0.01245	0.01669	0.00943	0.00611	0.00544	0.00180	0.00658	0.00523	0.17759	0.00651
1	0.01293	0.01413	0.02942	0.24413	0.03319	0.01419	0.52879	0.01753	0.01312	0.01753	0.01135	0.01563	0.00851	0.00517	0.00656	0.00195	0.00921	0.00637	0.00284	0.00744
2	0.71001	0.01183	0.01041	0.01028	0.07036	0.01349	0.00757	0.07243	0.01149	0.02634	0.00877	0.01018	0.00680	0.00550	0.00394	0.00179	0.00483	0.00347	0.00371	0.00680
3	0.01251	0.01031	0.01593	0.55816	0.03256	0.01231	0.01410	0.01787	0.11188	0.07496	0.01469	0.02051	0.01159	0.00699	0.00600	0.00199	0.00692	0.06009	0.00361	0.00702
4	0.02134	0.01583	0.01704	0.01302	0.01771	0.01725	0.01073	0.68450	0.02617	0.03530	0.01368	0.01382	0.00979	0.00678	0.00570	0.00168	0.00624	0.00510	0.00564	0.07269
5	0.01179	0.01135	0.01602	0.01401	0.01423	0.01558	0.01157	0.01323	0.00900	0.01389	0.00932	0.01487	0.00910	0.01726	0.17863	0.00398	0.62207	0.00533	0.00267	0.00611
6	0.01272	0.01272	0.01781	0.01527	0.01527	0.01781	0.01272	0.01399	0.00891	0.01399	0.00763	0.01272	0.00763	0.01018	0.01908	0.00254	0.78499	0.00509	0.00254	0.00636
7	0.00885	0.00637	0.00746	0.00756	0.00840	0.00632	0.00507	0.06575	0.01156	0.01520	0.02834	0.27033	0.13951	0.32447	0.06520	0.00399	0.00522	0.01114	0.00455	0.00471
8	0.01166	0.03008	0.76550	0.01657	0.02517	0.01351	0.02149	0.01842	0.01228	0.01842	0.01044	0.01228	0.00737	0.00552	0.00552	0.00184	0.00859	0.00430	0.00246	0.00859
9	0.00937	0.00669	0.00937	0.01071	0.01205	0.00669	0.00937	0.01205	0.01339	0.01740	0.03079	0.06560	0.03347	0.01606	0.00803	0.00268	0.00535	0.72021	0.00535	0.00535
10	0.00768	0.00592	0.00701	0.00674	0.00835	0.00525	0.00506	0.00991	0.01517	0.02025	0.47484	0.04849	0.33823	0.01303	0.00686	0.00188	0.00283	0.01123	0.00600	0.00525
11	0.00795	0.00578	0.00592	0.00589	0.00765	0.00508	0.00441	0.00982	0.01324	0.01776	0.10285	0.04661	0.52138	0.01256	0.00618	0.00180	0.00287	0.01046	0.20670	0.00508
12	0.01373	0.01569	0.03431	0.02451	0.03039	0.01471	0.73824	0.01863	0.01373	0.01863	0.01176	0.01569	0.00882	0.00490	0.00686	0.00196	0.00980	0.00686	0.00294	0.00784
13	0.00709	0.00506	0.00675	0.00810	0.00843	0.00472	0.00540	0.00810	0.01113	0.01484	0.03205	0.79184	0.03846	0.01822	0.00742	0.00236	0.00337	0.01653	0.00540	0.00472
14	0.00716	0.00512	0.00681	0.00805	0.00845	0.00477	0.00540	0.00828	0.01148	0.01539	0.07868	0.74365	0.03952	0.01781	0.00739	0.00233	0.00333	0.01614	0.00546	0.00477
15	0.13450	0.01008	0.01283	0.00999	0.01436	0.00915	0.00825	0.02684	0.01574	0.66478	0.02096	0.01841	0.01331	0.00696	0.00555	0.00180	0.00489	0.00549	0.00672	0.00942
16	0.00687	0.00589	0.00589	0.00589	0.00785	0.00491	0.00442	0.00835	0.01325	0.01571	0.05891	0.05596	0.75700	0.01473	0.00687	0.00196	0.00295	0.01227	0.00540	0.00491
17	0.00937	0.00669	0.00937	0.01071	0.01205	0.00669	0.00937	0.01205	0.01339	0.01740	0.03079	0.06560	0.03347	0.01606	0.00803	0.00268	0.00535	0.72021	0.00535	0.00535
18	0.00975	0.00532	0.00581	0.00620	0.00726	0.00522	0.00445	0.01197	0.01189	0.01970	0.02276	0.24507	0.02174	0.01009	0.00504	0.00165	0.00290	0.00864	0.58933	0.00522
19	0.00823	0.00594	0.00777	0.00732	0.00869	0.00549	0.00549	0.01097	0.01646	0.02332	0.75629	0.04344	0.05487	0.01189	0.00686	0.00183	0.00274	0.01052	0.00640	0.00549
20	0.02211	0.01629	0.01745	0.01338	0.01803	0.01803	0.01105	0.73997	0.02734	0.03665	0.01396	0.01396	0.00989	0.00698	0.00582	0.00175	0.00640	0.00524	0.00582	0.00989
21	0.01079	0.00540	0.00556	0.00556	0.00683	0.00540	0.00413	0.01317	0.01190	0.02093	0.01840	0.02142	0.01460	0.00764	0.00527	0.05476	0.00286	0.00540	0.77477	0.00523
22	0.00728	0.00591	0.00645	0.00632	0.00810	0.00508	0.00474	0.00913	0.01421	0.01798	0.26718	0.05222	0.54731	0.01388	0.00687	0.00192	0.00289	0.01175	0.00570	0.00508
23	0.01084	0.00542	0.00542	0.00542	0.00678	0.00542	0.00407	0.01355	0.01220	0.02168	0.01897	0.02168	0.01491	0.00678	0.00407	0.00136	0.00271	0.00542	0.82791	0.00542
24	0.01010	0.00505	0.00758	0.00758	0.00758	0.00505	0.00505	0.00758	0.00758	0.01010	0.01010	0.01768	0.01010	0.02020	0.02273	0.83081	0.00505	0.00505	0.00253	0.00253
25	0.25766	0.01446	0.01446	0.01157	0.01579	0.01624	0.00950	0.46223	0.09153	0.03240	0.01319	0.01339	0.00960	0.00661	0.00518	0.00178	0.00568	0.00476	0.00518	0.00878
26	0.01206	0.01034	0.01206	0.00861	0.01378	0.00775	0.00689	0.01464	0.01206	0.01895	0.01034	0.01206	0.00861	0.00431	0.00431	0.00086	0.00431	0.00345	0.00345	0.83118
27	0.00804	0.00554	0.00639	0.00668	0.00690	0.00539	0.00399	0.00837	0.00940	0.01238	0.02441	0.19906	0.08244	0.56986	0.02312	0.00466	0.00495	0.01047	0.00407	0.00389
28	0.00709	0.00506	0.00675	0.00810	0.00843	0.00472	0.00540	0.00810	0.01113	0.01484	0.03205	0.79184	0.03846	0.01822	0.00742	0.00236	0.00337	0.01653	0.00540	0.00472

[dist]
# distance from previous block
# <min> <max>
0	22

[block]
# block no. 5 follows, 40 sequences, length 35
# corresponding to MSA columns:
# 295-329
name=unknown_F
#
# <colnr> <probs for GDERKNQSTAVLIFYWHMCP>
#	G	D	E	R	K	N	Q	S	T	A	V	L	I	F	Y	W	H	M	C	P
0	0.01226	0.01041	0.01204	0.01094	0.01367	0.01134	0.04079	0.05542	0.42376	0.02156	0.02976	0.14414	0.13626	0.01070	0.00642	0.00205	0.00451	0.04071	0.00559	0.00766
1	0.00707	0.00511	0.00670	0.00797	0.00840	0.00473	0.00534	0.00811	0.01125	0.01489	0.03354	0.75092	0.07842	0.01802	0.00739	0.00234	0.00335	0.01629	0.00540	0.00473
2	0.00864	0.00599	0.00703	0.00729	0.00763	0.00603	0.00465	0.00982	0.04367	0.01300	0.02173	0.14261	0.02462	0.57240	0.02324	0.00471	0.00525	0.08345	0.00408	0.00414
3	0.02009	0.00975	0.01240	0.01028	0.01390	0.00935	0.00832	0.02561	0.18033	0.45442	0.12518	0.02601	0.02180	0.00849	0.00612	0.00189	0.00459	0.04588	0.00670	0.00888
4	0.00735	0.00531	0.00695	0.00781	0.00847	0.00492	0.00537	0.00880	0.01251	0.01692	0.20704	0.57820	0.07570	0.01654	0.00726	0.00222	0.00320	0.01489	0.00564	0.00492
5	0.01098	0.01034	0.01744	0.78165	0.04005	0.01292	0.01615	0.01486	0.01163	0.01486	0.01034	0.01550	0.00775	0.00581	0.00581	0.00194	0.00775	0.00517	0.00258	0.00646
6	0.00923	0.00665	0.00918	0.01044	0.01182	0.00660	0.00910	0.01184	0.01338	0.01731	0.03233	0.06507	0.07319	0.01599	0.00797	0.00264	0.00522	0.68134	0.00536	0.00533
7	0.02609	0.00990	0.01350	0.01035	0.01484	0.00855	0.00855	0.02834	0.01664	0.76338	0.02294	0.01979	0.01439	0.00720	0.00585	0.00180	0.00495	0.00585	0.00720	0.00990
8	0.01446	0.01249	0.01315	0.01183	0.01512	0.01446	0.00920	0.03090	0.74885	0.02433	0.02367	0.02170	0.01775	0.00789	0.00592	0.00197	0.00460	0.00657	0.00592	0.00920
9	0.01010	0.00505	0.00758	0.00758	0.00758	0.00505	0.00505	0.00758	0.00758	0.01010	0.01010	0.01768	0.01010	0.02020	0.02273	0.83081	0.00505	0.00505	0.00253	0.00253
10	0.02172	0.02772	0.01648	0.01498	0.01798	0.77228	0.01124	0.02322	0.01648	0.01423	0.00899	0.01049	0.00749	0.00599	0.00524	0.00150	0.01049	0.00375	0.00300	0.00674
11	0.01373	0.01569	0.03431	0.02451	0.03039	0.01471	0.73824	0.01863	0.01373	0.01863	0.01176	0.01569	0.00882	0.00490	0.00686	0.00196	0.00980	0.00686	0.00294	0.00784
12	0.00687	0.00589	0.00589	0.00589	0.00785	0.00491	0.00442	0.00835	0.01325	0.01571	0.05891	0.05596	0.75700	0.01473	0.00687	0.00196	0.00295	0.01227	0.00540	0.00491
13	0.00709	0.00506	0.00675	0.00810	0.00843	0.00472	0.00540	0.00810	0.01113	0.01484	0.03205	0.79184	0.03846	0.01822	0.00742	0.00236	0.00337	0.01653	0.00540	0.00472
14	0.01555	0.79913	0.03047	0.00995	0.01493	0.02301	0.00995	0.01741	0.01182	0.01368	0.00808	0.00933	0.00746	0.00498	0.00373	0.00124	0.00622	0.00311	0.00249	0.00746
15	0.01206	0.01034	0.01206	0.00861	0.01378	0.00775	0.00689	0.01464	0.01206	0.01895	0.01034	0.01206	0.00861	0.00431	0.00431	0.00086	0.00431	0.00345	0.00345	0.83118
16	0.01010	0.00505	0.00758	0.00758	0.00758	0.00505	0.00505	0.00758	0.00758	0.01010	0.01010	0.01768	0.01010	0.02020	0.02273	0.83081	0.00505	0.00505	0.00253	0.00253
17	0.00823	0.00594	0.00777	0.00732	0.00869	0.00549	0.00549	0.01097	0.01646	0.02332	0.75629	0.04344	0.05487	0.01189	0.00686	0.00183	0.00274	0.01052	0.00640	0.00549
18	0.00831	0.00623	0.00935	0.00935	0.01038	0.00727	0.00727	0.01038	0.00935	0.01350	0.01558	0.02285	0.01454	0.04361	0.77259	0.00935	0.01558	0.00623	0.00312	0.00519
19	0.00687	0.00589	0.00589	0.00589	0.00785	0.00491	0.00442	0.00835	0.01325	0.01571	0.05891	0.05596	0.75700	0.01473	0.00687	0.00196	0.00295	0.01227	0.00540	0.00491
20	0.00709	0.00506	0.00675	0.00810	0.00843	0.00472	0.00540	0.00810	0.01113	0.01484	0.03205	0.79184	0.03846	0.01822	0.00742	0.00236	0.00337	0.01653	0.00540	0.00472
21	0.00709	0.00506	0.00675	0.00810	0.00843	0.00472	0.00540	0.00810	0.01113	0.01484	0.03205	0.79184	0.03846	0.01822	0.00742	0.00236	0.00337	0.01653	0.00540	0.00472
22	0.01098	0.01034	0.01744	0.78165	0.04005	0.01292	0.01615	0.01486	0.01163	0.01486	0.01034	0.01550	0.00775	0.00581	0.00581	0.00194	0.00775	0.00517	0.00258	0.00646
23	0.01439	0.01382	0.02360	0.03569	0.75936	0.01382	0.01785	0.01785	0.01324	0.01900	0.01094	0.01439	0.00921	0.00518	0.00576	0.00173	0.00691	0.00518	0.00288	0.00921
24	0.02564	0.01000	0.01348	0.01040	0.01486	0.00877	0.00857	0.02844	0.04479	0.73498	0.02297	0.01987	0.01452	0.00722	0.00585	0.00181	0.00493	0.00588	0.00715	0.00987
25	0.00810	0.00594	0.00760	0.00718	0.00861	0.00543	0.00539	0.01073	0.01616	0.02260	0.69070	0.04462	0.12090	0.01216	0.00686	0.00184	0.00276	0.01068	0.00631	0.00543
26	0.00709	0.00506	0.00675	0.00810	0.00843	0.00472	0.00540	0.00810	0.01113	0.01484	0.03205	0.79184	0.03846	0.01822	0.00742	0.00236	0.00337	0.01653	0.00540	0.00472
27	0.01317	0.01257	0.02139	0.30395	0.50069	0.01349	0.01724	0.01677	0.01266	0.01751	0.01072	0.01479	0.00869	0.00541	0.00578	0.00180	0.00721	0.00518	0.00277	0.00822
28	0.01904	0.02215	0.01873	0.05534	0.24349	0.47010	0.01345	0.05795	0.01584	0.01685	0.00989	0.01207	0.00815	0.00579	0.00545	0.00160	0.00907	0.00432	0.00309	0.00764
29	0.00718	0.00522	0.00680	0.00802	0.00856	0.00484	0.00550	0.00831	0.01144	0.01505	0.03448	0.68799	0.10484	0.01779	0.00740	0.00234	0.00343	0.05064	0.00540	0.00477
30	0.00835	0.00605	0.00841	0.00841	0.00912	0.00676	0.00610	0.00978	0.00907	0.01281	0.01643	0.02759	0.01660	0.27821	0.54081	0.00819	0.01248	0.00692	0.00324	0.00467
31	0.01305	0.01284	0.04525	0.05582	0.45204	0.01246	0.06385	0.01780	0.08707	0.01934	0.06898	0.06238	0.01600	0.00718	0.00612	0.00187	0.00639	0.03958	0.00367	0.00829
32	0.00754	0.00565	0.00696	0.00756	0.00836	0.00537	0.00526	0.00881	0.01191	0.01579	0.10803	0.44993	0.20018	0.07143	0.00912	0.00243	0.02965	0.01371	0.02749	0.00483
33	0.01999	0.00938	0.01199	0.01005	0.01341	0.00884	0.00791	0.04569	0.12040	0.46293	0.02423	0.16273	0.01948	0.04589	0.00725	0.00210	0.00469	0.00802	0.00647	0.00855
34	0.05051	0.01184	0.01685	0.39278	0.05255	0.01451	0.01366	0.15026	0.01399	0.01941	0.01137	0.04895	0.00948	0.00740	0.00839	0.00203	0.15998	0.00558	0.00336	0.00709

[dist]
# distance from previous block
# <min> <max>
5	103

# created by:
# /software/SequenceAnalysis/GenePrediction/augustus/3.0.1/scripts/msa2prfl.pl ./fixed/BUSCOvEOG7ZW6RK.fas
