[name]
unknown

[dist]
# distance from previous block
# <min> <max>
13	154

[block]
# block no. 0 follows, 39 sequences, length 11
# corresponding to MSA columns:
# 164-174
name=unknown_A
#
# <colnr> <probs for GDERKNQSTAVLIFYWHMCP>
#	G	D	E	R	K	N	Q	S	T	A	V	L	I	F	Y	W	H	M	C	P
0	0.00845	0.00634	0.00950	0.00950	0.01056	0.00739	0.00739	0.01056	0.00950	0.01373	0.01584	0.02323	0.01478	0.04435	0.76873	0.00950	0.01584	0.00634	0.00317	0.00528
1	0.01003	0.00522	0.00752	0.00752	0.00752	0.00522	0.00491	0.00783	0.00783	0.01045	0.01149	0.02099	0.01190	0.13259	0.02413	0.70855	0.00522	0.00564	0.00272	0.00272
2	0.01666	0.00940	0.01169	0.00966	0.01325	0.00848	0.00759	0.02103	0.12254	0.28968	0.10268	0.13281	0.02190	0.00890	0.00594	0.00172	0.00435	0.00759	0.00589	0.19824
3	0.01235	0.07426	0.47212	0.01609	0.02290	0.04678	0.11610	0.01781	0.01346	0.01898	0.11826	0.01729	0.01472	0.00646	0.00587	0.00183	0.00797	0.00554	0.00317	0.00802
4	0.01409	0.01171	0.01295	0.01121	0.05601	0.06986	0.00818	0.06933	0.01418	0.06758	0.03973	0.11395	0.01469	0.00705	0.00525	0.00134	0.00506	0.00588	0.00422	0.46773
5	0.44598	0.06242	0.01513	0.05367	0.07095	0.01372	0.06736	0.01895	0.01179	0.12967	0.01104	0.01253	0.00826	0.00597	0.00545	0.00185	0.04970	0.00428	0.00389	0.00737
6	0.07453	0.18491	0.45845	0.01533	0.02251	0.01601	0.07853	0.05173	0.01305	0.01920	0.01022	0.01203	0.00768	0.00551	0.00523	0.00175	0.00793	0.00430	0.00279	0.00832
7	0.01269	0.13448	0.12546	0.01273	0.05601	0.01247	0.01099	0.09543	0.08959	0.01970	0.02011	0.20624	0.02021	0.01040	0.00616	0.00196	0.00565	0.10380	0.00444	0.05147
8	0.01409	0.01247	0.02088	0.01829	0.12650	0.01184	0.22945	0.01861	0.07264	0.07949	0.09269	0.01861	0.01513	0.00637	0.00673	0.00171	0.04813	0.00613	0.00405	0.19620
9	0.00895	0.00686	0.00867	0.07144	0.01186	0.00717	0.00665	0.01235	0.11741	0.01586	0.02738	0.42817	0.04666	0.17001	0.01169	0.00297	0.00448	0.03109	0.00495	0.00539
10	0.01205	0.01433	0.10274	0.04313	0.12974	0.01200	0.33498	0.01619	0.01384	0.01902	0.11392	0.06849	0.07672	0.00767	0.00667	0.00195	0.00746	0.00792	0.00373	0.00747

[dist]
# distance from previous block
# <min> <max>
0	8

[block]
# block no. 1 follows, 39 sequences, length 19
# corresponding to MSA columns:
# 183-201
name=unknown_B
#
# <colnr> <probs for GDERKNQSTAVLIFYWHMCP>
#	G	D	E	R	K	N	Q	S	T	A	V	L	I	F	Y	W	H	M	C	P
0	0.01242	0.15164	0.57511	0.01474	0.02222	0.01455	0.01835	0.01811	0.01240	0.01825	0.01102	0.01287	0.00820	0.00564	0.00519	0.00173	0.00781	0.00428	0.07721	0.00826
1	0.02128	0.03343	0.02902	0.14250	0.02052	0.08109	0.01102	0.14730	0.07937	0.34643	0.01774	0.01726	0.01205	0.00690	0.00583	0.00182	0.00635	0.00549	0.00557	0.00903
2	0.01194	0.06597	0.59772	0.14622	0.02765	0.01412	0.02033	0.01806	0.01235	0.01787	0.01047	0.01289	0.00756	0.00564	0.00558	0.00186	0.00847	0.00446	0.00252	0.00831
3	0.01459	0.02111	0.25253	0.04792	0.29774	0.15453	0.01721	0.01872	0.01374	0.01794	0.01241	0.01798	0.01064	0.00656	0.00589	0.00184	0.00813	0.06922	0.00303	0.00825
4	0.03117	0.01405	0.01920	0.39297	0.23538	0.09477	0.01563	0.09248	0.01445	0.01878	0.01088	0.01462	0.00847	0.00587	0.00579	0.00184	0.00773	0.00507	0.00312	0.00775
5	0.01393	0.01333	0.02273	0.18730	0.60979	0.01387	0.01780	0.01753	0.01313	0.01846	0.01100	0.01487	0.00907	0.00540	0.00587	0.00180	0.00720	0.00527	0.00287	0.00880
6	0.19189	0.01799	0.14215	0.01285	0.01784	0.04666	0.01186	0.36830	0.08609	0.02977	0.01301	0.01350	0.00947	0.00655	0.00537	0.00181	0.00648	0.00477	0.00475	0.00887
7	0.01534	0.65245	0.12632	0.01130	0.01663	0.03880	0.01178	0.01786	0.01209	0.01457	0.00854	0.01002	0.00758	0.00533	0.00457	0.00139	0.03179	0.00340	0.00254	0.00769
8	0.00847	0.00623	0.00898	0.00898	0.00986	0.00711	0.00674	0.01023	0.00935	0.01334	0.01632	0.02587	0.01593	0.17180	0.64285	0.00886	0.01412	0.00672	0.00324	0.00499
9	0.00911	0.00727	0.00836	0.00867	0.03236	0.00720	0.00595	0.01325	0.14483	0.01774	0.12961	0.17045	0.25956	0.14611	0.01081	0.00268	0.00394	0.01106	0.00531	0.00572
10	0.00858	0.00700	0.00738	0.00713	0.00895	0.00668	0.00519	0.01230	0.12668	0.01722	0.10565	0.04731	0.45514	0.14610	0.01078	0.00262	0.00371	0.01077	0.00533	0.00548
11	0.01073	0.00970	0.01581	0.64647	0.03489	0.01188	0.01424	0.01400	0.01128	0.01449	0.01190	0.01967	0.01020	0.13991	0.01003	0.00261	0.00752	0.00583	0.00279	0.00606
12	0.01269	0.01094	0.01150	0.01076	0.01334	0.03420	0.00818	0.02426	0.49546	0.02226	0.09299	0.15605	0.06128	0.01047	0.00639	0.00205	0.00439	0.00898	0.00586	0.00795
13	0.00721	0.00515	0.00686	0.00823	0.00858	0.00480	0.00549	0.00823	0.01132	0.01510	0.03259	0.78831	0.03911	0.01853	0.00755	0.00240	0.00343	0.01681	0.00549	0.00480
14	0.01346	0.01295	0.02236	0.28178	0.48940	0.01378	0.04616	0.01717	0.01294	0.01791	0.01095	0.01506	0.00886	0.00547	0.00592	0.00184	0.00743	0.00533	0.00283	0.00838
15	0.01617	0.00775	0.01008	0.00866	0.01148	0.00680	0.00678	0.01833	0.01570	0.35196	0.23131	0.11359	0.15436	0.01111	0.00658	0.00193	0.00390	0.00951	0.00659	0.00741
16	0.01471	0.01241	0.03635	0.02262	0.35552	0.01229	0.01308	0.04944	0.16890	0.08768	0.01875	0.14849	0.01674	0.00838	0.00618	0.00193	0.00576	0.00758	0.00453	0.00866
17	0.00854	0.00577	0.00704	0.00721	0.00753	0.00594	0.00459	0.00923	0.00931	0.01293	0.01977	0.12336	0.02191	0.51013	0.17053	0.00583	0.00727	0.00895	0.04997	0.00417
18	0.09084	0.01854	0.01425	0.05376	0.05369	0.38832	0.01021	0.01848	0.01481	0.01742	0.13729	0.06100	0.01780	0.00900	0.02776	0.00197	0.04859	0.00595	0.00378	0.00653

[dist]
# distance from previous block
# <min> <max>
0	1

[block]
# block no. 2 follows, 39 sequences, length 47
# corresponding to MSA columns:
# 203-249
name=unknown_C
#
# <colnr> <probs for GDERKNQSTAVLIFYWHMCP>
#	G	D	E	R	K	N	Q	S	T	A	V	L	I	F	Y	W	H	M	C	P
0	0.04537	0.01612	0.04372	0.01381	0.06691	0.16973	0.04715	0.25254	0.01842	0.02513	0.01387	0.01551	0.01062	0.00649	0.00527	0.00163	0.00658	0.00503	0.22829	0.00782
1	0.01205	0.03220	0.47161	0.01329	0.01915	0.01148	0.01542	0.04437	0.01228	0.04614	0.01360	0.01973	0.01169	0.20011	0.01160	0.00279	0.00745	0.00555	0.04207	0.00740
2	0.01425	0.01208	0.01230	0.01114	0.01388	0.06427	0.00852	0.15879	0.30497	0.02356	0.05250	0.21127	0.05403	0.01071	0.00638	0.00200	0.00499	0.00908	0.00562	0.01965
3	0.01406	0.01214	0.01776	0.54732	0.03382	0.01470	0.01495	0.19305	0.01562	0.02054	0.01127	0.01522	0.00841	0.00645	0.00665	0.00196	0.04995	0.00527	0.00344	0.00743
4	0.01286	0.01136	0.01391	0.23995	0.02218	0.01324	0.01097	0.02419	0.45054	0.02096	0.02372	0.02378	0.09081	0.00811	0.00609	0.00199	0.00546	0.00686	0.00495	0.00808
5	0.00849	0.00698	0.00790	0.00720	0.00967	0.00575	0.00540	0.01034	0.01322	0.01755	0.12399	0.15992	0.37514	0.01258	0.00643	0.00177	0.00338	0.01074	0.00512	0.20844
6	0.00959	0.00782	0.01206	0.01358	0.11350	0.00900	0.00923	0.01184	0.01002	0.01453	0.01467	0.02139	0.01359	0.03678	0.61549	0.00799	0.06378	0.00611	0.00310	0.00592
7	0.01253	0.01337	0.02750	0.02020	0.02479	0.01278	0.52277	0.01682	0.01443	0.01992	0.19465	0.02279	0.02049	0.00697	0.00751	0.00199	0.04150	0.00782	0.00384	0.00732
8	0.00806	0.00551	0.00661	0.00714	0.00727	0.00538	0.00432	0.00846	0.00965	0.01286	0.02401	0.32719	0.02828	0.49443	0.02142	0.00445	0.00485	0.01176	0.00432	0.00405
9	0.01325	0.01385	0.02318	0.01836	0.02017	0.01716	0.23055	0.01565	0.01054	0.01565	0.00903	0.01385	0.00813	0.00873	0.01566	0.00241	0.54848	0.00572	0.00271	0.00692
10	0.00814	0.00604	0.00885	0.00919	0.01007	0.00675	0.00692	0.00999	0.00995	0.01407	0.01998	0.21225	0.02079	0.03797	0.58068	0.00775	0.01277	0.00892	0.00374	0.00516
11	0.01363	0.01287	0.02142	0.04544	0.56965	0.01291	0.04329	0.01778	0.05386	0.01982	0.08692	0.01969	0.04343	0.00647	0.00606	0.00180	0.00645	0.00623	0.00355	0.00871
12	0.01891	0.02205	0.01748	0.01645	0.06916	0.45629	0.05105	0.02450	0.19586	0.01758	0.01306	0.01414	0.01040	0.00664	0.00624	0.00173	0.04217	0.00485	0.00375	0.00769
13	0.01049	0.00646	0.01018	0.19800	0.01586	0.00711	0.00792	0.00953	0.00872	0.01147	0.01033	0.01743	0.00968	0.01693	0.01886	0.62388	0.00581	0.00517	0.00258	0.00356
14	0.01101	0.00919	0.01093	0.00863	0.01267	0.00712	0.00663	0.01325	0.01203	0.01824	0.01597	0.20399	0.01626	0.00787	0.00516	0.00125	0.00415	0.00679	0.00399	0.62487
15	0.01554	0.60228	0.02664	0.01059	0.01523	0.02125	0.00993	0.02110	0.19300	0.01659	0.01214	0.01259	0.01017	0.00579	0.00434	0.00145	0.00592	0.00403	0.00339	0.00803
16	0.01520	0.01671	0.01778	0.01545	0.01621	0.20348	0.01256	0.01655	0.01096	0.01429	0.00810	0.01238	0.00773	0.00930	0.01593	0.00232	0.59095	0.00484	0.00270	0.00656
17	0.12784	0.49426	0.02474	0.01113	0.01475	0.02070	0.01030	0.01680	0.01102	0.01573	0.00811	0.01036	0.00747	0.00643	0.00763	0.00167	0.19755	0.00367	0.00270	0.00715
18	0.00803	0.00582	0.00757	0.00758	0.00874	0.00537	0.00552	0.01033	0.01528	0.02129	0.54785	0.22850	0.07840	0.01379	0.00712	0.00200	0.00296	0.01227	0.00622	0.00537
19	0.01226	0.01051	0.01226	0.00876	0.01401	0.00788	0.00701	0.01489	0.01226	0.01927	0.01051	0.01226	0.00876	0.00438	0.00438	0.00088	0.00438	0.00350	0.00350	0.82832
20	0.01737	0.12101	0.01637	0.01111	0.01513	0.01539	0.00928	0.40769	0.06123	0.03905	0.02535	0.02462	0.19374	0.00882	0.00589	0.00177	0.00549	0.00688	0.00537	0.00843
21	0.02211	0.01638	0.01754	0.01353	0.01820	0.01817	0.01115	0.70219	0.06178	0.03668	0.01467	0.01457	0.01044	0.00714	0.00592	0.00179	0.00642	0.00539	0.00592	0.01002
22	0.00752	0.00626	0.00660	0.00650	0.00843	0.00548	0.00488	0.00983	0.04362	0.01753	0.16652	0.06523	0.60235	0.01430	0.00696	0.00198	0.00304	0.01204	0.00567	0.00526
23	0.01476	0.44144	0.07726	0.01687	0.19858	0.01828	0.01249	0.01750	0.01244	0.01632	0.00942	0.01135	0.00818	0.00506	0.00451	0.00137	0.00640	0.00381	0.00276	0.12120
24	0.01557	0.01215	0.01410	0.01052	0.01524	0.01122	0.00855	0.19360	0.01612	0.06136	0.01189	0.01319	0.00931	0.00562	0.00588	0.00127	0.05873	0.00419	0.00423	0.52726
25	0.00741	0.00601	0.00657	0.00643	0.00824	0.00517	0.00482	0.00929	0.01446	0.01831	0.26889	0.05307	0.54244	0.01411	0.00698	0.00196	0.00293	0.01194	0.00580	0.00517
26	0.00715	0.00536	0.00665	0.00768	0.00843	0.00485	0.00524	0.00830	0.01186	0.01531	0.03934	0.60761	0.21545	0.01765	0.00741	0.00230	0.00332	0.01574	0.00549	0.00485
27	0.01179	0.14260	0.40599	0.01461	0.02067	0.01377	0.07133	0.01657	0.01179	0.01676	0.01164	0.01494	0.00942	0.01505	0.19397	0.00367	0.01021	0.00487	0.00271	0.00765
28	0.00758	0.00563	0.00700	0.00793	0.00880	0.00520	0.00568	0.00889	0.01199	0.01543	0.03819	0.45376	0.21351	0.07090	0.00906	0.00258	0.00377	0.11389	0.00535	0.00486
29	0.01085	0.00849	0.00902	0.00818	0.01063	0.00826	0.00630	0.18808	0.01672	0.02112	0.04485	0.14714	0.47101	0.01352	0.00680	0.00200	0.00392	0.01131	0.00560	0.00622
30	0.04342	0.01008	0.04341	0.01016	0.01148	0.06117	0.04435	0.05104	0.01048	0.01433	0.01245	0.02136	0.01239	0.20629	0.01967	0.32603	0.07319	0.00591	0.01820	0.00461
31	0.01616	0.37380	0.24927	0.01343	0.01911	0.20453	0.01400	0.01948	0.01333	0.01551	0.00917	0.01069	0.00757	0.00548	0.00473	0.00151	0.00813	0.00369	0.00265	0.00776
32	0.00955	0.00733	0.00917	0.00852	0.01082	0.00645	0.00679	0.01199	0.01396	0.01951	0.26639	0.04307	0.09120	0.06558	0.00826	0.00213	0.00413	0.20133	0.00519	0.20862
33	0.01202	0.01139	0.01929	0.59473	0.21726	0.01336	0.01685	0.01586	0.01223	0.01615	0.01066	0.01549	0.00825	0.00575	0.00590	0.00192	0.00767	0.00526	0.00270	0.00726
34	0.02383	0.00819	0.01011	0.00902	0.01109	0.00832	0.05627	0.13879	0.01490	0.02237	0.02310	0.21142	0.05759	0.02177	0.00601	0.00185	0.00416	0.00874	0.35621	0.00626
35	0.00835	0.00631	0.00926	0.00926	0.01038	0.00723	0.00719	0.01042	0.00978	0.01388	0.01889	0.02556	0.06588	0.04232	0.71599	0.00898	0.01495	0.00676	0.00333	0.00526
36	0.01606	0.01610	0.03066	0.02213	0.02780	0.01579	0.55529	0.19598	0.01738	0.02347	0.01252	0.01552	0.00924	0.00551	0.00672	0.00194	0.00911	0.00657	0.00371	0.00849
37	0.06182	0.07481	0.26724	0.01394	0.06852	0.01177	0.01338	0.01813	0.01241	0.14713	0.01384	0.01623	0.01067	0.01536	0.19392	0.00366	0.00914	0.00500	0.00364	0.03936
38	0.02741	0.40578	0.02291	0.01101	0.01506	0.05668	0.00988	0.01667	0.01174	0.01552	0.00875	0.01087	0.00789	0.00593	0.00690	0.00143	0.14900	0.00365	0.00283	0.21009
39	0.05266	0.42846	0.10309	0.01188	0.01701	0.06790	0.01150	0.19544	0.01625	0.02091	0.02018	0.01152	0.00880	0.00580	0.00465	0.00150	0.00678	0.00397	0.00350	0.00820
40	0.01577	0.11571	0.09521	0.05907	0.01671	0.02471	0.01045	0.29340	0.01734	0.02323	0.01388	0.01975	0.01225	0.20060	0.01179	0.00271	0.02216	0.00573	0.03200	0.00751
41	0.00884	0.00650	0.00763	0.00704	0.00907	0.00563	0.00532	0.01101	0.01494	0.05171	0.36545	0.04624	0.34525	0.02422	0.00710	0.00191	0.00313	0.01072	0.00586	0.06245
42	0.01268	0.01186	0.01785	0.01275	0.01819	0.00963	0.18656	0.01589	0.01268	0.01919	0.01087	0.01317	0.00881	0.00453	0.00502	0.00115	0.00576	0.00436	0.00338	0.62565
43	0.00808	0.00707	0.00900	0.19686	0.01614	0.00702	0.00753	0.01022	0.01310	0.01602	0.07316	0.07848	0.51053	0.01278	0.00675	0.00200	0.00421	0.01082	0.00482	0.00540
44	0.01102	0.00551	0.00551	0.00551	0.00689	0.00551	0.00413	0.01378	0.01240	0.02205	0.01929	0.02205	0.01516	0.00689	0.00413	0.00138	0.00276	0.00551	0.82500	0.00551
45	0.00762	0.00594	0.00642	0.00635	0.00775	0.00527	0.00445	0.00896	0.01282	0.01616	0.16548	0.05028	0.45562	0.20650	0.01270	0.00290	0.00364	0.01122	0.00519	0.00474
46	0.01520	0.01671	0.01778	0.01545	0.01621	0.20348	0.01256	0.01655	0.01096	0.01429	0.00810	0.01238	0.00773	0.00930	0.01593	0.00232	0.59095	0.00484	0.00270	0.00656

[dist]
# distance from previous block
# <min> <max>
0	6

[block]
# block no. 3 follows, 39 sequences, length 17
# corresponding to MSA columns:
# 256-272
name=unknown_D
#
# <colnr> <probs for GDERKNQSTAVLIFYWHMCP>
#	G	D	E	R	K	N	Q	S	T	A	V	L	I	F	Y	W	H	M	C	P
0	0.01117	0.01051	0.01774	0.77795	0.04073	0.01314	0.01642	0.01511	0.01182	0.01511	0.01051	0.01577	0.00788	0.00591	0.00591	0.00197	0.00788	0.00526	0.00263	0.00657
1	0.01348	0.01061	0.01180	0.01083	0.01325	0.01206	0.00819	0.02485	0.54032	0.02073	0.02024	0.02093	0.01590	0.01149	0.01076	0.23097	0.00481	0.00626	0.00506	0.00748
2	0.60684	0.01179	0.00999	0.00896	0.01253	0.01367	0.00722	0.02128	0.21369	0.02604	0.01262	0.01306	0.00963	0.00619	0.00431	0.00188	0.00460	0.00417	0.00431	0.00722
3	0.01279	0.00943	0.01631	0.01277	0.01594	0.00867	0.20794	0.01611	0.01600	0.13859	0.43185	0.03255	0.03632	0.00937	0.00681	0.00189	0.00513	0.00891	0.00566	0.00695
4	0.00714	0.00558	0.00648	0.00713	0.00830	0.00492	0.00501	0.00845	0.01254	0.01581	0.06991	0.41106	0.38344	0.01660	0.00726	0.00219	0.00320	0.01452	0.00552	0.00492
5	0.01205	0.00751	0.00769	0.00732	0.00924	0.00806	0.00558	0.01867	0.21537	0.02279	0.02062	0.02205	0.01596	0.00720	0.00466	0.00155	0.00329	0.00584	0.59796	0.00658
6	0.02432	0.00958	0.01302	0.01015	0.01433	0.00831	0.00831	0.02667	0.01690	0.66988	0.11199	0.02305	0.01965	0.00790	0.00607	0.00183	0.00476	0.00652	0.00722	0.00952
7	0.00709	0.00597	0.00615	0.00616	0.00807	0.00503	0.00460	0.00867	0.01364	0.01649	0.10779	0.07880	0.68158	0.01488	0.00701	0.00200	0.00299	0.01249	0.00556	0.00503
8	0.01337	0.57680	0.02406	0.00897	0.01319	0.01830	0.00856	0.01515	0.01242	0.01449	0.02255	0.02263	0.21419	0.00781	0.00468	0.00147	0.00540	0.00575	0.00335	0.00687
9	0.00810	0.00601	0.00877	0.00915	0.01001	0.00667	0.00686	0.00992	0.01001	0.01411	0.02048	0.23532	0.02153	0.03719	0.55772	0.00754	0.01240	0.00924	0.00381	0.00515
10	0.01338	0.01045	0.01090	0.00999	0.01273	0.01178	0.00772	0.02563	0.51290	0.02365	0.02415	0.02343	0.04612	0.00798	0.00553	0.00183	0.00408	0.00659	0.23303	0.00812
11	0.00980	0.00570	0.00835	0.05257	0.00994	0.00573	0.00592	0.00909	0.01045	0.01428	0.21595	0.02511	0.02275	0.01735	0.01764	0.55074	0.00465	0.00668	0.00366	0.00364
12	0.01312	0.01248	0.01301	0.04291	0.06646	0.13918	0.00991	0.01650	0.05635	0.01797	0.01968	0.03357	0.03336	0.00957	0.00623	0.00185	0.00616	0.26312	0.00424	0.23433
13	0.00715	0.00538	0.00662	0.00761	0.00841	0.00486	0.00521	0.00830	0.01192	0.01534	0.04017	0.58555	0.23698	0.01754	0.00739	0.00229	0.00331	0.01561	0.00549	0.00486
14	0.00762	0.00553	0.00766	0.00854	0.00914	0.00557	0.00602	0.00905	0.01113	0.01522	0.06994	0.53280	0.03334	0.02531	0.21852	0.00434	0.00683	0.01355	0.00491	0.00498
15	0.01439	0.01380	0.02356	0.08929	0.70422	0.01399	0.01803	0.01793	0.01335	0.01902	0.01108	0.01472	0.00926	0.00532	0.00586	0.00177	0.00709	0.00527	0.00291	0.00917
16	0.01791	0.45632	0.02554	0.04052	0.05435	0.02079	0.01114	0.26793	0.01759	0.02237	0.01053	0.01162	0.00855	0.00581	0.00471	0.00149	0.00648	0.00410	0.00373	0.00850

[dist]
# distance from previous block
# <min> <max>
0	2

[block]
# block no. 4 follows, 39 sequences, length 44
# corresponding to MSA columns:
# 275-318
name=unknown_E
#
# <colnr> <probs for GDERKNQSTAVLIFYWHMCP>
#	G	D	E	R	K	N	Q	S	T	A	V	L	I	F	Y	W	H	M	C	P
0	0.53230	0.01429	0.04615	0.01528	0.10153	0.02982	0.13902	0.01853	0.01199	0.02449	0.01031	0.01278	0.00819	0.00601	0.00504	0.00202	0.00644	0.00450	0.00371	0.00761
1	0.00766	0.00647	0.00672	0.00671	0.00874	0.00573	0.00513	0.01023	0.05976	0.01680	0.07103	0.05504	0.64688	0.01456	0.00700	0.00204	0.00325	0.05540	0.00554	0.00531
2	0.00725	0.00594	0.00642	0.00657	0.00831	0.00510	0.00491	0.00888	0.01359	0.01673	0.12546	0.13217	0.57974	0.01511	0.00709	0.00205	0.00312	0.04093	0.00559	0.00505
3	0.01257	0.01078	0.01240	0.00917	0.01418	0.00874	0.00730	0.01695	0.10367	0.01995	0.01220	0.01349	0.00992	0.00483	0.00458	0.00102	0.00442	0.00390	0.00382	0.72609
4	0.01335	0.03624	0.44704	0.01533	0.04643	0.01286	0.03114	0.10712	0.01505	0.05081	0.06693	0.02104	0.04959	0.00745	0.00600	0.00191	0.00732	0.05229	0.00376	0.00832
5	0.01998	0.16349	0.01861	0.01403	0.03247	0.56174	0.01079	0.02170	0.01551	0.01505	0.00978	0.01139	0.00822	0.00595	0.00498	0.00147	0.00922	0.00385	0.06483	0.00694
6	0.00859	0.00578	0.00668	0.00668	0.00676	0.00586	0.00387	0.00875	0.00867	0.01164	0.01842	0.03754	0.02099	0.73587	0.08571	0.00602	0.00649	0.00843	0.00355	0.00371
7	0.02242	0.01851	0.01758	0.01388	0.01833	0.14414	0.01127	0.61615	0.02595	0.03345	0.01335	0.01361	0.00965	0.00693	0.00582	0.00173	0.00720	0.00507	0.00543	0.00952
8	0.00764	0.00602	0.00690	0.00668	0.00839	0.00527	0.00501	0.00975	0.01503	0.01964	0.38811	0.05087	0.42238	0.01361	0.00698	0.00193	0.00290	0.01163	0.00597	0.00527
9	0.00856	0.00589	0.00726	0.00726	0.00754	0.00617	0.00460	0.00912	0.00884	0.01207	0.01789	0.03459	0.01971	0.59326	0.22656	0.00674	0.00842	0.00800	0.00347	0.00403
10	0.02160	0.02052	0.05758	0.01420	0.01864	0.23045	0.01182	0.47742	0.04189	0.02950	0.01282	0.01330	0.00943	0.00676	0.00574	0.00171	0.00776	0.00488	0.00492	0.00906
11	0.00790	0.00621	0.00733	0.00850	0.00911	0.03552	0.00586	0.00906	0.01179	0.01526	0.03339	0.67383	0.08462	0.01769	0.00745	0.00236	0.00379	0.05002	0.00539	0.00493
12	0.00729	0.00600	0.00641	0.00631	0.00817	0.00512	0.00473	0.00907	0.01419	0.01767	0.21150	0.05412	0.60023	0.01434	0.00699	0.00197	0.00295	0.01209	0.00571	0.00512
13	0.01376	0.01531	0.03275	0.06964	0.07019	0.01460	0.63807	0.01845	0.01368	0.01856	0.01180	0.01591	0.00896	0.00537	0.00718	0.01863	0.00959	0.00675	0.00296	0.00786
14	0.05749	0.12914	0.57907	0.01528	0.02301	0.01526	0.01882	0.06270	0.01324	0.01966	0.01039	0.01204	0.00760	0.00563	0.00529	0.00178	0.00806	0.00421	0.00277	0.00854
15	0.00953	0.00681	0.00953	0.01089	0.01225	0.00681	0.00953	0.01225	0.01361	0.01770	0.03131	0.06671	0.03403	0.01634	0.00817	0.00272	0.00545	0.71547	0.00545	0.00545
16	0.01117	0.01051	0.01774	0.77795	0.04073	0.01314	0.01642	0.01511	0.01182	0.01511	0.01051	0.01577	0.00788	0.00591	0.00591	0.00197	0.00788	0.00526	0.00263	0.00657
17	0.01471	0.01270	0.01337	0.01203	0.01538	0.01471	0.00936	0.03142	0.74459	0.02474	0.02407	0.02206	0.01805	0.00802	0.00602	0.00201	0.00468	0.00669	0.00602	0.00936
18	0.01367	0.01535	0.03322	0.02400	0.02968	0.01442	0.68609	0.01850	0.01394	0.01886	0.01324	0.01930	0.01062	0.00573	0.00706	0.00204	0.00967	0.05365	0.00315	0.00781
19	0.01117	0.01051	0.01774	0.77795	0.04073	0.01314	0.01642	0.01511	0.01182	0.01511	0.01051	0.01577	0.00788	0.00591	0.00591	0.00197	0.00788	0.00526	0.00263	0.00657
20	0.01299	0.01096	0.01265	0.00915	0.01433	0.00873	0.00734	0.06274	0.03002	0.02058	0.01106	0.01261	0.00906	0.00464	0.00452	0.00096	0.00453	0.00370	0.00372	0.75570
21	0.02059	0.01515	0.01640	0.01294	0.01713	0.01666	0.01053	0.64540	0.02576	0.03452	0.01648	0.11016	0.01366	0.00852	0.00612	0.00185	0.00613	0.00675	0.00586	0.00941
22	0.00764	0.00548	0.00693	0.00763	0.00824	0.00512	0.00512	0.00888	0.01208	0.01623	0.17090	0.46915	0.09217	0.14279	0.01106	0.00281	0.00365	0.01398	0.00538	0.00477
23	0.00837	0.00604	0.00790	0.00744	0.00883	0.00558	0.00558	0.01116	0.01674	0.02371	0.75216	0.04417	0.05580	0.01209	0.00697	0.00186	0.00279	0.01069	0.00651	0.00558
24	0.01396	0.01595	0.03490	0.02493	0.03091	0.01496	0.73380	0.01894	0.01396	0.01894	0.01196	0.01595	0.00897	0.00499	0.00698	0.00199	0.00997	0.00698	0.00299	0.00798
25	0.01471	0.01270	0.01337	0.01203	0.01538	0.01471	0.00936	0.03142	0.74459	0.02474	0.02407	0.02206	0.01805	0.00802	0.00602	0.00201	0.00468	0.00669	0.00602	0.00936
26	0.01414	0.01512	0.03047	0.04725	0.29777	0.01458	0.45310	0.01856	0.01373	0.01899	0.01162	0.01546	0.00909	0.00511	0.00654	0.00191	0.00884	0.00631	0.00296	0.00845
27	0.01213	0.02893	0.68438	0.01845	0.07342	0.01380	0.05005	0.01870	0.01261	0.01878	0.01070	0.01276	0.00767	0.00557	0.00569	0.00187	0.00868	0.00453	0.00254	0.00875
28	0.01396	0.01595	0.03490	0.02493	0.03091	0.01496	0.73380	0.01894	0.01396	0.01894	0.01196	0.01595	0.00897	0.00499	0.00698	0.00199	0.00997	0.00698	0.00299	0.00798
29	0.00845	0.00634	0.00950	0.00950	0.01056	0.00739	0.00739	0.01056	0.00950	0.01373	0.01584	0.02323	0.01478	0.04435	0.76873	0.00950	0.01584	0.00634	0.00317	0.00528
30	0.01202	0.07491	0.61435	0.01733	0.07776	0.01379	0.01982	0.01796	0.01246	0.01825	0.01189	0.06149	0.00963	0.00637	0.00565	0.00186	0.00813	0.00515	0.00272	0.00847
31	0.00731	0.00519	0.00683	0.00810	0.00842	0.00487	0.00535	0.00826	0.01112	0.01482	0.03154	0.73187	0.03779	0.07677	0.00925	0.00265	0.00360	0.01619	0.00535	0.00471
32	0.00837	0.00604	0.00790	0.00744	0.00883	0.00558	0.00558	0.01116	0.01674	0.02371	0.75216	0.04417	0.05580	0.01209	0.00697	0.00186	0.00279	0.01069	0.00651	0.00558
33	0.00845	0.00634	0.00950	0.00950	0.01056	0.00739	0.00739	0.01056	0.00950	0.01373	0.01584	0.02323	0.01478	0.04435	0.76873	0.00950	0.01584	0.00634	0.00317	0.00528
34	0.01832	0.05726	0.01877	0.15352	0.10628	0.30361	0.02870	0.14894	0.07198	0.02006	0.01166	0.01358	0.00911	0.00622	0.00561	0.00171	0.00833	0.00476	0.00367	0.00791
35	0.02442	0.01054	0.01366	0.01079	0.01515	0.00977	0.00881	0.02929	0.14711	0.62794	0.02346	0.02047	0.01525	0.00745	0.00596	0.00186	0.00497	0.00608	0.00709	0.00994
36	0.00809	0.00603	0.00752	0.00715	0.00866	0.00546	0.00536	0.01062	0.01609	0.02216	0.61311	0.04673	0.19581	0.01267	0.00698	0.00189	0.00283	0.01105	0.00631	0.00546
37	0.06049	0.00700	0.00896	0.01098	0.09520	0.00673	0.00687	0.01072	0.03056	0.01711	0.06439	0.42428	0.20519	0.01479	0.00691	0.00216	0.00382	0.01307	0.00513	0.00562
38	0.01221	0.02624	0.56962	0.01721	0.07808	0.06244	0.01899	0.01779	0.01271	0.01807	0.01310	0.10230	0.01130	0.00712	0.00584	0.00190	0.00812	0.00584	0.00291	0.00821
39	0.00721	0.00515	0.00686	0.00823	0.00858	0.00480	0.00549	0.00823	0.01132	0.01510	0.03259	0.78831	0.03911	0.01853	0.00755	0.00240	0.00343	0.01681	0.00549	0.00480
40	0.01123	0.00765	0.00837	0.00826	0.00852	0.00729	0.00480	0.01055	0.01029	0.01398	0.02081	0.04111	0.02336	0.76231	0.03018	0.00603	0.00656	0.00925	0.00443	0.00499
41	0.01614	0.01761	0.12130	0.07759	0.41194	0.01513	0.14457	0.02003	0.04397	0.02122	0.01470	0.03767	0.01240	0.00743	0.00713	0.00231	0.00841	0.00659	0.00392	0.00993
42	0.01468	0.01367	0.01961	0.64276	0.09374	0.06422	0.01693	0.01759	0.01383	0.01775	0.01297	0.01868	0.01039	0.00754	0.00692	0.00238	0.00874	0.00595	0.00356	0.00809
43	0.05497	0.01591	0.07453	0.02008	0.02412	0.01523	0.35604	0.01800	0.01342	0.01968	0.01403	0.01947	0.01192	0.01482	0.14639	0.00388	0.15840	0.00688	0.00381	0.00841

[dist]
# distance from previous block
# <min> <max>
0	3

[block]
# block no. 5 follows, 39 sequences, length 14
# corresponding to MSA columns:
# 322-335
name=unknown_F
#
# <colnr> <probs for GDERKNQSTAVLIFYWHMCP>
#	G	D	E	R	K	N	Q	S	T	A	V	L	I	F	Y	W	H	M	C	P
0	0.00848	0.00631	0.00808	0.00896	0.01002	0.00618	0.00674	0.01137	0.07051	0.01740	0.10253	0.42296	0.08916	0.01628	0.00749	0.00237	0.00394	0.19019	0.00562	0.00541
1	0.01605	0.34069	0.17990	0.01500	0.02095	0.01792	0.16806	0.07587	0.01420	0.08246	0.01130	0.01279	0.00867	0.00552	0.00521	0.00164	0.00751	0.00464	0.00330	0.00832
2	0.01333	0.00853	0.01024	0.00912	0.01168	0.00837	0.00721	0.07614	0.11278	0.14872	0.29930	0.03859	0.15339	0.01114	0.00668	0.00196	0.00397	0.06546	0.00628	0.00710
3	0.00898	0.00747	0.00963	0.00890	0.01100	0.00692	0.05201	0.01224	0.08008	0.01781	0.11834	0.19529	0.27733	0.04993	0.00797	0.00220	0.00404	0.05400	0.00525	0.07063
4	0.04031	0.08077	0.19094	0.15329	0.04896	0.01423	0.01394	0.12560	0.10079	0.07953	0.01423	0.01661	0.01082	0.00921	0.05992	0.00239	0.00754	0.01868	0.00398	0.00826
5	0.09631	0.40553	0.08375	0.01112	0.01599	0.03642	0.01061	0.07184	0.11581	0.08335	0.01239	0.01279	0.00971	0.00593	0.00462	0.00156	0.00613	0.00417	0.00379	0.00819
6	0.01556	0.01581	0.04741	0.02966	0.17855	0.10603	0.14553	0.11600	0.07366	0.02081	0.01297	0.01645	0.01066	0.06787	0.00773	0.00200	0.00738	0.00552	0.00371	0.11670
7	0.08038	0.01222	0.01674	0.07482	0.03081	0.01439	0.07926	0.12334	0.07401	0.06788	0.01320	0.01605	0.01050	0.01054	0.06877	0.00264	0.22911	0.00551	0.06234	0.00750
8	0.11261	0.13236	0.01588	0.03186	0.01493	0.08024	0.00899	0.27440	0.03113	0.02409	0.01292	0.02882	0.01090	0.07240	0.00855	0.06729	0.00617	0.00510	0.05398	0.00738
9	0.33145	0.01579	0.05531	0.01427	0.08029	0.11333	0.06967	0.15344	0.01513	0.02448	0.01192	0.06779	0.01014	0.00676	0.00516	0.00183	0.00654	0.00522	0.00396	0.00755
10	0.01574	0.01458	0.06838	0.08015	0.01903	0.07530	0.05667	0.08133	0.31614	0.09005	0.10136	0.02120	0.01829	0.00764	0.00608	0.00190	0.00604	0.00645	0.00520	0.00847
11	0.07953	0.02176	0.38283	0.01858	0.14143	0.01342	0.06255	0.07027	0.01383	0.05460	0.01142	0.01328	0.00842	0.00559	0.00552	0.00176	0.00750	0.00465	0.00324	0.07981
12	0.07931	0.07788	0.01253	0.00941	0.01260	0.01115	0.00764	0.10441	0.13979	0.12654	0.16405	0.03064	0.16982	0.00965	0.00603	0.00186	0.00440	0.01911	0.00568	0.00751
13	0.01513	0.06343	0.11088	0.01888	0.09108	0.01469	0.25542	0.19523	0.01711	0.02333	0.07244	0.06586	0.01467	0.00704	0.00629	0.00187	0.00748	0.00679	0.00406	0.00830

[dist]
# distance from previous block
# <min> <max>
66	611

# created by:
# /software/SequenceAnalysis/GenePrediction/augustus/3.0.1/scripts/msa2prfl.pl ./fixed/BUSCOvEOG7C896G.fas
