[name]
unknown

[dist]
# distance from previous block
# <min> <max>
86	322

[block]
# block no. 0 follows, 41 sequences, length 43
# corresponding to MSA columns:
# 415-457
name=unknown_A
#
# <colnr> <probs for GDERKNQSTAVLIFYWHMCP>
#	G	D	E	R	K	N	Q	S	T	A	V	L	I	F	Y	W	H	M	C	P
0	0.05314	0.31375	0.07936	0.01543	0.12281	0.06565	0.01226	0.04461	0.04363	0.01652	0.00936	0.01159	0.00808	0.00634	0.00757	0.00170	0.17370	0.00412	0.00286	0.00750
1	0.02860	0.00931	0.06622	0.00921	0.01176	0.00812	0.00778	0.08216	0.02997	0.06225	0.31706	0.06146	0.04217	0.01685	0.17074	0.00334	0.00648	0.00789	0.00501	0.05362
2	0.01171	0.01082	0.01739	0.50047	0.18042	0.01221	0.01472	0.02914	0.02536	0.01641	0.01135	0.04269	0.00930	0.00594	0.00562	0.00177	0.00688	0.00534	0.00290	0.08954
3	0.01943	0.03780	0.01336	0.01049	0.01422	0.01103	0.00849	0.07235	0.25356	0.37305	0.10353	0.02193	0.01912	0.00772	0.00581	0.00181	0.00465	0.00636	0.00634	0.00895
4	0.01659	0.03846	0.15489	0.01200	0.04782	0.02865	0.01077	0.03446	0.04942	0.25775	0.07183	0.01824	0.01443	0.00649	0.00538	0.00156	0.00550	0.02044	0.00474	0.20059
5	0.08453	0.01336	0.07257	0.02987	0.01600	0.07864	0.00974	0.06334	0.06587	0.45382	0.04128	0.01773	0.01346	0.00685	0.00554	0.00176	0.00565	0.00539	0.00578	0.00882
6	0.11455	0.01327	0.18433	0.01059	0.01441	0.00970	0.01033	0.01767	0.10622	0.10372	0.23917	0.02876	0.02599	0.00893	0.00595	0.00191	0.00499	0.08741	0.00497	0.00712
7	0.01359	0.01694	0.18214	0.02991	0.56793	0.01356	0.01789	0.01832	0.04995	0.01883	0.01128	0.01407	0.00909	0.00530	0.00562	0.00173	0.00704	0.00498	0.00289	0.00893
8	0.01291	0.01139	0.01454	0.01491	0.17408	0.01045	0.00961	0.01882	0.18575	0.01989	0.01337	0.01457	0.01070	0.00525	0.00491	0.00129	0.00485	0.00447	0.00384	0.46440
9	0.01448	0.63728	0.18797	0.01118	0.01683	0.02063	0.01221	0.01734	0.01172	0.01445	0.00845	0.00980	0.00732	0.00501	0.00405	0.00135	0.00662	0.00331	0.00244	0.00758
10	0.01396	0.01346	0.02316	0.07413	0.70689	0.01357	0.03574	0.01742	0.01295	0.01846	0.01075	0.01425	0.00898	0.00512	0.00569	0.00172	0.00691	0.00514	0.00282	0.00888
11	0.01027	0.00808	0.01221	0.01579	0.17243	0.00808	0.01100	0.01307	0.01314	0.01745	0.02611	0.05376	0.02782	0.01351	0.00742	0.00243	0.00559	0.57101	0.00475	0.00608
12	0.01238	0.02571	0.59227	0.02018	0.18234	0.01324	0.02007	0.01822	0.01238	0.03571	0.01066	0.01269	0.00779	0.00540	0.00549	0.00179	0.00802	0.00445	0.00261	0.00861
13	0.01094	0.05212	0.57981	0.01392	0.02044	0.01196	0.01695	0.01599	0.01126	0.01645	0.01184	0.01739	0.01014	0.17499	0.01043	0.00259	0.00775	0.00506	0.00264	0.00735
14	0.01489	0.01253	0.01462	0.17723	0.02065	0.01455	0.01085	0.15963	0.45963	0.02419	0.01870	0.01863	0.01392	0.00716	0.00578	0.00189	0.00552	0.00593	0.00510	0.00860
15	0.00721	0.00516	0.00685	0.00780	0.00835	0.00481	0.00533	0.00857	0.01207	0.01638	0.18725	0.63444	0.04128	0.01659	0.00718	0.00221	0.00319	0.01500	0.00552	0.00481
16	0.01421	0.01257	0.01513	0.01666	0.17480	0.01409	0.01087	0.02765	0.59485	0.02281	0.02060	0.01981	0.01567	0.00719	0.00579	0.00189	0.00501	0.00617	0.00518	0.00906
17	0.01387	0.00627	0.00703	0.00637	0.00836	0.00599	0.00494	0.01644	0.01293	0.18072	0.01949	0.02093	0.01455	0.00675	0.00437	0.00143	0.00314	0.00542	0.65473	0.00627
18	0.00723	0.00581	0.00644	0.00629	0.00801	0.00503	0.00471	0.00912	0.01414	0.01808	0.30454	0.05072	0.51274	0.01351	0.00676	0.00188	0.00283	0.01147	0.00566	0.00503
19	0.00680	0.00562	0.00597	0.00626	0.00785	0.00479	0.00455	0.00816	0.01259	0.01527	0.05230	0.21322	0.60645	0.01522	0.00688	0.00202	0.00299	0.01297	0.00531	0.00479
20	0.01387	0.00627	0.00703	0.00637	0.00836	0.00599	0.00494	0.01644	0.01293	0.18072	0.01949	0.02093	0.01455	0.00675	0.00437	0.00143	0.00314	0.00542	0.65473	0.00627
21	0.01292	0.01430	0.03020	0.18675	0.03192	0.01409	0.58725	0.01753	0.01306	0.01753	0.01127	0.01539	0.00845	0.00501	0.00653	0.00192	0.00921	0.00639	0.00282	0.00742
22	0.01383	0.50632	0.31325	0.01228	0.01854	0.01905	0.01413	0.01751	0.01180	0.01524	0.00884	0.01029	0.00730	0.00510	0.00435	0.00145	0.00701	0.00351	0.00243	0.00777
23	0.00697	0.00498	0.00664	0.00796	0.00830	0.00465	0.00531	0.00796	0.01095	0.01460	0.03153	0.79525	0.03783	0.01792	0.00730	0.00232	0.00332	0.01626	0.00531	0.00465
24	0.00726	0.00510	0.00655	0.00760	0.00786	0.00484	0.00492	0.00804	0.01039	0.01385	0.02864	0.63331	0.03419	0.18482	0.01196	0.00301	0.00379	0.01456	0.00492	0.00439
25	0.01111	0.01058	0.01478	0.01322	0.01334	0.01425	0.01071	0.01235	0.00925	0.01392	0.01303	0.18027	0.01433	0.01335	0.05433	0.00280	0.58193	0.00747	0.00313	0.00586
26	0.01506	0.63358	0.02633	0.01018	0.01472	0.02084	0.00963	0.01996	0.17004	0.01569	0.01123	0.01177	0.00950	0.00551	0.00413	0.00138	0.00578	0.00379	0.00317	0.00771
27	0.01051	0.00525	0.00578	0.00578	0.00683	0.00525	0.00421	0.01207	0.01102	0.01889	0.01680	0.02048	0.01365	0.00949	0.00792	0.17917	0.00316	0.00525	0.65375	0.00472
28	0.00770	0.00565	0.00721	0.00720	0.00840	0.00517	0.00526	0.00989	0.01470	0.02028	0.52229	0.20497	0.13333	0.01335	0.00687	0.00193	0.00285	0.01181	0.00597	0.00517
29	0.01854	0.01384	0.01474	0.01159	0.01560	0.01498	0.00948	0.58695	0.02393	0.03165	0.02318	0.02256	0.17026	0.00849	0.00594	0.00176	0.00557	0.00663	0.00563	0.00868
30	0.00703	0.00502	0.00669	0.00793	0.00831	0.00468	0.00531	0.00811	0.01121	0.01502	0.06809	0.75749	0.03864	0.01761	0.00727	0.00230	0.00329	0.01596	0.00536	0.00468
31	0.01350	0.01543	0.03375	0.02411	0.02989	0.01446	0.74253	0.01832	0.01350	0.01832	0.01157	0.01543	0.00868	0.00482	0.00675	0.00193	0.00964	0.00675	0.00289	0.00771
32	0.01186	0.01017	0.01186	0.00847	0.01356	0.00762	0.00678	0.01440	0.01186	0.01864	0.01017	0.01186	0.00847	0.00424	0.00424	0.00085	0.00424	0.00339	0.00339	0.83395
33	0.01066	0.00533	0.00533	0.00533	0.00666	0.00533	0.00400	0.01333	0.01200	0.02132	0.01866	0.02132	0.01466	0.00666	0.00400	0.00133	0.00267	0.00533	0.83073	0.00533
34	0.00922	0.00658	0.00922	0.01053	0.01185	0.00658	0.00922	0.01185	0.01317	0.01712	0.03029	0.06452	0.03292	0.01580	0.00790	0.00263	0.00527	0.72480	0.00527	0.00527
35	0.01251	0.01251	0.01752	0.01502	0.01502	0.01752	0.01251	0.01377	0.00876	0.01377	0.00751	0.01251	0.00751	0.01001	0.01877	0.00250	0.78851	0.00501	0.00250	0.00626
36	0.01362	0.01164	0.01241	0.01120	0.01424	0.01335	0.00869	0.02844	0.67944	0.02383	0.09683	0.02347	0.02110	0.00815	0.00591	0.00193	0.00434	0.00685	0.00587	0.00869
37	0.00832	0.00555	0.00624	0.00624	0.00624	0.00555	0.00347	0.00832	0.00832	0.01109	0.01802	0.03743	0.02080	0.79898	0.02911	0.00555	0.00555	0.00832	0.00347	0.00347
38	0.01066	0.00533	0.00533	0.00533	0.00666	0.00533	0.00400	0.01333	0.01200	0.02132	0.01866	0.02132	0.01466	0.00666	0.00400	0.00133	0.00267	0.00533	0.83073	0.00533
39	0.06015	0.01013	0.01328	0.01022	0.01462	0.00910	0.00844	0.06584	0.01665	0.69640	0.02147	0.01873	0.01358	0.00699	0.00566	0.00177	0.00492	0.00561	0.00686	0.00958
40	0.02566	0.00973	0.01327	0.01018	0.01460	0.00841	0.00841	0.02788	0.01637	0.76726	0.02257	0.01947	0.01416	0.00708	0.00575	0.00177	0.00487	0.00575	0.00708	0.00973
41	0.01066	0.00533	0.00533	0.00533	0.00666	0.00533	0.00400	0.01333	0.01200	0.02132	0.01866	0.02132	0.01466	0.00666	0.00400	0.00133	0.00267	0.00533	0.83073	0.00533
42	0.00817	0.00613	0.00919	0.00919	0.01021	0.00715	0.00715	0.01021	0.00919	0.01328	0.01532	0.02247	0.01430	0.04290	0.77631	0.00919	0.01532	0.00613	0.00306	0.00511

[dist]
# distance from previous block
# <min> <max>
0	1

[block]
# block no. 1 follows, 41 sequences, length 10
# corresponding to MSA columns:
# 459-468
name=unknown_B
#
# <colnr> <probs for GDERKNQSTAVLIFYWHMCP>
#	G	D	E	R	K	N	Q	S	T	A	V	L	I	F	Y	W	H	M	C	P
0	0.83938	0.01106	0.00841	0.00752	0.01106	0.01283	0.00619	0.01681	0.00973	0.02566	0.00796	0.00929	0.00619	0.00531	0.00354	0.00177	0.00442	0.00310	0.00354	0.00619
1	0.00994	0.00497	0.00745	0.00745	0.00745	0.00497	0.00497	0.00745	0.00745	0.00994	0.00994	0.01739	0.00994	0.01987	0.02235	0.83358	0.00497	0.00497	0.00248	0.00248
2	0.00922	0.00658	0.00922	0.01053	0.01185	0.00658	0.00922	0.01185	0.01317	0.01712	0.03029	0.06452	0.03292	0.01580	0.00790	0.00263	0.00527	0.72480	0.00527	0.00527
3	0.01147	0.02959	0.76934	0.01630	0.02476	0.01328	0.02113	0.01811	0.01208	0.01811	0.01026	0.01208	0.00725	0.00543	0.00543	0.00181	0.00845	0.00423	0.00242	0.00845
4	0.01043	0.00976	0.01611	0.71347	0.03648	0.01198	0.01482	0.01402	0.01158	0.01469	0.01457	0.01891	0.07699	0.00653	0.00581	0.00191	0.00719	0.00573	0.00280	0.00621
5	0.02174	0.01602	0.01717	0.01316	0.01774	0.01774	0.01087	0.74423	0.02689	0.03605	0.01373	0.01373	0.00973	0.00687	0.00572	0.00172	0.00629	0.00515	0.00572	0.00973
6	0.02117	0.01434	0.01581	0.01240	0.01673	0.01558	0.01015	0.50513	0.14456	0.15823	0.01680	0.01596	0.01175	0.00705	0.00574	0.00176	0.00576	0.00547	0.00597	0.00962
7	0.00755	0.00549	0.00762	0.07939	0.01099	0.00546	0.00615	0.00858	0.01066	0.01415	0.02765	0.63691	0.03261	0.06783	0.00930	0.04214	0.00394	0.01417	0.00480	0.00462
8	0.01141	0.00606	0.00613	0.00586	0.00741	0.00617	0.00446	0.06285	0.01300	0.02232	0.01833	0.02081	0.01433	0.00668	0.00412	0.00136	0.00291	0.00532	0.77484	0.00563
9	0.01186	0.01017	0.01186	0.00847	0.01356	0.00762	0.00678	0.01440	0.01186	0.01864	0.01017	0.01186	0.00847	0.00424	0.00424	0.00085	0.00424	0.00339	0.00339	0.83395

[dist]
# distance from previous block
# <min> <max>
5	14

[block]
# block no. 2 follows, 41 sequences, length 9
# corresponding to MSA columns:
# 483-491
name=unknown_C
#
# <colnr> <probs for GDERKNQSTAVLIFYWHMCP>
#	G	D	E	R	K	N	Q	S	T	A	V	L	I	F	Y	W	H	M	C	P
0	0.01147	0.02959	0.76934	0.01630	0.02476	0.01328	0.02113	0.01811	0.01208	0.01811	0.01026	0.01208	0.00725	0.00543	0.00543	0.00181	0.00845	0.00423	0.00242	0.00845
1	0.01057	0.00878	0.01456	0.57748	0.03086	0.01064	0.01297	0.01270	0.01037	0.01336	0.01010	0.01582	0.00824	0.00950	0.01016	0.22405	0.00692	0.00505	0.00253	0.00532
2	0.00784	0.00696	0.00883	0.21399	0.01618	0.00693	0.00743	0.00992	0.01261	0.01523	0.04518	0.04442	0.55975	0.01214	0.00648	0.00192	0.00416	0.01021	0.00457	0.00524
3	0.01077	0.00607	0.00686	0.06594	0.00961	0.00651	0.00534	0.01345	0.01179	0.02043	0.01744	0.02041	0.01376	0.00676	0.00488	0.00144	0.04264	0.00530	0.72516	0.00546
4	0.01254	0.01152	0.01906	0.02765	0.56170	0.01140	0.01431	0.01575	0.01387	0.01982	0.21096	0.02179	0.02106	0.00686	0.00595	0.00173	0.00570	0.00650	0.00376	0.00808
5	0.01752	0.02131	0.01365	0.01293	0.01518	0.56998	0.00952	0.01887	0.01480	0.01416	0.01490	0.21997	0.01550	0.00911	0.00573	0.00170	0.00845	0.00704	0.00358	0.00610
6	0.01489	0.01333	0.01741	0.05337	0.01697	0.01734	0.01225	0.20892	0.01374	0.01976	0.00931	0.01298	0.00811	0.00895	0.01463	0.00226	0.54019	0.00505	0.00336	0.00719
7	0.00696	0.00586	0.00607	0.00618	0.00806	0.00497	0.00474	0.00851	0.01305	0.01559	0.05569	0.05582	0.70171	0.01459	0.00685	0.00199	0.00309	0.07009	0.00531	0.00486
8	0.00697	0.00498	0.00664	0.00796	0.00830	0.00465	0.00531	0.00796	0.01095	0.01460	0.03153	0.79525	0.03783	0.01792	0.00730	0.00232	0.00332	0.01626	0.00531	0.00465

[dist]
# distance from previous block
# <min> <max>
1	13

[block]
# block no. 3 follows, 41 sequences, length 26
# corresponding to MSA columns:
# 505-530
name=unknown_D
#
# <colnr> <probs for GDERKNQSTAVLIFYWHMCP>
#	G	D	E	R	K	N	Q	S	T	A	V	L	I	F	Y	W	H	M	C	P
0	0.08366	0.01338	0.02197	0.03279	0.69994	0.01353	0.01660	0.01749	0.01275	0.01927	0.01052	0.01375	0.00882	0.00511	0.00548	0.00170	0.00660	0.00493	0.00289	0.00882
1	0.09127	0.01196	0.01227	0.08598	0.01547	0.05430	0.00860	0.31660	0.01813	0.02675	0.01427	0.01589	0.01076	0.00649	0.00490	0.00160	0.00524	0.00494	0.28721	0.00740
2	0.04859	0.01021	0.01676	0.74977	0.03810	0.01271	0.01544	0.01471	0.01136	0.01512	0.01007	0.01498	0.00756	0.00570	0.00562	0.00190	0.00748	0.00499	0.00259	0.00635
3	0.02034	0.01643	0.01658	0.04835	0.01839	0.09166	0.01091	0.55794	0.10863	0.03151	0.01419	0.01434	0.01029	0.00682	0.00568	0.00173	0.00655	0.00515	0.00532	0.00919
4	0.01175	0.08646	0.71494	0.01582	0.02401	0.01397	0.02030	0.01804	0.01204	0.01777	0.01009	0.01186	0.00725	0.00539	0.00530	0.00177	0.00828	0.00414	0.00242	0.00837
5	0.01183	0.10283	0.69927	0.01569	0.02380	0.01417	0.02006	0.01802	0.01203	0.01767	0.01005	0.01180	0.00725	0.00538	0.00527	0.00176	0.00823	0.00412	0.00242	0.00835
6	0.01529	0.80242	0.02997	0.00979	0.01468	0.02263	0.00979	0.01713	0.01162	0.01346	0.00795	0.00918	0.00734	0.00489	0.00367	0.00122	0.00612	0.00306	0.00245	0.00734
7	0.00790	0.00579	0.00772	0.03236	0.00968	0.00549	0.00596	0.01010	0.01421	0.01960	0.44857	0.25655	0.07218	0.01368	0.00696	0.00202	0.00324	0.06703	0.00578	0.00518
8	0.01215	0.01195	0.02145	0.39790	0.17931	0.01336	0.16572	0.01587	0.01201	0.01635	0.01065	0.01506	0.00834	0.00575	0.00680	0.00189	0.06386	0.00543	0.02900	0.00714
9	0.08679	0.01563	0.01647	0.01271	0.01721	0.01735	0.01050	0.68636	0.02553	0.03522	0.01327	0.01338	0.00945	0.00674	0.00555	0.00172	0.00615	0.00499	0.00555	0.00945
10	0.00914	0.00653	0.00913	0.01044	0.01172	0.00651	0.00908	0.01171	0.01309	0.01703	0.03033	0.09045	0.03309	0.01588	0.00788	0.00262	0.00520	0.69966	0.00527	0.00524
11	0.01833	0.55403	0.02487	0.01015	0.01482	0.05826	0.00949	0.02024	0.01311	0.21118	0.01183	0.01193	0.00913	0.00552	0.00429	0.00138	0.00601	0.00380	0.00369	0.00793
12	0.02477	0.01113	0.01380	0.01071	0.01506	0.03798	0.00879	0.10554	0.03716	0.64016	0.02112	0.01856	0.01351	0.00703	0.00573	0.00176	0.00521	0.00563	0.00675	0.00960
13	0.01094	0.01044	0.01802	0.74547	0.03890	0.01280	0.05385	0.01481	0.01155	0.01481	0.01024	0.01526	0.00768	0.00567	0.00577	0.00191	0.00773	0.00517	0.00256	0.00643
14	0.02137	0.02726	0.01621	0.01474	0.01768	0.77602	0.01105	0.02284	0.01621	0.01400	0.00884	0.01031	0.00737	0.00589	0.00516	0.00147	0.01031	0.00368	0.00295	0.00663
15	0.01397	0.01340	0.02288	0.07709	0.72278	0.01354	0.01746	0.01739	0.01294	0.01846	0.01073	0.01422	0.00898	0.00513	0.00567	0.00171	0.00684	0.00510	0.00282	0.00891
16	0.00676	0.00579	0.00579	0.00579	0.00773	0.00483	0.00435	0.00821	0.01304	0.01545	0.05794	0.05505	0.76098	0.01449	0.00676	0.00193	0.00290	0.01207	0.00531	0.00483
17	0.01393	0.01203	0.01265	0.01140	0.01459	0.01385	0.00886	0.02950	0.72318	0.02359	0.02468	0.02270	0.04739	0.00803	0.00586	0.00194	0.00446	0.00669	0.00580	0.00888
18	0.01350	0.01543	0.03375	0.02411	0.02989	0.01446	0.74253	0.01832	0.01350	0.01832	0.01157	0.01543	0.00868	0.00482	0.00675	0.00193	0.00964	0.00675	0.00289	0.00771
19	0.01529	0.80242	0.02997	0.00979	0.01468	0.02263	0.00979	0.01713	0.01162	0.01346	0.00795	0.00918	0.00734	0.00489	0.00367	0.00122	0.00612	0.00306	0.00245	0.00734
20	0.00922	0.00658	0.00922	0.01053	0.01185	0.00658	0.00922	0.01185	0.01317	0.01712	0.03029	0.06452	0.03292	0.01580	0.00790	0.00263	0.00527	0.72480	0.00527	0.00527
21	0.00697	0.00498	0.00664	0.00796	0.00830	0.00465	0.00531	0.00796	0.01095	0.01460	0.03153	0.79525	0.03783	0.01792	0.00730	0.00232	0.00332	0.01626	0.00531	0.00465
22	0.01350	0.01543	0.03375	0.02411	0.02989	0.01446	0.74253	0.01832	0.01350	0.01832	0.01157	0.01543	0.00868	0.00482	0.00675	0.00193	0.00964	0.00675	0.00289	0.00771
23	0.01186	0.01017	0.01186	0.00847	0.01356	0.00762	0.00678	0.01440	0.01186	0.01864	0.01017	0.01186	0.00847	0.00424	0.00424	0.00085	0.00424	0.00339	0.00339	0.83395
24	0.01416	0.01359	0.02322	0.03511	0.76330	0.01359	0.01755	0.01755	0.01302	0.01869	0.01076	0.01416	0.00906	0.00510	0.00566	0.00170	0.00680	0.00510	0.00283	0.00906
25	0.00803	0.00584	0.00756	0.00713	0.00851	0.00537	0.00535	0.01067	0.01604	0.02257	0.72590	0.04333	0.08859	0.01183	0.00675	0.00181	0.00271	0.01043	0.00625	0.00537

[dist]
# distance from previous block
# <min> <max>
0	4

[block]
# block no. 4 follows, 41 sequences, length 22
# corresponding to MSA columns:
# 535-556
name=unknown_E
#
# <colnr> <probs for GDERKNQSTAVLIFYWHMCP>
#	G	D	E	R	K	N	Q	S	T	A	V	L	I	F	Y	W	H	M	C	P
0	0.02171	0.01695	0.01709	0.01329	0.01773	0.08024	0.01089	0.68477	0.02601	0.03423	0.01333	0.01345	0.00953	0.00679	0.00568	0.00170	0.00663	0.00503	0.00549	0.00947
1	0.01480	0.70376	0.12437	0.01062	0.01597	0.02144	0.01124	0.01725	0.01168	0.01405	0.00825	0.00955	0.00733	0.00496	0.00390	0.00130	0.00642	0.00321	0.00244	0.00748
2	0.01179	0.09329	0.70840	0.01577	0.02393	0.01405	0.02020	0.01803	0.01204	0.01773	0.01007	0.01184	0.00725	0.00539	0.00529	0.00176	0.00826	0.00413	0.00242	0.00836
3	0.01169	0.07350	0.72733	0.01593	0.02418	0.01382	0.02049	0.01806	0.01205	0.01785	0.01013	0.01191	0.00725	0.00540	0.00533	0.00178	0.00832	0.00416	0.00242	0.00839
4	0.78131	0.01097	0.00875	0.00771	0.01131	0.01252	0.00635	0.01760	0.01021	0.07859	0.00901	0.01002	0.00676	0.00544	0.00370	0.00177	0.00446	0.00329	0.00379	0.00645
5	0.02174	0.01602	0.01717	0.01316	0.01774	0.01774	0.01087	0.74423	0.02689	0.03605	0.01373	0.01373	0.00973	0.00687	0.00572	0.00172	0.00629	0.00515	0.00572	0.00973
6	0.02174	0.01602	0.01717	0.01316	0.01774	0.01774	0.01087	0.74423	0.02689	0.03605	0.01373	0.01373	0.00973	0.00687	0.00572	0.00172	0.00629	0.00515	0.00572	0.00973
7	0.01290	0.31887	0.49259	0.01386	0.02098	0.01678	0.01689	0.01774	0.01191	0.01637	0.00940	0.01099	0.00728	0.00523	0.00477	0.00159	0.00758	0.00379	0.00243	0.00804
8	0.01346	0.59782	0.02463	0.00963	0.01353	0.01865	0.00911	0.01535	0.01100	0.01341	0.00985	0.01259	0.00913	0.01466	0.20219	0.00327	0.00848	0.00385	0.00261	0.00677
9	0.00697	0.00498	0.00664	0.00796	0.00830	0.00465	0.00531	0.00796	0.01095	0.01460	0.03153	0.79525	0.03783	0.01792	0.00730	0.00232	0.00332	0.01626	0.00531	0.00465
10	0.00732	0.00512	0.00653	0.00752	0.00777	0.00488	0.00484	0.00806	0.01027	0.01370	0.02806	0.60053	0.03345	0.21861	0.01291	0.00315	0.00389	0.01422	0.00484	0.00434
11	0.01176	0.11163	0.66344	0.01529	0.02311	0.01401	0.01937	0.01775	0.01217	0.01778	0.03623	0.01284	0.00889	0.00560	0.00529	0.00175	0.00800	0.00432	0.00255	0.00823
12	0.00707	0.00502	0.00661	0.00784	0.00815	0.00471	0.00518	0.00799	0.01076	0.01435	0.03056	0.74116	0.03662	0.07367	0.00886	0.00255	0.00348	0.01569	0.00518	0.00456
13	0.02174	0.01602	0.01717	0.01316	0.01774	0.01774	0.01087	0.74423	0.02689	0.03605	0.01373	0.01373	0.00973	0.00687	0.00572	0.00172	0.00629	0.00515	0.00572	0.00973
14	0.01529	0.80242	0.02997	0.00979	0.01468	0.02263	0.00979	0.01713	0.01162	0.01346	0.00795	0.00918	0.00734	0.00489	0.00367	0.00122	0.00612	0.00306	0.00245	0.00734
15	0.01207	0.01147	0.01003	0.00923	0.01109	0.20350	0.00695	0.01444	0.01620	0.04472	0.54334	0.03365	0.04071	0.01005	0.00631	0.00171	0.00473	0.00848	0.00546	0.00585
16	0.01529	0.80242	0.02997	0.00979	0.01468	0.02263	0.00979	0.01713	0.01162	0.01346	0.00795	0.00918	0.00734	0.00489	0.00367	0.00122	0.00612	0.00306	0.00245	0.00734
17	0.02174	0.01602	0.01717	0.01316	0.01774	0.01774	0.01087	0.74423	0.02689	0.03605	0.01373	0.01373	0.00973	0.00687	0.00572	0.00172	0.00629	0.00515	0.00572	0.00973
18	0.01245	0.22816	0.57937	0.01463	0.02217	0.01569	0.01822	0.01786	0.01196	0.01692	0.00967	0.01133	0.00727	0.00530	0.00498	0.00166	0.00785	0.00393	0.00242	0.00817
19	0.01983	0.01450	0.01566	0.01223	0.01629	0.01591	0.00998	0.63911	0.02452	0.03271	0.01662	0.01694	0.06336	0.00834	0.00698	0.06110	0.00596	0.00563	0.00546	0.00886
20	0.02174	0.01602	0.01717	0.01316	0.01774	0.01774	0.01087	0.74423	0.02689	0.03605	0.01373	0.01373	0.00973	0.00687	0.00572	0.00172	0.00629	0.00515	0.00572	0.00973
21	0.01529	0.80242	0.02997	0.00979	0.01468	0.02263	0.00979	0.01713	0.01162	0.01346	0.00795	0.00918	0.00734	0.00489	0.00367	0.00122	0.00612	0.00306	0.00245	0.00734

[dist]
# distance from previous block
# <min> <max>
1	5

[block]
# block no. 5 follows, 41 sequences, length 13
# corresponding to MSA columns:
# 564-576
name=unknown_F
#
# <colnr> <probs for GDERKNQSTAVLIFYWHMCP>
#	G	D	E	R	K	N	Q	S	T	A	V	L	I	F	Y	W	H	M	C	P
0	0.05698	0.01441	0.01608	0.01248	0.01698	0.01515	0.01022	0.50321	0.02344	0.24433	0.01662	0.01606	0.01144	0.00728	0.00591	0.00185	0.00602	0.00544	0.00621	0.00988
1	0.01305	0.01404	0.02681	0.01986	0.02393	0.01461	0.45670	0.01661	0.01198	0.01706	0.01027	0.01422	0.00832	0.00624	0.00991	0.00198	0.23096	0.00590	0.00283	0.09472
2	0.01291	0.01079	0.01242	0.00897	0.01400	0.00869	0.00721	0.09162	0.01345	0.02048	0.01054	0.01206	0.00860	0.00451	0.00439	0.00094	0.00445	0.00358	0.00364	0.74674
3	0.00901	0.00658	0.00852	0.00815	0.00935	0.00679	0.00587	0.03458	0.01003	0.01426	0.01714	0.09805	0.01771	0.26360	0.35222	0.00613	0.00946	0.00740	0.02272	0.09243
4	0.00892	0.00721	0.00844	0.00737	0.00997	0.00609	0.00567	0.01147	0.03163	0.01909	0.27709	0.06203	0.24761	0.01062	0.00606	0.00161	0.00333	0.02933	0.00510	0.24133
5	0.00934	0.00773	0.01050	0.00983	0.01068	0.00889	0.00778	0.01144	0.01323	0.01888	0.39844	0.11584	0.03700	0.01227	0.01034	0.00214	0.22688	0.07823	0.00501	0.00555
6	0.01147	0.00821	0.01343	0.01068	0.01328	0.00793	0.21440	0.01475	0.01242	0.02047	0.01664	0.01965	0.01296	0.00614	0.00478	0.00150	0.00465	0.00574	0.59489	0.00601
7	0.00965	0.00892	0.01392	0.56318	0.03037	0.01046	0.01260	0.01279	0.01189	0.01485	0.02378	0.02659	0.22225	0.00822	0.00602	0.00191	0.00628	0.00707	0.00333	0.00592
8	0.01292	0.01946	0.24331	0.02188	0.02843	0.01413	0.53701	0.01826	0.01309	0.01826	0.01120	0.01447	0.00827	0.00500	0.00638	0.00190	0.00930	0.00603	0.00276	0.00793
9	0.01168	0.00731	0.00750	0.00713	0.00900	0.00787	0.00544	0.01819	0.22309	0.02207	0.01998	0.02133	0.01546	0.00698	0.00452	0.00151	0.00320	0.00565	0.59573	0.00639
10	0.01186	0.01017	0.01186	0.00847	0.01356	0.00762	0.00678	0.01440	0.01186	0.01864	0.01017	0.01186	0.00847	0.00424	0.00424	0.00085	0.00424	0.00339	0.00339	0.83395
11	0.26455	0.04005	0.29758	0.01139	0.01612	0.01167	0.01223	0.01544	0.01052	0.01891	0.01093	0.01410	0.00894	0.01605	0.22442	0.00388	0.00911	0.00439	0.00295	0.00677
12	0.01009	0.00842	0.01188	0.01096	0.01184	0.01059	0.00876	0.04783	0.00993	0.01449	0.01310	0.01964	0.01233	0.05401	0.49999	0.00681	0.23486	0.00582	0.00305	0.00562

[dist]
# distance from previous block
# <min> <max>
9	33

[block]
# block no. 6 follows, 41 sequences, length 9
# corresponding to MSA columns:
# 614-622
name=unknown_G
#
# <colnr> <probs for GDERKNQSTAVLIFYWHMCP>
#	G	D	E	R	K	N	Q	S	T	A	V	L	I	F	Y	W	H	M	C	P
0	0.15172	0.01298	0.01468	0.05416	0.01657	0.03670	0.06731	0.31237	0.08205	0.02638	0.02679	0.01718	0.01175	0.08897	0.00779	0.00214	0.00595	0.00544	0.05142	0.00767
1	0.05998	0.07876	0.52528	0.01423	0.02143	0.01362	0.01703	0.07587	0.01322	0.04444	0.01065	0.01208	0.00772	0.00546	0.00514	0.00168	0.00741	0.00413	0.00298	0.07888
2	0.01244	0.01372	0.17067	0.01185	0.01612	0.00986	0.07134	0.01767	0.12672	0.08292	0.01752	0.10913	0.01579	0.09011	0.00817	0.00212	0.00574	0.03662	0.00415	0.17734
3	0.49300	0.01541	0.09518	0.01017	0.01427	0.09283	0.00910	0.13745	0.01377	0.02521	0.04024	0.01182	0.00898	0.00590	0.00441	0.00174	0.00572	0.00392	0.00383	0.00704
4	0.15168	0.01040	0.01209	0.00983	0.01363	0.01024	0.00793	0.10505	0.08057	0.36549	0.04531	0.07954	0.01560	0.00768	0.00546	0.00177	0.00469	0.00617	0.00584	0.06104
5	0.01482	0.00894	0.01121	0.00913	0.01230	0.00806	0.01967	0.06726	0.03861	0.21223	0.11248	0.06669	0.02045	0.13372	0.00939	0.00221	0.00464	0.02958	0.00512	0.21349
6	0.01228	0.01333	0.06392	0.11673	0.11421	0.01253	0.30788	0.01751	0.08949	0.01782	0.01393	0.06409	0.01169	0.00934	0.07196	0.00249	0.00831	0.00656	0.00330	0.04260
7	0.01765	0.00909	0.01125	0.00935	0.01268	0.00857	0.00741	0.03757	0.13673	0.35031	0.09235	0.08765	0.01999	0.00826	0.00567	0.00172	0.00422	0.00694	0.09204	0.08056
8	0.01474	0.01165	0.01364	0.01137	0.01468	0.08908	0.07664	0.07169	0.10030	0.13160	0.02032	0.21169	0.03596	0.00917	0.00592	0.00174	0.00539	0.00801	0.00483	0.16157

[dist]
# distance from previous block
# <min> <max>
0	1

[block]
# block no. 7 follows, 41 sequences, length 6
# corresponding to MSA columns:
# 624-629
name=unknown_H
#
# <colnr> <probs for GDERKNQSTAVLIFYWHMCP>
#	G	D	E	R	K	N	Q	S	T	A	V	L	I	F	Y	W	H	M	C	P
0	0.40492	0.01059	0.04703	0.00822	0.01143	0.01080	0.00697	0.01856	0.12195	0.06888	0.04003	0.01579	0.01204	0.00632	0.00433	0.00170	0.00420	0.00459	0.19491	0.00672
1	0.01349	0.45437	0.13850	0.01034	0.01562	0.01673	0.01059	0.01628	0.01201	0.01592	0.05243	0.01219	0.01029	0.00522	0.00425	0.00126	0.00585	0.00374	0.00288	0.19804
2	0.04186	0.01478	0.01709	0.01378	0.01758	0.18708	0.14750	0.04260	0.07240	0.25194	0.07293	0.02078	0.01561	0.00725	0.00595	0.00180	0.00689	0.04936	0.00493	0.00789
3	0.01224	0.01138	0.01691	0.01208	0.01732	0.00920	0.17646	0.01531	0.01224	0.01857	0.01049	0.01268	0.00852	0.00437	0.00482	0.00110	0.00548	0.00416	0.00327	0.64339
4	0.14371	0.01787	0.01564	0.01268	0.01673	0.19189	0.01022	0.46927	0.02187	0.02941	0.01174	0.01228	0.00866	0.00641	0.00527	0.00167	0.00694	0.00451	0.00476	0.00849
5	0.01403	0.01121	0.01240	0.01118	0.01416	0.01281	0.00873	0.02723	0.59619	0.06850	0.02205	0.02139	0.01678	0.01296	0.12083	0.00301	0.00616	0.00637	0.00549	0.00851

[dist]
# distance from previous block
# <min> <max>
4	9

[block]
# block no. 8 follows, 41 sequences, length 7
# corresponding to MSA columns:
# 639-645
name=unknown_I
#
# <colnr> <probs for GDERKNQSTAVLIFYWHMCP>
#	G	D	E	R	K	N	Q	S	T	A	V	L	I	F	Y	W	H	M	C	P
0	0.04165	0.00972	0.01324	0.19237	0.01950	0.00962	0.00961	0.05240	0.03677	0.31968	0.12323	0.02043	0.01733	0.00705	0.00565	0.00170	0.00517	0.00589	0.00527	0.10372
1	0.20794	0.01354	0.02422	0.01766	0.02280	0.01297	0.44934	0.01733	0.01235	0.02010	0.01049	0.01340	0.00806	0.00484	0.00558	0.00172	0.00753	0.00534	0.00313	0.14166
2	0.08174	0.26471	0.30132	0.01283	0.01887	0.01720	0.01399	0.18889	0.01524	0.02150	0.01018	0.01134	0.00778	0.00559	0.00480	0.00160	0.00689	0.00399	0.00330	0.00823
3	0.00880	0.00704	0.01087	0.19195	0.01682	0.00835	0.00896	0.01112	0.00966	0.01345	0.01429	0.02178	0.01316	0.08522	0.54416	0.00723	0.01285	0.00603	0.00297	0.00529
4	0.00973	0.00693	0.00904	0.12962	0.01367	0.00730	0.00728	0.01359	0.07316	0.02040	0.29264	0.06882	0.03089	0.00975	0.00591	0.00180	0.00385	0.06754	0.22228	0.00578
5	0.01008	0.00552	0.00624	0.00624	0.00750	0.00576	0.00474	0.01259	0.01133	0.01943	0.01787	0.02159	0.01458	0.01521	0.18607	0.00319	0.00565	0.00552	0.63561	0.00528
6	0.01362	0.01022	0.01203	0.00897	0.01365	0.00829	0.00716	0.04815	0.04531	0.09858	0.01325	0.05142	0.01095	0.00547	0.00468	0.00110	0.00436	0.00448	0.00408	0.63423

[dist]
# distance from previous block
# <min> <max>
0	2

[block]
# block no. 9 follows, 41 sequences, length 19
# corresponding to MSA columns:
# 648-666
name=unknown_J
#
# <colnr> <probs for GDERKNQSTAVLIFYWHMCP>
#	G	D	E	R	K	N	Q	S	T	A	V	L	I	F	Y	W	H	M	C	P
0	0.75198	0.01095	0.00915	0.05274	0.01288	0.01261	0.00686	0.01722	0.01015	0.06090	0.00880	0.01013	0.00666	0.00542	0.00377	0.00178	0.00463	0.00334	0.00365	0.00638
1	0.01980	0.01462	0.01592	0.04969	0.01766	0.01613	0.01040	0.63016	0.02461	0.03309	0.01637	0.01658	0.05343	0.00724	0.00570	0.00172	0.00598	0.00556	0.04630	0.00906
2	0.01279	0.01333	0.02206	0.01756	0.01918	0.01667	0.21672	0.01504	0.01009	0.01504	0.00865	0.01333	0.00784	0.00856	0.01541	0.00234	0.57064	0.00549	0.00261	0.00666
3	0.01978	0.01034	0.01273	0.01034	0.01385	0.01012	0.00829	0.22335	0.01850	0.36560	0.10776	0.13396	0.02104	0.00914	0.00609	0.00184	0.00479	0.00766	0.00635	0.00848
4	0.00723	0.00573	0.00650	0.00648	0.00806	0.00500	0.00480	0.00906	0.01390	0.01791	0.29372	0.12292	0.45066	0.01387	0.00681	0.00192	0.00287	0.01189	0.00565	0.00500
5	0.01376	0.00832	0.00864	0.00752	0.00976	0.00880	0.00592	0.21778	0.01616	0.02544	0.01728	0.01920	0.01328	0.00672	0.00448	0.00144	0.00368	0.00528	0.59996	0.00656
6	0.01265	0.01047	0.01143	0.01070	0.01321	0.01176	0.00812	0.06708	0.50171	0.02205	0.02501	0.23736	0.02269	0.01055	0.00623	0.00203	0.00430	0.00913	0.00567	0.00786
7	0.01486	0.00656	0.00755	0.00669	0.00888	0.00619	0.00523	0.01740	0.01322	0.22998	0.01975	0.02081	0.01452	0.00678	0.00449	0.00146	0.00328	0.00545	0.60034	0.00656
8	0.01001	0.00539	0.00558	0.00558	0.00654	0.00539	0.00385	0.01193	0.01097	0.01846	0.01848	0.02583	0.01638	0.22829	0.01102	0.00251	0.00347	0.00617	0.59933	0.00481
9	0.00796	0.00540	0.00634	0.00669	0.00678	0.00531	0.00395	0.00822	0.00901	0.01202	0.02159	0.23772	0.02530	0.59254	0.02335	0.00469	0.00496	0.01042	0.00395	0.00378
10	0.01342	0.01596	0.06146	0.02381	0.02970	0.01442	0.71535	0.01831	0.01345	0.01831	0.01152	0.01530	0.00862	0.00484	0.00670	0.00192	0.00960	0.00666	0.00287	0.00774
11	0.01349	0.01012	0.01203	0.00867	0.01368	0.00772	0.00697	0.01599	0.01239	0.10710	0.01163	0.01276	0.00914	0.00457	0.00442	0.00096	0.00431	0.00367	0.00382	0.73656
12	0.24143	0.00784	0.00899	0.00969	0.01163	0.00833	0.00837	0.01324	0.01221	0.01951	0.02404	0.04907	0.02544	0.01287	0.00668	0.00239	0.00503	0.52292	0.00478	0.00553
13	0.01549	0.00979	0.01200	0.00892	0.01359	0.00770	0.00716	0.01786	0.01308	0.22785	0.01467	0.05188	0.01148	0.00569	0.00481	0.00118	0.00437	0.00467	0.00451	0.56329
14	0.01529	0.80242	0.02997	0.00979	0.01468	0.02263	0.00979	0.01713	0.01162	0.01346	0.00795	0.00918	0.00734	0.00489	0.00367	0.00122	0.00612	0.00306	0.00245	0.00734
15	0.01099	0.01560	0.22756	0.57015	0.03530	0.01287	0.01735	0.01559	0.01162	0.01559	0.01019	0.01436	0.00752	0.00564	0.00564	0.00188	0.00786	0.00484	0.00251	0.00694
16	0.00973	0.00872	0.01421	0.56781	0.03070	0.01045	0.01293	0.01275	0.01130	0.01461	0.01614	0.23343	0.01607	0.00913	0.00616	0.00202	0.00642	0.00821	0.00332	0.00588
17	0.02039	0.00868	0.01095	0.00881	0.01217	0.00797	0.00708	0.06597	0.01539	0.47802	0.02072	0.02051	0.01435	0.04526	0.00639	0.00183	0.00437	0.00572	0.23722	0.00820
18	0.01104	0.02270	0.55623	0.01383	0.01992	0.01096	0.01661	0.01513	0.01078	0.01583	0.01017	0.01356	0.00800	0.00947	0.01017	0.23448	0.00748	0.00443	0.00243	0.00678

[dist]
# distance from previous block
# <min> <max>
11	17

[block]
# block no. 10 follows, 41 sequences, length 27
# corresponding to MSA columns:
# 685-711
name=unknown_K
#
# <colnr> <probs for GDERKNQSTAVLIFYWHMCP>
#	G	D	E	R	K	N	Q	S	T	A	V	L	I	F	Y	W	H	M	C	P
0	0.06828	0.00948	0.01187	0.00992	0.01341	0.00910	0.00803	0.03891	0.12188	0.44084	0.09011	0.06660	0.02028	0.00867	0.00595	0.00188	0.00457	0.05539	0.00637	0.00845
1	0.00970	0.00616	0.00792	0.00744	0.00907	0.00557	0.00559	0.01201	0.01524	0.10146	0.51331	0.12680	0.13331	0.01224	0.00670	0.00187	0.00303	0.01073	0.00615	0.00571
2	0.01066	0.00533	0.00533	0.00533	0.00666	0.00533	0.00400	0.01333	0.01200	0.02132	0.01866	0.02132	0.01466	0.00666	0.00400	0.00133	0.00267	0.00533	0.83073	0.00533
3	0.00890	0.00769	0.01311	0.01179	0.01349	0.00727	0.17272	0.03290	0.01202	0.01610	0.02645	0.59437	0.03036	0.01461	0.00713	0.00221	0.00484	0.01376	0.00477	0.00550
4	0.01345	0.01514	0.05530	0.12396	0.07056	0.01428	0.55307	0.04744	0.01370	0.01857	0.01139	0.01515	0.00856	0.00506	0.00647	0.00190	0.00905	0.00629	0.00294	0.00772
5	0.01168	0.00997	0.01167	0.00845	0.01336	0.00751	0.00672	0.01416	0.01183	0.01849	0.01095	0.04077	0.00956	0.00474	0.00435	0.00090	0.00420	0.00386	0.00346	0.80334
6	0.00831	0.00557	0.00637	0.00637	0.00642	0.00562	0.00363	0.00840	0.00836	0.01119	0.01790	0.03675	0.02050	0.76444	0.06325	0.00571	0.00599	0.00822	0.00345	0.00354
7	0.01066	0.00533	0.00533	0.00533	0.00666	0.00533	0.00400	0.01333	0.01200	0.02132	0.01866	0.02132	0.01466	0.00666	0.00400	0.00133	0.00267	0.00533	0.83073	0.00533
8	0.01255	0.01261	0.01807	0.01533	0.01552	0.01742	0.03732	0.01392	0.00892	0.01392	0.00765	0.01261	0.00755	0.00983	0.01836	0.00248	0.76205	0.00506	0.00252	0.00631
9	0.00755	0.00540	0.00729	0.00852	0.00914	0.00514	0.00623	0.00902	0.01175	0.01564	0.07107	0.58383	0.03757	0.01709	0.00741	0.00237	0.00374	0.18105	0.00535	0.00483
10	0.00817	0.00613	0.00919	0.00919	0.01021	0.00715	0.00715	0.01021	0.00919	0.01328	0.01532	0.02247	0.01430	0.04290	0.77631	0.00919	0.01532	0.00613	0.00306	0.00511
11	0.00994	0.00497	0.00745	0.00745	0.00745	0.00497	0.00497	0.00745	0.00745	0.00994	0.00994	0.01739	0.00994	0.01987	0.02235	0.83358	0.00497	0.00497	0.00248	0.00248
12	0.83938	0.01106	0.00841	0.00752	0.01106	0.01283	0.00619	0.01681	0.00973	0.02566	0.00796	0.00929	0.00619	0.00531	0.00354	0.00177	0.00442	0.00310	0.00354	0.00619
13	0.01066	0.00533	0.00533	0.00533	0.00666	0.00533	0.00400	0.01333	0.01200	0.02132	0.01866	0.02132	0.01466	0.00666	0.00400	0.00133	0.00267	0.00533	0.83073	0.00533
14	0.01700	0.01351	0.06022	0.01289	0.01717	0.03829	0.09251	0.04546	0.35012	0.20100	0.01931	0.01840	0.01386	0.00678	0.00575	0.00179	0.00564	0.00584	0.00531	0.06914
15	0.01080	0.01017	0.01716	0.78523	0.03940	0.01271	0.01589	0.01461	0.01144	0.01461	0.01017	0.01525	0.00762	0.00572	0.00572	0.00191	0.00762	0.00508	0.00254	0.00635
16	0.01279	0.00949	0.01069	0.00964	0.01252	0.00981	0.00761	0.02119	0.34341	0.09943	0.09624	0.03313	0.16361	0.00988	0.00617	0.00190	0.00414	0.07836	0.00568	0.06433
17	0.77972	0.01096	0.00876	0.00772	0.01132	0.01251	0.00636	0.01762	0.01022	0.08004	0.00904	0.01004	0.00678	0.00544	0.00370	0.00177	0.00446	0.00329	0.00380	0.00645
18	0.01066	0.00533	0.00533	0.00533	0.00666	0.00533	0.00400	0.01333	0.01200	0.02132	0.01866	0.02132	0.01466	0.00666	0.00400	0.00133	0.00267	0.00533	0.83073	0.00533
19	0.00980	0.00796	0.01173	0.01029	0.01141	0.00839	0.10235	0.04797	0.01058	0.01442	0.01857	0.18549	0.02050	0.37728	0.06027	0.00412	0.08099	0.00914	0.00377	0.00494
20	0.83938	0.01106	0.00841	0.00752	0.01106	0.01283	0.00619	0.01681	0.00973	0.02566	0.00796	0.00929	0.00619	0.00531	0.00354	0.00177	0.00442	0.00310	0.00354	0.00619
21	0.01066	0.00533	0.00533	0.00533	0.00666	0.00533	0.00400	0.01333	0.01200	0.02132	0.01866	0.02132	0.01466	0.00666	0.00400	0.00133	0.00267	0.00533	0.83073	0.00533
22	0.00697	0.00498	0.00664	0.00796	0.00830	0.00465	0.00531	0.00796	0.01095	0.01460	0.03153	0.79525	0.03783	0.01792	0.00730	0.00232	0.00332	0.01626	0.00531	0.00465
23	0.02462	0.00950	0.01294	0.01000	0.01424	0.00823	0.00823	0.02687	0.01636	0.72327	0.06617	0.02084	0.01651	0.00735	0.00581	0.00177	0.00474	0.00602	0.00703	0.00948
24	0.01172	0.01036	0.01365	0.15352	0.01896	0.00882	0.03537	0.01459	0.01184	0.01788	0.01022	0.01262	0.00832	0.00453	0.00460	0.00108	0.00506	0.00383	0.00321	0.64981
25	0.00820	0.00550	0.00627	0.00639	0.00642	0.00547	0.00363	0.00829	0.00855	0.01140	0.01920	0.10360	0.02228	0.73078	0.02721	0.00526	0.00535	0.00901	0.00363	0.00357
26	0.01318	0.00776	0.00802	0.00711	0.00918	0.00815	0.00556	0.17913	0.01537	0.02466	0.01754	0.01960	0.01354	0.00671	0.00439	0.00142	0.00349	0.00529	0.64358	0.00633

[dist]
# distance from previous block
# <min> <max>
0	1

[block]
# block no. 11 follows, 41 sequences, length 84
# corresponding to MSA columns:
# 713-796
name=unknown_L
#
# <colnr> <probs for GDERKNQSTAVLIFYWHMCP>
#	G	D	E	R	K	N	Q	S	T	A	V	L	I	F	Y	W	H	M	C	P
0	0.12117	0.06125	0.63604	0.01485	0.02250	0.01364	0.01866	0.01790	0.01175	0.01891	0.00986	0.01158	0.00711	0.00539	0.00511	0.00178	0.00782	0.00403	0.00257	0.00811
1	0.00747	0.00587	0.00848	0.00875	0.00974	0.00540	0.05658	0.00890	0.01174	0.01550	0.07934	0.59287	0.13540	0.01615	0.00715	0.00221	0.00366	0.01466	0.00520	0.00493
2	0.07782	0.08076	0.01669	0.01385	0.01696	0.63823	0.01064	0.03887	0.01555	0.01529	0.00881	0.01028	0.00734	0.00588	0.00519	0.00150	0.02295	0.00366	0.00301	0.00672
3	0.00713	0.00509	0.00682	0.00814	0.00854	0.00478	0.00558	0.00824	0.01111	0.01478	0.03144	0.74430	0.03749	0.01777	0.00734	0.00234	0.00345	0.06566	0.00531	0.00469
4	0.62683	0.01208	0.00969	0.00856	0.01212	0.05510	0.00690	0.01890	0.11410	0.02433	0.01029	0.01119	0.00798	0.00562	0.00399	0.00172	0.00475	0.00362	0.00382	0.05842
5	0.01496	0.57167	0.15038	0.01293	0.06872	0.06761	0.01228	0.01768	0.01208	0.01462	0.00858	0.01007	0.00745	0.00506	0.00419	0.00137	0.00681	0.00343	0.00250	0.00760
6	0.01315	0.01252	0.02144	0.16237	0.56870	0.01301	0.03364	0.01655	0.01249	0.01760	0.01099	0.01495	0.00917	0.00783	0.05943	0.00226	0.00760	0.00521	0.00280	0.00829
7	0.01124	0.00589	0.00595	0.00574	0.00724	0.00597	0.00436	0.05125	0.01277	0.02209	0.01840	0.02093	0.01440	0.00667	0.00409	0.00135	0.00285	0.00532	0.78793	0.00556
8	0.00742	0.00571	0.00853	0.00909	0.00980	0.00533	0.05671	0.00869	0.01113	0.01486	0.03013	0.74088	0.03580	0.01701	0.00726	0.00230	0.00376	0.01560	0.00514	0.00486
9	0.01510	0.76402	0.06671	0.01011	0.01518	0.02217	0.01035	0.01718	0.01164	0.01369	0.00807	0.00932	0.00734	0.00492	0.00376	0.00125	0.00623	0.00312	0.00245	0.00740
10	0.78162	0.01100	0.00902	0.06174	0.01304	0.01282	0.00687	0.01666	0.00985	0.02489	0.00812	0.00971	0.00629	0.00534	0.00369	0.00178	0.00465	0.00324	0.00347	0.00621
11	0.00797	0.00584	0.00747	0.00706	0.00847	0.00534	0.00529	0.01054	0.01588	0.02221	0.69171	0.04393	0.12300	0.01197	0.00675	0.00181	0.00272	0.01051	0.00620	0.00534
12	0.00704	0.00501	0.00661	0.00787	0.00818	0.00470	0.00521	0.00798	0.01080	0.01441	0.03078	0.75315	0.03688	0.06131	0.00851	0.00250	0.00344	0.01582	0.00521	0.00458
13	0.07846	0.02420	0.01583	0.01396	0.01723	0.59240	0.01068	0.14649	0.01760	0.01860	0.00962	0.01083	0.00769	0.00602	0.00514	0.00154	0.00921	0.00390	0.00347	0.00713
14	0.08876	0.02357	0.01514	0.01363	0.01661	0.60036	0.01036	0.07696	0.01600	0.01662	0.00960	0.01134	0.00793	0.00850	0.05883	0.00206	0.00986	0.00392	0.00322	0.00673
15	0.02137	0.02726	0.01621	0.01474	0.01768	0.77602	0.01105	0.02284	0.01621	0.01400	0.00884	0.01031	0.00737	0.00589	0.00516	0.00147	0.01031	0.00368	0.00295	0.00663
16	0.01997	0.06141	0.01816	0.01440	0.01779	0.37387	0.05161	0.21606	0.01791	0.05473	0.01075	0.01212	0.00840	0.00654	0.00680	0.00167	0.09187	0.00445	0.00381	0.00767
17	0.00933	0.00687	0.00962	0.00930	0.01054	0.00794	0.00725	0.06157	0.01054	0.01524	0.01531	0.02198	0.01404	0.05577	0.65181	0.00806	0.02717	0.00605	0.04619	0.00542
18	0.01219	0.02864	0.71690	0.01608	0.02427	0.01359	0.02042	0.06874	0.01311	0.01936	0.01051	0.01219	0.00742	0.00553	0.00545	0.00180	0.00830	0.00429	0.00265	0.00854
19	0.02174	0.01602	0.01717	0.01316	0.01774	0.01774	0.01087	0.74423	0.02689	0.03605	0.01373	0.01373	0.00973	0.00687	0.00572	0.00172	0.00629	0.00515	0.00572	0.00973
20	0.01399	0.54788	0.21976	0.06553	0.01900	0.01953	0.01314	0.01721	0.01173	0.01474	0.00870	0.01035	0.00734	0.00509	0.00427	0.00142	0.00682	0.00350	0.00245	0.00756
21	0.00710	0.00581	0.00626	0.00615	0.00793	0.00497	0.00461	0.00887	0.01384	0.01735	0.23632	0.05192	0.58142	0.01378	0.00676	0.00190	0.00285	0.01163	0.00556	0.00497
22	0.00697	0.00498	0.00664	0.00796	0.00830	0.00465	0.00531	0.00796	0.01095	0.01460	0.03153	0.79525	0.03783	0.01792	0.00730	0.00232	0.00332	0.01626	0.00531	0.00465
23	0.01467	0.01356	0.02451	0.06413	0.52238	0.01338	0.17181	0.01831	0.01329	0.07062	0.01173	0.01485	0.00927	0.00520	0.00590	0.00176	0.00731	0.00550	0.00313	0.00870
24	0.02155	0.06279	0.01717	0.01483	0.01790	0.73535	0.01119	0.02288	0.01630	0.01450	0.00936	0.01103	0.00789	0.00621	0.00532	0.00156	0.01026	0.00384	0.00311	0.00694
25	0.00874	0.00654	0.00959	0.00956	0.01063	0.00747	0.00738	0.01062	0.00955	0.01381	0.01582	0.02314	0.01477	0.04294	0.76985	0.00923	0.01542	0.00629	0.00325	0.00540
26	0.00755	0.00540	0.00705	0.00834	0.00873	0.00499	0.00556	0.00839	0.01130	0.01512	0.03189	0.78920	0.03809	0.01818	0.00752	0.00242	0.00352	0.01634	0.00548	0.00494
27	0.02379	0.01162	0.01433	0.01120	0.01548	0.01116	0.00913	0.21207	0.04362	0.50958	0.05903	0.01995	0.01566	0.00764	0.00603	0.00186	0.00530	0.00603	0.00680	0.00974
28	0.01856	0.01314	0.01430	0.01194	0.01569	0.01436	0.00950	0.26325	0.36808	0.12881	0.02023	0.01927	0.01476	0.00766	0.00591	0.00191	0.00524	0.00604	0.05195	0.00942
29	0.01151	0.01070	0.01776	0.74440	0.07281	0.01303	0.01612	0.01512	0.01185	0.01532	0.01074	0.01593	0.00822	0.00605	0.00595	0.00199	0.00775	0.00526	0.00275	0.00676
30	0.81504	0.01178	0.00898	0.00806	0.01161	0.02961	0.00654	0.01730	0.01023	0.02583	0.00855	0.01009	0.00676	0.00569	0.00382	0.00186	0.00474	0.00330	0.00371	0.00649
31	0.00879	0.00688	0.01014	0.01196	0.08230	0.00651	0.03973	0.01023	0.01187	0.01597	0.02887	0.59377	0.03347	0.01612	0.00741	0.00238	0.00436	0.09855	0.00513	0.00557
32	0.01634	0.01344	0.01419	0.01231	0.01586	0.01523	0.00966	0.18193	0.59297	0.02693	0.02169	0.02040	0.01626	0.00791	0.00603	0.00199	0.00509	0.00635	0.00596	0.00945
33	0.01049	0.00539	0.00786	0.00784	0.00789	0.00531	0.00522	0.00789	0.00783	0.01049	0.01048	0.01810	0.01044	0.02011	0.02244	0.82645	0.00515	0.00514	0.00268	0.00280
34	0.01405	0.01330	0.02236	0.17493	0.62238	0.01370	0.01739	0.01735	0.01306	0.01841	0.01119	0.01510	0.00931	0.00558	0.00590	0.00184	0.00712	0.00527	0.00297	0.00881
35	0.01951	0.26292	0.02091	0.01342	0.01697	0.43262	0.01093	0.08212	0.01560	0.01621	0.00947	0.01115	0.00809	0.00626	0.00574	0.00158	0.05206	0.00388	0.00319	0.00737
