[name]
unknown

[dist]
# distance from previous block
# <min> <max>
26	296

[block]
# block no. 0 follows, 37 sequences, length 13
# corresponding to MSA columns:
# 351-363
name=unknown_A
#
# <colnr> <probs for GDERKNQSTAVLIFYWHMCP>
#	G	D	E	R	K	N	Q	S	T	A	V	L	I	F	Y	W	H	M	C	P
0	0.00954	0.00783	0.01191	0.01640	0.20893	0.00757	0.00924	0.01131	0.01232	0.01681	0.02771	0.57326	0.03214	0.01546	0.00734	0.00230	0.00456	0.01416	0.00496	0.00625
1	0.02197	0.07423	0.01877	0.05614	0.02001	0.38849	0.01195	0.29034	0.02109	0.02395	0.01147	0.01264	0.00886	0.00662	0.00568	0.00168	0.00895	0.00458	0.00422	0.00839
2	0.15933	0.01273	0.01895	0.31900	0.06259	0.01493	0.10042	0.08223	0.01342	0.02059	0.01083	0.01474	0.00845	0.00666	0.00771	0.00206	0.11212	0.00528	0.02060	0.00738
3	0.01450	0.01256	0.01826	0.07790	0.01912	0.01465	0.06878	0.01679	0.01157	0.08629	0.01082	0.01443	0.00906	0.00814	0.01292	0.00209	0.39538	0.00518	0.00340	0.19816
4	0.00787	0.00567	0.00754	0.03403	0.00978	0.00545	0.00585	0.00909	0.01194	0.01603	0.09696	0.60447	0.03896	0.10346	0.01030	0.00280	0.00391	0.01546	0.00546	0.00497
5	0.02208	0.01353	0.01563	0.01206	0.01671	0.01369	0.00987	0.35773	0.05027	0.25194	0.06032	0.01846	0.01479	0.00741	0.00601	0.00175	0.00570	0.00586	0.00630	0.10989
6	0.00840	0.00690	0.01043	0.01004	0.01137	0.00637	0.09265	0.00995	0.01218	0.01591	0.03475	0.49047	0.15898	0.08950	0.00985	0.00269	0.00452	0.01457	0.00518	0.00529
7	0.01290	0.01221	0.01670	0.12062	0.01925	0.01453	0.01188	0.01509	0.01088	0.01658	0.00938	0.01358	0.00839	0.00802	0.01298	0.00200	0.41144	0.00480	0.00300	0.27579
8	0.00988	0.00731	0.01097	0.10658	0.01444	0.00756	0.04150	0.01053	0.01060	0.01434	0.01977	0.29523	0.02187	0.08392	0.01436	0.22480	0.03969	0.01001	0.00393	0.05271
9	0.09637	0.01137	0.01591	0.09789	0.03466	0.01192	0.11029	0.14156	0.01508	0.02222	0.01722	0.17984	0.01663	0.04171	0.00772	0.00213	0.03477	0.00804	0.05220	0.08249
10	0.18064	0.01334	0.01369	0.02708	0.06364	0.05726	0.00946	0.26756	0.03900	0.02762	0.08828	0.08504	0.08448	0.00906	0.00596	0.00193	0.00563	0.00722	0.00519	0.00794
11	0.01480	0.01163	0.01326	0.01045	0.01471	0.01075	0.00824	0.22616	0.01730	0.02464	0.01661	0.16772	0.01578	0.00832	0.00567	0.00150	0.00499	0.00696	0.00478	0.41572
12	0.01302	0.08113	0.15832	0.24730	0.02731	0.01577	0.07855	0.01750	0.04637	0.01708	0.01084	0.01459	0.00868	0.00700	0.00917	0.00205	0.18707	0.00520	0.00292	0.05013

[dist]
# distance from previous block
# <min> <max>
5	19

[block]
# block no. 1 follows, 37 sequences, length 6
# corresponding to MSA columns:
# 383-388
name=unknown_B
#
# <colnr> <probs for GDERKNQSTAVLIFYWHMCP>
#	G	D	E	R	K	N	Q	S	T	A	V	L	I	F	Y	W	H	M	C	P
0	0.16192	0.07056	0.03214	0.01260	0.01632	0.01251	0.11495	0.06872	0.08701	0.09833	0.06272	0.09975	0.03530	0.00944	0.00624	0.00206	0.00584	0.09098	0.00500	0.00762
1	0.00955	0.00746	0.00935	0.05453	0.01227	0.00720	0.00680	0.01263	0.08689	0.01693	0.02594	0.44040	0.02890	0.10666	0.00980	0.00257	0.00441	0.01230	0.00499	0.14041
2	0.01512	0.01372	0.02211	0.14986	0.33248	0.01439	0.10055	0.13089	0.04089	0.02207	0.01457	0.06288	0.01258	0.00716	0.00642	0.00197	0.00733	0.03242	0.00384	0.00873
3	0.04498	0.01159	0.01477	0.01371	0.09125	0.01130	0.00987	0.07571	0.15638	0.34575	0.07990	0.02128	0.01770	0.00759	0.00605	0.00184	0.00520	0.00631	0.00625	0.07256
4	0.14724	0.01270	0.01588	0.18101	0.16422	0.06611	0.01236	0.01814	0.08339	0.02081	0.13692	0.02009	0.01768	0.00761	0.00703	0.00198	0.06928	0.00609	0.00401	0.00746
5	0.01316	0.16174	0.37481	0.01338	0.02053	0.01400	0.01528	0.01786	0.01276	0.01867	0.01050	0.01228	0.00821	0.00528	0.00504	0.00148	0.00708	0.00400	0.00294	0.28098

[dist]
# distance from previous block
# <min> <max>
10	561

# created by:
# /software/SequenceAnalysis/GenePrediction/augustus/3.0.1/scripts/msa2prfl.pl ./fixed/BUSCOvEOG7SBGD9.fas
