[name]
unknown

[dist]
# distance from previous block
# <min> <max>
18	521

[block]
# block no. 0 follows, 40 sequences, length 40
# corresponding to MSA columns:
# 600-639
name=unknown_A
#
# <colnr> <probs for GDERKNQSTAVLIFYWHMCP>
#	G	D	E	R	K	N	Q	S	T	A	V	L	I	F	Y	W	H	M	C	P
0	0.83671	0.01125	0.00855	0.00765	0.01125	0.01305	0.00630	0.01709	0.00990	0.02609	0.00810	0.00945	0.00630	0.00540	0.00360	0.00180	0.00450	0.00315	0.00360	0.00630
1	0.01555	0.79913	0.03047	0.00995	0.01493	0.02301	0.00995	0.01741	0.01182	0.01368	0.00808	0.00933	0.00746	0.00498	0.00373	0.00124	0.00622	0.00311	0.00249	0.00746
2	0.83671	0.01125	0.00855	0.00765	0.01125	0.01305	0.00630	0.01709	0.00990	0.02609	0.00810	0.00945	0.00630	0.00540	0.00360	0.00180	0.00450	0.00315	0.00360	0.00630
3	0.02172	0.02772	0.01648	0.01498	0.01798	0.77228	0.01124	0.02322	0.01648	0.01423	0.00899	0.01049	0.00749	0.00599	0.00524	0.00150	0.01049	0.00375	0.00300	0.00674
4	0.00846	0.00564	0.00634	0.00634	0.00634	0.00564	0.00352	0.00846	0.00846	0.01128	0.01832	0.03805	0.02114	0.79563	0.02960	0.00564	0.00564	0.00846	0.00352	0.00352
5	0.02609	0.00990	0.01350	0.01035	0.01484	0.00855	0.00855	0.02834	0.01664	0.76338	0.02294	0.01979	0.01439	0.00720	0.00585	0.00180	0.00495	0.00585	0.00720	0.00990
6	0.00823	0.00614	0.00768	0.00732	0.00880	0.00570	0.00547	0.01123	0.04166	0.02205	0.61303	0.07073	0.14549	0.01234	0.00685	0.00187	0.00286	0.01082	0.00622	0.00551
7	0.00823	0.00594	0.00777	0.00732	0.00869	0.00549	0.00549	0.01097	0.01646	0.02332	0.75629	0.04344	0.05487	0.01189	0.00686	0.00183	0.00274	0.01052	0.00640	0.00549
8	0.01338	0.01269	0.02153	0.20384	0.56045	0.01327	0.01706	0.01689	0.01288	0.01798	0.01175	0.01709	0.01004	0.00584	0.00588	0.00182	0.00703	0.03926	0.00293	0.00840
9	0.01254	0.02682	0.64294	0.01683	0.06481	0.01285	0.01975	0.01865	0.01279	0.06445	0.04557	0.01429	0.01009	0.00590	0.00562	0.00183	0.00801	0.00473	0.00295	0.00857
10	0.01084	0.00542	0.00542	0.00542	0.00678	0.00542	0.00407	0.01355	0.01220	0.02168	0.01897	0.02168	0.01491	0.00678	0.00407	0.00136	0.00271	0.00542	0.82791	0.00542
11	0.01122	0.01067	0.01802	0.70743	0.05797	0.01322	0.03287	0.01498	0.01159	0.01502	0.01026	0.01535	0.00781	0.00598	0.00647	0.00196	0.04483	0.00520	0.00260	0.00656
12	0.01230	0.01216	0.01626	0.13300	0.01843	0.05115	0.01210	0.01415	0.01047	0.01507	0.06300	0.04626	0.01231	0.00947	0.01434	0.00226	0.50420	0.00581	0.00300	0.04424
13	0.01056	0.00913	0.01483	0.58574	0.03210	0.01103	0.01356	0.01377	0.01156	0.01531	0.01377	0.07409	0.01215	0.00806	0.00671	0.04013	0.00679	0.04993	0.06479	0.00601
14	0.12424	0.19150	0.30211	0.01311	0.01895	0.08619	0.03386	0.04777	0.01337	0.07782	0.03372	0.01281	0.00942	0.00580	0.00497	0.00167	0.00719	0.00426	0.00331	0.00791
15	0.01494	0.05793	0.04885	0.01199	0.01551	0.05809	0.00981	0.08816	0.51689	0.02325	0.02112	0.07459	0.01692	0.00817	0.00584	0.00191	0.00528	0.00671	0.00535	0.00867
16	0.14131	0.04488	0.01813	0.36313	0.07683	0.10553	0.08042	0.01802	0.06522	0.01778	0.01087	0.01410	0.00840	0.00576	0.00542	0.00183	0.00743	0.00486	0.00308	0.00702
17	0.01315	0.01575	0.08406	0.06935	0.02919	0.01392	0.59715	0.01795	0.01338	0.01842	0.01231	0.03259	0.00954	0.00537	0.00660	0.00194	0.00917	0.00673	0.03580	0.00765
18	0.02077	0.06165	0.07915	0.01125	0.01586	0.04754	0.00991	0.06828	0.12082	0.40531	0.02011	0.01852	0.03316	0.00698	0.00561	0.00173	0.00555	0.00555	0.00577	0.05649
19	0.00819	0.00606	0.00879	0.00889	0.00981	0.00680	0.00671	0.01006	0.00987	0.01404	0.05999	0.10021	0.01967	0.09334	0.60045	0.00797	0.01293	0.00764	0.00356	0.00504
20	0.02609	0.00990	0.01350	0.01035	0.01484	0.00855	0.00855	0.02834	0.01664	0.76338	0.02294	0.01979	0.01439	0.00720	0.00585	0.00180	0.00495	0.00585	0.00720	0.00990
21	0.00924	0.00661	0.00919	0.01032	0.01167	0.00656	0.00893	0.01193	0.01374	0.01807	0.11307	0.06308	0.03589	0.01559	0.00790	0.00258	0.00506	0.63973	0.00547	0.00537
22	0.01439	0.01382	0.02360	0.03569	0.75936	0.01382	0.01785	0.01785	0.01324	0.01900	0.01094	0.01439	0.00921	0.00518	0.00576	0.00173	0.00691	0.00518	0.00288	0.00921
23	0.00704	0.00592	0.00613	0.00615	0.00805	0.00501	0.00466	0.00864	0.01346	0.01624	0.10078	0.05553	0.68835	0.01460	0.00691	0.00198	0.00302	0.03711	0.00546	0.00496
24	0.00722	0.00590	0.00637	0.00625	0.00807	0.00506	0.00469	0.00901	0.01407	0.01764	0.23623	0.05278	0.57847	0.01401	0.00687	0.00193	0.00289	0.01183	0.00565	0.00506
25	0.01532	0.63240	0.14366	0.01129	0.01670	0.06758	0.01182	0.01793	0.01217	0.01445	0.00850	0.00986	0.00745	0.00512	0.00410	0.00135	0.00685	0.00333	0.00251	0.00759
26	0.01439	0.01428	0.02214	0.14995	0.59449	0.06817	0.01711	0.01777	0.01322	0.01801	0.01070	0.01428	0.00886	0.00534	0.00573	0.00174	0.00730	0.00508	0.00284	0.00861
27	0.02298	0.01488	0.01658	0.01271	0.01733	0.01595	0.01050	0.58334	0.02499	0.19660	0.01594	0.01525	0.01088	0.00703	0.00582	0.00176	0.00608	0.00537	0.00612	0.00989
28	0.01367	0.01323	0.02303	0.18495	0.56949	0.01369	0.06224	0.01729	0.01295	0.01814	0.01087	0.01470	0.00889	0.00529	0.00584	0.00178	0.00726	0.00528	0.00282	0.00857
29	0.00709	0.00506	0.00675	0.00810	0.00843	0.00472	0.00540	0.00810	0.01113	0.01484	0.03205	0.79184	0.03846	0.01822	0.00742	0.00236	0.00337	0.01653	0.00540	0.00472
30	0.01298	0.01254	0.02171	0.08484	0.50824	0.01250	0.09633	0.01639	0.01336	0.01858	0.05854	0.02035	0.08470	0.00651	0.00606	0.00180	0.00667	0.00637	0.00331	0.00822
31	0.83671	0.01125	0.00855	0.00765	0.01125	0.01305	0.00630	0.01709	0.00990	0.02609	0.00810	0.00945	0.00630	0.00540	0.00360	0.00180	0.00450	0.00315	0.00360	0.00630
32	0.01345	0.01286	0.02190	0.24175	0.56067	0.01357	0.01738	0.01702	0.01280	0.01785	0.01077	0.01470	0.00881	0.00536	0.00577	0.00179	0.00714	0.00518	0.00280	0.00845
33	0.07094	0.02873	0.71112	0.01593	0.02417	0.01347	0.02039	0.01832	0.01211	0.01897	0.01027	0.01207	0.00729	0.00552	0.00539	0.00184	0.00830	0.00421	0.00254	0.00843
34	0.04031	0.59623	0.02692	0.01109	0.01489	0.02152	0.01047	0.01663	0.01110	0.01414	0.00798	0.01010	0.00747	0.00617	0.00721	0.00156	0.18295	0.00356	0.00253	0.00718
35	0.00895	0.00653	0.00878	0.00982	0.01125	0.00637	0.00843	0.01146	0.01356	0.01753	0.07934	0.06287	0.13691	0.01562	0.00780	0.00252	0.00485	0.57667	0.00543	0.00530
36	0.00824	0.00603	0.00782	0.00783	0.00920	0.00561	0.00608	0.01076	0.01531	0.02105	0.51737	0.08445	0.12272	0.01325	0.00710	0.00202	0.00327	0.14045	0.00606	0.00537
37	0.01462	0.51257	0.11414	0.01415	0.01960	0.01991	0.17665	0.01771	0.01222	0.01535	0.00917	0.01120	0.00777	0.00516	0.00507	0.00151	0.02881	0.00415	0.00259	0.00765
38	0.02197	0.02041	0.01710	0.01396	0.01801	0.28997	0.01112	0.48155	0.02343	0.02857	0.01217	0.01271	0.00902	0.00662	0.00561	0.00166	0.00787	0.00470	0.00480	0.00875
39	0.01166	0.03008	0.76550	0.01657	0.02517	0.01351	0.02149	0.01842	0.01228	0.01842	0.01044	0.01228	0.00737	0.00552	0.00552	0.00184	0.00859	0.00430	0.00246	0.00859

[dist]
# distance from previous block
# <min> <max>
9	13

[block]
# block no. 1 follows, 40 sequences, length 10
# corresponding to MSA columns:
# 653-662
name=unknown_B
#
# <colnr> <probs for GDERKNQSTAVLIFYWHMCP>
#	G	D	E	R	K	N	Q	S	T	A	V	L	I	F	Y	W	H	M	C	P
0	0.01473	0.01526	0.08972	0.18246	0.31389	0.01447	0.11406	0.14602	0.01540	0.02118	0.01142	0.01453	0.00881	0.00563	0.00591	0.00182	0.00754	0.00534	0.00331	0.00852
1	0.00709	0.00506	0.00675	0.00810	0.00843	0.00472	0.00540	0.00810	0.01113	0.01484	0.03205	0.79184	0.03846	0.01822	0.00742	0.00236	0.00337	0.01653	0.00540	0.00472
2	0.01037	0.00937	0.01237	0.01113	0.01145	0.01189	0.00867	0.01134	0.00962	0.01365	0.01978	0.08750	0.12441	0.20267	0.01890	0.00320	0.41702	0.00789	0.00343	0.00532
3	0.01488	0.02272	0.44280	0.07857	0.02481	0.01344	0.09700	0.09960	0.01463	0.11758	0.01260	0.01408	0.00876	0.00586	0.00577	0.00185	0.00794	0.00496	0.00351	0.00865
4	0.01083	0.04946	0.06564	0.01013	0.01220	0.01032	0.00869	0.07176	0.01537	0.02178	0.46166	0.03122	0.03639	0.01036	0.00887	0.00193	0.15370	0.00823	0.00514	0.00633
5	0.00930	0.00764	0.01106	0.01050	0.01125	0.00952	0.00828	0.01108	0.00920	0.01349	0.01396	0.02142	0.01336	0.07712	0.56460	0.00763	0.18611	0.00610	0.00301	0.00536
6	0.01195	0.02534	0.56119	0.01622	0.02246	0.01468	0.01909	0.01721	0.01136	0.01721	0.00967	0.01240	0.00744	0.00680	0.00923	0.00203	0.22075	0.00451	0.00248	0.00798
7	0.01451	0.01236	0.01371	0.08146	0.01747	0.01430	0.00997	0.07932	0.60443	0.02410	0.02203	0.02216	0.01685	0.00793	0.00598	0.00198	0.00504	0.03195	0.00559	0.00887
8	0.03875	0.27422	0.24219	0.08261	0.02017	0.01704	0.01425	0.01753	0.01164	0.06503	0.00988	0.01210	0.00792	0.00637	0.00753	0.00179	0.15632	0.00421	0.00284	0.00762
9	0.03895	0.01328	0.08233	0.04550	0.10696	0.01257	0.01153	0.05422	0.31436	0.15545	0.02008	0.02273	0.01557	0.00778	0.00597	0.00195	0.00557	0.07121	0.00521	0.00876

[dist]
# distance from previous block
# <min> <max>
0	2

[block]
# block no. 2 follows, 40 sequences, length 10
# corresponding to MSA columns:
# 665-674
name=unknown_C
#
# <colnr> <probs for GDERKNQSTAVLIFYWHMCP>
#	G	D	E	R	K	N	Q	S	T	A	V	L	I	F	Y	W	H	M	C	P
0	0.00836	0.00616	0.00892	0.00892	0.00996	0.00703	0.00686	0.01035	0.00958	0.01383	0.01759	0.02480	0.04502	0.07325	0.67828	0.00856	0.01411	0.00654	0.03676	0.00512
1	0.00709	0.00506	0.00675	0.00810	0.00843	0.00472	0.00540	0.00810	0.01113	0.01484	0.03205	0.79184	0.03846	0.01822	0.00742	0.00236	0.00337	0.01653	0.00540	0.00472
2	0.00748	0.00614	0.00661	0.00654	0.00836	0.00543	0.00488	0.00982	0.04582	0.01749	0.18927	0.09222	0.55130	0.01408	0.00686	0.00196	0.00300	0.01192	0.00561	0.00520
3	0.00849	0.00606	0.00836	0.00970	0.01065	0.00593	0.00783	0.01052	0.01252	0.01641	0.03128	0.34639	0.03540	0.01690	0.00780	0.00256	0.00459	0.44814	0.00537	0.00511
4	0.01166	0.03008	0.76550	0.01657	0.02517	0.01351	0.02149	0.01842	0.01228	0.01842	0.01044	0.01228	0.00737	0.00552	0.00552	0.00184	0.00859	0.00430	0.00246	0.00859
5	0.00832	0.00636	0.00933	0.00943	0.01030	0.00737	0.00722	0.01017	0.00963	0.01376	0.01803	0.15577	0.01834	0.03750	0.60136	0.00779	0.05272	0.00796	0.00348	0.00517
6	0.00811	0.00594	0.00760	0.00719	0.00861	0.00543	0.00539	0.01073	0.01617	0.02262	0.69234	0.04459	0.11925	0.01215	0.00686	0.00184	0.00276	0.01068	0.00631	0.00543
7	0.04838	0.01430	0.02447	0.15624	0.02703	0.04616	0.36230	0.08168	0.01415	0.01958	0.01111	0.01444	0.00850	0.00540	0.00642	0.00178	0.03233	0.00562	0.00322	0.11689
8	0.83671	0.01125	0.00855	0.00765	0.01125	0.01305	0.00630	0.01709	0.00990	0.02609	0.00810	0.00945	0.00630	0.00540	0.00360	0.00180	0.00450	0.00315	0.00360	0.00630
9	0.83671	0.01125	0.00855	0.00765	0.01125	0.01305	0.00630	0.01709	0.00990	0.02609	0.00810	0.00945	0.00630	0.00540	0.00360	0.00180	0.00450	0.00315	0.00360	0.00630

[dist]
# distance from previous block
# <min> <max>
0	1

[block]
# block no. 3 follows, 40 sequences, length 48
# corresponding to MSA columns:
# 676-723
name=unknown_D
#
# <colnr> <probs for GDERKNQSTAVLIFYWHMCP>
#	G	D	E	R	K	N	Q	S	T	A	V	L	I	F	Y	W	H	M	C	P
0	0.00709	0.00506	0.00675	0.00810	0.00843	0.00472	0.00540	0.00810	0.01113	0.01484	0.03205	0.79184	0.03846	0.01822	0.00742	0.00236	0.00337	0.01653	0.00540	0.00472
1	0.00846	0.00564	0.00634	0.00634	0.00634	0.00564	0.00352	0.00846	0.00846	0.01128	0.01832	0.03805	0.02114	0.79563	0.02960	0.00564	0.00564	0.00846	0.00352	0.00352
2	0.01479	0.64968	0.17331	0.01124	0.01692	0.02116	0.01219	0.01761	0.01191	0.01460	0.00854	0.00990	0.00744	0.00508	0.00408	0.00136	0.00668	0.00334	0.00248	0.00768
3	0.02532	0.00973	0.01325	0.01022	0.01458	0.00841	0.00841	0.02759	0.01664	0.73141	0.05463	0.02081	0.01614	0.00740	0.00589	0.00180	0.00485	0.00605	0.00716	0.00971
4	0.00688	0.00587	0.00591	0.00595	0.00787	0.00490	0.00444	0.00834	0.01320	0.01569	0.05823	0.07467	0.73873	0.01482	0.00689	0.00197	0.00296	0.01238	0.00540	0.00490
5	0.01148	0.00933	0.00927	0.00857	0.01101	0.05790	0.00658	0.06189	0.13874	0.06686	0.08154	0.08580	0.39043	0.01209	0.00653	0.00194	0.00413	0.02395	0.00553	0.00643
6	0.01202	0.07816	0.61865	0.06585	0.02582	0.01417	0.07005	0.01814	0.01231	0.01789	0.01037	0.01253	0.00750	0.00546	0.00552	0.00182	0.00847	0.00445	0.00250	0.00833
7	0.01995	0.01626	0.01778	0.11401	0.06935	0.08104	0.01220	0.52416	0.02311	0.03034	0.01275	0.01387	0.00932	0.00669	0.00603	0.00176	0.02231	0.00509	0.00490	0.00907
8	0.22653	0.00734	0.00783	0.00729	0.00930	0.00744	0.00562	0.01239	0.01448	0.02347	0.50556	0.03544	0.09591	0.01040	0.00600	0.00183	0.00322	0.00871	0.00559	0.00566
9	0.01386	0.01318	0.02196	0.15162	0.59800	0.01372	0.01702	0.01822	0.06052	0.01869	0.01167	0.01504	0.00953	0.00546	0.00578	0.00178	0.00689	0.00527	0.00303	0.00878
10	0.00846	0.00564	0.00634	0.00634	0.00634	0.00564	0.00352	0.00846	0.00846	0.01128	0.01832	0.03805	0.02114	0.79563	0.02960	0.00564	0.00564	0.00846	0.00352	0.00352
11	0.04784	0.01043	0.01193	0.00937	0.01370	0.00924	0.00740	0.01897	0.16494	0.08987	0.01561	0.06572	0.01291	0.00628	0.00496	0.00132	0.00437	0.00516	0.00444	0.49553
12	0.01166	0.03008	0.76550	0.01657	0.02517	0.01351	0.02149	0.01842	0.01228	0.01842	0.01044	0.01228	0.00737	0.00552	0.00552	0.00184	0.00859	0.00430	0.00246	0.00859
13	0.01294	0.06124	0.01569	0.24485	0.02198	0.01182	0.01083	0.01565	0.01173	0.06478	0.01079	0.01374	0.00864	0.00594	0.00706	0.00154	0.12349	0.00440	0.02152	0.33137
14	0.01511	0.42844	0.26084	0.01306	0.01912	0.04413	0.04397	0.06825	0.01337	0.03161	0.00971	0.01109	0.00779	0.00536	0.00466	0.00152	0.00725	0.00386	0.00284	0.00803
15	0.02583	0.01031	0.01375	0.01054	0.01505	0.00916	0.00871	0.07432	0.01734	0.71643	0.02236	0.01942	0.01410	0.00718	0.00585	0.00180	0.00504	0.00581	0.00711	0.00990
16	0.18362	0.01016	0.01253	0.00982	0.01415	0.00942	0.00811	0.02615	0.01533	0.62010	0.02006	0.01778	0.01282	0.00685	0.00541	0.00180	0.00486	0.00532	0.00650	0.00920
17	0.04226	0.00585	0.00770	0.07319	0.01112	0.00586	0.00626	0.00961	0.01155	0.01636	0.07690	0.59015	0.03400	0.01542	0.00686	0.00220	0.00370	0.01384	0.06215	0.00504
18	0.00895	0.00646	0.00885	0.01010	0.01137	0.00636	0.00860	0.01136	0.01312	0.01700	0.03274	0.14709	0.08052	0.01622	0.00789	0.00260	0.00498	0.59516	0.00536	0.00525
19	0.00735	0.00567	0.00671	0.00695	0.00827	0.00503	0.00502	0.00908	0.01363	0.01779	0.26412	0.26143	0.33834	0.01485	0.00702	0.00204	0.00301	0.01295	0.00571	0.00503
20	0.01311	0.00956	0.01179	0.06436	0.01526	0.01026	0.00955	0.11179	0.17800	0.06898	0.02638	0.08044	0.05544	0.01185	0.00690	0.00224	0.00526	0.30625	0.00547	0.00711
21	0.01555	0.79913	0.03047	0.00995	0.01493	0.02301	0.00995	0.01741	0.01182	0.01368	0.00808	0.00933	0.00746	0.00498	0.00373	0.00124	0.00622	0.00311	0.00249	0.00746
22	0.00732	0.00531	0.00691	0.00777	0.00845	0.00490	0.00535	0.00874	0.01244	0.01674	0.19106	0.57846	0.09181	0.01660	0.00726	0.00222	0.00321	0.01493	0.00562	0.00490
23	0.01381	0.00829	0.00859	0.00752	0.00974	0.00875	0.00591	0.20505	0.01619	0.02563	0.01765	0.01965	0.01358	0.00683	0.00453	0.00146	0.00368	0.00537	0.61119	0.00660
24	0.06601	0.01785	0.22211	0.11410	0.33418	0.01370	0.11344	0.01771	0.01264	0.01877	0.01066	0.01381	0.00831	0.00532	0.00571	0.00182	0.00769	0.00504	0.00279	0.00836
25	0.02609	0.00990	0.01350	0.01035	0.01484	0.00855	0.00855	0.02834	0.01664	0.76338	0.02294	0.01979	0.01439	0.00720	0.00585	0.00180	0.00495	0.00585	0.00720	0.00990
26	0.00709	0.00506	0.00675	0.00810	0.00843	0.00472	0.00540	0.00810	0.01113	0.01484	0.03205	0.79184	0.03846	0.01822	0.00742	0.00236	0.00337	0.01653	0.00540	0.00472
27	0.01185	0.01180	0.06304	0.01077	0.04438	0.10738	0.00842	0.08463	0.01710	0.02291	0.50264	0.03286	0.03905	0.00991	0.00641	0.00177	0.00469	0.00846	0.00548	0.00646
28	0.01103	0.01024	0.01457	0.01300	0.01340	0.01377	0.01063	0.01261	0.00907	0.01381	0.01068	0.01660	0.01028	0.02299	0.30771	0.00515	0.49026	0.00553	0.00276	0.00591
29	0.00818	0.00616	0.00781	0.00873	0.01009	0.00579	0.00711	0.01019	0.01296	0.01643	0.03996	0.18696	0.26472	0.01601	0.00756	0.00240	0.00425	0.37422	0.00538	0.00510
30	0.01272	0.01272	0.01781	0.01527	0.01527	0.01781	0.01272	0.01399	0.00891	0.01399	0.00763	0.01272	0.00763	0.01018	0.01908	0.00254	0.78499	0.00509	0.00254	0.00636
31	0.03417	0.48449	0.02412	0.01056	0.01500	0.01892	0.03957	0.14992	0.01486	0.03640	0.01107	0.01229	0.00906	0.00563	0.00433	0.00140	0.00588	0.00402	0.11062	0.00769
32	0.01389	0.01340	0.02305	0.08307	0.65678	0.01350	0.04725	0.01737	0.01316	0.01860	0.01254	0.01591	0.03414	0.00553	0.00584	0.00176	0.00695	0.00549	0.00295	0.00883
33	0.06623	0.01780	0.01689	0.05883	0.03369	0.17243	0.01133	0.46407	0.02214	0.02885	0.01207	0.01304	0.00896	0.00672	0.00615	0.00174	0.04086	0.00480	0.00472	0.00868
34	0.00691	0.00589	0.00595	0.00593	0.00788	0.00493	0.00445	0.00842	0.01335	0.01594	0.07967	0.05559	0.73609	0.01464	0.00687	0.00196	0.00294	0.01222	0.00543	0.00493
35	0.00947	0.00622	0.00817	0.00753	0.00911	0.00570	0.00570	0.01218	0.01647	0.07460	0.70547	0.04180	0.05207	0.01156	0.00679	0.00183	0.00290	0.01019	0.00646	0.00579
36	0.01272	0.01272	0.01781	0.01527	0.01527	0.01781	0.01272	0.01399	0.00891	0.01399	0.00763	0.01272	0.00763	0.01018	0.01908	0.00254	0.78499	0.00509	0.00254	0.00636
37	0.01098	0.01034	0.01744	0.78165	0.04005	0.01292	0.01615	0.01486	0.01163	0.01486	0.01034	0.01550	0.00775	0.00581	0.00581	0.00194	0.00775	0.00517	0.00258	0.00646
38	0.01555	0.79913	0.03047	0.00995	0.01493	0.02301	0.00995	0.01741	0.01182	0.01368	0.00808	0.00933	0.00746	0.00498	0.00373	0.00124	0.00622	0.00311	0.00249	0.00746
39	0.00710	0.00514	0.00672	0.00792	0.00840	0.00476	0.00533	0.00819	0.01142	0.01513	0.05308	0.72104	0.08868	0.01781	0.00737	0.00232	0.00333	0.01608	0.00542	0.00476
40	0.01439	0.01382	0.02360	0.03569	0.75936	0.01382	0.01785	0.01785	0.01324	0.01900	0.01094	0.01439	0.00921	0.00518	0.00576	0.00173	0.00691	0.00518	0.00288	0.00921
41	0.01206	0.01034	0.01206	0.00861	0.01378	0.00775	0.00689	0.01464	0.01206	0.01895	0.01034	0.01206	0.00861	0.00431	0.00431	0.00086	0.00431	0.00345	0.00345	0.83118
42	0.01166	0.03008	0.76550	0.01657	0.02517	0.01351	0.02149	0.01842	0.01228	0.01842	0.01044	0.01228	0.00737	0.00552	0.00552	0.00184	0.00859	0.00430	0.00246	0.00859
43	0.02172	0.02772	0.01648	0.01498	0.01798	0.77228	0.01124	0.02322	0.01648	0.01423	0.00899	0.01049	0.00749	0.00599	0.00524	0.00150	0.01049	0.00375	0.00300	0.00674
44	0.00709	0.00506	0.00675	0.00810	0.00843	0.00472	0.00540	0.00810	0.01113	0.01484	0.03205	0.79184	0.03846	0.01822	0.00742	0.00236	0.00337	0.01653	0.00540	0.00472
45	0.00709	0.00506	0.00675	0.00810	0.00843	0.00472	0.00540	0.00810	0.01113	0.01484	0.03205	0.79184	0.03846	0.01822	0.00742	0.00236	0.00337	0.01653	0.00540	0.00472
46	0.00925	0.00686	0.00832	0.00790	0.00949	0.00614	0.00584	0.01137	0.01651	0.02283	0.60744	0.04695	0.19157	0.01313	0.00735	0.00208	0.00324	0.01114	0.00656	0.00602
47	0.01448	0.01916	0.17643	0.02329	0.02958	0.01512	0.56911	0.01924	0.01406	0.01957	0.01261	0.01658	0.00967	0.00597	0.00737	0.00217	0.02710	0.00668	0.00326	0.00856

[dist]
# distance from previous block
# <min> <max>
0	1

[block]
# block no. 4 follows, 40 sequences, length 66
# corresponding to MSA columns:
# 725-790
name=unknown_E
#
# <colnr> <probs for GDERKNQSTAVLIFYWHMCP>
#	G	D	E	R	K	N	Q	S	T	A	V	L	I	F	Y	W	H	M	C	P
0	0.01226	0.01125	0.01787	0.58854	0.07816	0.01378	0.01552	0.01542	0.01188	0.01604	0.01117	0.01640	0.00891	0.00698	0.00796	0.00214	0.11729	0.00543	0.03602	0.00699
1	0.01960	0.02348	0.01604	0.04531	0.01803	0.57782	0.01114	0.02109	0.01614	0.01616	0.10262	0.01613	0.01420	0.00759	0.00691	0.00179	0.07029	0.00503	0.00365	0.00697
2	0.08092	0.02196	0.42205	0.01409	0.02083	0.01256	0.01574	0.06350	0.01443	0.18351	0.01401	0.01492	0.00988	0.00641	0.00571	0.00189	0.00720	0.00480	0.00416	0.08143
3	0.01721	0.63083	0.02749	0.01083	0.01565	0.08014	0.01009	0.01887	0.01300	0.05938	0.01004	0.01140	0.00875	0.00570	0.00439	0.00143	0.00662	0.00363	0.00316	0.06139
4	0.25549	0.01380	0.01947	0.02602	0.46703	0.01429	0.03084	0.06500	0.01369	0.02293	0.01114	0.01407	0.00917	0.00591	0.00551	0.00191	0.00649	0.00489	0.00357	0.00876
5	0.02063	0.01536	0.01635	0.01290	0.01720	0.01663	0.01047	0.61525	0.05114	0.03411	0.02067	0.02057	0.10374	0.00851	0.00630	0.00193	0.00617	0.00642	0.00602	0.00963
6	0.06396	0.01303	0.01358	0.01306	0.05427	0.04423	0.00952	0.07269	0.49206	0.02410	0.02364	0.08242	0.04897	0.00908	0.00624	0.00209	0.00519	0.00736	0.00568	0.00884
7	0.01582	0.01416	0.01498	0.13926	0.02023	0.07424	0.01097	0.08071	0.50745	0.02355	0.02026	0.02025	0.01538	0.00785	0.00619	0.00206	0.00600	0.00626	0.00538	0.00900
8	0.00797	0.00570	0.00738	0.00867	0.00909	0.00525	0.00578	0.00875	0.01166	0.01563	0.03259	0.78268	0.03885	0.01860	0.00775	0.00251	0.00368	0.01664	0.00565	0.00517
9	0.01518	0.01434	0.02401	0.03590	0.75009	0.01422	0.01806	0.01837	0.01374	0.01973	0.01176	0.01551	0.00999	0.00574	0.00611	0.00188	0.00716	0.00544	0.00317	0.00960
10	0.00797	0.00570	0.00738	0.00867	0.00909	0.00525	0.00578	0.00875	0.01166	0.01563	0.03259	0.78268	0.03885	0.01860	0.00775	0.00251	0.00368	0.01664	0.00565	0.00517
11	0.15997	0.01070	0.01322	0.01045	0.01482	0.00976	0.00851	0.02688	0.01599	0.63308	0.02116	0.01914	0.01377	0.00743	0.00583	0.00195	0.00516	0.00566	0.00684	0.00969
12	0.01632	0.78928	0.03079	0.01050	0.01549	0.02329	0.01027	0.01794	0.01233	0.01448	0.00894	0.01051	0.00826	0.00554	0.00411	0.00140	0.00648	0.00340	0.00278	0.00788
13	0.00933	0.00627	0.00698	0.00694	0.00702	0.00615	0.00393	0.00910	0.00902	0.01211	0.01905	0.03886	0.02176	0.78574	0.02963	0.00574	0.00591	0.00867	0.00380	0.00399
14	0.82663	0.01181	0.00915	0.00823	0.01186	0.01346	0.00666	0.01763	0.01044	0.02673	0.00895	0.01063	0.00711	0.00595	0.00398	0.00195	0.00479	0.00344	0.00388	0.00673
15	0.00797	0.00570	0.00738	0.00867	0.00909	0.00525	0.00578	0.00875	0.01166	0.01563	0.03259	0.78268	0.03885	0.01860	0.00775	0.00251	0.00368	0.01664	0.00565	0.00517
16	0.05510	0.01052	0.01386	0.01080	0.01529	0.00918	0.00881	0.02833	0.01686	0.72847	0.02308	0.02048	0.01482	0.00767	0.00612	0.00195	0.00521	0.00601	0.00730	0.01015
17	0.01321	0.01182	0.01892	0.02719	0.50255	0.01162	0.01469	0.01595	0.01360	0.01891	0.01991	0.08881	0.05664	0.00943	0.00675	0.00213	0.00637	0.14927	0.00399	0.00825
18	0.01166	0.01036	0.01414	0.01323	0.03921	0.01278	0.01015	0.01371	0.03757	0.01761	0.19367	0.08574	0.02351	0.01490	0.09159	0.00315	0.38855	0.00777	0.00419	0.00652
19	0.01005	0.00678	0.00869	0.00806	0.00966	0.00617	0.00603	0.01250	0.01692	0.06311	0.70850	0.04292	0.05290	0.01211	0.00714	0.00198	0.00317	0.01046	0.00668	0.00616
20	0.01152	0.00922	0.01130	0.01153	0.07014	0.00944	0.00799	0.01831	0.24403	0.02397	0.46143	0.03515	0.03994	0.01059	0.00681	0.00202	0.00396	0.00907	0.00622	0.00737
21	0.05603	0.01683	0.22590	0.43413	0.11612	0.01361	0.01754	0.01686	0.01242	0.01769	0.01114	0.01526	0.00853	0.00619	0.00596	0.00203	0.00796	0.00508	0.00293	0.00778
22	0.01288	0.01091	0.01262	0.00918	0.01437	0.00824	0.00725	0.01521	0.01257	0.01968	0.01116	0.01321	0.00940	0.00488	0.00467	0.00102	0.00460	0.00373	0.00373	0.82071
23	0.00815	0.00651	0.00708	0.00696	0.00877	0.00559	0.00514	0.00972	0.01459	0.01859	0.25360	0.07307	0.53175	0.01446	0.00722	0.00209	0.00321	0.01206	0.00593	0.00551
24	0.00933	0.00627	0.00698	0.00694	0.00702	0.00615	0.00393	0.00910	0.00902	0.01211	0.01905	0.03886	0.02176	0.78574	0.02963	0.00574	0.00591	0.00867	0.00380	0.00399
25	0.01525	0.01304	0.01369	0.01236	0.01569	0.01486	0.00953	0.03125	0.73962	0.02499	0.02432	0.02272	0.01842	0.00841	0.00626	0.00212	0.00489	0.00682	0.00616	0.00959
26	0.00893	0.00657	0.00816	0.00773	0.00924	0.00593	0.00573	0.01126	0.01652	0.02305	0.66062	0.04573	0.14227	0.01271	0.00719	0.00200	0.00308	0.01093	0.00652	0.00585
27	0.01168	0.00606	0.00607	0.00603	0.00745	0.00594	0.00446	0.01413	0.01270	0.02237	0.01968	0.02270	0.01561	0.00731	0.00444	0.00151	0.00302	0.00568	0.81730	0.00586
28	0.82663	0.01181	0.00915	0.00823	0.01186	0.01346	0.00666	0.01763	0.01044	0.02673	0.00895	0.01063	0.00711	0.00595	0.00398	0.00195	0.00479	0.00344	0.00388	0.00673
29	0.01525	0.01304	0.01369	0.01236	0.01569	0.01486	0.00953	0.03125	0.73962	0.02499	0.02432	0.02272	0.01842	0.00841	0.00626	0.00212	0.00489	0.00682	0.00616	0.00959
30	0.01288	0.01091	0.01262	0.00918	0.01437	0.00824	0.00725	0.01521	0.01257	0.01968	0.01116	0.01321	0.00940	0.00488	0.00467	0.00102	0.00460	0.00373	0.00373	0.82071
31	0.01525	0.01304	0.01369	0.01236	0.01569	0.01486	0.00953	0.03125	0.73962	0.02499	0.02432	0.02272	0.01842	0.00841	0.00626	0.00212	0.00489	0.00682	0.00616	0.00959
32	0.00918	0.00686	0.00994	0.00991	0.01101	0.00776	0.00762	0.01101	0.00989	0.01430	0.01634	0.02385	0.01524	0.04366	0.76280	0.00940	0.01572	0.00648	0.00340	0.00564
33	0.00910	0.00657	0.00839	0.00790	0.00934	0.00600	0.00586	0.01159	0.01691	0.02399	0.74726	0.04417	0.05504	0.01236	0.00719	0.00198	0.00305	0.01071	0.00664	0.00593
34	0.02673	0.01048	0.01404	0.01089	0.01541	0.00902	0.00888	0.02872	0.01710	0.75427	0.02360	0.02084	0.01510	0.00773	0.00620	0.00195	0.00523	0.00610	0.00743	0.01028
35	0.01288	0.01091	0.01262	0.00918	0.01437	0.00824	0.00725	0.01521	0.01257	0.01968	0.01116	0.01321	0.00940	0.00488	0.00467	0.00102	0.00460	0.00373	0.00373	0.82071
36	0.01249	0.03039	0.75610	0.01704	0.02560	0.01392	0.02165	0.01893	0.01279	0.01915	0.01126	0.01342	0.00817	0.00608	0.00588	0.00199	0.00883	0.00457	0.00275	0.00899
37	0.00776	0.00652	0.00653	0.00650	0.00852	0.00543	0.00481	0.00899	0.01375	0.01648	0.05910	0.05653	0.74789	0.01516	0.00721	0.00211	0.00325	0.01244	0.00565	0.00536
38	0.00797	0.00570	0.00738	0.00867	0.00909	0.00525	0.00578	0.00875	0.01166	0.01563	0.03259	0.78268	0.03885	0.01860	0.00775	0.00251	0.00368	0.01664	0.00565	0.00517
39	0.02207	0.01498	0.01728	0.10882	0.02077	0.01618	0.01157	0.52297	0.02393	0.15484	0.01578	0.01624	0.01114	0.00741	0.00617	0.00193	0.00659	0.00559	0.00589	0.00985
40	0.05609	0.02940	0.71610	0.01657	0.02487	0.01389	0.02085	0.01886	0.01266	0.01956	0.01114	0.01327	0.00811	0.00607	0.00577	0.00199	0.00861	0.00451	0.00281	0.00887
41	0.01544	0.01452	0.02124	0.02847	0.50436	0.04095	0.03513	0.02209	0.21148	0.02098	0.01513	0.01737	0.01221	0.00649	0.00616	0.00194	0.00675	0.00581	0.00399	0.00948
42	0.82663	0.01181	0.00915	0.00823	0.01186	0.01346	0.00666	0.01763	0.01044	0.02673	0.00895	0.01063	0.00711	0.00595	0.00398	0.00195	0.00479	0.00344	0.00388	0.00673
43	0.00831	0.00623	0.00935	0.00935	0.01038	0.00727	0.00727	0.01038	0.00935	0.01350	0.01558	0.02285	0.01454	0.04361	0.77259	0.00935	0.01558	0.00623	0.00312	0.00519
44	0.83671	0.01125	0.00855	0.00765	0.01125	0.01305	0.00630	0.01709	0.00990	0.02609	0.00810	0.00945	0.00630	0.00540	0.00360	0.00180	0.00450	0.00315	0.00360	0.00630
45	0.00732	0.00524	0.00696	0.00794	0.00849	0.00488	0.00542	0.00868	0.01221	0.01656	0.17875	0.64024	0.04179	0.01694	0.00731	0.00225	0.00325	0.01531	0.00560	0.00488
46	0.07781	0.02471	0.54346	0.01588	0.06125	0.01300	0.01798	0.04767	0.01302	0.06813	0.01123	0.01271	0.00801	0.00559	0.00535	0.00177	0.00761	0.00434	0.00307	0.05742
47	0.00823	0.00594	0.00777	0.00732	0.00869	0.00549	0.00549	0.01097	0.01646	0.02332	0.75629	0.04344	0.05487	0.01189	0.00686	0.00183	0.00274	0.01052	0.00640	0.00549
48	0.01555	0.79913	0.03047	0.00995	0.01493	0.02301	0.00995	0.01741	0.01182	0.01368	0.00808	0.00933	0.00746	0.00498	0.00373	0.00124	0.00622	0.00311	0.00249	0.00746
49	0.00903	0.00647	0.00892	0.00982	0.01114	0.00635	0.00833	0.01168	0.01407	0.01877	0.20691	0.07906	0.03879	0.01511	0.00773	0.00246	0.00467	0.52971	0.00561	0.00537
50	0.01010	0.00505	0.00758	0.00758	0.00758	0.00505	0.00505	0.00758	0.00758	0.01010	0.01010	0.01768	0.01010	0.02020	0.02273	0.83081	0.00505	0.00505	0.00253	0.00253
51	0.02609	0.00990	0.01350	0.01035	0.01484	0.00855	0.00855	0.02834	0.01664	0.76338	0.02294	0.01979	0.01439	0.00720	0.00585	0.00180	0.00495	0.00585	0.00720	0.00990
52	0.02050	0.00930	0.01217	0.01024	0.01371	0.00863	0.00824	0.04887	0.08017	0.49155	0.02480	0.15025	0.01998	0.00976	0.00628	0.00197	0.00474	0.06360	0.00660	0.00863
53	0.83671	0.01125	0.00855	0.00765	0.01125	0.01305	0.00630	0.01709	0.00990	0.02609	0.00810	0.00945	0.00630	0.00540	0.00360	0.00180	0.00450	0.00315	0.00360	0.00630
54	0.00814	0.00594	0.00765	0.00722	0.00863	0.00545	0.00542	0.01080	0.01625	0.02283	0.71106	0.04425	0.10041	0.01207	0.00686	0.00184	0.00276	0.01063	0.00634	0.00545
55	0.00691	0.00589	0.00595	0.00593	0.00788	0.00493	0.00445	0.00842	0.01335	0.01593	0.07922	0.05560	0.73655	0.01464	0.00687	0.00196	0.00294	0.01222	0.00543	0.00493
56	0.00709	0.00506	0.00675	0.00810	0.00843	0.00472	0.00540	0.00810	0.01113	0.01484	0.03205	0.79184	0.03846	0.01822	0.00742	0.00236	0.00337	0.01653	0.00540	0.00472
57	0.00832	0.00618	0.00911	0.00911	0.01007	0.00714	0.00698	0.01023	0.00928	0.01333	0.01579	0.02404	0.01506	0.10252	0.71439	0.00906	0.01480	0.00640	0.00315	0.00506
58	0.00698	0.00590	0.00604	0.00600	0.00792	0.00495	0.00450	0.00855	0.01351	0.01631	0.11354	0.05498	0.70200	0.01451	0.00687	0.00195	0.00293	0.01214	0.00548	0.00495
59	0.00709	0.00506	0.00675	0.00810	0.00843	0.00472	0.00540	0.00810	0.01113	0.01484	0.03205	0.79184	0.03846	0.01822	0.00742	0.00236	0.00337	0.01653	0.00540	0.00472
60	0.00709	0.00506	0.00675	0.00810	0.00843	0.00472	0.00540	0.00810	0.01113	0.01484	0.03205	0.79184	0.03846	0.01822	0.00742	0.00236	0.00337	0.01653	0.00540	0.00472
61	0.01172	0.00627	0.00636	0.00604	0.00766	0.00641	0.00461	0.07045	0.01338	0.02285	0.01858	0.02108	0.01451	0.00679	0.00420	0.00139	0.00300	0.00541	0.76352	0.00577
62	0.83671	0.01125	0.00855	0.00765	0.01125	0.01305	0.00630	0.01709	0.00990	0.02609	0.00810	0.00945	0.00630	0.00540	0.00360	0.00180	0.00450	0.00315	0.00360	0.00630
63	0.00846	0.00564	0.00634	0.00634	0.00634	0.00564	0.00352	0.00846	0.00846	0.01128	0.01832	0.03805	0.02114	0.79563	0.02960	0.00564	0.00564	0.00846	0.00352	0.00352
64	0.01380	0.01028	0.01224	0.00883	0.01391	0.00785	0.00710	0.01634	0.01263	0.11143	0.01190	0.01302	0.00933	0.00467	0.00450	0.00098	0.00439	0.00374	0.00391	0.72915
65	0.01206	0.01034	0.01206	0.00861	0.01378	0.00775	0.00689	0.01464	0.01206	0.01895	0.01034	0.01206	0.00861	0.00431	0.00431	0.00086	0.00431	0.00345	0.00345	0.83118

[dist]
# distance from previous block
# <min> <max>
0	1

[block]
# block no. 5 follows, 40 sequences, length 31
# corresponding to MSA columns:
# 792-822
name=unknown_F
#
# <colnr> <probs for GDERKNQSTAVLIFYWHMCP>
#	G	D	E	R	K	N	Q	S	T	A	V	L	I	F	Y	W	H	M	C	P
0	0.01098	0.01034	0.01744	0.78165	0.04005	0.01292	0.01615	0.01486	0.01163	0.01486	0.01034	0.01550	0.00775	0.00581	0.00581	0.00194	0.00775	0.00517	0.00258	0.00646
1	0.02211	0.01629	0.01745	0.01338	0.01803	0.01803	0.01105	0.73997	0.02734	0.03665	0.01396	0.01396	0.00989	0.00698	0.00582	0.00175	0.00640	0.00524	0.00582	0.00989
2	0.01228	0.01163	0.01820	0.07573	0.02004	0.01020	0.19358	0.01547	0.01231	0.01825	0.01119	0.03429	0.00937	0.00516	0.00567	0.00133	0.03267	0.00486	0.00327	0.50448
3	0.01294	0.28251	0.52424	0.01440	0.02181	0.01662	0.01770	0.01809	0.01213	0.01686	0.00966	0.01131	0.00740	0.00534	0.00494	0.00165	0.00781	0.00391	0.00247	0.00822
4	0.01098	0.01034	0.01744	0.78165	0.04005	0.01292	0.01615	0.01486	0.01163	0.01486	0.01034	0.01550	0.00775	0.00581	0.00581	0.00194	0.00775	0.00517	0.00258	0.00646
5	0.01612	0.72789	0.02918	0.01041	0.01521	0.09220	0.01007	0.01795	0.01225	0.01373	0.00817	0.00944	0.00747	0.00507	0.00387	0.00127	0.00661	0.00317	0.00253	0.00740
6	0.01373	0.01569	0.03431	0.02451	0.03039	0.01471	0.73824	0.01863	0.01373	0.01863	0.01176	0.01569	0.00882	0.00490	0.00686	0.00196	0.00980	0.00686	0.00294	0.00784
7	0.01376	0.44470	0.36923	0.01300	0.01965	0.01863	0.01527	0.01788	0.01203	0.01586	0.00917	0.01069	0.00742	0.00523	0.00456	0.00152	0.00731	0.00366	0.00247	0.00798
8	0.01174	0.02955	0.73862	0.01687	0.02536	0.01355	0.04784	0.01842	0.01233	0.01842	0.01048	0.01240	0.00742	0.00550	0.00557	0.00185	0.00864	0.00439	0.00247	0.00857
9	0.00709	0.00506	0.00675	0.00810	0.00843	0.00472	0.00540	0.00810	0.01113	0.01484	0.03205	0.79184	0.03846	0.01822	0.00742	0.00236	0.00337	0.01653	0.00540	0.00472
10	0.00846	0.00564	0.00634	0.00634	0.00634	0.00564	0.00352	0.00846	0.00846	0.01128	0.01832	0.03805	0.02114	0.79563	0.02960	0.00564	0.00564	0.00846	0.00352	0.00352
11	0.01851	0.04270	0.03959	0.05897	0.13926	0.41222	0.12455	0.03758	0.01531	0.04253	0.01041	0.01259	0.00828	0.00571	0.00560	0.00165	0.00922	0.00463	0.00313	0.00754
12	0.00693	0.00567	0.00611	0.00647	0.00801	0.00486	0.00467	0.00828	0.01270	0.01548	0.05190	0.24806	0.56942	0.01564	0.00702	0.00207	0.00306	0.01338	0.00540	0.00486
13	0.00687	0.00589	0.00589	0.00589	0.00785	0.00491	0.00442	0.00835	0.01325	0.01571	0.05891	0.05596	0.75700	0.01473	0.00687	0.00196	0.00295	0.01227	0.00540	0.00491
14	0.01360	0.01502	0.03159	0.08516	0.12689	0.01445	0.58717	0.01823	0.01350	0.01838	0.01154	0.01550	0.00879	0.00501	0.00664	0.00193	0.00926	0.00651	0.00291	0.00791
15	0.00972	0.00980	0.07130	0.05723	0.05313	0.00884	0.07235	0.04112	0.01218	0.01667	0.03923	0.46714	0.02685	0.01343	0.00792	0.00221	0.06845	0.01197	0.00447	0.00599
16	0.77078	0.01114	0.00895	0.00787	0.01154	0.01268	0.00648	0.01801	0.01045	0.08605	0.00930	0.01029	0.00696	0.00554	0.00378	0.00180	0.00454	0.00337	0.00389	0.00659
17	0.01277	0.01669	0.16898	0.10485	0.08017	0.03187	0.10682	0.01606	0.01099	0.01595	0.00931	0.01341	0.00786	0.00761	0.01201	0.00218	0.36750	0.00514	0.00262	0.00723
18	0.00823	0.00568	0.00697	0.00709	0.00744	0.00571	0.00451	0.00898	0.00996	0.01359	0.11549	0.13580	0.02694	0.49479	0.11965	0.00519	0.00625	0.00950	0.00409	0.00415
19	0.01218	0.07275	0.52520	0.01583	0.02196	0.01521	0.01849	0.01720	0.01137	0.01697	0.00956	0.01221	0.00744	0.00671	0.00895	0.00199	0.21112	0.00443	0.00248	0.00794
20	0.00846	0.00564	0.00634	0.00634	0.00634	0.00564	0.00352	0.00846	0.00846	0.01128	0.01832	0.03805	0.02114	0.79563	0.02960	0.00564	0.00564	0.00846	0.00352	0.00352
21	0.00749	0.00549	0.00718	0.00814	0.00887	0.00497	0.00552	0.00863	0.01121	0.01518	0.03029	0.72842	0.03603	0.01709	0.00717	0.00224	0.00345	0.01547	0.00524	0.07194
22	0.02126	0.01293	0.01501	0.01137	0.01609	0.01275	0.00935	0.35316	0.02059	0.26959	0.01611	0.01545	0.01108	0.00648	0.00550	0.00157	0.00548	0.00505	0.00576	0.18540
23	0.01281	0.01169	0.01240	0.00911	0.01411	0.06751	0.00723	0.01531	0.01240	0.01858	0.01023	0.01194	0.00853	0.00444	0.00438	0.00091	0.00479	0.00347	0.00341	0.76674
24	0.00831	0.00623	0.00935	0.00935	0.01038	0.00727	0.00727	0.01038	0.00935	0.01350	0.01558	0.02285	0.01454	0.04361	0.77259	0.00935	0.01558	0.00623	0.00312	0.00519
25	0.01010	0.00505	0.00758	0.00758	0.00758	0.00505	0.00505	0.00758	0.00758	0.01010	0.01010	0.01768	0.01010	0.02020	0.02273	0.83081	0.00505	0.00505	0.00253	0.00253
26	0.01555	0.79913	0.03047	0.00995	0.01493	0.02301	0.00995	0.01741	0.01182	0.01368	0.00808	0.00933	0.00746	0.00498	0.00373	0.00124	0.00622	0.00311	0.00249	0.00746
27	0.02065	0.05042	0.01665	0.01389	0.01728	0.52256	0.01075	0.11226	0.01703	0.05486	0.01033	0.01156	0.00823	0.00618	0.00578	0.00153	0.04067	0.00405	0.00356	0.07175
28	0.00712	0.00590	0.00623	0.00615	0.00800	0.00501	0.00461	0.00882	0.01383	0.01708	0.18424	0.05371	0.63081	0.01422	0.00687	0.00194	0.00291	0.01196	0.00558	0.00501
29	0.02211	0.01629	0.01745	0.01338	0.01803	0.01803	0.01105	0.73997	0.02734	0.03665	0.01396	0.01396	0.00989	0.00698	0.00582	0.00175	0.00640	0.00524	0.00582	0.00989
30	0.01398	0.40338	0.36004	0.01290	0.01949	0.01779	0.01499	0.01808	0.01217	0.03762	0.00965	0.01105	0.00766	0.00526	0.00462	0.00152	0.00719	0.00373	0.00264	0.03623

[dist]
# distance from previous block
# <min> <max>
0	67

# created by:
# /software/SequenceAnalysis/GenePrediction/augustus/3.0.1/scripts/msa2prfl.pl ./fixed/BUSCOvEOG7GF4VT.fas
