[name]
unknown

[dist]
# distance from previous block
# <min> <max>
0	383

[block]
# block no. 0 follows, 40 sequences, length 48
# corresponding to MSA columns:
# 393-440
name=unknown_A
#
# <colnr> <probs for GDERKNQSTAVLIFYWHMCP>
#	G	D	E	R	K	N	Q	S	T	A	V	L	I	F	Y	W	H	M	C	P
0	0.02211	0.01629	0.01745	0.01338	0.01803	0.01803	0.01105	0.73997	0.02734	0.03665	0.01396	0.01396	0.00989	0.00698	0.00582	0.00175	0.00640	0.00524	0.00582	0.00989
1	0.00846	0.00564	0.00634	0.00634	0.00634	0.00564	0.00352	0.00846	0.00846	0.01128	0.01832	0.03805	0.02114	0.79563	0.02960	0.00564	0.00564	0.00846	0.00352	0.00352
2	0.02211	0.01629	0.01745	0.01338	0.01803	0.01803	0.01105	0.73997	0.02734	0.03665	0.01396	0.01396	0.00989	0.00698	0.00582	0.00175	0.00640	0.00524	0.00582	0.00989
3	0.01102	0.01034	0.01723	0.75141	0.03902	0.01272	0.01579	0.01485	0.01164	0.01502	0.01034	0.01537	0.00779	0.00575	0.00575	0.00190	0.00762	0.00510	0.00262	0.03873
4	0.00823	0.00594	0.00777	0.00732	0.00869	0.00549	0.00549	0.01097	0.01646	0.02332	0.75629	0.04344	0.05487	0.01189	0.00686	0.00183	0.00274	0.01052	0.00640	0.00549
5	0.83671	0.01125	0.00855	0.00765	0.01125	0.01305	0.00630	0.01709	0.00990	0.02609	0.00810	0.00945	0.00630	0.00540	0.00360	0.00180	0.00450	0.00315	0.00360	0.00630
6	0.02405	0.00944	0.01284	0.01000	0.01414	0.00820	0.00820	0.02635	0.01662	0.67865	0.10690	0.02250	0.01903	0.00773	0.00596	0.00180	0.00470	0.00638	0.00711	0.00939
7	0.01555	0.79913	0.03047	0.00995	0.01493	0.02301	0.00995	0.01741	0.01182	0.01368	0.00808	0.00933	0.00746	0.00498	0.00373	0.00124	0.00622	0.00311	0.00249	0.00746
8	0.00846	0.00564	0.00634	0.00634	0.00634	0.00564	0.00352	0.00846	0.00846	0.01128	0.01832	0.03805	0.02114	0.79563	0.02960	0.00564	0.00564	0.00846	0.00352	0.00352
9	0.01102	0.01034	0.01723	0.75141	0.03902	0.01272	0.01579	0.01485	0.01164	0.01502	0.01034	0.01537	0.00779	0.00575	0.00575	0.00190	0.00762	0.00510	0.00262	0.03873
10	0.81479	0.01138	0.00879	0.00780	0.01143	0.01318	0.00643	0.03655	0.01037	0.02637	0.00825	0.00957	0.00639	0.00544	0.00366	0.00180	0.00455	0.00321	0.00366	0.00639
11	0.01373	0.01569	0.03431	0.02451	0.03039	0.01471	0.73824	0.01863	0.01373	0.01863	0.01176	0.01569	0.00882	0.00490	0.00686	0.00196	0.00980	0.00686	0.00294	0.00784
12	0.00709	0.00506	0.00675	0.00810	0.00843	0.00472	0.00540	0.00810	0.01113	0.01484	0.03205	0.79184	0.03846	0.01822	0.00742	0.00236	0.00337	0.01653	0.00540	0.00472
13	0.02402	0.00957	0.01295	0.01002	0.01427	0.00825	0.00822	0.02632	0.01646	0.67129	0.08609	0.02155	0.01769	0.00750	0.00588	0.00177	0.00473	0.00616	0.00699	0.04028
14	0.01206	0.01034	0.01206	0.00861	0.01378	0.00775	0.00689	0.01464	0.01206	0.01895	0.01034	0.01206	0.00861	0.00431	0.00431	0.00086	0.00431	0.00345	0.00345	0.83118
15	0.00807	0.00599	0.00758	0.00754	0.00896	0.00550	0.00580	0.01047	0.01517	0.02066	0.49097	0.08901	0.18248	0.01331	0.00705	0.00199	0.00316	0.10497	0.00602	0.00532
16	0.00846	0.00564	0.00634	0.00634	0.00634	0.00564	0.00352	0.00846	0.00846	0.01128	0.01832	0.03805	0.02114	0.79563	0.02960	0.00564	0.00564	0.00846	0.00352	0.00352
17	0.01373	0.01569	0.03431	0.02451	0.03039	0.01471	0.73824	0.01863	0.01373	0.01863	0.01176	0.01569	0.00882	0.00490	0.00686	0.00196	0.00980	0.00686	0.00294	0.00784
18	0.01162	0.01158	0.02136	0.60597	0.03781	0.01333	0.18370	0.01573	0.01211	0.01573	0.01067	0.01555	0.00800	0.00560	0.00606	0.00194	0.00823	0.00556	0.00267	0.00678
19	0.00943	0.00622	0.00819	0.00759	0.00917	0.00572	0.00578	0.01214	0.01640	0.07172	0.69130	0.04240	0.05172	0.01168	0.00682	0.00185	0.00295	0.02673	0.00643	0.00577
20	0.02609	0.00990	0.01350	0.01035	0.01484	0.00855	0.00855	0.02834	0.01664	0.76338	0.02294	0.01979	0.01439	0.00720	0.00585	0.00180	0.00495	0.00585	0.00720	0.00990
21	0.06354	0.00663	0.00731	0.00713	0.00921	0.00593	0.00540	0.01156	0.01309	0.11272	0.04519	0.18294	0.45879	0.01383	0.00666	0.00203	0.00346	0.03343	0.00551	0.00562
22	0.07288	0.06587	0.13370	0.05112	0.01883	0.10478	0.01211	0.33612	0.03725	0.03931	0.01348	0.06410	0.01087	0.00711	0.00554	0.00176	0.00688	0.00543	0.00445	0.00840
23	0.01620	0.01210	0.01320	0.01161	0.01508	0.01358	0.00911	0.03052	0.63945	0.13475	0.02356	0.02141	0.01725	0.00779	0.00591	0.00195	0.00465	0.00647	0.00611	0.00931
24	0.00846	0.00564	0.00634	0.00634	0.00634	0.00564	0.00352	0.00846	0.00846	0.01128	0.01832	0.03805	0.02114	0.79563	0.02960	0.00564	0.00564	0.00846	0.00352	0.00352
25	0.06416	0.01473	0.02922	0.04619	0.07879	0.01454	0.52907	0.03611	0.01353	0.04703	0.01165	0.01513	0.00882	0.00546	0.00728	0.00196	0.05905	0.00628	0.00317	0.00783
26	0.03943	0.01374	0.04031	0.08448	0.60402	0.01347	0.04186	0.01822	0.01321	0.05898	0.01147	0.01461	0.00924	0.00534	0.00573	0.00176	0.00693	0.00519	0.00310	0.00891
27	0.02543	0.00975	0.01328	0.01023	0.01462	0.00843	0.00843	0.02770	0.01664	0.73605	0.05003	0.02067	0.01589	0.00737	0.00589	0.00180	0.00487	0.00602	0.00717	0.00973
28	0.00779	0.00630	0.00698	0.00682	0.00861	0.00570	0.00510	0.01060	0.06234	0.01850	0.26332	0.08960	0.46024	0.01362	0.00684	0.00195	0.00302	0.01160	0.00573	0.00535
29	0.01390	0.04045	0.08094	0.02285	0.02856	0.04297	0.61530	0.01857	0.01349	0.01813	0.01131	0.01497	0.00859	0.00518	0.00708	0.00194	0.03868	0.00640	0.00288	0.00778
30	0.01189	0.05490	0.70485	0.01675	0.02509	0.01388	0.05663	0.01839	0.01233	0.01827	0.01042	0.01235	0.00744	0.00548	0.00553	0.00183	0.00858	0.00438	0.00248	0.00852
31	0.05048	0.01051	0.01326	0.01058	0.01479	0.00998	0.00862	0.02852	0.17564	0.57819	0.02261	0.01986	0.01486	0.00729	0.00579	0.00184	0.00486	0.00592	0.00680	0.00963
32	0.01153	0.00667	0.00883	0.00788	0.00982	0.00605	0.00605	0.01418	0.01649	0.15993	0.62092	0.03907	0.04740	0.01102	0.00667	0.00182	0.00315	0.00965	0.00655	0.00630
33	0.01293	0.14438	0.60633	0.01537	0.02317	0.01523	0.01907	0.06559	0.01320	0.01890	0.01031	0.01195	0.00755	0.00554	0.00528	0.00175	0.00809	0.00418	0.00268	0.00851
34	0.01399	0.01340	0.02287	0.12479	0.67345	0.01371	0.01764	0.01749	0.01305	0.01850	0.01087	0.01453	0.00904	0.00526	0.00576	0.00175	0.00701	0.00518	0.00284	0.00888
35	0.00846	0.00564	0.00634	0.00634	0.00634	0.00564	0.00352	0.00846	0.00846	0.01128	0.01832	0.03805	0.02114	0.79563	0.02960	0.00564	0.00564	0.00846	0.00352	0.00352
36	0.01341	0.01553	0.05049	0.09667	0.03119	0.01451	0.65179	0.01826	0.01349	0.01826	0.01160	0.01559	0.00869	0.00500	0.00673	0.00196	0.00958	0.00664	0.00290	0.00773
37	0.01368	0.43015	0.38313	0.01313	0.01984	0.01845	0.01548	0.01789	0.01204	0.01595	0.00921	0.01074	0.00742	0.00524	0.00459	0.00153	0.00736	0.00368	0.00247	0.00801
38	0.01236	0.16842	0.63328	0.01538	0.02333	0.01521	0.01941	0.01824	0.01219	0.01756	0.01001	0.01175	0.00738	0.00543	0.00520	0.00173	0.00817	0.00408	0.00246	0.00839
39	0.00937	0.00669	0.00937	0.01071	0.01205	0.00669	0.00937	0.01205	0.01339	0.01740	0.03079	0.06560	0.03347	0.01606	0.00803	0.00268	0.00535	0.72021	0.00535	0.00535
40	0.02103	0.07745	0.01728	0.01449	0.01766	0.67623	0.01106	0.03810	0.04654	0.01508	0.00964	0.01094	0.00796	0.00602	0.00518	0.00151	0.00988	0.00385	0.00314	0.00696
41	0.01804	0.01333	0.01500	0.05351	0.01693	0.01479	0.01014	0.50694	0.02226	0.03019	0.01683	0.11634	0.01458	0.00880	0.00645	0.00187	0.03270	0.03348	0.05938	0.00846
42	0.00831	0.00623	0.00935	0.00935	0.01038	0.00727	0.00727	0.01038	0.00935	0.01350	0.01558	0.02285	0.01454	0.04361	0.77259	0.00935	0.01558	0.00623	0.00312	0.00519
43	0.01398	0.01194	0.01279	0.01173	0.01483	0.01372	0.00922	0.02910	0.67853	0.02366	0.02435	0.02589	0.01925	0.00867	0.00612	0.00204	0.00467	0.07481	0.00586	0.00884
44	0.00709	0.00506	0.00675	0.00810	0.00843	0.00472	0.00540	0.00810	0.01113	0.01484	0.03205	0.79184	0.03846	0.01822	0.00742	0.00236	0.00337	0.01653	0.00540	0.00472
45	0.00734	0.00611	0.00645	0.00638	0.00829	0.00531	0.00483	0.00945	0.03478	0.01705	0.15319	0.05350	0.62059	0.01417	0.00687	0.00196	0.00303	0.03001	0.00555	0.00512
46	0.02067	0.01443	0.01586	0.01247	0.01662	0.01566	0.01017	0.59244	0.02465	0.09526	0.03765	0.08642	0.01417	0.00817	0.00600	0.00181	0.00590	0.00647	0.00591	0.00929
47	0.02025	0.00901	0.01173	0.00979	0.01325	0.00819	0.00777	0.02360	0.08639	0.50660	0.02708	0.16130	0.06921	0.00976	0.00621	0.00193	0.00450	0.00827	0.00663	0.00856

[dist]
# distance from previous block
# <min> <max>
3	17

[block]
# block no. 1 follows, 40 sequences, length 9
# corresponding to MSA columns:
# 459-467
name=unknown_B
#
# <colnr> <probs for GDERKNQSTAVLIFYWHMCP>
#	G	D	E	R	K	N	Q	S	T	A	V	L	I	F	Y	W	H	M	C	P
0	0.01358	0.01673	0.08723	0.02394	0.03001	0.01462	0.68637	0.01861	0.01362	0.01861	0.01167	0.01544	0.00872	0.00495	0.00677	0.00195	0.00972	0.00668	0.00291	0.00790
1	0.01198	0.01034	0.01245	0.06455	0.01568	0.00813	0.00756	0.01466	0.01203	0.01865	0.01034	0.01231	0.00855	0.00442	0.00442	0.00094	0.00456	0.00357	0.00338	0.77150
2	0.73234	0.01363	0.10430	0.00878	0.01301	0.01310	0.00822	0.01726	0.01020	0.02512	0.00839	0.00980	0.00643	0.00541	0.00384	0.00180	0.00502	0.00329	0.00345	0.00659
3	0.01593	0.01216	0.01319	0.01165	0.01509	0.01372	0.00912	0.03058	0.65623	0.11781	0.02358	0.02146	0.01733	0.00780	0.00591	0.00195	0.00465	0.00648	0.00608	0.00929
4	0.00709	0.00506	0.00675	0.00810	0.00843	0.00472	0.00540	0.00810	0.01113	0.01484	0.03205	0.79184	0.03846	0.01822	0.00742	0.00236	0.00337	0.01653	0.00540	0.00472
5	0.01373	0.01569	0.03431	0.02451	0.03039	0.01471	0.73824	0.01863	0.01373	0.01863	0.01176	0.01569	0.00882	0.00490	0.00686	0.00196	0.00980	0.00686	0.00294	0.00784
6	0.01206	0.01034	0.01206	0.00861	0.01378	0.00775	0.00689	0.01464	0.01206	0.01895	0.01034	0.01206	0.00861	0.00431	0.00431	0.00086	0.00431	0.00345	0.00345	0.83118
7	0.01206	0.01034	0.01206	0.00861	0.01378	0.00775	0.00689	0.01464	0.01206	0.01895	0.01034	0.01206	0.00861	0.00431	0.00431	0.00086	0.00431	0.00345	0.00345	0.83118
8	0.00974	0.00711	0.00964	0.01079	0.01227	0.00726	0.00936	0.01341	0.06661	0.01790	0.03027	0.06242	0.03233	0.01547	0.00788	0.00263	0.00530	0.66857	0.00540	0.00563

[dist]
# distance from previous block
# <min> <max>
0	1

[block]
# block no. 2 follows, 40 sequences, length 15
# corresponding to MSA columns:
# 469-483
name=unknown_C
#
# <colnr> <probs for GDERKNQSTAVLIFYWHMCP>
#	G	D	E	R	K	N	Q	S	T	A	V	L	I	F	Y	W	H	M	C	P
0	0.00709	0.00506	0.00675	0.00810	0.00843	0.00472	0.00540	0.00810	0.01113	0.01484	0.03205	0.79184	0.03846	0.01822	0.00742	0.00236	0.00337	0.01653	0.00540	0.00472
1	0.00709	0.00506	0.00675	0.00810	0.00843	0.00472	0.00540	0.00810	0.01113	0.01484	0.03205	0.79184	0.03846	0.01822	0.00742	0.00236	0.00337	0.01653	0.00540	0.00472
2	0.01555	0.79913	0.03047	0.00995	0.01493	0.02301	0.00995	0.01741	0.01182	0.01368	0.00808	0.00933	0.00746	0.00498	0.00373	0.00124	0.00622	0.00311	0.00249	0.00746
3	0.00846	0.00564	0.00634	0.00634	0.00634	0.00564	0.00352	0.00846	0.00846	0.01128	0.01832	0.03805	0.02114	0.79563	0.02960	0.00564	0.00564	0.00846	0.00352	0.00352
4	0.01223	0.01090	0.01440	0.01029	0.01553	0.00849	0.08399	0.01506	0.01223	0.01892	0.01049	0.01244	0.00864	0.00437	0.00458	0.00098	0.00489	0.00381	0.00339	0.74438
5	0.01206	0.01034	0.01206	0.00861	0.01378	0.00775	0.00689	0.01464	0.01206	0.01895	0.01034	0.01206	0.00861	0.00431	0.00431	0.00086	0.00431	0.00345	0.00345	0.83118
6	0.00709	0.00506	0.00675	0.00810	0.00843	0.00472	0.00540	0.00810	0.01113	0.01484	0.03205	0.79184	0.03846	0.01822	0.00742	0.00236	0.00337	0.01653	0.00540	0.00472
7	0.02609	0.00990	0.01350	0.01035	0.01484	0.00855	0.00855	0.02834	0.01664	0.76338	0.02294	0.01979	0.01439	0.00720	0.00585	0.00180	0.00495	0.00585	0.00720	0.00990
8	0.01084	0.00542	0.00542	0.00542	0.00678	0.00542	0.00407	0.01355	0.01220	0.02168	0.01897	0.02168	0.01491	0.00678	0.00407	0.00136	0.00271	0.00542	0.82791	0.00542
9	0.00846	0.00564	0.00634	0.00634	0.00634	0.00564	0.00352	0.00846	0.00846	0.01128	0.01832	0.03805	0.02114	0.79563	0.02960	0.00564	0.00564	0.00846	0.00352	0.00352
10	0.00709	0.00506	0.00675	0.00810	0.00843	0.00472	0.00540	0.00810	0.01113	0.01484	0.03205	0.79184	0.03846	0.01822	0.00742	0.00236	0.00337	0.01653	0.00540	0.00472
11	0.02172	0.02772	0.01648	0.01498	0.01798	0.77228	0.01124	0.02322	0.01648	0.01423	0.00899	0.01049	0.00749	0.00599	0.00524	0.00150	0.01049	0.00375	0.00300	0.00674
12	0.08143	0.02429	0.01608	0.01430	0.01729	0.58734	0.01096	0.09305	0.01652	0.01731	0.00932	0.01091	0.00765	0.00635	0.00617	0.00162	0.06518	0.00395	0.00329	0.00699
13	0.00714	0.00588	0.00639	0.00640	0.00815	0.00513	0.00479	0.00878	0.01326	0.01641	0.13636	0.08537	0.59057	0.01657	0.06031	0.00248	0.00382	0.01184	0.00536	0.00499
14	0.00813	0.00584	0.00749	0.00847	0.00910	0.00565	0.00579	0.05915	0.01226	0.01637	0.03079	0.73757	0.03647	0.01743	0.00731	0.00232	0.00358	0.01574	0.00543	0.00508

[dist]
# distance from previous block
# <min> <max>
0	1

[block]
# block no. 3 follows, 40 sequences, length 20
# corresponding to MSA columns:
# 485-504
name=unknown_D
#
# <colnr> <probs for GDERKNQSTAVLIFYWHMCP>
#	G	D	E	R	K	N	Q	S	T	A	V	L	I	F	Y	W	H	M	C	P
0	0.01226	0.00832	0.01014	0.00909	0.01131	0.00837	0.00710	0.10623	0.09815	0.08950	0.44310	0.06695	0.03957	0.01094	0.00663	0.00191	0.00379	0.05362	0.00624	0.00680
1	0.02482	0.01019	0.01354	0.01033	0.01489	0.00887	0.00852	0.05607	0.01671	0.67504	0.02158	0.01894	0.01375	0.00696	0.00572	0.00172	0.00496	0.00563	0.00684	0.07489
2	0.00846	0.00564	0.00634	0.00634	0.00634	0.00564	0.00352	0.00846	0.00846	0.01128	0.01832	0.03805	0.02114	0.79563	0.02960	0.00564	0.00564	0.00846	0.00352	0.00352
3	0.02172	0.02772	0.01648	0.01498	0.01798	0.77228	0.01124	0.02322	0.01648	0.01423	0.00899	0.01049	0.00749	0.00599	0.00524	0.00150	0.01049	0.00375	0.00300	0.00674
4	0.01555	0.79913	0.03047	0.00995	0.01493	0.02301	0.00995	0.01741	0.01182	0.01368	0.00808	0.00933	0.00746	0.00498	0.00373	0.00124	0.00622	0.00311	0.00249	0.00746
5	0.00709	0.00506	0.00675	0.00810	0.00843	0.00472	0.00540	0.00810	0.01113	0.01484	0.03205	0.79184	0.03846	0.01822	0.00742	0.00236	0.00337	0.01653	0.00540	0.00472
6	0.01218	0.01030	0.01713	0.72061	0.03806	0.01257	0.01555	0.01592	0.01202	0.07410	0.01133	0.01584	0.00828	0.00592	0.00582	0.00193	0.00753	0.00522	0.00295	0.00673
7	0.00709	0.00506	0.00675	0.00810	0.00843	0.00472	0.00540	0.00810	0.01113	0.01484	0.03205	0.79184	0.03846	0.01822	0.00742	0.00236	0.00337	0.01653	0.00540	0.00472
8	0.01084	0.00542	0.00542	0.00542	0.00678	0.00542	0.00407	0.01355	0.01220	0.02168	0.01897	0.02168	0.01491	0.00678	0.00407	0.00136	0.00271	0.00542	0.82791	0.00542
9	0.01084	0.00542	0.00542	0.00542	0.00678	0.00542	0.00407	0.01355	0.01220	0.02168	0.01897	0.02168	0.01491	0.00678	0.00407	0.00136	0.00271	0.00542	0.82791	0.00542
10	0.01206	0.01034	0.01206	0.00861	0.01378	0.00775	0.00689	0.01464	0.01206	0.01895	0.01034	0.01206	0.00861	0.00431	0.00431	0.00086	0.00431	0.00345	0.00345	0.83118
11	0.00801	0.00594	0.00750	0.00742	0.00883	0.00544	0.00564	0.01039	0.01522	0.02077	0.50945	0.09842	0.18278	0.01324	0.00701	0.00197	0.00307	0.07753	0.00605	0.00532
12	0.27509	0.01031	0.01198	0.00952	0.01374	0.00993	0.00786	0.02489	0.01457	0.53691	0.01838	0.01661	0.01191	0.00664	0.00516	0.00180	0.00481	0.00502	0.00609	0.00879
13	0.00848	0.00580	0.00759	0.00820	0.00922	0.00522	0.00568	0.00979	0.01180	0.05053	0.07499	0.64056	0.03574	0.01609	0.00704	0.00217	0.00349	0.01451	0.00537	0.07772
14	0.15997	0.00998	0.01230	0.00977	0.01387	0.00935	0.00801	0.02548	0.04560	0.56352	0.06634	0.01962	0.01571	0.00722	0.00554	0.00181	0.00472	0.00572	0.00649	0.00899
15	0.01399	0.01668	0.10654	0.08223	0.02887	0.01487	0.51114	0.08157	0.01440	0.01969	0.01153	0.01504	0.00863	0.00545	0.00708	0.00195	0.04309	0.00624	0.00310	0.00793
16	0.03551	0.48983	0.09711	0.01136	0.01593	0.03673	0.01117	0.01863	0.01219	0.11126	0.01020	0.01141	0.00834	0.00599	0.00610	0.00155	0.10201	0.00384	0.00314	0.00771
17	0.00825	0.00592	0.00765	0.00723	0.00848	0.00550	0.00531	0.01075	0.01576	0.02226	0.69136	0.04296	0.05190	0.08084	0.00886	0.00216	0.00300	0.01034	0.00615	0.00531
18	0.04674	0.01234	0.01337	0.01157	0.01516	0.01377	0.00914	0.08433	0.55344	0.13965	0.02225	0.02036	0.01621	0.00762	0.00581	0.00192	0.00479	0.00624	0.00602	0.00926
19	0.27430	0.00990	0.01202	0.19247	0.06469	0.01109	0.00953	0.04717	0.04267	0.05110	0.08463	0.12602	0.01700	0.00848	0.00582	0.02048	0.00521	0.00672	0.00415	0.00656

[dist]
# distance from previous block
# <min> <max>
0	2

[block]
# block no. 4 follows, 40 sequences, length 8
# corresponding to MSA columns:
# 507-514
name=unknown_E
#
# <colnr> <probs for GDERKNQSTAVLIFYWHMCP>
#	G	D	E	R	K	N	Q	S	T	A	V	L	I	F	Y	W	H	M	C	P
0	0.01590	0.00888	0.01049	0.00919	0.01186	0.00898	0.00717	0.10628	0.11885	0.21570	0.04866	0.14623	0.01983	0.01028	0.02996	0.00204	0.00452	0.00769	0.20996	0.00754
1	0.00704	0.00524	0.00656	0.00761	0.00831	0.00476	0.00518	0.00815	0.01160	0.01504	0.03800	0.62882	0.19764	0.01745	0.00730	0.00227	0.00328	0.01559	0.00540	0.00476
2	0.01120	0.02411	0.54228	0.01645	0.05786	0.01223	0.08163	0.01677	0.01261	0.01802	0.01845	0.01978	0.12940	0.00695	0.00587	0.00187	0.00770	0.00586	0.00300	0.00796
3	0.01448	0.50041	0.14701	0.01059	0.01546	0.06010	0.01097	0.01727	0.01221	0.01579	0.01029	0.01189	0.00866	0.00541	0.00417	0.00137	0.00628	0.00372	0.13664	0.00728
4	0.02289	0.01003	0.01302	0.01037	0.01444	0.00928	0.00843	0.02748	0.13561	0.58886	0.07700	0.02184	0.01792	0.00765	0.00593	0.00183	0.00473	0.00631	0.00693	0.00946
5	0.00709	0.00506	0.00675	0.00810	0.00843	0.00472	0.00540	0.00810	0.01113	0.01484	0.03205	0.79184	0.03846	0.01822	0.00742	0.00236	0.00337	0.01653	0.00540	0.00472
6	0.07004	0.03478	0.04135	0.19384	0.06460	0.05052	0.01101	0.04037	0.04865	0.20276	0.08658	0.02307	0.05965	0.00776	0.00584	0.00186	0.00588	0.03917	0.00472	0.00758
7	0.01407	0.01332	0.02200	0.03061	0.58282	0.01352	0.05419	0.01918	0.10567	0.01955	0.01377	0.01844	0.01171	0.00616	0.00597	0.00183	0.00668	0.04819	0.00341	0.00891

[dist]
# distance from previous block
# <min> <max>
0	33

[block]
# block no. 5 follows, 40 sequences, length 8
# corresponding to MSA columns:
# 548-555
name=unknown_F
#
# <colnr> <probs for GDERKNQSTAVLIFYWHMCP>
#	G	D	E	R	K	N	Q	S	T	A	V	L	I	F	Y	W	H	M	C	P
0	0.18867	0.58043	0.02610	0.01044	0.01519	0.02035	0.05796	0.01743	0.01154	0.01663	0.00833	0.00978	0.00731	0.00506	0.00391	0.00141	0.00610	0.00337	0.00275	0.00724
1	0.00786	0.00516	0.00708	0.00814	0.00847	0.00491	0.00556	0.00822	0.01052	0.01400	0.02734	0.58481	0.03218	0.01851	0.01069	0.17716	0.00385	0.05645	0.00479	0.00430
2	0.00943	0.00737	0.00875	0.00848	0.01016	0.00749	0.00631	0.01510	0.19474	0.02133	0.38198	0.18972	0.09160	0.01238	0.00674	0.00198	0.00334	0.01088	0.00601	0.00620
3	0.01206	0.01034	0.01206	0.00861	0.01378	0.00775	0.00689	0.01464	0.01206	0.01895	0.01034	0.01206	0.00861	0.00431	0.00431	0.00086	0.00431	0.00345	0.00345	0.83118
4	0.00858	0.00615	0.00847	0.00875	0.00954	0.00667	0.00661	0.01017	0.00994	0.01367	0.01960	0.03635	0.02048	0.25940	0.39234	0.00685	0.01049	0.15752	0.00371	0.00473
5	0.00805	0.01034	0.16683	0.00989	0.01197	0.00658	0.00879	0.01027	0.01137	0.01560	0.02749	0.62737	0.03190	0.01554	0.00702	0.00225	0.00448	0.01395	0.00478	0.00554
6	0.02176	0.02672	0.01656	0.01484	0.01798	0.70644	0.01122	0.08579	0.01743	0.01619	0.00942	0.01079	0.00770	0.00608	0.00529	0.00152	0.01013	0.00388	0.00324	0.00702
7	0.01098	0.01034	0.01744	0.78165	0.04005	0.01292	0.01615	0.01486	0.01163	0.01486	0.01034	0.01550	0.00775	0.00581	0.00581	0.00194	0.00775	0.00517	0.00258	0.00646

[dist]
# distance from previous block
# <min> <max>
0	23

[block]
# block no. 6 follows, 40 sequences, length 16
# corresponding to MSA columns:
# 579-594
name=unknown_G
#
# <colnr> <probs for GDERKNQSTAVLIFYWHMCP>
#	G	D	E	R	K	N	Q	S	T	A	V	L	I	F	Y	W	H	M	C	P
0	0.01084	0.00542	0.00542	0.00542	0.00678	0.00542	0.00407	0.01355	0.01220	0.02168	0.01897	0.02168	0.01491	0.00678	0.00407	0.00136	0.00271	0.00542	0.82791	0.00542
1	0.00709	0.00506	0.00675	0.00810	0.00843	0.00472	0.00540	0.00810	0.01113	0.01484	0.03205	0.79184	0.03846	0.01822	0.00742	0.00236	0.00337	0.01653	0.00540	0.00472
2	0.01164	0.01203	0.02403	0.01938	0.06944	0.01123	0.42991	0.01513	0.01281	0.01750	0.01789	0.25455	0.01797	0.00899	0.00684	0.00201	0.00736	0.00956	0.00372	0.04801
3	0.01000	0.00784	0.00929	0.00881	0.01064	0.00815	0.00662	0.01673	0.24140	0.02250	0.43442	0.13610	0.04126	0.01150	0.00664	0.00194	0.00340	0.01010	0.00612	0.00653
4	0.00934	0.00776	0.01194	0.01660	0.23979	0.00753	0.00923	0.01110	0.01178	0.01612	0.02555	0.55231	0.02945	0.01420	0.00691	0.00217	0.00446	0.01303	0.00462	0.00611
5	0.00896	0.00546	0.00672	0.00672	0.00672	0.00546	0.00399	0.00819	0.00819	0.01091	0.01579	0.03178	0.01774	0.55673	0.02748	0.25987	0.00546	0.00741	0.00322	0.00322
6	0.01280	0.01100	0.01239	0.00961	0.01419	0.00982	0.00760	0.01965	0.23906	0.02061	0.01444	0.01503	0.01143	0.00541	0.00480	0.00120	0.00440	0.00441	0.00421	0.57794
7	0.01708	0.01018	0.01257	0.00923	0.01416	0.00804	0.00748	0.01955	0.01370	0.28541	0.01485	0.01483	0.01068	0.00534	0.00486	0.00120	0.00454	0.00431	0.00479	0.53721
8	0.27491	0.01160	0.06009	0.00991	0.01440	0.01025	0.00868	0.02424	0.01429	0.48856	0.01757	0.01612	0.01145	0.00654	0.00513	0.00180	0.00504	0.00492	0.00579	0.00870
9	0.01288	0.01404	0.02912	0.25778	0.03337	0.01416	0.51577	0.01747	0.01308	0.01747	0.01132	0.01563	0.00849	0.00518	0.00654	0.00195	0.00917	0.00634	0.00283	0.00742
10	0.01194	0.00909	0.01024	0.02767	0.01225	0.00926	0.00738	0.23422	0.01718	0.02226	0.05156	0.20143	0.27888	0.01293	0.00674	0.00204	0.00441	0.06856	0.00548	0.00649
11	0.02228	0.01168	0.01991	0.01471	0.01963	0.01044	0.23336	0.02535	0.01574	0.53393	0.01950	0.01853	0.01268	0.00649	0.00616	0.00185	0.00644	0.00616	0.00589	0.00926
12	0.01290	0.01301	0.02341	0.01800	0.02220	0.01304	0.39714	0.02074	0.23980	0.01978	0.01866	0.14090	0.01629	0.00794	0.00666	0.00203	0.00718	0.00831	0.00425	0.00777
13	0.01562	0.01221	0.01312	0.01114	0.01455	0.01345	0.00884	0.24477	0.35378	0.04517	0.08814	0.02541	0.11057	0.00879	0.00608	0.00188	0.00480	0.00719	0.00590	0.00858
14	0.00702	0.00532	0.00648	0.00742	0.00826	0.00478	0.00510	0.00817	0.01179	0.01511	0.04033	0.56512	0.25984	0.01714	0.00725	0.00224	0.00324	0.01522	0.00540	0.00478
15	0.79864	0.01098	0.00840	0.00754	0.01104	0.01269	0.00619	0.01693	0.01000	0.02589	0.00860	0.01001	0.00669	0.00546	0.00362	0.00178	0.00442	0.00325	0.04159	0.00626

[dist]
# distance from previous block
# <min> <max>
0	147

# created by:
# /software/SequenceAnalysis/GenePrediction/augustus/3.0.1/scripts/msa2prfl.pl ./fixed/BUSCOvEOG7KH47T.fas
