[name]
unknown

[dist]
# distance from previous block
# <min> <max>
0	142

[block]
# block no. 0 follows, 40 sequences, length 28
# corresponding to MSA columns:
# 142-169
name=unknown_A
#
# <colnr> <probs for GDERKNQSTAVLIFYWHMCP>
#	G	D	E	R	K	N	Q	S	T	A	V	L	I	F	Y	W	H	M	C	P
0	0.00944	0.00674	0.00942	0.01075	0.01210	0.00673	0.00940	0.01210	0.01343	0.01746	0.03083	0.06563	0.03350	0.01610	0.00806	0.00269	0.00538	0.71948	0.00538	0.00539
1	0.00696	0.00588	0.00601	0.00611	0.00795	0.00494	0.00453	0.00838	0.01313	0.01570	0.05681	0.11393	0.69971	0.01504	0.00694	0.00201	0.00300	0.01262	0.00542	0.00493
2	0.02216	0.01633	0.01749	0.01342	0.01808	0.01806	0.01108	0.73925	0.02737	0.03669	0.01402	0.01405	0.00995	0.00702	0.00585	0.00176	0.00642	0.00526	0.00584	0.00992
3	0.02213	0.01723	0.01741	0.01355	0.01807	0.07743	0.01109	0.68283	0.02651	0.03492	0.01363	0.01378	0.00976	0.00695	0.00580	0.00174	0.00674	0.00514	0.00562	0.00967
4	0.01091	0.00547	0.00547	0.00547	0.00683	0.00546	0.00410	0.01360	0.01224	0.02174	0.01903	0.02176	0.01496	0.00682	0.00409	0.00137	0.00273	0.00544	0.82707	0.00546
5	0.83590	0.01129	0.00860	0.00769	0.01130	0.01308	0.00633	0.01714	0.00994	0.02614	0.00817	0.00954	0.00636	0.00544	0.00363	0.00181	0.00452	0.00317	0.00362	0.00633
6	0.01215	0.00998	0.01128	0.01086	0.01337	0.01102	0.00872	0.02267	0.43750	0.02185	0.08757	0.03800	0.06501	0.01097	0.00668	0.00217	0.00460	0.21222	0.00579	0.00760
7	0.00714	0.00598	0.00616	0.00623	0.00810	0.00508	0.00471	0.00861	0.01315	0.01573	0.05602	0.05600	0.69133	0.03945	0.00768	0.00213	0.00319	0.05301	0.00536	0.00493
8	0.01212	0.01038	0.01210	0.00866	0.01383	0.00779	0.00692	0.01469	0.01210	0.01901	0.01040	0.01215	0.00868	0.00435	0.00434	0.00087	0.00433	0.00347	0.00347	0.83035
9	0.83590	0.01129	0.00860	0.00769	0.01130	0.01308	0.00633	0.01714	0.00994	0.02614	0.00817	0.00954	0.00636	0.00544	0.00363	0.00181	0.00452	0.00317	0.00362	0.00633
10	0.02178	0.02774	0.01652	0.01502	0.01802	0.77152	0.01126	0.02326	0.01652	0.01430	0.00906	0.01058	0.00755	0.00604	0.00527	0.00151	0.01050	0.00377	0.00302	0.00678
11	0.01212	0.01038	0.01210	0.00866	0.01383	0.00779	0.00692	0.01469	0.01210	0.01901	0.01040	0.01215	0.00868	0.00435	0.00434	0.00087	0.00433	0.00347	0.00347	0.83035
12	0.00838	0.00628	0.00939	0.00939	0.01043	0.00731	0.00730	0.01043	0.00939	0.01356	0.01564	0.02293	0.01459	0.04362	0.77181	0.00935	0.01559	0.00625	0.00314	0.00523
13	0.01212	0.01038	0.01210	0.00866	0.01383	0.00779	0.00692	0.01469	0.01210	0.01901	0.01040	0.01215	0.00868	0.00435	0.00434	0.00087	0.00433	0.00347	0.00347	0.83035
14	0.01440	0.01401	0.02448	0.03483	0.70124	0.01392	0.07457	0.01795	0.01332	0.01903	0.01107	0.01458	0.00924	0.00520	0.00587	0.00176	0.00716	0.00533	0.00291	0.00913
15	0.83590	0.01129	0.00860	0.00769	0.01130	0.01308	0.00633	0.01714	0.00994	0.02614	0.00817	0.00954	0.00636	0.00544	0.00363	0.00181	0.00452	0.00317	0.00362	0.00633
16	0.01319	0.01256	0.02134	0.31316	0.49108	0.01352	0.01723	0.01678	0.01268	0.01752	0.01078	0.01489	0.00873	0.00546	0.00581	0.00182	0.00724	0.00520	0.00279	0.00822
17	0.01212	0.01038	0.01210	0.00866	0.01383	0.00779	0.00692	0.01469	0.01210	0.01901	0.01040	0.01215	0.00868	0.00435	0.00434	0.00087	0.00433	0.00347	0.00347	0.83035
18	0.02216	0.01633	0.01749	0.01342	0.01808	0.01806	0.01108	0.73925	0.02737	0.03669	0.01402	0.01405	0.00995	0.00702	0.00585	0.00176	0.00642	0.00526	0.00584	0.00992
19	0.01035	0.00947	0.01599	0.52955	0.03143	0.01106	0.06200	0.01363	0.01181	0.01532	0.01606	0.17517	0.01557	0.00889	0.00636	0.00208	0.00689	0.04885	0.00336	0.00617
20	0.00727	0.00595	0.00639	0.00628	0.00810	0.00509	0.00470	0.00902	0.01405	0.01757	0.22417	0.05304	0.58990	0.01409	0.00690	0.00194	0.00292	0.01187	0.00566	0.00508
21	0.02092	0.02481	0.01620	0.01448	0.01767	0.60821	0.01099	0.09116	0.10726	0.01763	0.01132	0.01228	0.00904	0.00636	0.00541	0.00159	0.00940	0.00425	0.00364	0.00737
22	0.83590	0.01129	0.00860	0.00769	0.01130	0.01308	0.00633	0.01714	0.00994	0.02614	0.00817	0.00954	0.00636	0.00544	0.00363	0.00181	0.00452	0.00317	0.00362	0.00633
23	0.00923	0.00778	0.00797	0.00749	0.00986	0.00751	0.00573	0.05202	0.15688	0.01857	0.04967	0.04710	0.57265	0.01302	0.00666	0.00197	0.00348	0.01080	0.00554	0.00605
24	0.00853	0.00569	0.00639	0.00639	0.00640	0.00568	0.00356	0.00851	0.00850	0.01134	0.01838	0.03812	0.02119	0.79484	0.02960	0.00565	0.00566	0.00847	0.00355	0.00356
25	0.01212	0.01038	0.01210	0.00866	0.01383	0.00779	0.00692	0.01469	0.01210	0.01901	0.01040	0.01215	0.00868	0.00435	0.00434	0.00087	0.00433	0.00347	0.00347	0.83035
26	0.83671	0.01125	0.00855	0.00765	0.01125	0.01305	0.00630	0.01709	0.00990	0.02609	0.00810	0.00945	0.00630	0.00540	0.00360	0.00180	0.00450	0.00315	0.00360	0.00630
27	0.01407	0.01210	0.01225	0.01114	0.01413	0.05333	0.00867	0.04446	0.52927	0.04136	0.02654	0.02749	0.09525	0.03404	0.00685	0.00209	0.00488	0.04820	0.00563	0.00826

[dist]
# distance from previous block
# <min> <max>
0	1

[block]
# block no. 1 follows, 40 sequences, length 8
# corresponding to MSA columns:
# 171-178
name=unknown_B
#
# <colnr> <probs for GDERKNQSTAVLIFYWHMCP>
#	G	D	E	R	K	N	Q	S	T	A	V	L	I	F	Y	W	H	M	C	P
0	0.01327	0.01047	0.01225	0.00899	0.01396	0.00833	0.00719	0.01690	0.06915	0.07388	0.01229	0.01337	0.00974	0.00479	0.00454	0.00102	0.00438	0.00386	0.00391	0.70771
1	0.00873	0.00628	0.00839	0.00977	0.06653	0.00578	0.00634	0.01038	0.01289	0.05329	0.15956	0.42374	0.17652	0.01492	0.00701	0.00212	0.00353	0.01328	0.00546	0.00549
2	0.01412	0.01354	0.02312	0.09434	0.70281	0.01375	0.01771	0.01761	0.01311	0.01867	0.01089	0.01448	0.00910	0.00523	0.00576	0.00174	0.00697	0.00518	0.00286	0.00899
3	0.01439	0.01382	0.02360	0.03569	0.75936	0.01382	0.01785	0.01785	0.01324	0.01900	0.01094	0.01439	0.00921	0.00518	0.00576	0.00173	0.00691	0.00518	0.00288	0.00921
4	0.01441	0.57321	0.24639	0.01190	0.01793	0.02022	0.01334	0.01771	0.01195	0.01507	0.00878	0.01019	0.00743	0.00514	0.00426	0.00142	0.00692	0.00346	0.00248	0.00780
5	0.61869	0.01337	0.01040	0.00912	0.01274	0.10043	0.00736	0.05586	0.04298	0.06907	0.01004	0.01093	0.00758	0.00576	0.00413	0.00177	0.00532	0.00363	0.00395	0.00687
6	0.01195	0.08637	0.71170	0.01609	0.02442	0.01420	0.02064	0.01834	0.01224	0.01807	0.01026	0.01206	0.00737	0.00548	0.00539	0.00180	0.00842	0.00421	0.00246	0.00851
7	0.01290	0.17488	0.49009	0.01876	0.15601	0.01539	0.01861	0.01812	0.01236	0.01761	0.01008	0.01209	0.00772	0.00536	0.00522	0.00171	0.00783	0.00423	0.00254	0.00849

[dist]
# distance from previous block
# <min> <max>
0	5

[block]
# block no. 2 follows, 40 sequences, length 8
# corresponding to MSA columns:
# 184-191
name=unknown_C
#
# <colnr> <probs for GDERKNQSTAVLIFYWHMCP>
#	G	D	E	R	K	N	Q	S	T	A	V	L	I	F	Y	W	H	M	C	P
0	0.01419	0.00947	0.00859	0.00784	0.00995	0.11879	0.00600	0.01659	0.01411	0.13215	0.11588	0.02440	0.05853	0.00781	0.00502	0.00154	0.00421	0.00626	0.43241	0.00627
1	0.01867	0.01587	0.01442	0.01247	0.01603	0.18029	0.00976	0.10843	0.39688	0.13477	0.01925	0.01808	0.01411	0.00727	0.00575	0.00182	0.00615	0.00569	0.00546	0.00885
2	0.01714	0.01912	0.01372	0.01276	0.01528	0.41898	0.00963	0.06120	0.12603	0.01719	0.01661	0.11934	0.01587	0.04824	0.00709	0.00199	0.00781	0.06112	0.00411	0.00676
3	0.01217	0.12985	0.67015	0.01572	0.02384	0.01474	0.01999	0.01829	0.01222	0.01780	0.01013	0.01189	0.00738	0.00545	0.00529	0.00176	0.00829	0.00414	0.00246	0.00845
4	0.71466	0.01104	0.00929	0.00805	0.01179	0.01237	0.00664	0.01879	0.01091	0.13710	0.01033	0.01100	0.00752	0.00567	0.00394	0.00180	0.00457	0.00356	0.00414	0.00684
5	0.01439	0.01382	0.02360	0.03569	0.75936	0.01382	0.01785	0.01785	0.01324	0.01900	0.01094	0.01439	0.00921	0.00518	0.00576	0.00173	0.00691	0.00518	0.00288	0.00921
6	0.83671	0.01125	0.00855	0.00765	0.01125	0.01305	0.00630	0.01709	0.00990	0.02609	0.00810	0.00945	0.00630	0.00540	0.00360	0.00180	0.00450	0.00315	0.00360	0.00630
7	0.00687	0.00589	0.00589	0.00589	0.00785	0.00491	0.00442	0.00835	0.01325	0.01571	0.05891	0.05596	0.75700	0.01473	0.00687	0.00196	0.00295	0.01227	0.00540	0.00491

[dist]
# distance from previous block
# <min> <max>
0	780

# created by:
# /software/SequenceAnalysis/GenePrediction/augustus/3.0.1/scripts/msa2prfl.pl ./fixed/BUSCOvEOG78GXGV.fas
