[name]
unknown

[dist]
# distance from previous block
# <min> <max>
0	196

[block]
# block no. 0 follows, 40 sequences, length 90
# corresponding to MSA columns:
# 196-285
name=unknown_A
#
# <colnr> <probs for GDERKNQSTAVLIFYWHMCP>
#	G	D	E	R	K	N	Q	S	T	A	V	L	I	F	Y	W	H	M	C	P
0	0.00704	0.00590	0.00612	0.00607	0.00796	0.00498	0.00455	0.00867	0.01365	0.01665	0.14555	0.05441	0.66977	0.01437	0.00687	0.00195	0.00292	0.01205	0.00552	0.00498
1	0.00719	0.00510	0.00672	0.00797	0.00828	0.00479	0.00526	0.00812	0.01094	0.01458	0.03105	0.73677	0.03720	0.07501	0.00904	0.00260	0.00354	0.01594	0.00526	0.00464
2	0.01206	0.01034	0.01206	0.00861	0.01378	0.00775	0.00689	0.01464	0.01206	0.01895	0.01034	0.01206	0.00861	0.00431	0.00431	0.00086	0.00431	0.00345	0.00345	0.83118
3	0.01206	0.01034	0.01206	0.00861	0.01378	0.00775	0.00689	0.01464	0.01206	0.01895	0.01034	0.01206	0.00861	0.00431	0.00431	0.00086	0.00431	0.00345	0.00345	0.83118
4	0.04885	0.05427	0.70757	0.01596	0.02421	0.01379	0.02043	0.01832	0.01216	0.01861	0.01025	0.01205	0.00732	0.00550	0.00538	0.00182	0.00833	0.00421	0.00251	0.00845
5	0.02159	0.04613	0.01687	0.01478	0.01791	0.71712	0.01120	0.05799	0.01689	0.01531	0.00921	0.01063	0.00761	0.00602	0.00523	0.00150	0.01018	0.00380	0.00312	0.00691
6	0.00846	0.00564	0.00634	0.00634	0.00634	0.00564	0.00352	0.00846	0.00846	0.01128	0.01832	0.03805	0.02114	0.79563	0.02960	0.00564	0.00564	0.00846	0.00352	0.00352
7	0.01066	0.00797	0.00975	0.00820	0.01093	0.00708	0.00635	0.04551	0.04212	0.04503	0.46885	0.03197	0.03754	0.00929	0.00604	0.00156	0.00347	0.00805	0.00557	0.23407
8	0.01271	0.22999	0.56043	0.01500	0.02260	0.01600	0.03196	0.01816	0.01218	0.01719	0.00985	0.01157	0.00742	0.00537	0.00508	0.00169	0.00800	0.00404	0.00247	0.00829
9	0.01414	0.01356	0.02315	0.09119	0.70584	0.01375	0.01772	0.01762	0.01312	0.01869	0.01089	0.01448	0.00910	0.00523	0.00576	0.00174	0.00697	0.00518	0.00286	0.00901
10	0.00707	0.00513	0.00668	0.00791	0.00839	0.00474	0.00532	0.00812	0.01131	0.01492	0.03429	0.73057	0.09828	0.01793	0.00738	0.00233	0.00334	0.01618	0.00540	0.00474
11	0.01314	0.01249	0.04571	0.37645	0.12738	0.01340	0.08458	0.01992	0.17829	0.04910	0.01408	0.01683	0.01056	0.00616	0.00592	0.00191	0.00704	0.00565	0.00360	0.00780
12	0.01193	0.07194	0.70718	0.01641	0.02473	0.01406	0.03847	0.01837	0.01229	0.01816	0.01034	0.01220	0.00741	0.00548	0.00546	0.00181	0.00849	0.00429	0.00247	0.00851
13	0.06179	0.01604	0.01702	0.01310	0.01770	0.01779	0.01082	0.70475	0.02649	0.03613	0.01368	0.01374	0.00971	0.00690	0.00571	0.00175	0.00631	0.00513	0.00571	0.00971
14	0.00709	0.00506	0.00675	0.00810	0.00843	0.00472	0.00540	0.00810	0.01113	0.01484	0.03205	0.79184	0.03846	0.01822	0.00742	0.00236	0.00337	0.01653	0.00540	0.00472
15	0.00718	0.00515	0.00685	0.00817	0.00858	0.00481	0.00555	0.00828	0.01128	0.01498	0.03256	0.74422	0.05333	0.01805	0.00744	0.00237	0.00345	0.04761	0.00540	0.00476
16	0.02173	0.01610	0.01724	0.01330	0.01789	0.01786	0.01096	0.70542	0.06249	0.03605	0.01443	0.01434	0.01027	0.00703	0.00582	0.00176	0.00631	0.00530	0.00582	0.00986
17	0.00805	0.00594	0.00753	0.00713	0.00858	0.00541	0.00535	0.01063	0.01604	0.02232	0.66505	0.04508	0.14673	0.01226	0.00686	0.00185	0.00277	0.01075	0.00627	0.00541
18	0.05470	0.01008	0.01330	0.01033	0.01473	0.00901	0.00850	0.02807	0.05387	0.69900	0.02244	0.01952	0.01428	0.00717	0.00577	0.00181	0.00491	0.00579	0.00700	0.00973
19	0.01206	0.01034	0.01206	0.00861	0.01378	0.00775	0.00689	0.01464	0.01206	0.01895	0.01034	0.01206	0.00861	0.00431	0.00431	0.00086	0.00431	0.00345	0.00345	0.83118
20	0.01546	0.01498	0.06040	0.04796	0.58178	0.01448	0.01686	0.13825	0.01551	0.02182	0.01140	0.01424	0.00920	0.00551	0.00576	0.00174	0.00693	0.00514	0.00334	0.00923
21	0.83671	0.01125	0.00855	0.00765	0.01125	0.01305	0.00630	0.01709	0.00990	0.02609	0.00810	0.00945	0.00630	0.00540	0.00360	0.00180	0.00450	0.00315	0.00360	0.00630
22	0.00887	0.00634	0.00880	0.01014	0.01126	0.00627	0.00851	0.01119	0.01290	0.01685	0.03106	0.22352	0.03455	0.01653	0.00790	0.00261	0.00492	0.56720	0.00536	0.00522
23	0.01988	0.01617	0.01624	0.04061	0.01797	0.09195	0.01065	0.49271	0.12825	0.03075	0.01467	0.01486	0.01075	0.00685	0.00567	0.00171	0.00643	0.00520	0.02304	0.04562
24	0.01328	0.01468	0.03093	0.15672	0.06232	0.01436	0.58269	0.01794	0.01334	0.01799	0.01148	0.01560	0.00865	0.00507	0.00663	0.00195	0.00933	0.00650	0.00288	0.00766
25	0.00749	0.00550	0.00703	0.00753	0.00846	0.00503	0.00531	0.00921	0.01340	0.01815	0.30844	0.41981	0.13233	0.01541	0.00714	0.00211	0.00308	0.01374	0.00578	0.00503
26	0.00892	0.00854	0.01377	0.01118	0.01411	0.00765	0.20042	0.01145	0.01363	0.01715	0.09869	0.04469	0.47148	0.01195	0.00692	0.00198	0.00487	0.04204	0.00482	0.00576
27	0.01482	0.01323	0.01331	0.01199	0.01526	0.05138	0.00930	0.03053	0.71317	0.02383	0.02295	0.02115	0.01725	0.00780	0.00588	0.00195	0.00489	0.00644	0.00577	0.00908
28	0.00937	0.00669	0.00937	0.01071	0.01205	0.00669	0.00937	0.01205	0.01339	0.01740	0.03079	0.06560	0.03347	0.01606	0.00803	0.00268	0.00535	0.72021	0.00535	0.00535
29	0.02515	0.01140	0.01443	0.01106	0.01560	0.01078	0.00914	0.19582	0.01916	0.59235	0.02083	0.01842	0.01333	0.00715	0.00584	0.00179	0.00529	0.00570	0.00687	0.00989
30	0.01084	0.00542	0.00542	0.00542	0.00678	0.00542	0.00407	0.01355	0.01220	0.02168	0.01897	0.02168	0.01491	0.00678	0.00407	0.00136	0.00271	0.00542	0.82791	0.00542
31	0.83671	0.01125	0.00855	0.00765	0.01125	0.01305	0.00630	0.01709	0.00990	0.02609	0.00810	0.00945	0.00630	0.00540	0.00360	0.00180	0.00450	0.00315	0.00360	0.00630
32	0.02229	0.01600	0.01727	0.01324	0.01789	0.01761	0.01094	0.70787	0.02686	0.06942	0.01437	0.01422	0.01009	0.00699	0.00582	0.00175	0.00633	0.00526	0.00588	0.00989
33	0.01084	0.00542	0.00542	0.00542	0.00678	0.00542	0.00407	0.01355	0.01220	0.02168	0.01897	0.02168	0.01491	0.00678	0.00407	0.00136	0.00271	0.00542	0.82791	0.00542
34	0.02211	0.01629	0.01745	0.01338	0.01803	0.01803	0.01105	0.73997	0.02734	0.03665	0.01396	0.01396	0.00989	0.00698	0.00582	0.00175	0.00640	0.00524	0.00582	0.00989
35	0.02172	0.02772	0.01648	0.01498	0.01798	0.77228	0.01124	0.02322	0.01648	0.01423	0.00899	0.01049	0.00749	0.00599	0.00524	0.00150	0.01049	0.00375	0.00300	0.00674
36	0.01166	0.03008	0.76550	0.01657	0.02517	0.01351	0.02149	0.01842	0.01228	0.01842	0.01044	0.01228	0.00737	0.00552	0.00552	0.00184	0.00859	0.00430	0.00246	0.00859
37	0.02172	0.02772	0.01648	0.01498	0.01798	0.77228	0.01124	0.02322	0.01648	0.01423	0.00899	0.01049	0.00749	0.00599	0.00524	0.00150	0.01049	0.00375	0.00300	0.00674
38	0.02609	0.00990	0.01350	0.01035	0.01484	0.00855	0.00855	0.02834	0.01664	0.76338	0.02294	0.01979	0.01439	0.00720	0.00585	0.00180	0.00495	0.00585	0.00720	0.00990
39	0.00840	0.00570	0.00676	0.00679	0.00694	0.00584	0.00408	0.00871	0.00864	0.01167	0.01829	0.05451	0.02067	0.67436	0.12999	0.00606	0.00693	0.00835	0.00351	0.00378
40	0.01439	0.01382	0.02360	0.03569	0.75936	0.01382	0.01785	0.01785	0.01324	0.01900	0.01094	0.01439	0.00921	0.00518	0.00576	0.00173	0.00691	0.00518	0.00288	0.00921
41	0.01606	0.01184	0.01302	0.01146	0.01478	0.01316	0.00896	0.08520	0.53266	0.12495	0.02347	0.08267	0.01833	0.00855	0.00602	0.00196	0.00469	0.00717	0.00604	0.00899
42	0.00735	0.00600	0.00655	0.00668	0.00850	0.00521	0.00519	0.00912	0.01362	0.01676	0.13065	0.05588	0.58533	0.01460	0.00702	0.00204	0.00324	0.10571	0.00550	0.00503
43	0.00846	0.00564	0.00634	0.00634	0.00634	0.00564	0.00352	0.00846	0.00846	0.01128	0.01832	0.03805	0.02114	0.79563	0.02960	0.00564	0.00564	0.00846	0.00352	0.00352
44	0.00866	0.00646	0.00838	0.00933	0.01085	0.00618	0.00796	0.01099	0.01335	0.01692	0.03881	0.06285	0.23995	0.01568	0.00770	0.00247	0.00467	0.51818	0.00537	0.00523
45	0.00997	0.00505	0.00754	0.00760	0.00761	0.00504	0.00507	0.00760	0.00773	0.01030	0.01102	0.05023	0.01129	0.02012	0.02208	0.79598	0.00498	0.00553	0.00265	0.00262
46	0.00831	0.00623	0.00935	0.00935	0.01038	0.00727	0.00727	0.01038	0.00935	0.01350	0.01558	0.02285	0.01454	0.04361	0.77259	0.00935	0.01558	0.00623	0.00312	0.00519
47	0.01098	0.01034	0.01744	0.78165	0.04005	0.01292	0.01615	0.01486	0.01163	0.01486	0.01034	0.01550	0.00775	0.00581	0.00581	0.00194	0.00775	0.00517	0.00258	0.00646
48	0.02506	0.02374	0.01983	0.01782	0.05864	0.35346	0.01303	0.33967	0.02339	0.02836	0.01559	0.01818	0.01272	0.00918	0.00734	0.00241	0.00957	0.00590	0.00569	0.01041
49	0.01843	0.01651	0.02568	0.03677	0.71200	0.01589	0.01894	0.02052	0.01577	0.02273	0.01513	0.02010	0.01318	0.00803	0.00754	0.00250	0.00821	0.00651	0.00435	0.01121
50	0.01589	0.03167	0.71749	0.01894	0.02738	0.01560	0.02233	0.02105	0.01488	0.02218	0.01466	0.01813	0.01146	0.00835	0.00732	0.00261	0.00979	0.00569	0.00395	0.01063
51	0.01525	0.01326	0.01994	0.73237	0.04126	0.01506	0.01736	0.01773	0.01427	0.01886	0.01457	0.02114	0.01182	0.00862	0.00759	0.00270	0.00900	0.00650	0.00407	0.00864
52	0.78522	0.01411	0.01164	0.01062	0.01440	0.01517	0.00817	0.01981	0.01266	0.02934	0.01248	0.01549	0.01046	0.00823	0.00553	0.00257	0.00597	0.00462	0.00502	0.00849
53	0.01716	0.01678	0.02944	0.07136	0.02826	0.01707	0.43356	0.01951	0.01471	0.02077	0.01494	0.02085	0.01269	0.01075	0.04333	0.00317	0.20448	0.00751	0.00429	0.00936
54	0.04146	0.01768	0.01759	0.18492	0.02393	0.16698	0.01270	0.09471	0.22288	0.06859	0.05723	0.02324	0.01753	0.00973	0.00751	0.00259	0.00803	0.00688	0.00589	0.00994
55	0.43328	0.01797	0.07137	0.01322	0.01739	0.10405	0.01072	0.08090	0.10741	0.05201	0.01566	0.01805	0.01266	0.00881	0.00640	0.00256	0.00715	0.00546	0.00545	0.00948
56	0.01442	0.00996	0.01109	0.01010	0.01190	0.00873	0.00670	0.01422	0.01352	0.06222	0.10452	0.03828	0.06320	0.44064	0.02049	0.00452	0.00631	0.00900	0.00556	0.14461
57	0.02360	0.01781	0.01880	0.01556	0.01996	0.01888	0.01212	0.50597	0.22013	0.03592	0.02052	0.02175	0.01590	0.00995	0.00762	0.00258	0.00726	0.00692	0.00711	0.01166
58	0.01826	0.01927	0.11690	0.05092	0.47529	0.05015	0.11365	0.02085	0.01583	0.02229	0.01507	0.01986	0.01279	0.00809	0.00763	0.00254	0.00898	0.00656	0.00430	0.01077
59	0.01589	0.03167	0.71749	0.01894	0.02738	0.01560	0.02233	0.02105	0.01488	0.02218	0.01466	0.01813	0.01146	0.00835	0.00732	0.00261	0.00979	0.00569	0.00395	0.01063
60	0.01605	0.06401	0.68658	0.01867	0.02695	0.01600	0.02185	0.02100	0.01486	0.02198	0.01456	0.01800	0.01146	0.00833	0.00725	0.00258	0.00969	0.00564	0.00395	0.01058
61	0.01200	0.00892	0.01142	0.01185	0.01291	0.00796	0.04484	0.01208	0.01416	0.01940	0.06383	0.67427	0.03962	0.01924	0.00904	0.00305	0.00522	0.01635	0.00661	0.00721
62	0.05146	0.09672	0.52792	0.01761	0.02490	0.05086	0.01933	0.05193	0.04366	0.02289	0.01495	0.01810	0.01193	0.00847	0.00710	0.00254	0.00925	0.00564	0.00430	0.01043
63	0.01992	0.01598	0.01673	0.01481	0.01856	0.01716	0.01123	0.16475	0.56734	0.02999	0.02519	0.02547	0.01968	0.01039	0.00767	0.00269	0.00640	0.00756	0.00716	0.01133
64	0.01563	0.00917	0.00927	0.00890	0.01074	0.00863	0.00640	0.04927	0.01548	0.02590	0.02239	0.02655	0.01826	0.00952	0.00604	0.00217	0.00446	0.00673	0.73660	0.00787
65	0.01369	0.00982	0.01234	0.01341	0.01506	0.00920	0.01094	0.01501	0.01585	0.02117	0.03367	0.08622	0.03592	0.01823	0.00964	0.00338	0.00671	0.65546	0.00666	0.00759
66	0.01201	0.00938	0.00986	0.00953	0.01170	0.00808	0.00684	0.01310	0.04456	0.02168	0.21360	0.05477	0.52613	0.01604	0.00854	0.00269	0.00454	0.01252	0.00694	0.00749
67	0.02527	0.02947	0.01904	0.01746	0.02068	0.72315	0.01278	0.02553	0.01879	0.01828	0.01331	0.01646	0.01158	0.00879	0.00706	0.00229	0.01155	0.00518	0.00446	0.00890
68	0.01781	0.01825	0.03567	0.02634	0.03225	0.01672	0.69069	0.02124	0.01623	0.02238	0.01590	0.02131	0.01282	0.00777	0.00857	0.00272	0.01091	0.00808	0.00441	0.00993
69	0.05253	0.01055	0.01305	0.01025	0.01434	0.00995	0.00832	0.12210	0.05252	0.44253	0.05035	0.01967	0.01500	0.03663	0.03147	0.00209	0.00533	0.00576	0.00613	0.09140
70	0.01206	0.01034	0.01206	0.00861	0.01378	0.00775	0.00689	0.01464	0.01206	0.01895	0.01034	0.01206	0.00861	0.00431	0.00431	0.00086	0.00431	0.00345	0.00345	0.83118
71	0.83671	0.01125	0.00855	0.00765	0.01125	0.01305	0.00630	0.01709	0.00990	0.02609	0.00810	0.00945	0.00630	0.00540	0.00360	0.00180	0.00450	0.00315	0.00360	0.00630
72	0.01084	0.00542	0.00542	0.00542	0.00678	0.00542	0.00407	0.01355	0.01220	0.02168	0.01897	0.02168	0.01491	0.00678	0.00407	0.00136	0.00271	0.00542	0.82791	0.00542
73	0.01206	0.01034	0.01206	0.00861	0.01378	0.00775	0.00689	0.01464	0.01206	0.01895	0.01034	0.01206	0.00861	0.00431	0.00431	0.00086	0.00431	0.00345	0.00345	0.83118
74	0.01464	0.61896	0.20267	0.01150	0.01733	0.02078	0.01265	0.01765	0.01192	0.01479	0.00864	0.01002	0.00744	0.00510	0.00415	0.00138	0.00678	0.00339	0.00248	0.00773
75	0.00804	0.00598	0.00879	0.00908	0.00996	0.00672	0.00687	0.00989	0.00973	0.01379	0.01913	0.18857	0.01969	0.03814	0.60769	0.00784	0.01295	0.00845	0.00361	0.00509
76	0.02189	0.01581	0.01706	0.01317	0.01774	0.01743	0.01085	0.67217	0.06379	0.06820	0.01486	0.01462	0.01049	0.00704	0.00582	0.00176	0.00624	0.00533	0.00588	0.00985
77	0.00706	0.00595	0.00615	0.00625	0.00817	0.00504	0.00479	0.00862	0.01326	0.01584	0.05682	0.05668	0.70317	0.01483	0.00696	0.00202	0.00312	0.06494	0.00540	0.00494
78	0.00720	0.00514	0.00688	0.00823	0.00862	0.00482	0.00560	0.00830	0.01125	0.01498	0.03199	0.75467	0.03821	0.01811	0.00745	0.00238	0.00348	0.05254	0.00540	0.00476
79	0.02211	0.01629	0.01745	0.01338	0.01803	0.01803	0.01105	0.73997	0.02734	0.03665	0.01396	0.01396	0.00989	0.00698	0.00582	0.00175	0.00640	0.00524	0.00582	0.00989
80	0.00846	0.00564	0.00634	0.00634	0.00634	0.00564	0.00352	0.00846	0.00846	0.01128	0.01832	0.03805	0.02114	0.79563	0.02960	0.00564	0.00564	0.00846	0.00352	0.00352
81	0.00999	0.00716	0.00976	0.01084	0.01234	0.00725	0.00945	0.04751	0.01407	0.01834	0.02997	0.06308	0.03232	0.01562	0.00792	0.00263	0.00541	0.68538	0.00538	0.00558
82	0.83671	0.01125	0.00855	0.00765	0.01125	0.01305	0.00630	0.01709	0.00990	0.02609	0.00810	0.00945	0.00630	0.00540	0.00360	0.00180	0.00450	0.00315	0.00360	0.00630
83	0.24508	0.01026	0.01216	0.00962	0.01387	0.00976	0.00794	0.02530	0.01482	0.56420	0.01893	0.01700	0.01221	0.00671	0.00524	0.00180	0.00483	0.00512	0.00623	0.00892
84	0.00846	0.00564	0.00634	0.00634	0.00634	0.00564	0.00352	0.00846	0.00846	0.01128	0.01832	0.03805	0.02114	0.79563	0.02960	0.00564	0.00564	0.00846	0.00352	0.00352
85	0.01272	0.01272	0.01781	0.01527	0.01527	0.01781	0.01272	0.01399	0.00891	0.01399	0.00763	0.01272	0.00763	0.01018	0.01908	0.00254	0.78499	0.00509	0.00254	0.00636
86	0.83671	0.01125	0.00855	0.00765	0.01125	0.01305	0.00630	0.01709	0.00990	0.02609	0.00810	0.00945	0.00630	0.00540	0.00360	0.00180	0.00450	0.00315	0.00360	0.00630
87	0.01098	0.01034	0.01744	0.78165	0.04005	0.01292	0.01615	0.01486	0.01163	0.01486	0.01034	0.01550	0.00775	0.00581	0.00581	0.00194	0.00775	0.00517	0.00258	0.00646
88	0.01446	0.01249	0.01315	0.01183	0.01512	0.01446	0.00920	0.03090	0.74885	0.02433	0.02367	0.02170	0.01775	0.00789	0.00592	0.00197	0.00460	0.00657	0.00592	0.00920
89	0.00880	0.00627	0.00863	0.00991	0.01095	0.00619	0.00819	0.01097	0.01264	0.01654	0.03053	0.23332	0.03408	0.05108	0.00885	0.00274	0.00491	0.52500	0.00528	0.00513

[dist]
# distance from previous block
# <min> <max>
0	3

[block]
# block no. 1 follows, 40 sequences, length 19
# corresponding to MSA columns:
# 289-307
name=unknown_B
#
# <colnr> <probs for GDERKNQSTAVLIFYWHMCP>
#	G	D	E	R	K	N	Q	S	T	A	V	L	I	F	Y	W	H	M	C	P
0	0.83671	0.01125	0.00855	0.00765	0.01125	0.01305	0.00630	0.01709	0.00990	0.02609	0.00810	0.00945	0.00630	0.00540	0.00360	0.00180	0.00450	0.00315	0.00360	0.00630
1	0.01084	0.00542	0.00542	0.00542	0.00678	0.00542	0.00407	0.01355	0.01220	0.02168	0.01897	0.02168	0.01491	0.00678	0.00407	0.00136	0.00271	0.00542	0.82791	0.00542
2	0.00709	0.00506	0.00675	0.00810	0.00843	0.00472	0.00540	0.00810	0.01113	0.01484	0.03205	0.79184	0.03846	0.01822	0.00742	0.00236	0.00337	0.01653	0.00540	0.00472
3	0.02609	0.00990	0.01350	0.01035	0.01484	0.00855	0.00855	0.02834	0.01664	0.76338	0.02294	0.01979	0.01439	0.00720	0.00585	0.00180	0.00495	0.00585	0.00720	0.00990
4	0.01538	0.01229	0.01318	0.01172	0.01510	0.01400	0.00915	0.03070	0.69141	0.08231	0.02361	0.02155	0.01749	0.00784	0.00591	0.00196	0.00463	0.00652	0.00602	0.00926
5	0.01482	0.01267	0.01335	0.01191	0.01526	0.01463	0.00929	0.06415	0.71502	0.02490	0.02321	0.02133	0.01738	0.00785	0.00591	0.00196	0.00469	0.00651	0.00591	0.00924
6	0.01272	0.01272	0.01781	0.01527	0.01527	0.01781	0.01272	0.01399	0.00891	0.01399	0.00763	0.01272	0.00763	0.01018	0.01908	0.00254	0.78499	0.00509	0.00254	0.00636
7	0.02211	0.01629	0.01745	0.01338	0.01803	0.01803	0.01105	0.73997	0.02734	0.03665	0.01396	0.01396	0.00989	0.00698	0.00582	0.00175	0.00640	0.00524	0.00582	0.00989
8	0.01439	0.01382	0.02360	0.03569	0.75936	0.01382	0.01785	0.01785	0.01324	0.01900	0.01094	0.01439	0.00921	0.00518	0.00576	0.00173	0.00691	0.00518	0.00288	0.00921
9	0.02465	0.00976	0.01319	0.01014	0.01454	0.00838	0.00834	0.02693	0.01640	0.69500	0.05148	0.02033	0.01570	0.00723	0.00581	0.00175	0.00483	0.00591	0.00697	0.05266
10	0.00687	0.00589	0.00589	0.00589	0.00785	0.00491	0.00442	0.00835	0.01325	0.01571	0.05891	0.05596	0.75700	0.01473	0.00687	0.00196	0.00295	0.01227	0.00540	0.00491
11	0.01272	0.01272	0.01781	0.01527	0.01527	0.01781	0.01272	0.01399	0.00891	0.01399	0.00763	0.01272	0.00763	0.01018	0.01908	0.00254	0.78499	0.00509	0.00254	0.00636
12	0.01439	0.01382	0.02360	0.03569	0.75936	0.01382	0.01785	0.01785	0.01324	0.01900	0.01094	0.01439	0.00921	0.00518	0.00576	0.00173	0.00691	0.00518	0.00288	0.00921
13	0.00695	0.00559	0.00620	0.00668	0.00806	0.00484	0.00477	0.00826	0.01249	0.01540	0.04929	0.31958	0.49959	0.01598	0.00707	0.00211	0.00310	0.01380	0.00540	0.00484
14	0.01555	0.79913	0.03047	0.00995	0.01493	0.02301	0.00995	0.01741	0.01182	0.01368	0.00808	0.00933	0.00746	0.00498	0.00373	0.00124	0.00622	0.00311	0.00249	0.00746
15	0.00699	0.00590	0.00606	0.00602	0.00793	0.00496	0.00451	0.00858	0.01354	0.01638	0.11991	0.05487	0.69558	0.01448	0.00687	0.00195	0.00293	0.01212	0.00549	0.00496
16	0.01206	0.01034	0.01206	0.00861	0.01378	0.00775	0.00689	0.01464	0.01206	0.01895	0.01034	0.01206	0.00861	0.00431	0.00431	0.00086	0.00431	0.00345	0.00345	0.83118
17	0.02211	0.01629	0.01745	0.01338	0.01803	0.01803	0.01105	0.73997	0.02734	0.03665	0.01396	0.01396	0.00989	0.00698	0.00582	0.00175	0.00640	0.00524	0.00582	0.00989
18	0.00831	0.00558	0.00638	0.00653	0.00656	0.00554	0.00372	0.00842	0.00874	0.01165	0.01976	0.11708	0.02296	0.71413	0.02727	0.00529	0.00540	0.00930	0.00372	0.00365

[dist]
# distance from previous block
# <min> <max>
0	300

# created by:
# /software/SequenceAnalysis/GenePrediction/augustus/3.0.1/scripts/msa2prfl.pl ./fixed/BUSCOvEOG7NS4R8.fas
