[name]
unknown

[dist]
# distance from previous block
# <min> <max>
0	551

[block]
# block no. 0 follows, 41 sequences, length 63
# corresponding to MSA columns:
# 592-654
name=unknown_A
#
# <colnr> <probs for GDERKNQSTAVLIFYWHMCP>
#	G	D	E	R	K	N	Q	S	T	A	V	L	I	F	Y	W	H	M	C	P
0	0.00922	0.00658	0.00922	0.01053	0.01185	0.00658	0.00922	0.01185	0.01317	0.01712	0.03029	0.06452	0.03292	0.01580	0.00790	0.00263	0.00527	0.72480	0.00527	0.00527
1	0.01034	0.00931	0.01458	0.54929	0.03075	0.01109	0.01333	0.01442	0.05320	0.01558	0.01885	0.02681	0.09221	0.00819	0.00614	0.00201	0.00661	0.10770	0.00341	0.00619
2	0.01084	0.01022	0.01716	0.76759	0.03884	0.01282	0.01581	0.01459	0.01138	0.01459	0.01011	0.01519	0.00762	0.00582	0.00602	0.00192	0.02552	0.00508	0.00254	0.00635
3	0.00826	0.00624	0.00929	0.00924	0.01021	0.00732	0.00717	0.01024	0.00916	0.01323	0.01523	0.02263	0.01432	0.06071	0.74265	0.00897	0.03080	0.00616	0.00306	0.00509
4	0.00703	0.00509	0.00665	0.00778	0.00828	0.00471	0.00525	0.00816	0.01142	0.01520	0.08061	0.69936	0.08473	0.01730	0.00723	0.00226	0.00325	0.01561	0.00537	0.00471
5	0.01414	0.01380	0.05305	0.02935	0.57561	0.03815	0.01600	0.01788	0.03602	0.04428	0.01360	0.01984	0.01196	0.00646	0.00589	0.00181	0.00668	0.08360	0.00332	0.00856
6	0.01347	0.01581	0.05891	0.02453	0.07621	0.01437	0.67124	0.01827	0.01342	0.01834	0.01147	0.01523	0.00865	0.00486	0.00664	0.00191	0.00942	0.00656	0.00287	0.00783
7	0.01416	0.01359	0.02322	0.03511	0.76330	0.01359	0.01755	0.01755	0.01302	0.01869	0.01076	0.01416	0.00906	0.00510	0.00566	0.00170	0.00680	0.00510	0.00283	0.00906
8	0.00854	0.00701	0.00861	0.00934	0.01000	0.03979	0.00695	0.00992	0.01133	0.01488	0.02823	0.50358	0.05710	0.01732	0.04383	0.00266	0.07934	0.13171	0.00483	0.00502
9	0.01366	0.01331	0.02328	0.12993	0.57972	0.01358	0.09068	0.01753	0.02880	0.01824	0.01103	0.01458	0.00902	0.00521	0.00578	0.00175	0.00714	0.00529	0.00286	0.00858
10	0.02137	0.02726	0.01621	0.01474	0.01768	0.77602	0.01105	0.02284	0.01621	0.01400	0.00884	0.01031	0.00737	0.00589	0.00516	0.00147	0.01031	0.00368	0.00295	0.00663
11	0.01619	0.01911	0.04620	0.09635	0.17909	0.35335	0.04447	0.01866	0.01392	0.01571	0.01209	0.04971	0.02823	0.00665	0.00621	0.00170	0.04909	0.00519	0.03104	0.00704
12	0.01276	0.03256	0.02018	0.35776	0.33219	0.02945	0.04919	0.01620	0.01236	0.03093	0.01155	0.04848	0.00968	0.00596	0.00575	0.00181	0.00716	0.00558	0.00289	0.00755
13	0.00826	0.00695	0.00860	0.03851	0.01083	0.05421	0.03196	0.00952	0.01139	0.01469	0.02858	0.68845	0.03373	0.01623	0.00709	0.00224	0.00415	0.01470	0.00497	0.00494
14	0.01422	0.01456	0.09749	0.08572	0.39512	0.03180	0.02912	0.09650	0.01463	0.04624	0.03822	0.01903	0.05688	0.00657	0.00583	0.00178	0.00664	0.02779	0.00357	0.00830
15	0.01416	0.01359	0.02322	0.03511	0.76330	0.01359	0.01755	0.01755	0.01302	0.01869	0.01076	0.01416	0.00906	0.00510	0.00566	0.00170	0.00680	0.00510	0.00283	0.00906
16	0.01206	0.02425	0.54563	0.01679	0.02395	0.01263	0.13817	0.01784	0.01257	0.04342	0.01293	0.01820	0.01032	0.00644	0.00591	0.00191	0.00820	0.07778	0.00294	0.00805
17	0.08712	0.08222	0.06504	0.01390	0.01748	0.45261	0.08030	0.02006	0.01425	0.01609	0.00996	0.01193	0.00813	0.00701	0.03256	0.00181	0.00897	0.00411	0.05972	0.00672
18	0.01412	0.01369	0.02380	0.03450	0.72244	0.01364	0.05794	0.01760	0.01305	0.01867	0.01080	0.01423	0.00904	0.00508	0.00572	0.00171	0.00695	0.00519	0.00283	0.00899
19	0.01337	0.01202	0.06617	0.02684	0.01573	0.00931	0.03559	0.06424	0.04552	0.06749	0.03766	0.01416	0.01078	0.00514	0.00479	0.00117	0.00494	0.00425	0.00388	0.55697
20	0.01048	0.00748	0.01041	0.00892	0.01127	0.00672	0.05268	0.01347	0.03745	0.08280	0.43800	0.12173	0.03836	0.01043	0.00635	0.00174	0.00366	0.00932	0.00560	0.12311
21	0.00778	0.00644	0.00800	0.00745	0.00937	0.00575	0.03906	0.01017	0.03001	0.01825	0.27901	0.04902	0.44653	0.01307	0.00679	0.00192	0.00330	0.04729	0.00552	0.00526
22	0.01277	0.01021	0.01213	0.00878	0.01367	0.00798	0.00706	0.01525	0.01205	0.06644	0.01088	0.01237	0.00881	0.00460	0.00478	0.00096	0.02837	0.00359	0.00360	0.75572
23	0.00771	0.00617	0.00955	0.00956	0.01059	0.00574	0.08415	0.00921	0.01156	0.01542	0.06413	0.64500	0.06684	0.01608	0.00719	0.00224	0.00395	0.01479	0.00510	0.00502
24	0.01186	0.01017	0.01186	0.00847	0.01356	0.00762	0.00678	0.01440	0.01186	0.01864	0.01017	0.01186	0.00847	0.00424	0.00424	0.00085	0.00424	0.00339	0.00339	0.83395
25	0.01350	0.01543	0.03375	0.02411	0.02989	0.01446	0.74253	0.01832	0.01350	0.01832	0.01157	0.01543	0.00868	0.00482	0.00675	0.00193	0.00964	0.00675	0.00289	0.00771
26	0.00687	0.00581	0.00595	0.00596	0.00785	0.00489	0.00449	0.00840	0.01319	0.01583	0.08976	0.05467	0.71359	0.01438	0.00678	0.00194	0.00294	0.02648	0.00536	0.00486
27	0.00702	0.00502	0.00668	0.00793	0.00831	0.00468	0.00531	0.00809	0.01118	0.01497	0.06339	0.76234	0.03854	0.01765	0.00728	0.00230	0.00329	0.01600	0.00535	0.00468
28	0.81400	0.01102	0.00856	0.00760	0.01117	0.01269	0.00626	0.01716	0.00994	0.04879	0.00842	0.00961	0.00644	0.00536	0.00361	0.00177	0.00444	0.00318	0.00365	0.00630
29	0.00697	0.00498	0.00664	0.00796	0.00830	0.00465	0.00531	0.00796	0.01095	0.01460	0.03153	0.79525	0.03783	0.01792	0.00730	0.00232	0.00332	0.01626	0.00531	0.00465
30	0.01423	0.01229	0.01293	0.01164	0.01487	0.01423	0.00905	0.03039	0.75297	0.02393	0.02328	0.02134	0.01746	0.00776	0.00582	0.00194	0.00453	0.00647	0.00582	0.00905
31	0.02566	0.00973	0.01327	0.01018	0.01460	0.00841	0.00841	0.02788	0.01637	0.76726	0.02257	0.01947	0.01416	0.00708	0.00575	0.00177	0.00487	0.00575	0.00708	0.00973
32	0.02174	0.01602	0.01717	0.01316	0.01774	0.01774	0.01087	0.74423	0.02689	0.03605	0.01373	0.01373	0.00973	0.00687	0.00572	0.00172	0.00629	0.00515	0.00572	0.00973
33	0.01186	0.01017	0.01186	0.00847	0.01356	0.00762	0.00678	0.01440	0.01186	0.01864	0.01017	0.01186	0.00847	0.00424	0.00424	0.00085	0.00424	0.00339	0.00339	0.83395
34	0.83938	0.01106	0.00841	0.00752	0.01106	0.01283	0.00619	0.01681	0.00973	0.02566	0.00796	0.00929	0.00619	0.00531	0.00354	0.00177	0.00442	0.00310	0.00354	0.00619
35	0.00810	0.00585	0.00765	0.00720	0.00855	0.00540	0.00540	0.01079	0.01619	0.02294	0.76028	0.04273	0.05397	0.01169	0.00675	0.00180	0.00270	0.01034	0.00630	0.00540
36	0.79329	0.01195	0.00971	0.03627	0.01308	0.01351	0.00714	0.01761	0.01068	0.02631	0.00944	0.01144	0.00758	0.00623	0.00423	0.00202	0.00501	0.00364	0.00396	0.00690
37	0.75131	0.01198	0.01013	0.00947	0.03545	0.01329	0.00727	0.01834	0.01110	0.06857	0.01028	0.01195	0.00807	0.00631	0.00435	0.00201	0.00499	0.00378	0.00417	0.00718
38	0.02671	0.01068	0.01416	0.01107	0.01554	0.00919	0.00896	0.02851	0.01711	0.75234	0.02365	0.02118	0.01532	0.00795	0.00632	0.00202	0.00533	0.00617	0.00746	0.01036
39	0.01525	0.01373	0.01851	0.12494	0.31757	0.03780	0.01386	0.04726	0.26395	0.02174	0.04882	0.01966	0.01489	0.00736	0.00633	0.00205	0.00647	0.00617	0.00452	0.00913
40	0.01666	0.01602	0.02161	0.09632	0.50399	0.11088	0.01610	0.07634	0.04253	0.02049	0.01250	0.01583	0.01035	0.00640	0.00618	0.00195	0.00761	0.00540	0.00363	0.00921
41	0.01436	0.01491	0.02746	0.03980	0.02578	0.04058	0.50496	0.05099	0.01464	0.01948	0.01843	0.05072	0.08516	0.00778	0.00767	0.00220	0.03843	0.02491	0.00385	0.00789
42	0.05128	0.01393	0.05415	0.01444	0.06497	0.04016	0.06072	0.11930	0.05157	0.43390	0.01942	0.01885	0.01333	0.00748	0.00627	0.00201	0.00631	0.00590	0.00616	0.00985
43	0.01480	0.01673	0.14348	0.03137	0.59652	0.01390	0.01812	0.01825	0.01369	0.01972	0.01287	0.01783	0.01107	0.00653	0.00629	0.00201	0.00741	0.03662	0.00334	0.00944
44	0.02646	0.01108	0.01441	0.01126	0.01573	0.00978	0.00912	0.07393	0.01778	0.70597	0.02309	0.02082	0.01504	0.00793	0.00632	0.00201	0.00542	0.00613	0.00737	0.01036
45	0.01356	0.06241	0.62046	0.01830	0.07566	0.03822	0.04614	0.01903	0.01313	0.01904	0.01155	0.01403	0.00874	0.00628	0.00599	0.00202	0.00872	0.00475	0.00296	0.00902
46	0.01338	0.09558	0.62133	0.01785	0.06669	0.01483	0.04601	0.01885	0.01297	0.01896	0.01149	0.01393	0.00872	0.00625	0.00592	0.00200	0.00858	0.00471	0.00294	0.00902
47	0.01384	0.01340	0.01831	0.01581	0.01594	0.01810	0.01298	0.01470	0.00966	0.01507	0.00892	0.01437	0.00881	0.01082	0.01906	0.00273	0.77210	0.00543	0.00298	0.00696
48	0.00825	0.00683	0.00689	0.00682	0.00883	0.00570	0.00501	0.00933	0.01393	0.01691	0.07632	0.05568	0.72789	0.01512	0.00731	0.00217	0.00339	0.01230	0.00575	0.00557
49	0.00842	0.00603	0.00766	0.00891	0.00937	0.00551	0.00593	0.00903	0.01181	0.01588	0.03242	0.78025	0.03848	0.01855	0.00784	0.00256	0.00381	0.01645	0.00573	0.00538
50	0.01517	0.01472	0.02316	0.17564	0.51192	0.05742	0.07324	0.01821	0.01375	0.01882	0.01194	0.01607	0.00993	0.00615	0.00630	0.00199	0.00779	0.00557	0.00326	0.00894
51	0.00769	0.00624	0.00661	0.00687	0.00851	0.00531	0.00495	0.00880	0.01307	0.01603	0.05231	0.21894	0.59237	0.01567	0.00721	0.00217	0.00330	0.01316	0.00556	0.00523
52	0.01149	0.00596	0.00597	0.00594	0.00733	0.00584	0.00439	0.01390	0.01250	0.02202	0.01937	0.02234	0.01536	0.00720	0.00437	0.00149	0.00297	0.00559	0.82020	0.00577
53	0.02630	0.01031	0.01381	0.01072	0.01517	0.00888	0.00874	0.02826	0.01682	0.75821	0.02322	0.02051	0.01486	0.00761	0.00610	0.00192	0.00515	0.00600	0.00731	0.01011
54	0.02207	0.02708	0.01675	0.01514	0.01821	0.73121	0.01134	0.05682	0.01716	0.01581	0.00991	0.01163	0.00827	0.00648	0.00554	0.00164	0.01034	0.00403	0.00336	0.00719
55	0.00799	0.00572	0.00742	0.00870	0.00917	0.00529	0.00593	0.00886	0.01161	0.01554	0.03199	0.73982	0.03791	0.01817	0.00766	0.00248	0.00374	0.06130	0.00556	0.00513
56	0.01606	0.79264	0.03029	0.01033	0.01525	0.02292	0.01010	0.01765	0.01213	0.01425	0.00880	0.01035	0.00813	0.00545	0.00404	0.00138	0.00638	0.00334	0.00274	0.00775
57	0.02565	0.01016	0.01360	0.01061	0.01494	0.00877	0.00863	0.02763	0.01681	0.73071	0.05048	0.02137	0.01633	0.00778	0.00613	0.00192	0.00507	0.00617	0.00728	0.00995
58	0.01175	0.00799	0.00897	0.00823	0.00937	0.00835	0.00570	0.12032	0.01275	0.01829	0.05014	0.03013	0.01920	0.41451	0.06671	0.00425	0.03286	0.00734	0.15764	0.00549
59	0.04569	0.01242	0.01509	0.10696	0.12759	0.01389	0.01127	0.02552	0.48163	0.02253	0.03286	0.02195	0.01645	0.00789	0.00613	0.00206	0.00550	0.03061	0.00514	0.00882
60	0.00764	0.00642	0.00643	0.00639	0.00838	0.00535	0.00473	0.00885	0.01353	0.01622	0.05814	0.05562	0.75193	0.01492	0.00709	0.00208	0.00320	0.01224	0.00556	0.00527
61	0.01306	0.01152	0.01807	0.02540	0.45783	0.01142	0.01417	0.01637	0.04180	0.01919	0.04471	0.03239	0.04538	0.00937	0.00673	0.00214	0.00625	0.21198	0.00413	0.00809
62	0.01501	0.01283	0.01348	0.01216	0.01544	0.01462	0.00938	0.03075	0.74379	0.02458	0.02393	0.02235	0.01812	0.00828	0.00616	0.00209	0.00481	0.00671	0.00607	0.00944

[dist]
# distance from previous block
# <min> <max>
3	11

[block]
# block no. 1 follows, 41 sequences, length 109
# corresponding to MSA columns:
# 666-774
name=unknown_B
#
# <colnr> <probs for GDERKNQSTAVLIFYWHMCP>
#	G	D	E	R	K	N	Q	S	T	A	V	L	I	F	Y	W	H	M	C	P
0	0.01087	0.00847	0.01136	0.01180	0.09439	0.00784	0.04656	0.01378	0.05901	0.06506	0.22420	0.04207	0.32512	0.01185	0.00690	0.00204	0.00427	0.04227	0.00555	0.00661
1	0.01469	0.01413	0.02445	0.07410	0.63547	0.01404	0.09684	0.01800	0.01348	0.01915	0.01163	0.01546	0.00971	0.00565	0.00613	0.00188	0.00740	0.00553	0.00311	0.00915
2	0.01317	0.17428	0.57480	0.01525	0.02269	0.01551	0.01843	0.01919	0.05767	0.01832	0.01144	0.01322	0.00868	0.00602	0.00547	0.00186	0.00801	0.00441	0.00292	0.00867
3	0.01216	0.01036	0.01286	0.00974	0.01430	0.00808	0.04314	0.01437	0.01234	0.01885	0.01365	0.10835	0.01282	0.00649	0.00509	0.00124	0.00468	0.00540	0.00387	0.68221
4	0.01187	0.00810	0.01029	0.19286	0.01628	0.00894	0.00809	0.05742	0.01259	0.01947	0.01635	0.02183	0.01372	0.09164	0.05390	0.00260	0.03557	0.00586	0.40651	0.00610
5	0.01494	0.01411	0.02362	0.03532	0.75413	0.01399	0.01777	0.01807	0.01351	0.01941	0.01157	0.01526	0.00983	0.00565	0.00601	0.00185	0.00705	0.00535	0.00311	0.00945
6	0.01429	0.01416	0.06543	0.07571	0.54295	0.01327	0.01617	0.06159	0.01410	0.01982	0.01511	0.05882	0.04819	0.00696	0.00614	0.00191	0.00679	0.00624	0.00350	0.00884
7	0.00884	0.00659	0.00716	0.00702	0.00809	0.00615	0.00465	0.01016	0.04353	0.01544	0.12193	0.04449	0.29069	0.37981	0.01746	0.00375	0.00448	0.01004	0.00484	0.00488
8	0.01650	0.04823	0.04261	0.01275	0.09762	0.00962	0.00924	0.06211	0.01629	0.26148	0.27587	0.07448	0.02865	0.00946	0.00641	0.00193	0.00480	0.00794	0.00597	0.00806
9	0.00973	0.00818	0.00899	0.00917	0.05587	0.00743	0.00638	0.04777	0.07308	0.01830	0.04739	0.04575	0.56372	0.01280	0.00674	0.00199	0.00382	0.01049	0.00535	0.05704
10	0.02174	0.00987	0.01266	0.01018	0.01395	0.00887	0.00816	0.06687	0.03662	0.52808	0.14481	0.02618	0.06703	0.00881	0.00632	0.00193	0.00475	0.00712	0.00696	0.00909
11	0.01520	0.51414	0.26874	0.01245	0.01850	0.01938	0.01372	0.01836	0.01245	0.04303	0.01007	0.01165	0.00834	0.00570	0.00469	0.00159	0.00709	0.00382	0.00289	0.00820
12	0.01512	0.48562	0.18882	0.01168	0.01712	0.03008	0.01217	0.01785	0.01256	0.04643	0.03010	0.01287	0.00989	0.00696	0.02813	0.00177	0.00698	0.00402	0.00310	0.05874
13	0.01415	0.01288	0.01650	0.26592	0.13594	0.04160	0.01294	0.02344	0.36623	0.02042	0.01728	0.01890	0.01331	0.00715	0.00608	0.00202	0.00636	0.00595	0.00445	0.00848
14	0.01297	0.01203	0.01956	0.47568	0.29222	0.01350	0.01638	0.01696	0.04804	0.01726	0.01182	0.01625	0.00938	0.00614	0.00605	0.00198	0.00743	0.00541	0.00309	0.00785
15	0.01268	0.02522	0.55873	0.05329	0.16977	0.01354	0.01995	0.01812	0.01265	0.01866	0.01133	0.01406	0.00862	0.00706	0.02926	0.00217	0.00853	0.00476	0.00281	0.00877
16	0.01609	0.70002	0.02815	0.01044	0.01508	0.12216	0.00995	0.01788	0.01223	0.01353	0.00807	0.00933	0.00734	0.00503	0.00387	0.00126	0.00667	0.00314	0.00251	0.00725
17	0.01186	0.01017	0.01186	0.00847	0.01356	0.00762	0.00678	0.01440	0.01186	0.01864	0.01017	0.01186	0.00847	0.00424	0.00424	0.00085	0.00424	0.00339	0.00339	0.83395
18	0.00832	0.00555	0.00624	0.00624	0.00624	0.00555	0.00347	0.00832	0.00832	0.01109	0.01802	0.03743	0.02080	0.79898	0.02911	0.00555	0.00555	0.00832	0.00347	0.00347
19	0.32965	0.01231	0.01700	0.09276	0.40961	0.01322	0.01306	0.01700	0.01162	0.02099	0.00964	0.01239	0.00783	0.00523	0.00486	0.00174	0.00596	0.00433	0.00308	0.00772
20	0.01396	0.39696	0.27857	0.01368	0.06761	0.05795	0.01387	0.01756	0.01214	0.01590	0.00963	0.01130	0.00787	0.00525	0.00450	0.00147	0.00697	0.00376	0.05337	0.00767
21	0.01200	0.01195	0.05450	0.07295	0.43926	0.01117	0.04196	0.01533	0.01349	0.01910	0.18054	0.06752	0.02070	0.00740	0.00604	0.00179	0.00591	0.00697	0.00372	0.00772
22	0.00697	0.00528	0.00644	0.00726	0.00814	0.00475	0.00502	0.00821	0.01191	0.01537	0.08435	0.52334	0.25931	0.01649	0.00710	0.00217	0.00315	0.01462	0.00537	0.00475
23	0.00983	0.00845	0.01302	0.01807	0.29720	0.00817	0.00992	0.01198	0.01253	0.01719	0.10908	0.34355	0.09409	0.01199	0.00656	0.00199	0.00454	0.01093	0.00447	0.00644
24	0.01405	0.04795	0.45627	0.01838	0.14377	0.09059	0.01767	0.01981	0.05841	0.06301	0.01167	0.01316	0.00860	0.00565	0.00543	0.00175	0.00784	0.00451	0.00303	0.00845
25	0.00685	0.00582	0.00593	0.00598	0.00788	0.00490	0.00453	0.00835	0.01304	0.01552	0.05688	0.05541	0.73305	0.01454	0.00680	0.00196	0.00299	0.03941	0.00531	0.00485
26	0.00922	0.00658	0.00922	0.01053	0.01185	0.00658	0.00922	0.01185	0.01317	0.01712	0.03029	0.06452	0.03292	0.01580	0.00790	0.00263	0.00527	0.72480	0.00527	0.00527
27	0.06440	0.06194	0.01506	0.03251	0.01619	0.10116	0.04092	0.04980	0.44157	0.04903	0.01893	0.01996	0.01475	0.00738	0.00561	0.00185	0.00569	0.04007	0.00495	0.00824
28	0.01700	0.07242	0.09383	0.12684	0.26459	0.04089	0.01412	0.08205	0.02609	0.18675	0.01344	0.01486	0.00982	0.00587	0.00551	0.00172	0.00664	0.00498	0.00397	0.00862
29	0.00676	0.00579	0.00579	0.00579	0.00773	0.00483	0.00435	0.00821	0.01304	0.01545	0.05794	0.05505	0.76098	0.01449	0.00676	0.00193	0.00290	0.01207	0.00531	0.00483
30	0.01310	0.01544	0.07279	0.02105	0.02535	0.01527	0.49168	0.01701	0.01207	0.01701	0.01034	0.01440	0.00826	0.00634	0.01010	0.00209	0.23152	0.00610	0.00275	0.00734
31	0.05498	0.01581	0.10534	0.01408	0.07694	0.09052	0.01120	0.11944	0.31698	0.04759	0.01820	0.06385	0.02487	0.00752	0.00567	0.00184	0.00592	0.00611	0.00476	0.00839
32	0.00965	0.00809	0.01116	0.01033	0.01074	0.01015	0.00794	0.01088	0.00882	0.01285	0.01346	0.02318	0.01379	0.23444	0.32552	0.00600	0.26863	0.00634	0.00299	0.00505
33	0.01559	0.00722	0.00830	0.00718	0.00958	0.00694	0.00566	0.06086	0.01413	0.23476	0.01948	0.02035	0.01422	0.00679	0.00460	0.00148	0.00351	0.00544	0.54705	0.00685
34	0.01317	0.11155	0.11633	0.12120	0.07223	0.01504	0.43204	0.01763	0.01281	0.01725	0.01075	0.01418	0.00824	0.00503	0.00603	0.00181	0.00865	0.00569	0.00273	0.00766
35	0.00839	0.00638	0.00918	0.01024	0.03787	0.00613	0.03528	0.01026	0.01216	0.01608	0.06712	0.36311	0.07399	0.05312	0.00842	0.00250	0.00443	0.26512	0.00507	0.00514
36	0.01719	0.01546	0.01562	0.01293	0.01603	0.16545	0.05431	0.30689	0.05452	0.02353	0.01339	0.01636	0.01092	0.06022	0.11013	0.00295	0.05521	0.00534	0.03597	0.00758
37	0.01278	0.01071	0.01236	0.00891	0.01395	0.00857	0.00716	0.08257	0.01327	0.02026	0.01050	0.01204	0.00859	0.00448	0.00437	0.00093	0.00443	0.00355	0.00361	0.75696
38	0.01185	0.01005	0.01145	0.01203	0.04538	0.04669	0.00928	0.01980	0.31196	0.01958	0.02569	0.10148	0.02482	0.01179	0.00678	0.00223	0.00512	0.31177	0.00528	0.00697
39	0.01845	0.01270	0.01375	0.01077	0.01464	0.01348	0.00878	0.47320	0.02155	0.06607	0.01497	0.01559	0.01097	0.00659	0.00519	0.00155	0.00520	0.00506	0.19669	0.08481
40	0.01471	0.68503	0.14228	0.01078	0.01621	0.02121	0.01151	0.01728	0.01169	0.01416	0.00830	0.00962	0.00733	0.00498	0.00394	0.00131	0.00647	0.00324	0.00244	0.00751
41	0.00859	0.00616	0.00731	0.00715	0.00751	0.00625	0.00448	0.00896	0.00895	0.01223	0.01890	0.14564	0.02176	0.58903	0.02378	0.00461	0.05162	0.00899	0.00367	0.05444
42	0.83938	0.01106	0.00841	0.00752	0.01106	0.01283	0.00619	0.01681	0.00973	0.02566	0.00796	0.00929	0.00619	0.00531	0.00354	0.00177	0.00442	0.00310	0.00354	0.00619
43	0.04166	0.01342	0.01413	0.01199	0.01566	0.01529	0.00954	0.25427	0.50225	0.02779	0.01982	0.01858	0.01469	0.00740	0.00572	0.00186	0.00508	0.00595	0.00572	0.00918
44	0.01350	0.01543	0.03375	0.02411	0.02989	0.01446	0.74253	0.01832	0.01350	0.01832	0.01157	0.01543	0.00868	0.00482	0.00675	0.00193	0.00964	0.00675	0.00289	0.00771
45	0.01616	0.01601	0.01495	0.01206	0.01599	0.20916	0.03149	0.12858	0.09512	0.02030	0.01164	0.01292	0.00929	0.00585	0.00593	0.00140	0.05929	0.00427	0.00381	0.32577
46	0.00817	0.00613	0.00919	0.00919	0.01021	0.00715	0.00715	0.01021	0.00919	0.01328	0.01532	0.02247	0.01430	0.04290	0.77631	0.00919	0.01532	0.00613	0.00306	0.00511
47	0.01147	0.02959	0.76934	0.01630	0.02476	0.01328	0.02113	0.01811	0.01208	0.01811	0.01026	0.01208	0.00725	0.00543	0.00543	0.00181	0.00845	0.00423	0.00242	0.00845
48	0.01350	0.01543	0.03375	0.02411	0.02989	0.01446	0.74253	0.01832	0.01350	0.01832	0.01157	0.01543	0.00868	0.00482	0.00675	0.00193	0.00964	0.00675	0.00289	0.00771
49	0.00988	0.00499	0.00741	0.00741	0.00741	0.00499	0.00491	0.00748	0.00748	0.00998	0.01023	0.01811	0.01033	0.04806	0.02260	0.80362	0.00499	0.00509	0.00252	0.00252
50	0.01380	0.00780	0.00987	0.00867	0.01111	0.00743	0.00673	0.01814	0.11987	0.23175	0.38988	0.07519	0.05536	0.01026	0.00637	0.00184	0.00361	0.00888	0.00637	0.00708
51	0.00767	0.00611	0.00692	0.00666	0.00840	0.00550	0.00501	0.01033	0.04791	0.01907	0.35941	0.04820	0.42226	0.01298	0.00671	0.00187	0.00289	0.01107	0.00576	0.00527
52	0.01306	0.01457	0.03116	0.05643	0.05896	0.01383	0.64252	0.01758	0.01326	0.01798	0.01254	0.05693	0.01020	0.00557	0.00669	0.00194	0.00910	0.00712	0.00300	0.00755
53	0.01139	0.01148	0.08326	0.10543	0.21317	0.01048	0.01322	0.01606	0.08596	0.01801	0.02038	0.03671	0.01994	0.01012	0.00664	0.00216	0.00615	0.31828	0.00412	0.00705
54	0.01204	0.07501	0.70038	0.01581	0.02392	0.01399	0.02012	0.04226	0.01254	0.01844	0.01024	0.01196	0.00733	0.00545	0.00534	0.00177	0.00824	0.00419	0.00253	0.00843
55	0.01332	0.01263	0.02156	0.18737	0.49870	0.01321	0.06056	0.04078	0.01296	0.01808	0.01106	0.01495	0.00908	0.00754	0.05204	0.00221	0.00764	0.00526	0.00289	0.00820
56	0.01424	0.01586	0.09847	0.08441	0.34362	0.10491	0.07046	0.01842	0.05721	0.04643	0.01489	0.04251	0.05025	0.00642	0.00579	0.00177	0.00715	0.00581	0.00334	0.00804
57	0.02566	0.00973	0.01327	0.01018	0.01460	0.00841	0.00841	0.02788	0.01637	0.76726	0.02257	0.01947	0.01416	0.00708	0.00575	0.00177	0.00487	0.00575	0.00708	0.00973
58	0.02553	0.00994	0.01340	0.01028	0.01471	0.00872	0.00849	0.05176	0.01672	0.74288	0.02227	0.01928	0.01401	0.00707	0.00575	0.00177	0.00491	0.00573	0.00703	0.00973
59	0.01330	0.01265	0.02112	0.22527	0.53869	0.01340	0.01668	0.01749	0.05206	0.01793	0.01128	0.01482	0.00914	0.00540	0.00569	0.00176	0.00689	0.00517	0.00292	0.00837
60	0.01209	0.15457	0.64977	0.01525	0.02313	0.01480	0.01930	0.01795	0.01200	0.01736	0.00989	0.01161	0.00726	0.00535	0.00515	0.00172	0.00808	0.00404	0.00242	0.00827
61	0.52213	0.01816	0.30000	0.01089	0.01631	0.01300	0.01192	0.01731	0.01063	0.02277	0.00885	0.01036	0.00660	0.00536	0.00427	0.00179	0.00597	0.00353	0.00311	0.00706
62	0.01960	0.15716	0.01926	0.01598	0.09350	0.57036	0.01150	0.02133	0.01511	0.01439	0.00889	0.01052	0.00754	0.00564	0.00496	0.00145	0.00924	0.00372	0.00285	0.00700
63	0.01157	0.01149	0.02146	0.54013	0.03550	0.01294	0.22252	0.01562	0.01205	0.01591	0.01087	0.01552	0.00818	0.00550	0.00595	0.00189	0.00802	0.00557	0.03261	0.00670
64	0.01454	0.01424	0.02172	0.04671	0.63465	0.06012	0.01634	0.01900	0.08112	0.01880	0.01178	0.01460	0.00970	0.00540	0.00565	0.00171	0.00682	0.00514	0.00311	0.00886
65	0.01152	0.23231	0.26848	0.01139	0.01608	0.01354	0.01225	0.01554	0.03252	0.01807	0.22516	0.02171	0.04600	0.00765	0.00602	0.00169	0.04326	0.00601	0.00372	0.00707
66	0.01099	0.01042	0.01719	0.70260	0.03678	0.01322	0.01552	0.01452	0.01115	0.01452	0.00988	0.01496	0.00761	0.00618	0.00712	0.00197	0.09140	0.00507	0.00254	0.00634
67	0.00799	0.00582	0.00752	0.00715	0.00850	0.00535	0.00534	0.01058	0.01587	0.02231	0.70277	0.06796	0.08732	0.01203	0.00677	0.00182	0.00273	0.01062	0.00622	0.00535
68	0.01066	0.00533	0.00533	0.00533	0.00666	0.00533	0.00400	0.01333	0.01200	0.02132	0.01866	0.02132	0.01466	0.00666	0.00400	0.00133	0.00267	0.00533	0.83073	0.00533
69	0.02523	0.01012	0.01347	0.01036	0.01477	0.00902	0.00855	0.06611	0.03148	0.71361	0.02211	0.01920	0.01399	0.00708	0.00575	0.00177	0.00494	0.00573	0.00698	0.00972
70	0.01147	0.02959	0.76934	0.01630	0.02476	0.01328	0.02113	0.01811	0.01208	0.01811	0.01026	0.01208	0.00725	0.00543	0.00543	0.00181	0.00845	0.00423	0.00242	0.00845
71	0.01225	0.01212	0.01701	0.01466	0.01472	0.01688	0.01218	0.01355	0.00879	0.01374	0.00799	0.01313	0.00793	0.01203	0.06531	0.00291	0.74102	0.00507	0.00254	0.00619
72	0.00697	0.00498	0.00664	0.00796	0.00830	0.00465	0.00531	0.00796	0.01095	0.01460	0.03153	0.79525	0.03783	0.01792	0.00730	0.00232	0.00332	0.01626	0.00531	0.00465
73	0.01111	0.01048	0.01771	0.71703	0.10521	0.01279	0.01604	0.01488	0.01158	0.01498	0.01022	0.01515	0.00776	0.00566	0.00571	0.00189	0.00755	0.00508	0.00257	0.00660
74	0.01364	0.01347	0.02420	0.12445	0.55546	0.01363	0.13586	0.01732	0.01291	0.01813	0.01082	0.01450	0.00882	0.00513	0.00585	0.00176	0.00736	0.00537	0.00281	0.00851
75	0.00817	0.00613	0.00919	0.00919	0.01021	0.00715	0.00715	0.01021	0.00919	0.01328	0.01532	0.02247	0.01430	0.04290	0.77631	0.00919	0.01532	0.00613	0.00306	0.00511
76	0.02139	0.02671	0.01626	0.01466	0.01769	0.73872	0.01104	0.05833	0.01673	0.01508	0.00908	0.01048	0.00748	0.00594	0.00519	0.00149	0.01012	0.00376	0.00308	0.00678
77	0.01219	0.17538	0.62986	0.01507	0.02286	0.01505	0.01899	0.01793	0.01199	0.01724	0.00983	0.01153	0.00726	0.00533	0.00510	0.00170	0.00801	0.00401	0.00242	0.00824
78	0.16771	0.01028	0.01261	0.00986	0.01414	0.00964	0.00814	0.06118	0.01573	0.60166	0.01958	0.01741	0.01255	0.00676	0.00536	0.00177	0.00486	0.00526	0.00639	0.00912
79	0.00697	0.00498	0.00664	0.00796	0.00830	0.00465	0.00531	0.00796	0.01095	0.01460	0.03153	0.79525	0.03783	0.01792	0.00730	0.00232	0.00332	0.01626	0.00531	0.00465
80	0.01352	0.01537	0.02795	0.02069	0.02534	0.09164	0.54238	0.01739	0.01334	0.01725	0.01485	0.05453	0.05608	0.00647	0.00735	0.00194	0.05648	0.00711	0.00314	0.00719
81	0.00722	0.00620	0.00769	0.00740	0.00921	0.00538	0.04957	0.00877	0.01260	0.01544	0.04920	0.21843	0.55313	0.01467	0.00688	0.00202	0.00340	0.01269	0.00516	0.00496
82	0.02147	0.02406	0.01648	0.01429	0.01770	0.55994	0.01100	0.22841	0.01925	0.02028	0.01024	0.01129	0.00804	0.00617	0.00532	0.00154	0.00917	0.00410	0.00374	0.00751
83	0.01702	0.58153	0.02605	0.01120	0.01554	0.23732	0.01015	0.01876	0.01293	0.01361	0.00821	0.00950	0.00735	0.00518	0.00409	0.00129	0.00731	0.00324	0.00259	0.00714
84	0.01366	0.01173	0.01243	0.01122	0.01431	0.01345	0.00871	0.02863	0.68921	0.02364	0.06847	0.02351	0.03925	0.00817	0.00590	0.00193	0.00437	0.00685	0.00584	0.00872
85	0.00676	0.00579	0.00579	0.00579	0.00773	0.00483	0.00435	0.00821	0.01304	0.01545	0.05794	0.05505	0.76098	0.01449	0.00676	0.00193	0.00290	0.01207	0.00531	0.00483
86	0.01080	0.01017	0.01716	0.78523	0.03940	0.01271	0.01589	0.01461	0.01144	0.01461	0.01017	0.01525	0.00762	0.00572	0.00572	0.00191	0.00762	0.00508	0.00254	0.00635
87	0.00959	0.00701	0.00950	0.01062	0.01208	0.00716	0.00920	0.01324	0.06871	0.01763	0.02976	0.06128	0.03176	0.01520	0.00774	0.00258	0.00521	0.67087	0.00531	0.00555
88	0.00936	0.00759	0.00938	0.07902	0.01268	0.00745	0.04243	0.05621	0.05762	0.01828	0.07101	0.06708	0.41773	0.01140	0.00623	0.00185	0.00394	0.00967	0.10532	0.00574
89	0.01529	0.80242	0.02997	0.00979	0.01468	0.02263	0.00979	0.01713	0.01162	0.01346	0.00795	0.00918	0.00734	0.00489	0.00367	0.00122	0.00612	0.00306	0.00245	0.00734
90	0.02543	0.01011	0.01351	0.01035	0.01479	0.00896	0.00855	0.07040	0.01700	0.72385	0.02204	0.01913	0.01390	0.00707	0.00575	0.00177	0.00495	0.00572	0.00700	0.00973
91	0.00798	0.00582	0.00825	0.00849	0.00922	0.00643	0.00621	0.00950	0.00937	0.01316	0.01869	0.16468	0.01962	0.16197	0.51509	0.00735	0.01155	0.00832	0.00354	0.00476
92	0.01866	0.02115	0.06173	0.06143	0.03086	0.38636	0.03800	0.19355	0.04779	0.02027	0.01381	0.01489	0.05316	0.00662	0.00553	0.00164	0.00832	0.00490	0.00381	0.00753
93	0.01131	0.01055	0.01439	0.01257	0.01265	0.01410	0.01005	0.01236	0.00911	0.01371	0.05509	0.01993	0.01329	0.18754	0.02037	0.00314	0.56523	0.00607	0.00295	0.00558
94	0.00697	0.00498	0.00664	0.00796	0.00830	0.00465	0.00531	0.00796	0.01095	0.01460	0.03153	0.79525	0.03783	0.01792	0.00730	0.00232	0.00332	0.01626	0.00531	0.00465
95	0.06411	0.07220	0.37108	0.06261	0.09975	0.20091	0.01639	0.01887	0.01298	0.01713	0.00968	0.01171	0.00743	0.00549	0.00519	0.00168	0.00830	0.00410	0.00267	0.00774
96	0.01717	0.01477	0.01603	0.01741	0.18824	0.13506	0.01131	0.05171	0.33861	0.12203	0.01764	0.01739	0.01318	0.00672	0.00567	0.00178	0.00608	0.00556	0.00484	0.00878
97	0.00829	0.00564	0.00672	0.00672	0.00689	0.00581	0.00407	0.00863	0.00846	0.01145	0.01758	0.03499	0.01973	0.67539	0.15125	0.00614	0.00714	0.00796	0.00340	0.00373
98	0.00925	0.00781	0.01213	0.01111	0.01224	0.00941	0.05227	0.01133	0.00938	0.01367	0.01372	0.02030	0.01277	0.03483	0.59699	0.00758	0.15083	0.00597	0.00296	0.00547
99	0.01715	0.02428	0.23041	0.01777	0.12455	0.36976	0.01470	0.02092	0.04129	0.04508	0.01053	0.01218	0.00821	0.00590	0.00581	0.00166	0.03481	0.00426	0.00303	0.00769
100	0.01317	0.33927	0.46065	0.01367	0.02060	0.02957	0.01642	0.01780	0.01196	0.01618	0.00931	0.01088	0.00729	0.00523	0.00472	0.00157	0.00755	0.00375	0.00244	0.00798
101	0.01135	0.02725	0.67834	0.01627	0.02409	0.01285	0.06450	0.01757	0.01219	0.01806	0.02407	0.04649	0.00945	0.00604	0.00562	0.00184	0.00821	0.00500	0.00264	0.00819
102	0.01243	0.01091	0.01769	0.09315	0.44737	0.01102	0.01385	0.01554	0.02433	0.04252	0.01870	0.11181	0.06132	0.00847	0.00617	0.00191	0.00597	0.08548	0.00370	0.00766
103	0.01392	0.09164	0.28769	0.12937	0.23492	0.01407	0.02741	0.05279	0.01322	0.06595	0.01115	0.01345	0.00840	0.00549	0.00543	0.00173	0.00733	0.00466	0.00302	0.00836
104	0.01362	0.01295	0.02161	0.15553	0.60008	0.01349	0.01676	0.01786	0.05788	0.01834	0.01143	0.01477	0.00934	0.00536	0.00568	0.00175	0.00679	0.00518	0.00297	0.00862
105	0.01416	0.01359	0.02322	0.03511	0.76330	0.01359	0.01755	0.01755	0.01302	0.01869	0.01076	0.01416	0.00906	0.00510	0.00566	0.00170	0.00680	0.00510	0.00283	0.00906
106	0.01045	0.00914	0.05462	0.00910	0.01093	0.00860	0.00717	0.05887	0.16512	0.01742	0.05155	0.09116	0.06628	0.29187	0.03808	0.00352	0.00539	0.09034	0.00458	0.00580
107	0.02300	0.01058	0.01412	0.01102	0.01521	0.00987	0.03672	0.11414	0.05649	0.56473	0.02163	0.06476	0.01499	0.00765	0.00588	0.00181	0.00511	0.00638	0.00658	0.00932
108	0.01086	0.00978	0.07264	0.00964	0.01290	0.00756	0.05258	0.01430	0.04102	0.07091	0.35203	0.07423	0.04621	0.00907	0.00601	0.00163	0.00419	0.00801	0.00508	0.19136

[dist]
# distance from previous block
# <min> <max>
2	26

[block]
# block no. 2 follows, 41 sequences, length 19
# corresponding to MSA columns:
# 803-821
name=unknown_C
#
# <colnr> <probs for GDERKNQSTAVLIFYWHMCP>
#	G	D	E	R	K	N	Q	S	T	A	V	L	I	F	Y	W	H	M	C	P
0	0.04823	0.01218	0.01808	0.07190	0.34142	0.03209	0.03891	0.01879	0.08462	0.10364	0.04450	0.05780	0.01342	0.00689	0.00659	0.00182	0.05781	0.00600	0.00388	0.03144
1	0.01428	0.01121	0.01246	0.01039	0.04011	0.06702	0.00786	0.04004	0.04274	0.11696	0.07703	0.04633	0.03144	0.00652	0.00546	0.00132	0.02701	0.00527	0.00432	0.43221
2	0.00918	0.00666	0.00799	0.00814	0.00939	0.00650	0.00584	0.10623	0.01355	0.01778	0.07673	0.43987	0.17752	0.01553	0.00807	0.06409	0.00372	0.01274	0.00521	0.00524
3	0.01371	0.01489	0.08831	0.09511	0.43567	0.03442	0.08356	0.05236	0.04374	0.01897	0.01397	0.01663	0.05102	0.00590	0.00580	0.00177	0.00705	0.00558	0.00318	0.00837
4	0.00803	0.00722	0.03767	0.00902	0.01068	0.00603	0.06359	0.00987	0.01222	0.01637	0.13460	0.41128	0.15781	0.04515	0.00775	0.00220	0.00397	0.01268	0.00500	0.03885
5	0.01493	0.46694	0.06561	0.01126	0.01542	0.07421	0.01051	0.01983	0.15989	0.01587	0.01135	0.01241	0.00953	0.00684	0.02333	0.00170	0.06556	0.00407	0.00317	0.00756
6	0.06163	0.16348	0.43507	0.05264	0.14406	0.01496	0.01739	0.01761	0.01198	0.01766	0.00979	0.01188	0.00752	0.00529	0.00506	0.00169	0.00749	0.00413	0.00256	0.00812
7	0.01423	0.01229	0.01293	0.01164	0.01487	0.01423	0.00905	0.03039	0.75297	0.02393	0.02328	0.02134	0.01746	0.00776	0.00582	0.00194	0.00453	0.00647	0.00582	0.00905
8	0.01446	0.63368	0.19140	0.01121	0.01688	0.02059	0.01226	0.01734	0.01172	0.01447	0.00846	0.00981	0.00732	0.00501	0.00406	0.00135	0.00663	0.00331	0.00244	0.00758
9	0.02703	0.05955	0.12203	0.43152	0.11776	0.01339	0.03430	0.03671	0.03769	0.01677	0.01261	0.01601	0.03877	0.00599	0.00559	0.00182	0.00721	0.00519	0.00290	0.00718
10	0.00831	0.00558	0.00640	0.00640	0.00646	0.00563	0.00367	0.00842	0.00837	0.01121	0.01787	0.03660	0.02043	0.75679	0.07081	0.00575	0.00609	0.00820	0.00344	0.00356
11	0.00697	0.00498	0.00664	0.00796	0.00830	0.00465	0.00531	0.00796	0.01095	0.01460	0.03153	0.79525	0.03783	0.01792	0.00730	0.00232	0.00332	0.01626	0.00531	0.00465
12	0.00843	0.00612	0.00773	0.00847	0.00956	0.00592	0.00673	0.01014	0.01191	0.01526	0.03293	0.08121	0.17585	0.20298	0.01273	0.00318	0.00479	0.38648	0.00485	0.00473
13	0.01604	0.22820	0.03985	0.05439	0.06001	0.11829	0.01097	0.08122	0.24554	0.03820	0.01403	0.01458	0.01100	0.00641	0.00563	0.00166	0.03714	0.00478	0.00398	0.00807
14	0.00697	0.00498	0.00664	0.00796	0.00830	0.00465	0.00531	0.00796	0.01095	0.01460	0.03153	0.79525	0.03783	0.01792	0.00730	0.00232	0.00332	0.01626	0.00531	0.00465
15	0.00832	0.00555	0.00624	0.00624	0.00624	0.00555	0.00347	0.00832	0.00832	0.01109	0.01802	0.03743	0.02080	0.79898	0.02911	0.00555	0.00555	0.00832	0.00347	0.00347
16	0.00971	0.00766	0.01141	0.01246	0.11671	0.00800	0.04922	0.01071	0.00956	0.01318	0.01624	0.05051	0.03305	0.36934	0.14061	0.07725	0.04897	0.00728	0.00324	0.00490
17	0.12667	0.31797	0.34595	0.01232	0.01854	0.01649	0.01413	0.01808	0.01181	0.05723	0.00973	0.01099	0.00751	0.00530	0.00453	0.00158	0.00683	0.00371	0.00283	0.00779
18	0.01926	0.02344	0.01772	0.06325	0.17383	0.57376	0.01268	0.02127	0.01527	0.01501	0.00932	0.01140	0.00773	0.00572	0.00529	0.00155	0.00943	0.00406	0.00290	0.00712

[dist]
# distance from previous block
# <min> <max>
0	1

[block]
# block no. 3 follows, 41 sequences, length 34
# corresponding to MSA columns:
# 823-856
name=unknown_D
#
# <colnr> <probs for GDERKNQSTAVLIFYWHMCP>
#	G	D	E	R	K	N	Q	S	T	A	V	L	I	F	Y	W	H	M	C	P
0	0.01424	0.01606	0.08164	0.16147	0.45797	0.10930	0.04239	0.01778	0.01309	0.01733	0.01040	0.01374	0.00844	0.00532	0.00563	0.00172	0.00762	0.00491	0.00276	0.00819
1	0.01516	0.06603	0.11597	0.11690	0.36640	0.02483	0.01519	0.01867	0.01335	0.13737	0.04611	0.01577	0.01135	0.00583	0.00557	0.00172	0.00663	0.00517	0.00355	0.00844
2	0.01123	0.01571	0.23779	0.03498	0.14908	0.03735	0.04365	0.01519	0.01299	0.01774	0.05277	0.04639	0.04264	0.00963	0.00648	0.00207	0.00666	0.24680	0.00380	0.00703
3	0.00696	0.00501	0.00660	0.00787	0.00827	0.00465	0.00527	0.00798	0.01105	0.01464	0.03272	0.76186	0.07045	0.01777	0.00728	0.00231	0.00330	0.01607	0.00531	0.00465
4	0.01337	0.01536	0.10730	0.02702	0.39461	0.01343	0.20691	0.01842	0.07245	0.01876	0.01286	0.05007	0.01073	0.00585	0.00601	0.00182	0.00739	0.00605	0.00315	0.00844
5	0.01434	0.01463	0.11142	0.15469	0.35586	0.02469	0.04204	0.05094	0.03790	0.07880	0.01267	0.01612	0.00997	0.00683	0.02624	0.00199	0.00723	0.02193	0.00337	0.00833
6	0.00695	0.00504	0.00657	0.00779	0.00825	0.00466	0.00523	0.00798	0.01112	0.01467	0.03365	0.73573	0.09598	0.01764	0.00726	0.00229	0.00328	0.01592	0.00531	0.00466
7	0.02295	0.00917	0.01250	0.00997	0.01390	0.00802	0.00824	0.02524	0.01610	0.64799	0.08069	0.02496	0.01879	0.00815	0.00601	0.00184	0.00473	0.06484	0.00687	0.00903
8	0.08019	0.06601	0.28068	0.04841	0.15340	0.01328	0.04468	0.01894	0.11847	0.03215	0.03359	0.01739	0.03823	0.00642	0.00548	0.00180	0.00665	0.02278	0.00345	0.00802
9	0.01756	0.08259	0.01670	0.01578	0.10712	0.46579	0.01112	0.01987	0.03313	0.01572	0.06095	0.01933	0.01381	0.00728	0.00554	0.00165	0.00833	0.08746	0.00345	0.00680
10	0.01303	0.01029	0.01209	0.00871	0.01373	0.00794	0.00699	0.03470	0.01256	0.06803	0.01107	0.01241	0.00888	0.00449	0.00437	0.00093	0.00433	0.00359	0.00369	0.75815
11	0.01275	0.06994	0.41455	0.02148	0.21614	0.01411	0.10123	0.01846	0.04411	0.01825	0.01096	0.01322	0.00832	0.00534	0.00555	0.00177	0.00785	0.00477	0.00273	0.00848
12	0.00975	0.00832	0.01196	0.01110	0.01177	0.01069	0.00891	0.01154	0.00913	0.01368	0.01271	0.01899	0.01196	0.03045	0.49135	0.00665	0.28261	0.00572	0.02722	0.00551
13	0.01163	0.06080	0.73949	0.01604	0.02435	0.01366	0.02068	0.01807	0.01206	0.01793	0.01017	0.01196	0.00725	0.00541	0.00536	0.00179	0.00836	0.00418	0.00242	0.00841
14	0.02137	0.02726	0.01621	0.01474	0.01768	0.77602	0.01105	0.02284	0.01621	0.01400	0.00884	0.01031	0.00737	0.00589	0.00516	0.00147	0.01031	0.00368	0.00295	0.00663
15	0.01366	0.11483	0.52205	0.01604	0.04875	0.07702	0.03492	0.07496	0.01358	0.01867	0.01021	0.01189	0.00756	0.00550	0.00527	0.00171	0.00814	0.00421	0.00275	0.00828
16	0.01677	0.01627	0.02093	0.02761	0.50004	0.13796	0.01522	0.15721	0.01619	0.02124	0.01102	0.01345	0.00891	0.00556	0.00559	0.00167	0.00727	0.00488	0.00340	0.00879
17	0.00697	0.00498	0.00664	0.00796	0.00830	0.00465	0.00531	0.00796	0.01095	0.01460	0.03153	0.79525	0.03783	0.01792	0.00730	0.00232	0.00332	0.01626	0.00531	0.00465
18	0.01559	0.01191	0.02740	0.01267	0.06341	0.01256	0.00961	0.19292	0.27852	0.09653	0.02293	0.02431	0.08585	0.01116	0.06792	0.00247	0.00595	0.04458	0.00536	0.00835
19	0.01455	0.01281	0.02167	0.02831	0.51601	0.01273	0.09385	0.01884	0.07088	0.07898	0.01413	0.06633	0.01196	0.00627	0.00591	0.00179	0.00654	0.00616	0.00357	0.00868
20	0.00697	0.00498	0.00664	0.00796	0.00830	0.00465	0.00531	0.00796	0.01095	0.01460	0.03153	0.79525	0.03783	0.01792	0.00730	0.00232	0.00332	0.01626	0.00531	0.00465
21	0.01108	0.01045	0.01765	0.72397	0.09852	0.01278	0.01602	0.01485	0.01157	0.01495	0.01021	0.01516	0.00774	0.00567	0.00571	0.00189	0.00756	0.00508	0.00257	0.00658
22	0.01823	0.02146	0.06440	0.04085	0.01777	0.42989	0.01111	0.10746	0.13298	0.01915	0.07039	0.01527	0.01287	0.00672	0.00549	0.00164	0.00812	0.00490	0.00394	0.00739
23	0.01400	0.01355	0.07281	0.01430	0.09992	0.01360	0.01072	0.08357	0.49274	0.02316	0.02291	0.02195	0.07582	0.00776	0.00584	0.00188	0.00510	0.00649	0.00517	0.00872
24	0.00690	0.00565	0.00610	0.00631	0.00790	0.00484	0.00461	0.00836	0.01289	0.01588	0.10776	0.19188	0.57126	0.01491	0.00686	0.00199	0.00296	0.01272	0.00539	0.00484
25	0.00807	0.00580	0.00788	0.00915	0.01003	0.00561	0.00720	0.00989	0.01212	0.01587	0.03187	0.40819	0.06156	0.01675	0.00758	0.00246	0.00426	0.36545	0.00529	0.00496
26	0.01224	0.02410	0.51650	0.01924	0.14152	0.01374	0.04999	0.01853	0.06048	0.01829	0.01106	0.01319	0.00828	0.00583	0.00649	0.00186	0.06286	0.00467	0.00273	0.00840
27	0.01235	0.02320	0.44143	0.01951	0.02661	0.01390	0.32077	0.01807	0.01257	0.01807	0.01073	0.01348	0.00785	0.00531	0.00637	0.00188	0.03190	0.00530	0.00262	0.00808
28	0.00826	0.00576	0.00731	0.00731	0.00767	0.00612	0.00480	0.00900	0.00863	0.01188	0.01705	0.03203	0.01845	0.52590	0.29898	0.00686	0.00908	0.00753	0.00332	0.00406
29	0.01591	0.01312	0.01388	0.01198	0.01551	0.01501	0.00946	0.18985	0.59078	0.02663	0.02115	0.01964	0.01573	0.00756	0.00580	0.00189	0.00492	0.00617	0.00580	0.00920
30	0.01404	0.01313	0.01791	0.41194	0.17245	0.07318	0.01459	0.11663	0.07479	0.01904	0.01174	0.01494	0.00897	0.00594	0.00567	0.00181	0.00724	0.00510	0.00333	0.00758
31	0.01503	0.01307	0.01530	0.22437	0.07086	0.07488	0.01171	0.06867	0.35270	0.06693	0.01709	0.01774	0.01274	0.00678	0.00572	0.00185	0.00612	0.00565	0.00457	0.00821
32	0.08007	0.09599	0.45264	0.01444	0.02132	0.01333	0.07295	0.01872	0.01239	0.09694	0.01125	0.01260	0.00809	0.00542	0.00517	0.00169	0.00735	0.00433	0.00310	0.06220
33	0.10683	0.08381	0.44331	0.01758	0.11608	0.01391	0.07563	0.01820	0.01217	0.04670	0.01045	0.01234	0.00774	0.00535	0.00523	0.00175	0.00757	0.00438	0.00281	0.00818

[dist]
# distance from previous block
# <min> <max>
0	2

[block]
# block no. 4 follows, 41 sequences, length 108
# corresponding to MSA columns:
# 859-966
name=unknown_E
#
# <colnr> <probs for GDERKNQSTAVLIFYWHMCP>
#	G	D	E	R	K	N	Q	S	T	A	V	L	I	F	Y	W	H	M	C	P
0	0.02501	0.01071	0.01390	0.01077	0.01522	0.00958	0.00879	0.08222	0.03677	0.65746	0.02193	0.01955	0.01421	0.00736	0.00595	0.00184	0.00515	0.00582	0.00697	0.04079
1	0.01140	0.01058	0.01751	0.77826	0.03957	0.01301	0.01606	0.01502	0.01181	0.01518	0.01076	0.01604	0.00820	0.00611	0.00597	0.00201	0.00780	0.00527	0.00275	0.00666
2	0.83212	0.01147	0.00884	0.00794	0.01151	0.01313	0.00646	0.01720	0.01012	0.02612	0.00858	0.01014	0.00678	0.00571	0.00381	0.00188	0.00463	0.00330	0.00374	0.00650
3	0.00740	0.00625	0.00626	0.00623	0.00820	0.00521	0.00463	0.00868	0.01340	0.01601	0.05809	0.05546	0.75440	0.01480	0.00700	0.00204	0.00312	0.01219	0.00550	0.00515
4	0.00747	0.00625	0.00635	0.00630	0.00825	0.00524	0.00468	0.00881	0.01356	0.01640	0.09450	0.05483	0.71774	0.01465	0.00700	0.00203	0.00311	0.01210	0.00555	0.00518
5	0.00894	0.00600	0.00670	0.00667	0.00673	0.00592	0.00376	0.00878	0.00872	0.01169	0.01854	0.03802	0.02124	0.79184	0.02914	0.00562	0.00574	0.00848	0.00367	0.00380
6	0.01441	0.01234	0.01296	0.01172	0.01491	0.01403	0.00905	0.02950	0.70793	0.02397	0.02555	0.02383	0.05649	0.00849	0.00612	0.00205	0.00465	0.00693	0.00597	0.00912
7	0.01470	0.01406	0.02402	0.03474	0.72162	0.01393	0.05228	0.01797	0.01341	0.01920	0.01139	0.01502	0.00960	0.00548	0.00597	0.00182	0.00712	0.00536	0.00304	0.00928
8	0.01480	0.01268	0.01333	0.01202	0.01528	0.01452	0.00929	0.03065	0.74630	0.02440	0.02375	0.02208	0.01794	0.00814	0.00607	0.00205	0.00473	0.00664	0.00600	0.00934
9	0.01140	0.01058	0.01751	0.77826	0.03957	0.01301	0.01606	0.01502	0.01181	0.01518	0.01076	0.01604	0.00820	0.00611	0.00597	0.00201	0.00780	0.00527	0.00275	0.00666
10	0.01332	0.01437	0.02939	0.13487	0.02977	0.01418	0.55678	0.01742	0.01319	0.01790	0.01269	0.05324	0.01042	0.00625	0.00748	0.00208	0.04887	0.00704	0.00314	0.00759
11	0.03813	0.01588	0.01691	0.01312	0.01758	0.01744	0.01074	0.69610	0.02623	0.03566	0.01436	0.01473	0.01039	0.00721	0.00587	0.00181	0.00631	0.00530	0.03645	0.00977
