[name]
unknown

[dist]
# distance from previous block
# <min> <max>
2	112

[block]
# block no. 0 follows, 41 sequences, length 10
# corresponding to MSA columns:
# 115-124
name=unknown_A
#
# <colnr> <probs for GDERKNQSTAVLIFYWHMCP>
#	G	D	E	R	K	N	Q	S	T	A	V	L	I	F	Y	W	H	M	C	P
0	0.00694	0.00509	0.00652	0.00767	0.00822	0.00467	0.00518	0.00800	0.01123	0.01472	0.03511	0.69473	0.13604	0.01745	0.00723	0.00227	0.00326	0.01569	0.00531	0.00467
1	0.00710	0.00558	0.00616	0.00643	0.00770	0.00492	0.00451	0.00833	0.01213	0.01514	0.09111	0.21749	0.45387	0.12161	0.00992	0.00250	0.00334	0.01239	0.00512	0.00464
2	0.00874	0.01004	0.10260	0.01178	0.01435	0.00760	0.14948	0.01121	0.01186	0.01585	0.02873	0.45080	0.12676	0.01344	0.00690	0.00213	0.00509	0.01242	0.00450	0.00572
3	0.01926	0.01363	0.01452	0.01141	0.01526	0.01496	0.00933	0.58070	0.02356	0.03275	0.01483	0.01543	0.01083	0.00682	0.00534	0.00163	0.00548	0.00519	0.19031	0.00874
4	0.83938	0.01106	0.00841	0.00752	0.01106	0.01283	0.00619	0.01681	0.00973	0.02566	0.00796	0.00929	0.00619	0.00531	0.00354	0.00177	0.00442	0.00310	0.00354	0.00619
5	0.01539	0.01117	0.01305	0.01136	0.01416	0.01268	0.00901	0.02558	0.44041	0.15606	0.10012	0.02210	0.01943	0.00837	0.00767	0.00197	0.11086	0.00656	0.00565	0.00840
6	0.00697	0.00498	0.00664	0.00796	0.00830	0.00465	0.00531	0.00796	0.01095	0.01460	0.03153	0.79525	0.03783	0.01792	0.00730	0.00232	0.00332	0.01626	0.00531	0.00465
7	0.02143	0.02539	0.01637	0.01447	0.01769	0.64982	0.01102	0.14290	0.01799	0.01767	0.00966	0.01088	0.00776	0.00606	0.00525	0.00151	0.00965	0.00393	0.00341	0.00715
8	0.01186	0.01017	0.01186	0.00847	0.01356	0.00762	0.00678	0.01440	0.01186	0.01864	0.01017	0.01186	0.00847	0.00424	0.00424	0.00085	0.00424	0.00339	0.00339	0.83395
9	0.00801	0.01108	0.17693	0.00845	0.01168	0.00679	0.00830	0.01077	0.01316	0.01705	0.14364	0.08042	0.45816	0.01224	0.00649	0.00191	0.00413	0.01028	0.00480	0.00571

[dist]
# distance from previous block
# <min> <max>
7	26

[block]
# block no. 1 follows, 41 sequences, length 13
# corresponding to MSA columns:
# 151-163
name=unknown_B
#
# <colnr> <probs for GDERKNQSTAVLIFYWHMCP>
#	G	D	E	R	K	N	Q	S	T	A	V	L	I	F	Y	W	H	M	C	P
0	0.00735	0.00545	0.00683	0.00760	0.00842	0.00492	0.00515	0.00843	0.01109	0.01472	0.03258	0.59912	0.12644	0.07080	0.00855	0.00240	0.00348	0.01436	0.00506	0.05724
1	0.01187	0.01285	0.02682	0.01984	0.02437	0.01209	0.55119	0.01579	0.01287	0.01733	0.01756	0.11746	0.06492	0.00957	0.05568	0.00244	0.00873	0.00829	0.00338	0.00696
2	0.01260	0.01366	0.02786	0.14716	0.02875	0.01394	0.50642	0.01674	0.01244	0.01695	0.01123	0.01563	0.00879	0.00808	0.06106	0.00248	0.07995	0.00628	0.00281	0.00718
3	0.00774	0.00578	0.00700	0.00750	0.00840	0.00551	0.00517	0.00991	0.05887	0.01616	0.14514	0.41244	0.15654	0.11475	0.00980	0.00256	0.00351	0.01303	0.00526	0.00492
4	0.00859	0.00695	0.00943	0.00907	0.01074	0.00658	0.06141	0.04080	0.04002	0.01733	0.10112	0.32710	0.24449	0.01436	0.00699	0.00212	0.00397	0.07826	0.00525	0.00543
5	0.01347	0.01502	0.02795	0.09158	0.08346	0.07715	0.50560	0.01753	0.01331	0.01737	0.01266	0.07363	0.01070	0.00600	0.00648	0.00190	0.00883	0.00694	0.00304	0.00737
6	0.01223	0.02427	0.49287	0.01924	0.02669	0.01373	0.29227	0.01819	0.01261	0.01819	0.01076	0.01334	0.00778	0.00520	0.00593	0.00186	0.00890	0.00518	0.00259	0.00818
7	0.01314	0.01019	0.01032	0.00944	0.01170	0.05566	0.00713	0.07458	0.28882	0.04294	0.08260	0.09188	0.02077	0.07993	0.00771	0.00211	0.00447	0.00731	0.17228	0.00703
8	0.01830	0.01312	0.01415	0.01121	0.01481	0.01432	0.00906	0.54125	0.02291	0.03148	0.08079	0.01872	0.01496	0.05607	0.00704	0.00191	0.00547	0.00583	0.11020	0.00840
9	0.07481	0.00755	0.00922	0.00869	0.01084	0.00717	0.00648	0.01556	0.07459	0.18053	0.09010	0.37724	0.02782	0.01218	0.00628	0.00197	0.00385	0.01067	0.00555	0.06889
10	0.01339	0.01055	0.01492	0.06950	0.01719	0.00959	0.10108	0.08308	0.01410	0.08624	0.08117	0.08169	0.01560	0.00682	0.00564	0.00146	0.01720	0.00604	0.00422	0.36051
11	0.08183	0.07979	0.01707	0.01442	0.11048	0.04237	0.01053	0.31216	0.04939	0.16612	0.02814	0.01482	0.01103	0.00642	0.00534	0.00166	0.00588	0.00497	0.00502	0.03256
12	0.11558	0.00936	0.01324	0.01114	0.01280	0.01031	0.11748	0.04259	0.01105	0.01688	0.08071	0.09044	0.01874	0.27213	0.01589	0.00323	0.14167	0.00757	0.00372	0.00547

[dist]
# distance from previous block
# <min> <max>
6	18

[block]
# block no. 2 follows, 41 sequences, length 38
# corresponding to MSA columns:
# 183-220
name=unknown_C
#
# <colnr> <probs for GDERKNQSTAVLIFYWHMCP>
#	G	D	E	R	K	N	Q	S	T	A	V	L	I	F	Y	W	H	M	C	P
0	0.47232	0.01453	0.08067	0.01038	0.01438	0.04855	0.00922	0.16694	0.01401	0.05952	0.01003	0.01116	0.00751	0.00603	0.00525	0.00179	0.05258	0.00388	0.00396	0.00731
1	0.01360	0.01208	0.04900	0.08829	0.01839	0.01207	0.08805	0.02320	0.37381	0.08128	0.03785	0.02278	0.08950	0.00763	0.00590	0.00185	0.00537	0.00666	0.00494	0.05774
2	0.01012	0.00956	0.05542	0.08495	0.01382	0.04809	0.04061	0.01251	0.02700	0.06090	0.09839	0.03822	0.34994	0.11454	0.00935	0.00235	0.00488	0.00910	0.00459	0.00567
3	0.01087	0.00923	0.01164	0.00927	0.01307	0.00767	0.03824	0.01398	0.05614	0.01783	0.01572	0.17589	0.01542	0.00930	0.04471	0.00169	0.00486	0.00653	0.00390	0.53404
4	0.06433	0.01122	0.01245	0.01026	0.01386	0.05268	0.00828	0.11255	0.12551	0.35687	0.05739	0.02053	0.01586	0.00742	0.00554	0.00175	0.00496	0.02463	0.08540	0.00851
5	0.01264	0.10530	0.59205	0.01579	0.04470	0.01452	0.01869	0.05777	0.05225	0.01894	0.01093	0.01243	0.00799	0.00557	0.00530	0.00175	0.00784	0.00430	0.00279	0.00846
6	0.01131	0.01089	0.01843	0.62211	0.07342	0.01337	0.05587	0.01488	0.01135	0.01494	0.00999	0.01491	0.00774	0.00610	0.00717	0.00196	0.09128	0.00517	0.00257	0.00656
7	0.01252	0.00935	0.01175	0.01101	0.03506	0.00968	0.04662	0.02000	0.29982	0.10334	0.07175	0.18043	0.12657	0.01081	0.00638	0.00200	0.00435	0.02570	0.00556	0.00730
8	0.01531	0.05666	0.02939	0.02061	0.02586	0.01386	0.55453	0.01939	0.01366	0.13310	0.01336	0.03159	0.01001	0.00559	0.00678	0.00189	0.03042	0.00654	0.00355	0.00790
9	0.01228	0.01111	0.01972	0.58526	0.07497	0.01276	0.12391	0.01612	0.01213	0.06061	0.01115	0.01547	0.00825	0.00563	0.00587	0.00189	0.00772	0.00537	0.00288	0.00690
10	0.00850	0.00609	0.00744	0.00803	0.00914	0.00583	0.00566	0.01120	0.08643	0.04827	0.05644	0.53386	0.16014	0.01565	0.00698	0.00218	0.00342	0.01392	0.00547	0.00536
11	0.00721	0.00574	0.00665	0.02347	0.00872	0.00510	0.00504	0.00892	0.01335	0.01706	0.21999	0.19694	0.43289	0.01430	0.00684	0.00198	0.00304	0.01233	0.00549	0.00496
12	0.01271	0.01362	0.02675	0.20763	0.05320	0.01451	0.42450	0.01666	0.01221	0.01669	0.01054	0.01487	0.00825	0.00589	0.00842	0.00201	0.13559	0.00601	0.00274	0.00719
13	0.01189	0.02665	0.61652	0.01792	0.02582	0.01353	0.17101	0.01816	0.01237	0.01816	0.01054	0.01277	0.00754	0.00531	0.00571	0.00184	0.00870	0.00475	0.00251	0.00830
14	0.01147	0.02959	0.76934	0.01630	0.02476	0.01328	0.02113	0.01811	0.01208	0.01811	0.01026	0.01208	0.00725	0.00543	0.00543	0.00181	0.00845	0.00423	0.00242	0.00845
15	0.00893	0.00647	0.00883	0.01002	0.01137	0.00637	0.00866	0.01141	0.01310	0.01690	0.03296	0.08127	0.10269	0.01573	0.00778	0.00256	0.00499	0.63949	0.00527	0.00521
16	0.01284	0.06999	0.45334	0.05137	0.13749	0.01441	0.01799	0.05679	0.05079	0.01876	0.01089	0.01295	0.00822	0.00583	0.00621	0.00181	0.05458	0.00454	0.00284	0.00836
17	0.00810	0.00585	0.00765	0.00720	0.00855	0.00540	0.00540	0.01079	0.01619	0.02294	0.76028	0.04273	0.05397	0.01169	0.00675	0.00180	0.00270	0.01034	0.00630	0.00540
18	0.01066	0.00533	0.00533	0.00533	0.00666	0.00533	0.00400	0.01333	0.01200	0.02132	0.01866	0.02132	0.01466	0.00666	0.00400	0.00133	0.00267	0.00533	0.83073	0.00533
19	0.46195	0.01209	0.01118	0.00927	0.01298	0.01355	0.00761	0.25381	0.01581	0.06051	0.01145	0.01228	0.00847	0.00602	0.00439	0.00171	0.00489	0.00409	0.08052	0.00742
20	0.01206	0.14906	0.65504	0.01530	0.02320	0.01473	0.01938	0.01796	0.01201	0.01739	0.00991	0.01163	0.00726	0.00535	0.00516	0.00172	0.00809	0.00405	0.00242	0.00828
21	0.02566	0.00973	0.01327	0.01018	0.01460	0.00841	0.00841	0.02788	0.01637	0.76726	0.02257	0.01947	0.01416	0.00708	0.00575	0.00177	0.00487	0.00575	0.00708	0.00973
22	0.02546	0.01006	0.01347	0.01033	0.01476	0.00889	0.00853	0.06465	0.01691	0.72972	0.02211	0.01917	0.01393	0.00707	0.00575	0.00177	0.00494	0.00572	0.00701	0.00973
23	0.74882	0.01044	0.00807	0.00728	0.01058	0.01201	0.00595	0.01643	0.00998	0.02519	0.00913	0.01061	0.00712	0.00546	0.00359	0.00172	0.00423	0.00334	0.09394	0.00610
24	0.01080	0.01017	0.01716	0.78523	0.03940	0.01271	0.01589	0.01461	0.01144	0.01461	0.01017	0.01525	0.00762	0.00572	0.00572	0.00191	0.00762	0.00508	0.00254	0.00635
25	0.00817	0.00613	0.00919	0.00919	0.01021	0.00715	0.00715	0.01021	0.00919	0.01328	0.01532	0.02247	0.01430	0.04290	0.77631	0.00919	0.01532	0.00613	0.00306	0.00511
26	0.01186	0.01017	0.01186	0.00847	0.01356	0.00762	0.00678	0.01440	0.01186	0.01864	0.01017	0.01186	0.00847	0.00424	0.00424	0.00085	0.00424	0.00339	0.00339	0.83395
27	0.02174	0.01602	0.01717	0.01316	0.01774	0.01774	0.01087	0.74423	0.02689	0.03605	0.01373	0.01373	0.00973	0.00687	0.00572	0.00172	0.00629	0.00515	0.00572	0.00973
28	0.02137	0.02726	0.01621	0.01474	0.01768	0.77602	0.01105	0.02284	0.01621	0.01400	0.00884	0.01031	0.00737	0.00589	0.00516	0.00147	0.01031	0.00368	0.00295	0.00663
29	0.00817	0.00613	0.00919	0.00919	0.01021	0.00715	0.00715	0.01021	0.00919	0.01328	0.01532	0.02247	0.01430	0.04290	0.77631	0.00919	0.01532	0.00613	0.00306	0.00511
30	0.02137	0.02726	0.01621	0.01474	0.01768	0.77602	0.01105	0.02284	0.01621	0.01400	0.00884	0.01031	0.00737	0.00589	0.00516	0.00147	0.01031	0.00368	0.00295	0.00663
31	0.02543	0.01011	0.01351	0.01036	0.01479	0.00897	0.00856	0.07092	0.01700	0.72332	0.02204	0.01912	0.01389	0.00707	0.00575	0.00177	0.00495	0.00572	0.00700	0.00973
32	0.00994	0.00497	0.00745	0.00745	0.00745	0.00497	0.00497	0.00745	0.00745	0.00994	0.00994	0.01739	0.00994	0.01987	0.02235	0.83358	0.00497	0.00497	0.00248	0.00248
33	0.02174	0.01602	0.01717	0.01316	0.01774	0.01774	0.01087	0.74423	0.02689	0.03605	0.01373	0.01373	0.00973	0.00687	0.00572	0.00172	0.00629	0.00515	0.00572	0.00973
34	0.01251	0.01251	0.01752	0.01502	0.01502	0.01752	0.01251	0.01377	0.00876	0.01377	0.00751	0.01251	0.00751	0.01001	0.01877	0.00250	0.78851	0.00501	0.00250	0.00626
35	0.01080	0.01017	0.01716	0.78523	0.03940	0.01271	0.01589	0.01461	0.01144	0.01461	0.01017	0.01525	0.00762	0.00572	0.00572	0.00191	0.00762	0.00508	0.00254	0.00635
36	0.00676	0.00579	0.00579	0.00579	0.00773	0.00483	0.00435	0.00821	0.01304	0.01545	0.05794	0.05505	0.76098	0.01449	0.00676	0.00193	0.00290	0.01207	0.00531	0.00483
37	0.00994	0.00497	0.00745	0.00745	0.00745	0.00497	0.00497	0.00745	0.00745	0.00994	0.00994	0.01739	0.00994	0.01987	0.02235	0.83358	0.00497	0.00497	0.00248	0.00248

[dist]
# distance from previous block
# <min> <max>
9	11

[block]
# block no. 3 follows, 41 sequences, length 35
# corresponding to MSA columns:
# 232-266
name=unknown_D
#
# <colnr> <probs for GDERKNQSTAVLIFYWHMCP>
#	G	D	E	R	K	N	Q	S	T	A	V	L	I	F	Y	W	H	M	C	P
0	0.00763	0.00619	0.00682	0.00671	0.00846	0.00560	0.00501	0.01037	0.06352	0.01794	0.23938	0.10199	0.47281	0.01354	0.00673	0.00192	0.00298	0.01153	0.00561	0.00525
1	0.00721	0.00508	0.00657	0.00765	0.00793	0.00481	0.00498	0.00803	0.01048	0.01397	0.02909	0.65878	0.03476	0.15857	0.01123	0.00290	0.00372	0.01483	0.00498	0.00443
2	0.00790	0.00628	0.00864	0.05538	0.01101	0.00679	0.00684	0.00912	0.01076	0.01452	0.02794	0.62624	0.05337	0.01607	0.00866	0.00231	0.10441	0.01402	0.00478	0.00496
3	0.01527	0.72328	0.08571	0.01029	0.01544	0.02156	0.01061	0.01748	0.01178	0.03325	0.00850	0.00966	0.00751	0.00499	0.00386	0.00128	0.00626	0.00322	0.00256	0.00749
4	0.01147	0.02959	0.76934	0.01630	0.02476	0.01328	0.02113	0.01811	0.01208	0.01811	0.01026	0.01208	0.00725	0.00543	0.00543	0.00181	0.00845	0.00423	0.00242	0.00845
5	0.00707	0.00502	0.00661	0.00783	0.00814	0.00471	0.00517	0.00799	0.01075	0.01433	0.03050	0.73768	0.03654	0.07725	0.00896	0.00257	0.00349	0.01566	0.00517	0.00456
6	0.02149	0.01590	0.01702	0.01311	0.01764	0.01762	0.01081	0.72011	0.05142	0.03564	0.01406	0.01399	0.00999	0.00690	0.00573	0.00172	0.00623	0.00519	0.00573	0.00970
7	0.02174	0.01602	0.01717	0.01316	0.01774	0.01774	0.01087	0.74423	0.02689	0.03605	0.01373	0.01373	0.00973	0.00687	0.00572	0.00172	0.00629	0.00515	0.00572	0.00973
8	0.01329	0.01125	0.01220	0.01125	0.01415	0.01283	0.00885	0.02712	0.62494	0.02310	0.06823	0.02752	0.02140	0.00891	0.00611	0.00201	0.00450	0.08815	0.00579	0.00841
9	0.01337	0.01283	0.02164	0.18723	0.57050	0.01365	0.01691	0.01673	0.01244	0.01756	0.01044	0.01428	0.00867	0.00552	0.00646	0.00179	0.05380	0.00509	0.00275	0.00834
10	0.01139	0.01084	0.01524	0.07181	0.01561	0.01425	0.01115	0.01299	0.00966	0.01451	0.03874	0.08570	0.01252	0.01229	0.06542	0.00276	0.53029	0.00621	0.00299	0.05560
11	0.00994	0.00497	0.00745	0.00745	0.00745	0.00497	0.00497	0.00745	0.00745	0.00994	0.00994	0.01739	0.00994	0.01987	0.02235	0.83358	0.00497	0.00497	0.00248	0.00248
12	0.01895	0.00825	0.01112	0.00904	0.01229	0.00726	0.00726	0.02135	0.01630	0.48295	0.30435	0.02835	0.02937	0.00884	0.00613	0.00178	0.00404	0.00751	0.00678	0.00808
13	0.02174	0.01602	0.01717	0.01316	0.01774	0.01774	0.01087	0.74423	0.02689	0.03605	0.01373	0.01373	0.00973	0.00687	0.00572	0.00172	0.00629	0.00515	0.00572	0.00973
14	0.00911	0.00651	0.00909	0.01036	0.01165	0.00649	0.00899	0.01169	0.01317	0.01718	0.04915	0.08845	0.03363	0.01577	0.00785	0.00260	0.00514	0.68263	0.00529	0.00525
15	0.01251	0.01251	0.01752	0.01502	0.01502	0.01752	0.01251	0.01377	0.00876	0.01377	0.00751	0.01251	0.00751	0.01001	0.01877	0.00250	0.78851	0.00501	0.00250	0.00626
16	0.00810	0.00585	0.00765	0.00720	0.00855	0.00540	0.00540	0.01079	0.01619	0.02294	0.76028	0.04273	0.05397	0.01169	0.00675	0.00180	0.00270	0.01034	0.00630	0.00540
17	0.02174	0.01602	0.01717	0.01316	0.01774	0.01774	0.01087	0.74423	0.02689	0.03605	0.01373	0.01373	0.00973	0.00687	0.00572	0.00172	0.00629	0.00515	0.00572	0.00973
18	0.01529	0.80242	0.02997	0.00979	0.01468	0.02263	0.00979	0.01713	0.01162	0.01346	0.00795	0.00918	0.00734	0.00489	0.00367	0.00122	0.00612	0.00306	0.00245	0.00734
19	0.01251	0.01251	0.01752	0.01502	0.01502	0.01752	0.01251	0.01377	0.00876	0.01377	0.00751	0.01251	0.00751	0.01001	0.01877	0.00250	0.78851	0.00501	0.00250	0.00626
20	0.02174	0.01602	0.01717	0.01316	0.01774	0.01774	0.01087	0.74423	0.02689	0.03605	0.01373	0.01373	0.00973	0.00687	0.00572	0.00172	0.00629	0.00515	0.00572	0.00973
21	0.83938	0.01106	0.00841	0.00752	0.01106	0.01283	0.00619	0.01681	0.00973	0.02566	0.00796	0.00929	0.00619	0.00531	0.00354	0.00177	0.00442	0.00310	0.00354	0.00619
22	0.00832	0.00555	0.00624	0.00624	0.00624	0.00555	0.00347	0.00832	0.00832	0.01109	0.01802	0.03743	0.02080	0.79898	0.02911	0.00555	0.00555	0.00832	0.00347	0.00347
23	0.01251	0.01251	0.01752	0.01502	0.01502	0.01752	0.01251	0.01377	0.00876	0.01377	0.00751	0.01251	0.00751	0.01001	0.01877	0.00250	0.78851	0.00501	0.00250	0.00626
24	0.00818	0.00610	0.00907	0.00907	0.01005	0.00708	0.00700	0.01014	0.00916	0.01319	0.01543	0.02309	0.01457	0.07428	0.74530	0.00904	0.01492	0.00622	0.00308	0.00504
25	0.01080	0.01017	0.01716	0.78523	0.03940	0.01271	0.01589	0.01461	0.01144	0.01461	0.01017	0.01525	0.00762	0.00572	0.00572	0.00191	0.00762	0.00508	0.00254	0.00635
26	0.01347	0.01533	0.03322	0.02381	0.02941	0.01456	0.71867	0.01817	0.01335	0.01817	0.01144	0.01533	0.00864	0.00499	0.00714	0.00195	0.03509	0.00669	0.00288	0.00767
27	0.00851	0.00590	0.00690	0.00678	0.00683	0.00618	0.00405	0.00866	0.00838	0.01131	0.01741	0.03560	0.01989	0.72863	0.06165	0.00556	0.04263	0.00807	0.00340	0.00367
28	0.00697	0.00498	0.00664	0.00796	0.00830	0.00465	0.00531	0.00796	0.01095	0.01460	0.03153	0.79525	0.03783	0.01792	0.00730	0.00232	0.00332	0.01626	0.00531	0.00465
29	0.00695	0.00504	0.00657	0.00780	0.00825	0.00466	0.00524	0.00798	0.01111	0.01467	0.03352	0.73951	0.09228	0.01766	0.00726	0.00229	0.00329	0.01595	0.00531	0.00466
30	0.01411	0.01373	0.02402	0.03427	0.70759	0.01366	0.07263	0.01761	0.01306	0.01866	0.01082	0.01425	0.00903	0.00508	0.00575	0.00172	0.00701	0.00522	0.00284	0.00896
31	0.02093	0.01691	0.12299	0.01312	0.01822	0.01557	0.01192	0.52377	0.02307	0.15363	0.01469	0.01444	0.01010	0.00670	0.00569	0.00174	0.00637	0.00512	0.00548	0.00955
32	0.00697	0.00498	0.00664	0.00796	0.00830	0.00465	0.00531	0.00796	0.01095	0.01460	0.03153	0.79525	0.03783	0.01792	0.00730	0.00232	0.00332	0.01626	0.00531	0.00465
33	0.00799	0.00600	0.00665	0.00669	0.00844	0.00525	0.00498	0.00983	0.02872	0.05130	0.10496	0.17424	0.52073	0.01438	0.00681	0.00199	0.00313	0.02727	0.00548	0.00517
34	0.04147	0.01608	0.01656	0.01378	0.05196	0.08660	0.01073	0.55085	0.02364	0.09230	0.01383	0.01396	0.00986	0.00667	0.00558	0.00169	0.00645	0.00501	0.02376	0.00923

[dist]
# distance from previous block
# <min> <max>
24	35

[block]
# block no. 4 follows, 41 sequences, length 7
# corresponding to MSA columns:
# 306-312
name=unknown_E
#
# <colnr> <probs for GDERKNQSTAVLIFYWHMCP>
#	G	D	E	R	K	N	Q	S	T	A	V	L	I	F	Y	W	H	M	C	P
0	0.01897	0.07413	0.11509	0.01117	0.01570	0.01173	0.01024	0.10020	0.13142	0.34063	0.07604	0.02002	0.03423	0.00731	0.00566	0.00176	0.00533	0.00589	0.00566	0.00882
1	0.08152	0.19095	0.07812	0.01130	0.01556	0.10976	0.01011	0.20878	0.01666	0.11377	0.01333	0.04823	0.01057	0.00658	0.00496	0.00160	0.00623	0.00486	0.05919	0.00792
2	0.01463	0.08014	0.01365	0.13178	0.01662	0.01150	0.00893	0.11502	0.13665	0.11164	0.09878	0.02005	0.01656	0.00849	0.00712	0.08442	0.00505	0.00583	0.10603	0.00713
3	0.01371	0.02226	0.31900	0.11137	0.02473	0.15766	0.13118	0.01803	0.01256	0.01636	0.00982	0.01272	0.00758	0.00607	0.00740	0.00187	0.11288	0.00473	0.00262	0.00744
4	0.01334	0.11378	0.27577	0.01379	0.01851	0.01283	0.08585	0.01694	0.01213	0.11627	0.01530	0.15603	0.01394	0.00835	0.00732	0.00192	0.10000	0.00683	0.00363	0.00746
5	0.08045	0.11704	0.01836	0.10708	0.01901	0.01366	0.10955	0.09648	0.01346	0.05489	0.01531	0.01714	0.08318	0.00681	0.00685	0.00170	0.09942	0.00535	0.00363	0.13063
6	0.11586	0.00978	0.01332	0.21908	0.08571	0.01081	0.03845	0.10352	0.01293	0.01935	0.01495	0.11344	0.01403	0.11305	0.00862	0.00233	0.00577	0.00673	0.08591	0.00635

[dist]
# distance from previous block
# <min> <max>
0	1

[block]
# block no. 5 follows, 41 sequences, length 30
# corresponding to MSA columns:
# 314-343
name=unknown_F
#
# <colnr> <probs for GDERKNQSTAVLIFYWHMCP>
#	G	D	E	R	K	N	Q	S	T	A	V	L	I	F	Y	W	H	M	C	P
0	0.07375	0.05027	0.00933	0.00782	0.01008	0.00863	0.00606	0.04591	0.13225	0.01915	0.13578	0.07175	0.31835	0.06161	0.00762	0.00212	0.00381	0.02461	0.00514	0.00596
1	0.01799	0.20755	0.01830	0.01232	0.01580	0.35761	0.00994	0.03734	0.16020	0.04787	0.05232	0.01439	0.01217	0.00640	0.00505	0.00154	0.00746	0.00455	0.00380	0.00740
2	0.00743	0.00566	0.00721	0.00790	0.00870	0.00544	0.00566	0.00881	0.01201	0.01586	0.12255	0.48720	0.17933	0.01604	0.00767	0.00221	0.03801	0.05213	0.00530	0.00488
3	0.01283	0.00968	0.01147	0.00884	0.01287	0.00810	0.00691	0.06481	0.01285	0.07662	0.01427	0.10290	0.01313	0.05987	0.00676	0.00149	0.01928	0.00551	0.00404	0.54777
4	0.01204	0.01209	0.02053	0.11834	0.07141	0.01430	0.19493	0.01459	0.01066	0.01520	0.01100	0.05015	0.01026	0.05915	0.03003	0.00256	0.33718	0.00619	0.00283	0.00655
5	0.00702	0.00503	0.00675	0.00802	0.00838	0.00475	0.00539	0.00806	0.01088	0.01454	0.03083	0.76214	0.03682	0.01899	0.04025	0.00262	0.00383	0.01583	0.00521	0.00467
6	0.00742	0.00517	0.00650	0.00739	0.00761	0.00495	0.00469	0.00808	0.01007	0.01342	0.02700	0.54110	0.03212	0.27986	0.01462	0.00340	0.00407	0.01360	0.00469	0.00425
7	0.01182	0.08450	0.51764	0.01596	0.05425	0.01423	0.01789	0.01684	0.01140	0.01682	0.01004	0.01271	0.00785	0.00857	0.05924	0.00236	0.12313	0.00442	0.00249	0.00785
8	0.01151	0.02504	0.57480	0.01735	0.04156	0.01281	0.13574	0.01735	0.01224	0.01789	0.01213	0.07317	0.00988	0.00629	0.00580	0.00187	0.00821	0.00558	0.00273	0.00805
9	0.01147	0.02959	0.76934	0.01630	0.02476	0.01328	0.02113	0.01811	0.01208	0.01811	0.01026	0.01208	0.00725	0.00543	0.00543	0.00181	0.00845	0.00423	0.00242	0.00845
10	0.00853	0.00634	0.00808	0.00810	0.00953	0.00611	0.00629	0.01188	0.06459	0.02059	0.45347	0.11174	0.09945	0.01297	0.00696	0.00202	0.00339	0.14854	0.00591	0.00551
11	0.01194	0.10209	0.65991	0.01610	0.02408	0.01423	0.05864	0.01803	0.01211	0.01768	0.01012	0.01198	0.00733	0.00535	0.00534	0.00176	0.00830	0.00425	0.00244	0.00831
12	0.00780	0.00533	0.00639	0.00690	0.00703	0.00520	0.00418	0.00818	0.00933	0.01245	0.02323	0.32985	0.02737	0.49759	0.02070	0.00430	0.00469	0.01138	0.00418	0.00392
13	0.01612	0.01158	0.01139	0.00957	0.01246	0.06010	0.00761	0.31341	0.07022	0.02705	0.01635	0.01753	0.01238	0.00677	0.00490	0.00154	0.00476	0.00523	0.38356	0.00747
14	0.01575	0.01246	0.01377	0.06101	0.01679	0.01419	0.00968	0.12145	0.56227	0.07501	0.02116	0.01984	0.01561	0.00747	0.00580	0.00190	0.00498	0.00616	0.00568	0.00901
15	0.01504	0.65893	0.13362	0.01085	0.01624	0.02110	0.01143	0.04923	0.01236	0.01511	0.00853	0.00978	0.00743	0.00506	0.00401	0.00133	0.00645	0.00332	0.00259	0.00760
16	0.00697	0.00498	0.00664	0.00796	0.00830	0.00465	0.00531	0.00796	0.01095	0.01460	0.03153	0.79525	0.03783	0.01792	0.00730	0.00232	0.00332	0.01626	0.00531	0.00465
17	0.00685	0.00580	0.00591	0.00588	0.00778	0.00486	0.00441	0.00837	0.01324	0.01593	0.10268	0.05426	0.71595	0.01431	0.00676	0.00192	0.00288	0.01196	0.00537	0.00486
18	0.01479	0.49239	0.10082	0.01343	0.01832	0.06594	0.12891	0.01750	0.01203	0.01475	0.00878	0.01079	0.00756	0.00539	0.00559	0.00151	0.06761	0.00395	0.00255	0.00738
19	0.02039	0.01534	0.01617	0.01280	0.01706	0.03531	0.01043	0.56099	0.16920	0.05866	0.01580	0.01535	0.01135	0.00703	0.00573	0.00176	0.00599	0.00539	0.00572	0.00952
20	0.00821	0.00598	0.00846	0.00846	0.00922	0.00675	0.00623	0.00974	0.00897	0.01273	0.01599	0.02619	0.01592	0.23108	0.59035	0.00828	0.01289	0.00667	0.00316	0.00470
21	0.01186	0.01017	0.01186	0.00847	0.01356	0.00762	0.00678	0.01440	0.01186	0.01864	0.01017	0.01186	0.00847	0.00424	0.00424	0.00085	0.00424	0.00339	0.00339	0.83395
22	0.83938	0.01106	0.00841	0.00752	0.01106	0.01283	0.00619	0.01681	0.00973	0.02566	0.00796	0.00929	0.00619	0.00531	0.00354	0.00177	0.00442	0.00310	0.00354	0.00619
23	0.01251	0.01251	0.01752	0.01502	0.01502	0.01752	0.01251	0.01377	0.00876	0.01377	0.00751	0.01251	0.00751	0.01001	0.01877	0.00250	0.78851	0.00501	0.00250	0.00626
24	0.01147	0.02959	0.76934	0.01630	0.02476	0.01328	0.02113	0.01811	0.01208	0.01811	0.01026	0.01208	0.00725	0.00543	0.00543	0.00181	0.00845	0.00423	0.00242	0.00845
25	0.01511	0.01209	0.01296	0.01153	0.01485	0.01378	0.00900	0.03020	0.69606	0.08135	0.02323	0.02120	0.01721	0.00771	0.00581	0.00193	0.00455	0.00641	0.00592	0.00911
26	0.00697	0.00498	0.00664	0.00796	0.00830	0.00465	0.00531	0.00796	0.01095	0.01460	0.03153	0.79525	0.03783	0.01792	0.00730	0.00232	0.00332	0.01626	0.00531	0.00465
27	0.00994	0.00497	0.00745	0.00745	0.00745	0.00497	0.00497	0.00745	0.00745	0.00994	0.00994	0.01739	0.00994	0.01987	0.02235	0.83358	0.00497	0.00497	0.00248	0.00248
28	0.01244	0.00705	0.00723	0.00659	0.00844	0.00732	0.00510	0.13077	0.01439	0.02369	0.01787	0.02010	0.01387	0.00670	0.00428	0.00139	0.00325	0.00530	0.69817	0.00604
29	0.01251	0.01251	0.01752	0.01502	0.01502	0.01752	0.01251	0.01377	0.00876	0.01377	0.00751	0.01251	0.00751	0.01001	0.01877	0.00250	0.78851	0.00501	0.00250	0.00626

[dist]
# distance from previous block
# <min> <max>
0	126

# created by:
# /software/SequenceAnalysis/GenePrediction/augustus/3.0.1/scripts/msa2prfl.pl ./fixed/BUSCOvEOG7C896B.fas
