[name]
unknown

[dist]
# distance from previous block
# <min> <max>
0	303

[block]
# block no. 0 follows, 40 sequences, length 274
# corresponding to MSA columns:
# 309-582
name=unknown_A
#
# <colnr> <probs for GDERKNQSTAVLIFYWHMCP>
#	G	D	E	R	K	N	Q	S	T	A	V	L	I	F	Y	W	H	M	C	P
0	0.01165	0.01102	0.01865	0.63490	0.18156	0.01310	0.01648	0.01545	0.01195	0.01567	0.01045	0.01529	0.00804	0.00569	0.00580	0.00190	0.00759	0.00517	0.00264	0.00700
1	0.01441	0.00717	0.00957	0.00856	0.01084	0.00641	0.00655	0.01654	0.01521	0.28970	0.30515	0.20959	0.05271	0.01173	0.00662	0.00195	0.00370	0.01027	0.00643	0.00690
2	0.01409	0.01651	0.07326	0.04562	0.08283	0.01478	0.62198	0.01878	0.01386	0.01900	0.01210	0.01609	0.00923	0.00533	0.00689	0.00203	0.00961	0.00671	0.00308	0.00820
3	0.01235	0.06349	0.72785	0.01658	0.02500	0.01417	0.02109	0.01870	0.01258	0.01868	0.01085	0.01287	0.00787	0.00585	0.00567	0.00191	0.00864	0.00442	0.00264	0.00880
4	0.01225	0.02978	0.73464	0.01714	0.02562	0.01380	0.04605	0.01875	0.01265	0.01889	0.01100	0.01311	0.00792	0.00585	0.00579	0.00194	0.00878	0.00456	0.00266	0.00882
5	0.01272	0.02901	0.70393	0.01702	0.02535	0.01366	0.05273	0.01906	0.01280	0.04215	0.01140	0.01338	0.00815	0.00590	0.00581	0.00194	0.00868	0.00463	0.00281	0.00885
6	0.01492	0.01671	0.06002	0.06449	0.04181	0.04786	0.54142	0.07043	0.01477	0.01981	0.01201	0.01575	0.00918	0.00572	0.00725	0.00203	0.03794	0.00647	0.00328	0.00812
7	0.01489	0.01415	0.02386	0.03583	0.75353	0.01407	0.01798	0.01818	0.01355	0.01946	0.01145	0.01509	0.00970	0.00553	0.00598	0.00182	0.00707	0.00535	0.00306	0.00946
8	0.02078	0.00912	0.01204	0.00976	0.01332	0.00804	0.00781	0.02330	0.03382	0.51644	0.22237	0.02805	0.05004	0.00906	0.00637	0.00191	0.00446	0.00749	0.00704	0.00877
9	0.01472	0.01214	0.01198	0.01086	0.01338	0.08281	0.00813	0.08954	0.32219	0.05364	0.02246	0.08836	0.04487	0.13347	0.03486	0.00282	0.00581	0.00758	0.03273	0.00764
10	0.04123	0.01086	0.01766	0.72049	0.06555	0.01322	0.01601	0.01540	0.01195	0.01591	0.01080	0.01594	0.00825	0.00612	0.00595	0.00202	0.00776	0.00526	0.00281	0.00682
11	0.00776	0.00563	0.00748	0.03262	0.00983	0.00531	0.00597	0.00872	0.01148	0.01534	0.03171	0.76184	0.03775	0.01807	0.00758	0.00244	0.00370	0.01625	0.00547	0.00506
12	0.01225	0.02990	0.74231	0.01731	0.04254	0.01377	0.02151	0.01873	0.01262	0.01889	0.01097	0.01305	0.00791	0.00586	0.00575	0.00193	0.00870	0.00449	0.00265	0.00886
13	0.01848	0.01630	0.11785	0.07737	0.29175	0.06563	0.01488	0.09628	0.01584	0.20450	0.01449	0.01591	0.01058	0.00636	0.00594	0.00186	0.00706	0.00530	0.00436	0.00924
14	0.01285	0.05671	0.70604	0.01640	0.02470	0.01392	0.02071	0.01907	0.01274	0.04603	0.01133	0.01317	0.00813	0.00591	0.00569	0.00191	0.00852	0.00448	0.00281	0.00885
15	0.00764	0.00546	0.00714	0.00846	0.00885	0.00505	0.00564	0.00851	0.01146	0.01534	0.03239	0.78608	0.03871	0.01846	0.00763	0.00245	0.00356	0.01660	0.00556	0.00501
16	0.01333	0.01522	0.06930	0.23072	0.03244	0.01451	0.47036	0.01774	0.01321	0.01788	0.01166	0.01604	0.00890	0.00572	0.00714	0.00206	0.03670	0.00635	0.00298	0.00771
17	0.01555	0.13063	0.04750	0.04121	0.04885	0.01552	0.01060	0.06546	0.45056	0.05253	0.04462	0.01981	0.01618	0.00755	0.00581	0.00192	0.00545	0.00604	0.00523	0.00900
18	0.01368	0.01577	0.05932	0.02327	0.02886	0.01419	0.65359	0.01819	0.01379	0.01881	0.01368	0.07186	0.01139	0.00623	0.00706	0.00208	0.00944	0.00761	0.00328	0.00790
19	0.05495	0.01212	0.01354	0.01158	0.01532	0.01297	0.00915	0.05394	0.46302	0.25021	0.02284	0.02096	0.01637	0.00787	0.00601	0.00200	0.00494	0.00631	0.00636	0.00956
20	0.01681	0.01410	0.01439	0.01306	0.04272	0.08589	0.00985	0.14911	0.37945	0.05768	0.07223	0.02083	0.01756	0.00807	0.00650	0.00195	0.03350	0.00632	0.04114	0.00883
21	0.07279	0.01632	0.15275	0.13096	0.44032	0.01401	0.01734	0.01765	0.01274	0.01908	0.01094	0.01445	0.00890	0.00591	0.00636	0.00191	0.04091	0.00504	0.00298	0.00864
22	0.00936	0.00686	0.00840	0.00816	0.00841	0.00738	0.00538	0.00980	0.00971	0.01343	0.07305	0.08959	0.02326	0.52839	0.08262	0.00512	0.09390	0.00878	0.00391	0.00450
23	0.01382	0.02742	0.01853	0.03923	0.01704	0.01701	0.05706	0.06884	0.03755	0.01670	0.01015	0.01545	0.00948	0.05258	0.01686	0.00264	0.56393	0.00558	0.00317	0.00695
24	0.01405	0.01633	0.06067	0.05245	0.03079	0.01484	0.67939	0.01880	0.01390	0.01894	0.01217	0.01625	0.00922	0.00531	0.00698	0.00205	0.00982	0.00686	0.00309	0.00808
25	0.01701	0.18257	0.27467	0.01571	0.04374	0.26179	0.04090	0.06335	0.01485	0.01769	0.01029	0.01211	0.00819	0.00597	0.00537	0.00170	0.00873	0.00423	0.00305	0.00809
26	0.01417	0.01590	0.03415	0.03973	0.03081	0.01492	0.71808	0.01887	0.01399	0.01901	0.01225	0.01637	0.00929	0.00527	0.00705	0.00205	0.00990	0.00698	0.00311	0.00807
27	0.01329	0.24472	0.54048	0.01499	0.02240	0.01650	0.01821	0.01838	0.01241	0.01748	0.01025	0.01218	0.00790	0.00581	0.00550	0.00178	0.02246	0.00415	0.00265	0.00849
28	0.09111	0.01249	0.05051	0.01253	0.05096	0.01206	0.00989	0.05482	0.27755	0.27687	0.04730	0.02170	0.01662	0.00789	0.00598	0.00198	0.00523	0.02935	0.00599	0.00917
29	0.00904	0.00727	0.00815	0.00838	0.01035	0.00685	0.00669	0.01240	0.09636	0.01767	0.04663	0.05535	0.45119	0.01463	0.00732	0.00227	0.00405	0.22398	0.00560	0.00581
30	0.01110	0.00844	0.01063	0.01131	0.01315	0.00882	0.00954	0.01682	0.18512	0.01949	0.02948	0.05564	0.03009	0.01442	0.00774	0.00260	0.00535	0.54810	0.00565	0.00653
31	0.02649	0.01026	0.01383	0.01069	0.01520	0.00885	0.00876	0.02858	0.01693	0.75766	0.02336	0.02045	0.01484	0.00753	0.00607	0.00189	0.00513	0.00601	0.00734	0.01014
32	0.01489	0.01415	0.02386	0.03583	0.75353	0.01407	0.01798	0.01818	0.01355	0.01946	0.01145	0.01509	0.00970	0.00553	0.00598	0.00182	0.00707	0.00535	0.00306	0.00946
33	0.00764	0.00546	0.00714	0.00846	0.00885	0.00505	0.00564	0.00851	0.01146	0.01534	0.03239	0.78608	0.03871	0.01846	0.00763	0.00245	0.00356	0.01660	0.00556	0.00501
34	0.01579	0.01265	0.01352	0.01206	0.01546	0.01429	0.00936	0.03094	0.69059	0.07769	0.02403	0.02220	0.01793	0.00817	0.00613	0.00205	0.00481	0.00668	0.00616	0.00950
35	0.08062	0.02477	0.01639	0.01448	0.01784	0.58139	0.01104	0.14703	0.01817	0.01946	0.01032	0.01175	0.00832	0.00646	0.00545	0.00166	0.00948	0.00414	0.00371	0.00752
36	0.01218	0.03028	0.75959	0.01687	0.02544	0.01376	0.02159	0.01874	0.01260	0.01888	0.01096	0.01300	0.00787	0.00587	0.00575	0.00194	0.00874	0.00447	0.00264	0.00884
37	0.01567	0.72011	0.10028	0.01092	0.01625	0.02229	0.01124	0.01784	0.01218	0.01463	0.00885	0.01035	0.00796	0.00538	0.00414	0.00140	0.00661	0.00340	0.00267	0.00783
38	0.08098	0.01482	0.01614	0.01263	0.01712	0.01591	0.01033	0.50939	0.06374	0.17294	0.01626	0.01587	0.01140	0.00729	0.00589	0.00187	0.00606	0.00544	0.00608	0.00984
39	0.01423	0.01600	0.03448	0.02474	0.03062	0.01495	0.73238	0.01895	0.01403	0.01909	0.01227	0.01638	0.00932	0.00525	0.00707	0.00205	0.00994	0.00701	0.00312	0.00810
40	0.02218	0.02743	0.01684	0.01522	0.01831	0.73304	0.01142	0.05505	0.01724	0.01572	0.00974	0.01137	0.00810	0.00638	0.00549	0.00161	0.01044	0.00399	0.00330	0.00715
41	0.01151	0.01070	0.01775	0.77559	0.04020	0.01318	0.01630	0.01521	0.01195	0.01535	0.01086	0.01620	0.00825	0.00616	0.00603	0.00203	0.00791	0.00533	0.00277	0.00673
42	0.01358	0.01484	0.03101	0.02259	0.02773	0.01409	0.62634	0.01787	0.01395	0.01911	0.06611	0.04355	0.01353	0.00641	0.00759	0.00208	0.04091	0.00752	0.00343	0.00777
43	0.00764	0.00546	0.00714	0.00846	0.00885	0.00505	0.00564	0.00851	0.01146	0.01534	0.03239	0.78608	0.03871	0.01846	0.00763	0.00245	0.00356	0.01660	0.00556	0.00501
44	0.01196	0.01148	0.02008	0.65579	0.06243	0.01344	0.10742	0.01578	0.01227	0.01596	0.01106	0.01618	0.00844	0.00602	0.00616	0.00203	0.00814	0.00555	0.00282	0.00699
45	0.01267	0.01352	0.02803	0.02090	0.02548	0.01262	0.56094	0.01649	0.01343	0.01820	0.01702	0.19795	0.01625	0.00837	0.00720	0.00215	0.00844	0.00927	0.00370	0.00737
46	0.01465	0.01390	0.02342	0.08928	0.70199	0.01401	0.01786	0.01796	0.01344	0.01916	0.01141	0.01517	0.00960	0.00558	0.00598	0.00184	0.00713	0.00534	0.00304	0.00926
47	0.00764	0.00546	0.00714	0.00846	0.00885	0.00505	0.00564	0.00851	0.01146	0.01534	0.03239	0.78608	0.03871	0.01846	0.00763	0.00245	0.00356	0.01660	0.00556	0.00501
48	0.02468	0.01252	0.01484	0.01165	0.01607	0.03750	0.00948	0.19443	0.06574	0.51594	0.02083	0.01889	0.01377	0.00748	0.00604	0.00188	0.00563	0.00584	0.00680	0.00998
49	0.02497	0.01084	0.01397	0.01099	0.01537	0.00994	0.00894	0.05961	0.10210	0.64076	0.02305	0.02042	0.01503	0.00760	0.00607	0.00191	0.00515	0.00606	0.00713	0.01006
50	0.00764	0.00546	0.00714	0.00846	0.00885	0.00505	0.00564	0.00851	0.01146	0.01534	0.03239	0.78608	0.03871	0.01846	0.00763	0.00245	0.00356	0.01660	0.00556	0.00501
51	0.02254	0.01660	0.01776	0.01370	0.01837	0.01825	0.01124	0.73429	0.02754	0.03696	0.01445	0.01467	0.01037	0.00732	0.00604	0.00184	0.00656	0.00540	0.00597	0.01013
52	0.01151	0.01070	0.01775	0.77559	0.04020	0.01318	0.01630	0.01521	0.01195	0.01535	0.01086	0.01620	0.00825	0.00616	0.00603	0.00203	0.00791	0.00533	0.00277	0.00673
53	0.01423	0.01600	0.03448	0.02474	0.03062	0.01495	0.73238	0.01895	0.01403	0.01909	0.01227	0.01638	0.00932	0.00525	0.00707	0.00205	0.00994	0.00701	0.00312	0.00810
54	0.00751	0.00610	0.00653	0.00681	0.00842	0.00521	0.00491	0.00875	0.01314	0.01615	0.06680	0.22758	0.56967	0.01576	0.00721	0.00215	0.00323	0.01334	0.00558	0.00516
55	0.01603	0.79294	0.03067	0.01030	0.01528	0.02319	0.01015	0.01774	0.01214	0.01418	0.00862	0.01007	0.00797	0.00533	0.00397	0.00134	0.00639	0.00329	0.00267	0.00772
56	0.01231	0.05534	0.73563	0.01665	0.02511	0.01407	0.02121	0.01871	0.01258	0.01873	0.01088	0.01290	0.00787	0.00585	0.00569	0.00192	0.00866	0.00443	0.00264	0.00881
57	0.00764	0.00546	0.00714	0.00846	0.00885	0.00505	0.00564	0.00851	0.01146	0.01534	0.03239	0.78608	0.03871	0.01846	0.00763	0.00245	0.00356	0.01660	0.00556	0.00501
58	0.04591	0.02951	0.72865	0.01650	0.02487	0.01374	0.02097	0.01869	0.01250	0.01919	0.01086	0.01288	0.00783	0.00587	0.00567	0.00193	0.00857	0.00442	0.00269	0.00875
59	0.01218	0.03028	0.75959	0.01687	0.02544	0.01376	0.02159	0.01874	0.01260	0.01888	0.01096	0.01300	0.00787	0.00587	0.00575	0.00194	0.00874	0.00447	0.00264	0.00884
60	0.01496	0.01283	0.01349	0.01217	0.01548	0.01471	0.00941	0.03112	0.74305	0.02474	0.02408	0.02234	0.01817	0.00822	0.00614	0.00207	0.00478	0.00673	0.00607	0.00945
61	0.02216	0.02793	0.01679	0.01529	0.01831	0.76624	0.01143	0.02350	0.01676	0.01473	0.00952	0.01122	0.00799	0.00634	0.00547	0.00160	0.01062	0.00392	0.00318	0.00701
62	0.01274	0.01196	0.01998	0.50562	0.30052	0.01351	0.01691	0.01629	0.01254	0.01685	0.01107	0.01579	0.00878	0.00593	0.00601	0.00196	0.00760	0.00534	0.00287	0.00772
63	0.02019	0.01543	0.01643	0.01322	0.01747	0.01715	0.01067	0.51597	0.24970	0.03317	0.01744	0.01705	0.01279	0.00760	0.00607	0.00191	0.00601	0.00581	0.00600	0.00992
64	0.00764	0.00546	0.00714	0.00846	0.00885	0.00505	0.00564	0.00851	0.01146	0.01534	0.03239	0.78608	0.03871	0.01846	0.00763	0.00245	0.00356	0.01660	0.00556	0.00501
65	0.01158	0.01080	0.01776	0.74249	0.03913	0.01339	0.01615	0.01517	0.01184	0.01531	0.01074	0.01608	0.00825	0.00635	0.00661	0.00206	0.04147	0.00533	0.00277	0.00672
66	0.01406	0.01331	0.02237	0.21627	0.57953	0.01386	0.01757	0.01745	0.01316	0.01846	0.01131	0.01536	0.00935	0.00568	0.00599	0.00187	0.00727	0.00534	0.00299	0.00879
67	0.02649	0.01026	0.01383	0.01069	0.01520	0.00885	0.00876	0.02858	0.01693	0.75766	0.02336	0.02045	0.01484	0.00753	0.00607	0.00189	0.00513	0.00601	0.00734	0.01014
68	0.01218	0.03028	0.75959	0.01687	0.02544	0.01376	0.02159	0.01874	0.01260	0.01888	0.01096	0.01300	0.00787	0.00587	0.00575	0.00194	0.00874	0.00447	0.00264	0.00884
69	0.01232	0.05653	0.73450	0.01664	0.02509	0.01409	0.02120	0.01871	0.01258	0.01872	0.01088	0.01290	0.00787	0.00585	0.00568	0.00192	0.00866	0.00443	0.00264	0.00881
70	0.01218	0.03028	0.75959	0.01687	0.02544	0.01376	0.02159	0.01874	0.01260	0.01888	0.01096	0.01300	0.00787	0.00587	0.00575	0.00194	0.00874	0.00447	0.00264	0.00884
71	0.00764	0.00546	0.00714	0.00846	0.00885	0.00505	0.00564	0.00851	0.01146	0.01534	0.03239	0.78608	0.03871	0.01846	0.00763	0.00245	0.00356	0.01660	0.00556	0.00501
72	0.01407	0.01544	0.03290	0.02369	0.02933	0.01445	0.69222	0.01867	0.01395	0.01926	0.01267	0.01671	0.00965	0.00536	0.00692	0.00202	0.00955	0.00693	0.04826	0.00797
73	0.01499	0.58548	0.22895	0.01208	0.01805	0.02063	0.01326	0.01802	0.01226	0.01546	0.00926	0.01087	0.00794	0.00548	0.00445	0.00150	0.00703	0.00361	0.00266	0.00803
74	0.00766	0.00603	0.00681	0.00730	0.00868	0.00527	0.00525	0.00891	0.01294	0.01623	0.07337	0.31649	0.44244	0.01619	0.00732	0.00222	0.00338	0.04276	0.00559	0.00516
75	0.01323	0.01246	0.02087	0.39785	0.40445	0.01364	0.01716	0.01672	0.01277	0.01745	0.01116	0.01563	0.00899	0.00584	0.00600	0.00192	0.00748	0.00534	0.00292	0.00812
76	0.01344	0.27833	0.52251	0.01473	0.02214	0.01683	0.01787	0.01842	0.01245	0.01735	0.01020	0.01205	0.00790	0.00570	0.00517	0.00174	0.00797	0.00409	0.00265	0.00848
77	0.01489	0.01415	0.02386	0.03583	0.75353	0.01407	0.01798	0.01818	0.01355	0.01946	0.01145	0.01509	0.00970	0.00553	0.00598	0.00182	0.00707	0.00535	0.00306	0.00946
78	0.00766	0.00636	0.00661	0.00671	0.00865	0.00540	0.00512	0.00909	0.01358	0.01635	0.05646	0.05720	0.68515	0.01512	0.00719	0.00212	0.00336	0.07708	0.00556	0.00523
79	0.08042	0.02256	0.01642	0.01414	0.01774	0.44425	0.01094	0.25181	0.04600	0.02309	0.01157	0.01266	0.00904	0.00668	0.00556	0.00171	0.00867	0.00446	0.00422	0.00807
80	0.01368	0.01281	0.02118	0.22905	0.50903	0.01346	0.01672	0.01737	0.03601	0.01836	0.01262	0.04983	0.01087	0.00636	0.00607	0.00191	0.00706	0.00588	0.00319	0.00854
81	0.83037	0.01160	0.00893	0.00801	0.01163	0.01331	0.00653	0.01743	0.01024	0.02649	0.00864	0.01019	0.00681	0.00575	0.00384	0.00189	0.00468	0.00333	0.00377	0.00657
82	0.01225	0.04424	0.74625	0.01675	0.02526	0.01394	0.02138	0.01872	0.01259	0.01879	0.01091	0.01294	0.00787	0.00586	0.00571	0.00193	0.00870	0.00445	0.00264	0.00882
83	0.12906	0.00710	0.00840	0.00825	0.00980	0.00785	0.00637	0.01271	0.01064	0.01833	0.01601	0.02119	0.01391	0.02685	0.42015	0.00584	0.01013	0.00569	0.25603	0.00570
84	0.83037	0.01160	0.00893	0.00801	0.01163	0.01331	0.00653	0.01743	0.01024	0.02649	0.00864	0.01019	0.00681	0.00575	0.00384	0.00189	0.00468	0.00333	0.00377	0.00657
85	0.02200	0.04733	0.01715	0.01516	0.01823	0.74739	0.01139	0.02336	0.01665	0.01472	0.00950	0.01119	0.00799	0.00631	0.00543	0.00159	0.01051	0.00391	0.00316	0.00703
86	0.02146	0.01392	0.01543	0.01219	0.01632	0.01478	0.00989	0.49417	0.04039	0.16587	0.01749	0.04839	0.01299	0.00782	0.00595	0.00185	0.00581	0.00602	0.07976	0.00950
87	0.50685	0.01274	0.01150	0.00976	0.01355	0.01430	0.00791	0.21070	0.06984	0.02861	0.01413	0.01485	0.04969	0.00686	0.00478	0.00190	0.00511	0.00464	0.00464	0.00766
88	0.00768	0.00610	0.00682	0.00723	0.00868	0.00525	0.00513	0.00885	0.01269	0.01596	0.04691	0.34525	0.44444	0.01605	0.00722	0.00218	0.00335	0.01378	0.00550	0.03092
89	0.01077	0.00707	0.00963	0.01050	0.01199	0.00683	0.00880	0.01306	0.01387	0.07141	0.07776	0.14599	0.03436	0.01567	0.00793	0.00261	0.00510	0.53504	0.00572	0.00589
90	0.02312	0.04995	0.01553	0.01152	0.01587	0.01262	0.00947	0.24586	0.06187	0.41573	0.06005	0.01956	0.01553	0.00765	0.00601	0.00186	0.00549	0.00598	0.00658	0.00974
91	0.01218	0.03028	0.75959	0.01687	0.02544	0.01376	0.02159	0.01874	0.01260	0.01888	0.01096	0.01300	0.00787	0.00587	0.00575	0.00194	0.00874	0.00447	0.00264	0.00884
92	0.00864	0.00624	0.00804	0.00778	0.00907	0.00572	0.00571	0.01102	0.01612	0.02274	0.66498	0.13239	0.05304	0.01293	0.00714	0.00199	0.00301	0.01135	0.00643	0.00567
93	0.01237	0.06711	0.72439	0.01655	0.02495	0.01422	0.02104	0.01869	0.01258	0.01865	0.01084	0.01286	0.00787	0.00585	0.00566	0.00191	0.00863	0.00441	0.00264	0.00879
94	0.01218	0.03028	0.75959	0.01687	0.02544	0.01376	0.02159	0.01874	0.01260	0.01888	0.01096	0.01300	0.00787	0.00587	0.00575	0.00194	0.00874	0.00447	0.00264	0.00884
95	0.00764	0.00546	0.00714	0.00846	0.00885	0.00505	0.00564	0.00851	0.01146	0.01534	0.03239	0.78608	0.03871	0.01846	0.00763	0.00245	0.00356	0.01660	0.00556	0.00501
96	0.01162	0.01091	0.01844	0.74464	0.03981	0.01326	0.04582	0.01537	0.01204	0.01550	0.01091	0.01620	0.00830	0.00612	0.00608	0.00203	0.00799	0.00540	0.00278	0.00678
97	0.01465	0.01390	0.02342	0.08928	0.70199	0.01401	0.01786	0.01796	0.01344	0.01916	0.01141	0.01517	0.00960	0.00558	0.00598	0.00184	0.00713	0.00534	0.00304	0.00926
98	0.01151	0.01070	0.01775	0.77559	0.04020	0.01318	0.01630	0.01521	0.01195	0.01535	0.01086	0.01620	0.00825	0.00616	0.00603	0.00203	0.00791	0.00533	0.00277	0.00673
99	0.00863	0.00626	0.00800	0.00770	0.00904	0.00572	0.00568	0.01101	0.01616	0.02272	0.66127	0.11084	0.07868	0.01285	0.00712	0.00198	0.00300	0.01123	0.00643	0.00567
100	0.00764	0.00546	0.00714	0.00846	0.00885	0.00505	0.00564	0.00851	0.01146	0.01534	0.03239	0.78608	0.03871	0.01846	0.00763	0.00245	0.00356	0.01660	0.00556	0.00501
101	0.01330	0.25166	0.54800	0.01496	0.02249	0.01650	0.01827	0.01845	0.01246	0.01752	0.01028	0.01215	0.00790	0.00571	0.00523	0.00176	0.00806	0.00413	0.00265	0.00852
102	0.00982	0.00705	0.00962	0.01087	0.01228	0.00694	0.00939	0.01229	0.01369	0.01781	0.03217	0.06552	0.06029	0.01628	0.00819	0.00274	0.00544	0.68847	0.00552	0.00562
103	0.01218	0.03028	0.75959	0.01687	0.02544	0.01376	0.02159	0.01874	0.01260	0.01888	0.01096	0.01300	0.00787	0.00587	0.00575	0.00194	0.00874	0.00447	0.00264	0.00884
104	0.83037	0.01160	0.00893	0.00801	0.01163	0.01331	0.00653	0.01743	0.01024	0.02649	0.00864	0.01019	0.00681	0.00575	0.00384	0.00189	0.00468	0.00333	0.00377	0.00657
105	0.01489	0.01415	0.02386	0.03583	0.75353	0.01407	0.01798	0.01818	0.01355	0.01946	0.01145	0.01509	0.00970	0.00553	0.00598	0.00182	0.00707	0.00535	0.00306	0.00946
106	0.01603	0.79294	0.03067	0.01030	0.01528	0.02319	0.01015	0.01774	0.01214	0.01418	0.00862	0.01007	0.00797	0.00533	0.00397	0.00134	0.00639	0.00329	0.00267	0.00772
107	0.01218	0.03028	0.75959	0.01687	0.02544	0.01376	0.02159	0.01874	0.01260	0.01888	0.01096	0.01300	0.00787	0.00587	0.00575	0.00194	0.00874	0.00447	0.00264	0.00884
108	0.01218	0.03028	0.75959	0.01687	0.02544	0.01376	0.02159	0.01874	0.01260	0.01888	0.01096	0.01300	0.00787	0.00587	0.00575	0.00194	0.00874	0.00447	0.00264	0.00884
109	0.00764	0.00546	0.00714	0.00846	0.00885	0.00505	0.00564	0.00851	0.01146	0.01534	0.03239	0.78608	0.03871	0.01846	0.00763	0.00245	0.00356	0.01660	0.00556	0.00501
110	0.00827	0.00748	0.00691	0.00680	0.00884	0.04724	0.00506	0.00962	0.01381	0.01628	0.07139	0.05356	0.69507	0.01446	0.00699	0.00203	0.00355	0.01187	0.00545	0.00530
111	0.01424	0.01349	0.02269	0.17748	0.61694	0.01390	0.01766	0.01761	0.01325	0.01867	0.01134	0.01531	0.00942	0.00565	0.00599	0.00186	0.00723	0.00534	0.00300	0.00893
112	0.01043	0.00747	0.01009	0.01136	0.01276	0.00730	0.00971	0.01274	0.01398	0.01832	0.03154	0.08078	0.03416	0.01664	0.00843	0.00285	0.00567	0.69415	0.00569	0.00591
113	0.01273	0.03048	0.75332	0.01718	0.02573	0.01404	0.02170	0.01908	0.01294	0.01937	0.01151	0.01376	0.00840	0.00624	0.00598	0.00204	0.00890	0.00465	0.00284	0.00911
114	0.01377	0.20498	0.54446	0.01540	0.02284	0.01626	0.01840	0.01954	0.05313	0.01861	0.01169	0.01360	0.00899	0.00625	0.00559	0.00191	0.00814	0.00450	0.00303	0.00889
115	0.01453	0.01582	0.03285	0.02397	0.02941	0.01501	0.66277	0.01880	0.01413	0.01932	0.01345	0.01914	0.01085	0.00634	0.00788	0.00221	0.04401	0.03790	0.00340	0.00820
116	0.01193	0.00625	0.00626	0.00621	0.00765	0.00609	0.00458	0.01430	0.01286	0.02258	0.01990	0.02300	0.01581	0.00747	0.00455	0.00156	0.00311	0.00575	0.81416	0.00599
117	0.01225	0.01127	0.01841	0.72834	0.07971	0.01351	0.01655	0.01575	0.01239	0.01610	0.01144	0.01687	0.00886	0.00649	0.00626	0.00212	0.00802	0.00551	0.00298	0.00716
118	0.01583	0.64393	0.16702	0.01189	0.01756	0.02162	0.01250	0.01828	0.01257	0.01559	0.00963	0.01141	0.00848	0.00580	0.00455	0.00156	0.00700	0.00370	0.00286	0.00821
119	0.00823	0.00589	0.00756	0.00884	0.00928	0.00541	0.00589	0.00894	0.01181	0.01586	0.03275	0.77997	0.03897	0.01872	0.00785	0.00255	0.00377	0.01668	0.00573	0.00531
120	0.02177	0.02671	0.01738	0.01608	0.03450	0.68557	0.01188	0.02298	0.01642	0.01534	0.01002	0.01226	0.00857	0.00700	0.00678	0.00178	0.07005	0.00424	0.00333	0.00731
121	0.01516	0.01460	0.02328	0.15020	0.57894	0.04524	0.04401	0.01831	0.01378	0.01909	0.01186	0.01590	0.00991	0.00602	0.00624	0.00196	0.00762	0.00552	0.00321	0.00914
122	0.01341	0.01245	0.02051	0.47487	0.32413	0.01382	0.01713	0.01677	0.01293	0.01751	0.01165	0.01649	0.00936	0.00628	0.00624	0.00205	0.00774	0.00551	0.00308	0.00810
123	0.00823	0.00589	0.00756	0.00884	0.00928	0.00541	0.00589	0.00894	0.01181	0.01586	0.03275	0.77997	0.03897	0.01872	0.00785	0.00255	0.00377	0.01668	0.00573	0.00531
124	0.01273	0.03048	0.75332	0.01718	0.02573	0.01404	0.02170	0.01908	0.01294	0.01937	0.01151	0.01376	0.00840	0.00624	0.00598	0.00204	0.00890	0.00465	0.00284	0.00911
125	0.01517	0.01430	0.02394	0.08682	0.68230	0.01430	0.03360	0.01834	0.01378	0.01965	0.01198	0.01594	0.01011	0.00594	0.00624	0.00194	0.00736	0.00556	0.00323	0.00950
126	0.01273	0.03048	0.75332	0.01718	0.02573	0.01404	0.02170	0.01908	0.01294	0.01937	0.01151	0.01376	0.00840	0.00624	0.00598	0.00204	0.00890	0.00465	0.00284	0.00911
127	0.01938	0.01263	0.01419	0.01216	0.01593	0.01341	0.00953	0.06938	0.47856	0.24677	0.02377	0.02203	0.01718	0.00831	0.00634	0.00210	0.00517	0.00660	0.00661	0.00995
128	0.07714	0.01399	0.01523	0.01414	0.07816	0.04753	0.01024	0.35526	0.06395	0.05433	0.07728	0.12826	0.01876	0.00941	0.00640	0.00204	0.00595	0.00748	0.00565	0.00880
129	0.01473	0.01624	0.03412	0.02467	0.03037	0.01532	0.70253	0.01914	0.01420	0.01943	0.01268	0.01702	0.00980	0.00580	0.00769	0.00217	0.03535	0.00711	0.00330	0.00832
130	0.02281	0.01722	0.01795	0.01405	0.01865	0.04356	0.01141	0.68786	0.04418	0.03626	0.01503	0.01548	0.01099	0.00766	0.00625	0.00194	0.00683	0.00555	0.00605	0.01026
131	0.01462	0.01348	0.02218	0.17631	0.57825	0.01381	0.01721	0.01777	0.01353	0.01927	0.01223	0.01637	0.01019	0.00609	0.00615	0.00195	0.00722	0.00553	0.03883	0.00903
132	0.07686	0.44952	0.02364	0.01131	0.01567	0.10043	0.01000	0.14684	0.01563	0.02034	0.01115	0.01274	0.00940	0.00633	0.00477	0.00161	0.00667	0.00410	0.06486	0.00812
133	0.00910	0.00626	0.00731	0.00774	0.00797	0.00598	0.00471	0.00917	0.01013	0.01362	0.02413	0.30633	0.02808	0.50721	0.02178	0.00461	0.00519	0.01160	0.00455	0.00455
134	0.01523	0.01431	0.02379	0.07678	0.70799	0.01429	0.01803	0.01836	0.01380	0.01972	0.01197	0.01590	0.01014	0.00594	0.00621	0.00194	0.00729	0.00552	0.00323	0.00957
135	0.04157	0.00813	0.01054	0.01000	0.01197	0.00763	0.02977	0.01599	0.06660	0.18082	0.12326	0.40838	0.03237	0.01390	0.00717	0.00230	0.00435	0.01210	0.00615	0.00700
136	0.01273	0.03048	0.75332	0.01718	0.02573	0.01404	0.02170	0.01908	0.01294	0.01937	0.01151	0.01376	0.00840	0.00624	0.00598	0.00204	0.00890	0.00465	0.00284	0.00911
137	0.00931	0.00672	0.00853	0.00811	0.00952	0.00612	0.00597	0.01164	0.01681	0.02382	0.71271	0.07732	0.05437	0.01277	0.00732	0.00205	0.00317	0.01103	0.00667	0.00602
138	0.01473	0.42647	0.37485	0.01376	0.02046	0.01893	0.01576	0.01857	0.01270	0.01693	0.01030	0.01224	0.00845	0.00596	0.00506	0.00173	0.00767	0.00404	0.00285	0.00853
139	0.01555	0.01488	0.02441	0.03506	0.70150	0.03079	0.04743	0.01867	0.01397	0.01983	0.01199	0.01581	0.01016	0.00591	0.00624	0.00193	0.00744	0.00556	0.00326	0.00961
140	0.00823	0.00589	0.00756	0.00884	0.00928	0.00541	0.00589	0.00894	0.01181	0.01586	0.03275	0.77997	0.03897	0.01872	0.00785	0.00255	0.00377	0.01668	0.00573	0.00531
141	0.02272	0.02513	0.01739	0.01518	0.01868	0.55957	0.01158	0.21410	0.01995	0.02121	0.01141	0.01292	0.00916	0.00696	0.00586	0.00176	0.00967	0.00450	0.00412	0.00813
142	0.01480	0.01418	0.02371	0.03078	0.53953	0.01453	0.09249	0.01772	0.01345	0.01928	0.02982	0.01747	0.02982	0.00691	0.00808	0.00206	0.10700	0.00598	0.00336	0.00902
143	0.01223	0.01125	0.01837	0.73300	0.07522	0.01351	0.01654	0.01573	0.01238	0.01607	0.01144	0.01688	0.00885	0.00649	0.00626	0.00212	0.00803	0.00551	0.00298	0.00715
144	0.00803	0.00671	0.00672	0.00667	0.00871	0.00559	0.00493	0.00919	0.01390	0.01671	0.05915	0.05670	0.74520	0.01529	0.00731	0.00216	0.00334	0.01249	0.00573	0.00549
145	0.01115	0.00832	0.01057	0.01141	0.01308	0.00847	0.00948	0.01561	0.13358	0.01932	0.03044	0.11106	0.03186	0.01542	0.00806	0.00272	0.00545	0.54173	0.00578	0.00651
146	0.02078	0.13921	0.25153	0.01294	0.01882	0.01295	0.01324	0.02405	0.01512	0.40293	0.01759	0.01718	0.01205	0.00702	0.00587	0.00192	0.00665	0.00527	0.00529	0.00961
147	0.00823	0.00589	0.00756	0.00884	0.00928	0.00541	0.00589	0.00894	0.01181	0.01586	0.03275	0.77997	0.03897	0.01872	0.00785	0.00255	0.00377	0.01668	0.00573	0.00531
148	0.01301	0.08569	0.70056	0.01670	0.02500	0.01472	0.02087	0.01901	0.01290	0.01903	0.01134	0.01355	0.00841	0.00620	0.00585	0.00199	0.00873	0.00457	0.00284	0.00903
149	0.01511	0.01419	0.02358	0.10262	0.68308	0.01426	0.01797	0.01826	0.01374	0.01957	0.01195	0.01594	0.01009	0.00596	0.00621	0.00194	0.00731	0.00552	0.00322	0.00947
150	0.00823	0.00589	0.00756	0.00884	0.00928	0.00541	0.00589	0.00894	0.01181	0.01586	0.03275	0.77997	0.03897	0.01872	0.00785	0.00255	0.00377	0.01668	0.00573	0.00531
151	0.01273	0.03048	0.75332	0.01718	0.02573	0.01404	0.02170	0.01908	0.01294	0.01937	0.01151	0.01376	0.00840	0.00624	0.00598	0.00204	0.00890	0.00465	0.00284	0.00911
152	0.01641	0.75880	0.05723	0.01090	0.01603	0.02304	0.01078	0.01813	0.01250	0.01489	0.00928	0.01097	0.00850	0.00572	0.00428	0.00147	0.00665	0.00353	0.00287	0.00804
153	0.02677	0.01088	0.01434	0.01116	0.01570	0.00950	0.00907	0.05434	0.01761	0.72554	0.02348	0.02094	0.01515	0.00788	0.00630	0.00199	0.00536	0.00615	0.00745	0.01039
154	0.00952	0.00643	0.00718	0.00720	0.00733	0.00626	0.00414	0.00928	0.00931	0.01252	0.01992	0.07520	0.02277	0.74559	0.02858	0.00561	0.00588	0.00913	0.00397	0.00418
155	0.11025	0.05959	0.01723	0.04727	0.01876	0.41235	0.01119	0.20928	0.01875	0.02239	0.01130	0.01296	0.00903	0.00684	0.00563	0.00180	0.00872	0.00446	0.00412	0.00808
156	0.01542	0.01450	0.02413	0.03597	0.74734	0.01434	0.01812	0.01852	0.01388	0.01994	0.01200	0.01584	0.01022	0.00590	0.00621	0.00192	0.00724	0.00552	0.00325	0.00972
157	0.02300	0.01693	0.01808	0.01404	0.01872	0.01849	0.01145	0.72828	0.02774	0.03729	0.01497	0.01542	0.01088	0.00767	0.00627	0.00194	0.00674	0.00557	0.00614	0.01038
158	0.01542	0.01450	0.02413	0.03597	0.74734	0.01434	0.01812	0.01852	0.01388	0.01994	0.01200	0.01584	0.01022	0.00590	0.00621	0.00192	0.00724	0.00552	0.00325	0.00972
159	0.01434	0.04068	0.06199	0.02297	0.02862	0.01477	0.62215	0.01870	0.01444	0.01975	0.06599	0.01876	0.01303	0.00616	0.00714	0.00212	0.00942	0.00721	0.00353	0.00822
160	0.01273	0.03048	0.75332	0.01718	0.02573	0.01404	0.02170	0.01908	0.01294	0.01937	0.01151	0.01376	0.00840	0.00624	0.00598	0.00204	0.00890	0.00465	0.00284	0.00911
161	0.01193	0.00625	0.00626	0.00621	0.00765	0.00609	0.00458	0.01430	0.01286	0.02258	0.01990	0.02300	0.01581	0.00747	0.00455	0.00156	0.00311	0.00575	0.81416	0.00599
162	0.07116	0.01023	0.01143	0.01079	0.01245	0.07613	0.00828	0.06697	0.01199	0.01712	0.01519	0.02191	0.01401	0.07486	0.51269	0.00717	0.04151	0.00612	0.00371	0.00628
163	0.02284	0.01654	0.01777	0.01386	0.01848	0.01800	0.01128	0.67383	0.05620	0.06345	0.01569	0.01594	0.01136	0.00772	0.00627	0.00195	0.00661	0.00565	0.00619	0.01036
164	0.00822	0.00594	0.00752	0.00872	0.00925	0.00542	0.00584	0.00895	0.01193	0.01591	0.03422	0.73971	0.07828	0.01853	0.00782	0.00253	0.00374	0.01644	0.00573	0.00532
165	0.01542	0.01450	0.02413	0.03597	0.74734	0.01434	0.01812	0.01852	0.01388	0.01994	0.01200	0.01584	0.01022	0.00590	0.00621	0.00192	0.00724	0.00552	0.00325	0.00972
166	0.01464	0.00897	0.00931	0.00812	0.01047	0.00940	0.00634	0.22299	0.01689	0.02645	0.01801	0.02014	0.01393	0.00719	0.00482	0.00157	0.00398	0.00554	0.58424	0.00700
167	0.02188	0.02678	0.01691	0.01523	0.01824	0.69756	0.01148	0.06241	0.01710	0.01598	0.00978	0.01154	0.00816	0.00656	0.00601	0.00165	0.03816	0.00406	0.00333	0.00718
168	0.00768	0.00549	0.00717	0.00848	0.00887	0.00507	0.00565	0.00853	0.01148	0.01537	0.03241	0.78573	0.03872	0.01848	0.00764	0.00246	0.00358	0.01661	0.00557	0.00502
169	0.01242	0.07081	0.72051	0.01653	0.02492	0.01428	0.02099	0.01871	0.01259	0.01866	0.01086	0.01289	0.00791	0.00586	0.00567	0.00191	0.00862	0.00442	0.00265	0.00880
170	0.01456	0.01380	0.02322	0.11474	0.67708	0.01399	0.01781	0.01788	0.01340	0.01905	0.01142	0.01526	0.00958	0.00562	0.00600	0.00185	0.00717	0.00535	0.00304	0.00918
171	0.01224	0.03015	0.75307	0.01704	0.03156	0.01378	0.02157	0.01875	0.01262	0.01891	0.01099	0.01306	0.00792	0.00589	0.00576	0.00194	0.00874	0.00449	0.00265	0.00887
172	0.01216	0.01135	0.01889	0.63948	0.17110	0.01336	0.01662	0.01578	0.01227	0.01613	0.01100	0.01604	0.00855	0.00607	0.00604	0.00200	0.00776	0.00534	0.00283	0.00725
173	0.01303	0.01017	0.01168	0.01163	0.01390	0.03500	0.00958	0.08205	0.20991	0.03504	0.02699	0.07610	0.02653	0.01297	0.00733	0.00243	0.00551	0.39730	0.00567	0.00717
174	0.01429	0.01087	0.01215	0.01096	0.01380	0.01178	0.00850	0.06356	0.42778	0.07512	0.18829	0.05938	0.02736	0.00980	0.00650	0.00206	0.00448	0.03872	0.00623	0.00837
175	0.01665	0.01353	0.01434	0.01245	0.01605	0.01530	0.00976	0.16573	0.59232	0.04060	0.02225	0.02087	0.01664	0.00805	0.00613	0.00203	0.00514	0.00647	0.00609	0.00961
176	0.01492	0.01417	0.02388	0.03583	0.75317	0.01409	0.01799	0.01820	0.01357	0.01948	0.01149	0.01514	0.00973	0.00555	0.00599	0.00183	0.00708	0.00536	0.00307	0.00947
177	0.01325	0.01410	0.02885	0.02133	0.02610	0.01344	0.56183	0.01739	0.01414	0.01938	0.10152	0.02315	0.01650	0.00713	0.00770	0.00212	0.04228	0.05849	0.00370	0.00759
178	0.00786	0.00562	0.00735	0.00854	0.00905	0.00521	0.00583	0.00891	0.01196	0.01609	0.08425	0.70074	0.03968	0.01793	0.00763	0.00243	0.00362	0.04657	0.00564	0.00511
179	0.02183	0.01553	0.01681	0.01316	0.01757	0.01692	0.01070	0.60526	0.08201	0.08731	0.01601	0.01648	0.01168	0.03205	0.00680	0.00199	0.00631	0.00566	0.00602	0.00989
180	0.07494	0.01767	0.06240	0.02004	0.02518	0.11371	0.43939	0.10438	0.01559	0.02107	0.01257	0.04142	0.01006	0.00618	0.00647	0.00197	0.00898	0.00636	0.00359	0.00803
181	0.01239	0.06413	0.72688	0.01659	0.02501	0.01420	0.02109	0.01872	0.01260	0.01870	0.01088	0.01291	0.00791	0.00587	0.00568	0.00192	0.00865	0.00443	0.00265	0.00881
182	0.00781	0.00559	0.00731	0.00852	0.00900	0.00518	0.00579	0.00882	0.01185	0.01592	0.07200	0.72111	0.03946	0.01806	0.00763	0.00244	0.00361	0.03921	0.00562	0.00509
183	0.01319	0.14424	0.62028	0.01584	0.02365	0.04553	0.01948	0.01880	0.01272	0.01804	0.01058	0.01253	0.00792	0.00583	0.00548	0.00184	0.00847	0.00428	0.00268	0.00862
184	0.13550	0.01353	0.01435	0.01156	0.01540	0.01464	0.00935	0.43897	0.04606	0.06223	0.15701	0.02023	0.01898	0.00809	0.00594	0.00188	0.00548	0.00620	0.00584	0.00877
185	0.00768	0.00549	0.00717	0.00848	0.00887	0.00507	0.00565	0.00853	0.01148	0.01537	0.03241	0.78573	0.03872	0.01848	0.00764	0.00246	0.00358	0.01661	0.00557	0.00502
186	0.01488	0.01443	0.02283	0.12051	0.63506	0.05031	0.01748	0.01811	0.01354	0.01878	0.01132	0.01508	0.00948	0.00566	0.00597	0.00184	0.00735	0.00529	0.00304	0.00904
187	0.02721	0.00884	0.06331	0.00883	0.01135	0.00702	0.00739	0.01467	0.01610	0.14229	0.50352	0.03851	0.09240	0.01114	0.00678	0.00195	0.00382	0.02193	0.00627	0.00669
188	0.01178	0.01097	0.01821	0.72177	0.09175	0.01326	0.01643	0.01545	0.01209	0.01568	0.01093	0.01616	0.00839	0.00613	0.00604	0.00202	0.00785	0.00534	0.00280	0.00694
189	0.00787	0.00636	0.00688	0.00681	0.00865	0.00546	0.00512	0.00951	0.01431	0.01800	0.21414	0.05392	0.56470	0.01443	0.00714	0.00206	0.00320	0.04030	0.00579	0.00535
190	0.10493	0.01347	0.02149	0.12118	0.58565	0.01390	0.01652	0.01776	0.01301	0.01977	0.01110	0.01473	0.00924	0.00565	0.00576	0.00186	0.00691	0.00513	0.00311	0.00883
191	0.01221	0.03029	0.75923	0.01688	0.02546	0.01378	0.02160	0.01876	0.01262	0.01891	0.01099	0.01304	0.00790	0.00589	0.00576	0.00194	0.00875	0.00448	0.00265	0.00886
192	0.00768	0.00549	0.00717	0.00848	0.00887	0.00507	0.00565	0.00853	0.01148	0.01537	0.03241	0.78573	0.03872	0.01848	0.00764	0.00246	0.00358	0.01661	0.00557	0.00502
193	0.01221	0.03029	0.75923	0.01688	0.02546	0.01378	0.02160	0.01876	0.01262	0.01891	0.01099	0.01304	0.00790	0.00589	0.00576	0.00194	0.00875	0.00448	0.00265	0.00886
194	0.02394	0.02429	0.01413	0.01101	0.01528	0.01038	0.00894	0.05403	0.13914	0.58238	0.03591	0.02084	0.01586	0.00770	0.00607	0.00192	0.00511	0.00615	0.00699	0.00992
195	0.01190	0.00771	0.00854	0.00777	0.01036	0.00690	0.00597	0.01486	0.08545	0.15933	0.07606	0.04567	0.51102	0.01281	0.00681	0.00203	0.00368	0.01055	0.00600	0.00659
196	0.01221	0.03029	0.75923	0.01688	0.02546	0.01378	0.02160	0.01876	0.01262	0.01891	0.01099	0.01304	0.00790	0.00589	0.00576	0.00194	0.00875	0.00448	0.00265	0.00886
197	0.08132	0.01543	0.01584	0.01258	0.01674	0.05888	0.01019	0.51772	0.02382	0.08570	0.08709	0.01749	0.01473	0.00766	0.00596	0.00185	0.00620	0.00573	0.00582	0.00927
198	0.01296	0.01257	0.02199	0.42429	0.23538	0.01392	0.12422	0.01658	0.01261	0.01704	0.01115	0.01584	0.00884	0.00606	0.00676	0.00201	0.04156	0.00560	0.00291	0.00770
199	0.00772	0.00553	0.00721	0.00845	0.00888	0.00511	0.00565	0.00865	0.01170	0.01571	0.06202	0.75513	0.03939	0.01822	0.00762	0.00244	0.00355	0.01636	0.00561	0.00505
200	0.13501	0.02649	0.61546	0.01518	0.02271	0.01338	0.01868	0.01826	0.01243	0.02025	0.04113	0.01389	0.00968	0.00613	0.00553	0.00194	0.00790	0.00456	0.00298	0.00839
201	0.01465	0.01399	0.02385	0.08885	0.67314	0.01406	0.04603	0.01801	0.01348	0.01917	0.01147	0.01527	0.00961	0.00559	0.00604	0.00185	0.00725	0.00542	0.00305	0.00922
202	0.01499	0.01285	0.01351	0.01219	0.01550	0.01473	0.00942	0.03113	0.74269	0.02477	0.02410	0.02238	0.01819	0.00824	0.00615	0.00207	0.00479	0.00674	0.00608	0.00946
203	0.01221	0.03029	0.75923	0.01688	0.02546	0.01378	0.02160	0.01876	0.01262	0.01891	0.01099	0.01304	0.00790	0.00589	0.00576	0.00194	0.00875	0.00448	0.00265	0.00886
204	0.03982	0.00819	0.00907	0.00857	0.00957	0.04879	0.03509	0.03551	0.01141	0.01534	0.07453	0.15657	0.05982	0.43991	0.01934	0.00408	0.00554	0.00961	0.00434	0.00490
205	0.07321	0.01216	0.01252	0.01134	0.01456	0.01375	0.00878	0.02808	0.62252	0.02410	0.02621	0.02463	0.08493	0.00868	0.00607	0.00206	0.00463	0.00701	0.00587	0.00886
206	0.00768	0.00549	0.00717	0.00848	0.00887	0.00507	0.00565	0.00853	0.01148	0.01537	0.03241	0.78573	0.03872	0.01848	0.00764	0.00246	0.00358	0.01661	0.00557	0.00502
207	0.01468	0.01392	0.02343	0.08928	0.70163	0.01402	0.01787	0.01798	0.01346	0.01919	0.01144	0.01522	0.00962	0.00560	0.00599	0.00184	0.00714	0.00535	0.00305	0.00927
208	0.01240	0.06712	0.72403	0.01657	0.02497	0.01423	0.02104	0.01871	0.01259	0.01868	0.01087	0.01290	0.00791	0.00587	0.00567	0.00191	0.00864	0.00442	0.00265	0.00881
209	0.01606	0.79256	0.03068	0.01032	0.01530	0.02320	0.01016	0.01777	0.01216	0.01422	0.00866	0.01012	0.00800	0.00535	0.00398	0.00135	0.00640	0.00330	0.00268	0.00774
210	0.00768	0.00549	0.00717	0.00848	0.00887	0.00507	0.00565	0.00853	0.01148	0.01537	0.03241	0.78573	0.03872	0.01848	0.00764	0.00246	0.00358	0.01661	0.00557	0.00502
211	0.01613	0.01282	0.01371	0.01214	0.01560	0.01445	0.00945	0.05930	0.66138	0.07821	0.02366	0.02193	0.01764	0.00815	0.00614	0.00205	0.00489	0.00663	0.00617	0.00954
212	0.01492	0.01417	0.02388	0.03583	0.75317	0.01409	0.01799	0.01820	0.01357	0.01948	0.01149	0.01514	0.00973	0.00555	0.00599	0.00183	0.00708	0.00536	0.00307	0.00947
213	0.00768	0.00549	0.00717	0.00848	0.00887	0.00507	0.00565	0.00853	0.01148	0.01537	0.03241	0.78573	0.03872	0.01848	0.00764	0.00246	0.00358	0.01661	0.00557	0.00502
214	0.01492	0.01417	0.02388	0.03583	0.75317	0.01409	0.01799	0.01820	0.01357	0.01948	0.01149	0.01514	0.00973	0.00555	0.00599	0.00183	0.00708	0.00536	0.00307	0.00947
215	0.01499	0.01285	0.01351	0.01219	0.01550	0.01473	0.00942	0.03113	0.74269	0.02477	0.02410	0.02238	0.01819	0.00824	0.00615	0.00207	0.00479	0.00674	0.00608	0.00946
216	0.00768	0.00549	0.00717	0.00848	0.00887	0.00507	0.00565	0.00853	0.01148	0.01537	0.03241	0.78573	0.03872	0.01848	0.00764	0.00246	0.00358	0.01661	0.00557	0.00502
217	0.01499	0.01285	0.01351	0.01219	0.01550	0.01473	0.00942	0.03113	0.74269	0.02477	0.02410	0.02238	0.01819	0.00824	0.00615	0.00207	0.00479	0.00674	0.00608	0.00946
218	0.00881	0.00636	0.00818	0.00771	0.00912	0.00583	0.00574	0.01138	0.01676	0.02377	0.75026	0.04393	0.05499	0.01220	0.00708	0.00193	0.00295	0.01064	0.00656	0.00578
219	0.00968	0.00696	0.00944	0.01069	0.01203	0.00681	0.00911	0.01202	0.01355	0.01765	0.03238	0.11754	0.06306	0.01644	0.00815	0.00272	0.00530	0.63536	0.00553	0.00559
220	0.00785	0.00556	0.00712	0.00826	0.00861	0.00519	0.00541	0.00858	0.01115	0.01492	0.03068	0.69067	0.03654	0.11652	0.01044	0.00287	0.00386	0.01559	0.00533	0.00487
221	0.00881	0.00636	0.00818	0.00771	0.00912	0.00583	0.00574	0.01138	0.01676	0.02377	0.75026	0.04393	0.05499	0.01220	0.00708	0.00193	0.00295	0.01064	0.00656	0.00578
222	0.01578	0.73681	0.08396	0.01080	0.01605	0.02251	0.01100	0.01784	0.01219	0.01456	0.00883	0.01033	0.00799	0.00539	0.00411	0.00139	0.00657	0.00339	0.00268	0.00782
223	0.01221	0.03029	0.75923	0.01688	0.02546	0.01378	0.02160	0.01876	0.01262	0.01891	0.01099	0.01304	0.00790	0.00589	0.00576	0.00194	0.00875	0.00448	0.00265	0.00886
224	0.01154	0.01072	0.01777	0.77522	0.04021	0.01320	0.01631	0.01523	0.01197	0.01538	0.01089	0.01624	0.00828	0.00618	0.00605	0.00204	0.00791	0.00534	0.00278	0.00674
225	0.01486	0.01410	0.02376	0.04949	0.74001	0.01407	0.01796	0.01814	0.01354	0.01941	0.01147	0.01516	0.00970	0.00556	0.00599	0.00183	0.00709	0.00536	0.00306	0.00942
226	0.05302	0.01245	0.01338	0.01167	0.01521	0.01373	0.00915	0.08008	0.52859	0.12680	0.02403	0.02239	0.04622	0.00824	0.00607	0.00202	0.00490	0.00662	0.00613	0.00931
227	0.01018	0.00743	0.00989	0.01101	0.01248	0.00748	0.00936	0.01358	0.06629	0.01826	0.03072	0.10248	0.03292	0.01587	0.00806	0.00270	0.00538	0.62445	0.00557	0.00589
228	0.02318	0.01558	0.01642	0.01295	0.01738	0.07274	0.01050	0.45175	0.06336	0.22768	0.01702	0.01642	0.01185	0.00737	0.00602	0.00185	0.00640	0.00553	0.00614	0.00987
229	0.01221	0.03029	0.75923	0.01688	0.02546	0.01378	0.02160	0.01876	0.01262	0.01891	0.01099	0.01304	0.00790	0.00589	0.00576	0.00194	0.00875	0.00448	0.00265	0.00886
230	0.01468	0.01392	0.02343	0.08928	0.70163	0.01402	0.01787	0.01798	0.01346	0.01919	0.01144	0.01522	0.00962	0.00560	0.00599	0.00184	0.00714	0.00535	0.00305	0.00927
231	0.00789	0.00580	0.00731	0.00840	0.00917	0.00532	0.00592	0.00900	0.01208	0.01579	0.03670	0.58588	0.15650	0.01767	0.00762	0.00243	0.00372	0.09213	0.00556	0.00512
232	0.01461	0.01385	0.02331	0.10367	0.68776	0.01401	0.01784	0.01792	0.01343	0.01911	0.01143	0.01524	0.00960	0.00561	0.00599	0.00185	0.00716	0.00535	0.00304	0.00922
233	0.01413	0.01547	0.03248	0.02513	0.09328	0.01455	0.63786	0.01862	0.01400	0.01910	0.01305	0.01846	0.01044	0.00578	0.00704	0.00207	0.00950	0.03769	0.00323	0.00813
234	0.01444	0.01136	0.01265	0.01184	0.01477	0.01259	0.00943	0.02660	0.53121	0.06359	0.02572	0.03251	0.02167	0.01011	0.00664	0.00223	0.00499	0.17303	0.00602	0.00861
235	0.01239	0.06413	0.72688	0.01659	0.02501	0.01420	0.02109	0.01872	0.01260	0.01870	0.01088	0.01291	0.00791	0.00587	0.00568	0.00192	0.00865	0.00443	0.00265	0.00881
236	0.01610	0.47741	0.18773	0.01246	0.01799	0.07602	0.01281	0.07078	0.04615	0.01740	0.01034	0.01172	0.00860	0.00582	0.00473	0.00157	0.00717	0.00391	0.00310	0.00818
237	0.01492	0.01417	0.02388	0.03583	0.75317	0.01409	0.01799	0.01820	0.01357	0.01948	0.01149	0.01514	0.00973	0.00555	0.00599	0.00183	0.00708	0.00536	0.00307	0.00947
238	0.00794	0.00570	0.00741	0.00830	0.00893	0.00525	0.00567	0.00920	0.01272	0.01734	0.20122	0.61129	0.04255	0.01700	0.00751	0.00233	0.00343	0.01520	0.00580	0.00520
239	0.01407	0.01613	0.05617	0.02353	0.06827	0.04446	0.58657	0.01835	0.01390	0.01868	0.01356	0.07164	0.01139	0.00631	0.00695	0.00205	0.00932	0.00741	0.00329	0.00795
240	0.02264	0.01373	0.01429	0.01164	0.01558	0.12364	0.00928	0.14171	0.06623	0.40617	0.07026	0.02105	0.04025	0.00794	0.00609	0.00187	0.00596	0.00618	0.00631	0.00918
241	0.02381	0.01217	0.01472	0.01165	0.01601	0.01198	0.00946	0.19485	0.13155	0.47476	0.02140	0.01942	0.01433	0.00761	0.00608	0.00191	0.00542	0.00598	0.00683	0.01004
