[name]
unknown

[dist]
# distance from previous block
# <min> <max>
0	0

[block]
# block no. 0 follows, 40 sequences, length 29
# corresponding to MSA columns:
# 0-28
name=unknown_A
#
# <colnr> <probs for GDERKNQSTAVLIFYWHMCP>
#	G	D	E	R	K	N	Q	S	T	A	V	L	I	F	Y	W	H	M	C	P
0	0.00937	0.00669	0.00937	0.01071	0.01205	0.00669	0.00937	0.01205	0.01339	0.01740	0.03079	0.06560	0.03347	0.01606	0.00803	0.00268	0.00535	0.72021	0.00535	0.00535
1	0.83671	0.01125	0.00855	0.00765	0.01125	0.01305	0.00630	0.01709	0.00990	0.02609	0.00810	0.00945	0.00630	0.00540	0.00360	0.00180	0.00450	0.00315	0.00360	0.00630
2	0.04704	0.01372	0.02331	0.01825	0.02049	0.01651	0.27107	0.01577	0.01066	0.01614	0.00913	0.01364	0.00800	0.00810	0.01409	0.00231	0.47651	0.00564	0.00273	0.00689
3	0.02453	0.01025	0.01345	0.01055	0.01488	0.00934	0.00864	0.02868	0.11518	0.66392	0.02304	0.02005	0.01485	0.00729	0.00586	0.00182	0.00490	0.00595	0.00703	0.00980
4	0.00723	0.00516	0.00691	0.00826	0.00866	0.00485	0.00565	0.00835	0.01128	0.01501	0.03197	0.74619	0.03815	0.01808	0.00746	0.00238	0.00350	0.06076	0.00540	0.00476
5	0.01084	0.00542	0.00542	0.00542	0.00678	0.00542	0.00407	0.01355	0.01220	0.02168	0.01897	0.02168	0.01491	0.00678	0.00407	0.00136	0.00271	0.00542	0.82791	0.00542
6	0.00768	0.00592	0.00701	0.00674	0.00835	0.00525	0.00505	0.00990	0.01516	0.02022	0.47233	0.04854	0.34076	0.01304	0.00686	0.00188	0.00283	0.01123	0.00599	0.00525
7	0.01084	0.00542	0.00542	0.00542	0.00678	0.00542	0.00407	0.01355	0.01220	0.02168	0.01897	0.02168	0.01491	0.00678	0.00407	0.00136	0.00271	0.00542	0.82791	0.00542
8	0.02211	0.01629	0.01745	0.01338	0.01803	0.01803	0.01105	0.73997	0.02734	0.03665	0.01396	0.01396	0.00989	0.00698	0.00582	0.00175	0.00640	0.00524	0.00582	0.00989
9	0.01103	0.01034	0.01722	0.74972	0.03897	0.01271	0.01577	0.01485	0.01165	0.01503	0.01034	0.01536	0.00779	0.00575	0.00575	0.00189	0.00761	0.00510	0.00262	0.04053
10	0.74472	0.01142	0.00931	0.00811	0.01181	0.01301	0.00668	0.05422	0.01120	0.07296	0.00933	0.01032	0.00699	0.00559	0.00385	0.00180	0.00462	0.00342	0.00394	0.00670
11	0.01631	0.01287	0.01375	0.01183	0.01541	0.01451	0.00935	0.17576	0.53308	0.06375	0.02309	0.02142	0.04650	0.00795	0.00593	0.00192	0.00492	0.00650	0.00594	0.00920
12	0.00783	0.00591	0.00725	0.00711	0.00859	0.00534	0.00536	0.01011	0.01511	0.02041	0.48372	0.08955	0.25336	0.01324	0.00695	0.00194	0.00296	0.04398	0.00601	0.00527
13	0.01158	0.00959	0.01008	0.00912	0.01184	0.01008	0.00707	0.10134	0.29518	0.02167	0.06551	0.05375	0.34755	0.01120	0.00640	0.00195	0.00398	0.00932	0.00568	0.00714
14	0.00690	0.00580	0.00599	0.00615	0.00792	0.00489	0.00453	0.00832	0.01301	0.01561	0.05582	0.14076	0.67420	0.01513	0.00694	0.00201	0.00299	0.01276	0.00540	0.00489
15	0.11004	0.58334	0.11064	0.01068	0.01581	0.05746	0.01090	0.01777	0.01188	0.01568	0.00840	0.00973	0.00732	0.00514	0.00399	0.00139	0.00650	0.00328	0.00264	0.00742
16	0.11514	0.02499	0.01564	0.01415	0.01705	0.64296	0.01075	0.02200	0.01530	0.01559	0.00881	0.01049	0.00736	0.00616	0.00582	0.00159	0.05274	0.00375	0.00304	0.00667
17	0.01574	0.01337	0.02244	0.03277	0.67356	0.01321	0.01678	0.01906	0.01363	0.10478	0.01232	0.01501	0.00981	0.00541	0.00577	0.00174	0.00668	0.00526	0.00338	0.00929
18	0.01146	0.01082	0.01830	0.67758	0.14040	0.01305	0.01639	0.01527	0.01185	0.01544	0.01042	0.01535	0.00796	0.00573	0.00581	0.00191	0.00763	0.00517	0.00263	0.00684
19	0.00831	0.00623	0.00935	0.00935	0.01038	0.00727	0.00727	0.01038	0.00935	0.01350	0.01558	0.02285	0.01454	0.04361	0.77259	0.00935	0.01558	0.00623	0.00312	0.00519
20	0.00744	0.00534	0.00720	0.00817	0.00861	0.00529	0.00558	0.00856	0.01055	0.01426	0.02765	0.57606	0.03232	0.09497	0.15478	0.00399	0.00590	0.01383	0.00479	0.00470
21	0.00897	0.00609	0.00693	0.00689	0.00716	0.00614	0.00411	0.04422	0.00969	0.01293	0.01969	0.12374	0.02259	0.66744	0.02588	0.00507	0.00541	0.00923	0.00385	0.00397
22	0.00726	0.00581	0.00649	0.00652	0.00814	0.00504	0.00481	0.00901	0.01386	0.01762	0.24016	0.13745	0.48860	0.01438	0.00693	0.00197	0.00294	0.01230	0.00566	0.00504
23	0.01358	0.01525	0.03191	0.02316	0.02819	0.01516	0.63260	0.01795	0.01302	0.01795	0.01116	0.01525	0.00865	0.00567	0.00864	0.00205	0.12267	0.00660	0.00288	0.00763
24	0.01383	0.01325	0.02259	0.15817	0.64126	0.01367	0.01757	0.01736	0.01298	0.01832	0.01084	0.01458	0.00897	0.00529	0.00577	0.00176	0.00705	0.00518	0.00283	0.00876
25	0.00709	0.00506	0.00675	0.00810	0.00843	0.00472	0.00540	0.00810	0.01113	0.01484	0.03205	0.79184	0.03846	0.01822	0.00742	0.00236	0.00337	0.01653	0.00540	0.00472
26	0.54502	0.16239	0.05144	0.00885	0.01306	0.01445	0.00802	0.01852	0.01116	0.10830	0.00992	0.01076	0.00751	0.00553	0.00398	0.00170	0.00508	0.00351	0.00374	0.00705
27	0.01166	0.03008	0.76550	0.01657	0.02517	0.01351	0.02149	0.01842	0.01228	0.01842	0.01044	0.01228	0.00737	0.00552	0.00552	0.00184	0.00859	0.00430	0.00246	0.00859
28	0.83671	0.01125	0.00855	0.00765	0.01125	0.01305	0.00630	0.01709	0.00990	0.02609	0.00810	0.00945	0.00630	0.00540	0.00360	0.00180	0.00450	0.00315	0.00360	0.00630

[dist]
# distance from previous block
# <min> <max>
0	45

[block]
# block no. 1 follows, 40 sequences, length 158
# corresponding to MSA columns:
# 74-231
name=unknown_B
#
# <colnr> <probs for GDERKNQSTAVLIFYWHMCP>
#	G	D	E	R	K	N	Q	S	T	A	V	L	I	F	Y	W	H	M	C	P
0	0.83671	0.01125	0.00855	0.00765	0.01125	0.01305	0.00630	0.01709	0.00990	0.02609	0.00810	0.00945	0.00630	0.00540	0.00360	0.00180	0.00450	0.00315	0.00360	0.00630
1	0.00846	0.00564	0.00634	0.00634	0.00634	0.00564	0.00352	0.00846	0.00846	0.01128	0.01832	0.03805	0.02114	0.79563	0.02960	0.00564	0.00564	0.00846	0.00352	0.00352
2	0.02211	0.01629	0.01745	0.01338	0.01803	0.01803	0.01105	0.73997	0.02734	0.03665	0.01396	0.01396	0.00989	0.00698	0.00582	0.00175	0.00640	0.00524	0.00582	0.00989
3	0.00832	0.00618	0.00910	0.00910	0.01005	0.00713	0.00696	0.01023	0.00927	0.01332	0.01580	0.02410	0.01508	0.10541	0.71153	0.00904	0.01476	0.00641	0.00315	0.00506
4	0.00823	0.00594	0.00777	0.00732	0.00869	0.00549	0.00549	0.01097	0.01646	0.02332	0.75629	0.04344	0.05487	0.01189	0.00686	0.00183	0.00274	0.01052	0.00640	0.00549
5	0.01555	0.79913	0.03047	0.00995	0.01493	0.02301	0.00995	0.01741	0.01182	0.01368	0.00808	0.00933	0.00746	0.00498	0.00373	0.00124	0.00622	0.00311	0.00249	0.00746
6	0.00709	0.00506	0.00675	0.00810	0.00843	0.00472	0.00540	0.00810	0.01113	0.01484	0.03205	0.79184	0.03846	0.01822	0.00742	0.00236	0.00337	0.01653	0.00540	0.00472
7	0.00818	0.00591	0.00773	0.00735	0.00868	0.00545	0.00548	0.01085	0.01623	0.02296	0.72519	0.07558	0.05417	0.01216	0.00688	0.00185	0.00277	0.01077	0.00636	0.00545
8	0.01166	0.03008	0.76550	0.01657	0.02517	0.01351	0.02149	0.01842	0.01228	0.01842	0.01044	0.01228	0.00737	0.00552	0.00552	0.00184	0.00859	0.00430	0.00246	0.00859
9	0.83671	0.01125	0.00855	0.00765	0.01125	0.01305	0.00630	0.01709	0.00990	0.02609	0.00810	0.00945	0.00630	0.00540	0.00360	0.00180	0.00450	0.00315	0.00360	0.00630
10	0.00956	0.00580	0.00774	0.00822	0.00925	0.00532	0.00579	0.01104	0.01277	0.10573	0.16439	0.56184	0.03861	0.01574	0.00713	0.00220	0.00345	0.01415	0.00580	0.00548
11	0.01301	0.01324	0.02126	0.05346	0.10760	0.01660	0.13543	0.01527	0.01035	0.01541	0.00884	0.01354	0.00803	0.00850	0.01485	0.00232	0.52727	0.00540	0.00265	0.00695
12	0.01555	0.79913	0.03047	0.00995	0.01493	0.02301	0.00995	0.01741	0.01182	0.01368	0.00808	0.00933	0.00746	0.00498	0.00373	0.00124	0.00622	0.00311	0.00249	0.00746
13	0.83671	0.01125	0.00855	0.00765	0.01125	0.01305	0.00630	0.01709	0.00990	0.02609	0.00810	0.00945	0.00630	0.00540	0.00360	0.00180	0.00450	0.00315	0.00360	0.00630
14	0.01249	0.01253	0.02009	0.21741	0.06460	0.01593	0.10437	0.01501	0.01046	0.01507	0.00904	0.01391	0.00790	0.00811	0.01337	0.00227	0.44277	0.00534	0.00262	0.00673
15	0.00846	0.00564	0.00634	0.00634	0.00634	0.00564	0.00352	0.00846	0.00846	0.01128	0.01832	0.03805	0.02114	0.79563	0.02960	0.00564	0.00564	0.00846	0.00352	0.00352
16	0.00831	0.00623	0.00935	0.00935	0.01038	0.00727	0.00727	0.01038	0.00935	0.01350	0.01558	0.02285	0.01454	0.04361	0.77259	0.00935	0.01558	0.00623	0.00312	0.00519
17	0.02609	0.00990	0.01350	0.01035	0.01484	0.00855	0.00855	0.02834	0.01664	0.76338	0.02294	0.01979	0.01439	0.00720	0.00585	0.00180	0.00495	0.00585	0.00720	0.00990
18	0.00709	0.00506	0.00675	0.00810	0.00843	0.00472	0.00540	0.00810	0.01113	0.01484	0.03205	0.79184	0.03846	0.01822	0.00742	0.00236	0.00337	0.01653	0.00540	0.00472
19	0.01439	0.01382	0.02360	0.03569	0.75936	0.01382	0.01785	0.01785	0.01324	0.01900	0.01094	0.01439	0.00921	0.00518	0.00576	0.00173	0.00691	0.00518	0.00288	0.00921
20	0.01098	0.01034	0.01744	0.78165	0.04005	0.01292	0.01615	0.01486	0.01163	0.01486	0.01034	0.01550	0.00775	0.00581	0.00581	0.00194	0.00775	0.00517	0.00258	0.00646
21	0.00687	0.00589	0.00589	0.00589	0.00785	0.00491	0.00442	0.00835	0.01325	0.01571	0.05891	0.05596	0.75700	0.01473	0.00687	0.00196	0.00295	0.01227	0.00540	0.00491
22	0.00714	0.00510	0.00680	0.00806	0.00845	0.00476	0.00540	0.00823	0.01138	0.01524	0.06615	0.75660	0.03923	0.01792	0.00740	0.00234	0.00334	0.01625	0.00545	0.00476
23	0.01084	0.00542	0.00542	0.00542	0.00678	0.00542	0.00407	0.01355	0.01220	0.02168	0.01897	0.02168	0.01491	0.00678	0.00407	0.00136	0.00271	0.00542	0.82791	0.00542
24	0.01272	0.01272	0.01781	0.01527	0.01527	0.01781	0.01272	0.01399	0.00891	0.01399	0.00763	0.01272	0.00763	0.01018	0.01908	0.00254	0.78499	0.00509	0.00254	0.00636
25	0.01298	0.29169	0.51546	0.01432	0.02168	0.01674	0.01756	0.01807	0.01212	0.01681	0.00964	0.01127	0.00740	0.00534	0.00491	0.00164	0.00779	0.00389	0.00247	0.00821
26	0.01314	0.01408	0.02855	0.21428	0.13980	0.01413	0.45307	0.01758	0.01313	0.01775	0.01129	0.01545	0.00861	0.00517	0.00644	0.00192	0.00887	0.00619	0.00284	0.00770
27	0.01318	0.05701	0.25934	0.02138	0.02806	0.01473	0.48318	0.01851	0.01319	0.01833	0.01118	0.01434	0.00831	0.00510	0.00630	0.00189	0.00926	0.00590	0.00277	0.00806
28	0.08172	0.64023	0.02666	0.00982	0.01462	0.02045	0.00949	0.01873	0.01226	0.10647	0.00991	0.01062	0.00822	0.00528	0.00398	0.00136	0.00593	0.00345	0.00315	0.00767
29	0.01128	0.01078	0.01875	0.62869	0.03636	0.01293	0.09442	0.01510	0.01189	0.01563	0.02967	0.01629	0.00925	0.00607	0.00644	0.00195	0.03866	0.00549	0.02382	0.00656
30	0.01257	0.02413	0.47498	0.02129	0.13032	0.01385	0.20291	0.01839	0.01278	0.01855	0.01084	0.01344	0.00800	0.00532	0.00590	0.00186	0.00866	0.00507	0.00264	0.00849
31	0.01273	0.08146	0.63961	0.01558	0.02345	0.01399	0.01943	0.01948	0.05301	0.05166	0.01156	0.01293	0.00826	0.00569	0.00544	0.00181	0.00805	0.00441	0.00286	0.00861
32	0.02609	0.00990	0.01350	0.01035	0.01484	0.00855	0.00855	0.02834	0.01664	0.76338	0.02294	0.01979	0.01439	0.00720	0.00585	0.00180	0.00495	0.00585	0.00720	0.00990
33	0.01286	0.01420	0.03039	0.02222	0.02734	0.01333	0.63085	0.01727	0.01345	0.01819	0.01468	0.09543	0.01294	0.00676	0.00697	0.00203	0.00895	0.04141	0.00330	0.00741
34	0.01185	0.01099	0.01661	0.55446	0.03270	0.01369	0.01443	0.01801	0.15990	0.01668	0.01277	0.01649	0.00976	0.00664	0.00708	0.00200	0.08024	0.00544	0.00325	0.00700
35	0.01166	0.03008	0.76550	0.01657	0.02517	0.01351	0.02149	0.01842	0.01228	0.01842	0.01044	0.01228	0.00737	0.00552	0.00552	0.00184	0.00859	0.00430	0.00246	0.00859
36	0.01897	0.00833	0.01114	0.00908	0.01237	0.00731	0.00729	0.02135	0.01642	0.47051	0.27997	0.02973	0.06345	0.00919	0.00625	0.00182	0.00409	0.00778	0.00684	0.00813
37	0.01392	0.47694	0.33841	0.01273	0.01922	0.01903	0.01478	0.01783	0.01201	0.01567	0.00907	0.01056	0.00742	0.00521	0.00448	0.00149	0.00721	0.00361	0.00247	0.00794
38	0.00937	0.00669	0.00937	0.01071	0.01205	0.00669	0.00937	0.01205	0.01339	0.01740	0.03079	0.06560	0.03347	0.01606	0.00803	0.00268	0.00535	0.72021	0.00535	0.00535
39	0.01272	0.01272	0.01781	0.01527	0.01527	0.01781	0.01272	0.01399	0.00891	0.01399	0.00763	0.01272	0.00763	0.01018	0.01908	0.00254	0.78499	0.00509	0.00254	0.00636
40	0.01218	0.01243	0.02096	0.52522	0.03498	0.04759	0.16672	0.01595	0.01206	0.01555	0.01035	0.01509	0.00795	0.00599	0.00711	0.00197	0.07302	0.00545	0.00267	0.00675
41	0.00733	0.00524	0.00701	0.00826	0.00874	0.00492	0.00572	0.00857	0.01161	0.01551	0.07184	0.69296	0.03897	0.01770	0.00744	0.00236	0.00350	0.07206	0.00545	0.00482
42	0.00846	0.00564	0.00634	0.00634	0.00634	0.00564	0.00352	0.00846	0.00846	0.01128	0.01832	0.03805	0.02114	0.79563	0.02960	0.00564	0.00564	0.00846	0.00352	0.00352
43	0.01667	0.11860	0.02080	0.03210	0.01850	0.26675	0.09272	0.06049	0.01345	0.01589	0.00903	0.01202	0.00783	0.00726	0.01013	0.00191	0.28131	0.00460	0.00292	0.00700
44	0.01272	0.01272	0.01781	0.01527	0.01527	0.01781	0.01272	0.01399	0.00891	0.01399	0.00763	0.01272	0.00763	0.01018	0.01908	0.00254	0.78499	0.00509	0.00254	0.00636
45	0.01206	0.01034	0.01206	0.00861	0.01378	0.00775	0.00689	0.01464	0.01206	0.01895	0.01034	0.01206	0.00861	0.00431	0.00431	0.00086	0.00431	0.00345	0.00345	0.83118
46	0.02172	0.02772	0.01648	0.01498	0.01798	0.77228	0.01124	0.02322	0.01648	0.01423	0.00899	0.01049	0.00749	0.00599	0.00524	0.00150	0.01049	0.00375	0.00300	0.00674
47	0.00716	0.00590	0.00628	0.00619	0.00803	0.00503	0.00464	0.00890	0.01393	0.01730	0.20471	0.05335	0.61020	0.01413	0.00687	0.00194	0.00290	0.01191	0.00561	0.00503
48	0.00709	0.00506	0.00675	0.00810	0.00843	0.00472	0.00540	0.00810	0.01113	0.01484	0.03205	0.79184	0.03846	0.01822	0.00742	0.00236	0.00337	0.01653	0.00540	0.00472
49	0.04861	0.01173	0.01662	0.42031	0.02853	0.01410	0.01345	0.12974	0.01361	0.01903	0.01034	0.01419	0.00809	0.00660	0.00789	0.00191	0.14256	0.00492	0.00321	0.08457
50	0.00709	0.00506	0.00675	0.00810	0.00843	0.00472	0.00540	0.00810	0.01113	0.01484	0.03205	0.79184	0.03846	0.01822	0.00742	0.00236	0.00337	0.01653	0.00540	0.00472
51	0.00934	0.00945	0.10120	0.00888	0.01130	0.00726	0.00786	0.01370	0.07588	0.02246	0.53796	0.03777	0.04316	0.01072	0.00654	0.00186	0.00373	0.04025	0.04451	0.00617
52	0.02545	0.01004	0.01348	0.01043	0.01486	0.00887	0.00858	0.02848	0.05698	0.72267	0.02298	0.01990	0.01458	0.00724	0.00585	0.00181	0.00493	0.00589	0.00713	0.00986
53	0.01000	0.00850	0.01220	0.01130	0.01209	0.01083	0.00907	0.02741	0.00960	0.01416	0.01303	0.01946	0.01226	0.03226	0.51798	0.00703	0.25831	0.00585	0.00299	0.00566
54	0.01423	0.00784	0.00848	0.00755	0.00984	0.00806	0.00589	0.08347	0.10407	0.11716	0.01959	0.02074	0.01473	0.00698	0.00468	0.00152	0.00356	0.00560	0.54914	0.00685
55	0.00764	0.00548	0.00691	0.00776	0.00835	0.00517	0.00535	0.00875	0.01130	0.01489	0.06599	0.45195	0.10855	0.17396	0.01187	0.00299	0.00397	0.08944	0.00506	0.00460
56	0.01165	0.00976	0.01492	0.34817	0.13383	0.01076	0.01241	0.04388	0.03077	0.04802	0.14683	0.02655	0.09423	0.00824	0.00619	0.00191	0.00593	0.03502	0.00408	0.00683
57	0.01237	0.16957	0.63218	0.01537	0.02331	0.01523	0.01939	0.01823	0.01219	0.01756	0.01001	0.01174	0.00738	0.00543	0.00520	0.00173	0.00816	0.00408	0.00246	0.00839
58	0.01214	0.01123	0.01845	0.56008	0.17691	0.01333	0.01591	0.04438	0.01238	0.01640	0.01049	0.01516	0.00816	0.00621	0.00668	0.01916	0.03795	0.00517	0.00277	0.00705
59	0.75187	0.02875	0.00976	0.00817	0.01188	0.01367	0.00677	0.07658	0.01137	0.02669	0.00858	0.00982	0.00662	0.00552	0.00378	0.00178	0.00469	0.00332	0.00376	0.00662
60	0.15259	0.01176	0.01305	0.01052	0.01469	0.01203	0.00852	0.13456	0.18947	0.26887	0.01782	0.01674	0.01249	0.00669	0.00531	0.00172	0.00494	0.00520	0.00565	0.10737
61	0.01439	0.01382	0.02360	0.03569	0.75936	0.01382	0.01785	0.01785	0.01324	0.01900	0.01094	0.01439	0.00921	0.00518	0.00576	0.00173	0.00691	0.00518	0.00288	0.00921
62	0.01269	0.01154	0.01554	0.01343	0.01427	0.01513	0.02932	0.01650	0.12932	0.01651	0.01179	0.01554	0.01027	0.00974	0.01504	0.04122	0.51008	0.00541	0.10008	0.00657
63	0.01166	0.03008	0.76550	0.01657	0.02517	0.01351	0.02149	0.01842	0.01228	0.01842	0.01044	0.01228	0.00737	0.00552	0.00552	0.00184	0.00859	0.00430	0.00246	0.00859
64	0.02511	0.00968	0.01318	0.01018	0.01451	0.00838	0.00838	0.02738	0.01663	0.72262	0.06334	0.02110	0.01662	0.00746	0.00590	0.00180	0.00483	0.00611	0.00715	0.00965
65	0.01010	0.00505	0.00758	0.00758	0.00758	0.00505	0.00505	0.00758	0.00758	0.01010	0.01010	0.01768	0.01010	0.02020	0.02273	0.83081	0.00505	0.00505	0.00253	0.00253
66	0.00709	0.00506	0.00675	0.00810	0.00843	0.00472	0.00540	0.00810	0.01113	0.01484	0.03205	0.79184	0.03846	0.01822	0.00742	0.00236	0.00337	0.01653	0.00540	0.00472
67	0.00709	0.00506	0.00675	0.00810	0.00843	0.00472	0.00540	0.00810	0.01113	0.01484	0.03205	0.79184	0.03846	0.01822	0.00742	0.00236	0.00337	0.01653	0.00540	0.00472
68	0.00709	0.00506	0.00675	0.00810	0.00843	0.00472	0.00540	0.00810	0.01113	0.01484	0.03205	0.79184	0.03846	0.01822	0.00742	0.00236	0.00337	0.01653	0.00540	0.00472
69	0.01206	0.01034	0.01206	0.00861	0.01378	0.00775	0.00689	0.01464	0.01206	0.01895	0.01034	0.01206	0.00861	0.00431	0.00431	0.00086	0.00431	0.00345	0.00345	0.83118
70	0.00842	0.00580	0.00716	0.00716	0.00744	0.00608	0.00454	0.00898	0.00870	0.01188	0.01758	0.03392	0.01935	0.59134	0.23144	0.00665	0.00834	0.00785	0.00341	0.00398
71	0.00815	0.00574	0.00677	0.00683	0.00743	0.00553	0.00444	0.00907	0.01094	0.01461	0.16261	0.09677	0.11889	0.45114	0.03558	0.00420	0.00480	0.03775	0.00449	0.00425
72	0.01443	0.01341	0.02202	0.16386	0.57300	0.01401	0.01699	0.07675	0.01412	0.01973	0.01108	0.01455	0.00901	0.00544	0.00577	0.00177	0.00701	0.00518	0.00307	0.00879
73	0.08759	0.01139	0.01835	0.50169	0.23900	0.01318	0.01572	0.01590	0.01192	0.01705	0.01030	0.01464	0.00803	0.00560	0.00560	0.00187	0.00722	0.00499	0.00276	0.00722
74	0.83671	0.01125	0.00855	0.00765	0.01125	0.01305	0.00630	0.01709	0.00990	0.02609	0.00810	0.00945	0.00630	0.00540	0.00360	0.00180	0.00450	0.00315	0.00360	0.00630
75	0.01612	0.01331	0.01408	0.01217	0.01575	0.01524	0.00960	0.18433	0.59273	0.02699	0.02157	0.02002	0.01605	0.00769	0.00590	0.00192	0.00499	0.00628	0.00590	0.00935
76	0.00833	0.00597	0.00765	0.00881	0.00932	0.00547	0.00590	0.00914	0.01217	0.01643	0.07978	0.73115	0.04004	0.01832	0.00782	0.00252	0.00373	0.01629	0.00580	0.00537
77	0.01122	0.00590	0.00839	0.00835	0.00846	0.00574	0.00556	0.00845	0.00833	0.01122	0.01120	0.01910	0.01111	0.02068	0.02289	0.81652	0.00542	0.00540	0.00291	0.00316
78	0.02207	0.05497	0.01876	0.01514	0.01902	0.39739	0.04565	0.27275	0.03664	0.03972	0.01255	0.01388	0.00982	0.00703	0.00595	0.00182	0.00888	0.00486	0.00449	0.00860
79	0.01216	0.02495	0.56605	0.01570	0.02267	0.01249	0.05216	0.01761	0.01386	0.02039	0.16186	0.02023	0.01806	0.00751	0.00632	0.00204	0.00778	0.00603	0.00366	0.00846
80	0.00832	0.00652	0.00726	0.00749	0.00901	0.00565	0.00536	0.00956	0.01388	0.01774	0.16508	0.24348	0.44703	0.01573	0.00745	0.00224	0.00343	0.01330	0.00590	0.00555
81	0.01276	0.03049	0.75308	0.01719	0.02574	0.01405	0.02170	0.01910	0.01295	0.01939	0.01153	0.01379	0.00843	0.00626	0.00599	0.00204	0.00890	0.00466	0.00284	0.00912
82	0.03352	0.01213	0.01961	0.38903	0.25096	0.01307	0.04556	0.01776	0.01353	0.08660	0.04783	0.01820	0.01208	0.00672	0.00630	0.00205	0.00734	0.00585	0.00370	0.00817
83	0.00826	0.00591	0.00758	0.00886	0.00930	0.00542	0.00590	0.00896	0.01183	0.01588	0.03277	0.77973	0.03898	0.01873	0.00785	0.00255	0.00377	0.01668	0.00573	0.00532
84	0.01425	0.01330	0.02200	0.29570	0.49666	0.01404	0.01754	0.01750	0.01334	0.01852	0.01181	0.01626	0.00973	0.00614	0.00624	0.00200	0.00754	0.00552	0.00316	0.00877
85	0.01640	0.75179	0.06369	0.01097	0.01613	0.02296	0.01089	0.01816	0.01252	0.01495	0.00932	0.01103	0.00852	0.00574	0.00431	0.00148	0.00667	0.00354	0.00287	0.00806
86	0.01518	0.01436	0.02420	0.08490	0.66755	0.01433	0.04955	0.01837	0.01381	0.01967	0.01202	0.01600	0.01012	0.00595	0.00627	0.00195	0.00743	0.00560	0.00324	0.00949
87	0.78509	0.01276	0.00972	0.00876	0.01238	0.04927	0.00701	0.01809	0.01092	0.02637	0.00927	0.01106	0.00743	0.00616	0.00417	0.00198	0.00516	0.00356	0.00394	0.00689
88	0.06754	0.02206	0.01673	0.01434	0.01805	0.40517	0.01109	0.25479	0.05290	0.05887	0.01297	0.01403	0.01004	0.00714	0.00587	0.00183	0.00859	0.00479	0.00464	0.00855
89	0.01182	0.00820	0.00898	0.00828	0.00914	0.00833	0.00528	0.12791	0.01226	0.01649	0.01857	0.03521	0.02014	0.65470	0.02579	0.00514	0.00612	0.00822	0.00426	0.00517
90	0.00905	0.00648	0.00849	0.00977	0.01056	0.00611	0.00728	0.01033	0.01261	0.01677	0.03233	0.52680	0.03724	0.01798	0.00807	0.00266	0.00446	0.26175	0.00572	0.00554
91	0.01513	0.01267	0.01376	0.01144	0.01557	0.01274	0.00890	0.07340	0.41414	0.02404	0.01892	0.01894	0.01470	0.00719	0.00577	0.00174	0.00499	0.00564	0.00532	0.31499
92	0.01280	0.03018	0.73700	0.01736	0.02586	0.01407	0.03746	0.01910	0.01298	0.01940	0.01156	0.01387	0.00846	0.00624	0.00602	0.00204	0.00893	0.00471	0.00285	0.00910
93	0.01575	0.40341	0.21050	0.04847	0.07904	0.04941	0.04671	0.04700	0.01360	0.01753	0.01055	0.01280	0.00880	0.00602	0.00520	0.00173	0.00761	0.00431	0.00307	0.00847
94	0.01408	0.01585	0.06548	0.19193	0.03276	0.01478	0.53250	0.01846	0.01384	0.01876	0.01246	0.01694	0.00955	0.00587	0.00701	0.00215	0.00958	0.00668	0.00322	0.00811
95	0.00805	0.00673	0.00674	0.00669	0.00873	0.00560	0.00494	0.00920	0.01391	0.01673	0.05916	0.05672	0.74496	0.01530	0.00731	0.00216	0.00335	0.01249	0.00574	0.00550
96	0.00830	0.00599	0.00759	0.00873	0.00929	0.00546	0.00586	0.00910	0.01217	0.01632	0.06795	0.71295	0.07062	0.01828	0.00780	0.00251	0.00373	0.01621	0.00578	0.00536
97	0.01319	0.01148	0.01972	0.09096	0.05047	0.01176	0.22691	0.01515	0.01227	0.05189	0.01620	0.16477	0.01566	0.01102	0.01081	0.10568	0.11712	0.00811	0.00387	0.04297
98	0.00817	0.00624	0.00724	0.00799	0.00907	0.00549	0.00551	0.00906	0.01266	0.01622	0.04338	0.48887	0.32298	0.01735	0.00764	0.00239	0.00360	0.01500	0.00573	0.00539
99	0.00844	0.00599	0.00753	0.00862	0.00902	0.00554	0.00565	0.00901	0.01147	0.01540	0.03092	0.67837	0.03665	0.12326	0.01084	0.00299	0.00408	0.01559	0.00548	0.00516
100	0.01025	0.00851	0.01232	0.10656	0.01556	0.00932	0.04883	0.01163	0.01168	0.01622	0.02413	0.47265	0.02716	0.01458	0.00955	0.00247	0.14249	0.01228	0.03779	0.00602
101	0.78953	0.01220	0.00972	0.00865	0.01234	0.01380	0.00698	0.04784	0.01134	0.02737	0.00947	0.01120	0.00752	0.00620	0.00419	0.00200	0.00496	0.00362	0.00406	0.00701
102	0.00806	0.00669	0.00678	0.00679	0.00876	0.00559	0.00498	0.00919	0.01381	0.01669	0.05789	0.09136	0.71113	0.01546	0.00734	0.00218	0.00337	0.01269	0.00574	0.00549
103	0.01221	0.00652	0.00656	0.00642	0.00794	0.00640	0.00475	0.03152	0.01323	0.02295	0.01980	0.02285	0.01571	0.00749	0.00460	0.00157	0.00321	0.00576	0.79441	0.00611
104	0.01473	0.01267	0.04662	0.50105	0.03223	0.01377	0.01462	0.13564	0.04682	0.06124	0.01432	0.05356	0.01138	0.00747	0.00634	0.00211	0.00739	0.00612	0.00402	0.00790
105	0.82339	0.01199	0.00935	0.00842	0.01206	0.01360	0.00678	0.01780	0.01061	0.02693	0.00923	0.01101	0.00738	0.00613	0.00410	0.00200	0.00488	0.00353	0.00397	0.00686
106	0.00826	0.00591	0.00758	0.00886	0.00930	0.00542	0.00590	0.00896	0.01183	0.01588	0.03277	0.77973	0.03898	0.01873	0.00785	0.00255	0.00377	0.01668	0.00573	0.00532
107	0.01377	0.02424	0.46082	0.02372	0.24908	0.01425	0.08633	0.01894	0.01338	0.01959	0.01180	0.01475	0.00912	0.00609	0.00618	0.00202	0.00850	0.00516	0.00302	0.00924
108	0.02646	0.01077	0.01420	0.01113	0.01561	0.00941	0.00902	0.02895	0.04666	0.72165	0.02385	0.02125	0.01547	0.00793	0.00631	0.00201	0.00531	0.00621	0.00745	0.01037
109	0.00818	0.00673	0.00692	0.00683	0.00881	0.00566	0.00504	0.00946	0.01422	0.01748	0.12752	0.05549	0.67613	0.01502	0.00731	0.00215	0.00333	0.01232	0.00583	0.00556
110	0.01380	0.01344	0.01845	0.01590	0.01601	0.01828	0.01310	0.01475	0.00964	0.01505	0.00878	0.01423	0.00869	0.01083	0.01931	0.00273	0.77173	0.00544	0.00293	0.00693
111	0.05892	0.18760	0.08009	0.01165	0.01647	0.04917	0.01042	0.02497	0.04410	0.42712	0.01821	0.01742	0.01266	0.00716	0.00569	0.00187	0.00613	0.00526	0.00566	0.00942
112	0.01480	0.01393	0.02330	0.17077	0.59821	0.01421	0.03624	0.01802	0.01362	0.01920	0.01193	0.01610	0.00996	0.00603	0.00626	0.00197	0.00747	0.00557	0.00321	0.00919
113	0.82339	0.01199	0.00935	0.00842	0.01206	0.01360	0.00678	0.01780	0.01061	0.02693	0.00923	0.01101	0.00738	0.00613	0.00410	0.00200	0.00488	0.00353	0.00397	0.00686
114	0.00947	0.00703	0.01000	0.00995	0.01103	0.00785	0.00757	0.01112	0.01003	0.01446	0.01670	0.02486	0.01577	0.07740	0.72633	0.00925	0.01532	0.00666	0.00351	0.00570
115	0.02693	0.01066	0.01421	0.01107	0.01560	0.00918	0.00899	0.02885	0.01724	0.75134	0.02382	0.02118	0.01533	0.00790	0.00631	0.00200	0.00532	0.00618	0.00750	0.01040
116	0.01380	0.01344	0.01845	0.01590	0.01601	0.01828	0.01310	0.01475	0.00964	0.01505	0.00878	0.01423	0.00869	0.01083	0.01931	0.00273	0.77173	0.00544	0.00293	0.00693
117	0.01209	0.01109	0.01809	0.76890	0.04036	0.01347	0.01646	0.01560	0.01231	0.01589	0.01143	0.01696	0.00880	0.00654	0.00627	0.00214	0.00807	0.00551	0.00297	0.00702
118	0.01555	0.79913	0.03047	0.00995	0.01493	0.02301	0.00995	0.01741	0.01182	0.01368	0.00808	0.00933	0.00746	0.00498	0.00373	0.00124	0.00622	0.00311	0.00249	0.00746
119	0.00709	0.00515	0.00668	0.00788	0.00838	0.00475	0.00531	0.00817	0.01143	0.01507	0.04724	0.70937	0.10650	0.01778	0.00736	0.00231	0.00332	0.01603	0.00542	0.00475
120	0.01439	0.01382	0.02360	0.03569	0.75936	0.01382	0.01785	0.01785	0.01324	0.01900	0.01094	0.01439	0.00921	0.00518	0.00576	0.00173	0.00691	0.00518	0.00288	0.00921
121	0.01206	0.01034	0.01206	0.00861	0.01378	0.00775	0.00689	0.01464	0.01206	0.01895	0.01034	0.01206	0.00861	0.00431	0.00431	0.00086	0.00431	0.00345	0.00345	0.83118
122	0.01446	0.01249	0.01315	0.01183	0.01512	0.01446	0.00920	0.03090	0.74885	0.02433	0.02367	0.02170	0.01775	0.00789	0.00592	0.00197	0.00460	0.00657	0.00592	0.00920
123	0.02172	0.02772	0.01648	0.01498	0.01798	0.77228	0.01124	0.02322	0.01648	0.01423	0.00899	0.01049	0.00749	0.00599	0.00524	0.00150	0.01049	0.00375	0.00300	0.00674
124	0.00741	0.00591	0.00663	0.00645	0.00818	0.00514	0.00484	0.00938	0.01452	0.01872	0.33455	0.05101	0.47947	0.01361	0.00687	0.00191	0.00287	0.01158	0.00580	0.00514
125	0.00709	0.00506	0.00675	0.00810	0.00843	0.00472	0.00540	0.00810	0.01113	0.01484	0.03205	0.79184	0.03846	0.01822	0.00742	0.00236	0.00337	0.01653	0.00540	0.00472
126	0.00709	0.00506	0.00675	0.00810	0.00843	0.00472	0.00540	0.00810	0.01113	0.01484	0.03205	0.79184	0.03846	0.01822	0.00742	0.00236	0.00337	0.01653	0.00540	0.00472
127	0.51174	0.24416	0.09224	0.00923	0.01375	0.01601	0.00892	0.01732	0.01070	0.02167	0.00833	0.00970	0.00675	0.00529	0.00383	0.00164	0.00542	0.00325	0.00316	0.00687
128	0.01451	0.55073	0.25155	0.01205	0.01808	0.03644	0.01345	0.01784	0.01206	0.01512	0.00881	0.01024	0.00743	0.00516	0.00430	0.00143	0.00703	0.00348	0.00249	0.00779
129	0.02812	0.27105	0.45983	0.01421	0.02112	0.07892	0.01675	0.01847	0.01244	0.01672	0.00954	0.01115	0.00739	0.00539	0.00490	0.00162	0.00793	0.00386	0.00253	0.00805
130	0.51214	0.32266	0.01721	0.00856	0.01270	0.01698	0.00774	0.01722	0.01066	0.02119	0.00809	0.00940	0.00676	0.00523	0.00365	0.00158	0.00518	0.00313	0.00316	0.00676
131	0.01308	0.01425	0.02953	0.21325	0.07295	0.01421	0.51914	0.01765	0.01318	0.01771	0.01136	0.01557	0.00858	0.00514	0.00654	0.00194	0.00913	0.00635	0.00285	0.00757
132	0.01206	0.01034	0.01206	0.00861	0.01378	0.00775	0.00689	0.01464	0.01206	0.01895	0.01034	0.01206	0.00861	0.00431	0.00431	0.00086	0.00431	0.00345	0.00345	0.83118
133	0.00783	0.00572	0.00728	0.00731	0.00845	0.00526	0.00528	0.00993	0.01457	0.02008	0.48599	0.21810	0.12354	0.04449	0.00789	0.00212	0.00302	0.01202	0.00595	0.00517
134	0.00709	0.00506	0.00675	0.00810	0.00843	0.00472	0.00540	0.00810	0.01113	0.01484	0.03205	0.79184	0.03846	0.01822	0.00742	0.00236	0.00337	0.01653	0.00540	0.00472
135	0.00937	0.00669	0.00937	0.01071	0.01205	0.00669	0.00937	0.01205	0.01339	0.01740	0.03079	0.06560	0.03347	0.01606	0.00803	0.00268	0.00535	0.72021	0.00535	0.00535
136	0.01555	0.79913	0.03047	0.00995	0.01493	0.02301	0.00995	0.01741	0.01182	0.01368	0.00808	0.00933	0.00746	0.00498	0.00373	0.00124	0.00622	0.00311	0.00249	0.00746
137	0.00709	0.00506	0.00675	0.00810	0.00843	0.00472	0.00540	0.00810	0.01113	0.01484	0.03205	0.79184	0.03846	0.01822	0.00742	0.00236	0.00337	0.01653	0.00540	0.00472
138	0.83671	0.01125	0.00855	0.00765	0.01125	0.01305	0.00630	0.01709	0.00990	0.02609	0.00810	0.00945	0.00630	0.00540	0.00360	0.00180	0.00450	0.00315	0.00360	0.00630
139	0.02211	0.01629	0.01745	0.01338	0.01803	0.01803	0.01105	0.73997	0.02734	0.03665	0.01396	0.01396	0.00989	0.00698	0.00582	0.00175	0.00640	0.00524	0.00582	0.00989
140	0.00937	0.00669	0.00937	0.01071	0.01205	0.00669	0.00937	0.01205	0.01339	0.01740	0.03079	0.06560	0.03347	0.01606	0.00803	0.00268	0.00535	0.72021	0.00535	0.00535
141	0.02155	0.02689	0.01670	0.01544	0.03693	0.72155	0.01140	0.05287	0.01685	0.01529	0.00925	0.01073	0.00763	0.00601	0.00528	0.00151	0.01023	0.00384	0.00311	0.00694
142	0.01337	0.01455	0.03008	0.15008	0.13211	0.01429	0.52099	0.01790	0.01332	0.01806	0.01142	0.01548	0.00870	0.00509	0.00654	0.00192	0.00907	0.00635	0.00287	0.00780
143	0.02587	0.01025	0.01371	0.01051	0.01502	0.00907	0.00869	0.06754	0.01723	0.72335	0.02245	0.01947	0.01415	0.00719	0.00585	0.00180	0.00503	0.00581	0.00712	0.00990
144	0.01120	0.00816	0.01176	0.39486	0.02375	0.00950	0.01030	0.03278	0.01230	0.01864	0.01451	0.01839	0.01119	0.00630	0.00499	0.00166	0.00533	0.00529	0.39304	0.00606
145	0.00710	0.00596	0.00621	0.00633	0.00824	0.00507	0.00487	0.00868	0.01327	0.01586	0.05633	0.05685	0.69071	0.01485	0.00698	0.00203	0.00317	0.07713	0.00540	0.00495
146	0.01255	0.02014	0.31513	0.03306	0.02142	0.02978	0.09621	0.01644	0.01097	0.01628	0.00928	0.01289	0.00766	0.00759	0.01184	0.00217	0.36167	0.00495	0.00256	0.00742
147	0.00823	0.00594	0.00777	0.00732	0.00869	0.00549	0.00549	0.01097	0.01646	0.02332	0.75629	0.04344	0.05487	0.01189	0.00686	0.00183	0.00274	0.01052	0.00640	0.00549
148	0.01190	0.02273	0.47026	0.20848	0.10336	0.01343	0.01924	0.01803	0.04508	0.01785	0.01105	0.01372	0.00811	0.00567	0.00564	0.00186	0.00803	0.00471	0.00269	0.00815
149	0.66751	0.04979	0.01094	0.00877	0.01250	0.06115	0.00724	0.08848	0.01211	0.02581	0.00873	0.00995	0.00678	0.00557	0.00392	0.00175	0.00514	0.00339	0.00373	0.00673
150	0.02180	0.01614	0.01728	0.01332	0.01792	0.01789	0.01098	0.71174	0.05606	0.03616	0.01435	0.01427	0.01020	0.00702	0.00582	0.00175	0.00633	0.00529	0.00582	0.00986
151	0.01098	0.01034	0.01744	0.78165	0.04005	0.01292	0.01615	0.01486	0.01163	0.01486	0.01034	0.01550	0.00775	0.00581	0.00581	0.00194	0.00775	0.00517	0.00258	0.00646
152	0.01301	0.02070	0.28896	0.02175	0.02857	0.01429	0.48861	0.01855	0.01322	0.01855	0.01130	0.01450	0.00832	0.00512	0.00640	0.00192	0.00938	0.00597	0.00277	0.00810
153	0.02609	0.00990	0.01350	0.01035	0.01484	0.00855	0.00855	0.02834	0.01664	0.76338	0.02294	0.01979	0.01439	0.00720	0.00585	0.00180	0.00495	0.00585	0.00720	0.00990
154	0.00799	0.00571	0.00778	0.00913	0.00986	0.00550	0.00697	0.00966	0.01202	0.01586	0.03155	0.50478	0.03649	0.01737	0.00766	0.00249	0.00416	0.29467	0.00538	0.00497
155	0.01955	0.01136	0.01330	0.01118	0.01500	0.01188	0.00892	0.02978	0.42856	0.34761	0.02335	0.02086	0.01628	0.00759	0.00589	0.00190	0.00475	0.00626	0.00648	0.00951
156	0.00738	0.00536	0.00696	0.00771	0.00846	0.00494	0.00534	0.00889	0.01274	0.01719	0.22911	0.53225	0.09965	0.01624	0.00723	0.00219	0.00317	0.01458	0.00567	0.00494
157	0.01373	0.01569	0.03431	0.02451	0.03039	0.01471	0.73824	0.01863	0.01373	0.01863	0.01176	0.01569	0.00882	0.00490	0.00686	0.00196	0.00980	0.00686	0.00294	0.00784

[dist]
# distance from previous block
# <min> <max>
0	1

[block]
# block no. 2 follows, 40 sequences, length 13
# corresponding to MSA columns:
# 233-245
name=unknown_C
#
# <colnr> <probs for GDERKNQSTAVLIFYWHMCP>
#	G	D	E	R	K	N	Q	S	T	A	V	L	I	F	Y	W	H	M	C	P
0	0.00948	0.00535	0.00764	0.00749	0.00795	0.00520	0.00520	0.00871	0.01053	0.01450	0.25835	0.02625	0.02500	0.01744	0.01745	0.55501	0.00428	0.00687	0.00381	0.00351
1	0.02220	0.01120	0.01686	0.01878	0.26254	0.01030	0.01164	0.02485	0.01551	0.51573	0.01895	0.01800	0.01267	0.00653	0.00582	0.00178	0.00560	0.00563	0.00576	0.00967
2	0.02103	0.01702	0.26394	0.01261	0.01849	0.01081	0.01301	0.07105	0.01588	0.46855	0.01820	0.01692	0.01177	0.00663	0.00574	0.00181	0.00626	0.00529	0.00553	0.00946
3	0.01638	0.01682	0.07598	0.02029	0.02594	0.01574	0.44997	0.25860	0.01816	0.02461	0.01241	0.01489	0.00908	0.00563	0.00643	0.00188	0.00859	0.00616	0.00387	0.00857
4	0.01134	0.01034	0.01565	0.52447	0.03131	0.01120	0.01307	0.01479	0.01177	0.01622	0.01034	0.01436	0.00804	0.00531	0.00531	0.00158	0.00661	0.00459	0.00287	0.28084
5	0.01084	0.00542	0.00542	0.00542	0.00678	0.00542	0.00407	0.01355	0.01220	0.02168	0.01897	0.02168	0.01491	0.00678	0.00407	0.00136	0.00271	0.00542	0.82791	0.00542
6	0.01701	0.01375	0.01458	0.01235	0.01609	0.01565	0.00982	0.26680	0.50881	0.02843	0.02044	0.01912	0.01514	0.00759	0.00588	0.00190	0.00520	0.00613	0.00588	0.00943
7	0.00740	0.00581	0.00604	0.00604	0.00735	0.00515	0.00412	0.00838	0.01166	0.01423	0.04541	0.05001	0.51218	0.27453	0.01443	0.00319	0.00384	0.01100	0.00478	0.00445
8	0.02211	0.01629	0.01745	0.01338	0.01803	0.01803	0.01105	0.73997	0.02734	0.03665	0.01396	0.01396	0.00989	0.00698	0.00582	0.00175	0.00640	0.00524	0.00582	0.00989
9	0.01003	0.00877	0.01265	0.01166	0.01229	0.01139	0.00940	0.01179	0.00917	0.01369	0.01247	0.01889	0.01184	0.03055	0.47827	0.00669	0.31611	0.00578	0.00289	0.00565
10	0.01254	0.01246	0.02306	0.48527	0.03556	0.01381	0.25609	0.05810	0.01324	0.01737	0.01102	0.01548	0.00823	0.00558	0.00616	0.00193	0.00836	0.00574	0.00289	0.00712
11	0.02022	0.00848	0.01112	0.00901	0.01202	0.00758	0.00688	0.02173	0.01392	0.51316	0.02141	0.02587	0.01664	0.26950	0.01375	0.00308	0.00518	0.00672	0.00598	0.00778
12	0.01206	0.01034	0.01206	0.00861	0.01378	0.00775	0.00689	0.01464	0.01206	0.01895	0.01034	0.01206	0.00861	0.00431	0.00431	0.00086	0.00431	0.00345	0.00345	0.83118

[dist]
# distance from previous block
# <min> <max>
4	95

[block]
# block no. 3 follows, 40 sequences, length 8
# corresponding to MSA columns:
# 342-349
name=unknown_D
#
# <colnr> <probs for GDERKNQSTAVLIFYWHMCP>
#	G	D	E	R	K	N	Q	S	T	A	V	L	I	F	Y	W	H	M	C	P
0	0.08638	0.01182	0.01301	0.01001	0.01462	0.01119	0.00806	0.15289	0.12738	0.06597	0.01357	0.01410	0.01037	0.00561	0.00486	0.00133	0.00479	0.00437	0.00449	0.43519
1	0.01347	0.07318	0.01349	0.09050	0.01597	0.00999	0.00821	0.04516	0.06406	0.09238	0.01771	0.05735	0.06930	0.00678	0.00509	0.00139	0.00477	0.00556	0.04082	0.36481
2	0.14182	0.01009	0.01148	0.00921	0.01291	0.00976	0.00744	0.12718	0.01613	0.24543	0.13826	0.02027	0.01836	0.00720	0.00529	0.00162	0.00444	0.00572	0.07671	0.13069
3	0.01449	0.01248	0.05711	0.05015	0.01714	0.01048	0.04256	0.10755	0.07352	0.07920	0.01337	0.03043	0.01048	0.00562	0.00507	0.00133	0.00529	0.00467	0.00415	0.45492
4	0.43114	0.11636	0.01287	0.00929	0.01250	0.12715	0.00755	0.04984	0.01207	0.02128	0.05281	0.01269	0.01007	0.00749	0.00622	0.09130	0.00567	0.00397	0.00351	0.00623
5	0.01245	0.01392	0.06272	0.06391	0.02470	0.01285	0.42755	0.01850	0.12353	0.01869	0.01894	0.08673	0.07266	0.00738	0.00664	0.00199	0.00773	0.00786	0.00375	0.00750
6	0.10254	0.15365	0.01915	0.01304	0.01540	0.01561	0.08682	0.01582	0.01157	0.05984	0.11633	0.01687	0.01474	0.00824	0.01084	0.00202	0.32170	0.00553	0.00351	0.00679
7	0.01620	0.01245	0.01346	0.01177	0.01528	0.01405	0.00925	0.07537	0.62416	0.10500	0.02298	0.02100	0.01689	0.00776	0.00590	0.00194	0.00475	0.00641	0.00605	0.00932

[dist]
# distance from previous block
# <min> <max>
0	4

# created by:
# /software/SequenceAnalysis/GenePrediction/augustus/3.0.1/scripts/msa2prfl.pl ./fixed/BUSCOvEOG7THX7G.fas
