[name]
unknown

[dist]
# distance from previous block
# <min> <max>
6	81

[block]
# block no. 0 follows, 40 sequences, length 12
# corresponding to MSA columns:
# 84-95
name=unknown_A
#
# <colnr> <probs for GDERKNQSTAVLIFYWHMCP>
#	G	D	E	R	K	N	Q	S	T	A	V	L	I	F	Y	W	H	M	C	P
0	0.00743	0.00540	0.00689	0.00770	0.00837	0.00497	0.00521	0.00864	0.01171	0.01570	0.11667	0.56728	0.09307	0.08173	0.00909	0.00251	0.00348	0.01452	0.00531	0.02430
1	0.00993	0.00654	0.00840	0.00865	0.00946	0.00658	0.00605	0.10477	0.01226	0.01637	0.02338	0.46768	0.02658	0.01730	0.01158	0.23905	0.00425	0.01176	0.00463	0.00478
2	0.01379	0.01376	0.02076	0.30404	0.43467	0.07918	0.01666	0.01723	0.01294	0.01709	0.01055	0.01446	0.00853	0.00548	0.00573	0.00178	0.00752	0.00505	0.00278	0.00800
3	0.00809	0.00605	0.00757	0.00789	0.00900	0.00579	0.00564	0.01100	0.06974	0.01901	0.32166	0.37404	0.10334	0.01462	0.00704	0.00209	0.00318	0.01302	0.00584	0.00538
4	0.01741	0.00824	0.01071	0.00890	0.01201	0.00738	0.00709	0.02039	0.04983	0.39704	0.27593	0.03183	0.10883	0.00964	0.00631	0.00184	0.00397	0.00816	0.00667	0.00783
5	0.01297	0.11821	0.57845	0.01706	0.07555	0.06425	0.01922	0.01857	0.01257	0.01763	0.01010	0.01197	0.00752	0.00547	0.00531	0.00174	0.00832	0.00419	0.00252	0.00839
6	0.01769	0.01106	0.01260	0.01061	0.01394	0.01165	0.00829	0.12421	0.30690	0.23511	0.02308	0.02387	0.05126	0.11210	0.00906	0.00238	0.00501	0.00670	0.00593	0.00854
7	0.00864	0.00617	0.00718	0.00749	0.00872	0.00579	0.00522	0.01081	0.06399	0.05083	0.03775	0.35102	0.26699	0.12953	0.01031	0.00266	0.00373	0.01275	0.00525	0.00517
8	0.08169	0.01167	0.01858	0.18349	0.39068	0.01245	0.02942	0.01652	0.05228	0.01783	0.01118	0.01508	0.00924	0.00748	0.00788	0.11239	0.00657	0.00510	0.00300	0.00747
9	0.11450	0.01554	0.01745	0.13573	0.02155	0.07113	0.05887	0.44143	0.02114	0.02915	0.01220	0.01354	0.00889	0.00640	0.00559	0.00178	0.00691	0.00498	0.00465	0.00856
10	0.00980	0.00508	0.00733	0.00748	0.00762	0.00504	0.00502	0.00806	0.00832	0.01147	0.01328	0.10799	0.01374	0.01902	0.01962	0.67566	0.00469	0.00641	0.06137	0.00299
11	0.01447	0.01346	0.01164	0.01020	0.01304	0.16240	0.00787	0.19351	0.09133	0.02134	0.04662	0.03184	0.29328	0.05402	0.00746	0.00202	0.00561	0.00802	0.00499	0.00687

[dist]
# distance from previous block
# <min> <max>
0	1

[block]
# block no. 1 follows, 40 sequences, length 14
# corresponding to MSA columns:
# 97-110
name=unknown_B
#
# <colnr> <probs for GDERKNQSTAVLIFYWHMCP>
#	G	D	E	R	K	N	Q	S	T	A	V	L	I	F	Y	W	H	M	C	P
0	0.00838	0.00591	0.00712	0.00759	0.00816	0.00577	0.00509	0.03210	0.01089	0.01432	0.02753	0.30263	0.08779	0.35672	0.01707	0.00377	0.00463	0.08550	0.00459	0.00445
1	0.10044	0.01146	0.01367	0.13227	0.01776	0.01279	0.00964	0.23614	0.01585	0.04748	0.03247	0.04771	0.01282	0.11311	0.02151	0.00244	0.08068	0.00587	0.00425	0.08163
2	0.01435	0.01467	0.02806	0.09467	0.10445	0.01445	0.45572	0.09818	0.01480	0.02025	0.01162	0.01506	0.00885	0.00531	0.00661	0.00185	0.02336	0.00610	0.00324	0.05840
3	0.01599	0.06917	0.01303	0.01168	0.09461	0.00974	0.00827	0.04206	0.01348	0.22824	0.01730	0.01926	0.01318	0.02887	0.09537	0.00260	0.03878	0.00548	0.26550	0.00738
4	0.02002	0.01500	0.01556	0.01528	0.12949	0.16519	0.01055	0.18511	0.01813	0.23119	0.03914	0.01958	0.07674	0.00737	0.00578	0.00172	0.00641	0.00586	0.02339	0.00850
5	0.01651	0.05566	0.02038	0.08818	0.43386	0.01327	0.01453	0.02102	0.09022	0.16694	0.01444	0.01604	0.01091	0.00590	0.00569	0.00176	0.00631	0.00534	0.00401	0.00902
6	0.01594	0.01492	0.01688	0.10441	0.23559	0.14591	0.01243	0.14662	0.08337	0.02144	0.01538	0.01719	0.04634	0.00659	0.00558	0.00171	0.00670	0.00543	0.08961	0.00799
7	0.01479	0.44700	0.02460	0.14802	0.01972	0.08869	0.01167	0.01687	0.01168	0.01400	0.00848	0.01114	0.00755	0.00616	0.00701	0.00162	0.14753	0.00389	0.00256	0.00702
8	0.03677	0.34460	0.10713	0.01481	0.08866	0.04687	0.07085	0.12717	0.01433	0.01868	0.01000	0.01205	0.00827	0.00657	0.00621	0.06505	0.00690	0.00424	0.00312	0.00772
9	0.00877	0.00727	0.01143	0.04989	0.09553	0.00706	0.06371	0.01065	0.01186	0.01584	0.02813	0.51842	0.06130	0.01483	0.00714	0.00225	0.00461	0.07091	0.00479	0.00560
10	0.07604	0.08634	0.14611	0.00952	0.01224	0.00876	0.00870	0.01161	0.01154	0.01639	0.02690	0.43055	0.10727	0.01323	0.00635	0.00207	0.00463	0.01147	0.00444	0.00583
11	0.01248	0.01228	0.02074	0.14933	0.02262	0.01476	0.20448	0.01532	0.01102	0.01623	0.01046	0.01499	0.00878	0.00765	0.01188	0.00215	0.35801	0.00561	0.09456	0.00667
12	0.01298	0.01487	0.10143	0.05912	0.37894	0.01297	0.20468	0.01690	0.01296	0.01820	0.01343	0.10113	0.01211	0.00662	0.00621	0.00188	0.00748	0.00679	0.00312	0.00817
13	0.00709	0.00506	0.00675	0.00810	0.00843	0.00472	0.00540	0.00810	0.01113	0.01484	0.03205	0.79184	0.03846	0.01822	0.00742	0.00236	0.00337	0.01653	0.00540	0.00472

[dist]
# distance from previous block
# <min> <max>
0	2

[block]
# block no. 2 follows, 40 sequences, length 39
# corresponding to MSA columns:
# 113-151
name=unknown_C
#
# <colnr> <probs for GDERKNQSTAVLIFYWHMCP>
#	G	D	E	R	K	N	Q	S	T	A	V	L	I	F	Y	W	H	M	C	P
0	0.01534	0.75833	0.06947	0.01030	0.01547	0.02251	0.01056	0.01747	0.01184	0.01393	0.00821	0.00948	0.00746	0.00500	0.00383	0.00128	0.00634	0.00317	0.00249	0.00752
1	0.05017	0.00896	0.00866	0.00796	0.01032	0.04842	0.00613	0.07891	0.09947	0.02056	0.13387	0.03877	0.36764	0.01122	0.00616	0.00184	0.00387	0.00923	0.08170	0.00614
2	0.64654	0.01026	0.00873	0.00787	0.01112	0.01151	0.00643	0.01663	0.01129	0.06359	0.11183	0.01700	0.01449	0.00683	0.00435	0.00184	0.00432	0.03478	0.00424	0.00633
3	0.00846	0.00564	0.00634	0.00634	0.00634	0.00564	0.00352	0.00846	0.00846	0.01128	0.01832	0.03805	0.02114	0.79563	0.02960	0.00564	0.00564	0.00846	0.00352	0.00352
4	0.15866	0.01050	0.01585	0.64322	0.03490	0.01294	0.01439	0.01526	0.01132	0.01687	0.00994	0.01442	0.00749	0.00574	0.00542	0.00191	0.00717	0.00481	0.00277	0.00643
5	0.00868	0.00754	0.01309	0.01180	0.01340	0.00707	0.17439	0.01054	0.01160	0.01554	0.02671	0.57624	0.03078	0.05281	0.00837	0.00243	0.00497	0.01391	0.00474	0.00539
6	0.01418	0.50607	0.06324	0.01033	0.01457	0.01839	0.00991	0.05433	0.05398	0.01595	0.01108	0.01324	0.00967	0.01224	0.14158	0.00280	0.00782	0.00411	0.02924	0.00728
7	0.02156	0.01560	0.01685	0.01307	0.01755	0.01719	0.01074	0.66096	0.06151	0.06445	0.01519	0.03196	0.01109	0.00728	0.00586	0.00177	0.00619	0.00558	0.00587	0.00974
8	0.00728	0.00525	0.00690	0.00789	0.00846	0.00487	0.00538	0.00862	0.01216	0.01639	0.16246	0.63391	0.06491	0.01697	0.00730	0.00225	0.00325	0.01532	0.00558	0.00487
9	0.01221	0.04297	0.01798	0.27221	0.05899	0.01541	0.01357	0.01457	0.01033	0.01478	0.00902	0.01376	0.00793	0.00859	0.02722	0.00229	0.39728	0.00497	0.00263	0.05330
10	0.01409	0.01076	0.01138	0.01030	0.01318	0.01214	0.00799	0.02680	0.54979	0.05309	0.02256	0.02162	0.01696	0.00760	0.00549	0.00182	0.00418	0.00628	0.19562	0.00836
11	0.00696	0.00581	0.00607	0.00618	0.00795	0.00492	0.00457	0.00845	0.01320	0.01601	0.09126	0.12872	0.65007	0.01493	0.00693	0.00200	0.00298	0.01261	0.00545	0.00492
12	0.00709	0.00506	0.00675	0.00810	0.00843	0.00472	0.00540	0.00810	0.01113	0.01484	0.03205	0.79184	0.03846	0.01822	0.00742	0.00236	0.00337	0.01653	0.00540	0.00472
13	0.01442	0.15629	0.05603	0.02108	0.02682	0.01633	0.54745	0.05582	0.01404	0.01867	0.01118	0.01435	0.00859	0.00504	0.00621	0.00182	0.00895	0.00603	0.00299	0.00791
14	0.01373	0.01569	0.03431	0.02451	0.03039	0.01471	0.73824	0.01863	0.01373	0.01863	0.01176	0.01569	0.00882	0.00490	0.00686	0.00196	0.00980	0.00686	0.00294	0.00784
15	0.01256	0.20751	0.59592	0.01505	0.02281	0.01570	0.01882	0.01818	0.01217	0.01732	0.00989	0.01160	0.00739	0.00540	0.00511	0.00170	0.00805	0.00402	0.00246	0.00833
16	0.00823	0.00594	0.00777	0.00732	0.00869	0.00549	0.00549	0.01097	0.01646	0.02332	0.75629	0.04344	0.05487	0.01189	0.00686	0.00183	0.00274	0.01052	0.00640	0.00549
17	0.00709	0.00506	0.00675	0.00810	0.00843	0.00472	0.00540	0.00810	0.01113	0.01484	0.03205	0.79184	0.03846	0.01822	0.00742	0.00236	0.00337	0.01653	0.00540	0.00472
18	0.00715	0.00514	0.00668	0.00788	0.00829	0.00479	0.00524	0.00813	0.01109	0.01469	0.03270	0.71008	0.07560	0.06209	0.00865	0.00253	0.00348	0.01585	0.00529	0.00467
19	0.01357	0.01538	0.03336	0.06742	0.03094	0.01460	0.69731	0.01841	0.01361	0.01841	0.01168	0.01568	0.00876	0.00495	0.00680	0.00196	0.00969	0.00677	0.00292	0.00776
20	0.01166	0.03008	0.76550	0.01657	0.02517	0.01351	0.02149	0.01842	0.01228	0.01842	0.01044	0.01228	0.00737	0.00552	0.00552	0.00184	0.00859	0.00430	0.00246	0.00859
21	0.01555	0.79913	0.03047	0.00995	0.01493	0.02301	0.00995	0.01741	0.01182	0.01368	0.00808	0.00933	0.00746	0.00498	0.00373	0.00124	0.00622	0.00311	0.00249	0.00746
22	0.00823	0.00594	0.00777	0.00732	0.00869	0.00549	0.00549	0.01097	0.01646	0.02332	0.75629	0.04344	0.05487	0.01189	0.00686	0.00183	0.00274	0.01052	0.00640	0.00549
23	0.01166	0.03008	0.76550	0.01657	0.02517	0.01351	0.02149	0.01842	0.01228	0.01842	0.01044	0.01228	0.00737	0.00552	0.00552	0.00184	0.00859	0.00430	0.00246	0.00859
24	0.00709	0.00506	0.00675	0.00810	0.00843	0.00472	0.00540	0.00810	0.01113	0.01484	0.03205	0.79184	0.03846	0.01822	0.00742	0.00236	0.00337	0.01653	0.00540	0.00472
25	0.00731	0.00624	0.00633	0.00629	0.00828	0.00545	0.00472	0.00962	0.05488	0.01617	0.05615	0.07490	0.69472	0.01444	0.00683	0.00198	0.00305	0.01207	0.00543	0.00515
26	0.01166	0.03008	0.76550	0.01657	0.02517	0.01351	0.02149	0.01842	0.01228	0.01842	0.01044	0.01228	0.00737	0.00552	0.00552	0.00184	0.00859	0.00430	0.00246	0.00859
27	0.00715	0.00509	0.00673	0.00801	0.00833	0.00477	0.00531	0.00811	0.01100	0.01467	0.03139	0.75531	0.03762	0.05589	0.00850	0.00252	0.00348	0.01614	0.00531	0.00467
28	0.00709	0.00506	0.00675	0.00810	0.00843	0.00472	0.00540	0.00810	0.01113	0.01484	0.03205	0.79184	0.03846	0.01822	0.00742	0.00236	0.00337	0.01653	0.00540	0.00472
29	0.01555	0.79913	0.03047	0.00995	0.01493	0.02301	0.00995	0.01741	0.01182	0.01368	0.00808	0.00933	0.00746	0.00498	0.00373	0.00124	0.00622	0.00311	0.00249	0.00746
30	0.01352	0.01029	0.01221	0.00879	0.01389	0.00783	0.00706	0.01607	0.01254	0.09661	0.01165	0.01287	0.00922	0.00461	0.00447	0.00096	0.00437	0.00370	0.00384	0.74551
31	0.12215	0.01567	0.01636	0.01268	0.01720	0.01742	0.01047	0.65118	0.02520	0.03535	0.01324	0.01341	0.00945	0.00679	0.00554	0.00175	0.00617	0.00498	0.00554	0.00945
32	0.00701	0.00575	0.00618	0.00639	0.00802	0.00492	0.00467	0.00849	0.01310	0.01610	0.10379	0.18668	0.57847	0.01515	0.00697	0.00203	0.00301	0.01291	0.00547	0.00492
33	0.00709	0.00506	0.00675	0.00810	0.00843	0.00472	0.00540	0.00810	0.01113	0.01484	0.03205	0.79184	0.03846	0.01822	0.00742	0.00236	0.00337	0.01653	0.00540	0.00472
34	0.02060	0.01554	0.01660	0.01307	0.01746	0.01733	0.01069	0.59989	0.16988	0.03421	0.01588	0.01549	0.01144	0.00716	0.00584	0.00179	0.00604	0.00550	0.00584	0.00975
35	0.02133	0.00887	0.01193	0.00988	0.01337	0.00786	0.00784	0.02375	0.03933	0.56650	0.02507	0.19798	0.02006	0.00976	0.00621	0.00193	0.00457	0.00834	0.00674	0.00868
36	0.79878	0.01211	0.04335	0.00806	0.01189	0.01307	0.00700	0.01715	0.01001	0.02574	0.00820	0.00958	0.00635	0.00540	0.00369	0.00180	0.00469	0.00320	0.00355	0.00640
37	0.01550	0.01543	0.02878	0.04535	0.02691	0.01540	0.50378	0.18467	0.01657	0.02249	0.01203	0.01509	0.00898	0.00561	0.00702	0.00191	0.03965	0.00629	0.00359	0.02494
38	0.01579	0.01171	0.01329	0.00999	0.01469	0.01070	0.00807	0.20321	0.05544	0.08082	0.01336	0.01412	0.01017	0.00553	0.00489	0.00124	0.00483	0.00435	0.04442	0.47338

[dist]
# distance from previous block
# <min> <max>
0	1

[block]
# block no. 3 follows, 40 sequences, length 6
# corresponding to MSA columns:
# 153-158
name=unknown_D
#
# <colnr> <probs for GDERKNQSTAVLIFYWHMCP>
#	G	D	E	R	K	N	Q	S	T	A	V	L	I	F	Y	W	H	M	C	P
0	0.01607	0.06605	0.08034	0.06475	0.02343	0.06289	0.25713	0.18776	0.13970	0.02292	0.01367	0.01530	0.01022	0.00606	0.00600	0.00183	0.00774	0.00571	0.00402	0.00842
1	0.25510	0.01244	0.02098	0.01574	0.02015	0.01227	0.35732	0.01666	0.01296	0.02163	0.13518	0.01828	0.01577	0.00618	0.00575	0.00183	0.00674	0.00618	0.00374	0.05510
2	0.04705	0.02026	0.34285	0.01391	0.01977	0.01354	0.05949	0.23008	0.01670	0.02465	0.01289	0.01445	0.00942	0.00612	0.00537	0.00174	0.00688	0.00488	0.14164	0.00831
3	0.01714	0.04893	0.01546	0.01213	0.01604	0.31821	0.00954	0.09106	0.01517	0.01831	0.00990	0.01155	0.00818	0.00565	0.00573	0.00133	0.05560	0.00384	0.00341	0.33282
4	0.51055	0.01266	0.01210	0.08752	0.01618	0.01452	0.00871	0.23230	0.01527	0.02810	0.01007	0.01140	0.00752	0.00591	0.00448	0.00180	0.00539	0.00397	0.00416	0.00738
5	0.01449	0.01169	0.01776	0.24061	0.02321	0.01467	0.04734	0.01687	0.01123	0.13986	0.01119	0.01487	0.00886	0.00814	0.01238	0.00221	0.38889	0.00532	0.00335	0.00705

[dist]
# distance from previous block
# <min> <max>
0	4

[block]
# block no. 4 follows, 40 sequences, length 12
# corresponding to MSA columns:
# 163-174
name=unknown_E
#
# <colnr> <probs for GDERKNQSTAVLIFYWHMCP>
#	G	D	E	R	K	N	Q	S	T	A	V	L	I	F	Y	W	H	M	C	P
0	0.00769	0.00565	0.00736	0.00803	0.00894	0.00510	0.00554	0.00908	0.01196	0.01640	0.13194	0.61772	0.03813	0.01610	0.00707	0.00215	0.00337	0.01453	0.00537	0.07787
1	0.01206	0.01034	0.01206	0.00861	0.01378	0.00775	0.00689	0.01464	0.01206	0.01895	0.01034	0.01206	0.00861	0.00431	0.00431	0.00086	0.00431	0.00345	0.00345	0.83118
2	0.01455	0.01093	0.01396	0.23247	0.02168	0.01240	0.01078	0.02417	0.36932	0.12541	0.08448	0.02157	0.01769	0.00755	0.00596	0.00193	0.00539	0.00642	0.00518	0.00818
3	0.00942	0.00787	0.01123	0.00985	0.01232	0.00674	0.07904	0.01131	0.01162	0.01646	0.02249	0.43571	0.02519	0.03580	0.00701	0.00193	0.00439	0.01103	0.00446	0.27614
4	0.10842	0.01043	0.01240	0.18630	0.01833	0.01195	0.00941	0.20391	0.01544	0.02376	0.01356	0.01625	0.01043	0.00706	0.00626	0.02808	0.04653	0.00502	0.25959	0.00688
5	0.01621	0.01153	0.01268	0.01074	0.01369	0.01244	0.00845	0.42751	0.02055	0.02828	0.01986	0.23860	0.01881	0.01018	0.00603	0.00187	0.00501	0.00851	0.12127	0.00778
6	0.00716	0.00529	0.00671	0.00765	0.00836	0.00483	0.00524	0.00843	0.01202	0.01584	0.10887	0.59468	0.15961	0.01701	0.00727	0.00224	0.00324	0.01522	0.00550	0.00483
7	0.02513	0.01143	0.01445	0.01108	0.01561	0.01083	0.00915	0.19947	0.01922	0.58862	0.02078	0.01839	0.01331	0.00715	0.00584	0.00179	0.00530	0.00570	0.00687	0.00989
8	0.01406	0.01234	0.01440	0.10169	0.07234	0.01424	0.01063	0.02811	0.61074	0.02285	0.02121	0.02045	0.01598	0.00745	0.00589	0.00195	0.00513	0.00631	0.00531	0.00889
9	0.01244	0.01020	0.01173	0.00872	0.01311	0.00836	0.00679	0.07787	0.01290	0.01943	0.01178	0.01588	0.01049	0.11579	0.00800	0.00161	0.00468	0.00431	0.00367	0.64225
10	0.02143	0.05056	0.01730	0.01401	0.01780	0.39812	0.01105	0.33000	0.04411	0.02413	0.01155	0.01229	0.00884	0.00644	0.00546	0.00161	0.00840	0.00445	0.00428	0.00819
11	0.00720	0.00585	0.00641	0.00675	0.00827	0.00516	0.00488	0.00903	0.03496	0.01595	0.07119	0.26604	0.50696	0.01544	0.00700	0.00207	0.00311	0.01327	0.00545	0.00500

[dist]
# distance from previous block
# <min> <max>
0	1

[block]
# block no. 5 follows, 40 sequences, length 18
# corresponding to MSA columns:
# 176-193
name=unknown_F
#
# <colnr> <probs for GDERKNQSTAVLIFYWHMCP>
#	G	D	E	R	K	N	Q	S	T	A	V	L	I	F	Y	W	H	M	C	P
0	0.01010	0.00505	0.00758	0.00758	0.00758	0.00505	0.00505	0.00758	0.00758	0.01010	0.01010	0.01768	0.01010	0.02020	0.02273	0.83081	0.00505	0.00505	0.00253	0.00253
1	0.04998	0.64673	0.07382	0.00991	0.01479	0.02039	0.01004	0.01666	0.01189	0.01469	0.01270	0.01362	0.07334	0.00589	0.00412	0.00137	0.00601	0.00399	0.00279	0.00726
2	0.00809	0.00592	0.00767	0.00784	0.00910	0.00550	0.00599	0.01040	0.01476	0.02018	0.44684	0.16854	0.12439	0.01389	0.00714	0.00207	0.00329	0.12716	0.00596	0.00528
3	0.02273	0.01624	0.01671	0.01302	0.01750	0.08281	0.01066	0.55944	0.02462	0.15465	0.01501	0.01462	0.01042	0.00693	0.00577	0.00173	0.00652	0.00521	0.00580	0.00961
4	0.14642	0.00786	0.00908	0.00893	0.01086	0.00810	0.00721	0.07609	0.01487	0.02227	0.27418	0.11410	0.04852	0.01226	0.00662	0.00212	0.00418	0.21497	0.00547	0.00589
5	0.00723	0.00517	0.00688	0.00800	0.00847	0.00482	0.00541	0.00847	0.01182	0.01593	0.12495	0.69583	0.04057	0.01741	0.00735	0.00229	0.00329	0.01576	0.00553	0.00482
6	0.00796	0.00559	0.00672	0.00693	0.00746	0.00534	0.00446	0.00892	0.01121	0.01510	0.18720	0.21649	0.08937	0.38139	0.01766	0.00375	0.00426	0.01109	0.00474	0.00434
7	0.32850	0.01027	0.01145	0.00924	0.01329	0.01013	0.00760	0.02355	0.01412	0.46298	0.04198	0.01672	0.01273	0.00668	0.00504	0.00180	0.00471	0.00500	0.00583	0.00840
8	0.00811	0.00554	0.00667	0.00700	0.00716	0.00554	0.00427	0.00852	0.00917	0.01231	0.02143	0.21933	0.02482	0.54900	0.08198	0.00513	0.00586	0.01024	0.00395	0.00394
9	0.01069	0.00686	0.00858	0.07535	0.01202	0.00631	0.00640	0.01264	0.01390	0.14019	0.16416	0.12211	0.35802	0.02771	0.00711	0.00202	0.00376	0.01067	0.00558	0.00592
10	0.02021	0.01378	0.01511	0.01182	0.01584	0.01479	0.00958	0.53330	0.02330	0.12051	0.01890	0.02002	0.06905	0.07698	0.00799	0.00211	0.00589	0.00614	0.00575	0.00895
11	0.01060	0.00692	0.00869	0.00878	0.01013	0.00680	0.00639	0.04845	0.07005	0.08796	0.13173	0.40887	0.03387	0.07522	0.00876	0.00245	0.00398	0.05886	0.00562	0.00587
12	0.00793	0.00566	0.00724	0.00822	0.00874	0.00545	0.00553	0.04412	0.01172	0.01564	0.03009	0.69498	0.03571	0.07809	0.00907	0.00259	0.00370	0.01535	0.00527	0.00488
13	0.00929	0.00612	0.00735	0.00726	0.00894	0.00538	0.00535	0.01102	0.01382	0.09679	0.20999	0.23648	0.33231	0.01416	0.00690	0.00202	0.00322	0.01227	0.00582	0.00553
14	0.18378	0.00806	0.00963	0.00981	0.01209	0.00820	0.00840	0.01522	0.01311	0.12383	0.02618	0.04707	0.05637	0.01254	0.00675	0.00234	0.00502	0.44018	0.00525	0.00617
15	0.00741	0.00535	0.00685	0.00763	0.00827	0.00496	0.00519	0.00871	0.01213	0.01630	0.17629	0.52502	0.09614	0.08019	0.00908	0.00249	0.00340	0.01435	0.00544	0.00479
16	0.01153	0.00924	0.01167	0.00891	0.01296	0.00747	0.05241	0.01416	0.01212	0.01918	0.01390	0.07443	0.01224	0.00593	0.00466	0.00115	0.00425	0.00508	0.17514	0.54355
17	0.01720	0.01241	0.01348	0.01140	0.01491	0.01374	0.00902	0.20863	0.40396	0.10895	0.02058	0.02022	0.01534	0.04139	0.00678	0.00201	0.00502	0.00616	0.05983	0.00896

[dist]
# distance from previous block
# <min> <max>
2	7

[block]
# block no. 6 follows, 40 sequences, length 6
# corresponding to MSA columns:
# 201-206
name=unknown_G
#
# <colnr> <probs for GDERKNQSTAVLIFYWHMCP>
#	G	D	E	R	K	N	Q	S	T	A	V	L	I	F	Y	W	H	M	C	P
0	0.07978	0.01100	0.03622	0.00988	0.01298	0.01092	0.00816	0.27587	0.01913	0.04695	0.26199	0.05530	0.10904	0.00990	0.00620	0.00185	0.00457	0.02729	0.00568	0.00727
1	0.01476	0.01074	0.01202	0.01048	0.01293	0.01148	0.00795	0.37279	0.01884	0.02521	0.02112	0.29909	0.02181	0.12110	0.00972	0.00251	0.00520	0.00978	0.00535	0.00713
2	0.01983	0.01298	0.01472	0.01164	0.01536	0.01386	0.00941	0.47789	0.02226	0.13373	0.08216	0.01794	0.01463	0.00919	0.00814	0.11063	0.00569	0.00578	0.00563	0.00852
3	0.01404	0.00677	0.00936	0.00859	0.00993	0.00651	0.00623	0.05168	0.01120	0.18608	0.01616	0.11963	0.01481	0.01623	0.01591	0.48618	0.00488	0.00675	0.00416	0.00491
4	0.01233	0.00654	0.00844	0.00829	0.00996	0.00594	0.00606	0.01393	0.01254	0.18868	0.02658	0.41786	0.02750	0.04980	0.00754	0.00220	0.00386	0.03553	0.11365	0.04275
5	0.00961	0.00759	0.00921	0.00820	0.01067	0.00677	0.00631	0.01316	0.07284	0.02062	0.34570	0.10334	0.08368	0.01058	0.00623	0.00169	0.00353	0.05142	0.00536	0.22349

[dist]
# distance from previous block
# <min> <max>
0	5

[block]
# block no. 7 follows, 40 sequences, length 64
# corresponding to MSA columns:
# 212-275
name=unknown_H
#
# <colnr> <probs for GDERKNQSTAVLIFYWHMCP>
#	G	D	E	R	K	N	Q	S	T	A	V	L	I	F	Y	W	H	M	C	P
0	0.01071	0.00784	0.00947	0.00959	0.01091	0.00708	0.00681	0.01184	0.01544	0.02133	0.35711	0.28105	0.12633	0.01797	0.05887	0.00304	0.00492	0.02648	0.00656	0.00666
1	0.01436	0.00901	0.01016	0.00943	0.01192	0.00777	0.00696	0.03157	0.01595	0.17395	0.10225	0.14012	0.41098	0.01467	0.00784	0.00247	0.00452	0.01175	0.00672	0.00760
2	0.01027	0.00733	0.00887	0.00986	0.01045	0.00663	0.00649	0.01041	0.01275	0.01733	0.04826	0.66579	0.03834	0.10041	0.01083	0.00318	0.00462	0.01594	0.00609	0.00615
3	0.01318	0.00866	0.00968	0.00935	0.01048	0.00818	0.00616	0.06232	0.01317	0.06138	0.02572	0.18479	0.06579	0.41495	0.01943	0.00436	0.00579	0.01041	0.05987	0.00635
4	0.17426	0.00948	0.01043	0.00964	0.01197	0.00895	0.00717	0.01572	0.01622	0.10226	0.41416	0.08093	0.08858	0.01229	0.00729	0.00237	0.00442	0.00971	0.00663	0.00752
5	0.01150	0.00802	0.01053	0.01050	0.01143	0.00821	0.00752	0.01165	0.01093	0.01549	0.01871	0.07824	0.01864	0.13337	0.47405	0.14083	0.01230	0.00784	0.00419	0.00603
6	0.01240	0.00876	0.01042	0.01064	0.01203	0.00826	0.00750	0.06131	0.05812	0.04619	0.14580	0.50309	0.03834	0.01676	0.00821	0.00269	0.00468	0.03109	0.00654	0.00717
7	0.10137	0.00896	0.00989	0.00922	0.01147	0.00814	0.00682	0.01441	0.01632	0.08651	0.37495	0.05768	0.24223	0.01330	0.00757	0.00238	0.00424	0.01058	0.00669	0.00727
8	0.01071	0.00807	0.00876	0.00889	0.01060	0.00710	0.00639	0.01184	0.03142	0.01938	0.10607	0.17882	0.40642	0.04234	0.00874	0.00266	0.00432	0.06019	0.06072	0.00656
9	0.01396	0.01242	0.01934	0.71992	0.06874	0.01438	0.01702	0.01689	0.01345	0.01769	0.01318	0.01921	0.01052	0.00766	0.00700	0.00244	0.00855	0.00606	0.00359	0.00802
10	0.19997	0.01161	0.01351	0.01137	0.01529	0.01075	0.00898	0.02470	0.01652	0.46311	0.08933	0.02594	0.01986	0.00956	0.00677	0.00237	0.00563	0.04796	0.00703	0.00975
11	0.01089	0.00774	0.00937	0.01002	0.01087	0.00709	0.00678	0.03372	0.01388	0.01898	0.12634	0.57796	0.03928	0.05406	0.00994	0.03089	0.00458	0.01501	0.00622	0.00639
12	0.04139	0.01240	0.01685	0.38228	0.05562	0.01376	0.01350	0.08172	0.05780	0.04664	0.05602	0.05958	0.01597	0.00917	0.00773	0.00243	0.05260	0.00697	0.05921	0.00837
13	0.01104	0.00800	0.00946	0.01018	0.01100	0.00753	0.00680	0.01244	0.08046	0.01781	0.03079	0.57545	0.03492	0.11136	0.01152	0.02928	0.00484	0.01467	0.00600	0.00645
14	0.01303	0.00753	0.01023	0.05300	0.01166	0.00727	0.00698	0.01022	0.00975	0.01325	0.01294	0.02121	0.01257	0.02062	0.02220	0.74753	0.00615	0.00595	0.00352	0.00438
15	0.01428	0.01275	0.01992	0.64929	0.13684	0.01446	0.01718	0.01717	0.01360	0.01808	0.01323	0.01911	0.01066	0.00760	0.00699	0.00242	0.00847	0.00606	0.00361	0.00828
16	0.01719	0.01462	0.01761	0.09534	0.06992	0.01584	0.05398	0.07025	0.50811	0.02563	0.02241	0.02325	0.01744	0.00905	0.00712	0.00244	0.00646	0.00710	0.00604	0.01021
17	0.11381	0.01221	0.01499	0.05327	0.01776	0.01128	0.00990	0.02789	0.06564	0.56419	0.02297	0.02214	0.01580	0.00878	0.00679	0.00233	0.00598	0.00643	0.00726	0.01058
18	0.01628	0.06766	0.06514	0.19284	0.43905	0.01563	0.01739	0.01975	0.05737	0.02052	0.01413	0.01841	0.01182	0.00738	0.00682	0.00228	0.00787	0.00596	0.00392	0.00980
19	0.01047	0.00751	0.00931	0.01048	0.01124	0.00683	0.00733	0.01095	0.01328	0.01793	0.03369	0.64376	0.03899	0.01918	0.00863	0.00290	0.00472	0.13019	0.00626	0.00636
20	0.01354	0.01531	0.03299	0.06851	0.03065	0.01467	0.68122	0.01831	0.01350	0.01831	0.01160	0.01561	0.00874	0.00506	0.00705	0.00197	0.02557	0.00673	0.00291	0.00773
21	0.00936	0.00750	0.01102	0.17894	0.05651	0.00782	0.00942	0.01227	0.01418	0.01916	0.31668	0.05528	0.07440	0.01154	0.00688	0.00208	0.00475	0.19134	0.00504	0.00582
22	0.01564	0.05357	0.01391	0.06197	0.01616	0.01318	0.00924	0.05065	0.45855	0.13545	0.02468	0.02315	0.08217	0.00807	0.00587	0.00190	0.00486	0.00665	0.00566	0.00867
23	0.01127	0.00810	0.00982	0.01045	0.01145	0.00726	0.00721	0.01183	0.01491	0.02060	0.23138	0.51600	0.04435	0.01803	0.00868	0.00284	0.00458	0.04763	0.00675	0.00687
24	0.01349	0.01338	0.02338	0.14991	0.41927	0.01442	0.12733	0.01690	0.01240	0.01752	0.01047	0.01451	0.00868	0.00600	0.00797	0.00192	0.12611	0.00542	0.00279	0.00813
25	0.01582	0.01376	0.02111	0.02895	0.54582	0.01415	0.01555	0.10352	0.10822	0.05519	0.01344	0.01551	0.01060	0.00582	0.00579	0.00176	0.00647	0.00539	0.00380	0.00932
26	0.00970	0.00730	0.01098	0.13382	0.01531	0.00856	0.00875	0.01187	0.01010	0.04745	0.01585	0.07256	0.01495	0.06688	0.48935	0.00682	0.05405	0.00676	0.00335	0.00556
27	0.03912	0.01542	0.01414	0.04035	0.01614	0.20437	0.00951	0.18746	0.03418	0.22453	0.01772	0.01762	0.04899	0.00717	0.00578	0.00170	0.02132	0.00538	0.08098	0.00814
28	0.03747	0.00920	0.00977	0.00889	0.01103	0.05283	0.00679	0.04872	0.15905	0.03935	0.44033	0.03505	0.08391	0.02374	0.00680	0.00191	0.00389	0.00885	0.00590	0.00654
29	0.01244	0.01375	0.05687	0.15969	0.02551	0.01491	0.27967	0.01580	0.01139	0.01605	0.01057	0.03039	0.00897	0.00868	0.04037	0.00245	0.27678	0.00599	0.00277	0.00695
30	0.00715	0.00511	0.00681	0.00805	0.00845	0.00477	0.00540	0.00827	0.01144	0.01534	0.07432	0.74815	0.03942	0.01785	0.00739	0.00233	0.00334	0.01618	0.00546	0.00477
31	0.03048	0.05725	0.56898	0.01775	0.02553	0.01412	0.16831	0.01839	0.01250	0.01844	0.01056	0.01280	0.00765	0.00537	0.00569	0.00184	0.00866	0.00475	0.00258	0.00834
32	0.06374	0.46539	0.10090	0.01112	0.01598	0.06411	0.01082	0.02051	0.13090	0.05036	0.01156	0.01217	0.00935	0.00569	0.00445	0.00150	0.00630	0.00395	0.00334	0.00786
33	0.01098	0.00839	0.00979	0.00984	0.01181	0.00884	0.00763	0.01804	0.27956	0.04910	0.03146	0.24436	0.11136	0.01318	0.00688	0.00222	0.00425	0.15995	0.00565	0.00671
34	0.01795	0.00815	0.01091	0.00907	0.01212	0.00726	0.00720	0.02057	0.02870	0.42365	0.31092	0.06733	0.03151	0.00959	0.00632	0.00184	0.00400	0.00822	0.00677	0.00790
35	0.01807	0.01224	0.01407	0.01203	0.01486	0.06274	0.00962	0.02472	0.25826	0.26996	0.01964	0.06342	0.01507	0.00861	0.00865	0.00202	0.16576	0.00642	0.00543	0.00843
36	0.02072	0.09117	0.01765	0.01485	0.03326	0.65892	0.01118	0.02297	0.04960	0.01475	0.00963	0.01099	0.00800	0.00598	0.00516	0.00150	0.00978	0.00385	0.00309	0.00697
37	0.06933	0.01600	0.01694	0.01305	0.01764	0.01774	0.01078	0.69806	0.02633	0.03604	0.01362	0.01370	0.00968	0.00689	0.00569	0.00175	0.00629	0.00511	0.00569	0.00968
38	0.01523	0.01348	0.02078	0.58706	0.18920	0.01488	0.01750	0.01786	0.01416	0.01904	0.01398	0.01996	0.01143	0.00802	0.00728	0.00253	0.00862	0.00628	0.00388	0.00884
39	0.07979	0.01083	0.01336	0.01060	0.01485	0.01044	0.00866	0.07507	0.13476	0.54553	0.02144	0.01900	0.01408	0.00717	0.00570	0.00182	0.00496	0.00574	0.00665	0.00954
40	0.00808	0.00548	0.00645	0.00682	0.00691	0.00539	0.00403	0.00836	0.00919	0.01225	0.02206	0.24318	0.02585	0.58408	0.02356	0.00475	0.00502	0.01065	0.00403	0.00385
41	0.01446	0.01249	0.01315	0.01183	0.01512	0.01446	0.00920	0.03090	0.74885	0.02433	0.02367	0.02170	0.01775	0.00789	0.00592	0.00197	0.00460	0.00657	0.00592	0.00920
42	0.18960	0.02357	0.01491	0.01336	0.01659	0.56600	0.01021	0.06939	0.01584	0.01816	0.00913	0.01050	0.00740	0.00594	0.00494	0.00158	0.00898	0.00372	0.00331	0.00686
43	0.00714	0.00510	0.00679	0.00806	0.00845	0.00476	0.00540	0.00823	0.01137	0.01523	0.06462	0.75818	0.03920	0.01793	0.00740	0.00234	0.00335	0.01626	0.00544	0.00476
44	0.01597	0.01113	0.01288	0.01145	0.01398	0.01064	0.00865	0.17394	0.02063	0.06841	0.48315	0.03986	0.04263	0.01275	0.00805	0.00249	0.00510	0.04246	0.00729	0.00855
45	0.05732	0.01039	0.01694	0.73822	0.03844	0.01293	0.01560	0.01498	0.01153	0.01549	0.01021	0.01516	0.00767	0.00579	0.00569	0.00193	0.00757	0.00505	0.00264	0.00645
46	0.01439	0.01382	0.02360	0.03569	0.75936	0.01382	0.01785	0.01785	0.01324	0.01900	0.01094	0.01439	0.00921	0.00518	0.00576	0.00173	0.00691	0.00518	0.00288	0.00921
47	0.02531	0.01114	0.01427	0.01094	0.01547	0.01040	0.00904	0.16721	0.01873	0.62156	0.02119	0.01866	0.01352	0.00716	0.00584	0.00179	0.00523	0.00573	0.00693	0.00990
48	0.00709	0.00506	0.00675	0.00810	0.00843	0.00472	0.00540	0.00810	0.01113	0.01484	0.03205	0.79184	0.03846	0.01822	0.00742	0.00236	0.00337	0.01653	0.00540	0.00472
49	0.01108	0.01047	0.01746	0.73865	0.03866	0.01319	0.01596	0.01481	0.01148	0.01481	0.01018	0.01535	0.00775	0.00606	0.00656	0.00197	0.05137	0.00516	0.00258	0.00645
50	0.00709	0.00506	0.00675	0.00810	0.00843	0.00472	0.00540	0.00810	0.01113	0.01484	0.03205	0.79184	0.03846	0.01822	0.00742	0.00236	0.00337	0.01653	0.00540	0.00472
51	0.00715	0.00590	0.00628	0.00618	0.00803	0.00503	0.00464	0.00889	0.01392	0.01728	0.20254	0.05338	0.61239	0.01414	0.00687	0.00194	0.00290	0.01191	0.00561	0.00503
52	0.01373	0.01569	0.03431	0.02451	0.03039	0.01471	0.73824	0.01863	0.01373	0.01863	0.01176	0.01569	0.00882	0.00490	0.00686	0.00196	0.00980	0.00686	0.00294	0.00784
53	0.01166	0.03008	0.76550	0.01657	0.02517	0.01351	0.02149	0.01842	0.01228	0.01842	0.01044	0.01228	0.00737	0.00552	0.00552	0.00184	0.00859	0.00430	0.00246	0.00859
54	0.01446	0.01249	0.01315	0.01183	0.01512	0.01446	0.00920	0.03090	0.74885	0.02433	0.02367	0.02170	0.01775	0.00789	0.00592	0.00197	0.00460	0.00657	0.00592	0.00920
55	0.01166	0.03008	0.76550	0.01657	0.02517	0.01351	0.02149	0.01842	0.01228	0.01842	0.01044	0.01228	0.00737	0.00552	0.00552	0.00184	0.00859	0.00430	0.00246	0.00859
56	0.00823	0.00594	0.00777	0.00732	0.00869	0.00549	0.00549	0.01097	0.01646	0.02332	0.75629	0.04344	0.05487	0.01189	0.00686	0.00183	0.00274	0.01052	0.00640	0.00549
57	0.00687	0.00589	0.00589	0.00589	0.00785	0.00491	0.00442	0.00835	0.01325	0.01571	0.05891	0.05596	0.75700	0.01473	0.00687	0.00196	0.00295	0.01227	0.00540	0.00491
58	0.02211	0.01629	0.01745	0.01338	0.01803	0.01803	0.01105	0.73997	0.02734	0.03665	0.01396	0.01396	0.00989	0.00698	0.00582	0.00175	0.00640	0.00524	0.00582	0.00989
59	0.01098	0.01034	0.01744	0.78165	0.04005	0.01292	0.01615	0.01486	0.01163	0.01486	0.01034	0.01550	0.00775	0.00581	0.00581	0.00194	0.00775	0.00517	0.00258	0.00646
60	0.83671	0.01125	0.00855	0.00765	0.01125	0.01305	0.00630	0.01709	0.00990	0.02609	0.00810	0.00945	0.00630	0.00540	0.00360	0.00180	0.00450	0.00315	0.00360	0.00630
61	0.00846	0.00564	0.00634	0.00634	0.00634	0.00564	0.00352	0.00846	0.00846	0.01128	0.01832	0.03805	0.02114	0.79563	0.02960	0.00564	0.00564	0.00846	0.00352	0.00352
62	0.01404	0.01212	0.01274	0.01150	0.01471	0.01393	0.00894	0.02964	0.70757	0.02384	0.02565	0.02362	0.05924	0.00827	0.00597	0.00197	0.00451	0.00689	0.00589	0.00896
63	0.00716	0.00509	0.00672	0.00800	0.00832	0.00477	0.00529	0.00812	0.01098	0.01464	0.03128	0.74954	0.03749	0.06184	0.00867	0.00255	0.00350	0.01608	0.00529	0.00466

[dist]
# distance from previous block
# <min> <max>
0	4

[block]
# block no. 8 follows, 40 sequences, length 10
# corresponding to MSA columns:
# 280-289
name=unknown_I
#
# <colnr> <probs for GDERKNQSTAVLIFYWHMCP>
#	G	D	E	R	K	N	Q	S	T	A	V	L	I	F	Y	W	H	M	C	P
0	0.00823	0.00594	0.00777	0.00732	0.00869	0.00549	0.00549	0.01097	0.01646	0.02332	0.75629	0.04344	0.05487	0.01189	0.00686	0.00183	0.00274	0.01052	0.00640	0.00549
1	0.02211	0.01629	0.01745	0.01338	0.01803	0.01803	0.01105	0.73997	0.02734	0.03665	0.01396	0.01396	0.00989	0.00698	0.00582	0.00175	0.00640	0.00524	0.00582	0.00989
2	0.08438	0.00999	0.01314	0.01015	0.01459	0.00887	0.00839	0.02753	0.01616	0.71037	0.02187	0.01905	0.01381	0.00707	0.00569	0.00180	0.00492	0.00565	0.00694	0.00964
3	0.02609	0.00990	0.01350	0.01035	0.01484	0.00855	0.00855	0.02834	0.01664	0.76338	0.02294	0.01979	0.01439	0.00720	0.00585	0.00180	0.00495	0.00585	0.00720	0.00990
4	0.08825	0.00696	0.00682	0.00636	0.00823	0.00729	0.00492	0.08105	0.01338	0.02347	0.01750	0.01984	0.01365	0.00667	0.00418	0.00143	0.00322	0.00519	0.67566	0.00591
5	0.01512	0.01200	0.01353	0.01018	0.01487	0.01101	0.00819	0.25798	0.01714	0.02464	0.01293	0.06222	0.01094	0.00609	0.00501	0.00125	0.00495	0.00488	0.00437	0.50269
6	0.00849	0.00564	0.00652	0.00657	0.00671	0.00570	0.00386	0.00877	0.00878	0.01199	0.01873	0.06704	0.02116	0.68315	0.07589	0.00557	0.00607	0.00852	0.03708	0.00376
7	0.07439	0.02389	0.01600	0.01408	0.01743	0.55138	0.01080	0.15571	0.04910	0.01958	0.01047	0.01154	0.00829	0.00622	0.00527	0.00158	0.00909	0.00410	0.00368	0.00740
8	0.01344	0.01284	0.02188	0.24460	0.55792	0.01357	0.01737	0.01701	0.01279	0.01784	0.01077	0.01470	0.00880	0.00536	0.00577	0.00179	0.00714	0.00518	0.00280	0.00844
9	0.02609	0.00990	0.01350	0.01035	0.01484	0.00855	0.00855	0.02834	0.01664	0.76338	0.02294	0.01979	0.01439	0.00720	0.00585	0.00180	0.00495	0.00585	0.00720	0.00990

[dist]
# distance from previous block
# <min> <max>
1	5

[block]
# block no. 9 follows, 40 sequences, length 14
# corresponding to MSA columns:
# 295-308
name=unknown_J
#
# <colnr> <probs for GDERKNQSTAVLIFYWHMCP>
#	G	D	E	R	K	N	Q	S	T	A	V	L	I	F	Y	W	H	M	C	P
0	0.01221	0.01173	0.01592	0.01346	0.01451	0.01493	0.01107	0.01373	0.00968	0.01504	0.00981	0.06502	0.00990	0.00955	0.01536	0.00220	0.57693	0.00553	0.00292	0.17050
1	0.01287	0.01063	0.01384	0.21489	0.02105	0.00970	0.00964	0.05347	0.01293	0.04895	0.01104	0.01339	0.00869	0.00497	0.00485	0.00123	0.00536	0.00410	0.00349	0.53492
2	0.17266	0.01538	0.01538	0.01223	0.01651	0.04098	0.01001	0.51890	0.08873	0.03286	0.01359	0.01371	0.00985	0.00674	0.00540	0.00177	0.00602	0.00492	0.00532	0.00906
3	0.01313	0.01473	0.03183	0.02303	0.02841	0.01381	0.67224	0.01768	0.01349	0.01829	0.01359	0.08558	0.01149	0.00610	0.00691	0.00200	0.00922	0.00773	0.00316	0.00756
4	0.01341	0.01428	0.02302	0.01820	0.02020	0.04766	0.24418	0.01585	0.01075	0.01548	0.00901	0.01358	0.00801	0.00832	0.01462	0.00232	0.50596	0.00560	0.00269	0.00685
5	0.00709	0.00506	0.00675	0.00810	0.00843	0.00472	0.00540	0.00810	0.01113	0.01484	0.03205	0.79184	0.03846	0.01822	0.00742	0.00236	0.00337	0.01653	0.00540	0.00472
6	0.00714	0.00590	0.00630	0.00645	0.00824	0.00506	0.00489	0.00874	0.01330	0.01618	0.09191	0.10287	0.62206	0.01490	0.00699	0.00203	0.00314	0.06351	0.00545	0.00496
7	0.83671	0.01125	0.00855	0.00765	0.01125	0.01305	0.00630	0.01709	0.00990	0.02609	0.00810	0.00945	0.00630	0.00540	0.00360	0.00180	0.00450	0.00315	0.00360	0.00630
8	0.00709	0.00506	0.00675	0.00810	0.00843	0.00472	0.00540	0.00810	0.01113	0.01484	0.03205	0.79184	0.03846	0.01822	0.00742	0.00236	0.00337	0.01653	0.00540	0.00472
9	0.01101	0.01006	0.01719	0.68322	0.03676	0.01228	0.04255	0.01435	0.01134	0.01457	0.01037	0.01571	0.00800	0.00708	0.00738	0.07658	0.00759	0.00522	0.00259	0.00616
10	0.01439	0.01382	0.02360	0.03569	0.75936	0.01382	0.01785	0.01785	0.01324	0.01900	0.01094	0.01439	0.00921	0.00518	0.00576	0.00173	0.00691	0.00518	0.00288	0.00921
11	0.02413	0.00976	0.01306	0.01021	0.01442	0.00867	0.00836	0.02724	0.05895	0.66730	0.07588	0.02161	0.01751	0.00758	0.00592	0.00181	0.00477	0.00623	0.00707	0.00954
12	0.00920	0.00603	0.00795	0.00768	0.00905	0.00554	0.00568	0.01157	0.01541	0.07143	0.56272	0.19088	0.04888	0.01283	0.00690	0.00193	0.00302	0.01140	0.00626	0.00563
13	0.00831	0.00623	0.00935	0.00935	0.01038	0.00727	0.00727	0.01038	0.00935	0.01350	0.01558	0.02285	0.01454	0.04361	0.77259	0.00935	0.01558	0.00623	0.00312	0.00519

[dist]
# distance from previous block
# <min> <max>
0	4

[block]
# block no. 10 follows, 40 sequences, length 14
# corresponding to MSA columns:
# 313-326
name=unknown_K
#
# <colnr> <probs for GDERKNQSTAVLIFYWHMCP>
#	G	D	E	R	K	N	Q	S	T	A	V	L	I	F	Y	W	H	M	C	P
0	0.02531	0.01403	0.01621	0.01365	0.01779	0.01333	0.01049	0.10629	0.19319	0.41019	0.02547	0.02542	0.01858	0.01019	0.00762	0.00262	0.00639	0.00729	0.06442	0.01149
1	0.07177	0.02208	0.01549	0.01346	0.01695	0.50283	0.01038	0.09091	0.01713	0.16726	0.01220	0.01262	0.00903	0.00629	0.00532	0.00160	0.00863	0.00427	0.00414	0.00764
2	0.00846	0.00564	0.00634	0.00634	0.00634	0.00564	0.00352	0.00846	0.00846	0.01128	0.01832	0.03805	0.02114	0.79563	0.02960	0.00564	0.00564	0.00846	0.00352	0.00352
3	0.01266	0.01357	0.02734	0.30600	0.03335	0.01417	0.43889	0.01703	0.01274	0.01703	0.01106	0.01549	0.00837	0.00546	0.00699	0.00198	0.04165	0.00616	0.00279	0.00727
4	0.02497	0.00966	0.01305	0.01009	0.01444	0.00834	0.00831	0.02718	0.01645	0.71985	0.02504	0.02190	0.05764	0.00764	0.00591	0.00181	0.00483	0.00622	0.00709	0.00961
5	0.02365	0.01230	0.01480	0.01151	0.01595	0.01231	0.00946	0.26951	0.08875	0.44822	0.01997	0.01800	0.01318	0.00719	0.00584	0.00180	0.00541	0.00571	0.00661	0.00983
6	0.01098	0.01034	0.01744	0.78165	0.04005	0.01292	0.01615	0.01486	0.01163	0.01486	0.01034	0.01550	0.00775	0.00581	0.00581	0.00194	0.00775	0.00517	0.00258	0.00646
7	0.00820	0.00657	0.00980	0.22901	0.01746	0.00706	0.00847	0.01003	0.01127	0.01485	0.02585	0.57013	0.02969	0.01468	0.00696	0.00224	0.00462	0.01329	0.00459	0.00522
8	0.02472	0.01060	0.01375	0.01070	0.01510	0.00978	0.00879	0.07961	0.08589	0.64214	0.02237	0.01955	0.01439	0.00725	0.00585	0.00181	0.00502	0.00587	0.00698	0.00983
9	0.01392	0.01202	0.01263	0.01141	0.01460	0.01378	0.00886	0.02928	0.69610	0.02371	0.02620	0.02415	0.07077	0.00838	0.00599	0.00197	0.00448	0.00698	0.00588	0.00890
10	0.00842	0.00519	0.00628	0.00715	0.00785	0.00497	0.00493	0.01003	0.01151	0.01727	0.02742	0.51894	0.03011	0.01416	0.00623	0.00200	0.00314	0.01259	0.29684	0.00497
11	0.01406	0.01113	0.01445	0.01363	0.01482	0.01229	0.01034	0.01464	0.01270	0.01864	0.06876	0.02735	0.01953	0.03387	0.49042	0.00751	0.19560	0.00760	0.00475	0.00789
12	0.00937	0.00669	0.00937	0.01071	0.01205	0.00669	0.00937	0.01205	0.01339	0.01740	0.03079	0.06560	0.03347	0.01606	0.00803	0.00268	0.00535	0.72021	0.00535	0.00535
13	0.00709	0.00506	0.00675	0.00810	0.00843	0.00472	0.00540	0.00810	0.01113	0.01484	0.03205	0.79184	0.03846	0.01822	0.00742	0.00236	0.00337	0.01653	0.00540	0.00472

[dist]
# distance from previous block
# <min> <max>
7	10

[block]
# block no. 11 follows, 40 sequences, length 43
# corresponding to MSA columns:
# 339-381
name=unknown_L
#
# <colnr> <probs for GDERKNQSTAVLIFYWHMCP>
#	G	D	E	R	K	N	Q	S	T	A	V	L	I	F	Y	W	H	M	C	P
0	0.01672	0.01253	0.01349	0.01096	0.01457	0.01335	0.00894	0.47250	0.02233	0.02940	0.05851	0.02932	0.21438	0.00977	0.00627	0.00186	0.00526	0.04603	0.00570	0.00812
1	0.01516	0.75624	0.02933	0.00992	0.01468	0.02216	0.00981	0.01703	0.01168	0.01367	0.00849	0.01006	0.00785	0.00707	0.04532	0.00168	0.00673	0.00328	0.00252	0.00734
2	0.02172	0.02772	0.01648	0.01498	0.01798	0.77228	0.01124	0.02322	0.01648	0.01423	0.00899	0.01049	0.00749	0.00599	0.00524	0.00150	0.01049	0.00375	0.00300	0.00674
3	0.00817	0.00594	0.00769	0.00725	0.00865	0.00546	0.00544	0.01086	0.01632	0.02299	0.72581	0.04399	0.08556	0.01201	0.00686	0.00183	0.00275	0.01059	0.00636	0.00546
4	0.01446	0.01249	0.01315	0.01183	0.01512	0.01446	0.00920	0.03090	0.74885	0.02433	0.02367	0.02170	0.01775	0.00789	0.00592	0.00197	0.00460	0.00657	0.00592	0.00920
5	0.02174	0.02733	0.01651	0.01493	0.01798	0.74676	0.01123	0.04748	0.01685	0.01499	0.00916	0.01060	0.00757	0.00603	0.00526	0.00151	0.01035	0.00380	0.00309	0.00685
6	0.00831	0.00621	0.00926	0.00926	0.01026	0.00722	0.00716	0.01033	0.00932	0.01343	0.01566	0.02330	0.01474	0.06624	0.75023	0.00923	0.01528	0.00630	0.00313	0.00514
7	0.00718	0.00590	0.00632	0.00622	0.00805	0.00504	0.00466	0.00895	0.01399	0.01745	0.21886	0.05309	0.59596	0.01408	0.00687	0.00193	0.00290	0.01187	0.00563	0.00504
8	0.01388	0.00835	0.00866	0.00756	0.00981	0.00882	0.00595	0.20928	0.01628	0.02571	0.01762	0.01960	0.01355	0.00683	0.00454	0.00146	0.00370	0.00537	0.60641	0.00662
9	0.01300	0.00736	0.00953	0.00836	0.01063	0.00685	0.00649	0.01657	0.06678	0.20342	0.52760	0.03619	0.04248	0.01047	0.00655	0.00183	0.00341	0.00911	0.00656	0.00681
10	0.00823	0.00594	0.00777	0.00732	0.00869	0.00549	0.00549	0.01097	0.01646	0.02332	0.75629	0.04344	0.05487	0.01189	0.00686	0.00183	0.00274	0.01052	0.00640	0.00549
11	0.01206	0.01034	0.01206	0.00861	0.01378	0.00775	0.00689	0.01464	0.01206	0.01895	0.01034	0.01206	0.00861	0.00431	0.00431	0.00086	0.00431	0.00345	0.00345	0.83118
12	0.00794	0.00548	0.00643	0.00683	0.00707	0.00532	0.00414	0.00834	0.00958	0.01264	0.02519	0.26343	0.07680	0.51085	0.02144	0.00441	0.00478	0.01112	0.00421	0.00398
13	0.01484	0.01488	0.02251	0.08496	0.64067	0.08467	0.01711	0.01814	0.01343	0.01827	0.01071	0.01410	0.00895	0.00530	0.00571	0.00172	0.00730	0.00505	0.00287	0.00879
14	0.01201	0.09771	0.70086	0.01599	0.02427	0.01434	0.02047	0.01833	0.01224	0.01800	0.01023	0.01202	0.00737	0.00548	0.00537	0.00179	0.00839	0.00419	0.00246	0.00849
15	0.00709	0.00506	0.00675	0.00810	0.00843	0.00472	0.00540	0.00810	0.01113	0.01484	0.03205	0.79184	0.03846	0.01822	0.00742	0.00236	0.00337	0.01653	0.00540	0.00472
16	0.83671	0.01125	0.00855	0.00765	0.01125	0.01305	0.00630	0.01709	0.00990	0.02609	0.00810	0.00945	0.00630	0.00540	0.00360	0.00180	0.00450	0.00315	0.00360	0.00630
17	0.00709	0.00506	0.00675	0.00810	0.00843	0.00472	0.00540	0.00810	0.01113	0.01484	0.03205	0.79184	0.03846	0.01822	0.00742	0.00236	0.00337	0.01653	0.00540	0.00472
