[name]
unknown

[dist]
# distance from previous block
# <min> <max>
0	1763

[block]
# block no. 0 follows, 38 sequences, length 10
# corresponding to MSA columns:
# 2225-2234
name=unknown_A
#
# <colnr> <probs for GDERKNQSTAVLIFYWHMCP>
#	G	D	E	R	K	N	Q	S	T	A	V	L	I	F	Y	W	H	M	C	P
0	0.01202	0.00912	0.01041	0.00899	0.01177	0.00888	0.00696	0.11485	0.10163	0.02391	0.25278	0.08779	0.08855	0.00997	0.00614	0.00173	0.00394	0.00848	0.08121	0.15087
1	0.01453	0.01426	0.01561	0.07113	0.01862	0.12093	0.07793	0.02341	0.32491	0.02060	0.02137	0.02278	0.07388	0.00778	0.00603	0.00183	0.00624	0.03109	0.00471	0.12236
2	0.01031	0.25433	0.01464	0.00781	0.01066	0.01115	0.00667	0.01231	0.01412	0.01766	0.22526	0.03925	0.33246	0.01128	0.00608	0.00176	0.00406	0.00922	0.00491	0.00607
3	0.02029	0.01535	0.01637	0.01297	0.01733	0.01698	0.01058	0.55424	0.15100	0.03404	0.01974	0.01915	0.06804	0.00800	0.00612	0.00186	0.00602	0.00621	0.00600	0.00971
4	0.01324	0.01183	0.01625	0.01776	0.24690	0.01000	0.01071	0.01619	0.01286	0.01962	0.01089	0.01324	0.00911	0.00474	0.00493	0.00117	0.00531	0.00413	0.00338	0.56776
5	0.01616	0.01309	0.02085	0.02833	0.51856	0.01243	0.01512	0.01940	0.01397	0.12248	0.01294	0.01525	0.01017	0.00549	0.00570	0.00164	0.00639	0.00514	0.00371	0.15318
6	0.01376	0.01320	0.02349	0.06751	0.02377	0.01269	0.34787	0.11599	0.01530	0.02098	0.01586	0.15062	0.01457	0.00777	0.00659	0.00190	0.00750	0.00799	0.00396	0.12871
7	0.01254	0.12050	0.67216	0.01634	0.02479	0.01513	0.02082	0.01893	0.01264	0.01848	0.01051	0.01234	0.00763	0.00565	0.00550	0.00183	0.00860	0.00430	0.00254	0.00875
8	0.34513	0.01489	0.01229	0.01044	0.01410	0.14521	0.00832	0.16608	0.01609	0.02605	0.07885	0.01491	0.01271	0.00662	0.00489	0.00170	0.00589	0.00464	0.03726	0.07393
9	0.00941	0.00693	0.00788	0.00757	0.00859	0.00700	0.00506	0.01264	0.11355	0.01712	0.20754	0.04012	0.09742	0.41206	0.01908	0.00396	0.00467	0.00938	0.00492	0.00511

[dist]
# distance from previous block
# <min> <max>
0	1

[block]
# block no. 1 follows, 38 sequences, length 23
# corresponding to MSA columns:
# 2236-2258
name=unknown_B
#
# <colnr> <probs for GDERKNQSTAVLIFYWHMCP>
#	G	D	E	R	K	N	Q	S	T	A	V	L	I	F	Y	W	H	M	C	P
0	0.01256	0.01097	0.01361	0.00972	0.01511	0.00837	0.04281	0.01535	0.01256	0.01959	0.01077	0.01266	0.00892	0.00449	0.00459	0.00095	0.00474	0.00374	0.00354	0.78498
1	0.01489	0.01429	0.02442	0.03692	0.75106	0.01429	0.01846	0.01846	0.01370	0.01965	0.01132	0.01489	0.00953	0.00536	0.00596	0.00179	0.00715	0.00536	0.00298	0.00953
2	0.83108	0.01163	0.00884	0.00791	0.01163	0.01350	0.00651	0.01768	0.01024	0.02699	0.00838	0.00977	0.00651	0.00558	0.00372	0.00186	0.00465	0.00326	0.00372	0.00651
3	0.00859	0.00645	0.00967	0.00967	0.01074	0.00752	0.00752	0.01074	0.00967	0.01396	0.01611	0.02363	0.01504	0.04512	0.76474	0.00967	0.01611	0.00645	0.00322	0.00537
4	0.00875	0.00583	0.00656	0.00656	0.00656	0.00583	0.00365	0.00875	0.00875	0.01166	0.01895	0.03937	0.02187	0.78858	0.03062	0.00583	0.00583	0.00875	0.00365	0.00365
5	0.01247	0.01069	0.01247	0.00891	0.01426	0.00802	0.00713	0.01515	0.01247	0.01960	0.01069	0.01247	0.00891	0.00446	0.00446	0.00089	0.00446	0.00356	0.00356	0.82536
6	0.02287	0.01685	0.01805	0.01384	0.01866	0.01866	0.01143	0.73100	0.02828	0.03791	0.01444	0.01444	0.01023	0.00722	0.00602	0.00181	0.00662	0.00542	0.00602	0.01023
7	0.83108	0.01163	0.00884	0.00791	0.01163	0.01350	0.00651	0.01768	0.01024	0.02699	0.00838	0.00977	0.00651	0.00558	0.00372	0.00186	0.00465	0.00326	0.00372	0.00651
8	0.01489	0.01429	0.02442	0.03692	0.75106	0.01429	0.01846	0.01846	0.01370	0.01965	0.01132	0.01489	0.00953	0.00536	0.00596	0.00179	0.00715	0.00536	0.00298	0.00953
9	0.01489	0.01429	0.02442	0.03692	0.75106	0.01429	0.01846	0.01846	0.01370	0.01965	0.01132	0.01489	0.00953	0.00536	0.00596	0.00179	0.00715	0.00536	0.00298	0.00953
10	0.01489	0.01429	0.02442	0.03692	0.75106	0.01429	0.01846	0.01846	0.01370	0.01965	0.01132	0.01489	0.00953	0.00536	0.00596	0.00179	0.00715	0.00536	0.00298	0.00953
11	0.83108	0.01163	0.00884	0.00791	0.01163	0.01350	0.00651	0.01768	0.01024	0.02699	0.00838	0.00977	0.00651	0.00558	0.00372	0.00186	0.00465	0.00326	0.00372	0.00651
12	0.01136	0.01069	0.01804	0.77412	0.04143	0.01337	0.01671	0.01537	0.01203	0.01537	0.01069	0.01604	0.00802	0.00601	0.00601	0.00200	0.00802	0.00535	0.00267	0.00668
13	0.01247	0.01069	0.01247	0.00891	0.01426	0.00802	0.00713	0.01515	0.01247	0.01960	0.01069	0.01247	0.00891	0.00446	0.00446	0.00089	0.00446	0.00356	0.00356	0.82536
14	0.00736	0.00610	0.00644	0.00635	0.00828	0.00518	0.00476	0.00911	0.01429	0.01763	0.18128	0.05562	0.62742	0.01472	0.00711	0.00201	0.00301	0.01238	0.00577	0.00518
15	0.83108	0.01163	0.00884	0.00791	0.01163	0.01350	0.00651	0.01768	0.01024	0.02699	0.00838	0.00977	0.00651	0.00558	0.00372	0.00186	0.00465	0.00326	0.00372	0.00651
16	0.02287	0.01685	0.01805	0.01384	0.01866	0.01866	0.01143	0.73100	0.02828	0.03791	0.01444	0.01444	0.01023	0.00722	0.00602	0.00181	0.00662	0.00542	0.00602	0.01023
17	0.00851	0.00615	0.00804	0.00757	0.00899	0.00568	0.00568	0.01135	0.01703	0.02412	0.74788	0.04494	0.05676	0.01230	0.00710	0.00189	0.00284	0.01088	0.00662	0.00568
18	0.02247	0.02867	0.01705	0.01550	0.01860	0.76443	0.01162	0.02402	0.01705	0.01472	0.00930	0.01085	0.00775	0.00620	0.00542	0.00155	0.01085	0.00387	0.00310	0.00697
19	0.01489	0.01429	0.02442	0.03692	0.75106	0.01429	0.01846	0.01846	0.01370	0.01965	0.01132	0.01489	0.00953	0.00536	0.00596	0.00179	0.00715	0.00536	0.00298	0.00953
20	0.01420	0.01623	0.03550	0.02535	0.03144	0.01521	0.72921	0.01927	0.01420	0.01927	0.01217	0.01623	0.00913	0.00507	0.00710	0.00203	0.01014	0.00710	0.00304	0.00811
21	0.01489	0.01429	0.02442	0.03692	0.75106	0.01429	0.01846	0.01846	0.01370	0.01965	0.01132	0.01489	0.00953	0.00536	0.00596	0.00179	0.00715	0.00536	0.00298	0.00953
22	0.01445	0.01379	0.02320	0.12869	0.63341	0.01420	0.01790	0.01859	0.04155	0.01933	0.01175	0.01533	0.00968	0.00555	0.00597	0.00182	0.00716	0.00541	0.00306	0.00917

[dist]
# distance from previous block
# <min> <max>
2	83

[block]
# block no. 2 follows, 38 sequences, length 11
# corresponding to MSA columns:
# 2342-2352
name=unknown_C
#
# <colnr> <probs for GDERKNQSTAVLIFYWHMCP>
#	G	D	E	R	K	N	Q	S	T	A	V	L	I	F	Y	W	H	M	C	P
0	0.12127	0.02060	0.34114	0.03557	0.15250	0.01322	0.10739	0.01773	0.01262	0.01986	0.01262	0.07830	0.01075	0.00664	0.00581	0.00192	0.00761	0.00585	0.00312	0.02547
1	0.44594	0.07873	0.06693	0.00965	0.01376	0.01376	0.00863	0.10817	0.01417	0.06664	0.10844	0.01583	0.01431	0.00676	0.00475	0.00181	0.00515	0.00478	0.00442	0.00736
2	0.01809	0.01345	0.01760	0.01955	0.24435	0.01400	0.01227	0.24659	0.11112	0.11912	0.04471	0.02106	0.07547	0.00764	0.00614	0.00186	0.00593	0.00645	0.00525	0.00933
3	0.04556	0.11928	0.18805	0.01209	0.01753	0.01276	0.01205	0.08292	0.01621	0.34960	0.07048	0.01819	0.01467	0.00702	0.00568	0.00179	0.00611	0.00551	0.00537	0.00914
4	0.10167	0.40322	0.18214	0.01069	0.01583	0.01732	0.01140	0.01749	0.01218	0.01807	0.01090	0.01260	0.00894	0.00565	0.00431	0.00150	0.00613	0.00391	0.14856	0.00747
5	0.40822	0.11753	0.06903	0.01034	0.01496	0.01518	0.00936	0.14642	0.01486	0.12689	0.01175	0.01228	0.00857	0.00608	0.00462	0.00178	0.00561	0.00411	0.00440	0.00802
6	0.01207	0.03112	0.75741	0.01715	0.02604	0.01397	0.02223	0.01905	0.01270	0.01905	0.01080	0.01270	0.00762	0.00572	0.00572	0.00191	0.00889	0.00445	0.00254	0.00889
7	0.01476	0.01103	0.01286	0.00973	0.01464	0.00936	0.00777	0.01994	0.14263	0.11398	0.01480	0.01527	0.01135	0.00549	0.00495	0.00122	0.00459	0.00446	0.00451	0.57664
8	0.01249	0.01130	0.01776	0.02452	0.42700	0.01073	0.01310	0.01525	0.01291	0.01853	0.01688	0.21448	0.01728	0.00870	0.00614	0.00180	0.00572	0.00809	0.00376	0.15356
9	0.01504	0.01621	0.20754	0.01225	0.01843	0.01010	0.04987	0.01890	0.01347	0.15040	0.01312	0.01416	0.00965	0.00535	0.00521	0.00139	0.00603	0.00442	0.00396	0.42451
10	0.01711	0.01318	0.01982	0.02560	0.42870	0.01325	0.01431	0.14585	0.01719	0.12122	0.10703	0.01937	0.01636	0.00685	0.00612	0.00181	0.00624	0.00616	0.00458	0.00926

[dist]
# distance from previous block
# <min> <max>
0	2

[block]
# block no. 3 follows, 38 sequences, length 10
# corresponding to MSA columns:
# 2355-2364
name=unknown_D
#
# <colnr> <probs for GDERKNQSTAVLIFYWHMCP>
#	G	D	E	R	K	N	Q	S	T	A	V	L	I	F	Y	W	H	M	C	P
0	0.01275	0.01294	0.01792	0.67945	0.03858	0.10709	0.01607	0.01645	0.01266	0.01529	0.01052	0.01539	0.00799	0.00604	0.00594	0.00195	0.00837	0.00516	0.00273	0.00672
1	0.01374	0.01534	0.03270	0.14523	0.03304	0.01492	0.61514	0.01865	0.01385	0.01865	0.01193	0.01620	0.00895	0.00522	0.00693	0.00202	0.00980	0.00682	0.00298	0.00788
2	0.01136	0.01069	0.01804	0.77412	0.04143	0.01337	0.01671	0.01537	0.01203	0.01537	0.01069	0.01604	0.00802	0.00601	0.00601	0.00200	0.00802	0.00535	0.00267	0.00668
3	0.07472	0.01095	0.01697	0.65181	0.03700	0.01351	0.01533	0.01693	0.07246	0.01708	0.01166	0.01609	0.00876	0.00616	0.00585	0.00200	0.00749	0.00531	0.00304	0.00691
4	0.01186	0.02523	0.54432	0.23532	0.03047	0.01380	0.02064	0.01799	0.01251	0.01799	0.01077	0.01366	0.00774	0.00580	0.00580	0.00193	0.00864	0.00470	0.00258	0.00825
5	0.01136	0.01069	0.01804	0.77412	0.04143	0.01337	0.01671	0.01537	0.01203	0.01537	0.01069	0.01604	0.00802	0.00601	0.00601	0.00200	0.00802	0.00535	0.00267	0.00668
6	0.01136	0.01069	0.01804	0.77412	0.04143	0.01337	0.01671	0.01537	0.01203	0.01537	0.01069	0.01604	0.00802	0.00601	0.00601	0.00200	0.00802	0.00535	0.00267	0.00668
7	0.17995	0.01341	0.02038	0.02881	0.53827	0.01366	0.01522	0.01925	0.01331	0.08532	0.01181	0.01435	0.00939	0.00559	0.00552	0.00181	0.00647	0.00500	0.00352	0.00899
8	0.01336	0.01030	0.01230	0.00949	0.01419	0.00830	0.00770	0.01676	0.05044	0.07570	0.01504	0.02051	0.01306	0.00639	0.00514	0.00126	0.00466	0.09215	0.00424	0.61902
9	0.40919	0.01091	0.01094	0.00930	0.01305	0.01162	0.00754	0.02253	0.11118	0.24407	0.07967	0.01774	0.01500	0.00707	0.00504	0.00189	0.00465	0.00523	0.00541	0.00796

[dist]
# distance from previous block
# <min> <max>
0	16

[block]
# block no. 4 follows, 38 sequences, length 9
# corresponding to MSA columns:
# 2381-2389
name=unknown_E
#
# <colnr> <probs for GDERKNQSTAVLIFYWHMCP>
#	G	D	E	R	K	N	Q	S	T	A	V	L	I	F	Y	W	H	M	C	P
0	0.01927	0.02136	0.32367	0.01454	0.02101	0.01463	0.01536	0.28656	0.01947	0.18274	0.01491	0.01500	0.01014	0.00664	0.00590	0.00186	0.00724	0.00515	0.00488	0.00968
1	0.01377	0.01262	0.01886	0.02390	0.40840	0.01138	0.01319	0.01692	0.01313	0.01963	0.01103	0.01377	0.00924	0.00494	0.00526	0.00137	0.00589	0.00452	0.00325	0.38894
2	0.01413	0.24404	0.20980	0.01768	0.02388	0.04168	0.28719	0.01847	0.01333	0.01743	0.01310	0.01539	0.04568	0.00580	0.00577	0.00177	0.00843	0.00550	0.00291	0.00800
3	0.01272	0.15461	0.63963	0.01603	0.02432	0.01557	0.02029	0.01888	0.01262	0.01826	0.01040	0.01221	0.00764	0.00562	0.00541	0.00180	0.00849	0.00425	0.00255	0.00870
4	0.01121	0.00935	0.01112	0.00878	0.01290	0.00725	0.00675	0.01348	0.01224	0.01856	0.01622	0.20239	0.01650	0.00799	0.00525	0.00127	0.00422	0.00689	0.00406	0.62357
5	0.01421	0.43825	0.36911	0.01348	0.02037	0.01923	0.01584	0.01850	0.01245	0.01643	0.00949	0.01107	0.00767	0.00541	0.00472	0.00157	0.00758	0.00379	0.00256	0.00826
6	0.01283	0.00941	0.01016	0.00919	0.01211	0.00959	0.00713	0.02078	0.31071	0.11354	0.04134	0.03868	0.35754	0.01136	0.00657	0.00201	0.00401	0.00945	0.00604	0.00755
7	0.01402	0.01373	0.02369	0.02598	0.36114	0.01271	0.18999	0.01770	0.01347	0.01954	0.01135	0.01452	0.00925	0.00503	0.00580	0.00159	0.00711	0.00527	0.00316	0.24495
8	0.00921	0.00713	0.00861	0.00933	0.01043	0.00736	0.00655	0.01418	0.19073	0.01777	0.03102	0.59719	0.03452	0.01622	0.00730	0.00234	0.00380	0.01457	0.00572	0.00603

[dist]
# distance from previous block
# <min> <max>
7	13

[block]
# block no. 5 follows, 38 sequences, length 18
# corresponding to MSA columns:
# 2403-2420
name=unknown_F
#
# <colnr> <probs for GDERKNQSTAVLIFYWHMCP>
#	G	D	E	R	K	N	Q	S	T	A	V	L	I	F	Y	W	H	M	C	P
0	0.01588	0.17419	0.01743	0.01141	0.01540	0.01591	0.00945	0.12205	0.36262	0.04127	0.07265	0.01953	0.01707	0.00740	0.00558	0.00174	0.00520	0.00590	0.00524	0.07407
1	0.01472	0.51272	0.13968	0.01107	0.01683	0.01901	0.01148	0.01758	0.01235	0.01604	0.00922	0.01071	0.00795	0.00509	0.00427	0.00130	0.00640	0.00348	0.00277	0.17733
2	0.02344	0.01440	0.01421	0.01181	0.01570	0.17938	0.00934	0.04454	0.07472	0.45688	0.02101	0.07536	0.01530	0.00807	0.00604	0.00185	0.00630	0.00643	0.00619	0.00905
3	0.01368	0.01306	0.02223	0.29020	0.50725	0.01397	0.01786	0.01740	0.01312	0.01818	0.01110	0.01528	0.00901	0.00558	0.00598	0.00186	0.00745	0.00536	0.00287	0.00855
4	0.02030	0.02444	0.01830	0.01968	0.17014	0.54919	0.01287	0.02350	0.07405	0.01658	0.01093	0.01261	0.00896	0.00618	0.00559	0.00164	0.00960	0.00442	0.00332	0.00771
5	0.18483	0.01400	0.02054	0.02855	0.52273	0.01458	0.01527	0.09138	0.01448	0.02305	0.01103	0.01378	0.00898	0.00560	0.00550	0.00180	0.00658	0.00493	0.00344	0.00898
6	0.01818	0.01335	0.01473	0.01207	0.01561	0.01447	0.00963	0.50746	0.02366	0.03182	0.09354	0.17717	0.02113	0.01015	0.00647	0.00195	0.00558	0.00840	0.00599	0.00866
7	0.00875	0.00583	0.00656	0.00656	0.00656	0.00583	0.00365	0.00875	0.00875	0.01166	0.01895	0.03937	0.02187	0.78858	0.03062	0.00583	0.00583	0.00875	0.00365	0.00365
8	0.01028	0.00644	0.00778	0.00739	0.00852	0.00620	0.00504	0.01136	0.01151	0.09036	0.10422	0.03942	0.15528	0.39393	0.11246	0.00480	0.00621	0.00913	0.00465	0.00501
9	0.01247	0.01069	0.01247	0.00891	0.01426	0.00802	0.00713	0.01515	0.01247	0.01960	0.01069	0.01247	0.00891	0.00446	0.00446	0.00089	0.00446	0.00356	0.00356	0.82536
10	0.00954	0.00784	0.01148	0.01094	0.01179	0.00978	0.00869	0.01152	0.00957	0.01407	0.01441	0.02146	0.01356	0.03795	0.61037	0.00821	0.17390	0.00620	0.00310	0.00562
11	0.00730	0.00610	0.00636	0.00630	0.00824	0.00516	0.00472	0.00900	0.01416	0.01732	0.15461	0.05613	0.65428	0.01483	0.00711	0.00201	0.00302	0.01245	0.00573	0.00516
12	0.01316	0.01316	0.01843	0.01579	0.01579	0.01843	0.01316	0.01448	0.00921	0.01448	0.00790	0.01316	0.00790	0.01053	0.01974	0.00263	0.77757	0.00526	0.00263	0.00658
13	0.00851	0.00615	0.00804	0.00757	0.00899	0.00568	0.00568	0.01135	0.01703	0.02412	0.74788	0.04494	0.05676	0.01230	0.00710	0.00189	0.00284	0.01088	0.00662	0.00568
14	0.01016	0.01774	0.35591	0.01201	0.01690	0.00953	0.01336	0.01493	0.01502	0.02177	0.40572	0.02997	0.03395	0.00924	0.00645	0.00190	0.00565	0.00789	0.00473	0.00717
15	0.01956	0.02304	0.01907	0.02189	0.24527	0.47612	0.01359	0.02289	0.06999	0.01703	0.01106	0.01297	0.00909	0.00609	0.00564	0.00166	0.00925	0.00455	0.00329	0.00796
16	0.01489	0.01429	0.02442	0.03692	0.75106	0.01429	0.01846	0.01846	0.01370	0.01965	0.01132	0.01489	0.00953	0.00536	0.00596	0.00179	0.00715	0.00536	0.00298	0.00953
17	0.01127	0.00961	0.06718	0.00808	0.01027	0.06301	0.00695	0.01418	0.01366	0.02069	0.10104	0.03142	0.09452	0.00922	0.00544	0.00171	0.00420	0.07896	0.44268	0.00592

[dist]
# distance from previous block
# <min> <max>
0	1

[block]
# block no. 6 follows, 38 sequences, length 8
# corresponding to MSA columns:
# 2422-2429
name=unknown_G
#
# <colnr> <probs for GDERKNQSTAVLIFYWHMCP>
#	G	D	E	R	K	N	Q	S	T	A	V	L	I	F	Y	W	H	M	C	P
0	0.01241	0.09644	0.69511	0.01656	0.02513	0.01481	0.02120	0.01896	0.01266	0.01863	0.01059	0.01244	0.00763	0.00567	0.00556	0.00185	0.00868	0.00434	0.00254	0.00879
1	0.00728	0.00544	0.00677	0.00784	0.00858	0.00493	0.00535	0.00844	0.01204	0.01557	0.03971	0.61317	0.20705	0.01799	0.00754	0.00235	0.00339	0.01606	0.00558	0.00493
2	0.83108	0.01163	0.00884	0.00791	0.01163	0.01350	0.00651	0.01768	0.01024	0.02699	0.00838	0.00977	0.00651	0.00558	0.00372	0.00186	0.00465	0.00326	0.00372	0.00651
3	0.02345	0.00934	0.01270	0.01028	0.01416	0.00813	0.00825	0.02554	0.01619	0.62187	0.02543	0.15821	0.01938	0.00950	0.00634	0.00197	0.00483	0.00804	0.00711	0.00927
4	0.01110	0.00808	0.00985	0.00870	0.01073	0.00802	0.00671	0.14106	0.01906	0.02661	0.61569	0.03944	0.04837	0.01138	0.00690	0.00188	0.00352	0.00989	0.00651	0.00650
5	0.01121	0.00561	0.00561	0.00561	0.00701	0.00561	0.00421	0.01402	0.01262	0.02243	0.01962	0.02243	0.01542	0.00701	0.00421	0.00140	0.00280	0.00561	0.82198	0.00561
6	0.01334	0.01130	0.01216	0.01104	0.01400	0.01271	0.00854	0.02688	0.56726	0.02445	0.15701	0.02858	0.06809	0.00932	0.00635	0.00201	0.00431	0.00788	0.00618	0.00857
7	0.00711	0.00609	0.00609	0.00609	0.00813	0.00508	0.00457	0.00863	0.01371	0.01625	0.06094	0.05789	0.74862	0.01524	0.00711	0.00203	0.00305	0.01270	0.00559	0.00508

[dist]
# distance from previous block
# <min> <max>
7	30

[block]
# block no. 7 follows, 38 sequences, length 7
# corresponding to MSA columns:
# 2460-2466
name=unknown_H
#
# <colnr> <probs for GDERKNQSTAVLIFYWHMCP>
#	G	D	E	R	K	N	Q	S	T	A	V	L	I	F	Y	W	H	M	C	P
0	0.00867	0.00720	0.01182	0.01098	0.01247	0.00672	0.12316	0.01072	0.01301	0.01767	0.16674	0.51804	0.03806	0.01535	0.00747	0.00227	0.00445	0.01428	0.00537	0.00556
1	0.16820	0.00890	0.00968	0.00892	0.01118	0.00940	0.00684	0.09380	0.08723	0.02488	0.33764	0.15278	0.03544	0.01111	0.00633	0.00198	0.00390	0.00942	0.00578	0.00659
2	0.17031	0.01220	0.01756	0.40444	0.17597	0.01410	0.01459	0.08684	0.01362	0.02068	0.01074	0.01445	0.00825	0.00592	0.00556	0.00191	0.00706	0.00496	0.00326	0.00757
3	0.40062	0.01125	0.01322	0.24221	0.08094	0.01298	0.01070	0.04744	0.01251	0.02307	0.08234	0.01575	0.01232	0.00643	0.00503	0.00190	0.00578	0.00490	0.00373	0.00689
4	0.01342	0.24927	0.08340	0.36170	0.14760	0.01672	0.01550	0.01697	0.01241	0.01600	0.01010	0.01365	0.00814	0.00562	0.00533	0.00174	0.00747	0.00463	0.00268	0.00764
5	0.01413	0.01341	0.02265	0.25993	0.53287	0.01417	0.01801	0.01773	0.01339	0.01864	0.01145	0.01567	0.00938	0.00578	0.00611	0.00191	0.00751	0.00546	0.00300	0.00882
6	0.34741	0.01933	0.29767	0.01239	0.01831	0.01330	0.01328	0.05094	0.01330	0.14296	0.01240	0.01330	0.00878	0.00622	0.00511	0.00193	0.00655	0.00437	0.00408	0.00836

[dist]
# distance from previous block
# <min> <max>
8	18

[block]
# block no. 8 follows, 38 sequences, length 64
# corresponding to MSA columns:
# 2485-2548
name=unknown_I
#
# <colnr> <probs for GDERKNQSTAVLIFYWHMCP>
#	G	D	E	R	K	N	Q	S	T	A	V	L	I	F	Y	W	H	M	C	P
0	0.01527	0.12640	0.49100	0.01561	0.02306	0.01642	0.01823	0.18301	0.01635	0.02293	0.01151	0.01298	0.00842	0.00612	0.00563	0.00184	0.00810	0.00457	0.00341	0.00914
1	0.22613	0.01540	0.01557	0.01236	0.01682	0.01720	0.01014	0.50518	0.06865	0.03447	0.01373	0.01403	0.00999	0.00699	0.00553	0.00187	0.00607	0.00502	0.00550	0.00934
2	0.01507	0.01442	0.02451	0.03697	0.74890	0.01439	0.01851	0.01858	0.01381	0.01982	0.01151	0.01515	0.00971	0.00549	0.00604	0.00182	0.00721	0.00542	0.00305	0.00962
3	0.02062	0.00893	0.01200	0.00972	0.01324	0.00784	0.00780	0.02306	0.01726	0.49506	0.27947	0.02935	0.02983	0.00928	0.00650	0.00191	0.00438	0.00781	0.00721	0.00872
4	0.00754	0.00539	0.00713	0.00851	0.00888	0.00501	0.00567	0.00853	0.01164	0.01554	0.03328	0.78252	0.03988	0.01894	0.00775	0.00248	0.00356	0.01713	0.00564	0.00499
5	0.01267	0.01083	0.01260	0.00904	0.01439	0.00813	0.00721	0.01528	0.01259	0.01977	0.01089	0.01274	0.00909	0.00459	0.00454	0.00093	0.00452	0.00363	0.00363	0.82291
6	0.02328	0.01230	0.01478	0.01177	0.01613	0.01233	0.00956	0.18393	0.17160	0.42534	0.03845	0.02036	0.01571	0.00778	0.00616	0.00192	0.00539	0.00624	0.00689	0.01007
7	0.02303	0.01696	0.01817	0.01396	0.01878	0.01874	0.01150	0.72890	0.02835	0.03803	0.01463	0.01471	0.01041	0.00735	0.00610	0.00184	0.00668	0.00548	0.00608	0.01032
8	0.14613	0.01716	0.07338	0.01326	0.01819	0.01749	0.01153	0.54755	0.04187	0.03459	0.01366	0.01405	0.00984	0.00700	0.00573	0.00186	0.00651	0.00510	0.00546	0.00963
9	0.00891	0.00616	0.00762	0.00761	0.00795	0.00645	0.00488	0.00948	0.00915	0.01253	0.01829	0.03494	0.02001	0.56821	0.24595	0.00698	0.00891	0.00812	0.00359	0.00426
10	0.00939	0.00674	0.00913	0.00971	0.01113	0.00651	0.00806	0.01213	0.01532	0.02078	0.33645	0.05821	0.04414	0.01488	0.00787	0.00243	0.00446	0.41091	0.00606	0.00570
11	0.00780	0.00559	0.00736	0.00833	0.00894	0.00518	0.00569	0.00918	0.01285	0.01747	0.19053	0.61978	0.04361	0.01749	0.00763	0.00236	0.00342	0.01576	0.00587	0.00517
12	0.01493	0.01569	0.03074	0.02227	0.02799	0.01497	0.56124	0.07030	0.07549	0.02127	0.01343	0.01659	0.01014	0.00556	0.00682	0.00196	0.00906	0.00674	0.00362	0.07119
13	0.82872	0.01176	0.00898	0.00805	0.01178	0.01359	0.00660	0.01781	0.01036	0.02714	0.00858	0.01005	0.00671	0.00571	0.00381	0.00190	0.00472	0.00332	0.00379	0.00662
14	0.01353	0.01134	0.01307	0.00945	0.01476	0.00902	0.00757	0.07475	0.01391	0.02129	0.01120	0.01291	0.00920	0.00482	0.00467	0.00101	0.00470	0.00378	0.00383	0.75519
15	0.01111	0.00683	0.00895	0.00811	0.00996	0.00621	0.00617	0.01382	0.01716	0.11889	0.65207	0.04194	0.05138	0.01178	0.00704	0.00192	0.00321	0.01030	0.00678	0.00637
16	0.00840	0.00628	0.00774	0.00737	0.00894	0.00566	0.00551	0.01087	0.01637	0.02247	0.58757	0.04809	0.21614	0.01308	0.00718	0.00196	0.00296	0.01134	0.00644	0.00564
17	0.01575	0.01335	0.01407	0.01249	0.01601	0.01534	0.00974	0.08568	0.68342	0.02630	0.02387	0.02207	0.01789	0.00821	0.00619	0.00206	0.00497	0.00675	0.00617	0.00967
18	0.01226	0.03119	0.75523	0.01725	0.02614	0.01407	0.02226	0.01917	0.01282	0.01922	0.01099	0.01297	0.00781	0.00585	0.00580	0.00194	0.00894	0.00451	0.00261	0.00898
19	0.02186	0.01639	0.01751	0.01372	0.01833	0.01819	0.01122	0.62598	0.13317	0.03615	0.01610	0.01588	0.01161	0.00748	0.00611	0.00188	0.00641	0.00568	0.00609	0.01021
20	0.08526	0.01794	0.01703	0.01355	0.01801	0.13223	0.01098	0.51898	0.02451	0.08127	0.01399	0.01420	0.01005	0.00708	0.00583	0.00181	0.00708	0.00512	0.00555	0.00953
21	0.01022	0.00836	0.01095	0.00991	0.01115	0.00935	0.00774	0.01358	0.06337	0.02213	0.52730	0.03629	0.04299	0.01173	0.01002	0.00211	0.18147	0.00936	0.00573	0.00624
22	0.01268	0.00918	0.01146	0.01142	0.01354	0.00952	0.00962	0.17773	0.01732	0.02296	0.07317	0.10616	0.03088	0.01444	0.00773	0.00250	0.00553	0.45169	0.00578	0.00668
23	0.82872	0.01176	0.00898	0.00805	0.01178	0.01359	0.00660	0.01781	0.01036	0.02714	0.00858	0.01005	0.00671	0.00571	0.00381	0.00190	0.00472	0.00332	0.00379	0.00662
24	0.01296	0.01275	0.01845	0.18014	0.02148	0.01741	0.01399	0.01480	0.00995	0.01486	0.00870	0.01405	0.00811	0.00967	0.01681	0.00253	0.60857	0.00534	0.00271	0.00670
25	0.00754	0.00539	0.00713	0.00851	0.00888	0.00501	0.00567	0.00853	0.01164	0.01554	0.03328	0.78252	0.03988	0.01894	0.00775	0.00248	0.00356	0.01713	0.00564	0.00499
26	0.00845	0.00609	0.00794	0.00789	0.00908	0.00562	0.00574	0.01081	0.01586	0.02226	0.58117	0.21547	0.05289	0.01392	0.00731	0.00205	0.00306	0.01236	0.00644	0.00560
27	0.01141	0.00576	0.00576	0.00575	0.00717	0.00573	0.00430	0.01415	0.01273	0.02259	0.01979	0.02267	0.01558	0.00713	0.00429	0.00144	0.00288	0.00567	0.81950	0.00571
28	0.01141	0.00576	0.00576	0.00575	0.00717	0.00573	0.00430	0.01415	0.01273	0.02259	0.01979	0.02267	0.01558	0.00713	0.00429	0.00144	0.00288	0.00567	0.81950	0.00571
29	0.00754	0.00539	0.00713	0.00851	0.00888	0.00501	0.00567	0.00853	0.01164	0.01554	0.03328	0.78252	0.03988	0.01894	0.00775	0.00248	0.00356	0.01713	0.00564	0.00499
30	0.01141	0.00576	0.00576	0.00575	0.00717	0.00573	0.00430	0.01415	0.01273	0.02259	0.01979	0.02267	0.01558	0.00713	0.00429	0.00144	0.00288	0.00567	0.81950	0.00571
31	0.64058	0.01282	0.01512	0.01206	0.01634	0.01399	0.17305	0.01817	0.01128	0.02536	0.00945	0.01154	0.00731	0.00560	0.00459	0.00194	0.00598	0.00421	0.00363	0.00698
32	0.01507	0.01442	0.02451	0.03697	0.74890	0.01439	0.01851	0.01858	0.01381	0.01982	0.01151	0.01515	0.00971	0.00549	0.00604	0.00182	0.00721	0.00542	0.00305	0.00962
33	0.01065	0.00538	0.00798	0.00797	0.00799	0.00535	0.00531	0.00799	0.00797	0.01065	0.01064	0.01854	0.01063	0.02098	0.02354	0.82245	0.00529	0.00529	0.00268	0.00272
34	0.02714	0.01037	0.01409	0.01083	0.01549	0.00895	0.00892	0.02940	0.01732	0.75310	0.02389	0.02072	0.01506	0.00757	0.00613	0.00190	0.00518	0.00611	0.00750	0.01033
35	0.02289	0.02122	0.01780	0.01455	0.01876	0.28702	0.01157	0.47458	0.02431	0.02968	0.01277	0.01341	0.00952	0.00698	0.00589	0.00175	0.00820	0.00492	0.00503	0.00915
36	0.00880	0.00659	0.00981	0.00980	0.01089	0.00763	0.00760	0.01089	0.00980	0.01415	0.01629	0.02387	0.01520	0.04512	0.76246	0.00968	0.01614	0.00650	0.00329	0.00548
37	0.01237	0.01166	0.01962	0.60209	0.20492	0.01368	0.01717	0.01621	0.01253	0.01654	0.01103	0.01603	0.00855	0.00599	0.00608	0.00199	0.00787	0.00541	0.00281	0.00744
38	0.02051	0.02443	0.01754	0.01557	0.01808	0.54340	0.01204	0.06646	0.01606	0.01631	0.00950	0.01188	0.00813	0.00739	0.00884	0.00185	0.18722	0.00436	0.00324	0.00719
39	0.00904	0.00646	0.00886	0.01023	0.01126	0.00631	0.00829	0.01113	0.01312	0.01723	0.03245	0.32581	0.03658	0.01752	0.00816	0.00268	0.00487	0.45897	0.00561	0.00541
40	0.82872	0.01176	0.00898	0.00805	0.01178	0.01359	0.00660	0.01781	0.01036	0.02714	0.00858	0.01005	0.00671	0.00571	0.00381	0.00190	0.00472	0.00332	0.00379	0.00662
41	0.01626	0.78990	0.03159	0.01042	0.01557	0.02387	0.01037	0.01814	0.01234	0.01434	0.00856	0.00993	0.00791	0.00528	0.00395	0.00132	0.00649	0.00328	0.00264	0.00782
42	0.00754	0.00539	0.00713	0.00851	0.00888	0.00501	0.00567	0.00853	0.01164	0.01554	0.03328	0.78252	0.03988	0.01894	0.00775	0.00248	0.00356	0.01713	0.00564	0.00499
43	0.00892	0.00612	0.00743	0.00742	0.00768	0.00634	0.00463	0.00936	0.00909	0.01239	0.01847	0.03593	0.02044	0.61504	0.19971	0.00674	0.00826	0.00827	0.00361	0.00415
44	0.82872	0.01176	0.00898	0.00805	0.01178	0.01359	0.00660	0.01781	0.01036	0.02714	0.00858	0.01005	0.00671	0.00571	0.00381	0.00190	0.00472	0.00332	0.00379	0.00662
45	0.01267	0.01083	0.01260	0.00904	0.01439	0.00813	0.00721	0.01528	0.01259	0.01977	0.01089	0.01274	0.00909	0.00459	0.00454	0.00093	0.00452	0.00363	0.00363	0.82291
46	0.00893	0.00607	0.00716	0.00716	0.00733	0.00620	0.00431	0.00919	0.00901	0.01220	0.01871	0.03725	0.02102	0.67768	0.13786	0.00642	0.00740	0.00846	0.00365	0.00401
47	0.00880	0.00659	0.00981	0.00980	0.01089	0.00763	0.00760	0.01089	0.00980	0.01415	0.01629	0.02387	0.01520	0.04512	0.76246	0.00968	0.01614	0.00650	0.00329	0.00548
48	0.01333	0.01202	0.01291	0.00948	0.01468	0.05838	0.00751	0.01587	0.01290	0.01945	0.01079	0.01264	0.00902	0.00470	0.00461	0.00097	0.00495	0.00365	0.00360	0.76855
49	0.01727	0.01477	0.02952	0.02146	0.02683	0.01404	0.51603	0.02140	0.01469	0.18864	0.01475	0.01727	0.01056	0.00609	0.00773	0.00206	0.05738	0.00680	0.00410	0.00860
50	0.01499	0.54825	0.26207	0.01260	0.01894	0.02075	0.01416	0.01847	0.01249	0.01590	0.00934	0.01090	0.00788	0.00546	0.00454	0.00152	0.00728	0.00367	0.00263	0.00819
51	0.00880	0.00659	0.00981	0.00980	0.01089	0.00763	0.00760	0.01089	0.00980	0.01415	0.01629	0.02387	0.01520	0.04512	0.76246	0.00968	0.01614	0.00650	0.00329	0.00548
52	0.02525	0.00987	0.01331	0.01033	0.01473	0.00852	0.00849	0.02754	0.01699	0.68943	0.04514	0.02348	0.06221	0.00806	0.00614	0.00187	0.00493	0.00660	0.00731	0.00979
53	0.02672	0.01068	0.01423	0.01091	0.01558	0.00949	0.00901	0.07593	0.01795	0.70758	0.02312	0.02007	0.01458	0.00743	0.00605	0.00186	0.00522	0.00601	0.00735	0.01024
54	0.01495	0.01324	0.01609	0.01793	0.18502	0.01481	0.01158	0.02886	0.57287	0.02390	0.02145	0.02070	0.01633	0.00752	0.00608	0.00198	0.00531	0.00647	0.00540	0.00952
55	0.00733	0.00524	0.00698	0.00838	0.00873	0.00489	0.00558	0.00838	0.01152	0.01536	0.03316	0.78466	0.03979	0.01885	0.00768	0.00244	0.00349	0.01710	0.00558	0.00489
56	0.01316	0.01110	0.01284	0.00924	0.01455	0.00873	0.00741	0.06270	0.01352	0.02082	0.01094	0.01261	0.00900	0.00464	0.00456	0.00095	0.00460	0.00369	0.00373	0.77122
57	0.01489	0.01429	0.02442	0.03692	0.75106	0.01429	0.01846	0.01846	0.01370	0.01965	0.01132	0.01489	0.00953	0.00536	0.00596	0.00179	0.00715	0.00536	0.00298	0.00953
58	0.02247	0.02867	0.01705	0.01550	0.01860	0.76443	0.01162	0.02402	0.01705	0.01472	0.00930	0.01085	0.00775	0.00620	0.00542	0.00155	0.01085	0.00387	0.00310	0.00697
59	0.01275	0.01184	0.01764	0.01268	0.01808	0.00960	0.17340	0.01593	0.01285	0.01942	0.01157	0.03188	0.00970	0.00494	0.00514	0.00119	0.00574	0.00470	0.00349	0.61743
60	0.01247	0.01069	0.01247	0.00891	0.01426	0.00802	0.00713	0.01515	0.01247	0.01960	0.01069	0.01247	0.00891	0.00446	0.00446	0.00089	0.00446	0.00356	0.00356	0.82536
61	0.01322	0.01196	0.01781	0.01274	0.01824	0.00970	0.17348	0.01644	0.01299	0.03743	0.01135	0.01353	0.00911	0.00467	0.00510	0.00118	0.00578	0.00444	0.00354	0.61730
62	0.01332	0.01234	0.02056	0.03023	0.58012	0.01224	0.01551	0.01658	0.01401	0.01995	0.12158	0.08327	0.01900	0.00750	0.00627	0.00186	0.00621	0.00715	0.00373	0.00858
63	0.01211	0.01146	0.01940	0.61747	0.19223	0.01356	0.01708	0.01603	0.01238	0.01628	0.01082	0.01579	0.00834	0.00588	0.00600	0.00196	0.00783	0.00535	0.00274	0.00729

[dist]
# distance from previous block
# <min> <max>
0	87

[block]
# block no. 9 follows, 38 sequences, length 6
# corresponding to MSA columns:
# 2636-2641
name=unknown_J
#
# <colnr> <probs for GDERKNQSTAVLIFYWHMCP>
#	G	D	E	R	K	N	Q	S	T	A	V	L	I	F	Y	W	H	M	C	P
0	0.02209	0.01642	0.14786	0.01304	0.01842	0.01356	0.01217	0.26980	0.06949	0.32674	0.01827	0.01714	0.01222	0.00711	0.00598	0.00186	0.00628	0.00560	0.00599	0.00995
1	0.16528	0.01237	0.01313	0.01088	0.01499	0.01302	0.00877	0.13311	0.25716	0.11292	0.01772	0.01847	0.01342	0.00710	0.00544	0.00177	0.00504	0.02961	0.00535	0.15445
2	0.01265	0.16306	0.49368	0.15348	0.02695	0.01561	0.01910	0.01820	0.01249	0.01751	0.01034	0.01276	0.00771	0.00567	0.00544	0.00181	0.00829	0.00439	0.00257	0.00828
3	0.01082	0.01233	0.14586	0.01184	0.01482	0.00961	0.01100	0.01727	0.18203	0.01926	0.02661	0.20927	0.02710	0.01317	0.00719	0.00237	0.00550	0.26187	0.00514	0.00693
4	0.01313	0.02167	0.32723	0.02015	0.02730	0.01389	0.35945	0.01872	0.01339	0.01922	0.01144	0.01437	0.00849	0.00526	0.00624	0.00185	0.00899	0.00562	0.00290	0.10069
5	0.21794	0.01362	0.01422	0.09787	0.01827	0.05768	0.01057	0.27824	0.01807	0.02691	0.01516	0.02293	0.01327	0.00845	0.00631	0.00203	0.03310	0.13292	0.00470	0.00775

[dist]
# distance from previous block
# <min> <max>
0	5

[block]
# block no. 10 follows, 38 sequences, length 7
# corresponding to MSA columns:
# 2647-2653
name=unknown_K
#
# <colnr> <probs for GDERKNQSTAVLIFYWHMCP>
#	G	D	E	R	K	N	Q	S	T	A	V	L	I	F	Y	W	H	M	C	P
0	0.01608	0.30225	0.02296	0.01372	0.01622	0.16795	0.01180	0.01766	0.01187	0.01441	0.00835	0.01141	0.00780	0.00770	0.01108	0.00192	0.34281	0.00424	0.00270	0.00708
1	0.01326	0.01288	0.02316	0.02899	0.46190	0.01261	0.15649	0.01663	0.01337	0.01873	0.01580	0.16741	0.01543	0.00797	0.00652	0.00196	0.00702	0.00803	0.00351	0.00833
2	0.01730	0.07304	0.02601	0.01847	0.02299	0.01763	0.29558	0.27564	0.01830	0.02482	0.01199	0.01458	0.00921	0.00678	0.00861	0.00200	0.13856	0.00589	0.00401	0.00859
3	0.01864	0.01656	0.16550	0.01534	0.02079	0.01299	0.15424	0.14300	0.07058	0.23950	0.03809	0.04766	0.01393	0.00723	0.00628	0.00193	0.00696	0.00645	0.00517	0.00916
4	0.01915	0.01773	0.02025	0.01591	0.02042	0.14316	0.15290	0.30642	0.16383	0.02712	0.01497	0.01570	0.01115	0.00671	0.00610	0.00182	0.00759	0.00570	0.00487	0.03852
5	0.01962	0.26002	0.02467	0.01502	0.01961	0.25846	0.15267	0.02211	0.01502	0.14085	0.01202	0.01317	0.00922	0.00586	0.00538	0.00162	0.00837	0.00468	0.00366	0.00798
6	0.37683	0.01085	0.01173	0.00949	0.01374	0.01087	0.00783	0.02426	0.01418	0.43839	0.01705	0.01582	0.01125	0.00664	0.00504	0.00186	0.00492	0.00483	0.00583	0.00862

[dist]
# distance from previous block
# <min> <max>
5	45

[block]
# block no. 11 follows, 38 sequences, length 12
# corresponding to MSA columns:
# 2699-2710
name=unknown_L
#
# <colnr> <probs for GDERKNQSTAVLIFYWHMCP>
#	G	D	E	R	K	N	Q	S	T	A	V	L	I	F	Y	W	H	M	C	P
0	0.00733	0.00524	0.00698	0.00838	0.00873	0.00489	0.00558	0.00838	0.01152	0.01536	0.03316	0.78466	0.03979	0.01885	0.00768	0.00244	0.00349	0.01710	0.00558	0.00489
1	0.02305	0.01099	0.01379	0.01103	0.01538	0.01046	0.00894	0.02936	0.21247	0.52295	0.02332	0.02063	0.01555	0.00750	0.00599	0.00186	0.00499	0.00614	0.00690	0.04869
2	0.02561	0.01134	0.01451	0.01124	0.01583	0.01062	0.00925	0.12697	0.06727	0.60659	0.02249	0.01977	0.01448	0.00746	0.00605	0.00187	0.00530	0.00601	0.00716	0.01019
3	0.01316	0.01316	0.01843	0.01579	0.01579	0.01843	0.01316	0.01448	0.00921	0.01448	0.00790	0.01316	0.00790	0.01053	0.01974	0.00263	0.77757	0.00526	0.00263	0.00658
4	0.01247	0.01069	0.01247	0.00891	0.01426	0.00802	0.00713	0.01515	0.01247	0.01960	0.01069	0.01247	0.00891	0.00446	0.00446	0.00089	0.00446	0.00356	0.00356	0.82536
5	0.01136	0.01069	0.01804	0.77412	0.04143	0.01337	0.01671	0.01537	0.01203	0.01537	0.01069	0.01604	0.00802	0.00601	0.00601	0.00200	0.00802	0.00535	0.00267	0.00668
6	0.00873	0.00590	0.00689	0.00689	0.00701	0.00601	0.00406	0.00896	0.00885	0.01191	0.01865	0.03770	0.02114	0.70957	0.10864	0.00624	0.00692	0.00850	0.00360	0.00383
7	0.01489	0.01429	0.02442	0.03692	0.75106	0.01429	0.01846	0.01846	0.01370	0.01965	0.01132	0.01489	0.00953	0.00536	0.00596	0.00179	0.00715	0.00536	0.00298	0.00953
8	0.01136	0.01069	0.01804	0.77412	0.04143	0.01337	0.01671	0.01537	0.01203	0.01537	0.01069	0.01604	0.00802	0.00601	0.00601	0.00200	0.00802	0.00535	0.00267	0.00668
9	0.01136	0.01069	0.01804	0.77412	0.04143	0.01337	0.01671	0.01537	0.01203	0.01537	0.01069	0.01604	0.00802	0.00601	0.00601	0.00200	0.00802	0.00535	0.00267	0.00668
10	0.01415	0.01481	0.01828	0.01576	0.01609	0.09771	0.01300	0.01549	0.01005	0.01450	0.00805	0.01292	0.00788	0.01007	0.01822	0.00252	0.69609	0.00512	0.00268	0.00662
11	0.01185	0.01119	0.01893	0.67171	0.14001	0.01349	0.01695	0.01580	0.01226	0.01597	0.01078	0.01588	0.00823	0.00592	0.00601	0.00197	0.00790	0.00535	0.00272	0.00708

[dist]
# distance from previous block
# <min> <max>
11	29

[block]
# block no. 12 follows, 38 sequences, length 8
# corresponding to MSA columns:
# 2742-2749
name=unknown_M
#
# <colnr> <probs for GDERKNQSTAVLIFYWHMCP>
#	G	D	E	R	K	N	Q	S	T	A	V	L	I	F	Y	W	H	M	C	P
0	0.07889	0.01723	0.01494	0.01236	0.01607	0.20151	0.00980	0.34573	0.02090	0.07379	0.01411	0.01537	0.01066	0.03030	0.00621	0.00182	0.00692	0.00504	0.10998	0.00836
1	0.11995	0.05980	0.42446	0.01619	0.06783	0.01538	0.01713	0.16991	0.01573	0.02389	0.01118	0.01269	0.00816	0.00597	0.00545	0.00184	0.00764	0.00450	0.00346	0.00886
2	0.01410	0.01335	0.02259	0.03394	0.67340	0.01331	0.01711	0.01741	0.01347	0.01920	0.01360	0.09542	0.01269	0.00677	0.00614	0.00186	0.00676	0.00659	0.00325	0.00904
3	0.01853	0.01286	0.01425	0.01212	0.01597	0.01414	0.00962	0.12121	0.49527	0.18176	0.02304	0.02100	0.01658	0.00789	0.00609	0.00197	0.00508	0.00646	0.00639	0.00976
4	0.01646	0.01082	0.01287	0.00997	0.01413	0.00987	0.00802	0.16885	0.01782	0.16303	0.19090	0.02219	0.02180	0.00749	0.00572	0.00151	0.00465	0.00618	0.00555	0.30217
5	0.01095	0.00819	0.00982	0.01000	0.01153	0.00851	0.00742	0.12307	0.10796	0.02037	0.02903	0.49318	0.03194	0.01545	0.00729	0.00233	0.00435	0.08653	0.00572	0.00637
6	0.01532	0.62632	0.02748	0.01000	0.01519	0.02045	0.00962	0.01741	0.01228	0.01531	0.00886	0.01025	0.00797	0.00500	0.00399	0.00120	0.00601	0.00329	0.00278	0.18127
7	0.01881	0.01394	0.01503	0.01196	0.01567	0.01520	0.00945	0.49259	0.07976	0.03057	0.01604	0.02028	0.01329	0.17303	0.01118	0.00264	0.00622	0.00616	0.00542	0.04276

[dist]
# distance from previous block
# <min> <max>
7	9

[block]
# block no. 13 follows, 38 sequences, length 7
# corresponding to MSA columns:
# 2759-2765
name=unknown_N
#
# <colnr> <probs for GDERKNQSTAVLIFYWHMCP>
#	G	D	E	R	K	N	Q	S	T	A	V	L	I	F	Y	W	H	M	C	P
0	0.33539	0.00881	0.00914	0.00843	0.01107	0.00913	0.00653	0.01629	0.01316	0.14981	0.17217	0.19159	0.02595	0.01027	0.00572	0.00200	0.00409	0.00843	0.00539	0.00662
1	0.66100	0.01273	0.01078	0.00916	0.01311	0.01458	0.00755	0.16779	0.01404	0.02929	0.00965	0.01076	0.00730	0.00593	0.00421	0.00185	0.00507	0.00371	0.00421	0.00730
2	0.01480	0.01211	0.01371	0.01014	0.01526	0.01065	0.00817	0.16673	0.05679	0.02377	0.01226	0.01345	0.00972	0.00525	0.00488	0.00115	0.00493	0.00414	0.00422	0.60788
3	0.01122	0.02551	0.59054	0.01544	0.02252	0.01213	0.01889	0.01704	0.01265	0.01847	0.01566	0.12002	0.01432	0.00844	0.00621	0.00205	0.00787	0.06975	0.00321	0.00806
4	0.01320	0.00840	0.01319	0.01123	0.01384	0.00759	0.11225	0.01558	0.01438	0.18274	0.17734	0.31029	0.03189	0.01224	0.00696	0.00206	0.00473	0.01123	0.00575	0.04510
5	0.30469	0.02085	0.32962	0.01568	0.02210	0.01408	0.17406	0.01861	0.01216	0.02193	0.01024	0.01244	0.00756	0.00553	0.00531	0.00192	0.00766	0.00461	0.00307	0.00787
6	0.00750	0.00537	0.00714	0.00826	0.00876	0.00500	0.00560	0.00881	0.01232	0.01664	0.13771	0.67645	0.04227	0.01789	0.00759	0.00236	0.00339	0.01619	0.00574	0.00500

[dist]
# distance from previous block
# <min> <max>
0	1

[block]
# block no. 14 follows, 38 sequences, length 44
# corresponding to MSA columns:
# 2767-2810
name=unknown_O
#
# <colnr> <probs for GDERKNQSTAVLIFYWHMCP>
#	G	D	E	R	K	N	Q	S	T	A	V	L	I	F	Y	W	H	M	C	P
0	0.01416	0.01612	0.03490	0.02502	0.03089	0.01533	0.70423	0.01910	0.01402	0.01910	0.01202	0.01612	0.00908	0.00526	0.00754	0.00205	0.03692	0.00704	0.00303	0.00806
1	0.00716	0.00590	0.00629	0.00661	0.00826	0.00504	0.00480	0.00858	0.01322	0.01605	0.05472	0.22057	0.58995	0.01604	0.00724	0.00212	0.00315	0.01368	0.00559	0.00504
2	0.01247	0.01069	0.01247	0.00891	0.01426	0.00802	0.00713	0.01515	0.01247	0.01960	0.01069	0.01247	0.00891	0.00446	0.00446	0.00089	0.00446	0.00356	0.00356	0.82536
3	0.01205	0.02582	0.54679	0.01796	0.02552	0.01339	0.15997	0.01812	0.01289	0.01876	0.01311	0.08378	0.01085	0.00679	0.00617	0.00198	0.00864	0.00612	0.00292	0.00837
4	0.00775	0.00554	0.00744	0.00866	0.00925	0.00523	0.00614	0.00919	0.01233	0.01651	0.09815	0.62212	0.04065	0.01795	0.00771	0.00244	0.00370	0.10853	0.00567	0.00504
5	0.01247	0.01069	0.01247	0.00891	0.01426	0.00802	0.00713	0.01515	0.01247	0.01960	0.01069	0.01247	0.00891	0.00446	0.00446	0.00089	0.00446	0.00356	0.00356	0.82536
6	0.00764	0.00546	0.00734	0.00873	0.00922	0.00516	0.00613	0.00892	0.01183	0.01571	0.03298	0.68957	0.03910	0.01855	0.00776	0.00249	0.00376	0.10910	0.00558	0.00497
7	0.01608	0.79220	0.03152	0.01029	0.01544	0.02380	0.01029	0.01801	0.01222	0.01415	0.00836	0.00965	0.00772	0.00515	0.00386	0.00129	0.00643	0.00322	0.00257	0.00772
8	0.02054	0.01547	0.01680	0.01274	0.01767	0.01627	0.01047	0.57076	0.02475	0.03381	0.01360	0.01400	0.00993	0.00660	0.00567	0.00160	0.00614	0.00500	0.00547	0.19269
9	0.02014	0.02922	0.18277	0.01587	0.02026	0.59645	0.01400	0.02291	0.01607	0.01569	0.00963	0.01126	0.00772	0.00609	0.00549	0.00163	0.01041	0.00400	0.00297	0.00740
10	0.01207	0.03112	0.75741	0.01715	0.02604	0.01397	0.02223	0.01905	0.01270	0.01905	0.01080	0.01270	0.00762	0.00572	0.00572	0.00191	0.00889	0.00445	0.00254	0.00889
11	0.00838	0.00568	0.00667	0.00703	0.00712	0.00559	0.00415	0.00865	0.00946	0.01262	0.02263	0.23220	0.02651	0.58943	0.02468	0.00496	0.00523	0.01091	0.00415	0.00397
12	0.01045	0.00522	0.00784	0.00784	0.00784	0.00522	0.00522	0.00784	0.00784	0.01045	0.01045	0.01829	0.01045	0.02090	0.02351	0.82497	0.00522	0.00522	0.00261	0.00261
13	0.00859	0.00620	0.00815	0.00779	0.00921	0.00576	0.00593	0.01142	0.01682	0.02373	0.70183	0.04641	0.05534	0.01258	0.00717	0.00195	0.00301	0.05588	0.00655	0.00567
14	0.01316	0.01316	0.01843	0.01579	0.01579	0.01843	0.01316	0.01448	0.00921	0.01448	0.00790	0.01316	0.00790	0.01053	0.01974	0.00263	0.77757	0.00526	0.00263	0.00658
15	0.01207	0.03112	0.75741	0.01715	0.02604	0.01397	0.02223	0.01905	0.01270	0.01905	0.01080	0.01270	0.00762	0.00572	0.00572	0.00191	0.00889	0.00445	0.00254	0.00889
16	0.71733	0.01204	0.00994	0.00859	0.01246	0.01373	0.00708	0.08330	0.01223	0.06426	0.00969	0.01073	0.00727	0.00583	0.00405	0.00186	0.00486	0.00359	0.00412	0.00704
17	0.01121	0.00561	0.00561	0.00561	0.00701	0.00561	0.00421	0.01402	0.01262	0.02243	0.01962	0.02243	0.01542	0.00701	0.00421	0.00140	0.00280	0.00561	0.82198	0.00561
18	0.00751	0.00618	0.00666	0.00673	0.00862	0.00532	0.00517	0.00931	0.01412	0.01736	0.14109	0.05724	0.60012	0.01501	0.00722	0.00208	0.00325	0.07611	0.00571	0.00519
19	0.00886	0.00572	0.00762	0.00841	0.00922	0.00528	0.00582	0.01027	0.01276	0.06720	0.14374	0.61741	0.04073	0.01705	0.00748	0.00232	0.00350	0.01538	0.00587	0.00537
20	0.01045	0.00522	0.00784	0.00784	0.00784	0.00522	0.00522	0.00784	0.00784	0.01045	0.01045	0.01829	0.01045	0.02090	0.02351	0.82497	0.00522	0.00522	0.00261	0.00261
21	0.02430	0.01084	0.01388	0.01105	0.01542	0.01021	0.00899	0.02991	0.17905	0.59181	0.02390	0.02092	0.01567	0.00761	0.00607	0.00190	0.00504	0.00622	0.00715	0.01008
