[name]
unknown

[dist]
# distance from previous block
# <min> <max>
0	421

[block]
# block no. 0 follows, 39 sequences, length 9
# corresponding to MSA columns:
# 464-472
name=unknown_A
#
# <colnr> <probs for GDERKNQSTAVLIFYWHMCP>
#	G	D	E	R	K	N	Q	S	T	A	V	L	I	F	Y	W	H	M	C	P
0	0.00810	0.00599	0.00799	0.00893	0.00996	0.00587	0.00691	0.00991	0.01209	0.01584	0.03374	0.32760	0.14326	0.02137	0.12789	0.00356	0.00596	0.23482	0.00511	0.00511
1	0.18638	0.01808	0.01920	0.06605	0.08866	0.22863	0.13838	0.14729	0.01624	0.02229	0.01062	0.01270	0.00822	0.00587	0.00547	0.00176	0.00803	0.00474	0.00364	0.00774
2	0.01357	0.01338	0.02242	0.03844	0.27875	0.04304	0.21252	0.04616	0.05458	0.01886	0.01522	0.03331	0.04082	0.01228	0.12673	0.00308	0.00901	0.00645	0.00343	0.00795
3	0.00739	0.00561	0.00681	0.00735	0.00845	0.00503	0.00519	0.00894	0.01317	0.01722	0.19523	0.39714	0.26903	0.01602	0.00725	0.00216	0.00316	0.01413	0.00571	0.00503
4	0.02159	0.01478	0.01625	0.01281	0.01724	0.01610	0.01047	0.48505	0.16746	0.14886	0.01759	0.01669	0.01236	0.00732	0.00594	0.00183	0.00591	0.00569	0.00616	0.00992
5	0.01437	0.01306	0.13214	0.05671	0.04673	0.01041	0.06614	0.02004	0.13923	0.17200	0.10515	0.15713	0.02215	0.00937	0.00638	0.00199	0.00563	0.00831	0.00515	0.00790
6	0.01707	0.01659	0.17687	0.04536	0.01964	0.01340	0.06755	0.28028	0.01937	0.11575	0.13088	0.01966	0.01723	0.00738	0.00606	0.00183	0.00646	0.00617	0.02380	0.00866
7	0.00757	0.00538	0.00716	0.00845	0.00890	0.00510	0.00587	0.00874	0.01144	0.01520	0.03165	0.65853	0.03750	0.06219	0.00890	0.00263	0.00381	0.10079	0.00538	0.00481
8	0.01347	0.01313	0.02333	0.06147	0.30152	0.01321	0.22589	0.01891	0.10192	0.01941	0.01609	0.02420	0.01413	0.00730	0.00657	0.00202	0.00740	0.11812	0.00370	0.00820

[dist]
# distance from previous block
# <min> <max>
30	79

[block]
# block no. 1 follows, 39 sequences, length 6
# corresponding to MSA columns:
# 556-561
name=unknown_B
#
# <colnr> <probs for GDERKNQSTAVLIFYWHMCP>
#	G	D	E	R	K	N	Q	S	T	A	V	L	I	F	Y	W	H	M	C	P
0	0.01102	0.00551	0.00551	0.00551	0.00689	0.00551	0.00413	0.01378	0.01240	0.02205	0.01929	0.02205	0.01516	0.00689	0.00413	0.00138	0.00276	0.00551	0.82500	0.00551
1	0.01291	0.00943	0.01145	0.13798	0.01564	0.01040	0.00804	0.20334	0.01460	0.01992	0.01598	0.02609	0.01527	0.34421	0.06084	0.00392	0.00665	0.00679	0.07048	0.00606
2	0.00803	0.00595	0.00726	0.00705	0.00836	0.00543	0.00511	0.01013	0.01481	0.02017	0.47900	0.08546	0.20407	0.10170	0.00964	0.00236	0.00320	0.01117	0.00590	0.00518
3	0.02296	0.01332	0.09316	0.01162	0.01662	0.01090	0.01039	0.12589	0.06227	0.49723	0.02010	0.01821	0.01315	0.00700	0.00583	0.00179	0.00557	0.00561	0.00634	0.05204
4	0.27286	0.02122	0.01442	0.01268	0.01618	0.41944	0.00985	0.13159	0.01640	0.02172	0.00964	0.01088	0.00762	0.00606	0.00491	0.00166	0.00814	0.00386	0.00368	0.00721
5	0.01030	0.00650	0.00870	0.00800	0.00969	0.00611	0.00611	0.01296	0.01594	0.10026	0.59153	0.03926	0.04679	0.01525	0.09342	0.00273	0.00451	0.00970	0.00622	0.00602

[dist]
# distance from previous block
# <min> <max>
0	1

[block]
# block no. 2 follows, 39 sequences, length 31
# corresponding to MSA columns:
# 563-593
name=unknown_C
#
# <colnr> <probs for GDERKNQSTAVLIFYWHMCP>
#	G	D	E	R	K	N	Q	S	T	A	V	L	I	F	Y	W	H	M	C	P
0	0.01268	0.10090	0.01384	0.00871	0.01335	0.00947	0.00704	0.01492	0.01197	0.03861	0.01149	0.01505	0.01018	0.09051	0.00716	0.00148	0.00477	0.00409	0.00351	0.62027
1	0.01643	0.00840	0.01082	0.00943	0.01220	0.00790	0.00733	0.02051	0.10936	0.32381	0.23987	0.15579	0.03130	0.01069	0.00653	0.00196	0.00406	0.00926	0.00661	0.00777
2	0.01533	0.08112	0.36792	0.01652	0.11171	0.01295	0.01597	0.02067	0.05130	0.16729	0.06990	0.01694	0.01336	0.00649	0.00570	0.00181	0.00694	0.00530	0.00400	0.00879
3	0.58778	0.01532	0.09449	0.01132	0.01575	0.07072	0.09270	0.01818	0.01129	0.02389	0.00899	0.01074	0.00691	0.00549	0.00438	0.00183	0.00612	0.00381	0.00341	0.00688
4	0.04239	0.01968	0.06974	0.01930	0.15565	0.25345	0.09646	0.15053	0.04393	0.02104	0.01233	0.01439	0.01792	0.00819	0.04713	0.00216	0.00881	0.00509	0.00367	0.00813
5	0.10565	0.00587	0.00782	0.00771	0.00814	0.00608	0.00528	0.00883	0.00798	0.01216	0.01004	0.01701	0.00982	0.01880	0.02086	0.73228	0.00507	0.00491	0.00269	0.00301
6	0.02023	0.01706	0.01567	0.01281	0.01668	0.15832	0.01025	0.44034	0.10230	0.02983	0.01491	0.01530	0.01106	0.00699	0.00561	0.00171	0.00666	0.00521	0.10023	0.00885
7	0.09736	0.08007	0.10716	0.01322	0.01760	0.29753	0.01155	0.13879	0.04358	0.10152	0.01328	0.01381	0.02655	0.00648	0.00532	0.00168	0.00783	0.00456	0.00410	0.00802
8	0.04545	0.32235	0.36773	0.01287	0.01919	0.01655	0.01494	0.01746	0.01267	0.01772	0.09052	0.01467	0.01276	0.00610	0.00499	0.00164	0.00699	0.00455	0.00299	0.00786
9	0.10756	0.00740	0.00722	0.00666	0.00867	0.00781	0.00517	0.09296	0.01381	0.02423	0.01746	0.01975	0.01359	0.00675	0.00427	0.00147	0.00338	0.00522	0.64051	0.00611
10	0.00971	0.00735	0.00854	0.09128	0.01256	0.00749	0.00666	0.01412	0.11701	0.01962	0.13501	0.03793	0.28724	0.01078	0.00610	0.00185	0.00373	0.02355	0.19347	0.00599
11	0.01594	0.01426	0.01607	0.06972	0.22104	0.17623	0.02851	0.01840	0.01472	0.13222	0.04451	0.02526	0.18163	0.00822	0.00608	0.00179	0.00660	0.00690	0.00431	0.00759
12	0.01732	0.01090	0.01248	0.01075	0.01420	0.01141	0.00847	0.06481	0.36122	0.24262	0.02797	0.07017	0.10293	0.00919	0.00619	0.00196	0.00462	0.00766	0.00631	0.00883
13	0.00869	0.00666	0.00782	0.00749	0.00906	0.00637	0.00554	0.01219	0.08591	0.02029	0.40390	0.04514	0.22411	0.10285	0.00959	0.00238	0.00343	0.02716	0.00584	0.00557
14	0.01595	0.01299	0.02054	0.22235	0.40468	0.01373	0.01587	0.10160	0.01508	0.10107	0.01265	0.01548	0.00964	0.00587	0.00589	0.00182	0.00697	0.00535	0.00368	0.00880
15	0.03605	0.01354	0.01900	0.01400	0.01910	0.01289	0.17186	0.24290	0.01777	0.07488	0.01317	0.02679	0.01005	0.00582	0.00559	0.00152	0.00634	0.00523	0.00444	0.29907
16	0.00867	0.00689	0.01024	0.09568	0.09883	0.00694	0.00845	0.01044	0.01180	0.01578	0.02760	0.55975	0.03188	0.01545	0.00722	0.00230	0.00449	0.06714	0.00488	0.00557
17	0.00721	0.00525	0.00676	0.00796	0.00847	0.00484	0.00534	0.00827	0.01150	0.01512	0.03524	0.69476	0.11521	0.03383	0.00795	0.00243	0.00343	0.01618	0.00545	0.00480
18	0.01335	0.00844	0.01174	0.01311	0.09337	0.00830	0.00953	0.01685	0.06917	0.15432	0.04491	0.09556	0.02663	0.06522	0.00875	0.00256	0.00530	0.34058	0.00546	0.00685
19	0.43007	0.02044	0.35855	0.01246	0.01854	0.01353	0.03364	0.01805	0.01129	0.02270	0.00944	0.01112	0.00698	0.00554	0.00466	0.00185	0.00666	0.00385	0.00310	0.00753
20	0.01371	0.01430	0.02837	0.02732	0.27900	0.01375	0.40765	0.01794	0.01375	0.01894	0.01379	0.02104	0.01184	0.00632	0.00672	0.00199	0.00846	0.08370	0.00324	0.00818
21	0.01168	0.00847	0.01111	0.09327	0.01475	0.00917	0.00828	0.05199	0.09695	0.07343	0.02117	0.02534	0.08989	0.06989	0.31941	0.00519	0.00955	0.00677	0.02269	0.05100
22	0.01049	0.00593	0.00637	0.00640	0.00777	0.00594	0.00474	0.01381	0.05250	0.02163	0.10854	0.10904	0.02281	0.00885	0.00495	0.00158	0.00294	0.00744	0.59263	0.00565
23	0.01824	0.01360	0.01470	0.01196	0.01560	0.01503	0.00950	0.42143	0.19920	0.04665	0.05735	0.02082	0.01596	0.10205	0.00891	0.00231	0.00573	0.00636	0.00572	0.00887
24	0.03302	0.00640	0.00743	0.00739	0.00884	0.00606	0.00536	0.01110	0.05689	0.01928	0.31466	0.17656	0.23626	0.07366	0.00871	0.00230	0.00335	0.01164	0.00571	0.00538
25	0.01341	0.01245	0.01887	0.10332	0.42803	0.01306	0.01440	0.01972	0.17879	0.01973	0.01964	0.02133	0.09728	0.00708	0.00603	0.00186	0.00612	0.00642	0.00389	0.00857
26	0.00749	0.00595	0.00675	0.00689	0.00851	0.00521	0.00516	0.00931	0.01399	0.01779	0.21731	0.14185	0.46187	0.01480	0.00712	0.00206	0.00314	0.05394	0.00573	0.00513
27	0.00879	0.00658	0.00827	0.00824	0.00960	0.00642	0.00610	0.01264	0.09464	0.02130	0.45240	0.22652	0.06111	0.01346	0.00706	0.00205	0.00326	0.03962	0.00614	0.00578
28	0.01593	0.52896	0.17638	0.01223	0.01774	0.13046	0.01268	0.01878	0.01280	0.01497	0.00884	0.01026	0.00757	0.00532	0.00439	0.00143	0.00745	0.00350	0.00260	0.00771
29	0.00955	0.00700	0.00773	0.00725	0.00946	0.00639	0.00554	0.01293	0.08936	0.07480	0.19737	0.04791	0.47673	0.01308	0.00681	0.00196	0.00328	0.01102	0.00590	0.00595
30	0.00893	0.00684	0.00864	0.00916	0.01011	0.00706	0.00666	0.03974	0.06799	0.01740	0.07438	0.51977	0.07654	0.01606	0.00804	0.00232	0.04948	0.05988	0.00543	0.00556

[dist]
# distance from previous block
# <min> <max>
5	8

[block]
# block no. 3 follows, 39 sequences, length 8
# corresponding to MSA columns:
# 603-610
name=unknown_D
#
# <colnr> <probs for GDERKNQSTAVLIFYWHMCP>
#	G	D	E	R	K	N	Q	S	T	A	V	L	I	F	Y	W	H	M	C	P
0	0.00914	0.00638	0.00769	0.00758	0.00783	0.00691	0.00497	0.00980	0.00940	0.01343	0.01894	0.11104	0.02090	0.50632	0.06459	0.00480	0.08141	0.00864	0.09591	0.00430
1	0.06376	0.01040	0.01343	0.01041	0.01484	0.00941	0.00858	0.07537	0.01719	0.64400	0.02355	0.02079	0.04530	0.00754	0.00588	0.00183	0.00502	0.00605	0.00697	0.00967
2	0.00822	0.00604	0.00769	0.00728	0.00874	0.00552	0.00546	0.01086	0.01638	0.02286	0.67572	0.04558	0.13277	0.01241	0.00698	0.00188	0.00281	0.01089	0.00640	0.00552
3	0.01647	0.60706	0.12639	0.01106	0.01656	0.02049	0.01152	0.01907	0.01262	0.09686	0.01021	0.01106	0.00835	0.00538	0.00428	0.00141	0.00650	0.00363	0.00305	0.00802
4	0.00946	0.00703	0.00847	0.00790	0.00964	0.00671	0.00596	0.08534	0.01674	0.02283	0.47619	0.12008	0.17565	0.01276	0.00693	0.00193	0.00328	0.01109	0.00616	0.00586
5	0.01074	0.01107	0.10022	0.01427	0.10862	0.00926	0.01106	0.01581	0.11834	0.01927	0.09964	0.15232	0.02844	0.01235	0.00705	0.00226	0.00535	0.26214	0.00497	0.00682
6	0.00753	0.00537	0.00711	0.00822	0.00871	0.00505	0.00564	0.00879	0.01188	0.01595	0.10627	0.63060	0.03964	0.05740	0.00868	0.00254	0.00360	0.05668	0.00549	0.00486
7	0.01472	0.01244	0.01597	0.01198	0.01681	0.01150	0.09259	0.17755	0.08014	0.02354	0.01372	0.05003	0.01130	0.00603	0.00532	0.00138	0.00549	0.00521	0.00430	0.43998

[dist]
# distance from previous block
# <min> <max>
0	6

[block]
# block no. 4 follows, 39 sequences, length 13
# corresponding to MSA columns:
# 617-629
name=unknown_E
#
# <colnr> <probs for GDERKNQSTAVLIFYWHMCP>
#	G	D	E	R	K	N	Q	S	T	A	V	L	I	F	Y	W	H	M	C	P
0	0.01715	0.49031	0.02586	0.01174	0.01604	0.02139	0.01078	0.20268	0.01570	0.01999	0.00970	0.01116	0.00825	0.00629	0.00642	0.00157	0.10948	0.00399	0.00341	0.00808
1	0.01401	0.15052	0.01873	0.08744	0.09188	0.01528	0.03998	0.07444	0.10459	0.01931	0.01325	0.01591	0.01082	0.00831	0.03360	0.00209	0.15426	0.00520	0.13288	0.00748
2	0.00972	0.00705	0.00972	0.01096	0.08663	0.00694	0.00720	0.01175	0.01304	0.03780	0.27133	0.04052	0.04714	0.21671	0.08992	0.00375	0.00577	0.11364	0.00489	0.00552
3	0.00733	0.00527	0.00714	0.00837	0.00878	0.00507	0.00569	0.00848	0.01113	0.01495	0.03085	0.70879	0.03658	0.02121	0.08666	0.00314	0.00472	0.01572	0.00525	0.00485
4	0.00737	0.00569	0.00672	0.00712	0.00839	0.00505	0.00509	0.00897	0.01340	0.01733	0.19957	0.32127	0.34152	0.01565	0.00719	0.00212	0.00311	0.01368	0.00571	0.00505
5	0.01273	0.12907	0.45105	0.01849	0.15364	0.01421	0.01785	0.01734	0.01210	0.01730	0.01034	0.01304	0.00813	0.00703	0.00723	0.08762	0.00773	0.00445	0.00259	0.00805
6	0.01175	0.01110	0.01490	0.01523	0.08940	0.07039	0.06988	0.01419	0.01294	0.01678	0.02500	0.04073	0.11775	0.01209	0.00972	0.00235	0.16232	0.29295	0.00423	0.00631
7	0.65812	0.01440	0.10959	0.00946	0.01389	0.01374	0.00886	0.07638	0.01184	0.02637	0.00904	0.01037	0.00685	0.00564	0.00411	0.00183	0.00529	0.00353	0.00369	0.00701
8	0.01045	0.00945	0.01056	0.01026	0.01145	0.10892	0.00784	0.01228	0.01038	0.01367	0.01486	0.02239	0.01409	0.09702	0.58021	0.00788	0.04361	0.00613	0.00316	0.00540
9	0.47522	0.01095	0.01054	0.00889	0.01254	0.01181	0.00726	0.09146	0.01416	0.17876	0.11093	0.01684	0.01505	0.00691	0.00480	0.00183	0.00463	0.00498	0.00502	0.00742
10	0.01033	0.04341	0.05318	0.09044	0.01583	0.00916	0.06573	0.08433	0.01366	0.01809	0.04589	0.41347	0.08637	0.01325	0.00684	0.00214	0.00508	0.01189	0.00477	0.00614
11	0.01457	0.09712	0.15013	0.13836	0.30481	0.11502	0.04570	0.01832	0.01336	0.01731	0.01136	0.01426	0.02278	0.00569	0.00561	0.00174	0.00791	0.00491	0.00284	0.00818
12	0.09760	0.01562	0.20703	0.01250	0.01769	0.01052	0.08412	0.04009	0.01275	0.04002	0.01470	0.14560	0.01361	0.00747	0.00552	0.00166	0.00602	0.00645	0.00373	0.25729

[dist]
# distance from previous block
# <min> <max>
16	30

[block]
# block no. 5 follows, 39 sequences, length 6
# corresponding to MSA columns:
# 661-666
name=unknown_F
#
# <colnr> <probs for GDERKNQSTAVLIFYWHMCP>
#	G	D	E	R	K	N	Q	S	T	A	V	L	I	F	Y	W	H	M	C	P
0	0.01480	0.01204	0.01343	0.01271	0.06609	0.01306	0.00937	0.21500	0.29921	0.02543	0.02907	0.02938	0.18547	0.00954	0.00630	0.00195	0.00498	0.03815	0.00563	0.00837
1	0.05914	0.13951	0.01611	0.10453	0.01737	0.01268	0.00945	0.07378	0.07834	0.27051	0.05860	0.01825	0.01435	0.00686	0.00535	0.00170	0.00534	0.00543	0.06255	0.04016
2	0.14156	0.05188	0.42634	0.01534	0.07355	0.01322	0.01609	0.05775	0.01288	0.02042	0.01309	0.10765	0.01150	0.00722	0.00551	0.00189	0.00709	0.00579	0.00327	0.00796
3	0.01736	0.16515	0.10774	0.01955	0.16298	0.21670	0.10255	0.10469	0.01572	0.01904	0.01047	0.01249	0.00839	0.00567	0.00545	0.00165	0.00836	0.00461	0.00320	0.00821
4	0.01555	0.10163	0.09159	0.04645	0.34661	0.13358	0.04837	0.02060	0.10369	0.01845	0.01207	0.01427	0.00973	0.00575	0.00560	0.00173	0.00755	0.00498	0.00324	0.00858
5	0.01138	0.10597	0.10769	0.10614	0.05925	0.05527	0.01092	0.01533	0.06656	0.01734	0.07051	0.03326	0.22550	0.00990	0.00619	0.00192	0.00575	0.08018	0.00422	0.00672

[dist]
# distance from previous block
# <min> <max>
6	10

[block]
# block no. 6 follows, 39 sequences, length 38
# corresponding to MSA columns:
# 677-714
name=unknown_G
#
# <colnr> <probs for GDERKNQSTAVLIFYWHMCP>
#	G	D	E	R	K	N	Q	S	T	A	V	L	I	F	Y	W	H	M	C	P
0	0.01364	0.01966	0.26462	0.02796	0.40342	0.01409	0.12015	0.01868	0.02602	0.01917	0.01130	0.01425	0.00886	0.00539	0.00594	0.00183	0.00796	0.00524	0.00285	0.00897
1	0.01090	0.00843	0.01026	0.00865	0.01157	0.00749	0.00682	0.07285	0.01597	0.02294	0.39454	0.03306	0.03505	0.00950	0.00614	0.00160	0.00382	0.06217	0.00540	0.27286
2	0.00726	0.00538	0.00678	0.00774	0.00849	0.00490	0.00531	0.00853	0.01219	0.01598	0.09785	0.58533	0.17805	0.01731	0.00739	0.00228	0.00329	0.01547	0.00558	0.00490
3	0.01718	0.01375	0.01463	0.01245	0.01622	0.01562	0.00988	0.23213	0.52478	0.04391	0.02124	0.01978	0.01570	0.00774	0.00599	0.00194	0.00521	0.00628	0.00602	0.00957
4	0.00941	0.00875	0.01591	0.01344	0.01578	0.00813	0.24169	0.01181	0.01251	0.01666	0.04864	0.45561	0.08932	0.01365	0.00730	0.00222	0.00550	0.01309	0.00471	0.00587
5	0.08365	0.01923	0.01457	0.01251	0.01603	0.37552	0.00974	0.10256	0.01716	0.20393	0.01401	0.01428	0.01017	0.00653	0.00532	0.00164	0.00768	0.00461	0.07300	0.00786
6	0.00816	0.00619	0.00776	0.00766	0.02338	0.00560	0.00556	0.01065	0.01588	0.02174	0.56888	0.04669	0.22469	0.01266	0.00696	0.00189	0.00292	0.01102	0.00619	0.00551
7	0.83394	0.01144	0.00869	0.00778	0.01144	0.01327	0.00640	0.01738	0.01006	0.02653	0.00823	0.00961	0.00640	0.00549	0.00366	0.00183	0.00457	0.00320	0.00366	0.00640
8	0.01544	0.72355	0.09990	0.01075	0.01616	0.02249	0.01123	0.01780	0.01206	0.01437	0.00845	0.00977	0.00758	0.00511	0.00397	0.00132	0.00655	0.00328	0.00253	0.00770
9	0.01487	0.02133	0.35827	0.01684	0.04179	0.01374	0.13714	0.11246	0.07637	0.08166	0.05625	0.01659	0.01236	0.00640	0.00603	0.00188	0.00763	0.00564	0.00395	0.00877
10	0.00849	0.00569	0.00648	0.00660	0.00662	0.00566	0.00374	0.00857	0.00882	0.01176	0.01978	0.10003	0.02294	0.72887	0.02825	0.00546	0.00554	0.00927	0.00374	0.00368
11	0.01416	0.00938	0.01033	0.00911	0.01145	0.01012	0.00709	0.23049	0.07176	0.02492	0.01852	0.08581	0.01563	0.01179	0.06775	0.04625	0.00527	0.00657	0.33668	0.00693
12	0.38991	0.00936	0.00949	0.00824	0.01134	0.00975	0.00661	0.01772	0.01372	0.17966	0.25857	0.02330	0.02455	0.00807	0.00524	0.00184	0.00408	0.00627	0.00538	0.00690
13	0.00961	0.00623	0.00821	0.00778	0.00928	0.00572	0.00581	0.01213	0.01603	0.07919	0.59977	0.14189	0.05040	0.01258	0.00697	0.00193	0.00305	0.01115	0.00644	0.00582
14	0.00805	0.00596	0.00751	0.00728	0.00868	0.00542	0.00540	0.01049	0.01576	0.02175	0.58086	0.11050	0.16421	0.01310	0.00703	0.00193	0.00288	0.01151	0.00626	0.00542
15	0.02208	0.01191	0.01423	0.01148	0.01568	0.01212	0.00930	0.13773	0.25466	0.41062	0.02217	0.01985	0.01505	0.00751	0.00597	0.00188	0.00514	0.00609	0.00668	0.00983
16	0.01310	0.05810	0.01886	0.01521	0.01551	0.01842	0.01278	0.01443	0.00923	0.01421	0.00779	0.01274	0.00775	0.01005	0.01851	0.00251	0.73663	0.00506	0.00258	0.00653
17	0.00744	0.00582	0.00641	0.00658	0.00792	0.00515	0.00462	0.00876	0.01268	0.01593	0.12477	0.16757	0.44179	0.14505	0.01094	0.00267	0.00350	0.01232	0.00528	0.00479
18	0.01296	0.01426	0.03040	0.02213	0.02728	0.01336	0.61479	0.01745	0.01400	0.01906	0.07753	0.07785	0.01534	0.00664	0.00702	0.00201	0.00885	0.00806	0.00349	0.00752
19	0.01785	0.01525	0.01507	0.01281	0.01658	0.07872	0.01014	0.25921	0.45137	0.02795	0.01962	0.01856	0.01459	0.00756	0.00593	0.00189	0.00577	0.00600	0.00574	0.00938
20	0.01226	0.01051	0.01226	0.00876	0.01401	0.00788	0.00701	0.01489	0.01226	0.01927	0.01051	0.01226	0.00876	0.00438	0.00438	0.00088	0.00438	0.00350	0.00350	0.82832
21	0.06980	0.06859	0.42744	0.01468	0.02145	0.01546	0.01655	0.19352	0.07591	0.02396	0.01229	0.01332	0.00891	0.00613	0.00549	0.00182	0.00745	0.00464	0.00369	0.00889
22	0.01444	0.56807	0.20351	0.01157	0.01729	0.02007	0.01265	0.01757	0.01240	0.01562	0.05171	0.01220	0.01035	0.00560	0.00441	0.00144	0.00670	0.00388	0.00275	0.00775
23	0.00832	0.00574	0.00673	0.00707	0.00739	0.00561	0.00445	0.00882	0.00983	0.01292	0.02512	0.16846	0.08073	0.54074	0.02279	0.00465	0.00512	0.06726	0.00420	0.00405
24	0.00821	0.00576	0.00653	0.00660	0.00707	0.00553	0.00405	0.00878	0.01030	0.01353	0.08980	0.09876	0.14460	0.54005	0.02264	0.00454	0.00486	0.01003	0.00429	0.00408
25	0.01036	0.00564	0.00611	0.00599	0.00737	0.00553	0.00449	0.01313	0.01348	0.02246	0.20168	0.02755	0.02527	0.00818	0.00484	0.00150	0.00276	0.00680	0.62130	0.00553
26	0.01396	0.01595	0.03490	0.02493	0.03091	0.01496	0.73380	0.01894	0.01396	0.01894	0.01196	0.01595	0.00897	0.00499	0.00698	0.00199	0.00997	0.00698	0.00299	0.00798
27	0.01369	0.01441	0.02874	0.04901	0.27647	0.01401	0.41362	0.01792	0.01339	0.01856	0.01193	0.01606	0.00952	0.00814	0.06520	0.00249	0.00936	0.00630	0.00297	0.00820
28	0.00747	0.00549	0.00700	0.00773	0.00856	0.00502	0.00538	0.00900	0.01297	0.01736	0.21540	0.50324	0.14073	0.01644	0.00733	0.00221	0.00321	0.01470	0.00574	0.00502
29	0.01332	0.02009	0.26718	0.02366	0.16398	0.01465	0.30829	0.01833	0.01298	0.01855	0.01102	0.01433	0.00847	0.00569	0.00736	0.00196	0.07333	0.00566	0.00279	0.00836
30	0.02101	0.02112	0.01630	0.01373	0.01745	0.36849	0.01076	0.34154	0.02144	0.02482	0.01564	0.01610	0.07084	0.00729	0.00573	0.00168	0.00816	0.00521	0.00454	0.00814
31	0.50954	0.01139	0.01102	0.00912	0.01316	0.01217	0.00752	0.07638	0.01366	0.26511	0.01359	0.01337	0.00936	0.00621	0.00458	0.00183	0.00487	0.00426	0.00502	0.00787
32	0.14766	0.01428	0.08066	0.23073	0.02348	0.01558	0.01329	0.16377	0.01416	0.02161	0.01019	0.01342	0.00802	0.00722	0.00905	0.00206	0.20912	0.00484	0.00345	0.00742
33	0.01215	0.01174	0.02099	0.02432	0.34500	0.01134	0.17996	0.01537	0.01348	0.01862	0.07835	0.15069	0.07419	0.00872	0.00658	0.00195	0.00646	0.00859	0.00386	0.00764
34	0.00714	0.00542	0.00658	0.00751	0.00839	0.00486	0.00517	0.00832	0.01202	0.01538	0.04146	0.55103	0.27067	0.01738	0.00737	0.00227	0.00329	0.01541	0.00549	0.00486
35	0.02058	0.01106	0.01731	0.14077	0.02141	0.01069	0.12388	0.06141	0.01584	0.42336	0.01860	0.01857	0.01242	0.00667	0.00596	0.00184	0.00619	0.00593	0.06872	0.00880
36	0.02626	0.17328	0.51676	0.01708	0.06260	0.01567	0.07296	0.01850	0.01252	0.01799	0.01025	0.01225	0.00770	0.00544	0.00536	0.00176	0.00822	0.00437	0.00258	0.00846
37	0.00721	0.00515	0.00686	0.00823	0.00858	0.00480	0.00549	0.00823	0.01132	0.01510	0.03259	0.78831	0.03911	0.01853	0.00755	0.00240	0.00343	0.01681	0.00549	0.00480

[dist]
# distance from previous block
# <min> <max>
0	1

[block]
# block no. 7 follows, 39 sequences, length 7
# corresponding to MSA columns:
# 716-722
name=unknown_H
#
# <colnr> <probs for GDERKNQSTAVLIFYWHMCP>
#	G	D	E	R	K	N	Q	S	T	A	V	L	I	F	Y	W	H	M	C	P
0	0.07154	0.00949	0.04011	0.05411	0.01459	0.00865	0.00868	0.01965	0.07187	0.29409	0.06041	0.21183	0.02349	0.01090	0.00643	0.00208	0.00482	0.07382	0.00585	0.00758
1	0.02008	0.01633	0.01790	0.01667	0.11861	0.08580	0.01198	0.45429	0.04481	0.05233	0.01410	0.04104	0.01098	0.00741	0.00683	0.00183	0.05912	0.00563	0.00505	0.00922
2	0.00731	0.00523	0.00696	0.00816	0.00860	0.00488	0.00550	0.00851	0.01183	0.01590	0.09942	0.71920	0.04066	0.01793	0.00749	0.00235	0.00337	0.01624	0.00558	0.00488
3	0.06489	0.01545	0.01617	0.18862	0.04702	0.12259	0.01180	0.30709	0.06853	0.02584	0.01320	0.01487	0.00986	0.00658	0.00559	0.00178	0.00694	0.00507	0.05989	0.00821
4	0.01232	0.07414	0.50701	0.01755	0.10961	0.01371	0.01832	0.01876	0.06251	0.01936	0.07959	0.01611	0.01288	0.00630	0.00568	0.00183	0.00756	0.00514	0.00316	0.00849
5	0.00970	0.00818	0.01190	0.01118	0.01194	0.01038	0.00894	0.01158	0.00938	0.01387	0.01359	0.02036	0.01283	0.03488	0.55987	0.00758	0.22921	0.00601	0.00301	0.00561
6	0.01102	0.00551	0.00551	0.00551	0.00689	0.00551	0.00413	0.01378	0.01240	0.02205	0.01929	0.02205	0.01516	0.00689	0.00413	0.00138	0.00276	0.00551	0.82500	0.00551

[dist]
# distance from previous block
# <min> <max>
0	1

[block]
# block no. 8 follows, 39 sequences, length 8
# corresponding to MSA columns:
# 724-731
name=unknown_I
#
# <colnr> <probs for GDERKNQSTAVLIFYWHMCP>
#	G	D	E	R	K	N	Q	S	T	A	V	L	I	F	Y	W	H	M	C	P
0	0.01420	0.01536	0.02573	0.18943	0.16757	0.09049	0.30294	0.01799	0.01323	0.01730	0.01082	0.01485	0.00856	0.00585	0.00751	0.00195	0.07988	0.00579	0.00287	0.00768
1	0.00960	0.00676	0.00827	0.00822	0.00984	0.00645	0.00615	0.01307	0.08780	0.06384	0.27913	0.23722	0.17285	0.01384	0.00704	0.00209	0.00347	0.05246	0.00599	0.00591
2	0.01797	0.01269	0.01451	0.01106	0.01565	0.01237	0.00901	0.28364	0.04570	0.13012	0.01591	0.01613	0.03791	0.00654	0.00586	0.00149	0.03269	0.00503	0.00507	0.32066
3	0.01724	0.01125	0.01345	0.03657	0.01579	0.01036	0.00854	0.07304	0.15784	0.21905	0.01685	0.01654	0.01221	0.00612	0.00528	0.00145	0.00488	0.00497	0.00516	0.36343
4	0.01385	0.06861	0.01845	0.37000	0.02829	0.07949	0.05462	0.08851	0.01405	0.01803	0.01184	0.01731	0.00981	0.00656	0.00625	0.00180	0.03741	0.04811	0.00328	0.10371
5	0.04257	0.09333	0.02003	0.01483	0.06314	0.01604	0.09554	0.37995	0.02020	0.02779	0.01251	0.01419	0.00964	0.02762	0.00618	0.00172	0.00651	0.00504	0.00454	0.13865
6	0.01840	0.52556	0.02575	0.01150	0.01599	0.21791	0.01034	0.02023	0.01369	0.07901	0.00978	0.01072	0.00821	0.00553	0.00439	0.00138	0.00735	0.00357	0.00308	0.00761
7	0.00860	0.00573	0.00645	0.00645	0.00645	0.00573	0.00358	0.00860	0.00860	0.01147	0.01863	0.03870	0.02150	0.79217	0.03010	0.00573	0.00573	0.00860	0.00358	0.00358

[dist]
# distance from previous block
# <min> <max>
0	1

[block]
# block no. 9 follows, 39 sequences, length 9
# corresponding to MSA columns:
# 733-741
name=unknown_J
#
# <colnr> <probs for GDERKNQSTAVLIFYWHMCP>
#	G	D	E	R	K	N	Q	S	T	A	V	L	I	F	Y	W	H	M	C	P
0	0.01409	0.01160	0.01325	0.00963	0.01479	0.00976	0.00777	0.14396	0.01505	0.02249	0.01117	0.01261	0.00899	0.00487	0.00465	0.00104	0.00476	0.00383	0.00394	0.68177
1	0.01782	0.00974	0.01195	0.01033	0.01349	0.00969	0.00808	0.04881	0.21855	0.32258	0.09821	0.16046	0.02395	0.00999	0.00636	0.00198	0.00447	0.00855	0.00650	0.00847
2	0.00947	0.00775	0.00830	0.00730	0.01003	0.00683	0.00565	0.08285	0.01501	0.01928	0.10647	0.04469	0.50491	0.01231	0.00648	0.00179	0.00354	0.01023	0.00532	0.13177
3	0.83394	0.01144	0.00869	0.00778	0.01144	0.01327	0.00640	0.01738	0.01006	0.02653	0.00823	0.00961	0.00640	0.00549	0.00366	0.00183	0.00457	0.00320	0.00366	0.00640
4	0.01502	0.52382	0.13136	0.01148	0.01670	0.02021	0.01163	0.02071	0.16453	0.01685	0.01186	0.01253	0.00975	0.00576	0.00452	0.00151	0.00633	0.00407	0.00325	0.00812
5	0.00788	0.00634	0.00710	0.00716	0.00890	0.00574	0.00541	0.01050	0.05398	0.01803	0.19190	0.12669	0.45376	0.01447	0.00707	0.00206	0.00325	0.05867	0.00572	0.00536
6	0.01102	0.00551	0.00551	0.00551	0.00689	0.00551	0.00413	0.01378	0.01240	0.02205	0.01929	0.02205	0.01516	0.00689	0.00413	0.00138	0.00276	0.00551	0.82500	0.00551
7	0.01380	0.00633	0.00698	0.00641	0.00836	0.00608	0.00495	0.01647	0.01321	0.15410	0.02002	0.02170	0.01506	0.00697	0.00446	0.00146	0.00316	0.00559	0.67855	0.00633
8	0.02402	0.01154	0.01778	0.01330	0.01814	0.01044	0.13873	0.07322	0.01711	0.57958	0.02070	0.01899	0.01332	0.00689	0.00613	0.00186	0.00601	0.00609	0.00645	0.00969

[dist]
# distance from previous block
# <min> <max>
47	105

[block]
# block no. 10 follows, 39 sequences, length 8
# corresponding to MSA columns:
# 847-854
name=unknown_K
#
# <colnr> <probs for GDERKNQSTAVLIFYWHMCP>
#	G	D	E	R	K	N	Q	S	T	A	V	L	I	F	Y	W	H	M	C	P
0	0.01449	0.06691	0.20050	0.07634	0.34785	0.01428	0.06966	0.01947	0.05231	0.06389	0.01227	0.01470	0.00946	0.00563	0.00577	0.00180	0.00742	0.00516	0.00322	0.00886
1	0.02317	0.01545	0.01706	0.01308	0.01779	0.01669	0.01080	0.61478	0.02595	0.16067	0.01576	0.01521	0.01084	0.00714	0.00592	0.00178	0.00626	0.00543	0.00616	0.01006
2	0.08675	0.01196	0.09534	0.01128	0.04276	0.01041	0.00948	0.17371	0.01763	0.02561	0.34200	0.05302	0.03207	0.00985	0.00634	0.00191	0.00480	0.05254	0.00543	0.00712
3	0.01473	0.20366	0.01763	0.03346	0.04790	0.04246	0.00989	0.02364	0.35063	0.05053	0.02147	0.02388	0.06042	0.00814	0.00568	0.00185	0.00547	0.06558	0.00480	0.00819
4	0.01319	0.01106	0.01276	0.00920	0.01441	0.00883	0.00739	0.07998	0.01367	0.02090	0.01084	0.01244	0.00888	0.00463	0.00452	0.00096	0.00457	0.00367	0.00372	0.75441
5	0.01513	0.03678	0.06606	0.01634	0.01956	0.11759	0.17225	0.11263	0.01456	0.01913	0.04258	0.01736	0.05719	0.00808	0.01042	0.00206	0.25540	0.00599	0.00351	0.00737
6	0.01092	0.00666	0.00816	0.00751	0.00959	0.00586	0.00572	0.01306	0.01528	0.14629	0.33860	0.09168	0.29270	0.01270	0.00684	0.00194	0.00329	0.01090	0.00623	0.00609
7	0.02107	0.11585	0.01915	0.04674	0.01890	0.20269	0.01137	0.44062	0.02244	0.02782	0.01206	0.01281	0.00906	0.00655	0.00551	0.00166	0.00756	0.00468	0.00465	0.00881

[dist]
# distance from previous block
# <min> <max>
0	1

[block]
# block no. 11 follows, 39 sequences, length 14
# corresponding to MSA columns:
# 856-869
name=unknown_L
#
# <colnr> <probs for GDERKNQSTAVLIFYWHMCP>
#	G	D	E	R	K	N	Q	S	T	A	V	L	I	F	Y	W	H	M	C	P
0	0.06851	0.01358	0.01483	0.01189	0.01616	0.04517	0.00965	0.26330	0.16307	0.30232	0.01899	0.01754	0.01303	0.00723	0.00579	0.00183	0.00566	0.00564	0.00621	0.00958
1	0.01368	0.01863	0.23733	0.13770	0.33304	0.01414	0.08440	0.05595	0.01375	0.01944	0.01113	0.01428	0.00861	0.00554	0.00590	0.00184	0.00789	0.00517	0.00292	0.00868
2	0.01132	0.00681	0.00896	0.00846	0.01000	0.00668	0.00639	0.01347	0.01421	0.13099	0.30984	0.20783	0.05273	0.01405	0.04777	0.00239	0.04949	0.01040	0.08213	0.00609
3	0.00721	0.00515	0.00686	0.00823	0.00858	0.00480	0.00549	0.00823	0.01132	0.01510	0.03259	0.78831	0.03911	0.01853	0.00755	0.00240	0.00343	0.01681	0.00549	0.00480
4	0.00870	0.00700	0.00833	0.06801	0.01168	0.00675	0.00641	0.04520	0.03979	0.01870	0.18654	0.15110	0.37510	0.01360	0.00693	0.00203	0.00369	0.02934	0.00551	0.00561
5	0.01671	0.32311	0.15177	0.01416	0.05711	0.06881	0.01303	0.17367	0.04871	0.02062	0.01083	0.01214	0.00868	0.00611	0.00577	0.00163	0.05103	0.00427	0.00347	0.00838
6	0.02383	0.01057	0.01409	0.01195	0.05282	0.00966	0.00927	0.09622	0.01751	0.58157	0.02388	0.02312	0.04927	0.00796	0.00609	0.00187	0.00520	0.03876	0.00679	0.00958
7	0.68159	0.01115	0.00912	0.00802	0.01157	0.01269	0.00657	0.05948	0.01157	0.05428	0.01015	0.01140	0.00772	0.00578	0.00392	0.00179	0.00454	0.00364	0.07836	0.00667
8	0.00865	0.00578	0.00706	0.00714	0.00751	0.00592	0.00457	0.00916	0.00927	0.01276	0.02017	0.07701	0.05089	0.48810	0.16666	0.05396	0.00722	0.00844	0.04565	0.00407
9	0.02653	0.01006	0.01372	0.01052	0.01510	0.00869	0.00869	0.02882	0.01693	0.75937	0.02333	0.02013	0.01464	0.00732	0.00595	0.00183	0.00503	0.00595	0.00732	0.01006
10	0.01277	0.00785	0.00972	0.00884	0.01116	0.00756	0.00688	0.01736	0.12730	0.16696	0.34519	0.07579	0.11456	0.01141	0.00673	0.00197	0.00373	0.05092	0.00637	0.00693
11	0.29832	0.01727	0.25964	0.04598	0.03721	0.01195	0.01236	0.01741	0.01194	0.05591	0.02664	0.01465	0.04285	0.00604	0.00489	0.00172	0.00605	0.00447	0.00350	0.12117
12	0.03513	0.07833	0.51377	0.01428	0.02135	0.01291	0.01717	0.01948	0.01322	0.12479	0.04809	0.01525	0.01115	0.00619	0.00548	0.00180	0.00738	0.00484	0.04091	0.00849
13	0.11738	0.01397	0.03255	0.01836	0.18570	0.02975	0.09357	0.16027	0.11203	0.07168	0.01433	0.01559	0.01080	0.00619	0.00557	0.00177	0.00626	0.00533	0.05098	0.04794

[dist]
# distance from previous block
# <min> <max>
3	6

[block]
# block no. 12 follows, 39 sequences, length 7
# corresponding to MSA columns:
# 876-882
name=unknown_M
#
# <colnr> <probs for GDERKNQSTAVLIFYWHMCP>
#	G	D	E	R	K	N	Q	S	T	A	V	L	I	F	Y	W	H	M	C	P
0	0.01377	0.01607	0.09869	0.02426	0.33089	0.10088	0.10777	0.01716	0.01358	0.01820	0.06045	0.10827	0.01535	0.00760	0.00676	0.00189	0.04014	0.00694	0.00342	0.00792
1	0.09684	0.06307	0.06544	0.01006	0.01458	0.01089	0.00879	0.06202	0.07466	0.16916	0.10640	0.01830	0.01623	0.00663	0.00522	0.00152	0.00491	0.00526	0.00487	0.25515
2	0.05482	0.01565	0.07129	0.01232	0.01669	0.05915	0.01048	0.31395	0.15261	0.10104	0.01609	0.01704	0.01208	0.05475	0.00715	0.00200	0.00616	0.00545	0.00524	0.06604
3	0.06535	0.30449	0.15267	0.01339	0.07226	0.06245	0.01203	0.08798	0.01436	0.01927	0.07842	0.05189	0.02877	0.00693	0.00510	0.00163	0.00646	0.00530	0.00355	0.00769
4	0.03262	0.01063	0.05650	0.02399	0.04878	0.00986	0.00928	0.06315	0.15741	0.06276	0.11644	0.10905	0.02524	0.05818	0.00793	0.00225	0.00503	0.13140	0.00520	0.06430
5	0.05995	0.01224	0.01882	0.15854	0.30477	0.01269	0.03511	0.01998	0.05727	0.15601	0.01374	0.01584	0.01032	0.00609	0.00629	0.00181	0.03925	0.00530	0.00394	0.06205
6	0.11263	0.15168	0.24911	0.01352	0.04213	0.01563	0.01341	0.07617	0.18599	0.06350	0.01410	0.01452	0.01052	0.00627	0.00522	0.00178	0.00644	0.00476	0.00401	0.00861

[dist]
# distance from previous block
# <min> <max>
5	13

[block]
# block no. 13 follows, 39 sequences, length 12
# corresponding to MSA columns:
# 899-910
name=unknown_N
#
# <colnr> <probs for GDERKNQSTAVLIFYWHMCP>
#	G	D	E	R	K	N	Q	S	T	A	V	L	I	F	Y	W	H	M	C	P
0	0.01421	0.01219	0.01919	0.01807	0.17931	0.01072	0.14946	0.02998	0.01359	0.07730	0.03220	0.02869	0.01121	0.00542	0.00548	0.00143	0.00606	0.00521	0.00373	0.37655
1	0.01062	0.00776	0.03343	0.01212	0.09621	0.00689	0.00798	0.02492	0.01249	0.09403	0.02771	0.53674	0.03097	0.03606	0.00773	0.00234	0.00436	0.03632	0.00525	0.00609
2	0.01285	0.08283	0.43273	0.01696	0.11645	0.01311	0.01693	0.03775	0.01389	0.05013	0.13344	0.01812	0.01608	0.00671	0.00575	0.00180	0.00713	0.00553	0.00351	0.00830
3	0.01144	0.00569	0.00811	0.00786	0.00849	0.00569	0.00553	0.01035	0.00915	0.07042	0.01291	0.01916	0.01165	0.02043	0.09768	0.58239	0.00597	0.00537	0.09793	0.00378
4	0.01525	0.01260	0.01463	0.01470	0.10053	0.01400	0.01035	0.16709	0.41062	0.02531	0.02180	0.10172	0.01831	0.00896	0.00623	0.00200	0.00522	0.03626	0.00556	0.00886
5	0.04788	0.00760	0.01054	0.01185	0.11132	0.00782	0.00735	0.06885	0.01077	0.01577	0.01167	0.01732	0.01053	0.01511	0.01629	0.51535	0.00520	0.00513	0.09902	0.00462
6	0.09833	0.00864	0.00993	0.00873	0.01117	0.00878	0.00682	0.09826	0.07253	0.08328	0.45354	0.03394	0.06226	0.01023	0.00635	0.00186	0.00373	0.00867	0.00614	0.00680
7	0.03604	0.02356	0.45823	0.05314	0.18590	0.01389	0.04847	0.01941	0.06976	0.01940	0.01176	0.01391	0.00877	0.00571	0.00571	0.00187	0.00794	0.00486	0.00293	0.00874
8	0.00765	0.00536	0.00684	0.00785	0.00813	0.00512	0.00512	0.00846	0.01068	0.01422	0.02884	0.56523	0.03427	0.22398	0.01356	0.00330	0.00411	0.03781	0.00498	0.00450
9	0.03641	0.01183	0.01398	0.01089	0.01535	0.01144	0.00886	0.18116	0.11477	0.31623	0.04262	0.01809	0.01410	0.00690	0.00563	0.00165	0.00510	0.00552	0.00598	0.17348
10	0.01137	0.00752	0.00932	0.00841	0.01011	0.00767	0.00650	0.03843	0.01464	0.09865	0.29857	0.05955	0.15930	0.04532	0.00895	0.00209	0.09320	0.00915	0.10516	0.00609
11	0.05399	0.45699	0.02581	0.01609	0.15877	0.16860	0.01176	0.01895	0.01315	0.01564	0.00897	0.01072	0.00788	0.00532	0.00449	0.00144	0.00724	0.00370	0.00276	0.00773

[dist]
# distance from previous block
# <min> <max>
0	1

[block]
# block no. 14 follows, 39 sequences, length 18
# corresponding to MSA columns:
# 912-929
name=unknown_O
#
# <colnr> <probs for GDERKNQSTAVLIFYWHMCP>
#	G	D	E	R	K	N	Q	S	T	A	V	L	I	F	Y	W	H	M	C	P
0	0.04870	0.01645	0.08681	0.02235	0.02838	0.01425	0.59335	0.01855	0.01355	0.01928	0.01159	0.01514	0.00874	0.00501	0.00654	0.00189	0.00922	0.00635	0.00302	0.07084
1	0.01379	0.01123	0.01323	0.01348	0.08557	0.01235	0.00958	0.02535	0.47329	0.05475	0.12269	0.02839	0.03845	0.00906	0.00631	0.00201	0.00469	0.06151	0.00579	0.00849
2	0.07251	0.00667	0.00825	0.00776	0.00947	0.00635	0.00596	0.01240	0.01588	0.05860	0.59086	0.05943	0.06581	0.01179	0.00674	0.00191	0.00318	0.04437	0.00623	0.00582
3	0.01754	0.46037	0.11755	0.01135	0.01658	0.04227	0.01129	0.02127	0.06935	0.16230	0.01274	0.01296	0.00977	0.00584	0.00467	0.00152	0.00638	0.00415	0.00375	0.00833
4	0.00794	0.00571	0.00752	0.00773	0.00874	0.00529	0.00555	0.01008	0.01473	0.02052	0.48565	0.31978	0.04962	0.01447	0.00719	0.00206	0.00303	0.01296	0.00613	0.00529
5	0.00851	0.00604	0.00749	0.00743	0.00879	0.00551	0.00548	0.01054	0.01449	0.04091	0.38580	0.15236	0.19911	0.07350	0.00886	0.00231	0.00335	0.04832	0.00589	0.00531
6	0.00976	0.00681	0.00853	0.00799	0.00976	0.00645	0.00613	0.01347	0.07207	0.06265	0.55487	0.04350	0.11696	0.01201	0.00691	0.00192	0.00321	0.04459	0.00637	0.00605
7	0.01475	0.00935	0.00975	0.00841	0.01093	0.01002	0.00664	0.23448	0.06558	0.02686	0.01806	0.01966	0.01380	0.00703	0.00480	0.00154	0.00402	0.00553	0.52164	0.00715
8	0.01059	0.00799	0.00969	0.00942	0.01131	0.00816	0.00753	0.06950	0.11743	0.02192	0.29098	0.04621	0.09232	0.05058	0.00824	0.00233	0.00429	0.21939	0.00586	0.00627
9	0.00783	0.00594	0.00729	0.00764	0.00900	0.00540	0.00578	0.00980	0.01403	0.01842	0.26292	0.21470	0.27711	0.01506	0.00728	0.00215	0.00338	0.11528	0.00580	0.00520
10	0.01068	0.04306	0.16181	0.01457	0.08697	0.01060	0.06687	0.01398	0.01100	0.01597	0.01385	0.01960	0.01225	0.06161	0.36364	0.00559	0.03256	0.00581	0.04296	0.00661
11	0.02235	0.02037	0.01742	0.01414	0.01832	0.26392	0.01130	0.50247	0.02419	0.02981	0.01254	0.01304	0.00926	0.00677	0.00572	0.00169	0.00787	0.00483	0.00498	0.00901
12	0.01177	0.00999	0.01174	0.00871	0.01349	0.00759	0.00686	0.01425	0.01217	0.01887	0.01264	0.08724	0.01169	0.00575	0.00469	0.00102	0.00429	0.00479	0.00370	0.74876
13	0.57168	0.08753	0.01332	0.00955	0.01364	0.01402	0.04673	0.05343	0.01216	0.11595	0.01059	0.01146	0.00785	0.00572	0.00424	0.00178	0.00519	0.00384	0.00407	0.00723
14	0.01289	0.04935	0.63431	0.07458	0.02577	0.01363	0.02023	0.01909	0.01272	0.06736	0.01138	0.01316	0.00800	0.00574	0.00561	0.00186	0.00836	0.00451	0.00283	0.00863
15	0.00860	0.00573	0.00645	0.00645	0.00645	0.00573	0.00358	0.00860	0.00860	0.01147	0.01863	0.03870	0.02150	0.79217	0.03010	0.00573	0.00573	0.00860	0.00358	0.00358
16	0.00845	0.00634	0.00950	0.00950	0.01056	0.00739	0.00739	0.01056	0.00950	0.01373	0.01584	0.02323	0.01478	0.04435	0.76873	0.00950	0.01584	0.00634	0.00317	0.00528
17	0.01102	0.00551	0.00551	0.00551	0.00689	0.00551	0.00413	0.01378	0.01240	0.02205	0.01929	0.02205	0.01516	0.00689	0.00413	0.00138	0.00276	0.00551	0.82500	0.00551

[dist]
# distance from previous block
# <min> <max>
0	8

[block]
# block no. 15 follows, 39 sequences, length 19
# corresponding to MSA columns:
# 938-956
name=unknown_P
#
# <colnr> <probs for GDERKNQSTAVLIFYWHMCP>
#	G	D	E	R	K	N	Q	S	T	A	V	L	I	F	Y	W	H	M	C	P
0	0.00990	0.00969	0.08483	0.01098	0.01230	0.00810	0.00875	0.01122	0.01219	0.01682	0.02859	0.57834	0.03301	0.01691	0.00920	0.00263	0.08745	0.04762	0.00531	0.00617
1	0.01483	0.01490	0.06525	0.07287	0.26472	0.04803	0.09962	0.04505	0.02402	0.01993	0.04520	0.01896	0.01322	0.01163	0.09300	0.00299	0.08621	0.00617	0.04497	0.00845
2	0.09239	0.01427	0.04707	0.10271	0.34414	0.01383	0.05141	0.02172	0.08757	0.13776	0.01543	0.01778	0.01187	0.00690	0.00633	0.00210	0.00698	0.00582	0.00444	0.00948
3	0.00882	0.00628	0.00790	0.00907	0.00952	0.00577	0.00598	0.00937	0.01199	0.01614	0.03240	0.71360	0.03837	0.08032	0.00988	0.00291	0.00412	0.01635	0.00577	0.00547
4	0.01881	0.07758	0.09928	0.01578	0.05951	0.34154	0.01263	0.07765	0.08986	0.01964	0.01700	0.02118	0.05028	0.00838	0.00631	0.00201	0.00857	0.06147	0.00426	0.00826
5	0.08071	0.32490	0.37986	0.01334	0.02004	0.01767	0.01552	0.05422	0.01288	0.01843	0.00967	0.01118	0.00757	0.00547	0.00477	0.00163	0.00735	0.00385	0.00278	0.00817
6	0.00766	0.00547	0.00736	0.00862	0.00920	0.00518	0.00616	0.00907	0.01203	0.01605	0.07634	0.62426	0.03930	0.01777	0.00762	0.00242	0.00372	0.13125	0.00554	0.00496
7	0.15113	0.02453	0.07443	0.01401	0.01777	0.51292	0.01143	0.09353	0.01646	0.01902	0.00962	0.01099	0.00766	0.00606	0.00515	0.00163	0.00912	0.00391	0.00339	0.00725
8	0.01639	0.01325	0.01835	0.05173	0.34773	0.08709	0.03518	0.01903	0.01375	0.15502	0.01484	0.05088	0.01256	0.08507	0.00828	0.00214	0.00672	0.00604	0.00395	0.05202
9	0.01788	0.01839	0.17114	0.01534	0.02069	0.01580	0.11026	0.43132	0.02142	0.02915	0.01471	0.07923	0.01183	0.00747	0.00614	0.00188	0.00717	0.00632	0.00479	0.00907
10	0.00726	0.00519	0.00691	0.00820	0.00859	0.00484	0.00549	0.00838	0.01158	0.01551	0.06724	0.75248	0.03992	0.01822	0.00752	0.00238	0.00340	0.01652	0.00554	0.00484
11	0.02007	0.01150	0.01541	0.01683	0.19131	0.05832	0.01099	0.02255	0.01520	0.39103	0.02041	0.02581	0.01605	0.04745	0.00742	0.00212	0.00596	0.10733	0.00554	0.00871
12	0.01252	0.06623	0.47502	0.01999	0.13249	0.01399	0.11570	0.01806	0.01274	0.01839	0.01191	0.05450	0.00966	0.00614	0.00584	0.00187	0.00824	0.00545	0.00279	0.00846
13	0.01038	0.00918	0.01322	0.01210	0.01270	0.01201	0.00978	0.01214	0.00931	0.01395	0.01236	0.01880	0.01176	0.02970	0.44573	0.00652	0.34581	0.00584	0.00292	0.00579
14	0.01102	0.00551	0.00551	0.00551	0.00689	0.00551	0.00413	0.01378	0.01240	0.02205	0.01929	0.02205	0.01516	0.00689	0.00413	0.00138	0.00276	0.00551	0.82500	0.00551
15	0.01365	0.02056	0.30947	0.01982	0.02648	0.01354	0.37572	0.01906	0.01346	0.05913	0.01253	0.01525	0.00911	0.00548	0.00622	0.00190	0.00877	0.00583	0.05580	0.00822
16	0.12476	0.01435	0.02522	0.03826	0.14910	0.01421	0.35031	0.09133	0.01502	0.10065	0.01273	0.01515	0.00939	0.00558	0.00611	0.00189	0.00784	0.00587	0.00381	0.00841
17	0.01419	0.01848	0.25019	0.02507	0.37731	0.01337	0.01731	0.05282	0.05057	0.05180	0.01366	0.06422	0.01139	0.00654	0.00591	0.00185	0.00710	0.00583	0.00344	0.00894
18	0.01489	0.00921	0.02871	0.08654	0.01552	0.00822	0.00852	0.05085	0.01420	0.22716	0.05336	0.23761	0.02211	0.02287	0.00664	0.00194	0.00484	0.03583	0.00535	0.14563

[dist]
# distance from previous block
# <min> <max>
0	2

[block]
# block no. 16 follows, 39 sequences, length 15
# corresponding to MSA columns:
# 959-973
name=unknown_Q
#
# <colnr> <probs for GDERKNQSTAVLIFYWHMCP>
#	G	D	E	R	K	N	Q	S	T	A	V	L	I	F	Y	W	H	M	C	P
0	0.01917	0.08003	0.01655	0.01379	0.05921	0.28174	0.01035	0.21393	0.01824	0.05776	0.01382	0.01516	0.02563	0.00862	0.04628	0.00202	0.00793	0.00487	0.09710	0.00781
1	0.25216	0.19002	0.01476	0.00875	0.01256	0.04509	0.00734	0.01576	0.01220	0.02018	0.11597	0.01678	0.01518	0.04830	0.00583	0.00167	0.00499	0.00465	0.00374	0.20405
2	0.01017	0.00693	0.00796	0.00757	0.00817	0.00716	0.00481	0.09093	0.01092	0.01463	0.01832	0.07435	0.02026	0.58671	0.06107	0.04722	0.00615	0.00838	0.00388	0.00441
3	0.01371	0.01406	0.06228	0.07626	0.53438	0.01333	0.05314	0.01795	0.04858	0.01907	0.04097	0.01732	0.01196	0.04330	0.00711	0.00199	0.00698	0.00575	0.00321	0.00867
4	0.01901	0.00977	0.01231	0.00935	0.01389	0.00797	0.00759	0.02134	0.01480	0.39996	0.02270	0.02137	0.09603	0.00709	0.00548	0.00149	0.00456	0.00578	0.00569	0.31381
5	0.01319	0.02158	0.40642	0.01816	0.14675	0.01295	0.01699	0.02047	0.13526	0.05767	0.04486	0.01822	0.04786	0.00675	0.00586	0.00188	0.00707	0.00563	0.00371	0.00871
