[name]
unknown

[dist]
# distance from previous block
# <min> <max>
0	60

[block]
# block no. 0 follows, 38 sequences, length 16
# corresponding to MSA columns:
# 61-76
name=unknown_A
#
# <colnr> <probs for GDERKNQSTAVLIFYWHMCP>
#	G	D	E	R	K	N	Q	S	T	A	V	L	I	F	Y	W	H	M	C	P
0	0.00884	0.00735	0.01222	0.01165	0.01313	0.00694	0.12908	0.01082	0.01231	0.01641	0.02940	0.55006	0.03383	0.01618	0.00767	0.00242	0.00492	0.11611	0.00515	0.00553
1	0.01207	0.03112	0.75741	0.01715	0.02604	0.01397	0.02223	0.01905	0.01270	0.01905	0.01080	0.01270	0.00762	0.00572	0.00572	0.00191	0.00889	0.00445	0.00254	0.00889
2	0.01136	0.01069	0.01804	0.77412	0.04143	0.01337	0.01671	0.01537	0.01203	0.01537	0.01069	0.01604	0.00802	0.00601	0.00601	0.00200	0.00802	0.00535	0.00267	0.00668
3	0.01339	0.01453	0.03047	0.02257	0.02763	0.01393	0.57998	0.01793	0.01395	0.01887	0.01535	0.02488	0.01341	0.00724	0.00778	0.00218	0.03834	0.12650	0.00345	0.00762
4	0.00771	0.00561	0.00735	0.00860	0.00930	0.00525	0.00618	0.00910	0.01214	0.01590	0.03579	0.58813	0.11185	0.01810	0.00773	0.00246	0.00379	0.13442	0.00558	0.00502
5	0.01022	0.01148	0.13589	0.01039	0.01348	0.00845	0.00969	0.01503	0.11224	0.03940	0.03610	0.13858	0.24624	0.01321	0.00706	0.00223	0.00497	0.17360	0.00518	0.00656
6	0.00903	0.00649	0.00891	0.01024	0.01141	0.00637	0.00852	0.01135	0.01330	0.01731	0.03336	0.23585	0.06527	0.01708	0.00811	0.00266	0.00496	0.51888	0.00555	0.00537
7	0.01420	0.01623	0.03550	0.02535	0.03144	0.01521	0.72921	0.01927	0.01420	0.01927	0.01217	0.01623	0.00913	0.00507	0.00710	0.00203	0.01014	0.00710	0.00304	0.00811
8	0.02253	0.02688	0.01720	0.01525	0.01861	0.65121	0.01159	0.13135	0.01875	0.01824	0.01008	0.01139	0.00813	0.00635	0.00551	0.00159	0.01021	0.00411	0.00354	0.00747
9	0.01261	0.02558	0.50690	0.01937	0.02710	0.01405	0.23583	0.01884	0.01320	0.01907	0.01211	0.01612	0.00923	0.00598	0.00625	0.00198	0.00913	0.03533	0.00282	0.00851
10	0.00995	0.00688	0.00940	0.01035	0.01163	0.00693	0.00869	0.01242	0.04726	0.01698	0.02923	0.05682	0.06323	0.01688	0.01073	0.14234	0.00533	0.52468	0.00507	0.00521
11	0.01068	0.00977	0.01616	0.64408	0.03588	0.01193	0.01482	0.01418	0.01194	0.01537	0.01451	0.14657	0.01341	0.00819	0.00630	0.00208	0.00725	0.00734	0.00317	0.00638
12	0.01207	0.03112	0.75741	0.01715	0.02604	0.01397	0.02223	0.01905	0.01270	0.01905	0.01080	0.01270	0.00762	0.00572	0.00572	0.00191	0.00889	0.00445	0.00254	0.00889
13	0.15057	0.01085	0.01648	0.64400	0.03637	0.01339	0.01498	0.01576	0.01172	0.01734	0.01030	0.01497	0.00776	0.00594	0.00563	0.00198	0.00745	0.00499	0.00285	0.00665
14	0.01420	0.01623	0.03550	0.02535	0.03144	0.01521	0.72921	0.01927	0.01420	0.01927	0.01217	0.01623	0.00913	0.00507	0.00710	0.00203	0.01014	0.00710	0.00304	0.00811
15	0.00957	0.00689	0.00953	0.01085	0.01226	0.00684	0.00945	0.01228	0.01384	0.01792	0.03321	0.06739	0.06802	0.01655	0.00825	0.00274	0.00542	0.67793	0.00554	0.00552

[dist]
# distance from previous block
# <min> <max>
0	1

[block]
# block no. 1 follows, 38 sequences, length 63
# corresponding to MSA columns:
# 78-140
name=unknown_B
#
# <colnr> <probs for GDERKNQSTAVLIFYWHMCP>
#	G	D	E	R	K	N	Q	S	T	A	V	L	I	F	Y	W	H	M	C	P
0	0.00956	0.00683	0.00954	0.01092	0.01225	0.00681	0.00945	0.01222	0.01371	0.01785	0.03193	0.10972	0.03492	0.01675	0.00827	0.00275	0.00542	0.67007	0.00554	0.00550
1	0.01397	0.01786	0.11454	0.02446	0.03085	0.01508	0.65180	0.01925	0.01403	0.01925	0.01202	0.01584	0.00896	0.00514	0.00695	0.00201	0.01000	0.00681	0.00299	0.00820
2	0.00734	0.00606	0.00644	0.00644	0.00829	0.00516	0.00479	0.00905	0.01412	0.01744	0.16686	0.09222	0.60508	0.01496	0.00714	0.00203	0.00304	0.01263	0.00575	0.00516
3	0.02699	0.01024	0.01396	0.01070	0.01536	0.00884	0.00884	0.02932	0.01722	0.75522	0.02373	0.02048	0.01489	0.00745	0.00605	0.00186	0.00512	0.00605	0.00745	0.01024
4	0.01045	0.00522	0.00784	0.00784	0.00784	0.00522	0.00522	0.00784	0.00784	0.01045	0.01045	0.01829	0.01045	0.02090	0.02351	0.82497	0.00522	0.00522	0.00261	0.00261
5	0.02211	0.01647	0.01763	0.01369	0.01837	0.01830	0.01125	0.66416	0.09635	0.03669	0.01540	0.01521	0.01101	0.00731	0.00603	0.00183	0.00644	0.00555	0.00603	0.01016
6	0.01136	0.01069	0.01804	0.77412	0.04143	0.01337	0.01671	0.01537	0.01203	0.01537	0.01069	0.01604	0.00802	0.00601	0.00601	0.00200	0.00802	0.00535	0.00267	0.00668
7	0.01207	0.03112	0.75741	0.01715	0.02604	0.01397	0.02223	0.01905	0.01270	0.01905	0.01080	0.01270	0.00762	0.00572	0.00572	0.00191	0.00889	0.00445	0.00254	0.00889
8	0.00934	0.00630	0.00705	0.00687	0.00707	0.00637	0.00397	0.03924	0.00957	0.01277	0.01876	0.03831	0.02138	0.75559	0.02958	0.00566	0.00587	0.00861	0.00375	0.00392
9	0.00754	0.00537	0.00707	0.00819	0.00864	0.00502	0.00549	0.00872	0.01197	0.01611	0.11063	0.66277	0.04066	0.06037	0.00887	0.00257	0.00355	0.01596	0.00559	0.00490
10	0.01477	0.01440	0.02346	0.11689	0.64794	0.04023	0.01803	0.01832	0.01363	0.01901	0.01118	0.01487	0.00930	0.00546	0.00594	0.00180	0.00737	0.00531	0.00295	0.00913
11	0.00859	0.00645	0.00967	0.00967	0.01074	0.00752	0.00752	0.01074	0.00967	0.01396	0.01611	0.02363	0.01504	0.04512	0.76474	0.00967	0.01611	0.00645	0.00322	0.00537
12	0.00872	0.00593	0.00706	0.00706	0.00723	0.00610	0.00427	0.00907	0.00890	0.01203	0.01850	0.03683	0.02077	0.66886	0.14884	0.00645	0.00749	0.00838	0.00358	0.00392
13	0.83108	0.01163	0.00884	0.00791	0.01163	0.01350	0.00651	0.01768	0.01024	0.02699	0.00838	0.00977	0.00651	0.00558	0.00372	0.00186	0.00465	0.00326	0.00372	0.00651
14	0.01876	0.01336	0.01467	0.01235	0.01628	0.01477	0.00984	0.18965	0.45819	0.15020	0.02209	0.02031	0.01594	0.00783	0.00609	0.00196	0.00524	0.00636	0.00632	0.00980
15	0.00875	0.00583	0.00656	0.00656	0.00656	0.00583	0.00365	0.00875	0.00875	0.01166	0.01895	0.03937	0.02187	0.78858	0.03062	0.00583	0.00583	0.00875	0.00365	0.00365
16	0.00960	0.00627	0.00711	0.00695	0.00739	0.00642	0.00431	0.03734	0.01007	0.01425	0.01866	0.03503	0.02007	0.60117	0.08070	0.00538	0.00623	0.00804	0.11073	0.00428
17	0.58344	0.01180	0.01070	0.00906	0.01303	0.01304	0.00745	0.07248	0.04371	0.16745	0.01245	0.01270	0.00889	0.00617	0.00444	0.00186	0.00489	0.00410	0.00471	0.00763
18	0.00765	0.00589	0.00697	0.00725	0.00860	0.00525	0.00526	0.00941	0.01395	0.01815	0.24300	0.25201	0.33264	0.02974	0.00772	0.00219	0.00322	0.03005	0.00584	0.00518
19	0.02421	0.01156	0.01442	0.01133	0.01576	0.01117	0.00927	0.14354	0.11501	0.52121	0.04229	0.02043	0.01575	0.00764	0.00608	0.00188	0.00525	0.00618	0.00701	0.01002
20	0.02120	0.01111	0.01351	0.01116	0.01514	0.01114	0.00895	0.02946	0.30823	0.42366	0.06137	0.02253	0.01845	0.00798	0.00613	0.00194	0.00486	0.00660	0.00687	0.00971
21	0.00762	0.00603	0.00685	0.00682	0.00848	0.00527	0.00505	0.00955	0.01466	0.01890	0.29686	0.12043	0.44305	0.01455	0.00716	0.00202	0.00302	0.01247	0.00595	0.00527
22	0.32497	0.01442	0.01419	0.01134	0.01562	0.01611	0.00932	0.42563	0.02071	0.05291	0.01255	0.01352	0.00928	0.02734	0.00581	0.00193	0.00582	0.00471	0.00514	0.00867
23	0.00733	0.00524	0.00698	0.00838	0.00873	0.00489	0.00558	0.00838	0.01152	0.01536	0.03316	0.78466	0.03979	0.01885	0.00768	0.00244	0.00349	0.01710	0.00558	0.00489
24	0.01504	0.01201	0.01274	0.01145	0.01469	0.01369	0.00891	0.02989	0.63148	0.05420	0.02392	0.02236	0.01790	0.00801	0.00591	0.00196	0.00456	0.00664	0.09550	0.00912
25	0.02086	0.00911	0.01213	0.00989	0.01347	0.00816	0.00793	0.02397	0.05216	0.50194	0.20488	0.06312	0.02669	0.00924	0.00639	0.00191	0.00445	0.00782	0.00709	0.00881
26	0.80895	0.01161	0.00909	0.02859	0.01244	0.01349	0.00679	0.01762	0.01029	0.02668	0.00844	0.00994	0.00656	0.00560	0.00378	0.00187	0.00474	0.00331	0.00369	0.00652
27	0.02699	0.01024	0.01396	0.01070	0.01536	0.00884	0.00884	0.02932	0.01722	0.75522	0.02373	0.02048	0.01489	0.00745	0.00605	0.00186	0.00512	0.00605	0.00745	0.01024
28	0.00751	0.00602	0.00651	0.00661	0.00820	0.00525	0.00479	0.00899	0.01332	0.01651	0.12304	0.11691	0.52097	0.09995	0.00976	0.00249	0.00343	0.02929	0.00548	0.00498
29	0.01446	0.01415	0.02500	0.10886	0.60181	0.01430	0.09610	0.01824	0.01359	0.01919	0.01135	0.01515	0.00934	0.00539	0.00609	0.00183	0.00756	0.00555	0.00295	0.00909
30	0.07349	0.01380	0.02015	0.37563	0.25099	0.07765	0.05408	0.03169	0.01327	0.01812	0.01075	0.01477	0.00845	0.00577	0.00584	0.00189	0.00784	0.00517	0.00296	0.00770
31	0.01416	0.01355	0.02310	0.18967	0.60402	0.01410	0.01810	0.01782	0.01335	0.01877	0.01119	0.01513	0.00922	0.00550	0.00597	0.00183	0.00733	0.00536	0.00291	0.00894
32	0.01543	0.01574	0.02307	0.11469	0.56494	0.10771	0.03434	0.01884	0.01394	0.01856	0.01102	0.01454	0.00913	0.00553	0.00592	0.00179	0.00777	0.00521	0.00296	0.00887
33	0.01191	0.01009	0.01187	0.00885	0.01365	0.00768	0.00696	0.01441	0.01237	0.01914	0.01315	0.09702	0.01229	0.00603	0.00481	0.00106	0.00435	0.00505	0.00379	0.73553
34	0.10382	0.00980	0.01231	0.00986	0.01368	0.00910	0.00798	0.05765	0.01673	0.48950	0.15364	0.02420	0.02169	0.03421	0.00682	0.00200	0.00475	0.00671	0.00673	0.00881
35	0.00824	0.00569	0.00695	0.00759	0.00788	0.00554	0.00487	0.00889	0.01032	0.01367	0.02637	0.32609	0.04711	0.41724	0.01959	0.00421	0.00485	0.06602	0.00458	0.00430
36	0.00759	0.00540	0.00689	0.00794	0.00833	0.00508	0.00520	0.00851	0.01125	0.01493	0.04647	0.60692	0.06912	0.15260	0.01164	0.00300	0.00386	0.01532	0.00527	0.00469
37	0.01399	0.00747	0.00928	0.00832	0.01022	0.00701	0.00599	0.01619	0.05082	0.22635	0.14844	0.09551	0.07500	0.28125	0.01497	0.00331	0.00469	0.00918	0.00564	0.00636
38	0.01247	0.01069	0.01247	0.00891	0.01426	0.00802	0.00713	0.01515	0.01247	0.01960	0.01069	0.01247	0.00891	0.00446	0.00446	0.00089	0.00446	0.00356	0.00356	0.82536
39	0.00745	0.00601	0.00666	0.00693	0.00858	0.00522	0.00517	0.00910	0.01370	0.01701	0.12435	0.17650	0.51772	0.01562	0.00728	0.00213	0.00325	0.05650	0.00569	0.00514
40	0.00802	0.00613	0.00736	0.00705	0.00868	0.00547	0.00529	0.01040	0.01586	0.02136	0.50641	0.04949	0.29996	0.01333	0.00710	0.00194	0.00291	0.01152	0.00626	0.00547
41	0.01247	0.01069	0.01247	0.00891	0.01426	0.00802	0.00713	0.01515	0.01247	0.01960	0.01069	0.01247	0.00891	0.00446	0.00446	0.00089	0.00446	0.00356	0.00356	0.82536
42	0.00733	0.00524	0.00698	0.00838	0.00873	0.00489	0.00558	0.00838	0.01152	0.01536	0.03316	0.78466	0.03979	0.01885	0.00768	0.00244	0.00349	0.01710	0.00558	0.00489
43	0.31323	0.01477	0.01451	0.01163	0.01597	0.01661	0.00957	0.43833	0.05849	0.03333	0.01278	0.01318	0.00931	0.00668	0.00520	0.00184	0.00582	0.00471	0.00520	0.00886
44	0.00902	0.00581	0.00646	0.00646	0.00661	0.00581	0.00371	0.00933	0.00917	0.01284	0.01903	0.03751	0.02116	0.70301	0.02773	0.00535	0.00550	0.00840	0.09324	0.00386
45	0.00774	0.00612	0.00697	0.00676	0.00851	0.00535	0.00507	0.00986	0.01521	0.01980	0.37103	0.05205	0.43631	0.01391	0.00710	0.00197	0.00295	0.01188	0.00605	0.00535
46	0.00786	0.00546	0.00682	0.00770	0.00792	0.00524	0.00486	0.00852	0.01048	0.01398	0.02785	0.50613	0.03309	0.30651	0.01625	0.00371	0.00437	0.01398	0.00486	0.00442
47	0.01883	0.01121	0.01308	0.01111	0.01482	0.01166	0.00882	0.02874	0.39158	0.30302	0.06223	0.02461	0.05594	0.00845	0.00619	0.00196	0.00471	0.00702	0.00662	0.00938
48	0.00860	0.00642	0.00952	0.00952	0.01054	0.00744	0.00733	0.01065	0.00962	0.01386	0.01625	0.02438	0.01537	0.08058	0.72973	0.00949	0.01562	0.00656	0.00324	0.00529
49	0.01413	0.01672	0.05959	0.02508	0.03126	0.01517	0.70561	0.01926	0.01415	0.01926	0.01212	0.01611	0.00908	0.00509	0.00705	0.00202	0.01010	0.00701	0.00303	0.00814
50	0.00878	0.00632	0.00902	0.00942	0.01043	0.00695	0.00733	0.01084	0.01070	0.01511	0.02104	0.11543	0.02154	0.07376	0.47531	0.00708	0.01171	0.13067	0.04329	0.00527
51	0.01608	0.79220	0.03152	0.01029	0.01544	0.02380	0.01029	0.01801	0.01222	0.01415	0.00836	0.00965	0.00772	0.00515	0.00386	0.00129	0.00643	0.00322	0.00257	0.00772
52	0.01154	0.00852	0.01245	0.01165	0.01364	0.00840	0.08665	0.10162	0.01472	0.05621	0.02776	0.40169	0.03032	0.01481	0.00747	0.00236	0.00516	0.17325	0.00544	0.00632
53	0.60058	0.01079	0.00965	0.00836	0.01199	0.01183	0.00683	0.01902	0.01220	0.15386	0.09202	0.01549	0.01348	0.00664	0.00450	0.00186	0.00454	0.00458	0.00469	0.00707
54	0.00859	0.00645	0.00967	0.00967	0.01074	0.00752	0.00752	0.01074	0.00967	0.01396	0.01611	0.02363	0.01504	0.04512	0.76474	0.00967	0.01611	0.00645	0.00322	0.00537
55	0.83108	0.01163	0.00884	0.00791	0.01163	0.01350	0.00651	0.01768	0.01024	0.02699	0.00838	0.00977	0.00651	0.00558	0.00372	0.00186	0.00465	0.00326	0.00372	0.00651
56	0.01527	0.01307	0.01377	0.01230	0.01576	0.01510	0.00960	0.05883	0.71283	0.02565	0.02410	0.02214	0.01805	0.00813	0.00612	0.00203	0.00483	0.00675	0.00612	0.00955
57	0.00745	0.00532	0.00712	0.00851	0.00891	0.00499	0.00579	0.00858	0.01163	0.01549	0.03309	0.74881	0.03953	0.01874	0.00771	0.00246	0.00359	0.05179	0.00558	0.00492
58	0.00779	0.00606	0.00806	0.09170	0.01220	0.00590	0.00660	0.00935	0.01231	0.01600	0.07330	0.51184	0.18400	0.01636	0.00735	0.00228	0.00386	0.01458	0.00532	0.00516
59	0.10290	0.01637	0.12088	0.02006	0.05236	0.01452	0.37207	0.01859	0.05017	0.01955	0.01209	0.01562	0.00948	0.00897	0.06592	0.00263	0.08081	0.00603	0.00318	0.00781
60	0.01136	0.01069	0.01804	0.77412	0.04143	0.01337	0.01671	0.01537	0.01203	0.01537	0.01069	0.01604	0.00802	0.00601	0.00601	0.00200	0.00802	0.00535	0.00267	0.00668
61	0.00956	0.00684	0.00951	0.01069	0.01208	0.00679	0.00925	0.01234	0.01420	0.01867	0.11025	0.06535	0.03705	0.01615	0.00818	0.00267	0.00524	0.63396	0.00566	0.00555
62	0.01389	0.01327	0.02261	0.24639	0.54943	0.01403	0.01796	0.01758	0.01322	0.01844	0.01114	0.01522	0.00910	0.00555	0.00597	0.00185	0.00739	0.00536	0.00289	0.00872

[dist]
# distance from previous block
# <min> <max>
0	43

# created by:
# /software/SequenceAnalysis/GenePrediction/augustus/3.0.1/scripts/msa2prfl.pl ./fixed/BUSCOvEOG7WDFT3.fas
