[name]
unknown

[dist]
# distance from previous block
# <min> <max>
0	162

[block]
# block no. 0 follows, 40 sequences, length 35
# corresponding to MSA columns:
# 163-197
name=unknown_A
#
# <colnr> <probs for GDERKNQSTAVLIFYWHMCP>
#	G	D	E	R	K	N	Q	S	T	A	V	L	I	F	Y	W	H	M	C	P
0	0.00715	0.00590	0.00628	0.00618	0.00803	0.00503	0.00464	0.00888	0.01391	0.01727	0.20199	0.05339	0.61294	0.01415	0.00687	0.00194	0.00290	0.01191	0.00561	0.00503
1	0.00831	0.00623	0.00935	0.00935	0.01038	0.00727	0.00727	0.01038	0.00935	0.01350	0.01558	0.02285	0.01454	0.04361	0.77259	0.00935	0.01558	0.00623	0.00312	0.00519
2	0.01357	0.01538	0.03336	0.06748	0.03094	0.01460	0.69725	0.01841	0.01361	0.01841	0.01168	0.01568	0.00876	0.00495	0.00680	0.00196	0.00969	0.00677	0.00292	0.00776
3	0.02199	0.01576	0.01704	0.01314	0.01772	0.01734	0.01083	0.66791	0.05896	0.07735	0.01490	0.01464	0.01050	0.00703	0.00582	0.00176	0.00624	0.00533	0.00590	0.00986
4	0.00982	0.00565	0.00853	0.09297	0.01121	0.00590	0.00626	0.00847	0.00844	0.01118	0.01278	0.10159	0.01328	0.04524	0.01945	0.62153	0.00519	0.00642	0.00288	0.00323
5	0.00763	0.00564	0.00733	0.00815	0.00902	0.00506	0.00556	0.00882	0.01124	0.01530	0.02966	0.70583	0.03517	0.01668	0.00708	0.00220	0.00348	0.01509	0.00518	0.09588
6	0.01555	0.79913	0.03047	0.00995	0.01493	0.02301	0.00995	0.01741	0.01182	0.01368	0.00808	0.00933	0.00746	0.00498	0.00373	0.00124	0.00622	0.00311	0.00249	0.00746
7	0.01479	0.01362	0.02210	0.13288	0.58150	0.01416	0.01687	0.09710	0.01458	0.02039	0.01119	0.01449	0.00909	0.00546	0.00577	0.00176	0.00696	0.00519	0.00316	0.00892
8	0.02254	0.01560	0.01703	0.01305	0.01769	0.01701	0.01078	0.66326	0.02619	0.11498	0.01493	0.01459	0.01038	0.00700	0.00582	0.00175	0.00624	0.00530	0.00597	0.00989
9	0.01575	0.01221	0.01319	0.01167	0.01509	0.01381	0.00913	0.03062	0.66809	0.10584	0.02359	0.02149	0.01738	0.00781	0.00591	0.00195	0.00464	0.00649	0.00606	0.00928
10	0.01206	0.01034	0.01206	0.00861	0.01378	0.00775	0.00689	0.01464	0.01206	0.01895	0.01034	0.01206	0.00861	0.00431	0.00431	0.00086	0.00431	0.00345	0.00345	0.83118
11	0.00890	0.00698	0.00969	0.00944	0.01000	0.00826	0.00706	0.01025	0.00927	0.01321	0.01678	0.10957	0.01761	0.20826	0.39979	0.00666	0.13224	0.00770	0.00337	0.00494
12	0.01370	0.01200	0.01504	0.01290	0.01617	0.01349	0.08938	0.05277	0.52423	0.02245	0.02072	0.02093	0.01597	0.01316	0.12692	0.00313	0.00697	0.00650	0.00514	0.00845
13	0.02163	0.00948	0.01237	0.00991	0.01375	0.00862	0.00803	0.02544	0.09541	0.55275	0.12413	0.02468	0.05046	0.00822	0.00603	0.00183	0.00453	0.00682	0.00688	0.00902
14	0.04507	0.00782	0.01154	0.00974	0.01216	0.00727	0.08689	0.01449	0.01569	0.12770	0.48779	0.03690	0.06554	0.01044	0.00663	0.00187	0.00401	0.03611	0.00594	0.00638
15	0.01795	0.01512	0.02152	0.70114	0.04203	0.01641	0.01812	0.01955	0.01594	0.02140	0.01725	0.02471	0.01440	0.01040	0.00872	0.00318	0.00979	0.00735	0.00502	0.01002
16	0.01717	0.01041	0.01274	0.01244	0.01313	0.00941	0.00825	0.01307	0.01234	0.01717	0.01704	0.02664	0.01649	0.02320	0.02377	0.74063	0.00739	0.00724	0.00496	0.00652
17	0.01256	0.00683	0.00905	0.00815	0.01019	0.00615	0.00622	0.01493	0.01577	0.20872	0.46504	0.13181	0.05799	0.01156	0.00667	0.00189	0.00338	0.01013	0.00645	0.00649
18	0.07520	0.00704	0.00864	0.00795	0.00981	0.00679	0.00612	0.03989	0.01602	0.08022	0.55610	0.07205	0.04480	0.01126	0.00655	0.00187	0.00331	0.03421	0.00614	0.00601
19	0.01446	0.01249	0.01315	0.01183	0.01512	0.01446	0.00920	0.03090	0.74885	0.02433	0.02367	0.02170	0.01775	0.00789	0.00592	0.00197	0.00460	0.00657	0.00592	0.00920
20	0.00709	0.00506	0.00675	0.00810	0.00843	0.00472	0.00540	0.00810	0.01113	0.01484	0.03205	0.79184	0.03846	0.01822	0.00742	0.00236	0.00337	0.01653	0.00540	0.00472
21	0.58434	0.09701	0.01055	0.00782	0.01106	0.01254	0.00645	0.01539	0.01051	0.02260	0.01486	0.10462	0.06873	0.00758	0.00432	0.00182	0.00444	0.00542	0.00383	0.00613
22	0.00759	0.00782	0.09044	0.00903	0.01028	0.00569	0.00717	0.00924	0.01126	0.01524	0.02967	0.70585	0.03503	0.01682	0.00721	0.00230	0.00395	0.01518	0.00507	0.00515
23	0.02105	0.01486	0.01619	0.01275	0.01712	0.01632	0.01042	0.52499	0.16689	0.11258	0.01682	0.01610	0.01191	0.00718	0.00584	0.00180	0.00589	0.00556	0.00599	0.00976
24	0.01115	0.00632	0.00764	0.00714	0.00801	0.00604	0.00460	0.01184	0.01071	0.13087	0.09911	0.06434	0.02437	0.55782	0.02258	0.00450	0.00513	0.00857	0.00448	0.00478
25	0.00820	0.00658	0.00822	0.00786	0.00914	0.00659	0.00596	0.01023	0.01411	0.01914	0.39105	0.12439	0.25388	0.01322	0.00827	0.00200	0.08915	0.01108	0.00557	0.00533
26	0.00831	0.00623	0.00935	0.00935	0.01038	0.00727	0.00727	0.01038	0.00935	0.01350	0.01558	0.02285	0.01454	0.04361	0.77259	0.00935	0.01558	0.00623	0.00312	0.00519
27	0.00881	0.00641	0.00865	0.00979	0.01109	0.00625	0.00827	0.01118	0.01323	0.01713	0.05680	0.14212	0.11448	0.01602	0.00780	0.00254	0.00479	0.54400	0.00540	0.00524
28	0.00697	0.00580	0.00609	0.00621	0.00796	0.00492	0.00458	0.00847	0.01321	0.01605	0.09589	0.13457	0.63940	0.01494	0.00693	0.00200	0.00298	0.01263	0.00546	0.00492
29	0.01098	0.01034	0.01744	0.78165	0.04005	0.01292	0.01615	0.01486	0.01163	0.01486	0.01034	0.01550	0.00775	0.00581	0.00581	0.00194	0.00775	0.00517	0.00258	0.00646
30	0.00823	0.00594	0.00777	0.00732	0.00869	0.00549	0.00549	0.01097	0.01646	0.02332	0.75629	0.04344	0.05487	0.01189	0.00686	0.00183	0.00274	0.01052	0.00640	0.00549
31	0.00832	0.00617	0.00902	0.00902	0.00995	0.00709	0.00687	0.01018	0.00925	0.01326	0.01587	0.02448	0.01525	0.12467	0.69250	0.00895	0.01451	0.00647	0.00316	0.00501
32	0.00704	0.00522	0.00658	0.00767	0.00832	0.00476	0.00521	0.00814	0.01154	0.01501	0.03720	0.65076	0.17621	0.01755	0.00732	0.00229	0.00329	0.01572	0.00540	0.00476
33	0.00709	0.00506	0.00675	0.00810	0.00843	0.00472	0.00540	0.00810	0.01113	0.01484	0.03205	0.79184	0.03846	0.01822	0.00742	0.00236	0.00337	0.01653	0.00540	0.00472
34	0.01363	0.01538	0.03305	0.02361	0.02945	0.01431	0.69673	0.01840	0.01363	0.01865	0.01168	0.01548	0.00881	0.00487	0.00672	0.00190	0.00949	0.00667	0.00297	0.05457

[dist]
# distance from previous block
# <min> <max>
0	19

[block]
# block no. 1 follows, 40 sequences, length 13
# corresponding to MSA columns:
# 217-229
name=unknown_B
#
# <colnr> <probs for GDERKNQSTAVLIFYWHMCP>
#	G	D	E	R	K	N	Q	S	T	A	V	L	I	F	Y	W	H	M	C	P
0	0.00879	0.00603	0.00745	0.00795	0.00844	0.00603	0.00567	0.00978	0.01027	0.01353	0.02290	0.04817	0.02567	0.50929	0.02168	0.00455	0.00553	0.26989	0.00420	0.00420
1	0.00980	0.00779	0.00910	0.00947	0.01089	0.00830	0.00680	0.01647	0.28210	0.01833	0.02897	0.50896	0.03085	0.01442	0.00687	0.00222	0.00383	0.01287	0.00559	0.00637
2	0.01634	0.01197	0.01335	0.01081	0.01403	0.01282	0.00864	0.43637	0.02242	0.03051	0.28684	0.02597	0.02696	0.04741	0.00736	0.00197	0.00502	0.00733	0.00592	0.00796
3	0.01023	0.00840	0.01011	0.00842	0.01182	0.00664	0.00634	0.01224	0.01172	0.01744	0.01831	0.29848	0.01958	0.00942	0.00545	0.00141	0.00396	0.00825	0.00416	0.52762
4	0.01314	0.01254	0.02134	0.30969	0.49515	0.01349	0.01722	0.01675	0.01265	0.01748	0.01072	0.01480	0.00868	0.00541	0.00578	0.00180	0.00722	0.00518	0.00277	0.00820
5	0.00826	0.00605	0.00835	0.00806	0.00931	0.00614	0.00614	0.01076	0.01385	0.01971	0.48422	0.03587	0.04006	0.02354	0.28812	0.00459	0.00746	0.00894	0.00519	0.00538
6	0.01427	0.50940	0.02371	0.00946	0.01451	0.01741	0.00883	0.01640	0.01191	0.01562	0.00891	0.01033	0.00789	0.00473	0.00394	0.00110	0.00552	0.00323	0.00284	0.31002
7	0.01206	0.01034	0.01206	0.00861	0.01378	0.00775	0.00689	0.01464	0.01206	0.01895	0.01034	0.01206	0.00861	0.00431	0.00431	0.00086	0.00431	0.00345	0.00345	0.83118
8	0.02219	0.02013	0.01687	0.01380	0.01784	0.29455	0.01098	0.43711	0.02276	0.06884	0.01263	0.01301	0.00926	0.00663	0.00561	0.00166	0.00782	0.00472	0.00486	0.00873
9	0.00875	0.00717	0.01093	0.29238	0.02033	0.00792	0.00964	0.01103	0.01178	0.01551	0.06427	0.41167	0.02773	0.01315	0.00685	0.00220	0.00509	0.06375	0.00442	0.00545
10	0.01116	0.00887	0.01056	0.01080	0.01280	0.00964	0.00872	0.01932	0.31922	0.01991	0.02801	0.15275	0.02765	0.01297	0.00706	0.00234	0.00475	0.32098	0.00560	0.00687
11	0.01189	0.11756	0.40020	0.29678	0.02937	0.01446	0.01810	0.01699	0.01198	0.01653	0.01011	0.01310	0.00752	0.00556	0.00541	0.00180	0.00799	0.00447	0.00251	0.00767
12	0.01734	0.42106	0.11587	0.01261	0.01731	0.29705	0.01184	0.01967	0.01359	0.01447	0.00871	0.01012	0.00746	0.00542	0.00451	0.00141	0.00808	0.00349	0.00267	0.00734

[dist]
# distance from previous block
# <min> <max>
0	8

[block]
# block no. 2 follows, 40 sequences, length 11
# corresponding to MSA columns:
# 238-248
name=unknown_C
#
# <colnr> <probs for GDERKNQSTAVLIFYWHMCP>
#	G	D	E	R	K	N	Q	S	T	A	V	L	I	F	Y	W	H	M	C	P
0	0.02163	0.01571	0.01693	0.01313	0.01766	0.01735	0.01080	0.65182	0.08708	0.06524	0.01514	0.01484	0.01073	0.00707	0.00583	0.00177	0.00619	0.00537	0.00588	0.00983
1	0.00745	0.00522	0.00664	0.00762	0.00787	0.00497	0.00489	0.00819	0.01041	0.01388	0.02835	0.58875	0.03380	0.22767	0.01340	0.00324	0.00398	0.01436	0.00489	0.00440
2	0.01195	0.01566	0.21505	0.01076	0.01685	0.00930	0.01082	0.01566	0.01212	0.01881	0.01036	0.01212	0.00828	0.00463	0.00463	0.00113	0.00546	0.00367	0.00318	0.60956
3	0.23499	0.01102	0.01078	0.00979	0.01262	0.01262	0.00748	0.02345	0.42678	0.02263	0.01859	0.02111	0.01523	0.13807	0.00923	0.00253	0.00475	0.00596	0.00489	0.00748
4	0.01590	0.01371	0.01969	0.06587	0.39655	0.01390	0.01410	0.21170	0.01676	0.02352	0.01162	0.01395	0.00922	0.00556	0.00554	0.00160	0.00639	0.00491	0.00375	0.14578
5	0.02016	0.01895	0.03319	0.02493	0.03064	0.01775	0.55871	0.14168	0.01908	0.02626	0.01724	0.02234	0.01394	0.00879	0.00880	0.00286	0.01061	0.00810	0.00523	0.01076
6	0.01958	0.02102	0.01530	0.01328	0.01645	0.44170	0.01023	0.21429	0.01940	0.02178	0.13446	0.01690	0.01601	0.00724	0.00567	0.00162	0.00810	0.00527	0.00432	0.00738
7	0.14748	0.02021	0.43534	0.01281	0.01835	0.01106	0.01463	0.01542	0.01157	0.01873	0.01587	0.22183	0.01557	0.00892	0.00572	0.00197	0.00651	0.00740	0.00344	0.00717
8	0.08318	0.02787	0.50057	0.01540	0.02207	0.21790	0.01746	0.01960	0.01321	0.01793	0.00985	0.01156	0.00731	0.00564	0.00529	0.00175	0.00876	0.00405	0.00270	0.00790
9	0.00846	0.00564	0.00634	0.00634	0.00634	0.00564	0.00352	0.00846	0.00846	0.01128	0.01832	0.03805	0.02114	0.79563	0.02960	0.00564	0.00564	0.00846	0.00352	0.00352
10	0.23375	0.01116	0.01688	0.49060	0.03124	0.01315	0.09220	0.01587	0.01139	0.01830	0.00989	0.01389	0.00748	0.00560	0.00533	0.00190	0.00710	0.00481	0.00290	0.00657

[dist]
# distance from previous block
# <min> <max>
0	3

[block]
# block no. 3 follows, 40 sequences, length 9
# corresponding to MSA columns:
# 252-260
name=unknown_D
#
# <colnr> <probs for GDERKNQSTAVLIFYWHMCP>
#	G	D	E	R	K	N	Q	S	T	A	V	L	I	F	Y	W	H	M	C	P
0	0.01010	0.00857	0.01337	0.45740	0.02701	0.01007	0.01198	0.01286	0.01125	0.01453	0.01608	0.03026	0.01574	0.18703	0.01164	0.00292	0.00681	0.14346	0.00333	0.00558
1	0.01177	0.01083	0.01647	0.60694	0.03439	0.01327	0.01457	0.01850	0.17894	0.01701	0.01336	0.01691	0.01002	0.00629	0.00584	0.00195	0.00704	0.00549	0.00334	0.00708
2	0.00709	0.00506	0.00675	0.00810	0.00843	0.00472	0.00540	0.00810	0.01113	0.01484	0.03205	0.79184	0.03846	0.01822	0.00742	0.00236	0.00337	0.01653	0.00540	0.00472
3	0.01093	0.00914	0.01085	0.00850	0.01257	0.00706	0.00655	0.01316	0.01185	0.01802	0.01526	0.18903	0.01539	0.00746	0.00501	0.00120	0.00409	0.00642	0.00389	0.64362
4	0.01241	0.20082	0.45479	0.16224	0.02571	0.01555	0.01784	0.01750	0.01205	0.01666	0.00988	0.01223	0.00746	0.00546	0.00517	0.00172	0.00789	0.00420	0.00249	0.00793
5	0.01178	0.00643	0.00774	0.00720	0.00808	0.00615	0.00458	0.01226	0.01016	0.15612	0.01987	0.07080	0.02068	0.60657	0.02396	0.00474	0.00540	0.00834	0.00432	0.00481
6	0.01422	0.01231	0.01860	0.02514	0.44634	0.01256	0.01371	0.15454	0.01548	0.02145	0.01631	0.19075	0.01598	0.00849	0.00615	0.00187	0.00601	0.00777	0.00402	0.00832
7	0.00885	0.00604	0.00695	0.00702	0.00731	0.00606	0.00425	0.04358	0.00988	0.01318	0.02075	0.18189	0.02393	0.60815	0.02419	0.00482	0.00524	0.00985	0.00399	0.00406
8	0.02623	0.01781	0.02094	0.01963	0.02158	0.01548	0.06067	0.02065	0.01869	0.02656	0.02581	0.03769	0.02437	0.02593	0.02401	0.57334	0.01062	0.01010	0.00803	0.01186

[dist]
# distance from previous block
# <min> <max>
19	91

# created by:
# /software/SequenceAnalysis/GenePrediction/augustus/3.0.1/scripts/msa2prfl.pl ./fixed/BUSCOvEOG78D296.fas
