[name]
unknown

[dist]
# distance from previous block
# <min> <max>
0	64

[block]
# block no. 0 follows, 40 sequences, length 24
# corresponding to MSA columns:
# 65-88
name=unknown_A
#
# <colnr> <probs for GDERKNQSTAVLIFYWHMCP>
#	G	D	E	R	K	N	Q	S	T	A	V	L	I	F	Y	W	H	M	C	P
0	0.02609	0.00990	0.01350	0.01035	0.01484	0.00855	0.00855	0.02834	0.01664	0.76338	0.02294	0.01979	0.01439	0.00720	0.00585	0.00180	0.00495	0.00585	0.00720	0.00990
1	0.00846	0.00564	0.00634	0.00634	0.00634	0.00564	0.00352	0.00846	0.00846	0.01128	0.01832	0.03805	0.02114	0.79563	0.02960	0.00564	0.00564	0.00846	0.00352	0.00352
2	0.02609	0.00990	0.01350	0.01035	0.01484	0.00855	0.00855	0.02834	0.01664	0.76338	0.02294	0.01979	0.01439	0.00720	0.00585	0.00180	0.00495	0.00585	0.00720	0.00990
3	0.02172	0.02772	0.01648	0.01498	0.01798	0.77228	0.01124	0.02322	0.01648	0.01423	0.00899	0.01049	0.00749	0.00599	0.00524	0.00150	0.01049	0.00375	0.00300	0.00674
4	0.01206	0.01034	0.01206	0.00861	0.01378	0.00775	0.00689	0.01464	0.01206	0.01895	0.01034	0.01206	0.00861	0.00431	0.00431	0.00086	0.00431	0.00345	0.00345	0.83118
5	0.01166	0.03008	0.76550	0.01657	0.02517	0.01351	0.02149	0.01842	0.01228	0.01842	0.01044	0.01228	0.00737	0.00552	0.00552	0.00184	0.00859	0.00430	0.00246	0.00859
6	0.01555	0.79913	0.03047	0.00995	0.01493	0.02301	0.00995	0.01741	0.01182	0.01368	0.00808	0.00933	0.00746	0.00498	0.00373	0.00124	0.00622	0.00311	0.00249	0.00746
7	0.02609	0.00990	0.01350	0.01035	0.01484	0.00855	0.00855	0.02834	0.01664	0.76338	0.02294	0.01979	0.01439	0.00720	0.00585	0.00180	0.00495	0.00585	0.00720	0.00990
8	0.00828	0.00742	0.04393	0.01025	0.01166	0.00633	0.07117	0.01024	0.01208	0.01625	0.07578	0.53570	0.03479	0.01576	0.00734	0.00231	0.00442	0.11587	0.00511	0.00531
9	0.01130	0.01067	0.01803	0.71105	0.10813	0.01300	0.01631	0.01514	0.01178	0.01525	0.01039	0.01540	0.00789	0.00575	0.00581	0.00192	0.00767	0.00517	0.00261	0.00672
10	0.01292	0.01309	0.01774	0.06566	0.01699	0.04403	0.01290	0.01438	0.00935	0.01406	0.00786	0.01283	0.00764	0.00974	0.01772	0.00247	0.70662	0.00505	0.00256	0.00638
11	0.83671	0.01125	0.00855	0.00765	0.01125	0.01305	0.00630	0.01709	0.00990	0.02609	0.00810	0.00945	0.00630	0.00540	0.00360	0.00180	0.00450	0.00315	0.00360	0.00630
12	0.83671	0.01125	0.00855	0.00765	0.01125	0.01305	0.00630	0.01709	0.00990	0.02609	0.00810	0.00945	0.00630	0.00540	0.00360	0.00180	0.00450	0.00315	0.00360	0.00630
13	0.00782	0.00589	0.00749	0.00800	0.00916	0.00519	0.00555	0.00916	0.01163	0.01585	0.06335	0.60553	0.07745	0.01578	0.00693	0.00210	0.00345	0.01418	0.00517	0.12032
14	0.01341	0.01657	0.09394	0.02338	0.02933	0.01433	0.65407	0.01839	0.01359	0.01857	0.01230	0.01711	0.00954	0.00533	0.00679	0.00198	0.00955	0.03100	0.00298	0.00782
15	0.00834	0.00609	0.00862	0.00862	0.00941	0.00687	0.00636	0.00992	0.00913	0.01296	0.01624	0.02653	0.01614	0.22581	0.59258	0.00845	0.01317	0.00677	0.00321	0.00479
16	0.01056	0.00651	0.00765	0.00732	0.00834	0.00732	0.00559	0.01277	0.01107	0.01872	0.01697	0.02201	0.01441	0.07736	0.11014	0.00293	0.10797	0.00574	0.54128	0.00536
17	0.01098	0.01034	0.01744	0.78165	0.04005	0.01292	0.01615	0.01486	0.01163	0.01486	0.01034	0.01550	0.00775	0.00581	0.00581	0.00194	0.00775	0.00517	0.00258	0.00646
18	0.01813	0.04244	0.18234	0.01406	0.01934	0.05158	0.03725	0.41284	0.09049	0.02850	0.01498	0.01534	0.03235	0.00680	0.00574	0.00178	0.00691	0.00529	0.00475	0.00910
19	0.01555	0.79913	0.03047	0.00995	0.01493	0.02301	0.00995	0.01741	0.01182	0.01368	0.00808	0.00933	0.00746	0.00498	0.00373	0.00124	0.00622	0.00311	0.00249	0.00746
20	0.01283	0.01159	0.01639	0.01175	0.01702	0.00950	0.14119	0.04879	0.01307	0.01971	0.01076	0.01281	0.00871	0.00454	0.00484	0.00110	0.00541	0.00415	0.00346	0.64237
21	0.01463	0.69891	0.02780	0.00987	0.01435	0.02102	0.00961	0.01652	0.01150	0.01366	0.00903	0.01104	0.00836	0.00986	0.10091	0.00227	0.00740	0.00350	0.00257	0.00718
22	0.00823	0.00594	0.00777	0.00732	0.00869	0.00549	0.00549	0.01097	0.01646	0.02332	0.75629	0.04344	0.05487	0.01189	0.00686	0.00183	0.00274	0.01052	0.00640	0.00549
23	0.01214	0.12509	0.67470	0.01576	0.02390	0.01468	0.02006	0.01829	0.01222	0.01783	0.01015	0.01191	0.00738	0.00546	0.00530	0.00177	0.00830	0.00415	0.00246	0.00845

[dist]
# distance from previous block
# <min> <max>
3	6

[block]
# block no. 1 follows, 40 sequences, length 8
# corresponding to MSA columns:
# 97-104
name=unknown_B
#
# <colnr> <probs for GDERKNQSTAVLIFYWHMCP>
#	G	D	E	R	K	N	Q	S	T	A	V	L	I	F	Y	W	H	M	C	P
0	0.02067	0.00870	0.01176	0.00943	0.01298	0.00762	0.00762	0.02307	0.01659	0.53891	0.24538	0.02697	0.02667	0.00862	0.00615	0.00181	0.00428	0.00726	0.00696	0.00856
1	0.01304	0.01365	0.02299	0.01817	0.02001	0.01684	0.24044	0.01545	0.01042	0.01545	0.00893	0.01365	0.00801	0.00852	0.01525	0.00236	0.54168	0.00565	0.00267	0.00683
2	0.04621	0.01582	0.21168	0.36672	0.02934	0.03620	0.06899	0.01563	0.01220	0.01681	0.03699	0.07009	0.03500	0.00699	0.00588	0.00192	0.00746	0.00612	0.00304	0.00692
3	0.01964	0.02458	0.02112	0.01746	0.02121	0.57500	0.20056	0.02202	0.01576	0.01538	0.00971	0.01184	0.00784	0.00571	0.00567	0.00162	0.01031	0.00456	0.00298	0.00703
4	0.01555	0.79913	0.03047	0.00995	0.01493	0.02301	0.00995	0.01741	0.01182	0.01368	0.00808	0.00933	0.00746	0.00498	0.00373	0.00124	0.00622	0.00311	0.00249	0.00746
5	0.00846	0.00604	0.00832	0.00967	0.01061	0.00591	0.00779	0.01047	0.01249	0.01638	0.03129	0.35549	0.03546	0.01692	0.00779	0.00255	0.00456	0.43933	0.00537	0.00510
6	0.01438	0.02649	0.57070	0.01574	0.02331	0.01468	0.01877	0.20632	0.01620	0.02316	0.01135	0.01272	0.00802	0.00590	0.00560	0.00182	0.00802	0.00454	0.00333	0.00893
7	0.01866	0.01810	0.01528	0.01319	0.01675	0.24556	0.01030	0.21322	0.33852	0.02447	0.01668	0.01628	0.01259	0.00708	0.00569	0.00177	0.00686	0.00537	0.00500	0.00863

[dist]
# distance from previous block
# <min> <max>
0	1

[block]
# block no. 2 follows, 40 sequences, length 11
# corresponding to MSA columns:
# 106-116
name=unknown_C
#
# <colnr> <probs for GDERKNQSTAVLIFYWHMCP>
#	G	D	E	R	K	N	Q	S	T	A	V	L	I	F	Y	W	H	M	C	P
0	0.00836	0.00626	0.00889	0.00889	0.01000	0.00678	0.00668	0.01016	0.00973	0.01389	0.01802	0.14368	0.01839	0.09130	0.55094	0.00745	0.01224	0.00783	0.00352	0.05697
1	0.01206	0.01034	0.01206	0.00861	0.01378	0.00775	0.00689	0.01464	0.01206	0.01895	0.01034	0.01206	0.00861	0.00431	0.00431	0.00086	0.00431	0.00345	0.00345	0.83118
2	0.00846	0.00564	0.00634	0.00634	0.00634	0.00564	0.00352	0.00846	0.00846	0.01128	0.01832	0.03805	0.02114	0.79563	0.02960	0.00564	0.00564	0.00846	0.00352	0.00352
3	0.00709	0.00506	0.00675	0.00810	0.00843	0.00472	0.00540	0.00810	0.01113	0.01484	0.03205	0.79184	0.03846	0.01822	0.00742	0.00236	0.00337	0.01653	0.00540	0.00472
4	0.00846	0.00564	0.00634	0.00634	0.00634	0.00564	0.00352	0.00846	0.00846	0.01128	0.01832	0.03805	0.02114	0.79563	0.02960	0.00564	0.00564	0.00846	0.00352	0.00352
5	0.00709	0.00506	0.00675	0.00810	0.00843	0.00472	0.00540	0.00810	0.01113	0.01484	0.03205	0.79184	0.03846	0.01822	0.00742	0.00236	0.00337	0.01653	0.00540	0.00472
6	0.75263	0.01074	0.00863	0.00782	0.01116	0.01246	0.00640	0.01641	0.00984	0.02481	0.00886	0.01081	0.00713	0.00928	0.08164	0.00257	0.00562	0.00346	0.00355	0.00619
7	0.01426	0.00970	0.08599	0.00912	0.01155	0.00763	0.00743	0.04467	0.01244	0.23336	0.02095	0.15308	0.02017	0.32550	0.01561	0.00344	0.00539	0.00847	0.00489	0.00635
8	0.00911	0.00621	0.00779	0.00734	0.00903	0.00560	0.00561	0.01155	0.01566	0.06801	0.53077	0.04555	0.20214	0.01237	0.00685	0.00189	0.00303	0.03965	0.00619	0.00564
9	0.00831	0.00623	0.00935	0.00935	0.01038	0.00727	0.00727	0.01038	0.00935	0.01350	0.01558	0.02285	0.01454	0.04361	0.77259	0.00935	0.01558	0.00623	0.00312	0.00519
10	0.01973	0.01468	0.01634	0.09069	0.01929	0.01640	0.01096	0.57339	0.06581	0.03265	0.01451	0.01512	0.01048	0.00690	0.00570	0.00175	0.00617	0.00532	0.06495	0.00918

[dist]
# distance from previous block
# <min> <max>
0	1

[block]
# block no. 3 follows, 40 sequences, length 28
# corresponding to MSA columns:
# 118-145
name=unknown_D
#
# <colnr> <probs for GDERKNQSTAVLIFYWHMCP>
#	G	D	E	R	K	N	Q	S	T	A	V	L	I	F	Y	W	H	M	C	P
0	0.00833	0.00573	0.00705	0.00754	0.00793	0.00563	0.00507	0.00918	0.01036	0.01381	0.06715	0.19532	0.02885	0.45258	0.01991	0.00422	0.00496	0.13778	0.00440	0.00421
1	0.00937	0.00716	0.00861	0.00914	0.01030	0.00741	0.00647	0.04988	0.16437	0.01791	0.02940	0.59332	0.03274	0.01552	0.00703	0.00225	0.00378	0.01390	0.00553	0.00591
2	0.61380	0.06972	0.04488	0.00929	0.01310	0.07549	0.00804	0.05126	0.01145	0.02405	0.00853	0.00995	0.00673	0.00564	0.00439	0.00176	0.02835	0.00340	0.00349	0.00669
3	0.01206	0.01034	0.01206	0.00861	0.01378	0.00775	0.00689	0.01464	0.01206	0.01895	0.01034	0.01206	0.00861	0.00431	0.00431	0.00086	0.00431	0.00345	0.00345	0.83118
4	0.01922	0.22419	0.04038	0.01283	0.01670	0.31623	0.01080	0.16850	0.01692	0.04117	0.01063	0.01181	0.00852	0.00614	0.00545	0.00153	0.03666	0.00409	0.04059	0.00765
5	0.01086	0.00906	0.01084	0.00854	0.01252	0.00711	0.00660	0.01310	0.01174	0.01785	0.01504	0.17276	0.01502	0.00900	0.04074	0.00156	0.00464	0.00626	0.00383	0.62291
6	0.01282	0.00773	0.00914	0.00820	0.00978	0.00766	0.00569	0.05671	0.08030	0.13904	0.04691	0.07685	0.02050	0.41145	0.01869	0.03451	0.00515	0.00792	0.00467	0.03628
7	0.00935	0.00637	0.00781	0.00734	0.00910	0.00578	0.00554	0.01201	0.03546	0.07717	0.46210	0.08222	0.23285	0.01248	0.00679	0.00189	0.00305	0.01082	0.00614	0.00573
8	0.02609	0.00990	0.01350	0.01035	0.01484	0.00855	0.00855	0.02834	0.01664	0.76338	0.02294	0.01979	0.01439	0.00720	0.00585	0.00180	0.00495	0.00585	0.00720	0.00990
9	0.01131	0.00972	0.01766	0.33157	0.02611	0.01070	0.16748	0.01313	0.01061	0.01400	0.01049	0.01623	0.00879	0.01071	0.01223	0.28889	0.02685	0.00549	0.00264	0.00539
10	0.00979	0.00664	0.00866	0.00927	0.01077	0.00641	0.00749	0.01254	0.04636	0.06696	0.09094	0.21926	0.12628	0.01509	0.00742	0.00236	0.00434	0.33816	0.00560	0.00564
11	0.01272	0.01272	0.01781	0.01527	0.01527	0.01781	0.01272	0.01399	0.00891	0.01399	0.00763	0.01272	0.00763	0.01018	0.01908	0.00254	0.78499	0.00509	0.00254	0.00636
12	0.00846	0.00564	0.00634	0.00634	0.00634	0.00564	0.00352	0.00846	0.00846	0.01128	0.01832	0.03805	0.02114	0.79563	0.02960	0.00564	0.00564	0.00846	0.00352	0.00352
13	0.00773	0.00592	0.00869	0.04801	0.01102	0.00573	0.04394	0.00901	0.01109	0.01478	0.02888	0.65610	0.03408	0.07468	0.00896	0.00256	0.00410	0.01485	0.00499	0.00488
14	0.00830	0.00595	0.00734	0.00713	0.00863	0.00534	0.00529	0.01050	0.01503	0.04314	0.46979	0.13088	0.23477	0.01320	0.00690	0.00192	0.00294	0.01151	0.00605	0.00539
15	0.00841	0.00570	0.00661	0.00652	0.00678	0.00561	0.00389	0.00893	0.00996	0.01353	0.15653	0.03906	0.02746	0.64885	0.02534	0.00492	0.00510	0.00884	0.00406	0.00389
16	0.00816	0.00546	0.00642	0.00681	0.00697	0.00536	0.00409	0.00858	0.00940	0.01277	0.02235	0.25672	0.02591	0.53451	0.02202	0.00450	0.00485	0.01067	0.04049	0.00396
17	0.00770	0.00570	0.00723	0.00787	0.00875	0.00538	0.00551	0.00990	0.04638	0.01752	0.21932	0.49964	0.10574	0.01582	0.00716	0.00217	0.00323	0.01416	0.00568	0.00514
18	0.66290	0.01039	0.00858	0.00760	0.01099	0.01170	0.00621	0.01761	0.01077	0.08883	0.01074	0.01188	0.00808	0.00573	0.00385	0.00174	0.00431	0.00367	0.10793	0.00650
19	0.01098	0.01034	0.01744	0.78165	0.04005	0.01292	0.01615	0.01486	0.01163	0.01486	0.01034	0.01550	0.00775	0.00581	0.00581	0.00194	0.00775	0.00517	0.00258	0.00646
20	0.00840	0.00602	0.00783	0.00828	0.00953	0.00569	0.00652	0.01074	0.01420	0.01939	0.32092	0.16442	0.10977	0.01419	0.00719	0.00217	0.00367	0.23306	0.04273	0.00527
21	0.00870	0.00587	0.00765	0.00764	0.00888	0.00538	0.00556	0.01083	0.01468	0.05731	0.46290	0.27303	0.08206	0.01374	0.00698	0.00200	0.00306	0.01222	0.00608	0.00544
22	0.01272	0.01272	0.01781	0.01527	0.01527	0.01781	0.01272	0.01399	0.00891	0.01399	0.00763	0.01272	0.00763	0.01018	0.01908	0.00254	0.78499	0.00509	0.00254	0.00636
23	0.01609	0.01330	0.01406	0.01216	0.01574	0.01522	0.00960	0.18146	0.59565	0.02694	0.02161	0.02005	0.01608	0.00770	0.00590	0.00192	0.00498	0.00629	0.00590	0.00935
24	0.00932	0.00611	0.00806	0.00754	0.00900	0.00562	0.00565	0.01176	0.01592	0.06657	0.65531	0.07171	0.05013	0.01218	0.00741	0.03256	0.00299	0.01028	0.00626	0.00561
25	0.02609	0.00990	0.01350	0.01035	0.01484	0.00855	0.00855	0.02834	0.01664	0.76338	0.02294	0.01979	0.01439	0.00720	0.00585	0.00180	0.00495	0.00585	0.00720	0.00990
26	0.00831	0.00623	0.00935	0.00935	0.01038	0.00727	0.00727	0.01038	0.00935	0.01350	0.01558	0.02285	0.01454	0.04361	0.77259	0.00935	0.01558	0.00623	0.00312	0.00519
27	0.00727	0.00520	0.00695	0.00821	0.00865	0.00488	0.00563	0.00847	0.01154	0.01543	0.06966	0.71155	0.03903	0.01777	0.00743	0.00235	0.00345	0.05628	0.00545	0.00480

[dist]
# distance from previous block
# <min> <max>
0	1

[block]
# block no. 4 follows, 40 sequences, length 30
# corresponding to MSA columns:
# 147-176
name=unknown_E
#
# <colnr> <probs for GDERKNQSTAVLIFYWHMCP>
#	G	D	E	R	K	N	Q	S	T	A	V	L	I	F	Y	W	H	M	C	P
0	0.04190	0.01271	0.02078	0.06690	0.49270	0.01250	0.04337	0.01973	0.01373	0.17084	0.01328	0.01537	0.01007	0.00559	0.00570	0.00173	0.00650	0.00526	0.00379	0.03756
1	0.00723	0.00517	0.00692	0.00827	0.00867	0.00485	0.00565	0.00835	0.01128	0.01501	0.03197	0.74500	0.03814	0.01808	0.00746	0.00238	0.00350	0.06191	0.00540	0.00476
2	0.01325	0.01336	0.01866	0.44155	0.17543	0.10128	0.04079	0.01751	0.05709	0.01647	0.01115	0.01494	0.00868	0.00574	0.00572	0.00180	0.00765	0.00508	0.00294	0.04090
3	0.02246	0.01001	0.01312	0.00990	0.01457	0.00834	0.00812	0.02480	0.01546	0.57092	0.01968	0.01779	0.01290	0.00645	0.00545	0.00156	0.00478	0.00523	0.00623	0.22222
4	0.01193	0.01034	0.01268	0.09844	0.01683	0.00835	0.00797	0.01467	0.01201	0.01847	0.01034	0.01246	0.00851	0.00448	0.00448	0.00099	0.00471	0.00365	0.00335	0.73535
5	0.01161	0.00986	0.01051	0.00983	0.01241	0.01078	0.00750	0.02228	0.46511	0.02121	0.06182	0.11057	0.20092	0.01078	0.00634	0.00200	0.00400	0.00914	0.00576	0.00755
6	0.01098	0.01034	0.01744	0.78165	0.04005	0.01292	0.01615	0.01486	0.01163	0.01486	0.01034	0.01550	0.00775	0.00581	0.00581	0.00194	0.00775	0.00517	0.00258	0.00646
7	0.02211	0.01629	0.01745	0.01338	0.01803	0.01803	0.01105	0.73997	0.02734	0.03665	0.01396	0.01396	0.00989	0.00698	0.00582	0.00175	0.00640	0.00524	0.00582	0.00989
8	0.10406	0.00622	0.00747	0.00766	0.00889	0.00607	0.00555	0.01057	0.01364	0.02037	0.38983	0.32833	0.04289	0.01358	0.00670	0.00203	0.00319	0.01198	0.00569	0.00529
9	0.02453	0.01046	0.01361	0.01064	0.01500	0.00963	0.00872	0.05661	0.10519	0.64588	0.02268	0.01979	0.01462	0.00727	0.00586	0.00182	0.00496	0.00591	0.00699	0.00981
10	0.00831	0.00623	0.00935	0.00935	0.01038	0.00727	0.00727	0.01038	0.00935	0.01350	0.01558	0.02285	0.01454	0.04361	0.77259	0.00935	0.01558	0.00623	0.00312	0.00519
11	0.01358	0.01046	0.01162	0.01034	0.01316	0.01149	0.00804	0.06382	0.43720	0.06276	0.23495	0.02746	0.02780	0.00893	0.00613	0.00189	0.00413	0.00757	0.03059	0.00809
12	0.00919	0.00582	0.00762	0.00795	0.00908	0.00531	0.00566	0.01084	0.01328	0.08831	0.23491	0.46214	0.08733	0.01518	0.00708	0.00213	0.00332	0.01356	0.00585	0.00544
13	0.07502	0.00998	0.01320	0.01018	0.01463	0.00882	0.00841	0.02766	0.01624	0.71888	0.02205	0.01917	0.01391	0.00709	0.00571	0.00180	0.00492	0.00569	0.00698	0.00968
14	0.01373	0.01569	0.03431	0.02451	0.03039	0.01471	0.73824	0.01863	0.01373	0.01863	0.01176	0.01569	0.00882	0.00490	0.00686	0.00196	0.00980	0.00686	0.00294	0.00784
15	0.00837	0.00555	0.00713	0.00776	0.00852	0.00514	0.00529	0.00959	0.01197	0.05439	0.13000	0.51387	0.08517	0.10689	0.00980	0.00261	0.00360	0.01394	0.00541	0.00497
16	0.01348	0.01062	0.01243	0.00897	0.01407	0.00833	0.00721	0.05304	0.01314	0.06787	0.01134	0.01266	0.00905	0.00463	0.00448	0.00097	0.00446	0.00369	0.00381	0.73575
17	0.01084	0.00542	0.00542	0.00542	0.00678	0.00542	0.00407	0.01355	0.01220	0.02168	0.01897	0.02168	0.01491	0.00678	0.00407	0.00136	0.00271	0.00542	0.82791	0.00542
18	0.01540	0.00742	0.00959	0.00827	0.01054	0.00670	0.00618	0.01710	0.01408	0.31938	0.20223	0.07182	0.06197	0.20876	0.01223	0.00281	0.00441	0.00850	0.00590	0.00671
19	0.02211	0.01629	0.01745	0.01338	0.01803	0.01803	0.01105	0.73997	0.02734	0.03665	0.01396	0.01396	0.00989	0.00698	0.00582	0.00175	0.00640	0.00524	0.00582	0.00989
20	0.00937	0.00669	0.00937	0.01071	0.01205	0.00669	0.00937	0.01205	0.01339	0.01740	0.03079	0.06560	0.03347	0.01606	0.00803	0.00268	0.00535	0.72021	0.00535	0.00535
21	0.02526	0.00970	0.01316	0.01016	0.01444	0.00841	0.00831	0.02740	0.01626	0.72780	0.02272	0.02066	0.01471	0.04449	0.00697	0.00198	0.00498	0.00597	0.00702	0.00960
22	0.00717	0.00520	0.00673	0.00783	0.00836	0.00481	0.00528	0.00830	0.01158	0.01536	0.07878	0.66843	0.09781	0.03500	0.00784	0.00237	0.00335	0.01563	0.00542	0.00476
23	0.01373	0.01569	0.03431	0.02451	0.03039	0.01471	0.73824	0.01863	0.01373	0.01863	0.01176	0.01569	0.00882	0.00490	0.00686	0.00196	0.00980	0.00686	0.00294	0.00784
24	0.00697	0.00585	0.00605	0.00609	0.00793	0.00493	0.00453	0.00849	0.01334	0.01612	0.09961	0.09317	0.67756	0.01474	0.00690	0.00198	0.00296	0.01239	0.00546	0.00493
25	0.00725	0.00527	0.00684	0.00778	0.00842	0.00486	0.00533	0.00857	0.01216	0.01626	0.14910	0.60976	0.10308	0.01691	0.00729	0.00224	0.00324	0.01521	0.00556	0.00486
26	0.00999	0.00553	0.00790	0.00804	0.00857	0.00551	0.00576	0.00941	0.00966	0.03617	0.06058	0.10357	0.01860	0.02010	0.08212	0.48405	0.00556	0.07254	0.04255	0.00378
27	0.01604	0.02336	0.47951	0.01467	0.02166	0.01315	0.01692	0.11484	0.05310	0.16962	0.01407	0.01448	0.00963	0.00617	0.00565	0.00183	0.00738	0.00485	0.00402	0.00905
28	0.04891	0.00964	0.04992	0.00942	0.01272	0.00824	0.00793	0.05357	0.03343	0.32311	0.33980	0.02904	0.03116	0.00908	0.00618	0.00182	0.00422	0.00768	0.00637	0.00776
29	0.02127	0.00943	0.01260	0.01060	0.04001	0.00841	0.00815	0.02415	0.05044	0.53598	0.09779	0.02383	0.04073	0.04856	0.00715	0.00197	0.00473	0.00657	0.00651	0.04111

[dist]
# distance from previous block
# <min> <max>
2	8

# created by:
# /software/SequenceAnalysis/GenePrediction/augustus/3.0.1/scripts/msa2prfl.pl ./fixed/BUSCOvEOG793503.fas
