[name]
unknown

[dist]
# distance from previous block
# <min> <max>
0	278

[block]
# block no. 0 follows, 40 sequences, length 6
# corresponding to MSA columns:
# 333-338
name=unknown_A
#
# <colnr> <probs for GDERKNQSTAVLIFYWHMCP>
#	G	D	E	R	K	N	Q	S	T	A	V	L	I	F	Y	W	H	M	C	P
0	0.01576	0.01269	0.01375	0.01208	0.01546	0.01434	0.00971	0.21241	0.46204	0.02659	0.02211	0.02563	0.01784	0.00876	0.00618	0.00201	0.00517	0.10279	0.00582	0.00886
1	0.11330	0.13771	0.01925	0.01502	0.08331	0.29967	0.07916	0.01924	0.01370	0.01718	0.00941	0.01130	0.00782	0.00531	0.00486	0.00145	0.00770	0.00395	0.00305	0.14760
2	0.01053	0.00964	0.01606	0.65006	0.03500	0.01196	0.01464	0.01410	0.01124	0.01463	0.01123	0.01675	0.00891	0.01225	0.13646	0.00320	0.00909	0.00535	0.00267	0.00624
3	0.01108	0.00772	0.01080	0.00938	0.01188	0.00677	0.07114	0.01325	0.01241	0.07971	0.04835	0.32110	0.02354	0.01074	0.00593	0.00174	0.00416	0.00966	0.14506	0.19557
4	0.00767	0.00568	0.00737	0.00816	0.00906	0.00508	0.00557	0.00886	0.01124	0.01533	0.02950	0.70039	0.03496	0.01659	0.00706	0.00219	0.00348	0.01500	0.00517	0.10165
5	0.00715	0.00531	0.00667	0.00757	0.00834	0.00483	0.00521	0.00842	0.01207	0.01582	0.10613	0.57058	0.18685	0.01691	0.00726	0.00223	0.00323	0.01509	0.00549	0.00483

[dist]
# distance from previous block
# <min> <max>
0	4

[block]
# block no. 1 follows, 40 sequences, length 13
# corresponding to MSA columns:
# 343-355
name=unknown_B
#
# <colnr> <probs for GDERKNQSTAVLIFYWHMCP>
#	G	D	E	R	K	N	Q	S	T	A	V	L	I	F	Y	W	H	M	C	P
0	0.01206	0.01034	0.01206	0.00861	0.01378	0.00775	0.00689	0.01464	0.01206	0.01895	0.01034	0.01206	0.00861	0.00431	0.00431	0.00086	0.00431	0.00345	0.00345	0.83118
1	0.01282	0.01172	0.01694	0.01426	0.01560	0.01484	0.07128	0.10325	0.01170	0.01705	0.01082	0.01575	0.00981	0.01803	0.21222	0.00416	0.42444	0.00555	0.00313	0.00662
2	0.01996	0.01290	0.01384	0.01153	0.01533	0.07012	0.00919	0.12004	0.30000	0.29454	0.05397	0.02013	0.01640	0.00756	0.00587	0.00184	0.00533	0.00610	0.00617	0.00919
3	0.00858	0.00587	0.00687	0.00710	0.00737	0.00584	0.00433	0.03566	0.00992	0.01323	0.02203	0.24974	0.02561	0.54695	0.02246	0.00457	0.00503	0.01061	0.00414	0.00410
4	0.01819	0.01336	0.01456	0.01210	0.01586	0.01478	0.00966	0.33747	0.31795	0.09027	0.02002	0.07687	0.01563	0.00822	0.00598	0.00189	0.00532	0.00669	0.00594	0.00922
5	0.01200	0.01122	0.01884	0.35685	0.35348	0.01230	0.01557	0.01534	0.01228	0.01668	0.01329	0.11105	0.01219	0.00707	0.00599	0.00190	0.00684	0.00658	0.00306	0.00746
6	0.01366	0.01166	0.01906	0.20842	0.42948	0.01204	0.01497	0.01687	0.01315	0.08227	0.01777	0.02027	0.10182	0.00669	0.00592	0.00181	0.00645	0.00611	0.00350	0.00808
7	0.01530	0.01049	0.01417	0.01046	0.01520	0.00863	0.07385	0.03633	0.01402	0.18760	0.07821	0.01691	0.01399	0.00574	0.00515	0.00128	0.00487	0.00496	0.00456	0.47829
8	0.01800	0.04971	0.14990	0.10818	0.02101	0.01493	0.01286	0.28393	0.12930	0.13046	0.01537	0.01565	0.01089	0.00666	0.00570	0.00181	0.00647	0.00526	0.00489	0.00903
9	0.01442	0.32056	0.05510	0.01143	0.01607	0.07316	0.06982	0.06118	0.01394	0.01812	0.10198	0.01518	0.01384	0.00590	0.00483	0.00137	0.00611	0.00464	0.00346	0.18887
10	0.30417	0.06110	0.01645	0.01830	0.27290	0.01384	0.01113	0.10633	0.01369	0.02336	0.02535	0.01347	0.02338	0.00571	0.00481	0.00167	0.00560	0.00445	0.00363	0.07065
11	0.12871	0.01369	0.01539	0.01297	0.06187	0.01434	0.00997	0.39607	0.02067	0.16768	0.01432	0.01429	0.01009	0.00644	0.00538	0.00167	0.00570	0.00489	0.00537	0.09050
12	0.01600	0.01168	0.01302	0.01017	0.01422	0.01141	0.00816	0.30995	0.01836	0.04881	0.01515	0.08200	0.01268	0.00700	0.00521	0.00144	0.00490	0.00563	0.10669	0.29752

[dist]
# distance from previous block
# <min> <max>
8	31

[block]
# block no. 2 follows, 40 sequences, length 26
# corresponding to MSA columns:
# 392-417
name=unknown_C
#
# <colnr> <probs for GDERKNQSTAVLIFYWHMCP>
#	G	D	E	R	K	N	Q	S	T	A	V	L	I	F	Y	W	H	M	C	P
0	0.01924	0.01427	0.01540	0.01253	0.01661	0.01590	0.01012	0.39786	0.32366	0.08279	0.01859	0.01756	0.01344	0.00737	0.00586	0.00184	0.00556	0.00583	0.00596	0.00961
1	0.01391	0.01028	0.01225	0.00884	0.01392	0.00786	0.00711	0.01645	0.01266	0.11721	0.01200	0.01308	0.00938	0.00469	0.00451	0.00099	0.00439	0.00376	0.00394	0.72278
2	0.01703	0.01249	0.01383	0.01159	0.01479	0.01354	0.00914	0.49265	0.02186	0.02928	0.02007	0.27683	0.01954	0.01078	0.00636	0.00195	0.00538	0.00905	0.00568	0.00814
3	0.01206	0.01034	0.01206	0.00861	0.01378	0.00775	0.00689	0.01464	0.01206	0.01895	0.01034	0.01206	0.00861	0.00431	0.00431	0.00086	0.00431	0.00345	0.00345	0.83118
4	0.01927	0.01609	0.02315	0.01714	0.02221	0.01691	0.25679	0.49621	0.02274	0.03056	0.01322	0.01454	0.00953	0.00628	0.00617	0.00182	0.00755	0.00579	0.00485	0.00920
5	0.02135	0.01005	0.01301	0.00976	0.01449	0.00828	0.00799	0.02371	0.01509	0.51182	0.01868	0.01718	0.01244	0.00622	0.00533	0.00148	0.00473	0.00504	0.00593	0.28743
6	0.00863	0.00739	0.00798	0.00681	0.00986	0.00587	0.00525	0.01047	0.01285	0.01680	0.04250	0.04113	0.50410	0.01121	0.00601	0.00159	0.00341	0.00929	0.00474	0.28413
7	0.01324	0.01264	0.02152	0.28777	0.51628	0.01351	0.01727	0.01684	0.01270	0.01760	0.01073	0.01477	0.00872	0.00540	0.00578	0.00180	0.00719	0.00518	0.00278	0.00828
8	0.02609	0.00990	0.01350	0.01035	0.01484	0.00855	0.00855	0.02834	0.01664	0.76338	0.02294	0.01979	0.01439	0.00720	0.00585	0.00180	0.00495	0.00585	0.00720	0.00990
9	0.01967	0.00826	0.01122	0.00959	0.01268	0.00725	0.00748	0.02150	0.01478	0.51043	0.02602	0.28069	0.02253	0.01092	0.00638	0.00199	0.00442	0.00946	0.00659	0.00815
10	0.30002	0.01035	0.01182	0.00943	0.01363	0.01007	0.00779	0.02454	0.01436	0.51423	0.01793	0.01630	0.01166	0.00659	0.00509	0.00180	0.00480	0.00494	0.00598	0.00868
11	0.01192	0.01086	0.01791	0.02637	0.50560	0.01074	0.01364	0.01455	0.01253	0.01759	0.01807	0.27711	0.01910	0.00959	0.00632	0.00194	0.00571	0.00902	0.00373	0.00769
12	0.01779	0.01332	0.01470	0.01252	0.01601	0.03249	0.01049	0.47660	0.02236	0.02960	0.01953	0.03133	0.01780	0.01003	0.00655	0.00205	0.00615	0.24681	0.00559	0.00828
13	0.02216	0.01077	0.01338	0.01085	0.01494	0.01055	0.00877	0.02921	0.26408	0.51364	0.02319	0.02044	0.01553	0.00743	0.00587	0.00186	0.00483	0.00609	0.00676	0.00966
14	0.02372	0.01229	0.01480	0.01150	0.01595	0.01228	0.00945	0.26904	0.08492	0.45254	0.01997	0.01799	0.01317	0.00719	0.00584	0.00180	0.00541	0.00571	0.00662	0.00983
15	0.00764	0.00604	0.00777	0.00942	0.06133	0.00552	0.00613	0.00906	0.01211	0.01555	0.03958	0.45361	0.27897	0.01602	0.00715	0.00220	0.00357	0.04798	0.00522	0.00513
16	0.01339	0.01468	0.02874	0.02139	0.02528	0.01576	0.49306	0.01706	0.01210	0.01706	0.01037	0.01468	0.00842	0.00668	0.01099	0.00216	0.27176	0.00626	0.00281	0.00734
17	0.00953	0.00807	0.01097	0.01015	0.01086	0.00951	0.00792	0.01145	0.01290	0.01857	0.36632	0.17461	0.03580	0.01251	0.01110	0.00217	0.26720	0.00982	0.00491	0.00564
18	0.01533	0.00964	0.01060	0.00940	0.01225	0.01034	0.00735	0.02458	0.36822	0.15636	0.02195	0.02135	0.01619	0.00739	0.00528	0.00173	0.00403	0.00605	0.28392	0.00805
19	0.01405	0.01300	0.01941	0.10778	0.43057	0.01394	0.01474	0.02194	0.26165	0.02035	0.01518	0.01698	0.01194	0.00616	0.00582	0.00183	0.00622	0.00565	0.00387	0.00891
20	0.01141	0.01189	0.02384	0.01831	0.02191	0.01155	0.43946	0.01474	0.01251	0.01702	0.01833	0.27776	0.01876	0.00977	0.00791	0.00214	0.06226	0.01001	0.00374	0.00668
21	0.00706	0.00565	0.00635	0.00687	0.00825	0.00493	0.00499	0.00844	0.01254	0.01550	0.04849	0.30510	0.47955	0.01597	0.00711	0.00213	0.00321	0.04760	0.00540	0.00487
22	0.01909	0.01353	0.01616	0.01298	0.01713	0.01462	0.06109	0.26919	0.32153	0.16101	0.01942	0.01832	0.01386	0.00725	0.00594	0.00186	0.00564	0.00601	0.00590	0.00946
23	0.01437	0.01298	0.02385	0.27735	0.02993	0.01381	0.31198	0.04697	0.04046	0.09519	0.01267	0.01599	0.00932	0.00601	0.00719	0.00197	0.06291	0.00598	0.00346	0.00761
24	0.01106	0.11719	0.41781	0.01230	0.01754	0.01203	0.01399	0.01493	0.01093	0.01542	0.01281	0.02062	0.01203	0.27246	0.01344	0.00305	0.00730	0.00556	0.00282	0.00674
25	0.01219	0.17398	0.36880	0.27382	0.02819	0.01517	0.01742	0.01702	0.01197	0.01629	0.00994	0.01279	0.00752	0.00551	0.00527	0.00176	0.00784	0.00436	0.00251	0.00765

[dist]
# distance from previous block
# <min> <max>
2	5

[block]
# block no. 3 follows, 40 sequences, length 7
# corresponding to MSA columns:
# 424-430
name=unknown_D
#
# <colnr> <probs for GDERKNQSTAVLIFYWHMCP>
#	G	D	E	R	K	N	Q	S	T	A	V	L	I	F	Y	W	H	M	C	P
0	0.01630	0.49524	0.19975	0.01156	0.01731	0.01851	0.01243	0.01936	0.01268	0.13256	0.01097	0.01166	0.00853	0.00545	0.00448	0.00147	0.00657	0.00382	0.00322	0.00811
1	0.01202	0.10087	0.69784	0.01596	0.02423	0.01438	0.02042	0.01832	0.01223	0.01798	0.01022	0.01201	0.00738	0.00547	0.00536	0.00179	0.00838	0.00419	0.00246	0.00849
2	0.01310	0.31498	0.49320	0.01412	0.02137	0.01703	0.01721	0.01804	0.01211	0.01666	0.00956	0.01118	0.00740	0.00532	0.00486	0.00162	0.00771	0.00386	0.00247	0.00818
3	0.00875	0.00703	0.00977	0.01193	0.12665	0.00660	0.00749	0.01095	0.01385	0.01870	0.27618	0.21420	0.18419	0.01318	0.00691	0.00203	0.00379	0.06670	0.00533	0.00577
4	0.02156	0.01371	0.09230	0.01340	0.01842	0.01153	0.10983	0.11532	0.07345	0.43909	0.01909	0.01789	0.01262	0.00674	0.00596	0.00183	0.00613	0.00581	0.00587	0.00943
5	0.01373	0.01160	0.01369	0.01027	0.01465	0.01074	0.00834	0.12850	0.01403	0.02105	0.01054	0.01245	0.00868	0.00553	0.00656	0.00123	0.11122	0.00395	0.00369	0.58955
6	0.12508	0.02012	0.33861	0.01909	0.13823	0.01310	0.16235	0.01781	0.01239	0.01985	0.01113	0.01364	0.00839	0.00543	0.00546	0.00180	0.00756	0.00489	0.06709	0.00798

[dist]
# distance from previous block
# <min> <max>
0	2

[block]
# block no. 4 follows, 40 sequences, length 8
# corresponding to MSA columns:
# 433-440
name=unknown_E
#
# <colnr> <probs for GDERKNQSTAVLIFYWHMCP>
#	G	D	E	R	K	N	Q	S	T	A	V	L	I	F	Y	W	H	M	C	P
0	0.02172	0.02772	0.01648	0.01498	0.01798	0.77228	0.01124	0.02322	0.01648	0.01423	0.00899	0.01049	0.00749	0.00599	0.00524	0.00150	0.01049	0.00375	0.00300	0.00674
1	0.00798	0.00585	0.00693	0.00693	0.00772	0.00583	0.00466	0.00889	0.00999	0.01303	0.02884	0.03936	0.22221	0.40121	0.20055	0.00551	0.00727	0.00898	0.00394	0.00430
2	0.01009	0.00789	0.01110	0.01443	0.21371	0.00789	0.00747	0.01104	0.00977	0.01340	0.01629	0.03154	0.01786	0.57795	0.02303	0.00456	0.00599	0.00755	0.00335	0.00509
3	0.02030	0.23187	0.02104	0.01244	0.01718	0.01940	0.01075	0.54098	0.02307	0.03032	0.01234	0.01269	0.00922	0.00643	0.00524	0.00161	0.00635	0.00465	0.00490	0.00922
4	0.01232	0.00639	0.00861	0.00872	0.01020	0.00578	0.00627	0.01367	0.01265	0.22098	0.02954	0.57922	0.03183	0.01518	0.00699	0.00221	0.00381	0.01359	0.00589	0.00615
5	0.08640	0.01212	0.05890	0.00948	0.01466	0.00947	0.00815	0.07635	0.01333	0.04865	0.01092	0.01229	0.00865	0.00481	0.00450	0.00111	0.00479	0.00371	0.00374	0.60797
6	0.01600	0.31516	0.28340	0.01321	0.01936	0.01832	0.01428	0.21675	0.01625	0.02166	0.01052	0.01163	0.00810	0.00572	0.00493	0.00159	0.00710	0.00411	0.00339	0.00853
7	0.01507	0.06248	0.02283	0.07953	0.52650	0.01485	0.03982	0.09800	0.04755	0.02057	0.01165	0.01447	0.00945	0.00552	0.00569	0.00173	0.00686	0.00518	0.00330	0.00895

[dist]
# distance from previous block
# <min> <max>
7	17

[block]
# block no. 5 follows, 40 sequences, length 8
# corresponding to MSA columns:
# 464-471
name=unknown_F
#
# <colnr> <probs for GDERKNQSTAVLIFYWHMCP>
#	G	D	E	R	K	N	Q	S	T	A	V	L	I	F	Y	W	H	M	C	P
0	0.04115	0.01522	0.24043	0.01264	0.01719	0.00977	0.10890	0.01627	0.01304	0.12802	0.08975	0.06681	0.10546	0.09910	0.00885	0.00233	0.00624	0.00750	0.00426	0.00709
1	0.08225	0.01307	0.01255	0.01003	0.01413	0.11234	0.00791	0.09684	0.07423	0.02179	0.09741	0.01624	0.01448	0.00608	0.00496	0.00132	0.00523	0.00473	0.00420	0.40022
2	0.08244	0.01023	0.01185	0.09496	0.01579	0.01126	0.00865	0.03794	0.32399	0.06837	0.22091	0.02539	0.02522	0.00839	0.00592	0.00187	0.00449	0.00705	0.00550	0.02979
3	0.08249	0.11505	0.01527	0.01036	0.01371	0.01025	0.09130	0.01736	0.01491	0.20149	0.30459	0.02755	0.05473	0.00858	0.00592	0.00176	0.00471	0.00742	0.00540	0.00714
4	0.01503	0.06315	0.01338	0.00952	0.01378	0.00996	0.00771	0.06100	0.09895	0.14848	0.07665	0.05334	0.01586	0.00669	0.00516	0.00138	0.00453	0.00549	0.00479	0.38514
5	0.01358	0.08553	0.44248	0.01578	0.02247	0.01314	0.11412	0.01874	0.01303	0.09918	0.01403	0.01919	0.01121	0.00674	0.00587	0.00190	0.00781	0.08363	0.00336	0.00819
6	0.01154	0.08359	0.38641	0.01479	0.02062	0.01260	0.11243	0.01719	0.06217	0.01859	0.09602	0.10640	0.01709	0.00772	0.00595	0.00188	0.00705	0.00679	0.00353	0.00765
7	0.01234	0.01057	0.07262	0.00982	0.01275	0.00897	0.00802	0.09836	0.09459	0.06915	0.02098	0.26260	0.02112	0.11601	0.00924	0.00234	0.00486	0.00902	0.00479	0.15186

[dist]
# distance from previous block
# <min> <max>
6	29

[block]
# block no. 6 follows, 40 sequences, length 20
# corresponding to MSA columns:
# 504-523
name=unknown_G
#
# <colnr> <probs for GDERKNQSTAVLIFYWHMCP>
#	G	D	E	R	K	N	Q	S	T	A	V	L	I	F	Y	W	H	M	C	P
0	0.01196	0.07027	0.18590	0.01612	0.02142	0.01216	0.28453	0.01631	0.01373	0.01935	0.18240	0.02050	0.01898	0.00659	0.00608	0.00174	0.00708	0.00652	0.00365	0.09471
1	0.01404	0.35449	0.01989	0.00973	0.01392	0.01523	0.00851	0.10858	0.01377	0.01824	0.01351	0.14365	0.01335	0.00731	0.00478	0.00140	0.00525	0.00575	0.00367	0.22494
2	0.42316	0.28519	0.01693	0.00896	0.01311	0.01616	0.00796	0.01912	0.05567	0.09308	0.01047	0.01114	0.00818	0.00558	0.00400	0.00162	0.00515	0.00360	0.00370	0.00723
3	0.01845	0.01008	0.01648	0.01262	0.01655	0.00905	0.16769	0.02142	0.01595	0.39586	0.22287	0.02542	0.02434	0.00799	0.00635	0.00184	0.00540	0.00736	0.00604	0.00823
4	0.16147	0.01367	0.09323	0.01121	0.01603	0.01192	0.01009	0.18141	0.01738	0.39976	0.01712	0.01596	0.01129	0.00667	0.00542	0.00179	0.00558	0.00509	0.00578	0.00915
5	0.01790	0.29241	0.14858	0.01353	0.01815	0.38661	0.01254	0.02041	0.01417	0.01475	0.00892	0.01039	0.00746	0.00556	0.00477	0.00147	0.00870	0.00362	0.00273	0.00730
6	0.02609	0.00990	0.01350	0.01035	0.01484	0.00855	0.00855	0.02834	0.01664	0.76338	0.02294	0.01979	0.01439	0.00720	0.00585	0.00180	0.00495	0.00585	0.00720	0.00990
7	0.15222	0.01049	0.01146	0.00845	0.01335	0.00865	0.00679	0.01506	0.01169	0.02016	0.00996	0.01161	0.00822	0.00449	0.00419	0.00102	0.00434	0.00339	0.00347	0.69098
8	0.00709	0.00506	0.00675	0.00810	0.00843	0.00472	0.00540	0.00810	0.01113	0.01484	0.03205	0.79184	0.03846	0.01822	0.00742	0.00236	0.00337	0.01653	0.00540	0.00472
9	0.01306	0.30665	0.50117	0.01419	0.02149	0.01692	0.01734	0.01806	0.01211	0.01671	0.00959	0.01122	0.00740	0.00533	0.00488	0.00163	0.00774	0.00387	0.00247	0.00819
10	0.14923	0.00659	0.00672	0.00656	0.00718	0.00690	0.00400	0.00992	0.00870	0.01379	0.01658	0.03319	0.01862	0.66132	0.02518	0.00499	0.00544	0.00755	0.00354	0.00400
11	0.28163	0.01251	0.01650	0.07415	0.33974	0.01361	0.01250	0.01961	0.13707	0.02192	0.01214	0.01410	0.00961	0.00576	0.00509	0.00181	0.00579	0.00476	0.00361	0.00807
12	0.14618	0.01066	0.01199	0.01076	0.01392	0.01137	0.00892	0.14080	0.15653	0.15022	0.03458	0.03151	0.01936	0.00971	0.00616	0.00208	0.00513	0.21673	0.00559	0.00777
13	0.09273	0.01470	0.14184	0.01300	0.05843	0.01183	0.01137	0.17170	0.01732	0.32378	0.07106	0.01783	0.01424	0.00694	0.00566	0.00179	0.00578	0.00552	0.00548	0.00899
14	0.01724	0.01075	0.01553	0.01414	0.09368	0.01086	0.05417	0.06279	0.01517	0.27897	0.16207	0.02164	0.01976	0.00803	0.00809	0.00186	0.12847	0.00644	0.00524	0.06512
15	0.51940	0.01558	0.17542	0.01005	0.01498	0.01289	0.00998	0.06060	0.01170	0.02429	0.00920	0.01062	0.00699	0.00541	0.00423	0.00171	0.00549	0.00356	0.00347	0.09445
16	0.15300	0.01403	0.01466	0.01166	0.01571	0.01551	0.00954	0.49115	0.06379	0.04694	0.09241	0.01690	0.01460	0.00730	0.00557	0.00178	0.00557	0.00554	0.00555	0.00880
17	0.24670	0.01388	0.01426	0.01120	0.01558	0.01506	0.00923	0.42371	0.02050	0.10669	0.01304	0.01319	0.00928	0.00640	0.00512	0.00171	0.00560	0.00461	0.00520	0.05904
18	0.41195	0.03777	0.01121	0.00889	0.01246	0.01184	0.00730	0.10577	0.01450	0.16934	0.13885	0.01777	0.01660	0.00703	0.00486	0.00178	0.00458	0.00518	0.00500	0.00733
19	0.07774	0.01066	0.01318	0.01068	0.01403	0.03630	0.00876	0.02283	0.01450	0.47997	0.02265	0.02139	0.09116	0.00834	0.00803	0.00193	0.13748	0.00614	0.00582	0.00841

[dist]
# distance from previous block
# <min> <max>
1	20

[block]
# block no. 7 follows, 40 sequences, length 10
# corresponding to MSA columns:
# 546-555
name=unknown_H
#
# <colnr> <probs for GDERKNQSTAVLIFYWHMCP>
#	G	D	E	R	K	N	Q	S	T	A	V	L	I	F	Y	W	H	M	C	P
0	0.06312	0.06691	0.01733	0.01308	0.01614	0.01140	0.17147	0.07514	0.01247	0.06105	0.01402	0.01852	0.01185	0.02463	0.38971	0.00557	0.01154	0.00585	0.00352	0.00668
1	0.26218	0.09845	0.01607	0.01410	0.11575	0.13872	0.01003	0.07465	0.01320	0.02077	0.00949	0.01143	0.00782	0.00587	0.00579	0.00163	0.07452	0.00393	0.01835	0.09724
2	0.01590	0.01532	0.02756	0.02005	0.02542	0.07639	0.49823	0.01990	0.01417	0.11976	0.01290	0.01542	0.00945	0.00524	0.00631	0.00178	0.00860	0.00609	0.00358	0.09794
3	0.01158	0.00745	0.00980	0.00872	0.01078	0.00722	0.00655	0.01327	0.01072	0.11628	0.01631	0.02403	0.01501	0.20555	0.34873	0.00585	0.00970	0.00620	0.00386	0.16239
4	0.12768	0.07073	0.01864	0.01307	0.01792	0.06000	0.15011	0.16113	0.01545	0.02281	0.01089	0.01263	0.00854	0.00533	0.00507	0.00147	0.00637	0.00445	0.00378	0.28393
5	0.10417	0.01756	0.22820	0.01361	0.01864	0.01377	0.06497	0.09906	0.26714	0.04114	0.01687	0.06137	0.01328	0.00728	0.00574	0.00193	0.00626	0.00602	0.00449	0.00849
6	0.00831	0.00610	0.00866	0.00871	0.00963	0.00669	0.00651	0.01014	0.01044	0.01482	0.11832	0.09481	0.02292	0.11709	0.52092	0.00732	0.01172	0.00798	0.00384	0.00507
7	0.31892	0.01303	0.01634	0.01249	0.01708	0.01335	0.14799	0.17347	0.01518	0.06386	0.01132	0.01274	0.00847	0.00562	0.00499	0.00168	0.00595	0.00454	0.00414	0.14883
8	0.22824	0.29333	0.10613	0.01415	0.01942	0.01713	0.21084	0.01784	0.01196	0.01889	0.00946	0.01158	0.00762	0.00519	0.00480	0.00167	0.00705	0.00432	0.00293	0.00744
9	0.01566	0.09467	0.01367	0.00974	0.01337	0.07633	0.00779	0.01848	0.05195	0.19086	0.09811	0.12373	0.01942	0.00817	0.00552	0.00156	0.00495	0.00674	0.00493	0.23433

[dist]
# distance from previous block
# <min> <max>
43	153

# created by:
# /software/SequenceAnalysis/GenePrediction/augustus/3.0.1/scripts/msa2prfl.pl ./fixed/BUSCOvEOG7XKWNF.fas
