[name]
unknown

[dist]
# distance from previous block
# <min> <max>
7	192

[block]
# block no. 0 follows, 41 sequences, length 33
# corresponding to MSA columns:
# 192-224
name=unknown_A
#
# <colnr> <probs for GDERKNQSTAVLIFYWHMCP>
#	G	D	E	R	K	N	Q	S	T	A	V	L	I	F	Y	W	H	M	C	P
0	0.80187	0.01129	0.00881	0.00778	0.01137	0.01306	0.00641	0.05019	0.01052	0.02614	0.00823	0.00950	0.00636	0.00538	0.00364	0.00177	0.00451	0.00319	0.00364	0.00636
1	0.01326	0.01075	0.01238	0.00915	0.01400	0.00896	0.00733	0.06662	0.08206	0.04748	0.01208	0.01315	0.00960	0.00485	0.00454	0.00104	0.00443	0.00388	0.00391	0.67051
2	0.01756	0.01545	0.13278	0.01240	0.01678	0.01372	0.01120	0.38551	0.07582	0.10172	0.01768	0.14138	0.01492	0.00852	0.00594	0.00185	0.00587	0.00697	0.00528	0.00865
3	0.01004	0.00715	0.03690	0.00781	0.00977	0.00599	0.00627	0.01280	0.01595	0.10157	0.62979	0.03952	0.07198	0.01106	0.00659	0.00180	0.00315	0.00968	0.00620	0.00595
4	0.04870	0.00977	0.01314	0.01010	0.01450	0.00853	0.00834	0.02756	0.01618	0.74627	0.02215	0.01918	0.01393	0.00703	0.00569	0.00177	0.00485	0.00568	0.00698	0.00963
5	0.01303	0.01216	0.02045	0.08815	0.59023	0.01234	0.01596	0.01628	0.01283	0.01803	0.01383	0.05221	0.01290	0.00691	0.00599	0.00185	0.00654	0.08888	0.00319	0.00823
6	0.01182	0.02734	0.66310	0.01728	0.05529	0.01340	0.05866	0.01869	0.04764	0.01843	0.01098	0.01278	0.00789	0.00550	0.00553	0.00182	0.00826	0.00450	0.00262	0.00847
7	0.01442	0.01178	0.01255	0.01123	0.01445	0.01338	0.00875	0.02900	0.67129	0.06357	0.02521	0.02315	0.05940	0.00810	0.00587	0.00193	0.00445	0.00675	0.00586	0.00885
8	0.00802	0.00582	0.00755	0.00716	0.00851	0.00536	0.00536	0.01062	0.01593	0.02243	0.71435	0.06327	0.08020	0.01196	0.00676	0.00182	0.00272	0.01057	0.00623	0.00536
9	0.01426	0.01531	0.07695	0.03291	0.67915	0.04494	0.01755	0.01781	0.01309	0.01845	0.01064	0.01385	0.00886	0.00515	0.00563	0.00170	0.00706	0.00498	0.00281	0.00892
10	0.00708	0.00505	0.00676	0.00809	0.00847	0.00474	0.00550	0.00815	0.01106	0.01472	0.03147	0.76029	0.03760	0.01782	0.00733	0.00234	0.00341	0.05016	0.00531	0.00468
11	0.02566	0.00973	0.01327	0.01018	0.01460	0.00841	0.00841	0.02788	0.01637	0.76726	0.02257	0.01947	0.01416	0.00708	0.00575	0.00177	0.00487	0.00575	0.00708	0.00973
12	0.01187	0.02705	0.64541	0.01862	0.09324	0.01340	0.07487	0.01808	0.01227	0.01818	0.01041	0.01252	0.00752	0.00536	0.00555	0.00181	0.00839	0.00450	0.00249	0.00845
13	0.01200	0.13574	0.66779	0.01541	0.02337	0.01457	0.01957	0.01798	0.01201	0.01747	0.00995	0.01168	0.00726	0.00536	0.00519	0.00173	0.00813	0.00407	0.00242	0.00830
14	0.00832	0.00555	0.00624	0.00624	0.00624	0.00555	0.00347	0.00832	0.00832	0.01109	0.01802	0.03743	0.02080	0.79898	0.02911	0.00555	0.00555	0.00832	0.00347	0.00347
15	0.00885	0.00602	0.00707	0.00723	0.00764	0.00605	0.00471	0.03713	0.01002	0.01341	0.02094	0.12283	0.02369	0.56633	0.02260	0.00459	0.00524	0.10170	0.01986	0.00410
16	0.00757	0.00545	0.00747	0.00830	0.00884	0.00525	0.02489	0.00877	0.01099	0.01511	0.02922	0.68275	0.03429	0.03413	0.00777	0.00231	0.01979	0.01477	0.06754	0.00479
17	0.02174	0.01602	0.01717	0.01316	0.01774	0.01774	0.01087	0.74423	0.02689	0.03605	0.01373	0.01373	0.00973	0.00687	0.00572	0.00172	0.00629	0.00515	0.00572	0.00973
18	0.01701	0.01271	0.01379	0.01176	0.01539	0.01423	0.00933	0.16787	0.52690	0.11299	0.02135	0.01965	0.01558	0.00751	0.00579	0.00188	0.00491	0.00613	0.00595	0.00926
19	0.04334	0.28812	0.43538	0.01426	0.04190	0.05313	0.01619	0.01795	0.01207	0.01664	0.00935	0.01098	0.00730	0.00526	0.00477	0.00159	0.00756	0.00379	0.00250	0.00793
20	0.36422	0.28762	0.12759	0.01021	0.01488	0.08212	0.01003	0.01763	0.01128	0.01935	0.00837	0.00975	0.00684	0.00524	0.00400	0.00156	0.00610	0.00330	0.00295	0.00696
21	0.01158	0.00972	0.01057	0.01002	0.01240	0.01074	0.00757	0.02228	0.47922	0.02100	0.06709	0.19139	0.10078	0.01083	0.00628	0.00201	0.00400	0.00934	0.00568	0.00748
22	0.00810	0.00585	0.00765	0.00720	0.00855	0.00540	0.00540	0.01079	0.01619	0.02294	0.76028	0.04273	0.05397	0.01169	0.00675	0.00180	0.00270	0.01034	0.00630	0.00540
23	0.00716	0.00516	0.00679	0.00777	0.00832	0.00478	0.00530	0.00847	0.01194	0.01611	0.16178	0.64012	0.06162	0.01671	0.00719	0.00222	0.00320	0.01509	0.00549	0.00478
24	0.83938	0.01106	0.00841	0.00752	0.01106	0.01283	0.00619	0.01681	0.00973	0.02566	0.00796	0.00929	0.00619	0.00531	0.00354	0.00177	0.00442	0.00310	0.00354	0.00619
25	0.00696	0.00512	0.00653	0.00762	0.00822	0.00469	0.00517	0.00807	0.01139	0.01492	0.05250	0.66682	0.14651	0.01726	0.00721	0.00225	0.00324	0.01550	0.00533	0.00469
26	0.01529	0.80242	0.02997	0.00979	0.01468	0.02263	0.00979	0.01713	0.01162	0.01346	0.00795	0.00918	0.00734	0.00489	0.00367	0.00122	0.00612	0.00306	0.00245	0.00734
27	0.00707	0.00502	0.00661	0.00783	0.00814	0.00471	0.00517	0.00799	0.01075	0.01433	0.03050	0.73753	0.03653	0.07741	0.00896	0.00257	0.00349	0.01566	0.00517	0.00456
28	0.02174	0.01602	0.01717	0.01316	0.01774	0.01774	0.01087	0.74423	0.02689	0.03605	0.01373	0.01373	0.00973	0.00687	0.00572	0.00172	0.00629	0.00515	0.00572	0.00973
29	0.80136	0.01102	0.00881	0.04321	0.01236	0.01283	0.00664	0.01671	0.00981	0.02516	0.00807	0.00957	0.00626	0.00533	0.00364	0.00178	0.00457	0.00319	0.00349	0.00620
30	0.01564	0.75851	0.02919	0.01007	0.01485	0.06531	0.00986	0.01745	0.01188	0.01349	0.00800	0.00924	0.00734	0.00495	0.00375	0.00124	0.00635	0.00309	0.00248	0.00730
31	0.01186	0.01017	0.01186	0.00847	0.01356	0.00762	0.00678	0.01440	0.01186	0.01864	0.01017	0.01186	0.00847	0.00424	0.00424	0.00085	0.00424	0.00339	0.00339	0.83395
32	0.01519	0.01304	0.01323	0.01182	0.01507	0.05708	0.00928	0.07547	0.60843	0.04416	0.02216	0.02224	0.01703	0.00796	0.00587	0.00193	0.00501	0.04057	0.00566	0.00880

[dist]
# distance from previous block
# <min> <max>
27	177

# created by:
# /software/SequenceAnalysis/GenePrediction/augustus/3.0.1/scripts/msa2prfl.pl ./fixed/BUSCOvEOG7CZCW7.fas
