[name]
unknown

[dist]
# distance from previous block
# <min> <max>
131	367

[block]
# block no. 0 follows, 40 sequences, length 17
# corresponding to MSA columns:
# 440-456
name=unknown_A
#
# <colnr> <probs for GDERKNQSTAVLIFYWHMCP>
#	G	D	E	R	K	N	Q	S	T	A	V	L	I	F	Y	W	H	M	C	P
0	0.01550	0.76646	0.03019	0.01102	0.04590	0.02263	0.01028	0.01743	0.01188	0.01390	0.00820	0.00954	0.00754	0.00498	0.00382	0.00126	0.00625	0.00320	0.00250	0.00754
1	0.00687	0.00589	0.00589	0.00589	0.00785	0.00491	0.00442	0.00835	0.01325	0.01571	0.05891	0.05596	0.75700	0.01473	0.00687	0.00196	0.00295	0.01227	0.00540	0.00491
2	0.01555	0.79913	0.03047	0.00995	0.01493	0.02301	0.00995	0.01741	0.01182	0.01368	0.00808	0.00933	0.00746	0.00498	0.00373	0.00124	0.00622	0.00311	0.00249	0.00746
3	0.01596	0.01547	0.01747	0.11173	0.05704	0.13913	0.01261	0.17522	0.01476	0.01936	0.01003	0.01342	0.00844	0.00917	0.03796	0.00232	0.32427	0.00496	0.00338	0.00731
4	0.00709	0.00506	0.00675	0.00810	0.00843	0.00472	0.00540	0.00810	0.01113	0.01484	0.03205	0.79184	0.03846	0.01822	0.00742	0.00236	0.00337	0.01653	0.00540	0.00472
5	0.00823	0.00594	0.00777	0.00732	0.00869	0.00549	0.00549	0.01097	0.01646	0.02332	0.75629	0.04344	0.05487	0.01189	0.00686	0.00183	0.00274	0.01052	0.00640	0.00549
6	0.01672	0.01981	0.11924	0.02399	0.34627	0.21478	0.01537	0.09052	0.06188	0.01972	0.01146	0.01350	0.00912	0.00579	0.00561	0.00170	0.00788	0.00478	0.00333	0.00854
7	0.00811	0.00591	0.00704	0.00756	0.00835	0.00564	0.00509	0.04539	0.01175	0.01532	0.03306	0.44773	0.16659	0.19021	0.01218	0.00299	0.00395	0.01337	0.00500	0.00475
8	0.01272	0.01272	0.01781	0.01527	0.01527	0.01781	0.01272	0.01399	0.00891	0.01399	0.00763	0.01272	0.00763	0.01018	0.01908	0.00254	0.78499	0.00509	0.00254	0.00636
9	0.01175	0.01112	0.01882	0.61431	0.20142	0.01312	0.01653	0.01553	0.01199	0.01579	0.01047	0.01525	0.00808	0.00567	0.00580	0.00189	0.00756	0.00517	0.00265	0.00708
10	0.01253	0.01309	0.02635	0.14489	0.10090	0.01293	0.43192	0.01667	0.01317	0.01773	0.01462	0.06004	0.01296	0.00700	0.00674	0.00203	0.00836	0.08745	0.00327	0.00732
11	0.01656	0.01335	0.01945	0.08251	0.39050	0.01402	0.01430	0.13846	0.13395	0.09607	0.01462	0.01611	0.01110	0.00616	0.00581	0.00179	0.00633	0.00548	0.00425	0.00918
12	0.00936	0.00651	0.00821	0.00867	0.00989	0.00637	0.00643	0.01245	0.08647	0.05469	0.12744	0.37474	0.08028	0.05609	0.00835	0.00242	0.00390	0.12658	0.00557	0.00558
13	0.10849	0.01240	0.01367	0.01082	0.01510	0.08435	0.00883	0.09710	0.01699	0.54281	0.01917	0.01725	0.01245	0.00687	0.00556	0.00176	0.00559	0.00531	0.00628	0.00922
14	0.01370	0.01182	0.01702	0.54165	0.03289	0.01416	0.01438	0.17107	0.08793	0.02044	0.01243	0.01579	0.00920	0.00627	0.00582	0.00190	0.00715	0.00532	0.00360	0.00746
15	0.08023	0.01704	0.01672	0.01313	0.01754	0.09115	0.01073	0.61853	0.02504	0.03371	0.01306	0.01330	0.00940	0.00677	0.00560	0.00172	0.00666	0.00494	0.00538	0.00933
16	0.02025	0.01434	0.01637	0.08887	0.01941	0.01579	0.01111	0.51658	0.06884	0.10351	0.01597	0.01788	0.01184	0.00742	0.00594	0.00183	0.00623	0.04295	0.00561	0.00927

[dist]
# distance from previous block
# <min> <max>
7	36

[block]
# block no. 1 follows, 40 sequences, length 24
# corresponding to MSA columns:
# 493-516
name=unknown_B
#
# <colnr> <probs for GDERKNQSTAVLIFYWHMCP>
#	G	D	E	R	K	N	Q	S	T	A	V	L	I	F	Y	W	H	M	C	P
0	0.02211	0.01629	0.01745	0.01338	0.01803	0.01803	0.01105	0.73997	0.02734	0.03665	0.01396	0.01396	0.00989	0.00698	0.00582	0.00175	0.00640	0.00524	0.00582	0.00989
1	0.01017	0.00772	0.00984	0.01052	0.01222	0.00806	0.00883	0.01551	0.16169	0.01892	0.06627	0.09336	0.04768	0.01429	0.00749	0.00246	0.00492	0.48845	0.00552	0.00609
2	0.01134	0.00713	0.00963	0.01018	0.01201	0.00691	0.00873	0.01417	0.02987	0.11141	0.05880	0.05730	0.08913	0.01451	0.00758	0.00246	0.00500	0.53222	0.00564	0.00598
3	0.02211	0.01629	0.01745	0.01338	0.01803	0.01803	0.01105	0.73997	0.02734	0.03665	0.01396	0.01396	0.00989	0.00698	0.00582	0.00175	0.00640	0.00524	0.00582	0.00989
4	0.00705	0.00578	0.00622	0.00635	0.00803	0.00495	0.00467	0.00861	0.01332	0.01644	0.13336	0.15584	0.57943	0.01489	0.00695	0.00200	0.00298	0.01266	0.00551	0.00495
5	0.00831	0.00623	0.00935	0.00935	0.01038	0.00727	0.00727	0.01038	0.00935	0.01350	0.01558	0.02285	0.01454	0.04361	0.77259	0.00935	0.01558	0.00623	0.00312	0.00519
6	0.02211	0.01629	0.01745	0.01338	0.01803	0.01803	0.01105	0.73997	0.02734	0.03665	0.01396	0.01396	0.00989	0.00698	0.00582	0.00175	0.00640	0.00524	0.00582	0.00989
7	0.01202	0.09969	0.69897	0.01598	0.02424	0.01437	0.02044	0.01833	0.01224	0.01799	0.01022	0.01201	0.00738	0.00548	0.00536	0.00179	0.00838	0.00419	0.00246	0.00849
8	0.02483	0.01046	0.01367	0.01064	0.01503	0.00957	0.00874	0.06521	0.08347	0.65908	0.02255	0.01967	0.01447	0.00725	0.00585	0.00181	0.00499	0.00588	0.00701	0.00983
9	0.83671	0.01125	0.00855	0.00765	0.01125	0.01305	0.00630	0.01709	0.00990	0.02609	0.00810	0.00945	0.00630	0.00540	0.00360	0.00180	0.00450	0.00315	0.00360	0.00630
10	0.01518	0.72648	0.09991	0.01058	0.01589	0.02211	0.01104	0.01751	0.01186	0.01413	0.00831	0.00961	0.00745	0.00503	0.00390	0.00130	0.00644	0.00322	0.00248	0.00757
11	0.00841	0.00577	0.00700	0.00696	0.00727	0.00591	0.00436	0.00903	0.00937	0.01280	0.08756	0.03592	0.02318	0.59082	0.15666	0.00592	0.00709	0.00826	0.00372	0.00400
12	0.52821	0.23389	0.01557	0.00884	0.01292	0.01633	0.00778	0.08547	0.01209	0.02359	0.00865	0.00984	0.00697	0.00543	0.00385	0.00164	0.00516	0.00333	0.00349	0.00697
13	0.02114	0.02371	0.01663	0.01448	0.01776	0.52769	0.01117	0.19567	0.04961	0.02004	0.01075	0.01189	0.00851	0.00648	0.00598	0.00162	0.04124	0.00428	0.00378	0.00759
14	0.00752	0.00592	0.00679	0.00657	0.00825	0.00518	0.00493	0.00960	0.01478	0.01934	0.39152	0.04999	0.42212	0.01337	0.00687	0.00190	0.00285	0.01144	0.00588	0.00518
15	0.01233	0.11711	0.15673	0.01008	0.01331	0.01113	0.00929	0.11314	0.01303	0.04493	0.01811	0.11156	0.04447	0.28391	0.01403	0.00314	0.00600	0.00747	0.00392	0.00632
16	0.00805	0.00594	0.00752	0.00713	0.00858	0.00541	0.00535	0.01063	0.01604	0.02232	0.66424	0.04509	0.14755	0.01226	0.00686	0.00185	0.00277	0.01075	0.00627	0.00541
17	0.01626	0.01345	0.01465	0.01331	0.05039	0.01527	0.01004	0.19729	0.54474	0.02698	0.02079	0.01954	0.01550	0.00755	0.00589	0.00191	0.00513	0.00619	0.00575	0.00937
18	0.83671	0.01125	0.00855	0.00765	0.01125	0.01305	0.00630	0.01709	0.00990	0.02609	0.00810	0.00945	0.00630	0.00540	0.00360	0.00180	0.00450	0.00315	0.00360	0.00630
19	0.04375	0.13673	0.27347	0.11191	0.28785	0.01496	0.01726	0.01759	0.01239	0.01778	0.01016	0.01287	0.00805	0.00535	0.00530	0.00172	0.00738	0.00450	0.00267	0.00831
20	0.00702	0.00585	0.00612	0.00615	0.00797	0.00496	0.00457	0.00859	0.01346	0.01641	0.12581	0.09317	0.65070	0.01463	0.00690	0.00197	0.00295	0.01232	0.00550	0.00496
21	0.01758	0.00880	0.01137	0.03341	0.01330	0.00822	0.00766	0.06895	0.04290	0.36557	0.22400	0.06836	0.08534	0.00960	0.00628	0.00186	0.00428	0.00814	0.00646	0.00791
22	0.00829	0.00572	0.00657	0.00657	0.00685	0.00572	0.00395	0.00862	0.00899	0.01190	0.02191	0.03837	0.09005	0.65380	0.09470	0.00563	0.00628	0.00862	0.00366	0.00381
23	0.02123	0.01585	0.01696	0.01320	0.01770	0.01762	0.01084	0.65860	0.11014	0.03524	0.01508	0.01485	0.01079	0.00709	0.00583	0.00177	0.00619	0.00539	0.00583	0.00981

[dist]
# distance from previous block
# <min> <max>
0	1

[block]
# block no. 2 follows, 40 sequences, length 41
# corresponding to MSA columns:
# 518-558
name=unknown_C
#
# <colnr> <probs for GDERKNQSTAVLIFYWHMCP>
#	G	D	E	R	K	N	Q	S	T	A	V	L	I	F	Y	W	H	M	C	P
0	0.01611	0.01523	0.02013	0.06401	0.43674	0.10055	0.01482	0.14526	0.05699	0.02147	0.01280	0.04634	0.01074	0.00631	0.00579	0.00175	0.00699	0.00557	0.00367	0.00873
1	0.00832	0.00618	0.00911	0.00911	0.01007	0.00714	0.00698	0.01024	0.00928	0.01333	0.01579	0.02402	0.01505	0.10149	0.71541	0.00906	0.01481	0.00640	0.00315	0.00506
2	0.01340	0.27386	0.49485	0.01439	0.02156	0.05455	0.01731	0.01834	0.01234	0.01670	0.00962	0.01125	0.00740	0.00537	0.00494	0.00163	0.00794	0.00389	0.00249	0.00814
3	0.01363	0.01814	0.21660	0.05973	0.08474	0.01344	0.38618	0.01851	0.01329	0.06575	0.01284	0.04692	0.01000	0.00582	0.00634	0.00192	0.00859	0.00633	0.00317	0.00807
4	0.01444	0.01371	0.02472	0.04067	0.12387	0.01398	0.33502	0.07702	0.01393	0.05653	0.01281	0.05826	0.01069	0.00672	0.00820	0.00194	0.12036	0.00648	0.00348	0.05716
5	0.05693	0.01284	0.01351	0.01167	0.01515	0.01459	0.00922	0.18267	0.50868	0.02702	0.06750	0.02079	0.01784	0.00782	0.00584	0.00191	0.00487	0.00636	0.00581	0.00897
6	0.01364	0.01582	0.05133	0.02414	0.05131	0.01443	0.67624	0.01847	0.01362	0.01864	0.01166	0.01545	0.00879	0.00491	0.00672	0.00192	0.00952	0.00664	0.00294	0.03381
7	0.01841	0.01350	0.01470	0.01216	0.01598	0.01494	0.00974	0.34735	0.31570	0.09224	0.01979	0.06717	0.01526	0.00808	0.00596	0.00188	0.00536	0.00655	0.00595	0.00929
8	0.00709	0.00506	0.00675	0.00810	0.00843	0.00472	0.00540	0.00810	0.01113	0.01484	0.03205	0.79184	0.03846	0.01822	0.00742	0.00236	0.00337	0.01653	0.00540	0.00472
9	0.01179	0.01039	0.01159	0.01023	0.01210	0.09547	0.03768	0.07527	0.01582	0.03385	0.38557	0.08605	0.07414	0.02680	0.00829	0.00198	0.08258	0.00900	0.00527	0.00614
10	0.00751	0.00592	0.00677	0.00655	0.00824	0.00518	0.00492	0.00957	0.01475	0.01925	0.38377	0.05013	0.42992	0.01340	0.00687	0.00190	0.00285	0.01145	0.00587	0.00518
11	0.01092	0.00994	0.01357	0.01228	0.01240	0.01299	0.00973	0.01200	0.00939	0.01378	0.01442	0.12671	0.01600	0.16488	0.01889	0.00313	0.48004	0.05010	0.00329	0.00552
12	0.00790	0.00593	0.00731	0.00697	0.00848	0.00535	0.00522	0.01033	0.01567	0.02145	0.58527	0.04651	0.22705	0.01258	0.00686	0.00186	0.00279	0.01095	0.00616	0.00535
13	0.01429	0.01375	0.02326	0.03447	0.71482	0.01406	0.01754	0.01762	0.01298	0.01870	0.01074	0.01429	0.00912	0.00548	0.00655	0.00178	0.05348	0.00518	0.00286	0.00904
14	0.01215	0.04461	0.70176	0.01665	0.02496	0.01364	0.05260	0.01862	0.01243	0.03473	0.01072	0.01253	0.00759	0.00552	0.00555	0.00183	0.00852	0.00442	0.00258	0.00857
15	0.01084	0.00542	0.00542	0.00542	0.00678	0.00542	0.00407	0.01355	0.01220	0.02168	0.01897	0.02168	0.01491	0.00678	0.00407	0.00136	0.00271	0.00542	0.82791	0.00542
16	0.01290	0.01284	0.01855	0.21658	0.06708	0.04905	0.05182	0.03364	0.01095	0.01534	0.00927	0.01401	0.00813	0.00943	0.04096	0.00249	0.41237	0.00520	0.00272	0.00670
17	0.14612	0.05808	0.05260	0.01878	0.02388	0.06320	0.42697	0.05447	0.01361	0.02003	0.01069	0.01360	0.00822	0.00534	0.00629	0.00184	0.03411	0.00553	0.00316	0.03349
18	0.00709	0.00506	0.00675	0.00810	0.00843	0.00472	0.00540	0.00810	0.01113	0.01484	0.03205	0.79184	0.03846	0.01822	0.00742	0.00236	0.00337	0.01653	0.00540	0.00472
19	0.02609	0.00990	0.01350	0.01035	0.01484	0.00855	0.00855	0.02834	0.01664	0.76338	0.02294	0.01979	0.01439	0.00720	0.00585	0.00180	0.00495	0.00585	0.00720	0.00990
20	0.00838	0.00617	0.00902	0.00902	0.00999	0.00710	0.00690	0.01030	0.00934	0.01351	0.01587	0.02401	0.01506	0.10164	0.69744	0.00888	0.01451	0.00639	0.02141	0.00507
21	0.25729	0.01028	0.01208	0.00958	0.01382	0.00983	0.00791	0.02513	0.01472	0.55310	0.01871	0.01684	0.01209	0.00668	0.00521	0.00180	0.00482	0.00508	0.00617	0.00887
22	0.01555	0.79913	0.03047	0.00995	0.01493	0.02301	0.00995	0.01741	0.01182	0.01368	0.00808	0.00933	0.00746	0.00498	0.00373	0.00124	0.00622	0.00311	0.00249	0.00746
23	0.01466	0.05662	0.54342	0.01461	0.02205	0.01258	0.01761	0.02009	0.01310	0.16361	0.01277	0.01361	0.00882	0.00576	0.00544	0.00175	0.00753	0.00450	0.00344	0.05804
24	0.02191	0.00977	0.01263	0.01016	0.01397	0.00897	0.00820	0.09590	0.03577	0.53381	0.04628	0.10937	0.04854	0.00890	0.00610	0.00187	0.00476	0.00742	0.00672	0.00895
25	0.01383	0.01333	0.02297	0.15304	0.62293	0.01370	0.04025	0.01740	0.01300	0.01833	0.01087	0.01461	0.00897	0.00527	0.00580	0.00177	0.00713	0.00523	0.00283	0.00873
26	0.01385	0.01300	0.02196	0.07138	0.56850	0.01314	0.05661	0.04688	0.01368	0.01920	0.01328	0.05208	0.01198	0.00654	0.00604	0.00184	0.00684	0.05137	0.00326	0.00857
27	0.01089	0.01009	0.01642	0.55895	0.07644	0.01232	0.01443	0.01425	0.01187	0.01575	0.07520	0.06092	0.01358	0.00738	0.00718	0.00199	0.07658	0.00625	0.00308	0.00644
28	0.02036	0.01460	0.01559	0.01215	0.01629	0.01608	0.00997	0.62737	0.02499	0.03433	0.01474	0.01516	0.01067	0.00695	0.00555	0.00168	0.00583	0.00526	0.13325	0.00920
29	0.02122	0.02688	0.01655	0.01500	0.01783	0.73016	0.01132	0.02271	0.01606	0.01422	0.00891	0.01061	0.00750	0.00623	0.00602	0.00156	0.05373	0.00382	0.00297	0.00672
30	0.01206	0.01034	0.01206	0.00861	0.01378	0.00775	0.00689	0.01464	0.01206	0.01895	0.01034	0.01206	0.00861	0.00431	0.00431	0.00086	0.00431	0.00345	0.00345	0.83118
31	0.00831	0.00623	0.00935	0.00935	0.01038	0.00727	0.00727	0.01038	0.00935	0.01350	0.01558	0.02285	0.01454	0.04361	0.77259	0.00935	0.01558	0.00623	0.00312	0.00519
32	0.00814	0.00594	0.00765	0.00723	0.00863	0.00545	0.00542	0.01081	0.01626	0.02283	0.71182	0.04424	0.09964	0.01207	0.00686	0.00184	0.00276	0.01063	0.00634	0.00545
33	0.01439	0.01382	0.02360	0.03569	0.75936	0.01382	0.01785	0.01785	0.01324	0.01900	0.01094	0.01439	0.00921	0.00518	0.00576	0.00173	0.00691	0.00518	0.00288	0.00921
34	0.01551	0.01059	0.01155	0.01012	0.01322	0.01151	0.00795	0.07105	0.40911	0.13267	0.02406	0.02290	0.05884	0.00791	0.00559	0.00181	0.00430	0.00649	0.16645	0.00836
35	0.00831	0.00623	0.00935	0.00935	0.01038	0.00727	0.00727	0.01038	0.00935	0.01350	0.01558	0.02285	0.01454	0.04361	0.77259	0.00935	0.01558	0.00623	0.00312	0.00519
36	0.00709	0.00506	0.00675	0.00810	0.00843	0.00472	0.00540	0.00810	0.01113	0.01484	0.03205	0.79184	0.03846	0.01822	0.00742	0.00236	0.00337	0.01653	0.00540	0.00472
37	0.00709	0.00506	0.00675	0.00810	0.00843	0.00472	0.00540	0.00810	0.01113	0.01484	0.03205	0.79184	0.03846	0.01822	0.00742	0.00236	0.00337	0.01653	0.00540	0.00472
38	0.01206	0.01034	0.01206	0.00861	0.01378	0.00775	0.00689	0.01464	0.01206	0.01895	0.01034	0.01206	0.00861	0.00431	0.00431	0.00086	0.00431	0.00345	0.00345	0.83118
39	0.01534	0.75784	0.06993	0.01031	0.01548	0.02250	0.01057	0.01747	0.01184	0.01394	0.00821	0.00949	0.00746	0.00500	0.00383	0.00128	0.00635	0.00317	0.00249	0.00752
40	0.01439	0.01382	0.02360	0.03569	0.75936	0.01382	0.01785	0.01785	0.01324	0.01900	0.01094	0.01439	0.00921	0.00518	0.00576	0.00173	0.00691	0.00518	0.00288	0.00921

[dist]
# distance from previous block
# <min> <max>
0	3

[block]
# block no. 3 follows, 40 sequences, length 76
# corresponding to MSA columns:
# 562-637
name=unknown_D
#
# <colnr> <probs for GDERKNQSTAVLIFYWHMCP>
#	G	D	E	R	K	N	Q	S	T	A	V	L	I	F	Y	W	H	M	C	P
0	0.58230	0.01282	0.01133	0.00944	0.01337	0.01460	0.00778	0.24285	0.01534	0.02939	0.00993	0.01086	0.00742	0.00589	0.00429	0.00178	0.00509	0.00380	0.00429	0.00742
1	0.01439	0.01382	0.02360	0.03569	0.75936	0.01382	0.01785	0.01785	0.01324	0.01900	0.01094	0.01439	0.00921	0.00518	0.00576	0.00173	0.00691	0.00518	0.00288	0.00921
2	0.01140	0.01077	0.01820	0.68936	0.12905	0.01303	0.01636	0.01523	0.01183	0.01537	0.01041	0.01537	0.00793	0.00574	0.00581	0.00191	0.00765	0.00517	0.00262	0.00680
3	0.01439	0.01382	0.02360	0.03569	0.75936	0.01382	0.01785	0.01785	0.01324	0.01900	0.01094	0.01439	0.00921	0.00518	0.00576	0.00173	0.00691	0.00518	0.00288	0.00921
4	0.01446	0.01249	0.01315	0.01183	0.01512	0.01446	0.00920	0.03090	0.74885	0.02433	0.02367	0.02170	0.01775	0.00789	0.00592	0.00197	0.00460	0.00657	0.00592	0.00920
5	0.05527	0.01453	0.01556	0.01229	0.01655	0.01594	0.01005	0.52388	0.12045	0.08378	0.01820	0.01761	0.05408	0.00749	0.00580	0.00179	0.00578	0.00577	0.00581	0.00936
6	0.00745	0.00628	0.00650	0.00638	0.00836	0.00552	0.00480	0.00991	0.05614	0.01697	0.12677	0.05273	0.64384	0.01405	0.00682	0.00195	0.00302	0.01177	0.00553	0.00522
7	0.01420	0.01362	0.02325	0.07862	0.71796	0.01377	0.01775	0.01767	0.01315	0.01876	0.01090	0.01446	0.00913	0.00522	0.00576	0.00174	0.00696	0.00518	0.00286	0.00905
8	0.01150	0.01108	0.01903	0.63193	0.08197	0.01342	0.06694	0.01525	0.01170	0.01532	0.01030	0.01527	0.00791	0.00600	0.00676	0.00197	0.05903	0.00528	0.00262	0.00672
9	0.08515	0.36677	0.02208	0.01207	0.01609	0.33600	0.01026	0.06140	0.01451	0.01624	0.00880	0.01009	0.00752	0.00555	0.00447	0.00142	0.00788	0.00350	0.00298	0.00721
10	0.01494	0.01349	0.01337	0.01204	0.01531	0.06437	0.00934	0.03039	0.70062	0.02366	0.02270	0.02096	0.01708	0.00776	0.00587	0.00194	0.00499	0.00639	0.00572	0.00904
11	0.00829	0.00686	0.00739	0.00709	0.00910	0.00643	0.00536	0.01223	0.12015	0.01877	0.22018	0.04803	0.48285	0.01306	0.00673	0.00193	0.00314	0.01103	0.00571	0.00567
12	0.02172	0.02772	0.01648	0.01498	0.01798	0.77228	0.01124	0.02322	0.01648	0.01423	0.00899	0.01049	0.00749	0.00599	0.00524	0.00150	0.01049	0.00375	0.00300	0.00674
13	0.01206	0.01034	0.01206	0.00861	0.01378	0.00775	0.00689	0.01464	0.01206	0.01895	0.01034	0.01206	0.00861	0.00431	0.00431	0.00086	0.00431	0.00345	0.00345	0.83118
14	0.00847	0.00620	0.00778	0.00819	0.00929	0.00593	0.00594	0.05727	0.01386	0.01861	0.21196	0.43826	0.11234	0.01544	0.00716	0.00217	0.00350	0.05665	0.00567	0.00531
15	0.00833	0.00614	0.00890	0.00890	0.00979	0.00703	0.00672	0.01010	0.00922	0.01317	0.01598	0.02508	0.01551	0.15417	0.66336	0.00880	0.01412	0.00656	0.00318	0.00495
16	0.01735	0.44071	0.06769	0.01374	0.06558	0.27663	0.01157	0.01947	0.01352	0.01449	0.00872	0.01023	0.00758	0.00537	0.00448	0.00140	0.00785	0.00353	0.00268	0.00740
17	0.01176	0.04897	0.74744	0.01641	0.02492	0.01374	0.02120	0.01839	0.01227	0.01830	0.01038	0.01221	0.00737	0.00551	0.00548	0.00183	0.00854	0.00427	0.00246	0.00857
18	0.01146	0.00970	0.01039	0.00973	0.01228	0.01056	0.00745	0.02177	0.44463	0.02118	0.07783	0.10015	0.20611	0.01087	0.00638	0.00201	0.00398	0.02029	0.00576	0.00745
19	0.00723	0.00518	0.00665	0.00776	0.00815	0.00484	0.00512	0.00815	0.01095	0.01448	0.03209	0.65828	0.08061	0.10909	0.00999	0.00272	0.00361	0.01532	0.00518	0.00459
20	0.01315	0.01234	0.02058	0.37213	0.40560	0.01357	0.01682	0.04427	0.01305	0.01781	0.01078	0.01488	0.00858	0.00554	0.00579	0.00182	0.00727	0.00518	0.00286	0.00799
21	0.00831	0.00623	0.00935	0.00935	0.01038	0.00727	0.00727	0.01038	0.00935	0.01350	0.01558	0.02285	0.01454	0.04361	0.77259	0.00935	0.01558	0.00623	0.00312	0.00519
22	0.06222	0.04360	0.42266	0.01424	0.02082	0.01462	0.01601	0.24304	0.01689	0.02426	0.01429	0.01522	0.05366	0.00652	0.00554	0.00180	0.00727	0.00498	0.00375	0.00861
23	0.00696	0.00589	0.00601	0.00598	0.00791	0.00494	0.00448	0.00851	0.01345	0.01617	0.10130	0.05520	0.71431	0.01455	0.00687	0.00196	0.00293	0.01217	0.00546	0.00494
24	0.11933	0.05769	0.01373	0.00973	0.01427	0.03660	0.00795	0.17213	0.01549	0.02350	0.05653	0.01386	0.01134	0.00558	0.00470	0.00127	0.00500	0.00422	0.00409	0.42299
25	0.01221	0.02191	0.44682	0.25672	0.08497	0.01316	0.01905	0.01764	0.01232	0.04600	0.01092	0.01373	0.00790	0.00565	0.00565	0.00186	0.00806	0.00470	0.00271	0.00802
26	0.02058	0.01578	0.01809	0.01396	0.01853	0.01736	0.06127	0.60230	0.11557	0.03388	0.01501	0.01504	0.01079	0.00695	0.00590	0.00179	0.00641	0.00551	0.00563	0.00966
27	0.00933	0.00840	0.01486	0.01394	0.05767	0.00792	0.19279	0.01159	0.01213	0.01624	0.02662	0.47691	0.05656	0.01381	0.00720	0.00223	0.00532	0.05603	0.00462	0.00582
28	0.00709	0.00506	0.00675	0.00810	0.00843	0.00472	0.00540	0.00810	0.01113	0.01484	0.03205	0.79184	0.03846	0.01822	0.00742	0.00236	0.00337	0.01653	0.00540	0.00472
29	0.01796	0.00990	0.01231	0.01034	0.01340	0.00998	0.00830	0.11266	0.09019	0.31655	0.09686	0.05279	0.06297	0.05478	0.00838	0.00217	0.05219	0.05418	0.00603	0.00805
30	0.01454	0.01524	0.02293	0.03945	0.04221	0.11277	0.33336	0.04846	0.17199	0.01957	0.01631	0.06624	0.01381	0.00725	0.00645	0.00195	0.00787	0.04788	0.00397	0.00773
31	0.01123	0.01077	0.01872	0.71577	0.05226	0.01306	0.06627	0.01517	0.01180	0.01519	0.01045	0.01550	0.00785	0.00574	0.00589	0.00194	0.00788	0.00529	0.00261	0.00661
32	0.01612	0.01258	0.01358	0.01183	0.01527	0.01417	0.00933	0.15448	0.53122	0.07141	0.02240	0.05392	0.01734	0.00828	0.00600	0.00195	0.00490	0.02016	0.00595	0.00910
33	0.00715	0.00511	0.00681	0.00805	0.00845	0.00477	0.00540	0.00826	0.01144	0.01533	0.07386	0.74863	0.03941	0.01785	0.00739	0.00233	0.00334	0.01618	0.00546	0.00477
34	0.01415	0.01493	0.07306	0.02044	0.02566	0.01321	0.51461	0.05977	0.01432	0.07087	0.01500	0.10819	0.01272	0.00681	0.00672	0.00198	0.00843	0.00769	0.00367	0.00778
35	0.00781	0.00559	0.00631	0.00655	0.00710	0.00529	0.00409	0.00836	0.01013	0.01303	0.03085	0.18131	0.20568	0.45998	0.01991	0.00413	0.00456	0.01088	0.00433	0.00409
36	0.02238	0.01585	0.01718	0.01317	0.01781	0.01738	0.01088	0.69060	0.02660	0.08706	0.01458	0.01437	0.01020	0.00700	0.00582	0.00175	0.00630	0.00528	0.00591	0.00989
37	0.00823	0.00594	0.00777	0.00732	0.00869	0.00549	0.00549	0.01097	0.01646	0.02332	0.75629	0.04344	0.05487	0.01189	0.00686	0.00183	0.00274	0.01052	0.00640	0.00549
38	0.01010	0.00505	0.00758	0.00758	0.00758	0.00505	0.00505	0.00758	0.00758	0.01010	0.01010	0.01768	0.01010	0.02020	0.02273	0.83081	0.00505	0.00505	0.00253	0.00253
39	0.01272	0.01272	0.01781	0.01527	0.01527	0.01781	0.01272	0.01399	0.00891	0.01399	0.00763	0.01272	0.00763	0.01018	0.01908	0.00254	0.78499	0.00509	0.00254	0.00636
40	0.01309	0.01349	0.01608	0.01414	0.01472	0.11460	0.01152	0.01454	0.00998	0.01393	0.00927	0.01429	0.00889	0.01579	0.15607	0.00366	0.54192	0.00512	0.00271	0.00620
41	0.65837	0.18235	0.01331	0.00815	0.01205	0.01521	0.00709	0.01716	0.01031	0.02340	0.00809	0.00942	0.00655	0.00531	0.00363	0.00168	0.00487	0.00314	0.00336	0.00655
42	0.01098	0.01034	0.01744	0.78165	0.04005	0.01292	0.01615	0.01486	0.01163	0.01486	0.01034	0.01550	0.00775	0.00581	0.00581	0.00194	0.00775	0.00517	0.00258	0.00646
43	0.00806	0.00547	0.00646	0.00685	0.00695	0.00537	0.00406	0.00835	0.00923	0.01231	0.02229	0.25568	0.02614	0.57118	0.02320	0.00469	0.00498	0.01079	0.00406	0.00387
44	0.63595	0.01249	0.01074	0.00906	0.01292	0.01427	0.00747	0.19524	0.01420	0.02869	0.00954	0.01056	0.00718	0.00579	0.00415	0.00179	0.00497	0.00366	0.00415	0.00718
45	0.01119	0.01059	0.01763	0.71141	0.05748	0.01327	0.01597	0.01488	0.01149	0.01491	0.01017	0.01529	0.00778	0.00608	0.00669	0.00197	0.05892	0.00516	0.00259	0.00653
46	0.02172	0.02772	0.01648	0.01498	0.01798	0.77228	0.01124	0.02322	0.01648	0.01423	0.00899	0.01049	0.00749	0.00599	0.00524	0.00150	0.01049	0.00375	0.00300	0.00674
47	0.01858	0.01137	0.01310	0.01114	0.01484	0.01204	0.00884	0.02940	0.45997	0.29746	0.02427	0.02183	0.03467	0.00780	0.00592	0.00191	0.00469	0.00645	0.00638	0.00935
48	0.00846	0.00564	0.00634	0.00634	0.00634	0.00564	0.00352	0.00846	0.00846	0.01128	0.01832	0.03805	0.02114	0.79563	0.02960	0.00564	0.00564	0.00846	0.00352	0.00352
49	0.00709	0.00506	0.00675	0.00810	0.00843	0.00472	0.00540	0.00810	0.01113	0.01484	0.03205	0.79184	0.03846	0.01822	0.00742	0.00236	0.00337	0.01653	0.00540	0.00472
50	0.83671	0.01125	0.00855	0.00765	0.01125	0.01305	0.00630	0.01709	0.00990	0.02609	0.00810	0.00945	0.00630	0.00540	0.00360	0.00180	0.00450	0.00315	0.00360	0.00630
51	0.01179	0.02920	0.72105	0.01706	0.02549	0.01358	0.06506	0.01843	0.01237	0.01843	0.01052	0.01248	0.00746	0.00549	0.00561	0.00185	0.00867	0.00445	0.00249	0.00855
52	0.01840	0.00819	0.01103	0.00904	0.01219	0.00723	0.00723	0.02086	0.01657	0.44468	0.33875	0.02998	0.03183	0.00922	0.00628	0.00181	0.00400	0.00786	0.00685	0.00800
53	0.01200	0.10021	0.59866	0.01603	0.02361	0.01400	0.06363	0.01789	0.01240	0.01791	0.01171	0.01591	0.00928	0.00617	0.00561	0.00185	0.00822	0.05400	0.00269	0.00822
54	0.00770	0.00588	0.00707	0.00687	0.00839	0.00524	0.00512	0.00991	0.01505	0.02022	0.47531	0.09081	0.29485	0.01323	0.00690	0.00191	0.00285	0.01147	0.00600	0.00524
55	0.01383	0.01317	0.02121	0.01600	0.02029	0.04448	0.28783	0.01795	0.06385	0.06115	0.01361	0.06593	0.01147	0.00659	0.00737	0.00173	0.09325	0.00617	0.00365	0.23049
56	0.00863	0.00616	0.00852	0.00986	0.01087	0.00605	0.00808	0.01076	0.01265	0.01657	0.03120	0.30240	0.03510	0.01677	0.00783	0.00257	0.00471	0.49076	0.00537	0.00515
57	0.03758	0.74532	0.02929	0.01010	0.01496	0.05473	0.00991	0.01765	0.01196	0.01403	0.00812	0.00938	0.00743	0.00503	0.00379	0.00127	0.00636	0.00314	0.00254	0.00740
58	0.01936	0.01405	0.01510	0.01192	0.01587	0.01545	0.00973	0.56177	0.06643	0.03323	0.06661	0.01737	0.01406	0.00735	0.00569	0.00172	0.00560	0.00570	0.10398	0.00901
59	0.01020	0.00643	0.01012	0.19846	0.01576	0.00714	0.00793	0.00956	0.00869	0.01150	0.01052	0.01748	0.00981	0.01820	0.06795	0.57244	0.00641	0.00516	0.00258	0.00367
60	0.01578	0.26106	0.02443	0.02409	0.40197	0.13133	0.01424	0.01843	0.01329	0.01659	0.01009	0.01309	0.00882	0.00542	0.00509	0.00156	0.00721	0.01648	0.00282	0.00823
61	0.00738	0.00536	0.00674	0.02006	0.00848	0.00505	0.00509	0.00831	0.01090	0.01428	0.03251	0.54245	0.12618	0.16511	0.01153	0.00293	0.00382	0.01427	0.00500	0.00455
62	0.01528	0.63012	0.14853	0.01131	0.01676	0.06483	0.01189	0.01791	0.01216	0.01448	0.00852	0.00987	0.00745	0.00512	0.00411	0.00136	0.00685	0.00334	0.00251	0.00760
63	0.01660	0.05964	0.03234	0.02411	0.37589	0.01527	0.04205	0.26609	0.01789	0.02450	0.01314	0.06177	0.01110	0.00659	0.00580	0.00176	0.00661	0.00583	0.00402	0.00901
64	0.06458	0.01195	0.01817	0.03554	0.38419	0.01127	0.03658	0.01702	0.01281	0.06811	0.01269	0.06114	0.01096	0.00589	0.00538	0.00156	0.00583	0.00538	0.00351	0.22745
65	0.00989	0.00825	0.01241	0.02346	0.01318	0.00867	0.10011	0.05295	0.01244	0.01708	0.02583	0.40912	0.07072	0.01366	0.00847	0.00222	0.10107	0.04946	0.05528	0.00574
66	0.01385	0.43017	0.33871	0.01285	0.01925	0.01852	0.01476	0.01861	0.05456	0.01629	0.00997	0.01128	0.00802	0.00537	0.00461	0.00154	0.00712	0.00381	0.00267	0.00804
67	0.01261	0.09554	0.32321	0.01568	0.01990	0.01643	0.04698	0.01632	0.01076	0.01596	0.00899	0.01234	0.00756	0.00756	0.01158	0.00211	0.36186	0.00465	0.00252	0.00744
68	0.01093	0.00695	0.00954	0.15029	0.01440	0.00737	0.05147	0.01368	0.01186	0.01939	0.01653	0.02054	0.01321	0.03307	0.00620	0.03705	0.00428	0.00555	0.56212	0.00558
69	0.00767	0.00549	0.00738	0.00847	0.00914	0.00520	0.00615	0.00924	0.01231	0.01653	0.13533	0.55037	0.03988	0.01691	0.00745	0.00234	0.00365	0.14600	0.00553	0.00495
70	0.01407	0.00964	0.01156	0.00886	0.01318	0.00786	0.00704	0.01728	0.05565	0.15712	0.06870	0.04447	0.05760	0.00663	0.00511	0.00128	0.00422	0.00550	0.00466	0.49954
71	0.00709	0.00506	0.00675	0.00810	0.00843	0.00472	0.00540	0.00810	0.01113	0.01484	0.03205	0.79184	0.03846	0.01822	0.00742	0.00236	0.00337	0.01653	0.00540	0.00472
72	0.01151	0.01079	0.01552	0.12740	0.01793	0.01423	0.01217	0.01341	0.01028	0.01481	0.01381	0.06819	0.01431	0.01111	0.01436	0.00247	0.47773	0.14062	0.00325	0.00609
73	0.73357	0.01107	0.00918	0.00799	0.01170	0.01247	0.00658	0.01852	0.01076	0.11990	0.00999	0.01076	0.00733	0.00563	0.00388	0.00180	0.00456	0.00349	0.00406	0.00676
74	0.01439	0.01382	0.02360	0.03569	0.75936	0.01382	0.01785	0.01785	0.01324	0.01900	0.01094	0.01439	0.00921	0.00518	0.00576	0.00173	0.00691	0.00518	0.00288	0.00921
75	0.06298	0.00928	0.00933	0.00838	0.01115	0.05182	0.00652	0.01720	0.13454	0.15375	0.07915	0.03765	0.37361	0.01101	0.00624	0.00189	0.00410	0.00903	0.00562	0.00674

[dist]
# distance from previous block
# <min> <max>
0	197

# created by:
# /software/SequenceAnalysis/GenePrediction/augustus/3.0.1/scripts/msa2prfl.pl ./fixed/BUSCOvEOG78KSR9.fas
