[name]
unknown

[dist]
# distance from previous block
# <min> <max>
3	227

[block]
# block no. 0 follows, 38 sequences, length 42
# corresponding to MSA columns:
# 260-301
name=unknown_A
#
# <colnr> <probs for GDERKNQSTAVLIFYWHMCP>
#	G	D	E	R	K	N	Q	S	T	A	V	L	I	F	Y	W	H	M	C	P
0	0.01615	0.02192	0.37025	0.01688	0.09731	0.01362	0.01652	0.15452	0.01624	0.10643	0.01300	0.01412	0.00929	0.00601	0.00569	0.00175	0.00734	0.00480	0.00392	0.10425
1	0.02073	0.01522	0.01813	0.01403	0.01841	0.01659	0.05714	0.48373	0.06110	0.09676	0.01533	0.02995	0.01132	0.00750	0.00710	0.00187	0.06546	0.00578	0.00558	0.04827
2	0.01144	0.00931	0.01095	0.00925	0.01245	0.00851	0.00699	0.03076	0.12026	0.01864	0.01768	0.13097	0.01706	0.10330	0.09468	0.00288	0.00589	0.00699	0.00426	0.37773
3	0.01231	0.01125	0.01542	0.23016	0.02241	0.01190	0.01124	0.01506	0.01161	0.01723	0.01006	0.01365	0.00843	0.00627	0.00835	0.00160	0.18004	0.00446	0.00310	0.40544
4	0.00840	0.00681	0.00793	0.03863	0.01066	0.00646	0.00618	0.01159	0.07647	0.01824	0.16044	0.16206	0.38599	0.01442	0.00715	0.00212	0.00361	0.06153	0.00568	0.00563
5	0.00855	0.00631	0.00888	0.00888	0.00978	0.00707	0.00661	0.01024	0.00968	0.01361	0.01880	0.02840	0.05113	0.19236	0.58209	0.00854	0.01344	0.00720	0.00342	0.00501
6	0.01806	0.01446	0.01535	0.01287	0.01682	0.01641	0.01027	0.30606	0.46105	0.03016	0.02055	0.01931	0.01517	0.00779	0.00608	0.00195	0.00549	0.00626	0.00608	0.00980
7	0.01280	0.01249	0.02202	0.36576	0.26653	0.01379	0.11374	0.01656	0.01271	0.01724	0.01193	0.04869	0.01002	0.00644	0.00685	0.00199	0.04370	0.00609	0.00295	0.00771
8	0.01388	0.12155	0.53161	0.01742	0.06226	0.01492	0.06516	0.01962	0.01310	0.06958	0.01151	0.01321	0.00833	0.00571	0.00561	0.00183	0.00832	0.00462	0.00294	0.00882
9	0.01251	0.11547	0.67697	0.01639	0.02486	0.01506	0.02090	0.01894	0.01265	0.01851	0.01053	0.01236	0.00763	0.00565	0.00551	0.00184	0.00862	0.00431	0.00254	0.00876
10	0.00834	0.00614	0.00780	0.00739	0.00888	0.00560	0.00554	0.01102	0.01662	0.02315	0.66329	0.04653	0.14196	0.01266	0.00710	0.00191	0.00286	0.01110	0.00649	0.00560
11	0.01810	0.01390	0.01731	0.17238	0.09204	0.01554	0.01255	0.31303	0.16776	0.07463	0.01605	0.01702	0.01176	0.00777	0.02141	0.00206	0.00668	0.00574	0.00509	0.00919
12	0.01952	0.01532	0.01968	0.10496	0.21915	0.01667	0.01387	0.44271	0.02228	0.04648	0.01339	0.01488	0.00990	0.00659	0.00600	0.00182	0.00689	0.00541	0.00485	0.00964
13	0.01316	0.01316	0.01843	0.01579	0.01579	0.01843	0.01316	0.01448	0.00921	0.01448	0.00790	0.01316	0.00790	0.01053	0.01974	0.00263	0.77757	0.00526	0.00263	0.00658
14	0.05931	0.01419	0.01637	0.17998	0.07778	0.07792	0.01213	0.19388	0.12498	0.06227	0.01451	0.01619	0.01091	0.00700	0.00663	0.00190	0.05628	0.00540	0.05405	0.00832
15	0.02182	0.01702	0.01756	0.03039	0.01885	0.06182	0.01137	0.60526	0.09728	0.03481	0.01505	0.01505	0.01084	0.00723	0.00599	0.00182	0.00671	0.00546	0.00578	0.00989
16	0.01055	0.00995	0.05856	0.02514	0.01355	0.00741	0.00789	0.01310	0.01264	0.01857	0.07444	0.23157	0.02236	0.00979	0.00586	0.00158	0.00448	0.04494	0.00438	0.42324
17	0.01417	0.05768	0.45745	0.02032	0.12895	0.01420	0.12110	0.01979	0.01341	0.07928	0.01202	0.01402	0.00871	0.00569	0.00589	0.00188	0.00841	0.00503	0.00308	0.00893
18	0.01707	0.17571	0.01801	0.01208	0.01606	0.04921	0.00996	0.11017	0.43734	0.06175	0.01927	0.01825	0.01457	0.00730	0.00561	0.00183	0.00561	0.00573	0.00531	0.00916
19	0.54998	0.01131	0.01200	0.27066	0.02185	0.01345	0.01001	0.01689	0.01085	0.02301	0.00917	0.01192	0.00703	0.00573	0.00451	0.00191	0.00581	0.00397	0.00336	0.00657
20	0.00784	0.00612	0.00710	0.00686	0.00857	0.00539	0.00514	0.01004	0.01543	0.02033	0.41692	0.05118	0.39009	0.01371	0.00710	0.00196	0.00294	0.01175	0.00612	0.00539
21	0.01045	0.00522	0.00784	0.00784	0.00784	0.00522	0.00522	0.00784	0.00784	0.01045	0.01045	0.01829	0.01045	0.02090	0.02351	0.82497	0.00522	0.00522	0.00261	0.00261
22	0.00851	0.00615	0.00804	0.00757	0.00899	0.00568	0.00568	0.01135	0.01703	0.02412	0.74788	0.04494	0.05676	0.01230	0.00710	0.00189	0.00284	0.01088	0.00662	0.00568
23	0.01496	0.01292	0.01360	0.01224	0.01564	0.01496	0.00952	0.03197	0.74019	0.02516	0.02448	0.02244	0.01836	0.00816	0.00612	0.00204	0.00476	0.00680	0.00612	0.00952
24	0.00796	0.00575	0.00792	0.00864	0.00922	0.00596	0.00607	0.00929	0.01052	0.01442	0.02526	0.41927	0.02863	0.11708	0.28848	0.00549	0.00840	0.01223	0.00449	0.00492
25	0.60359	0.01307	0.05119	0.05315	0.14272	0.01365	0.00995	0.01777	0.01106	0.02470	0.00913	0.01114	0.00718	0.00557	0.00433	0.00186	0.00548	0.00379	0.00348	0.00717
26	0.24525	0.01436	0.01371	0.02879	0.01542	0.07235	0.00931	0.31526	0.01860	0.02889	0.01256	0.01393	0.00952	0.00685	0.00599	0.00180	0.05684	0.00471	0.11788	0.00798
27	0.16312	0.10828	0.48588	0.01447	0.02170	0.01530	0.01724	0.07318	0.01339	0.02142	0.01037	0.01197	0.00763	0.00575	0.00517	0.00182	0.00768	0.00417	0.00303	0.00843
28	0.00841	0.00614	0.00789	0.00746	0.00892	0.00563	0.00559	0.01114	0.01677	0.02352	0.69531	0.04593	0.10971	0.01252	0.00710	0.00190	0.00285	0.01102	0.00654	0.00563
29	0.00870	0.00602	0.00750	0.00750	0.00783	0.00634	0.00482	0.00935	0.00903	0.01236	0.01810	0.03461	0.01980	0.56366	0.25272	0.00699	0.00894	0.00805	0.00352	0.00417
30	0.01608	0.79220	0.03152	0.01029	0.01544	0.02380	0.01029	0.01801	0.01222	0.01415	0.00836	0.00965	0.00772	0.00515	0.00386	0.00129	0.00643	0.00322	0.00257	0.00772
31	0.00784	0.00612	0.00710	0.00686	0.00857	0.00539	0.00514	0.01004	0.01543	0.02032	0.41631	0.05119	0.39071	0.01372	0.00710	0.00196	0.00294	0.01176	0.00612	0.00539
32	0.01496	0.01292	0.01360	0.01224	0.01564	0.01496	0.00952	0.03197	0.74019	0.02516	0.02448	0.02244	0.01836	0.00816	0.00612	0.00204	0.00476	0.00680	0.00612	0.00952
33	0.01301	0.17683	0.57460	0.01698	0.06642	0.01589	0.01971	0.01882	0.01267	0.01814	0.01036	0.01224	0.00775	0.00558	0.00537	0.00178	0.00831	0.00426	0.00257	0.00870
34	0.00875	0.00583	0.00656	0.00656	0.00656	0.00583	0.00365	0.00875	0.00875	0.01166	0.01895	0.03937	0.02187	0.78858	0.03062	0.00583	0.00583	0.00875	0.00365	0.00365
35	0.00821	0.00611	0.00764	0.00730	0.00881	0.00554	0.00546	0.01075	0.01625	0.02238	0.59670	0.06653	0.19002	0.01303	0.00711	0.00193	0.00290	0.01139	0.00640	0.00554
36	0.06739	0.38898	0.18095	0.01188	0.01762	0.03366	0.01235	0.05345	0.01374	0.11524	0.01133	0.01212	0.00875	0.00569	0.00470	0.00154	0.00668	0.00399	0.00350	0.04644
37	0.00828	0.00644	0.00931	0.00977	0.01095	0.00604	0.05297	0.01004	0.01252	0.01633	0.03534	0.47290	0.13445	0.01696	0.00771	0.00243	0.00432	0.17257	0.00541	0.00527
38	0.01316	0.01316	0.01843	0.01579	0.01579	0.01843	0.01316	0.01448	0.00921	0.01448	0.00790	0.01316	0.00790	0.01053	0.01974	0.00263	0.77757	0.00526	0.00263	0.00658
39	0.01247	0.01069	0.01247	0.00891	0.01426	0.00802	0.00713	0.01515	0.01247	0.01960	0.01069	0.01247	0.00891	0.00446	0.00446	0.00089	0.00446	0.00356	0.00356	0.82536
40	0.83108	0.01163	0.00884	0.00791	0.01163	0.01350	0.00651	0.01768	0.01024	0.02699	0.00838	0.00977	0.00651	0.00558	0.00372	0.00186	0.00465	0.00326	0.00372	0.00651
41	0.83108	0.01163	0.00884	0.00791	0.01163	0.01350	0.00651	0.01768	0.01024	0.02699	0.00838	0.00977	0.00651	0.00558	0.00372	0.00186	0.00465	0.00326	0.00372	0.00651

[dist]
# distance from previous block
# <min> <max>
0	1

[block]
# block no. 1 follows, 38 sequences, length 36
# corresponding to MSA columns:
# 303-338
name=unknown_B
#
# <colnr> <probs for GDERKNQSTAVLIFYWHMCP>
#	G	D	E	R	K	N	Q	S	T	A	V	L	I	F	Y	W	H	M	C	P
0	0.02085	0.16023	0.07895	0.01345	0.01858	0.04907	0.01203	0.49987	0.02341	0.04721	0.01304	0.01342	0.00957	0.00669	0.00558	0.00171	0.00690	0.00489	0.00503	0.00953
1	0.01449	0.01389	0.02371	0.11925	0.67181	0.01419	0.01827	0.01812	0.01351	0.01918	0.01125	0.01502	0.00936	0.00543	0.00596	0.00181	0.00724	0.00536	0.00294	0.00921
2	0.00724	0.00559	0.00662	0.00744	0.00848	0.00496	0.00517	0.00848	0.01242	0.01572	0.04453	0.48717	0.32993	0.01737	0.00745	0.00227	0.00331	0.01530	0.00559	0.00496
3	0.00918	0.00656	0.00910	0.01049	0.01165	0.00648	0.00880	0.01157	0.01334	0.01742	0.03214	0.22444	0.03575	0.01711	0.00817	0.00270	0.00509	0.55908	0.00555	0.00540
4	0.00752	0.00537	0.00720	0.00859	0.00902	0.00505	0.00591	0.00870	0.01170	0.01557	0.03305	0.72788	0.03938	0.01867	0.00773	0.00247	0.00365	0.07203	0.00558	0.00494
5	0.02699	0.01024	0.01396	0.01070	0.01536	0.00884	0.00884	0.02932	0.01722	0.75522	0.02373	0.02048	0.01489	0.00745	0.00605	0.00186	0.00512	0.00605	0.00745	0.01024
6	0.02699	0.01024	0.01396	0.01070	0.01536	0.00884	0.00884	0.02932	0.01722	0.75522	0.02373	0.02048	0.01489	0.00745	0.00605	0.00186	0.00512	0.00605	0.00745	0.01024
7	0.83108	0.01163	0.00884	0.00791	0.01163	0.01350	0.00651	0.01768	0.01024	0.02699	0.00838	0.00977	0.00651	0.00558	0.00372	0.00186	0.00465	0.00326	0.00372	0.00651
8	0.83108	0.01163	0.00884	0.00791	0.01163	0.01350	0.00651	0.01768	0.01024	0.02699	0.00838	0.00977	0.00651	0.00558	0.00372	0.00186	0.00465	0.00326	0.00372	0.00651
9	0.01842	0.01051	0.01308	0.00964	0.01471	0.00836	0.00783	0.02095	0.01442	0.32071	0.01603	0.01575	0.01136	0.00568	0.00511	0.00129	0.00473	0.00458	0.00515	0.49171
10	0.00731	0.00530	0.00691	0.00820	0.00868	0.00490	0.00550	0.00840	0.01169	0.01543	0.03536	0.72709	0.09593	0.01856	0.00763	0.00241	0.00346	0.01675	0.00558	0.00490
11	0.01207	0.03112	0.75741	0.01715	0.02604	0.01397	0.02223	0.01905	0.01270	0.01905	0.01080	0.01270	0.00762	0.00572	0.00572	0.00191	0.00889	0.00445	0.00254	0.00889
12	0.01247	0.01069	0.01247	0.00891	0.01426	0.00802	0.00713	0.01515	0.01247	0.01960	0.01069	0.01247	0.00891	0.00446	0.00446	0.00089	0.00446	0.00356	0.00356	0.82536
13	0.00874	0.00586	0.00672	0.00672	0.00678	0.00592	0.00385	0.00885	0.00880	0.01178	0.01881	0.03855	0.02152	0.75016	0.06856	0.00603	0.00636	0.00863	0.00362	0.00373
14	0.01045	0.00522	0.00784	0.00784	0.00784	0.00522	0.00522	0.00784	0.00784	0.01045	0.01045	0.01829	0.01045	0.02090	0.02351	0.82497	0.00522	0.00522	0.00261	0.00261
15	0.02666	0.01076	0.01428	0.01095	0.01562	0.00962	0.00905	0.08489	0.01809	0.69841	0.02300	0.02000	0.01452	0.00743	0.00605	0.00186	0.00524	0.00600	0.00733	0.01024
16	0.00747	0.00534	0.00715	0.00854	0.00895	0.00501	0.00583	0.00863	0.01166	0.01552	0.03308	0.74097	0.03947	0.01871	0.00772	0.00246	0.00362	0.05936	0.00558	0.00493
17	0.00859	0.00645	0.00967	0.00967	0.01074	0.00752	0.00752	0.01074	0.00967	0.01396	0.01611	0.02363	0.01504	0.04512	0.76474	0.00967	0.01611	0.00645	0.00322	0.00537
18	0.10430	0.01037	0.01347	0.01043	0.01500	0.00929	0.00862	0.02820	0.01655	0.68521	0.02226	0.01945	0.01409	0.00727	0.00583	0.00186	0.00507	0.00578	0.00709	0.00988
19	0.00848	0.00619	0.00800	0.00766	0.00912	0.00570	0.00582	0.01123	0.01662	0.02324	0.66015	0.04712	0.10347	0.01274	0.00716	0.00195	0.00300	0.05021	0.00649	0.00563
20	0.01316	0.01316	0.01843	0.01579	0.01579	0.01843	0.01316	0.01448	0.00921	0.01448	0.00790	0.01316	0.00790	0.01053	0.01974	0.00263	0.77757	0.00526	0.00263	0.00658
21	0.02095	0.11817	0.01960	0.01697	0.09323	0.55338	0.01215	0.06567	0.01681	0.01657	0.00971	0.01134	0.00808	0.00605	0.00533	0.00156	0.00968	0.00404	0.00320	0.00752
22	0.01451	0.01763	0.07187	0.02443	0.03051	0.05316	0.65627	0.01950	0.01427	0.01903	0.01195	0.01577	0.00898	0.00516	0.00694	0.00200	0.01011	0.00680	0.00302	0.00810
23	0.01555	0.05008	0.24404	0.01305	0.01907	0.01340	0.01330	0.21541	0.01712	0.04139	0.01327	0.01654	0.01054	0.00645	0.00553	0.00161	0.00658	0.04748	0.00410	0.24551
24	0.01322	0.01329	0.01804	0.01554	0.01566	0.03741	0.01289	0.01458	0.00944	0.01446	0.00826	0.01352	0.00818	0.01181	0.04940	0.00289	0.72691	0.00528	0.00267	0.00654
25	0.00836	0.00614	0.00783	0.00741	0.00889	0.00561	0.00555	0.01105	0.01666	0.02326	0.67229	0.04636	0.13290	0.01262	0.00710	0.00191	0.00286	0.01108	0.00651	0.00561
26	0.00972	0.00827	0.01299	0.42329	0.02633	0.00962	0.01151	0.01238	0.01160	0.01527	0.01937	0.28558	0.02028	0.05919	0.02726	0.00257	0.00639	0.00968	0.02287	0.00581
27	0.01255	0.12220	0.67054	0.01633	0.02477	0.01515	0.02080	0.01893	0.01264	0.01847	0.01050	0.01234	0.00763	0.00565	0.00549	0.00183	0.00860	0.00430	0.00254	0.00875
28	0.00734	0.00589	0.00658	0.00703	0.00854	0.00513	0.00514	0.00883	0.01319	0.01631	0.07078	0.26304	0.49362	0.01624	0.00733	0.00218	0.00329	0.04885	0.00561	0.00506
29	0.00733	0.00524	0.00698	0.00838	0.00873	0.00489	0.00558	0.00838	0.01152	0.01536	0.03316	0.78466	0.03979	0.01885	0.00768	0.00244	0.00349	0.01710	0.00558	0.00489
30	0.02439	0.01350	0.01687	0.01390	0.05457	0.05790	0.05049	0.19742	0.01953	0.45822	0.01933	0.01791	0.01273	0.00708	0.00606	0.00183	0.00622	0.00579	0.00636	0.00988
31	0.12405	0.01997	0.24345	0.02059	0.02718	0.01462	0.42429	0.01899	0.01322	0.02025	0.01125	0.01432	0.00833	0.00533	0.00624	0.00197	0.00903	0.00580	0.00299	0.00813
32	0.00860	0.00641	0.00949	0.00949	0.01051	0.00743	0.00730	0.01063	0.00962	0.01384	0.01627	0.02451	0.01542	0.08678	0.72361	0.00945	0.01554	0.00657	0.00325	0.00527
33	0.01489	0.01429	0.02442	0.03692	0.75106	0.01429	0.01846	0.01846	0.01370	0.01965	0.01132	0.01489	0.00953	0.00536	0.00596	0.00179	0.00715	0.00536	0.00298	0.00953
34	0.00764	0.00611	0.00683	0.00665	0.00845	0.00530	0.00499	0.00966	0.01496	0.01921	0.31939	0.05302	0.48831	0.01413	0.00710	0.00198	0.00297	0.01201	0.00598	0.00530
35	0.83108	0.01163	0.00884	0.00791	0.01163	0.01350	0.00651	0.01768	0.01024	0.02699	0.00838	0.00977	0.00651	0.00558	0.00372	0.00186	0.00465	0.00326	0.00372	0.00651

[dist]
# distance from previous block
# <min> <max>
0	401

# created by:
# /software/SequenceAnalysis/GenePrediction/augustus/3.0.1/scripts/msa2prfl.pl ./fixed/BUSCOvEOG7RFN6F.fas
