[name]
unknown

[dist]
# distance from previous block
# <min> <max>
0	81

[block]
# block no. 0 follows, 39 sequences, length 68
# corresponding to MSA columns:
# 93-160
name=unknown_A
#
# <colnr> <probs for GDERKNQSTAVLIFYWHMCP>
#	G	D	E	R	K	N	Q	S	T	A	V	L	I	F	Y	W	H	M	C	P
0	0.01192	0.01092	0.01500	0.01368	0.01398	0.01413	0.01097	0.01306	0.01035	0.01531	0.01592	0.19126	0.01739	0.01530	0.06799	0.00316	0.50432	0.04530	0.00370	0.00636
1	0.01038	0.00855	0.01270	0.06100	0.01429	0.00866	0.08258	0.01283	0.01500	0.02104	0.45244	0.03788	0.05108	0.08045	0.01038	0.00246	0.07198	0.03466	0.00546	0.00619
2	0.75185	0.01365	0.07586	0.00912	0.01326	0.01369	0.00811	0.01800	0.01078	0.02643	0.00924	0.01096	0.00726	0.00602	0.00418	0.00197	0.00521	0.00357	0.00382	0.00701
3	0.01469	0.01356	0.02125	0.04485	0.54233	0.01283	0.01546	0.01774	0.01358	0.01990	0.01172	0.01509	0.00990	0.00557	0.00580	0.00168	0.00660	0.00506	0.00334	0.21905
4	0.22568	0.01291	0.01315	0.04679	0.01610	0.01459	0.00924	0.10205	0.39606	0.04537	0.01875	0.01915	0.01438	0.03178	0.00646	0.00218	0.00530	0.00585	0.00544	0.00875
5	0.01427	0.48133	0.04265	0.01089	0.01443	0.04671	0.00978	0.01579	0.01231	0.01513	0.01532	0.21007	0.01640	0.00944	0.00629	0.00182	0.05950	0.00711	0.00358	0.00719
6	0.01493	0.17270	0.01876	0.03120	0.01688	0.01359	0.04609	0.09265	0.01426	0.02040	0.01115	0.01328	0.00933	0.00568	0.00563	0.00137	0.04156	0.00419	0.00373	0.46262
7	0.80569	0.01192	0.00937	0.00838	0.01210	0.01354	0.00680	0.01814	0.01073	0.04427	0.00939	0.01095	0.00736	0.00605	0.00406	0.00197	0.00485	0.00353	0.00400	0.00689
8	0.01782	0.01268	0.01397	0.01218	0.01579	0.01384	0.00951	0.05589	0.55390	0.16588	0.04197	0.02290	0.01865	0.00844	0.00635	0.00210	0.00503	0.00682	0.00650	0.00979
9	0.00959	0.00730	0.00875	0.00867	0.01020	0.00703	0.00634	0.01340	0.11139	0.02139	0.38109	0.22271	0.12902	0.01395	0.00732	0.00218	0.00355	0.02361	0.00628	0.00623
10	0.04720	0.00644	0.00725	0.00752	0.00786	0.00632	0.00458	0.00951	0.00988	0.01386	0.02239	0.22975	0.02588	0.54884	0.02314	0.00479	0.00534	0.01065	0.00433	0.00446
11	0.00890	0.00661	0.00812	0.00787	0.00939	0.00596	0.00586	0.01112	0.01618	0.02225	0.55355	0.08246	0.18710	0.01352	0.00736	0.00208	0.00324	0.03615	0.00645	0.00584
12	0.01024	0.00732	0.00998	0.01130	0.01268	0.00720	0.00968	0.01266	0.01399	0.01830	0.03187	0.09340	0.03464	0.01680	0.00844	0.00284	0.00563	0.68151	0.00568	0.00583
13	0.02273	0.02850	0.01722	0.01568	0.01877	0.75951	0.01170	0.02403	0.01718	0.01521	0.00993	0.01175	0.00836	0.00660	0.00566	0.00167	0.01086	0.00407	0.00331	0.00725
14	0.01519	0.01436	0.02406	0.07440	0.71017	0.01438	0.01826	0.01848	0.01384	0.01978	0.01185	0.01573	0.01001	0.00582	0.00618	0.00191	0.00731	0.00551	0.00318	0.00959
15	0.32595	0.02160	0.01410	0.01273	0.01610	0.45049	0.00973	0.02189	0.01468	0.04631	0.01010	0.01169	0.00816	0.00642	0.00506	0.00179	0.00838	0.00392	0.00369	0.00719
16	0.00885	0.00712	0.00907	0.00890	0.01053	0.00653	0.03968	0.01043	0.01364	0.01759	0.12935	0.20826	0.34786	0.04121	0.00863	0.00243	0.02307	0.09566	0.00559	0.00562
17	0.02312	0.01702	0.01820	0.01408	0.01883	0.01866	0.01152	0.72721	0.02809	0.03773	0.01492	0.01524	0.01077	0.00759	0.00624	0.00192	0.00675	0.00557	0.00615	0.01041
18	0.01544	0.01321	0.01388	0.01252	0.01590	0.01508	0.00966	0.03174	0.73605	0.02535	0.02467	0.02301	0.01867	0.00851	0.00634	0.00214	0.00495	0.00691	0.00625	0.00972
19	0.01303	0.01104	0.01278	0.00929	0.01456	0.00833	0.00734	0.01541	0.01274	0.01995	0.01128	0.01333	0.00949	0.00491	0.00472	0.00103	0.00465	0.00377	0.00376	0.81860
20	0.00900	0.00668	0.00952	0.00976	0.01074	0.00732	0.00733	0.01066	0.01038	0.01475	0.01997	0.18067	0.02042	0.03911	0.60396	0.00810	0.01343	0.00871	0.00391	0.00559
21	0.04827	0.02169	0.02108	0.01762	0.02202	0.12940	0.01352	0.51217	0.02719	0.03635	0.01894	0.02205	0.01534	0.01112	0.00904	0.00293	0.04486	0.00702	0.00717	0.01223
22	0.01159	0.00612	0.00620	0.00616	0.00748	0.00601	0.00445	0.01386	0.01254	0.02175	0.01989	0.02447	0.01637	0.07687	0.00678	0.00191	0.00331	0.00602	0.74246	0.00575
23	0.02539	0.01024	0.01354	0.01063	0.01500	0.00881	0.00863	0.02737	0.01704	0.68516	0.02718	0.02435	0.08061	0.00849	0.00636	0.00198	0.00511	0.00676	0.00737	0.00997
24	0.01085	0.00850	0.01250	0.14301	0.08171	0.00880	0.01140	0.01346	0.01356	0.01788	0.02667	0.11487	0.02832	0.01418	0.00783	0.00261	0.00608	0.46644	0.00499	0.00633
25	0.01470	0.01411	0.01916	0.01657	0.01675	0.01887	0.01355	0.01547	0.01026	0.01596	0.00964	0.01541	0.00950	0.01142	0.01977	0.00289	0.75963	0.00574	0.00322	0.00740
26	0.00831	0.00594	0.00764	0.00895	0.00939	0.00546	0.00596	0.00904	0.01197	0.01607	0.03326	0.77697	0.03959	0.01900	0.00795	0.00258	0.00381	0.01695	0.00580	0.00536
27	0.02174	0.01639	0.01746	0.01391	0.01839	0.01803	0.01123	0.58037	0.17481	0.03531	0.01718	0.01720	0.01265	0.00795	0.00637	0.00201	0.00646	0.00593	0.00624	0.01039
28	0.08570	0.04397	0.66926	0.01650	0.02468	0.01439	0.02046	0.01923	0.01289	0.02024	0.01138	0.01359	0.00839	0.00628	0.00585	0.00204	0.00861	0.00458	0.00296	0.00900
29	0.01110	0.00647	0.00900	0.00886	0.00905	0.00665	0.00605	0.00915	0.00880	0.01202	0.01300	0.04680	0.01332	0.08881	0.07202	0.61898	0.04683	0.00623	0.00316	0.00371
30	0.01099	0.00926	0.01304	0.01215	0.01295	0.01148	0.00963	0.01252	0.01004	0.01489	0.01416	0.02114	0.01338	0.03336	0.51337	0.00732	0.26451	0.00627	0.00333	0.00622
31	0.01138	0.00644	0.00693	0.00676	0.00823	0.00617	0.00500	0.01383	0.01414	0.02333	0.20754	0.02897	0.02642	0.00888	0.00532	0.00170	0.00315	0.00716	0.60257	0.00608
32	0.02901	0.06538	0.02010	0.31975	0.18776	0.05393	0.02371	0.10241	0.09633	0.02076	0.01337	0.01664	0.01053	0.00676	0.00615	0.00202	0.00749	0.00553	0.00385	0.00852
33	0.01686	0.08346	0.02370	0.06484	0.52209	0.06520	0.01648	0.09321	0.01558	0.02110	0.01205	0.01532	0.01007	0.00622	0.00608	0.00190	0.00751	0.00532	0.00355	0.00947
34	0.02333	0.01717	0.01835	0.01423	0.01899	0.01877	0.01162	0.72440	0.02818	0.03788	0.01517	0.01559	0.01101	0.00776	0.00635	0.00196	0.00683	0.00565	0.00622	0.01053
35	0.01330	0.00782	0.00906	0.00812	0.01076	0.00668	0.00622	0.01490	0.01547	0.20818	0.15692	0.04625	0.44599	0.01311	0.00713	0.00212	0.00387	0.01074	0.00643	0.00693
36	0.00886	0.00650	0.00821	0.00893	0.00989	0.00580	0.00610	0.00988	0.01252	0.01718	0.09366	0.64382	0.03835	0.01719	0.00762	0.00240	0.00383	0.01524	0.00572	0.07829
37	0.02732	0.01078	0.01439	0.01120	0.01580	0.00928	0.00911	0.02929	0.01748	0.74810	0.02415	0.02142	0.01552	0.00798	0.00638	0.00202	0.00538	0.00626	0.00760	0.01054
38	0.00855	0.00612	0.00791	0.00915	0.00972	0.00566	0.00631	0.00950	0.01238	0.01662	0.06060	0.68605	0.03978	0.01857	0.00798	0.00259	0.00396	0.07725	0.00584	0.00545
39	0.00945	0.00683	0.00867	0.00817	0.00964	0.00622	0.00605	0.01192	0.01730	0.02455	0.74099	0.04508	0.05600	0.01267	0.00739	0.00205	0.00318	0.01093	0.00681	0.00613
40	0.01677	0.78352	0.03137	0.01080	0.01588	0.02375	0.01051	0.01836	0.01265	0.01490	0.00929	0.01096	0.00858	0.00576	0.00426	0.00146	0.00665	0.00352	0.00289	0.00810
41	0.74865	0.01205	0.01024	0.07664	0.01479	0.01377	0.00775	0.01784	0.01089	0.02631	0.00950	0.01162	0.00755	0.00622	0.00433	0.00203	0.00522	0.00374	0.00391	0.00695
42	0.01417	0.02204	0.30644	0.02235	0.02937	0.01499	0.45655	0.01950	0.01401	0.01977	0.01246	0.01602	0.00939	0.00592	0.00689	0.00213	0.00978	0.00630	0.00316	0.00877
43	0.01188	0.00969	0.01143	0.00921	0.01311	0.00764	0.00700	0.01391	0.01326	0.01993	0.10469	0.16143	0.02101	0.00864	0.00574	0.00148	0.00437	0.00719	0.00458	0.56383
44	0.01139	0.00597	0.00828	0.00823	0.00846	0.00582	0.00552	0.00906	0.00883	0.01237	0.01210	0.01967	0.01165	0.01978	0.02158	0.74141	0.00527	0.00549	0.07570	0.00342
45	0.03233	0.55578	0.04012	0.01155	0.01638	0.02140	0.01075	0.11781	0.01469	0.01884	0.01029	0.01203	0.00899	0.00628	0.00542	0.00160	0.04617	0.00397	0.00345	0.06217
46	0.00988	0.00707	0.00945	0.01075	0.01188	0.00682	0.00870	0.01177	0.01353	0.01783	0.03239	0.28758	0.03614	0.01752	0.00837	0.00280	0.00517	0.49078	0.00577	0.00580
47	0.01146	0.01006	0.01286	0.01207	0.01305	0.05464	0.00948	0.01302	0.01049	0.01489	0.01433	0.02112	0.01345	0.03350	0.52100	0.00734	0.21143	0.00620	0.00337	0.00623
48	0.01577	0.01574	0.02438	0.12409	0.50577	0.08129	0.10198	0.01900	0.01423	0.01923	0.01199	0.01596	0.00995	0.00608	0.00638	0.00198	0.00812	0.00566	0.00327	0.00912
49	0.01328	0.01122	0.01296	0.00946	0.01474	0.00849	0.00745	0.01559	0.01290	0.02017	0.01154	0.01369	0.00973	0.00509	0.00484	0.00108	0.00474	0.00386	0.00385	0.81533
50	0.00831	0.00594	0.00764	0.00895	0.00939	0.00546	0.00596	0.00904	0.01197	0.01607	0.03326	0.77697	0.03959	0.01900	0.00795	0.00258	0.00381	0.01695	0.00580	0.00536
51	0.01500	0.01278	0.01339	0.01215	0.01542	0.01434	0.00934	0.02982	0.66850	0.02478	0.02805	0.02641	0.08389	0.00929	0.00653	0.00219	0.00489	0.00750	0.00628	0.00946
52	0.01536	0.06640	0.04169	0.13526	0.51735	0.04017	0.05499	0.01858	0.01387	0.01909	0.01183	0.01573	0.00989	0.00606	0.00620	0.00195	0.00773	0.00547	0.00321	0.00918
53	0.02208	0.01624	0.01748	0.01369	0.01815	0.01764	0.01111	0.66031	0.02720	0.03668	0.08046	0.01824	0.01506	0.00820	0.00644	0.00197	0.00650	0.00612	0.00628	0.01013
54	0.01206	0.00630	0.00632	0.00627	0.00773	0.00615	0.00463	0.01450	0.01303	0.02291	0.02017	0.02331	0.01603	0.00756	0.00459	0.00157	0.00314	0.00583	0.81183	0.00606
55	0.01502	0.02774	0.56304	0.01659	0.02411	0.04983	0.01928	0.12008	0.06342	0.02242	0.01295	0.01469	0.00954	0.00669	0.00611	0.00204	0.00854	0.00497	0.00359	0.00937
56	0.00827	0.00656	0.00718	0.00744	0.00904	0.00565	0.00533	0.00946	0.01383	0.01739	0.11439	0.24347	0.49745	0.01616	0.00754	0.00227	0.00347	0.01363	0.00590	0.00555
57	0.01594	0.01640	0.08074	0.02629	0.32659	0.01523	0.18745	0.08344	0.13893	0.02256	0.01476	0.01739	0.01162	0.00654	0.00657	0.00205	0.00773	0.00618	0.00405	0.00953
58	0.00932	0.00637	0.00734	0.00765	0.00784	0.00613	0.00457	0.00931	0.00999	0.01343	0.02310	0.23134	0.02677	0.58212	0.02437	0.00500	0.00548	0.01097	0.00442	0.00447
59	0.00880	0.00662	0.00862	0.00958	0.00999	0.00661	0.00660	0.00956	0.01177	0.01599	0.03111	0.70978	0.03687	0.01829	0.00898	0.00260	0.07122	0.01594	0.00555	0.00551
60	0.01538	0.01304	0.01375	0.01217	0.01563	0.01502	0.00952	0.09244	0.68248	0.02582	0.02321	0.02138	0.01736	0.00794	0.00601	0.00199	0.00484	0.00657	0.00601	0.00942
61	0.00860	0.00573	0.00645	0.00645	0.00645	0.00573	0.00358	0.00860	0.00860	0.01147	0.01863	0.03870	0.02150	0.79217	0.03010	0.00573	0.00573	0.00860	0.00358	0.00358
62	0.01465	0.01449	0.02267	0.13709	0.60854	0.06336	0.01747	0.01809	0.01346	0.01842	0.01091	0.01453	0.00905	0.00541	0.00583	0.00177	0.00738	0.00517	0.00289	0.00882
63	0.01581	0.79572	0.03099	0.01012	0.01518	0.02340	0.01012	0.01771	0.01202	0.01391	0.00822	0.00949	0.00759	0.00506	0.00379	0.00126	0.00632	0.00316	0.00253	0.00759
64	0.01465	0.06733	0.14996	0.33085	0.02770	0.01381	0.01475	0.06493	0.01348	0.11983	0.01228	0.01499	0.00900	0.00643	0.00684	0.00188	0.07569	0.00500	0.01634	0.03425
65	0.01605	0.76644	0.03045	0.01031	0.01530	0.05182	0.01017	0.01793	0.01220	0.01393	0.00826	0.00953	0.00759	0.00510	0.00385	0.00127	0.00649	0.00319	0.00255	0.00756
66	0.02578	0.01053	0.01220	0.00874	0.01397	0.00797	0.00700	0.01493	0.01223	0.01939	0.01047	0.01222	0.00872	0.00440	0.00437	0.00089	0.00438	0.00350	0.00351	0.81480
67	0.34096	0.01540	0.15859	0.09455	0.03204	0.01326	0.04849	0.02052	0.11818	0.08652	0.01279	0.01396	0.00936	0.00606	0.00503	0.00189	0.00611	0.00462	0.00394	0.00775

[dist]
# distance from previous block
# <min> <max>
0	2

[block]
# block no. 1 follows, 39 sequences, length 12
# corresponding to MSA columns:
# 163-174
name=unknown_B
#
# <colnr> <probs for GDERKNQSTAVLIFYWHMCP>
#	G	D	E	R	K	N	Q	S	T	A	V	L	I	F	Y	W	H	M	C	P
0	0.02209	0.02819	0.01676	0.01524	0.01828	0.76843	0.01143	0.02361	0.01676	0.01447	0.00914	0.01066	0.00762	0.00609	0.00533	0.00152	0.01066	0.00381	0.00305	0.00686
1	0.01440	0.01522	0.06680	0.03380	0.62449	0.01415	0.10705	0.01828	0.01347	0.01924	0.01120	0.01468	0.00921	0.00525	0.00598	0.00179	0.00749	0.00543	0.00291	0.00916
2	0.01792	0.00807	0.01087	0.00920	0.01215	0.00713	0.00723	0.02019	0.01606	0.41599	0.25933	0.13780	0.03139	0.01046	0.00651	0.00192	0.00408	0.00903	0.00680	0.00787
3	0.00848	0.00623	0.00895	0.00895	0.00981	0.00709	0.00670	0.01020	0.00934	0.01332	0.01635	0.02604	0.01601	0.18030	0.63445	0.00882	0.01400	0.00675	0.00324	0.00497
4	0.16034	0.00990	0.11325	0.00869	0.01077	0.00787	0.00757	0.01188	0.00948	0.01610	0.01124	0.01627	0.00988	0.01376	0.01441	0.44367	0.00520	0.00473	0.12045	0.00455
5	0.01504	0.01448	0.01765	0.42297	0.02991	0.12286	0.01428	0.14717	0.01505	0.01892	0.01060	0.01435	0.00822	0.00678	0.00772	0.00196	0.11647	0.00505	0.00328	0.00723
6	0.01832	0.01353	0.01448	0.01151	0.01519	0.01466	0.00920	0.52960	0.02306	0.03061	0.02136	0.02375	0.11796	0.11829	0.00946	0.00236	0.00590	0.00681	0.00553	0.00842
7	0.01275	0.00764	0.00830	0.00754	0.00949	0.00811	0.00588	0.14454	0.01480	0.02365	0.01788	0.02079	0.01418	0.01218	0.11165	0.00259	0.00527	0.00559	0.56088	0.00631
8	0.02006	0.00924	0.01224	0.01025	0.01356	0.00869	0.00816	0.08776	0.01585	0.45065	0.02310	0.15967	0.01869	0.01464	0.11539	0.00303	0.00642	0.00792	0.00626	0.00842
9	0.01312	0.01021	0.01073	0.01099	0.01284	0.11598	0.00889	0.04129	0.01444	0.09696	0.02694	0.20906	0.02840	0.01404	0.00731	0.00235	0.00575	0.35918	0.00533	0.00617
10	0.00797	0.00612	0.00746	0.00824	0.00967	0.00562	0.00654	0.00982	0.01310	0.01643	0.04399	0.20558	0.34724	0.01618	0.00753	0.00234	0.00398	0.27158	0.00547	0.00512
11	0.00911	0.00577	0.00763	0.00856	0.00938	0.00565	0.00655	0.01052	0.01178	0.01656	0.02662	0.29854	0.02901	0.01596	0.00932	0.11806	0.00422	0.24789	0.15404	0.00483

[dist]
# distance from previous block
# <min> <max>
0	1

[block]
# block no. 2 follows, 39 sequences, length 7
# corresponding to MSA columns:
# 176-182
name=unknown_C
#
# <colnr> <probs for GDERKNQSTAVLIFYWHMCP>
#	G	D	E	R	K	N	Q	S	T	A	V	L	I	F	Y	W	H	M	C	P
0	0.01536	0.01159	0.01329	0.01198	0.01433	0.06092	0.08742	0.01661	0.01536	0.02277	0.02817	0.07174	0.13308	0.01420	0.06735	0.00305	0.00679	0.00862	0.38940	0.00800
1	0.00897	0.00608	0.00770	0.00756	0.00901	0.00550	0.00556	0.01112	0.01500	0.06481	0.43151	0.21069	0.16681	0.01372	0.00704	0.00200	0.00310	0.01207	0.00616	0.00558
2	0.00800	0.00578	0.00724	0.00814	0.00920	0.00539	0.00613	0.00971	0.01261	0.01668	0.06271	0.37696	0.19649	0.01620	0.00732	0.00230	0.00374	0.17915	0.06117	0.00507
3	0.01281	0.19660	0.42371	0.14464	0.07525	0.01581	0.01807	0.01785	0.01234	0.01709	0.01010	0.01251	0.00771	0.00552	0.00528	0.00175	0.00794	0.00431	0.00256	0.00816
4	0.01316	0.01197	0.01736	0.30589	0.16216	0.03538	0.03538	0.05638	0.13832	0.01920	0.01635	0.02429	0.01408	0.00781	0.00628	0.00203	0.00687	0.11555	0.00389	0.00762
5	0.02061	0.00897	0.01157	0.00957	0.01295	0.00819	0.00762	0.07039	0.01601	0.47161	0.02365	0.14919	0.01853	0.00912	0.00593	0.00185	0.00451	0.00766	0.13360	0.00847
6	0.00855	0.00593	0.00744	0.00744	0.00778	0.00627	0.00481	0.00923	0.00889	0.01220	0.01773	0.03370	0.01933	0.55057	0.26873	0.00695	0.00900	0.00787	0.00345	0.00413

[dist]
# distance from previous block
# <min> <max>
0	21

[block]
# block no. 3 follows, 39 sequences, length 9
# corresponding to MSA columns:
# 204-212
name=unknown_D
#
# <colnr> <probs for GDERKNQSTAVLIFYWHMCP>
#	G	D	E	R	K	N	Q	S	T	A	V	L	I	F	Y	W	H	M	C	P
0	0.17912	0.01189	0.01257	0.01017	0.01395	0.01268	0.00829	0.28010	0.04554	0.18146	0.01630	0.01637	0.01160	0.00682	0.00513	0.00173	0.00502	0.00513	0.16771	0.00842
1	0.56971	0.01137	0.00982	0.00852	0.01178	0.01290	0.00675	0.13377	0.01274	0.02590	0.01086	0.01498	0.00940	0.13076	0.00823	0.00244	0.00508	0.00441	0.00402	0.00656
2	0.17996	0.03439	0.01278	0.01009	0.01383	0.01093	0.00817	0.13518	0.01625	0.35694	0.01999	0.14279	0.01610	0.00870	0.00569	0.00190	0.00495	0.00701	0.00594	0.00841
3	0.01131	0.00785	0.00865	0.00785	0.00877	0.00819	0.00508	0.15046	0.01235	0.01650	0.01777	0.03392	0.01927	0.63897	0.02538	0.00496	0.00588	0.00796	0.00404	0.00485
4	0.01497	0.01006	0.01078	0.00876	0.01198	0.01012	0.00699	0.24707	0.01735	0.02642	0.01593	0.01760	0.01226	0.00647	0.00476	0.00141	0.00428	0.00506	0.40020	0.16755
5	0.00867	0.00649	0.00870	0.00874	0.00993	0.00705	0.00666	0.02957	0.01111	0.01549	0.02569	0.14974	0.13941	0.03111	0.43309	0.00623	0.03110	0.00890	0.05700	0.00533
6	0.01494	0.38845	0.02040	0.00976	0.01340	0.01652	0.00863	0.15561	0.01504	0.01996	0.01514	0.14013	0.01444	0.00796	0.00488	0.00157	0.00532	0.00620	0.13437	0.00728
7	0.01146	0.00665	0.00852	0.00796	0.00987	0.00594	0.00599	0.01360	0.01519	0.16433	0.35627	0.18649	0.15884	0.01289	0.00689	0.00198	0.00339	0.01125	0.00630	0.00621
8	0.00919	0.00705	0.00857	0.00837	0.00992	0.00703	0.00619	0.01405	0.14694	0.02163	0.42883	0.20227	0.08124	0.01290	0.00693	0.00201	0.00328	0.01139	0.00615	0.00606

[dist]
# distance from previous block
# <min> <max>
0	6

[block]
# block no. 4 follows, 39 sequences, length 9
# corresponding to MSA columns:
# 219-227
name=unknown_E
#
# <colnr> <probs for GDERKNQSTAVLIFYWHMCP>
#	G	D	E	R	K	N	Q	S	T	A	V	L	I	F	Y	W	H	M	C	P
0	0.00847	0.00666	0.00978	0.01300	0.13550	0.00638	0.00764	0.00992	0.01169	0.01581	0.02894	0.65680	0.03406	0.01627	0.00726	0.00229	0.00404	0.01485	0.00505	0.00558
1	0.01518	0.55943	0.02500	0.01048	0.01447	0.11916	0.00951	0.01688	0.01253	0.01419	0.01249	0.14203	0.01295	0.00749	0.00464	0.00149	0.00641	0.00557	0.00310	0.00702
2	0.01431	0.01230	0.01621	0.01946	0.27931	0.05759	0.02833	0.11416	0.01504	0.02140	0.01544	0.11209	0.01397	0.00739	0.00559	0.00166	0.00574	0.00649	0.14347	0.11003
3	0.01166	0.01185	0.05792	0.34331	0.19452	0.01197	0.07765	0.01497	0.01185	0.01598	0.01297	0.04747	0.01175	0.13978	0.01015	0.00257	0.00739	0.00635	0.00299	0.00687
4	0.00922	0.00815	0.00824	0.00900	0.00983	0.10041	0.00624	0.01055	0.01272	0.01616	0.12520	0.59224	0.03739	0.01612	0.00719	0.00222	0.00425	0.01437	0.00532	0.00516
5	0.05744	0.50325	0.02248	0.00924	0.01332	0.06385	0.00855	0.01568	0.01258	0.01515	0.02161	0.02179	0.19970	0.00770	0.00471	0.00150	0.00564	0.00561	0.00339	0.00681
6	0.01669	0.11252	0.36732	0.01501	0.02137	0.14425	0.01611	0.19837	0.01698	0.02209	0.01099	0.01227	0.00816	0.00601	0.00544	0.00172	0.00824	0.00438	0.00345	0.00862
7	0.00996	0.00543	0.00779	0.00797	0.00815	0.00543	0.00553	0.00842	0.00860	0.01141	0.01411	0.02704	0.01483	0.11649	0.02200	0.61553	0.00525	0.09989	0.00308	0.00308
8	0.01206	0.00949	0.01213	0.03570	0.10949	0.00978	0.00929	0.13582	0.05516	0.02050	0.04290	0.06551	0.15073	0.10935	0.00979	0.00259	0.00535	0.19275	0.00494	0.00666

[dist]
# distance from previous block
# <min> <max>
0	1

[block]
# block no. 5 follows, 39 sequences, length 48
# corresponding to MSA columns:
# 229-276
name=unknown_F
#
# <colnr> <probs for GDERKNQSTAVLIFYWHMCP>
#	G	D	E	R	K	N	Q	S	T	A	V	L	I	F	Y	W	H	M	C	P
0	0.01603	0.01233	0.01324	0.01158	0.01494	0.01383	0.00906	0.11397	0.53060	0.07395	0.04175	0.02205	0.01785	0.02265	0.00641	0.00202	0.00482	0.00658	0.05725	0.00910
1	0.01360	0.01819	0.22130	0.02688	0.40844	0.01332	0.07596	0.01798	0.01321	0.01920	0.01166	0.01549	0.00955	0.00563	0.00586	0.00177	0.00747	0.02378	0.00298	0.08773
2	0.01225	0.08068	0.71227	0.01649	0.02498	0.01443	0.02111	0.01874	0.01254	0.01853	0.01059	0.01247	0.00762	0.00567	0.00555	0.00186	0.00862	0.00433	0.00255	0.00873
3	0.02232	0.05763	0.01735	0.01452	0.01801	0.57301	0.01119	0.12474	0.01821	0.07285	0.01100	0.01200	0.00861	0.00637	0.00545	0.00160	0.00951	0.00420	0.00379	0.00764
4	0.00744	0.00529	0.00693	0.00821	0.00854	0.00495	0.00542	0.00836	0.01123	0.01498	0.03177	0.73784	0.03802	0.06918	0.00907	0.00264	0.00363	0.01629	0.00541	0.00479
5	0.01146	0.01068	0.01749	0.68495	0.03750	0.01343	0.01579	0.01508	0.01167	0.01536	0.01065	0.01587	0.00821	0.00643	0.00714	0.00203	0.07780	0.00530	0.02657	0.00660
6	0.02259	0.01664	0.01782	0.01369	0.01842	0.01839	0.01129	0.73413	0.02785	0.03735	0.01432	0.01438	0.01018	0.00718	0.00597	0.00180	0.00655	0.00537	0.00596	0.01012
7	0.00812	0.00558	0.00673	0.00733	0.00750	0.00540	0.00449	0.00854	0.00989	0.01320	0.02491	0.36950	0.02937	0.44932	0.02016	0.00428	0.00476	0.01226	0.00447	0.00420
8	0.01541	0.01307	0.01378	0.01223	0.01569	0.01504	0.00955	0.08351	0.69017	0.02577	0.02344	0.02164	0.01757	0.00804	0.00606	0.00201	0.00486	0.00662	0.00605	0.00947
9	0.01351	0.01286	0.02180	0.30432	0.49562	0.01379	0.01756	0.01713	0.01295	0.01791	0.01103	0.01522	0.00895	0.00559	0.00593	0.00186	0.00738	0.00531	0.00286	0.00842
10	0.15725	0.57129	0.11022	0.01057	0.01580	0.02059	0.01086	0.01785	0.01181	0.01677	0.00863	0.01004	0.00750	0.00529	0.00404	0.00146	0.00634	0.00335	0.00277	0.00758
11	0.02477	0.01007	0.01336	0.01046	0.01479	0.00892	0.00855	0.02787	0.06107	0.66916	0.03754	0.02238	0.04694	0.00785	0.00607	0.00187	0.00493	0.00639	0.00719	0.00979
12	0.01324	0.01377	0.02006	0.11606	0.02137	0.08084	0.14910	0.01559	0.01126	0.01540	0.01104	0.05737	0.01028	0.01098	0.05898	0.00273	0.37611	0.00616	0.00295	0.00670
13	0.01873	0.01274	0.01955	0.04850	0.06831	0.01268	0.17565	0.11880	0.12358	0.25101	0.07193	0.02005	0.01574	0.00710	0.00631	0.00191	0.00644	0.00652	0.00544	0.00902
14	0.00755	0.00540	0.00717	0.00842	0.00890	0.00505	0.00578	0.00874	0.01187	0.01590	0.07755	0.70047	0.03994	0.01806	0.00760	0.00241	0.00355	0.05509	0.00559	0.00496
15	0.00717	0.00609	0.00615	0.00613	0.00812	0.00509	0.00459	0.00867	0.01365	0.01633	0.08054	0.05662	0.73069	0.01496	0.00704	0.00202	0.00304	0.01245	0.00556	0.00508
16	0.01190	0.06172	0.01460	0.01208	0.01335	0.04476	0.00984	0.05299	0.01093	0.01537	0.01243	0.01807	0.01155	0.02692	0.39600	0.00593	0.26660	0.00562	0.00313	0.00622
17	0.01391	0.01354	0.02330	0.17844	0.45574	0.01429	0.10036	0.01812	0.04630	0.01854	0.01164	0.01543	0.00946	0.00585	0.00679	0.00191	0.04920	0.00557	0.00304	0.00856
18	0.01674	0.69609	0.02922	0.01086	0.01566	0.11864	0.01034	0.01855	0.01270	0.01411	0.00848	0.00982	0.00772	0.00528	0.00405	0.00132	0.00692	0.00329	0.00264	0.00756
19	0.00735	0.00525	0.00696	0.00833	0.00868	0.00489	0.00555	0.00834	0.01141	0.01522	0.03268	0.78686	0.03917	0.01859	0.00760	0.00242	0.00348	0.01683	0.00553	0.00487
20	0.01342	0.01021	0.01261	0.00934	0.01412	0.00797	0.02626	0.01600	0.01315	0.09314	0.06741	0.03878	0.01385	0.00577	0.00495	0.00114	0.00449	0.00481	0.00420	0.63839
21	0.00949	0.00612	0.00726	0.00717	0.00739	0.00622	0.00435	0.00988	0.05321	0.01213	0.01717	0.03308	0.01882	0.56656	0.02704	0.19347	0.00558	0.00773	0.00354	0.00378
22	0.01199	0.03064	0.76004	0.01693	0.02566	0.01380	0.02188	0.01881	0.01257	0.01884	0.01074	0.01267	0.00762	0.00571	0.00567	0.00190	0.00878	0.00441	0.00254	0.00880
23	0.01391	0.01180	0.01280	0.01076	0.01465	0.01214	0.00843	0.06078	0.42703	0.02327	0.03398	0.02133	0.06022	0.00744	0.00564	0.00167	0.00459	0.00611	0.00526	0.25818
24	0.00819	0.00586	0.00756	0.00887	0.00930	0.00539	0.00591	0.00895	0.01190	0.01596	0.03319	0.77821	0.03954	0.01895	0.00791	0.00256	0.00376	0.01693	0.00577	0.00530
25	0.01341	0.13885	0.59841	0.01632	0.02393	0.01585	0.01977	0.01885	0.01275	0.01856	0.01100	0.01335	0.00841	0.00646	0.00665	0.00200	0.05918	0.00455	0.00283	0.00887
26	0.01038	0.00698	0.00886	0.00821	0.00990	0.00631	0.00614	0.01280	0.01711	0.06884	0.66871	0.04405	0.08289	0.01244	0.00728	0.00203	0.00328	0.01069	0.00678	0.00631
27	0.01703	0.24435	0.37255	0.01417	0.02088	0.01632	0.01582	0.06040	0.01453	0.14753	0.01325	0.01432	0.00979	0.00645	0.00556	0.00185	0.00754	0.00465	0.00386	0.00915
28	0.02327	0.01200	0.05235	0.01124	0.01609	0.00971	0.00949	0.02647	0.06183	0.53728	0.02123	0.01965	0.01425	0.00735	0.00605	0.00184	0.00540	0.00577	0.00658	0.15216
29	0.01569	0.01423	0.02257	0.04303	0.51775	0.01407	0.06074	0.09028	0.01511	0.02141	0.01274	0.01705	0.01085	0.04841	0.00751	0.00209	0.00719	0.00572	0.00362	0.06993
30	0.00915	0.00660	0.00842	0.00821	0.00951	0.00603	0.00598	0.01137	0.01637	0.02308	0.62712	0.16400	0.05331	0.01364	0.00744	0.00211	0.00324	0.01188	0.00661	0.00594
31	0.02723	0.01070	0.01432	0.01112	0.01572	0.00922	0.00906	0.02924	0.01742	0.74934	0.02406	0.02128	0.01542	0.00791	0.00633	0.00200	0.00534	0.00623	0.00757	0.01048
32	0.00883	0.00666	0.00915	0.06064	0.04965	0.00640	0.00727	0.00991	0.01204	0.01618	0.03064	0.68807	0.03597	0.01745	0.00771	0.00250	0.00424	0.01558	0.00545	0.00565
33	0.01380	0.02877	0.66034	0.01748	0.02576	0.01396	0.06569	0.01992	0.01341	0.06457	0.01238	0.01443	0.00890	0.00629	0.00611	0.00204	0.00885	0.00493	0.00315	0.00921
34	0.00876	0.00687	0.00779	0.00796	0.00978	0.00606	0.00620	0.01048	0.01462	0.01854	0.17390	0.05743	0.46750	0.01524	0.00761	0.00229	0.00383	0.16350	0.00594	0.00569
35	0.00950	0.00641	0.00717	0.00719	0.00729	0.00626	0.00411	0.00930	0.00933	0.01254	0.02002	0.07134	0.02293	0.74849	0.02917	0.00570	0.00594	0.00919	0.00397	0.00415
36	0.01689	0.01615	0.03033	0.03440	0.02809	0.01555	0.53147	0.15101	0.01710	0.05674	0.01373	0.01696	0.01027	0.00610	0.00703	0.00209	0.00920	0.00679	0.00405	0.02606
37	0.01376	0.01351	0.01938	0.03158	0.01739	0.01800	0.05307	0.01506	0.01000	0.01538	0.00918	0.01464	0.00887	0.01124	0.03486	0.00285	0.69570	0.00559	0.00295	0.00700
38	0.02231	0.02379	0.01768	0.06161	0.02025	0.47324	0.01200	0.25014	0.02047	0.02264	0.01177	0.01339	0.00929	0.00701	0.00595	0.00180	0.00940	0.00469	0.00425	0.00832
39	0.06510	0.01508	0.06790	0.21800	0.42627	0.01438	0.01715	0.01842	0.01387	0.02035	0.01264	0.01695	0.01047	0.00672	0.00645	0.00213	0.00765	0.00560	0.00357	0.05130
40	0.00980	0.00697	0.00957	0.00952	0.01062	0.00766	0.00719	0.01152	0.01042	0.01545	0.01735	0.02547	0.01618	0.09556	0.61877	0.00840	0.01383	0.00671	0.09329	0.00572
41	0.01560	0.01469	0.02449	0.03655	0.74402	0.01454	0.01841	0.01878	0.01407	0.02021	0.01212	0.01600	0.01031	0.00595	0.00628	0.00194	0.00734	0.00559	0.00328	0.00984
42	0.01131	0.00954	0.01509	0.04502	0.01651	0.00884	0.17327	0.01398	0.02543	0.05041	0.14927	0.10225	0.24719	0.01239	0.00747	0.00226	0.00557	0.09217	0.00535	0.00670
43	0.01499	0.43656	0.24391	0.01330	0.01924	0.01906	0.04415	0.01908	0.05869	0.01730	0.01377	0.01530	0.04742	0.00660	0.00523	0.00175	0.00724	0.00473	0.00327	0.00842
44	0.01149	0.01252	0.18066	0.01045	0.01301	0.00843	0.00937	0.01332	0.01141	0.06180	0.02031	0.10006	0.02119	0.39573	0.03448	0.00424	0.00669	0.07455	0.00424	0.00605
45	0.00970	0.00711	0.00797	0.00758	0.00959	0.00620	0.00566	0.01167	0.02867	0.05787	0.30098	0.05060	0.44560	0.01397	0.00732	0.00212	0.00343	0.01161	0.00626	0.00608
46	0.01287	0.03096	0.75011	0.01742	0.02612	0.01423	0.02205	0.01935	0.01310	0.01962	0.01162	0.01388	0.00847	0.00629	0.00605	0.00206	0.00902	0.00470	0.00285	0.00922
47	0.01351	0.02671	0.54510	0.02053	0.08113	0.01451	0.16925	0.01935	0.01348	0.01971	0.01194	0.01476	0.00891	0.00614	0.00635	0.00207	0.00915	0.00531	0.00299	0.00911

[dist]
# distance from previous block
# <min> <max>
0	1

[block]
# block no. 6 follows, 39 sequences, length 8
# corresponding to MSA columns:
# 278-285
name=unknown_G
#
# <colnr> <probs for GDERKNQSTAVLIFYWHMCP>
#	G	D	E	R	K	N	Q	S	T	A	V	L	I	F	Y	W	H	M	C	P
0	0.02437	0.00951	0.01296	0.01027	0.01437	0.00826	0.00833	0.02652	0.01630	0.67616	0.02437	0.10601	0.01738	0.00857	0.00613	0.00189	0.00485	0.00716	0.00711	0.00948
1	0.02357	0.01481	0.01666	0.01278	0.01747	0.01574	0.01055	0.54508	0.02487	0.23189	0.01666	0.01580	0.01129	0.00716	0.00592	0.00179	0.00611	0.00549	0.00629	0.01006
2	0.01382	0.08364	0.13486	0.02256	0.02885	0.01550	0.57459	0.01881	0.01359	0.01849	0.01146	0.01493	0.00865	0.00508	0.00652	0.00192	0.00949	0.00630	0.00288	0.00805
3	0.02141	0.02206	0.01675	0.01426	0.01798	0.40046	0.01113	0.29376	0.10231	0.02424	0.01272	0.01328	0.00971	0.00669	0.00563	0.00167	0.00842	0.00470	0.00446	0.00835
4	0.01310	0.01139	0.01501	0.01099	0.01610	0.00940	0.08644	0.07061	0.01371	0.02054	0.01195	0.01542	0.01009	0.00523	0.00496	0.00115	0.00520	0.03806	0.00373	0.63691
5	0.01367	0.02585	0.47046	0.02067	0.13281	0.09597	0.11982	0.01920	0.01330	0.01838	0.01072	0.01309	0.00799	0.00553	0.00581	0.00183	0.00887	0.00481	0.00269	0.00852
6	0.40701	0.01096	0.01339	0.40741	0.02664	0.01320	0.01160	0.01620	0.01098	0.02061	0.00942	0.01280	0.00717	0.00571	0.00483	0.00190	0.00629	0.00427	0.00312	0.00649
7	0.01072	0.00995	0.00931	0.00895	0.01123	0.08255	0.00680	0.01638	0.21171	0.01843	0.06319	0.10281	0.37388	0.01248	0.00665	0.00201	0.00433	0.03683	0.00542	0.00638

[dist]
# distance from previous block
# <min> <max>
6	10

[block]
# block no. 7 follows, 39 sequences, length 46
# corresponding to MSA columns:
# 296-341
name=unknown_H
#
# <colnr> <probs for GDERKNQSTAVLIFYWHMCP>
#	G	D	E	R	K	N	Q	S	T	A	V	L	I	F	Y	W	H	M	C	P
0	0.01449	0.61563	0.02604	0.01002	0.01426	0.02001	0.00940	0.01755	0.07540	0.01502	0.01306	0.12115	0.01297	0.00723	0.00452	0.00149	0.00577	0.00541	0.00325	0.00735
1	0.00798	0.00582	0.00752	0.00763	0.00879	0.00536	0.00557	0.01019	0.01495	0.02064	0.48634	0.24685	0.10407	0.01416	0.00716	0.00204	0.00305	0.03045	0.00613	0.00532
2	0.02146	0.01606	0.01718	0.01340	0.01795	0.01786	0.01099	0.64342	0.12160	0.03563	0.01549	0.01523	0.01110	0.00722	0.00593	0.00181	0.00627	0.00550	0.00593	0.00997
3	0.05581	0.05833	0.44395	0.06626	0.08777	0.01394	0.01760	0.08058	0.01411	0.05503	0.04409	0.01451	0.01032	0.00607	0.00558	0.00183	0.00758	0.00483	0.00330	0.00852
4	0.71151	0.01123	0.00945	0.00819	0.01199	0.01257	0.00675	0.01912	0.01110	0.13765	0.01052	0.01120	0.00765	0.00577	0.00401	0.00183	0.00464	0.00362	0.00421	0.00696
5	0.01226	0.01015	0.01195	0.00877	0.01369	0.00770	0.00695	0.01477	0.01231	0.03577	0.01224	0.06286	0.01086	0.00537	0.00462	0.00100	0.00433	0.00442	0.00372	0.75627
6	0.00804	0.00636	0.00843	0.00908	0.00954	0.00676	0.00648	0.00918	0.01128	0.01521	0.04463	0.59810	0.09773	0.01691	0.00920	0.00238	0.11588	0.01464	0.00509	0.00508
7	0.00741	0.00599	0.00646	0.00635	0.00808	0.00517	0.00468	0.00911	0.01391	0.01745	0.21550	0.05282	0.54598	0.06481	0.00849	0.00221	0.00313	0.01182	0.00560	0.00504
8	0.01564	0.01155	0.01460	0.01069	0.01580	0.00981	0.05501	0.10185	0.02843	0.12654	0.01311	0.01403	0.00993	0.00522	0.00498	0.00121	0.00509	0.00435	0.00434	0.54782
9	0.01121	0.01182	0.06606	0.72850	0.03975	0.01318	0.01678	0.01534	0.01187	0.01534	0.01052	0.01555	0.00786	0.00589	0.00589	0.00196	0.00794	0.00520	0.00262	0.00671
10	0.01466	0.01291	0.01477	0.01287	0.01639	0.01473	0.05643	0.03061	0.69712	0.02436	0.02328	0.02167	0.01746	0.00783	0.00608	0.00201	0.00502	0.00671	0.00582	0.00927
11	0.22022	0.01634	0.01545	0.01233	0.01665	0.08315	0.01008	0.49783	0.02251	0.03265	0.01230	0.01277	0.00895	0.00662	0.00531	0.00177	0.00640	0.00467	0.00511	0.00888
12	0.00756	0.00594	0.00657	0.00682	0.00815	0.00534	0.00479	0.00921	0.03113	0.01587	0.09344	0.21975	0.41821	0.12781	0.01043	0.00262	0.00352	0.01264	0.00530	0.00490
13	0.01102	0.00551	0.00551	0.00551	0.00689	0.00551	0.00413	0.01378	0.01240	0.02205	0.01929	0.02205	0.01516	0.00689	0.00413	0.00138	0.00276	0.00551	0.82500	0.00551
14	0.01335	0.01037	0.01154	0.00985	0.01153	0.04543	0.03673	0.20711	0.01443	0.01900	0.01637	0.02900	0.01680	0.48550	0.02109	0.00421	0.03048	0.00731	0.00414	0.00576
15	0.01926	0.01927	0.03661	0.02728	0.03329	0.01756	0.67218	0.02233	0.01720	0.02381	0.01734	0.02326	0.01417	0.00872	0.00919	0.00298	0.01140	0.00856	0.00490	0.01069
16	0.00848	0.00622	0.00890	0.00890	0.00974	0.00706	0.00663	0.01017	0.00932	0.01328	0.01640	0.02631	0.01612	0.19312	0.62179	0.00875	0.01383	0.00679	0.00325	0.00494
17	0.01186	0.03059	0.76153	0.01686	0.02560	0.01373	0.02185	0.01873	0.01249	0.01873	0.01061	0.01249	0.00749	0.00562	0.00562	0.00187	0.00874	0.00437	0.00250	0.00874
18	0.00861	0.00819	0.07409	0.00814	0.01016	0.00627	0.00686	0.01156	0.01581	0.02229	0.61481	0.04185	0.08901	0.04710	0.00791	0.00204	0.00346	0.01014	0.00597	0.00573
19	0.01958	0.01512	0.01611	0.01302	0.01723	0.01698	0.01054	0.47274	0.29534	0.03259	0.01788	0.01713	0.01304	0.00744	0.00595	0.00186	0.00583	0.00583	0.00595	0.00980
20	0.02429	0.01021	0.01347	0.01047	0.01473	0.00920	0.00859	0.08822	0.01785	0.62018	0.09845	0.02212	0.01853	0.00780	0.00605	0.00183	0.00493	0.00639	0.00711	0.00960
21	0.11749	0.00722	0.00857	0.00794	0.01001	0.00692	0.00616	0.01376	0.01521	0.11025	0.44024	0.07197	0.10305	0.01142	0.00651	0.00193	0.00347	0.04570	0.00605	0.00613
22	0.01294	0.01294	0.01811	0.01553	0.01553	0.01811	0.01294	0.01423	0.00906	0.01423	0.00776	0.01294	0.00776	0.01035	0.01941	0.00259	0.78134	0.00518	0.00259	0.00647
23	0.02087	0.02296	0.01646	0.01432	0.01769	0.47710	0.01106	0.19725	0.08220	0.02096	0.01297	0.01381	0.02884	0.00687	0.00601	0.00167	0.03242	0.00470	0.00405	0.00779
24	0.00732	0.00522	0.00681	0.00803	0.00838	0.00489	0.00530	0.00827	0.01113	0.01480	0.03200	0.70533	0.05412	0.08657	0.00952	0.00269	0.00362	0.01599	0.00532	0.00470
25	0.09533	0.01575	0.05962	0.01978	0.02504	0.02859	0.44609	0.08089	0.01451	0.05175	0.01183	0.01474	0.00888	0.00566	0.00705	0.00192	0.05529	0.00597	0.00347	0.04786
26	0.04396	0.01376	0.07957	0.02570	0.01730	0.04228	0.04699	0.07815	0.06803	0.29303	0.01644	0.01613	0.01146	0.00620	0.00548	0.00160	0.00580	0.00506	0.00513	0.21792
27	0.13260	0.01287	0.01350	0.01165	0.01497	0.02715	0.00930	0.12497	0.38166	0.07794	0.02022	0.01953	0.04457	0.00794	0.00685	0.00198	0.07228	0.00601	0.00539	0.00861
28	0.03340	0.01437	0.03913	0.01896	0.02451	0.01299	0.44792	0.01891	0.07670	0.01971	0.01251	0.01529	0.00961	0.00511	0.00610	0.00169	0.00787	0.00589	0.00340	0.22590
29	0.05394	0.01223	0.01430	0.11121	0.01831	0.01263	0.00969	0.30598	0.01808	0.02551	0.01393	0.08556	0.01195	0.00787	0.00642	0.04395	0.00566	0.00577	0.00451	0.23248
30	0.27947	0.04062	0.08868	0.01188	0.01647	0.06967	0.01055	0.34446	0.01897	0.02928	0.01153	0.01237	0.00852	0.00630	0.00502	0.00176	0.00631	0.00438	0.02543	0.00834
31	0.00824	0.00643	0.00859	0.00909	0.00970	0.00665	0.00649	0.00953	0.01155	0.01593	0.09088	0.59294	0.03531	0.01632	0.00882	0.00231	0.09939	0.01424	0.00513	0.04247
32	0.00909	0.00785	0.01196	0.04393	0.01332	0.00763	0.10318	0.01175	0.01471	0.01995	0.38329	0.08006	0.20634	0.01180	0.00760	0.00198	0.04395	0.01042	0.00538	0.00581
33	0.08361	0.01037	0.01639	0.67507	0.03661	0.01280	0.01498	0.01525	0.01170	0.01643	0.01071	0.01551	0.00808	0.00592	0.00563	0.00193	0.00736	0.00509	0.04006	0.00651
34	0.01117	0.01051	0.01774	0.77795	0.04073	0.01314	0.01642	0.01511	0.01182	0.01511	0.01051	0.01577	0.00788	0.00591	0.00591	0.00197	0.00788	0.00526	0.00263	0.00657
35	0.01125	0.00667	0.00782	0.00731	0.00815	0.00657	0.00464	0.01253	0.04778	0.11057	0.05368	0.03567	0.02202	0.61298	0.02463	0.00485	0.00545	0.00825	0.00433	0.00482
36	0.01396	0.01595	0.03490	0.02493	0.03091	0.01496	0.73380	0.01894	0.01396	0.01894	0.01196	0.01595	0.00897	0.00499	0.00698	0.00199	0.00997	0.00698	0.00299	0.00798
37	0.76125	0.01096	0.00862	0.00775	0.01121	0.01259	0.00633	0.01684	0.01065	0.02628	0.07374	0.01265	0.01075	0.00607	0.00395	0.00183	0.00442	0.00386	0.00391	0.00633
38	0.00745	0.00530	0.00694	0.00799	0.00842	0.00497	0.00533	0.00858	0.01167	0.01571	0.10920	0.64181	0.03937	0.08595	0.00947	0.00264	0.00356	0.01543	0.00543	0.00478
39	0.02248	0.01656	0.01775	0.01361	0.01834	0.01834	0.01124	0.73556	0.02780	0.03727	0.01420	0.01420	0.01006	0.00710	0.00592	0.00177	0.00651	0.00532	0.00592	0.01006
40	0.00721	0.00515	0.00686	0.00823	0.00858	0.00480	0.00549	0.00823	0.01132	0.01510	0.03259	0.78831	0.03911	0.01853	0.00755	0.00240	0.00343	0.01681	0.00549	0.00480
41	0.01226	0.01051	0.01226	0.00876	0.01401	0.00788	0.00701	0.01489	0.01226	0.01927	0.01051	0.01226	0.00876	0.00438	0.00438	0.00088	0.00438	0.00350	0.00350	0.82832
42	0.00916	0.00662	0.00819	0.00793	0.00944	0.00635	0.00587	0.01267	0.08758	0.03806	0.43723	0.15809	0.12940	0.01328	0.00762	0.03638	0.00325	0.01112	0.00604	0.00574
43	0.01384	0.01405	0.02001	0.01646	0.01802	0.08107	0.14710	0.01585	0.01109	0.03839	0.01134	0.08180	0.01095	0.00960	0.01440	0.00234	0.47737	0.00644	0.00311	0.00675
44	0.00731	0.00523	0.00695	0.00816	0.00860	0.00487	0.00550	0.00849	0.01180	0.01586	0.09595	0.72278	0.04058	0.01796	0.00750	0.00235	0.00337	0.01627	0.00558	0.00487
45	0.01264	0.01225	0.02118	0.44116	0.19467	0.01373	0.11804	0.01774	0.07599	0.01742	0.01203	0.01609	0.00925	0.00582	0.00606	0.00193	0.00771	0.00563	0.00304	0.00763

[dist]
# distance from previous block
# <min> <max>
0	47

# created by:
# /software/SequenceAnalysis/GenePrediction/augustus/3.0.1/scripts/msa2prfl.pl ./fixed/BUSCOvEOG7908QF.fas
