[name]
unknown

[dist]
# distance from previous block
# <min> <max>
0	155

[block]
# block no. 0 follows, 39 sequences, length 41
# corresponding to MSA columns:
# 156-196
name=unknown_A
#
# <colnr> <probs for GDERKNQSTAVLIFYWHMCP>
#	G	D	E	R	K	N	Q	S	T	A	V	L	I	F	Y	W	H	M	C	P
0	0.00953	0.00681	0.00953	0.01089	0.01225	0.00681	0.00953	0.01225	0.01361	0.01770	0.03131	0.06671	0.03403	0.01634	0.00817	0.00272	0.00545	0.71547	0.00545	0.00545
1	0.83394	0.01144	0.00869	0.00778	0.01144	0.01327	0.00640	0.01738	0.01006	0.02653	0.00823	0.00961	0.00640	0.00549	0.00366	0.00183	0.00457	0.00320	0.00366	0.00640
2	0.00860	0.00573	0.00645	0.00645	0.00645	0.00573	0.00358	0.00860	0.00860	0.01147	0.01863	0.03870	0.02150	0.79217	0.03010	0.00573	0.00573	0.00860	0.00358	0.00358
3	0.01199	0.02970	0.71729	0.01735	0.02592	0.01381	0.06520	0.01874	0.01258	0.01874	0.01070	0.01270	0.00758	0.00558	0.00570	0.00188	0.00881	0.00453	0.00253	0.00869
4	0.01186	0.03059	0.76153	0.01686	0.02560	0.01373	0.02185	0.01873	0.01249	0.01873	0.01061	0.01249	0.00749	0.00562	0.00562	0.00187	0.00874	0.00437	0.00250	0.00874
5	0.69330	0.01120	0.00957	0.00826	0.01207	0.01247	0.00680	0.01938	0.01126	0.15419	0.01086	0.01144	0.00784	0.00581	0.00406	0.00183	0.00465	0.00368	0.00430	0.00704
6	0.01220	0.09633	0.69876	0.01628	0.02470	0.01456	0.02084	0.01864	0.01245	0.01831	0.01041	0.01223	0.00750	0.00557	0.00546	0.00182	0.00853	0.00427	0.00250	0.00864
7	0.01471	0.01270	0.01337	0.01203	0.01538	0.01471	0.00936	0.03142	0.74459	0.02474	0.02407	0.02206	0.01805	0.00802	0.00602	0.00201	0.00468	0.00669	0.00602	0.00936
8	0.01294	0.01294	0.01811	0.01553	0.01553	0.01811	0.01294	0.01423	0.00906	0.01423	0.00776	0.01294	0.00776	0.01035	0.01941	0.00259	0.78134	0.00518	0.00259	0.00647
9	0.00735	0.00525	0.00702	0.00840	0.00880	0.00493	0.00574	0.00848	0.01146	0.01525	0.03252	0.74437	0.03880	0.01839	0.00759	0.00242	0.00355	0.05935	0.00549	0.00484
10	0.00766	0.00602	0.00691	0.00669	0.00840	0.00528	0.00502	0.00978	0.01505	0.01971	0.39409	0.05076	0.41636	0.01358	0.00698	0.00193	0.00290	0.01162	0.00598	0.00528
11	0.00860	0.00573	0.00645	0.00645	0.00645	0.00573	0.00358	0.00860	0.00860	0.01147	0.01863	0.03870	0.02150	0.79217	0.03010	0.00573	0.00573	0.00860	0.00358	0.00358
12	0.01226	0.01051	0.01226	0.00876	0.01401	0.00788	0.00701	0.01489	0.01226	0.01927	0.01051	0.01226	0.00876	0.00438	0.00438	0.00088	0.00438	0.00350	0.00350	0.82832
13	0.01491	0.01479	0.04715	0.08099	0.53059	0.01446	0.10845	0.07971	0.01462	0.02052	0.01144	0.01477	0.00922	0.00544	0.00600	0.00181	0.00746	0.00546	0.00316	0.00905
14	0.01698	0.01655	0.09569	0.02677	0.43586	0.01545	0.01621	0.25810	0.01816	0.02526	0.01210	0.01427	0.00941	0.00592	0.00585	0.00177	0.00702	0.00520	0.00388	0.00954
15	0.02653	0.01006	0.01372	0.01052	0.01510	0.00869	0.00869	0.02882	0.01693	0.75937	0.02333	0.02013	0.01464	0.00732	0.00595	0.00183	0.00503	0.00595	0.00732	0.01006
16	0.02248	0.01656	0.01775	0.01361	0.01834	0.01834	0.01124	0.73556	0.02780	0.03727	0.01420	0.01420	0.01006	0.00710	0.00592	0.00177	0.00651	0.00532	0.00592	0.01006
17	0.00823	0.00604	0.00771	0.00729	0.00875	0.00552	0.00547	0.01089	0.01641	0.02294	0.68290	0.04545	0.12554	0.01238	0.00698	0.00187	0.00281	0.01087	0.00641	0.00552
18	0.01234	0.10428	0.62584	0.01608	0.02371	0.01506	0.01993	0.01824	0.01214	0.01787	0.01013	0.01223	0.00752	0.00597	0.00662	0.00187	0.07489	0.00432	0.00251	0.00843
19	0.01380	0.01542	0.03291	0.08160	0.07918	0.01476	0.63355	0.01861	0.01377	0.01868	0.01180	0.01585	0.00892	0.00507	0.00683	0.00198	0.00962	0.00674	0.00296	0.00796
20	0.00721	0.00515	0.00686	0.00823	0.00858	0.00480	0.00549	0.00823	0.01132	0.01510	0.03259	0.78831	0.03911	0.01853	0.00755	0.00240	0.00343	0.01681	0.00549	0.00480
21	0.01314	0.01393	0.02787	0.27181	0.12933	0.01424	0.40596	0.01759	0.01320	0.01774	0.01138	0.01572	0.00867	0.00532	0.00648	0.00196	0.00890	0.00619	0.00286	0.00770
22	0.01358	0.01454	0.07769	0.09517	0.51145	0.01371	0.06427	0.01722	0.01293	0.01839	0.01211	0.05775	0.01065	0.00634	0.00673	0.00188	0.04806	0.00595	0.00300	0.00858
23	0.00716	0.00600	0.00623	0.00617	0.00809	0.00507	0.00463	0.00883	0.01389	0.01695	0.14749	0.05530	0.66468	0.01461	0.00699	0.00198	0.00297	0.01225	0.00562	0.00507
24	0.01117	0.01051	0.01774	0.77795	0.04073	0.01314	0.01642	0.01511	0.01182	0.01511	0.01051	0.01577	0.00788	0.00591	0.00591	0.00197	0.00788	0.00526	0.00263	0.00657
25	0.01521	0.67976	0.14171	0.01114	0.01676	0.02193	0.01190	0.01786	0.01209	0.01464	0.00858	0.00994	0.00757	0.00514	0.00407	0.00136	0.00669	0.00335	0.00252	0.00776
26	0.01015	0.00735	0.00884	0.00904	0.01034	0.00747	0.00649	0.11336	0.06225	0.01988	0.08217	0.53262	0.03359	0.01513	0.00699	0.00219	0.00387	0.01347	0.04888	0.00594
27	0.00707	0.00599	0.00610	0.00607	0.00804	0.00503	0.00455	0.00864	0.01366	0.01641	0.09855	0.05620	0.71397	0.01482	0.00699	0.00199	0.00298	0.01238	0.00555	0.00503
28	0.02653	0.01006	0.01372	0.01052	0.01510	0.00869	0.00869	0.02882	0.01693	0.75937	0.02333	0.02013	0.01464	0.00732	0.00595	0.00183	0.00503	0.00595	0.00732	0.01006
29	0.04569	0.00873	0.02738	0.01044	0.06646	0.00773	0.00758	0.01650	0.05423	0.21082	0.06716	0.10872	0.30750	0.01154	0.00650	0.00197	0.00419	0.02411	0.00571	0.00703
30	0.01186	0.03059	0.76153	0.01686	0.02560	0.01373	0.02185	0.01873	0.01249	0.01873	0.01061	0.01249	0.00749	0.00562	0.00562	0.00187	0.00874	0.00437	0.00250	0.00874
31	0.01147	0.01082	0.01828	0.71423	0.10213	0.01322	0.01657	0.01537	0.01197	0.01547	0.01056	0.01567	0.00801	0.00586	0.00591	0.00195	0.00781	0.00526	0.00265	0.00681
32	0.01990	0.21927	0.02083	0.03006	0.01781	0.04864	0.01093	0.45225	0.07614	0.02887	0.01309	0.01345	0.00986	0.00657	0.00535	0.00165	0.00652	0.00480	0.00486	0.00916
33	0.01988	0.01670	0.02066	0.01579	0.02043	0.07263	0.16079	0.49572	0.02324	0.03061	0.01433	0.05513	0.01118	0.00719	0.00618	0.00183	0.00737	0.00616	0.00507	0.00911
34	0.01138	0.01092	0.01901	0.72203	0.04000	0.01327	0.06970	0.01539	0.01198	0.01539	0.01062	0.01578	0.00796	0.00584	0.00599	0.00197	0.00804	0.00538	0.00265	0.00667
35	0.00721	0.00515	0.00686	0.00823	0.00858	0.00480	0.00549	0.00823	0.01132	0.01510	0.03259	0.78831	0.03911	0.01853	0.00755	0.00240	0.00343	0.01681	0.00549	0.00480
36	0.22981	0.37286	0.02069	0.05058	0.01551	0.09433	0.00942	0.03983	0.01237	0.01852	0.00922	0.01095	0.00780	0.00569	0.00472	0.00155	0.03654	0.00363	0.04890	0.00707
37	0.58655	0.03791	0.10060	0.00949	0.01383	0.01346	0.00878	0.01951	0.07398	0.07315	0.01087	0.01171	0.00811	0.00583	0.00425	0.00183	0.00517	0.00382	0.00393	0.00722
38	0.10857	0.01615	0.07116	0.01269	0.01731	0.01635	0.01102	0.54212	0.02379	0.03356	0.07669	0.01615	0.01340	0.00724	0.00574	0.00180	0.00614	0.00548	0.00547	0.00918
39	0.01895	0.04842	0.09817	0.05573	0.03553	0.35915	0.05292	0.17416	0.03080	0.02037	0.01196	0.01356	0.02193	0.00725	0.02395	0.00187	0.00904	0.00472	0.00366	0.00784
40	0.01552	0.01385	0.02169	0.04043	0.40489	0.03976	0.10283	0.02034	0.09063	0.08318	0.01349	0.01567	0.01053	0.00564	0.00584	0.00172	0.00683	0.00544	0.00370	0.09802

[dist]
# distance from previous block
# <min> <max>
22	43

[block]
# block no. 1 follows, 39 sequences, length 8
# corresponding to MSA columns:
# 242-249
name=unknown_B
#
# <colnr> <probs for GDERKNQSTAVLIFYWHMCP>
#	G	D	E	R	K	N	Q	S	T	A	V	L	I	F	Y	W	H	M	C	P
0	0.01841	0.01372	0.01426	0.01127	0.01553	0.08672	0.00899	0.26153	0.01861	0.13911	0.01580	0.09102	0.01301	0.00733	0.00555	0.00154	0.00573	0.00585	0.00506	0.26095
1	0.01766	0.10077	0.07086	0.04250	0.01911	0.20761	0.07343	0.08761	0.06474	0.08698	0.01248	0.01359	0.00952	0.00586	0.00533	0.00154	0.00740	0.00458	0.00388	0.16456
2	0.01368	0.00982	0.01195	0.03986	0.01444	0.00845	0.00760	0.01769	0.09035	0.12280	0.08905	0.07836	0.01756	0.00710	0.00534	0.00139	0.00441	0.00600	0.00472	0.44942
3	0.01552	0.08903	0.01576	0.01100	0.01528	0.01157	0.04518	0.16019	0.01595	0.09999	0.01640	0.09361	0.01467	0.00774	0.00556	0.00156	0.00535	0.06713	0.00463	0.30387
4	0.01655	0.01403	0.04646	0.01487	0.01915	0.01373	0.18084	0.31788	0.03453	0.05470	0.04476	0.13309	0.01633	0.02392	0.00686	0.00198	0.00661	0.00766	0.00497	0.04106
5	0.01881	0.01057	0.01287	0.01007	0.01428	0.00956	0.00811	0.13087	0.03699	0.31593	0.04467	0.07381	0.05462	0.00787	0.00573	0.00162	0.00478	0.00648	0.00580	0.22656
6	0.01643	0.01175	0.01483	0.01129	0.01588	0.01075	0.05914	0.17209	0.04492	0.13687	0.01582	0.08164	0.01295	0.00682	0.00547	0.00147	0.00526	0.00579	0.00484	0.36602
7	0.01335	0.00981	0.01186	0.01117	0.03936	0.00989	0.00853	0.12977	0.12335	0.06145	0.12290	0.09501	0.02561	0.05198	0.00777	0.00217	0.00489	0.15590	0.00542	0.10982

[dist]
# distance from previous block
# <min> <max>
2	18

[block]
# block no. 2 follows, 39 sequences, length 6
# corresponding to MSA columns:
# 269-274
name=unknown_C
#
# <colnr> <probs for GDERKNQSTAVLIFYWHMCP>
#	G	D	E	R	K	N	Q	S	T	A	V	L	I	F	Y	W	H	M	C	P
0	0.00817	0.00604	0.00763	0.00723	0.00871	0.00550	0.00543	0.01078	0.01628	0.02261	0.65354	0.04599	0.15510	0.01250	0.00698	0.00188	0.00282	0.01095	0.00636	0.00550
1	0.00836	0.00651	0.01003	0.01037	0.01146	0.00619	0.07282	0.01014	0.01209	0.01605	0.03042	0.55160	0.03520	0.01679	0.00764	0.00244	0.00449	0.17692	0.00525	0.00524
2	0.01156	0.00777	0.01140	0.01155	0.08124	0.00716	0.04637	0.01410	0.01523	0.12591	0.37403	0.14895	0.09761	0.01158	0.00681	0.00195	0.00401	0.01037	0.00586	0.00654
3	0.00845	0.00634	0.00950	0.00950	0.01056	0.00739	0.00739	0.01056	0.00950	0.01373	0.01584	0.02323	0.01478	0.04435	0.76873	0.00950	0.01584	0.00634	0.00317	0.00528
4	0.01186	0.03059	0.76153	0.01686	0.02560	0.01373	0.02185	0.01873	0.01249	0.01873	0.01061	0.01249	0.00749	0.00562	0.00562	0.00187	0.00874	0.00437	0.00250	0.00874
5	0.02063	0.06653	0.01705	0.01423	0.01755	0.51331	0.01114	0.15693	0.01829	0.01906	0.01214	0.01656	0.01057	0.00719	0.00563	0.00167	0.00914	0.07121	0.00379	0.00737

[dist]
# distance from previous block
# <min> <max>
0	1

[block]
# block no. 3 follows, 39 sequences, length 73
# corresponding to MSA columns:
# 276-348
name=unknown_D
#
# <colnr> <probs for GDERKNQSTAVLIFYWHMCP>
#	G	D	E	R	K	N	Q	S	T	A	V	L	I	F	Y	W	H	M	C	P
0	0.02059	0.01673	0.20636	0.01295	0.01830	0.01199	0.01255	0.16404	0.01814	0.33924	0.06397	0.04102	0.02952	0.00809	0.00632	0.00200	0.00633	0.00637	0.00589	0.00958
1	0.00810	0.00586	0.00746	0.00862	0.00919	0.00536	0.00580	0.00899	0.01217	0.01624	0.06162	0.70415	0.08658	0.01843	0.00781	0.00249	0.00367	0.01641	0.00577	0.00528
2	0.01430	0.01574	0.03332	0.02418	0.02980	0.01468	0.67735	0.01874	0.01426	0.01941	0.01410	0.06731	0.01170	0.00641	0.00734	0.00217	0.00975	0.00785	0.00343	0.00817
3	0.01345	0.02212	0.35991	0.02207	0.12249	0.01403	0.26381	0.01857	0.01354	0.01937	0.01333	0.06380	0.01101	0.00671	0.00658	0.00208	0.00883	0.00643	0.00320	0.00870
4	0.01541	0.01456	0.02440	0.03650	0.74628	0.01444	0.01835	0.01866	0.01395	0.02003	0.01192	0.01572	0.01012	0.00581	0.00619	0.00190	0.00727	0.00552	0.00321	0.00975
5	0.02647	0.01048	0.01403	0.01094	0.01542	0.00904	0.00890	0.02853	0.01736	0.72321	0.05104	0.02204	0.01686	0.00801	0.00632	0.00198	0.00522	0.00637	0.00751	0.01027
6	0.00883	0.00681	0.00957	0.15739	0.01542	0.00693	0.00797	0.01020	0.01193	0.01586	0.02885	0.63027	0.03346	0.01646	0.00755	0.00246	0.00458	0.01469	0.00518	0.00558
7	0.02325	0.01368	0.06260	0.01233	0.01700	0.01245	0.01047	0.16546	0.15358	0.42825	0.02154	0.01987	0.01462	0.00782	0.00627	0.00200	0.00576	0.00611	0.00672	0.01022
8	0.01175	0.00721	0.00834	0.00905	0.05956	0.00735	0.00616	0.01405	0.01274	0.02124	0.02175	0.05567	0.06230	0.00916	0.01930	0.00186	0.05168	0.00664	0.60799	0.00620
9	0.00787	0.00655	0.00667	0.00673	0.00867	0.00549	0.00494	0.00910	0.01381	0.01667	0.05821	0.10757	0.69513	0.01564	0.00735	0.00217	0.00333	0.01294	0.00574	0.00542
10	0.01306	0.01107	0.01281	0.00931	0.01458	0.00836	0.00736	0.01544	0.01276	0.01998	0.01132	0.01338	0.00952	0.00493	0.00474	0.00104	0.00466	0.00378	0.00378	0.81813
11	0.00999	0.00790	0.01045	0.00974	0.01083	0.00850	0.00745	0.01206	0.01480	0.02120	0.49439	0.09798	0.04275	0.01495	0.06188	0.00271	0.15059	0.01004	0.00569	0.00609
12	0.01459	0.01814	0.12825	0.02313	0.05468	0.03373	0.50858	0.03202	0.01416	0.01947	0.01281	0.03715	0.01028	0.00640	0.00782	0.00215	0.05814	0.00685	0.00330	0.00835
13	0.01240	0.02421	0.49998	0.01756	0.03687	0.01298	0.13728	0.01778	0.01341	0.01948	0.06198	0.08846	0.01464	0.00767	0.00646	0.00209	0.00826	0.00665	0.00341	0.00844
14	0.00829	0.00603	0.00798	0.00962	0.03112	0.00559	0.00623	0.00916	0.01189	0.01598	0.03249	0.75672	0.03861	0.01851	0.00782	0.00252	0.00383	0.01658	0.00566	0.00538
15	0.01565	0.01401	0.02164	0.16824	0.42774	0.02580	0.04774	0.11216	0.01553	0.02168	0.01272	0.01633	0.01025	0.00627	0.00615	0.00193	0.00729	0.00560	0.05429	0.00898
16	0.01514	0.01332	0.06964	0.39186	0.06946	0.01352	0.01459	0.15224	0.01623	0.07221	0.06220	0.02079	0.01393	0.00760	0.00641	0.00208	0.00723	0.03923	0.00424	0.00807
17	0.01626	0.01282	0.01991	0.33502	0.28911	0.01377	0.01578	0.08491	0.01505	0.11634	0.01354	0.01686	0.01027	0.00651	0.00624	0.00200	0.00732	0.00561	0.00393	0.00875
18	0.02334	0.01310	0.01531	0.01204	0.01639	0.01311	0.00975	0.34188	0.02161	0.33979	0.01975	0.05226	0.01422	0.00813	0.00621	0.00193	0.00577	0.00630	0.04514	0.03399
19	0.01417	0.01620	0.07616	0.06018	0.10799	0.01444	0.52006	0.01863	0.01438	0.01983	0.06323	0.01859	0.01284	0.00613	0.00705	0.00210	0.00920	0.00704	0.00346	0.00834
20	0.01296	0.02732	0.59775	0.04986	0.05853	0.01447	0.06500	0.01878	0.01287	0.01905	0.01134	0.01407	0.00848	0.00641	0.00693	0.00207	0.05746	0.00492	0.00284	0.00888
21	0.01553	0.01500	0.02366	0.08276	0.66613	0.04983	0.01793	0.01872	0.01400	0.01953	0.01179	0.01561	0.00995	0.00589	0.00617	0.00191	0.00750	0.00545	0.00319	0.00945
22	0.00819	0.00582	0.00744	0.00864	0.00903	0.00540	0.00569	0.00890	0.01159	0.01554	0.03189	0.71356	0.03794	0.08686	0.00985	0.00283	0.00393	0.01620	0.00557	0.00513
23	0.01987	0.01611	0.04986	0.01608	0.11072	0.06678	0.01178	0.36818	0.06625	0.09331	0.01804	0.04151	0.04246	0.04173	0.00733	0.00212	0.00670	0.00633	0.00543	0.00938
24	0.01306	0.01453	0.11292	0.45026	0.03385	0.01373	0.13149	0.06336	0.01413	0.01897	0.06262	0.01831	0.01221	0.00676	0.00646	0.00209	0.00812	0.00605	0.00343	0.00764
25	0.02543	0.01021	0.01366	0.01082	0.01507	0.00882	0.00873	0.02740	0.01701	0.68324	0.04490	0.07007	0.01801	0.00867	0.00641	0.00201	0.00514	0.00701	0.00741	0.00998
26	0.01454	0.01378	0.02011	0.39867	0.28207	0.06228	0.01639	0.05176	0.04407	0.01871	0.01217	0.01631	0.00967	0.00638	0.00620	0.00201	0.00781	0.00548	0.00333	0.00824
27	0.01623	0.10150	0.11623	0.06844	0.36079	0.06420	0.07893	0.01990	0.02674	0.06959	0.01252	0.01533	0.00998	0.00609	0.00602	0.00189	0.00778	0.00531	0.00346	0.00908
28	0.01259	0.00750	0.00952	0.00948	0.01104	0.00700	0.00682	0.06257	0.01448	0.14739	0.10351	0.51733	0.03495	0.01552	0.00742	0.00234	0.00415	0.01362	0.00619	0.00659
29	0.01625	0.73469	0.02963	0.01036	0.01519	0.02251	0.01004	0.01796	0.01254	0.01522	0.00978	0.01146	0.00886	0.00572	0.00418	0.00143	0.00635	0.00360	0.05637	0.00786
30	0.01584	0.01422	0.06824	0.05558	0.41238	0.01233	0.01484	0.01898	0.01392	0.10173	0.01307	0.01567	0.01038	0.00588	0.00584	0.00172	0.00657	0.00512	0.00379	0.20390
31	0.49153	0.10105	0.15734	0.01051	0.01531	0.01427	0.01026	0.01867	0.01198	0.07084	0.04032	0.01336	0.01004	0.00639	0.00470	0.00192	0.00581	0.00418	0.00393	0.00760
32	0.01406	0.01108	0.04173	0.01006	0.01314	0.01135	0.00819	0.05744	0.39197	0.06557	0.02469	0.02402	0.07597	0.00811	0.00559	0.00182	0.00432	0.00665	0.21618	0.00807
33	0.01719	0.06355	0.01849	0.01995	0.23447	0.31984	0.01253	0.06470	0.01557	0.01793	0.05447	0.03757	0.05218	0.00718	0.00626	0.00171	0.03970	0.00556	0.00354	0.00760
34	0.00772	0.00579	0.00713	0.00753	0.00871	0.00527	0.00550	0.00951	0.01367	0.01807	0.26027	0.28773	0.23647	0.03644	0.00788	0.00224	0.00333	0.06587	0.00575	0.00511
35	0.26602	0.01775	0.01445	0.01211	0.01588	0.21510	0.00964	0.30133	0.01876	0.02698	0.01111	0.01255	0.00860	0.02831	0.00593	0.00185	0.01701	0.00437	0.00437	0.00788
36	0.01321	0.29454	0.34528	0.01471	0.06986	0.01627	0.01541	0.03231	0.01284	0.01723	0.01426	0.01775	0.05617	0.00668	0.00524	0.00171	0.00716	0.04843	0.00298	0.00797
37	0.01241	0.02954	0.68435	0.01732	0.02565	0.04407	0.06779	0.01894	0.01275	0.01857	0.01064	0.01264	0.00759	0.00560	0.00570	0.00187	0.00890	0.00452	0.00255	0.00861
38	0.01581	0.79572	0.03099	0.01012	0.01518	0.02340	0.01012	0.01771	0.01202	0.01391	0.00822	0.00949	0.00759	0.00506	0.00379	0.00126	0.00632	0.00316	0.00253	0.00759
39	0.00872	0.00575	0.00661	0.00679	0.00699	0.00573	0.00412	0.00913	0.00934	0.01276	0.02039	0.08825	0.02305	0.64304	0.02560	0.00505	0.00538	0.05397	0.05542	0.00390
40	0.00721	0.00515	0.00686	0.00823	0.00858	0.00480	0.00549	0.00823	0.01132	0.01510	0.03259	0.78831	0.03911	0.01853	0.00755	0.00240	0.00343	0.01681	0.00549	0.00480
41	0.00750	0.00538	0.00713	0.00803	0.00864	0.00500	0.00551	0.00899	0.01271	0.01731	0.21735	0.59724	0.04340	0.01687	0.00740	0.00226	0.00327	0.01524	0.00575	0.00500
42	0.00742	0.00530	0.00709	0.00838	0.00884	0.00497	0.00577	0.00864	0.01172	0.01565	0.06425	0.70603	0.03950	0.01809	0.00757	0.00240	0.00354	0.06441	0.00553	0.00488
43	0.01211	0.07933	0.71499	0.01643	0.02493	0.01435	0.02110	0.01866	0.01246	0.01842	0.01046	0.01229	0.00750	0.00558	0.00550	0.00183	0.00859	0.00429	0.00250	0.00867
44	0.00723	0.00517	0.00688	0.00822	0.00858	0.00482	0.00549	0.00830	0.01144	0.01528	0.04762	0.77277	0.03946	0.01839	0.00754	0.00239	0.00342	0.01668	0.00551	0.00482
45	0.00721	0.00515	0.00686	0.00823	0.00858	0.00480	0.00549	0.00823	0.01132	0.01510	0.03259	0.78831	0.03911	0.01853	0.00755	0.00240	0.00343	0.01681	0.00549	0.00480
46	0.01374	0.01471	0.02270	0.11746	0.02338	0.07749	0.21708	0.01644	0.01143	0.01570	0.00942	0.01397	0.00811	0.00791	0.01299	0.00225	0.39994	0.00558	0.00274	0.00694
47	0.01027	0.00514	0.00770	0.00770	0.00770	0.00514	0.00514	0.00770	0.00770	0.01027	0.01027	0.01798	0.01027	0.02054	0.02311	0.82794	0.00514	0.00514	0.00257	0.00257
48	0.00859	0.00576	0.00659	0.00659	0.00664	0.00581	0.00376	0.00869	0.00864	0.01157	0.01850	0.03797	0.02118	0.75703	0.06480	0.00591	0.00621	0.00849	0.00356	0.00366
49	0.01464	0.01405	0.02400	0.03630	0.75528	0.01405	0.01815	0.01815	0.01347	0.01932	0.01112	0.01464	0.00937	0.00527	0.00585	0.00176	0.00703	0.00527	0.00293	0.00937
50	0.14161	0.02199	0.39275	0.01583	0.07102	0.04422	0.06020	0.06385	0.01341	0.02135	0.01142	0.01342	0.00850	0.00578	0.00527	0.00179	0.00737	0.00457	0.08762	0.00805
51	0.01293	0.23674	0.56470	0.01504	0.02279	0.01634	0.01869	0.01845	0.01236	0.01743	0.00997	0.01168	0.00752	0.00547	0.00513	0.00171	0.00809	0.00404	0.00251	0.00843
52	0.00860	0.00573	0.00645	0.00645	0.00645	0.00573	0.00358	0.00860	0.00860	0.01147	0.01863	0.03870	0.02150	0.79217	0.03010	0.00573	0.00573	0.00860	0.00358	0.00358
53	0.00860	0.00573	0.00645	0.00645	0.00645	0.00573	0.00358	0.00860	0.00860	0.01147	0.01863	0.03870	0.02150	0.79217	0.03010	0.00573	0.00573	0.00860	0.00358	0.00358
54	0.01544	0.01509	0.05176	0.08090	0.02239	0.01683	0.18355	0.20081	0.01540	0.02151	0.01075	0.01419	0.00864	0.00769	0.01133	0.00216	0.30457	0.00561	0.00354	0.00785
55	0.01027	0.00514	0.00770	0.00770	0.00770	0.00514	0.00514	0.00770	0.00770	0.01027	0.01027	0.01798	0.01027	0.02054	0.02311	0.82794	0.00514	0.00514	0.00257	0.00257
56	0.00840	0.00607	0.00795	0.00754	0.00893	0.00561	0.00569	0.01119	0.01665	0.02355	0.73203	0.04480	0.05519	0.01221	0.00701	0.00188	0.00286	0.03037	0.00648	0.00558
57	0.02042	0.23272	0.02055	0.01387	0.01746	0.56989	0.01108	0.02204	0.01549	0.01432	0.00890	0.01035	0.00761	0.00582	0.00492	0.00145	0.00951	0.00364	0.00291	0.00705
58	0.01896	0.17634	0.01802	0.01256	0.01600	0.39092	0.01006	0.09779	0.06382	0.01845	0.01179	0.01303	0.00953	0.00622	0.00498	0.00151	0.00793	0.00425	0.11049	0.00733
59	0.00735	0.00565	0.00675	0.00735	0.00851	0.00505	0.00525	0.00884	0.01293	0.01662	0.13416	0.38271	0.32058	0.01625	0.00728	0.00219	0.00325	0.03868	0.00562	0.00500
60	0.01108	0.00830	0.01013	0.00874	0.01174	0.00696	0.00661	0.03758	0.01306	0.05345	0.08304	0.28455	0.02443	0.02167	0.00629	0.00168	0.00407	0.02829	0.00476	0.37356
61	0.01102	0.00551	0.00551	0.00551	0.00689	0.00551	0.00413	0.01378	0.01240	0.02205	0.01929	0.02205	0.01516	0.00689	0.00413	0.00138	0.00276	0.00551	0.82500	0.00551
62	0.07392	0.03175	0.01654	0.01261	0.01706	0.01714	0.01041	0.60320	0.05008	0.03429	0.01694	0.01679	0.05737	0.00749	0.00580	0.00179	0.00609	0.00564	0.00567	0.00942
63	0.01393	0.01453	0.04601	0.12994	0.45593	0.01416	0.20177	0.01797	0.01335	0.01866	0.01125	0.01506	0.00902	0.00529	0.00614	0.00185	0.00794	0.00568	0.00289	0.00863
64	0.01102	0.00551	0.00551	0.00551	0.00689	0.00551	0.00413	0.01378	0.01240	0.02205	0.01929	0.02205	0.01516	0.00689	0.00413	0.00138	0.00276	0.00551	0.82500	0.00551
65	0.78337	0.01160	0.00964	0.00954	0.05735	0.01331	0.00713	0.01743	0.01027	0.02609	0.00841	0.00992	0.00659	0.00548	0.00380	0.00183	0.00473	0.00333	0.00361	0.00659
66	0.81362	0.01141	0.00892	0.02680	0.01216	0.01326	0.00665	0.01733	0.01011	0.02625	0.00829	0.00976	0.00644	0.00550	0.00372	0.00183	0.00466	0.00325	0.00363	0.00641
67	0.01344	0.05060	0.10992	0.02112	0.09616	0.01359	0.40268	0.01785	0.01330	0.01874	0.01160	0.02625	0.00920	0.00518	0.00609	0.00172	0.00821	0.00584	0.00305	0.16546
68	0.01471	0.01270	0.01337	0.01203	0.01538	0.01471	0.00936	0.03142	0.74459	0.02474	0.02407	0.02206	0.01805	0.00802	0.00602	0.00201	0.00468	0.00669	0.00602	0.00936
69	0.01289	0.01514	0.11486	0.27139	0.24505	0.06194	0.06189	0.01685	0.01330	0.01778	0.06697	0.01906	0.01306	0.00656	0.00607	0.00189	0.00757	0.03690	0.00316	0.00766
70	0.05333	0.01570	0.01619	0.01279	0.01697	0.06277	0.01043	0.47577	0.07233	0.03086	0.01362	0.01421	0.01013	0.00694	0.00644	0.00172	0.05492	0.00504	0.02229	0.09757
71	0.06640	0.01204	0.01751	0.45828	0.10327	0.01392	0.01445	0.15376	0.01527	0.07146	0.01201	0.01527	0.00881	0.00615	0.00577	0.00189	0.00713	0.00519	0.00367	0.00774
72	0.38421	0.22468	0.02743	0.09863	0.01674	0.06443	0.00922	0.01777	0.02679	0.02041	0.00906	0.01083	0.00738	0.00545	0.00419	0.00162	0.00587	0.00358	0.00322	0.05850

[dist]
# distance from previous block
# <min> <max>
1	2

[block]
# block no. 4 follows, 39 sequences, length 68
# corresponding to MSA columns:
# 351-418
name=unknown_E
#
# <colnr> <probs for GDERKNQSTAVLIFYWHMCP>
#	G	D	E	R	K	N	Q	S	T	A	V	L	I	F	Y	W	H	M	C	P
0	0.00721	0.00515	0.00686	0.00823	0.00858	0.00480	0.00549	0.00823	0.01132	0.01510	0.03259	0.78831	0.03911	0.01853	0.00755	0.00240	0.00343	0.01681	0.00549	0.00480
1	0.04290	0.01039	0.01171	0.01032	0.01270	0.04346	0.03504	0.17923	0.03658	0.02088	0.02047	0.25554	0.02150	0.15500	0.01071	0.00263	0.00537	0.02920	0.00477	0.09161
2	0.01226	0.01051	0.01226	0.00876	0.01401	0.00788	0.00701	0.01489	0.01226	0.01927	0.01051	0.01226	0.00876	0.00438	0.00438	0.00088	0.00438	0.00350	0.00350	0.82832
3	0.02029	0.05186	0.01669	0.01366	0.01723	0.35897	0.01066	0.24882	0.12425	0.02299	0.01328	0.01464	0.01051	0.04215	0.00667	0.00185	0.00810	0.00489	0.00438	0.00811
4	0.01603	0.49050	0.16683	0.01161	0.01726	0.01919	0.01213	0.05062	0.04125	0.07688	0.01086	0.01172	0.00870	0.00552	0.00452	0.00146	0.00655	0.00386	0.00323	0.04128
5	0.01523	0.59451	0.18936	0.01182	0.01759	0.05494	0.01273	0.01820	0.01233	0.01499	0.00878	0.01019	0.00757	0.00523	0.00426	0.00141	0.00705	0.00345	0.00255	0.00781
6	0.01296	0.24286	0.55885	0.01499	0.02271	0.01642	0.01860	0.01845	0.01236	0.01739	0.00995	0.01165	0.00752	0.00546	0.00511	0.00170	0.00807	0.00403	0.00251	0.00842
7	0.00823	0.00633	0.00871	0.10493	0.01321	0.00647	0.00735	0.01049	0.04431	0.01579	0.03044	0.56459	0.06260	0.01614	0.00731	0.00234	0.00420	0.07610	0.00515	0.00529
8	0.01348	0.01304	0.02120	0.26539	0.46524	0.03154	0.01690	0.01693	0.01284	0.01759	0.01188	0.01581	0.02623	0.00594	0.00648	0.00186	0.04116	0.00540	0.00288	0.00821
9	0.01027	0.00514	0.00770	0.00770	0.00770	0.00514	0.00514	0.00770	0.00770	0.01027	0.01027	0.01798	0.01027	0.02054	0.02311	0.82794	0.00514	0.00514	0.00257	0.00257
10	0.71216	0.09939	0.01148	0.00832	0.01211	0.04294	0.00701	0.01766	0.01053	0.02467	0.00827	0.00963	0.00658	0.00546	0.00374	0.00176	0.00500	0.00322	0.00351	0.00655
11	0.02653	0.01006	0.01372	0.01052	0.01510	0.00869	0.00869	0.02882	0.01693	0.75937	0.02333	0.02013	0.01464	0.00732	0.00595	0.00183	0.00503	0.00595	0.00732	0.01006
12	0.05449	0.05091	0.02061	0.03765	0.15806	0.39809	0.10022	0.05656	0.01555	0.01758	0.01003	0.01232	0.00819	0.00591	0.00594	0.00168	0.03090	0.00456	0.00315	0.00761
13	0.01270	0.01405	0.06593	0.50290	0.10438	0.10827	0.01552	0.01635	0.01286	0.01606	0.04452	0.03784	0.01101	0.00649	0.00591	0.00189	0.00785	0.00559	0.00296	0.00693
14	0.00833	0.00604	0.00785	0.00740	0.00881	0.00556	0.00555	0.01109	0.01665	0.02351	0.73344	0.04452	0.07465	0.01217	0.00698	0.00186	0.00280	0.01074	0.00648	0.00556
15	0.01186	0.03059	0.76153	0.01686	0.02560	0.01373	0.02185	0.01873	0.01249	0.01873	0.01061	0.01249	0.00749	0.00562	0.00562	0.00187	0.00874	0.00437	0.00250	0.00874
16	0.01765	0.57194	0.02689	0.01153	0.01608	0.20673	0.01049	0.05112	0.01389	0.01509	0.00871	0.00999	0.00771	0.00541	0.00427	0.00135	0.00740	0.00342	0.00281	0.00752
17	0.01294	0.01294	0.01811	0.01553	0.01553	0.01811	0.01294	0.01423	0.00906	0.01423	0.00776	0.01294	0.00776	0.01035	0.01941	0.00259	0.78134	0.00518	0.00259	0.00647
18	0.00847	0.00627	0.00916	0.00916	0.01010	0.00720	0.00696	0.01034	0.00940	0.01347	0.01616	0.02498	0.01554	0.12877	0.68535	0.00908	0.01470	0.00659	0.00321	0.00509
19	0.01102	0.00551	0.00551	0.00551	0.00689	0.00551	0.00413	0.01378	0.01240	0.02205	0.01929	0.02205	0.01516	0.00689	0.00413	0.00138	0.00276	0.00551	0.82500	0.00551
20	0.01641	0.51050	0.05715	0.01232	0.01726	0.05425	0.06934	0.08101	0.01381	0.03845	0.00970	0.01117	0.00817	0.00557	0.00515	0.00146	0.04072	0.00392	0.00307	0.04057
21	0.02057	0.01173	0.01627	0.01347	0.04614	0.01150	0.08565	0.12619	0.12702	0.36753	0.05845	0.05485	0.01692	0.00782	0.00618	0.00189	0.00560	0.00679	0.00617	0.00924
22	0.01102	0.00551	0.00551	0.00551	0.00689	0.00551	0.00413	0.01378	0.01240	0.02205	0.01929	0.02205	0.01516	0.00689	0.00413	0.00138	0.00276	0.00551	0.82500	0.00551
23	0.01390	0.01563	0.03306	0.02457	0.05735	0.01519	0.64559	0.01852	0.01353	0.01856	0.01158	0.01565	0.00889	0.00545	0.00798	0.00203	0.07493	0.00676	0.00295	0.00790
24	0.00818	0.00559	0.00669	0.00705	0.00727	0.00545	0.00430	0.00871	0.01007	0.01355	0.08455	0.25617	0.02949	0.50240	0.02162	0.00444	0.00482	0.01115	0.00438	0.00410
25	0.02204	0.01610	0.01698	0.01317	0.01769	0.03847	0.01082	0.64043	0.04305	0.06791	0.01488	0.01484	0.01057	0.00709	0.00584	0.00176	0.00637	0.00535	0.03686	0.00978
26	0.02060	0.02475	0.01609	0.01454	0.01769	0.59695	0.01100	0.04246	0.16505	0.01711	0.01230	0.01307	0.00980	0.00651	0.00549	0.00163	0.00935	0.00443	0.00372	0.00744
27	0.01117	0.01051	0.01774	0.77795	0.04073	0.01314	0.01642	0.01511	0.01182	0.01511	0.01051	0.01577	0.00788	0.00591	0.00591	0.00197	0.00788	0.00526	0.00263	0.00657
28	0.00860	0.00573	0.00645	0.00645	0.00645	0.00573	0.00358	0.00860	0.00860	0.01147	0.01863	0.03870	0.02150	0.79217	0.03010	0.00573	0.00573	0.00860	0.00358	0.00358
29	0.01226	0.01051	0.01226	0.00876	0.01401	0.00788	0.00701	0.01489	0.01226	0.01927	0.01051	0.01226	0.00876	0.00438	0.00438	0.00088	0.00438	0.00350	0.00350	0.82832
30	0.01165	0.01084	0.01802	0.77241	0.04086	0.01338	0.01656	0.01543	0.01212	0.01556	0.01099	0.01640	0.00834	0.00623	0.00611	0.00206	0.00802	0.00541	0.00280	0.00681
31	0.00895	0.00670	0.00985	0.00983	0.01092	0.00768	0.00760	0.01092	0.00982	0.01419	0.01628	0.02381	0.01519	0.04438	0.76311	0.00953	0.01592	0.00648	0.00333	0.00554
32	0.02249	0.02838	0.01705	0.01551	0.01858	0.76291	0.01160	0.02387	0.01702	0.01493	0.00963	0.01134	0.00808	0.00641	0.00554	0.00161	0.01078	0.00397	0.00321	0.00710
33	0.02176	0.07561	0.01798	0.01521	0.01829	0.68913	0.01157	0.02316	0.01644	0.01489	0.00952	0.01135	0.00808	0.00650	0.00595	0.00164	0.03864	0.00398	0.00316	0.00713
34	0.01274	0.01084	0.01258	0.00909	0.01435	0.00816	0.00721	0.01521	0.01256	0.01969	0.01099	0.01292	0.00921	0.00471	0.00459	0.00097	0.00455	0.00367	0.00366	0.82230
35	0.01234	0.03077	0.75613	0.01712	0.02584	0.01397	0.02194	0.01902	0.01278	0.01915	0.01109	0.01314	0.00795	0.00594	0.00582	0.00196	0.00887	0.00453	0.00267	0.00897
36	0.01509	0.01435	0.02424	0.03642	0.74996	0.01428	0.01827	0.01845	0.01375	0.01974	0.01160	0.01528	0.00981	0.00559	0.00606	0.00184	0.00717	0.00542	0.00309	0.00959
37	0.00772	0.00552	0.00722	0.00857	0.00895	0.00511	0.00571	0.00861	0.01162	0.01555	0.03290	0.78305	0.03933	0.01875	0.00774	0.00248	0.00360	0.01687	0.00564	0.00506
38	0.00772	0.00552	0.00722	0.00857	0.00895	0.00511	0.00571	0.00861	0.01162	0.01555	0.03290	0.78305	0.03933	0.01875	0.00774	0.00248	0.00360	0.01687	0.00564	0.00506
39	0.01234	0.03077	0.75613	0.01712	0.02584	0.01397	0.02194	0.01902	0.01278	0.01915	0.01109	0.01314	0.00795	0.00594	0.00582	0.00196	0.00887	0.00453	0.00267	0.00897
40	0.01516	0.01302	0.01368	0.01234	0.01570	0.01494	0.00955	0.03162	0.73930	0.02512	0.02444	0.02265	0.01843	0.00832	0.00622	0.00209	0.00484	0.00683	0.00616	0.00958
41	0.01175	0.01094	0.01820	0.75089	0.06160	0.01340	0.01661	0.01552	0.01217	0.01568	0.01101	0.01637	0.00838	0.00621	0.00611	0.00205	0.00800	0.00541	0.00280	0.00690
42	0.01229	0.00788	0.00989	0.16948	0.04771	0.00845	0.00792	0.05232	0.01343	0.02167	0.01724	0.02058	0.01352	0.00693	0.00489	0.00163	0.00439	0.00559	0.56780	0.00639
43	0.82815	0.01176	0.00904	0.00811	0.01179	0.01351	0.00662	0.01769	0.01037	0.02690	0.00873	0.01029	0.00687	0.00581	0.00388	0.00192	0.00474	0.00337	0.00382	0.00665
44	0.01165	0.01084	0.01802	0.77241	0.04086	0.01338	0.01656	0.01543	0.01212	0.01556	0.01099	0.01640	0.00834	0.00623	0.00611	0.00206	0.00802	0.00541	0.00280	0.00681
45	0.01151	0.00588	0.00588	0.00586	0.00728	0.00581	0.00436	0.01411	0.01269	0.02245	0.01970	0.02263	0.01556	0.00720	0.00435	0.00147	0.00293	0.00566	0.81889	0.00577
46	0.82815	0.01176	0.00904	0.00811	0.01179	0.01351	0.00662	0.01769	0.01037	0.02690	0.00873	0.01029	0.00687	0.00581	0.00388	0.00192	0.00474	0.00337	0.00382	0.00665
47	0.01234	0.03077	0.75613	0.01712	0.02584	0.01397	0.02194	0.01902	0.01278	0.01915	0.01109	0.01314	0.00795	0.00594	0.00582	0.00196	0.00887	0.00453	0.00267	0.00897
48	0.01076	0.00551	0.00806	0.00804	0.00809	0.00544	0.00536	0.00808	0.00803	0.01076	0.01075	0.01859	0.01071	0.02075	0.02318	0.82173	0.00530	0.00529	0.00274	0.00284
49	0.02690	0.01040	0.01403	0.01084	0.01542	0.00897	0.00889	0.02904	0.01718	0.75415	0.02371	0.02073	0.01505	0.00762	0.00615	0.00192	0.00519	0.00609	0.00745	0.01028
50	0.02249	0.02838	0.01705	0.01551	0.01858	0.76291	0.01160	0.02387	0.01702	0.01493	0.00963	0.01134	0.00808	0.00641	0.00554	0.00161	0.01078	0.00397	0.00321	0.00710
51	0.01151	0.00588	0.00588	0.00586	0.00728	0.00581	0.00436	0.01411	0.01269	0.02245	0.01970	0.02263	0.01556	0.00720	0.00435	0.00147	0.00293	0.00566	0.81889	0.00577
52	0.00914	0.00614	0.00694	0.00697	0.00708	0.00607	0.00406	0.00912	0.00912	0.01220	0.01956	0.04029	0.02236	0.75520	0.02923	0.00567	0.00588	0.03723	0.00382	0.00393
53	0.01501	0.01285	0.01357	0.01230	0.01561	0.01471	0.00955	0.03107	0.71822	0.02491	0.02465	0.02394	0.01889	0.00856	0.00628	0.00211	0.00487	0.02727	0.00614	0.00947
54	0.00772	0.00552	0.00722	0.00857	0.00895	0.00511	0.00571	0.00861	0.01162	0.01555	0.03290	0.78305	0.03933	0.01875	0.00774	0.00248	0.00360	0.01687	0.00564	0.00506
55	0.01117	0.00585	0.00600	0.00611	0.00743	0.00575	0.00448	0.01362	0.01260	0.02183	0.02088	0.09076	0.01769	0.00823	0.00465	0.00156	0.00300	0.00666	0.74603	0.00570
56	0.01151	0.00588	0.00588	0.00586	0.00728	0.00581	0.00436	0.01411	0.01269	0.02245	0.01970	0.02263	0.01556	0.00720	0.00435	0.00147	0.00293	0.00566	0.81889	0.00577
57	0.01165	0.01084	0.01802	0.77241	0.04086	0.01338	0.01656	0.01543	0.01212	0.01556	0.01099	0.01640	0.00834	0.00623	0.00611	0.00206	0.00802	0.00541	0.00280	0.00681
58	0.02690	0.01040	0.01403	0.01084	0.01542	0.00897	0.00889	0.02904	0.01718	0.75415	0.02371	0.02073	0.01505	0.00762	0.00615	0.00192	0.00519	0.00609	0.00745	0.01028
59	0.00810	0.00580	0.00761	0.00863	0.00928	0.00540	0.00603	0.00943	0.01276	0.01727	0.16000	0.59642	0.04190	0.01744	0.00768	0.00241	0.00365	0.06913	0.00581	0.00525
60	0.82815	0.01176	0.00904	0.00811	0.01179	0.01351	0.00662	0.01769	0.01037	0.02690	0.00873	0.01029	0.00687	0.00581	0.00388	0.00192	0.00474	0.00337	0.00382	0.00665
61	0.00887	0.00600	0.00688	0.00709	0.00719	0.00588	0.00413	0.00891	0.00937	0.01254	0.02135	0.16291	0.02476	0.65877	0.02639	0.00524	0.00551	0.01008	0.00406	0.00405
62	0.01234	0.03077	0.75613	0.01712	0.02584	0.01397	0.02194	0.01902	0.01278	0.01915	0.01109	0.01314	0.00795	0.00594	0.00582	0.00196	0.00887	0.00453	0.00267	0.00897
63	0.02690	0.01040	0.01403	0.01084	0.01542	0.00897	0.00889	0.02904	0.01718	0.75415	0.02371	0.02073	0.01505	0.00762	0.00615	0.00192	0.00519	0.00609	0.00745	0.01028
64	0.01165	0.01084	0.01802	0.77241	0.04086	0.01338	0.01656	0.01543	0.01212	0.01556	0.01099	0.01640	0.00834	0.00623	0.00611	0.00206	0.00802	0.00541	0.00280	0.00681
65	0.00896	0.00667	0.00971	0.00969	0.01074	0.00760	0.00742	0.01083	0.00978	0.01409	0.01640	0.02451	0.01549	0.07815	0.72976	0.00936	0.01546	0.00658	0.00335	0.00546
66	0.00845	0.00639	0.00767	0.00733	0.00895	0.00570	0.00546	0.01069	0.01599	0.02171	0.53334	0.04852	0.27102	0.01325	0.00717	0.00199	0.00303	0.01135	0.00633	0.00565
67	0.01077	0.00577	0.00851	0.03728	0.00951	0.00580	0.00595	0.00854	0.00841	0.01123	0.01157	0.02038	0.01153	0.02003	0.02196	0.75891	0.00541	0.03249	0.00285	0.00311

[dist]
# distance from previous block
# <min> <max>
3	5

[block]
# block no. 5 follows, 39 sequences, length 17
# corresponding to MSA columns:
# 425-441
name=unknown_F
#
# <colnr> <probs for GDERKNQSTAVLIFYWHMCP>
#	G	D	E	R	K	N	Q	S	T	A	V	L	I	F	Y	W	H	M	C	P
0	0.01647	0.78730	0.03125	0.01059	0.01566	0.02364	0.01039	0.01816	0.01246	0.01460	0.00896	0.01050	0.00827	0.00554	0.00412	0.00140	0.00655	0.00341	0.00278	0.00794
1	0.01148	0.01052	0.01420	0.01248	0.01248	0.01396	0.00980	0.01234	0.00890	0.01330	0.01141	0.02158	0.01237	0.27271	0.02300	0.00364	0.52107	0.00632	0.00292	0.00550
2	0.01025	0.00937	0.01696	0.01331	0.01624	0.00873	0.24995	0.01377	0.01581	0.02211	0.50377	0.03470	0.04009	0.00971	0.00698	0.00190	0.00520	0.00945	0.00533	0.00638
3	0.01174	0.00813	0.01317	0.01730	0.25857	0.00813	0.00950	0.01121	0.00964	0.01331	0.01056	0.01686	0.00997	0.01542	0.01732	0.55070	0.00577	0.00518	0.00269	0.00485
4	0.01468	0.01316	0.01694	0.02018	0.26367	0.01449	0.01231	0.02697	0.49925	0.02292	0.01973	0.01957	0.01514	0.00710	0.00596	0.00192	0.00547	0.00621	0.00498	0.00936
5	0.01279	0.02504	0.51403	0.02338	0.27046	0.01384	0.02061	0.01853	0.01281	0.01893	0.01078	0.01321	0.00812	0.00550	0.00570	0.00183	0.00816	0.00467	0.00264	0.00895
6	0.01040	0.00873	0.01321	0.01705	0.25928	0.00839	0.00974	0.01337	0.01548	0.02186	0.46939	0.03489	0.07456	0.00994	0.00660	0.00183	0.00422	0.00896	0.00526	0.00682
7	0.01053	0.00889	0.01419	0.01832	0.26023	0.00953	0.01078	0.01299	0.01078	0.01547	0.01442	0.02125	0.01336	0.07502	0.46948	0.00668	0.01229	0.00611	0.00311	0.00655
8	0.01897	0.01507	0.01922	0.02091	0.26508	0.01612	0.01323	0.45312	0.02205	0.02998	0.01422	0.05873	0.01149	0.00714	0.00599	0.00180	0.00650	0.00596	0.00489	0.00952
9	0.02991	0.01201	0.01697	0.01900	0.26322	0.01121	0.03501	0.06688	0.05621	0.04988	0.06432	0.03124	0.01363	0.00604	0.00545	0.00149	0.00552	0.00536	0.00400	0.30265
10	0.02398	0.01417	0.01626	0.01247	0.01714	0.01478	0.01030	0.47493	0.02379	0.30356	0.01757	0.01639	0.01175	0.00718	0.00593	0.00180	0.00596	0.00555	0.00643	0.01006
11	0.01216	0.01252	0.02535	0.01873	0.02270	0.01186	0.48876	0.01547	0.01216	0.01643	0.01420	0.02359	0.01318	0.26914	0.01474	0.00325	0.00855	0.00752	0.00319	0.00650
12	0.01391	0.01465	0.02868	0.09366	0.29061	0.01463	0.37976	0.01810	0.01336	0.01851	0.01133	0.01532	0.00896	0.00543	0.00710	0.00194	0.04673	0.00613	0.00292	0.00828
13	0.01483	0.01644	0.01741	0.52201	0.03320	0.26659	0.01475	0.01796	0.01348	0.01490	0.01005	0.01405	0.00779	0.00597	0.00572	0.00182	0.00882	0.00477	0.00277	0.00667
14	0.00966	0.00554	0.00831	0.00831	0.00866	0.00589	0.00589	0.00866	0.00831	0.01143	0.01214	0.01974	0.01179	0.02853	0.27332	0.55330	0.00873	0.00554	0.00277	0.00348
15	0.00719	0.00551	0.00660	0.00736	0.00837	0.00492	0.00513	0.00850	0.01243	0.01591	0.08391	0.47614	0.30308	0.01685	0.00731	0.00222	0.00323	0.01487	0.00555	0.00492
16	0.01294	0.01294	0.01811	0.01553	0.01553	0.01811	0.01294	0.01423	0.00906	0.01423	0.00776	0.01294	0.00776	0.01035	0.01941	0.00259	0.78134	0.00518	0.00259	0.00647

[dist]
# distance from previous block
# <min> <max>
5	19

[block]
# block no. 6 follows, 39 sequences, length 7
# corresponding to MSA columns:
# 461-467
name=unknown_G
#
# <colnr> <probs for GDERKNQSTAVLIFYWHMCP>
#	G	D	E	R	K	N	Q	S	T	A	V	L	I	F	Y	W	H	M	C	P
0	0.01631	0.01723	0.02238	0.03157	0.58975	0.18348	0.01664	0.01938	0.01421	0.01823	0.01068	0.01374	0.00897	0.00545	0.00574	0.00170	0.00784	0.00494	0.00295	0.00880
1	0.01433	0.01588	0.10561	0.03415	0.67454	0.01402	0.01856	0.01821	0.01336	0.01925	0.01107	0.01440	0.00916	0.00531	0.00583	0.00177	0.00722	0.00517	0.00288	0.00930
2	0.00752	0.00549	0.00708	0.00779	0.00860	0.00505	0.00542	0.00911	0.01310	0.01767	0.24344	0.50291	0.11231	0.01632	0.00733	0.00221	0.00320	0.01463	0.00579	0.00505
3	0.02052	0.01310	0.01439	0.01132	0.01528	0.01399	0.00926	0.46621	0.02269	0.14343	0.01673	0.01686	0.01190	0.00709	0.00552	0.00169	0.00544	0.00546	0.19009	0.00904
4	0.00845	0.00634	0.00950	0.00950	0.01056	0.00739	0.00739	0.01056	0.00950	0.01373	0.01584	0.02323	0.01478	0.04435	0.76873	0.00950	0.01584	0.00634	0.00317	0.00528
5	0.00789	0.00595	0.00685	0.00666	0.00798	0.00539	0.00472	0.00956	0.01366	0.01800	0.32252	0.04782	0.31484	0.18839	0.01217	0.00278	0.00353	0.01091	0.00546	0.00491
6	0.00762	0.00580	0.00660	0.00697	0.00808	0.00526	0.00488	0.00881	0.01204	0.01519	0.07085	0.21581	0.35475	0.19029	0.01238	0.00297	0.00386	0.05805	0.00510	0.00469

[dist]
# distance from previous block
# <min> <max>
0	5

[block]
# block no. 7 follows, 39 sequences, length 38
# corresponding to MSA columns:
# 473-510
name=unknown_H
#
# <colnr> <probs for GDERKNQSTAVLIFYWHMCP>
#	G	D	E	R	K	N	Q	S	T	A	V	L	I	F	Y	W	H	M	C	P
0	0.01214	0.02864	0.66468	0.01793	0.02630	0.01390	0.11674	0.01876	0.01268	0.01876	0.01079	0.01295	0.00769	0.00553	0.00580	0.00189	0.00890	0.00472	0.00256	0.00864
1	0.00830	0.00606	0.00779	0.00735	0.00879	0.00555	0.00551	0.01099	0.01652	0.02319	0.70324	0.04509	0.10481	0.01231	0.00699	0.00187	0.00281	0.01083	0.00644	0.00555
2	0.00977	0.00637	0.00836	0.00769	0.00933	0.00583	0.00583	0.01252	0.01677	0.07957	0.69659	0.04237	0.05268	0.01174	0.00691	0.00186	0.00297	0.01034	0.00658	0.00593
3	0.01583	0.79545	0.03100	0.01013	0.01519	0.02341	0.01013	0.01772	0.01203	0.01394	0.00825	0.00952	0.00761	0.00507	0.00380	0.00127	0.00633	0.00317	0.00254	0.00760
4	0.00839	0.00606	0.00792	0.00746	0.00885	0.00559	0.00559	0.01118	0.01675	0.02373	0.75191	0.04419	0.05580	0.01210	0.00698	0.00186	0.00280	0.01070	0.00652	0.00559
5	0.01541	0.01306	0.01377	0.01219	0.01565	0.01504	0.00953	0.09283	0.68184	0.02585	0.02323	0.02141	0.01737	0.00796	0.00602	0.00199	0.00485	0.00657	0.00602	0.00943
6	0.01030	0.00515	0.00772	0.00772	0.00772	0.00515	0.00515	0.00772	0.00772	0.01030	0.01030	0.01801	0.01029	0.02055	0.02312	0.82764	0.00514	0.00514	0.00258	0.00258
7	0.01119	0.01053	0.01775	0.77769	0.04074	0.01315	0.01643	0.01513	0.01184	0.01513	0.01053	0.01580	0.00791	0.00593	0.00592	0.00197	0.00789	0.00526	0.00264	0.00658
8	0.00847	0.00635	0.00952	0.00952	0.01058	0.00741	0.00740	0.01058	0.00952	0.01375	0.01586	0.02326	0.01480	0.04435	0.76846	0.00951	0.01584	0.00634	0.00318	0.00529
9	0.02250	0.01658	0.01776	0.01362	0.01835	0.01835	0.01125	0.73531	0.02781	0.03728	0.01422	0.01423	0.01008	0.00711	0.00593	0.00178	0.00651	0.00533	0.00592	0.01007
10	0.01105	0.00553	0.00553	0.00553	0.00691	0.00553	0.00414	0.01380	0.01242	0.02207	0.01931	0.02208	0.01518	0.00690	0.00414	0.00138	0.00276	0.00552	0.82470	0.00552
11	0.01542	0.01552	0.02327	0.03414	0.67931	0.09156	0.01746	0.01873	0.01382	0.01884	0.01094	0.01426	0.00921	0.00537	0.00581	0.00174	0.00741	0.00513	0.00295	0.00912
12	0.01296	0.01295	0.01813	0.01554	0.01554	0.01812	0.01295	0.01425	0.00907	0.01425	0.00779	0.01297	0.00778	0.01036	0.01941	0.00259	0.78107	0.00518	0.00260	0.00648
