[name]
unknown

[dist]
# distance from previous block
# <min> <max>
3	190

[block]
# block no. 0 follows, 38 sequences, length 13
# corresponding to MSA columns:
# 191-203
name=unknown_A
#
# <colnr> <probs for GDERKNQSTAVLIFYWHMCP>
#	G	D	E	R	K	N	Q	S	T	A	V	L	I	F	Y	W	H	M	C	P
0	0.00838	0.00614	0.00786	0.00743	0.00891	0.00562	0.00557	0.01110	0.01672	0.02340	0.68431	0.04614	0.12079	0.01257	0.00710	0.00190	0.00286	0.01105	0.00653	0.00562
1	0.01136	0.01069	0.01804	0.77412	0.04143	0.01337	0.01671	0.01537	0.01203	0.01537	0.01069	0.01604	0.00802	0.00601	0.00601	0.00200	0.00802	0.00535	0.00267	0.00668
2	0.78567	0.05513	0.01011	0.00804	0.01185	0.01407	0.00673	0.01770	0.01035	0.02628	0.00838	0.00977	0.00658	0.00556	0.00373	0.00183	0.00475	0.00326	0.00366	0.00658
3	0.00859	0.00645	0.00967	0.00967	0.01074	0.00752	0.00752	0.01074	0.00967	0.01396	0.01611	0.02363	0.01504	0.04512	0.76474	0.00967	0.01611	0.00645	0.00322	0.00537
4	0.83108	0.01163	0.00884	0.00791	0.01163	0.01350	0.00651	0.01768	0.01024	0.02699	0.00838	0.00977	0.00651	0.00558	0.00372	0.00186	0.00465	0.00326	0.00372	0.00651
5	0.02352	0.00949	0.01290	0.01026	0.01429	0.00829	0.00841	0.02594	0.01704	0.61556	0.13088	0.02613	0.02192	0.00856	0.00630	0.00191	0.00480	0.03719	0.00724	0.00936
6	0.01095	0.00729	0.00921	0.00838	0.01032	0.00701	0.00640	0.01533	0.09835	0.09190	0.59954	0.04014	0.04857	0.01138	0.00689	0.00191	0.00327	0.00997	0.00664	0.00653
7	0.01316	0.01316	0.01843	0.01579	0.01579	0.01843	0.01316	0.01448	0.00921	0.01448	0.00790	0.01316	0.00790	0.01053	0.01974	0.00263	0.77757	0.00526	0.00263	0.00658
8	0.00818	0.00608	0.00761	0.00734	0.00881	0.00552	0.00546	0.01066	0.01606	0.02210	0.57471	0.09349	0.18523	0.01326	0.00713	0.00195	0.00292	0.01161	0.00636	0.00552
9	0.01247	0.01069	0.01247	0.00891	0.01426	0.00802	0.00713	0.01515	0.01247	0.01960	0.01069	0.01247	0.00891	0.00446	0.00446	0.00089	0.00446	0.00356	0.00356	0.82536
10	0.00833	0.00566	0.00668	0.00709	0.00720	0.00555	0.00421	0.00864	0.00956	0.01275	0.02313	0.25823	0.02713	0.56255	0.02388	0.00484	0.00514	0.01120	0.00421	0.00401
11	0.01999	0.01528	0.01629	0.01304	0.01734	0.01702	0.01059	0.50792	0.22003	0.03344	0.01935	0.01866	0.04730	0.00785	0.00610	0.00188	0.00595	0.00613	0.00603	0.00980
12	0.01337	0.01066	0.01257	0.00902	0.01432	0.00807	0.00723	0.01602	0.01277	0.06509	0.01150	0.01297	0.00928	0.00464	0.00455	0.00095	0.00450	0.00372	0.00380	0.77496

[dist]
# distance from previous block
# <min> <max>
0	10

[block]
# block no. 1 follows, 38 sequences, length 21
# corresponding to MSA columns:
# 214-234
name=unknown_B
#
# <colnr> <probs for GDERKNQSTAVLIFYWHMCP>
#	G	D	E	R	K	N	Q	S	T	A	V	L	I	F	Y	W	H	M	C	P
0	0.01316	0.01265	0.02226	0.59101	0.06605	0.01431	0.15311	0.01698	0.01320	0.01733	0.01211	0.01751	0.00936	0.00655	0.00669	0.00220	0.00872	0.00603	0.00315	0.00763
1	0.01296	0.01286	0.01804	0.01552	0.01557	0.01794	0.01291	0.01431	0.00923	0.01445	0.00826	0.01363	0.00821	0.01207	0.05283	0.00294	0.74376	0.00532	0.00266	0.00653
2	0.01475	0.01301	0.02043	0.12725	0.46521	0.01356	0.01564	0.02038	0.13079	0.06004	0.01628	0.01851	0.04444	0.00646	0.00605	0.00187	0.00658	0.00596	0.00381	0.00899
3	0.01280	0.01215	0.02073	0.51189	0.23127	0.01387	0.05664	0.03725	0.01307	0.01740	0.01105	0.01569	0.00855	0.00582	0.00606	0.00194	0.00786	0.00545	0.00287	0.00763
4	0.01448	0.01250	0.01314	0.01187	0.01518	0.01436	0.00922	0.03054	0.69572	0.02462	0.02672	0.02461	0.06306	0.00859	0.00618	0.00204	0.00466	0.00716	0.00609	0.00925
5	0.00711	0.00609	0.00609	0.00609	0.00813	0.00508	0.00457	0.00863	0.01371	0.01625	0.06094	0.05789	0.74862	0.01524	0.00711	0.00203	0.00305	0.01270	0.00559	0.00508
6	0.01370	0.01065	0.01260	0.00906	0.01435	0.00809	0.00727	0.01634	0.01288	0.08176	0.01179	0.01315	0.00942	0.00471	0.00459	0.00097	0.00451	0.00377	0.00389	0.75648
7	0.00969	0.00692	0.00969	0.01108	0.01246	0.00692	0.00969	0.01246	0.01385	0.01800	0.03185	0.06786	0.03462	0.01662	0.00831	0.00277	0.00554	0.71057	0.00554	0.00554
8	0.00875	0.00583	0.00656	0.00656	0.00656	0.00583	0.00365	0.00875	0.00875	0.01166	0.01895	0.03937	0.02187	0.78858	0.03062	0.00583	0.00583	0.00875	0.00365	0.00365
9	0.00851	0.00615	0.00804	0.00757	0.00899	0.00568	0.00568	0.01135	0.01703	0.02412	0.74788	0.04494	0.05676	0.01230	0.00710	0.00189	0.00284	0.01088	0.00662	0.00568
10	0.01247	0.01069	0.01247	0.00891	0.01426	0.00802	0.00713	0.01515	0.01247	0.01960	0.01069	0.01247	0.00891	0.00446	0.00446	0.00089	0.00446	0.00356	0.00356	0.82536
11	0.01207	0.03112	0.75741	0.01715	0.02604	0.01397	0.02223	0.01905	0.01270	0.01905	0.01080	0.01270	0.00762	0.00572	0.00572	0.00191	0.00889	0.00445	0.00254	0.00889
12	0.02136	0.01596	0.01724	0.01313	0.01802	0.01711	0.01081	0.62708	0.02599	0.03525	0.01390	0.01416	0.01004	0.00682	0.00579	0.00167	0.00631	0.00515	0.00566	0.12856
13	0.01506	0.01279	0.01356	0.01209	0.01546	0.01468	0.00943	0.06912	0.66384	0.02581	0.06138	0.02317	0.01991	0.00832	0.00617	0.00202	0.00476	0.00694	0.00614	0.00936
14	0.02107	0.01516	0.01657	0.01297	0.01709	0.01671	0.01053	0.62602	0.02532	0.03393	0.01386	0.01500	0.01026	0.00921	0.00856	0.12131	0.00642	0.00539	0.00552	0.00912
15	0.01359	0.01288	0.02135	0.30671	0.44048	0.01400	0.01722	0.01823	0.06178	0.01845	0.01197	0.01582	0.00957	0.00579	0.00599	0.00188	0.00731	0.00545	0.00308	0.00848
16	0.00738	0.00527	0.00702	0.00834	0.00874	0.00492	0.00559	0.00850	0.01174	0.01571	0.06234	0.75446	0.04048	0.01858	0.00765	0.00242	0.00346	0.01685	0.00563	0.00492
17	0.01420	0.01623	0.03550	0.02535	0.03144	0.01521	0.72921	0.01927	0.01420	0.01927	0.01217	0.01623	0.00913	0.00507	0.00710	0.00203	0.01014	0.00710	0.00304	0.00811
18	0.01450	0.01390	0.02371	0.11822	0.67281	0.01419	0.01827	0.01812	0.01351	0.01918	0.01125	0.01502	0.00936	0.00543	0.00596	0.00181	0.00724	0.00536	0.00294	0.00922
19	0.00866	0.00580	0.00659	0.00667	0.00669	0.00577	0.00376	0.00873	0.00892	0.01189	0.01983	0.08543	0.02298	0.74101	0.02920	0.00562	0.00569	0.00926	0.00376	0.00372
20	0.01496	0.01292	0.01360	0.01224	0.01564	0.01496	0.00952	0.03197	0.74019	0.02516	0.02448	0.02244	0.01836	0.00816	0.00612	0.00204	0.00476	0.00680	0.00612	0.00952

[dist]
# distance from previous block
# <min> <max>
0	203

# created by:
# /software/SequenceAnalysis/GenePrediction/augustus/3.0.1/scripts/msa2prfl.pl ./fixed/BUSCOvEOG7VX3M3.fas
