[name]
unknown

[dist]
# distance from previous block
# <min> <max>
54	156

[block]
# block no. 0 follows, 41 sequences, length 7
# corresponding to MSA columns:
# 160-166
name=unknown_A
#
# <colnr> <probs for GDERKNQSTAVLIFYWHMCP>
#	G	D	E	R	K	N	Q	S	T	A	V	L	I	F	Y	W	H	M	C	P
0	0.00745	0.00539	0.00741	0.00839	0.00891	0.00538	0.00585	0.00866	0.01061	0.01442	0.02752	0.59751	0.03194	0.02433	0.20236	0.00409	0.00642	0.01371	0.00479	0.00485
1	0.01108	0.00925	0.01129	0.00877	0.01282	0.00760	0.00694	0.01345	0.01128	0.01742	0.01163	0.01477	0.01010	0.01415	0.20008	0.00299	0.00710	0.00414	0.00336	0.62174
2	0.01010	0.00509	0.00757	0.00756	0.00758	0.00507	0.00504	0.00758	0.00756	0.01010	0.01010	0.01760	0.01008	0.01994	0.02238	0.83148	0.00502	0.00502	0.00254	0.00258
3	0.00826	0.00597	0.00777	0.00731	0.00867	0.00550	0.00547	0.01091	0.01628	0.02307	0.75852	0.04287	0.05401	0.01178	0.00681	0.00183	0.00276	0.01038	0.00634	0.00548
4	0.00693	0.00592	0.00592	0.00591	0.00785	0.00493	0.00442	0.00833	0.01313	0.01560	0.05798	0.05516	0.75921	0.01457	0.00683	0.00196	0.00296	0.01210	0.00536	0.00492
5	0.00692	0.00518	0.00642	0.00741	0.00815	0.00469	0.00507	0.00803	0.01148	0.01482	0.03822	0.60755	0.22120	0.01705	0.00716	0.00222	0.00321	0.01520	0.00531	0.00469
6	0.52112	0.01464	0.01045	0.00938	0.01264	0.20547	0.00741	0.01818	0.01211	0.05530	0.04473	0.01355	0.04275	0.00623	0.00434	0.00170	0.00579	0.00409	0.00375	0.00637

[dist]
# distance from previous block
# <min> <max>
0	4

[block]
# block no. 1 follows, 41 sequences, length 40
# corresponding to MSA columns:
# 171-210
name=unknown_B
#
# <colnr> <probs for GDERKNQSTAVLIFYWHMCP>
#	G	D	E	R	K	N	Q	S	T	A	V	L	I	F	Y	W	H	M	C	P
0	0.00676	0.00579	0.00579	0.00579	0.00773	0.00483	0.00435	0.00821	0.01304	0.01545	0.05794	0.05505	0.76098	0.01449	0.00676	0.00193	0.00290	0.01207	0.00531	0.00483
1	0.72762	0.01117	0.00970	0.00844	0.01196	0.01273	0.03414	0.05157	0.01077	0.02534	0.00954	0.04858	0.00802	0.00599	0.00395	0.00180	0.00466	0.00398	0.00371	0.00635
2	0.79847	0.01198	0.04601	0.00796	0.01174	0.01285	0.00693	0.01688	0.00985	0.02529	0.00808	0.00943	0.00625	0.00532	0.00363	0.00177	0.00462	0.00315	0.00348	0.00631
3	0.02126	0.01573	0.01690	0.01293	0.01753	0.01724	0.01067	0.70816	0.02615	0.03519	0.01356	0.01364	0.00967	0.00674	0.00565	0.00167	0.00619	0.00506	0.00561	0.05046
4	0.00809	0.00584	0.00748	0.00716	0.00842	0.00542	0.00531	0.01047	0.01520	0.02126	0.62861	0.04374	0.08820	0.08244	0.00879	0.00217	0.00306	0.03719	0.00595	0.00519
5	0.00709	0.00581	0.00626	0.00614	0.00793	0.00497	0.00461	0.00885	0.01382	0.01732	0.23280	0.05198	0.58496	0.01379	0.00676	0.00190	0.00285	0.01164	0.00556	0.00497
6	0.02108	0.06440	0.01690	0.01445	0.01754	0.71910	0.01099	0.04210	0.01628	0.01457	0.00893	0.01035	0.00743	0.00587	0.00510	0.00147	0.01000	0.00369	0.00300	0.00675
7	0.01147	0.02959	0.76934	0.01630	0.02476	0.01328	0.02113	0.01811	0.01208	0.01811	0.01026	0.01208	0.00725	0.00543	0.00543	0.00181	0.00845	0.00423	0.00242	0.00845
8	0.00708	0.00502	0.00661	0.00783	0.00813	0.00472	0.00516	0.00799	0.01074	0.01432	0.03045	0.73470	0.03647	0.08032	0.00904	0.00258	0.00350	0.01563	0.00516	0.00455
9	0.00747	0.00638	0.00648	0.00636	0.00839	0.00569	0.00480	0.01027	0.07933	0.01642	0.07436	0.05169	0.67481	0.01381	0.00668	0.00193	0.00304	0.01152	0.00538	0.00522
10	0.77324	0.01254	0.06920	0.00822	0.01216	0.01287	0.00739	0.01692	0.00992	0.02506	0.00815	0.00951	0.00628	0.00532	0.00369	0.00177	0.00475	0.00319	0.00345	0.00638
11	0.02137	0.02726	0.01621	0.01474	0.01768	0.77602	0.01105	0.02284	0.01621	0.01400	0.00884	0.01031	0.00737	0.00589	0.00516	0.00147	0.01031	0.00368	0.00295	0.00663
12	0.00697	0.00498	0.00664	0.00796	0.00830	0.00465	0.00531	0.00796	0.01095	0.01460	0.03153	0.79525	0.03783	0.01792	0.00730	0.00232	0.00332	0.01626	0.00531	0.00465
13	0.00810	0.00585	0.00765	0.00720	0.00855	0.00540	0.00540	0.01079	0.01619	0.02294	0.76028	0.04273	0.05397	0.01169	0.00675	0.00180	0.00270	0.01034	0.00630	0.00540
14	0.83938	0.01106	0.00841	0.00752	0.01106	0.01283	0.00619	0.01681	0.00973	0.02566	0.00796	0.00929	0.00619	0.00531	0.00354	0.00177	0.00442	0.00310	0.00354	0.00619
15	0.01251	0.01251	0.01752	0.01502	0.01502	0.01752	0.01251	0.01377	0.00876	0.01377	0.00751	0.01251	0.00751	0.01001	0.01877	0.00250	0.78851	0.00501	0.00250	0.00626
16	0.00697	0.00498	0.00664	0.00796	0.00830	0.00465	0.00531	0.00796	0.01095	0.01460	0.03153	0.79525	0.03783	0.01792	0.00730	0.00232	0.00332	0.01626	0.00531	0.00465
17	0.00817	0.00613	0.00919	0.00919	0.01021	0.00715	0.00715	0.01021	0.00919	0.01328	0.01532	0.02247	0.01430	0.04290	0.77631	0.00919	0.01532	0.00613	0.00306	0.00511
18	0.00831	0.00559	0.00647	0.00647	0.00656	0.00567	0.00376	0.00847	0.00839	0.01127	0.01781	0.03623	0.02028	0.73852	0.08886	0.00584	0.00633	0.00814	0.00343	0.00360
19	0.00832	0.00555	0.00624	0.00624	0.00624	0.00555	0.00347	0.00832	0.00832	0.01109	0.01802	0.03743	0.02080	0.79898	0.02911	0.00555	0.00555	0.00832	0.00347	0.00347
20	0.00695	0.00504	0.00657	0.00779	0.00825	0.00466	0.00523	0.00798	0.01112	0.01467	0.03364	0.73611	0.09561	0.01765	0.00726	0.00229	0.00328	0.01593	0.00531	0.00466
21	0.00922	0.00658	0.00922	0.01053	0.01185	0.00658	0.00922	0.01185	0.01317	0.01712	0.03029	0.06452	0.03292	0.01580	0.00790	0.00263	0.00527	0.72480	0.00527	0.00527
22	0.00832	0.00555	0.00624	0.00624	0.00624	0.00555	0.00347	0.00832	0.00832	0.01109	0.01802	0.03743	0.02080	0.79898	0.02911	0.00555	0.00555	0.00832	0.00347	0.00347
23	0.01191	0.01130	0.01916	0.53726	0.27870	0.01300	0.01644	0.01559	0.01196	0.01596	0.01036	0.01489	0.00810	0.00551	0.00570	0.00184	0.00735	0.00509	0.00264	0.00725
24	0.00817	0.00613	0.00919	0.00919	0.01021	0.00715	0.00715	0.01021	0.00919	0.01328	0.01532	0.02247	0.01430	0.04290	0.77631	0.00919	0.01532	0.00613	0.00306	0.00511
25	0.01186	0.01017	0.01186	0.00847	0.01356	0.00762	0.00678	0.01440	0.01186	0.01864	0.01017	0.01186	0.00847	0.00424	0.00424	0.00085	0.00424	0.00339	0.00339	0.83395
26	0.00922	0.00658	0.00922	0.01053	0.01185	0.00658	0.00922	0.01185	0.01317	0.01712	0.03029	0.06452	0.03292	0.01580	0.00790	0.00263	0.00527	0.72480	0.00527	0.00527
27	0.01578	0.74049	0.02887	0.01018	0.01492	0.08282	0.00989	0.01758	0.01199	0.01350	0.00802	0.00927	0.00734	0.00497	0.00379	0.00124	0.00645	0.00311	0.00249	0.00728
28	0.00721	0.00498	0.00670	0.00792	0.00823	0.00467	0.00528	0.00792	0.01067	0.01423	0.02980	0.73310	0.03560	0.01808	0.00850	0.06874	0.00345	0.01536	0.00508	0.00447
29	0.83938	0.01106	0.00841	0.00752	0.01106	0.01283	0.00619	0.01681	0.00973	0.02566	0.00796	0.00929	0.00619	0.00531	0.00354	0.00177	0.00442	0.00310	0.00354	0.00619
30	0.83938	0.01106	0.00841	0.00752	0.01106	0.01283	0.00619	0.01681	0.00973	0.02566	0.00796	0.00929	0.00619	0.00531	0.00354	0.00177	0.00442	0.00310	0.00354	0.00619
31	0.01080	0.01017	0.01716	0.78523	0.03940	0.01271	0.01589	0.01461	0.01144	0.01461	0.01017	0.01525	0.00762	0.00572	0.00572	0.00191	0.00762	0.00508	0.00254	0.00635
32	0.02161	0.02360	0.01594	0.01399	0.01730	0.57747	0.01071	0.11816	0.04096	0.09080	0.01128	0.01201	0.00866	0.00620	0.00531	0.00155	0.00907	0.00417	0.00381	0.00742
33	0.00832	0.00555	0.00624	0.00624	0.00624	0.00555	0.00347	0.00832	0.00832	0.01109	0.01802	0.03743	0.02080	0.79898	0.02911	0.00555	0.00555	0.00832	0.00347	0.00347
34	0.00697	0.00498	0.00664	0.00796	0.00830	0.00465	0.00531	0.00796	0.01095	0.01460	0.03153	0.79525	0.03783	0.01792	0.00730	0.00232	0.00332	0.01626	0.00531	0.00465
35	0.02115	0.01572	0.01683	0.01304	0.01751	0.01746	0.01073	0.68754	0.08455	0.03509	0.01449	0.01434	0.01034	0.00694	0.00573	0.00173	0.00615	0.00525	0.00573	0.00967
36	0.01423	0.01229	0.01293	0.01164	0.01487	0.01423	0.00905	0.03039	0.75297	0.02393	0.02328	0.02134	0.01746	0.00776	0.00582	0.00194	0.00453	0.00647	0.00582	0.00905
37	0.01186	0.01017	0.01186	0.00847	0.01356	0.00762	0.00678	0.01440	0.01186	0.01864	0.01017	0.01186	0.00847	0.00424	0.00424	0.00085	0.00424	0.00339	0.00339	0.83395
38	0.01324	0.01723	0.12730	0.02312	0.02924	0.01431	0.65078	0.01830	0.01332	0.01830	0.01141	0.01500	0.00850	0.00490	0.00658	0.00191	0.00949	0.00643	0.00283	0.00781
39	0.00832	0.00555	0.00624	0.00624	0.00624	0.00555	0.00347	0.00832	0.00832	0.01109	0.01802	0.03743	0.02080	0.79898	0.02911	0.00555	0.00555	0.00832	0.00347	0.00347

[dist]
# distance from previous block
# <min> <max>
0	56

# created by:
# /software/SequenceAnalysis/GenePrediction/augustus/3.0.1/scripts/msa2prfl.pl ./fixed/BUSCOvEOG7KPVRF.fas
