[name]
unknown

[dist]
# distance from previous block
# <min> <max>
3	242

[block]
# block no. 0 follows, 40 sequences, length 7
# corresponding to MSA columns:
# 248-254
name=unknown_A
#
# <colnr> <probs for GDERKNQSTAVLIFYWHMCP>
#	G	D	E	R	K	N	Q	S	T	A	V	L	I	F	Y	W	H	M	C	P
0	0.01328	0.02970	0.64498	0.01632	0.02401	0.13560	0.01984	0.01919	0.01295	0.01774	0.01020	0.01199	0.00739	0.00560	0.00548	0.00179	0.00890	0.00421	0.00254	0.00830
1	0.00715	0.00548	0.00647	0.00709	0.00813	0.00490	0.00493	0.00843	0.01225	0.01565	0.09595	0.41054	0.32294	0.05213	0.00818	0.00232	0.00326	0.01403	0.00539	0.00480
2	0.23914	0.01413	0.06658	0.01133	0.01534	0.01468	0.00964	0.15989	0.35932	0.02670	0.01666	0.01624	0.01241	0.00687	0.00524	0.00187	0.00520	0.00523	0.00502	0.00850
3	0.00727	0.00586	0.00617	0.00612	0.00770	0.00509	0.00439	0.00865	0.01283	0.01582	0.12800	0.05172	0.56245	0.14007	0.01053	0.00254	0.00336	0.01147	0.00521	0.00475
4	0.01206	0.01034	0.01206	0.00861	0.01378	0.00775	0.00689	0.01464	0.01206	0.01895	0.01034	0.01206	0.00861	0.00431	0.00431	0.00086	0.00431	0.00345	0.00345	0.83118
5	0.00966	0.00698	0.00879	0.05148	0.01146	0.00712	0.00672	0.11337	0.01354	0.01835	0.02752	0.59378	0.03134	0.01527	0.00691	0.00219	0.00401	0.01365	0.05225	0.00560
6	0.02428	0.01091	0.01394	0.01076	0.01511	0.01022	0.00886	0.16604	0.01872	0.57895	0.06359	0.02002	0.01586	0.00743	0.00590	0.00179	0.00510	0.00600	0.00688	0.00964

[dist]
# distance from previous block
# <min> <max>
10	153

[block]
# block no. 1 follows, 40 sequences, length 43
# corresponding to MSA columns:
# 423-465
name=unknown_B
#
# <colnr> <probs for GDERKNQSTAVLIFYWHMCP>
#	G	D	E	R	K	N	Q	S	T	A	V	L	I	F	Y	W	H	M	C	P
0	0.01529	0.01093	0.01401	0.01166	0.01439	0.06823	0.09796	0.06213	0.05241	0.18323	0.01970	0.17015	0.01843	0.15354	0.01101	0.00260	0.03488	0.00821	0.00482	0.04642
1	0.05307	0.01552	0.10539	0.01289	0.01798	0.01376	0.06697	0.34123	0.01940	0.09745	0.01359	0.01430	0.00980	0.00613	0.00543	0.00161	0.00617	0.00492	0.04422	0.15017
2	0.09045	0.02102	0.36970	0.01582	0.08840	0.01364	0.01563	0.17673	0.01598	0.05796	0.06923	0.01534	0.01199	0.00637	0.00555	0.00180	0.00696	0.00503	0.00386	0.00854
3	0.01485	0.04637	0.01868	0.04469	0.35458	0.01392	0.01311	0.15043	0.13364	0.02211	0.01695	0.05522	0.04822	0.03358	0.00664	0.00193	0.00604	0.00632	0.00414	0.00857
4	0.00716	0.00521	0.00687	0.00802	0.00853	0.00492	0.00546	0.00828	0.01117	0.01482	0.03295	0.68034	0.09226	0.01975	0.06177	0.00283	0.00421	0.01547	0.00524	0.00477
5	0.05307	0.03771	0.04629	0.01072	0.01345	0.01197	0.00902	0.15781	0.07807	0.06762	0.23519	0.03999	0.07125	0.00958	0.00802	0.00194	0.11926	0.01662	0.00519	0.00725
6	0.01330	0.02089	0.31189	0.06183	0.02464	0.04726	0.20195	0.05201	0.01281	0.01804	0.01029	0.01343	0.00794	0.00644	0.00871	0.00201	0.17078	0.00519	0.00279	0.00780
7	0.00760	0.00534	0.00653	0.00726	0.00758	0.00509	0.00460	0.00825	0.01024	0.01352	0.02862	0.44644	0.08280	0.32025	0.01601	0.00361	0.00422	0.01309	0.00467	0.00427
8	0.01206	0.01034	0.01206	0.00861	0.01378	0.00775	0.00689	0.01464	0.01206	0.01895	0.01034	0.01206	0.00861	0.00431	0.00431	0.00086	0.00431	0.00345	0.00345	0.83118
9	0.00791	0.00619	0.00837	0.00915	0.00944	0.00665	0.00647	0.00896	0.01081	0.01472	0.02846	0.67730	0.03393	0.01704	0.00914	0.00239	0.11827	0.01485	0.00498	0.00496
10	0.00706	0.00531	0.00654	0.00747	0.00828	0.00480	0.00513	0.00825	0.01186	0.01532	0.06006	0.56995	0.23471	0.01709	0.00726	0.00224	0.00324	0.01520	0.00543	0.00480
11	0.01946	0.00988	0.01234	0.01037	0.01370	0.00958	0.00818	0.14245	0.07385	0.38505	0.02392	0.22431	0.02030	0.01015	0.00627	0.00195	0.00475	0.00864	0.00639	0.00847
12	0.12441	0.01357	0.01492	0.17227	0.02063	0.07222	0.01072	0.27358	0.01827	0.16332	0.01398	0.01489	0.00987	0.00649	0.00541	0.00176	0.00631	0.00496	0.04415	0.00826
13	0.01010	0.00505	0.00758	0.00758	0.00758	0.00505	0.00505	0.00758	0.00758	0.01010	0.01010	0.01768	0.01010	0.02020	0.02273	0.83081	0.00505	0.00505	0.00253	0.00253
14	0.00831	0.00623	0.00935	0.00935	0.01038	0.00727	0.00727	0.01038	0.00935	0.01350	0.01558	0.02285	0.01454	0.04361	0.77259	0.00935	0.01558	0.00623	0.00312	0.00519
15	0.09500	0.01434	0.02784	0.14460	0.02911	0.01449	0.49710	0.05251	0.01355	0.01952	0.01118	0.01489	0.00842	0.00532	0.00661	0.00194	0.02688	0.00610	0.00308	0.00753
16	0.01110	0.01025	0.01727	0.70894	0.07297	0.01259	0.01570	0.01465	0.01151	0.01483	0.01035	0.01555	0.00793	0.00647	0.00662	0.04151	0.00758	0.00516	0.00260	0.00640
17	0.00801	0.00633	0.00727	0.00696	0.00871	0.00578	0.00524	0.01104	0.06032	0.01999	0.40026	0.04768	0.36542	0.01291	0.00681	0.00190	0.00295	0.01106	0.00593	0.00546
18	0.01373	0.01569	0.03431	0.02451	0.03039	0.01471	0.73824	0.01863	0.01373	0.01863	0.01176	0.01569	0.00882	0.00490	0.00686	0.00196	0.00980	0.00686	0.00294	0.00784
19	0.01197	0.02804	0.66383	0.01795	0.04408	0.01365	0.10291	0.01843	0.01247	0.01845	0.01060	0.01272	0.00758	0.00545	0.00568	0.00185	0.00869	0.00461	0.00252	0.00852
20	0.00816	0.00589	0.00771	0.00736	0.00867	0.00544	0.00548	0.01080	0.01613	0.02280	0.71150	0.08972	0.05386	0.01228	0.00689	0.00186	0.00278	0.01089	0.00634	0.00544
21	0.01346	0.01116	0.01281	0.00928	0.01437	0.00918	0.00747	0.11552	0.01418	0.02141	0.01084	0.01232	0.00879	0.00468	0.00452	0.00098	0.00460	0.00369	0.00378	0.71696
22	0.55946	0.01122	0.01204	0.20687	0.07966	0.01308	0.00975	0.01659	0.01061	0.02265	0.00890	0.01139	0.00691	0.00549	0.00434	0.00183	0.00552	0.00383	0.00328	0.00658
23	0.00802	0.00594	0.00749	0.00710	0.00856	0.00540	0.00532	0.01057	0.01597	0.02216	0.65031	0.04534	0.16157	0.01232	0.00686	0.00185	0.00277	0.01078	0.00625	0.00540
24	0.01218	0.01126	0.01865	0.07974	0.44076	0.01140	0.04570	0.01570	0.04784	0.01784	0.01716	0.22167	0.01728	0.00881	0.00626	0.00193	0.00605	0.00834	0.00368	0.00776
25	0.01379	0.01122	0.01558	0.24942	0.13626	0.01265	0.01223	0.02182	0.29510	0.07211	0.01719	0.01881	0.02419	0.00777	0.00707	0.06082	0.00595	0.00586	0.00428	0.00788
26	0.02545	0.01004	0.01348	0.01043	0.01486	0.00887	0.00858	0.02848	0.05719	0.72245	0.02298	0.01990	0.01458	0.00724	0.00585	0.00181	0.00493	0.00589	0.00713	0.00986
27	0.02586	0.01026	0.01372	0.01052	0.01503	0.00909	0.00869	0.06901	0.01726	0.72185	0.02243	0.01946	0.01414	0.00719	0.00585	0.00180	0.00503	0.00581	0.00712	0.00990
28	0.01949	0.04846	0.05881	0.01714	0.13424	0.01494	0.07791	0.34340	0.01996	0.15512	0.01477	0.02720	0.01090	0.02315	0.00633	0.00185	0.00658	0.00558	0.00496	0.00922
29	0.01578	0.10455	0.05872	0.04635	0.31487	0.05106	0.11426	0.05326	0.01424	0.09559	0.01338	0.01791	0.01103	0.00626	0.00582	0.00178	0.00717	0.05596	0.00358	0.00842
30	0.01084	0.00542	0.00542	0.00542	0.00678	0.00542	0.00407	0.01355	0.01220	0.02168	0.01897	0.02168	0.01491	0.00678	0.00407	0.00136	0.00271	0.00542	0.82791	0.00542
31	0.62092	0.01351	0.01078	0.06534	0.01463	0.10442	0.00795	0.06905	0.01205	0.02460	0.00878	0.01033	0.00680	0.00561	0.00412	0.00177	0.00559	0.00352	0.00361	0.00662
32	0.00769	0.00603	0.00699	0.00751	0.00903	0.00544	0.00588	0.00939	0.01284	0.01588	0.04617	0.12703	0.44295	0.05656	0.00845	0.00240	0.00382	0.21568	0.00529	0.00495
33	0.01230	0.05017	0.02331	0.01727	0.02103	0.01285	0.37151	0.01739	0.10389	0.01842	0.06211	0.13531	0.01737	0.00905	0.02541	0.00218	0.06393	0.00816	0.02121	0.00715
34	0.00819	0.00558	0.00668	0.00711	0.00730	0.00549	0.00444	0.00865	0.00950	0.01263	0.02267	0.22621	0.02637	0.54356	0.02246	0.00460	0.00506	0.06542	0.00413	0.00396
35	0.01049	0.00741	0.00879	0.00887	0.01023	0.00751	0.00640	0.15801	0.01460	0.01994	0.02793	0.54175	0.05101	0.01478	0.00677	0.00213	0.00392	0.01309	0.08053	0.00585
36	0.01352	0.09657	0.03713	0.01540	0.05609	0.03935	0.12250	0.08237	0.05850	0.01796	0.01659	0.06233	0.08133	0.00955	0.02789	0.00221	0.24342	0.00656	0.00358	0.00716
37	0.00774	0.00577	0.00743	0.00799	0.00899	0.00529	0.00556	0.00907	0.01142	0.01552	0.06831	0.54184	0.08515	0.04439	0.06690	0.00281	0.00442	0.01361	0.00503	0.08275
38	0.01259	0.01065	0.01423	0.04790	0.01618	0.00951	0.07988	0.11164	0.01448	0.02092	0.07137	0.11525	0.01616	0.00717	0.00543	0.00141	0.00506	0.00633	0.00415	0.42969
39	0.07695	0.07448	0.28905	0.01382	0.06642	0.01185	0.03755	0.01819	0.04817	0.09998	0.08919	0.06172	0.01582	0.00718	0.00550	0.00179	0.00614	0.00595	0.06251	0.00776
40	0.01030	0.00855	0.06243	0.00921	0.01119	0.00696	0.00723	0.06727	0.01277	0.06331	0.02575	0.51554	0.02878	0.05152	0.00782	0.00225	0.00428	0.01245	0.00505	0.08734
41	0.03816	0.05798	0.01213	0.01037	0.01243	0.06271	0.06247	0.01373	0.08488	0.01675	0.02545	0.41018	0.05746	0.01292	0.00653	0.00205	0.00484	0.04550	0.00472	0.05876
42	0.01664	0.01232	0.01340	0.01100	0.01488	0.03014	0.00868	0.14744	0.31842	0.12149	0.01853	0.01882	0.01404	0.05188	0.00690	0.00188	0.00509	0.00565	0.00536	0.17745

[dist]
# distance from previous block
# <min> <max>
15	24

[block]
# block no. 2 follows, 40 sequences, length 18
# corresponding to MSA columns:
# 490-507
name=unknown_C
#
# <colnr> <probs for GDERKNQSTAVLIFYWHMCP>
#	G	D	E	R	K	N	Q	S	T	A	V	L	I	F	Y	W	H	M	C	P
0	0.05251	0.01386	0.02414	0.01963	0.08764	0.01380	0.34863	0.04400	0.08091	0.04770	0.01478	0.01736	0.03916	0.00644	0.00747	0.00193	0.07907	0.00623	0.00374	0.09102
1	0.01802	0.05513	0.05700	0.01491	0.06741	0.25248	0.03947	0.21860	0.01810	0.02200	0.01564	0.05317	0.06138	0.00739	0.00575	0.00170	0.00753	0.00567	0.00416	0.07449
2	0.01518	0.52575	0.11559	0.01257	0.01775	0.05247	0.09507	0.01790	0.01255	0.01574	0.00996	0.01184	0.00848	0.00545	0.00456	0.00149	0.00698	0.00400	0.05900	0.00766
3	0.01328	0.01086	0.06210	0.00953	0.01361	0.00835	0.00801	0.06384	0.01453	0.10174	0.13965	0.09209	0.05458	0.00815	0.00565	0.00151	0.00453	0.00679	0.00483	0.37637
4	0.01483	0.01165	0.01575	0.07518	0.01785	0.01217	0.07977	0.20526	0.01614	0.06419	0.01741	0.20018	0.01660	0.00956	0.00766	0.00195	0.08941	0.00795	0.00466	0.13185
5	0.00885	0.00593	0.00663	0.00661	0.00665	0.00587	0.00371	0.00875	0.00871	0.01165	0.01865	0.03842	0.02142	0.79115	0.02961	0.00568	0.00576	0.00856	0.00365	0.00373
6	0.00790	0.00637	0.00697	0.00682	0.00863	0.00560	0.00508	0.01007	0.03688	0.01846	0.25534	0.07502	0.50772	0.01402	0.00701	0.00201	0.00309	0.01181	0.00582	0.00540
7	0.83214	0.01150	0.00882	0.00791	0.01153	0.01323	0.00646	0.01734	0.01014	0.02638	0.00849	0.00998	0.00667	0.00565	0.00377	0.00187	0.00463	0.00328	0.00372	0.00649
8	0.83214	0.01150	0.00882	0.00791	0.01153	0.01323	0.00646	0.01734	0.01014	0.02638	0.00849	0.00998	0.00667	0.00565	0.00377	0.00187	0.00463	0.00328	0.00372	0.00649
9	0.01243	0.01060	0.01231	0.00887	0.01405	0.00797	0.00705	0.01490	0.01229	0.01928	0.01071	0.01258	0.00897	0.00456	0.00447	0.00094	0.00444	0.00357	0.00357	0.82643
10	0.01136	0.01060	0.01766	0.77728	0.04016	0.01311	0.01626	0.01511	0.01186	0.01521	0.01071	0.01600	0.00811	0.00606	0.00597	0.00201	0.00786	0.00529	0.00272	0.00665
11	0.01243	0.01060	0.01231	0.00887	0.01405	0.00797	0.00705	0.01490	0.01229	0.01928	0.01071	0.01258	0.00897	0.00456	0.00447	0.00094	0.00444	0.00357	0.00357	0.82643
12	0.01446	0.01249	0.01315	0.01183	0.01512	0.01446	0.00920	0.03090	0.74885	0.02433	0.02367	0.02170	0.01775	0.00789	0.00592	0.00197	0.00460	0.00657	0.00592	0.00920
13	0.00905	0.00653	0.00896	0.01020	0.01152	0.00644	0.00877	0.01153	0.01323	0.01712	0.03279	0.11385	0.08316	0.01612	0.00791	0.00261	0.00506	0.62452	0.00536	0.00528
14	0.01702	0.01248	0.01364	0.01176	0.01537	0.01392	0.00929	0.10253	0.56327	0.13892	0.02257	0.02062	0.01644	0.00769	0.00590	0.00192	0.00484	0.00633	0.00610	0.00938
15	0.01439	0.01382	0.02360	0.03569	0.75936	0.01382	0.01785	0.01785	0.01324	0.01900	0.01094	0.01439	0.00921	0.00518	0.00576	0.00173	0.00691	0.00518	0.00288	0.00921
16	0.00709	0.00506	0.00675	0.00810	0.00843	0.00472	0.00540	0.00810	0.01113	0.01484	0.03205	0.79184	0.03846	0.01822	0.00742	0.00236	0.00337	0.01653	0.00540	0.00472
17	0.01088	0.00916	0.01510	0.01731	0.16409	0.00905	0.09510	0.01397	0.01340	0.01786	0.02461	0.04957	0.02576	0.01259	0.00744	0.00240	0.00618	0.49452	0.00458	0.00642

[dist]
# distance from previous block
# <min> <max>
0	10

[block]
# block no. 3 follows, 40 sequences, length 7
# corresponding to MSA columns:
# 518-524
name=unknown_D
#
# <colnr> <probs for GDERKNQSTAVLIFYWHMCP>
#	G	D	E	R	K	N	Q	S	T	A	V	L	I	F	Y	W	H	M	C	P
0	0.13375	0.02417	0.49964	0.01759	0.06775	0.01364	0.12683	0.01822	0.01220	0.01961	0.01032	0.01250	0.00754	0.00539	0.00546	0.00185	0.00807	0.00457	0.00272	0.00818
1	0.01524	0.01570	0.03965	0.07457	0.36421	0.11831	0.06729	0.05504	0.12474	0.01942	0.01300	0.01587	0.01054	0.03331	0.00662	0.00190	0.00730	0.00541	0.00349	0.00841
2	0.53380	0.01256	0.01405	0.01119	0.01535	0.01371	0.11507	0.12686	0.01358	0.08031	0.01060	0.01180	0.00780	0.00569	0.00458	0.00182	0.00560	0.00421	0.00410	0.00733
3	0.00707	0.00590	0.00617	0.00610	0.00798	0.00499	0.00458	0.00873	0.01373	0.01683	0.16171	0.05412	0.65350	0.01431	0.00687	0.00194	0.00292	0.01201	0.00555	0.00499
4	0.01213	0.08206	0.66028	0.01752	0.07830	0.01419	0.02042	0.01831	0.01232	0.01813	0.01031	0.01223	0.00751	0.00546	0.00542	0.00179	0.00831	0.00428	0.00249	0.00856
5	0.01533	0.00808	0.01137	0.12491	0.01571	0.00775	0.00824	0.01806	0.01580	0.29901	0.36964	0.03039	0.03264	0.00922	0.00632	0.00183	0.00432	0.00796	0.00613	0.00728
6	0.00927	0.00826	0.04673	0.04263	0.08899	0.00734	0.00945	0.01185	0.01316	0.01747	0.10245	0.17472	0.11739	0.01382	0.00723	0.00229	0.00489	0.31129	0.00497	0.00580

[dist]
# distance from previous block
# <min> <max>
5	6

[block]
# block no. 4 follows, 40 sequences, length 10
# corresponding to MSA columns:
# 532-541
name=unknown_E
#
# <colnr> <probs for GDERKNQSTAVLIFYWHMCP>
#	G	D	E	R	K	N	Q	S	T	A	V	L	I	F	Y	W	H	M	C	P
0	0.08723	0.00765	0.00949	0.01187	0.16053	0.00782	0.00712	0.01452	0.01202	0.02109	0.01600	0.01892	0.01277	0.00684	0.00509	0.03339	0.00382	0.00515	0.55252	0.00616
1	0.01435	0.01026	0.01341	0.16641	0.01932	0.00895	0.00907	0.01713	0.01279	0.15114	0.01259	0.01414	0.00947	0.00513	0.00489	0.00125	0.00512	0.00423	0.00394	0.51641
2	0.01773	0.06766	0.01546	0.01226	0.01577	0.12238	0.00990	0.24425	0.22731	0.06592	0.01858	0.05999	0.01549	0.00838	0.00591	0.00186	0.00613	0.07140	0.00523	0.00841
3	0.01054	0.01090	0.16339	0.11974	0.01579	0.00789	0.00998	0.01082	0.00911	0.01247	0.01020	0.01627	0.00921	0.01516	0.01681	0.54379	0.00616	0.00491	0.00252	0.00432
4	0.01403	0.01285	0.01722	0.01421	0.01794	0.01411	0.15755	0.02750	0.56583	0.02312	0.05452	0.02146	0.01762	0.00746	0.00615	0.00196	0.00558	0.00681	0.00533	0.00876
5	0.00840	0.00594	0.00743	0.00792	0.00866	0.00607	0.00568	0.00995	0.01172	0.01683	0.08029	0.44669	0.09873	0.01442	0.00766	0.00210	0.07119	0.01246	0.17278	0.00508
6	0.01429	0.61682	0.02569	0.00940	0.01415	0.01924	0.00903	0.01623	0.01198	0.01461	0.01283	0.01378	0.07287	0.00573	0.00409	0.00125	0.00566	0.00396	0.00288	0.12552
7	0.01121	0.16682	0.01224	0.00806	0.00907	0.00871	0.00605	0.00958	0.00844	0.01083	0.00969	0.01598	0.00956	0.01710	0.01886	0.66181	0.00529	0.00466	0.00252	0.00353
8	0.01633	0.31651	0.21277	0.01394	0.04347	0.18251	0.01349	0.07545	0.04406	0.01740	0.01006	0.01136	0.00811	0.00562	0.00484	0.00154	0.00772	0.00393	0.00300	0.00791
9	0.03499	0.01646	0.01431	0.03093	0.01601	0.21754	0.00959	0.30564	0.04274	0.04787	0.08297	0.02179	0.11774	0.00819	0.00586	0.00173	0.00660	0.00629	0.00497	0.00779

[dist]
# distance from previous block
# <min> <max>
5	247

# created by:
# /software/SequenceAnalysis/GenePrediction/augustus/3.0.1/scripts/msa2prfl.pl ./fixed/BUSCOvEOG7JT1K7.fas
