[name]
unknown

[dist]
# distance from previous block
# <min> <max>
36	327

[block]
# block no. 0 follows, 40 sequences, length 11
# corresponding to MSA columns:
# 346-356
name=unknown_A
#
# <colnr> <probs for GDERKNQSTAVLIFYWHMCP>
#	G	D	E	R	K	N	Q	S	T	A	V	L	I	F	Y	W	H	M	C	P
0	0.01216	0.01195	0.01769	0.26434	0.02332	0.01622	0.01384	0.01428	0.00979	0.01428	0.00851	0.01363	0.00767	0.00876	0.01477	0.00235	0.53239	0.00511	0.00256	0.00639
1	0.01368	0.01179	0.01279	0.01079	0.01469	0.01228	0.00845	0.02562	0.50939	0.02258	0.01934	0.01856	0.01478	0.00673	0.00539	0.00161	0.00451	0.00556	0.00511	0.27635
2	0.01084	0.00542	0.00542	0.00542	0.00678	0.00542	0.00407	0.01355	0.01220	0.02168	0.01897	0.02168	0.01491	0.00678	0.00407	0.00136	0.00271	0.00542	0.82791	0.00542
3	0.01206	0.01034	0.01206	0.00861	0.01378	0.00775	0.00689	0.01464	0.01206	0.01895	0.01034	0.01206	0.00861	0.00431	0.00431	0.00086	0.00431	0.00345	0.00345	0.83118
4	0.01329	0.01265	0.01630	0.01415	0.01522	0.01672	0.01158	0.01949	0.24939	0.01735	0.01284	0.01564	0.01092	0.00943	0.01480	0.00236	0.53136	0.00557	0.00364	0.00729
5	0.01060	0.00530	0.00612	0.00612	0.00704	0.00530	0.00439	0.01161	0.01069	0.01792	0.01609	0.02038	0.01334	0.01114	0.01013	0.27093	0.00347	0.00530	0.55966	0.00448
6	0.01098	0.01034	0.01744	0.78165	0.04005	0.01292	0.01615	0.01486	0.01163	0.01486	0.01034	0.01550	0.00775	0.00581	0.00581	0.00194	0.00775	0.00517	0.00258	0.00646
7	0.01251	0.01195	0.01594	0.01310	0.01478	0.01454	0.01083	0.01421	0.00993	0.01561	0.00851	0.01251	0.00795	0.00827	0.01428	0.00200	0.53127	0.00455	0.00284	0.27443
8	0.02186	0.02358	0.01683	0.01440	0.01800	0.49913	0.01117	0.28279	0.02041	0.02235	0.01079	0.01175	0.00836	0.00635	0.00545	0.00159	0.00901	0.00429	0.00402	0.00788
9	0.00694	0.00562	0.00617	0.00661	0.00804	0.00485	0.00474	0.00826	0.01257	0.01543	0.05018	0.29512	0.52347	0.01586	0.00705	0.00209	0.00308	0.01366	0.00540	0.00485
10	0.00761	0.00613	0.00681	0.00666	0.00842	0.00545	0.00498	0.01004	0.04197	0.01848	0.28321	0.07837	0.47380	0.01368	0.00685	0.00194	0.00296	0.01165	0.00574	0.00525

[dist]
# distance from previous block
# <min> <max>
143	341

[block]
# block no. 1 follows, 40 sequences, length 9
# corresponding to MSA columns:
# 810-818
name=unknown_B
#
# <colnr> <probs for GDERKNQSTAVLIFYWHMCP>
#	G	D	E	R	K	N	Q	S	T	A	V	L	I	F	Y	W	H	M	C	P
0	0.01772	0.16515	0.01943	0.12446	0.02018	0.29865	0.01180	0.12095	0.03792	0.01766	0.00999	0.01211	0.00819	0.00650	0.00688	0.00169	0.10584	0.00430	0.00327	0.00731
1	0.02211	0.01629	0.01745	0.01338	0.01803	0.01803	0.01105	0.73997	0.02734	0.03665	0.01396	0.01396	0.00989	0.00698	0.00582	0.00175	0.00640	0.00524	0.00582	0.00989
2	0.01930	0.01419	0.01546	0.01239	0.01624	0.01555	0.01000	0.60344	0.02432	0.03258	0.01734	0.15907	0.01522	0.00908	0.00612	0.00186	0.00583	0.00734	0.00574	0.00893
3	0.00812	0.00613	0.00783	0.00812	0.00946	0.00536	0.00568	0.00958	0.01180	0.01640	0.09511	0.57702	0.03441	0.01504	0.00679	0.00203	0.00349	0.01353	0.00513	0.15897
4	0.01166	0.03008	0.76550	0.01657	0.02517	0.01351	0.02149	0.01842	0.01228	0.01842	0.01044	0.01228	0.00737	0.00552	0.00552	0.00184	0.00859	0.00430	0.00246	0.00859
5	0.01270	0.01193	0.01558	0.04751	0.01596	0.01438	0.01080	0.01650	0.11006	0.01679	0.01067	0.01388	0.00928	0.00806	0.01265	0.00198	0.43003	0.00484	0.00325	0.23315
6	0.01149	0.01133	0.02059	0.64041	0.03825	0.01325	0.15085	0.01556	0.01202	0.01556	0.01060	0.01554	0.00795	0.00564	0.00601	0.00194	0.00813	0.00548	0.00265	0.00672
7	0.39690	0.21905	0.19385	0.01047	0.01564	0.01555	0.01093	0.01794	0.01122	0.05039	0.00924	0.01050	0.00717	0.00539	0.00418	0.00167	0.00593	0.00352	0.00318	0.00729
8	0.01660	0.01129	0.01281	0.01000	0.01417	0.05587	0.00797	0.06627	0.01435	0.21621	0.01573	0.08642	0.01289	0.00688	0.00575	0.00141	0.03619	0.00550	0.00471	0.39900

[dist]
# distance from previous block
# <min> <max>
0	17

[block]
# block no. 2 follows, 40 sequences, length 11
# corresponding to MSA columns:
# 838-848
name=unknown_C
#
# <colnr> <probs for GDERKNQSTAVLIFYWHMCP>
#	G	D	E	R	K	N	Q	S	T	A	V	L	I	F	Y	W	H	M	C	P
0	0.12482	0.20173	0.12664	0.01085	0.01592	0.01344	0.01050	0.02290	0.03155	0.36350	0.01569	0.01492	0.01076	0.00621	0.00501	0.00168	0.00572	0.00464	0.00489	0.00865
1	0.07489	0.01011	0.01418	0.30685	0.02387	0.01066	0.01106	0.02069	0.05762	0.29620	0.03827	0.01886	0.03441	0.00678	0.00566	0.00182	0.00582	0.00563	0.00482	0.05179
2	0.21121	0.01080	0.01203	0.01130	0.06538	0.01108	0.00815	0.16253	0.03648	0.06286	0.01546	0.15041	0.01429	0.00883	0.00633	0.05125	0.00488	0.00648	0.00449	0.14576
3	0.01584	0.45474	0.02563	0.01352	0.06464	0.01962	0.04922	0.06042	0.05906	0.05631	0.01051	0.01209	0.00883	0.00616	0.00664	0.00161	0.11993	0.00422	0.00321	0.00782
4	0.20481	0.05629	0.01156	0.10841	0.01505	0.12095	0.00812	0.01438	0.01261	0.01872	0.12995	0.20402	0.03936	0.00977	0.00563	0.00187	0.00531	0.00804	0.00422	0.02094
5	0.01561	0.01130	0.01647	0.37126	0.09609	0.01260	0.01316	0.12399	0.05754	0.15139	0.06078	0.01804	0.01290	0.00667	0.00589	0.00186	0.00649	0.00572	0.00433	0.00792
6	0.06863	0.00969	0.01625	0.31576	0.02526	0.01056	0.13681	0.01400	0.01268	0.01777	0.12386	0.11970	0.02090	0.00900	0.00640	0.00204	0.00638	0.07420	0.00388	0.00623
7	0.01482	0.06917	0.14683	0.01607	0.12571	0.12804	0.01265	0.02267	0.25916	0.01961	0.01455	0.01524	0.01129	0.00614	0.00537	0.00165	0.00659	0.00492	0.00389	0.11565
8	0.01087	0.01357	0.24282	0.01051	0.01393	0.00806	0.01041	0.01196	0.00969	0.01397	0.01024	0.01519	0.00904	0.01334	0.01471	0.45312	0.00604	0.00458	0.00264	0.12532
9	0.01546	0.01313	0.01999	0.06959	0.36985	0.01362	0.07294	0.18971	0.01640	0.02333	0.01286	0.01552	0.01009	0.00586	0.00562	0.00171	0.00646	0.00537	0.12395	0.00854
10	0.76069	0.01278	0.00929	0.00833	0.01187	0.08387	0.00676	0.01767	0.01051	0.02498	0.00818	0.00954	0.00641	0.00545	0.00375	0.00177	0.00506	0.00320	0.00354	0.00634

[dist]
# distance from previous block
# <min> <max>
2	19

[block]
# block no. 3 follows, 40 sequences, length 6
# corresponding to MSA columns:
# 869-874
name=unknown_D
#
# <colnr> <probs for GDERKNQSTAVLIFYWHMCP>
#	G	D	E	R	K	N	Q	S	T	A	V	L	I	F	Y	W	H	M	C	P
0	0.01025	0.00543	0.00582	0.00598	0.00719	0.00546	0.00442	0.01272	0.01189	0.02037	0.02027	0.11075	0.01760	0.01043	0.05301	0.00198	0.00360	0.00676	0.68075	0.00533
1	0.01086	0.00600	0.00683	0.09630	0.01067	0.00630	0.00548	0.01370	0.01213	0.02088	0.01796	0.02096	0.01407	0.00666	0.00427	0.00142	0.00330	0.00539	0.73129	0.00554
2	0.01066	0.00624	0.00666	0.00647	0.00759	0.00634	0.00451	0.06411	0.01210	0.01914	0.01941	0.08445	0.01819	0.24256	0.01205	0.00273	0.00390	0.00715	0.46060	0.00513
3	0.01205	0.02735	0.62673	0.01808	0.02616	0.01373	0.15752	0.01846	0.01255	0.01846	0.01069	0.01292	0.00764	0.00541	0.00578	0.00186	0.00882	0.00478	0.00255	0.00845
4	0.07399	0.00924	0.01098	0.06561	0.01423	0.00792	0.00716	0.01411	0.01262	0.04786	0.10770	0.06157	0.07001	0.00706	0.00509	0.00133	0.00426	0.00586	0.00415	0.46925
5	0.10872	0.01244	0.02224	0.12214	0.02431	0.01204	0.35094	0.01616	0.01253	0.01869	0.01416	0.06232	0.04280	0.00621	0.00593	0.00177	0.00727	0.00642	0.00331	0.14962

[dist]
# distance from previous block
# <min> <max>
104	222

# created by:
# /software/SequenceAnalysis/GenePrediction/augustus/3.0.1/scripts/msa2prfl.pl ./fixed/BUSCOvEOG7XH1CH.fas
