[name]
unknown

[dist]
# distance from previous block
# <min> <max>
0	91

[block]
# block no. 0 follows, 39 sequences, length 8
# corresponding to MSA columns:
# 92-99
name=unknown_A
#
# <colnr> <probs for GDERKNQSTAVLIFYWHMCP>
#	G	D	E	R	K	N	Q	S	T	A	V	L	I	F	Y	W	H	M	C	P
0	0.01213	0.02896	0.68901	0.01877	0.09734	0.01377	0.02149	0.01867	0.01258	0.01879	0.01066	0.01270	0.00768	0.00558	0.00564	0.00186	0.00857	0.00446	0.00254	0.00880
1	0.76865	0.01185	0.00942	0.00825	0.01199	0.01367	0.00679	0.07517	0.01149	0.02740	0.00871	0.00998	0.00670	0.00562	0.00384	0.00183	0.00473	0.00337	0.00384	0.00670
2	0.16183	0.01568	0.01619	0.01261	0.01715	0.01747	0.01041	0.61223	0.02476	0.03543	0.01317	0.01341	0.00943	0.00682	0.00553	0.00178	0.00618	0.00496	0.00553	0.00943
3	0.01621	0.01517	0.03094	0.02225	0.02797	0.01429	0.59011	0.06337	0.01520	0.12244	0.01367	0.01642	0.00982	0.00543	0.00677	0.00196	0.00908	0.00674	0.00377	0.00839
4	0.01294	0.01294	0.01811	0.01553	0.01553	0.01811	0.01294	0.01423	0.00906	0.01423	0.00776	0.01294	0.00776	0.01035	0.01941	0.00259	0.78134	0.00518	0.00259	0.00647
5	0.01226	0.01051	0.01226	0.00876	0.01401	0.00788	0.00701	0.01489	0.01226	0.01927	0.01051	0.01226	0.00876	0.00438	0.00438	0.00088	0.00438	0.00350	0.00350	0.82832
6	0.00860	0.00573	0.00645	0.00645	0.00645	0.00573	0.00358	0.00860	0.00860	0.01147	0.01863	0.03870	0.02150	0.79217	0.03010	0.00573	0.00573	0.00860	0.00358	0.00358
7	0.83394	0.01144	0.00869	0.00778	0.01144	0.01327	0.00640	0.01738	0.01006	0.02653	0.00823	0.00961	0.00640	0.00549	0.00366	0.00183	0.00457	0.00320	0.00366	0.00640

[dist]
# distance from previous block
# <min> <max>
0	4

[block]
# block no. 1 follows, 39 sequences, length 47
# corresponding to MSA columns:
# 104-150
name=unknown_B
#
# <colnr> <probs for GDERKNQSTAVLIFYWHMCP>
#	G	D	E	R	K	N	Q	S	T	A	V	L	I	F	Y	W	H	M	C	P
0	0.01270	0.00938	0.01112	0.00917	0.01218	0.00884	0.00719	0.15873	0.01809	0.04409	0.42032	0.03066	0.03524	0.00937	0.00623	0.00166	0.00401	0.00795	0.00580	0.18726
1	0.01464	0.01177	0.01937	0.45497	0.03231	0.01310	0.11968	0.09105	0.01475	0.10917	0.05021	0.01782	0.01166	0.00649	0.00620	0.00196	0.00749	0.00593	0.00384	0.00760
2	0.01604	0.01254	0.01367	0.01180	0.01550	0.01369	0.00933	0.09880	0.51332	0.07874	0.02208	0.02219	0.01685	0.00796	0.00599	0.00191	0.00495	0.03550	0.00587	0.09328
3	0.01362	0.01108	0.01275	0.00931	0.01439	0.00897	0.00746	0.08891	0.01411	0.03816	0.01308	0.01444	0.03519	0.00521	0.00474	0.00106	0.00462	0.00412	0.00396	0.69480
4	0.02225	0.01618	0.01742	0.01350	0.01814	0.01783	0.01109	0.66282	0.07453	0.06178	0.01532	0.01515	0.01090	0.00728	0.00599	0.00182	0.00639	0.00549	0.00602	0.01009
5	0.00863	0.00623	0.00815	0.00781	0.00922	0.00577	0.00594	0.01136	0.01660	0.02341	0.69786	0.04596	0.05425	0.01249	0.00713	0.00195	0.00305	0.06204	0.00648	0.00566
6	0.02666	0.01018	0.01383	0.01063	0.01521	0.00879	0.00876	0.02890	0.01702	0.75753	0.02346	0.02034	0.01478	0.00743	0.00602	0.00186	0.00509	0.00600	0.00737	0.01014
7	0.01412	0.01605	0.03495	0.02500	0.03098	0.01503	0.73192	0.01905	0.01406	0.01909	0.01213	0.01617	0.00913	0.00510	0.00705	0.00202	0.01001	0.00703	0.00305	0.00806
8	0.00789	0.00664	0.00689	0.00672	0.00859	0.02262	0.00503	0.00970	0.01455	0.01822	0.24888	0.05248	0.54268	0.01407	0.00702	0.00198	0.00318	0.01183	0.00577	0.00529
9	0.83190	0.01155	0.00881	0.00789	0.01156	0.01335	0.00648	0.01749	0.01017	0.02666	0.00841	0.00985	0.00657	0.00560	0.00374	0.00186	0.00463	0.00326	0.00372	0.00649
10	0.00755	0.00613	0.00665	0.00651	0.00835	0.00526	0.00487	0.00935	0.01447	0.01826	0.25004	0.05353	0.55962	0.01427	0.00705	0.00199	0.00300	0.01202	0.00582	0.00524
11	0.02262	0.01666	0.01785	0.01371	0.01845	0.01841	0.01130	0.73374	0.02787	0.03737	0.01436	0.01443	0.01021	0.00721	0.00599	0.00181	0.00656	0.00538	0.00597	0.01013
12	0.00855	0.00617	0.00803	0.00756	0.00897	0.00568	0.00566	0.01128	0.01683	0.02385	0.75033	0.04432	0.05583	0.01218	0.00704	0.00189	0.00285	0.01073	0.00656	0.00567
13	0.01203	0.03065	0.75963	0.01695	0.02568	0.01382	0.02188	0.01883	0.01259	0.01888	0.01078	0.01272	0.00765	0.00573	0.00569	0.00190	0.00879	0.00443	0.00256	0.00882
14	0.07185	0.00701	0.00878	0.00891	0.01048	0.00665	0.00642	0.03140	0.01288	0.16684	0.02860	0.55536	0.03114	0.01511	0.00697	0.00226	0.00398	0.01336	0.00579	0.00620
15	0.00738	0.00528	0.00699	0.00835	0.00871	0.00491	0.00557	0.00837	0.01143	0.01526	0.03270	0.78646	0.03919	0.01860	0.00761	0.00243	0.00349	0.01683	0.00554	0.00489
16	0.09868	0.48749	0.18912	0.01187	0.01724	0.01990	0.01260	0.01775	0.01181	0.01645	0.00889	0.01065	0.00762	0.00573	0.00540	0.00159	0.06315	0.00364	0.00270	0.00772
17	0.01755	0.01466	0.01805	0.01444	0.01826	0.06246	0.12861	0.38310	0.05211	0.02757	0.01807	0.18244	0.01651	0.00931	0.00648	0.00197	0.00665	0.00810	0.00522	0.00842
18	0.00796	0.00568	0.00764	0.00900	0.00961	0.00540	0.00656	0.00935	0.01199	0.01589	0.03239	0.60916	0.03794	0.01807	0.00777	0.00251	0.00399	0.18849	0.00553	0.00505
19	0.02592	0.01002	0.01360	0.01051	0.01496	0.00866	0.00863	0.02818	0.01701	0.72767	0.05305	0.02132	0.01645	0.00762	0.00606	0.00186	0.00500	0.00619	0.00733	0.00996
20	0.01412	0.01605	0.03495	0.02500	0.03098	0.01503	0.73192	0.01905	0.01406	0.01909	0.01213	0.01617	0.00913	0.00510	0.00705	0.00202	0.01001	0.00703	0.00305	0.00806
21	0.01412	0.01605	0.03495	0.02500	0.03098	0.01503	0.73192	0.01905	0.01406	0.01909	0.01213	0.01617	0.00913	0.00510	0.00705	0.00202	0.01001	0.00703	0.00305	0.00806
22	0.01410	0.01215	0.01275	0.01154	0.01476	0.01382	0.00894	0.02921	0.67007	0.02400	0.02776	0.02573	0.09121	0.00882	0.00618	0.00204	0.00457	0.00731	0.00602	0.00901
23	0.01243	0.01063	0.01238	0.00887	0.01413	0.00798	0.00708	0.01500	0.01237	0.01942	0.01068	0.01250	0.00892	0.00449	0.00445	0.00091	0.00444	0.00356	0.00356	0.82620
24	0.00855	0.00617	0.00803	0.00756	0.00897	0.00568	0.00566	0.01128	0.01683	0.02385	0.75033	0.04432	0.05583	0.01218	0.00704	0.00189	0.00285	0.01073	0.00656	0.00567
25	0.49064	0.01276	0.01204	0.00990	0.01399	0.01407	0.00814	0.21638	0.01605	0.13710	0.01226	0.01265	0.00878	0.00631	0.00469	0.00185	0.00523	0.00425	0.00487	0.00803
26	0.10550	0.02308	0.01633	0.01408	0.01770	0.46566	0.01092	0.23518	0.01946	0.02266	0.01073	0.01185	0.00838	0.00644	0.00541	0.00166	0.00884	0.00425	0.00402	0.00785
27	0.02637	0.01065	0.01413	0.01086	0.01545	0.00949	0.00895	0.08034	0.01781	0.70497	0.02280	0.01991	0.01445	0.00741	0.00602	0.00186	0.00520	0.00595	0.00726	0.01014
28	0.02666	0.01018	0.01383	0.01063	0.01521	0.00879	0.00876	0.02890	0.01702	0.75753	0.02346	0.02034	0.01478	0.00743	0.00602	0.00186	0.00509	0.00600	0.00737	0.01014
29	0.01041	0.00658	0.00863	0.00787	0.00961	0.00600	0.00598	0.01309	0.01685	0.09920	0.67569	0.04186	0.05162	0.01170	0.00694	0.00189	0.00308	0.01025	0.00664	0.00613
30	0.02303	0.01600	0.01743	0.01339	0.01811	0.01742	0.01104	0.66135	0.02675	0.11133	0.01529	0.01503	0.01068	0.00723	0.00599	0.00181	0.00641	0.00544	0.00611	0.01013
31	0.01998	0.01535	0.01636	0.01318	0.01744	0.01718	0.01066	0.49477	0.27113	0.03312	0.01771	0.01710	0.01293	0.00752	0.00602	0.00188	0.00594	0.00584	0.00600	0.00990
32	0.00842	0.00611	0.00790	0.00757	0.00892	0.00561	0.00562	0.01099	0.01634	0.02299	0.67730	0.09887	0.07541	0.01274	0.00708	0.00193	0.00291	0.01123	0.00645	0.00559
33	0.01623	0.76203	0.03046	0.01044	0.01542	0.05423	0.01024	0.01806	0.01232	0.01410	0.00843	0.00978	0.00775	0.00522	0.00393	0.00131	0.00656	0.00325	0.00261	0.00764
34	0.02226	0.01561	0.01700	0.01324	0.01782	0.01706	0.01085	0.59137	0.09799	0.11008	0.01627	0.01581	0.01148	0.00732	0.00600	0.00183	0.00623	0.00558	0.00612	0.01007
35	0.00878	0.00586	0.00658	0.00657	0.00659	0.00584	0.00367	0.00873	0.00871	0.01164	0.01878	0.03886	0.02162	0.79017	0.03011	0.00575	0.00579	0.00864	0.00364	0.00368
36	0.01545	0.01188	0.01301	0.01174	0.01497	0.01329	0.00918	0.02913	0.59544	0.09929	0.02491	0.06185	0.01967	0.00899	0.00626	0.00207	0.00475	0.04288	0.00615	0.00909
37	0.01395	0.01725	0.09446	0.02434	0.03054	0.01493	0.67361	0.01903	0.01394	0.01907	0.01202	0.01589	0.00901	0.00515	0.00694	0.00201	0.00991	0.00681	0.00301	0.00812
38	0.00858	0.00576	0.00656	0.00652	0.00663	0.00572	0.00373	0.00879	0.00921	0.01239	0.07368	0.03911	0.02407	0.73363	0.02836	0.00544	0.00551	0.00876	0.00380	0.00373
39	0.01553	0.01199	0.01312	0.01179	0.01511	0.01350	0.00930	0.02972	0.61521	0.09945	0.02454	0.02522	0.01890	0.00858	0.00617	0.00204	0.00477	0.05980	0.00611	0.00914
40	0.01396	0.01595	0.03490	0.02493	0.03091	0.01496	0.73380	0.01894	0.01396	0.01894	0.01196	0.01595	0.00897	0.00499	0.00698	0.00199	0.00997	0.00698	0.00299	0.00798
41	0.01451	0.01397	0.02356	0.03474	0.69977	0.01436	0.01776	0.01786	0.01313	0.01894	0.01087	0.01451	0.00925	0.00565	0.00687	0.00182	0.06513	0.00526	0.00290	0.00915
42	0.01018	0.00769	0.01054	0.06857	0.01471	0.00809	0.01003	0.01443	0.08835	0.01822	0.02901	0.05831	0.03044	0.01470	0.00778	0.00259	0.00555	0.58958	0.00529	0.00593
43	0.00731	0.00519	0.00683	0.00810	0.00842	0.00487	0.00535	0.00826	0.01112	0.01482	0.03155	0.73206	0.03779	0.07658	0.00924	0.00265	0.00360	0.01620	0.00535	0.00471
44	0.01560	0.73698	0.03002	0.01052	0.01520	0.02300	0.01033	0.01745	0.01179	0.01394	0.00819	0.00975	0.00760	0.00546	0.00497	0.00136	0.06448	0.00331	0.00253	0.00751
45	0.02224	0.02383	0.01713	0.01462	0.01830	0.48732	0.01136	0.29042	0.02090	0.02302	0.01104	0.01199	0.00853	0.00647	0.00555	0.00162	0.00911	0.00438	0.00412	0.00806
46	0.00811	0.00553	0.00659	0.00707	0.00719	0.00541	0.00425	0.00847	0.00955	0.01274	0.02351	0.30079	0.02766	0.52167	0.02221	0.00457	0.00493	0.01147	0.00425	0.00401

[dist]
# distance from previous block
# <min> <max>
0	15

[block]
# block no. 2 follows, 39 sequences, length 7
# corresponding to MSA columns:
# 166-172
name=unknown_C
#
# <colnr> <probs for GDERKNQSTAVLIFYWHMCP>
#	G	D	E	R	K	N	Q	S	T	A	V	L	I	F	Y	W	H	M	C	P
0	0.01226	0.01051	0.01226	0.00876	0.01401	0.00788	0.00701	0.01489	0.01226	0.01927	0.01051	0.01226	0.00876	0.00438	0.00438	0.00088	0.00438	0.00350	0.00350	0.82832
1	0.01945	0.01874	0.01755	0.05206	0.01872	0.23531	0.01197	0.31522	0.01918	0.02387	0.01096	0.01294	0.00868	0.00756	0.00909	0.00191	0.19979	0.00485	0.00410	0.00807
2	0.01226	0.01051	0.01226	0.00876	0.01401	0.00788	0.00701	0.01489	0.01226	0.01927	0.01051	0.01226	0.00876	0.00438	0.00438	0.00088	0.00438	0.00350	0.00350	0.82832
3	0.01939	0.01479	0.01607	0.01229	0.01706	0.01549	0.01006	0.50642	0.07542	0.03191	0.01399	0.01428	0.01031	0.00649	0.00554	0.00157	0.00585	0.00497	0.00533	0.21277
4	0.01071	0.02428	0.57452	0.01472	0.02138	0.01152	0.01780	0.01613	0.01220	0.01783	0.01606	0.20474	0.01533	0.00882	0.00610	0.00200	0.00742	0.00745	0.00324	0.00776
5	0.01046	0.00721	0.00940	0.01002	0.01154	0.00725	0.00805	0.01441	0.10312	0.06311	0.08213	0.25742	0.03388	0.01507	0.00751	0.00243	0.00458	0.34065	0.00572	0.00604
6	0.00856	0.00588	0.00721	0.00721	0.00747	0.00614	0.00453	0.00909	0.00882	0.01203	0.01794	0.03487	0.01984	0.60686	0.21313	0.00667	0.00824	0.00804	0.00348	0.00400

[dist]
# distance from previous block
# <min> <max>
0	27

# created by:
# /software/SequenceAnalysis/GenePrediction/augustus/3.0.1/scripts/msa2prfl.pl ./fixed/BUSCOvEOG7SXPTF.fas
