[name]
unknown

[dist]
# distance from previous block
# <min> <max>
0	413

[block]
# block no. 0 follows, 40 sequences, length 6
# corresponding to MSA columns:
# 415-420
name=unknown_A
#
# <colnr> <probs for GDERKNQSTAVLIFYWHMCP>
#	G	D	E	R	K	N	Q	S	T	A	V	L	I	F	Y	W	H	M	C	P
0	0.08393	0.01030	0.01315	0.01023	0.01451	0.00947	0.00842	0.08372	0.01700	0.61205	0.06002	0.01982	0.01559	0.00730	0.00574	0.00180	0.00492	0.00585	0.00678	0.00940
1	0.00706	0.00516	0.00665	0.00784	0.00837	0.00475	0.00528	0.00813	0.01138	0.01495	0.03519	0.70581	0.12246	0.01781	0.00736	0.00232	0.00332	0.01603	0.00540	0.00475
2	0.01166	0.03008	0.76550	0.01657	0.02517	0.01351	0.02149	0.01842	0.01228	0.01842	0.01044	0.01228	0.00737	0.00552	0.00552	0.00184	0.00859	0.00430	0.00246	0.00859
3	0.00731	0.00524	0.00695	0.00794	0.00849	0.00488	0.00542	0.00867	0.01220	0.01654	0.17650	0.64257	0.04173	0.01696	0.00731	0.00226	0.00325	0.01533	0.00560	0.00488
4	0.00714	0.00536	0.00645	0.00727	0.00808	0.00486	0.00494	0.00820	0.01155	0.01480	0.03909	0.50167	0.25686	0.08416	0.00917	0.00252	0.00344	0.01453	0.00524	0.00468
5	0.06676	0.01435	0.01692	0.09562	0.01901	0.07124	0.04338	0.22084	0.07909	0.02257	0.01176	0.01420	0.00935	0.00768	0.00982	0.00202	0.25200	0.00514	0.03059	0.00767

[dist]
# distance from previous block
# <min> <max>
0	2

[block]
# block no. 1 follows, 40 sequences, length 38
# corresponding to MSA columns:
# 423-460
name=unknown_B
#
# <colnr> <probs for GDERKNQSTAVLIFYWHMCP>
#	G	D	E	R	K	N	Q	S	T	A	V	L	I	F	Y	W	H	M	C	P
0	0.01422	0.03622	0.02343	0.07968	0.69479	0.01403	0.01752	0.01766	0.01310	0.01860	0.01082	0.01431	0.00907	0.00521	0.00570	0.00173	0.00694	0.00512	0.00285	0.00900
1	0.04359	0.02236	0.01689	0.08554	0.09983	0.51107	0.01204	0.04768	0.02876	0.06396	0.01062	0.01225	0.00837	0.00602	0.00537	0.00161	0.00908	0.00425	0.00338	0.00733
2	0.01791	0.01226	0.01365	0.01164	0.01534	0.01343	0.00923	0.09896	0.50868	0.19742	0.02256	0.02050	0.01621	0.00764	0.00589	0.00191	0.00486	0.00628	0.00621	0.00943
3	0.01989	0.22685	0.03896	0.01365	0.01737	0.52487	0.01115	0.05437	0.01566	0.01522	0.00902	0.01039	0.00759	0.00576	0.00489	0.00145	0.00915	0.00366	0.00298	0.00712
4	0.00864	0.00606	0.00739	0.00718	0.00774	0.00615	0.00460	0.00928	0.00888	0.01226	0.01720	0.03293	0.01884	0.57194	0.20221	0.00622	0.00789	0.00763	0.00342	0.05354
5	0.02374	0.01260	0.01454	0.01145	0.01578	0.05214	0.00934	0.19319	0.09427	0.47916	0.02019	0.01814	0.01333	0.00715	0.00582	0.00179	0.00554	0.00567	0.00652	0.00966
6	0.01183	0.01135	0.01734	0.01755	0.14207	0.03278	0.07554	0.01407	0.01042	0.01509	0.01130	0.01665	0.01035	0.02012	0.27165	0.00464	0.30221	0.00561	0.00284	0.00659
7	0.01206	0.01034	0.01206	0.00861	0.01378	0.00775	0.00689	0.01464	0.01206	0.01895	0.01034	0.01206	0.00861	0.00431	0.00431	0.00086	0.00431	0.00345	0.00345	0.83118
8	0.02453	0.01002	0.01336	0.01026	0.01468	0.00876	0.00844	0.05453	0.01681	0.66820	0.04896	0.02003	0.01540	0.00721	0.00580	0.00175	0.00489	0.00587	0.00691	0.05359
9	0.00786	0.00576	0.00737	0.00732	0.00855	0.00527	0.00535	0.01012	0.01506	0.02082	0.53759	0.19355	0.12685	0.01345	0.00697	0.00195	0.00289	0.01190	0.00609	0.00527
10	0.01098	0.01034	0.01744	0.78165	0.04005	0.01292	0.01615	0.01486	0.01163	0.01486	0.01034	0.01550	0.00775	0.00581	0.00581	0.00194	0.00775	0.00517	0.00258	0.00646
11	0.00832	0.00620	0.00919	0.00919	0.01018	0.00718	0.00708	0.01028	0.00930	0.01338	0.01572	0.02363	0.01488	0.08251	0.73415	0.00915	0.01506	0.00635	0.00314	0.00511
12	0.00774	0.00568	0.00759	0.03722	0.00974	0.00538	0.00582	0.00964	0.01358	0.01863	0.35342	0.40855	0.06556	0.01483	0.00709	0.00210	0.00325	0.01330	0.00574	0.00513
13	0.00734	0.00520	0.00664	0.00769	0.00802	0.00490	0.00501	0.00817	0.01071	0.01420	0.03045	0.62267	0.06169	0.16457	0.01158	0.00296	0.00378	0.01485	0.00504	0.00450
14	0.00834	0.00611	0.00873	0.00873	0.00956	0.00694	0.00651	0.00999	0.00916	0.01305	0.01614	0.02595	0.01588	0.19688	0.62116	0.00859	0.01355	0.00668	0.00320	0.00485
15	0.68961	0.01014	0.00837	0.00763	0.01059	0.01162	0.00608	0.01540	0.00948	0.02325	0.00845	0.01091	0.00697	0.00803	0.00700	0.14932	0.00460	0.00349	0.00341	0.00563
16	0.01158	0.02452	0.54644	0.01760	0.06783	0.01266	0.10242	0.01733	0.01264	0.01849	0.05064	0.06645	0.01218	0.00661	0.00589	0.00188	0.00798	0.00579	0.00294	0.00813
17	0.01609	0.01264	0.02040	0.11379	0.49504	0.01282	0.01541	0.02026	0.06369	0.15135	0.01387	0.01598	0.01055	0.00580	0.00579	0.00178	0.00650	0.00539	0.00382	0.00902
18	0.65927	0.01190	0.01157	0.01286	0.14463	0.01337	0.00853	0.04483	0.01116	0.02523	0.00883	0.01050	0.00695	0.00542	0.00407	0.00178	0.00500	0.00359	0.00356	0.00695
19	0.01763	0.01258	0.01383	0.01179	0.01549	0.01392	0.00935	0.13245	0.51476	0.15761	0.02214	0.02024	0.01602	0.00764	0.00589	0.00191	0.00492	0.00625	0.00613	0.00943
20	0.83671	0.01125	0.00855	0.00765	0.01125	0.01305	0.00630	0.01709	0.00990	0.02609	0.00810	0.00945	0.00630	0.00540	0.00360	0.00180	0.00450	0.00315	0.00360	0.00630
21	0.01305	0.01241	0.02045	0.03039	0.62563	0.01223	0.01546	0.01616	0.01324	0.01841	0.01947	0.02179	0.14228	0.00688	0.00596	0.00177	0.00620	0.00644	0.00333	0.00845
22	0.01669	0.01360	0.01440	0.01228	0.01597	0.01550	0.00974	0.23746	0.53867	0.02792	0.02084	0.01944	0.01546	0.00762	0.00589	0.00191	0.00513	0.00618	0.00589	0.00940
23	0.00848	0.00644	0.00822	0.00861	0.01017	0.00573	0.00650	0.01019	0.01198	0.01623	0.03005	0.42759	0.08970	0.01497	0.00696	0.00214	0.00396	0.17509	0.00504	0.15195
24	0.16556	0.01465	0.01502	0.01206	0.01625	0.01644	0.00984	0.47203	0.16598	0.03235	0.01483	0.01468	0.01079	0.00688	0.00544	0.00180	0.00571	0.00513	0.00544	0.00912
25	0.00729	0.00522	0.00693	0.00796	0.00848	0.00486	0.00541	0.00861	0.01208	0.01635	0.16093	0.65866	0.04138	0.01709	0.00732	0.00227	0.00326	0.01546	0.00558	0.00486
26	0.01087	0.00629	0.00756	0.14355	0.01270	0.00675	0.00622	0.01378	0.01209	0.02047	0.01743	0.02058	0.01363	0.00660	0.00438	0.00146	0.00361	0.00538	0.68105	0.00561
27	0.01200	0.01204	0.01564	0.01359	0.01404	0.04236	0.01119	0.01332	0.00995	0.01431	0.01681	0.02034	0.14098	0.01084	0.01642	0.00240	0.61827	0.00632	0.00307	0.00612
28	0.01354	0.01254	0.14478	0.01043	0.01418	0.00955	0.00967	0.04016	0.16130	0.15510	0.24907	0.02983	0.10671	0.00929	0.00622	0.00187	0.00468	0.00783	0.00562	0.00764
29	0.00779	0.00601	0.00742	0.00735	0.00880	0.00569	0.00550	0.01007	0.02596	0.01828	0.31358	0.11252	0.27898	0.01899	0.14316	0.00326	0.00518	0.01083	0.00538	0.00523
30	0.01439	0.01336	0.01775	0.01493	0.01576	0.01785	0.01243	0.14318	0.01219	0.01803	0.00876	0.01294	0.00804	0.00961	0.01672	0.00240	0.64644	0.00512	0.00313	0.00699
31	0.00842	0.00578	0.00706	0.00706	0.00731	0.00603	0.00442	0.00892	0.00867	0.01181	0.01767	0.03442	0.01956	0.61600	0.20707	0.00652	0.00801	0.00792	0.00343	0.00392
32	0.01084	0.00542	0.00542	0.00542	0.00678	0.00542	0.00407	0.01355	0.01220	0.02168	0.01897	0.02168	0.01491	0.00678	0.00407	0.00136	0.00271	0.00542	0.82791	0.00542
33	0.01909	0.00900	0.01215	0.01025	0.01324	0.00872	0.00818	0.05805	0.01468	0.43738	0.02210	0.15690	0.01806	0.01468	0.11967	0.00305	0.05308	0.00773	0.00593	0.00807
34	0.01610	0.01238	0.01839	0.11096	0.35143	0.01294	0.01376	0.02275	0.20399	0.15236	0.01630	0.01737	0.01218	0.00631	0.00582	0.00183	0.00606	0.00566	0.00440	0.00901
35	0.01323	0.01358	0.02765	0.04230	0.02557	0.01320	0.54150	0.02976	0.01341	0.01916	0.01286	0.01658	0.00984	0.00554	0.00687	0.00188	0.04351	0.00645	0.14976	0.00734
36	0.32041	0.32360	0.01727	0.00872	0.01219	0.05596	0.00751	0.01601	0.01075	0.01790	0.00996	0.01455	0.00946	0.14588	0.00837	0.00225	0.00570	0.00411	0.00311	0.00629
37	0.00956	0.00505	0.00743	0.00767	0.00773	0.00499	0.00511	0.00767	0.00821	0.01095	0.01401	0.15544	0.01515	0.01985	0.02000	0.68339	0.00475	0.00709	0.00304	0.00292

[dist]
# distance from previous block
# <min> <max>
0	8

[block]
# block no. 2 follows, 40 sequences, length 71
# corresponding to MSA columns:
# 469-539
name=unknown_C
#
# <colnr> <probs for GDERKNQSTAVLIFYWHMCP>
#	G	D	E	R	K	N	Q	S	T	A	V	L	I	F	Y	W	H	M	C	P
0	0.02547	0.00992	0.01343	0.01027	0.01480	0.00851	0.00847	0.02773	0.01644	0.73036	0.02238	0.01945	0.01414	0.00707	0.00578	0.00176	0.00492	0.00574	0.00703	0.04633
1	0.01258	0.01253	0.01754	0.01509	0.01510	0.01749	0.01254	0.01385	0.00896	0.01402	0.00823	0.03181	0.00839	0.01038	0.01880	0.00254	0.76583	0.00537	0.00261	0.00632
2	0.00815	0.00656	0.00988	0.15877	0.01539	0.00674	0.03489	0.00997	0.01170	0.01549	0.06814	0.54292	0.05938	0.01483	0.00704	0.00222	0.00441	0.01347	0.00482	0.00523
3	0.00993	0.00505	0.00753	0.00760	0.00762	0.00503	0.00507	0.00760	0.00777	0.01036	0.01131	0.06049	0.01167	0.02009	0.02188	0.78500	0.00496	0.00569	0.00268	0.00265
4	0.00827	0.00597	0.00783	0.00744	0.00881	0.00553	0.00563	0.01101	0.01635	0.02311	0.73028	0.04423	0.05410	0.01204	0.00690	0.00186	0.00284	0.03596	0.00636	0.00548
5	0.01439	0.01382	0.02360	0.03569	0.75936	0.01382	0.01785	0.01785	0.01324	0.01900	0.01094	0.01439	0.00921	0.00518	0.00576	0.00173	0.00691	0.00518	0.00288	0.00921
6	0.02160	0.04536	0.01687	0.01477	0.01791	0.71154	0.01120	0.06392	0.01699	0.01550	0.00925	0.01066	0.00763	0.00602	0.00524	0.00151	0.01015	0.00382	0.00314	0.00694
7	0.01084	0.00542	0.00542	0.00542	0.00678	0.00542	0.00407	0.01355	0.01220	0.02168	0.01897	0.02168	0.01491	0.00678	0.00407	0.00136	0.00271	0.00542	0.82791	0.00542
8	0.02696	0.01189	0.02017	0.43642	0.31505	0.01322	0.04351	0.01618	0.01231	0.01688	0.01058	0.01490	0.00835	0.00550	0.00576	0.00183	0.00737	0.00516	0.00275	0.02521
9	0.07277	0.29809	0.38496	0.01374	0.02033	0.04362	0.03959	0.03493	0.01249	0.01759	0.00952	0.01113	0.00744	0.00535	0.00480	0.00162	0.00752	0.00389	0.00266	0.00797
10	0.00719	0.00514	0.00687	0.00822	0.00860	0.00482	0.00559	0.00828	0.01124	0.01497	0.03199	0.75761	0.03823	0.01812	0.00745	0.00238	0.00347	0.04970	0.00540	0.00475
11	0.00738	0.00527	0.00708	0.00843	0.00890	0.00497	0.00591	0.00860	0.01142	0.01517	0.03189	0.69909	0.03782	0.01794	0.00750	0.00240	0.00363	0.10639	0.00539	0.00480
12	0.01292	0.01322	0.02425	0.04326	0.02363	0.01168	0.40176	0.01680	0.01294	0.01864	0.01111	0.01413	0.00870	0.00468	0.00574	0.00149	0.00739	0.00535	0.00314	0.35919
13	0.02211	0.01629	0.01745	0.01338	0.01803	0.01803	0.01105	0.73997	0.02734	0.03665	0.01396	0.01396	0.00989	0.00698	0.00582	0.00175	0.00640	0.00524	0.00582	0.00989
14	0.01822	0.01417	0.01485	0.01233	0.01616	0.03966	0.00986	0.32117	0.36424	0.06771	0.04543	0.01884	0.01535	0.00756	0.00588	0.00185	0.00548	0.00604	0.00587	0.00931
15	0.00851	0.00642	0.00929	0.00919	0.01005	0.00748	0.00700	0.01028	0.00921	0.01323	0.01562	0.02444	0.01513	0.14118	0.64430	0.00858	0.04547	0.00648	0.00315	0.00502
16	0.02014	0.02506	0.01688	0.07420	0.04637	0.64519	0.01193	0.02188	0.01557	0.01444	0.00909	0.01113	0.00758	0.00618	0.00607	0.00160	0.05298	0.00398	0.00294	0.00679
17	0.05107	0.01291	0.01916	0.08506	0.43852	0.02821	0.01421	0.05776	0.04145	0.04778	0.01251	0.04251	0.01047	0.00590	0.00555	0.00167	0.00630	0.00534	0.00349	0.11012
18	0.01528	0.04311	0.09354	0.01914	0.02413	0.05718	0.37768	0.15823	0.01584	0.02117	0.01244	0.05090	0.01009	0.00646	0.00730	0.00192	0.06775	0.00634	0.00353	0.00798
19	0.01098	0.01034	0.01744	0.78165	0.04005	0.01292	0.01615	0.01486	0.01163	0.01486	0.01034	0.01550	0.00775	0.00581	0.00581	0.00194	0.00775	0.00517	0.00258	0.00646
20	0.00816	0.00554	0.00654	0.00682	0.00693	0.00550	0.00405	0.00845	0.00905	0.01211	0.02112	0.19635	0.02455	0.60485	0.05156	0.00508	0.00552	0.01008	0.00390	0.00384
21	0.01555	0.79913	0.03047	0.00995	0.01493	0.02301	0.00995	0.01741	0.01182	0.01368	0.00808	0.00933	0.00746	0.00498	0.00373	0.00124	0.00622	0.00311	0.00249	0.00746
22	0.01373	0.01569	0.03431	0.02451	0.03039	0.01471	0.73824	0.01863	0.01373	0.01863	0.01176	0.01569	0.00882	0.00490	0.00686	0.00196	0.00980	0.00686	0.00294	0.00784
23	0.01206	0.01034	0.01206	0.00861	0.01378	0.00775	0.00689	0.01464	0.01206	0.01895	0.01034	0.01206	0.00861	0.00431	0.00431	0.00086	0.00431	0.00345	0.00345	0.83118
24	0.00779	0.00537	0.00717	0.00820	0.00882	0.00501	0.00571	0.00913	0.01202	0.03341	0.11776	0.64395	0.03957	0.01709	0.00735	0.00230	0.00345	0.05537	0.00556	0.00497
25	0.01215	0.02668	0.59281	0.01845	0.02640	0.01379	0.19077	0.01847	0.01262	0.01847	0.01075	0.01308	0.00771	0.00538	0.00584	0.00187	0.00888	0.00490	0.00257	0.00842
26	0.02609	0.00990	0.01350	0.01035	0.01484	0.00855	0.00855	0.02834	0.01664	0.76338	0.02294	0.01979	0.01439	0.00720	0.00585	0.00180	0.00495	0.00585	0.00720	0.00990
27	0.02084	0.01566	0.01674	0.01312	0.01755	0.01744	0.01075	0.62285	0.14651	0.03461	0.01556	0.01524	0.01119	0.00713	0.00583	0.00178	0.00610	0.00546	0.00583	0.00978
28	0.01491	0.01379	0.04202	0.01200	0.01538	0.08829	0.04351	0.08576	0.38218	0.05332	0.08122	0.02408	0.07412	0.03474	0.00681	0.00200	0.00551	0.00688	0.00532	0.00815
29	0.01010	0.00505	0.00758	0.00758	0.00758	0.00505	0.00505	0.00758	0.00758	0.01010	0.01010	0.01768	0.01010	0.02020	0.02273	0.83081	0.00505	0.00505	0.00253	0.00253
30	0.00709	0.00506	0.00675	0.00810	0.00843	0.00472	0.00540	0.00810	0.01113	0.01484	0.03205	0.79184	0.03846	0.01822	0.00742	0.00236	0.00337	0.01653	0.00540	0.00472
31	0.01349	0.01289	0.02197	0.23388	0.56826	0.01358	0.01740	0.01705	0.01281	0.01790	0.01078	0.01469	0.00882	0.00535	0.00577	0.00178	0.00713	0.00518	0.00280	0.00848
32	0.02076	0.06254	0.01727	0.01471	0.01763	0.65402	0.01128	0.04641	0.01605	0.01494	0.00901	0.01072	0.00758	0.00630	0.00625	0.00157	0.06919	0.00387	0.00303	0.00685
33	0.00846	0.00564	0.00634	0.00634	0.00634	0.00564	0.00352	0.00846	0.00846	0.01128	0.01832	0.03805	0.02114	0.79563	0.02960	0.00564	0.00564	0.00846	0.00352	0.00352
34	0.01376	0.01336	0.02337	0.16247	0.58071	0.01373	0.07248	0.01739	0.01300	0.01826	0.01090	0.01468	0.00893	0.00527	0.00585	0.00178	0.00727	0.00531	0.00283	0.00864
35	0.01379	0.01145	0.01182	0.01072	0.01368	0.04063	0.00828	0.02564	0.51980	0.06323	0.06072	0.05567	0.12094	0.00928	0.00612	0.00195	0.00449	0.00776	0.00581	0.00823
36	0.01659	0.01181	0.01312	0.01131	0.01475	0.01296	0.00892	0.09769	0.48551	0.15071	0.09153	0.02267	0.01991	0.00806	0.00598	0.00191	0.00466	0.00669	0.00617	0.00904
37	0.02172	0.02772	0.01648	0.01498	0.01798	0.77228	0.01124	0.02322	0.01648	0.01423	0.00899	0.01049	0.00749	0.00599	0.00524	0.00150	0.01049	0.00375	0.00300	0.00674
38	0.01182	0.02898	0.70976	0.01718	0.02557	0.01360	0.07613	0.01843	0.01239	0.01843	0.01054	0.01254	0.00748	0.00548	0.00563	0.00185	0.00869	0.00449	0.00249	0.00854
39	0.01197	0.01157	0.01799	0.42286	0.02910	0.01482	0.04646	0.01595	0.06698	0.01545	0.01048	0.01502	0.00852	0.00745	0.01048	0.00215	0.27789	0.00532	0.00284	0.00670
40	0.00835	0.00559	0.00637	0.00648	0.00650	0.00557	0.00367	0.00843	0.00866	0.01155	0.01937	0.09552	0.02246	0.73636	0.02791	0.00539	0.00547	0.00907	0.00367	0.00362
41	0.00709	0.00506	0.00675	0.00810	0.00843	0.00472	0.00540	0.00810	0.01113	0.01484	0.03205	0.79184	0.03846	0.01822	0.00742	0.00236	0.00337	0.01653	0.00540	0.00472
42	0.05091	0.01657	0.01786	0.07569	0.14918	0.12063	0.01232	0.40489	0.02094	0.02775	0.01211	0.01343	0.00909	0.00628	0.00559	0.00169	0.00701	0.00487	0.00449	0.03869
43	0.01372	0.01627	0.08111	0.02625	0.17792	0.01445	0.54409	0.01845	0.01353	0.01869	0.01151	0.01520	0.00880	0.00500	0.00655	0.00191	0.00914	0.00635	0.00290	0.00817
44	0.00693	0.00589	0.00596	0.00595	0.00789	0.00493	0.00446	0.00845	0.01338	0.01600	0.08590	0.05548	0.72982	0.01462	0.00687	0.00196	0.00294	0.01220	0.00544	0.00493
45	0.01405	0.01357	0.02289	0.07397	0.60170	0.01414	0.04899	0.01793	0.04132	0.01858	0.01118	0.01467	0.00932	0.00569	0.00683	0.00182	0.06631	0.00530	0.00296	0.00878
46	0.01058	0.00855	0.00973	0.00904	0.01120	0.00903	0.00689	0.01867	0.31175	0.02271	0.36913	0.06294	0.10478	0.01077	0.00650	0.00192	0.00354	0.00931	0.00608	0.00691
47	0.01395	0.01617	0.05782	0.08604	0.08329	0.05633	0.52423	0.01909	0.04826	0.01836	0.01194	0.01544	0.00906	0.00522	0.00651	0.00191	0.00917	0.00632	0.00303	0.00786
48	0.01249	0.04985	0.41643	0.05476	0.02633	0.01453	0.24286	0.01792	0.01241	0.01779	0.01053	0.01342	0.00786	0.00571	0.00700	0.00192	0.07236	0.00516	0.00262	0.00804
49	0.01364	0.01282	0.02122	0.25560	0.49605	0.01371	0.01683	0.04143	0.03804	0.01854	0.01129	0.01495	0.00909	0.00552	0.00578	0.00180	0.00706	0.00523	0.00299	0.00842
50	0.00831	0.00623	0.00935	0.00935	0.01038	0.00727	0.00727	0.01038	0.00935	0.01350	0.01558	0.02285	0.01454	0.04361	0.77259	0.00935	0.01558	0.00623	0.00312	0.00519
51	0.00914	0.00686	0.00843	0.00799	0.00967	0.00665	0.00614	0.03970	0.07202	0.02246	0.52860	0.05963	0.12572	0.01214	0.00684	0.00192	0.00324	0.06084	0.00614	0.00585
52	0.01010	0.00505	0.00758	0.00758	0.00758	0.00505	0.00505	0.00758	0.00758	0.01010	0.01010	0.01768	0.01010	0.02020	0.02273	0.83081	0.00505	0.00505	0.00253	0.00253
53	0.04776	0.02262	0.01566	0.01389	0.01718	0.49696	0.01063	0.11580	0.16621	0.01953	0.01257	0.01317	0.00984	0.00648	0.00540	0.00164	0.00857	0.00449	0.00397	0.00763
54	0.01413	0.01355	0.02313	0.09256	0.70452	0.01375	0.01772	0.01762	0.01312	0.01868	0.01089	0.01448	0.00910	0.00523	0.00576	0.00174	0.00697	0.00518	0.00286	0.00900
55	0.01091	0.00993	0.01669	0.72264	0.03758	0.01232	0.01530	0.01430	0.01132	0.01450	0.01032	0.01567	0.00793	0.00691	0.00710	0.06513	0.00755	0.00516	0.00258	0.00616
56	0.01188	0.07211	0.72533	0.01621	0.02461	0.01402	0.02086	0.01836	0.01225	0.01816	0.01031	0.01212	0.00737	0.00549	0.00543	0.00181	0.00846	0.00423	0.00246	0.00853
57	0.02041	0.01446	0.01569	0.01223	0.01627	0.01578	0.00989	0.59928	0.02423	0.07341	0.01583	0.01796	0.02569	0.10139	0.00868	0.00222	0.00616	0.00579	0.00561	0.00903
58	0.01385	0.01196	0.01256	0.01135	0.01453	0.01369	0.00882	0.02907	0.68930	0.02363	0.02652	0.02447	0.07759	0.00844	0.00599	0.00197	0.00447	0.00704	0.00588	0.00886
59	0.01236	0.07194	0.69983	0.01600	0.02426	0.01387	0.02042	0.01869	0.01240	0.04294	0.01072	0.01236	0.00761	0.00555	0.00544	0.00181	0.00834	0.00428	0.00262	0.00857
60	0.01477	0.01884	0.26769	0.02595	0.39494	0.01317	0.05611	0.01926	0.01333	0.10251	0.01217	0.01437	0.00917	0.00551	0.00575	0.00179	0.00740	0.00505	0.00323	0.00901
61	0.83671	0.01125	0.00855	0.00765	0.01125	0.01305	0.00630	0.01709	0.00990	0.02609	0.00810	0.00945	0.00630	0.00540	0.00360	0.00180	0.00450	0.00315	0.00360	0.00630
62	0.01764	0.01390	0.01745	0.32182	0.02687	0.01598	0.01310	0.44885	0.02103	0.02790	0.01251	0.01458	0.00903	0.00651	0.00582	0.00182	0.00694	0.00521	0.00452	0.00851
63	0.01259	0.01060	0.01223	0.00903	0.01390	0.00857	0.00719	0.05864	0.04766	0.02011	0.01199	0.04183	0.01024	0.00516	0.00459	0.00102	0.00441	0.00419	0.00378	0.71226
64	0.00709	0.00506	0.00675	0.00810	0.00843	0.00472	0.00540	0.00810	0.01113	0.01484	0.03205	0.79184	0.03846	0.01822	0.00742	0.00236	0.00337	0.01653	0.00540	0.00472
65	0.71549	0.01104	0.00929	0.00805	0.01178	0.01237	0.00663	0.01878	0.01091	0.13634	0.01032	0.01099	0.00751	0.00567	0.00394	0.00180	0.00457	0.00355	0.00414	0.00684
66	0.01217	0.05864	0.69527	0.01650	0.02477	0.01382	0.04781	0.01858	0.01240	0.03259	0.01064	0.01244	0.00756	0.00551	0.00551	0.00182	0.00848	0.00438	0.00257	0.00855
67	0.00795	0.00576	0.00749	0.00742	0.00860	0.00531	0.00543	0.01029	0.01526	0.02131	0.58237	0.19575	0.07872	0.01328	0.00697	0.00194	0.00288	0.01180	0.00616	0.00531
68	0.00807	0.00594	0.00755	0.00715	0.00859	0.00542	0.00536	0.01066	0.01608	0.02241	0.67269	0.04494	0.13904	0.01223	0.00686	0.00185	0.00277	0.01073	0.00628	0.00542
69	0.01280	0.25421	0.55128	0.01464	0.02218	0.01628	0.01812	0.01812	0.01214	0.01704	0.00975	0.01142	0.00739	0.00536	0.00500	0.00167	0.00790	0.00395	0.00246	0.00826
70	0.01373	0.01569	0.03431	0.02451	0.03039	0.01471	0.73824	0.01863	0.01373	0.01863	0.01176	0.01569	0.00882	0.00490	0.00686	0.00196	0.00980	0.00686	0.00294	0.00784

[dist]
# distance from previous block
# <min> <max>
0	1

[block]
# block no. 3 follows, 40 sequences, length 13
# corresponding to MSA columns:
# 541-553
name=unknown_D
#
# <colnr> <probs for GDERKNQSTAVLIFYWHMCP>
#	G	D	E	R	K	N	Q	S	T	A	V	L	I	F	Y	W	H	M	C	P
0	0.00751	0.00579	0.00686	0.00685	0.00831	0.00514	0.00504	0.00948	0.01437	0.01898	0.36604	0.15927	0.33744	0.01398	0.00695	0.00196	0.00292	0.01212	0.00585	0.00514
1	0.18157	0.01298	0.01138	0.01023	0.01323	0.11749	0.00804	0.07594	0.25236	0.04464	0.01713	0.01881	0.01342	0.00715	0.00508	0.00176	0.00521	0.03404	0.16208	0.00747
2	0.01119	0.01034	0.01641	0.63398	0.03503	0.01193	0.01438	0.01482	0.01171	0.01564	0.01034	0.01485	0.00792	0.00553	0.00553	0.00173	0.00709	0.00484	0.00275	0.16401
3	0.03639	0.00690	0.00897	0.00808	0.01012	0.00636	0.00630	0.01453	0.01614	0.16447	0.55539	0.03908	0.04455	0.01102	0.00663	0.00187	0.00336	0.04707	0.00641	0.00635
4	0.01495	0.01617	0.02277	0.20370	0.30225	0.16698	0.15373	0.01838	0.01361	0.01700	0.01056	0.01411	0.00845	0.00544	0.00588	0.00177	0.00838	0.00521	0.00285	0.00781
5	0.01567	0.01630	0.01407	0.15898	0.01965	0.28228	0.01061	0.13571	0.01642	0.01861	0.02202	0.02593	0.16156	0.00875	0.00602	0.00182	0.00733	0.06747	0.00407	0.00672
6	0.02085	0.01126	0.01331	0.01048	0.01452	0.01104	0.00857	0.26667	0.01960	0.36484	0.02715	0.02511	0.16286	0.00864	0.00604	0.00181	0.00504	0.00694	0.00636	0.00889
7	0.01537	0.01224	0.01328	0.01136	0.01465	0.01366	0.00898	0.22752	0.39675	0.02761	0.16891	0.02390	0.02302	0.00844	0.00608	0.00188	0.00474	0.00699	0.00599	0.00865
8	0.17350	0.42300	0.02257	0.01066	0.01488	0.01966	0.00971	0.16301	0.01434	0.02072	0.00924	0.01058	0.00775	0.00591	0.00544	0.00156	0.07276	0.00372	0.00338	0.00764
9	0.08739	0.01358	0.16384	0.01059	0.01550	0.00933	0.01019	0.02016	0.01428	0.29673	0.12641	0.01945	0.01723	0.00685	0.00545	0.00163	0.00519	0.00554	0.00509	0.16556
10	0.17621	0.00778	0.00866	0.00770	0.01016	0.00738	0.00591	0.01266	0.01384	0.02232	0.40050	0.09481	0.03481	0.00967	0.00576	0.00168	0.00345	0.00819	0.00518	0.16332
11	0.66974	0.00999	0.00835	0.00763	0.01050	0.01143	0.00605	0.01517	0.00943	0.02286	0.00850	0.01111	0.00707	0.00839	0.00746	0.16925	0.00461	0.00353	0.00338	0.00554
12	0.01829	0.00963	0.01157	0.00938	0.01292	0.00905	0.00757	0.15706	0.01767	0.34730	0.08751	0.03117	0.23620	0.00974	0.00622	0.00184	0.00447	0.00799	0.00634	0.00809

[dist]
# distance from previous block
# <min> <max>
0	1

[block]
# block no. 4 follows, 40 sequences, length 9
# corresponding to MSA columns:
# 555-563
name=unknown_E
#
# <colnr> <probs for GDERKNQSTAVLIFYWHMCP>
#	G	D	E	R	K	N	Q	S	T	A	V	L	I	F	Y	W	H	M	C	P
0	0.00844	0.00648	0.00794	0.00720	0.00916	0.00566	0.00546	0.01092	0.01530	0.02131	0.52950	0.04196	0.18430	0.01149	0.00654	0.00173	0.00298	0.00998	0.00584	0.10780
1	0.00802	0.00529	0.00705	0.00792	0.00829	0.00507	0.00540	0.00838	0.01038	0.01373	0.02692	0.46391	0.05466	0.11474	0.01315	0.16227	0.00413	0.07188	0.00461	0.00421
2	0.01396	0.01382	0.02489	0.10254	0.56659	0.01389	0.14264	0.01771	0.01318	0.01855	0.01103	0.01472	0.00901	0.00519	0.00595	0.00179	0.00749	0.00547	0.00286	0.00872
3	0.17117	0.15984	0.49229	0.01371	0.02071	0.01507	0.01656	0.01799	0.01174	0.01907	0.00958	0.01122	0.00718	0.00541	0.00484	0.00173	0.00739	0.00387	0.00268	0.00796
4	0.16690	0.00654	0.00704	0.00745	0.00888	0.00646	0.00537	0.01024	0.01201	0.01824	0.12297	0.39230	0.18671	0.01422	0.00650	0.00210	0.00342	0.01231	0.00518	0.00516
5	0.01202	0.01483	0.16245	0.15457	0.36498	0.01203	0.01610	0.01576	0.01241	0.01746	0.01440	0.14902	0.01368	0.00762	0.00601	0.00190	0.00676	0.00698	0.00318	0.00784
6	0.04244	0.01637	0.16041	0.28010	0.02613	0.11569	0.06052	0.03982	0.02637	0.04032	0.01403	0.11023	0.01243	0.00757	0.00592	0.00191	0.00753	0.02182	0.00338	0.00702
7	0.01351	0.16834	0.15764	0.01836	0.02445	0.01523	0.38299	0.01786	0.01290	0.01768	0.01065	0.01342	0.00828	0.00495	0.00571	0.00167	0.00822	0.00527	0.00283	0.11003
8	0.01897	0.01342	0.01445	0.01140	0.01536	0.01441	0.00931	0.52608	0.02332	0.07327	0.02259	0.02207	0.14005	0.00832	0.00589	0.00176	0.00548	0.00650	0.05860	0.00874

[dist]
# distance from previous block
# <min> <max>
1	185

# created by:
# /software/SequenceAnalysis/GenePrediction/augustus/3.0.1/scripts/msa2prfl.pl ./fixed/BUSCOvEOG72FTXQ.fas
