[name]
unknown

[dist]
# distance from previous block
# <min> <max>
53	271

[block]
# block no. 0 follows, 41 sequences, length 47
# corresponding to MSA columns:
# 349-395
name=unknown_A
#
# <colnr> <probs for GDERKNQSTAVLIFYWHMCP>
#	G	D	E	R	K	N	Q	S	T	A	V	L	I	F	Y	W	H	M	C	P
0	0.01899	0.14358	0.02118	0.01617	0.05047	0.50442	0.11744	0.03371	0.01517	0.01513	0.00927	0.01111	0.00767	0.00557	0.00519	0.00152	0.00935	0.00412	0.00291	0.00705
1	0.02009	0.01531	0.01593	0.01265	0.01682	0.04379	0.01030	0.55375	0.15792	0.04538	0.01560	0.01532	0.01128	0.00699	0.00567	0.00174	0.00598	0.00535	0.03076	0.00936
2	0.02230	0.01017	0.02897	0.01026	0.01425	0.00898	0.00849	0.09985	0.01685	0.56639	0.05831	0.09400	0.01776	0.00828	0.00594	0.00182	0.00484	0.00689	0.00663	0.00901
3	0.05735	0.20167	0.56237	0.01437	0.02175	0.01535	0.01778	0.01782	0.01185	0.01748	0.00962	0.01128	0.00721	0.00531	0.00494	0.00168	0.00771	0.00390	0.00248	0.00808
4	0.10490	0.02377	0.01577	0.07060	0.04987	0.60984	0.01117	0.02140	0.01506	0.01545	0.00893	0.01073	0.00734	0.00579	0.00505	0.00154	0.00936	0.00378	0.00297	0.00667
5	0.01000	0.01065	0.10004	0.01308	0.01602	0.00854	0.13555	0.01338	0.01318	0.01750	0.04897	0.04879	0.07827	0.01252	0.00731	0.00234	0.00613	0.44715	0.00457	0.00602
6	0.01348	0.01520	0.03246	0.02416	0.06279	0.01458	0.67299	0.01806	0.01324	0.01811	0.01133	0.01523	0.00864	0.00509	0.00730	0.00195	0.04823	0.00659	0.00287	0.00770
7	0.00699	0.00558	0.00615	0.00645	0.00784	0.00486	0.00461	0.00833	0.01247	0.01551	0.09657	0.23752	0.49303	0.05781	0.00811	0.00222	0.00313	0.01279	0.00528	0.00475
8	0.01284	0.00692	0.00844	0.00760	0.01004	0.00598	0.00585	0.01460	0.01411	0.25166	0.11321	0.14303	0.35851	0.01235	0.00652	0.00192	0.00355	0.01049	0.00596	0.00640
9	0.01350	0.01543	0.03375	0.02411	0.02989	0.01446	0.74253	0.01832	0.01350	0.01832	0.01157	0.01543	0.00868	0.00482	0.00675	0.00193	0.00964	0.00675	0.00289	0.00771
10	0.00697	0.00498	0.00664	0.00796	0.00830	0.00465	0.00531	0.00796	0.01095	0.01460	0.03153	0.79525	0.03783	0.01792	0.00730	0.00232	0.00332	0.01626	0.00531	0.00465
11	0.01347	0.01514	0.03248	0.04806	0.08344	0.01435	0.66777	0.01815	0.01340	0.01824	0.01147	0.01533	0.00867	0.00487	0.00664	0.00191	0.00937	0.00658	0.00288	0.00777
12	0.00882	0.00606	0.00758	0.00707	0.00872	0.00545	0.00535	0.01123	0.01554	0.06392	0.57033	0.04399	0.20044	0.01202	0.00669	0.00183	0.00286	0.01045	0.00613	0.00553
13	0.00697	0.00498	0.00664	0.00796	0.00830	0.00465	0.00531	0.00796	0.01095	0.01460	0.03153	0.79525	0.03783	0.01792	0.00730	0.00232	0.00332	0.01626	0.00531	0.00465
14	0.01895	0.02323	0.01586	0.01540	0.06548	0.60351	0.01106	0.02061	0.01486	0.01421	0.00971	0.01213	0.00833	0.01051	0.09979	0.00247	0.04024	0.00412	0.00294	0.00659
15	0.01411	0.01371	0.02391	0.03439	0.71529	0.01365	0.06501	0.01760	0.01306	0.01866	0.01081	0.01424	0.00904	0.00508	0.00573	0.00171	0.00698	0.00520	0.00284	0.00897
16	0.02566	0.00973	0.01327	0.01018	0.01460	0.00841	0.00841	0.02788	0.01637	0.76726	0.02257	0.01947	0.01416	0.00708	0.00575	0.00177	0.00487	0.00575	0.00708	0.00973
17	0.01341	0.01338	0.02442	0.16712	0.47388	0.01362	0.17513	0.01719	0.01284	0.01788	0.01083	0.01463	0.00872	0.00515	0.00591	0.00179	0.00756	0.00545	0.00279	0.00828
18	0.13912	0.02371	0.49165	0.01594	0.02298	0.01369	0.12805	0.06548	0.01290	0.02047	0.01034	0.01227	0.00747	0.00542	0.00536	0.00182	0.00788	0.00450	0.00288	0.00808
19	0.01080	0.01017	0.01716	0.78523	0.03940	0.01271	0.01589	0.01461	0.01144	0.01461	0.01017	0.01525	0.00762	0.00572	0.00572	0.00191	0.00762	0.00508	0.00254	0.00635
20	0.01338	0.01504	0.03230	0.06815	0.06521	0.01432	0.66660	0.01807	0.01336	0.01813	0.01145	0.01536	0.00864	0.00489	0.00664	0.00192	0.00939	0.00658	0.00287	0.00770
21	0.00704	0.00521	0.00658	0.00750	0.00822	0.00475	0.00514	0.00828	0.01182	0.01555	0.10561	0.59056	0.16939	0.01671	0.00715	0.00220	0.00318	0.01494	0.00540	0.00475
22	0.01307	0.33588	0.45470	0.01359	0.02048	0.01702	0.01629	0.01807	0.03261	0.01643	0.00971	0.01118	0.00757	0.00528	0.00474	0.00158	0.00742	0.00383	0.00252	0.00803
23	0.01690	0.16626	0.26228	0.01479	0.04111	0.29790	0.01425	0.09029	0.01499	0.01751	0.00967	0.01112	0.00760	0.00564	0.00505	0.00157	0.00846	0.00393	0.00295	0.00772
24	0.00736	0.00556	0.00810	0.00879	0.00941	0.00521	0.04534	0.00854	0.01101	0.01470	0.03005	0.73081	0.03575	0.03992	0.00791	0.00240	0.00373	0.01551	0.00512	0.00478
25	0.03792	0.01523	0.17578	0.06315	0.01604	0.13072	0.01059	0.01603	0.03671	0.05570	0.26439	0.03641	0.06444	0.02185	0.00627	0.00182	0.00578	0.00703	0.02754	0.00660
26	0.01240	0.02405	0.48116	0.10752	0.06196	0.05491	0.14211	0.01797	0.01251	0.01755	0.01042	0.01302	0.00763	0.00537	0.00569	0.00182	0.00858	0.00477	0.00256	0.00801
27	0.01452	0.01442	0.02334	0.03348	0.68798	0.05509	0.05157	0.01788	0.01322	0.01841	0.01069	0.01401	0.00895	0.00513	0.00569	0.00170	0.00712	0.00510	0.00284	0.00886
28	0.00697	0.00498	0.00664	0.00796	0.00830	0.00465	0.00531	0.00796	0.01095	0.01460	0.03153	0.79525	0.03783	0.01792	0.00730	0.00232	0.00332	0.01626	0.00531	0.00465
29	0.01579	0.08141	0.39644	0.01567	0.04076	0.29570	0.01620	0.04281	0.01407	0.01686	0.00970	0.01133	0.00742	0.00560	0.00523	0.00164	0.00887	0.00400	0.00273	0.00776
30	0.01310	0.23475	0.50463	0.01544	0.06397	0.01565	0.01749	0.01813	0.01215	0.04096	0.01007	0.01166	0.00760	0.00532	0.00499	0.00165	0.00762	0.00401	0.00260	0.00823
31	0.01964	0.01433	0.01575	0.06678	0.01794	0.01590	0.01040	0.60508	0.02402	0.03277	0.01407	0.01475	0.01017	0.00676	0.00552	0.00168	0.00595	0.00517	0.10436	0.00896
32	0.03815	0.02110	0.45124	0.18213	0.02531	0.01206	0.01706	0.01766	0.01238	0.09576	0.01468	0.01636	0.05899	0.00628	0.00556	0.00183	0.00740	0.00507	0.00316	0.00782
33	0.01120	0.01080	0.01872	0.63990	0.03619	0.01310	0.09146	0.01492	0.01148	0.01506	0.01028	0.01518	0.00785	0.00593	0.00669	0.00194	0.06101	0.00526	0.01658	0.00647
34	0.01438	0.01784	0.07974	0.07198	0.02831	0.13026	0.53477	0.01875	0.01368	0.01741	0.01098	0.01441	0.00831	0.00509	0.00635	0.00185	0.00953	0.00600	0.00285	0.00751
35	0.00849	0.00744	0.00753	0.00768	0.00947	0.05746	0.00607	0.01037	0.01367	0.01667	0.13500	0.05272	0.45172	0.01387	0.00692	0.00205	0.00393	0.17854	0.00526	0.00512
36	0.01080	0.01017	0.01716	0.78523	0.03940	0.01271	0.01589	0.01461	0.01144	0.01461	0.01017	0.01525	0.00762	0.00572	0.00572	0.00191	0.00762	0.00508	0.00254	0.00635
37	0.00834	0.00606	0.00887	0.00887	0.00989	0.00699	0.00686	0.01038	0.00936	0.01377	0.01561	0.02272	0.01446	0.05685	0.70787	0.00858	0.01425	0.00612	0.05904	0.00509
38	0.00703	0.00510	0.00664	0.00774	0.00827	0.00471	0.00524	0.00817	0.01146	0.01521	0.08130	0.68793	0.09561	0.01724	0.00722	0.00226	0.00324	0.01554	0.00537	0.00471
39	0.01866	0.02530	0.18043	0.01489	0.01905	0.45925	0.01332	0.11574	0.01621	0.01777	0.00970	0.01130	0.00766	0.00620	0.00621	0.00165	0.06201	0.00408	0.00316	0.00741
40	0.01251	0.01251	0.01752	0.01502	0.01502	0.01752	0.01251	0.01377	0.00876	0.01377	0.00751	0.01251	0.00751	0.01001	0.01877	0.00250	0.78851	0.00501	0.00250	0.00626
41	0.01350	0.01543	0.03375	0.02411	0.02989	0.01446	0.74253	0.01832	0.01350	0.01832	0.01157	0.01543	0.00868	0.00482	0.00675	0.00193	0.00964	0.00675	0.00289	0.00771
42	0.00752	0.00545	0.00726	0.06015	0.00995	0.00539	0.00562	0.00849	0.01041	0.01384	0.02714	0.57747	0.03208	0.18718	0.01194	0.00300	0.00409	0.01378	0.00472	0.00450
43	0.01517	0.00759	0.00998	0.00905	0.01136	0.00698	0.00691	0.05818	0.01476	0.30483	0.13459	0.32731	0.02945	0.01218	0.00655	0.00201	0.00403	0.02592	0.00615	0.00701
44	0.00724	0.00587	0.00651	0.00686	0.00855	0.00514	0.00534	0.00887	0.01289	0.01569	0.05054	0.11919	0.56383	0.01502	0.00702	0.00210	0.00338	0.14576	0.00530	0.00490
45	0.00857	0.00624	0.00741	0.00713	0.00887	0.00567	0.00543	0.01122	0.04207	0.05083	0.37652	0.06777	0.32171	0.01280	0.00675	0.00191	0.00307	0.04471	0.00586	0.00547
46	0.01384	0.01456	0.07324	0.05478	0.59857	0.01363	0.05315	0.01850	0.06820	0.01890	0.01168	0.01465	0.00950	0.00532	0.00571	0.00174	0.00691	0.00522	0.00302	0.00887

[dist]
# distance from previous block
# <min> <max>
0	4

[block]
# block no. 1 follows, 41 sequences, length 8
# corresponding to MSA columns:
# 400-407
name=unknown_B
#
# <colnr> <probs for GDERKNQSTAVLIFYWHMCP>
#	G	D	E	R	K	N	Q	S	T	A	V	L	I	F	Y	W	H	M	C	P
0	0.22347	0.60252	0.02453	0.00921	0.01377	0.02016	0.00888	0.01705	0.01115	0.01654	0.00796	0.00920	0.00705	0.00500	0.00364	0.00136	0.00569	0.00307	0.00272	0.00705
1	0.01232	0.02438	0.52054	0.02169	0.21174	0.01346	0.07939	0.01799	0.01243	0.01828	0.01050	0.01288	0.00782	0.00530	0.00560	0.00179	0.00813	0.00465	0.00256	0.00855
2	0.01331	0.01273	0.02169	0.22460	0.58043	0.01337	0.01713	0.01681	0.01262	0.01766	0.01061	0.01443	0.00870	0.00525	0.00568	0.00175	0.00700	0.00509	0.00276	0.00838
3	0.01349	0.49916	0.04964	0.01105	0.05839	0.04410	0.00959	0.01579	0.01304	0.01635	0.19828	0.01809	0.01922	0.00668	0.00468	0.00143	0.00553	0.00508	0.00346	0.00697
4	0.83938	0.01106	0.00841	0.00752	0.01106	0.01283	0.00619	0.01681	0.00973	0.02566	0.00796	0.00929	0.00619	0.00531	0.00354	0.00177	0.00442	0.00310	0.00354	0.00619
5	0.01196	0.00635	0.00849	0.00856	0.01001	0.00580	0.00624	0.01337	0.01249	0.20498	0.05419	0.47969	0.03108	0.06156	0.00823	0.00238	0.00395	0.05906	0.00568	0.00593
6	0.02018	0.01069	0.01304	0.01077	0.01454	0.01084	0.00866	0.05687	0.28588	0.41633	0.02200	0.02012	0.01520	0.00965	0.05595	0.00231	0.00548	0.00601	0.00630	0.00918
7	0.00829	0.00644	0.00798	0.00784	0.00960	0.00548	0.00561	0.00987	0.01184	0.01646	0.09584	0.46691	0.09121	0.01360	0.00643	0.00187	0.00346	0.01212	0.00492	0.21422

[dist]
# distance from previous block
# <min> <max>
5	8

[block]
# block no. 2 follows, 41 sequences, length 12
# corresponding to MSA columns:
# 416-427
name=unknown_C
#
# <colnr> <probs for GDERKNQSTAVLIFYWHMCP>
#	G	D	E	R	K	N	Q	S	T	A	V	L	I	F	Y	W	H	M	C	P
0	0.01309	0.01247	0.02019	0.11383	0.36093	0.01245	0.08563	0.01692	0.04475	0.01812	0.01100	0.01411	0.00900	0.00533	0.00618	0.00161	0.04955	0.00492	0.00304	0.19688
1	0.00784	0.00616	0.00904	0.18551	0.01540	0.00649	0.00773	0.00948	0.01106	0.01460	0.02665	0.61708	0.03093	0.01513	0.00694	0.00223	0.00430	0.01371	0.00468	0.00504
2	0.00827	0.00545	0.00693	0.00705	0.00760	0.00527	0.00472	0.00858	0.01040	0.01393	0.14519	0.14281	0.11268	0.24205	0.06328	0.19341	0.00491	0.00933	0.00416	0.00399
3	0.20158	0.01843	0.23575	0.01811	0.02414	0.01376	0.37055	0.01792	0.01224	0.01994	0.01038	0.01308	0.00771	0.00511	0.00565	0.00186	0.00812	0.00520	0.00291	0.00758
4	0.01490	0.04450	0.17763	0.01412	0.04539	0.30654	0.01222	0.04201	0.01372	0.01592	0.01446	0.19037	0.01445	0.00879	0.00660	0.00182	0.05952	0.00685	0.00342	0.00677
5	0.58768	0.01105	0.01016	0.00853	0.01236	0.01206	0.00704	0.06585	0.01246	0.20827	0.01191	0.01207	0.00837	0.00584	0.00422	0.00177	0.00465	0.00388	0.00455	0.00729
6	0.01647	0.01252	0.02102	0.09188	0.49101	0.01238	0.05526	0.01971	0.01368	0.18932	0.01345	0.01553	0.01008	0.00559	0.00575	0.00175	0.00658	0.00534	0.00378	0.00891
7	0.01257	0.20480	0.53898	0.01636	0.08331	0.01544	0.01825	0.01784	0.01205	0.01710	0.00978	0.01159	0.00742	0.00528	0.00505	0.00167	0.00778	0.00403	0.00246	0.00825
8	0.07920	0.01021	0.01604	0.62004	0.06234	0.01241	0.01452	0.01520	0.03353	0.01612	0.01168	0.01804	0.00947	0.00636	0.00568	0.00193	0.00709	0.05079	0.00291	0.00646
9	0.01399	0.08030	0.54828	0.01551	0.02247	0.18813	0.01808	0.01913	0.01299	0.01687	0.00979	0.01148	0.00728	0.00550	0.00525	0.00170	0.00872	0.00403	0.00254	0.00796
10	0.01051	0.00729	0.00999	0.18513	0.01629	0.00730	0.00808	0.01290	0.01362	0.11171	0.18626	0.08971	0.25244	0.01128	0.00650	0.00195	0.00436	0.05365	0.00511	0.00593
11	0.20192	0.01403	0.02690	0.01967	0.02474	0.01377	0.54242	0.01763	0.01245	0.01978	0.01091	0.01433	0.00836	0.00659	0.03940	0.00221	0.00870	0.00589	0.00305	0.00725

[dist]
# distance from previous block
# <min> <max>
6	8

[block]
# block no. 3 follows, 41 sequences, length 22
# corresponding to MSA columns:
# 436-457
name=unknown_D
#
# <colnr> <probs for GDERKNQSTAVLIFYWHMCP>
#	G	D	E	R	K	N	Q	S	T	A	V	L	I	F	Y	W	H	M	C	P
0	0.01240	0.17034	0.55250	0.01596	0.02346	0.01513	0.09819	0.01796	0.01215	0.01728	0.00998	0.01191	0.00742	0.00527	0.00525	0.00172	0.00815	0.00429	0.00247	0.00817
1	0.01341	0.01106	0.01528	0.01523	0.12650	0.01167	0.08286	0.02095	0.28571	0.08887	0.02594	0.05873	0.15220	0.00882	0.00692	0.00194	0.05360	0.00759	0.00488	0.00784
2	0.01258	0.01369	0.04850	0.02043	0.06923	0.01300	0.46063	0.01810	0.09376	0.01802	0.01346	0.01720	0.01066	0.01219	0.14824	0.00325	0.00992	0.00643	0.00323	0.00749
3	0.00719	0.00576	0.00642	0.00636	0.00802	0.00499	0.00473	0.00899	0.01389	0.01772	0.27386	0.09707	0.49720	0.01383	0.00679	0.00191	0.00286	0.01180	0.00562	0.00499
4	0.01431	0.01724	0.15537	0.02037	0.06599	0.01422	0.39828	0.15128	0.01554	0.02134	0.01292	0.06206	0.01043	0.00612	0.00631	0.00188	0.00828	0.00651	0.00348	0.00810
5	0.02033	0.01067	0.01288	0.01033	0.01418	0.01048	0.00838	0.16322	0.12124	0.40090	0.07019	0.02363	0.09098	0.00816	0.00592	0.00180	0.00476	0.00665	0.00642	0.00888
6	0.00740	0.00528	0.00690	0.00761	0.00822	0.00493	0.00520	0.00882	0.01229	0.01679	0.24465	0.51731	0.04130	0.07465	0.00877	0.00241	0.00330	0.01393	0.00546	0.00478
7	0.16601	0.01249	0.01631	0.05022	0.30967	0.01366	0.01214	0.02223	0.29605	0.02182	0.01502	0.01606	0.01170	0.00618	0.00533	0.00181	0.00552	0.00525	0.00410	0.00842
8	0.01213	0.04367	0.16644	0.01036	0.01367	0.00958	0.00970	0.01718	0.15616	0.08507	0.21494	0.04005	0.02349	0.01061	0.00897	0.15497	0.00499	0.00678	0.00460	0.00664
9	0.16956	0.01845	0.01556	0.16071	0.07056	0.32708	0.01148	0.12684	0.01548	0.01985	0.00979	0.01183	0.00766	0.00584	0.00508	0.00166	0.00789	0.00415	0.00338	0.00712
10	0.16470	0.18491	0.47737	0.01335	0.02017	0.01512	0.01605	0.01767	0.01155	0.01855	0.00937	0.01097	0.00707	0.00530	0.00472	0.00168	0.00723	0.00378	0.00263	0.00781
11	0.01450	0.02221	0.44849	0.01629	0.02283	0.01294	0.13114	0.01956	0.01280	0.15571	0.01249	0.01400	0.00877	0.00604	0.00688	0.00188	0.07678	0.00497	0.00336	0.00838
12	0.01435	0.01938	0.25302	0.01976	0.09445	0.01496	0.23776	0.15135	0.01497	0.02106	0.01105	0.01365	0.00834	0.00598	0.00737	0.00189	0.09384	0.00533	0.00322	0.00828
13	0.01180	0.01048	0.00974	0.00974	0.01144	0.16393	0.00753	0.01374	0.01413	0.06275	0.17327	0.19353	0.10135	0.01272	0.00675	0.00205	0.00515	0.17912	0.00512	0.00568
14	0.16136	0.00758	0.00859	0.09297	0.01284	0.00794	0.00699	0.01238	0.05856	0.01826	0.07919	0.18038	0.23696	0.01201	0.00621	0.00204	0.00410	0.08132	0.00477	0.00556
15	0.01304	0.01216	0.02035	0.02997	0.62432	0.01208	0.01532	0.01631	0.01361	0.01947	0.14877	0.01942	0.01733	0.00631	0.00586	0.00172	0.00604	0.00606	0.00347	0.00839
16	0.01320	0.01483	0.10462	0.17048	0.50312	0.01345	0.06297	0.01712	0.01266	0.01785	0.01065	0.01421	0.00857	0.00523	0.00572	0.00176	0.00731	0.00510	0.00274	0.00841
17	0.01461	0.01176	0.01804	0.01758	0.15438	0.01187	0.14924	0.20279	0.01639	0.06413	0.01845	0.19576	0.01759	0.00922	0.00636	0.00194	0.00612	0.05194	0.02413	0.00769
18	0.01518	0.01402	0.01801	0.39255	0.14574	0.09783	0.01438	0.19551	0.01601	0.02046	0.01099	0.01416	0.00834	0.00592	0.00565	0.00178	0.00746	0.00495	0.00341	0.00764
19	0.01105	0.00910	0.01012	0.00930	0.01166	0.00980	0.00713	0.02043	0.38810	0.02266	0.31460	0.03321	0.10934	0.01000	0.00628	0.00188	0.00364	0.00857	0.00595	0.00719
20	0.17172	0.01096	0.01237	0.01024	0.01412	0.01133	0.00827	0.04522	0.25193	0.37307	0.01988	0.01805	0.01364	0.00697	0.00537	0.00182	0.00471	0.00548	0.00599	0.00886
21	0.01285	0.24749	0.47734	0.01651	0.10292	0.01597	0.01752	0.01777	0.01205	0.01685	0.00966	0.01148	0.00747	0.00524	0.00496	0.00163	0.00761	0.00399	0.00247	0.00820

[dist]
# distance from previous block
# <min> <max>
0	1

[block]
# block no. 4 follows, 41 sequences, length 40
# corresponding to MSA columns:
# 459-498
name=unknown_E
#
# <colnr> <probs for GDERKNQSTAVLIFYWHMCP>
#	G	D	E	R	K	N	Q	S	T	A	V	L	I	F	Y	W	H	M	C	P
0	0.02053	0.00952	0.01223	0.00992	0.01359	0.00894	0.00800	0.02535	0.14982	0.50269	0.15141	0.02387	0.02170	0.00801	0.00594	0.00181	0.00443	0.00668	0.00671	0.00885
1	0.01023	0.00740	0.00922	0.00936	0.01081	0.00749	0.00720	0.13772	0.01498	0.02009	0.12912	0.38398	0.03402	0.01463	0.00709	0.00222	0.00421	0.17895	0.00551	0.00578
2	0.02708	0.19892	0.59346	0.01472	0.02230	0.01533	0.01838	0.01787	0.01193	0.01723	0.00972	0.01139	0.00725	0.00531	0.00501	0.00168	0.00787	0.00395	0.00244	0.00817
3	0.02917	0.01534	0.01638	0.01266	0.01713	0.04676	0.01041	0.58403	0.02448	0.16265	0.01503	0.01456	0.01038	0.00685	0.00569	0.00172	0.00619	0.00518	0.00583	0.00957
4	0.00841	0.00630	0.00821	0.00865	0.01008	0.00566	0.00652	0.01013	0.01183	0.01620	0.05253	0.45544	0.03207	0.01480	0.00689	0.00212	0.00393	0.18571	0.00500	0.14951
5	0.01462	0.01867	0.15344	0.05747	0.38805	0.13531	0.11403	0.01848	0.01337	0.01763	0.01045	0.01339	0.00836	0.00527	0.00569	0.00172	0.00806	0.00494	0.00277	0.00828
6	0.01402	0.01614	0.03723	0.15500	0.05116	0.13528	0.43767	0.01797	0.01344	0.01685	0.01163	0.04491	0.00941	0.00568	0.00629	0.00186	0.00905	0.00625	0.00293	0.00724
7	0.01313	0.01422	0.02917	0.15866	0.14861	0.01402	0.50003	0.01755	0.01306	0.01773	0.01120	0.01519	0.00856	0.00502	0.00640	0.00189	0.00884	0.00620	0.00282	0.00769
8	0.00995	0.00719	0.00893	0.00933	0.01057	0.00727	0.00697	0.13711	0.01413	0.01879	0.02820	0.52913	0.03206	0.01562	0.00713	0.00227	0.00418	0.14015	0.00537	0.00564
9	0.00957	0.00709	0.01005	0.01248	0.14050	0.00665	0.00766	0.01145	0.01284	0.06180	0.13886	0.35202	0.14898	0.01348	0.00678	0.00205	0.00394	0.04277	0.00513	0.00589
10	0.01499	0.30329	0.25417	0.01670	0.13779	0.14976	0.01474	0.01850	0.01279	0.01582	0.00927	0.01106	0.00759	0.00527	0.00479	0.00152	0.00768	0.00385	0.00259	0.00783
11	0.00774	0.00547	0.00697	0.00805	0.00838	0.00512	0.00525	0.00843	0.01086	0.01453	0.02971	0.66854	0.03536	0.14283	0.01099	0.00293	0.00386	0.01506	0.00518	0.00474
12	0.01051	0.00859	0.01226	0.16004	0.01668	0.01007	0.03166	0.01241	0.01113	0.01631	0.01886	0.27705	0.01958	0.01133	0.00931	0.00217	0.19360	0.00906	0.16352	0.00587
13	0.14455	0.01203	0.01650	0.22075	0.02149	0.01566	0.02283	0.01490	0.01005	0.01646	0.00889	0.01349	0.00785	0.00835	0.01278	0.00231	0.43678	0.00491	0.00287	0.00656
14	0.02003	0.01466	0.01573	0.01237	0.01624	0.01601	0.00988	0.62109	0.02413	0.03238	0.01491	0.01822	0.01198	0.13363	0.00967	0.00242	0.00634	0.00582	0.00552	0.00897
15	0.01391	0.19854	0.34300	0.01303	0.01880	0.01499	0.01429	0.13283	0.01538	0.02123	0.14167	0.01775	0.01632	0.00698	0.00553	0.00176	0.00672	0.00535	0.00381	0.00812
16	0.01876	0.01444	0.01653	0.14783	0.02121	0.01621	0.01152	0.45195	0.17543	0.04098	0.01572	0.01637	0.01152	0.00719	0.00596	0.00189	0.00630	0.00558	0.00536	0.00924
17	0.00752	0.00541	0.00700	0.00825	0.00869	0.00498	0.00551	0.00838	0.01136	0.01513	0.03284	0.76239	0.06456	0.01804	0.00749	0.00240	0.00349	0.01618	0.00547	0.00493
18	0.01667	0.01707	0.02319	0.01798	0.02236	0.14805	0.31484	0.12285	0.19487	0.02175	0.01465	0.01636	0.01118	0.00646	0.00657	0.00193	0.02466	0.00604	0.00417	0.00835
19	0.01061	0.00925	0.01481	0.52012	0.03006	0.01102	0.01345	0.01376	0.01165	0.01527	0.01480	0.02507	0.01333	0.01416	0.14073	0.00339	0.00875	0.12030	0.00325	0.00623
20	0.01883	0.00889	0.01152	0.00978	0.01289	0.00813	0.00765	0.03203	0.07414	0.43352	0.15088	0.15953	0.02575	0.01015	0.00642	0.00198	0.00440	0.00858	0.00666	0.00829
21	0.01014	0.00907	0.01405	0.48875	0.05836	0.01035	0.01240	0.01291	0.01203	0.01542	0.02246	0.14734	0.14444	0.00951	0.00637	0.00206	0.00623	0.00825	0.00366	0.00619
22	0.01216	0.02141	0.42838	0.01519	0.02129	0.01258	0.09656	0.01944	0.14248	0.02038	0.13291	0.01967	0.01715	0.00712	0.00608	0.00194	0.00713	0.00604	0.00387	0.00824
23	0.01216	0.01245	0.02492	0.01916	0.02316	0.01181	0.47523	0.01571	0.01321	0.01784	0.01846	0.15995	0.01810	0.00932	0.00750	0.00222	0.02481	0.12313	0.00386	0.00701
24	0.01320	0.01336	0.02066	0.01691	0.01797	0.01721	0.14006	0.01492	0.00993	0.01506	0.00876	0.01374	0.00821	0.00941	0.01678	0.00249	0.64632	0.00547	0.00275	0.00678
25	0.01392	0.19341	0.34761	0.01290	0.01846	0.01496	0.01402	0.13241	0.01401	0.01919	0.01218	0.01684	0.01053	0.14434	0.00944	0.00241	0.00723	0.00500	0.00332	0.00779
26	0.01648	0.01350	0.01670	0.23821	0.02381	0.05193	0.04480	0.23348	0.07621	0.06361	0.01345	0.01537	0.01007	0.00635	0.00571	0.00173	0.00662	0.00512	0.00436	0.15249
27	0.01000	0.14771	0.01139	0.00775	0.00996	0.00858	0.00614	0.01163	0.01366	0.04973	0.21097	0.16093	0.30507	0.01262	0.00646	0.00192	0.00377	0.01056	0.00527	0.00587
28	0.01012	0.01204	0.14508	0.01207	0.01537	0.00876	0.12612	0.01392	0.04321	0.02034	0.34414	0.13747	0.06560	0.01063	0.00677	0.00200	0.00517	0.00957	0.00503	0.00659
29	0.01742	0.00989	0.01316	0.13455	0.01821	0.01005	0.01005	0.04825	0.12620	0.30585	0.02286	0.06092	0.01902	0.00966	0.00651	0.00212	0.00551	0.16584	0.00579	0.00813
30	0.24997	0.01005	0.01046	0.00902	0.01180	0.01055	0.00701	0.14783	0.01495	0.12549	0.11880	0.02428	0.01892	0.14598	0.00956	0.00253	0.00492	0.03244	0.03851	0.00693
31	0.00843	0.00591	0.00794	0.00935	0.04294	0.00552	0.00609	0.00888	0.01104	0.01464	0.02968	0.52080	0.10185	0.01751	0.01003	0.14739	0.00398	0.03838	0.00486	0.00479
32	0.01340	0.01271	0.02036	0.28349	0.15976	0.01389	0.14725	0.02071	0.22599	0.01919	0.01483	0.01753	0.01141	0.00638	0.00614	0.00198	0.00711	0.00595	0.00378	0.00813
33	0.01366	0.01970	0.28760	0.03915	0.25198	0.02410	0.10343	0.02042	0.14217	0.01966	0.01334	0.01550	0.01027	0.00602	0.00595	0.00190	0.00755	0.00537	0.00339	0.00884
34	0.01587	0.01446	0.02265	0.02572	0.37769	0.01483	0.14391	0.14686	0.13394	0.02295	0.01394	0.01616	0.01094	0.00613	0.00611	0.00188	0.00701	0.00578	0.00400	0.00918
35	0.15616	0.01400	0.13328	0.01219	0.01474	0.05808	0.01102	0.01467	0.01040	0.01688	0.01135	0.01590	0.01007	0.01988	0.27499	0.00460	0.20720	0.00502	0.00307	0.00649
36	0.01169	0.02588	0.60734	0.01485	0.02199	0.04686	0.01810	0.01707	0.01274	0.01797	0.01833	0.01957	0.12806	0.00725	0.00585	0.00191	0.00780	0.00563	0.00309	0.00804
37	0.15894	0.05134	0.32366	0.13718	0.04550	0.03990	0.01506	0.01915	0.01265	0.12570	0.01199	0.01375	0.00867	0.00602	0.00534	0.00187	0.00717	0.00451	0.00351	0.00807
38	0.01516	0.01306	0.02545	0.04957	0.05637	0.01231	0.45738	0.01899	0.01387	0.12292	0.01464	0.01756	0.01086	0.00583	0.00630	0.00189	0.00780	0.00640	0.13577	0.00788
39	0.00842	0.00612	0.00781	0.00761	0.00888	0.00559	0.00558	0.01066	0.01559	0.02185	0.62047	0.15089	0.08235	0.01300	0.00704	0.00197	0.00299	0.01138	0.00626	0.00554

[dist]
# distance from previous block
# <min> <max>
0	7

[block]
# block no. 5 follows, 41 sequences, length 6
# corresponding to MSA columns:
# 506-511
name=unknown_F
#
# <colnr> <probs for GDERKNQSTAVLIFYWHMCP>
#	G	D	E	R	K	N	Q	S	T	A	V	L	I	F	Y	W	H	M	C	P
0	0.00694	0.00510	0.00651	0.00764	0.00821	0.00467	0.00516	0.00800	0.01127	0.01473	0.03552	0.68321	0.14728	0.01740	0.00722	0.00226	0.00325	0.01563	0.00531	0.00467
1	0.01436	0.60462	0.13981	0.01064	0.01609	0.01968	0.01119	0.01700	0.01172	0.01469	0.00853	0.00989	0.00744	0.00491	0.00399	0.00127	0.00628	0.00327	0.00254	0.09208
2	0.02039	0.06608	0.13014	0.01208	0.01703	0.01142	0.05425	0.11489	0.01656	0.41487	0.06915	0.01831	0.01453	0.00684	0.00569	0.00174	0.00581	0.00564	0.00559	0.00896
3	0.01260	0.01086	0.01423	0.01475	0.12001	0.01161	0.05356	0.05062	0.33833	0.02165	0.09918	0.03062	0.07073	0.00924	0.00632	0.00199	0.00504	0.11573	0.00515	0.00777
4	0.01544	0.01428	0.05922	0.09171	0.04162	0.11577	0.01081	0.20835	0.01724	0.06315	0.15027	0.05127	0.03961	0.00845	0.00702	0.00184	0.07005	0.02194	0.00461	0.00737
5	0.01662	0.01334	0.06239	0.01376	0.01806	0.01265	0.15334	0.15538	0.20083	0.16326	0.07999	0.02106	0.04773	0.00736	0.00606	0.00185	0.00593	0.00657	0.00528	0.00853

[dist]
# distance from previous block
# <min> <max>
2	16

[block]
# block no. 6 follows, 41 sequences, length 78
# corresponding to MSA columns:
# 528-605
name=unknown_G
#
# <colnr> <probs for GDERKNQSTAVLIFYWHMCP>
#	G	D	E	R	K	N	Q	S	T	A	V	L	I	F	Y	W	H	M	C	P
0	0.01350	0.01591	0.06670	0.04641	0.07183	0.01438	0.64527	0.01825	0.01343	0.01835	0.01156	0.01539	0.00874	0.00499	0.00666	0.00194	0.00941	0.00653	0.00291	0.00786
1	0.01236	0.02082	0.42551	0.01807	0.16551	0.01187	0.01668	0.01772	0.04742	0.05877	0.04508	0.07668	0.04390	0.00724	0.00582	0.00186	0.00694	0.00612	0.00345	0.00817
2	0.01455	0.57415	0.22855	0.01171	0.01756	0.02005	0.01292	0.03482	0.01220	0.01539	0.00886	0.01027	0.00751	0.00518	0.00426	0.00142	0.00679	0.00347	0.00257	0.00777
3	0.00874	0.00636	0.00727	0.00715	0.00885	0.00578	0.00526	0.01119	0.05700	0.05784	0.19579	0.17180	0.37955	0.04172	0.00759	0.00212	0.00328	0.01163	0.00562	0.00546
4	0.15310	0.00726	0.00720	0.04343	0.00972	0.00776	0.00540	0.05563	0.01252	0.02270	0.01627	0.01872	0.01272	0.00649	0.00416	0.00148	0.00346	0.00497	0.60114	0.00585
5	0.01415	0.01118	0.01657	0.04861	0.01727	0.01175	0.18869	0.17380	0.05462	0.02338	0.02698	0.01804	0.01234	0.00660	0.00604	0.00171	0.04301	0.00580	0.31222	0.00723
6	0.01228	0.01186	0.01719	0.34638	0.05596	0.04094	0.02752	0.01537	0.03763	0.01529	0.01016	0.01467	0.00848	0.00757	0.01079	0.00212	0.31186	0.00514	0.04221	0.00658
7	0.00712	0.00509	0.00675	0.00806	0.00841	0.00474	0.00537	0.00808	0.01104	0.01474	0.03162	0.79367	0.03790	0.01799	0.00736	0.00235	0.00337	0.01628	0.00535	0.00472
8	0.04170	0.01482	0.12072	0.13776	0.45033	0.01303	0.04609	0.01699	0.02421	0.01824	0.01200	0.05628	0.01031	0.00606	0.00576	0.00182	0.00699	0.00564	0.00299	0.00826
9	0.01482	0.54712	0.21167	0.01208	0.01788	0.01949	0.04235	0.01793	0.01209	0.04465	0.00939	0.01075	0.00778	0.00521	0.00438	0.00145	0.00683	0.00365	0.00269	0.00780
10	0.01337	0.01370	0.02380	0.08142	0.04836	0.01593	0.28490	0.04999	0.01183	0.01688	0.00979	0.01413	0.00825	0.00750	0.01221	0.00220	0.37002	0.00572	0.00286	0.00714
11	0.00813	0.00594	0.00762	0.00737	0.00873	0.00546	0.00554	0.01059	0.01561	0.02174	0.62930	0.07972	0.11423	0.01250	0.00688	0.00190	0.00292	0.04429	0.00616	0.00538
12	0.01412	0.01392	0.02350	0.10363	0.60424	0.03551	0.08492	0.01759	0.01310	0.01826	0.01087	0.01446	0.00898	0.00525	0.00581	0.00176	0.00728	0.00525	0.00286	0.00868
13	0.01287	0.01627	0.11576	0.02195	0.02759	0.01359	0.59759	0.01753	0.01321	0.01812	0.01321	0.07950	0.01105	0.00607	0.00670	0.00197	0.00902	0.00729	0.00309	0.00762
14	0.00857	0.00581	0.00752	0.00837	0.00910	0.00551	0.00576	0.04295	0.01213	0.04562	0.05039	0.70640	0.03611	0.01688	0.00721	0.00228	0.00355	0.01519	0.00547	0.00518
15	0.01161	0.02964	0.76773	0.01638	0.02483	0.01335	0.02116	0.01820	0.01216	0.01824	0.01041	0.01227	0.00738	0.00553	0.00549	0.00184	0.00849	0.00427	0.00247	0.00852
16	0.01124	0.01069	0.01815	0.69561	0.06322	0.01307	0.04584	0.01493	0.01156	0.01501	0.01028	0.01530	0.00785	0.00592	0.00634	0.00195	0.03864	0.00519	0.00261	0.00657
17	0.01707	0.01968	0.01941	0.01600	0.01958	0.37716	0.19988	0.05528	0.07640	0.01735	0.01552	0.04825	0.05321	0.00721	0.00598	0.00177	0.00864	0.03084	0.00366	0.00711
18	0.01215	0.01368	0.06123	0.18240	0.02832	0.01313	0.42380	0.01614	0.01251	0.01695	0.01345	0.10668	0.01187	0.00698	0.00729	0.00202	0.05388	0.00733	0.00311	0.00709
19	0.01161	0.02964	0.76773	0.01638	0.02483	0.01335	0.02116	0.01820	0.01216	0.01824	0.01041	0.01227	0.00738	0.00553	0.00549	0.00184	0.00849	0.00427	0.00247	0.00852
20	0.01941	0.01852	0.33884	0.01298	0.01912	0.01084	0.01399	0.03508	0.02745	0.41893	0.01726	0.01641	0.01129	0.00647	0.00568	0.00182	0.00648	0.00514	0.00507	0.00924
21	0.01461	0.05707	0.13263	0.01149	0.01559	0.03362	0.01047	0.12975	0.25655	0.07369	0.07599	0.02433	0.11235	0.00836	0.00588	0.00185	0.00540	0.01710	0.00510	0.00815
22	0.01370	0.01361	0.02470	0.13361	0.50928	0.01373	0.17074	0.01741	0.01300	0.01819	0.01099	0.01476	0.00892	0.00522	0.00596	0.00180	0.00755	0.00549	0.00285	0.00848
23	0.00747	0.00526	0.00695	0.00815	0.00865	0.00494	0.00565	0.00868	0.01144	0.01547	0.05705	0.68062	0.03727	0.01720	0.00727	0.00232	0.00348	0.07323	0.03405	0.00482
24	0.01182	0.07125	0.72791	0.01603	0.02429	0.01386	0.02055	0.01815	0.01214	0.01799	0.01028	0.01212	0.00739	0.00550	0.00540	0.00181	0.00837	0.00421	0.00247	0.00846
25	0.01358	0.01296	0.02201	0.19384	0.60856	0.01347	0.01724	0.01702	0.01277	0.01795	0.01077	0.01458	0.00889	0.00532	0.00573	0.00177	0.00701	0.00514	0.00282	0.00855
26	0.01796	0.01257	0.01344	0.01156	0.01515	0.04863	0.00911	0.05759	0.49728	0.21675	0.02215	0.02021	0.01594	0.00755	0.00583	0.00189	0.00501	0.00614	0.00605	0.00921
27	0.01242	0.09839	0.53919	0.13687	0.02582	0.01438	0.01872	0.05666	0.01282	0.01822	0.01036	0.01259	0.00759	0.00560	0.00539	0.00179	0.00803	0.00435	0.00267	0.00815
28	0.00741	0.00590	0.00665	0.00679	0.00840	0.00516	0.00512	0.00912	0.01358	0.01718	0.19819	0.12767	0.48205	0.01443	0.00696	0.00203	0.00314	0.06964	0.00555	0.00504
29	0.00712	0.00591	0.00620	0.00612	0.00797	0.00501	0.00458	0.00873	0.01362	0.01677	0.16875	0.05320	0.64791	0.01412	0.00682	0.00194	0.00292	0.01183	0.00551	0.00500
30	0.03865	0.02592	0.01622	0.01452	0.01764	0.68703	0.01099	0.09067	0.01716	0.01645	0.00943	0.01082	0.00770	0.00607	0.00524	0.00153	0.00985	0.00386	0.00327	0.00699
31	0.01289	0.01072	0.01663	0.60911	0.04472	0.01282	0.01453	0.04690	0.08308	0.07362	0.01265	0.01626	0.00930	0.00615	0.00579	0.00191	0.00710	0.00531	0.00338	0.00712
32	0.00712	0.00509	0.00675	0.00806	0.00841	0.00474	0.00537	0.00808	0.01104	0.01474	0.03162	0.79367	0.03790	0.01799	0.00736	0.00235	0.00337	0.01628	0.00535	0.00472
33	0.01636	0.01337	0.01415	0.01213	0.01573	0.01523	0.00959	0.21987	0.55871	0.02726	0.02086	0.01950	0.01552	0.00761	0.00585	0.00191	0.00504	0.00616	0.00584	0.00930
34	0.01194	0.01171	0.02074	0.51557	0.13940	0.01344	0.13058	0.01567	0.01193	0.01587	0.01047	0.01516	0.00813	0.00581	0.00664	0.00194	0.04991	0.00539	0.00269	0.00702
35	0.01955	0.01487	0.01725	0.17659	0.02241	0.01673	0.01198	0.58832	0.02368	0.03160	0.01311	0.01425	0.00941	0.00672	0.00578	0.00178	0.00662	0.00518	0.00509	0.00908
36	0.00712	0.00509	0.00675	0.00806	0.00841	0.00474	0.00537	0.00808	0.01104	0.01474	0.03162	0.79367	0.03790	0.01799	0.00736	0.00235	0.00337	0.01628	0.00535	0.00472
37	0.01161	0.02964	0.76773	0.01638	0.02483	0.01335	0.02116	0.01820	0.01216	0.01824	0.01041	0.01227	0.00738	0.00553	0.00549	0.00184	0.00849	0.00427	0.00247	0.00852
38	0.01182	0.07038	0.72875	0.01604	0.02430	0.01385	0.02056	0.01815	0.01214	0.01800	0.01028	0.01212	0.00739	0.00550	0.00540	0.00181	0.00837	0.00421	0.00247	0.00846
39	0.02137	0.01571	0.01686	0.01308	0.01755	0.01736	0.01074	0.67542	0.08139	0.04904	0.01475	0.01461	0.01052	0.00703	0.00579	0.00176	0.00618	0.00531	0.00580	0.00974
40	0.01364	0.01552	0.03380	0.02417	0.02996	0.01453	0.74092	0.01841	0.01358	0.01845	0.01171	0.01562	0.00881	0.00492	0.00681	0.00195	0.00968	0.00679	0.00294	0.00778
41	0.03172	0.01488	0.02476	0.03097	0.54446	0.06192	0.16978	0.01812	0.01334	0.01858	0.01089	0.01427	0.00895	0.00519	0.00588	0.00176	0.00761	0.00536	0.00292	0.00863
42	0.01364	0.01552	0.03380	0.02417	0.02996	0.01453	0.74092	0.01841	0.01358	0.01845	0.01171	0.01562	0.00881	0.00492	0.00681	0.00195	0.00968	0.00679	0.00294	0.00778
43	0.01067	0.00543	0.00549	0.00553	0.00684	0.00540	0.00411	0.01324	0.01205	0.02120	0.01924	0.04909	0.01561	0.00716	0.00418	0.00140	0.00274	0.00577	0.79948	0.00538
44	0.02496	0.00999	0.01335	0.01031	0.01463	0.00883	0.00848	0.06148	0.01694	0.70430	0.04856	0.02020	0.01549	0.00733	0.00585	0.00179	0.00491	0.00593	0.00703	0.00965
45	0.03299	0.05711	0.01898	0.01898	0.17487	0.35192	0.02784	0.03428	0.01368	0.01582	0.00918	0.01195	0.00795	0.00673	0.00848	0.00180	0.19289	0.00440	0.00291	0.00724
46	0.00724	0.00515	0.00669	0.00787	0.00821	0.00482	0.00519	0.00811	0.01083	0.01443	0.03081	0.71182	0.04821	0.08976	0.00935	0.00264	0.00357	0.01548	0.00518	0.00462
47	0.00712	0.00509	0.00675	0.00806	0.00841	0.00474	0.00537	0.00808	0.01104	0.01474	0.03162	0.79367	0.03790	0.01799	0.00736	0.00235	0.00337	0.01628	0.00535	0.00472
48	0.01308	0.01541	0.07900	0.06396	0.02614	0.01517	0.45458	0.01696	0.01210	0.01700	0.01045	0.01460	0.00834	0.00640	0.00989	0.00210	0.21860	0.00606	0.00278	0.00737
49	0.01880	0.01458	0.01553	0.01263	0.01666	0.01637	0.01018	0.45171	0.32290	0.03119	0.01776	0.01703	0.01301	0.00732	0.00582	0.00183	0.00562	0.00573	0.00580	0.00952
50	0.72899	0.01328	0.01020	0.00910	0.01269	0.07225	0.00726	0.04803	0.01168	0.02607	0.00944	0.01117	0.00754	0.00618	0.00427	0.00195	0.00535	0.00362	0.00396	0.00696
51	0.02125	0.01577	0.01693	0.01335	0.01772	0.01704	0.01078	0.63454	0.06060	0.03447	0.01595	0.05218	0.01241	0.00805	0.00622	0.00193	0.00635	0.00602	0.00596	0.04247
52	0.00915	0.00670	0.00830	0.00786	0.00935	0.00605	0.00581	0.01137	0.01649	0.02310	0.67649	0.04499	0.12610	0.01262	0.00721	0.00202	0.00314	0.01078	0.00653	0.00594
53	0.01495	0.01606	0.03288	0.02383	0.02940	0.01525	0.67439	0.05292	0.01466	0.02003	0.01266	0.01677	0.00976	0.00583	0.00751	0.00214	0.03227	0.00695	0.00341	0.00833
54	0.01260	0.03002	0.75645	0.01694	0.02536	0.01385	0.02137	0.01882	0.01277	0.01913	0.01140	0.01364	0.00834	0.00619	0.00592	0.00202	0.00877	0.00460	0.00282	0.00900
55	0.01253	0.00779	0.00990	0.00940	0.01143	0.00724	0.00742	0.01536	0.05050	0.13868	0.38997	0.04489	0.07495	0.01254	0.00728	0.00221	0.00417	0.18049	0.00643	0.00679
56	0.05660	0.01502	0.01528	0.01235	0.01654	0.13204	0.00985	0.21190	0.04068	0.39762	0.01849	0.01764	0.01270	0.00752	0.00604	0.00192	0.00645	0.00553	0.00622	0.00961
57	0.01455	0.01598	0.03337	0.02418	0.02971	0.01515	0.69603	0.01882	0.01395	0.01912	0.01249	0.01680	0.00969	0.00583	0.00776	0.00216	0.04592	0.00700	0.00327	0.00821
58	0.00844	0.00604	0.00780	0.00905	0.00961	0.00559	0.00628	0.00931	0.01193	0.01597	0.03213	0.69761	0.03780	0.01820	0.00782	0.00256	0.00396	0.09892	0.00565	0.00533
59	0.01355	0.01399	0.02729	0.32494	0.05421	0.01429	0.42348	0.01754	0.01335	0.01788	0.01210	0.01683	0.00934	0.00595	0.00677	0.00212	0.00907	0.00638	0.00314	0.00777
60	0.00872	0.00632	0.00731	0.00782	0.00855	0.00582	0.00519	0.00924	0.01135	0.01480	0.03341	0.32015	0.19193	0.28531	0.01514	0.00355	0.00451	0.05092	0.00502	0.00493
61	0.01460	0.01559	0.03164	0.05789	0.15568	0.01479	0.57631	0.01874	0.01401	0.01924	0.01248	0.01671	0.00977	0.00567	0.00698	0.00209	0.00937	0.00673	0.00326	0.00845
62	0.00825	0.00591	0.00758	0.00883	0.00930	0.00543	0.00595	0.00898	0.01174	0.01575	0.03223	0.75985	0.03822	0.01838	0.00777	0.00253	0.00379	0.03857	0.00566	0.00528
63	0.01459	0.01612	0.03412	0.02460	0.03040	0.01501	0.72975	0.01903	0.01417	0.01933	0.01268	0.01693	0.00975	0.00559	0.00721	0.00213	0.00994	0.00708	0.00328	0.00827
64	0.01433	0.01559	0.03247	0.02353	0.02912	0.01445	0.67983	0.01855	0.01403	0.01922	0.01327	0.04196	0.01068	0.00599	0.00714	0.00211	0.00955	0.00727	0.00338	0.03754
65	0.02271	0.01037	0.01327	0.01069	0.01465	0.00932	0.00853	0.04630	0.07279	0.55211	0.09693	0.04795	0.01980	0.00856	0.00633	0.00198	0.00498	0.00685	0.00700	0.03890
66	0.01487	0.04361	0.03124	0.02242	0.02765	0.01528	0.59861	0.06224	0.01460	0.01988	0.01321	0.04471	0.01076	0.00643	0.00762	0.00214	0.04589	0.00711	0.00351	0.00820
67	0.01912	0.01497	0.02073	0.04523	0.34151	0.01543	0.04013	0.31481	0.01959	0.08578	0.01404	0.01601	0.01074	0.00674	0.00621	0.00193	0.00691	0.00559	0.00473	0.00980
68	0.02493	0.01059	0.01399	0.03590	0.01595	0.00945	0.00904	0.06001	0.01706	0.65407	0.04345	0.02111	0.01574	0.00824	0.00672	0.02539	0.00535	0.00616	0.00704	0.00982
69	0.01314	0.01339	0.06368	0.09176	0.20611	0.01473	0.01414	0.01520	0.01124	0.01647	0.01223	0.07629	0.01173	0.01124	0.05535	0.00276	0.35352	0.00629	0.00323	0.00750
70	0.01847	0.02497	0.01313	0.03834	0.01516	0.04696	0.00871	0.05178	0.18474	0.29838	0.04391	0.08295	0.10323	0.00950	0.00639	0.00203	0.00520	0.00762	0.00616	0.03236
71	0.00877	0.00650	0.00795	0.00866	0.00982	0.00597	0.00650	0.01013	0.01298	0.01692	0.09679	0.28955	0.21805	0.06361	0.00900	0.00264	0.00420	0.21099	0.00557	0.00539
72	0.02039	0.01508	0.01610	0.01281	0.01694	0.01641	0.01034	0.58223	0.09494	0.03371	0.04362	0.01839	0.03473	0.00797	0.00613	0.00191	0.00604	0.00598	0.04667	0.00961
73	0.04067	0.14990	0.45409	0.01437	0.02078	0.04130	0.01636	0.01908	0.04748	0.04717	0.01332	0.01504	0.03037	0.00665	0.00600	0.00190	0.03537	0.00475	0.02698	0.00842
74	0.12446	0.09157	0.05258	0.01365	0.01756	0.37464	0.01112	0.20371	0.01803	0.02212	0.01096	0.01243	0.00876	0.00661	0.00540	0.00175	0.00835	0.00428	0.00399	0.00801
75	0.00983	0.00700	0.00927	0.01033	0.01157	0.00676	0.00850	0.01167	0.01327	0.01741	0.05250	0.14268	0.07274	0.03852	0.00918	0.02958	0.00518	0.53296	0.00547	0.00557
76	0.02107	0.02492	0.01617	0.01458	0.01767	0.62623	0.01095	0.07357	0.06427	0.01719	0.01346	0.01479	0.04506	0.00714	0.00574	0.00173	0.00956	0.00470	0.00378	0.00742
77	0.01453	0.01376	0.02312	0.09542	0.59821	0.01393	0.05952	0.01763	0.01347	0.01916	0.03579	0.01652	0.01124	0.00619	0.00665	0.00194	0.03499	0.00567	0.00325	0.00901

[dist]
# distance from previous block
# <min> <max>
3	4

[block]
# block no. 7 follows, 41 sequences, length 7
# corresponding to MSA columns:
# 611-617
name=unknown_H
#
# <colnr> <probs for GDERKNQSTAVLIFYWHMCP>
#	G	D	E	R	K	N	Q	S	T	A	V	L	I	F	Y	W	H	M	C	P
0	0.01167	0.07533	0.53578	0.01379	0.02042	0.01212	0.01670	0.01702	0.01305	0.05143	0.15981	0.01830	0.01685	0.00671	0.00559	0.00177	0.00700	0.00543	0.00339	0.00783
1	0.01404	0.13390	0.51738	0.01478	0.02197	0.01546	0.01752	0.16238	0.01496	0.02104	0.01063	0.01200	0.00775	0.00564	0.00525	0.00171	0.00770	0.00425	0.00308	0.00855
2	0.00749	0.00543	0.00711	0.00782	0.00864	0.00505	0.00561	0.00917	0.01286	0.01741	0.25524	0.46047	0.08490	0.01564	0.00715	0.00217	0.00327	0.07403	0.00561	0.00494
3	0.01774	0.01120	0.01449	0.11063	0.09016	0.01177	0.01040	0.07259	0.25450	0.27203	0.02133	0.02048	0.05204	0.00730	0.00581	0.00184	0.00528	0.00612	0.00551	0.00877
4	0.03669	0.10062	0.44282	0.01524	0.04252	0.01432	0.05383	0.02070	0.15953	0.04050	0.01299	0.01399	0.00958	0.00585	0.00536	0.00178	0.00724	0.00472	0.00330	0.00841
5	0.00773	0.00601	0.00873	0.16254	0.01448	0.00625	0.00741	0.00929	0.01105	0.01460	0.02728	0.64013	0.03182	0.01549	0.00699	0.00224	0.00417	0.01404	0.00476	0.00499
6	0.01409	0.01379	0.02433	0.03394	0.68547	0.01368	0.09449	0.01764	0.01307	0.01865	0.01085	0.01429	0.00902	0.00507	0.00578	0.00172	0.00710	0.00527	0.00284	0.00892

[dist]
# distance from previous block
# <min> <max>
16	60

[block]
# block no. 8 follows, 41 sequences, length 43
# corresponding to MSA columns:
# 679-721
name=unknown_I
#
# <colnr> <probs for GDERKNQSTAVLIFYWHMCP>
#	G	D	E	R	K	N	Q	S	T	A	V	L	I	F	Y	W	H	M	C	P
0	0.01444	0.01409	0.02073	0.04172	0.48892	0.07834	0.05684	0.05781	0.01384	0.01889	0.01210	0.06464	0.01073	0.00602	0.00567	0.00167	0.00681	0.00566	0.00321	0.07786
1	0.01385	0.51072	0.30905	0.01225	0.01848	0.01910	0.01407	0.01750	0.01179	0.01522	0.00882	0.01027	0.00730	0.00510	0.00434	0.00145	0.00700	0.00350	0.00243	0.00776
2	0.01210	0.10899	0.60919	0.01650	0.02428	0.01440	0.10102	0.01803	0.01219	0.01765	0.01017	0.01215	0.00742	0.00531	0.00540	0.00176	0.00834	0.00439	0.00247	0.00825
3	0.01041	0.00684	0.00956	0.00847	0.01036	0.00622	0.05351	0.01256	0.01428	0.11535	0.36428	0.12055	0.14804	0.08319	0.00871	0.00222	0.00379	0.01023	0.00566	0.00576
4	0.00707	0.00570	0.00630	0.00638	0.00798	0.00493	0.00470	0.00873	0.01345	0.01695	0.20571	0.14769	0.51571	0.01433	0.00683	0.00195	0.00291	0.01224	0.00552	0.00493
5	0.00826	0.00656	0.00971	0.14628	0.06311	0.00676	0.00808	0.01008	0.01164	0.01558	0.08288	0.52938	0.03177	0.01440	0.00689	0.00218	0.00431	0.03210	0.00474	0.00531
6	0.01288	0.06127	0.14986	0.10571	0.38598	0.02953	0.06359	0.01662	0.01253	0.01737	0.01232	0.08353	0.01101	0.00635	0.00572	0.00178	0.00708	0.00590	0.00294	0.00804
7	0.00723	0.00526	0.00692	0.00799	0.00858	0.00481	0.00539	0.00831	0.01100	0.01482	0.03037	0.75298	0.03625	0.01718	0.00714	0.00224	0.00337	0.01557	0.00521	0.04939
8	0.01322	0.01264	0.02153	0.24369	0.56201	0.01335	0.01709	0.01674	0.01258	0.01755	0.01059	0.01446	0.00866	0.00527	0.00568	0.00176	0.00703	0.00509	0.00275	0.00831
9	0.03205	0.04627	0.01368	0.01029	0.01420	0.04585	0.00842	0.08429	0.06065	0.48822	0.11536	0.02108	0.01839	0.00752	0.00573	0.00174	0.00499	0.00608	0.00635	0.00884
10	0.01204	0.10999	0.63124	0.01625	0.02411	0.01437	0.07885	0.01803	0.01214	0.01764	0.01013	0.01204	0.00737	0.00533	0.00536	0.00176	0.00830	0.00431	0.00246	0.00828
