[name]
unknown

[dist]
# distance from previous block
# <min> <max>
0	49

[block]
# block no. 0 follows, 39 sequences, length 15
# corresponding to MSA columns:
# 52-66
name=unknown_A
#
# <colnr> <probs for GDERKNQSTAVLIFYWHMCP>
#	G	D	E	R	K	N	Q	S	T	A	V	L	I	F	Y	W	H	M	C	P
0	0.00938	0.00670	0.00935	0.01072	0.01201	0.00668	0.00926	0.01199	0.01346	0.01753	0.03140	0.11404	0.03437	0.01648	0.00813	0.00270	0.00531	0.66965	0.00545	0.00540
1	0.04713	0.26488	0.50589	0.01441	0.02181	0.01668	0.01761	0.01836	0.01224	0.01757	0.00978	0.01144	0.00748	0.00544	0.00498	0.00168	0.00783	0.00395	0.00256	0.00829
2	0.01509	0.71833	0.02888	0.01006	0.01473	0.02183	0.00985	0.01701	0.01177	0.01390	0.00897	0.01083	0.00829	0.00891	0.07879	0.00207	0.00726	0.00347	0.00259	0.00736
3	0.00860	0.00573	0.00645	0.00645	0.00645	0.00573	0.00358	0.00860	0.00860	0.01147	0.01863	0.03870	0.02150	0.79217	0.03010	0.00573	0.00573	0.00860	0.00358	0.00358
4	0.02248	0.01656	0.01775	0.01361	0.01834	0.01834	0.01124	0.73556	0.02780	0.03727	0.01420	0.01420	0.01006	0.00710	0.00592	0.00177	0.00651	0.00532	0.00592	0.01006
5	0.02213	0.02705	0.01686	0.01508	0.01829	0.69507	0.01141	0.09324	0.01784	0.01670	0.00964	0.01101	0.00786	0.00619	0.00539	0.00155	0.01026	0.00396	0.00333	0.00717
6	0.01466	0.57264	0.24398	0.01208	0.01822	0.02058	0.01354	0.01801	0.01215	0.01532	0.00892	0.01036	0.00756	0.00522	0.00433	0.00144	0.00703	0.00351	0.00252	0.00792
7	0.00721	0.00515	0.00686	0.00823	0.00858	0.00480	0.00549	0.00823	0.01132	0.01510	0.03259	0.78831	0.03911	0.01853	0.00755	0.00240	0.00343	0.01681	0.00549	0.00480
8	0.00860	0.00573	0.00645	0.00645	0.00645	0.00573	0.00358	0.00860	0.00860	0.01147	0.01863	0.03870	0.02150	0.79217	0.03010	0.00573	0.00573	0.00860	0.00358	0.00358
9	0.02236	0.02024	0.01744	0.01412	0.01832	0.25536	0.01130	0.51059	0.02431	0.03007	0.01260	0.01308	0.00929	0.00678	0.00573	0.00170	0.00782	0.00485	0.00501	0.00905
10	0.02248	0.01656	0.01775	0.01361	0.01834	0.01834	0.01124	0.73556	0.02780	0.03727	0.01420	0.01420	0.01006	0.00710	0.00592	0.00177	0.00651	0.00532	0.00592	0.01006
11	0.00860	0.00573	0.00645	0.00645	0.00645	0.00573	0.00358	0.00860	0.00860	0.01147	0.01863	0.03870	0.02150	0.79217	0.03010	0.00573	0.00573	0.00860	0.00358	0.00358
12	0.00860	0.00573	0.00645	0.00645	0.00645	0.00573	0.00358	0.00860	0.00860	0.01147	0.01863	0.03870	0.02150	0.79217	0.03010	0.00573	0.00573	0.00860	0.00358	0.00358
13	0.01542	0.72071	0.10262	0.01078	0.01620	0.02245	0.01127	0.01781	0.01206	0.01439	0.00846	0.00978	0.00758	0.00511	0.00397	0.00132	0.00656	0.00328	0.00253	0.00770
14	0.01581	0.79572	0.03099	0.01012	0.01518	0.02340	0.01012	0.01771	0.01202	0.01391	0.00822	0.00949	0.00759	0.00506	0.00379	0.00126	0.00632	0.00316	0.00253	0.00759

[dist]
# distance from previous block
# <min> <max>
0	5

[block]
# block no. 1 follows, 39 sequences, length 15
# corresponding to MSA columns:
# 72-86
name=unknown_B
#
# <colnr> <probs for GDERKNQSTAVLIFYWHMCP>
#	G	D	E	R	K	N	Q	S	T	A	V	L	I	F	Y	W	H	M	C	P
0	0.01231	0.01066	0.01263	0.00918	0.01411	0.00852	0.00738	0.01485	0.01206	0.01895	0.01034	0.01231	0.00870	0.00475	0.00532	0.00098	0.05306	0.00361	0.00345	0.77682
1	0.00892	0.00645	0.00821	0.00790	0.00957	0.00569	0.00577	0.01103	0.01419	0.03891	0.36253	0.28756	0.07411	0.01320	0.00679	0.00191	0.00329	0.01172	0.00574	0.11652
2	0.00721	0.00515	0.00686	0.00823	0.00858	0.00480	0.00549	0.00823	0.01132	0.01510	0.03259	0.78831	0.03911	0.01853	0.00755	0.00240	0.00343	0.01681	0.00549	0.00480
3	0.01759	0.36118	0.02047	0.01023	0.01429	0.01553	0.00898	0.02141	0.10866	0.22982	0.01792	0.11936	0.01523	0.00791	0.00521	0.00168	0.00535	0.00626	0.00476	0.00816
4	0.01300	0.25118	0.55091	0.01491	0.02259	0.01652	0.01847	0.01843	0.01235	0.01734	0.00992	0.01162	0.00752	0.00546	0.00509	0.00170	0.00804	0.00402	0.00251	0.00841
5	0.01313	0.01252	0.02129	0.35779	0.44554	0.01366	0.01740	0.01683	0.01275	0.01750	0.01086	0.01513	0.00872	0.00555	0.00588	0.00185	0.00740	0.00526	0.00280	0.00815
6	0.04003	0.12251	0.01782	0.01216	0.01670	0.16363	0.01000	0.31046	0.01938	0.02512	0.01138	0.01229	0.00884	0.00594	0.00509	0.00145	0.00675	0.00425	0.00427	0.20192
7	0.01690	0.01295	0.01454	0.01078	0.01580	0.01215	0.00878	0.30747	0.01872	0.05211	0.01245	0.01332	0.00949	0.00558	0.00506	0.00127	0.00526	0.00433	0.00461	0.46842
8	0.00801	0.00591	0.00752	0.00811	0.00906	0.00530	0.00549	0.00914	0.01116	0.01526	0.02825	0.60813	0.03330	0.09842	0.00952	0.00256	0.00380	0.01421	0.00503	0.11183
9	0.00721	0.00515	0.00686	0.00823	0.00858	0.00480	0.00549	0.00823	0.01132	0.01510	0.03259	0.78831	0.03911	0.01853	0.00755	0.00240	0.00343	0.01681	0.00549	0.00480
10	0.01632	0.61315	0.02778	0.01136	0.01562	0.11978	0.01059	0.01811	0.01232	0.01402	0.00829	0.01000	0.00761	0.00575	0.00564	0.00144	0.08877	0.00346	0.00260	0.00738
11	0.00893	0.00661	0.00870	0.00974	0.01125	0.00638	0.00834	0.01136	0.01358	0.01729	0.03805	0.06440	0.20352	0.01602	0.00789	0.00255	0.00487	0.54973	0.00546	0.00534
12	0.01387	0.41914	0.39055	0.01343	0.02031	0.01864	0.01589	0.01821	0.01225	0.01628	0.00940	0.01096	0.00754	0.00533	0.00469	0.00156	0.00751	0.00376	0.00251	0.00816
13	0.00799	0.00572	0.00772	0.00885	0.00961	0.00545	0.00659	0.00972	0.01267	0.01696	0.12942	0.49279	0.03999	0.01707	0.00764	0.00242	0.00389	0.20481	0.00562	0.00508
14	0.01528	0.69239	0.12965	0.01103	0.01659	0.02209	0.01170	0.01785	0.01208	0.01456	0.00854	0.00989	0.00758	0.00513	0.00404	0.00135	0.00665	0.00333	0.00253	0.00774

[dist]
# distance from previous block
# <min> <max>
0	1

[block]
# block no. 2 follows, 39 sequences, length 30
# corresponding to MSA columns:
# 88-117
name=unknown_C
#
# <colnr> <probs for GDERKNQSTAVLIFYWHMCP>
#	G	D	E	R	K	N	Q	S	T	A	V	L	I	F	Y	W	H	M	C	P
0	0.01343	0.01120	0.01289	0.00931	0.01451	0.00908	0.00749	0.09712	0.01404	0.02132	0.01093	0.01248	0.00891	0.00469	0.00455	0.00098	0.00462	0.00371	0.00378	0.73496
1	0.01766	0.01454	0.01428	0.01240	0.01600	0.09640	0.00973	0.11068	0.50578	0.10367	0.02124	0.01972	0.01564	0.00763	0.00592	0.00191	0.00558	0.00614	0.00582	0.00924
2	0.01226	0.01051	0.01226	0.00876	0.01401	0.00788	0.00701	0.01489	0.01226	0.01927	0.01051	0.01226	0.00876	0.00438	0.00438	0.00088	0.00438	0.00350	0.00350	0.82832
3	0.61481	0.17695	0.01360	0.00833	0.01237	0.01510	0.00722	0.01731	0.01060	0.02346	0.00836	0.00973	0.00679	0.00534	0.00373	0.00166	0.00493	0.00321	0.00341	0.05309
4	0.00699	0.00599	0.00599	0.00599	0.00799	0.00499	0.00449	0.00849	0.01348	0.01598	0.05991	0.05691	0.75288	0.01498	0.00699	0.00200	0.00300	0.01248	0.00549	0.00499
5	0.01396	0.01595	0.03490	0.02493	0.03091	0.01496	0.73380	0.01894	0.01396	0.01894	0.01196	0.01595	0.00897	0.00499	0.00698	0.00199	0.00997	0.00698	0.00299	0.00798
6	0.02653	0.01006	0.01372	0.01052	0.01510	0.00869	0.00869	0.02882	0.01693	0.75937	0.02333	0.02013	0.01464	0.00732	0.00595	0.00183	0.00503	0.00595	0.00732	0.01006
7	0.01186	0.03059	0.76153	0.01686	0.02560	0.01373	0.02185	0.01873	0.01249	0.01873	0.01061	0.01249	0.00749	0.00562	0.00562	0.00187	0.00874	0.00437	0.00250	0.00874
8	0.01294	0.01294	0.01811	0.01553	0.01553	0.01811	0.01294	0.01423	0.00906	0.01423	0.00776	0.01294	0.00776	0.01035	0.01941	0.00259	0.78134	0.00518	0.00259	0.00647
9	0.02248	0.01656	0.01775	0.01361	0.01834	0.01834	0.01124	0.73556	0.02780	0.03727	0.01420	0.01420	0.01006	0.00710	0.00592	0.00177	0.00651	0.00532	0.00592	0.01006
10	0.00845	0.00634	0.00950	0.00950	0.01056	0.00739	0.00739	0.01056	0.00950	0.01373	0.01584	0.02323	0.01478	0.04435	0.76873	0.00950	0.01584	0.00634	0.00317	0.00528
11	0.02248	0.01656	0.01775	0.01361	0.01834	0.01834	0.01124	0.73556	0.02780	0.03727	0.01420	0.01420	0.01006	0.00710	0.00592	0.00177	0.00651	0.00532	0.00592	0.01006
12	0.00721	0.00515	0.00686	0.00823	0.00858	0.00480	0.00549	0.00823	0.01132	0.01510	0.03259	0.78831	0.03911	0.01853	0.00755	0.00240	0.00343	0.01681	0.00549	0.00480
13	0.02248	0.01656	0.01775	0.01361	0.01834	0.01834	0.01124	0.73556	0.02780	0.03727	0.01420	0.01420	0.01006	0.00710	0.00592	0.00177	0.00651	0.00532	0.00592	0.01006
14	0.69718	0.01462	0.13393	0.00929	0.01379	0.01334	0.00897	0.01761	0.01047	0.02523	0.00863	0.01009	0.00659	0.00551	0.00399	0.00184	0.00527	0.00340	0.00347	0.00679
15	0.01581	0.79572	0.03099	0.01012	0.01518	0.02340	0.01012	0.01771	0.01202	0.01391	0.00822	0.00949	0.00759	0.00506	0.00379	0.00126	0.00632	0.00316	0.00253	0.00759
16	0.02248	0.01656	0.01775	0.01361	0.01834	0.01834	0.01124	0.73556	0.02780	0.03727	0.01420	0.01420	0.01006	0.00710	0.00592	0.00177	0.00651	0.00532	0.00592	0.01006
17	0.02653	0.01006	0.01372	0.01052	0.01510	0.00869	0.00869	0.02882	0.01693	0.75937	0.02333	0.02013	0.01464	0.00732	0.00595	0.00183	0.00503	0.00595	0.00732	0.01006
18	0.01226	0.01051	0.01226	0.00876	0.01401	0.00788	0.00701	0.01489	0.01226	0.01927	0.01051	0.01226	0.00876	0.00438	0.00438	0.00088	0.00438	0.00350	0.00350	0.82832
19	0.01392	0.01584	0.03430	0.02459	0.03036	0.01507	0.70803	0.01877	0.01378	0.01877	0.01181	0.01584	0.00893	0.00518	0.00742	0.00202	0.03755	0.00691	0.00298	0.00792
20	0.02248	0.01656	0.01775	0.01361	0.01834	0.01834	0.01124	0.73556	0.02780	0.03727	0.01420	0.01420	0.01006	0.00710	0.00592	0.00177	0.00651	0.00532	0.00592	0.01006
21	0.01226	0.01051	0.01226	0.00876	0.01401	0.00788	0.00701	0.01489	0.01226	0.01927	0.01051	0.01226	0.00876	0.00438	0.00438	0.00088	0.00438	0.00350	0.00350	0.82832
22	0.01139	0.00670	0.00865	0.00873	0.01020	0.00625	0.00630	0.05002	0.01371	0.14402	0.09446	0.51837	0.06720	0.01529	0.00711	0.00221	0.00379	0.01363	0.00591	0.00605
23	0.00867	0.00608	0.00794	0.00805	0.00937	0.00564	0.00612	0.01100	0.01501	0.03969	0.43941	0.19027	0.10278	0.01403	0.00723	0.00210	0.00336	0.11168	0.00611	0.00548
24	0.01357	0.01133	0.01295	0.00950	0.01459	0.00946	0.00762	0.09805	0.05541	0.02163	0.01170	0.01304	0.00943	0.00490	0.00465	0.00104	0.00464	0.00389	0.00392	0.68869
25	0.00738	0.00604	0.00654	0.00651	0.00835	0.00519	0.00494	0.00920	0.01415	0.01763	0.19975	0.05475	0.57861	0.01445	0.00704	0.00200	0.00306	0.04357	0.00570	0.00513
26	0.01464	0.01405	0.02400	0.03630	0.75528	0.01405	0.01815	0.01815	0.01347	0.01932	0.01112	0.01464	0.00937	0.00527	0.00585	0.00176	0.00703	0.00527	0.00293	0.00937
27	0.01087	0.00926	0.05284	0.01149	0.01364	0.00861	0.01030	0.05237	0.08879	0.01950	0.02851	0.05635	0.02965	0.01440	0.00769	0.00255	0.00561	0.56595	0.00536	0.00627
28	0.01270	0.19211	0.60731	0.01543	0.02340	0.01577	0.01937	0.01851	0.01239	0.01771	0.01011	0.01185	0.00751	0.00550	0.00523	0.00174	0.00823	0.00411	0.00250	0.00850
29	0.01531	0.65040	0.08524	0.01230	0.01774	0.02172	0.09355	0.01792	0.01227	0.01484	0.00882	0.01045	0.00774	0.00509	0.00429	0.00139	0.00692	0.00369	0.00258	0.00772

[dist]
# distance from previous block
# <min> <max>
6	10

[block]
# block no. 3 follows, 39 sequences, length 15
# corresponding to MSA columns:
# 128-142
name=unknown_D
#
# <colnr> <probs for GDERKNQSTAVLIFYWHMCP>
#	G	D	E	R	K	N	Q	S	T	A	V	L	I	F	Y	W	H	M	C	P
0	0.01908	0.01431	0.02044	0.01556	0.02004	0.05820	0.21624	0.21584	0.03471	0.18817	0.11610	0.02045	0.01728	0.00737	0.00646	0.00191	0.00697	0.00670	0.00539	0.00879
1	0.00997	0.00766	0.00886	0.00914	0.01030	0.00802	0.00632	0.01517	0.22024	0.01735	0.02736	0.40543	0.02946	0.18169	0.01207	0.00306	0.00439	0.01220	0.00532	0.00600
2	0.40127	0.01765	0.01390	0.01185	0.01564	0.23011	0.02955	0.17352	0.01609	0.02541	0.01019	0.01150	0.00790	0.00619	0.00485	0.00179	0.00698	0.00404	0.00405	0.00752
3	0.01770	0.01338	0.02020	0.01593	0.01895	0.03857	0.16615	0.02086	0.05254	0.22892	0.01441	0.01645	0.01085	0.00811	0.01144	0.00219	0.30622	0.00588	0.00435	0.02690
4	0.01863	0.22295	0.02268	0.02105	0.31344	0.01520	0.01303	0.02178	0.04239	0.22959	0.01462	0.01551	0.01101	0.00610	0.00546	0.00171	0.00627	0.00505	0.00430	0.00923
5	0.00916	0.00760	0.01030	0.01052	0.01080	0.00879	0.00775	0.01018	0.01086	0.01513	0.02570	0.56369	0.03030	0.01633	0.01105	0.00251	0.22559	0.01353	0.00475	0.00544
6	0.01371	0.00837	0.00864	0.00777	0.00994	0.00882	0.00602	0.14506	0.08060	0.02527	0.01906	0.02101	0.01475	0.00722	0.00476	0.00156	0.00371	0.00568	0.60124	0.00683
7	0.02336	0.01573	0.01730	0.01331	0.01803	0.01697	0.01095	0.62272	0.02623	0.14944	0.01589	0.01552	0.01104	0.00733	0.00605	0.00184	0.00637	0.00551	0.00622	0.01019
8	0.00977	0.00810	0.00872	0.00831	0.01052	0.00805	0.00627	0.01573	0.22282	0.02008	0.17122	0.08434	0.37755	0.01283	0.00686	0.00205	0.00357	0.01080	0.00591	0.00649
9	0.01376	0.00729	0.01001	0.01007	0.01208	0.00681	0.00821	0.01590	0.01394	0.22871	0.02938	0.24718	0.02986	0.01435	0.00737	0.00238	0.00479	0.32533	0.00599	0.00659
10	0.00804	0.00579	0.00761	0.00767	0.00876	0.00536	0.00555	0.01032	0.01519	0.02125	0.54676	0.25659	0.05104	0.01393	0.00714	0.00201	0.00297	0.01244	0.00622	0.00536
11	0.01384	0.01877	0.23453	0.03075	0.54699	0.01396	0.01921	0.01831	0.01319	0.01915	0.01098	0.01402	0.00883	0.00537	0.00579	0.00179	0.00751	0.00501	0.00280	0.00919
12	0.01367	0.01509	0.03010	0.02224	0.02652	0.01586	0.52803	0.01760	0.01256	0.01760	0.01076	0.01509	0.00863	0.00652	0.01053	0.00216	0.23016	0.00646	0.00288	0.00755
13	0.01605	0.02473	0.54807	0.01505	0.02260	0.01229	0.01809	0.02161	0.01375	0.23014	0.01424	0.01467	0.00953	0.00610	0.00571	0.00186	0.00768	0.00482	0.00387	0.00912
14	0.01352	0.01722	0.12361	0.02222	0.02832	0.01426	0.56017	0.01843	0.01349	0.01882	0.01155	0.01511	0.00874	0.00516	0.00691	0.00190	0.03020	0.00629	0.00296	0.08114

[dist]
# distance from previous block
# <min> <max>
39	55

[block]
# block no. 4 follows, 39 sequences, length 17
# corresponding to MSA columns:
# 223-239
name=unknown_E
#
# <colnr> <probs for GDERKNQSTAVLIFYWHMCP>
#	G	D	E	R	K	N	Q	S	T	A	V	L	I	F	Y	W	H	M	C	P
0	0.01095	0.00843	0.01028	0.00922	0.01182	0.00774	0.02243	0.06994	0.06694	0.04128	0.04698	0.33566	0.10773	0.01214	0.00638	0.00186	0.00412	0.01067	0.00510	0.21035
1	0.01272	0.01050	0.01207	0.00900	0.01364	0.00867	0.00719	0.09581	0.01447	0.02141	0.07318	0.01836	0.06861	0.00609	0.00495	0.00114	0.00439	0.00495	0.00416	0.60868
2	0.01300	0.01203	0.14082	0.01068	0.01395	0.00911	0.00994	0.01622	0.01489	0.15486	0.35701	0.02973	0.03184	0.00963	0.00786	0.00191	0.09262	0.02232	0.00535	0.04623
3	0.00699	0.00599	0.00599	0.00599	0.00799	0.00499	0.00449	0.00849	0.01348	0.01598	0.05991	0.05691	0.75288	0.01498	0.00699	0.00200	0.00300	0.01248	0.00549	0.00499
4	0.01335	0.01251	0.02104	0.03144	0.62601	0.01245	0.01596	0.01643	0.01309	0.01859	0.01484	0.14857	0.01452	0.00756	0.00615	0.00187	0.00640	0.00727	0.00337	0.00858
5	0.02331	0.13212	0.01681	0.01085	0.01537	0.01248	0.00920	0.14861	0.01804	0.48440	0.05414	0.01861	0.01472	0.00716	0.00566	0.00173	0.00538	0.00564	0.00630	0.00947
6	0.01193	0.02711	0.63182	0.01545	0.02359	0.01272	0.01928	0.01806	0.01245	0.01882	0.01060	0.01245	0.00771	0.00540	0.00540	0.00170	0.00799	0.00422	0.00267	0.15062
7	0.01226	0.01051	0.01226	0.00876	0.01401	0.00788	0.00701	0.01489	0.01226	0.01927	0.01051	0.01226	0.00876	0.00438	0.00438	0.00088	0.00438	0.00350	0.00350	0.82832
8	0.24760	0.01200	0.01858	0.24375	0.04740	0.01280	0.18885	0.01649	0.01192	0.01985	0.01115	0.04586	0.00916	0.00592	0.00545	0.00184	0.00690	0.00541	0.00323	0.08585
9	0.01234	0.19671	0.51483	0.01430	0.02140	0.01494	0.01742	0.01765	0.01286	0.01823	0.09415	0.01542	0.01299	0.00623	0.00537	0.00174	0.00753	0.00482	0.00296	0.00813
10	0.01066	0.00839	0.00916	0.00853	0.01054	0.06609	0.00642	0.01290	0.01495	0.06184	0.36556	0.16714	0.09311	0.01196	0.00664	0.00186	0.00394	0.03564	0.00565	0.09902
11	0.14421	0.01945	0.01489	0.01282	0.01607	0.35664	0.01002	0.06641	0.03215	0.01886	0.00975	0.01158	0.00806	0.00637	0.00678	0.00162	0.10769	0.00401	0.00342	0.14921
12	0.01487	0.01587	0.03213	0.02318	0.02873	0.01549	0.61664	0.09995	0.01529	0.02079	0.01201	0.01561	0.00904	0.00549	0.00747	0.00200	0.04729	0.00670	0.00330	0.00814
13	0.00831	0.00571	0.00700	0.00727	0.00750	0.00581	0.00454	0.00883	0.00927	0.01252	0.02090	0.18135	0.02387	0.52719	0.13961	0.00567	0.00685	0.00984	0.00389	0.00408
14	0.00714	0.00539	0.00661	0.00759	0.00841	0.00486	0.00520	0.00831	0.01194	0.01535	0.04042	0.57878	0.24359	0.01751	0.00739	0.00229	0.00331	0.01557	0.00549	0.00486
15	0.01886	0.01907	0.05628	0.02287	0.30162	0.19640	0.01446	0.25428	0.01890	0.02400	0.01163	0.01344	0.00908	0.00608	0.00574	0.00171	0.00781	0.00489	0.00391	0.00896
16	0.00929	0.00706	0.00869	0.00836	0.00993	0.00704	0.00622	0.01422	0.14191	0.02256	0.51518	0.15506	0.04669	0.01238	0.00690	0.00197	0.00322	0.01094	0.00627	0.00611

[dist]
# distance from previous block
# <min> <max>
5	9

[block]
# block no. 5 follows, 39 sequences, length 9
# corresponding to MSA columns:
# 250-258
name=unknown_F
#
# <colnr> <probs for GDERKNQSTAVLIFYWHMCP>
#	G	D	E	R	K	N	Q	S	T	A	V	L	I	F	Y	W	H	M	C	P
0	0.00925	0.00646	0.00885	0.07667	0.01193	0.00625	0.00668	0.01177	0.01523	0.05610	0.50851	0.18814	0.04625	0.01259	0.00694	0.00198	0.00348	0.01120	0.00600	0.00573
1	0.01336	0.01474	0.03137	0.07890	0.02996	0.01409	0.61639	0.01806	0.01377	0.01855	0.01359	0.02048	0.01113	0.00607	0.00701	0.00206	0.00941	0.07023	0.00318	0.00765
2	0.00910	0.00650	0.00903	0.01039	0.01157	0.00643	0.00877	0.01150	0.01319	0.01721	0.03155	0.20158	0.03498	0.01675	0.00805	0.00266	0.00507	0.58488	0.00545	0.00533
3	0.01226	0.01051	0.01226	0.00876	0.01401	0.00788	0.00701	0.01489	0.01226	0.01927	0.01051	0.01226	0.00876	0.00438	0.00438	0.00088	0.00438	0.00350	0.00350	0.82832
4	0.01094	0.00911	0.01085	0.00862	0.01259	0.00708	0.00661	0.01315	0.01202	0.01818	0.01628	0.21510	0.01669	0.00808	0.00521	0.00127	0.00413	0.00698	0.00402	0.61308
5	0.01471	0.01270	0.01337	0.01203	0.01538	0.01471	0.00936	0.03142	0.74459	0.02474	0.02407	0.02206	0.01805	0.00802	0.00602	0.00201	0.00468	0.00669	0.00602	0.00936
6	0.01226	0.01051	0.01226	0.00876	0.01401	0.00788	0.00701	0.01489	0.01226	0.01927	0.01051	0.01226	0.00876	0.00438	0.00438	0.00088	0.00438	0.00350	0.00350	0.82832
7	0.01226	0.01051	0.01226	0.00876	0.01401	0.00788	0.00701	0.01489	0.01226	0.01927	0.01051	0.01226	0.00876	0.00438	0.00438	0.00088	0.00438	0.00350	0.00350	0.82832
8	0.02248	0.01656	0.01775	0.01361	0.01834	0.01834	0.01124	0.73556	0.02780	0.03727	0.01420	0.01420	0.01006	0.00710	0.00592	0.00177	0.00651	0.00532	0.00592	0.01006

[dist]
# distance from previous block
# <min> <max>
2	60

[block]
# block no. 6 follows, 39 sequences, length 26
# corresponding to MSA columns:
# 337-362
name=unknown_G
#
# <colnr> <probs for GDERKNQSTAVLIFYWHMCP>
#	G	D	E	R	K	N	Q	S	T	A	V	L	I	F	Y	W	H	M	C	P
0	0.01982	0.01555	0.01785	0.01414	0.01756	0.01828	0.01171	0.53469	0.02258	0.03085	0.01241	0.01385	0.00942	0.00800	0.00967	0.00200	0.22228	0.00528	0.00499	0.00906
1	0.60910	0.01105	0.01009	0.00854	0.01246	0.01199	0.00704	0.02057	0.01198	0.23061	0.01244	0.01254	0.00870	0.00600	0.00430	0.00183	0.00470	0.00397	0.00468	0.00742
2	0.01491	0.00898	0.01126	0.00911	0.01289	0.00730	0.00708	0.01703	0.01332	0.22427	0.01986	0.21737	0.01833	0.00890	0.00564	0.00154	0.00431	0.00766	0.00509	0.38513
3	0.22376	0.00695	0.00723	0.00762	0.00873	0.00728	0.00520	0.01073	0.01024	0.01708	0.02234	0.37595	0.02566	0.23055	0.01281	0.00318	0.00437	0.01097	0.00448	0.00488
4	0.00917	0.00812	0.01442	0.01283	0.01473	0.00763	0.19627	0.01138	0.01221	0.01633	0.02709	0.52413	0.03079	0.01480	0.00745	0.00232	0.00531	0.07449	0.00483	0.00569
5	0.00891	0.00821	0.01395	0.01197	0.01425	0.00751	0.19565	0.01110	0.01261	0.01635	0.03481	0.38268	0.22999	0.01400	0.00724	0.00218	0.00502	0.01303	0.00484	0.00569
6	0.22677	0.01050	0.01009	0.00924	0.01229	0.01163	0.00723	0.02137	0.34894	0.02277	0.02991	0.02851	0.21963	0.00930	0.00567	0.00196	0.00418	0.00739	0.00525	0.00737
7	0.01186	0.03059	0.76153	0.01686	0.02560	0.01373	0.02185	0.01873	0.01249	0.01873	0.01061	0.01249	0.00749	0.00562	0.00562	0.00187	0.00874	0.00437	0.00250	0.00874
8	0.01299	0.02269	0.36919	0.02121	0.02846	0.01439	0.40626	0.01884	0.01328	0.01884	0.01134	0.01436	0.00829	0.00528	0.00635	0.00194	0.00940	0.00578	0.00276	0.00833
9	0.01367	0.22605	0.36513	0.02051	0.22607	0.01635	0.01775	0.01830	0.01264	0.01763	0.01013	0.01230	0.00804	0.00538	0.00521	0.00168	0.00763	0.00430	0.00263	0.00861
10	0.01662	0.01789	0.02182	0.04998	0.53121	0.22410	0.01623	0.01959	0.01434	0.01786	0.01056	0.01356	0.00884	0.00552	0.00571	0.00170	0.00806	0.00486	0.00295	0.00859
11	0.01008	0.00933	0.01467	0.57610	0.03217	0.01101	0.01330	0.01338	0.01226	0.01534	0.02343	0.02653	0.20268	0.00828	0.00619	0.00198	0.00661	0.00714	0.00338	0.00616
12	0.01595	0.01321	0.01573	0.21274	0.02283	0.01531	0.01173	0.22324	0.35339	0.02571	0.01778	0.01823	0.01317	0.00721	0.00596	0.00193	0.00603	0.00593	0.00510	0.00882
13	0.00857	0.00548	0.00676	0.00727	0.00817	0.00520	0.00514	0.01054	0.01304	0.01929	0.21704	0.38036	0.03681	0.01360	0.00645	0.00197	0.00308	0.01207	0.23396	0.00520
14	0.00791	0.00594	0.00678	0.00662	0.00785	0.00540	0.00461	0.00944	0.01324	0.01738	0.28638	0.04746	0.30959	0.23041	0.01342	0.00299	0.00369	0.01079	0.00531	0.00480
15	0.23337	0.01055	0.01353	0.22351	0.02128	0.01113	0.01025	0.02201	0.01371	0.36050	0.01581	0.01616	0.01060	0.00645	0.00534	0.00187	0.00571	0.00504	0.00506	0.00813
16	0.01544	0.02560	0.36129	0.02149	0.21435	0.22398	0.01798	0.01994	0.01393	0.01770	0.01034	0.01254	0.00802	0.00566	0.00560	0.00175	0.00883	0.00445	0.00276	0.00838
17	0.39799	0.01070	0.01141	0.00926	0.01341	0.01080	0.00764	0.02356	0.01377	0.42223	0.01639	0.01529	0.01085	0.00648	0.00489	0.00183	0.00482	0.00468	0.00564	0.00838
18	0.00842	0.00616	0.00882	0.00956	0.01051	0.00655	0.00749	0.01042	0.01112	0.01519	0.02453	0.23539	0.02651	0.02980	0.35791	0.00576	0.00970	0.20655	0.00441	0.00520
19	0.01194	0.00920	0.01050	0.00791	0.01215	0.00726	0.00626	0.01460	0.01230	0.02000	0.01281	0.01482	0.01043	0.00504	0.00432	0.00101	0.00396	0.00403	0.21830	0.61318
20	0.00897	0.00836	0.01393	0.01167	0.01421	0.00759	0.19554	0.01135	0.01324	0.01707	0.09034	0.24894	0.30868	0.01314	0.00714	0.00210	0.00493	0.01212	0.00491	0.00576
21	0.01094	0.00934	0.01265	0.22261	0.02010	0.00874	0.00926	0.01398	0.01331	0.01927	0.20443	0.02158	0.02082	0.00682	0.00549	0.00144	0.00494	0.00587	0.00405	0.38436
22	0.01452	0.01855	0.20925	0.01354	0.01827	0.07136	0.01278	0.02752	0.49822	0.02239	0.01942	0.01870	0.01450	0.00725	0.00586	0.00193	0.00619	0.00586	0.00487	0.00901
23	0.01197	0.01093	0.01810	0.22195	0.34579	0.01147	0.02881	0.01542	0.01396	0.01944	0.21734	0.02318	0.02190	0.00733	0.00620	0.00185	0.00613	0.00681	0.00385	0.00755
24	0.00929	0.00725	0.00867	0.00929	0.01047	0.00756	0.00657	0.01469	0.21552	0.01778	0.03022	0.57493	0.03325	0.01560	0.00712	0.00229	0.00378	0.01399	0.00564	0.00607
25	0.22677	0.00936	0.00945	0.00760	0.01136	0.00863	0.00605	0.01523	0.01173	0.02194	0.01236	0.01429	0.00993	0.00537	0.00412	0.00127	0.00398	0.00398	0.23231	0.38428

[dist]
# distance from previous block
# <min> <max>
0	1

[block]
# block no. 7 follows, 39 sequences, length 15
# corresponding to MSA columns:
# 364-378
name=unknown_H
#
# <colnr> <probs for GDERKNQSTAVLIFYWHMCP>
#	G	D	E	R	K	N	Q	S	T	A	V	L	I	F	Y	W	H	M	C	P
0	0.01862	0.01178	0.01356	0.01226	0.01534	0.01182	0.00922	0.04487	0.31145	0.22696	0.02769	0.21864	0.02421	0.01202	0.00742	0.00249	0.00536	0.00973	0.00697	0.00958
1	0.01562	0.01927	0.22540	0.02457	0.33878	0.01360	0.01697	0.01903	0.01436	0.02131	0.01327	0.01677	0.01101	0.00680	0.00645	0.00202	0.00759	0.00535	0.00381	0.21801
2	0.24731	0.01316	0.01399	0.01194	0.01598	0.01344	0.00935	0.05388	0.22436	0.29395	0.02100	0.02067	0.01528	0.00859	0.00637	0.00233	0.00570	0.00613	0.00657	0.00999
3	0.24149	0.02203	0.33921	0.02066	0.20799	0.01490	0.01714	0.01974	0.01358	0.02322	0.01255	0.01565	0.01006	0.00714	0.00619	0.00228	0.00785	0.00509	0.00380	0.00944
4	0.01459	0.02030	0.33894	0.02064	0.20696	0.01266	0.01679	0.01707	0.01293	0.01874	0.01311	0.01796	0.01112	0.01129	0.01154	0.22985	0.00800	0.00562	0.00350	0.00838
5	0.01699	0.01562	0.02520	0.03691	0.72774	0.01526	0.01878	0.01970	0.01494	0.02149	0.01357	0.01797	0.01168	0.00693	0.00689	0.00221	0.00778	0.00605	0.00378	0.01053
6	0.01979	0.01650	0.22026	0.01363	0.01853	0.01117	0.01299	0.02254	0.01516	0.33922	0.01989	0.02192	0.01481	0.01782	0.20030	0.00424	0.00963	0.00636	0.00562	0.00962
7	0.01366	0.01019	0.01126	0.01069	0.01284	0.00986	0.00780	0.19466	0.01765	0.02329	0.03705	0.36332	0.22951	0.01579	0.00795	0.00256	0.00499	0.01303	0.00635	0.00753
8	0.01561	0.01364	0.02347	0.02614	0.33813	0.01303	0.19665	0.01702	0.01348	0.01890	0.01355	0.01922	0.01183	0.01107	0.01193	0.22986	0.00801	0.00644	0.00370	0.00830
9	0.24031	0.01247	0.01669	0.53711	0.03334	0.01441	0.01436	0.01741	0.01288	0.02059	0.01235	0.01735	0.00985	0.00743	0.00633	0.00238	0.00770	0.00547	0.00378	0.00779
10	0.01067	0.00770	0.00948	0.00939	0.01071	0.00692	0.00668	0.01224	0.01671	0.02352	0.54289	0.23502	0.05205	0.01512	0.00811	0.00245	0.00388	0.01281	0.00697	0.00669
11	0.01494	0.22852	0.02283	0.53775	0.03437	0.01721	0.01538	0.01749	0.01342	0.01711	0.01235	0.01732	0.01018	0.00731	0.00636	0.00222	0.00818	0.00546	0.00347	0.00812
12	0.01148	0.01574	0.20658	0.55568	0.06511	0.01333	0.01787	0.01615	0.01206	0.01619	0.01056	0.01489	0.00784	0.00581	0.00584	0.00194	0.00807	0.00503	0.00261	0.00723
13	0.01370	0.01909	0.22994	0.02806	0.37060	0.01419	0.20063	0.01851	0.01332	0.01906	0.01120	0.01438	0.00875	0.00529	0.00607	0.00185	0.00824	0.00546	0.00282	0.00884
14	0.01150	0.01195	0.00996	0.00993	0.04034	0.19909	0.00709	0.01344	0.01521	0.01786	0.23581	0.04001	0.34252	0.01155	0.00652	0.00183	0.00504	0.00951	0.00505	0.00580

[dist]
# distance from previous block
# <min> <max>
0	3

[block]
# block no. 8 follows, 39 sequences, length 6
# corresponding to MSA columns:
# 382-387
name=unknown_I
#
# <colnr> <probs for GDERKNQSTAVLIFYWHMCP>
#	G	D	E	R	K	N	Q	S	T	A	V	L	I	F	Y	W	H	M	C	P
0	0.00873	0.00689	0.00797	0.00755	0.00940	0.00657	0.00570	0.01289	0.11040	0.02122	0.42211	0.04562	0.28778	0.01254	0.00686	0.00193	0.00311	0.01078	0.00610	0.00587
1	0.01452	0.01123	0.01325	0.01064	0.01438	0.01128	0.00857	0.25841	0.01666	0.02362	0.01347	0.01642	0.01112	0.01807	0.24907	0.00394	0.00876	0.00503	0.00422	0.28733
2	0.02134	0.00849	0.01180	0.00962	0.01273	0.00756	0.00756	0.02207	0.01398	0.52008	0.01916	0.01944	0.01324	0.01154	0.01143	0.26573	0.00507	0.00569	0.00580	0.00767
3	0.27577	0.01602	0.11884	0.02079	0.17649	0.01407	0.25808	0.01825	0.01242	0.02142	0.01042	0.01320	0.00804	0.00529	0.00550	0.00188	0.00747	0.00507	0.00313	0.00787
4	0.01312	0.02243	0.37414	0.02353	0.18091	0.01419	0.24850	0.01868	0.01316	0.01892	0.01115	0.01405	0.00836	0.00534	0.00610	0.00189	0.00877	0.00539	0.00275	0.00863
5	0.02085	0.01396	0.01550	0.01246	0.01671	0.01515	0.01010	0.36184	0.25449	0.18529	0.01927	0.01796	0.01358	0.00744	0.00595	0.00186	0.00561	0.00589	0.00624	0.00984

[dist]
# distance from previous block
# <min> <max>
9	13

[block]
# block no. 9 follows, 39 sequences, length 11
# corresponding to MSA columns:
# 401-411
name=unknown_J
#
# <colnr> <probs for GDERKNQSTAVLIFYWHMCP>
#	G	D	E	R	K	N	Q	S	T	A	V	L	I	F	Y	W	H	M	C	P
0	0.01237	0.02394	0.46922	0.06976	0.02698	0.01351	0.19639	0.01822	0.01279	0.01858	0.01093	0.01355	0.00799	0.00538	0.00587	0.00183	0.00862	0.00500	0.00271	0.07636
1	0.01362	0.01917	0.25597	0.02845	0.46396	0.01429	0.01888	0.01801	0.01279	0.01871	0.01068	0.01382	0.00864	0.00580	0.00690	0.00186	0.07177	0.00498	0.00276	0.00893
2	0.01745	0.01980	0.01915	0.08634	0.30503	0.36216	0.01431	0.02002	0.01486	0.01662	0.01152	0.01642	0.01011	0.00645	0.00577	0.00173	0.00867	0.05272	0.00313	0.00771
3	0.00839	0.00611	0.00825	0.00788	0.00921	0.00597	0.00597	0.01103	0.01519	0.02157	0.59400	0.03968	0.04699	0.01902	0.17059	0.00350	0.00559	0.00976	0.00579	0.00552
4	0.21450	0.02058	0.41340	0.01259	0.01849	0.01187	0.01453	0.01677	0.01280	0.02173	0.16930	0.01858	0.01760	0.00698	0.00543	0.00186	0.00643	0.00544	0.00365	0.00748
5	0.01652	0.01452	0.01577	0.01345	0.01627	0.05763	0.01080	0.19349	0.35307	0.02455	0.01688	0.01732	0.01304	0.00827	0.00927	0.00207	0.19759	0.00583	0.00498	0.00867
6	0.18737	0.00877	0.00906	0.00853	0.01029	0.00980	0.00614	0.01640	0.19113	0.01829	0.01736	0.02623	0.01649	0.32720	0.11921	0.00449	0.00660	0.00666	0.00415	0.00585
7	0.01602	0.01750	0.17515	0.01346	0.01831	0.01540	0.01251	0.20291	0.41000	0.02655	0.01874	0.01806	0.01381	0.00728	0.00591	0.00192	0.00600	0.00585	0.00524	0.00940
8	0.02123	0.01411	0.01569	0.01251	0.01683	0.01528	0.01018	0.39149	0.22120	0.18895	0.01886	0.01762	0.01322	0.00740	0.00595	0.00185	0.00569	0.00583	0.00625	0.00987
9	0.01000	0.01905	0.41298	0.01267	0.01779	0.00980	0.01431	0.01460	0.01329	0.01918	0.19880	0.18696	0.02624	0.00999	0.00637	0.00198	0.00613	0.00861	0.00413	0.00711
10	0.02219	0.02531	0.01700	0.01483	0.01830	0.58285	0.01138	0.19976	0.01949	0.02011	0.01039	0.01154	0.00822	0.00634	0.00548	0.00159	0.00964	0.00418	0.00376	0.00765

[dist]
# distance from previous block
# <min> <max>
0	1

[block]
# block no. 10 follows, 39 sequences, length 26
# corresponding to MSA columns:
# 413-438
name=unknown_K
#
# <colnr> <probs for GDERKNQSTAVLIFYWHMCP>
#	G	D	E	R	K	N	Q	S	T	A	V	L	I	F	Y	W	H	M	C	P
0	0.02218	0.02553	0.01698	0.01486	0.01830	0.59712	0.01138	0.18620	0.01928	0.01968	0.01030	0.01147	0.00817	0.00632	0.00547	0.00158	0.00972	0.00415	0.00370	0.00759
1	0.01397	0.08244	0.47000	0.01563	0.02204	0.01588	0.01787	0.12829	0.01424	0.02048	0.01052	0.01260	0.00794	0.00659	0.00780	0.00193	0.13568	0.00456	0.00304	0.00848
2	0.00855	0.00671	0.00994	0.01277	0.12388	0.00665	0.00775	0.01014	0.01135	0.01552	0.02652	0.54295	0.03052	0.02075	0.13287	0.00347	0.00603	0.01331	0.00471	0.00558
3	0.00947	0.00528	0.00760	0.00775	0.00802	0.00515	0.00526	0.00832	0.00969	0.01314	0.12819	0.14910	0.02204	0.01891	0.01806	0.56454	0.00449	0.00792	0.00366	0.00340
4	0.01682	0.01638	0.02139	0.08449	0.46705	0.13085	0.01585	0.13713	0.01622	0.02122	0.01128	0.01404	0.00910	0.00575	0.00579	0.00174	0.00756	0.00505	0.00342	0.00889
5	0.01406	0.01347	0.02297	0.15866	0.63739	0.01390	0.01786	0.01765	0.01319	0.01863	0.01102	0.01482	0.00912	0.00538	0.00586	0.00179	0.00717	0.00527	0.00288	0.00891
6	0.00891	0.00717	0.00929	0.00855	0.00981	0.00756	0.00663	0.01126	0.01497	0.02096	0.52275	0.04098	0.15521	0.01225	0.00903	0.00200	0.13127	0.01006	0.00571	0.00564
7	0.01405	0.02552	0.52361	0.01558	0.02283	0.01464	0.01818	0.13895	0.12774	0.02271	0.01328	0.01424	0.00954	0.00623	0.00573	0.00188	0.00775	0.00488	0.00360	0.00905
8	0.14892	0.01192	0.01190	0.01100	0.01379	0.04111	0.00849	0.02461	0.45606	0.02278	0.02161	0.13723	0.01860	0.00924	0.00634	0.00204	0.03358	0.00751	0.00531	0.00797
9	0.00736	0.00542	0.00690	0.00776	0.00853	0.00496	0.00535	0.00876	0.01255	0.01665	0.15552	0.55292	0.15177	0.01692	0.00737	0.00225	0.00326	0.01514	0.00566	0.00496
10	0.01181	0.02419	0.52344	0.14118	0.02631	0.01274	0.01867	0.01754	0.01234	0.01821	0.01058	0.01299	0.00775	0.00548	0.00548	0.00174	0.00793	0.00438	0.00267	0.13458
11	0.01968	0.02144	0.01674	0.13200	0.02143	0.41929	0.01193	0.16617	0.09755	0.02027	0.01200	0.01340	0.00929	0.00648	0.00561	0.00170	0.00875	0.00465	0.00388	0.00773
12	0.15765	0.01073	0.01357	0.01084	0.01456	0.01090	0.00897	0.02469	0.01458	0.52373	0.01844	0.01729	0.01222	0.00748	0.00764	0.00195	0.12449	0.00538	0.00599	0.00891
13	0.02282	0.02520	0.01626	0.01446	0.01776	0.64308	0.01098	0.02447	0.01679	0.13737	0.01148	0.01223	0.00878	0.00630	0.00543	0.00157	0.00974	0.00416	0.00375	0.00739
14	0.01480	0.01112	0.01712	0.57393	0.03427	0.01304	0.01465	0.09814	0.01441	0.13220	0.01290	0.01626	0.00917	0.00626	0.00592	0.00193	0.00729	0.00537	0.00372	0.00750
15	0.01579	0.01218	0.01289	0.01119	0.01420	0.02976	0.00872	0.20025	0.37144	0.02539	0.01894	0.01933	0.01449	0.00929	0.00803	0.11145	0.00511	0.00595	0.09746	0.00814
16	0.00752	0.00533	0.00695	0.00793	0.00837	0.00501	0.00529	0.00866	0.01174	0.01583	0.12650	0.60538	0.03935	0.10457	0.01001	0.00270	0.00360	0.01508	0.00541	0.00477
17	0.00736	0.00527	0.00700	0.00813	0.00861	0.00491	0.00550	0.00862	0.01204	0.01624	0.12806	0.68958	0.04133	0.01767	0.00747	0.00233	0.00335	0.01600	0.00562	0.00491
18	0.10584	0.01472	0.02895	0.02085	0.02648	0.01383	0.55567	0.01823	0.01330	0.01984	0.01135	0.01475	0.00866	0.00496	0.00626	0.00183	0.00862	0.00609	0.00313	0.11664
19	0.01381	0.01502	0.03067	0.02406	0.11003	0.01392	0.55699	0.01832	0.01368	0.01903	0.01168	0.01531	0.00899	0.00494	0.00651	0.00182	0.00890	0.00633	0.00305	0.11697
20	0.01003	0.00599	0.00807	0.00884	0.00986	0.00554	0.00637	0.01142	0.01232	0.11414	0.03122	0.60534	0.03530	0.01679	0.00741	0.00236	0.00387	0.09385	0.00573	0.00557
21	0.01433	0.01482	0.02947	0.02155	0.02673	0.01426	0.55613	0.11282	0.01550	0.02094	0.01458	0.10247	0.01250	0.00679	0.00690	0.00201	0.00878	0.00786	0.00366	0.00790
22	0.01517	0.01546	0.02222	0.13084	0.56372	0.11402	0.01703	0.01848	0.01369	0.01812	0.01078	0.01426	0.00894	0.00546	0.00579	0.00175	0.00762	0.00507	0.00290	0.00867
23	0.00721	0.00515	0.00686	0.00823	0.00858	0.00480	0.00549	0.00823	0.01132	0.01510	0.03259	0.78831	0.03911	0.01853	0.00755	0.00240	0.00343	0.01681	0.00549	0.00480
24	0.01487	0.01396	0.02894	0.02114	0.02630	0.01298	0.55579	0.01905	0.01406	0.11675	0.01579	0.10326	0.01311	0.00682	0.00691	0.00202	0.00858	0.00795	0.00385	0.00790
25	0.02052	0.01227	0.01432	0.01138	0.01574	0.01235	0.00921	0.18320	0.21733	0.30174	0.01982	0.01831	0.01378	0.00707	0.00575	0.00174	0.00517	0.00569	0.00615	0.11843

[dist]
# distance from previous block
# <min> <max>
10	13

[block]
# block no. 11 follows, 39 sequences, length 19
# corresponding to MSA columns:
# 452-470
name=unknown_L
#
# <colnr> <probs for GDERKNQSTAVLIFYWHMCP>
#	G	D	E	R	K	N	Q	S	T	A	V	L	I	F	Y	W	H	M	C	P
0	0.02550	0.01170	0.01589	0.14875	0.02120	0.01077	0.01098	0.02740	0.01723	0.60225	0.02282	0.02217	0.01534	0.00850	0.00688	0.00226	0.00630	0.00650	0.00710	0.01047
1	0.02678	0.01395	0.01662	0.01310	0.01779	0.01343	0.01051	0.28312	0.02203	0.47610	0.02183	0.02082	0.01490	0.00867	0.00687	0.00222	0.00632	0.00640	0.00744	0.01109
2	0.01703	0.15371	0.01798	0.01311	0.01686	0.01732	0.01038	0.02991	0.58925	0.02458	0.02299	0.02257	0.01797	0.00890	0.00655	0.00227	0.00574	0.00671	0.00606	0.01010
3	0.01835	0.01625	0.03182	0.02331	0.02906	0.01490	0.57957	0.02208	0.01580	0.15287	0.01617	0.01966	0.01209	0.00692	0.00769	0.00237	0.00967	0.00744	0.00454	0.00945
4	0.01444	0.01243	0.01314	0.01190	0.01513	0.01436	0.00922	0.03060	0.71839	0.02439	0.02437	0.04945	0.01881	0.00840	0.00607	0.00202	0.00464	0.00705	0.00600	0.00920
5	0.64213	0.01060	0.00886	0.00818	0.01131	0.01204	0.00651	0.05512	0.01126	0.02508	0.01290	0.14863	0.01243	0.00790	0.00448	0.00193	0.00448	0.00574	0.00411	0.00632
6	0.01609	0.01339	0.01415	0.01231	0.01591	0.01536	0.00970	0.15691	0.61686	0.02697	0.02231	0.02066	0.01663	0.00786	0.00600	0.00196	0.00501	0.00644	0.00600	0.00948
7	0.01102	0.00551	0.00551	0.00551	0.00689	0.00551	0.00413	0.01378	0.01240	0.02205	0.01929	0.02205	0.01516	0.00689	0.00413	0.00138	0.00276	0.00551	0.82500	0.00551
8	0.00741	0.00540	0.00729	0.00834	0.00890	0.00527	0.00577	0.00866	0.01111	0.01490	0.03108	0.61252	0.07327	0.02294	0.14317	0.00365	0.00562	0.01471	0.00508	0.00490
9	0.01032	0.00844	0.01405	0.01339	0.01558	0.00826	0.13860	0.01344	0.01368	0.01792	0.02786	0.05766	0.02957	0.01431	0.00796	0.00259	0.00625	0.58921	0.00501	0.00590
10	0.00893	0.00644	0.00835	0.00798	0.00941	0.00594	0.00604	0.01157	0.01679	0.02371	0.70165	0.04600	0.05452	0.01262	0.00724	0.00200	0.00313	0.05529	0.00658	0.00582
11	0.12955	0.00937	0.01169	0.00999	0.01340	0.00871	0.00808	0.02203	0.01542	0.43097	0.10369	0.08586	0.02262	0.00981	0.00633	0.00207	0.00481	0.09076	0.00651	0.00835
12	0.02311	0.00955	0.01282	0.01018	0.01411	0.00831	0.00823	0.02537	0.01714	0.60166	0.17495	0.02570	0.02357	0.00860	0.00635	0.00192	0.00472	0.00707	0.00728	0.00934
13	0.00797	0.00569	0.00736	0.00832	0.00887	0.00528	0.00561	0.00911	0.01237	0.01678	0.15271	0.61812	0.04117	0.05938	0.00885	0.00257	0.00362	0.01540	0.00570	0.00512
14	0.01302	0.00735	0.00751	0.00694	0.00880	0.00752	0.00531	0.11077	0.01475	0.02447	0.01900	0.02156	0.01486	0.00722	0.00458	0.00152	0.00343	0.00563	0.70940	0.00637
15	0.00906	0.00617	0.00721	0.00719	0.00738	0.00624	0.00432	0.00922	0.00903	0.01223	0.01866	0.03707	0.02094	0.68653	0.12904	0.00629	0.00724	0.00842	0.00368	0.00407
16	0.00886	0.00643	0.00846	0.00804	0.00943	0.00611	0.00603	0.01142	0.01602	0.02275	0.64854	0.04177	0.05040	0.01667	0.10919	0.00297	0.00471	0.01022	0.00620	0.00578
17	0.00823	0.00622	0.00867	0.11165	0.01325	0.00621	0.00716	0.00952	0.01168	0.01553	0.02993	0.67976	0.03514	0.01705	0.00751	0.00242	0.00420	0.01532	0.00525	0.00529
18	0.00979	0.00661	0.00848	0.00787	0.00950	0.00601	0.00591	0.01235	0.01686	0.06409	0.67784	0.04380	0.08320	0.01221	0.00710	0.00195	0.00309	0.01062	0.00664	0.00604

[dist]
# distance from previous block
# <min> <max>
0	136

# created by:
# /software/SequenceAnalysis/GenePrediction/augustus/3.0.1/scripts/msa2prfl.pl ./fixed/BUSCOvEOG7XD558.fas
