[name]
unknown

[dist]
# distance from previous block
# <min> <max>
2	95

[block]
# block no. 0 follows, 40 sequences, length 6
# corresponding to MSA columns:
# 99-104
name=unknown_A
#
# <colnr> <probs for GDERKNQSTAVLIFYWHMCP>
#	G	D	E	R	K	N	Q	S	T	A	V	L	I	F	Y	W	H	M	C	P
0	0.01813	0.00924	0.01184	0.00934	0.01321	0.00801	0.00751	0.02138	0.05786	0.38119	0.18781	0.02354	0.02252	0.00765	0.00573	0.00160	0.00428	0.00641	0.00608	0.19667
1	0.01387	0.61774	0.02528	0.00935	0.01350	0.01900	0.00893	0.01594	0.01288	0.01589	0.17919	0.01713	0.01830	0.00656	0.00445	0.00138	0.00542	0.00480	0.00338	0.00701
2	0.01223	0.01208	0.01160	0.01047	0.01290	0.18233	0.00809	0.01429	0.01160	0.01491	0.01287	0.01755	0.01157	0.02602	0.42141	0.00561	0.01184	0.00503	0.00316	0.19444
3	0.00764	0.00584	0.00708	0.00750	0.00885	0.00529	0.00569	0.00949	0.01352	0.01753	0.20771	0.22294	0.31533	0.01509	0.00718	0.00214	0.00339	0.12711	0.00562	0.00507
4	0.83671	0.01125	0.00855	0.00765	0.01125	0.01305	0.00630	0.01709	0.00990	0.02609	0.00810	0.00945	0.00630	0.00540	0.00360	0.00180	0.00450	0.00315	0.00360	0.00630
5	0.00809	0.00570	0.00624	0.00624	0.00669	0.00547	0.00373	0.00843	0.00955	0.01229	0.02760	0.04215	0.18942	0.61705	0.02440	0.00480	0.00502	0.00933	0.00395	0.00384

[dist]
# distance from previous block
# <min> <max>
0	25

[block]
# block no. 1 follows, 40 sequences, length 21
# corresponding to MSA columns:
# 130-150
name=unknown_B
#
# <colnr> <probs for GDERKNQSTAVLIFYWHMCP>
#	G	D	E	R	K	N	Q	S	T	A	V	L	I	F	Y	W	H	M	C	P
0	0.01113	0.00854	0.00937	0.00820	0.01068	0.00840	0.00641	0.19457	0.01775	0.02322	0.24924	0.04169	0.36451	0.01194	0.00660	0.00187	0.00376	0.00998	0.00580	0.00634
1	0.00919	0.00752	0.01156	0.01535	0.19919	0.00755	0.00894	0.01104	0.01130	0.01562	0.02331	0.43654	0.02612	0.02014	0.16443	0.00364	0.00678	0.01154	0.00429	0.00596
2	0.01644	0.01552	0.01385	0.01242	0.01570	0.17014	0.00960	0.02922	0.56803	0.05267	0.02062	0.01931	0.01550	0.00747	0.00578	0.00187	0.00583	0.00596	0.00537	0.00873
3	0.00889	0.00681	0.00832	0.00867	0.00987	0.00692	0.00620	0.01352	0.16427	0.01894	0.21392	0.44367	0.03836	0.01449	0.00697	0.00215	0.00347	0.01296	0.00576	0.00584
4	0.22556	0.01912	0.01300	0.01196	0.01471	0.42242	0.00917	0.01903	0.01334	0.01709	0.01012	0.01277	0.00864	0.01358	0.16270	0.00319	0.01002	0.00411	0.00317	0.00631
5	0.01166	0.03008	0.76550	0.01657	0.02517	0.01351	0.02149	0.01842	0.01228	0.01842	0.01044	0.01228	0.00737	0.00552	0.00552	0.00184	0.00859	0.00430	0.00246	0.00859
6	0.46261	0.01356	0.01264	0.01028	0.01436	0.01534	0.00848	0.34906	0.01791	0.03094	0.01079	0.01152	0.00795	0.00612	0.00462	0.00177	0.00537	0.00411	0.00462	0.00795
7	0.00786	0.00593	0.00725	0.00692	0.00846	0.00533	0.00519	0.01025	0.01557	0.02122	0.56356	0.04690	0.24891	0.01267	0.00686	0.00187	0.00280	0.01100	0.00612	0.00533
8	0.01736	0.01282	0.02104	0.02927	0.57063	0.01248	0.01549	0.02051	0.01410	0.20769	0.01398	0.01576	0.01053	0.00569	0.00578	0.00175	0.00641	0.00535	0.00397	0.00938
9	0.44265	0.01142	0.01289	0.18316	0.01873	0.01423	0.01014	0.01581	0.01003	0.02051	0.00848	0.01164	0.00696	0.00670	0.00802	0.00202	0.20308	0.00409	0.00310	0.00635
10	0.01402	0.21613	0.17781	0.04697	0.39864	0.01606	0.01654	0.01777	0.01263	0.01741	0.01009	0.01271	0.00835	0.00522	0.00520	0.00163	0.00711	0.00447	0.00268	0.00856
11	0.01398	0.21217	0.02408	0.18265	0.42265	0.01596	0.01550	0.01712	0.01255	0.01680	0.01009	0.01334	0.00847	0.00526	0.00526	0.00165	0.00691	0.00465	0.00272	0.00820
12	0.17778	0.00633	0.00712	0.00800	0.00901	0.00644	0.00558	0.00995	0.01088	0.01716	0.02712	0.63086	0.03184	0.01558	0.00664	0.00225	0.00361	0.01378	0.00503	0.00505
13	0.01705	0.01098	0.01284	0.01136	0.01468	0.01168	0.00924	0.08962	0.34757	0.21135	0.02408	0.02956	0.01943	0.00931	0.00633	0.00205	0.00501	0.15310	0.00612	0.00865
14	0.00958	0.03822	0.00705	0.00622	0.00696	0.00625	0.00408	0.01073	0.01022	0.01554	0.03894	0.04587	0.01960	0.44078	0.01823	0.00374	0.00448	0.00735	0.30171	0.00445
15	0.00983	0.08099	0.35740	0.01169	0.01654	0.01028	0.01296	0.01365	0.01215	0.01657	0.02570	0.21864	0.16949	0.01059	0.00614	0.00195	0.00592	0.00894	0.00381	0.00676
16	0.01037	0.01353	0.17125	0.01468	0.01850	0.01044	0.19549	0.01413	0.01106	0.01581	0.01355	0.01886	0.01161	0.02596	0.42066	0.00593	0.01268	0.00599	0.00294	0.00656
17	0.01182	0.01165	0.03040	0.28530	0.27799	0.03381	0.02666	0.01558	0.04323	0.01696	0.02108	0.02350	0.16282	0.00750	0.00601	0.00186	0.00647	0.00667	0.00342	0.00727
18	0.00790	0.00572	0.00746	0.00748	0.00860	0.00528	0.00544	0.01018	0.01503	0.02097	0.55465	0.23348	0.06889	0.01357	0.00700	0.00197	0.00291	0.01209	0.00612	0.00528
19	0.01824	0.01365	0.01452	0.01148	0.01545	0.01471	0.00937	0.55450	0.02377	0.03134	0.02536	0.02461	0.19928	0.00894	0.00608	0.00180	0.00552	0.00702	0.00571	0.00863
20	0.01219	0.02088	0.42105	0.01913	0.20750	0.01192	0.01698	0.01727	0.01250	0.01924	0.01232	0.01475	0.00939	0.00570	0.00528	0.00171	0.00696	0.00475	0.17240	0.00810

[dist]
# distance from previous block
# <min> <max>
3	39

[block]
# block no. 2 follows, 40 sequences, length 27
# corresponding to MSA columns:
# 190-216
name=unknown_C
#
# <colnr> <probs for GDERKNQSTAVLIFYWHMCP>
#	G	D	E	R	K	N	Q	S	T	A	V	L	I	F	Y	W	H	M	C	P
0	0.00709	0.00506	0.00675	0.00810	0.00843	0.00472	0.00540	0.00810	0.01113	0.01484	0.03205	0.79184	0.03846	0.01822	0.00742	0.00236	0.00337	0.01653	0.00540	0.00472
1	0.00819	0.00590	0.00782	0.00791	0.00910	0.00552	0.00600	0.01064	0.01515	0.02109	0.53539	0.17224	0.04919	0.01352	0.00711	0.00203	0.00321	0.10855	0.00609	0.00534
2	0.05177	0.07666	0.01495	0.01046	0.01486	0.01087	0.00875	0.09313	0.03612	0.56756	0.04072	0.01872	0.01433	0.00708	0.00562	0.00175	0.00510	0.00562	0.00650	0.00943
3	0.00709	0.00506	0.00675	0.00810	0.00843	0.00472	0.00540	0.00810	0.01113	0.01484	0.03205	0.79184	0.03846	0.01822	0.00742	0.00236	0.00337	0.01653	0.00540	0.00472
4	0.00709	0.00506	0.00675	0.00810	0.00843	0.00472	0.00540	0.00810	0.01113	0.01484	0.03205	0.79184	0.03846	0.01822	0.00742	0.00236	0.00337	0.01653	0.00540	0.00472
5	0.12019	0.16628	0.01806	0.01317	0.01660	0.54296	0.01040	0.02141	0.01483	0.01558	0.00872	0.01015	0.00734	0.00573	0.00477	0.00149	0.00898	0.00356	0.00298	0.00682
6	0.01446	0.01249	0.01315	0.01183	0.01512	0.01446	0.00920	0.03090	0.74885	0.02433	0.02367	0.02170	0.01775	0.00789	0.00592	0.00197	0.00460	0.00657	0.00592	0.00920
7	0.00718	0.00513	0.00686	0.00821	0.00859	0.00481	0.00556	0.00826	0.01123	0.01495	0.03200	0.76142	0.03825	0.01813	0.00745	0.00237	0.00346	0.04601	0.00540	0.00475
8	0.01591	0.75405	0.02965	0.01024	0.01510	0.06680	0.01003	0.01775	0.01209	0.01371	0.00814	0.00940	0.00746	0.00503	0.00382	0.00126	0.00647	0.00315	0.00252	0.00742
9	0.01117	0.01071	0.01862	0.72894	0.03938	0.01304	0.06642	0.01512	0.01177	0.01512	0.01044	0.01552	0.00783	0.00575	0.00589	0.00194	0.00789	0.00529	0.00261	0.00656
10	0.01010	0.00505	0.00758	0.00758	0.00758	0.00505	0.00505	0.00758	0.00758	0.01010	0.01010	0.01768	0.01010	0.02020	0.02273	0.83081	0.00505	0.00505	0.00253	0.00253
11	0.00687	0.00589	0.00589	0.00589	0.00785	0.00491	0.00442	0.00835	0.01325	0.01571	0.05891	0.05596	0.75700	0.01473	0.00687	0.00196	0.00295	0.01227	0.00540	0.00491
12	0.01598	0.70144	0.05493	0.01064	0.01556	0.09140	0.01047	0.01798	0.01226	0.01390	0.00825	0.00954	0.00746	0.00509	0.00393	0.00129	0.00669	0.00321	0.00253	0.00744
13	0.01166	0.03008	0.76550	0.01657	0.02517	0.01351	0.02149	0.01842	0.01228	0.01842	0.01044	0.01228	0.00737	0.00552	0.00552	0.00184	0.00859	0.00430	0.00246	0.00859
14	0.01377	0.01181	0.01255	0.01146	0.01456	0.01351	0.00897	0.02863	0.66767	0.02347	0.02591	0.02604	0.05706	0.00872	0.00609	0.00201	0.00456	0.04857	0.00586	0.00876
15	0.01206	0.01034	0.01206	0.00861	0.01378	0.00775	0.00689	0.01464	0.01206	0.01895	0.01034	0.01206	0.00861	0.00431	0.00431	0.00086	0.00431	0.00345	0.00345	0.83118
16	0.01206	0.01034	0.01206	0.00861	0.01378	0.00775	0.00689	0.01464	0.01206	0.01895	0.01034	0.01206	0.00861	0.00431	0.00431	0.00086	0.00431	0.00345	0.00345	0.83118
17	0.00844	0.00678	0.03225	0.00790	0.00950	0.00585	0.00633	0.01130	0.01607	0.02266	0.67125	0.04430	0.05154	0.01204	0.00691	0.00190	0.00315	0.07006	0.00619	0.00558
18	0.01555	0.79913	0.03047	0.00995	0.01493	0.02301	0.00995	0.01741	0.01182	0.01368	0.00808	0.00933	0.00746	0.00498	0.00373	0.00124	0.00622	0.00311	0.00249	0.00746
19	0.01373	0.01569	0.03431	0.02451	0.03039	0.01471	0.73824	0.01863	0.01373	0.01863	0.01176	0.01569	0.00882	0.00490	0.00686	0.00196	0.00980	0.00686	0.00294	0.00784
20	0.01206	0.01034	0.01206	0.00861	0.01378	0.00775	0.00689	0.01464	0.01206	0.01895	0.01034	0.01206	0.00861	0.00431	0.00431	0.00086	0.00431	0.00345	0.00345	0.83118
21	0.02211	0.01629	0.01745	0.01338	0.01803	0.01803	0.01105	0.73997	0.02734	0.03665	0.01396	0.01396	0.00989	0.00698	0.00582	0.00175	0.00640	0.00524	0.00582	0.00989
22	0.01098	0.01034	0.01744	0.78165	0.04005	0.01292	0.01615	0.01486	0.01163	0.01486	0.01034	0.01550	0.00775	0.00581	0.00581	0.00194	0.00775	0.00517	0.00258	0.00646
23	0.00846	0.00564	0.00634	0.00634	0.00634	0.00564	0.00352	0.00846	0.00846	0.01128	0.01832	0.03805	0.02114	0.79563	0.02960	0.00564	0.00564	0.00846	0.00352	0.00352
24	0.83671	0.01125	0.00855	0.00765	0.01125	0.01305	0.00630	0.01709	0.00990	0.02609	0.00810	0.00945	0.00630	0.00540	0.00360	0.00180	0.00450	0.00315	0.00360	0.00630
25	0.02172	0.02772	0.01648	0.01498	0.01798	0.77228	0.01124	0.02322	0.01648	0.01423	0.00899	0.01049	0.00749	0.00599	0.00524	0.00150	0.01049	0.00375	0.00300	0.00674
26	0.01439	0.01382	0.02360	0.03569	0.75936	0.01382	0.01785	0.01785	0.01324	0.01900	0.01094	0.01439	0.00921	0.00518	0.00576	0.00173	0.00691	0.00518	0.00288	0.00921

[dist]
# distance from previous block
# <min> <max>
0	1

[block]
# block no. 3 follows, 40 sequences, length 92
# corresponding to MSA columns:
# 218-309
name=unknown_D
#
# <colnr> <probs for GDERKNQSTAVLIFYWHMCP>
#	G	D	E	R	K	N	Q	S	T	A	V	L	I	F	Y	W	H	M	C	P
0	0.00836	0.00603	0.00831	0.00831	0.00899	0.00671	0.00597	0.00972	0.00904	0.01273	0.01653	0.02810	0.01682	0.30343	0.51589	0.00806	0.01214	0.00700	0.00326	0.00462
1	0.01098	0.01034	0.01744	0.78165	0.04005	0.01292	0.01615	0.01486	0.01163	0.01486	0.01034	0.01550	0.00775	0.00581	0.00581	0.00194	0.00775	0.00517	0.00258	0.00646
2	0.01480	0.01266	0.01334	0.01190	0.01525	0.01462	0.00929	0.06225	0.71695	0.02487	0.02324	0.02135	0.01740	0.00785	0.00591	0.00196	0.00468	0.00652	0.00591	0.00923
3	0.01010	0.00505	0.00758	0.00758	0.00758	0.00505	0.00505	0.00758	0.00758	0.01010	0.01010	0.01768	0.01010	0.02020	0.02273	0.83081	0.00505	0.00505	0.00253	0.00253
4	0.00893	0.00664	0.00952	0.00934	0.01047	0.00764	0.00720	0.04252	0.01009	0.01438	0.01568	0.02341	0.01475	0.08931	0.69194	0.00878	0.01455	0.00633	0.00326	0.00529
5	0.05407	0.01045	0.01363	0.01049	0.01497	0.00945	0.00867	0.08379	0.01725	0.68062	0.02172	0.01897	0.01376	0.00712	0.00577	0.00180	0.00505	0.00571	0.00696	0.00977
6	0.01403	0.01345	0.02295	0.11522	0.68267	0.01372	0.01767	0.01753	0.01307	0.01856	0.01087	0.01451	0.00906	0.00525	0.00576	0.00175	0.00700	0.00518	0.00285	0.00892
7	0.00709	0.00506	0.00675	0.00810	0.00843	0.00472	0.00540	0.00810	0.01113	0.01484	0.03205	0.79184	0.03846	0.01822	0.00742	0.00236	0.00337	0.01653	0.00540	0.00472
8	0.01540	0.71721	0.08903	0.01061	0.01583	0.04194	0.01091	0.01765	0.01198	0.01408	0.00830	0.00960	0.00746	0.00505	0.00391	0.00130	0.00652	0.00322	0.00250	0.00753
9	0.01305	0.02099	0.32136	0.02372	0.18167	0.01404	0.30310	0.01838	0.01305	0.01862	0.01107	0.01407	0.00833	0.00521	0.00610	0.00186	0.00872	0.00549	0.00274	0.00843
10	0.03226	0.02961	0.74660	0.01635	0.02482	0.01349	0.02111	0.01838	0.01222	0.01861	0.01038	0.01221	0.00734	0.00552	0.00548	0.00184	0.00849	0.00427	0.00248	0.00854
11	0.02609	0.00990	0.01350	0.01035	0.01484	0.00855	0.00855	0.02834	0.01664	0.76338	0.02294	0.01979	0.01439	0.00720	0.00585	0.00180	0.00495	0.00585	0.00720	0.00990
12	0.01166	0.03008	0.76550	0.01657	0.02517	0.01351	0.02149	0.01842	0.01228	0.01842	0.01044	0.01228	0.00737	0.00552	0.00552	0.00184	0.00859	0.00430	0.00246	0.00859
13	0.03810	0.02315	0.01582	0.01383	0.01724	0.55732	0.01061	0.07363	0.01714	0.16157	0.01203	0.01252	0.00898	0.00628	0.00537	0.00158	0.00901	0.00425	0.00402	0.00756
14	0.00709	0.00506	0.00675	0.00810	0.00843	0.00472	0.00540	0.00810	0.01113	0.01484	0.03205	0.79184	0.03846	0.01822	0.00742	0.00236	0.00337	0.01653	0.00540	0.00472
15	0.00823	0.00594	0.00777	0.00732	0.00869	0.00549	0.00549	0.01097	0.01646	0.02332	0.75629	0.04344	0.05487	0.01189	0.00686	0.00183	0.00274	0.01052	0.00640	0.00549
16	0.02506	0.01155	0.01452	0.01113	0.01567	0.01100	0.00920	0.21253	0.01941	0.57528	0.02062	0.01828	0.01323	0.00714	0.00584	0.00179	0.00532	0.00569	0.00684	0.00989
17	0.05144	0.01200	0.01297	0.01139	0.01482	0.01343	0.00898	0.06153	0.55861	0.11730	0.04348	0.02196	0.01781	0.00791	0.00587	0.00194	0.00468	0.01887	0.00598	0.00902
18	0.00822	0.00597	0.00776	0.00740	0.00880	0.00551	0.00561	0.01090	0.01618	0.02271	0.69230	0.04499	0.08605	0.01220	0.00691	0.00187	0.00287	0.04197	0.00631	0.00545
19	0.00761	0.00576	0.00702	0.00705	0.00839	0.00517	0.00515	0.00964	0.01448	0.01942	0.40886	0.19257	0.25979	0.01396	0.00697	0.00197	0.00293	0.01221	0.00591	0.00517
20	0.01206	0.01034	0.01206	0.00861	0.01378	0.00775	0.00689	0.01464	0.01206	0.01895	0.01034	0.01206	0.00861	0.00431	0.00431	0.00086	0.00431	0.00345	0.00345	0.83118
21	0.01527	0.01269	0.08073	0.01295	0.06863	0.01180	0.01020	0.04028	0.35470	0.14850	0.14156	0.02322	0.02139	0.00793	0.00598	0.00186	0.00491	0.00670	0.00563	0.02506
22	0.01405	0.09221	0.07699	0.01476	0.01650	0.07930	0.02725	0.04750	0.01103	0.01555	0.00856	0.01244	0.00783	0.00866	0.01432	0.00221	0.52225	0.00477	0.01695	0.00684
23	0.00873	0.00681	0.00970	0.11301	0.06031	0.00697	0.00786	0.04186	0.01205	0.01607	0.02704	0.60533	0.03128	0.01525	0.00703	0.00224	0.00431	0.01381	0.00488	0.00546
24	0.02322	0.01186	0.03566	0.03354	0.01683	0.01093	0.04090	0.17631	0.01831	0.50378	0.01969	0.01814	0.01285	0.00695	0.00580	0.00178	0.00554	0.00568	0.04275	0.00947
25	0.02398	0.07942	0.01587	0.01088	0.01552	0.01006	0.04199	0.02633	0.01588	0.63073	0.02057	0.01835	0.01328	0.00677	0.00564	0.00172	0.00525	0.00555	0.00642	0.04578
26	0.02609	0.00990	0.01350	0.01035	0.01484	0.00855	0.00855	0.02834	0.01664	0.76338	0.02294	0.01979	0.01439	0.00720	0.00585	0.00180	0.00495	0.00585	0.00720	0.00990
27	0.01205	0.00679	0.00900	0.00796	0.01001	0.00614	0.00614	0.01469	0.01650	0.18166	0.59938	0.03838	0.04621	0.01088	0.00664	0.00182	0.00322	0.00952	0.00657	0.00643
28	0.01213	0.01057	0.01304	0.00931	0.01451	0.00806	0.03912	0.01482	0.01213	0.01894	0.01040	0.01222	0.00862	0.00433	0.00442	0.00091	0.00455	0.00360	0.00342	0.79490
29	0.01166	0.03008	0.76550	0.01657	0.02517	0.01351	0.02149	0.01842	0.01228	0.01842	0.01044	0.01228	0.00737	0.00552	0.00552	0.00184	0.00859	0.00430	0.00246	0.00859
30	0.00797	0.00593	0.00741	0.00704	0.00853	0.00537	0.00528	0.01046	0.01584	0.02184	0.62078	0.04587	0.19130	0.01244	0.00686	0.00186	0.00278	0.01086	0.00621	0.00537
31	0.02609	0.00990	0.01350	0.01035	0.01484	0.00855	0.00855	0.02834	0.01664	0.76338	0.02294	0.01979	0.01439	0.00720	0.00585	0.00180	0.00495	0.00585	0.00720	0.00990
32	0.00849	0.00622	0.00800	0.00754	0.00898	0.00588	0.00566	0.01182	0.04986	0.02318	0.70695	0.05878	0.05281	0.01184	0.00683	0.00185	0.00284	0.01047	0.00636	0.00564
33	0.00831	0.00623	0.00935	0.00935	0.01038	0.00727	0.00727	0.01038	0.00935	0.01350	0.01558	0.02285	0.01454	0.04361	0.77259	0.00935	0.01558	0.00623	0.00312	0.00519
34	0.00709	0.00506	0.00675	0.00810	0.00843	0.00472	0.00540	0.00810	0.01113	0.01484	0.03205	0.79184	0.03846	0.01822	0.00742	0.00236	0.00337	0.01653	0.00540	0.00472
35	0.01430	0.01373	0.02344	0.05530	0.74045	0.01379	0.01780	0.01777	0.01320	0.01889	0.01092	0.01442	0.00917	0.00520	0.00576	0.00173	0.00693	0.00518	0.00287	0.00914
36	0.01166	0.03008	0.76550	0.01657	0.02517	0.01351	0.02149	0.01842	0.01228	0.01842	0.01044	0.01228	0.00737	0.00552	0.00552	0.00184	0.00859	0.00430	0.00246	0.00859
37	0.02281	0.01515	0.01675	0.01284	0.01747	0.01635	0.01061	0.61374	0.02544	0.16556	0.01555	0.01500	0.01069	0.00702	0.00582	0.00175	0.00614	0.00534	0.00606	0.00989
38	0.00823	0.00594	0.00777	0.00732	0.00869	0.00549	0.00549	0.01097	0.01646	0.02332	0.75629	0.04344	0.05487	0.01189	0.00686	0.00183	0.00274	0.01052	0.00640	0.00549
39	0.83671	0.01125	0.00855	0.00765	0.01125	0.01305	0.00630	0.01709	0.00990	0.02609	0.00810	0.00945	0.00630	0.00540	0.00360	0.00180	0.00450	0.00315	0.00360	0.00630
40	0.02172	0.02772	0.01648	0.01498	0.01798	0.77228	0.01124	0.02322	0.01648	0.01423	0.00899	0.01049	0.00749	0.00599	0.00524	0.00150	0.01049	0.00375	0.00300	0.00674
41	0.02246	0.01572	0.01710	0.01311	0.01775	0.01720	0.01083	0.67714	0.02640	0.10081	0.01475	0.01448	0.01029	0.00700	0.00582	0.00175	0.00627	0.00529	0.00594	0.00989
42	0.01446	0.01249	0.01315	0.01183	0.01512	0.01446	0.00920	0.03090	0.74885	0.02433	0.02367	0.02170	0.01775	0.00789	0.00592	0.00197	0.00460	0.00657	0.00592	0.00920
43	0.01098	0.01034	0.01744	0.78165	0.04005	0.01292	0.01615	0.01486	0.01163	0.01486	0.01034	0.01550	0.00775	0.00581	0.00581	0.00194	0.00775	0.00517	0.00258	0.00646
44	0.00687	0.00589	0.00589	0.00589	0.00785	0.00491	0.00442	0.00835	0.01325	0.01571	0.05891	0.05596	0.75700	0.01473	0.00687	0.00196	0.00295	0.01227	0.00540	0.00491
45	0.01555	0.79913	0.03047	0.00995	0.01493	0.02301	0.00995	0.01741	0.01182	0.01368	0.00808	0.00933	0.00746	0.00498	0.00373	0.00124	0.00622	0.00311	0.00249	0.00746
46	0.00831	0.00623	0.00935	0.00935	0.01038	0.00727	0.00727	0.01038	0.00935	0.01350	0.01558	0.02285	0.01454	0.04361	0.77259	0.00935	0.01558	0.00623	0.00312	0.00519
47	0.83671	0.01125	0.00855	0.00765	0.01125	0.01305	0.00630	0.01709	0.00990	0.02609	0.00810	0.00945	0.00630	0.00540	0.00360	0.00180	0.00450	0.00315	0.00360	0.00630
48	0.01446	0.01249	0.01315	0.01183	0.01512	0.01446	0.00920	0.03090	0.74885	0.02433	0.02367	0.02170	0.01775	0.00789	0.00592	0.00197	0.00460	0.00657	0.00592	0.00920
49	0.83671	0.01125	0.00855	0.00765	0.01125	0.01305	0.00630	0.01709	0.00990	0.02609	0.00810	0.00945	0.00630	0.00540	0.00360	0.00180	0.00450	0.00315	0.00360	0.00630
50	0.01420	0.01519	0.01759	0.01522	0.01571	0.14200	0.01248	0.01551	0.01015	0.01403	0.00786	0.01235	0.00761	0.00949	0.01681	0.00237	0.65750	0.00487	0.00262	0.00642
51	0.01338	0.02781	0.64236	0.01605	0.02399	0.01425	0.01977	0.13719	0.01476	0.02142	0.01102	0.01255	0.00778	0.00576	0.00557	0.00183	0.00823	0.00445	0.00301	0.00881
52	0.02296	0.00910	0.01238	0.00998	0.01379	0.00792	0.00803	0.02501	0.01574	0.64017	0.02444	0.14688	0.01836	0.00901	0.00611	0.00189	0.00469	0.00761	0.00690	0.00904
53	0.02406	0.01085	0.01692	0.01268	0.01740	0.00956	0.12866	0.02674	0.01616	0.64079	0.02110	0.01912	0.01348	0.00682	0.00601	0.00183	0.00575	0.00601	0.00650	0.00956
54	0.00887	0.00641	0.00817	0.13397	0.01189	0.00684	0.00560	0.00951	0.00898	0.01187	0.01701	0.03434	0.01894	0.66562	0.02568	0.00503	0.00599	0.00792	0.00337	0.00401
55	0.02296	0.00910	0.01238	0.00998	0.01379	0.00792	0.00803	0.02501	0.01574	0.64017	0.02444	0.14688	0.01836	0.00901	0.00611	0.00189	0.00469	0.00761	0.00690	0.00904
56	0.02406	0.01085	0.01692	0.01268	0.01740	0.00956	0.12866	0.02674	0.01616	0.64079	0.02110	0.01912	0.01348	0.00682	0.00601	0.00183	0.00575	0.00601	0.00650	0.00956
57	0.00962	0.13625	0.01031	0.00694	0.00776	0.00850	0.00458	0.00993	0.00901	0.01167	0.01664	0.03333	0.01889	0.66548	0.02534	0.00491	0.00573	0.00758	0.00335	0.00417
58	0.00709	0.00506	0.00675	0.00810	0.00843	0.00472	0.00540	0.00810	0.01113	0.01484	0.03205	0.79184	0.03846	0.01822	0.00742	0.00236	0.00337	0.01653	0.00540	0.00472
59	0.14679	0.00638	0.00593	0.00579	0.00751	0.00668	0.00443	0.01413	0.01182	0.02241	0.01718	0.01967	0.01349	0.00655	0.00399	0.00143	0.00300	0.00505	0.69222	0.00556
60	0.01144	0.00658	0.00669	0.00648	0.00815	0.00691	0.00491	0.01641	0.13346	0.02212	0.01974	0.02168	0.01537	0.00696	0.00437	0.00146	0.00302	0.00561	0.69261	0.00604
61	0.00746	0.00533	0.00718	0.00853	0.00903	0.00505	0.00605	0.00875	0.01150	0.01527	0.03184	0.67229	0.03764	0.01786	0.00752	0.00241	0.00370	0.13236	0.00539	0.00483
62	0.01084	0.00542	0.00542	0.00542	0.00678	0.00542	0.00407	0.01355	0.01220	0.02168	0.01897	0.02168	0.01491	0.00678	0.00407	0.00136	0.00271	0.00542	0.82791	0.00542
63	0.01632	0.01317	0.02194	0.03152	0.63680	0.01295	0.01632	0.01957	0.01380	0.14153	0.01291	0.01528	0.01006	0.00551	0.00577	0.00174	0.00659	0.00529	0.00359	0.00932
64	0.00736	0.00591	0.00657	0.00640	0.00815	0.00512	0.00480	0.00929	0.01441	0.01844	0.30921	0.05147	0.50499	0.01371	0.00687	0.00192	0.00287	0.01164	0.00576	0.00512
65	0.70096	0.01110	0.00913	0.00781	0.01166	0.01217	0.00640	0.01669	0.01025	0.02492	0.00847	0.00988	0.00668	0.00522	0.00372	0.00164	0.00447	0.00320	0.00357	0.14208
66	0.01458	0.00736	0.00974	0.00834	0.01086	0.00656	0.00654	0.01709	0.01638	0.28859	0.46117	0.03552	0.07247	0.01033	0.00650	0.00182	0.00354	0.00892	0.00664	0.00704
67	0.00727	0.00521	0.00692	0.00797	0.00848	0.00485	0.00541	0.00857	0.01201	0.01624	0.15127	0.66864	0.04116	0.01718	0.00733	0.00227	0.00327	0.01554	0.00556	0.00485
68	0.01069	0.00977	0.01613	0.62006	0.06780	0.01174	0.01447	0.01436	0.01250	0.01644	0.13315	0.02005	0.01557	0.00678	0.00598	0.00191	0.00689	0.00605	0.00323	0.00643
69	0.00834	0.00621	0.00769	0.00738	0.00891	0.00573	0.00559	0.03041	0.01575	0.02153	0.53268	0.08032	0.19169	0.01279	0.00691	0.00191	0.00303	0.04159	0.00610	0.00545
70	0.01429	0.58734	0.07818	0.01010	0.01473	0.01928	0.01007	0.04128	0.01315	0.01639	0.13161	0.01531	0.01534	0.00622	0.00444	0.00140	0.00582	0.00449	0.00324	0.00730
71	0.01663	0.67027	0.02833	0.01051	0.01544	0.02219	0.01013	0.13635	0.01437	0.01746	0.00905	0.01009	0.00786	0.00531	0.00407	0.00133	0.00625	0.00346	0.00304	0.00786
72	0.01345	0.01481	0.03065	0.02189	0.02766	0.01356	0.61785	0.01797	0.01345	0.01868	0.01153	0.01509	0.00879	0.00480	0.00644	0.00178	0.00890	0.00630	0.00302	0.14337
73	0.00723	0.00565	0.00661	0.00724	0.00849	0.00502	0.00529	0.00869	0.01257	0.01582	0.07264	0.34010	0.38712	0.01609	0.00719	0.00218	0.00332	0.07843	0.00543	0.00490
74	0.02389	0.01036	0.01421	0.01116	0.01491	0.01007	0.00923	0.02598	0.01537	0.64003	0.02042	0.01863	0.01328	0.00769	0.00803	0.00192	0.13335	0.00572	0.00643	0.00931
75	0.00949	0.00764	0.00795	0.00734	0.00972	0.00715	0.00573	0.12894	0.01558	0.01923	0.05027	0.04948	0.60213	0.01351	0.00675	0.00196	0.00362	0.04231	0.00547	0.00575
76	0.00817	0.00594	0.00769	0.00725	0.00865	0.00546	0.00544	0.01086	0.01632	0.02299	0.72623	0.04398	0.08513	0.01201	0.00686	0.00183	0.00275	0.01059	0.00636	0.00546
77	0.00846	0.00564	0.00634	0.00634	0.00634	0.00564	0.00352	0.00846	0.00846	0.01128	0.01832	0.03805	0.02114	0.79563	0.02960	0.00564	0.00564	0.00846	0.00352	0.00352
78	0.01397	0.01286	0.01985	0.06227	0.55853	0.04510	0.01506	0.01747	0.02627	0.01915	0.01238	0.01560	0.01016	0.00555	0.00546	0.00167	0.00637	0.00518	0.13873	0.00836
79	0.01117	0.00659	0.00872	0.00781	0.00970	0.00599	0.00599	0.01383	0.01649	0.14514	0.63557	0.03955	0.04821	0.01112	0.00669	0.00182	0.00311	0.00975	0.00653	0.00621
80	0.00846	0.00564	0.00634	0.00634	0.00634	0.00564	0.00352	0.00846	0.00846	0.01128	0.01832	0.03805	0.02114	0.79563	0.02960	0.00564	0.00564	0.00846	0.00352	0.00352
81	0.01893	0.09957	0.01618	0.01307	0.01576	0.57277	0.00984	0.02022	0.01470	0.01369	0.01044	0.01491	0.00973	0.13587	0.00910	0.00215	0.00927	0.00446	0.00303	0.00628
82	0.01098	0.00988	0.01595	0.58820	0.06488	0.01184	0.01423	0.04593	0.01231	0.01600	0.01410	0.14318	0.01296	0.00788	0.00608	0.00199	0.00694	0.00704	0.00320	0.00644
83	0.00872	0.00610	0.00870	0.00870	0.00979	0.00696	0.00674	0.01091	0.00981	0.01485	0.01613	0.02265	0.01460	0.03755	0.64608	0.00803	0.01346	0.00610	0.13888	0.00523
84	0.00709	0.00506	0.00675	0.00810	0.00843	0.00472	0.00540	0.00810	0.01113	0.01484	0.03205	0.79184	0.03846	0.01822	0.00742	0.00236	0.00337	0.01653	0.00540	0.00472
85	0.01280	0.02495	0.55101	0.04877	0.02388	0.01346	0.04332	0.02076	0.13374	0.05218	0.01321	0.01442	0.00945	0.00598	0.00566	0.00187	0.00778	0.00487	0.00326	0.00863
86	0.01048	0.00765	0.00931	0.00827	0.01020	0.00754	0.00637	0.13090	0.01816	0.02530	0.61492	0.03893	0.06677	0.01116	0.00669	0.00182	0.00335	0.00970	0.00628	0.00620
87	0.00922	0.00652	0.00887	0.00999	0.01111	0.00652	0.00841	0.01146	0.01258	0.01639	0.02874	0.06106	0.03144	0.14439	0.01158	0.00316	0.00540	0.60305	0.00505	0.00505
88	0.01034	0.00947	0.01568	0.65432	0.03485	0.01157	0.01438	0.01375	0.01155	0.01486	0.01391	0.14330	0.01281	0.00786	0.00608	0.00201	0.00703	0.00704	0.00305	0.00617
89	0.01428	0.01412	0.02537	0.03385	0.63936	0.01396	0.13643	0.01798	0.01332	0.01894	0.01107	0.01461	0.00915	0.00514	0.00594	0.00177	0.00739	0.00546	0.00289	0.00899
90	0.00709	0.00506	0.00675	0.00810	0.00843	0.00472	0.00540	0.00810	0.01113	0.01484	0.03205	0.79184	0.03846	0.01822	0.00742	0.00236	0.00337	0.01653	0.00540	0.00472
91	0.01359	0.01546	0.03373	0.02416	0.02993	0.01450	0.72282	0.01841	0.01367	0.01855	0.01219	0.03201	0.00945	0.00518	0.00687	0.00197	0.00967	0.00707	0.00299	0.00778

[dist]
# distance from previous block
# <min> <max>
6	7

[block]
# block no. 4 follows, 40 sequences, length 26
# corresponding to MSA columns:
# 317-342
name=unknown_E
#
# <colnr> <probs for GDERKNQSTAVLIFYWHMCP>
#	G	D	E	R	K	N	Q	S	T	A	V	L	I	F	Y	W	H	M	C	P
0	0.38100	0.01049	0.01133	0.00916	0.01327	0.01052	0.00756	0.02342	0.01369	0.44058	0.01644	0.01526	0.01085	0.00641	0.00486	0.00180	0.00475	0.00467	0.00562	0.00832
1	0.47989	0.01846	0.01202	0.01086	0.01419	0.34546	0.00846	0.01978	0.01278	0.02090	0.00849	0.00990	0.00682	0.00566	0.00432	0.00167	0.00712	0.00341	0.00333	0.00649
2	0.01876	0.01463	0.01557	0.01270	0.01676	0.01647	0.01024	0.42952	0.34323	0.03125	0.01821	0.01735	0.01333	0.00738	0.00586	0.00184	0.00561	0.00582	0.00586	0.00959
3	0.01373	0.01569	0.03431	0.02451	0.03039	0.01471	0.73824	0.01863	0.01373	0.01863	0.01176	0.01569	0.00882	0.00490	0.00686	0.00196	0.00980	0.00686	0.00294	0.00784
4	0.47513	0.00870	0.00718	0.00667	0.00929	0.00971	0.00532	0.01554	0.01090	0.02416	0.01286	0.01480	0.01007	0.00600	0.00380	0.00160	0.00372	0.00414	0.36450	0.00591
5	0.01605	0.00767	0.01028	0.00864	0.01138	0.00683	0.00683	0.01858	0.01654	0.34733	0.43521	0.03309	0.03715	0.00983	0.00642	0.00182	0.00371	0.00847	0.00675	0.00742
6	0.01710	0.00717	0.01017	0.00879	0.01076	0.00658	0.00658	0.01667	0.01155	0.33990	0.01572	0.01860	0.01198	0.01451	0.01534	0.46785	0.00501	0.00540	0.00457	0.00575
7	0.47639	0.01319	0.01983	0.01503	0.01963	0.01377	0.32676	0.01777	0.01157	0.02282	0.00970	0.01218	0.00740	0.00518	0.00503	0.00187	0.00682	0.00477	0.00331	0.00697
8	0.00955	0.00842	0.01159	0.01124	0.01143	0.01045	0.00860	0.01068	0.01016	0.01447	0.02136	0.45072	0.02496	0.01470	0.01253	0.00244	0.34558	0.01152	0.00415	0.00544
9	0.01842	0.45639	0.02477	0.01145	0.01629	0.02083	0.01043	0.33376	0.01861	0.02374	0.01066	0.01136	0.00853	0.00585	0.00464	0.00146	0.00630	0.00404	0.00395	0.00853
10	0.01175	0.45183	0.01971	0.00817	0.01183	0.01509	0.00753	0.01344	0.01245	0.01457	0.03034	0.02975	0.33562	0.00924	0.00511	0.00156	0.00479	0.00712	0.00376	0.00634
11	0.00776	0.00575	0.00614	0.00614	0.00700	0.00532	0.00392	0.00841	0.01056	0.01322	0.03609	0.04590	0.34331	0.45374	0.01965	0.00403	0.00446	0.01013	0.00435	0.00413
12	0.01252	0.01334	0.02693	0.35600	0.03462	0.01392	0.42209	0.01698	0.01281	0.01698	0.01114	0.01561	0.00835	0.00530	0.00640	0.00195	0.00891	0.00612	0.00278	0.00724
13	0.01032	0.00874	0.01136	0.01025	0.01025	0.01097	0.00755	0.01088	0.00865	0.01247	0.01364	0.02696	0.01523	0.45174	0.02499	0.00428	0.34685	0.00698	0.00309	0.00477
14	0.00709	0.00506	0.00675	0.00810	0.00843	0.00472	0.00540	0.00810	0.01113	0.01484	0.03205	0.79184	0.03846	0.01822	0.00742	0.00236	0.00337	0.01653	0.00540	0.00472
15	0.00988	0.00803	0.00973	0.00839	0.01144	0.00643	0.00624	0.01178	0.01165	0.01715	0.01984	0.35346	0.02168	0.01040	0.00567	0.00152	0.00390	0.00917	0.00430	0.46934
16	0.01443	0.01030	0.01121	0.00942	0.01146	0.01106	0.00682	0.32873	0.01672	0.02238	0.01641	0.02751	0.01622	0.45034	0.01919	0.00393	0.00597	0.00705	0.00453	0.00631
17	0.00697	0.00553	0.00627	0.00686	0.00811	0.00483	0.00485	0.00824	0.01233	0.01533	0.04715	0.37814	0.44241	0.01626	0.00711	0.00214	0.00313	0.01414	0.00540	0.00483
18	0.01125	0.00841	0.01206	0.01094	0.01094	0.01064	0.00841	0.01039	0.00816	0.01181	0.00902	0.01551	0.00902	0.01581	0.02113	0.46818	0.34652	0.00507	0.00253	0.00420
19	0.48006	0.01345	0.01245	0.01016	0.01422	0.01523	0.00838	0.33358	0.01753	0.03071	0.01066	0.01142	0.00787	0.00609	0.00457	0.00178	0.00533	0.00406	0.00457	0.00787
20	0.01544	0.01174	0.01239	0.01010	0.01358	0.01229	0.00815	0.41965	0.02117	0.02748	0.03364	0.03235	0.33699	0.01037	0.00628	0.00184	0.00489	0.00832	0.00563	0.00771
21	0.01862	0.01573	0.02465	0.01811	0.02330	0.01614	0.32931	0.39117	0.02088	0.06244	0.01342	0.01499	0.00963	0.00608	0.00628	0.00184	0.00782	0.00598	0.00462	0.00899
22	0.01452	0.35869	0.03263	0.01814	0.02362	0.01834	0.41938	0.01810	0.01289	0.01646	0.01015	0.01290	0.00823	0.00493	0.00549	0.00165	0.00823	0.00522	0.00274	0.00768
23	0.01546	0.00720	0.00968	0.00901	0.01115	0.00644	0.00670	0.01698	0.01343	0.34242	0.02748	0.42184	0.02719	0.04638	0.00767	0.00225	0.00416	0.01151	0.00611	0.00694
24	0.01538	0.00765	0.00935	0.00794	0.01097	0.00654	0.00630	0.01728	0.01496	0.34359	0.09164	0.03926	0.38306	0.01123	0.00642	0.00188	0.00381	0.00934	0.00626	0.00713
25	0.01805	0.42192	0.06207	0.01249	0.01679	0.35057	0.01111	0.02001	0.01388	0.01417	0.00860	0.00999	0.00747	0.00545	0.00449	0.00139	0.00821	0.00345	0.00271	0.00721

[dist]
# distance from previous block
# <min> <max>
0	1

[block]
# block no. 5 follows, 40 sequences, length 32
# corresponding to MSA columns:
# 344-375
name=unknown_F
#
# <colnr> <probs for GDERKNQSTAVLIFYWHMCP>
#	G	D	E	R	K	N	Q	S	T	A	V	L	I	F	Y	W	H	M	C	P
0	0.01238	0.01053	0.01223	0.00877	0.01392	0.00808	0.00702	0.03780	0.01255	0.01951	0.01045	0.01212	0.00865	0.00439	0.00435	0.00089	0.00437	0.00350	0.00352	0.80496
1	0.01090	0.00889	0.01052	0.00966	0.01114	0.03697	0.03082	0.03861	0.15283	0.01624	0.01881	0.02719	0.04015	0.27344	0.21936	0.00511	0.03925	0.00703	0.03731	0.00577
2	0.00702	0.00531	0.00649	0.00744	0.00826	0.00478	0.00510	0.00817	0.01177	0.01510	0.04011	0.57109	0.25401	0.01717	0.00726	0.00224	0.00325	0.01525	0.00540	0.00478
3	0.01599	0.02403	0.53991	0.01471	0.02207	0.01202	0.01760	0.02139	0.01359	0.24189	0.01419	0.01453	0.00947	0.00603	0.00562	0.00183	0.00750	0.00476	0.00388	0.00898
4	0.01206	0.01034	0.01206	0.00861	0.01378	0.00775	0.00689	0.01464	0.01206	0.01895	0.01034	0.01206	0.00861	0.00431	0.00431	0.00086	0.00431	0.00345	0.00345	0.83118
5	0.01432	0.01212	0.01744	0.55118	0.03345	0.01445	0.01462	0.23238	0.01634	0.02139	0.01142	0.01504	0.00839	0.00616	0.00581	0.00188	0.00735	0.00519	0.00355	0.00749
6	0.25990	0.01228	0.01503	0.01298	0.01406	0.01638	0.01080	0.01492	0.00920	0.01762	0.00777	0.01174	0.00723	0.00874	0.01444	0.00232	0.55085	0.00451	0.00286	0.00634
7	0.01375	0.00692	0.00849	0.00754	0.00889	0.00651	0.00503	0.01442	0.01091	0.23690	0.01971	0.03258	0.01912	0.55911	0.02247	0.00449	0.00543	0.00767	0.00463	0.00544
8	0.00989	0.00826	0.01229	0.01571	0.23378	0.00789	0.00908	0.01265	0.01494	0.02089	0.43074	0.06692	0.11303	0.01043	0.00655	0.00183	0.00404	0.00935	0.00520	0.00651
9	0.26158	0.50221	0.08178	0.00978	0.01463	0.01927	0.00976	0.01740	0.01128	0.01778	0.00827	0.00960	0.00711	0.00515	0.00383	0.00146	0.00589	0.00321	0.00282	0.00720
10	0.01186	0.06995	0.72739	0.01623	0.02464	0.01400	0.02089	0.01836	0.01225	0.01817	0.01031	0.01212	0.00737	0.00550	0.00543	0.00181	0.00847	0.00424	0.00246	0.00854
11	0.01330	0.01238	0.01944	0.11263	0.45368	0.01190	0.01437	0.01654	0.01270	0.01851	0.01069	0.01382	0.00887	0.00499	0.00533	0.00149	0.00622	0.00466	0.00301	0.25547
12	0.01627	0.00739	0.00939	0.00798	0.01062	0.00671	0.00630	0.01880	0.01526	0.32356	0.23710	0.02730	0.02643	0.00845	0.00561	0.00167	0.00363	0.00709	0.25316	0.00726
13	0.00789	0.00568	0.00747	0.00755	0.00861	0.00526	0.00546	0.01011	0.01486	0.02078	0.53903	0.26795	0.04995	0.01379	0.00703	0.00199	0.00293	0.01232	0.00610	0.00526
14	0.03565	0.02011	0.01368	0.01254	0.01472	0.49591	0.00927	0.04692	0.01410	0.01414	0.00950	0.01276	0.00834	0.01028	0.01048	0.25029	0.00857	0.00418	0.00298	0.00559
15	0.01198	0.02487	0.54121	0.01618	0.02220	0.01480	0.01886	0.01709	0.01127	0.01709	0.00960	0.01241	0.00745	0.00692	0.00959	0.00205	0.24150	0.00453	0.00248	0.00792
16	0.01480	0.01663	0.01403	0.01291	0.01470	0.34100	0.04672	0.01636	0.01326	0.01489	0.01643	0.24626	0.01736	0.01126	0.02861	0.00214	0.12147	0.00807	0.03705	0.00604
17	0.01239	0.01229	0.01777	0.01515	0.01548	0.01679	0.04222	0.01388	0.00914	0.01414	0.00848	0.01370	0.00827	0.01280	0.08252	0.00310	0.68769	0.00526	0.00261	0.00632
18	0.01260	0.01211	0.03358	0.02452	0.35688	0.01151	0.14011	0.01609	0.01329	0.01844	0.01700	0.02982	0.01636	0.00836	0.00655	0.00201	0.00684	0.21987	0.00365	0.05042
19	0.01437	0.53712	0.04921	0.00977	0.01492	0.01812	0.00941	0.01661	0.01190	0.01542	0.00884	0.01024	0.00780	0.00479	0.00396	0.00115	0.00572	0.00325	0.00277	0.25460
20	0.00945	0.00740	0.00986	0.00883	0.01100	0.00725	0.00679	0.01147	0.01007	0.01492	0.01428	0.02111	0.01341	0.10596	0.46887	0.00644	0.01122	0.00561	0.00325	0.25281
21	0.00856	0.00616	0.00840	0.00968	0.01075	0.00601	0.00792	0.01067	0.01270	0.01655	0.03262	0.28296	0.07220	0.01664	0.00779	0.00255	0.00464	0.47269	0.00537	0.00514
22	0.00954	0.00705	0.00806	0.00702	0.00857	0.00627	0.00453	0.01031	0.00954	0.01358	0.01593	0.03026	0.01738	0.55825	0.02201	0.00420	0.00524	0.00695	0.00350	0.25181
23	0.00709	0.00506	0.00675	0.00810	0.00843	0.00472	0.00540	0.00810	0.01113	0.01484	0.03205	0.79184	0.03846	0.01822	0.00742	0.00236	0.00337	0.01653	0.00540	0.00472
24	0.01256	0.06477	0.47923	0.01893	0.02642	0.01440	0.26442	0.01844	0.01275	0.01824	0.01077	0.01328	0.00787	0.00528	0.00589	0.00185	0.00888	0.00511	0.00262	0.00828
25	0.00971	0.00531	0.00582	0.00622	0.00727	0.00521	0.00446	0.01191	0.01188	0.01963	0.02289	0.25271	0.02197	0.01021	0.00507	0.00166	0.00291	0.00875	0.58117	0.00521
26	0.00734	0.00591	0.00653	0.00638	0.00814	0.00511	0.00478	0.00924	0.01435	0.01830	0.29635	0.05170	0.51794	0.01376	0.00687	0.00192	0.00288	0.01167	0.00574	0.00511
27	0.01434	0.00841	0.01247	0.06871	0.14351	0.00804	0.00928	0.01635	0.01319	0.24012	0.02409	0.36938	0.02395	0.01176	0.00655	0.00205	0.00477	0.01054	0.00530	0.00718
28	0.01255	0.00883	0.00968	0.00845	0.00985	0.00936	0.00578	0.22790	0.01412	0.01889	0.01701	0.03083	0.01777	0.55905	0.02246	0.00447	0.00587	0.00749	0.00421	0.00543
29	0.00735	0.00582	0.00603	0.00603	0.00740	0.00513	0.00415	0.00838	0.01182	0.01438	0.04673	0.05059	0.53625	0.24899	0.01369	0.00307	0.00375	0.01113	0.00484	0.00449
30	0.01406	0.01337	0.01175	0.01079	0.01304	0.15790	0.00789	0.02269	0.38556	0.01847	0.01924	0.02444	0.01679	0.24383	0.01289	0.00298	0.00605	0.00659	0.00464	0.00703
31	0.01232	0.02547	0.53122	0.01912	0.02684	0.01389	0.25114	0.01848	0.01274	0.01848	0.01086	0.01337	0.00783	0.00533	0.00595	0.00188	0.00898	0.00512	0.00261	0.00835

[dist]
# distance from previous block
# <min> <max>
0	62

# created by:
# /software/SequenceAnalysis/GenePrediction/augustus/3.0.1/scripts/msa2prfl.pl ./fixed/BUSCOvEOG7K3N9N.fas
