[name]
unknown

[dist]
# distance from previous block
# <min> <max>
8	16

[block]
# block no. 0 follows, 39 sequences, length 7
# corresponding to MSA columns:
# 18-24
name=unknown_A
#
# <colnr> <probs for GDERKNQSTAVLIFYWHMCP>
#	G	D	E	R	K	N	Q	S	T	A	V	L	I	F	Y	W	H	M	C	P
0	0.02242	0.01833	0.01760	0.01385	0.01833	0.13248	0.01127	0.62722	0.02612	0.03380	0.01343	0.01366	0.00969	0.00695	0.00583	0.00174	0.00714	0.00509	0.00548	0.00957
1	0.01366	0.01306	0.02224	0.24478	0.55442	0.01379	0.01766	0.01729	0.01300	0.01814	0.01095	0.01495	0.00895	0.00545	0.00587	0.00182	0.00727	0.00527	0.00284	0.00858
2	0.02216	0.02611	0.01693	0.01494	0.01829	0.63474	0.01139	0.15050	0.01873	0.01854	0.01004	0.01129	0.00805	0.00627	0.00544	0.00157	0.00992	0.00408	0.00356	0.00743
3	0.83394	0.01144	0.00869	0.00778	0.01144	0.01327	0.00640	0.01738	0.01006	0.02653	0.00823	0.00961	0.00640	0.00549	0.00366	0.00183	0.00457	0.00320	0.00366	0.00640
4	0.01684	0.62603	0.09408	0.01077	0.01610	0.02064	0.01098	0.01923	0.01269	0.11045	0.01038	0.01113	0.00849	0.00540	0.00424	0.00139	0.00637	0.00363	0.00314	0.00801
5	0.01125	0.00969	0.01559	0.42899	0.15879	0.01107	0.01345	0.01456	0.01214	0.01691	0.01480	0.11612	0.01328	0.00757	0.00584	0.00190	0.00638	0.00679	0.12819	0.00668
6	0.01488	0.61445	0.20406	0.01171	0.01765	0.02111	0.01290	0.01795	0.01213	0.01505	0.00879	0.01020	0.00757	0.00519	0.00423	0.00141	0.00690	0.00345	0.00252	0.00786

[dist]
# distance from previous block
# <min> <max>
16	25

[block]
# block no. 1 follows, 39 sequences, length 7
# corresponding to MSA columns:
# 51-57
name=unknown_B
#
# <colnr> <probs for GDERKNQSTAVLIFYWHMCP>
#	G	D	E	R	K	N	Q	S	T	A	V	L	I	F	Y	W	H	M	C	P
0	0.05833	0.00781	0.00813	0.00731	0.00934	0.00816	0.00564	0.13737	0.01532	0.02471	0.11028	0.02345	0.01917	0.03797	0.00578	0.00170	0.00362	0.00613	0.50351	0.00628
1	0.56241	0.01234	0.01122	0.00934	0.01334	0.01375	0.00770	0.16894	0.01464	0.12128	0.01139	0.01189	0.00821	0.00606	0.00442	0.00182	0.00504	0.00399	0.00459	0.00763
2	0.01464	0.01405	0.02400	0.03630	0.75528	0.01405	0.01815	0.01815	0.01347	0.01932	0.01112	0.01464	0.00937	0.00527	0.00585	0.00176	0.00703	0.00527	0.00293	0.00937
3	0.01901	0.01247	0.01446	0.01081	0.01573	0.01163	0.00883	0.26324	0.01862	0.19494	0.01470	0.01472	0.01055	0.00598	0.00526	0.00140	0.00525	0.00468	0.00520	0.36251
4	0.32362	0.01318	0.01303	0.01079	0.01481	0.01471	0.00878	0.24631	0.17458	0.10195	0.01501	0.01477	0.01087	0.00672	0.00510	0.00185	0.00525	0.00489	0.00524	0.00855
5	0.50979	0.01239	0.01098	0.05238	0.01433	0.06802	0.00789	0.06736	0.01322	0.11802	0.06590	0.01423	0.01153	0.00639	0.00460	0.00181	0.00527	0.00441	0.00438	0.00710
6	0.01473	0.47362	0.29575	0.01286	0.01914	0.06255	0.01446	0.01842	0.01246	0.01570	0.00914	0.01064	0.00756	0.00532	0.00455	0.00150	0.00745	0.00364	0.00255	0.00797

[dist]
# distance from previous block
# <min> <max>
5	8

[block]
# block no. 2 follows, 39 sequences, length 12
# corresponding to MSA columns:
# 66-77
name=unknown_C
#
# <colnr> <probs for GDERKNQSTAVLIFYWHMCP>
#	G	D	E	R	K	N	Q	S	T	A	V	L	I	F	Y	W	H	M	C	P
0	0.07125	0.00968	0.01195	0.00989	0.01337	0.00913	0.00792	0.10955	0.01666	0.34410	0.12573	0.12054	0.02278	0.00938	0.00611	0.00186	0.00463	0.03260	0.00622	0.06664
1	0.01293	0.23748	0.56399	0.01503	0.02278	0.01635	0.01868	0.01845	0.01236	0.01743	0.00997	0.01167	0.00752	0.00547	0.00513	0.00171	0.00809	0.00404	0.00251	0.00843
2	0.08720	0.00931	0.01162	0.00958	0.01305	0.00882	0.00769	0.02313	0.09243	0.41300	0.22886	0.02628	0.02599	0.00859	0.00606	0.00186	0.00432	0.00714	0.00665	0.00841
3	0.02196	0.01167	0.01402	0.01126	0.01541	0.01172	0.00913	0.15375	0.19898	0.41311	0.04146	0.02104	0.03311	0.00776	0.00601	0.00187	0.00510	0.00630	0.00668	0.00965
4	0.01174	0.00908	0.01053	0.00980	0.01207	0.00962	0.00752	0.04652	0.29414	0.04106	0.28264	0.13529	0.03446	0.01116	0.00663	0.00201	0.00395	0.04295	0.00607	0.02276
5	0.01209	0.07487	0.71925	0.01647	0.02499	0.01429	0.02117	0.01867	0.01246	0.01845	0.01047	0.01231	0.00750	0.00559	0.00551	0.00184	0.00860	0.00430	0.00250	0.00867
6	0.08754	0.01173	0.01344	0.01078	0.01499	0.01178	0.00871	0.13632	0.19030	0.28351	0.04622	0.01862	0.01479	0.00708	0.00559	0.00173	0.00497	0.00564	0.00594	0.12031
7	0.08271	0.01040	0.01017	0.00852	0.01161	0.07008	0.00667	0.08770	0.01412	0.07454	0.01480	0.01669	0.01153	0.00693	0.00560	0.04704	0.00459	0.00471	0.31503	0.19654
8	0.01155	0.01160	0.02208	0.03884	0.02138	0.01069	0.37202	0.01529	0.01421	0.01965	0.19586	0.06637	0.06584	0.00799	0.00669	0.00186	0.00677	0.00830	0.00418	0.09883
9	0.00953	0.00642	0.00802	0.00801	0.00962	0.00562	0.00572	0.01105	0.01261	0.07819	0.09855	0.42806	0.14009	0.04415	0.00776	0.00219	0.00364	0.01283	0.00543	0.10250
10	0.01352	0.01144	0.01444	0.01091	0.01557	0.01006	0.06657	0.11855	0.05776	0.02174	0.01406	0.08719	0.01240	0.00638	0.00521	0.00131	0.00506	0.00550	0.00414	0.51821
11	0.01755	0.01117	0.01284	0.01094	0.01429	0.01184	0.00860	0.10178	0.33915	0.22031	0.08300	0.02483	0.02004	0.07187	0.00807	0.00224	0.00491	0.02162	0.00618	0.00876

[dist]
# distance from previous block
# <min> <max>
13	23

[block]
# block no. 3 follows, 39 sequences, length 102
# corresponding to MSA columns:
# 102-203
name=unknown_D
#
# <colnr> <probs for GDERKNQSTAVLIFYWHMCP>
#	G	D	E	R	K	N	Q	S	T	A	V	L	I	F	Y	W	H	M	C	P
0	0.03298	0.08373	0.65006	0.01607	0.02395	0.01465	0.02014	0.01838	0.01220	0.01834	0.01023	0.01222	0.00749	0.00583	0.00619	0.00187	0.05038	0.00430	0.00253	0.00848
1	0.05636	0.02795	0.64574	0.01781	0.06468	0.01379	0.05537	0.01863	0.01248	0.01919	0.01058	0.01262	0.00761	0.00556	0.00559	0.00187	0.00848	0.00448	0.00261	0.00861
2	0.00733	0.00524	0.00701	0.00838	0.00878	0.00491	0.00571	0.00845	0.01145	0.01524	0.03252	0.74916	0.03884	0.01841	0.00758	0.00242	0.00354	0.05471	0.00549	0.00484
3	0.00860	0.00573	0.00645	0.00645	0.00645	0.00573	0.00358	0.00860	0.00860	0.01147	0.01863	0.03870	0.02150	0.79217	0.03010	0.00573	0.00573	0.00860	0.00358	0.00358
4	0.03389	0.01075	0.05540	0.49551	0.06999	0.01149	0.01391	0.01524	0.01199	0.04122	0.01314	0.05822	0.01075	0.00713	0.00622	0.02632	0.00677	0.00583	0.09963	0.00661
5	0.05105	0.00901	0.01351	0.50141	0.02883	0.01078	0.01213	0.01481	0.01192	0.01781	0.01312	0.01741	0.01006	0.00619	0.00525	0.00178	0.00614	0.00524	0.25730	0.00623
6	0.00845	0.00634	0.00950	0.00950	0.01056	0.00739	0.00739	0.01056	0.00950	0.01373	0.01584	0.02323	0.01478	0.04435	0.76873	0.00950	0.01584	0.00634	0.00317	0.00528
7	0.01454	0.01396	0.02383	0.05635	0.73596	0.01403	0.01810	0.01807	0.01342	0.01921	0.01111	0.01467	0.00933	0.00529	0.00586	0.00176	0.00705	0.00527	0.00292	0.00929
8	0.09709	0.71781	0.02877	0.00989	0.01481	0.02239	0.00975	0.01768	0.01182	0.01517	0.00822	0.00950	0.00747	0.00510	0.00378	0.00132	0.00615	0.00317	0.00264	0.00747
9	0.01247	0.02916	0.70024	0.01703	0.02549	0.01362	0.05594	0.01909	0.01271	0.04452	0.01112	0.01292	0.00781	0.00565	0.00570	0.00188	0.00867	0.00455	0.00269	0.00875
10	0.01159	0.01106	0.01891	0.50533	0.03286	0.01341	0.09923	0.01480	0.01141	0.01516	0.01098	0.04112	0.00916	0.00769	0.00909	0.04654	0.12663	0.00582	0.00276	0.00645
11	0.01205	0.06772	0.72607	0.01653	0.02509	0.01420	0.02128	0.01868	0.01246	0.01849	0.01050	0.01234	0.00750	0.00559	0.00553	0.00184	0.00862	0.00431	0.00250	0.00868
12	0.01572	0.77734	0.04854	0.01028	0.01543	0.02317	0.01040	0.01773	0.01203	0.01403	0.00828	0.00956	0.00759	0.00507	0.00384	0.00128	0.00638	0.00319	0.00253	0.00762
13	0.02631	0.01042	0.01394	0.01069	0.01527	0.00922	0.00883	0.06716	0.01752	0.72020	0.02284	0.01981	0.01439	0.00731	0.00595	0.00183	0.00511	0.00591	0.00724	0.01006
14	0.00713	0.00600	0.00618	0.00613	0.00807	0.00505	0.00460	0.00875	0.01380	0.01674	0.12868	0.05565	0.68363	0.01469	0.00699	0.00198	0.00298	0.01230	0.00559	0.00505
15	0.00721	0.00515	0.00686	0.00823	0.00858	0.00480	0.00549	0.00823	0.01132	0.01510	0.03259	0.78831	0.03911	0.01853	0.00755	0.00240	0.00343	0.01681	0.00549	0.00480
16	0.01186	0.03059	0.76153	0.01686	0.02560	0.01373	0.02185	0.01873	0.01249	0.01873	0.01061	0.01249	0.00749	0.00562	0.00562	0.00187	0.00874	0.00437	0.00250	0.00874
17	0.01186	0.03059	0.76153	0.01686	0.02560	0.01373	0.02185	0.01873	0.01249	0.01873	0.01061	0.01249	0.00749	0.00562	0.00562	0.00187	0.00874	0.00437	0.00250	0.00874
18	0.83394	0.01144	0.00869	0.00778	0.01144	0.01327	0.00640	0.01738	0.01006	0.02653	0.00823	0.00961	0.00640	0.00549	0.00366	0.00183	0.00457	0.00320	0.00366	0.00640
19	0.00953	0.00681	0.00953	0.01089	0.01225	0.00681	0.00953	0.01225	0.01361	0.01770	0.03131	0.06671	0.03403	0.01634	0.00817	0.00272	0.00545	0.71547	0.00545	0.00545
20	0.01265	0.02948	0.72128	0.01651	0.02503	0.01346	0.02114	0.01927	0.01272	0.05859	0.01130	0.01290	0.00788	0.00571	0.00564	0.00187	0.00854	0.00445	0.00276	0.00881
21	0.01109	0.00970	0.01578	0.64508	0.03510	0.01187	0.01451	0.01482	0.01197	0.01614	0.01248	0.01855	0.00986	0.00644	0.00576	0.00192	0.00710	0.03237	0.11305	0.00638
22	0.00860	0.00573	0.00645	0.00645	0.00645	0.00573	0.00358	0.00860	0.00860	0.01147	0.01863	0.03870	0.02150	0.79217	0.03010	0.00573	0.00573	0.00860	0.00358	0.00358
23	0.01102	0.00551	0.00551	0.00551	0.00689	0.00551	0.00413	0.01378	0.01240	0.02205	0.01929	0.02205	0.01516	0.00689	0.00413	0.00138	0.00276	0.00551	0.82500	0.00551
24	0.04308	0.14529	0.01872	0.01425	0.01762	0.63390	0.01109	0.02254	0.01585	0.01471	0.00898	0.01046	0.00758	0.00592	0.00505	0.00149	0.00984	0.00369	0.00298	0.00696
25	0.01581	0.79572	0.03099	0.01012	0.01518	0.02340	0.01012	0.01771	0.01202	0.01391	0.00822	0.00949	0.00759	0.00506	0.00379	0.00126	0.00632	0.00316	0.00253	0.00759
26	0.00721	0.00515	0.00686	0.00823	0.00858	0.00480	0.00549	0.00823	0.01132	0.01510	0.03259	0.78831	0.03911	0.01853	0.00755	0.00240	0.00343	0.01681	0.00549	0.00480
27	0.05525	0.00629	0.00686	0.07269	0.01018	0.00665	0.00542	0.01399	0.01214	0.02144	0.01783	0.02087	0.01405	0.00784	0.02686	0.00169	0.00368	0.00539	0.68523	0.00564
28	0.00837	0.00604	0.00790	0.00744	0.00883	0.00558	0.00558	0.01116	0.01674	0.02371	0.75216	0.04417	0.05580	0.01209	0.00697	0.00186	0.00279	0.01069	0.00651	0.00558
29	0.01581	0.79572	0.03099	0.01012	0.01518	0.02340	0.01012	0.01771	0.01202	0.01391	0.00822	0.00949	0.00759	0.00506	0.00379	0.00126	0.00632	0.00316	0.00253	0.00759
30	0.01176	0.00998	0.01173	0.00871	0.01347	0.00758	0.00686	0.01423	0.01217	0.01886	0.01270	0.08936	0.01177	0.00579	0.00469	0.00103	0.00429	0.00483	0.00370	0.74651
31	0.01777	0.01202	0.01346	0.01164	0.01531	0.01315	0.00919	0.03075	0.55627	0.21486	0.02388	0.02156	0.01717	0.00784	0.00600	0.00196	0.00477	0.00649	0.00635	0.00954
32	0.01186	0.03059	0.76153	0.01686	0.02560	0.01373	0.02185	0.01873	0.01249	0.01873	0.01061	0.01249	0.00749	0.00562	0.00562	0.00187	0.00874	0.00437	0.00250	0.00874
33	0.00860	0.00573	0.00645	0.00645	0.00645	0.00573	0.00358	0.00860	0.00860	0.01147	0.01863	0.03870	0.02150	0.79217	0.03010	0.00573	0.00573	0.00860	0.00358	0.00358
34	0.01210	0.01172	0.02063	0.56228	0.17547	0.01349	0.08802	0.01607	0.01235	0.01629	0.01077	0.01557	0.00827	0.00570	0.00601	0.00193	0.00793	0.00543	0.00272	0.00724
35	0.00830	0.00608	0.00780	0.00748	0.00893	0.00559	0.00568	0.01095	0.01625	0.02262	0.64459	0.04665	0.12388	0.01261	0.00704	0.00192	0.00295	0.04880	0.00635	0.00551
36	0.00788	0.00622	0.00965	0.00989	0.01080	0.00581	0.07784	0.00930	0.01158	0.01548	0.03055	0.71158	0.03612	0.01718	0.00749	0.00236	0.00408	0.01584	0.00524	0.00512
37	0.00764	0.00548	0.00725	0.00794	0.00867	0.00509	0.00552	0.00932	0.01333	0.01829	0.29900	0.51281	0.04529	0.01614	0.00734	0.00220	0.00319	0.01455	0.00587	0.00509
38	0.00719	0.00519	0.00682	0.00813	0.00855	0.00481	0.00544	0.00825	0.01143	0.01514	0.03392	0.75281	0.07375	0.01836	0.00752	0.00238	0.00341	0.01660	0.00549	0.00481
39	0.10674	0.01020	0.01322	0.01025	0.01473	0.00915	0.00846	0.02768	0.01624	0.68657	0.02183	0.01908	0.01382	0.00714	0.00572	0.00183	0.00499	0.00567	0.00696	0.00970
40	0.01662	0.00996	0.01234	0.01207	0.01270	0.00905	0.00801	0.01264	0.01198	0.01662	0.01650	0.02602	0.01601	0.02321	0.02401	0.74700	0.00723	0.00710	0.00476	0.00616
41	0.01464	0.01405	0.02400	0.03630	0.75528	0.01405	0.01815	0.01815	0.01347	0.01932	0.01112	0.01464	0.00937	0.00527	0.00585	0.00176	0.00703	0.00527	0.00293	0.00937
42	0.00860	0.00573	0.00645	0.00645	0.00645	0.00573	0.00358	0.00860	0.00860	0.01147	0.01863	0.03870	0.02150	0.79217	0.03010	0.00573	0.00573	0.00860	0.00358	0.00358
43	0.01396	0.01595	0.03490	0.02493	0.03091	0.01496	0.73380	0.01894	0.01396	0.01894	0.01196	0.01595	0.00897	0.00499	0.00698	0.00199	0.00997	0.00698	0.00299	0.00798
44	0.02459	0.00966	0.01296	0.01007	0.01439	0.00832	0.00827	0.02680	0.01658	0.68552	0.02696	0.02378	0.08798	0.00808	0.00605	0.00185	0.00483	0.00660	0.00714	0.00956
45	0.02653	0.01006	0.01372	0.01052	0.01510	0.00869	0.00869	0.02882	0.01693	0.75937	0.02333	0.02013	0.01464	0.00732	0.00595	0.00183	0.00503	0.00595	0.00732	0.01006
46	0.01471	0.01270	0.01337	0.01203	0.01538	0.01471	0.00936	0.03142	0.74459	0.02474	0.02407	0.02206	0.01805	0.00802	0.00602	0.00201	0.00468	0.00669	0.00602	0.00936
47	0.01004	0.00739	0.00991	0.01100	0.01256	0.00759	0.00951	0.01416	0.08623	0.01840	0.03059	0.06227	0.03245	0.01551	0.00795	0.00265	0.00537	0.64506	0.00550	0.00583
48	0.01102	0.00551	0.00551	0.00551	0.00689	0.00551	0.00413	0.01378	0.01240	0.02205	0.01929	0.02205	0.01516	0.00689	0.00413	0.00138	0.00276	0.00551	0.82500	0.00551
49	0.01388	0.01327	0.02241	0.10835	0.64407	0.01347	0.01724	0.01733	0.01330	0.01872	0.01369	0.01702	0.04924	0.00586	0.00592	0.00179	0.00689	0.00566	0.00304	0.00885
50	0.00884	0.00571	0.00636	0.00636	0.00649	0.00571	0.00364	0.00911	0.00898	0.01252	0.01870	0.03705	0.02087	0.71415	0.02752	0.00530	0.00544	0.00829	0.08519	0.00377
51	0.01471	0.01270	0.01337	0.01203	0.01538	0.01471	0.00936	0.03142	0.74459	0.02474	0.02407	0.02206	0.01805	0.00802	0.00602	0.00201	0.00468	0.00669	0.00602	0.00936
52	0.01117	0.01051	0.01774	0.77795	0.04073	0.01314	0.01642	0.01511	0.01182	0.01511	0.01051	0.01577	0.00788	0.00591	0.00591	0.00197	0.00788	0.00526	0.00263	0.00657
53	0.01435	0.01372	0.02321	0.09785	0.67677	0.01399	0.01778	0.01823	0.03173	0.01910	0.01140	0.01492	0.00946	0.00539	0.00586	0.00178	0.00704	0.00530	0.00298	0.00913
54	0.01805	0.03288	0.69127	0.02031	0.02881	0.01680	0.02306	0.02257	0.01629	0.02424	0.01681	0.02107	0.01350	0.00977	0.00825	0.00300	0.01048	0.00641	0.00470	0.01172
55	0.00860	0.00573	0.00645	0.00645	0.00645	0.00573	0.00358	0.00860	0.00860	0.01147	0.01863	0.03870	0.02150	0.79217	0.03010	0.00573	0.00573	0.00860	0.00358	0.00358
56	0.00841	0.00575	0.00684	0.00686	0.00723	0.00560	0.00425	0.00918	0.01082	0.01476	0.19591	0.11448	0.03147	0.52826	0.02231	0.00447	0.00480	0.00992	0.00447	0.00418
57	0.01475	0.59109	0.22637	0.01192	0.01796	0.02081	0.01326	0.01798	0.01214	0.01520	0.00886	0.01029	0.00756	0.00521	0.00428	0.00143	0.00697	0.00349	0.00252	0.00790
58	0.83394	0.01144	0.00869	0.00778	0.01144	0.01327	0.00640	0.01738	0.01006	0.02653	0.00823	0.00961	0.00640	0.00549	0.00366	0.00183	0.00457	0.00320	0.00366	0.00640
59	0.01102	0.00551	0.00551	0.00551	0.00689	0.00551	0.00413	0.01378	0.01240	0.02205	0.01929	0.02205	0.01516	0.00689	0.00413	0.00138	0.00276	0.00551	0.82500	0.00551
60	0.01454	0.01396	0.02384	0.05588	0.73641	0.01403	0.01810	0.01807	0.01342	0.01921	0.01111	0.01467	0.00933	0.00529	0.00586	0.00176	0.00705	0.00527	0.00292	0.00929
61	0.02653	0.01006	0.01372	0.01052	0.01510	0.00869	0.00869	0.02882	0.01693	0.75937	0.02333	0.02013	0.01464	0.00732	0.00595	0.00183	0.00503	0.00595	0.00732	0.01006
62	0.00700	0.00595	0.00604	0.00611	0.00802	0.00498	0.00455	0.00847	0.01336	0.01593	0.05844	0.09628	0.71446	0.01517	0.00702	0.00202	0.00302	0.01271	0.00549	0.00498
63	0.04761	0.01829	0.02043	0.01644	0.04591	0.15197	0.13548	0.43596	0.02236	0.02905	0.01260	0.01373	0.00929	0.00644	0.00592	0.00177	0.00780	0.00526	0.00472	0.00898
64	0.02653	0.01006	0.01372	0.01052	0.01510	0.00869	0.00869	0.02882	0.01693	0.75937	0.02333	0.02013	0.01464	0.00732	0.00595	0.00183	0.00503	0.00595	0.00732	0.01006
65	0.01581	0.79572	0.03099	0.01012	0.01518	0.02340	0.01012	0.01771	0.01202	0.01391	0.00822	0.00949	0.00759	0.00506	0.00379	0.00126	0.00632	0.00316	0.00253	0.00759
66	0.04647	0.01641	0.01748	0.01343	0.01814	0.01819	0.01110	0.71433	0.02728	0.03695	0.01402	0.01406	0.00995	0.00705	0.00585	0.00178	0.00645	0.00526	0.00585	0.00995
67	0.00701	0.00589	0.00609	0.00625	0.00806	0.00497	0.00461	0.00846	0.01323	0.01587	0.05670	0.14288	0.66898	0.01539	0.00706	0.00204	0.00305	0.01299	0.00549	0.00497
68	0.01477	0.58855	0.18711	0.01149	0.01736	0.02048	0.01247	0.01777	0.01213	0.01524	0.00886	0.01028	0.00763	0.00514	0.00422	0.00137	0.00674	0.00344	0.00258	0.05236
69	0.83394	0.01144	0.00869	0.00778	0.01144	0.01327	0.00640	0.01738	0.01006	0.02653	0.00823	0.00961	0.00640	0.00549	0.00366	0.00183	0.00457	0.00320	0.00366	0.00640
70	0.00699	0.00599	0.00599	0.00599	0.00799	0.00499	0.00449	0.00849	0.01348	0.01598	0.05991	0.05691	0.75288	0.01498	0.00699	0.00200	0.00300	0.01248	0.00549	0.00499
71	0.01104	0.00618	0.00715	0.10913	0.01143	0.00654	0.00578	0.01396	0.01232	0.02112	0.01811	0.02121	0.01418	0.00676	0.00437	0.00146	0.00344	0.00548	0.71468	0.00565
72	0.02390	0.01100	0.01397	0.01085	0.01514	0.01036	0.00891	0.17194	0.01914	0.53827	0.09386	0.02130	0.01779	0.00775	0.00604	0.00182	0.00511	0.00629	0.00695	0.00962
73	0.01743	0.01480	0.02138	0.70580	0.04244	0.01626	0.01817	0.01931	0.01569	0.02098	0.01672	0.02403	0.01385	0.01003	0.00852	0.00309	0.00971	0.00721	0.00481	0.00977
74	0.00860	0.00573	0.00645	0.00645	0.00645	0.00573	0.00358	0.00860	0.00860	0.01147	0.01863	0.03870	0.02150	0.79217	0.03010	0.00573	0.00573	0.00860	0.00358	0.00358
75	0.01267	0.01052	0.01221	0.00914	0.01386	0.00851	0.00723	0.07841	0.01355	0.02046	0.01303	0.08953	0.01189	0.00603	0.00483	0.00111	0.00447	0.00499	0.00392	0.67364
76	0.04031	0.01423	0.01526	0.01201	0.01598	0.01560	0.00978	0.56904	0.02447	0.03368	0.08277	0.01829	0.01498	0.03357	0.00662	0.00188	0.00579	0.00589	0.07087	0.00898
77	0.00748	0.00534	0.00718	0.00855	0.00901	0.00504	0.00596	0.00871	0.01159	0.01540	0.03244	0.70349	0.03852	0.01827	0.00762	0.00244	0.00367	0.09893	0.00548	0.00488
78	0.00721	0.00515	0.00686	0.00823	0.00858	0.00480	0.00549	0.00823	0.01132	0.01510	0.03259	0.78831	0.03911	0.01853	0.00755	0.00240	0.00343	0.01681	0.00549	0.00480
79	0.01398	0.01433	0.05316	0.01192	0.01491	0.11821	0.00956	0.02443	0.43315	0.02077	0.02412	0.13716	0.05987	0.00965	0.00652	0.00200	0.02508	0.00797	0.00522	0.00797
80	0.01830	0.08132	0.64503	0.01989	0.02815	0.01741	0.02232	0.02250	0.01626	0.02393	0.01666	0.02088	0.01351	0.00973	0.00814	0.00296	0.01032	0.00634	0.00470	0.01165
81	0.02631	0.01042	0.01394	0.01069	0.01527	0.00922	0.00883	0.06716	0.01752	0.72020	0.02284	0.01981	0.01439	0.00731	0.00595	0.00183	0.00511	0.00591	0.00724	0.01006
82	0.01410	0.01367	0.02382	0.14008	0.60818	0.01398	0.06376	0.01777	0.01327	0.01870	0.01109	0.01488	0.00913	0.00534	0.00593	0.00180	0.00734	0.00538	0.00289	0.00888
83	0.18185	0.01468	0.02858	0.02080	0.02615	0.01428	0.55935	0.01835	0.01326	0.02067	0.03696	0.01563	0.01008	0.00534	0.00630	0.00196	0.00861	0.00633	0.00325	0.00757
84	0.01140	0.02806	0.68655	0.01600	0.02390	0.01285	0.02022	0.01769	0.01237	0.01837	0.01280	0.08956	0.01063	0.00690	0.00581	0.00193	0.00821	0.00561	0.00279	0.00835
85	0.01520	0.57095	0.20540	0.01201	0.01784	0.06118	0.01300	0.01827	0.01238	0.01510	0.00884	0.01027	0.00757	0.00525	0.00431	0.00142	0.00714	0.00349	0.00255	0.00783
86	0.01613	0.01527	0.02249	0.05135	0.58534	0.06667	0.01670	0.11600	0.01560	0.02132	0.01139	0.01433	0.00930	0.00559	0.00583	0.00175	0.00723	0.00518	0.00333	0.00921
87	0.00860	0.00573	0.00645	0.00645	0.00645	0.00573	0.00358	0.00860	0.00860	0.01147	0.01863	0.03870	0.02150	0.79217	0.03010	0.00573	0.00573	0.00860	0.00358	0.00358
88	0.01464	0.01405	0.02400	0.03630	0.75528	0.01405	0.01815	0.01815	0.01347	0.01932	0.01112	0.01464	0.00937	0.00527	0.00585	0.00176	0.00703	0.00527	0.00293	0.00937
89	0.01581	0.79572	0.03099	0.01012	0.01518	0.02340	0.01012	0.01771	0.01202	0.01391	0.00822	0.00949	0.00759	0.00506	0.00379	0.00126	0.00632	0.00316	0.00253	0.00759
90	0.00721	0.00515	0.00686	0.00823	0.00858	0.00480	0.00549	0.00823	0.01132	0.01510	0.03259	0.78831	0.03911	0.01853	0.00755	0.00240	0.00343	0.01681	0.00549	0.00480
91	0.00845	0.00634	0.00950	0.00950	0.01056	0.00739	0.00739	0.01056	0.00950	0.01373	0.01584	0.02323	0.01478	0.04435	0.76873	0.00950	0.01584	0.00634	0.00317	0.00528
92	0.01117	0.01011	0.01676	0.66040	0.03609	0.01261	0.01511	0.01433	0.01127	0.01458	0.01034	0.01583	0.00811	0.00760	0.00835	0.08406	0.04924	0.00524	0.00262	0.00617
93	0.00860	0.00573	0.00645	0.00645	0.00645	0.00573	0.00358	0.00860	0.00860	0.01147	0.01863	0.03870	0.02150	0.79217	0.03010	0.00573	0.00573	0.00860	0.00358	0.00358
94	0.01471	0.01270	0.01337	0.01203	0.01538	0.01471	0.00936	0.03142	0.74459	0.02474	0.02407	0.02206	0.01805	0.00802	0.00602	0.00201	0.00468	0.00669	0.00602	0.00936
95	0.00860	0.00573	0.00645	0.00645	0.00645	0.00573	0.00358	0.00860	0.00860	0.01147	0.01863	0.03870	0.02150	0.79217	0.03010	0.00573	0.00573	0.00860	0.00358	0.00358
96	0.01386	0.01565	0.03323	0.02399	0.02938	0.01527	0.66219	0.01848	0.01347	0.01848	0.01155	0.01565	0.00885	0.00552	0.00821	0.00205	0.08660	0.00680	0.00295	0.00783
97	0.00860	0.00573	0.00645	0.00645	0.00645	0.00573	0.00358	0.00860	0.00860	0.01147	0.01863	0.03870	0.02150	0.79217	0.03010	0.00573	0.00573	0.00860	0.00358	0.00358
98	0.75266	0.08935	0.01091	0.00801	0.01181	0.01427	0.00677	0.01742	0.01026	0.02528	0.00823	0.00959	0.00652	0.00545	0.00367	0.00177	0.00475	0.00320	0.00355	0.00652
99	0.00721	0.00515	0.00686	0.00823	0.00858	0.00480	0.00549	0.00823	0.01132	0.01510	0.03259	0.78831	0.03911	0.01853	0.00755	0.00240	0.00343	0.01681	0.00549	0.00480
100	0.01581	0.79572	0.03099	0.01012	0.01518	0.02340	0.01012	0.01771	0.01202	0.01391	0.00822	0.00949	0.00759	0.00506	0.00379	0.00126	0.00632	0.00316	0.00253	0.00759
101	0.02316	0.01426	0.01623	0.01241	0.01712	0.01484	0.01024	0.48169	0.02366	0.25606	0.01678	0.01590	0.01138	0.00702	0.00584	0.00174	0.00594	0.00542	0.00621	0.05410

[dist]
# distance from previous block
# <min> <max>
0	1

[block]
# block no. 4 follows, 39 sequences, length 23
# corresponding to MSA columns:
# 205-227
name=unknown_E
#
# <colnr> <probs for GDERKNQSTAVLIFYWHMCP>
#	G	D	E	R	K	N	Q	S	T	A	V	L	I	F	Y	W	H	M	C	P
0	0.01202	0.06317	0.63566	0.01666	0.02465	0.01385	0.07320	0.01831	0.01279	0.01878	0.04870	0.01423	0.01009	0.00588	0.00571	0.00185	0.00842	0.00483	0.00274	0.00847
1	0.83394	0.01144	0.00869	0.00778	0.01144	0.01327	0.00640	0.01738	0.01006	0.02653	0.00823	0.00961	0.00640	0.00549	0.00366	0.00183	0.00457	0.00320	0.00366	0.00640
2	0.01384	0.01560	0.03293	0.02382	0.02910	0.01533	0.64930	0.01839	0.01338	0.01839	0.01147	0.01560	0.00883	0.00561	0.00844	0.00206	0.10039	0.00677	0.00294	0.00780
3	0.01106	0.00988	0.01656	0.68767	0.03686	0.01220	0.01510	0.01424	0.01134	0.01454	0.01048	0.01603	0.00816	0.00763	0.00793	0.09879	0.00756	0.00524	0.00262	0.00610
4	0.02854	0.02091	0.02204	0.01807	0.02299	0.02141	0.01391	0.65607	0.03050	0.04160	0.02109	0.02413	0.01685	0.01182	0.00899	0.00312	0.00882	0.00762	0.00811	0.01342
5	0.00721	0.00515	0.00686	0.00823	0.00858	0.00480	0.00549	0.00823	0.01132	0.01510	0.03259	0.78831	0.03911	0.01853	0.00755	0.00240	0.00343	0.01681	0.00549	0.00480
6	0.01316	0.01358	0.02171	0.01754	0.01882	0.01744	0.16730	0.01524	0.01011	0.01524	0.00866	0.01358	0.00802	0.00920	0.01675	0.00246	0.61617	0.00556	0.00267	0.00679
7	0.01096	0.01024	0.01718	0.73841	0.03908	0.01271	0.01586	0.01476	0.01180	0.01511	0.01165	0.05545	0.00949	0.00656	0.00600	0.00199	0.00765	0.00585	0.00277	0.00648
8	0.01297	0.09131	0.64748	0.01607	0.02422	0.01486	0.02012	0.07173	0.01358	0.01971	0.01069	0.01237	0.00769	0.00568	0.00549	0.00182	0.00838	0.00434	0.00275	0.00874
9	0.00789	0.00678	0.00686	0.00670	0.00885	0.00613	0.00506	0.01118	0.09918	0.01700	0.05571	0.05283	0.66674	0.01416	0.00688	0.00200	0.00319	0.01180	0.00555	0.00550
10	0.02653	0.01006	0.01372	0.01052	0.01510	0.00869	0.00869	0.02882	0.01693	0.75937	0.02333	0.02013	0.01464	0.00732	0.00595	0.00183	0.00503	0.00595	0.00732	0.01006
11	0.00699	0.00599	0.00599	0.00599	0.00799	0.00499	0.00449	0.00849	0.01348	0.01598	0.05991	0.05691	0.75288	0.01498	0.00699	0.00200	0.00300	0.01248	0.00549	0.00499
12	0.02653	0.01006	0.01372	0.01052	0.01510	0.00869	0.00869	0.02882	0.01693	0.75937	0.02333	0.02013	0.01464	0.00732	0.00595	0.00183	0.00503	0.00595	0.00732	0.01006
13	0.00721	0.00515	0.00686	0.00823	0.00858	0.00480	0.00549	0.00823	0.01132	0.01510	0.03259	0.78831	0.03911	0.01853	0.00755	0.00240	0.00343	0.01681	0.00549	0.00480
14	0.01036	0.00518	0.00745	0.00745	0.00761	0.00518	0.00502	0.00842	0.00825	0.01165	0.01133	0.01845	0.01084	0.01894	0.02089	0.73106	0.00486	0.00518	0.09897	0.00291
15	0.01371	0.01311	0.02233	0.23429	0.56453	0.01381	0.01769	0.01734	0.01303	0.01820	0.01096	0.01494	0.00897	0.00544	0.00587	0.00181	0.00725	0.00527	0.00285	0.00862
16	0.00721	0.00515	0.00686	0.00823	0.00858	0.00480	0.00549	0.00823	0.01132	0.01510	0.03259	0.78831	0.03911	0.01853	0.00755	0.00240	0.00343	0.01681	0.00549	0.00480
17	0.00837	0.00604	0.00790	0.00744	0.00883	0.00558	0.00558	0.01116	0.01674	0.02371	0.75216	0.04417	0.05580	0.01209	0.00697	0.00186	0.00279	0.01069	0.00651	0.00558
18	0.00860	0.00573	0.00645	0.00645	0.00645	0.00573	0.00358	0.00860	0.00860	0.01147	0.01863	0.03870	0.02150	0.79217	0.03010	0.00573	0.00573	0.00860	0.00358	0.00358
19	0.01471	0.01270	0.01337	0.01203	0.01538	0.01471	0.00936	0.03142	0.74459	0.02474	0.02407	0.02206	0.01805	0.00802	0.00602	0.00201	0.00468	0.00669	0.00602	0.00936
20	0.01346	0.01515	0.03282	0.02369	0.02925	0.01420	0.67986	0.01815	0.01376	0.01866	0.01349	0.07315	0.01121	0.00599	0.00702	0.00202	0.00949	0.00771	0.00318	0.00774
21	0.01987	0.19088	0.02066	0.01661	0.10400	0.52047	0.01193	0.02171	0.01536	0.01492	0.00918	0.01088	0.00782	0.00578	0.00506	0.00150	0.00931	0.00384	0.00292	0.00731
22	0.01916	0.02066	0.01601	0.01527	0.06558	0.39136	0.01105	0.06436	0.27304	0.04146	0.01521	0.01540	0.01174	0.00681	0.00566	0.00173	0.00793	0.00506	0.00436	0.00817

[dist]
# distance from previous block
# <min> <max>
0	5

[block]
# block no. 5 follows, 39 sequences, length 67
# corresponding to MSA columns:
# 233-299
name=unknown_F
#
# <colnr> <probs for GDERKNQSTAVLIFYWHMCP>
#	G	D	E	R	K	N	Q	S	T	A	V	L	I	F	Y	W	H	M	C	P
0	0.01171	0.00993	0.01167	0.00870	0.01342	0.00755	0.00684	0.01417	0.01216	0.01882	0.01292	0.09687	0.01207	0.00592	0.00473	0.00104	0.00428	0.00495	0.00372	0.73854
1	0.01353	0.01136	0.01502	0.01090	0.01605	0.00931	0.08655	0.06444	0.01365	0.04761	0.01196	0.03322	0.00987	0.00511	0.00491	0.00113	0.00513	0.00444	0.00380	0.63200
2	0.00806	0.00603	0.00747	0.00711	0.00864	0.00545	0.00533	0.01055	0.01600	0.02196	0.59533	0.04706	0.21372	0.01274	0.00698	0.00189	0.00284	0.01110	0.00628	0.00545
3	0.00721	0.00515	0.00686	0.00823	0.00858	0.00480	0.00549	0.00823	0.01132	0.01510	0.03259	0.78831	0.03911	0.01853	0.00755	0.00240	0.00343	0.01681	0.00549	0.00480
4	0.01510	0.65859	0.16193	0.01133	0.01705	0.02167	0.01222	0.01789	0.01210	0.01478	0.00865	0.01002	0.00757	0.00516	0.00412	0.00137	0.00676	0.00338	0.00252	0.00780
5	0.01352	0.01507	0.03183	0.13180	0.03174	0.01481	0.60509	0.01822	0.01347	0.01822	0.01160	0.01581	0.00877	0.00531	0.00729	0.00201	0.03809	0.00667	0.00292	0.00772
6	0.01027	0.00514	0.00770	0.00770	0.00770	0.00514	0.00514	0.00770	0.00770	0.01027	0.01027	0.01798	0.01027	0.02054	0.02311	0.82794	0.00514	0.00514	0.00257	0.00257
7	0.00721	0.00515	0.00686	0.00823	0.00858	0.00480	0.00549	0.00823	0.01132	0.01510	0.03259	0.78831	0.03911	0.01853	0.00755	0.00240	0.00343	0.01681	0.00549	0.00480
8	0.01961	0.18368	0.01986	0.01422	0.01729	0.51763	0.01136	0.02118	0.01478	0.01433	0.00877	0.01072	0.00763	0.00644	0.00685	0.00161	0.11037	0.00385	0.00288	0.00696
9	0.00860	0.00573	0.00645	0.00645	0.00645	0.00573	0.00358	0.00860	0.00860	0.01147	0.01863	0.03870	0.02150	0.79217	0.03010	0.00573	0.00573	0.00860	0.00358	0.00358
10	0.00721	0.00515	0.00686	0.00823	0.00858	0.00480	0.00549	0.00823	0.01132	0.01510	0.03259	0.78831	0.03911	0.01853	0.00755	0.00240	0.00343	0.01681	0.00549	0.00480
11	0.01621	0.01306	0.01442	0.09562	0.01845	0.03417	0.01031	0.12296	0.48464	0.07443	0.03710	0.02039	0.01622	0.00766	0.00599	0.00194	0.00541	0.00631	0.00565	0.00905
12	0.01186	0.03059	0.76153	0.01686	0.02560	0.01373	0.02185	0.01873	0.01249	0.01873	0.01061	0.01249	0.00749	0.00562	0.00562	0.00187	0.00874	0.00437	0.00250	0.00874
13	0.02209	0.02819	0.01676	0.01524	0.01828	0.76843	0.01143	0.02361	0.01676	0.01447	0.00914	0.01066	0.00762	0.00609	0.00533	0.00152	0.01066	0.00381	0.00305	0.00686
14	0.01338	0.01117	0.01286	0.00929	0.01449	0.00902	0.00747	0.09346	0.01396	0.02123	0.01091	0.01247	0.00890	0.00468	0.00455	0.00097	0.00461	0.00370	0.00377	0.73911
15	0.01903	0.01386	0.01509	0.01219	0.01593	0.01515	0.00980	0.56267	0.02393	0.03233	0.01792	0.16070	0.01579	0.00925	0.00614	0.00187	0.00574	0.00750	0.04624	0.00884
16	0.76422	0.01156	0.00927	0.00813	0.01187	0.01323	0.00670	0.04441	0.01106	0.06307	0.00920	0.01029	0.00695	0.00564	0.00386	0.00183	0.00467	0.00342	0.00392	0.00672
17	0.00728	0.00600	0.00640	0.00630	0.00817	0.00512	0.00472	0.00905	0.01417	0.01761	0.20616	0.05422	0.60560	0.01437	0.00699	0.00197	0.00295	0.01210	0.00571	0.00512
18	0.01402	0.01331	0.02203	0.16729	0.56821	0.01394	0.01714	0.01866	0.07147	0.01900	0.01205	0.01543	0.00979	0.00560	0.00588	0.00181	0.00699	0.00538	0.00312	0.00887
19	0.76833	0.01136	0.00941	0.06919	0.01377	0.01326	0.00720	0.01720	0.01020	0.02562	0.00842	0.01010	0.00652	0.00552	0.00384	0.00184	0.00484	0.00337	0.00358	0.00642
20	0.00699	0.00599	0.00599	0.00599	0.00799	0.00499	0.00449	0.00849	0.01348	0.01598	0.05991	0.05691	0.75288	0.01498	0.00699	0.00200	0.00300	0.01248	0.00549	0.00499
21	0.02248	0.01656	0.01775	0.01361	0.01834	0.01834	0.01124	0.73556	0.02780	0.03727	0.01420	0.01420	0.01006	0.00710	0.00592	0.00177	0.00651	0.00532	0.00592	0.01006
22	0.01139	0.01094	0.01911	0.71791	0.03995	0.01328	0.07362	0.01542	0.01200	0.01542	0.01063	0.01578	0.00797	0.00584	0.00600	0.00197	0.00805	0.00539	0.00266	0.00668
23	0.01581	0.79572	0.03099	0.01012	0.01518	0.02340	0.01012	0.01771	0.01202	0.01391	0.00822	0.00949	0.00759	0.00506	0.00379	0.00126	0.00632	0.00316	0.00253	0.00759
24	0.01471	0.01270	0.01337	0.01203	0.01538	0.01471	0.00936	0.03142	0.74459	0.02474	0.02407	0.02206	0.01805	0.00802	0.00602	0.00201	0.00468	0.00669	0.00602	0.00936
25	0.01027	0.00514	0.00770	0.00770	0.00770	0.00514	0.00514	0.00770	0.00770	0.01027	0.01027	0.01798	0.01027	0.02054	0.02311	0.82794	0.00514	0.00514	0.00257	0.00257
26	0.02128	0.02664	0.01755	0.01753	0.09863	0.68619	0.01216	0.02302	0.01640	0.01500	0.00936	0.01110	0.00781	0.00600	0.00539	0.00155	0.01027	0.00397	0.00303	0.00713
27	0.00962	0.00715	0.01029	0.09424	0.01508	0.00740	0.00997	0.01248	0.01367	0.01790	0.08652	0.05936	0.03292	0.01486	0.00783	0.00257	0.00550	0.58185	0.00522	0.00558
28	0.01011	0.00691	0.00768	0.00723	0.00775	0.00711	0.00442	0.08785	0.01069	0.01428	0.01815	0.03603	0.02025	0.70658	0.02746	0.00530	0.00582	0.00824	0.00384	0.00429
29	0.00736	0.00521	0.00682	0.00804	0.00835	0.00490	0.00528	0.00827	0.01103	0.01470	0.03107	0.70659	0.03719	0.10287	0.01001	0.00276	0.00368	0.01592	0.00528	0.00467
30	0.02159	0.08939	0.01789	0.01483	0.01803	0.70902	0.01132	0.02314	0.01638	0.01443	0.00907	0.01057	0.00762	0.00601	0.00521	0.00150	0.01032	0.00376	0.00301	0.00691
31	0.00860	0.00573	0.00645	0.00645	0.00645	0.00573	0.00358	0.00860	0.00860	0.01147	0.01863	0.03870	0.02150	0.79217	0.03010	0.00573	0.00573	0.00860	0.00358	0.00358
32	0.01556	0.01312	0.01385	0.01221	0.01570	0.01511	0.00957	0.10819	0.66645	0.02610	0.02299	0.02121	0.01718	0.00792	0.00601	0.00198	0.00488	0.00654	0.00601	0.00944
33	0.01378	0.01740	0.11324	0.02495	0.08809	0.01475	0.59912	0.01886	0.01376	0.01895	0.01175	0.01547	0.00884	0.00508	0.00674	0.00196	0.00960	0.00656	0.00293	0.00817
34	0.01143	0.00709	0.00915	0.00814	0.01012	0.00661	0.00626	0.04918	0.01731	0.11995	0.62108	0.03957	0.04820	0.01122	0.00679	0.00185	0.00326	0.00981	0.00659	0.00638
35	0.01437	0.01119	0.01134	0.01103	0.01347	0.00933	0.00776	0.01393	0.01768	0.02264	0.08975	0.06097	0.64959	0.01839	0.00973	0.00321	0.00552	0.01377	0.00762	0.00870
36	0.76839	0.01296	0.06872	0.00850	0.01257	0.01330	0.00764	0.01749	0.01026	0.02591	0.00842	0.00984	0.00649	0.00550	0.00382	0.00183	0.00491	0.00330	0.00357	0.00659
37	0.01221	0.01044	0.01302	0.00970	0.01443	0.00833	0.04286	0.04395	0.01288	0.01954	0.01314	0.09713	0.01213	0.00606	0.00492	0.00113	0.00464	0.00520	0.00379	0.66449
38	0.01581	0.79572	0.03099	0.01012	0.01518	0.02340	0.01012	0.01771	0.01202	0.01391	0.00822	0.00949	0.00759	0.00506	0.00379	0.00126	0.00632	0.00316	0.00253	0.00759
39	0.00732	0.00519	0.00683	0.00809	0.00841	0.00488	0.00534	0.00826	0.01111	0.01481	0.03148	0.72854	0.03771	0.08021	0.00935	0.00267	0.00361	0.01616	0.00534	0.00471
40	0.02248	0.01656	0.01775	0.01361	0.01834	0.01834	0.01124	0.73556	0.02780	0.03727	0.01420	0.01420	0.01006	0.00710	0.00592	0.00177	0.00651	0.00532	0.00592	0.01006
41	0.02209	0.02819	0.01676	0.01524	0.01828	0.76843	0.01143	0.02361	0.01676	0.01447	0.00914	0.01066	0.00762	0.00609	0.00533	0.00152	0.01066	0.00381	0.00305	0.00686
42	0.00873	0.00625	0.00907	0.00907	0.01016	0.00719	0.00704	0.01091	0.00982	0.01464	0.01622	0.02310	0.01483	0.04027	0.68538	0.00862	0.01441	0.00625	0.09276	0.00531
43	0.11091	0.01693	0.01668	0.01310	0.01758	0.07760	0.01073	0.60050	0.02499	0.03428	0.01314	0.01342	0.00946	0.00684	0.00562	0.00176	0.00663	0.00497	0.00544	0.00940
44	0.01216	0.02879	0.68112	0.01898	0.10514	0.01377	0.02145	0.01867	0.01259	0.01879	0.01067	0.01272	0.00770	0.00558	0.00564	0.00186	0.00855	0.00447	0.00254	0.00881
45	0.01581	0.79572	0.03099	0.01012	0.01518	0.02340	0.01012	0.01771	0.01202	0.01391	0.00822	0.00949	0.00759	0.00506	0.00379	0.00126	0.00632	0.00316	0.00253	0.00759
46	0.01186	0.03059	0.76153	0.01686	0.02560	0.01373	0.02185	0.01873	0.01249	0.01873	0.01061	0.01249	0.00749	0.00562	0.00562	0.00187	0.00874	0.00437	0.00250	0.00874
47	0.02653	0.01006	0.01372	0.01052	0.01510	0.00869	0.00869	0.02882	0.01693	0.75937	0.02333	0.02013	0.01464	0.00732	0.00595	0.00183	0.00503	0.00595	0.00732	0.01006
48	0.01027	0.00514	0.00770	0.00770	0.00770	0.00514	0.00514	0.00770	0.00770	0.01027	0.01027	0.01798	0.01027	0.02054	0.02311	0.82794	0.00514	0.00514	0.00257	0.00257
49	0.01226	0.01051	0.01226	0.00876	0.01401	0.00788	0.00701	0.01489	0.01226	0.01927	0.01051	0.01226	0.00876	0.00438	0.00438	0.00088	0.00438	0.00350	0.00350	0.82832
50	0.02248	0.01656	0.01775	0.01361	0.01834	0.01834	0.01124	0.73556	0.02780	0.03727	0.01420	0.01420	0.01006	0.00710	0.00592	0.00177	0.00651	0.00532	0.00592	0.01006
51	0.00721	0.00515	0.00686	0.00823	0.00858	0.00480	0.00549	0.00823	0.01132	0.01510	0.03259	0.78831	0.03911	0.01853	0.00755	0.00240	0.00343	0.01681	0.00549	0.00480
52	0.00860	0.00573	0.00645	0.00645	0.00645	0.00573	0.00358	0.00860	0.00860	0.01147	0.01863	0.03870	0.02150	0.79217	0.03010	0.00573	0.00573	0.00860	0.00358	0.00358
53	0.01581	0.79572	0.03099	0.01012	0.01518	0.02340	0.01012	0.01771	0.01202	0.01391	0.00822	0.00949	0.00759	0.00506	0.00379	0.00126	0.00632	0.00316	0.00253	0.00759
54	0.01425	0.01216	0.01278	0.01145	0.01472	0.01383	0.00892	0.06365	0.62953	0.02440	0.02749	0.02548	0.09777	0.00874	0.00612	0.00199	0.00459	0.00725	0.00596	0.00892
55	0.00860	0.00573	0.00645	0.00645	0.00645	0.00573	0.00358	0.00860	0.00860	0.01147	0.01863	0.03870	0.02150	0.79217	0.03010	0.00573	0.00573	0.00860	0.00358	0.00358
56	0.00837	0.00604	0.00790	0.00744	0.00883	0.00558	0.00558	0.01116	0.01674	0.02371	0.75216	0.04417	0.05580	0.01209	0.00697	0.00186	0.00279	0.01069	0.00651	0.00558
57	0.01186	0.03059	0.76153	0.01686	0.02560	0.01373	0.02185	0.01873	0.01249	0.01873	0.01061	0.01249	0.00749	0.00562	0.00562	0.00187	0.00874	0.00437	0.00250	0.00874
58	0.01027	0.00514	0.00770	0.00770	0.00770	0.00514	0.00514	0.00770	0.00770	0.01027	0.01027	0.01798	0.01027	0.02054	0.02311	0.82794	0.00514	0.00514	0.00257	0.00257
59	0.01186	0.03059	0.76153	0.01686	0.02560	0.01373	0.02185	0.01873	0.01249	0.01873	0.01061	0.01249	0.00749	0.00562	0.00562	0.00187	0.00874	0.00437	0.00250	0.00874
60	0.00984	0.00728	0.00965	0.01071	0.01218	0.00746	0.00904	0.01394	0.09525	0.01819	0.03065	0.14503	0.03283	0.01566	0.00786	0.00261	0.00513	0.55538	0.00551	0.00581
61	0.01186	0.03059	0.76153	0.01686	0.02560	0.01373	0.02185	0.01873	0.01249	0.01873	0.01061	0.01249	0.00749	0.00562	0.00562	0.00187	0.00874	0.00437	0.00250	0.00874
62	0.01164	0.01134	0.02022	0.65638	0.05842	0.01341	0.11348	0.01571	0.01216	0.01574	0.01072	0.01576	0.00807	0.00577	0.00606	0.00197	0.00814	0.00549	0.00268	0.00683
63	0.01117	0.01051	0.01774	0.77795	0.04073	0.01314	0.01642	0.01511	0.01182	0.01511	0.01051	0.01577	0.00788	0.00591	0.00591	0.00197	0.00788	0.00526	0.00263	0.00657
64	0.01446	0.01371	0.02309	0.12211	0.65089	0.01407	0.01775	0.03832	0.01368	0.01934	0.01114	0.01476	0.00921	0.00540	0.00586	0.00178	0.00711	0.00527	0.00298	0.00906
65	0.01285	0.01196	0.01862	0.59000	0.14166	0.03328	0.01613	0.07322	0.01346	0.01747	0.01086	0.01535	0.00826	0.00592	0.00589	0.00191	0.00772	0.00523	0.00294	0.00726
66	0.03246	0.05200	0.72187	0.01644	0.02494	0.01400	0.02113	0.01867	0.01241	0.01879	0.01049	0.01233	0.00747	0.00560	0.00552	0.00185	0.00857	0.00431	0.00253	0.00865

[dist]
# distance from previous block
# <min> <max>
2	10

[block]
# block no. 6 follows, 39 sequences, length 6
# corresponding to MSA columns:
# 310-315
name=unknown_G
#
# <colnr> <probs for GDERKNQSTAVLIFYWHMCP>
#	G	D	E	R	K	N	Q	S	T	A	V	L	I	F	Y	W	H	M	C	P
0	0.09943	0.01388	0.07193	0.06718	0.01784	0.01333	0.01053	0.24710	0.10328	0.17572	0.01624	0.01630	0.01149	0.00675	0.00549	0.00177	0.00571	0.00525	0.06278	0.04799
1	0.09881	0.01428	0.01697	0.07478	0.05798	0.01551	0.04890	0.40015	0.07703	0.02950	0.01417	0.04135	0.01096	0.00691	0.00570	0.00178	0.00623	0.00557	0.00494	0.06846
2	0.27125	0.23269	0.17178	0.06808	0.01962	0.01650	0.08195	0.04415	0.01225	0.02028	0.00946	0.01139	0.00744	0.00544	0.00466	0.00171	0.00674	0.00402	0.00305	0.00751
3	0.01330	0.01539	0.15203	0.01237	0.01750	0.01217	0.04396	0.02276	0.32148	0.02146	0.01632	0.01661	0.01246	0.00617	0.00542	0.00159	0.00557	0.00517	0.00436	0.29392
4	0.01466	0.11611	0.44823	0.01696	0.09414	0.07249	0.01749	0.01957	0.01325	0.08953	0.01221	0.03813	0.00942	0.00614	0.00550	0.00178	0.00790	0.00483	0.00315	0.00852
5	0.49603	0.06945	0.03708	0.01009	0.01407	0.08796	0.00854	0.11673	0.07160	0.02554	0.01046	0.01141	0.00806	0.00594	0.00439	0.00177	0.00569	0.00386	0.00398	0.00734

[dist]
# distance from previous block
# <min> <max>
0	54

# created by:
# /software/SequenceAnalysis/GenePrediction/augustus/3.0.1/scripts/msa2prfl.pl ./fixed/BUSCOvEOG7W9KJ9.fas
