[name]
unknown

[dist]
# distance from previous block
# <min> <max>
12	295

[block]
# block no. 0 follows, 38 sequences, length 24
# corresponding to MSA columns:
# 318-341
name=unknown_A
#
# <colnr> <probs for GDERKNQSTAVLIFYWHMCP>
#	G	D	E	R	K	N	Q	S	T	A	V	L	I	F	Y	W	H	M	C	P
0	0.01108	0.00739	0.00970	0.00997	0.01167	0.00694	0.00812	0.01348	0.01564	0.07070	0.28987	0.07155	0.08453	0.01482	0.00795	0.00248	0.00462	0.34689	0.00631	0.00630
1	0.01101	0.00567	0.00593	0.00593	0.00730	0.00576	0.00447	0.01376	0.01238	0.02176	0.01935	0.02252	0.01539	0.01002	0.06435	0.00206	0.00386	0.00567	0.75723	0.00559
2	0.00752	0.00546	0.00709	0.00806	0.00872	0.00504	0.00552	0.00891	0.01264	0.01693	0.15824	0.60000	0.09876	0.01744	0.00753	0.00232	0.00334	0.01568	0.00576	0.00504
3	0.01489	0.01429	0.02442	0.03692	0.75106	0.01429	0.01846	0.01846	0.01370	0.01965	0.01132	0.01489	0.00953	0.00536	0.00596	0.00179	0.00715	0.00536	0.00298	0.00953
4	0.01121	0.00561	0.00561	0.00561	0.00701	0.00561	0.00421	0.01402	0.01262	0.02243	0.01962	0.02243	0.01542	0.00701	0.00421	0.00140	0.00280	0.00561	0.82198	0.00561
5	0.01608	0.79220	0.03152	0.01029	0.01544	0.02380	0.01029	0.01801	0.01222	0.01415	0.00836	0.00965	0.00772	0.00515	0.00386	0.00129	0.00643	0.00322	0.00257	0.00772
6	0.00799	0.00585	0.00762	0.00853	0.00948	0.00547	0.00634	0.00976	0.01319	0.01747	0.15482	0.42253	0.12861	0.01685	0.00764	0.00237	0.00376	0.16080	0.00575	0.00518
7	0.01373	0.01547	0.03354	0.02419	0.02988	0.01450	0.67957	0.01852	0.01401	0.01900	0.01361	0.06894	0.01123	0.00602	0.00714	0.00206	0.00969	0.00779	0.00322	0.00789
8	0.01241	0.09715	0.69444	0.01655	0.02512	0.01482	0.02119	0.01896	0.01266	0.01863	0.01058	0.01244	0.00763	0.00567	0.00555	0.00185	0.00868	0.00434	0.00254	0.00879
9	0.01136	0.01069	0.01804	0.77412	0.04143	0.01337	0.01671	0.01537	0.01203	0.01537	0.01069	0.01604	0.00802	0.00601	0.00601	0.00200	0.00802	0.00535	0.00267	0.00668
10	0.00771	0.00548	0.00730	0.00861	0.00906	0.00520	0.00598	0.00891	0.01164	0.01547	0.03214	0.65003	0.03807	0.06469	0.00913	0.00269	0.00389	0.10364	0.00546	0.00489
11	0.00728	0.00543	0.00678	0.00786	0.00859	0.00493	0.00535	0.00843	0.01201	0.01556	0.03945	0.62015	0.20024	0.01803	0.00755	0.00235	0.00339	0.01610	0.00558	0.00493
12	0.02247	0.01793	0.01756	0.01379	0.01830	0.10759	0.01124	0.62490	0.02647	0.03467	0.01398	0.01425	0.01009	0.00709	0.00589	0.00176	0.00701	0.00524	0.03005	0.00970
13	0.01247	0.01069	0.01247	0.00891	0.01426	0.00802	0.00713	0.01515	0.01247	0.01960	0.01069	0.01247	0.00891	0.00446	0.00446	0.00089	0.00446	0.00356	0.00356	0.82536
14	0.02379	0.01394	0.01607	0.01248	0.01711	0.01451	0.01026	0.39717	0.08574	0.31608	0.01893	0.01749	0.01275	0.00739	0.00604	0.00185	0.00587	0.00578	0.00658	0.01017
15	0.00793	0.00619	0.00945	0.00985	0.01070	0.00578	0.06836	0.00932	0.01175	0.01570	0.03134	0.71799	0.03713	0.01765	0.00763	0.00241	0.00407	0.01623	0.00536	0.00517
16	0.00729	0.00538	0.00683	0.00798	0.00862	0.00492	0.00541	0.00842	0.01189	0.01551	0.03793	0.65970	0.16166	0.01823	0.00758	0.00237	0.00341	0.01634	0.00558	0.00492
17	0.05908	0.01070	0.01243	0.00904	0.01422	0.00841	0.00727	0.01674	0.01284	0.09556	0.01190	0.01315	0.00939	0.00482	0.00458	0.00104	0.00453	0.00380	0.00397	0.69652
18	0.53866	0.01028	0.00915	0.00850	0.01160	0.01130	0.00679	0.04225	0.01155	0.02416	0.01489	0.15547	0.01481	0.00875	0.00489	0.00196	0.00456	0.05440	0.00426	0.06176
19	0.01473	0.01249	0.01333	0.01188	0.01526	0.01409	0.00922	0.06641	0.61307	0.02487	0.02378	0.07310	0.01886	0.00863	0.00613	0.00199	0.00476	0.00725	0.00594	0.05421
20	0.07686	0.01003	0.01275	0.00995	0.01435	0.00867	0.00807	0.02390	0.01530	0.49328	0.02071	0.07851	0.01504	0.00759	0.00569	0.00170	0.00482	0.00621	0.00623	0.18032
21	0.01733	0.47820	0.05027	0.01290	0.05364	0.11903	0.01120	0.10687	0.01495	0.01798	0.00963	0.01096	0.00820	0.00552	0.00454	0.00140	0.00702	0.00375	0.00316	0.06345
22	0.45643	0.01017	0.00944	0.00860	0.01165	0.01105	0.00678	0.07530	0.01289	0.08779	0.01956	0.17723	0.07321	0.00942	0.00521	0.00199	0.00449	0.00733	0.00477	0.00669
23	0.25362	0.01503	0.06431	0.01167	0.01620	0.01515	0.01014	0.34449	0.05788	0.04394	0.03454	0.01595	0.01152	0.00699	0.00536	0.00182	0.00582	0.02687	0.00502	0.05368

[dist]
# distance from previous block
# <min> <max>
11	12

[block]
# block no. 1 follows, 38 sequences, length 9
# corresponding to MSA columns:
# 356-364
name=unknown_B
#
# <colnr> <probs for GDERKNQSTAVLIFYWHMCP>
#	G	D	E	R	K	N	Q	S	T	A	V	L	I	F	Y	W	H	M	C	P
0	0.05689	0.00903	0.01019	0.00898	0.01165	0.00877	0.00683	0.14333	0.01532	0.07410	0.03701	0.23573	0.07468	0.04553	0.00710	0.00200	0.00436	0.00914	0.10671	0.13264
1	0.01218	0.01118	0.04943	0.01285	0.07839	0.08298	0.00934	0.01520	0.05075	0.05729	0.06766	0.02404	0.01727	0.12091	0.33968	0.00575	0.02832	0.00657	0.00383	0.00640
2	0.01402	0.01405	0.02743	0.02801	0.32912	0.01359	0.34239	0.01751	0.01320	0.01833	0.01160	0.01592	0.00946	0.00716	0.00866	0.10413	0.00828	0.00614	0.00296	0.00802
3	0.20051	0.00944	0.01033	0.01026	0.01276	0.01014	0.00864	0.08545	0.07929	0.02250	0.02676	0.04426	0.09011	0.01227	0.00672	0.00233	0.00514	0.35130	0.00522	0.00654
4	0.01886	0.01041	0.01262	0.01031	0.01403	0.00994	0.00823	0.13504	0.08432	0.31575	0.08055	0.09907	0.08510	0.00940	0.00625	0.00186	0.00475	0.00785	0.00635	0.07931
5	0.07742	0.01237	0.01406	0.01105	0.01540	0.01241	0.00898	0.24359	0.09019	0.21886	0.08229	0.01886	0.01591	0.00724	0.00571	0.00170	0.00520	0.00574	0.00588	0.14714
6	0.01682	0.01983	0.02243	0.11238	0.02459	0.32767	0.23396	0.01971	0.01451	0.01622	0.01158	0.05721	0.01004	0.00694	0.00746	0.00190	0.08053	0.00593	0.00313	0.00714
7	0.01694	0.01490	0.02385	0.01742	0.02284	0.01444	0.31019	0.23269	0.03831	0.05311	0.01331	0.01521	0.00989	0.00576	0.00614	0.00171	0.00751	0.00578	0.00430	0.18569
8	0.13698	0.11376	0.01793	0.01254	0.01698	0.13260	0.01039	0.38156	0.02107	0.06139	0.01235	0.01285	0.00918	0.00651	0.00529	0.00169	0.00684	0.00458	0.00481	0.03072

[dist]
# distance from previous block
# <min> <max>
0	2

[block]
# block no. 2 follows, 38 sequences, length 18
# corresponding to MSA columns:
# 367-384
name=unknown_C
#
# <colnr> <probs for GDERKNQSTAVLIFYWHMCP>
#	G	D	E	R	K	N	Q	S	T	A	V	L	I	F	Y	W	H	M	C	P
0	0.01168	0.01031	0.01471	0.10272	0.01786	0.01016	0.07361	0.01427	0.01195	0.01783	0.01469	0.13869	0.01413	0.00810	0.00764	0.00167	0.11933	0.00668	0.06291	0.34108
1	0.01073	0.00995	0.01815	0.06971	0.01929	0.01024	0.22694	0.01385	0.01134	0.01592	0.01432	0.02079	0.01264	0.05660	0.40690	0.00613	0.01263	0.00648	0.00316	0.05422
2	0.01283	0.01260	0.03795	0.45255	0.29910	0.01379	0.01716	0.01733	0.04526	0.01746	0.01154	0.01583	0.00902	0.00586	0.00599	0.00192	0.00758	0.00539	0.00294	0.00790
3	0.00733	0.00524	0.00698	0.00838	0.00873	0.00489	0.00558	0.00838	0.01152	0.01536	0.03316	0.78466	0.03979	0.01885	0.00768	0.00244	0.00349	0.01710	0.00558	0.00489
4	0.01299	0.01299	0.02287	0.34172	0.12939	0.01476	0.18636	0.01756	0.05498	0.01732	0.01153	0.01589	0.00908	0.00648	0.00825	0.00207	0.11936	0.00584	0.00300	0.00756
5	0.01126	0.00676	0.00892	0.00803	0.00993	0.00615	0.00615	0.01402	0.01706	0.13263	0.64041	0.04131	0.05055	0.01158	0.00694	0.00189	0.00318	0.01016	0.00674	0.00635
6	0.00737	0.00604	0.00650	0.00652	0.00832	0.00517	0.00484	0.00909	0.01413	0.01757	0.17951	0.10833	0.57576	0.01498	0.00715	0.00204	0.00304	0.01270	0.00577	0.00517
7	0.01879	0.01770	0.02409	0.19531	0.46752	0.10345	0.01828	0.02092	0.01609	0.02163	0.01488	0.02003	0.01272	0.00828	0.00758	0.00254	0.00899	0.00643	0.00431	0.01048
8	0.13341	0.01196	0.01426	0.01252	0.01603	0.01108	0.00971	0.02359	0.01700	0.36851	0.09460	0.03111	0.02299	0.01647	0.11728	0.00380	0.00781	0.07072	0.00717	0.00998
9	0.01479	0.00934	0.01157	0.01187	0.01340	0.00848	0.00847	0.01517	0.01484	0.12604	0.03223	0.47742	0.03464	0.02188	0.09730	0.00392	0.00683	0.07709	0.00679	0.00793
10	0.13644	0.01616	0.01988	0.11208	0.27260	0.07033	0.01462	0.08354	0.01643	0.02420	0.01725	0.10894	0.01602	0.01022	0.00820	0.00266	0.04808	0.00756	0.00500	0.00981
11	0.02437	0.01582	0.02031	0.01630	0.02051	0.01580	0.09538	0.26016	0.02129	0.25899	0.02051	0.02329	0.01575	0.04635	0.03959	0.00314	0.07744	0.00723	0.00679	0.01099
12	0.02199	0.10744	0.07499	0.12574	0.02427	0.03499	0.01407	0.35554	0.10715	0.03093	0.01774	0.02025	0.01402	0.00935	0.00742	0.00253	0.00809	0.00646	0.00603	0.01100
13	0.56924	0.01436	0.01339	0.01177	0.01545	0.01526	0.00913	0.01948	0.01303	0.02748	0.01278	0.01625	0.01094	0.00866	0.00751	0.00254	0.09609	0.00492	0.00491	0.12684
14	0.01440	0.01049	0.01204	0.01171	0.01358	0.00985	0.00848	0.11706	0.01818	0.02486	0.22434	0.28355	0.09556	0.04663	0.00975	0.00302	0.00546	0.07593	0.00706	0.00805
15	0.01323	0.00748	0.00766	0.00704	0.00896	0.00770	0.00541	0.11780	0.01508	0.02494	0.01916	0.02168	0.01495	0.00725	0.00461	0.00152	0.00348	0.00568	0.69994	0.00645
16	0.01533	0.02651	0.57549	0.01654	0.02447	0.01323	0.05663	0.02121	0.01383	0.15855	0.01364	0.01481	0.00939	0.00623	0.00599	0.00196	0.00833	0.00499	0.00361	0.00926
17	0.01909	0.01709	0.12301	0.01340	0.01809	0.01575	0.01201	0.49844	0.02328	0.03184	0.01671	0.10487	0.01391	0.00856	0.00620	0.00193	0.00646	0.00675	0.05332	0.00929

[dist]
# distance from previous block
# <min> <max>
1	217

# created by:
# /software/SequenceAnalysis/GenePrediction/augustus/3.0.1/scripts/msa2prfl.pl ./fixed/BUSCOvEOG7PK3P3.fas
