[name]
unknown

[dist]
# distance from previous block
# <min> <max>
7	177

[block]
# block no. 0 follows, 39 sequences, length 32
# corresponding to MSA columns:
# 220-251
name=unknown_A
#
# <colnr> <probs for GDERKNQSTAVLIFYWHMCP>
#	G	D	E	R	K	N	Q	S	T	A	V	L	I	F	Y	W	H	M	C	P
0	0.02248	0.01656	0.01775	0.01361	0.01834	0.01834	0.01124	0.73556	0.02780	0.03727	0.01420	0.01420	0.01006	0.00710	0.00592	0.00177	0.00651	0.00532	0.00592	0.01006
1	0.01226	0.01051	0.01226	0.00876	0.01401	0.00788	0.00701	0.01489	0.01226	0.01927	0.01051	0.01226	0.00876	0.00438	0.00438	0.00088	0.00438	0.00350	0.00350	0.82832
2	0.07346	0.01624	0.01718	0.01324	0.01791	0.01802	0.01094	0.69044	0.02669	0.03660	0.01382	0.01391	0.00983	0.00700	0.00577	0.00178	0.00639	0.00519	0.00577	0.00983
3	0.02024	0.01510	0.01621	0.01290	0.01714	0.01676	0.01057	0.56353	0.14215	0.03385	0.01666	0.01781	0.01248	0.00759	0.00594	0.00183	0.00601	0.03279	0.04084	0.00957
4	0.01372	0.01312	0.02236	0.23128	0.56742	0.01381	0.01770	0.01735	0.01303	0.01821	0.01096	0.01493	0.00898	0.00544	0.00587	0.00181	0.00725	0.00527	0.00285	0.00863
5	0.02248	0.01656	0.01775	0.01361	0.01834	0.01834	0.01124	0.73556	0.02780	0.03727	0.01420	0.01420	0.01006	0.00710	0.00592	0.00177	0.00651	0.00532	0.00592	0.01006
6	0.02209	0.02819	0.01676	0.01524	0.01828	0.76843	0.01143	0.02361	0.01676	0.01447	0.00914	0.01066	0.00762	0.00609	0.00533	0.00152	0.01066	0.00381	0.00305	0.00686
7	0.01581	0.79572	0.03099	0.01012	0.01518	0.02340	0.01012	0.01771	0.01202	0.01391	0.00822	0.00949	0.00759	0.00506	0.00379	0.00126	0.00632	0.00316	0.00253	0.00759
8	0.01471	0.01270	0.01337	0.01203	0.01538	0.01471	0.00936	0.03142	0.74459	0.02474	0.02407	0.02206	0.01805	0.00802	0.00602	0.00201	0.00468	0.00669	0.00602	0.00936
9	0.00753	0.00538	0.00723	0.00860	0.00909	0.00508	0.00605	0.00879	0.01164	0.01546	0.03242	0.68773	0.03841	0.01822	0.00763	0.00245	0.00371	0.11419	0.00548	0.00489
10	0.02248	0.01656	0.01775	0.01361	0.01834	0.01834	0.01124	0.73556	0.02780	0.03727	0.01420	0.01420	0.01006	0.00710	0.00592	0.00177	0.00651	0.00532	0.00592	0.01006
11	0.83394	0.01144	0.00869	0.00778	0.01144	0.01327	0.00640	0.01738	0.01006	0.02653	0.00823	0.00961	0.00640	0.00549	0.00366	0.00183	0.00457	0.00320	0.00366	0.00640
12	0.00711	0.00600	0.00616	0.00612	0.00806	0.00504	0.00459	0.00872	0.01376	0.01665	0.11980	0.05581	0.69256	0.01473	0.00699	0.00199	0.00298	0.01233	0.00558	0.00504
13	0.02248	0.01656	0.01775	0.01361	0.01834	0.01834	0.01124	0.73556	0.02780	0.03727	0.01420	0.01420	0.01006	0.00710	0.00592	0.00177	0.00651	0.00532	0.00592	0.01006
14	0.02248	0.01656	0.01775	0.01361	0.01834	0.01834	0.01124	0.73556	0.02780	0.03727	0.01420	0.01420	0.01006	0.00710	0.00592	0.00177	0.00651	0.00532	0.00592	0.01006
15	0.00703	0.00582	0.00617	0.00645	0.00811	0.00495	0.00470	0.00843	0.01303	0.01579	0.05428	0.20766	0.60576	0.01571	0.00710	0.00208	0.00309	0.01337	0.00549	0.00495
16	0.04265	0.02500	0.55592	0.01502	0.02259	0.01250	0.01816	0.02112	0.01348	0.19791	0.01361	0.01424	0.00918	0.00603	0.00563	0.00186	0.00771	0.00471	0.00370	0.00898
17	0.01236	0.01084	0.01361	0.00972	0.01502	0.00830	0.05029	0.01513	0.01236	0.01925	0.01060	0.01248	0.00877	0.00442	0.00453	0.00094	0.00471	0.00371	0.00347	0.77947
18	0.02248	0.01656	0.01775	0.01361	0.01834	0.01834	0.01124	0.73556	0.02780	0.03727	0.01420	0.01420	0.01006	0.00710	0.00592	0.00177	0.00651	0.00532	0.00592	0.01006
19	0.01464	0.01405	0.02400	0.03630	0.75528	0.01405	0.01815	0.01815	0.01347	0.01932	0.01112	0.01464	0.00937	0.00527	0.00585	0.00176	0.00703	0.00527	0.00293	0.00937
20	0.01271	0.01262	0.01806	0.11491	0.01881	0.01747	0.01339	0.01435	0.00942	0.01435	0.00812	0.01331	0.00778	0.00977	0.01765	0.00251	0.68052	0.00519	0.00259	0.00648
21	0.02248	0.01656	0.01775	0.01361	0.01834	0.01834	0.01124	0.73556	0.02780	0.03727	0.01420	0.01420	0.01006	0.00710	0.00592	0.00177	0.00651	0.00532	0.00592	0.01006
22	0.58574	0.01301	0.01146	0.00956	0.01355	0.01482	0.00788	0.23705	0.01549	0.02982	0.01006	0.01101	0.00752	0.00598	0.00435	0.00181	0.00517	0.00385	0.00435	0.00752
23	0.02248	0.01656	0.01775	0.01361	0.01834	0.01834	0.01124	0.73556	0.02780	0.03727	0.01420	0.01420	0.01006	0.00710	0.00592	0.00177	0.00651	0.00532	0.00592	0.01006
24	0.02208	0.01618	0.01732	0.01332	0.01794	0.01789	0.01099	0.71044	0.02727	0.03674	0.01438	0.01447	0.01023	0.00709	0.00585	0.00176	0.00638	0.00533	0.03442	0.00990
25	0.01294	0.01294	0.01811	0.01553	0.01553	0.01811	0.01294	0.01423	0.00906	0.01423	0.00776	0.01294	0.00776	0.01035	0.01941	0.00259	0.78134	0.00518	0.00259	0.00647
26	0.02248	0.01656	0.01775	0.01361	0.01834	0.01834	0.01124	0.73556	0.02780	0.03727	0.01420	0.01420	0.01006	0.00710	0.00592	0.00177	0.00651	0.00532	0.00592	0.01006
27	0.00745	0.00539	0.00704	0.00793	0.00860	0.00499	0.00545	0.00889	0.01264	0.01704	0.19209	0.58149	0.08528	0.01690	0.00739	0.00226	0.00326	0.01521	0.00571	0.00499
28	0.02602	0.01018	0.01371	0.01059	0.01511	0.00895	0.00872	0.02893	0.04840	0.72759	0.02336	0.02021	0.01479	0.00735	0.00595	0.00184	0.00502	0.00598	0.00726	0.01003
29	0.02248	0.01656	0.01775	0.01361	0.01834	0.01834	0.01124	0.73556	0.02780	0.03727	0.01420	0.01420	0.01006	0.00710	0.00592	0.00177	0.00651	0.00532	0.00592	0.01006
30	0.01025	0.00767	0.01000	0.01077	0.01245	0.00795	0.00916	0.01518	0.12912	0.01932	0.09209	0.05773	0.03338	0.01466	0.00773	0.00254	0.00510	0.54319	0.00563	0.00607
31	0.01003	0.00725	0.01031	0.16127	0.01593	0.00739	0.00837	0.01295	0.01523	0.06183	0.44210	0.04062	0.07091	0.01126	0.00686	0.00200	0.00428	0.09981	0.00560	0.00598

[dist]
# distance from previous block
# <min> <max>
0	1

[block]
# block no. 1 follows, 39 sequences, length 8
# corresponding to MSA columns:
# 253-260
name=unknown_B
#
# <colnr> <probs for GDERKNQSTAVLIFYWHMCP>
#	G	D	E	R	K	N	Q	S	T	A	V	L	I	F	Y	W	H	M	C	P
0	0.01782	0.00805	0.01067	0.00895	0.01194	0.00719	0.00717	0.02035	0.01629	0.39380	0.28565	0.03086	0.03029	0.00936	0.00623	0.00183	0.00402	0.03645	0.08523	0.00783
1	0.00989	0.00779	0.00961	0.00796	0.01086	0.00648	0.00614	0.01262	0.01499	0.02197	0.46181	0.03168	0.03738	0.00907	0.00596	0.00147	0.00341	0.00788	0.00533	0.32768
2	0.02041	0.02375	0.01575	0.01417	0.01715	0.56682	0.01070	0.12830	0.01777	0.01796	0.01264	0.10225	0.01167	0.00770	0.00568	0.00166	0.00920	0.00556	0.00376	0.00709
3	0.02277	0.01610	0.01746	0.01339	0.01811	0.01765	0.01106	0.68509	0.02703	0.08883	0.01485	0.01462	0.01038	0.00711	0.00592	0.00178	0.00640	0.00537	0.00602	0.01006
4	0.01848	0.01419	0.01560	0.01171	0.01665	0.01425	0.00958	0.45342	0.02172	0.03022	0.01275	0.01344	0.00955	0.00603	0.00531	0.00142	0.00567	0.00461	0.00497	0.33040
5	0.02171	0.09503	0.01869	0.01382	0.01802	0.26911	0.01120	0.42928	0.02261	0.02743	0.01194	0.01257	0.00901	0.00657	0.00552	0.00164	0.00788	0.00461	0.00463	0.00875
6	0.01227	0.01167	0.01856	0.01381	0.01811	0.01070	0.20694	0.01541	0.01297	0.01920	0.11299	0.01776	0.01520	0.00631	0.00721	0.00152	0.09667	0.00565	0.00367	0.39338
7	0.01694	0.01335	0.01409	0.01197	0.01564	0.04579	0.00957	0.21527	0.34513	0.06923	0.05770	0.02284	0.01767	0.00818	0.00604	0.00188	0.00538	0.05367	0.00576	0.06391

[dist]
# distance from previous block
# <min> <max>
0	2

[block]
# block no. 2 follows, 39 sequences, length 10
# corresponding to MSA columns:
# 263-272
name=unknown_C
#
# <colnr> <probs for GDERKNQSTAVLIFYWHMCP>
#	G	D	E	R	K	N	Q	S	T	A	V	L	I	F	Y	W	H	M	C	P
0	0.01483	0.00932	0.01041	0.00860	0.01159	0.00921	0.00683	0.18939	0.01709	0.08459	0.12244	0.02181	0.01883	0.00737	0.00515	0.00151	0.00408	0.00597	0.32959	0.12139
1	0.08593	0.12606	0.01740	0.01159	0.01605	0.01577	0.00975	0.37901	0.02063	0.15960	0.01528	0.05453	0.01168	0.00719	0.00545	0.00171	0.00581	0.00547	0.00537	0.04572
2	0.53707	0.01050	0.00950	0.00860	0.01186	0.01167	0.00684	0.01884	0.08676	0.10971	0.01512	0.12398	0.01326	0.00784	0.00473	0.00193	0.00447	0.00583	0.00459	0.00690
3	0.01352	0.01049	0.01301	0.00975	0.01457	0.00841	0.03171	0.04177	0.01332	0.07893	0.01369	0.03545	0.01177	0.00590	0.00499	0.00119	0.00475	0.05366	0.00406	0.62907
4	0.01044	0.00612	0.00954	0.14866	0.01375	0.00660	0.00720	0.00906	0.00846	0.01116	0.01032	0.01757	0.00984	0.01787	0.01996	0.67679	0.00564	0.00516	0.00258	0.00330
5	0.01499	0.33980	0.35752	0.01365	0.02032	0.01833	0.01555	0.12129	0.01450	0.01943	0.01016	0.01151	0.00790	0.00560	0.00492	0.00161	0.00744	0.00402	0.00300	0.00846
6	0.02308	0.01087	0.01367	0.01077	0.01513	0.01020	0.00878	0.07919	0.13199	0.53119	0.02308	0.02057	0.03447	0.00746	0.00590	0.00181	0.00499	0.00606	0.00676	0.05404
7	0.01181	0.01830	0.28855	0.36789	0.05756	0.01313	0.06760	0.01678	0.01230	0.01714	0.01067	0.01430	0.00793	0.00561	0.00577	0.00185	0.00805	0.00493	0.00268	0.06716
8	0.34663	0.01120	0.06390	0.00849	0.01240	0.01001	0.00742	0.01666	0.01213	0.07439	0.07766	0.01599	0.01322	0.00617	0.00448	0.00156	0.00445	0.00454	0.12204	0.18669
9	0.00968	0.00681	0.00890	0.00917	0.01075	0.00661	0.00745	0.01300	0.05431	0.04595	0.30658	0.08869	0.08968	0.01397	0.00741	0.00226	0.00412	0.30290	0.00595	0.00581

[dist]
# distance from previous block
# <min> <max>
0	1

[block]
# block no. 3 follows, 39 sequences, length 17
# corresponding to MSA columns:
# 274-290
name=unknown_D
#
# <colnr> <probs for GDERKNQSTAVLIFYWHMCP>
#	G	D	E	R	K	N	Q	S	T	A	V	L	I	F	Y	W	H	M	C	P
0	0.07083	0.07005	0.53248	0.01430	0.02099	0.01272	0.01719	0.01674	0.01208	0.01838	0.01412	0.14707	0.01292	0.00782	0.00570	0.00193	0.00737	0.00638	0.00310	0.00782
1	0.01470	0.08244	0.57851	0.01527	0.02301	0.01356	0.01871	0.02041	0.01322	0.14723	0.01265	0.01360	0.00874	0.00587	0.00554	0.00182	0.00792	0.00456	0.00334	0.00889
2	0.08047	0.01392	0.01535	0.01194	0.01649	0.01464	0.00979	0.40499	0.08648	0.18599	0.01623	0.01564	0.01135	0.00686	0.00563	0.00173	0.00570	0.00525	0.00583	0.08573
3	0.20630	0.00726	0.00811	0.00817	0.00989	0.00736	0.00613	0.01255	0.01298	0.05908	0.23008	0.30963	0.03446	0.01288	0.00641	0.00210	0.00372	0.05174	0.00543	0.00572
4	0.01647	0.01127	0.05642	0.01067	0.01437	0.01006	0.00885	0.05975	0.19751	0.23732	0.06021	0.15379	0.02052	0.00923	0.00609	0.00186	0.00477	0.00785	0.00582	0.10719
5	0.05778	0.01192	0.05617	0.01082	0.01437	0.01167	0.00898	0.02521	0.39438	0.15320	0.06225	0.05201	0.09783	0.00894	0.00606	0.00196	0.00466	0.00741	0.00587	0.00848
6	0.27857	0.01754	0.18150	0.01222	0.01725	0.02872	0.01180	0.22552	0.09720	0.04006	0.01301	0.01439	0.00975	0.00654	0.00518	0.00186	0.00622	0.01994	0.00440	0.00836
7	0.01579	0.60253	0.02773	0.01138	0.01547	0.05282	0.01070	0.04091	0.01221	0.01476	0.00838	0.01029	0.00770	0.00609	0.00664	0.00152	0.14134	0.00361	0.00267	0.00745
8	0.41022	0.01157	0.01186	0.00962	0.01378	0.01214	0.00794	0.11639	0.01509	0.31561	0.01495	0.01434	0.01012	0.00642	0.00485	0.00182	0.00501	0.00456	0.00539	0.00832
9	0.01920	0.03707	0.01628	0.01453	0.04247	0.41983	0.01093	0.17021	0.01743	0.01928	0.01139	0.01376	0.00944	0.01301	0.13857	0.00299	0.02799	0.00463	0.00364	0.00735
10	0.02513	0.01104	0.01420	0.01094	0.01542	0.01025	0.00902	0.15110	0.01881	0.60556	0.04967	0.02002	0.01542	0.00746	0.00598	0.00182	0.00520	0.00602	0.00704	0.00989
11	0.01116	0.05456	0.60311	0.01472	0.02215	0.01257	0.01840	0.01691	0.01264	0.01807	0.01910	0.02010	0.13717	0.00723	0.00579	0.00187	0.00765	0.00574	0.00302	0.00805
12	0.02189	0.01953	0.01747	0.04652	0.01927	0.22644	0.01151	0.50723	0.02406	0.03000	0.01264	0.01328	0.00929	0.00677	0.00575	0.00171	0.00772	0.00490	0.00498	0.00902
13	0.00721	0.00515	0.00686	0.00823	0.00858	0.00480	0.00549	0.00823	0.01132	0.01510	0.03259	0.78831	0.03911	0.01853	0.00755	0.00240	0.00343	0.01681	0.00549	0.00480
14	0.15206	0.00722	0.00936	0.00920	0.01071	0.00841	0.00722	0.01175	0.00960	0.01596	0.01452	0.02086	0.01333	0.03759	0.63563	0.00817	0.01388	0.00579	0.00325	0.00548
15	0.00912	0.00625	0.00790	0.00828	0.00952	0.00589	0.00633	0.01091	0.01308	0.04848	0.15777	0.15384	0.16245	0.15026	0.01139	0.00289	0.00431	0.22075	0.00540	0.00517
16	0.01533	0.01335	0.02691	0.02000	0.02493	0.01244	0.48736	0.01941	0.01434	0.14746	0.01720	0.05044	0.01429	0.00735	0.00698	0.00208	0.00829	0.09980	0.00415	0.00790

[dist]
# distance from previous block
# <min> <max>
0	100

[block]
# block no. 4 follows, 39 sequences, length 30
# corresponding to MSA columns:
# 397-426
name=unknown_E
#
# <colnr> <probs for GDERKNQSTAVLIFYWHMCP>
#	G	D	E	R	K	N	Q	S	T	A	V	L	I	F	Y	W	H	M	C	P
0	0.01296	0.04563	0.01769	0.49141	0.03123	0.01344	0.02683	0.01611	0.01201	0.07090	0.01192	0.03468	0.00952	0.00694	0.00769	0.00199	0.11334	0.00549	0.01915	0.05107
1	0.00800	0.00626	0.00922	0.04509	0.01159	0.00596	0.05162	0.00939	0.01175	0.01556	0.03187	0.66265	0.07421	0.01699	0.00748	0.00237	0.00409	0.01545	0.00526	0.00520
2	0.06301	0.01122	0.01962	0.47803	0.03308	0.01272	0.16256	0.01544	0.01212	0.01673	0.01276	0.07349	0.01085	0.00861	0.04288	0.00240	0.00821	0.00645	0.00307	0.00675
3	0.05357	0.09268	0.11103	0.01139	0.01581	0.06534	0.01031	0.02302	0.09802	0.29849	0.08034	0.05615	0.01718	0.00776	0.00575	0.00181	0.00576	0.00618	0.00539	0.03402
4	0.01516	0.68038	0.08140	0.01068	0.01570	0.02159	0.01082	0.01737	0.01198	0.01442	0.00915	0.01099	0.00830	0.00815	0.06090	0.00196	0.00726	0.00355	0.00264	0.00759
5	0.01558	0.70685	0.08491	0.01095	0.01610	0.02254	0.01117	0.01777	0.01206	0.01447	0.00858	0.01011	0.00777	0.00543	0.00461	0.00140	0.03599	0.00339	0.00260	0.00773
6	0.03162	0.02427	0.52220	0.01493	0.02218	0.01263	0.01765	0.02162	0.05942	0.17813	0.02936	0.01557	0.01082	0.00639	0.00578	0.00191	0.00754	0.00502	0.00392	0.00904
7	0.07779	0.46141	0.04194	0.01068	0.01532	0.01893	0.00988	0.02197	0.16323	0.10623	0.01354	0.01369	0.01067	0.00611	0.00463	0.00158	0.00582	0.00432	0.00397	0.00828
8	0.02104	0.01588	0.01696	0.01340	0.01785	0.01767	0.01092	0.58872	0.17527	0.03480	0.01641	0.01607	0.01188	0.00741	0.00602	0.00186	0.00619	0.00566	0.00599	0.01000
9	0.00886	0.00659	0.00814	0.00851	0.00965	0.00641	0.00605	0.03955	0.06818	0.01918	0.22176	0.45782	0.08554	0.01547	0.00726	0.00221	0.00352	0.01376	0.00587	0.00567
10	0.01565	0.01264	0.01345	0.01185	0.01530	0.01425	0.00927	0.09649	0.59561	0.05809	0.02555	0.02370	0.06439	0.00847	0.00615	0.00201	0.00483	0.00695	0.00609	0.00927
11	0.02264	0.01668	0.01786	0.01372	0.01846	0.01842	0.01131	0.73351	0.02787	0.03738	0.01438	0.01445	0.01023	0.00722	0.00600	0.00181	0.00657	0.00538	0.00597	0.01014
12	0.01324	0.26128	0.53920	0.01493	0.02255	0.01674	0.01835	0.01854	0.01246	0.01744	0.01008	0.01184	0.00770	0.00558	0.00515	0.00172	0.00806	0.00407	0.00257	0.00848
13	0.03665	0.71732	0.08403	0.01068	0.01598	0.02250	0.01096	0.01789	0.01212	0.01477	0.00859	0.00998	0.00773	0.00524	0.00401	0.00136	0.00652	0.00332	0.00262	0.00774
14	0.02264	0.01668	0.01786	0.01372	0.01846	0.01842	0.01131	0.73351	0.02787	0.03738	0.01438	0.01445	0.01023	0.00722	0.00600	0.00181	0.00657	0.00538	0.00597	0.01014
15	0.00880	0.00588	0.00659	0.00659	0.00661	0.00585	0.00368	0.00875	0.00873	0.01166	0.01880	0.03888	0.02164	0.78992	0.03011	0.00576	0.00580	0.00865	0.00365	0.00369
16	0.00880	0.00588	0.00659	0.00659	0.00661	0.00585	0.00368	0.00875	0.00873	0.01166	0.01880	0.03888	0.02164	0.78992	0.03011	0.00576	0.00580	0.00865	0.00365	0.00369
17	0.02264	0.01668	0.01786	0.01372	0.01846	0.01842	0.01131	0.73351	0.02787	0.03738	0.01438	0.01445	0.01023	0.00722	0.00600	0.00181	0.00657	0.00538	0.00597	0.01014
18	0.02668	0.01020	0.01385	0.01065	0.01523	0.00880	0.00877	0.02891	0.01703	0.75731	0.02348	0.02037	0.01480	0.00744	0.00603	0.00186	0.00510	0.00600	0.00737	0.01015
19	0.02035	0.01161	0.01366	0.01146	0.01538	0.01202	0.00913	0.03030	0.40627	0.36433	0.02388	0.02140	0.01663	0.00782	0.00606	0.00196	0.00491	0.00640	0.00668	0.00977
20	0.01205	0.03066	0.75939	0.01696	0.02569	0.01383	0.02189	0.01884	0.01260	0.01890	0.01080	0.01275	0.00767	0.00574	0.00570	0.00191	0.00879	0.00443	0.00256	0.00883
21	0.00720	0.00517	0.00683	0.00816	0.00856	0.00481	0.00546	0.00824	0.01139	0.01512	0.03346	0.76514	0.06173	0.01841	0.00753	0.00239	0.00342	0.01667	0.00549	0.00481
22	0.00844	0.00567	0.00650	0.00665	0.00669	0.00563	0.00380	0.00856	0.00891	0.01187	0.02020	0.12272	0.02347	0.70545	0.02757	0.00536	0.00548	0.00952	0.00380	0.00372
23	0.01318	0.28576	0.51790	0.01461	0.02212	0.01696	0.01794	0.01839	0.01233	0.01712	0.00982	0.01149	0.00752	0.00543	0.00501	0.00167	0.00793	0.00397	0.00251	0.00836
24	0.02156	0.01542	0.01596	0.01269	0.01696	0.06916	0.01031	0.45537	0.11651	0.14307	0.01672	0.01620	0.01183	0.00717	0.00581	0.00178	0.00618	0.00549	0.04226	0.00954
25	0.00751	0.00541	0.00706	0.00826	0.00881	0.00508	0.00574	0.00870	0.01157	0.01524	0.03365	0.61998	0.08837	0.05961	0.00879	0.00259	0.00374	0.08970	0.00538	0.00482
26	0.01568	0.01558	0.02857	0.02088	0.02616	0.01557	0.48585	0.16690	0.06851	0.02295	0.01308	0.01581	0.00979	0.00583	0.00711	0.00194	0.03912	0.00645	0.00381	0.03041
27	0.01086	0.00722	0.00879	0.00854	0.01014	0.00706	0.00621	0.04553	0.08819	0.08964	0.19766	0.30024	0.09931	0.08178	0.00896	0.00241	0.00386	0.01172	0.00581	0.00609
28	0.48982	0.07303	0.18214	0.01084	0.01576	0.07050	0.01078	0.05272	0.01210	0.02348	0.00913	0.01055	0.00700	0.00561	0.00435	0.00177	0.00619	0.00361	0.00338	0.00723
29	0.05381	0.49679	0.27932	0.01231	0.01855	0.01961	0.01395	0.01804	0.01208	0.01616	0.00904	0.01052	0.00750	0.00527	0.00441	0.00150	0.00706	0.00358	0.00257	0.00793

[dist]
# distance from previous block
# <min> <max>
0	4

[block]
# block no. 5 follows, 39 sequences, length 25
# corresponding to MSA columns:
# 431-455
name=unknown_F
#
# <colnr> <probs for GDERKNQSTAVLIFYWHMCP>
#	G	D	E	R	K	N	Q	S	T	A	V	L	I	F	Y	W	H	M	C	P
0	0.00882	0.00683	0.00857	0.00834	0.01024	0.00579	0.00596	0.01045	0.01197	0.01694	0.07448	0.50301	0.03105	0.01381	0.00655	0.00190	0.00368	0.01237	0.00496	0.25431
1	0.01823	0.01299	0.01463	0.01190	0.01546	0.01404	0.00966	0.43709	0.02141	0.06945	0.01756	0.11251	0.01521	0.00898	0.00678	0.00187	0.04931	0.04235	0.06087	0.05970
2	0.01256	0.01210	0.02107	0.47034	0.28747	0.01358	0.06545	0.01642	0.01254	0.01683	0.01082	0.01539	0.00847	0.00563	0.00596	0.00190	0.00773	0.00538	0.00276	0.00763
3	0.01240	0.01094	0.01406	0.01004	0.01536	0.00844	0.06472	0.01521	0.01240	0.01924	0.01063	0.01256	0.00878	0.00443	0.00459	0.00096	0.00482	0.00378	0.00346	0.76318
4	0.02586	0.00991	0.01351	0.01041	0.01486	0.00858	0.00858	0.02816	0.01692	0.73199	0.05045	0.02102	0.01617	0.00750	0.00599	0.00183	0.00495	0.00612	0.00729	0.00990
5	0.02653	0.01006	0.01372	0.01052	0.01510	0.00869	0.00869	0.02882	0.01693	0.75937	0.02333	0.02013	0.01464	0.00732	0.00595	0.00183	0.00503	0.00595	0.00732	0.01006
6	0.01974	0.00834	0.01131	0.00972	0.01281	0.00733	0.00757	0.02159	0.01496	0.49785	0.02659	0.29004	0.02324	0.01126	0.00651	0.00203	0.00447	0.00976	0.00668	0.00822
7	0.00845	0.00634	0.00950	0.00950	0.01056	0.00739	0.00739	0.01056	0.00950	0.01373	0.01584	0.02323	0.01478	0.04435	0.76873	0.00950	0.01584	0.00634	0.00317	0.00528
8	0.01186	0.03059	0.76153	0.01686	0.02560	0.01373	0.02185	0.01873	0.01249	0.01873	0.01061	0.01249	0.00749	0.00562	0.00562	0.00187	0.00874	0.00437	0.00250	0.00874
9	0.01186	0.03059	0.76153	0.01686	0.02560	0.01373	0.02185	0.01873	0.01249	0.01873	0.01061	0.01249	0.00749	0.00562	0.00562	0.00187	0.00874	0.00437	0.00250	0.00874
10	0.02653	0.01006	0.01372	0.01052	0.01510	0.00869	0.00869	0.02882	0.01693	0.75937	0.02333	0.02013	0.01464	0.00732	0.00595	0.00183	0.00503	0.00595	0.00732	0.01006
11	0.00721	0.00515	0.00686	0.00823	0.00858	0.00480	0.00549	0.00823	0.01132	0.01510	0.03259	0.78831	0.03911	0.01853	0.00755	0.00240	0.00343	0.01681	0.00549	0.00480
12	0.12532	0.01491	0.02608	0.01929	0.02440	0.01496	0.43410	0.17417	0.01643	0.02387	0.01316	0.01789	0.01043	0.00622	0.00638	0.00197	0.00821	0.05030	0.00387	0.00806
13	0.00721	0.00515	0.00686	0.00823	0.00858	0.00480	0.00549	0.00823	0.01132	0.01510	0.03259	0.78831	0.03911	0.01853	0.00755	0.00240	0.00343	0.01681	0.00549	0.00480
14	0.00837	0.00604	0.00790	0.00744	0.00883	0.00558	0.00558	0.01116	0.01674	0.02371	0.75216	0.04417	0.05580	0.01209	0.00697	0.00186	0.00279	0.01069	0.00651	0.00558
15	0.01364	0.01324	0.02245	0.19172	0.46991	0.01443	0.05307	0.01703	0.01257	0.01774	0.01060	0.01472	0.00882	0.00605	0.00768	0.00192	0.10792	0.00534	0.00282	0.00832
16	0.01252	0.12359	0.62501	0.01573	0.02368	0.01498	0.01963	0.01939	0.05809	0.01851	0.01116	0.01271	0.00816	0.00570	0.00542	0.00181	0.00819	0.00437	0.00272	0.00864
17	0.62313	0.12755	0.01292	0.05050	0.01397	0.05734	0.00778	0.01766	0.01082	0.02338	0.00841	0.00998	0.00673	0.00548	0.00390	0.00174	0.00536	0.00334	0.00340	0.00661
18	0.01379	0.04827	0.06928	0.18576	0.51350	0.01427	0.03514	0.01756	0.01302	0.01818	0.01086	0.01454	0.00886	0.00541	0.00579	0.00179	0.00735	0.00516	0.00282	0.00864
19	0.00837	0.00604	0.00790	0.00744	0.00883	0.00558	0.00558	0.01116	0.01674	0.02371	0.75216	0.04417	0.05580	0.01209	0.00697	0.00186	0.00279	0.01069	0.00651	0.00558
20	0.01518	0.05276	0.01337	0.01066	0.05070	0.00936	0.00800	0.05787	0.03149	0.17509	0.02023	0.11124	0.07300	0.00787	0.00547	0.00149	0.00466	0.00658	0.00482	0.34017
21	0.01038	0.00567	0.00628	0.00628	0.00749	0.00586	0.00466	0.01281	0.01160	0.01976	0.01864	0.02358	0.01560	0.07577	0.13936	0.00314	0.00527	0.00590	0.61664	0.00532
22	0.01117	0.01051	0.01774	0.77795	0.04073	0.01314	0.01642	0.01511	0.01182	0.01511	0.01051	0.01577	0.00788	0.00591	0.00591	0.00197	0.00788	0.00526	0.00263	0.00657
23	0.01630	0.01349	0.01427	0.01236	0.01598	0.01545	0.00974	0.17531	0.59812	0.02730	0.02205	0.02046	0.01642	0.00783	0.00600	0.00196	0.00505	0.00641	0.00600	0.00950
24	0.00721	0.00515	0.00686	0.00823	0.00858	0.00480	0.00549	0.00823	0.01132	0.01510	0.03259	0.78831	0.03911	0.01853	0.00755	0.00240	0.00343	0.01681	0.00549	0.00480

[dist]
# distance from previous block
# <min> <max>
0	1

[block]
# block no. 6 follows, 39 sequences, length 18
# corresponding to MSA columns:
# 457-474
name=unknown_G
#
# <colnr> <probs for GDERKNQSTAVLIFYWHMCP>
#	G	D	E	R	K	N	Q	S	T	A	V	L	I	F	Y	W	H	M	C	P
0	0.01117	0.01051	0.01774	0.77795	0.04073	0.01314	0.01642	0.01511	0.01182	0.01511	0.01051	0.01577	0.00788	0.00591	0.00591	0.00197	0.00788	0.00526	0.00263	0.00657
1	0.01471	0.01270	0.01337	0.01203	0.01538	0.01471	0.00936	0.03142	0.74459	0.02474	0.02407	0.02206	0.01805	0.00802	0.00602	0.00201	0.00468	0.00669	0.00602	0.00936
2	0.01229	0.11449	0.68142	0.01612	0.02445	0.01479	0.02056	0.01862	0.01243	0.01820	0.01035	0.01216	0.00750	0.00556	0.00542	0.00181	0.00848	0.00424	0.00250	0.00861
3	0.00726	0.00519	0.00691	0.00819	0.00859	0.00484	0.00549	0.00838	0.01159	0.01553	0.06853	0.75114	0.03995	0.01821	0.00752	0.00237	0.00340	0.01651	0.00554	0.00484
4	0.00721	0.00515	0.00686	0.00823	0.00858	0.00480	0.00549	0.00823	0.01132	0.01510	0.03259	0.78831	0.03911	0.01853	0.00755	0.00240	0.00343	0.01681	0.00549	0.00480
5	0.60842	0.01613	0.18522	0.01014	0.01503	0.01358	0.01022	0.04704	0.01136	0.02515	0.00903	0.01047	0.00681	0.00559	0.00421	0.00184	0.00563	0.00356	0.00348	0.00710
6	0.01102	0.00551	0.00551	0.00551	0.00689	0.00551	0.00413	0.01378	0.01240	0.02205	0.01929	0.02205	0.01516	0.00689	0.00413	0.00138	0.00276	0.00551	0.82500	0.00551
7	0.00846	0.00627	0.00917	0.00917	0.01011	0.00721	0.00697	0.01035	0.00941	0.01348	0.01615	0.02493	0.01552	0.12635	0.68774	0.00909	0.01473	0.00658	0.00321	0.00509
8	0.15511	0.01758	0.01611	0.01291	0.01720	0.13714	0.01048	0.50458	0.02314	0.03188	0.01242	0.01288	0.00907	0.00668	0.00545	0.00174	0.00685	0.00474	0.00509	0.00895
9	0.01581	0.79572	0.03099	0.01012	0.01518	0.02340	0.01012	0.01771	0.01202	0.01391	0.00822	0.00949	0.00759	0.00506	0.00379	0.00126	0.00632	0.00316	0.00253	0.00759
10	0.01391	0.01581	0.03411	0.02448	0.03019	0.01510	0.70004	0.01872	0.01373	0.01872	0.01177	0.01581	0.00892	0.00524	0.00756	0.00202	0.04610	0.00689	0.00297	0.00791
11	0.01581	0.79572	0.03099	0.01012	0.01518	0.02340	0.01012	0.01771	0.01202	0.01391	0.00822	0.00949	0.00759	0.00506	0.00379	0.00126	0.00632	0.00316	0.00253	0.00759
12	0.00860	0.00573	0.00645	0.00645	0.00645	0.00573	0.00358	0.00860	0.00860	0.01147	0.01863	0.03870	0.02150	0.79217	0.03010	0.00573	0.00573	0.00860	0.00358	0.00358
13	0.00721	0.00515	0.00686	0.00823	0.00858	0.00480	0.00549	0.00823	0.01132	0.01510	0.03259	0.78831	0.03911	0.01853	0.00755	0.00240	0.00343	0.01681	0.00549	0.00480
14	0.02633	0.01039	0.01393	0.01068	0.01526	0.00917	0.00882	0.06414	0.01747	0.72328	0.02287	0.01983	0.01441	0.00731	0.00595	0.00183	0.00511	0.00592	0.00725	0.01006
15	0.01464	0.01405	0.02400	0.03630	0.75528	0.01405	0.01815	0.01815	0.01347	0.01932	0.01112	0.01464	0.00937	0.00527	0.00585	0.00176	0.00703	0.00527	0.00293	0.00937
16	0.00721	0.00515	0.00686	0.00823	0.00858	0.00480	0.00549	0.00823	0.01132	0.01510	0.03259	0.78831	0.03911	0.01853	0.00755	0.00240	0.00343	0.01681	0.00549	0.00480
17	0.01305	0.01327	0.01995	0.01656	0.01721	0.01777	0.09198	0.01475	0.00959	0.01475	0.00822	0.01327	0.00790	0.00976	0.01804	0.00252	0.69676	0.00537	0.00263	0.00663

[dist]
# distance from previous block
# <min> <max>
7	43

[block]
# block no. 7 follows, 39 sequences, length 70
# corresponding to MSA columns:
# 518-587
name=unknown_H
#
# <colnr> <probs for GDERKNQSTAVLIFYWHMCP>
#	G	D	E	R	K	N	Q	S	T	A	V	L	I	F	Y	W	H	M	C	P
0	0.02283	0.01614	0.01705	0.01323	0.01783	0.05278	0.01086	0.58869	0.04248	0.13445	0.01543	0.01502	0.01075	0.00710	0.00589	0.00178	0.00646	0.00537	0.00597	0.00989
1	0.00844	0.00630	0.00929	0.00922	0.01032	0.00714	0.00714	0.01064	0.01049	0.01509	0.11634	0.02609	0.02038	0.03995	0.66476	0.00846	0.01406	0.00693	0.00362	0.00532
2	0.01209	0.02662	0.59826	0.01643	0.02446	0.01304	0.07960	0.01822	0.01258	0.01882	0.01071	0.01275	0.00779	0.00540	0.00556	0.00175	0.00825	0.00447	0.00268	0.12054
3	0.01254	0.14793	0.54461	0.01469	0.02238	0.01445	0.01798	0.01804	0.01238	0.01805	0.01022	0.01198	0.00768	0.00536	0.00516	0.00164	0.00777	0.00406	0.00264	0.12042
4	0.00967	0.00659	0.00891	0.01009	0.01143	0.00658	0.00869	0.01236	0.01339	0.01822	0.02970	0.07912	0.03159	0.01510	0.00760	0.00253	0.00503	0.60066	0.11730	0.00544
5	0.00777	0.00555	0.00751	0.00888	0.00946	0.00529	0.00646	0.00920	0.01188	0.01572	0.03229	0.61421	0.03789	0.01800	0.00770	0.00248	0.00392	0.18538	0.00548	0.00496
6	0.08651	0.01429	0.01581	0.08220	0.01862	0.05188	0.03335	0.41062	0.03952	0.02872	0.03094	0.11161	0.01415	0.00838	0.00629	0.00190	0.02507	0.00670	0.00508	0.00836
7	0.00828	0.00617	0.00914	0.00933	0.01029	0.00704	0.00713	0.01024	0.00975	0.01392	0.01813	0.12766	0.01810	0.04083	0.66484	0.00853	0.01415	0.00777	0.00348	0.00522
8	0.02153	0.00992	0.01272	0.01051	0.01426	0.00936	0.00839	0.02653	0.16170	0.51086	0.02474	0.12536	0.01866	0.00899	0.00618	0.00194	0.00474	0.00758	0.00681	0.00921
9	0.12118	0.00767	0.01118	0.01115	0.03742	0.00755	0.09529	0.01126	0.01178	0.01765	0.05699	0.52872	0.03065	0.01436	0.00686	0.00223	0.00448	0.01309	0.00489	0.00560
10	0.01383	0.01119	0.01896	0.54192	0.11887	0.01275	0.05932	0.01756	0.01284	0.11741	0.01242	0.01624	0.00904	0.00597	0.00598	0.00193	0.00752	0.00546	0.00332	0.00745
11	0.01220	0.01562	0.19846	0.01115	0.01729	0.00950	0.02810	0.01594	0.01236	0.01913	0.01057	0.01241	0.00845	0.00470	0.00475	0.00115	0.00559	0.00380	0.00324	0.60558
12	0.01366	0.09653	0.59522	0.01581	0.02368	0.01522	0.01936	0.11648	0.01453	0.02083	0.01089	0.01245	0.00785	0.00577	0.00550	0.00181	0.00822	0.00439	0.00297	0.00882
13	0.01384	0.01179	0.01263	0.01141	0.01448	0.01346	0.00884	0.02866	0.64525	0.02460	0.12344	0.02508	0.02320	0.00858	0.00615	0.00199	0.00442	0.00723	0.00608	0.00884
14	0.12269	0.00600	0.00784	0.00771	0.00821	0.00625	0.00531	0.00903	0.00803	0.01249	0.00999	0.01683	0.00974	0.01849	0.02046	0.71519	0.00506	0.00487	0.00272	0.00309
15	0.13235	0.01050	0.01263	0.00975	0.01432	0.00939	0.00796	0.02366	0.04951	0.42620	0.01788	0.01668	0.01210	0.00632	0.00522	0.00158	0.00478	0.00495	0.00574	0.22849
16	0.12560	0.01158	0.01181	0.01064	0.01381	0.01312	0.00831	0.04431	0.51126	0.02444	0.07303	0.02479	0.08551	0.00855	0.00584	0.00197	0.00444	0.00697	0.00568	0.00833
17	0.01425	0.01202	0.01299	0.01193	0.01505	0.01375	0.00944	0.05111	0.62212	0.02417	0.02475	0.02791	0.01998	0.00913	0.00631	0.00210	0.00484	0.10338	0.00594	0.00885
18	0.01240	0.01226	0.02149	0.43819	0.14788	0.01425	0.12987	0.01607	0.01204	0.01626	0.01046	0.01523	0.00827	0.00627	0.00791	0.00203	0.11365	0.00552	0.00273	0.00722
19	0.00889	0.00980	0.11225	0.04472	0.04908	0.00738	0.02710	0.01133	0.01203	0.01630	0.02692	0.48020	0.03050	0.01492	0.00722	0.00232	0.00499	0.12348	0.00477	0.00581
20	0.01192	0.02785	0.65926	0.01575	0.02401	0.01294	0.01982	0.01820	0.01246	0.01880	0.01060	0.01246	0.00766	0.00545	0.00545	0.00174	0.00814	0.00425	0.00263	0.12060
21	0.00790	0.00588	0.00760	0.00831	0.00932	0.00522	0.00570	0.00914	0.01145	0.01567	0.02958	0.68239	0.03497	0.01660	0.00712	0.00219	0.00356	0.01500	0.00522	0.11720
22	0.12420	0.02719	0.62353	0.01655	0.05853	0.01369	0.01956	0.01852	0.01220	0.01982	0.01031	0.01220	0.00743	0.00558	0.00536	0.00186	0.00809	0.00425	0.00268	0.00845
23	0.72374	0.01125	0.00938	0.00815	0.01194	0.01264	0.00672	0.01894	0.01100	0.12656	0.01029	0.01104	0.00753	0.00574	0.00397	0.00183	0.00464	0.00358	0.00416	0.00690
24	0.01132	0.01051	0.01699	0.67297	0.03708	0.01242	0.01514	0.01508	0.01188	0.01568	0.01051	0.01529	0.00800	0.00570	0.00570	0.00182	0.00741	0.00502	0.00275	0.11873
25	0.72319	0.01214	0.00993	0.00857	0.01238	0.01396	0.00706	0.11540	0.01249	0.02800	0.00905	0.01023	0.00690	0.00571	0.00397	0.00182	0.00484	0.00349	0.00397	0.00690
26	0.00837	0.00604	0.00790	0.00744	0.00883	0.00558	0.00558	0.01116	0.01674	0.02371	0.75216	0.04417	0.05580	0.01209	0.00697	0.00186	0.00279	0.01069	0.00651	0.00558
27	0.00918	0.00622	0.00816	0.00758	0.00911	0.00572	0.00572	0.01195	0.01675	0.05645	0.71972	0.04310	0.05397	0.01188	0.00693	0.00186	0.00289	0.01048	0.00655	0.00578
28	0.01102	0.00551	0.00551	0.00551	0.00689	0.00551	0.00413	0.01378	0.01240	0.02205	0.01929	0.02205	0.01516	0.00689	0.00413	0.00138	0.00276	0.00551	0.82500	0.00551
29	0.00953	0.00681	0.00953	0.01089	0.01225	0.00681	0.00953	0.01225	0.01361	0.01770	0.03131	0.06671	0.03403	0.01634	0.00817	0.00272	0.00545	0.71547	0.00545	0.00545
30	0.04339	0.01931	0.01727	0.01386	0.01815	0.20407	0.01116	0.54056	0.02461	0.03134	0.01279	0.01320	0.00936	0.00681	0.00571	0.00171	0.00749	0.00489	0.00515	0.00917
31	0.00860	0.00573	0.00645	0.00645	0.00645	0.00573	0.00358	0.00860	0.00860	0.01147	0.01863	0.03870	0.02150	0.79217	0.03010	0.00573	0.00573	0.00860	0.00358	0.00358
32	0.00860	0.00575	0.00653	0.00653	0.00656	0.00578	0.00368	0.00865	0.00862	0.01153	0.01856	0.03829	0.02132	0.77258	0.04944	0.00583	0.00600	0.00854	0.00357	0.00363
33	0.01581	0.79572	0.03099	0.01012	0.01518	0.02340	0.01012	0.01771	0.01202	0.01391	0.00822	0.00949	0.00759	0.00506	0.00379	0.00126	0.00632	0.00316	0.00253	0.00759
34	0.00699	0.00599	0.00599	0.00599	0.00799	0.00499	0.00449	0.00849	0.01348	0.01598	0.05991	0.05691	0.75288	0.01498	0.00699	0.00200	0.00300	0.01248	0.00549	0.00499
35	0.00918	0.00623	0.00810	0.00752	0.00910	0.00570	0.00568	0.01189	0.01661	0.05854	0.68752	0.04357	0.08385	0.01199	0.00693	0.00186	0.00291	0.01054	0.00650	0.00577
36	0.00721	0.00515	0.00686	0.00823	0.00858	0.00480	0.00549	0.00823	0.01132	0.01510	0.03259	0.78831	0.03911	0.01853	0.00755	0.00240	0.00343	0.01681	0.00549	0.00480
37	0.01581	0.79572	0.03099	0.01012	0.01518	0.02340	0.01012	0.01771	0.01202	0.01391	0.00822	0.00949	0.00759	0.00506	0.00379	0.00126	0.00632	0.00316	0.00253	0.00759
38	0.00860	0.00573	0.00645	0.00645	0.00645	0.00573	0.00358	0.00860	0.00860	0.01147	0.01863	0.03870	0.02150	0.79217	0.03010	0.00573	0.00573	0.00860	0.00358	0.00358
39	0.00699	0.00599	0.00599	0.00599	0.00799	0.00499	0.00449	0.00849	0.01348	0.01598	0.05991	0.05691	0.75288	0.01498	0.00699	0.00200	0.00300	0.01248	0.00549	0.00499
40	0.00721	0.00515	0.00686	0.00823	0.00858	0.00480	0.00549	0.00823	0.01132	0.01510	0.03259	0.78831	0.03911	0.01853	0.00755	0.00240	0.00343	0.01681	0.00549	0.00480
41	0.00953	0.00681	0.00953	0.01089	0.01225	0.00681	0.00953	0.01225	0.01361	0.01770	0.03131	0.06671	0.03403	0.01634	0.00817	0.00272	0.00545	0.71547	0.00545	0.00545
42	0.01581	0.79572	0.03099	0.01012	0.01518	0.02340	0.01012	0.01771	0.01202	0.01391	0.00822	0.00949	0.00759	0.00506	0.00379	0.00126	0.00632	0.00316	0.00253	0.00759
43	0.02639	0.01029	0.01386	0.01063	0.01521	0.00902	0.00878	0.05315	0.01730	0.73451	0.02302	0.01992	0.01448	0.00731	0.00595	0.00183	0.00508	0.00593	0.00727	0.01006
44	0.00860	0.00573	0.00645	0.00645	0.00645	0.00573	0.00358	0.00860	0.00860	0.01147	0.01863	0.03870	0.02150	0.79217	0.03010	0.00573	0.00573	0.00860	0.00358	0.00358
45	0.01203	0.06353	0.73007	0.01657	0.02515	0.01415	0.02134	0.01868	0.01247	0.01852	0.01051	0.01236	0.00750	0.00559	0.00554	0.00185	0.00864	0.00432	0.00250	0.00869
46	0.01581	0.79572	0.03099	0.01012	0.01518	0.02340	0.01012	0.01771	0.01202	0.01391	0.00822	0.00949	0.00759	0.00506	0.00379	0.00126	0.00632	0.00316	0.00253	0.00759
47	0.00721	0.00515	0.00686	0.00823	0.00858	0.00480	0.00549	0.00823	0.01132	0.01510	0.03259	0.78831	0.03911	0.01853	0.00755	0.00240	0.00343	0.01681	0.00549	0.00480
48	0.01186	0.03059	0.76153	0.01686	0.02560	0.01373	0.02185	0.01873	0.01249	0.01873	0.01061	0.01249	0.00749	0.00562	0.00562	0.00187	0.00874	0.00437	0.00250	0.00874
49	0.02176	0.02575	0.04743	0.01495	0.01859	0.57434	0.01181	0.17834	0.01899	0.01961	0.01030	0.01151	0.00814	0.00629	0.00547	0.00159	0.00968	0.00416	0.00365	0.00763
50	0.01226	0.01051	0.01226	0.00876	0.01401	0.00788	0.00701	0.01489	0.01226	0.01927	0.01051	0.01226	0.00876	0.00438	0.00438	0.00088	0.00438	0.00350	0.00350	0.82832
51	0.01226	0.01051	0.01226	0.00876	0.01401	0.00788	0.00701	0.01489	0.01226	0.01927	0.01051	0.01226	0.00876	0.00438	0.00438	0.00088	0.00438	0.00350	0.00350	0.82832
52	0.02376	0.01451	0.01647	0.01263	0.01731	0.01528	0.01043	0.51179	0.02436	0.26590	0.01709	0.01608	0.01151	0.00717	0.00593	0.00179	0.00604	0.00552	0.00636	0.01006
53	0.02248	0.01656	0.01775	0.01361	0.01834	0.01834	0.01124	0.73556	0.02780	0.03727	0.01420	0.01420	0.01006	0.00710	0.00592	0.00177	0.00651	0.00532	0.00592	0.01006
54	0.00837	0.00604	0.00790	0.00744	0.00883	0.00558	0.00558	0.01116	0.01674	0.02371	0.75216	0.04417	0.05580	0.01209	0.00697	0.00186	0.00279	0.01069	0.00651	0.00558
55	0.00740	0.00534	0.00700	0.00799	0.00859	0.00495	0.00546	0.00876	0.01238	0.01665	0.16013	0.62281	0.07615	0.01723	0.00742	0.00229	0.00330	0.01553	0.00567	0.00495
56	0.02653	0.01006	0.01372	0.01052	0.01510	0.00869	0.00869	0.02882	0.01693	0.75937	0.02333	0.02013	0.01464	0.00732	0.00595	0.00183	0.00503	0.00595	0.00732	0.01006
57	0.00837	0.00604	0.00790	0.00744	0.00883	0.00558	0.00558	0.01116	0.01674	0.02371	0.75216	0.04417	0.05580	0.01209	0.00697	0.00186	0.00279	0.01069	0.00651	0.00558
58	0.00721	0.00515	0.00686	0.00823	0.00858	0.00480	0.00549	0.00823	0.01132	0.01510	0.03259	0.78831	0.03911	0.01853	0.00755	0.00240	0.00343	0.01681	0.00549	0.00480
59	0.01117	0.01051	0.01774	0.77795	0.04073	0.01314	0.01642	0.01511	0.01182	0.01511	0.01051	0.01577	0.00788	0.00591	0.00591	0.00197	0.00788	0.00526	0.00263	0.00657
60	0.02209	0.02819	0.01676	0.01524	0.01828	0.76843	0.01143	0.02361	0.01676	0.01447	0.00914	0.01066	0.00762	0.00609	0.00533	0.00152	0.01066	0.00381	0.00305	0.00686
61	0.01117	0.01051	0.01774	0.77795	0.04073	0.01314	0.01642	0.01511	0.01182	0.01511	0.01051	0.01577	0.00788	0.00591	0.00591	0.00197	0.00788	0.00526	0.00263	0.00657
62	0.01027	0.00514	0.00770	0.00770	0.00770	0.00514	0.00514	0.00770	0.00770	0.01027	0.01027	0.01798	0.01027	0.02054	0.02311	0.82794	0.00514	0.00514	0.00257	0.00257
63	0.00721	0.00515	0.00686	0.00823	0.00858	0.00480	0.00549	0.00823	0.01132	0.01510	0.03259	0.78831	0.03911	0.01853	0.00755	0.00240	0.00343	0.01681	0.00549	0.00480
64	0.02248	0.01656	0.01775	0.01361	0.01834	0.01834	0.01124	0.73556	0.02780	0.03727	0.01420	0.01420	0.01006	0.00710	0.00592	0.00177	0.00651	0.00532	0.00592	0.01006
65	0.01565	0.76443	0.06087	0.01039	0.01560	0.02300	0.01060	0.01775	0.01204	0.01411	0.00832	0.00961	0.00759	0.00508	0.00387	0.00129	0.00642	0.00321	0.00253	0.00764
66	0.02248	0.01656	0.01775	0.01361	0.01834	0.01834	0.01124	0.73556	0.02780	0.03727	0.01420	0.01420	0.01006	0.00710	0.00592	0.00177	0.00651	0.00532	0.00592	0.01006
67	0.00860	0.00573	0.00645	0.00645	0.00645	0.00573	0.00358	0.00860	0.00860	0.01147	0.01863	0.03870	0.02150	0.79217	0.03010	0.00573	0.00573	0.00860	0.00358	0.00358
68	0.01464	0.01405	0.02400	0.03630	0.75528	0.01405	0.01815	0.01815	0.01347	0.01932	0.01112	0.01464	0.00937	0.00527	0.00585	0.00176	0.00703	0.00527	0.00293	0.00937
69	0.01186	0.03059	0.76153	0.01686	0.02560	0.01373	0.02185	0.01873	0.01249	0.01873	0.01061	0.01249	0.00749	0.00562	0.00562	0.00187	0.00874	0.00437	0.00250	0.00874

[dist]
# distance from previous block
# <min> <max>
37	132

# created by:
# /software/SequenceAnalysis/GenePrediction/augustus/3.0.1/scripts/msa2prfl.pl ./fixed/BUSCOvEOG72NKD6.fas
