[name]
unknown

[dist]
# distance from previous block
# <min> <max>
0	84

[block]
# block no. 0 follows, 39 sequences, length 55
# corresponding to MSA columns:
# 89-143
name=unknown_A
#
# <colnr> <probs for GDERKNQSTAVLIFYWHMCP>
#	G	D	E	R	K	N	Q	S	T	A	V	L	I	F	Y	W	H	M	C	P
0	0.00745	0.00601	0.00662	0.00647	0.00827	0.00519	0.00485	0.00937	0.01456	0.01854	0.28919	0.05269	0.52199	0.01402	0.00698	0.00195	0.00293	0.01189	0.00583	0.00519
1	0.01013	0.00748	0.00851	0.00736	0.00903	0.00679	0.00483	0.03548	0.01031	0.01460	0.01615	0.03026	0.01745	0.53885	0.02188	0.00420	0.00537	0.00702	0.00364	0.24066
2	0.56212	0.01716	0.22530	0.01064	0.01581	0.01362	0.01105	0.04939	0.01154	0.02476	0.00918	0.01064	0.00688	0.00560	0.00432	0.00184	0.00586	0.00363	0.00343	0.00724
3	0.01207	0.02843	0.67279	0.01773	0.07365	0.01345	0.02082	0.01849	0.01254	0.01880	0.01064	0.01262	0.00768	0.00553	0.00557	0.00181	0.00840	0.00438	0.00258	0.05204
4	0.01032	0.00542	0.00823	0.04815	0.00944	0.00556	0.00573	0.00809	0.00792	0.01053	0.01028	0.01786	0.01015	0.01978	0.02221	0.78456	0.00528	0.00514	0.00257	0.00278
5	0.48065	0.01233	0.11427	0.00919	0.01261	0.01090	0.00832	0.01495	0.01077	0.02215	0.01557	0.23365	0.01595	0.00925	0.00505	0.00200	0.00483	0.00728	0.00402	0.00627
6	0.01809	0.01329	0.01462	0.01206	0.01554	0.01445	0.00959	0.52668	0.02307	0.03090	0.01948	0.23651	0.01840	0.01038	0.00638	0.00195	0.00562	0.00862	0.00579	0.00855
7	0.00860	0.00615	0.00887	0.00887	0.00968	0.00696	0.00660	0.01004	0.00923	0.01312	0.01594	0.02548	0.01561	0.16818	0.59512	0.06346	0.01343	0.00664	0.00320	0.00481
8	0.00847	0.00611	0.00804	0.00772	0.00912	0.00568	0.00590	0.01125	0.01648	0.02322	0.69287	0.04603	0.05401	0.01244	0.00707	0.00193	0.00301	0.06866	0.00642	0.00557
9	0.01145	0.00924	0.01004	0.00920	0.01130	0.05456	0.00701	0.01771	0.20271	0.04878	0.49568	0.03565	0.04180	0.01052	0.00659	0.00188	0.00383	0.00909	0.00620	0.00678
10	0.01581	0.79572	0.03099	0.01012	0.01518	0.02340	0.01012	0.01771	0.01202	0.01391	0.00822	0.00949	0.00759	0.00506	0.00379	0.00126	0.00632	0.00316	0.00253	0.00759
11	0.00699	0.00599	0.00599	0.00599	0.00799	0.00499	0.00449	0.00849	0.01348	0.01598	0.05991	0.05691	0.75288	0.01498	0.00699	0.00200	0.00300	0.01248	0.00549	0.00499
12	0.00860	0.00573	0.00645	0.00645	0.00645	0.00573	0.00358	0.00860	0.00860	0.01147	0.01863	0.03870	0.02150	0.79217	0.03010	0.00573	0.00573	0.00860	0.00358	0.00358
13	0.01471	0.01270	0.01337	0.01203	0.01538	0.01471	0.00936	0.03142	0.74459	0.02474	0.02407	0.02206	0.01805	0.00802	0.00602	0.00201	0.00468	0.00669	0.00602	0.00936
14	0.01471	0.01270	0.01337	0.01203	0.01538	0.01471	0.00936	0.03142	0.74459	0.02474	0.02407	0.02206	0.01805	0.00802	0.00602	0.00201	0.00468	0.00669	0.00602	0.00936
15	0.00721	0.00515	0.00686	0.00823	0.00858	0.00480	0.00549	0.00823	0.01132	0.01510	0.03259	0.78831	0.03911	0.01853	0.00755	0.00240	0.00343	0.01681	0.00549	0.00480
16	0.00840	0.00607	0.00795	0.00754	0.00894	0.00562	0.00570	0.01119	0.01665	0.02354	0.73086	0.04484	0.05516	0.01222	0.00701	0.00189	0.00287	0.03152	0.00648	0.00558
17	0.01468	0.57599	0.24079	0.01205	0.01817	0.02062	0.01349	0.01800	0.01215	0.01530	0.00891	0.01035	0.00756	0.00522	0.00432	0.00144	0.00702	0.00351	0.00252	0.00792
18	0.01141	0.00979	0.01025	0.00955	0.01224	0.01054	0.00732	0.02159	0.43149	0.02095	0.03821	0.06918	0.30123	0.01116	0.00646	0.00202	0.00398	0.00936	0.00579	0.00748
19	0.01362	0.01309	0.02252	0.24896	0.52884	0.01382	0.03863	0.01730	0.01301	0.01810	0.01097	0.01500	0.00893	0.00545	0.00590	0.00182	0.00736	0.00532	0.00284	0.00852
20	0.01027	0.00514	0.00770	0.00770	0.00770	0.00514	0.00514	0.00770	0.00770	0.01027	0.01027	0.01798	0.01027	0.02054	0.02311	0.82794	0.00514	0.00514	0.00257	0.00257
21	0.01117	0.01051	0.01774	0.77795	0.04073	0.01314	0.01642	0.01511	0.01182	0.01511	0.01051	0.01577	0.00788	0.00591	0.00591	0.00197	0.00788	0.00526	0.00263	0.00657
22	0.01163	0.01096	0.01518	0.01320	0.01360	0.01451	0.01083	0.01335	0.01126	0.01696	0.22154	0.02191	0.02156	0.01085	0.01584	0.00238	0.55775	0.00676	0.00371	0.00621
23	0.00953	0.00681	0.00953	0.01089	0.01225	0.00681	0.00953	0.01225	0.01361	0.01770	0.03131	0.06671	0.03403	0.01634	0.00817	0.00272	0.00545	0.71547	0.00545	0.00545
24	0.00845	0.00567	0.00649	0.00664	0.00667	0.00564	0.00378	0.00856	0.00889	0.01185	0.02010	0.11769	0.02336	0.71065	0.02772	0.00538	0.00549	0.00947	0.00378	0.00371
25	0.00798	0.00578	0.00753	0.00761	0.00873	0.00533	0.00551	0.01022	0.01506	0.02094	0.51874	0.25837	0.07797	0.01405	0.00714	0.00202	0.00298	0.01252	0.00618	0.00533
26	0.00750	0.00644	0.00648	0.00639	0.00848	0.00564	0.00482	0.01002	0.06224	0.01656	0.05752	0.05459	0.70386	0.01451	0.00692	0.00200	0.00311	0.01209	0.00553	0.00528
27	0.00860	0.00573	0.00645	0.00645	0.00645	0.00573	0.00358	0.00860	0.00860	0.01147	0.01863	0.03870	0.02150	0.79217	0.03010	0.00573	0.00573	0.00860	0.00358	0.00358
28	0.02364	0.01470	0.01659	0.01272	0.01741	0.01557	0.01051	0.53259	0.02468	0.24465	0.01682	0.01590	0.01137	0.00716	0.00592	0.00179	0.00608	0.00550	0.00632	0.01006
29	0.00814	0.00584	0.00753	0.00856	0.00917	0.00563	0.00584	0.05261	0.01233	0.01645	0.03147	0.74108	0.03734	0.01783	0.00745	0.00236	0.00362	0.01611	0.00552	0.00512
30	0.02248	0.01656	0.01775	0.01361	0.01834	0.01834	0.01124	0.73556	0.02780	0.03727	0.01420	0.01420	0.01006	0.00710	0.00592	0.00177	0.00651	0.00532	0.00592	0.01006
31	0.00845	0.00634	0.00950	0.00950	0.01056	0.00739	0.00739	0.01056	0.00950	0.01373	0.01584	0.02323	0.01478	0.04435	0.76873	0.00950	0.01584	0.00634	0.00317	0.00528
32	0.00713	0.00600	0.00619	0.00614	0.00807	0.00505	0.00460	0.00876	0.01381	0.01677	0.13058	0.05561	0.68171	0.01468	0.00699	0.00198	0.00297	0.01230	0.00560	0.00505
33	0.00721	0.00515	0.00686	0.00823	0.00858	0.00480	0.00549	0.00823	0.01132	0.01510	0.03259	0.78831	0.03911	0.01853	0.00755	0.00240	0.00343	0.01681	0.00549	0.00480
34	0.02248	0.01656	0.01775	0.01361	0.01834	0.01834	0.01124	0.73556	0.02780	0.03727	0.01420	0.01420	0.01006	0.00710	0.00592	0.00177	0.00651	0.00532	0.00592	0.01006
35	0.01027	0.00514	0.00770	0.00770	0.00770	0.00514	0.00514	0.00770	0.00770	0.01027	0.01027	0.01798	0.01027	0.02054	0.02311	0.82794	0.00514	0.00514	0.00257	0.00257
36	0.00726	0.00519	0.00693	0.00830	0.00867	0.00485	0.00559	0.00834	0.01138	0.01516	0.03256	0.76974	0.03898	0.01847	0.00756	0.00241	0.00348	0.03478	0.00549	0.00482
37	0.00801	0.00620	0.00666	0.00669	0.00792	0.00577	0.00455	0.00981	0.05123	0.01499	0.05708	0.10893	0.38573	0.28330	0.01497	0.00332	0.00406	0.01114	0.00488	0.00474
38	0.00860	0.00573	0.00645	0.00645	0.00645	0.00573	0.00358	0.00860	0.00860	0.01147	0.01863	0.03870	0.02150	0.79217	0.03010	0.00573	0.00573	0.00860	0.00358	0.00358
39	0.83394	0.01144	0.00869	0.00778	0.01144	0.01327	0.00640	0.01738	0.01006	0.02653	0.00823	0.00961	0.00640	0.00549	0.00366	0.00183	0.00457	0.00320	0.00366	0.00640
40	0.01425	0.01080	0.01164	0.00998	0.01284	0.01135	0.00775	0.31856	0.06840	0.02511	0.03090	0.13583	0.22888	0.07593	0.00846	0.00227	0.00489	0.00933	0.00555	0.00730
41	0.00744	0.00573	0.00681	0.00713	0.00842	0.00509	0.00512	0.00914	0.01366	0.01781	0.24096	0.29566	0.32504	0.01536	0.00717	0.00209	0.00308	0.01342	0.00577	0.00509
42	0.00858	0.00580	0.00678	0.00678	0.00689	0.00591	0.00399	0.00881	0.00870	0.01171	0.01833	0.03705	0.02078	0.71218	0.10911	0.00614	0.00681	0.00836	0.00354	0.00376
43	0.01017	0.00517	0.00763	0.00763	0.00763	0.00517	0.00504	0.00776	0.00776	0.01035	0.01078	0.01924	0.01096	0.06762	0.02354	0.77778	0.00517	0.00535	0.00263	0.00263
44	0.00740	0.00551	0.00689	0.00760	0.00851	0.00500	0.00530	0.00889	0.01289	0.01705	0.18566	0.48207	0.19271	0.01646	0.00731	0.00221	0.00321	0.01465	0.00570	0.00500
45	0.00713	0.00604	0.00618	0.00626	0.00822	0.00509	0.00477	0.00869	0.01349	0.01607	0.05836	0.05744	0.71393	0.01505	0.00705	0.00204	0.00313	0.05057	0.00549	0.00502
46	0.02653	0.01006	0.01372	0.01052	0.01510	0.00869	0.00869	0.02882	0.01693	0.75937	0.02333	0.02013	0.01464	0.00732	0.00595	0.00183	0.00503	0.00595	0.00732	0.01006
47	0.00791	0.00546	0.00675	0.00750	0.00771	0.00528	0.00474	0.00852	0.01015	0.01352	0.02620	0.42600	0.03094	0.37084	0.01784	0.00393	0.00454	0.03329	0.00462	0.00427
48	0.05220	0.01242	0.01837	0.01491	0.01712	0.01486	0.10603	0.01924	0.06055	0.18037	0.01309	0.01569	0.01027	0.00961	0.03536	0.00247	0.40020	0.00563	0.00398	0.00761
49	0.01390	0.01454	0.01797	0.01550	0.01582	0.09712	0.01278	0.01522	0.00987	0.01426	0.00791	0.01270	0.00775	0.00990	0.01793	0.00248	0.70019	0.00503	0.00264	0.00651
50	0.83394	0.01144	0.00869	0.00778	0.01144	0.01327	0.00640	0.01738	0.01006	0.02653	0.00823	0.00961	0.00640	0.00549	0.00366	0.00183	0.00457	0.00320	0.00366	0.00640
51	0.01581	0.79572	0.03099	0.01012	0.01518	0.02340	0.01012	0.01771	0.01202	0.01391	0.00822	0.00949	0.00759	0.00506	0.00379	0.00126	0.00632	0.00316	0.00253	0.00759
52	0.00774	0.00576	0.00729	0.00836	0.00912	0.00550	0.00586	0.00979	0.05145	0.01589	0.03515	0.61563	0.11866	0.01741	0.00744	0.00236	0.00358	0.06237	0.00552	0.00511
53	0.01065	0.00900	0.01374	0.11106	0.14918	0.00922	0.04898	0.06153	0.02727	0.01831	0.06862	0.38045	0.04305	0.01237	0.00682	0.00212	0.00517	0.01130	0.00464	0.00651
54	0.06320	0.18722	0.05217	0.01373	0.01760	0.48760	0.01133	0.07103	0.01599	0.01676	0.00932	0.01069	0.00771	0.00589	0.00498	0.00152	0.00906	0.00377	0.00315	0.00729

[dist]
# distance from previous block
# <min> <max>
0	2

[block]
# block no. 1 follows, 39 sequences, length 31
# corresponding to MSA columns:
# 146-176
name=unknown_B
#
# <colnr> <probs for GDERKNQSTAVLIFYWHMCP>
#	G	D	E	R	K	N	Q	S	T	A	V	L	I	F	Y	W	H	M	C	P
0	0.01201	0.01245	0.09381	0.01013	0.01504	0.00907	0.00906	0.01574	0.04809	0.01940	0.04780	0.01774	0.01287	0.00604	0.00553	0.00127	0.03451	0.04891	0.00375	0.57679
1	0.01560	0.42304	0.17259	0.03108	0.01802	0.12240	0.01252	0.01917	0.04784	0.03470	0.01116	0.04736	0.00972	0.00616	0.00476	0.00154	0.00720	0.00442	0.00302	0.00771
2	0.01160	0.01032	0.00965	0.00943	0.03925	0.10434	0.00684	0.04833	0.06583	0.05726	0.08434	0.04226	0.46410	0.01204	0.00656	0.00190	0.00451	0.00991	0.00529	0.00624
3	0.01499	0.11009	0.07572	0.01214	0.01617	0.01551	0.01044	0.02864	0.57288	0.04613	0.02102	0.01969	0.01581	0.00744	0.00571	0.00190	0.00522	0.00604	0.00535	0.00912
4	0.01226	0.01051	0.01226	0.00876	0.01401	0.00788	0.00701	0.01489	0.01226	0.01927	0.01051	0.01226	0.00876	0.00438	0.00438	0.00088	0.00438	0.00350	0.00350	0.82832
5	0.01102	0.00551	0.00551	0.00551	0.00689	0.00551	0.00413	0.01378	0.01240	0.02205	0.01929	0.02205	0.01516	0.00689	0.00413	0.00138	0.00276	0.00551	0.82500	0.00551
6	0.00839	0.00611	0.00794	0.00767	0.00910	0.00566	0.00588	0.01109	0.01624	0.02266	0.64083	0.04710	0.09756	0.01267	0.00709	0.00195	0.00305	0.07712	0.00635	0.00553
7	0.01466	0.61069	0.02597	0.00989	0.01408	0.01962	0.00937	0.01653	0.01163	0.03723	0.01035	0.01320	0.00953	0.04164	0.13102	0.00281	0.00783	0.00398	0.00283	0.00713
8	0.01964	0.02716	0.13460	0.01660	0.04294	0.57209	0.04678	0.02222	0.01566	0.01549	0.00953	0.01138	0.00772	0.00605	0.00584	0.00164	0.03034	0.00412	0.00294	0.00727
9	0.00837	0.00604	0.00790	0.00744	0.00883	0.00558	0.00558	0.01116	0.01674	0.02371	0.75216	0.04417	0.05580	0.01209	0.00697	0.00186	0.00279	0.01069	0.00651	0.00558
10	0.01292	0.01305	0.01795	0.21325	0.02220	0.05333	0.01377	0.01492	0.01015	0.01447	0.00854	0.01356	0.00779	0.00899	0.01522	0.00238	0.54325	0.00513	0.00262	0.00651
11	0.02177	0.01621	0.01735	0.01346	0.01807	0.01801	0.01107	0.67085	0.09368	0.03612	0.01511	0.01492	0.01079	0.00718	0.00593	0.00180	0.00634	0.00545	0.00593	0.00999
12	0.00860	0.00573	0.00645	0.00645	0.00645	0.00573	0.00358	0.00860	0.00860	0.01147	0.01863	0.03870	0.02150	0.79217	0.03010	0.00573	0.00573	0.00860	0.00358	0.00358
13	0.01508	0.01221	0.01304	0.01165	0.01500	0.01386	0.00908	0.03014	0.66329	0.07048	0.02577	0.02364	0.05359	0.00832	0.00606	0.00199	0.00462	0.00692	0.00607	0.00919
14	0.57576	0.01100	0.01030	0.00865	0.01261	0.01180	0.00714	0.02104	0.01226	0.26087	0.01306	0.01297	0.00904	0.00607	0.00439	0.00183	0.00472	0.00408	0.00483	0.00757
15	0.02653	0.01006	0.01372	0.01052	0.01510	0.00869	0.00869	0.02882	0.01693	0.75937	0.02333	0.02013	0.01464	0.00732	0.00595	0.00183	0.00503	0.00595	0.00732	0.01006
16	0.00860	0.00573	0.00645	0.00645	0.00645	0.00573	0.00358	0.00860	0.00860	0.01147	0.01863	0.03870	0.02150	0.79217	0.03010	0.00573	0.00573	0.00860	0.00358	0.00358
17	0.00721	0.00515	0.00686	0.00823	0.00858	0.00480	0.00549	0.00823	0.01132	0.01510	0.03259	0.78831	0.03911	0.01853	0.00755	0.00240	0.00343	0.01681	0.00549	0.00480
18	0.00860	0.00573	0.00645	0.00645	0.00645	0.00573	0.00358	0.00860	0.00860	0.01147	0.01863	0.03870	0.02150	0.79217	0.03010	0.00573	0.00573	0.00860	0.00358	0.00358
19	0.02248	0.01656	0.01775	0.01361	0.01834	0.01834	0.01124	0.73556	0.02780	0.03727	0.01420	0.01420	0.01006	0.00710	0.00592	0.00177	0.00651	0.00532	0.00592	0.01006
20	0.00721	0.00515	0.00686	0.00823	0.00858	0.00480	0.00549	0.00823	0.01132	0.01510	0.03259	0.78831	0.03911	0.01853	0.00755	0.00240	0.00343	0.01681	0.00549	0.00480
21	0.01186	0.03059	0.76153	0.01686	0.02560	0.01373	0.02185	0.01873	0.01249	0.01873	0.01061	0.01249	0.00749	0.00562	0.00562	0.00187	0.00874	0.00437	0.00250	0.00874
22	0.01471	0.01270	0.01337	0.01203	0.01538	0.01471	0.00936	0.03142	0.74459	0.02474	0.02407	0.02206	0.01805	0.00802	0.00602	0.00201	0.00468	0.00669	0.00602	0.00936
23	0.01396	0.01595	0.03490	0.02493	0.03091	0.01496	0.73380	0.01894	0.01396	0.01894	0.01196	0.01595	0.00897	0.00499	0.00698	0.00199	0.00997	0.00698	0.00299	0.00798
24	0.01471	0.01270	0.01337	0.01203	0.01538	0.01471	0.00936	0.03142	0.74459	0.02474	0.02407	0.02206	0.01805	0.00802	0.00602	0.00201	0.00468	0.00669	0.00602	0.00936
25	0.01471	0.01270	0.01337	0.01203	0.01538	0.01471	0.00936	0.03142	0.74459	0.02474	0.02407	0.02206	0.01805	0.00802	0.00602	0.00201	0.00468	0.00669	0.00602	0.00936
26	0.00699	0.00599	0.00599	0.00599	0.00799	0.00499	0.00449	0.00849	0.01348	0.01598	0.05991	0.05691	0.75288	0.01498	0.00699	0.00200	0.00300	0.01248	0.00549	0.00499
27	0.83394	0.01144	0.00869	0.00778	0.01144	0.01327	0.00640	0.01738	0.01006	0.02653	0.00823	0.00961	0.00640	0.00549	0.00366	0.00183	0.00457	0.00320	0.00366	0.00640
28	0.00845	0.00634	0.00950	0.00950	0.01056	0.00739	0.00739	0.01056	0.00950	0.01373	0.01584	0.02323	0.01478	0.04435	0.76873	0.00950	0.01584	0.00634	0.00317	0.00528
29	0.83394	0.01144	0.00869	0.00778	0.01144	0.01327	0.00640	0.01738	0.01006	0.02653	0.00823	0.00961	0.00640	0.00549	0.00366	0.00183	0.00457	0.00320	0.00366	0.00640
30	0.01143	0.00915	0.01072	0.01000	0.01157	0.05661	0.00763	0.11968	0.01256	0.01695	0.01561	0.02349	0.01467	0.15252	0.49176	0.00726	0.01255	0.00638	0.00364	0.00583

[dist]
# distance from previous block
# <min> <max>
0	15

[block]
# block no. 2 follows, 39 sequences, length 71
# corresponding to MSA columns:
# 192-262
name=unknown_C
#
# <colnr> <probs for GDERKNQSTAVLIFYWHMCP>
#	G	D	E	R	K	N	Q	S	T	A	V	L	I	F	Y	W	H	M	C	P
0	0.00722	0.00541	0.00670	0.00763	0.00844	0.00489	0.00524	0.00846	0.01217	0.01580	0.07976	0.56280	0.21945	0.01727	0.00738	0.00227	0.00329	0.01538	0.00555	0.00489
1	0.01379	0.01562	0.03384	0.07111	0.03151	0.01484	0.68980	0.01871	0.01383	0.01871	0.01187	0.01594	0.00891	0.00504	0.00691	0.00199	0.00984	0.00687	0.00297	0.00789
2	0.01995	0.23842	0.02119	0.01231	0.01717	0.01914	0.01066	0.48662	0.02235	0.02950	0.01227	0.01274	0.00927	0.00635	0.00522	0.00157	0.00632	0.00460	0.00480	0.05954
3	0.00767	0.00602	0.00693	0.00670	0.00840	0.00528	0.00503	0.00980	0.01508	0.01978	0.39988	0.05066	0.41053	0.01356	0.00698	0.00193	0.00289	0.01160	0.00599	0.00528
4	0.00754	0.00576	0.00749	0.05509	0.01064	0.00548	0.00618	0.00895	0.01198	0.01545	0.03732	0.53291	0.19790	0.01682	0.00736	0.00230	0.00373	0.05680	0.00531	0.00499
5	0.04588	0.01604	0.01748	0.06031	0.01951	0.01787	0.01141	0.67005	0.02630	0.03559	0.01380	0.01416	0.00982	0.00698	0.00585	0.00179	0.00653	0.00526	0.00565	0.00973
6	0.01156	0.00622	0.00642	0.00613	0.00772	0.00630	0.00466	0.05788	0.01363	0.02309	0.06625	0.02299	0.01747	0.00724	0.00443	0.00143	0.00299	0.00583	0.72197	0.00580
7	0.00765	0.00594	0.00650	0.00640	0.00781	0.00529	0.00451	0.00908	0.01305	0.01658	0.19663	0.05005	0.43804	0.19250	0.01228	0.00282	0.00358	0.01121	0.00527	0.00479
8	0.00746	0.00640	0.00644	0.00636	0.00844	0.00559	0.00479	0.00989	0.05832	0.01651	0.05771	0.05478	0.70781	0.01455	0.00693	0.00200	0.00310	0.01213	0.00552	0.00526
9	0.01882	0.37220	0.02295	0.01274	0.01671	0.38735	0.01071	0.02144	0.05926	0.01485	0.00964	0.01083	0.00824	0.00575	0.00468	0.00144	0.00835	0.00369	0.00300	0.00734
10	0.01456	0.01257	0.01330	0.01183	0.01529	0.01429	0.00922	0.03041	0.69968	0.02440	0.02324	0.02146	0.01748	0.00780	0.00592	0.00194	0.00466	0.00649	0.00586	0.05959
11	0.00852	0.00570	0.00647	0.00655	0.00657	0.00568	0.00369	0.00858	0.00875	0.01167	0.01941	0.08064	0.02249	0.74888	0.02884	0.00555	0.00560	0.00906	0.00369	0.00365
12	0.00738	0.00601	0.00654	0.00640	0.00823	0.00516	0.00480	0.00925	0.01441	0.01818	0.25735	0.05328	0.55406	0.01415	0.00699	0.00196	0.00294	0.01197	0.00578	0.00516
13	0.00699	0.00599	0.00599	0.00599	0.00799	0.00499	0.00449	0.00849	0.01348	0.01598	0.05991	0.05691	0.75288	0.01498	0.00699	0.00200	0.00300	0.01248	0.00549	0.00499
14	0.83394	0.01144	0.00869	0.00778	0.01144	0.01327	0.00640	0.01738	0.01006	0.02653	0.00823	0.00961	0.00640	0.00549	0.00366	0.00183	0.00457	0.00320	0.00366	0.00640
15	0.02096	0.00890	0.01152	0.00923	0.01307	0.00764	0.00749	0.02302	0.01594	0.54735	0.03376	0.03062	0.22519	0.00950	0.00624	0.00188	0.00445	0.00781	0.00680	0.00862
16	0.02361	0.00942	0.01279	0.01003	0.01409	0.00819	0.00819	0.02598	0.01690	0.64088	0.14072	0.02400	0.02127	0.00809	0.00611	0.00183	0.00467	0.00671	0.00719	0.00934
17	0.00759	0.00550	0.00719	0.00796	0.00872	0.00509	0.00557	0.00920	0.01305	0.01768	0.23931	0.51467	0.08367	0.01643	0.00737	0.00223	0.00328	0.03465	0.00578	0.00505
18	0.02653	0.01006	0.01372	0.01052	0.01510	0.00869	0.00869	0.02882	0.01693	0.75937	0.02333	0.02013	0.01464	0.00732	0.00595	0.00183	0.00503	0.00595	0.00732	0.01006
19	0.01464	0.01405	0.02400	0.03630	0.75528	0.01405	0.01815	0.01815	0.01347	0.01932	0.01112	0.01464	0.00937	0.00527	0.00585	0.00176	0.00703	0.00527	0.00293	0.00937
20	0.00953	0.00681	0.00953	0.01089	0.01225	0.00681	0.00953	0.01225	0.01361	0.01770	0.03131	0.06671	0.03403	0.01634	0.00817	0.00272	0.00545	0.71547	0.00545	0.00545
21	0.02653	0.01006	0.01372	0.01052	0.01510	0.00869	0.00869	0.02882	0.01693	0.75937	0.02333	0.02013	0.01464	0.00732	0.00595	0.00183	0.00503	0.00595	0.00732	0.01006
22	0.01693	0.01380	0.01462	0.01248	0.01622	0.01574	0.00990	0.23225	0.54016	0.02831	0.02125	0.01982	0.01577	0.00776	0.00599	0.00194	0.00520	0.00630	0.00599	0.00956
23	0.02653	0.01006	0.01372	0.01052	0.01510	0.00869	0.00869	0.02882	0.01693	0.75937	0.02333	0.02013	0.01464	0.00732	0.00595	0.00183	0.00503	0.00595	0.00732	0.01006
24	0.01117	0.01051	0.01774	0.77795	0.04073	0.01314	0.01642	0.01511	0.01182	0.01511	0.01051	0.01577	0.00788	0.00591	0.00591	0.00197	0.00788	0.00526	0.00263	0.00657
25	0.01464	0.01405	0.02400	0.03630	0.75528	0.01405	0.01815	0.01815	0.01347	0.01932	0.01112	0.01464	0.00937	0.00527	0.00585	0.00176	0.00703	0.00527	0.00293	0.00937
26	0.01117	0.01051	0.01774	0.77795	0.04073	0.01314	0.01642	0.01511	0.01182	0.01511	0.01051	0.01577	0.00788	0.00591	0.00591	0.00197	0.00788	0.00526	0.00263	0.00657
27	0.02653	0.01006	0.01372	0.01052	0.01510	0.00869	0.00869	0.02882	0.01693	0.75937	0.02333	0.02013	0.01464	0.00732	0.00595	0.00183	0.00503	0.00595	0.00732	0.01006
28	0.01396	0.01595	0.03490	0.02493	0.03091	0.01496	0.73380	0.01894	0.01396	0.01894	0.01196	0.01595	0.00897	0.00499	0.00698	0.00199	0.00997	0.00698	0.00299	0.00798
29	0.01471	0.01270	0.01337	0.01203	0.01538	0.01471	0.00936	0.03142	0.74459	0.02474	0.02407	0.02206	0.01805	0.00802	0.00602	0.00201	0.00468	0.00669	0.00602	0.00936
30	0.00731	0.00600	0.00643	0.00632	0.00818	0.00513	0.00474	0.00910	0.01423	0.01775	0.21857	0.05399	0.59311	0.01432	0.00699	0.00197	0.00295	0.01207	0.00573	0.00513
31	0.29187	0.01083	0.01465	0.51519	0.03074	0.01318	0.01301	0.01589	0.01122	0.01901	0.00973	0.01367	0.00738	0.00577	0.00514	0.00192	0.00675	0.00456	0.00298	0.00651
32	0.00860	0.00573	0.00645	0.00645	0.00645	0.00573	0.00358	0.00860	0.00860	0.01147	0.01863	0.03870	0.02150	0.79217	0.03010	0.00573	0.00573	0.00860	0.00358	0.00358
33	0.02248	0.01656	0.01775	0.01361	0.01834	0.01834	0.01124	0.73556	0.02780	0.03727	0.01420	0.01420	0.01006	0.00710	0.00592	0.00177	0.00651	0.00532	0.00592	0.01006
34	0.01221	0.01143	0.01262	0.01277	0.06062	0.13444	0.00930	0.05787	0.01205	0.01568	0.01388	0.01948	0.01257	0.03134	0.50504	0.00683	0.05672	0.00572	0.00327	0.00616
35	0.00938	0.00643	0.00798	0.05319	0.00960	0.00700	0.00544	0.01045	0.00960	0.01397	0.01732	0.03100	0.01796	0.46672	0.12394	0.00510	0.04672	0.00738	0.14634	0.00448
36	0.02653	0.01006	0.01372	0.01052	0.01510	0.00869	0.00869	0.02882	0.01693	0.75937	0.02333	0.02013	0.01464	0.00732	0.00595	0.00183	0.00503	0.00595	0.00732	0.01006
37	0.00786	0.00570	0.00744	0.00805	0.00888	0.00539	0.00564	0.01001	0.03511	0.01859	0.29982	0.48895	0.04469	0.01582	0.00729	0.00219	0.00323	0.01424	0.00588	0.00523
38	0.00740	0.00601	0.00656	0.00642	0.00824	0.00517	0.00481	0.00928	0.01444	0.01826	0.26441	0.05315	0.54695	0.01412	0.00699	0.00196	0.00293	0.01195	0.00579	0.00517
39	0.60242	0.01546	0.01106	0.00980	0.01339	0.18027	0.00782	0.06508	0.01269	0.02456	0.00882	0.01014	0.00691	0.00573	0.00417	0.00176	0.00604	0.00347	0.00367	0.00674
40	0.00859	0.00623	0.00840	0.00964	0.01075	0.00604	0.00785	0.01069	0.01291	0.01676	0.03435	0.28272	0.10232	0.01687	0.00787	0.00256	0.00461	0.44015	0.00546	0.00521
41	0.01148	0.01079	0.01752	0.68588	0.03768	0.01355	0.01580	0.01597	0.05269	0.01559	0.01109	0.01594	0.00845	0.00632	0.00679	0.00201	0.05759	0.00533	0.00282	0.00672
42	0.01654	0.70700	0.02934	0.01071	0.01554	0.10953	0.01027	0.01839	0.01256	0.01398	0.00833	0.00962	0.00759	0.00518	0.00397	0.00129	0.00683	0.00324	0.00259	0.00750
43	0.76554	0.03568	0.00986	0.00816	0.01192	0.01385	0.00678	0.05581	0.01107	0.02672	0.00855	0.00985	0.00664	0.00556	0.00378	0.00181	0.00473	0.00331	0.00375	0.00664
44	0.01363	0.01251	0.01996	0.07340	0.45816	0.01349	0.01502	0.05626	0.01293	0.01840	0.01182	0.01680	0.01042	0.05450	0.09510	0.00297	0.09785	0.00557	0.00310	0.00811
45	0.00733	0.00520	0.00683	0.00808	0.00839	0.00488	0.00532	0.00827	0.01109	0.01478	0.03139	0.72346	0.03759	0.08546	0.00950	0.00269	0.00363	0.01610	0.00532	0.00470
46	0.01087	0.00556	0.00575	0.00575	0.00711	0.00562	0.00433	0.01359	0.01223	0.02155	0.01909	0.02212	0.01514	0.00912	0.04974	0.00186	0.00354	0.00556	0.77598	0.00550
47	0.00721	0.00515	0.00686	0.00823	0.00858	0.00480	0.00549	0.00823	0.01132	0.01510	0.03259	0.78831	0.03911	0.01853	0.00755	0.00240	0.00343	0.01681	0.00549	0.00480
48	0.01334	0.00972	0.01196	0.01169	0.01406	0.01027	0.01001	0.21897	0.03385	0.02344	0.02627	0.05074	0.02684	0.01352	0.00748	0.00244	0.00573	0.49724	0.00559	0.00685
49	0.01027	0.00514	0.00770	0.00770	0.00770	0.00514	0.00514	0.00770	0.00770	0.01027	0.01027	0.01798	0.01027	0.02054	0.02311	0.82794	0.00514	0.00514	0.00257	0.00257
50	0.01117	0.01051	0.01774	0.77795	0.04073	0.01314	0.01642	0.01511	0.01182	0.01511	0.01051	0.01577	0.00788	0.00591	0.00591	0.00197	0.00788	0.00526	0.00263	0.00657
51	0.00747	0.00601	0.00666	0.00650	0.00828	0.00520	0.00487	0.00942	0.01462	0.01868	0.30205	0.05246	0.50905	0.01397	0.00698	0.00195	0.00292	0.01186	0.00585	0.00520
52	0.83394	0.01144	0.00869	0.00778	0.01144	0.01327	0.00640	0.01738	0.01006	0.02653	0.00823	0.00961	0.00640	0.00549	0.00366	0.00183	0.00457	0.00320	0.00366	0.00640
53	0.01564	0.76274	0.06248	0.01041	0.01563	0.02298	0.01062	0.01775	0.01204	0.01412	0.00832	0.00962	0.00758	0.00508	0.00387	0.00129	0.00643	0.00321	0.00253	0.00764
54	0.00860	0.00573	0.00645	0.00645	0.00645	0.00573	0.00358	0.00860	0.00860	0.01147	0.01863	0.03870	0.02150	0.79217	0.03010	0.00573	0.00573	0.00860	0.00358	0.00358
55	0.01117	0.01051	0.01774	0.77795	0.04073	0.01314	0.01642	0.01511	0.01182	0.01511	0.01051	0.01577	0.00788	0.00591	0.00591	0.00197	0.00788	0.00526	0.00263	0.00657
56	0.01205	0.01082	0.01509	0.22905	0.02258	0.00978	0.05036	0.01518	0.01223	0.01807	0.01059	0.01347	0.00852	0.00485	0.00496	0.00125	0.00569	0.00420	0.00323	0.54804
57	0.02008	0.02494	0.01602	0.01461	0.01728	0.64365	0.01106	0.02166	0.01554	0.01438	0.00981	0.01218	0.00842	0.01058	0.09099	0.00247	0.05246	0.00416	0.00304	0.00666
58	0.01294	0.01294	0.01811	0.01553	0.01553	0.01811	0.01294	0.01423	0.00906	0.01423	0.00776	0.01294	0.00776	0.01035	0.01941	0.00259	0.78134	0.00518	0.00259	0.00647
59	0.00843	0.00612	0.00806	0.00825	0.00955	0.00574	0.00643	0.01093	0.01522	0.02091	0.46454	0.13431	0.08786	0.01397	0.00732	0.00213	0.00349	0.17523	0.00609	0.00543
60	0.00837	0.00604	0.00790	0.00744	0.00883	0.00558	0.00558	0.01116	0.01674	0.02371	0.75216	0.04417	0.05580	0.01209	0.00697	0.00186	0.00279	0.01069	0.00651	0.00558
61	0.01186	0.03059	0.76153	0.01686	0.02560	0.01373	0.02185	0.01873	0.01249	0.01873	0.01061	0.01249	0.00749	0.00562	0.00562	0.00187	0.00874	0.00437	0.00250	0.00874
62	0.83394	0.01144	0.00869	0.00778	0.01144	0.01327	0.00640	0.01738	0.01006	0.02653	0.00823	0.00961	0.00640	0.00549	0.00366	0.00183	0.00457	0.00320	0.00366	0.00640
63	0.01556	0.01346	0.01383	0.01225	0.01570	0.03639	0.00957	0.08903	0.66507	0.02548	0.02284	0.02109	0.01710	0.00789	0.00599	0.00197	0.00500	0.00649	0.00592	0.00935
64	0.01263	0.00776	0.00980	0.00860	0.01085	0.00743	0.00667	0.06192	0.05825	0.14581	0.54374	0.03704	0.04396	0.01075	0.00668	0.00186	0.00350	0.00934	0.00658	0.00682
65	0.01286	0.01229	0.01777	0.60216	0.07660	0.06226	0.01551	0.05396	0.05677	0.01702	0.01146	0.01567	0.00867	0.00608	0.00588	0.00192	0.00775	0.00525	0.00304	0.00709
66	0.02653	0.01006	0.01372	0.01052	0.01510	0.00869	0.00869	0.02882	0.01693	0.75937	0.02333	0.02013	0.01464	0.00732	0.00595	0.00183	0.00503	0.00595	0.00732	0.01006
67	0.01396	0.01595	0.03490	0.02493	0.03091	0.01496	0.73380	0.01894	0.01396	0.01894	0.01196	0.01595	0.00897	0.00499	0.00698	0.00199	0.00997	0.00698	0.00299	0.00798
68	0.00738	0.00541	0.00684	0.00791	0.00857	0.00500	0.00545	0.00852	0.01165	0.01518	0.03624	0.58548	0.15541	0.06111	0.00875	0.00254	0.00360	0.05477	0.00538	0.00480
69	0.00738	0.00540	0.00693	0.00783	0.00855	0.00496	0.00538	0.00876	0.01250	0.01666	0.15759	0.57434	0.12791	0.01701	0.00738	0.00226	0.00327	0.01526	0.00566	0.00496
70	0.01140	0.01206	0.06575	0.64876	0.03711	0.01370	0.01641	0.01525	0.01158	0.01525	0.01023	0.01526	0.00785	0.00636	0.00731	0.00203	0.08920	0.00519	0.00262	0.00670

[dist]
# distance from previous block
# <min> <max>
0	1

[block]
# block no. 3 follows, 39 sequences, length 119
# corresponding to MSA columns:
# 264-382
name=unknown_D
#
# <colnr> <probs for GDERKNQSTAVLIFYWHMCP>
#	G	D	E	R	K	N	Q	S	T	A	V	L	I	F	Y	W	H	M	C	P
0	0.01221	0.00959	0.01339	0.01168	0.01400	0.01067	0.06483	0.16034	0.06469	0.01962	0.01565	0.02063	0.01349	0.03064	0.48422	0.02511	0.01247	0.00618	0.00390	0.00669
1	0.01587	0.01162	0.01419	0.01400	0.08781	0.01274	0.01010	0.04706	0.38617	0.14035	0.07861	0.02504	0.01985	0.00863	0.00697	0.00202	0.04931	0.05516	0.00572	0.00877
2	0.01165	0.02223	0.44371	0.06954	0.02176	0.07026	0.01646	0.01664	0.01333	0.01847	0.11219	0.07620	0.01805	0.00820	0.00611	0.00195	0.00743	0.05483	0.00350	0.00751
3	0.01538	0.46551	0.02660	0.01304	0.01661	0.07937	0.06136	0.01729	0.01170	0.01440	0.00843	0.01098	0.00774	0.00660	0.00845	0.00170	0.22095	0.00403	0.00262	0.00725
4	0.05210	0.07157	0.01734	0.04248	0.03714	0.07438	0.01082	0.31994	0.06993	0.17784	0.01510	0.01516	0.01080	0.00701	0.00641	0.00180	0.05066	0.00518	0.00526	0.00909
5	0.01313	0.10057	0.37956	0.01433	0.02042	0.01474	0.03156	0.02269	0.26958	0.02022	0.01597	0.04532	0.01245	0.00689	0.00568	0.00188	0.00689	0.00560	0.00386	0.00867
6	0.71341	0.01150	0.01038	0.07841	0.05656	0.01330	0.00797	0.01722	0.01042	0.02510	0.00860	0.01045	0.00671	0.00551	0.00399	0.00184	0.00501	0.00350	0.00353	0.00659
7	0.05897	0.01272	0.07032	0.52243	0.19076	0.01338	0.01660	0.01614	0.01212	0.01691	0.01052	0.01494	0.00809	0.00573	0.00575	0.00191	0.00757	0.00508	0.00274	0.00731
8	0.00894	0.00647	0.00871	0.00930	0.01071	0.00624	0.00774	0.01162	0.01479	0.01989	0.30703	0.05758	0.08339	0.01464	0.00765	0.00235	0.00430	0.40732	0.00585	0.00547
9	0.01513	0.23389	0.01824	0.01151	0.01518	0.06901	0.00958	0.02565	0.43730	0.02072	0.04666	0.01995	0.01631	0.00747	0.00545	0.00178	0.00551	0.02742	0.00483	0.00842
10	0.00883	0.00647	0.00857	0.00936	0.01079	0.00621	0.00783	0.01132	0.01414	0.01857	0.18248	0.08829	0.14467	0.01535	0.00773	0.00243	0.00447	0.44144	0.00567	0.00538
11	0.04545	0.01538	0.17524	0.01229	0.01722	0.01197	0.01164	0.02676	0.27122	0.30179	0.02052	0.03426	0.01451	0.00736	0.00586	0.00191	0.00566	0.00599	0.00566	0.00930
12	0.00851	0.00608	0.00818	0.00818	0.00878	0.00668	0.00575	0.00971	0.00911	0.01275	0.01705	0.02992	0.01769	0.36755	0.44950	0.00787	0.01147	0.00731	0.00335	0.00455
13	0.01408	0.01739	0.17268	0.03238	0.60818	0.01399	0.01890	0.01827	0.01327	0.01920	0.01102	0.01420	0.00899	0.00534	0.00581	0.00178	0.00737	0.00509	0.00284	0.00924
14	0.01581	0.79572	0.03099	0.01012	0.01518	0.02340	0.01012	0.01771	0.01202	0.01391	0.00822	0.00949	0.00759	0.00506	0.00379	0.00126	0.00632	0.00316	0.00253	0.00759
15	0.00721	0.00515	0.00686	0.00823	0.00858	0.00480	0.00549	0.00823	0.01132	0.01510	0.03259	0.78831	0.03911	0.01853	0.00755	0.00240	0.00343	0.01681	0.00549	0.00480
16	0.01487	0.01410	0.07416	0.05506	0.41572	0.01290	0.06730	0.07382	0.01516	0.07256	0.11003	0.01887	0.01570	0.00648	0.00608	0.00181	0.00666	0.00610	0.00390	0.00872
17	0.00714	0.00538	0.00662	0.00761	0.00841	0.00486	0.00521	0.00831	0.01193	0.01534	0.04023	0.58391	0.23859	0.01754	0.00739	0.00229	0.00331	0.01560	0.00549	0.00486
18	0.00978	0.00997	0.07147	0.06643	0.01578	0.00879	0.10426	0.01297	0.01460	0.02053	0.41761	0.11035	0.03736	0.01075	0.00772	0.00199	0.05881	0.00957	0.00508	0.00620
19	0.01907	0.02503	0.07972	0.01801	0.02230	0.50368	0.20971	0.02196	0.01566	0.01603	0.01003	0.01225	0.00798	0.00575	0.00580	0.00168	0.01032	0.00472	0.00299	0.00731
20	0.01593	0.46529	0.02617	0.12292	0.12143	0.07422	0.01229	0.06936	0.01367	0.01655	0.00944	0.01151	0.00806	0.00543	0.00464	0.00149	0.00697	0.00395	0.00288	0.00781
21	0.01513	0.22917	0.03249	0.02000	0.02563	0.01753	0.47970	0.07441	0.01451	0.01900	0.01112	0.01405	0.00868	0.00517	0.00603	0.00178	0.00870	0.00581	0.00309	0.00803
22	0.00718	0.00600	0.00626	0.00620	0.00811	0.00508	0.00465	0.00886	0.01394	0.01707	0.15779	0.05511	0.65431	0.01457	0.00699	0.00198	0.00297	0.01223	0.00564	0.00508
23	0.00755	0.00648	0.00653	0.00643	0.00852	0.00570	0.00485	0.01015	0.06640	0.01661	0.05731	0.05439	0.69969	0.01447	0.00692	0.00200	0.00312	0.01206	0.00553	0.00531
24	0.00725	0.00518	0.00690	0.00820	0.00859	0.00483	0.00549	0.00835	0.01153	0.01543	0.06014	0.75982	0.03975	0.01828	0.00753	0.00238	0.00341	0.01658	0.00553	0.00483
25	0.01162	0.00678	0.00884	0.00790	0.00993	0.00611	0.00608	0.01423	0.01654	0.15899	0.56748	0.04066	0.09866	0.01142	0.00679	0.00186	0.00322	0.00995	0.00659	0.00637
26	0.01471	0.01270	0.01337	0.01203	0.01538	0.01471	0.00936	0.03142	0.74459	0.02474	0.02407	0.02206	0.01805	0.00802	0.00602	0.00201	0.00468	0.00669	0.00602	0.00936
27	0.01226	0.01051	0.01226	0.00876	0.01401	0.00788	0.00701	0.01489	0.01226	0.01927	0.01051	0.01226	0.00876	0.00438	0.00438	0.00088	0.00438	0.00350	0.00350	0.82832
28	0.01060	0.00838	0.00983	0.00905	0.01113	0.00879	0.00691	0.01828	0.27240	0.02407	0.49642	0.03641	0.04254	0.01066	0.00664	0.00191	0.00345	0.00929	0.00634	0.00691
29	0.01425	0.01223	0.01298	0.01171	0.01491	0.01405	0.00909	0.02997	0.69235	0.02466	0.07633	0.02365	0.02076	0.00832	0.00609	0.00200	0.00454	0.00697	0.00605	0.00909
30	0.00734	0.00600	0.00648	0.00636	0.00820	0.00514	0.00477	0.00917	0.01431	0.01795	0.23635	0.05367	0.57520	0.01424	0.00699	0.00196	0.00294	0.01203	0.00575	0.00514
31	0.01007	0.00679	0.00849	0.00789	0.00949	0.00656	0.00585	0.01330	0.06716	0.07412	0.44517	0.03968	0.09702	0.11772	0.06208	0.00292	0.00439	0.00963	0.00584	0.00584
32	0.01294	0.01294	0.01811	0.01553	0.01553	0.01811	0.01294	0.01423	0.00906	0.01423	0.00776	0.01294	0.00776	0.01035	0.01941	0.00259	0.78134	0.00518	0.00259	0.00647
33	0.01193	0.02265	0.45813	0.17510	0.13454	0.01319	0.01927	0.01747	0.01274	0.01836	0.05304	0.01528	0.01061	0.00600	0.00579	0.00188	0.00797	0.00504	0.00282	0.00821
34	0.00699	0.00599	0.00599	0.00599	0.00799	0.00499	0.00449	0.00849	0.01348	0.01598	0.05991	0.05691	0.75288	0.01498	0.00699	0.00200	0.00300	0.01248	0.00549	0.00499
35	0.01475	0.53026	0.17546	0.01166	0.01697	0.06820	0.01221	0.01756	0.01236	0.01501	0.01066	0.07082	0.01003	0.00629	0.00455	0.00149	0.00687	0.00451	0.00279	0.00756
36	0.01420	0.01299	0.01869	0.05627	0.07202	0.01466	0.09085	0.08737	0.05944	0.03094	0.01112	0.01421	0.00922	0.00736	0.01072	0.00193	0.29447	0.00515	0.00348	0.18492
37	0.18635	0.19557	0.33116	0.06771	0.02062	0.01583	0.01466	0.01887	0.06482	0.01947	0.01054	0.01213	0.00808	0.00566	0.00485	0.00174	0.00696	0.00408	0.00301	0.00788
38	0.02188	0.01626	0.01741	0.01348	0.01811	0.01806	0.01109	0.68072	0.08363	0.03629	0.01497	0.01481	0.01068	0.00717	0.00592	0.00179	0.00637	0.00543	0.00592	0.01000
39	0.01226	0.01051	0.01226	0.00876	0.01401	0.00788	0.00701	0.01489	0.01226	0.01927	0.01051	0.01226	0.00876	0.00438	0.00438	0.00088	0.00438	0.00350	0.00350	0.82832
40	0.00731	0.00519	0.00683	0.00811	0.00842	0.00487	0.00535	0.00826	0.01113	0.01483	0.03158	0.73405	0.03784	0.07453	0.00918	0.00264	0.00360	0.01622	0.00535	0.00472
41	0.00845	0.00634	0.00950	0.00950	0.01056	0.00739	0.00739	0.01056	0.00950	0.01373	0.01584	0.02323	0.01478	0.04435	0.76873	0.00950	0.01584	0.00634	0.00317	0.00528
42	0.04406	0.01423	0.04419	0.01529	0.12506	0.11362	0.01099	0.03813	0.06607	0.43862	0.01861	0.01749	0.01257	0.00678	0.00578	0.00179	0.00622	0.00546	0.00570	0.00933
43	0.00902	0.00655	0.00843	0.00930	0.01040	0.00643	0.00711	0.06174	0.01339	0.01758	0.03284	0.45052	0.08708	0.01675	0.00759	0.00243	0.00426	0.23767	0.00551	0.00540
44	0.01755	0.46511	0.02477	0.01138	0.01610	0.02075	0.01033	0.22305	0.11925	0.02205	0.01214	0.01259	0.00976	0.00605	0.00471	0.00151	0.00615	0.00427	0.00398	0.00854
45	0.01028	0.00908	0.01474	0.45418	0.08156	0.01060	0.01313	0.01336	0.01181	0.01550	0.01707	0.18284	0.01693	0.01191	0.05866	0.00262	0.00725	0.05875	0.00349	0.00623
46	0.01435	0.01496	0.12536	0.02788	0.49991	0.01246	0.01628	0.01776	0.01336	0.06955	0.05889	0.01683	0.01248	0.00700	0.00715	0.06159	0.00673	0.00552	0.00337	0.00859
47	0.06767	0.34307	0.02074	0.01025	0.01493	0.01541	0.00919	0.02356	0.04231	0.37358	0.01610	0.01509	0.01131	0.00628	0.00491	0.00160	0.00554	0.00464	0.00503	0.00878
48	0.00773	0.00555	0.00734	0.00787	0.00869	0.00516	0.00553	0.00956	0.01378	0.01901	0.35966	0.45007	0.04670	0.01560	0.00729	0.00216	0.00314	0.01403	0.00595	0.00516
49	0.02081	0.01031	0.01545	0.17312	0.02108	0.00989	0.05969	0.02382	0.02786	0.48525	0.02251	0.02162	0.06632	0.00743	0.00609	0.00189	0.00582	0.00636	0.00588	0.00880
50	0.01471	0.01382	0.02298	0.11415	0.63692	0.01420	0.01757	0.05882	0.01411	0.01990	0.01123	0.01473	0.00925	0.00544	0.00586	0.00178	0.00709	0.00527	0.00307	0.00911
51	0.01723	0.49308	0.16524	0.01147	0.01713	0.01861	0.01204	0.02014	0.01309	0.16510	0.01172	0.01220	0.00899	0.00562	0.00457	0.00149	0.00652	0.00395	0.00349	0.00831
52	0.01925	0.23471	0.02056	0.05702	0.01851	0.39186	0.01119	0.09343	0.06897	0.01738	0.01056	0.01181	0.00862	0.00604	0.00505	0.00154	0.00847	0.00407	0.00338	0.00754
53	0.00860	0.00573	0.00645	0.00645	0.00645	0.00573	0.00358	0.00860	0.00860	0.01147	0.01863	0.03870	0.02150	0.79217	0.03010	0.00573	0.00573	0.00860	0.00358	0.00358
54	0.01186	0.03059	0.76153	0.01686	0.02560	0.01373	0.02185	0.01873	0.01249	0.01873	0.01061	0.01249	0.00749	0.00562	0.00562	0.00187	0.00874	0.00437	0.00250	0.00874
55	0.00717	0.00570	0.00644	0.00688	0.00826	0.00497	0.00492	0.00859	0.01296	0.01623	0.10042	0.31289	0.45171	0.01602	0.00718	0.00213	0.00313	0.01387	0.00556	0.00497
56	0.00761	0.00546	0.00723	0.00796	0.00867	0.00508	0.00552	0.00926	0.01323	0.01812	0.28534	0.52693	0.04497	0.01627	0.00735	0.00221	0.00321	0.01466	0.00585	0.00508
57	0.00837	0.00604	0.00790	0.00744	0.00883	0.00558	0.00558	0.01116	0.01674	0.02371	0.75216	0.04417	0.05580	0.01209	0.00697	0.00186	0.00279	0.01069	0.00651	0.00558
58	0.01744	0.01406	0.01491	0.01259	0.01642	0.01598	0.01002	0.27875	0.49282	0.02914	0.02060	0.01930	0.01524	0.00770	0.00598	0.00192	0.00532	0.00621	0.00598	0.00961
59	0.00860	0.00573	0.00645	0.00645	0.00645	0.00573	0.00358	0.00860	0.00860	0.01147	0.01863	0.03870	0.02150	0.79217	0.03010	0.00573	0.00573	0.00860	0.00358	0.00358
60	0.01051	0.00895	0.00941	0.00878	0.01132	0.00933	0.00673	0.01883	0.33607	0.02051	0.10436	0.04044	0.36826	0.01166	0.00656	0.00199	0.00372	0.00977	0.00581	0.00697
61	0.00845	0.00634	0.00950	0.00950	0.01056	0.00739	0.00739	0.01056	0.00950	0.01373	0.01584	0.02323	0.01478	0.04435	0.76873	0.00950	0.01584	0.00634	0.00317	0.00528
62	0.01471	0.01270	0.01337	0.01203	0.01538	0.01471	0.00936	0.03142	0.74459	0.02474	0.02407	0.02206	0.01805	0.00802	0.00602	0.00201	0.00468	0.00669	0.00602	0.00936
63	0.54657	0.28692	0.01652	0.00860	0.01275	0.01683	0.00771	0.01750	0.01075	0.02210	0.00823	0.00956	0.00682	0.00534	0.00371	0.00163	0.00519	0.00319	0.00326	0.00682
64	0.01581	0.79572	0.03099	0.01012	0.01518	0.02340	0.01012	0.01771	0.01202	0.01391	0.00822	0.00949	0.00759	0.00506	0.00379	0.00126	0.00632	0.00316	0.00253	0.00759
65	0.02058	0.01497	0.01620	0.01268	0.01689	0.01655	0.01041	0.62731	0.02529	0.03440	0.01471	0.01546	0.01079	0.00976	0.06053	0.00230	0.00689	0.00541	0.06951	0.00936
66	0.01520	0.01295	0.01365	0.01213	0.01557	0.01494	0.00948	0.07615	0.69906	0.02553	0.02344	0.02156	0.01754	0.00796	0.00601	0.00199	0.00480	0.00660	0.00601	0.00940
67	0.83394	0.01144	0.00869	0.00778	0.01144	0.01327	0.00640	0.01738	0.01006	0.02653	0.00823	0.00961	0.00640	0.00549	0.00366	0.00183	0.00457	0.00320	0.00366	0.00640
68	0.01178	0.00997	0.01072	0.01013	0.01281	0.01083	0.00797	0.02221	0.43489	0.02126	0.03545	0.03813	0.23367	0.01115	0.00659	0.00210	0.00429	0.10271	0.00579	0.00757
69	0.01629	0.01175	0.01304	0.01113	0.01408	0.01266	0.00871	0.42784	0.02090	0.02838	0.02103	0.28667	0.02063	0.01110	0.00636	0.00197	0.00516	0.00937	0.06506	0.00788
70	0.01294	0.01294	0.01811	0.01553	0.01553	0.01811	0.01294	0.01423	0.00906	0.01423	0.00776	0.01294	0.00776	0.01035	0.01941	0.00259	0.78134	0.00518	0.00259	0.00647
71	0.01396	0.01595	0.03490	0.02493	0.03091	0.01496	0.73380	0.01894	0.01396	0.01894	0.01196	0.01595	0.00897	0.00499	0.00698	0.00199	0.00997	0.00698	0.00299	0.00798
72	0.02024	0.01545	0.01649	0.01315	0.01749	0.01729	0.01070	0.53296	0.23405	0.03366	0.01704	0.01646	0.01236	0.00737	0.00595	0.00184	0.00598	0.00572	0.00595	0.00986
73	0.01117	0.01051	0.01774	0.77795	0.04073	0.01314	0.01642	0.01511	0.01182	0.01511	0.01051	0.01577	0.00788	0.00591	0.00591	0.00197	0.00788	0.00526	0.00263	0.00657
74	0.01931	0.01499	0.01596	0.01296	0.01713	0.01686	0.01047	0.44800	0.32053	0.03215	0.01823	0.01741	0.01332	0.00748	0.00596	0.00187	0.00576	0.00588	0.00596	0.00977
75	0.02248	0.01656	0.01775	0.01361	0.01834	0.01834	0.01124	0.73556	0.02780	0.03727	0.01420	0.01420	0.01006	0.00710	0.00592	0.00177	0.00651	0.00532	0.00592	0.01006
76	0.00845	0.00634	0.00950	0.00950	0.01056	0.00739	0.00739	0.01056	0.00950	0.01373	0.01584	0.02323	0.01478	0.04435	0.76873	0.00950	0.01584	0.00634	0.00317	0.00528
77	0.01049	0.00848	0.00963	0.00901	0.01115	0.00887	0.00684	0.01821	0.28835	0.02255	0.34393	0.08016	0.13604	0.01133	0.00665	0.00196	0.00356	0.00979	0.00613	0.00687
78	0.01243	0.01066	0.01234	0.00899	0.01411	0.00836	0.00717	0.01604	0.06322	0.01965	0.01145	0.01294	0.00941	0.00463	0.00449	0.00095	0.00440	0.00373	0.00368	0.77133
79	0.01438	0.06720	0.01919	0.45430	0.03141	0.06546	0.06600	0.07311	0.01393	0.06456	0.01146	0.01490	0.00858	0.00587	0.00570	0.00179	0.00758	0.00506	0.00329	0.06624
80	0.01186	0.03059	0.76153	0.01686	0.02560	0.01373	0.02185	0.01873	0.01249	0.01873	0.01061	0.01249	0.00749	0.00562	0.00562	0.00187	0.00874	0.00437	0.00250	0.00874
81	0.00699	0.00599	0.00599	0.00599	0.00799	0.00499	0.00449	0.00849	0.01348	0.01598	0.05991	0.05691	0.75288	0.01498	0.00699	0.00200	0.00300	0.01248	0.00549	0.00499
