[name]
unknown

[dist]
# distance from previous block
# <min> <max>
0	269

[block]
# block no. 0 follows, 41 sequences, length 43
# corresponding to MSA columns:
# 283-325
name=unknown_A
#
# <colnr> <probs for GDERKNQSTAVLIFYWHMCP>
#	G	D	E	R	K	N	Q	S	T	A	V	L	I	F	Y	W	H	M	C	P
0	0.01035	0.00741	0.00992	0.01116	0.01249	0.00719	0.00939	0.01245	0.01375	0.01807	0.03126	0.12697	0.03405	0.01662	0.00834	0.00282	0.00553	0.65065	0.00567	0.00590
1	0.82377	0.01193	0.00934	0.00842	0.01202	0.01348	0.00676	0.01764	0.01057	0.02665	0.00929	0.01112	0.00746	0.00617	0.00412	0.00200	0.00487	0.00354	0.00397	0.00686
2	0.00814	0.00677	0.00679	0.00673	0.00875	0.00564	0.00495	0.00921	0.01381	0.01665	0.05825	0.05594	0.74684	0.01516	0.00728	0.00216	0.00337	0.01233	0.00571	0.00552
3	0.01240	0.01134	0.01565	0.01393	0.01438	0.01481	0.01126	0.01354	0.00975	0.01484	0.01130	0.01741	0.01088	0.02113	0.25762	0.00483	0.52945	0.00577	0.00313	0.00656
4	0.00814	0.00677	0.00679	0.00673	0.00875	0.00564	0.00495	0.00921	0.01381	0.01665	0.05825	0.05594	0.74684	0.01516	0.00728	0.00216	0.00337	0.01233	0.00571	0.00552
5	0.01313	0.01105	0.01273	0.00935	0.01446	0.00838	0.00733	0.01528	0.01265	0.01977	0.01145	0.01364	0.00969	0.00512	0.00481	0.00110	0.00468	0.00383	0.00382	0.81772
6	0.01275	0.03008	0.75476	0.01702	0.02543	0.01392	0.02140	0.01892	0.01287	0.01926	0.01154	0.01385	0.00849	0.00629	0.00598	0.00204	0.00882	0.00465	0.00287	0.00907
7	0.01419	0.01319	0.02169	0.30261	0.49109	0.01391	0.01730	0.01732	0.01323	0.01837	0.01182	0.01628	0.00975	0.00618	0.00622	0.00201	0.00749	0.00550	0.00317	0.00870
8	0.01529	0.80242	0.02997	0.00979	0.01468	0.02263	0.00979	0.01713	0.01162	0.01346	0.00795	0.00918	0.00734	0.00489	0.00367	0.00122	0.00612	0.00306	0.00245	0.00734
9	0.02566	0.00973	0.01327	0.01018	0.01460	0.00841	0.00841	0.02788	0.01637	0.76726	0.02257	0.01947	0.01416	0.00708	0.00575	0.00177	0.00487	0.00575	0.00708	0.00973
10	0.02174	0.01602	0.01717	0.01316	0.01774	0.01774	0.01087	0.74423	0.02689	0.03605	0.01373	0.01373	0.00973	0.00687	0.00572	0.00172	0.00629	0.00515	0.00572	0.00973
11	0.00994	0.00497	0.00745	0.00745	0.00745	0.00497	0.00497	0.00745	0.00745	0.00994	0.00994	0.01739	0.00994	0.01987	0.02235	0.83358	0.00497	0.00497	0.00248	0.00248
12	0.01147	0.02959	0.76934	0.01630	0.02476	0.01328	0.02113	0.01811	0.01208	0.01811	0.01026	0.01208	0.00725	0.00543	0.00543	0.00181	0.00845	0.00423	0.00242	0.00845
13	0.00697	0.00498	0.00664	0.00796	0.00830	0.00465	0.00531	0.00796	0.01095	0.01460	0.03153	0.79525	0.03783	0.01792	0.00730	0.00232	0.00332	0.01626	0.00531	0.00465
14	0.01147	0.02959	0.76934	0.01630	0.02476	0.01328	0.02113	0.01811	0.01208	0.01811	0.01026	0.01208	0.00725	0.00543	0.00543	0.00181	0.00845	0.00423	0.00242	0.00845
15	0.01430	0.04993	0.58837	0.01502	0.02253	0.01318	0.01828	0.06800	0.01366	0.12586	0.01218	0.01315	0.00840	0.00575	0.00544	0.00178	0.00773	0.00447	0.00330	0.00869
16	0.02101	0.07256	0.01701	0.01445	0.01751	0.73200	0.01098	0.02251	0.01594	0.01397	0.00879	0.01025	0.00737	0.00584	0.00507	0.00146	0.01007	0.00365	0.00292	0.00667
17	0.02566	0.00973	0.01327	0.01018	0.01460	0.00841	0.00841	0.02788	0.01637	0.76726	0.02257	0.01947	0.01416	0.00708	0.00575	0.00177	0.00487	0.00575	0.00708	0.00973
18	0.00819	0.00604	0.00873	0.00873	0.00960	0.00690	0.00658	0.00992	0.00906	0.01294	0.01574	0.02479	0.01531	0.16032	0.66027	0.00863	0.01380	0.00647	0.00313	0.00485
19	0.01441	0.01609	0.09831	0.02089	0.02653	0.01396	0.53636	0.08819	0.01492	0.05488	0.04755	0.01643	0.01104	0.00550	0.00648	0.00188	0.00866	0.00649	0.00348	0.00796
20	0.01186	0.10798	0.69435	0.01564	0.02373	0.01423	0.01998	0.01801	0.01203	0.01764	0.01003	0.01178	0.00726	0.00538	0.00526	0.00175	0.00822	0.00411	0.00242	0.00834
21	0.00697	0.00498	0.00664	0.00796	0.00830	0.00465	0.00531	0.00796	0.01095	0.01460	0.03153	0.79525	0.03783	0.01792	0.00730	0.00232	0.00332	0.01626	0.00531	0.00465
22	0.00705	0.00501	0.00661	0.00786	0.00818	0.00470	0.00520	0.00799	0.01080	0.01440	0.03074	0.75097	0.03684	0.06356	0.00858	0.00251	0.00345	0.01580	0.00520	0.00458
23	0.01292	0.01730	0.15314	0.02194	0.02787	0.01396	0.57878	0.01788	0.01328	0.01839	0.04213	0.01594	0.01029	0.00531	0.00678	0.00192	0.02505	0.00645	0.00295	0.00771
24	0.01154	0.01025	0.01406	0.08894	0.01538	0.01298	0.01030	0.04893	0.01209	0.01787	0.20191	0.02112	0.02001	0.00953	0.01252	0.00212	0.40556	0.00637	0.05433	0.02420
25	0.00872	0.00694	0.01025	0.00993	0.01082	0.00847	0.00783	0.01066	0.00914	0.01334	0.01433	0.02121	0.01344	0.03872	0.68013	0.00834	0.11349	0.00599	0.00299	0.00525
26	0.01284	0.06211	0.44007	0.01808	0.05820	0.04942	0.16638	0.01871	0.04950	0.01785	0.01090	0.01312	0.00816	0.00562	0.00626	0.00182	0.04526	0.00485	0.00273	0.00812
27	0.01221	0.01227	0.01724	0.41941	0.02800	0.06568	0.01419	0.01482	0.01066	0.01423	0.00899	0.01380	0.00756	0.00748	0.01101	0.00212	0.32649	0.00496	0.00255	0.00633
28	0.01066	0.00533	0.00533	0.00533	0.00666	0.00533	0.00400	0.01333	0.01200	0.02132	0.01866	0.02132	0.01466	0.00666	0.00400	0.00133	0.00267	0.00533	0.83073	0.00533
29	0.01529	0.80242	0.02997	0.00979	0.01468	0.02263	0.00979	0.01713	0.01162	0.01346	0.00795	0.00918	0.00734	0.00489	0.00367	0.00122	0.00612	0.00306	0.00245	0.00734
30	0.01304	0.00729	0.00936	0.00812	0.01043	0.00668	0.00633	0.04872	0.01649	0.21026	0.48712	0.03647	0.09539	0.01052	0.00645	0.00180	0.00342	0.00908	0.00639	0.00665
31	0.01069	0.00963	0.01509	0.48717	0.08194	0.01106	0.01300	0.01473	0.05530	0.01649	0.08307	0.09299	0.01559	0.00743	0.00587	0.00185	0.00628	0.00662	0.00343	0.06176
32	0.01158	0.06339	0.01768	0.55665	0.09798	0.01322	0.01447	0.01631	0.08033	0.01617	0.04882	0.01668	0.01096	0.00610	0.00564	0.00184	0.00692	0.00534	0.00305	0.00686
33	0.01066	0.00533	0.00533	0.00533	0.00666	0.00533	0.00400	0.01333	0.01200	0.02132	0.01866	0.02132	0.01466	0.00666	0.00400	0.00133	0.00267	0.00533	0.83073	0.00533
34	0.00996	0.00866	0.01342	0.42322	0.02553	0.01044	0.01165	0.01274	0.01150	0.01570	0.08033	0.17746	0.01831	0.00926	0.00742	0.00201	0.08994	0.00784	0.05878	0.00584
35	0.01066	0.00533	0.00533	0.00533	0.00666	0.00533	0.00400	0.01333	0.01200	0.02132	0.01866	0.02132	0.01466	0.00666	0.00400	0.00133	0.00267	0.00533	0.83073	0.00533
36	0.01466	0.01445	0.02116	0.13476	0.52179	0.08429	0.01615	0.05382	0.01359	0.01833	0.01050	0.01385	0.00867	0.00558	0.00625	0.00175	0.04415	0.00496	0.00293	0.00836
37	0.04685	0.06293	0.45266	0.01750	0.09555	0.07262	0.06607	0.01784	0.01243	0.01776	0.01117	0.01519	0.00900	0.00611	0.00590	0.00182	0.03147	0.04646	0.00275	0.00792
38	0.83938	0.01106	0.00841	0.00752	0.01106	0.01283	0.00619	0.01681	0.00973	0.02566	0.00796	0.00929	0.00619	0.00531	0.00354	0.00177	0.00442	0.00310	0.00354	0.00619
39	0.01080	0.01017	0.01716	0.78523	0.03940	0.01271	0.01589	0.01461	0.01144	0.01461	0.01017	0.01525	0.00762	0.00572	0.00572	0.00191	0.00762	0.00508	0.00254	0.00635
40	0.01447	0.41537	0.23904	0.01215	0.01781	0.01842	0.01301	0.06789	0.11836	0.01780	0.01119	0.01205	0.00891	0.00559	0.00462	0.00153	0.00657	0.00402	0.00314	0.00806
41	0.00908	0.00747	0.01094	0.01042	0.01122	0.00933	0.00828	0.01096	0.00910	0.01338	0.01368	0.02038	0.01287	0.03598	0.61693	0.00779	0.17800	0.00589	0.00295	0.00535
42	0.02147	0.02404	0.01648	0.01428	0.01770	0.55874	0.01100	0.22955	0.01927	0.02032	0.01024	0.01129	0.00804	0.00617	0.00532	0.00154	0.00916	0.00410	0.00374	0.00752

[dist]
# distance from previous block
# <min> <max>
0	1

[block]
# block no. 1 follows, 41 sequences, length 19
# corresponding to MSA columns:
# 327-345
name=unknown_B
#
# <colnr> <probs for GDERKNQSTAVLIFYWHMCP>
#	G	D	E	R	K	N	Q	S	T	A	V	L	I	F	Y	W	H	M	C	P
0	0.01245	0.01123	0.01570	0.01507	0.17075	0.00933	0.05847	0.01532	0.01221	0.01863	0.01038	0.01258	0.00861	0.00445	0.00470	0.00110	0.00513	0.00397	0.00324	0.60667
1	0.01771	0.29457	0.05114	0.01370	0.05827	0.27295	0.01114	0.10127	0.09541	0.01776	0.01080	0.01178	0.00881	0.00579	0.00481	0.00149	0.00750	0.00403	0.00336	0.00769
2	0.24692	0.01510	0.01472	0.01167	0.01590	0.04658	0.00959	0.51517	0.02174	0.03231	0.01195	0.01237	0.00866	0.00640	0.00510	0.00172	0.00594	0.00453	0.00501	0.00863
3	0.01145	0.00952	0.01565	0.02144	0.37594	0.00983	0.01176	0.01321	0.01069	0.01521	0.01198	0.01737	0.01084	0.01972	0.24450	0.17719	0.00902	0.00538	0.00283	0.00648
4	0.00878	0.00513	0.00692	0.00724	0.00732	0.00505	0.00464	0.00781	0.00852	0.01137	0.01731	0.20819	0.01957	0.23398	0.02063	0.40753	0.00473	0.00858	0.00343	0.00327
5	0.01161	0.02862	0.71887	0.01684	0.02511	0.01336	0.07063	0.01813	0.01217	0.01813	0.01035	0.01231	0.00734	0.00539	0.00552	0.00182	0.00853	0.00440	0.00245	0.00840
6	0.00706	0.00561	0.00634	0.00658	0.00802	0.00489	0.00477	0.00864	0.01313	0.01666	0.18393	0.22904	0.45557	0.01478	0.00689	0.00200	0.00296	0.01274	0.00550	0.00489
7	0.01037	0.00909	0.01413	0.01967	0.34545	0.00881	0.01067	0.01282	0.01314	0.01812	0.16454	0.21075	0.11808	0.01058	0.00640	0.00190	0.00470	0.00962	0.00439	0.00678
8	0.01302	0.01104	0.01610	0.52298	0.03110	0.01309	0.01362	0.18773	0.01507	0.01972	0.01317	0.09351	0.01117	0.00722	0.00588	0.00190	0.00687	0.00623	0.00358	0.00699
9	0.00978	0.00525	0.00564	0.00596	0.00705	0.00517	0.00431	0.01205	0.01175	0.01972	0.02172	0.20567	0.02018	0.00935	0.00478	0.00157	0.00282	0.00793	0.63413	0.00517
10	0.01357	0.20170	0.02884	0.08392	0.07476	0.01576	0.40262	0.01731	0.01267	0.01695	0.01085	0.01411	0.00861	0.00514	0.00594	0.00172	0.02358	0.00551	0.04900	0.00744
11	0.01014	0.00583	0.00645	0.00661	0.00782	0.00586	0.00483	0.05046	0.01240	0.01997	0.02182	0.23411	0.02077	0.01105	0.03215	0.00190	0.00348	0.00836	0.53061	0.00537
12	0.01066	0.00533	0.00533	0.00533	0.00666	0.00533	0.00400	0.01333	0.01200	0.02132	0.01866	0.02132	0.01466	0.00666	0.00400	0.00133	0.00267	0.00533	0.83073	0.00533
13	0.64106	0.00981	0.00778	0.00711	0.01027	0.01093	0.00575	0.01476	0.01052	0.02323	0.01987	0.02019	0.18598	0.00750	0.00431	0.00181	0.00406	0.00523	0.00396	0.00587
14	0.02174	0.01602	0.01717	0.01316	0.01774	0.01774	0.01087	0.74423	0.02689	0.03605	0.01373	0.01373	0.00973	0.00687	0.00572	0.00172	0.00629	0.00515	0.00572	0.00973
15	0.01804	0.01676	0.01693	0.26877	0.02488	0.19669	0.01257	0.33120	0.01924	0.02371	0.01139	0.01342	0.00847	0.00626	0.00559	0.00172	0.00769	0.00478	0.00401	0.00787
16	0.64284	0.01135	0.00949	0.00850	0.01197	0.01316	0.00688	0.02005	0.18677	0.02525	0.01161	0.01216	0.00888	0.00589	0.00408	0.00181	0.00445	0.00390	0.00408	0.00688
17	0.01602	0.01318	0.01394	0.01200	0.01556	0.01506	0.00949	0.20042	0.58002	0.02681	0.02101	0.01953	0.01562	0.00755	0.00580	0.00189	0.00495	0.00615	0.00580	0.00921
18	0.01211	0.01195	0.01743	0.19848	0.02082	0.01637	0.01332	0.01397	0.00940	0.01397	0.00814	0.01317	0.00754	0.00899	0.01566	0.00236	0.60251	0.00502	0.00251	0.00628

[dist]
# distance from previous block
# <min> <max>
3	9

[block]
# block no. 2 follows, 41 sequences, length 12
# corresponding to MSA columns:
# 355-366
name=unknown_C
#
# <colnr> <probs for GDERKNQSTAVLIFYWHMCP>
#	G	D	E	R	K	N	Q	S	T	A	V	L	I	F	Y	W	H	M	C	P
0	0.01396	0.13218	0.34199	0.04331	0.16969	0.01439	0.01621	0.01996	0.10020	0.07617	0.01252	0.01385	0.00938	0.00570	0.00531	0.00172	0.00702	0.00465	0.00327	0.00852
1	0.01351	0.01228	0.02165	0.07794	0.10182	0.01204	0.30636	0.06420	0.06676	0.07541	0.02246	0.02382	0.16034	0.00737	0.00635	0.00188	0.00689	0.00731	0.00405	0.00755
2	0.01684	0.23165	0.01798	0.01140	0.01488	0.31965	0.00934	0.11136	0.01571	0.01699	0.01906	0.01940	0.15853	0.00747	0.00515	0.00153	0.00717	0.00538	0.00364	0.00686
3	0.01230	0.00718	0.00940	0.00859	0.00951	0.00752	0.00615	0.15494	0.01134	0.01516	0.01070	0.01666	0.00989	0.01727	0.01903	0.66705	0.00523	0.00500	0.00313	0.00393
4	0.01697	0.02223	0.36468	0.01396	0.01973	0.16420	0.01491	0.02113	0.01410	0.21210	0.01469	0.01759	0.01100	0.00673	0.00565	0.00179	0.00765	0.05875	0.00395	0.00818
5	0.01019	0.00537	0.00551	0.00551	0.00658	0.00537	0.00389	0.01233	0.01126	0.01928	0.01853	0.02455	0.01589	0.16527	0.00903	0.00218	0.00324	0.00593	0.66513	0.00496
6	0.01160	0.00748	0.00911	0.00869	0.01053	0.00714	0.00637	0.11189	0.01401	0.10527	0.04192	0.44067	0.07997	0.03928	0.00731	0.00213	0.00398	0.01180	0.02134	0.05950
7	0.04964	0.36879	0.25804	0.01182	0.01768	0.01645	0.01293	0.01958	0.01264	0.16632	0.01160	0.01215	0.00863	0.00552	0.00464	0.00154	0.00653	0.00397	0.00341	0.00812
8	0.01066	0.00533	0.00533	0.00533	0.00666	0.00533	0.00400	0.01333	0.01200	0.02132	0.01866	0.02132	0.01466	0.00666	0.00400	0.00133	0.00267	0.00533	0.83073	0.00533
9	0.01060	0.00933	0.01297	0.32071	0.07854	0.01045	0.01082	0.01600	0.15229	0.01734	0.02620	0.02750	0.21433	0.00850	0.00590	0.00187	0.00537	0.00726	0.05743	0.00659
10	0.17283	0.01548	0.07421	0.04007	0.01821	0.06863	0.09211	0.16625	0.24918	0.02456	0.01467	0.01516	0.01095	0.00640	0.00539	0.00182	0.00625	0.00518	0.00446	0.00818
11	0.01196	0.06864	0.00978	0.00751	0.00981	0.00769	0.00575	0.01432	0.06043	0.16102	0.08237	0.03811	0.31633	0.16874	0.01074	0.00256	0.00415	0.00893	0.00516	0.00601

[dist]
# distance from previous block
# <min> <max>
4	456

# created by:
# /software/SequenceAnalysis/GenePrediction/augustus/3.0.1/scripts/msa2prfl.pl ./fixed/BUSCOvEOG7DJM97.fas
