[name]
unknown

[dist]
# distance from previous block
# <min> <max>
0	274

[block]
# block no. 0 follows, 41 sequences, length 29
# corresponding to MSA columns:
# 279-307
name=unknown_A
#
# <colnr> <probs for GDERKNQSTAVLIFYWHMCP>
#	G	D	E	R	K	N	Q	S	T	A	V	L	I	F	Y	W	H	M	C	P
0	0.01350	0.01543	0.03375	0.02411	0.02989	0.01446	0.74253	0.01832	0.01350	0.01832	0.01157	0.01543	0.00868	0.00482	0.00675	0.00193	0.00964	0.00675	0.00289	0.00771
1	0.01898	0.00866	0.01140	0.00932	0.01263	0.00786	0.00747	0.02237	0.07055	0.46265	0.26975	0.02746	0.02778	0.00871	0.00611	0.00180	0.00413	0.00736	0.00674	0.00826
2	0.00815	0.00589	0.00769	0.00723	0.00859	0.00543	0.00542	0.01083	0.01622	0.02298	0.75969	0.04277	0.05398	0.01172	0.00677	0.00181	0.00272	0.01036	0.00631	0.00543
3	0.02496	0.01097	0.01405	0.01078	0.01524	0.01021	0.00890	0.16430	0.01840	0.62744	0.02093	0.01844	0.01336	0.00707	0.00577	0.00177	0.00516	0.00565	0.00684	0.00976
4	0.01403	0.01559	0.02967	0.02469	0.15078	0.05813	0.51862	0.01811	0.01322	0.01781	0.01100	0.01476	0.00862	0.00539	0.00749	0.00192	0.07336	0.00617	0.00287	0.00778
5	0.00682	0.00584	0.00584	0.00583	0.00777	0.00486	0.00437	0.00825	0.01307	0.01550	0.05796	0.05509	0.76038	0.01451	0.00678	0.00194	0.00292	0.01208	0.00533	0.00486
6	0.00703	0.00502	0.00668	0.00800	0.00834	0.00468	0.00533	0.00801	0.01099	0.01465	0.03156	0.79465	0.03786	0.01795	0.00732	0.00233	0.00334	0.01627	0.00533	0.00468
7	0.01341	0.01109	0.01270	0.00922	0.01422	0.00918	0.00742	0.12458	0.01416	0.02131	0.01076	0.01222	0.00871	0.00467	0.00448	0.00099	0.00457	0.00367	0.00376	0.70888
8	0.00837	0.00559	0.00628	0.00628	0.00628	0.00558	0.00349	0.00836	0.00835	0.01115	0.01807	0.03748	0.02084	0.79833	0.02912	0.00555	0.00556	0.00833	0.00348	0.00350
9	0.01045	0.00955	0.01575	0.66719	0.03476	0.01163	0.01432	0.01407	0.01219	0.01592	0.12342	0.01947	0.01467	0.00666	0.00590	0.00190	0.00690	0.00589	0.00313	0.00624
10	0.01490	0.43885	0.02343	0.04955	0.09277	0.01818	0.01054	0.12570	0.01427	0.01802	0.03933	0.01601	0.07531	0.00654	0.00523	0.00152	0.03413	0.00481	0.00339	0.00753
11	0.01226	0.04364	0.12289	0.01894	0.02392	0.01277	0.46874	0.01635	0.01265	0.01734	0.05510	0.01972	0.01291	0.12518	0.00987	0.00244	0.00836	0.00675	0.00311	0.00705
12	0.02023	0.02550	0.01889	0.01618	0.01956	0.66046	0.12146	0.02219	0.01583	0.01470	0.00931	0.01116	0.00762	0.00577	0.00542	0.00155	0.01023	0.00416	0.00296	0.00682
13	0.01191	0.01143	0.01977	0.53895	0.23395	0.01307	0.05789	0.01566	0.01202	0.01598	0.01046	0.01504	0.00812	0.00554	0.00579	0.00186	0.00753	0.00520	0.00266	0.00719
14	0.01457	0.01549	0.06823	0.07807	0.45561	0.06428	0.15726	0.01828	0.01331	0.04317	0.01117	0.01435	0.00890	0.00526	0.00586	0.00176	0.00768	0.00531	0.00297	0.00848
15	0.01901	0.00858	0.01141	0.00946	0.01219	0.00810	0.00733	0.02057	0.01364	0.46742	0.03785	0.08890	0.01804	0.17963	0.01194	0.00270	0.06253	0.00726	0.00581	0.00762
16	0.00992	0.00577	0.00766	0.00825	0.00918	0.00529	0.00571	0.01103	0.01167	0.12806	0.02951	0.63841	0.03340	0.05667	0.00822	0.00242	0.00369	0.01427	0.00550	0.00538
17	0.04239	0.65768	0.02681	0.00981	0.01459	0.02020	0.00949	0.01877	0.01231	0.12764	0.01021	0.01081	0.00839	0.00527	0.00400	0.00133	0.00589	0.00349	0.00320	0.00769
18	0.26262	0.01201	0.01258	0.03156	0.01466	0.01232	0.00817	0.19155	0.01472	0.02464	0.01028	0.01175	0.00807	0.00557	0.00520	0.00146	0.04543	0.00388	0.00395	0.31958
19	0.00695	0.00533	0.00636	0.00718	0.00812	0.00475	0.00497	0.00810	0.01177	0.01497	0.04154	0.51521	0.31086	0.01665	0.00712	0.00218	0.00318	0.01469	0.00533	0.00474
20	0.00999	0.00501	0.00749	0.00749	0.00750	0.00500	0.00499	0.00749	0.00749	0.00999	0.00999	0.01746	0.00999	0.01989	0.02236	0.83287	0.00499	0.00498	0.00250	0.00252
21	0.02000	0.02393	0.01565	0.01371	0.01710	0.60735	0.01041	0.07114	0.01632	0.01627	0.00943	0.01086	0.00775	0.00575	0.00508	0.00141	0.00914	0.00376	0.00322	0.13172
22	0.01180	0.01168	0.02129	0.54041	0.12331	0.01320	0.16432	0.01576	0.01208	0.01590	0.01058	0.01523	0.00806	0.00550	0.00595	0.00190	0.00795	0.00544	0.00267	0.00698
23	0.01279	0.05034	0.01957	0.01560	0.01635	0.01752	0.07670	0.01436	0.00935	0.01420	0.00794	0.01269	0.00766	0.00934	0.01701	0.00240	0.68207	0.00508	0.00255	0.00646
24	0.01189	0.01098	0.01547	0.01351	0.01359	0.01495	0.01103	0.01261	0.00863	0.01321	0.00846	0.01399	0.00838	0.01375	0.07035	0.12838	0.61753	0.00509	0.00256	0.00564
25	0.00785	0.00588	0.00727	0.00692	0.00840	0.00530	0.00519	0.01025	0.01551	0.02130	0.60196	0.04554	0.21276	0.01235	0.00677	0.00184	0.00276	0.01074	0.00609	0.00530
26	0.01178	0.06626	0.61654	0.01482	0.02258	0.01294	0.01840	0.01754	0.01205	0.01800	0.01019	0.01197	0.00749	0.00526	0.00519	0.00165	0.00771	0.00406	0.00258	0.13300
27	0.01118	0.01037	0.01669	0.63073	0.07087	0.01201	0.01461	0.01476	0.01161	0.01547	0.01025	0.01476	0.00787	0.00550	0.00551	0.00175	0.00709	0.00485	0.00270	0.13141
28	0.00803	0.00588	0.00751	0.00710	0.00851	0.00538	0.00532	0.01059	0.01592	0.02227	0.69308	0.04394	0.12103	0.01199	0.00677	0.00182	0.00274	0.01052	0.00622	0.00537

[dist]
# distance from previous block
# <min> <max>
0	1

[block]
# block no. 1 follows, 41 sequences, length 10
# corresponding to MSA columns:
# 309-318
name=unknown_B
#
# <colnr> <probs for GDERKNQSTAVLIFYWHMCP>
#	G	D	E	R	K	N	Q	S	T	A	V	L	I	F	Y	W	H	M	C	P
0	0.00687	0.00561	0.00607	0.00635	0.00789	0.00481	0.00461	0.00827	0.01271	0.01559	0.08342	0.22222	0.56544	0.01514	0.00688	0.00201	0.00298	0.01294	0.00536	0.00481
1	0.00848	0.00681	0.00795	0.00699	0.00939	0.00570	0.00534	0.01070	0.01410	0.01933	0.34326	0.04007	0.29235	0.01099	0.00618	0.00163	0.00312	0.00938	0.00529	0.19295
2	0.00790	0.00565	0.00768	0.00886	0.00964	0.00543	0.00677	0.00964	0.01219	0.01619	0.08820	0.46359	0.03726	0.01664	0.00748	0.00240	0.00400	0.28018	0.00537	0.00494
3	0.01416	0.01359	0.02322	0.03511	0.76330	0.01359	0.01755	0.01755	0.01302	0.01869	0.01076	0.01416	0.00906	0.00510	0.00566	0.00170	0.00680	0.00510	0.00283	0.00906
4	0.01156	0.02519	0.59770	0.01453	0.02222	0.01200	0.01788	0.01727	0.01203	0.01823	0.01024	0.01203	0.00752	0.00516	0.00516	0.00159	0.00750	0.00404	0.00264	0.19551
5	0.01371	0.01075	0.01126	0.01010	0.01295	0.01211	0.00786	0.08161	0.49881	0.02395	0.02286	0.02208	0.04569	0.00771	0.00544	0.00178	0.00418	0.00633	0.19272	0.00810
6	0.00872	0.00669	0.00838	0.00755	0.00961	0.00576	0.00566	0.01108	0.01428	0.02039	0.45116	0.15250	0.06786	0.01107	0.00626	0.00167	0.00315	0.00975	0.00545	0.19301
7	0.01519	0.58653	0.03022	0.01319	0.01827	0.02055	0.17588	0.05212	0.01278	0.01564	0.00905	0.01081	0.00776	0.00497	0.00447	0.00141	0.00692	0.00399	0.00270	0.00754
8	0.02340	0.00923	0.01255	0.00979	0.01382	0.00802	0.00802	0.02567	0.01635	0.67124	0.11774	0.02247	0.01929	0.00767	0.00588	0.00177	0.00459	0.00634	0.00698	0.00917
9	0.05038	0.01813	0.29061	0.01847	0.21505	0.01157	0.01498	0.01806	0.01261	0.09493	0.01152	0.01320	0.00866	0.00524	0.00517	0.00156	0.00652	0.00437	0.00327	0.19570

[dist]
# distance from previous block
# <min> <max>
9	545

# created by:
# /software/SequenceAnalysis/GenePrediction/augustus/3.0.1/scripts/msa2prfl.pl ./fixed/BUSCOvEOG773R4S.fas
