[name]
unknown

[dist]
# distance from previous block
# <min> <max>
0	191

[block]
# block no. 0 follows, 41 sequences, length 18
# corresponding to MSA columns:
# 196-213
name=unknown_A
#
# <colnr> <probs for GDERKNQSTAVLIFYWHMCP>
#	G	D	E	R	K	N	Q	S	T	A	V	L	I	F	Y	W	H	M	C	P
0	0.01241	0.01548	0.11715	0.26273	0.03227	0.01377	0.42690	0.01713	0.01268	0.01713	0.01097	0.01497	0.00817	0.00518	0.00627	0.00191	0.00886	0.00592	0.00272	0.00738
1	0.00739	0.00661	0.04327	0.02514	0.00971	0.00539	0.00609	0.00896	0.01205	0.01578	0.10006	0.48314	0.22398	0.01566	0.00702	0.00215	0.00352	0.01385	0.00522	0.00502
2	0.01196	0.11481	0.68706	0.01562	0.02368	0.01435	0.01990	0.01805	0.01207	0.01766	0.01008	0.01185	0.00732	0.00542	0.00527	0.00176	0.00822	0.00412	0.00244	0.00836
3	0.01187	0.02753	0.67743	0.01578	0.02360	0.01343	0.01969	0.01964	0.10138	0.01888	0.01190	0.01329	0.00854	0.00576	0.00551	0.00184	0.00800	0.00452	0.00285	0.00856
4	0.00860	0.01352	0.26987	0.01089	0.01403	0.00767	0.01080	0.01152	0.01138	0.01588	0.02423	0.52425	0.02731	0.01364	0.00668	0.00216	0.00512	0.01212	0.00433	0.00600
5	0.01409	0.01343	0.02226	0.05844	0.62978	0.01369	0.04118	0.01894	0.09459	0.01917	0.01221	0.01512	0.00999	0.00545	0.00575	0.00175	0.00669	0.00532	0.00318	0.00895
6	0.01245	0.02257	0.41022	0.04258	0.02757	0.01384	0.35067	0.01815	0.01275	0.01817	0.01093	0.01380	0.00798	0.00521	0.00607	0.00188	0.00899	0.00543	0.00266	0.00809
7	0.01401	0.01491	0.02746	0.08319	0.32798	0.05043	0.35972	0.01800	0.01333	0.01806	0.01108	0.01475	0.00876	0.00510	0.00619	0.00182	0.00839	0.00583	0.00287	0.00814
8	0.01407	0.01545	0.02625	0.18512	0.16432	0.10572	0.36844	0.01799	0.01335	0.01715	0.01087	0.01463	0.00843	0.00524	0.00617	0.00184	0.00880	0.00575	0.00284	0.00758
9	0.01366	0.01306	0.02224	0.15999	0.64203	0.01348	0.01729	0.01711	0.01280	0.01807	0.01073	0.01443	0.00889	0.00525	0.00570	0.00175	0.00695	0.00512	0.00281	0.00864
10	0.00933	0.00858	0.01503	0.01427	0.07930	0.00802	0.19678	0.01156	0.01208	0.01608	0.02780	0.43611	0.11496	0.01304	0.00698	0.00213	0.00523	0.01234	0.00449	0.00588
11	0.01715	0.33297	0.13298	0.01077	0.01557	0.03837	0.01062	0.01989	0.01382	0.23656	0.10333	0.01681	0.01501	0.00651	0.00499	0.00156	0.00584	0.00495	0.00430	0.00799
12	0.01254	0.01191	0.02021	0.41195	0.39888	0.01318	0.01673	0.01612	0.01227	0.01670	0.01053	0.01480	0.00840	0.00546	0.00572	0.00182	0.00723	0.00511	0.00271	0.00773
13	0.01315	0.01416	0.02863	0.02539	0.21751	0.01344	0.49045	0.01729	0.01338	0.01823	0.01545	0.01862	0.07404	0.00578	0.00650	0.00188	0.00834	0.00680	0.00311	0.00785
14	0.01375	0.08673	0.21771	0.02618	0.39783	0.03552	0.10499	0.01794	0.01284	0.01797	0.01050	0.01333	0.00841	0.00520	0.00558	0.00172	0.00763	0.00488	0.00272	0.00856
15	0.01326	0.02635	0.62942	0.01626	0.02406	0.01287	0.07447	0.01925	0.01270	0.10077	0.01179	0.01324	0.00818	0.00561	0.00560	0.00183	0.00817	0.00461	0.00299	0.00857
16	0.01113	0.01079	0.01974	0.30512	0.11654	0.01139	0.20231	0.01458	0.01252	0.01682	0.07630	0.14470	0.01690	0.00794	0.00635	0.00196	0.00696	0.00780	0.00345	0.00671
17	0.05854	0.04793	0.24539	0.01215	0.01773	0.04360	0.01240	0.02377	0.01459	0.44070	0.01701	0.01602	0.01117	0.00640	0.00547	0.00176	0.00625	0.00499	0.00515	0.00898

[dist]
# distance from previous block
# <min> <max>
18	50

[block]
# block no. 1 follows, 41 sequences, length 30
# corresponding to MSA columns:
# 267-296
name=unknown_B
#
# <colnr> <probs for GDERKNQSTAVLIFYWHMCP>
#	G	D	E	R	K	N	Q	S	T	A	V	L	I	F	Y	W	H	M	C	P
0	0.00810	0.00585	0.00765	0.00720	0.00855	0.00540	0.00540	0.01079	0.01619	0.02294	0.76028	0.04273	0.05397	0.01169	0.00675	0.00180	0.00270	0.01034	0.00630	0.00540
1	0.00677	0.00575	0.00584	0.00592	0.00776	0.00482	0.00440	0.00819	0.01292	0.01540	0.05641	0.09803	0.71899	0.01469	0.00679	0.00195	0.00292	0.01231	0.00531	0.00482
2	0.01235	0.12450	0.65655	0.01532	0.02322	0.01430	0.01937	0.01827	0.01214	0.03879	0.01033	0.01193	0.00745	0.00541	0.00523	0.00174	0.00806	0.00413	0.00255	0.00835
3	0.02281	0.01115	0.04584	0.01179	0.01639	0.00943	0.08224	0.02619	0.05499	0.60437	0.02186	0.01972	0.03146	0.00700	0.00587	0.00180	0.00542	0.00598	0.00636	0.00933
4	0.02194	0.01570	0.01697	0.01301	0.01758	0.01726	0.01075	0.70744	0.02635	0.07360	0.01419	0.01403	0.00995	0.00688	0.00572	0.00172	0.00622	0.00518	0.00579	0.00973
5	0.01529	0.80242	0.02997	0.00979	0.01468	0.02263	0.00979	0.01713	0.01162	0.01346	0.00795	0.00918	0.00734	0.00489	0.00367	0.00122	0.00612	0.00306	0.00245	0.00734
6	0.00795	0.00584	0.00744	0.00704	0.00845	0.00533	0.00528	0.01050	0.01584	0.02210	0.68153	0.04411	0.13325	0.01201	0.00675	0.00181	0.00272	0.01054	0.00619	0.00533
7	0.00788	0.00576	0.00739	0.00715	0.00845	0.00528	0.00530	0.01031	0.01544	0.02153	0.63341	0.11225	0.11348	0.01250	0.00680	0.00186	0.00277	0.01103	0.00612	0.00528
8	0.00700	0.00508	0.00661	0.00775	0.00826	0.00469	0.00523	0.00811	0.01135	0.01504	0.06602	0.70141	0.09760	0.01736	0.00723	0.00227	0.00326	0.01566	0.00535	0.00469
9	0.01147	0.02959	0.76934	0.01630	0.02476	0.01328	0.02113	0.01811	0.01208	0.01811	0.01026	0.01208	0.00725	0.00543	0.00543	0.00181	0.00845	0.00423	0.00242	0.00845
10	0.00810	0.00585	0.00765	0.00720	0.00855	0.00540	0.00540	0.01079	0.01619	0.02294	0.76028	0.04273	0.05397	0.01169	0.00675	0.00180	0.00270	0.01034	0.00630	0.00540
11	0.00697	0.00498	0.00664	0.00796	0.00830	0.00465	0.00531	0.00796	0.01095	0.01460	0.03153	0.79525	0.03783	0.01792	0.00730	0.00232	0.00332	0.01626	0.00531	0.00465
12	0.01529	0.80242	0.02997	0.00979	0.01468	0.02263	0.00979	0.01713	0.01162	0.01346	0.00795	0.00918	0.00734	0.00489	0.00367	0.00122	0.00612	0.00306	0.00245	0.00734
13	0.02566	0.00973	0.01327	0.01018	0.01460	0.00841	0.00841	0.02788	0.01637	0.76726	0.02257	0.01947	0.01416	0.00708	0.00575	0.00177	0.00487	0.00575	0.00708	0.00973
14	0.01080	0.01017	0.01716	0.78523	0.03940	0.01271	0.01589	0.01461	0.01144	0.01461	0.01017	0.01525	0.00762	0.00572	0.00572	0.00191	0.00762	0.00508	0.00254	0.00635
15	0.01529	0.80242	0.02997	0.00979	0.01468	0.02263	0.00979	0.01713	0.01162	0.01346	0.00795	0.00918	0.00734	0.00489	0.00367	0.00122	0.00612	0.00306	0.00245	0.00734
16	0.01186	0.01017	0.01186	0.00847	0.01356	0.00762	0.00678	0.01440	0.01186	0.01864	0.01017	0.01186	0.00847	0.00424	0.00424	0.00085	0.00424	0.00339	0.00339	0.83395
17	0.00706	0.00504	0.00674	0.00806	0.00843	0.00472	0.00546	0.00812	0.01104	0.01470	0.03148	0.76678	0.03764	0.01784	0.00732	0.00234	0.00339	0.04386	0.00531	0.00467
18	0.83938	0.01106	0.00841	0.00752	0.01106	0.01283	0.00619	0.01681	0.00973	0.02566	0.00796	0.00929	0.00619	0.00531	0.00354	0.00177	0.00442	0.00310	0.00354	0.00619
19	0.01148	0.00625	0.00647	0.00614	0.00773	0.00644	0.00470	0.07382	0.01311	0.02221	0.01811	0.02074	0.01424	0.00820	0.03649	0.00169	0.00350	0.00535	0.72764	0.00569
20	0.01080	0.01017	0.01716	0.78523	0.03940	0.01271	0.01589	0.01461	0.01144	0.01461	0.01017	0.01525	0.00762	0.00572	0.00572	0.00191	0.00762	0.00508	0.00254	0.00635
21	0.01066	0.00533	0.00533	0.00533	0.00666	0.00533	0.00400	0.01333	0.01200	0.02132	0.01866	0.02132	0.01466	0.00666	0.00400	0.00133	0.00267	0.00533	0.83073	0.00533
22	0.01306	0.01038	0.01216	0.00876	0.01379	0.00808	0.00704	0.04484	0.01273	0.06282	0.01103	0.01238	0.00885	0.00451	0.00438	0.00094	0.00436	0.00360	0.00370	0.75260
23	0.01350	0.01543	0.03375	0.02411	0.02989	0.01446	0.74253	0.01832	0.01350	0.01832	0.01157	0.01543	0.00868	0.00482	0.00675	0.00193	0.00964	0.00675	0.00289	0.00771
24	0.00917	0.00597	0.00778	0.00760	0.00899	0.00546	0.00564	0.01136	0.01475	0.07905	0.47570	0.21195	0.09158	0.01301	0.00682	0.00194	0.00308	0.02857	0.00605	0.00553
25	0.01147	0.02959	0.76934	0.01630	0.02476	0.01328	0.02113	0.01811	0.01208	0.01811	0.01026	0.01208	0.00725	0.00543	0.00543	0.00181	0.00845	0.00423	0.00242	0.00845
26	0.01201	0.04915	0.60052	0.01796	0.04431	0.01377	0.14645	0.01811	0.01234	0.01803	0.01044	0.01263	0.00754	0.00530	0.00562	0.00181	0.00855	0.00465	0.00251	0.00831
27	0.02245	0.00900	0.01225	0.00985	0.01364	0.00786	0.00803	0.02462	0.01580	0.63203	0.06646	0.08333	0.01915	0.00858	0.00603	0.00185	0.00464	0.03874	0.00682	0.00889
28	0.00718	0.00581	0.00637	0.00623	0.00798	0.00501	0.00467	0.00902	0.01402	0.01779	0.27741	0.05120	0.54005	0.01361	0.00676	0.00189	0.00284	0.01153	0.00562	0.00501
29	0.00846	0.00688	0.00769	0.00769	0.00910	0.03452	0.00562	0.01138	0.06682	0.01898	0.34648	0.23140	0.19685	0.01336	0.00676	0.00196	0.00331	0.01167	0.00568	0.00539

[dist]
# distance from previous block
# <min> <max>
1	2

[block]
# block no. 2 follows, 41 sequences, length 13
# corresponding to MSA columns:
# 299-311
name=unknown_C
#
# <colnr> <probs for GDERKNQSTAVLIFYWHMCP>
#	G	D	E	R	K	N	Q	S	T	A	V	L	I	F	Y	W	H	M	C	P
0	0.31545	0.03654	0.11518	0.01133	0.01598	0.06543	0.01034	0.28124	0.01686	0.02699	0.01053	0.01147	0.00784	0.00587	0.00473	0.00168	0.00607	0.00405	0.00411	0.04833
1	0.67689	0.01239	0.06216	0.00881	0.01289	0.01244	0.03140	0.01711	0.01035	0.04554	0.00880	0.01015	0.00673	0.00528	0.00388	0.00172	0.00487	0.00339	0.00353	0.06167
2	0.01540	0.01697	0.04450	0.02295	0.19213	0.14190	0.31981	0.06932	0.03369	0.01893	0.01134	0.01424	0.00890	0.00555	0.00654	0.00179	0.04069	0.00557	0.02183	0.00792
3	0.01388	0.01331	0.02271	0.09735	0.70324	0.01352	0.01742	0.01731	0.01289	0.01835	0.01071	0.01425	0.00894	0.00515	0.00567	0.00172	0.00686	0.00510	0.00281	0.00884
4	0.01330	0.01258	0.02132	0.14815	0.60067	0.01297	0.01672	0.01671	0.01279	0.01796	0.01202	0.01780	0.01049	0.00593	0.00583	0.00180	0.00682	0.05480	0.00296	0.00838
5	0.00697	0.00498	0.00664	0.00796	0.00830	0.00465	0.00531	0.00796	0.01095	0.01460	0.03153	0.79525	0.03783	0.01792	0.00730	0.00232	0.00332	0.01626	0.00531	0.00465
6	0.00768	0.00556	0.00728	0.00757	0.00857	0.00515	0.00549	0.00970	0.01402	0.01935	0.43533	0.32086	0.07283	0.01426	0.00700	0.00203	0.00304	0.04333	0.00585	0.00509
7	0.00726	0.00510	0.00655	0.00759	0.00785	0.00484	0.00491	0.00804	0.01038	0.01384	0.02859	0.63043	0.03413	0.18779	0.01204	0.00302	0.00380	0.01453	0.00491	0.00439
8	0.00773	0.00576	0.00719	0.00699	0.00836	0.00522	0.00518	0.01003	0.01509	0.02071	0.55595	0.11441	0.19064	0.01281	0.00680	0.00187	0.00279	0.01123	0.00601	0.00522
9	0.00697	0.00498	0.00664	0.00796	0.00830	0.00465	0.00531	0.00796	0.01095	0.01460	0.03153	0.79525	0.03783	0.01792	0.00730	0.00232	0.00332	0.01626	0.00531	0.00465
10	0.02043	0.02529	0.01578	0.01433	0.01731	0.67555	0.01079	0.02384	0.11338	0.01531	0.01075	0.01177	0.00870	0.00614	0.00524	0.00154	0.00955	0.00405	0.00333	0.00695
11	0.01416	0.01359	0.02322	0.03511	0.76330	0.01359	0.01755	0.01755	0.01302	0.01869	0.01076	0.01416	0.00906	0.00510	0.00566	0.00170	0.00680	0.00510	0.00283	0.00906
12	0.01620	0.01171	0.01258	0.01022	0.01376	0.01227	0.00826	0.39350	0.05886	0.07671	0.03079	0.02944	0.28187	0.00968	0.00610	0.00181	0.00488	0.00776	0.00567	0.00792

[dist]
# distance from previous block
# <min> <max>
0	1

[block]
# block no. 3 follows, 41 sequences, length 27
# corresponding to MSA columns:
# 313-339
name=unknown_D
#
# <colnr> <probs for GDERKNQSTAVLIFYWHMCP>
#	G	D	E	R	K	N	Q	S	T	A	V	L	I	F	Y	W	H	M	C	P
0	0.01624	0.79040	0.03036	0.01046	0.01538	0.02298	0.01018	0.01777	0.01225	0.01443	0.00900	0.01062	0.00831	0.00558	0.00413	0.00142	0.00644	0.00341	0.00280	0.00784
1	0.00697	0.00498	0.00664	0.00796	0.00830	0.00465	0.00531	0.00796	0.01095	0.01460	0.03153	0.79525	0.03783	0.01792	0.00730	0.00232	0.00332	0.01626	0.00531	0.00465
2	0.00803	0.00584	0.00755	0.00712	0.00850	0.00537	0.00534	0.01066	0.01602	0.02254	0.72324	0.04338	0.09126	0.01184	0.00675	0.00181	0.00271	0.01044	0.00624	0.00537
3	0.01186	0.01017	0.01186	0.00847	0.01356	0.00762	0.00678	0.01440	0.01186	0.01864	0.01017	0.01186	0.00847	0.00424	0.00424	0.00085	0.00424	0.00339	0.00339	0.83395
4	0.01365	0.01329	0.02331	0.13400	0.60422	0.01355	0.07934	0.01723	0.01285	0.01811	0.01075	0.01441	0.00884	0.00516	0.00576	0.00175	0.00715	0.00524	0.00280	0.00858
5	0.01211	0.14753	0.63633	0.01552	0.02335	0.01475	0.03883	0.01797	0.01205	0.01741	0.00995	0.01172	0.00730	0.00534	0.00520	0.00172	0.00813	0.00412	0.00243	0.00826
6	0.02024	0.02544	0.01548	0.01409	0.01690	0.71037	0.01057	0.02181	0.01621	0.01476	0.07285	0.01308	0.01134	0.00639	0.00529	0.00150	0.00967	0.00425	0.00323	0.00653
7	0.00800	0.00533	0.00710	0.00794	0.00862	0.00494	0.00547	0.00933	0.01204	0.05035	0.14787	0.63922	0.03933	0.01643	0.00714	0.00221	0.00329	0.01483	0.00555	0.00500
8	0.01144	0.02863	0.73226	0.05421	0.02548	0.01326	0.02087	0.01794	0.01204	0.01794	0.01026	0.01223	0.00726	0.00545	0.00545	0.00182	0.00841	0.00427	0.00242	0.00835
9	0.03803	0.01769	0.01934	0.05368	0.34474	0.22360	0.01393	0.18143	0.01686	0.02130	0.01081	0.01293	0.00862	0.00574	0.00549	0.00165	0.00762	0.00467	0.00352	0.00837
10	0.00994	0.00497	0.00745	0.00745	0.00745	0.00497	0.00497	0.00745	0.00745	0.00994	0.00994	0.01739	0.00994	0.01987	0.02235	0.83358	0.00497	0.00497	0.00248	0.00248
11	0.00698	0.00516	0.00654	0.00756	0.00821	0.00471	0.00515	0.00813	0.01154	0.01511	0.06802	0.63571	0.16214	0.01706	0.00718	0.00223	0.00322	0.01529	0.00535	0.00471
12	0.01716	0.01983	0.05427	0.01688	0.04576	0.31999	0.16540	0.09311	0.04490	0.01767	0.01053	0.01300	0.00849	0.00696	0.00804	0.04278	0.09992	0.00488	0.00323	0.00719
13	0.00876	0.00588	0.00795	0.00791	0.00897	0.00646	0.00601	0.01087	0.01039	0.01585	0.07975	0.02494	0.01821	0.08305	0.47798	0.00646	0.01060	0.00645	0.19844	0.00507
14	0.00697	0.00498	0.00664	0.00796	0.00830	0.00465	0.00531	0.00796	0.01095	0.01460	0.03153	0.79525	0.03783	0.01792	0.00730	0.00232	0.00332	0.01626	0.00531	0.00465
15	0.01409	0.01761	0.15401	0.02454	0.31088	0.07014	0.17547	0.02005	0.11934	0.01891	0.01251	0.01482	0.00974	0.00554	0.00585	0.00179	0.00764	0.00540	0.00321	0.00848
16	0.01553	0.01293	0.02087	0.08203	0.48632	0.03904	0.06181	0.01868	0.01346	0.13261	0.01354	0.05375	0.01108	0.00609	0.00581	0.00176	0.00669	0.00581	0.00359	0.00858
17	0.01147	0.02959	0.76934	0.01630	0.02476	0.01328	0.02113	0.01811	0.01208	0.01811	0.01026	0.01208	0.00725	0.00543	0.00543	0.00181	0.00845	0.00423	0.00242	0.00845
18	0.00756	0.00518	0.00659	0.00748	0.00785	0.00501	0.00492	0.00851	0.01038	0.01425	0.02700	0.54476	0.03150	0.18287	0.04982	0.00328	0.00434	0.01334	0.06087	0.00447
19	0.01186	0.01017	0.01186	0.00847	0.01356	0.00762	0.00678	0.01440	0.01186	0.01864	0.01017	0.01186	0.00847	0.00424	0.00424	0.00085	0.00424	0.00339	0.00339	0.83395
20	0.01318	0.01119	0.01203	0.01088	0.01379	0.01272	0.00843	0.02704	0.62704	0.02376	0.14925	0.02500	0.02370	0.00843	0.00598	0.00192	0.00421	0.00713	0.00590	0.00843
21	0.00811	0.00583	0.00755	0.00713	0.00839	0.00541	0.00527	0.01063	0.01566	0.02213	0.70987	0.04237	0.05172	0.06516	0.00827	0.00205	0.00289	0.01021	0.00610	0.00527
22	0.01204	0.00697	0.00903	0.00796	0.01022	0.00613	0.00611	0.01438	0.01517	0.18264	0.42689	0.11312	0.07466	0.01084	0.00637	0.00177	0.00337	0.00945	0.00607	0.07681
23	0.00832	0.00555	0.00624	0.00624	0.00624	0.00555	0.00347	0.00832	0.00832	0.01109	0.01802	0.03743	0.02080	0.79898	0.02911	0.00555	0.00555	0.00832	0.00347	0.00347
24	0.01269	0.01210	0.02058	0.36208	0.44776	0.01321	0.01683	0.01627	0.01233	0.01691	0.01050	0.01463	0.00843	0.00537	0.00569	0.00179	0.00716	0.00509	0.00271	0.00788
25	0.02361	0.01060	0.01337	0.01035	0.01455	0.00999	0.00852	0.16847	0.01808	0.55894	0.02048	0.01849	0.01332	0.00700	0.00560	0.00172	0.00496	0.00560	0.07697	0.00936
26	0.02040	0.01450	0.01578	0.01237	0.01650	0.01585	0.01010	0.62775	0.02464	0.07004	0.01581	0.08078	0.01246	0.00781	0.00581	0.00176	0.00588	0.00613	0.02642	0.00918

[dist]
# distance from previous block
# <min> <max>
0	59

[block]
# block no. 4 follows, 41 sequences, length 42
# corresponding to MSA columns:
# 399-440
name=unknown_E
#
# <colnr> <probs for GDERKNQSTAVLIFYWHMCP>
#	G	D	E	R	K	N	Q	S	T	A	V	L	I	F	Y	W	H	M	C	P
0	0.00844	0.00575	0.00672	0.00660	0.00696	0.00561	0.00404	0.00908	0.01043	0.01426	0.20614	0.03894	0.02932	0.59758	0.02346	0.00462	0.00488	0.00888	0.00424	0.00405
1	0.01203	0.01028	0.01198	0.00859	0.01368	0.00772	0.00685	0.01452	0.01197	0.01879	0.01034	0.01210	0.00863	0.00435	0.00431	0.00088	0.00430	0.00345	0.00345	0.83180
2	0.01816	0.02149	0.01418	0.01287	0.01548	0.55040	0.00968	0.04699	0.01670	0.01725	0.19949	0.01889	0.01942	0.00751	0.00565	0.00160	0.00828	0.00548	0.00396	0.00652
3	0.00981	0.00794	0.01172	0.01438	0.19981	0.00758	0.00855	0.01263	0.01548	0.02200	0.56862	0.03564	0.04264	0.01012	0.00654	0.00180	0.00380	0.00905	0.00547	0.00641
4	0.63125	0.01084	0.00976	0.00831	0.01208	0.01180	0.00683	0.01972	0.01153	0.21360	0.01184	0.01211	0.00838	0.00587	0.00418	0.00180	0.00460	0.00383	0.00449	0.00718
5	0.22330	0.01306	0.01955	0.02817	0.57090	0.01348	0.01472	0.01747	0.01229	0.02060	0.01022	0.01315	0.00849	0.00526	0.00520	0.00175	0.00625	0.00464	0.00307	0.00841
6	0.02189	0.01612	0.01727	0.01326	0.01785	0.01781	0.01093	0.74237	0.02696	0.03615	0.01389	0.01396	0.00988	0.00698	0.00579	0.00175	0.00635	0.00520	0.00577	0.00981
7	0.02025	0.21527	0.02051	0.01241	0.01707	0.01905	0.01066	0.55824	0.02309	0.03043	0.01243	0.01281	0.00928	0.00648	0.00527	0.00162	0.00630	0.00467	0.00494	0.00920
8	0.00805	0.00567	0.00607	0.00625	0.00774	0.00507	0.00457	0.00977	0.01274	0.01745	0.09021	0.16888	0.40299	0.01298	0.00622	0.00187	0.00296	0.01098	0.21446	0.00505
9	0.01182	0.00693	0.00795	0.00712	0.00966	0.00588	0.00553	0.01350	0.01420	0.20651	0.09659	0.04532	0.52210	0.01251	0.00657	0.00191	0.00345	0.01039	0.00588	0.00620
10	0.01970	0.02354	0.01548	0.01405	0.01708	0.58112	0.01061	0.02485	0.20288	0.01668	0.01267	0.01335	0.01009	0.00648	0.00540	0.00162	0.00889	0.00445	0.00373	0.00733
11	0.01790	0.01392	0.01403	0.01142	0.01461	0.06896	0.00887	0.45618	0.05830	0.02739	0.01519	0.02023	0.01299	0.20754	0.01165	0.00271	0.00630	0.00597	0.01793	0.00789
12	0.00857	0.00662	0.00826	0.00828	0.01003	0.00569	0.00603	0.01009	0.01164	0.01607	0.02803	0.47700	0.08235	0.01410	0.00661	0.00198	0.00375	0.07520	0.00487	0.21482
13	0.01434	0.01337	0.02070	0.02921	0.57186	0.01384	0.01545	0.02091	0.20051	0.02016	0.01410	0.01621	0.01135	0.00589	0.00577	0.00179	0.00627	0.00550	0.00365	0.00914
14	0.36780	0.01442	0.06999	0.01751	0.08475	0.01369	0.31532	0.01770	0.01185	0.02164	0.01004	0.01269	0.00771	0.00521	0.00526	0.00186	0.00713	0.00493	0.00319	0.00731
15	0.01134	0.04475	0.30001	0.01225	0.01676	0.01085	0.01294	0.04238	0.06766	0.04050	0.01909	0.02477	0.07469	0.01711	0.20107	0.00379	0.00889	0.08030	0.00369	0.00715
16	0.01033	0.00945	0.01540	0.30596	0.02406	0.01007	0.12457	0.04023	0.01277	0.01639	0.02554	0.08568	0.20256	0.01072	0.03021	0.01486	0.00650	0.04476	0.00383	0.00612
17	0.01261	0.00825	0.03739	0.00855	0.01116	0.00707	0.00703	0.01594	0.06848	0.19085	0.27722	0.03959	0.21765	0.01123	0.00656	0.00193	0.00384	0.06192	0.00602	0.00670
18	0.01083	0.00546	0.00546	0.00546	0.00680	0.00544	0.00408	0.01345	0.01210	0.02147	0.01881	0.02153	0.01480	0.00677	0.00407	0.00136	0.00273	0.00538	0.82856	0.00542
19	0.01832	0.24846	0.02107	0.01364	0.01702	0.38573	0.03834	0.05729	0.03162	0.01550	0.00930	0.01109	0.00794	0.00623	0.00644	0.00159	0.09630	0.00396	0.00302	0.00714
20	0.01432	0.00747	0.00981	0.00845	0.01089	0.00678	0.00659	0.01721	0.03883	0.27120	0.49005	0.03447	0.03962	0.01013	0.00646	0.00182	0.00354	0.00873	0.00659	0.00704
21	0.61120	0.00973	0.00825	0.00786	0.01061	0.01094	0.00613	0.02831	0.01047	0.02319	0.01421	0.20865	0.01444	0.00865	0.00461	0.00194	0.00424	0.00653	0.00409	0.00596
22	0.00859	0.00640	0.00767	0.00709	0.00862	0.00572	0.00502	0.01029	0.01308	0.01817	0.35009	0.07500	0.12961	0.21087	0.01219	0.00270	0.00373	0.00949	0.00509	0.11059
23	0.02052	0.01471	0.03510	0.04362	0.08359	0.01523	0.03265	0.47978	0.02247	0.14588	0.03780	0.01585	0.01171	0.00687	0.00585	0.00177	0.00626	0.00547	0.00547	0.00940
24	0.01093	0.00958	0.01439	0.23120	0.05889	0.01154	0.01242	0.01353	0.01166	0.01580	0.01797	0.03500	0.01824	0.01103	0.00999	0.00238	0.20442	0.30121	0.00373	0.00611
25	0.62682	0.00993	0.00873	0.00806	0.01097	0.01148	0.00651	0.01525	0.00971	0.02266	0.01000	0.01287	0.00841	0.01494	0.19931	0.00368	0.00724	0.00392	0.00348	0.00601
26	0.00873	0.00600	0.00689	0.00737	0.00851	0.00582	0.00523	0.01156	0.07673	0.01771	0.05798	0.38669	0.14414	0.01350	0.00630	0.00199	0.00323	0.01179	0.21447	0.00535
27	0.01620	0.01619	0.01388	0.01253	0.01570	0.20723	0.00963	0.02855	0.56449	0.02155	0.01976	0.01876	0.01504	0.00739	0.00572	0.00185	0.00605	0.00581	0.00514	0.00852
28	0.01213	0.01119	0.01753	0.38698	0.22549	0.01174	0.01407	0.01546	0.01207	0.01688	0.01049	0.01433	0.00838	0.00529	0.00540	0.00161	0.00660	0.00471	0.00289	0.21674
29	0.01887	0.01226	0.01339	0.01106	0.01446	0.05730	0.00895	0.25123	0.10310	0.21386	0.01790	0.01917	0.01328	0.00969	0.05576	0.00223	0.03025	0.03165	0.10724	0.00836
30	0.01017	0.00750	0.00985	0.00973	0.01208	0.00679	0.00827	0.01278	0.01316	0.03532	0.08484	0.04836	0.02802	0.01233	0.00683	0.00209	0.00479	0.46693	0.00492	0.21524
31	0.22263	0.01426	0.02699	0.01972	0.02481	0.01412	0.54074	0.01784	0.01245	0.02009	0.01057	0.01381	0.00803	0.00505	0.00619	0.00190	0.02466	0.00579	0.00305	0.00730
32	0.22089	0.05249	0.14981	0.00921	0.01290	0.00978	0.00886	0.01506	0.01309	0.08333	0.23399	0.04737	0.10458	0.00867	0.00547	0.00179	0.00459	0.00698	0.00462	0.00654
33	0.00921	0.00754	0.01015	0.00918	0.01018	0.00847	0.00720	0.01155	0.01431	0.02061	0.56965	0.03508	0.04220	0.01127	0.00979	0.00198	0.20170	0.00899	0.00534	0.00561
34	0.01165	0.00940	0.01176	0.06636	0.01378	0.00998	0.00806	0.02419	0.03009	0.01785	0.01247	0.01624	0.01062	0.04702	0.00908	0.00172	0.19135	0.00475	0.21273	0.29090
35	0.00735	0.00554	0.00683	0.00728	0.00839	0.00501	0.00527	0.00905	0.01316	0.01739	0.25065	0.33588	0.24081	0.01506	0.00702	0.00208	0.00312	0.04956	0.00559	0.00495
36	0.01720	0.44153	0.02430	0.01154	0.01615	0.01930	0.04727	0.23887	0.03805	0.04837	0.01175	0.04082	0.00981	0.00614	0.00472	0.00149	0.00616	0.00457	0.00384	0.00812
37	0.01399	0.01406	0.02588	0.03232	0.57757	0.01381	0.20115	0.01775	0.01314	0.01859	0.01096	0.01448	0.00896	0.00503	0.00594	0.00176	0.00752	0.00552	0.00285	0.00872
38	0.22372	0.01499	0.02277	0.01828	0.06596	0.08073	0.35676	0.04610	0.06835	0.02084	0.01127	0.01369	0.00864	0.00542	0.00579	0.00184	0.01864	0.00535	0.00338	0.00747
39	0.00928	0.20753	0.01245	0.00736	0.00983	0.00950	0.00616	0.01110	0.01320	0.01644	0.18170	0.07911	0.36739	0.01173	0.00604	0.00177	0.00378	0.03527	0.00478	0.00558
40	0.01648	0.01432	0.01669	0.01792	0.19870	0.05385	0.01169	0.20764	0.35060	0.02521	0.01706	0.01710	0.01293	0.00679	0.00572	0.00180	0.00582	0.00566	0.00492	0.00910
41	0.00754	0.00574	0.00699	0.00726	0.00861	0.00519	0.00547	0.00945	0.01368	0.01795	0.28099	0.19925	0.29590	0.01441	0.00700	0.00205	0.00320	0.09864	0.00563	0.00503

[dist]
# distance from previous block
# <min> <max>
0	1

[block]
# block no. 5 follows, 41 sequences, length 27
# corresponding to MSA columns:
# 442-468
name=unknown_F
#
# <colnr> <probs for GDERKNQSTAVLIFYWHMCP>
#	G	D	E	R	K	N	Q	S	T	A	V	L	I	F	Y	W	H	M	C	P
0	0.00726	0.00570	0.00669	0.00723	0.00858	0.00513	0.00544	0.00882	0.01246	0.01563	0.06910	0.25866	0.40852	0.01650	0.03348	0.00238	0.00377	0.11453	0.00526	0.00487
1	0.01602	0.71407	0.02853	0.01017	0.01502	0.02208	0.00991	0.09881	0.01334	0.01600	0.00860	0.00969	0.00761	0.00512	0.00390	0.00128	0.00614	0.00329	0.00281	0.00761
2	0.15684	0.01520	0.01572	0.01223	0.01663	0.01693	0.01010	0.62404	0.02406	0.03433	0.01278	0.01300	0.00914	0.00661	0.00536	0.00173	0.00599	0.00481	0.00536	0.00914
3	0.01186	0.01017	0.01186	0.00847	0.01356	0.00762	0.00678	0.01440	0.01186	0.01864	0.01017	0.01186	0.00847	0.00424	0.00424	0.00085	0.00424	0.00339	0.00339	0.83395
4	0.18559	0.01241	0.01285	0.01032	0.01408	0.01351	0.00844	0.37719	0.03446	0.11333	0.01459	0.01493	0.01051	0.00656	0.00499	0.00167	0.00510	0.00486	0.14635	0.00825
5	0.00744	0.00551	0.00625	0.00656	0.00749	0.00503	0.00442	0.00850	0.01141	0.01473	0.08980	0.23659	0.30335	0.23025	0.01296	0.00300	0.00371	0.01180	0.02673	0.00446
6	0.00719	0.00576	0.00642	0.00637	0.00802	0.00499	0.00474	0.00899	0.01388	0.01771	0.27380	0.10000	0.49429	0.01385	0.00679	0.00192	0.00286	0.01181	0.00562	0.00499
7	0.01581	0.00756	0.01006	0.00846	0.01119	0.00671	0.00669	0.01825	0.01615	0.35190	0.40603	0.03293	0.06446	0.00976	0.00631	0.00179	0.00367	0.00838	0.00660	0.00729
8	0.02182	0.06323	0.01748	0.01259	0.01717	0.01691	0.01051	0.61348	0.02469	0.12286	0.01445	0.01415	0.01012	0.00677	0.00560	0.00169	0.00611	0.00509	0.00569	0.00958
9	0.01154	0.00982	0.01152	0.00844	0.01321	0.00743	0.00668	0.01398	0.01180	0.01837	0.01157	0.06347	0.01041	0.00514	0.00444	0.00094	0.00418	0.00424	0.00352	0.77931
10	0.01357	0.01010	0.01340	0.01144	0.01406	0.01042	0.09007	0.22472	0.06147	0.05456	0.03510	0.29447	0.02235	0.03714	0.00715	0.00210	0.00511	0.03041	0.05537	0.00698
11	0.02137	0.02726	0.01621	0.01474	0.01768	0.77602	0.01105	0.02284	0.01621	0.01400	0.00884	0.01031	0.00737	0.00589	0.00516	0.00147	0.01031	0.00368	0.00295	0.00663
12	0.01976	0.01347	0.01510	0.01158	0.01605	0.01382	0.00947	0.46388	0.02171	0.14033	0.01511	0.04771	0.01134	0.00686	0.00550	0.00158	0.00555	0.00537	0.00545	0.17034
13	0.07380	0.01099	0.01344	0.01100	0.04650	0.01007	0.00850	0.13421	0.01602	0.34103	0.01636	0.03250	0.01161	0.00627	0.00520	0.00151	0.00493	0.00501	0.00536	0.24570
14	0.01665	0.01038	0.01217	0.01029	0.01344	0.01060	0.00810	0.20819	0.13200	0.20238	0.09924	0.16729	0.04122	0.00976	0.00613	0.00187	0.00460	0.00826	0.00597	0.03147
15	0.02309	0.01060	0.01337	0.01047	0.01468	0.00999	0.00858	0.12478	0.08206	0.56131	0.02336	0.02080	0.05471	0.00752	0.00581	0.00179	0.00492	0.00608	0.00669	0.00941
16	0.00747	0.00534	0.00718	0.00831	0.00891	0.00505	0.00597	0.00893	0.01191	0.01596	0.11319	0.58927	0.03883	0.01687	0.00734	0.00232	0.00357	0.13335	0.00541	0.00483
17	0.02382	0.00938	0.01282	0.01022	0.01429	0.00820	0.00850	0.02608	0.01601	0.68299	0.02343	0.02453	0.01627	0.00806	0.00599	0.00187	0.00491	0.08653	0.00688	0.00923
18	0.00711	0.00508	0.00680	0.00813	0.00852	0.00477	0.00556	0.00821	0.01109	0.01476	0.03145	0.74926	0.03752	0.01779	0.00734	0.00234	0.00344	0.06085	0.00531	0.00469
19	0.01080	0.01017	0.01716	0.78523	0.03940	0.01271	0.01589	0.01461	0.01144	0.01461	0.01017	0.01525	0.00762	0.00572	0.00572	0.00191	0.00762	0.00508	0.00254	0.00635
20	0.02149	0.01589	0.01702	0.01311	0.01764	0.01762	0.01081	0.71969	0.05185	0.03563	0.01406	0.01399	0.00999	0.00690	0.00573	0.00172	0.00623	0.00520	0.00573	0.00970
21	0.00995	0.00813	0.00967	0.00817	0.01126	0.00677	0.00620	0.01283	0.05295	0.01845	0.13522	0.20342	0.06881	0.00942	0.00558	0.00147	0.00372	0.00818	0.00454	0.41527
22	0.01914	0.01142	0.01696	0.01301	0.01727	0.01095	0.15685	0.10440	0.10401	0.35392	0.04408	0.02221	0.08357	0.00750	0.00608	0.00183	0.00571	0.00669	0.00574	0.00866
23	0.01704	0.17943	0.01790	0.01144	0.01507	0.05648	0.00965	0.36036	0.01985	0.02612	0.16295	0.01839	0.01792	0.00757	0.00626	0.00166	0.05345	0.00568	0.00481	0.00797
24	0.00893	0.01115	0.16094	0.00844	0.01164	0.00751	0.00809	0.01286	0.08130	0.01720	0.03847	0.03846	0.41494	0.05408	0.00732	0.00204	0.00429	0.00900	0.09740	0.00594
25	0.08981	0.06898	0.53401	0.01506	0.02204	0.09934	0.04380	0.01831	0.01237	0.01806	0.01061	0.01231	0.01992	0.00558	0.00520	0.00174	0.00811	0.00422	0.00265	0.00789
26	0.16909	0.03629	0.10000	0.01173	0.09363	0.00952	0.00914	0.01479	0.03006	0.04758	0.36192	0.02786	0.03025	0.00867	0.00574	0.00179	0.00444	0.02611	0.00480	0.00659

[dist]
# distance from previous block
# <min> <max>
0	4

[block]
# block no. 6 follows, 41 sequences, length 17
# corresponding to MSA columns:
# 473-489
name=unknown_G
#
# <colnr> <probs for GDERKNQSTAVLIFYWHMCP>
#	G	D	E	R	K	N	Q	S	T	A	V	L	I	F	Y	W	H	M	C	P
0	0.01648	0.06293	0.08801	0.07261	0.27244	0.16183	0.01424	0.14707	0.07255	0.02061	0.01163	0.01349	0.00914	0.00583	0.00546	0.00167	0.00738	0.00474	0.00351	0.00837
1	0.01290	0.00988	0.01156	0.00927	0.01296	0.00904	0.00741	0.11539	0.08279	0.05163	0.19793	0.02381	0.02224	0.00751	0.00546	0.00144	0.00425	0.04595	0.00489	0.36370
2	0.00798	0.00609	0.00897	0.00909	0.01018	0.00572	0.05279	0.00991	0.01288	0.01752	0.23751	0.44146	0.03996	0.01505	0.00718	0.00219	0.00378	0.10117	0.00543	0.00513
3	0.01359	0.12756	0.53852	0.01605	0.06360	0.06498	0.01806	0.01883	0.01259	0.06014	0.01060	0.01212	0.00776	0.00547	0.00522	0.00170	0.00798	0.00417	0.00274	0.00830
4	0.02365	0.01037	0.01339	0.01048	0.01462	0.00960	0.00856	0.13935	0.01763	0.59571	0.02184	0.07654	0.01523	0.00786	0.00586	0.00180	0.00498	0.00644	0.00673	0.00935
5	0.01455	0.00733	0.00971	0.00845	0.01096	0.00655	0.00672	0.01698	0.01582	0.29548	0.38795	0.03663	0.08481	0.01049	0.00647	0.00186	0.00370	0.06217	0.00644	0.00694
6	0.01761	0.11120	0.01873	0.15183	0.07350	0.05766	0.01198	0.35757	0.08659	0.02557	0.01268	0.01396	0.00955	0.00638	0.00567	0.00171	0.02004	0.00492	0.00436	0.00850
7	0.02239	0.01193	0.01335	0.01086	0.01480	0.08704	0.00873	0.02742	0.16867	0.51726	0.04137	0.01956	0.01524	0.00723	0.00573	0.00178	0.00529	0.00582	0.00638	0.00916
8	0.00698	0.00562	0.00622	0.00645	0.00796	0.00486	0.00469	0.00849	0.01300	0.01624	0.14389	0.21378	0.51206	0.01487	0.00688	0.00200	0.00296	0.01275	0.00544	0.00486
9	0.00697	0.00498	0.00664	0.00796	0.00830	0.00465	0.00531	0.00796	0.01095	0.01460	0.03153	0.79525	0.03783	0.01792	0.00730	0.00232	0.00332	0.01626	0.00531	0.00465
10	0.03392	0.01579	0.08838	0.02390	0.38023	0.01495	0.01489	0.28937	0.01815	0.04713	0.01211	0.01386	0.00923	0.00585	0.00562	0.00172	0.00665	0.00502	0.00401	0.00922
11	0.01267	0.01357	0.02587	0.01959	0.02293	0.01486	0.42167	0.01600	0.01146	0.01628	0.01050	0.01506	0.00878	0.01010	0.08108	0.00279	0.28097	0.00609	0.00277	0.00697
12	0.01696	0.00770	0.00908	0.00766	0.01036	0.00734	0.00610	0.07023	0.01465	0.29643	0.01975	0.02011	0.01413	0.00683	0.00476	0.00152	0.00373	0.00547	0.46992	0.00726
13	0.01828	0.42835	0.02356	0.01185	0.01613	0.23351	0.01036	0.16306	0.01594	0.01809	0.00935	0.01040	0.00782	0.00557	0.00450	0.00139	0.00733	0.00365	0.00324	0.00761
14	0.01738	0.01326	0.02109	0.02425	0.36856	0.03333	0.11162	0.05158	0.04429	0.20493	0.01425	0.01575	0.01054	0.00594	0.00633	0.00178	0.03659	0.00550	0.00413	0.00890
15	0.01312	0.01363	0.04469	0.25417	0.08513	0.01372	0.33582	0.07296	0.04149	0.01896	0.04080	0.01634	0.01052	0.00567	0.00621	0.00188	0.00807	0.00606	0.00323	0.00754
16	0.01337	0.01592	0.07407	0.02386	0.08038	0.01453	0.60359	0.01797	0.01308	0.01805	0.01118	0.01496	0.00855	0.00521	0.00736	0.00194	0.05900	0.00638	0.00284	0.00776

[dist]
# distance from previous block
# <min> <max>
0	211

# created by:
# /software/SequenceAnalysis/GenePrediction/augustus/3.0.1/scripts/msa2prfl.pl ./fixed/BUSCOvEOG7MCZDK.fas
