[name]
unknown

[dist]
# distance from previous block
# <min> <max>
6	148

[block]
# block no. 0 follows, 41 sequences, length 7
# corresponding to MSA columns:
# 148-154
name=unknown_A
#
# <colnr> <probs for GDERKNQSTAVLIFYWHMCP>
#	G	D	E	R	K	N	Q	S	T	A	V	L	I	F	Y	W	H	M	C	P
0	0.01214	0.01020	0.01187	0.00870	0.01350	0.00802	0.00692	0.05423	0.01264	0.01937	0.01154	0.05509	0.01016	0.00513	0.00449	0.00098	0.00430	0.00419	0.00362	0.74292
1	0.25542	0.01413	0.01413	0.01135	0.01547	0.01589	0.00930	0.44664	0.11236	0.03156	0.01327	0.01341	0.00968	0.00653	0.00511	0.00176	0.00554	0.00472	0.00511	0.00863
2	0.01986	0.00864	0.01158	0.00923	0.01281	0.00750	0.00745	0.02223	0.01607	0.51247	0.23356	0.02572	0.02527	0.00825	0.00595	0.00173	0.00421	0.00694	0.00665	0.05387
3	0.01679	0.01515	0.02104	0.02753	0.50243	0.06278	0.01523	0.22640	0.01720	0.02337	0.01149	0.01379	0.00915	0.00565	0.00565	0.00169	0.00687	0.00502	0.00367	0.00910
4	0.01638	0.01336	0.01415	0.01208	0.01570	0.01523	0.00958	0.23522	0.54463	0.02741	0.02054	0.01916	0.01524	0.00750	0.00579	0.00188	0.00503	0.00609	0.00579	0.00925
5	0.00771	0.00583	0.00662	0.00672	0.00793	0.00534	0.00485	0.00907	0.01216	0.01550	0.14589	0.04937	0.35442	0.23934	0.01331	0.00304	0.00392	0.09947	0.00492	0.00458
6	0.01780	0.02038	0.01995	0.01615	0.01982	0.41082	0.22005	0.06863	0.01562	0.01763	0.01117	0.01338	0.00881	0.00575	0.00551	0.00160	0.00890	0.00487	0.10617	0.00699

[dist]
# distance from previous block
# <min> <max>
0	8

[block]
# block no. 1 follows, 41 sequences, length 30
# corresponding to MSA columns:
# 163-192
name=unknown_B
#
# <colnr> <probs for GDERKNQSTAVLIFYWHMCP>
#	G	D	E	R	K	N	Q	S	T	A	V	L	I	F	Y	W	H	M	C	P
0	0.01080	0.01017	0.01716	0.78523	0.03940	0.01271	0.01589	0.01461	0.01144	0.01461	0.01017	0.01525	0.00762	0.00572	0.00572	0.00191	0.00762	0.00508	0.00254	0.00635
1	0.01502	0.59897	0.02559	0.01026	0.01473	0.02047	0.00960	0.02054	0.20251	0.01615	0.01190	0.01231	0.00995	0.00563	0.00422	0.00141	0.00571	0.00394	0.00332	0.00778
2	0.01186	0.01017	0.01186	0.00847	0.01356	0.00762	0.00678	0.01440	0.01186	0.01864	0.01017	0.01186	0.00847	0.00424	0.00424	0.00085	0.00424	0.00339	0.00339	0.83395
3	0.01647	0.22185	0.02718	0.01743	0.02208	0.25967	0.32036	0.01946	0.01388	0.01569	0.00977	0.01219	0.00792	0.00518	0.00545	0.00160	0.00895	0.00482	0.00280	0.00727
4	0.01215	0.06449	0.41209	0.01902	0.09240	0.01349	0.20472	0.01740	0.01264	0.01805	0.04297	0.04173	0.01083	0.00592	0.00582	0.00182	0.00806	0.00557	0.00284	0.00800
5	0.00760	0.00606	0.00685	0.00667	0.00837	0.00544	0.00499	0.01014	0.04545	0.01868	0.32754	0.07932	0.42583	0.01326	0.00674	0.00190	0.00291	0.01134	0.00571	0.00522
6	0.01424	0.01361	0.02314	0.05629	0.74086	0.01366	0.01756	0.01759	0.01309	0.01873	0.01092	0.01443	0.00919	0.00524	0.00574	0.00174	0.00688	0.00515	0.00289	0.00907
7	0.01185	0.01117	0.01882	0.58995	0.22585	0.01303	0.01637	0.01550	0.01196	0.01584	0.01050	0.01521	0.00817	0.00568	0.00578	0.00189	0.00747	0.00514	0.00268	0.00714
8	0.01689	0.01258	0.01615	0.01748	0.20789	0.01309	0.01124	0.10624	0.30058	0.14371	0.01797	0.01780	0.01332	0.00670	0.00571	0.00177	0.00541	0.00566	0.00510	0.07471
9	0.02150	0.01076	0.01327	0.01045	0.01438	0.01033	0.00851	0.20915	0.01900	0.43965	0.12376	0.02307	0.05315	0.00812	0.00600	0.00180	0.00491	0.00658	0.00659	0.00899
10	0.01634	0.01337	0.01414	0.01215	0.01574	0.01522	0.00959	0.21428	0.56397	0.02719	0.02097	0.01961	0.01562	0.00765	0.00587	0.00192	0.00504	0.00618	0.00585	0.00931
11	0.08818	0.01375	0.01671	0.01381	0.01576	0.01727	0.01144	0.27216	0.01537	0.02285	0.00994	0.01291	0.00835	0.00860	0.01287	0.00219	0.44153	0.00495	0.00379	0.00757
12	0.00899	0.00795	0.01389	0.01225	0.01416	0.00742	0.19537	0.01109	0.01214	0.01626	0.06094	0.49761	0.05684	0.01413	0.00721	0.00223	0.00506	0.04606	0.00479	0.00560
13	0.01994	0.01550	0.01883	0.01892	0.20983	0.01675	0.01266	0.55512	0.02339	0.03169	0.01314	0.01409	0.00972	0.00653	0.00578	0.00175	0.00648	0.00519	0.00503	0.00964
14	0.01002	0.00511	0.00756	0.00760	0.00763	0.00507	0.00506	0.00761	0.00770	0.01029	0.01089	0.04549	0.01110	0.01988	0.02184	0.80142	0.00497	0.00543	0.00265	0.00267
15	0.01134	0.01090	0.01598	0.01396	0.01447	0.01407	0.06279	0.01272	0.00978	0.01448	0.01417	0.21452	0.01558	0.01179	0.01500	0.00245	0.52857	0.00809	0.00332	0.00604
16	0.01293	0.21429	0.01665	0.00894	0.01397	0.01160	0.00763	0.01523	0.01191	0.01747	0.00978	0.01142	0.00835	0.00453	0.00417	0.00098	0.00478	0.00337	0.00321	0.61879
17	0.05227	0.55979	0.02575	0.20947	0.02100	0.01969	0.01126	0.01658	0.01160	0.01449	0.00871	0.01101	0.00754	0.00525	0.00427	0.00146	0.00649	0.00365	0.00259	0.00712
18	0.53174	0.02700	0.01196	0.06934	0.01524	0.01427	0.00834	0.20428	0.01457	0.04159	0.01009	0.01135	0.00757	0.00589	0.00440	0.00179	0.00526	0.00389	0.00413	0.00730
19	0.11011	0.01808	0.01346	0.01147	0.01498	0.35216	0.00886	0.07302	0.01476	0.01897	0.01048	0.01212	0.00852	0.00573	0.00499	0.00140	0.02069	0.00388	0.07651	0.21981
20	0.01169	0.01152	0.04752	0.45201	0.10943	0.01173	0.01391	0.01512	0.01179	0.01638	0.01035	0.01431	0.00815	0.00548	0.00571	0.00165	0.02579	0.00467	0.00285	0.21992
21	0.01433	0.01371	0.02331	0.03516	0.76125	0.01368	0.01760	0.01767	0.01313	0.01885	0.01094	0.01440	0.00923	0.00522	0.00574	0.00173	0.00685	0.00515	0.00289	0.00915
22	0.00774	0.00553	0.00744	0.00875	0.00936	0.00526	0.00640	0.00911	0.01164	0.01542	0.03133	0.60507	0.03665	0.01746	0.00753	0.00243	0.00389	0.19873	0.00535	0.00490
23	0.02284	0.01085	0.01595	0.01672	0.20751	0.00985	0.01084	0.02530	0.01561	0.57250	0.01967	0.01833	0.01300	0.00669	0.00581	0.00178	0.00543	0.00564	0.00604	0.00964
24	0.00979	0.00632	0.00823	0.00755	0.00920	0.00576	0.00572	0.01236	0.01623	0.08791	0.67645	0.04116	0.06805	0.01146	0.00673	0.00183	0.00296	0.01003	0.00639	0.00586
25	0.02272	0.01074	0.01344	0.01078	0.01491	0.01034	0.00873	0.05373	0.20651	0.54821	0.02259	0.01998	0.01501	0.00736	0.00585	0.00185	0.00489	0.00597	0.00676	0.00964
26	0.00882	0.00597	0.00888	0.00887	0.00964	0.00670	0.00667	0.00964	0.00886	0.01259	0.01410	0.02138	0.01333	0.03698	0.58002	0.22148	0.01269	0.00588	0.00298	0.00453
27	0.02092	0.01519	0.01623	0.01258	0.01688	0.01672	0.01033	0.67759	0.02564	0.03486	0.01434	0.01465	0.01033	0.00697	0.00565	0.00172	0.00603	0.00522	0.07875	0.00942
28	0.01209	0.00779	0.00813	0.00774	0.00943	0.02696	0.00579	0.13888	0.01453	0.02211	0.02103	0.21923	0.01974	0.00970	0.00526	0.00169	0.00372	0.00813	0.45201	0.00605
29	0.00747	0.00542	0.00743	0.00841	0.00893	0.00541	0.00587	0.00869	0.01061	0.01443	0.02747	0.59424	0.03186	0.02444	0.20539	0.00412	0.00648	0.01368	0.00479	0.00486

[dist]
# distance from previous block
# <min> <max>
0	1

[block]
# block no. 2 follows, 41 sequences, length 17
# corresponding to MSA columns:
# 194-210
name=unknown_C
#
# <colnr> <probs for GDERKNQSTAVLIFYWHMCP>
#	G	D	E	R	K	N	Q	S	T	A	V	L	I	F	Y	W	H	M	C	P
0	0.00824	0.00572	0.00722	0.00726	0.00760	0.00605	0.00473	0.00894	0.00867	0.01190	0.01747	0.05132	0.01907	0.52966	0.27554	0.00667	0.00872	0.00779	0.00338	0.00404
1	0.01623	0.01562	0.02827	0.02049	0.02588	0.01555	0.50069	0.25826	0.01793	0.02418	0.01229	0.01487	0.00903	0.00550	0.00641	0.00186	0.00854	0.00622	0.00383	0.00838
2	0.01274	0.27257	0.02258	0.42260	0.11010	0.01614	0.03723	0.01588	0.01174	0.01480	0.00954	0.01313	0.00772	0.00535	0.00507	0.00166	0.00710	0.00447	0.00255	0.00702
3	0.05139	0.01065	0.01300	0.00986	0.01444	0.00946	0.00805	0.09494	0.04191	0.39167	0.01705	0.01606	0.01165	0.00607	0.00517	0.00147	0.00477	0.00483	0.00554	0.28200
4	0.01165	0.02890	0.01119	0.00855	0.01211	0.00813	0.00675	0.07043	0.03424	0.03769	0.25976	0.05249	0.02507	0.00760	0.00536	0.00134	0.00392	0.00644	0.00473	0.40364
5	0.01281	0.27443	0.12756	0.06984	0.08220	0.03596	0.01149	0.01581	0.01298	0.04356	0.14401	0.05051	0.01874	0.00752	0.00532	0.00165	0.00590	0.05043	0.00365	0.02561
6	0.32225	0.16596	0.01244	0.00790	0.01098	0.06075	0.00665	0.04228	0.01188	0.02147	0.01176	0.01347	0.00942	0.00577	0.00390	0.00150	0.00462	0.00394	0.27678	0.00629
7	0.01009	0.00722	0.00949	0.01071	0.01182	0.00689	0.00854	0.01170	0.01337	0.01770	0.03176	0.30690	0.03541	0.01729	0.00830	0.00279	0.00514	0.47321	0.00576	0.00589
8	0.02432	0.01561	0.01674	0.01323	0.01770	0.06453	0.01064	0.44357	0.02332	0.27726	0.01781	0.01752	0.01249	0.00788	0.00635	0.00200	0.00658	0.00575	0.00646	0.01025
9	0.01426	0.01261	0.01649	0.01966	0.26112	0.05767	0.01171	0.07187	0.01318	0.01812	0.01535	0.08342	0.01530	0.17882	0.05595	0.00338	0.13256	0.00713	0.00390	0.00750
10	0.01801	0.37574	0.17131	0.01374	0.01873	0.27036	0.01304	0.02021	0.01420	0.01606	0.01032	0.01235	0.00884	0.00639	0.00522	0.00172	0.00846	0.00404	0.00316	0.00811
11	0.01816	0.01331	0.01461	0.01240	0.01562	0.01408	0.00961	0.48380	0.02222	0.02991	0.02109	0.27417	0.02046	0.01153	0.00690	0.00220	0.00581	0.00931	0.00606	0.00877
12	0.00941	0.00693	0.00947	0.00984	0.01077	0.00725	0.00721	0.01064	0.01081	0.01523	0.02211	0.27980	0.02341	0.03475	0.50363	0.00702	0.01163	0.00994	0.00434	0.00579
13	0.00890	0.00709	0.00812	0.00806	0.00980	0.00658	0.00601	0.01009	0.01270	0.01619	0.04423	0.04537	0.49695	0.02469	0.26175	0.00461	0.00758	0.01043	0.00505	0.00576
14	0.01100	0.00637	0.00822	0.00815	0.00831	0.00614	0.00519	0.00898	0.00881	0.01191	0.01418	0.02604	0.01497	0.27808	0.02483	0.53950	0.00569	0.00657	0.00336	0.00371
15	0.01435	0.48598	0.04912	0.01013	0.01422	0.01717	0.00922	0.01559	0.01345	0.01636	0.02679	0.02751	0.25852	0.00954	0.00573	0.00189	0.00582	0.00683	0.00415	0.00763
16	0.00973	0.00712	0.00862	0.00905	0.01018	0.00638	0.00639	0.01082	0.01444	0.01964	0.27732	0.38531	0.14153	0.01630	0.00793	0.00249	0.00394	0.05038	0.00630	0.00612

[dist]
# distance from previous block
# <min> <max>
28	113

[block]
# block no. 3 follows, 41 sequences, length 9
# corresponding to MSA columns:
# 325-333
name=unknown_D
#
# <colnr> <probs for GDERKNQSTAVLIFYWHMCP>
#	G	D	E	R	K	N	Q	S	T	A	V	L	I	F	Y	W	H	M	C	P
0	0.27588	0.01084	0.01188	0.00972	0.01369	0.01114	0.00793	0.05619	0.13515	0.38389	0.01777	0.01637	0.01204	0.00663	0.00508	0.00180	0.00474	0.00502	0.00572	0.00853
1	0.00869	0.00731	0.01001	0.01015	0.01038	0.00864	0.00754	0.00976	0.01027	0.01434	0.02408	0.55259	0.02843	0.01547	0.01086	0.00238	0.24674	0.01277	0.00444	0.00515
2	0.58712	0.01065	0.00992	0.00834	0.01216	0.01146	0.00688	0.02024	0.01179	0.25557	0.01249	0.01245	0.00866	0.00586	0.00423	0.00177	0.00456	0.00392	0.00464	0.00729
3	0.02160	0.01188	0.01411	0.01118	0.01528	0.01208	0.00911	0.24941	0.14000	0.37766	0.06101	0.01929	0.01554	0.00738	0.00581	0.00178	0.00513	0.00594	0.00641	0.00938
4	0.01067	0.00951	0.01139	0.01016	0.01180	0.01109	0.00811	0.04618	0.14771	0.01802	0.09491	0.03284	0.29772	0.01130	0.01027	0.00209	0.24687	0.00841	0.00464	0.00631
5	0.01869	0.01376	0.01475	0.01170	0.01571	0.01495	0.00954	0.52758	0.09622	0.05763	0.02222	0.02144	0.13343	0.00821	0.00590	0.00178	0.00551	0.00643	0.00571	0.00886
6	0.00849	0.00659	0.00826	0.00812	0.00993	0.00557	0.00576	0.00996	0.01123	0.01585	0.02490	0.55239	0.02873	0.01368	0.00635	0.00187	0.00360	0.01227	0.00471	0.26174
7	0.01099	0.04720	0.38342	0.01228	0.01823	0.01045	0.01369	0.01527	0.01181	0.01754	0.01363	0.13990	0.01263	0.00708	0.00530	0.00158	0.00622	0.00589	0.00319	0.26370
8	0.00816	0.00527	0.00656	0.00697	0.00707	0.00517	0.00428	0.00807	0.00899	0.01199	0.02089	0.26909	0.02430	0.42952	0.02125	0.13987	0.00476	0.01023	0.00388	0.00367

[dist]
# distance from previous block
# <min> <max>
3	11

[block]
# block no. 4 follows, 41 sequences, length 32
# corresponding to MSA columns:
# 345-376
name=unknown_E
#
# <colnr> <probs for GDERKNQSTAVLIFYWHMCP>
#	G	D	E	R	K	N	Q	S	T	A	V	L	I	F	Y	W	H	M	C	P
0	0.00922	0.00658	0.00922	0.01053	0.01185	0.00658	0.00922	0.01185	0.01317	0.01712	0.03029	0.06452	0.03292	0.01580	0.00790	0.00263	0.00527	0.72480	0.00527	0.00527
1	0.00810	0.00585	0.00765	0.00720	0.00855	0.00540	0.00540	0.01079	0.01619	0.02294	0.76028	0.04273	0.05397	0.01169	0.00675	0.00180	0.00270	0.01034	0.00630	0.00540
2	0.62938	0.01234	0.01066	0.00897	0.01278	0.01409	0.00740	0.20365	0.01414	0.02833	0.00945	0.01043	0.00710	0.00571	0.00410	0.00176	0.00490	0.00362	0.00410	0.00710
3	0.01423	0.01229	0.01293	0.01164	0.01487	0.01423	0.00905	0.03039	0.75297	0.02393	0.02328	0.02134	0.01746	0.00776	0.00582	0.00194	0.00453	0.00647	0.00582	0.00905
4	0.01147	0.02959	0.76934	0.01630	0.02476	0.01328	0.02113	0.01811	0.01208	0.01811	0.01026	0.01208	0.00725	0.00543	0.00543	0.00181	0.00845	0.00423	0.00242	0.00845
5	0.01177	0.01309	0.04454	0.01977	0.02422	0.01191	0.53576	0.01566	0.01281	0.01736	0.01667	0.21564	0.01613	0.00820	0.00686	0.00203	0.00799	0.00913	0.00350	0.00694
6	0.62938	0.01234	0.01066	0.00897	0.01278	0.01409	0.00740	0.20365	0.01414	0.02833	0.00945	0.01043	0.00710	0.00571	0.00410	0.00176	0.00490	0.00362	0.00410	0.00710
7	0.00904	0.00747	0.00819	0.00810	0.01011	0.00745	0.00624	0.01443	0.20308	0.01816	0.08422	0.11730	0.38040	0.01307	0.00669	0.00204	0.00360	0.08891	0.00549	0.00598
8	0.01150	0.00846	0.00995	0.00862	0.01085	0.00852	0.00672	0.19898	0.01870	0.02575	0.51610	0.03620	0.09539	0.01066	0.00648	0.00179	0.00364	0.00914	0.00608	0.00647
9	0.00766	0.00601	0.00704	0.00729	0.00895	0.00539	0.00580	0.00966	0.01369	0.01736	0.18970	0.05504	0.43419	0.01427	0.00705	0.00209	0.00347	0.19479	0.00549	0.00505
10	0.01998	0.01510	0.01854	0.01866	0.20908	0.01624	0.01247	0.52403	0.02284	0.06584	0.01338	0.01411	0.00976	0.00642	0.00571	0.00171	0.00636	0.00516	0.00504	0.00956
11	0.01000	0.00546	0.00593	0.00581	0.00715	0.00535	0.00436	0.01268	0.01307	0.02174	0.20914	0.02682	0.02476	0.00796	0.00470	0.00145	0.00267	0.00662	0.61898	0.00535
12	0.02137	0.02726	0.01621	0.01474	0.01768	0.77602	0.01105	0.02284	0.01621	0.01400	0.00884	0.01031	0.00737	0.00589	0.00516	0.00147	0.01031	0.00368	0.00295	0.00663
13	0.01124	0.01077	0.01725	0.58741	0.03313	0.01394	0.01502	0.01440	0.01075	0.01440	0.00948	0.01455	0.00759	0.00682	0.00907	0.00206	0.20819	0.00506	0.00253	0.00633
14	0.22611	0.01294	0.01941	0.02802	0.57009	0.01340	0.01464	0.01736	0.01218	0.02048	0.01004	0.01291	0.00832	0.00515	0.00512	0.00172	0.00619	0.00458	0.00301	0.00832
15	0.08706	0.00983	0.01291	0.00998	0.01433	0.00874	0.00824	0.02704	0.01587	0.71131	0.02146	0.01870	0.01356	0.00695	0.00559	0.00177	0.00483	0.00555	0.00681	0.00947
16	0.22611	0.01294	0.01941	0.02802	0.57009	0.01340	0.01464	0.01736	0.01218	0.02048	0.01004	0.01291	0.00832	0.00515	0.00512	0.00172	0.00619	0.00458	0.00301	0.00832
17	0.01352	0.01673	0.20721	0.01284	0.01741	0.01398	0.01216	0.02724	0.56267	0.02243	0.01994	0.01896	0.01484	0.00716	0.00572	0.00191	0.00554	0.00589	0.00495	0.00890
18	0.01509	0.01237	0.01672	0.01691	0.20762	0.01143	0.03892	0.15801	0.01536	0.05747	0.01165	0.01331	0.00914	0.00513	0.00506	0.00132	0.00553	0.00441	0.00386	0.39068
19	0.23312	0.01023	0.01191	0.00944	0.01363	0.00977	0.00775	0.02418	0.04957	0.48728	0.01796	0.01640	0.01186	0.00645	0.00508	0.00171	0.00469	0.00493	0.00584	0.06820
20	0.01216	0.02548	0.57771	0.02113	0.21445	0.01336	0.02021	0.01797	0.01232	0.01826	0.01039	0.01261	0.00771	0.00535	0.00549	0.00178	0.00803	0.00445	0.00252	0.00861
21	0.01416	0.01359	0.02322	0.03511	0.76330	0.01359	0.01755	0.01755	0.01302	0.01869	0.01076	0.01416	0.00906	0.00510	0.00566	0.00170	0.00680	0.00510	0.00283	0.00906
22	0.00682	0.00580	0.00588	0.00586	0.00777	0.00486	0.00440	0.00833	0.01319	0.01581	0.09153	0.05446	0.72717	0.01435	0.00676	0.00193	0.00289	0.01199	0.00536	0.00486
23	0.00994	0.00814	0.01189	0.01457	0.20270	0.00792	0.00869	0.01345	0.04988	0.02189	0.53325	0.03439	0.04073	0.00981	0.00642	0.00178	0.00384	0.00881	0.00538	0.00651
24	0.01151	0.00615	0.00624	0.00593	0.00751	0.00628	0.00453	0.06933	0.01314	0.02245	0.01828	0.02074	0.01428	0.00668	0.00413	0.00136	0.00294	0.00532	0.76752	0.00567
25	0.01423	0.01319	0.01839	0.01488	0.01880	0.01438	0.19749	0.04521	0.54481	0.02279	0.02003	0.01963	0.01501	0.00698	0.00606	0.00193	0.00589	0.00651	0.00507	0.00873
26	0.00825	0.00582	0.00764	0.00764	0.00813	0.00631	0.00522	0.00922	0.00873	0.01213	0.01674	0.03032	0.01771	0.43965	0.38423	0.00728	0.01019	0.00728	0.00327	0.00425
27	0.04965	0.07307	0.03041	0.01050	0.01429	0.01303	0.00879	0.33760	0.01956	0.04065	0.20448	0.02067	0.02073	0.00828	0.02140	0.00175	0.00524	0.00604	0.00514	0.10873
28	0.60161	0.00985	0.00799	0.00724	0.01040	0.01092	0.00586	0.03588	0.01108	0.02334	0.02097	0.02117	0.20016	0.00771	0.00443	0.00181	0.00409	0.00546	0.00406	0.00595
29	0.01294	0.01279	0.01898	0.02018	0.20721	0.01651	0.01381	0.01474	0.00986	0.01503	0.00834	0.01294	0.00791	0.00875	0.01540	0.00230	0.58773	0.00503	0.00259	0.00698
30	0.01232	0.01713	0.21188	0.01605	0.01867	0.01619	0.07138	0.01524	0.00998	0.01524	0.00853	0.01263	0.00753	0.00843	0.01441	0.00228	0.52771	0.00494	0.00251	0.00693
31	0.83938	0.01106	0.00841	0.00752	0.01106	0.01283	0.00619	0.01681	0.00973	0.02566	0.00796	0.00929	0.00619	0.00531	0.00354	0.00177	0.00442	0.00310	0.00354	0.00619

[dist]
# distance from previous block
# <min> <max>
0	2

[block]
# block no. 5 follows, 41 sequences, length 13
# corresponding to MSA columns:
# 379-391
name=unknown_F
#
# <colnr> <probs for GDERKNQSTAVLIFYWHMCP>
#	G	D	E	R	K	N	Q	S	T	A	V	L	I	F	Y	W	H	M	C	P
0	0.01186	0.01017	0.01186	0.00847	0.01356	0.00762	0.00678	0.01440	0.01186	0.01864	0.01017	0.01186	0.00847	0.00424	0.00424	0.00085	0.00424	0.00339	0.00339	0.83395
1	0.00739	0.00573	0.00616	0.00610	0.00739	0.00511	0.00422	0.00857	0.01203	0.01510	0.13410	0.04827	0.45263	0.24705	0.01339	0.00299	0.00366	0.01074	0.00489	0.00450
2	0.00975	0.00889	0.01648	0.01362	0.01606	0.00932	0.22548	0.01262	0.01047	0.01478	0.01421	0.02038	0.01263	0.03159	0.54783	0.00704	0.01364	0.00631	0.00301	0.00588
3	0.02528	0.01034	0.01365	0.01047	0.01491	0.00931	0.00865	0.09722	0.01739	0.69648	0.02171	0.01891	0.01373	0.00706	0.00575	0.00176	0.00501	0.00569	0.00695	0.00973
4	0.00695	0.00505	0.00657	0.00778	0.00825	0.00466	0.00523	0.00799	0.01113	0.01467	0.03376	0.73274	0.09890	0.01763	0.00726	0.00229	0.00328	0.01591	0.00531	0.00466
5	0.01225	0.01280	0.04497	0.01745	0.02207	0.01151	0.44311	0.04959	0.01405	0.04424	0.02578	0.02716	0.23223	0.00788	0.00663	0.00191	0.00728	0.00815	0.00387	0.00704
6	0.01180	0.01118	0.01896	0.56252	0.25432	0.01297	0.01638	0.01549	0.01191	0.01582	0.01034	0.01493	0.00805	0.00553	0.00570	0.00184	0.00738	0.00509	0.00263	0.00716
7	0.01843	0.02795	0.23981	0.01520	0.01978	0.54956	0.01404	0.02144	0.01498	0.01522	0.00926	0.01084	0.00733	0.00576	0.00524	0.00157	0.00976	0.00385	0.00279	0.00717
8	0.01235	0.01173	0.01836	0.01311	0.01841	0.00966	0.22522	0.01557	0.01235	0.01854	0.01058	0.01292	0.00853	0.00441	0.00498	0.00117	0.00584	0.00439	0.00324	0.58864
9	0.00827	0.00572	0.00712	0.00712	0.00742	0.00602	0.00456	0.00888	0.00858	0.01174	0.01722	0.03299	0.01887	0.57450	0.25095	0.00663	0.00845	0.00767	0.00335	0.00395
10	0.01236	0.00919	0.01141	0.01014	0.01204	0.01040	0.00791	0.22799	0.01431	0.01975	0.01498	0.02166	0.01364	0.13763	0.41788	0.00624	0.03618	0.00611	0.00389	0.00628
11	0.01186	0.01017	0.01186	0.00847	0.01356	0.00762	0.00678	0.01440	0.01186	0.01864	0.01017	0.01186	0.00847	0.00424	0.00424	0.00085	0.00424	0.00339	0.00339	0.83395
12	0.01418	0.01320	0.02016	0.02814	0.54110	0.01378	0.01503	0.02137	0.23271	0.02024	0.01448	0.01629	0.01155	0.00589	0.00571	0.00177	0.00612	0.00550	0.00372	0.00906

[dist]
# distance from previous block
# <min> <max>
0	3

[block]
# block no. 6 follows, 41 sequences, length 9
# corresponding to MSA columns:
# 395-403
name=unknown_G
#
# <colnr> <probs for GDERKNQSTAVLIFYWHMCP>
#	G	D	E	R	K	N	Q	S	T	A	V	L	I	F	Y	W	H	M	C	P
0	0.01244	0.01025	0.01161	0.01124	0.01379	0.01150	0.00911	0.02377	0.48856	0.02149	0.02578	0.03677	0.02299	0.01063	0.00656	0.00219	0.00479	0.26320	0.00562	0.00770
1	0.00769	0.00554	0.00729	0.00747	0.00846	0.00513	0.00537	0.00978	0.01432	0.01996	0.49982	0.31168	0.04820	0.01392	0.00694	0.00199	0.00292	0.01246	0.00594	0.00513
2	0.54319	0.00901	0.00731	0.00674	0.00949	0.01015	0.00541	0.01557	0.01054	0.02411	0.01179	0.01359	0.00922	0.00579	0.00370	0.00161	0.00380	0.00390	0.29919	0.00589
3	0.01529	0.80242	0.02997	0.00979	0.01468	0.02263	0.00979	0.01713	0.01162	0.01346	0.00795	0.00918	0.00734	0.00489	0.00367	0.00122	0.00612	0.00306	0.00245	0.00734
4	0.00930	0.00538	0.00807	0.00807	0.00844	0.00575	0.00575	0.00844	0.00807	0.01113	0.01186	0.01920	0.01150	0.02810	0.29183	0.53894	0.00867	0.00538	0.00269	0.00342
5	0.01262	0.00986	0.01106	0.00998	0.01260	0.01078	0.00771	0.02326	0.45230	0.06125	0.28665	0.02889	0.03034	0.00913	0.00615	0.00188	0.00389	0.00782	0.00605	0.00778
6	0.01833	0.00846	0.01058	0.00868	0.01216	0.00742	0.00699	0.02097	0.05252	0.46088	0.03525	0.03228	0.28125	0.00976	0.00612	0.00184	0.00415	0.00805	0.00638	0.00795
7	0.01080	0.01017	0.01716	0.78523	0.03940	0.01271	0.01589	0.01461	0.01144	0.01461	0.01017	0.01525	0.00762	0.00572	0.00572	0.00191	0.00762	0.00508	0.00254	0.00635
8	0.00726	0.00591	0.00701	0.00701	0.00862	0.00566	0.00535	0.00893	0.01166	0.01467	0.04271	0.04340	0.49411	0.02464	0.28180	0.00453	0.00734	0.00995	0.00451	0.00493

[dist]
# distance from previous block
# <min> <max>
0	2

[block]
# block no. 7 follows, 41 sequences, length 17
# corresponding to MSA columns:
# 406-422
name=unknown_H
#
# <colnr> <probs for GDERKNQSTAVLIFYWHMCP>
#	G	D	E	R	K	N	Q	S	T	A	V	L	I	F	Y	W	H	M	C	P
0	0.01191	0.08254	0.71670	0.01596	0.02416	0.01401	0.02039	0.01816	0.01216	0.01796	0.01029	0.01213	0.00743	0.00552	0.00539	0.00180	0.00834	0.00421	0.00248	0.00846
1	0.01362	0.55409	0.11560	0.01020	0.01486	0.01826	0.01040	0.01615	0.01266	0.01601	0.15225	0.01620	0.01642	0.00638	0.00455	0.00144	0.00581	0.00466	0.00324	0.00719
2	0.01820	0.01580	0.01433	0.01184	0.01544	0.15974	0.00942	0.40449	0.05791	0.02688	0.02236	0.02211	0.15941	0.00835	0.00586	0.00175	0.00627	0.00637	0.02538	0.00810
3	0.01130	0.01032	0.01695	0.44783	0.21358	0.01162	0.01435	0.01474	0.01285	0.01739	0.15390	0.02047	0.01702	0.00683	0.00598	0.00187	0.00653	0.00615	0.00340	0.00694
4	0.01466	0.08522	0.56595	0.01473	0.02214	0.01316	0.01787	0.02002	0.01297	0.16114	0.01262	0.01352	0.00875	0.00583	0.00544	0.00179	0.00764	0.00449	0.00337	0.00870
5	0.02096	0.16599	0.01942	0.01240	0.01703	0.01803	0.01054	0.54822	0.02323	0.08800	0.01348	0.01355	0.00978	0.00662	0.00541	0.00166	0.00621	0.00485	0.00525	0.00936
6	0.02114	0.01540	0.01646	0.01274	0.01710	0.01697	0.01047	0.69224	0.02594	0.03515	0.01424	0.01450	0.01023	0.00697	0.00568	0.00172	0.00610	0.00522	0.06223	0.00951
7	0.00695	0.00593	0.00593	0.00593	0.00787	0.00494	0.00443	0.00835	0.01315	0.01562	0.05799	0.05517	0.75898	0.01458	0.00683	0.00196	0.00296	0.01211	0.00537	0.00493
8	0.00923	0.00652	0.00878	0.00983	0.01091	0.00649	0.00819	0.01131	0.01235	0.01613	0.02806	0.05944	0.03070	0.16562	0.01203	0.00322	0.00538	0.58581	0.00498	0.00502
9	0.01074	0.00608	0.00805	0.00773	0.00814	0.00618	0.00519	0.06450	0.00935	0.01264	0.01218	0.02127	0.01228	0.16757	0.02193	0.58786	0.00518	0.00569	0.02404	0.00340
10	0.01327	0.01112	0.01177	0.01072	0.01335	0.01265	0.00806	0.02625	0.60858	0.02162	0.02242	0.02464	0.01824	0.15914	0.01035	0.00266	0.00478	0.00687	0.00542	0.00807
11	0.01359	0.01295	0.02198	0.19986	0.60232	0.01349	0.01724	0.01702	0.01278	0.01795	0.01081	0.01464	0.00891	0.00535	0.00575	0.00178	0.00703	0.00515	0.00283	0.00855
12	0.00869	0.00678	0.01042	0.01146	0.07608	0.00771	0.00806	0.01086	0.00953	0.01375	0.01492	0.02174	0.01384	0.03959	0.70892	0.00854	0.01458	0.00604	0.00304	0.00545
13	0.01266	0.01295	0.01995	0.01638	0.01724	0.01706	0.12184	0.01445	0.00947	0.01445	0.00812	0.01295	0.00768	0.00923	0.01697	0.00242	0.67187	0.00527	0.00256	0.00648
14	0.00922	0.00678	0.00915	0.00999	0.01162	0.00649	0.00857	0.01170	0.01294	0.01704	0.02995	0.09579	0.06684	0.01483	0.00749	0.00243	0.00496	0.59141	0.00511	0.07769
15	0.09248	0.00997	0.01166	0.00934	0.01297	0.00980	0.00761	0.15762	0.01671	0.38570	0.01869	0.01795	0.01275	0.00678	0.00513	0.00165	0.00457	0.00531	0.20495	0.00836
16	0.00838	0.00642	0.00947	0.00930	0.01030	0.00751	0.00726	0.01044	0.00978	0.01415	0.08009	0.02375	0.01743	0.03855	0.67175	0.00822	0.05225	0.00644	0.00332	0.00519

[dist]
# distance from previous block
# <min> <max>
0	4

[block]
# block no. 8 follows, 41 sequences, length 19
# corresponding to MSA columns:
# 427-445
name=unknown_I
#
# <colnr> <probs for GDERKNQSTAVLIFYWHMCP>
#	G	D	E	R	K	N	Q	S	T	A	V	L	I	F	Y	W	H	M	C	P
0	0.01891	0.00878	0.01116	0.00875	0.01256	0.00755	0.00708	0.02128	0.01423	0.42165	0.01879	0.01829	0.01302	0.00756	0.03071	0.00172	0.00461	0.00516	0.17912	0.18905
1	0.00958	0.00509	0.00719	0.00719	0.00719	0.00509	0.00464	0.00764	0.00764	0.01019	0.01171	0.02177	0.01231	0.19039	0.02383	0.65235	0.00509	0.00570	0.00270	0.00270
2	0.01851	0.01360	0.01486	0.01202	0.01567	0.01487	0.00965	0.58308	0.02340	0.03135	0.01763	0.18478	0.01588	0.00929	0.00607	0.00185	0.00564	0.00758	0.00563	0.00862
3	0.01198	0.01028	0.01192	0.00864	0.01362	0.00797	0.00690	0.01523	0.05025	0.01891	0.01085	0.01235	0.00894	0.00442	0.00432	0.00090	0.00425	0.00355	0.00351	0.79122
4	0.01031	0.00841	0.01018	0.00910	0.01137	0.00863	0.03427	0.03896	0.23314	0.02224	0.37741	0.03651	0.15531	0.01058	0.00644	0.00186	0.00364	0.00919	0.00585	0.00660
5	0.01095	0.01442	0.18179	0.61694	0.03619	0.01283	0.01703	0.01538	0.01158	0.01538	0.01019	0.01456	0.00754	0.00566	0.00566	0.00189	0.00781	0.00490	0.00251	0.00681
6	0.01186	0.01017	0.01186	0.00847	0.01356	0.00762	0.00678	0.01440	0.01186	0.01864	0.01017	0.01186	0.00847	0.00424	0.00424	0.00085	0.00424	0.00339	0.00339	0.83395
7	0.02147	0.01218	0.01835	0.01381	0.01847	0.01167	0.16952	0.13948	0.07577	0.42860	0.01882	0.01782	0.01252	0.00661	0.00597	0.00181	0.00611	0.00593	0.00585	0.00924
8	0.00986	0.00717	0.00843	0.00786	0.00962	0.00732	0.00597	0.01550	0.17676	0.02289	0.47817	0.03456	0.03958	0.01001	0.00610	0.00175	0.00309	0.00868	0.14049	0.00619
9	0.00906	0.00661	0.00770	0.00688	0.00822	0.00598	0.00451	0.01005	0.01038	0.01467	0.13721	0.03270	0.02350	0.49679	0.02002	0.00391	0.00480	0.00757	0.00391	0.18555
10	0.01257	0.00653	0.00814	0.00759	0.00880	0.00612	0.00510	0.01333	0.01091	0.20828	0.02175	0.17567	0.02228	0.44588	0.01893	0.00396	0.00495	0.00915	0.00475	0.00532
11	0.01335	0.01125	0.01208	0.01110	0.01392	0.01281	0.00852	0.05603	0.60230	0.02291	0.02423	0.14709	0.02046	0.00938	0.00606	0.00199	0.00440	0.00801	0.00573	0.00836
12	0.01519	0.01289	0.01669	0.01347	0.01720	0.01398	0.12851	0.20583	0.35177	0.02594	0.11665	0.02129	0.01892	0.00758	0.00607	0.00186	0.00556	0.00669	0.00538	0.00852
13	0.01343	0.01285	0.02191	0.19693	0.60714	0.01340	0.01719	0.01692	0.01268	0.01781	0.01063	0.01439	0.00875	0.00523	0.00567	0.00174	0.00697	0.00509	0.00277	0.00848
14	0.00943	0.00711	0.00938	0.00966	0.01164	0.00650	0.00805	0.01178	0.01252	0.01704	0.02608	0.17203	0.02837	0.01361	0.00700	0.00219	0.00472	0.45149	0.00486	0.18654
15	0.01368	0.47382	0.04893	0.13604	0.01880	0.01742	0.01051	0.01616	0.01166	0.01494	0.00888	0.01085	0.00763	0.00490	0.00419	0.00127	0.00603	0.00350	0.00267	0.18814
16	0.66129	0.01077	0.00947	0.00810	0.01184	0.01186	0.00668	0.01923	0.01119	0.18798	0.01116	0.01152	0.00794	0.00570	0.00402	0.00177	0.00452	0.00368	0.00431	0.00697
17	0.01258	0.01061	0.01151	0.01070	0.01332	0.01200	0.00817	0.02525	0.57620	0.02233	0.08053	0.14903	0.02355	0.00971	0.00613	0.00199	0.00419	0.00836	0.00577	0.00806
18	0.14261	0.00600	0.00696	0.00786	0.00876	0.00601	0.00546	0.00951	0.01095	0.01672	0.05517	0.63884	0.03329	0.01563	0.00667	0.00221	0.00348	0.01389	0.00506	0.00493

[dist]
# distance from previous block
# <min> <max>
0	1

[block]
# block no. 9 follows, 41 sequences, length 16
# corresponding to MSA columns:
# 447-462
name=unknown_J
#
# <colnr> <probs for GDERKNQSTAVLIFYWHMCP>
#	G	D	E	R	K	N	Q	S	T	A	V	L	I	F	Y	W	H	M	C	P
0	0.01623	0.68822	0.02811	0.01028	0.01512	0.02192	0.00994	0.12271	0.01384	0.01674	0.00879	0.00984	0.00769	0.00518	0.00397	0.00130	0.00614	0.00336	0.00292	0.00769
1	0.00708	0.00565	0.00636	0.00661	0.00809	0.00493	0.00485	0.00866	0.01309	0.01649	0.16126	0.21127	0.47547	0.01482	0.00691	0.00201	0.00302	0.03305	0.00546	0.00489
2	0.01273	0.00597	0.00840	0.00780	0.00865	0.00571	0.00541	0.01151	0.00929	0.15593	0.01354	0.02070	0.01233	0.13055	0.02014	0.55317	0.00503	0.00561	0.00351	0.00402
3	0.13430	0.53495	0.02335	0.00920	0.01394	0.01832	0.00869	0.01656	0.01139	0.01623	0.00838	0.00971	0.00739	0.00483	0.00376	0.00123	0.00551	0.00313	0.00279	0.16634
4	0.00828	0.00639	0.00854	0.15672	0.01351	0.00673	0.00660	0.00956	0.01020	0.01327	0.02489	0.19463	0.12718	0.32304	0.06264	0.00387	0.00570	0.00977	0.00392	0.00457
5	0.00994	0.15931	0.01212	0.00861	0.01041	0.00892	0.00690	0.02571	0.01321	0.03709	0.21894	0.31211	0.03441	0.01299	0.00646	0.00199	0.00405	0.10609	0.00507	0.00568
6	0.00828	0.00539	0.00667	0.00693	0.00705	0.00539	0.00426	0.00824	0.00875	0.01173	0.01928	0.17952	0.02210	0.48908	0.06975	0.12539	0.00563	0.00923	0.00365	0.00365
7	0.01386	0.16858	0.16891	0.02659	0.47623	0.01527	0.01675	0.01758	0.01257	0.01757	0.01012	0.01279	0.00838	0.00512	0.00523	0.00163	0.00699	0.00454	0.00268	0.00861
8	0.01505	0.01543	0.02994	0.02165	0.02698	0.01521	0.57364	0.15792	0.01590	0.02156	0.01183	0.01499	0.00884	0.00541	0.00701	0.00191	0.03888	0.00638	0.00342	0.00805
9	0.01489	0.01381	0.01516	0.01249	0.01555	0.17378	0.14898	0.07654	0.12196	0.02072	0.01548	0.01724	0.01197	0.00632	0.00518	0.00160	0.00620	0.00540	0.30976	0.00696
10	0.01684	0.53994	0.06853	0.01124	0.01610	0.08622	0.01075	0.15768	0.01498	0.01812	0.00927	0.01032	0.00780	0.00539	0.00429	0.00137	0.00665	0.00358	0.00312	0.00780
11	0.01186	0.01017	0.01186	0.00847	0.01356	0.00762	0.00678	0.01440	0.01186	0.01864	0.01017	0.01186	0.00847	0.00424	0.00424	0.00085	0.00424	0.00339	0.00339	0.83395
12	0.01738	0.01092	0.01427	0.01497	0.15774	0.01112	0.00975	0.08507	0.19438	0.25227	0.01925	0.03876	0.01510	0.12209	0.00918	0.00235	0.00534	0.00636	0.00527	0.00841
13	0.01076	0.00598	0.00786	0.00814	0.00921	0.00550	0.00564	0.01185	0.01161	0.15902	0.02784	0.53582	0.03080	0.12926	0.01017	0.00268	0.00394	0.01308	0.00538	0.00545
14	0.02100	0.01580	0.01672	0.03120	0.01787	0.03735	0.01076	0.67185	0.04141	0.03428	0.01386	0.01406	0.00992	0.00683	0.00566	0.00171	0.00629	0.00514	0.02886	0.00943
15	0.00712	0.00510	0.00678	0.00786	0.00833	0.00475	0.00532	0.00835	0.01167	0.01575	0.13150	0.69201	0.04005	0.01707	0.00722	0.00225	0.00323	0.01545	0.00545	0.00475

[dist]
# distance from previous block
# <min> <max>
1	296

# created by:
# /software/SequenceAnalysis/GenePrediction/augustus/3.0.1/scripts/msa2prfl.pl ./fixed/BUSCOvEOG77DBVT.fas
