[name]
unknown

[dist]
# distance from previous block
# <min> <max>
6	54

[block]
# block no. 0 follows, 41 sequences, length 67
# corresponding to MSA columns:
# 54-120
name=unknown_A
#
# <colnr> <probs for GDERKNQSTAVLIFYWHMCP>
#	G	D	E	R	K	N	Q	S	T	A	V	L	I	F	Y	W	H	M	C	P
0	0.73691	0.01127	0.00925	0.00803	0.01169	0.01283	0.00662	0.06101	0.01120	0.07514	0.00927	0.01023	0.00693	0.00552	0.00382	0.00177	0.00457	0.00339	0.00390	0.00664
1	0.01256	0.02639	0.65542	0.01532	0.02297	0.01248	0.01914	0.01853	0.01229	0.08571	0.01168	0.01337	0.00829	0.00782	0.05153	0.00225	0.00854	0.00448	0.00288	0.00837
2	0.01211	0.01026	0.01167	0.01148	0.05746	0.01126	0.00828	0.02302	0.46762	0.02270	0.20847	0.02887	0.08429	0.00911	0.00611	0.00189	0.00408	0.00779	0.00572	0.00781
3	0.01349	0.01520	0.03246	0.02427	0.06775	0.01456	0.67105	0.01807	0.01326	0.01813	0.01134	0.01523	0.00865	0.00507	0.00724	0.00194	0.04511	0.00658	0.00287	0.00772
4	0.00697	0.00498	0.00664	0.00796	0.00830	0.00465	0.00531	0.00796	0.01095	0.01460	0.03153	0.79525	0.03783	0.01792	0.00730	0.00232	0.00332	0.01626	0.00531	0.00465
5	0.01087	0.00582	0.00640	0.00711	0.05188	0.00582	0.00481	0.01358	0.01206	0.02117	0.01819	0.02090	0.01433	0.00657	0.00410	0.00135	0.00291	0.00532	0.78126	0.00555
6	0.01415	0.01206	0.01287	0.01155	0.01470	0.01394	0.00901	0.05650	0.68075	0.02375	0.02244	0.02112	0.01698	0.00983	0.05186	0.00236	0.00524	0.00640	0.00565	0.00884
7	0.01507	0.01271	0.01341	0.01181	0.01520	0.01462	0.00926	0.11086	0.67112	0.02529	0.02220	0.02048	0.01659	0.00766	0.00581	0.00191	0.00473	0.00632	0.00581	0.00913
8	0.01323	0.01279	0.01638	0.51307	0.03102	0.10537	0.01384	0.10177	0.01380	0.01709	0.01314	0.01671	0.05285	0.00663	0.00640	0.00186	0.04888	0.00534	0.00313	0.00669
9	0.01066	0.00533	0.00533	0.00533	0.00666	0.00533	0.00400	0.01333	0.01200	0.02132	0.01866	0.02132	0.01466	0.00666	0.00400	0.00133	0.00267	0.00533	0.83073	0.00533
10	0.01144	0.00660	0.00866	0.00771	0.00968	0.00596	0.00594	0.01400	0.01609	0.16691	0.58775	0.03874	0.07598	0.01092	0.00655	0.00180	0.00313	0.00953	0.00641	0.00621
11	0.00709	0.00506	0.00677	0.00810	0.00848	0.00475	0.00552	0.00817	0.01107	0.01473	0.03146	0.75654	0.03757	0.01781	0.00733	0.00234	0.00342	0.05379	0.00531	0.00468
12	0.01416	0.01359	0.02322	0.03511	0.76330	0.01359	0.01755	0.01755	0.01302	0.01869	0.01076	0.01416	0.00906	0.00510	0.00566	0.00170	0.00680	0.00510	0.00283	0.00906
13	0.01147	0.02959	0.76934	0.01630	0.02476	0.01328	0.02113	0.01811	0.01208	0.01811	0.01026	0.01208	0.00725	0.00543	0.00543	0.00181	0.00845	0.00423	0.00242	0.00845
14	0.00697	0.00498	0.00664	0.00796	0.00830	0.00465	0.00531	0.00796	0.01095	0.01460	0.03153	0.79525	0.03783	0.01792	0.00730	0.00232	0.00332	0.01626	0.00531	0.00465
15	0.04325	0.02813	0.70127	0.01638	0.02450	0.01333	0.05878	0.01808	0.01206	0.01841	0.01025	0.01215	0.00728	0.00540	0.00543	0.00182	0.00836	0.00432	0.00248	0.00833
16	0.01613	0.01309	0.01385	0.01180	0.01537	0.01481	0.00936	0.24751	0.49206	0.02719	0.02218	0.02079	0.05416	0.00784	0.00584	0.00187	0.00498	0.00636	0.00576	0.00904
17	0.00697	0.00498	0.00664	0.00796	0.00830	0.00465	0.00531	0.00796	0.01095	0.01460	0.03153	0.79525	0.03783	0.01792	0.00730	0.00232	0.00332	0.01626	0.00531	0.00465
18	0.80362	0.01100	0.00862	0.00764	0.01122	0.01264	0.00629	0.01730	0.01003	0.05826	0.00861	0.00974	0.00654	0.00539	0.00364	0.00177	0.00444	0.00321	0.00370	0.00635
19	0.05764	0.01375	0.02253	0.03306	0.69482	0.02750	0.03199	0.01763	0.01292	0.01896	0.01059	0.01386	0.00887	0.00512	0.00556	0.00170	0.00679	0.00500	0.00287	0.00884
20	0.01441	0.47371	0.26232	0.01280	0.01886	0.01855	0.06176	0.01797	0.01209	0.04694	0.00953	0.01094	0.00769	0.00515	0.00452	0.00148	0.00703	0.00378	0.00266	0.00782
21	0.00697	0.00498	0.00664	0.00796	0.00830	0.00465	0.00531	0.00796	0.01095	0.01460	0.03153	0.79525	0.03783	0.01792	0.00730	0.00232	0.00332	0.01626	0.00531	0.00465
22	0.00817	0.00613	0.00919	0.00919	0.01021	0.00715	0.00715	0.01021	0.00919	0.01328	0.01532	0.02247	0.01430	0.04290	0.77631	0.00919	0.01532	0.00613	0.00306	0.00511
23	0.83938	0.01106	0.00841	0.00752	0.01106	0.01283	0.00619	0.01681	0.00973	0.02566	0.00796	0.00929	0.00619	0.00531	0.00354	0.00177	0.00442	0.00310	0.00354	0.00619
24	0.02566	0.00973	0.01327	0.01018	0.01460	0.00841	0.00841	0.02788	0.01637	0.76726	0.02257	0.01947	0.01416	0.00708	0.00575	0.00177	0.00487	0.00575	0.00708	0.00973
25	0.01408	0.01352	0.02308	0.05155	0.74743	0.01357	0.01752	0.01749	0.01299	0.01860	0.01075	0.01418	0.00903	0.00511	0.00566	0.00170	0.00681	0.00510	0.00282	0.00900
26	0.00698	0.00510	0.00657	0.00768	0.00824	0.00469	0.00520	0.00808	0.01136	0.01496	0.05740	0.68391	0.12416	0.01732	0.00722	0.00226	0.00325	0.01558	0.00534	0.00469
27	0.00676	0.00579	0.00579	0.00579	0.00773	0.00483	0.00435	0.00821	0.01304	0.01545	0.05794	0.05505	0.76098	0.01449	0.00676	0.00193	0.00290	0.01207	0.00531	0.00483
28	0.02204	0.00881	0.01199	0.00975	0.01338	0.00768	0.00781	0.02402	0.01532	0.62136	0.02430	0.16985	0.01875	0.00918	0.00605	0.00188	0.00457	0.00779	0.00674	0.00875
29	0.01350	0.01543	0.03375	0.02411	0.02989	0.01446	0.74253	0.01832	0.01350	0.01832	0.01157	0.01543	0.00868	0.00482	0.00675	0.00193	0.00964	0.00675	0.00289	0.00771
30	0.01326	0.01246	0.02077	0.30505	0.47056	0.01345	0.01667	0.04704	0.01303	0.01795	0.01067	0.01453	0.00857	0.00540	0.00569	0.00177	0.00707	0.00509	0.00285	0.00811
31	0.00989	0.00564	0.00596	0.00588	0.00671	0.00568	0.00391	0.02620	0.01073	0.01726	0.01829	0.02804	0.01718	0.34479	0.01475	0.00314	0.00397	0.00660	0.46075	0.00463
32	0.01350	0.01543	0.03375	0.02411	0.02989	0.01446	0.74253	0.01832	0.01350	0.01832	0.01157	0.01543	0.00868	0.00482	0.00675	0.00193	0.00964	0.00675	0.00289	0.00771
33	0.00790	0.00580	0.00741	0.00710	0.00845	0.00530	0.00529	0.01039	0.01560	0.02176	0.65269	0.08348	0.12289	0.01230	0.00678	0.00184	0.00275	0.01083	0.00615	0.00530
34	0.01101	0.01055	0.01816	0.71746	0.03812	0.01295	0.05921	0.01481	0.01148	0.01481	0.01017	0.01518	0.00768	0.00579	0.00616	0.00192	0.03034	0.00518	0.00256	0.00643
35	0.01996	0.02165	0.01698	0.01631	0.09941	0.44238	0.01157	0.21447	0.01838	0.02045	0.01174	0.01302	0.03000	0.00645	0.00585	0.00161	0.03385	0.00452	0.00373	0.00766
36	0.01066	0.00533	0.00533	0.00533	0.00666	0.00533	0.00400	0.01333	0.01200	0.02132	0.01866	0.02132	0.01466	0.00666	0.00400	0.00133	0.00267	0.00533	0.83073	0.00533
37	0.01627	0.01198	0.01405	0.01119	0.04784	0.01092	0.00861	0.22883	0.01676	0.10084	0.01251	0.01329	0.00945	0.00533	0.00489	0.00123	0.00501	0.00422	0.00443	0.47234
38	0.01251	0.01251	0.01752	0.01502	0.01502	0.01752	0.01251	0.01377	0.00876	0.01377	0.00751	0.01251	0.00751	0.01001	0.01877	0.00250	0.78851	0.00501	0.00250	0.00626
39	0.00842	0.00584	0.00688	0.00694	0.00703	0.00602	0.00426	0.00867	0.00877	0.01177	0.01927	0.10226	0.02222	0.66471	0.02588	0.00501	0.03826	0.04035	0.00366	0.00376
40	0.01412	0.01369	0.02377	0.03453	0.72445	0.01364	0.05596	0.01759	0.01305	0.01867	0.01080	0.01422	0.00904	0.00508	0.00572	0.00171	0.00695	0.00518	0.00283	0.00899
41	0.01967	0.13248	0.03961	0.01502	0.05658	0.51526	0.01152	0.09247	0.01614	0.01645	0.00930	0.01080	0.00769	0.00591	0.00541	0.00151	0.02998	0.00387	0.00312	0.00720
42	0.03804	0.01032	0.01270	0.00947	0.01419	0.00865	0.00772	0.06058	0.01466	0.35482	0.01586	0.01531	0.01103	0.00568	0.00498	0.00133	0.00464	0.00454	0.00517	0.40032
43	0.00857	0.00595	0.00780	0.00728	0.00871	0.00548	0.00548	0.01125	0.01620	0.04291	0.74049	0.04210	0.05290	0.01157	0.00672	0.00180	0.00276	0.01022	0.00632	0.00551
44	0.10302	0.01438	0.01539	0.03415	0.01699	0.01541	0.00986	0.52794	0.02220	0.03148	0.01245	0.01301	0.00910	0.00624	0.00525	0.00158	0.00580	0.00465	0.00502	0.14606
45	0.63183	0.01072	0.00965	0.00820	0.01196	0.01170	0.00676	0.01964	0.01143	0.21482	0.01169	0.01189	0.00823	0.00576	0.00410	0.00177	0.00454	0.00377	0.00444	0.00710
46	0.02186	0.01584	0.01705	0.01307	0.01765	0.01747	0.01080	0.72351	0.02659	0.05720	0.01399	0.01390	0.00986	0.00687	0.00572	0.00172	0.00625	0.00517	0.00576	0.00973
47	0.01326	0.06031	0.55455	0.01561	0.02292	0.01344	0.06795	0.01999	0.07579	0.08417	0.01244	0.01361	0.00883	0.00571	0.00551	0.00180	0.00778	0.00467	0.00315	0.00852
48	0.01066	0.00533	0.00533	0.00533	0.00666	0.00533	0.00400	0.01333	0.01200	0.02132	0.01866	0.02132	0.01466	0.00666	0.00400	0.00133	0.00267	0.00533	0.83073	0.00533
49	0.00697	0.00498	0.00664	0.00796	0.00830	0.00465	0.00531	0.00796	0.01095	0.01460	0.03153	0.79525	0.03783	0.01792	0.00730	0.00232	0.00332	0.01626	0.00531	0.00465
50	0.00727	0.00546	0.00788	0.00870	0.00928	0.00509	0.03903	0.00844	0.01107	0.01477	0.03061	0.75958	0.03650	0.01732	0.00728	0.00230	0.00361	0.01583	0.00520	0.00479
51	0.02189	0.01579	0.01702	0.01305	0.01762	0.01739	0.01078	0.71774	0.02650	0.06309	0.01406	0.01394	0.00989	0.00687	0.00572	0.00172	0.00624	0.00517	0.00577	0.00973
52	0.00900	0.00643	0.00896	0.01028	0.01150	0.00639	0.00883	0.01147	0.01295	0.01687	0.03041	0.13665	0.03340	0.01601	0.00784	0.00260	0.00507	0.65486	0.00527	0.00521
53	0.00834	0.00639	0.00773	0.00761	0.00907	0.00615	0.00561	0.01201	0.09732	0.02017	0.41800	0.18828	0.16585	0.01293	0.00675	0.00194	0.00306	0.01135	0.00589	0.00557
54	0.10628	0.05256	0.58449	0.01449	0.02188	0.01309	0.01782	0.01888	0.01221	0.09142	0.01112	0.01238	0.00780	0.00556	0.00519	0.00178	0.00757	0.00421	0.00300	0.00828
55	0.07772	0.17063	0.52725	0.01404	0.02121	0.01470	0.01710	0.01841	0.01207	0.06260	0.01039	0.01176	0.00759	0.00542	0.00498	0.00170	0.00749	0.00401	0.00279	0.00815
56	0.61573	0.03737	0.01061	0.00873	0.01237	0.01383	0.00717	0.09023	0.11650	0.02604	0.01070	0.01143	0.00817	0.00580	0.00408	0.00177	0.00468	0.00377	0.00404	0.00698
57	0.02137	0.02726	0.01621	0.01474	0.01768	0.77602	0.01105	0.02284	0.01621	0.01400	0.00884	0.01031	0.00737	0.00589	0.00516	0.00147	0.01031	0.00368	0.00295	0.00663
58	0.01209	0.01030	0.01199	0.00858	0.01365	0.00786	0.00687	0.03162	0.01222	0.01905	0.01025	0.01191	0.00850	0.00430	0.00427	0.00087	0.00428	0.00343	0.00344	0.81450
59	0.01251	0.01251	0.01752	0.01502	0.01502	0.01752	0.01251	0.01377	0.00876	0.01377	0.00751	0.01251	0.00751	0.01001	0.01877	0.00250	0.78851	0.00501	0.00250	0.00626
60	0.01290	0.01318	0.01743	0.05023	0.01627	0.05715	0.01259	0.01428	0.00927	0.01382	0.00770	0.01252	0.00751	0.00960	0.01746	0.00242	0.71191	0.00494	0.00253	0.00628
61	0.00818	0.00609	0.00898	0.00898	0.00993	0.00704	0.00689	0.01008	0.00913	0.01312	0.01551	0.02353	0.01476	0.09655	0.72329	0.00893	0.01463	0.00628	0.00309	0.00499
62	0.00832	0.00555	0.00624	0.00624	0.00624	0.00555	0.00347	0.00832	0.00832	0.01109	0.01802	0.03743	0.02080	0.79898	0.02911	0.00555	0.00555	0.00832	0.00347	0.00347
63	0.00814	0.00603	0.00763	0.00729	0.00872	0.00562	0.00548	0.01109	0.03951	0.02183	0.62859	0.07141	0.12035	0.01214	0.00676	0.00185	0.00284	0.02314	0.00613	0.00543
64	0.02566	0.00973	0.01327	0.01018	0.01460	0.00841	0.00841	0.02788	0.01637	0.76726	0.02257	0.01947	0.01416	0.00708	0.00575	0.00177	0.00487	0.00575	0.00708	0.00973
65	0.01470	0.01252	0.01320	0.01174	0.01505	0.01445	0.00917	0.07519	0.70741	0.02469	0.02268	0.02086	0.01698	0.00770	0.00581	0.00193	0.00464	0.00638	0.00581	0.00910
66	0.01350	0.01543	0.03375	0.02411	0.02989	0.01446	0.74253	0.01832	0.01350	0.01832	0.01157	0.01543	0.00868	0.00482	0.00675	0.00193	0.00964	0.00675	0.00289	0.00771

[dist]
# distance from previous block
# <min> <max>
11	166

# created by:
# /software/SequenceAnalysis/GenePrediction/augustus/3.0.1/scripts/msa2prfl.pl ./fixed/BUSCOvEOG79CRPH.fas
