[name]
unknown

[dist]
# distance from previous block
# <min> <max>
0	135

[block]
# block no. 0 follows, 40 sequences, length 48
# corresponding to MSA columns:
# 139-186
name=unknown_A
#
# <colnr> <probs for GDERKNQSTAVLIFYWHMCP>
#	G	D	E	R	K	N	Q	S	T	A	V	L	I	F	Y	W	H	M	C	P
0	0.00872	0.00632	0.00846	0.00895	0.01034	0.00606	0.00739	0.01134	0.01467	0.01977	0.33739	0.05562	0.09321	0.01422	0.00746	0.00227	0.00409	0.37256	0.00580	0.00538
1	0.01259	0.01377	0.02893	0.02123	0.02600	0.01311	0.58302	0.01679	0.01345	0.01835	0.06272	0.10322	0.01508	0.00702	0.00736	0.00202	0.03652	0.00811	0.00343	0.00729
2	0.01434	0.01035	0.01189	0.01000	0.01282	0.01087	0.00791	0.26236	0.10116	0.05651	0.39394	0.03007	0.03387	0.00959	0.00636	0.00182	0.00428	0.00810	0.00618	0.00757
3	0.00853	0.00601	0.00822	0.00822	0.00899	0.00668	0.00599	0.01006	0.00929	0.01345	0.01659	0.02706	0.01643	0.25327	0.50898	0.00774	0.01187	0.00680	0.06109	0.00474
4	0.01555	0.79913	0.03047	0.00995	0.01493	0.02301	0.00995	0.01741	0.01182	0.01368	0.00808	0.00933	0.00746	0.00498	0.00373	0.00124	0.00622	0.00311	0.00249	0.00746
5	0.00709	0.00506	0.00675	0.00810	0.00843	0.00472	0.00540	0.00810	0.01113	0.01484	0.03205	0.79184	0.03846	0.01822	0.00742	0.00236	0.00337	0.01653	0.00540	0.00472
6	0.02368	0.01111	0.01348	0.01062	0.01480	0.03626	0.00867	0.10606	0.06889	0.55655	0.02126	0.01908	0.01393	0.00715	0.00571	0.00177	0.00513	0.00573	0.06067	0.00944
7	0.25019	0.01027	0.01213	0.00960	0.01385	0.00979	0.00793	0.02523	0.01478	0.55956	0.01884	0.01693	0.01216	0.00670	0.00523	0.00180	0.00482	0.00510	0.00620	0.00890
8	0.00709	0.00506	0.00675	0.00810	0.00843	0.00472	0.00540	0.00810	0.01113	0.01484	0.03205	0.79184	0.03846	0.01822	0.00742	0.00236	0.00337	0.01653	0.00540	0.00472
9	0.01171	0.01103	0.01860	0.57445	0.21290	0.01288	0.01619	0.01545	0.01219	0.01615	0.03632	0.01620	0.00974	0.00587	0.00584	0.00188	0.00737	0.00536	0.00279	0.00709
10	0.01432	0.55687	0.26201	0.01204	0.01815	0.02002	0.01358	0.01773	0.01196	0.01517	0.00883	0.01026	0.00743	0.00515	0.00430	0.00143	0.00697	0.00348	0.00248	0.00782
11	0.00831	0.00623	0.00935	0.00935	0.01038	0.00727	0.00727	0.01038	0.00935	0.01350	0.01558	0.02285	0.01454	0.04361	0.77259	0.00935	0.01558	0.00623	0.00312	0.00519
12	0.01010	0.00505	0.00758	0.00758	0.00758	0.00505	0.00505	0.00758	0.00758	0.01010	0.01010	0.01768	0.01010	0.02020	0.02273	0.83081	0.00505	0.00505	0.00253	0.00253
13	0.13318	0.01398	0.01388	0.01150	0.01510	0.07935	0.00917	0.37721	0.02007	0.10565	0.01676	0.14717	0.01456	0.00863	0.00574	0.00184	0.00582	0.00682	0.00534	0.00823
14	0.00974	0.00846	0.01078	0.01040	0.01146	0.06210	0.00815	0.01168	0.00980	0.01361	0.01424	0.02086	0.01328	0.03728	0.63544	0.00804	0.10029	0.00593	0.00304	0.00543
15	0.00709	0.00506	0.00675	0.00810	0.00843	0.00472	0.00540	0.00810	0.01113	0.01484	0.03205	0.79184	0.03846	0.01822	0.00742	0.00236	0.00337	0.01653	0.00540	0.00472
16	0.01258	0.21166	0.59195	0.01501	0.02275	0.01575	0.01876	0.01818	0.01217	0.01730	0.00988	0.01158	0.00739	0.00540	0.00510	0.00170	0.00803	0.00402	0.00246	0.00833
17	0.01119	0.01055	0.01783	0.73508	0.08496	0.01298	0.01626	0.01504	0.01173	0.01512	0.01037	0.01543	0.00784	0.00577	0.00581	0.00192	0.00770	0.00517	0.00260	0.00663
18	0.01105	0.01043	0.01746	0.75210	0.03910	0.01311	0.01602	0.01482	0.01152	0.01482	0.01023	0.01540	0.00775	0.00598	0.00633	0.00196	0.03772	0.00516	0.00258	0.00646
19	0.00709	0.00506	0.00675	0.00810	0.00843	0.00472	0.00540	0.00810	0.01113	0.01484	0.03205	0.79184	0.03846	0.01822	0.00742	0.00236	0.00337	0.01653	0.00540	0.00472
20	0.00837	0.00560	0.00637	0.00646	0.00648	0.00558	0.00365	0.00843	0.00863	0.01151	0.01922	0.08752	0.02228	0.74461	0.02814	0.00542	0.00549	0.00899	0.00365	0.00360
21	0.02009	0.01434	0.01529	0.01195	0.01601	0.01577	0.00980	0.60967	0.02462	0.03396	0.01486	0.01535	0.01079	0.00694	0.00550	0.00168	0.00574	0.00527	0.15328	0.00909
22	0.01098	0.01034	0.01744	0.78165	0.04005	0.01292	0.01615	0.01486	0.01163	0.01486	0.01034	0.01550	0.00775	0.00581	0.00581	0.00194	0.00775	0.00517	0.00258	0.00646
23	0.00709	0.00506	0.00675	0.00810	0.00843	0.00472	0.00540	0.00810	0.01113	0.01484	0.03205	0.79184	0.03846	0.01822	0.00742	0.00236	0.00337	0.01653	0.00540	0.00472
24	0.01189	0.02849	0.68465	0.01745	0.02575	0.01364	0.10074	0.01844	0.01244	0.01844	0.01058	0.01265	0.00753	0.00546	0.00567	0.00185	0.00873	0.00458	0.00251	0.00851
25	0.01512	0.71409	0.11175	0.01068	0.01606	0.02196	0.01123	0.01752	0.01187	0.01421	0.00834	0.00965	0.00745	0.00504	0.00393	0.00131	0.00648	0.00324	0.00248	0.00759
26	0.09944	0.00658	0.00732	0.00716	0.00899	0.00623	0.00556	0.01078	0.01424	0.02022	0.34342	0.04650	0.30825	0.01263	0.00662	0.00196	0.00327	0.07987	0.00562	0.00535
27	0.00831	0.00623	0.00935	0.00935	0.01038	0.00727	0.00727	0.01038	0.00935	0.01350	0.01558	0.02285	0.01454	0.04361	0.77259	0.00935	0.01558	0.00623	0.00312	0.00519
28	0.01289	0.01053	0.01744	0.64404	0.08772	0.01250	0.01543	0.01656	0.01230	0.09791	0.01177	0.01590	0.00859	0.00592	0.00581	0.00191	0.00738	0.00524	0.00311	0.00703
29	0.01378	0.01136	0.01298	0.00943	0.01451	0.00952	0.00761	0.13915	0.01468	0.02199	0.01096	0.01239	0.00883	0.00477	0.00457	0.00101	0.00467	0.00375	0.00385	0.69020
30	0.01575	0.01220	0.01319	0.01167	0.01509	0.01381	0.00913	0.03062	0.66789	0.10604	0.02359	0.02149	0.01738	0.00781	0.00591	0.00195	0.00464	0.00649	0.00606	0.00928
31	0.00754	0.00592	0.00681	0.00659	0.00826	0.00519	0.00494	0.00964	0.01483	0.01945	0.40125	0.04982	0.41233	0.01333	0.00687	0.00190	0.00285	0.01141	0.00589	0.00519
32	0.05107	0.02011	0.01551	0.01367	0.01626	0.41879	0.01062	0.07117	0.01528	0.09909	0.01211	0.06340	0.01043	0.00773	0.00793	0.00181	0.14901	0.00514	0.00376	0.00709
33	0.01439	0.01382	0.02360	0.03569	0.75936	0.01382	0.01785	0.01785	0.01324	0.01900	0.01094	0.01439	0.00921	0.00518	0.00576	0.00173	0.00691	0.00518	0.00288	0.00921
34	0.00709	0.00506	0.00675	0.00810	0.00843	0.00472	0.00540	0.00810	0.01113	0.01484	0.03205	0.79184	0.03846	0.01822	0.00742	0.00236	0.00337	0.01653	0.00540	0.00472
35	0.01358	0.01283	0.02096	0.21343	0.50313	0.01367	0.01648	0.01857	0.09419	0.01859	0.01220	0.01547	0.00980	0.00563	0.00579	0.00181	0.00686	0.00533	0.00314	0.00855
36	0.01372	0.01184	0.01243	0.01125	0.01441	0.01352	0.00873	0.02868	0.67646	0.02348	0.02714	0.02507	0.09050	0.00856	0.00601	0.00197	0.00444	0.00714	0.00587	0.00878
37	0.02211	0.01629	0.01745	0.01338	0.01803	0.01803	0.01105	0.73997	0.02734	0.03665	0.01396	0.01396	0.00989	0.00698	0.00582	0.00175	0.00640	0.00524	0.00582	0.00989
38	0.00709	0.00506	0.00675	0.00810	0.00843	0.00472	0.00540	0.00810	0.01113	0.01484	0.03205	0.79184	0.03846	0.01822	0.00742	0.00236	0.00337	0.01653	0.00540	0.00472
39	0.00839	0.00588	0.00759	0.00759	0.00803	0.00632	0.00508	0.00926	0.00883	0.01220	0.01718	0.03172	0.01839	0.48217	0.33930	0.00718	0.00978	0.00753	0.00335	0.00422
40	0.01098	0.01034	0.01744	0.78165	0.04005	0.01292	0.01615	0.01486	0.01163	0.01486	0.01034	0.01550	0.00775	0.00581	0.00581	0.00194	0.00775	0.00517	0.00258	0.00646
41	0.00839	0.00589	0.00760	0.00760	0.00804	0.00632	0.00510	0.00927	0.00883	0.01221	0.01717	0.03167	0.01837	0.47987	0.34157	0.00719	0.00981	0.00752	0.00335	0.00422
42	0.00831	0.00623	0.00935	0.00935	0.01038	0.00727	0.00727	0.01038	0.00935	0.01350	0.01558	0.02285	0.01454	0.04361	0.77259	0.00935	0.01558	0.00623	0.00312	0.00519
43	0.00732	0.00531	0.00692	0.00779	0.00845	0.00490	0.00536	0.00874	0.01244	0.01676	0.19291	0.58140	0.08693	0.01661	0.00726	0.00222	0.00321	0.01494	0.00562	0.00490
44	0.00788	0.00593	0.00728	0.00694	0.00847	0.00534	0.00521	0.01029	0.01563	0.02134	0.57457	0.04670	0.23782	0.01263	0.00686	0.00186	0.00280	0.01097	0.00614	0.00534
45	0.01210	0.01218	0.01259	0.01175	0.01301	0.17508	0.00922	0.01389	0.01080	0.01376	0.01256	0.01814	0.01163	0.02877	0.45550	0.00628	0.16853	0.00546	0.00298	0.00576
46	0.01575	0.01220	0.01319	0.01167	0.01509	0.01381	0.00913	0.03062	0.66789	0.10604	0.02359	0.02149	0.01738	0.00781	0.00591	0.00195	0.00464	0.00649	0.00606	0.00928
47	0.00714	0.00590	0.00626	0.00617	0.00802	0.00502	0.00463	0.00886	0.01389	0.01721	0.19632	0.05350	0.61865	0.01417	0.00687	0.00194	0.00291	0.01193	0.00560	0.00502

[dist]
# distance from previous block
# <min> <max>
0	1

[block]
# block no. 1 follows, 40 sequences, length 68
# corresponding to MSA columns:
# 188-255
name=unknown_B
#
# <colnr> <probs for GDERKNQSTAVLIFYWHMCP>
#	G	D	E	R	K	N	Q	S	T	A	V	L	I	F	Y	W	H	M	C	P
0	0.01373	0.01569	0.03431	0.02451	0.03039	0.01471	0.73824	0.01863	0.01373	0.01863	0.01176	0.01569	0.00882	0.00490	0.00686	0.00196	0.00980	0.00686	0.00294	0.00784
1	0.01456	0.01265	0.01534	0.01677	0.17364	0.01406	0.01096	0.06848	0.51095	0.02386	0.05930	0.02084	0.01744	0.00747	0.00593	0.00190	0.00510	0.00641	0.00529	0.00905
2	0.21442	0.02210	0.01506	0.01421	0.05576	0.48763	0.01040	0.08280	0.01568	0.01921	0.00931	0.01075	0.00750	0.00589	0.00493	0.00160	0.00853	0.00381	0.00337	0.00704
3	0.01384	0.01496	0.01719	0.57746	0.03417	0.21517	0.01484	0.01709	0.01292	0.01469	0.00998	0.01417	0.00768	0.00586	0.00566	0.00182	0.00848	0.00479	0.00269	0.00653
4	0.01806	0.02007	0.01613	0.01403	0.01708	0.41638	0.06920	0.12333	0.05989	0.01895	0.05352	0.11682	0.01514	0.00808	0.00587	0.00173	0.00815	0.00642	0.00406	0.00709
5	0.01451	0.59430	0.22624	0.01171	0.01765	0.02048	0.01302	0.01768	0.01194	0.01494	0.00871	0.01011	0.00744	0.00512	0.00421	0.00140	0.00685	0.00343	0.00248	0.00776
6	0.01402	0.01344	0.02294	0.11665	0.68129	0.01372	0.01766	0.01752	0.01307	0.01855	0.01087	0.01451	0.00905	0.00525	0.00576	0.00175	0.00700	0.00518	0.00285	0.00891
7	0.02261	0.01067	0.01339	0.01079	0.01493	0.01032	0.00874	0.02911	0.23615	0.54182	0.02316	0.02036	0.01540	0.00740	0.00587	0.00185	0.00484	0.00607	0.00681	0.00969
8	0.01367	0.01551	0.03335	0.02397	0.02951	0.01489	0.69585	0.01836	0.01344	0.01836	0.01152	0.01551	0.00875	0.00521	0.00758	0.00199	0.05509	0.00676	0.00292	0.00776
9	0.01166	0.03008	0.76550	0.01657	0.02517	0.01351	0.02149	0.01842	0.01228	0.01842	0.01044	0.01228	0.00737	0.00552	0.00552	0.00184	0.00859	0.00430	0.00246	0.00859
10	0.00846	0.00564	0.00634	0.00634	0.00634	0.00564	0.00352	0.00846	0.00846	0.01128	0.01832	0.03805	0.02114	0.79563	0.02960	0.00564	0.00564	0.00846	0.00352	0.00352
11	0.00846	0.00564	0.00634	0.00634	0.00634	0.00564	0.00352	0.00846	0.00846	0.01128	0.01832	0.03805	0.02114	0.79563	0.02960	0.00564	0.00564	0.00846	0.00352	0.00352
12	0.02026	0.01148	0.01973	0.01479	0.01939	0.01042	0.24529	0.02369	0.03524	0.44139	0.03704	0.06314	0.01500	0.00721	0.00629	0.00189	0.00637	0.00692	0.00566	0.00881
13	0.01411	0.01353	0.02310	0.09642	0.70080	0.01374	0.01771	0.01760	0.01311	0.01866	0.01089	0.01448	0.00909	0.00523	0.00576	0.00174	0.00698	0.00518	0.00285	0.00899
14	0.01337	0.01495	0.03228	0.02339	0.02890	0.01405	0.67890	0.01809	0.01370	0.01853	0.01331	0.01975	0.01083	0.00581	0.00696	0.00202	0.00944	0.06493	0.00314	0.00764
15	0.09208	0.01001	0.01309	0.01013	0.01455	0.00891	0.00836	0.02742	0.01609	0.70336	0.02173	0.01895	0.01374	0.00705	0.00566	0.00180	0.00491	0.00563	0.00690	0.00960
16	0.01718	0.01202	0.01338	0.01150	0.01497	0.01315	0.00906	0.15414	0.42312	0.15589	0.02260	0.09167	0.01769	0.00857	0.00603	0.00194	0.00487	0.00714	0.00608	0.00903
17	0.01166	0.03008	0.76550	0.01657	0.02517	0.01351	0.02149	0.01842	0.01228	0.01842	0.01044	0.01228	0.00737	0.00552	0.00552	0.00184	0.00859	0.00430	0.00246	0.00859
18	0.00709	0.00506	0.00675	0.00810	0.00843	0.00472	0.00540	0.00810	0.01113	0.01484	0.03205	0.79184	0.03846	0.01822	0.00742	0.00236	0.00337	0.01653	0.00540	0.00472
19	0.01373	0.01569	0.03431	0.02451	0.03039	0.01471	0.73824	0.01863	0.01373	0.01863	0.01176	0.01569	0.00882	0.00490	0.00686	0.00196	0.00980	0.00686	0.00294	0.00784
20	0.15935	0.02348	0.01503	0.01343	0.01668	0.57005	0.01025	0.05448	0.01586	0.05702	0.00980	0.01096	0.00776	0.00600	0.00502	0.00158	0.00900	0.00382	0.00345	0.00697
21	0.01473	0.01521	0.03262	0.02336	0.02913	0.01420	0.67883	0.01942	0.01396	0.07925	0.01267	0.01602	0.00928	0.00509	0.00678	0.00195	0.00941	0.00678	0.00329	0.00801
22	0.02529	0.00972	0.01324	0.01021	0.01457	0.00841	0.00841	0.02756	0.01664	0.73032	0.05570	0.02085	0.01620	0.00741	0.00589	0.00180	0.00485	0.00606	0.00716	0.00970
23	0.01166	0.03008	0.76550	0.01657	0.02517	0.01351	0.02149	0.01842	0.01228	0.01842	0.01044	0.01228	0.00737	0.00552	0.00552	0.00184	0.00859	0.00430	0.00246	0.00859
24	0.01010	0.00505	0.00758	0.00758	0.00758	0.00505	0.00505	0.00758	0.00758	0.01010	0.01010	0.01768	0.01010	0.02020	0.02273	0.83081	0.00505	0.00505	0.00253	0.00253
25	0.01348	0.01289	0.02196	0.23438	0.56777	0.01358	0.01739	0.01705	0.01281	0.01790	0.01078	0.01469	0.00882	0.00535	0.00577	0.00178	0.00713	0.00518	0.00280	0.00848
26	0.01532	0.75420	0.07341	0.01034	0.01552	0.02245	0.01062	0.01747	0.01184	0.01396	0.00822	0.00950	0.00746	0.00501	0.00384	0.00128	0.00636	0.00318	0.00249	0.00753
27	0.01010	0.00505	0.00758	0.00758	0.00758	0.00505	0.00505	0.00758	0.00758	0.01010	0.01010	0.01768	0.01010	0.02020	0.02273	0.83081	0.00505	0.00505	0.00253	0.00253
28	0.00846	0.00564	0.00634	0.00634	0.00634	0.00564	0.00352	0.00846	0.00846	0.01128	0.01832	0.03805	0.02114	0.79563	0.02960	0.00564	0.00564	0.00846	0.00352	0.00352
29	0.01240	0.00730	0.00910	0.00798	0.01030	0.00667	0.00620	0.05277	0.01643	0.17621	0.42461	0.03948	0.18496	0.01122	0.00660	0.00185	0.00344	0.00962	0.00633	0.00652
30	0.00709	0.00506	0.00675	0.00810	0.00843	0.00472	0.00540	0.00810	0.01113	0.01484	0.03205	0.79184	0.03846	0.01822	0.00742	0.00236	0.00337	0.01653	0.00540	0.00472
31	0.01206	0.01034	0.01206	0.00861	0.01378	0.00775	0.00689	0.01464	0.01206	0.01895	0.01034	0.01206	0.00861	0.00431	0.00431	0.00086	0.00431	0.00345	0.00345	0.83118
32	0.00846	0.00564	0.00634	0.00634	0.00634	0.00564	0.00352	0.00846	0.00846	0.01128	0.01832	0.03805	0.02114	0.79563	0.02960	0.00564	0.00564	0.00846	0.00352	0.00352
33	0.00702	0.00531	0.00649	0.00744	0.00826	0.00478	0.00510	0.00817	0.01177	0.01510	0.04010	0.57123	0.25387	0.01717	0.00726	0.00224	0.00325	0.01525	0.00540	0.00478
34	0.01224	0.01023	0.01185	0.00865	0.01338	0.00807	0.00681	0.04837	0.01249	0.01916	0.01116	0.01426	0.00969	0.06885	0.00644	0.00129	0.00451	0.00394	0.00356	0.72504
35	0.02216	0.01462	0.01623	0.01261	0.01710	0.01576	0.01036	0.52587	0.09615	0.18284	0.01674	0.01591	0.01158	0.00711	0.00583	0.00178	0.00593	0.00549	0.00611	0.00982
36	0.01206	0.01034	0.01206	0.00861	0.01378	0.00775	0.00689	0.01464	0.01206	0.01895	0.01034	0.01206	0.00861	0.00431	0.00431	0.00086	0.00431	0.00345	0.00345	0.83118
37	0.01438	0.56858	0.25083	0.01194	0.01800	0.02016	0.01341	0.01771	0.01195	0.01510	0.00879	0.01021	0.00743	0.00514	0.00427	0.00142	0.00693	0.00347	0.00248	0.00780
38	0.01489	0.01365	0.01914	0.01534	0.01943	0.01482	0.20353	0.08582	0.49384	0.02382	0.01970	0.01946	0.01473	0.00702	0.00616	0.00195	0.00614	0.00654	0.00512	0.00890
39	0.02172	0.02772	0.01648	0.01498	0.01798	0.77228	0.01124	0.02322	0.01648	0.01423	0.00899	0.01049	0.00749	0.00599	0.00524	0.00150	0.01049	0.00375	0.00300	0.00674
40	0.01200	0.01034	0.01237	0.05377	0.01532	0.00805	0.00743	0.01466	0.01203	0.01871	0.01034	0.01226	0.00856	0.00439	0.00439	0.00092	0.00451	0.00355	0.00339	0.78300
41	0.01617	0.01181	0.01291	0.01125	0.01471	0.01303	0.00885	0.06653	0.54135	0.14184	0.02557	0.02344	0.06985	0.00822	0.00597	0.00193	0.00463	0.00680	0.00608	0.00904
42	0.00846	0.00564	0.00634	0.00634	0.00634	0.00564	0.00352	0.00846	0.00846	0.01128	0.01832	0.03805	0.02114	0.79563	0.02960	0.00564	0.00564	0.00846	0.00352	0.00352
43	0.05714	0.01074	0.01353	0.01048	0.01482	0.01006	0.00864	0.13835	0.01784	0.58540	0.02076	0.01856	0.01339	0.00707	0.00567	0.00177	0.00505	0.00562	0.04557	0.00954
44	0.01450	0.01184	0.01370	0.01183	0.01527	0.01292	0.04313	0.05067	0.52873	0.06249	0.02230	0.08293	0.01780	0.00822	0.00594	0.00189	0.00480	0.00705	0.00559	0.07840
45	0.00831	0.00623	0.00935	0.00935	0.01038	0.00727	0.00727	0.01038	0.00935	0.01350	0.01558	0.02285	0.01454	0.04361	0.77259	0.00935	0.01558	0.00623	0.00312	0.00519
46	0.00846	0.00564	0.00634	0.00634	0.00634	0.00564	0.00352	0.00846	0.00846	0.01128	0.01832	0.03805	0.02114	0.79563	0.02960	0.00564	0.00564	0.00846	0.00352	0.00352
47	0.02211	0.01629	0.01745	0.01338	0.01803	0.01803	0.01105	0.73997	0.02734	0.03665	0.01396	0.01396	0.00989	0.00698	0.00582	0.00175	0.00640	0.00524	0.00582	0.00989
48	0.01098	0.01034	0.01744	0.78165	0.04005	0.01292	0.01615	0.01486	0.01163	0.01486	0.01034	0.01550	0.00775	0.00581	0.00581	0.00194	0.00775	0.00517	0.00258	0.00646
49	0.01373	0.01569	0.03431	0.02451	0.03039	0.01471	0.73824	0.01863	0.01373	0.01863	0.01176	0.01569	0.00882	0.00490	0.00686	0.00196	0.00980	0.00686	0.00294	0.00784
50	0.01010	0.00505	0.00758	0.00758	0.00758	0.00505	0.00505	0.00758	0.00758	0.01010	0.01010	0.01768	0.01010	0.02020	0.02273	0.83081	0.00505	0.00505	0.00253	0.00253
51	0.02496	0.01041	0.01365	0.01061	0.01502	0.00948	0.00872	0.06214	0.07675	0.66892	0.02258	0.01967	0.01446	0.00724	0.00585	0.00181	0.00499	0.00588	0.00703	0.00984
52	0.01555	0.79913	0.03047	0.00995	0.01493	0.02301	0.00995	0.01741	0.01182	0.01368	0.00808	0.00933	0.00746	0.00498	0.00373	0.00124	0.00622	0.00311	0.00249	0.00746
53	0.01446	0.01249	0.01315	0.01183	0.01512	0.01446	0.00920	0.03090	0.74885	0.02433	0.02367	0.02170	0.01775	0.00789	0.00592	0.00197	0.00460	0.00657	0.00592	0.00920
54	0.00846	0.00564	0.00634	0.00634	0.00634	0.00564	0.00352	0.00846	0.00846	0.01128	0.01832	0.03805	0.02114	0.79563	0.02960	0.00564	0.00564	0.00846	0.00352	0.00352
55	0.00737	0.00606	0.00654	0.00683	0.00843	0.00542	0.00496	0.00960	0.05566	0.01598	0.04970	0.24996	0.52243	0.01526	0.00696	0.00207	0.00316	0.01307	0.00543	0.00511
56	0.00817	0.00594	0.00769	0.00726	0.00865	0.00546	0.00544	0.01086	0.01632	0.02300	0.72661	0.04397	0.08474	0.01201	0.00686	0.00183	0.00275	0.01059	0.00636	0.00546
57	0.02211	0.01629	0.01745	0.01338	0.01803	0.01803	0.01105	0.73997	0.02734	0.03665	0.01396	0.01396	0.00989	0.00698	0.00582	0.00175	0.00640	0.00524	0.00582	0.00989
58	0.00709	0.00506	0.00675	0.00810	0.00843	0.00472	0.00540	0.00810	0.01113	0.01484	0.03205	0.79184	0.03846	0.01822	0.00742	0.00236	0.00337	0.01653	0.00540	0.00472
59	0.01272	0.01272	0.01781	0.01527	0.01527	0.01781	0.01272	0.01399	0.00891	0.01399	0.00763	0.01272	0.00763	0.01018	0.01908	0.00254	0.78499	0.00509	0.00254	0.00636
60	0.02172	0.02772	0.01648	0.01498	0.01798	0.77228	0.01124	0.02322	0.01648	0.01423	0.00899	0.01049	0.00749	0.00599	0.00524	0.00150	0.01049	0.00375	0.00300	0.00674
61	0.00846	0.00564	0.00634	0.00634	0.00634	0.00564	0.00352	0.00846	0.00846	0.01128	0.01832	0.03805	0.02114	0.79563	0.02960	0.00564	0.00564	0.00846	0.00352	0.00352
62	0.00709	0.00506	0.00675	0.00810	0.00843	0.00472	0.00540	0.00810	0.01113	0.01484	0.03205	0.79184	0.03846	0.01822	0.00742	0.00236	0.00337	0.01653	0.00540	0.00472
63	0.02211	0.01629	0.01745	0.01338	0.01803	0.01803	0.01105	0.73997	0.02734	0.03665	0.01396	0.01396	0.00989	0.00698	0.00582	0.00175	0.00640	0.00524	0.00582	0.00989
64	0.01013	0.00636	0.00838	0.00764	0.00934	0.00581	0.00581	0.01282	0.01648	0.10197	0.67835	0.04093	0.05057	0.01139	0.00675	0.00183	0.00298	0.01002	0.00649	0.00596
65	0.00712	0.00509	0.00678	0.00807	0.00844	0.00475	0.00540	0.00819	0.01131	0.01513	0.05627	0.76681	0.03901	0.01801	0.00740	0.00234	0.00335	0.01633	0.00543	0.00475
66	0.00836	0.00560	0.00637	0.00646	0.00648	0.00558	0.00365	0.00843	0.00864	0.01152	0.01925	0.08922	0.02232	0.74286	0.02809	0.00542	0.00548	0.00900	0.00365	0.00361
67	0.01364	0.01588	0.05009	0.02393	0.02962	0.01481	0.69047	0.01842	0.01348	0.01842	0.01155	0.01548	0.00874	0.00515	0.00736	0.00198	0.04353	0.00673	0.00291	0.00780

[dist]
# distance from previous block
# <min> <max>
6	11

[block]
# block no. 2 follows, 40 sequences, length 6
# corresponding to MSA columns:
# 276-281
name=unknown_C
#
# <colnr> <probs for GDERKNQSTAVLIFYWHMCP>
#	G	D	E	R	K	N	Q	S	T	A	V	L	I	F	Y	W	H	M	C	P
0	0.00860	0.00801	0.01265	0.01055	0.01313	0.00717	0.17087	0.01093	0.01343	0.01708	0.12042	0.14208	0.41698	0.01265	0.00694	0.00200	0.00453	0.01142	0.00495	0.00561
1	0.01046	0.00769	0.00908	0.00905	0.01055	0.00776	0.00657	0.17389	0.01503	0.01988	0.03087	0.53575	0.11001	0.01529	0.00700	0.00218	0.00401	0.01351	0.00549	0.00591
2	0.01776	0.01777	0.01420	0.01264	0.01553	0.30645	0.00965	0.22295	0.09472	0.02175	0.01715	0.18961	0.01625	0.00924	0.00597	0.00181	0.00711	0.00736	0.00464	0.00743
3	0.00846	0.00564	0.00634	0.00634	0.00634	0.00564	0.00352	0.00846	0.00846	0.01128	0.01832	0.03805	0.02114	0.79563	0.02960	0.00564	0.00564	0.00846	0.00352	0.00352
4	0.01301	0.45183	0.10744	0.01179	0.01621	0.01694	0.08616	0.01554	0.01191	0.01499	0.01416	0.18755	0.01462	0.00803	0.00509	0.00164	0.00621	0.00667	0.00319	0.00701
5	0.02061	0.01027	0.01286	0.01028	0.01402	0.00987	0.00833	0.14697	0.06539	0.42337	0.18754	0.02427	0.02300	0.00827	0.00608	0.00181	0.00468	0.00685	0.00670	0.00885

[dist]
# distance from previous block
# <min> <max>
0	4

[block]
# block no. 3 follows, 40 sequences, length 23
# corresponding to MSA columns:
# 286-308
name=unknown_D
#
# <colnr> <probs for GDERKNQSTAVLIFYWHMCP>
#	G	D	E	R	K	N	Q	S	T	A	V	L	I	F	Y	W	H	M	C	P
0	0.01345	0.01066	0.01133	0.01034	0.01316	0.01175	0.00811	0.08409	0.42779	0.02353	0.02747	0.02914	0.11380	0.00932	0.00603	0.00196	0.00441	0.06181	0.12388	0.00798
1	0.02017	0.01834	0.01581	0.01337	0.01713	0.24062	0.01051	0.27440	0.23647	0.06816	0.01609	0.01587	0.01198	0.00712	0.00578	0.00179	0.00708	0.00530	0.00516	0.00886
2	0.01302	0.01402	0.12588	0.01517	0.01926	0.01153	0.22513	0.13518	0.01521	0.02121	0.01874	0.17962	0.01790	0.00942	0.00654	0.00204	0.00672	0.07223	0.08387	0.00731
3	0.00876	0.00718	0.01127	0.01018	0.01185	0.00664	0.11070	0.01101	0.01399	0.01918	0.33178	0.32727	0.07960	0.01360	0.00717	0.00210	0.00410	0.01245	0.00554	0.00563
4	0.01656	0.01462	0.02709	0.01982	0.02503	0.01414	0.46841	0.12396	0.05776	0.11667	0.04366	0.01771	0.01223	0.00610	0.00663	0.00195	0.00819	0.00670	0.00428	0.00850
5	0.01190	0.03017	0.76277	0.01671	0.02529	0.01362	0.02153	0.01857	0.01243	0.01863	0.01068	0.01261	0.00760	0.00569	0.00563	0.00189	0.00866	0.00438	0.00254	0.00871
6	0.01185	0.08231	0.60117	0.01539	0.02267	0.01333	0.01896	0.01758	0.01255	0.01814	0.01343	0.02005	0.01135	0.00716	0.00586	0.00196	0.00803	0.10707	0.00296	0.00816
7	0.13893	0.02545	0.01549	0.01407	0.01716	0.66049	0.01061	0.02247	0.01567	0.01616	0.00911	0.01068	0.00755	0.00607	0.00511	0.00159	0.00969	0.00374	0.00317	0.00680
8	0.01215	0.02604	0.58891	0.01628	0.02413	0.01291	0.08383	0.01804	0.01252	0.01873	0.01078	0.01289	0.00791	0.00545	0.00557	0.00176	0.00816	0.00448	0.00273	0.12674
9	0.01070	0.00918	0.01512	0.05563	0.01632	0.00881	0.18132	0.05183	0.01513	0.03351	0.30518	0.15301	0.09759	0.01092	0.00691	0.00200	0.00515	0.01014	0.00517	0.00637
10	0.00780	0.00558	0.00746	0.00879	0.00935	0.00527	0.00631	0.00908	0.01174	0.01559	0.03196	0.64327	0.03757	0.01790	0.00764	0.00247	0.00386	0.15793	0.00546	0.00498
11	0.01066	0.00947	0.01537	0.62402	0.03370	0.01144	0.01399	0.01398	0.01174	0.01547	0.01418	0.12763	0.01280	0.00781	0.00605	0.00201	0.00691	0.00689	0.04962	0.00628
12	0.01351	0.01491	0.03109	0.13282	0.03108	0.01473	0.59303	0.01799	0.01331	0.01805	0.01157	0.01582	0.00883	0.00548	0.00746	0.00203	0.05106	0.00659	0.00295	0.00768
13	0.01276	0.01160	0.01860	0.13518	0.43265	0.01203	0.01463	0.01680	0.06617	0.01862	0.04366	0.09548	0.01653	0.00811	0.00628	0.00197	0.00630	0.07088	0.00373	0.00801
14	0.00756	0.00541	0.00710	0.00829	0.00874	0.00501	0.00557	0.00859	0.01175	0.01580	0.08455	0.73380	0.03982	0.01793	0.00753	0.00239	0.00346	0.01615	0.00558	0.00498
15	0.00865	0.00595	0.00657	0.00655	0.00683	0.00578	0.00381	0.00873	0.00928	0.01218	0.02354	0.04057	0.11026	0.69700	0.02687	0.00524	0.00543	0.00901	0.00387	0.00390
16	0.02405	0.00967	0.01281	0.01005	0.01425	0.00832	0.00820	0.02609	0.01643	0.66911	0.02758	0.02462	0.10437	0.00834	0.00612	0.00189	0.00483	0.00673	0.00708	0.00946
17	0.00805	0.00640	0.00940	0.00956	0.01063	0.00587	0.07128	0.00936	0.01185	0.01563	0.03371	0.62923	0.12272	0.01677	0.00745	0.00234	0.00403	0.01520	0.00529	0.00522
18	0.01417	0.01552	0.03187	0.02314	0.02871	0.01485	0.64612	0.02033	0.10270	0.01964	0.01356	0.01690	0.01025	0.00551	0.00690	0.00203	0.00927	0.00693	0.00343	0.00819
19	0.08035	0.01036	0.01255	0.01026	0.01414	0.00984	0.00836	0.08849	0.07285	0.45189	0.02620	0.02608	0.10471	0.00874	0.00609	0.00194	0.00492	0.04683	0.00650	0.00889
20	0.01330	0.02685	0.60333	0.01592	0.02351	0.01421	0.01914	0.08497	0.10279	0.02109	0.01271	0.01407	0.00920	0.00618	0.00575	0.00191	0.00802	0.00478	0.00330	0.00896
21	0.08643	0.00993	0.01026	0.00894	0.01176	0.01024	0.00705	0.20028	0.05898	0.02313	0.06590	0.03738	0.39973	0.01143	0.00678	0.00197	0.02845	0.00909	0.00544	0.00683
22	0.01332	0.01216	0.01684	0.24069	0.02276	0.01553	0.01298	0.07771	0.10087	0.01773	0.01174	0.01581	0.00983	0.01048	0.05573	0.00268	0.34710	0.00548	0.00340	0.00715

[dist]
# distance from previous block
# <min> <max>
4	18

[block]
# block no. 4 follows, 40 sequences, length 24
# corresponding to MSA columns:
# 328-351
name=unknown_E
#
# <colnr> <probs for GDERKNQSTAVLIFYWHMCP>
#	G	D	E	R	K	N	Q	S	T	A	V	L	I	F	Y	W	H	M	C	P
0	0.01309	0.10933	0.39159	0.22845	0.04196	0.01431	0.04234	0.01803	0.01252	0.05845	0.01115	0.01377	0.00821	0.00578	0.00558	0.00185	0.00797	0.00468	0.00287	0.00806
1	0.02066	0.01423	0.09959	0.01240	0.01713	0.01225	0.03378	0.24073	0.04776	0.31940	0.03068	0.06459	0.01433	0.00771	0.00600	0.00185	0.00587	0.00627	0.00588	0.03890
2	0.00881	0.00603	0.00799	0.02842	0.01032	0.00565	0.00646	0.01024	0.01225	0.05206	0.06205	0.54342	0.07989	0.01649	0.00738	0.00234	0.00389	0.11154	0.00550	0.01928
3	0.00975	0.00744	0.01071	0.22234	0.01775	0.00775	0.00862	0.01256	0.01482	0.04554	0.45059	0.08119	0.06659	0.01069	0.00667	0.00194	0.00435	0.00937	0.00535	0.00598
4	0.01360	0.01504	0.03104	0.02271	0.02755	0.01492	0.60498	0.01775	0.01310	0.01806	0.01216	0.04350	0.00996	0.00631	0.00874	0.00211	0.12076	0.00703	0.00306	0.00765
5	0.01250	0.01223	0.01786	0.22796	0.02232	0.01657	0.01376	0.01441	0.00984	0.01449	0.00866	0.01385	0.00792	0.00912	0.01546	0.00242	0.56628	0.00519	0.00265	0.00652
6	0.01338	0.01269	0.02144	0.31276	0.48933	0.01361	0.01728	0.01690	0.01280	0.01769	0.01097	0.01516	0.00891	0.00559	0.00589	0.00185	0.00730	0.00526	0.00286	0.00831
7	0.00845	0.00673	0.00991	0.22281	0.01741	0.00716	0.00850	0.01018	0.01144	0.01510	0.02620	0.57365	0.03007	0.01490	0.00708	0.00229	0.00468	0.01342	0.00470	0.00535
8	0.24102	0.01077	0.01126	0.00852	0.01326	0.00937	0.00684	0.01550	0.01162	0.02116	0.00998	0.01170	0.00822	0.00479	0.00423	0.00117	0.00445	0.00345	0.00358	0.59911
9	0.24232	0.01119	0.01176	0.00946	0.01340	0.01109	0.00760	0.09340	0.04172	0.05164	0.01439	0.04584	0.04568	0.00672	0.00561	0.00156	0.04979	0.00490	0.00419	0.32776
10	0.00824	0.00610	0.00881	0.00918	0.01004	0.00672	0.00686	0.00995	0.01001	0.01413	0.02038	0.23643	0.02140	0.03659	0.55730	0.00743	0.01224	0.00917	0.00384	0.00520
11	0.01235	0.00901	0.01065	0.00918	0.01148	0.00913	0.00715	0.21334	0.01962	0.02723	0.54757	0.03549	0.04245	0.01068	0.00668	0.00185	0.00386	0.00911	0.00632	0.00685
12	0.01816	0.01414	0.02013	0.22823	0.02613	0.01534	0.13594	0.35204	0.01984	0.09040	0.01360	0.01554	0.00975	0.00649	0.00611	0.00189	0.00731	0.00563	0.00463	0.00871
13	0.01867	0.02670	0.22452	0.01546	0.01999	0.45476	0.01424	0.07922	0.01590	0.01743	0.00998	0.01176	0.00791	0.00636	0.00627	0.00172	0.05417	0.00418	0.00314	0.00762
14	0.01039	0.00790	0.01030	0.01030	0.01272	0.00714	0.00879	0.01296	0.01317	0.01807	0.02529	0.05089	0.02672	0.01293	0.00710	0.00222	0.00515	0.51854	0.00491	0.23452
15	0.01761	0.57892	0.02696	0.01108	0.01597	0.02172	0.01036	0.21796	0.01628	0.02030	0.00998	0.01099	0.00839	0.00571	0.00443	0.00143	0.00635	0.00379	0.00350	0.00827
16	0.01135	0.01066	0.01762	0.73193	0.03862	0.01335	0.01602	0.01498	0.01163	0.01505	0.01043	0.01568	0.00800	0.00625	0.00673	0.00202	0.05518	0.00525	0.00267	0.00659
17	0.01264	0.00660	0.00882	0.00890	0.01042	0.00595	0.00639	0.01392	0.01283	0.22268	0.02970	0.57484	0.03191	0.01528	0.00709	0.00225	0.00391	0.01360	0.00598	0.00630
18	0.83353	0.01142	0.00874	0.00783	0.01144	0.01318	0.00641	0.01726	0.01007	0.02629	0.00837	0.00982	0.00655	0.00557	0.00372	0.00185	0.00459	0.00324	0.00369	0.00643
19	0.01453	0.57727	0.02696	0.22414	0.02207	0.02030	0.01177	0.01687	0.01193	0.01426	0.00898	0.01141	0.00780	0.00538	0.00443	0.00149	0.00673	0.00377	0.00261	0.00731
20	0.02075	0.01567	0.01672	0.01322	0.01760	0.01741	0.01077	0.59159	0.17552	0.03428	0.01620	0.01590	0.01175	0.00734	0.00595	0.00184	0.00611	0.00559	0.00592	0.00987
21	0.01222	0.06130	0.51861	0.01420	0.02166	0.01249	0.01694	0.01748	0.01236	0.01857	0.01056	0.01244	0.00797	0.00534	0.00521	0.00159	0.00737	0.00409	0.00282	0.23679
22	0.23744	0.00698	0.00745	0.00815	0.00942	0.00720	0.00577	0.01080	0.01096	0.01821	0.02558	0.57197	0.02966	0.01478	0.00646	0.00225	0.00378	0.01286	0.00498	0.00530
23	0.27916	0.19450	0.01776	0.01146	0.01576	0.01523	0.00939	0.02339	0.04003	0.28035	0.03656	0.01881	0.01413	0.00829	0.00601	0.00225	0.00610	0.00548	0.00580	0.00952

[dist]
# distance from previous block
# <min> <max>
0	2

[block]
# block no. 5 follows, 40 sequences, length 11
# corresponding to MSA columns:
# 354-364
name=unknown_F
#
# <colnr> <probs for GDERKNQSTAVLIFYWHMCP>
#	G	D	E	R	K	N	Q	S	T	A	V	L	I	F	Y	W	H	M	C	P
0	0.00815	0.00601	0.00785	0.00894	0.01007	0.00571	0.00713	0.01006	0.01263	0.01625	0.03662	0.29868	0.17457	0.01650	0.00761	0.00244	0.00425	0.35608	0.00538	0.00506
1	0.00903	0.00667	0.00862	0.00856	0.01008	0.00652	0.00679	0.01286	0.07463	0.02187	0.50943	0.04743	0.04634	0.01265	0.00709	0.00206	0.00357	0.19399	0.00609	0.00575
2	0.01434	0.00934	0.00990	0.00864	0.01109	0.01001	0.00676	0.24357	0.07133	0.02601	0.01886	0.08529	0.01555	0.00790	0.00504	0.00161	0.00407	0.00640	0.43722	0.00705
3	0.02211	0.01629	0.01745	0.01338	0.01803	0.01803	0.01105	0.73997	0.02734	0.03665	0.01396	0.01396	0.00989	0.00698	0.00582	0.00175	0.00640	0.00524	0.00582	0.00989
4	0.01353	0.01511	0.03113	0.02273	0.02748	0.01530	0.59836	0.01773	0.01280	0.01773	0.01097	0.01511	0.00859	0.00592	0.00922	0.00207	0.15925	0.00652	0.00286	0.00756
5	0.01313	0.01148	0.01744	0.63354	0.03581	0.01391	0.01517	0.15465	0.01466	0.01906	0.01103	0.01521	0.00816	0.00604	0.00581	0.00190	0.00749	0.00518	0.00321	0.00712
6	0.01968	0.02027	0.01513	0.01293	0.01648	0.41491	0.00999	0.13814	0.04636	0.07485	0.06228	0.01461	0.01215	0.00650	0.00540	0.00152	0.00788	0.00467	0.00417	0.11208
7	0.01636	0.00983	0.01174	0.01009	0.01322	0.01007	0.00795	0.02447	0.31158	0.25663	0.23034	0.02724	0.02718	0.00880	0.00616	0.00188	0.00419	0.00746	0.00646	0.00837
8	0.09245	0.01776	0.01587	0.01284	0.01698	0.20304	0.01033	0.39723	0.02160	0.13561	0.01353	0.01356	0.00964	0.00663	0.00549	0.00170	0.00704	0.00478	0.00513	0.00880
9	0.01057	0.00760	0.00977	0.01007	0.01138	0.00808	0.00779	0.01457	0.12968	0.06772	0.02782	0.37388	0.02980	0.01464	0.00817	0.00235	0.06709	0.18758	0.00536	0.00608
10	0.02316	0.01669	0.01615	0.01283	0.01712	0.16077	0.01038	0.40081	0.02223	0.23756	0.01554	0.01494	0.01070	0.00685	0.00572	0.00171	0.00678	0.00512	0.00566	0.00928

[dist]
# distance from previous block
# <min> <max>
3	6

[block]
# block no. 6 follows, 40 sequences, length 18
# corresponding to MSA columns:
# 371-388
name=unknown_G
#
# <colnr> <probs for GDERKNQSTAVLIFYWHMCP>
#	G	D	E	R	K	N	Q	S	T	A	V	L	I	F	Y	W	H	M	C	P
0	0.10545	0.00896	0.01180	0.23261	0.01930	0.00991	0.00954	0.08928	0.01522	0.02214	0.32261	0.03001	0.02935	0.00918	0.00616	0.00191	0.00497	0.06044	0.00484	0.00631
1	0.53988	0.01639	0.01151	0.01020	0.01370	0.23341	0.00808	0.07272	0.01310	0.02344	0.00879	0.01008	0.00691	0.00569	0.00424	0.00171	0.00638	0.00348	0.00359	0.00669
2	0.00846	0.00564	0.00634	0.00634	0.00634	0.00564	0.00352	0.00846	0.00846	0.01128	0.01832	0.03805	0.02114	0.79563	0.02960	0.00564	0.00564	0.00846	0.00352	0.00352
3	0.00758	0.00527	0.00660	0.00746	0.00767	0.00506	0.00472	0.00823	0.01016	0.01354	0.02705	0.51727	0.03215	0.30139	0.01550	0.00355	0.00420	0.01359	0.00472	0.00429
4	0.02211	0.01629	0.01745	0.01338	0.01803	0.01803	0.01105	0.73997	0.02734	0.03665	0.01396	0.01396	0.00989	0.00698	0.00582	0.00175	0.00640	0.00524	0.00582	0.00989
5	0.02019	0.01471	0.01591	0.01271	0.01695	0.01629	0.01033	0.48150	0.23560	0.08722	0.01744	0.01664	0.01250	0.00726	0.00585	0.00182	0.00577	0.00567	0.00595	0.00969
6	0.00737	0.00518	0.00666	0.00773	0.00799	0.00492	0.00500	0.00817	0.01057	0.01409	0.02916	0.63334	0.03482	0.18169	0.01209	0.00305	0.00385	0.01483	0.00500	0.00447
7	0.00709	0.00506	0.00675	0.00810	0.00843	0.00472	0.00540	0.00810	0.01113	0.01484	0.03205	0.79184	0.03846	0.01822	0.00742	0.00236	0.00337	0.01653	0.00540	0.00472
8	0.01468	0.01097	0.01283	0.00934	0.01438	0.00901	0.00754	0.09915	0.01429	0.09899	0.01207	0.01309	0.00937	0.00492	0.00464	0.00106	0.00461	0.00390	0.00411	0.65105
9	0.01373	0.01569	0.03431	0.02451	0.03039	0.01471	0.73824	0.01863	0.01373	0.01863	0.01176	0.01569	0.00882	0.00490	0.00686	0.00196	0.00980	0.00686	0.00294	0.00784
10	0.24880	0.01558	0.01456	0.01171	0.01589	0.09494	0.00955	0.40737	0.02050	0.08913	0.01252	0.01281	0.00900	0.00645	0.00514	0.00174	0.00618	0.00455	0.00501	0.00856
11	0.01368	0.01308	0.02231	0.19255	0.60811	0.01363	0.01749	0.01722	0.01290	0.01813	0.01081	0.01463	0.00890	0.00531	0.00577	0.00177	0.00709	0.00518	0.00282	0.00863
12	0.01340	0.01281	0.02182	0.25184	0.55094	0.01356	0.01736	0.01698	0.01277	0.01780	0.01076	0.01471	0.00879	0.00536	0.00577	0.00179	0.00715	0.00518	0.00279	0.00841
13	0.11386	0.01360	0.01467	0.01156	0.01593	0.01448	0.00944	0.37533	0.12459	0.13923	0.01562	0.01520	0.01113	0.00668	0.00542	0.00170	0.00549	0.00509	0.00553	0.09545
14	0.01301	0.01031	0.01216	0.00873	0.01385	0.00781	0.00700	0.01557	0.01237	0.06933	0.01119	0.01258	0.00900	0.00450	0.00441	0.00092	0.00435	0.00361	0.00370	0.77560
15	0.19097	0.01366	0.01417	0.01139	0.01555	0.01484	0.00940	0.42088	0.05477	0.03047	0.01414	0.01728	0.01124	0.00713	0.00537	0.00175	0.00561	0.06150	0.00507	0.09481
16	0.01185	0.01111	0.01824	0.53545	0.19659	0.01258	0.01556	0.01550	0.01203	0.01620	0.01047	0.01490	0.00817	0.00552	0.00564	0.00178	0.00720	0.00499	0.00274	0.09350
17	0.01113	0.00816	0.01072	0.01169	0.08930	0.00777	0.00768	0.01493	0.11263	0.07725	0.07897	0.38227	0.02782	0.01220	0.00645	0.00195	0.00412	0.01091	0.00516	0.11888

[dist]
# distance from previous block
# <min> <max>
10	21

[block]
# block no. 7 follows, 40 sequences, length 11
# corresponding to MSA columns:
# 411-421
name=unknown_H
#
# <colnr> <probs for GDERKNQSTAVLIFYWHMCP>
#	G	D	E	R	K	N	Q	S	T	A	V	L	I	F	Y	W	H	M	C	P
0	0.01717	0.01273	0.01601	0.01251	0.01673	0.01235	0.07906	0.27624	0.03636	0.09264	0.05495	0.10412	0.01632	0.00817	0.00611	0.00177	0.00574	0.00681	0.00528	0.21894
1	0.01495	0.00951	0.01108	0.00926	0.01203	0.00887	0.00684	0.09952	0.04975	0.15393	0.07563	0.04575	0.04000	0.26075	0.01364	0.00301	0.00521	0.00721	0.00514	0.16795
2	0.27809	0.01476	0.01381	0.01145	0.01532	0.08078	0.00918	0.30391	0.05453	0.07655	0.07208	0.01639	0.01351	0.00736	0.00549	0.00191	0.00594	0.00522	0.00525	0.00847
3	0.25270	0.01718	0.01648	0.01361	0.01743	0.17771	0.07999	0.24419	0.01774	0.02591	0.01222	0.01528	0.00988	0.00714	0.00611	0.00194	0.03755	0.03449	0.00440	0.00804
4	0.01440	0.01588	0.03298	0.02397	0.02929	0.01538	0.65947	0.01868	0.01373	0.01889	0.01215	0.01646	0.00946	0.00595	0.00836	0.00216	0.08459	0.00692	0.00318	0.00809
5	0.08077	0.01159	0.01333	0.01081	0.01480	0.01178	0.00880	0.18260	0.15479	0.26872	0.05464	0.02072	0.01576	0.00753	0.00570	0.00178	0.00502	0.04014	0.00591	0.08482
6	0.01583	0.01025	0.01272	0.01067	0.01392	0.01036	0.04550	0.10999	0.20022	0.20238	0.10939	0.08589	0.12809	0.00968	0.00629	0.00191	0.00464	0.00827	0.00600	0.00801
7	0.01416	0.01358	0.02319	0.08549	0.71134	0.01376	0.01773	0.01765	0.01313	0.01872	0.01090	0.01447	0.00911	0.00522	0.00576	0.00174	0.00696	0.00518	0.00286	0.00903
8	0.61079	0.01100	0.00966	0.00828	0.01194	0.01221	0.00680	0.06532	0.01218	0.13612	0.01138	0.01206	0.00828	0.00586	0.00411	0.00177	0.00457	0.00383	0.05685	0.00701
9	0.01402	0.01344	0.02294	0.11654	0.68139	0.01372	0.01766	0.01752	0.01307	0.01855	0.01087	0.01451	0.00905	0.00525	0.00576	0.00175	0.00700	0.00518	0.00285	0.00891
10	0.01346	0.38621	0.42513	0.01351	0.02043	0.01791	0.01614	0.01795	0.01206	0.01622	0.00935	0.01091	0.00741	0.00527	0.00469	0.00156	0.00749	0.00375	0.00247	0.00807

[dist]
# distance from previous block
# <min> <max>
0	5

[block]
# block no. 8 follows, 40 sequences, length 6
# corresponding to MSA columns:
# 427-432
name=unknown_I
#
# <colnr> <probs for GDERKNQSTAVLIFYWHMCP>
#	G	D	E	R	K	N	Q	S	T	A	V	L	I	F	Y	W	H	M	C	P
0	0.01455	0.01545	0.05844	0.10435	0.59226	0.07782	0.01730	0.01804	0.01331	0.01817	0.01069	0.01407	0.00884	0.00533	0.00571	0.00173	0.00737	0.00502	0.00284	0.00871
1	0.01433	0.43497	0.33198	0.01299	0.01933	0.06551	0.01478	0.01819	0.01229	0.01566	0.00911	0.01061	0.00742	0.00526	0.00456	0.00151	0.00746	0.00364	0.00251	0.00788
2	0.47794	0.01023	0.00955	0.00831	0.01146	0.01121	0.00670	0.08970	0.01388	0.07172	0.21373	0.01982	0.02041	0.00744	0.00485	0.00180	0.00424	0.00554	0.00481	0.00666
3	0.01396	0.01338	0.02283	0.12968	0.66873	0.01370	0.01763	0.01747	0.01304	0.01848	0.01086	0.01453	0.00903	0.00526	0.00576	0.00175	0.00701	0.00518	0.00284	0.00886
4	0.05435	0.01499	0.01551	0.01210	0.01659	0.05673	0.00985	0.44452	0.08231	0.07548	0.01418	0.01425	0.01031	0.00649	0.00545	0.00161	0.00595	0.00491	0.00526	0.14917
5	0.01216	0.00841	0.01038	0.00961	0.01151	0.00860	0.00727	0.10464	0.04941	0.09688	0.08778	0.36128	0.06797	0.01293	0.00768	0.00206	0.06860	0.01104	0.00539	0.05639

[dist]
# distance from previous block
# <min> <max>
1	25

[block]
# block no. 9 follows, 40 sequences, length 7
# corresponding to MSA columns:
# 460-466
name=unknown_J
#
# <colnr> <probs for GDERKNQSTAVLIFYWHMCP>
#	G	D	E	R	K	N	Q	S	T	A	V	L	I	F	Y	W	H	M	C	P
0	0.01342	0.01265	0.01930	0.10584	0.02080	0.01429	0.14503	0.09293	0.01274	0.01836	0.01022	0.01397	0.00856	0.00839	0.03840	0.00219	0.28245	0.00515	0.00317	0.17213
1	0.01098	0.01034	0.01744	0.78165	0.04005	0.01292	0.01615	0.01486	0.01163	0.01486	0.01034	0.01550	0.00775	0.00581	0.00581	0.00194	0.00775	0.00517	0.00258	0.00646
2	0.01330	0.01442	0.02728	0.02057	0.02395	0.01603	0.42905	0.01665	0.01167	0.01665	0.01000	0.01442	0.00832	0.00715	0.01207	0.00221	0.34016	0.00611	0.00277	0.00721
3	0.01205	0.01143	0.01938	0.54710	0.26622	0.01320	0.01668	0.01580	0.01214	0.01616	0.01053	0.01515	0.00821	0.00562	0.00580	0.00187	0.00749	0.00517	0.00268	0.00733
4	0.01141	0.01077	0.01821	0.68812	0.13024	0.01303	0.01636	0.01523	0.01183	0.01538	0.01041	0.01536	0.00793	0.00573	0.00581	0.00191	0.00765	0.00517	0.00262	0.00680
5	0.00796	0.00663	0.00945	0.00935	0.01046	0.00650	0.06076	0.00939	0.01166	0.01527	0.03495	0.50392	0.20121	0.01580	0.00813	0.00225	0.06225	0.01396	0.00500	0.00512
6	0.01361	0.01534	0.03236	0.02342	0.02860	0.01507	0.65244	0.01808	0.01316	0.01808	0.01128	0.01534	0.00868	0.00553	0.00831	0.00203	0.10147	0.00665	0.00289	0.00767

[dist]
# distance from previous block
# <min> <max>
0	4

[block]
# block no. 10 follows, 40 sequences, length 11
# corresponding to MSA columns:
# 471-481
name=unknown_K
#
# <colnr> <probs for GDERKNQSTAVLIFYWHMCP>
#	G	D	E	R	K	N	Q	S	T	A	V	L	I	F	Y	W	H	M	C	P
0	0.01166	0.03008	0.76550	0.01657	0.02517	0.01351	0.02149	0.01842	0.01228	0.01842	0.01044	0.01228	0.00737	0.00552	0.00552	0.00184	0.00859	0.00430	0.00246	0.00859
1	0.01098	0.01034	0.01744	0.78165	0.04005	0.01292	0.01615	0.01486	0.01163	0.01486	0.01034	0.01550	0.00775	0.00581	0.00581	0.00194	0.00775	0.00517	0.00258	0.00646
2	0.01396	0.01338	0.02283	0.12947	0.66893	0.01370	0.01763	0.01747	0.01304	0.01848	0.01086	0.01453	0.00903	0.00526	0.00576	0.00175	0.00701	0.00518	0.00284	0.00887
3	0.01166	0.03008	0.76550	0.01657	0.02517	0.01351	0.02149	0.01842	0.01228	0.01842	0.01044	0.01228	0.00737	0.00552	0.00552	0.00184	0.00859	0.00430	0.00246	0.00859
4	0.00709	0.00506	0.00675	0.00810	0.00843	0.00472	0.00540	0.00810	0.01113	0.01484	0.03205	0.79184	0.03846	0.01822	0.00742	0.00236	0.00337	0.01653	0.00540	0.00472
5	0.00784	0.00538	0.00652	0.00713	0.00728	0.00523	0.00436	0.00830	0.00965	0.01287	0.02447	0.37534	0.02889	0.44777	0.01968	0.00417	0.00462	0.01207	0.00436	0.00406
