[name]
unknown

[dist]
# distance from previous block
# <min> <max>
0	344

[block]
# block no. 0 follows, 41 sequences, length 9
# corresponding to MSA columns:
# 449-457
name=unknown_A
#
# <colnr> <probs for GDERKNQSTAVLIFYWHMCP>
#	G	D	E	R	K	N	Q	S	T	A	V	L	I	F	Y	W	H	M	C	P
0	0.00922	0.00658	0.00922	0.01053	0.01185	0.00658	0.00922	0.01185	0.01317	0.01712	0.03029	0.06452	0.03292	0.01580	0.00790	0.00263	0.00527	0.72480	0.00527	0.00527
1	0.01647	0.01125	0.06088	0.10955	0.21292	0.00992	0.01175	0.01936	0.01415	0.29283	0.05465	0.02334	0.12257	0.00758	0.00590	0.00180	0.00554	0.00653	0.00485	0.00817
2	0.01203	0.01024	0.01172	0.00903	0.01340	0.00882	0.00714	0.01744	0.16768	0.02012	0.07784	0.01652	0.01430	0.00562	0.00479	0.00116	0.00416	0.00464	0.00415	0.58922
3	0.01101	0.00652	0.00841	0.00755	0.00951	0.00586	0.00580	0.01348	0.01584	0.15246	0.54653	0.04013	0.13205	0.01122	0.00657	0.00181	0.00310	0.00975	0.00632	0.00609
4	0.00922	0.00624	0.04502	0.00779	0.00847	0.00533	0.00576	0.00884	0.00926	0.01308	0.01737	0.24747	0.01861	0.01700	0.01487	0.44694	0.00438	0.00831	0.10227	0.00376
5	0.01395	0.17939	0.15477	0.11496	0.34731	0.06156	0.01599	0.01753	0.01257	0.01674	0.00991	0.01266	0.00811	0.00524	0.00519	0.00163	0.00726	0.00444	0.00265	0.00813
6	0.01720	0.00997	0.01112	0.00909	0.01227	0.01015	0.00733	0.26400	0.01812	0.18677	0.02252	0.02238	0.10204	0.00776	0.00529	0.00163	0.00440	0.00617	0.27409	0.00771
7	0.01402	0.00868	0.01049	0.00959	0.01180	0.00895	0.00721	0.08595	0.16602	0.17590	0.02343	0.25177	0.02218	0.09900	0.07485	0.00301	0.00544	0.00927	0.00543	0.00701
8	0.01370	0.01662	0.17509	0.01779	0.14593	0.04684	0.01426	0.11566	0.01305	0.01854	0.01049	0.01397	0.00883	0.01153	0.10185	0.00287	0.25740	0.00496	0.00307	0.00756

[dist]
# distance from previous block
# <min> <max>
0	1

[block]
# block no. 1 follows, 41 sequences, length 30
# corresponding to MSA columns:
# 459-488
name=unknown_B
#
# <colnr> <probs for GDERKNQSTAVLIFYWHMCP>
#	G	D	E	R	K	N	Q	S	T	A	V	L	I	F	Y	W	H	M	C	P
0	0.01463	0.01347	0.01351	0.06379	0.01677	0.08174	0.00969	0.02867	0.63786	0.02242	0.02112	0.01995	0.01591	0.00746	0.00575	0.00190	0.00525	0.00613	0.00535	0.00866
1	0.01450	0.01279	0.02108	0.02957	0.58147	0.01332	0.01574	0.01749	0.01258	0.07329	0.01150	0.01480	0.00953	0.00781	0.04781	0.00219	0.09765	0.00519	0.00312	0.00858
2	0.01514	0.33785	0.11753	0.01940	0.24300	0.04863	0.04941	0.07446	0.01357	0.01763	0.00975	0.01174	0.00810	0.00521	0.00486	0.00152	0.00697	0.00419	0.00286	0.00817
3	0.00868	0.00699	0.00759	0.00794	0.00847	0.05725	0.00530	0.00948	0.01014	0.01309	0.02358	0.31558	0.05617	0.31632	0.11023	0.00432	0.01953	0.01079	0.00413	0.00442
4	0.01086	0.01021	0.01719	0.78454	0.03941	0.01274	0.01590	0.01465	0.01147	0.01467	0.01023	0.01533	0.00768	0.00576	0.00574	0.00192	0.00764	0.00510	0.00256	0.00638
5	0.01223	0.17102	0.63338	0.01514	0.02294	0.01502	0.01907	0.01797	0.01203	0.01732	0.00990	0.01163	0.00732	0.00538	0.00514	0.00171	0.00804	0.00403	0.00244	0.00828
6	0.01288	0.01922	0.25328	0.05819	0.04112	0.01402	0.42106	0.01900	0.06778	0.01855	0.01202	0.01490	0.00891	0.00531	0.00624	0.00190	0.00877	0.00587	0.00297	0.00802
7	0.01347	0.01283	0.01665	0.01987	0.27457	0.10316	0.02702	0.03383	0.01245	0.01705	0.05164	0.04953	0.01363	0.04690	0.01029	0.04278	0.16354	0.01934	0.06455	0.00691
8	0.01156	0.01101	0.01540	0.01349	0.01366	0.01500	0.01103	0.01285	0.00884	0.01356	0.00959	0.01594	0.00960	0.06847	0.14664	0.00384	0.60550	0.00544	0.00268	0.00591
9	0.02179	0.01606	0.01720	0.01320	0.01778	0.01776	0.01089	0.74358	0.02692	0.03608	0.01379	0.01381	0.00978	0.00690	0.00575	0.00173	0.00631	0.00517	0.00574	0.00975
10	0.01254	0.13881	0.01587	0.01078	0.01375	0.01227	0.04697	0.11980	0.01284	0.01778	0.01282	0.03158	0.01162	0.05989	0.26598	0.00429	0.06076	0.00531	0.00344	0.14288
11	0.01104	0.00599	0.00836	0.00800	0.00841	0.00614	0.00552	0.07289	0.00922	0.01231	0.01033	0.01714	0.00997	0.01874	0.02089	0.75897	0.00511	0.00500	0.00279	0.00316
12	0.01051	0.02244	0.53874	0.01359	0.01989	0.01093	0.01640	0.01594	0.01335	0.01962	0.23673	0.02141	0.02141	0.00736	0.00586	0.00182	0.00673	0.00609	0.00361	0.00756
13	0.00838	0.00559	0.00628	0.00628	0.00629	0.00558	0.00349	0.00836	0.00836	0.01115	0.01807	0.03749	0.02084	0.79827	0.02912	0.00555	0.00556	0.00833	0.00349	0.00350
14	0.01753	0.01003	0.01248	0.00921	0.01402	0.00798	0.00747	0.01992	0.01373	0.32305	0.01527	0.01504	0.01084	0.00543	0.00488	0.00123	0.00451	0.00437	0.00491	0.49810
15	0.01202	0.12759	0.67492	0.01551	0.02351	0.01450	0.01971	0.01803	0.01206	0.01758	0.01003	0.01179	0.00732	0.00541	0.00524	0.00175	0.00817	0.00410	0.00244	0.00834
16	0.01000	0.00501	0.00750	0.00749	0.00750	0.00501	0.00500	0.00750	0.00749	0.01000	0.01000	0.01746	0.00999	0.01990	0.02236	0.83280	0.00499	0.00499	0.00250	0.00252
17	0.00704	0.00578	0.00619	0.00624	0.00795	0.00493	0.00462	0.00862	0.01336	0.01654	0.15977	0.11896	0.59129	0.01441	0.00683	0.00196	0.00293	0.01220	0.00548	0.00493
18	0.01192	0.01021	0.01190	0.00851	0.01360	0.00766	0.00680	0.01444	0.01190	0.01869	0.01023	0.01194	0.00853	0.00428	0.00426	0.00086	0.00426	0.00341	0.00341	0.83319
19	0.01438	0.01069	0.01203	0.01065	0.01320	0.01147	0.00818	0.34220	0.08424	0.02549	0.05134	0.34395	0.02401	0.01182	0.00646	0.00201	0.00477	0.01016	0.00560	0.00739
20	0.02122	0.01003	0.01276	0.01037	0.01418	0.00955	0.00844	0.06347	0.14043	0.50082	0.08812	0.02383	0.01898	0.00806	0.00598	0.00185	0.00473	0.04147	0.00666	0.00904
21	0.01366	0.01342	0.06884	0.10188	0.05273	0.15387	0.01014	0.07713	0.01207	0.01494	0.01063	0.03452	0.00956	0.01213	0.01311	0.33997	0.04802	0.00501	0.00297	0.00540
22	0.01579	0.21480	0.02322	0.02400	0.40563	0.15245	0.01405	0.01903	0.04772	0.01683	0.01035	0.01263	0.00877	0.00535	0.00510	0.00156	0.00717	0.00441	0.00291	0.00822
23	0.01000	0.00501	0.00750	0.00749	0.00750	0.00501	0.00500	0.00750	0.00749	0.01000	0.01000	0.01746	0.00999	0.01990	0.02236	0.83280	0.00499	0.00499	0.00250	0.00252
24	0.01276	0.01246	0.05596	0.04657	0.01689	0.01450	0.05908	0.01619	0.07661	0.05281	0.04810	0.02071	0.01362	0.00962	0.01331	0.00231	0.43950	0.07869	0.00352	0.00678
25	0.00817	0.00607	0.00761	0.00795	0.00882	0.00583	0.00549	0.00928	0.01075	0.01489	0.02693	0.49443	0.06521	0.12569	0.01051	0.00258	0.04508	0.01254	0.04500	0.08717
26	0.00730	0.00523	0.00692	0.00783	0.00840	0.00486	0.00536	0.00868	0.01222	0.01662	0.20268	0.61789	0.04165	0.01649	0.00719	0.00221	0.00319	0.01488	0.00556	0.00485
27	0.01879	0.01436	0.01556	0.01201	0.01654	0.01517	0.00980	0.50336	0.10699	0.03092	0.01411	0.01428	0.01040	0.00644	0.00544	0.00156	0.00566	0.00494	0.00525	0.18843
28	0.01331	0.05557	0.44706	0.01565	0.02166	0.06542	0.06395	0.08189	0.01332	0.01862	0.01118	0.04879	0.00908	0.00671	0.00718	0.00188	0.10279	0.00506	0.00294	0.00794
29	0.01411	0.01132	0.01266	0.10601	0.01646	0.05132	0.00914	0.28772	0.04761	0.02312	0.02184	0.30034	0.05194	0.01110	0.00634	0.00198	0.00539	0.00948	0.00504	0.00709

[dist]
# distance from previous block
# <min> <max>
0	3

[block]
# block no. 2 follows, 41 sequences, length 27
# corresponding to MSA columns:
# 492-518
name=unknown_C
#
# <colnr> <probs for GDERKNQSTAVLIFYWHMCP>
#	G	D	E	R	K	N	Q	S	T	A	V	L	I	F	Y	W	H	M	C	P
0	0.01204	0.14539	0.65855	0.01533	0.02325	0.01468	0.01943	0.01797	0.01201	0.01742	0.00992	0.01164	0.00726	0.00535	0.00517	0.00172	0.00810	0.00405	0.00242	0.00829
1	0.02006	0.01172	0.01210	0.01044	0.01354	0.14792	0.00809	0.02182	0.01494	0.43529	0.02236	0.21786	0.01902	0.00966	0.00604	0.00186	0.00546	0.00808	0.00587	0.00785
2	0.01614	0.01785	0.35015	0.01220	0.01761	0.01006	0.01319	0.01993	0.01298	0.29380	0.01623	0.01945	0.01228	0.15128	0.00989	0.00248	0.00660	0.00554	0.00433	0.00801
3	0.01296	0.08314	0.04878	0.01580	0.20060	0.01116	0.01057	0.03181	0.01240	0.01843	0.01013	0.01226	0.00847	0.00476	0.00497	0.00119	0.02406	0.00390	0.00315	0.48145
4	0.00916	0.00778	0.01342	0.01166	0.01346	0.00834	0.14141	0.01153	0.00990	0.01400	0.01488	0.02252	0.01385	0.10379	0.56840	0.00754	0.01340	0.00644	0.00307	0.00544
5	0.00738	0.00527	0.00711	0.00843	0.00895	0.00500	0.00602	0.00868	0.01136	0.01506	0.03130	0.66151	0.03693	0.01753	0.00741	0.00238	0.00368	0.14594	0.00530	0.00476
6	0.01186	0.01017	0.01186	0.00847	0.01356	0.00762	0.00678	0.01440	0.01186	0.01864	0.01017	0.01186	0.00847	0.00424	0.00424	0.00085	0.00424	0.00339	0.00339	0.83395
7	0.01413	0.15813	0.02887	0.10013	0.02621	0.01500	0.45242	0.01803	0.01324	0.06699	0.04257	0.01567	0.01057	0.00536	0.00601	0.00178	0.00818	0.00598	0.00319	0.00754
8	0.01152	0.02291	0.52568	0.01503	0.02141	0.01191	0.07509	0.01692	0.05587	0.01698	0.01109	0.01387	0.00847	0.00817	0.00866	0.15406	0.00767	0.00470	0.00267	0.00734
9	0.01065	0.01592	0.26514	0.27673	0.08529	0.01138	0.01530	0.01532	0.04322	0.01650	0.01520	0.17482	0.01425	0.00817	0.00595	0.00195	0.00682	0.00716	0.00323	0.00703
10	0.01293	0.01524	0.12815	0.09091	0.44878	0.01300	0.11669	0.01686	0.01269	0.01795	0.01213	0.06602	0.01055	0.00601	0.00589	0.00180	0.00726	0.00594	0.00292	0.00827
11	0.02174	0.01602	0.01717	0.01316	0.01774	0.01774	0.01087	0.74423	0.02689	0.03605	0.01373	0.01373	0.00973	0.00687	0.00572	0.00172	0.00629	0.00515	0.00572	0.00973
12	0.01476	0.00967	0.01280	0.15094	0.01809	0.00855	0.00873	0.01747	0.01329	0.20435	0.08058	0.01714	0.01381	0.00588	0.00511	0.00136	0.00488	0.00491	0.00441	0.40327
13	0.01330	0.00744	0.00954	0.00899	0.01103	0.00687	0.00665	0.07272	0.01369	0.21070	0.02637	0.48031	0.02752	0.01333	0.00657	0.00203	0.00402	0.01180	0.00567	0.06146
14	0.00807	0.00544	0.00631	0.00655	0.00662	0.00538	0.00380	0.00825	0.00880	0.01173	0.02049	0.17613	0.02391	0.65603	0.02512	0.00496	0.00514	0.00977	0.00380	0.00368
15	0.01547	0.01218	0.01507	0.08433	0.14206	0.01333	0.01054	0.28672	0.12576	0.02425	0.01530	0.01971	0.01279	0.15156	0.00994	0.00245	0.00595	0.00592	0.03880	0.00789
16	0.00776	0.00566	0.00715	0.00711	0.00822	0.00521	0.00511	0.00980	0.01426	0.01964	0.49070	0.18137	0.12539	0.07643	0.00865	0.00221	0.00306	0.01145	0.00578	0.00504
17	0.01414	0.01295	0.02063	0.09973	0.02231	0.01338	0.26959	0.20418	0.07602	0.02235	0.02134	0.02265	0.14721	0.00753	0.00648	0.00188	0.01865	0.00708	0.00426	0.00764
18	0.01274	0.01330	0.01698	0.64422	0.03542	0.15241	0.01500	0.01612	0.01231	0.01450	0.00992	0.01435	0.00758	0.00575	0.00562	0.00183	0.00812	0.00483	0.00262	0.00640
19	0.01177	0.07274	0.58602	0.01448	0.02210	0.01281	0.01782	0.01738	0.01201	0.01793	0.01011	0.01186	0.00748	0.00518	0.00511	0.00160	0.00754	0.00400	0.00260	0.15947
20	0.57256	0.01271	0.01278	0.01522	0.20961	0.05916	0.00948	0.01737	0.01099	0.02312	0.00875	0.01064	0.00702	0.00529	0.00420	0.00173	0.00541	0.00366	0.00332	0.00698
21	0.00703	0.00520	0.00658	0.00750	0.00822	0.00475	0.00514	0.00826	0.01180	0.01550	0.10170	0.59415	0.16976	0.01674	0.00715	0.00221	0.00319	0.01497	0.00540	0.00475
22	0.05509	0.06500	0.04841	0.01575	0.13316	0.25922	0.04195	0.02813	0.01362	0.01737	0.00970	0.01162	0.00800	0.00511	0.00487	0.00135	0.00716	0.00392	0.00308	0.26751
23	0.01255	0.05860	0.55437	0.01819	0.06911	0.05017	0.12157	0.01829	0.01251	0.01779	0.01031	0.01247	0.00757	0.00533	0.00555	0.00178	0.00851	0.00456	0.00253	0.00825
24	0.04792	0.30986	0.22878	0.01294	0.05290	0.01646	0.01277	0.01962	0.14744	0.01783	0.01171	0.01266	0.00929	0.00554	0.00469	0.00153	0.00628	0.00413	0.00319	0.07445
25	0.28864	0.15921	0.15304	0.01032	0.01498	0.01421	0.01015	0.06550	0.07904	0.07101	0.01512	0.01551	0.06905	0.00643	0.00466	0.00170	0.00551	0.00463	0.00386	0.00743
26	0.01470	0.01133	0.01436	0.01283	0.06464	0.01157	0.06763	0.09629	0.28153	0.10926	0.02561	0.02470	0.15029	0.00809	0.00590	0.00178	0.00499	0.00693	0.00521	0.08236

[dist]
# distance from previous block
# <min> <max>
0	1

[block]
# block no. 3 follows, 41 sequences, length 6
# corresponding to MSA columns:
# 520-525
name=unknown_D
#
# <colnr> <probs for GDERKNQSTAVLIFYWHMCP>
#	G	D	E	R	K	N	Q	S	T	A	V	L	I	F	Y	W	H	M	C	P
0	0.00768	0.00577	0.00735	0.00785	0.00898	0.00510	0.00545	0.00902	0.01154	0.01574	0.07832	0.59681	0.07871	0.01548	0.00682	0.00207	0.00337	0.01391	0.00512	0.11490
1	0.00947	0.00806	0.01377	0.01163	0.01387	0.00811	0.17826	0.01208	0.01122	0.01592	0.02174	0.08883	0.11151	0.02344	0.33052	0.00494	0.00971	0.00777	0.11347	0.00567
2	0.01106	0.00996	0.01487	0.51552	0.03001	0.01200	0.01302	0.01721	0.17358	0.01665	0.01580	0.11742	0.01368	0.00774	0.00595	0.00197	0.00639	0.00683	0.00362	0.00672
3	0.00700	0.00549	0.00634	0.00679	0.00804	0.00483	0.00484	0.00843	0.01263	0.01604	0.13388	0.33613	0.39831	0.01546	0.00696	0.00206	0.00303	0.01346	0.00543	0.00483
4	0.16092	0.01890	0.01458	0.01506	0.10999	0.38398	0.01028	0.07889	0.01488	0.01853	0.01227	0.11239	0.01151	0.00733	0.00526	0.00168	0.00761	0.00551	0.00357	0.00686
5	0.01080	0.01017	0.01716	0.78523	0.03940	0.01271	0.01589	0.01461	0.01144	0.01461	0.01017	0.01525	0.00762	0.00572	0.00572	0.00191	0.00762	0.00508	0.00254	0.00635

[dist]
# distance from previous block
# <min> <max>
0	3

[block]
# block no. 4 follows, 41 sequences, length 11
# corresponding to MSA columns:
# 529-539
name=unknown_E
#
# <colnr> <probs for GDERKNQSTAVLIFYWHMCP>
#	G	D	E	R	K	N	Q	S	T	A	V	L	I	F	Y	W	H	M	C	P
0	0.00926	0.00644	0.00762	0.00776	0.00934	0.00595	0.00576	0.05627	0.01341	0.06717	0.05927	0.34114	0.31183	0.01487	0.00692	0.00210	0.00356	0.06040	0.00548	0.00544
1	0.01518	0.01167	0.01532	0.01206	0.01635	0.01140	0.10160	0.02372	0.32593	0.13534	0.01778	0.01748	0.01317	0.00623	0.00546	0.00159	0.00514	0.00548	0.00492	0.25417
2	0.01833	0.01040	0.01298	0.01005	0.01428	0.00945	0.00815	0.02242	0.11024	0.35117	0.01721	0.01651	0.01211	0.00632	0.00602	0.00150	0.05345	0.00494	0.00529	0.30918
3	0.01251	0.01251	0.01752	0.01502	0.01502	0.01752	0.01251	0.01377	0.00876	0.01377	0.00751	0.01251	0.00751	0.01001	0.01877	0.00250	0.78851	0.00501	0.00250	0.00626
4	0.04960	0.01268	0.10808	0.00943	0.01487	0.00858	0.00858	0.01498	0.01179	0.01889	0.01008	0.01177	0.00821	0.00444	0.00436	0.00101	0.00478	0.00348	0.00327	0.69111
5	0.06726	0.06407	0.59223	0.01507	0.02240	0.01325	0.05629	0.01767	0.01197	0.01862	0.01063	0.01254	0.00775	0.00545	0.00519	0.00175	0.00774	0.00430	0.05783	0.00800
6	0.01080	0.01017	0.01716	0.78523	0.03940	0.01271	0.01589	0.01461	0.01144	0.01461	0.01017	0.01525	0.00762	0.00572	0.00572	0.00191	0.00762	0.00508	0.00254	0.00635
7	0.00965	0.00563	0.00858	0.10648	0.01163	0.00591	0.00640	0.00843	0.00843	0.01115	0.01285	0.12100	0.01337	0.01781	0.01823	0.61675	0.00509	0.00649	0.00287	0.00327
8	0.01529	0.80242	0.02997	0.00979	0.01468	0.02263	0.00979	0.01713	0.01162	0.01346	0.00795	0.00918	0.00734	0.00489	0.00367	0.00122	0.00612	0.00306	0.00245	0.00734
9	0.01134	0.00706	0.00924	0.00888	0.01070	0.00676	0.00708	0.05864	0.01553	0.11605	0.35366	0.12811	0.03902	0.01254	0.00691	0.00206	0.00392	0.19042	0.00599	0.00610
10	0.01791	0.01283	0.01365	0.01142	0.01473	0.05296	0.00903	0.34273	0.12677	0.12110	0.01913	0.11981	0.01644	0.06159	0.00755	0.00211	0.00560	0.03086	0.00554	0.00824

[dist]
# distance from previous block
# <min> <max>
0	1

[block]
# block no. 5 follows, 41 sequences, length 22
# corresponding to MSA columns:
# 541-562
name=unknown_F
#
# <colnr> <probs for GDERKNQSTAVLIFYWHMCP>
#	G	D	E	R	K	N	Q	S	T	A	V	L	I	F	Y	W	H	M	C	P
0	0.00830	0.00560	0.00650	0.00650	0.00659	0.00569	0.00379	0.00849	0.00840	0.01129	0.01778	0.03610	0.02022	0.73175	0.09556	0.00587	0.00641	0.00812	0.00343	0.00361
1	0.01350	0.00983	0.01120	0.00998	0.01272	0.01058	0.00775	0.02352	0.41933	0.11053	0.27077	0.02831	0.02934	0.00900	0.00612	0.00187	0.00395	0.00769	0.00613	0.00790
2	0.83938	0.01106	0.00841	0.00752	0.01106	0.01283	0.00619	0.01681	0.00973	0.02566	0.00796	0.00929	0.00619	0.00531	0.00354	0.00177	0.00442	0.00310	0.00354	0.00619
3	0.83938	0.01106	0.00841	0.00752	0.01106	0.01283	0.00619	0.01681	0.00973	0.02566	0.00796	0.00929	0.00619	0.00531	0.00354	0.00177	0.00442	0.00310	0.00354	0.00619
4	0.01186	0.01017	0.01186	0.00847	0.01356	0.00762	0.00678	0.01440	0.01186	0.01864	0.01017	0.01186	0.00847	0.00424	0.00424	0.00085	0.00424	0.00339	0.00339	0.83395
5	0.00742	0.00537	0.00701	0.00755	0.00837	0.00496	0.00530	0.00913	0.01318	0.01803	0.32929	0.45502	0.07762	0.01523	0.00705	0.00209	0.00305	0.01366	0.00571	0.00496
6	0.01001	0.00540	0.00826	0.07245	0.01012	0.00561	0.00588	0.00805	0.00778	0.01033	0.00995	0.01721	0.00974	0.01869	0.02096	0.76407	0.00519	0.00498	0.00249	0.00281
7	0.02502	0.01076	0.01391	0.01066	0.01511	0.00993	0.00881	0.14488	0.01809	0.64783	0.02112	0.01853	0.01344	0.00704	0.00575	0.00176	0.00510	0.00565	0.00686	0.00973
8	0.00741	0.00529	0.00714	0.00846	0.00899	0.00502	0.00607	0.00872	0.01138	0.01509	0.03128	0.65320	0.03688	0.01751	0.00742	0.00238	0.00370	0.15399	0.00530	0.00477
9	0.01317	0.37302	0.44078	0.01341	0.02028	0.01744	0.01609	0.01768	0.01187	0.01604	0.00924	0.01079	0.00729	0.00519	0.00465	0.00155	0.00742	0.00371	0.00243	0.00796
10	0.00994	0.00497	0.00745	0.00745	0.00745	0.00497	0.00497	0.00745	0.00745	0.00994	0.00994	0.01739	0.00994	0.01987	0.02235	0.83358	0.00497	0.00497	0.00248	0.00248
11	0.01066	0.00533	0.00533	0.00533	0.00666	0.00533	0.00400	0.01333	0.01200	0.02132	0.01866	0.02132	0.01466	0.00666	0.00400	0.00133	0.00267	0.00533	0.83073	0.00533
12	0.01186	0.01017	0.01186	0.00847	0.01356	0.00762	0.00678	0.01440	0.01186	0.01864	0.01017	0.01186	0.00847	0.00424	0.00424	0.00085	0.00424	0.00339	0.00339	0.83395
13	0.01027	0.00788	0.00914	0.00853	0.01045	0.00825	0.00647	0.01731	0.25710	0.02278	0.42648	0.06518	0.03805	0.01024	0.00624	0.00183	0.00332	0.00890	0.07500	0.00656
14	0.01146	0.00974	0.01144	0.00843	0.01313	0.00738	0.00666	0.01388	0.01179	0.01831	0.01190	0.07555	0.01086	0.00535	0.00449	0.00097	0.00416	0.00444	0.00354	0.76653
15	0.07971	0.21515	0.52851	0.01401	0.02120	0.01551	0.01717	0.01777	0.01178	0.01760	0.00952	0.01115	0.00718	0.00529	0.00485	0.00167	0.00756	0.00385	0.00251	0.00800
16	0.83938	0.01106	0.00841	0.00752	0.01106	0.01283	0.00619	0.01681	0.00973	0.02566	0.00796	0.00929	0.00619	0.00531	0.00354	0.00177	0.00442	0.00310	0.00354	0.00619
17	0.02461	0.01143	0.01432	0.01098	0.01545	0.01092	0.00907	0.22100	0.01921	0.57013	0.02018	0.01792	0.01296	0.00702	0.00574	0.00176	0.00525	0.00559	0.00671	0.00973
18	0.20773	0.01234	0.07518	0.01014	0.01448	0.01097	0.00889	0.09403	0.07742	0.26508	0.04053	0.03668	0.01287	0.00668	0.00512	0.00169	0.00499	0.00517	0.00513	0.10487
19	0.02380	0.01044	0.01424	0.01240	0.07723	0.00950	0.00927	0.08469	0.01694	0.62065	0.04525	0.01933	0.01469	0.00705	0.00578	0.00176	0.00507	0.00580	0.00659	0.00953
20	0.01865	0.01345	0.01540	0.01365	0.07788	0.01474	0.01021	0.46771	0.05476	0.06412	0.01521	0.03593	0.01155	0.00716	0.00607	0.00172	0.03810	0.00554	0.11939	0.00876
21	0.01344	0.01526	0.03283	0.02359	0.02905	0.01464	0.70102	0.01806	0.01323	0.01806	0.01134	0.01526	0.00861	0.00512	0.00743	0.00196	0.05393	0.00665	0.00287	0.00763

[dist]
# distance from previous block
# <min> <max>
2	42

[block]
# block no. 6 follows, 41 sequences, length 32
# corresponding to MSA columns:
# 605-636
name=unknown_G
#
# <colnr> <probs for GDERKNQSTAVLIFYWHMCP>
#	G	D	E	R	K	N	Q	S	T	A	V	L	I	F	Y	W	H	M	C	P
0	0.02023	0.05232	0.04923	0.01357	0.01756	0.25054	0.01109	0.34770	0.09729	0.02608	0.01369	0.01447	0.01045	0.00695	0.00567	0.00176	0.00750	0.00493	0.04031	0.00868
1	0.04352	0.01183	0.01786	0.28563	0.15787	0.01199	0.07052	0.01686	0.05655	0.01840	0.01177	0.01515	0.00940	0.00567	0.00558	0.00169	0.00656	0.00496	0.00334	0.24485
2	0.02042	0.01138	0.01377	0.01037	0.01504	0.01037	0.00849	0.19012	0.01742	0.35878	0.01663	0.01580	0.01138	0.00617	0.00529	0.00148	0.00502	0.00488	0.00561	0.27157
3	0.08420	0.01029	0.01314	0.01137	0.01262	0.01255	0.00909	0.11046	0.01202	0.05019	0.07883	0.01689	0.01300	0.01219	0.02974	0.19554	0.31294	0.00542	0.00360	0.00592
4	0.00758	0.00528	0.00660	0.00736	0.00763	0.00505	0.00469	0.00830	0.01035	0.01387	0.06659	0.48461	0.03270	0.29466	0.01503	0.00345	0.00410	0.01313	0.00473	0.00430
5	0.01309	0.00711	0.00931	0.00844	0.01049	0.00652	0.00641	0.04192	0.01545	0.22000	0.36581	0.21041	0.03798	0.01177	0.00660	0.00192	0.00358	0.01032	0.00627	0.00657
6	0.00910	0.00709	0.00973	0.00894	0.01087	0.00723	0.00693	0.01115	0.00982	0.01449	0.01430	0.02075	0.01329	0.06733	0.56306	0.00710	0.01232	0.00561	0.00318	0.19771
7	0.48652	0.01088	0.01077	0.00888	0.01281	0.01146	0.00732	0.06077	0.01322	0.30643	0.01386	0.01347	0.00946	0.00611	0.00452	0.00178	0.00472	0.00424	0.00502	0.00776
8	0.00719	0.00565	0.00648	0.00671	0.00811	0.00496	0.00486	0.00880	0.01329	0.01704	0.21465	0.23565	0.41673	0.01472	0.00692	0.00201	0.00298	0.01272	0.00556	0.00495
9	0.25864	0.01027	0.01191	0.00952	0.01364	0.00996	0.00783	0.02484	0.04620	0.52181	0.01846	0.01671	0.01207	0.00664	0.00515	0.00179	0.00475	0.00504	0.00603	0.00872
10	0.20422	0.00917	0.01233	0.01008	0.01302	0.00933	0.14409	0.01598	0.04512	0.05273	0.07700	0.02115	0.05934	0.00698	0.00498	0.00168	0.00460	0.00597	0.29591	0.00634
11	0.01410	0.57543	0.06727	0.19042	0.02102	0.01984	0.01185	0.01664	0.01165	0.01404	0.00866	0.01084	0.00747	0.00516	0.00427	0.00143	0.00662	0.00362	0.00249	0.00720
12	0.01400	0.06126	0.01982	0.19785	0.16258	0.10693	0.04530	0.03540	0.01197	0.01574	0.00933	0.01324	0.00797	0.00702	0.00989	0.00198	0.26497	0.00487	0.00275	0.00710
13	0.64542	0.00982	0.00795	0.00727	0.00999	0.01117	0.00559	0.01488	0.00945	0.02233	0.01037	0.01593	0.00965	0.18982	0.00951	0.00266	0.00471	0.00433	0.00354	0.00559
14	0.01033	0.01111	0.18336	0.00833	0.01105	0.00737	0.00810	0.01336	0.01120	0.01823	0.01645	0.02236	0.01413	0.15771	0.05510	0.00272	0.00533	0.00570	0.43235	0.00573
15	0.00727	0.00586	0.00645	0.00630	0.00805	0.00506	0.00472	0.00911	0.01411	0.01797	0.28863	0.05105	0.52805	0.01360	0.00678	0.00190	0.00286	0.01152	0.00566	0.00505
16	0.01000	0.00502	0.00750	0.00750	0.00750	0.00501	0.00500	0.00750	0.00750	0.01000	0.01000	0.01747	0.01000	0.01990	0.02237	0.83272	0.00499	0.00499	0.00251	0.00252
17	0.01424	0.42290	0.02533	0.19216	0.02206	0.06400	0.07793	0.01671	0.01178	0.01429	0.00887	0.01164	0.00761	0.00568	0.00602	0.00160	0.08347	0.00411	0.00257	0.00703
18	0.00756	0.00548	0.00719	0.00802	0.00880	0.00511	0.00578	0.00916	0.01260	0.01696	0.20237	0.48661	0.08410	0.01604	0.00724	0.00223	0.00341	0.10085	0.00555	0.00494
19	0.01281	0.01183	0.01963	0.02864	0.58714	0.01172	0.01475	0.01603	0.01380	0.01973	0.18503	0.02089	0.01956	0.00667	0.00594	0.00173	0.00586	0.00634	0.00366	0.00824
20	0.00879	0.00545	0.00659	0.00659	0.00659	0.00544	0.00387	0.00816	0.00815	0.01087	0.01608	0.03253	0.01815	0.60513	0.02744	0.21074	0.00542	0.00751	0.00324	0.00326
21	0.01422	0.00641	0.00723	0.00651	0.00856	0.00609	0.00505	0.01676	0.01305	0.19475	0.01962	0.02098	0.01460	0.00680	0.00444	0.00145	0.00320	0.00545	0.63845	0.00639
22	0.01193	0.01021	0.01191	0.00852	0.01360	0.00766	0.00681	0.01445	0.01190	0.01870	0.01023	0.01195	0.00853	0.00428	0.00427	0.00086	0.00426	0.00341	0.00341	0.83311
23	0.02038	0.01766	0.19106	0.01319	0.01863	0.01442	0.01267	0.39723	0.02087	0.21311	0.01518	0.01486	0.01031	0.00663	0.00569	0.00176	0.00646	0.00511	0.00531	0.00946
24	0.64854	0.01226	0.01049	0.00888	0.01266	0.01401	0.00731	0.18592	0.01377	0.02813	0.00937	0.01042	0.00708	0.00572	0.00408	0.00177	0.00488	0.00360	0.00407	0.00705
25	0.17656	0.01149	0.01331	0.01042	0.01472	0.01144	0.00859	0.19234	0.01762	0.45828	0.01784	0.01632	0.01170	0.00674	0.00536	0.00177	0.00514	0.00514	0.00612	0.00910
26	0.01098	0.00702	0.01117	0.01393	0.18318	0.00701	0.00792	0.00985	0.00879	0.01204	0.01019	0.01672	0.00979	0.01647	0.01849	0.63937	0.00541	0.00502	0.00259	0.00405
27	0.01163	0.02510	0.59254	0.01452	0.02219	0.01200	0.01781	0.01729	0.01207	0.01830	0.01031	0.01212	0.00759	0.00520	0.00518	0.00160	0.00749	0.00405	0.00266	0.20035
28	0.00939	0.00838	0.01401	0.01202	0.01428	0.00773	0.17708	0.01148	0.01166	0.01607	0.02331	0.48288	0.02617	0.01278	0.00707	0.00204	0.02557	0.01196	0.00443	0.12170
29	0.01193	0.01021	0.01191	0.00852	0.01360	0.00766	0.00681	0.01445	0.01190	0.01870	0.01023	0.01195	0.00853	0.00428	0.00427	0.00086	0.00426	0.00341	0.00341	0.83311
30	0.26336	0.22580	0.03698	0.04360	0.01545	0.05783	0.00931	0.16045	0.06937	0.02287	0.01089	0.01195	0.00856	0.00583	0.00445	0.00161	0.00577	0.00399	0.03442	0.00750
31	0.04999	0.01232	0.01295	0.01111	0.01445	0.01388	0.00879	0.21902	0.42142	0.02701	0.05225	0.01982	0.01631	0.00753	0.00559	0.00182	0.00476	0.00605	0.08630	0.00862

[dist]
# distance from previous block
# <min> <max>
0	2

[block]
# block no. 7 follows, 41 sequences, length 33
# corresponding to MSA columns:
# 639-671
name=unknown_H
#
# <colnr> <probs for GDERKNQSTAVLIFYWHMCP>
#	G	D	E	R	K	N	Q	S	T	A	V	L	I	F	Y	W	H	M	C	P
0	0.01594	0.03849	0.01488	0.03726	0.05841	0.01228	0.00929	0.27146	0.04859	0.05997	0.03783	0.04998	0.01234	0.00642	0.00523	0.00144	0.00523	0.00520	0.00457	0.30518
1	0.01170	0.01062	0.01693	0.69268	0.03663	0.01289	0.01511	0.07126	0.01266	0.01645	0.01044	0.01499	0.00782	0.00575	0.00566	0.00185	0.00738	0.00502	0.00282	0.04135
2	0.01413	0.01367	0.02366	0.03465	0.73252	0.01363	0.04798	0.01759	0.01304	0.01867	0.01079	0.01421	0.00904	0.00508	0.00571	0.00171	0.00691	0.00517	0.00283	0.00900
3	0.02297	0.03703	0.01404	0.01060	0.01448	0.00998	0.00875	0.07097	0.01598	0.59351	0.02085	0.06250	0.01448	0.00784	0.00678	0.00184	0.06577	0.00616	0.00638	0.00909
4	0.01141	0.00947	0.01122	0.00837	0.01279	0.00725	0.00656	0.01351	0.01150	0.01777	0.01151	0.06221	0.01045	0.00620	0.00569	0.05893	0.00423	0.00432	0.00345	0.72315
5	0.00914	0.00805	0.01397	0.07189	0.01553	0.00785	0.18526	0.01108	0.01105	0.01476	0.02213	0.38338	0.02476	0.18013	0.01169	0.00288	0.00567	0.01139	0.00411	0.00527
6	0.00872	0.00626	0.00820	0.00915	0.01010	0.00618	0.00695	0.06048	0.01277	0.01690	0.02989	0.50613	0.03430	0.01647	0.00738	0.00238	0.00415	0.24305	0.00532	0.00520
7	0.01428	0.01040	0.01225	0.00916	0.01378	0.00863	0.00732	0.09615	0.01400	0.11077	0.01355	0.06754	0.01134	0.00582	0.00480	0.00116	0.00448	0.00477	0.00423	0.58557
8	0.01080	0.01017	0.01716	0.78523	0.03940	0.01271	0.01589	0.01461	0.01144	0.01461	0.01017	0.01525	0.00762	0.00572	0.00572	0.00191	0.00762	0.00508	0.00254	0.00635
9	0.00697	0.00498	0.00664	0.00796	0.00830	0.00465	0.00531	0.00796	0.01095	0.01460	0.03153	0.79525	0.03783	0.01792	0.00730	0.00232	0.00332	0.01626	0.00531	0.00465
10	0.83938	0.01106	0.00841	0.00752	0.01106	0.01283	0.00619	0.01681	0.00973	0.02566	0.00796	0.00929	0.00619	0.00531	0.00354	0.00177	0.00442	0.00310	0.00354	0.00619
11	0.00707	0.00506	0.00673	0.00790	0.00832	0.00471	0.00532	0.00822	0.01142	0.01535	0.09704	0.72760	0.03928	0.01736	0.00725	0.00228	0.00326	0.01573	0.00540	0.00471
12	0.00697	0.00498	0.00664	0.00796	0.00830	0.00465	0.00531	0.00796	0.01095	0.01460	0.03153	0.79525	0.03783	0.01792	0.00730	0.00232	0.00332	0.01626	0.00531	0.00465
13	0.02566	0.00973	0.01327	0.01018	0.01460	0.00841	0.00841	0.02788	0.01637	0.76726	0.02257	0.01947	0.01416	0.00708	0.00575	0.00177	0.00487	0.00575	0.00708	0.00973
14	0.01218	0.00644	0.00863	0.00836	0.01002	0.00582	0.00615	0.01390	0.01364	0.21536	0.20385	0.40999	0.03545	0.01356	0.00676	0.00205	0.00358	0.01207	0.00601	0.00617
15	0.02464	0.00996	0.01324	0.01031	0.01463	0.00893	0.00847	0.02810	0.08259	0.70044	0.02263	0.01964	0.01446	0.00714	0.00576	0.00179	0.00484	0.00582	0.00697	0.00967
16	0.01013	0.00622	0.00664	0.00647	0.00759	0.00641	0.00450	0.01347	0.09482	0.01844	0.07062	0.02799	0.01968	0.26161	0.01246	0.00279	0.00380	0.00677	0.41443	0.00516
17	0.02210	0.01546	0.01682	0.01289	0.01746	0.01690	0.01065	0.67983	0.02595	0.10178	0.01453	0.01425	0.01013	0.00689	0.00572	0.00172	0.00617	0.00520	0.00584	0.00973
18	0.01667	0.49351	0.02421	0.01103	0.01545	0.08835	0.00996	0.13113	0.12570	0.01854	0.01122	0.01180	0.00923	0.00572	0.00444	0.00143	0.00628	0.00395	0.00350	0.00790
19	0.83938	0.01106	0.00841	0.00752	0.01106	0.01283	0.00619	0.01681	0.00973	0.02566	0.00796	0.00929	0.00619	0.00531	0.00354	0.00177	0.00442	0.00310	0.00354	0.00619
20	0.01333	0.01204	0.01861	0.06738	0.38722	0.01270	0.03737	0.07352	0.08085	0.02072	0.14878	0.01999	0.01788	0.00702	0.00675	0.00181	0.05581	0.00623	0.00392	0.00807
21	0.00781	0.00584	0.00726	0.00690	0.00837	0.00528	0.00518	0.01025	0.01553	0.02136	0.61225	0.04532	0.20299	0.01228	0.00675	0.00183	0.00274	0.01071	0.00609	0.00528
22	0.08509	0.00903	0.05735	0.00930	0.01137	0.00820	0.00739	0.06457	0.09657	0.06199	0.08196	0.43005	0.02868	0.01297	0.00643	0.00208	0.00413	0.01137	0.00523	0.00623
23	0.00713	0.00531	0.00664	0.00736	0.00822	0.00482	0.00512	0.00853	0.01234	0.01629	0.16854	0.50184	0.19485	0.01607	0.00709	0.00215	0.00312	0.01430	0.00549	0.00482
24	0.00818	0.00581	0.00775	0.00781	0.00834	0.00631	0.00541	0.00926	0.00889	0.01237	0.01733	0.06750	0.01837	0.37931	0.40447	0.00722	0.01036	0.00761	0.00336	0.00435
25	0.02205	0.01553	0.01686	0.01293	0.01749	0.01701	0.01068	0.68860	0.02608	0.09283	0.01442	0.01418	0.01007	0.00688	0.00572	0.00172	0.00618	0.00520	0.00583	0.00973
26	0.00696	0.00502	0.00660	0.00786	0.00827	0.00465	0.00526	0.00798	0.01105	0.01464	0.03277	0.76029	0.07198	0.01776	0.00728	0.00230	0.00330	0.01606	0.00531	0.00465
27	0.01186	0.01017	0.01186	0.00847	0.01356	0.00762	0.00678	0.01440	0.01186	0.01864	0.01017	0.01186	0.00847	0.00424	0.00424	0.00085	0.00424	0.00339	0.00339	0.83395
28	0.01251	0.01251	0.01752	0.01502	0.01502	0.01752	0.01251	0.01377	0.00876	0.01377	0.00751	0.01251	0.00751	0.01001	0.01877	0.00250	0.78851	0.00501	0.00250	0.00626
29	0.01186	0.01017	0.01186	0.00847	0.01356	0.00762	0.00678	0.01440	0.01186	0.01864	0.01017	0.01186	0.00847	0.00424	0.00424	0.00085	0.00424	0.00339	0.00339	0.83395
30	0.07634	0.11448	0.57549	0.01543	0.02291	0.01439	0.06893	0.01792	0.01194	0.01819	0.00992	0.01177	0.00727	0.00532	0.00518	0.00175	0.00796	0.00418	0.00254	0.00810
31	0.02476	0.01110	0.03670	0.01072	0.01529	0.00968	0.00909	0.11417	0.01751	0.65613	0.02112	0.01855	0.01341	0.00700	0.00574	0.00176	0.00515	0.00563	0.00677	0.00969
32	0.00697	0.00498	0.00664	0.00796	0.00830	0.00465	0.00531	0.00796	0.01095	0.01460	0.03153	0.79525	0.03783	0.01792	0.00730	0.00232	0.00332	0.01626	0.00531	0.00465

[dist]
# distance from previous block
# <min> <max>
65	408

# created by:
# /software/SequenceAnalysis/GenePrediction/augustus/3.0.1/scripts/msa2prfl.pl ./fixed/BUSCOvEOG7R2577.fas
