[name]
unknown

[dist]
# distance from previous block
# <min> <max>
1	36

[block]
# block no. 0 follows, 41 sequences, length 6
# corresponding to MSA columns:
# 36-41
name=unknown_A
#
# <colnr> <probs for GDERKNQSTAVLIFYWHMCP>
#	G	D	E	R	K	N	Q	S	T	A	V	L	I	F	Y	W	H	M	C	P
0	0.01481	0.01143	0.01323	0.01184	0.05639	0.01155	0.00877	0.02459	0.40566	0.10647	0.01857	0.01788	0.01392	0.00648	0.00533	0.00158	0.00461	0.00539	0.00507	0.25643
1	0.02153	0.00986	0.01285	0.00967	0.01429	0.00817	0.00792	0.02384	0.01502	0.54283	0.01885	0.01719	0.01245	0.00623	0.00530	0.00149	0.00468	0.00504	0.00597	0.25683
2	0.00697	0.00498	0.00664	0.00796	0.00830	0.00465	0.00531	0.00796	0.01095	0.01460	0.03153	0.79525	0.03783	0.01792	0.00730	0.00232	0.00332	0.01626	0.00531	0.00465
3	0.00697	0.00498	0.00664	0.00796	0.00830	0.00465	0.00531	0.00796	0.01095	0.01460	0.03153	0.79525	0.03783	0.01792	0.00730	0.00232	0.00332	0.01626	0.00531	0.00465
4	0.01080	0.02269	0.54146	0.01457	0.02089	0.01128	0.01756	0.01624	0.01240	0.01782	0.01627	0.02780	0.01494	0.00854	0.00617	0.00206	0.00750	0.22025	0.00327	0.00750
5	0.02221	0.01089	0.01625	0.01765	0.23906	0.00996	0.01115	0.02478	0.01537	0.54284	0.01903	0.01788	0.01263	0.00648	0.00573	0.00175	0.00545	0.00556	0.00581	0.00953

[dist]
# distance from previous block
# <min> <max>
0	14

[block]
# block no. 1 follows, 41 sequences, length 16
# corresponding to MSA columns:
# 56-71
name=unknown_B
#
# <colnr> <probs for GDERKNQSTAVLIFYWHMCP>
#	G	D	E	R	K	N	Q	S	T	A	V	L	I	F	Y	W	H	M	C	P
0	0.01721	0.01948	0.01994	0.05079	0.41219	0.34829	0.01464	0.01978	0.01437	0.01650	0.00990	0.01251	0.00827	0.00547	0.00544	0.00161	0.00837	0.00448	0.00287	0.00790
1	0.01597	0.01120	0.01277	0.01037	0.01352	0.01179	0.00833	0.38159	0.02160	0.07178	0.34199	0.02679	0.02940	0.00900	0.00617	0.00176	0.00463	0.00746	0.00605	0.00783
2	0.01908	0.00780	0.00979	0.00805	0.01112	0.00706	0.00647	0.02149	0.01445	0.43978	0.02085	0.02028	0.01438	0.00690	0.00498	0.00158	0.00390	0.00557	0.36868	0.00780
3	0.00848	0.00556	0.00562	0.00566	0.00728	0.00504	0.00422	0.01045	0.01251	0.01800	0.03983	0.06454	0.40959	0.01116	0.00557	0.00168	0.00281	0.00925	0.36769	0.00504
4	0.01155	0.45268	0.01936	0.00803	0.01163	0.01482	0.00740	0.01321	0.01224	0.01433	0.02990	0.02931	0.33821	0.00910	0.00503	0.00153	0.00470	0.00702	0.00370	0.00624
5	0.00865	0.00726	0.01126	0.34920	0.02195	0.00819	0.00995	0.01088	0.01116	0.01461	0.02215	0.45281	0.02457	0.01256	0.00661	0.00214	0.00521	0.01135	0.00409	0.00540
6	0.01582	0.02857	0.43870	0.01561	0.02165	0.34814	0.01671	0.02019	0.01389	0.01631	0.00964	0.01130	0.00730	0.00564	0.00531	0.00166	0.00927	0.00399	0.00265	0.00765
7	0.01193	0.02209	0.43928	0.01574	0.02048	0.01514	0.01735	0.01621	0.01062	0.01621	0.00905	0.01227	0.00736	0.00744	0.01129	0.00211	0.35092	0.00457	0.00245	0.00749
8	0.00882	0.00613	0.00791	0.00865	0.00939	0.00613	0.00669	0.01030	0.01104	0.01447	0.02490	0.05263	0.02760	0.35964	0.01721	0.00391	0.00539	0.41025	0.00448	0.00448
9	0.01908	0.00780	0.00979	0.00805	0.01112	0.00706	0.00647	0.02149	0.01445	0.43978	0.02085	0.02028	0.01438	0.00690	0.00498	0.00158	0.00390	0.00557	0.36868	0.00780
10	0.02174	0.01602	0.01717	0.01316	0.01774	0.01774	0.01087	0.74423	0.02689	0.03605	0.01373	0.01373	0.00973	0.00687	0.00572	0.00172	0.00629	0.00515	0.00572	0.00973
11	0.48214	0.01048	0.01054	0.00869	0.01262	0.01089	0.00717	0.02167	0.01265	0.35124	0.01437	0.01376	0.00969	0.00609	0.00451	0.00177	0.00462	0.00426	0.00509	0.00775
12	0.01518	0.00707	0.00955	0.00894	0.01106	0.00630	0.00667	0.01671	0.01333	0.34504	0.02759	0.45466	0.02744	0.01316	0.00662	0.00208	0.00400	0.01165	0.00609	0.00688
13	0.01505	0.01748	0.01201	0.01176	0.01356	0.43737	0.00853	0.01631	0.01390	0.01426	0.01880	0.35492	0.02074	0.01117	0.00610	0.00185	0.00724	0.00921	0.00398	0.00576
14	0.01298	0.02061	0.35079	0.02685	0.43906	0.01346	0.01913	0.01780	0.01261	0.01844	0.01054	0.01324	0.00826	0.00524	0.00556	0.00175	0.00752	0.00471	0.00265	0.00879
15	0.01227	0.01167	0.01982	0.45591	0.35721	0.01310	0.01662	0.01591	0.01213	0.01640	0.01043	0.01477	0.00826	0.00545	0.00569	0.00182	0.00726	0.00509	0.00267	0.00754

[dist]
# distance from previous block
# <min> <max>
0	1

[block]
# block no. 2 follows, 41 sequences, length 47
# corresponding to MSA columns:
# 73-119
name=unknown_C
#
# <colnr> <probs for GDERKNQSTAVLIFYWHMCP>
#	G	D	E	R	K	N	Q	S	T	A	V	L	I	F	Y	W	H	M	C	P
0	0.00939	0.00643	0.00875	0.00990	0.01122	0.00643	0.00859	0.01203	0.01303	0.01763	0.02888	0.05929	0.03071	0.01469	0.00743	0.00248	0.00495	0.63771	0.10518	0.00527
1	0.00692	0.00580	0.00602	0.00596	0.00783	0.00490	0.00447	0.00852	0.01342	0.01636	0.14296	0.05356	0.67540	0.01415	0.00676	0.00192	0.00287	0.01186	0.00543	0.00490
2	0.11347	0.01490	0.03068	0.02210	0.02761	0.01427	0.65340	0.01814	0.01304	0.01921	0.01114	0.01469	0.00838	0.00488	0.00636	0.00191	0.00901	0.00631	0.00297	0.00753
3	0.01411	0.01218	0.01701	0.01443	0.01497	0.01642	0.01202	0.01547	0.00968	0.10497	0.00933	0.01336	0.00831	0.00966	0.01720	0.00241	0.69366	0.00510	0.00306	0.00668
4	0.02396	0.01025	0.01390	0.01085	0.01474	0.00978	0.00898	0.04686	0.01575	0.65493	0.02049	0.01846	0.01323	0.00743	0.00733	0.00186	0.09976	0.00564	0.00649	0.00931
5	0.00823	0.00594	0.00784	0.00760	0.00895	0.00554	0.00586	0.01092	0.01583	0.02223	0.67192	0.04536	0.05142	0.01219	0.00689	0.00190	0.00301	0.09682	0.00617	0.00538
6	0.00815	0.00548	0.00629	0.00645	0.00649	0.00544	0.00369	0.00828	0.00864	0.01152	0.01966	0.12916	0.02286	0.70444	0.02647	0.00516	0.00528	0.00928	0.00369	0.00361
7	0.11404	0.01328	0.02142	0.03177	0.67225	0.01350	0.01618	0.01746	0.01263	0.01953	0.01042	0.01357	0.00871	0.00512	0.00541	0.00171	0.00651	0.00485	0.00292	0.00871
8	0.01147	0.02959	0.76934	0.01630	0.02476	0.01328	0.02113	0.01811	0.01208	0.01811	0.01026	0.01208	0.00725	0.00543	0.00543	0.00181	0.00845	0.00423	0.00242	0.00845
9	0.00694	0.00508	0.00654	0.00770	0.00823	0.00467	0.00519	0.00799	0.01120	0.01470	0.03472	0.70565	0.12536	0.01750	0.00724	0.00228	0.00327	0.01575	0.00531	0.00467
10	0.00793	0.00584	0.00742	0.00703	0.00845	0.00533	0.00527	0.01048	0.01581	0.02203	0.67527	0.04422	0.13955	0.01203	0.00675	0.00182	0.00272	0.01055	0.00618	0.00533
11	0.01416	0.01359	0.02322	0.03511	0.76330	0.01359	0.01755	0.01755	0.01302	0.01869	0.01076	0.01416	0.00906	0.00510	0.00566	0.00170	0.00680	0.00510	0.00283	0.00906
12	0.00697	0.00498	0.00664	0.00796	0.00830	0.00465	0.00531	0.00796	0.01095	0.01460	0.03153	0.79525	0.03783	0.01792	0.00730	0.00232	0.00332	0.01626	0.00531	0.00465
13	0.00810	0.00585	0.00765	0.00720	0.00855	0.00540	0.00540	0.01079	0.01619	0.02294	0.76028	0.04273	0.05397	0.01169	0.00675	0.00180	0.00270	0.01034	0.00630	0.00540
14	0.01529	0.80242	0.02997	0.00979	0.01468	0.02263	0.00979	0.01713	0.01162	0.01346	0.00795	0.00918	0.00734	0.00489	0.00367	0.00122	0.00612	0.00306	0.00245	0.00734
15	0.01186	0.01017	0.01186	0.00847	0.01356	0.00762	0.00678	0.01440	0.01186	0.01864	0.01017	0.01186	0.00847	0.00424	0.00424	0.00085	0.00424	0.00339	0.00339	0.83395
16	0.83938	0.01106	0.00841	0.00752	0.01106	0.01283	0.00619	0.01681	0.00973	0.02566	0.00796	0.00929	0.00619	0.00531	0.00354	0.00177	0.00442	0.00310	0.00354	0.00619
17	0.00810	0.00585	0.00765	0.00720	0.00855	0.00540	0.00540	0.01079	0.01619	0.02294	0.76028	0.04273	0.05397	0.01169	0.00675	0.00180	0.00270	0.01034	0.00630	0.00540
18	0.01416	0.01359	0.02322	0.03511	0.76330	0.01359	0.01755	0.01755	0.01302	0.01869	0.01076	0.01416	0.00906	0.00510	0.00566	0.00170	0.00680	0.00510	0.00283	0.00906
19	0.02566	0.00973	0.01327	0.01018	0.01460	0.00841	0.00841	0.02788	0.01637	0.76726	0.02257	0.01947	0.01416	0.00708	0.00575	0.00177	0.00487	0.00575	0.00708	0.00973
20	0.00994	0.00497	0.00745	0.00745	0.00745	0.00497	0.00497	0.00745	0.00745	0.00994	0.00994	0.01739	0.00994	0.01987	0.02235	0.83358	0.00497	0.00497	0.00248	0.00248
21	0.01472	0.01263	0.01328	0.01197	0.01523	0.01448	0.00926	0.03062	0.74715	0.02434	0.02369	0.02198	0.01788	0.00809	0.00604	0.00203	0.00471	0.00662	0.00598	0.00930
22	0.01238	0.01053	0.01221	0.00883	0.01392	0.00793	0.00700	0.01476	0.01218	0.01910	0.01069	0.01258	0.00897	0.00459	0.00447	0.00095	0.00442	0.00357	0.00356	0.82736
23	0.01457	0.01245	0.01316	0.01194	0.01514	0.01424	0.00927	0.03004	0.72411	0.02413	0.02391	0.02333	0.01836	0.00834	0.00610	0.00206	0.00473	0.02899	0.00596	0.00918
24	0.01465	0.01392	0.02348	0.03525	0.75746	0.01385	0.01769	0.01788	0.01334	0.01915	0.01127	0.01486	0.00955	0.00545	0.00588	0.00179	0.00696	0.00526	0.00301	0.00931
25	0.83305	0.01141	0.00879	0.00789	0.01145	0.01309	0.00643	0.01715	0.01007	0.02607	0.00850	0.01003	0.00671	0.00566	0.00378	0.00186	0.00461	0.00328	0.00371	0.00646
26	0.01465	0.01392	0.02348	0.03525	0.75746	0.01385	0.01769	0.01788	0.01334	0.01915	0.01127	0.01486	0.00955	0.00545	0.00588	0.00179	0.00696	0.00526	0.00301	0.00931
27	0.01479	0.01671	0.03015	0.02201	0.02741	0.10312	0.59321	0.01886	0.01400	0.01830	0.01165	0.01524	0.00900	0.00525	0.00658	0.00188	0.00943	0.00628	0.00312	0.07299
28	0.02180	0.02748	0.01653	0.01504	0.01802	0.76996	0.01124	0.02313	0.01650	0.01450	0.00937	0.01105	0.00787	0.00624	0.00538	0.00157	0.01045	0.00386	0.00313	0.00690
29	0.00856	0.00624	0.00792	0.00748	0.00890	0.00569	0.00557	0.01102	0.01628	0.02290	0.71104	0.04396	0.09793	0.01216	0.00696	0.00190	0.00291	0.01057	0.00639	0.00564
30	0.00732	0.00619	0.00620	0.00617	0.00814	0.00516	0.00459	0.00862	0.01335	0.01594	0.05807	0.05541	0.75524	0.01476	0.00697	0.00202	0.00309	0.01218	0.00547	0.00511
31	0.00976	0.00697	0.00959	0.01087	0.01223	0.00690	0.00942	0.01223	0.01348	0.01759	0.03064	0.06481	0.03321	0.01606	0.00810	0.00272	0.00544	0.71900	0.00543	0.00554
32	0.00886	0.00594	0.00664	0.00661	0.00667	0.00587	0.00372	0.00872	0.00867	0.01161	0.01848	0.03794	0.02119	0.79275	0.02914	0.00561	0.00572	0.00846	0.00364	0.00376
33	0.00864	0.00624	0.00803	0.00756	0.00895	0.00572	0.00563	0.01118	0.01648	0.02336	0.75459	0.04319	0.05409	0.01199	0.00696	0.00189	0.00289	0.01047	0.00645	0.00567
34	0.83305	0.01141	0.00879	0.00789	0.01145	0.01309	0.00643	0.01715	0.01007	0.02607	0.00850	0.01003	0.00671	0.00566	0.00378	0.00186	0.00461	0.00328	0.00371	0.00646
35	0.00753	0.00538	0.00703	0.00833	0.00871	0.00498	0.00555	0.00837	0.01128	0.01510	0.03187	0.78948	0.03808	0.01816	0.00751	0.00241	0.00351	0.01633	0.00547	0.00493
36	0.01400	0.01575	0.03392	0.02434	0.03013	0.01471	0.73666	0.01865	0.01381	0.01878	0.01208	0.01612	0.00917	0.00517	0.00696	0.00202	0.00978	0.00690	0.00307	0.00797
37	0.83305	0.01141	0.00879	0.00789	0.01145	0.01309	0.00643	0.01715	0.01007	0.02607	0.00850	0.01003	0.00671	0.00566	0.00378	0.00186	0.00461	0.00328	0.00371	0.00646
38	0.02218	0.01633	0.01747	0.01348	0.01807	0.01796	0.01106	0.73854	0.02709	0.03636	0.01422	0.01444	0.01021	0.00720	0.00594	0.00181	0.00646	0.00531	0.00588	0.00997
39	0.83305	0.01141	0.00879	0.00789	0.01145	0.01309	0.00643	0.01715	0.01007	0.02607	0.00850	0.01003	0.00671	0.00566	0.00378	0.00186	0.00461	0.00328	0.00371	0.00646
40	0.01465	0.01392	0.02348	0.03525	0.75746	0.01385	0.01769	0.01788	0.01334	0.01915	0.01127	0.01486	0.00955	0.00545	0.00588	0.00179	0.00696	0.00526	0.00301	0.00931
41	0.01472	0.01263	0.01328	0.01197	0.01523	0.01448	0.00926	0.03062	0.74715	0.02434	0.02369	0.02198	0.01788	0.00809	0.00604	0.00203	0.00471	0.00662	0.00598	0.00930
42	0.01472	0.01263	0.01328	0.01197	0.01523	0.01448	0.00926	0.03062	0.74715	0.02434	0.02369	0.02198	0.01788	0.00809	0.00604	0.00203	0.00471	0.00662	0.00598	0.00930
43	0.01500	0.01276	0.01343	0.01203	0.01533	0.01461	0.00933	0.05645	0.72088	0.02478	0.02335	0.02171	0.01760	0.00806	0.00603	0.00203	0.00477	0.00657	0.00597	0.00932
44	0.01119	0.00573	0.00574	0.00572	0.00709	0.00566	0.00425	0.01369	0.01232	0.02176	0.01911	0.02197	0.01510	0.00700	0.00423	0.00143	0.00286	0.00549	0.82406	0.00561
45	0.02176	0.01612	0.01724	0.01339	0.01791	0.01776	0.01096	0.69862	0.06770	0.03569	0.01476	0.01486	0.01064	0.00725	0.00595	0.00182	0.00636	0.00539	0.00588	0.00993
46	0.01465	0.01392	0.02348	0.03525	0.75746	0.01385	0.01769	0.01788	0.01334	0.01915	0.01127	0.01486	0.00955	0.00545	0.00588	0.00179	0.00696	0.00526	0.00301	0.00931

[dist]
# distance from previous block
# <min> <max>
0	42

[block]
# block no. 3 follows, 41 sequences, length 57
# corresponding to MSA columns:
# 162-218
name=unknown_D
#
# <colnr> <probs for GDERKNQSTAVLIFYWHMCP>
#	G	D	E	R	K	N	Q	S	T	A	V	L	I	F	Y	W	H	M	C	P
0	0.00830	0.00622	0.00928	0.00928	0.01031	0.00722	0.00720	0.01031	0.00928	0.01340	0.01544	0.02262	0.01441	0.04291	0.77482	0.00920	0.01534	0.00617	0.00311	0.00517
1	0.01435	0.01237	0.01302	0.01172	0.01496	0.01429	0.00910	0.03045	0.75156	0.02403	0.02338	0.02150	0.01756	0.00784	0.00587	0.00196	0.00457	0.00650	0.00586	0.00911
2	0.01160	0.02963	0.76791	0.01637	0.02482	0.01335	0.02116	0.01819	0.01215	0.01823	0.01039	0.01225	0.00737	0.00552	0.00549	0.00183	0.00849	0.00427	0.00246	0.00851
3	0.00935	0.00668	0.00931	0.01062	0.01194	0.00666	0.00927	0.01194	0.01324	0.01723	0.03037	0.06459	0.03299	0.01586	0.00795	0.00265	0.00531	0.72340	0.00531	0.00533
4	0.01541	0.80092	0.03002	0.00987	0.01477	0.02268	0.00984	0.01721	0.01170	0.01358	0.00808	0.00936	0.00746	0.00498	0.00373	0.00125	0.00616	0.00310	0.00249	0.00740
5	0.01199	0.01025	0.01195	0.00856	0.01364	0.00770	0.00683	0.01449	0.01194	0.01875	0.01029	0.01204	0.00859	0.00432	0.00429	0.00087	0.00428	0.00343	0.00343	0.83236
6	0.00823	0.00594	0.00774	0.00729	0.00864	0.00548	0.00545	0.01089	0.01626	0.02304	0.75891	0.04284	0.05400	0.01176	0.00680	0.00182	0.00275	0.01037	0.00633	0.00546
7	0.00827	0.00776	0.00694	0.00677	0.00875	0.07207	0.00507	0.00977	0.01362	0.01600	0.10588	0.05033	0.64147	0.01360	0.00667	0.00190	0.00357	0.01124	0.00522	0.00510
8	0.00690	0.00589	0.00589	0.00589	0.00783	0.00491	0.00441	0.00831	0.01311	0.01557	0.05797	0.05514	0.75959	0.01455	0.00681	0.00195	0.00294	0.01210	0.00535	0.00490
9	0.02576	0.00982	0.01336	0.01026	0.01469	0.00848	0.00846	0.02793	0.01644	0.76587	0.02267	0.01963	0.01427	0.00716	0.00580	0.00179	0.00491	0.00579	0.00711	0.00979
10	0.02121	0.01436	0.01600	0.01248	0.01673	0.01557	0.01025	0.57893	0.02393	0.13625	0.01522	0.01546	0.01086	0.01011	0.07285	0.00240	0.00692	0.00536	0.00572	0.00938
11	0.01160	0.02963	0.76791	0.01637	0.02482	0.01335	0.02116	0.01819	0.01215	0.01823	0.01039	0.01225	0.00737	0.00552	0.00549	0.00183	0.00849	0.00427	0.00246	0.00851
12	0.83785	0.01115	0.00850	0.00761	0.01116	0.01290	0.00625	0.01689	0.00982	0.02576	0.00809	0.00947	0.00632	0.00539	0.00360	0.00179	0.00447	0.00314	0.00358	0.00626
13	0.00823	0.00594	0.00774	0.00729	0.00864	0.00548	0.00545	0.01089	0.01626	0.02304	0.75891	0.04284	0.05400	0.01176	0.00680	0.00182	0.00275	0.01037	0.00633	0.00546
14	0.01180	0.07044	0.72887	0.01603	0.02429	0.01384	0.02056	0.01814	0.01213	0.01798	0.01027	0.01210	0.00737	0.00549	0.00539	0.00180	0.00837	0.00421	0.00246	0.00846
15	0.01428	0.01367	0.02328	0.03514	0.76189	0.01365	0.01759	0.01763	0.01310	0.01880	0.01088	0.01433	0.00918	0.00518	0.00572	0.00172	0.00683	0.00514	0.00287	0.00912
16	0.00845	0.00564	0.00633	0.00633	0.00634	0.00562	0.00353	0.00842	0.00840	0.01122	0.01813	0.03755	0.02089	0.79748	0.02912	0.00556	0.00559	0.00835	0.00351	0.00354
17	0.01428	0.01367	0.02328	0.03514	0.76189	0.01365	0.01759	0.01763	0.01310	0.01880	0.01088	0.01433	0.00918	0.00518	0.00572	0.00172	0.00683	0.00514	0.00287	0.00912
18	0.06702	0.02485	0.01609	0.01504	0.04777	0.64551	0.01101	0.05347	0.01625	0.03819	0.00962	0.01101	0.00779	0.00599	0.00518	0.00154	0.00954	0.00388	0.00326	0.00699
19	0.01160	0.02963	0.76791	0.01637	0.02482	0.01335	0.02116	0.01819	0.01215	0.01823	0.01039	0.01225	0.00737	0.00552	0.00549	0.00183	0.00849	0.00427	0.00246	0.00851
20	0.02149	0.02685	0.01632	0.01475	0.01777	0.74357	0.01109	0.05238	0.01671	0.01502	0.00917	0.01063	0.00759	0.00602	0.00523	0.00151	0.01018	0.00379	0.00310	0.00682
21	0.00845	0.00564	0.00633	0.00633	0.00634	0.00562	0.00353	0.00842	0.00840	0.01122	0.01813	0.03755	0.02089	0.79748	0.02912	0.00556	0.00559	0.00835	0.00351	0.00354
22	0.01160	0.02963	0.76791	0.01637	0.02482	0.01335	0.02116	0.01819	0.01215	0.01823	0.01039	0.01225	0.00737	0.00552	0.00549	0.00183	0.00849	0.00427	0.00246	0.00851
23	0.00690	0.00589	0.00589	0.00589	0.00783	0.00491	0.00441	0.00831	0.01311	0.01557	0.05797	0.05514	0.75959	0.01455	0.00681	0.00195	0.00294	0.01210	0.00535	0.00490
24	0.00701	0.00589	0.00605	0.00601	0.00790	0.00496	0.00450	0.00853	0.01339	0.01622	0.11910	0.05406	0.69806	0.01431	0.00681	0.00194	0.00293	0.01195	0.00544	0.00495
25	0.00797	0.00665	0.00666	0.00662	0.00862	0.00554	0.00488	0.00909	0.01371	0.01650	0.05821	0.05583	0.74858	0.01507	0.00721	0.00213	0.00331	0.01230	0.00566	0.00544
26	0.00928	0.00670	0.00848	0.00799	0.00943	0.00610	0.00591	0.01163	0.01681	0.02385	0.74799	0.04373	0.05422	0.01233	0.00720	0.00200	0.00312	0.01061	0.00662	0.00599
27	0.01635	0.78903	0.03041	0.01054	0.01546	0.02302	0.01022	0.01785	0.01232	0.01454	0.00912	0.01078	0.00843	0.00565	0.00418	0.00144	0.00648	0.00345	0.00284	0.00790
28	0.01530	0.01303	0.01368	0.01236	0.01564	0.01477	0.00950	0.03088	0.74040	0.02483	0.02417	0.02273	0.01836	0.00847	0.00629	0.00214	0.00492	0.00680	0.00616	0.00958
29	0.02268	0.01670	0.01783	0.01385	0.01846	0.01822	0.01129	0.73194	0.02732	0.03673	0.01479	0.01526	0.01077	0.00759	0.00619	0.00192	0.00665	0.00550	0.00606	0.01025
30	0.82569	0.01182	0.00923	0.00831	0.01190	0.01340	0.00669	0.01754	0.01047	0.02653	0.00913	0.01090	0.00730	0.00606	0.00405	0.00197	0.00481	0.00349	0.00392	0.00678
31	0.01194	0.01094	0.01782	0.77211	0.03973	0.01328	0.01621	0.01538	0.01214	0.01568	0.01129	0.01675	0.00870	0.00646	0.00619	0.00211	0.00796	0.00544	0.00294	0.00693
32	0.01362	0.01325	0.01818	0.01567	0.01579	0.01800	0.01290	0.01455	0.00951	0.01485	0.00868	0.01406	0.00859	0.01068	0.01901	0.00269	0.77487	0.00536	0.00290	0.00684
33	0.01523	0.01431	0.02377	0.03540	0.75068	0.01414	0.01785	0.01827	0.01370	0.01968	0.01187	0.01567	0.01011	0.00585	0.00614	0.00190	0.00714	0.00545	0.00322	0.00959
34	0.01459	0.01611	0.03412	0.02460	0.03040	0.01500	0.72985	0.01902	0.01417	0.01932	0.01267	0.01692	0.00974	0.00558	0.00720	0.00213	0.00994	0.00708	0.00328	0.00827
35	0.01259	0.03002	0.75655	0.01694	0.02535	0.01384	0.02136	0.01882	0.01277	0.01912	0.01139	0.01363	0.00833	0.00618	0.00591	0.00202	0.00877	0.00460	0.00281	0.00900
36	0.01635	0.78903	0.03041	0.01054	0.01546	0.02302	0.01022	0.01785	0.01232	0.01454	0.00912	0.01078	0.00843	0.00565	0.00418	0.00144	0.00648	0.00345	0.00284	0.00790
37	0.02268	0.01670	0.01783	0.01385	0.01846	0.01822	0.01129	0.73194	0.02732	0.03673	0.01479	0.01526	0.01077	0.00759	0.00619	0.00192	0.00665	0.00550	0.00606	0.01025
38	0.00817	0.00585	0.00749	0.00875	0.00919	0.00536	0.00582	0.00885	0.01166	0.01567	0.03227	0.78279	0.03837	0.01845	0.00775	0.00252	0.00373	0.01642	0.00566	0.00526
39	0.00950	0.00641	0.00710	0.00705	0.00716	0.00624	0.00401	0.00920	0.00908	0.01222	0.01901	0.03853	0.02164	0.78553	0.02917	0.00568	0.00592	0.00862	0.00384	0.00410
40	0.01259	0.03002	0.75655	0.01694	0.02535	0.01384	0.02136	0.01882	0.01277	0.01912	0.01139	0.01363	0.00833	0.00618	0.00591	0.00202	0.00877	0.00460	0.00281	0.00900
41	0.01259	0.03002	0.75655	0.01694	0.02535	0.01384	0.02136	0.01882	0.01277	0.01912	0.01139	0.01363	0.00833	0.00618	0.00591	0.00202	0.00877	0.00460	0.00281	0.00900
42	0.01038	0.00743	0.01003	0.01127	0.01268	0.00726	0.00966	0.01267	0.01384	0.01814	0.03105	0.06514	0.03355	0.01637	0.00833	0.00282	0.00564	0.71228	0.00561	0.00587
43	0.00817	0.00585	0.00749	0.00875	0.00919	0.00536	0.00582	0.00885	0.01166	0.01567	0.03227	0.78279	0.03837	0.01845	0.00775	0.00252	0.00373	0.01642	0.00566	0.00526
44	0.01459	0.01611	0.03412	0.02460	0.03040	0.01500	0.72985	0.01902	0.01417	0.01932	0.01267	0.01692	0.00974	0.00558	0.00720	0.00213	0.00994	0.00708	0.00328	0.00827
45	0.00928	0.00670	0.00848	0.00799	0.00943	0.00610	0.00591	0.01163	0.01681	0.02385	0.74799	0.04373	0.05422	0.01233	0.00720	0.00200	0.00312	0.01061	0.00662	0.00599
46	0.02515	0.04445	0.01565	0.01164	0.01615	0.01192	0.00953	0.20369	0.01937	0.54470	0.02070	0.01906	0.01376	0.00766	0.00613	0.00194	0.00565	0.00584	0.00687	0.01015
47	0.02231	0.02773	0.01689	0.01540	0.01840	0.76293	0.01146	0.02346	0.01683	0.01508	0.00999	0.01190	0.00845	0.00664	0.00564	0.00168	0.01060	0.00406	0.00334	0.00721
48	0.02653	0.01052	0.01401	0.01092	0.01538	0.00905	0.00887	0.02840	0.01699	0.75486	0.02347	0.02089	0.01512	0.00780	0.00622	0.00197	0.00525	0.00610	0.00739	0.01025
49	0.00823	0.00666	0.00703	0.00689	0.00879	0.00565	0.00509	0.00960	0.01434	0.01800	0.19834	0.05337	0.60752	0.01452	0.00721	0.00211	0.00328	0.01196	0.00585	0.00555
50	0.01426	0.01537	0.03190	0.02319	0.02860	0.01428	0.66403	0.01846	0.01449	0.01985	0.07798	0.01950	0.01382	0.00628	0.00726	0.00215	0.00937	0.00743	0.00363	0.00814
51	0.01332	0.01135	0.01371	0.01166	0.07971	0.00889	0.00827	0.01555	0.01275	0.01977	0.01149	0.01382	0.00973	0.00518	0.00493	0.00117	0.00490	0.00397	0.00377	0.74606
52	0.01587	0.71796	0.02866	0.01058	0.01517	0.02173	0.01005	0.01734	0.01220	0.01467	0.00991	0.01215	0.00917	0.00906	0.07149	0.00216	0.00733	0.00377	0.00295	0.00778
53	0.02244	0.02780	0.01698	0.01548	0.01850	0.76121	0.01152	0.02354	0.01691	0.01522	0.01014	0.01211	0.00860	0.00673	0.00570	0.00171	0.01064	0.00411	0.00339	0.00728
54	0.00814	0.00669	0.00685	0.00691	0.00879	0.00562	0.00503	0.00918	0.01362	0.01657	0.05595	0.12036	0.68401	0.01545	0.00732	0.00219	0.00341	0.01270	0.00570	0.00550
55	0.01096	0.00715	0.00908	0.00836	0.01007	0.00645	0.00624	0.01322	0.01691	0.08876	0.68216	0.04184	0.05079	0.01201	0.00717	0.00203	0.00336	0.01024	0.00674	0.00645
56	0.00951	0.00709	0.01011	0.01005	0.01118	0.00791	0.00769	0.01117	0.01003	0.01451	0.01649	0.02402	0.01539	0.04299	0.76125	0.00927	0.01554	0.00651	0.00350	0.00579

[dist]
# distance from previous block
# <min> <max>
0	3

[block]
# block no. 4 follows, 41 sequences, length 51
# corresponding to MSA columns:
# 222-272
name=unknown_E
#
# <colnr> <probs for GDERKNQSTAVLIFYWHMCP>
#	G	D	E	R	K	N	Q	S	T	A	V	L	I	F	Y	W	H	M	C	P
0	0.00810	0.00585	0.00765	0.00720	0.00855	0.00540	0.00540	0.01079	0.01619	0.02294	0.76028	0.04273	0.05397	0.01169	0.00675	0.00180	0.00270	0.01034	0.00630	0.00540
1	0.00829	0.00592	0.00815	0.00947	0.01038	0.00578	0.00760	0.01024	0.01225	0.01608	0.03080	0.36691	0.03495	0.01668	0.00765	0.00250	0.00446	0.43160	0.00528	0.00501
2	0.01482	0.47599	0.02718	0.02027	0.32447	0.01889	0.01300	0.01730	0.01220	0.01562	0.00911	0.01124	0.00805	0.00498	0.00449	0.00142	0.00640	0.00390	0.00261	0.00805
3	0.01995	0.00991	0.01269	0.00947	0.01417	0.00808	0.00773	0.02230	0.01450	0.45747	0.01743	0.01632	0.01181	0.00590	0.00512	0.00139	0.00461	0.00477	0.00555	0.35080
4	0.01613	0.01193	0.01387	0.01152	0.01462	0.01336	0.00933	0.44048	0.01957	0.02663	0.01439	0.01735	0.01162	0.02178	0.32460	0.00481	0.01003	0.00555	0.00462	0.00782
5	0.00731	0.00582	0.00656	0.00637	0.00806	0.00506	0.00478	0.00928	0.01434	0.01855	0.34858	0.04995	0.46841	0.01333	0.00675	0.00188	0.00281	0.01136	0.00572	0.00506
6	0.49836	0.33854	0.01733	0.00846	0.01256	0.01689	0.00768	0.01694	0.01052	0.02061	0.00796	0.00924	0.00667	0.00514	0.00359	0.00154	0.00512	0.00308	0.00309	0.00667
7	0.01080	0.01110	0.02253	0.01743	0.02096	0.01040	0.43746	0.01404	0.01245	0.01678	0.01983	0.33813	0.02074	0.01024	0.00698	0.00209	0.00703	0.01069	0.00389	0.00644
8	0.01784	0.00810	0.01018	0.00836	0.01176	0.00693	0.00673	0.01974	0.01499	0.45615	0.03721	0.03419	0.32320	0.01014	0.00617	0.00184	0.00405	0.00837	0.00635	0.00770
9	0.01525	0.00975	0.01023	0.00857	0.01125	0.01047	0.00684	0.31578	0.01816	0.02742	0.01662	0.01818	0.01262	0.00675	0.00471	0.00149	0.00417	0.00526	0.48933	0.00715
10	0.00961	0.01940	0.45373	0.01285	0.01794	0.00971	0.01459	0.01391	0.01161	0.01666	0.01906	0.33616	0.01990	0.01060	0.00621	0.00202	0.00633	0.00921	0.00361	0.00688
11	0.02069	0.01166	0.01760	0.02065	0.32459	0.01105	0.01232	0.06162	0.01554	0.41869	0.01721	0.01697	0.01181	0.00625	0.00571	0.00174	0.00574	0.00545	0.00525	0.00946
12	0.01380	0.01413	0.02514	0.01895	0.02368	0.01437	0.43901	0.02332	0.31950	0.02064	0.01642	0.01788	0.01231	0.00604	0.00637	0.00193	0.00753	0.00663	0.00410	0.00827
13	0.01995	0.00991	0.01269	0.00947	0.01417	0.00808	0.00773	0.02230	0.01450	0.45747	0.01743	0.01632	0.01181	0.00590	0.00512	0.00139	0.00461	0.00477	0.00555	0.35080
14	0.01118	0.01003	0.01636	0.02388	0.45087	0.00989	0.01249	0.01359	0.01217	0.01700	0.01935	0.33738	0.02097	0.01040	0.00634	0.00196	0.00536	0.00972	0.00386	0.00723
15	0.02404	0.01234	0.01488	0.01141	0.01590	0.01227	0.00943	0.32431	0.02073	0.46468	0.01891	0.01710	0.01233	0.00699	0.00574	0.00175	0.00546	0.00550	0.00652	0.00973
16	0.00832	0.00555	0.00624	0.00624	0.00624	0.00555	0.00347	0.00832	0.00832	0.01109	0.01802	0.03743	0.02080	0.79898	0.02911	0.00555	0.00555	0.00832	0.00347	0.00347
17	0.01305	0.02021	0.33197	0.02733	0.45768	0.01346	0.01904	0.01779	0.01263	0.01845	0.01055	0.01330	0.00831	0.00524	0.00557	0.00175	0.00748	0.00474	0.00266	0.00881
18	0.01371	0.48261	0.33593	0.01248	0.01885	0.01876	0.01448	0.01754	0.01181	0.01538	0.00891	0.01038	0.00730	0.00512	0.00440	0.00147	0.00708	0.00354	0.00243	0.00780
19	0.01348	0.01315	0.02086	0.02679	0.45365	0.01522	0.01547	0.01599	0.01126	0.01665	0.00941	0.01348	0.00842	0.00713	0.01109	0.00203	0.33028	0.00506	0.00270	0.00790
20	0.00754	0.00583	0.00688	0.00662	0.00821	0.00516	0.00496	0.00972	0.01489	0.01984	0.46965	0.04782	0.34654	0.01285	0.00675	0.00185	0.00278	0.01106	0.00589	0.00516
21	0.01185	0.47243	0.02032	0.00903	0.01204	0.01519	0.00793	0.01334	0.01134	0.01393	0.01771	0.33446	0.01996	0.01028	0.00517	0.00168	0.00496	0.00852	0.00363	0.00623
22	0.00752	0.00582	0.00684	0.00659	0.00819	0.00515	0.00494	0.00968	0.01483	0.01970	0.45630	0.04806	0.35998	0.01290	0.00675	0.00186	0.00278	0.01109	0.00587	0.00515
23	0.01951	0.00991	0.01488	0.33091	0.02486	0.01019	0.01150	0.02239	0.01433	0.45581	0.01743	0.01772	0.01146	0.00652	0.00574	0.00183	0.00601	0.00548	0.00520	0.00834
24	0.02174	0.01602	0.01717	0.01316	0.01774	0.01774	0.01087	0.74423	0.02689	0.03605	0.01373	0.01373	0.00973	0.00687	0.00572	0.00172	0.00629	0.00515	0.00572	0.00973
25	0.00763	0.00549	0.00723	0.00751	0.00844	0.00509	0.00536	0.00962	0.01402	0.01949	0.45871	0.35413	0.04729	0.01427	0.00698	0.00202	0.00296	0.01279	0.00589	0.00509
26	0.00734	0.00593	0.00720	0.00720	0.00876	0.00579	0.00551	0.00904	0.01145	0.01455	0.04031	0.04157	0.45199	0.02624	0.32521	0.00494	0.00804	0.00961	0.00438	0.00494
27	0.00763	0.00549	0.00723	0.00751	0.00844	0.00509	0.00536	0.00962	0.01402	0.01949	0.45871	0.35413	0.04729	0.01427	0.00698	0.00202	0.00296	0.01279	0.00589	0.00509
28	0.01734	0.01383	0.01469	0.01227	0.01606	0.01568	0.00981	0.32579	0.45251	0.02894	0.01933	0.01819	0.01426	0.00739	0.00578	0.00185	0.00526	0.00592	0.00578	0.00933
29	0.01110	0.01036	0.01601	0.02298	0.45063	0.00996	0.01209	0.01369	0.01303	0.01735	0.03029	0.03108	0.32021	0.00898	0.00612	0.00180	0.00518	0.00798	0.00386	0.00731
30	0.00697	0.00498	0.00664	0.00796	0.00830	0.00465	0.00531	0.00796	0.01095	0.01460	0.03153	0.79525	0.03783	0.01792	0.00730	0.00232	0.00332	0.01626	0.00531	0.00465
31	0.01455	0.47675	0.03154	0.01571	0.02098	0.01925	0.31300	0.01762	0.01240	0.01547	0.00945	0.01176	0.00789	0.00486	0.00494	0.00152	0.00758	0.00459	0.00263	0.00750
32	0.49645	0.00869	0.00713	0.00662	0.00924	0.00973	0.00529	0.01537	0.01067	0.02387	0.01239	0.01427	0.00970	0.00587	0.00373	0.00159	0.00370	0.00402	0.34584	0.00584
33	0.01251	0.01251	0.01752	0.01502	0.01502	0.01752	0.01251	0.01377	0.00876	0.01377	0.00751	0.01251	0.00751	0.01001	0.01877	0.00250	0.78851	0.00501	0.00250	0.00626
34	0.01995	0.00991	0.01269	0.00947	0.01417	0.00808	0.00773	0.02230	0.01450	0.45747	0.01743	0.01632	0.01181	0.00590	0.00512	0.00139	0.00461	0.00477	0.00555	0.35080
35	0.01168	0.01050	0.01741	0.02438	0.45166	0.01093	0.01325	0.01452	0.01144	0.01645	0.01265	0.01760	0.01123	0.02074	0.32457	0.00480	0.01032	0.00552	0.00293	0.00742
36	0.49492	0.00854	0.00767	0.00771	0.00992	0.00944	0.00583	0.01315	0.01024	0.02109	0.01771	0.33453	0.01929	0.01053	0.00510	0.00200	0.00397	0.00854	0.00427	0.00555
37	0.49678	0.01873	0.32329	0.01116	0.01673	0.01302	0.01238	0.01735	0.01070	0.02254	0.00892	0.01044	0.00663	0.00536	0.00432	0.00179	0.00609	0.00356	0.00307	0.00713
38	0.83938	0.01106	0.00841	0.00752	0.01106	0.01283	0.00619	0.01681	0.00973	0.02566	0.00796	0.00929	0.00619	0.00531	0.00354	0.00177	0.00442	0.00310	0.00354	0.00619
39	0.01784	0.00810	0.01018	0.00836	0.01176	0.00693	0.00673	0.01974	0.01499	0.45615	0.03721	0.03419	0.32320	0.01014	0.00617	0.00184	0.00405	0.00837	0.00635	0.00770
40	0.00994	0.00854	0.01350	0.01920	0.32073	0.00835	0.01038	0.01193	0.01181	0.01629	0.02293	0.47202	0.02593	0.01261	0.00662	0.00206	0.00476	0.01164	0.00428	0.00647
41	0.01863	0.01448	0.01541	0.01253	0.01655	0.01629	0.01012	0.44883	0.32735	0.03103	0.01768	0.01688	0.01293	0.00724	0.00576	0.00181	0.00556	0.00569	0.00576	0.00945
42	0.01839	0.00813	0.01094	0.00894	0.01210	0.00716	0.00716	0.02081	0.01630	0.45925	0.32784	0.02909	0.03063	0.00899	0.00616	0.00178	0.00397	0.00765	0.00676	0.00794
43	0.00763	0.00549	0.00723	0.00751	0.00844	0.00509	0.00536	0.00962	0.01402	0.01949	0.45871	0.35413	0.04729	0.01427	0.00698	0.00202	0.00296	0.01279	0.00589	0.00509
44	0.01784	0.00810	0.01018	0.00836	0.01176	0.00693	0.00673	0.01974	0.01499	0.45615	0.03721	0.03419	0.32320	0.01014	0.00617	0.00184	0.00405	0.00837	0.00635	0.00770
45	0.01793	0.00777	0.01053	0.00926	0.01199	0.00685	0.00713	0.01964	0.01413	0.45580	0.02627	0.34050	0.02395	0.01157	0.00639	0.00200	0.00423	0.01010	0.00635	0.00763
46	0.01423	0.01229	0.01293	0.01164	0.01487	0.01423	0.00905	0.03039	0.75297	0.02393	0.02328	0.02134	0.01746	0.00776	0.00582	0.00194	0.00453	0.00647	0.00582	0.00905
47	0.01287	0.02003	0.33165	0.06713	0.41927	0.01342	0.01895	0.01763	0.01255	0.01823	0.01052	0.01335	0.00823	0.00527	0.00557	0.00176	0.00753	0.00474	0.00264	0.00867
48	0.02173	0.01629	0.01714	0.01320	0.01774	0.03587	0.01088	0.72698	0.02664	0.03552	0.01362	0.01365	0.00967	0.00684	0.00571	0.00171	0.00639	0.00511	0.00566	0.00965
49	0.01170	0.01820	0.32532	0.01171	0.01819	0.00997	0.01272	0.01594	0.01195	0.01842	0.01021	0.01195	0.00796	0.00473	0.00473	0.00125	0.00598	0.00374	0.00299	0.49235
50	0.00731	0.00582	0.00656	0.00637	0.00806	0.00506	0.00478	0.00928	0.01434	0.01855	0.34858	0.04995	0.46841	0.01333	0.00675	0.00188	0.00281	0.01136	0.00572	0.00506

[dist]
# distance from previous block
# <min> <max>
0	1

[block]
# block no. 5 follows, 41 sequences, length 25
# corresponding to MSA columns:
# 274-298
name=unknown_F
#
# <colnr> <probs for GDERKNQSTAVLIFYWHMCP>
#	G	D	E	R	K	N	Q	S	T	A	V	L	I	F	Y	W	H	M	C	P
0	0.00771	0.00610	0.00712	0.00762	0.00932	0.00551	0.00623	0.00961	0.01309	0.01609	0.04727	0.05870	0.47995	0.01499	0.00720	0.00220	0.00381	0.28719	0.00529	0.00500
1	0.00922	0.00546	0.00589	0.00589	0.00640	0.00546	0.00367	0.01025	0.00974	0.01504	0.01827	0.03121	0.01843	0.49315	0.01942	0.00392	0.00443	0.00717	0.32279	0.00419
2	0.00676	0.00579	0.00579	0.00579	0.00773	0.00483	0.00435	0.00821	0.01304	0.01545	0.05794	0.05505	0.76098	0.01449	0.00676	0.00193	0.00290	0.01207	0.00531	0.00483
3	0.83938	0.01106	0.00841	0.00752	0.01106	0.01283	0.00619	0.01681	0.00973	0.02566	0.00796	0.00929	0.00619	0.00531	0.00354	0.00177	0.00442	0.00310	0.00354	0.00619
4	0.01395	0.01350	0.02097	0.01645	0.02067	0.01432	0.29217	0.02573	0.46753	0.02176	0.01876	0.01906	0.01407	0.00663	0.00618	0.00194	0.00650	0.00658	0.00469	0.00854
5	0.51807	0.00871	0.00772	0.00769	0.00999	0.00967	0.00585	0.01340	0.01020	0.02139	0.01706	0.31267	0.01841	0.01018	0.00499	0.00198	0.00400	0.00818	0.00422	0.00560
6	0.01147	0.02959	0.76934	0.01630	0.02476	0.01328	0.02113	0.01811	0.01208	0.01811	0.01026	0.01208	0.00725	0.00543	0.00543	0.00181	0.00845	0.00423	0.00242	0.00845
7	0.01759	0.01144	0.01588	0.01315	0.01486	0.01400	0.01093	0.01921	0.01170	0.30462	0.01332	0.01520	0.01008	0.00888	0.01375	0.00222	0.48603	0.00529	0.00427	0.00760
8	0.00858	0.01498	0.30052	0.00985	0.01430	0.00809	0.01083	0.01203	0.01267	0.01648	0.03954	0.03846	0.47004	0.01099	0.00625	0.00189	0.00504	0.00904	0.00419	0.00623
9	0.01397	0.49661	0.02298	0.00928	0.01425	0.01684	0.00863	0.01608	0.01171	0.01546	0.00881	0.01021	0.00778	0.00464	0.00389	0.00108	0.00539	0.00319	0.00281	0.32641
10	0.01778	0.49887	0.02503	0.01109	0.01586	0.02074	0.01021	0.29779	0.01752	0.02218	0.01018	0.01093	0.00826	0.00566	0.00446	0.00141	0.00619	0.00387	0.00371	0.00826
11	0.00780	0.00533	0.00639	0.00690	0.00703	0.00520	0.00418	0.00818	0.00933	0.01245	0.02323	0.32995	0.02737	0.49749	0.02069	0.00430	0.00469	0.01138	0.00418	0.00392
12	0.01251	0.02341	0.48134	0.02356	0.30983	0.01340	0.01975	0.01790	0.01244	0.01834	0.01046	0.01288	0.00795	0.00530	0.00552	0.00177	0.00781	0.00456	0.00258	0.00869
13	0.01186	0.01017	0.01186	0.00847	0.01356	0.00762	0.00678	0.01440	0.01186	0.01864	0.01017	0.01186	0.00847	0.00424	0.00424	0.00085	0.00424	0.00339	0.00339	0.83395
14	0.00780	0.00533	0.00639	0.00690	0.00703	0.00520	0.00418	0.00818	0.00933	0.01245	0.02323	0.32995	0.02737	0.49749	0.02069	0.00430	0.00469	0.01138	0.00418	0.00392
15	0.01138	0.01027	0.01682	0.02463	0.47187	0.01014	0.01283	0.01385	0.01222	0.01711	0.01878	0.31566	0.02017	0.01005	0.00629	0.00194	0.00545	0.00941	0.00379	0.00736
16	0.01698	0.01807	0.01420	0.01284	0.01596	0.30828	0.00982	0.02748	0.46858	0.02009	0.01771	0.01708	0.01356	0.00704	0.00556	0.00176	0.00676	0.00539	0.00471	0.00812
17	0.01098	0.01139	0.02329	0.01788	0.02156	0.01067	0.45796	0.01432	0.01252	0.01689	0.01927	0.31644	0.01993	0.00988	0.00696	0.00208	0.00720	0.01042	0.00383	0.00653
18	0.01186	0.01017	0.01186	0.00847	0.01356	0.00762	0.00678	0.01440	0.01186	0.01864	0.01017	0.01186	0.00847	0.00424	0.00424	0.00085	0.00424	0.00339	0.00339	0.83395
19	0.01350	0.00959	0.01046	0.00891	0.01068	0.01025	0.00632	0.29238	0.01549	0.02072	0.01637	0.02828	0.01652	0.49322	0.02008	0.00407	0.00583	0.00710	0.00434	0.00588
20	0.00684	0.00548	0.00612	0.00663	0.00795	0.00476	0.00472	0.00811	0.01223	0.01512	0.04775	0.34076	0.48184	0.01581	0.00697	0.00208	0.00306	0.01369	0.00531	0.00476
21	0.01604	0.01176	0.01310	0.01115	0.01409	0.01268	0.00872	0.46003	0.02074	0.02777	0.02060	0.31540	0.02058	0.01113	0.00633	0.00195	0.00515	0.00944	0.00556	0.00777
22	0.01130	0.01058	0.01649	0.02379	0.47165	0.01021	0.01246	0.01395	0.01303	0.01744	0.02897	0.02994	0.29930	0.00872	0.00609	0.00179	0.00529	0.00779	0.00379	0.00743
23	0.00697	0.00498	0.00664	0.00796	0.00830	0.00465	0.00531	0.00796	0.01095	0.01460	0.03153	0.79525	0.03783	0.01792	0.00730	0.00232	0.00332	0.01626	0.00531	0.00465
24	0.00749	0.00520	0.00648	0.00730	0.00750	0.00499	0.00460	0.00810	0.00993	0.01325	0.02631	0.50273	0.03126	0.31941	0.01572	0.00357	0.00418	0.01319	0.00460	0.00419

[dist]
# distance from previous block
# <min> <max>
0	4

[block]
# block no. 6 follows, 41 sequences, length 41
# corresponding to MSA columns:
# 303-343
name=unknown_G
#
# <colnr> <probs for GDERKNQSTAVLIFYWHMCP>
#	G	D	E	R	K	N	Q	S	T	A	V	L	I	F	Y	W	H	M	C	P
0	0.83438	0.01134	0.00871	0.00781	0.01137	0.01304	0.00638	0.01708	0.01000	0.02598	0.00839	0.00988	0.00660	0.00558	0.00373	0.00184	0.00457	0.00324	0.00368	0.00641
1	0.00964	0.00689	0.00951	0.01080	0.01215	0.00683	0.00938	0.01215	0.01341	0.01749	0.03056	0.06475	0.03315	0.01601	0.00806	0.00270	0.00540	0.72022	0.00539	0.00549
2	0.83438	0.01134	0.00871	0.00781	0.01137	0.01304	0.00638	0.01708	0.01000	0.02598	0.00839	0.00988	0.00660	0.00558	0.00373	0.00184	0.00457	0.00324	0.00368	0.00641
3	0.01568	0.79752	0.03013	0.01006	0.01496	0.02278	0.00995	0.01739	0.01188	0.01385	0.00838	0.00976	0.00774	0.00517	0.00386	0.00130	0.00625	0.00320	0.00259	0.00755
4	0.00720	0.00611	0.00611	0.00609	0.00805	0.00509	0.00454	0.00853	0.01328	0.01584	0.05804	0.05533	0.75644	0.01470	0.00693	0.00201	0.00305	0.01216	0.00544	0.00505
5	0.01188	0.02974	0.76467	0.01653	0.02497	0.01349	0.02122	0.01837	0.01233	0.01848	0.01068	0.01264	0.00764	0.00571	0.00561	0.00189	0.00857	0.00436	0.00256	0.00865
6	0.83438	0.01134	0.00871	0.00781	0.01137	0.01304	0.00638	0.01708	0.01000	0.02598	0.00839	0.00988	0.00660	0.00558	0.00373	0.00184	0.00457	0.00324	0.00368	0.00641
7	0.00741	0.00530	0.00695	0.00825	0.00862	0.00491	0.00550	0.00829	0.01121	0.01499	0.03180	0.79069	0.03803	0.01811	0.00746	0.00239	0.00347	0.01632	0.00544	0.00487
8	0.00720	0.00611	0.00611	0.00609	0.00805	0.00509	0.00454	0.00853	0.01328	0.01584	0.05804	0.05533	0.75644	0.01470	0.00693	0.00201	0.00305	0.01216	0.00544	0.00505
9	0.01568	0.79752	0.03013	0.01006	0.01496	0.02278	0.00995	0.01739	0.01188	0.01385	0.00838	0.00976	0.00774	0.00517	0.00386	0.00130	0.00625	0.00320	0.00259	0.00755
10	0.01425	0.01354	0.02287	0.10328	0.69300	0.01371	0.01751	0.01755	0.01313	0.01868	0.01111	0.01481	0.00932	0.00543	0.00584	0.00179	0.00700	0.00523	0.00295	0.00901
11	0.00853	0.00616	0.00795	0.00749	0.00887	0.00565	0.00558	0.01110	0.01642	0.02327	0.75579	0.04309	0.05406	0.01193	0.00691	0.00187	0.00285	0.01044	0.00642	0.00562
12	0.02144	0.02686	0.01633	0.01486	0.01784	0.74198	0.01113	0.02336	0.04472	0.01477	0.00982	0.01132	0.00815	0.00624	0.00536	0.00157	0.01020	0.00393	0.00320	0.00693
13	0.01188	0.02974	0.76467	0.01653	0.02497	0.01349	0.02122	0.01837	0.01233	0.01848	0.01068	0.01264	0.00764	0.00571	0.00561	0.00189	0.00857	0.00436	0.00256	0.00865
14	0.00741	0.00530	0.00695	0.00825	0.00862	0.00491	0.00550	0.00829	0.01121	0.01499	0.03180	0.79069	0.03803	0.01811	0.00746	0.00239	0.00347	0.01632	0.00544	0.00487
15	0.01455	0.01385	0.02342	0.03522	0.75868	0.01379	0.01766	0.01781	0.01327	0.01905	0.01117	0.01471	0.00945	0.00537	0.00584	0.00177	0.00692	0.00523	0.00297	0.00925
16	0.00741	0.00530	0.00695	0.00825	0.00862	0.00491	0.00550	0.00829	0.01121	0.01499	0.03180	0.79069	0.03803	0.01811	0.00746	0.00239	0.00347	0.01632	0.00544	0.00487
17	0.01568	0.79752	0.03013	0.01006	0.01496	0.02278	0.00995	0.01739	0.01188	0.01385	0.00838	0.00976	0.00774	0.00517	0.00386	0.00130	0.00625	0.00320	0.00259	0.00755
18	0.01568	0.79752	0.03013	0.01006	0.01496	0.02278	0.00995	0.01739	0.01188	0.01385	0.00838	0.00976	0.00774	0.00517	0.00386	0.00130	0.00625	0.00320	0.00259	0.00755
19	0.02171	0.02743	0.01646	0.01498	0.01795	0.77123	0.01120	0.02307	0.01644	0.01439	0.00926	0.01089	0.00776	0.00617	0.00533	0.00155	0.01042	0.00382	0.00309	0.00684
20	0.01201	0.02899	0.72965	0.01742	0.05963	0.01350	0.02105	0.01834	0.01237	0.01851	0.01070	0.01274	0.00773	0.00569	0.00562	0.00188	0.00849	0.00440	0.00258	0.00868
21	0.02340	0.01364	0.15126	0.01156	0.01673	0.00953	0.01089	0.02629	0.01581	0.62627	0.02066	0.01864	0.01325	0.00704	0.00587	0.00185	0.00566	0.00560	0.00634	0.00969
22	0.00741	0.00530	0.00695	0.00825	0.00862	0.00491	0.00550	0.00829	0.01121	0.01499	0.03180	0.79069	0.03803	0.01811	0.00746	0.00239	0.00347	0.01632	0.00544	0.00487
23	0.00720	0.00611	0.00611	0.00609	0.00805	0.00509	0.00454	0.00853	0.01328	0.01584	0.05804	0.05533	0.75644	0.01470	0.00693	0.00201	0.00305	0.01216	0.00544	0.00505
24	0.01258	0.17052	0.62999	0.01535	0.02314	0.01519	0.01915	0.01819	0.01225	0.01763	0.01025	0.01212	0.00766	0.00561	0.00529	0.00178	0.00814	0.00415	0.00257	0.00845
25	0.01455	0.01385	0.02342	0.03522	0.75868	0.01379	0.01766	0.01781	0.01327	0.01905	0.01117	0.01471	0.00945	0.00537	0.00584	0.00177	0.00692	0.00523	0.00297	0.00925
26	0.00755	0.00530	0.00699	0.00823	0.00858	0.00492	0.00548	0.00826	0.01105	0.01477	0.03078	0.75419	0.03672	0.01820	0.00817	0.04140	0.00355	0.01579	0.00530	0.00477
27	0.01455	0.01385	0.02342	0.03522	0.75868	0.01379	0.01766	0.01781	0.01327	0.01905	0.01117	0.01471	0.00945	0.00537	0.00584	0.00177	0.00692	0.00523	0.00297	0.00925
28	0.01292	0.01278	0.01776	0.01526	0.01530	0.01770	0.01265	0.01405	0.00903	0.01416	0.00794	0.01308	0.00790	0.01026	0.01886	0.00257	0.78352	0.00514	0.00265	0.00647
29	0.83438	0.01134	0.00871	0.00781	0.01137	0.01304	0.00638	0.01708	0.01000	0.02598	0.00839	0.00988	0.00660	0.00558	0.00373	0.00184	0.00457	0.00324	0.00368	0.00641
30	0.01350	0.01543	0.03375	0.02411	0.02989	0.01446	0.74253	0.01832	0.01350	0.01832	0.01157	0.01543	0.00868	0.00482	0.00675	0.00193	0.00964	0.00675	0.00289	0.00771
31	0.00832	0.00555	0.00624	0.00624	0.00624	0.00555	0.00347	0.00832	0.00832	0.01109	0.01802	0.03743	0.02080	0.79898	0.02911	0.00555	0.00555	0.00832	0.00347	0.00347
