[name]
unknown

[dist]
# distance from previous block
# <min> <max>
0	304

[block]
# block no. 0 follows, 40 sequences, length 16
# corresponding to MSA columns:
# 338-353
name=unknown_A
#
# <colnr> <probs for GDERKNQSTAVLIFYWHMCP>
#	G	D	E	R	K	N	Q	S	T	A	V	L	I	F	Y	W	H	M	C	P
0	0.00777	0.00558	0.00739	0.00787	0.00876	0.00520	0.00567	0.00971	0.01383	0.01908	0.38149	0.38928	0.04610	0.01504	0.00719	0.00212	0.00318	0.05373	0.00588	0.00513
1	0.24772	0.00706	0.00706	0.00742	0.00911	0.00718	0.00541	0.01077	0.01130	0.01832	0.03180	0.38128	0.20838	0.01363	0.00618	0.00210	0.00359	0.01159	0.00488	0.00523
2	0.01293	0.01413	0.02942	0.24417	0.03319	0.01419	0.52874	0.01753	0.01312	0.01753	0.01135	0.01563	0.00851	0.00517	0.00656	0.00195	0.00921	0.00637	0.00284	0.00744
3	0.09354	0.02252	0.01538	0.01347	0.01689	0.52498	0.01036	0.07785	0.01676	0.13851	0.01155	0.01217	0.00869	0.00621	0.00524	0.00159	0.00876	0.00415	0.00394	0.00745
4	0.02058	0.00849	0.01154	0.00969	0.01299	0.00744	0.00763	0.02247	0.01505	0.54622	0.02558	0.24378	0.02138	0.01039	0.00630	0.00196	0.00449	0.00895	0.00668	0.00840
5	0.00749	0.00537	0.00712	0.00795	0.00862	0.00500	0.00554	0.00905	0.01275	0.01738	0.24213	0.55262	0.04307	0.01632	0.00728	0.00222	0.00325	0.03619	0.00569	0.00496
6	0.01267	0.01144	0.01860	0.02718	0.54089	0.01144	0.01369	0.01512	0.01185	0.01676	0.01308	0.02126	0.01267	0.23451	0.01267	0.00286	0.00654	0.00613	0.00307	0.00756
7	0.60038	0.01271	0.01113	0.00931	0.01322	0.01449	0.00768	0.22681	0.01496	0.02915	0.00980	0.01076	0.00734	0.00586	0.00424	0.00178	0.00505	0.00375	0.00424	0.00734
8	0.01142	0.01208	0.00944	0.00944	0.01125	0.22763	0.00702	0.01288	0.01367	0.01519	0.03560	0.22707	0.30545	0.01317	0.00663	0.00198	0.00542	0.06453	0.00470	0.00543
9	0.01385	0.01450	0.02673	0.02003	0.02464	0.01491	0.46346	0.02178	0.22658	0.01988	0.01486	0.01717	0.01131	0.00623	0.00765	0.00202	0.07590	0.00662	0.00377	0.00811
10	0.01810	0.01283	0.01389	0.01115	0.01462	0.01408	0.00899	0.50312	0.02196	0.03050	0.01529	0.01761	0.01189	0.06011	0.06514	0.00250	0.00636	0.00555	0.15801	0.00830
11	0.00813	0.00519	0.00639	0.00730	0.00786	0.00497	0.00492	0.00948	0.01120	0.01628	0.02775	0.54257	0.03127	0.07430	0.00827	0.00236	0.00338	0.01315	0.21044	0.00481
12	0.00702	0.00530	0.00650	0.00746	0.00827	0.00478	0.00511	0.00817	0.01175	0.01510	0.03984	0.57834	0.24692	0.01721	0.00726	0.00225	0.00325	0.01530	0.00540	0.00478
13	0.02003	0.24867	0.02078	0.01312	0.01711	0.36675	0.01082	0.20034	0.01784	0.01966	0.00997	0.01102	0.00808	0.00594	0.00495	0.00149	0.00823	0.00393	0.00355	0.00774
14	0.49962	0.00924	0.00785	0.00716	0.00992	0.01033	0.00572	0.03865	0.01149	0.02462	0.05929	0.01550	0.01210	0.00659	0.00444	0.02015	0.00394	0.00439	0.24298	0.00602
15	0.50737	0.01569	0.01101	0.00989	0.01315	0.23278	0.00778	0.03666	0.01282	0.02268	0.07376	0.01283	0.01097	0.00618	0.00442	0.00171	0.00613	0.00402	0.00372	0.00645

[dist]
# distance from previous block
# <min> <max>
4	6

[block]
# block no. 1 follows, 40 sequences, length 6
# corresponding to MSA columns:
# 360-365
name=unknown_B
#
# <colnr> <probs for GDERKNQSTAVLIFYWHMCP>
#	G	D	E	R	K	N	Q	S	T	A	V	L	I	F	Y	W	H	M	C	P
0	0.14368	0.01435	0.08637	0.08833	0.02433	0.01269	0.35853	0.01690	0.01264	0.01955	0.04269	0.04206	0.01113	0.00581	0.00587	0.00181	0.00755	0.00601	0.00326	0.09643
1	0.17992	0.01317	0.01203	0.01075	0.01399	0.09502	0.00838	0.02462	0.41585	0.02322	0.08619	0.01955	0.01732	0.00737	0.00538	0.00182	0.00503	0.00579	0.00505	0.04953
2	0.05922	0.28205	0.30034	0.01380	0.01974	0.04447	0.09249	0.01752	0.01269	0.01758	0.07876	0.01433	0.01191	0.00587	0.00508	0.00164	0.00723	0.00467	0.00297	0.00765
3	0.01268	0.12990	0.48118	0.01766	0.05581	0.01522	0.12956	0.01805	0.01230	0.01760	0.01019	0.01252	0.00770	0.00559	0.00624	0.00181	0.05060	0.00461	0.00256	0.00823
4	0.00721	0.00516	0.00686	0.00801	0.00846	0.00481	0.00541	0.00841	0.01170	0.01575	0.10963	0.71167	0.04022	0.01754	0.00736	0.00230	0.00331	0.01589	0.00551	0.00481
5	0.83671	0.01125	0.00855	0.00765	0.01125	0.01305	0.00630	0.01709	0.00990	0.02609	0.00810	0.00945	0.00630	0.00540	0.00360	0.00180	0.00450	0.00315	0.00360	0.00630

[dist]
# distance from previous block
# <min> <max>
7	62

[block]
# block no. 2 follows, 40 sequences, length 8
# corresponding to MSA columns:
# 430-437
name=unknown_C
#
# <colnr> <probs for GDERKNQSTAVLIFYWHMCP>
#	G	D	E	R	K	N	Q	S	T	A	V	L	I	F	Y	W	H	M	C	P
0	0.01813	0.09795	0.01862	0.01691	0.12483	0.43582	0.04098	0.04907	0.01587	0.01704	0.09858	0.01522	0.01354	0.00647	0.00545	0.00157	0.00843	0.00489	0.00345	0.00719
1	0.01472	0.01368	0.02205	0.13588	0.40599	0.01482	0.07438	0.11719	0.01449	0.02023	0.01094	0.01440	0.00888	0.00609	0.00745	0.00188	0.09995	0.00531	0.00321	0.00846
2	0.01263	0.01202	0.01659	0.16563	0.27862	0.07315	0.01298	0.01711	0.10223	0.01722	0.01538	0.10903	0.01406	0.01258	0.11231	0.00291	0.00786	0.00673	0.00354	0.00740
3	0.09438	0.01248	0.02070	0.09572	0.44179	0.01277	0.10288	0.01708	0.01270	0.01959	0.01166	0.01503	0.00942	0.00542	0.00548	0.00174	0.00660	0.00521	0.10128	0.00806
4	0.01281	0.01120	0.01683	0.02276	0.40131	0.01119	0.01246	0.10287	0.01503	0.02063	0.09372	0.11564	0.12100	0.00894	0.00623	0.00185	0.00547	0.00805	0.00423	0.00780
5	0.09831	0.01323	0.01567	0.10780	0.07892	0.01477	0.01110	0.30966	0.13618	0.07708	0.01514	0.03081	0.01144	0.00809	0.02918	0.00207	0.02145	0.00552	0.00492	0.00864
6	0.01342	0.01291	0.02147	0.19396	0.50079	0.01418	0.01677	0.01667	0.01229	0.01741	0.01035	0.01440	0.00868	0.00601	0.00762	0.00189	0.11502	0.00517	0.00277	0.00822
7	0.20078	0.01219	0.01210	0.01251	0.10329	0.11574	0.00855	0.07478	0.01530	0.06528	0.25279	0.02454	0.06301	0.00826	0.00562	0.00176	0.00516	0.00665	0.00481	0.00688

[dist]
# distance from previous block
# <min> <max>
7	12

[block]
# block no. 3 follows, 40 sequences, length 6
# corresponding to MSA columns:
# 452-457
name=unknown_D
#
# <colnr> <probs for GDERKNQSTAVLIFYWHMCP>
#	G	D	E	R	K	N	Q	S	T	A	V	L	I	F	Y	W	H	M	C	P
0	0.01469	0.02395	0.45432	0.01561	0.04722	0.06637	0.01687	0.15857	0.01561	0.05026	0.01319	0.07304	0.01060	0.00687	0.00573	0.00183	0.00770	0.00548	0.00357	0.00849
1	0.12945	0.01922	0.32526	0.16178	0.09595	0.01306	0.01605	0.05592	0.01317	0.10023	0.01167	0.01360	0.00836	0.00578	0.00538	0.00183	0.00719	0.00460	0.00337	0.00813
2	0.11495	0.06430	0.32716	0.01772	0.18346	0.01271	0.01529	0.01688	0.01274	0.01993	0.11400	0.01656	0.01432	0.00624	0.00537	0.00173	0.00658	0.00511	0.00328	0.04166
3	0.01357	0.28886	0.34122	0.01782	0.13013	0.01690	0.08007	0.01801	0.01239	0.01690	0.00982	0.01188	0.00780	0.00523	0.00506	0.00163	0.00764	0.00425	0.00257	0.00823
4	0.01283	0.26199	0.54385	0.01458	0.02208	0.01637	0.01801	0.01811	0.01214	0.01699	0.00973	0.01139	0.00740	0.00536	0.00498	0.00166	0.00788	0.00394	0.00247	0.00825
5	0.19959	0.01295	0.01333	0.11000	0.01761	0.07120	0.00937	0.21561	0.01624	0.06703	0.01371	0.09374	0.01168	0.00722	0.00524	0.00171	0.00579	0.00561	0.00441	0.11796

[dist]
# distance from previous block
# <min> <max>
0	1

[block]
# block no. 4 follows, 40 sequences, length 6
# corresponding to MSA columns:
# 459-464
name=unknown_E
#
# <colnr> <probs for GDERKNQSTAVLIFYWHMCP>
#	G	D	E	R	K	N	Q	S	T	A	V	L	I	F	Y	W	H	M	C	P
0	0.05692	0.14593	0.16868	0.01410	0.06277	0.11514	0.01260	0.19073	0.01651	0.08490	0.01215	0.01334	0.00919	0.00776	0.04086	0.00200	0.00749	0.00451	0.02613	0.00827
1	0.34825	0.18595	0.07142	0.01034	0.01455	0.06191	0.00930	0.05053	0.15942	0.02218	0.01168	0.01233	0.00914	0.00592	0.00443	0.00170	0.00564	0.00403	0.00379	0.00748
2	0.10937	0.18537	0.45606	0.01320	0.01986	0.01466	0.01578	0.01716	0.01199	0.01810	0.01398	0.01522	0.07392	0.00621	0.00505	0.00172	0.00712	0.00462	0.00286	0.00776
3	0.01239	0.01254	0.07452	0.18985	0.06084	0.09934	0.01104	0.03867	0.01451	0.06023	0.17791	0.02984	0.13646	0.00915	0.00623	0.00188	0.00595	0.04763	0.00441	0.00662
4	0.18406	0.12917	0.44559	0.01356	0.02029	0.01508	0.01589	0.07923	0.01300	0.02091	0.00993	0.01143	0.00737	0.00555	0.00491	0.00174	0.00724	0.00398	0.00298	0.00807
5	0.02111	0.01079	0.01378	0.07399	0.01685	0.01073	0.00933	0.11022	0.13477	0.43931	0.07897	0.02093	0.01706	0.00754	0.00593	0.00183	0.00512	0.00621	0.00639	0.00915

[dist]
# distance from previous block
# <min> <max>
0	11

[block]
# block no. 5 follows, 40 sequences, length 6
# corresponding to MSA columns:
# 477-482
name=unknown_F
#
# <colnr> <probs for GDERKNQSTAVLIFYWHMCP>
#	G	D	E	R	K	N	Q	S	T	A	V	L	I	F	Y	W	H	M	C	P
0	0.01327	0.01329	0.11086	0.06634	0.01727	0.01271	0.04128	0.05412	0.01213	0.05725	0.01191	0.01495	0.00958	0.00732	0.00980	0.00186	0.26991	0.00495	0.15302	0.11817
1	0.14745	0.07410	0.20981	0.07845	0.14156	0.11082	0.01415	0.01814	0.01271	0.04633	0.04764	0.01386	0.01022	0.00610	0.00586	0.00177	0.04566	0.00458	0.00317	0.00762
2	0.58868	0.01377	0.08861	0.06411	0.01559	0.01372	0.00917	0.10956	0.01250	0.02585	0.00925	0.01075	0.00697	0.00564	0.00424	0.00181	0.00540	0.00368	0.00369	0.00701
3	0.19136	0.06367	0.06001	0.04888	0.03768	0.16630	0.01049	0.19367	0.03354	0.02340	0.01067	0.01196	0.00826	0.00582	0.00490	0.00158	0.00670	0.00411	0.00385	0.11316
4	0.12535	0.05149	0.01269	0.01087	0.04990	0.01131	0.00819	0.02314	0.23394	0.21036	0.01940	0.05879	0.01486	0.00739	0.00526	0.00176	0.00456	0.00596	0.11067	0.03412
5	0.04262	0.03843	0.05467	0.10042	0.02096	0.01087	0.23035	0.01665	0.01238	0.12312	0.01418	0.05783	0.01174	0.00874	0.00862	0.13185	0.00679	0.02284	0.02041	0.06651

[dist]
# distance from previous block
# <min> <max>
14	37

[block]
# block no. 6 follows, 40 sequences, length 18
# corresponding to MSA columns:
# 520-537
name=unknown_G
#
# <colnr> <probs for GDERKNQSTAVLIFYWHMCP>
#	G	D	E	R	K	N	Q	S	T	A	V	L	I	F	Y	W	H	M	C	P
0	0.02267	0.01777	0.01733	0.01401	0.01826	0.11714	0.01115	0.52113	0.06796	0.06839	0.01604	0.01675	0.01196	0.00795	0.00635	0.00201	0.00712	0.00566	0.04036	0.00999
1	0.02345	0.01725	0.01840	0.01437	0.01906	0.01872	0.01165	0.72237	0.02795	0.03762	0.01548	0.01615	0.01139	0.00802	0.00650	0.00204	0.00691	0.00574	0.00630	0.01063
2	0.02211	0.01629	0.01745	0.01338	0.01803	0.01803	0.01105	0.73997	0.02734	0.03665	0.01396	0.01396	0.00989	0.00698	0.00582	0.00175	0.00640	0.00524	0.00582	0.00989
3	0.01301	0.29574	0.51159	0.01429	0.02163	0.01679	0.01750	0.01807	0.01212	0.01678	0.00962	0.01126	0.00740	0.00533	0.00491	0.00164	0.00777	0.00389	0.00247	0.00820
4	0.02211	0.01629	0.01745	0.01338	0.01803	0.01803	0.01105	0.73997	0.02734	0.03665	0.01396	0.01396	0.00989	0.00698	0.00582	0.00175	0.00640	0.00524	0.00582	0.00989
5	0.01399	0.49098	0.32499	0.01260	0.01903	0.01920	0.01457	0.01781	0.01200	0.01558	0.00903	0.01051	0.00742	0.00520	0.00445	0.00148	0.00717	0.00359	0.00247	0.00792
6	0.00835	0.00604	0.00839	0.00839	0.00910	0.00675	0.00608	0.00977	0.00906	0.01279	0.01645	0.02769	0.01664	0.28330	0.53578	0.00816	0.01241	0.00694	0.00325	0.00466
7	0.02211	0.01629	0.01745	0.01338	0.01803	0.01803	0.01105	0.73997	0.02734	0.03665	0.01396	0.01396	0.00989	0.00698	0.00582	0.00175	0.00640	0.00524	0.00582	0.00989
8	0.01555	0.79913	0.03047	0.00995	0.01493	0.02301	0.00995	0.01741	0.01182	0.01368	0.00808	0.00933	0.00746	0.00498	0.00373	0.00124	0.00622	0.00311	0.00249	0.00746
9	0.02156	0.00932	0.01229	0.00979	0.01375	0.00808	0.00789	0.02411	0.03802	0.55952	0.02450	0.10159	0.05208	0.00847	0.00592	0.00179	0.00462	0.00708	0.00655	0.08307
10	0.01166	0.03008	0.76550	0.01657	0.02517	0.01351	0.02149	0.01842	0.01228	0.01842	0.01044	0.01228	0.00737	0.00552	0.00552	0.00184	0.00859	0.00430	0.00246	0.00859
11	0.83671	0.01125	0.00855	0.00765	0.01125	0.01305	0.00630	0.01709	0.00990	0.02609	0.00810	0.00945	0.00630	0.00540	0.00360	0.00180	0.00450	0.00315	0.00360	0.00630
12	0.62147	0.01365	0.01081	0.00931	0.01303	0.08483	0.00757	0.14111	0.01349	0.02679	0.00918	0.01031	0.00702	0.00572	0.00413	0.00176	0.00538	0.00356	0.00392	0.00695
13	0.01225	0.00708	0.00959	0.00984	0.01176	0.00667	0.00824	0.01458	0.01394	0.16701	0.06360	0.12643	0.08998	0.01420	0.00739	0.00237	0.00477	0.41835	0.00578	0.00617
14	0.01378	0.01553	0.03344	0.02542	0.08974	0.01463	0.67958	0.01856	0.01369	0.01866	0.01170	0.01558	0.00886	0.00492	0.00677	0.00194	0.00957	0.00673	0.00294	0.00795
15	0.09103	0.01541	0.01560	0.01227	0.01653	0.06297	0.01004	0.53311	0.02342	0.09264	0.01418	0.01429	0.01010	0.00679	0.00549	0.00172	0.00616	0.00503	0.05410	0.00913
16	0.01439	0.01382	0.02360	0.03569	0.75936	0.01382	0.01785	0.01785	0.01324	0.01900	0.01094	0.01439	0.00921	0.00518	0.00576	0.00173	0.00691	0.00518	0.00288	0.00921
17	0.00908	0.00703	0.01057	0.01072	0.01220	0.00685	0.06712	0.01183	0.03212	0.01768	0.11750	0.26191	0.03506	0.01504	0.00757	0.00241	0.00482	0.35970	0.00531	0.00550

[dist]
# distance from previous block
# <min> <max>
1	30

[block]
# block no. 7 follows, 40 sequences, length 12
# corresponding to MSA columns:
# 568-579
name=unknown_H
#
# <colnr> <probs for GDERKNQSTAVLIFYWHMCP>
#	G	D	E	R	K	N	Q	S	T	A	V	L	I	F	Y	W	H	M	C	P
0	0.00832	0.00619	0.00912	0.00912	0.01008	0.00715	0.00699	0.01024	0.00928	0.01333	0.01578	0.02399	0.01504	0.10036	0.71652	0.00907	0.01483	0.00640	0.00315	0.00507
1	0.83671	0.01125	0.00855	0.00765	0.01125	0.01305	0.00630	0.01709	0.00990	0.02609	0.00810	0.00945	0.00630	0.00540	0.00360	0.00180	0.00450	0.00315	0.00360	0.00630
2	0.00831	0.00623	0.00935	0.00935	0.01038	0.00727	0.00727	0.01038	0.00935	0.01350	0.01558	0.02285	0.01454	0.04361	0.77259	0.00935	0.01558	0.00623	0.00312	0.00519
3	0.01010	0.00505	0.00758	0.00758	0.00758	0.00505	0.00505	0.00758	0.00758	0.01010	0.01010	0.01768	0.01010	0.02020	0.02273	0.83081	0.00505	0.00505	0.00253	0.00253
4	0.02211	0.01629	0.01745	0.01338	0.01803	0.01803	0.01105	0.73997	0.02734	0.03665	0.01396	0.01396	0.00989	0.00698	0.00582	0.00175	0.00640	0.00524	0.00582	0.00989
5	0.02540	0.01100	0.01418	0.01087	0.01540	0.01019	0.00898	0.15159	0.01850	0.63752	0.02139	0.01878	0.01361	0.00716	0.00584	0.00179	0.00520	0.00574	0.00696	0.00990
6	0.00846	0.00564	0.00634	0.00634	0.00634	0.00564	0.00352	0.00846	0.00846	0.01128	0.01832	0.03805	0.02114	0.79563	0.02960	0.00564	0.00564	0.00846	0.00352	0.00352
7	0.00788	0.00597	0.00729	0.00707	0.00862	0.00538	0.00538	0.01023	0.01532	0.02068	0.50409	0.04847	0.26746	0.01298	0.00693	0.00192	0.00295	0.05006	0.00604	0.00530
8	0.01264	0.01068	0.01237	0.00889	0.01403	0.00835	0.00713	0.05674	0.01295	0.01998	0.01055	0.01217	0.00869	0.00446	0.00439	0.00091	0.00443	0.00355	0.00358	0.78351
9	0.01591	0.75435	0.02966	0.01024	0.01510	0.06650	0.01002	0.01775	0.01209	0.01371	0.00814	0.00940	0.00746	0.00503	0.00382	0.00126	0.00647	0.00315	0.00252	0.00742
10	0.01542	0.01180	0.01281	0.01114	0.01446	0.01306	0.00876	0.12236	0.48176	0.08658	0.08021	0.02469	0.07406	0.00852	0.00604	0.00192	0.00461	0.00706	0.00601	0.00875
11	0.01280	0.01078	0.01246	0.00897	0.01410	0.00851	0.00720	0.06844	0.01319	0.02026	0.01060	0.01220	0.00871	0.00450	0.00442	0.00093	0.00446	0.00358	0.00362	0.77026

[dist]
# distance from previous block
# <min> <max>
0	1

[block]
# block no. 8 follows, 40 sequences, length 29
# corresponding to MSA columns:
# 581-609
name=unknown_I
#
# <colnr> <probs for GDERKNQSTAVLIFYWHMCP>
#	G	D	E	R	K	N	Q	S	T	A	V	L	I	F	Y	W	H	M	C	P
0	0.00813	0.00573	0.00702	0.00765	0.00885	0.00515	0.00555	0.00955	0.01247	0.05079	0.06323	0.42239	0.28119	0.01614	0.00719	0.00221	0.00345	0.07271	0.00551	0.00511
1	0.76953	0.01113	0.00896	0.00787	0.01154	0.01267	0.00648	0.01803	0.01046	0.08719	0.00933	0.01030	0.00697	0.00555	0.00379	0.00180	0.00454	0.00337	0.00390	0.00660
2	0.25755	0.01483	0.01488	0.01172	0.01607	0.01659	0.00968	0.53103	0.02230	0.03360	0.01227	0.01266	0.00885	0.00652	0.00518	0.00176	0.00585	0.00463	0.00518	0.00885
3	0.01206	0.01034	0.01206	0.00861	0.01378	0.00775	0.00689	0.01464	0.01206	0.01895	0.01034	0.01206	0.00861	0.00431	0.00431	0.00086	0.00431	0.00345	0.00345	0.83118
4	0.01324	0.01414	0.02788	0.01992	0.02559	0.01270	0.52685	0.01748	0.01324	0.01872	0.01135	0.01464	0.00876	0.00473	0.00612	0.00164	0.00822	0.00587	0.00309	0.24581
5	0.01943	0.01473	0.01601	0.01218	0.01691	0.01543	0.00999	0.54149	0.04696	0.03197	0.01340	0.01375	0.00983	0.00636	0.00545	0.00154	0.00583	0.00485	0.00525	0.20865
6	0.00790	0.00569	0.00748	0.00754	0.00861	0.00527	0.00546	0.01014	0.01492	0.02087	0.54696	0.25975	0.05013	0.01372	0.00702	0.00198	0.00293	0.01226	0.00611	0.00527
7	0.01990	0.01519	0.01621	0.01293	0.01719	0.01700	0.01052	0.53502	0.23588	0.03309	0.01677	0.01620	0.01216	0.00724	0.00585	0.00181	0.00588	0.00562	0.00585	0.00969
8	0.00709	0.00506	0.00675	0.00810	0.00843	0.00472	0.00540	0.00810	0.01113	0.01484	0.03205	0.79184	0.03846	0.01822	0.00742	0.00236	0.00337	0.01653	0.00540	0.00472
9	0.00868	0.00624	0.00855	0.00977	0.01088	0.00610	0.00807	0.01092	0.01297	0.01699	0.06428	0.24188	0.05822	0.01636	0.00779	0.00254	0.00468	0.49447	0.00541	0.00519
10	0.01510	0.01281	0.01351	0.01196	0.01536	0.01476	0.00936	0.08966	0.68906	0.02535	0.02286	0.02106	0.01710	0.00781	0.00591	0.00195	0.00475	0.00646	0.00591	0.00926
11	0.00699	0.00545	0.00635	0.00706	0.00816	0.00481	0.00494	0.00821	0.01213	0.01525	0.04465	0.44664	0.37553	0.01658	0.00716	0.00217	0.00317	0.01453	0.00540	0.00481
12	0.01548	0.01054	0.01181	0.01027	0.01350	0.01114	0.00808	0.06294	0.37977	0.17416	0.08949	0.02831	0.14086	0.00915	0.00613	0.00191	0.00434	0.00762	0.00613	0.00837
13	0.00709	0.00506	0.00675	0.00810	0.00843	0.00472	0.00540	0.00810	0.01113	0.01484	0.03205	0.79184	0.03846	0.01822	0.00742	0.00236	0.00337	0.01653	0.00540	0.00472
14	0.01439	0.01382	0.02360	0.03569	0.75936	0.01382	0.01785	0.01785	0.01324	0.01900	0.01094	0.01439	0.00921	0.00518	0.00576	0.00173	0.00691	0.00518	0.00288	0.00921
15	0.01555	0.79913	0.03047	0.00995	0.01493	0.02301	0.00995	0.01741	0.01182	0.01368	0.00808	0.00933	0.00746	0.00498	0.00373	0.00124	0.00622	0.00311	0.00249	0.00746
16	0.01209	0.01023	0.01193	0.00873	0.01362	0.00790	0.00693	0.03624	0.01247	0.01926	0.01163	0.05476	0.01028	0.00515	0.00452	0.00097	0.00432	0.00422	0.00362	0.76112
17	0.02211	0.01629	0.01745	0.01338	0.01803	0.01803	0.01105	0.73997	0.02734	0.03665	0.01396	0.01396	0.00989	0.00698	0.00582	0.00175	0.00640	0.00524	0.00582	0.00989
18	0.01206	0.01034	0.01206	0.00861	0.01378	0.00775	0.00689	0.01464	0.01206	0.01895	0.01034	0.01206	0.00861	0.00431	0.00431	0.00086	0.00431	0.00345	0.00345	0.83118
19	0.01428	0.01370	0.02340	0.06029	0.73564	0.01379	0.01779	0.01775	0.01319	0.01886	0.01092	0.01443	0.00916	0.00520	0.00576	0.00173	0.00694	0.00518	0.00287	0.00912
20	0.01221	0.01013	0.01121	0.01020	0.01280	0.01122	0.00786	0.02371	0.48458	0.02396	0.28803	0.02954	0.03115	0.00933	0.00626	0.00192	0.00393	0.00800	0.00609	0.00786
21	0.01098	0.01034	0.01744	0.78165	0.04005	0.01292	0.01615	0.01486	0.01163	0.01486	0.01034	0.01550	0.00775	0.00581	0.00581	0.00194	0.00775	0.00517	0.00258	0.00646
22	0.02332	0.00959	0.01278	0.01022	0.01421	0.00858	0.00827	0.02647	0.06866	0.63420	0.02392	0.09843	0.01708	0.00837	0.00601	0.00187	0.00476	0.00699	0.00692	0.00932
23	0.06035	0.00577	0.00561	0.00555	0.00704	0.00588	0.00420	0.01376	0.01206	0.02194	0.01832	0.02095	0.01439	0.00669	0.00404	0.00138	0.00282	0.00528	0.77849	0.00547
24	0.02475	0.01047	0.01373	0.01048	0.01504	0.00929	0.00864	0.08747	0.01722	0.64854	0.02128	0.01875	0.01360	0.00697	0.00573	0.00173	0.00502	0.00562	0.00681	0.06887
25	0.00709	0.00506	0.00675	0.00810	0.00843	0.00472	0.00540	0.00810	0.01113	0.01484	0.03205	0.79184	0.03846	0.01822	0.00742	0.00236	0.00337	0.01653	0.00540	0.00472
26	0.01325	0.01492	0.03233	0.02333	0.02882	0.01399	0.68561	0.01787	0.01354	0.01836	0.01322	0.07142	0.01095	0.00586	0.00690	0.00199	0.00934	0.00756	0.00312	0.00762
27	0.00864	0.00599	0.00786	0.00745	0.00884	0.00552	0.00556	0.01124	0.01608	0.04296	0.68421	0.09653	0.05258	0.01221	0.00687	0.00187	0.00285	0.01082	0.00635	0.00555
28	0.00709	0.00506	0.00675	0.00810	0.00843	0.00472	0.00540	0.00810	0.01113	0.01484	0.03205	0.79184	0.03846	0.01822	0.00742	0.00236	0.00337	0.01653	0.00540	0.00472

[dist]
# distance from previous block
# <min> <max>
0	721

# created by:
# /software/SequenceAnalysis/GenePrediction/augustus/3.0.1/scripts/msa2prfl.pl ./fixed/BUSCOvEOG7Q2FTT.fas
