[name]
unknown

[dist]
# distance from previous block
# <min> <max>
4	66

[block]
# block no. 0 follows, 39 sequences, length 23
# corresponding to MSA columns:
# 71-93
name=unknown_A
#
# <colnr> <probs for GDERKNQSTAVLIFYWHMCP>
#	G	D	E	R	K	N	Q	S	T	A	V	L	I	F	Y	W	H	M	C	P
0	0.07107	0.01362	0.01670	0.08093	0.01948	0.01443	0.04740	0.35410	0.05433	0.24252	0.01650	0.01623	0.01128	0.00689	0.00585	0.00183	0.00618	0.00552	0.00575	0.00939
1	0.01254	0.01316	0.02591	0.20653	0.02956	0.01313	0.41350	0.01663	0.01293	0.01759	0.01305	0.07877	0.01112	0.00641	0.00687	0.00194	0.02952	0.00700	0.00314	0.08068
2	0.09300	0.01106	0.01844	0.52142	0.07935	0.01287	0.09307	0.01545	0.01171	0.01660	0.01047	0.01526	0.00811	0.00671	0.00696	0.05736	0.00755	0.00523	0.00278	0.00661
3	0.00930	0.00664	0.00927	0.01063	0.01189	0.00661	0.00913	0.01186	0.01339	0.01744	0.03144	0.13807	0.03454	0.01655	0.00811	0.00269	0.00525	0.64638	0.00545	0.00538
4	0.01073	0.01261	0.09654	0.02948	0.01718	0.07639	0.17616	0.01345	0.01248	0.01627	0.02224	0.41045	0.02432	0.01365	0.03706	0.00244	0.00674	0.01138	0.00422	0.00620
5	0.01581	0.79572	0.03099	0.01012	0.01518	0.02340	0.01012	0.01771	0.01202	0.01391	0.00822	0.00949	0.00759	0.00506	0.00379	0.00126	0.00632	0.00316	0.00253	0.00759
6	0.00725	0.00597	0.00638	0.00635	0.00817	0.00509	0.00474	0.00897	0.01400	0.01738	0.18724	0.08475	0.59404	0.01459	0.00701	0.00199	0.00298	0.01233	0.00568	0.00509
7	0.01757	0.01325	0.01448	0.01211	0.01568	0.01453	0.00978	0.44020	0.13867	0.02994	0.02162	0.11578	0.05271	0.00977	0.00637	0.00198	0.00558	0.06547	0.00582	0.00869
8	0.76691	0.07569	0.01052	0.00797	0.01174	0.01410	0.00671	0.01741	0.01022	0.02550	0.00823	0.00960	0.00650	0.00545	0.00367	0.00178	0.00472	0.00320	0.00357	0.00650
9	0.01581	0.79572	0.03099	0.01012	0.01518	0.02340	0.01012	0.01771	0.01202	0.01391	0.00822	0.00949	0.00759	0.00506	0.00379	0.00126	0.00632	0.00316	0.00253	0.00759
10	0.33821	0.01164	0.01511	0.35212	0.02628	0.01364	0.05950	0.05365	0.04235	0.02142	0.01045	0.01352	0.00790	0.00583	0.00509	0.00191	0.00651	0.00462	0.00337	0.00689
11	0.83394	0.01144	0.00869	0.00778	0.01144	0.01327	0.00640	0.01738	0.01006	0.02653	0.00823	0.00961	0.00640	0.00549	0.00366	0.00183	0.00457	0.00320	0.00366	0.00640
12	0.00814	0.00604	0.00758	0.00719	0.00869	0.00548	0.00540	0.01071	0.01619	0.02240	0.63464	0.04634	0.17413	0.01258	0.00698	0.00188	0.00282	0.01100	0.00634	0.00548
13	0.00792	0.00612	0.00883	0.14742	0.01439	0.00631	0.00747	0.00948	0.01141	0.01510	0.02860	0.64861	0.03347	0.01625	0.00725	0.00232	0.00424	0.01472	0.00497	0.00512
14	0.01464	0.01405	0.02400	0.03630	0.75528	0.01405	0.01815	0.01815	0.01347	0.01932	0.01112	0.01464	0.00937	0.00527	0.00585	0.00176	0.00703	0.00527	0.00293	0.00937
15	0.01397	0.39722	0.33823	0.01441	0.02111	0.01850	0.08662	0.01826	0.01241	0.01643	0.00960	0.01139	0.00768	0.00529	0.00488	0.00159	0.00770	0.00405	0.00256	0.00811
16	0.00818	0.00604	0.00765	0.00724	0.00872	0.00550	0.00543	0.01080	0.01630	0.02267	0.65898	0.04589	0.14962	0.01248	0.00698	0.00188	0.00282	0.01094	0.00637	0.00550
17	0.00732	0.00584	0.00656	0.00673	0.00828	0.00508	0.00492	0.00900	0.01375	0.01743	0.20031	0.19661	0.46719	0.01506	0.00710	0.00205	0.00304	0.01295	0.00571	0.00508
18	0.01194	0.01198	0.02207	0.55699	0.03722	0.01380	0.19692	0.01604	0.01225	0.01604	0.01076	0.01570	0.00815	0.00586	0.00674	0.00200	0.04020	0.00569	0.00272	0.00692
19	0.01322	0.06222	0.44180	0.01373	0.02091	0.01248	0.01589	0.04717	0.01320	0.04999	0.01113	0.01265	0.00827	0.00535	0.00519	0.00154	0.00708	0.00416	0.00313	0.25087
20	0.75365	0.01309	0.00949	0.00851	0.01211	0.08795	0.00690	0.01800	0.01073	0.02534	0.00832	0.00971	0.00652	0.00555	0.00383	0.00180	0.00518	0.00326	0.00360	0.00645
21	0.03373	0.01616	0.20289	0.01535	0.11042	0.01167	0.01312	0.08600	0.05516	0.31301	0.03044	0.01744	0.01258	0.00668	0.00574	0.00181	0.00616	0.00546	0.04694	0.00923
22	0.79689	0.01137	0.00892	0.00790	0.01160	0.01306	0.00651	0.01791	0.01038	0.06016	0.00893	0.01009	0.00678	0.00557	0.00376	0.00183	0.00460	0.00333	0.00383	0.00657

[dist]
# distance from previous block
# <min> <max>
3	5

[block]
# block no. 1 follows, 39 sequences, length 7
# corresponding to MSA columns:
# 100-106
name=unknown_B
#
# <colnr> <probs for GDERKNQSTAVLIFYWHMCP>
#	G	D	E	R	K	N	Q	S	T	A	V	L	I	F	Y	W	H	M	C	P
0	0.01559	0.01040	0.01226	0.01007	0.01385	0.00977	0.00790	0.08511	0.15890	0.16979	0.04272	0.14236	0.01826	0.00846	0.00575	0.00165	0.00456	0.00716	0.00540	0.27003
1	0.01195	0.01128	0.05449	0.05094	0.01643	0.00864	0.04927	0.01503	0.01248	0.01903	0.01302	0.01820	0.01134	0.00580	0.00500	0.00125	0.00512	0.06853	0.05365	0.56854
2	0.16405	0.34150	0.05992	0.01091	0.01471	0.10158	0.00987	0.05072	0.01235	0.01740	0.00972	0.01323	0.00888	0.08395	0.00816	0.00202	0.07686	0.00413	0.00306	0.00697
3	0.02613	0.01071	0.01412	0.01083	0.01542	0.00965	0.00894	0.09894	0.01801	0.68773	0.02242	0.01954	0.01418	0.00730	0.00594	0.00182	0.00518	0.00589	0.00718	0.01006
4	0.15300	0.01506	0.01566	0.01237	0.01678	0.01673	0.01016	0.51673	0.09799	0.06545	0.01464	0.01452	0.01048	0.00694	0.00556	0.00181	0.00594	0.00515	0.00562	0.00940
5	0.00880	0.00596	0.00752	0.00713	0.00852	0.00557	0.00535	0.01158	0.01604	0.02345	0.63371	0.04060	0.04923	0.01125	0.00652	0.00178	0.00278	0.00986	0.13879	0.00557
6	0.01301	0.00761	0.00947	0.00908	0.01102	0.00723	0.00672	0.09819	0.01468	0.17291	0.03170	0.45133	0.11428	0.01443	0.00696	0.00216	0.00408	0.01269	0.00592	0.00654

[dist]
# distance from previous block
# <min> <max>
0	30

[block]
# block no. 2 follows, 39 sequences, length 92
# corresponding to MSA columns:
# 137-228
name=unknown_C
#
# <colnr> <probs for GDERKNQSTAVLIFYWHMCP>
#	G	D	E	R	K	N	Q	S	T	A	V	L	I	F	Y	W	H	M	C	P
0	0.01627	0.73663	0.07897	0.01107	0.01639	0.02303	0.01118	0.01826	0.01252	0.01497	0.00918	0.01078	0.00833	0.00562	0.00426	0.00145	0.00673	0.00351	0.00280	0.00805
1	0.00820	0.00659	0.00712	0.00696	0.00884	0.00564	0.00516	0.00984	0.01485	0.01886	0.25373	0.05387	0.54942	0.01457	0.00730	0.00210	0.00322	0.01213	0.00601	0.00557
2	0.01544	0.01321	0.01388	0.01252	0.01590	0.01508	0.00966	0.03174	0.73604	0.02535	0.02467	0.02301	0.01867	0.00851	0.00634	0.00214	0.00495	0.00691	0.00625	0.00972
3	0.00803	0.00574	0.00745	0.00877	0.00919	0.00529	0.00584	0.00884	0.01181	0.01582	0.03309	0.77981	0.03947	0.01888	0.00785	0.00254	0.00371	0.01691	0.00573	0.00522
4	0.08725	0.00843	0.01098	0.05940	0.01324	0.00847	0.00761	0.05348	0.01215	0.18512	0.01546	0.05679	0.01314	0.01602	0.05373	0.37630	0.00605	0.00605	0.00438	0.00597
5	0.82457	0.01196	0.00925	0.00832	0.01201	0.01365	0.00675	0.01788	0.01057	0.02712	0.00903	0.01071	0.00716	0.00601	0.00401	0.00197	0.00484	0.00347	0.00392	0.00680
6	0.00956	0.00684	0.00920	0.01052	0.01160	0.00661	0.00850	0.01148	0.01332	0.01754	0.03225	0.30518	0.03613	0.01744	0.00826	0.00275	0.00504	0.47645	0.00570	0.00564
7	0.01263	0.03087	0.75281	0.01728	0.02599	0.01411	0.02200	0.01920	0.01296	0.01941	0.01138	0.01355	0.00824	0.00613	0.00595	0.00201	0.00896	0.00462	0.00277	0.00911
8	0.00812	0.00601	0.00739	0.00824	0.00910	0.00542	0.00566	0.00922	0.01283	0.01696	0.11851	0.55415	0.18072	0.01747	0.00768	0.00240	0.00356	0.01539	0.00584	0.00535
9	0.79448	0.01191	0.00944	0.00842	0.01215	0.01348	0.00683	0.01830	0.01082	0.05443	0.00960	0.01110	0.00747	0.00607	0.00410	0.00197	0.00486	0.00357	0.00405	0.00694
10	0.00809	0.00579	0.00750	0.00873	0.00920	0.00533	0.00585	0.00899	0.01208	0.01626	0.06920	0.74247	0.04031	0.01856	0.00782	0.00251	0.00368	0.01661	0.00578	0.00526
11	0.00831	0.00613	0.00800	0.00913	0.00953	0.00595	0.00621	0.00914	0.01170	0.01578	0.03186	0.74143	0.03792	0.01848	0.00844	0.00254	0.04222	0.01634	0.00558	0.00530
12	0.01778	0.01423	0.01510	0.01266	0.01655	0.01614	0.01010	0.30953	0.46149	0.02969	0.02017	0.01896	0.01489	0.00766	0.00598	0.00191	0.00540	0.00615	0.00598	0.00964
13	0.00953	0.00681	0.00953	0.01089	0.01225	0.00681	0.00953	0.01225	0.01361	0.01770	0.03131	0.06671	0.03403	0.01634	0.00817	0.00272	0.00545	0.71547	0.00545	0.00545
14	0.01271	0.01223	0.02117	0.43948	0.32758	0.01360	0.05541	0.01654	0.01260	0.01701	0.01084	0.01532	0.00854	0.00560	0.00595	0.00189	0.00765	0.00535	0.00277	0.00777
15	0.01317	0.01256	0.02136	0.34929	0.45372	0.01367	0.01742	0.01687	0.01277	0.01754	0.01087	0.01511	0.00874	0.00554	0.00588	0.00185	0.00739	0.00526	0.00280	0.00819
16	0.78064	0.01173	0.01040	0.00889	0.01270	0.01338	0.05369	0.01749	0.01032	0.02604	0.00848	0.01002	0.00657	0.00546	0.00388	0.00184	0.00493	0.00345	0.00362	0.00651
17	0.01186	0.03059	0.76153	0.01686	0.02560	0.01373	0.02185	0.01873	0.01249	0.01873	0.01061	0.01249	0.00749	0.00562	0.00562	0.00187	0.00874	0.00437	0.00250	0.00874
18	0.00784	0.00547	0.00688	0.00753	0.00792	0.00523	0.00488	0.00879	0.01123	0.01518	0.13501	0.43083	0.03580	0.27229	0.01489	0.00342	0.00409	0.01320	0.00501	0.00452
19	0.02515	0.01228	0.01509	0.01157	0.01620	0.01198	0.00956	0.26938	0.02063	0.51358	0.02022	0.01811	0.01308	0.00724	0.00594	0.00181	0.00553	0.00574	0.00684	0.01006
20	0.01117	0.01051	0.01774	0.77795	0.04073	0.01314	0.01642	0.01511	0.01182	0.01511	0.01051	0.01577	0.00788	0.00591	0.00591	0.00197	0.00788	0.00526	0.00263	0.00657
21	0.00859	0.00577	0.00665	0.00665	0.00672	0.00584	0.00383	0.00873	0.00866	0.01161	0.01845	0.03769	0.02106	0.74356	0.07811	0.00598	0.00639	0.00845	0.00356	0.00369
22	0.00719	0.00519	0.00682	0.00812	0.00855	0.00481	0.00544	0.00825	0.01143	0.01514	0.03397	0.75161	0.07493	0.01835	0.00752	0.00238	0.00341	0.01659	0.00549	0.00481
23	0.00834	0.00562	0.00653	0.00678	0.00684	0.00556	0.00394	0.00853	0.00910	0.01214	0.02122	0.17761	0.02476	0.64880	0.02592	0.00512	0.00531	0.01012	0.00394	0.00381
24	0.01530	0.01470	0.02546	0.03050	0.48802	0.01472	0.17998	0.09309	0.04086	0.02128	0.01209	0.01515	0.00966	0.00549	0.00612	0.00182	0.00756	0.00571	0.00336	0.00912
25	0.01226	0.01051	0.01226	0.00876	0.01401	0.00788	0.00701	0.01489	0.01226	0.01927	0.01051	0.01226	0.00876	0.00438	0.00438	0.00088	0.00438	0.00350	0.00350	0.82832
26	0.01646	0.01662	0.05657	0.07141	0.09921	0.13571	0.14595	0.05923	0.21559	0.07007	0.01540	0.01651	0.01156	0.00637	0.00597	0.00183	0.00740	0.00568	0.00423	0.03824
27	0.00846	0.00629	0.00925	0.00925	0.01021	0.00725	0.00707	0.01039	0.00943	0.01354	0.01608	0.02454	0.01535	0.10754	0.70632	0.00919	0.01499	0.00653	0.00320	0.00514
28	0.02653	0.01006	0.01372	0.01052	0.01510	0.00869	0.00869	0.02882	0.01693	0.75937	0.02333	0.02013	0.01464	0.00732	0.00595	0.00183	0.00503	0.00595	0.00732	0.01006
29	0.00847	0.00625	0.00905	0.00905	0.00995	0.00714	0.00682	0.01027	0.00937	0.01339	0.01626	0.02554	0.01579	0.15615	0.65831	0.00894	0.01433	0.00667	0.00323	0.00503
30	0.83394	0.01144	0.00869	0.00778	0.01144	0.01327	0.00640	0.01738	0.01006	0.02653	0.00823	0.00961	0.00640	0.00549	0.00366	0.00183	0.00457	0.00320	0.00366	0.00640
31	0.01467	0.05750	0.19157	0.09197	0.02114	0.01426	0.04944	0.05436	0.31785	0.07247	0.01786	0.01924	0.01349	0.00713	0.00591	0.00193	0.00644	0.02949	0.00458	0.00871
32	0.00837	0.00628	0.00922	0.01002	0.01101	0.00603	0.04347	0.01021	0.01227	0.01622	0.03110	0.49213	0.03579	0.01707	0.00774	0.00250	0.00448	0.26556	0.00535	0.00519
33	0.83394	0.01144	0.00869	0.00778	0.01144	0.01327	0.00640	0.01738	0.01006	0.02653	0.00823	0.00961	0.00640	0.00549	0.00366	0.00183	0.00457	0.00320	0.00366	0.00640
34	0.01102	0.00551	0.00551	0.00551	0.00689	0.00551	0.00413	0.01378	0.01240	0.02205	0.01929	0.02205	0.01516	0.00689	0.00413	0.00138	0.00276	0.00551	0.82500	0.00551
35	0.01255	0.01057	0.01228	0.00899	0.01397	0.00829	0.00716	0.05303	0.01305	0.02002	0.01182	0.05130	0.01035	0.00523	0.00462	0.00100	0.00445	0.00427	0.00373	0.74332
36	0.01226	0.01051	0.01226	0.00876	0.01401	0.00788	0.00701	0.01489	0.01226	0.01927	0.01051	0.01226	0.00876	0.00438	0.00438	0.00088	0.00438	0.00350	0.00350	0.82832
37	0.00764	0.00561	0.00741	0.00844	0.00873	0.00559	0.00569	0.00858	0.01093	0.01469	0.02989	0.67226	0.03570	0.09609	0.01044	0.00275	0.04427	0.01538	0.00515	0.00477
38	0.00699	0.00599	0.00599	0.00599	0.00799	0.00499	0.00449	0.00849	0.01348	0.01598	0.05991	0.05691	0.75288	0.01498	0.00699	0.00200	0.00300	0.01248	0.00549	0.00499
39	0.01226	0.01051	0.01226	0.00876	0.01401	0.00788	0.00701	0.01489	0.01226	0.01927	0.01051	0.01226	0.00876	0.00438	0.00438	0.00088	0.00438	0.00350	0.00350	0.82832
40	0.01421	0.01045	0.01259	0.02730	0.01480	0.00812	0.00746	0.01682	0.01290	0.12137	0.01228	0.01343	0.00955	0.00482	0.00463	0.00103	0.00455	0.00388	0.00401	0.69579
41	0.02094	0.16180	0.01820	0.01265	0.01626	0.34236	0.01025	0.06074	0.01591	0.18548	0.01293	0.01350	0.00974	0.00649	0.00586	0.00160	0.04610	0.00441	0.04696	0.00780
42	0.02203	0.01144	0.01387	0.01127	0.01541	0.01149	0.00910	0.07669	0.27843	0.44813	0.02299	0.02043	0.01556	0.00756	0.00597	0.00189	0.00500	0.00617	0.00676	0.00981
43	0.01473	0.01225	0.01473	0.01264	0.01610	0.01359	0.07020	0.02844	0.57874	0.06441	0.08727	0.02339	0.02043	0.00809	0.00618	0.00198	0.00498	0.00702	0.00588	0.00895
44	0.00812	0.00604	0.00756	0.00718	0.00868	0.00547	0.00538	0.01067	0.01615	0.02231	0.62648	0.04649	0.18235	0.01261	0.00698	0.00188	0.00283	0.01102	0.00633	0.00547
45	0.00736	0.00525	0.00704	0.00841	0.00882	0.00493	0.00575	0.00850	0.01147	0.01527	0.03251	0.74140	0.03878	0.01839	0.00759	0.00242	0.00356	0.06223	0.00549	0.00485
46	0.00856	0.00590	0.00730	0.00730	0.00760	0.00620	0.00465	0.00915	0.00885	0.01210	0.01785	0.03437	0.01962	0.58296	0.23674	0.00679	0.00856	0.00797	0.00347	0.00406
47	0.01186	0.03059	0.76153	0.01686	0.02560	0.01373	0.02185	0.01873	0.01249	0.01873	0.01061	0.01249	0.00749	0.00562	0.00562	0.00187	0.00874	0.00437	0.00250	0.00874
48	0.00756	0.00602	0.00679	0.00672	0.00845	0.00525	0.00508	0.00952	0.01452	0.01862	0.29149	0.07347	0.47105	0.01415	0.00704	0.00199	0.00303	0.03820	0.00583	0.00520
49	0.01239	0.02633	0.55733	0.01860	0.02624	0.01425	0.18152	0.01853	0.01263	0.01853	0.01076	0.01329	0.00784	0.00574	0.00668	0.00194	0.05135	0.00500	0.00261	0.00844
50	0.00741	0.00539	0.00698	0.00788	0.00857	0.00497	0.00542	0.00882	0.01255	0.01682	0.17280	0.58125	0.10531	0.01698	0.00739	0.00226	0.00327	0.01526	0.00569	0.00497
51	0.00771	0.00590	0.00839	0.00906	0.00994	0.00549	0.04178	0.00913	0.01186	0.01559	0.03415	0.61733	0.10724	0.01732	0.00752	0.00237	0.00388	0.07494	0.00536	0.00503
52	0.01548	0.73107	0.09272	0.01069	0.01606	0.02258	0.01111	0.01779	0.01206	0.01432	0.00842	0.00974	0.00758	0.00511	0.00395	0.00132	0.00653	0.00326	0.00253	0.00769
53	0.00858	0.00579	0.00676	0.00676	0.00686	0.00590	0.00397	0.00880	0.00869	0.01169	0.01835	0.03714	0.02082	0.71678	0.10456	0.00611	0.00675	0.00837	0.00354	0.00375
54	0.00732	0.00520	0.00683	0.00808	0.00840	0.00488	0.00533	0.00827	0.01109	0.01479	0.03141	0.72497	0.03763	0.08390	0.00945	0.00268	0.00363	0.01612	0.00533	0.00470
55	0.01596	0.77747	0.03065	0.01024	0.01525	0.04112	0.01015	0.01785	0.01213	0.01393	0.00824	0.00951	0.00759	0.00508	0.00383	0.00127	0.00643	0.00318	0.00254	0.00757
56	0.02060	0.01512	0.01614	0.01268	0.01695	0.01675	0.01038	0.59489	0.10009	0.03454	0.01570	0.01575	0.01136	0.00717	0.00576	0.00176	0.00596	0.00548	0.08335	0.00956
57	0.14107	0.01075	0.01318	0.01038	0.01475	0.01021	0.00853	0.06233	0.06378	0.57104	0.02077	0.01846	0.01346	0.00709	0.00562	0.00184	0.00502	0.00557	0.00664	0.00949
58	0.01265	0.06489	0.52159	0.01878	0.02656	0.01456	0.22043	0.01874	0.01287	0.01855	0.01087	0.01330	0.00791	0.00541	0.00591	0.00188	0.00896	0.00504	0.00264	0.00847
59	0.01943	0.01298	0.01468	0.01164	0.01540	0.01382	0.00943	0.46075	0.02301	0.12080	0.15915	0.02102	0.01956	0.00897	0.00724	0.05550	0.00551	0.00644	0.00599	0.00870
60	0.01571	0.72968	0.03040	0.01233	0.07771	0.02261	0.01080	0.01775	0.01214	0.01437	0.00847	0.00992	0.00774	0.00508	0.00397	0.00131	0.00638	0.00334	0.00256	0.00774
61	0.01436	0.15922	0.12164	0.02421	0.35651	0.04720	0.06215	0.01878	0.06147	0.01816	0.01250	0.05512	0.01086	0.00618	0.00560	0.00174	0.00712	0.00552	0.00315	0.00852
62	0.00859	0.00577	0.00665	0.00665	0.00672	0.00584	0.00383	0.00873	0.00866	0.01161	0.01845	0.03769	0.02106	0.74356	0.07811	0.00598	0.00639	0.00845	0.00356	0.00369
63	0.00940	0.00562	0.00631	0.00660	0.00767	0.00542	0.00474	0.01130	0.01214	0.01864	0.07374	0.16622	0.09802	0.10151	0.00878	0.01820	0.00343	0.04595	0.39123	0.00506
64	0.02414	0.14089	0.01641	0.01035	0.01490	0.01104	0.00883	0.02638	0.01610	0.61043	0.04526	0.01916	0.01484	0.00710	0.00562	0.00174	0.00517	0.00564	0.00649	0.00950
65	0.00756	0.00539	0.00724	0.00858	0.00907	0.00511	0.00604	0.00882	0.01160	0.01541	0.03217	0.67227	0.03809	0.03143	0.00802	0.00250	0.00376	0.11662	0.00545	0.00487
66	0.01917	0.01651	0.07925	0.01329	0.01802	0.01661	0.01149	0.46379	0.21359	0.03175	0.01634	0.01604	0.01189	0.00711	0.00586	0.00181	0.00614	0.00553	0.00556	0.04026
67	0.01948	0.01000	0.01267	0.00987	0.01412	0.00860	0.00794	0.06948	0.01573	0.39234	0.04701	0.09376	0.01654	0.00772	0.00568	0.00160	0.00470	0.00643	0.00589	0.25046
68	0.01227	0.09478	0.67914	0.01683	0.04515	0.01456	0.02075	0.01863	0.01247	0.01834	0.01043	0.01229	0.00755	0.00556	0.00547	0.00182	0.00849	0.00429	0.00251	0.00866
69	0.01431	0.01778	0.17355	0.02120	0.02736	0.01369	0.49464	0.01932	0.01407	0.08172	0.05217	0.01713	0.01166	0.00569	0.00663	0.00195	0.00893	0.00658	0.00345	0.00817
70	0.01378	0.01560	0.03378	0.07387	0.03155	0.01484	0.68717	0.01869	0.01382	0.01869	0.01187	0.01594	0.00890	0.00505	0.00691	0.00199	0.00983	0.00687	0.00297	0.00788
71	0.01824	0.49232	0.04849	0.01172	0.01646	0.15781	0.01079	0.10921	0.01513	0.05688	0.01002	0.01095	0.00828	0.00564	0.00451	0.00142	0.00715	0.00374	0.00330	0.00793
72	0.01568	0.01459	0.04891	0.06757	0.02431	0.01430	0.32915	0.09709	0.19383	0.08471	0.03671	0.01827	0.01297	0.00643	0.00643	0.00195	0.00752	0.00655	0.00446	0.00857
73	0.00922	0.00590	0.00717	0.00721	0.00773	0.00571	0.00458	0.00998	0.01076	0.05302	0.12656	0.18795	0.02946	0.47333	0.03267	0.00437	0.00498	0.01037	0.00457	0.00448
74	0.01262	0.01061	0.01234	0.00895	0.01399	0.00833	0.00716	0.05317	0.01331	0.02045	0.04742	0.01395	0.01116	0.00491	0.00459	0.00097	0.00441	0.00396	0.00378	0.74392
75	0.00721	0.00515	0.00686	0.00823	0.00858	0.00480	0.00549	0.00823	0.01132	0.01510	0.03259	0.78831	0.03911	0.01853	0.00755	0.00240	0.00343	0.01681	0.00549	0.00480
76	0.01629	0.05950	0.13295	0.01951	0.02536	0.01583	0.37753	0.18937	0.01696	0.05419	0.01250	0.01481	0.00916	0.00578	0.00656	0.00189	0.02348	0.00593	0.00377	0.00862
77	0.01367	0.01276	0.02060	0.02853	0.52037	0.01296	0.04184	0.01888	0.11807	0.01995	0.05350	0.08266	0.01553	0.00713	0.00612	0.00186	0.00627	0.00679	0.00378	0.00873
78	0.00797	0.00579	0.00751	0.00758	0.00872	0.00533	0.00550	0.01020	0.01505	0.02089	0.51390	0.25303	0.08834	0.01404	0.00714	0.00202	0.00298	0.01250	0.00617	0.00533
79	0.00855	0.00621	0.00779	0.00853	0.00938	0.00600	0.00593	0.06987	0.01313	0.01749	0.07193	0.64308	0.07567	0.01702	0.00735	0.00230	0.00363	0.01527	0.00558	0.00530
80	0.01526	0.01835	0.12853	0.03064	0.55014	0.11712	0.01776	0.01898	0.01378	0.01857	0.01078	0.01379	0.00886	0.00543	0.00575	0.00174	0.00777	0.00494	0.00288	0.00893
81	0.00830	0.00604	0.00780	0.00736	0.00879	0.00555	0.00552	0.01102	0.01657	0.02330	0.71520	0.04485	0.09301	0.01224	0.00698	0.00187	0.00280	0.01079	0.00646	0.00555
82	0.02132	0.00889	0.01194	0.00962	0.01328	0.00775	0.00776	0.02358	0.01641	0.55269	0.15173	0.06640	0.06348	0.00915	0.00627	0.00187	0.00445	0.00769	0.00698	0.00874
83	0.10572	0.09461	0.06363	0.01126	0.01551	0.15180	0.00972	0.02393	0.04374	0.34403	0.03397	0.01644	0.01244	0.00669	0.00531	0.00171	0.00624	0.00500	0.03982	0.00843
84	0.01407	0.01208	0.01281	0.01168	0.01486	0.01383	0.00913	0.02933	0.67173	0.02395	0.02621	0.02603	0.05523	0.00878	0.00617	0.00204	0.00464	0.04254	0.00596	0.00895
85	0.01186	0.02270	0.50326	0.01490	0.02132	0.01144	0.05443	0.01701	0.01259	0.06606	0.01651	0.18971	0.01523	0.00863	0.00615	0.00200	0.00736	0.00744	0.00352	0.00789
86	0.01125	0.01060	0.01789	0.75939	0.05862	0.01316	0.01647	0.01519	0.01187	0.01522	0.01053	0.01574	0.00792	0.00590	0.00591	0.00197	0.00786	0.00526	0.00264	0.00664
87	0.05559	0.04585	0.49781	0.01547	0.02260	0.07862	0.01784	0.15902	0.01571	0.02226	0.01101	0.01245	0.00795	0.00593	0.00551	0.00181	0.00820	0.00442	0.00327	0.00869
88	0.00845	0.00567	0.00650	0.00665	0.00668	0.00563	0.00379	0.00856	0.00890	0.01186	0.02016	0.12081	0.02343	0.70743	0.02763	0.00537	0.00548	0.00950	0.00379	0.00372
89	0.83394	0.01144	0.00869	0.00778	0.01144	0.01327	0.00640	0.01738	0.01006	0.02653	0.00823	0.00961	0.00640	0.00549	0.00366	0.00183	0.00457	0.00320	0.00366	0.00640
90	0.02209	0.02819	0.01676	0.01524	0.01828	0.76843	0.01143	0.02361	0.01676	0.01447	0.00914	0.01066	0.00762	0.00609	0.00533	0.00152	0.01066	0.00381	0.00305	0.00686
91	0.00908	0.00733	0.01138	0.18441	0.01740	0.00874	0.00944	0.01153	0.01012	0.01412	0.01537	0.06130	0.01437	0.03370	0.54306	0.00731	0.02600	0.00662	0.00316	0.00557

[dist]
# distance from previous block
# <min> <max>
0	1

[block]
# block no. 3 follows, 39 sequences, length 15
# corresponding to MSA columns:
# 230-244
name=unknown_D
#
# <colnr> <probs for GDERKNQSTAVLIFYWHMCP>
#	G	D	E	R	K	N	Q	S	T	A	V	L	I	F	Y	W	H	M	C	P
0	0.00860	0.00573	0.00645	0.00645	0.00645	0.00573	0.00358	0.00860	0.00860	0.01147	0.01863	0.03870	0.02150	0.79217	0.03010	0.00573	0.00573	0.00860	0.00358	0.00358
1	0.01362	0.01424	0.01916	0.50207	0.12489	0.14064	0.04887	0.01707	0.01289	0.01568	0.01035	0.01470	0.00807	0.00594	0.00621	0.00189	0.02883	0.00509	0.00275	0.00703
2	0.01389	0.01537	0.03240	0.07084	0.13052	0.01472	0.59369	0.01861	0.01377	0.01877	0.01176	0.01576	0.00896	0.00508	0.00676	0.00196	0.00944	0.00664	0.00296	0.00808
3	0.11817	0.02120	0.01815	0.01709	0.09754	0.38730	0.06606	0.13362	0.01678	0.02036	0.01019	0.01202	0.00815	0.00620	0.00604	0.00171	0.04379	0.00443	0.00353	0.00764
4	0.01106	0.01033	0.01714	0.67822	0.03707	0.01298	0.01555	0.01472	0.01150	0.01496	0.01076	0.01617	0.00840	0.00905	0.06418	0.00257	0.05086	0.00533	0.00267	0.00647
5	0.00910	0.00652	0.00805	0.00787	0.00812	0.00705	0.00513	0.00957	0.00898	0.01237	0.01752	0.03391	0.01933	0.57750	0.18792	0.00636	0.05896	0.00795	0.00351	0.00427
6	0.01150	0.12284	0.11555	0.01055	0.01336	0.01090	0.00970	0.01415	0.01119	0.05022	0.01553	0.06123	0.01399	0.02429	0.34950	0.00527	0.04761	0.00609	0.10005	0.00649
7	0.07846	0.59975	0.02706	0.01089	0.01548	0.07076	0.01021	0.06526	0.01324	0.01668	0.00890	0.01036	0.00790	0.00567	0.00478	0.00146	0.03899	0.00352	0.00296	0.00768
8	0.02671	0.01023	0.01388	0.01068	0.01526	0.00883	0.00879	0.02893	0.01705	0.75680	0.02352	0.02042	0.01484	0.00747	0.00605	0.00187	0.00511	0.00602	0.00738	0.01017
9	0.01444	0.01377	0.02336	0.12551	0.66676	0.01406	0.01800	0.01793	0.01341	0.01902	0.01128	0.01509	0.00941	0.00550	0.00596	0.00183	0.00720	0.00534	0.00297	0.00914
10	0.01237	0.28942	0.14012	0.01019	0.01420	0.01346	0.01006	0.01543	0.01451	0.04209	0.34274	0.02619	0.02962	0.00853	0.00569	0.00169	0.00517	0.00690	0.00454	0.00707
11	0.01163	0.01090	0.01828	0.72739	0.08688	0.01332	0.01660	0.01546	0.01208	0.01560	0.01079	0.01601	0.00820	0.00603	0.00601	0.00200	0.00790	0.00533	0.00273	0.00687
12	0.00870	0.00651	0.00967	0.00966	0.01074	0.00753	0.00749	0.01074	0.00966	0.01396	0.01605	0.02352	0.01498	0.04436	0.76597	0.00952	0.01588	0.00641	0.00325	0.00541
13	0.01486	0.01420	0.02412	0.03636	0.75266	0.01417	0.01821	0.01830	0.01361	0.01953	0.01136	0.01495	0.00959	0.00543	0.00595	0.00180	0.00710	0.00534	0.00301	0.00948
14	0.01225	0.01219	0.02275	0.47460	0.05718	0.01343	0.23439	0.01634	0.01278	0.01679	0.01255	0.01939	0.01017	0.00644	0.00648	0.00206	0.00840	0.05166	0.00301	0.00713

[dist]
# distance from previous block
# <min> <max>
0	302

# created by:
# /software/SequenceAnalysis/GenePrediction/augustus/3.0.1/scripts/msa2prfl.pl ./fixed/BUSCOvEOG75B2W3.fas
