[name]
unknown

[dist]
# distance from previous block
# <min> <max>
1	410

[block]
# block no. 0 follows, 41 sequences, length 9
# corresponding to MSA columns:
# 430-438
name=unknown_A
#
# <colnr> <probs for GDERKNQSTAVLIFYWHMCP>
#	G	D	E	R	K	N	Q	S	T	A	V	L	I	F	Y	W	H	M	C	P
0	0.00697	0.00498	0.00664	0.00796	0.00830	0.00465	0.00531	0.00796	0.01095	0.01460	0.03153	0.79525	0.03783	0.01792	0.00730	0.00232	0.00332	0.01626	0.00531	0.00465
1	0.00681	0.00559	0.00601	0.00634	0.00787	0.00478	0.00459	0.00815	0.01252	0.01524	0.05133	0.24026	0.58003	0.01535	0.00690	0.00203	0.00300	0.01312	0.00531	0.00478
2	0.00697	0.00498	0.00664	0.00796	0.00830	0.00465	0.00531	0.00796	0.01095	0.01460	0.03153	0.79525	0.03783	0.01792	0.00730	0.00232	0.00332	0.01626	0.00531	0.00465
3	0.01186	0.01017	0.01186	0.00847	0.01356	0.00762	0.00678	0.01440	0.01186	0.01864	0.01017	0.01186	0.00847	0.00424	0.00424	0.00085	0.00424	0.00339	0.00339	0.83395
4	0.00817	0.00613	0.00919	0.00919	0.01021	0.00715	0.00715	0.01021	0.00919	0.01328	0.01532	0.02247	0.01430	0.04290	0.77631	0.00919	0.01532	0.00613	0.00306	0.00511
5	0.01147	0.02959	0.76934	0.01630	0.02476	0.01328	0.02113	0.01811	0.01208	0.01811	0.01026	0.01208	0.00725	0.00543	0.00543	0.00181	0.00845	0.00423	0.00242	0.00845
6	0.01080	0.01017	0.01716	0.78523	0.03940	0.01271	0.01589	0.01461	0.01144	0.01461	0.01017	0.01525	0.00762	0.00572	0.00572	0.00191	0.00762	0.00508	0.00254	0.00635
7	0.01009	0.00848	0.00896	0.00841	0.00865	0.07004	0.00561	0.01042	0.00903	0.01178	0.01550	0.03102	0.01746	0.60123	0.02542	0.00470	0.13837	0.00738	0.00326	0.00419
8	0.00729	0.00599	0.00645	0.00652	0.00823	0.00531	0.00482	0.00950	0.04754	0.01657	0.13190	0.15384	0.54725	0.01433	0.00679	0.00197	0.00301	0.01219	0.00545	0.00506

[dist]
# distance from previous block
# <min> <max>
12	15

[block]
# block no. 1 follows, 41 sequences, length 10
# corresponding to MSA columns:
# 454-463
name=unknown_B
#
# <colnr> <probs for GDERKNQSTAVLIFYWHMCP>
#	G	D	E	R	K	N	Q	S	T	A	V	L	I	F	Y	W	H	M	C	P
0	0.01329	0.01476	0.03071	0.02210	0.02745	0.01404	0.62857	0.01767	0.01305	0.01806	0.01118	0.01492	0.00858	0.00510	0.00730	0.00187	0.05929	0.00633	0.00291	0.08283
1	0.01193	0.12234	0.68061	0.01552	0.02355	0.01441	0.01977	0.01800	0.01202	0.01756	0.00999	0.01173	0.00726	0.00537	0.00522	0.00174	0.00817	0.00409	0.00242	0.00832
2	0.24562	0.02002	0.01351	0.01198	0.01523	0.42174	0.00926	0.11022	0.01556	0.02005	0.01237	0.01334	0.05585	0.00641	0.00489	0.00161	0.00771	0.00425	0.00361	0.00678
3	0.17079	0.01601	0.01477	0.01194	0.01591	0.12892	0.00966	0.43594	0.02117	0.06149	0.04991	0.01412	0.01115	0.00669	0.00529	0.00170	0.00631	0.00484	0.00500	0.00840
4	0.01798	0.01334	0.01760	0.01503	0.09016	0.01346	0.09104	0.33490	0.03673	0.11372	0.06429	0.01648	0.01304	0.00645	0.00568	0.00163	0.00596	0.00551	0.00498	0.13201
5	0.01333	0.09462	0.15736	0.02140	0.02754	0.01506	0.54944	0.01817	0.01308	0.01781	0.01100	0.01425	0.00831	0.00493	0.00623	0.00184	0.00910	0.00596	0.00277	0.00780
6	0.01244	0.07663	0.52171	0.02088	0.22063	0.01399	0.01943	0.01790	0.01230	0.01796	0.01024	0.01244	0.00773	0.00531	0.00538	0.00174	0.00786	0.00438	0.00253	0.00854
7	0.14588	0.01621	0.01363	0.01152	0.01497	0.25791	0.00910	0.12596	0.01663	0.22022	0.08143	0.01609	0.01358	0.00689	0.00562	0.00169	0.02515	0.00499	0.00483	0.00772
8	0.01472	0.11525	0.42974	0.01370	0.02024	0.01409	0.01569	0.14066	0.01500	0.09351	0.01499	0.01563	0.05920	0.00638	0.00539	0.00173	0.00709	0.00492	0.00363	0.00842
9	0.15775	0.01764	0.01327	0.01175	0.01496	0.34018	0.00924	0.09927	0.01582	0.11921	0.01632	0.01969	0.06150	0.00754	0.00538	0.00173	0.00720	0.07022	0.00427	0.00706

[dist]
# distance from previous block
# <min> <max>
0	3

[block]
# block no. 2 follows, 41 sequences, length 13
# corresponding to MSA columns:
# 467-479
name=unknown_C
#
# <colnr> <probs for GDERKNQSTAVLIFYWHMCP>
#	G	D	E	R	K	N	Q	S	T	A	V	L	I	F	Y	W	H	M	C	P
0	0.01384	0.01327	0.02265	0.10549	0.69537	0.01351	0.01740	0.01728	0.01288	0.01830	0.01070	0.01426	0.00893	0.00515	0.00567	0.00172	0.00687	0.00510	0.00280	0.00881
1	0.01786	0.01057	0.01242	0.01048	0.01396	0.01093	0.00833	0.05541	0.34506	0.30029	0.10324	0.02380	0.04541	0.00813	0.00592	0.00185	0.00447	0.00676	0.00632	0.00879
2	0.01416	0.01359	0.02322	0.03511	0.76330	0.01359	0.01755	0.01755	0.01302	0.01869	0.01076	0.01416	0.00906	0.00510	0.00566	0.00170	0.00680	0.00510	0.00283	0.00906
3	0.19584	0.00714	0.00797	0.00766	0.00954	0.00720	0.00599	0.01238	0.01397	0.03984	0.42196	0.08091	0.07312	0.01106	0.00615	0.00191	0.00345	0.08282	0.00548	0.00560
4	0.01723	0.01253	0.01389	0.01142	0.01482	0.01358	0.00932	0.49301	0.02236	0.03031	0.10894	0.07601	0.01972	0.00913	0.00610	0.00184	0.00537	0.08088	0.04536	0.00818
5	0.72432	0.01092	0.00894	0.00772	0.01145	0.01213	0.00634	0.01697	0.01020	0.05191	0.00872	0.00993	0.00672	0.00526	0.00369	0.00167	0.00442	0.00322	0.00365	0.09182
6	0.04852	0.01131	0.01230	0.01049	0.01402	0.04511	0.00832	0.02635	0.34817	0.29305	0.02539	0.02320	0.09218	0.00803	0.00578	0.00185	0.00474	0.00654	0.00601	0.00865
7	0.01416	0.01359	0.02322	0.03511	0.76330	0.01359	0.01755	0.01755	0.01302	0.01869	0.01076	0.01416	0.00906	0.00510	0.00566	0.00170	0.00680	0.00510	0.00283	0.00906
8	0.01176	0.01114	0.01888	0.57139	0.24576	0.01296	0.01636	0.01545	0.01189	0.01578	0.01034	0.01494	0.00803	0.00554	0.00570	0.00185	0.00739	0.00509	0.00262	0.00713
9	0.00945	0.00795	0.00811	0.00747	0.00967	0.03751	0.00558	0.07856	0.01388	0.01752	0.06422	0.13786	0.41956	0.06260	0.00783	0.00206	0.00387	0.01043	0.00497	0.09090
10	0.01416	0.01359	0.02322	0.03511	0.76330	0.01359	0.01755	0.01755	0.01302	0.01869	0.01076	0.01416	0.00906	0.00510	0.00566	0.00170	0.00680	0.00510	0.00283	0.00906
11	0.19458	0.09649	0.01760	0.01320	0.01569	0.13045	0.05541	0.08309	0.01233	0.01867	0.00867	0.01143	0.00746	0.00724	0.00993	0.00195	0.30158	0.00431	0.00311	0.00682
12	0.01210	0.02394	0.55314	0.01428	0.02116	0.01227	0.01715	0.08503	0.01337	0.01979	0.01256	0.06601	0.01010	0.00642	0.00543	0.00175	0.00728	0.00515	0.05566	0.05741

[dist]
# distance from previous block
# <min> <max>
23	45

[block]
# block no. 3 follows, 41 sequences, length 12
# corresponding to MSA columns:
# 530-541
name=unknown_D
#
# <colnr> <probs for GDERKNQSTAVLIFYWHMCP>
#	G	D	E	R	K	N	Q	S	T	A	V	L	I	F	Y	W	H	M	C	P
0	0.01902	0.07094	0.01426	0.01032	0.01430	0.01108	0.00856	0.15408	0.05728	0.32341	0.04024	0.02073	0.03559	0.00966	0.05617	0.00215	0.00572	0.03739	0.00557	0.10352
1	0.08408	0.06512	0.08835	0.01289	0.07312	0.01250	0.01047	0.05923	0.20758	0.25891	0.01744	0.01666	0.01236	0.00650	0.00534	0.00173	0.00536	0.00520	0.00512	0.05205
2	0.01221	0.23040	0.37086	0.01407	0.02018	0.01470	0.09865	0.01675	0.01275	0.01764	0.12475	0.01639	0.01460	0.00618	0.00532	0.00167	0.00709	0.00514	0.00307	0.00760
3	0.03016	0.01035	0.01346	0.01576	0.18491	0.01103	0.01008	0.03132	0.28978	0.02136	0.14946	0.06063	0.04424	0.00931	0.00623	0.00195	0.00475	0.09252	0.00506	0.00763
4	0.01357	0.10857	0.22353	0.02717	0.47971	0.01455	0.01762	0.01765	0.01261	0.01793	0.01030	0.01303	0.00838	0.00516	0.00537	0.00167	0.00716	0.00463	0.00268	0.00870
5	0.03877	0.07661	0.16424	0.12811	0.31076	0.01391	0.07438	0.01778	0.05528	0.01805	0.01184	0.01588	0.00969	0.00579	0.00559	0.00178	0.00714	0.03331	0.00298	0.00809
6	0.01633	0.18759	0.02273	0.02044	0.27166	0.07418	0.06565	0.17134	0.01583	0.02083	0.01064	0.01259	0.00862	0.00540	0.00517	0.00153	0.00681	0.00454	0.00342	0.07470
7	0.10664	0.01056	0.01132	0.00997	0.01245	0.07098	0.00801	0.01522	0.04545	0.05556	0.14026	0.04826	0.05887	0.00920	0.00767	0.00182	0.12476	0.09176	0.00438	0.16685
8	0.01334	0.14339	0.51352	0.01578	0.02285	0.10248	0.07614	0.01853	0.01260	0.01696	0.00986	0.01171	0.00739	0.00536	0.00525	0.00169	0.00841	0.00419	0.00252	0.00802
9	0.38309	0.04574	0.01166	0.04055	0.05644	0.01186	0.00778	0.09871	0.01283	0.02301	0.03565	0.06671	0.06868	0.00705	0.00468	0.00168	0.00472	0.00532	0.00397	0.10987
10	0.01257	0.00938	0.01158	0.00964	0.01249	0.00930	0.00758	0.11164	0.01303	0.06761	0.01577	0.07008	0.03435	0.07215	0.18793	0.00357	0.07015	0.00600	0.00399	0.27117
11	0.01344	0.01282	0.06439	0.01693	0.05917	0.01131	0.30293	0.01789	0.07006	0.10352	0.01922	0.10841	0.07060	0.00769	0.00662	0.00187	0.02769	0.00757	0.00406	0.07382

[dist]
# distance from previous block
# <min> <max>
10	18

[block]
# block no. 4 follows, 41 sequences, length 7
# corresponding to MSA columns:
# 561-567
name=unknown_E
#
# <colnr> <probs for GDERKNQSTAVLIFYWHMCP>
#	G	D	E	R	K	N	Q	S	T	A	V	L	I	F	Y	W	H	M	C	P
0	0.01358	0.01520	0.18253	0.01630	0.16228	0.01170	0.01266	0.02097	0.22678	0.08688	0.01919	0.05983	0.05790	0.00728	0.00569	0.00177	0.00569	0.00621	0.00431	0.08324
1	0.01505	0.49103	0.25765	0.01184	0.01780	0.01845	0.01318	0.01841	0.01219	0.08320	0.00999	0.01101	0.00793	0.00526	0.00441	0.00146	0.00673	0.00366	0.00286	0.00790
2	0.01221	0.01675	0.19080	0.11026	0.02466	0.03922	0.26930	0.01726	0.06062	0.01743	0.01498	0.05792	0.04988	0.00679	0.00686	0.00190	0.05442	0.00641	0.00319	0.03914
3	0.37729	0.15083	0.13247	0.00955	0.01391	0.01392	0.00932	0.07818	0.01240	0.02228	0.03337	0.01460	0.05771	0.00623	0.00437	0.00167	0.00528	0.00434	0.04541	0.00690
4	0.01946	0.01171	0.01488	0.01191	0.01571	0.01190	0.05851	0.26266	0.09138	0.28145	0.02037	0.13973	0.01637	0.00863	0.00606	0.00187	0.00539	0.00735	0.00594	0.00873
5	0.05956	0.06485	0.01683	0.01482	0.08351	0.27615	0.01090	0.14185	0.01544	0.01910	0.01210	0.01386	0.04610	0.00691	0.00741	0.00169	0.13757	0.00462	0.00349	0.06327
6	0.05893	0.01322	0.01498	0.01249	0.03343	0.05567	0.05674	0.38331	0.01999	0.02738	0.11638	0.05358	0.01746	0.04458	0.04748	0.00231	0.00640	0.00646	0.02141	0.00780

[dist]
# distance from previous block
# <min> <max>
9	17

[block]
# block no. 5 follows, 41 sequences, length 7
# corresponding to MSA columns:
# 585-591
name=unknown_F
#
# <colnr> <probs for GDERKNQSTAVLIFYWHMCP>
#	G	D	E	R	K	N	Q	S	T	A	V	L	I	F	Y	W	H	M	C	P
0	0.01416	0.07010	0.01733	0.08388	0.01879	0.01128	0.10822	0.09496	0.01393	0.06616	0.01135	0.01314	0.00883	0.00496	0.00493	0.00127	0.00569	0.00432	0.00365	0.44307
1	0.14587	0.10085	0.01673	0.01149	0.01599	0.01657	0.00965	0.48452	0.02118	0.03035	0.01188	0.01238	0.00881	0.00617	0.00502	0.00159	0.00579	0.00444	0.00481	0.08593
2	0.10504	0.00971	0.01145	0.00972	0.01296	0.00964	0.00767	0.10092	0.10112	0.30047	0.06616	0.17163	0.02006	0.00925	0.00583	0.00186	0.00448	0.00774	0.00588	0.03842
3	0.01401	0.01033	0.01191	0.00915	0.01331	0.00905	0.00724	0.14817	0.01488	0.08605	0.01719	0.06885	0.06735	0.04228	0.00615	0.00148	0.00457	0.00563	0.00441	0.45799
4	0.01106	0.00798	0.01067	0.00945	0.01165	0.00771	0.07007	0.09341	0.02854	0.04475	0.09490	0.25091	0.09058	0.01117	0.00613	0.00185	0.00417	0.03399	0.15771	0.05329
5	0.01570	0.00857	0.01072	0.00911	0.01196	0.00787	0.00698	0.08178	0.03341	0.27452	0.08766	0.20263	0.02281	0.08364	0.00819	0.00213	0.00441	0.00851	0.00563	0.11375
6	0.01304	0.01075	0.01547	0.01817	0.28666	0.00951	0.01063	0.01581	0.01292	0.06843	0.07882	0.05415	0.01453	0.00607	0.00523	0.00138	0.00503	0.00541	0.00378	0.36420

[dist]
# distance from previous block
# <min> <max>
30	59

[block]
# block no. 6 follows, 41 sequences, length 12
# corresponding to MSA columns:
# 657-668
name=unknown_G
#
# <colnr> <probs for GDERKNQSTAVLIFYWHMCP>
#	G	D	E	R	K	N	Q	S	T	A	V	L	I	F	Y	W	H	M	C	P
0	0.01758	0.01660	0.01807	0.07797	0.16442	0.16688	0.01276	0.26451	0.01752	0.02254	0.01080	0.01301	0.00857	0.00668	0.00768	0.00178	0.13429	0.00477	0.00377	0.02979
1	0.08976	0.22969	0.29549	0.01187	0.01790	0.01432	0.01305	0.01866	0.01233	0.12532	0.01119	0.01208	0.00833	0.00536	0.00468	0.00152	0.00640	0.00392	0.00332	0.11481
2	0.02735	0.00776	0.00955	0.00871	0.01143	0.00701	0.00707	0.01616	0.04962	0.22248	0.05202	0.07406	0.23671	0.01156	0.00647	0.00197	0.00419	0.16926	0.00565	0.07097
3	0.16869	0.04867	0.33011	0.01624	0.15137	0.01217	0.01447	0.01620	0.01202	0.01955	0.07403	0.08546	0.01403	0.00698	0.00533	0.00181	0.00636	0.00572	0.00329	0.00749
4	0.01319	0.24100	0.21855	0.07721	0.01949	0.01686	0.01367	0.01892	0.14412	0.01672	0.01141	0.01326	0.00919	0.00659	0.00756	0.00181	0.15520	0.00452	0.00306	0.00765
5	0.03446	0.27019	0.10072	0.01082	0.01466	0.15061	0.00999	0.01731	0.01349	0.07873	0.15317	0.01814	0.01736	0.01007	0.07504	0.00222	0.00717	0.00519	0.00373	0.00693
6	0.08613	0.01517	0.01922	0.02403	0.39862	0.14930	0.03970	0.02043	0.01398	0.16062	0.01246	0.01412	0.00947	0.00562	0.00545	0.00169	0.00697	0.00486	0.00372	0.00847
7	0.00792	0.00950	0.14354	0.00936	0.01128	0.00629	0.00816	0.01015	0.01183	0.01630	0.12143	0.55803	0.03442	0.01488	0.00689	0.00216	0.00416	0.01334	0.00492	0.00543
8	0.01357	0.01323	0.01264	0.00960	0.01430	0.14542	0.00754	0.01592	0.01264	0.01781	0.00993	0.01158	0.00827	0.00453	0.00440	0.00096	0.00533	0.00344	0.00331	0.68559
9	0.01863	0.05653	0.23593	0.01256	0.01792	0.14803	0.01247	0.02203	0.01444	0.29345	0.02974	0.01495	0.01089	0.00612	0.00534	0.00162	0.00685	0.00468	0.00440	0.08343
10	0.01092	0.00870	0.01057	0.00981	0.01235	0.00854	0.00817	0.07927	0.05036	0.01899	0.02774	0.04174	0.15388	0.01155	0.00728	0.00200	0.05225	0.29936	0.00478	0.18173
11	0.02057	0.01079	0.01639	0.01238	0.01660	0.00986	0.13961	0.07902	0.01556	0.45549	0.01881	0.01995	0.01330	0.09539	0.00848	0.00217	0.00588	0.00606	0.00564	0.04805

[dist]
# distance from previous block
# <min> <max>
5	8

[block]
# block no. 7 follows, 41 sequences, length 6
# corresponding to MSA columns:
# 677-682
name=unknown_H
#
# <colnr> <probs for GDERKNQSTAVLIFYWHMCP>
#	G	D	E	R	K	N	Q	S	T	A	V	L	I	F	Y	W	H	M	C	P
0	0.09422	0.01290	0.01782	0.02240	0.38491	0.01328	0.01278	0.19008	0.01583	0.02373	0.01188	0.01406	0.00941	0.00561	0.00521	0.00161	0.00587	0.00480	0.07936	0.07424
1	0.01086	0.00860	0.01391	0.13758	0.01788	0.00837	0.13641	0.01370	0.01386	0.08940	0.20242	0.05819	0.20685	0.01017	0.00657	0.00193	0.00513	0.04714	0.00483	0.00620
2	0.01343	0.40907	0.27934	0.01180	0.01794	0.01699	0.01317	0.01702	0.01182	0.01589	0.00910	0.01060	0.00749	0.00497	0.00436	0.00136	0.00661	0.00351	0.00259	0.14295
3	0.15864	0.01366	0.01928	0.01812	0.14052	0.08219	0.20578	0.07130	0.01387	0.02040	0.01392	0.02196	0.01250	0.00709	0.00586	0.00187	0.00702	0.13098	0.00365	0.05138
4	0.01086	0.01308	0.13803	0.01649	0.14547	0.01202	0.01250	0.01328	0.01075	0.01561	0.01622	0.26324	0.01744	0.01093	0.01062	0.00219	0.27273	0.00850	0.00344	0.00659
5	0.69616	0.01390	0.00977	0.00878	0.01222	0.14646	0.00704	0.01787	0.01087	0.02362	0.00812	0.00947	0.00640	0.00541	0.00382	0.00172	0.00546	0.00320	0.00344	0.00627

[dist]
# distance from previous block
# <min> <max>
4	13

[block]
# block no. 8 follows, 41 sequences, length 6
# corresponding to MSA columns:
# 696-701
name=unknown_I
#
# <colnr> <probs for GDERKNQSTAVLIFYWHMCP>
#	G	D	E	R	K	N	Q	S	T	A	V	L	I	F	Y	W	H	M	C	P
0	0.01029	0.00960	0.01418	0.01275	0.01331	0.01196	0.06229	0.01169	0.01001	0.01444	0.01776	0.33732	0.02017	0.01292	0.01315	0.00239	0.40660	0.00980	0.00369	0.00569
1	0.01621	0.12124	0.01608	0.01122	0.01541	0.27342	0.00898	0.05585	0.05845	0.01757	0.01039	0.01164	0.00855	0.00524	0.00465	0.00122	0.00669	0.00372	0.00338	0.35011
2	0.01965	0.00934	0.01219	0.01050	0.01395	0.00888	0.00872	0.02420	0.13360	0.45727	0.02464	0.03123	0.01946	0.00941	0.00631	0.00202	0.00491	0.18882	0.00642	0.00849
3	0.00769	0.00509	0.00639	0.00738	0.00784	0.00484	0.00493	0.00887	0.01088	0.01538	0.02819	0.59980	0.03250	0.08746	0.00876	0.00246	0.00342	0.01375	0.13973	0.00465
4	0.01405	0.01389	0.02491	0.03335	0.64577	0.01373	0.13373	0.01768	0.01310	0.01863	0.01089	0.01436	0.00900	0.00505	0.00584	0.00174	0.00725	0.00536	0.00284	0.00884
5	0.01321	0.01487	0.03198	0.10537	0.03091	0.01428	0.66495	0.01793	0.01328	0.01793	0.01142	0.01541	0.00857	0.00492	0.00664	0.00193	0.00943	0.00657	0.00286	0.00757

[dist]
# distance from previous block
# <min> <max>
9	18

[block]
# block no. 9 follows, 41 sequences, length 7
# corresponding to MSA columns:
# 723-729
name=unknown_J
#
# <colnr> <probs for GDERKNQSTAVLIFYWHMCP>
#	G	D	E	R	K	N	Q	S	T	A	V	L	I	F	Y	W	H	M	C	P
0	0.01461	0.01395	0.01707	0.01988	0.29886	0.09797	0.01181	0.06016	0.08841	0.01967	0.01177	0.01362	0.00955	0.00526	0.00513	0.00140	0.00604	0.00448	0.00351	0.29685
1	0.01255	0.24746	0.56090	0.01447	0.02192	0.01592	0.01793	0.01784	0.01195	0.01680	0.00961	0.01126	0.00727	0.00528	0.00494	0.00165	0.00779	0.00390	0.00242	0.00814
2	0.01327	0.01291	0.02263	0.21888	0.52212	0.01345	0.07934	0.01690	0.01267	0.01765	0.01068	0.01454	0.00867	0.00523	0.00577	0.00177	0.00724	0.00524	0.00277	0.00828
3	0.01220	0.28162	0.35972	0.06716	0.02009	0.01520	0.01470	0.01647	0.01248	0.01702	0.11853	0.01579	0.01410	0.00618	0.00506	0.00162	0.00678	0.00479	0.00300	0.00749
4	0.01240	0.21801	0.12490	0.00995	0.01360	0.01133	0.00928	0.01473	0.01199	0.10027	0.01911	0.30928	0.01978	0.01010	0.00560	0.00175	0.00506	0.00858	0.00415	0.09013
5	0.01159	0.00974	0.01148	0.00960	0.01307	0.00945	0.00755	0.01803	0.22983	0.01880	0.01538	0.01743	0.01265	0.01538	0.20647	0.00335	0.00722	0.00501	0.00402	0.37396
6	0.51754	0.00940	0.00844	0.00765	0.01062	0.01009	0.00603	0.01448	0.01098	0.02291	0.10875	0.12816	0.01722	0.00785	0.00458	0.00175	0.00402	0.00598	0.00414	0.09941

[dist]
# distance from previous block
# <min> <max>
0	1

[block]
# block no. 10 follows, 41 sequences, length 6
# corresponding to MSA columns:
# 731-736
name=unknown_K
#
# <colnr> <probs for GDERKNQSTAVLIFYWHMCP>
#	G	D	E	R	K	N	Q	S	T	A	V	L	I	F	Y	W	H	M	C	P
0	0.00909	0.00722	0.00948	0.01030	0.06746	0.00651	0.00741	0.01134	0.01313	0.01779	0.14910	0.14021	0.16940	0.01246	0.00665	0.00196	0.00410	0.21119	0.00496	0.14024
1	0.01652	0.01699	0.01867	0.14569	0.23293	0.22258	0.01385	0.12842	0.01520	0.01875	0.01017	0.01301	0.00827	0.00631	0.00722	0.00178	0.10802	0.00471	0.00321	0.00770
2	0.10409	0.24672	0.24756	0.01556	0.12147	0.01671	0.01407	0.13575	0.01423	0.02058	0.00998	0.01149	0.00781	0.00545	0.00480	0.00161	0.00676	0.00404	0.00314	0.00818
3	0.01522	0.33614	0.30572	0.01336	0.01916	0.18901	0.01435	0.01879	0.01283	0.01534	0.00902	0.01053	0.00731	0.00532	0.00467	0.00150	0.00794	0.00364	0.00255	0.00760
4	0.01508	0.01298	0.01438	0.01161	0.01464	0.06633	0.00940	0.23728	0.01676	0.02323	0.13261	0.01749	0.01596	0.00767	0.00844	0.00168	0.18191	0.00544	0.00434	0.20275
5	0.24420	0.01305	0.01243	0.01086	0.01364	0.09575	0.00869	0.05538	0.19924	0.07912	0.01405	0.01487	0.01080	0.00707	0.00708	0.00186	0.13265	0.00479	0.06712	0.00735

[dist]
# distance from previous block
# <min> <max>
0	4

[block]
# block no. 11 follows, 41 sequences, length 24
# corresponding to MSA columns:
# 741-764
name=unknown_L
#
# <colnr> <probs for GDERKNQSTAVLIFYWHMCP>
#	G	D	E	R	K	N	Q	S	T	A	V	L	I	F	Y	W	H	M	C	P
0	0.01475	0.01422	0.01903	0.01532	0.01929	0.06139	0.21127	0.05370	0.47630	0.02223	0.01880	0.01874	0.01413	0.00680	0.00603	0.00190	0.00636	0.00632	0.00483	0.00856
1	0.01185	0.01008	0.01158	0.00901	0.01332	0.00857	0.00706	0.01675	0.14804	0.01924	0.01453	0.08534	0.01281	0.00614	0.00481	0.00118	0.00421	0.00513	0.00401	0.60634
2	0.01116	0.00658	0.00853	0.00881	0.01019	0.00629	0.00637	0.01383	0.07998	0.15394	0.02908	0.55400	0.03143	0.01492	0.00690	0.00220	0.00379	0.04033	0.00568	0.00601
3	0.01098	0.00605	0.00802	0.00831	0.00962	0.00547	0.00592	0.01227	0.01224	0.17681	0.03118	0.58371	0.07611	0.01538	0.00693	0.00218	0.00363	0.01375	0.00569	0.00575
4	0.00817	0.00613	0.00919	0.00919	0.01021	0.00715	0.00715	0.01021	0.00919	0.01328	0.01532	0.02247	0.01430	0.04290	0.77631	0.00919	0.01532	0.00613	0.00306	0.00511
5	0.01808	0.01272	0.01358	0.01072	0.01443	0.01370	0.00873	0.49792	0.02186	0.03092	0.01487	0.01571	0.01101	0.00665	0.00516	0.00156	0.00517	0.00509	0.23281	0.05933
6	0.01256	0.01147	0.01851	0.54646	0.19961	0.01337	0.01580	0.08208	0.01321	0.01749	0.01063	0.01487	0.00814	0.00568	0.00571	0.00184	0.00732	0.00509	0.00290	0.00727
7	0.61500	0.01111	0.01001	0.00845	0.01225	0.01223	0.00697	0.06755	0.01226	0.18125	0.01140	0.01171	0.00809	0.00578	0.00415	0.00177	0.00464	0.00379	0.00442	0.00717
8	0.09632	0.02439	0.01561	0.01388	0.01708	0.61220	0.01058	0.11165	0.01694	0.01780	0.00937	0.01064	0.00755	0.00596	0.00508	0.00153	0.00928	0.00381	0.00335	0.00697
9	0.01231	0.01162	0.01789	0.01278	0.01806	0.00951	0.20943	0.01548	0.01231	0.01855	0.01055	0.01284	0.00853	0.00440	0.00493	0.00115	0.00573	0.00431	0.00325	0.60638
10	0.83938	0.01106	0.00841	0.00752	0.01106	0.01283	0.00619	0.01681	0.00973	0.02566	0.00796	0.00929	0.00619	0.00531	0.00354	0.00177	0.00442	0.00310	0.00354	0.00619
11	0.00713	0.00581	0.00630	0.00618	0.00795	0.00499	0.00464	0.00892	0.01391	0.01751	0.25139	0.05165	0.56625	0.01372	0.00676	0.00189	0.00284	0.01160	0.00558	0.00499
12	0.00922	0.00658	0.00922	0.01053	0.01185	0.00658	0.00922	0.01185	0.01317	0.01712	0.03029	0.06452	0.03292	0.01580	0.00790	0.00263	0.00527	0.72480	0.00527	0.00527
13	0.02174	0.01602	0.01717	0.01316	0.01774	0.01774	0.01087	0.74423	0.02689	0.03605	0.01373	0.01373	0.00973	0.00687	0.00572	0.00172	0.00629	0.00515	0.00572	0.00973
14	0.01186	0.01017	0.01186	0.00847	0.01356	0.00762	0.00678	0.01440	0.01186	0.01864	0.01017	0.01186	0.00847	0.00424	0.00424	0.00085	0.00424	0.00339	0.00339	0.83395
15	0.00697	0.00498	0.00664	0.00796	0.00830	0.00465	0.00531	0.00796	0.01095	0.01460	0.03153	0.79525	0.03783	0.01792	0.00730	0.00232	0.00332	0.01626	0.00531	0.00465
16	0.02566	0.00973	0.01327	0.01018	0.01460	0.00841	0.00841	0.02788	0.01637	0.76726	0.02257	0.01947	0.01416	0.00708	0.00575	0.00177	0.00487	0.00575	0.00708	0.00973
17	0.01416	0.01359	0.02322	0.03511	0.76330	0.01359	0.01755	0.01755	0.01302	0.01869	0.01076	0.01416	0.00906	0.00510	0.00566	0.00170	0.00680	0.00510	0.00283	0.00906
18	0.01416	0.01359	0.02322	0.03511	0.76330	0.01359	0.01755	0.01755	0.01302	0.01869	0.01076	0.01416	0.00906	0.00510	0.00566	0.00170	0.00680	0.00510	0.00283	0.00906
19	0.01416	0.01359	0.02322	0.03511	0.76330	0.01359	0.01755	0.01755	0.01302	0.01869	0.01076	0.01416	0.00906	0.00510	0.00566	0.00170	0.00680	0.00510	0.00283	0.00906
20	0.00711	0.00508	0.00680	0.00812	0.00852	0.00477	0.00555	0.00820	0.01109	0.01476	0.03145	0.75020	0.03753	0.01779	0.00734	0.00234	0.00344	0.05995	0.00531	0.00468
21	0.00697	0.00498	0.00664	0.00796	0.00830	0.00465	0.00531	0.00796	0.01095	0.01460	0.03153	0.79525	0.03783	0.01792	0.00730	0.00232	0.00332	0.01626	0.00531	0.00465
22	0.02174	0.01602	0.01717	0.01316	0.01774	0.01774	0.01087	0.74423	0.02689	0.03605	0.01373	0.01373	0.00973	0.00687	0.00572	0.00172	0.00629	0.00515	0.00572	0.00973
23	0.01350	0.01543	0.03375	0.02411	0.02989	0.01446	0.74253	0.01832	0.01350	0.01832	0.01157	0.01543	0.00868	0.00482	0.00675	0.00193	0.00964	0.00675	0.00289	0.00771

[dist]
# distance from previous block
# <min> <max>
1	52

[block]
# block no. 12 follows, 41 sequences, length 19
# corresponding to MSA columns:
# 822-840
name=unknown_M
#
# <colnr> <probs for GDERKNQSTAVLIFYWHMCP>
#	G	D	E	R	K	N	Q	S	T	A	V	L	I	F	Y	W	H	M	C	P
0	0.01409	0.52184	0.24730	0.01183	0.01767	0.01931	0.01309	0.01830	0.06077	0.01553	0.00965	0.01084	0.00798	0.00524	0.00433	0.00144	0.00670	0.00363	0.00266	0.00778
1	0.01357	0.01134	0.01496	0.01260	0.01397	0.01406	0.01035	0.10483	0.01312	0.06534	0.15795	0.01903	0.01742	0.00946	0.01320	0.00213	0.44605	0.00604	0.00398	0.05060
2	0.01289	0.00792	0.01009	0.00976	0.01201	0.00777	0.00807	0.05488	0.07699	0.15817	0.11007	0.08085	0.09907	0.01255	0.00695	0.00219	0.00459	0.31279	0.00579	0.00660
3	0.02101	0.00962	0.01251	0.00970	0.01390	0.00835	0.00789	0.02416	0.06004	0.52586	0.08635	0.02034	0.01693	0.00704	0.00558	0.00162	0.00454	0.00579	0.00629	0.15247
4	0.00771	0.00583	0.00711	0.00679	0.00831	0.00523	0.00509	0.01004	0.01527	0.02076	0.55569	0.04632	0.25992	0.01251	0.00675	0.00184	0.00276	0.01085	0.00601	0.00523
5	0.01852	0.01602	0.01522	0.01356	0.06475	0.16511	0.00989	0.40816	0.02020	0.02561	0.01341	0.01776	0.01140	0.16292	0.01022	0.00242	0.00698	0.00548	0.00454	0.00783
6	0.01080	0.01017	0.01716	0.78523	0.03940	0.01271	0.01589	0.01461	0.01144	0.01461	0.01017	0.01525	0.00762	0.00572	0.00572	0.00191	0.00762	0.00508	0.00254	0.00635
7	0.01186	0.01017	0.01186	0.00847	0.01356	0.00762	0.00678	0.01440	0.01186	0.01864	0.01017	0.01186	0.00847	0.00424	0.00424	0.00085	0.00424	0.00339	0.00339	0.83395
8	0.02174	0.01602	0.01717	0.01316	0.01774	0.01774	0.01087	0.74423	0.02689	0.03605	0.01373	0.01373	0.00973	0.00687	0.00572	0.00172	0.00629	0.00515	0.00572	0.00973
9	0.00810	0.00585	0.00765	0.00720	0.00855	0.00540	0.00540	0.01079	0.01619	0.02294	0.76028	0.04273	0.05397	0.01169	0.00675	0.00180	0.00270	0.01034	0.00630	0.00540
10	0.00676	0.00579	0.00579	0.00579	0.00773	0.00483	0.00435	0.00821	0.01304	0.01545	0.05794	0.05505	0.76098	0.01449	0.00676	0.00193	0.00290	0.01207	0.00531	0.00483
11	0.01350	0.01543	0.03375	0.02411	0.02989	0.01446	0.74253	0.01832	0.01350	0.01832	0.01157	0.01543	0.00868	0.00482	0.00675	0.00193	0.00964	0.00675	0.00289	0.00771
12	0.01251	0.01251	0.01752	0.01502	0.01502	0.01752	0.01251	0.01377	0.00876	0.01377	0.00751	0.01251	0.00751	0.01001	0.01877	0.00250	0.78851	0.00501	0.00250	0.00626
13	0.01337	0.00701	0.00934	0.00809	0.01036	0.00630	0.00630	0.01592	0.01625	0.24637	0.53883	0.03574	0.04202	0.01031	0.00645	0.00179	0.00335	0.00897	0.00653	0.00670
14	0.01350	0.01543	0.03375	0.02411	0.02989	0.01446	0.74253	0.01832	0.01350	0.01832	0.01157	0.01543	0.00868	0.00482	0.00675	0.00193	0.00964	0.00675	0.00289	0.00771
15	0.02174	0.01602	0.01717	0.01316	0.01774	0.01774	0.01087	0.74423	0.02689	0.03605	0.01373	0.01373	0.00973	0.00687	0.00572	0.00172	0.00629	0.00515	0.00572	0.00973
16	0.01120	0.00723	0.00816	0.00742	0.00832	0.00739	0.00478	0.11034	0.01135	0.06016	0.01771	0.03310	0.01888	0.64263	0.02450	0.00479	0.00561	0.00773	0.00399	0.00470
17	0.01308	0.01249	0.02128	0.27527	0.53153	0.01331	0.01702	0.01661	0.01252	0.01738	0.01057	0.01451	0.00860	0.00530	0.00568	0.00177	0.00706	0.00509	0.00274	0.00819
18	0.04104	0.01486	0.01614	0.01244	0.01696	0.04967	0.03554	0.46580	0.06394	0.06963	0.01371	0.01395	0.00996	0.00633	0.00543	0.00158	0.00603	0.00490	0.00513	0.14697

[dist]
# distance from previous block
# <min> <max>
17	70

[block]
# block no. 13 follows, 41 sequences, length 26
# corresponding to MSA columns:
# 922-947
name=unknown_N
#
# <colnr> <probs for GDERKNQSTAVLIFYWHMCP>
#	G	D	E	R	K	N	Q	S	T	A	V	L	I	F	Y	W	H	M	C	P
0	0.01507	0.69952	0.10689	0.01061	0.01582	0.04312	0.01101	0.01739	0.01180	0.01396	0.00822	0.00951	0.00733	0.00498	0.00390	0.00129	0.00648	0.00320	0.00246	0.00744
1	0.00880	0.00550	0.00605	0.00605	0.00633	0.00550	0.00358	0.00936	0.00908	0.01321	0.01815	0.03409	0.01952	0.63473	0.02391	0.00467	0.00495	0.00770	0.17496	0.00385
2	0.00817	0.00613	0.00919	0.00919	0.01021	0.00715	0.00715	0.01021	0.00919	0.01328	0.01532	0.02247	0.01430	0.04290	0.77631	0.00919	0.01532	0.00613	0.00306	0.00511
3	0.02174	0.01602	0.01717	0.01316	0.01774	0.01774	0.01087	0.74423	0.02689	0.03605	0.01373	0.01373	0.00973	0.00687	0.00572	0.00172	0.00629	0.00515	0.00572	0.00973
4	0.02174	0.01602	0.01717	0.01316	0.01774	0.01774	0.01087	0.74423	0.02689	0.03605	0.01373	0.01373	0.00973	0.00687	0.00572	0.00172	0.00629	0.00515	0.00572	0.00973
5	0.01186	0.01017	0.01186	0.00847	0.01356	0.00762	0.00678	0.01440	0.01186	0.01864	0.01017	0.01186	0.00847	0.00424	0.00424	0.00085	0.00424	0.00339	0.00339	0.83395
6	0.01251	0.01251	0.01752	0.01502	0.01502	0.01752	0.01251	0.01377	0.00876	0.01377	0.00751	0.01251	0.00751	0.01001	0.01877	0.00250	0.78851	0.00501	0.00250	0.00626
7	0.00697	0.00498	0.00664	0.00796	0.00830	0.00465	0.00531	0.00796	0.01095	0.01460	0.03153	0.79525	0.03783	0.01792	0.00730	0.00232	0.00332	0.01626	0.00531	0.00465
8	0.01251	0.01251	0.01752	0.01502	0.01502	0.01752	0.01251	0.01377	0.00876	0.01377	0.00751	0.01251	0.00751	0.01001	0.01877	0.00250	0.78851	0.00501	0.00250	0.00626
9	0.02114	0.01794	0.01698	0.05092	0.01878	0.16578	0.01115	0.56777	0.02405	0.03070	0.01260	0.01314	0.00916	0.00662	0.00561	0.00168	0.00714	0.00486	0.00503	0.00896
10	0.00697	0.00498	0.00664	0.00796	0.00830	0.00465	0.00531	0.00796	0.01095	0.01460	0.03153	0.79525	0.03783	0.01792	0.00730	0.00232	0.00332	0.01626	0.00531	0.00465
11	0.00831	0.00608	0.00898	0.00898	0.01001	0.00705	0.00697	0.01039	0.00935	0.01373	0.01551	0.02241	0.01432	0.04087	0.73302	0.00875	0.01461	0.00608	0.04946	0.00512
12	0.01080	0.01017	0.01716	0.78523	0.03940	0.01271	0.01589	0.01461	0.01144	0.01461	0.01017	0.01525	0.00762	0.00572	0.00572	0.00191	0.00762	0.00508	0.00254	0.00635
13	0.01282	0.01342	0.02258	0.01785	0.01966	0.01657	0.24018	0.01519	0.01024	0.01519	0.00878	0.01342	0.00787	0.00839	0.01502	0.00232	0.54561	0.00555	0.00262	0.00671
14	0.01514	0.01208	0.01296	0.01152	0.01485	0.01376	0.00900	0.03019	0.69424	0.08319	0.02322	0.02119	0.01720	0.00771	0.00581	0.00193	0.00455	0.00641	0.00592	0.00911
15	0.01147	0.02959	0.76934	0.01630	0.02476	0.01328	0.02113	0.01811	0.01208	0.01811	0.01026	0.01208	0.00725	0.00543	0.00543	0.00181	0.00845	0.00423	0.00242	0.00845
16	0.01410	0.01412	0.01692	0.04939	0.01645	0.10414	0.01209	0.08202	0.01143	0.01586	0.00873	0.01298	0.00803	0.01064	0.05206	0.00261	0.55407	0.00492	0.00288	0.00657
17	0.01213	0.01103	0.01499	0.01301	0.01329	0.01499	0.01075	0.01367	0.00943	0.01533	0.00982	0.01434	0.00899	0.00932	0.01571	0.00226	0.62560	0.00507	0.17420	0.00607
18	0.00697	0.00498	0.00664	0.00796	0.00830	0.00465	0.00531	0.00796	0.01095	0.01460	0.03153	0.79525	0.03783	0.01792	0.00730	0.00232	0.00332	0.01626	0.00531	0.00465
19	0.01597	0.01511	0.01710	0.01430	0.01601	0.10707	0.01174	0.20723	0.01451	0.01981	0.00938	0.01256	0.00810	0.00852	0.01329	0.00212	0.46701	0.00484	0.00343	0.03188
20	0.01943	0.02248	0.01914	0.01696	0.06093	0.49654	0.11437	0.07379	0.01593	0.04007	0.01003	0.01193	0.00804	0.00608	0.00638	0.00165	0.06135	0.00445	0.00323	0.00722
21	0.01173	0.08102	0.72014	0.01587	0.02409	0.01391	0.02038	0.01805	0.01205	0.01780	0.01011	0.01188	0.00725	0.00540	0.00532	0.00177	0.00830	0.00415	0.00242	0.00838
22	0.01330	0.01483	0.02901	0.18119	0.03086	0.05112	0.53638	0.01765	0.01307	0.01722	0.01104	0.01506	0.00836	0.00520	0.00679	0.00192	0.03064	0.00621	0.00281	0.00734
23	0.01376	0.01065	0.01183	0.01068	0.01363	0.01158	0.00854	0.10738	0.38453	0.06061	0.06224	0.03157	0.09821	0.00972	0.00624	0.00198	0.00460	0.12101	0.00570	0.02552
24	0.01995	0.01290	0.01455	0.01137	0.01544	0.01345	0.00927	0.45181	0.02187	0.17413	0.05261	0.05428	0.01424	0.00749	0.00568	0.00168	0.00540	0.00595	0.04317	0.06477
25	0.18523	0.01307	0.02015	0.02939	0.60736	0.01343	0.01520	0.01740	0.01234	0.02013	0.01018	0.01315	0.00847	0.00514	0.00522	0.00171	0.00630	0.00468	0.00298	0.00847

[dist]
# distance from previous block
# <min> <max>
4	10

[block]
# block no. 14 follows, 41 sequences, length 6
# corresponding to MSA columns:
# 958-963
name=unknown_O
#
# <colnr> <probs for GDERKNQSTAVLIFYWHMCP>
#	G	D	E	R	K	N	Q	S	T	A	V	L	I	F	Y	W	H	M	C	P
0	0.00993	0.00753	0.00956	0.00905	0.01050	0.00836	0.00683	0.05917	0.12082	0.01725	0.11845	0.02694	0.02094	0.15357	0.38825	0.00605	0.00986	0.00705	0.00414	0.00575
1	0.06867	0.01060	0.01770	0.67810	0.03676	0.01284	0.06580	0.01503	0.01146	0.01564	0.01011	0.01485	0.00760	0.00563	0.00564	0.00190	0.00754	0.00506	0.00264	0.00644
2	0.01285	0.30821	0.50279	0.01395	0.02112	0.01665	0.01704	0.01776	0.01191	0.01644	0.00943	0.01103	0.00728	0.00524	0.00480	0.00160	0.00761	0.00381	0.00243	0.00805
3	0.07412	0.01357	0.01551	0.10550	0.01882	0.01527	0.01066	0.43088	0.06154	0.04978	0.01403	0.05336	0.01101	0.00735	0.00649	0.00181	0.05931	0.00557	0.00490	0.04052
4	0.01186	0.07699	0.66949	0.01646	0.02450	0.01396	0.07291	0.01807	0.01215	0.01784	0.01021	0.01214	0.00736	0.00536	0.00542	0.00178	0.00839	0.00434	0.00245	0.00833
5	0.23107	0.02175	0.01391	0.01260	0.01573	0.51143	0.00962	0.02197	0.08064	0.01789	0.00991	0.01104	0.00797	0.00591	0.00480	0.00159	0.00828	0.00378	0.00336	0.00674

[dist]
# distance from previous block
# <min> <max>
6	15

[block]
# block no. 15 follows, 41 sequences, length 12
# corresponding to MSA columns:
# 979-990
name=unknown_P
#
# <colnr> <probs for GDERKNQSTAVLIFYWHMCP>
#	G	D	E	R	K	N	Q	S	T	A	V	L	I	F	Y	W	H	M	C	P
0	0.07169	0.00651	0.00918	0.00895	0.01026	0.00626	0.06252	0.01029	0.01262	0.01823	0.24627	0.44930	0.03797	0.01407	0.00680	0.00209	0.00371	0.01274	0.00528	0.00523
1	0.05702	0.01947	0.01448	0.01261	0.01575	0.43984	0.00975	0.02272	0.01565	0.22544	0.06735	0.01528	0.01261	0.00680	0.00595	0.00164	0.04115	0.00478	0.00435	0.00737
2	0.00820	0.00602	0.00865	0.00865	0.00948	0.00685	0.00647	0.00986	0.00903	0.01288	0.01582	0.02523	0.01550	0.18224	0.63861	0.00852	0.01352	0.00653	0.00314	0.00480
3	0.01082	0.00927	0.01340	0.30066	0.02199	0.01107	0.01099	0.08806	0.01245	0.01671	0.01786	0.29760	0.01878	0.01095	0.00836	0.00213	0.12983	0.00913	0.00387	0.00607
4	0.01985	0.01214	0.01414	0.01092	0.01539	0.01193	0.00890	0.25082	0.11428	0.27276	0.01710	0.01620	0.01192	0.00646	0.00541	0.00157	0.00513	0.00513	0.00566	0.19428
5	0.01616	0.01326	0.01610	0.09329	0.01818	0.01559	0.01115	0.35409	0.01800	0.02464	0.01474	0.01663	0.06699	0.00813	0.00960	0.00194	0.23834	0.00554	0.00427	0.05338
6	0.00734	0.00527	0.00715	0.00808	0.00853	0.00526	0.00555	0.00847	0.01036	0.01403	0.02694	0.56702	0.03139	0.08850	0.17325	0.00406	0.00607	0.01343	0.00468	0.00465
7	0.19072	0.01286	0.01551	0.01307	0.01468	0.01656	0.01086	0.15151	0.01237	0.02049	0.00877	0.01206	0.00764	0.00842	0.01307	0.00220	0.47436	0.00463	0.00333	0.00690
8	0.01179	0.24543	0.02236	0.01379	0.01705	0.01386	0.22343	0.01417	0.01173	0.01529	0.01681	0.27245	0.01788	0.00960	0.00695	0.00189	0.06684	0.00868	0.00353	0.00647
9	0.01255	0.01301	0.02457	0.24926	0.10647	0.01366	0.32711	0.01641	0.01226	0.01684	0.01057	0.01470	0.00828	0.00558	0.00732	0.00188	0.08447	0.00567	0.00278	0.06660
10	0.01384	0.33723	0.24549	0.01228	0.01774	0.01735	0.01295	0.02136	0.23190	0.01796	0.01319	0.01365	0.01032	0.00591	0.00483	0.00161	0.00634	0.00442	0.00344	0.00818
11	0.01374	0.01480	0.06175	0.05268	0.48932	0.01381	0.23296	0.01772	0.01307	0.01843	0.01096	0.01447	0.00882	0.00505	0.00598	0.00178	0.00774	0.00555	0.00282	0.00855

[dist]
# distance from previous block
# <min> <max>
6	13

[block]
# block no. 16 follows, 41 sequences, length 12
# corresponding to MSA columns:
# 1006-1017
name=unknown_Q
#
# <colnr> <probs for GDERKNQSTAVLIFYWHMCP>
#	G	D	E	R	K	N	Q	S	T	A	V	L	I	F	Y	W	H	M	C	P
0	0.01688	0.01124	0.01276	0.01089	0.01430	0.01209	0.00862	0.09276	0.42185	0.20122	0.11220	0.02281	0.02043	0.00800	0.00591	0.00186	0.00455	0.00665	0.00617	0.00883
1	0.01445	0.63213	0.19290	0.01122	0.01690	0.02057	0.01229	0.01734	0.01172	0.01448	0.00846	0.00981	0.00732	0.00501	0.00406	0.00135	0.00663	0.00332	0.00244	0.00759
2	0.01474	0.69007	0.13746	0.01073	0.01615	0.02127	0.01144	0.01727	0.01169	0.01413	0.00829	0.00960	0.00733	0.00497	0.00393	0.00131	0.00646	0.00323	0.00244	0.00750
3	0.01292	0.01946	0.24301	0.02189	0.02843	0.01413	0.53731	0.01826	0.01310	0.01826	0.01120	0.01448	0.00827	0.00500	0.00638	0.00190	0.00930	0.00603	0.00276	0.00792
4	0.01186	0.01017	0.01186	0.00847	0.01356	0.00762	0.00678	0.01440	0.01186	0.01864	0.01017	0.01186	0.00847	0.00424	0.00424	0.00085	0.00424	0.00339	0.00339	0.83395
5	0.01297	0.01151	0.01449	0.29599	0.02389	0.01367	0.01156	0.02459	0.48041	0.02050	0.01846	0.01910	0.01385	0.00701	0.00578	0.00193	0.00567	0.00596	0.00462	0.00806
6	0.01529	0.80242	0.02997	0.00979	0.01468	0.02263	0.00979	0.01713	0.01162	0.01346	0.00795	0.00918	0.00734	0.00489	0.00367	0.00122	0.00612	0.00306	0.00245	0.00734
7	0.00746	0.00519	0.00649	0.00733	0.00754	0.00498	0.00463	0.00809	0.00998	0.01331	0.02656	0.51670	0.03157	0.30501	0.01532	0.00351	0.00414	0.01334	0.00463	0.00421
8	0.01960	0.01495	0.01596	0.01273	0.01692	0.01674	0.01035	0.54030	0.23432	0.03259	0.01646	0.01591	0.01194	0.00712	0.00575	0.00178	0.00579	0.00553	0.00575	0.00953
9	0.00727	0.00536	0.00686	0.00778	0.00857	0.00494	0.00554	0.00868	0.01206	0.01586	0.11235	0.52280	0.15835	0.01649	0.00721	0.00223	0.00337	0.08403	0.00541	0.00482
10	0.01582	0.01180	0.01349	0.00995	0.01483	0.01057	0.00808	0.22314	0.01651	0.08580	0.01221	0.01303	0.00930	0.00522	0.00478	0.00117	0.00487	0.00409	0.00436	0.53099
11	0.01416	0.01359	0.02322	0.03511	0.76330	0.01359	0.01755	0.01755	0.01302	0.01869	0.01076	0.01416	0.00906	0.00510	0.00566	0.00170	0.00680	0.00510	0.00283	0.00906

[dist]
# distance from previous block
# <min> <max>
4	8

[block]
# block no. 17 follows, 41 sequences, length 7
# corresponding to MSA columns:
# 1026-1032
name=unknown_R
#
# <colnr> <probs for GDERKNQSTAVLIFYWHMCP>
#	G	D	E	R	K	N	Q	S	T	A	V	L	I	F	Y	W	H	M	C	P
0	0.01238	0.01135	0.01859	0.19748	0.02356	0.01133	0.20256	0.10307	0.01386	0.01900	0.01474	0.15218	0.01366	0.00748	0.00597	0.00175	0.00655	0.00716	0.00368	0.17365
1	0.06842	0.01105	0.01211	0.01054	0.01374	0.01202	0.00828	0.09831	0.39118	0.11740	0.10138	0.07150	0.02057	0.00841	0.00581	0.00187	0.00446	0.00700	0.00578	0.03019
2	0.20384	0.01258	0.01306	0.01052	0.01447	0.01353	0.00855	0.30885	0.11072	0.07479	0.07715	0.01630	0.01380	0.00678	0.00518	0.00168	0.00505	0.00515	0.00513	0.09289
3	0.01555	0.01358	0.01977	0.12086	0.40477	0.01454	0.01473	0.19127	0.10607	0.02294	0.01291	0.01507	0.01006	0.00592	0.00570	0.00176	0.00650	0.00527	0.00384	0.00888
4	0.01211	0.00704	0.00860	0.00790	0.00969	0.00666	0.00575	0.01484	0.07584	0.17675	0.18801	0.12772	0.12098	0.19840	0.01184	0.00277	0.00409	0.00949	0.00551	0.00601
5	0.11405	0.00959	0.01077	0.00941	0.01227	0.00955	0.00724	0.18658	0.01520	0.08556	0.02020	0.32073	0.02052	0.01061	0.00584	0.00182	0.00444	0.00903	0.00503	0.14156
6	0.55833	0.01113	0.01185	0.01404	0.18940	0.01225	0.00881	0.01637	0.01118	0.02373	0.08568	0.01387	0.01177	0.00591	0.00437	0.00176	0.00481	0.00431	0.00365	0.00679

[dist]
# distance from previous block
# <min> <max>
0	6

[block]
# block no. 18 follows, 41 sequences, length 6
# corresponding to MSA columns:
# 1039-1044
name=unknown_S
#
# <colnr> <probs for GDERKNQSTAVLIFYWHMCP>
#	G	D	E	R	K	N	Q	S	T	A	V	L	I	F	Y	W	H	M	C	P
0	0.00693	0.00512	0.00649	0.00758	0.00820	0.00468	0.00514	0.00801	0.01132	0.01475	0.03621	0.66413	0.16592	0.01731	0.00720	0.00225	0.00324	0.01552	0.00531	0.00468
1	0.02090	0.01142	0.01508	0.01151	0.01593	0.01072	0.06080	0.19365	0.01773	0.39504	0.01850	0.06097	0.01329	0.00709	0.00570	0.00167	0.00537	0.00595	0.00585	0.12284
2	0.01155	0.01095	0.01520	0.01311	0.01387	0.01431	0.01079	0.01311	0.00919	0.01420	0.00940	0.01448	0.00900	0.01611	0.17217	0.00369	0.54434	0.00506	0.00271	0.09676
3	0.01998	0.01280	0.01504	0.01165	0.01578	0.01326	0.00957	0.32370	0.04925	0.23350	0.01538	0.01520	0.01085	0.00681	0.00671	0.00167	0.07887	0.00506	0.00540	0.14951
4	0.06765	0.01013	0.01168	0.00968	0.01315	0.01005	0.00776	0.16183	0.08904	0.29677	0.02794	0.08327	0.16770	0.00932	0.00594	0.00185	0.00457	0.00762	0.00598	0.00807
5	0.06096	0.00836	0.00980	0.00903	0.01163	0.00808	0.00724	0.04087	0.10659	0.04868	0.14905	0.09602	0.08795	0.01076	0.00621	0.00188	0.00417	0.17049	0.00516	0.15705

[dist]
# distance from previous block
# <min> <max>
16	272

# created by:
# /software/SequenceAnalysis/GenePrediction/augustus/3.0.1/scripts/msa2prfl.pl ./fixed/BUSCOvEOG76DNG1.fas
