[name]
unknown

[dist]
# distance from previous block
# <min> <max>
1	205

[block]
# block no. 0 follows, 39 sequences, length 52
# corresponding to MSA columns:
# 226-277
name=unknown_A
#
# <colnr> <probs for GDERKNQSTAVLIFYWHMCP>
#	G	D	E	R	K	N	Q	S	T	A	V	L	I	F	Y	W	H	M	C	P
0	0.01388	0.01220	0.01867	0.68466	0.03898	0.01445	0.01637	0.08669	0.01438	0.01878	0.01246	0.01773	0.00963	0.00708	0.00658	0.00224	0.00822	0.00576	0.00351	0.00773
1	0.04147	0.54676	0.19538	0.01178	0.01755	0.04700	0.01268	0.01847	0.01238	0.03684	0.00925	0.01054	0.00775	0.00531	0.00433	0.00145	0.00694	0.00355	0.00272	0.00787
2	0.00899	0.00619	0.00803	0.00752	0.00904	0.00566	0.00566	0.01166	0.01649	0.05099	0.67752	0.06157	0.08381	0.01220	0.00696	0.00188	0.00291	0.01074	0.00648	0.00571
3	0.01118	0.01052	0.01775	0.77776	0.04074	0.01315	0.01643	0.01512	0.01184	0.01513	0.01053	0.01579	0.00790	0.00592	0.00592	0.00197	0.00789	0.00526	0.00263	0.00658
4	0.10746	0.01518	0.08804	0.11744	0.02769	0.01365	0.42958	0.01824	0.01315	0.05506	0.01278	0.05142	0.01012	0.00598	0.00633	0.00198	0.00844	0.00652	0.00331	0.00764
5	0.01344	0.01282	0.02182	0.29553	0.50534	0.01374	0.01755	0.01710	0.01290	0.01786	0.01093	0.01505	0.00886	0.00551	0.00588	0.00183	0.00733	0.00527	0.00283	0.00840
6	0.00780	0.00603	0.00710	0.00683	0.00849	0.00534	0.00512	0.01003	0.01536	0.02043	0.45671	0.04962	0.35313	0.01333	0.00699	0.00192	0.00288	0.01146	0.00608	0.00534
7	0.01397	0.01596	0.03490	0.02493	0.03091	0.01496	0.73361	0.01895	0.01397	0.01896	0.01198	0.01597	0.00899	0.00500	0.00699	0.00200	0.00997	0.00698	0.00300	0.00798
8	0.01201	0.00882	0.03658	0.01214	0.04919	0.00842	0.04981	0.01381	0.01227	0.13777	0.02507	0.45883	0.02702	0.01384	0.00857	0.00226	0.10005	0.01206	0.00507	0.00642
9	0.01716	0.01214	0.04861	0.01272	0.05742	0.01192	0.00984	0.02705	0.38313	0.22839	0.10513	0.02318	0.02041	0.00803	0.00609	0.00192	0.00489	0.00675	0.00610	0.00911
10	0.00718	0.00601	0.00624	0.00618	0.00810	0.00507	0.00463	0.00883	0.01389	0.01694	0.14461	0.05537	0.66740	0.01463	0.00699	0.00198	0.00298	0.01227	0.00562	0.00507
11	0.05629	0.01026	0.01346	0.01043	0.01483	0.00920	0.00859	0.06241	0.01720	0.66036	0.05722	0.02061	0.01608	0.00748	0.00591	0.00183	0.00499	0.00604	0.00708	0.00972
12	0.01308	0.02225	0.40009	0.08381	0.05061	0.01354	0.23085	0.01863	0.01308	0.05388	0.01234	0.03878	0.00938	0.00595	0.00614	0.00193	0.00864	0.00572	0.00300	0.00830
13	0.02320	0.01044	0.01338	0.01070	0.01487	0.00981	0.00869	0.02853	0.16959	0.56983	0.05841	0.02171	0.01734	0.00771	0.00602	0.00187	0.00486	0.00633	0.00701	0.00971
14	0.00862	0.00575	0.00646	0.00646	0.00646	0.00574	0.00359	0.00861	0.00861	0.01148	0.01865	0.03872	0.02151	0.79197	0.03010	0.00574	0.00574	0.00860	0.00359	0.00359
15	0.76438	0.04216	0.00993	0.00823	0.01191	0.04913	0.00679	0.01770	0.01046	0.02550	0.00829	0.00968	0.00652	0.00551	0.00375	0.00180	0.00493	0.00324	0.00359	0.00648
16	0.00709	0.00581	0.00626	0.00657	0.00816	0.00497	0.00476	0.00851	0.01306	0.01598	0.07110	0.22938	0.56632	0.01575	0.00713	0.00209	0.00310	0.01346	0.00552	0.00497
17	0.01982	0.20866	0.02096	0.08124	0.01957	0.06424	0.01145	0.45127	0.02183	0.02817	0.01211	0.01299	0.00912	0.00644	0.00536	0.00165	0.00684	0.00470	0.00462	0.00895
18	0.02016	0.01140	0.02993	0.06263	0.01678	0.01048	0.00935	0.16084	0.01779	0.35914	0.07737	0.02070	0.04372	0.00740	0.00583	0.00170	0.00525	0.00602	0.00594	0.12756
19	0.02208	0.01539	0.01728	0.01425	0.05411	0.01670	0.01115	0.56548	0.07436	0.12419	0.01585	0.01550	0.01114	0.00711	0.00593	0.00180	0.00623	0.00550	0.00595	0.00998
20	0.01766	0.01312	0.01567	0.04931	0.01742	0.01416	0.04558	0.45798	0.02179	0.04828	0.01895	0.21591	0.01759	0.00993	0.00640	0.00196	0.00591	0.00841	0.00554	0.00843
21	0.00791	0.00565	0.00766	0.00903	0.00968	0.00541	0.00669	0.00944	0.01201	0.01588	0.03223	0.57450	0.03762	0.01789	0.00774	0.00250	0.00403	0.22365	0.00548	0.00500
22	0.00988	0.00839	0.01207	0.01126	0.01193	0.01069	0.00896	0.01163	0.00933	0.01379	0.01345	0.02077	0.01292	0.06996	0.49729	0.00715	0.25584	0.00609	0.00301	0.00558
23	0.00722	0.00516	0.00687	0.00825	0.00859	0.00481	0.00550	0.00825	0.01133	0.01511	0.03261	0.78812	0.03912	0.01854	0.00755	0.00240	0.00344	0.01681	0.00549	0.00481
24	0.01473	0.01271	0.01338	0.01205	0.01539	0.01472	0.00937	0.03143	0.74441	0.02475	0.02408	0.02208	0.01807	0.00803	0.00602	0.00201	0.00469	0.00669	0.00602	0.00937
25	0.01465	0.01406	0.02401	0.03630	0.75509	0.01406	0.01815	0.01816	0.01348	0.01933	0.01114	0.01466	0.00938	0.00528	0.00586	0.00176	0.00703	0.00527	0.00293	0.00938
26	0.01228	0.01052	0.01227	0.00877	0.01403	0.00789	0.00701	0.01490	0.01227	0.01929	0.01053	0.01229	0.00878	0.00439	0.00439	0.00088	0.00439	0.00351	0.00351	0.82811
27	0.01473	0.01271	0.01338	0.01205	0.01539	0.01472	0.00937	0.03143	0.74441	0.02475	0.02408	0.02208	0.01807	0.00803	0.00602	0.00201	0.00469	0.00669	0.00602	0.00937
28	0.00862	0.00575	0.00646	0.00646	0.00646	0.00574	0.00359	0.00861	0.00861	0.01148	0.01865	0.03872	0.02151	0.79197	0.03010	0.00574	0.00574	0.00860	0.00359	0.00359
29	0.00862	0.00575	0.00646	0.00646	0.00646	0.00574	0.00359	0.00861	0.00861	0.01148	0.01865	0.03872	0.02151	0.79197	0.03010	0.00574	0.00574	0.00860	0.00359	0.00359
30	0.02249	0.01657	0.01776	0.01362	0.01835	0.01835	0.01125	0.73538	0.02781	0.03728	0.01421	0.01422	0.01007	0.00711	0.00592	0.00178	0.00651	0.00533	0.00592	0.01006
31	0.01118	0.01052	0.01775	0.77776	0.04074	0.01315	0.01643	0.01512	0.01184	0.01513	0.01053	0.01579	0.00790	0.00592	0.00592	0.00197	0.00789	0.00526	0.00263	0.00658
32	0.00733	0.00611	0.00645	0.00662	0.00854	0.00523	0.00514	0.00898	0.01351	0.01621	0.05629	0.05816	0.66165	0.01516	0.00715	0.00209	0.00331	0.10152	0.00549	0.00506
33	0.02210	0.02819	0.01677	0.01524	0.01829	0.76823	0.01143	0.02362	0.01677	0.01449	0.00916	0.01069	0.00763	0.00611	0.00534	0.00153	0.01067	0.00381	0.00305	0.00686
34	0.02229	0.01692	0.01761	0.01364	0.01828	0.04661	0.01121	0.69132	0.04485	0.03611	0.01426	0.01428	0.01018	0.00709	0.00590	0.00177	0.00663	0.00531	0.00581	0.00993
35	0.01487	0.01260	0.01335	0.01197	0.01526	0.01448	0.00930	0.07500	0.66451	0.02509	0.02386	0.05758	0.01855	0.00847	0.00609	0.00201	0.00474	0.00708	0.00599	0.00920
36	0.03519	0.02327	0.47825	0.01553	0.02248	0.01266	0.07806	0.05472	0.01409	0.12124	0.04936	0.04303	0.01218	0.00665	0.00589	0.00189	0.00765	0.00558	0.00370	0.00858
37	0.02655	0.01008	0.01373	0.01053	0.01511	0.00870	0.00870	0.02883	0.01694	0.75919	0.02334	0.02015	0.01465	0.00733	0.00595	0.00183	0.00504	0.00595	0.00732	0.01007
38	0.01294	0.01272	0.02283	0.37823	0.30929	0.01378	0.13061	0.01688	0.01279	0.01732	0.01099	0.01539	0.00863	0.00553	0.00607	0.00190	0.00789	0.00554	0.00280	0.00786
39	0.01473	0.01271	0.01338	0.01205	0.01539	0.01472	0.00937	0.03143	0.74441	0.02475	0.02408	0.02208	0.01807	0.00803	0.00602	0.00201	0.00469	0.00669	0.00602	0.00937
40	0.02195	0.01156	0.01681	0.01303	0.01753	0.01102	0.11697	0.02796	0.18419	0.47949	0.02182	0.01997	0.01460	0.00714	0.00612	0.00190	0.00569	0.00628	0.00638	0.00960
41	0.01295	0.01295	0.01812	0.01554	0.01554	0.01812	0.01294	0.01424	0.00907	0.01425	0.00778	0.01296	0.00778	0.01036	0.01941	0.00259	0.78114	0.00518	0.00259	0.00648
42	0.01583	0.79553	0.03100	0.01013	0.01519	0.02341	0.01013	0.01772	0.01203	0.01393	0.00824	0.00951	0.00761	0.00507	0.00380	0.00127	0.00633	0.00317	0.00254	0.00760
43	0.01188	0.03060	0.76134	0.01686	0.02560	0.01374	0.02185	0.01874	0.01250	0.01874	0.01063	0.01251	0.00751	0.00563	0.00563	0.00188	0.00874	0.00438	0.00250	0.00875
44	0.00847	0.00635	0.00952	0.00952	0.01057	0.00740	0.00740	0.01057	0.00952	0.01374	0.01586	0.02325	0.01480	0.04435	0.76853	0.00951	0.01584	0.00634	0.00317	0.00529
45	0.01032	0.00531	0.00801	0.03012	0.00868	0.00538	0.00547	0.00793	0.00784	0.01043	0.01030	0.01793	0.01022	0.02013	0.02261	0.80370	0.00522	0.00514	0.00258	0.00269
46	0.01295	0.01295	0.01812	0.01554	0.01554	0.01812	0.01294	0.01424	0.00907	0.01425	0.00778	0.01296	0.00778	0.01036	0.01941	0.00259	0.78114	0.00518	0.00259	0.00648
47	0.02012	0.01034	0.01310	0.00982	0.01465	0.00853	0.00800	0.02296	0.03583	0.42243	0.01790	0.01685	0.01224	0.00610	0.00529	0.00143	0.00475	0.00493	0.00566	0.35906
48	0.01452	0.01399	0.01905	0.01646	0.01662	0.01879	0.01348	0.01534	0.01013	0.01578	0.00944	0.01515	0.00931	0.01130	0.01974	0.00286	0.76190	0.00568	0.00316	0.00730
49	0.00954	0.00725	0.00838	0.00803	0.00978	0.00636	0.00590	0.01134	0.01638	0.02208	0.47256	0.05041	0.32005	0.01409	0.00763	0.00220	0.00347	0.01174	0.00659	0.00621
50	0.01731	0.77662	0.03159	0.01119	0.01628	0.02394	0.01073	0.01873	0.01301	0.01547	0.00989	0.01179	0.00914	0.00615	0.00452	0.00157	0.00684	0.00372	0.00310	0.00839
51	0.01617	0.01507	0.02479	0.03669	0.73733	0.01484	0.01856	0.01916	0.01443	0.02073	0.01272	0.01681	0.01088	0.00635	0.00653	0.00205	0.00752	0.00578	0.00349	0.01012

[dist]
# distance from previous block
# <min> <max>
7	23

[block]
# block no. 1 follows, 39 sequences, length 12
# corresponding to MSA columns:
# 307-318
name=unknown_B
#
# <colnr> <probs for GDERKNQSTAVLIFYWHMCP>
#	G	D	E	R	K	N	Q	S	T	A	V	L	I	F	Y	W	H	M	C	P
0	0.83394	0.01144	0.00869	0.00778	0.01144	0.01327	0.00640	0.01738	0.01006	0.02653	0.00823	0.00961	0.00640	0.00549	0.00366	0.00183	0.00457	0.00320	0.00366	0.00640
1	0.01183	0.01180	0.02181	0.59926	0.03840	0.01357	0.18665	0.01602	0.01233	0.01602	0.01086	0.01581	0.00814	0.00569	0.00617	0.00198	0.00838	0.00566	0.00271	0.00690
2	0.00937	0.01163	0.18563	0.00892	0.01099	0.00763	0.00792	0.01100	0.00952	0.01319	0.01673	0.03248	0.01818	0.60552	0.02429	0.00482	0.00645	0.00760	0.00333	0.00481
3	0.01261	0.00703	0.00918	0.00819	0.01040	0.00632	0.00639	0.01516	0.01635	0.19732	0.48489	0.04061	0.10803	0.01141	0.00678	0.00190	0.00346	0.04082	0.00656	0.00659
4	0.00860	0.00573	0.00645	0.00645	0.00645	0.00573	0.00358	0.00860	0.00860	0.01147	0.01863	0.03870	0.02150	0.79217	0.03010	0.00573	0.00573	0.00860	0.00358	0.00358
5	0.00963	0.00757	0.01107	0.19228	0.01844	0.00808	0.01050	0.01253	0.01335	0.01727	0.06907	0.05249	0.09300	0.01351	0.00746	0.00243	0.00566	0.44513	0.00484	0.00568
6	0.20829	0.28742	0.33332	0.01240	0.01868	0.01693	0.01418	0.01806	0.01175	0.01894	0.00923	0.01078	0.00727	0.00540	0.00453	0.00165	0.00693	0.00368	0.00278	0.00779
7	0.01344	0.04829	0.56735	0.01709	0.04326	0.01351	0.08491	0.01938	0.01298	0.07845	0.01170	0.01338	0.00830	0.00563	0.00568	0.00182	0.00828	0.00469	0.00298	0.03887
8	0.63221	0.01379	0.01056	0.00924	0.01294	0.11006	0.00747	0.05958	0.01237	0.07254	0.00966	0.01068	0.00729	0.00578	0.00415	0.00179	0.00549	0.00358	0.00394	0.00690
9	0.11492	0.01160	0.01572	0.01648	0.19036	0.01125	0.01078	0.08967	0.01632	0.40286	0.04783	0.01806	0.01371	0.00680	0.00570	0.00181	0.00550	0.00561	0.00570	0.00930
10	0.02016	0.02528	0.02106	0.01753	0.02128	0.58963	0.18284	0.02251	0.01609	0.01553	0.00981	0.01192	0.00794	0.00583	0.00572	0.00164	0.01050	0.00456	0.00303	0.00712
11	0.01312	0.01215	0.01844	0.25200	0.31659	0.01335	0.01467	0.01976	0.18647	0.01912	0.01714	0.01945	0.05861	0.00674	0.00598	0.00190	0.00647	0.00606	0.00373	0.00824

[dist]
# distance from previous block
# <min> <max>
1	92

# created by:
# /software/SequenceAnalysis/GenePrediction/augustus/3.0.1/scripts/msa2prfl.pl ./fixed/BUSCOvEOG72FTZ3.fas
