[name]
unknown

[dist]
# distance from previous block
# <min> <max>
131	419

[block]
# block no. 0 follows, 41 sequences, length 9
# corresponding to MSA columns:
# 433-441
name=unknown_A
#
# <colnr> <probs for GDERKNQSTAVLIFYWHMCP>
#	G	D	E	R	K	N	Q	S	T	A	V	L	I	F	Y	W	H	M	C	P
0	0.02091	0.02499	0.01608	0.01435	0.01749	0.63993	0.01089	0.10215	0.06890	0.01710	0.01039	0.01146	0.00833	0.00613	0.00527	0.00153	0.00947	0.00404	0.00345	0.00714
1	0.01297	0.01274	0.01582	0.01373	0.01413	0.07609	0.01128	0.01443	0.00977	0.01477	0.00907	0.01349	0.00843	0.00925	0.01576	0.00227	0.62392	0.00494	0.11095	0.00617
2	0.00810	0.00585	0.00765	0.00720	0.00855	0.00540	0.00540	0.01079	0.01619	0.02294	0.76028	0.04273	0.05397	0.01169	0.00675	0.00180	0.00270	0.01034	0.00630	0.00540
3	0.08483	0.01433	0.01543	0.01219	0.01622	0.01596	0.01001	0.59044	0.02322	0.03224	0.01348	0.01452	0.01005	0.01146	0.10642	0.00270	0.00733	0.00512	0.00520	0.00884
4	0.01220	0.00723	0.00968	0.00992	0.01184	0.00694	0.00833	0.03888	0.01395	0.15386	0.03040	0.13979	0.08021	0.01407	0.00729	0.00236	0.00483	0.43647	0.00562	0.00613
5	0.01159	0.00622	0.00632	0.00599	0.00759	0.00637	0.00457	0.07442	0.01324	0.02256	0.01825	0.02069	0.01425	0.00668	0.00414	0.00136	0.00297	0.00532	0.76178	0.00570
6	0.00706	0.00577	0.00628	0.00660	0.00825	0.00500	0.00500	0.00857	0.01278	0.01552	0.05147	0.15297	0.58681	0.01508	0.00696	0.00206	0.00321	0.09046	0.00531	0.00485
7	0.00770	0.00547	0.00701	0.00789	0.00847	0.00523	0.00556	0.00887	0.01114	0.01472	0.06306	0.42639	0.07533	0.18459	0.01203	0.00302	0.00409	0.13995	0.00495	0.00455
8	0.02137	0.02726	0.01621	0.01474	0.01768	0.77602	0.01105	0.02284	0.01621	0.01400	0.00884	0.01031	0.00737	0.00589	0.00516	0.00147	0.01031	0.00368	0.00295	0.00663

[dist]
# distance from previous block
# <min> <max>
0	21

[block]
# block no. 1 follows, 41 sequences, length 7
# corresponding to MSA columns:
# 463-469
name=unknown_B
#
# <colnr> <probs for GDERKNQSTAVLIFYWHMCP>
#	G	D	E	R	K	N	Q	S	T	A	V	L	I	F	Y	W	H	M	C	P
0	0.00691	0.00519	0.00642	0.00740	0.00815	0.00469	0.00506	0.00803	0.01150	0.01482	0.03844	0.60151	0.22710	0.01702	0.00716	0.00222	0.00321	0.01516	0.00531	0.00469
1	0.01639	0.01392	0.20934	0.01110	0.01558	0.00906	0.01088	0.02031	0.05758	0.33132	0.02409	0.15327	0.08356	0.00920	0.00603	0.00190	0.00534	0.00776	0.00532	0.00805
2	0.02084	0.01093	0.01347	0.01026	0.01481	0.00992	0.00839	0.13200	0.05700	0.42098	0.01803	0.01672	0.01219	0.00634	0.00535	0.00153	0.00490	0.00508	0.00584	0.22542
3	0.00810	0.00585	0.00765	0.00720	0.00855	0.00540	0.00540	0.01079	0.01619	0.02294	0.76028	0.04273	0.05397	0.01169	0.00675	0.00180	0.00270	0.01034	0.00630	0.00540
4	0.00706	0.00530	0.00659	0.00757	0.00838	0.00482	0.00532	0.00829	0.01164	0.01499	0.03836	0.55301	0.22677	0.01688	0.00720	0.00224	0.00334	0.06220	0.00531	0.00473
5	0.01058	0.00881	0.01049	0.00834	0.01218	0.00685	0.00639	0.01272	0.01162	0.01758	0.01576	0.21690	0.01616	0.00782	0.00504	0.00123	0.00400	0.00676	0.00389	0.61689
6	0.00832	0.00555	0.00624	0.00624	0.00624	0.00555	0.00347	0.00832	0.00832	0.01109	0.01802	0.03743	0.02080	0.79898	0.02911	0.00555	0.00555	0.00832	0.00347	0.00347

[dist]
# distance from previous block
# <min> <max>
0	54

[block]
# block no. 2 follows, 41 sequences, length 7
# corresponding to MSA columns:
# 525-531
name=unknown_C
#
# <colnr> <probs for GDERKNQSTAVLIFYWHMCP>
#	G	D	E	R	K	N	Q	S	T	A	V	L	I	F	Y	W	H	M	C	P
0	0.00697	0.00534	0.00639	0.00711	0.00810	0.00476	0.00496	0.00824	0.01207	0.01547	0.08962	0.47095	0.30700	0.01623	0.00706	0.00214	0.00312	0.01432	0.00538	0.00476
1	0.01376	0.25894	0.22951	0.04089	0.08151	0.01535	0.01302	0.07790	0.01274	0.04176	0.01136	0.01561	0.00989	0.12258	0.00883	0.00219	0.02893	0.00473	0.00306	0.00744
2	0.00799	0.00588	0.00772	0.00737	0.00872	0.00561	0.00557	0.01049	0.01489	0.02088	0.59093	0.04078	0.10801	0.01653	0.12023	0.00290	0.00458	0.00987	0.00574	0.00531
3	0.00715	0.00512	0.00652	0.00757	0.00796	0.00479	0.00497	0.00803	0.01070	0.01414	0.03127	0.63494	0.08276	0.13287	0.01048	0.00277	0.00362	0.01481	0.00504	0.00448
4	0.01066	0.00533	0.00533	0.00533	0.00666	0.00533	0.00400	0.01333	0.01200	0.02132	0.01866	0.02132	0.01466	0.00666	0.00400	0.00133	0.00267	0.00533	0.83073	0.00533
5	0.01492	0.01263	0.01333	0.01178	0.01514	0.01455	0.00922	0.09649	0.68573	0.02505	0.02240	0.02064	0.01674	0.00768	0.00581	0.00192	0.00469	0.00634	0.00581	0.00912
6	0.01472	0.01871	0.16802	0.08566	0.24846	0.12590	0.18921	0.01879	0.01343	0.04653	0.01098	0.01379	0.00845	0.00534	0.00581	0.00176	0.00830	0.00514	0.00292	0.00807

[dist]
# distance from previous block
# <min> <max>
3	103

# created by:
# /software/SequenceAnalysis/GenePrediction/augustus/3.0.1/scripts/msa2prfl.pl ./fixed/BUSCOvEOG75HTB7.fas
