[name]
unknown

[dist]
# distance from previous block
# <min> <max>
0	197

[block]
# block no. 0 follows, 38 sequences, length 25
# corresponding to MSA columns:
# 205-229
name=unknown_A
#
# <colnr> <probs for GDERKNQSTAVLIFYWHMCP>
#	G	D	E	R	K	N	Q	S	T	A	V	L	I	F	Y	W	H	M	C	P
0	0.01814	0.09324	0.01802	0.08334	0.07133	0.17709	0.01135	0.22200	0.07568	0.02341	0.01281	0.01419	0.00995	0.00631	0.00542	0.00161	0.00710	0.00477	0.04493	0.09931
1	0.01026	0.01157	0.14615	0.01069	0.01317	0.00932	0.00987	0.02871	0.01149	0.01717	0.05205	0.05532	0.03351	0.06661	0.30307	0.00516	0.08077	0.00677	0.12220	0.00616
2	0.00741	0.00530	0.00706	0.00832	0.00874	0.00494	0.00559	0.00859	0.01191	0.01598	0.08414	0.73189	0.04100	0.01838	0.00764	0.00240	0.00344	0.01666	0.00566	0.00494
3	0.00834	0.00606	0.00785	0.00757	0.00892	0.00557	0.00561	0.01094	0.01636	0.02293	0.64814	0.11338	0.08968	0.01304	0.00715	0.00195	0.00291	0.01154	0.00648	0.00557
4	0.04828	0.01117	0.01373	0.02625	0.01557	0.00933	0.04255	0.04439	0.01302	0.02051	0.01100	0.01299	0.00901	0.00489	0.00500	0.00110	0.02310	0.00393	0.02620	0.65799
5	0.00971	0.00907	0.07791	0.03240	0.01389	0.00750	0.01032	0.01284	0.01405	0.01878	0.12921	0.08463	0.03469	0.01481	0.00782	0.00253	0.00546	0.50317	0.00534	0.00587
6	0.01801	0.01426	0.05164	0.01253	0.01664	0.01478	0.01041	0.21203	0.40448	0.11317	0.05114	0.02058	0.01690	0.00788	0.00611	0.00195	0.00541	0.00641	0.00609	0.00960
7	0.05292	0.02630	0.56011	0.01886	0.10737	0.01370	0.04878	0.01960	0.01305	0.06763	0.01164	0.01346	0.00832	0.00576	0.00572	0.00189	0.00829	0.00470	0.00299	0.00891
8	0.00732	0.00528	0.00693	0.00825	0.00869	0.00490	0.00553	0.00839	0.01164	0.01541	0.03471	0.74396	0.07948	0.01864	0.00765	0.00242	0.00347	0.01686	0.00558	0.00490
9	0.01507	0.01497	0.02396	0.05171	0.50156	0.05063	0.11306	0.02053	0.10969	0.01997	0.01305	0.01590	0.01051	0.00575	0.00611	0.00185	0.00744	0.00571	0.00340	0.00913
10	0.01403	0.01028	0.01225	0.00932	0.01392	0.00830	0.00736	0.05596	0.01377	0.10310	0.01526	0.11282	0.01363	0.00680	0.00514	0.00125	0.00453	0.00569	0.00440	0.58219
11	0.79704	0.01159	0.00922	0.03972	0.01287	0.01349	0.00694	0.01759	0.01031	0.02651	0.00847	0.01003	0.00658	0.00560	0.00382	0.00187	0.00479	0.00334	0.00368	0.00652
12	0.01405	0.04902	0.01536	0.02634	0.14144	0.20114	0.01071	0.03234	0.03443	0.01673	0.06478	0.01942	0.01474	0.02188	0.30543	0.00483	0.01122	0.00575	0.00350	0.00687
13	0.01539	0.01070	0.01278	0.03820	0.01505	0.00984	0.00823	0.15162	0.03222	0.12537	0.04949	0.13660	0.03423	0.00835	0.00574	0.00158	0.00484	0.00702	0.00509	0.32765
14	0.15806	0.28894	0.05492	0.01020	0.01481	0.01551	0.00940	0.04787	0.03503	0.23302	0.01442	0.01440	0.01053	0.00621	0.00473	0.00163	0.00557	0.00446	0.06201	0.00830
15	0.01849	0.01382	0.01519	0.01312	0.04703	0.01523	0.01004	0.42888	0.16078	0.03102	0.01797	0.06070	0.01430	0.03055	0.00665	0.00196	0.00568	0.00645	0.09308	0.00908
16	0.18643	0.01460	0.01317	0.01092	0.01452	0.10417	0.00878	0.33384	0.01961	0.02931	0.01377	0.01489	0.01037	0.00671	0.00506	0.00169	0.00584	0.00483	0.19350	0.00801
17	0.01372	0.01417	0.01878	0.01599	0.01650	0.07038	0.04328	0.01523	0.00999	0.01468	0.00843	0.01346	0.00816	0.01108	0.04157	0.00275	0.66721	0.00528	0.00270	0.00664
18	0.02179	0.02683	0.01677	0.01495	0.01830	0.67510	0.01130	0.05768	0.01727	0.01619	0.00965	0.01114	0.00795	0.00613	0.00538	0.00152	0.01019	0.00393	0.00327	0.06466
19	0.00913	0.00729	0.01009	0.00998	0.01110	0.03150	0.00777	0.01124	0.00989	0.01400	0.01572	0.02301	0.01466	0.04315	0.72480	0.00926	0.03243	0.00634	0.00321	0.00545
20	0.00864	0.00581	0.00669	0.00679	0.00684	0.00582	0.00390	0.00878	0.00897	0.01200	0.01988	0.09205	0.02294	0.71111	0.05127	0.00571	0.00598	0.00927	0.00377	0.00379
21	0.01416	0.01096	0.01318	0.08168	0.06598	0.04631	0.00919	0.12262	0.01507	0.07979	0.01892	0.23033	0.01869	0.04449	0.00718	0.00196	0.00545	0.00835	0.00467	0.20101
22	0.00986	0.00683	0.00868	0.00802	0.00975	0.00647	0.00608	0.01363	0.06779	0.06049	0.64470	0.04244	0.06830	0.01183	0.00697	0.00190	0.00309	0.01039	0.00660	0.00616
23	0.02038	0.04296	0.01670	0.01420	0.01744	0.44543	0.01094	0.15379	0.11164	0.02016	0.01261	0.01448	0.01028	0.04576	0.00737	0.00191	0.03737	0.00481	0.00402	0.00774
24	0.01890	0.01398	0.01520	0.01224	0.01601	0.01546	0.00985	0.49002	0.10523	0.03172	0.04333	0.01921	0.01426	0.06341	0.06178	0.00265	0.00671	0.00608	0.04501	0.00896

[dist]
# distance from previous block
# <min> <max>
0	1

[block]
# block no. 1 follows, 38 sequences, length 10
# corresponding to MSA columns:
# 231-240
name=unknown_B
#
# <colnr> <probs for GDERKNQSTAVLIFYWHMCP>
#	G	D	E	R	K	N	Q	S	T	A	V	L	I	F	Y	W	H	M	C	P
0	0.04932	0.06836	0.06086	0.05201	0.02521	0.01581	0.38198	0.02103	0.15679	0.01983	0.01369	0.01630	0.01052	0.00625	0.00752	0.00202	0.07454	0.00625	0.00357	0.00814
1	0.01490	0.01106	0.01805	0.52945	0.12656	0.01259	0.01538	0.01852	0.01327	0.16214	0.01335	0.01677	0.00957	0.00621	0.00601	0.00195	0.00734	0.00549	0.00366	0.00775
2	0.00989	0.00544	0.00775	0.00767	0.00805	0.00529	0.00526	0.00850	0.00982	0.01320	0.14087	0.02557	0.06865	0.01903	0.01957	0.62725	0.00467	0.00671	0.00351	0.00331
3	0.01456	0.01193	0.01268	0.01129	0.01416	0.01354	0.00856	0.10026	0.52140	0.02383	0.02234	0.02495	0.01821	0.16231	0.01095	0.00277	0.00517	0.00704	0.00562	0.00843
4	0.01316	0.01316	0.01843	0.01579	0.01579	0.01843	0.01316	0.01448	0.00921	0.01448	0.00790	0.01316	0.00790	0.01053	0.01974	0.00263	0.77757	0.00526	0.00263	0.00658
5	0.00745	0.00571	0.00683	0.00739	0.00855	0.00509	0.00522	0.00898	0.01327	0.01718	0.16515	0.38874	0.30601	0.01639	0.00737	0.00220	0.00321	0.01441	0.00576	0.00509
6	0.01074	0.00980	0.01618	0.58543	0.07092	0.01174	0.01460	0.01414	0.01201	0.01558	0.01516	0.16789	0.01437	0.00852	0.00634	0.00208	0.00708	0.00767	0.00326	0.00647
7	0.00768	0.00538	0.00688	0.00793	0.00819	0.00512	0.00510	0.00847	0.01083	0.01444	0.02964	0.59992	0.03535	0.20964	0.01336	0.00328	0.00407	0.01503	0.00510	0.00458
8	0.02097	0.02583	0.01850	0.01973	0.16336	0.61617	0.01298	0.02292	0.01639	0.01570	0.00970	0.01165	0.00810	0.00603	0.00553	0.00160	0.01012	0.00417	0.00308	0.00748
9	0.00766	0.00625	0.00687	0.00711	0.00899	0.00546	0.00559	0.00948	0.01389	0.01694	0.08630	0.05920	0.58185	0.01537	0.00734	0.00217	0.00351	0.14521	0.00562	0.00519

[dist]
# distance from previous block
# <min> <max>
0	5

[block]
# block no. 2 follows, 38 sequences, length 15
# corresponding to MSA columns:
# 246-260
name=unknown_C
#
# <colnr> <probs for GDERKNQSTAVLIFYWHMCP>
#	G	D	E	R	K	N	Q	S	T	A	V	L	I	F	Y	W	H	M	C	P
0	0.00893	0.00638	0.00805	0.00792	0.00823	0.00696	0.00524	0.00961	0.00904	0.01247	0.01758	0.03353	0.01920	0.53624	0.24012	0.00677	0.04807	0.00791	0.00347	0.00429
1	0.01204	0.01023	0.01201	0.00887	0.01379	0.00776	0.00700	0.01458	0.01239	0.01924	0.01259	0.07759	0.01151	0.00567	0.00473	0.00102	0.00437	0.00471	0.00373	0.75617
2	0.01618	0.79097	0.03156	0.01036	0.01551	0.02384	0.01033	0.01808	0.01229	0.01425	0.00847	0.00980	0.00782	0.00522	0.00391	0.00131	0.00647	0.00325	0.00261	0.00777
3	0.82981	0.01170	0.00892	0.00798	0.01171	0.01355	0.00656	0.01775	0.01031	0.02707	0.00848	0.00992	0.00662	0.00565	0.00377	0.00188	0.00469	0.00329	0.00376	0.00657
4	0.82981	0.01170	0.00892	0.00798	0.01171	0.01355	0.00656	0.01775	0.01031	0.02707	0.00848	0.00992	0.00662	0.00565	0.00377	0.00188	0.00469	0.00329	0.00376	0.00657
5	0.00740	0.00618	0.00642	0.00636	0.00832	0.00522	0.00476	0.00906	0.01420	0.01736	0.14887	0.05630	0.65894	0.01491	0.00715	0.00203	0.00306	0.01248	0.00575	0.00521
6	0.02707	0.01031	0.01403	0.01077	0.01543	0.00890	0.00888	0.02936	0.01727	0.75409	0.02382	0.02061	0.01498	0.00751	0.00609	0.00188	0.00515	0.00608	0.00747	0.01029
7	0.01139	0.01030	0.01724	0.70830	0.03863	0.01273	0.01577	0.01481	0.01174	0.01505	0.01078	0.01637	0.00832	0.00734	0.00753	0.07142	0.00781	0.00537	0.00270	0.00639
8	0.00763	0.00540	0.00700	0.00821	0.00852	0.00508	0.00537	0.00851	0.01122	0.01497	0.03134	0.68474	0.03746	0.12091	0.01076	0.00291	0.00384	0.01601	0.00536	0.00478
9	0.01228	0.01160	0.01958	0.60252	0.20548	0.01363	0.01714	0.01615	0.01248	0.01646	0.01094	0.01591	0.00847	0.00593	0.00604	0.00197	0.00785	0.00538	0.00278	0.00739
10	0.00997	0.00655	0.00843	0.00777	0.00950	0.00594	0.00589	0.01263	0.01684	0.08126	0.63608	0.04411	0.10742	0.01220	0.00706	0.00192	0.00307	0.01066	0.00664	0.00604
11	0.00869	0.00634	0.00893	0.00898	0.00978	0.00709	0.00660	0.01027	0.00960	0.01359	0.01752	0.05699	0.01766	0.21449	0.56580	0.00851	0.01328	0.00742	0.00345	0.00501
12	0.82981	0.01170	0.00892	0.00798	0.01171	0.01355	0.00656	0.01775	0.01031	0.02707	0.00848	0.00992	0.00662	0.00565	0.00377	0.00188	0.00469	0.00329	0.00376	0.00657
13	0.01305	0.01049	0.01141	0.01044	0.01318	0.01151	0.00804	0.02430	0.46113	0.04276	0.14116	0.03171	0.10277	0.04136	0.00742	0.00219	0.00434	0.02686	0.02782	0.00807
14	0.76577	0.01134	0.00898	0.00823	0.01178	0.01303	0.00681	0.01734	0.01059	0.02637	0.01031	0.01445	0.00881	0.00651	0.00413	0.00195	0.00476	0.05844	0.00390	0.00649

[dist]
# distance from previous block
# <min> <max>
0	1

[block]
# block no. 3 follows, 38 sequences, length 38
# corresponding to MSA columns:
# 262-299
name=unknown_D
#
# <colnr> <probs for GDERKNQSTAVLIFYWHMCP>
#	G	D	E	R	K	N	Q	S	T	A	V	L	I	F	Y	W	H	M	C	P
0	0.01367	0.01323	0.02166	0.33257	0.44652	0.03380	0.01758	0.01737	0.01312	0.01780	0.01101	0.01524	0.00888	0.00565	0.00597	0.00187	0.00760	0.00532	0.00286	0.00832
1	0.01608	0.79220	0.03152	0.01029	0.01544	0.02380	0.01029	0.01801	0.01222	0.01415	0.00836	0.00965	0.00772	0.00515	0.00386	0.00129	0.00643	0.00322	0.00257	0.00772
2	0.01052	0.00566	0.00865	0.06894	0.01052	0.00587	0.00614	0.00844	0.00817	0.01084	0.01047	0.01811	0.01026	0.01971	0.02212	0.75935	0.00545	0.00523	0.00262	0.00294
3	0.01889	0.01334	0.01466	0.01210	0.01605	0.01455	0.00971	0.28162	0.31474	0.13414	0.04979	0.02197	0.05437	0.00824	0.00616	0.00192	0.00532	0.00665	0.00627	0.00950
4	0.02274	0.01184	0.01465	0.04374	0.01684	0.01182	0.00966	0.21584	0.07431	0.41686	0.02149	0.07975	0.01560	0.00829	0.00617	0.00191	0.00549	0.00679	0.00661	0.00960
5	0.05359	0.01074	0.01190	0.01045	0.01345	0.01161	0.00818	0.10372	0.31534	0.09518	0.19683	0.05690	0.02651	0.00923	0.00619	0.00194	0.00439	0.00774	0.04790	0.00821
6	0.08078	0.47378	0.05282	0.01185	0.05289	0.01933	0.01044	0.09070	0.01361	0.01835	0.01004	0.01228	0.00882	0.03416	0.03376	0.00188	0.00666	0.00394	0.00316	0.06073
7	0.04246	0.01081	0.01239	0.00969	0.01410	0.00950	0.00765	0.08335	0.08032	0.06833	0.01579	0.10819	0.01396	0.00703	0.00522	0.00137	0.00462	0.00583	0.00452	0.49490
8	0.01676	0.01812	0.02215	0.04571	0.41916	0.21815	0.06259	0.02061	0.05745	0.01834	0.01147	0.01430	0.00945	0.00593	0.00637	0.00179	0.03475	0.00515	0.00318	0.00857
9	0.01284	0.10673	0.53263	0.01736	0.02480	0.01550	0.10898	0.01861	0.01256	0.01821	0.01048	0.01286	0.00784	0.00596	0.00682	0.00191	0.07008	0.00472	0.00261	0.00849
10	0.01211	0.05780	0.06128	0.00968	0.01391	0.00897	0.00820	0.01459	0.01236	0.04920	0.01622	0.19109	0.01611	0.00821	0.00576	0.00143	0.02711	0.00688	0.00404	0.47505
11	0.01238	0.01003	0.07963	0.00954	0.01217	0.00824	0.00805	0.09519	0.01601	0.10527	0.29139	0.12677	0.07226	0.08552	0.03800	0.00262	0.00497	0.00961	0.00567	0.00668
12	0.01608	0.79220	0.03152	0.01029	0.01544	0.02380	0.01029	0.01801	0.01222	0.01415	0.00836	0.00965	0.00772	0.00515	0.00386	0.00129	0.00643	0.00322	0.00257	0.00772
13	0.00733	0.00524	0.00698	0.00838	0.00873	0.00489	0.00558	0.00838	0.01152	0.01536	0.03316	0.78466	0.03979	0.01885	0.00768	0.00244	0.00349	0.01710	0.00558	0.00489
14	0.01308	0.00713	0.00947	0.00839	0.01057	0.00643	0.00646	0.01570	0.01679	0.20661	0.53018	0.07660	0.04542	0.01142	0.00686	0.00191	0.00344	0.00999	0.00678	0.00678
15	0.02507	0.01111	0.01423	0.01115	0.01565	0.01042	0.00913	0.08456	0.11388	0.60238	0.02311	0.02026	0.01499	0.00752	0.00606	0.00188	0.00519	0.00610	0.00716	0.01014
16	0.00811	0.00636	0.00749	0.00806	0.00967	0.00582	0.00635	0.01030	0.02958	0.01705	0.06651	0.16647	0.40086	0.01593	0.00752	0.00230	0.00387	0.21682	0.00561	0.00530
17	0.01991	0.01032	0.04080	0.01051	0.01431	0.00902	0.00885	0.02433	0.10732	0.43535	0.13458	0.02947	0.05394	0.00926	0.00643	0.00197	0.00482	0.06326	0.00674	0.00882
18	0.01479	0.01563	0.01270	0.01168	0.01313	0.28993	0.00857	0.03724	0.01262	0.01427	0.01347	0.02252	0.01357	0.27033	0.12765	0.00430	0.10250	0.00607	0.00333	0.00569
19	0.83108	0.01163	0.00884	0.00791	0.01163	0.01350	0.00651	0.01768	0.01024	0.02699	0.00838	0.00977	0.00651	0.00558	0.00372	0.00186	0.00465	0.00326	0.00372	0.00651
20	0.83108	0.01163	0.00884	0.00791	0.01163	0.01350	0.00651	0.01768	0.01024	0.02699	0.00838	0.00977	0.00651	0.00558	0.00372	0.00186	0.00465	0.00326	0.00372	0.00651
21	0.01281	0.00723	0.00930	0.00826	0.01053	0.00654	0.00637	0.01565	0.03273	0.19497	0.46321	0.05843	0.12675	0.01157	0.00684	0.00192	0.00346	0.01002	0.00666	0.00675
22	0.01121	0.00561	0.00561	0.00561	0.00701	0.00561	0.00421	0.01402	0.01262	0.02243	0.01962	0.02243	0.01542	0.00701	0.00421	0.00140	0.00280	0.00561	0.82198	0.00561
23	0.00831	0.00599	0.00785	0.00771	0.00894	0.00554	0.00566	0.01083	0.01606	0.02258	0.62169	0.17555	0.05376	0.01345	0.00720	0.00199	0.00295	0.01198	0.00644	0.00554
24	0.83108	0.01163	0.00884	0.00791	0.01163	0.01350	0.00651	0.01768	0.01024	0.02699	0.00838	0.00977	0.00651	0.00558	0.00372	0.00186	0.00465	0.00326	0.00372	0.00651
25	0.00871	0.00600	0.00741	0.00741	0.00770	0.00629	0.00470	0.00929	0.00900	0.01229	0.01818	0.03507	0.02000	0.58539	0.23126	0.00688	0.00864	0.00812	0.00353	0.00412
26	0.02287	0.01685	0.01805	0.01384	0.01866	0.01866	0.01143	0.73100	0.02828	0.03791	0.01444	0.01444	0.01023	0.00722	0.00602	0.00181	0.00662	0.00542	0.00602	0.01023
27	0.02035	0.28288	0.02190	0.01371	0.01755	0.49587	0.01117	0.04254	0.01577	0.01521	0.00914	0.01055	0.00781	0.00588	0.00492	0.00147	0.00925	0.00370	0.00301	0.00732
28	0.02658	0.01033	0.01395	0.01076	0.01537	0.00905	0.00886	0.02941	0.04181	0.73039	0.02376	0.02054	0.01501	0.00747	0.00605	0.00187	0.00511	0.00608	0.00740	0.01021
29	0.01353	0.01375	0.01983	0.01854	0.10041	0.04865	0.07042	0.01547	0.01048	0.01542	0.00923	0.01420	0.00865	0.01162	0.06601	0.00291	0.54571	0.00544	0.00276	0.00697
30	0.00850	0.00582	0.00686	0.00703	0.00724	0.00583	0.00425	0.00887	0.00935	0.01248	0.02202	0.12954	0.05073	0.60190	0.09000	0.00561	0.00633	0.00972	0.00392	0.00400
31	0.83108	0.01163	0.00884	0.00791	0.01163	0.01350	0.00651	0.01768	0.01024	0.02699	0.00838	0.00977	0.00651	0.00558	0.00372	0.00186	0.00465	0.00326	0.00372	0.00651
32	0.01316	0.01316	0.01843	0.01579	0.01579	0.01843	0.01316	0.01448	0.00921	0.01448	0.00790	0.01316	0.00790	0.01053	0.01974	0.00263	0.77757	0.00526	0.00263	0.00658
33	0.01247	0.01069	0.01247	0.00891	0.01426	0.00802	0.00713	0.01515	0.01247	0.01960	0.01069	0.01247	0.00891	0.00446	0.00446	0.00089	0.00446	0.00356	0.00356	0.82536
34	0.01840	0.02208	0.01908	0.23012	0.05406	0.46509	0.07053	0.02100	0.01528	0.01546	0.01000	0.01289	0.00800	0.00603	0.00574	0.00172	0.00986	0.00460	0.00297	0.00708
35	0.02202	0.02782	0.01749	0.01677	0.06210	0.71988	0.01203	0.02369	0.01685	0.01502	0.00942	0.01109	0.00785	0.00615	0.00546	0.00156	0.01063	0.00396	0.00309	0.00713
36	0.00849	0.00644	0.00806	0.00881	0.01035	0.00601	0.00723	0.01067	0.01384	0.01758	0.09234	0.11903	0.29597	0.01599	0.00774	0.00241	0.00428	0.35378	0.00564	0.00533
37	0.00714	0.00599	0.00620	0.00637	0.00820	0.00506	0.00469	0.00860	0.01344	0.01614	0.05755	0.14656	0.66214	0.01568	0.00718	0.00208	0.00310	0.01323	0.00559	0.00506

[dist]
# distance from previous block
# <min> <max>
0	2

[block]
# block no. 4 follows, 38 sequences, length 25
# corresponding to MSA columns:
# 302-326
name=unknown_E
#
# <colnr> <probs for GDERKNQSTAVLIFYWHMCP>
#	G	D	E	R	K	N	Q	S	T	A	V	L	I	F	Y	W	H	M	C	P
0	0.80702	0.01297	0.01029	0.00930	0.01311	0.01448	0.00739	0.01895	0.01153	0.02849	0.01043	0.01261	0.00847	0.00691	0.00463	0.00222	0.00534	0.00395	0.00439	0.00754
1	0.00877	0.00610	0.00779	0.00767	0.00906	0.00555	0.00563	0.01104	0.01544	0.04848	0.48120	0.20381	0.13911	0.01389	0.00718	0.00203	0.00309	0.01226	0.00630	0.00560
2	0.80178	0.01182	0.00918	0.00813	0.01189	0.01368	0.00669	0.04354	0.01089	0.02739	0.00860	0.00994	0.00665	0.00564	0.00381	0.00186	0.00472	0.00334	0.00381	0.00665
3	0.13044	0.02878	0.03424	0.30424	0.16189	0.01354	0.07808	0.03985	0.04090	0.01954	0.01373	0.01846	0.03335	0.00657	0.00583	0.00194	0.00705	0.03609	0.00338	0.02208
4	0.08869	0.01062	0.01331	0.01015	0.01489	0.00928	0.00833	0.04290	0.01585	0.50972	0.01927	0.01762	0.01273	0.00660	0.00550	0.00164	0.00497	0.00524	0.00622	0.19649
5	0.01637	0.01350	0.05271	0.11550	0.45908	0.01286	0.01593	0.02019	0.03031	0.15078	0.01407	0.01640	0.01066	0.00595	0.00590	0.00182	0.00673	0.00548	0.03660	0.00914
6	0.02251	0.05044	0.01838	0.01405	0.01851	0.17830	0.01143	0.55129	0.02524	0.03200	0.01310	0.01348	0.00960	0.00692	0.00580	0.00173	0.00752	0.00500	0.00526	0.00943
7	0.01079	0.00705	0.00953	0.01021	0.01195	0.00678	0.00873	0.01339	0.01438	0.08125	0.09318	0.06083	0.11328	0.01533	0.00788	0.00254	0.00501	0.51619	0.00580	0.00590
8	0.14431	0.01030	0.01329	0.01168	0.06197	0.00958	0.00881	0.02509	0.01593	0.52616	0.09259	0.02095	0.01745	0.00751	0.00580	0.00186	0.00495	0.00607	0.00652	0.00918
9	0.01608	0.79220	0.03152	0.01029	0.01544	0.02380	0.01029	0.01801	0.01222	0.01415	0.00836	0.00965	0.00772	0.00515	0.00386	0.00129	0.00643	0.00322	0.00257	0.00772
10	0.83108	0.01163	0.00884	0.00791	0.01163	0.01350	0.00651	0.01768	0.01024	0.02699	0.00838	0.00977	0.00651	0.00558	0.00372	0.00186	0.00465	0.00326	0.00372	0.00651
11	0.01045	0.00522	0.00784	0.00784	0.00784	0.00522	0.00522	0.00784	0.00784	0.01045	0.01045	0.01829	0.01045	0.02090	0.02351	0.82497	0.00522	0.00522	0.00261	0.00261
12	0.01200	0.02945	0.70103	0.01657	0.02496	0.01364	0.02110	0.01913	0.03601	0.01947	0.04343	0.01442	0.01011	0.00608	0.00579	0.00191	0.00849	0.00480	0.00283	0.00877
13	0.01464	0.01264	0.01329	0.01199	0.01533	0.01455	0.00932	0.03099	0.70991	0.02479	0.02600	0.02392	0.04880	0.00846	0.00616	0.00204	0.00469	0.00705	0.00610	0.00934
14	0.02553	0.01037	0.01421	0.06036	0.01706	0.00936	0.00938	0.02851	0.04380	0.67997	0.02291	0.02026	0.01457	0.00738	0.00605	0.00188	0.00529	0.00603	0.00709	0.00998
15	0.01136	0.01069	0.01804	0.77412	0.04143	0.01337	0.01671	0.01537	0.01203	0.01537	0.01069	0.01604	0.00802	0.00601	0.00601	0.00200	0.00802	0.00535	0.00267	0.00668
16	0.01246	0.01212	0.01799	0.67737	0.03842	0.06248	0.01611	0.03538	0.01270	0.01591	0.01061	0.01556	0.00806	0.00622	0.00646	0.00199	0.03533	0.00525	0.00279	0.00679
17	0.00846	0.00621	0.00794	0.00867	0.00963	0.00577	0.00598	0.04195	0.01236	0.01673	0.03046	0.68624	0.03591	0.01714	0.00734	0.00229	0.00371	0.01546	0.00544	0.07230
18	0.01573	0.71902	0.07829	0.01091	0.01614	0.02300	0.01116	0.01797	0.01216	0.01448	0.00851	0.00996	0.00772	0.00535	0.00446	0.00137	0.03009	0.00336	0.00257	0.00776
19	0.01136	0.01069	0.01804	0.77412	0.04143	0.01337	0.01671	0.01537	0.01203	0.01537	0.01069	0.01604	0.00802	0.00601	0.00601	0.00200	0.00802	0.00535	0.00267	0.00668
20	0.01247	0.01069	0.01247	0.00891	0.01426	0.00802	0.00713	0.01515	0.01247	0.01960	0.01069	0.01247	0.00891	0.00446	0.00446	0.00089	0.00446	0.00356	0.00356	0.82536
21	0.01275	0.01118	0.01433	0.04599	0.11488	0.00910	0.00907	0.01560	0.01262	0.01943	0.01078	0.01296	0.00895	0.00465	0.00473	0.00106	0.00497	0.00388	0.00345	0.67962
22	0.00869	0.00749	0.03095	0.00870	0.03265	0.00652	0.00661	0.01186	0.04836	0.02065	0.38360	0.04685	0.28425	0.01381	0.02833	0.00220	0.00381	0.04294	0.00587	0.00585
23	0.00732	0.00527	0.00694	0.00827	0.00870	0.00490	0.00554	0.00839	0.01162	0.01540	0.03443	0.75129	0.07233	0.01868	0.00765	0.00242	0.00347	0.01690	0.00558	0.00490
24	0.01316	0.02442	0.45844	0.02413	0.25367	0.01419	0.08897	0.01889	0.01316	0.01926	0.01109	0.01373	0.00836	0.00554	0.00592	0.00188	0.00846	0.00499	0.00273	0.00902

[dist]
# distance from previous block
# <min> <max>
0	1

[block]
# block no. 5 follows, 38 sequences, length 22
# corresponding to MSA columns:
# 328-349
name=unknown_F
#
# <colnr> <probs for GDERKNQSTAVLIFYWHMCP>
#	G	D	E	R	K	N	Q	S	T	A	V	L	I	F	Y	W	H	M	C	P
0	0.01646	0.66396	0.08032	0.01116	0.01649	0.04423	0.01124	0.06749	0.01351	0.01615	0.00898	0.01023	0.00789	0.00536	0.00418	0.00137	0.00674	0.00347	0.00282	0.00795
1	0.09358	0.07817	0.49729	0.01703	0.04546	0.01499	0.09260	0.05801	0.01347	0.02057	0.01075	0.01273	0.00788	0.00567	0.00556	0.00186	0.00826	0.00460	0.00291	0.00859
2	0.01827	0.05931	0.06177	0.12830	0.14994	0.39359	0.01399	0.03581	0.05184	0.01689	0.01076	0.01301	0.00867	0.00607	0.00559	0.00169	0.00908	0.00453	0.00317	0.00772
3	0.83108	0.01163	0.00884	0.00791	0.01163	0.01350	0.00651	0.01768	0.01024	0.02699	0.00838	0.00977	0.00651	0.00558	0.00372	0.00186	0.00465	0.00326	0.00372	0.00651
4	0.01111	0.00715	0.00809	0.00753	0.00975	0.00641	0.00565	0.02746	0.04249	0.13434	0.08594	0.10671	0.43623	0.07320	0.00874	0.00232	0.00375	0.01122	0.00582	0.00608
5	0.00743	0.00528	0.00695	0.00825	0.00858	0.00495	0.00545	0.00840	0.01133	0.01510	0.03218	0.73317	0.03855	0.07202	0.00926	0.00268	0.00365	0.01652	0.00545	0.00480
6	0.00967	0.00891	0.01645	0.01405	0.01633	0.00835	0.24330	0.01211	0.01249	0.01674	0.02622	0.50505	0.02953	0.01424	0.00751	0.00232	0.00575	0.04026	0.00475	0.00597
7	0.03383	0.00636	0.00803	0.00768	0.00921	0.00595	0.00586	0.01142	0.01640	0.02331	0.63575	0.04608	0.10228	0.01255	0.00706	0.00195	0.00306	0.05117	0.00640	0.00565
8	0.01293	0.01106	0.01368	0.01000	0.01510	0.00886	0.04329	0.05816	0.01347	0.02048	0.01212	0.05161	0.01055	0.00538	0.00484	0.00108	0.00482	0.00453	0.00379	0.69425
9	0.77478	0.06556	0.01041	0.00808	0.01190	0.01421	0.00678	0.01771	0.01037	0.02610	0.00838	0.00976	0.00660	0.00555	0.00373	0.00182	0.00478	0.00325	0.00364	0.00660
10	0.11903	0.00849	0.00867	0.00775	0.00988	0.00907	0.00595	0.14954	0.01457	0.02412	0.01620	0.01978	0.01312	0.05130	0.00794	0.08733	0.00418	0.00540	0.43149	0.00618
11	0.01207	0.03112	0.75741	0.01715	0.02604	0.01397	0.02223	0.01905	0.01270	0.01905	0.01080	0.01270	0.00762	0.00572	0.00572	0.00191	0.00889	0.00445	0.00254	0.00889
12	0.01045	0.00522	0.00784	0.00784	0.00784	0.00522	0.00522	0.00784	0.00784	0.01045	0.01045	0.01829	0.01045	0.02090	0.02351	0.82497	0.00522	0.00522	0.00261	0.00261
13	0.02622	0.01074	0.01418	0.01095	0.01556	0.00968	0.00902	0.06995	0.04989	0.68146	0.02323	0.02021	0.01478	0.00746	0.00605	0.00187	0.00519	0.00605	0.00730	0.01021
14	0.00831	0.00614	0.00775	0.00735	0.00886	0.00559	0.00551	0.01095	0.01654	0.02297	0.64681	0.04684	0.15856	0.01273	0.00710	0.00191	0.00287	0.01115	0.00647	0.00559
15	0.00861	0.00578	0.00660	0.00673	0.00677	0.00574	0.00383	0.00871	0.00901	0.01202	0.02031	0.11043	0.02358	0.71519	0.02843	0.00551	0.00561	0.00954	0.00383	0.00376
16	0.01172	0.01106	0.01870	0.69821	0.11451	0.01346	0.01689	0.01569	0.01220	0.01581	0.01076	0.01592	0.00817	0.00595	0.00601	0.00198	0.00793	0.00535	0.00270	0.00698
17	0.00733	0.00524	0.00698	0.00838	0.00873	0.00489	0.00558	0.00838	0.01152	0.01536	0.03316	0.78466	0.03979	0.01885	0.00768	0.00244	0.00349	0.01710	0.00558	0.00489
18	0.27427	0.01100	0.01259	0.01000	0.01438	0.01077	0.00826	0.06102	0.01563	0.49501	0.01854	0.01688	0.01208	0.00686	0.00533	0.00186	0.00505	0.00516	0.00623	0.00909
19	0.01325	0.01305	0.01800	0.04366	0.01673	0.01794	0.01298	0.01599	0.07120	0.01542	0.00940	0.01405	0.00879	0.01016	0.01808	0.00256	0.68357	0.00540	0.00293	0.00683
20	0.01300	0.01100	0.01276	0.00916	0.01448	0.00856	0.00735	0.05144	0.01328	0.02053	0.01088	0.01257	0.00898	0.00460	0.00453	0.00094	0.00456	0.00366	0.00369	0.78403
21	0.83108	0.01163	0.00884	0.00791	0.01163	0.01350	0.00651	0.01768	0.01024	0.02699	0.00838	0.00977	0.00651	0.00558	0.00372	0.00186	0.00465	0.00326	0.00372	0.00651

[dist]
# distance from previous block
# <min> <max>
0	1

[block]
# block no. 6 follows, 38 sequences, length 14
# corresponding to MSA columns:
# 351-364
name=unknown_G
#
# <colnr> <probs for GDERKNQSTAVLIFYWHMCP>
#	G	D	E	R	K	N	Q	S	T	A	V	L	I	F	Y	W	H	M	C	P
0	0.00726	0.00610	0.00630	0.00625	0.00822	0.00514	0.00469	0.00892	0.01406	0.01708	0.13317	0.05653	0.67587	0.01493	0.00711	0.00202	0.00303	0.01251	0.00570	0.00514
1	0.05124	0.01334	0.01472	0.09790	0.01892	0.01540	0.01055	0.15849	0.49555	0.02650	0.02039	0.01970	0.01519	0.00764	0.00599	0.00199	0.00547	0.00623	0.00561	0.00920
2	0.01428	0.01467	0.02737	0.14957	0.06708	0.01573	0.37968	0.07624	0.01404	0.01928	0.01127	0.01541	0.00882	0.00643	0.00911	0.00211	0.15169	0.00623	0.00315	0.00784
3	0.00747	0.00611	0.00659	0.00647	0.00835	0.00523	0.00485	0.00933	0.01456	0.01826	0.23658	0.05458	0.57172	0.01448	0.00711	0.00200	0.00299	0.01223	0.00585	0.00523
4	0.01207	0.03112	0.75741	0.01715	0.02604	0.01397	0.02223	0.01905	0.01270	0.01905	0.01080	0.01270	0.00762	0.00572	0.00572	0.00191	0.00889	0.00445	0.00254	0.00889
5	0.00752	0.00609	0.00669	0.00672	0.00851	0.00527	0.00505	0.00935	0.01431	0.01795	0.20523	0.09379	0.53644	0.01485	0.00718	0.00205	0.00312	0.03886	0.00581	0.00521
6	0.01648	0.74523	0.03063	0.01061	0.01563	0.06937	0.01038	0.01838	0.01252	0.01419	0.00842	0.00972	0.00772	0.00521	0.00396	0.00130	0.00670	0.00326	0.00261	0.00767
7	0.01496	0.01292	0.01360	0.01224	0.01564	0.01496	0.00952	0.03197	0.74019	0.02516	0.02448	0.02244	0.01836	0.00816	0.00612	0.00204	0.00476	0.00680	0.00612	0.00952
8	0.01756	0.02020	0.06475	0.02279	0.28433	0.27884	0.01444	0.04144	0.13869	0.01916	0.01280	0.01456	0.01026	0.00634	0.00615	0.00178	0.02877	0.00502	0.00360	0.00853
9	0.01138	0.01054	0.01500	0.01340	0.01382	0.01416	0.01096	0.01302	0.00939	0.01428	0.01111	0.01725	0.01069	0.02404	0.31080	0.00538	0.48008	0.00573	0.00286	0.00611
10	0.00875	0.00583	0.00656	0.00656	0.00656	0.00583	0.00365	0.00875	0.00875	0.01166	0.01895	0.03937	0.02187	0.78858	0.03062	0.00583	0.00583	0.00875	0.00365	0.00365
11	0.01432	0.01637	0.12291	0.07415	0.61489	0.01420	0.01887	0.01837	0.01347	0.01934	0.01121	0.01466	0.00919	0.00544	0.00593	0.00181	0.00743	0.00524	0.00290	0.00929
12	0.75651	0.01150	0.00932	0.00817	0.01198	0.01306	0.00673	0.01876	0.01089	0.09453	0.00980	0.01077	0.00729	0.00576	0.00394	0.00186	0.00470	0.00352	0.00407	0.00686
13	0.02157	0.02618	0.01669	0.01477	0.01820	0.64231	0.01119	0.07247	0.01741	0.01679	0.00979	0.01125	0.00803	0.00611	0.00538	0.00151	0.00996	0.00395	0.00335	0.08310

[dist]
# distance from previous block
# <min> <max>
3	40

[block]
# block no. 7 follows, 38 sequences, length 10
# corresponding to MSA columns:
# 408-417
name=unknown_H
#
# <colnr> <probs for GDERKNQSTAVLIFYWHMCP>
#	G	D	E	R	K	N	Q	S	T	A	V	L	I	F	Y	W	H	M	C	P
0	0.01600	0.01513	0.02559	0.03328	0.56270	0.01481	0.12248	0.01967	0.04377	0.02105	0.01461	0.05365	0.01278	0.00717	0.00690	0.00216	0.00782	0.00674	0.00381	0.00987
1	0.00742	0.00545	0.00699	0.00818	0.00883	0.00502	0.00565	0.00863	0.01196	0.01563	0.03718	0.63996	0.14380	0.01820	0.00763	0.00240	0.00353	0.05300	0.00558	0.00495
2	0.01473	0.01215	0.01665	0.10302	0.12702	0.01365	0.04335	0.20183	0.03281	0.02263	0.01625	0.08957	0.03050	0.05063	0.00942	0.00221	0.11963	0.00694	0.07934	0.00768
3	0.01580	0.01109	0.01310	0.00976	0.01478	0.00928	0.00785	0.05103	0.08089	0.15446	0.01449	0.01493	0.01092	0.00546	0.00497	0.00121	0.00470	0.00439	0.00461	0.56628
4	0.01819	0.12859	0.01967	0.01473	0.01713	0.31756	0.01199	0.08462	0.01452	0.01668	0.00912	0.01186	0.00803	0.00774	0.01054	0.00194	0.29232	0.00444	0.00312	0.00723
5	0.01497	0.01868	0.12155	0.02467	0.22636	0.10889	0.23038	0.01881	0.01339	0.01798	0.01068	0.01421	0.00866	0.00629	0.00850	0.00199	0.13733	0.00556	0.00290	0.00821
6	0.04397	0.01664	0.01673	0.26443	0.04991	0.21011	0.01292	0.19205	0.01748	0.02142	0.01443	0.01879	0.03936	0.00732	0.00596	0.00187	0.00793	0.04716	0.00393	0.00758
7	0.01333	0.01352	0.01831	0.12735	0.01970	0.05221	0.01361	0.01505	0.00999	0.01462	0.00837	0.01348	0.00791	0.00966	0.01706	0.00249	0.62887	0.00521	0.00266	0.00661
8	0.00914	0.00737	0.01064	0.01009	0.01136	0.00756	0.05984	0.03481	0.01260	0.01712	0.11765	0.33955	0.09704	0.06147	0.12088	0.00354	0.05692	0.01199	0.00489	0.00554
9	0.00842	0.00583	0.00722	0.00742	0.00782	0.00582	0.00477	0.00929	0.01062	0.01449	0.12867	0.18546	0.02976	0.43757	0.10648	0.00502	0.00610	0.01045	0.00442	0.00439

[dist]
# distance from previous block
# <min> <max>
0	61

# created by:
# /software/SequenceAnalysis/GenePrediction/augustus/3.0.1/scripts/msa2prfl.pl ./fixed/BUSCOvEOG7WDFS0.fas
