[name]
unknown

[dist]
# distance from previous block
# <min> <max>
0	94

[block]
# block no. 0 follows, 40 sequences, length 37
# corresponding to MSA columns:
# 105-141
name=unknown_A
#
# <colnr> <probs for GDERKNQSTAVLIFYWHMCP>
#	G	D	E	R	K	N	Q	S	T	A	V	L	I	F	Y	W	H	M	C	P
0	0.01456	0.01134	0.01318	0.00977	0.01492	0.00869	0.00766	0.01666	0.01332	0.07412	0.01275	0.01470	0.01046	0.00555	0.00509	0.00123	0.00488	0.00413	0.00422	0.75277
1	0.00709	0.00506	0.00675	0.00810	0.00843	0.00472	0.00540	0.00810	0.01113	0.01484	0.03205	0.79184	0.03846	0.01822	0.00742	0.00236	0.00337	0.01653	0.00540	0.00472
2	0.01439	0.01382	0.02360	0.03569	0.75936	0.01382	0.01785	0.01785	0.01324	0.01900	0.01094	0.01439	0.00921	0.00518	0.00576	0.00173	0.00691	0.00518	0.00288	0.00921
3	0.01555	0.79913	0.03047	0.00995	0.01493	0.02301	0.00995	0.01741	0.01182	0.01368	0.00808	0.00933	0.00746	0.00498	0.00373	0.00124	0.00622	0.00311	0.00249	0.00746
4	0.02226	0.01605	0.01730	0.01327	0.01791	0.01768	0.01096	0.71327	0.02694	0.06391	0.01430	0.01418	0.01006	0.00699	0.00582	0.00175	0.00634	0.00526	0.00587	0.00989
5	0.01098	0.01034	0.01744	0.78165	0.04005	0.01292	0.01615	0.01486	0.01163	0.01486	0.01034	0.01550	0.00775	0.00581	0.00581	0.00194	0.00775	0.00517	0.00258	0.00646
6	0.00846	0.00564	0.00634	0.00634	0.00634	0.00564	0.00352	0.00846	0.00846	0.01128	0.01832	0.03805	0.02114	0.79563	0.02960	0.00564	0.00564	0.00846	0.00352	0.00352
7	0.01373	0.01569	0.03431	0.02451	0.03039	0.01471	0.73824	0.01863	0.01373	0.01863	0.01176	0.01569	0.00882	0.00490	0.00686	0.00196	0.00980	0.00686	0.00294	0.00784
8	0.00709	0.00506	0.00675	0.00810	0.00843	0.00472	0.00540	0.00810	0.01113	0.01484	0.03205	0.79184	0.03846	0.01822	0.00742	0.00236	0.00337	0.01653	0.00540	0.00472
9	0.00767	0.00551	0.00727	0.00770	0.00856	0.00512	0.00544	0.00957	0.01387	0.01920	0.40389	0.40759	0.04689	0.01497	0.00713	0.00209	0.00305	0.01344	0.00591	0.00512
10	0.02172	0.02772	0.01648	0.01498	0.01798	0.77228	0.01124	0.02322	0.01648	0.01423	0.00899	0.01049	0.00749	0.00599	0.00524	0.00150	0.01049	0.00375	0.00300	0.00674
11	0.00846	0.00564	0.00634	0.00634	0.00634	0.00564	0.00352	0.00846	0.00846	0.01128	0.01832	0.03805	0.02114	0.79563	0.02960	0.00564	0.00564	0.00846	0.00352	0.00352
12	0.02211	0.01629	0.01745	0.01338	0.01803	0.01803	0.01105	0.73997	0.02734	0.03665	0.01396	0.01396	0.00989	0.00698	0.00582	0.00175	0.00640	0.00524	0.00582	0.00989
13	0.02111	0.12490	0.01892	0.01338	0.01760	0.23648	0.01096	0.43581	0.02212	0.02709	0.01174	0.01234	0.00887	0.00643	0.00537	0.00161	0.00756	0.00452	0.00455	0.00865
14	0.02203	0.01865	0.01725	0.01371	0.01802	0.17406	0.01109	0.59170	0.02509	0.03201	0.01293	0.01324	0.00939	0.00678	0.00570	0.00169	0.00724	0.00493	0.00523	0.00924
15	0.19207	0.02596	0.59998	0.01462	0.02212	0.01340	0.01816	0.01813	0.01176	0.02009	0.00992	0.01166	0.00713	0.00550	0.00510	0.00183	0.00770	0.00405	0.00271	0.00809
16	0.00704	0.00524	0.00656	0.00761	0.00831	0.00476	0.00518	0.00815	0.01160	0.01503	0.03792	0.63093	0.19558	0.01746	0.00730	0.00227	0.00328	0.01560	0.00540	0.00476
17	0.01302	0.01255	0.02052	0.25110	0.38463	0.01443	0.01623	0.01612	0.01182	0.01668	0.01004	0.01436	0.00844	0.00646	0.00869	0.00197	0.17730	0.00516	0.00272	0.00778
18	0.00943	0.00807	0.01358	0.01108	0.01343	0.00750	0.16571	0.01265	0.01586	0.02229	0.59349	0.03737	0.04480	0.01036	0.00686	0.00186	0.00429	0.00972	0.00564	0.00600
19	0.01960	0.01364	0.01517	0.01202	0.01565	0.01491	0.00966	0.55812	0.02269	0.05300	0.01339	0.01495	0.01007	0.00988	0.00952	0.18303	0.00606	0.00521	0.00514	0.00828
20	0.00704	0.00524	0.00656	0.00761	0.00831	0.00476	0.00518	0.00815	0.01160	0.01503	0.03792	0.63093	0.19558	0.01746	0.00730	0.00227	0.00328	0.01560	0.00540	0.00476
21	0.01443	0.01165	0.01264	0.01134	0.01426	0.01307	0.00875	0.17259	0.43828	0.02480	0.02349	0.18850	0.02065	0.00996	0.00623	0.00201	0.00471	0.00847	0.00578	0.00837
22	0.02181	0.02522	0.01669	0.01463	0.01799	0.60736	0.01120	0.17995	0.01885	0.01913	0.01008	0.01125	0.00802	0.00621	0.00537	0.00155	0.00959	0.00407	0.00361	0.00743
23	0.00823	0.00594	0.00777	0.00732	0.00869	0.00549	0.00549	0.01097	0.01646	0.02332	0.75629	0.04344	0.05487	0.01189	0.00686	0.00183	0.00274	0.01052	0.00640	0.00549
24	0.02155	0.01601	0.01714	0.01327	0.01782	0.01778	0.01092	0.68868	0.07953	0.03576	0.01466	0.01452	0.01046	0.00705	0.00582	0.00176	0.00627	0.00533	0.00582	0.00984
25	0.00724	0.00577	0.00685	0.00717	0.00855	0.00538	0.00527	0.00873	0.01190	0.01502	0.04306	0.22338	0.42410	0.02187	0.17444	0.00367	0.00581	0.01196	0.00490	0.00493
26	0.01857	0.01519	0.06979	0.01303	0.01724	0.01523	0.01144	0.52860	0.02320	0.03112	0.01739	0.02513	0.01486	0.00886	0.00628	0.00196	0.00633	0.16151	0.00547	0.00880
27	0.01555	0.79913	0.03047	0.00995	0.01493	0.02301	0.00995	0.01741	0.01182	0.01368	0.00808	0.00933	0.00746	0.00498	0.00373	0.00124	0.00622	0.00311	0.00249	0.00746
28	0.01251	0.19824	0.60478	0.01513	0.02293	0.01558	0.01896	0.01820	0.01218	0.01738	0.00992	0.01163	0.00739	0.00540	0.00513	0.00171	0.00807	0.00404	0.00246	0.00835
29	0.65638	0.01105	0.00931	0.00786	0.01180	0.01189	0.00643	0.01656	0.01037	0.02453	0.00859	0.01002	0.00680	0.00516	0.00375	0.00159	0.00446	0.00321	0.00357	0.18667
30	0.01198	0.18282	0.02029	0.61291	0.03456	0.01513	0.01479	0.01542	0.01167	0.01460	0.00984	0.01415	0.00769	0.00563	0.00536	0.00179	0.00742	0.00472	0.00256	0.00668
31	0.00829	0.00617	0.00900	0.00890	0.01001	0.00688	0.00688	0.01051	0.01090	0.01565	0.17754	0.02735	0.02336	0.03668	0.60515	0.00770	0.01277	0.00717	0.00383	0.00526
32	0.00887	0.00667	0.00903	0.17616	0.01425	0.00714	0.00674	0.01025	0.01066	0.01430	0.13934	0.08853	0.02503	0.43737	0.01904	0.00396	0.00546	0.00866	0.00393	0.00458
33	0.01116	0.00677	0.00835	0.17536	0.01434	0.00738	0.00688	0.03218	0.01245	0.02057	0.01696	0.02013	0.01321	0.00657	0.00449	0.00149	0.00391	0.00536	0.62669	0.00576
34	0.01351	0.01504	0.03071	0.02249	0.02708	0.01539	0.57959	0.01761	0.01267	0.01761	0.01086	0.01504	0.00856	0.00606	0.00954	0.00209	0.17931	0.00647	0.00285	0.00752
35	0.18858	0.00648	0.00722	0.00794	0.00907	0.00660	0.00560	0.01027	0.01125	0.01792	0.07920	0.56662	0.03262	0.01496	0.00655	0.00220	0.00357	0.01317	0.00508	0.00512
36	0.00831	0.00623	0.00935	0.00935	0.01038	0.00727	0.00727	0.01038	0.00935	0.01350	0.01558	0.02285	0.01454	0.04361	0.77259	0.00935	0.01558	0.00623	0.00312	0.00519

[dist]
# distance from previous block
# <min> <max>
0	1

[block]
# block no. 1 follows, 40 sequences, length 13
# corresponding to MSA columns:
# 143-155
name=unknown_B
#
# <colnr> <probs for GDERKNQSTAVLIFYWHMCP>
#	G	D	E	R	K	N	Q	S	T	A	V	L	I	F	Y	W	H	M	C	P
0	0.01555	0.79913	0.03047	0.00995	0.01493	0.02301	0.00995	0.01741	0.01182	0.01368	0.00808	0.00933	0.00746	0.00498	0.00373	0.00124	0.00622	0.00311	0.00249	0.00746
1	0.01206	0.01034	0.01206	0.00861	0.01378	0.00775	0.00689	0.01464	0.01206	0.01895	0.01034	0.01206	0.00861	0.00431	0.00431	0.00086	0.00431	0.00345	0.00345	0.83118
2	0.01145	0.00955	0.01110	0.00823	0.01253	0.00740	0.00633	0.01361	0.01145	0.01766	0.01167	0.01642	0.01071	0.13697	0.00855	0.00166	0.00453	0.00429	0.00346	0.69242
3	0.01373	0.01569	0.03431	0.02451	0.03039	0.01471	0.73824	0.01863	0.01373	0.01863	0.01176	0.01569	0.00882	0.00490	0.00686	0.00196	0.00980	0.00686	0.00294	0.00784
4	0.01166	0.03008	0.76550	0.01657	0.02517	0.01351	0.02149	0.01842	0.01228	0.01842	0.01044	0.01228	0.00737	0.00552	0.00552	0.00184	0.00859	0.00430	0.00246	0.00859
5	0.02176	0.01345	0.01534	0.01195	0.01623	0.01415	0.00982	0.46512	0.02269	0.23929	0.01878	0.01813	0.04794	0.00935	0.04628	0.00217	0.00630	0.00580	0.00604	0.00940
6	0.00832	0.00620	0.00918	0.00918	0.01016	0.00718	0.00706	0.01028	0.00930	0.01338	0.01573	0.02368	0.01490	0.08502	0.73168	0.00914	0.01503	0.00635	0.00314	0.00510
7	0.01805	0.01415	0.01359	0.01197	0.01538	0.13976	0.00940	0.02804	0.42120	0.18994	0.02142	0.02170	0.01610	0.00785	0.00590	0.00189	0.00571	0.04354	0.00569	0.00875
8	0.01619	0.12308	0.04285	0.01217	0.01609	0.05699	0.01016	0.14707	0.46094	0.02417	0.01864	0.01776	0.01410	0.00715	0.00555	0.00180	0.00558	0.00564	0.00515	0.00893
9	0.00950	0.00759	0.00795	0.00733	0.00963	0.00712	0.00563	0.13110	0.01564	0.01950	0.07941	0.08800	0.56339	0.01350	0.00672	0.00194	0.00354	0.01125	0.00551	0.00576
10	0.01502	0.14456	0.01626	0.01159	0.01523	0.01607	0.00942	0.06305	0.59027	0.02314	0.02058	0.01925	0.01564	0.00736	0.00555	0.00184	0.00496	0.00593	0.00534	0.00895
11	0.00804	0.00580	0.00760	0.00745	0.00865	0.00536	0.00547	0.01049	0.01557	0.02190	0.63487	0.16891	0.05212	0.01295	0.00695	0.00192	0.00285	0.01153	0.00623	0.00536
12	0.00709	0.00506	0.00675	0.00810	0.00843	0.00472	0.00540	0.00810	0.01113	0.01484	0.03205	0.79184	0.03846	0.01822	0.00742	0.00236	0.00337	0.01653	0.00540	0.00472

[dist]
# distance from previous block
# <min> <max>
1	3

[block]
# block no. 2 follows, 40 sequences, length 45
# corresponding to MSA columns:
# 160-204
name=unknown_C
#
# <colnr> <probs for GDERKNQSTAVLIFYWHMCP>
#	G	D	E	R	K	N	Q	S	T	A	V	L	I	F	Y	W	H	M	C	P
0	0.01206	0.01034	0.01206	0.00861	0.01378	0.00775	0.00689	0.01464	0.01206	0.01895	0.01034	0.01206	0.00861	0.00431	0.00431	0.00086	0.00431	0.00345	0.00345	0.83118
1	0.01206	0.01034	0.01206	0.00861	0.01378	0.00775	0.00689	0.01464	0.01206	0.01895	0.01034	0.01206	0.00861	0.00431	0.00431	0.00086	0.00431	0.00345	0.00345	0.83118
2	0.29316	0.01049	0.01385	0.43854	0.02729	0.01274	0.01201	0.01536	0.01120	0.01916	0.05338	0.01496	0.01002	0.00622	0.00569	0.00191	0.03974	0.00479	0.00315	0.00634
3	0.02066	0.02497	0.01585	0.01422	0.01723	0.64563	0.01075	0.08319	0.01740	0.01688	0.07032	0.01347	0.01156	0.00656	0.00542	0.00155	0.00951	0.00442	0.00351	0.00691
4	0.00879	0.00686	0.00856	0.00827	0.01026	0.00576	0.00591	0.01033	0.01145	0.01625	0.02463	0.52528	0.02826	0.01346	0.00636	0.00185	0.00369	0.01206	0.00473	0.28724
5	0.00853	0.00649	0.00836	0.04395	0.01142	0.00626	0.00748	0.01073	0.01324	0.01690	0.09913	0.05684	0.25614	0.06073	0.00874	0.00253	0.00452	0.36760	0.00522	0.00517
6	0.00687	0.00589	0.00589	0.00589	0.00785	0.00491	0.00442	0.00835	0.01325	0.01571	0.05891	0.05596	0.75700	0.01473	0.00687	0.00196	0.00295	0.01227	0.00540	0.00491
7	0.01404	0.50105	0.31537	0.01252	0.01890	0.01933	0.01442	0.01780	0.01199	0.01552	0.00900	0.01047	0.00743	0.00519	0.00443	0.00148	0.00714	0.00357	0.00248	0.00790
8	0.01317	0.00952	0.01031	0.00874	0.01168	0.00945	0.00694	0.24668	0.01836	0.07107	0.11309	0.03878	0.39620	0.01145	0.00646	0.00187	0.00417	0.00941	0.00575	0.00690
9	0.01263	0.01354	0.02755	0.32792	0.03426	0.01399	0.44888	0.01712	0.01288	0.01712	0.01119	0.01561	0.00839	0.00527	0.00644	0.00195	0.00898	0.00618	0.00280	0.00729
10	0.01355	0.06951	0.27390	0.02761	0.46449	0.01430	0.01857	0.01801	0.01283	0.01846	0.01059	0.01336	0.00848	0.00528	0.00555	0.00173	0.00743	0.00475	0.00271	0.00889
11	0.01447	0.58595	0.23422	0.01179	0.01776	0.02038	0.01315	0.01769	0.01194	0.01499	0.00874	0.01015	0.00744	0.00513	0.00423	0.00141	0.00688	0.00344	0.00248	0.00778
12	0.01214	0.01013	0.01113	0.01027	0.01290	0.01120	0.00799	0.02345	0.47957	0.02302	0.19564	0.03197	0.08331	0.00983	0.00634	0.00198	0.00409	0.05128	0.00596	0.00779
13	0.01700	0.00796	0.01060	0.00896	0.01185	0.00716	0.00708	0.01956	0.02925	0.38623	0.27185	0.07894	0.06361	0.01140	0.03928	0.00218	0.00446	0.00843	0.00653	0.00764
14	0.01339	0.00990	0.01147	0.00981	0.01242	0.01036	0.00779	0.26140	0.06317	0.02766	0.42620	0.03310	0.03633	0.01017	0.00650	0.00185	0.00422	0.04095	0.00613	0.00720
15	0.01166	0.03008	0.76550	0.01657	0.02517	0.01351	0.02149	0.01842	0.01228	0.01842	0.01044	0.01228	0.00737	0.00552	0.00552	0.00184	0.00859	0.00430	0.00246	0.00859
16	0.83671	0.01125	0.00855	0.00765	0.01125	0.01305	0.00630	0.01709	0.00990	0.02609	0.00810	0.00945	0.00630	0.00540	0.00360	0.00180	0.00450	0.00315	0.00360	0.00630
17	0.01510	0.02927	0.50945	0.01603	0.02271	0.27289	0.01798	0.02006	0.01371	0.01699	0.00994	0.01167	0.00741	0.00568	0.00543	0.00172	0.00924	0.00411	0.00264	0.00796
18	0.01166	0.03008	0.76550	0.01657	0.02517	0.01351	0.02149	0.01842	0.01228	0.01842	0.01044	0.01228	0.00737	0.00552	0.00552	0.00184	0.00859	0.00430	0.00246	0.00859
19	0.01004	0.00854	0.00897	0.00840	0.01084	0.00879	0.00643	0.01762	0.30831	0.01984	0.10666	0.04112	0.39847	0.01174	0.00649	0.00196	0.00359	0.00983	0.00570	0.00668
20	0.01166	0.03008	0.76550	0.01657	0.02517	0.01351	0.02149	0.01842	0.01228	0.01842	0.01044	0.01228	0.00737	0.00552	0.00552	0.00184	0.00859	0.00430	0.00246	0.00859
21	0.00787	0.00571	0.00748	0.00789	0.00891	0.00531	0.00582	0.00993	0.01407	0.01927	0.38476	0.31377	0.08223	0.01474	0.00719	0.00212	0.00326	0.08862	0.00588	0.00517
22	0.01924	0.02251	0.01534	0.01391	0.01700	0.51323	0.01054	0.02585	0.26683	0.01768	0.01401	0.01432	0.01100	0.00664	0.00547	0.00166	0.00848	0.00471	0.00399	0.00758
23	0.01084	0.00542	0.00542	0.00542	0.00678	0.00542	0.00407	0.01355	0.01220	0.02168	0.01897	0.02168	0.01491	0.00678	0.00407	0.00136	0.00271	0.00542	0.82791	0.00542
24	0.01382	0.01193	0.01253	0.01133	0.01450	0.01365	0.00880	0.02898	0.68627	0.02359	0.02667	0.02461	0.08064	0.00847	0.00600	0.00197	0.00446	0.00706	0.00587	0.00884
25	0.02555	0.01076	0.01403	0.01076	0.01528	0.00983	0.00889	0.12487	0.01810	0.66481	0.02172	0.01900	0.01378	0.00717	0.00584	0.00179	0.00515	0.00576	0.00701	0.00990
26	0.00897	0.00649	0.00883	0.00991	0.01126	0.00636	0.00846	0.01148	0.01353	0.01763	0.09236	0.09417	0.09697	0.01570	0.00781	0.00253	0.00485	0.57192	0.00545	0.00530
27	0.20088	0.01133	0.01414	0.01097	0.01538	0.01107	0.05134	0.11407	0.01634	0.46881	0.01794	0.01658	0.01175	0.00664	0.00542	0.00180	0.00532	0.00525	0.00599	0.00899
28	0.08849	0.01588	0.01673	0.01291	0.01748	0.01763	0.01067	0.68105	0.02592	0.03579	0.01348	0.01359	0.00960	0.00685	0.00564	0.00175	0.00624	0.00507	0.00564	0.00960
29	0.01387	0.01329	0.02266	0.14945	0.64967	0.01368	0.01759	0.01739	0.01300	0.01837	0.01085	0.01456	0.00899	0.00528	0.00577	0.00176	0.00704	0.00518	0.00283	0.00879
30	0.01206	0.01034	0.01206	0.00861	0.01378	0.00775	0.00689	0.01464	0.01206	0.01895	0.01034	0.01206	0.00861	0.00431	0.00431	0.00086	0.00431	0.00345	0.00345	0.83118
31	0.02609	0.00990	0.01350	0.01035	0.01484	0.00855	0.00855	0.02834	0.01664	0.76338	0.02294	0.01979	0.01439	0.00720	0.00585	0.00180	0.00495	0.00585	0.00720	0.00990
32	0.01962	0.01134	0.01330	0.01117	0.01500	0.01184	0.00891	0.02976	0.42398	0.35224	0.02335	0.02085	0.01626	0.00758	0.00589	0.00190	0.00476	0.00625	0.00649	0.00951
33	0.01634	0.01217	0.01361	0.05682	0.01652	0.01355	0.00950	0.13160	0.46206	0.11700	0.02363	0.02216	0.06286	0.00799	0.00595	0.00192	0.00499	0.00657	0.00583	0.00895
34	0.00688	0.00587	0.00591	0.00595	0.00787	0.00490	0.00444	0.00834	0.01320	0.01569	0.05819	0.07569	0.73774	0.01482	0.00689	0.00197	0.00296	0.01239	0.00540	0.00490
35	0.01098	0.01034	0.01744	0.78165	0.04005	0.01292	0.01615	0.01486	0.01163	0.01486	0.01034	0.01550	0.00775	0.00581	0.00581	0.00194	0.00775	0.00517	0.00258	0.00646
36	0.01010	0.00505	0.00758	0.00758	0.00758	0.00505	0.00505	0.00758	0.00758	0.01010	0.01010	0.01768	0.01010	0.02020	0.02273	0.83081	0.00505	0.00505	0.00253	0.00253
37	0.00869	0.00596	0.00740	0.00794	0.00842	0.00594	0.00563	0.00966	0.01030	0.01358	0.02339	0.09186	0.02637	0.48337	0.02092	0.00443	0.00541	0.25224	0.00426	0.00422
38	0.01439	0.01382	0.02360	0.03569	0.75936	0.01382	0.01785	0.01785	0.01324	0.01900	0.01094	0.01439	0.00921	0.00518	0.00576	0.00173	0.00691	0.00518	0.00288	0.00921
39	0.71950	0.01294	0.07115	0.01008	0.05784	0.01313	0.00824	0.01725	0.01029	0.02503	0.00846	0.00998	0.00656	0.00540	0.00389	0.00180	0.00498	0.00337	0.00346	0.00666
40	0.06852	0.16015	0.14325	0.01383	0.01824	0.42257	0.01241	0.06597	0.01525	0.01696	0.00933	0.01074	0.00754	0.00576	0.00496	0.00155	0.00881	0.00378	0.00303	0.00735
41	0.01428	0.08152	0.06820	0.02701	0.45410	0.01477	0.07450	0.02033	0.14942	0.01947	0.01309	0.01529	0.01050	0.00566	0.00569	0.00176	0.00676	0.00535	0.00339	0.00891
42	0.01199	0.09550	0.70297	0.01601	0.02430	0.01431	0.02050	0.01833	0.01224	0.01801	0.01024	0.01203	0.00737	0.00548	0.00537	0.00179	0.00839	0.00420	0.00246	0.00850
43	0.00709	0.00506	0.00675	0.00810	0.00843	0.00472	0.00540	0.00810	0.01113	0.01484	0.03205	0.79184	0.03846	0.01822	0.00742	0.00236	0.00337	0.01653	0.00540	0.00472
44	0.01450	0.01377	0.03403	0.02331	0.33308	0.01393	0.09284	0.05518	0.26217	0.02155	0.01542	0.01679	0.01201	0.00610	0.00584	0.00178	0.00629	0.00571	0.00407	0.06163

[dist]
# distance from previous block
# <min> <max>
0	1

[block]
# block no. 3 follows, 40 sequences, length 7
# corresponding to MSA columns:
# 206-212
name=unknown_D
#
# <colnr> <probs for GDERKNQSTAVLIFYWHMCP>
#	G	D	E	R	K	N	Q	S	T	A	V	L	I	F	Y	W	H	M	C	P
0	0.63335	0.10952	0.01121	0.00790	0.01140	0.01338	0.00666	0.01639	0.01093	0.02420	0.09864	0.01355	0.01232	0.00613	0.00401	0.00173	0.00450	0.00404	0.00380	0.00635
1	0.01388	0.01688	0.16331	0.03209	0.62111	0.01376	0.01853	0.01795	0.01306	0.01889	0.01084	0.01399	0.00886	0.00525	0.00571	0.00175	0.00723	0.00501	0.00280	0.00910
2	0.01783	0.01375	0.01496	0.01233	0.01626	0.01509	0.01006	0.40570	0.23680	0.02980	0.01838	0.02166	0.01465	0.00805	0.00599	0.00185	0.00562	0.08240	0.00564	0.06318
3	0.01288	0.11463	0.32550	0.02014	0.22850	0.01409	0.01677	0.01846	0.07210	0.01838	0.01355	0.01901	0.01154	0.00669	0.00567	0.00184	0.00716	0.08158	0.00317	0.00833
4	0.01080	0.00786	0.00956	0.00844	0.01042	0.00781	0.00652	0.14575	0.01847	0.02578	0.61905	0.03799	0.04655	0.01098	0.00667	0.00181	0.00342	0.00954	0.00629	0.00630
5	0.01166	0.03008	0.76550	0.01657	0.02517	0.01351	0.02149	0.01842	0.01228	0.01842	0.01044	0.01228	0.00737	0.00552	0.00552	0.00184	0.00859	0.00430	0.00246	0.00859
6	0.01320	0.02191	0.46446	0.01446	0.02117	0.01141	0.05771	0.01822	0.01277	0.11168	0.01416	0.08884	0.01149	0.00678	0.00568	0.00177	0.00718	0.00572	0.00348	0.10789

[dist]
# distance from previous block
# <min> <max>
0	1

[block]
# block no. 4 follows, 40 sequences, length 34
# corresponding to MSA columns:
# 214-247
name=unknown_E
#
# <colnr> <probs for GDERKNQSTAVLIFYWHMCP>
#	G	D	E	R	K	N	Q	S	T	A	V	L	I	F	Y	W	H	M	C	P
0	0.01003	0.00999	0.15004	0.00963	0.01145	0.00709	0.00859	0.01019	0.00882	0.01236	0.01129	0.01773	0.01050	0.02226	0.17359	0.50659	0.00788	0.00515	0.00263	0.00421
1	0.01806	0.17735	0.09538	0.01242	0.01708	0.01727	0.01132	0.43138	0.02045	0.02725	0.01268	0.01439	0.00990	0.03558	0.07168	0.00243	0.00735	0.00489	0.00448	0.00865
2	0.01493	0.46035	0.02554	0.18319	0.11506	0.08367	0.01242	0.01740	0.01235	0.01466	0.00902	0.01143	0.00775	0.00527	0.00457	0.00148	0.00701	0.00388	0.00260	0.00740
3	0.00937	0.00669	0.00937	0.01071	0.01205	0.00669	0.00937	0.01205	0.01339	0.01740	0.03079	0.06560	0.03347	0.01606	0.00803	0.00268	0.00535	0.72021	0.00535	0.00535
4	0.00837	0.00599	0.00811	0.00811	0.00872	0.00660	0.00573	0.00959	0.00898	0.01258	0.01671	0.02911	0.01726	0.35347	0.46645	0.00782	0.01148	0.00715	0.00328	0.00450
5	0.01411	0.01227	0.01359	0.09036	0.01766	0.01431	0.00991	0.02926	0.67365	0.02336	0.02231	0.02106	0.01673	0.00768	0.00591	0.00197	0.00492	0.00643	0.00558	0.00892
6	0.00823	0.00594	0.00777	0.00732	0.00869	0.00549	0.00549	0.01097	0.01646	0.02332	0.75629	0.04344	0.05487	0.01189	0.00686	0.00183	0.00274	0.01052	0.00640	0.00549
7	0.01382	0.01194	0.01337	0.09030	0.01749	0.01387	0.00992	0.02820	0.63212	0.02297	0.02271	0.02354	0.01762	0.00814	0.00603	0.00201	0.00497	0.04672	0.00555	0.00871
8	0.02211	0.01629	0.01745	0.01338	0.01803	0.01803	0.01105	0.73997	0.02734	0.03665	0.01396	0.01396	0.00989	0.00698	0.00582	0.00175	0.00640	0.00524	0.00582	0.00989
9	0.01302	0.01415	0.02976	0.17628	0.03136	0.01393	0.56125	0.01739	0.01304	0.01750	0.01141	0.01574	0.00866	0.00574	0.00733	0.03762	0.00919	0.00644	0.00285	0.00734
10	0.00726	0.00520	0.00691	0.00797	0.00847	0.00484	0.00541	0.00855	0.01197	0.01617	0.14550	0.67460	0.04103	0.01723	0.00733	0.00228	0.00328	0.01559	0.00556	0.00484
11	0.01111	0.00860	0.01177	0.16450	0.01792	0.00933	0.01031	0.09352	0.04779	0.01995	0.11141	0.06925	0.02775	0.01222	0.00709	0.00228	0.00554	0.35842	0.00500	0.00624
12	0.00736	0.00518	0.00667	0.00774	0.00801	0.00491	0.00502	0.00817	0.01059	0.01413	0.02929	0.64001	0.03497	0.17480	0.01189	0.00302	0.00383	0.01491	0.00502	0.00448
13	0.01533	0.01359	0.01958	0.09018	0.40152	0.01456	0.01454	0.13387	0.19344	0.02270	0.01444	0.01619	0.01126	0.00617	0.00581	0.00181	0.00634	0.00553	0.00405	0.00908
14	0.01005	0.00635	0.00836	0.00763	0.00932	0.00580	0.00580	0.01275	0.01648	0.09881	0.68148	0.04103	0.05074	0.01141	0.00676	0.00183	0.00297	0.01004	0.00648	0.00594
15	0.05983	0.03744	0.01741	0.04410	0.11072	0.03067	0.01211	0.11289	0.15999	0.02033	0.01224	0.01466	0.01007	0.00801	0.01098	0.00210	0.31966	0.00523	0.00375	0.00779
16	0.01334	0.01275	0.02171	0.26507	0.53817	0.01354	0.01733	0.01693	0.01275	0.01773	0.01075	0.01473	0.00876	0.00538	0.00577	0.00179	0.00717	0.00518	0.00279	0.00837
17	0.01166	0.03008	0.76550	0.01657	0.02517	0.01351	0.02149	0.01842	0.01228	0.01842	0.01044	0.01228	0.00737	0.00552	0.00552	0.00184	0.00859	0.00430	0.00246	0.00859
18	0.01555	0.79913	0.03047	0.00995	0.01493	0.02301	0.00995	0.01741	0.01182	0.01368	0.00808	0.00933	0.00746	0.00498	0.00373	0.00124	0.00622	0.00311	0.00249	0.00746
19	0.01608	0.73319	0.02928	0.01038	0.01519	0.08706	0.01006	0.01791	0.01221	0.01373	0.00816	0.00943	0.00747	0.00506	0.00386	0.00127	0.00658	0.00316	0.00253	0.00740
20	0.76652	0.07859	0.01042	0.00784	0.01156	0.01390	0.00661	0.01712	0.01006	0.02503	0.00810	0.00944	0.00640	0.00536	0.00361	0.00175	0.00465	0.00315	0.00350	0.00640
21	0.00809	0.00594	0.00758	0.00717	0.00860	0.00543	0.00538	0.01071	0.01613	0.02254	0.68515	0.04472	0.12649	0.01218	0.00686	0.00184	0.00276	0.01070	0.00630	0.00543
22	0.01206	0.01034	0.01206	0.00861	0.01378	0.00775	0.00689	0.01464	0.01206	0.01895	0.01034	0.01206	0.00861	0.00431	0.00431	0.00086	0.00431	0.00345	0.00345	0.83118
23	0.00805	0.00594	0.00752	0.00713	0.00858	0.00541	0.00535	0.01063	0.01604	0.02231	0.66382	0.04510	0.14796	0.01226	0.00686	0.00185	0.00277	0.01075	0.00627	0.00541
24	0.00940	0.13035	0.01052	0.00705	0.00947	0.00804	0.00572	0.01127	0.01392	0.05062	0.21009	0.04415	0.44449	0.01221	0.00633	0.00181	0.00350	0.01015	0.00526	0.00567
25	0.01084	0.00542	0.00542	0.00542	0.00678	0.00542	0.00407	0.01355	0.01220	0.02168	0.01897	0.02168	0.01491	0.00678	0.00407	0.00136	0.00271	0.00542	0.82791	0.00542
26	0.01024	0.01039	0.01984	0.01548	0.01889	0.00959	0.35891	0.01324	0.01290	0.01688	0.02882	0.23730	0.19980	0.01094	0.00702	0.00207	0.00637	0.01082	0.00421	0.00627
27	0.00815	0.00594	0.00766	0.00723	0.00864	0.00545	0.00542	0.01081	0.01626	0.02285	0.71358	0.04421	0.09787	0.01206	0.00686	0.00184	0.00276	0.01062	0.00634	0.00545
28	0.01344	0.38129	0.42983	0.01355	0.02049	0.01785	0.01622	0.01796	0.01207	0.01625	0.00936	0.01093	0.00741	0.00527	0.00471	0.00157	0.00751	0.00375	0.00247	0.00808
29	0.01272	0.01272	0.01781	0.01527	0.01527	0.01781	0.01272	0.01399	0.00891	0.01399	0.00763	0.01272	0.00763	0.01018	0.01908	0.00254	0.78499	0.00509	0.00254	0.00636
30	0.01206	0.01034	0.01206	0.00861	0.01378	0.00775	0.00689	0.01464	0.01206	0.01895	0.01034	0.01206	0.00861	0.00431	0.00431	0.00086	0.00431	0.00345	0.00345	0.83118
31	0.02609	0.00990	0.01350	0.01035	0.01484	0.00855	0.00855	0.02834	0.01664	0.76338	0.02294	0.01979	0.01439	0.00720	0.00585	0.00180	0.00495	0.00585	0.00720	0.00990
32	0.01186	0.00675	0.00894	0.00793	0.00994	0.00611	0.00611	0.01450	0.01650	0.17368	0.60729	0.03863	0.04665	0.01094	0.00665	0.00182	0.00319	0.00957	0.00656	0.00638
33	0.01443	0.01321	0.01882	0.02477	0.41861	0.01411	0.01389	0.02382	0.35004	0.02144	0.01677	0.01774	0.01312	0.00642	0.00583	0.00184	0.00585	0.00582	0.00427	0.00921

[dist]
# distance from previous block
# <min> <max>
0	1

[block]
# block no. 5 follows, 40 sequences, length 23
# corresponding to MSA columns:
# 249-271
name=unknown_F
#
# <colnr> <probs for GDERKNQSTAVLIFYWHMCP>
#	G	D	E	R	K	N	Q	S	T	A	V	L	I	F	Y	W	H	M	C	P
0	0.01817	0.47151	0.02453	0.01209	0.01622	0.34123	0.01050	0.01988	0.01380	0.01392	0.00847	0.00982	0.00747	0.00541	0.00437	0.00135	0.00803	0.00338	0.00270	0.00716
1	0.00737	0.00523	0.00689	0.00811	0.00848	0.00495	0.00549	0.00840	0.01103	0.01468	0.03065	0.66949	0.03646	0.09260	0.00959	0.00270	0.00373	0.06428	0.00522	0.00465
2	0.01295	0.01444	0.03108	0.02258	0.02782	0.01353	0.65224	0.01739	0.01342	0.01818	0.01415	0.10677	0.01230	0.00646	0.00693	0.00201	0.00905	0.00800	0.00323	0.00748
3	0.01744	0.01183	0.01324	0.01145	0.01505	0.01295	0.00904	0.03025	0.56168	0.21325	0.02348	0.02121	0.01689	0.00771	0.00590	0.00193	0.00469	0.00639	0.00624	0.00938
4	0.01379	0.01550	0.03326	0.02561	0.10235	0.01462	0.66712	0.01855	0.01368	0.01866	0.01168	0.01556	0.00886	0.00493	0.00675	0.00194	0.00952	0.00670	0.00293	0.00798
5	0.01121	0.01058	0.01823	0.58905	0.10551	0.01255	0.05821	0.01493	0.01168	0.01534	0.01100	0.01613	0.00863	0.00943	0.08156	0.00265	0.00856	0.00537	0.00269	0.00668
6	0.00908	0.00748	0.01185	0.01094	0.01222	0.00874	0.05898	0.01129	0.00961	0.01390	0.01460	0.02144	0.01352	0.03790	0.65135	0.00822	0.08417	0.00617	0.00305	0.00548
7	0.00709	0.00506	0.00675	0.00810	0.00843	0.00472	0.00540	0.00810	0.01113	0.01484	0.03205	0.79184	0.03846	0.01822	0.00742	0.00236	0.00337	0.01653	0.00540	0.00472
8	0.01232	0.15989	0.64144	0.01546	0.02344	0.01511	0.01954	0.01825	0.01220	0.01762	0.01004	0.01178	0.00738	0.00543	0.00522	0.00174	0.00819	0.00410	0.00246	0.00840
9	0.00823	0.00594	0.00777	0.00732	0.00869	0.00549	0.00549	0.01097	0.01646	0.02332	0.75629	0.04344	0.05487	0.01189	0.00686	0.00183	0.00274	0.01052	0.00640	0.00549
10	0.01210	0.01273	0.02635	0.01985	0.02419	0.01201	0.51745	0.01602	0.01315	0.01770	0.01713	0.11481	0.01633	0.04159	0.00806	0.00227	0.00824	0.10949	0.00360	0.00694
11	0.00875	0.00655	0.00965	0.00963	0.01070	0.00752	0.00745	0.01070	0.00962	0.01390	0.01596	0.02335	0.01489	0.04364	0.76766	0.00937	0.01565	0.00635	0.00326	0.00542
12	0.01479	0.01408	0.02381	0.03580	0.75469	0.01402	0.01795	0.01811	0.01349	0.01937	0.01135	0.01496	0.00960	0.00546	0.00593	0.00180	0.00704	0.00531	0.00302	0.00941
13	0.01247	0.01062	0.01234	0.00890	0.01408	0.00800	0.00707	0.01493	0.01232	0.01932	0.01075	0.01264	0.00901	0.00459	0.00449	0.00094	0.00445	0.00359	0.00359	0.82591
14	0.01283	0.02099	0.32753	0.03942	0.02741	0.01378	0.38280	0.01808	0.01318	0.01859	0.01280	0.06084	0.01036	0.00625	0.00650	0.00201	0.00899	0.00648	0.00303	0.00813
15	0.00867	0.00626	0.00808	0.00761	0.00902	0.00575	0.00568	0.01128	0.01669	0.02366	0.75174	0.04381	0.05496	0.01212	0.00703	0.00190	0.00290	0.01061	0.00652	0.00571
16	0.01420	0.01387	0.02221	0.05547	0.21007	0.01626	0.13342	0.05907	0.01230	0.01782	0.01009	0.01441	0.00877	0.00790	0.01238	0.00224	0.37317	0.00555	0.00304	0.00776
17	0.00760	0.00618	0.00663	0.00659	0.00838	0.00528	0.00488	0.00919	0.01405	0.01759	0.19814	0.09001	0.57557	0.01454	0.00707	0.00203	0.00308	0.01221	0.00573	0.00524
18	0.01334	0.01249	0.02238	0.01698	0.02098	0.01207	0.36337	0.12554	0.01649	0.02256	0.20483	0.09969	0.02408	0.00860	0.00693	0.00201	0.00696	0.00862	0.00465	0.00745
19	0.01073	0.00809	0.01274	0.01168	0.01379	0.00766	0.11163	0.01348	0.01466	0.05642	0.25650	0.09957	0.03634	0.01308	0.00751	0.00231	0.00515	0.30696	0.00556	0.00615
20	0.01678	0.05377	0.05106	0.01402	0.06036	0.12217	0.01084	0.06195	0.40781	0.07421	0.01955	0.02048	0.01517	0.00772	0.00594	0.00193	0.00613	0.03607	0.00518	0.00886
21	0.01069	0.00839	0.01046	0.00998	0.01139	0.04085	0.00763	0.08307	0.01161	0.01601	0.01578	0.02341	0.01477	0.11052	0.58821	0.00793	0.01357	0.00636	0.00356	0.00578
22	0.01247	0.01062	0.01234	0.00890	0.01408	0.00800	0.00707	0.01493	0.01232	0.01932	0.01075	0.01264	0.00901	0.00459	0.00449	0.00094	0.00445	0.00359	0.00359	0.82591

[dist]
# distance from previous block
# <min> <max>
0	1

[block]
# block no. 6 follows, 40 sequences, length 21
# corresponding to MSA columns:
# 273-293
name=unknown_G
#
# <colnr> <probs for GDERKNQSTAVLIFYWHMCP>
#	G	D	E	R	K	N	Q	S	T	A	V	L	I	F	Y	W	H	M	C	P
0	0.01451	0.04352	0.06015	0.02269	0.02847	0.04111	0.61595	0.06371	0.01455	0.01942	0.01163	0.01505	0.00874	0.00509	0.00658	0.00190	0.00945	0.00643	0.00309	0.00795
1	0.70916	0.08059	0.01071	0.00791	0.01174	0.01357	0.00666	0.01696	0.01021	0.02452	0.00825	0.00961	0.00656	0.00529	0.00366	0.00169	0.00464	0.00317	0.00349	0.06163
2	0.00769	0.00570	0.00739	0.00816	0.00908	0.00509	0.00558	0.00889	0.01125	0.01534	0.02942	0.69725	0.03484	0.01653	0.00704	0.00218	0.00349	0.01494	0.00516	0.10497
3	0.01421	0.01279	0.01280	0.01137	0.01472	0.05795	0.00882	0.02761	0.59492	0.02272	0.02383	0.02232	0.06243	0.00789	0.00580	0.00185	0.00482	0.00649	0.00550	0.08119
4	0.01098	0.01034	0.01744	0.78165	0.04005	0.01292	0.01615	0.01486	0.01163	0.01486	0.01034	0.01550	0.00775	0.00581	0.00581	0.00194	0.00775	0.00517	0.00258	0.00646
5	0.01166	0.03008	0.76550	0.01657	0.02517	0.01351	0.02149	0.01842	0.01228	0.01842	0.01044	0.01228	0.00737	0.00552	0.00552	0.00184	0.00859	0.00430	0.00246	0.00859
6	0.83671	0.01125	0.00855	0.00765	0.01125	0.01305	0.00630	0.01709	0.00990	0.02609	0.00810	0.00945	0.00630	0.00540	0.00360	0.00180	0.00450	0.00315	0.00360	0.00630
7	0.01453	0.59860	0.22213	0.01168	0.01760	0.02053	0.01296	0.01767	0.01194	0.01492	0.00870	0.01010	0.00744	0.00512	0.00420	0.00140	0.00684	0.00342	0.00248	0.00776
8	0.02115	0.01391	0.01407	0.07927	0.01738	0.17982	0.00964	0.03926	0.06390	0.38890	0.01872	0.06875	0.01379	0.00748	0.00576	0.00176	0.00631	0.00598	0.00548	0.03866
9	0.00718	0.00510	0.00672	0.00798	0.00829	0.00478	0.00527	0.00812	0.01095	0.01461	0.03113	0.74120	0.03730	0.07044	0.00891	0.00258	0.00353	0.01599	0.00527	0.00464
10	0.01249	0.16240	0.59553	0.01652	0.06556	0.01517	0.01928	0.01821	0.01225	0.01763	0.01006	0.01189	0.00749	0.00541	0.00523	0.00173	0.00809	0.00414	0.00249	0.00843
11	0.00709	0.00506	0.00675	0.00810	0.00843	0.00472	0.00540	0.00810	0.01113	0.01484	0.03205	0.79184	0.03846	0.01822	0.00742	0.00236	0.00337	0.01653	0.00540	0.00472
12	0.01476	0.01222	0.01308	0.01159	0.01478	0.01389	0.00903	0.12966	0.56127	0.02540	0.05803	0.07320	0.01980	0.00864	0.00605	0.00196	0.00469	0.00724	0.00589	0.00882
13	0.01084	0.00542	0.00542	0.00542	0.00678	0.00542	0.00407	0.01355	0.01220	0.02168	0.01897	0.02168	0.01491	0.00678	0.00407	0.00136	0.00271	0.00542	0.82791	0.00542
14	0.01256	0.06672	0.37452	0.01512	0.06032	0.04098	0.06356	0.05132	0.01352	0.04562	0.01993	0.06818	0.12729	0.00781	0.00587	0.00184	0.00707	0.00654	0.00351	0.00773
15	0.02242	0.00906	0.01224	0.00967	0.01345	0.00792	0.00781	0.02462	0.01617	0.60995	0.13397	0.02438	0.02091	0.05103	0.00730	0.00201	0.00465	0.00670	0.00688	0.00888
16	0.01024	0.01105	0.09104	0.05447	0.11000	0.00931	0.00951	0.03352	0.13083	0.01813	0.03661	0.03651	0.37513	0.03942	0.00718	0.00205	0.00477	0.00889	0.00463	0.00671
17	0.83671	0.01125	0.00855	0.00765	0.01125	0.01305	0.00630	0.01709	0.00990	0.02609	0.00810	0.00945	0.00630	0.00540	0.00360	0.00180	0.00450	0.00315	0.00360	0.00630
18	0.01504	0.01504	0.02298	0.03387	0.69405	0.08063	0.01726	0.01832	0.01353	0.01858	0.01077	0.01405	0.00906	0.00525	0.00571	0.00171	0.00722	0.00505	0.00289	0.00899
19	0.01206	0.01034	0.01206	0.00861	0.01378	0.00775	0.00689	0.01464	0.01206	0.01895	0.01034	0.01206	0.00861	0.00431	0.00431	0.00086	0.00431	0.00345	0.00345	0.83118
20	0.01476	0.01817	0.16349	0.01999	0.02543	0.01511	0.37362	0.05432	0.07896	0.02054	0.01331	0.01656	0.01038	0.00671	0.00811	0.00214	0.09136	0.00624	0.00365	0.05716

[dist]
# distance from previous block
# <min> <max>
0	2

[block]
# block no. 7 follows, 40 sequences, length 21
# corresponding to MSA columns:
# 296-316
name=unknown_H
#
# <colnr> <probs for GDERKNQSTAVLIFYWHMCP>
#	G	D	E	R	K	N	Q	S	T	A	V	L	I	F	Y	W	H	M	C	P
0	0.01206	0.01034	0.01206	0.00861	0.01378	0.00775	0.00689	0.01464	0.01206	0.01895	0.01034	0.01206	0.00861	0.00431	0.00431	0.00086	0.00431	0.00345	0.00345	0.83118
1	0.00942	0.00931	0.06972	0.03887	0.01342	0.00819	0.05928	0.01290	0.04612	0.02031	0.41247	0.14607	0.03843	0.01141	0.00764	0.00200	0.05865	0.02451	0.00525	0.00604
2	0.01156	0.07552	0.08298	0.15665	0.02043	0.01170	0.06078	0.01737	0.14426	0.01815	0.03516	0.03520	0.02015	0.01000	0.00656	0.00216	0.00628	0.27392	0.00430	0.00688
3	0.00805	0.00573	0.00737	0.00742	0.00857	0.00528	0.00545	0.00983	0.01412	0.01928	0.42920	0.17751	0.14680	0.01435	0.00844	0.07660	0.00321	0.04210	0.00569	0.00500
4	0.01596	0.01481	0.01356	0.04511	0.01599	0.15990	0.00942	0.18894	0.25661	0.02300	0.02312	0.08169	0.10905	0.00889	0.00600	0.00186	0.00599	0.00715	0.00508	0.00787
5	0.01023	0.00512	0.00719	0.00719	0.00743	0.00512	0.00487	0.00864	0.00840	0.01217	0.01168	0.01839	0.01096	0.01780	0.01939	0.68268	0.00463	0.00512	0.14993	0.00304
6	0.00862	0.00629	0.00944	0.00886	0.01007	0.00589	0.06231	0.01006	0.01306	0.01794	0.33689	0.24568	0.06537	0.01470	0.00985	0.15004	0.00389	0.01100	0.00512	0.00491
7	0.01203	0.01140	0.01933	0.55256	0.26096	0.01320	0.01667	0.01578	0.01212	0.01613	0.01052	0.01516	0.00820	0.00562	0.00580	0.00187	0.00749	0.00517	0.00267	0.00730
8	0.00818	0.00591	0.00773	0.00735	0.00868	0.00546	0.00548	0.01086	0.01624	0.02297	0.72656	0.07416	0.05420	0.01215	0.00688	0.00185	0.00277	0.01076	0.00636	0.00546
9	0.01436	0.58816	0.09216	0.00974	0.01439	0.01901	0.00994	0.01681	0.01193	0.01554	0.01024	0.01180	0.00878	0.00535	0.00395	0.00132	0.00581	0.00363	0.14990	0.00720
10	0.01387	0.57531	0.10465	0.01001	0.01449	0.01889	0.01003	0.01592	0.01127	0.01376	0.01016	0.01477	0.00990	0.14623	0.00854	0.00209	0.00637	0.00419	0.00267	0.00688
11	0.01475	0.26930	0.40092	0.01392	0.02068	0.01730	0.01600	0.14696	0.01482	0.02018	0.01033	0.01165	0.00785	0.00561	0.00501	0.00164	0.00746	0.00409	0.00307	0.00847
12	0.00853	0.00603	0.00801	0.00886	0.00974	0.00589	0.00688	0.01036	0.01242	0.01655	0.13034	0.22267	0.03540	0.15519	0.01158	0.00302	0.00459	0.33385	0.00518	0.00490
13	0.01206	0.01034	0.01206	0.00861	0.01378	0.00775	0.00689	0.01464	0.01206	0.01895	0.01034	0.01206	0.00861	0.00431	0.00431	0.00086	0.00431	0.00345	0.00345	0.83118
14	0.01412	0.08672	0.08695	0.01989	0.02573	0.01476	0.47787	0.06864	0.01420	0.01947	0.01131	0.01429	0.00864	0.00503	0.00610	0.00174	0.00849	0.00580	0.00313	0.10715
15	0.01241	0.01230	0.01775	0.15213	0.01969	0.01694	0.01333	0.01415	0.00939	0.01415	0.00812	0.01322	0.00765	0.00940	0.01671	0.00244	0.64618	0.00510	0.00255	0.00638
16	0.01943	0.00995	0.01579	0.01212	0.01609	0.00888	0.13810	0.02228	0.01608	0.44607	0.20358	0.02495	0.02348	0.00796	0.00628	0.00184	0.00527	0.00719	0.00624	0.00843
17	0.00835	0.00624	0.00852	0.07711	0.01148	0.00607	0.00644	0.01099	0.01541	0.02158	0.60535	0.12751	0.04873	0.01207	0.00683	0.00190	0.00327	0.01073	0.00594	0.00549
18	0.00864	0.00680	0.00794	0.00805	0.00955	0.00670	0.00587	0.01294	0.14470	0.01884	0.21628	0.29389	0.20979	0.01398	0.00688	0.00207	0.00334	0.01225	0.00574	0.00576
19	0.01822	0.01407	0.01509	0.01242	0.01625	0.01573	0.00996	0.43097	0.28260	0.03057	0.01882	0.07719	0.01491	0.00818	0.00598	0.00187	0.00553	0.00659	0.00582	0.00924
20	0.83671	0.01125	0.00855	0.00765	0.01125	0.01305	0.00630	0.01709	0.00990	0.02609	0.00810	0.00945	0.00630	0.00540	0.00360	0.00180	0.00450	0.00315	0.00360	0.00630

[dist]
# distance from previous block
# <min> <max>
0	1

[block]
# block no. 8 follows, 40 sequences, length 8
# corresponding to MSA columns:
# 318-325
name=unknown_I
#
# <colnr> <probs for GDERKNQSTAVLIFYWHMCP>
#	G	D	E	R	K	N	Q	S	T	A	V	L	I	F	Y	W	H	M	C	P
0	0.02062	0.16780	0.01908	0.01398	0.01742	0.59640	0.01099	0.05945	0.01619	0.01530	0.00908	0.01046	0.00761	0.00586	0.00500	0.00146	0.00950	0.00371	0.00305	0.00704
1	0.00704	0.00524	0.00656	0.00761	0.00831	0.00476	0.00518	0.00815	0.01160	0.01504	0.03801	0.62855	0.19790	0.01744	0.00730	0.00227	0.00328	0.01559	0.00540	0.00476
2	0.00849	0.00619	0.00758	0.00754	0.00785	0.00656	0.00495	0.00910	0.00947	0.01281	0.04491	0.13067	0.06798	0.49015	0.09839	0.00502	0.06500	0.00929	0.00385	0.00420
3	0.00730	0.00588	0.00635	0.00624	0.00791	0.00510	0.00458	0.00894	0.01357	0.01703	0.21030	0.05171	0.54047	0.07855	0.00875	0.00224	0.00312	0.01157	0.00547	0.00492
4	0.08673	0.07124	0.16408	0.01395	0.01866	0.31360	0.01271	0.21230	0.01772	0.02197	0.01047	0.01161	0.00800	0.00605	0.00522	0.00164	0.00827	0.00416	0.00366	0.00795
5	0.02013	0.02377	0.01813	0.01946	0.18249	0.54697	0.01269	0.07621	0.01658	0.01698	0.00980	0.01162	0.00805	0.00589	0.00540	0.00157	0.00938	0.00418	0.00318	0.00753
6	0.00709	0.00506	0.00675	0.00810	0.00843	0.00472	0.00540	0.00810	0.01113	0.01484	0.03205	0.79184	0.03846	0.01822	0.00742	0.00236	0.00337	0.01653	0.00540	0.00472
7	0.01878	0.02282	0.01423	0.01306	0.01540	0.60217	0.00952	0.01994	0.01470	0.01358	0.01106	0.01660	0.01052	0.18121	0.01065	0.00242	0.00941	0.00479	0.00311	0.00603

[dist]
# distance from previous block
# <min> <max>
0	1

[block]
# block no. 9 follows, 40 sequences, length 16
# corresponding to MSA columns:
# 327-342
name=unknown_J
#
# <colnr> <probs for GDERKNQSTAVLIFYWHMCP>
#	G	D	E	R	K	N	Q	S	T	A	V	L	I	F	Y	W	H	M	C	P
0	0.01351	0.01276	0.02156	0.03235	0.66842	0.01272	0.01634	0.01667	0.01299	0.01850	0.01350	0.10854	0.01275	0.00676	0.00596	0.00180	0.00648	0.00656	0.00318	0.00867
1	0.01528	0.01244	0.01333	0.01173	0.01496	0.01408	0.00916	0.18631	0.49857	0.02593	0.02252	0.11323	0.01851	0.00894	0.00608	0.00197	0.00485	0.00748	0.00583	0.00881
2	0.01401	0.55045	0.02555	0.01295	0.10419	0.01885	0.01039	0.01610	0.01151	0.01429	0.00988	0.01256	0.00904	0.01248	0.15291	0.00287	0.00811	0.00396	0.00266	0.00723
3	0.12041	0.02572	0.01552	0.01409	0.01716	0.68035	0.01064	0.02248	0.01568	0.01567	0.00888	0.01036	0.00735	0.00592	0.00504	0.00153	0.00976	0.00367	0.00307	0.00669
4	0.83671	0.01125	0.00855	0.00765	0.01125	0.01305	0.00630	0.01709	0.00990	0.02609	0.00810	0.00945	0.00630	0.00540	0.00360	0.00180	0.00450	0.00315	0.00360	0.00630
5	0.01446	0.01249	0.01315	0.01183	0.01512	0.01446	0.00920	0.03090	0.74885	0.02433	0.02367	0.02170	0.01775	0.00789	0.00592	0.00197	0.00460	0.00657	0.00592	0.00920
6	0.00831	0.00623	0.00935	0.00935	0.01038	0.00727	0.00727	0.01038	0.00935	0.01350	0.01558	0.02285	0.01454	0.04361	0.77259	0.00935	0.01558	0.00623	0.00312	0.00519
7	0.01098	0.01034	0.01744	0.78165	0.04005	0.01292	0.01615	0.01486	0.01163	0.01486	0.01034	0.01550	0.00775	0.00581	0.00581	0.00194	0.00775	0.00517	0.00258	0.00646
8	0.01084	0.00542	0.00542	0.00542	0.00678	0.00542	0.00407	0.01355	0.01220	0.02168	0.01897	0.02168	0.01491	0.00678	0.00407	0.00136	0.00271	0.00542	0.82791	0.00542
9	0.01093	0.02342	0.54510	0.01469	0.02133	0.01156	0.04270	0.01658	0.01321	0.01931	0.15625	0.02182	0.01828	0.00741	0.00599	0.00190	0.00730	0.05108	0.00342	0.00776
10	0.02535	0.01006	0.01347	0.01044	0.01486	0.00892	0.00859	0.02850	0.06317	0.71642	0.02299	0.01991	0.01461	0.00724	0.00585	0.00181	0.00493	0.00589	0.00712	0.00985
11	0.02211	0.01629	0.01745	0.01338	0.01803	0.01803	0.01105	0.73997	0.02734	0.03665	0.01396	0.01396	0.00989	0.00698	0.00582	0.00175	0.00640	0.00524	0.00582	0.00989
12	0.02172	0.02772	0.01648	0.01498	0.01798	0.77228	0.01124	0.02322	0.01648	0.01423	0.00899	0.01049	0.00749	0.00599	0.00524	0.00150	0.01049	0.00375	0.00300	0.00674
13	0.01107	0.00834	0.03089	0.00792	0.01067	0.00721	0.00640	0.06636	0.04767	0.09893	0.18263	0.04133	0.38921	0.01165	0.00646	0.00184	0.00369	0.00975	0.00565	0.05233
14	0.00810	0.00589	0.00762	0.00729	0.00863	0.00541	0.00543	0.01068	0.01600	0.02246	0.68006	0.08585	0.09001	0.01239	0.00689	0.00187	0.00279	0.01094	0.00629	0.00541
15	0.83671	0.01125	0.00855	0.00765	0.01125	0.01305	0.00630	0.01709	0.00990	0.02609	0.00810	0.00945	0.00630	0.00540	0.00360	0.00180	0.00450	0.00315	0.00360	0.00630

[dist]
# distance from previous block
# <min> <max>
11	154

# created by:
# /software/SequenceAnalysis/GenePrediction/augustus/3.0.1/scripts/msa2prfl.pl ./fixed/BUSCOvEOG7DBVTW.fas
