[name]
unknown

[dist]
# distance from previous block
# <min> <max>
0	81

[block]
# block no. 0 follows, 40 sequences, length 7
# corresponding to MSA columns:
# 86-92
name=unknown_A
#
# <colnr> <probs for GDERKNQSTAVLIFYWHMCP>
#	G	D	E	R	K	N	Q	S	T	A	V	L	I	F	Y	W	H	M	C	P
0	0.00974	0.00746	0.01004	0.01042	0.01176	0.00796	0.00877	0.01316	0.05958	0.01889	0.19780	0.05263	0.03503	0.01402	0.00868	0.00242	0.07909	0.44147	0.00537	0.00572
1	0.08721	0.00645	0.00773	0.00726	0.00888	0.00617	0.00550	0.01140	0.01564	0.02312	0.64239	0.04096	0.09302	0.01144	0.00655	0.00183	0.00292	0.00992	0.00607	0.00553
2	0.00736	0.00523	0.00693	0.00820	0.00859	0.00494	0.00560	0.00844	0.01114	0.01482	0.03107	0.68490	0.03695	0.06791	0.00889	0.00260	0.00368	0.07278	0.00527	0.00470
3	0.02449	0.00949	0.01293	0.01016	0.01431	0.00823	0.00828	0.02664	0.01618	0.70037	0.02371	0.08478	0.01642	0.00813	0.00598	0.00185	0.00482	0.00675	0.00705	0.00946
4	0.83671	0.01125	0.00855	0.00765	0.01125	0.01305	0.00630	0.01709	0.00990	0.02609	0.00810	0.00945	0.00630	0.00540	0.00360	0.00180	0.00450	0.00315	0.00360	0.00630
5	0.01555	0.79913	0.03047	0.00995	0.01493	0.02301	0.00995	0.01741	0.01182	0.01368	0.00808	0.00933	0.00746	0.00498	0.00373	0.00124	0.00622	0.00311	0.00249	0.00746
6	0.01383	0.01194	0.01254	0.01133	0.01451	0.01366	0.00880	0.02900	0.68693	0.02360	0.02664	0.02458	0.07998	0.00847	0.00600	0.00197	0.00446	0.00705	0.00587	0.00884

[dist]
# distance from previous block
# <min> <max>
0	6

[block]
# block no. 1 follows, 40 sequences, length 50
# corresponding to MSA columns:
# 99-148
name=unknown_B
#
# <colnr> <probs for GDERKNQSTAVLIFYWHMCP>
#	G	D	E	R	K	N	Q	S	T	A	V	L	I	F	Y	W	H	M	C	P
0	0.01130	0.00587	0.00592	0.00575	0.00724	0.00594	0.00435	0.04347	0.01282	0.02230	0.01876	0.02136	0.01470	0.00678	0.00414	0.00137	0.00286	0.00541	0.79405	0.00560
1	0.01272	0.01272	0.01781	0.01527	0.01527	0.01781	0.01272	0.01399	0.00891	0.01399	0.00763	0.01272	0.00763	0.01018	0.01908	0.00254	0.78499	0.00509	0.00254	0.00636
2	0.00706	0.00515	0.00666	0.00786	0.00837	0.00474	0.00529	0.00812	0.01136	0.01494	0.03494	0.71269	0.11574	0.01784	0.00736	0.00232	0.00333	0.01607	0.00540	0.00474
3	0.01206	0.01034	0.01206	0.00861	0.01378	0.00775	0.00689	0.01464	0.01206	0.01895	0.01034	0.01206	0.00861	0.00431	0.00431	0.00086	0.00431	0.00345	0.00345	0.83118
4	0.00796	0.00591	0.00742	0.00710	0.00854	0.00537	0.00530	0.01044	0.01575	0.02176	0.61519	0.06805	0.17454	0.01256	0.00688	0.00187	0.00280	0.01100	0.00620	0.00537
5	0.00932	0.00673	0.00950	0.03375	0.01273	0.00680	0.00940	0.01196	0.01324	0.01722	0.03023	0.09514	0.03291	0.01585	0.00794	0.00264	0.00534	0.66866	0.00527	0.00536
6	0.01084	0.00542	0.00542	0.00542	0.00678	0.00542	0.00407	0.01355	0.01220	0.02168	0.01897	0.02168	0.01491	0.00678	0.00407	0.00136	0.00271	0.00542	0.82791	0.00542
7	0.01166	0.03008	0.76550	0.01657	0.02517	0.01351	0.02149	0.01842	0.01228	0.01842	0.01044	0.01228	0.00737	0.00552	0.00552	0.00184	0.00859	0.00430	0.00246	0.00859
8	0.01555	0.79913	0.03047	0.00995	0.01493	0.02301	0.00995	0.01741	0.01182	0.01368	0.00808	0.00933	0.00746	0.00498	0.00373	0.00124	0.00622	0.00311	0.00249	0.00746
9	0.01117	0.01081	0.01919	0.64875	0.03741	0.01280	0.11039	0.01506	0.01188	0.01535	0.01147	0.04924	0.00923	0.00623	0.00602	0.00196	0.00783	0.00588	0.00275	0.00657
10	0.05716	0.02489	0.01631	0.01437	0.01770	0.59998	0.01099	0.15538	0.01820	0.01889	0.00987	0.01108	0.00788	0.00615	0.00528	0.00156	0.00947	0.00399	0.00354	0.00730
11	0.00718	0.00517	0.00682	0.00811	0.00857	0.00482	0.00553	0.00828	0.01132	0.01499	0.03316	0.72836	0.06942	0.01797	0.00743	0.00236	0.00344	0.04691	0.00540	0.00476
12	0.01206	0.01034	0.01206	0.00861	0.01378	0.00775	0.00689	0.01464	0.01206	0.01895	0.01034	0.01206	0.00861	0.00431	0.00431	0.00086	0.00431	0.00345	0.00345	0.83118
13	0.00953	0.00712	0.01006	0.00970	0.01106	0.00822	0.00760	0.07489	0.01094	0.01555	0.01543	0.02206	0.01413	0.04038	0.70480	0.00867	0.01476	0.00614	0.00335	0.00561
14	0.01383	0.00751	0.00976	0.00840	0.01081	0.00688	0.00657	0.04744	0.01691	0.23223	0.50220	0.03577	0.05689	0.01042	0.00653	0.00182	0.00353	0.00901	0.00658	0.00691
15	0.00853	0.00616	0.00900	0.00900	0.01007	0.00711	0.00699	0.01066	0.00960	0.01422	0.01588	0.02274	0.01457	0.04036	0.70464	0.00864	0.01444	0.00616	0.07604	0.00521
16	0.00711	0.00590	0.00622	0.00614	0.00800	0.00501	0.00461	0.00881	0.01382	0.01706	0.18240	0.05375	0.63267	0.01422	0.00687	0.00194	0.00291	0.01196	0.00558	0.00501
17	0.01206	0.01034	0.01206	0.00861	0.01378	0.00775	0.00689	0.01464	0.01206	0.01895	0.01034	0.01206	0.00861	0.00431	0.00431	0.00086	0.00431	0.00345	0.00345	0.83118
18	0.02174	0.01600	0.01715	0.01319	0.01772	0.01770	0.01085	0.72035	0.02684	0.03597	0.01408	0.01461	0.01019	0.02812	0.00645	0.00185	0.00638	0.00532	0.00576	0.00972
19	0.01439	0.01382	0.02360	0.03569	0.75936	0.01382	0.01785	0.01785	0.01324	0.01900	0.01094	0.01439	0.00921	0.00518	0.00576	0.00173	0.00691	0.00518	0.00288	0.00921
20	0.04011	0.01198	0.01273	0.01127	0.01445	0.01361	0.00881	0.09820	0.55908	0.02547	0.11738	0.02337	0.02144	0.00824	0.00596	0.00193	0.00454	0.00685	0.00590	0.00870
21	0.01555	0.79913	0.03047	0.00995	0.01493	0.02301	0.00995	0.01741	0.01182	0.01368	0.00808	0.00933	0.00746	0.00498	0.00373	0.00124	0.00622	0.00311	0.00249	0.00746
22	0.00729	0.00521	0.00698	0.00833	0.00875	0.00490	0.00575	0.00845	0.01133	0.01507	0.03194	0.72763	0.03802	0.01803	0.00748	0.00239	0.00355	0.07874	0.00539	0.00478
23	0.83671	0.01125	0.00855	0.00765	0.01125	0.01305	0.00630	0.01709	0.00990	0.02609	0.00810	0.00945	0.00630	0.00540	0.00360	0.00180	0.00450	0.00315	0.00360	0.00630
24	0.02545	0.01093	0.01413	0.01084	0.01536	0.01008	0.00895	0.14301	0.01837	0.64628	0.02149	0.01885	0.01367	0.00716	0.00584	0.00179	0.00518	0.00575	0.00698	0.00990
25	0.02545	0.01093	0.01413	0.01084	0.01536	0.01008	0.00895	0.14301	0.01837	0.64628	0.02149	0.01885	0.01367	0.00716	0.00584	0.00179	0.00518	0.00575	0.00698	0.00990
26	0.02435	0.01005	0.01335	0.01026	0.01476	0.00873	0.00843	0.02724	0.04754	0.66597	0.02186	0.01919	0.01403	0.00697	0.00571	0.00172	0.00488	0.00567	0.00681	0.08248
27	0.83671	0.01125	0.00855	0.00765	0.01125	0.01305	0.00630	0.01709	0.00990	0.02609	0.00810	0.00945	0.00630	0.00540	0.00360	0.00180	0.00450	0.00315	0.00360	0.00630
28	0.02211	0.01629	0.01745	0.01338	0.01803	0.01803	0.01105	0.73997	0.02734	0.03665	0.01396	0.01396	0.00989	0.00698	0.00582	0.00175	0.00640	0.00524	0.00582	0.00989
29	0.01409	0.01351	0.02306	0.10164	0.69576	0.01374	0.01770	0.01758	0.01310	0.01863	0.01089	0.01449	0.00908	0.00524	0.00576	0.00175	0.00698	0.00518	0.00285	0.00897
30	0.01114	0.01055	0.01747	0.71390	0.03786	0.01335	0.01585	0.01478	0.01139	0.01478	0.01010	0.01526	0.00774	0.00620	0.00699	0.00199	0.07647	0.00516	0.00258	0.00645
31	0.01206	0.01034	0.01206	0.00861	0.01378	0.00775	0.00689	0.01464	0.01206	0.01895	0.01034	0.01206	0.00861	0.00431	0.00431	0.00086	0.00431	0.00345	0.00345	0.83118
32	0.01446	0.01249	0.01315	0.01183	0.01512	0.01446	0.00920	0.03090	0.74885	0.02433	0.02367	0.02170	0.01775	0.00789	0.00592	0.00197	0.00460	0.00657	0.00592	0.00920
33	0.01084	0.00542	0.00542	0.00542	0.00678	0.00542	0.00407	0.01355	0.01220	0.02168	0.01897	0.02168	0.01491	0.00678	0.00407	0.00136	0.00271	0.00542	0.82791	0.00542
34	0.00823	0.00594	0.00777	0.00732	0.00869	0.00549	0.00549	0.01097	0.01646	0.02332	0.75629	0.04344	0.05487	0.01189	0.00686	0.00183	0.00274	0.01052	0.00640	0.00549
35	0.00687	0.00589	0.00589	0.00589	0.00785	0.00491	0.00442	0.00835	0.01325	0.01571	0.05891	0.05596	0.75700	0.01473	0.00687	0.00196	0.00295	0.01227	0.00540	0.00491
36	0.00879	0.00628	0.00870	0.01004	0.01112	0.00619	0.00836	0.01104	0.01281	0.01675	0.03111	0.25123	0.03474	0.01661	0.00788	0.00260	0.00485	0.54035	0.00537	0.00519
37	0.00780	0.00589	0.00714	0.00689	0.00836	0.00530	0.00510	0.01003	0.01509	0.02042	0.50399	0.06988	0.26001	0.03919	0.00764	0.00201	0.00292	0.01115	0.00598	0.00523
38	0.01439	0.01382	0.02360	0.03569	0.75936	0.01382	0.01785	0.01785	0.01324	0.01900	0.01094	0.01439	0.00921	0.00518	0.00576	0.00173	0.00691	0.00518	0.00288	0.00921
39	0.01342	0.01085	0.01258	0.00909	0.01419	0.00869	0.00731	0.07923	0.01356	0.04547	0.01108	0.01249	0.00892	0.00464	0.00449	0.00097	0.00451	0.00368	0.00378	0.73104
40	0.01272	0.01272	0.01781	0.01527	0.01527	0.01781	0.01272	0.01399	0.00891	0.01399	0.00763	0.01272	0.00763	0.01018	0.01908	0.00254	0.78499	0.00509	0.00254	0.00636
41	0.01253	0.07322	0.67377	0.01614	0.02428	0.01388	0.03831	0.01877	0.01247	0.04884	0.01085	0.01250	0.00770	0.00555	0.00547	0.00181	0.00834	0.00436	0.00266	0.00856
42	0.01262	0.21978	0.58420	0.01494	0.02264	0.01585	0.01864	0.01817	0.01216	0.01725	0.00986	0.01155	0.00739	0.00539	0.00508	0.00169	0.00801	0.00400	0.00246	0.00832
43	0.00831	0.00623	0.00935	0.00935	0.01038	0.00727	0.00727	0.01038	0.00935	0.01350	0.01558	0.02285	0.01454	0.04361	0.77259	0.00935	0.01558	0.00623	0.00312	0.00519
44	0.01375	0.01561	0.03390	0.02494	0.05825	0.01467	0.71070	0.01860	0.01371	0.01864	0.01173	0.01564	0.00884	0.00491	0.00682	0.00195	0.00969	0.00680	0.00294	0.00790
45	0.01262	0.08459	0.66288	0.01601	0.02410	0.01401	0.03648	0.01878	0.01247	0.05043	0.01084	0.01247	0.00771	0.00554	0.00544	0.00180	0.00829	0.00434	0.00267	0.00855
46	0.02485	0.01017	0.01346	0.01050	0.01487	0.00918	0.00862	0.02861	0.09449	0.68481	0.02302	0.02000	0.01475	0.00727	0.00586	0.00182	0.00491	0.00593	0.00706	0.00982
47	0.00831	0.00623	0.00935	0.00935	0.01038	0.00727	0.00727	0.01038	0.00935	0.01350	0.01558	0.02285	0.01454	0.04361	0.77259	0.00935	0.01558	0.00623	0.00312	0.00519
48	0.01544	0.77851	0.05018	0.01013	0.01520	0.02276	0.01026	0.01744	0.01183	0.01381	0.00815	0.00941	0.00746	0.00499	0.00378	0.00126	0.00628	0.00314	0.00249	0.00749
49	0.01212	0.09738	0.66880	0.01681	0.05565	0.01436	0.02031	0.01830	0.01228	0.01802	0.01025	0.01211	0.00745	0.00546	0.00538	0.00178	0.00831	0.00423	0.00248	0.00852

[dist]
# distance from previous block
# <min> <max>
0	1

[block]
# block no. 2 follows, 40 sequences, length 12
# corresponding to MSA columns:
# 150-161
name=unknown_C
#
# <colnr> <probs for GDERKNQSTAVLIFYWHMCP>
#	G	D	E	R	K	N	Q	S	T	A	V	L	I	F	Y	W	H	M	C	P
0	0.01084	0.00542	0.00542	0.00542	0.00678	0.00542	0.00407	0.01355	0.01220	0.02168	0.01897	0.02168	0.01491	0.00678	0.00407	0.00136	0.00271	0.00542	0.82791	0.00542
1	0.00722	0.00516	0.00687	0.00801	0.00846	0.00481	0.00541	0.00843	0.01175	0.01582	0.11576	0.70533	0.04036	0.01749	0.00736	0.00230	0.00330	0.01584	0.00551	0.00481
2	0.04034	0.06737	0.60990	0.01592	0.02373	0.01370	0.05797	0.01903	0.01256	0.07084	0.01119	0.01274	0.00791	0.00558	0.00546	0.00181	0.00814	0.00444	0.00285	0.00851
3	0.05831	0.07099	0.68278	0.01571	0.02383	0.01400	0.02000	0.01829	0.01212	0.01859	0.01018	0.01196	0.00731	0.00549	0.00532	0.00181	0.00823	0.00417	0.00252	0.00840
4	0.00823	0.00594	0.00777	0.00732	0.00869	0.00549	0.00549	0.01097	0.01646	0.02332	0.75629	0.04344	0.05487	0.01189	0.00686	0.00183	0.00274	0.01052	0.00640	0.00549
5	0.04098	0.01550	0.07978	0.04872	0.04882	0.01440	0.39145	0.07321	0.12472	0.06269	0.01395	0.01613	0.01031	0.00586	0.00661	0.00193	0.02670	0.00618	0.00380	0.00827
6	0.08068	0.01180	0.01429	0.01116	0.01530	0.01190	0.00920	0.22581	0.01876	0.44311	0.04382	0.01787	0.01360	0.00733	0.00641	0.00182	0.04593	0.00561	0.00629	0.00931
7	0.00709	0.00506	0.00675	0.00810	0.00843	0.00472	0.00540	0.00810	0.01113	0.01484	0.03205	0.79184	0.03846	0.01822	0.00742	0.00236	0.00337	0.01653	0.00540	0.00472
8	0.01206	0.01034	0.01206	0.00861	0.01378	0.00775	0.00689	0.01464	0.01206	0.01895	0.01034	0.01206	0.00861	0.00431	0.00431	0.00086	0.00431	0.00345	0.00345	0.83118
9	0.01215	0.01014	0.01398	0.01549	0.17894	0.00965	0.02780	0.10412	0.03280	0.02024	0.05913	0.26128	0.02111	0.00975	0.00605	0.00175	0.00491	0.00874	0.00444	0.19751
10	0.01284	0.01031	0.01214	0.00871	0.01384	0.00780	0.00698	0.01540	0.01231	0.06030	0.01104	0.01249	0.00893	0.00447	0.00439	0.00091	0.00434	0.00358	0.00365	0.78556
11	0.00777	0.00575	0.00766	0.00853	0.00927	0.00564	0.00625	0.00931	0.01202	0.01609	0.10934	0.48854	0.08603	0.01813	0.04952	0.00271	0.02737	0.11979	0.00529	0.00499

[dist]
# distance from previous block
# <min> <max>
0	1

# created by:
# /software/SequenceAnalysis/GenePrediction/augustus/3.0.1/scripts/msa2prfl.pl ./fixed/BUSCOvEOG7Z90BM.fas
