[name]
unknown

[dist]
# distance from previous block
# <min> <max>
0	131

[block]
# block no. 0 follows, 40 sequences, length 87
# corresponding to MSA columns:
# 132-218
name=unknown_A
#
# <colnr> <probs for GDERKNQSTAVLIFYWHMCP>
#	G	D	E	R	K	N	Q	S	T	A	V	L	I	F	Y	W	H	M	C	P
0	0.01005	0.00732	0.00963	0.01073	0.01223	0.00705	0.00913	0.01228	0.01395	0.01806	0.03498	0.06490	0.12515	0.01638	0.00826	0.00275	0.00537	0.62031	0.00566	0.00581
1	0.01092	0.00761	0.00856	0.00827	0.00902	0.00762	0.00530	0.10130	0.01201	0.01613	0.02127	0.18169	0.02379	0.53444	0.02235	0.00463	0.00561	0.00987	0.00450	0.00510
2	0.01503	0.27997	0.06222	0.11484	0.02630	0.03654	0.34258	0.01845	0.01340	0.01723	0.01116	0.01453	0.00905	0.00575	0.00597	0.00187	0.00856	0.00548	0.00306	0.00802
3	0.01236	0.01000	0.01576	0.26590	0.02301	0.01103	0.12206	0.01535	0.01245	0.01881	0.01477	0.01921	0.01181	0.00854	0.03714	0.00224	0.07166	0.00586	0.31531	0.00672
4	0.13345	0.01871	0.01716	0.09702	0.02055	0.25167	0.04962	0.25088	0.01891	0.06560	0.01250	0.01415	0.00950	0.00685	0.00580	0.00189	0.00796	0.00490	0.00450	0.00838
5	0.01944	0.06338	0.12178	0.01310	0.05794	0.01162	0.01115	0.03561	0.09240	0.32312	0.01780	0.01758	0.01265	0.00683	0.00577	0.00178	0.00584	0.00531	0.00537	0.17154
6	0.12730	0.55679	0.02533	0.01051	0.01514	0.03222	0.00973	0.01940	0.01279	0.11074	0.01096	0.01212	0.00912	0.00607	0.00471	0.00160	0.01998	0.00384	0.00358	0.00806
7	0.60643	0.01187	0.01114	0.00947	0.01329	0.01270	0.04025	0.04662	0.01175	0.02543	0.01105	0.05294	0.00950	0.00663	0.00457	0.00189	0.00507	0.00448	0.00406	0.11086
8	0.01931	0.01545	0.01737	0.04662	0.11179	0.05021	0.01166	0.42430	0.07826	0.02966	0.01541	0.04767	0.01226	0.00760	0.00612	0.00188	0.00652	0.00589	0.01858	0.07344
9	0.01615	0.01217	0.01402	0.01145	0.03706	0.01121	0.00875	0.14318	0.12662	0.08714	0.05619	0.01763	0.01418	0.00666	0.00555	0.00153	0.00509	0.00520	0.00502	0.41519
10	0.02462	0.01162	0.01452	0.01141	0.01573	0.01089	0.00924	0.17083	0.03075	0.54390	0.07253	0.02150	0.01716	0.00811	0.00632	0.00197	0.00541	0.00635	0.00711	0.01002
11	0.00812	0.00581	0.00748	0.00877	0.00920	0.00534	0.00584	0.00886	0.01174	0.01576	0.03268	0.78116	0.03892	0.01867	0.00780	0.00253	0.00373	0.01666	0.00569	0.00525
12	0.01600	0.01445	0.02278	0.09604	0.59449	0.01475	0.01710	0.10918	0.01546	0.02172	0.01222	0.01573	0.01008	0.00611	0.00618	0.00192	0.00721	0.00549	0.00356	0.00952
13	0.01489	0.11498	0.03414	0.02309	0.02887	0.01621	0.63563	0.01907	0.01406	0.01886	0.01224	0.01617	0.00956	0.00557	0.00686	0.00204	0.00961	0.00667	0.00322	0.00827
14	0.00798	0.00663	0.00674	0.00667	0.00867	0.00555	0.00493	0.00925	0.01401	0.01703	0.09762	0.05594	0.70763	0.01507	0.00726	0.00213	0.00329	0.01237	0.00575	0.00546
15	0.01298	0.02823	0.65976	0.01652	0.02441	0.01410	0.02013	0.02059	0.10567	0.02002	0.01307	0.01480	0.00961	0.00647	0.00598	0.00203	0.00836	0.00490	0.00323	0.00914
16	0.00794	0.00652	0.00675	0.00687	0.00870	0.00550	0.00500	0.00907	0.01357	0.01650	0.05574	0.14934	0.65586	0.01567	0.00733	0.00219	0.00336	0.01300	0.00570	0.00541
17	0.02258	0.02668	0.01719	0.01534	0.01860	0.66605	0.01156	0.11405	0.01838	0.01798	0.01060	0.01229	0.00872	0.00675	0.00573	0.00171	0.01021	0.00426	0.00368	0.00763
18	0.02291	0.01831	0.01898	0.01747	0.02118	0.01872	0.01272	0.03464	0.65015	0.03138	0.03064	0.03262	0.02485	0.01347	0.00963	0.00356	0.00766	0.00917	0.00856	0.01338
19	0.00810	0.00663	0.00691	0.00680	0.00875	0.00560	0.00503	0.00948	0.01429	0.01769	0.15846	0.05484	0.64637	0.01483	0.00726	0.00212	0.00328	0.01222	0.00584	0.00551
20	0.02328	0.01425	0.01616	0.01276	0.01722	0.01483	0.01034	0.40258	0.11503	0.27826	0.01909	0.01819	0.01328	0.00779	0.00625	0.00197	0.00599	0.00591	0.00658	0.01025
21	0.02493	0.01063	0.01462	0.10816	0.01868	0.00965	0.00990	0.02709	0.01654	0.65846	0.02212	0.02047	0.01438	0.00764	0.00625	0.00199	0.00563	0.00606	0.00688	0.00991
22	0.02341	0.01606	0.01752	0.01359	0.01825	0.01725	0.01109	0.63979	0.02635	0.12879	0.01600	0.01601	0.01135	0.00763	0.00623	0.00193	0.00652	0.00562	0.00628	0.01033
23	0.00979	0.00697	0.00848	0.10472	0.01138	0.00715	0.00558	0.01002	0.00951	0.01270	0.01816	0.03615	0.02018	0.68460	0.02664	0.00529	0.00622	0.00830	0.00373	0.00444
24	0.82496	0.01190	0.00925	0.00833	0.01197	0.01353	0.00673	0.01771	0.01053	0.02683	0.00910	0.01083	0.00725	0.00604	0.00404	0.00198	0.00483	0.00348	0.00392	0.00680
25	0.72283	0.01173	0.00988	0.00867	0.01242	0.01296	0.00701	0.01913	0.01138	0.11972	0.01097	0.01213	0.00827	0.00627	0.00432	0.00198	0.00489	0.00382	0.00438	0.00725
26	0.01051	0.00642	0.00833	0.00905	0.01001	0.00582	0.00624	0.01141	0.01244	0.11007	0.03153	0.68389	0.03588	0.01728	0.00760	0.00246	0.00392	0.01532	0.00592	0.00590
27	0.02562	0.01188	0.01486	0.01161	0.01612	0.01112	0.00944	0.16269	0.04813	0.58691	0.02205	0.01999	0.01451	0.00780	0.00625	0.00197	0.00554	0.00606	0.00716	0.01031
28	0.12579	0.01583	0.01665	0.01306	0.01759	0.01722	0.01065	0.59395	0.02484	0.08127	0.01469	0.01507	0.01061	0.00742	0.00595	0.00193	0.00637	0.00531	0.00591	0.00988
29	0.01240	0.01161	0.01922	0.64482	0.08743	0.01381	0.04922	0.01584	0.01229	0.01618	0.01126	0.01658	0.00882	0.00660	0.00696	0.00213	0.04912	0.00555	0.00296	0.00720
30	0.01456	0.01245	0.01399	0.10915	0.01852	0.01417	0.01023	0.02804	0.59949	0.02384	0.06848	0.02346	0.01958	0.00849	0.00637	0.00213	0.00522	0.00693	0.00582	0.00908
31	0.01573	0.01180	0.01357	0.01017	0.01515	0.00996	0.00808	0.10864	0.04415	0.09384	0.01350	0.01476	0.01061	0.00573	0.00514	0.00130	0.00498	0.00436	0.00453	0.60402
32	0.02221	0.12936	0.06640	0.01332	0.01814	0.01275	0.10208	0.02468	0.01546	0.46750	0.01863	0.01816	0.01275	0.00723	0.00665	0.00195	0.04180	0.00573	0.00573	0.00948
33	0.00904	0.00652	0.00831	0.00814	0.00940	0.00595	0.00591	0.01117	0.01604	0.02259	0.61627	0.17810	0.05214	0.01357	0.00735	0.00210	0.00322	0.01181	0.00650	0.00586
34	0.01367	0.01335	0.01837	0.01583	0.01593	0.01822	0.01305	0.01466	0.00955	0.01492	0.00864	0.01405	0.00856	0.01075	0.01929	0.00271	0.77330	0.00539	0.00288	0.00686
35	0.04600	0.01146	0.01895	0.68002	0.03840	0.01355	0.07198	0.01590	0.01232	0.01652	0.01132	0.01656	0.00870	0.00637	0.00621	0.00211	0.00806	0.00552	0.00299	0.00706
36	0.01243	0.01232	0.01736	0.04639	0.01601	0.01709	0.01257	0.01380	0.00911	0.01406	0.00871	0.04364	0.00886	0.01032	0.01808	0.00251	0.72224	0.00554	0.00266	0.00630
37	0.00808	0.00594	0.00757	0.00716	0.00860	0.00542	0.00537	0.01068	0.01611	0.02248	0.67943	0.04482	0.13225	0.01220	0.00686	0.00184	0.00277	0.01071	0.00629	0.00542
38	0.00709	0.00506	0.00675	0.00810	0.00843	0.00472	0.00540	0.00810	0.01113	0.01484	0.03205	0.79184	0.03846	0.01822	0.00742	0.00236	0.00337	0.01653	0.00540	0.00472
39	0.01947	0.01758	0.01834	0.08405	0.22068	0.23121	0.01306	0.18819	0.01774	0.11517	0.01254	0.01395	0.00941	0.00614	0.00564	0.00169	0.00764	0.00487	0.00411	0.00852
40	0.00823	0.00594	0.00777	0.00732	0.00869	0.00549	0.00549	0.01097	0.01646	0.02332	0.75629	0.04344	0.05487	0.01189	0.00686	0.00183	0.00274	0.01052	0.00640	0.00549
41	0.01271	0.00744	0.00938	0.00912	0.01079	0.00718	0.00664	0.10423	0.01413	0.16216	0.02742	0.51214	0.02946	0.04812	0.00787	0.00232	0.00416	0.01270	0.00572	0.00632
42	0.44018	0.01471	0.01314	0.03671	0.06152	0.10467	0.00922	0.21462	0.01569	0.02675	0.01005	0.01130	0.00765	0.00590	0.00460	0.00175	0.00598	0.00398	0.00405	0.00752
43	0.01350	0.01279	0.02166	0.07957	0.64502	0.01292	0.01659	0.01676	0.01295	0.01836	0.01286	0.08648	0.01183	0.00643	0.00591	0.00180	0.00663	0.00623	0.00309	0.00862
44	0.01423	0.01170	0.01284	0.01088	0.01452	0.01224	0.00853	0.13400	0.36773	0.02383	0.01979	0.09631	0.01657	0.00802	0.00568	0.00171	0.00469	0.01737	0.00522	0.21414
45	0.01372	0.09306	0.31320	0.02454	0.35626	0.02607	0.02975	0.01852	0.02585	0.02996	0.01087	0.01327	0.00853	0.00538	0.00549	0.00173	0.00753	0.00468	0.00280	0.00876
46	0.01142	0.02876	0.72543	0.01613	0.02429	0.01304	0.02064	0.01787	0.01222	0.01823	0.01158	0.05345	0.00901	0.00620	0.00563	0.00187	0.00832	0.00494	0.00261	0.00839
47	0.02487	0.01070	0.01378	0.01062	0.01501	0.00988	0.00875	0.13699	0.01811	0.62228	0.02141	0.01897	0.01372	0.00715	0.00577	0.00177	0.00508	0.00574	0.03967	0.00972
48	0.11566	0.01190	0.01516	0.05419	0.01724	0.01219	0.04268	0.17753	0.02862	0.39728	0.01732	0.01659	0.01158	0.00693	0.00633	0.00184	0.04677	0.00539	0.00578	0.00900
49	0.01368	0.01604	0.11467	0.18513	0.41161	0.07947	0.02798	0.01739	0.01299	0.01748	0.01143	0.04500	0.00968	0.00594	0.00578	0.00179	0.00751	0.00542	0.00288	0.00815
50	0.00714	0.00583	0.00630	0.00633	0.00805	0.00500	0.00469	0.00880	0.01367	0.01702	0.18331	0.11294	0.57172	0.01449	0.00691	0.00197	0.00294	0.01230	0.00558	0.00500
51	0.00709	0.00506	0.00675	0.00810	0.00843	0.00472	0.00540	0.00810	0.01113	0.01484	0.03205	0.79184	0.03846	0.01822	0.00742	0.00236	0.00337	0.01653	0.00540	0.00472
52	0.01780	0.16587	0.01833	0.01136	0.01616	0.01605	0.00963	0.37465	0.04870	0.02690	0.01222	0.01285	0.00938	0.00590	0.00501	0.00142	0.00572	0.00439	0.00453	0.23313
53	0.02172	0.02772	0.01648	0.01498	0.01798	0.77228	0.01124	0.02322	0.01648	0.01423	0.00899	0.01049	0.00749	0.00599	0.00524	0.00150	0.01049	0.00375	0.00300	0.00674
54	0.02099	0.10167	0.01785	0.01450	0.01764	0.68860	0.01114	0.02252	0.01591	0.01418	0.00888	0.01041	0.00749	0.00596	0.00531	0.00149	0.02201	0.00370	0.00294	0.00681
55	0.01206	0.01034	0.01206	0.00861	0.01378	0.00775	0.00689	0.01464	0.01206	0.01895	0.01034	0.01206	0.00861	0.00431	0.00431	0.00086	0.00431	0.00345	0.00345	0.83118
56	0.02217	0.01415	0.01592	0.01229	0.01670	0.01503	0.01012	0.52772	0.02416	0.20610	0.06241	0.01717	0.01375	0.00734	0.00589	0.00176	0.00583	0.00571	0.00618	0.00962
57	0.01597	0.01523	0.11116	0.05922	0.49750	0.01325	0.01656	0.05910	0.01431	0.12256	0.01268	0.01491	0.00968	0.00563	0.00575	0.00176	0.00685	0.00517	0.00357	0.00916
58	0.80138	0.04515	0.00949	0.00775	0.01140	0.01347	0.00645	0.01711	0.00998	0.02556	0.00810	0.00944	0.00635	0.00538	0.00360	0.00178	0.00457	0.00315	0.00355	0.00635
59	0.00706	0.00515	0.00666	0.00787	0.00838	0.00474	0.00530	0.00812	0.01135	0.01493	0.03479	0.71680	0.11172	0.01786	0.00737	0.00232	0.00333	0.01610	0.00540	0.00474
60	0.02609	0.00990	0.01350	0.01035	0.01484	0.00855	0.00855	0.02834	0.01664	0.76338	0.02294	0.01979	0.01439	0.00720	0.00585	0.00180	0.00495	0.00585	0.00720	0.00990
61	0.00931	0.00838	0.04396	0.22640	0.04875	0.00824	0.02201	0.01157	0.01157	0.01533	0.02232	0.33750	0.02436	0.01326	0.00787	0.05396	0.00548	0.12002	0.00416	0.00556
62	0.79196	0.01117	0.00882	0.00780	0.01144	0.01280	0.00642	0.01771	0.01027	0.06679	0.00892	0.01002	0.00674	0.00550	0.00372	0.00180	0.00452	0.00330	0.00380	0.00650
63	0.00698	0.00578	0.00611	0.00627	0.00798	0.00492	0.00461	0.00846	0.01314	0.01601	0.09369	0.15692	0.61898	0.01505	0.00695	0.00201	0.00299	0.01276	0.00546	0.00492
64	0.02551	0.01003	0.01348	0.01042	0.01486	0.00884	0.00858	0.02847	0.05338	0.72630	0.02298	0.01989	0.01456	0.00723	0.00585	0.00181	0.00493	0.00588	0.00713	0.00986
65	0.01481	0.01391	0.02311	0.04765	0.70020	0.01406	0.01739	0.06287	0.01409	0.02003	0.01112	0.01439	0.00923	0.00531	0.00576	0.00173	0.00689	0.00518	0.00306	0.00920
66	0.02567	0.01057	0.01391	0.01067	0.01518	0.00955	0.00881	0.10338	0.01777	0.68675	0.02199	0.01918	0.01392	0.00717	0.00584	0.00179	0.00510	0.00578	0.00705	0.00990
67	0.01010	0.00505	0.00758	0.00758	0.00758	0.00505	0.00505	0.00758	0.00758	0.01010	0.01010	0.01768	0.01010	0.02020	0.02273	0.83081	0.00505	0.00505	0.00253	0.00253
68	0.01265	0.02820	0.68709	0.01653	0.02475	0.01325	0.05152	0.01904	0.01261	0.06493	0.01127	0.01289	0.00787	0.00560	0.00560	0.00184	0.00842	0.00450	0.00277	0.00864
69	0.00716	0.00512	0.00681	0.00805	0.00845	0.00477	0.00540	0.00828	0.01147	0.01537	0.07726	0.74511	0.03949	0.01782	0.00739	0.00233	0.00333	0.01616	0.00546	0.00477
70	0.00831	0.00623	0.00935	0.00935	0.01038	0.00727	0.00727	0.01038	0.00935	0.01350	0.01558	0.02285	0.01454	0.04361	0.77259	0.00935	0.01558	0.00623	0.00312	0.00519
71	0.83671	0.01125	0.00855	0.00765	0.01125	0.01305	0.00630	0.01709	0.00990	0.02609	0.00810	0.00945	0.00630	0.00540	0.00360	0.00180	0.00450	0.00315	0.00360	0.00630
72	0.01995	0.01437	0.01543	0.01206	0.01612	0.01578	0.00988	0.60995	0.02486	0.03406	0.05379	0.01649	0.01290	0.00721	0.00565	0.00170	0.00574	0.00554	0.10942	0.00909
73	0.01923	0.04532	0.08914	0.01275	0.04597	0.04496	0.01077	0.11369	0.09990	0.28568	0.01654	0.01612	0.01163	0.00666	0.00624	0.00170	0.04879	0.00513	0.00513	0.11466
74	0.12110	0.01895	0.01621	0.22648	0.06144	0.35004	0.01229	0.09398	0.01527	0.01846	0.00986	0.01230	0.00775	0.00593	0.00528	0.00169	0.00837	0.00429	0.00324	0.00706
75	0.02518	0.00968	0.01312	0.01014	0.01440	0.00840	0.00829	0.02731	0.01622	0.72438	0.02270	0.02074	0.01474	0.04809	0.00708	0.00200	0.00498	0.00598	0.00701	0.00957
76	0.01008	0.00684	0.00998	0.06936	0.01267	0.00655	0.04036	0.01240	0.01424	0.09238	0.35591	0.28107	0.03974	0.01269	0.00686	0.00201	0.00388	0.01143	0.00569	0.00586
77	0.00816	0.00594	0.00768	0.00724	0.00864	0.00546	0.00543	0.01084	0.01629	0.02292	0.72012	0.04409	0.09128	0.01204	0.00686	0.00184	0.00275	0.01061	0.00635	0.00546
78	0.00786	0.00674	0.04671	0.00915	0.01015	0.00564	0.00716	0.00956	0.01172	0.01563	0.03064	0.58145	0.03568	0.01706	0.00747	0.00241	0.00411	0.18057	0.00524	0.00507
79	0.00802	0.00569	0.00695	0.00761	0.00799	0.00559	0.00489	0.00949	0.04851	0.01419	0.04443	0.44736	0.03123	0.31240	0.01574	0.00357	0.00428	0.01280	0.00474	0.00452
80	0.00720	0.00560	0.00663	0.00709	0.00831	0.00503	0.00507	0.00869	0.01265	0.01623	0.13434	0.33178	0.35749	0.01719	0.04679	0.00248	0.00374	0.01335	0.00541	0.00493
81	0.01871	0.00853	0.01131	0.00927	0.01252	0.00769	0.00742	0.02189	0.05455	0.44435	0.30114	0.02886	0.02992	0.00901	0.00623	0.00182	0.00409	0.00766	0.00683	0.00819
82	0.01267	0.02062	0.31020	0.02056	0.02716	0.01378	0.42827	0.01802	0.01290	0.01817	0.01160	0.01555	0.00891	0.04615	0.00753	0.00211	0.00913	0.00597	0.00279	0.00790
83	0.01305	0.10153	0.54497	0.01511	0.02218	0.09169	0.01797	0.01912	0.05105	0.01806	0.04469	0.01372	0.01009	0.00593	0.00541	0.00176	0.00809	0.00453	0.00287	0.00819
84	0.01378	0.04866	0.06952	0.02386	0.41909	0.01217	0.01386	0.05659	0.01460	0.05117	0.15689	0.02025	0.01844	0.00677	0.00578	0.00172	0.00585	0.00611	0.04665	0.00823
85	0.01255	0.02387	0.45024	0.02000	0.02742	0.01402	0.33052	0.01851	0.01290	0.01851	0.01101	0.01375	0.00799	0.00526	0.00610	0.00189	0.00912	0.00540	0.00266	0.00827
86	0.01154	0.01124	0.01739	0.74189	0.03891	0.05230	0.01590	0.01529	0.01188	0.01483	0.01027	0.01524	0.00774	0.00582	0.00578	0.00192	0.00789	0.00509	0.00261	0.00647

[dist]
# distance from previous block
# <min> <max>
0	2

[block]
# block no. 1 follows, 40 sequences, length 25
# corresponding to MSA columns:
# 221-245
name=unknown_B
#
# <colnr> <probs for GDERKNQSTAVLIFYWHMCP>
#	G	D	E	R	K	N	Q	S	T	A	V	L	I	F	Y	W	H	M	C	P
0	0.00831	0.00567	0.00682	0.00707	0.00728	0.00571	0.00442	0.00877	0.00916	0.01228	0.02060	0.13799	0.02356	0.58560	0.08836	0.00535	0.00616	0.04911	0.00384	0.00393
1	0.01518	0.75848	0.02924	0.00977	0.01449	0.02212	0.00962	0.01695	0.01164	0.01356	0.00861	0.01080	0.00816	0.04548	0.00506	0.00147	0.00619	0.00338	0.00254	0.00726
2	0.01362	0.01518	0.03148	0.02380	0.06564	0.01509	0.60081	0.01795	0.01303	0.01800	0.01115	0.01521	0.00868	0.00565	0.00850	0.00203	0.11706	0.00653	0.00288	0.00771
3	0.01108	0.01046	0.01746	0.74064	0.03873	0.01318	0.01597	0.01481	0.01148	0.01481	0.01019	0.01536	0.00775	0.00605	0.00652	0.00197	0.04935	0.00516	0.00258	0.00645
4	0.01791	0.00796	0.01073	0.00911	0.01199	0.00757	0.00732	0.02020	0.01363	0.39977	0.02000	0.02106	0.01453	0.01793	0.23308	0.00395	0.00768	0.00588	0.16206	0.00765
5	0.00726	0.00591	0.00642	0.00629	0.00809	0.00507	0.00472	0.00909	0.01416	0.01786	0.25588	0.05243	0.55868	0.01393	0.00687	0.00193	0.00289	0.01178	0.00568	0.00507
6	0.01166	0.03008	0.76550	0.01657	0.02517	0.01351	0.02149	0.01842	0.01228	0.01842	0.01044	0.01228	0.00737	0.00552	0.00552	0.00184	0.00859	0.00430	0.00246	0.00859
7	0.02085	0.02369	0.01615	0.01430	0.01730	0.57260	0.01096	0.10030	0.01691	0.05548	0.01051	0.01208	0.00846	0.00824	0.04386	0.00198	0.05145	0.00421	0.00350	0.00715
8	0.01193	0.07027	0.68431	0.01615	0.02407	0.01425	0.02038	0.01812	0.01206	0.01792	0.01015	0.01214	0.00739	0.00576	0.00619	0.00185	0.05193	0.00428	0.00246	0.00841
9	0.00709	0.00506	0.00675	0.00810	0.00843	0.00472	0.00540	0.00810	0.01113	0.01484	0.03205	0.79184	0.03846	0.01822	0.00742	0.00236	0.00337	0.01653	0.00540	0.00472
10	0.00912	0.00543	0.00754	0.00826	0.00878	0.00517	0.00577	0.00925	0.01051	0.05047	0.02483	0.46023	0.02826	0.01811	0.01204	0.25407	0.00412	0.06908	0.00461	0.00436
11	0.02122	0.11758	0.01835	0.03683	0.18141	0.01243	0.01116	0.06398	0.02933	0.42221	0.01744	0.01678	0.01194	0.00641	0.00554	0.00171	0.00571	0.00529	0.00538	0.00931
12	0.01126	0.01058	0.01802	0.69735	0.08913	0.01285	0.03135	0.01499	0.01170	0.01512	0.01040	0.01548	0.00793	0.00606	0.00619	0.01951	0.00768	0.00520	0.00261	0.00660
13	0.02095	0.06955	0.01773	0.01590	0.06292	0.65611	0.01156	0.04933	0.01643	0.01533	0.00924	0.01079	0.00768	0.00592	0.00521	0.00151	0.00988	0.00385	0.00307	0.00705
14	0.00698	0.00590	0.00604	0.00601	0.00792	0.00496	0.00450	0.00856	0.01351	0.01632	0.11496	0.05496	0.70056	0.01450	0.00687	0.00195	0.00293	0.01213	0.00548	0.00496
15	0.01216	0.01166	0.01658	0.20453	0.02114	0.01460	0.01242	0.01434	0.01021	0.01519	0.00884	0.01328	0.00786	0.00793	0.01286	0.00206	0.43709	0.00478	0.00273	0.16974
16	0.00979	0.00757	0.00913	0.00851	0.01035	0.00772	0.00649	0.01588	0.19582	0.02342	0.55906	0.03865	0.04525	0.01101	0.00666	0.00188	0.00326	0.02690	0.00626	0.00639
17	0.00694	0.00589	0.00599	0.00597	0.00790	0.00494	0.00447	0.00848	0.01342	0.01611	0.09571	0.05530	0.71995	0.01458	0.00687	0.00196	0.00293	0.01218	0.00545	0.00494
18	0.01098	0.01034	0.01744	0.78165	0.04005	0.01292	0.01615	0.01486	0.01163	0.01486	0.01034	0.01550	0.00775	0.00581	0.00581	0.00194	0.00775	0.00517	0.00258	0.00646
19	0.03415	0.01050	0.01727	0.64094	0.11584	0.01265	0.01547	0.01518	0.01178	0.01595	0.01076	0.01552	0.00822	0.00578	0.00566	0.00188	0.00732	0.00513	0.04328	0.00670
20	0.01258	0.01171	0.01858	0.48021	0.09381	0.01363	0.07638	0.04554	0.15217	0.01813	0.01317	0.01654	0.00994	0.00612	0.00592	0.00192	0.00721	0.00558	0.00339	0.00746
21	0.00835	0.00559	0.00638	0.00648	0.00651	0.00556	0.00367	0.00843	0.00867	0.01156	0.01943	0.09864	0.02253	0.73315	0.02782	0.00537	0.00546	0.00911	0.00367	0.00362
22	0.01322	0.10926	0.51796	0.03682	0.06988	0.01373	0.01798	0.01859	0.01284	0.07797	0.04990	0.01440	0.01053	0.00592	0.00545	0.00177	0.00761	0.00470	0.00308	0.00840
23	0.01590	0.68625	0.02798	0.01021	0.01486	0.06362	0.00983	0.01777	0.01212	0.04083	0.00906	0.01047	0.00808	0.00712	0.04377	0.00170	0.00690	0.00341	0.00272	0.00739
24	0.00802	0.00594	0.00748	0.00709	0.00856	0.00540	0.00532	0.01056	0.01596	0.02212	0.64628	0.04541	0.16563	0.01234	0.00686	0.00185	0.00278	0.01079	0.00624	0.00540

[dist]
# distance from previous block
# <min> <max>
0	4

[block]
# block no. 2 follows, 40 sequences, length 10
# corresponding to MSA columns:
# 250-259
name=unknown_C
#
# <colnr> <probs for GDERKNQSTAVLIFYWHMCP>
#	G	D	E	R	K	N	Q	S	T	A	V	L	I	F	Y	W	H	M	C	P
0	0.02047	0.01483	0.01623	0.01233	0.01707	0.01560	0.01014	0.56560	0.02391	0.07439	0.01380	0.01394	0.00991	0.00650	0.00554	0.00158	0.00593	0.00494	0.00546	0.16184
1	0.00781	0.00604	0.00873	0.15122	0.01428	0.00624	0.00739	0.00935	0.01123	0.01485	0.02803	0.64820	0.03278	0.01592	0.00712	0.00228	0.00418	0.01443	0.00488	0.00504
2	0.06178	0.61180	0.16521	0.01104	0.01661	0.02068	0.01188	0.01758	0.01179	0.01527	0.00852	0.00988	0.00738	0.00510	0.00406	0.00139	0.00656	0.00333	0.00255	0.00761
3	0.05931	0.01560	0.05865	0.02440	0.25821	0.05875	0.30987	0.01810	0.01327	0.01892	0.01091	0.01405	0.00864	0.00504	0.00588	0.00172	0.00795	0.00543	0.00300	0.10228
4	0.01850	0.53168	0.02525	0.01065	0.01539	0.06196	0.00987	0.09180	0.01452	0.15471	0.01147	0.01179	0.00899	0.00564	0.00442	0.00141	0.00624	0.00386	0.00372	0.00811
5	0.01231	0.01217	0.02205	0.46143	0.21197	0.01347	0.15016	0.01628	0.01241	0.01656	0.01075	0.01527	0.00830	0.00549	0.00599	0.00189	0.00793	0.00548	0.00272	0.00738
6	0.05327	0.01086	0.01783	0.64049	0.13691	0.01305	0.01588	0.01538	0.01176	0.01599	0.01030	0.01505	0.00788	0.00571	0.00569	0.00190	0.00747	0.00507	0.00268	0.00683
7	0.00709	0.00506	0.00675	0.00810	0.00843	0.00472	0.00540	0.00810	0.01113	0.01484	0.03205	0.79184	0.03846	0.01822	0.00742	0.00236	0.00337	0.01653	0.00540	0.00472
8	0.00836	0.00567	0.00671	0.00679	0.00693	0.00577	0.00406	0.00866	0.00871	0.01173	0.01879	0.07939	0.02137	0.66499	0.11351	0.00588	0.00665	0.00866	0.00358	0.00378
9	0.00837	0.00609	0.00806	0.00863	0.00987	0.00578	0.00688	0.01070	0.01413	0.01901	0.29885	0.17467	0.10401	0.01477	0.00740	0.00225	0.00387	0.28564	0.00575	0.00526

[dist]
# distance from previous block
# <min> <max>
0	1

[block]
# block no. 3 follows, 40 sequences, length 15
# corresponding to MSA columns:
# 261-275
name=unknown_D
#
# <colnr> <probs for GDERKNQSTAVLIFYWHMCP>
#	G	D	E	R	K	N	Q	S	T	A	V	L	I	F	Y	W	H	M	C	P
0	0.01527	0.74338	0.08375	0.01043	0.01567	0.02232	0.01079	0.01749	0.01185	0.01402	0.00826	0.00954	0.00746	0.00501	0.00386	0.00129	0.00639	0.00320	0.00249	0.00754
1	0.74439	0.09982	0.01101	0.00791	0.01166	0.01417	0.00671	0.01713	0.01011	0.02470	0.00810	0.00943	0.00643	0.00535	0.00361	0.00174	0.00469	0.00314	0.00347	0.00643
2	0.01329	0.05190	0.03029	0.07249	0.04993	0.01474	0.54892	0.01755	0.01294	0.01758	0.01143	0.01555	0.00894	0.00745	0.04987	0.00236	0.05798	0.00638	0.00288	0.00754
3	0.01166	0.03008	0.76550	0.01657	0.02517	0.01351	0.02149	0.01842	0.01228	0.01842	0.01044	0.01228	0.00737	0.00552	0.00552	0.00184	0.00859	0.00430	0.00246	0.00859
4	0.00771	0.00592	0.00706	0.00677	0.00837	0.00527	0.00508	0.00997	0.01524	0.02042	0.49065	0.04821	0.32232	0.01297	0.00686	0.00188	0.00282	0.01119	0.00602	0.00527
5	0.02609	0.00990	0.01350	0.01035	0.01484	0.00855	0.00855	0.02834	0.01664	0.76338	0.02294	0.01979	0.01439	0.00720	0.00585	0.00180	0.00495	0.00585	0.00720	0.00990
6	0.00815	0.00594	0.00766	0.00723	0.00864	0.00545	0.00542	0.01081	0.01626	0.02285	0.71288	0.04422	0.09857	0.01207	0.00686	0.00184	0.00276	0.01063	0.00634	0.00545
7	0.00962	0.00627	0.00810	0.00746	0.00914	0.00570	0.00566	0.01222	0.01622	0.08463	0.64016	0.04244	0.10664	0.01172	0.00678	0.00184	0.00294	0.01026	0.00639	0.00581
8	0.00831	0.00623	0.00935	0.00935	0.01038	0.00727	0.00727	0.01038	0.00935	0.01350	0.01558	0.02285	0.01454	0.04361	0.77259	0.00935	0.01558	0.00623	0.00312	0.00519
9	0.00843	0.00573	0.00683	0.00683	0.00700	0.00590	0.00413	0.00877	0.00860	0.01164	0.01787	0.03557	0.02006	0.67300	0.15076	0.00624	0.00726	0.00809	0.00346	0.00380
10	0.01098	0.01034	0.01744	0.78165	0.04005	0.01292	0.01615	0.01486	0.01163	0.01486	0.01034	0.01550	0.00775	0.00581	0.00581	0.00194	0.00775	0.00517	0.00258	0.00646
11	0.01664	0.50887	0.08843	0.01167	0.01652	0.13800	0.01117	0.07591	0.05471	0.01656	0.00975	0.01081	0.00822	0.00550	0.00440	0.00141	0.00701	0.00367	0.00302	0.00773
12	0.83671	0.01125	0.00855	0.00765	0.01125	0.01305	0.00630	0.01709	0.00990	0.02609	0.00810	0.00945	0.00630	0.00540	0.00360	0.00180	0.00450	0.00315	0.00360	0.00630
13	0.00831	0.00623	0.00935	0.00935	0.01038	0.00727	0.00727	0.01038	0.00935	0.01350	0.01558	0.02285	0.01454	0.04361	0.77259	0.00935	0.01558	0.00623	0.00312	0.00519
14	0.00953	0.00860	0.06863	0.01066	0.01264	0.00729	0.00969	0.01300	0.03801	0.01867	0.14601	0.05639	0.03435	0.01429	0.00758	0.00245	0.00516	0.52598	0.00531	0.00576

[dist]
# distance from previous block
# <min> <max>
6	8

[block]
# block no. 4 follows, 40 sequences, length 7
# corresponding to MSA columns:
# 285-291
name=unknown_E
#
# <colnr> <probs for GDERKNQSTAVLIFYWHMCP>
#	G	D	E	R	K	N	Q	S	T	A	V	L	I	F	Y	W	H	M	C	P
0	0.01791	0.02409	0.20309	0.01418	0.01867	0.37844	0.01305	0.11215	0.05786	0.01932	0.01166	0.01297	0.00898	0.00617	0.00532	0.00163	0.00850	0.00438	0.07399	0.00763
1	0.01010	0.00505	0.00758	0.00758	0.00758	0.00505	0.00505	0.00758	0.00758	0.01010	0.01010	0.01768	0.01010	0.02020	0.02273	0.83081	0.00505	0.00505	0.00253	0.00253
2	0.25678	0.13308	0.40210	0.01388	0.05387	0.01473	0.01518	0.01786	0.01155	0.02004	0.00943	0.01112	0.00715	0.00539	0.00471	0.00174	0.00696	0.00383	0.00282	0.00778
3	0.01828	0.00854	0.01124	0.00927	0.01246	0.00778	0.00740	0.02174	0.06912	0.42126	0.30945	0.02917	0.03045	0.00908	0.00625	0.00182	0.00406	0.00772	0.00679	0.00812
4	0.01167	0.01168	0.02167	0.59200	0.03763	0.01337	0.19702	0.01580	0.01215	0.01580	0.01069	0.01555	0.00802	0.00559	0.00608	0.00194	0.00827	0.00559	0.00267	0.00681
5	0.21490	0.00661	0.00720	0.00798	0.00914	0.00681	0.00562	0.01035	0.01082	0.01766	0.02605	0.59586	0.03040	0.01501	0.00646	0.00222	0.00366	0.01318	0.00495	0.00512
6	0.00775	0.00555	0.00744	0.00834	0.00910	0.00524	0.00608	0.00948	0.01284	0.01739	0.21325	0.48330	0.04174	0.01627	0.00738	0.00228	0.00355	0.13234	0.00564	0.00502

[dist]
# distance from previous block
# <min> <max>
0	2

[block]
# block no. 5 follows, 40 sequences, length 10
# corresponding to MSA columns:
# 294-303
name=unknown_F
#
# <colnr> <probs for GDERKNQSTAVLIFYWHMCP>
#	G	D	E	R	K	N	Q	S	T	A	V	L	I	F	Y	W	H	M	C	P
0	0.01128	0.01091	0.01926	0.69986	0.03901	0.01311	0.09416	0.01527	0.01185	0.01527	0.01049	0.01552	0.00787	0.00572	0.00593	0.00194	0.00797	0.00535	0.00262	0.00661
1	0.01922	0.01458	0.01590	0.01201	0.01681	0.01508	0.00986	0.53136	0.02295	0.03156	0.01292	0.01341	0.00952	0.00621	0.00538	0.00149	0.00580	0.00472	0.00514	0.24610
2	0.01441	0.01431	0.01439	0.17983	0.09944	0.22912	0.03030	0.01713	0.01353	0.01753	0.04200	0.01678	0.01182	0.00642	0.00559	0.00163	0.02967	0.00509	0.24448	0.00653
3	0.02480	0.01197	0.01478	0.01133	0.01588	0.01163	0.00936	0.25936	0.02012	0.52746	0.02003	0.01790	0.01293	0.00713	0.00584	0.00178	0.00542	0.00565	0.00675	0.00989
4	0.01059	0.00655	0.00805	0.00732	0.00938	0.00578	0.00561	0.01284	0.01542	0.13756	0.40736	0.04390	0.28327	0.01210	0.00670	0.00187	0.00316	0.01037	0.00619	0.00599
5	0.01264	0.01164	0.01950	0.02812	0.54394	0.01193	0.01480	0.01570	0.01212	0.01742	0.01227	0.01682	0.01074	0.01623	0.22630	0.00392	0.00940	0.00548	0.00295	0.00806
6	0.01084	0.00542	0.00542	0.00542	0.00678	0.00542	0.00407	0.01355	0.01220	0.02168	0.01897	0.02168	0.01491	0.00678	0.00407	0.00136	0.00271	0.00542	0.82791	0.00542
7	0.01275	0.01096	0.01237	0.00954	0.01417	0.00968	0.00756	0.01932	0.22397	0.02050	0.01417	0.01483	0.01124	0.00534	0.00477	0.00118	0.00439	0.00435	0.00416	0.59477
8	0.01590	0.48955	0.02398	0.01104	0.01531	0.10150	0.00987	0.02192	0.22430	0.01680	0.01266	0.01301	0.01042	0.00592	0.00452	0.00148	0.00622	0.00417	0.00353	0.00789
9	0.00726	0.00591	0.00643	0.00630	0.00809	0.00508	0.00473	0.00910	0.01418	0.01790	0.25948	0.05236	0.55506	0.01391	0.00687	0.00192	0.00289	0.01177	0.00569	0.00508

[dist]
# distance from previous block
# <min> <max>
0	2

[block]
# block no. 6 follows, 40 sequences, length 34
# corresponding to MSA columns:
# 306-339
name=unknown_G
#
# <colnr> <probs for GDERKNQSTAVLIFYWHMCP>
#	G	D	E	R	K	N	Q	S	T	A	V	L	I	F	Y	W	H	M	C	P
0	0.01570	0.01426	0.02511	0.01966	0.02289	0.01426	0.36974	0.01681	0.01309	0.01836	0.01371	0.01997	0.01200	0.01217	0.01470	0.22386	0.15512	0.00698	0.00388	0.00774
1	0.00824	0.00655	0.00974	0.21468	0.01706	0.00701	0.00847	0.01011	0.01138	0.01498	0.02619	0.54708	0.03001	0.01480	0.00702	0.00226	0.00464	0.04990	0.00464	0.00522
2	0.24061	0.01012	0.01177	0.00950	0.01348	0.00984	0.00777	0.02428	0.05270	0.47777	0.06917	0.01875	0.01518	0.00707	0.00532	0.00181	0.00466	0.00548	0.00612	0.00860
3	0.61707	0.01243	0.01542	0.01215	0.01636	0.01349	0.20164	0.01750	0.01092	0.02410	0.00908	0.01111	0.00697	0.00527	0.00447	0.00184	0.00591	0.00414	0.00342	0.00671
4	0.01664	0.01305	0.01394	0.01187	0.01551	0.01465	0.00942	0.21885	0.48489	0.06083	0.02287	0.02132	0.05374	0.00797	0.00594	0.00190	0.00501	0.00648	0.00592	0.00920
5	0.01244	0.01148	0.01911	0.02833	0.55895	0.01139	0.01452	0.01524	0.01268	0.01789	0.01657	0.22188	0.01702	0.00866	0.00620	0.00190	0.00597	0.00821	0.00355	0.00801
6	0.01344	0.01158	0.01875	0.02761	0.55851	0.01158	0.01417	0.01670	0.01296	0.01971	0.01308	0.01634	0.01073	0.00561	0.00531	0.00163	0.00579	0.00525	0.22307	0.00820
7	0.00787	0.00593	0.00727	0.00694	0.00847	0.00533	0.00520	0.01027	0.01561	0.02129	0.57017	0.04678	0.24225	0.01265	0.00686	0.00186	0.00280	0.01099	0.00613	0.00533
8	0.01390	0.01519	0.03146	0.02749	0.22494	0.01447	0.54598	0.01842	0.01360	0.01873	0.01154	0.01534	0.00893	0.00498	0.00657	0.00190	0.00903	0.00641	0.00292	0.00821
9	0.01285	0.01398	0.02894	0.26574	0.03347	0.01414	0.50817	0.01743	0.01306	0.01743	0.01131	0.01563	0.00848	0.00519	0.00653	0.00195	0.00915	0.00632	0.00283	0.00740
10	0.01124	0.02710	0.67201	0.01543	0.02314	0.01252	0.01951	0.01750	0.01279	0.01902	0.10246	0.01612	0.01323	0.00631	0.00569	0.00184	0.00787	0.00506	0.00294	0.00821
11	0.00770	0.00550	0.00745	0.00879	0.00940	0.00525	0.00646	0.00915	0.01173	0.01553	0.03171	0.59802	0.03713	0.01764	0.00759	0.00245	0.00390	0.20433	0.00539	0.00489
12	0.02290	0.01501	0.01666	0.01277	0.01740	0.01614	0.01055	0.59797	0.02521	0.18165	0.01575	0.01513	0.01079	0.00702	0.00582	0.00176	0.00611	0.00536	0.00609	0.00989
13	0.05387	0.01546	0.21614	0.50631	0.03326	0.01278	0.01658	0.01587	0.01173	0.01666	0.01059	0.01458	0.00786	0.00575	0.00555	0.00188	0.00761	0.00484	0.03570	0.00698
14	0.01125	0.00832	0.01019	0.00894	0.01187	0.00724	0.00691	0.03172	0.05117	0.06310	0.09941	0.22995	0.02489	0.01044	0.00600	0.00168	0.00410	0.08073	0.00488	0.32718
15	0.61725	0.01193	0.01257	0.01513	0.21090	0.01325	0.00938	0.01729	0.01079	0.02420	0.00886	0.01077	0.00708	0.00534	0.00417	0.00178	0.00514	0.00369	0.00341	0.00708
16	0.00907	0.00670	0.00891	0.00877	0.01021	0.00688	0.00689	0.03453	0.04358	0.01985	0.35809	0.05942	0.04939	0.02093	0.21135	0.00399	0.00680	0.12371	0.00527	0.00564
17	0.00703	0.00528	0.00652	0.00751	0.00828	0.00477	0.00514	0.00816	0.01170	0.01508	0.03922	0.59545	0.23022	0.01729	0.00728	0.00226	0.00326	0.01540	0.00540	0.00477
18	0.01166	0.03008	0.76550	0.01657	0.02517	0.01351	0.02149	0.01842	0.01228	0.01842	0.01044	0.01228	0.00737	0.00552	0.00552	0.00184	0.00859	0.00430	0.00246	0.00859
19	0.02303	0.00830	0.01120	0.13047	0.07923	0.00853	0.00927	0.03174	0.05554	0.04607	0.09588	0.04126	0.21924	0.01135	0.00664	0.00207	0.00486	0.17898	0.03007	0.00627
20	0.00939	0.00718	0.00836	0.00867	0.00971	0.00755	0.00596	0.01427	0.20736	0.01651	0.02647	0.40268	0.02872	0.20484	0.01242	0.00306	0.00425	0.01191	0.00508	0.00563
21	0.01236	0.00646	0.00847	0.00838	0.00981	0.00589	0.00593	0.01356	0.01224	0.21409	0.02812	0.45292	0.04578	0.13490	0.01040	0.00271	0.00413	0.01234	0.00559	0.00592
22	0.01474	0.01192	0.01350	0.00989	0.01492	0.01050	0.00800	0.20822	0.01614	0.02367	0.01130	0.01257	0.00895	0.00502	0.00471	0.00110	0.00487	0.00392	0.00408	0.61199
23	0.59434	0.15624	0.04123	0.00896	0.01295	0.07326	0.00790	0.01767	0.01084	0.02264	0.00825	0.00961	0.00664	0.00537	0.00382	0.00168	0.00542	0.00323	0.00331	0.00663
24	0.01401	0.01650	0.05487	0.02381	0.05192	0.04927	0.63151	0.01862	0.01360	0.01825	0.01141	0.01519	0.00868	0.00519	0.00720	0.00195	0.04079	0.00652	0.00291	0.00780
25	0.01543	0.01196	0.01357	0.01012	0.01496	0.01084	0.00817	0.21879	0.04158	0.05387	0.01271	0.02748	0.01006	0.00555	0.00490	0.00121	0.00491	0.00439	0.00438	0.52513
26	0.04492	0.23298	0.45812	0.01535	0.02248	0.01616	0.09807	0.01812	0.01222	0.01747	0.00987	0.01176	0.00751	0.00530	0.00512	0.00169	0.00794	0.00422	0.00256	0.00812
27	0.01690	0.00856	0.01056	0.00883	0.01204	0.00780	0.00704	0.04439	0.06938	0.35845	0.14584	0.03365	0.23166	0.01010	0.00630	0.00186	0.00406	0.00842	0.00642	0.00775
28	0.01189	0.00870	0.01029	0.00889	0.01115	0.00882	0.00694	0.20544	0.01926	0.02662	0.53445	0.03600	0.06675	0.01068	0.00658	0.00181	0.00373	0.00917	0.00621	0.00664
29	0.02350	0.03637	0.04553	0.01293	0.04656	0.01036	0.07132	0.05879	0.01643	0.58502	0.02015	0.01834	0.01302	0.00678	0.00585	0.00179	0.00569	0.00573	0.00627	0.00957
30	0.01082	0.01007	0.01761	0.43441	0.02927	0.01131	0.14661	0.01385	0.01117	0.01460	0.01273	0.02156	0.01152	0.21643	0.01236	0.00293	0.00757	0.00636	0.00290	0.00593
31	0.00736	0.00557	0.00724	0.00790	0.00882	0.00545	0.00566	0.00877	0.01116	0.01469	0.03409	0.41027	0.20426	0.02416	0.21150	0.00413	0.00653	0.01276	0.00479	0.00489
32	0.01191	0.01197	0.02224	0.52969	0.07117	0.01353	0.20888	0.01599	0.01221	0.01604	0.01069	0.01545	0.00811	0.00562	0.00634	0.00195	0.02292	0.00562	0.00269	0.00696
33	0.02416	0.01285	0.05045	0.01159	0.01633	0.01175	0.00994	0.25020	0.01978	0.50094	0.01954	0.01761	0.01265	0.00705	0.00582	0.00178	0.00557	0.00558	0.00654	0.00983

[dist]
# distance from previous block
# <min> <max>
2	4

[block]
# block no. 7 follows, 40 sequences, length 7
# corresponding to MSA columns:
# 344-350
name=unknown_H
#
# <colnr> <probs for GDERKNQSTAVLIFYWHMCP>
#	G	D	E	R	K	N	Q	S	T	A	V	L	I	F	Y	W	H	M	C	P
0	0.56353	0.01116	0.01044	0.00873	0.01264	0.01208	0.00720	0.06235	0.01279	0.23200	0.01257	0.01259	0.00876	0.00599	0.00435	0.00180	0.00473	0.00402	0.00473	0.00751
1	0.00703	0.00529	0.00651	0.00748	0.00827	0.00478	0.00513	0.00817	0.01172	0.01509	0.03953	0.58694	0.23853	0.01725	0.00727	0.00225	0.00325	0.01535	0.00540	0.00478
2	0.00797	0.00590	0.00862	0.00900	0.00984	0.00656	0.00675	0.00975	0.00984	0.01387	0.02016	0.23696	0.02120	0.03654	0.55953	0.00740	0.01218	0.00910	0.00375	0.00506
3	0.01647	0.01244	0.01365	0.01162	0.01481	0.01365	0.00913	0.40150	0.15988	0.02824	0.02084	0.23202	0.01934	0.01028	0.00628	0.00196	0.00522	0.00864	0.00572	0.00832
4	0.00709	0.00506	0.00675	0.00810	0.00843	0.00472	0.00540	0.00810	0.01113	0.01484	0.03205	0.79184	0.03846	0.01822	0.00742	0.00236	0.00337	0.01653	0.00540	0.00472
5	0.01388	0.47719	0.05677	0.00978	0.01359	0.01628	0.00911	0.01577	0.01204	0.07592	0.01609	0.22821	0.01666	0.00887	0.00502	0.00163	0.00543	0.00713	0.00368	0.00695
6	0.00909	0.00686	0.00991	0.01043	0.01196	0.00666	0.04293	0.01166	0.01355	0.01776	0.10814	0.11239	0.09444	0.01514	0.00771	0.00247	0.00495	0.50318	0.00536	0.00540

[dist]
# distance from previous block
# <min> <max>
0	8

[block]
# block no. 8 follows, 40 sequences, length 11
# corresponding to MSA columns:
# 359-369
name=unknown_I
#
# <colnr> <probs for GDERKNQSTAVLIFYWHMCP>
#	G	D	E	R	K	N	Q	S	T	A	V	L	I	F	Y	W	H	M	C	P
0	0.01824	0.00938	0.01230	0.01111	0.05015	0.00895	0.00838	0.02310	0.14069	0.37897	0.20884	0.02794	0.02585	0.00881	0.00621	0.00187	0.00445	0.03985	0.00648	0.00842
1	0.01210	0.01687	0.27773	0.21068	0.09417	0.01175	0.01608	0.01714	0.04383	0.05458	0.01592	0.02529	0.01392	0.00797	0.00618	0.00203	0.00719	0.15551	0.00352	0.00752
2	0.23170	0.01024	0.01224	0.00966	0.01393	0.00969	0.00798	0.02549	0.01493	0.57637	0.01918	0.01717	0.01234	0.00674	0.00528	0.00180	0.00483	0.00516	0.00628	0.00898
3	0.00840	0.00669	0.00800	0.00778	0.00981	0.00563	0.00571	0.01001	0.01202	0.01623	0.03342	0.36948	0.21623	0.01369	0.00652	0.00189	0.00359	0.04556	0.00490	0.21443
4	0.02490	0.01015	0.01347	0.01043	0.01479	0.00908	0.00858	0.06041	0.04252	0.67958	0.04725	0.02039	0.01567	0.00737	0.00588	0.00180	0.00493	0.00600	0.00706	0.00972
5	0.02310	0.06979	0.03926	0.01208	0.01657	0.12416	0.01017	0.23715	0.01932	0.36397	0.01683	0.01575	0.01136	0.00675	0.00559	0.00170	0.00639	0.00512	0.00570	0.00922
6	0.01461	0.01185	0.01343	0.00982	0.01486	0.01036	0.00795	0.19862	0.01593	0.02344	0.01126	0.01254	0.00894	0.00498	0.00469	0.00109	0.00484	0.00390	0.00405	0.62286
7	0.05559	0.35956	0.08984	0.01207	0.01700	0.09556	0.01131	0.25495	0.01733	0.02226	0.01031	0.01123	0.00820	0.00580	0.00472	0.00151	0.00684	0.00398	0.00368	0.00823
8	0.01204	0.01153	0.01982	0.30310	0.02770	0.01176	0.20721	0.01570	0.01225	0.01734	0.01121	0.01500	0.00873	0.00540	0.00606	0.00165	0.03413	0.00520	0.05824	0.21594
9	0.01292	0.00675	0.00830	0.00751	0.00870	0.00646	0.00498	0.01359	0.01058	0.20215	0.01936	0.03268	0.01911	0.55878	0.06000	0.00485	0.00595	0.00769	0.00444	0.00522
10	0.01009	0.20713	0.01353	0.00798	0.01027	0.00993	0.00662	0.01261	0.01528	0.02087	0.56651	0.03479	0.04285	0.01013	0.00607	0.00168	0.00363	0.00864	0.00541	0.00599

[dist]
# distance from previous block
# <min> <max>
5	112

# created by:
# /software/SequenceAnalysis/GenePrediction/augustus/3.0.1/scripts/msa2prfl.pl ./fixed/BUSCOvEOG7CJWX8.fas
