[name]
unknown

[dist]
# distance from previous block
# <min> <max>
0	153

[block]
# block no. 0 follows, 41 sequences, length 11
# corresponding to MSA columns:
# 157-167
name=unknown_A
#
# <colnr> <probs for GDERKNQSTAVLIFYWHMCP>
#	G	D	E	R	K	N	Q	S	T	A	V	L	I	F	Y	W	H	M	C	P
0	0.01345	0.01392	0.07181	0.02781	0.53387	0.01305	0.01544	0.01906	0.13591	0.01929	0.01618	0.01813	0.06412	0.00623	0.00575	0.00176	0.00625	0.00576	0.00348	0.00871
1	0.01271	0.02181	0.39162	0.02371	0.25623	0.01361	0.16211	0.01798	0.01265	0.01833	0.01068	0.01339	0.00809	0.00521	0.00576	0.00180	0.00817	0.00500	0.00264	0.00850
2	0.01215	0.16761	0.63730	0.01514	0.02296	0.01495	0.01911	0.01794	0.01200	0.01728	0.00985	0.01156	0.00726	0.00534	0.00512	0.00171	0.00804	0.00402	0.00242	0.00825
3	0.01186	0.01017	0.01186	0.00847	0.01356	0.00762	0.00678	0.01440	0.01186	0.01864	0.01017	0.01186	0.00847	0.00424	0.00424	0.00085	0.00424	0.00339	0.00339	0.83395
4	0.01342	0.01520	0.03249	0.02340	0.02874	0.01470	0.68577	0.01797	0.01313	0.01797	0.01126	0.01520	0.00859	0.00523	0.00768	0.00197	0.07019	0.00661	0.00286	0.00760
5	0.01360	0.45892	0.27211	0.01280	0.01877	0.01823	0.06394	0.01725	0.01210	0.01574	0.04227	0.01205	0.00947	0.00537	0.00460	0.00149	0.00698	0.00402	0.00264	0.00765
6	0.00989	0.00931	0.06749	0.09208	0.06798	0.00830	0.00917	0.07690	0.01294	0.01772	0.07390	0.39024	0.02612	0.01472	0.06376	0.00256	0.00555	0.01076	0.00450	0.03610
7	0.07649	0.44886	0.04429	0.01168	0.01591	0.10338	0.05540	0.01729	0.01184	0.01525	0.00845	0.01032	0.00744	0.00553	0.00568	0.00146	0.08816	0.00362	0.00268	0.06625
8	0.01042	0.00785	0.01129	0.01030	0.01225	0.00739	0.08298	0.08158	0.01309	0.05276	0.02528	0.52758	0.02817	0.01368	0.00673	0.00206	0.00442	0.01248	0.00500	0.08470
9	0.01358	0.01246	0.03923	0.01057	0.01318	0.11233	0.00863	0.12481	0.09325	0.05202	0.21324	0.03037	0.13667	0.00987	0.00719	0.00187	0.06599	0.04280	0.00511	0.00685
10	0.01030	0.00580	0.00915	0.00842	0.00903	0.00573	0.06013	0.00904	0.00850	0.01206	0.01120	0.01776	0.01046	0.01701	0.01878	0.66221	0.00502	0.00515	0.11102	0.00325

[dist]
# distance from previous block
# <min> <max>
0	6

[block]
# block no. 1 follows, 41 sequences, length 11
# corresponding to MSA columns:
# 174-184
name=unknown_B
#
# <colnr> <probs for GDERKNQSTAVLIFYWHMCP>
#	G	D	E	R	K	N	Q	S	T	A	V	L	I	F	Y	W	H	M	C	P
0	0.01584	0.01290	0.01572	0.01164	0.01653	0.01224	0.06885	0.29435	0.03836	0.02542	0.01201	0.01313	0.00922	0.00539	0.00506	0.00130	0.00548	0.00442	0.00431	0.42784
1	0.01998	0.00903	0.01166	0.00934	0.01300	0.00811	0.00754	0.02343	0.07401	0.48570	0.13103	0.02271	0.01999	0.00759	0.00566	0.00169	0.00429	0.00630	0.07438	0.06458
2	0.01202	0.08450	0.41135	0.01254	0.01836	0.01167	0.01435	0.01728	0.06304	0.07908	0.02202	0.06296	0.15102	0.00804	0.00569	0.00182	0.00639	0.00652	0.00373	0.00763
3	0.01867	0.01029	0.01280	0.01071	0.01383	0.01054	0.00854	0.14418	0.10036	0.33824	0.04244	0.16583	0.01888	0.00953	0.00706	0.00194	0.06405	0.00780	0.00600	0.00831
4	0.01421	0.04830	0.07875	0.03362	0.01794	0.01192	0.09783	0.18363	0.01549	0.02206	0.01202	0.04740	0.00991	0.00569	0.00513	0.00137	0.00585	0.00487	0.00381	0.38020
5	0.01459	0.01264	0.05458	0.01640	0.02056	0.01156	0.32358	0.01795	0.01334	0.16471	0.06588	0.09286	0.01545	0.00753	0.00765	0.00192	0.08885	0.00722	0.00415	0.05857
6	0.05866	0.01238	0.01283	0.01075	0.01393	0.06531	0.00852	0.29281	0.09576	0.08819	0.20024	0.07498	0.02338	0.00877	0.00594	0.00179	0.00509	0.00717	0.00565	0.00785
7	0.01133	0.00880	0.01031	0.00923	0.01179	0.00840	0.00692	0.13281	0.07505	0.02027	0.04893	0.36831	0.02436	0.01142	0.00609	0.00178	0.00413	0.01001	0.00495	0.22510
8	0.01345	0.01785	0.24914	0.05811	0.01965	0.03862	0.02819	0.01671	0.01100	0.07734	0.00997	0.01306	0.00804	0.00766	0.01163	0.00209	0.36978	0.00476	0.00291	0.04005
9	0.01378	0.14188	0.01553	0.00997	0.01399	0.06378	0.00822	0.07239	0.01309	0.03639	0.01210	0.08541	0.01114	0.00646	0.00575	0.00131	0.06444	0.00488	0.00359	0.41590
10	0.01770	0.01459	0.01515	0.01238	0.01551	0.08974	0.01000	0.40251	0.01971	0.02653	0.01375	0.07284	0.01156	0.00797	0.00773	0.00179	0.13513	0.00574	0.06694	0.05273

[dist]
# distance from previous block
# <min> <max>
11	27

[block]
# block no. 2 follows, 41 sequences, length 17
# corresponding to MSA columns:
# 212-228
name=unknown_C
#
# <colnr> <probs for GDERKNQSTAVLIFYWHMCP>
#	G	D	E	R	K	N	Q	S	T	A	V	L	I	F	Y	W	H	M	C	P
0	0.01698	0.01222	0.01482	0.01178	0.01533	0.01313	0.06193	0.40762	0.01983	0.05310	0.01488	0.01670	0.01134	0.01244	0.12989	0.00285	0.00728	0.00543	0.14412	0.02833
1	0.58875	0.01197	0.01040	0.00900	0.01264	0.01376	0.00733	0.12345	0.13220	0.02687	0.01127	0.01187	0.00852	0.00593	0.00422	0.00179	0.00471	0.00394	0.00422	0.00716
2	0.01328	0.01479	0.03019	0.02211	0.02663	0.01514	0.58221	0.01732	0.01246	0.01732	0.01068	0.01479	0.00842	0.00596	0.00939	0.00205	0.18069	0.00637	0.00281	0.00739
3	0.00986	0.01101	0.13290	0.01087	0.01340	0.00939	0.00989	0.04714	0.03590	0.01567	0.01419	0.01957	0.01257	0.03131	0.53171	0.00685	0.04978	0.00566	0.00316	0.02918
4	0.55105	0.01220	0.01080	0.00926	0.01294	0.01399	0.00754	0.15700	0.13299	0.02735	0.01153	0.01208	0.00868	0.00600	0.00432	0.00179	0.00480	0.00403	0.00432	0.00733
5	0.01397	0.01206	0.01282	0.01129	0.01473	0.01351	0.00880	0.02865	0.67202	0.02335	0.02185	0.02031	0.01648	0.00738	0.00565	0.00182	0.00450	0.00613	0.00555	0.09916
6	0.01066	0.00922	0.01491	0.63428	0.03311	0.01126	0.01363	0.01419	0.01151	0.01570	0.01223	0.04135	0.00973	0.00626	0.00549	0.00183	0.00669	0.00548	0.13635	0.00613
7	0.02174	0.01602	0.01717	0.01316	0.01774	0.01774	0.01087	0.74423	0.02689	0.03605	0.01373	0.01373	0.00973	0.00687	0.00572	0.00172	0.00629	0.00515	0.00572	0.00973
8	0.01251	0.01174	0.01882	0.39911	0.27062	0.01328	0.03184	0.01820	0.13173	0.01753	0.01251	0.01588	0.00970	0.00583	0.00574	0.00184	0.00690	0.00535	0.00317	0.00770
9	0.01720	0.01296	0.06696	0.01163	0.01558	0.01275	0.00980	0.04842	0.48970	0.21625	0.02191	0.01999	0.01567	0.00739	0.00577	0.00188	0.00494	0.00609	0.00590	0.00921
10	0.00895	0.00689	0.00930	0.00833	0.00971	0.00632	0.05805	0.01007	0.01025	0.01421	0.05551	0.20376	0.02341	0.39772	0.01744	0.00361	0.00499	0.00931	0.00397	0.13822
11	0.01262	0.01338	0.02677	0.29259	0.11349	0.01375	0.40803	0.01694	0.01272	0.01706	0.01099	0.01523	0.00835	0.00517	0.00627	0.00190	0.00862	0.00598	0.00276	0.00738
12	0.01623	0.01394	0.01319	0.01121	0.01447	0.12194	0.00896	0.32693	0.09263	0.02537	0.06263	0.02774	0.17004	0.00929	0.00608	0.00182	0.00573	0.05890	0.00525	0.00766
13	0.01191	0.01223	0.02383	0.06576	0.14295	0.01206	0.37000	0.01547	0.01283	0.01764	0.06782	0.14944	0.01680	0.00788	0.00719	0.00198	0.04545	0.00817	0.00350	0.00710
14	0.01546	0.01504	0.01387	0.01097	0.01517	0.18489	0.00867	0.11277	0.04628	0.01985	0.01076	0.01219	0.00872	0.00539	0.00542	0.00123	0.04412	0.00390	0.00365	0.46165
15	0.01585	0.01321	0.01804	0.03537	0.10587	0.05395	0.05459	0.05211	0.06501	0.13806	0.01211	0.01464	0.00964	0.00803	0.01187	0.00211	0.37293	0.00528	0.00371	0.00762
16	0.01469	0.01302	0.01399	0.01469	0.13495	0.09366	0.00983	0.03472	0.35920	0.05110	0.02007	0.01991	0.05510	0.00710	0.00551	0.00171	0.00530	0.00588	0.06461	0.07495

[dist]
# distance from previous block
# <min> <max>
0	18

[block]
# block no. 3 follows, 41 sequences, length 7
# corresponding to MSA columns:
# 247-253
name=unknown_D
#
# <colnr> <probs for GDERKNQSTAVLIFYWHMCP>
#	G	D	E	R	K	N	Q	S	T	A	V	L	I	F	Y	W	H	M	C	P
0	0.40901	0.14390	0.01514	0.01393	0.16364	0.01369	0.00955	0.01627	0.01123	0.02091	0.01189	0.01859	0.01100	0.00678	0.00465	0.00179	0.00531	0.11241	0.00347	0.00683
1	0.01475	0.25645	0.43533	0.01344	0.02023	0.01533	0.01584	0.01929	0.01259	0.12978	0.01143	0.01233	0.00832	0.00552	0.00496	0.00163	0.00722	0.00411	0.00313	0.00832
2	0.01048	0.00633	0.00806	0.00806	0.00971	0.00555	0.00581	0.01188	0.01224	0.14156	0.03213	0.49160	0.13741	0.01446	0.00671	0.00205	0.00359	0.01282	0.00545	0.07410
3	0.01356	0.01393	0.01261	0.06585	0.01576	0.20034	0.00822	0.01580	0.01306	0.01680	0.01553	0.01686	0.09782	0.00598	0.00488	0.00121	0.00585	0.00462	0.00345	0.46789
4	0.03753	0.01286	0.14030	0.01533	0.16555	0.00965	0.01151	0.01641	0.04208	0.08237	0.18183	0.02561	0.02184	0.00788	0.00583	0.00173	0.00529	0.07985	0.00436	0.13220
5	0.01242	0.00720	0.00933	0.00841	0.01063	0.00655	0.00647	0.01532	0.04826	0.18715	0.35787	0.16170	0.03666	0.01116	0.00644	0.00185	0.00358	0.03764	0.00604	0.06533
6	0.01717	0.02022	0.01379	0.01250	0.01535	0.49400	0.00935	0.01943	0.04989	0.01527	0.01354	0.14300	0.01314	0.00775	0.00541	0.00154	0.00795	0.00589	0.00355	0.13127

[dist]
# distance from previous block
# <min> <max>
0	8

[block]
# block no. 4 follows, 41 sequences, length 34
# corresponding to MSA columns:
# 262-295
name=unknown_E
#
# <colnr> <probs for GDERKNQSTAVLIFYWHMCP>
#	G	D	E	R	K	N	Q	S	T	A	V	L	I	F	Y	W	H	M	C	P
0	0.01939	0.06003	0.08679	0.01322	0.01792	0.01606	0.01158	0.46744	0.05419	0.04860	0.01573	0.01901	0.01248	0.00784	0.00608	0.00191	0.00647	0.06114	0.00538	0.06872
1	0.02076	0.01445	0.01589	0.01251	0.01693	0.01506	0.01009	0.45199	0.10988	0.13013	0.01762	0.01753	0.02930	0.00754	0.00602	0.00184	0.00591	0.00567	0.00595	0.10494
2	0.07545	0.01137	0.01270	0.01160	0.05181	0.04231	0.00850	0.08096	0.14651	0.17619	0.18467	0.02547	0.04399	0.03427	0.00691	0.00204	0.00501	0.00695	0.00579	0.06751
3	0.51671	0.01870	0.29417	0.01154	0.01696	0.01352	0.01225	0.01797	0.01129	0.02363	0.00990	0.01181	0.00760	0.00605	0.00472	0.00197	0.00629	0.00388	0.00347	0.00758
4	0.07920	0.01464	0.01568	0.01232	0.01680	0.01535	0.00995	0.45668	0.09020	0.07254	0.01509	0.01553	0.01119	0.00709	0.00577	0.00179	0.00591	0.00520	0.00558	0.14348
5	0.01970	0.02183	0.01620	0.01461	0.04975	0.46589	0.01071	0.09507	0.03500	0.01871	0.01113	0.01290	0.00917	0.00632	0.00549	0.00158	0.00854	0.00425	0.00375	0.18942
6	0.01171	0.00613	0.00614	0.00609	0.00751	0.00598	0.00449	0.01405	0.01263	0.02219	0.01955	0.02260	0.01554	0.00733	0.00446	0.00153	0.00305	0.00565	0.81748	0.00588
7	0.01171	0.00613	0.00614	0.00609	0.00751	0.00598	0.00449	0.01405	0.01263	0.02219	0.01955	0.02260	0.01554	0.00733	0.00446	0.00153	0.00305	0.00565	0.81748	0.00588
8	0.01355	0.01107	0.01238	0.01193	0.01458	0.01219	0.00952	0.02468	0.49576	0.02249	0.02642	0.03695	0.02342	0.01108	0.00694	0.00236	0.00513	0.24530	0.00595	0.00828
9	0.01080	0.00585	0.00621	0.00603	0.00726	0.00621	0.00461	0.01336	0.01176	0.02078	0.01786	0.02069	0.01415	0.00690	0.00506	0.00142	0.05905	0.00531	0.77131	0.00540
10	0.02160	0.02612	0.01645	0.01470	0.01784	0.68995	0.01112	0.10232	0.01751	0.01664	0.00961	0.01101	0.00785	0.00615	0.00532	0.00154	0.00993	0.00392	0.00333	0.00709
11	0.01089	0.00551	0.00551	0.00550	0.00685	0.00547	0.00411	0.01349	0.01214	0.02152	0.01886	0.02161	0.01485	0.00681	0.00410	0.00138	0.00275	0.00540	0.82780	0.00545
12	0.01387	0.01515	0.03145	0.02669	0.19551	0.01438	0.57634	0.01829	0.01353	0.01861	0.01161	0.01545	0.00898	0.00504	0.00660	0.00192	0.00906	0.00644	0.00296	0.00813
13	0.20052	0.01426	0.01465	0.01152	0.01586	0.01550	0.00944	0.47268	0.04939	0.04965	0.01294	0.01333	0.00946	0.00648	0.00521	0.00170	0.00567	0.00468	0.00514	0.08192
14	0.01536	0.01223	0.01311	0.01167	0.01501	0.01387	0.00909	0.03029	0.69175	0.08331	0.02340	0.02147	0.01738	0.00785	0.00591	0.00197	0.00463	0.00648	0.00599	0.00922
15	0.00721	0.00515	0.00681	0.00812	0.00848	0.00479	0.00541	0.00814	0.01110	0.01482	0.03168	0.79272	0.03794	0.01803	0.00739	0.00236	0.00340	0.01629	0.00538	0.00477
16	0.01368	0.01606	0.06612	0.02471	0.08676	0.01445	0.65114	0.01840	0.01353	0.01854	0.01167	0.01548	0.00886	0.00503	0.00670	0.00195	0.00943	0.00657	0.00295	0.00797
17	0.02584	0.00989	0.01342	0.01033	0.01476	0.00854	0.00850	0.02798	0.01650	0.76474	0.02275	0.01976	0.01435	0.00723	0.00585	0.00181	0.00494	0.00582	0.00714	0.00984
18	0.00701	0.00597	0.00597	0.00596	0.00791	0.00497	0.00445	0.00839	0.01317	0.01567	0.05800	0.05521	0.75846	0.01461	0.00685	0.00197	0.00298	0.01212	0.00538	0.00495
19	0.00721	0.00515	0.00681	0.00812	0.00848	0.00479	0.00541	0.00814	0.01110	0.01482	0.03168	0.79272	0.03794	0.01803	0.00739	0.00236	0.00340	0.01629	0.00538	0.00477
20	0.01294	0.01425	0.02995	0.02193	0.02681	0.01363	0.61989	0.01707	0.01311	0.01787	0.01383	0.10318	0.01211	0.00671	0.00752	0.00204	0.04873	0.00780	0.00322	0.00741
21	0.01170	0.02967	0.76675	0.01643	0.02488	0.01340	0.02118	0.01826	0.01222	0.01832	0.01049	0.01239	0.00747	0.00559	0.00553	0.00185	0.00852	0.00430	0.00250	0.00856
22	0.00721	0.00515	0.00681	0.00812	0.00848	0.00479	0.00541	0.00814	0.01110	0.01482	0.03168	0.79272	0.03794	0.01803	0.00739	0.00236	0.00340	0.01629	0.00538	0.00477
23	0.01303	0.01236	0.02090	0.33613	0.47030	0.01335	0.01694	0.01652	0.01252	0.01725	0.01075	0.01490	0.00870	0.00550	0.00578	0.00182	0.00720	0.00516	0.00279	0.00808
24	0.01734	0.01248	0.01368	0.01173	0.01535	0.01380	0.00927	0.12087	0.53340	0.15144	0.02213	0.02034	0.01610	0.00768	0.00589	0.00192	0.00489	0.00625	0.00609	0.00936
25	0.00945	0.00675	0.00938	0.01068	0.01202	0.00672	0.00931	0.01202	0.01330	0.01733	0.03044	0.06465	0.03305	0.01592	0.00799	0.00267	0.00534	0.72226	0.00534	0.00539
26	0.01103	0.01032	0.01729	0.78257	0.03946	0.01282	0.01595	0.01477	0.01158	0.01483	0.01039	0.01555	0.00784	0.00587	0.00581	0.00195	0.00769	0.00516	0.00262	0.00647
27	0.01364	0.01298	0.02200	0.19999	0.60168	0.01351	0.01725	0.01705	0.01281	0.01799	0.01086	0.01471	0.00896	0.00539	0.00577	0.00179	0.00705	0.00517	0.00285	0.00857
28	0.00731	0.00524	0.00674	0.00788	0.00828	0.00487	0.00522	0.00818	0.01097	0.01457	0.03176	0.69751	0.06910	0.08166	0.00915	0.00261	0.00356	0.01546	0.00523	0.00468
29	0.00916	0.00659	0.00901	0.01025	0.01154	0.00648	0.00876	0.01153	0.01313	0.01705	0.03191	0.12096	0.06965	0.01601	0.00789	0.00261	0.00507	0.63174	0.00534	0.00532
30	0.01364	0.01533	0.03250	0.02347	0.02878	0.01482	0.68049	0.01809	0.01325	0.01815	0.01146	0.01550	0.00880	0.00540	0.00782	0.00202	0.07314	0.00667	0.00294	0.00771
31	0.01002	0.00799	0.00849	0.00802	0.01026	0.00795	0.00603	0.01578	0.23319	0.04430	0.07400	0.07086	0.41686	0.05077	0.00765	0.00216	0.00367	0.01013	0.00555	0.00633
32	0.01364	0.01534	0.03256	0.02350	0.02884	0.01481	0.68322	0.01811	0.01327	0.01817	0.01148	0.01551	0.00880	0.00538	0.00778	0.00201	0.07023	0.00668	0.00294	0.00771
33	0.02181	0.01113	0.01677	0.07535	0.12866	0.01043	0.06319	0.04509	0.02782	0.50880	0.01901	0.01822	0.01263	0.00667	0.00590	0.00182	0.00582	0.00574	0.00580	0.00932

[dist]
# distance from previous block
# <min> <max>
0	1

[block]
# block no. 5 follows, 41 sequences, length 11
# corresponding to MSA columns:
# 297-307
name=unknown_F
#
# <colnr> <probs for GDERKNQSTAVLIFYWHMCP>
#	G	D	E	R	K	N	Q	S	T	A	V	L	I	F	Y	W	H	M	C	P
0	0.32870	0.01265	0.01236	0.01016	0.01400	0.01404	0.00829	0.30288	0.09168	0.06963	0.01634	0.01626	0.06621	0.00696	0.00499	0.00178	0.00508	0.00506	0.00495	0.00796
1	0.01285	0.00916	0.01051	0.00976	0.01183	0.00971	0.00725	0.14836	0.19408	0.07195	0.04308	0.31747	0.02488	0.09097	0.00873	0.00239	0.00446	0.01020	0.00547	0.00688
2	0.01229	0.01809	0.23253	0.01956	0.02556	0.01290	0.43757	0.01730	0.01335	0.01879	0.09426	0.01742	0.01330	0.00573	0.00630	0.00185	0.00836	0.00634	0.00316	0.03533
3	0.01678	0.09272	0.01810	0.31145	0.02579	0.24823	0.01276	0.17198	0.01619	0.01886	0.01030	0.01284	0.00796	0.00594	0.00535	0.00167	0.00802	0.00447	0.00333	0.00725
4	0.01209	0.01230	0.02282	0.41445	0.10390	0.01375	0.23669	0.01595	0.01198	0.01606	0.01042	0.01496	0.00807	0.00576	0.00717	0.00195	0.07640	0.00558	0.00267	0.00702
5	0.08472	0.10345	0.16479	0.01714	0.02232	0.01358	0.32844	0.01685	0.01264	0.01817	0.01400	0.02247	0.01244	0.00698	0.00609	0.00194	0.00778	0.13574	0.00324	0.00724
6	0.16461	0.01371	0.02535	0.08618	0.02528	0.01411	0.44817	0.01714	0.01210	0.01890	0.01034	0.01389	0.00801	0.00549	0.00720	0.00192	0.08654	0.00566	0.00296	0.03245
7	0.01646	0.01001	0.01187	0.00931	0.01328	0.00913	0.00747	0.08959	0.09714	0.22750	0.07299	0.01852	0.01525	0.00648	0.00514	0.00143	0.00436	0.00528	0.09257	0.28622
8	0.01682	0.01149	0.01655	0.01417	0.09122	0.01068	0.08687	0.05912	0.01397	0.23302	0.01386	0.01481	0.01015	0.00590	0.00656	0.00152	0.08068	0.00484	0.00438	0.30339
9	0.01441	0.01039	0.01294	0.01031	0.01377	0.01013	0.06292	0.23193	0.01799	0.10282	0.15044	0.03012	0.21705	0.00933	0.00612	0.00173	0.00471	0.00789	0.00543	0.07957
10	0.02030	0.01553	0.01567	0.01216	0.01663	0.09905	0.00988	0.45429	0.02183	0.10769	0.01347	0.01362	0.00970	0.00630	0.00539	0.00154	0.00621	0.00473	0.00513	0.16089

[dist]
# distance from previous block
# <min> <max>
0	2

[block]
# block no. 6 follows, 41 sequences, length 17
# corresponding to MSA columns:
# 310-326
name=unknown_G
#
# <colnr> <probs for GDERKNQSTAVLIFYWHMCP>
#	G	D	E	R	K	N	Q	S	T	A	V	L	I	F	Y	W	H	M	C	P
0	0.01350	0.01030	0.01034	0.00835	0.01171	0.06219	0.00657	0.12161	0.01442	0.02194	0.01399	0.01581	0.01105	0.00571	0.00442	0.00121	0.00434	0.00444	0.33401	0.32411
1	0.01758	0.01394	0.01648	0.21160	0.02246	0.06445	0.01202	0.29931	0.06996	0.09467	0.01322	0.01482	0.00972	0.00699	0.00735	0.00187	0.10577	0.00517	0.00445	0.00817
2	0.01231	0.01162	0.02053	0.01585	0.01954	0.01125	0.33982	0.13306	0.01498	0.01990	0.02293	0.22066	0.11169	0.00975	0.00672	0.00200	0.00661	0.00961	0.00428	0.00689
3	0.14375	0.01117	0.01580	0.36775	0.14460	0.01278	0.01295	0.10752	0.01385	0.02055	0.08435	0.01665	0.01246	0.00629	0.00547	0.00182	0.00633	0.00530	0.00352	0.00709
4	0.01572	0.01123	0.01269	0.01064	0.01424	0.01158	0.00838	0.14205	0.30121	0.12814	0.02027	0.11618	0.01667	0.00816	0.00569	0.00173	0.00466	0.00683	0.00547	0.15845
5	0.24723	0.01167	0.01283	0.01020	0.01437	0.01203	0.00840	0.19153	0.04738	0.36338	0.01654	0.01542	0.01108	0.00657	0.00514	0.00176	0.00506	0.00491	0.00574	0.00873
6	0.01104	0.00833	0.00985	0.00841	0.01123	0.00756	0.00661	0.10462	0.01550	0.03952	0.26685	0.07397	0.13608	0.01006	0.00605	0.00164	0.00383	0.05467	0.00523	0.21893
7	0.02259	0.01466	0.01632	0.01251	0.01706	0.01571	0.01034	0.58884	0.02461	0.19466	0.01565	0.01498	0.01069	0.00691	0.00573	0.00173	0.00598	0.00528	0.00602	0.00973
8	0.01121	0.01017	0.01512	0.48709	0.02948	0.01076	0.01239	0.01453	0.01160	0.01616	0.01017	0.01395	0.00795	0.00515	0.00515	0.00150	0.00632	0.00443	0.00287	0.32400
9	0.01169	0.01079	0.01795	0.21778	0.41095	0.01135	0.01437	0.01465	0.01216	0.01674	0.01529	0.19046	0.01518	0.00814	0.00605	0.00189	0.00622	0.00761	0.00332	0.00738
10	0.01132	0.01042	0.01666	0.53370	0.08331	0.01300	0.01443	0.01457	0.01113	0.01531	0.01045	0.01520	0.00829	0.00650	0.00785	0.00195	0.14318	0.00509	0.07122	0.00644
11	0.01671	0.01828	0.01540	0.21165	0.02222	0.34968	0.01156	0.08811	0.12159	0.01773	0.01490	0.01639	0.05796	0.00676	0.00555	0.00170	0.00794	0.00512	0.00367	0.00708
12	0.01338	0.01090	0.01696	0.09317	0.35874	0.01067	0.01261	0.01626	0.01254	0.09124	0.01541	0.01812	0.05875	0.01061	0.10319	0.00255	0.00710	0.00547	0.00350	0.13881
13	0.01321	0.01294	0.02299	0.22657	0.48424	0.01347	0.10900	0.01690	0.01268	0.01759	0.01071	0.01460	0.00864	0.00522	0.00581	0.00178	0.00737	0.00530	0.00276	0.00819
14	0.01384	0.01327	0.02265	0.10504	0.69581	0.01351	0.01740	0.01728	0.01288	0.01831	0.01070	0.01426	0.00893	0.00515	0.00567	0.00172	0.00687	0.00510	0.00280	0.00881
15	0.01232	0.01172	0.01990	0.44567	0.36709	0.01311	0.01664	0.01595	0.01216	0.01646	0.01043	0.01475	0.00827	0.00544	0.00569	0.00181	0.00725	0.00509	0.00267	0.00758
16	0.00924	0.00767	0.01135	0.30594	0.02057	0.00826	0.00939	0.01196	0.01288	0.01755	0.26961	0.13114	0.04150	0.05184	0.00745	0.00205	0.00494	0.00855	0.00435	0.06377

[dist]
# distance from previous block
# <min> <max>
0	9

[block]
# block no. 7 follows, 41 sequences, length 9
# corresponding to MSA columns:
# 336-344
name=unknown_H
#
# <colnr> <probs for GDERKNQSTAVLIFYWHMCP>
#	G	D	E	R	K	N	Q	S	T	A	V	L	I	F	Y	W	H	M	C	P
0	0.01051	0.00873	0.01042	0.00833	0.01210	0.00680	0.00637	0.01262	0.01161	0.01752	0.01607	0.22835	0.01659	0.00802	0.00508	0.00126	0.00398	0.00695	0.00392	0.60477
1	0.01034	0.00846	0.01014	0.00839	0.01166	0.00714	0.02119	0.02790	0.04986	0.01853	0.07533	0.16809	0.11012	0.00896	0.00545	0.00144	0.00388	0.00773	0.04175	0.40362
2	0.01286	0.01195	0.02002	0.06093	0.58652	0.01219	0.01520	0.01587	0.01215	0.01731	0.01182	0.01690	0.01049	0.06705	0.10165	0.00290	0.00778	0.00545	0.00289	0.00806
3	0.01502	0.01357	0.01478	0.09002	0.12767	0.11361	0.01077	0.03801	0.32744	0.06742	0.02043	0.02042	0.07441	0.00730	0.00572	0.00179	0.00584	0.00605	0.00464	0.03510
4	0.01174	0.00743	0.00935	0.00863	0.01075	0.00721	0.00682	0.01614	0.11711	0.13736	0.40835	0.03975	0.07944	0.01114	0.00662	0.00193	0.00364	0.10391	0.00616	0.00652
5	0.01518	0.02157	0.43773	0.01454	0.02109	0.01242	0.05164	0.02237	0.13855	0.18504	0.01526	0.01545	0.01058	0.00616	0.00563	0.00183	0.00705	0.00507	0.00405	0.00880
6	0.01194	0.01000	0.01168	0.00856	0.01324	0.00787	0.00683	0.04767	0.01299	0.01987	0.08585	0.01505	0.01311	0.00511	0.00456	0.00098	0.00418	0.00417	0.00379	0.71256
7	0.01077	0.00728	0.00906	0.00869	0.01050	0.00681	0.00639	0.08488	0.01357	0.07659	0.09172	0.43625	0.03011	0.03839	0.00729	0.00209	0.00394	0.03772	0.00527	0.11266
8	0.01668	0.01454	0.01399	0.03110	0.01611	0.12612	0.00946	0.12265	0.39383	0.07182	0.01797	0.01731	0.01342	0.00686	0.00552	0.00170	0.00569	0.00544	0.00510	0.10471

[dist]
# distance from previous block
# <min> <max>
49	309

# created by:
# /software/SequenceAnalysis/GenePrediction/augustus/3.0.1/scripts/msa2prfl.pl ./fixed/BUSCOvEOG75MPKW.fas
