[name]
unknown

[dist]
# distance from previous block
# <min> <max>
0	212

[block]
# block no. 0 follows, 41 sequences, length 18
# corresponding to MSA columns:
# 235-252
name=unknown_A
#
# <colnr> <probs for GDERKNQSTAVLIFYWHMCP>
#	G	D	E	R	K	N	Q	S	T	A	V	L	I	F	Y	W	H	M	C	P
0	0.00922	0.00658	0.00922	0.01053	0.01185	0.00658	0.00922	0.01185	0.01317	0.01712	0.03029	0.06452	0.03292	0.01580	0.00790	0.00263	0.00527	0.72480	0.00527	0.00527
1	0.01186	0.01017	0.01186	0.00847	0.01356	0.00762	0.00678	0.01440	0.01186	0.01864	0.01017	0.01186	0.00847	0.00424	0.00424	0.00085	0.00424	0.00339	0.00339	0.83395
2	0.01375	0.46336	0.14254	0.01046	0.01597	0.01705	0.01077	0.01654	0.01176	0.01561	0.00892	0.01037	0.00763	0.00480	0.00410	0.00121	0.00597	0.00333	0.00270	0.23313
3	0.00817	0.00613	0.00919	0.00919	0.01021	0.00715	0.00715	0.01021	0.00919	0.01328	0.01532	0.02247	0.01430	0.04290	0.77631	0.00919	0.01532	0.00613	0.00306	0.00511
4	0.00817	0.00613	0.00919	0.00919	0.01021	0.00715	0.00715	0.01021	0.00919	0.01328	0.01532	0.02247	0.01430	0.04290	0.77631	0.00919	0.01532	0.00613	0.00306	0.00511
5	0.01353	0.01266	0.02012	0.02784	0.55867	0.01196	0.01461	0.01669	0.01271	0.01867	0.01060	0.01353	0.00890	0.00486	0.00527	0.00147	0.00610	0.00463	0.00298	0.23420
6	0.01251	0.01075	0.01215	0.00934	0.01392	0.00943	0.00740	0.01877	0.21413	0.02008	0.01375	0.01445	0.01093	0.00520	0.00467	0.00115	0.00432	0.00423	0.00405	0.60881
7	0.01200	0.01277	0.02637	0.01966	0.02390	0.01260	0.51141	0.01592	0.01213	0.01676	0.01243	0.01723	0.01016	0.01543	0.21729	0.00394	0.04364	0.00651	0.00292	0.00694
8	0.01418	0.01249	0.01298	0.01150	0.01372	0.12917	0.00911	0.21272	0.01508	0.01963	0.01339	0.01758	0.01155	0.02528	0.39922	0.00554	0.06102	0.00541	0.00374	0.00668
9	0.00697	0.00498	0.00664	0.00796	0.00830	0.00465	0.00531	0.00796	0.01095	0.01460	0.03153	0.79525	0.03783	0.01792	0.00730	0.00232	0.00332	0.01626	0.00531	0.00465
10	0.00691	0.00520	0.00641	0.00737	0.00814	0.00470	0.00505	0.00803	0.01152	0.01483	0.03874	0.59322	0.23520	0.01698	0.00715	0.00222	0.00320	0.01512	0.00531	0.00470
11	0.01480	0.58762	0.03100	0.01370	0.01883	0.02040	0.20978	0.01745	0.01213	0.01479	0.00894	0.01088	0.00771	0.00487	0.00451	0.00142	0.00708	0.00407	0.00257	0.00744
12	0.00896	0.00549	0.00599	0.00599	0.00635	0.00549	0.00361	0.00969	0.00932	0.01388	0.01820	0.03304	0.01912	0.58273	0.02226	0.00440	0.00476	0.00750	0.22926	0.00397
13	0.01428	0.02588	0.56405	0.01545	0.02284	0.01450	0.01833	0.21630	0.01612	0.02301	0.01121	0.01253	0.00792	0.00583	0.00551	0.00179	0.00786	0.00448	0.00332	0.00880
14	0.01760	0.48085	0.12608	0.01078	0.01603	0.01748	0.01096	0.02020	0.01298	0.21983	0.01226	0.01238	0.00919	0.00556	0.00448	0.00145	0.00609	0.00395	0.00371	0.00815
15	0.01080	0.00996	0.01665	0.75158	0.03798	0.01239	0.01537	0.01456	0.01146	0.01490	0.01053	0.01551	0.00793	0.00576	0.00564	0.00188	0.00741	0.00509	0.03828	0.00631
16	0.00728	0.00521	0.00691	0.00775	0.00836	0.00485	0.00533	0.00874	0.01238	0.01688	0.23043	0.58986	0.04224	0.01622	0.00715	0.00218	0.00315	0.01465	0.00558	0.00485
17	0.01186	0.01017	0.01186	0.00847	0.01356	0.00762	0.00678	0.01440	0.01186	0.01864	0.01017	0.01186	0.00847	0.00424	0.00424	0.00085	0.00424	0.00339	0.00339	0.83395

[dist]
# distance from previous block
# <min> <max>
1	5

[block]
# block no. 1 follows, 41 sequences, length 16
# corresponding to MSA columns:
# 258-273
name=unknown_B
#
# <colnr> <probs for GDERKNQSTAVLIFYWHMCP>
#	G	D	E	R	K	N	Q	S	T	A	V	L	I	F	Y	W	H	M	C	P
0	0.02174	0.01602	0.01717	0.01316	0.01774	0.01774	0.01087	0.74423	0.02689	0.03605	0.01373	0.01373	0.00973	0.00687	0.00572	0.00172	0.00629	0.00515	0.00572	0.00973
1	0.01487	0.61734	0.03086	0.01316	0.01826	0.02071	0.18211	0.01741	0.01206	0.01460	0.00880	0.01065	0.00766	0.00488	0.00439	0.00139	0.00695	0.00393	0.00255	0.00743
2	0.01853	0.01363	0.01493	0.01176	0.01558	0.01484	0.00958	0.57174	0.02438	0.03296	0.18930	0.02055	0.02013	0.00800	0.00596	0.00174	0.00545	0.00637	0.00586	0.00871
3	0.00729	0.00511	0.00654	0.00756	0.00781	0.00486	0.00488	0.00805	0.01033	0.01378	0.02835	0.61703	0.03382	0.20161	0.01243	0.00308	0.00384	0.01439	0.00488	0.00437
4	0.02174	0.01602	0.01717	0.01316	0.01774	0.01774	0.01087	0.74423	0.02689	0.03605	0.01373	0.01373	0.00973	0.00687	0.00572	0.00172	0.00629	0.00515	0.00572	0.00973
5	0.00696	0.00502	0.00659	0.00785	0.00827	0.00466	0.00526	0.00798	0.01106	0.01465	0.03292	0.75627	0.07591	0.01774	0.00727	0.00230	0.00330	0.01604	0.00531	0.00466
6	0.02028	0.02266	0.01661	0.01440	0.01734	0.49705	0.01120	0.19129	0.01773	0.01915	0.00981	0.01141	0.00794	0.00667	0.00710	0.00167	0.11262	0.00420	0.00354	0.00731
7	0.02267	0.01454	0.01625	0.01246	0.01700	0.01554	0.01029	0.57576	0.02442	0.20801	0.01581	0.01508	0.01077	0.00692	0.00573	0.00173	0.00596	0.00529	0.00604	0.00973
8	0.00832	0.00555	0.00624	0.00624	0.00624	0.00555	0.00347	0.00832	0.00832	0.01109	0.01802	0.03743	0.02080	0.79898	0.02911	0.00555	0.00555	0.00832	0.00347	0.00347
9	0.01818	0.02125	0.01475	0.01285	0.01634	0.49423	0.00978	0.02186	0.11294	0.01641	0.01107	0.01214	0.00897	0.00575	0.00503	0.00139	0.00812	0.00398	0.00343	0.20152
10	0.02174	0.01602	0.01717	0.01316	0.01774	0.01774	0.01087	0.74423	0.02689	0.03605	0.01373	0.01373	0.00973	0.00687	0.00572	0.00172	0.00629	0.00515	0.00572	0.00973
11	0.00750	0.00571	0.00690	0.00684	0.00824	0.00511	0.00504	0.00956	0.01445	0.01936	0.43159	0.14664	0.28537	0.01344	0.00682	0.00191	0.00285	0.01170	0.00584	0.00511
12	0.01282	0.01120	0.01159	0.01091	0.01345	0.04434	0.00826	0.02480	0.54716	0.02131	0.02461	0.20288	0.02182	0.01007	0.00614	0.00201	0.00449	0.00865	0.00558	0.00791
13	0.02174	0.01602	0.01717	0.01316	0.01774	0.01774	0.01087	0.74423	0.02689	0.03605	0.01373	0.01373	0.00973	0.00687	0.00572	0.00172	0.00629	0.00515	0.00572	0.00973
14	0.01342	0.01179	0.01393	0.19357	0.02064	0.01387	0.01066	0.02668	0.57858	0.02174	0.02020	0.01991	0.01515	0.00728	0.00580	0.00193	0.00526	0.00614	0.00505	0.00842
15	0.02071	0.02589	0.01591	0.01445	0.01743	0.70637	0.01087	0.02353	0.08357	0.01491	0.01016	0.01132	0.00829	0.00606	0.00522	0.00152	0.00979	0.00394	0.00321	0.00685

[dist]
# distance from previous block
# <min> <max>
13	34

[block]
# block no. 2 follows, 41 sequences, length 20
# corresponding to MSA columns:
# 308-327
name=unknown_C
#
# <colnr> <probs for GDERKNQSTAVLIFYWHMCP>
#	G	D	E	R	K	N	Q	S	T	A	V	L	I	F	Y	W	H	M	C	P
0	0.01538	0.66462	0.15335	0.01138	0.01689	0.02134	0.01197	0.01778	0.01218	0.01498	0.00913	0.01076	0.00807	0.00550	0.00431	0.00147	0.00675	0.00352	0.00271	0.00791
1	0.83938	0.01106	0.00841	0.00752	0.01106	0.01283	0.00619	0.01681	0.00973	0.02566	0.00796	0.00929	0.00619	0.00531	0.00354	0.00177	0.00442	0.00310	0.00354	0.00619
2	0.01457	0.65557	0.17046	0.01103	0.01660	0.02086	0.01194	0.01731	0.01171	0.01434	0.00839	0.00973	0.00732	0.00500	0.00401	0.00134	0.00656	0.00328	0.00244	0.00755
3	0.00702	0.00500	0.00662	0.00790	0.00822	0.00468	0.00524	0.00798	0.01085	0.01447	0.03102	0.76697	0.03720	0.04707	0.00811	0.00244	0.00340	0.01596	0.00524	0.00460
4	0.01394	0.01232	0.01369	0.01220	0.01490	0.01477	0.00962	0.02765	0.63024	0.02225	0.02068	0.01988	0.01582	0.00813	0.00796	0.00203	0.13382	0.00623	0.00527	0.00859
5	0.01529	0.80242	0.02997	0.00979	0.01468	0.02263	0.00979	0.01713	0.01162	0.01346	0.00795	0.00918	0.00734	0.00489	0.00367	0.00122	0.00612	0.00306	0.00245	0.00734
6	0.15007	0.01225	0.01416	0.01197	0.01563	0.01357	0.08057	0.02588	0.50719	0.02330	0.01871	0.01813	0.01413	0.00683	0.00543	0.00184	0.00499	0.00573	0.00499	0.06463
7	0.01166	0.00776	0.00939	0.00859	0.01073	0.00772	0.00656	0.01714	0.18479	0.12170	0.37371	0.10735	0.08776	0.01096	0.00645	0.00189	0.00348	0.00952	0.00613	0.00671
8	0.02174	0.01602	0.01717	0.01316	0.01774	0.01774	0.01087	0.74423	0.02689	0.03605	0.01373	0.01373	0.00973	0.00687	0.00572	0.00172	0.00629	0.00515	0.00572	0.00973
9	0.42656	0.00825	0.00703	0.00658	0.00880	0.00913	0.00501	0.01425	0.01025	0.02182	0.01318	0.01794	0.01142	0.13665	0.00791	0.00225	0.00402	0.00470	0.27879	0.00546
10	0.01186	0.01017	0.01186	0.00847	0.01356	0.00762	0.00678	0.01440	0.01186	0.01864	0.01017	0.01186	0.00847	0.00424	0.00424	0.00085	0.00424	0.00339	0.00339	0.83395
11	0.01097	0.01039	0.01719	0.71091	0.03704	0.01317	0.01556	0.01453	0.01118	0.01453	0.00991	0.01499	0.00761	0.00613	0.00698	0.00196	0.08298	0.00508	0.00254	0.00634
12	0.02011	0.01506	0.01629	0.01239	0.01705	0.01607	0.01020	0.62387	0.02441	0.03318	0.01314	0.01342	0.00952	0.00643	0.00548	0.00157	0.00595	0.00486	0.00534	0.14565
13	0.01761	0.01193	0.01335	0.01132	0.01492	0.01298	0.00899	0.12570	0.45318	0.19633	0.05397	0.02081	0.01725	0.00765	0.00583	0.00186	0.00476	0.00629	0.00612	0.00914
14	0.15933	0.01036	0.01241	0.00996	0.01405	0.01005	0.00814	0.02643	0.13062	0.52741	0.02025	0.01807	0.01335	0.00689	0.00539	0.00180	0.00474	0.00542	0.00629	0.00904
15	0.01839	0.01369	0.01477	0.01169	0.01560	0.01492	0.00955	0.57524	0.02346	0.03117	0.02113	0.02111	0.13392	0.01046	0.05588	0.00224	0.00632	0.00635	0.00548	0.00862
16	0.01331	0.54705	0.14463	0.01053	0.01524	0.01817	0.01087	0.01577	0.01158	0.01439	0.01221	0.13927	0.01235	0.00713	0.00455	0.00150	0.00603	0.00542	0.00291	0.00707
17	0.01046	0.00815	0.01048	0.00935	0.01140	0.00795	0.00712	0.01215	0.01150	0.05525	0.06768	0.33167	0.02345	0.01136	0.00812	0.00183	0.13313	0.00944	0.00440	0.26512
18	0.01619	0.01613	0.01848	0.01512	0.01894	0.17907	0.17912	0.02584	0.38492	0.05815	0.01741	0.01749	0.01307	0.00664	0.00589	0.00183	0.00698	0.00589	0.00458	0.00825
19	0.19809	0.01390	0.01412	0.01140	0.01547	0.03223	0.00929	0.37373	0.14265	0.11061	0.01492	0.01458	0.01068	0.00668	0.00526	0.00177	0.00553	0.00496	0.00535	0.00878

[dist]
# distance from previous block
# <min> <max>
0	17

[block]
# block no. 3 follows, 41 sequences, length 10
# corresponding to MSA columns:
# 345-354
name=unknown_D
#
# <colnr> <probs for GDERKNQSTAVLIFYWHMCP>
#	G	D	E	R	K	N	Q	S	T	A	V	L	I	F	Y	W	H	M	C	P
0	0.09957	0.01227	0.01383	0.01106	0.01490	0.01304	0.00902	0.28999	0.08253	0.14636	0.01481	0.01543	0.01094	0.01013	0.08096	0.00240	0.04323	0.00501	0.00501	0.11953
1	0.01318	0.01224	0.01897	0.13657	0.42989	0.01223	0.01423	0.01757	0.07739	0.01854	0.01164	0.01445	0.00946	0.00523	0.00538	0.00157	0.00616	0.00484	0.00317	0.18729
2	0.01932	0.00986	0.01235	0.01000	0.01364	0.00921	0.00798	0.13861	0.03584	0.39045	0.06555	0.14444	0.01918	0.00881	0.00591	0.00177	0.00465	0.00741	0.00613	0.08888
3	0.01894	0.01364	0.01546	0.01220	0.01599	0.01485	0.00995	0.48080	0.02145	0.09037	0.01507	0.08240	0.01222	0.00791	0.00699	0.00177	0.08188	0.00599	0.00526	0.08685
4	0.09538	0.01159	0.01256	0.01028	0.01426	0.01184	0.00822	0.11951	0.27977	0.07333	0.03410	0.01773	0.01367	0.00660	0.00518	0.00157	0.00467	0.02202	0.00495	0.25278
5	0.01337	0.01338	0.01983	0.28128	0.35607	0.07432	0.01577	0.01645	0.01214	0.01626	0.00995	0.01398	0.00823	0.00607	0.00750	0.00186	0.11831	0.00497	0.00270	0.00757
6	0.02174	0.01602	0.01717	0.01316	0.01774	0.01774	0.01087	0.74423	0.02689	0.03605	0.01373	0.01373	0.00973	0.00687	0.00572	0.00172	0.00629	0.00515	0.00572	0.00973
7	0.01186	0.01017	0.01186	0.00847	0.01356	0.00762	0.00678	0.01440	0.01186	0.01864	0.01017	0.01186	0.00847	0.00424	0.00424	0.00085	0.00424	0.00339	0.00339	0.83395
8	0.01289	0.01103	0.01177	0.01053	0.01362	0.01222	0.00817	0.02571	0.57676	0.02268	0.08077	0.02559	0.09198	0.00847	0.00588	0.00186	0.00421	0.00710	0.00564	0.06313
9	0.01256	0.01238	0.02300	0.01725	0.02090	0.01231	0.40166	0.07268	0.01285	0.01758	0.01374	0.05662	0.01273	0.18239	0.01257	0.00275	0.07193	0.00717	0.00334	0.03361

[dist]
# distance from previous block
# <min> <max>
0	7

[block]
# block no. 4 follows, 41 sequences, length 8
# corresponding to MSA columns:
# 362-369
name=unknown_E
#
# <colnr> <probs for GDERKNQSTAVLIFYWHMCP>
#	G	D	E	R	K	N	Q	S	T	A	V	L	I	F	Y	W	H	M	C	P
0	0.01080	0.01017	0.01716	0.78523	0.03940	0.01271	0.01589	0.01461	0.01144	0.01461	0.01017	0.01525	0.00762	0.00572	0.00572	0.00191	0.00762	0.00508	0.00254	0.00635
1	0.01166	0.01157	0.01890	0.01550	0.01697	0.01434	0.16478	0.01386	0.00986	0.01460	0.01027	0.01556	0.00942	0.01696	0.20156	0.00402	0.43551	0.00565	0.00272	0.00628
2	0.02137	0.02726	0.01621	0.01474	0.01768	0.77602	0.01105	0.02284	0.01621	0.01400	0.00884	0.01031	0.00737	0.00589	0.00516	0.00147	0.01031	0.00368	0.00295	0.00663
3	0.01186	0.01017	0.01186	0.00847	0.01356	0.00762	0.00678	0.01440	0.01186	0.01864	0.01017	0.01186	0.00847	0.00424	0.00424	0.00085	0.00424	0.00339	0.00339	0.83395
4	0.00832	0.00555	0.00624	0.00624	0.00624	0.00555	0.00347	0.00832	0.00832	0.01109	0.01802	0.03743	0.02080	0.79898	0.02911	0.00555	0.00555	0.00832	0.00347	0.00347
5	0.02072	0.02421	0.01602	0.01421	0.01742	0.59430	0.01083	0.12552	0.08984	0.01809	0.01095	0.01188	0.00869	0.00621	0.00530	0.00155	0.00918	0.00416	0.00362	0.00731
6	0.01153	0.02622	0.62551	0.01656	0.02397	0.01326	0.08524	0.01750	0.01189	0.01766	0.01052	0.01296	0.00777	0.00762	0.04780	0.00225	0.04653	0.00460	0.00250	0.00810
7	0.01362	0.42893	0.33939	0.01411	0.06600	0.01815	0.01503	0.01757	0.01190	0.01574	0.00910	0.01070	0.00741	0.00513	0.00453	0.00150	0.00714	0.00368	0.00246	0.00791

[dist]
# distance from previous block
# <min> <max>
4	39

[block]
# block no. 5 follows, 41 sequences, length 14
# corresponding to MSA columns:
# 410-423
name=unknown_F
#
# <colnr> <probs for GDERKNQSTAVLIFYWHMCP>
#	G	D	E	R	K	N	Q	S	T	A	V	L	I	F	Y	W	H	M	C	P
0	0.00676	0.00579	0.00579	0.00579	0.00773	0.00483	0.00435	0.00821	0.01304	0.01545	0.05794	0.05505	0.76098	0.01449	0.00676	0.00193	0.00290	0.01207	0.00531	0.00483
1	0.01080	0.01017	0.01716	0.78523	0.03940	0.01271	0.01589	0.01461	0.01144	0.01461	0.01017	0.01525	0.00762	0.00572	0.00572	0.00191	0.00762	0.00508	0.00254	0.00635
2	0.01067	0.00775	0.00955	0.00907	0.01084	0.00781	0.00712	0.14792	0.01675	0.02291	0.36200	0.16717	0.03904	0.01260	0.00686	0.00203	0.00396	0.14405	0.00583	0.00606
3	0.01952	0.01078	0.01289	0.01070	0.01442	0.01100	0.00857	0.05252	0.32896	0.37777	0.07132	0.02160	0.01804	0.00767	0.00585	0.00184	0.00463	0.00634	0.00645	0.00916
4	0.16839	0.01274	0.01978	0.11153	0.54364	0.01335	0.01524	0.01710	0.01224	0.01955	0.01017	0.01336	0.00837	0.00520	0.00527	0.00173	0.00644	0.00472	0.00293	0.00823
5	0.01276	0.01217	0.02070	0.34670	0.46260	0.01322	0.01686	0.01633	0.01236	0.01700	0.01051	0.01461	0.00846	0.00535	0.00569	0.00178	0.00714	0.00509	0.00271	0.00794
6	0.16811	0.01246	0.01928	0.17360	0.48374	0.01328	0.01511	0.01685	0.01210	0.01921	0.01012	0.01345	0.00825	0.00526	0.00528	0.00175	0.00651	0.00472	0.00291	0.00801
7	0.01310	0.01251	0.02130	0.27200	0.53469	0.01331	0.01703	0.01663	0.01252	0.01740	0.01057	0.01450	0.00861	0.00529	0.00568	0.00176	0.00706	0.00509	0.00274	0.00821
8	0.16738	0.01010	0.01044	0.00910	0.01247	0.01040	0.00722	0.01991	0.27127	0.05987	0.02456	0.02535	0.14881	0.00821	0.00537	0.00173	0.00421	0.03956	0.00489	0.15915
9	0.49861	0.01049	0.00969	0.00841	0.01168	0.01161	0.00680	0.08148	0.05795	0.08341	0.15147	0.01746	0.01675	0.00693	0.00464	0.00178	0.00431	0.00505	0.00466	0.00680
10	0.01288	0.01203	0.02031	0.06504	0.58865	0.01234	0.01553	0.01604	0.01223	0.01748	0.01159	0.01576	0.00998	0.01221	0.15004	0.00311	0.00843	0.00529	0.00286	0.00819
11	0.01384	0.01327	0.02264	0.10637	0.69453	0.01351	0.01740	0.01728	0.01287	0.01830	0.01070	0.01426	0.00892	0.00516	0.00567	0.00172	0.00687	0.00510	0.00280	0.00880
12	0.01252	0.01104	0.01808	0.25017	0.40863	0.01178	0.01452	0.01590	0.01236	0.01798	0.01206	0.01582	0.00969	0.00557	0.00537	0.00169	0.00627	0.00514	0.15784	0.00757
13	0.01265	0.01185	0.01915	0.27008	0.39127	0.01219	0.01500	0.01602	0.01230	0.01738	0.01046	0.01408	0.00849	0.00513	0.00541	0.00161	0.00658	0.00477	0.00284	0.16273

[dist]
# distance from previous block
# <min> <max>
5	7

[block]
# block no. 6 follows, 41 sequences, length 9
# corresponding to MSA columns:
# 431-439
name=unknown_G
#
# <colnr> <probs for GDERKNQSTAVLIFYWHMCP>
#	G	D	E	R	K	N	Q	S	T	A	V	L	I	F	Y	W	H	M	C	P
0	0.01595	0.00838	0.01027	0.00870	0.01165	0.00782	0.00685	0.05758	0.07206	0.29218	0.13683	0.08855	0.09930	0.00926	0.00585	0.00175	0.00396	0.00779	0.10520	0.05008
1	0.03889	0.01602	0.01600	0.01308	0.01663	0.17042	0.06600	0.37494	0.02047	0.02627	0.07410	0.10923	0.01598	0.00818	0.00590	0.00176	0.00669	0.00667	0.00488	0.00789
2	0.01616	0.01348	0.01417	0.01128	0.01529	0.07369	0.00905	0.18997	0.15920	0.06160	0.01387	0.01445	0.01064	0.00626	0.00616	0.00149	0.06566	0.00467	0.00449	0.30843
3	0.01010	0.00860	0.06754	0.00871	0.01116	0.00664	0.00713	0.01292	0.04324	0.07794	0.20201	0.30309	0.07073	0.01194	0.00635	0.00185	0.00386	0.01051	0.00520	0.13049
4	0.01303	0.01583	0.10816	0.09424	0.01968	0.10642	0.06979	0.01560	0.01124	0.01543	0.06390	0.01492	0.01098	0.00825	0.01238	0.00214	0.40324	0.00529	0.00286	0.00663
5	0.01646	0.01442	0.01373	0.01086	0.01521	0.14935	0.00860	0.13557	0.10439	0.07605	0.01298	0.01358	0.00997	0.00559	0.00494	0.00130	0.00575	0.00427	0.00424	0.39275
6	0.01967	0.01264	0.01491	0.14429	0.01959	0.05437	0.01044	0.25717	0.05565	0.26407	0.07404	0.01827	0.01447	0.00710	0.00578	0.00177	0.00592	0.00572	0.00551	0.00861
7	0.01465	0.00982	0.01120	0.00939	0.01242	0.00986	0.00742	0.21509	0.07440	0.11397	0.15425	0.08999	0.11013	0.00940	0.00593	0.00173	0.00428	0.00785	0.06486	0.07334
8	0.13125	0.01624	0.13505	0.01219	0.01706	0.01470	0.01118	0.33299	0.13725	0.05544	0.01398	0.01415	0.01016	0.00638	0.00528	0.00171	0.00589	0.00482	0.00479	0.06949

[dist]
# distance from previous block
# <min> <max>
12	47

[block]
# block no. 7 follows, 41 sequences, length 6
# corresponding to MSA columns:
# 488-493
name=unknown_H
#
# <colnr> <probs for GDERKNQSTAVLIFYWHMCP>
#	G	D	E	R	K	N	Q	S	T	A	V	L	I	F	Y	W	H	M	C	P
0	0.13285	0.01430	0.14845	0.01078	0.01519	0.01186	0.01018	0.19197	0.05717	0.17184	0.01550	0.01580	0.01102	0.00644	0.00505	0.00169	0.00535	0.00492	0.16149	0.00813
1	0.06552	0.06752	0.08080	0.05384	0.01625	0.01311	0.01007	0.22146	0.01619	0.02334	0.08944	0.01751	0.04356	0.00706	0.00643	0.00163	0.07633	0.00528	0.03057	0.15411
2	0.08773	0.01115	0.06419	0.07858	0.01623	0.01045	0.03660	0.01949	0.22026	0.09441	0.05409	0.16509	0.01889	0.00878	0.00577	0.00185	0.00494	0.00755	0.00479	0.08915
3	0.01841	0.05711	0.16007	0.07181	0.01779	0.01043	0.01120	0.02241	0.05543	0.39000	0.10837	0.02008	0.01697	0.00713	0.00570	0.00177	0.00556	0.00585	0.00540	0.00852
4	0.06289	0.02376	0.47898	0.03724	0.04311	0.07264	0.01685	0.02037	0.07983	0.09281	0.01243	0.01350	0.00887	0.00584	0.00538	0.00179	0.00758	0.00452	0.00331	0.00832
5	0.32747	0.01500	0.13229	0.01069	0.01508	0.01374	0.00996	0.21873	0.08858	0.02677	0.01238	0.01321	0.00919	0.00612	0.00471	0.00174	0.00544	0.00437	0.07678	0.00774

[dist]
# distance from previous block
# <min> <max>
5	11

[block]
# block no. 8 follows, 41 sequences, length 7
# corresponding to MSA columns:
# 505-511
name=unknown_I
#
# <colnr> <probs for GDERKNQSTAVLIFYWHMCP>
#	G	D	E	R	K	N	Q	S	T	A	V	L	I	F	Y	W	H	M	C	P
0	0.45265	0.03640	0.01116	0.00930	0.01204	0.01232	0.00763	0.01678	0.01059	0.12316	0.01197	0.06240	0.01018	0.01003	0.06713	0.00248	0.12850	0.00484	0.00390	0.00654
1	0.00771	0.00589	0.00736	0.00780	0.00906	0.00513	0.00543	0.00900	0.01133	0.01533	0.03116	0.58856	0.11492	0.01538	0.00676	0.00205	0.00342	0.01377	0.00501	0.13494
2	0.00905	0.00741	0.01084	0.27667	0.01961	0.00782	0.00908	0.01127	0.01127	0.01539	0.02100	0.39713	0.02283	0.01156	0.00624	0.00196	0.00489	0.01037	0.04074	0.10486
3	0.00685	0.00542	0.00618	0.00678	0.00798	0.00475	0.00478	0.00810	0.01209	0.01507	0.04595	0.39097	0.43279	0.01604	0.00701	0.00211	0.00309	0.01397	0.00531	0.00475
4	0.01305	0.01087	0.01250	0.00904	0.01406	0.00884	0.00727	0.10205	0.01367	0.02073	0.01059	0.01209	0.00862	0.00455	0.00441	0.00095	0.00448	0.00360	0.00367	0.73496
5	0.01454	0.02302	0.48834	0.01791	0.10674	0.01251	0.07501	0.01986	0.01308	0.15589	0.01268	0.01393	0.00883	0.00565	0.00562	0.00180	0.00770	0.00480	0.00336	0.00870
6	0.00904	0.00647	0.00897	0.01001	0.01133	0.00640	0.00862	0.01168	0.01364	0.01803	0.14496	0.06110	0.03623	0.01516	0.00772	0.00250	0.00486	0.61257	0.00543	0.00529

[dist]
# distance from previous block
# <min> <max>
0	1

[block]
# block no. 9 follows, 41 sequences, length 18
# corresponding to MSA columns:
# 513-530
name=unknown_J
#
# <colnr> <probs for GDERKNQSTAVLIFYWHMCP>
#	G	D	E	R	K	N	Q	S	T	A	V	L	I	F	Y	W	H	M	C	P
0	0.26662	0.56108	0.02340	0.00910	0.01358	0.01964	0.00869	0.01703	0.01105	0.01718	0.00796	0.00921	0.00699	0.00502	0.00363	0.00139	0.00560	0.00307	0.00278	0.00699
1	0.01771	0.01151	0.01304	0.01119	0.01479	0.01245	0.00886	0.02963	0.52832	0.25062	0.02306	0.02077	0.01645	0.00755	0.00580	0.00189	0.00463	0.00625	0.00620	0.00926
2	0.01841	0.01424	0.01716	0.24862	0.02434	0.01620	0.01240	0.52172	0.02218	0.02951	0.01265	0.01420	0.00909	0.00652	0.00572	0.00177	0.00670	0.00513	0.00475	0.00870
3	0.01304	0.00946	0.01164	0.01133	0.01365	0.00999	0.00972	0.23521	0.01735	0.02289	0.02524	0.04903	0.02585	0.01308	0.00724	0.00235	0.00558	0.50533	0.00541	0.00663
4	0.26452	0.13751	0.42862	0.01267	0.01910	0.01452	0.01491	0.01757	0.01130	0.01973	0.00922	0.01080	0.00694	0.00532	0.00460	0.00171	0.00688	0.00371	0.00276	0.00760
5	0.04505	0.01105	0.01567	0.54125	0.03133	0.03774	0.01352	0.08703	0.04315	0.03953	0.01186	0.01556	0.00888	0.00668	0.01967	0.00197	0.00711	0.00507	0.05107	0.00681
6	0.01182	0.00861	0.01016	0.00931	0.01125	0.00887	0.00703	0.23337	0.01742	0.02369	0.24916	0.32658	0.03420	0.01264	0.00665	0.00198	0.00404	0.01106	0.00574	0.00643
7	0.83938	0.01106	0.00841	0.00752	0.01106	0.01283	0.00619	0.01681	0.00973	0.02566	0.00796	0.00929	0.00619	0.00531	0.00354	0.00177	0.00442	0.00310	0.00354	0.00619
8	0.01233	0.01164	0.02258	0.08015	0.02274	0.01118	0.41923	0.01629	0.01279	0.01895	0.01354	0.01703	0.01041	0.00543	0.00570	0.00169	0.00707	0.00601	0.25536	0.04990
9	0.26423	0.01044	0.01081	0.00818	0.01279	0.00921	0.00660	0.01514	0.01121	0.02078	0.00949	0.01108	0.00778	0.00456	0.00402	0.00113	0.00429	0.00330	0.00343	0.58150
10	0.00765	0.00547	0.00742	0.00875	0.00938	0.00524	0.00650	0.00915	0.01163	0.01537	0.03115	0.57240	0.03633	0.01727	0.00748	0.00242	0.00391	0.23235	0.00530	0.00484
11	0.31175	0.01305	0.01363	0.11986	0.01803	0.01485	0.00967	0.35623	0.01807	0.02881	0.01134	0.01262	0.00834	0.00614	0.00488	0.00175	0.00569	0.00441	0.03304	0.00784
12	0.01285	0.10499	0.13783	0.25807	0.34263	0.01431	0.01671	0.01670	0.01223	0.01676	0.01018	0.01360	0.00815	0.00532	0.00542	0.00173	0.00723	0.00473	0.00263	0.00794
13	0.01226	0.00895	0.01055	0.00902	0.01135	0.00916	0.00707	0.23447	0.01945	0.02694	0.53260	0.03388	0.04048	0.01022	0.00643	0.00177	0.00380	0.00876	0.00612	0.00672
14	0.00894	0.00798	0.00997	0.00944	0.01067	0.00901	0.00769	0.01054	0.01176	0.01523	0.03772	0.04373	0.40382	0.01335	0.01062	0.00223	0.24290	0.13461	0.00445	0.00534
15	0.05679	0.47455	0.30310	0.01209	0.01823	0.01865	0.01381	0.01748	0.01169	0.01582	0.00881	0.01026	0.00725	0.00512	0.00432	0.00147	0.00690	0.00349	0.00249	0.00769
16	0.26520	0.01320	0.02247	0.14025	0.05751	0.01374	0.35066	0.03705	0.01237	0.02047	0.01027	0.01343	0.00780	0.00518	0.00553	0.00186	0.00751	0.00525	0.00311	0.00715
17	0.00697	0.00498	0.00664	0.00796	0.00830	0.00465	0.00531	0.00796	0.01095	0.01460	0.03153	0.79525	0.03783	0.01792	0.00730	0.00232	0.00332	0.01626	0.00531	0.00465

[dist]
# distance from previous block
# <min> <max>
1	4

[block]
# block no. 10 follows, 41 sequences, length 8
# corresponding to MSA columns:
# 535-542
name=unknown_K
#
# <colnr> <probs for GDERKNQSTAVLIFYWHMCP>
#	G	D	E	R	K	N	Q	S	T	A	V	L	I	F	Y	W	H	M	C	P
0	0.01396	0.53236	0.13522	0.01071	0.01563	0.01880	0.01098	0.01810	0.09047	0.01611	0.07840	0.01394	0.01264	0.00590	0.00444	0.00144	0.00598	0.00425	0.00315	0.00751
1	0.01378	0.01054	0.01246	0.05746	0.01522	0.00941	0.00791	0.14475	0.01484	0.06946	0.01647	0.06364	0.06699	0.00658	0.00507	0.00130	0.00470	0.00539	0.00425	0.46979
2	0.12242	0.01735	0.22208	0.05686	0.01976	0.01344	0.05156	0.17615	0.09362	0.07851	0.01305	0.01393	0.00944	0.00597	0.00529	0.00172	0.00642	0.00474	0.00410	0.08359
3	0.18380	0.11611	0.19523	0.09339	0.01909	0.01434	0.01218	0.04368	0.17811	0.07158	0.01335	0.01410	0.00992	0.00605	0.00497	0.00176	0.00605	0.00457	0.00385	0.00789
4	0.11502	0.00884	0.07763	0.00876	0.01063	0.00753	0.00717	0.01281	0.05616	0.07016	0.06978	0.10040	0.01623	0.01423	0.01346	0.39131	0.00484	0.00641	0.00374	0.00488
5	0.04724	0.01023	0.01439	0.09901	0.05445	0.05037	0.11251	0.03944	0.01260	0.06668	0.05844	0.01803	0.01302	0.00832	0.00820	0.11550	0.03900	0.00551	0.19138	0.03569
6	0.01615	0.08820	0.21349	0.06853	0.01910	0.01309	0.01256	0.18928	0.01633	0.14529	0.05388	0.05496	0.01313	0.00690	0.00550	0.00169	0.00622	0.00553	0.00440	0.06578
7	0.01254	0.01477	0.11251	0.16463	0.02236	0.05279	0.10027	0.02871	0.01132	0.01601	0.01021	0.03375	0.00877	0.00747	0.01054	0.00202	0.29873	0.00527	0.03226	0.05505

[dist]
# distance from previous block
# <min> <max>
0	18

[block]
# block no. 11 follows, 41 sequences, length 11
# corresponding to MSA columns:
# 562-572
name=unknown_L
#
# <colnr> <probs for GDERKNQSTAVLIFYWHMCP>
#	G	D	E	R	K	N	Q	S	T	A	V	L	I	F	Y	W	H	M	C	P
0	0.01342	0.01135	0.01352	0.18337	0.01971	0.05081	0.00950	0.05473	0.08628	0.05914	0.05005	0.01553	0.01177	0.00567	0.00506	0.00137	0.00541	0.00466	0.00388	0.39478
1	0.01440	0.32538	0.08142	0.08096	0.17182	0.07040	0.12788	0.01752	0.01249	0.01576	0.00967	0.01225	0.00807	0.00594	0.02201	0.00172	0.00760	0.00441	0.00265	0.00765
2	0.01558	0.01569	0.02970	0.02163	0.02687	0.01551	0.55099	0.16566	0.01626	0.02211	0.01227	0.01557	0.00928	0.00583	0.00736	0.00200	0.04934	0.00647	0.00361	0.00828
3	0.01949	0.01473	0.01602	0.01219	0.01692	0.01522	0.00995	0.54300	0.02304	0.03166	0.01322	0.01388	0.00983	0.00647	0.00552	0.00157	0.00589	0.00483	0.00524	0.23133
4	0.00854	0.00579	0.00668	0.00693	0.00705	0.00566	0.00407	0.00862	0.00917	0.01228	0.02118	0.19165	0.02461	0.63482	0.02471	0.00495	0.00525	0.01006	0.00400	0.00397
5	0.01142	0.01444	0.17005	0.62367	0.03657	0.01307	0.01709	0.01565	0.01186	0.01578	0.01066	0.01524	0.00801	0.00598	0.00586	0.00197	0.00793	0.00506	0.00268	0.00703
6	0.01338	0.01330	0.08896	0.01271	0.05463	0.05010	0.00999	0.03978	0.35776	0.04502	0.02450	0.17891	0.06574	0.01002	0.00629	0.00204	0.00521	0.00845	0.00522	0.00798
7	0.36005	0.16042	0.04983	0.02645	0.01328	0.01350	0.00818	0.07729	0.01232	0.02165	0.01416	0.17037	0.01390	0.00829	0.00488	0.00185	0.00506	0.00626	0.02552	0.00673
8	0.01870	0.01290	0.01442	0.01174	0.01543	0.01354	0.00934	0.44346	0.04590	0.10937	0.01884	0.17370	0.01653	0.00931	0.00616	0.00189	0.00550	0.00755	0.00579	0.05994
9	0.10101	0.01347	0.11146	0.16760	0.02058	0.01085	0.01089	0.06071	0.01280	0.02000	0.01064	0.01308	0.00843	0.00530	0.00492	0.00143	0.00578	0.00408	0.00341	0.41355
10	0.83359	0.01138	0.00876	0.00786	0.01142	0.01307	0.00641	0.01712	0.01005	0.02603	0.00846	0.00997	0.00666	0.00563	0.00376	0.00186	0.00459	0.00326	0.00370	0.00644

[dist]
# distance from previous block
# <min> <max>
5	22

[block]
# block no. 12 follows, 41 sequences, length 8
# corresponding to MSA columns:
# 596-603
name=unknown_M
#
# <colnr> <probs for GDERKNQSTAVLIFYWHMCP>
#	G	D	E	R	K	N	Q	S	T	A	V	L	I	F	Y	W	H	M	C	P
0	0.00926	0.00649	0.00834	0.00984	0.09925	0.00642	0.00557	0.01038	0.01033	0.01483	0.08568	0.08533	0.02267	0.46085	0.01904	0.00390	0.00487	0.00823	0.12405	0.00468
1	0.20373	0.01057	0.01104	0.00984	0.01252	0.01150	0.00762	0.28948	0.01672	0.02528	0.01936	0.31810	0.01990	0.01083	0.00584	0.00197	0.00470	0.00902	0.00506	0.00693
2	0.01238	0.02002	0.32081	0.01802	0.02472	0.01268	0.31564	0.01749	0.01262	0.01830	0.01078	0.01342	0.00807	0.00495	0.00575	0.00167	0.00813	0.00511	0.00280	0.16662
3	0.41781	0.01127	0.01135	0.00979	0.01299	0.01293	0.00797	0.02131	0.17061	0.15415	0.01377	0.01407	0.01018	0.00672	0.00628	0.00190	0.10043	0.00452	0.00453	0.00744
4	0.01235	0.00840	0.00990	0.00895	0.01122	0.00816	0.00673	0.16887	0.01546	0.08780	0.07827	0.32141	0.11343	0.04216	0.00728	0.00206	0.00417	0.01061	0.00539	0.07736
5	0.01462	0.01062	0.01388	0.01111	0.01474	0.01003	0.07449	0.19633	0.01600	0.10366	0.01847	0.23088	0.01757	0.00905	0.00585	0.00167	0.00506	0.00796	0.00486	0.23315
6	0.01617	0.08234	0.08055	0.00937	0.01329	0.00899	0.00839	0.01879	0.01472	0.31508	0.18203	0.02657	0.11234	0.00839	0.00574	0.00167	0.00454	0.00693	0.00554	0.07857
7	0.01330	0.01102	0.01263	0.00915	0.01416	0.00910	0.00737	0.12051	0.01405	0.02117	0.01068	0.01213	0.00865	0.00462	0.00445	0.00097	0.00454	0.00364	0.00373	0.71412

[dist]
# distance from previous block
# <min> <max>
0	1

[block]
# block no. 13 follows, 41 sequences, length 43
# corresponding to MSA columns:
# 605-647
name=unknown_N
#
# <colnr> <probs for GDERKNQSTAVLIFYWHMCP>
#	G	D	E	R	K	N	Q	S	T	A	V	L	I	F	Y	W	H	M	C	P
0	0.01373	0.00744	0.01031	0.01037	0.01255	0.00706	0.00892	0.01625	0.01411	0.22418	0.04239	0.05167	0.02815	0.01331	0.00729	0.00238	0.00511	0.51250	0.00579	0.00650
1	0.15390	0.60104	0.09136	0.00998	0.01496	0.02016	0.01018	0.01716	0.01134	0.01592	0.00816	0.00945	0.00714	0.00501	0.00380	0.00137	0.00604	0.00317	0.00263	0.00725
2	0.00782	0.00551	0.00631	0.00650	0.00696	0.00527	0.00403	0.00839	0.01000	0.01309	0.07026	0.16382	0.15029	0.49389	0.02050	0.00419	0.00457	0.01036	0.00424	0.00400
3	0.00851	0.00668	0.00969	0.13447	0.01433	0.00756	0.00791	0.01077	0.01037	0.01433	0.02186	0.02672	0.13912	0.02995	0.47631	0.00633	0.01124	0.00691	0.05166	0.00528
4	0.01314	0.00857	0.01286	0.40216	0.02478	0.00968	0.01093	0.01628	0.01232	0.14330	0.01485	0.01798	0.01099	0.00799	0.04224	0.00207	0.00616	0.00531	0.23181	0.00658
5	0.01047	0.00733	0.00805	0.00737	0.00829	0.00755	0.00478	0.13238	0.01180	0.01562	0.02027	0.03475	0.07408	0.60698	0.02350	0.00463	0.00547	0.00806	0.00398	0.00462
6	0.01475	0.01217	0.01295	0.01157	0.01486	0.01396	0.00902	0.03028	0.71956	0.05764	0.02325	0.02126	0.01731	0.00773	0.00582	0.00193	0.00454	0.00643	0.00588	0.00908
7	0.01058	0.00774	0.00943	0.00819	0.01052	0.00715	0.00620	0.05286	0.06881	0.02882	0.28564	0.06260	0.06625	0.01116	0.00868	0.14185	0.00384	0.00755	0.00483	0.19730
8	0.01377	0.08336	0.43777	0.01919	0.14777	0.12568	0.05793	0.01865	0.01289	0.01727	0.01004	0.01214	0.00766	0.00537	0.00537	0.00171	0.00834	0.00435	0.00259	0.00817
9	0.01948	0.01426	0.01532	0.01199	0.01580	0.01568	0.00962	0.62016	0.02376	0.03184	0.01446	0.01773	0.01159	0.14041	0.00967	0.00236	0.00617	0.00568	0.00534	0.00867
10	0.15242	0.01099	0.01183	0.00896	0.01360	0.00988	0.00721	0.08018	0.06805	0.02175	0.01109	0.01230	0.00887	0.00491	0.00437	0.00116	0.00447	0.00372	0.00380	0.56044
11	0.17866	0.23377	0.01885	0.01138	0.01559	0.13732	0.00969	0.28902	0.01767	0.02433	0.01025	0.01108	0.00801	0.00587	0.00464	0.00155	0.00651	0.00394	0.00396	0.00790
12	0.01793	0.01266	0.01560	0.01534	0.14153	0.01313	0.01055	0.19162	0.24089	0.16920	0.01747	0.01703	0.01269	0.00661	0.00559	0.00170	0.00535	0.00547	0.00529	0.09436
13	0.01625	0.00976	0.01492	0.01156	0.01531	0.00872	0.13114	0.04586	0.01530	0.28858	0.19638	0.07125	0.02334	0.00809	0.00605	0.00171	0.00502	0.00734	0.00553	0.11790
14	0.01742	0.06996	0.01424	0.03030	0.01518	0.01191	0.00871	0.02559	0.32644	0.25518	0.01943	0.01814	0.01395	0.00670	0.00538	0.00165	0.00478	0.00545	0.00548	0.14409
15	0.01745	0.01219	0.01367	0.01122	0.01487	0.01284	0.00893	0.33750	0.15288	0.11668	0.01919	0.14739	0.01628	0.00867	0.00587	0.00179	0.00511	0.00717	0.00562	0.08468
16	0.72865	0.01173	0.00959	0.00829	0.01197	0.01350	0.00683	0.11533	0.01206	0.02707	0.00875	0.00989	0.00667	0.00552	0.00384	0.00176	0.00468	0.00338	0.00384	0.00667
17	0.69987	0.01091	0.00899	0.00768	0.01148	0.01195	0.00629	0.01641	0.01009	0.02448	0.00834	0.00972	0.00658	0.00513	0.00366	0.00161	0.00439	0.00315	0.00351	0.14575
18	0.63335	0.01179	0.01060	0.07683	0.01464	0.01362	0.00781	0.13509	0.01268	0.02638	0.00910	0.01054	0.00690	0.00560	0.00409	0.00177	0.00501	0.00361	0.00381	0.00678
19	0.01321	0.08237	0.01772	0.05643	0.01619	0.09633	0.01184	0.01475	0.00998	0.01377	0.00852	0.01302	0.00808	0.01179	0.08192	0.00284	0.52758	0.00480	0.00260	0.00630
20	0.15358	0.08409	0.01687	0.01325	0.01475	0.13840	0.01098	0.01603	0.01037	0.01578	0.00784	0.01133	0.00725	0.00811	0.01270	0.00210	0.46314	0.00430	0.00274	0.00640
21	0.01471	0.66885	0.02692	0.00957	0.01449	0.02010	0.00928	0.01667	0.01166	0.01433	0.00833	0.00963	0.00753	0.00478	0.00377	0.00116	0.00580	0.00311	0.00261	0.14670
22	0.01644	0.01260	0.01412	0.01049	0.01534	0.01187	0.00854	0.31966	0.01829	0.05053	0.01206	0.01289	0.00918	0.00543	0.00491	0.00124	0.00512	0.00420	0.00448	0.46261
23	0.01906	0.01075	0.01298	0.01025	0.01453	0.01009	0.00826	0.05189	0.20892	0.35758	0.01932	0.01784	0.01344	0.00654	0.00539	0.00158	0.00467	0.00533	0.00577	0.21583
24	0.65657	0.01515	0.17643	0.00946	0.01409	0.01293	0.00949	0.01710	0.01025	0.02400	0.00847	0.00991	0.00643	0.00534	0.00396	0.00178	0.00531	0.00335	0.00329	0.00669
25	0.15209	0.04655	0.01494	0.01146	0.01469	0.01151	0.09779	0.03048	0.04822	0.05990	0.01436	0.13709	0.01350	0.01703	0.00744	0.00180	0.11713	0.00638	0.00386	0.19378
26	0.44403	0.01246	0.01262	0.14040	0.01793	0.01434	0.00929	0.24389	0.01539	0.02705	0.01014	0.01168	0.00754	0.00587	0.00459	0.00178	0.00555	0.00407	0.00405	0.00733
27	0.01255	0.01398	0.06836	0.08780	0.02666	0.01264	0.51455	0.01615	0.01222	0.01657	0.01110	0.01556	0.00872	0.00747	0.00922	0.14213	0.00861	0.00616	0.00277	0.00675
28	0.01489	0.01196	0.01348	0.00991	0.01484	0.01072	0.00803	0.23781	0.01646	0.02397	0.01126	0.01243	0.00886	0.00504	0.00469	0.00111	0.00487	0.00393	0.00410	0.58164
29	0.01200	0.00878	0.01543	0.01265	0.01524	0.00807	0.20912	0.01371	0.01183	0.11342	0.01996	0.30182	0.02028	0.01242	0.00931	0.14220	0.00560	0.00961	0.00429	0.05427
30	0.01305	0.05596	0.01719	0.01398	0.01497	0.01707	0.01160	0.01762	0.17325	0.01599	0.01102	0.01428	0.00970	0.00923	0.01508	0.00231	0.57232	0.00522	0.00323	0.00693
31	0.00896	0.00677	0.00829	0.00801	0.00944	0.00677	0.00589	0.01349	0.13910	0.02106	0.47432	0.16106	0.04326	0.05798	0.00799	0.00213	0.00327	0.01053	0.00589	0.00578
32	0.01455	0.01164	0.01313	0.00972	0.01441	0.01045	0.00780	0.22528	0.01604	0.02331	0.01158	0.01363	0.00943	0.04314	0.00586	0.00132	0.00489	0.00413	0.00407	0.55560
33	0.51153	0.01065	0.00975	0.02185	0.01203	0.01193	0.00691	0.12888	0.01388	0.02648	0.17717	0.01757	0.01746	0.00699	0.00464	0.00177	0.00439	0.00507	0.00448	0.00657
34	0.34321	0.01233	0.01178	0.00968	0.01340	0.01362	0.00792	0.33190	0.01776	0.02846	0.01890	0.01894	0.13499	0.00753	0.00503	0.00177	0.00498	0.00550	0.00479	0.00750
35	0.01206	0.01040	0.01147	0.02895	0.01358	0.05023	0.00725	0.07563	0.01316	0.01883	0.01537	0.19446	0.01533	0.00778	0.00517	0.00133	0.00462	0.00660	0.00399	0.50379
36	0.01363	0.02147	0.48192	0.01351	0.01989	0.01106	0.01582	0.01899	0.02995	0.16005	0.13932	0.01884	0.01665	0.00685	0.00572	0.00180	0.00672	0.00559	0.00402	0.00819
37	0.02053	0.26662	0.01849	0.01009	0.01449	0.01348	0.00881	0.02397	0.08464	0.42029	0.03469	0.01670	0.01307	0.00649	0.00508	0.00159	0.00518	0.00501	0.00537	0.02542
38	0.01924	0.01619	0.22526	0.01416	0.01995	0.01075	0.13563	0.02313	0.01455	0.40970	0.01691	0.01650	0.01114	0.00615	0.00578	0.00178	0.00664	0.00542	0.00497	0.03615
39	0.43886	0.02461	0.19498	0.05622	0.04095	0.01243	0.01095	0.03308	0.01150	0.05620	0.03839	0.03875	0.00993	0.00613	0.00459	0.00180	0.00565	0.00443	0.00354	0.00702
40	0.01515	0.08759	0.23326	0.01834	0.02456	0.01384	0.35495	0.01977	0.01343	0.14411	0.01275	0.01463	0.00909	0.00538	0.00595	0.00181	0.00820	0.00556	0.00343	0.00823
41	0.01605	0.02254	0.49625	0.01416	0.02110	0.01180	0.01657	0.02176	0.04898	0.25301	0.01474	0.01484	0.00990	0.00606	0.00555	0.00180	0.00714	0.00481	0.00404	0.00888
42	0.05194	0.02466	0.57916	0.01464	0.02204	0.01226	0.01784	0.02007	0.01285	0.17271	0.01269	0.01347	0.00862	0.00577	0.00541	0.00180	0.00753	0.00449	0.00343	0.00861

[dist]
# distance from previous block
# <min> <max>
13	68

[block]
# block no. 14 follows, 41 sequences, length 45
# corresponding to MSA columns:
# 721-765
name=unknown_O
#
# <colnr> <probs for GDERKNQSTAVLIFYWHMCP>
#	G	D	E	R	K	N	Q	S	T	A	V	L	I	F	Y	W	H	M	C	P
0	0.08628	0.01066	0.07741	0.00899	0.01210	0.00927	0.00775	0.11992	0.01508	0.15285	0.08040	0.02145	0.01659	0.05739	0.00666	0.00193	0.00458	0.00584	0.29765	0.00719
1	0.01030	0.07550	0.01203	0.06233	0.06037	0.00920	0.00802	0.01397	0.12036	0.01713	0.05085	0.42723	0.02719	0.01273	0.00651	0.00206	0.00444	0.01121	0.00484	0.06373
2	0.02163	0.01477	0.01627	0.01262	0.01713	0.01573	0.01031	0.54395	0.07288	0.14298	0.01589	0.01558	0.01124	0.00709	0.00583	0.00177	0.00599	0.00536	0.00593	0.05705
3	0.01795	0.01712	0.14623	0.01260	0.01730	0.05771	0.01154	0.39848	0.02080	0.07463	0.02150	0.02138	0.14027	0.00818	0.00601	0.00184	0.00636	0.00628	0.00513	0.00868
4	0.02171	0.01307	0.12623	0.01340	0.08280	0.00965	0.01109	0.02458	0.01567	0.53503	0.06906	0.02000	0.01570	0.00725	0.00595	0.00185	0.00558	0.00591	0.00608	0.00940
5	0.14126	0.02215	0.43943	0.01725	0.12972	0.01323	0.01678	0.01954	0.06162	0.06755	0.01207	0.01364	0.00889	0.00592	0.00541	0.00187	0.00723	0.00457	0.00333	0.00853
6	0.01427	0.55913	0.14032	0.01181	0.01690	0.01925	0.05765	0.01682	0.01203	0.01500	0.01109	0.08077	0.01056	0.00643	0.00466	0.00154	0.00659	0.00480	0.00288	0.00751
7	0.02026	0.01694	0.06897	0.01620	0.08267	0.01707	0.05858	0.58341	0.02405	0.03253	0.01353	0.01436	0.00985	0.00678	0.00595	0.00182	0.00683	0.00532	0.00521	0.00966
8	0.58253	0.01287	0.07725	0.00922	0.01303	0.01284	0.00811	0.01889	0.12324	0.02490	0.05855	0.01411	0.01145	0.00639	0.00446	0.00188	0.00484	0.00432	0.00411	0.00701
9	0.00918	0.00828	0.05888	0.00848	0.01047	0.00690	0.00690	0.01303	0.08138	0.02211	0.55357	0.08750	0.08714	0.01173	0.00679	0.00193	0.00346	0.01017	0.00601	0.00608
10	0.01425	0.42896	0.21989	0.01406	0.01958	0.01889	0.10816	0.01753	0.01201	0.01574	0.00944	0.01165	0.00793	0.00576	0.00601	0.00166	0.07387	0.00416	0.00266	0.00780
11	0.01289	0.02862	0.65138	0.01694	0.02473	0.07846	0.06830	0.01881	0.01279	0.01817	0.01067	0.01276	0.00778	0.00573	0.00569	0.00187	0.00882	0.00449	0.00265	0.00846
12	0.58267	0.08594	0.17409	0.00992	0.01466	0.01403	0.00992	0.01741	0.01069	0.02329	0.00891	0.01051	0.00696	0.00559	0.00416	0.00181	0.00559	0.00349	0.00335	0.00701
13	0.01364	0.08452	0.02860	0.02204	0.12093	0.01414	0.47317	0.01732	0.01300	0.01773	0.01204	0.01696	0.01004	0.07268	0.00827	0.00216	0.00842	0.00628	0.00308	0.05499
14	0.53517	0.01326	0.07721	0.00944	0.01296	0.05582	0.00813	0.01757	0.07398	0.02308	0.01304	0.11321	0.01185	0.00749	0.00468	0.00192	0.00514	0.00538	0.00398	0.00669
15	0.02066	0.08759	0.08255	0.01340	0.01835	0.01798	0.01181	0.61277	0.02444	0.03278	0.01334	0.01378	0.00971	0.00685	0.00570	0.00176	0.00660	0.00502	0.00528	0.00961
16	0.01350	0.01209	0.07672	0.00959	0.01491	0.00844	0.00834	0.01622	0.01256	0.08577	0.01172	0.01317	0.00929	0.00489	0.00467	0.00110	0.00481	0.00382	0.00378	0.68461
17	0.02149	0.01520	0.01651	0.01294	0.01731	0.01656	0.01055	0.60036	0.09063	0.09701	0.01610	0.03081	0.01175	0.00747	0.00595	0.00183	0.00610	0.00568	0.00597	0.00977
18	0.01292	0.19497	0.53943	0.01584	0.02328	0.01562	0.08313	0.01820	0.01238	0.01752	0.01032	0.01236	0.00782	0.00556	0.00536	0.00178	0.00818	0.00435	0.00262	0.00836
19	0.01489	0.01051	0.01283	0.07712	0.01626	0.01108	0.00995	0.25232	0.03040	0.07567	0.04594	0.04991	0.07095	0.01134	0.00687	0.00220	0.00565	0.28323	0.00549	0.00739
20	0.07322	0.01228	0.01317	0.01068	0.01452	0.01268	0.00852	0.29446	0.13650	0.03713	0.06887	0.03967	0.08331	0.00798	0.00570	0.00171	0.00500	0.00628	0.00529	0.16300
21	0.01295	0.01280	0.01778	0.01527	0.01532	0.01771	0.01267	0.01407	0.00906	0.01419	0.00797	0.01312	0.00793	0.01027	0.01887	0.00258	0.78315	0.00515	0.00266	0.00649
22	0.01664	0.01214	0.01386	0.01033	0.01520	0.01093	0.00834	0.23003	0.01701	0.10255	0.01295	0.01382	0.00985	0.00561	0.00503	0.00129	0.00506	0.00430	0.00461	0.50045
23	0.02215	0.01128	0.01342	0.01058	0.01453	0.01110	0.00861	0.25356	0.01920	0.40016	0.01943	0.01852	0.01321	0.00722	0.00562	0.00176	0.00509	0.00562	0.14976	0.00917
24	0.01213	0.07398	0.72201	0.01618	0.02441	0.01404	0.02057	0.01833	0.01232	0.01824	0.01057	0.01252	0.00768	0.00570	0.00552	0.00186	0.00844	0.00431	0.00257	0.00860
25	0.00878	0.00588	0.00658	0.00656	0.00660	0.00582	0.00368	0.00866	0.00862	0.01153	0.01841	0.03786	0.02113	0.79370	0.02913	0.00560	0.00569	0.00843	0.00361	0.00371
