[name]
unknown

[dist]
# distance from previous block
# <min> <max>
0	21

[block]
# block no. 0 follows, 40 sequences, length 28
# corresponding to MSA columns:
# 21-48
name=unknown_A
#
# <colnr> <probs for GDERKNQSTAVLIFYWHMCP>
#	G	D	E	R	K	N	Q	S	T	A	V	L	I	F	Y	W	H	M	C	P
0	0.02146	0.01023	0.01290	0.01047	0.01437	0.00983	0.00845	0.02747	0.20844	0.50400	0.08831	0.02239	0.01887	0.00780	0.00596	0.00185	0.00466	0.00645	0.00679	0.00932
1	0.02172	0.02772	0.01648	0.01498	0.01798	0.77228	0.01124	0.02322	0.01648	0.01423	0.00899	0.01049	0.00749	0.00599	0.00524	0.00150	0.01049	0.00375	0.00300	0.00674
2	0.01419	0.01098	0.01151	0.01029	0.01319	0.01241	0.00802	0.08938	0.49175	0.02473	0.02158	0.02100	0.01631	0.00752	0.00542	0.00179	0.00427	0.00615	0.22124	0.00827
3	0.01256	0.02454	0.50617	0.02229	0.21796	0.01369	0.08424	0.01829	0.01266	0.01859	0.01069	0.01313	0.00798	0.00538	0.00570	0.00182	0.00826	0.00476	0.00261	0.00869
4	0.01631	0.01746	0.02174	0.03027	0.56514	0.21250	0.01612	0.01925	0.01409	0.01775	0.01043	0.01337	0.00876	0.00539	0.00562	0.00167	0.00785	0.00481	0.00291	0.00856
5	0.01267	0.01125	0.01508	0.01571	0.20909	0.00934	0.00976	0.01548	0.01237	0.01896	0.01049	0.01267	0.00877	0.00454	0.00469	0.00109	0.00499	0.00390	0.00330	0.61586
6	0.01930	0.01529	0.01550	0.01273	0.01673	0.06925	0.01022	0.37659	0.30748	0.06736	0.01786	0.01703	0.01302	0.00728	0.00582	0.00182	0.00591	0.00568	0.00573	0.00940
7	0.00768	0.00601	0.00920	0.00956	0.01039	0.00561	0.07053	0.00903	0.01136	0.01518	0.03025	0.72285	0.03583	0.01704	0.00737	0.00233	0.00395	0.01567	0.00518	0.00500
8	0.01971	0.02203	0.02137	0.01712	0.02124	0.40659	0.20164	0.18094	0.01817	0.02035	0.01082	0.01262	0.00837	0.00593	0.00579	0.00167	0.00940	0.00489	0.00361	0.00773
9	0.01169	0.01065	0.01750	0.26526	0.33418	0.01135	0.01407	0.01510	0.01357	0.01881	0.20600	0.02235	0.02071	0.00714	0.00606	0.00182	0.00609	0.00657	0.00371	0.00736
10	0.01836	0.01588	0.02083	0.03037	0.02100	0.07082	0.20121	0.32300	0.16078	0.05437	0.01515	0.01589	0.01107	0.00653	0.00607	0.00183	0.00721	0.00583	0.00487	0.00893
11	0.01440	0.02647	0.56954	0.01574	0.02330	0.01469	0.01875	0.20743	0.01622	0.02319	0.01136	0.01272	0.00803	0.00591	0.00560	0.00182	0.00802	0.00454	0.00334	0.00893
12	0.01572	0.01552	0.02907	0.02110	0.02649	0.01528	0.52568	0.20727	0.01721	0.02323	0.01295	0.03860	0.01000	0.00585	0.00661	0.00192	0.00872	0.00673	0.00377	0.00829
13	0.01967	0.01135	0.01687	0.01254	0.01726	0.01014	0.12755	0.05358	0.01511	0.38412	0.01679	0.01655	0.01149	0.00618	0.00616	0.00161	0.03787	0.00533	0.00527	0.22456
14	0.58782	0.01279	0.01127	0.00940	0.01332	0.01457	0.00775	0.23795	0.01523	0.02932	0.00989	0.01083	0.00740	0.00588	0.00428	0.00178	0.00508	0.00379	0.00428	0.00740
15	0.01144	0.01096	0.01754	0.58089	0.03356	0.01420	0.01525	0.01463	0.01091	0.01463	0.00963	0.01478	0.00772	0.00696	0.00929	0.00210	0.21136	0.00515	0.00257	0.00643
16	0.05874	0.02522	0.01627	0.01440	0.01768	0.62230	0.01098	0.13275	0.01784	0.01820	0.00971	0.01097	0.00780	0.00612	0.00526	0.00155	0.00959	0.00395	0.00346	0.00720
17	0.02141	0.00886	0.01200	0.00955	0.01323	0.00775	0.00775	0.02379	0.01660	0.56952	0.21505	0.02599	0.02500	0.00843	0.00611	0.00181	0.00437	0.00707	0.00699	0.00874
18	0.00744	0.00521	0.00664	0.00764	0.00789	0.00496	0.00491	0.00819	0.01043	0.01391	0.02845	0.59438	0.03392	0.22187	0.01323	0.00322	0.00397	0.01442	0.00491	0.00441
19	0.00902	0.00701	0.00842	0.00908	0.01019	0.00728	0.00640	0.01407	0.20438	0.01733	0.02986	0.59009	0.03304	0.01551	0.00703	0.00226	0.00370	0.01392	0.00553	0.00590
20	0.01923	0.01579	0.02149	0.01616	0.02101	0.01684	0.20138	0.48798	0.08790	0.03083	0.01425	0.01510	0.01031	0.00652	0.00610	0.00182	0.00713	0.00578	0.00507	0.00929
21	0.01369	0.59127	0.02415	0.00901	0.01268	0.01846	0.00827	0.01507	0.01094	0.01305	0.01077	0.01685	0.01105	0.21209	0.01051	0.00239	0.00607	0.00451	0.00276	0.00643
22	0.00687	0.00589	0.00589	0.00589	0.00785	0.00491	0.00442	0.00835	0.01325	0.01571	0.05891	0.05596	0.75700	0.01473	0.00687	0.00196	0.00295	0.01227	0.00540	0.00491
23	0.05475	0.02087	0.01590	0.01348	0.01710	0.37603	0.01055	0.30667	0.05069	0.02436	0.01198	0.01279	0.00915	0.00647	0.00538	0.00162	0.00802	0.00450	0.04167	0.00801
24	0.01439	0.01382	0.02360	0.03569	0.75936	0.01382	0.01785	0.01785	0.01324	0.01900	0.01094	0.01439	0.00921	0.00518	0.00576	0.00173	0.00691	0.00518	0.00288	0.00921
25	0.83671	0.01125	0.00855	0.00765	0.01125	0.01305	0.00630	0.01709	0.00990	0.02609	0.00810	0.00945	0.00630	0.00540	0.00360	0.00180	0.00450	0.00315	0.00360	0.00630
26	0.01420	0.01069	0.01684	0.05585	0.37897	0.01059	0.01264	0.01743	0.04652	0.13653	0.01893	0.21929	0.01802	0.00907	0.00622	0.00193	0.00560	0.00832	0.00435	0.00802
27	0.01347	0.01287	0.02193	0.23799	0.56429	0.01357	0.01739	0.01704	0.01280	0.01788	0.01078	0.01469	0.00882	0.00535	0.00577	0.00178	0.00714	0.00518	0.00280	0.00847

[dist]
# distance from previous block
# <min> <max>
0	4

[block]
# block no. 1 follows, 40 sequences, length 11
# corresponding to MSA columns:
# 53-63
name=unknown_B
#
# <colnr> <probs for GDERKNQSTAVLIFYWHMCP>
#	G	D	E	R	K	N	Q	S	T	A	V	L	I	F	Y	W	H	M	C	P
0	0.00778	0.00593	0.00716	0.00685	0.00841	0.00530	0.00514	0.01011	0.01541	0.02082	0.52742	0.04755	0.28530	0.01282	0.00686	0.00187	0.00281	0.01109	0.00607	0.00530
1	0.01251	0.01052	0.01145	0.01084	0.01335	0.01188	0.00819	0.02485	0.55318	0.02181	0.02589	0.22597	0.02324	0.01063	0.00632	0.00208	0.00428	0.00922	0.00578	0.00802
2	0.02172	0.02772	0.01648	0.01498	0.01798	0.77228	0.01124	0.02322	0.01648	0.01423	0.00899	0.01049	0.00749	0.00599	0.00524	0.00150	0.01049	0.00375	0.00300	0.00674
3	0.01361	0.58875	0.02445	0.00925	0.01327	0.01836	0.00877	0.01571	0.01305	0.01624	0.20654	0.01838	0.02004	0.00681	0.00456	0.00140	0.00530	0.00507	0.00353	0.00694
4	0.01189	0.01126	0.01908	0.58380	0.23084	0.01316	0.01660	0.01565	0.01206	0.01596	0.01050	0.01521	0.00814	0.00565	0.00580	0.00188	0.00753	0.00517	0.00266	0.00719
5	0.02211	0.01629	0.01745	0.01338	0.01803	0.01803	0.01105	0.73997	0.02734	0.03665	0.01396	0.01396	0.00989	0.00698	0.00582	0.00175	0.00640	0.00524	0.00582	0.00989
6	0.07133	0.00990	0.04753	0.00930	0.01326	0.00811	0.00794	0.02185	0.01511	0.48263	0.03094	0.02837	0.21051	0.00900	0.00596	0.00184	0.00457	0.00731	0.00626	0.00828
7	0.01068	0.00916	0.01042	0.00789	0.01221	0.00700	0.00623	0.01297	0.01238	0.01809	0.02322	0.02370	0.20711	0.00707	0.00499	0.00115	0.00395	0.00579	0.00396	0.61202
8	0.01125	0.00866	0.00942	0.00823	0.01076	0.00853	0.00644	0.20305	0.01778	0.02314	0.21901	0.04173	0.38564	0.01197	0.00659	0.00187	0.00381	0.00997	0.00576	0.00637
9	0.00726	0.00519	0.00671	0.00780	0.00821	0.00485	0.00517	0.00826	0.01117	0.01487	0.06177	0.65432	0.06715	0.09624	0.00961	0.00265	0.00356	0.01529	0.00525	0.00464
10	0.01555	0.79913	0.03047	0.00995	0.01493	0.02301	0.00995	0.01741	0.01182	0.01368	0.00808	0.00933	0.00746	0.00498	0.00373	0.00124	0.00622	0.00311	0.00249	0.00746

[dist]
# distance from previous block
# <min> <max>
4	29

[block]
# block no. 2 follows, 40 sequences, length 29
# corresponding to MSA columns:
# 118-146
name=unknown_C
#
# <colnr> <probs for GDERKNQSTAVLIFYWHMCP>
#	G	D	E	R	K	N	Q	S	T	A	V	L	I	F	Y	W	H	M	C	P
0	0.52374	0.01076	0.00966	0.00852	0.01170	0.01217	0.00688	0.12710	0.01309	0.02591	0.05097	0.05810	0.01223	0.00916	0.05192	0.00227	0.00522	0.00494	0.04906	0.00660
1	0.51538	0.01134	0.01034	0.00893	0.01228	0.01273	0.00719	0.16870	0.01396	0.04279	0.04300	0.06091	0.01149	0.00765	0.00553	0.04698	0.00480	0.00489	0.00432	0.00680
2	0.48623	0.01231	0.01270	0.01127	0.05432	0.01351	0.04821	0.16689	0.01395	0.02626	0.01038	0.01277	0.00831	0.05074	0.00588	0.00196	0.00537	0.00422	0.00397	0.05073
3	0.48006	0.01341	0.05227	0.01089	0.05439	0.05619	0.00864	0.11550	0.01383	0.03827	0.09531	0.01462	0.01278	0.00642	0.00463	0.00178	0.00526	0.00453	0.00415	0.00707
4	0.52243	0.01359	0.05314	0.01154	0.05347	0.05497	0.05018	0.07878	0.01246	0.03654	0.01086	0.05922	0.00915	0.00636	0.00456	0.00182	0.00558	0.00461	0.00379	0.00696
5	0.26089	0.06010	0.01410	0.01094	0.01457	0.14811	0.00880	0.24974	0.01732	0.05700	0.05088	0.01489	0.01146	0.05004	0.00631	0.00191	0.00625	0.00472	0.00444	0.00755
6	0.05469	0.00730	0.03968	0.04838	0.00990	0.00689	0.00573	0.01013	0.02234	0.01329	0.01800	0.11592	0.01988	0.48646	0.06856	0.05043	0.00612	0.00835	0.00360	0.00433
7	0.64491	0.01276	0.05029	0.01023	0.05535	0.01329	0.00817	0.07590	0.01172	0.02584	0.00895	0.01036	0.00691	0.00547	0.00403	0.00175	0.00500	0.00351	0.00367	0.04188
8	0.69159	0.01127	0.00975	0.00922	0.04325	0.01282	0.00704	0.05791	0.01105	0.04217	0.00900	0.01060	0.00702	0.00634	0.00492	0.04757	0.00475	0.00352	0.00372	0.00650
9	0.66886	0.01121	0.00985	0.00955	0.05420	0.01255	0.00713	0.04502	0.01096	0.02511	0.00991	0.05266	0.00848	0.00609	0.00406	0.00177	0.00464	0.00409	0.00374	0.05012
10	0.61626	0.01104	0.00969	0.00840	0.01201	0.01234	0.00686	0.04454	0.05367	0.11695	0.05177	0.01343	0.01072	0.00617	0.00426	0.00181	0.00453	0.00415	0.00440	0.00699
11	0.01255	0.01050	0.01218	0.00895	0.01381	0.00837	0.00713	0.06930	0.01317	0.02007	0.01179	0.05460	0.01033	0.00527	0.00459	0.00101	0.00441	0.00429	0.00373	0.72395
12	0.12302	0.01079	0.01202	0.00890	0.01378	0.00914	0.00718	0.06077	0.01303	0.07183	0.01112	0.01236	0.00878	0.00481	0.00441	0.00110	0.00451	0.00368	0.00387	0.61489
13	0.74159	0.01144	0.00934	0.00813	0.01184	0.01304	0.00670	0.05771	0.01128	0.07228	0.00934	0.01034	0.00700	0.00560	0.00386	0.00180	0.00463	0.00343	0.00394	0.00672
14	0.00749	0.00523	0.00705	0.00822	0.00868	0.00493	0.00569	0.00853	0.01141	0.01526	0.07189	0.65216	0.03747	0.01780	0.00827	0.04740	0.00358	0.06894	0.00530	0.00470
15	0.79185	0.01227	0.04971	0.00813	0.01200	0.01307	0.00712	0.01717	0.01003	0.02567	0.00822	0.00960	0.00636	0.00541	0.00370	0.00180	0.00472	0.00321	0.00354	0.00642
16	0.83671	0.01125	0.00855	0.00765	0.01125	0.01305	0.00630	0.01709	0.00990	0.02609	0.00810	0.00945	0.00630	0.00540	0.00360	0.00180	0.00450	0.00315	0.00360	0.00630
17	0.00709	0.00506	0.00675	0.00810	0.00843	0.00472	0.00540	0.00810	0.01113	0.01484	0.03205	0.79184	0.03846	0.01822	0.00742	0.00236	0.00337	0.01653	0.00540	0.00472
18	0.00846	0.00564	0.00634	0.00634	0.00634	0.00564	0.00352	0.00846	0.00846	0.01128	0.01832	0.03805	0.02114	0.79563	0.02960	0.00564	0.00564	0.00846	0.00352	0.00352
19	0.01457	0.01529	0.03289	0.02354	0.02933	0.01429	0.68841	0.01929	0.01392	0.06948	0.01253	0.01597	0.00920	0.00506	0.00679	0.00195	0.00947	0.00679	0.00323	0.00798
20	0.28508	0.01080	0.01221	0.00971	0.01393	0.01069	0.00801	0.07779	0.01528	0.47338	0.01752	0.01605	0.01147	0.00661	0.00513	0.00180	0.00491	0.00494	0.00594	0.00874
21	0.83671	0.01125	0.00855	0.00765	0.01125	0.01305	0.00630	0.01709	0.00990	0.02609	0.00810	0.00945	0.00630	0.00540	0.00360	0.00180	0.00450	0.00315	0.00360	0.00630
22	0.00923	0.00665	0.00917	0.01044	0.01181	0.00659	0.00909	0.01184	0.01338	0.01731	0.03239	0.06505	0.07456	0.01599	0.00797	0.00264	0.00522	0.68001	0.00536	0.00533
23	0.01206	0.01034	0.01206	0.00861	0.01378	0.00775	0.00689	0.01464	0.01206	0.01895	0.01034	0.01206	0.00861	0.00431	0.00431	0.00086	0.00431	0.00345	0.00345	0.83118
24	0.01413	0.01355	0.02314	0.09227	0.70480	0.01375	0.01772	0.01762	0.01312	0.01868	0.01089	0.01448	0.00910	0.00523	0.00576	0.00174	0.00697	0.00518	0.00286	0.00900
25	0.00709	0.00506	0.00675	0.00810	0.00843	0.00472	0.00540	0.00810	0.01113	0.01484	0.03205	0.79184	0.03846	0.01822	0.00742	0.00236	0.00337	0.01653	0.00540	0.00472
26	0.01124	0.01060	0.01791	0.72508	0.09461	0.01299	0.01628	0.01508	0.01175	0.01517	0.01038	0.01542	0.00786	0.00577	0.00581	0.00192	0.00769	0.00517	0.00261	0.00667
27	0.02211	0.01629	0.01745	0.01338	0.01803	0.01803	0.01105	0.73997	0.02734	0.03665	0.01396	0.01396	0.00989	0.00698	0.00582	0.00175	0.00640	0.00524	0.00582	0.00989
28	0.01775	0.01176	0.01325	0.01141	0.01504	0.01279	0.00902	0.03018	0.54196	0.23315	0.02346	0.02116	0.01680	0.00769	0.00590	0.00192	0.00470	0.00637	0.00628	0.00940

[dist]
# distance from previous block
# <min> <max>
4	12

[block]
# block no. 3 follows, 40 sequences, length 18
# corresponding to MSA columns:
# 161-178
name=unknown_D
#
# <colnr> <probs for GDERKNQSTAVLIFYWHMCP>
#	G	D	E	R	K	N	Q	S	T	A	V	L	I	F	Y	W	H	M	C	P
0	0.74684	0.01067	0.00846	0.00761	0.01097	0.01223	0.00621	0.01643	0.01061	0.02579	0.08925	0.01313	0.01157	0.00610	0.00395	0.00180	0.00431	0.00395	0.00390	0.00621
1	0.62307	0.01290	0.01004	0.00871	0.01244	0.09596	0.00704	0.01826	0.01124	0.07068	0.00933	0.01044	0.00714	0.00548	0.00398	0.00168	0.00517	0.00341	0.00375	0.07927
2	0.03846	0.01452	0.01642	0.01272	0.01698	0.01572	0.03775	0.56891	0.02447	0.06742	0.09683	0.01826	0.02940	0.00757	0.00594	0.00177	0.00595	0.00600	0.00578	0.00915
3	0.01098	0.01034	0.01744	0.78165	0.04005	0.01292	0.01615	0.01486	0.01163	0.01486	0.01034	0.01550	0.00775	0.00581	0.00581	0.00194	0.00775	0.00517	0.00258	0.00646
4	0.11955	0.01053	0.01208	0.00909	0.01378	0.00903	0.00735	0.05329	0.01352	0.18341	0.01346	0.03063	0.01030	0.00551	0.00470	0.00126	0.00455	0.00431	0.00444	0.48920
5	0.01315	0.01098	0.01264	0.00913	0.01424	0.00887	0.00734	0.09332	0.01372	0.02087	0.01073	0.01226	0.00875	0.00460	0.00447	0.00096	0.00453	0.00364	0.00370	0.74210
6	0.00855	0.00613	0.00739	0.00744	0.00909	0.00549	0.00574	0.01057	0.01418	0.05267	0.25720	0.12318	0.33935	0.01407	0.00704	0.00206	0.00337	0.11534	0.00577	0.00536
7	0.00829	0.00621	0.00773	0.00819	0.00924	0.00581	0.00561	0.01041	0.05909	0.01571	0.04354	0.55756	0.03231	0.10020	0.00937	0.00251	0.00379	0.01343	0.00504	0.09597
8	0.01217	0.01068	0.01351	0.00965	0.01486	0.00820	0.05450	0.01490	0.01217	0.01893	0.01043	0.01229	0.00863	0.00435	0.00447	0.00093	0.00466	0.00367	0.00341	0.77758
9	0.01317	0.01099	0.01265	0.00914	0.01425	0.00888	0.00735	0.09457	0.01374	0.02090	0.01074	0.01227	0.00875	0.00460	0.00447	0.00096	0.00454	0.00364	0.00371	0.74068
10	0.80408	0.01199	0.03849	0.00800	0.01180	0.01306	0.00690	0.01715	0.00999	0.02579	0.00819	0.00956	0.00634	0.00540	0.00367	0.00180	0.00466	0.00319	0.00355	0.00639
11	0.67467	0.04992	0.01057	0.00832	0.01213	0.01334	0.00694	0.05527	0.01155	0.09889	0.00986	0.01069	0.00734	0.00564	0.00394	0.00177	0.00472	0.00352	0.00401	0.00689
12	0.01089	0.00976	0.01637	0.69769	0.03653	0.01207	0.01495	0.01407	0.01119	0.01434	0.01031	0.01574	0.00801	0.00737	0.00765	0.09184	0.00746	0.00516	0.00258	0.00603
13	0.02053	0.01213	0.01411	0.01098	0.01507	0.01216	0.00883	0.30913	0.04774	0.27815	0.01746	0.01868	0.01282	0.09370	0.00828	0.00210	0.00552	0.00565	0.00577	0.10117
14	0.08950	0.01145	0.01267	0.01069	0.01449	0.01202	0.00853	0.05388	0.37413	0.19983	0.02104	0.02021	0.02819	0.00735	0.00557	0.00180	0.00470	0.01867	0.00572	0.09957
15	0.12567	0.01508	0.01545	0.01214	0.01652	0.06456	0.00995	0.45600	0.02224	0.18307	0.01474	0.01436	0.01021	0.00676	0.00551	0.00175	0.00613	0.00500	0.00564	0.00923
16	0.02191	0.01029	0.01325	0.00998	0.01467	0.00872	0.00818	0.05430	0.01578	0.52010	0.01896	0.01734	0.01255	0.00636	0.00541	0.00153	0.00483	0.00514	0.00607	0.24463
17	0.01549	0.01387	0.02161	0.12490	0.52204	0.01454	0.01629	0.16069	0.01584	0.02198	0.01146	0.01445	0.00916	0.00562	0.00578	0.00176	0.00691	0.00519	0.00342	0.00900

[dist]
# distance from previous block
# <min> <max>
0	16

[block]
# block no. 4 follows, 40 sequences, length 11
# corresponding to MSA columns:
# 196-206
name=unknown_E
#
# <colnr> <probs for GDERKNQSTAVLIFYWHMCP>
#	G	D	E	R	K	N	Q	S	T	A	V	L	I	F	Y	W	H	M	C	P
0	0.35484	0.01423	0.01381	0.01104	0.01526	0.01600	0.00911	0.44470	0.02022	0.03234	0.01157	0.01212	0.00842	0.00633	0.00491	0.00177	0.00562	0.00438	0.00491	0.00842
1	0.66002	0.01077	0.00924	0.00798	0.01165	0.01187	0.00653	0.01787	0.01109	0.10604	0.04862	0.01248	0.00983	0.00587	0.00405	0.00175	0.00445	0.00384	0.00413	0.05192
2	0.01299	0.01011	0.01181	0.00886	0.01336	0.00827	0.00706	0.07616	0.01399	0.06138	0.07316	0.03671	0.05221	0.00617	0.00493	0.00116	0.00430	0.00507	0.00424	0.58807
3	0.44805	0.01080	0.01027	0.00819	0.01249	0.01058	0.00666	0.01659	0.01114	0.05842	0.00976	0.01105	0.00767	0.00502	0.00401	0.00140	0.00444	0.00340	0.00371	0.35635
4	0.01131	0.01067	0.01804	0.70908	0.11003	0.01301	0.01631	0.01515	0.01178	0.01526	0.01039	0.01540	0.00789	0.00575	0.00581	0.00192	0.00767	0.00517	0.00261	0.00673
5	0.07854	0.00603	0.00659	0.00670	0.00706	0.00614	0.00402	0.00914	0.00896	0.01304	0.01940	0.14248	0.02234	0.61838	0.02425	0.00485	0.00522	0.00915	0.00380	0.00393
6	0.01224	0.01092	0.01449	0.01035	0.01559	0.00851	0.08672	0.01508	0.01224	0.01891	0.01049	0.01245	0.00864	0.00437	0.00459	0.00098	0.00491	0.00382	0.00339	0.74131
7	0.38449	0.00928	0.00932	0.00817	0.01116	0.00979	0.00653	0.01752	0.04473	0.14998	0.26402	0.02320	0.02457	0.00800	0.00518	0.00182	0.00399	0.00624	0.00525	0.00676
8	0.01469	0.01006	0.01192	0.00899	0.01351	0.00825	0.00720	0.06805	0.01408	0.15748	0.01844	0.04612	0.08366	0.00655	0.00506	0.00126	0.00441	0.00535	0.00457	0.51037
9	0.01775	0.01371	0.01511	0.01131	0.01619	0.01358	0.00925	0.42562	0.02072	0.02898	0.01239	0.01314	0.00934	0.00582	0.00516	0.00136	0.00549	0.00446	0.00479	0.36583
10	0.01548	0.01046	0.01221	0.00947	0.01377	0.00926	0.00758	0.10229	0.07736	0.16866	0.02042	0.04567	0.09338	0.00710	0.00531	0.00142	0.00452	0.00580	0.00495	0.38486

[dist]
# distance from previous block
# <min> <max>
0	2

[block]
# block no. 5 follows, 40 sequences, length 6
# corresponding to MSA columns:
# 209-214
name=unknown_F
#
# <colnr> <probs for GDERKNQSTAVLIFYWHMCP>
#	G	D	E	R	K	N	Q	S	T	A	V	L	I	F	Y	W	H	M	C	P
0	0.05595	0.01376	0.01849	0.01475	0.01752	0.08658	0.13632	0.01710	0.01173	0.08247	0.01054	0.01367	0.00872	0.00839	0.03371	0.00216	0.31675	0.00500	0.00329	0.14307
1	0.17168	0.01078	0.01618	0.57493	0.08878	0.01301	0.01436	0.01552	0.01141	0.01735	0.00995	0.01424	0.00758	0.00569	0.00538	0.00190	0.00706	0.00478	0.00280	0.00664
2	0.18297	0.01497	0.01510	0.09352	0.01866	0.06625	0.01044	0.38809	0.10572	0.02930	0.01321	0.01389	0.00970	0.00658	0.00535	0.00179	0.00622	0.00487	0.00486	0.00852
3	0.39092	0.01429	0.01230	0.07812	0.01614	0.13602	0.00864	0.10419	0.01359	0.02320	0.00953	0.01114	0.00745	0.00553	0.00445	0.00159	0.00595	0.00373	0.00365	0.14957
4	0.01755	0.00989	0.01231	0.00942	0.01382	0.00833	0.00759	0.02098	0.06585	0.32137	0.08790	0.01887	0.01603	0.00646	0.00529	0.00141	0.00444	0.00532	0.00542	0.36179
5	0.01280	0.00996	0.01249	0.09081	0.01648	0.00826	0.00824	0.01550	0.01250	0.07696	0.01326	0.01808	0.01132	0.00580	0.00494	0.00122	0.00482	0.07145	0.00383	0.60128

[dist]
# distance from previous block
# <min> <max>
6	17

[block]
# block no. 6 follows, 40 sequences, length 7
# corresponding to MSA columns:
# 232-238
name=unknown_G
#
# <colnr> <probs for GDERKNQSTAVLIFYWHMCP>
#	G	D	E	R	K	N	Q	S	T	A	V	L	I	F	Y	W	H	M	C	P
0	0.01343	0.01280	0.01268	0.00951	0.01438	0.11597	0.00751	0.01586	0.01268	0.01828	0.01015	0.01184	0.00845	0.00455	0.00444	0.00095	0.00518	0.00349	0.00338	0.71449
1	0.08891	0.51203	0.06116	0.01105	0.01582	0.10897	0.01047	0.10125	0.01400	0.01771	0.00898	0.01015	0.00764	0.00539	0.00422	0.00141	0.00670	0.00349	0.00303	0.00761
2	0.03259	0.00831	0.00960	0.00866	0.01050	0.00858	0.00638	0.09804	0.11315	0.07115	0.24498	0.06121	0.02982	0.23863	0.01313	0.00298	0.00454	0.02621	0.00535	0.00621
3	0.29476	0.01330	0.01340	0.01056	0.01495	0.01408	0.00865	0.32572	0.01823	0.07055	0.01204	0.01271	0.00890	0.00612	0.00489	0.00165	0.00537	0.00431	0.00479	0.15503
4	0.09410	0.01404	0.01569	0.10069	0.01917	0.01550	0.01067	0.46061	0.05397	0.09907	0.01468	0.01523	0.01049	0.00689	0.00563	0.00181	0.00607	0.00523	0.04142	0.00904
5	0.08866	0.01291	0.01970	0.26544	0.37777	0.01405	0.01554	0.10006	0.01418	0.02055	0.01105	0.01453	0.00876	0.00575	0.00567	0.00184	0.00696	0.00507	0.00326	0.00826
6	0.01450	0.01122	0.01573	0.01138	0.01656	0.00902	0.11644	0.01732	0.01308	0.12445	0.01254	0.01398	0.00966	0.00495	0.00500	0.00120	0.00529	0.00437	0.00397	0.58934

[dist]
# distance from previous block
# <min> <max>
0	21

[block]
# block no. 7 follows, 40 sequences, length 7
# corresponding to MSA columns:
# 260-266
name=unknown_H
#
# <colnr> <probs for GDERKNQSTAVLIFYWHMCP>
#	G	D	E	R	K	N	Q	S	T	A	V	L	I	F	Y	W	H	M	C	P
0	0.01549	0.01023	0.01241	0.00904	0.01404	0.00795	0.00730	0.01799	0.01318	0.20097	0.01342	0.01395	0.01003	0.00501	0.00468	0.00109	0.00446	0.00403	0.00436	0.63037
1	0.01235	0.01026	0.01194	0.00895	0.01356	0.00827	0.00707	0.07307	0.01321	0.01996	0.01293	0.09488	0.01188	0.00600	0.00476	0.00109	0.00438	0.00498	0.00385	0.67663
2	0.01372	0.01086	0.01457	0.01048	0.01565	0.00857	0.08460	0.01652	0.01272	0.09783	0.01182	0.01326	0.00925	0.00468	0.00474	0.00108	0.00496	0.00406	0.00379	0.65683
3	0.00864	0.00650	0.00821	0.00740	0.00929	0.00574	0.00560	0.01129	0.01571	0.02231	0.61931	0.04017	0.09086	0.01109	0.00653	0.00171	0.00296	0.00972	0.00596	0.11101
4	0.01206	0.01034	0.01206	0.00861	0.01378	0.00775	0.00689	0.01464	0.01206	0.01895	0.01034	0.01206	0.00861	0.00431	0.00431	0.00086	0.00431	0.00345	0.00345	0.83118
5	0.02180	0.02554	0.01666	0.01468	0.01799	0.62884	0.01120	0.15953	0.01855	0.01850	0.00993	0.01115	0.00795	0.00618	0.00535	0.00155	0.00971	0.00403	0.00353	0.00734
6	0.01464	0.01228	0.01293	0.01140	0.01472	0.01391	0.00893	0.11915	0.57863	0.02499	0.02616	0.02434	0.09511	0.00850	0.00601	0.00194	0.00466	0.00701	0.00585	0.00884

[dist]
# distance from previous block
# <min> <max>
5	329

# created by:
# /software/SequenceAnalysis/GenePrediction/augustus/3.0.1/scripts/msa2prfl.pl ./fixed/BUSCOvEOG780KBM.fas
