[name]
unknown

[dist]
# distance from previous block
# <min> <max>
0	70

[block]
# block no. 0 follows, 41 sequences, length 98
# corresponding to MSA columns:
# 70-167
name=unknown_A
#
# <colnr> <probs for GDERKNQSTAVLIFYWHMCP>
#	G	D	E	R	K	N	Q	S	T	A	V	L	I	F	Y	W	H	M	C	P
0	0.01429	0.02564	0.61907	0.01509	0.02274	0.01231	0.01860	0.02005	0.01293	0.16701	0.01271	0.01355	0.00862	0.00576	0.00550	0.00180	0.00774	0.00453	0.00334	0.00871
1	0.00799	0.00584	0.00750	0.00708	0.00848	0.00535	0.00531	0.01059	0.01594	0.02234	0.70416	0.04371	0.11047	0.01192	0.00675	0.00181	0.00271	0.01048	0.00622	0.00535
2	0.01350	0.01543	0.03375	0.02411	0.02989	0.01446	0.74253	0.01832	0.01350	0.01832	0.01157	0.01543	0.00868	0.00482	0.00675	0.00193	0.00964	0.00675	0.00289	0.00771
3	0.01325	0.01532	0.12376	0.14634	0.51779	0.01346	0.05265	0.01722	0.01268	0.01797	0.01064	0.01410	0.00858	0.00522	0.00569	0.00176	0.00728	0.00506	0.00273	0.00850
4	0.01308	0.01391	0.07260	0.07510	0.50207	0.01283	0.10865	0.01674	0.01283	0.01807	0.01280	0.05696	0.01144	0.00630	0.00598	0.00183	0.00706	0.04043	0.00304	0.00828
5	0.01719	0.00888	0.01124	0.00948	0.01257	0.00852	0.00754	0.02234	0.16219	0.35614	0.26983	0.02851	0.02851	0.00893	0.00614	0.00183	0.00408	0.02148	0.00653	0.00806
6	0.02220	0.01529	0.01671	0.01281	0.01737	0.01665	0.01058	0.66071	0.02567	0.12130	0.01476	0.01440	0.01024	0.00689	0.00573	0.00172	0.00613	0.00522	0.00588	0.00973
7	0.00787	0.00613	0.00868	0.12215	0.01307	0.00649	0.00711	0.00924	0.01078	0.01438	0.02652	0.60271	0.03103	0.05755	0.00879	0.00244	0.04183	0.01366	0.00467	0.00491
8	0.00823	0.00551	0.00626	0.00635	0.00637	0.00549	0.00359	0.00830	0.00849	0.01132	0.01890	0.08669	0.02190	0.74821	0.02770	0.00534	0.00540	0.00883	0.00359	0.00354
9	0.02021	0.01885	0.01530	0.01291	0.01633	0.31816	0.01005	0.32522	0.01999	0.07215	0.01375	0.06619	0.01149	0.04533	0.00673	0.00185	0.00757	0.00550	0.00457	0.00785
10	0.00865	0.00632	0.00806	0.00887	0.00981	0.00628	0.00649	0.05427	0.05076	0.01711	0.05715	0.55823	0.03487	0.01614	0.00721	0.00230	0.00386	0.13291	0.00539	0.00531
11	0.01228	0.01304	0.03663	0.01996	0.07113	0.01292	0.42445	0.01685	0.05674	0.01723	0.01278	0.01705	0.01041	0.01400	0.18176	0.00360	0.06255	0.00633	0.00307	0.00721
12	0.01052	0.00792	0.00967	0.00971	0.01149	0.00819	0.00777	0.09178	0.11701	0.02049	0.14882	0.18691	0.06819	0.01339	0.00702	0.00221	0.00437	0.26281	0.00557	0.00615
13	0.06769	0.45846	0.21923	0.01144	0.01687	0.04670	0.01231	0.01760	0.03159	0.01625	0.04781	0.01203	0.00992	0.00553	0.00439	0.00147	0.00656	0.00385	0.00282	0.00747
14	0.00696	0.00543	0.00633	0.00702	0.00816	0.00481	0.00500	0.00823	0.01204	0.01511	0.04421	0.40972	0.38627	0.01618	0.00706	0.00215	0.00319	0.04205	0.00531	0.00476
15	0.01863	0.01323	0.01439	0.01158	0.01524	0.01445	0.00930	0.49242	0.09698	0.06866	0.01708	0.07719	0.01380	0.04678	0.00689	0.00195	0.00553	0.00635	0.06088	0.00866
16	0.56997	0.01147	0.01023	0.00866	0.01223	0.01285	0.00703	0.14699	0.01326	0.08840	0.01088	0.01282	0.00847	0.05885	0.00583	0.00201	0.00487	0.00403	0.00422	0.00694
17	0.01048	0.00685	0.00855	0.00888	0.01022	0.00680	0.00634	0.01433	0.14402	0.10547	0.02899	0.56518	0.03139	0.01482	0.00685	0.00219	0.00372	0.01327	0.00561	0.00604
18	0.00695	0.00579	0.00607	0.00602	0.00785	0.00491	0.00451	0.00857	0.01345	0.01649	0.15604	0.06401	0.65140	0.01414	0.00677	0.00192	0.00288	0.01189	0.00545	0.00491
19	0.01186	0.01017	0.01186	0.00847	0.01356	0.00762	0.00678	0.01440	0.01186	0.01864	0.01017	0.01186	0.00847	0.00424	0.00424	0.00085	0.00424	0.00339	0.00339	0.83395
20	0.43135	0.01354	0.01278	0.01034	0.01439	0.01528	0.00853	0.37982	0.01830	0.03085	0.01084	0.01151	0.00796	0.00609	0.00463	0.00174	0.00536	0.00412	0.00463	0.00796
21	0.00708	0.00515	0.00669	0.00778	0.00835	0.00476	0.00533	0.00826	0.01151	0.01524	0.07650	0.66206	0.10679	0.01718	0.00723	0.00226	0.00329	0.03445	0.00537	0.00472
22	0.00765	0.00571	0.00711	0.00701	0.00834	0.00517	0.00516	0.00984	0.01477	0.02016	0.50696	0.15301	0.20171	0.01318	0.00683	0.00190	0.00283	0.01156	0.00595	0.00517
23	0.01567	0.01132	0.01291	0.01078	0.01387	0.01204	0.00879	0.39427	0.02140	0.04218	0.26591	0.02990	0.02752	0.00961	0.00634	0.00186	0.00494	0.09707	0.00588	0.00772
24	0.01704	0.01166	0.01302	0.01128	0.01481	0.01280	0.00889	0.02978	0.57195	0.20660	0.02310	0.02088	0.01665	0.00759	0.00580	0.00190	0.00461	0.00629	0.00613	0.00922
25	0.00781	0.00533	0.00639	0.00689	0.00702	0.00520	0.00417	0.00818	0.00932	0.01242	0.02314	0.32485	0.02726	0.50274	0.02084	0.00432	0.00470	0.01133	0.00417	0.00391
26	0.00721	0.00570	0.00652	0.00679	0.00827	0.00502	0.00506	0.00887	0.01319	0.01670	0.17154	0.19483	0.44874	0.01476	0.00694	0.00203	0.00312	0.06429	0.00548	0.00492
27	0.00700	0.00504	0.00658	0.00780	0.00820	0.00468	0.00520	0.00799	0.01098	0.01454	0.03253	0.73246	0.07601	0.04162	0.00794	0.00240	0.00336	0.01579	0.00525	0.00462
28	0.00750	0.00539	0.00711	0.00760	0.00841	0.00500	0.00535	0.00930	0.01343	0.01854	0.37573	0.43982	0.04545	0.01498	0.00704	0.00208	0.00303	0.01347	0.00578	0.00500
29	0.02191	0.01434	0.01596	0.01239	0.01681	0.01543	0.01018	0.52726	0.08933	0.19152	0.01647	0.01564	0.01137	0.00699	0.00574	0.00175	0.00583	0.00540	0.00602	0.00967
30	0.01316	0.02389	0.01300	0.01159	0.01329	0.18674	0.00913	0.07791	0.01272	0.01578	0.01658	0.04110	0.08248	0.02100	0.28085	0.00449	0.16073	0.00607	0.00343	0.00607
31	0.16795	0.01513	0.01560	0.01215	0.01654	0.01686	0.01004	0.61415	0.02382	0.03419	0.01270	0.01294	0.00910	0.00659	0.00533	0.00173	0.00596	0.00478	0.00533	0.00910
32	0.01504	0.75219	0.07804	0.01021	0.01534	0.02203	0.01052	0.01719	0.01165	0.01376	0.00810	0.00936	0.00733	0.00493	0.00378	0.00126	0.00627	0.00313	0.00244	0.00741
33	0.01206	0.01222	0.01905	0.26771	0.02495	0.04783	0.12781	0.01478	0.01078	0.01474	0.01009	0.02721	0.00876	0.01039	0.07287	0.00271	0.30142	0.00552	0.00269	0.00642
34	0.16747	0.01071	0.01625	0.19470	0.04282	0.01239	0.13138	0.01504	0.01094	0.01806	0.01112	0.01509	0.00905	0.00949	0.07331	0.00252	0.13608	0.00509	0.11210	0.00637
35	0.83938	0.01106	0.00841	0.00752	0.01106	0.01283	0.00619	0.01681	0.00973	0.02566	0.00796	0.00929	0.00619	0.00531	0.00354	0.00177	0.00442	0.00310	0.00354	0.00619
36	0.01080	0.01017	0.01716	0.78523	0.03940	0.01271	0.01589	0.01461	0.01144	0.01461	0.01017	0.01525	0.00762	0.00572	0.00572	0.00191	0.00762	0.00508	0.00254	0.00635
37	0.01416	0.01359	0.02322	0.03511	0.76330	0.01359	0.01755	0.01755	0.01302	0.01869	0.01076	0.01416	0.00906	0.00510	0.00566	0.00170	0.00680	0.00510	0.00283	0.00906
38	0.03361	0.00653	0.00812	0.00864	0.04856	0.00634	0.00559	0.01055	0.01132	0.06031	0.11305	0.15723	0.16885	0.25992	0.01470	0.04310	0.02426	0.00982	0.00456	0.00492
39	0.01687	0.01160	0.01342	0.01013	0.01482	0.01065	0.00821	0.18393	0.08235	0.16175	0.01444	0.01454	0.01061	0.00567	0.00500	0.00131	0.00485	0.00450	0.00482	0.42050
40	0.00744	0.00563	0.00698	0.00786	0.00896	0.00517	0.00593	0.00898	0.01217	0.01549	0.03998	0.37456	0.27615	0.01627	0.00727	0.00227	0.00365	0.18509	0.00530	0.00486
41	0.00727	0.00570	0.00658	0.00659	0.00810	0.00501	0.00486	0.00912	0.01390	0.01806	0.30966	0.14966	0.40722	0.01393	0.00683	0.00194	0.00288	0.01200	0.00567	0.00501
42	0.00809	0.00590	0.00773	0.00859	0.00953	0.00554	0.00625	0.02852	0.01183	0.01589	0.02941	0.59177	0.03425	0.01633	0.00716	0.00226	0.00381	0.14156	0.00518	0.06040
43	0.01651	0.01273	0.01415	0.01059	0.01533	0.01223	0.00862	0.34214	0.03039	0.03753	0.01232	0.01315	0.00938	0.00556	0.00495	0.00128	0.00514	0.00430	0.02070	0.42302
44	0.01671	0.01187	0.01318	0.01091	0.01408	0.01275	0.00867	0.45225	0.02129	0.04942	0.09450	0.17980	0.02052	0.00965	0.00605	0.00183	0.00505	0.00802	0.05548	0.00796
45	0.00865	0.00592	0.00729	0.00723	0.00874	0.00530	0.00537	0.01057	0.01406	0.06785	0.32627	0.20537	0.25923	0.01366	0.00683	0.00197	0.00310	0.03142	0.00582	0.00535
46	0.83938	0.01106	0.00841	0.00752	0.01106	0.01283	0.00619	0.01681	0.00973	0.02566	0.00796	0.00929	0.00619	0.00531	0.00354	0.00177	0.00442	0.00310	0.00354	0.00619
47	0.07327	0.01248	0.06402	0.01108	0.01546	0.01134	0.00963	0.18044	0.07778	0.40125	0.02022	0.02000	0.03321	0.00742	0.00570	0.00181	0.00532	0.03448	0.00603	0.00906
48	0.00822	0.00530	0.00708	0.00811	0.00872	0.00490	0.00552	0.00930	0.01131	0.06498	0.03093	0.74333	0.03625	0.01719	0.00720	0.00229	0.00342	0.01556	0.00543	0.00499
49	0.05175	0.00781	0.00955	0.00833	0.01113	0.00702	0.00650	0.03827	0.01444	0.32632	0.06512	0.16642	0.24132	0.01129	0.00627	0.00191	0.00394	0.00953	0.00602	0.00704
50	0.01494	0.01215	0.01322	0.01158	0.01433	0.05795	0.00918	0.15318	0.29798	0.06194	0.01809	0.01931	0.02312	0.01624	0.19424	0.00367	0.06029	0.00591	0.00480	0.00787
51	0.01954	0.05903	0.01612	0.01253	0.01634	0.18874	0.01007	0.33394	0.13920	0.07602	0.05945	0.01607	0.01327	0.00699	0.00556	0.00168	0.00660	0.00527	0.00506	0.00853
52	0.00965	0.00661	0.00801	0.00779	0.00943	0.00622	0.00577	0.04115	0.05166	0.07521	0.27142	0.25706	0.20139	0.01337	0.00675	0.00198	0.00332	0.01168	0.00580	0.00574
53	0.05419	0.00739	0.00893	0.00828	0.00943	0.00775	0.00590	0.12221	0.04113	0.01601	0.01585	0.05862	0.05793	0.10856	0.01730	0.44119	0.00499	0.00633	0.00359	0.00441
54	0.00803	0.00578	0.00760	0.00830	0.00894	0.00584	0.00577	0.04384	0.01114	0.01506	0.02635	0.54138	0.03043	0.09200	0.15700	0.00390	0.00597	0.01307	0.00473	0.00487
55	0.01087	0.00667	0.00731	0.00708	0.00856	0.00685	0.00525	0.07896	0.05287	0.02108	0.07031	0.16099	0.02142	0.04780	0.01920	0.00194	0.00356	0.00782	0.45576	0.00572
56	0.01046	0.00683	0.00850	0.00872	0.01024	0.00665	0.00645	0.01396	0.11483	0.10793	0.06097	0.42439	0.10583	0.01441	0.00688	0.00217	0.00378	0.07540	0.00563	0.00598
57	0.00756	0.00553	0.00716	0.00776	0.00870	0.00512	0.00566	0.00934	0.01314	0.01770	0.27340	0.38839	0.12097	0.01527	0.00713	0.00214	0.00328	0.09113	0.00563	0.00498
58	0.02134	0.01396	0.01539	0.01192	0.01616	0.01500	0.00981	0.55535	0.02372	0.15657	0.01567	0.01541	0.01093	0.00688	0.00556	0.00169	0.00571	0.00527	0.08432	0.00931
59	0.00836	0.00634	0.00943	0.06084	0.01177	0.00736	0.00736	0.01032	0.00925	0.01315	0.01525	0.02349	0.01451	0.11639	0.64965	0.00834	0.01382	0.00628	0.00307	0.00503
60	0.00828	0.00553	0.00625	0.00629	0.00630	0.00552	0.00352	0.00831	0.00840	0.01119	0.01842	0.05959	0.02129	0.77615	0.02848	0.00545	0.00548	0.00855	0.00352	0.00350
61	0.02038	0.07336	0.15053	0.01221	0.01734	0.01344	0.01153	0.23074	0.07434	0.31228	0.01682	0.01589	0.01141	0.00662	0.00554	0.00173	0.00598	0.00516	0.00542	0.00928
62	0.00767	0.00517	0.00657	0.00734	0.00753	0.00498	0.00466	0.00804	0.00977	0.01303	0.02519	0.47484	0.02979	0.28342	0.01593	0.07071	0.00421	0.01265	0.00445	0.00407
63	0.01471	0.01347	0.01328	0.01007	0.01478	0.11749	0.00800	0.12690	0.01477	0.02064	0.01052	0.01193	0.00851	0.00487	0.00459	0.00107	0.00541	0.00370	0.00368	0.59161
64	0.00780	0.00580	0.00677	0.00712	0.00795	0.00557	0.00478	0.00951	0.05055	0.01457	0.06481	0.29619	0.20337	0.25248	0.03394	0.00334	0.00424	0.01182	0.00477	0.00461
65	0.01410	0.01433	0.04299	0.01719	0.02122	0.09976	0.35715	0.05596	0.01345	0.06243	0.01318	0.01777	0.01081	0.06460	0.16483	0.00357	0.01011	0.00616	0.00336	0.00703
66	0.00728	0.00520	0.00689	0.00783	0.00829	0.00497	0.00530	0.00846	0.01123	0.01519	0.11234	0.59928	0.03678	0.07928	0.06039	0.00297	0.00422	0.01430	0.00513	0.00467
67	0.00697	0.00498	0.00664	0.00796	0.00830	0.00465	0.00531	0.00796	0.01095	0.01460	0.03153	0.79525	0.03783	0.01792	0.00730	0.00232	0.00332	0.01626	0.00531	0.00465
68	0.00721	0.00571	0.00619	0.00626	0.00763	0.00511	0.00442	0.00839	0.01177	0.01453	0.06016	0.09877	0.50167	0.17649	0.05776	0.00313	0.00421	0.01119	0.00482	0.00457
69	0.12408	0.00896	0.01120	0.00922	0.01275	0.00815	0.00736	0.02148	0.01433	0.46421	0.05687	0.14712	0.01861	0.00869	0.00568	0.00180	0.00441	0.00722	0.00606	0.06181
70	0.02058	0.01397	0.01549	0.01213	0.01625	0.01505	0.00991	0.56670	0.02396	0.12771	0.05454	0.06677	0.01440	0.00786	0.00588	0.00177	0.00573	0.00622	0.00590	0.00917
71	0.01616	0.01262	0.01372	0.01165	0.01509	0.01419	0.00926	0.25553	0.40918	0.04671	0.06764	0.02032	0.01709	0.00983	0.05231	0.00229	0.00563	0.00626	0.00569	0.00881
72	0.00822	0.00559	0.00635	0.00631	0.00654	0.00550	0.00370	0.00855	0.00932	0.01246	0.09258	0.03882	0.06045	0.68339	0.02583	0.00500	0.00514	0.00870	0.00383	0.00372
73	0.00790	0.00622	0.00686	0.00696	0.00855	0.00565	0.00516	0.04649	0.01320	0.01648	0.07499	0.18081	0.46790	0.06859	0.00841	0.00228	0.00348	0.05982	0.00524	0.00501
74	0.32403	0.06428	0.01366	0.01018	0.01407	0.01506	0.00846	0.34250	0.03958	0.02914	0.03307	0.01327	0.01003	0.00631	0.00471	0.00169	0.00522	0.00445	0.05243	0.00786
75	0.26421	0.01101	0.01239	0.00982	0.01400	0.01102	0.00810	0.12561	0.01590	0.44627	0.01703	0.01567	0.01119	0.00653	0.00510	0.00176	0.00494	0.00489	0.00585	0.00869
76	0.00736	0.00514	0.00652	0.00746	0.00770	0.00491	0.00477	0.00807	0.01018	0.01358	0.02758	0.57387	0.03285	0.24609	0.01367	0.00326	0.00397	0.01394	0.00477	0.00430
77	0.03228	0.00573	0.00627	0.00642	0.00727	0.00578	0.00451	0.01124	0.01062	0.01683	0.01959	0.03291	0.01920	0.32383	0.01450	0.00319	0.00419	0.09800	0.37304	0.00460
78	0.83938	0.01106	0.00841	0.00752	0.01106	0.01283	0.00619	0.01681	0.00973	0.02566	0.00796	0.00929	0.00619	0.00531	0.00354	0.00177	0.00442	0.00310	0.00354	0.00619
79	0.23128	0.02068	0.01441	0.01255	0.01600	0.41661	0.00977	0.17697	0.01685	0.02175	0.00967	0.01079	0.00758	0.00595	0.00486	0.00160	0.00794	0.00385	0.00370	0.00719
80	0.00952	0.00712	0.00918	0.00893	0.01044	0.00741	0.00684	0.06533	0.03355	0.01660	0.05775	0.13606	0.05179	0.11235	0.29535	0.00508	0.00853	0.09314	0.00423	0.06081
81	0.16428	0.01126	0.01211	0.01025	0.01397	0.01198	0.00818	0.04491	0.35094	0.21165	0.01991	0.01854	0.02834	0.00702	0.00531	0.00179	0.00459	0.00555	0.00556	0.06386
82	0.01479	0.01216	0.01295	0.01157	0.01486	0.01394	0.00902	0.03027	0.71673	0.06049	0.02325	0.02125	0.01730	0.00773	0.00582	0.00193	0.00454	0.00643	0.00588	0.00909
83	0.00804	0.00543	0.00632	0.00660	0.00667	0.00536	0.00385	0.00824	0.00886	0.01182	0.02083	0.19484	0.02433	0.63674	0.02458	0.00488	0.00508	0.00997	0.00385	0.00371
84	0.00781	0.00516	0.00673	0.00741	0.00785	0.00488	0.00495	0.00795	0.01008	0.01321	0.02808	0.42533	0.12103	0.09658	0.02595	0.20243	0.00409	0.01205	0.00441	0.00404
85	0.81764	0.01103	0.00854	0.00759	0.01116	0.01271	0.00625	0.01711	0.00991	0.04548	0.00835	0.00956	0.00641	0.00536	0.00360	0.00177	0.00444	0.00317	0.00363	0.00629
86	0.46332	0.01045	0.01066	0.00875	0.01270	0.01079	0.00722	0.02193	0.01280	0.36840	0.01471	0.01400	0.00988	0.00613	0.00456	0.00177	0.00463	0.00432	0.00518	0.00783
87	0.05669	0.00675	0.00702	0.00645	0.00834	0.00687	0.00499	0.06908	0.01349	0.07123	0.05623	0.02110	0.01583	0.00689	0.00436	0.00144	0.00318	0.00548	0.62859	0.00600
88	0.00822	0.00551	0.00630	0.00639	0.00644	0.00548	0.00365	0.00836	0.00871	0.01165	0.03856	0.09088	0.02287	0.72326	0.02699	0.00522	0.00531	0.00893	0.00367	0.00360
89	0.02543	0.01011	0.01351	0.01036	0.01479	0.00897	0.00856	0.07107	0.01701	0.72317	0.02203	0.01912	0.01389	0.00707	0.00575	0.00177	0.00495	0.00572	0.00700	0.00973
90	0.00817	0.00611	0.00912	0.00912	0.01011	0.00711	0.00706	0.01017	0.00917	0.01322	0.01539	0.02285	0.01447	0.06217	0.75727	0.00910	0.01507	0.00618	0.00307	0.00507
91	0.00714	0.00581	0.00632	0.00619	0.00796	0.00499	0.00464	0.00894	0.01393	0.01756	0.25564	0.05158	0.56197	0.01370	0.00676	0.00189	0.00284	0.01159	0.00559	0.00499
92	0.01525	0.00743	0.00994	0.00841	0.01101	0.00662	0.00662	0.01775	0.01626	0.32611	0.45980	0.03325	0.03775	0.00981	0.00634	0.00179	0.00358	0.00847	0.00662	0.00716
93	0.01529	0.80242	0.02997	0.00979	0.01468	0.02263	0.00979	0.01713	0.01162	0.01346	0.00795	0.00918	0.00734	0.00489	0.00367	0.00122	0.00612	0.00306	0.00245	0.00734
94	0.01088	0.01113	0.02252	0.01747	0.02102	0.01045	0.43397	0.01418	0.01254	0.01689	0.01987	0.30607	0.02065	0.01020	0.00701	0.00211	0.00709	0.04559	0.00390	0.00646
95	0.01160	0.00708	0.02309	0.00679	0.00867	0.00692	0.02210	0.05850	0.05116	0.02221	0.01826	0.02054	0.01421	0.00666	0.00429	0.00141	0.00326	0.00539	0.70196	0.00591
96	0.06883	0.05356	0.09781	0.02525	0.42460	0.01414	0.04449	0.01767	0.05065	0.01866	0.02154	0.01398	0.00949	0.00583	0.00676	0.00177	0.08607	0.00493	0.00301	0.03096
97	0.05573	0.30477	0.41566	0.01321	0.01979	0.01668	0.01551	0.01849	0.05995	0.01721	0.01016	0.01149	0.00789	0.00539	0.00473	0.00161	0.00715	0.00389	0.00271	0.00798

[dist]
# distance from previous block
# <min> <max>
0	2

[block]
# block no. 1 follows, 41 sequences, length 61
# corresponding to MSA columns:
# 170-230
name=unknown_B
#
# <colnr> <probs for GDERKNQSTAVLIFYWHMCP>
#	G	D	E	R	K	N	Q	S	T	A	V	L	I	F	Y	W	H	M	C	P
0	0.05748	0.16341	0.19681	0.01651	0.09529	0.01508	0.11503	0.03353	0.01235	0.08933	0.01108	0.01333	0.00866	0.00763	0.04103	0.00211	0.10564	0.00474	0.00315	0.00781
1	0.05852	0.01325	0.04232	0.19248	0.51345	0.01339	0.05012	0.01694	0.01250	0.01817	0.01050	0.01412	0.00853	0.00524	0.00560	0.00176	0.00702	0.00504	0.00280	0.00825
2	0.01314	0.01552	0.07471	0.08506	0.08355	0.01439	0.53796	0.01765	0.01289	0.01773	0.01105	0.01492	0.00846	0.00530	0.00732	0.00194	0.06172	0.00622	0.00281	0.00765
3	0.01327	0.01268	0.02161	0.23408	0.57128	0.01336	0.01711	0.01677	0.01260	0.01761	0.01060	0.01445	0.00868	0.00526	0.00568	0.00175	0.00702	0.00509	0.00275	0.00834
4	0.01403	0.01296	0.01240	0.01124	0.01430	0.08630	0.00869	0.02704	0.59439	0.02197	0.02601	0.02428	0.10471	0.00838	0.00587	0.00189	0.00489	0.00686	0.00548	0.00832
5	0.00719	0.00586	0.00645	0.00666	0.00823	0.00524	0.00488	0.00913	0.03756	0.01588	0.08802	0.20365	0.51744	0.01601	0.03928	0.00231	0.00355	0.01240	0.00529	0.00498
6	0.01096	0.01047	0.01810	0.74183	0.03885	0.01281	0.05732	0.01483	0.01155	0.01483	0.01025	0.01526	0.00768	0.00567	0.00578	0.00191	0.00774	0.00518	0.00256	0.00643
7	0.00737	0.00599	0.00664	0.00697	0.00875	0.00526	0.00555	0.00911	0.01307	0.01586	0.05109	0.05739	0.58055	0.01481	0.00704	0.00211	0.00348	0.18870	0.00530	0.00494
8	0.07452	0.00981	0.01298	0.01002	0.01439	0.00867	0.00827	0.02721	0.01597	0.72274	0.02169	0.01886	0.01368	0.00697	0.00562	0.00177	0.00484	0.00559	0.00687	0.00952
9	0.16998	0.00704	0.00745	0.04944	0.01043	0.00702	0.00578	0.01077	0.01235	0.01821	0.13181	0.09618	0.35158	0.04837	0.00721	0.00212	0.00372	0.05049	0.00485	0.00520
10	0.00749	0.00585	0.00681	0.00679	0.00830	0.00524	0.00501	0.00970	0.03114	0.01846	0.32873	0.15669	0.36170	0.01373	0.00681	0.00194	0.00292	0.01187	0.00571	0.00512
11	0.01506	0.75602	0.07437	0.01018	0.01529	0.02207	0.01047	0.01719	0.01165	0.01374	0.00809	0.00935	0.00733	0.00493	0.00378	0.00126	0.00626	0.00313	0.00244	0.00741
12	0.00877	0.00614	0.00753	0.00806	0.00872	0.00620	0.00578	0.01074	0.05497	0.01448	0.02416	0.17253	0.02678	0.37190	0.01722	0.00383	0.00494	0.21443	0.02824	0.00457
13	0.00768	0.00593	0.00713	0.00768	0.00903	0.00547	0.00586	0.00980	0.03410	0.01655	0.11303	0.25566	0.32179	0.01522	0.00712	0.00217	0.00353	0.16179	0.00541	0.00505
14	0.00713	0.00531	0.00640	0.00712	0.00789	0.00484	0.00482	0.00821	0.01143	0.01477	0.07042	0.46228	0.23419	0.11570	0.00989	0.00260	0.00346	0.01384	0.00512	0.00458
15	0.83938	0.01106	0.00841	0.00752	0.01106	0.01283	0.00619	0.01681	0.00973	0.02566	0.00796	0.00929	0.00619	0.00531	0.00354	0.00177	0.00442	0.00310	0.00354	0.00619
16	0.00726	0.00526	0.00682	0.00759	0.00828	0.00486	0.00523	0.00869	0.01235	0.01668	0.21459	0.54397	0.09126	0.02954	0.00750	0.00222	0.00317	0.01436	0.00552	0.00483
17	0.00947	0.00716	0.00872	0.00831	0.00991	0.00721	0.00621	0.04716	0.13095	0.02211	0.47208	0.18102	0.04315	0.01204	0.00666	0.00192	0.00327	0.01062	0.00601	0.00603
18	0.05841	0.01371	0.01439	0.01204	0.01582	0.01555	0.00963	0.31307	0.42764	0.02883	0.01873	0.01772	0.01383	0.00728	0.00567	0.00184	0.00522	0.00578	0.00567	0.00918
19	0.82021	0.01094	0.00839	0.00751	0.01100	0.01266	0.00618	0.01667	0.00988	0.02560	0.02532	0.01006	0.00730	0.00546	0.00361	0.00177	0.00438	0.00326	0.00360	0.00618
20	0.00839	0.00561	0.00729	0.00801	0.00884	0.00523	0.00556	0.02628	0.01223	0.05523	0.10556	0.62381	0.07369	0.01630	0.00710	0.00221	0.00338	0.01465	0.00551	0.00511
21	0.06592	0.01139	0.01297	0.01091	0.01467	0.01208	0.00872	0.05678	0.40222	0.30683	0.02176	0.01964	0.01526	0.00733	0.00566	0.00186	0.00472	0.00595	0.00616	0.00918
22	0.57206	0.01097	0.01022	0.00856	0.01240	0.01189	0.00706	0.05967	0.01249	0.22906	0.01227	0.01232	0.00857	0.00588	0.00426	0.00177	0.00465	0.00394	0.00463	0.00736
23	0.00694	0.00510	0.00651	0.00765	0.00821	0.00467	0.00517	0.00800	0.01126	0.01473	0.03541	0.68635	0.14422	0.01741	0.00722	0.00227	0.00326	0.01564	0.00531	0.00467
24	0.01961	0.01362	0.01473	0.01156	0.01554	0.01476	0.00946	0.56030	0.02345	0.07928	0.01768	0.03063	0.05389	0.00748	0.00561	0.00170	0.00554	0.00579	0.10048	0.00886
25	0.02018	0.01525	0.01629	0.01284	0.01714	0.01701	0.01049	0.59583	0.17783	0.03353	0.01572	0.01531	0.01133	0.00705	0.00574	0.00176	0.00593	0.00542	0.00574	0.00959
26	0.83938	0.01106	0.00841	0.00752	0.01106	0.01283	0.00619	0.01681	0.00973	0.02566	0.00796	0.00929	0.00619	0.00531	0.00354	0.00177	0.00442	0.00310	0.00354	0.00619
27	0.00819	0.00607	0.00888	0.00888	0.00980	0.00698	0.00676	0.01002	0.00910	0.01305	0.01560	0.02404	0.01498	0.12205	0.69809	0.00881	0.01430	0.00636	0.00311	0.00494
28	0.00833	0.00555	0.00617	0.00617	0.00634	0.00550	0.00354	0.00852	0.00874	0.01177	0.02033	0.03776	0.06274	0.72085	0.02678	0.00516	0.00527	0.00841	0.03844	0.00362
29	0.00682	0.00554	0.00605	0.00646	0.00790	0.00477	0.00464	0.00813	0.01240	0.01519	0.04983	0.28245	0.53882	0.01554	0.00693	0.00205	0.00303	0.01336	0.00531	0.00477
30	0.03498	0.01095	0.01825	0.59689	0.19912	0.01291	0.01598	0.01533	0.01174	0.01583	0.01024	0.01484	0.00790	0.00557	0.00564	0.00186	0.00735	0.00503	0.00263	0.00695
31	0.11885	0.02000	0.38842	0.01386	0.03697	0.01167	0.03578	0.02115	0.01326	0.26498	0.01407	0.01430	0.00947	0.00593	0.00535	0.00179	0.00677	0.00468	0.00411	0.00859
32	0.01011	0.00594	0.00786	0.00816	0.00940	0.00542	0.00588	0.01162	0.01274	0.13315	0.13671	0.49905	0.07754	0.01507	0.00697	0.00215	0.00351	0.03742	0.00573	0.00558
33	0.83938	0.01106	0.00841	0.00752	0.01106	0.01283	0.00619	0.01681	0.00973	0.02566	0.00796	0.00929	0.00619	0.00531	0.00354	0.00177	0.00442	0.00310	0.00354	0.00619
34	0.00832	0.00555	0.00624	0.00624	0.00624	0.00555	0.00347	0.00832	0.00832	0.01109	0.01802	0.03743	0.02080	0.79898	0.02911	0.00555	0.00555	0.00832	0.00347	0.00347
35	0.06136	0.01373	0.04270	0.01058	0.01328	0.19400	0.00852	0.01903	0.14315	0.07429	0.28436	0.02752	0.02772	0.00888	0.00596	0.00179	0.00549	0.04577	0.00509	0.00681
36	0.00984	0.00501	0.00746	0.00744	0.00751	0.00499	0.00499	0.00763	0.00791	0.01061	0.04906	0.01871	0.01223	0.01944	0.02154	0.79021	0.00485	0.00525	0.00268	0.00264
37	0.01792	0.01384	0.01509	0.01158	0.01616	0.01430	0.00944	0.44401	0.10507	0.02945	0.01375	0.01404	0.01023	0.00618	0.00529	0.00148	0.00548	0.00477	0.00503	0.25689
38	0.00823	0.00560	0.00641	0.00641	0.00658	0.00562	0.00376	0.00844	0.00862	0.01147	0.01992	0.03734	0.05896	0.70712	0.07830	0.00560	0.00607	0.00837	0.00354	0.00365
39	0.00918	0.00572	0.00738	0.00793	0.00868	0.00538	0.00537	0.02210	0.01141	0.08290	0.05037	0.55808	0.03277	0.15141	0.01088	0.00280	0.00387	0.01357	0.00519	0.00501
40	0.00940	0.00797	0.00838	0.00790	0.01020	0.00803	0.00603	0.01589	0.26028	0.01909	0.12258	0.04246	0.43617	0.01194	0.00645	0.00192	0.00342	0.01001	0.00559	0.00630
41	0.01358	0.00907	0.01018	0.00870	0.01170	0.00881	0.00686	0.13223	0.10691	0.14626	0.09206	0.05132	0.31993	0.01059	0.00620	0.00182	0.00403	0.00878	0.00572	0.04524
42	0.05982	0.01134	0.01358	0.01073	0.01481	0.01130	0.00877	0.20590	0.09119	0.42255	0.07334	0.01944	0.01590	0.00735	0.00572	0.00178	0.00501	0.00588	0.00640	0.00919
43	0.00847	0.00585	0.00752	0.00797	0.00907	0.00548	0.00590	0.01040	0.02313	0.04610	0.21427	0.33070	0.11877	0.05787	0.00831	0.00235	0.00362	0.12356	0.00552	0.00514
44	0.01524	0.00803	0.01008	0.00895	0.01135	0.00762	0.00682	0.09340	0.02790	0.26981	0.10330	0.25783	0.05694	0.05242	0.00751	0.00212	0.00418	0.00974	0.03976	0.00702
45	0.01002	0.00945	0.01520	0.01305	0.01466	0.02621	0.16851	0.01207	0.01162	0.01598	0.09194	0.35630	0.02563	0.02401	0.00985	0.00225	0.17247	0.01081	0.00420	0.00576
46	0.07549	0.00818	0.00956	0.00844	0.01095	0.00798	0.00642	0.01842	0.11535	0.25129	0.08196	0.09713	0.11365	0.12488	0.00928	0.00240	0.00425	0.00809	0.03940	0.00689
47	0.00785	0.00585	0.00694	0.00683	0.00814	0.00538	0.00493	0.01005	0.03088	0.01872	0.37537	0.11988	0.24061	0.09943	0.00917	0.00229	0.00317	0.01096	0.02849	0.00504
48	0.02012	0.02408	0.01554	0.01395	0.01701	0.61291	0.01057	0.07970	0.08550	0.01672	0.01264	0.01350	0.04026	0.00651	0.00533	0.00156	0.00915	0.00441	0.00353	0.00702
49	0.00730	0.00545	0.00684	0.00785	0.00855	0.00515	0.00536	0.00912	0.04829	0.01518	0.03473	0.65529	0.13579	0.01694	0.00715	0.00225	0.00332	0.01520	0.00534	0.00489
50	0.00824	0.00588	0.00672	0.00687	0.00833	0.00529	0.00497	0.01003	0.02859	0.04943	0.11081	0.23665	0.37502	0.05901	0.00799	0.00220	0.00328	0.02211	0.04347	0.00510
51	0.00817	0.00613	0.00919	0.00919	0.01021	0.00715	0.00715	0.01021	0.00919	0.01328	0.01532	0.02247	0.01430	0.04290	0.77631	0.00919	0.01532	0.00613	0.00306	0.00511
52	0.01067	0.00655	0.00757	0.00693	0.00921	0.00561	0.00533	0.01245	0.01412	0.16341	0.15986	0.06673	0.48477	0.01270	0.00658	0.00189	0.00326	0.01068	0.00581	0.00587
53	0.00975	0.00709	0.00842	0.00827	0.00972	0.00706	0.00604	0.11335	0.03960	0.02017	0.20029	0.35856	0.10200	0.03542	0.00730	0.00211	0.00363	0.01187	0.04365	0.00570
54	0.00828	0.00555	0.00632	0.00633	0.00641	0.00552	0.00361	0.00845	0.00880	0.01181	0.05893	0.05295	0.02295	0.74018	0.02745	0.00528	0.00534	0.00859	0.00366	0.00360
55	0.00831	0.00555	0.00643	0.00645	0.00691	0.00540	0.00404	0.00917	0.01048	0.01459	0.15820	0.09362	0.05798	0.49628	0.02032	0.00411	0.00450	0.00918	0.07434	0.00412
56	0.00697	0.00498	0.00664	0.00796	0.00830	0.00465	0.00531	0.00796	0.01095	0.01460	0.03153	0.79525	0.03783	0.01792	0.00730	0.00232	0.00332	0.01626	0.00531	0.00465
57	0.36376	0.03550	0.27442	0.01470	0.10325	0.03035	0.03784	0.04572	0.01189	0.02189	0.00944	0.01121	0.00716	0.00538	0.00467	0.00176	0.00650	0.00393	0.00310	0.00753
58	0.01405	0.43317	0.30133	0.01251	0.01853	0.04813	0.01398	0.01861	0.06213	0.01591	0.00988	0.01111	0.00799	0.00533	0.00453	0.00150	0.00704	0.00375	0.00268	0.00784
59	0.01612	0.01292	0.01408	0.01117	0.01546	0.01336	0.00897	0.27625	0.26167	0.02650	0.01575	0.01565	0.01188	0.00632	0.00528	0.00151	0.00506	0.00502	0.00501	0.27202
60	0.00875	0.00623	0.00811	0.02615	0.02309	0.00580	0.00631	0.01100	0.01433	0.05027	0.36699	0.13992	0.18391	0.01315	0.00690	0.00201	0.00346	0.11246	0.00572	0.00544

[dist]
# distance from previous block
# <min> <max>
0	4

[block]
# block no. 2 follows, 41 sequences, length 8
# corresponding to MSA columns:
# 235-242
name=unknown_C
#
# <colnr> <probs for GDERKNQSTAVLIFYWHMCP>
#	G	D	E	R	K	N	Q	S	T	A	V	L	I	F	Y	W	H	M	C	P
0	0.01477	0.01452	0.06381	0.11903	0.34837	0.01450	0.08137	0.14338	0.06642	0.02124	0.01196	0.01463	0.00937	0.00590	0.00642	0.00181	0.04519	0.00530	0.00347	0.00855
1	0.01275	0.01724	0.31067	0.08389	0.09525	0.01060	0.02915	0.01699	0.01325	0.11831	0.09633	0.02176	0.09961	0.00728	0.00579	0.00178	0.00634	0.00615	0.00388	0.04300
2	0.01757	0.01233	0.01400	0.04417	0.01597	0.01289	0.00913	0.33004	0.12210	0.11293	0.06371	0.01813	0.01441	0.03241	0.00629	0.00175	0.00527	0.00559	0.03345	0.12789
3	0.01628	0.01548	0.11991	0.01187	0.01691	0.01330	0.01073	0.34937	0.06094	0.02668	0.01336	0.04283	0.01049	0.00632	0.00529	0.00150	0.00575	0.00497	0.00453	0.26348
4	0.01628	0.01122	0.01258	0.01044	0.01366	0.01175	0.00810	0.23905	0.18733	0.12303	0.01877	0.07618	0.01585	0.14025	0.00964	0.00238	0.00516	0.00670	0.00530	0.08634
5	0.09064	0.11371	0.06033	0.02011	0.07295	0.01528	0.44060	0.06455	0.01365	0.01956	0.01078	0.01366	0.00831	0.00504	0.00582	0.00177	0.00814	0.00556	0.00307	0.02648
6	0.08840	0.10262	0.01878	0.01365	0.01761	0.24245	0.11824	0.13783	0.03964	0.05406	0.01242	0.01383	0.02558	0.00770	0.04147	0.00195	0.00794	0.00473	0.00375	0.04736
7	0.01335	0.06466	0.01526	0.01111	0.01452	0.00989	0.12033	0.05695	0.06383	0.12322	0.30462	0.02702	0.04640	0.00828	0.00601	0.00168	0.00479	0.00742	0.00521	0.09544

[dist]
# distance from previous block
# <min> <max>
14	133

[block]
# block no. 3 follows, 41 sequences, length 9
# corresponding to MSA columns:
# 376-384
name=unknown_D
#
# <colnr> <probs for GDERKNQSTAVLIFYWHMCP>
#	G	D	E	R	K	N	Q	S	T	A	V	L	I	F	Y	W	H	M	C	P
0	0.01253	0.01297	0.01700	0.65902	0.03584	0.13774	0.01509	0.01596	0.01222	0.01451	0.00995	0.01444	0.00758	0.00575	0.00563	0.00184	0.00807	0.00485	0.00261	0.00640
1	0.06887	0.00717	0.00959	0.01185	0.13214	0.00691	0.00725	0.01089	0.01279	0.01820	0.20435	0.31237	0.15039	0.01287	0.00654	0.00199	0.00375	0.01139	0.00501	0.00569
2	0.01290	0.01219	0.01176	0.00962	0.01336	0.13338	0.00738	0.05019	0.01312	0.01790	0.01451	0.17257	0.01438	0.00745	0.00509	0.00130	0.00514	0.00617	0.00383	0.48778
3	0.01020	0.00676	0.00825	0.00794	0.00851	0.00711	0.00540	0.03303	0.01009	0.06342	0.01948	0.09896	0.02135	0.52659	0.02240	0.00441	0.06959	0.06798	0.00400	0.00456
4	0.00757	0.00543	0.00702	0.00795	0.00859	0.00514	0.00565	0.00885	0.01147	0.01517	0.08013	0.47374	0.08687	0.11927	0.01018	0.00273	0.00386	0.13059	0.00513	0.00466
5	0.00798	0.00545	0.00629	0.00655	0.00672	0.00533	0.00387	0.00824	0.00907	0.01200	0.02265	0.18684	0.06091	0.60692	0.02373	0.00473	0.00498	0.01006	0.00392	0.00376
6	0.01740	0.01032	0.01223	0.01045	0.01374	0.01062	0.00830	0.09671	0.26696	0.27521	0.08432	0.08767	0.03858	0.00903	0.00608	0.00190	0.00456	0.03126	0.00620	0.00846
7	0.00973	0.00615	0.00685	0.00657	0.00839	0.00548	0.00496	0.01146	0.01298	0.09405	0.09330	0.04375	0.39970	0.08889	0.00845	0.00220	0.00343	0.04772	0.14059	0.00535
8	0.00965	0.00640	0.00827	0.00828	0.00998	0.00593	0.00671	0.01205	0.01458	0.08064	0.31981	0.05048	0.18132	0.01323	0.00705	0.00210	0.00377	0.24832	0.00583	0.00560

[dist]
# distance from previous block
# <min> <max>
0	105

# created by:
# /software/SequenceAnalysis/GenePrediction/augustus/3.0.1/scripts/msa2prfl.pl ./fixed/BUSCOvEOG71G4JC.fas
