[name]
unknown

[dist]
# distance from previous block
# <min> <max>
0	229

[block]
# block no. 0 follows, 40 sequences, length 61
# corresponding to MSA columns:
# 282-342
name=unknown_A
#
# <colnr> <probs for GDERKNQSTAVLIFYWHMCP>
#	G	D	E	R	K	N	Q	S	T	A	V	L	I	F	Y	W	H	M	C	P
0	0.00937	0.00669	0.00937	0.01071	0.01205	0.00669	0.00937	0.01205	0.01339	0.01740	0.03079	0.06560	0.03347	0.01606	0.00803	0.00268	0.00535	0.72021	0.00535	0.00535
1	0.00913	0.00652	0.00909	0.01043	0.01166	0.00648	0.00895	0.01163	0.01315	0.01713	0.03092	0.14322	0.03400	0.01629	0.00797	0.00264	0.00514	0.64501	0.00536	0.00529
2	0.01272	0.01272	0.01781	0.01527	0.01527	0.01781	0.01272	0.01399	0.00891	0.01399	0.00763	0.01272	0.00763	0.01018	0.01908	0.00254	0.78499	0.00509	0.00254	0.00636
3	0.01420	0.01362	0.02325	0.07832	0.71825	0.01377	0.01775	0.01768	0.01315	0.01876	0.01090	0.01446	0.00913	0.00522	0.00576	0.00174	0.00696	0.00518	0.00286	0.00905
4	0.00831	0.00623	0.00935	0.00935	0.01038	0.00727	0.00727	0.01038	0.00935	0.01350	0.01558	0.02285	0.01454	0.04361	0.77259	0.00935	0.01558	0.00623	0.00312	0.00519
5	0.01439	0.01382	0.02360	0.03569	0.75936	0.01382	0.01785	0.01785	0.01324	0.01900	0.01094	0.01439	0.00921	0.00518	0.00576	0.00173	0.00691	0.00518	0.00288	0.00921
6	0.01315	0.01075	0.01193	0.01000	0.01305	0.03096	0.04250	0.24462	0.07093	0.02341	0.07522	0.03527	0.34186	0.02735	0.02075	0.00208	0.00497	0.00884	0.00536	0.00701
7	0.03558	0.01559	0.01500	0.01221	0.01610	0.10364	0.00982	0.44928	0.11587	0.02933	0.02076	0.02030	0.11451	0.00803	0.00586	0.00178	0.00613	0.00617	0.00540	0.00867
8	0.01193	0.08311	0.71482	0.01612	0.02446	0.01416	0.02069	0.01835	0.01225	0.01809	0.01027	0.01207	0.00737	0.00549	0.00540	0.00180	0.00843	0.00422	0.00246	0.00852
9	0.02582	0.01034	0.01377	0.01056	0.01506	0.00920	0.00872	0.07741	0.01738	0.71328	0.02232	0.01939	0.01408	0.00718	0.00585	0.00180	0.00505	0.00581	0.00710	0.00990
10	0.01411	0.01367	0.02378	0.08886	0.66555	0.01380	0.05915	0.01768	0.01315	0.01868	0.01094	0.01455	0.00908	0.00521	0.00582	0.00176	0.00714	0.00528	0.00286	0.00893
11	0.01951	0.05741	0.01628	0.01319	0.01667	0.32680	0.01031	0.24512	0.14581	0.02271	0.01357	0.01506	0.01081	0.05294	0.00689	0.00189	0.00771	0.00494	0.00438	0.00799
12	0.01084	0.00542	0.00542	0.00542	0.00678	0.00542	0.00407	0.01355	0.01220	0.02168	0.01897	0.02168	0.01491	0.00678	0.00407	0.00136	0.00271	0.00542	0.82791	0.00542
13	0.00718	0.00510	0.00672	0.00797	0.00828	0.00479	0.00526	0.00812	0.01094	0.01459	0.03106	0.73747	0.03721	0.07429	0.00902	0.00260	0.00354	0.01595	0.00526	0.00464
14	0.01388	0.00879	0.01093	0.05437	0.01330	0.00876	0.00760	0.12708	0.05275	0.15645	0.35478	0.05281	0.09406	0.01015	0.00643	0.00185	0.00412	0.00867	0.00610	0.00712
15	0.05398	0.51242	0.22980	0.01292	0.05428	0.01948	0.01331	0.01769	0.01192	0.01583	0.00887	0.01039	0.00747	0.00516	0.00431	0.00146	0.00682	0.00354	0.00255	0.00780
16	0.01433	0.01400	0.02468	0.03457	0.68603	0.01391	0.09031	0.01793	0.01329	0.01896	0.01102	0.01452	0.00917	0.00515	0.00587	0.00175	0.00720	0.00535	0.00288	0.00907
17	0.01170	0.01134	0.01739	0.19885	0.02135	0.01487	0.05445	0.01392	0.00990	0.01439	0.00972	0.01509	0.00877	0.01388	0.12896	0.00339	0.43769	0.00538	0.00266	0.00629
18	0.00723	0.00590	0.00638	0.00626	0.00807	0.00506	0.00470	0.00903	0.01409	0.01769	0.24060	0.05270	0.57407	0.01399	0.00687	0.00193	0.00289	0.01182	0.00566	0.00506
19	0.02172	0.00945	0.01244	0.00995	0.01377	0.00859	0.00807	0.02549	0.09026	0.55653	0.15432	0.02422	0.02198	0.00811	0.00604	0.00182	0.00452	0.00676	0.00693	0.00904
20	0.00846	0.00564	0.00634	0.00634	0.00634	0.00564	0.00352	0.00846	0.00846	0.01128	0.01832	0.03805	0.02114	0.79563	0.02960	0.00564	0.00564	0.00846	0.00352	0.00352
21	0.00837	0.00609	0.00708	0.00701	0.00877	0.00535	0.00534	0.01026	0.01408	0.05463	0.23388	0.11371	0.42527	0.01401	0.00695	0.00201	0.00320	0.06292	0.00575	0.00532
22	0.83671	0.01125	0.00855	0.00765	0.01125	0.01305	0.00630	0.01709	0.00990	0.02609	0.00810	0.00945	0.00630	0.00540	0.00360	0.00180	0.00450	0.00315	0.00360	0.00630
23	0.01555	0.79913	0.03047	0.00995	0.01493	0.02301	0.00995	0.01741	0.01182	0.01368	0.00808	0.00933	0.00746	0.00498	0.00373	0.00124	0.00622	0.00311	0.00249	0.00746
24	0.02211	0.01629	0.01745	0.01338	0.01803	0.01803	0.01105	0.73997	0.02734	0.03665	0.01396	0.01396	0.00989	0.00698	0.00582	0.00175	0.00640	0.00524	0.00582	0.00989
25	0.01098	0.01034	0.01744	0.78165	0.04005	0.01292	0.01615	0.01486	0.01163	0.01486	0.01034	0.01550	0.00775	0.00581	0.00581	0.00194	0.00775	0.00517	0.00258	0.00646
26	0.00687	0.00589	0.00589	0.00589	0.00785	0.00491	0.00442	0.00835	0.01325	0.01571	0.05891	0.05596	0.75700	0.01473	0.00687	0.00196	0.00295	0.01227	0.00540	0.00491
27	0.01098	0.01034	0.01744	0.78165	0.04005	0.01292	0.01615	0.01486	0.01163	0.01486	0.01034	0.01550	0.00775	0.00581	0.00581	0.00194	0.00775	0.00517	0.00258	0.00646
28	0.01325	0.01492	0.03233	0.02333	0.02881	0.01399	0.68538	0.01787	0.01354	0.01835	0.01323	0.07167	0.01096	0.00586	0.00690	0.00199	0.00934	0.00756	0.00312	0.00762
29	0.00709	0.00506	0.00675	0.00810	0.00843	0.00472	0.00540	0.00810	0.01113	0.01484	0.03205	0.79184	0.03846	0.01822	0.00742	0.00236	0.00337	0.01653	0.00540	0.00472
30	0.00940	0.00637	0.00711	0.00683	0.00715	0.00649	0.00404	0.05889	0.00976	0.01303	0.01802	0.03639	0.02037	0.74125	0.02796	0.00537	0.00569	0.00823	0.00368	0.00396
31	0.00831	0.00623	0.00935	0.00935	0.01038	0.00727	0.00727	0.01038	0.00935	0.01350	0.01558	0.02285	0.01454	0.04361	0.77259	0.00935	0.01558	0.00623	0.00312	0.00519
32	0.02231	0.01595	0.01724	0.01322	0.01787	0.01754	0.01092	0.70266	0.02678	0.07475	0.01443	0.01427	0.01013	0.00699	0.00582	0.00175	0.00632	0.00527	0.00589	0.00989
33	0.00846	0.00564	0.00634	0.00634	0.00634	0.00564	0.00352	0.00846	0.00846	0.01128	0.01832	0.03805	0.02114	0.79563	0.02960	0.00564	0.00564	0.00846	0.00352	0.00352
34	0.00971	0.00667	0.00823	0.00760	0.00943	0.00623	0.00578	0.01314	0.06641	0.07543	0.53057	0.04243	0.17254	0.01177	0.00672	0.00186	0.00307	0.01022	0.00625	0.00596
35	0.01439	0.01382	0.02360	0.03569	0.75936	0.01382	0.01785	0.01785	0.01324	0.01900	0.01094	0.01439	0.00921	0.00518	0.00576	0.00173	0.00691	0.00518	0.00288	0.00921
36	0.00713	0.00590	0.00627	0.00638	0.00819	0.00505	0.00483	0.00874	0.01339	0.01632	0.10627	0.09107	0.62926	0.01477	0.00697	0.00202	0.00309	0.05392	0.00547	0.00497
37	0.00703	0.00589	0.00614	0.00629	0.00813	0.00500	0.00476	0.00855	0.01315	0.01576	0.05585	0.09511	0.67685	0.01499	0.00697	0.00203	0.00311	0.05406	0.00540	0.00493
38	0.01984	0.08036	0.09731	0.01464	0.01839	0.59982	0.01214	0.02271	0.05410	0.01517	0.00985	0.01119	0.00801	0.00597	0.00520	0.00154	0.00968	0.00391	0.00306	0.00712
39	0.01206	0.01034	0.01206	0.00861	0.01378	0.00775	0.00689	0.01464	0.01206	0.01895	0.01034	0.01206	0.00861	0.00431	0.00431	0.00086	0.00431	0.00345	0.00345	0.83118
40	0.06057	0.01834	0.18554	0.03705	0.02839	0.01432	0.53165	0.01842	0.01316	0.01894	0.01125	0.01461	0.00835	0.00508	0.00637	0.00193	0.00920	0.00608	0.00287	0.00788
41	0.00908	0.00698	0.00985	0.12435	0.01319	0.00731	0.04801	0.01025	0.00988	0.01318	0.06102	0.03337	0.03982	0.52479	0.06171	0.00474	0.00647	0.00798	0.00355	0.00445
42	0.01488	0.01333	0.02217	0.07416	0.64018	0.01350	0.01679	0.01893	0.04965	0.06184	0.01222	0.01512	0.00985	0.00547	0.00577	0.00175	0.00673	0.00529	0.00326	0.00910
43	0.01166	0.03008	0.76550	0.01657	0.02517	0.01351	0.02149	0.01842	0.01228	0.01842	0.01044	0.01228	0.00737	0.00552	0.00552	0.00184	0.00859	0.00430	0.00246	0.00859
44	0.01191	0.10942	0.58812	0.01475	0.02229	0.01364	0.01826	0.01760	0.01246	0.01824	0.05397	0.01378	0.01026	0.00575	0.00532	0.00171	0.00769	0.00447	0.00276	0.06762
45	0.83671	0.01125	0.00855	0.00765	0.01125	0.01305	0.00630	0.01709	0.00990	0.02609	0.00810	0.00945	0.00630	0.00540	0.00360	0.00180	0.00450	0.00315	0.00360	0.00630
46	0.02065	0.02614	0.01572	0.01433	0.01725	0.71693	0.01074	0.02215	0.01625	0.01434	0.01259	0.01377	0.06155	0.00662	0.00536	0.00153	0.00994	0.00436	0.00317	0.00661
47	0.01439	0.01382	0.02360	0.03569	0.75936	0.01382	0.01785	0.01785	0.01324	0.01900	0.01094	0.01439	0.00921	0.00518	0.00576	0.00173	0.00691	0.00518	0.00288	0.00921
48	0.01272	0.01272	0.01781	0.01527	0.01527	0.01781	0.01272	0.01399	0.00891	0.01399	0.00763	0.01272	0.00763	0.01018	0.01908	0.00254	0.78499	0.00509	0.00254	0.00636
49	0.14516	0.02703	0.64302	0.01513	0.02292	0.01343	0.01903	0.01820	0.01189	0.01966	0.01006	0.01182	0.00719	0.00550	0.00521	0.00183	0.00793	0.00411	0.00264	0.00822
50	0.02044	0.18825	0.01939	0.01393	0.01734	0.61635	0.01097	0.02201	0.01551	0.01412	0.00880	0.01025	0.00748	0.00578	0.00493	0.00145	0.00960	0.00361	0.00289	0.00689
51	0.00687	0.00589	0.00589	0.00589	0.00785	0.00491	0.00442	0.00835	0.01325	0.01571	0.05891	0.05596	0.75700	0.01473	0.00687	0.00196	0.00295	0.01227	0.00540	0.00491
52	0.01242	0.01027	0.01206	0.00907	0.01340	0.00869	0.00720	0.07907	0.01327	0.02000	0.05034	0.01569	0.01203	0.04604	0.04322	0.00168	0.02565	0.00440	0.00378	0.61171
53	0.00846	0.00564	0.00634	0.00634	0.00634	0.00564	0.00352	0.00846	0.00846	0.01128	0.01832	0.03805	0.02114	0.79563	0.02960	0.00564	0.00564	0.00846	0.00352	0.00352
54	0.01194	0.02427	0.51957	0.03683	0.07740	0.01347	0.09614	0.01757	0.01250	0.01838	0.05421	0.01473	0.01047	0.00614	0.00670	0.00190	0.06177	0.00508	0.00278	0.00817
55	0.01486	0.70049	0.07985	0.01026	0.01527	0.02135	0.01049	0.01711	0.01211	0.01456	0.05128	0.01149	0.01018	0.00541	0.00403	0.00132	0.00618	0.00362	0.00271	0.00743
56	0.06310	0.11381	0.05950	0.05896	0.50197	0.01519	0.01579	0.06974	0.01377	0.01982	0.01058	0.01337	0.00872	0.00534	0.00537	0.00169	0.00676	0.00476	0.00305	0.00872
57	0.03569	0.05751	0.01366	0.01127	0.05031	0.01237	0.00861	0.23866	0.12257	0.09819	0.05368	0.02829	0.22633	0.00927	0.00599	0.00182	0.00486	0.00750	0.00547	0.00796
58	0.02383	0.01198	0.01467	0.01137	0.01577	0.01184	0.00936	0.26434	0.04245	0.47494	0.01974	0.01801	0.01301	0.00832	0.03061	0.00203	0.00576	0.00568	0.00657	0.00972
59	0.02206	0.01542	0.01680	0.01298	0.01754	0.01687	0.01069	0.62656	0.06862	0.10923	0.01544	0.01500	0.01081	0.00706	0.00583	0.00176	0.00615	0.00538	0.00596	0.00985
60	0.00911	0.00679	0.00838	0.00793	0.00950	0.00658	0.00594	0.04696	0.06666	0.02257	0.54233	0.13057	0.08973	0.01230	0.00681	0.00191	0.00313	0.01081	0.00616	0.00583

[dist]
# distance from previous block
# <min> <max>
2	11

[block]
# block no. 1 follows, 40 sequences, length 20
# corresponding to MSA columns:
# 355-374
name=unknown_B
#
# <colnr> <probs for GDERKNQSTAVLIFYWHMCP>
#	G	D	E	R	K	N	Q	S	T	A	V	L	I	F	Y	W	H	M	C	P
0	0.00846	0.00564	0.00634	0.00634	0.00634	0.00564	0.00352	0.00846	0.00846	0.01128	0.01832	0.03805	0.02114	0.79563	0.02960	0.00564	0.00564	0.00846	0.00352	0.00352
1	0.00734	0.00521	0.00690	0.00816	0.00855	0.00492	0.00555	0.00840	0.01111	0.01478	0.03104	0.68993	0.03694	0.07045	0.00896	0.00260	0.00367	0.06552	0.00527	0.00469
2	0.01010	0.00505	0.00758	0.00758	0.00758	0.00505	0.00505	0.00758	0.00758	0.01010	0.01010	0.01768	0.01010	0.02020	0.02273	0.83081	0.00505	0.00505	0.00253	0.00253
3	0.01068	0.00979	0.01424	0.01275	0.01332	0.01281	0.02848	0.01233	0.00935	0.01398	0.01247	0.07148	0.01245	0.02330	0.30399	0.00510	0.41831	0.00637	0.00297	0.00584
4	0.01330	0.01030	0.01219	0.00877	0.01388	0.00782	0.00704	0.01586	0.01246	0.08490	0.01145	0.01274	0.00913	0.00456	0.00444	0.00094	0.00436	0.00366	0.00378	0.75842
5	0.01166	0.03008	0.76550	0.01657	0.02517	0.01351	0.02149	0.01842	0.01228	0.01842	0.01044	0.01228	0.00737	0.00552	0.00552	0.00184	0.00859	0.00430	0.00246	0.00859
6	0.01202	0.00678	0.00899	0.00796	0.00999	0.00614	0.00614	0.01466	0.01650	0.18028	0.60075	0.03842	0.04629	0.01089	0.00664	0.00182	0.00321	0.00953	0.00657	0.00642
7	0.02172	0.02772	0.01648	0.01498	0.01798	0.77228	0.01124	0.02322	0.01648	0.01423	0.00899	0.01049	0.00749	0.00599	0.00524	0.00150	0.01049	0.00375	0.00300	0.00674
8	0.44213	0.07043	0.01320	0.01066	0.01416	0.29713	0.00849	0.01989	0.01277	0.05250	0.00907	0.01027	0.00717	0.00567	0.00432	0.00165	0.00687	0.00348	0.00345	0.00670
9	0.02211	0.01629	0.01745	0.01338	0.01803	0.01803	0.01105	0.73997	0.02734	0.03665	0.01396	0.01396	0.00989	0.00698	0.00582	0.00175	0.00640	0.00524	0.00582	0.00989
10	0.00917	0.00655	0.00914	0.01048	0.01173	0.00652	0.00902	0.01170	0.01319	0.01718	0.03090	0.12994	0.03391	0.01626	0.00798	0.00265	0.00518	0.65787	0.00536	0.00530
11	0.01425	0.01367	0.02335	0.06656	0.72959	0.01378	0.01778	0.01772	0.01317	0.01883	0.01091	0.01444	0.00915	0.00521	0.00576	0.00174	0.00694	0.00518	0.00287	0.00910
12	0.01313	0.06803	0.26015	0.04032	0.02807	0.01480	0.45330	0.01839	0.01311	0.01816	0.01109	0.01424	0.00826	0.00512	0.00623	0.00188	0.00916	0.00580	0.00275	0.00802
13	0.01202	0.00816	0.01238	0.23783	0.01955	0.00881	0.07323	0.01520	0.01227	0.07062	0.01581	0.01927	0.01218	0.00895	0.05905	0.00217	0.00590	0.00556	0.39479	0.00624
14	0.00724	0.00562	0.00631	0.00666	0.00786	0.00499	0.00463	0.00845	0.01218	0.01531	0.08838	0.26046	0.40789	0.12505	0.01021	0.00258	0.00343	0.01283	0.00520	0.00470
15	0.01192	0.01084	0.01775	0.16234	0.40218	0.01121	0.01425	0.01505	0.01302	0.01788	0.06256	0.07909	0.04784	0.00843	0.00629	0.00195	0.00619	0.10006	0.00365	0.00749
16	0.01520	0.01055	0.01219	0.01020	0.01307	0.01101	0.00807	0.32612	0.02059	0.07400	0.31282	0.10977	0.03120	0.01016	0.00641	0.00185	0.00452	0.00860	0.00609	0.00758
17	0.00989	0.00505	0.00752	0.00761	0.00764	0.00503	0.00507	0.00761	0.00782	0.01043	0.01163	0.07175	0.01208	0.02006	0.02166	0.77294	0.00493	0.00585	0.00273	0.00268
18	0.01608	0.01244	0.01339	0.01165	0.01515	0.01398	0.00917	0.10982	0.57434	0.09151	0.02383	0.02194	0.04431	0.00798	0.00594	0.00193	0.00477	0.00657	0.00600	0.00918
19	0.01248	0.05610	0.58039	0.01666	0.02382	0.04635	0.06802	0.01814	0.01219	0.01762	0.01009	0.01237	0.00750	0.00596	0.00693	0.00188	0.08831	0.00448	0.00252	0.00819

[dist]
# distance from previous block
# <min> <max>
0	15

[block]
# block no. 2 follows, 40 sequences, length 41
# corresponding to MSA columns:
# 390-430
name=unknown_C
#
# <colnr> <probs for GDERKNQSTAVLIFYWHMCP>
#	G	D	E	R	K	N	Q	S	T	A	V	L	I	F	Y	W	H	M	C	P
0	0.01010	0.00505	0.00758	0.00758	0.00758	0.00505	0.00505	0.00758	0.00758	0.01010	0.01010	0.01768	0.01010	0.02020	0.02273	0.83081	0.00505	0.00505	0.00253	0.00253
1	0.02211	0.01629	0.01745	0.01338	0.01803	0.01803	0.01105	0.73997	0.02734	0.03665	0.01396	0.01396	0.00989	0.00698	0.00582	0.00175	0.00640	0.00524	0.00582	0.00989
2	0.00687	0.00589	0.00589	0.00589	0.00785	0.00491	0.00442	0.00835	0.01325	0.01571	0.05891	0.05596	0.75700	0.01473	0.00687	0.00196	0.00295	0.01227	0.00540	0.00491
3	0.01439	0.01382	0.02360	0.03569	0.75936	0.01382	0.01785	0.01785	0.01324	0.01900	0.01094	0.01439	0.00921	0.00518	0.00576	0.00173	0.00691	0.00518	0.00288	0.00921
4	0.00766	0.00578	0.00653	0.00690	0.00834	0.00507	0.00500	0.00900	0.01250	0.03677	0.04680	0.27549	0.45643	0.05089	0.00808	0.00227	0.00335	0.04280	0.00536	0.00495
5	0.01381	0.01392	0.01768	0.04719	0.01665	0.07325	0.01267	0.05351	0.01056	0.01526	0.00818	0.01274	0.00775	0.00952	0.01680	0.00240	0.65378	0.00500	0.00275	0.00658
6	0.08104	0.02450	0.01607	0.01416	0.01750	0.58364	0.01084	0.14959	0.01792	0.01906	0.00980	0.01103	0.00783	0.00612	0.00523	0.00156	0.00933	0.00397	0.00354	0.00727
7	0.83671	0.01125	0.00855	0.00765	0.01125	0.01305	0.00630	0.01709	0.00990	0.02609	0.00810	0.00945	0.00630	0.00540	0.00360	0.00180	0.00450	0.00315	0.00360	0.00630
8	0.02118	0.01587	0.01771	0.05538	0.05063	0.01758	0.01161	0.67061	0.02590	0.03474	0.01364	0.01406	0.00975	0.00684	0.00581	0.00175	0.00649	0.00523	0.00552	0.00968
9	0.02059	0.04291	0.04404	0.07062	0.01980	0.28873	0.01183	0.38254	0.02130	0.02568	0.01161	0.01263	0.00871	0.00643	0.00554	0.00166	0.00804	0.00460	0.00435	0.00839
10	0.07249	0.02869	0.70969	0.01592	0.02414	0.01347	0.02037	0.01832	0.01210	0.01898	0.01026	0.01207	0.00729	0.00552	0.00538	0.00184	0.00829	0.00421	0.00254	0.00842
11	0.06706	0.01090	0.01346	0.01069	0.01494	0.01053	0.00873	0.08066	0.14663	0.53963	0.02162	0.01915	0.01422	0.00721	0.00574	0.00183	0.00497	0.00579	0.00668	0.00958
12	0.00709	0.00506	0.00675	0.00810	0.00843	0.00472	0.00540	0.00810	0.01113	0.01484	0.03205	0.79184	0.03846	0.01822	0.00742	0.00236	0.00337	0.01653	0.00540	0.00472
13	0.01923	0.01477	0.05304	0.01478	0.01949	0.01452	0.15923	0.32281	0.09969	0.16133	0.01622	0.01716	0.01171	0.04005	0.00704	0.00199	0.00670	0.00592	0.00524	0.00907
14	0.01352	0.01529	0.03307	0.08018	0.03110	0.01457	0.68514	0.01835	0.01357	0.01835	0.01166	0.01567	0.00874	0.00497	0.00679	0.00196	0.00965	0.00674	0.00291	0.00774
15	0.00831	0.00623	0.00935	0.00935	0.01038	0.00727	0.00727	0.01038	0.00935	0.01350	0.01558	0.02285	0.01454	0.04361	0.77259	0.00935	0.01558	0.00623	0.00312	0.00519
16	0.01398	0.01339	0.02286	0.12612	0.67216	0.01371	0.01764	0.01748	0.01305	0.01850	0.01087	0.01453	0.00903	0.00526	0.00576	0.00175	0.00701	0.00518	0.00284	0.00888
17	0.01144	0.00801	0.00970	0.00975	0.01164	0.03895	0.00805	0.01483	0.05997	0.09423	0.22256	0.04957	0.07528	0.01307	0.00719	0.00223	0.00466	0.34700	0.00576	0.00612
18	0.02172	0.02772	0.01648	0.01498	0.01798	0.77228	0.01124	0.02322	0.01648	0.01423	0.00899	0.01049	0.00749	0.00599	0.00524	0.00150	0.01049	0.00375	0.00300	0.00674
19	0.00723	0.00568	0.00657	0.00709	0.00842	0.00502	0.00519	0.00873	0.01279	0.01610	0.09823	0.30143	0.41308	0.01579	0.00714	0.00214	0.00325	0.06576	0.00547	0.00492
20	0.01519	0.01285	0.01356	0.01198	0.01540	0.01480	0.00938	0.09844	0.68012	0.02550	0.02274	0.02096	0.01700	0.00780	0.00591	0.00195	0.00477	0.00645	0.00591	0.00927
21	0.02299	0.01369	0.01570	0.01217	0.01666	0.01433	0.01001	0.42970	0.07652	0.29935	0.01793	0.01665	0.01210	0.00713	0.00584	0.00178	0.00574	0.00556	0.00633	0.00984
22	0.00707	0.00589	0.00621	0.00640	0.00820	0.00503	0.00485	0.00860	0.01311	0.01577	0.05495	0.10856	0.65313	0.01507	0.00700	0.00204	0.00315	0.06463	0.00540	0.00493
23	0.02479	0.00961	0.01308	0.01013	0.01440	0.00832	0.00832	0.02708	0.01663	0.70958	0.07625	0.02151	0.01734	0.00754	0.00592	0.00180	0.00479	0.00619	0.00714	0.00958
24	0.07148	0.04306	0.01183	0.00837	0.01274	0.00838	0.00673	0.01429	0.01267	0.02002	0.14206	0.01731	0.01658	0.00576	0.00468	0.00112	0.00413	0.00466	0.00394	0.59021
25	0.01102	0.00895	0.01208	0.01166	0.01295	0.00913	0.06070	0.01374	0.09813	0.01846	0.08165	0.49052	0.03278	0.01559	0.00908	0.00258	0.08542	0.01329	0.00561	0.00667
26	0.00901	0.00646	0.00811	0.00935	0.00986	0.00587	0.00622	0.00951	0.01227	0.01655	0.03323	0.77195	0.03931	0.01905	0.00813	0.00267	0.00403	0.01677	0.00595	0.00570
27	0.01368	0.07554	0.70229	0.01720	0.02551	0.01495	0.02117	0.01948	0.01336	0.01974	0.01209	0.01459	0.00911	0.00669	0.00618	0.00213	0.00896	0.00482	0.00309	0.00939
28	0.01661	0.01605	0.02275	0.08762	0.57104	0.09194	0.01705	0.02001	0.05384	0.02008	0.01316	0.01689	0.01107	0.00667	0.00647	0.00206	0.00777	0.00568	0.00366	0.00960
29	0.00909	0.00652	0.00819	0.00929	0.00987	0.00592	0.00623	0.00972	0.01266	0.01716	0.08588	0.71755	0.04050	0.01859	0.00809	0.00263	0.00398	0.01634	0.00602	0.00576
30	0.02747	0.01115	0.01467	0.01153	0.01608	0.00958	0.00928	0.02917	0.01762	0.74361	0.02438	0.02206	0.01593	0.00835	0.00660	0.00213	0.00556	0.00640	0.00770	0.01072
31	0.01504	0.05642	0.30210	0.04881	0.41079	0.01497	0.01927	0.01909	0.01385	0.02001	0.01239	0.01583	0.01009	0.00653	0.00634	0.00208	0.00809	0.00532	0.00332	0.00967
32	0.01646	0.07160	0.01682	0.01347	0.01629	0.01651	0.01072	0.12264	0.36012	0.02433	0.07312	0.02159	0.01789	0.00948	0.00944	0.00232	0.17595	0.00663	0.00549	0.00912
33	0.08352	0.01586	0.01716	0.01353	0.01812	0.01675	0.01092	0.54192	0.02485	0.16555	0.01682	0.01710	0.01209	0.00806	0.00642	0.00209	0.00657	0.00576	0.00644	0.01046
34	0.01628	0.45256	0.29912	0.01372	0.01999	0.04084	0.01486	0.01940	0.01337	0.03824	0.01125	0.01330	0.00936	0.00648	0.00530	0.00183	0.00775	0.00426	0.00326	0.00882
35	0.01004	0.00731	0.00900	0.00851	0.01005	0.00657	0.00624	0.01215	0.01726	0.02434	0.69607	0.04576	0.09613	0.01307	0.00759	0.00216	0.00343	0.01103	0.00687	0.00641
36	0.01020	0.00759	0.01064	0.01056	0.01175	0.00834	0.00804	0.01173	0.01053	0.01524	0.01722	0.02503	0.01607	0.04372	0.75134	0.00946	0.01588	0.00677	0.00373	0.00616
37	0.01194	0.00645	0.00892	0.00884	0.00902	0.00618	0.00588	0.00900	0.00882	0.01194	0.01191	0.02001	0.01176	0.02098	0.02300	0.80735	0.00566	0.00562	0.00316	0.00356
38	0.01010	0.00729	0.00895	0.00848	0.00991	0.00660	0.00613	0.01205	0.01677	0.02368	0.66324	0.04498	0.07192	0.07077	0.00926	0.00244	0.00364	0.01083	0.00669	0.00628
39	0.00901	0.00646	0.00811	0.00935	0.00986	0.00587	0.00622	0.00951	0.01227	0.01655	0.03323	0.77195	0.03931	0.01905	0.00813	0.00267	0.00403	0.01677	0.00595	0.00570
40	0.01546	0.01678	0.03489	0.02529	0.03118	0.01556	0.71803	0.01974	0.01479	0.02022	0.01352	0.01807	0.01052	0.00612	0.00759	0.00228	0.01028	0.00738	0.00356	0.00873

[dist]
# distance from previous block
# <min> <max>
8	596

# created by:
# /software/SequenceAnalysis/GenePrediction/augustus/3.0.1/scripts/msa2prfl.pl ./fixed/BUSCOvEOG7908PC.fas
