[name]
unknown

[dist]
# distance from previous block
# <min> <max>
0	223

[block]
# block no. 0 follows, 40 sequences, length 76
# corresponding to MSA columns:
# 228-303
name=unknown_A
#
# <colnr> <probs for GDERKNQSTAVLIFYWHMCP>
#	G	D	E	R	K	N	Q	S	T	A	V	L	I	F	Y	W	H	M	C	P
0	0.00726	0.00589	0.00631	0.00622	0.00793	0.00508	0.00458	0.00890	0.01360	0.01699	0.20059	0.05218	0.56289	0.06588	0.00838	0.00218	0.00308	0.01166	0.00548	0.00494
1	0.00698	0.00587	0.00592	0.00592	0.00775	0.00496	0.00436	0.00835	0.01294	0.01542	0.05622	0.05478	0.70824	0.06647	0.00838	0.00221	0.00312	0.01202	0.00528	0.00482
2	0.00725	0.00533	0.00679	0.00765	0.00839	0.00488	0.00527	0.00861	0.01233	0.01639	0.15704	0.55949	0.14591	0.01665	0.00725	0.00221	0.00321	0.01491	0.00557	0.00488
3	0.00846	0.00564	0.00634	0.00634	0.00634	0.00564	0.00352	0.00846	0.00846	0.01128	0.01832	0.03805	0.02114	0.79563	0.02960	0.00564	0.00564	0.00846	0.00352	0.00352
4	0.01571	0.71950	0.02887	0.01020	0.01505	0.02227	0.00994	0.04369	0.06120	0.01519	0.00932	0.01031	0.00823	0.00524	0.00395	0.00131	0.00612	0.00341	0.00283	0.00766
5	0.01570	0.01245	0.01339	0.01184	0.01520	0.01400	0.00923	0.06653	0.62155	0.07420	0.06046	0.02277	0.01932	0.00825	0.00612	0.00201	0.00476	0.00677	0.00614	0.00929
6	0.00995	0.00792	0.01130	0.12555	0.10037	0.00813	0.00897	0.05909	0.01290	0.01734	0.04195	0.51538	0.02926	0.01420	0.00703	0.00224	0.00476	0.01273	0.00487	0.00607
7	0.00846	0.00624	0.00780	0.00739	0.00888	0.00565	0.00552	0.01089	0.01622	0.02254	0.65063	0.04561	0.15690	0.01253	0.00702	0.00192	0.00292	0.01086	0.00637	0.00562
8	0.83179	0.01152	0.00884	0.00793	0.01155	0.01325	0.00648	0.01735	0.01016	0.02640	0.00852	0.01002	0.00670	0.00567	0.00378	0.00187	0.00464	0.00329	0.00373	0.00651
9	0.02620	0.01050	0.01396	0.01077	0.01528	0.00926	0.00884	0.06432	0.01740	0.72239	0.02281	0.02001	0.01451	0.00745	0.00602	0.00187	0.00516	0.00594	0.00724	0.01008
10	0.01125	0.00573	0.00574	0.00572	0.00711	0.00567	0.00426	0.01383	0.01244	0.02202	0.01932	0.02218	0.01525	0.00704	0.00425	0.00143	0.00286	0.00555	0.82274	0.00563
11	0.83179	0.01152	0.00884	0.00793	0.01155	0.01325	0.00648	0.01735	0.01016	0.02640	0.00852	0.01002	0.00670	0.00567	0.00378	0.00187	0.00464	0.00329	0.00373	0.00651
12	0.83179	0.01152	0.00884	0.00793	0.01155	0.01325	0.00648	0.01735	0.01016	0.02640	0.00852	0.01002	0.00670	0.00567	0.00378	0.00187	0.00464	0.00329	0.00373	0.00651
13	0.02206	0.02788	0.01672	0.01522	0.01824	0.76760	0.01138	0.02344	0.01670	0.01462	0.00940	0.01106	0.00788	0.00626	0.00542	0.00157	0.01059	0.00388	0.00314	0.00695
14	0.00874	0.00650	0.00944	0.00942	0.01043	0.00740	0.00720	0.01056	0.00956	0.01375	0.01612	0.02432	0.01531	0.09227	0.71976	0.00913	0.01500	0.00650	0.00328	0.00530
15	0.01925	0.01494	0.01589	0.01298	0.01707	0.01671	0.01043	0.43944	0.32882	0.03174	0.01840	0.01774	0.01355	0.00762	0.00603	0.00191	0.00578	0.00592	0.00598	0.00979
16	0.02432	0.01197	0.01476	0.01156	0.01595	0.01158	0.00952	0.24526	0.01997	0.49821	0.02092	0.02089	0.01435	0.00785	0.00612	0.00190	0.00555	0.04269	0.00679	0.00985
17	0.01250	0.01083	0.06110	0.01103	0.01413	0.04745	0.00969	0.01546	0.02857	0.07251	0.02299	0.05627	0.02304	0.01146	0.00677	0.00211	0.00563	0.37927	0.00485	0.20434
18	0.01962	0.01435	0.01553	0.01270	0.01678	0.01583	0.01020	0.37335	0.32780	0.09927	0.01923	0.01828	0.01397	0.00764	0.00603	0.00192	0.00564	0.00598	0.00611	0.00979
19	0.17884	0.05333	0.01565	0.01160	0.01604	0.01512	0.00961	0.38277	0.02070	0.21578	0.01518	0.01487	0.01058	0.00689	0.00547	0.00182	0.00579	0.00501	0.00569	0.00927
20	0.00857	0.00625	0.00795	0.00751	0.00895	0.00570	0.00560	0.01110	0.01647	0.02314	0.70567	0.04463	0.10148	0.01231	0.00702	0.00191	0.00291	0.01073	0.00645	0.00566
21	0.00797	0.00623	0.00713	0.00689	0.00859	0.00545	0.00513	0.00995	0.01507	0.01983	0.40207	0.05008	0.40715	0.01354	0.00703	0.00197	0.00300	0.01149	0.00602	0.00541
22	0.00873	0.00654	0.00964	0.00962	0.01069	0.00751	0.00744	0.01069	0.00961	0.01389	0.01595	0.02334	0.01488	0.04364	0.76781	0.00937	0.01565	0.00635	0.00325	0.00541
23	0.02244	0.01653	0.01769	0.01363	0.01829	0.01820	0.01120	0.73557	0.02749	0.03689	0.01434	0.01451	0.01026	0.00724	0.00599	0.00182	0.00653	0.00536	0.00594	0.01008
24	0.01246	0.01062	0.01233	0.00889	0.01407	0.00799	0.00707	0.01492	0.01231	0.01931	0.01074	0.01262	0.00900	0.00458	0.00449	0.00094	0.00445	0.00358	0.00358	0.82607
25	0.01593	0.79433	0.03063	0.01022	0.01520	0.02315	0.01011	0.01767	0.01207	0.01407	0.00850	0.00991	0.00785	0.00525	0.00391	0.00132	0.00635	0.00325	0.00263	0.00766
26	0.00888	0.00595	0.00665	0.00663	0.00668	0.00589	0.00372	0.00877	0.00873	0.01168	0.01868	0.03845	0.02144	0.79081	0.02961	0.00569	0.00577	0.00856	0.00366	0.00375
27	0.01246	0.01062	0.01233	0.00889	0.01407	0.00799	0.00707	0.01492	0.01231	0.01931	0.01074	0.01262	0.00900	0.00458	0.00449	0.00094	0.00445	0.00358	0.00358	0.82607
28	0.06903	0.74337	0.02921	0.01007	0.01496	0.02250	0.00987	0.01765	0.01194	0.01487	0.00850	0.00991	0.00778	0.00528	0.00391	0.00136	0.00624	0.00325	0.00270	0.00759
29	0.01688	0.01495	0.01657	0.01818	0.19440	0.10658	0.01174	0.06347	0.39269	0.07198	0.01860	0.01855	0.01415	0.00717	0.00596	0.00191	0.00613	0.00590	0.00503	0.00918
30	0.00873	0.00654	0.00964	0.00962	0.01069	0.00751	0.00744	0.01069	0.00961	0.01389	0.01595	0.02334	0.01488	0.04364	0.76781	0.00937	0.01565	0.00635	0.00325	0.00541
31	0.12761	0.01054	0.01349	0.06023	0.01638	0.00988	0.00898	0.04487	0.01597	0.59846	0.02034	0.01857	0.01317	0.00713	0.00573	0.00188	0.00525	0.00557	0.00652	0.00941
32	0.01814	0.01297	0.01423	0.01206	0.01585	0.01417	0.00954	0.15881	0.47567	0.15084	0.02183	0.02028	0.01590	0.00779	0.00602	0.00195	0.00512	0.00626	0.00618	0.02638
33	0.73665	0.01211	0.00988	0.00860	0.01234	0.01383	0.00703	0.10178	0.01220	0.02763	0.00920	0.01055	0.00711	0.00585	0.00404	0.00187	0.00486	0.00353	0.00399	0.00693
34	0.01242	0.01132	0.01824	0.65934	0.10424	0.01354	0.01609	0.06230	0.01304	0.01703	0.01103	0.01584	0.00841	0.00610	0.00598	0.00198	0.00771	0.00530	0.00296	0.00714
35	0.01018	0.00659	0.00856	0.00786	0.00953	0.00600	0.00593	0.01275	0.01670	0.08667	0.68944	0.04178	0.05151	0.01172	0.00694	0.00190	0.00308	0.01021	0.00659	0.00608
36	0.01125	0.00573	0.00574	0.00572	0.00711	0.00567	0.00426	0.01383	0.01244	0.02202	0.01932	0.02218	0.01525	0.00704	0.00425	0.00143	0.00286	0.00555	0.82274	0.00563
37	0.00873	0.00654	0.00964	0.00962	0.01069	0.00751	0.00744	0.01069	0.00961	0.01389	0.01595	0.02334	0.01488	0.04364	0.76781	0.00937	0.01565	0.00635	0.00325	0.00541
38	0.01051	0.00536	0.00788	0.00786	0.00790	0.00531	0.00524	0.00790	0.00785	0.01051	0.01051	0.01820	0.01047	0.02038	0.02279	0.82554	0.00519	0.00518	0.00267	0.00276
39	0.01485	0.01276	0.01341	0.01209	0.01540	0.01466	0.00936	0.03107	0.74435	0.02465	0.02399	0.02219	0.01808	0.00814	0.00609	0.00204	0.00474	0.00669	0.00604	0.00939
40	0.00736	0.00620	0.00628	0.00624	0.00821	0.00519	0.00465	0.00876	0.01362	0.01638	0.08636	0.05575	0.72501	0.01483	0.00704	0.00203	0.00309	0.01229	0.00556	0.00515
41	0.01232	0.01238	0.02289	0.50546	0.03595	0.01392	0.23825	0.01625	0.01239	0.01636	0.01104	0.01596	0.00846	0.00602	0.00697	0.00205	0.04759	0.00581	0.00283	0.00709
42	0.00851	0.00625	0.00787	0.00745	0.00892	0.00568	0.00556	0.01099	0.01634	0.02284	0.67778	0.04513	0.12956	0.01242	0.00702	0.00192	0.00292	0.01080	0.00641	0.00564
43	0.01292	0.01057	0.01230	0.00910	0.01403	0.00828	0.00720	0.01605	0.05050	0.04441	0.01242	0.03380	0.01044	0.00523	0.00470	0.00107	0.00446	0.00417	0.00389	0.73446
44	0.83179	0.01152	0.00884	0.00793	0.01155	0.01325	0.00648	0.01735	0.01016	0.02640	0.00852	0.01002	0.00670	0.00567	0.00378	0.00187	0.00464	0.00329	0.00373	0.00651
45	0.02565	0.01139	0.01451	0.01119	0.01573	0.01058	0.00919	0.16344	0.01889	0.62117	0.02156	0.01920	0.01389	0.00742	0.00601	0.00186	0.00536	0.00585	0.00705	0.01008
46	0.02161	0.01530	0.01698	0.04333	0.01852	0.01673	0.01102	0.61584	0.02515	0.09043	0.01497	0.01546	0.01076	0.00906	0.04474	0.00221	0.00693	0.00546	0.00578	0.00970
47	0.01434	0.01098	0.01634	0.20483	0.02128	0.01320	0.04052	0.01653	0.01206	0.14674	0.06189	0.07797	0.01474	0.00934	0.01136	0.00225	0.30786	0.00668	0.00400	0.00709
48	0.00746	0.00618	0.00645	0.00650	0.00835	0.00523	0.00484	0.00890	0.01361	0.01658	0.10324	0.09263	0.65396	0.01495	0.00709	0.00206	0.00316	0.02805	0.00559	0.00517
49	0.01121	0.01053	0.01582	0.06914	0.01641	0.01302	0.07466	0.01282	0.01050	0.01511	0.01644	0.25765	0.01794	0.01294	0.03128	0.00262	0.39314	0.00898	0.00363	0.00617
50	0.00881	0.00592	0.00667	0.00672	0.00678	0.00584	0.00382	0.00875	0.00886	0.01186	0.01937	0.07654	0.02232	0.75152	0.02849	0.00552	0.00566	0.00897	0.00375	0.00381
51	0.02218	0.02447	0.01701	0.01474	0.01825	0.54254	0.01133	0.23730	0.01994	0.02131	0.01089	0.01209	0.00860	0.00655	0.00559	0.00165	0.00937	0.00433	0.00398	0.00789
52	0.00888	0.00595	0.00665	0.00663	0.00668	0.00589	0.00372	0.00877	0.00873	0.01168	0.01868	0.03845	0.02144	0.79081	0.02961	0.00569	0.00577	0.00856	0.00366	0.00375
53	0.01432	0.01194	0.01287	0.01123	0.01476	0.01287	0.00872	0.02711	0.56365	0.04100	0.05150	0.02224	0.03479	0.00787	0.00589	0.00186	0.00459	0.00646	0.00568	0.14064
54	0.00791	0.00556	0.00692	0.00781	0.00813	0.00525	0.00501	0.00853	0.01066	0.01421	0.02895	0.55029	0.05052	0.24496	0.01403	0.00338	0.00417	0.01413	0.00498	0.00460
55	0.00888	0.00595	0.00665	0.00663	0.00668	0.00589	0.00372	0.00877	0.00873	0.01168	0.01868	0.03845	0.02144	0.79081	0.02961	0.00569	0.00577	0.00856	0.00366	0.00375
56	0.01604	0.68323	0.08758	0.01096	0.01621	0.02208	0.01108	0.06448	0.01311	0.01593	0.00907	0.01044	0.00800	0.00542	0.00419	0.00140	0.00655	0.00348	0.00284	0.00791
57	0.00731	0.00620	0.00620	0.00619	0.00818	0.00516	0.00461	0.00866	0.01350	0.01609	0.05900	0.05624	0.75256	0.01494	0.00704	0.00204	0.00310	0.01235	0.00552	0.00513
58	0.01347	0.01169	0.01762	0.52435	0.09978	0.01362	0.01484	0.14219	0.01509	0.01998	0.05967	0.01748	0.01169	0.00662	0.00605	0.00195	0.00723	0.00565	0.00357	0.00746
59	0.01593	0.79433	0.03063	0.01022	0.01520	0.02315	0.01011	0.01767	0.01207	0.01407	0.00850	0.00991	0.00785	0.00525	0.00391	0.00132	0.00635	0.00325	0.00263	0.00766
60	0.02070	0.01668	0.02138	0.01618	0.02102	0.06669	0.18546	0.46318	0.02273	0.08405	0.01414	0.01512	0.01018	0.00669	0.00620	0.00186	0.00751	0.00570	0.00516	0.00938
61	0.02180	0.01150	0.01480	0.05266	0.06485	0.01140	0.01003	0.07492	0.19339	0.44602	0.02142	0.01980	0.01457	0.00741	0.00602	0.00191	0.00537	0.00603	0.00639	0.00969
62	0.01593	0.79433	0.03063	0.01022	0.01520	0.02315	0.01011	0.01767	0.01207	0.01407	0.00850	0.00991	0.00785	0.00525	0.00391	0.00132	0.00635	0.00325	0.00263	0.00766
63	0.00979	0.00700	0.00966	0.01097	0.01234	0.00694	0.00953	0.01234	0.01363	0.01777	0.03106	0.06581	0.03369	0.01627	0.00819	0.00275	0.00549	0.71573	0.00548	0.00557
64	0.00866	0.00625	0.00807	0.00760	0.00901	0.00574	0.00567	0.01127	0.01668	0.02365	0.75188	0.04380	0.05495	0.01212	0.00702	0.00190	0.00289	0.01061	0.00652	0.00570
65	0.01207	0.03023	0.76092	0.01680	0.02538	0.01371	0.02157	0.01867	0.01253	0.01878	0.01084	0.01284	0.00776	0.00579	0.00570	0.00191	0.00871	0.00443	0.00260	0.00879
66	0.00718	0.00513	0.00682	0.00816	0.00851	0.00478	0.00544	0.00817	0.01119	0.01493	0.03211	0.79081	0.03851	0.01826	0.00746	0.00238	0.00341	0.01654	0.00543	0.00477
67	0.00718	0.00513	0.00682	0.00816	0.00851	0.00478	0.00544	0.00817	0.01119	0.01493	0.03211	0.79081	0.03851	0.01826	0.00746	0.00238	0.00341	0.01654	0.00543	0.00477
68	0.01563	0.79803	0.03051	0.01001	0.01499	0.02304	0.00999	0.01747	0.01187	0.01377	0.00818	0.00946	0.00755	0.00504	0.00377	0.00126	0.00625	0.00314	0.00252	0.00751
69	0.83558	0.01131	0.00861	0.00771	0.01132	0.01309	0.00634	0.01715	0.00996	0.02616	0.00819	0.00958	0.00639	0.00546	0.00364	0.00182	0.00453	0.00318	0.00363	0.00635
70	0.00902	0.00712	0.01076	0.01141	0.05914	0.00828	0.00827	0.01112	0.00964	0.01397	0.01496	0.02190	0.01393	0.03945	0.68400	0.00852	0.05373	0.00613	0.00310	0.00556
71	0.01519	0.01287	0.01357	0.01202	0.01543	0.01481	0.00940	0.09035	0.68737	0.02543	0.02293	0.02116	0.01717	0.00787	0.00595	0.00197	0.00478	0.00649	0.00594	0.00931
72	0.01494	0.01630	0.01747	0.05480	0.05552	0.20982	0.01260	0.01652	0.01128	0.01443	0.00870	0.01290	0.00805	0.01000	0.04389	0.00249	0.47612	0.00483	0.00273	0.00661
73	0.01171	0.01249	0.05819	0.55520	0.03580	0.01367	0.13849	0.01567	0.01187	0.01570	0.01047	0.01528	0.00799	0.00604	0.00703	0.00200	0.06746	0.00543	0.00267	0.00684
74	0.00833	0.00601	0.00784	0.00738	0.00876	0.00554	0.00553	0.01104	0.01651	0.02339	0.75528	0.04352	0.05489	0.01194	0.00690	0.00185	0.00278	0.01054	0.00643	0.00554
75	0.00741	0.00530	0.00702	0.00801	0.00856	0.00493	0.00546	0.00873	0.01223	0.01658	0.17301	0.64521	0.04170	0.01703	0.00735	0.00227	0.00328	0.01537	0.00562	0.00492

[dist]
# distance from previous block
# <min> <max>
0	2

[block]
# block no. 1 follows, 40 sequences, length 6
# corresponding to MSA columns:
# 306-311
name=unknown_B
#
# <colnr> <probs for GDERKNQSTAVLIFYWHMCP>
#	G	D	E	R	K	N	Q	S	T	A	V	L	I	F	Y	W	H	M	C	P
0	0.00835	0.00564	0.00658	0.00667	0.00677	0.00568	0.00391	0.00856	0.00871	0.01168	0.01913	0.09139	0.02194	0.68859	0.07835	0.00565	0.00615	0.00889	0.00363	0.00372
1	0.06678	0.25551	0.02056	0.01283	0.01631	0.28498	0.01073	0.12960	0.01533	0.01817	0.00924	0.01091	0.00780	0.00636	0.00664	0.00162	0.11211	0.00393	0.00325	0.00736
2	0.67882	0.01041	0.00901	0.05841	0.01268	0.01203	0.00679	0.01575	0.00972	0.02335	0.00850	0.01088	0.00687	0.00728	0.00614	0.10582	0.00478	0.00352	0.00340	0.00584
3	0.01139	0.01075	0.01817	0.69302	0.12552	0.01303	0.01635	0.01521	0.01182	0.01535	0.01041	0.01537	0.00793	0.00574	0.00581	0.00191	0.00765	0.00517	0.00262	0.00679
4	0.02068	0.02194	0.01698	0.01448	0.01764	0.42191	0.01137	0.26145	0.01912	0.02169	0.01047	0.01194	0.00831	0.00687	0.00724	0.00172	0.11015	0.00442	0.00388	0.00774
5	0.01140	0.01064	0.01648	0.53959	0.03199	0.01257	0.01398	0.01471	0.01136	0.01552	0.00999	0.01451	0.00790	0.00608	0.00721	0.00181	0.10548	0.00483	0.00274	0.16120

[dist]
# distance from previous block
# <min> <max>
2	20

[block]
# block no. 2 follows, 40 sequences, length 10
# corresponding to MSA columns:
# 332-341
name=unknown_C
#
# <colnr> <probs for GDERKNQSTAVLIFYWHMCP>
#	G	D	E	R	K	N	Q	S	T	A	V	L	I	F	Y	W	H	M	C	P
0	0.01478	0.01120	0.01262	0.01020	0.01388	0.01104	0.00808	0.26957	0.06470	0.04328	0.09176	0.12284	0.05571	0.00867	0.00577	0.00162	0.00473	0.00722	0.00518	0.23715
1	0.00827	0.00565	0.00671	0.00674	0.00708	0.00551	0.00416	0.00899	0.01054	0.01437	0.18764	0.11373	0.03053	0.54046	0.02223	0.00445	0.00476	0.00972	0.00436	0.00409
2	0.01803	0.02157	0.01366	0.01258	0.01474	0.55882	0.00909	0.01911	0.01425	0.01341	0.01159	0.01816	0.01129	0.22585	0.01202	0.00265	0.00914	0.00506	0.00314	0.00585
3	0.00819	0.00614	0.00773	0.00789	0.00941	0.00567	0.00629	0.01059	0.01477	0.01968	0.37175	0.05289	0.23269	0.01379	0.00719	0.00210	0.00352	0.20858	0.00585	0.00530
4	0.01995	0.01522	0.01624	0.01294	0.01721	0.01703	0.01053	0.53993	0.23089	0.03317	0.01670	0.01614	0.01211	0.00724	0.00585	0.00181	0.00589	0.00561	0.00585	0.00970
5	0.12227	0.00854	0.01069	0.00924	0.01222	0.00769	0.03884	0.01460	0.01216	0.12897	0.02056	0.32118	0.02097	0.01041	0.00579	0.00177	0.00430	0.00909	0.00477	0.23595
6	0.01403	0.57803	0.02410	0.00929	0.01288	0.01801	0.00859	0.01467	0.01064	0.01268	0.00865	0.01165	0.00820	0.00921	0.00902	0.23222	0.00589	0.00365	0.00250	0.00609
7	0.00881	0.00640	0.00717	0.00693	0.00786	0.00633	0.00459	0.05195	0.01100	0.01423	0.02909	0.04011	0.22471	0.45720	0.09524	0.00475	0.00591	0.00911	0.00414	0.00445
8	0.00780	0.00569	0.00733	0.00741	0.00855	0.00523	0.00537	0.00995	0.01471	0.02032	0.49558	0.25288	0.10976	0.01389	0.00702	0.00199	0.00294	0.01234	0.00604	0.00523
9	0.01111	0.00879	0.00911	0.00798	0.01069	0.00856	0.00627	0.21205	0.01718	0.02154	0.04639	0.04427	0.54898	0.01257	0.00658	0.00190	0.00391	0.01031	0.00552	0.00630

[dist]
# distance from previous block
# <min> <max>
0	2

[block]
# block no. 3 follows, 40 sequences, length 14
# corresponding to MSA columns:
# 344-357
name=unknown_D
#
# <colnr> <probs for GDERKNQSTAVLIFYWHMCP>
#	G	D	E	R	K	N	Q	S	T	A	V	L	I	F	Y	W	H	M	C	P
0	0.00819	0.00571	0.00644	0.00644	0.00682	0.00561	0.00388	0.00855	0.00930	0.01213	0.02489	0.04017	0.14262	0.62439	0.06727	0.00524	0.00575	0.00896	0.00381	0.00385
1	0.01068	0.00753	0.00884	0.00816	0.00916	0.00805	0.00559	0.13000	0.01178	0.01596	0.01700	0.03075	0.01784	0.50096	0.18778	0.00580	0.00793	0.00744	0.00381	0.00494
2	0.02211	0.01629	0.01745	0.01338	0.01803	0.01803	0.01105	0.73997	0.02734	0.03665	0.01396	0.01396	0.00989	0.00698	0.00582	0.00175	0.00640	0.00524	0.00582	0.00989
3	0.01415	0.66765	0.02654	0.00964	0.01385	0.01998	0.00920	0.01587	0.01170	0.01387	0.01205	0.13890	0.01260	0.00717	0.00434	0.00143	0.00575	0.00533	0.00297	0.00701
4	0.01160	0.01187	0.06136	0.60855	0.03504	0.01321	0.01532	0.01773	0.13374	0.01664	0.01255	0.01634	0.00938	0.00614	0.00581	0.00194	0.00728	0.00535	0.00313	0.00704
5	0.01181	0.00789	0.00893	0.00815	0.01065	0.00756	0.00628	0.01665	0.16708	0.14216	0.12687	0.08134	0.35797	0.01191	0.00653	0.00194	0.00362	0.01005	0.00592	0.00669
6	0.02181	0.02519	0.01669	0.01463	0.01799	0.60533	0.01120	0.18187	0.01888	0.01919	0.01009	0.01126	0.00802	0.00621	0.00537	0.00155	0.00958	0.00408	0.00362	0.00744
7	0.01485	0.01659	0.08310	0.05417	0.02838	0.01510	0.53598	0.13789	0.01579	0.02144	0.01197	0.01515	0.00885	0.00533	0.00655	0.00192	0.00907	0.00634	0.00337	0.00818
8	0.02609	0.00990	0.01350	0.01035	0.01484	0.00855	0.00855	0.02834	0.01664	0.76338	0.02294	0.01979	0.01439	0.00720	0.00585	0.00180	0.00495	0.00585	0.00720	0.00990
9	0.01321	0.01480	0.03161	0.02293	0.02815	0.01413	0.65381	0.01767	0.01333	0.01815	0.01303	0.07106	0.01089	0.00609	0.00744	0.00202	0.04355	0.00748	0.00310	0.00755
10	0.83671	0.01125	0.00855	0.00765	0.01125	0.01305	0.00630	0.01709	0.00990	0.02609	0.00810	0.00945	0.00630	0.00540	0.00360	0.00180	0.00450	0.00315	0.00360	0.00630
11	0.00845	0.00567	0.00649	0.00649	0.00654	0.00572	0.00370	0.00855	0.00850	0.01138	0.01819	0.03732	0.02082	0.75942	0.06538	0.00582	0.00612	0.00835	0.00350	0.00360
12	0.02474	0.01030	0.01356	0.01047	0.01482	0.00929	0.00862	0.09581	0.01766	0.65331	0.06192	0.02052	0.01616	0.00743	0.00590	0.00180	0.00497	0.00604	0.00702	0.00966
13	0.00799	0.00582	0.00752	0.00734	0.00860	0.00535	0.00541	0.01042	0.01554	0.02171	0.61584	0.14633	0.09451	0.01292	0.00694	0.00191	0.00284	0.01144	0.00620	0.00535

[dist]
# distance from previous block
# <min> <max>
3	174

# created by:
# /software/SequenceAnalysis/GenePrediction/augustus/3.0.1/scripts/msa2prfl.pl ./fixed/BUSCOvEOG7V18DN.fas
