[name]
unknown

[dist]
# distance from previous block
# <min> <max>
0	238

[block]
# block no. 0 follows, 39 sequences, length 8
# corresponding to MSA columns:
# 276-283
name=unknown_A
#
# <colnr> <probs for GDERKNQSTAVLIFYWHMCP>
#	G	D	E	R	K	N	Q	S	T	A	V	L	I	F	Y	W	H	M	C	P
0	0.01536	0.01303	0.01374	0.01217	0.01563	0.01501	0.00952	0.09049	0.68447	0.02579	0.02324	0.02140	0.01738	0.00795	0.00601	0.00199	0.00483	0.00657	0.00601	0.00942
1	0.00717	0.00594	0.00628	0.00632	0.00813	0.00505	0.00469	0.00879	0.01372	0.01684	0.14075	0.10483	0.62136	0.01487	0.00703	0.00201	0.00300	0.01256	0.00561	0.00505
2	0.01294	0.01294	0.01811	0.01553	0.01553	0.01811	0.01294	0.01423	0.00906	0.01423	0.00776	0.01294	0.00776	0.01035	0.01941	0.00259	0.78134	0.00518	0.00259	0.00647
3	0.00863	0.00616	0.00849	0.00986	0.01083	0.00603	0.00796	0.01069	0.01272	0.01669	0.03181	0.34665	0.03600	0.01719	0.00793	0.00260	0.00466	0.44442	0.00546	0.00520
4	0.01389	0.01140	0.01266	0.01184	0.01475	0.01284	0.00955	0.07914	0.49269	0.02377	0.02529	0.03357	0.02178	0.01021	0.00659	0.00218	0.00502	0.19861	0.00585	0.00835
5	0.00849	0.00569	0.00648	0.00659	0.00662	0.00566	0.00374	0.00857	0.00882	0.01176	0.01976	0.09937	0.02293	0.72955	0.02827	0.00546	0.00555	0.00926	0.00374	0.00368
6	0.00846	0.00610	0.00803	0.00771	0.00910	0.00567	0.00588	0.01124	0.01650	0.02325	0.69676	0.04591	0.05413	0.01242	0.00707	0.00193	0.00299	0.06486	0.00643	0.00557
7	0.01226	0.01051	0.01226	0.00876	0.01401	0.00788	0.00701	0.01489	0.01226	0.01927	0.01051	0.01226	0.00876	0.00438	0.00438	0.00088	0.00438	0.00350	0.00350	0.82832

[dist]
# distance from previous block
# <min> <max>
3	14

[block]
# block no. 1 follows, 39 sequences, length 22
# corresponding to MSA columns:
# 298-319
name=unknown_B
#
# <colnr> <probs for GDERKNQSTAVLIFYWHMCP>
#	G	D	E	R	K	N	Q	S	T	A	V	L	I	F	Y	W	H	M	C	P
0	0.74405	0.01200	0.00970	0.00842	0.01220	0.01383	0.00694	0.09694	0.01203	0.02772	0.00890	0.01012	0.00681	0.00567	0.00391	0.00182	0.00479	0.00344	0.00391	0.00681
1	0.00950	0.00696	0.00987	0.05890	0.01367	0.00707	0.00953	0.01231	0.01385	0.01820	0.10985	0.06100	0.03480	0.01521	0.00789	0.00258	0.00531	0.59260	0.00539	0.00553
2	0.01268	0.02328	0.49980	0.01649	0.05669	0.01211	0.06934	0.01807	0.01304	0.07886	0.04421	0.10068	0.01373	0.00739	0.00602	0.00193	0.00762	0.00636	0.00344	0.00826
3	0.15338	0.00778	0.00876	0.00907	0.01076	0.00812	0.00674	0.01478	0.11869	0.06315	0.02645	0.43485	0.02847	0.01387	0.00660	0.00224	0.00408	0.07074	0.00535	0.00611
4	0.00833	0.00572	0.00643	0.00651	0.00675	0.00559	0.00380	0.00856	0.00931	0.01220	0.02409	0.08801	0.10363	0.65727	0.02612	0.00511	0.00528	0.00955	0.00391	0.00382
5	0.01026	0.00640	0.00844	0.00786	0.00950	0.00584	0.00592	0.01281	0.01620	0.10431	0.59691	0.11857	0.04951	0.01223	0.00692	0.00191	0.00310	0.01080	0.00649	0.00600
6	0.01397	0.01441	0.02715	0.04335	0.25791	0.01383	0.36298	0.01896	0.06077	0.01938	0.01229	0.01552	0.00964	0.00523	0.00625	0.00180	0.00803	0.00599	0.00321	0.09935
7	0.01167	0.01126	0.01845	0.57888	0.03470	0.01433	0.04170	0.01505	0.01128	0.01505	0.00994	0.01514	0.00790	0.00688	0.00899	0.00211	0.18215	0.00530	0.00263	0.00660
8	0.01204	0.01027	0.01202	0.00874	0.01377	0.00774	0.00694	0.01459	0.01222	0.01908	0.01151	0.04723	0.01013	0.00502	0.00452	0.00094	0.00434	0.00410	0.00359	0.79121
9	0.01186	0.03059	0.76153	0.01686	0.02560	0.01373	0.02185	0.01873	0.01249	0.01873	0.01061	0.01249	0.00749	0.00562	0.00562	0.00187	0.00874	0.00437	0.00250	0.00874
10	0.00860	0.00573	0.00645	0.00645	0.00645	0.00573	0.00358	0.00860	0.00860	0.01147	0.01863	0.03870	0.02150	0.79217	0.03010	0.00573	0.00573	0.00860	0.00358	0.00358
11	0.01395	0.01410	0.02709	0.14147	0.10394	0.01489	0.38381	0.01782	0.01280	0.04947	0.01137	0.01541	0.00887	0.00625	0.00893	0.00207	0.15085	0.00616	0.00304	0.00771
12	0.02340	0.01097	0.01549	0.01511	0.14440	0.01009	0.01037	0.04699	0.04803	0.56044	0.03794	0.01964	0.01469	0.00710	0.00596	0.00182	0.00536	0.00595	0.00644	0.00981
13	0.00721	0.00515	0.00686	0.00823	0.00858	0.00480	0.00549	0.00823	0.01132	0.01510	0.03259	0.78831	0.03911	0.01853	0.00755	0.00240	0.00343	0.01681	0.00549	0.00480
14	0.01541	0.01709	0.01825	0.41459	0.12942	0.27396	0.01493	0.01846	0.01375	0.01546	0.01012	0.01385	0.00799	0.00589	0.00570	0.00179	0.00873	0.00476	0.00281	0.00705
15	0.01908	0.00872	0.01130	0.00913	0.01276	0.00746	0.00733	0.02128	0.01577	0.45453	0.12290	0.05282	0.14925	0.00939	0.00619	0.00181	0.00429	0.00785	0.00654	0.07161
16	0.83394	0.01144	0.00869	0.00778	0.01144	0.01327	0.00640	0.01738	0.01006	0.02653	0.00823	0.00961	0.00640	0.00549	0.00366	0.00183	0.00457	0.00320	0.00366	0.00640
17	0.00851	0.00575	0.00642	0.00642	0.00654	0.00569	0.00363	0.00859	0.00887	0.01172	0.02094	0.03972	0.06234	0.74877	0.02881	0.00552	0.00558	0.00882	0.00369	0.00366
18	0.02525	0.01035	0.01371	0.01064	0.01507	0.00931	0.00875	0.05524	0.05797	0.67204	0.04185	0.02063	0.01572	0.00747	0.00598	0.00184	0.00501	0.00609	0.00717	0.00991
19	0.00721	0.00515	0.00686	0.00823	0.00858	0.00480	0.00549	0.00823	0.01132	0.01510	0.03259	0.78831	0.03911	0.01853	0.00755	0.00240	0.00343	0.01681	0.00549	0.00480
20	0.01581	0.79572	0.03099	0.01012	0.01518	0.02340	0.01012	0.01771	0.01202	0.01391	0.00822	0.00949	0.00759	0.00506	0.00379	0.00126	0.00632	0.00316	0.00253	0.00759
21	0.01186	0.03059	0.76153	0.01686	0.02560	0.01373	0.02185	0.01873	0.01249	0.01873	0.01061	0.01249	0.00749	0.00562	0.00562	0.00187	0.00874	0.00437	0.00250	0.00874

[dist]
# distance from previous block
# <min> <max>
0	1

[block]
# block no. 2 follows, 39 sequences, length 11
# corresponding to MSA columns:
# 321-331
name=unknown_C
#
# <colnr> <probs for GDERKNQSTAVLIFYWHMCP>
#	G	D	E	R	K	N	Q	S	T	A	V	L	I	F	Y	W	H	M	C	P
0	0.83394	0.01144	0.00869	0.00778	0.01144	0.01327	0.00640	0.01738	0.01006	0.02653	0.00823	0.00961	0.00640	0.00549	0.00366	0.00183	0.00457	0.00320	0.00366	0.00640
1	0.00718	0.00525	0.00675	0.00795	0.00850	0.00483	0.00536	0.00827	0.01160	0.01521	0.03607	0.69524	0.12994	0.01808	0.00748	0.00235	0.00338	0.01626	0.00549	0.00483
2	0.02387	0.00939	0.01278	0.01021	0.01420	0.00816	0.00825	0.02598	0.01615	0.65663	0.02461	0.12617	0.01802	0.00887	0.00617	0.00191	0.00481	0.00745	0.00707	0.00934
3	0.02221	0.02467	0.01706	0.01474	0.01830	0.54123	0.01137	0.23926	0.02010	0.02138	0.01067	0.01173	0.00836	0.00640	0.00551	0.00160	0.00941	0.00427	0.00392	0.00783
4	0.01226	0.01051	0.01226	0.00876	0.01401	0.00788	0.00701	0.01489	0.01226	0.01927	0.01051	0.01226	0.00876	0.00438	0.00438	0.00088	0.00438	0.00350	0.00350	0.82832
5	0.20351	0.01281	0.01287	0.01121	0.01484	0.01462	0.00890	0.11773	0.45843	0.05393	0.01916	0.01814	0.01424	0.00730	0.00546	0.00193	0.00490	0.00569	0.00551	0.00880
6	0.01465	0.48489	0.18443	0.11781	0.02109	0.05784	0.01356	0.01787	0.01233	0.01514	0.00910	0.01105	0.00761	0.00535	0.00455	0.00151	0.00728	0.00374	0.00256	0.00766
7	0.02348	0.01241	0.05307	0.01150	0.01613	0.01117	0.00982	0.12624	0.12468	0.51372	0.02152	0.01920	0.01413	0.00730	0.00594	0.00185	0.00538	0.00589	0.00668	0.00989
8	0.00858	0.00582	0.00688	0.00688	0.00703	0.00597	0.00412	0.00888	0.00873	0.01179	0.01824	0.03651	0.02055	0.68652	0.13445	0.00627	0.00716	0.00828	0.00352	0.00382
9	0.01453	0.01190	0.01285	0.01151	0.01455	0.01342	0.00891	0.13501	0.49511	0.02527	0.06221	0.12780	0.02173	0.00955	0.00626	0.00202	0.00469	0.00809	0.00596	0.00864
10	0.00837	0.00604	0.00790	0.00744	0.00883	0.00558	0.00558	0.01116	0.01674	0.02371	0.75216	0.04417	0.05580	0.01209	0.00697	0.00186	0.00279	0.01069	0.00651	0.00558

[dist]
# distance from previous block
# <min> <max>
0	2

[block]
# block no. 3 follows, 39 sequences, length 15
# corresponding to MSA columns:
# 334-348
name=unknown_D
#
# <colnr> <probs for GDERKNQSTAVLIFYWHMCP>
#	G	D	E	R	K	N	Q	S	T	A	V	L	I	F	Y	W	H	M	C	P
0	0.00840	0.00579	0.00652	0.00652	0.00681	0.00571	0.00385	0.00867	0.00924	0.01211	0.02361	0.04032	0.11136	0.66610	0.05717	0.00543	0.00581	0.00899	0.00380	0.00383
1	0.00845	0.00634	0.00950	0.00950	0.01056	0.00739	0.00739	0.01056	0.00950	0.01373	0.01584	0.02323	0.01478	0.04435	0.76873	0.00950	0.01584	0.00634	0.00317	0.00528
2	0.23735	0.01472	0.01480	0.01186	0.01614	0.01654	0.00972	0.45778	0.11142	0.03287	0.01383	0.01395	0.01007	0.00678	0.00533	0.00182	0.00577	0.00493	0.00533	0.00900
3	0.01186	0.03059	0.76153	0.01686	0.02560	0.01373	0.02185	0.01873	0.01249	0.01873	0.01061	0.01249	0.00749	0.00562	0.00562	0.00187	0.00874	0.00437	0.00250	0.00874
4	0.01208	0.01144	0.01939	0.58230	0.22923	0.01338	0.01688	0.01591	0.01226	0.01622	0.01067	0.01547	0.00827	0.00574	0.00590	0.00191	0.00766	0.00526	0.00271	0.00731
5	0.02129	0.01824	0.01597	0.01303	0.01693	0.22081	0.01040	0.43269	0.02265	0.05996	0.01377	0.01435	0.01015	0.00681	0.00556	0.00167	0.00717	0.00496	0.09490	0.00869
6	0.01145	0.00971	0.01128	0.00856	0.01302	0.00761	0.00673	0.01439	0.03828	0.01913	0.04726	0.06377	0.07449	0.00655	0.00495	0.00114	0.00415	0.00545	0.00400	0.64809
7	0.01004	0.00525	0.00773	0.00767	0.00784	0.00519	0.00519	0.00813	0.00882	0.01193	0.10169	0.02120	0.01588	0.01950	0.02112	0.72614	0.00485	0.00582	0.00305	0.00294
8	0.11233	0.00632	0.00797	0.00784	0.00847	0.00647	0.00542	0.00984	0.00876	0.01387	0.01134	0.01794	0.01069	0.01761	0.01900	0.64226	0.00500	0.00508	0.08019	0.00359
9	0.00850	0.00631	0.00720	0.00701	0.00866	0.00560	0.00520	0.01055	0.01506	0.02043	0.36588	0.07090	0.34352	0.01328	0.00692	0.00197	0.00307	0.01125	0.08313	0.00555
10	0.01422	0.01265	0.01817	0.36844	0.09932	0.01450	0.04883	0.08842	0.22885	0.02105	0.01544	0.01800	0.01172	0.00685	0.00619	0.00203	0.00697	0.00592	0.00414	0.00830
11	0.00913	0.00730	0.01030	0.00905	0.01094	0.00665	0.07389	0.01151	0.01550	0.02120	0.48404	0.04416	0.19194	0.06707	0.00879	0.00226	0.00389	0.01067	0.00590	0.00580
12	0.01474	0.01310	0.01690	0.06192	0.19181	0.01485	0.01236	0.04908	0.39110	0.02219	0.01872	0.04621	0.01510	0.00815	0.00774	0.00210	0.09359	0.00655	0.00483	0.00896
13	0.01617	0.01094	0.01172	0.00963	0.01280	0.01133	0.00766	0.31184	0.01932	0.02857	0.06425	0.01991	0.01549	0.00738	0.00529	0.00162	0.00464	0.00573	0.35074	0.08499
14	0.05192	0.01408	0.06207	0.01207	0.01615	0.01410	0.01001	0.09784	0.47938	0.02517	0.02098	0.02023	0.03166	0.00766	0.00589	0.00191	0.00521	0.00611	0.00549	0.11207

[dist]
# distance from previous block
# <min> <max>
0	237

# created by:
# /software/SequenceAnalysis/GenePrediction/augustus/3.0.1/scripts/msa2prfl.pl ./fixed/BUSCOvEOG7HB00K.fas
