[name]
unknown

[dist]
# distance from previous block
# <min> <max>
6	333

[block]
# block no. 0 follows, 39 sequences, length 8
# corresponding to MSA columns:
# 418-425
name=unknown_A
#
# <colnr> <probs for GDERKNQSTAVLIFYWHMCP>
#	G	D	E	R	K	N	Q	S	T	A	V	L	I	F	Y	W	H	M	C	P
0	0.00995	0.06749	0.01290	0.25112	0.01984	0.03036	0.00960	0.01210	0.01190	0.01519	0.02506	0.27201	0.13170	0.03058	0.00748	0.00212	0.03556	0.00991	0.00405	0.04109
1	0.01091	0.00545	0.00585	0.00585	0.00701	0.00545	0.00429	0.01286	0.01169	0.02026	0.01792	0.02143	0.01441	0.00897	0.00702	0.12715	0.00312	0.00545	0.69985	0.00506
2	0.07964	0.01318	0.01936	0.06287	0.02055	0.01353	0.18146	0.21274	0.01734	0.17281	0.01528	0.04925	0.01166	0.02473	0.00712	0.00196	0.03957	0.00616	0.00481	0.04597
3	0.01443	0.07392	0.08496	0.19437	0.10784	0.01517	0.23846	0.12656	0.01507	0.02028	0.01165	0.01504	0.00895	0.00728	0.03839	0.00218	0.00852	0.00562	0.00328	0.00804
4	0.61837	0.01270	0.09046	0.00850	0.01246	0.01206	0.00780	0.01618	0.01085	0.02407	0.01636	0.01712	0.12011	0.00695	0.00438	0.00186	0.00479	0.00474	0.00381	0.00644
5	0.06437	0.00973	0.01161	0.06792	0.01430	0.01073	0.00841	0.21502	0.01565	0.02185	0.02188	0.37557	0.02356	0.04836	0.00856	0.00232	0.05789	0.01067	0.00499	0.00658
6	0.01102	0.00551	0.00551	0.00551	0.00689	0.00551	0.00413	0.01378	0.01240	0.02205	0.01929	0.02205	0.01516	0.00689	0.00413	0.00138	0.00276	0.00551	0.82500	0.00551
7	0.61221	0.01137	0.00989	0.00848	0.01218	0.01272	0.00696	0.08693	0.01267	0.10725	0.01121	0.01204	0.00825	0.00594	0.00416	0.00179	0.00468	0.00386	0.06031	0.00709

[dist]
# distance from previous block
# <min> <max>
0	1

[block]
# block no. 1 follows, 39 sequences, length 7
# corresponding to MSA columns:
# 427-433
name=unknown_B
#
# <colnr> <probs for GDERKNQSTAVLIFYWHMCP>
#	G	D	E	R	K	N	Q	S	T	A	V	L	I	F	Y	W	H	M	C	P
0	0.01366	0.00727	0.00884	0.00787	0.01050	0.00626	0.00610	0.01550	0.01473	0.26444	0.11262	0.11608	0.36779	0.01250	0.00670	0.00197	0.00370	0.01056	0.00620	0.00672
1	0.28774	0.01318	0.01890	0.02679	0.50733	0.01379	0.01423	0.01789	0.01233	0.02172	0.01016	0.01296	0.00838	0.00534	0.00512	0.00178	0.00621	0.00458	0.00317	0.00838
2	0.01176	0.01132	0.01786	0.52381	0.03233	0.01480	0.01526	0.01482	0.01090	0.01482	0.00960	0.01482	0.00784	0.00739	0.01041	0.00218	0.26570	0.00523	0.00261	0.00654
3	0.01856	0.01111	0.01339	0.01016	0.01493	0.00979	0.00823	0.08630	0.08831	0.28785	0.01681	0.01624	0.01192	0.00605	0.00525	0.00141	0.00484	0.00486	0.00534	0.37865
4	0.30526	0.09258	0.05646	0.03191	0.04329	0.04130	0.00949	0.02230	0.05451	0.26795	0.01450	0.01436	0.01019	0.00623	0.00489	0.00177	0.00556	0.00453	0.00475	0.00818
5	0.28852	0.53430	0.02356	0.00934	0.01393	0.02002	0.00888	0.01760	0.01137	0.01812	0.00823	0.00953	0.00719	0.00520	0.00375	0.00145	0.00574	0.00318	0.00291	0.00719
6	0.00813	0.00544	0.00736	0.00788	0.00851	0.00512	0.00546	0.00912	0.01249	0.01712	0.26851	0.40433	0.03959	0.01674	0.01010	0.14789	0.00352	0.01271	0.00531	0.00467

[dist]
# distance from previous block
# <min> <max>
0	4

[block]
# block no. 2 follows, 39 sequences, length 12
# corresponding to MSA columns:
# 438-449
name=unknown_C
#
# <colnr> <probs for GDERKNQSTAVLIFYWHMCP>
#	G	D	E	R	K	N	Q	S	T	A	V	L	I	F	Y	W	H	M	C	P
0	0.01210	0.01551	0.22248	0.01181	0.01621	0.01084	0.01164	0.09171	0.01302	0.01908	0.01365	0.05838	0.01224	0.07625	0.12616	0.00318	0.05787	0.00567	0.02436	0.19784
1	0.01245	0.02648	0.55728	0.01912	0.02709	0.01408	0.22197	0.01879	0.01290	0.01879	0.01099	0.01346	0.00791	0.00544	0.00600	0.00191	0.00909	0.00510	0.00264	0.00853
2	0.00804	0.00579	0.00761	0.00766	0.00876	0.00536	0.00555	0.01034	0.01522	0.02129	0.54990	0.25334	0.05111	0.01390	0.00714	0.00201	0.00297	0.01241	0.00622	0.00536
3	0.00734	0.00522	0.00688	0.00809	0.00846	0.00489	0.00538	0.00838	0.01139	0.01525	0.06322	0.71035	0.03878	0.06511	0.00889	0.00258	0.00354	0.01605	0.00542	0.00476
4	0.02112	0.01343	0.01654	0.01314	0.01649	0.01513	0.01089	0.30244	0.01899	0.26616	0.01537	0.01578	0.01091	0.00808	0.00972	0.00202	0.22382	0.00549	0.00544	0.00905
5	0.00860	0.00573	0.00645	0.00645	0.00645	0.00573	0.00358	0.00860	0.00860	0.01147	0.01863	0.03870	0.02150	0.79217	0.03010	0.00573	0.00573	0.00860	0.00358	0.00358
6	0.01244	0.01226	0.01801	0.22983	0.02261	0.01672	0.01392	0.01448	0.00983	0.01448	0.00854	0.01373	0.00780	0.00910	0.01561	0.00241	0.56393	0.00520	0.00260	0.00650
7	0.00771	0.00553	0.00735	0.00813	0.00887	0.00517	0.00575	0.00940	0.01320	0.01802	0.26400	0.50792	0.04419	0.01633	0.00740	0.00225	0.00334	0.05454	0.00582	0.00509
8	0.01882	0.57489	0.02614	0.01023	0.01516	0.01927	0.00972	0.02083	0.01340	0.22345	0.01247	0.01248	0.00957	0.00569	0.00440	0.00142	0.00596	0.00394	0.00388	0.00828
9	0.01117	0.01051	0.01774	0.77795	0.04073	0.01314	0.01642	0.01511	0.01182	0.01511	0.01051	0.01577	0.00788	0.00591	0.00591	0.00197	0.00788	0.00526	0.00263	0.00657
10	0.01341	0.00717	0.00946	0.00824	0.01056	0.00643	0.00641	0.01601	0.01665	0.23016	0.51700	0.03797	0.07474	0.01088	0.00669	0.00186	0.00343	0.00944	0.00669	0.00681
11	0.00753	0.00540	0.00716	0.00801	0.00865	0.00502	0.00552	0.00906	0.01285	0.01752	0.23485	0.57914	0.04380	0.01672	0.00739	0.00225	0.00325	0.01509	0.00578	0.00502

[dist]
# distance from previous block
# <min> <max>
0	1

[block]
# block no. 3 follows, 39 sequences, length 11
# corresponding to MSA columns:
# 451-461
name=unknown_D
#
# <colnr> <probs for GDERKNQSTAVLIFYWHMCP>
#	G	D	E	R	K	N	Q	S	T	A	V	L	I	F	Y	W	H	M	C	P
0	0.00719	0.00520	0.00681	0.00810	0.00854	0.00481	0.00543	0.00825	0.01145	0.01515	0.03425	0.74407	0.08228	0.01831	0.00751	0.00238	0.00340	0.01655	0.00549	0.00481
1	0.01535	0.01700	0.03638	0.25056	0.02506	0.22545	0.04857	0.02115	0.16986	0.01717	0.01277	0.01527	0.01001	0.00691	0.00747	0.00193	0.10302	0.00521	0.00348	0.00736
2	0.01062	0.00949	0.01532	0.61278	0.03339	0.01155	0.01367	0.01372	0.01113	0.01433	0.01225	0.02068	0.01080	0.17424	0.01109	0.00278	0.00742	0.00597	0.00283	0.00593
3	0.02353	0.01488	0.01671	0.01281	0.01750	0.01584	0.01058	0.55273	0.02499	0.22407	0.01656	0.01573	0.01124	0.00716	0.00592	0.00179	0.00613	0.00549	0.00628	0.01006
4	0.00732	0.00519	0.00683	0.00809	0.00840	0.00488	0.00533	0.00826	0.01110	0.01480	0.03146	0.72726	0.03768	0.08153	0.00938	0.00267	0.00362	0.01614	0.00533	0.00470
5	0.01118	0.00936	0.01111	0.00865	0.01285	0.00722	0.00668	0.01347	0.01206	0.01838	0.01524	0.17840	0.01526	0.00741	0.00506	0.00120	0.00418	0.00635	0.00393	0.65202
6	0.02544	0.00982	0.01337	0.01034	0.01472	0.00850	0.00850	0.02776	0.01692	0.71504	0.06725	0.02158	0.01712	0.00761	0.00601	0.00183	0.00490	0.00623	0.00727	0.00979
7	0.01013	0.00827	0.01384	0.01131	0.01376	0.00766	0.16158	0.01331	0.01597	0.04678	0.54571	0.06199	0.04386	0.01062	0.00696	0.00191	0.00442	0.00994	0.00575	0.00622
8	0.21734	0.01012	0.01181	0.00976	0.01359	0.00989	0.00788	0.02424	0.07398	0.44970	0.02069	0.09418	0.01538	0.00805	0.00556	0.00190	0.00473	0.00643	0.00615	0.00861
9	0.01351	0.01429	0.01753	0.61467	0.03592	0.17484	0.01535	0.01693	0.01288	0.01497	0.01022	0.01467	0.00783	0.00595	0.00579	0.00188	0.00848	0.00495	0.00272	0.00663
10	0.01657	0.01408	0.01815	0.24572	0.15798	0.05192	0.01377	0.22610	0.11100	0.04708	0.01370	0.01574	0.01028	0.00657	0.00620	0.00187	0.02507	0.00541	0.00423	0.00856

[dist]
# distance from previous block
# <min> <max>
0	2

[block]
# block no. 4 follows, 39 sequences, length 53
# corresponding to MSA columns:
# 464-516
name=unknown_E
#
# <colnr> <probs for GDERKNQSTAVLIFYWHMCP>
#	G	D	E	R	K	N	Q	S	T	A	V	L	I	F	Y	W	H	M	C	P
0	0.01645	0.01346	0.04774	0.17486	0.02217	0.04676	0.05069	0.04950	0.04474	0.18081	0.01315	0.01561	0.00989	0.00786	0.01064	0.00213	0.27640	0.00544	0.00397	0.00775
1	0.20136	0.04768	0.01623	0.01227	0.01668	0.06102	0.01014	0.50652	0.02261	0.03263	0.01235	0.01279	0.00901	0.00660	0.00530	0.00175	0.00631	0.00468	0.00511	0.00896
2	0.22852	0.10201	0.04278	0.00944	0.01430	0.02433	0.00817	0.06332	0.01288	0.04145	0.01022	0.01157	0.00818	0.00508	0.00433	0.00130	0.00508	0.00361	0.00365	0.39979
3	0.00753	0.00544	0.00668	0.00747	0.00803	0.00507	0.00492	0.00847	0.01126	0.01477	0.06191	0.48181	0.14498	0.18855	0.01242	0.00305	0.00385	0.01410	0.00511	0.00459
4	0.00721	0.00515	0.00686	0.00823	0.00858	0.00480	0.00549	0.00823	0.01132	0.01510	0.03259	0.78831	0.03911	0.01853	0.00755	0.00240	0.00343	0.01681	0.00549	0.00480
5	0.01452	0.01185	0.01347	0.00983	0.01497	0.01019	0.00794	0.17402	0.01569	0.02324	0.01133	0.01269	0.00905	0.00498	0.00472	0.00107	0.00485	0.00391	0.00404	0.64764
6	0.00944	0.00779	0.01141	0.01083	0.01166	0.00976	0.00862	0.01137	0.00941	0.01384	0.01406	0.02096	0.01323	0.03685	0.60328	0.00798	0.18487	0.00608	0.00304	0.00554
7	0.01329	0.01223	0.01990	0.45958	0.28585	0.01388	0.01660	0.07466	0.01369	0.01836	0.01102	0.01525	0.00857	0.00579	0.00589	0.00188	0.00748	0.00527	0.00300	0.00782
8	0.00847	0.00627	0.00916	0.00916	0.01010	0.00721	0.00696	0.01034	0.00940	0.01347	0.01615	0.02497	0.01554	0.12844	0.68567	0.00908	0.01470	0.00659	0.00321	0.00509
9	0.01378	0.01209	0.01419	0.18103	0.02083	0.01417	0.01082	0.02737	0.56848	0.02244	0.02178	0.02136	0.03019	0.00769	0.00601	0.00200	0.00535	0.00648	0.00526	0.00866
10	0.01692	0.41593	0.02339	0.03677	0.01679	0.14345	0.01045	0.07213	0.17566	0.01808	0.01237	0.01299	0.01009	0.00606	0.00476	0.00153	0.00674	0.00427	0.00363	0.00800
11	0.63383	0.01184	0.00994	0.00886	0.01247	0.01371	0.00717	0.03749	0.17267	0.02639	0.01187	0.01247	0.00906	0.00609	0.00423	0.00187	0.00464	0.00402	0.00423	0.00714
12	0.36962	0.01291	0.06643	0.01008	0.01419	0.01256	0.00883	0.13239	0.03460	0.17269	0.06212	0.01675	0.03599	0.00700	0.00527	0.00185	0.01885	0.00507	0.00494	0.00786
13	0.01578	0.00949	0.01160	0.00965	0.01320	0.00855	0.00752	0.04940	0.09947	0.23430	0.04347	0.18892	0.03424	0.00933	0.00592	0.00171	0.00441	0.00798	0.00557	0.23950
14	0.01117	0.01051	0.01774	0.77795	0.04073	0.01314	0.01642	0.01511	0.01182	0.01511	0.01051	0.01577	0.00788	0.00591	0.00591	0.00197	0.00788	0.00526	0.00263	0.00657
15	0.01279	0.01129	0.01486	0.01484	0.17769	0.00925	0.00947	0.01561	0.01253	0.01928	0.01065	0.01279	0.00889	0.00458	0.00471	0.00107	0.00496	0.00389	0.00338	0.64749
16	0.00956	0.00634	0.00759	0.00726	0.00911	0.00557	0.00544	0.01155	0.01474	0.09678	0.29981	0.13735	0.33977	0.01357	0.00694	0.00198	0.00319	0.01168	0.00605	0.00571
17	0.18992	0.00721	0.00706	0.00674	0.00896	0.00696	0.00518	0.01111	0.01353	0.02022	0.21986	0.04331	0.41549	0.01217	0.00625	0.00193	0.00329	0.00999	0.00534	0.00545
18	0.00987	0.00540	0.00810	0.00810	0.00833	0.00563	0.00563	0.00833	0.00810	0.01104	0.01150	0.01914	0.01127	0.02580	0.18775	0.64723	0.00750	0.00540	0.00270	0.00317
19	0.01027	0.00514	0.00770	0.00770	0.00770	0.00514	0.00514	0.00770	0.00770	0.01027	0.01027	0.01798	0.01027	0.02054	0.02311	0.82794	0.00514	0.00514	0.00257	0.00257
20	0.01956	0.12666	0.01445	0.00977	0.01329	0.00985	0.00801	0.02154	0.01494	0.43858	0.06725	0.18960	0.02148	0.00974	0.00604	0.00187	0.00474	0.00822	0.00615	0.00826
21	0.01312	0.01102	0.01272	0.00916	0.01438	0.00876	0.00736	0.07502	0.01356	0.02077	0.01082	0.01242	0.00887	0.00461	0.00451	0.00095	0.00456	0.00366	0.00370	0.76005
22	0.01605	0.56303	0.02838	0.01623	0.17884	0.05036	0.01199	0.04567	0.01313	0.01603	0.00913	0.01085	0.00808	0.00522	0.00439	0.00140	0.00666	0.00374	0.00277	0.00805
23	0.00800	0.00599	0.00741	0.00714	0.00863	0.00541	0.00532	0.01041	0.01574	0.02153	0.55935	0.07914	0.21809	0.01304	0.00700	0.00192	0.00287	0.01138	0.00623	0.00541
24	0.01373	0.01537	0.03286	0.09396	0.06317	0.01475	0.63751	0.01856	0.01374	0.01861	0.01180	0.01588	0.00889	0.00508	0.00683	0.00198	0.00965	0.00675	0.00296	0.00791
25	0.01270	0.01684	0.18226	0.01582	0.01775	0.01715	0.01491	0.01522	0.00981	0.01522	0.00839	0.01284	0.00770	0.00931	0.01636	0.00243	0.61075	0.00500	0.00257	0.00697
26	0.01160	0.00640	0.00872	0.03298	0.01103	0.00592	0.00654	0.01300	0.01258	0.17944	0.02985	0.59436	0.03273	0.01566	0.00714	0.00226	0.00392	0.01405	0.00580	0.00602
27	0.16526	0.15558	0.05043	0.03910	0.17973	0.08036	0.01193	0.10297	0.01496	0.12948	0.01201	0.01316	0.00909	0.00589	0.00506	0.00169	0.00652	0.00446	0.00396	0.00837
28	0.01818	0.62225	0.02718	0.01021	0.01516	0.02015	0.00980	0.02016	0.01310	0.17851	0.01156	0.01184	0.00915	0.00556	0.00427	0.00139	0.00604	0.00378	0.00359	0.00814
29	0.06603	0.00994	0.01212	0.06110	0.04483	0.00924	0.00822	0.04722	0.07542	0.07821	0.01759	0.18531	0.01659	0.00837	0.00552	0.00159	0.00469	0.00715	0.00449	0.33634
30	0.01663	0.55586	0.11007	0.01190	0.01697	0.17185	0.01170	0.01901	0.01302	0.01457	0.00867	0.01006	0.00758	0.00533	0.00431	0.00138	0.00747	0.00343	0.00263	0.00757
31	0.01717	0.16258	0.17070	0.01672	0.02196	0.28928	0.17275	0.04941	0.01490	0.01713	0.01010	0.01213	0.00799	0.00561	0.00550	0.00166	0.00919	0.00457	0.00295	0.00774
32	0.01728	0.62368	0.02807	0.01089	0.01588	0.02228	0.01037	0.17621	0.01550	0.01907	0.00954	0.01053	0.00813	0.00551	0.00426	0.00138	0.00636	0.00364	0.00328	0.00813
33	0.01584	0.01609	0.03111	0.02243	0.02813	0.01570	0.57426	0.17717	0.01702	0.02299	0.01246	0.01556	0.00921	0.00545	0.00674	0.00195	0.00921	0.00661	0.00364	0.00844
34	0.20135	0.02449	0.01498	0.01359	0.01677	0.60168	0.01032	0.02224	0.01528	0.01714	0.00894	0.01043	0.00735	0.00596	0.00496	0.00159	0.00932	0.00367	0.00318	0.00676
35	0.01911	0.01404	0.01534	0.01242	0.01618	0.01535	0.00997	0.57496	0.02417	0.03237	0.01826	0.18512	0.01647	0.00962	0.00628	0.00191	0.00583	0.00786	0.00582	0.00890
36	0.00884	0.00579	0.00704	0.00742	0.00808	0.00582	0.00512	0.01034	0.01162	0.01719	0.10579	0.33430	0.03013	0.15479	0.01119	0.00268	0.03728	0.01117	0.22048	0.00493
37	0.02403	0.01068	0.01382	0.01056	0.01514	0.00952	0.00868	0.09988	0.01753	0.58239	0.04048	0.01928	0.01461	0.00710	0.00580	0.00172	0.00505	0.00574	0.00673	0.10126
38	0.00728	0.00520	0.00693	0.00818	0.00859	0.00485	0.00550	0.00842	0.01167	0.01565	0.07874	0.74059	0.04018	0.01811	0.00751	0.00237	0.00339	0.01642	0.00556	0.00485
39	0.49118	0.04576	0.01204	0.00935	0.01339	0.01336	0.00777	0.10677	0.04207	0.18902	0.01289	0.01296	0.00916	0.00617	0.00453	0.00181	0.00499	0.00420	0.00478	0.00782
40	0.01297	0.00766	0.00992	0.00901	0.01005	0.00805	0.00648	0.16842	0.01214	0.01623	0.01114	0.01714	0.01022	0.01758	0.01932	0.64552	0.00544	0.00518	0.00331	0.00422
41	0.00872	0.00709	0.04018	0.00841	0.00999	0.00577	0.00640	0.01064	0.01313	0.04159	0.21883	0.44309	0.06984	0.01466	0.00699	0.00208	0.00360	0.01309	0.00553	0.07036
42	0.01359	0.01631	0.08204	0.02229	0.02714	0.01557	0.52481	0.01789	0.01277	0.01789	0.01094	0.01504	0.00860	0.00621	0.00963	0.00212	0.18021	0.00640	0.00287	0.00770
43	0.00981	0.00804	0.01271	0.01542	0.17500	0.00886	0.00977	0.01224	0.01038	0.01496	0.01480	0.02133	0.01359	0.03572	0.60029	0.00779	0.01389	0.00610	0.00311	0.00618
44	0.01238	0.01339	0.02814	0.04590	0.02630	0.01265	0.54949	0.01645	0.01331	0.01797	0.01647	0.18648	0.01559	0.00801	0.00707	0.00208	0.00846	0.00909	0.00353	0.00723
45	0.02297	0.01236	0.07570	0.01276	0.04651	0.01009	0.04154	0.05875	0.03997	0.54916	0.05225	0.01993	0.01527	0.00721	0.00601	0.00184	0.00559	0.00604	0.00642	0.00962
46	0.00771	0.00542	0.00700	0.00807	0.00842	0.00518	0.00541	0.00866	0.01092	0.01452	0.02940	0.56125	0.03479	0.18916	0.01258	0.00316	0.00411	0.07458	0.00506	0.00459
47	0.00721	0.00515	0.00686	0.00823	0.00858	0.00480	0.00549	0.00823	0.01132	0.01510	0.03259	0.78831	0.03911	0.01853	0.00755	0.00240	0.00343	0.01681	0.00549	0.00480
48	0.04426	0.01098	0.01628	0.13194	0.11180	0.01029	0.05922	0.02042	0.01425	0.28020	0.05075	0.01757	0.01297	0.00621	0.00563	0.00164	0.00578	0.00542	0.00476	0.18964
49	0.01316	0.02949	0.18180	0.17461	0.05302	0.01388	0.04566	0.07384	0.01305	0.04807	0.01363	0.08694	0.01220	0.00845	0.00904	0.00211	0.17616	0.03403	0.00344	0.00744
50	0.29270	0.03251	0.01505	0.23883	0.02235	0.01519	0.01125	0.20173	0.01513	0.02459	0.01041	0.01289	0.00793	0.00641	0.00619	0.00190	0.06918	0.00452	0.00382	0.00743
51	0.01098	0.00633	0.00695	0.00659	0.00807	0.00646	0.00503	0.04352	0.01390	0.02281	0.18053	0.02632	0.02368	0.00816	0.00532	0.00154	0.02744	0.00664	0.58399	0.00575
52	0.31378	0.01336	0.01417	0.18073	0.04029	0.05128	0.01061	0.21932	0.01614	0.02594	0.04176	0.01395	0.01000	0.00642	0.00533	0.00184	0.01874	0.00469	0.00412	0.00754

[dist]
# distance from previous block
# <min> <max>
8	18

[block]
# block no. 5 follows, 39 sequences, length 7
# corresponding to MSA columns:
# 536-542
name=unknown_F
#
# <colnr> <probs for GDERKNQSTAVLIFYWHMCP>
#	G	D	E	R	K	N	Q	S	T	A	V	L	I	F	Y	W	H	M	C	P
0	0.07764	0.01325	0.01459	0.01176	0.01600	0.01414	0.00953	0.27531	0.23766	0.19295	0.01856	0.01744	0.01314	0.00716	0.00571	0.00181	0.00537	0.00562	0.00596	0.05641
1	0.01197	0.02509	0.55643	0.01464	0.02243	0.01213	0.01779	0.01768	0.01242	0.01888	0.01058	0.01242	0.00784	0.00528	0.00528	0.00160	0.00755	0.00413	0.00277	0.23308
2	0.00977	0.00546	0.00820	0.00820	0.00849	0.00575	0.00575	0.00849	0.00820	0.01122	0.01180	0.01942	0.01151	0.02706	0.22721	0.60391	0.00807	0.00546	0.00273	0.00331
3	0.15319	0.01190	0.01871	0.01402	0.01883	0.01114	0.20681	0.02427	0.01501	0.43861	0.01779	0.01729	0.01176	0.00639	0.00586	0.00187	0.00631	0.00579	0.00554	0.00890
4	0.01150	0.01078	0.01795	0.63429	0.10523	0.01316	0.01608	0.01521	0.01193	0.01559	0.01144	0.01797	0.00927	0.00657	0.00667	0.00202	0.04535	0.03941	0.00279	0.00677
5	0.00721	0.00515	0.00686	0.00823	0.00858	0.00480	0.00549	0.00823	0.01132	0.01510	0.03259	0.78831	0.03911	0.01853	0.00755	0.00240	0.00343	0.01681	0.00549	0.00480
6	0.24755	0.01044	0.01235	0.00977	0.01409	0.00994	0.00807	0.02569	0.01505	0.55877	0.01920	0.01725	0.01238	0.00682	0.00532	0.00183	0.00491	0.00520	0.00632	0.00906

[dist]
# distance from previous block
# <min> <max>
0	4

[block]
# block no. 6 follows, 39 sequences, length 32
# corresponding to MSA columns:
# 547-578
name=unknown_G
#
# <colnr> <probs for GDERKNQSTAVLIFYWHMCP>
#	G	D	E	R	K	N	Q	S	T	A	V	L	I	F	Y	W	H	M	C	P
0	0.00726	0.00519	0.00691	0.00820	0.00859	0.00484	0.00549	0.00837	0.01158	0.01550	0.06644	0.75331	0.03990	0.01822	0.00752	0.00238	0.00340	0.01652	0.00554	0.00484
1	0.00792	0.00568	0.00737	0.00849	0.00904	0.00544	0.00576	0.04244	0.01210	0.01614	0.03173	0.75190	0.03775	0.01799	0.00747	0.00237	0.00358	0.01627	0.00551	0.00505
2	0.01396	0.01595	0.03490	0.02493	0.03091	0.01496	0.73380	0.01894	0.01396	0.01894	0.01196	0.01595	0.00897	0.00499	0.00698	0.00199	0.00997	0.00698	0.00299	0.00798
3	0.00837	0.00604	0.00790	0.00744	0.00883	0.00558	0.00558	0.01116	0.01674	0.02371	0.75216	0.04417	0.05580	0.01209	0.00697	0.00186	0.00279	0.01069	0.00651	0.00558
4	0.01474	0.01601	0.01810	0.01558	0.01645	0.17486	0.03637	0.01623	0.01085	0.01442	0.00846	0.01290	0.00801	0.01041	0.04086	0.00257	0.56891	0.00499	0.00272	0.00656
5	0.01581	0.79572	0.03099	0.01012	0.01518	0.02340	0.01012	0.01771	0.01202	0.01391	0.00822	0.00949	0.00759	0.00506	0.00379	0.00126	0.00632	0.00316	0.00253	0.00759
6	0.01117	0.01051	0.01774	0.77795	0.04073	0.01314	0.01642	0.01511	0.01182	0.01511	0.01051	0.01577	0.00788	0.00591	0.00591	0.00197	0.00788	0.00526	0.00263	0.00657
7	0.00721	0.00515	0.00686	0.00823	0.00858	0.00480	0.00549	0.00823	0.01132	0.01510	0.03259	0.78831	0.03911	0.01853	0.00755	0.00240	0.00343	0.01681	0.00549	0.00480
8	0.01581	0.79572	0.03099	0.01012	0.01518	0.02340	0.01012	0.01771	0.01202	0.01391	0.00822	0.00949	0.00759	0.00506	0.00379	0.00126	0.00632	0.00316	0.00253	0.00759
9	0.01117	0.01051	0.01774	0.77795	0.04073	0.01314	0.01642	0.01511	0.01182	0.01511	0.01051	0.01577	0.00788	0.00591	0.00591	0.00197	0.00788	0.00526	0.00263	0.00657
10	0.01053	0.00821	0.01021	0.00978	0.01128	0.04605	0.00763	0.07220	0.01165	0.01646	0.01567	0.02175	0.01406	0.03605	0.59999	0.00775	0.01366	0.00605	0.07523	0.00578
11	0.01102	0.00551	0.00551	0.00551	0.00689	0.00551	0.00413	0.01378	0.01240	0.02205	0.01929	0.02205	0.01516	0.00689	0.00413	0.00138	0.00276	0.00551	0.82500	0.00551
12	0.01102	0.00551	0.00551	0.00551	0.00689	0.00551	0.00413	0.01378	0.01240	0.02205	0.01929	0.02205	0.01516	0.00689	0.00413	0.00138	0.00276	0.00551	0.82500	0.00551
13	0.83394	0.01144	0.00869	0.00778	0.01144	0.01327	0.00640	0.01738	0.01006	0.02653	0.00823	0.00961	0.00640	0.00549	0.00366	0.00183	0.00457	0.00320	0.00366	0.00640
14	0.00860	0.00573	0.00645	0.00645	0.00645	0.00573	0.00358	0.00860	0.00860	0.01147	0.01863	0.03870	0.02150	0.79217	0.03010	0.00573	0.00573	0.00860	0.00358	0.00358
15	0.01314	0.02484	0.46432	0.11185	0.02651	0.08067	0.09274	0.01981	0.07522	0.01843	0.01175	0.01391	0.00860	0.00584	0.00580	0.00188	0.00859	0.00490	0.00291	0.00828
16	0.01317	0.01048	0.01236	0.00887	0.01408	0.00793	0.00711	0.01577	0.01256	0.06624	0.01132	0.01276	0.00913	0.00457	0.00448	0.00094	0.00442	0.00366	0.00375	0.77639
17	0.01358	0.27258	0.50612	0.01452	0.02196	0.01664	0.01771	0.01873	0.01248	0.04070	0.01026	0.01178	0.00775	0.00550	0.00505	0.00168	0.00786	0.00404	0.00266	0.00842
18	0.01317	0.01072	0.01252	0.00901	0.01422	0.00831	0.00723	0.04265	0.01302	0.04703	0.01112	0.01262	0.00902	0.00459	0.00450	0.00094	0.00448	0.00366	0.00373	0.76744
19	0.02102	0.01597	0.06188	0.01304	0.01762	0.01622	0.01113	0.55867	0.04732	0.09534	0.01510	0.01587	0.01097	0.03623	0.00736	0.02929	0.00639	0.00548	0.00563	0.00947
20	0.01472	0.49956	0.25257	0.01248	0.01837	0.01979	0.01382	0.01810	0.01212	0.03399	0.00930	0.01086	0.00774	0.00558	0.00527	0.00154	0.04990	0.00371	0.00264	0.00794
21	0.01213	0.01008	0.01180	0.00898	0.01347	0.00806	0.00704	0.05785	0.01307	0.01975	0.01402	0.12765	0.01335	0.00665	0.00494	0.00116	0.00437	0.00559	0.00395	0.65609
22	0.01102	0.00551	0.00551	0.00551	0.00689	0.00551	0.00413	0.01378	0.01240	0.02205	0.01929	0.02205	0.01516	0.00689	0.00413	0.00138	0.00276	0.00551	0.82500	0.00551
23	0.00819	0.00597	0.00770	0.00741	0.00876	0.00548	0.00550	0.01075	0.01610	0.02253	0.65018	0.10501	0.09869	0.01279	0.00702	0.00191	0.00285	0.01130	0.00636	0.00548
24	0.01186	0.02904	0.69824	0.01710	0.02546	0.01357	0.06365	0.01846	0.01254	0.01864	0.01128	0.03343	0.00842	0.00593	0.00575	0.00189	0.00867	0.00486	0.00261	0.00859
25	0.01422	0.07241	0.56507	0.01614	0.02349	0.17239	0.01902	0.01970	0.01335	0.01757	0.01017	0.01194	0.00752	0.00569	0.00546	0.00177	0.00901	0.00419	0.00261	0.00828
26	0.11926	0.00902	0.01316	0.40755	0.02620	0.01056	0.01191	0.01364	0.01177	0.01703	0.01772	0.17194	0.01780	0.00992	0.00628	0.00215	0.00620	0.11811	0.00376	0.00603
27	0.00721	0.00515	0.00686	0.00823	0.00858	0.00480	0.00549	0.00823	0.01132	0.01510	0.03259	0.78831	0.03911	0.01853	0.00755	0.00240	0.00343	0.01681	0.00549	0.00480
28	0.01191	0.01164	0.01726	0.53578	0.03257	0.05144	0.01490	0.01507	0.01136	0.01481	0.01020	0.01538	0.00827	0.00918	0.05519	0.00254	0.16809	0.00523	0.00267	0.00648
29	0.01300	0.14989	0.51280	0.01432	0.02138	0.01406	0.01731	0.01832	0.01316	0.06369	0.09500	0.01606	0.01342	0.00637	0.00550	0.00177	0.00745	0.00499	0.00325	0.00828
30	0.01444	0.01386	0.02366	0.07732	0.71575	0.01400	0.01805	0.01798	0.01337	0.01909	0.01109	0.01470	0.00929	0.00530	0.00586	0.00177	0.00707	0.00527	0.00291	0.00921
31	0.01102	0.00551	0.00551	0.00551	0.00689	0.00551	0.00413	0.01378	0.01240	0.02205	0.01929	0.02205	0.01516	0.00689	0.00413	0.00138	0.00276	0.00551	0.82500	0.00551

[dist]
# distance from previous block
# <min> <max>
12	151

# created by:
# /software/SequenceAnalysis/GenePrediction/augustus/3.0.1/scripts/msa2prfl.pl ./fixed/BUSCOvEOG7HX6DW.fas
