[name]
unknown

[dist]
# distance from previous block
# <min> <max>
1	118

[block]
# block no. 0 follows, 40 sequences, length 15
# corresponding to MSA columns:
# 123-137
name=unknown_A
#
# <colnr> <probs for GDERKNQSTAVLIFYWHMCP>
#	G	D	E	R	K	N	Q	S	T	A	V	L	I	F	Y	W	H	M	C	P
0	0.00811	0.00633	0.00676	0.00663	0.00816	0.00578	0.00471	0.04799	0.01292	0.01609	0.07136	0.11135	0.47120	0.18304	0.01177	0.00277	0.00374	0.01136	0.00505	0.00489
1	0.00920	0.00636	0.00762	0.00773	0.00828	0.00648	0.00522	0.04862	0.01052	0.01404	0.02106	0.10957	0.02358	0.51705	0.06910	0.00491	0.00604	0.11620	0.00407	0.00436
2	0.01215	0.00940	0.01016	0.00892	0.01161	0.00952	0.00704	0.23178	0.05615	0.02334	0.11386	0.06968	0.35897	0.01192	0.00657	0.00193	0.00418	0.04047	0.00566	0.00672
3	0.01355	0.44875	0.03921	0.12577	0.01749	0.01660	0.00998	0.01581	0.01244	0.05527	0.05480	0.05382	0.10092	0.00735	0.00490	0.00156	0.00574	0.00568	0.00344	0.00694
4	0.00966	0.13773	0.01099	0.00744	0.00970	0.04773	0.00586	0.01168	0.03867	0.01590	0.11688	0.04134	0.40858	0.10283	0.00888	0.00223	0.00422	0.00950	0.00471	0.00547
5	0.01701	0.01269	0.01374	0.01115	0.01444	0.01380	0.00871	0.42333	0.11386	0.02798	0.04110	0.03527	0.01533	0.18063	0.01106	0.00261	0.00575	0.00643	0.00525	0.03987
6	0.06397	0.02559	0.56546	0.01686	0.02450	0.01338	0.12787	0.01893	0.01260	0.06137	0.01120	0.01304	0.00792	0.00552	0.00563	0.00185	0.00831	0.00470	0.00287	0.00841
7	0.01065	0.00648	0.00855	0.00773	0.00952	0.00590	0.00590	0.01332	0.01649	0.12345	0.65707	0.04024	0.04939	0.01125	0.00672	0.00182	0.00304	0.00989	0.00651	0.00608
8	0.13608	0.05296	0.08365	0.36094	0.10525	0.01310	0.04691	0.01608	0.03053	0.01772	0.01212	0.05956	0.01035	0.00660	0.00554	0.00190	0.00687	0.02379	0.00308	0.00697
9	0.00983	0.00523	0.00784	0.00784	0.00800	0.00538	0.00538	0.00800	0.00784	0.01061	0.01093	0.01846	0.01077	0.02373	0.13578	0.70696	0.00664	0.00523	0.00261	0.00293
10	0.01152	0.00963	0.01120	0.00827	0.01266	0.00743	0.00638	0.01371	0.01152	0.01779	0.01154	0.01598	0.01050	0.12361	0.00812	0.00158	0.00451	0.00420	0.00346	0.70640
11	0.04190	0.06264	0.17924	0.04126	0.01780	0.01452	0.01188	0.34646	0.01851	0.02539	0.01522	0.01877	0.04455	0.12570	0.00919	0.00234	0.00659	0.00564	0.00433	0.00804
12	0.02361	0.00734	0.00853	0.00791	0.01003	0.00670	0.00586	0.06861	0.01317	0.01877	0.06863	0.28232	0.13489	0.01219	0.00680	0.03951	0.00372	0.00998	0.09814	0.17328
13	0.04507	0.45122	0.04856	0.01041	0.01454	0.03498	0.00960	0.13483	0.01447	0.01859	0.03771	0.12934	0.01407	0.00759	0.00483	0.00156	0.00582	0.00579	0.00366	0.00736
14	0.01830	0.01306	0.01515	0.15475	0.02047	0.04646	0.01084	0.19316	0.24521	0.17888	0.01789	0.01768	0.01274	0.00700	0.00580	0.00184	0.00593	0.00567	0.00537	0.02379

[dist]
# distance from previous block
# <min> <max>
2	6

[block]
# block no. 1 follows, 40 sequences, length 16
# corresponding to MSA columns:
# 144-159
name=unknown_B
#
# <colnr> <probs for GDERKNQSTAVLIFYWHMCP>
#	G	D	E	R	K	N	Q	S	T	A	V	L	I	F	Y	W	H	M	C	P
0	0.18125	0.00820	0.00961	0.00919	0.01143	0.00837	0.00742	0.03595	0.03475	0.14437	0.04469	0.08095	0.04959	0.01248	0.00877	0.12934	0.00477	0.20786	0.00494	0.00607
1	0.03936	0.09298	0.16427	0.01402	0.04730	0.01141	0.13372	0.01595	0.01240	0.05860	0.01545	0.17220	0.01466	0.00778	0.00567	0.00170	0.00622	0.00702	0.00366	0.17562
2	0.24254	0.16229	0.01726	0.07242	0.01734	0.15901	0.00999	0.21566	0.01640	0.02355	0.01004	0.01133	0.00784	0.00590	0.00471	0.00164	0.00672	0.00398	0.00380	0.00759
3	0.59272	0.04118	0.01066	0.00858	0.01216	0.01338	0.00708	0.12742	0.01334	0.02695	0.08844	0.01374	0.01205	0.00631	0.00429	0.00177	0.00467	0.00425	0.00419	0.00681
4	0.01450	0.05355	0.13558	0.06511	0.13376	0.06561	0.09021	0.09853	0.10532	0.04201	0.03001	0.02095	0.07270	0.00726	0.00595	0.00184	0.00689	0.03817	0.00399	0.00805
5	0.00898	0.00694	0.00831	0.00779	0.00955	0.00678	0.00589	0.01363	0.12856	0.02228	0.53461	0.04205	0.15894	0.01172	0.00672	0.00187	0.00306	0.01019	0.00617	0.00597
6	0.01153	0.01161	0.06233	0.04099	0.34633	0.01063	0.01248	0.01583	0.08963	0.01847	0.06065	0.14238	0.13415	0.00934	0.00625	0.00190	0.00542	0.00840	0.00412	0.00755
7	0.00755	0.00592	0.00683	0.00660	0.00827	0.00520	0.00495	0.00965	0.01485	0.01950	0.40614	0.04973	0.40740	0.01331	0.00687	0.00190	0.00284	0.01140	0.00590	0.00520
8	0.10316	0.01224	0.01476	0.24414	0.02258	0.01393	0.01115	0.22848	0.14460	0.05707	0.01449	0.01592	0.01067	0.00654	0.00546	0.00180	0.00597	0.00521	0.04982	0.03200
9	0.02136	0.01503	0.01637	0.01282	0.01725	0.01648	0.01050	0.55557	0.13696	0.11192	0.01641	0.01577	0.01157	0.00714	0.00584	0.00179	0.00597	0.00551	0.00598	0.00979
10	0.00816	0.01041	0.16429	0.00962	0.01190	0.00665	0.00869	0.01061	0.01216	0.01669	0.11878	0.49175	0.07873	0.01458	0.00692	0.00216	0.00435	0.01298	0.00491	0.00563
11	0.10178	0.43790	0.17537	0.01135	0.01665	0.01870	0.01180	0.01965	0.12484	0.01760	0.01096	0.01184	0.00890	0.00558	0.00442	0.00154	0.00627	0.00389	0.00313	0.00784
12	0.71066	0.13218	0.01191	0.00800	0.01181	0.01457	0.00686	0.01714	0.01019	0.02419	0.00810	0.00943	0.00648	0.00533	0.00362	0.00171	0.00476	0.00314	0.00343	0.00648
13	0.01145	0.01090	0.01613	0.20967	0.02068	0.01459	0.01258	0.01354	0.00968	0.01412	0.00981	0.01533	0.00896	0.01533	0.15686	0.00366	0.44257	0.00532	0.00266	0.00617
14	0.02317	0.00915	0.01246	0.01000	0.01386	0.00796	0.00806	0.02523	0.01580	0.64848	0.02434	0.13830	0.01809	0.00889	0.00609	0.00189	0.00471	0.00749	0.00692	0.00910
15	0.01106	0.00799	0.01087	0.01086	0.05213	0.00877	0.00788	0.06422	0.04751	0.05574	0.13200	0.02528	0.02053	0.07471	0.38116	0.00573	0.04080	0.00684	0.02976	0.00617

[dist]
# distance from previous block
# <min> <max>
0	1

[block]
# block no. 2 follows, 40 sequences, length 22
# corresponding to MSA columns:
# 161-182
name=unknown_C
#
# <colnr> <probs for GDERKNQSTAVLIFYWHMCP>
#	G	D	E	R	K	N	Q	S	T	A	V	L	I	F	Y	W	H	M	C	P
0	0.00822	0.00626	0.00796	0.00821	0.00965	0.00541	0.00574	0.00959	0.01134	0.01578	0.02710	0.61407	0.03166	0.01505	0.00671	0.00202	0.00359	0.01355	0.00495	0.19313
1	0.00982	0.00647	0.00746	0.00727	0.00882	0.00654	0.00556	0.01373	0.08822	0.02084	0.23245	0.03353	0.08677	0.02949	0.06532	0.00239	0.00414	0.04830	0.31717	0.00572
2	0.00735	0.00526	0.00698	0.00792	0.00849	0.00490	0.00542	0.00875	0.01235	0.01678	0.19715	0.62123	0.04220	0.01678	0.00729	0.00224	0.00323	0.01516	0.00563	0.00490
3	0.01567	0.01247	0.01400	0.01033	0.01531	0.01144	0.00839	0.27514	0.01755	0.02531	0.01164	0.01274	0.00907	0.00527	0.00485	0.00118	0.00506	0.00409	0.00430	0.53621
4	0.01626	0.01450	0.07788	0.12277	0.18311	0.01346	0.01311	0.23951	0.01723	0.06508	0.01229	0.01407	0.00924	0.00579	0.00548	0.00160	0.00637	0.00481	0.00406	0.17336
5	0.01709	0.01277	0.04001	0.01115	0.01438	0.01309	0.00894	0.43123	0.02016	0.06125	0.01731	0.10851	0.01584	0.18801	0.01141	0.00271	0.00589	0.00726	0.00519	0.00780
6	0.25612	0.19263	0.02496	0.01569	0.02052	0.01578	0.33290	0.01756	0.01208	0.01957	0.01051	0.03773	0.00874	0.00550	0.00521	0.00176	0.00722	0.00523	0.00311	0.00720
7	0.01264	0.01777	0.23844	0.01575	0.01985	0.01466	0.11307	0.01947	0.17936	0.01833	0.01398	0.05672	0.01167	0.00800	0.00980	0.00212	0.23106	0.00605	0.00349	0.00778
8	0.01517	0.06812	0.55331	0.01479	0.02225	0.01290	0.01790	0.02062	0.01325	0.18798	0.01316	0.01383	0.00897	0.00588	0.00550	0.00180	0.00763	0.00458	0.00354	0.00883
9	0.00814	0.00551	0.00643	0.00674	0.00682	0.00543	0.00395	0.00837	0.00907	0.01209	0.02145	0.20989	0.02509	0.61841	0.02454	0.00489	0.00512	0.01030	0.00395	0.00380
10	0.01677	0.01578	0.01379	0.01221	0.01546	0.18679	0.00947	0.09988	0.44024	0.03661	0.01967	0.01892	0.02730	0.00741	0.00566	0.00180	0.00600	0.00581	0.05199	0.00844
11	0.00819	0.00587	0.00732	0.00700	0.00810	0.00548	0.00497	0.01022	0.01442	0.02006	0.54060	0.04306	0.09496	0.19075	0.01204	0.00271	0.00342	0.01017	0.00568	0.00500
12	0.01484	0.08345	0.21342	0.04296	0.04968	0.21285	0.02536	0.01792	0.01235	0.01547	0.00941	0.01243	0.00791	0.00855	0.04386	0.00223	0.21297	0.00446	0.00268	0.00722
13	0.00810	0.00570	0.00624	0.00624	0.00669	0.00547	0.00373	0.00843	0.00955	0.01229	0.02758	0.04214	0.18889	0.61761	0.02442	0.00480	0.00502	0.00933	0.00395	0.00384
14	0.00850	0.00586	0.00750	0.00838	0.00927	0.00558	0.00591	0.01057	0.05363	0.05026	0.03322	0.61300	0.09308	0.01672	0.00725	0.00230	0.00359	0.05459	0.00551	0.00527
15	0.01212	0.00747	0.00767	0.00721	0.00914	0.00799	0.00552	0.04705	0.18074	0.02289	0.01984	0.02137	0.01535	0.00704	0.00456	0.00151	0.00329	0.00568	0.60709	0.00646
16	0.01695	0.01507	0.01956	0.02338	0.35503	0.06693	0.01392	0.26252	0.01791	0.02408	0.01430	0.01621	0.05172	0.00679	0.00687	0.00180	0.06868	0.00550	0.00400	0.00880
17	0.00897	0.00662	0.00813	0.00774	0.00928	0.00629	0.00578	0.06819	0.01606	0.02203	0.49025	0.16192	0.14093	0.01288	0.00687	0.00192	0.00316	0.01129	0.00606	0.00564
18	0.01997	0.01548	0.01753	0.01381	0.01740	0.01798	0.01143	0.57447	0.02314	0.03148	0.01252	0.01368	0.00938	0.00771	0.00884	0.00193	0.18389	0.00520	0.00507	0.00909
19	0.01241	0.01306	0.02555	0.07990	0.02533	0.01252	0.47270	0.05643	0.01421	0.01867	0.02252	0.02476	0.17935	0.00733	0.00672	0.00195	0.00789	0.00787	0.00363	0.00718
20	0.20263	0.01347	0.01685	0.05615	0.30796	0.07295	0.02237	0.01890	0.05454	0.06208	0.01144	0.01345	0.00904	0.00548	0.00507	0.00165	0.00616	0.00452	0.00353	0.11177
21	0.01592	0.05633	0.01674	0.05644	0.07635	0.01324	0.04359	0.28072	0.01770	0.02481	0.01261	0.02477	0.01007	0.02497	0.00579	0.00155	0.00577	0.00488	0.04899	0.25877

[dist]
# distance from previous block
# <min> <max>
2	38

[block]
# block no. 3 follows, 40 sequences, length 7
# corresponding to MSA columns:
# 223-229
name=unknown_D
#
# <colnr> <probs for GDERKNQSTAVLIFYWHMCP>
#	G	D	E	R	K	N	Q	S	T	A	V	L	I	F	Y	W	H	M	C	P
0	0.01208	0.04290	0.02507	0.01834	0.02240	0.01253	0.43684	0.01564	0.01296	0.01780	0.07113	0.14982	0.01722	0.00810	0.00768	0.00198	0.06885	0.00834	0.00360	0.04670
1	0.01466	0.01496	0.09302	0.39972	0.11680	0.09623	0.01518	0.05321	0.03761	0.08554	0.01203	0.01502	0.00889	0.00598	0.00572	0.00183	0.00761	0.00504	0.00334	0.00760
2	0.01039	0.00903	0.01271	0.01161	0.01362	0.00952	0.09941	0.01624	0.21129	0.01809	0.02777	0.33288	0.08146	0.01287	0.00761	0.00221	0.04934	0.06239	0.00506	0.00648
3	0.01507	0.10278	0.02180	0.05826	0.35376	0.02946	0.08635	0.01921	0.07132	0.09329	0.01465	0.06106	0.01247	0.00667	0.00581	0.00179	0.00660	0.02754	0.00372	0.00839
4	0.14182	0.02070	0.01548	0.01344	0.01658	0.39317	0.01052	0.16900	0.05134	0.02105	0.01043	0.01180	0.00830	0.00662	0.00654	0.00172	0.08611	0.00423	0.00376	0.00740
5	0.09720	0.01481	0.07902	0.02698	0.49254	0.01366	0.01542	0.09040	0.01416	0.02144	0.01087	0.01350	0.00879	0.00534	0.00541	0.00168	0.00654	0.00478	0.00326	0.07419
6	0.01366	0.09617	0.43043	0.01412	0.02082	0.13097	0.01590	0.01831	0.01284	0.01744	0.00998	0.01169	0.00765	0.00530	0.00507	0.00154	0.00781	0.00393	0.00274	0.17363

[dist]
# distance from previous block
# <min> <max>
10	39

[block]
# block no. 4 follows, 40 sequences, length 6
# corresponding to MSA columns:
# 270-275
name=unknown_E
#
# <colnr> <probs for GDERKNQSTAVLIFYWHMCP>
#	G	D	E	R	K	N	Q	S	T	A	V	L	I	F	Y	W	H	M	C	P
0	0.01503	0.01241	0.01517	0.01341	0.06039	0.01305	0.05567	0.12333	0.36688	0.04865	0.07086	0.01978	0.01669	0.00711	0.00577	0.00174	0.00515	0.00609	0.00522	0.13761
1	0.10407	0.05174	0.13619	0.05732	0.32816	0.13057	0.01481	0.01782	0.01294	0.01822	0.01163	0.06915	0.01032	0.00635	0.00544	0.00175	0.00722	0.00533	0.00306	0.00789
2	0.01308	0.11120	0.01877	0.03671	0.06494	0.01495	0.07333	0.08020	0.01214	0.01721	0.01212	0.07088	0.01137	0.01237	0.09590	0.00284	0.28303	0.00595	0.03855	0.02448
3	0.01272	0.01034	0.01221	0.08240	0.01594	0.01138	0.00930	0.09696	0.31111	0.02255	0.10447	0.06336	0.04425	0.01005	0.00643	0.00204	0.00491	0.13919	0.00543	0.03496
4	0.03810	0.00814	0.00985	0.00899	0.01053	0.00934	0.00705	0.10946	0.01261	0.01964	0.01554	0.02064	0.01341	0.06664	0.26330	0.00447	0.09329	0.00574	0.27729	0.00596
5	0.01025	0.01116	0.12410	0.01154	0.01478	0.00819	0.12403	0.01373	0.01491	0.05297	0.41771	0.08718	0.06488	0.01020	0.00666	0.00189	0.00488	0.00931	0.00519	0.00643

[dist]
# distance from previous block
# <min> <max>
0	1

[block]
# block no. 5 follows, 40 sequences, length 25
# corresponding to MSA columns:
# 277-301
name=unknown_F
#
# <colnr> <probs for GDERKNQSTAVLIFYWHMCP>
#	G	D	E	R	K	N	Q	S	T	A	V	L	I	F	Y	W	H	M	C	P
0	0.01083	0.02851	0.01185	0.01059	0.01220	0.01049	0.00843	0.07328	0.10347	0.01681	0.01549	0.02063	0.01370	0.03187	0.52009	0.00692	0.08899	0.00600	0.00362	0.00625
1	0.01434	0.01097	0.01193	0.01067	0.01370	0.01220	0.00831	0.02690	0.54513	0.08516	0.09964	0.02476	0.04252	0.00837	0.00592	0.00190	0.00427	0.00701	0.05777	0.00852
2	0.01068	0.00712	0.01021	0.15780	0.01497	0.00787	0.00780	0.01230	0.11281	0.01334	0.01352	0.06939	0.01261	0.01556	0.01608	0.49892	0.00540	0.00605	0.00320	0.00437
3	0.00824	0.00597	0.00778	0.00740	0.00879	0.00552	0.00560	0.01095	0.01627	0.02292	0.71351	0.04453	0.07146	0.01211	0.00690	0.00186	0.00284	0.03555	0.00634	0.00547
4	0.01210	0.01177	0.03930	0.02170	0.37091	0.03806	0.01229	0.01619	0.07250	0.01985	0.19880	0.02723	0.11830	0.00831	0.00616	0.00180	0.00538	0.00743	0.00429	0.00764
5	0.01373	0.01569	0.03431	0.02451	0.03039	0.01471	0.73824	0.01863	0.01373	0.01863	0.01176	0.01569	0.00882	0.00490	0.00686	0.00196	0.00980	0.00686	0.00294	0.00784
6	0.01317	0.01074	0.01598	0.08313	0.01705	0.01278	0.10471	0.04700	0.01194	0.04697	0.01285	0.01664	0.01050	0.00811	0.01085	0.01755	0.30095	0.00551	0.24699	0.00658
7	0.01066	0.00722	0.01006	0.00952	0.00966	0.00843	0.00702	0.00983	0.00863	0.01217	0.01230	0.02247	0.01270	0.11823	0.02126	0.44274	0.19419	0.05056	0.02840	0.00394
8	0.02122	0.01580	0.01699	0.01306	0.01771	0.01719	0.01073	0.66018	0.04841	0.03499	0.01412	0.01426	0.01017	0.00690	0.00577	0.00171	0.00623	0.00519	0.00568	0.07369
9	0.01008	0.00670	0.00891	0.10809	0.01277	0.00667	0.00679	0.01289	0.01504	0.05454	0.47238	0.03439	0.03870	0.00992	0.00616	0.00177	0.00354	0.00859	0.17620	0.00588
10	0.02276	0.03395	0.01381	0.01049	0.01447	0.03385	0.00852	0.15450	0.01768	0.48037	0.01998	0.01957	0.01373	0.05335	0.00707	0.00198	0.00533	0.00576	0.07377	0.00906
11	0.02033	0.01188	0.01373	0.01106	0.01477	0.01221	0.00890	0.35370	0.02051	0.25218	0.01969	0.11811	0.01563	0.00859	0.00592	0.00183	0.00524	0.00696	0.08993	0.00883
12	0.01012	0.00575	0.00654	0.00644	0.00777	0.00577	0.00485	0.01271	0.01280	0.02108	0.17143	0.02653	0.02327	0.01274	0.10488	0.00252	0.00445	0.00663	0.54823	0.00549
13	0.01450	0.05663	0.01346	0.00905	0.01411	0.00885	0.00738	0.01694	0.01282	0.12937	0.01223	0.01326	0.00955	0.00488	0.00457	0.00105	0.00457	0.00384	0.00400	0.65893
14	0.01226	0.02389	0.52072	0.06324	0.02374	0.01227	0.03952	0.01775	0.01243	0.03604	0.01090	0.01293	0.00801	0.00541	0.00540	0.00167	0.00765	0.00434	0.00285	0.17898
15	0.01144	0.02122	0.46023	0.01397	0.03826	0.01118	0.01577	0.01705	0.05604	0.04705	0.02351	0.02621	0.16932	0.00848	0.00608	0.00195	0.00680	0.05395	0.00372	0.00777
16	0.01026	0.00517	0.00769	0.00768	0.00770	0.00515	0.00512	0.00770	0.00768	0.01026	0.01025	0.01788	0.01024	0.02027	0.02275	0.82881	0.00510	0.00510	0.00258	0.00261
17	0.01479	0.01437	0.08771	0.12906	0.42313	0.01373	0.01638	0.01815	0.01281	0.09277	0.01174	0.01488	0.00931	0.00625	0.00755	0.00191	0.10844	0.00520	0.00325	0.00856
18	0.00951	0.00723	0.01029	0.00993	0.01117	0.00844	0.00778	0.05654	0.01056	0.01512	0.01531	0.02208	0.01411	0.04003	0.69343	0.00861	0.04475	0.00617	0.00332	0.00561
19	0.01221	0.01044	0.01216	0.00872	0.01389	0.00784	0.00696	0.01475	0.01215	0.01908	0.01049	0.01227	0.00876	0.00441	0.00437	0.00089	0.00436	0.00350	0.00350	0.82924
20	0.00725	0.00518	0.00686	0.00820	0.00856	0.00482	0.00547	0.00822	0.01123	0.01499	0.03215	0.79014	0.03853	0.01829	0.00748	0.00239	0.00343	0.01655	0.00545	0.00481
21	0.02114	0.01630	0.01974	0.01492	0.01974	0.01766	0.10589	0.64428	0.02562	0.03439	0.01382	0.01439	0.00989	0.00681	0.00602	0.00180	0.00689	0.00550	0.00549	0.00969
22	0.00748	0.00539	0.00727	0.00831	0.00883	0.00520	0.00572	0.00871	0.01135	0.01538	0.07825	0.64006	0.03651	0.02118	0.10718	0.00326	0.00498	0.01481	0.00521	0.00492
23	0.05955	0.00951	0.01245	0.00981	0.01368	0.00845	0.00786	0.02533	0.01536	0.63126	0.02181	0.02191	0.01505	0.10998	0.00891	0.00233	0.00507	0.00612	0.00660	0.00898
24	0.00910	0.00782	0.01277	0.18237	0.01825	0.00804	0.10317	0.01114	0.01151	0.01519	0.02438	0.42028	0.05218	0.08509	0.00907	0.00253	0.00544	0.01187	0.00433	0.00550

[dist]
# distance from previous block
# <min> <max>
2	37

[block]
# block no. 6 follows, 40 sequences, length 29
# corresponding to MSA columns:
# 344-372
name=unknown_G
#
# <colnr> <probs for GDERKNQSTAVLIFYWHMCP>
#	G	D	E	R	K	N	Q	S	T	A	V	L	I	F	Y	W	H	M	C	P
0	0.03168	0.01628	0.24903	0.32290	0.04893	0.01194	0.01564	0.01746	0.01318	0.10493	0.09679	0.01844	0.01408	0.00677	0.00593	0.00193	0.00712	0.00564	0.00366	0.00766
1	0.00991	0.05402	0.01225	0.12934	0.09228	0.00866	0.00869	0.01259	0.01491	0.02036	0.43273	0.03593	0.12481	0.01038	0.00654	0.00188	0.00430	0.00899	0.00520	0.00625
2	0.01991	0.01491	0.01587	0.01270	0.01684	0.01653	0.01029	0.52843	0.18860	0.03308	0.01679	0.01666	0.01230	0.00738	0.00586	0.00183	0.00585	0.00565	0.06092	0.00959
3	0.01008	0.00783	0.01098	0.04819	0.01265	0.00778	0.04961	0.01250	0.01428	0.03775	0.37738	0.11265	0.07557	0.01107	0.00768	0.00193	0.07150	0.00944	0.05999	0.06114
4	0.00757	0.00542	0.00712	0.00823	0.00873	0.00502	0.00556	0.00870	0.01197	0.01616	0.11780	0.69979	0.04056	0.01762	0.00749	0.00236	0.00342	0.01587	0.00562	0.00499
5	0.01239	0.01056	0.01228	0.00884	0.01401	0.00795	0.00703	0.01487	0.01226	0.01924	0.01067	0.01252	0.00893	0.00453	0.00445	0.00093	0.00442	0.00356	0.00356	0.82700
6	0.01414	0.01385	0.07110	0.33892	0.24261	0.01370	0.09554	0.06542	0.01387	0.05607	0.01188	0.01554	0.00906	0.00588	0.00603	0.00191	0.00766	0.00544	0.00326	0.00812
7	0.02364	0.01002	0.01324	0.01025	0.01463	0.00863	0.00836	0.02619	0.03345	0.62485	0.06156	0.02073	0.01634	0.00738	0.00588	0.00177	0.00487	0.00597	0.00683	0.09541
8	0.00747	0.00534	0.00703	0.00830	0.00870	0.00496	0.00555	0.00844	0.01150	0.01541	0.05353	0.76621	0.03910	0.01819	0.00754	0.00240	0.00348	0.01640	0.00553	0.00493
9	0.01216	0.00972	0.01133	0.00924	0.01287	0.00833	0.00706	0.10362	0.01383	0.02012	0.01741	0.23260	0.01777	0.02735	0.00611	0.00157	0.00445	0.00758	0.00440	0.47248
10	0.00750	0.00536	0.00705	0.00829	0.00871	0.00497	0.00555	0.00850	0.01161	0.01558	0.06866	0.75058	0.03944	0.01805	0.00752	0.00239	0.00346	0.01627	0.00555	0.00494
11	0.01970	0.01608	0.01760	0.06718	0.09657	0.06953	0.01197	0.45973	0.12882	0.03020	0.01478	0.01544	0.01095	0.00699	0.00592	0.00183	0.00667	0.00542	0.00521	0.00942
12	0.01117	0.00567	0.00568	0.00566	0.00704	0.00563	0.00422	0.01378	0.01240	0.02196	0.01925	0.02209	0.01518	0.00699	0.00421	0.00142	0.00283	0.00552	0.82368	0.00560
13	0.01282	0.01100	0.01356	0.09040	0.01700	0.01000	0.00877	0.06064	0.01286	0.01934	0.01133	0.03785	0.00977	0.00586	0.00621	0.00130	0.07905	0.00442	0.00359	0.58423
14	0.01837	0.01108	0.01281	0.01050	0.01383	0.03233	0.00835	0.21091	0.05692	0.25043	0.25870	0.02659	0.02677	0.02669	0.00683	0.00194	0.00488	0.00734	0.00640	0.00834
15	0.01239	0.01056	0.01228	0.00884	0.01401	0.00795	0.00703	0.01487	0.01226	0.01924	0.01067	0.01252	0.00893	0.00453	0.00445	0.00093	0.00442	0.00356	0.00356	0.82700
16	0.01275	0.01251	0.01744	0.01507	0.01517	0.01725	0.01247	0.01398	0.00916	0.01428	0.00851	0.01385	0.00841	0.01259	0.06919	0.00305	0.72989	0.00527	0.00270	0.00645
17	0.00915	0.00747	0.01244	0.05081	0.01413	0.00717	0.13163	0.01061	0.01157	0.01546	0.02558	0.51479	0.02912	0.01556	0.00883	0.08004	0.00505	0.04058	0.00466	0.00534
18	0.01305	0.01294	0.01800	0.01546	0.01549	0.01795	0.01284	0.01422	0.00913	0.01431	0.00798	0.01318	0.00795	0.01037	0.01915	0.00260	0.78099	0.00519	0.00266	0.00653
19	0.01167	0.01093	0.01828	0.70004	0.11513	0.01318	0.01642	0.01539	0.01200	0.01560	0.01073	0.01583	0.00822	0.00597	0.00595	0.00198	0.00776	0.00527	0.00273	0.00692
20	0.01010	0.00505	0.00758	0.00758	0.00758	0.00505	0.00505	0.00758	0.00758	0.01010	0.01010	0.01768	0.01010	0.02020	0.02273	0.83081	0.00505	0.00505	0.00253	0.00253
21	0.01785	0.03234	0.03862	0.09926	0.19396	0.34303	0.01334	0.09587	0.06103	0.01847	0.01116	0.01324	0.00893	0.00669	0.02006	0.00181	0.00855	0.00461	0.00338	0.00780
22	0.00831	0.00579	0.00701	0.00694	0.00743	0.00583	0.00447	0.00914	0.01011	0.01374	0.13352	0.03752	0.06826	0.51066	0.14241	0.00543	0.00661	0.00864	0.00401	0.00417
23	0.01438	0.09280	0.01436	0.01408	0.16944	0.05242	0.00907	0.12609	0.01484	0.02195	0.01467	0.01699	0.01167	0.00648	0.00505	0.01621	0.00499	0.00500	0.38238	0.00714
24	0.01617	0.48437	0.09417	0.01108	0.01558	0.08206	0.01071	0.01835	0.01237	0.09218	0.01059	0.01290	0.00910	0.05851	0.00681	0.00174	0.04874	0.00402	0.00309	0.00744
25	0.01594	0.01194	0.01323	0.01068	0.01411	0.01242	0.00840	0.37688	0.04834	0.02723	0.09323	0.08665	0.01845	0.10008	0.00861	0.00213	0.00528	0.00691	0.00521	0.13427
26	0.01018	0.00871	0.00917	0.05405	0.01171	0.08630	0.00672	0.05521	0.01229	0.01566	0.02412	0.45978	0.02763	0.14774	0.01067	0.00271	0.00498	0.01198	0.00462	0.03578
27	0.01428	0.00932	0.01239	0.01058	0.01340	0.00891	0.05584	0.15021	0.01572	0.15248	0.06575	0.33315	0.02474	0.01146	0.00645	0.00193	0.00471	0.01017	0.00549	0.09302
28	0.01356	0.09796	0.09700	0.02191	0.08995	0.01475	0.47409	0.01797	0.01320	0.01808	0.01144	0.02772	0.00908	0.00518	0.00616	0.00179	0.00859	0.00603	0.00292	0.06261

[dist]
# distance from previous block
# <min> <max>
2	7

[block]
# block no. 7 follows, 40 sequences, length 18
# corresponding to MSA columns:
# 380-397
name=unknown_H
#
# <colnr> <probs for GDERKNQSTAVLIFYWHMCP>
#	G	D	E	R	K	N	Q	S	T	A	V	L	I	F	Y	W	H	M	C	P
0	0.01254	0.05049	0.42327	0.01731	0.02400	0.01377	0.19782	0.04871	0.04115	0.01882	0.01183	0.01447	0.00893	0.00917	0.07967	0.00257	0.00924	0.00521	0.00292	0.00812
1	0.01096	0.16910	0.04648	0.00999	0.01222	0.06935	0.00845	0.01299	0.01045	0.01364	0.01354	0.01983	0.01274	0.08651	0.47070	0.00651	0.01226	0.00549	0.00298	0.00579
2	0.01580	0.01164	0.01283	0.01074	0.01374	0.01241	0.00839	0.42095	0.02045	0.02735	0.05345	0.18712	0.07497	0.07637	0.00825	0.00221	0.00523	0.00865	0.00548	0.02396
3	0.01019	0.00841	0.01151	0.03909	0.01291	0.00959	0.00839	0.01293	0.04178	0.01545	0.01368	0.01893	0.01227	0.02639	0.41190	0.00574	0.14541	0.00551	0.04834	0.14160
4	0.08350	0.01133	0.01293	0.01024	0.01417	0.01115	0.00823	0.10728	0.10070	0.06647	0.01385	0.05645	0.01154	0.00668	0.00636	0.00149	0.08253	0.00504	0.00429	0.38577
5	0.01312	0.02609	0.58360	0.01744	0.02526	0.01333	0.14219	0.01921	0.01286	0.07566	0.01162	0.01343	0.00815	0.00555	0.00578	0.00186	0.00852	0.00485	0.00290	0.00857
6	0.00808	0.00611	0.00832	0.00885	0.01000	0.00554	0.02352	0.00956	0.01156	0.01571	0.02890	0.59918	0.03371	0.01604	0.00712	0.00221	0.00386	0.09573	0.00511	0.10088
7	0.00832	0.00641	0.00766	0.00739	0.00899	0.00603	0.00552	0.01175	0.07675	0.02080	0.45984	0.10230	0.23101	0.01277	0.00683	0.00192	0.00300	0.01110	0.00603	0.00559
8	0.01435	0.01384	0.02351	0.03287	0.64324	0.01394	0.07009	0.01900	0.07507	0.01942	0.01207	0.01510	0.00990	0.00539	0.00585	0.00176	0.00693	0.00542	0.00314	0.00911
9	0.00851	0.00610	0.00774	0.00747	0.00901	0.00557	0.00575	0.01102	0.01562	0.03813	0.55071	0.04718	0.17172	0.01267	0.00695	0.00193	0.00308	0.07922	0.00615	0.00547
10	0.00814	0.00591	0.00772	0.00776	0.00902	0.00550	0.00589	0.01056	0.01517	0.02101	0.52956	0.15057	0.08845	0.01343	0.00708	0.00201	0.00316	0.09766	0.00608	0.00533
11	0.01010	0.00505	0.00758	0.00758	0.00758	0.00505	0.00505	0.00758	0.00758	0.01010	0.01010	0.01768	0.01010	0.02020	0.02273	0.83081	0.00505	0.00505	0.00253	0.00253
12	0.01076	0.00706	0.00881	0.00835	0.00983	0.00787	0.00652	0.08197	0.01219	0.01898	0.01654	0.02125	0.01404	0.02458	0.37380	0.00526	0.03112	0.00578	0.32952	0.00577
13	0.01401	0.01553	0.08112	0.03119	0.50362	0.01404	0.21749	0.01810	0.01330	0.01885	0.01113	0.01460	0.00897	0.00513	0.00605	0.00180	0.00783	0.00558	0.00286	0.00879
14	0.75765	0.08710	0.01066	0.00787	0.01160	0.01400	0.00665	0.01712	0.01008	0.02490	0.00810	0.00944	0.00641	0.00536	0.00361	0.00175	0.00466	0.00315	0.00349	0.00641
15	0.00838	0.00642	0.00774	0.00732	0.00898	0.00603	0.00552	0.01186	0.07071	0.02163	0.53961	0.04471	0.21484	0.01225	0.00679	0.00187	0.00293	0.01063	0.00613	0.00563
16	0.01165	0.00965	0.01056	0.01000	0.01235	0.01059	0.00765	0.02171	0.43258	0.02095	0.08377	0.09148	0.11254	0.06841	0.00814	0.00232	0.00431	0.06840	0.00563	0.00732
17	0.00832	0.00619	0.00912	0.00912	0.01008	0.00715	0.00699	0.01024	0.00928	0.01333	0.01578	0.02399	0.01503	0.10008	0.71679	0.00907	0.01483	0.00640	0.00315	0.00507

[dist]
# distance from previous block
# <min> <max>
6	8

[block]
# block no. 8 follows, 40 sequences, length 18
# corresponding to MSA columns:
# 407-424
name=unknown_I
#
# <colnr> <probs for GDERKNQSTAVLIFYWHMCP>
#	G	D	E	R	K	N	Q	S	T	A	V	L	I	F	Y	W	H	M	C	P
0	0.02068	0.02410	0.01627	0.03335	0.01818	0.57617	0.01096	0.12844	0.01759	0.01797	0.00987	0.01126	0.00795	0.00599	0.00526	0.00149	0.00928	0.00398	0.00344	0.07776
1	0.01557	0.01104	0.01227	0.01027	0.01311	0.01174	0.00801	0.32462	0.07449	0.06429	0.10731	0.02880	0.07241	0.17238	0.01107	0.00264	0.00530	0.04182	0.00544	0.00743
2	0.00761	0.00630	0.00673	0.00668	0.00853	0.00565	0.00498	0.01029	0.06565	0.01730	0.15036	0.10748	0.55364	0.01412	0.00684	0.00198	0.00307	0.01195	0.00557	0.00528
3	0.01152	0.02598	0.61018	0.17543	0.02826	0.01338	0.02038	0.01768	0.01214	0.01768	0.01042	0.01295	0.00745	0.00558	0.00558	0.00186	0.00842	0.00448	0.00248	0.00815
4	0.00753	0.00592	0.00680	0.00658	0.00826	0.00519	0.00493	0.00961	0.01480	0.01937	0.39442	0.04994	0.41920	0.01336	0.00687	0.00190	0.00285	0.01143	0.00588	0.00519
5	0.01224	0.00974	0.01271	0.01130	0.01286	0.01172	0.00903	0.17011	0.01313	0.01853	0.01372	0.01960	0.01243	0.06787	0.41023	0.00608	0.17281	0.00589	0.00361	0.00637
6	0.01493	0.01204	0.01360	0.00997	0.01500	0.01069	0.00808	0.22181	0.01642	0.02400	0.01137	0.01260	0.00898	0.00507	0.00474	0.00111	0.00490	0.00396	0.00412	0.59661
7	0.66757	0.01229	0.01040	0.00884	0.01266	0.01408	0.00729	0.16719	0.01352	0.02828	0.00931	0.01038	0.00704	0.00573	0.00406	0.00179	0.00489	0.00358	0.00406	0.00704
8	0.18605	0.63554	0.02592	0.00947	0.01416	0.02094	0.00919	0.01735	0.01142	0.01626	0.00809	0.00935	0.00722	0.00506	0.00370	0.00136	0.00586	0.00312	0.00272	0.00722
9	0.60912	0.01363	0.06402	0.00947	0.01364	0.01411	0.00836	0.16728	0.01369	0.02774	0.00948	0.01058	0.00712	0.00574	0.00420	0.00179	0.00518	0.00366	0.00398	0.00721
10	0.02052	0.01550	0.01656	0.01306	0.01743	0.01729	0.01067	0.59274	0.17715	0.03409	0.01598	0.01557	0.01152	0.00717	0.00584	0.00179	0.00603	0.00551	0.00584	0.00975
11	0.00798	0.00583	0.00749	0.00729	0.00859	0.00535	0.00538	0.01040	0.01555	0.02165	0.60970	0.13382	0.11349	0.01289	0.00693	0.00190	0.00284	0.01139	0.00620	0.00535
12	0.00786	0.00559	0.00632	0.00656	0.00705	0.00531	0.00406	0.00837	0.00999	0.01289	0.02968	0.17972	0.18475	0.48329	0.02059	0.00424	0.00464	0.01076	0.00428	0.00404
13	0.01381	0.17603	0.02354	0.21100	0.43059	0.01551	0.01580	0.01703	0.01255	0.01689	0.01020	0.01361	0.00849	0.00529	0.00535	0.00168	0.00697	0.00475	0.00273	0.00818
14	0.02153	0.01600	0.01713	0.01326	0.01781	0.01776	0.01091	0.68633	0.08192	0.03572	0.01470	0.01455	0.01048	0.00705	0.00582	0.00176	0.00626	0.00534	0.00582	0.00984
15	0.01624	0.02525	0.37503	0.01659	0.03887	0.17999	0.07122	0.16928	0.01645	0.02132	0.01096	0.01254	0.00807	0.00587	0.00563	0.00175	0.00861	0.00459	0.00332	0.00842
16	0.55619	0.01096	0.00953	0.04839	0.01276	0.04220	0.00703	0.04502	0.01232	0.02488	0.16383	0.01704	0.01665	0.00685	0.00455	0.00180	0.00462	0.00489	0.00419	0.00630
17	0.01977	0.07005	0.01446	0.01113	0.01465	0.20796	0.00886	0.02330	0.08875	0.30266	0.13978	0.02057	0.01903	0.00751	0.00568	0.00168	0.00606	0.00590	0.00543	0.02677

[dist]
# distance from previous block
# <min> <max>
0	1

[block]
# block no. 9 follows, 40 sequences, length 7
# corresponding to MSA columns:
# 426-432
name=unknown_J
#
# <colnr> <probs for GDERKNQSTAVLIFYWHMCP>
#	G	D	E	R	K	N	Q	S	T	A	V	L	I	F	Y	W	H	M	C	P
0	0.00831	0.00584	0.00707	0.00745	0.00817	0.00559	0.00500	0.03871	0.01147	0.01503	0.06421	0.35598	0.15180	0.20304	0.01383	0.07294	0.00408	0.01217	0.00477	0.00453
1	0.53765	0.01584	0.01137	0.01003	0.01357	0.21581	0.00797	0.05711	0.01289	0.05878	0.00935	0.01046	0.00719	0.00573	0.00426	0.00172	0.00622	0.00355	0.00373	0.00678
2	0.01830	0.01977	0.01873	0.08217	0.24873	0.33976	0.01355	0.11710	0.05201	0.01924	0.01107	0.01310	0.00886	0.00595	0.00556	0.00166	0.00833	0.00464	0.00345	0.00802
3	0.00933	0.00750	0.01173	0.01376	0.13579	0.00837	0.00904	0.01163	0.01000	0.01442	0.01480	0.02143	0.01365	0.03718	0.64419	0.00807	0.01413	0.00605	0.00308	0.00587
4	0.00846	0.00564	0.00634	0.00634	0.00634	0.00564	0.00352	0.00846	0.00846	0.01128	0.01832	0.03805	0.02114	0.79563	0.02960	0.00564	0.00564	0.00846	0.00352	0.00352
5	0.01336	0.01212	0.01578	0.01320	0.01671	0.01321	0.13066	0.02586	0.52436	0.02255	0.05995	0.02482	0.08468	0.00820	0.00621	0.00196	0.00523	0.00733	0.00540	0.00841
6	0.01120	0.00982	0.01459	0.04893	0.13854	0.01188	0.01096	0.03531	0.01069	0.01566	0.01298	0.04937	0.01217	0.02232	0.30905	0.00497	0.23882	0.00604	0.03031	0.00640

[dist]
# distance from previous block
# <min> <max>
0	1

[block]
# block no. 10 follows, 40 sequences, length 8
# corresponding to MSA columns:
# 434-441
name=unknown_K
#
# <colnr> <probs for GDERKNQSTAVLIFYWHMCP>
#	G	D	E	R	K	N	Q	S	T	A	V	L	I	F	Y	W	H	M	C	P
0	0.01613	0.01283	0.01815	0.02015	0.27222	0.01298	0.04679	0.23209	0.01754	0.06847	0.06888	0.04664	0.01439	0.00845	0.04009	0.00204	0.00648	0.00603	0.00444	0.08521
1	0.05542	0.00894	0.00977	0.00853	0.01139	0.02135	0.00666	0.08734	0.06573	0.11611	0.07882	0.08978	0.28335	0.01222	0.03924	0.00214	0.00457	0.00884	0.00535	0.08444
2	0.11982	0.10520	0.07701	0.09698	0.11466	0.01502	0.30268	0.01752	0.01241	0.01850	0.01033	0.01353	0.00813	0.00534	0.00616	0.00181	0.03828	0.00524	0.00289	0.02849
3	0.01387	0.05316	0.36485	0.01548	0.09566	0.01192	0.01513	0.05537	0.01362	0.11500	0.01645	0.09372	0.04418	0.00736	0.00570	0.00179	0.00669	0.00611	0.00377	0.06017
4	0.34384	0.01239	0.04690	0.09300	0.01803	0.04436	0.12962	0.01673	0.04732	0.02168	0.10798	0.06560	0.01582	0.00716	0.00530	0.00188	0.00586	0.00601	0.00389	0.00662
5	0.01856	0.01479	0.01807	0.01397	0.01842	0.01592	0.10415	0.46516	0.14119	0.03051	0.01781	0.01788	0.05547	0.00724	0.00598	0.00179	0.00628	0.00602	0.00536	0.03543
6	0.20531	0.04272	0.31988	0.01630	0.09733	0.01319	0.08814	0.01932	0.01252	0.11636	0.01163	0.01307	0.00837	0.00560	0.00523	0.00181	0.00705	0.00455	0.00343	0.00819
7	0.01259	0.11948	0.25027	0.01945	0.13563	0.01391	0.21032	0.01680	0.01239	0.01717	0.01265	0.06909	0.01123	0.06476	0.00761	0.00210	0.00777	0.00613	0.00294	0.00770

[dist]
# distance from previous block
# <min> <max>
17	267

# created by:
# /software/SequenceAnalysis/GenePrediction/augustus/3.0.1/scripts/msa2prfl.pl ./fixed/BUSCOvEOG7NKD83.fas
