[name]
unknown

[dist]
# distance from previous block
# <min> <max>
8	233

[block]
# block no. 0 follows, 39 sequences, length 7
# corresponding to MSA columns:
# 313-319
name=unknown_A
#
# <colnr> <probs for GDERKNQSTAVLIFYWHMCP>
#	G	D	E	R	K	N	Q	S	T	A	V	L	I	F	Y	W	H	M	C	P
0	0.03175	0.05818	0.00935	0.00780	0.00960	0.00848	0.00604	0.01474	0.10462	0.01862	0.02158	0.02548	0.08022	0.07328	0.19574	0.00384	0.00675	0.00649	0.31154	0.00592
1	0.01311	0.01476	0.09062	0.08358	0.02228	0.07736	0.23855	0.08085	0.01379	0.01824	0.01402	0.06707	0.01219	0.01657	0.20545	0.00391	0.01052	0.00663	0.00339	0.00711
2	0.16406	0.02129	0.09648	0.04345	0.01876	0.29743	0.01181	0.23633	0.01825	0.02396	0.01072	0.01194	0.00814	0.00623	0.00527	0.00171	0.00802	0.00428	0.00394	0.00793
3	0.35133	0.01122	0.01161	0.13003	0.01664	0.01286	0.00854	0.13172	0.08248	0.02362	0.01288	0.01763	0.01099	0.14500	0.00927	0.00255	0.00562	0.00515	0.00407	0.00680
4	0.01041	0.01172	0.08806	0.06441	0.01962	0.00997	0.22621	0.01365	0.01272	0.01701	0.02485	0.23122	0.10077	0.01148	0.00752	0.00221	0.03303	0.10461	0.00417	0.00640
5	0.15319	0.05042	0.28021	0.01277	0.01859	0.01270	0.03059	0.08683	0.01420	0.12214	0.01369	0.01703	0.01061	0.00657	0.00537	0.00178	0.00655	0.05548	0.00401	0.09728
6	0.10554	0.04592	0.27371	0.18921	0.02513	0.01432	0.05658	0.01896	0.09138	0.03765	0.01185	0.01428	0.00890	0.00634	0.00675	0.00195	0.07564	0.00491	0.00320	0.00780

[dist]
# distance from previous block
# <min> <max>
28	41

[block]
# block no. 1 follows, 39 sequences, length 15
# corresponding to MSA columns:
# 363-377
name=unknown_B
#
# <colnr> <probs for GDERKNQSTAVLIFYWHMCP>
#	G	D	E	R	K	N	Q	S	T	A	V	L	I	F	Y	W	H	M	C	P
0	0.01107	0.01078	0.01979	0.08072	0.02105	0.01005	0.29475	0.01421	0.01268	0.01748	0.03414	0.27402	0.01991	0.00964	0.00665	0.00194	0.00654	0.00963	0.00395	0.14100
1	0.02097	0.01490	0.01640	0.01246	0.01727	0.01560	0.01025	0.54326	0.02403	0.09618	0.01431	0.01436	0.01021	0.00662	0.00564	0.00162	0.00599	0.00505	0.00560	0.15929
2	0.01386	0.01154	0.01462	0.01093	0.01565	0.01012	0.07019	0.14827	0.01522	0.02230	0.01335	0.07692	0.01167	0.00616	0.00514	0.00128	0.00514	0.00528	0.02434	0.51803
3	0.07488	0.01193	0.01436	0.01210	0.01430	0.03605	0.02618	0.15478	0.01464	0.05912	0.06754	0.08302	0.01552	0.02441	0.03056	0.00230	0.24992	0.00650	0.04360	0.05828
4	0.01288	0.01029	0.01202	0.02432	0.01391	0.00911	0.00758	0.13298	0.01451	0.02099	0.01560	0.11671	0.01506	0.06475	0.00714	0.00169	0.00483	0.04223	0.00425	0.46914
5	0.31020	0.25962	0.06386	0.01067	0.01479	0.01740	0.00983	0.08001	0.04759	0.03847	0.00994	0.01134	0.00805	0.00619	0.00588	0.00174	0.08954	0.00389	0.00351	0.00747
6	0.01217	0.06005	0.43098	0.01704	0.02320	0.01424	0.14512	0.01720	0.01216	0.01761	0.01224	0.07983	0.01052	0.00724	0.00782	0.00201	0.11386	0.00596	0.00286	0.00790
7	0.01300	0.01272	0.02322	0.08040	0.02356	0.01285	0.35171	0.09321	0.01427	0.01943	0.01630	0.18691	0.01560	0.00866	0.00770	0.00205	0.06401	0.00856	0.00382	0.04201
8	0.02083	0.01533	0.01657	0.01303	0.01728	0.01688	0.01062	0.65693	0.02602	0.03487	0.01619	0.09789	0.01320	0.00833	0.00609	0.00184	0.00617	0.00657	0.00587	0.00949
9	0.35525	0.23057	0.24949	0.01124	0.01687	0.01617	0.01223	0.01789	0.01135	0.02067	0.00897	0.01047	0.00707	0.00541	0.00431	0.00169	0.00635	0.00356	0.00299	0.00745
10	0.54059	0.01294	0.01317	0.07688	0.01636	0.06111	0.06153	0.01726	0.01078	0.02256	0.00869	0.01112	0.00698	0.00619	0.00635	0.00194	0.11167	0.00396	0.00334	0.00657
11	0.05019	0.04249	0.32344	0.01315	0.01891	0.01262	0.01402	0.02315	0.18757	0.17081	0.07031	0.01841	0.01493	0.00698	0.00574	0.00187	0.00634	0.00562	0.00465	0.00879
12	0.03619	0.19788	0.53375	0.01562	0.02323	0.01593	0.06320	0.01848	0.01241	0.01790	0.01010	0.01196	0.00757	0.00545	0.00525	0.00175	0.00817	0.00423	0.00257	0.00837
13	0.02161	0.01605	0.01728	0.01319	0.01797	0.01745	0.01088	0.67393	0.02648	0.03573	0.01388	0.01403	0.00995	0.00687	0.00578	0.00170	0.00633	0.00517	0.00571	0.08003
14	0.01337	0.01117	0.01286	0.00928	0.01448	0.00901	0.00747	0.09280	0.01394	0.02122	0.01091	0.01247	0.00890	0.00467	0.00455	0.00097	0.00461	0.00370	0.00376	0.73986

[dist]
# distance from previous block
# <min> <max>
0	1

[block]
# block no. 2 follows, 39 sequences, length 20
# corresponding to MSA columns:
# 379-398
name=unknown_C
#
# <colnr> <probs for GDERKNQSTAVLIFYWHMCP>
#	G	D	E	R	K	N	Q	S	T	A	V	L	I	F	Y	W	H	M	C	P
0	0.07755	0.00999	0.01537	0.57224	0.03265	0.01207	0.01373	0.01529	0.03876	0.01767	0.12224	0.01976	0.01533	0.00688	0.00589	0.00194	0.00673	0.00596	0.00342	0.00651
1	0.01897	0.01394	0.01524	0.01237	0.01609	0.01523	0.00992	0.56821	0.02401	0.03217	0.01843	0.19231	0.01674	0.00973	0.00629	0.00192	0.00580	0.00797	0.00582	0.00885
2	0.00804	0.00598	0.00765	0.00822	0.00928	0.00531	0.00562	0.00925	0.01132	0.01553	0.02855	0.63272	0.03364	0.05664	0.00824	0.00235	0.00369	0.01439	0.00509	0.12847
3	0.02208	0.01562	0.01704	0.01302	0.01777	0.01683	0.01074	0.62806	0.02583	0.09364	0.01467	0.01453	0.01033	0.00692	0.00581	0.00172	0.00624	0.00525	0.00586	0.06805
4	0.02248	0.01656	0.01775	0.01361	0.01834	0.01834	0.01124	0.73556	0.02780	0.03727	0.01420	0.01420	0.01006	0.00710	0.00592	0.00177	0.00651	0.00532	0.00592	0.01006
5	0.02190	0.01601	0.01713	0.01320	0.01776	0.01769	0.01088	0.69905	0.02703	0.03650	0.01446	0.01460	0.01032	0.00709	0.00583	0.00175	0.00632	0.00533	0.04735	0.00983
6	0.01650	0.70076	0.06040	0.01043	0.01561	0.02182	0.01050	0.01864	0.01243	0.07363	0.00953	0.01046	0.00815	0.00526	0.00404	0.00134	0.00632	0.00344	0.00291	0.00784
7	0.00934	0.00727	0.00909	0.00886	0.01093	0.00641	0.00663	0.01179	0.04283	0.01742	0.05599	0.40512	0.02947	0.01343	0.00662	0.00196	0.00400	0.10397	0.00497	0.24390
8	0.01186	0.03059	0.76153	0.01686	0.02560	0.01373	0.02185	0.01873	0.01249	0.01873	0.01061	0.01249	0.00749	0.00562	0.00562	0.00187	0.00874	0.00437	0.00250	0.00874
9	0.02248	0.01656	0.01775	0.01361	0.01834	0.01834	0.01124	0.73556	0.02780	0.03727	0.01420	0.01420	0.01006	0.00710	0.00592	0.00177	0.00651	0.00532	0.00592	0.01006
10	0.83394	0.01144	0.00869	0.00778	0.01144	0.01327	0.00640	0.01738	0.01006	0.02653	0.00823	0.00961	0.00640	0.00549	0.00366	0.00183	0.00457	0.00320	0.00366	0.00640
11	0.02185	0.02464	0.01685	0.01469	0.01816	0.55076	0.01129	0.19814	0.05245	0.02052	0.01105	0.01205	0.00869	0.00643	0.00551	0.00161	0.00938	0.00431	0.00388	0.00775
12	0.01245	0.14555	0.65176	0.01584	0.02403	0.01519	0.02009	0.01858	0.01242	0.01800	0.01025	0.01203	0.00751	0.00553	0.00534	0.00178	0.00838	0.00419	0.00250	0.00857
13	0.02027	0.01904	0.12880	0.01382	0.01885	0.07688	0.01249	0.53451	0.02384	0.03189	0.01351	0.01406	0.00973	0.00679	0.00573	0.00175	0.00699	0.00507	0.04661	0.00937
14	0.01441	0.09423	0.58547	0.01532	0.02311	0.01382	0.01885	0.02016	0.01311	0.12959	0.01232	0.01337	0.00857	0.00583	0.00551	0.00181	0.00797	0.00450	0.00322	0.00884
15	0.03051	0.00758	0.01099	0.04400	0.11453	0.00734	0.00768	0.01110	0.00967	0.01409	0.01086	0.01658	0.00999	0.01430	0.01571	0.49083	0.00526	0.00489	0.04609	0.12800
16	0.01683	0.01260	0.12455	0.01066	0.01525	0.00901	0.00974	0.02078	0.06206	0.29419	0.09783	0.08124	0.01885	0.00785	0.00579	0.00168	0.00505	0.00658	0.00541	0.19405
17	0.01475	0.01463	0.02275	0.12273	0.61833	0.06741	0.01747	0.01818	0.01350	0.01848	0.01091	0.01449	0.00907	0.00540	0.00582	0.00177	0.00739	0.00516	0.00290	0.00886
18	0.01515	0.60462	0.07960	0.01052	0.01582	0.03873	0.01052	0.01750	0.01220	0.01507	0.00876	0.01015	0.00776	0.00502	0.00405	0.00126	0.00631	0.00331	0.00269	0.13097
19	0.00940	0.00691	0.00947	0.01162	0.11998	0.00696	0.00672	0.01067	0.01040	0.01471	0.02035	0.19941	0.02221	0.33700	0.10980	0.00445	0.00638	0.00938	0.07909	0.00511

[dist]
# distance from previous block
# <min> <max>
0	16

[block]
# block no. 3 follows, 39 sequences, length 51
# corresponding to MSA columns:
# 415-465
name=unknown_D
#
# <colnr> <probs for GDERKNQSTAVLIFYWHMCP>
#	G	D	E	R	K	N	Q	S	T	A	V	L	I	F	Y	W	H	M	C	P
0	0.01878	0.01396	0.01709	0.10166	0.02031	0.01490	0.05146	0.41830	0.05185	0.08191	0.01532	0.05665	0.01184	0.00723	0.00591	0.00176	0.00629	0.00594	0.00520	0.09362
1	0.02210	0.01696	0.01744	0.01358	0.01811	0.06082	0.01112	0.67808	0.02679	0.03546	0.01434	0.03193	0.01059	0.00731	0.00592	0.00177	0.00667	0.00550	0.00574	0.00975
2	0.01157	0.01102	0.01883	0.52277	0.07286	0.01234	0.09791	0.01530	0.01218	0.01623	0.01197	0.05942	0.00997	0.00632	0.00596	0.00187	0.00744	0.00592	0.00295	0.09717
3	0.10894	0.10007	0.01684	0.08295	0.01825	0.09469	0.06945	0.01712	0.02655	0.01868	0.01022	0.01230	0.00835	0.00503	0.00473	0.00132	0.00611	0.00398	0.00329	0.39112
4	0.01129	0.01051	0.01710	0.68890	0.03764	0.01253	0.01533	0.01508	0.01188	0.01559	0.01051	0.01536	0.00798	0.00574	0.00574	0.00184	0.00748	0.00505	0.00273	0.10170
5	0.01581	0.79572	0.03099	0.01012	0.01518	0.02340	0.01012	0.01771	0.01202	0.01391	0.00822	0.00949	0.00759	0.00506	0.00379	0.00126	0.00632	0.00316	0.00253	0.00759
6	0.01226	0.01051	0.01226	0.00876	0.01401	0.00788	0.00701	0.01489	0.01226	0.01927	0.01051	0.01226	0.00876	0.00438	0.00438	0.00088	0.00438	0.00350	0.00350	0.82832
7	0.01137	0.00683	0.00876	0.00905	0.01045	0.00657	0.00647	0.01434	0.09294	0.14479	0.03006	0.57127	0.03257	0.01544	0.00710	0.00226	0.00385	0.01382	0.00586	0.00621
8	0.05038	0.68587	0.06281	0.01035	0.01550	0.02175	0.01043	0.01833	0.01222	0.05435	0.00914	0.01020	0.00791	0.00522	0.00399	0.00135	0.00629	0.00337	0.00283	0.00772
9	0.00715	0.00600	0.00621	0.00616	0.00809	0.00506	0.00462	0.00880	0.01386	0.01687	0.14005	0.05544	0.67218	0.01464	0.00699	0.00198	0.00297	0.01227	0.00561	0.00506
10	0.00786	0.00562	0.00762	0.00899	0.00962	0.00537	0.00663	0.00937	0.01197	0.01583	0.03223	0.58423	0.03768	0.01791	0.00772	0.00249	0.00400	0.21441	0.00548	0.00499
11	0.01661	0.01190	0.01336	0.04663	0.01607	0.01303	0.00928	0.10934	0.42944	0.14754	0.02595	0.02420	0.09333	0.00843	0.00609	0.00195	0.00492	0.00695	0.00601	0.00897
12	0.01340	0.01279	0.02177	0.30025	0.50097	0.01373	0.01754	0.01707	0.01288	0.01782	0.01091	0.01504	0.00884	0.00550	0.00588	0.00183	0.00733	0.00526	0.00282	0.00837
13	0.00728	0.00600	0.00639	0.00629	0.00817	0.00512	0.00472	0.00905	0.01416	0.01760	0.20507	0.05424	0.60671	0.01437	0.00699	0.00197	0.00295	0.01211	0.00571	0.00512
14	0.00860	0.00573	0.00645	0.00645	0.00645	0.00573	0.00358	0.00860	0.00860	0.01147	0.01863	0.03870	0.02150	0.79217	0.03010	0.00573	0.00573	0.00860	0.00358	0.00358
15	0.01226	0.01051	0.01226	0.00876	0.01401	0.00788	0.00701	0.01489	0.01226	0.01927	0.01051	0.01226	0.00876	0.00438	0.00438	0.00088	0.00438	0.00350	0.00350	0.82832
16	0.07588	0.01788	0.01884	0.04067	0.01951	0.18751	0.09501	0.28007	0.03540	0.02435	0.01141	0.01330	0.00885	0.00704	0.00801	0.00189	0.13715	0.00503	0.00411	0.00810
17	0.01072	0.01205	0.10262	0.01518	0.05870	0.01126	0.12387	0.01379	0.01070	0.01551	0.01317	0.01885	0.01169	0.02650	0.40790	0.00599	0.12604	0.00598	0.00296	0.00651
18	0.01295	0.01232	0.02095	0.39794	0.40685	0.01361	0.01731	0.01667	0.01267	0.01727	0.01083	0.01519	0.00864	0.00558	0.00588	0.00186	0.00744	0.00526	0.00278	0.00800
19	0.01145	0.01109	0.01941	0.62835	0.03734	0.01330	0.10043	0.01529	0.01193	0.01552	0.01129	0.04143	0.00905	0.00643	0.00672	0.00202	0.04367	0.00584	0.00276	0.00667
20	0.02055	0.23645	0.02113	0.01240	0.01717	0.01914	0.01072	0.47142	0.04668	0.06869	0.01332	0.01344	0.00987	0.00656	0.00532	0.00164	0.00632	0.00479	0.00504	0.00934
21	0.01492	0.01074	0.01589	0.39833	0.02799	0.01221	0.03112	0.05280	0.13274	0.14601	0.01513	0.01767	0.01105	0.00781	0.00747	0.07424	0.00662	0.00565	0.00415	0.00748
22	0.00721	0.00515	0.00686	0.00823	0.00858	0.00480	0.00549	0.00823	0.01132	0.01510	0.03259	0.78831	0.03911	0.01853	0.00755	0.00240	0.00343	0.01681	0.00549	0.00480
23	0.01477	0.02568	0.57058	0.01649	0.04092	0.01285	0.05211	0.02062	0.01341	0.15764	0.01307	0.01413	0.00894	0.00590	0.00575	0.00187	0.00806	0.00481	0.00343	0.00897
24	0.38246	0.01309	0.01332	0.01206	0.06744	0.03037	0.00907	0.21851	0.01664	0.15253	0.02483	0.01361	0.00986	0.00635	0.00492	0.00180	0.00547	0.00454	0.00488	0.00824
25	0.00984	0.00661	0.00771	0.00751	0.00963	0.00579	0.00595	0.01179	0.01429	0.10326	0.13425	0.05276	0.46339	0.01397	0.00706	0.00208	0.00362	0.12894	0.00582	0.00573
26	0.00753	0.00540	0.00716	0.00801	0.00865	0.00502	0.00552	0.00906	0.01285	0.01753	0.23610	0.57785	0.04383	0.01671	0.00739	0.00225	0.00325	0.01508	0.00578	0.00502
27	0.01270	0.01343	0.02642	0.34344	0.03397	0.01441	0.37800	0.01698	0.01270	0.01698	0.01105	0.01566	0.00842	0.00576	0.00742	0.00203	0.06443	0.00612	0.00281	0.00727
28	0.01090	0.05002	0.01018	0.00868	0.01014	0.00954	0.00612	0.03262	0.21773	0.01643	0.02121	0.07771	0.03810	0.39629	0.06575	0.00429	0.00591	0.00815	0.00441	0.00580
29	0.01102	0.00551	0.00551	0.00551	0.00689	0.00551	0.00413	0.01378	0.01240	0.02205	0.01929	0.02205	0.01516	0.00689	0.00413	0.00138	0.00276	0.00551	0.82500	0.00551
30	0.01452	0.10429	0.02436	0.08648	0.61833	0.01507	0.01710	0.01788	0.01318	0.01839	0.01074	0.01412	0.00906	0.00529	0.00562	0.00171	0.00701	0.00502	0.00286	0.00896
31	0.83394	0.01144	0.00869	0.00778	0.01144	0.01327	0.00640	0.01738	0.01006	0.02653	0.00823	0.00961	0.00640	0.00549	0.00366	0.00183	0.00457	0.00320	0.00366	0.00640
32	0.01581	0.79572	0.03099	0.01012	0.01518	0.02340	0.01012	0.01771	0.01202	0.01391	0.00822	0.00949	0.00759	0.00506	0.00379	0.00126	0.00632	0.00316	0.00253	0.00759
33	0.00804	0.00603	0.00745	0.00709	0.00863	0.00544	0.00532	0.01052	0.01596	0.02187	0.58685	0.04722	0.22226	0.01278	0.00698	0.00189	0.00284	0.01112	0.00627	0.00544
34	0.00967	0.00633	0.00832	0.00766	0.00928	0.00580	0.00580	0.01243	0.01675	0.07650	0.69987	0.04245	0.05285	0.01175	0.00690	0.00186	0.00295	0.01035	0.00657	0.00590
35	0.01355	0.01481	0.03074	0.15570	0.11287	0.01454	0.53110	0.01820	0.01354	0.01833	0.01162	0.01577	0.00883	0.00518	0.00667	0.00196	0.00928	0.00649	0.00292	0.00789
36	0.02586	0.01115	0.01440	0.01104	0.01564	0.01030	0.00912	0.14688	0.01874	0.63875	0.02181	0.01914	0.01387	0.00728	0.00594	0.00182	0.00528	0.00584	0.00709	0.01006
37	0.00699	0.00599	0.00599	0.00599	0.00799	0.00499	0.00449	0.00849	0.01348	0.01598	0.05991	0.05691	0.75288	0.01498	0.00699	0.00200	0.00300	0.01248	0.00549	0.00499
38	0.01207	0.07132	0.72264	0.01650	0.02504	0.01425	0.02123	0.01867	0.01246	0.01847	0.01049	0.01233	0.00750	0.00559	0.00552	0.00184	0.00861	0.00431	0.00250	0.00868
39	0.01171	0.01286	0.04940	0.01892	0.02302	0.01167	0.45803	0.01535	0.01283	0.01742	0.01799	0.23527	0.01800	0.04521	0.00838	0.00229	0.02135	0.00972	0.00370	0.00688
40	0.00893	0.00615	0.00771	0.00741	0.00897	0.00554	0.00552	0.01123	0.01546	0.06071	0.48992	0.13160	0.19237	0.01316	0.00699	0.00195	0.00303	0.01151	0.00623	0.00561
41	0.00721	0.00515	0.00686	0.00823	0.00858	0.00480	0.00549	0.00823	0.01132	0.01510	0.03259	0.78831	0.03911	0.01853	0.00755	0.00240	0.00343	0.01681	0.00549	0.00480
42	0.02117	0.02612	0.01891	0.01627	0.01975	0.63902	0.09505	0.06310	0.01706	0.01627	0.00975	0.01148	0.00791	0.00602	0.00556	0.00159	0.01035	0.00426	0.00320	0.00717
43	0.63924	0.01196	0.01026	0.00897	0.01265	0.01365	0.00744	0.13698	0.01328	0.02769	0.01089	0.01447	0.00900	0.00654	0.00436	0.00188	0.00496	0.05466	0.00416	0.00695
44	0.01608	0.01552	0.02226	0.07031	0.56177	0.08710	0.01661	0.10157	0.01536	0.02071	0.01126	0.01426	0.00920	0.00559	0.00581	0.00175	0.00736	0.00513	0.00327	0.00906
45	0.03338	0.04693	0.63892	0.01871	0.10945	0.01400	0.02074	0.01860	0.01253	0.01888	0.01055	0.01259	0.00768	0.00556	0.00555	0.00184	0.00838	0.00441	0.00258	0.00872
46	0.01465	0.14138	0.02114	0.04369	0.15148	0.10005	0.02629	0.01669	0.01152	0.01549	0.00890	0.01256	0.00808	0.00757	0.01147	0.00199	0.35329	0.00467	0.00274	0.04634
47	0.01392	0.01558	0.09621	0.04422	0.47713	0.01446	0.11107	0.01769	0.01290	0.01851	0.01114	0.01536	0.00936	0.00606	0.00759	0.00192	0.09721	0.01810	0.00289	0.00867
48	0.01354	0.05326	0.01760	0.10209	0.05366	0.01162	0.11375	0.07053	0.06692	0.04517	0.01671	0.03966	0.05183	0.00689	0.00569	0.00161	0.00598	0.04557	0.00401	0.27389
49	0.01436	0.58595	0.10100	0.01197	0.05486	0.01978	0.01119	0.01674	0.01206	0.01482	0.01144	0.10023	0.01132	0.00669	0.00452	0.00148	0.00627	0.00498	0.00289	0.00748
50	0.01602	0.01211	0.01201	0.01064	0.01335	0.09359	0.00812	0.07303	0.29979	0.11178	0.02009	0.02160	0.03301	0.06543	0.00948	0.09774	0.00541	0.00617	0.08307	0.00755

[dist]
# distance from previous block
# <min> <max>
9	31

[block]
# block no. 4 follows, 39 sequences, length 9
# corresponding to MSA columns:
# 497-505
name=unknown_E
#
# <colnr> <probs for GDERKNQSTAVLIFYWHMCP>
#	G	D	E	R	K	N	Q	S	T	A	V	L	I	F	Y	W	H	M	C	P
0	0.14485	0.02334	0.01507	0.01358	0.01682	0.54747	0.01034	0.02365	0.08497	0.05123	0.01107	0.01202	0.00875	0.00624	0.00517	0.00163	0.00891	0.00409	0.00362	0.00717
1	0.01465	0.01385	0.02239	0.03261	0.64294	0.01415	0.01681	0.02016	0.12447	0.02014	0.01309	0.01576	0.01069	0.00569	0.00588	0.00179	0.00667	0.00548	0.00340	0.00937
2	0.02248	0.01656	0.01775	0.01361	0.01834	0.01834	0.01124	0.73556	0.02780	0.03727	0.01420	0.01420	0.01006	0.00710	0.00592	0.00177	0.00651	0.00532	0.00592	0.01006
3	0.02653	0.01006	0.01372	0.01052	0.01510	0.00869	0.00869	0.02882	0.01693	0.75937	0.02333	0.02013	0.01464	0.00732	0.00595	0.00183	0.00503	0.00595	0.00732	0.01006
4	0.00843	0.00566	0.00650	0.00666	0.00671	0.00562	0.00381	0.00856	0.00893	0.01190	0.02031	0.12876	0.02362	0.69922	0.02739	0.00533	0.00546	0.00959	0.00381	0.00373
5	0.02310	0.01558	0.01714	0.01314	0.01785	0.01687	0.01085	0.62826	0.02615	0.14690	0.01558	0.01510	0.01075	0.00713	0.00592	0.00178	0.00628	0.00542	0.00613	0.01006
6	0.01226	0.01051	0.01226	0.00876	0.01401	0.00788	0.00701	0.01489	0.01226	0.01927	0.01051	0.01226	0.00876	0.00438	0.00438	0.00088	0.00438	0.00350	0.00350	0.82832
7	0.00719	0.00521	0.00680	0.00808	0.00854	0.00482	0.00542	0.00825	0.01148	0.01516	0.03453	0.73653	0.08964	0.01828	0.00751	0.00237	0.00340	0.01651	0.00549	0.00482
8	0.01346	0.01697	0.11810	0.02166	0.02651	0.01558	0.47222	0.01777	0.01258	0.01777	0.01078	0.01480	0.00850	0.00637	0.00985	0.00212	0.19820	0.00623	0.00283	0.00770

[dist]
# distance from previous block
# <min> <max>
7	15

[block]
# block no. 5 follows, 39 sequences, length 13
# corresponding to MSA columns:
# 521-533
name=unknown_F
#
# <colnr> <probs for GDERKNQSTAVLIFYWHMCP>
#	G	D	E	R	K	N	Q	S	T	A	V	L	I	F	Y	W	H	M	C	P
0	0.08102	0.02434	0.01640	0.01433	0.01780	0.54392	0.01102	0.18431	0.01877	0.02051	0.01022	0.01139	0.00808	0.00628	0.00534	0.00160	0.00928	0.00411	0.00374	0.00755
1	0.01365	0.01134	0.01301	0.00942	0.01460	0.00931	0.00758	0.11305	0.01438	0.02172	0.01101	0.01253	0.00894	0.00475	0.00459	0.00100	0.00467	0.00375	0.00383	0.71686
2	0.01127	0.01065	0.01776	0.73485	0.03931	0.01342	0.01623	0.01506	0.01167	0.01506	0.01036	0.01561	0.00788	0.00616	0.00668	0.00201	0.05161	0.00525	0.00263	0.00656
3	0.00746	0.00534	0.00695	0.00792	0.00844	0.00498	0.00533	0.00867	0.01195	0.01605	0.13204	0.60700	0.06359	0.07359	0.00908	0.00255	0.00349	0.01523	0.00549	0.00483
4	0.72886	0.01206	0.03861	0.00838	0.01232	0.01287	0.00722	0.01847	0.01078	0.09240	0.00969	0.01067	0.00719	0.00566	0.00394	0.00183	0.00478	0.00350	0.00394	0.00683
5	0.00757	0.00593	0.00660	0.00664	0.00812	0.00525	0.00481	0.00912	0.01332	0.01690	0.18880	0.10525	0.44471	0.11819	0.01014	0.00252	0.00342	0.03236	0.00544	0.00492
6	0.02161	0.01828	0.01734	0.04142	0.01899	0.15541	0.01137	0.54341	0.06153	0.03166	0.01364	0.01401	0.00994	0.00692	0.00581	0.00175	0.00723	0.00511	0.00528	0.00931
7	0.01226	0.01051	0.01226	0.00876	0.01401	0.00788	0.00701	0.01489	0.01226	0.01927	0.01051	0.01226	0.00876	0.00438	0.00438	0.00088	0.00438	0.00350	0.00350	0.82832
8	0.00732	0.00519	0.00683	0.00809	0.00841	0.00488	0.00534	0.00826	0.01111	0.01481	0.03148	0.72852	0.03771	0.08023	0.00935	0.00267	0.00361	0.01616	0.00534	0.00471
9	0.01117	0.01051	0.01774	0.77795	0.04073	0.01314	0.01642	0.01511	0.01182	0.01511	0.01051	0.01577	0.00788	0.00591	0.00591	0.00197	0.00788	0.00526	0.00263	0.00657
10	0.00729	0.00521	0.00693	0.00818	0.00860	0.00486	0.00550	0.00844	0.01170	0.01570	0.08284	0.73634	0.04028	0.01808	0.00751	0.00236	0.00339	0.01638	0.00556	0.00486
11	0.07053	0.01039	0.01361	0.01049	0.01502	0.00932	0.00867	0.05590	0.01698	0.69099	0.02215	0.01932	0.01401	0.00721	0.00582	0.00183	0.00506	0.00577	0.00706	0.00986
12	0.00845	0.00634	0.00950	0.00950	0.01056	0.00739	0.00739	0.01056	0.00950	0.01373	0.01584	0.02323	0.01478	0.04435	0.76873	0.00950	0.01584	0.00634	0.00317	0.00528

[dist]
# distance from previous block
# <min> <max>
5	10

[block]
# block no. 6 follows, 39 sequences, length 6
# corresponding to MSA columns:
# 545-550
name=unknown_G
#
# <colnr> <probs for GDERKNQSTAVLIFYWHMCP>
#	G	D	E	R	K	N	Q	S	T	A	V	L	I	F	Y	W	H	M	C	P
0	0.00756	0.00548	0.00717	0.00815	0.00886	0.00510	0.00574	0.00903	0.01253	0.01675	0.15037	0.55991	0.09317	0.01706	0.00746	0.00231	0.00345	0.06926	0.00565	0.00499
1	0.05186	0.01321	0.01467	0.01112	0.01594	0.01298	0.00907	0.32818	0.04939	0.09843	0.01379	0.01414	0.01017	0.00603	0.00523	0.00144	0.00538	0.00464	0.00502	0.32931
2	0.60492	0.01184	0.01061	0.00893	0.01287	0.01315	0.00736	0.10683	0.01333	0.14587	0.01139	0.01186	0.00818	0.00598	0.00430	0.00182	0.00488	0.00390	0.00452	0.00744
3	0.00835	0.00567	0.00667	0.00684	0.00705	0.00557	0.00410	0.00881	0.00991	0.01336	0.09932	0.16001	0.02800	0.58416	0.02400	0.00478	0.00505	0.01015	0.00420	0.00399
4	0.00914	0.00699	0.00961	0.09174	0.01425	0.00705	0.00903	0.01175	0.01360	0.01748	0.08129	0.05790	0.17246	0.01468	0.00762	0.00245	0.00506	0.45719	0.00522	0.00549
5	0.02074	0.01553	0.01681	0.01278	0.01760	0.01656	0.01052	0.61280	0.02516	0.03420	0.01357	0.01387	0.00984	0.00664	0.00565	0.00162	0.00615	0.00501	0.00551	0.14944

[dist]
# distance from previous block
# <min> <max>
0	1

[block]
# block no. 7 follows, 39 sequences, length 6
# corresponding to MSA columns:
# 552-557
name=unknown_H
#
# <colnr> <probs for GDERKNQSTAVLIFYWHMCP>
#	G	D	E	R	K	N	Q	S	T	A	V	L	I	F	Y	W	H	M	C	P
0	0.00845	0.00634	0.00950	0.00950	0.01056	0.00739	0.00739	0.01056	0.00950	0.01373	0.01584	0.02323	0.01478	0.04435	0.76873	0.00950	0.01584	0.00634	0.00317	0.00528
1	0.00762	0.00545	0.00729	0.00834	0.00896	0.00512	0.00587	0.00911	0.01247	0.01682	0.15672	0.59378	0.04153	0.01722	0.00751	0.00234	0.00350	0.07970	0.00566	0.00500
2	0.01427	0.01243	0.01391	0.10658	0.01851	0.01452	0.01023	0.02941	0.65414	0.02355	0.02240	0.02129	0.01680	0.00776	0.00600	0.00200	0.00508	0.00651	0.00560	0.00902
3	0.01677	0.01330	0.01465	0.01125	0.01598	0.01321	0.00910	0.30675	0.13987	0.02740	0.01424	0.01466	0.01082	0.00607	0.00527	0.00142	0.00528	0.00476	0.00489	0.36432
4	0.83394	0.01144	0.00869	0.00778	0.01144	0.01327	0.00640	0.01738	0.01006	0.02653	0.00823	0.00961	0.00640	0.00549	0.00366	0.00183	0.00457	0.00320	0.00366	0.00640
5	0.11212	0.00594	0.00709	0.00818	0.00894	0.00588	0.00561	0.00940	0.01116	0.01655	0.02950	0.68949	0.03496	0.01687	0.00705	0.00233	0.00358	0.01508	0.00526	0.00501

[dist]
# distance from previous block
# <min> <max>
2	6

[block]
# block no. 8 follows, 39 sequences, length 6
# corresponding to MSA columns:
# 564-569
name=unknown_I
#
# <colnr> <probs for GDERKNQSTAVLIFYWHMCP>
#	G	D	E	R	K	N	Q	S	T	A	V	L	I	F	Y	W	H	M	C	P
0	0.00868	0.00573	0.00659	0.00676	0.00693	0.00571	0.00406	0.00906	0.00928	0.01266	0.02035	0.09403	0.02308	0.65049	0.02583	0.00509	0.00538	0.04589	0.05051	0.00388
1	0.01169	0.01141	0.01978	0.60583	0.03680	0.01390	0.09978	0.01546	0.01177	0.01546	0.01038	0.01548	0.00800	0.00629	0.00753	0.00204	0.09357	0.00545	0.00267	0.00672
2	0.01554	0.01081	0.01288	0.00939	0.01449	0.00869	0.00758	0.06279	0.01410	0.15697	0.01311	0.01384	0.00993	0.00509	0.00477	0.00111	0.00463	0.00407	0.00436	0.62586
3	0.05096	0.01049	0.01320	0.01020	0.01465	0.00939	0.00833	0.06765	0.04803	0.48606	0.05819	0.01933	0.01532	0.00699	0.00564	0.00166	0.00485	0.00565	0.00632	0.15710
4	0.00785	0.00526	0.00704	0.00794	0.00840	0.00493	0.00537	0.00837	0.01119	0.01491	0.08442	0.54621	0.07780	0.01820	0.01034	0.15467	0.00367	0.01394	0.00503	0.00446
5	0.01697	0.65410	0.02836	0.01106	0.01575	0.16087	0.01036	0.01880	0.01289	0.01402	0.00839	0.00970	0.00759	0.00525	0.00408	0.00131	0.00713	0.00328	0.00263	0.00745

[dist]
# distance from previous block
# <min> <max>
0	1

[block]
# block no. 9 follows, 39 sequences, length 6
# corresponding to MSA columns:
# 571-576
name=unknown_J
#
# <colnr> <probs for GDERKNQSTAVLIFYWHMCP>
#	G	D	E	R	K	N	Q	S	T	A	V	L	I	F	Y	W	H	M	C	P
0	0.01074	0.00802	0.01084	0.01014	0.01164	0.00934	0.00801	0.10689	0.01209	0.01742	0.01538	0.02136	0.01377	0.03498	0.57391	0.00754	0.05847	0.00608	0.05739	0.00600
1	0.07533	0.01258	0.01481	0.01152	0.01603	0.01269	0.00948	0.27780	0.05723	0.42101	0.01919	0.01747	0.01268	0.00716	0.00580	0.00182	0.00551	0.00559	0.00653	0.00980
2	0.00846	0.00568	0.00649	0.00663	0.00666	0.00564	0.00377	0.00856	0.00887	0.01183	0.02002	0.11295	0.02324	0.71554	0.02787	0.00540	0.00551	0.00941	0.00377	0.00370
3	0.01909	0.01460	0.01591	0.01213	0.01693	0.01515	0.00992	0.48639	0.06952	0.03137	0.01379	0.01416	0.01020	0.00639	0.00549	0.00154	0.00579	0.00490	0.00524	0.24148
4	0.72519	0.01397	0.10828	0.00898	0.01331	0.01333	0.00845	0.01756	0.01038	0.02550	0.00855	0.00999	0.00655	0.00551	0.00392	0.00184	0.00513	0.00336	0.00351	0.00671
5	0.00915	0.00661	0.00900	0.00993	0.01134	0.00646	0.00847	0.01181	0.01419	0.01871	0.16772	0.06187	0.08450	0.01546	0.00787	0.00251	0.00479	0.53853	0.00565	0.00544

[dist]
# distance from previous block
# <min> <max>
2	5

[block]
# block no. 10 follows, 39 sequences, length 8
# corresponding to MSA columns:
# 582-589
name=unknown_K
#
# <colnr> <probs for GDERKNQSTAVLIFYWHMCP>
#	G	D	E	R	K	N	Q	S	T	A	V	L	I	F	Y	W	H	M	C	P
0	0.00910	0.00696	0.00997	0.00968	0.01055	0.00832	0.00750	0.01098	0.00955	0.01407	0.01538	0.02333	0.01460	0.10111	0.58048	0.00796	0.09846	0.00635	0.05035	0.00528
1	0.00816	0.00616	0.00786	0.00824	0.00910	0.00597	0.00571	0.00930	0.01088	0.01479	0.02807	0.45927	0.08056	0.13971	0.07603	0.00338	0.03562	0.01276	0.00471	0.07373
2	0.01374	0.01226	0.01735	0.01250	0.01784	0.01045	0.15134	0.09600	0.01433	0.02121	0.01121	0.01321	0.00895	0.00480	0.00507	0.00120	0.00572	0.00439	0.00367	0.57475
3	0.01987	0.01602	0.01666	0.03963	0.01795	0.07578	0.01098	0.52900	0.02352	0.03087	0.01718	0.01765	0.07541	0.00795	0.00711	0.00185	0.07253	0.00582	0.00526	0.00893
4	0.01464	0.01405	0.02400	0.03630	0.75528	0.01405	0.01815	0.01815	0.01347	0.01932	0.01112	0.01464	0.00937	0.00527	0.00585	0.00176	0.00703	0.00527	0.00293	0.00937
5	0.04501	0.47229	0.14611	0.01203	0.01706	0.06321	0.01216	0.04182	0.05566	0.01660	0.00976	0.01118	0.00824	0.00584	0.00548	0.00155	0.06147	0.00382	0.00291	0.00780
6	0.01995	0.01536	0.01570	0.01281	0.01665	0.07953	0.01034	0.51968	0.02364	0.05647	0.01733	0.11688	0.01498	0.00897	0.00619	0.00188	0.00636	0.04277	0.00564	0.00887
7	0.00897	0.00608	0.00741	0.00737	0.00890	0.00552	0.00554	0.01112	0.01453	0.05408	0.32444	0.15938	0.22820	0.01342	0.00685	0.00199	0.00320	0.05287	0.07464	0.00550

[dist]
# distance from previous block
# <min> <max>
1	15

# created by:
# /software/SequenceAnalysis/GenePrediction/augustus/3.0.1/scripts/msa2prfl.pl ./fixed/BUSCOvEOG73N8SR.fas
