[name]
unknown

[dist]
# distance from previous block
# <min> <max>
0	73

[block]
# block no. 0 follows, 41 sequences, length 28
# corresponding to MSA columns:
# 73-100
name=unknown_A
#
# <colnr> <probs for GDERKNQSTAVLIFYWHMCP>
#	G	D	E	R	K	N	Q	S	T	A	V	L	I	F	Y	W	H	M	C	P
0	0.00903	0.00648	0.00898	0.01018	0.01149	0.00643	0.00880	0.01159	0.01323	0.01724	0.06226	0.08450	0.05506	0.01565	0.00780	0.00257	0.00503	0.65313	0.00531	0.00524
1	0.01529	0.80242	0.02997	0.00979	0.01468	0.02263	0.00979	0.01713	0.01162	0.01346	0.00795	0.00918	0.00734	0.00489	0.00367	0.00122	0.00612	0.00306	0.00245	0.00734
2	0.69367	0.01395	0.00980	0.00881	0.01224	0.14878	0.00706	0.01789	0.01089	0.02359	0.00812	0.00947	0.00640	0.00541	0.00383	0.00172	0.00547	0.00320	0.00343	0.00627
3	0.00710	0.00508	0.00675	0.00788	0.00833	0.00473	0.00532	0.00829	0.01156	0.01557	0.11597	0.70805	0.03970	0.01720	0.00724	0.00226	0.00325	0.01558	0.00542	0.00473
4	0.02367	0.01009	0.01318	0.01032	0.01461	0.00917	0.00844	0.02779	0.11602	0.64270	0.02227	0.01948	0.01443	0.00708	0.00571	0.00176	0.00480	0.00577	0.00679	0.03591
5	0.01186	0.01017	0.01186	0.00847	0.01356	0.00762	0.00678	0.01440	0.01186	0.01864	0.01017	0.01186	0.00847	0.00424	0.00424	0.00085	0.00424	0.00339	0.00339	0.83395
6	0.00862	0.00596	0.00839	0.00839	0.00942	0.00676	0.00644	0.01069	0.00966	0.01462	0.01602	0.02287	0.01463	0.06693	0.60861	0.00765	0.01267	0.00607	0.15052	0.00508
7	0.01080	0.01017	0.01716	0.78523	0.03940	0.01271	0.01589	0.01461	0.01144	0.01461	0.01017	0.01525	0.00762	0.00572	0.00572	0.00191	0.00762	0.00508	0.00254	0.00635
8	0.00702	0.00500	0.00662	0.00790	0.00822	0.00468	0.00524	0.00798	0.01085	0.01447	0.03102	0.76668	0.03719	0.04737	0.00812	0.00244	0.00340	0.01596	0.00524	0.00460
9	0.01356	0.01298	0.02214	0.16873	0.63435	0.01343	0.01726	0.01703	0.01274	0.01796	0.01065	0.01435	0.00880	0.00521	0.00567	0.00174	0.00694	0.00509	0.00278	0.00858
10	0.00702	0.00500	0.00662	0.00790	0.00822	0.00468	0.00524	0.00798	0.01085	0.01447	0.03102	0.76668	0.03719	0.04737	0.00812	0.00244	0.00340	0.01596	0.00524	0.00460
11	0.01103	0.01040	0.01757	0.73341	0.08941	0.01277	0.01600	0.01482	0.01155	0.01490	0.01021	0.01517	0.00772	0.00568	0.00571	0.00189	0.00757	0.00508	0.00256	0.00654
12	0.00810	0.00585	0.00765	0.00720	0.00855	0.00540	0.00540	0.01079	0.01619	0.02294	0.76028	0.04273	0.05397	0.01169	0.00675	0.00180	0.00270	0.01034	0.00630	0.00540
13	0.01416	0.01359	0.02322	0.03511	0.76330	0.01359	0.01755	0.01755	0.01302	0.01869	0.01076	0.01416	0.00906	0.00510	0.00566	0.00170	0.00680	0.00510	0.00283	0.00906
14	0.00832	0.00555	0.00624	0.00624	0.00624	0.00555	0.00347	0.00832	0.00832	0.01109	0.01802	0.03743	0.02080	0.79898	0.02911	0.00555	0.00555	0.00832	0.00347	0.00347
15	0.00832	0.00555	0.00624	0.00624	0.00624	0.00555	0.00347	0.00832	0.00832	0.01109	0.01802	0.03743	0.02080	0.79898	0.02911	0.00555	0.00555	0.00832	0.00347	0.00347
16	0.00810	0.00585	0.00765	0.00720	0.00855	0.00540	0.00540	0.01079	0.01619	0.02294	0.76028	0.04273	0.05397	0.01169	0.00675	0.00180	0.00270	0.01034	0.00630	0.00540
17	0.01147	0.02959	0.76934	0.01630	0.02476	0.01328	0.02113	0.01811	0.01208	0.01811	0.01026	0.01208	0.00725	0.00543	0.00543	0.00181	0.00845	0.00423	0.00242	0.00845
18	0.01186	0.01017	0.01186	0.00847	0.01356	0.00762	0.00678	0.01440	0.01186	0.01864	0.01017	0.01186	0.00847	0.00424	0.00424	0.00085	0.00424	0.00339	0.00339	0.83395
19	0.01251	0.01251	0.01752	0.01502	0.01502	0.01752	0.01251	0.01377	0.00876	0.01377	0.00751	0.01251	0.00751	0.01001	0.01877	0.00250	0.78851	0.00501	0.00250	0.00626
20	0.00697	0.00498	0.00664	0.00796	0.00830	0.00465	0.00531	0.00796	0.01095	0.01460	0.03153	0.79525	0.03783	0.01792	0.00730	0.00232	0.00332	0.01626	0.00531	0.00465
21	0.00676	0.00579	0.00579	0.00579	0.00773	0.00483	0.00435	0.00821	0.01304	0.01545	0.05794	0.05505	0.76098	0.01449	0.00676	0.00193	0.00290	0.01207	0.00531	0.00483
22	0.00697	0.00498	0.00664	0.00796	0.00830	0.00465	0.00531	0.00796	0.01095	0.01460	0.03153	0.79525	0.03783	0.01792	0.00730	0.00232	0.00332	0.01626	0.00531	0.00465
23	0.01350	0.01543	0.03375	0.02411	0.02989	0.01446	0.74253	0.01832	0.01350	0.01832	0.01157	0.01543	0.00868	0.00482	0.00675	0.00193	0.00964	0.00675	0.00289	0.00771
24	0.01147	0.02959	0.76934	0.01630	0.02476	0.01328	0.02113	0.01811	0.01208	0.01811	0.01026	0.01208	0.00725	0.00543	0.00543	0.00181	0.00845	0.00423	0.00242	0.00845
25	0.01350	0.01543	0.03375	0.02411	0.02989	0.01446	0.74253	0.01832	0.01350	0.01832	0.01157	0.01543	0.00868	0.00482	0.00675	0.00193	0.00964	0.00675	0.00289	0.00771
26	0.01423	0.01229	0.01293	0.01164	0.01487	0.01423	0.00905	0.03039	0.75297	0.02393	0.02328	0.02134	0.01746	0.00776	0.00582	0.00194	0.00453	0.00647	0.00582	0.00905
27	0.01203	0.01101	0.01788	0.77100	0.03976	0.01333	0.01624	0.01544	0.01220	0.01577	0.01139	0.01687	0.00880	0.00653	0.00623	0.00213	0.00799	0.00547	0.00297	0.00698

[dist]
# distance from previous block
# <min> <max>
62	199

[block]
# block no. 1 follows, 41 sequences, length 7
# corresponding to MSA columns:
# 301-307
name=unknown_B
#
# <colnr> <probs for GDERKNQSTAVLIFYWHMCP>
#	G	D	E	R	K	N	Q	S	T	A	V	L	I	F	Y	W	H	M	C	P
0	0.02174	0.01602	0.01717	0.01316	0.01774	0.01774	0.01087	0.74423	0.02689	0.03605	0.01373	0.01373	0.00973	0.00687	0.00572	0.00172	0.00629	0.00515	0.00572	0.00973
1	0.01080	0.01017	0.01716	0.78523	0.03940	0.01271	0.01589	0.01461	0.01144	0.01461	0.01017	0.01525	0.00762	0.00572	0.00572	0.00191	0.00762	0.00508	0.00254	0.00635
2	0.01695	0.59130	0.02622	0.01113	0.01550	0.22782	0.01013	0.01868	0.01287	0.01360	0.00819	0.00949	0.00735	0.00517	0.00408	0.00129	0.00726	0.00323	0.00258	0.00715
3	0.00912	0.00704	0.00830	0.00875	0.00983	0.00737	0.00610	0.01412	0.21271	0.01670	0.02757	0.48848	0.03013	0.11409	0.00966	0.00263	0.00393	0.01259	0.00522	0.00570
4	0.01353	0.01266	0.02012	0.02785	0.55910	0.01197	0.01462	0.01670	0.01271	0.01867	0.01060	0.01353	0.00890	0.00486	0.00527	0.00147	0.00610	0.00463	0.00298	0.23372
5	0.83938	0.01106	0.00841	0.00752	0.01106	0.01283	0.00619	0.01681	0.00973	0.02566	0.00796	0.00929	0.00619	0.00531	0.00354	0.00177	0.00442	0.00310	0.00354	0.00619
6	0.01223	0.01716	0.22229	0.01537	0.01767	0.01637	0.01486	0.01495	0.00966	0.01495	0.00826	0.01239	0.00744	0.00876	0.01514	0.00231	0.57606	0.00479	0.00248	0.00686

[dist]
# distance from previous block
# <min> <max>
0	13

[block]
# block no. 2 follows, 41 sequences, length 6
# corresponding to MSA columns:
# 321-326
name=unknown_C
#
# <colnr> <probs for GDERKNQSTAVLIFYWHMCP>
#	G	D	E	R	K	N	Q	S	T	A	V	L	I	F	Y	W	H	M	C	P
0	0.01416	0.01359	0.02322	0.03511	0.76330	0.01359	0.01755	0.01755	0.01302	0.01869	0.01076	0.01416	0.00906	0.00510	0.00566	0.00170	0.00680	0.00510	0.00283	0.00906
1	0.01303	0.02032	0.33714	0.02720	0.45257	0.01346	0.01906	0.01779	0.01263	0.01845	0.01055	0.01328	0.00830	0.00524	0.00557	0.00175	0.00749	0.00473	0.00266	0.00880
2	0.00891	0.00564	0.00846	0.00846	0.00905	0.00623	0.00623	0.00905	0.00846	0.01187	0.01306	0.02033	0.01246	0.03321	0.45910	0.35604	0.01097	0.00564	0.00282	0.00400
3	0.00753	0.00582	0.00687	0.00661	0.00820	0.00516	0.00495	0.00971	0.01486	0.01979	0.46479	0.04791	0.35143	0.01287	0.00675	0.00185	0.00278	0.01107	0.00588	0.00516
4	0.00775	0.00531	0.00641	0.00696	0.00710	0.00517	0.00424	0.00817	0.00943	0.01257	0.02370	0.35627	0.02796	0.47036	0.01994	0.00419	0.00461	0.01166	0.00424	0.00396
5	0.01340	0.46910	0.02458	0.33604	0.02508	0.01846	0.01235	0.01607	0.01154	0.01394	0.00888	0.01173	0.00746	0.00524	0.00453	0.00151	0.00675	0.00391	0.00249	0.00693

[dist]
# distance from previous block
# <min> <max>
0	167

# created by:
# /software/SequenceAnalysis/GenePrediction/augustus/3.0.1/scripts/msa2prfl.pl ./fixed/BUSCOvEOG77DBW1.fas
