[name]
unknown

[dist]
# distance from previous block
# <min> <max>
9	159

[block]
# block no. 0 follows, 41 sequences, length 9
# corresponding to MSA columns:
# 195-203
name=unknown_A
#
# <colnr> <probs for GDERKNQSTAVLIFYWHMCP>
#	G	D	E	R	K	N	Q	S	T	A	V	L	I	F	Y	W	H	M	C	P
0	0.01955	0.01570	0.01593	0.01227	0.01682	0.07987	0.00999	0.52350	0.02270	0.03037	0.01254	0.01303	0.00925	0.00621	0.00535	0.00151	0.00619	0.00464	0.00498	0.18961
1	0.01563	0.01063	0.01206	0.01077	0.01382	0.01151	0.00835	0.02646	0.48018	0.18499	0.02437	0.13753	0.01981	0.00914	0.00603	0.00196	0.00442	0.00779	0.00602	0.00854
2	0.01296	0.01254	0.02183	0.29146	0.46742	0.01335	0.06423	0.01660	0.01251	0.01727	0.01061	0.01461	0.00854	0.00529	0.00575	0.00178	0.00727	0.00520	0.00274	0.00805
3	0.46263	0.01047	0.07244	0.00806	0.01071	0.01005	0.00678	0.01360	0.00922	0.01939	0.01011	0.01554	0.00930	0.12808	0.01167	0.18415	0.00505	0.00439	0.00320	0.00516
4	0.00705	0.00543	0.00645	0.00698	0.00810	0.00483	0.00494	0.00847	0.01255	0.01616	0.14834	0.38936	0.32953	0.01564	0.00700	0.00209	0.00306	0.01372	0.00545	0.00483
5	0.01217	0.00686	0.00758	0.00697	0.00850	0.00712	0.00525	0.12217	0.01325	0.02105	0.01601	0.01932	0.01288	0.00958	0.00827	0.18329	0.00372	0.00522	0.52541	0.00537
6	0.00773	0.00525	0.00615	0.00686	0.00780	0.00484	0.00479	0.00920	0.01169	0.01628	0.03518	0.44489	0.20980	0.01462	0.00645	0.00201	0.00307	0.01285	0.18572	0.00484
7	0.01522	0.01108	0.01259	0.03561	0.01468	0.01211	0.00867	0.13286	0.37427	0.11043	0.18242	0.02446	0.02358	0.00834	0.00600	0.00185	0.00453	0.00699	0.00595	0.00835
8	0.83938	0.01106	0.00841	0.00752	0.01106	0.01283	0.00619	0.01681	0.00973	0.02566	0.00796	0.00929	0.00619	0.00531	0.00354	0.00177	0.00442	0.00310	0.00354	0.00619

[dist]
# distance from previous block
# <min> <max>
5	8

[block]
# block no. 1 follows, 41 sequences, length 9
# corresponding to MSA columns:
# 213-221
name=unknown_B
#
# <colnr> <probs for GDERKNQSTAVLIFYWHMCP>
#	G	D	E	R	K	N	Q	S	T	A	V	L	I	F	Y	W	H	M	C	P
0	0.65196	0.00989	0.00824	0.00745	0.01049	0.01116	0.00601	0.01546	0.01119	0.02505	0.17758	0.01683	0.01697	0.00675	0.00426	0.00178	0.00404	0.00473	0.00416	0.00601
1	0.01188	0.18804	0.01511	0.00858	0.01298	0.01057	0.00718	0.01405	0.01177	0.01690	0.01424	0.09317	0.04892	0.00629	0.00455	0.00114	0.00450	0.00506	0.00347	0.52160
2	0.19938	0.01034	0.01118	0.00837	0.01306	0.00885	0.00676	0.01587	0.01169	0.07139	0.01052	0.01180	0.00835	0.00467	0.00418	0.00112	0.00432	0.00348	0.00368	0.59098
3	0.65495	0.01471	0.01017	0.00915	0.01255	0.18490	0.00729	0.01817	0.01119	0.02303	0.00816	0.00952	0.00646	0.00544	0.00390	0.00170	0.00575	0.00323	0.00341	0.00629
4	0.01445	0.00851	0.01057	0.03825	0.01279	0.00842	0.00738	0.01982	0.18145	0.23686	0.22645	0.09533	0.09545	0.01003	0.00626	0.00188	0.00399	0.00860	0.00610	0.00740
5	0.29756	0.27969	0.01846	0.01017	0.01444	0.04816	0.00892	0.22302	0.01549	0.02402	0.00963	0.01055	0.00763	0.00563	0.00427	0.00156	0.00576	0.00369	0.00377	0.00760
6	0.83938	0.01106	0.00841	0.00752	0.01106	0.01283	0.00619	0.01681	0.00973	0.02566	0.00796	0.00929	0.00619	0.00531	0.00354	0.00177	0.00442	0.00310	0.00354	0.00619
7	0.00820	0.00652	0.00928	0.18316	0.01559	0.00676	0.00786	0.00999	0.01128	0.01481	0.02731	0.44791	0.08456	0.05222	0.00791	0.00233	0.00453	0.06365	0.00453	0.03160
8	0.01186	0.01017	0.01186	0.00847	0.01356	0.00762	0.00678	0.01440	0.01186	0.01864	0.01017	0.01186	0.00847	0.00424	0.00424	0.00085	0.00424	0.00339	0.00339	0.83395

[dist]
# distance from previous block
# <min> <max>
0	1

[block]
# block no. 2 follows, 41 sequences, length 6
# corresponding to MSA columns:
# 223-228
name=unknown_C
#
# <colnr> <probs for GDERKNQSTAVLIFYWHMCP>
#	G	D	E	R	K	N	Q	S	T	A	V	L	I	F	Y	W	H	M	C	P
0	0.83938	0.01106	0.00841	0.00752	0.01106	0.01283	0.00619	0.01681	0.00973	0.02566	0.00796	0.00929	0.00619	0.00531	0.00354	0.00177	0.00442	0.00310	0.00354	0.00619
1	0.01418	0.01556	0.01903	0.01586	0.01748	0.17842	0.12532	0.01610	0.01113	0.01448	0.00912	0.01338	0.00826	0.01123	0.08102	0.00279	0.43239	0.00509	0.00271	0.00646
2	0.01627	0.01875	0.01281	0.01165	0.01418	0.45163	0.00879	0.05557	0.01627	0.01729	0.17752	0.02439	0.13473	0.00852	0.00578	0.00163	0.00732	0.00649	0.00418	0.00625
3	0.66444	0.01212	0.01028	0.00873	0.01249	0.01388	0.00720	0.17245	0.01341	0.02789	0.00920	0.01024	0.00695	0.00564	0.00401	0.00176	0.00482	0.00354	0.00401	0.00695
4	0.01478	0.01103	0.01237	0.01059	0.01340	0.01186	0.00829	0.34774	0.10214	0.02723	0.17840	0.19054	0.02616	0.01040	0.00630	0.00189	0.00468	0.00882	0.00577	0.00762
5	0.14393	0.62839	0.02571	0.00976	0.01431	0.07057	0.00931	0.01745	0.01163	0.01539	0.00801	0.00927	0.00716	0.00502	0.00375	0.00132	0.00613	0.00311	0.00265	0.00712

[dist]
# distance from previous block
# <min> <max>
0	14

[block]
# block no. 3 follows, 41 sequences, length 14
# corresponding to MSA columns:
# 246-259
name=unknown_D
#
# <colnr> <probs for GDERKNQSTAVLIFYWHMCP>
#	G	D	E	R	K	N	Q	S	T	A	V	L	I	F	Y	W	H	M	C	P
0	0.83938	0.01106	0.00841	0.00752	0.01106	0.01283	0.00619	0.01681	0.00973	0.02566	0.00796	0.00929	0.00619	0.00531	0.00354	0.00177	0.00442	0.00310	0.00354	0.00619
1	0.01447	0.02117	0.47190	0.01356	0.01990	0.01087	0.01571	0.01927	0.01321	0.20715	0.04482	0.09393	0.01389	0.00735	0.00575	0.00185	0.00681	0.00606	0.00404	0.00827
2	0.01183	0.01052	0.01580	0.05254	0.32902	0.00979	0.01135	0.01483	0.01343	0.01957	0.19986	0.02077	0.02017	0.00654	0.00553	0.00149	0.00507	0.00594	0.00385	0.24210
3	0.63388	0.01073	0.00964	0.00819	0.01196	0.01171	0.00675	0.01961	0.01141	0.21295	0.01165	0.01186	0.00821	0.00576	0.00410	0.00177	0.00454	0.00377	0.00443	0.00709
4	0.02207	0.01232	0.04492	0.01241	0.05321	0.01141	0.00991	0.20716	0.05871	0.43701	0.01929	0.03986	0.01325	0.00715	0.00574	0.00176	0.00539	0.00580	0.00614	0.02646
5	0.01491	0.12612	0.01537	0.01256	0.05156	0.29192	0.00924	0.03071	0.06534	0.01578	0.02973	0.21089	0.03000	0.00918	0.00593	0.00171	0.02601	0.00735	0.00383	0.04185
6	0.63289	0.01231	0.01062	0.00895	0.01275	0.01407	0.00738	0.20052	0.01407	0.02829	0.00942	0.01041	0.00709	0.00570	0.00409	0.00176	0.00490	0.00362	0.00409	0.00709
7	0.01387	0.01295	0.02007	0.09702	0.50882	0.01367	0.01526	0.02053	0.19975	0.01964	0.01387	0.01607	0.01105	0.00583	0.00571	0.00178	0.00630	0.00544	0.00356	0.00881
8	0.01370	0.01178	0.01739	0.56121	0.06194	0.01401	0.01468	0.19899	0.01540	0.02019	0.01109	0.01482	0.00821	0.00598	0.00572	0.00185	0.00726	0.00510	0.00336	0.00731
9	0.83938	0.01106	0.00841	0.00752	0.01106	0.01283	0.00619	0.01681	0.00973	0.02566	0.00796	0.00929	0.00619	0.00531	0.00354	0.00177	0.00442	0.00310	0.00354	0.00619
10	0.01311	0.01134	0.01841	0.06344	0.53761	0.01146	0.01405	0.01635	0.01269	0.01916	0.01273	0.01602	0.01041	0.00552	0.00525	0.00162	0.00579	0.00516	0.21191	0.00799
11	0.01110	0.00917	0.01217	0.06265	0.10180	0.00963	0.01008	0.01721	0.19976	0.01879	0.02558	0.05727	0.06586	0.01127	0.00671	0.00217	0.00518	0.32045	0.00486	0.04831
12	0.63289	0.01231	0.01062	0.00895	0.01275	0.01407	0.00738	0.20052	0.01407	0.02829	0.00942	0.01041	0.00709	0.00570	0.00409	0.00176	0.00490	0.00362	0.00409	0.00709
13	0.01311	0.01081	0.01270	0.01219	0.06744	0.04106	0.03034	0.19814	0.07659	0.02192	0.04498	0.24052	0.09067	0.01070	0.00623	0.00187	0.00497	0.02930	0.00496	0.08150

[dist]
# distance from previous block
# <min> <max>
0	9

[block]
# block no. 4 follows, 41 sequences, length 7
# corresponding to MSA columns:
# 269-275
name=unknown_E
#
# <colnr> <probs for GDERKNQSTAVLIFYWHMCP>
#	G	D	E	R	K	N	Q	S	T	A	V	L	I	F	Y	W	H	M	C	P
0	0.01353	0.01026	0.01172	0.00894	0.01283	0.00910	0.00691	0.14940	0.01410	0.05188	0.01301	0.01794	0.01155	0.17290	0.00984	0.00204	0.00492	0.00486	0.00399	0.47028
1	0.53735	0.01227	0.00923	0.00873	0.01150	0.12867	0.00676	0.01587	0.01099	0.02153	0.01308	0.17564	0.01306	0.00807	0.00458	0.00184	0.00510	0.00597	0.00382	0.00593
2	0.01779	0.01188	0.08504	0.01051	0.01450	0.00991	0.00920	0.17270	0.01733	0.29532	0.13430	0.08696	0.04376	0.00856	0.00594	0.00176	0.00495	0.00713	0.00580	0.05663
3	0.01599	0.01263	0.01704	0.08389	0.25725	0.01335	0.01233	0.17384	0.16804	0.08925	0.01790	0.01861	0.05843	0.00681	0.00575	0.00177	0.00581	0.00584	0.00458	0.03090
4	0.53702	0.01024	0.01004	0.01131	0.12602	0.01136	0.00748	0.01619	0.01072	0.02367	0.01066	0.01259	0.00843	0.00556	0.00396	0.00167	0.00442	0.00388	0.17834	0.00645
5	0.01494	0.06217	0.09552	0.01160	0.01472	0.17094	0.00979	0.08051	0.17717	0.04326	0.01632	0.02061	0.03479	0.17446	0.01105	0.00255	0.04274	0.00580	0.00403	0.00703
6	0.01636	0.01140	0.01794	0.01302	0.01809	0.00963	0.19764	0.01940	0.01362	0.23974	0.01419	0.01503	0.01021	0.00523	0.00533	0.00140	0.00582	0.00496	0.00435	0.37665

[dist]
# distance from previous block
# <min> <max>
5	14

[block]
# block no. 5 follows, 41 sequences, length 6
# corresponding to MSA columns:
# 290-295
name=unknown_F
#
# <colnr> <probs for GDERKNQSTAVLIFYWHMCP>
#	G	D	E	R	K	N	Q	S	T	A	V	L	I	F	Y	W	H	M	C	P
0	0.11278	0.01105	0.01440	0.09983	0.01806	0.01060	0.07638	0.01902	0.13026	0.09748	0.01341	0.01457	0.01014	0.00545	0.00497	0.00145	0.00526	0.00460	0.00403	0.34627
1	0.83938	0.01106	0.00841	0.00752	0.01106	0.01283	0.00619	0.01681	0.00973	0.02566	0.00796	0.00929	0.00619	0.00531	0.00354	0.00177	0.00442	0.00310	0.00354	0.00619
2	0.01533	0.01875	0.11859	0.09492	0.05792	0.27845	0.01211	0.09560	0.01479	0.01753	0.01393	0.15436	0.01330	0.00812	0.00611	0.00177	0.03126	0.00645	0.00356	0.03716
3	0.01438	0.09906	0.28312	0.01385	0.01945	0.09276	0.07836	0.02000	0.10187	0.07867	0.05704	0.01540	0.01206	0.00604	0.00538	0.00165	0.00702	0.00495	0.00362	0.08530
4	0.65473	0.01147	0.01037	0.10123	0.01515	0.01333	0.00784	0.09257	0.01173	0.02543	0.00883	0.01047	0.00674	0.00552	0.00403	0.00178	0.00500	0.00355	0.00365	0.00658
5	0.01201	0.01029	0.01355	0.01033	0.01474	0.00855	0.07440	0.05923	0.01298	0.01923	0.01393	0.07991	0.01300	0.00653	0.00511	0.00127	0.00487	0.06568	0.00380	0.57059

[dist]
# distance from previous block
# <min> <max>
0	9

[block]
# block no. 6 follows, 41 sequences, length 13
# corresponding to MSA columns:
# 309-321
name=unknown_G
#
# <colnr> <probs for GDERKNQSTAVLIFYWHMCP>
#	G	D	E	R	K	N	Q	S	T	A	V	L	I	F	Y	W	H	M	C	P
0	0.01188	0.01092	0.01736	0.16665	0.31412	0.01074	0.03970	0.01485	0.01216	0.01727	0.01370	0.13265	0.01302	0.00696	0.00564	0.00165	0.00595	0.00646	0.00328	0.19504
1	0.55759	0.01088	0.00989	0.00870	0.01192	0.01250	0.00709	0.12616	0.01224	0.02490	0.01024	0.01246	0.00827	0.01267	0.15028	0.00317	0.00677	0.00398	0.00378	0.00653
2	0.01216	0.24286	0.29875	0.01143	0.01694	0.01370	0.01249	0.01564	0.01133	0.01582	0.01077	0.01506	0.00957	0.12570	0.00830	0.00203	0.00655	0.00436	0.00277	0.16377
3	0.01830	0.01754	0.01990	0.02332	0.34151	0.21937	0.04181	0.15739	0.01676	0.07222	0.01165	0.01346	0.00907	0.00577	0.00559	0.00166	0.00763	0.00483	0.00370	0.00853
4	0.52726	0.01116	0.01342	0.01085	0.01460	0.01201	0.14580	0.01684	0.01101	0.06895	0.01293	0.01462	0.05110	0.00844	0.05766	0.00232	0.00610	0.00468	0.00371	0.00655
5	0.01226	0.26803	0.10706	0.01101	0.01454	0.01295	0.07824	0.01454	0.01137	0.06118	0.01591	0.16477	0.01612	0.13056	0.05504	0.00273	0.00658	0.00720	0.00351	0.00642
6	0.01220	0.00768	0.00947	0.00805	0.01035	0.00704	0.00605	0.06383	0.01484	0.13037	0.35235	0.03189	0.03227	0.15877	0.01041	0.00236	0.00402	0.00793	0.00542	0.12471
7	0.01923	0.01456	0.01540	0.01230	0.01619	0.04019	0.00993	0.58995	0.02373	0.03162	0.01619	0.13239	0.01389	0.00845	0.00591	0.00178	0.00592	0.00675	0.00551	0.03013
8	0.01983	0.02253	0.01653	0.13158	0.02099	0.51630	0.01175	0.15826	0.01751	0.01827	0.00997	0.01171	0.00785	0.00605	0.00535	0.00159	0.00914	0.00417	0.00341	0.00718
9	0.01291	0.43683	0.11317	0.01006	0.01473	0.01591	0.00992	0.01534	0.01162	0.01518	0.01224	0.12955	0.01218	0.00682	0.00454	0.00139	0.00562	0.00527	0.00306	0.16367
10	0.00982	0.00691	0.00878	0.00777	0.01001	0.00603	0.00602	0.01238	0.01499	0.06413	0.49322	0.05199	0.06631	0.01048	0.00629	0.00168	0.00329	0.05165	0.00568	0.16258
11	0.00822	0.00642	0.00774	0.00752	0.00935	0.00553	0.00555	0.00996	0.01252	0.01698	0.15345	0.27711	0.20345	0.04079	0.00731	0.00200	0.00349	0.05564	0.00504	0.16193
12	0.00871	0.00705	0.00820	0.00735	0.00978	0.00581	0.00542	0.01044	0.01214	0.01669	0.09376	0.21381	0.23447	0.05854	0.00738	0.00187	0.00358	0.00980	0.00465	0.28055

[dist]
# distance from previous block
# <min> <max>
9	21

[block]
# block no. 7 follows, 41 sequences, length 12
# corresponding to MSA columns:
# 347-358
name=unknown_H
#
# <colnr> <probs for GDERKNQSTAVLIFYWHMCP>
#	G	D	E	R	K	N	Q	S	T	A	V	L	I	F	Y	W	H	M	C	P
0	0.01296	0.01093	0.01450	0.01459	0.18391	0.00901	0.00929	0.01568	0.01231	0.04999	0.01082	0.01270	0.00884	0.00455	0.00462	0.00108	0.00484	0.00388	0.00342	0.61206
1	0.65454	0.01076	0.00951	0.00813	0.01187	0.01183	0.00670	0.01933	0.01124	0.19413	0.01128	0.01160	0.00800	0.00571	0.00404	0.00177	0.00453	0.00370	0.00434	0.00700
2	0.01186	0.01017	0.01186	0.00847	0.01356	0.00762	0.00678	0.01440	0.01186	0.01864	0.01017	0.01186	0.00847	0.00424	0.00424	0.00085	0.00424	0.00339	0.00339	0.83395
3	0.01189	0.01047	0.01364	0.00990	0.01489	0.00817	0.07023	0.01463	0.01206	0.01855	0.01113	0.01437	0.00951	0.00477	0.00461	0.00102	0.00474	0.03385	0.00342	0.72815
4	0.83938	0.01106	0.00841	0.00752	0.01106	0.01283	0.00619	0.01681	0.00973	0.02566	0.00796	0.00929	0.00619	0.00531	0.00354	0.00177	0.00442	0.00310	0.00354	0.00619
5	0.01278	0.19026	0.01604	0.00895	0.01389	0.01142	0.00759	0.01595	0.05484	0.01777	0.01042	0.01180	0.00874	0.00459	0.00420	0.00100	0.00468	0.00349	0.00332	0.59828
6	0.01161	0.01030	0.01405	0.18576	0.02017	0.00908	0.04521	0.01455	0.01189	0.01766	0.01094	0.01465	0.00915	0.00501	0.00483	0.00120	0.00531	0.02924	0.00324	0.57615
7	0.83938	0.01106	0.00841	0.00752	0.01106	0.01283	0.00619	0.01681	0.00973	0.02566	0.00796	0.00929	0.00619	0.00531	0.00354	0.00177	0.00442	0.00310	0.00354	0.00619
8	0.01500	0.01007	0.01218	0.00886	0.01379	0.00780	0.00715	0.01746	0.01289	0.18870	0.01298	0.01359	0.00976	0.00488	0.00458	0.00106	0.00438	0.00393	0.00423	0.64672
9	0.01247	0.01167	0.03821	0.04564	0.18531	0.00974	0.01016	0.01617	0.05515	0.01878	0.01107	0.01307	0.00906	0.00473	0.00475	0.00118	0.00510	0.00405	0.00334	0.54037
10	0.83938	0.01106	0.00841	0.00752	0.01106	0.01283	0.00619	0.01681	0.00973	0.02566	0.00796	0.00929	0.00619	0.00531	0.00354	0.00177	0.00442	0.00310	0.00354	0.00619
11	0.01264	0.19014	0.01598	0.00877	0.01381	0.01103	0.00746	0.01502	0.01181	0.01746	0.00966	0.01125	0.00821	0.00439	0.00411	0.00093	0.00466	0.00331	0.00317	0.64618

[dist]
# distance from previous block
# <min> <max>
0	3

[block]
# block no. 8 follows, 41 sequences, length 14
# corresponding to MSA columns:
# 362-375
name=unknown_I
#
# <colnr> <probs for GDERKNQSTAVLIFYWHMCP>
#	G	D	E	R	K	N	Q	S	T	A	V	L	I	F	Y	W	H	M	C	P
0	0.01171	0.01105	0.01752	0.01300	0.01753	0.00946	0.21410	0.01466	0.01212	0.01789	0.01323	0.11368	0.01228	0.00633	0.00576	0.00139	0.02852	0.00604	0.00347	0.47025
1	0.83938	0.01106	0.00841	0.00752	0.01106	0.01283	0.00619	0.01681	0.00973	0.02566	0.00796	0.00929	0.00619	0.00531	0.00354	0.00177	0.00442	0.00310	0.00354	0.00619
2	0.07061	0.01301	0.01656	0.07521	0.19879	0.01317	0.01141	0.25857	0.01698	0.02461	0.01135	0.01313	0.00882	0.00551	0.00514	0.00149	0.00581	0.00450	0.00398	0.24136
3	0.01216	0.01098	0.01678	0.47011	0.12552	0.01203	0.01379	0.06150	0.01272	0.01738	0.01047	0.01427	0.00813	0.00539	0.00539	0.00164	0.00669	0.00472	0.00297	0.18735
4	0.01173	0.01111	0.01883	0.57849	0.23891	0.01295	0.01635	0.01542	0.01187	0.01574	0.01033	0.01495	0.00802	0.00555	0.00570	0.00185	0.00740	0.00509	0.00262	0.00710
5	0.11541	0.01238	0.01587	0.01250	0.01644	0.01302	0.10318	0.18677	0.13387	0.18201	0.01862	0.01846	0.06097	0.00721	0.00638	0.00183	0.04994	0.00584	0.00512	0.03420
6	0.06831	0.01286	0.02125	0.15570	0.59530	0.01340	0.01653	0.01703	0.01255	0.01848	0.01048	0.01401	0.00864	0.00521	0.00553	0.00174	0.00677	0.00496	0.00283	0.00843
7	0.34462	0.01371	0.01278	0.01075	0.01393	0.11147	0.00873	0.09751	0.01322	0.11251	0.01055	0.01188	0.00808	0.00650	0.00694	0.00179	0.14094	0.00407	0.00394	0.06608
8	0.01276	0.01218	0.01949	0.12081	0.17314	0.01252	0.13372	0.03887	0.01227	0.01772	0.01075	0.03361	0.00915	0.00608	0.00764	0.00168	0.13414	0.00517	0.00306	0.23525
9	0.01070	0.01093	0.07148	0.48669	0.02924	0.01121	0.01326	0.06197	0.01304	0.01700	0.07094	0.05543	0.10927	0.00785	0.00597	0.00190	0.00646	0.00678	0.00349	0.00640
10	0.01569	0.01355	0.07542	0.02002	0.17286	0.01150	0.25447	0.01928	0.01363	0.19003	0.01503	0.06732	0.01183	0.00625	0.00600	0.00176	0.00694	0.00631	0.00402	0.08810
11	0.01512	0.01447	0.10082	0.01205	0.01616	0.06044	0.02367	0.07225	0.01323	0.11485	0.01140	0.01311	0.00888	0.00631	0.00795	0.00156	0.17643	0.00435	0.00370	0.32323
12	0.01570	0.01669	0.01562	0.01614	0.12538	0.28830	0.04871	0.07722	0.11004	0.01810	0.01672	0.19296	0.01616	0.00880	0.00594	0.00180	0.00709	0.00741	0.00406	0.00715
13	0.01181	0.01188	0.06707	0.01443	0.01784	0.01096	0.19204	0.04643	0.10876	0.01934	0.06216	0.04575	0.02082	0.00982	0.00738	0.00212	0.04728	0.24600	0.00439	0.05375

[dist]
# distance from previous block
# <min> <max>
4	37

[block]
# block no. 9 follows, 41 sequences, length 37
# corresponding to MSA columns:
# 414-450
name=unknown_J
#
# <colnr> <probs for GDERKNQSTAVLIFYWHMCP>
#	G	D	E	R	K	N	Q	S	T	A	V	L	I	F	Y	W	H	M	C	P
0	0.05110	0.01222	0.01319	0.01167	0.04391	0.11543	0.00882	0.02283	0.04293	0.39948	0.04730	0.07806	0.02774	0.00833	0.00595	0.00184	0.00561	0.03164	0.00580	0.06616
1	0.08027	0.24421	0.49481	0.01408	0.02112	0.01613	0.01686	0.01807	0.01210	0.01791	0.00998	0.01179	0.00771	0.00564	0.00502	0.00174	0.00763	0.00399	0.00271	0.00822
2	0.01617	0.01139	0.01287	0.07319	0.01531	0.01257	0.00888	0.32884	0.01846	0.02696	0.01530	0.01737	0.01176	0.00722	0.00622	0.00172	0.06290	0.00533	0.32090	0.02664
3	0.00873	0.00650	0.00816	0.00868	0.01005	0.00610	0.00682	0.01099	0.03031	0.01846	0.21897	0.17911	0.18840	0.01495	0.00744	0.00231	0.00398	0.25884	0.00572	0.00548
4	0.00748	0.00622	0.00640	0.00633	0.00824	0.00523	0.00471	0.00889	0.01368	0.01670	0.12766	0.05421	0.68491	0.01449	0.00698	0.00202	0.00308	0.01201	0.00558	0.00518
5	0.01604	0.01261	0.01751	0.13931	0.25917	0.01350	0.01307	0.06142	0.26307	0.11601	0.01707	0.01813	0.01286	0.00680	0.00597	0.00192	0.00606	0.00581	0.00467	0.00902
6	0.02269	0.01557	0.01701	0.01312	0.01770	0.01681	0.01077	0.64923	0.02579	0.12725	0.01535	0.01519	0.01078	0.00724	0.00596	0.00182	0.00629	0.00540	0.00605	0.00998
7	0.00777	0.00611	0.00689	0.00692	0.00849	0.00532	0.00505	0.00937	0.01401	0.01807	0.26352	0.15734	0.44121	0.01443	0.00705	0.00205	0.00310	0.01227	0.00577	0.00527
8	0.56368	0.07011	0.04018	0.00933	0.01311	0.01282	0.05923	0.01612	0.01106	0.02292	0.01600	0.01713	0.11469	0.00692	0.00456	0.00186	0.00504	0.00487	0.00381	0.00656
9	0.02164	0.02332	0.01714	0.01541	0.04941	0.49476	0.01147	0.25394	0.01980	0.02178	0.01105	0.01234	0.00872	0.00653	0.00559	0.00166	0.00902	0.00440	0.00402	0.00800
10	0.01340	0.01095	0.01293	0.00959	0.01427	0.00913	0.00767	0.04603	0.01278	0.04822	0.01114	0.01304	0.00919	0.00526	0.00567	0.00115	0.06245	0.00386	0.00375	0.69953
11	0.01398	0.01208	0.01356	0.17664	0.01964	0.06564	0.01027	0.03710	0.36374	0.04924	0.11953	0.02425	0.03949	0.00834	0.00616	0.00198	0.00555	0.01970	0.00517	0.00794
12	0.01381	0.01608	0.07628	0.01856	0.02261	0.09243	0.36105	0.01810	0.06769	0.01768	0.01546	0.08026	0.04152	0.00776	0.00844	0.00209	0.12210	0.00712	0.00350	0.00745
13	0.00837	0.00618	0.00761	0.00736	0.00873	0.00559	0.00539	0.01046	0.01529	0.02107	0.55494	0.09851	0.17234	0.04244	0.00785	0.00210	0.00309	0.01111	0.00611	0.00546
14	0.10902	0.00746	0.00852	0.00852	0.01024	0.00730	0.00627	0.01367	0.06266	0.10269	0.05707	0.31783	0.12260	0.07782	0.00853	0.00248	0.00415	0.06178	0.00539	0.00600
15	0.01441	0.01402	0.03673	0.09332	0.57536	0.01381	0.08037	0.04477	0.01377	0.01937	0.01253	0.01600	0.02709	0.00578	0.00602	0.00184	0.00720	0.00556	0.00316	0.00890
16	0.00914	0.00680	0.00853	0.00857	0.01005	0.00651	0.00664	0.01236	0.06739	0.02085	0.42260	0.11392	0.10290	0.01339	0.00720	0.00215	0.00366	0.16552	0.00603	0.00581
17	0.01445	0.01735	0.19050	0.05601	0.29048	0.01424	0.04303	0.07268	0.19840	0.02138	0.01452	0.01627	0.01122	0.00635	0.00593	0.00190	0.00688	0.00548	0.00387	0.00906
18	0.01497	0.07075	0.36148	0.01681	0.04823	0.04077	0.09450	0.15244	0.04099	0.02138	0.01165	0.01369	0.00884	0.00642	0.00685	0.00191	0.07137	0.00493	0.00343	0.00861
19	0.01527	0.01291	0.01359	0.01209	0.01545	0.01474	0.00940	0.08047	0.69617	0.02521	0.02305	0.02148	0.01736	0.00804	0.00604	0.00202	0.00484	0.00654	0.00598	0.00936
20	0.00887	0.00605	0.00708	0.00706	0.00726	0.00611	0.00426	0.00902	0.00881	0.01195	0.01811	0.03582	0.02027	0.68383	0.13648	0.00614	0.00713	0.00815	0.00359	0.00401
21	0.83274	0.01143	0.00881	0.00791	0.01147	0.01311	0.00644	0.01717	0.01009	0.02608	0.00853	0.01007	0.00673	0.00567	0.00379	0.00187	0.00461	0.00329	0.00372	0.00648
22	0.01799	0.01192	0.01339	0.01157	0.01517	0.01284	0.00909	0.02991	0.53803	0.23511	0.02351	0.02148	0.01696	0.00791	0.00603	0.00199	0.00481	0.00642	0.00634	0.00950
23	0.01049	0.00539	0.00786	0.00784	0.00789	0.00531	0.00522	0.00789	0.00783	0.01049	0.01048	0.01810	0.01044	0.02011	0.02244	0.82646	0.00515	0.00514	0.00268	0.00280
24	0.00800	0.00611	0.00757	0.00835	0.00983	0.00568	0.00685	0.00999	0.01290	0.01620	0.04168	0.13134	0.33017	0.01547	0.00738	0.00232	0.00411	0.36574	0.00529	0.00503
25	0.01254	0.01022	0.01613	0.40205	0.15153	0.01153	0.01387	0.01685	0.06716	0.07751	0.01582	0.02463	0.01362	0.00767	0.00611	0.00199	0.00661	0.13338	0.00369	0.00709
26	0.01256	0.24862	0.55980	0.01446	0.02190	0.01593	0.01792	0.01783	0.01195	0.01679	0.00961	0.01125	0.00727	0.00528	0.00493	0.00164	0.00779	0.00390	0.00242	0.00814
27	0.01709	0.01323	0.01441	0.01151	0.01556	0.01402	0.00924	0.39348	0.17780	0.02839	0.01637	0.06977	0.01320	0.01420	0.00577	0.00167	0.00531	0.00590	0.00525	0.16782
28	0.08946	0.00957	0.01230	0.00979	0.01372	0.00871	0.00797	0.05150	0.01582	0.59385	0.05185	0.07666	0.01672	0.00792	0.00573	0.00181	0.00468	0.00648	0.00658	0.00889
29	0.02033	0.02386	0.01673	0.06736	0.01927	0.61293	0.03675	0.02212	0.01551	0.06762	0.00995	0.01157	0.00792	0.00609	0.00583	0.00158	0.04047	0.00409	0.00319	0.00686
30	0.07916	0.01114	0.01675	0.14069	0.33411	0.02323	0.01302	0.01511	0.01243	0.01833	0.09579	0.07199	0.01635	0.00757	0.00669	0.00185	0.06140	0.03462	0.00349	0.03626
31	0.02074	0.07302	0.01778	0.01306	0.01728	0.11648	0.01076	0.56660	0.02369	0.03062	0.01320	0.01357	0.02088	0.00681	0.00589	0.00168	0.02900	0.00491	0.00503	0.00898
32	0.01545	0.78288	0.02963	0.00991	0.01476	0.04162	0.00982	0.01727	0.01174	0.01347	0.00797	0.00920	0.00734	0.00492	0.00371	0.00123	0.00622	0.00307	0.00246	0.00732
33	0.08067	0.24061	0.43148	0.01361	0.02019	0.07224	0.01582	0.03424	0.01240	0.01754	0.00941	0.01096	0.00725	0.00534	0.00478	0.00162	0.00757	0.00379	0.00263	0.00786
34	0.01128	0.01056	0.01729	0.67800	0.08904	0.01288	0.01553	0.01592	0.06333	0.01555	0.01112	0.01560	0.00841	0.00582	0.00572	0.00189	0.00735	0.00518	0.00279	0.00673
35	0.00683	0.00580	0.00589	0.00586	0.00777	0.00486	0.00440	0.00834	0.01319	0.01582	0.09259	0.05444	0.72611	0.01435	0.00676	0.00192	0.00289	0.01199	0.00536	0.00486
36	0.00994	0.00497	0.00745	0.00745	0.00745	0.00497	0.00497	0.00745	0.00745	0.00994	0.00994	0.01739	0.00994	0.01987	0.02235	0.83358	0.00497	0.00497	0.00248	0.00248

[dist]
# distance from previous block
# <min> <max>
0	1

[block]
# block no. 10 follows, 41 sequences, length 10
# corresponding to MSA columns:
# 452-461
name=unknown_K
#
# <colnr> <probs for GDERKNQSTAVLIFYWHMCP>
#	G	D	E	R	K	N	Q	S	T	A	V	L	I	F	Y	W	H	M	C	P
0	0.01795	0.01073	0.01243	0.01055	0.01413	0.01115	0.00838	0.02744	0.40376	0.30876	0.02611	0.02364	0.08272	0.00810	0.00588	0.00187	0.00451	0.00669	0.00626	0.00894
1	0.04445	0.06420	0.57778	0.01687	0.08882	0.01325	0.01875	0.01749	0.01213	0.01816	0.01163	0.01600	0.00933	0.00616	0.00548	0.00183	0.00779	0.05906	0.00272	0.00812
2	0.01251	0.01251	0.01752	0.01502	0.01502	0.01752	0.01251	0.01377	0.00876	0.01377	0.00751	0.01251	0.00751	0.01001	0.01877	0.00250	0.78851	0.00501	0.00250	0.00626
3	0.00832	0.00555	0.00624	0.00624	0.00624	0.00555	0.00347	0.00832	0.00832	0.01109	0.01802	0.03743	0.02080	0.79898	0.02911	0.00555	0.00555	0.00832	0.00347	0.00347
4	0.02070	0.01550	0.01658	0.01295	0.01734	0.01725	0.01062	0.64530	0.12752	0.03437	0.01506	0.01479	0.01080	0.00699	0.00574	0.00175	0.00605	0.00533	0.00574	0.00963
5	0.72417	0.01034	0.00830	0.00748	0.01071	0.01180	0.00608	0.01598	0.01063	0.02529	0.11223	0.01393	0.01282	0.00619	0.00398	0.00177	0.00419	0.00410	0.00392	0.00608
6	0.00893	0.00833	0.00908	0.14925	0.01463	0.06530	0.00731	0.01129	0.04056	0.01536	0.03959	0.17168	0.41251	0.01258	0.00651	0.00196	0.00446	0.01067	0.00465	0.00537
7	0.00970	0.00765	0.01057	0.12176	0.06066	0.00790	0.00884	0.06676	0.01358	0.01788	0.08856	0.24753	0.11723	0.01310	0.00689	0.00216	0.00475	0.18383	0.00486	0.00578
8	0.00790	0.00574	0.00718	0.00697	0.00812	0.00530	0.00501	0.00996	0.01437	0.01987	0.52767	0.09898	0.12452	0.12157	0.00989	0.00237	0.00316	0.01069	0.00572	0.00501
9	0.01384	0.01328	0.02294	0.03316	0.68394	0.01323	0.05298	0.01727	0.01306	0.01858	0.01192	0.01710	0.01041	0.00570	0.00584	0.00176	0.00685	0.04641	0.00297	0.00878

[dist]
# distance from previous block
# <min> <max>
0	2

[block]
# block no. 11 follows, 41 sequences, length 11
# corresponding to MSA columns:
# 464-474
name=unknown_L
#
# <colnr> <probs for GDERKNQSTAVLIFYWHMCP>
#	G	D	E	R	K	N	Q	S	T	A	V	L	I	F	Y	W	H	M	C	P
0	0.13828	0.01744	0.17947	0.05111	0.30656	0.05078	0.13984	0.01784	0.01251	0.01918	0.01026	0.01305	0.00805	0.00521	0.00546	0.00177	0.00747	0.00482	0.00286	0.00805
1	0.01686	0.37808	0.02266	0.01209	0.01574	0.15853	0.01054	0.12408	0.06023	0.01753	0.00984	0.01130	0.00835	0.00631	0.00665	0.00158	0.12491	0.00398	0.00323	0.00750
2	0.06203	0.00921	0.01521	0.02720	0.01573	0.00892	0.20897	0.05098	0.01277	0.04158	0.02500	0.30877	0.10553	0.01199	0.00734	0.03640	0.00551	0.03642	0.00444	0.00600
3	0.06966	0.01218	0.04132	0.01032	0.01465	0.05022	0.00861	0.09040	0.07706	0.29579	0.04467	0.02948	0.01339	0.00653	0.00526	0.00155	0.00510	0.00518	0.00526	0.21338
4	0.02095	0.13419	0.08086	0.01212	0.01703	0.01563	0.01091	0.38365	0.02056	0.22529	0.01492	0.01443	0.01034	0.00651	0.00540	0.00166	0.00607	0.00492	0.00531	0.00926
5	0.00835	0.00620	0.00750	0.00815	0.00885	0.00628	0.00548	0.01142	0.12240	0.01527	0.02743	0.51823	0.03115	0.18150	0.01169	0.00295	0.00397	0.01310	0.00500	0.00506
6	0.00946	0.00812	0.01420	0.04148	0.01513	0.00787	0.18552	0.01159	0.01187	0.03759	0.05110	0.50245	0.02856	0.01349	0.00739	0.00218	0.02905	0.01266	0.00462	0.00568
7	0.01957	0.02416	0.01686	0.01609	0.06521	0.61251	0.01169	0.02113	0.01488	0.01427	0.00876	0.01089	0.00750	0.00646	0.00724	0.00164	0.12755	0.00397	0.00287	0.00673
8	0.26583	0.14236	0.01488	0.01056	0.01351	0.14015	0.00863	0.10184	0.01322	0.02012	0.01230	0.12892	0.01190	0.00789	0.00617	0.00178	0.08401	0.00561	0.00368	0.00664
9	0.02103	0.01662	0.01670	0.01315	0.01747	0.08072	0.01072	0.61949	0.09163	0.03311	0.01419	0.01414	0.01023	0.00687	0.00568	0.00172	0.00647	0.00515	0.00550	0.00941
10	0.01222	0.00897	0.01114	0.01018	0.01207	0.00999	0.00810	0.21039	0.01457	0.02001	0.01734	0.02794	0.01647	0.11814	0.32144	0.00536	0.03052	0.11456	0.02434	0.00623

[dist]
# distance from previous block
# <min> <max>
6	193

# created by:
# /software/SequenceAnalysis/GenePrediction/augustus/3.0.1/scripts/msa2prfl.pl ./fixed/BUSCOvEOG72RFNK.fas
