[name]
unknown

[dist]
# distance from previous block
# <min> <max>
0	86

[block]
# block no. 0 follows, 37 sequences, length 80
# corresponding to MSA columns:
# 98-177
name=unknown_A
#
# <colnr> <probs for GDERKNQSTAVLIFYWHMCP>
#	G	D	E	R	K	N	Q	S	T	A	V	L	I	F	Y	W	H	M	C	P
0	0.00932	0.00670	0.00919	0.01046	0.01173	0.00658	0.00879	0.01181	0.01386	0.01810	0.06599	0.18016	0.06748	0.01701	0.00825	0.00269	0.00507	0.53559	0.00570	0.00552
1	0.01482	0.01392	0.02324	0.10050	0.56593	0.01442	0.03933	0.03944	0.03653	0.01980	0.01186	0.01561	0.00983	0.00641	0.00721	0.03306	0.03030	0.00555	0.00317	0.00905
2	0.00866	0.00603	0.00773	0.00864	0.00917	0.00591	0.00616	0.00984	0.01138	0.01504	0.02816	0.31198	0.03243	0.29418	0.01640	0.00382	0.00500	0.20980	0.00496	0.00471
3	0.01537	0.01484	0.02451	0.17775	0.40836	0.05916	0.13661	0.01917	0.01406	0.05348	0.01201	0.01563	0.00947	0.00569	0.00624	0.00189	0.00809	0.00569	0.00320	0.00876
4	0.02247	0.02593	0.01777	0.01596	0.03600	0.57156	0.01200	0.16401	0.01930	0.01980	0.01051	0.01194	0.00844	0.00663	0.00611	0.00167	0.03403	0.00434	0.00373	0.00781
5	0.01245	0.01062	0.01243	0.00904	0.01424	0.00801	0.00718	0.01509	0.01265	0.01974	0.01195	0.04866	0.01054	0.00522	0.00469	0.00098	0.00449	0.00427	0.00372	0.78403
6	0.01269	0.01088	0.01269	0.00907	0.01451	0.00816	0.00725	0.01541	0.01269	0.01995	0.01088	0.01269	0.00907	0.00453	0.00453	0.00091	0.00453	0.00363	0.00363	0.82229
7	0.00862	0.00626	0.00813	0.00766	0.00912	0.00576	0.00574	0.01147	0.01723	0.02432	0.72382	0.04610	0.07754	0.01260	0.00722	0.00193	0.00289	0.01112	0.00671	0.00576
8	0.02287	0.02917	0.01735	0.01577	0.01892	0.76030	0.01183	0.02444	0.01735	0.01498	0.00946	0.01104	0.00788	0.00631	0.00552	0.00158	0.01104	0.00394	0.00315	0.00710
9	0.02128	0.01529	0.01665	0.01325	0.01761	0.01679	0.01076	0.52890	0.12919	0.08292	0.01814	0.06983	0.01403	0.00833	0.00626	0.00192	0.00614	0.00659	0.00621	0.00993
10	0.00753	0.00536	0.00708	0.00844	0.00878	0.00502	0.00559	0.00854	0.01159	0.01545	0.03306	0.74620	0.03963	0.05503	0.00891	0.00265	0.00366	0.01700	0.00559	0.00491
11	0.02323	0.01817	0.01828	0.01423	0.01898	0.08238	0.01165	0.66626	0.02780	0.03656	0.01425	0.01438	0.01019	0.00726	0.00607	0.00181	0.00710	0.00538	0.00587	0.01013
12	0.00746	0.00533	0.00710	0.00852	0.00888	0.00497	0.00568	0.00852	0.01172	0.01563	0.03374	0.78088	0.04049	0.01918	0.00781	0.00249	0.00355	0.01740	0.00568	0.00497
13	0.04745	0.18434	0.56131	0.01580	0.02379	0.01625	0.03322	0.01912	0.01275	0.01872	0.01041	0.01224	0.00776	0.00568	0.00537	0.00181	0.00838	0.00427	0.00265	0.00869
14	0.00898	0.00622	0.00738	0.00776	0.00819	0.00622	0.00502	0.01040	0.04476	0.01442	0.03736	0.22034	0.02804	0.46988	0.02147	0.00449	0.00516	0.06682	0.02256	0.00454
15	0.00746	0.00533	0.00710	0.00852	0.00888	0.00497	0.00568	0.00852	0.01172	0.01563	0.03374	0.78088	0.04049	0.01918	0.00781	0.00249	0.00355	0.01740	0.00568	0.00497
16	0.01479	0.01266	0.01352	0.01236	0.01566	0.01457	0.00970	0.03093	0.67764	0.02502	0.02552	0.02655	0.02002	0.00900	0.00641	0.00214	0.00491	0.06306	0.00618	0.00936
17	0.01275	0.06184	0.70308	0.01712	0.02584	0.03618	0.02182	0.01949	0.01303	0.01906	0.01084	0.01275	0.00776	0.00581	0.00573	0.00190	0.00900	0.00446	0.00260	0.00894
18	0.00813	0.00565	0.00693	0.00762	0.00791	0.00543	0.00480	0.00882	0.01079	0.01438	0.05667	0.40790	0.05439	0.35153	0.01792	0.00395	0.00455	0.01332	0.00487	0.00446
19	0.01147	0.00745	0.00896	0.00823	0.01023	0.00719	0.00627	0.05308	0.05989	0.08079	0.39541	0.08734	0.11096	0.01162	0.00667	0.00191	0.00346	0.01003	0.11252	0.00651
20	0.00754	0.00647	0.00649	0.00644	0.00856	0.00555	0.00484	0.00969	0.04139	0.01688	0.06060	0.05754	0.71662	0.01523	0.00720	0.00207	0.00317	0.01269	0.00571	0.00534
21	0.02084	0.03816	0.01636	0.01268	0.01683	0.07425	0.01032	0.46180	0.08921	0.06115	0.01615	0.01638	0.01181	0.00727	0.00577	0.00177	0.00630	0.00551	0.11809	0.00936
22	0.00761	0.00544	0.00727	0.00863	0.00907	0.00509	0.00588	0.00881	0.01200	0.01602	0.05475	0.72524	0.04075	0.01887	0.00783	0.00249	0.00363	0.04989	0.00571	0.00503
23	0.01228	0.03166	0.75316	0.01745	0.02649	0.01422	0.02262	0.01939	0.01292	0.01939	0.01099	0.01292	0.00775	0.00582	0.00582	0.00194	0.00905	0.00452	0.00258	0.00905
24	0.01515	0.01454	0.02485	0.03757	0.74669	0.01454	0.01879	0.01879	0.01394	0.02000	0.01151	0.01515	0.00970	0.00545	0.00606	0.00182	0.00727	0.00545	0.00303	0.00970
25	0.00749	0.00535	0.00713	0.00850	0.00889	0.00499	0.00568	0.00860	0.01186	0.01585	0.05131	0.76268	0.04091	0.01901	0.00780	0.00247	0.00353	0.01725	0.00571	0.00499
26	0.01228	0.03166	0.75316	0.01745	0.02649	0.01422	0.02262	0.01939	0.01292	0.01939	0.01099	0.01292	0.00775	0.00582	0.00582	0.00194	0.00905	0.00452	0.00258	0.00905
27	0.01957	0.02374	0.01534	0.01448	0.01713	0.57987	0.01103	0.02130	0.01638	0.01557	0.01506	0.08080	0.01484	0.00902	0.00617	0.00185	0.00958	0.11783	0.00375	0.00669
28	0.01606	0.64884	0.13414	0.01169	0.01738	0.05374	0.01226	0.01874	0.01271	0.01514	0.00890	0.01031	0.00784	0.00536	0.00426	0.00141	0.00709	0.00348	0.00264	0.00799
29	0.01485	0.01423	0.02430	0.09974	0.68690	0.01446	0.01863	0.01852	0.01379	0.01963	0.01146	0.01525	0.00957	0.00551	0.00607	0.00184	0.00735	0.00545	0.00300	0.00945
30	0.07954	0.06833	0.01677	0.03430	0.01755	0.01619	0.01040	0.30827	0.21035	0.14819	0.01794	0.01720	0.01285	0.00733	0.00583	0.00188	0.00587	0.00567	0.00588	0.00966
31	0.00958	0.00591	0.00649	0.00646	0.00721	0.00583	0.00419	0.01087	0.01113	0.01668	0.06678	0.03580	0.07899	0.40220	0.03688	0.00399	0.00477	0.00824	0.27335	0.00465
32	0.01184	0.01125	0.01910	0.69891	0.07473	0.01382	0.03367	0.01586	0.01230	0.01592	0.01087	0.01620	0.00826	0.00618	0.00649	0.00205	0.02738	0.00548	0.00274	0.00697
33	0.82811	0.01184	0.00900	0.00805	0.01184	0.01373	0.00663	0.01799	0.01042	0.02746	0.00852	0.00994	0.00663	0.00568	0.00379	0.00189	0.00474	0.00331	0.00379	0.00663
34	0.00807	0.00600	0.00752	0.00764	0.00891	0.00544	0.00554	0.01022	0.01518	0.02064	0.42437	0.24707	0.18111	0.01487	0.00738	0.00210	0.00311	0.01313	0.00626	0.00544
35	0.00760	0.00622	0.00671	0.00659	0.00849	0.00532	0.00494	0.00949	0.01482	0.01859	0.23674	0.05553	0.56819	0.01474	0.00723	0.00203	0.00305	0.01244	0.00595	0.00532
36	0.00746	0.00573	0.00683	0.00756	0.00866	0.00510	0.00529	0.00884	0.01298	0.01660	0.09416	0.44920	0.31507	0.01729	0.00755	0.00228	0.00333	0.01522	0.00576	0.00510
37	0.01538	0.01323	0.01393	0.01249	0.01598	0.01530	0.00973	0.04571	0.72220	0.02585	0.02472	0.02268	0.01853	0.00829	0.00623	0.00207	0.00488	0.00689	0.00623	0.00970
38	0.02343	0.01689	0.01821	0.01396	0.01885	0.01860	0.01153	0.69959	0.02835	0.06588	0.01506	0.01493	0.01059	0.00736	0.00612	0.00184	0.00668	0.00554	0.00618	0.01041
39	0.01982	0.33757	0.10941	0.01249	0.01794	0.04117	0.01200	0.21080	0.01790	0.14665	0.01315	0.01340	0.00977	0.00630	0.00517	0.00163	0.00680	0.00453	0.00441	0.00909
40	0.10544	0.01054	0.01384	0.13295	0.01829	0.03917	0.10184	0.07864	0.01418	0.02184	0.01825	0.10805	0.03715	0.00820	0.00562	0.00185	0.00564	0.00709	0.26472	0.00669
41	0.01320	0.01118	0.01296	0.00930	0.01472	0.00867	0.00746	0.04917	0.01346	0.02083	0.01106	0.01279	0.00913	0.00467	0.00461	0.00095	0.00464	0.00372	0.00375	0.78374
42	0.35723	0.01288	0.01599	0.10341	0.24746	0.02890	0.01210	0.03332	0.01304	0.10586	0.01164	0.01365	0.00883	0.00592	0.00512	0.00188	0.00614	0.00461	0.00389	0.00813
43	0.00961	0.00759	0.01081	0.00928	0.01168	0.00678	0.08703	0.01217	0.01561	0.05467	0.34432	0.04671	0.33482	0.01269	0.00718	0.00200	0.00393	0.01117	0.00593	0.00602
44	0.00962	0.00675	0.00749	0.00733	0.00773	0.00699	0.00439	0.01158	0.09139	0.01343	0.01993	0.03810	0.02185	0.69673	0.02833	0.00550	0.00581	0.00868	0.00400	0.00439
45	0.02030	0.01465	0.01580	0.01252	0.01675	0.01590	0.01020	0.53459	0.05908	0.06408	0.02183	0.04996	0.09560	0.00878	0.00627	0.00189	0.00594	0.00691	0.02954	0.00944
46	0.02469	0.01027	0.01363	0.01069	0.01501	0.00920	0.00874	0.04930	0.04804	0.61607	0.10553	0.02356	0.01999	0.00816	0.00628	0.00190	0.00498	0.00673	0.00738	0.00986
47	0.79427	0.01206	0.00939	0.00830	0.01214	0.01395	0.00684	0.04777	0.01119	0.02793	0.00878	0.01014	0.00679	0.00575	0.00389	0.00189	0.00482	0.00341	0.00389	0.00679
48	0.00779	0.00557	0.00747	0.00880	0.00932	0.00524	0.00616	0.00914	0.01225	0.01635	0.06682	0.66567	0.04070	0.01861	0.00786	0.00250	0.00376	0.09521	0.00573	0.00509
49	0.01616	0.67230	0.11333	0.01148	0.01706	0.05250	0.01191	0.01869	0.01269	0.01499	0.00883	0.01022	0.00785	0.00535	0.00421	0.00139	0.00701	0.00344	0.00264	0.00796
50	0.00798	0.00625	0.00744	0.00782	0.00932	0.00540	0.00552	0.00939	0.01257	0.01642	0.04048	0.45516	0.26942	0.01630	0.00725	0.00217	0.00351	0.01436	0.00545	0.09781
51	0.01213	0.00969	0.01165	0.10290	0.01635	0.01086	0.00926	0.02106	0.32561	0.02117	0.02538	0.16638	0.02351	0.01117	0.00662	0.00218	0.00491	0.11390	0.09785	0.00742
52	0.10504	0.05966	0.63988	0.01610	0.02440	0.01456	0.02032	0.01919	0.01262	0.02010	0.01061	0.01246	0.00763	0.00578	0.00551	0.00191	0.00846	0.00434	0.00272	0.00872
53	0.10248	0.00748	0.00942	0.01046	0.01216	0.00761	0.00900	0.01289	0.01361	0.01916	0.03197	0.07919	0.08573	0.01559	0.00782	0.00265	0.00529	0.55637	0.00543	0.00570
54	0.01096	0.00626	0.00750	0.00736	0.00864	0.00661	0.00556	0.03499	0.01196	0.01956	0.01776	0.02243	0.01484	0.01941	0.21461	0.09688	0.00698	0.00589	0.47636	0.00544
55	0.77195	0.01216	0.01087	0.00928	0.01323	0.01385	0.05618	0.01811	0.01070	0.02692	0.00879	0.01040	0.00681	0.00565	0.00403	0.00191	0.00512	0.00358	0.00374	0.00674
56	0.01376	0.01302	0.02118	0.31293	0.33696	0.01433	0.04639	0.01970	0.12267	0.01917	0.01334	0.01682	0.01045	0.00613	0.00616	0.00195	0.00737	0.00575	0.00340	0.00853
57	0.02244	0.05494	0.01866	0.01508	0.03701	0.28407	0.01179	0.41118	0.03943	0.02833	0.01270	0.01337	0.00956	0.00686	0.00581	0.00173	0.00824	0.00488	0.00483	0.00908
58	0.01318	0.01174	0.03711	0.09630	0.01840	0.00957	0.02216	0.03688	0.03547	0.03693	0.01232	0.03263	0.01017	0.00539	0.00502	0.00121	0.00526	0.00448	0.00378	0.60200
59	0.03926	0.01676	0.23221	0.01279	0.01876	0.01073	0.01298	0.02655	0.02748	0.50853	0.01995	0.01831	0.01285	0.00703	0.00601	0.00191	0.00633	0.00563	0.00600	0.00992
60	0.01328	0.01324	0.01873	0.06112	0.01763	0.01844	0.01361	0.01479	0.00955	0.01479	0.00821	0.01357	0.00804	0.01044	0.01925	0.00264	0.72794	0.00536	0.00268	0.00670
61	0.00972	0.00687	0.00927	0.00883	0.01050	0.00724	0.00685	0.01213	0.01111	0.01705	0.05101	0.02355	0.01669	0.03197	0.48961	0.00679	0.01173	0.00627	0.16459	0.09824
62	0.11926	0.01015	0.01242	0.01024	0.01392	0.00988	0.00819	0.02514	0.12361	0.42308	0.06763	0.02119	0.01691	0.00933	0.00797	0.09500	0.00496	0.00615	0.00630	0.00867
63	0.02556	0.02862	0.62999	0.01791	0.05268	0.01474	0.02117	0.01881	0.01252	0.01901	0.01063	0.01301	0.00784	0.00636	0.00741	0.00202	0.09570	0.00463	0.00263	0.00877
64	0.00924	0.00684	0.00912	0.00871	0.00993	0.00714	0.00630	0.01077	0.00985	0.01409	0.01673	0.02805	0.01689	0.28535	0.43380	0.00753	0.01159	0.00700	0.00346	0.09760
65	0.01063	0.00532	0.00797	0.00797	0.00797	0.00532	0.00532	0.00797	0.00797	0.01063	0.01063	0.01861	0.01063	0.02127	0.02392	0.82190	0.00532	0.00532	0.00266	0.00266
66	0.01434	0.01432	0.05024	0.17777	0.49783	0.01442	0.01755	0.01975	0.09548	0.01976	0.01289	0.01617	0.01034	0.00592	0.00608	0.00190	0.00724	0.00558	0.00332	0.00910
67	0.02468	0.01069	0.01446	0.09703	0.01841	0.02600	0.00982	0.02725	0.01691	0.61718	0.05599	0.02127	0.01619	0.00761	0.00619	0.00191	0.00556	0.00626	0.00689	0.00972
68	0.00906	0.00676	0.00864	0.00796	0.00982	0.00603	0.00603	0.01181	0.01636	0.02323	0.58984	0.07739	0.06765	0.01212	0.00698	0.00187	0.00319	0.03058	0.00628	0.09840
69	0.01545	0.01658	0.03411	0.02447	0.03052	0.01588	0.64355	0.09982	0.01607	0.02176	0.01265	0.01631	0.00942	0.00541	0.00710	0.00204	0.00991	0.00703	0.00344	0.00850
70	0.10507	0.06485	0.63493	0.01605	0.02433	0.01463	0.02023	0.01918	0.01262	0.02007	0.01059	0.01244	0.00763	0.00577	0.00550	0.00190	0.00844	0.00433	0.00272	0.00872
71	0.00930	0.00647	0.00861	0.00974	0.01075	0.00632	0.00743	0.01182	0.04869	0.03985	0.03254	0.47339	0.03680	0.01749	0.00790	0.00256	0.00439	0.25458	0.00575	0.00561
72	0.01063	0.00532	0.00797	0.00797	0.00797	0.00532	0.00532	0.00797	0.00797	0.01063	0.01063	0.01861	0.01063	0.02127	0.02392	0.82190	0.00532	0.00532	0.00266	0.00266
73	0.00745	0.00535	0.00708	0.00845	0.00886	0.00498	0.00565	0.00853	0.01179	0.01565	0.03461	0.75867	0.06213	0.01906	0.00780	0.00247	0.00354	0.01726	0.00568	0.00498
74	0.10574	0.01275	0.01878	0.42765	0.21593	0.04241	0.01577	0.01755	0.03531	0.01836	0.01110	0.01524	0.00869	0.00608	0.00613	0.00196	0.02469	0.00519	0.00305	0.00762
75	0.00859	0.00643	0.00809	0.00866	0.00976	0.00596	0.00595	0.01068	0.05054	0.01659	0.04397	0.59014	0.03491	0.06661	0.00886	0.00250	0.00387	0.01460	0.00537	0.09793
76	0.00948	0.00731	0.01029	0.01013	0.01150	0.00851	0.00788	0.01338	0.09222	0.01550	0.01736	0.02391	0.01569	0.04164	0.67499	0.00896	0.01508	0.00660	0.00361	0.00594
77	0.23306	0.01012	0.01402	0.01201	0.01494	0.01034	0.12866	0.01633	0.02852	0.10329	0.02084	0.28395	0.02106	0.01105	0.00676	0.00217	0.02949	0.02967	0.00483	0.01890
78	0.02207	0.01643	0.01773	0.01351	0.01847	0.01775	0.01114	0.64559	0.02695	0.03646	0.01426	0.01447	0.01026	0.00703	0.00594	0.00173	0.00649	0.00530	0.00584	0.10256
79	0.02120	0.02365	0.01875	0.04243	0.12987	0.46060	0.01304	0.16110	0.01873	0.02040	0.01081	0.01260	0.00867	0.00648	0.00608	0.00171	0.02750	0.00456	0.00369	0.00812

[dist]
# distance from previous block
# <min> <max>
0	3

[block]
# block no. 1 follows, 37 sequences, length 8
# corresponding to MSA columns:
# 181-188
name=unknown_B
#
# <colnr> <probs for GDERKNQSTAVLIFYWHMCP>
#	G	D	E	R	K	N	Q	S	T	A	V	L	I	F	Y	W	H	M	C	P
0	0.01436	0.00771	0.01075	0.01128	0.05327	0.00711	0.00811	0.01636	0.01432	0.23745	0.07275	0.34840	0.03134	0.01414	0.00729	0.00229	0.00456	0.12533	0.00616	0.00703
1	0.00965	0.00657	0.00833	0.00825	0.00972	0.00615	0.00604	0.01256	0.05121	0.06560	0.39083	0.26477	0.10837	0.01426	0.00728	0.00211	0.00335	0.01262	0.00635	0.00596
2	0.01405	0.01072	0.01209	0.01102	0.01353	0.01156	0.00838	0.22952	0.18141	0.02544	0.07860	0.32467	0.02780	0.01267	0.00690	0.00216	0.00475	0.01099	0.00602	0.00773
3	0.25392	0.00791	0.00762	0.00720	0.00960	0.00792	0.00558	0.01236	0.01388	0.02217	0.24648	0.04034	0.32095	0.01168	0.00620	0.00197	0.00353	0.00949	0.00543	0.00579
4	0.01992	0.00952	0.01213	0.01030	0.01355	0.00895	0.00808	0.11760	0.01703	0.38897	0.02548	0.24813	0.02214	0.01100	0.00653	0.00204	0.00478	0.00941	0.05594	0.00850
5	0.02621	0.01244	0.01546	0.01185	0.01663	0.01199	0.00979	0.23877	0.02090	0.53722	0.02131	0.01899	0.01373	0.00751	0.00615	0.00188	0.00567	0.00596	0.00714	0.01042
6	0.00745	0.00594	0.00668	0.00705	0.00854	0.00517	0.00508	0.00899	0.01363	0.01709	0.12353	0.27415	0.46258	0.01630	0.00741	0.00218	0.00321	0.01407	0.00579	0.00517
7	0.02036	0.02476	0.02303	0.01869	0.02285	0.49880	0.22561	0.05902	0.01706	0.01758	0.01061	0.01287	0.00844	0.00602	0.00606	0.00174	0.01060	0.00501	0.00329	0.00761

[dist]
# distance from previous block
# <min> <max>
0	5

[block]
# block no. 2 follows, 37 sequences, length 43
# corresponding to MSA columns:
# 194-236
name=unknown_C
#
# <colnr> <probs for GDERKNQSTAVLIFYWHMCP>
#	G	D	E	R	K	N	Q	S	T	A	V	L	I	F	Y	W	H	M	C	P
0	0.82811	0.01184	0.00900	0.00805	0.01184	0.01373	0.00663	0.01799	0.01042	0.02746	0.00852	0.00994	0.00663	0.00568	0.00379	0.00189	0.00474	0.00331	0.00379	0.00663
1	0.02288	0.01213	0.01441	0.01131	0.01555	0.02912	0.00914	0.20605	0.03618	0.40400	0.07022	0.02152	0.01691	0.05327	0.00759	0.00207	0.00558	0.00633	0.00659	0.04914
2	0.01728	0.01160	0.01245	0.01026	0.01344	0.01261	0.00826	0.37733	0.02077	0.03028	0.01704	0.01876	0.01297	0.00987	0.05653	0.00221	0.00575	0.00566	0.34884	0.00809
3	0.01341	0.01086	0.01277	0.00916	0.01456	0.00820	0.00734	0.01612	0.01293	0.05555	0.01153	0.01309	0.00936	0.00468	0.00461	0.00095	0.00457	0.00375	0.00382	0.78276
4	0.07357	0.01069	0.01388	0.01083	0.01542	0.00970	0.00890	0.02932	0.06582	0.65930	0.02329	0.02033	0.01489	0.00751	0.00602	0.00191	0.00516	0.00604	0.00726	0.01015
5	0.78117	0.01175	0.00930	0.00822	0.01206	0.01345	0.00677	0.01869	0.01083	0.06988	0.00944	0.01058	0.00713	0.00579	0.00393	0.00189	0.00476	0.00348	0.00401	0.00685
6	0.77276	0.01318	0.05948	0.00869	0.01283	0.01376	0.00771	0.01809	0.01059	0.02692	0.00869	0.01015	0.00671	0.00569	0.00393	0.00190	0.00503	0.00340	0.00371	0.00679
7	0.01141	0.00571	0.00571	0.00571	0.00713	0.00571	0.00428	0.01426	0.01284	0.02282	0.01997	0.02282	0.01569	0.00713	0.00428	0.00143	0.00285	0.00571	0.81886	0.00571
8	0.00744	0.00539	0.00704	0.00835	0.00883	0.00499	0.00560	0.00854	0.01189	0.01569	0.03586	0.72673	0.09326	0.01890	0.00777	0.00245	0.00352	0.01707	0.00568	0.00499
9	0.00870	0.00642	0.00791	0.00847	0.01002	0.00588	0.00669	0.01074	0.01407	0.03392	0.12292	0.18279	0.30819	0.01607	0.00769	0.00236	0.00400	0.23187	0.00583	0.00546
10	0.02412	0.01298	0.01533	0.01177	0.01657	0.03031	0.00966	0.23369	0.03610	0.42149	0.01947	0.01788	0.01294	0.00714	0.00594	0.00176	0.00572	0.00563	0.00655	0.10494
11	0.00767	0.00551	0.00732	0.00868	0.00920	0.00517	0.00602	0.00891	0.01202	0.01590	0.03467	0.69011	0.06614	0.01884	0.00785	0.00250	0.00372	0.07906	0.00568	0.00504
12	0.01826	0.01307	0.01423	0.01205	0.01584	0.01443	0.00958	0.18962	0.41607	0.12371	0.02297	0.02150	0.03217	0.00807	0.00609	0.00195	0.00516	0.00655	0.05908	0.00959
13	0.03445	0.00766	0.00777	0.00708	0.00911	0.00799	0.00549	0.12581	0.01527	0.02541	0.01885	0.02122	0.01463	0.00713	0.00455	0.00150	0.00351	0.00561	0.67050	0.00647
14	0.01637	0.78856	0.03208	0.01047	0.01571	0.02422	0.01047	0.01833	0.01244	0.01440	0.00851	0.00982	0.00786	0.00524	0.00393	0.00131	0.00655	0.00327	0.00262	0.00786
15	0.00923	0.00691	0.01000	0.00981	0.01088	0.00811	0.00767	0.01145	0.01040	0.01539	0.05165	0.02435	0.01695	0.03917	0.62076	0.00837	0.06211	0.00664	0.06458	0.00558
16	0.01156	0.01088	0.01836	0.77016	0.04216	0.01360	0.01700	0.01564	0.01224	0.01564	0.01088	0.01632	0.00816	0.00612	0.00612	0.00204	0.00816	0.00544	0.00272	0.00680
17	0.00786	0.00623	0.00707	0.00686	0.00865	0.00543	0.00514	0.01000	0.01543	0.02005	0.36118	0.05312	0.44284	0.01419	0.00723	0.00200	0.00301	0.01211	0.00615	0.00543
18	0.00858	0.00613	0.00839	0.00980	0.01065	0.00594	0.00763	0.01046	0.01282	0.01688	0.03312	0.44968	0.03804	0.01812	0.00811	0.00264	0.00452	0.33755	0.00566	0.00528
19	0.02650	0.01058	0.01417	0.01092	0.01553	0.00935	0.00900	0.06310	0.01806	0.68676	0.05278	0.02154	0.01664	0.00776	0.00620	0.00189	0.00519	0.00632	0.00747	0.01023
20	0.01649	0.72393	0.06058	0.01099	0.01629	0.05679	0.01103	0.01865	0.01268	0.01463	0.00865	0.01000	0.00785	0.00531	0.00408	0.00135	0.00685	0.00335	0.00264	0.00787
21	0.02289	0.02859	0.01740	0.01569	0.01893	0.72410	0.01182	0.05872	0.01791	0.01613	0.00972	0.01122	0.00801	0.00636	0.00555	0.00159	0.01083	0.00402	0.00330	0.00726
22	0.01246	0.01061	0.01243	0.00899	0.01419	0.00802	0.00717	0.01519	0.01296	0.02022	0.05383	0.01463	0.01192	0.00500	0.00469	0.00097	0.00444	0.00406	0.00381	0.77442
23	0.01417	0.01354	0.02307	0.23806	0.55388	0.01429	0.01830	0.01793	0.01347	0.01881	0.01134	0.01547	0.00928	0.00564	0.00608	0.00188	0.00752	0.00545	0.00295	0.00890
24	0.00966	0.00699	0.00981	0.00960	0.01086	0.00799	0.00743	0.04603	0.01095	0.01595	0.01670	0.02417	0.01539	0.07222	0.63650	0.00865	0.01447	0.00654	0.06445	0.00565
25	0.01578	0.01177	0.01335	0.06456	0.01609	0.03078	0.00940	0.19353	0.17748	0.06944	0.10066	0.10477	0.02134	0.00946	0.00689	0.00198	0.04136	0.00775	0.09552	0.00811
26	0.00728	0.00620	0.00626	0.00625	0.00829	0.00519	0.00468	0.00887	0.01405	0.01677	0.08226	0.05852	0.72381	0.01541	0.00723	0.00206	0.00309	0.01286	0.00572	0.00519
27	0.82811	0.01184	0.00900	0.00805	0.01184	0.01373	0.00663	0.01799	0.01042	0.02746	0.00852	0.00994	0.00663	0.00568	0.00379	0.00189	0.00474	0.00331	0.00379	0.00663
28	0.00746	0.00533	0.00710	0.00852	0.00888	0.00497	0.00568	0.00852	0.01172	0.01563	0.03374	0.78088	0.04049	0.01918	0.00781	0.00249	0.00355	0.01740	0.00568	0.00497
29	0.02234	0.02818	0.01786	0.01725	0.06830	0.70970	0.01230	0.02406	0.01712	0.01532	0.00960	0.01132	0.00801	0.00625	0.00556	0.00159	0.01078	0.00404	0.00315	0.00727
30	0.01228	0.03166	0.75316	0.01745	0.02649	0.01422	0.02262	0.01939	0.01292	0.01939	0.01099	0.01292	0.00775	0.00582	0.00582	0.00194	0.00905	0.00452	0.00258	0.00905
31	0.01608	0.01322	0.01406	0.01247	0.01604	0.01514	0.00975	0.06306	0.67536	0.05552	0.02443	0.02240	0.01818	0.00823	0.00622	0.00206	0.00494	0.00683	0.00628	0.00975
32	0.01050	0.01010	0.01929	0.05257	0.01981	0.00963	0.29291	0.01339	0.01289	0.01728	0.02408	0.42126	0.02634	0.01290	0.00751	0.00230	0.00653	0.02981	0.00451	0.00639
33	0.00754	0.00539	0.00718	0.00847	0.00890	0.00503	0.00569	0.00873	0.01210	0.01623	0.08189	0.73100	0.04166	0.01873	0.00777	0.00245	0.00351	0.01697	0.00575	0.00503
34	0.82811	0.01184	0.00900	0.00805	0.01184	0.01373	0.00663	0.01799	0.01042	0.02746	0.00852	0.00994	0.00663	0.00568	0.00379	0.00189	0.00474	0.00331	0.00379	0.00663
35	0.00723	0.00620	0.00620	0.00620	0.00827	0.00517	0.00465	0.00878	0.01395	0.01654	0.06201	0.05891	0.74421	0.01550	0.00723	0.00207	0.00310	0.01292	0.00568	0.00517
36	0.00938	0.00710	0.00853	0.00792	0.00976	0.00674	0.00601	0.04677	0.05102	0.02360	0.53142	0.04590	0.19736	0.01269	0.00712	0.00196	0.00321	0.01099	0.00646	0.00606
37	0.02689	0.01055	0.01419	0.01096	0.01564	0.00929	0.00903	0.02996	0.05135	0.71676	0.02419	0.02093	0.01532	0.00761	0.00616	0.00190	0.00519	0.00619	0.00751	0.01038
38	0.01269	0.01088	0.01269	0.00907	0.01451	0.00816	0.00725	0.01541	0.01269	0.01995	0.01088	0.01269	0.00907	0.00453	0.00453	0.00091	0.00453	0.00363	0.00363	0.82229
39	0.00890	0.00596	0.00679	0.00679	0.00683	0.00600	0.00386	0.00898	0.00894	0.01196	0.01918	0.03946	0.02200	0.75743	0.05824	0.00608	0.00632	0.00881	0.00369	0.00377
40	0.01063	0.00532	0.00797	0.00797	0.00797	0.00532	0.00532	0.00797	0.00797	0.01063	0.01063	0.01861	0.01063	0.02127	0.02392	0.82190	0.00532	0.00532	0.00266	0.00266
41	0.00862	0.00582	0.00676	0.00704	0.00711	0.00575	0.00409	0.00883	0.00945	0.01260	0.02211	0.18493	0.02582	0.63514	0.02659	0.00526	0.00547	0.01056	0.00409	0.00396
42	0.01496	0.01387	0.02346	0.05433	0.66834	0.01388	0.01775	0.01853	0.01417	0.03687	0.05470	0.01710	0.01260	0.00593	0.00613	0.00183	0.00699	0.00580	0.00334	0.00941

[dist]
# distance from previous block
# <min> <max>
4	73

[block]
# block no. 3 follows, 37 sequences, length 6
# corresponding to MSA columns:
# 310-315
name=unknown_D
#
# <colnr> <probs for GDERKNQSTAVLIFYWHMCP>
#	G	D	E	R	K	N	Q	S	T	A	V	L	I	F	Y	W	H	M	C	P
0	0.18453	0.01269	0.01400	0.16011	0.02040	0.01483	0.01061	0.07036	0.39765	0.02487	0.01810	0.01835	0.01358	0.00727	0.00569	0.00202	0.00559	0.00579	0.00503	0.00853
1	0.01452	0.01424	0.02482	0.02953	0.45419	0.01349	0.16368	0.01830	0.01380	0.01991	0.01157	0.01495	0.00949	0.00521	0.00600	0.00169	0.00737	0.00547	0.00316	0.16862
2	0.02019	0.04405	0.02141	0.04196	0.02160	0.13820	0.15992	0.29547	0.06120	0.08984	0.01575	0.01660	0.03117	0.00691	0.00622	0.00186	0.00789	0.00588	0.00489	0.00902
3	0.01174	0.00850	0.01058	0.01081	0.01254	0.00874	0.00864	0.15990	0.01625	0.02152	0.02922	0.32930	0.03206	0.01578	0.00772	0.00249	0.00507	0.29699	0.00576	0.00638
4	0.01024	0.00808	0.01086	0.01099	0.01186	0.00913	0.00898	0.01215	0.01224	0.01653	0.06015	0.05022	0.05788	0.16582	0.01522	0.00333	0.16562	0.36056	0.00470	0.00547
5	0.01380	0.01176	0.01771	0.57383	0.03546	0.01413	0.01521	0.15440	0.01521	0.01982	0.01161	0.01615	0.00876	0.00732	0.00725	0.05384	0.00770	0.00545	0.00338	0.00725

[dist]
# distance from previous block
# <min> <max>
0	43

# created by:
# /software/SequenceAnalysis/GenePrediction/augustus/3.0.1/scripts/msa2prfl.pl ./fixed/BUSCOvEOG7X0P76.fas
