[name]
unknown

[dist]
# distance from previous block
# <min> <max>
49	128

[block]
# block no. 0 follows, 41 sequences, length 8
# corresponding to MSA columns:
# 142-149
name=unknown_A
#
# <colnr> <probs for GDERKNQSTAVLIFYWHMCP>
#	G	D	E	R	K	N	Q	S	T	A	V	L	I	F	Y	W	H	M	C	P
0	0.01147	0.02959	0.76934	0.01630	0.02476	0.01328	0.02113	0.01811	0.01208	0.01811	0.01026	0.01208	0.00725	0.00543	0.00543	0.00181	0.00845	0.00423	0.00242	0.00845
1	0.02029	0.01794	0.12352	0.01360	0.01873	0.01711	0.01232	0.64155	0.02480	0.03351	0.01324	0.01350	0.00938	0.00666	0.00568	0.00173	0.00660	0.00502	0.00525	0.00955
2	0.00994	0.00497	0.00745	0.00745	0.00745	0.00497	0.00497	0.00745	0.00745	0.00994	0.00994	0.01739	0.00994	0.01987	0.02235	0.83358	0.00497	0.00497	0.00248	0.00248
3	0.00832	0.00555	0.00624	0.00624	0.00624	0.00555	0.00347	0.00832	0.00832	0.01109	0.01802	0.03743	0.02080	0.79898	0.02911	0.00555	0.00555	0.00832	0.00347	0.00347
4	0.00693	0.00575	0.00606	0.00609	0.00785	0.00488	0.00452	0.00849	0.01328	0.01626	0.13723	0.09807	0.63616	0.01437	0.00679	0.00194	0.00290	0.01212	0.00542	0.00488
5	0.01423	0.01229	0.01293	0.01164	0.01487	0.01423	0.00905	0.03039	0.75297	0.02393	0.02328	0.02134	0.01746	0.00776	0.00582	0.00194	0.00453	0.00647	0.00582	0.00905
6	0.01326	0.01099	0.01261	0.00914	0.01415	0.00905	0.00736	0.11760	0.01399	0.02110	0.01067	0.01213	0.00865	0.00461	0.00445	0.00097	0.00453	0.00364	0.00372	0.71740
7	0.01186	0.01017	0.01186	0.00847	0.01356	0.00762	0.00678	0.01440	0.01186	0.01864	0.01017	0.01186	0.00847	0.00424	0.00424	0.00085	0.00424	0.00339	0.00339	0.83395

[dist]
# distance from previous block
# <min> <max>
0	2

[block]
# block no. 1 follows, 41 sequences, length 8
# corresponding to MSA columns:
# 152-159
name=unknown_B
#
# <colnr> <probs for GDERKNQSTAVLIFYWHMCP>
#	G	D	E	R	K	N	Q	S	T	A	V	L	I	F	Y	W	H	M	C	P
0	0.00832	0.00555	0.00624	0.00624	0.00624	0.00555	0.00347	0.00832	0.00832	0.01109	0.01802	0.03743	0.02080	0.79898	0.02911	0.00555	0.00555	0.00832	0.00347	0.00347
1	0.01373	0.01172	0.01256	0.01153	0.01457	0.01346	0.00907	0.02854	0.67911	0.02325	0.02398	0.02565	0.01900	0.00856	0.00603	0.00201	0.00460	0.07818	0.00576	0.00868
2	0.25779	0.01011	0.01189	0.00942	0.01359	0.00967	0.00778	0.02472	0.01448	0.55571	0.01840	0.01657	0.01189	0.00657	0.00512	0.00177	0.00474	0.00499	0.00607	0.00872
3	0.50357	0.01176	0.05416	0.15570	0.01742	0.01282	0.00943	0.01580	0.01050	0.02183	0.05601	0.01300	0.00967	0.00625	0.00573	0.00187	0.08064	0.00418	0.00336	0.00631
4	0.60130	0.01338	0.07901	0.00930	0.01336	0.01352	0.00831	0.09472	0.08085	0.02591	0.01020	0.01113	0.00771	0.00571	0.00415	0.00178	0.00500	0.00373	0.00388	0.00704
5	0.09044	0.00835	0.01026	0.08675	0.01377	0.00923	0.00783	0.01566	0.15854	0.06096	0.08452	0.33171	0.02582	0.01184	0.00708	0.00209	0.05376	0.01013	0.00497	0.00629
6	0.01482	0.01065	0.01371	0.01133	0.01466	0.01092	0.07844	0.02330	0.34089	0.15467	0.08889	0.02332	0.01902	0.09067	0.00830	0.00218	0.00499	0.00666	0.00536	0.07723
7	0.01509	0.01285	0.08306	0.01070	0.01536	0.01086	0.00928	0.05191	0.25812	0.13374	0.01652	0.01624	0.01224	0.00605	0.00516	0.00147	0.00490	0.00491	0.00475	0.32679

[dist]
# distance from previous block
# <min> <max>
53	139

# created by:
# /software/SequenceAnalysis/GenePrediction/augustus/3.0.1/scripts/msa2prfl.pl ./fixed/BUSCOvEOG7HB015.fas
