[name]
unknown

[dist]
# distance from previous block
# <min> <max>
4	158

[block]
# block no. 0 follows, 40 sequences, length 16
# corresponding to MSA columns:
# 167-182
name=unknown_A
#
# <colnr> <probs for GDERKNQSTAVLIFYWHMCP>
#	G	D	E	R	K	N	Q	S	T	A	V	L	I	F	Y	W	H	M	C	P
0	0.00832	0.00546	0.00666	0.00686	0.00737	0.00518	0.00445	0.00821	0.00989	0.01278	0.04461	0.15180	0.18490	0.28272	0.01884	0.21995	0.00447	0.00969	0.00403	0.00380
1	0.22685	0.01057	0.01512	0.57931	0.03252	0.01295	0.01357	0.01544	0.01118	0.01779	0.00975	0.01392	0.00737	0.00571	0.00523	0.00190	0.00690	0.00464	0.00285	0.00642
2	0.02224	0.02485	0.01623	0.01434	0.01764	0.62861	0.01092	0.08014	0.01735	0.09875	0.01092	0.01179	0.00844	0.00620	0.00536	0.00155	0.00955	0.00409	0.00368	0.00734
3	0.01411	0.01500	0.06034	0.03223	0.55722	0.01401	0.18427	0.01805	0.01331	0.01889	0.01111	0.01459	0.00904	0.00513	0.00600	0.00179	0.00765	0.00553	0.00287	0.00887
4	0.01352	0.01371	0.01616	0.01350	0.01517	0.09641	0.01104	0.01516	0.01055	0.01532	0.00849	0.01231	0.00787	0.00819	0.01373	0.00199	0.49751	0.00451	0.00283	0.22203
5	0.01545	0.01657	0.02019	0.21793	0.38460	0.21187	0.01569	0.01850	0.01368	0.01671	0.01028	0.01365	0.00839	0.00555	0.00564	0.00172	0.00806	0.00480	0.00284	0.00787
6	0.00866	0.00845	0.01332	0.01076	0.01375	0.00747	0.19626	0.01103	0.01338	0.01647	0.04659	0.04543	0.56141	0.01216	0.00687	0.00196	0.00474	0.01086	0.00476	0.00568
7	0.01371	0.01449	0.01629	0.01432	0.01503	0.15449	0.01163	0.01514	0.01036	0.01396	0.00908	0.01384	0.00865	0.01446	0.13030	0.00338	0.52689	0.00502	0.00271	0.00625
8	0.00926	0.00771	0.01020	0.00924	0.01032	0.00865	0.00726	0.01148	0.01414	0.02007	0.48574	0.03675	0.11787	0.01175	0.01006	0.00203	0.20726	0.00929	0.00529	0.00565
9	0.01260	0.01221	0.02345	0.01862	0.05126	0.01279	0.36581	0.01474	0.01109	0.01545	0.01044	0.01554	0.00893	0.01001	0.01351	0.21875	0.16990	0.00595	0.00275	0.00620
10	0.62175	0.01157	0.00975	0.00874	0.01226	0.01342	0.00706	0.02070	0.20308	0.02563	0.01217	0.01265	0.00929	0.00605	0.00420	0.00184	0.00453	0.00404	0.00420	0.00706
11	0.01325	0.01079	0.01162	0.00996	0.01343	0.01126	0.00777	0.02386	0.43780	0.02250	0.01943	0.01917	0.01490	0.00677	0.00520	0.00158	0.00422	0.00557	0.13743	0.22348
12	0.01334	0.59154	0.02427	0.00947	0.01323	0.01823	0.00876	0.01498	0.01164	0.01399	0.01435	0.21389	0.01557	0.00844	0.00470	0.00154	0.00548	0.00662	0.00325	0.00675
13	0.00722	0.00531	0.00677	0.00766	0.00839	0.00486	0.00527	0.00856	0.01224	0.01623	0.14330	0.57245	0.14685	0.01677	0.00726	0.00222	0.00322	0.01501	0.00555	0.00486
14	0.01206	0.01034	0.01206	0.00861	0.01378	0.00775	0.00689	0.01464	0.01206	0.01895	0.01034	0.01206	0.00861	0.00431	0.00431	0.00086	0.00431	0.00345	0.00345	0.83118
15	0.01453	0.45238	0.16387	0.01790	0.21142	0.01886	0.01414	0.01771	0.01227	0.01594	0.00926	0.01119	0.00790	0.00513	0.00459	0.00148	0.00684	0.00387	0.00258	0.00813

[dist]
# distance from previous block
# <min> <max>
0	1

[block]
# block no. 1 follows, 40 sequences, length 19
# corresponding to MSA columns:
# 184-202
name=unknown_B
#
# <colnr> <probs for GDERKNQSTAVLIFYWHMCP>
#	G	D	E	R	K	N	Q	S	T	A	V	L	I	F	Y	W	H	M	C	P
0	0.00730	0.00569	0.00663	0.00686	0.00823	0.00502	0.00497	0.00901	0.01359	0.01759	0.24493	0.24258	0.37712	0.01484	0.00701	0.00203	0.00300	0.01289	0.00568	0.00502
1	0.05387	0.00857	0.01061	0.00907	0.01208	0.00810	0.00713	0.05337	0.04689	0.38119	0.02294	0.16928	0.01875	0.00920	0.00572	0.00183	0.00425	0.00773	0.16155	0.00786
2	0.01716	0.01375	0.01437	0.01225	0.01594	0.03492	0.00971	0.21407	0.50996	0.06062	0.02074	0.01932	0.01530	0.00757	0.00587	0.00189	0.00524	0.00612	0.00587	0.00935
3	0.00815	0.00569	0.00625	0.00625	0.00664	0.00550	0.00370	0.00844	0.00939	0.01214	0.02620	0.04153	0.16388	0.64415	0.02519	0.00493	0.00512	0.00920	0.00389	0.00379
4	0.01485	0.10150	0.24649	0.01884	0.02488	0.16215	0.31181	0.01933	0.01364	0.01721	0.01046	0.01303	0.00800	0.00530	0.00584	0.00176	0.00922	0.00512	0.00276	0.00781
5	0.01496	0.01852	0.16911	0.02085	0.02701	0.01512	0.46184	0.15851	0.01609	0.02208	0.01194	0.01471	0.00876	0.00542	0.00641	0.00190	0.00892	0.00606	0.00341	0.00838
6	0.00873	0.15909	0.01135	0.00846	0.00969	0.00827	0.00628	0.00990	0.01127	0.01462	0.02740	0.64004	0.03245	0.01565	0.00671	0.00214	0.00393	0.01393	0.00483	0.00525
7	0.01559	0.29032	0.10593	0.06443	0.02266	0.01801	0.22155	0.15787	0.01541	0.02014	0.01068	0.01276	0.00833	0.00545	0.00536	0.00165	0.00763	0.00486	0.00327	0.00810
8	0.01547	0.16840	0.09482	0.01924	0.06508	0.01604	0.35492	0.08127	0.04306	0.06734	0.01225	0.01442	0.00925	0.00543	0.00588	0.00177	0.00803	0.00559	0.00344	0.00827
9	0.01369	0.02740	0.62039	0.01595	0.02378	0.01438	0.01946	0.15838	0.01520	0.02195	0.01112	0.01260	0.00786	0.00581	0.00558	0.00182	0.00817	0.00448	0.00311	0.00885
10	0.00831	0.00620	0.00921	0.00921	0.01021	0.00720	0.00710	0.01030	0.00931	0.01340	0.01570	0.02352	0.01483	0.07677	0.73983	0.00918	0.01514	0.00633	0.00313	0.00512
11	0.01371	0.01188	0.01867	0.11643	0.44384	0.01255	0.01429	0.06292	0.01354	0.01992	0.01246	0.01583	0.01011	0.00592	0.00608	0.00172	0.04380	0.00523	0.16306	0.00805
12	0.00730	0.00587	0.00655	0.00701	0.00841	0.00527	0.00501	0.00928	0.04597	0.01577	0.04702	0.33610	0.44824	0.01575	0.00704	0.00212	0.00318	0.01364	0.00542	0.00503
13	0.01944	0.02017	0.01633	0.01392	0.01691	0.35538	0.01098	0.25447	0.01859	0.02160	0.01360	0.01491	0.05651	0.00755	0.00777	0.00178	0.13352	0.00500	0.00400	0.00759
14	0.01644	0.01398	0.01952	0.01430	0.01944	0.01349	0.18342	0.30322	0.01852	0.02589	0.01212	0.01368	0.00917	0.00551	0.00552	0.00147	0.00645	0.00497	0.00427	0.30862
15	0.01228	0.01180	0.02041	0.48925	0.28322	0.01332	0.05459	0.01607	0.01228	0.01646	0.01061	0.01514	0.00830	0.00555	0.00585	0.00187	0.00757	0.00526	0.00270	0.00746
16	0.00895	0.00667	0.00792	0.00856	0.00962	0.00592	0.00591	0.00986	0.01347	0.01782	0.14261	0.47981	0.22500	0.01719	0.00785	0.00247	0.00377	0.01481	0.00604	0.00577
17	0.00895	0.00655	0.00803	0.00908	0.00987	0.00592	0.00626	0.00967	0.01262	0.01668	0.03693	0.62115	0.14295	0.01834	0.00803	0.00261	0.00403	0.06074	0.00590	0.00568
18	0.01373	0.01508	0.06936	0.06959	0.02717	0.01337	0.49178	0.01735	0.01398	0.01909	0.01713	0.16822	0.01597	0.00869	0.00749	0.00232	0.00879	0.00896	0.00393	0.00800

[dist]
# distance from previous block
# <min> <max>
0	1

[block]
# block no. 2 follows, 40 sequences, length 7
# corresponding to MSA columns:
# 204-210
name=unknown_C
#
# <colnr> <probs for GDERKNQSTAVLIFYWHMCP>
#	G	D	E	R	K	N	Q	S	T	A	V	L	I	F	Y	W	H	M	C	P
0	0.00962	0.00733	0.00827	0.00859	0.01002	0.00638	0.00603	0.01047	0.01437	0.01878	0.16511	0.32291	0.35461	0.01671	0.00799	0.00249	0.00391	0.01399	0.00626	0.00616
1	0.01219	0.01138	0.05823	0.06270	0.16638	0.00998	0.07954	0.01403	0.01372	0.01901	0.07723	0.39298	0.02846	0.01349	0.00769	0.00250	0.00603	0.01184	0.00510	0.00753
2	0.01889	0.55588	0.10596	0.01243	0.01769	0.05338	0.01191	0.02063	0.01410	0.11310	0.01264	0.01429	0.01054	0.00690	0.00529	0.00182	0.00722	0.00441	0.00392	0.00900
3	0.02357	0.01295	0.01366	0.01099	0.01486	0.13654	0.00874	0.07544	0.01666	0.52301	0.01959	0.01940	0.01351	0.07462	0.00778	0.00207	0.00603	0.00568	0.00608	0.00882
4	0.69809	0.01035	0.00810	0.00735	0.01068	0.01169	0.00598	0.01563	0.01046	0.02436	0.01659	0.01722	0.13170	0.00696	0.00415	0.00183	0.00424	0.00467	0.00390	0.00607
5	0.00841	0.00541	0.00664	0.00696	0.00704	0.00533	0.00421	0.00823	0.00893	0.01191	0.02014	0.21004	0.02333	0.48521	0.02329	0.14272	0.00501	0.00977	0.00379	0.00364
6	0.04506	0.01763	0.08924	0.02023	0.02534	0.08327	0.43536	0.10690	0.01497	0.02030	0.01119	0.01424	0.00852	0.00578	0.00741	0.00193	0.07566	0.00588	0.00325	0.00787

[dist]
# distance from previous block
# <min> <max>
0	1

[block]
# block no. 3 follows, 40 sequences, length 9
# corresponding to MSA columns:
# 212-220
name=unknown_D
#
# <colnr> <probs for GDERKNQSTAVLIFYWHMCP>
#	G	D	E	R	K	N	Q	S	T	A	V	L	I	F	Y	W	H	M	C	P
0	0.01104	0.00946	0.01084	0.00808	0.01261	0.00719	0.00640	0.01340	0.01229	0.01831	0.01991	0.02071	0.15610	0.00636	0.00481	0.00108	0.00404	0.00519	0.00383	0.66834
1	0.01497	0.01170	0.01282	0.01127	0.01416	0.01325	0.00872	0.15322	0.47362	0.02373	0.01926	0.01952	0.01484	0.01015	0.00921	0.16528	0.00501	0.00603	0.00523	0.00801
2	0.01300	0.01031	0.01216	0.00873	0.01385	0.00781	0.00700	0.01557	0.01237	0.06911	0.01119	0.01258	0.00900	0.00450	0.00441	0.00092	0.00435	0.00361	0.00370	0.77584
3	0.00724	0.00585	0.00609	0.00606	0.00764	0.00508	0.00432	0.00853	0.01259	0.01538	0.09457	0.05199	0.58206	0.15433	0.01094	0.00261	0.00341	0.01148	0.00513	0.00470
4	0.01508	0.01485	0.02701	0.01947	0.02498	0.01412	0.46402	0.16007	0.01611	0.02224	0.01194	0.01470	0.00900	0.00521	0.00620	0.00172	0.00815	0.00593	0.00360	0.15562
5	0.00937	0.00669	0.00937	0.01071	0.01205	0.00669	0.00937	0.01205	0.01339	0.01740	0.03079	0.06560	0.03347	0.01606	0.00803	0.00268	0.00535	0.72021	0.00535	0.00535
6	0.01213	0.01193	0.02391	0.01770	0.02189	0.01123	0.46242	0.01621	0.01399	0.02010	0.15978	0.02223	0.01899	0.00661	0.00636	0.00183	0.00714	0.00732	0.15129	0.00695
7	0.02609	0.00990	0.01350	0.01035	0.01484	0.00855	0.00855	0.02834	0.01664	0.76338	0.02294	0.01979	0.01439	0.00720	0.00585	0.00180	0.00495	0.00585	0.00720	0.00990
8	0.00807	0.00665	0.00745	0.00704	0.00930	0.00552	0.00529	0.00976	0.01276	0.01652	0.06787	0.17893	0.43117	0.01325	0.00651	0.00184	0.00337	0.03592	0.00505	0.16775

[dist]
# distance from previous block
# <min> <max>
0	11

[block]
# block no. 4 follows, 40 sequences, length 85
# corresponding to MSA columns:
# 232-316
name=unknown_E
#
# <colnr> <probs for GDERKNQSTAVLIFYWHMCP>
#	G	D	E	R	K	N	Q	S	T	A	V	L	I	F	Y	W	H	M	C	P
0	0.69277	0.01259	0.00990	0.03035	0.01294	0.07029	0.00720	0.04371	0.01131	0.05265	0.00899	0.01024	0.00686	0.00558	0.00395	0.00178	0.00513	0.00343	0.00374	0.00660
1	0.01021	0.00951	0.01529	0.63683	0.03404	0.01142	0.01396	0.01364	0.01193	0.01502	0.01940	0.02306	0.14762	0.00748	0.00601	0.00194	0.00685	0.00649	0.00311	0.00617
2	0.01151	0.02548	0.62361	0.01449	0.02174	0.01200	0.01823	0.01751	0.01226	0.01903	0.01203	0.01403	0.00877	0.00576	0.00525	0.00175	0.00750	0.00451	0.15655	0.00800
3	0.00706	0.00516	0.00665	0.00784	0.00837	0.00475	0.00528	0.00813	0.01138	0.01495	0.03521	0.70532	0.12293	0.01781	0.00736	0.00231	0.00332	0.01603	0.00540	0.00475
4	0.00709	0.00506	0.00675	0.00810	0.00843	0.00472	0.00540	0.00810	0.01113	0.01484	0.03205	0.79184	0.03846	0.01822	0.00742	0.00236	0.00337	0.01653	0.00540	0.00472
5	0.02276	0.00916	0.01243	0.00978	0.01370	0.00798	0.00798	0.02510	0.01661	0.62523	0.15985	0.02421	0.02195	0.00807	0.00604	0.00180	0.00454	0.00672	0.00705	0.00907
6	0.01744	0.01178	0.01247	0.01008	0.01337	0.01281	0.00816	0.43895	0.02106	0.03045	0.01604	0.01716	0.01197	0.00690	0.00509	0.00158	0.00487	0.00531	0.34649	0.00804
7	0.02528	0.01322	0.01405	0.01121	0.01543	0.15112	0.00905	0.02738	0.01661	0.62353	0.02034	0.01806	0.01311	0.00697	0.00574	0.00174	0.00598	0.00546	0.00641	0.00931
8	0.01206	0.01034	0.01206	0.00861	0.01378	0.00775	0.00689	0.01464	0.01206	0.01895	0.01034	0.01206	0.00861	0.00431	0.00431	0.00086	0.00431	0.00345	0.00345	0.83118
9	0.01309	0.01110	0.01195	0.01114	0.01387	0.01265	0.00849	0.02664	0.61113	0.02256	0.02523	0.16547	0.02162	0.00982	0.00620	0.00205	0.00437	0.00843	0.00582	0.00837
10	0.68269	0.01476	0.14986	0.00931	0.01385	0.01313	0.00913	0.01734	0.01034	0.02466	0.00853	0.00998	0.00650	0.00542	0.00396	0.00181	0.00526	0.00336	0.00339	0.00673
11	0.02203	0.01842	0.01727	0.01368	0.01802	0.15884	0.01109	0.60616	0.02531	0.03246	0.01303	0.01331	0.00944	0.00680	0.00571	0.00170	0.00716	0.00496	0.00529	0.00930
12	0.83671	0.01125	0.00855	0.00765	0.01125	0.01305	0.00630	0.01709	0.00990	0.02609	0.00810	0.00945	0.00630	0.00540	0.00360	0.00180	0.00450	0.00315	0.00360	0.00630
13	0.01461	0.16042	0.02489	0.03089	0.62038	0.01553	0.01637	0.01777	0.01298	0.01801	0.01041	0.01345	0.00888	0.00514	0.00538	0.00164	0.00678	0.00479	0.00281	0.00888
14	0.01331	0.01132	0.01244	0.01137	0.01424	0.01312	0.00884	0.02707	0.61080	0.02230	0.02216	0.02191	0.01715	0.01456	0.14904	0.00335	0.00665	0.00651	0.00539	0.00846
15	0.00748	0.00536	0.00715	0.00816	0.00877	0.00502	0.00573	0.00895	0.01231	0.01663	0.16715	0.59411	0.04113	0.01686	0.00737	0.00229	0.00341	0.07162	0.00558	0.00492
16	0.02254	0.00899	0.01224	0.00993	0.01365	0.00783	0.00796	0.02456	0.01562	0.62364	0.02464	0.16392	0.01889	0.00925	0.00614	0.00190	0.00465	0.00784	0.00686	0.00893
17	0.00846	0.00564	0.00634	0.00634	0.00634	0.00564	0.00352	0.00846	0.00846	0.01128	0.01832	0.03805	0.02114	0.79563	0.02960	0.00564	0.00564	0.00846	0.00352	0.00352
18	0.03821	0.01252	0.01319	0.01059	0.01420	0.01349	0.00860	0.47168	0.02191	0.03014	0.02299	0.02289	0.15005	0.00835	0.00568	0.00173	0.00513	0.00653	0.13394	0.00817
19	0.00801	0.00701	0.00828	0.00806	0.00935	0.00728	0.00615	0.00935	0.01204	0.01523	0.04423	0.18770	0.48058	0.01454	0.00926	0.00215	0.14902	0.01174	0.00487	0.00514
20	0.01393	0.01145	0.01307	0.00950	0.01458	0.00967	0.00767	0.15005	0.01491	0.02225	0.01101	0.01241	0.00885	0.00481	0.00459	0.00103	0.00470	0.00378	0.00389	0.67786
21	0.00737	0.00576	0.00633	0.00658	0.00788	0.00512	0.00466	0.00860	0.01217	0.01512	0.07239	0.16083	0.45412	0.16098	0.01125	0.00274	0.00361	0.04474	0.00509	0.00467
22	0.00705	0.00522	0.00659	0.00769	0.00833	0.00476	0.00522	0.00814	0.01153	0.01501	0.03707	0.65446	0.17260	0.01757	0.00732	0.00229	0.00329	0.01574	0.00540	0.00476
23	0.01277	0.00775	0.00987	0.00977	0.01207	0.00747	0.00818	0.01645	0.08560	0.16987	0.03421	0.05003	0.17498	0.01319	0.00715	0.00228	0.00471	0.36130	0.00579	0.00657
24	0.01239	0.01296	0.02430	0.01868	0.02176	0.01432	0.36666	0.01559	0.01135	0.01617	0.01114	0.01606	0.00950	0.01384	0.15377	0.00353	0.26209	0.00617	0.00285	0.00687
25	0.00734	0.00517	0.00667	0.00777	0.00804	0.00489	0.00505	0.00816	0.01063	0.01418	0.02949	0.65112	0.03523	0.16335	0.01156	0.00297	0.00380	0.01502	0.00505	0.00450
26	0.01560	0.01434	0.02346	0.06455	0.50021	0.01467	0.10308	0.15261	0.01586	0.02206	0.01157	0.01452	0.00922	0.00551	0.00590	0.00177	0.00720	0.00539	0.00342	0.00905
27	0.01350	0.01834	0.16860	0.02168	0.02766	0.04272	0.53185	0.01846	0.01340	0.01846	0.01163	0.01505	0.00873	0.00524	0.00667	0.00191	0.02448	0.00617	0.03763	0.00781
28	0.01141	0.00957	0.01129	0.00845	0.01286	0.00750	0.00669	0.01437	0.03161	0.01990	0.14993	0.01816	0.01748	0.00581	0.00482	0.00107	0.00402	0.00484	0.00406	0.65615
29	0.01697	0.00999	0.01219	0.04014	0.04562	0.01039	0.00868	0.02459	0.28080	0.25283	0.02195	0.02318	0.01638	0.00776	0.00567	0.00183	0.00462	0.04856	0.15948	0.00838
30	0.01925	0.02359	0.01459	0.01337	0.01581	0.62916	0.00980	0.02046	0.01498	0.01368	0.01073	0.01563	0.01004	0.15340	0.00979	0.00227	0.00958	0.00462	0.00309	0.00614
31	0.01307	0.01167	0.01965	0.02687	0.49911	0.01156	0.07082	0.01629	0.01291	0.01912	0.01426	0.08056	0.01268	0.00654	0.00567	0.00173	0.00606	0.00630	0.15711	0.00802
32	0.68463	0.01219	0.01021	0.00872	0.01251	0.01398	0.00719	0.15204	0.01315	0.02806	0.00919	0.01029	0.00697	0.00569	0.00401	0.00179	0.00485	0.00354	0.00401	0.00697
33	0.01103	0.00975	0.00820	0.00792	0.00853	0.14875	0.00499	0.01143	0.01011	0.01227	0.01661	0.03222	0.01833	0.61495	0.02397	0.00468	0.00642	0.00745	0.03819	0.00420
34	0.01162	0.01099	0.01859	0.64240	0.17433	0.01309	0.01647	0.01542	0.01193	0.01563	0.01045	0.01530	0.00802	0.00570	0.00580	0.00190	0.00759	0.00517	0.00264	0.00697
35	0.05848	0.01114	0.01403	0.01080	0.01529	0.01050	0.00892	0.16073	0.01837	0.59758	0.02066	0.01828	0.01322	0.00708	0.00575	0.00179	0.00520	0.00562	0.00679	0.00975
36	0.00774	0.00517	0.00696	0.00785	0.00827	0.00486	0.00530	0.00826	0.01101	0.01473	0.09193	0.55452	0.06167	0.01791	0.01021	0.15696	0.00362	0.01370	0.00495	0.00439
37	0.00728	0.00591	0.00646	0.00632	0.00811	0.00508	0.00474	0.00914	0.01423	0.01802	0.27060	0.05216	0.54386	0.01387	0.00687	0.00192	0.00288	0.01174	0.00570	0.00508
38	0.00718	0.00579	0.00603	0.00612	0.00761	0.00503	0.00432	0.00835	0.01222	0.01482	0.04956	0.10114	0.57225	0.16074	0.01115	0.00268	0.00348	0.01184	0.00505	0.00464
39	0.02237	0.01587	0.01719	0.01318	0.01782	0.01741	0.01089	0.69304	0.02664	0.08457	0.01455	0.01435	0.01019	0.00700	0.00582	0.00175	0.00630	0.00528	0.00591	0.00989
40	0.01206	0.01034	0.01206	0.00861	0.01378	0.00775	0.00689	0.01464	0.01206	0.01895	0.01034	0.01206	0.00861	0.00431	0.00431	0.00086	0.00431	0.00345	0.00345	0.83118
41	0.01379	0.01117	0.01171	0.01064	0.01356	0.01278	0.00825	0.02766	0.61133	0.02383	0.02279	0.02169	0.01722	0.00768	0.00557	0.00186	0.00425	0.00636	0.15937	0.00850
42	0.01299	0.01358	0.01726	0.63853	0.03593	0.15468	0.01523	0.01642	0.01253	0.01474	0.01008	0.01457	0.00770	0.00585	0.00571	0.00186	0.00826	0.00490	0.00266	0.00651
43	0.01154	0.02639	0.62585	0.15940	0.02795	0.01340	0.02049	0.01775	0.01216	0.01775	0.01042	0.01288	0.00744	0.00558	0.00558	0.00186	0.00844	0.00446	0.00248	0.00820
44	0.00866	0.15330	0.01118	0.00844	0.00965	0.00814	0.00625	0.00984	0.01126	0.01463	0.02758	0.64575	0.03267	0.01575	0.00673	0.00215	0.00390	0.01403	0.00485	0.00523
45	0.17742	0.01015	0.01257	0.00984	0.01417	0.00939	0.00813	0.02624	0.01538	0.62574	0.02017	0.01786	0.01288	0.00686	0.00543	0.00180	0.00486	0.00534	0.00653	0.00922
46	0.01924	0.01610	0.01529	0.01266	0.01623	0.14136	0.01003	0.48378	0.02250	0.02884	0.01651	0.15860	0.01482	0.00891	0.00602	0.00182	0.00652	0.00710	0.00527	0.00840
47	0.01373	0.01569	0.03431	0.02451	0.03039	0.01471	0.73824	0.01863	0.01373	0.01863	0.01176	0.01569	0.00882	0.00490	0.00686	0.00196	0.00980	0.00686	0.00294	0.00784
48	0.00945	0.00814	0.00836	0.00791	0.01033	0.00816	0.00605	0.01601	0.26333	0.01864	0.04693	0.04431	0.50568	0.01240	0.00655	0.00197	0.00351	0.01034	0.00558	0.00637
49	0.01209	0.01179	0.01660	0.01442	0.01457	0.01630	0.01194	0.01348	0.00897	0.01392	0.00877	0.01418	0.00863	0.01498	0.12734	0.00352	0.67445	0.00525	0.00263	0.00619
50	0.01098	0.01034	0.01744	0.78165	0.04005	0.01292	0.01615	0.01486	0.01163	0.01486	0.01034	0.01550	0.00775	0.00581	0.00581	0.00194	0.00775	0.00517	0.00258	0.00646
51	0.01166	0.03008	0.76550	0.01657	0.02517	0.01351	0.02149	0.01842	0.01228	0.01842	0.01044	0.01228	0.00737	0.00552	0.00552	0.00184	0.00859	0.00430	0.00246	0.00859
52	0.00709	0.00506	0.00675	0.00810	0.00843	0.00472	0.00540	0.00810	0.01113	0.01484	0.03205	0.79184	0.03846	0.01822	0.00742	0.00236	0.00337	0.01653	0.00540	0.00472
53	0.00746	0.00574	0.00683	0.00692	0.00831	0.00510	0.00505	0.00935	0.01411	0.01860	0.33439	0.20293	0.32562	0.01430	0.00698	0.00199	0.00295	0.01244	0.00580	0.00510
54	0.01378	0.01320	0.02251	0.16865	0.63115	0.01366	0.01754	0.01731	0.01295	0.01826	0.01083	0.01459	0.00895	0.00529	0.00577	0.00176	0.00706	0.00518	0.00283	0.00872
55	0.00708	0.00568	0.00634	0.00681	0.00824	0.00495	0.00496	0.00849	0.01268	0.01566	0.06194	0.27853	0.49402	0.01579	0.00709	0.00211	0.00318	0.04615	0.00542	0.00488
56	0.02188	0.01591	0.01713	0.01321	0.01780	0.01757	0.01089	0.68496	0.06025	0.05889	0.01469	0.01450	0.01039	0.00703	0.00582	0.00176	0.00627	0.00532	0.00587	0.00986
57	0.01224	0.14420	0.65643	0.01559	0.02365	0.01492	0.01977	0.01827	0.01221	0.01771	0.01009	0.01184	0.00738	0.00544	0.00526	0.00175	0.00824	0.00412	0.00246	0.00843
58	0.83671	0.01125	0.00855	0.00765	0.01125	0.01305	0.00630	0.01709	0.00990	0.02609	0.00810	0.00945	0.00630	0.00540	0.00360	0.00180	0.00450	0.00315	0.00360	0.00630
59	0.01274	0.01075	0.01165	0.01069	0.01345	0.01207	0.00826	0.02545	0.55517	0.02329	0.14417	0.05665	0.05606	0.00940	0.00621	0.00198	0.00420	0.02370	0.00594	0.00817
60	0.83671	0.01125	0.00855	0.00765	0.01125	0.01305	0.00630	0.01709	0.00990	0.02609	0.00810	0.00945	0.00630	0.00540	0.00360	0.00180	0.00450	0.00315	0.00360	0.00630
61	0.00846	0.00564	0.00634	0.00634	0.00634	0.00564	0.00352	0.00846	0.00846	0.01128	0.01832	0.03805	0.02114	0.79563	0.02960	0.00564	0.00564	0.00846	0.00352	0.00352
62	0.01098	0.01034	0.01744	0.78165	0.04005	0.01292	0.01615	0.01486	0.01163	0.01486	0.01034	0.01550	0.00775	0.00581	0.00581	0.00194	0.00775	0.00517	0.00258	0.00646
63	0.00709	0.00590	0.00620	0.00612	0.00799	0.00500	0.00459	0.00877	0.01377	0.01694	0.17173	0.05394	0.64341	0.01427	0.00687	0.00194	0.00291	0.01199	0.00556	0.00500
64	0.01272	0.01272	0.01781	0.01527	0.01527	0.01781	0.01272	0.01399	0.00891	0.01399	0.00763	0.01272	0.00763	0.01018	0.01908	0.00254	0.78499	0.00509	0.00254	0.00636
65	0.00886	0.00649	0.00868	0.00972	0.01114	0.00631	0.00831	0.01131	0.01344	0.01732	0.06596	0.08040	0.15154	0.01572	0.00778	0.00252	0.00481	0.55900	0.00541	0.00527
66	0.00687	0.00589	0.00589	0.00589	0.00785	0.00491	0.00442	0.00835	0.01325	0.01571	0.05891	0.05596	0.75700	0.01473	0.00687	0.00196	0.00295	0.01227	0.00540	0.00491
67	0.01359	0.14067	0.02032	0.01469	0.01580	0.05037	0.03499	0.01508	0.00985	0.01410	0.00789	0.01217	0.00764	0.00899	0.01563	0.00227	0.60201	0.00477	0.00257	0.00660
68	0.01439	0.01382	0.02360	0.03569	0.75936	0.01382	0.01785	0.01785	0.01324	0.01900	0.01094	0.01439	0.00921	0.00518	0.00576	0.00173	0.00691	0.00518	0.00288	0.00921
69	0.02609	0.00990	0.01350	0.01035	0.01484	0.00855	0.00855	0.02834	0.01664	0.76338	0.02294	0.01979	0.01439	0.00720	0.00585	0.00180	0.00495	0.00585	0.00720	0.00990
70	0.02487	0.01103	0.01411	0.01086	0.01530	0.01030	0.00895	0.16536	0.01871	0.60420	0.03984	0.01927	0.01455	0.00727	0.00587	0.00179	0.00517	0.00585	0.00691	0.00978
71	0.00846	0.00926	0.11615	0.00869	0.01096	0.00648	0.00771	0.01143	0.01482	0.02082	0.49321	0.16074	0.08465	0.01216	0.00676	0.00192	0.00370	0.01070	0.00562	0.00578
72	0.02609	0.00990	0.01350	0.01035	0.01484	0.00855	0.00855	0.02834	0.01664	0.76338	0.02294	0.01979	0.01439	0.00720	0.00585	0.00180	0.00495	0.00585	0.00720	0.00990
73	0.02609	0.00990	0.01350	0.01035	0.01484	0.00855	0.00855	0.02834	0.01664	0.76338	0.02294	0.01979	0.01439	0.00720	0.00585	0.00180	0.00495	0.00585	0.00720	0.00990
74	0.01439	0.01382	0.02360	0.03569	0.75936	0.01382	0.01785	0.01785	0.01324	0.01900	0.01094	0.01439	0.00921	0.00518	0.00576	0.00173	0.00691	0.00518	0.00288	0.00921
75	0.01439	0.01382	0.02360	0.03569	0.75936	0.01382	0.01785	0.01785	0.01324	0.01900	0.01094	0.01439	0.00921	0.00518	0.00576	0.00173	0.00691	0.00518	0.00288	0.00921
76	0.00843	0.00573	0.00683	0.00683	0.00700	0.00590	0.00413	0.00877	0.00860	0.01164	0.01788	0.03559	0.02007	0.67398	0.14979	0.00624	0.00725	0.00810	0.00346	0.00379
77	0.83671	0.01125	0.00855	0.00765	0.01125	0.01305	0.00630	0.01709	0.00990	0.02609	0.00810	0.00945	0.00630	0.00540	0.00360	0.00180	0.00450	0.00315	0.00360	0.00630
78	0.01209	0.01027	0.01198	0.00870	0.01367	0.00787	0.00693	0.03052	0.01236	0.01919	0.01124	0.04151	0.00977	0.00489	0.00446	0.00094	0.00432	0.00398	0.00357	0.78175
79	0.01417	0.01390	0.02465	0.06483	0.64182	0.01389	0.10487	0.01782	0.01323	0.01878	0.01101	0.01459	0.00910	0.00517	0.00589	0.00176	0.00729	0.00538	0.00287	0.00893
80	0.02211	0.01629	0.01745	0.01338	0.01803	0.01803	0.01105	0.73997	0.02734	0.03665	0.01396	0.01396	0.00989	0.00698	0.00582	0.00175	0.00640	0.00524	0.00582	0.00989
81	0.02206	0.01771	0.01733	0.01358	0.01803	0.11163	0.01108	0.65102	0.02599	0.03387	0.01334	0.01353	0.00959	0.00686	0.00575	0.00171	0.00691	0.00505	0.00547	0.00950
82	0.01426	0.01379	0.02390	0.05860	0.70358	0.01383	0.05060	0.01779	0.01321	0.01885	0.01096	0.01449	0.00915	0.00519	0.00581	0.00174	0.00707	0.00526	0.00287	0.00906
83	0.01431	0.01373	0.02346	0.05346	0.74223	0.01380	0.01781	0.01778	0.01320	0.01890	0.01092	0.01442	0.00918	0.00520	0.00576	0.00173	0.00693	0.00518	0.00287	0.00915
84	0.00837	0.00574	0.00681	0.00681	0.00706	0.00587	0.00417	0.00876	0.00880	0.01182	0.01959	0.03635	0.05111	0.64104	0.14883	0.00608	0.00713	0.00826	0.00354	0.00385

[dist]
# distance from previous block
# <min> <max>
0	1

[block]
# block no. 5 follows, 40 sequences, length 27
# corresponding to MSA columns:
# 318-344
name=unknown_F
#
# <colnr> <probs for GDERKNQSTAVLIFYWHMCP>
#	G	D	E	R	K	N	Q	S	T	A	V	L	I	F	Y	W	H	M	C	P
0	0.01566	0.79775	0.03052	0.01003	0.01501	0.02305	0.00999	0.01749	0.01189	0.01379	0.00820	0.00949	0.00757	0.00505	0.00378	0.00127	0.00626	0.00315	0.00253	0.00752
1	0.00709	0.00598	0.00610	0.00607	0.00800	0.00502	0.00454	0.00861	0.01353	0.01631	0.10401	0.05523	0.71034	0.01460	0.00692	0.00198	0.00298	0.01218	0.00550	0.00501
2	0.00721	0.00515	0.00684	0.00818	0.00853	0.00480	0.00545	0.00819	0.01121	0.01495	0.03213	0.79055	0.03852	0.01827	0.00747	0.00238	0.00342	0.01655	0.00543	0.00479
3	0.00835	0.00603	0.00786	0.00740	0.00878	0.00556	0.00554	0.01106	0.01652	0.02341	0.75502	0.04354	0.05489	0.01195	0.00691	0.00185	0.00279	0.01054	0.00644	0.00555
4	0.01620	0.01338	0.01414	0.01224	0.01582	0.01528	0.00964	0.18210	0.59375	0.02705	0.02169	0.02019	0.01617	0.00777	0.00594	0.00194	0.00503	0.00632	0.00593	0.00941
5	0.01457	0.01257	0.01323	0.01191	0.01520	0.01452	0.00925	0.03095	0.74756	0.02442	0.02376	0.02184	0.01784	0.00796	0.00597	0.00199	0.00464	0.00661	0.00595	0.00926
6	0.01217	0.01042	0.01214	0.00869	0.01386	0.00782	0.00694	0.01472	0.01213	0.01905	0.01045	0.01222	0.00872	0.00439	0.00436	0.00088	0.00435	0.00349	0.00348	0.82971
7	0.02182	0.02776	0.01655	0.01505	0.01805	0.77094	0.01128	0.02328	0.01654	0.01434	0.00911	0.01065	0.00760	0.00607	0.00529	0.00152	0.01052	0.00378	0.00304	0.00680
8	0.01110	0.01042	0.01751	0.78030	0.04008	0.01298	0.01618	0.01494	0.01170	0.01497	0.01045	0.01566	0.00786	0.00589	0.00586	0.00196	0.00779	0.00520	0.00262	0.00652
9	0.00721	0.00515	0.00684	0.00818	0.00853	0.00480	0.00545	0.00819	0.01121	0.01495	0.03213	0.79055	0.03852	0.01827	0.00747	0.00238	0.00342	0.01655	0.00543	0.00479
10	0.00710	0.00598	0.00612	0.00608	0.00801	0.00503	0.00455	0.00863	0.01356	0.01638	0.11016	0.05512	0.70415	0.01458	0.00692	0.00197	0.00297	0.01217	0.00551	0.00501
11	0.00845	0.00625	0.00910	0.00909	0.01002	0.00716	0.00690	0.01026	0.00932	0.01336	0.01599	0.02468	0.01537	0.12720	0.68864	0.00894	0.01449	0.00651	0.00320	0.00507
12	0.00721	0.00515	0.00684	0.00818	0.00853	0.00480	0.00545	0.00819	0.01121	0.01495	0.03213	0.79055	0.03852	0.01827	0.00747	0.00238	0.00342	0.01655	0.00543	0.00479
13	0.00721	0.00515	0.00684	0.00818	0.00853	0.00480	0.00545	0.00819	0.01121	0.01495	0.03213	0.79055	0.03852	0.01827	0.00747	0.00238	0.00342	0.01655	0.00543	0.00479
14	0.01473	0.01443	0.02304	0.03371	0.68530	0.04676	0.01731	0.01794	0.01321	0.01862	0.01079	0.01429	0.00916	0.00557	0.00652	0.00178	0.04979	0.00515	0.00291	0.00900
15	0.01365	0.01627	0.06831	0.04804	0.03050	0.01465	0.68038	0.01857	0.01366	0.01860	0.01177	0.01567	0.00883	0.00504	0.00681	0.00198	0.00971	0.00672	0.00295	0.00789
16	0.01538	0.74291	0.08293	0.01050	0.01574	0.02237	0.01082	0.01756	0.01192	0.01413	0.00837	0.00970	0.00757	0.00509	0.00391	0.00131	0.00643	0.00323	0.00253	0.00760
17	0.01217	0.01042	0.01214	0.00869	0.01386	0.00782	0.00694	0.01472	0.01213	0.01905	0.01045	0.01222	0.00872	0.00439	0.00436	0.00088	0.00435	0.00349	0.00348	0.82971
18	0.01217	0.01042	0.01214	0.00869	0.01386	0.00782	0.00694	0.01472	0.01213	0.01905	0.01045	0.01222	0.00872	0.00439	0.00436	0.00088	0.00435	0.00349	0.00348	0.82971
19	0.69659	0.01109	0.00948	0.00819	0.01195	0.01233	0.00673	0.01909	0.01113	0.15234	0.01076	0.01138	0.00780	0.00578	0.00404	0.00182	0.00462	0.00365	0.00425	0.00697
20	0.00702	0.00588	0.00608	0.00624	0.00802	0.00496	0.00459	0.00841	0.01307	0.01571	0.05570	0.14480	0.66905	0.01521	0.00699	0.00203	0.00304	0.01281	0.00544	0.00495
21	0.01599	0.75542	0.02975	0.01030	0.01517	0.06416	0.01007	0.01781	0.01214	0.01382	0.00825	0.00956	0.00758	0.00511	0.00387	0.00128	0.00649	0.00318	0.00256	0.00748
22	0.00721	0.00515	0.00684	0.00818	0.00853	0.00480	0.00545	0.00819	0.01121	0.01495	0.03213	0.79055	0.03852	0.01827	0.00747	0.00238	0.00342	0.01655	0.00543	0.00479
23	0.01699	0.01341	0.01463	0.01300	0.04030	0.01509	0.00995	0.20330	0.51264	0.06244	0.02094	0.01962	0.01549	0.00762	0.00593	0.00192	0.00517	0.00620	0.00589	0.00946
24	0.08061	0.01588	0.01681	0.11040	0.02039	0.05978	0.01140	0.55320	0.02350	0.03191	0.01290	0.01379	0.00933	0.00674	0.00567	0.00178	0.00670	0.00503	0.00512	0.00907
25	0.00823	0.00594	0.00777	0.00732	0.00869	0.00549	0.00549	0.01097	0.01646	0.02332	0.75629	0.04344	0.05487	0.01189	0.00686	0.00183	0.00274	0.01052	0.00640	0.00549
26	0.01166	0.03008	0.76550	0.01657	0.02517	0.01351	0.02149	0.01842	0.01228	0.01842	0.01044	0.01228	0.00737	0.00552	0.00552	0.00184	0.00859	0.00430	0.00246	0.00859

[dist]
# distance from previous block
# <min> <max>
0	1

[block]
# block no. 6 follows, 40 sequences, length 64
# corresponding to MSA columns:
# 346-409
name=unknown_G
#
# <colnr> <probs for GDERKNQSTAVLIFYWHMCP>
#	G	D	E	R	K	N	Q	S	T	A	V	L	I	F	Y	W	H	M	C	P
0	0.00709	0.00506	0.00675	0.00810	0.00843	0.00472	0.00540	0.00810	0.01113	0.01484	0.03205	0.79184	0.03846	0.01822	0.00742	0.00236	0.00337	0.01653	0.00540	0.00472
1	0.00799	0.00593	0.00745	0.00707	0.00854	0.00539	0.00530	0.01052	0.01590	0.02199	0.63471	0.04562	0.17727	0.01238	0.00686	0.00185	0.00278	0.01082	0.00623	0.00539
2	0.00823	0.00594	0.00777	0.00732	0.00869	0.00549	0.00549	0.01097	0.01646	0.02332	0.75629	0.04344	0.05487	0.01189	0.00686	0.00183	0.00274	0.01052	0.00640	0.00549
3	0.01555	0.79913	0.03047	0.00995	0.01493	0.02301	0.00995	0.01741	0.01182	0.01368	0.00808	0.00933	0.00746	0.00498	0.00373	0.00124	0.00622	0.00311	0.00249	0.00746
4	0.01166	0.03008	0.76550	0.01657	0.02517	0.01351	0.02149	0.01842	0.01228	0.01842	0.01044	0.01228	0.00737	0.00552	0.00552	0.00184	0.00859	0.00430	0.00246	0.00859
5	0.02211	0.01629	0.01745	0.01338	0.01803	0.01803	0.01105	0.73997	0.02734	0.03665	0.01396	0.01396	0.00989	0.00698	0.00582	0.00175	0.00640	0.00524	0.00582	0.00989
6	0.01571	0.77907	0.03011	0.01008	0.01500	0.04250	0.00998	0.01756	0.01194	0.01370	0.00811	0.00936	0.00746	0.00500	0.00377	0.00125	0.00633	0.00313	0.00250	0.00744
7	0.01439	0.01382	0.02360	0.03569	0.75936	0.01382	0.01785	0.01785	0.01324	0.01900	0.01094	0.01439	0.00921	0.00518	0.00576	0.00173	0.00691	0.00518	0.00288	0.00921
8	0.00709	0.00506	0.00675	0.00810	0.00843	0.00472	0.00540	0.00810	0.01113	0.01484	0.03205	0.79184	0.03846	0.01822	0.00742	0.00236	0.00337	0.01653	0.00540	0.00472
9	0.00846	0.00564	0.00634	0.00634	0.00634	0.00564	0.00352	0.00846	0.00846	0.01128	0.01832	0.03805	0.02114	0.79563	0.02960	0.00564	0.00564	0.00846	0.00352	0.00352
10	0.01166	0.03008	0.76550	0.01657	0.02517	0.01351	0.02149	0.01842	0.01228	0.01842	0.01044	0.01228	0.00737	0.00552	0.00552	0.00184	0.00859	0.00430	0.00246	0.00859
11	0.06434	0.71474	0.06491	0.01014	0.01520	0.02195	0.01029	0.01744	0.01172	0.01465	0.00820	0.00948	0.00739	0.00503	0.00381	0.00131	0.00623	0.00317	0.00255	0.00745
12	0.83671	0.01125	0.00855	0.00765	0.01125	0.01305	0.00630	0.01709	0.00990	0.02609	0.00810	0.00945	0.00630	0.00540	0.00360	0.00180	0.00450	0.00315	0.00360	0.00630
13	0.01439	0.01382	0.02360	0.03569	0.75936	0.01382	0.01785	0.01785	0.01324	0.01900	0.01094	0.01439	0.00921	0.00518	0.00576	0.00173	0.00691	0.00518	0.00288	0.00921
14	0.01473	0.01260	0.01367	0.05785	0.01679	0.01459	0.00973	0.07375	0.66030	0.02452	0.02227	0.02085	0.01667	0.00771	0.00590	0.00196	0.00490	0.00641	0.00571	0.00908
15	0.81526	0.01174	0.02822	0.00788	0.01161	0.01306	0.00669	0.01713	0.00996	0.02589	0.00816	0.00952	0.00633	0.00540	0.00365	0.00180	0.00460	0.00318	0.00357	0.00636
16	0.00846	0.00564	0.00634	0.00634	0.00634	0.00564	0.00352	0.00846	0.00846	0.01128	0.01832	0.03805	0.02114	0.79563	0.02960	0.00564	0.00564	0.00846	0.00352	0.00352
17	0.01098	0.01034	0.01744	0.78165	0.04005	0.01292	0.01615	0.01486	0.01163	0.01486	0.01034	0.01550	0.00775	0.00581	0.00581	0.00194	0.00775	0.00517	0.00258	0.00646
18	0.01491	0.67376	0.15029	0.01103	0.01660	0.02146	0.01183	0.01758	0.01189	0.01445	0.00847	0.00981	0.00745	0.00506	0.00402	0.00134	0.00661	0.00330	0.00248	0.00765
19	0.01373	0.01569	0.03431	0.02451	0.03039	0.01471	0.73824	0.01863	0.01373	0.01863	0.01176	0.01569	0.00882	0.00490	0.00686	0.00196	0.00980	0.00686	0.00294	0.00784
20	0.00709	0.00506	0.00675	0.00810	0.00843	0.00472	0.00540	0.00810	0.01113	0.01484	0.03205	0.79184	0.03846	0.01822	0.00742	0.00236	0.00337	0.01653	0.00540	0.00472
21	0.02609	0.00990	0.01350	0.01035	0.01484	0.00855	0.00855	0.02834	0.01664	0.76338	0.02294	0.01979	0.01439	0.00720	0.00585	0.00180	0.00495	0.00585	0.00720	0.00990
22	0.01994	0.01456	0.01572	0.01252	0.01662	0.01610	0.01012	0.50763	0.18515	0.07181	0.01681	0.01722	0.01244	0.04749	0.00706	0.00200	0.00589	0.00573	0.00580	0.00941
23	0.00697	0.00580	0.00609	0.00621	0.00796	0.00492	0.00458	0.00846	0.01320	0.01603	0.09360	0.13496	0.64135	0.01495	0.00693	0.00200	0.00298	0.01264	0.00545	0.00492
24	0.00846	0.00564	0.00634	0.00634	0.00634	0.00564	0.00352	0.00846	0.00846	0.01128	0.01832	0.03805	0.02114	0.79563	0.02960	0.00564	0.00564	0.00846	0.00352	0.00352
25	0.00786	0.00564	0.00731	0.00832	0.00891	0.00540	0.00568	0.04381	0.01215	0.01627	0.06212	0.72203	0.03777	0.01740	0.00732	0.00231	0.00349	0.01573	0.00546	0.00501
26	0.02609	0.00990	0.01350	0.01035	0.01484	0.00855	0.00855	0.02834	0.01664	0.76338	0.02294	0.01979	0.01439	0.00720	0.00585	0.00180	0.00495	0.00585	0.00720	0.00990
27	0.01084	0.00542	0.00542	0.00542	0.00678	0.00542	0.00407	0.01355	0.01220	0.02168	0.01897	0.02168	0.01491	0.00678	0.00407	0.00136	0.00271	0.00542	0.82791	0.00542
28	0.01638	0.01344	0.01423	0.01222	0.01585	0.01536	0.00967	0.20824	0.56839	0.02741	0.02124	0.01976	0.01579	0.00766	0.00589	0.00192	0.00505	0.00624	0.00589	0.00938
29	0.09649	0.01574	0.01587	0.01246	0.01673	0.05429	0.01021	0.59441	0.02429	0.03367	0.01347	0.01383	0.00974	0.00677	0.00548	0.00171	0.00621	0.00498	0.05451	0.00914
30	0.01374	0.01223	0.01626	0.01340	0.01505	0.01506	0.01109	0.05399	0.01101	0.05358	0.00935	0.01299	0.00832	0.00851	0.01432	0.00208	0.52533	0.00476	0.00316	0.19577
31	0.01355	0.01244	0.02105	0.07569	0.58448	0.01249	0.03127	0.01678	0.01317	0.03689	0.04239	0.08678	0.01371	0.00672	0.00598	0.00181	0.00649	0.00648	0.00334	0.00848
32	0.00905	0.00610	0.00801	0.00750	0.00898	0.00560	0.00563	0.01170	0.01624	0.05894	0.68968	0.07427	0.05220	0.01193	0.00683	0.00185	0.00288	0.01055	0.00640	0.00567
33	0.01164	0.01101	0.01863	0.63735	0.17919	0.01309	0.01648	0.01544	0.01194	0.01566	0.01045	0.01529	0.00803	0.00569	0.00580	0.00190	0.00759	0.00517	0.00264	0.00699
34	0.01098	0.01034	0.01744	0.78165	0.04005	0.01292	0.01615	0.01486	0.01163	0.01486	0.01034	0.01550	0.00775	0.00581	0.00581	0.00194	0.00775	0.00517	0.00258	0.00646
35	0.02609	0.00990	0.01350	0.01035	0.01484	0.00855	0.00855	0.02834	0.01664	0.76338	0.02294	0.01979	0.01439	0.00720	0.00585	0.00180	0.00495	0.00585	0.00720	0.00990
36	0.00904	0.00636	0.00851	0.00953	0.01050	0.00634	0.00777	0.01099	0.01209	0.01580	0.02785	0.09428	0.03074	0.20382	0.01319	0.00337	0.00533	0.51467	0.00492	0.00488
37	0.00846	0.00564	0.00634	0.00634	0.00634	0.00564	0.00352	0.00846	0.00846	0.01128	0.01832	0.03805	0.02114	0.79563	0.02960	0.00564	0.00564	0.00846	0.00352	0.00352
38	0.02211	0.01629	0.01745	0.01338	0.01803	0.01803	0.01105	0.73997	0.02734	0.03665	0.01396	0.01396	0.00989	0.00698	0.00582	0.00175	0.00640	0.00524	0.00582	0.00989
39	0.02609	0.00990	0.01350	0.01035	0.01484	0.00855	0.00855	0.02834	0.01664	0.76338	0.02294	0.01979	0.01439	0.00720	0.00585	0.00180	0.00495	0.00585	0.00720	0.00990
40	0.01446	0.01249	0.01315	0.01183	0.01512	0.01446	0.00920	0.03090	0.74885	0.02433	0.02367	0.02170	0.01775	0.00789	0.00592	0.00197	0.00460	0.00657	0.00592	0.00920
41	0.00894	0.00559	0.00616	0.00616	0.00643	0.00559	0.00363	0.00948	0.00921	0.01337	0.01845	0.03476	0.01989	0.63669	0.02445	0.00477	0.00505	0.00784	0.16962	0.00391
42	0.02416	0.01062	0.01366	0.01073	0.01506	0.00993	0.00878	0.06708	0.12527	0.61514	0.02257	0.01976	0.01465	0.00729	0.00586	0.00182	0.00498	0.00592	0.00693	0.00979
43	0.01079	0.00823	0.01126	0.01021	0.01184	0.00934	0.00807	0.05542	0.01088	0.04410	0.01428	0.02039	0.01301	0.06367	0.48632	0.00667	0.11501	0.00581	0.00341	0.09130
44	0.01512	0.71505	0.11083	0.01067	0.01605	0.02197	0.01121	0.01752	0.01187	0.01420	0.00834	0.00965	0.00745	0.00504	0.00393	0.00131	0.00648	0.00324	0.00248	0.00759
45	0.00823	0.00594	0.00777	0.00732	0.00869	0.00549	0.00549	0.01097	0.01646	0.02332	0.75629	0.04344	0.05487	0.01189	0.00686	0.00183	0.00274	0.01052	0.00640	0.00549
46	0.01166	0.03008	0.76550	0.01657	0.02517	0.01351	0.02149	0.01842	0.01228	0.01842	0.01044	0.01228	0.00737	0.00552	0.00552	0.00184	0.00859	0.00430	0.00246	0.00859
47	0.01368	0.01616	0.06247	0.02475	0.06640	0.01461	0.67433	0.01858	0.01364	0.01864	0.01167	0.01549	0.00879	0.00494	0.00676	0.00194	0.00961	0.00668	0.00292	0.00794
48	0.01010	0.00505	0.00758	0.00758	0.00758	0.00505	0.00505	0.00758	0.00758	0.01010	0.01010	0.01768	0.01010	0.02020	0.02273	0.83081	0.00505	0.00505	0.00253	0.00253
49	0.01084	0.00542	0.00542	0.00542	0.00678	0.00542	0.00407	0.01355	0.01220	0.02168	0.01897	0.02168	0.01491	0.00678	0.00407	0.00136	0.00271	0.00542	0.82791	0.00542
50	0.01309	0.01248	0.02124	0.32126	0.48399	0.01347	0.01720	0.01670	0.01262	0.01741	0.01071	0.01482	0.00865	0.00542	0.00578	0.00181	0.00723	0.00518	0.00277	0.00816
51	0.00709	0.00506	0.00675	0.00810	0.00843	0.00472	0.00540	0.00810	0.01113	0.01484	0.03205	0.79184	0.03846	0.01822	0.00742	0.00236	0.00337	0.01653	0.00540	0.00472
52	0.02134	0.02707	0.01654	0.01499	0.01786	0.74005	0.01130	0.02283	0.01616	0.01422	0.00893	0.01058	0.00750	0.00617	0.00583	0.00154	0.04358	0.00380	0.00298	0.00673
53	0.00709	0.00506	0.00675	0.00810	0.00843	0.00472	0.00540	0.00810	0.01113	0.01484	0.03205	0.79184	0.03846	0.01822	0.00742	0.00236	0.00337	0.01653	0.00540	0.00472
54	0.01555	0.79913	0.03047	0.00995	0.01493	0.02301	0.00995	0.01741	0.01182	0.01368	0.00808	0.00933	0.00746	0.00498	0.00373	0.00124	0.00622	0.00311	0.00249	0.00746
55	0.02178	0.02592	0.01663	0.01473	0.01799	0.65355	0.01121	0.13605	0.01819	0.01776	0.00977	0.01103	0.00787	0.00615	0.00533	0.00154	0.00984	0.00398	0.00344	0.00724
56	0.00779	0.00576	0.00728	0.00726	0.00851	0.00525	0.00531	0.01000	0.01490	0.02046	0.50460	0.19613	0.15806	0.01359	0.00697	0.00196	0.00290	0.01199	0.00605	0.00525
57	0.00738	0.00591	0.00659	0.00642	0.00817	0.00512	0.00482	0.00933	0.01445	0.01855	0.31930	0.05129	0.49483	0.01367	0.00687	0.00191	0.00287	0.01162	0.00577	0.00512
58	0.01844	0.01432	0.01530	0.01255	0.01649	0.01608	0.01009	0.42616	0.31680	0.03084	0.01857	0.04759	0.01417	0.00779	0.00592	0.00186	0.00556	0.00622	0.00584	0.00941
59	0.00819	0.00594	0.00772	0.00727	0.00866	0.00547	0.00546	0.01090	0.01637	0.02310	0.73609	0.04380	0.07520	0.01197	0.00686	0.00183	0.00275	0.01057	0.00637	0.00547
60	0.02203	0.01859	0.01726	0.01370	0.01802	0.17000	0.01109	0.59555	0.02515	0.03213	0.01296	0.01326	0.00941	0.00678	0.00570	0.00170	0.00722	0.00494	0.00525	0.00926
61	0.00707	0.00590	0.00617	0.00610	0.00798	0.00499	0.00457	0.00873	0.01372	0.01682	0.16094	0.05413	0.65427	0.01431	0.00687	0.00194	0.00292	0.01202	0.00555	0.00499
62	0.83671	0.01125	0.00855	0.00765	0.01125	0.01305	0.00630	0.01709	0.00990	0.02609	0.00810	0.00945	0.00630	0.00540	0.00360	0.00180	0.00450	0.00315	0.00360	0.00630
63	0.02336	0.01051	0.01533	0.05321	0.01717	0.00996	0.05285	0.02577	0.01552	0.61272	0.02025	0.01870	0.01311	0.00725	0.00707	0.00188	0.07397	0.00581	0.00629	0.00928

[dist]
# distance from previous block
# <min> <max>
0	69

[block]
# block no. 7 follows, 40 sequences, length 31
# corresponding to MSA columns:
# 479-509
name=unknown_H
#
# <colnr> <probs for GDERKNQSTAVLIFYWHMCP>
#	G	D	E	R	K	N	Q	S	T	A	V	L	I	F	Y	W	H	M	C	P
0	0.01098	0.01034	0.01744	0.78165	0.04005	0.01292	0.01615	0.01486	0.01163	0.01486	0.01034	0.01550	0.00775	0.00581	0.00581	0.00194	0.00775	0.00517	0.00258	0.00646
1	0.01780	0.02196	0.01369	0.01258	0.01531	0.56980	0.00944	0.01930	0.01563	0.01462	0.02216	0.02249	0.20526	0.00830	0.00567	0.00162	0.00850	0.00600	0.00363	0.00626
2	0.02134	0.01531	0.01658	0.01295	0.01741	0.01687	0.01062	0.59151	0.12596	0.08682	0.01594	0.01544	0.01129	0.00712	0.00583	0.00178	0.00605	0.00546	0.00593	0.00980
3	0.02283	0.01142	0.01899	0.01408	0.01895	0.01017	0.20108	0.02578	0.01587	0.56687	0.01999	0.01871	0.01292	0.00659	0.00612	0.00184	0.00623	0.00612	0.00607	0.00935
4	0.01103	0.00756	0.01099	0.21199	0.01768	0.00780	0.00866	0.01402	0.01521	0.10702	0.47431	0.03332	0.03774	0.00974	0.00647	0.00185	0.00432	0.00856	0.00549	0.00626
5	0.01190	0.07638	0.72125	0.01618	0.02455	0.01408	0.02079	0.01836	0.01225	0.01813	0.01029	0.01210	0.00737	0.00549	0.00542	0.00181	0.00845	0.00423	0.00246	0.00853
