[name]
unknown

[dist]
# distance from previous block
# <min> <max>
3	651

[block]
# block no. 0 follows, 41 sequences, length 24
# corresponding to MSA columns:
# 696-719
name=unknown_A
#
# <colnr> <probs for GDERKNQSTAVLIFYWHMCP>
#	G	D	E	R	K	N	Q	S	T	A	V	L	I	F	Y	W	H	M	C	P
0	0.79172	0.01372	0.01127	0.01027	0.01398	0.01481	0.00793	0.01934	0.01229	0.02869	0.01202	0.01488	0.01004	0.00793	0.00532	0.00248	0.00578	0.00446	0.00485	0.00822
1	0.01940	0.01869	0.11497	0.02815	0.42512	0.01652	0.03900	0.19783	0.01867	0.02631	0.01533	0.01912	0.01266	0.00819	0.00733	0.00244	0.00817	0.00629	0.00485	0.01096
2	0.01636	0.01508	0.01982	0.01730	0.01769	0.01920	0.01386	0.01648	0.01138	0.01753	0.01159	0.01790	0.01128	0.01234	0.01960	0.00317	0.74103	0.00625	0.00388	0.00828
3	0.01789	0.02777	0.54087	0.01774	0.02511	0.01632	0.01943	0.19813	0.01811	0.02599	0.01502	0.01789	0.01164	0.00840	0.00717	0.00250	0.00903	0.00574	0.00461	0.01065
4	0.00954	0.00785	0.01032	0.00939	0.01052	0.00877	0.00737	0.01221	0.03891	0.02038	0.49905	0.03586	0.07637	0.01148	0.00976	0.00203	0.19506	0.02399	0.00534	0.00580
5	0.01825	0.01339	0.01440	0.01151	0.01491	0.01467	0.00904	0.52747	0.05775	0.02947	0.01542	0.02015	0.01298	0.20074	0.01153	0.00270	0.00608	0.00605	0.00523	0.00825
6	0.01164	0.00905	0.01085	0.00836	0.01234	0.00713	0.00655	0.01409	0.01323	0.05615	0.19511	0.04625	0.02104	0.00679	0.00511	0.00121	0.00393	0.00570	0.00441	0.56109
7	0.00738	0.00528	0.00697	0.00795	0.00849	0.00490	0.00541	0.00863	0.01204	0.01632	0.16590	0.65453	0.04089	0.01686	0.00727	0.00226	0.00327	0.01520	0.00555	0.00489
8	0.01205	0.01030	0.01199	0.00860	0.01369	0.00774	0.00686	0.01453	0.01198	0.01881	0.01036	0.01212	0.00865	0.00437	0.00432	0.00088	0.00430	0.00345	0.00345	0.83156
9	0.01024	0.00567	0.00642	0.00641	0.00769	0.00589	0.00486	0.01270	0.01143	0.01952	0.01801	0.02184	0.01473	0.01565	0.19295	0.00329	0.00583	0.00558	0.62591	0.00538
10	0.01140	0.01054	0.01435	0.01262	0.01270	0.01403	0.01003	0.01234	0.00880	0.01326	0.01076	0.01949	0.01136	0.20511	0.06853	0.00370	0.54659	0.00595	0.00284	0.00560
11	0.02201	0.01201	0.01543	0.08503	0.06455	0.01211	0.01046	0.22276	0.05837	0.40771	0.01844	0.01751	0.01236	0.00693	0.00582	0.00181	0.00568	0.00558	0.00600	0.00943
12	0.01196	0.00827	0.02575	0.08007	0.01419	0.00768	0.07547	0.01421	0.01358	0.13831	0.29321	0.03248	0.04333	0.20234	0.01202	0.00277	0.00502	0.00826	0.00504	0.00607
13	0.61069	0.01210	0.01467	0.01166	0.01571	0.01309	0.18629	0.01705	0.01088	0.02371	0.01051	0.01240	0.02914	0.00559	0.00451	0.00185	0.00572	0.00432	0.00350	0.00662
14	0.01113	0.00957	0.01289	0.08198	0.01608	0.00843	0.04360	0.01372	0.01137	0.01710	0.01168	0.01521	0.01001	0.01399	0.19339	0.00308	0.00759	0.00444	0.00327	0.51149
15	0.00883	0.00587	0.00830	0.00829	0.00887	0.00640	0.00595	0.00929	0.00871	0.01220	0.01473	0.02450	0.01472	0.19117	0.43762	0.21006	0.01083	0.00635	0.00307	0.00423
16	0.01782	0.01320	0.01444	0.01191	0.01537	0.01440	0.00947	0.51765	0.06829	0.03016	0.01886	0.20558	0.01726	0.00975	0.00619	0.00191	0.00552	0.00801	0.00568	0.00853
17	0.01085	0.00548	0.00548	0.00547	0.00682	0.00545	0.00409	0.01346	0.01211	0.02148	0.01882	0.02156	0.01482	0.00679	0.00408	0.00137	0.00274	0.00539	0.82832	0.00543
18	0.06913	0.01486	0.02022	0.05565	0.45657	0.06211	0.01478	0.19555	0.01646	0.02310	0.01135	0.01380	0.00906	0.00574	0.00559	0.00174	0.00683	0.00495	0.00364	0.00887
19	0.01165	0.01158	0.02133	0.59690	0.03713	0.01323	0.19364	0.01565	0.01206	0.01570	0.01070	0.01554	0.00806	0.00562	0.00605	0.00195	0.00817	0.00555	0.00269	0.00678
20	0.00949	0.00689	0.00822	0.00738	0.00955	0.00589	0.00549	0.01141	0.01366	0.05686	0.28635	0.10678	0.21238	0.06969	0.00801	0.00201	0.00349	0.00965	0.00530	0.16149
21	0.01347	0.01084	0.00814	0.00777	0.00951	0.19392	0.00581	0.01579	0.01314	0.01969	0.01642	0.01887	0.01304	0.00660	0.00437	0.00140	0.00461	0.00499	0.62588	0.00575
22	0.83709	0.01119	0.00854	0.00765	0.01120	0.01293	0.00628	0.01694	0.00986	0.02581	0.00816	0.00956	0.00638	0.00544	0.00363	0.00180	0.00449	0.00316	0.00360	0.00629
23	0.21362	0.01052	0.01513	0.59285	0.03252	0.01283	0.01357	0.01528	0.01114	0.01750	0.00982	0.01404	0.00746	0.00574	0.00527	0.00191	0.00690	0.00466	0.00285	0.00641

[dist]
# distance from previous block
# <min> <max>
3	4

[block]
# block no. 1 follows, 41 sequences, length 15
# corresponding to MSA columns:
# 724-738
name=unknown_B
#
# <colnr> <probs for GDERKNQSTAVLIFYWHMCP>
#	G	D	E	R	K	N	Q	S	T	A	V	L	I	F	Y	W	H	M	C	P
0	0.16903	0.01339	0.03865	0.19589	0.04508	0.01360	0.32678	0.05938	0.01309	0.01994	0.01168	0.04612	0.00941	0.00595	0.00591	0.00193	0.00770	0.00594	0.00326	0.00727
1	0.01951	0.02395	0.01665	0.01493	0.01721	0.59797	0.01147	0.02087	0.01461	0.01416	0.00877	0.01114	0.00762	0.00700	0.00840	0.00175	0.19033	0.00407	0.00292	0.00666
2	0.01231	0.01100	0.01483	0.01291	0.01324	0.01480	0.01062	0.01382	0.00966	0.01573	0.01032	0.01486	0.00938	0.00937	0.01540	0.00227	0.60403	0.00515	0.19411	0.00616
3	0.04820	0.04508	0.01409	0.01266	0.05460	0.01429	0.00946	0.06932	0.56408	0.02386	0.03631	0.02171	0.03152	0.00786	0.00580	0.00193	0.00484	0.02014	0.00548	0.00878
4	0.01089	0.00551	0.00551	0.00550	0.00685	0.00547	0.00411	0.01349	0.01214	0.02152	0.01886	0.02161	0.01485	0.00681	0.00410	0.00138	0.00275	0.00540	0.82782	0.00545
5	0.01149	0.00862	0.01066	0.04257	0.01342	0.00905	0.00871	0.13972	0.08127	0.02043	0.02735	0.23268	0.05239	0.01371	0.00714	0.00232	0.00498	0.30175	0.00536	0.00638
6	0.01188	0.01080	0.01788	0.19127	0.38853	0.01154	0.01419	0.01485	0.01182	0.01653	0.01302	0.05826	0.01171	0.01481	0.18407	0.00355	0.00883	0.00600	0.00303	0.00743
7	0.01399	0.02914	0.59260	0.01607	0.02324	0.18978	0.01885	0.01935	0.01317	0.01737	0.01016	0.01198	0.00749	0.00569	0.00547	0.00177	0.00895	0.00418	0.00262	0.00814
8	0.01089	0.00551	0.00551	0.00550	0.00685	0.00547	0.00411	0.01349	0.01214	0.02152	0.01886	0.02161	0.01485	0.00681	0.00410	0.00138	0.00275	0.00540	0.82782	0.00545
9	0.01289	0.01276	0.01884	0.01966	0.18805	0.01661	0.01368	0.01464	0.00975	0.01490	0.00826	0.01289	0.00787	0.00887	0.01574	0.00232	0.60774	0.00503	0.00258	0.00691
10	0.01308	0.01250	0.03531	0.06842	0.49567	0.01273	0.01491	0.04323	0.03938	0.01837	0.01397	0.12427	0.01321	0.00745	0.00681	0.00187	0.06068	0.00669	0.00335	0.00811
11	0.00950	0.00764	0.01125	0.01365	0.18308	0.00729	0.00821	0.01236	0.01546	0.02195	0.58696	0.03612	0.04358	0.01017	0.00650	0.00178	0.00365	0.00913	0.00550	0.00624
12	0.01518	0.01374	0.01581	0.01736	0.18832	0.05894	0.01127	0.07908	0.48573	0.02302	0.01884	0.01848	0.01436	0.00697	0.00574	0.00184	0.00552	0.00589	0.00495	0.00896
13	0.01381	0.09947	0.24519	0.02182	0.29584	0.01421	0.04399	0.08679	0.01401	0.01979	0.04079	0.01406	0.01017	0.00555	0.00540	0.00165	0.00698	0.00482	0.00312	0.05253
14	0.15737	0.01069	0.04129	0.01461	0.18518	0.01048	0.00943	0.01691	0.15459	0.02085	0.13454	0.02756	0.17689	0.00864	0.00570	0.00183	0.00456	0.00724	0.00456	0.00708

[dist]
# distance from previous block
# <min> <max>
2	19

[block]
# block no. 2 follows, 41 sequences, length 15
# corresponding to MSA columns:
# 759-773
name=unknown_C
#
# <colnr> <probs for GDERKNQSTAVLIFYWHMCP>
#	G	D	E	R	K	N	Q	S	T	A	V	L	I	F	Y	W	H	M	C	P
0	0.01065	0.00651	0.00661	0.00640	0.00813	0.00667	0.00485	0.01528	0.12989	0.02087	0.02521	0.02632	0.12570	0.00800	0.00470	0.00152	0.00300	0.00651	0.57734	0.00585
1	0.00855	0.05397	0.10362	0.00931	0.01110	0.00719	0.00799	0.01056	0.01150	0.01548	0.06455	0.42339	0.03070	0.09046	0.00904	0.00253	0.00461	0.12551	0.00465	0.00530
2	0.01276	0.01410	0.07456	0.09049	0.02506	0.01335	0.39882	0.01672	0.01287	0.04354	0.09295	0.01781	0.01345	0.00654	0.00827	0.00196	0.12430	0.00646	0.00330	0.02267
3	0.01153	0.00843	0.01406	0.01110	0.01380	0.00814	0.23079	0.01486	0.01246	0.02040	0.01648	0.01951	0.01282	0.00610	0.00484	0.00152	0.00481	0.00577	0.57652	0.00606
4	0.01169	0.07375	0.72710	0.01593	0.02418	0.01382	0.02049	0.01806	0.01205	0.01785	0.01013	0.01191	0.00725	0.00540	0.00533	0.00178	0.00832	0.00416	0.00242	0.00839
5	0.01440	0.02385	0.48790	0.01473	0.02153	0.01413	0.01694	0.24060	0.01690	0.02394	0.06102	0.01462	0.01110	0.00629	0.00561	0.00178	0.00741	0.00492	0.00369	0.00864
6	0.46981	0.01438	0.08170	0.01027	0.01463	0.01438	0.00918	0.25822	0.01582	0.04870	0.01049	0.01130	0.00768	0.00589	0.00450	0.00176	0.00543	0.00395	0.00426	0.00767
7	0.01120	0.00732	0.00986	0.13367	0.12399	0.00773	0.00790	0.01416	0.01206	0.01987	0.01614	0.01930	0.01271	0.00628	0.00452	0.00148	0.00407	0.00526	0.57646	0.00605
8	0.01992	0.01436	0.01562	0.01224	0.01627	0.01586	0.01004	0.58369	0.06077	0.05844	0.04840	0.01609	0.01253	0.00720	0.00600	0.00173	0.02587	0.00548	0.06038	0.00912
9	0.01323	0.01839	0.25215	0.05302	0.51365	0.01347	0.01860	0.01763	0.01268	0.01838	0.01059	0.01355	0.00846	0.00522	0.00559	0.00174	0.00733	0.00483	0.00269	0.00879
10	0.01872	0.01393	0.01534	0.01156	0.01629	0.01418	0.00948	0.48612	0.02172	0.05595	0.01290	0.01333	0.00948	0.00603	0.00525	0.00144	0.00559	0.00461	0.00502	0.27305
11	0.01067	0.00979	0.01472	0.54675	0.03073	0.01168	0.01304	0.01593	0.12157	0.01613	0.01970	0.02248	0.12879	0.00741	0.00590	0.00192	0.00641	0.00640	0.00347	0.00651
12	0.01105	0.00907	0.01105	0.00911	0.01303	0.00731	0.00753	0.01362	0.01226	0.01817	0.01634	0.02803	0.01598	0.00779	0.00536	0.00140	0.00455	0.22492	0.00397	0.57948
13	0.01249	0.00926	0.01142	0.06027	0.01434	0.00800	0.00744	0.06409	0.01314	0.08460	0.03146	0.19245	0.01662	0.00804	0.00532	0.00141	0.00442	0.00691	0.00431	0.44400
14	0.58632	0.25407	0.01503	0.00822	0.01217	0.01584	0.00730	0.01691	0.01031	0.02191	0.00796	0.00926	0.00655	0.00518	0.00358	0.00160	0.00494	0.00309	0.00320	0.00655

[dist]
# distance from previous block
# <min> <max>
0	2

[block]
# block no. 3 follows, 41 sequences, length 11
# corresponding to MSA columns:
# 776-786
name=unknown_D
#
# <colnr> <probs for GDERKNQSTAVLIFYWHMCP>
#	G	D	E	R	K	N	Q	S	T	A	V	L	I	F	Y	W	H	M	C	P
0	0.01174	0.00742	0.00762	0.00723	0.00914	0.00801	0.00552	0.01846	0.23502	0.02211	0.02005	0.02133	0.01550	0.00699	0.00455	0.00152	0.00323	0.00567	0.58244	0.00645
1	0.01226	0.00973	0.01144	0.00877	0.01313	0.00787	0.00689	0.01572	0.07276	0.05963	0.01434	0.10164	0.01284	0.00623	0.00480	0.00115	0.00419	0.00523	0.00401	0.62738
2	0.01529	0.01357	0.01741	0.01446	0.01584	0.01759	0.01202	0.23363	0.01422	0.02047	0.00938	0.01288	0.00818	0.00906	0.01484	0.00227	0.55307	0.00505	0.00347	0.00730
3	0.01211	0.01033	0.01272	0.02912	0.01467	0.00857	0.03506	0.05302	0.04274	0.01932	0.01269	0.07679	0.01130	0.00570	0.00476	0.00113	0.00457	0.00483	0.00373	0.63684
4	0.00982	0.00558	0.00594	0.00611	0.00754	0.00542	0.00476	0.01228	0.01233	0.01978	0.02673	0.03276	0.14045	0.00920	0.00498	0.00161	0.00306	0.10412	0.58229	0.00524
5	0.01049	0.00754	0.00815	0.00753	0.00949	0.03556	0.00585	0.05905	0.01472	0.02140	0.27399	0.03386	0.10257	0.00970	0.00570	0.00165	0.00355	0.06647	0.25388	0.06885
6	0.00978	0.00730	0.00938	0.08290	0.01282	0.00758	0.00724	0.13025	0.01363	0.01815	0.02655	0.59179	0.03031	0.01493	0.00689	0.00218	0.00422	0.01336	0.00511	0.00565
7	0.01474	0.01193	0.01394	0.08055	0.01716	0.01113	0.00884	0.23409	0.01635	0.02351	0.01124	0.01273	0.00877	0.00516	0.00482	0.00121	0.00516	0.00407	0.00401	0.51058
8	0.01174	0.00742	0.00762	0.00723	0.00914	0.00801	0.00552	0.01846	0.23502	0.02211	0.02005	0.02133	0.01550	0.00699	0.00455	0.00152	0.00323	0.00567	0.58244	0.00645
9	0.01251	0.01251	0.01752	0.01502	0.01502	0.01752	0.01251	0.01377	0.00876	0.01377	0.00751	0.01251	0.00751	0.01001	0.01877	0.00250	0.78851	0.00501	0.00250	0.00626
10	0.01027	0.00844	0.01045	0.05061	0.01303	0.00699	0.00674	0.01280	0.01307	0.01938	0.23769	0.08556	0.02453	0.00768	0.00532	0.00131	0.00388	0.00663	0.00438	0.47123

[dist]
# distance from previous block
# <min> <max>
0	199

# created by:
# /software/SequenceAnalysis/GenePrediction/augustus/3.0.1/scripts/msa2prfl.pl ./fixed/BUSCOvEOG7Z37T2.fas
