[name]
unknown

[dist]
# distance from previous block
# <min> <max>
0	260

[block]
# block no. 0 follows, 40 sequences, length 116
# corresponding to MSA columns:
# 272-387
name=unknown_A
#
# <colnr> <probs for GDERKNQSTAVLIFYWHMCP>
#	G	D	E	R	K	N	Q	S	T	A	V	L	I	F	Y	W	H	M	C	P
0	0.01058	0.00757	0.01021	0.01147	0.01290	0.00740	0.00983	0.01289	0.01408	0.01846	0.03157	0.06622	0.03411	0.01665	0.00848	0.00287	0.00574	0.70728	0.00571	0.00598
1	0.00844	0.00605	0.00773	0.00884	0.00938	0.00554	0.00594	0.00928	0.01237	0.01674	0.10004	0.70948	0.04053	0.01817	0.00783	0.00251	0.00374	0.01613	0.00585	0.00543
2	0.82252	0.01204	0.00940	0.00847	0.01212	0.01363	0.00681	0.01784	0.01066	0.02699	0.00930	0.01111	0.00745	0.00618	0.00413	0.00201	0.00490	0.00355	0.00399	0.00690
3	0.01216	0.01114	0.01813	0.76808	0.04039	0.01351	0.01648	0.01565	0.01236	0.01596	0.01150	0.01706	0.00887	0.00659	0.00630	0.00215	0.00810	0.00554	0.00299	0.00706
4	0.00813	0.00678	0.00679	0.00674	0.00879	0.00565	0.00497	0.00926	0.01395	0.01680	0.05917	0.05676	0.74418	0.01533	0.00734	0.00217	0.00338	0.01251	0.00576	0.00554
5	0.05803	0.00684	0.00773	0.00796	0.00940	0.00622	0.00569	0.01039	0.01388	0.01912	0.23000	0.29661	0.27524	0.01520	0.00733	0.00226	0.00356	0.01293	0.00591	0.00571
6	0.00968	0.00653	0.00724	0.00719	0.00730	0.00636	0.00409	0.00937	0.00924	0.01245	0.01934	0.03919	0.02201	0.78171	0.02965	0.00578	0.00602	0.00876	0.00392	0.00418
7	0.02699	0.01071	0.01426	0.01111	0.01565	0.00922	0.00902	0.02888	0.01728	0.75056	0.02387	0.02126	0.01539	0.00794	0.00634	0.00201	0.00534	0.00620	0.00752	0.01043
8	0.01129	0.00595	0.00845	0.00840	0.00851	0.00579	0.00559	0.00850	0.00838	0.01129	0.01127	0.01919	0.01118	0.02071	0.02290	0.81560	0.00544	0.00542	0.00294	0.00320
9	0.01173	0.00759	0.01113	0.08745	0.03501	0.00768	0.03075	0.03824	0.01058	0.01419	0.01488	0.10087	0.01503	0.01742	0.01721	0.52146	0.00581	0.04480	0.00354	0.00461
10	0.01487	0.01366	0.02239	0.03285	0.65234	0.01349	0.01708	0.01785	0.01396	0.01982	0.01459	0.02240	0.01335	0.00733	0.00653	0.00206	0.00707	0.09546	0.00359	0.00928
11	0.82252	0.01204	0.00940	0.00847	0.01212	0.01363	0.00681	0.01784	0.01066	0.02699	0.00930	0.01111	0.00745	0.00618	0.00413	0.00201	0.00490	0.00355	0.00399	0.00690
12	0.04210	0.01695	0.01798	0.01418	0.01877	0.01842	0.01145	0.66297	0.07013	0.03668	0.01598	0.01658	0.01182	0.00808	0.00648	0.00207	0.00678	0.00579	0.00627	0.01054
13	0.01569	0.01463	0.02412	0.09850	0.66606	0.01458	0.03215	0.01867	0.01412	0.02012	0.01256	0.01677	0.01065	0.00636	0.00649	0.00206	0.00755	0.00574	0.00344	0.00974
14	0.00910	0.00652	0.00827	0.00951	0.01010	0.00598	0.00654	0.00979	0.01241	0.01667	0.03303	0.70422	0.03878	0.01879	0.00814	0.00268	0.00417	0.08370	0.00591	0.00569
15	0.01712	0.77920	0.03111	0.01107	0.01608	0.02359	0.01059	0.01848	0.01286	0.01530	0.00982	0.01172	0.00908	0.00611	0.00449	0.00156	0.00675	0.00369	0.00308	0.00830
16	0.01439	0.00859	0.00894	0.02306	0.01064	0.00868	0.00625	0.13401	0.01570	0.02541	0.01942	0.02236	0.01536	0.00788	0.00514	0.00175	0.00404	0.00591	0.65541	0.00707
17	0.02018	0.15242	0.16564	0.01547	0.01996	0.48502	0.01364	0.02227	0.01583	0.01656	0.01084	0.01301	0.00908	0.00684	0.00578	0.00184	0.00986	0.00432	0.00339	0.00807
18	0.02686	0.01095	0.01442	0.01136	0.01582	0.00942	0.00914	0.02862	0.01755	0.72370	0.04535	0.02259	0.01699	0.00841	0.00658	0.00211	0.00545	0.00649	0.00764	0.01054
19	0.01599	0.01488	0.02443	0.03612	0.74060	0.01464	0.01828	0.01890	0.01424	0.02047	0.01260	0.01665	0.01078	0.00631	0.00646	0.00203	0.00743	0.00571	0.00346	0.01000
20	0.01507	0.01557	0.03013	0.06724	0.19566	0.01491	0.47558	0.01881	0.01438	0.01979	0.01479	0.01903	0.03791	0.00662	0.00749	0.00222	0.02542	0.00704	0.00357	0.00877
21	0.01181	0.00635	0.00883	0.00875	0.00892	0.00611	0.00583	0.00891	0.00873	0.01181	0.01178	0.01985	0.01165	0.02093	0.02298	0.80895	0.00562	0.00558	0.00312	0.00349
22	0.03306	0.01036	0.01720	0.76096	0.03928	0.01292	0.01589	0.01492	0.01158	0.01516	0.01028	0.01534	0.00771	0.00580	0.00575	0.00193	0.00766	0.00511	0.00261	0.00646
23	0.00709	0.00506	0.00675	0.00810	0.00843	0.00472	0.00540	0.00810	0.01113	0.01484	0.03205	0.79184	0.03846	0.01822	0.00742	0.00236	0.00337	0.01653	0.00540	0.00472
24	0.00841	0.00565	0.00633	0.00633	0.00639	0.00561	0.00355	0.00845	0.00861	0.01142	0.01963	0.03863	0.04480	0.77052	0.02887	0.00552	0.00555	0.00858	0.00358	0.00357
25	0.02609	0.00990	0.01350	0.01035	0.01484	0.00855	0.00855	0.02834	0.01664	0.76338	0.02294	0.01979	0.01439	0.00720	0.00585	0.00180	0.00495	0.00585	0.00720	0.00990
26	0.01555	0.79913	0.03047	0.00995	0.01493	0.02301	0.00995	0.01741	0.01182	0.01368	0.00808	0.00933	0.00746	0.00498	0.00373	0.00124	0.00622	0.00311	0.00249	0.00746
27	0.00723	0.00586	0.00641	0.00637	0.00810	0.00505	0.00474	0.00900	0.01395	0.01759	0.23376	0.09202	0.54122	0.01420	0.00690	0.00195	0.00292	0.01206	0.00565	0.00505
28	0.00709	0.00506	0.00675	0.00810	0.00843	0.00472	0.00540	0.00810	0.01113	0.01484	0.03205	0.79184	0.03846	0.01822	0.00742	0.00236	0.00337	0.01653	0.00540	0.00472
29	0.02172	0.02772	0.01648	0.01498	0.01798	0.77228	0.01124	0.02322	0.01648	0.01423	0.00899	0.01049	0.00749	0.00599	0.00524	0.00150	0.01049	0.00375	0.00300	0.00674
30	0.01555	0.79913	0.03047	0.00995	0.01493	0.02301	0.00995	0.01741	0.01182	0.01368	0.00808	0.00933	0.00746	0.00498	0.00373	0.00124	0.00622	0.00311	0.00249	0.00746
31	0.00958	0.00640	0.00784	0.00730	0.00908	0.00581	0.00549	0.01214	0.03272	0.08610	0.44809	0.06140	0.23186	0.04108	0.00760	0.00202	0.00316	0.01053	0.00607	0.00572
32	0.02609	0.00990	0.01350	0.01035	0.01484	0.00855	0.00855	0.02834	0.01664	0.76338	0.02294	0.01979	0.01439	0.00720	0.00585	0.00180	0.00495	0.00585	0.00720	0.00990
33	0.00904	0.00659	0.00891	0.01008	0.01150	0.00646	0.00872	0.01156	0.01337	0.01718	0.03448	0.06433	0.12836	0.01589	0.00788	0.00258	0.00504	0.62736	0.00536	0.00530
34	0.00840	0.00562	0.00636	0.00641	0.00642	0.00560	0.00360	0.00844	0.00856	0.01141	0.01885	0.06695	0.02181	0.76583	0.02875	0.00551	0.00555	0.00877	0.00360	0.00357
35	0.00768	0.00552	0.00741	0.00871	0.00936	0.00525	0.00641	0.00914	0.01179	0.01554	0.03260	0.57704	0.06068	0.01754	0.00756	0.00243	0.00388	0.20117	0.00539	0.00490
36	0.01166	0.03008	0.76550	0.01657	0.02517	0.01351	0.02149	0.01842	0.01228	0.01842	0.01044	0.01228	0.00737	0.00552	0.00552	0.00184	0.00859	0.00430	0.00246	0.00859
37	0.00687	0.00589	0.00589	0.00589	0.00785	0.00491	0.00442	0.00835	0.01325	0.01571	0.05891	0.05596	0.75700	0.01473	0.00687	0.00196	0.00295	0.01227	0.00540	0.00491
38	0.00994	0.00657	0.00906	0.00988	0.01128	0.00638	0.00826	0.01238	0.01371	0.06372	0.12908	0.15637	0.03587	0.01524	0.00766	0.00247	0.00471	0.48626	0.00562	0.00557
39	0.02609	0.00990	0.01350	0.01035	0.01484	0.00855	0.00855	0.02834	0.01664	0.76338	0.02294	0.01979	0.01439	0.00720	0.00585	0.00180	0.00495	0.00585	0.00720	0.00990
40	0.01206	0.01034	0.01206	0.00861	0.01378	0.00775	0.00689	0.01464	0.01206	0.01895	0.01034	0.01206	0.00861	0.00431	0.00431	0.00086	0.00431	0.00345	0.00345	0.83118
41	0.03583	0.00746	0.00924	0.00853	0.01036	0.00758	0.00674	0.01318	0.03498	0.09839	0.26435	0.03987	0.24081	0.01397	0.05582	0.00247	0.08363	0.05538	0.00543	0.00599
42	0.00823	0.00583	0.00769	0.00784	0.00833	0.00624	0.00536	0.00925	0.00915	0.01265	0.01871	0.11784	0.02027	0.38095	0.34875	0.00687	0.00968	0.00842	0.00356	0.00438
43	0.01206	0.01034	0.01206	0.00861	0.01378	0.00775	0.00689	0.01464	0.01206	0.01895	0.01034	0.01206	0.00861	0.00431	0.00431	0.00086	0.00431	0.00345	0.00345	0.83118
44	0.03879	0.00790	0.00891	0.00779	0.01044	0.00724	0.00604	0.07455	0.01467	0.17235	0.06758	0.04008	0.37924	0.08558	0.00856	0.00223	0.00404	0.02510	0.00555	0.03336
45	0.01061	0.00589	0.00620	0.00605	0.00719	0.00599	0.00429	0.03895	0.01178	0.01952	0.01853	0.02532	0.01619	0.19530	0.03249	0.00262	0.00391	0.00616	0.57788	0.00513
46	0.00846	0.00564	0.00634	0.00634	0.00634	0.00564	0.00352	0.00846	0.00846	0.01128	0.01832	0.03805	0.02114	0.79563	0.02960	0.00564	0.00564	0.00846	0.00352	0.00352
47	0.01480	0.01242	0.01316	0.01179	0.01511	0.01429	0.00919	0.03083	0.72763	0.04574	0.02365	0.02164	0.01765	0.00787	0.00592	0.00197	0.00461	0.00655	0.00595	0.00922
48	0.00828	0.00603	0.00796	0.00894	0.01004	0.00577	0.00711	0.01026	0.01283	0.01677	0.09492	0.26971	0.12604	0.04025	0.00828	0.00252	0.00428	0.34953	0.00540	0.00507
49	0.01178	0.01016	0.01058	0.00973	0.01255	0.01108	0.00751	0.02292	0.48857	0.02128	0.03614	0.03382	0.27933	0.01031	0.00626	0.00197	0.00402	0.00859	0.00573	0.00768
50	0.00799	0.00593	0.00745	0.00707	0.00854	0.00539	0.00530	0.01052	0.01590	0.02199	0.63470	0.04562	0.17728	0.01238	0.00686	0.00185	0.00278	0.01082	0.00623	0.00539
51	0.01416	0.00863	0.00897	0.00777	0.01010	0.00914	0.00613	0.22791	0.01666	0.02610	0.01749	0.01940	0.01343	0.00684	0.00458	0.00147	0.00380	0.00537	0.58532	0.00674
52	0.01260	0.01009	0.01086	0.00985	0.01269	0.01092	0.00763	0.02326	0.45686	0.06150	0.10491	0.03215	0.20250	0.00993	0.00624	0.00195	0.00403	0.00832	0.00591	0.00782
53	0.02297	0.01490	0.01659	0.01272	0.01734	0.01597	0.01051	0.58521	0.02502	0.19469	0.01591	0.01523	0.01087	0.00703	0.00582	0.00176	0.00608	0.00537	0.00612	0.00989
54	0.26244	0.02217	0.01419	0.01272	0.01599	0.50309	0.00977	0.06415	0.01518	0.01907	0.00902	0.01039	0.00728	0.00588	0.00479	0.00160	0.00847	0.00366	0.00334	0.00680
55	0.00721	0.00530	0.00669	0.00760	0.00828	0.00486	0.00517	0.00842	0.01187	0.01564	0.10316	0.57266	0.15728	0.04686	0.00813	0.00237	0.00333	0.01496	0.00542	0.00478
56	0.02088	0.00864	0.01138	0.00916	0.01233	0.00769	0.00706	0.02247	0.01423	0.54126	0.02158	0.02519	0.01639	0.24005	0.01286	0.00293	0.00515	0.00662	0.00611	0.00801
57	0.01439	0.01382	0.02360	0.03569	0.75936	0.01382	0.01785	0.01785	0.01324	0.01900	0.01094	0.01439	0.00921	0.00518	0.00576	0.00173	0.00691	0.00518	0.00288	0.00921
58	0.01437	0.00857	0.00882	0.00794	0.01006	0.00875	0.00607	0.16237	0.01603	0.02575	0.01900	0.02161	0.01492	0.00761	0.00497	0.00167	0.00392	0.00576	0.64482	0.00698
59	0.00824	0.00676	0.00696	0.00699	0.00890	0.00568	0.00510	0.00936	0.01391	0.01700	0.07730	0.11378	0.66725	0.01555	0.00741	0.00221	0.00343	0.01280	0.00580	0.00557
60	0.00951	0.00687	0.00868	0.00818	0.00965	0.00625	0.00604	0.01188	0.01713	0.02431	0.74299	0.04452	0.05512	0.01258	0.00735	0.00205	0.00320	0.01080	0.00676	0.00613
61	0.42672	0.01452	0.01376	0.01128	0.01545	0.01608	0.00914	0.36853	0.01915	0.03215	0.01220	0.01338	0.00924	0.00698	0.00523	0.00200	0.00584	0.00458	0.00508	0.00867
62	0.00951	0.00687	0.00868	0.00818	0.00965	0.00625	0.00604	0.01188	0.01713	0.02431	0.74299	0.04452	0.05512	0.01258	0.00735	0.00205	0.00320	0.01080	0.00676	0.00613
63	0.02703	0.01075	0.01429	0.01115	0.01568	0.00925	0.00904	0.02890	0.01731	0.74998	0.02392	0.02133	0.01544	0.00798	0.00636	0.00202	0.00536	0.00622	0.00754	0.01046
64	0.82187	0.01207	0.00944	0.00850	0.01216	0.01366	0.00684	0.01788	0.01069	0.02703	0.00936	0.01119	0.00750	0.00621	0.00415	0.00202	0.00492	0.00357	0.00401	0.00693
65	0.82187	0.01207	0.00944	0.00850	0.01216	0.01366	0.00684	0.01788	0.01069	0.02703	0.00936	0.01119	0.00750	0.00621	0.00415	0.00202	0.00492	0.00357	0.00401	0.00693
66	0.02703	0.01075	0.01429	0.01115	0.01568	0.00925	0.00904	0.02890	0.01731	0.74998	0.02392	0.02133	0.01544	0.00798	0.00636	0.00202	0.00536	0.00622	0.00754	0.01046
67	0.01563	0.01329	0.01395	0.01261	0.01596	0.01505	0.00969	0.03142	0.73527	0.02530	0.02463	0.02320	0.01873	0.00866	0.00643	0.00219	0.00502	0.00693	0.00628	0.00978
68	0.01221	0.01118	0.01816	0.76745	0.04040	0.01354	0.01650	0.01569	0.01239	0.01601	0.01155	0.01713	0.00892	0.00662	0.00633	0.00216	0.00811	0.00555	0.00301	0.00709
69	0.02703	0.01075	0.01429	0.01115	0.01568	0.00925	0.00904	0.02890	0.01731	0.74998	0.02392	0.02133	0.01544	0.00798	0.00636	0.00202	0.00536	0.00622	0.00754	0.01046
70	0.02703	0.01075	0.01429	0.01115	0.01568	0.00925	0.00904	0.02890	0.01731	0.74998	0.02392	0.02133	0.01544	0.00798	0.00636	0.00202	0.00536	0.00622	0.00754	0.01046
71	0.00838	0.00605	0.00763	0.00883	0.00937	0.00551	0.00590	0.00907	0.01202	0.01605	0.03428	0.73914	0.07733	0.01860	0.00787	0.00255	0.00380	0.01647	0.00577	0.00540
72	0.01563	0.01329	0.01395	0.01261	0.01596	0.01505	0.00969	0.03142	0.73527	0.02530	0.02463	0.02320	0.01873	0.00866	0.00643	0.00219	0.00502	0.00693	0.00628	0.00978
73	0.01073	0.00736	0.00962	0.00981	0.01139	0.00691	0.00789	0.01304	0.01577	0.05092	0.39060	0.05346	0.04398	0.01425	0.00783	0.00243	0.00445	0.32698	0.00632	0.00625
74	0.01392	0.01352	0.01852	0.01598	0.01610	0.01833	0.01314	0.01484	0.00972	0.01517	0.00891	0.01440	0.00881	0.01090	0.01934	0.00275	0.77023	0.00548	0.00297	0.00699
75	0.01490	0.01643	0.03470	0.02504	0.03093	0.01529	0.72454	0.01938	0.01445	0.01971	0.01296	0.01731	0.00997	0.00573	0.00735	0.00218	0.01012	0.00721	0.00336	0.00844
76	0.02703	0.01075	0.01429	0.01115	0.01568	0.00925	0.00904	0.02890	0.01731	0.74998	0.02392	0.02133	0.01544	0.00798	0.00636	0.00202	0.00536	0.00622	0.00754	0.01046
77	0.01239	0.01136	0.01849	0.72770	0.07874	0.01358	0.01659	0.01584	0.01248	0.01623	0.01159	0.01707	0.00900	0.00659	0.00632	0.00215	0.00807	0.00555	0.00303	0.00723
78	0.01221	0.01118	0.01816	0.76745	0.04040	0.01354	0.01650	0.01569	0.01239	0.01601	0.01155	0.01713	0.00892	0.00662	0.00633	0.00216	0.00811	0.00555	0.00301	0.00709
79	0.02093	0.25440	0.02132	0.01422	0.01786	0.53843	0.01130	0.02218	0.01578	0.01524	0.00997	0.01187	0.00866	0.00650	0.00532	0.00165	0.00954	0.00397	0.00327	0.00758
80	0.02274	0.02822	0.01722	0.01569	0.01876	0.75813	0.01168	0.02389	0.01715	0.01540	0.01023	0.01221	0.00867	0.00680	0.00577	0.00173	0.01079	0.00416	0.00342	0.00736
81	0.01063	0.00761	0.01025	0.01151	0.01294	0.00743	0.00985	0.01293	0.01411	0.01851	0.03161	0.06624	0.03414	0.01667	0.00850	0.00288	0.00576	0.70669	0.00573	0.00600
82	0.02703	0.01075	0.01429	0.01115	0.01568	0.00925	0.00904	0.02890	0.01731	0.74998	0.02392	0.02133	0.01544	0.00798	0.00636	0.00202	0.00536	0.00622	0.00754	0.01046
83	0.01669	0.78463	0.03094	0.01076	0.01576	0.02343	0.01042	0.01819	0.01257	0.01486	0.00935	0.01107	0.00864	0.00580	0.00428	0.00148	0.00661	0.00353	0.00292	0.00807
84	0.00929	0.00686	0.00837	0.00794	0.00951	0.00615	0.00587	0.01145	0.01660	0.02306	0.62850	0.04657	0.17040	0.01304	0.00735	0.00207	0.00323	0.01109	0.00659	0.00604
85	0.02263	0.01627	0.01742	0.01362	0.01813	0.01762	0.01106	0.66895	0.02670	0.05601	0.01562	0.01618	0.01141	0.00776	0.00624	0.00195	0.00655	0.00564	0.05003	0.01021
86	0.02703	0.01075	0.01429	0.01115	0.01568	0.00925	0.00904	0.02890	0.01731	0.74998	0.02392	0.02133	0.01544	0.00798	0.00636	0.00202	0.00536	0.00622	0.00754	0.01046
87	0.01556	0.01459	0.02420	0.03600	0.74571	0.01441	0.01816	0.01862	0.01397	0.02007	0.01215	0.01604	0.01035	0.00600	0.00627	0.00195	0.00728	0.00557	0.00330	0.00979
88	0.01669	0.78463	0.03094	0.01076	0.01576	0.02343	0.01042	0.01819	0.01257	0.01486	0.00935	0.01107	0.00864	0.00580	0.00428	0.00148	0.00661	0.00353	0.00292	0.00807
89	0.42949	0.01450	0.01373	0.01127	0.01542	0.01606	0.00913	0.36608	0.01909	0.03211	0.01218	0.01336	0.00923	0.00698	0.00522	0.00200	0.00584	0.00458	0.00508	0.00866
90	0.02312	0.01702	0.01817	0.01412	0.01881	0.01855	0.01150	0.72669	0.02780	0.03738	0.01511	0.01561	0.01102	0.00777	0.00633	0.00197	0.00678	0.00562	0.00618	0.01045
91	0.01490	0.01643	0.03470	0.02504	0.03093	0.01529	0.72454	0.01938	0.01445	0.01971	0.01296	0.01731	0.00997	0.00573	0.00735	0.00218	0.01012	0.00721	0.00336	0.00844
92	0.01166	0.03008	0.76550	0.01657	0.02517	0.01351	0.02149	0.01842	0.01228	0.01842	0.01044	0.01228	0.00737	0.00552	0.00552	0.00184	0.00859	0.00430	0.00246	0.00859
93	0.01446	0.01249	0.01315	0.01183	0.01512	0.01446	0.00920	0.03090	0.74885	0.02433	0.02367	0.02170	0.01775	0.00789	0.00592	0.00197	0.00460	0.00657	0.00592	0.00920
94	0.00714	0.00510	0.00679	0.00806	0.00845	0.00476	0.00540	0.00823	0.01138	0.01523	0.06492	0.75787	0.03921	0.01793	0.00740	0.00234	0.00335	0.01626	0.00544	0.00476
95	0.00823	0.00594	0.00777	0.00732	0.00869	0.00549	0.00549	0.01097	0.01646	0.02332	0.75629	0.04344	0.05487	0.01189	0.00686	0.00183	0.00274	0.01052	0.00640	0.00549
96	0.02174	0.02716	0.01653	0.01490	0.01798	0.73546	0.01123	0.05822	0.01701	0.01533	0.00923	0.01066	0.00761	0.00604	0.00527	0.00151	0.01029	0.00382	0.00313	0.00690
97	0.00709	0.00506	0.00675	0.00810	0.00843	0.00472	0.00540	0.00810	0.01113	0.01484	0.03205	0.79184	0.03846	0.01822	0.00742	0.00236	0.00337	0.01653	0.00540	0.00472
98	0.02526	0.00971	0.01323	0.01021	0.01456	0.00840	0.00840	0.02753	0.01664	0.72890	0.05711	0.02089	0.01628	0.00742	0.00590	0.00180	0.00485	0.00607	0.00716	0.00969
99	0.83671	0.01125	0.00855	0.00765	0.01125	0.01305	0.00630	0.01709	0.00990	0.02609	0.00810	0.00945	0.00630	0.00540	0.00360	0.00180	0.00450	0.00315	0.00360	0.00630
100	0.00709	0.00506	0.00675	0.00810	0.00843	0.00472	0.00540	0.00810	0.01113	0.01484	0.03205	0.79184	0.03846	0.01822	0.00742	0.00236	0.00337	0.01653	0.00540	0.00472
101	0.00709	0.00506	0.00675	0.00810	0.00843	0.00472	0.00540	0.00810	0.01113	0.01484	0.03205	0.79184	0.03846	0.01822	0.00742	0.00236	0.00337	0.01653	0.00540	0.00472
102	0.00820	0.00592	0.00761	0.00720	0.00850	0.00548	0.00532	0.01071	0.01581	0.02223	0.68117	0.04354	0.07842	0.06455	0.00838	0.00209	0.00294	0.01044	0.00617	0.00533
103	0.02211	0.01629	0.01745	0.01338	0.01803	0.01803	0.01105	0.73997	0.02734	0.03665	0.01396	0.01396	0.00989	0.00698	0.00582	0.00175	0.00640	0.00524	0.00582	0.00989
104	0.00709	0.00506	0.00675	0.00810	0.00843	0.00472	0.00540	0.00810	0.01113	0.01484	0.03205	0.79184	0.03846	0.01822	0.00742	0.00236	0.00337	0.01653	0.00540	0.00472
105	0.00803	0.00547	0.00719	0.00809	0.00876	0.00510	0.00562	0.00933	0.01193	0.04023	0.10783	0.58103	0.06037	0.05839	0.00851	0.00247	0.00359	0.05765	0.00546	0.00495
106	0.00846	0.00608	0.00830	0.00959	0.01059	0.00592	0.00776	0.01049	0.01258	0.01643	0.03238	0.32298	0.06474	0.01677	0.00777	0.00254	0.00455	0.44157	0.00537	0.00511
107	0.00715	0.00531	0.00667	0.00758	0.00834	0.00483	0.00521	0.00841	0.01206	0.01581	0.10472	0.57335	0.18549	0.01692	0.00726	0.00223	0.00323	0.01511	0.00549	0.00483
108	0.01206	0.01034	0.01206	0.00861	0.01378	0.00775	0.00689	0.01464	0.01206	0.01895	0.01034	0.01206	0.00861	0.00431	0.00431	0.00086	0.00431	0.00345	0.00345	0.83118
109	0.00720	0.00514	0.00686	0.00814	0.00855	0.00481	0.00552	0.00833	0.01141	0.01525	0.06064	0.74121	0.03897	0.01791	0.00742	0.00235	0.00341	0.03668	0.00544	0.00477
110	0.00823	0.00594	0.00777	0.00732	0.00869	0.00549	0.00549	0.01097	0.01646	0.02332	0.75629	0.04344	0.05487	0.01189	0.00686	0.00183	0.00274	0.01052	0.00640	0.00549
111	0.02070	0.01527	0.01642	0.01295	0.01732	0.01694	0.01058	0.56825	0.17390	0.06200	0.01628	0.01576	0.01166	0.00717	0.00584	0.00179	0.00598	0.00553	0.00589	0.00975
112	0.20283	0.51863	0.03737	0.00974	0.01437	0.04234	0.00926	0.01842	0.01192	0.07722	0.00936	0.01029	0.00776	0.00529	0.00395	0.00143	0.00590	0.00338	0.00314	0.00739
113	0.01484	0.01281	0.01132	0.07063	0.01410	0.19342	0.02722	0.10444	0.01493	0.02067	0.01504	0.01803	0.01202	0.03765	0.00579	0.00167	0.00575	0.00513	0.40819	0.00636
114	0.01140	0.00964	0.01134	0.00859	0.01312	0.00739	0.00683	0.01385	0.01212	0.01848	0.01470	0.06517	0.04138	0.00621	0.00480	0.00110	0.00425	0.04281	0.00375	0.70308
115	0.18205	0.01270	0.01357	0.04049	0.01566	0.01388	0.00921	0.38167	0.01978	0.08552	0.03932	0.04480	0.03700	0.03324	0.00638	0.00197	0.00556	0.04383	0.00525	0.00813

[dist]
# distance from previous block
# <min> <max>
0	2

[block]
# block no. 1 follows, 40 sequences, length 61
# corresponding to MSA columns:
# 390-450
name=unknown_B
#
# <colnr> <probs for GDERKNQSTAVLIFYWHMCP>
#	G	D	E	R	K	N	Q	S	T	A	V	L	I	F	Y	W	H	M	C	P
0	0.00748	0.00536	0.00720	0.00810	0.00857	0.00529	0.00553	0.00865	0.01077	0.01460	0.05742	0.55198	0.03325	0.10145	0.14155	0.00388	0.00568	0.01369	0.00485	0.00471
1	0.42453	0.01097	0.01027	0.00880	0.01222	0.01199	0.00709	0.14320	0.04461	0.05626	0.06173	0.05031	0.04647	0.00726	0.00475	0.00177	0.00453	0.00535	0.04254	0.04537
2	0.00986	0.00545	0.00632	0.00677	0.00781	0.00525	0.00482	0.01182	0.01192	0.04900	0.02473	0.35094	0.02496	0.01169	0.00557	0.00180	0.00309	0.01019	0.44271	0.00530
3	0.00844	0.00571	0.00673	0.00673	0.00686	0.00585	0.00401	0.00870	0.00857	0.01156	0.01797	0.03610	0.02029	0.69889	0.12518	0.00611	0.00692	0.00817	0.00347	0.00374
4	0.06232	0.00598	0.00669	0.00677	0.00715	0.00608	0.00414	0.00912	0.00915	0.01307	0.03511	0.11884	0.03754	0.59262	0.05793	0.00504	0.00565	0.00902	0.00381	0.00398
5	0.00748	0.00523	0.00663	0.00759	0.00784	0.00499	0.00486	0.00820	0.01037	0.01382	0.02812	0.57603	0.03350	0.24079	0.01377	0.00330	0.00402	0.01422	0.00486	0.00438
6	0.00769	0.00531	0.00657	0.00733	0.00751	0.00513	0.00457	0.00826	0.00996	0.01327	0.02601	0.46013	0.03084	0.36032	0.01718	0.00380	0.00437	0.01298	0.00457	0.00420
7	0.01446	0.01249	0.01315	0.01183	0.01512	0.01446	0.00920	0.03090	0.74885	0.02433	0.02367	0.02170	0.01775	0.00789	0.00592	0.00197	0.00460	0.00657	0.00592	0.00920
8	0.03942	0.04211	0.01258	0.00958	0.01333	0.00934	0.00782	0.05637	0.07462	0.44266	0.09376	0.02656	0.12888	0.00866	0.00596	0.00181	0.00453	0.00709	0.00641	0.00851
9	0.00709	0.00506	0.00675	0.00810	0.00843	0.00472	0.00540	0.00810	0.01113	0.01484	0.03205	0.79184	0.03846	0.01822	0.00742	0.00236	0.00337	0.01653	0.00540	0.00472
10	0.01272	0.01272	0.01781	0.01527	0.01527	0.01781	0.01272	0.01399	0.00891	0.01399	0.00763	0.01272	0.00763	0.01018	0.01908	0.00254	0.78499	0.00509	0.00254	0.00636
11	0.00700	0.00550	0.00633	0.00695	0.00814	0.00483	0.00490	0.00828	0.01233	0.01546	0.06024	0.40040	0.40643	0.01631	0.00713	0.00215	0.00314	0.01423	0.00542	0.00483
12	0.00834	0.00611	0.00872	0.00872	0.00954	0.00693	0.00649	0.00998	0.00916	0.01304	0.01615	0.02602	0.01592	0.20056	0.61752	0.00857	0.01350	0.00670	0.00320	0.00484
13	0.02609	0.00990	0.01350	0.01035	0.01484	0.00855	0.00855	0.02834	0.01664	0.76338	0.02294	0.01979	0.01439	0.00720	0.00585	0.00180	0.00495	0.00585	0.00720	0.00990
14	0.02172	0.02772	0.01648	0.01498	0.01798	0.77228	0.01124	0.02322	0.01648	0.01423	0.00899	0.01049	0.00749	0.00599	0.00524	0.00150	0.01049	0.00375	0.00300	0.00674
15	0.00832	0.00618	0.00908	0.00908	0.01003	0.00713	0.00694	0.01022	0.00927	0.01331	0.01582	0.02417	0.01511	0.10929	0.70770	0.00902	0.01471	0.00642	0.00315	0.00505
16	0.01169	0.01106	0.01873	0.62597	0.19017	0.01311	0.01650	0.01548	0.01196	0.01572	0.01046	0.01527	0.00806	0.00568	0.00580	0.00189	0.00758	0.00517	0.00265	0.00703
17	0.02609	0.00990	0.01350	0.01035	0.01484	0.00855	0.00855	0.02834	0.01664	0.76338	0.02294	0.01979	0.01439	0.00720	0.00585	0.00180	0.00495	0.00585	0.00720	0.00990
18	0.00823	0.00594	0.00777	0.00732	0.00869	0.00549	0.00549	0.01097	0.01646	0.02332	0.75629	0.04344	0.05487	0.01189	0.00686	0.00183	0.00274	0.01052	0.00640	0.00549
19	0.01098	0.01034	0.01744	0.78165	0.04005	0.01292	0.01615	0.01486	0.01163	0.01486	0.01034	0.01550	0.00775	0.00581	0.00581	0.00194	0.00775	0.00517	0.00258	0.00646
20	0.07640	0.01170	0.01424	0.01099	0.01547	0.01137	0.00908	0.21834	0.01908	0.52189	0.01959	0.01757	0.01267	0.00703	0.00570	0.00178	0.00531	0.00551	0.00660	0.00967
21	0.00762	0.00549	0.00721	0.00768	0.00854	0.00509	0.00542	0.00945	0.01368	0.01883	0.37188	0.42498	0.06207	0.01518	0.00715	0.00210	0.00307	0.01362	0.00587	0.00509
22	0.00829	0.00591	0.00746	0.00707	0.00849	0.00543	0.00530	0.01092	0.01591	0.02257	0.64923	0.04308	0.11160	0.01179	0.00668	0.00181	0.00276	0.01033	0.05993	0.00543
23	0.00870	0.00638	0.00850	0.00961	0.01095	0.00618	0.00810	0.01099	0.01312	0.01684	0.03574	0.14125	0.15787	0.01606	0.00777	0.00252	0.00473	0.52411	0.00537	0.00521
24	0.01166	0.03008	0.76550	0.01657	0.02517	0.01351	0.02149	0.01842	0.01228	0.01842	0.01044	0.01228	0.00737	0.00552	0.00552	0.00184	0.00859	0.00430	0.00246	0.00859
25	0.01446	0.01249	0.01315	0.01183	0.01512	0.01446	0.00920	0.03090	0.74885	0.02433	0.02367	0.02170	0.01775	0.00789	0.00592	0.00197	0.00460	0.00657	0.00592	0.00920
26	0.00731	0.00516	0.00668	0.00781	0.00809	0.00487	0.00509	0.00816	0.01070	0.01426	0.02980	0.66848	0.03563	0.14544	0.01105	0.00290	0.00374	0.01521	0.00509	0.00453
27	0.02172	0.02772	0.01648	0.01498	0.01798	0.77228	0.01124	0.02322	0.01648	0.01423	0.00899	0.01049	0.00749	0.00599	0.00524	0.00150	0.01049	0.00375	0.00300	0.00674
28	0.01194	0.02661	0.60753	0.06791	0.04130	0.01363	0.11372	0.01820	0.01244	0.01822	0.01061	0.01297	0.00762	0.00546	0.00572	0.00186	0.00866	0.00470	0.00254	0.00837
29	0.33067	0.02619	0.01340	0.01049	0.01466	0.01291	0.03409	0.15899	0.06234	0.25956	0.01500	0.01456	0.01037	0.00640	0.00499	0.00180	0.00523	0.00474	0.00526	0.00837
30	0.01098	0.01034	0.01744	0.78165	0.04005	0.01292	0.01615	0.01486	0.01163	0.01486	0.01034	0.01550	0.00775	0.00581	0.00581	0.00194	0.00775	0.00517	0.00258	0.00646
31	0.00709	0.00506	0.00675	0.00810	0.00843	0.00472	0.00540	0.00810	0.01113	0.01484	0.03205	0.79184	0.03846	0.01822	0.00742	0.00236	0.00337	0.01653	0.00540	0.00472
32	0.03467	0.01197	0.01567	0.23914	0.02246	0.06037	0.06994	0.19724	0.01526	0.02045	0.01196	0.01575	0.00949	0.01019	0.03996	0.14909	0.00718	0.00522	0.05736	0.00663
33	0.00702	0.00532	0.00648	0.00740	0.00825	0.00478	0.00509	0.00818	0.01180	0.01512	0.04053	0.55944	0.26539	0.01712	0.00725	0.00224	0.00324	0.01519	0.00540	0.00478
34	0.00813	0.00589	0.00767	0.00734	0.00865	0.00543	0.00546	0.01074	0.01606	0.02262	0.69580	0.09113	0.06852	0.01235	0.00689	0.00187	0.00279	0.01093	0.00632	0.00543
35	0.00769	0.00563	0.00731	0.00849	0.00907	0.00546	0.00587	0.00978	0.05802	0.01560	0.03145	0.70019	0.03685	0.01744	0.00736	0.00236	0.00357	0.05740	0.00543	0.00504
36	0.01440	0.01624	0.07433	0.05415	0.37174	0.07737	0.18179	0.01838	0.03115	0.01802	0.01093	0.01429	0.00887	0.00574	0.00714	0.00186	0.07696	0.00541	0.00291	0.00830
37	0.01354	0.01357	0.02123	0.01707	0.01860	0.01718	0.16403	0.06234	0.01111	0.01644	0.00891	0.01342	0.00803	0.00887	0.01567	0.00237	0.57239	0.00547	0.00284	0.00690
38	0.00840	0.00586	0.00748	0.00748	0.00788	0.00626	0.00495	0.00919	0.00879	0.01212	0.01728	0.03227	0.01863	0.50979	0.31201	0.00705	0.00942	0.00761	0.00337	0.00416
39	0.00709	0.00506	0.00675	0.00810	0.00843	0.00472	0.00540	0.00810	0.01113	0.01484	0.03205	0.79184	0.03846	0.01822	0.00742	0.00236	0.00337	0.01653	0.00540	0.00472
40	0.01319	0.01399	0.02808	0.13649	0.20379	0.01379	0.42937	0.01742	0.01319	0.01800	0.01227	0.05025	0.01009	0.00570	0.00647	0.00192	0.00853	0.00665	0.00298	0.00783
41	0.01295	0.14305	0.13450	0.35276	0.05542	0.01490	0.02812	0.07507	0.01279	0.01691	0.01019	0.01384	0.00803	0.00673	0.00704	0.05072	0.04231	0.00472	0.00283	0.00713
42	0.76506	0.01133	0.00960	0.04058	0.04690	0.01308	0.00723	0.01704	0.01012	0.02530	0.00832	0.00992	0.00649	0.00541	0.00379	0.00180	0.00474	0.00333	0.00352	0.00644
43	0.01193	0.02290	0.46599	0.19268	0.09108	0.01351	0.08555	0.01758	0.01234	0.01768	0.01058	0.01350	0.00774	0.00550	0.00573	0.00186	0.00837	0.00480	0.00256	0.00809
44	0.00796	0.00593	0.00740	0.00704	0.00852	0.00537	0.00528	0.01046	0.01583	0.02183	0.61964	0.04589	0.19245	0.01244	0.00686	0.00186	0.00278	0.01086	0.00621	0.00537
45	0.00753	0.00553	0.00722	0.00814	0.00891	0.00500	0.00553	0.00868	0.01122	0.01521	0.03010	0.72182	0.03578	0.01697	0.00714	0.00223	0.00346	0.01536	0.00522	0.07893
46	0.19041	0.25891	0.04990	0.02996	0.01616	0.04220	0.01007	0.21847	0.09263	0.02399	0.01151	0.01223	0.00896	0.00600	0.00468	0.00163	0.00601	0.00419	0.00402	0.00807
47	0.01188	0.01014	0.01184	0.00867	0.01356	0.00777	0.00688	0.01473	0.02963	0.01889	0.01167	0.04859	0.01022	0.00504	0.00449	0.00096	0.00427	0.00413	0.00360	0.77306
48	0.01728	0.06373	0.04718	0.01125	0.01536	0.01283	0.00942	0.02739	0.41109	0.21816	0.02072	0.01914	0.01495	0.00710	0.00560	0.00178	0.00495	0.00579	0.00567	0.08064
49	0.01853	0.04426	0.14610	0.06155	0.01933	0.01468	0.01230	0.36054	0.04697	0.12780	0.06286	0.01656	0.01304	0.00692	0.00574	0.00176	0.00632	0.00544	0.00510	0.02421
50	0.02533	0.01007	0.01347	0.01044	0.01486	0.00893	0.00859	0.02851	0.06443	0.71515	0.02299	0.01992	0.01461	0.00724	0.00585	0.00181	0.00493	0.00590	0.00711	0.00985
51	0.02172	0.02772	0.01648	0.01498	0.01798	0.77228	0.01124	0.02322	0.01648	0.01423	0.00899	0.01049	0.00749	0.00599	0.00524	0.00150	0.01049	0.00375	0.00300	0.00674
52	0.01246	0.01378	0.05960	0.21308	0.05792	0.01283	0.36824	0.01666	0.01278	0.01756	0.01201	0.04891	0.00977	0.00568	0.00619	0.00182	0.00813	0.00623	0.00300	0.11336
53	0.01054	0.01020	0.06222	0.18093	0.05559	0.00961	0.08540	0.01399	0.01296	0.01711	0.02222	0.04394	0.02262	0.01154	0.00717	0.00235	0.00660	0.41456	0.00421	0.00623
54	0.01166	0.03008	0.76550	0.01657	0.02517	0.01351	0.02149	0.01842	0.01228	0.01842	0.01044	0.01228	0.00737	0.00552	0.00552	0.00184	0.00859	0.00430	0.00246	0.00859
55	0.01206	0.01034	0.01206	0.00861	0.01378	0.00775	0.00689	0.01464	0.01206	0.01895	0.01034	0.01206	0.00861	0.00431	0.00431	0.00086	0.00431	0.00345	0.00345	0.83118
56	0.00740	0.00530	0.00703	0.00788	0.00850	0.00493	0.00542	0.00888	0.01258	0.01715	0.22910	0.58821	0.04293	0.01650	0.00727	0.00222	0.00320	0.01490	0.00567	0.00493
57	0.00918	0.00515	0.00719	0.00748	0.00755	0.00508	0.00487	0.00783	0.00848	0.01131	0.01616	0.18618	0.01800	0.14992	0.02062	0.51566	0.00479	0.00807	0.00331	0.00316
58	0.01225	0.01025	0.01126	0.01038	0.01305	0.01112	0.00783	0.02293	0.46770	0.02099	0.02390	0.19693	0.02165	0.04616	0.00718	0.00211	0.00434	0.00860	0.00542	0.09596
59	0.62698	0.07789	0.07763	0.00957	0.01386	0.01420	0.03840	0.04980	0.01120	0.02457	0.00871	0.01014	0.00675	0.00543	0.00401	0.00176	0.00530	0.00349	0.00348	0.00682
60	0.00866	0.02130	0.00685	0.00648	0.00674	0.00592	0.00386	0.00903	0.00923	0.01264	0.05311	0.06976	0.02284	0.66417	0.02559	0.00498	0.00525	0.00863	0.05111	0.00385

[dist]
# distance from previous block
# <min> <max>
0	1

[block]
# block no. 2 follows, 40 sequences, length 6
# corresponding to MSA columns:
# 452-457
name=unknown_C
#
# <colnr> <probs for GDERKNQSTAVLIFYWHMCP>
#	G	D	E	R	K	N	Q	S	T	A	V	L	I	F	Y	W	H	M	C	P
0	0.01445	0.01260	0.01725	0.08354	0.11118	0.01266	0.06093	0.15972	0.01496	0.02152	0.01092	0.01336	0.00877	0.00580	0.00681	0.00151	0.09596	0.00460	0.00363	0.33985
1	0.01783	0.01397	0.01957	0.01518	0.01963	0.01472	0.18935	0.21813	0.27945	0.12135	0.01803	0.01789	0.01301	0.00682	0.00611	0.00189	0.00641	0.00619	0.00532	0.00914
2	0.06257	0.00810	0.01017	0.00893	0.01157	0.00738	0.02818	0.01441	0.05905	0.08634	0.19276	0.24529	0.02897	0.01065	0.00607	0.00176	0.00392	0.00936	0.00518	0.19933
3	0.06710	0.01267	0.01485	0.01354	0.10099	0.01274	0.00969	0.27581	0.06764	0.04940	0.07827	0.01649	0.01385	0.00643	0.00535	0.00152	0.00527	0.00517	0.00478	0.23844
4	0.00755	0.00565	0.00710	0.00794	0.00897	0.00520	0.00589	0.00914	0.01256	0.01628	0.10223	0.40331	0.22348	0.01637	0.00734	0.00227	0.00357	0.14469	0.00548	0.00495
5	0.01812	0.01532	0.06430	0.01931	0.22690	0.01526	0.01302	0.34949	0.10464	0.06366	0.01460	0.01599	0.01106	0.03386	0.00662	0.00191	0.00637	0.00546	0.00478	0.00932

[dist]
# distance from previous block
# <min> <max>
9	144

# created by:
# /software/SequenceAnalysis/GenePrediction/augustus/3.0.1/scripts/msa2prfl.pl ./fixed/BUSCOvEOG7SFBM5.fas
