[name]
unknown

[dist]
# distance from previous block
# <min> <max>
0	86

[block]
# block no. 0 follows, 41 sequences, length 32
# corresponding to MSA columns:
# 86-117
name=unknown_A
#
# <colnr> <probs for GDERKNQSTAVLIFYWHMCP>
#	G	D	E	R	K	N	Q	S	T	A	V	L	I	F	Y	W	H	M	C	P
0	0.09655	0.04105	0.14311	0.22926	0.20380	0.04472	0.01473	0.01846	0.01267	0.12549	0.01176	0.01407	0.00869	0.00566	0.00536	0.00177	0.00691	0.00472	0.00336	0.00787
1	0.19763	0.21493	0.38878	0.01251	0.01883	0.01530	0.01452	0.01795	0.01161	0.04722	0.00965	0.01102	0.00730	0.00534	0.00459	0.00166	0.00684	0.00375	0.00285	0.00772
2	0.00822	0.00578	0.00752	0.00755	0.00800	0.00621	0.00509	0.00913	0.00875	0.01211	0.01717	0.04851	0.01840	0.45580	0.34992	0.00704	0.00970	0.00756	0.00334	0.00420
3	0.01518	0.06169	0.01973	0.10280	0.35088	0.15983	0.02596	0.05712	0.05298	0.01859	0.06996	0.01586	0.01249	0.00605	0.00557	0.00167	0.00710	0.00522	0.00338	0.00794
4	0.01171	0.11929	0.55194	0.01560	0.06483	0.01355	0.01781	0.01715	0.01253	0.01812	0.09336	0.01525	0.01256	0.00604	0.00538	0.00173	0.00744	0.00482	0.00287	0.00801
5	0.01135	0.01025	0.01493	0.42073	0.04462	0.01046	0.01185	0.01459	0.01166	0.01651	0.01018	0.01371	0.00804	0.00504	0.00505	0.00143	0.00609	0.00433	0.00293	0.37626
6	0.01066	0.00533	0.00533	0.00533	0.00666	0.00533	0.00400	0.01333	0.01200	0.02132	0.01866	0.02132	0.01466	0.00666	0.00400	0.00133	0.00267	0.00533	0.83073	0.00533
7	0.06209	0.01193	0.01301	0.01091	0.01460	0.03710	0.00867	0.11410	0.30708	0.23595	0.02029	0.06011	0.01522	0.00761	0.00563	0.00180	0.00494	0.00618	0.00578	0.05699
8	0.01294	0.01425	0.03022	0.02287	0.07061	0.01340	0.61780	0.01744	0.01377	0.01886	0.09494	0.01840	0.01375	0.00560	0.00669	0.00190	0.00870	0.00705	0.00327	0.00754
9	0.01066	0.00533	0.00533	0.00533	0.00666	0.00533	0.00400	0.01333	0.01200	0.02132	0.01866	0.02132	0.01466	0.00666	0.00400	0.00133	0.00267	0.00533	0.83073	0.00533
10	0.02246	0.03644	0.03727	0.01093	0.01536	0.01144	0.00928	0.21903	0.03718	0.46154	0.02146	0.01952	0.05651	0.00736	0.00573	0.00175	0.00527	0.00585	0.00629	0.00931
11	0.02340	0.05498	0.09313	0.01097	0.01585	0.01023	0.00995	0.06837	0.01629	0.60558	0.01998	0.01781	0.01281	0.00678	0.00560	0.00174	0.00539	0.00541	0.00626	0.00947
12	0.00802	0.00584	0.00755	0.00712	0.00850	0.00537	0.00534	0.01065	0.01602	0.02253	0.72235	0.04339	0.09215	0.01184	0.00675	0.00181	0.00271	0.01044	0.00624	0.00537
13	0.01996	0.18378	0.01944	0.01276	0.01695	0.19817	0.01060	0.38797	0.05434	0.02553	0.01180	0.01231	0.00902	0.00626	0.00516	0.00157	0.00713	0.00442	0.00438	0.00846
14	0.00994	0.00497	0.00745	0.00745	0.00745	0.00497	0.00497	0.00745	0.00745	0.00994	0.00994	0.01739	0.00994	0.01987	0.02235	0.83358	0.00497	0.00497	0.00248	0.00248
15	0.69331	0.01099	0.00969	0.00904	0.04307	0.01226	0.00697	0.01836	0.01078	0.12699	0.01008	0.01089	0.00741	0.00554	0.00393	0.00177	0.00458	0.00354	0.00400	0.00680
16	0.00702	0.00538	0.00643	0.00706	0.00811	0.00480	0.00496	0.00837	0.01232	0.01586	0.12314	0.43207	0.31207	0.01593	0.00703	0.00212	0.00309	0.01402	0.00542	0.00480
17	0.01680	0.01357	0.01438	0.01216	0.01585	0.01543	0.00968	0.27483	0.50434	0.02808	0.02001	0.01874	0.01481	0.00745	0.00579	0.00186	0.00513	0.00602	0.00579	0.00928
18	0.01593	0.70473	0.06245	0.01012	0.01513	0.02109	0.01020	0.01802	0.01202	0.07298	0.00921	0.01012	0.00787	0.00509	0.00391	0.00129	0.00613	0.00332	0.00281	0.00758
19	0.04967	0.08954	0.67634	0.01539	0.02334	0.01400	0.01956	0.01798	0.01193	0.01809	0.00998	0.01172	0.00721	0.00539	0.00521	0.00176	0.00809	0.00408	0.00247	0.00826
20	0.77389	0.01058	0.00827	0.00756	0.01084	0.01219	0.00612	0.01612	0.00983	0.02479	0.00982	0.07113	0.00868	0.00630	0.00384	0.00181	0.00434	0.00413	0.00368	0.00607
21	0.01365	0.01307	0.02188	0.14009	0.54503	0.01357	0.05510	0.01846	0.08700	0.01861	0.01197	0.01510	0.00968	0.00544	0.00574	0.00177	0.00684	0.00532	0.00309	0.00860
22	0.00823	0.00591	0.00810	0.00810	0.00875	0.00656	0.00579	0.00952	0.00887	0.01247	0.01632	0.02798	0.01669	0.32135	0.50113	0.00785	0.01172	0.00693	0.00321	0.00450
23	0.00818	0.00608	0.00896	0.00896	0.00990	0.00702	0.00686	0.01007	0.00912	0.01311	0.01553	0.02364	0.01481	0.10213	0.71778	0.00891	0.01456	0.00630	0.00310	0.00498
24	0.01066	0.00533	0.00533	0.00533	0.00666	0.00533	0.00400	0.01333	0.01200	0.02132	0.01866	0.02132	0.01466	0.00666	0.00400	0.00133	0.00267	0.00533	0.83073	0.00533
25	0.01351	0.01224	0.01677	0.17520	0.23691	0.01373	0.01290	0.02347	0.38810	0.02052	0.01699	0.01802	0.01303	0.00657	0.00575	0.00186	0.00581	0.00579	0.00429	0.00851
26	0.02093	0.01566	0.01652	0.01284	0.01718	0.03135	0.01052	0.67009	0.05929	0.03433	0.01425	0.01461	0.01034	0.02176	0.00612	0.00179	0.00620	0.00525	0.02154	0.00944
27	0.01066	0.00533	0.00533	0.00533	0.00666	0.00533	0.00400	0.01333	0.01200	0.02132	0.01866	0.02132	0.01466	0.00666	0.00400	0.00133	0.00267	0.00533	0.83073	0.00533
28	0.01203	0.01185	0.01657	0.01440	0.01443	0.01639	0.01188	0.01326	0.00895	0.01384	0.00961	0.08108	0.01016	0.01070	0.01777	0.00249	0.71973	0.00599	0.00275	0.00612
29	0.02053	0.02551	0.01583	0.01437	0.01735	0.68680	0.01082	0.02372	0.10249	0.01516	0.01053	0.01161	0.00855	0.00611	0.00524	0.00153	0.00964	0.00401	0.00328	0.00691
30	0.00810	0.00585	0.00765	0.00720	0.00855	0.00540	0.00540	0.01079	0.01619	0.02294	0.76028	0.04273	0.05397	0.01169	0.00675	0.00180	0.00270	0.01034	0.00630	0.00540
31	0.01099	0.00947	0.00984	0.00910	0.01177	0.01015	0.00701	0.02077	0.43191	0.02025	0.03832	0.03597	0.34007	0.01068	0.00623	0.00194	0.00382	0.00890	0.00560	0.00722

[dist]
# distance from previous block
# <min> <max>
0	31

[block]
# block no. 1 follows, 41 sequences, length 57
# corresponding to MSA columns:
# 149-205
name=unknown_B
#
# <colnr> <probs for GDERKNQSTAVLIFYWHMCP>
#	G	D	E	R	K	N	Q	S	T	A	V	L	I	F	Y	W	H	M	C	P
0	0.01253	0.24314	0.56504	0.01450	0.02197	0.01587	0.01800	0.01784	0.01195	0.01683	0.00963	0.01127	0.00727	0.00528	0.00495	0.00165	0.00781	0.00390	0.00242	0.00815
1	0.01376	0.01318	0.04975	0.12014	0.50995	0.01303	0.01571	0.07379	0.01365	0.01943	0.01156	0.01497	0.00943	0.00719	0.04183	0.00206	0.00709	0.00513	0.04997	0.00837
2	0.72233	0.01283	0.06881	0.00857	0.01256	0.01318	0.00767	0.06312	0.01101	0.02573	0.00851	0.00979	0.00650	0.00542	0.00383	0.00177	0.00486	0.00332	0.00359	0.00660
3	0.01016	0.00636	0.00968	0.15485	0.01392	0.00711	0.00742	0.00961	0.00865	0.01190	0.01074	0.01731	0.00994	0.01724	0.06064	0.54128	0.03928	0.00508	0.05514	0.00371
4	0.01314	0.37997	0.27290	0.01379	0.05360	0.01688	0.05996	0.01692	0.01241	0.01650	0.08378	0.01410	0.01210	0.00575	0.00485	0.00154	0.00681	0.00450	0.00286	0.00762
5	0.00994	0.00497	0.00745	0.00745	0.00745	0.00497	0.00497	0.00745	0.00745	0.00994	0.00994	0.01739	0.00994	0.01987	0.02235	0.83358	0.00497	0.00497	0.00248	0.00248
6	0.00846	0.00642	0.00956	0.01032	0.04555	0.00709	0.00759	0.01058	0.01035	0.01463	0.06512	0.08832	0.02027	0.03449	0.55446	0.00718	0.01218	0.07850	0.00365	0.00529
7	0.00785	0.00574	0.00737	0.00717	0.00845	0.00526	0.00530	0.01024	0.01530	0.02131	0.61380	0.13417	0.11135	0.01268	0.00681	0.00187	0.00279	0.01120	0.00610	0.00526
8	0.01066	0.00533	0.00533	0.00533	0.00666	0.00533	0.00400	0.01333	0.01200	0.02132	0.01866	0.02132	0.01466	0.00666	0.00400	0.00133	0.00267	0.00533	0.83073	0.00533
9	0.01147	0.02959	0.76934	0.01630	0.02476	0.01328	0.02113	0.01811	0.01208	0.01811	0.01026	0.01208	0.00725	0.00543	0.00543	0.00181	0.00845	0.00423	0.00242	0.00845
10	0.83938	0.01106	0.00841	0.00752	0.01106	0.01283	0.00619	0.01681	0.00973	0.02566	0.00796	0.00929	0.00619	0.00531	0.00354	0.00177	0.00442	0.00310	0.00354	0.00619
11	0.00832	0.00555	0.00624	0.00624	0.00624	0.00555	0.00347	0.00832	0.00832	0.01109	0.01802	0.03743	0.02080	0.79898	0.02911	0.00555	0.00555	0.00832	0.00347	0.00347
12	0.01350	0.01543	0.03375	0.02411	0.02989	0.01446	0.74253	0.01832	0.01350	0.01832	0.01157	0.01543	0.00868	0.00482	0.00675	0.00193	0.00964	0.00675	0.00289	0.00771
13	0.00963	0.00789	0.01069	0.02797	0.01108	0.02744	0.04812	0.01093	0.00947	0.01328	0.01556	0.05647	0.01618	0.33025	0.22018	0.00533	0.12252	0.00714	0.04503	0.00483
14	0.00687	0.00580	0.00594	0.00591	0.00779	0.00487	0.00443	0.00841	0.01329	0.01605	0.11371	0.05407	0.70484	0.01426	0.00676	0.00192	0.00288	0.01193	0.00539	0.00487
15	0.00697	0.00498	0.00664	0.00796	0.00830	0.00465	0.00531	0.00796	0.01095	0.01460	0.03153	0.79525	0.03783	0.01792	0.00730	0.00232	0.00332	0.01626	0.00531	0.00465
16	0.01075	0.00939	0.01565	0.06659	0.21798	0.00989	0.08692	0.01353	0.01131	0.01626	0.01594	0.04810	0.04501	0.02003	0.28719	0.00449	0.02737	0.00637	0.08068	0.00655
17	0.01469	0.01595	0.02710	0.02186	0.09205	0.09075	0.42709	0.06394	0.01373	0.01824	0.01064	0.01418	0.00844	0.00601	0.00857	0.00195	0.14833	0.00588	0.00300	0.00760
18	0.01350	0.01543	0.03375	0.02411	0.02989	0.01446	0.74253	0.01832	0.01350	0.01832	0.01157	0.01543	0.00868	0.00482	0.00675	0.00193	0.00964	0.00675	0.00289	0.00771
19	0.06446	0.00980	0.01304	0.01005	0.01443	0.00862	0.00830	0.02735	0.01605	0.73191	0.02187	0.01898	0.01378	0.00700	0.00565	0.00177	0.00485	0.00563	0.00691	0.00957
20	0.01243	0.15337	0.55694	0.01756	0.11428	0.01484	0.01885	0.01788	0.01212	0.01743	0.00995	0.01186	0.00749	0.00530	0.00518	0.00170	0.00787	0.00414	0.00247	0.00835
21	0.02541	0.01013	0.01352	0.01037	0.01480	0.00900	0.00856	0.07338	0.01704	0.72082	0.02200	0.01910	0.01388	0.00707	0.00575	0.00177	0.00496	0.00571	0.00699	0.00973
22	0.00697	0.00498	0.00664	0.00796	0.00830	0.00465	0.00531	0.00796	0.01095	0.01460	0.03153	0.79525	0.03783	0.01792	0.00730	0.00232	0.00332	0.01626	0.00531	0.00465
23	0.01105	0.01169	0.07420	0.02071	0.28978	0.01014	0.11922	0.01418	0.01301	0.01814	0.12417	0.19342	0.05701	0.00930	0.00637	0.00190	0.00580	0.00882	0.00397	0.00712
24	0.01878	0.01389	0.01461	0.10477	0.01842	0.11089	0.01020	0.20969	0.16783	0.19173	0.01822	0.05381	0.02629	0.00749	0.00577	0.00180	0.00609	0.00600	0.00528	0.00846
25	0.00697	0.00498	0.00664	0.00796	0.00830	0.00465	0.00531	0.00796	0.01095	0.01460	0.03153	0.79525	0.03783	0.01792	0.00730	0.00232	0.00332	0.01626	0.00531	0.00465
26	0.83938	0.01106	0.00841	0.00752	0.01106	0.01283	0.00619	0.01681	0.00973	0.02566	0.00796	0.00929	0.00619	0.00531	0.00354	0.00177	0.00442	0.00310	0.00354	0.00619
27	0.00806	0.00585	0.00760	0.00716	0.00852	0.00538	0.00537	0.01073	0.01611	0.02275	0.74287	0.04303	0.07149	0.01176	0.00675	0.00180	0.00270	0.01039	0.00627	0.00538
28	0.34942	0.01072	0.01030	0.00884	0.01189	0.01209	0.00716	0.15518	0.06908	0.05809	0.01338	0.01452	0.01015	0.00641	0.00505	0.00170	0.04127	0.00448	0.20324	0.00703
29	0.01322	0.01081	0.01249	0.00938	0.01408	0.00914	0.00762	0.12969	0.01434	0.02127	0.01231	0.01630	0.01059	0.00556	0.00476	0.00113	0.00464	0.06041	0.00391	0.63834
30	0.01235	0.02177	0.39481	0.06921	0.10163	0.01383	0.23117	0.01769	0.01239	0.01780	0.01056	0.01349	0.00789	0.00546	0.00650	0.00187	0.04577	0.00514	0.00261	0.00806
31	0.00741	0.00533	0.00649	0.00723	0.00775	0.00501	0.00478	0.00826	0.01060	0.01382	0.03167	0.43343	0.14452	0.24259	0.01353	0.00320	0.00397	0.04126	0.00478	0.00436
32	0.01395	0.01485	0.08190	0.03363	0.70521	0.01357	0.01784	0.01760	0.01295	0.01864	0.01072	0.01399	0.00892	0.00512	0.00564	0.00171	0.00693	0.00503	0.00280	0.00901
33	0.01868	0.42100	0.02366	0.01265	0.01667	0.31932	0.01067	0.02116	0.07246	0.01561	0.01070	0.01223	0.00926	0.00629	0.00495	0.00160	0.00802	0.00397	0.00332	0.00777
34	0.01397	0.25619	0.50860	0.01520	0.02241	0.03029	0.03493	0.01864	0.01276	0.01771	0.01074	0.01287	0.00842	0.00604	0.00543	0.00185	0.00816	0.00431	0.00285	0.00863
35	0.00917	0.00672	0.00831	0.00786	0.00937	0.00606	0.00581	0.01137	0.01649	0.02308	0.67257	0.04508	0.12982	0.01265	0.00721	0.00202	0.00315	0.01080	0.00653	0.00595
36	0.00819	0.00592	0.00746	0.00863	0.00917	0.00539	0.00578	0.00889	0.01181	0.01575	0.03397	0.73545	0.08432	0.01824	0.00772	0.00250	0.00371	0.01615	0.00566	0.00528
37	0.01242	0.00958	0.01237	0.01116	0.01183	0.01182	0.00883	0.01362	0.01062	0.01723	0.01353	0.01846	0.01193	0.01304	0.07760	0.06821	0.36816	0.00558	0.29791	0.00613
38	0.02006	0.02485	0.06632	0.01640	0.03256	0.54238	0.08785	0.03591	0.04824	0.01693	0.01120	0.01326	0.00917	0.00653	0.00584	0.00176	0.00978	0.00459	0.00350	0.04288
39	0.00931	0.00637	0.00737	0.00766	0.00792	0.00614	0.00472	0.00935	0.00990	0.01330	0.02244	0.19223	0.02577	0.58397	0.02359	0.00487	0.00546	0.05085	0.00433	0.00445
40	0.01112	0.00586	0.00831	0.00826	0.00838	0.00569	0.00550	0.00837	0.00825	0.01112	0.01109	0.01888	0.01100	0.02038	0.02253	0.81852	0.00536	0.00533	0.00289	0.00315
41	0.01378	0.01282	0.02112	0.36549	0.43181	0.01377	0.01712	0.01699	0.01302	0.01791	0.01164	0.01619	0.00951	0.00615	0.00617	0.00200	0.00752	0.00545	0.00310	0.00841
42	0.01226	0.01059	0.01624	0.60893	0.03374	0.01246	0.01430	0.06094	0.01311	0.01735	0.01412	0.09788	0.01230	0.00786	0.00629	0.00212	0.00722	0.00662	0.03870	0.00694
43	0.00939	0.00696	0.00983	0.00979	0.01084	0.00773	0.00741	0.01096	0.00990	0.01426	0.01655	0.02482	0.01570	0.09094	0.71525	0.00904	0.01490	0.00661	0.00349	0.00562
44	0.00820	0.00587	0.00751	0.00877	0.00921	0.00538	0.00584	0.00887	0.01168	0.01570	0.03229	0.78246	0.03838	0.01846	0.00776	0.00252	0.00374	0.01642	0.00566	0.00527
45	0.01462	0.01613	0.03413	0.02461	0.03041	0.01502	0.72952	0.01904	0.01418	0.01935	0.01270	0.01696	0.00977	0.00560	0.00722	0.00214	0.00995	0.00708	0.00329	0.00828
46	0.01583	0.01540	0.02324	0.03381	0.69171	0.07412	0.01735	0.01870	0.01397	0.01934	0.01175	0.01541	0.01001	0.00594	0.00611	0.00189	0.00743	0.00535	0.00324	0.00941
47	0.02179	0.01626	0.01733	0.01368	0.01813	0.01780	0.01108	0.64449	0.11595	0.03527	0.01599	0.01623	0.01174	0.00772	0.00622	0.00196	0.00644	0.00567	0.00608	0.01018
48	0.01478	0.01458	0.02245	0.25420	0.40675	0.07469	0.08654	0.01791	0.01355	0.01810	0.01165	0.01585	0.00955	0.00609	0.00623	0.00198	0.00795	0.00550	0.00316	0.00848
49	0.01462	0.01613	0.03413	0.02461	0.03041	0.01502	0.72952	0.01904	0.01418	0.01935	0.01270	0.01696	0.00977	0.00560	0.00722	0.00214	0.00995	0.00708	0.00329	0.00828
50	0.07270	0.01062	0.01375	0.01079	0.01520	0.00932	0.00875	0.02779	0.01663	0.71248	0.02266	0.02035	0.01470	0.00772	0.00611	0.00198	0.00523	0.00595	0.00720	0.01007
51	0.00940	0.00693	0.00965	0.00960	0.01059	0.00763	0.00718	0.01084	0.00985	0.01412	0.01672	0.02576	0.01611	0.13849	0.66826	0.00881	0.01429	0.00675	0.00351	0.00552
52	0.01370	0.00853	0.00903	0.00839	0.01056	0.00882	0.00635	0.01987	0.22694	0.07044	0.05343	0.02357	0.01812	0.00797	0.00527	0.00177	0.00378	0.00626	0.48990	0.00730
53	0.01662	0.01730	0.09836	0.04453	0.44182	0.08113	0.02802	0.11102	0.01551	0.03440	0.01213	0.01518	0.00988	0.00646	0.00667	0.00195	0.04088	0.00529	0.00362	0.00923
54	0.02002	0.08559	0.01901	0.08157	0.11987	0.53785	0.01265	0.02163	0.01566	0.01574	0.01032	0.01278	0.00873	0.00646	0.00565	0.00174	0.00958	0.00433	0.00326	0.00758
55	0.01347	0.01151	0.01422	0.01043	0.01556	0.00910	0.05416	0.04188	0.01322	0.02027	0.01154	0.01375	0.00962	0.00516	0.00496	0.00117	0.00506	0.00406	0.00383	0.73701
56	0.00987	0.00705	0.00887	0.00899	0.03687	0.00635	0.00630	0.01182	0.01561	0.05090	0.49319	0.12708	0.16768	0.01308	0.00720	0.00208	0.00347	0.01118	0.00626	0.00613

[dist]
# distance from previous block
# <min> <max>
0	65

[block]
# block no. 2 follows, 41 sequences, length 9
# corresponding to MSA columns:
# 277-285
name=unknown_C
#
# <colnr> <probs for GDERKNQSTAVLIFYWHMCP>
#	G	D	E	R	K	N	Q	S	T	A	V	L	I	F	Y	W	H	M	C	P
0	0.01954	0.01436	0.01577	0.01270	0.01670	0.01577	0.01058	0.61529	0.02448	0.03272	0.01665	0.02267	0.01381	0.00844	0.00611	0.00188	0.00611	0.13185	0.00564	0.00894
1	0.70841	0.01399	0.12879	0.00891	0.01323	0.01290	0.00856	0.01702	0.01010	0.02447	0.00833	0.00973	0.00636	0.00533	0.00384	0.00178	0.00506	0.00328	0.00336	0.00655
2	0.02174	0.01602	0.01717	0.01316	0.01774	0.01774	0.01087	0.74423	0.02689	0.03605	0.01373	0.01373	0.00973	0.00687	0.00572	0.00172	0.00629	0.00515	0.00572	0.00973
3	0.00984	0.14769	0.05436	0.00881	0.01097	0.00931	0.00730	0.05974	0.01320	0.01744	0.14524	0.38388	0.08496	0.01292	0.00632	0.00195	0.00417	0.01125	0.00483	0.00581
4	0.01406	0.53798	0.02575	0.14714	0.01909	0.02008	0.01129	0.01615	0.01114	0.01371	0.00827	0.01077	0.00742	0.00585	0.00642	0.00155	0.13016	0.00372	0.00247	0.00700
5	0.42929	0.01302	0.01234	0.01011	0.01408	0.01465	0.00831	0.30218	0.06631	0.06228	0.01188	0.01228	0.00868	0.00616	0.00464	0.00176	0.00518	0.00424	0.00470	0.00792
6	0.05750	0.00851	0.00978	0.04238	0.01194	0.00876	0.00694	0.15977	0.04203	0.02322	0.30816	0.11522	0.16125	0.01111	0.00634	0.00187	0.00390	0.00945	0.00557	0.00631
7	0.01491	0.01738	0.28269	0.01238	0.01786	0.01134	0.01276	0.08086	0.11558	0.15204	0.01592	0.06272	0.01232	0.00774	0.02629	0.00189	0.00631	0.00553	0.00433	0.13914
8	0.15572	0.00900	0.01363	0.01174	0.01388	0.01017	0.12376	0.01295	0.00993	0.01630	0.01278	0.01821	0.01142	0.02752	0.45543	0.00618	0.07689	0.00560	0.00307	0.00581

[dist]
# distance from previous block
# <min> <max>
0	1

[block]
# block no. 3 follows, 41 sequences, length 6
# corresponding to MSA columns:
# 287-292
name=unknown_D
#
# <colnr> <probs for GDERKNQSTAVLIFYWHMCP>
#	G	D	E	R	K	N	Q	S	T	A	V	L	I	F	Y	W	H	M	C	P
0	0.01473	0.01108	0.01338	0.01301	0.08497	0.01172	0.00936	0.34285	0.01941	0.02628	0.13993	0.17889	0.02455	0.01049	0.00639	0.00193	0.00507	0.07298	0.00542	0.00754
1	0.17064	0.01321	0.04679	0.10536	0.11845	0.01346	0.09532	0.21312	0.01591	0.05251	0.01357	0.09151	0.01149	0.00703	0.00557	0.00184	0.00628	0.00603	0.00411	0.00779
2	0.01362	0.01063	0.01626	0.32853	0.07200	0.01171	0.06127	0.12853	0.01464	0.08644	0.01650	0.11215	0.01479	0.00837	0.00619	0.00197	0.00651	0.07866	0.00408	0.00713
3	0.01347	0.01331	0.01693	0.26114	0.25207	0.14481	0.01367	0.01619	0.01270	0.01603	0.01239	0.01905	0.01086	0.00743	0.00676	0.05388	0.00721	0.07160	0.04368	0.00684
4	0.09049	0.01539	0.20343	0.22513	0.22576	0.01215	0.01547	0.01571	0.01181	0.01764	0.01266	0.10547	0.01134	0.00688	0.00561	0.00186	0.00679	0.00600	0.00301	0.00739
5	0.01528	0.01340	0.01865	0.24284	0.32365	0.08914	0.01456	0.01965	0.08191	0.10571	0.01295	0.01538	0.00986	0.00584	0.00565	0.00177	0.00695	0.00516	0.00354	0.00812

[dist]
# distance from previous block
# <min> <max>
1	5

[block]
# block no. 4 follows, 41 sequences, length 30
# corresponding to MSA columns:
# 299-328
name=unknown_E
#
# <colnr> <probs for GDERKNQSTAVLIFYWHMCP>
#	G	D	E	R	K	N	Q	S	T	A	V	L	I	F	Y	W	H	M	C	P
0	0.01029	0.03421	0.01461	0.04682	0.09004	0.00930	0.12731	0.05067	0.03613	0.01788	0.08271	0.10951	0.27360	0.01198	0.03677	0.00221	0.00550	0.02969	0.00447	0.00630
1	0.03621	0.00881	0.01006	0.05504	0.01251	0.04796	0.00743	0.11909	0.01631	0.02236	0.38463	0.14072	0.03693	0.01133	0.00652	0.00191	0.00426	0.06635	0.00551	0.00606
2	0.01176	0.01076	0.01780	0.09999	0.47162	0.01091	0.01381	0.01456	0.01245	0.01739	0.04238	0.21685	0.01792	0.00870	0.00613	0.00188	0.00583	0.00816	0.00356	0.00753
3	0.00899	0.00642	0.00895	0.01027	0.01148	0.00638	0.00881	0.01145	0.01294	0.01686	0.03041	0.13998	0.03343	0.01602	0.00784	0.00260	0.00507	0.65163	0.00527	0.00520
4	0.01682	0.01357	0.01439	0.01216	0.01586	0.01544	0.00968	0.27634	0.50280	0.02810	0.01999	0.01872	0.01480	0.00745	0.00579	0.00186	0.00514	0.00601	0.00579	0.00929
5	0.00868	0.00622	0.00849	0.00914	0.01041	0.00603	0.00757	0.01125	0.01420	0.01920	0.30749	0.09360	0.04116	0.01435	0.00743	0.00230	0.00419	0.41733	0.00566	0.00528
6	0.01276	0.01168	0.01378	0.01275	0.12376	0.05412	0.00861	0.01537	0.01229	0.01837	0.01017	0.01211	0.00849	0.00446	0.00450	0.00101	0.00497	0.00366	0.00328	0.66384
7	0.01192	0.01052	0.01769	0.35025	0.15183	0.01155	0.08624	0.01598	0.04473	0.04319	0.03663	0.02585	0.01486	0.00779	0.00627	0.00201	0.00686	0.14533	0.00356	0.00694
8	0.01423	0.01229	0.01293	0.01164	0.01487	0.01423	0.00905	0.03039	0.75297	0.02393	0.02328	0.02134	0.01746	0.00776	0.00582	0.00194	0.00453	0.00647	0.00582	0.00905
9	0.00697	0.00498	0.00664	0.00796	0.00830	0.00465	0.00531	0.00796	0.01095	0.01460	0.03153	0.79525	0.03783	0.01792	0.00730	0.00232	0.00332	0.01626	0.00531	0.00465
10	0.02541	0.01015	0.01353	0.01037	0.01481	0.00902	0.00857	0.07482	0.01706	0.71935	0.02199	0.01909	0.01387	0.00707	0.00575	0.00177	0.00496	0.00571	0.00699	0.00973
11	0.00792	0.00541	0.00652	0.00703	0.00720	0.00531	0.00437	0.00839	0.00943	0.01255	0.02307	0.28653	0.02699	0.50293	0.02088	0.00434	0.00480	0.04820	0.00416	0.00395
12	0.00979	0.00537	0.00550	0.00561	0.00695	0.00520	0.00416	0.01214	0.01206	0.01992	0.02546	0.08875	0.12599	0.00872	0.00467	0.00150	0.00275	0.00720	0.64304	0.00520
13	0.03900	0.00780	0.01063	0.01000	0.01131	0.00929	0.00792	0.07434	0.01076	0.01590	0.01419	0.02021	0.01293	0.03433	0.58867	0.00743	0.09334	0.00581	0.02047	0.00567
14	0.00738	0.00527	0.00709	0.00831	0.00885	0.00498	0.00591	0.00872	0.01160	0.01548	0.07459	0.63969	0.03804	0.01723	0.00736	0.00234	0.00358	0.12344	0.00536	0.00478
15	0.07182	0.01327	0.01512	0.01166	0.01611	0.01380	0.00963	0.42088	0.02176	0.32141	0.01684	0.01571	0.01125	0.00686	0.00560	0.00174	0.00563	0.00526	0.00612	0.00952
16	0.00697	0.00498	0.00664	0.00796	0.00830	0.00465	0.00531	0.00796	0.01095	0.01460	0.03153	0.79525	0.03783	0.01792	0.00730	0.00232	0.00332	0.01626	0.00531	0.00465
17	0.00713	0.00511	0.00678	0.00785	0.00833	0.00476	0.00532	0.00838	0.01172	0.01582	0.13841	0.68488	0.04020	0.01701	0.00722	0.00225	0.00323	0.01539	0.00545	0.00476
18	0.00994	0.00497	0.00745	0.00745	0.00745	0.00497	0.00497	0.00745	0.00745	0.00994	0.00994	0.01739	0.00994	0.01987	0.02235	0.83358	0.00497	0.00497	0.00248	0.00248
19	0.01308	0.01251	0.02326	0.03420	0.02212	0.01221	0.41080	0.12224	0.01503	0.02062	0.05467	0.15075	0.01652	0.00786	0.00651	0.00192	0.00725	0.00821	0.05305	0.00719
20	0.01102	0.01039	0.01755	0.73608	0.08683	0.01277	0.01599	0.01481	0.01154	0.01488	0.01021	0.01518	0.00772	0.00568	0.00571	0.00189	0.00757	0.00508	0.00256	0.00653
21	0.01203	0.02881	0.73961	0.01606	0.02436	0.01309	0.02063	0.01850	0.01225	0.04758	0.01075	0.01237	0.00752	0.00550	0.00545	0.00181	0.00831	0.00429	0.00260	0.00850
22	0.01879	0.01123	0.01319	0.01068	0.01476	0.01117	0.00857	0.07750	0.29872	0.31070	0.02023	0.01856	0.01420	0.00687	0.00553	0.00168	0.00474	0.00561	0.00591	0.14134
23	0.00711	0.00561	0.00644	0.00694	0.00829	0.00495	0.00511	0.00858	0.01258	0.01574	0.08607	0.28219	0.43888	0.01550	0.00702	0.00210	0.00322	0.07346	0.00536	0.00484
24	0.01498	0.01212	0.01296	0.01154	0.01486	0.01385	0.00901	0.03023	0.70469	0.07265	0.02323	0.02122	0.01724	0.00772	0.00582	0.00193	0.00455	0.00642	0.00590	0.00910
25	0.00701	0.00501	0.00667	0.00794	0.00830	0.00467	0.00531	0.00806	0.01113	0.01488	0.05574	0.77024	0.03837	0.01771	0.00728	0.00231	0.00330	0.01606	0.00534	0.00467
26	0.02185	0.01503	0.01645	0.01270	0.01719	0.01638	0.01047	0.61657	0.06335	0.12780	0.01535	0.01485	0.01069	0.00694	0.00573	0.00173	0.00602	0.00529	0.00590	0.00969
27	0.01529	0.80242	0.02997	0.00979	0.01468	0.02263	0.00979	0.01713	0.01162	0.01346	0.00795	0.00918	0.00734	0.00489	0.00367	0.00122	0.00612	0.00306	0.00245	0.00734
28	0.00697	0.00498	0.00664	0.00796	0.00830	0.00465	0.00531	0.00796	0.01095	0.01460	0.03153	0.79525	0.03783	0.01792	0.00730	0.00232	0.00332	0.01626	0.00531	0.00465
29	0.00697	0.00498	0.00664	0.00796	0.00830	0.00465	0.00531	0.00796	0.01095	0.01460	0.03153	0.79525	0.03783	0.01792	0.00730	0.00232	0.00332	0.01626	0.00531	0.00465

[dist]
# distance from previous block
# <min> <max>
3	7

[block]
# block no. 5 follows, 41 sequences, length 80
# corresponding to MSA columns:
# 339-418
name=unknown_F
#
# <colnr> <probs for GDERKNQSTAVLIFYWHMCP>
#	G	D	E	R	K	N	Q	S	T	A	V	L	I	F	Y	W	H	M	C	P
0	0.01411	0.02128	0.38525	0.07280	0.06941	0.09863	0.01581	0.01854	0.01310	0.11030	0.03721	0.01801	0.01172	0.04553	0.00681	0.00199	0.00756	0.04074	0.00341	0.00778
1	0.01207	0.15148	0.65273	0.01528	0.02317	0.01476	0.01934	0.01796	0.01200	0.01738	0.00990	0.01162	0.00726	0.00535	0.00516	0.00172	0.00808	0.00404	0.00242	0.00828
2	0.49917	0.24461	0.05756	0.01014	0.05006	0.02705	0.00870	0.01710	0.01068	0.02115	0.00824	0.00967	0.00675	0.00519	0.00381	0.00160	0.00535	0.00326	0.00311	0.00680
3	0.01226	0.01215	0.01710	0.03094	0.01529	0.01690	0.01232	0.01361	0.00884	0.01376	0.00795	0.01307	0.00785	0.01156	0.05621	0.00282	0.73358	0.00506	0.00253	0.00620
4	0.00694	0.00574	0.00608	0.00613	0.00787	0.00488	0.00455	0.00851	0.01327	0.01630	0.14159	0.10871	0.62090	0.01440	0.00680	0.00194	0.00290	0.01217	0.00543	0.00488
5	0.01186	0.01017	0.01186	0.00847	0.01356	0.00762	0.00678	0.01440	0.01186	0.01864	0.01017	0.01186	0.00847	0.00424	0.00424	0.00085	0.00424	0.00339	0.00339	0.83395
6	0.00818	0.00608	0.00897	0.00897	0.00992	0.00703	0.00688	0.01007	0.00913	0.01312	0.01552	0.02359	0.01478	0.09924	0.72063	0.00892	0.01459	0.00629	0.00309	0.00498
7	0.00714	0.00567	0.00637	0.00658	0.00804	0.00496	0.00481	0.00869	0.01301	0.01641	0.16398	0.19002	0.46739	0.04000	0.00761	0.00212	0.00310	0.03383	0.00541	0.00486
8	0.01968	0.02422	0.01630	0.01497	0.03194	0.61921	0.01123	0.02212	0.06283	0.01470	0.00965	0.01137	0.00807	0.00650	0.00687	0.00163	0.10478	0.00405	0.00308	0.00679
9	0.02293	0.00980	0.01283	0.01024	0.01422	0.00897	0.00830	0.04753	0.09004	0.61197	0.02309	0.08073	0.01623	0.00800	0.00588	0.00183	0.00475	0.00664	0.00677	0.00926
10	0.00906	0.00700	0.00913	0.00866	0.00894	0.00820	0.00614	0.00984	0.00864	0.01218	0.01534	0.02878	0.01658	0.44899	0.22840	0.00596	0.15346	0.00711	0.00318	0.00443
11	0.01273	0.01940	0.26285	0.02214	0.09184	0.01372	0.43057	0.01788	0.01294	0.01818	0.01169	0.03766	0.00914	0.00543	0.00626	0.00188	0.00883	0.00610	0.00281	0.00797
12	0.01252	0.05355	0.10802	0.05395	0.01698	0.06756	0.05303	0.01610	0.06943	0.01603	0.02752	0.02913	0.01127	0.04554	0.04931	0.00254	0.29071	0.00547	0.06472	0.00662
13	0.00791	0.00537	0.00636	0.00676	0.00686	0.00527	0.00402	0.00821	0.00911	0.01215	0.02211	0.26660	0.02595	0.56278	0.02252	0.00457	0.00487	0.01072	0.00402	0.00382
14	0.01186	0.01017	0.01186	0.00847	0.01356	0.00762	0.00678	0.01440	0.01186	0.01864	0.01017	0.01186	0.00847	0.00424	0.00424	0.00085	0.00424	0.00339	0.00339	0.83395
15	0.01281	0.07231	0.66729	0.01545	0.02338	0.01343	0.01948	0.01883	0.01239	0.07699	0.01110	0.01249	0.00780	0.00553	0.00536	0.00177	0.00804	0.00428	0.00279	0.00849
16	0.01177	0.02757	0.66750	0.01773	0.04911	0.01342	0.09731	0.01812	0.01226	0.01815	0.01042	0.01250	0.00746	0.00536	0.00558	0.00182	0.00853	0.00452	0.00248	0.00839
17	0.00905	0.00651	0.00898	0.01015	0.01150	0.00644	0.00880	0.01162	0.01330	0.01730	0.06476	0.06306	0.06977	0.01555	0.00779	0.00256	0.00503	0.65726	0.00532	0.00525
18	0.01389	0.01332	0.02274	0.09433	0.70615	0.01352	0.01742	0.01732	0.01290	0.01837	0.01071	0.01424	0.00895	0.00515	0.00567	0.00172	0.00686	0.00510	0.00281	0.00885
19	0.00739	0.00529	0.00706	0.00800	0.00863	0.00496	0.00564	0.00888	0.01225	0.01659	0.18749	0.57641	0.04090	0.01642	0.00723	0.00224	0.00334	0.07093	0.00552	0.00486
20	0.00886	0.00654	0.00902	0.05297	0.01113	0.00743	0.00682	0.01143	0.05149	0.01404	0.01623	0.02489	0.01541	0.18676	0.49003	0.00713	0.01151	0.00647	0.05674	0.00509
21	0.83938	0.01106	0.00841	0.00752	0.01106	0.01283	0.00619	0.01681	0.00973	0.02566	0.00796	0.00929	0.00619	0.00531	0.00354	0.00177	0.00442	0.00310	0.00354	0.00619
22	0.01209	0.01041	0.01668	0.43003	0.17157	0.01176	0.01391	0.01536	0.01210	0.05366	0.04574	0.04147	0.01156	0.00647	0.00630	0.00181	0.04509	0.00561	0.02798	0.06037
23	0.01529	0.80242	0.02997	0.00979	0.01468	0.02263	0.00979	0.01713	0.01162	0.01346	0.00795	0.00918	0.00734	0.00489	0.00367	0.00122	0.00612	0.00306	0.00245	0.00734
24	0.01310	0.00980	0.01477	0.09953	0.26563	0.00984	0.01109	0.05643	0.01391	0.10988	0.11433	0.14061	0.05836	0.04830	0.00729	0.00204	0.00531	0.00806	0.00446	0.00726
25	0.36386	0.01031	0.01295	0.13710	0.07684	0.01115	0.06668	0.01488	0.01095	0.02024	0.01320	0.15168	0.01267	0.00749	0.00504	0.00183	0.00533	0.00624	0.00358	0.06798
26	0.00695	0.00570	0.00613	0.00623	0.00790	0.00488	0.00459	0.00850	0.01318	0.01628	0.14203	0.14375	0.58494	0.01456	0.00682	0.00196	0.00292	0.01237	0.00543	0.00488
27	0.00832	0.00555	0.00624	0.00624	0.00624	0.00555	0.00347	0.00832	0.00832	0.01109	0.01802	0.03743	0.02080	0.79898	0.02911	0.00555	0.00555	0.00832	0.00347	0.00347
28	0.09393	0.01088	0.01393	0.21276	0.05410	0.04886	0.01055	0.03448	0.02404	0.26757	0.03963	0.01896	0.05422	0.00715	0.00637	0.00183	0.05630	0.00563	0.03126	0.00755
29	0.00792	0.00617	0.00725	0.00703	0.00869	0.00566	0.00535	0.01077	0.05013	0.01977	0.41423	0.04760	0.32775	0.01280	0.00676	0.00190	0.00299	0.04606	0.00584	0.00534
30	0.01154	0.02347	0.50509	0.05569	0.02535	0.01284	0.18301	0.01719	0.01228	0.01771	0.01223	0.07482	0.01000	0.00630	0.00589	0.00188	0.00828	0.00579	0.00276	0.00788
31	0.01974	0.01429	0.01587	0.06225	0.01791	0.01579	0.01039	0.56322	0.06507	0.06805	0.01482	0.01642	0.01112	0.06939	0.00758	0.00205	0.00615	0.00550	0.00541	0.00898
32	0.00885	0.00527	0.00701	0.00703	0.00756	0.00501	0.00479	0.00804	0.00968	0.01267	0.09764	0.06730	0.16418	0.07939	0.01749	0.47900	0.00429	0.00773	0.00365	0.00343
33	0.01186	0.01017	0.01186	0.00847	0.01356	0.00762	0.00678	0.01440	0.01186	0.01864	0.01017	0.01186	0.00847	0.00424	0.00424	0.00085	0.00424	0.00339	0.00339	0.83395
34	0.01855	0.20202	0.01856	0.01157	0.01563	0.08952	0.00976	0.32407	0.07077	0.08128	0.08949	0.01624	0.01432	0.00688	0.00529	0.00160	0.00604	0.00518	0.00485	0.00837
35	0.00895	0.00727	0.01068	0.01023	0.01107	0.00900	0.00811	0.01085	0.00912	0.01337	0.01393	0.02069	0.01309	0.03703	0.64103	0.00800	0.15340	0.00593	0.00296	0.00531
36	0.01330	0.08308	0.42481	0.16620	0.02515	0.05135	0.01723	0.01811	0.01227	0.07576	0.01081	0.01300	0.00789	0.00586	0.00612	0.00180	0.05214	0.00444	0.00284	0.00784
37	0.01494	0.40633	0.07030	0.01133	0.04839	0.01688	0.00996	0.08635	0.06881	0.06028	0.07685	0.01665	0.01389	0.06874	0.00662	0.00181	0.00578	0.00488	0.00370	0.00751
38	0.00724	0.00581	0.00646	0.00630	0.00802	0.00503	0.00472	0.00913	0.01416	0.01813	0.30901	0.05064	0.50824	0.01349	0.00676	0.00188	0.00283	0.01145	0.00566	0.00503
39	0.01021	0.00909	0.01384	0.01362	0.07187	0.01111	0.04283	0.01212	0.00961	0.01409	0.01319	0.05687	0.01283	0.04883	0.38026	0.00570	0.25883	0.00628	0.00298	0.00583
40	0.01446	0.02682	0.08717	0.08966	0.49344	0.03860	0.07090	0.07522	0.01403	0.01944	0.01086	0.01393	0.00873	0.00532	0.00569	0.00173	0.00728	0.00507	0.00300	0.00864
41	0.01372	0.06378	0.22770	0.04820	0.39092	0.05471	0.03341	0.01840	0.04629	0.01799	0.01086	0.01345	0.00867	0.00545	0.00575	0.00173	0.02286	0.00476	0.00282	0.00850
42	0.01603	0.00863	0.01097	0.00997	0.01285	0.00833	0.00823	0.02064	0.13767	0.30439	0.05899	0.03830	0.09728	0.01084	0.00657	0.00208	0.00465	0.22993	0.00610	0.00756
43	0.00878	0.00877	0.05390	0.04483	0.01333	0.00765	0.09647	0.01120	0.01253	0.01658	0.08336	0.09737	0.35949	0.01308	0.04501	0.00229	0.04397	0.00973	0.06605	0.00560
44	0.07450	0.03760	0.40643	0.04872	0.04236	0.01184	0.01511	0.01851	0.05494	0.09968	0.11976	0.01773	0.01527	0.00662	0.00552	0.00180	0.00658	0.00535	0.00377	0.00792
45	0.00726	0.00539	0.00678	0.00734	0.00826	0.00490	0.00516	0.00885	0.01288	0.01722	0.25159	0.43585	0.17665	0.01545	0.00704	0.00210	0.00306	0.01374	0.00560	0.00490
46	0.15371	0.00925	0.01127	0.00906	0.01286	0.00852	0.00739	0.02274	0.01491	0.51379	0.07190	0.02338	0.10058	0.00794	0.00557	0.00179	0.00443	0.00634	0.00626	0.00832
47	0.01337	0.01108	0.01634	0.01731	0.18604	0.01136	0.09894	0.02056	0.25246	0.08120	0.09187	0.10193	0.05508	0.00848	0.00618	0.00190	0.00532	0.00777	0.00485	0.00795
48	0.00809	0.00564	0.00678	0.00686	0.00722	0.00574	0.00434	0.00865	0.00901	0.01205	0.02144	0.07942	0.07898	0.54947	0.16724	0.00576	0.00706	0.00866	0.00364	0.00395
49	0.00730	0.00526	0.00699	0.00825	0.00881	0.00495	0.00586	0.00857	0.01140	0.01503	0.03265	0.64626	0.07308	0.01742	0.00737	0.00235	0.00360	0.12479	0.00530	0.00475
50	0.01461	0.50235	0.06642	0.01655	0.13278	0.01932	0.14240	0.01746	0.01220	0.01536	0.00914	0.01120	0.00784	0.00494	0.00461	0.00145	0.00697	0.00409	0.00258	0.00773
51	0.00697	0.00498	0.00664	0.00796	0.00830	0.00465	0.00531	0.00796	0.01095	0.01460	0.03153	0.79525	0.03783	0.01792	0.00730	0.00232	0.00332	0.01626	0.00531	0.00465
52	0.01186	0.01017	0.01186	0.00847	0.01356	0.00762	0.00678	0.01440	0.01186	0.01864	0.01017	0.01186	0.00847	0.00424	0.00424	0.00085	0.00424	0.00339	0.00339	0.83395
53	0.01438	0.01102	0.01712	0.41729	0.02877	0.01234	0.08180	0.12826	0.01490	0.11035	0.05576	0.01742	0.01185	0.00636	0.00579	0.00183	0.00675	0.00565	0.04506	0.00730
54	0.00832	0.00555	0.00624	0.00624	0.00624	0.00555	0.00347	0.00832	0.00832	0.01109	0.01802	0.03743	0.02080	0.79898	0.02911	0.00555	0.00555	0.00832	0.00347	0.00347
55	0.01186	0.01017	0.01186	0.00847	0.01356	0.00762	0.00678	0.01440	0.01186	0.01864	0.01017	0.01186	0.00847	0.00424	0.00424	0.00085	0.00424	0.00339	0.00339	0.83395
56	0.01432	0.44705	0.02295	0.01019	0.01504	0.01674	0.04202	0.01765	0.07041	0.03292	0.01032	0.01146	0.00869	0.00497	0.00420	0.00121	0.00555	0.00366	0.00312	0.25752
57	0.00700	0.00580	0.00612	0.00604	0.00787	0.00493	0.00453	0.00867	0.01359	0.01677	0.18195	0.05287	0.63615	0.01399	0.00676	0.00191	0.00286	0.01177	0.00549	0.00493
58	0.01573	0.07166	0.01489	0.01158	0.01515	0.01514	0.00931	0.20140	0.47390	0.02603	0.06743	0.01997	0.01719	0.00758	0.00570	0.00182	0.00496	0.00614	0.00558	0.00885
59	0.01162	0.04657	0.42526	0.10501	0.09451	0.01263	0.07467	0.01665	0.01209	0.01741	0.01191	0.07115	0.00994	0.00622	0.00560	0.00178	0.00757	0.00541	0.00279	0.06122
60	0.01617	0.39143	0.07377	0.01479	0.07350	0.14138	0.09483	0.05525	0.04717	0.02805	0.01008	0.01157	0.00830	0.00536	0.00476	0.00148	0.00732	0.00411	0.00299	0.00770
61	0.01295	0.00708	0.00746	0.00679	0.00876	0.00728	0.00526	0.08870	0.05578	0.07114	0.01868	0.02044	0.01429	0.00677	0.00439	0.00143	0.00328	0.00540	0.64785	0.00627
62	0.00784	0.00562	0.00770	0.00814	0.00873	0.00597	0.00576	0.00914	0.00965	0.01342	0.02129	0.28201	0.02340	0.18358	0.36061	0.00606	0.00920	0.00991	0.01734	0.00463
63	0.00756	0.00580	0.00863	0.00903	0.00974	0.00545	0.06010	0.00876	0.01093	0.01460	0.02897	0.67731	0.03431	0.07860	0.00898	0.00255	0.00397	0.01492	0.00498	0.00478
64	0.01251	0.01251	0.01752	0.01502	0.01502	0.01752	0.01251	0.01377	0.00876	0.01377	0.00751	0.01251	0.00751	0.01001	0.01877	0.00250	0.78851	0.00501	0.00250	0.00626
65	0.01186	0.01017	0.01186	0.00847	0.01356	0.00762	0.00678	0.01440	0.01186	0.01864	0.01017	0.01186	0.00847	0.00424	0.00424	0.00085	0.00424	0.00339	0.00339	0.83395
66	0.01973	0.10054	0.01645	0.01268	0.01608	0.40730	0.00999	0.09938	0.07180	0.10910	0.07133	0.01505	0.01287	0.00664	0.00531	0.00157	0.00776	0.00476	0.00417	0.00749
67	0.00814	0.00658	0.00754	0.00732	0.00935	0.00574	0.00554	0.01043	0.04073	0.01693	0.11074	0.18667	0.36243	0.01324	0.00655	0.00189	0.00340	0.06758	0.00515	0.12405
68	0.00697	0.00498	0.00664	0.00796	0.00830	0.00465	0.00531	0.00796	0.01095	0.01460	0.03153	0.79525	0.03783	0.01792	0.00730	0.00232	0.00332	0.01626	0.00531	0.00465
69	0.01332	0.00848	0.00883	0.00785	0.01010	0.00911	0.00613	0.15774	0.12867	0.02461	0.03081	0.02021	0.01479	0.00696	0.00466	0.00151	0.00366	0.00555	0.53026	0.00676
70	0.00860	0.00625	0.00859	0.02681	0.01127	0.00615	0.00802	0.01090	0.01300	0.01708	0.10341	0.20089	0.06840	0.01552	0.00757	0.00244	0.00459	0.47004	0.00532	0.00517
71	0.01304	0.01245	0.02120	0.28419	0.52293	0.01330	0.01700	0.01658	0.01250	0.01733	0.01056	0.01452	0.00858	0.00530	0.00568	0.00177	0.00707	0.00509	0.00274	0.00816
72	0.00817	0.00613	0.00919	0.00919	0.01021	0.00715	0.00715	0.01021	0.00919	0.01328	0.01532	0.02247	0.01430	0.04290	0.77631	0.00919	0.01532	0.00613	0.00306	0.00511
73	0.00696	0.00499	0.00662	0.00792	0.00828	0.00465	0.00529	0.00797	0.01099	0.01462	0.03206	0.78034	0.05240	0.01785	0.00729	0.00232	0.00331	0.01618	0.00531	0.00465
74	0.00970	0.00714	0.00925	0.01003	0.01150	0.00725	0.00831	0.05364	0.06130	0.01807	0.03050	0.19812	0.06744	0.01512	0.00747	0.00244	0.00479	0.46698	0.00534	0.00562
75	0.01182	0.16577	0.58046	0.01452	0.02173	0.01431	0.01793	0.01718	0.01191	0.01702	0.01144	0.06992	0.00954	0.00627	0.00526	0.00174	0.00765	0.00491	0.00264	0.00797
76	0.01501	0.00733	0.00981	0.00844	0.01094	0.00654	0.00659	0.01738	0.01587	0.31869	0.41224	0.08954	0.03692	0.01032	0.00639	0.00183	0.00361	0.00896	0.00653	0.00707
77	0.02137	0.02726	0.01621	0.01474	0.01768	0.77602	0.01105	0.02284	0.01621	0.01400	0.00884	0.01031	0.00737	0.00589	0.00516	0.00147	0.01031	0.00368	0.00295	0.00663
78	0.00697	0.00498	0.00664	0.00796	0.00830	0.00465	0.00531	0.00796	0.01095	0.01460	0.03153	0.79525	0.03783	0.01792	0.00730	0.00232	0.00332	0.01626	0.00531	0.00465
79	0.01186	0.01017	0.01186	0.00847	0.01356	0.00762	0.00678	0.01440	0.01186	0.01864	0.01017	0.01186	0.00847	0.00424	0.00424	0.00085	0.00424	0.00339	0.00339	0.83395

[dist]
# distance from previous block
# <min> <max>
0	1

[block]
# block no. 6 follows, 41 sequences, length 10
# corresponding to MSA columns:
# 420-429
name=unknown_G
#
# <colnr> <probs for GDERKNQSTAVLIFYWHMCP>
#	G	D	E	R	K	N	Q	S	T	A	V	L	I	F	Y	W	H	M	C	P
0	0.01499	0.74118	0.08856	0.01030	0.01548	0.02189	0.01069	0.01721	0.01166	0.01383	0.00814	0.00941	0.00733	0.00494	0.00381	0.00127	0.00630	0.00315	0.00244	0.00743
1	0.01291	0.06444	0.63784	0.01585	0.02368	0.01339	0.05306	0.01887	0.01247	0.07915	0.01122	0.01270	0.00788	0.00551	0.00544	0.00179	0.00810	0.00441	0.00282	0.00847
2	0.00833	0.00599	0.00817	0.00937	0.01038	0.00583	0.00758	0.01038	0.01255	0.01645	0.06142	0.30757	0.06114	0.01630	0.00761	0.00247	0.00443	0.43365	0.00532	0.00505
3	0.01334	0.01355	0.01758	0.01493	0.01575	0.08070	0.05009	0.04343	0.01039	0.01487	0.00870	0.01332	0.00818	0.01187	0.07650	0.00288	0.58968	0.00508	0.00273	0.00641
4	0.09131	0.16352	0.01723	0.04829	0.01641	0.17392	0.03267	0.10566	0.10789	0.02022	0.07272	0.01501	0.01279	0.00626	0.00499	0.00154	0.00637	0.00471	0.00390	0.09458
5	0.00835	0.00504	0.00700	0.00761	0.00783	0.00487	0.00506	0.00788	0.00952	0.01274	0.05006	0.39136	0.02564	0.06528	0.01495	0.35418	0.00413	0.01078	0.00404	0.00369
6	0.01272	0.01030	0.01128	0.01020	0.01295	0.01140	0.00789	0.02438	0.51146	0.04767	0.19843	0.02832	0.07034	0.00906	0.00609	0.00190	0.00401	0.00769	0.00594	0.00796
7	0.01081	0.00647	0.00850	0.05359	0.01065	0.00658	0.06520	0.01370	0.01198	0.02039	0.01745	0.02052	0.01374	0.00777	0.03242	0.00170	0.00399	0.00546	0.68347	0.00558
8	0.01257	0.01308	0.02510	0.11987	0.11665	0.01345	0.38176	0.01699	0.04825	0.01775	0.04822	0.05873	0.01264	0.00663	0.00760	0.00197	0.08132	0.00684	0.00324	0.00736
9	0.00789	0.00573	0.00743	0.00723	0.00848	0.00527	0.00534	0.01031	0.01537	0.02152	0.63446	0.14061	0.08366	0.01262	0.00682	0.00187	0.00279	0.01119	0.00612	0.00527

[dist]
# distance from previous block
# <min> <max>
0	2

[block]
# block no. 7 follows, 41 sequences, length 14
# corresponding to MSA columns:
# 432-445
name=unknown_H
#
# <colnr> <probs for GDERKNQSTAVLIFYWHMCP>
#	G	D	E	R	K	N	Q	S	T	A	V	L	I	F	Y	W	H	M	C	P
0	0.06025	0.00982	0.01474	0.25481	0.16648	0.01090	0.01236	0.03292	0.01256	0.03654	0.03495	0.06127	0.06388	0.00913	0.00688	0.00205	0.04760	0.15247	0.00379	0.00663
1	0.01698	0.01134	0.01289	0.01085	0.01464	0.01185	0.00860	0.02772	0.46386	0.22157	0.02145	0.01966	0.01546	0.00714	0.00560	0.00176	0.00458	0.00589	0.00585	0.11230
2	0.74779	0.01213	0.00934	0.00823	0.01181	0.04795	0.00673	0.06540	0.01117	0.02582	0.00839	0.00963	0.00648	0.00544	0.00376	0.00175	0.00482	0.00326	0.00366	0.00645
3	0.11197	0.00675	0.00767	0.00807	0.00985	0.00658	0.00664	0.01088	0.01265	0.01761	0.07559	0.05122	0.30702	0.01392	0.00737	0.03126	0.00411	0.30070	0.00502	0.00513
4	0.45985	0.09088	0.01261	0.00910	0.01296	0.01328	0.00771	0.10951	0.01348	0.16223	0.01257	0.01465	0.00964	0.00635	0.00447	0.00175	0.00496	0.04220	0.00445	0.00736
5	0.11676	0.27776	0.38952	0.01290	0.01936	0.01653	0.01497	0.06044	0.01251	0.01860	0.00943	0.01088	0.00729	0.00533	0.00464	0.00161	0.00706	0.00376	0.00276	0.00788
6	0.01093	0.05605	0.01608	0.02613	0.01540	0.00937	0.18140	0.03499	0.01446	0.03153	0.32578	0.02916	0.07101	0.04142	0.00712	0.00184	0.00510	0.00788	0.00465	0.10969
7	0.11860	0.37928	0.08882	0.01102	0.01549	0.05275	0.01044	0.06244	0.12224	0.04041	0.01122	0.01201	0.00903	0.00586	0.00501	0.00156	0.03870	0.00398	0.00343	0.00768
8	0.00889	0.00647	0.00829	0.10938	0.01160	0.00676	0.00587	0.03512	0.01075	0.01443	0.11158	0.14646	0.02534	0.45297	0.01919	0.00399	0.00516	0.00921	0.00405	0.00448
