[name]
unknown

[dist]
# distance from previous block
# <min> <max>
2	234

[block]
# block no. 0 follows, 41 sequences, length 8
# corresponding to MSA columns:
# 299-306
name=unknown_A
#
# <colnr> <probs for GDERKNQSTAVLIFYWHMCP>
#	G	D	E	R	K	N	Q	S	T	A	V	L	I	F	Y	W	H	M	C	P
0	0.09313	0.66886	0.02698	0.00983	0.01457	0.02134	0.00953	0.07191	0.01260	0.01631	0.00839	0.00953	0.00741	0.00508	0.00381	0.00131	0.00597	0.00322	0.00280	0.00741
1	0.00949	0.00909	0.08055	0.00948	0.01142	0.02166	0.03080	0.02509	0.01136	0.01652	0.07507	0.10620	0.05755	0.05756	0.28824	0.00467	0.03466	0.00754	0.13747	0.00557
2	0.01485	0.07531	0.02146	0.07488	0.41666	0.06451	0.06179	0.05099	0.01351	0.05676	0.01160	0.01470	0.00948	0.00889	0.07789	0.00238	0.00789	0.00508	0.00317	0.00820
3	0.01134	0.00981	0.01365	0.27268	0.02206	0.00982	0.03372	0.01567	0.08050	0.01833	0.08238	0.01752	0.01369	0.00594	0.00519	0.00146	0.00534	0.00514	0.05769	0.31806
4	0.01338	0.04056	0.13182	0.05284	0.01941	0.01072	0.13185	0.04370	0.01301	0.07507	0.01212	0.03933	0.00969	0.00538	0.00517	0.00139	0.00611	0.00482	0.00351	0.38010
5	0.00787	0.00584	0.00733	0.00696	0.00841	0.00530	0.00522	0.01035	0.01565	0.02166	0.64061	0.04483	0.17444	0.01217	0.00675	0.00182	0.00273	0.01064	0.00613	0.00530
6	0.01512	0.06368	0.01707	0.01408	0.01541	0.26002	0.01139	0.01655	0.01136	0.01378	0.00868	0.01253	0.00808	0.01142	0.08334	0.00271	0.42119	0.00457	0.00269	0.00634
7	0.00824	0.00559	0.00661	0.00668	0.00682	0.00570	0.00400	0.00853	0.00855	0.01152	0.01835	0.07227	0.02084	0.67017	0.11803	0.00583	0.00661	0.00844	0.00351	0.00372

[dist]
# distance from previous block
# <min> <max>
0	1

[block]
# block no. 1 follows, 41 sequences, length 16
# corresponding to MSA columns:
# 308-323
name=unknown_B
#
# <colnr> <probs for GDERKNQSTAVLIFYWHMCP>
#	G	D	E	R	K	N	Q	S	T	A	V	L	I	F	Y	W	H	M	C	P
0	0.00818	0.00610	0.00907	0.00907	0.01005	0.00708	0.00700	0.01014	0.00916	0.01319	0.01543	0.02309	0.01457	0.07409	0.74549	0.00904	0.01492	0.00622	0.00308	0.00504
1	0.01011	0.00505	0.00694	0.00694	0.00726	0.00505	0.00474	0.00886	0.00854	0.01266	0.01202	0.01833	0.01107	0.01671	0.01796	0.63426	0.00442	0.00505	0.20085	0.00317
2	0.00838	0.00646	0.00838	0.08155	0.01186	0.00660	0.00685	0.01052	0.02977	0.01641	0.09637	0.27051	0.20497	0.01377	0.00755	0.01685	0.03901	0.09393	0.06507	0.00518
3	0.01037	0.00951	0.01576	0.52448	0.03042	0.01126	0.05130	0.01386	0.01256	0.01676	0.18977	0.02172	0.01877	0.00730	0.00660	0.00191	0.04156	0.00643	0.00346	0.00619
4	0.61411	0.03449	0.00866	0.00770	0.01051	0.01118	0.00610	0.01470	0.01009	0.02263	0.01361	0.19752	0.01381	0.00832	0.00444	0.00189	0.00421	0.00625	0.00393	0.00586
5	0.01222	0.02445	0.50559	0.01948	0.05210	0.01368	0.25422	0.01816	0.01257	0.01820	0.01070	0.01323	0.00777	0.00522	0.00587	0.00185	0.00878	0.00507	0.00258	0.00824
6	0.01056	0.01890	0.39327	0.14500	0.02231	0.01109	0.01529	0.01614	0.05380	0.01891	0.19205	0.02179	0.04215	0.00739	0.00586	0.00184	0.00655	0.00620	0.00364	0.00728
7	0.00793	0.00651	0.00747	0.04335	0.01018	0.00622	0.00572	0.01108	0.09230	0.01683	0.11192	0.22568	0.40611	0.01391	0.00674	0.00201	0.00337	0.01198	0.00533	0.00536
8	0.00818	0.00685	0.00752	0.00665	0.00924	0.00558	0.00509	0.01008	0.01323	0.01733	0.15144	0.04286	0.47512	0.01161	0.00615	0.00165	0.00319	0.00973	0.00500	0.20348
9	0.01263	0.01026	0.01205	0.02423	0.01400	0.00841	0.00723	0.07867	0.01352	0.03586	0.05828	0.03636	0.01236	0.00541	0.00467	0.00107	0.00438	0.00443	0.00389	0.65231
10	0.04094	0.01595	0.19716	0.23651	0.12247	0.01353	0.01526	0.09269	0.01330	0.05382	0.01120	0.01413	0.00849	0.00628	0.00702	0.00187	0.09799	0.00485	0.03887	0.00766
11	0.63997	0.00980	0.00778	0.00711	0.01026	0.01091	0.00575	0.01475	0.01053	0.02322	0.01993	0.02025	0.18696	0.00751	0.00431	0.00181	0.00406	0.00525	0.00396	0.00587
12	0.01284	0.01327	0.02172	0.01830	0.05980	0.01657	0.18763	0.01507	0.01013	0.01513	0.00866	0.01330	0.00787	0.00850	0.01517	0.00232	0.55891	0.00543	0.00261	0.00676
13	0.01017	0.00920	0.01525	0.59937	0.03241	0.01138	0.01379	0.01356	0.01090	0.01429	0.01140	0.01698	0.00922	0.01462	0.19027	0.00365	0.00947	0.00533	0.00267	0.00606
14	0.01388	0.01303	0.02169	0.18374	0.57968	0.01363	0.01687	0.05505	0.01343	0.01878	0.01080	0.01435	0.00881	0.00531	0.00568	0.00174	0.00693	0.00510	0.00292	0.00855
15	0.60783	0.01546	0.19100	0.04085	0.01548	0.01293	0.01016	0.01704	0.01036	0.02341	0.00860	0.01020	0.00650	0.00536	0.00408	0.00179	0.00552	0.00345	0.00323	0.00674

[dist]
# distance from previous block
# <min> <max>
0	1

[block]
# block no. 2 follows, 41 sequences, length 25
# corresponding to MSA columns:
# 325-349
name=unknown_C
#
# <colnr> <probs for GDERKNQSTAVLIFYWHMCP>
#	G	D	E	R	K	N	Q	S	T	A	V	L	I	F	Y	W	H	M	C	P
0	0.00788	0.00614	0.00814	0.00760	0.00917	0.00555	0.03459	0.01020	0.01482	0.02014	0.48981	0.11388	0.22536	0.01268	0.00680	0.00189	0.00308	0.01117	0.00583	0.00528
1	0.01270	0.48162	0.15575	0.01052	0.01500	0.01683	0.01077	0.01519	0.01155	0.01455	0.01379	0.19079	0.01435	0.00799	0.00482	0.00158	0.00589	0.00631	0.00310	0.00692
2	0.01827	0.06528	0.01679	0.01598	0.18708	0.03867	0.01059	0.04159	0.01419	0.28920	0.01457	0.01499	0.01054	0.00591	0.00583	0.00153	0.04221	0.00475	0.00454	0.19747
3	0.01228	0.00711	0.00919	0.02630	0.01122	0.00678	0.00674	0.01535	0.08140	0.19018	0.13021	0.34451	0.07680	0.01304	0.00669	0.00207	0.00386	0.04404	0.00584	0.00641
4	0.00992	0.00897	0.01473	0.60616	0.03223	0.01085	0.01345	0.01308	0.01133	0.01461	0.01509	0.19495	0.01458	0.00853	0.00608	0.00200	0.00663	0.00766	0.00318	0.00596
5	0.00961	0.00737	0.00917	0.00888	0.01010	0.00830	0.00649	0.01430	0.18029	0.01508	0.01796	0.02667	0.01696	0.26013	0.37613	0.00643	0.00992	0.00686	0.00382	0.00553
6	0.01219	0.01303	0.02670	0.01963	0.02402	0.01257	0.52594	0.01630	0.01382	0.01909	0.18380	0.02153	0.01904	0.00674	0.00752	0.00194	0.05794	0.00747	0.00365	0.00709
7	0.00857	0.00729	0.00756	0.00723	0.00943	0.00703	0.00550	0.01349	0.18371	0.01788	0.09495	0.04649	0.54439	0.01276	0.00654	0.00192	0.00326	0.01067	0.00549	0.00584
8	0.01564	0.41385	0.02664	0.01392	0.01840	0.17149	0.17857	0.01815	0.01327	0.01529	0.05716	0.01300	0.01064	0.00551	0.00488	0.00147	0.00756	0.00450	0.00290	0.00716
9	0.01669	0.62384	0.02680	0.01093	0.01537	0.19620	0.01008	0.01844	0.01268	0.01358	0.00816	0.00944	0.00735	0.00512	0.00401	0.00128	0.00708	0.00320	0.00256	0.00718
10	0.01415	0.01429	0.06349	0.09296	0.56994	0.01394	0.01682	0.06400	0.02848	0.01934	0.01100	0.01418	0.00899	0.00553	0.00619	0.00176	0.03812	0.00507	0.00302	0.00873
11	0.01186	0.01017	0.01186	0.00847	0.01356	0.00762	0.00678	0.01440	0.01186	0.01864	0.01017	0.01186	0.00847	0.00424	0.00424	0.00085	0.00424	0.00339	0.00339	0.83395
12	0.01411	0.01462	0.01665	0.01437	0.01592	0.13669	0.05184	0.01902	0.18177	0.01644	0.01271	0.05104	0.01127	0.00892	0.01241	0.00217	0.40384	0.00576	0.00349	0.00697
13	0.01956	0.02211	0.01484	0.01320	0.01613	0.53673	0.01004	0.13603	0.01743	0.01852	0.04625	0.03566	0.01137	0.00672	0.00529	0.00154	0.00852	0.00472	0.06843	0.00691
14	0.01350	0.01543	0.03375	0.02411	0.02989	0.01446	0.74253	0.01832	0.01350	0.01832	0.01157	0.01543	0.00868	0.00482	0.00675	0.00193	0.00964	0.00675	0.00289	0.00771
15	0.00853	0.00759	0.00990	0.01262	0.18184	0.00687	0.00744	0.01049	0.01319	0.01656	0.08121	0.04503	0.55338	0.01219	0.00651	0.00187	0.00379	0.01038	0.00479	0.00583
16	0.01157	0.01096	0.01855	0.61241	0.20617	0.01291	0.01627	0.01529	0.01180	0.01555	0.01030	0.01500	0.00796	0.00558	0.00571	0.00186	0.00743	0.00509	0.00261	0.00698
17	0.00879	0.00765	0.01027	0.01305	0.18219	0.00704	0.00786	0.01092	0.01340	0.01715	0.12346	0.04494	0.45564	0.01211	0.00659	0.00191	0.00395	0.06233	0.00485	0.00590
18	0.01480	0.01149	0.01255	0.01028	0.01393	0.01172	0.00835	0.31861	0.08667	0.02552	0.02561	0.02802	0.18531	0.00902	0.00590	0.00171	0.00490	0.06889	0.00519	0.15154
19	0.01335	0.01303	0.02247	0.05888	0.41141	0.01235	0.16145	0.01686	0.01278	0.01843	0.01076	0.01393	0.00879	0.00487	0.00556	0.00156	0.00682	0.00504	0.00296	0.19872
20	0.01200	0.01302	0.02750	0.02039	0.02492	0.01220	0.57268	0.01594	0.01291	0.01746	0.01617	0.19509	0.01540	0.00784	0.00688	0.00202	0.00819	0.00894	0.00345	0.00701
21	0.00697	0.00498	0.00664	0.00796	0.00830	0.00465	0.00531	0.00796	0.01095	0.01460	0.03153	0.79525	0.03783	0.01792	0.00730	0.00232	0.00332	0.01626	0.00531	0.00465
22	0.01726	0.01075	0.01392	0.01030	0.01512	0.00910	0.04866	0.06633	0.03563	0.26990	0.01499	0.01499	0.01072	0.00549	0.00502	0.00130	0.00489	0.00457	0.00481	0.43623
23	0.01415	0.02428	0.48265	0.01678	0.02393	0.01449	0.12998	0.18543	0.01571	0.02228	0.01127	0.01297	0.00804	0.00567	0.00570	0.00181	0.00814	0.00483	0.00325	0.00863
24	0.00889	0.00581	0.00733	0.00788	0.04212	0.00575	0.00456	0.00861	0.00877	0.01170	0.03802	0.03267	0.05218	0.52511	0.02483	0.19587	0.00527	0.00762	0.00337	0.00362

[dist]
# distance from previous block
# <min> <max>
0	2

[block]
# block no. 3 follows, 41 sequences, length 6
# corresponding to MSA columns:
# 352-357
name=unknown_D
#
# <colnr> <probs for GDERKNQSTAVLIFYWHMCP>
#	G	D	E	R	K	N	Q	S	T	A	V	L	I	F	Y	W	H	M	C	P
0	0.00785	0.00741	0.06319	0.00862	0.01017	0.00570	0.00683	0.00957	0.01151	0.01548	0.03091	0.53691	0.10701	0.01541	0.00692	0.00216	0.00390	0.07650	0.00495	0.06900
1	0.01269	0.20116	0.29841	0.01204	0.01721	0.01416	0.01292	0.09102	0.06719	0.01838	0.01683	0.08463	0.06706	0.05415	0.00674	0.00195	0.00638	0.00607	0.00353	0.00748
2	0.01491	0.01127	0.10666	0.01097	0.01417	0.00969	0.00982	0.08700	0.01323	0.22506	0.01624	0.01910	0.01267	0.02352	0.36225	0.00523	0.04095	0.00565	0.00433	0.00730
3	0.06519	0.08954	0.07391	0.01314	0.07971	0.01368	0.01039	0.29170	0.01800	0.09080	0.06944	0.09658	0.01596	0.03856	0.00651	0.00190	0.00565	0.00644	0.00480	0.00805
4	0.00882	0.00600	0.00718	0.00701	0.00841	0.00556	0.00505	0.01027	0.01225	0.07023	0.15207	0.11486	0.29991	0.16667	0.09695	0.00344	0.00494	0.01036	0.00499	0.00503
5	0.16640	0.01039	0.01110	0.00910	0.01278	0.01012	0.00721	0.14620	0.04792	0.07229	0.01878	0.12010	0.07803	0.00795	0.00517	0.00157	0.00446	0.00640	0.00461	0.25942

[dist]
# distance from previous block
# <min> <max>
1	3

[block]
# block no. 4 follows, 41 sequences, length 22
# corresponding to MSA columns:
# 361-382
name=unknown_E
#
# <colnr> <probs for GDERKNQSTAVLIFYWHMCP>
#	G	D	E	R	K	N	Q	S	T	A	V	L	I	F	Y	W	H	M	C	P
0	0.00770	0.00611	0.00660	0.00640	0.00804	0.00549	0.00466	0.02583	0.02568	0.01696	0.19009	0.04875	0.49245	0.11865	0.00971	0.00238	0.00332	0.01098	0.00528	0.00494
1	0.01112	0.00934	0.01197	0.01156	0.11299	0.00781	0.00754	0.01341	0.01206	0.01807	0.11185	0.02022	0.01653	0.12697	0.00857	0.00181	0.00458	0.00530	0.00371	0.48458
2	0.01200	0.13984	0.08881	0.00968	0.01292	0.01138	0.00870	0.12584	0.06124	0.02256	0.36612	0.04595	0.05389	0.00921	0.00591	0.00172	0.00451	0.00771	0.00511	0.00687
3	0.00757	0.00616	0.00749	0.00801	0.02823	0.00550	0.01775	0.00934	0.01299	0.01625	0.09748	0.16154	0.45871	0.01460	0.00699	0.00208	0.00353	0.12543	0.00527	0.00507
4	0.01755	0.04459	0.01630	0.01687	0.17154	0.23071	0.01107	0.07134	0.07267	0.13263	0.01577	0.11871	0.01380	0.00783	0.00612	0.00176	0.03240	0.00632	0.00426	0.00777
5	0.00964	0.00557	0.00629	0.00647	0.00748	0.00567	0.00471	0.01179	0.01172	0.01918	0.06508	0.19306	0.02204	0.03733	0.01888	0.00189	0.03180	0.00814	0.52809	0.00515
6	0.01316	0.01061	0.01615	0.03272	0.37890	0.01036	0.01196	0.05824	0.01369	0.08337	0.02211	0.16337	0.11630	0.00897	0.00608	0.00183	0.00536	0.00809	0.00417	0.03456
7	0.13814	0.01006	0.01215	0.01182	0.11281	0.00882	0.00793	0.01432	0.01157	0.01917	0.01279	0.11755	0.01217	0.00636	0.00473	0.00130	0.00448	0.00531	0.00360	0.48490
8	0.01726	0.37008	0.13790	0.01229	0.01744	0.09157	0.01198	0.23985	0.01679	0.02112	0.01016	0.01112	0.00806	0.00567	0.00471	0.00149	0.00693	0.00394	0.00349	0.00817
9	0.01499	0.01263	0.01631	0.02088	0.32378	0.11266	0.01234	0.01786	0.02575	0.11899	0.06588	0.06766	0.01848	0.00858	0.00618	0.00189	0.00624	0.13696	0.00427	0.00766
10	0.00760	0.00543	0.00736	0.00869	0.00930	0.00519	0.00641	0.00906	0.01158	0.01531	0.03118	0.58950	0.03645	0.01732	0.00747	0.00241	0.00387	0.21576	0.00530	0.00482
11	0.01070	0.00904	0.01174	0.12726	0.01639	0.00804	0.00803	0.01339	0.01202	0.01789	0.11214	0.01797	0.01527	0.01064	0.10814	0.00225	0.00603	0.00495	0.00361	0.48449
12	0.00742	0.00519	0.00660	0.00755	0.00781	0.00496	0.00490	0.00818	0.01026	0.01367	0.02761	0.55583	0.03280	0.24192	0.01358	0.00326	0.00402	0.03533	0.00478	0.00433
13	0.00814	0.00547	0.00629	0.00647	0.00652	0.00542	0.00371	0.00827	0.00867	0.01156	0.01985	0.13975	0.02310	0.69352	0.02617	0.00511	0.00524	0.00939	0.00371	0.00363
14	0.01398	0.01242	0.01945	0.14590	0.43399	0.01322	0.01487	0.12731	0.01438	0.01997	0.01174	0.01539	0.00964	0.01057	0.10973	0.00275	0.00800	0.00524	0.00326	0.00820
15	0.01135	0.01069	0.01760	0.43746	0.27010	0.01194	0.01488	0.01471	0.01217	0.01605	0.01675	0.02022	0.10892	0.00669	0.00584	0.00184	0.00672	0.00602	0.00301	0.00703
16	0.01224	0.01250	0.02489	0.02112	0.12299	0.01195	0.43350	0.01589	0.01269	0.01722	0.01519	0.02571	0.01406	0.11283	0.00977	0.00249	0.00804	0.11662	0.00332	0.00695
17	0.00967	0.00803	0.01192	0.01314	0.11203	0.00937	0.00882	0.01146	0.00951	0.01375	0.01392	0.02207	0.01353	0.14641	0.44402	0.00661	0.13102	0.00615	0.00301	0.00557
18	0.01212	0.24185	0.32021	0.01548	0.11779	0.01446	0.01459	0.01597	0.01181	0.01619	0.01308	0.13170	0.01241	0.00829	0.02872	0.00193	0.00699	0.00591	0.00294	0.00753
19	0.02031	0.02365	0.01741	0.01764	0.13179	0.55696	0.01202	0.11943	0.01716	0.01769	0.00980	0.01136	0.00795	0.00590	0.00531	0.00154	0.00923	0.00410	0.00330	0.00742
20	0.01573	0.01699	0.11767	0.04330	0.09050	0.10586	0.01319	0.14727	0.09599	0.04607	0.01243	0.01441	0.01869	0.00743	0.00930	0.00196	0.22656	0.00506	0.00370	0.00790
21	0.00745	0.00587	0.00649	0.00663	0.00813	0.00523	0.00496	0.00896	0.01263	0.01571	0.11425	0.05246	0.48370	0.13445	0.01033	0.00257	0.00360	0.10673	0.00512	0.00473

[dist]
# distance from previous block
# <min> <max>
2	6

[block]
# block no. 5 follows, 41 sequences, length 60
# corresponding to MSA columns:
# 391-450
name=unknown_F
#
# <colnr> <probs for GDERKNQSTAVLIFYWHMCP>
#	G	D	E	R	K	N	Q	S	T	A	V	L	I	F	Y	W	H	M	C	P
0	0.78256	0.01145	0.00899	0.00813	0.01159	0.01295	0.00653	0.01729	0.01053	0.02622	0.00960	0.01140	0.00766	0.00607	0.00403	0.00193	0.00469	0.00357	0.04813	0.00668
1	0.02112	0.01431	0.01578	0.01239	0.01671	0.01554	0.01014	0.49952	0.14957	0.15884	0.01688	0.01602	0.01181	0.00706	0.00574	0.00176	0.00575	0.00548	0.00597	0.00961
2	0.01405	0.01359	0.02355	0.05155	0.71447	0.01361	0.04963	0.01752	0.01301	0.01858	0.01078	0.01424	0.00901	0.00510	0.00571	0.00171	0.00694	0.00517	0.00283	0.00894
3	0.01072	0.00886	0.00984	0.00948	0.01161	0.00952	0.00708	0.01942	0.37766	0.02003	0.08598	0.25288	0.11214	0.01173	0.00640	0.00202	0.00384	0.01021	0.00560	0.02501
4	0.02187	0.01182	0.08958	0.01051	0.01545	0.00877	0.00942	0.02459	0.01517	0.56357	0.01920	0.01742	0.01249	0.00643	0.00546	0.00162	0.00512	0.00519	0.00598	0.15036
5	0.01529	0.80242	0.02997	0.00979	0.01468	0.02263	0.00979	0.01713	0.01162	0.01346	0.00795	0.00918	0.00734	0.00489	0.00367	0.00122	0.00612	0.00306	0.00245	0.00734
6	0.01186	0.01017	0.01186	0.00847	0.01356	0.00762	0.00678	0.01440	0.01186	0.01864	0.01017	0.01186	0.00847	0.00424	0.00424	0.00085	0.00424	0.00339	0.00339	0.83395
7	0.01136	0.00632	0.00790	0.02515	0.00951	0.00668	0.00590	0.01372	0.01149	0.09141	0.01807	0.05178	0.01504	0.01723	0.21774	0.00363	0.03251	0.00601	0.44282	0.00573
8	0.07146	0.00650	0.00685	0.00736	0.04782	0.00671	0.00511	0.01456	0.04471	0.02162	0.01766	0.02006	0.01387	0.00653	0.00413	0.00141	0.00310	0.00521	0.68957	0.00576
9	0.00818	0.00610	0.00903	0.00903	0.01000	0.00706	0.00695	0.01011	0.00915	0.01316	0.01547	0.02327	0.01465	0.08334	0.73635	0.00900	0.01480	0.00625	0.00309	0.00502
10	0.83938	0.01106	0.00841	0.00752	0.01106	0.01283	0.00619	0.01681	0.00973	0.02566	0.00796	0.00929	0.00619	0.00531	0.00354	0.00177	0.00442	0.00310	0.00354	0.00619
11	0.01251	0.01251	0.01752	0.01502	0.01502	0.01752	0.01251	0.01377	0.00876	0.01377	0.00751	0.01251	0.00751	0.01001	0.01877	0.00250	0.78851	0.00501	0.00250	0.00626
12	0.01423	0.01229	0.01293	0.01164	0.01487	0.01423	0.00905	0.03039	0.75297	0.02393	0.02328	0.02134	0.01746	0.00776	0.00582	0.00194	0.00453	0.00647	0.00582	0.00905
13	0.01350	0.01543	0.03375	0.02411	0.02989	0.01446	0.74253	0.01832	0.01350	0.01832	0.01157	0.01543	0.00868	0.00482	0.00675	0.00193	0.00964	0.00675	0.00289	0.00771
14	0.00825	0.00551	0.00626	0.00633	0.00635	0.00550	0.00356	0.00830	0.00846	0.01128	0.01874	0.07796	0.02171	0.75721	0.02795	0.00537	0.00543	0.00874	0.00356	0.00353
15	0.01251	0.01251	0.01752	0.01502	0.01502	0.01752	0.01251	0.01377	0.00876	0.01377	0.00751	0.01251	0.00751	0.01001	0.01877	0.00250	0.78851	0.00501	0.00250	0.00626
16	0.00709	0.00510	0.00666	0.00775	0.00822	0.00474	0.00521	0.00819	0.01134	0.01513	0.08548	0.67900	0.07296	0.04411	0.00798	0.00238	0.00333	0.01536	0.00532	0.00467
17	0.00730	0.00530	0.00689	0.00758	0.00833	0.00489	0.00527	0.00885	0.01270	0.01721	0.25658	0.51409	0.09224	0.01578	0.00709	0.00214	0.00310	0.01416	0.00561	0.00489
18	0.01198	0.01055	0.01346	0.00961	0.01475	0.00812	0.06045	0.01469	0.01198	0.01862	0.01027	0.01212	0.00849	0.00428	0.00442	0.00093	0.00463	0.00363	0.00335	0.77368
19	0.01544	0.75273	0.04770	0.01014	0.01505	0.05214	0.01012	0.01738	0.01181	0.01359	0.00804	0.00929	0.00734	0.00495	0.00377	0.00125	0.00634	0.00311	0.00247	0.00734
20	0.01308	0.01273	0.02009	0.28021	0.45415	0.04878	0.01606	0.01640	0.01254	0.01687	0.01173	0.01583	0.02600	0.02444	0.00624	0.00185	0.00712	0.00526	0.00281	0.00782
21	0.00740	0.00529	0.00711	0.00805	0.00849	0.00524	0.00552	0.00851	0.01040	0.01403	0.02711	0.55046	0.03163	0.11526	0.14125	0.00389	0.00569	0.03535	0.00470	0.00460
22	0.01404	0.01445	0.04311	0.10893	0.40224	0.08322	0.02939	0.03001	0.01259	0.01739	0.01040	0.01394	0.00870	0.00619	0.00780	0.00183	0.14060	0.00497	0.04233	0.00785
23	0.01080	0.01017	0.01716	0.78523	0.03940	0.01271	0.01589	0.01461	0.01144	0.01461	0.01017	0.01525	0.00762	0.00572	0.00572	0.00191	0.00762	0.00508	0.00254	0.00635
24	0.01387	0.13915	0.50714	0.01557	0.04135	0.04066	0.04841	0.04115	0.01301	0.07251	0.01095	0.01238	0.00795	0.00550	0.00526	0.00171	0.00786	0.00431	0.00291	0.00835
25	0.01135	0.01094	0.01702	0.71741	0.05144	0.04901	0.01545	0.01491	0.01161	0.01456	0.01011	0.01504	0.00769	0.00602	0.00605	0.01980	0.00768	0.00501	0.00257	0.00634
26	0.00735	0.00521	0.00688	0.00807	0.00847	0.00495	0.00555	0.00842	0.01093	0.01452	0.03003	0.63988	0.03559	0.09621	0.00956	0.00268	0.00375	0.09224	0.00512	0.00459
27	0.07115	0.00852	0.03453	0.00872	0.01056	0.04349	0.00666	0.05112	0.01298	0.09065	0.05214	0.43237	0.12775	0.01369	0.00653	0.00207	0.00414	0.01191	0.00519	0.00580
28	0.01311	0.01182	0.01979	0.31150	0.42908	0.01266	0.01597	0.01652	0.01258	0.05020	0.01306	0.01653	0.04065	0.00581	0.00573	0.00179	0.00685	0.00542	0.00302	0.00790
29	0.03280	0.02890	0.04746	0.19105	0.04096	0.01269	0.38151	0.01710	0.01282	0.07467	0.01391	0.09415	0.01169	0.00656	0.00630	0.00193	0.00790	0.00699	0.00337	0.00726
30	0.11933	0.02415	0.01698	0.01478	0.01808	0.60940	0.08203	0.02167	0.01516	0.01583	0.00900	0.01069	0.00735	0.00572	0.00512	0.00155	0.00954	0.00391	0.00301	0.00668
31	0.01062	0.00834	0.01356	0.16509	0.01803	0.00880	0.14164	0.01356	0.01185	0.01796	0.01755	0.15646	0.01602	0.00827	0.00598	0.00178	0.03430	0.00747	0.33685	0.00588
32	0.04201	0.01288	0.10083	0.01122	0.01607	0.01037	0.01013	0.11052	0.04224	0.55247	0.01980	0.01777	0.01277	0.00685	0.00566	0.00177	0.00543	0.00547	0.00626	0.00948
33	0.01548	0.74533	0.04852	0.01019	0.01509	0.05837	0.01014	0.01743	0.01185	0.01360	0.00805	0.00931	0.00734	0.00496	0.00379	0.00125	0.00638	0.00312	0.00247	0.00734
34	0.01348	0.01535	0.03333	0.02387	0.02951	0.01454	0.72370	0.01820	0.01338	0.01820	0.01147	0.01535	0.00865	0.00496	0.00706	0.00194	0.02973	0.00671	0.00288	0.00768
35	0.00722	0.00581	0.00643	0.00628	0.00801	0.00502	0.00471	0.00910	0.01412	0.01803	0.30001	0.05080	0.51730	0.01352	0.00676	0.00189	0.00283	0.01148	0.00565	0.00502
36	0.01147	0.02959	0.76934	0.01630	0.02476	0.01328	0.02113	0.01811	0.01208	0.01811	0.01026	0.01208	0.00725	0.00543	0.00543	0.00181	0.00845	0.00423	0.00242	0.00845
37	0.01059	0.00675	0.00870	0.00779	0.00973	0.00623	0.00597	0.01382	0.04869	0.11095	0.61237	0.03788	0.04595	0.01070	0.00649	0.00177	0.00309	0.00937	0.00626	0.03692
38	0.05115	0.00666	0.00785	0.00732	0.00885	0.00639	0.00535	0.04563	0.01427	0.02060	0.41917	0.09238	0.08319	0.13039	0.00975	0.00235	0.00351	0.00948	0.03373	0.04196
39	0.00800	0.00559	0.00689	0.00724	0.00743	0.00570	0.00457	0.00851	0.00921	0.01242	0.02167	0.26767	0.02512	0.47493	0.08669	0.00480	0.02505	0.01048	0.00397	0.00404
40	0.01080	0.01017	0.01716	0.78523	0.03940	0.01271	0.01589	0.01461	0.01144	0.01461	0.01017	0.01525	0.00762	0.00572	0.00572	0.00191	0.00762	0.00508	0.00254	0.00635
41	0.02566	0.00973	0.01327	0.01018	0.01460	0.00841	0.00841	0.02788	0.01637	0.76726	0.02257	0.01947	0.01416	0.00708	0.00575	0.00177	0.00487	0.00575	0.00708	0.00973
42	0.02079	0.02640	0.01749	0.01542	0.01857	0.72047	0.06441	0.02251	0.01601	0.01431	0.00904	0.01069	0.00746	0.00582	0.00527	0.00151	0.01027	0.00391	0.00294	0.00671
43	0.14574	0.00993	0.01256	0.00979	0.01408	0.00906	0.00808	0.02624	0.01539	0.65783	0.02041	0.01797	0.01298	0.00682	0.00543	0.00177	0.00480	0.00536	0.00656	0.00921
44	0.00755	0.00585	0.00626	0.00636	0.00815	0.00498	0.00474	0.00899	0.01289	0.04336	0.05246	0.15280	0.61975	0.01470	0.00682	0.00199	0.00308	0.02889	0.00538	0.00500
45	0.02516	0.00985	0.01326	0.01024	0.01461	0.00866	0.00844	0.02799	0.04900	0.73433	0.02260	0.01955	0.01431	0.00711	0.00576	0.00178	0.00485	0.00578	0.00702	0.00970
46	0.02174	0.01602	0.01717	0.01316	0.01774	0.01774	0.01087	0.74423	0.02689	0.03605	0.01373	0.01373	0.00973	0.00687	0.00572	0.00172	0.00629	0.00515	0.00572	0.00973
47	0.00697	0.00498	0.00664	0.00796	0.00830	0.00465	0.00531	0.00796	0.01095	0.01460	0.03153	0.79525	0.03783	0.01792	0.00730	0.00232	0.00332	0.01626	0.00531	0.00465
48	0.00832	0.00555	0.00624	0.00624	0.00624	0.00555	0.00347	0.00832	0.00832	0.01109	0.01802	0.03743	0.02080	0.79898	0.02911	0.00555	0.00555	0.00832	0.00347	0.00347
49	0.02457	0.00941	0.01269	0.00982	0.01402	0.00818	0.00809	0.02681	0.01605	0.71285	0.02228	0.01960	0.01420	0.00705	0.00562	0.00174	0.00471	0.00572	0.06716	0.00941
50	0.00994	0.00497	0.00745	0.00745	0.00745	0.00497	0.00497	0.00745	0.00745	0.00994	0.00994	0.01739	0.00994	0.01987	0.02235	0.83358	0.00497	0.00497	0.00248	0.00248
51	0.01423	0.01229	0.01293	0.01164	0.01487	0.01423	0.00905	0.03039	0.75297	0.02393	0.02328	0.02134	0.01746	0.00776	0.00582	0.00194	0.00453	0.00647	0.00582	0.00905
52	0.80486	0.01101	0.00861	0.00763	0.01121	0.01264	0.00629	0.01728	0.01002	0.05713	0.00858	0.00972	0.00653	0.00538	0.00363	0.00177	0.00444	0.00321	0.00369	0.00634
53	0.02566	0.00973	0.01327	0.01018	0.01460	0.00841	0.00841	0.02788	0.01637	0.76726	0.02257	0.01947	0.01416	0.00708	0.00575	0.00177	0.00487	0.00575	0.00708	0.00973
54	0.01350	0.01543	0.03375	0.02411	0.02989	0.01446	0.74253	0.01832	0.01350	0.01832	0.01157	0.01543	0.00868	0.00482	0.00675	0.00193	0.00964	0.00675	0.00289	0.00771
55	0.02566	0.00973	0.01327	0.01018	0.01460	0.00841	0.00841	0.02788	0.01637	0.76726	0.02257	0.01947	0.01416	0.00708	0.00575	0.00177	0.00487	0.00575	0.00708	0.00973
56	0.01039	0.00684	0.00943	0.01027	0.01183	0.00674	0.00884	0.01322	0.02686	0.07229	0.07647	0.07220	0.03271	0.01479	0.00762	0.00250	0.00502	0.60084	0.00548	0.00566
57	0.00817	0.00613	0.00919	0.00919	0.01021	0.00715	0.00715	0.01021	0.00919	0.01328	0.01532	0.02247	0.01430	0.04290	0.77631	0.00919	0.01532	0.00613	0.00306	0.00511
58	0.01350	0.01543	0.03375	0.02411	0.02989	0.01446	0.74253	0.01832	0.01350	0.01832	0.01157	0.01543	0.00868	0.00482	0.00675	0.00193	0.00964	0.00675	0.00289	0.00771
59	0.83938	0.01106	0.00841	0.00752	0.01106	0.01283	0.00619	0.01681	0.00973	0.02566	0.00796	0.00929	0.00619	0.00531	0.00354	0.00177	0.00442	0.00310	0.00354	0.00619

[dist]
# distance from previous block
# <min> <max>
3	104

# created by:
# /software/SequenceAnalysis/GenePrediction/augustus/3.0.1/scripts/msa2prfl.pl ./fixed/BUSCOvEOG75TF2F.fas
