[name]
unknown

[dist]
# distance from previous block
# <min> <max>
69	438

[block]
# block no. 0 follows, 40 sequences, length 12
# corresponding to MSA columns:
# 577-588
name=unknown_A
#
# <colnr> <probs for GDERKNQSTAVLIFYWHMCP>
#	G	D	E	R	K	N	Q	S	T	A	V	L	I	F	Y	W	H	M	C	P
0	0.01103	0.09109	0.47962	0.01388	0.01994	0.01252	0.01631	0.01598	0.01138	0.01656	0.01173	0.01510	0.00947	0.01660	0.22946	0.00398	0.01042	0.00476	0.00265	0.00750
1	0.00999	0.00785	0.00926	0.00857	0.01053	0.00808	0.00653	0.01668	0.23028	0.02329	0.51239	0.03762	0.07410	0.01084	0.00658	0.00188	0.00330	0.00944	0.00622	0.00655
2	0.01342	0.01371	0.02434	0.09257	0.27621	0.01515	0.21600	0.01667	0.01197	0.01707	0.01015	0.01436	0.00851	0.00662	0.00996	0.00205	0.23509	0.00562	0.00277	0.00776
3	0.00909	0.00782	0.00801	0.00763	0.00998	0.00770	0.00582	0.01493	0.22815	0.01823	0.04861	0.04595	0.54103	0.01273	0.00659	0.00197	0.00343	0.01061	0.00555	0.00616
4	0.01472	0.56939	0.02677	0.01150	0.01503	0.02149	0.01076	0.01641	0.01097	0.01377	0.00795	0.01032	0.00751	0.00650	0.00822	0.00162	0.23373	0.00369	0.00250	0.00714
5	0.01617	0.01406	0.02095	0.13235	0.44330	0.01492	0.01563	0.22839	0.01714	0.02358	0.01174	0.01442	0.00921	0.00579	0.00578	0.00176	0.00688	0.00520	0.00370	0.00903
6	0.01841	0.01898	0.02311	0.01903	0.07199	0.22676	0.24901	0.23042	0.01827	0.02253	0.01143	0.01354	0.00875	0.00602	0.00646	0.00177	0.03621	0.00534	0.00378	0.00817
7	0.01147	0.00834	0.00987	0.00964	0.01124	0.00861	0.00705	0.22190	0.01587	0.02121	0.02677	0.56459	0.03011	0.01494	0.00695	0.00218	0.00426	0.01323	0.00552	0.00623
8	0.01287	0.06248	0.27596	0.01889	0.05984	0.01562	0.20804	0.01710	0.01170	0.01695	0.00987	0.01326	0.00793	0.00667	0.00975	0.00204	0.23552	0.00519	0.00263	0.00771
9	0.01322	0.01058	0.01229	0.00913	0.01402	0.00866	0.00729	0.01756	0.10663	0.06516	0.01281	0.01376	0.01014	0.00494	0.00461	0.00106	0.00438	0.00399	0.00399	0.67576
10	0.52321	0.08063	0.01151	0.00813	0.01231	0.01238	0.00679	0.01641	0.01070	0.02291	0.00875	0.01020	0.00708	0.00504	0.00382	0.00148	0.00459	0.00323	0.00346	0.24738
11	0.00717	0.00512	0.00682	0.00804	0.00845	0.00478	0.00540	0.00830	0.01151	0.01545	0.08347	0.73870	0.03963	0.01777	0.00738	0.00232	0.00333	0.01610	0.00547	0.00478

[dist]
# distance from previous block
# <min> <max>
3	13

[block]
# block no. 1 follows, 40 sequences, length 17
# corresponding to MSA columns:
# 603-619
name=unknown_B
#
# <colnr> <probs for GDERKNQSTAVLIFYWHMCP>
#	G	D	E	R	K	N	Q	S	T	A	V	L	I	F	Y	W	H	M	C	P
0	0.09996	0.01204	0.01302	0.01206	0.06142	0.01332	0.00893	0.25963	0.21442	0.02735	0.01749	0.04944	0.01374	0.00738	0.00534	0.00176	0.00492	0.00588	0.16369	0.00822
1	0.01352	0.01307	0.02139	0.13660	0.48501	0.01462	0.01642	0.01653	0.01201	0.01725	0.01009	0.01416	0.00864	0.00643	0.00885	0.00195	0.18738	0.00516	0.00276	0.00816
2	0.01324	0.01130	0.01187	0.01084	0.01354	0.03914	0.00832	0.05906	0.48261	0.02344	0.15531	0.10147	0.02574	0.00953	0.00621	0.00196	0.00444	0.00811	0.00584	0.00803
3	0.00892	0.00736	0.01147	0.03836	0.01278	0.00837	0.05674	0.01106	0.01001	0.01408	0.01823	0.06108	0.06226	0.05174	0.53969	0.00723	0.06482	0.00709	0.00331	0.00542
4	0.01274	0.01190	0.01876	0.25300	0.33030	0.01235	0.01452	0.01600	0.01225	0.01747	0.01044	0.01410	0.00855	0.00544	0.00615	0.00163	0.04796	0.00477	0.00290	0.19876
5	0.64546	0.01561	0.18401	0.00972	0.01447	0.01315	0.00982	0.01740	0.01045	0.02431	0.00864	0.01010	0.00655	0.00543	0.00405	0.00181	0.00545	0.00342	0.00333	0.00683
6	0.01138	0.00989	0.01444	0.08254	0.25165	0.01034	0.01103	0.01671	0.15672	0.01946	0.14527	0.20107	0.02532	0.00993	0.00637	0.00196	0.00500	0.00899	0.00463	0.00730
7	0.00950	0.00820	0.01393	0.01130	0.01372	0.00762	0.17534	0.01275	0.01583	0.02223	0.58371	0.03701	0.04420	0.01027	0.00686	0.00186	0.00438	0.00967	0.00560	0.00603
8	0.00796	0.00574	0.00754	0.00750	0.00863	0.00531	0.00547	0.01031	0.01523	0.02136	0.58841	0.21691	0.05107	0.01336	0.00699	0.00195	0.00289	0.01191	0.00617	0.00531
9	0.01880	0.01263	0.01432	0.01125	0.01516	0.01316	0.00915	0.42663	0.02237	0.13246	0.18703	0.02148	0.02085	0.00798	0.00597	0.00172	0.00522	0.00643	0.00599	0.06142
10	0.20858	0.01351	0.01398	0.01082	0.01535	0.01414	0.00888	0.37820	0.01931	0.04806	0.01194	0.01260	0.00886	0.00597	0.00494	0.00154	0.00541	0.00433	0.00476	0.20882
11	0.01540	0.01505	0.02606	0.01949	0.02354	0.01630	0.37854	0.18461	0.01561	0.02158	0.01119	0.01451	0.00876	0.00677	0.00984	0.00206	0.21324	0.00602	0.00350	0.00793
12	0.01224	0.29182	0.10101	0.18950	0.02060	0.01555	0.01198	0.01517	0.01232	0.01612	0.13031	0.01884	0.04666	0.00728	0.00663	0.00173	0.08667	0.00549	0.00326	0.00682
13	0.01262	0.01084	0.01231	0.00936	0.01409	0.00931	0.00743	0.01841	0.18284	0.02020	0.01343	0.01429	0.01073	0.00514	0.00468	0.00112	0.00438	0.00417	0.00402	0.64065
14	0.01098	0.01034	0.01744	0.78165	0.04005	0.01292	0.01615	0.01486	0.01163	0.01486	0.01034	0.01550	0.00775	0.00581	0.00581	0.00194	0.00775	0.00517	0.00258	0.00646
15	0.01476	0.01264	0.01332	0.01189	0.01524	0.01460	0.00928	0.05867	0.72059	0.02481	0.02329	0.02139	0.01744	0.00785	0.00591	0.00196	0.00467	0.00652	0.00591	0.00923
16	0.01305	0.02066	0.36986	0.04090	0.28421	0.01311	0.01811	0.01787	0.01288	0.04961	0.05710	0.01537	0.01127	0.00610	0.00637	0.00183	0.04500	0.00512	0.00305	0.00852

[dist]
# distance from previous block
# <min> <max>
15	143

# created by:
# /software/SequenceAnalysis/GenePrediction/augustus/3.0.1/scripts/msa2prfl.pl ./fixed/BUSCOvEOG76T4G0.fas
