[name]
unknown

[dist]
# distance from previous block
# <min> <max>
0	112

[block]
# block no. 0 follows, 41 sequences, length 16
# corresponding to MSA columns:
# 131-146
name=unknown_A
#
# <colnr> <probs for GDERKNQSTAVLIFYWHMCP>
#	G	D	E	R	K	N	Q	S	T	A	V	L	I	F	Y	W	H	M	C	P
0	0.00893	0.00638	0.00889	0.01020	0.01140	0.00634	0.00872	0.01135	0.01288	0.01680	0.03044	0.15808	0.03355	0.01607	0.00782	0.00259	0.00502	0.63408	0.00527	0.00519
1	0.25060	0.01010	0.01193	0.00944	0.01362	0.00963	0.00780	0.02482	0.01454	0.56227	0.01853	0.01666	0.01196	0.00659	0.00514	0.00177	0.00474	0.00502	0.00610	0.00876
2	0.00804	0.00574	0.00787	0.00919	0.00999	0.00557	0.00717	0.00982	0.01201	0.01580	0.03093	0.44685	0.03549	0.01691	0.00759	0.00247	0.00425	0.35408	0.00529	0.00494
3	0.10758	0.01271	0.01352	0.01070	0.01479	0.01340	0.00869	0.34553	0.11040	0.07352	0.01465	0.01489	0.01079	0.00636	0.00510	0.00157	0.00512	0.00484	0.07740	0.14845
4	0.00908	0.00626	0.00835	0.00828	0.00940	0.00685	0.00626	0.04312	0.01100	0.01625	0.06193	0.10334	0.01933	0.07697	0.43931	0.00615	0.01017	0.00737	0.14535	0.00522
5	0.00799	0.00582	0.00757	0.00757	0.00883	0.00540	0.00574	0.01038	0.01498	0.02072	0.53804	0.13926	0.09976	0.01313	0.00695	0.00197	0.00308	0.09160	0.00599	0.00525
6	0.01454	0.01471	0.02412	0.03238	0.62082	0.06282	0.11049	0.01799	0.01329	0.01834	0.01074	0.01407	0.00890	0.00511	0.00577	0.00171	0.00739	0.00522	0.00285	0.00873
7	0.01469	0.68132	0.14583	0.01081	0.01626	0.02117	0.01157	0.01728	0.01169	0.01419	0.00831	0.00963	0.00733	0.00498	0.00395	0.00132	0.00648	0.00324	0.00244	0.00751
8	0.12278	0.48597	0.02336	0.01040	0.01486	0.09585	0.00949	0.10014	0.01385	0.06378	0.00959	0.01045	0.00788	0.00540	0.00416	0.00141	0.00627	0.00353	0.00329	0.00754
9	0.00916	0.00757	0.00827	0.00795	0.01003	0.00756	0.00608	0.01488	0.21441	0.01923	0.18142	0.07354	0.36175	0.01232	0.00657	0.00196	0.00342	0.04212	0.00564	0.00610
10	0.00817	0.00548	0.00628	0.00643	0.00647	0.00544	0.00367	0.00828	0.00861	0.01148	0.01954	0.12250	0.02271	0.71131	0.02666	0.00518	0.00530	0.00921	0.00367	0.00360
11	0.01080	0.01017	0.01716	0.78523	0.03940	0.01271	0.01589	0.01461	0.01144	0.01461	0.01017	0.01525	0.00762	0.00572	0.00572	0.00191	0.00762	0.00508	0.00254	0.00635
12	0.00691	0.00558	0.00615	0.00648	0.00794	0.00482	0.00468	0.00832	0.01269	0.01574	0.09947	0.25511	0.51567	0.01522	0.00691	0.00203	0.00300	0.01309	0.00538	0.00482
13	0.00821	0.00596	0.00832	0.00832	0.00904	0.00667	0.00606	0.00965	0.00893	0.01263	0.01612	0.02690	0.01622	0.26672	0.55512	0.00811	0.01243	0.00678	0.00318	0.00462
14	0.00693	0.00580	0.00603	0.00598	0.00783	0.00490	0.00448	0.00854	0.01345	0.01642	0.14900	0.05345	0.66932	0.01412	0.00676	0.00191	0.00287	0.01185	0.00544	0.00490
15	0.01373	0.01316	0.02245	0.12945	0.67225	0.01348	0.01734	0.01718	0.01282	0.01817	0.01068	0.01429	0.00888	0.00517	0.00567	0.00172	0.00690	0.00509	0.00279	0.00872

[dist]
# distance from previous block
# <min> <max>
0	1

[block]
# block no. 1 follows, 41 sequences, length 9
# corresponding to MSA columns:
# 148-156
name=unknown_B
#
# <colnr> <probs for GDERKNQSTAVLIFYWHMCP>
#	G	D	E	R	K	N	Q	S	T	A	V	L	I	F	Y	W	H	M	C	P
0	0.21235	0.02466	0.50780	0.01579	0.02279	0.01413	0.07583	0.01889	0.01269	0.02148	0.01153	0.01405	0.00877	0.00650	0.00582	0.00212	0.00807	0.00472	0.00333	0.00868
1	0.01355	0.01297	0.02211	0.17177	0.63141	0.01343	0.01725	0.01702	0.01274	0.01794	0.01065	0.01436	0.00880	0.00521	0.00567	0.00174	0.00695	0.00509	0.00278	0.00857
2	0.21229	0.01276	0.01926	0.07764	0.53504	0.01335	0.01471	0.01718	0.01213	0.02010	0.01005	0.01306	0.00828	0.00519	0.00516	0.00173	0.00628	0.00462	0.00298	0.00819
3	0.01039	0.02367	0.58602	0.01430	0.02080	0.01121	0.01733	0.01567	0.01181	0.01727	0.01538	0.20032	0.01460	0.00844	0.00588	0.00193	0.00722	0.00712	0.00311	0.00754
4	0.01478	0.00844	0.00976	0.00861	0.01050	0.04052	0.00682	0.01699	0.01259	0.19863	0.01785	0.04895	0.01401	0.00885	0.03177	0.00192	0.12533	0.00576	0.41137	0.00655
5	0.21065	0.01108	0.01629	0.44498	0.18055	0.01292	0.01390	0.01574	0.01135	0.01810	0.00976	0.01359	0.00757	0.00549	0.00518	0.00183	0.00669	0.00461	0.00284	0.00687
6	0.01080	0.01017	0.01716	0.78523	0.03940	0.01271	0.01589	0.01461	0.01144	0.01461	0.01017	0.01525	0.00762	0.00572	0.00572	0.00191	0.00762	0.00508	0.00254	0.00635
7	0.21260	0.45549	0.17472	0.01056	0.01585	0.01838	0.01122	0.01725	0.01126	0.01734	0.00842	0.00979	0.00705	0.00510	0.00400	0.00147	0.00618	0.00330	0.00270	0.00729
8	0.01232	0.01059	0.01429	0.01237	0.01308	0.03132	0.03484	0.07071	0.01060	0.01507	0.04177	0.03857	0.01181	0.05296	0.01754	0.20228	0.39559	0.00575	0.00307	0.00546

[dist]
# distance from previous block
# <min> <max>
10	57

[block]
# block no. 2 follows, 41 sequences, length 8
# corresponding to MSA columns:
# 218-225
name=unknown_C
#
# <colnr> <probs for GDERKNQSTAVLIFYWHMCP>
#	G	D	E	R	K	N	Q	S	T	A	V	L	I	F	Y	W	H	M	C	P
0	0.00838	0.00556	0.00753	0.00753	0.00842	0.00525	0.00547	0.00968	0.01334	0.01855	0.45147	0.15114	0.04088	0.01462	0.01031	0.18467	0.00341	0.04388	0.00526	0.00464
1	0.01206	0.01185	0.01666	0.01441	0.01452	0.01645	0.01196	0.01340	0.00880	0.01372	0.00832	0.01355	0.00821	0.01342	0.09725	0.00320	0.70841	0.00512	0.00256	0.00614
2	0.01171	0.00957	0.01106	0.00809	0.01271	0.00734	0.00644	0.01427	0.01188	0.01897	0.01121	0.01303	0.00923	0.00453	0.00421	0.00091	0.00404	0.00363	0.10520	0.73197
3	0.22634	0.11742	0.01604	0.01215	0.01565	0.41286	0.00966	0.09535	0.01512	0.01915	0.00902	0.01027	0.00731	0.00572	0.00463	0.00154	0.00790	0.00361	0.00332	0.00693
4	0.00884	0.01106	0.17500	0.00920	0.01211	0.00713	0.00885	0.01240	0.01529	0.02188	0.59549	0.03599	0.04370	0.01032	0.00646	0.00180	0.00396	0.00900	0.00544	0.00607
5	0.01040	0.00926	0.01155	0.01381	0.17567	0.00929	0.00852	0.01625	0.21274	0.01845	0.03822	0.03697	0.39510	0.01061	0.00627	0.00188	0.00419	0.00903	0.00490	0.00690
6	0.01129	0.00755	0.01158	0.00946	0.01177	0.00734	0.16626	0.01443	0.01233	0.02067	0.01710	0.02003	0.01335	0.00626	0.00460	0.00146	0.00420	0.00564	0.64884	0.00585
7	0.01529	0.80242	0.02997	0.00979	0.01468	0.02263	0.00979	0.01713	0.01162	0.01346	0.00795	0.00918	0.00734	0.00489	0.00367	0.00122	0.00612	0.00306	0.00245	0.00734

[dist]
# distance from previous block
# <min> <max>
0	1

[block]
# block no. 3 follows, 41 sequences, length 27
# corresponding to MSA columns:
# 227-253
name=unknown_D
#
# <colnr> <probs for GDERKNQSTAVLIFYWHMCP>
#	G	D	E	R	K	N	Q	S	T	A	V	L	I	F	Y	W	H	M	C	P
0	0.01066	0.00533	0.00533	0.00533	0.00666	0.00533	0.00400	0.01333	0.01200	0.02132	0.01866	0.02132	0.01466	0.00666	0.00400	0.00133	0.00267	0.00533	0.83073	0.00533
1	0.01925	0.15855	0.08141	0.01401	0.01830	0.35286	0.04406	0.20777	0.01772	0.02014	0.01019	0.01137	0.00802	0.00589	0.00514	0.00154	0.00836	0.00413	0.00353	0.00775
2	0.79285	0.05575	0.00962	0.00765	0.01127	0.01339	0.00640	0.01683	0.00984	0.02497	0.00796	0.00929	0.00626	0.00529	0.00355	0.00174	0.00452	0.00310	0.00348	0.00626
3	0.01295	0.01070	0.01219	0.00935	0.01393	0.00936	0.00742	0.01900	0.20362	0.04583	0.01398	0.01457	0.01099	0.00525	0.00470	0.00116	0.00433	0.00427	0.00414	0.59225
4	0.00880	0.00696	0.01010	0.20835	0.01652	0.00729	0.00811	0.01178	0.01496	0.02079	0.56635	0.03562	0.04199	0.01015	0.00648	0.00183	0.00397	0.00898	0.00533	0.00564
5	0.01093	0.00838	0.01220	0.01476	0.20431	0.00810	0.00886	0.01440	0.05081	0.06452	0.46954	0.03330	0.05741	0.00961	0.00636	0.00178	0.00398	0.00858	0.00540	0.00675
6	0.83938	0.01106	0.00841	0.00752	0.01106	0.01283	0.00619	0.01681	0.00973	0.02566	0.00796	0.00929	0.00619	0.00531	0.00354	0.00177	0.00442	0.00310	0.00354	0.00619
7	0.01525	0.01355	0.01584	0.01786	0.20856	0.06706	0.01136	0.02643	0.47532	0.05702	0.01900	0.01862	0.01443	0.00691	0.00573	0.00184	0.00553	0.00588	0.00491	0.00892
8	0.01080	0.01017	0.01716	0.78523	0.03940	0.01271	0.01589	0.01461	0.01144	0.01461	0.01017	0.01525	0.00762	0.00572	0.00572	0.00191	0.00762	0.00508	0.00254	0.00635
9	0.00867	0.00566	0.00787	0.00787	0.00832	0.00611	0.00549	0.00894	0.00848	0.01177	0.01473	0.02559	0.01509	0.26084	0.36012	0.22125	0.00975	0.00648	0.00303	0.00394
10	0.01318	0.01733	0.21533	0.02886	0.52992	0.01312	0.01801	0.01738	0.01279	0.01845	0.01173	0.01646	0.00994	0.00579	0.00573	0.00178	0.00714	0.04552	0.00286	0.00869
11	0.01186	0.21141	0.01170	0.00648	0.00874	0.00980	0.00550	0.01431	0.01190	0.01929	0.01589	0.01818	0.01277	0.00621	0.00391	0.00130	0.00356	0.00474	0.61659	0.00585
12	0.01949	0.01459	0.01572	0.01246	0.01654	0.01615	0.01014	0.58325	0.12421	0.03293	0.05171	0.04677	0.01401	0.00765	0.00585	0.00177	0.00576	0.00601	0.00575	0.00923
13	0.00794	0.00584	0.00743	0.00703	0.00845	0.00533	0.00527	0.01049	0.01582	0.02207	0.67868	0.04416	0.13612	0.01202	0.00675	0.00181	0.00272	0.01054	0.00618	0.00533
14	0.00971	0.00524	0.00567	0.00601	0.00709	0.00515	0.00434	0.01194	0.01173	0.01959	0.02199	0.22142	0.02065	0.00957	0.00485	0.00159	0.00283	0.00816	0.61733	0.00515
15	0.01247	0.01071	0.01214	0.00929	0.01390	0.00933	0.00737	0.01854	0.20347	0.02001	0.01356	0.01431	0.01080	0.00515	0.00465	0.00113	0.00431	0.00418	0.00402	0.62068
16	0.01535	0.46941	0.21877	0.01232	0.01780	0.14967	0.01294	0.01836	0.01253	0.01475	0.00870	0.01012	0.00732	0.00521	0.00438	0.00142	0.00744	0.00347	0.00252	0.00751
17	0.00786	0.00583	0.00853	0.00888	0.00972	0.00650	0.00667	0.00963	0.00965	0.01362	0.01951	0.22227	0.02038	0.03644	0.57749	0.00742	0.01222	0.00875	0.00364	0.00499
18	0.01430	0.60261	0.22113	0.01147	0.01729	0.02022	0.01272	0.01738	0.01174	0.01466	0.00855	0.00993	0.00732	0.00503	0.00413	0.00138	0.00672	0.00336	0.00244	0.00763
19	0.01079	0.00783	0.00936	0.00931	0.01074	0.00803	0.00675	0.19832	0.01507	0.02015	0.02693	0.59319	0.03057	0.01506	0.00689	0.00217	0.00409	0.01339	0.00542	0.00596
20	0.01000	0.00546	0.00593	0.00581	0.00715	0.00535	0.00436	0.01267	0.01308	0.02174	0.21040	0.02686	0.02482	0.00796	0.00471	0.00145	0.00267	0.00663	0.61758	0.00535
21	0.09701	0.01445	0.01537	0.01193	0.01635	0.03840	0.00981	0.48668	0.02237	0.18032	0.01470	0.01431	0.01018	0.00665	0.00546	0.00169	0.00589	0.00498	0.00563	0.03782
22	0.07814	0.00929	0.01087	0.00928	0.01216	0.00945	0.00734	0.09170	0.14826	0.19338	0.32960	0.02819	0.03037	0.00898	0.00601	0.00181	0.00401	0.00754	0.00612	0.00753
23	0.01353	0.00810	0.00839	0.00736	0.00953	0.00854	0.00578	0.20230	0.01585	0.02513	0.01739	0.01936	0.01339	0.00672	0.00444	0.00143	0.00360	0.00528	0.61743	0.00647
24	0.01102	0.02064	0.43079	0.01598	0.05690	0.01143	0.12052	0.01622	0.01339	0.01942	0.20439	0.02058	0.01962	0.00695	0.00597	0.00182	0.00706	0.00621	0.00351	0.00759
25	0.58282	0.01228	0.05878	0.00983	0.04225	0.01228	0.00814	0.04403	0.01177	0.15564	0.01099	0.01160	0.00790	0.00567	0.00421	0.00177	0.00492	0.00379	0.00414	0.00720
26	0.01376	0.01398	0.02622	0.07398	0.48948	0.01382	0.24772	0.01763	0.01309	0.01834	0.01098	0.01462	0.00886	0.00504	0.00601	0.00178	0.00775	0.00562	0.00283	0.00848

[dist]
# distance from previous block
# <min> <max>
0	1

[block]
# block no. 4 follows, 41 sequences, length 6
# corresponding to MSA columns:
# 255-260
name=unknown_E
#
# <colnr> <probs for GDERKNQSTAVLIFYWHMCP>
#	G	D	E	R	K	N	Q	S	T	A	V	L	I	F	Y	W	H	M	C	P
0	0.00871	0.00672	0.00903	0.01070	0.06511	0.00660	0.00753	0.01156	0.06351	0.01687	0.07509	0.34823	0.10713	0.01493	0.00717	0.00227	0.00415	0.22394	0.00521	0.00552
1	0.01251	0.01251	0.01752	0.01502	0.01502	0.01752	0.01251	0.01377	0.00876	0.01377	0.00751	0.01251	0.00751	0.01001	0.01877	0.00250	0.78851	0.00501	0.00250	0.00626
2	0.03988	0.01079	0.01675	0.29459	0.19161	0.01194	0.05106	0.04485	0.09648	0.01800	0.01571	0.15364	0.01450	0.00796	0.00598	0.00193	0.00627	0.00725	0.00365	0.00716
3	0.13880	0.02368	0.51874	0.01413	0.02091	0.01338	0.01670	0.02009	0.14299	0.02030	0.01222	0.01329	0.00889	0.00583	0.00521	0.00183	0.00714	0.00445	0.00319	0.00821
4	0.01269	0.01303	0.02040	0.01663	0.01765	0.01698	0.14186	0.01457	0.00960	0.01457	0.00823	0.01303	0.00772	0.00909	0.01664	0.00240	0.65051	0.00531	0.00257	0.00652
5	0.19211	0.01539	0.05874	0.01164	0.01573	0.09277	0.00987	0.24336	0.11147	0.09452	0.01338	0.01369	0.00983	0.00645	0.00562	0.00172	0.03618	0.00462	0.00465	0.05826

[dist]
# distance from previous block
# <min> <max>
0	2

[block]
# block no. 5 follows, 41 sequences, length 8
# corresponding to MSA columns:
# 263-270
name=unknown_F
#
# <colnr> <probs for GDERKNQSTAVLIFYWHMCP>
#	G	D	E	R	K	N	Q	S	T	A	V	L	I	F	Y	W	H	M	C	P
0	0.01158	0.01040	0.01707	0.14892	0.38910	0.01076	0.01384	0.01453	0.01247	0.01710	0.01749	0.14554	0.01770	0.00917	0.00634	0.00200	0.00611	0.13904	0.00362	0.00723
1	0.00828	0.00635	0.00759	0.00816	0.00917	0.00633	0.00568	0.01182	0.13249	0.01637	0.06645	0.49430	0.11811	0.07041	0.00850	0.00242	0.00359	0.01334	0.00531	0.00534
2	0.14735	0.00828	0.00959	0.00828	0.01125	0.00762	0.00660	0.01498	0.01355	0.13007	0.23301	0.06130	0.05332	0.00905	0.00564	0.00168	0.00393	0.07574	0.00513	0.19364
3	0.00888	0.00639	0.00743	0.00722	0.00808	0.00648	0.00485	0.06026	0.01076	0.01418	0.02524	0.07782	0.15383	0.43529	0.14432	0.00504	0.00659	0.00885	0.00399	0.00448
4	0.01181	0.01062	0.01676	0.01255	0.01657	0.00934	0.20735	0.01491	0.05356	0.01702	0.01221	0.01701	0.01066	0.10096	0.00992	0.09104	0.00596	0.00524	0.00330	0.37320
5	0.05500	0.01422	0.01602	0.18302	0.02126	0.09090	0.01167	0.24099	0.08144	0.08612	0.01281	0.01448	0.00957	0.00703	0.00761	0.00188	0.12876	0.00504	0.00427	0.00791
6	0.01327	0.01063	0.01297	0.00986	0.01396	0.00968	0.00798	0.01634	0.05333	0.08162	0.01152	0.01314	0.00930	0.00562	0.00683	0.00126	0.13245	0.00403	0.00369	0.58252
7	0.00885	0.00671	0.00886	0.13453	0.01329	0.00689	0.00672	0.02785	0.01065	0.01418	0.02204	0.25957	0.04610	0.30939	0.01507	0.00338	0.00507	0.04497	0.00406	0.05180

[dist]
# distance from previous block
# <min> <max>
1	8

[block]
# block no. 6 follows, 41 sequences, length 9
# corresponding to MSA columns:
# 279-287
name=unknown_G
#
# <colnr> <probs for GDERKNQSTAVLIFYWHMCP>
#	G	D	E	R	K	N	Q	S	T	A	V	L	I	F	Y	W	H	M	C	P
0	0.00871	0.00631	0.00748	0.00763	0.00861	0.00620	0.00540	0.05685	0.01189	0.01556	0.06173	0.20118	0.16413	0.28061	0.04882	0.00362	0.00491	0.09098	0.00465	0.00474
1	0.01443	0.01084	0.01254	0.00953	0.01374	0.00979	0.00762	0.19698	0.01597	0.05559	0.08732	0.01614	0.01372	0.00679	0.00611	0.05556	0.00467	0.00474	0.00437	0.45354
2	0.01269	0.01300	0.01546	0.27264	0.02279	0.13176	0.01205	0.01495	0.01139	0.01472	0.01133	0.09204	0.01070	0.00807	0.00947	0.00194	0.23707	0.00578	0.00297	0.09919
3	0.31989	0.01713	0.11815	0.04853	0.01729	0.10475	0.01084	0.25640	0.01654	0.02612	0.01039	0.01154	0.00771	0.00593	0.00481	0.00173	0.00645	0.00409	0.00398	0.00773
4	0.01197	0.01159	0.02008	0.44128	0.18101	0.01256	0.11597	0.01570	0.01209	0.01640	0.01048	0.01467	0.00816	0.00530	0.00568	0.00175	0.00736	0.00513	0.00274	0.10008
5	0.00951	0.00501	0.00728	0.00741	0.00745	0.00498	0.00489	0.00757	0.00787	0.01049	0.01272	0.09743	0.01357	0.07819	0.02134	0.68747	0.00484	0.00636	0.00284	0.00278
6	0.01044	0.00618	0.00826	0.00856	0.00950	0.00600	0.00620	0.01143	0.01128	0.11844	0.02582	0.40549	0.02844	0.12382	0.01170	0.06517	0.03113	0.10200	0.00499	0.00516
7	0.01180	0.01143	0.02030	0.42655	0.10953	0.01316	0.15040	0.01505	0.01143	0.01534	0.01018	0.01500	0.00811	0.00689	0.00846	0.05625	0.09548	0.00538	0.00263	0.00663
8	0.01333	0.01310	0.02335	0.19738	0.50351	0.01352	0.11773	0.01702	0.01274	0.01775	0.01074	0.01457	0.00869	0.00519	0.00583	0.00178	0.00737	0.00532	0.00278	0.00828

[dist]
# distance from previous block
# <min> <max>
12	58

[block]
# block no. 7 follows, 41 sequences, length 15
# corresponding to MSA columns:
# 369-383
name=unknown_H
#
# <colnr> <probs for GDERKNQSTAVLIFYWHMCP>
#	G	D	E	R	K	N	Q	S	T	A	V	L	I	F	Y	W	H	M	C	P
0	0.01720	0.10508	0.06313	0.01195	0.01622	0.26233	0.01007	0.07392	0.06151	0.07114	0.01142	0.01236	0.00896	0.00565	0.00514	0.00138	0.02158	0.00402	0.00365	0.23329
1	0.01303	0.00679	0.00865	0.00781	0.00919	0.00659	0.00543	0.01397	0.01066	0.21790	0.01881	0.03003	0.01790	0.45640	0.14763	0.00512	0.00699	0.00725	0.00439	0.00545
2	0.00798	0.00507	0.00628	0.00725	0.00785	0.00483	0.00495	0.00943	0.01124	0.01644	0.02801	0.58396	0.03151	0.01485	0.00640	0.00205	0.00314	0.01328	0.23066	0.00483
3	0.01688	0.01231	0.02095	0.02518	0.41099	0.01182	0.11034	0.02009	0.01401	0.22290	0.01541	0.01919	0.01202	0.00633	0.00598	0.00181	0.00654	0.05428	0.00416	0.00881
4	0.02116	0.06550	0.01727	0.01394	0.01754	0.48284	0.01092	0.26264	0.01952	0.02131	0.01042	0.01139	0.00815	0.00616	0.00526	0.00154	0.00875	0.00414	0.00384	0.00770
5	0.00748	0.00560	0.00694	0.00708	0.00829	0.00506	0.00513	0.00942	0.01403	0.01892	0.39797	0.25104	0.21400	0.01404	0.00690	0.00197	0.00291	0.01236	0.00580	0.00506
6	0.80357	0.01080	0.00837	0.00752	0.01091	0.01249	0.00614	0.01641	0.00964	0.02498	0.00805	0.00964	0.00636	0.00594	0.00435	0.03768	0.00445	0.00318	0.00349	0.00603
7	0.01147	0.02959	0.76934	0.01630	0.02476	0.01328	0.02113	0.01811	0.01208	0.01811	0.01026	0.01208	0.00725	0.00543	0.00543	0.00181	0.00845	0.00423	0.00242	0.00845
8	0.12591	0.01272	0.04269	0.01105	0.01443	0.01318	0.00906	0.38721	0.05058	0.02758	0.01809	0.22676	0.01716	0.00966	0.00586	0.00190	0.00524	0.00793	0.00519	0.00779
9	0.00930	0.00767	0.01034	0.00933	0.01031	0.00871	0.00734	0.01161	0.01416	0.02043	0.55476	0.03448	0.04129	0.01123	0.01003	0.00199	0.21724	0.00889	0.00526	0.00563
10	0.02459	0.01145	0.01434	0.01099	0.01546	0.01095	0.00908	0.22345	0.01924	0.56763	0.02015	0.01790	0.01295	0.00702	0.00574	0.00176	0.00526	0.00559	0.00671	0.00973
11	0.02436	0.01183	0.01457	0.01117	0.01565	0.01151	0.00923	0.26630	0.01987	0.52389	0.01963	0.01756	0.01268	0.00701	0.00574	0.00175	0.00534	0.00555	0.00663	0.00973
12	0.01437	0.00704	0.00940	0.00892	0.01099	0.00636	0.00682	0.01600	0.01327	0.29967	0.02881	0.33848	0.06667	0.04852	0.00774	0.00228	0.00422	0.09795	0.00589	0.00660
13	0.00734	0.00513	0.00653	0.00749	0.00773	0.00489	0.00481	0.00806	0.01023	0.01364	0.02784	0.58835	0.03318	0.23116	0.01326	0.00320	0.00393	0.01409	0.00481	0.00432
14	0.01902	0.01518	0.01565	0.01199	0.01659	0.06638	0.00977	0.49607	0.02206	0.02980	0.01243	0.01299	0.00922	0.00608	0.00528	0.00146	0.00600	0.00457	0.00490	0.23454

[dist]
# distance from previous block
# <min> <max>
2	262

# created by:
# /software/SequenceAnalysis/GenePrediction/augustus/3.0.1/scripts/msa2prfl.pl ./fixed/BUSCOvEOG7RBRZT.fas
