[name]
unknown

[dist]
# distance from previous block
# <min> <max>
54	183

[block]
# block no. 0 follows, 40 sequences, length 28
# corresponding to MSA columns:
# 185-212
name=unknown_A
#
# <colnr> <probs for GDERKNQSTAVLIFYWHMCP>
#	G	D	E	R	K	N	Q	S	T	A	V	L	I	F	Y	W	H	M	C	P
0	0.76418	0.01113	0.00899	0.00789	0.01157	0.01264	0.00650	0.01810	0.01050	0.09206	0.00943	0.01037	0.00702	0.00556	0.00380	0.00180	0.00454	0.00339	0.00392	0.00662
1	0.01446	0.01249	0.01315	0.01183	0.01512	0.01446	0.00920	0.03090	0.74885	0.02433	0.02367	0.02170	0.01775	0.00789	0.00592	0.00197	0.00460	0.00657	0.00592	0.00920
2	0.00687	0.00589	0.00589	0.00589	0.00785	0.00491	0.00442	0.00835	0.01325	0.01571	0.05891	0.05596	0.75700	0.01473	0.00687	0.00196	0.00295	0.01227	0.00540	0.00491
3	0.01098	0.01034	0.01744	0.78165	0.04005	0.01292	0.01615	0.01486	0.01163	0.01486	0.01034	0.01550	0.00775	0.00581	0.00581	0.00194	0.00775	0.00517	0.00258	0.00646
4	0.01482	0.01267	0.01335	0.01191	0.01526	0.01463	0.00929	0.06407	0.71510	0.02490	0.02321	0.02133	0.01738	0.00785	0.00591	0.00196	0.00469	0.00651	0.00591	0.00924
5	0.01163	0.00618	0.00626	0.00598	0.00756	0.00630	0.00455	0.06422	0.01325	0.02272	0.01862	0.02114	0.01456	0.00679	0.00419	0.00138	0.00297	0.00541	0.77057	0.00573
6	0.01373	0.01569	0.03431	0.02451	0.03039	0.01471	0.73824	0.01863	0.01373	0.01863	0.01176	0.01569	0.00882	0.00490	0.00686	0.00196	0.00980	0.00686	0.00294	0.00784
7	0.01439	0.01382	0.02360	0.03569	0.75936	0.01382	0.01785	0.01785	0.01324	0.01900	0.01094	0.01439	0.00921	0.00518	0.00576	0.00173	0.00691	0.00518	0.00288	0.00921
8	0.00846	0.00564	0.00634	0.00634	0.00634	0.00564	0.00352	0.00846	0.00846	0.01128	0.01832	0.03805	0.02114	0.79563	0.02960	0.00564	0.00564	0.00846	0.00352	0.00352
9	0.00709	0.00506	0.00675	0.00810	0.00843	0.00472	0.00540	0.00810	0.01113	0.01484	0.03205	0.79184	0.03846	0.01822	0.00742	0.00236	0.00337	0.01653	0.00540	0.00472
10	0.00696	0.00589	0.00601	0.00598	0.00791	0.00494	0.00448	0.00851	0.01345	0.01617	0.10152	0.05520	0.71410	0.01455	0.00687	0.00196	0.00293	0.01217	0.00546	0.00494
11	0.01337	0.01464	0.02875	0.19918	0.08273	0.03813	0.48269	0.01775	0.01319	0.01754	0.01120	0.01532	0.00854	0.00528	0.00676	0.00194	0.02637	0.00622	0.00285	0.00755
12	0.00831	0.00623	0.00935	0.00935	0.01038	0.00727	0.00727	0.01038	0.00935	0.01350	0.01558	0.02285	0.01454	0.04361	0.77259	0.00935	0.01558	0.00623	0.00312	0.00519
13	0.02172	0.02772	0.01648	0.01498	0.01798	0.77228	0.01124	0.02322	0.01648	0.01423	0.00899	0.01049	0.00749	0.00599	0.00524	0.00150	0.01049	0.00375	0.00300	0.00674
14	0.01248	0.01164	0.01871	0.51559	0.08070	0.01361	0.07960	0.05169	0.12223	0.01789	0.01265	0.01630	0.00953	0.00605	0.00592	0.00192	0.00735	0.00553	0.00328	0.00733
15	0.01260	0.08305	0.02176	0.51892	0.03454	0.06299	0.15299	0.01634	0.01236	0.01543	0.01032	0.01466	0.00791	0.00558	0.00579	0.00185	0.00818	0.00522	0.00267	0.00683
16	0.01364	0.01542	0.03284	0.02368	0.02904	0.01498	0.67332	0.01821	0.01329	0.01821	0.01140	0.01542	0.00872	0.00537	0.00796	0.00201	0.07916	0.00670	0.00291	0.00771
17	0.00709	0.00506	0.00675	0.00810	0.00843	0.00472	0.00540	0.00810	0.01113	0.01484	0.03205	0.79184	0.03846	0.01822	0.00742	0.00236	0.00337	0.01653	0.00540	0.00472
18	0.00870	0.00744	0.01160	0.01108	0.01201	0.00783	0.09188	0.01020	0.01110	0.01516	0.02606	0.58560	0.03043	0.01547	0.00909	0.00234	0.12029	0.01370	0.00469	0.00533
19	0.00998	0.00875	0.01246	0.17813	0.01823	0.00888	0.07871	0.07649	0.01426	0.01802	0.06322	0.06356	0.36894	0.01122	0.00662	0.00198	0.00509	0.04482	0.00462	0.00601
20	0.00928	0.00585	0.00792	0.00887	0.00980	0.00550	0.00655	0.01077	0.01212	0.08238	0.03096	0.56416	0.03522	0.01676	0.00741	0.00238	0.00395	0.16924	0.00555	0.00532
21	0.00723	0.00517	0.00692	0.00827	0.00867	0.00485	0.00565	0.00835	0.01128	0.01501	0.03197	0.74514	0.03814	0.01808	0.00746	0.00238	0.00350	0.06177	0.00540	0.00476
22	0.01313	0.08395	0.02750	0.04517	0.07219	0.01360	0.44333	0.01702	0.01303	0.01787	0.01254	0.06862	0.01073	0.00580	0.00614	0.00175	0.00796	0.00653	0.00313	0.13001
23	0.01961	0.07817	0.01959	0.01804	0.12120	0.52807	0.05651	0.04503	0.01573	0.01585	0.00950	0.01143	0.00789	0.00586	0.00562	0.00157	0.02585	0.00417	0.00302	0.00730
24	0.01084	0.00542	0.00542	0.00542	0.00678	0.00542	0.00407	0.01355	0.01220	0.02168	0.01897	0.02168	0.01491	0.00678	0.00407	0.00136	0.00271	0.00542	0.82791	0.00542
25	0.01460	0.01325	0.01619	0.01753	0.17821	0.03251	0.03463	0.02747	0.54696	0.02274	0.02015	0.01964	0.01535	0.00716	0.00590	0.00191	0.00541	0.00621	0.00509	0.00910
26	0.01776	0.37039	0.04609	0.01204	0.01647	0.16249	0.01068	0.16388	0.11223	0.01989	0.01154	0.01218	0.00929	0.00596	0.00477	0.00151	0.00693	0.00414	0.00369	0.00807
27	0.01335	0.10495	0.54293	0.01658	0.07560	0.01424	0.01847	0.01967	0.05758	0.06623	0.01184	0.01319	0.00860	0.00570	0.00540	0.00178	0.00775	0.00448	0.00301	0.00864

[dist]
# distance from previous block
# <min> <max>
0	39

# created by:
# /software/SequenceAnalysis/GenePrediction/augustus/3.0.1/scripts/msa2prfl.pl ./fixed/BUSCOvEOG74J40D.fas
