[name]
unknown

[dist]
# distance from previous block
# <min> <max>
0	200

[block]
# block no. 0 follows, 40 sequences, length 51
# corresponding to MSA columns:
# 230-280
name=unknown_A
#
# <colnr> <probs for GDERKNQSTAVLIFYWHMCP>
#	G	D	E	R	K	N	Q	S	T	A	V	L	I	F	Y	W	H	M	C	P
0	0.01061	0.00810	0.01029	0.01098	0.01279	0.00858	0.00933	0.01662	0.19190	0.01908	0.02906	0.05494	0.02965	0.01408	0.00752	0.00251	0.00517	0.54700	0.00549	0.00629
1	0.01539	0.76891	0.05936	0.01021	0.01533	0.02264	0.01040	0.01745	0.01183	0.01387	0.00818	0.00944	0.00746	0.00500	0.00380	0.00127	0.00631	0.00316	0.00249	0.00751
2	0.01527	0.01208	0.01270	0.01062	0.01358	0.06166	0.00841	0.31637	0.06536	0.02833	0.35384	0.02769	0.03079	0.00922	0.00626	0.00178	0.00489	0.00763	0.00591	0.00763
3	0.00826	0.00559	0.00659	0.00692	0.00706	0.00553	0.00421	0.00860	0.00924	0.01229	0.02158	0.17892	0.02506	0.60681	0.02425	0.00486	0.00520	0.05121	0.00398	0.00385
4	0.01480	0.01266	0.01334	0.01190	0.01525	0.01462	0.00929	0.06182	0.71739	0.02486	0.02325	0.02136	0.01741	0.00785	0.00591	0.00196	0.00468	0.00652	0.00591	0.00923
5	0.01555	0.79913	0.03047	0.00995	0.01493	0.02301	0.00995	0.01741	0.01182	0.01368	0.00808	0.00933	0.00746	0.00498	0.00373	0.00124	0.00622	0.00311	0.00249	0.00746
6	0.00799	0.00706	0.00698	0.00739	0.00883	0.05534	0.00534	0.00933	0.01273	0.01535	0.04548	0.31146	0.43701	0.01541	0.00699	0.00209	0.00365	0.03136	0.00524	0.00498
7	0.01555	0.79913	0.03047	0.00995	0.01493	0.02301	0.00995	0.01741	0.01182	0.01368	0.00808	0.00933	0.00746	0.00498	0.00373	0.00124	0.00622	0.00311	0.00249	0.00746
8	0.00687	0.00589	0.00589	0.00589	0.00785	0.00491	0.00442	0.00835	0.01325	0.01571	0.05891	0.05596	0.75700	0.01473	0.00687	0.00196	0.00295	0.01227	0.00540	0.00491
9	0.00846	0.00564	0.00634	0.00634	0.00634	0.00564	0.00352	0.00846	0.00846	0.01128	0.01832	0.03805	0.02114	0.79563	0.02960	0.00564	0.00564	0.00846	0.00352	0.00352
10	0.06228	0.01142	0.01789	0.52920	0.14867	0.01364	0.01533	0.05683	0.01252	0.01738	0.01035	0.01471	0.00801	0.00601	0.00644	0.00192	0.05240	0.00505	0.00287	0.00707
11	0.01555	0.79913	0.03047	0.00995	0.01493	0.02301	0.00995	0.01741	0.01182	0.01368	0.00808	0.00933	0.00746	0.00498	0.00373	0.00124	0.00622	0.00311	0.00249	0.00746
12	0.00707	0.00512	0.00669	0.00795	0.00840	0.00474	0.00533	0.00811	0.01127	0.01490	0.03382	0.74346	0.08570	0.01799	0.00739	0.00234	0.00335	0.01625	0.00540	0.00474
13	0.01350	0.01518	0.03225	0.06779	0.02996	0.01481	0.64868	0.01810	0.01329	0.01810	0.01141	0.01548	0.00868	0.00530	0.00761	0.00200	0.06065	0.00665	0.00289	0.00767
14	0.01234	0.04967	0.70386	0.01631	0.02450	0.05709	0.02060	0.01866	0.01251	0.01806	0.01029	0.01210	0.00738	0.00554	0.00546	0.00181	0.00864	0.00424	0.00249	0.00846
15	0.01652	0.00832	0.01020	0.00863	0.01183	0.00744	0.00693	0.03712	0.05032	0.35763	0.06604	0.03668	0.30926	0.01072	0.00638	0.00191	0.00411	0.03612	0.00629	0.00755
16	0.01189	0.00662	0.00692	0.00649	0.00818	0.00686	0.00499	0.09045	0.01364	0.02280	0.01824	0.02093	0.01435	0.00890	0.04815	0.00185	0.00384	0.00545	0.69357	0.00588
17	0.01397	0.01252	0.01691	0.51460	0.03207	0.05022	0.01418	0.15285	0.09781	0.01997	0.01245	0.01567	0.00927	0.00627	0.00580	0.00188	0.00727	0.00527	0.00358	0.00742
18	0.01416	0.01435	0.03558	0.12765	0.55926	0.05002	0.04607	0.01760	0.01301	0.01801	0.01065	0.01429	0.00883	0.00551	0.00635	0.00179	0.04032	0.00516	0.00283	0.00856
19	0.01223	0.01265	0.02457	0.44531	0.06115	0.01368	0.31220	0.01651	0.01254	0.01655	0.01094	0.01554	0.00824	0.00542	0.00624	0.00194	0.00856	0.00586	0.00274	0.00712
20	0.44655	0.01256	0.01499	0.20785	0.05680	0.05471	0.09577	0.01708	0.01131	0.02138	0.00928	0.01201	0.00717	0.00547	0.00474	0.00183	0.00639	0.00423	0.00320	0.00668
21	0.00817	0.00594	0.00768	0.00725	0.00865	0.00546	0.00544	0.01085	0.01631	0.02296	0.72307	0.04404	0.08831	0.01202	0.00686	0.00184	0.00275	0.01060	0.00635	0.00546
22	0.01944	0.01010	0.01281	0.00953	0.01434	0.00817	0.00776	0.02185	0.01447	0.41067	0.01697	0.01613	0.01166	0.00583	0.00512	0.00135	0.00464	0.00471	0.00542	0.39902
23	0.00823	0.00594	0.00777	0.00732	0.00869	0.00549	0.00549	0.01097	0.01646	0.02332	0.75629	0.04344	0.05487	0.01189	0.00686	0.00183	0.00274	0.01052	0.00640	0.00549
24	0.00831	0.00623	0.00935	0.00935	0.01038	0.00727	0.00727	0.01038	0.00935	0.01350	0.01558	0.02285	0.01454	0.04361	0.77259	0.00935	0.01558	0.00623	0.00312	0.00519
25	0.00695	0.00589	0.00599	0.00597	0.00790	0.00494	0.00448	0.00849	0.01343	0.01613	0.09700	0.05528	0.71865	0.01457	0.00687	0.00196	0.00293	0.01218	0.00545	0.00494
26	0.00709	0.00506	0.00675	0.00810	0.00843	0.00472	0.00540	0.00810	0.01113	0.01484	0.03205	0.79184	0.03846	0.01822	0.00742	0.00236	0.00337	0.01653	0.00540	0.00472
27	0.00709	0.00506	0.00675	0.00810	0.00843	0.00472	0.00540	0.00810	0.01113	0.01484	0.03205	0.79184	0.03846	0.01822	0.00742	0.00236	0.00337	0.01653	0.00540	0.00472
28	0.01555	0.79913	0.03047	0.00995	0.01493	0.02301	0.00995	0.01741	0.01182	0.01368	0.00808	0.00933	0.00746	0.00498	0.00373	0.00124	0.00622	0.00311	0.00249	0.00746
29	0.01363	0.01540	0.03274	0.02363	0.02895	0.01500	0.66922	0.01819	0.01327	0.01819	0.01137	0.01540	0.00871	0.00540	0.00803	0.00202	0.08354	0.00669	0.00290	0.00770
30	0.02255	0.05737	0.01566	0.01149	0.01589	0.01321	0.00951	0.25170	0.12622	0.38470	0.01938	0.01764	0.01307	0.00710	0.00573	0.00178	0.00543	0.00560	0.00631	0.00965
31	0.01069	0.00790	0.01073	0.00995	0.01160	0.00799	0.06756	0.12710	0.01382	0.01926	0.02397	0.41229	0.02590	0.05976	0.05430	0.00271	0.00518	0.01138	0.11205	0.00586
32	0.00977	0.00590	0.00779	0.00815	0.00930	0.00538	0.00579	0.01131	0.01298	0.11395	0.17416	0.51546	0.06679	0.01540	0.00709	0.00217	0.00344	0.01379	0.00583	0.00555
33	0.01951	0.01399	0.01565	0.04209	0.01742	0.01456	0.00997	0.48199	0.02222	0.08686	0.01388	0.01429	0.01002	0.00638	0.00545	0.00156	0.00579	0.00490	0.02946	0.18402
34	0.01564	0.01291	0.02303	0.01749	0.02122	0.01355	0.32031	0.06028	0.01351	0.15568	0.01352	0.01655	0.01033	0.01113	0.09935	0.00291	0.17491	0.00613	0.00383	0.00771
35	0.00846	0.00564	0.00634	0.00634	0.00634	0.00564	0.00352	0.00846	0.00846	0.01128	0.01832	0.03805	0.02114	0.79563	0.02960	0.00564	0.00564	0.00846	0.00352	0.00352
36	0.00722	0.00516	0.00691	0.00826	0.00865	0.00484	0.00564	0.00834	0.01127	0.01500	0.03197	0.74784	0.03816	0.01809	0.00746	0.00238	0.00349	0.05916	0.00540	0.00476
37	0.01524	0.40798	0.08802	0.04856	0.12446	0.01817	0.08906	0.01913	0.06100	0.06152	0.01109	0.01267	0.00896	0.00540	0.00486	0.00155	0.00677	0.00438	0.00310	0.00806
38	0.00937	0.00669	0.00937	0.01071	0.01205	0.00669	0.00937	0.01205	0.01339	0.01740	0.03079	0.06560	0.03347	0.01606	0.00803	0.00268	0.00535	0.72021	0.00535	0.00535
39	0.01084	0.00542	0.00542	0.00542	0.00678	0.00542	0.00407	0.01355	0.01220	0.02168	0.01897	0.02168	0.01491	0.00678	0.00407	0.00136	0.00271	0.00542	0.82791	0.00542
40	0.01148	0.01023	0.01491	0.05055	0.21097	0.05099	0.04632	0.01440	0.01331	0.01754	0.05063	0.04074	0.03645	0.01330	0.05733	0.00269	0.00688	0.34044	0.00424	0.00660
41	0.03491	0.40575	0.02300	0.01217	0.01617	0.34245	0.01038	0.02071	0.05842	0.01482	0.00942	0.01058	0.00807	0.00560	0.00451	0.00141	0.00791	0.00359	0.00294	0.00724
42	0.00723	0.00527	0.00683	0.00789	0.00851	0.00487	0.00543	0.00849	0.01186	0.01571	0.09452	0.63151	0.11312	0.01727	0.00734	0.00229	0.00334	0.03821	0.00548	0.00483
43	0.19522	0.01483	0.06367	0.07229	0.36068	0.07968	0.04835	0.01778	0.01259	0.01998	0.01058	0.01339	0.00853	0.00544	0.00518	0.00173	0.00674	0.00465	0.05083	0.00785
44	0.00855	0.00599	0.00758	0.00721	0.00861	0.00548	0.00533	0.01088	0.01534	0.04303	0.57160	0.07956	0.13536	0.05987	0.00824	0.00210	0.00304	0.01075	0.00608	0.00539
45	0.01323	0.01208	0.01675	0.15591	0.01953	0.01592	0.01251	0.09632	0.01170	0.01715	0.00973	0.01419	0.00853	0.00980	0.03642	0.00247	0.48582	0.00517	0.05009	0.00669
46	0.01027	0.00851	0.01011	0.00828	0.01184	0.00669	0.00629	0.01233	0.01187	0.01754	0.01983	0.24135	0.06648	0.00903	0.00538	0.00137	0.00395	0.00783	0.00414	0.53690
47	0.01283	0.26068	0.54510	0.01459	0.02210	0.01636	0.01803	0.01812	0.01214	0.01700	0.00973	0.01139	0.00740	0.00536	0.00499	0.00166	0.00788	0.00394	0.00247	0.00825
48	0.01360	0.19847	0.11665	0.01916	0.07623	0.01581	0.33956	0.01843	0.06125	0.01763	0.01270	0.06113	0.01074	0.00602	0.00587	0.00179	0.00789	0.00613	0.00312	0.00784
49	0.01055	0.02401	0.58133	0.01452	0.02111	0.01137	0.01758	0.01591	0.01200	0.01755	0.01568	0.20150	0.01491	0.00861	0.00599	0.00197	0.00733	0.00727	0.00317	0.00765
50	0.01377	0.01312	0.02229	0.13261	0.44712	0.01375	0.09786	0.05798	0.01350	0.01885	0.01215	0.05963	0.01061	0.00640	0.00680	0.00187	0.05426	0.00603	0.00314	0.00828

[dist]
# distance from previous block
# <min> <max>
0	2

[block]
# block no. 1 follows, 40 sequences, length 42
# corresponding to MSA columns:
# 283-324
name=unknown_B
#
# <colnr> <probs for GDERKNQSTAVLIFYWHMCP>
#	G	D	E	R	K	N	Q	S	T	A	V	L	I	F	Y	W	H	M	C	P
0	0.00967	0.00901	0.01344	0.01221	0.01365	0.04853	0.13901	0.01144	0.01164	0.01540	0.02452	0.52580	0.02813	0.01429	0.00847	0.00226	0.08956	0.01287	0.00452	0.00557
1	0.00929	0.00663	0.00927	0.01061	0.01192	0.00662	0.00922	0.01190	0.01330	0.01731	0.03084	0.09230	0.03365	0.01614	0.00801	0.00267	0.00528	0.69434	0.00536	0.00533
2	0.01371	0.01173	0.01528	0.30082	0.05440	0.01373	0.01217	0.03894	0.40360	0.04599	0.01794	0.01886	0.01339	0.00696	0.00587	0.00194	0.00592	0.00594	0.00459	0.00822
3	0.00816	0.00594	0.00768	0.00725	0.00865	0.00546	0.00544	0.01085	0.01631	0.02295	0.72253	0.04404	0.08885	0.01203	0.00686	0.00184	0.00275	0.01060	0.00635	0.00546
4	0.01098	0.01034	0.01744	0.78165	0.04005	0.01292	0.01615	0.01486	0.01163	0.01486	0.01034	0.01550	0.00775	0.00581	0.00581	0.00194	0.00775	0.00517	0.00258	0.00646
5	0.01501	0.01276	0.01346	0.01195	0.01533	0.01472	0.00934	0.08187	0.69698	0.02521	0.02297	0.02114	0.01719	0.00782	0.00591	0.00196	0.00473	0.00648	0.00591	0.00925
6	0.00697	0.00575	0.00613	0.00633	0.00799	0.00491	0.00464	0.00843	0.01305	0.01593	0.08771	0.17983	0.60189	0.01518	0.00697	0.00202	0.00301	0.01291	0.00545	0.00491
7	0.01477	0.01221	0.01347	0.06710	0.01690	0.01407	0.00967	0.02963	0.66085	0.05898	0.02268	0.02116	0.01687	0.00771	0.00591	0.00196	0.00485	0.00644	0.00574	0.00904
8	0.83671	0.01125	0.00855	0.00765	0.01125	0.01305	0.00630	0.01709	0.00990	0.02609	0.00810	0.00945	0.00630	0.00540	0.00360	0.00180	0.00450	0.00315	0.00360	0.00630
9	0.02061	0.02323	0.01575	0.01405	0.01728	0.54469	0.01070	0.06713	0.15514	0.05707	0.01279	0.01330	0.00993	0.00647	0.00544	0.00162	0.00884	0.00448	0.00393	0.00756
10	0.01096	0.00998	0.00958	0.00894	0.01152	0.05534	0.00684	0.01872	0.32255	0.01924	0.04108	0.03881	0.40103	0.01133	0.00637	0.00194	0.00410	0.00936	0.00547	0.00682
11	0.00831	0.00623	0.00935	0.00935	0.01038	0.00727	0.00727	0.01038	0.00935	0.01350	0.01558	0.02285	0.01454	0.04361	0.77259	0.00935	0.01558	0.00623	0.00312	0.00519
12	0.00831	0.00623	0.00935	0.00935	0.01038	0.00727	0.00727	0.01038	0.00935	0.01350	0.01558	0.02285	0.01454	0.04361	0.77259	0.00935	0.01558	0.00623	0.00312	0.00519
13	0.01940	0.00965	0.01228	0.01059	0.01401	0.00936	0.00860	0.02493	0.18604	0.42075	0.02500	0.08292	0.01990	0.00954	0.00632	0.00202	0.00482	0.11875	0.00648	0.00865
14	0.01098	0.01034	0.01744	0.78165	0.04005	0.01292	0.01615	0.01486	0.01163	0.01486	0.01034	0.01550	0.00775	0.00581	0.00581	0.00194	0.00775	0.00517	0.00258	0.00646
15	0.02185	0.01616	0.01731	0.01333	0.01793	0.01791	0.01099	0.71582	0.05191	0.03623	0.01429	0.01422	0.01016	0.00701	0.00582	0.00175	0.00634	0.00528	0.00582	0.00987
16	0.83671	0.01125	0.00855	0.00765	0.01125	0.01305	0.00630	0.01709	0.00990	0.02609	0.00810	0.00945	0.00630	0.00540	0.00360	0.00180	0.00450	0.00315	0.00360	0.00630
17	0.07685	0.01167	0.01292	0.01111	0.01476	0.01269	0.00881	0.02919	0.48926	0.23285	0.02234	0.02028	0.01598	0.00752	0.00573	0.00191	0.00469	0.00612	0.00611	0.00919
18	0.01441	0.01345	0.02220	0.15101	0.59332	0.01398	0.01709	0.06929	0.01400	0.01962	0.01106	0.01454	0.00903	0.00541	0.00577	0.00176	0.00700	0.00518	0.00304	0.00883
19	0.00693	0.00589	0.00597	0.00595	0.00789	0.00493	0.00446	0.00846	0.01339	0.01604	0.08893	0.05543	0.72677	0.01461	0.00687	0.00196	0.00294	0.01220	0.00544	0.00493
20	0.00980	0.00770	0.00875	0.00804	0.01012	0.00762	0.00615	0.06572	0.13108	0.02217	0.38007	0.04165	0.25526	0.01176	0.00664	0.00189	0.00336	0.01004	0.00598	0.00621
21	0.83671	0.01125	0.00855	0.00765	0.01125	0.01305	0.00630	0.01709	0.00990	0.02609	0.00810	0.00945	0.00630	0.00540	0.00360	0.00180	0.00450	0.00315	0.00360	0.00630
22	0.01452	0.01462	0.04970	0.03328	0.64519	0.01403	0.07965	0.04364	0.01375	0.01957	0.01110	0.01442	0.00914	0.00523	0.00585	0.00175	0.00720	0.00530	0.00297	0.00910
23	0.00816	0.00594	0.00768	0.00725	0.00865	0.00546	0.00544	0.01085	0.01631	0.02295	0.72253	0.04404	0.08885	0.01203	0.00686	0.00184	0.00275	0.01060	0.00635	0.00546
24	0.01262	0.01258	0.01779	0.06162	0.01677	0.01752	0.01293	0.01405	0.00907	0.01405	0.00780	0.01289	0.00764	0.00991	0.01828	0.00251	0.73797	0.00509	0.00255	0.00637
25	0.01166	0.03008	0.76550	0.01657	0.02517	0.01351	0.02149	0.01842	0.01228	0.01842	0.01044	0.01228	0.00737	0.00552	0.00552	0.00184	0.00859	0.00430	0.00246	0.00859
26	0.01361	0.01302	0.02220	0.20624	0.59490	0.01361	0.01746	0.01716	0.01287	0.01805	0.01080	0.01465	0.00888	0.00533	0.00577	0.00178	0.00710	0.00518	0.00281	0.00858
27	0.00846	0.00564	0.00634	0.00634	0.00634	0.00564	0.00352	0.00846	0.00846	0.01128	0.01832	0.03805	0.02114	0.79563	0.02960	0.00564	0.00564	0.00846	0.00352	0.00352
28	0.01167	0.00943	0.01097	0.01098	0.01319	0.01038	0.00884	0.02109	0.38321	0.02060	0.02735	0.12584	0.02613	0.01220	0.00690	0.00229	0.00475	0.28134	0.00564	0.00722
29	0.00709	0.00506	0.00675	0.00810	0.00843	0.00472	0.00540	0.00810	0.01113	0.01484	0.03205	0.79184	0.03846	0.01822	0.00742	0.00236	0.00337	0.01653	0.00540	0.00472
30	0.00707	0.00590	0.00617	0.00610	0.00798	0.00499	0.00458	0.00873	0.01373	0.01683	0.16205	0.05411	0.65316	0.01431	0.00687	0.00194	0.00292	0.01201	0.00555	0.00499
31	0.01555	0.79913	0.03047	0.00995	0.01493	0.02301	0.00995	0.01741	0.01182	0.01368	0.00808	0.00933	0.00746	0.00498	0.00373	0.00124	0.00622	0.00311	0.00249	0.00746
32	0.83671	0.01125	0.00855	0.00765	0.01125	0.01305	0.00630	0.01709	0.00990	0.02609	0.00810	0.00945	0.00630	0.00540	0.00360	0.00180	0.00450	0.00315	0.00360	0.00630
33	0.01032	0.01088	0.00838	0.00802	0.01020	0.18037	0.00602	0.01184	0.01411	0.01564	0.07232	0.04512	0.56065	0.01263	0.00650	0.00185	0.00466	0.01026	0.00489	0.00535
34	0.01151	0.01087	0.01839	0.66711	0.15050	0.01306	0.01641	0.01532	0.01188	0.01549	0.01043	0.01533	0.00798	0.00572	0.00581	0.00191	0.00762	0.00517	0.00263	0.00688
35	0.00917	0.00615	0.00808	0.00748	0.00901	0.00565	0.00565	0.01189	0.01647	0.06245	0.71751	0.04219	0.05273	0.01164	0.00681	0.00183	0.00286	0.01027	0.00644	0.00572
36	0.02483	0.00999	0.01334	0.01038	0.01472	0.00890	0.00852	0.02812	0.06962	0.69243	0.04031	0.02049	0.01559	0.00736	0.00588	0.00181	0.00487	0.00601	0.00709	0.00974
37	0.01446	0.01249	0.01315	0.01183	0.01512	0.01446	0.00920	0.03090	0.74885	0.02433	0.02367	0.02170	0.01775	0.00789	0.00592	0.00197	0.00460	0.00657	0.00592	0.00920
38	0.83671	0.01125	0.00855	0.00765	0.01125	0.01305	0.00630	0.01709	0.00990	0.02609	0.00810	0.00945	0.00630	0.00540	0.00360	0.00180	0.00450	0.00315	0.00360	0.00630
39	0.02218	0.01683	0.01730	0.01340	0.01795	0.06343	0.01100	0.67967	0.02643	0.05259	0.01387	0.01389	0.00985	0.00693	0.00578	0.00173	0.00661	0.00516	0.00568	0.00970
40	0.00831	0.00623	0.00935	0.00935	0.01038	0.00727	0.00727	0.01038	0.00935	0.01350	0.01558	0.02285	0.01454	0.04361	0.77259	0.00935	0.01558	0.00623	0.00312	0.00519
41	0.06017	0.01532	0.01702	0.10723	0.02040	0.01717	0.01145	0.61614	0.02457	0.03347	0.01323	0.01393	0.00945	0.00676	0.00571	0.00177	0.00647	0.00513	0.00531	0.00930

[dist]
# distance from previous block
# <min> <max>
4	333

# created by:
# /software/SequenceAnalysis/GenePrediction/augustus/3.0.1/scripts/msa2prfl.pl ./fixed/BUSCOvEOG7GXH23.fas
