[name]
unknown

[dist]
# distance from previous block
# <min> <max>
0	104

[block]
# block no. 0 follows, 38 sequences, length 43
# corresponding to MSA columns:
# 106-148
name=unknown_A
#
# <colnr> <probs for GDERKNQSTAVLIFYWHMCP>
#	G	D	E	R	K	N	Q	S	T	A	V	L	I	F	Y	W	H	M	C	P
0	0.00810	0.00656	0.00728	0.00731	0.00912	0.00600	0.00549	0.01105	0.06917	0.01836	0.18030	0.13499	0.45398	0.01463	0.00715	0.00209	0.00330	0.04379	0.00582	0.00552
1	0.00859	0.00620	0.00810	0.00762	0.00904	0.00572	0.00571	0.01141	0.01707	0.02418	0.74710	0.04500	0.05677	0.01234	0.00712	0.00191	0.00287	0.01090	0.00664	0.00571
2	0.01143	0.01074	0.01809	0.77328	0.04145	0.01340	0.01673	0.01542	0.01207	0.01544	0.01076	0.01613	0.00809	0.00606	0.00604	0.00202	0.00804	0.00537	0.00270	0.00672
3	0.53796	0.01118	0.01076	0.00898	0.01304	0.01184	0.00739	0.02196	0.01282	0.29171	0.01403	0.01377	0.00963	0.00631	0.00460	0.00187	0.00485	0.00430	0.00510	0.00791
4	0.01238	0.00978	0.04204	0.00942	0.01203	0.00915	0.00770	0.15721	0.05256	0.04208	0.46012	0.03545	0.06786	0.01062	0.00665	0.00188	0.00402	0.00907	0.04296	0.00701
5	0.00746	0.00534	0.00709	0.00839	0.00880	0.00497	0.00562	0.00858	0.01183	0.01585	0.06806	0.74779	0.04065	0.01856	0.00768	0.00243	0.00348	0.01681	0.00566	0.00496
6	0.83020	0.01168	0.00889	0.00796	0.01169	0.01353	0.00655	0.01773	0.01028	0.02705	0.00845	0.00988	0.00659	0.00563	0.00376	0.00187	0.00468	0.00328	0.00375	0.00655
7	0.00850	0.00565	0.00750	0.00856	0.00918	0.00527	0.00588	0.00969	0.01203	0.04901	0.05952	0.66044	0.03844	0.04678	0.00850	0.00255	0.00375	0.04792	0.00566	0.00518
8	0.51126	0.01140	0.01007	0.00872	0.01223	0.01281	0.00708	0.11675	0.04700	0.05856	0.01254	0.01365	0.00947	0.00629	0.00436	0.00180	0.00467	0.00425	0.13987	0.00721
9	0.00859	0.00620	0.00810	0.00762	0.00904	0.00572	0.00571	0.01141	0.01707	0.02418	0.74710	0.04500	0.05677	0.01234	0.00712	0.00191	0.00287	0.01090	0.00664	0.00571
10	0.00801	0.00631	0.00654	0.00639	0.00850	0.00530	0.00482	0.00960	0.01404	0.04493	0.09042	0.05593	0.68866	0.01484	0.00710	0.00203	0.00314	0.01237	0.00573	0.00534
11	0.04243	0.00710	0.00860	0.00810	0.00920	0.00714	0.00550	0.04060	0.01104	0.11046	0.01959	0.10179	0.02022	0.42324	0.10937	0.05102	0.00671	0.00839	0.00433	0.00517
12	0.51374	0.01164	0.01106	0.00932	0.01332	0.01262	0.00763	0.05412	0.06972	0.22356	0.01411	0.01395	0.00993	0.00641	0.00467	0.00189	0.00490	0.00441	0.00504	0.00796
13	0.00741	0.00529	0.00704	0.00843	0.00878	0.00493	0.00562	0.00843	0.01156	0.01543	0.03320	0.78386	0.03982	0.01888	0.00771	0.00246	0.00352	0.01711	0.00561	0.00493
14	0.01052	0.00528	0.00789	0.00789	0.00790	0.00527	0.00526	0.00789	0.00789	0.01052	0.01052	0.01838	0.01052	0.02093	0.02352	0.82403	0.00525	0.00525	0.00264	0.00265
15	0.04671	0.01198	0.01384	0.04343	0.04435	0.01371	0.00999	0.04114	0.45492	0.06725	0.02231	0.09030	0.01838	0.00921	0.00727	0.00212	0.06340	0.02553	0.00554	0.00864
16	0.00786	0.00560	0.00747	0.00880	0.00931	0.00531	0.00622	0.00913	0.01183	0.01571	0.03239	0.63356	0.03821	0.05112	0.00878	0.00265	0.00396	0.13162	0.00552	0.00498
17	0.01423	0.01615	0.03484	0.02500	0.03084	0.01538	0.69972	0.01912	0.01404	0.01914	0.01207	0.01620	0.00915	0.00534	0.00763	0.00207	0.04090	0.00705	0.00305	0.00809
18	0.01470	0.01420	0.02457	0.08309	0.67173	0.01431	0.05154	0.01835	0.01366	0.01943	0.01139	0.01512	0.00948	0.00544	0.00604	0.00183	0.00736	0.00546	0.00299	0.00932
19	0.01263	0.03045	0.73193	0.01697	0.02572	0.01384	0.02180	0.01944	0.01289	0.04354	0.01130	0.01306	0.00793	0.00582	0.00576	0.00192	0.00879	0.00452	0.00273	0.00897
20	0.00859	0.00620	0.00810	0.00762	0.00904	0.00572	0.00571	0.01141	0.01707	0.02418	0.74710	0.04500	0.05677	0.01234	0.00712	0.00191	0.00287	0.01090	0.00664	0.00571
21	0.01152	0.01086	0.01810	0.73845	0.04027	0.01363	0.01656	0.01538	0.01194	0.01540	0.01064	0.01600	0.00808	0.00627	0.00668	0.00205	0.04339	0.00537	0.00270	0.00672
22	0.01233	0.01181	0.02040	0.57709	0.18898	0.01370	0.05739	0.01628	0.01254	0.01655	0.01098	0.01591	0.00847	0.00587	0.00609	0.00197	0.00798	0.00547	0.00278	0.00739
23	0.01395	0.01534	0.03031	0.02247	0.02670	0.01623	0.50986	0.01785	0.01272	0.01787	0.01094	0.01539	0.00882	0.00679	0.01099	0.00223	0.24438	0.00656	0.00294	0.00768
24	0.01095	0.00640	0.00748	0.00710	0.00765	0.00623	0.00429	0.01120	0.00979	0.09849	0.01957	0.03723	0.02111	0.69659	0.02775	0.00538	0.00577	0.00845	0.00411	0.00446
25	0.83020	0.01168	0.00889	0.00796	0.01169	0.01353	0.00655	0.01773	0.01028	0.02705	0.00845	0.00988	0.00659	0.00563	0.00376	0.00187	0.00468	0.00328	0.00375	0.00655
26	0.02270	0.01146	0.01394	0.01097	0.01522	0.01106	0.00896	0.20310	0.04788	0.43850	0.04632	0.02418	0.10070	0.00851	0.00623	0.00189	0.00520	0.00685	0.00681	0.00951
27	0.01397	0.01183	0.01279	0.01183	0.01484	0.01348	0.00924	0.02842	0.61457	0.02411	0.05324	0.06177	0.02229	0.00960	0.00645	0.00213	0.00472	0.06977	0.00609	0.00885
28	0.10533	0.00722	0.00857	0.00793	0.00979	0.00708	0.00605	0.01345	0.04424	0.04525	0.61236	0.03933	0.04824	0.01126	0.00666	0.00191	0.00322	0.00971	0.00631	0.00609
29	0.02421	0.01089	0.01399	0.01090	0.01520	0.01012	0.00893	0.14214	0.01905	0.55169	0.10676	0.02243	0.01907	0.00802	0.00620	0.00187	0.00512	0.00653	0.00714	0.00974
30	0.06615	0.01353	0.01297	0.01155	0.01475	0.10046	0.00897	0.05816	0.39944	0.08766	0.08107	0.05226	0.01970	0.00844	0.00598	0.00194	0.00532	0.00684	0.03627	0.00852
31	0.00927	0.00724	0.00957	0.01015	0.01114	0.00769	0.00800	0.01172	0.04343	0.01720	0.07108	0.31842	0.09046	0.01605	0.00919	0.00251	0.09451	0.25145	0.00533	0.00560
32	0.00934	0.00674	0.00800	0.00769	0.00770	0.00735	0.00479	0.00947	0.00885	0.01207	0.01773	0.03638	0.02029	0.69695	0.02935	0.00547	0.09589	0.00836	0.00355	0.00403
33	0.01172	0.00652	0.00660	0.00643	0.00808	0.00674	0.00486	0.01616	0.09755	0.02281	0.02025	0.02252	0.01582	0.00719	0.00446	0.00149	0.00306	0.00577	0.72587	0.00610
34	0.00959	0.00532	0.00751	0.00790	0.00806	0.00522	0.00525	0.00831	0.00914	0.01240	0.01769	0.23736	0.01955	0.05445	0.01865	0.52403	0.00470	0.00880	0.03261	0.00345
35	0.00989	0.00768	0.00902	0.00831	0.01065	0.00712	0.00646	0.01403	0.10257	0.03435	0.31618	0.04349	0.22747	0.01199	0.00679	0.00192	0.00362	0.07086	0.00587	0.10172
36	0.11007	0.01183	0.01202	0.01077	0.01396	0.01349	0.00843	0.06689	0.49345	0.02570	0.02129	0.02060	0.01609	0.00766	0.00555	0.00191	0.00455	0.00613	0.14100	0.00860
37	0.02383	0.01105	0.01626	0.01247	0.01706	0.01002	0.09285	0.02771	0.07773	0.57887	0.05050	0.02118	0.01619	0.00746	0.00625	0.00191	0.00561	0.00644	0.00681	0.00979
38	0.01748	0.01373	0.01482	0.01257	0.01626	0.01537	0.01006	0.31685	0.35450	0.02967	0.04693	0.05159	0.01812	0.00882	0.00632	0.00201	0.00547	0.04402	0.00607	0.00932
39	0.01576	0.01557	0.03301	0.02368	0.02959	0.01450	0.64436	0.02049	0.01459	0.10520	0.01359	0.01682	0.00987	0.00540	0.00701	0.00202	0.00957	0.00700	0.00358	0.00840
40	0.00882	0.00589	0.00662	0.00661	0.00662	0.00588	0.00368	0.00880	0.00880	0.01174	0.01902	0.03944	0.02192	0.78772	0.03062	0.00584	0.00586	0.00877	0.00367	0.00369
41	0.01343	0.01334	0.01917	0.01830	0.10163	0.01797	0.01380	0.01499	0.00978	0.01515	0.00837	0.01346	0.00816	0.00997	0.01815	0.00255	0.68681	0.00530	0.00270	0.00696
42	0.00845	0.00645	0.00917	0.01179	0.09545	0.00616	0.00720	0.00980	0.01179	0.01587	0.02995	0.62945	0.03525	0.05257	0.00859	0.00255	0.00414	0.04473	0.00521	0.00544

[dist]
# distance from previous block
# <min> <max>
2	5

[block]
# block no. 1 follows, 38 sequences, length 12
# corresponding to MSA columns:
# 155-166
name=unknown_B
#
# <colnr> <probs for GDERKNQSTAVLIFYWHMCP>
#	G	D	E	R	K	N	Q	S	T	A	V	L	I	F	Y	W	H	M	C	P
0	0.00962	0.00795	0.01163	0.01104	0.01187	0.00996	0.00878	0.01158	0.00957	0.01408	0.01427	0.02129	0.01344	0.03737	0.59780	0.00809	0.18675	0.00618	0.00309	0.00564
1	0.01101	0.00753	0.01009	0.17932	0.01631	0.00848	0.00825	0.04845	0.01250	0.01920	0.01760	0.02191	0.03391	0.01710	0.20582	0.00376	0.00768	0.00596	0.35913	0.00600
2	0.01890	0.01806	0.01562	0.01350	0.01717	0.21399	0.01055	0.20291	0.37280	0.02556	0.01798	0.01740	0.01354	0.00741	0.00591	0.00185	0.00683	0.00568	0.00530	0.00902
3	0.01254	0.01164	0.01848	0.40777	0.22293	0.01241	0.01502	0.01614	0.01257	0.01745	0.01086	0.01494	0.00862	0.00549	0.00565	0.00170	0.00699	0.00495	0.00295	0.19089
4	0.19994	0.01367	0.01371	0.01169	0.01554	0.01561	0.00935	0.21355	0.38843	0.02894	0.01822	0.01749	0.01356	0.00734	0.00556	0.00194	0.00523	0.00564	0.00556	0.00904
5	0.00959	0.00790	0.01091	0.18011	0.01752	0.00761	0.00848	0.01173	0.01189	0.01648	0.02218	0.40830	0.02451	0.01217	0.00645	0.00193	0.00476	0.01089	0.00440	0.22217
6	0.01313	0.01128	0.01277	0.00979	0.01462	0.00985	0.00776	0.01959	0.20484	0.02107	0.01434	0.01511	0.01141	0.00543	0.00490	0.00119	0.00454	0.00442	0.00424	0.60970
7	0.01781	0.01905	0.01325	0.01215	0.01487	0.39589	0.00919	0.02316	0.17793	0.01910	0.01543	0.01651	0.01216	0.00685	0.00526	0.00162	0.00736	0.00499	0.22024	0.00718
8	0.00836	0.00616	0.00784	0.00779	0.00908	0.00575	0.00570	0.01115	0.03871	0.02164	0.51607	0.21090	0.10057	0.01384	0.00720	0.00203	0.00306	0.01227	0.00630	0.00558
9	0.01614	0.00956	0.01142	0.00998	0.01244	0.00961	0.00750	0.20424	0.01686	0.18666	0.04234	0.25189	0.02352	0.15597	0.01112	0.00276	0.00510	0.00982	0.00578	0.00729
10	0.02229	0.01017	0.01329	0.01008	0.01477	0.00848	0.00824	0.02473	0.01596	0.52646	0.05426	0.01951	0.01527	0.00688	0.00568	0.00161	0.00484	0.00562	0.00638	0.22549
11	0.00769	0.00551	0.00730	0.00813	0.00881	0.00513	0.00561	0.00929	0.01320	0.01804	0.25154	0.55864	0.04497	0.01685	0.00750	0.00227	0.00329	0.01520	0.00590	0.00513

[dist]
# distance from previous block
# <min> <max>
3	5

[block]
# block no. 2 follows, 38 sequences, length 10
# corresponding to MSA columns:
# 172-181
name=unknown_C
#
# <colnr> <probs for GDERKNQSTAVLIFYWHMCP>
#	G	D	E	R	K	N	Q	S	T	A	V	L	I	F	Y	W	H	M	C	P
0	0.01024	0.00686	0.00835	0.00826	0.00982	0.00639	0.00598	0.04466	0.01304	0.04275	0.07917	0.35362	0.02954	0.08512	0.00875	0.00234	0.00398	0.04823	0.12993	0.10297
1	0.02399	0.00947	0.01290	0.01035	0.01434	0.00824	0.00834	0.02612	0.01635	0.64229	0.02517	0.13712	0.01869	0.00919	0.00630	0.00195	0.00487	0.00774	0.00716	0.00942
2	0.00798	0.00555	0.00684	0.00753	0.00807	0.00525	0.00496	0.00906	0.01155	0.01568	0.09714	0.43630	0.08752	0.20978	0.01313	0.00315	0.00395	0.01351	0.04832	0.00470
3	0.01573	0.01240	0.04374	0.01153	0.01506	0.01275	0.00941	0.06995	0.44920	0.11831	0.14901	0.02522	0.02366	0.00863	0.00626	0.00197	0.00476	0.00723	0.00622	0.00896
4	0.02222	0.01044	0.01297	0.01031	0.01415	0.01003	0.00836	0.15862	0.01793	0.44310	0.02079	0.02050	0.01436	0.03917	0.04294	0.00231	0.00560	0.00598	0.13116	0.00904
5	0.01019	0.00532	0.00764	0.00764	0.00764	0.00532	0.00498	0.00798	0.00798	0.01063	0.01175	0.02150	0.01219	0.13808	0.02460	0.69994	0.00532	0.00576	0.00277	0.00277
6	0.00766	0.00563	0.00715	0.00823	0.00899	0.00522	0.00584	0.00896	0.01208	0.01568	0.03730	0.52884	0.16507	0.05355	0.00872	0.00257	0.00378	0.10429	0.00549	0.00495
7	0.06473	0.01283	0.02319	0.29880	0.09817	0.01339	0.24902	0.01917	0.01357	0.12886	0.01305	0.01628	0.00946	0.00583	0.00623	0.00196	0.00800	0.00590	0.00360	0.00794
8	0.01332	0.01415	0.02726	0.07497	0.09356	0.01496	0.39738	0.01702	0.01267	0.01765	0.01258	0.07257	0.01109	0.00743	0.00983	0.00217	0.18357	0.00714	0.00311	0.00756
9	0.01313	0.01648	0.18352	0.38312	0.20093	0.01408	0.01798	0.06607	0.01368	0.01873	0.01112	0.01492	0.00843	0.00588	0.00593	0.00192	0.00791	0.00515	0.00294	0.00808

[dist]
# distance from previous block
# <min> <max>
0	1

[block]
# block no. 3 follows, 38 sequences, length 26
# corresponding to MSA columns:
# 183-208
name=unknown_D
#
# <colnr> <probs for GDERKNQSTAVLIFYWHMCP>
#	G	D	E	R	K	N	Q	S	T	A	V	L	I	F	Y	W	H	M	C	P
0	0.13406	0.01220	0.01437	0.05126	0.01685	0.01271	0.00963	0.19282	0.07624	0.34630	0.03894	0.01799	0.01355	0.00734	0.00613	0.00189	0.02673	0.00565	0.00608	0.00925
1	0.02502	0.00958	0.01515	0.50048	0.03058	0.01108	0.02721	0.01487	0.01227	0.04136	0.03752	0.07874	0.01314	0.00778	0.00653	0.03027	0.00663	0.00641	0.07604	0.04933
2	0.00875	0.00583	0.00656	0.00656	0.00656	0.00583	0.00365	0.00875	0.00875	0.01166	0.01895	0.03937	0.02187	0.78858	0.03062	0.00583	0.00583	0.00875	0.00365	0.00365
3	0.00757	0.00598	0.00685	0.00723	0.00864	0.00534	0.00519	0.00951	0.03172	0.01725	0.14450	0.30336	0.39357	0.01589	0.00728	0.00215	0.00321	0.01380	0.00574	0.00521
4	0.01302	0.19350	0.01552	0.10941	0.01484	0.01153	0.00837	0.05149	0.01079	0.03277	0.01055	0.01579	0.00959	0.01411	0.01514	0.45495	0.00595	0.00480	0.00292	0.00497
5	0.00743	0.00528	0.00695	0.00824	0.00856	0.00496	0.00544	0.00840	0.01131	0.01508	0.03210	0.72925	0.03846	0.07608	0.00938	0.00270	0.00366	0.01648	0.00544	0.00479
6	0.01946	0.01431	0.01568	0.01235	0.01636	0.01557	0.01007	0.56019	0.02561	0.03464	0.18852	0.02168	0.02127	0.00843	0.00627	0.00183	0.00572	0.00671	0.00616	0.00915
7	0.02227	0.00925	0.01209	0.00961	0.01364	0.00795	0.00783	0.02441	0.01639	0.57983	0.03256	0.02936	0.18904	0.00929	0.00630	0.00190	0.00463	0.00763	0.00700	0.00901
8	0.00893	0.00680	0.00942	0.18930	0.01551	0.00733	0.00734	0.01021	0.01038	0.01368	0.02137	0.26372	0.02411	0.36542	0.01770	0.00388	0.00563	0.01052	0.00401	0.00475
9	0.02034	0.00964	0.01258	0.00973	0.01399	0.00810	0.00789	0.02284	0.01606	0.45396	0.14610	0.02281	0.02073	0.00758	0.00585	0.00164	0.00457	0.00630	0.00638	0.20291
10	0.01103	0.00785	0.00880	0.00751	0.01066	0.00648	0.00584	0.01331	0.03028	0.10785	0.06388	0.04136	0.44653	0.01148	0.00633	0.00174	0.00367	0.00953	0.00538	0.20052
11	0.00812	0.00572	0.00692	0.00715	0.00828	0.00515	0.00506	0.00872	0.01228	0.01565	0.12704	0.19268	0.34700	0.01695	0.01111	0.19742	0.00363	0.01159	0.00501	0.00453
12	0.06042	0.00757	0.00907	0.00785	0.01037	0.00669	0.00603	0.01254	0.01540	0.02293	0.50061	0.03555	0.06892	0.01013	0.00626	0.00166	0.00334	0.00874	0.00568	0.20025
13	0.00948	0.00695	0.00798	0.00722	0.00859	0.00626	0.00463	0.01024	0.00999	0.01395	0.01939	0.08352	0.04504	0.52429	0.02206	0.00430	0.00525	0.00821	0.00382	0.19881
14	0.01220	0.01155	0.01956	0.59915	0.20986	0.01359	0.01712	0.01610	0.01242	0.01639	0.01084	0.01577	0.00838	0.00586	0.00600	0.00195	0.00781	0.00535	0.00275	0.00736
15	0.02307	0.01186	0.01441	0.01151	0.01582	0.01182	0.00936	0.14344	0.19060	0.44971	0.03807	0.02049	0.01586	0.00768	0.00608	0.00190	0.00523	0.00623	0.00688	0.00997
16	0.01207	0.03112	0.75741	0.01715	0.02604	0.01397	0.02223	0.01905	0.01270	0.01905	0.01080	0.01270	0.00762	0.00572	0.00572	0.00191	0.00889	0.00445	0.00254	0.00889
17	0.00871	0.00712	0.00970	0.01014	0.01040	0.00810	0.00738	0.00982	0.01097	0.01515	0.02716	0.60155	0.03222	0.01687	0.01054	0.00249	0.18722	0.01429	0.00488	0.00529
18	0.07558	0.01045	0.01152	0.00917	0.01293	0.01013	0.00738	0.17528	0.01659	0.13925	0.01619	0.01709	0.01201	0.00641	0.00492	0.00147	0.00453	0.00498	0.26215	0.20198
19	0.01215	0.00673	0.00867	0.00862	0.01042	0.00602	0.00642	0.01377	0.01367	0.19165	0.06493	0.38708	0.17282	0.01503	0.00720	0.00222	0.00389	0.05638	0.00607	0.00627
20	0.01253	0.00665	0.00848	0.00825	0.00949	0.00618	0.00563	0.01349	0.01183	0.18958	0.02561	0.32444	0.02718	0.30413	0.01587	0.00357	0.00475	0.01135	0.00530	0.00569
21	0.00744	0.00530	0.00703	0.00838	0.00875	0.00497	0.00562	0.00849	0.01148	0.01530	0.03265	0.74193	0.03906	0.04455	0.00846	0.00256	0.00362	0.03403	0.00552	0.00486
22	0.60917	0.01307	0.01137	0.00954	0.01356	0.01491	0.00787	0.21354	0.01519	0.02999	0.01004	0.01105	0.00754	0.00603	0.00435	0.00185	0.00519	0.00385	0.00435	0.00754
23	0.01197	0.00651	0.00855	0.00870	0.01024	0.00584	0.00626	0.01337	0.01309	0.19105	0.03368	0.53115	0.10423	0.01578	0.00724	0.00226	0.00383	0.01404	0.00603	0.00618
24	0.01111	0.00739	0.01066	0.01137	0.04971	0.00705	0.03460	0.01365	0.03500	0.10208	0.11261	0.36084	0.03443	0.01476	0.00741	0.00232	0.00453	0.16855	0.00569	0.00623
25	0.00761	0.00545	0.00723	0.00818	0.00879	0.00507	0.00561	0.00908	0.01283	0.01744	0.20279	0.60909	0.04382	0.01729	0.00754	0.00231	0.00334	0.01562	0.00583	0.00507

[dist]
# distance from previous block
# <min> <max>
0	390

# created by:
# /software/SequenceAnalysis/GenePrediction/augustus/3.0.1/scripts/msa2prfl.pl ./fixed/BUSCOvEOG7V9W4K.fas
