[name]
unknown

[dist]
# distance from previous block
# <min> <max>
0	209

[block]
# block no. 0 follows, 40 sequences, length 131
# corresponding to MSA columns:
# 218-348
name=unknown_A
#
# <colnr> <probs for GDERKNQSTAVLIFYWHMCP>
#	G	D	E	R	K	N	Q	S	T	A	V	L	I	F	Y	W	H	M	C	P
0	0.00877	0.00648	0.00854	0.00950	0.01097	0.00625	0.00811	0.01119	0.01350	0.01731	0.07072	0.06246	0.19264	0.01558	0.00772	0.00248	0.00471	0.53240	0.00541	0.00526
1	0.01611	0.70773	0.04175	0.01057	0.01541	0.09872	0.01028	0.01802	0.01230	0.01382	0.00822	0.00950	0.00746	0.00509	0.00392	0.00128	0.00669	0.00319	0.00254	0.00741
2	0.00933	0.00668	0.00932	0.01064	0.01198	0.00667	0.00930	0.01199	0.01338	0.01738	0.03121	0.06545	0.04438	0.01604	0.00801	0.00267	0.00532	0.70954	0.00536	0.00535
3	0.00709	0.00506	0.00675	0.00810	0.00843	0.00472	0.00540	0.00810	0.01113	0.01484	0.03205	0.79184	0.03846	0.01822	0.00742	0.00236	0.00337	0.01653	0.00540	0.00472
4	0.00846	0.00564	0.00634	0.00634	0.00634	0.00564	0.00352	0.00846	0.00846	0.01128	0.01832	0.03805	0.02114	0.79563	0.02960	0.00564	0.00564	0.00846	0.00352	0.00352
5	0.01030	0.00979	0.00884	0.00852	0.01075	0.10007	0.00653	0.01464	0.14770	0.01756	0.07700	0.05559	0.43647	0.01243	0.00659	0.00196	0.00433	0.05971	0.00525	0.00597
6	0.01439	0.01382	0.02360	0.03569	0.75936	0.01382	0.01785	0.01785	0.01324	0.01900	0.01094	0.01439	0.00921	0.00518	0.00576	0.00173	0.00691	0.00518	0.00288	0.00921
7	0.74910	0.04242	0.01114	0.00887	0.01268	0.01355	0.05573	0.01721	0.01023	0.02510	0.00834	0.00986	0.00651	0.00535	0.00382	0.00179	0.00492	0.00340	0.00351	0.00645
8	0.01489	0.01439	0.03819	0.03670	0.38559	0.07058	0.08228	0.11570	0.01504	0.02053	0.01326	0.06720	0.01154	0.00816	0.04024	0.00211	0.00739	0.00604	0.04188	0.00827
9	0.00833	0.00615	0.00894	0.00894	0.00984	0.00705	0.00677	0.01013	0.00923	0.01320	0.01594	0.02489	0.01542	0.14447	0.67294	0.00885	0.01424	0.00653	0.00317	0.00497
10	0.01339	0.05780	0.41562	0.03301	0.23426	0.01436	0.05761	0.06201	0.02295	0.01951	0.01093	0.01320	0.00827	0.00549	0.00561	0.00179	0.00788	0.00473	0.00285	0.00873
11	0.05184	0.05232	0.01781	0.10705	0.05221	0.06296	0.01169	0.49874	0.03985	0.03011	0.01282	0.01375	0.00939	0.00657	0.00560	0.00174	0.00671	0.00499	0.00489	0.00898
12	0.08068	0.00999	0.01316	0.01016	0.01460	0.00885	0.00840	0.02758	0.01619	0.71373	0.02194	0.01910	0.01385	0.00708	0.00570	0.00180	0.00492	0.00567	0.00696	0.00965
13	0.00772	0.00553	0.00731	0.00842	0.00902	0.00527	0.00591	0.02607	0.01204	0.01609	0.07287	0.66241	0.03825	0.01739	0.00741	0.00235	0.00360	0.08194	0.00546	0.00495
14	0.01208	0.07908	0.66039	0.01676	0.02491	0.01422	0.07681	0.01837	0.01236	0.01812	0.01039	0.01235	0.00749	0.00544	0.00551	0.00181	0.00853	0.00442	0.00250	0.00846
15	0.00922	0.00615	0.00799	0.00747	0.00902	0.00562	0.00562	0.01180	0.01609	0.06823	0.64734	0.07486	0.08436	0.01200	0.00682	0.00186	0.00292	0.01057	0.00636	0.00570
16	0.00725	0.00517	0.00682	0.00795	0.00836	0.00483	0.00532	0.00838	0.01150	0.01546	0.09736	0.68991	0.03918	0.05250	0.00837	0.00246	0.00342	0.01562	0.00541	0.00474
17	0.06374	0.00702	0.00856	0.14862	0.01430	0.00703	0.00711	0.01044	0.01270	0.01668	0.08214	0.12281	0.41588	0.01274	0.00658	0.00202	0.00409	0.04740	0.00482	0.00532
18	0.01229	0.02600	0.57761	0.01685	0.02441	0.01378	0.10329	0.02015	0.11302	0.01925	0.01240	0.01396	0.00895	0.00578	0.00573	0.00187	0.00819	0.00491	0.00298	0.00859
19	0.00937	0.00669	0.00937	0.01071	0.01205	0.00669	0.00937	0.01205	0.01339	0.01740	0.03079	0.06560	0.03347	0.01606	0.00803	0.00268	0.00535	0.72021	0.00535	0.00535
20	0.01373	0.01314	0.02241	0.18015	0.62006	0.01364	0.01752	0.01727	0.01293	0.01820	0.01082	0.01461	0.00893	0.00530	0.00577	0.00177	0.00707	0.00518	0.00282	0.00868
21	0.02045	0.02272	0.01791	0.05137	0.09391	0.49541	0.03883	0.12267	0.01736	0.05037	0.01065	0.01218	0.00836	0.00605	0.00549	0.00161	0.00917	0.00437	0.00354	0.00759
22	0.01373	0.01569	0.03431	0.02451	0.03039	0.01471	0.73824	0.01863	0.01373	0.01863	0.01176	0.01569	0.00882	0.00490	0.00686	0.00196	0.00980	0.00686	0.00294	0.00784
23	0.32037	0.44934	0.02137	0.05325	0.01504	0.03049	0.00897	0.01724	0.01117	0.01837	0.00823	0.00974	0.00705	0.00520	0.00382	0.00149	0.00573	0.00325	0.00291	0.00696
24	0.00796	0.00591	0.00742	0.00710	0.00854	0.00536	0.00530	0.01044	0.01575	0.02176	0.61466	0.06866	0.17447	0.01257	0.00688	0.00187	0.00280	0.01100	0.00620	0.00536
25	0.01476	0.01292	0.02028	0.11186	0.48046	0.01294	0.01513	0.06642	0.02638	0.05447	0.01177	0.01454	0.00940	0.00539	0.00558	0.00164	0.00648	0.00500	0.00337	0.12121
26	0.00836	0.00560	0.00637	0.00646	0.00648	0.00558	0.00365	0.00843	0.00864	0.01152	0.01925	0.08882	0.02231	0.74328	0.02810	0.00542	0.00549	0.00900	0.00365	0.00360
27	0.02021	0.01997	0.01609	0.01366	0.01735	0.31728	0.01070	0.29335	0.18733	0.02492	0.01419	0.01434	0.01073	0.00679	0.00561	0.00170	0.00762	0.00495	0.00472	0.00848
28	0.01386	0.01327	0.02253	0.12415	0.61973	0.01361	0.03422	0.01779	0.03592	0.01873	0.02377	0.01527	0.01006	0.00545	0.00581	0.00177	0.00694	0.00535	0.00300	0.00878
29	0.01485	0.66167	0.16185	0.01113	0.01676	0.02131	0.01201	0.01759	0.01190	0.01453	0.00850	0.00986	0.00745	0.00507	0.00405	0.00135	0.00664	0.00332	0.00248	0.00766
30	0.01465	0.01258	0.01325	0.01187	0.01519	0.01455	0.00925	0.04769	0.73177	0.02462	0.02344	0.02151	0.01757	0.00787	0.00591	0.00197	0.00464	0.00654	0.00591	0.00922
31	0.00815	0.00603	0.00879	0.00897	0.00985	0.00681	0.00676	0.00994	0.00953	0.01353	0.01801	0.12886	0.01825	0.09079	0.61808	0.00814	0.01324	0.00779	0.00345	0.00502
32	0.00968	0.01945	0.00902	0.00835	0.01021	0.00748	0.00648	0.01458	0.14807	0.03301	0.37866	0.04291	0.15529	0.04086	0.00760	0.00210	0.00361	0.09066	0.00588	0.00608
33	0.00709	0.00506	0.00675	0.00810	0.00843	0.00472	0.00540	0.00810	0.01113	0.01484	0.03205	0.79184	0.03846	0.01822	0.00742	0.00236	0.00337	0.01653	0.00540	0.00472
34	0.02409	0.00945	0.01285	0.01001	0.01415	0.00820	0.00820	0.02639	0.01662	0.68036	0.10521	0.02245	0.01894	0.00772	0.00596	0.00180	0.00470	0.00637	0.00711	0.00940
35	0.01007	0.00607	0.00712	0.00691	0.00737	0.00595	0.00425	0.01040	0.00942	0.07871	0.01932	0.03773	0.02112	0.68840	0.02646	0.00516	0.00556	0.04186	0.00394	0.00418
36	0.13481	0.01008	0.01283	0.00998	0.01436	0.00915	0.00825	0.02683	0.01574	0.66450	0.02095	0.01841	0.01331	0.00696	0.00555	0.00180	0.00489	0.00549	0.00671	0.00941
37	0.00799	0.00680	0.00699	0.00679	0.00890	0.00625	0.00513	0.01158	0.11388	0.01733	0.09495	0.05055	0.61493	0.01363	0.00674	0.00196	0.00316	0.01139	0.00553	0.00553
38	0.01078	0.00543	0.00544	0.00544	0.00676	0.00543	0.00405	0.01343	0.01211	0.02143	0.01895	0.02207	0.01505	0.02557	0.00467	0.00146	0.00278	0.00549	0.80827	0.00537
39	0.00831	0.00621	0.00924	0.00924	0.01024	0.00721	0.00713	0.01031	0.00931	0.01342	0.01568	0.02340	0.01478	0.07107	0.74546	0.00921	0.01521	0.00631	0.00313	0.00513
40	0.01429	0.01371	0.02341	0.05864	0.73722	0.01379	0.01779	0.01775	0.01319	0.01887	0.01092	0.01443	0.00917	0.00520	0.00576	0.00173	0.00693	0.00518	0.00287	0.00913
41	0.00709	0.00506	0.00675	0.00810	0.00843	0.00472	0.00540	0.00810	0.01113	0.01484	0.03205	0.79184	0.03846	0.01822	0.00742	0.00236	0.00337	0.01653	0.00540	0.00472
42	0.02097	0.03922	0.01680	0.01492	0.01773	0.70538	0.01132	0.02246	0.01585	0.01421	0.00888	0.01063	0.00750	0.00628	0.00622	0.00157	0.06654	0.00383	0.00296	0.00673
43	0.01880	0.01493	0.01514	0.01240	0.01628	0.05905	0.00996	0.41783	0.25819	0.03031	0.01717	0.01682	0.01265	0.00720	0.00569	0.00178	0.00579	0.00560	0.06526	0.00916
44	0.07475	0.01147	0.04635	0.05153	0.01586	0.00942	0.00854	0.06608	0.01370	0.15112	0.01322	0.03464	0.01025	0.00559	0.00485	0.00130	0.00493	0.00445	0.00424	0.46771
45	0.01272	0.09572	0.52314	0.06807	0.05290	0.05798	0.01873	0.01802	0.01223	0.01722	0.00995	0.01224	0.00750	0.00585	0.00636	0.00182	0.06463	0.00431	0.00252	0.00811
46	0.02122	0.01560	0.01668	0.01293	0.01737	0.01727	0.01064	0.67293	0.05991	0.03537	0.01465	0.01468	0.01049	0.00701	0.00574	0.00174	0.00614	0.00531	0.04467	0.00965
47	0.00942	0.00645	0.00787	0.00778	0.00856	0.00678	0.00534	0.06237	0.01081	0.01520	0.01950	0.14737	0.02077	0.35721	0.20685	0.00537	0.00754	0.00863	0.08141	0.00476
48	0.01373	0.01500	0.07513	0.20533	0.39846	0.06158	0.03894	0.01764	0.03253	0.01748	0.01078	0.01438	0.00874	0.00581	0.00666	0.00184	0.05988	0.00511	0.00285	0.00813
49	0.00775	0.00648	0.00683	0.00670	0.00868	0.00584	0.00508	0.01070	0.07675	0.01745	0.14331	0.05167	0.58767	0.01381	0.00682	0.00196	0.00312	0.02843	0.00557	0.00536
50	0.01181	0.00636	0.00646	0.00611	0.00775	0.00651	0.00467	0.07635	0.01350	0.02297	0.01854	0.02101	0.01447	0.00679	0.00422	0.00139	0.00303	0.00540	0.75685	0.00581
51	0.01331	0.01149	0.01185	0.01100	0.01365	0.04615	0.00848	0.04705	0.49244	0.02168	0.02512	0.07938	0.05414	0.06658	0.00793	0.00230	0.00490	0.06917	0.00550	0.00787
52	0.01582	0.01250	0.01317	0.01150	0.01500	0.04276	0.00907	0.06153	0.51427	0.10104	0.02244	0.02234	0.02821	0.00788	0.00586	0.00187	0.00494	0.03551	0.00572	0.06855
53	0.00817	0.00587	0.00752	0.00848	0.00913	0.00569	0.00581	0.06113	0.01231	0.01642	0.03074	0.73547	0.03639	0.01740	0.00731	0.00232	0.00359	0.01571	0.00543	0.00510
54	0.09582	0.00813	0.01138	0.34026	0.02222	0.00916	0.00994	0.01199	0.01160	0.01619	0.02512	0.24115	0.15345	0.01090	0.00623	0.00205	0.00530	0.00946	0.00400	0.00567
55	0.01286	0.05876	0.68220	0.01586	0.02402	0.01352	0.02010	0.01910	0.01258	0.07222	0.01125	0.01271	0.00788	0.00562	0.00548	0.00182	0.00824	0.00436	0.00280	0.00864
56	0.01263	0.07652	0.66667	0.01606	0.02403	0.06907	0.02004	0.01870	0.01255	0.01783	0.01019	0.01197	0.00738	0.00553	0.00540	0.00178	0.00859	0.00419	0.00250	0.00839
57	0.14967	0.01148	0.08209	0.01003	0.01440	0.00929	0.00894	0.02325	0.01497	0.48168	0.07464	0.02125	0.05781	0.00753	0.00560	0.00181	0.00494	0.00598	0.00603	0.00861
58	0.00973	0.01023	0.05954	0.01418	0.01686	0.00888	0.24996	0.01243	0.01220	0.01659	0.04994	0.44368	0.02671	0.01265	0.00738	0.00218	0.02429	0.01213	0.00438	0.00605
59	0.00960	0.00733	0.00822	0.00813	0.01011	0.00715	0.00617	0.01421	0.16315	0.05259	0.07431	0.18399	0.35481	0.01360	0.00682	0.00208	0.00362	0.06245	0.00563	0.00604
60	0.01306	0.01236	0.02093	0.20911	0.53579	0.01295	0.01655	0.01644	0.01271	0.01772	0.01233	0.07099	0.01099	0.00627	0.00589	0.00182	0.00685	0.00600	0.00299	0.00824
61	0.73941	0.04913	0.01014	0.00829	0.01191	0.06853	0.00683	0.01755	0.01046	0.02465	0.00816	0.00952	0.00644	0.00542	0.00372	0.00175	0.00501	0.00319	0.00350	0.00638
62	0.01442	0.26298	0.26987	0.04982	0.02081	0.09961	0.08184	0.01831	0.01317	0.04390	0.06417	0.01417	0.01126	0.00588	0.00519	0.00163	0.00759	0.00466	0.00304	0.00769
63	0.00993	0.00748	0.00939	0.00845	0.01016	0.00740	0.03285	0.04555	0.04069	0.05063	0.23668	0.07376	0.24183	0.14204	0.01123	0.00257	0.04858	0.00992	0.00523	0.00563
64	0.00714	0.00546	0.00657	0.00735	0.00837	0.00490	0.00519	0.00846	0.01222	0.01562	0.07310	0.46305	0.30230	0.01659	0.00722	0.00220	0.00326	0.04070	0.00544	0.00485
65	0.01620	0.01231	0.01355	0.01057	0.01471	0.01233	0.00843	0.29995	0.10846	0.03903	0.01466	0.01652	0.01158	0.06332	0.00694	0.00173	0.00518	0.00504	0.04925	0.29022
66	0.01149	0.01086	0.01837	0.66964	0.14806	0.01305	0.01640	0.01531	0.01187	0.01548	0.01043	0.01534	0.00797	0.00572	0.00581	0.00191	0.00763	0.00517	0.00263	0.00687
67	0.04206	0.01160	0.01884	0.45384	0.11149	0.01424	0.05644	0.01529	0.01124	0.01574	0.00979	0.01454	0.00789	0.00667	0.00881	0.00205	0.18483	0.00517	0.00266	0.00681
68	0.02418	0.00967	0.01299	0.01025	0.01439	0.00854	0.00835	0.02699	0.05002	0.67505	0.02364	0.07583	0.01629	0.00803	0.00597	0.00185	0.00482	0.00666	0.00701	0.00949
69	0.01577	0.01146	0.01430	0.01319	0.06826	0.01274	0.00987	0.31721	0.01760	0.06657	0.01470	0.01789	0.01191	0.02135	0.30679	0.00475	0.04348	0.00565	0.01874	0.00777
70	0.01087	0.00586	0.00620	0.00614	0.00753	0.00596	0.00461	0.04145	0.01256	0.02133	0.01954	0.07725	0.01640	0.00961	0.04609	0.00188	0.00360	0.00626	0.69133	0.00553
71	0.00973	0.00595	0.00686	0.00663	0.00696	0.00585	0.00389	0.00990	0.00905	0.06578	0.01866	0.03673	0.02065	0.73850	0.02788	0.00536	0.00559	0.00827	0.00379	0.00399
72	0.02422	0.00950	0.01279	0.00994	0.01417	0.00820	0.00817	0.02642	0.01639	0.68919	0.04538	0.02305	0.06930	0.00787	0.00595	0.00181	0.00474	0.00644	0.00705	0.00942
73	0.00974	0.00683	0.00848	0.00771	0.00950	0.00645	0.00589	0.06416	0.01691	0.05050	0.60142	0.04177	0.12493	0.01166	0.00675	0.00184	0.00311	0.01015	0.00628	0.00591
74	0.02533	0.06709	0.01473	0.01032	0.01485	0.00960	0.00865	0.02755	0.01629	0.70905	0.02187	0.01903	0.01389	0.00704	0.00569	0.00176	0.00504	0.00565	0.00686	0.00972
75	0.00836	0.00595	0.00747	0.00824	0.00884	0.00581	0.00555	0.06118	0.01194	0.01593	0.02883	0.63077	0.03399	0.12538	0.01039	0.00277	0.00391	0.01459	0.00517	0.00493
76	0.02481	0.00959	0.01298	0.01006	0.01423	0.00834	0.00818	0.02690	0.01605	0.70888	0.02261	0.02112	0.01488	0.06433	0.00757	0.00208	0.00500	0.00604	0.00693	0.00943
77	0.00725	0.00518	0.00694	0.00829	0.00870	0.00487	0.00569	0.00838	0.01130	0.01503	0.03196	0.73921	0.03810	0.01806	0.00747	0.00238	0.00352	0.06752	0.00539	0.00477
78	0.07663	0.01900	0.01823	0.16099	0.24303	0.33934	0.01375	0.03131	0.01432	0.01699	0.00983	0.01255	0.00801	0.00569	0.00539	0.00167	0.00842	0.00442	0.00298	0.00745
79	0.01354	0.01500	0.03167	0.09633	0.10383	0.01445	0.59912	0.01820	0.01348	0.01831	0.01155	0.01554	0.00876	0.00501	0.00665	0.00194	0.00932	0.00654	0.00290	0.00785
80	0.05955	0.02749	0.05948	0.01530	0.01869	0.68274	0.01194	0.02319	0.01646	0.01594	0.01001	0.01190	0.00836	0.00657	0.00560	0.00171	0.01034	0.00407	0.00333	0.00732
81	0.01472	0.28000	0.21474	0.01793	0.03408	0.01773	0.27027	0.01859	0.01312	0.01762	0.01099	0.01388	0.00888	0.00593	0.00631	0.00188	0.03683	0.00517	0.00299	0.00834
82	0.00901	0.00662	0.00819	0.00824	0.00952	0.00596	0.00590	0.01065	0.01432	0.01977	0.36243	0.27044	0.10704	0.05916	0.00864	0.00238	0.00365	0.03808	0.00595	0.04405
83	0.02029	0.01612	0.22159	0.01375	0.03862	0.01061	0.04644	0.02369	0.01572	0.42355	0.08840	0.02083	0.01669	0.00763	0.00630	0.00199	0.00635	0.00618	0.00577	0.00945
84	0.01527	0.01460	0.02365	0.08543	0.66787	0.03475	0.02987	0.01841	0.01380	0.01943	0.01181	0.01568	0.00996	0.00589	0.00617	0.00192	0.00741	0.00547	0.00320	0.00939
85	0.02683	0.01057	0.01412	0.01098	0.01551	0.00910	0.00894	0.02879	0.01717	0.75279	0.02371	0.02101	0.01522	0.00781	0.00625	0.00197	0.00528	0.00614	0.00747	0.01034
86	0.01235	0.01086	0.01770	0.14470	0.02143	0.01103	0.19050	0.01621	0.06668	0.04762	0.13088	0.03319	0.13107	0.01003	0.00768	0.00222	0.04322	0.09080	0.00472	0.00712
87	0.02160	0.01577	0.01744	0.01462	0.06018	0.01694	0.01125	0.61107	0.02553	0.06329	0.01808	0.01835	0.06123	0.00803	0.00629	0.00194	0.00644	0.00603	0.00596	0.00996
88	0.00838	0.00649	0.00723	0.00750	0.00888	0.00577	0.00534	0.00943	0.01283	0.01623	0.07725	0.19507	0.42326	0.11389	0.03852	0.00297	0.00429	0.04597	0.00542	0.00528
89	0.00943	0.00654	0.00790	0.00785	0.00823	0.00668	0.00501	0.00973	0.00935	0.01285	0.01842	0.03486	0.02007	0.58014	0.23117	0.00676	0.00865	0.00811	0.00374	0.00452
90	0.02291	0.01686	0.01802	0.01397	0.01865	0.01844	0.01141	0.72947	0.02770	0.03723	0.01487	0.01527	0.01078	0.00760	0.00622	0.00192	0.00670	0.00554	0.00611	0.01033
91	0.01459	0.01607	0.03351	0.02430	0.02980	0.01537	0.67855	0.01891	0.01397	0.01917	0.01243	0.01677	0.00965	0.00591	0.00807	0.00217	0.06226	0.00702	0.00325	0.00822
92	0.00791	0.00663	0.00664	0.00659	0.00863	0.00552	0.00487	0.00910	0.01383	0.01661	0.05913	0.05662	0.74641	0.01523	0.00726	0.00214	0.00330	0.01247	0.00570	0.00543
93	0.01038	0.00760	0.00993	0.01093	0.01249	0.00747	0.00926	0.01331	0.04828	0.01863	0.05286	0.06273	0.08892	0.01595	0.00818	0.00273	0.00539	0.60322	0.00571	0.00602
94	0.02063	0.02230	0.01807	0.03121	0.14095	0.43925	0.01248	0.16548	0.01856	0.02082	0.04356	0.01469	0.01123	0.00694	0.00594	0.00179	0.00894	0.00492	0.00401	0.00821
95	0.01513	0.01188	0.01419	0.01117	0.01573	0.01082	0.04111	0.02187	0.24587	0.08953	0.01673	0.01731	0.01295	0.00639	0.00550	0.00154	0.00504	0.00514	0.00487	0.44724
96	0.09925	0.20730	0.49170	0.01479	0.02194	0.01617	0.03026	0.01865	0.01254	0.01897	0.01063	0.01269	0.00824	0.00602	0.00534	0.00188	0.00791	0.00426	0.00293	0.00854
97	0.02224	0.01743	0.01759	0.01396	0.01840	0.07660	0.01127	0.61518	0.08664	0.03447	0.01529	0.01564	0.01125	0.00760	0.00619	0.00192	0.00687	0.00553	0.00590	0.01003
98	0.01043	0.00923	0.01307	0.25619	0.13103	0.00943	0.01071	0.01275	0.01347	0.01721	0.06900	0.03720	0.35395	0.01088	0.00678	0.00210	0.00544	0.02006	0.00448	0.00660
99	0.01391	0.00825	0.00992	0.00937	0.01162	0.00770	0.00696	0.01724	0.11509	0.20555	0.06490	0.30235	0.17518	0.01351	0.00707	0.00223	0.00418	0.01150	0.00626	0.00723
100	0.01181	0.00616	0.00617	0.00613	0.00756	0.00602	0.00453	0.01422	0.01279	0.02249	0.01980	0.02287	0.01572	0.00740	0.00450	0.00154	0.00307	0.00572	0.81557	0.00593
101	0.01541	0.01393	0.01853	0.04318	0.01969	0.08418	0.19198	0.02301	0.27671	0.07502	0.04699	0.05882	0.06427	0.00874	0.00671	0.00212	0.00673	0.03057	0.00510	0.00831
102	0.02253	0.02811	0.01706	0.01555	0.01859	0.76110	0.01159	0.02375	0.01701	0.01515	0.00997	0.01185	0.00842	0.00663	0.00566	0.00168	0.01073	0.00407	0.00333	0.00723
103	0.00824	0.00586	0.00744	0.00860	0.00900	0.00542	0.00566	0.00889	0.01149	0.01542	0.03140	0.71079	0.03730	0.09126	0.00987	0.00283	0.00394	0.01591	0.00552	0.00513
104	0.01898	0.02187	0.01851	0.07242	0.22123	0.45977	0.01338	0.02086	0.01549	0.01653	0.01191	0.05787	0.01068	0.00709	0.00596	0.00182	0.00916	0.00529	0.00341	0.00777
105	0.00748	0.00580	0.00681	0.00680	0.00829	0.00513	0.00501	0.00942	0.01432	0.01881	0.35034	0.15245	0.36045	0.01401	0.00694	0.00196	0.00292	0.01212	0.00582	0.00513
106	0.00795	0.00599	0.00726	0.00797	0.00903	0.00568	0.00586	0.00996	0.04368	0.01558	0.03719	0.33095	0.23030	0.10496	0.00985	0.00267	0.00395	0.15101	0.00520	0.00495
107	0.00702	0.00582	0.00616	0.00640	0.00812	0.00497	0.00477	0.00849	0.01299	0.01568	0.05418	0.15026	0.63167	0.01524	0.00700	0.00205	0.00311	0.04578	0.00540	0.00491
108	0.01098	0.01035	0.01508	0.01440	0.05606	0.01313	0.03738	0.01243	0.01007	0.01473	0.01608	0.27144	0.01800	0.01237	0.01400	0.00242	0.45257	0.00896	0.00353	0.00604
109	0.01321	0.00787	0.00907	0.00803	0.01080	0.00723	0.00627	0.01700	0.11476	0.22022	0.08376	0.05206	0.40338	0.01164	0.00647	0.00192	0.00371	0.00972	0.00602	0.00688
110	0.01213	0.01300	0.05101	0.01859	0.03342	0.01270	0.36761	0.01584	0.01299	0.01791	0.06551	0.02831	0.01730	0.00880	0.00904	0.00220	0.13374	0.16931	0.00364	0.00693
111	0.02091	0.01516	0.01704	0.01444	0.06729	0.01654	0.01107	0.58429	0.06643	0.07805	0.01544	0.03973	0.01148	0.00728	0.00587	0.00178	0.00615	0.00571	0.00570	0.00964
112	0.32412	0.06171	0.01433	0.01190	0.01532	0.40762	0.00932	0.06158	0.01441	0.01989	0.00889	0.01024	0.00718	0.00577	0.00459	0.00161	0.00780	0.00358	0.00335	0.00679
113	0.01566	0.07518	0.01289	0.01059	0.01340	0.00966	0.00899	0.06697	0.05696	0.23246	0.02518	0.09672	0.02370	0.01167	0.00673	0.00218	0.00519	0.31285	0.00571	0.00731
114	0.00779	0.00567	0.00746	0.00810	0.00902	0.00521	0.00577	0.00944	0.01268	0.01738	0.21441	0.51204	0.04071	0.01573	0.00716	0.00217	0.00340	0.06171	0.00555	0.04859
115	0.01331	0.08550	0.39592	0.01894	0.17952	0.01381	0.01710	0.01951	0.09067	0.05297	0.01335	0.05068	0.01066	0.00633	0.00557	0.00180	0.00720	0.00528	0.00327	0.00858
116	0.12605	0.13187	0.10152	0.01220	0.01655	0.17096	0.01083	0.09808	0.19213	0.03282	0.01324	0.01366	0.01020	0.00622	0.00503	0.00166	0.00667	0.00450	0.00403	0.04179
117	0.01271	0.00656	0.00881	0.00866	0.01032	0.00591	0.00632	0.01427	0.01330	0.23256	0.10698	0.48806	0.03325	0.01435	0.00691	0.00214	0.00376	0.01279	0.00603	0.00630
118	0.00745	0.00581	0.00685	0.00704	0.00849	0.00522	0.00524	0.00925	0.01353	0.01750	0.23039	0.18020	0.38131	0.01602	0.04268	0.00238	0.00367	0.04636	0.00555	0.00506
119	0.01446	0.07591	0.25362	0.04685	0.13165	0.02830	0.12331	0.14973	0.01523	0.02098	0.01181	0.01481	0.00923	0.00835	0.05738	0.00230	0.00837	0.01605	0.00331	0.00834
120	0.00980	0.00807	0.02640	0.00812	0.01036	0.00755	0.00640	0.01488	0.17222	0.04631	0.18776	0.04307	0.33482	0.05684	0.00794	0.00217	0.00373	0.04179	0.00560	0.00616
121	0.00709	0.00506	0.00675	0.00810	0.00843	0.00472	0.00540	0.00810	0.01113	0.01484	0.03205	0.79184	0.03846	0.01822	0.00742	0.00236	0.00337	0.01653	0.00540	0.00472
122	0.01535	0.01794	0.20041	0.03488	0.28842	0.01449	0.04380	0.15220	0.11478	0.04046	0.01339	0.01498	0.01013	0.00601	0.00578	0.00181	0.00699	0.00525	0.00382	0.00910
123	0.03355	0.27743	0.01942	0.03940	0.01602	0.15354	0.00961	0.02233	0.06385	0.25170	0.01636	0.01600	0.04395	0.00654	0.00504	0.00158	0.00637	0.00481	0.00445	0.00805
124	0.02565	0.01061	0.01393	0.01068	0.01520	0.00960	0.00883	0.10738	0.01783	0.68267	0.02194	0.01915	0.01389	0.00717	0.00584	0.00179	0.00511	0.00578	0.00704	0.00990
125	0.01648	0.00899	0.01150	0.06166	0.01453	0.00884	0.00820	0.02141	0.15664	0.31409	0.08582	0.12240	0.09136	0.01009	0.00633	0.00197	0.00453	0.04119	0.00610	0.00786
126	0.01274	0.09321	0.42190	0.01459	0.03198	0.01311	0.05708	0.05185	0.04624	0.05332	0.01684	0.08563	0.06166	0.00744	0.00575	0.00185	0.00712	0.00620	0.00349	0.00801
127	0.36926	0.01171	0.03326	0.02396	0.04288	0.01161	0.00812	0.06644	0.06545	0.06596	0.02310	0.04129	0.01043	0.00610	0.00458	0.00161	0.00482	0.00451	0.00411	0.20080
128	0.01848	0.05758	0.10222	0.01611	0.08460	0.39324	0.01266	0.12116	0.04542	0.01879	0.01191	0.01527	0.00997	0.00724	0.01843	0.00180	0.00875	0.04519	0.00355	0.00764
129	0.05840	0.00857	0.01040	0.05854	0.01312	0.00910	0.00764	0.09118	0.09764	0.04766	0.11074	0.35037	0.02804	0.01234	0.00698	0.00206	0.03483	0.01067	0.00522	0.03651
130	0.01961	0.01481	0.01611	0.01220	0.01698	0.01548	0.01002	0.56006	0.02355	0.03226	0.01306	0.01349	0.00957	0.00632	0.00544	0.00153	0.00588	0.00479	0.00523	0.21360

[dist]
# distance from previous block
# <min> <max>
0	1

[block]
# block no. 1 follows, 40 sequences, length 8
# corresponding to MSA columns:
# 350-357
name=unknown_B
#
# <colnr> <probs for GDERKNQSTAVLIFYWHMCP>
#	G	D	E	R	K	N	Q	S	T	A	V	L	I	F	Y	W	H	M	C	P
0	0.00826	0.00561	0.00663	0.00681	0.00693	0.00564	0.00406	0.00856	0.00888	0.01192	0.01995	0.13767	0.02295	0.63349	0.08412	0.00549	0.00610	0.00936	0.00374	0.00381
1	0.00823	0.00594	0.00777	0.00732	0.00869	0.00549	0.00549	0.01097	0.01646	0.02332	0.75629	0.04344	0.05487	0.01189	0.00686	0.00183	0.00274	0.01052	0.00640	0.00549
2	0.01365	0.01306	0.02226	0.19891	0.60197	0.01362	0.01748	0.01719	0.01289	0.01809	0.01081	0.01464	0.00889	0.00532	0.00577	0.00177	0.00709	0.00518	0.00281	0.00861
3	0.01328	0.01311	0.02021	0.38664	0.36961	0.06454	0.01660	0.01680	0.01270	0.01672	0.01052	0.01465	0.00841	0.00553	0.00575	0.00181	0.00755	0.00508	0.00275	0.00775
4	0.01203	0.01161	0.01717	0.05838	0.01804	0.03415	0.14365	0.01522	0.04768	0.01684	0.01374	0.11931	0.01307	0.00965	0.04158	0.00216	0.18799	0.00661	0.00345	0.22768
5	0.01173	0.04580	0.41586	0.01440	0.04363	0.01158	0.03901	0.01738	0.05239	0.04635	0.17335	0.02321	0.02015	0.00770	0.00600	0.00188	0.00670	0.05126	0.00387	0.00776
6	0.00846	0.00564	0.00634	0.00634	0.00634	0.00564	0.00352	0.00846	0.00846	0.01128	0.01832	0.03805	0.02114	0.79563	0.02960	0.00564	0.00564	0.00846	0.00352	0.00352
7	0.02182	0.01513	0.01644	0.01267	0.01713	0.01651	0.01044	0.63769	0.02557	0.09867	0.01502	0.01490	0.01056	0.00699	0.00572	0.00173	0.00607	0.00530	0.05202	0.00964

[dist]
# distance from previous block
# <min> <max>
4	78

# created by:
# /software/SequenceAnalysis/GenePrediction/augustus/3.0.1/scripts/msa2prfl.pl ./fixed/BUSCOvEOG7ZCVK0.fas
