[name]
unknown

[dist]
# distance from previous block
# <min> <max>
0	376

[block]
# block no. 0 follows, 41 sequences, length 21
# corresponding to MSA columns:
# 407-427
name=unknown_A
#
# <colnr> <probs for GDERKNQSTAVLIFYWHMCP>
#	G	D	E	R	K	N	Q	S	T	A	V	L	I	F	Y	W	H	M	C	P
0	0.00828	0.00569	0.00698	0.00698	0.00724	0.00595	0.00439	0.00880	0.00854	0.01164	0.01734	0.03366	0.01916	0.60839	0.21747	0.00646	0.00801	0.00777	0.00336	0.00388
1	0.01183	0.01116	0.01879	0.59400	0.22193	0.01302	0.01636	0.01548	0.01195	0.01582	0.01050	0.01522	0.00816	0.00568	0.00578	0.00189	0.00747	0.00514	0.00268	0.00713
2	0.01086	0.02360	0.57489	0.01387	0.02019	0.01142	0.01672	0.01576	0.01124	0.01651	0.01240	0.01872	0.01084	0.20559	0.01148	0.00279	0.00777	0.00532	0.00275	0.00728
3	0.63094	0.01527	0.01051	0.00947	0.01287	0.20531	0.00750	0.01845	0.01149	0.02286	0.00838	0.00981	0.00667	0.00558	0.00403	0.00173	0.00597	0.00331	0.00345	0.00640
4	0.02385	0.01300	0.01533	0.01179	0.01629	0.01317	0.00971	0.38517	0.02172	0.40062	0.01831	0.01684	0.01211	0.00709	0.00581	0.00178	0.00564	0.00551	0.00645	0.00982
5	0.01619	0.00996	0.01653	0.01277	0.01642	0.00909	0.19247	0.01949	0.03211	0.29322	0.28424	0.02706	0.02727	0.00830	0.00644	0.00186	0.00535	0.00772	0.00577	0.00774
6	0.00800	0.00577	0.00753	0.00752	0.00863	0.00532	0.00546	0.01022	0.01497	0.02099	0.57457	0.23259	0.04994	0.01337	0.00696	0.00196	0.00292	0.01188	0.00610	0.00531
7	0.01189	0.00833	0.00913	0.00812	0.00929	0.00873	0.00542	0.19397	0.01312	0.01757	0.01710	0.03164	0.01814	0.59711	0.02323	0.00460	0.00579	0.00757	0.00410	0.00515
8	0.01012	0.00511	0.00759	0.00758	0.00760	0.00508	0.00505	0.00760	0.00758	0.01012	0.01012	0.01763	0.01011	0.01995	0.02238	0.83118	0.00503	0.00503	0.00255	0.00259
9	0.01972	0.02356	0.01550	0.01406	0.01709	0.58185	0.01062	0.02485	0.20203	0.01668	0.01267	0.01335	0.01009	0.00649	0.00540	0.00163	0.00890	0.00445	0.00373	0.00734
10	0.00795	0.00597	0.00732	0.00697	0.00848	0.00537	0.00522	0.01028	0.01550	0.02120	0.58123	0.04600	0.23223	0.01250	0.00682	0.00187	0.00282	0.01082	0.00610	0.00535
11	0.01291	0.04542	0.24426	0.03971	0.30719	0.01238	0.01565	0.01696	0.01247	0.01838	0.01053	0.01305	0.00845	0.00511	0.00524	0.00154	0.00670	0.00439	0.00289	0.21678
12	0.01606	0.34723	0.25311	0.01287	0.01874	0.03599	0.01364	0.20097	0.01583	0.02077	0.01033	0.01150	0.00809	0.00570	0.00485	0.00157	0.00703	0.00402	0.00334	0.00836
13	0.22219	0.01300	0.01971	0.05843	0.51522	0.01349	0.04120	0.01739	0.01226	0.02043	0.01024	0.01327	0.00844	0.00529	0.00525	0.00177	0.00639	0.00471	0.00306	0.00826
14	0.01375	0.01333	0.04563	0.01481	0.01876	0.01358	0.19434	0.05007	0.43324	0.02209	0.02153	0.02366	0.04611	0.00782	0.00629	0.00200	0.00607	0.05356	0.00495	0.00839
15	0.00913	0.00649	0.00879	0.02526	0.01163	0.00645	0.00851	0.01169	0.01310	0.01734	0.04598	0.05927	0.09117	0.01476	0.00746	0.00245	0.00488	0.58682	0.06354	0.00526
16	0.01336	0.01250	0.02091	0.03119	0.66043	0.01250	0.01564	0.01630	0.01238	0.01765	0.01175	0.01732	0.01065	0.11297	0.00885	0.00222	0.00663	0.00553	0.00292	0.00830
17	0.01372	0.01455	0.01733	0.01551	0.04304	0.13997	0.04388	0.01564	0.03143	0.01453	0.01016	0.06788	0.01002	0.00943	0.01437	0.00225	0.52124	0.00571	0.00290	0.00645
18	0.00860	0.00627	0.00780	0.00739	0.00889	0.00607	0.00558	0.01208	0.06599	0.02165	0.55142	0.03942	0.10352	0.01333	0.05670	0.00227	0.00366	0.00959	0.06421	0.00558
19	0.00903	0.00657	0.00897	0.00996	0.01137	0.00633	0.00839	0.01138	0.01270	0.01680	0.02907	0.18370	0.03202	0.01534	0.00754	0.00246	0.00487	0.55467	0.00514	0.06369
20	0.01207	0.01232	0.02369	0.35363	0.12178	0.01312	0.29226	0.01610	0.01227	0.01643	0.01111	0.01566	0.00864	0.00773	0.05638	0.00236	0.00879	0.00579	0.00274	0.00712

[dist]
# distance from previous block
# <min> <max>
0	28

[block]
# block no. 1 follows, 41 sequences, length 52
# corresponding to MSA columns:
# 456-507
name=unknown_B
#
# <colnr> <probs for GDERKNQSTAVLIFYWHMCP>
#	G	D	E	R	K	N	Q	S	T	A	V	L	I	F	Y	W	H	M	C	P
0	0.01162	0.07196	0.64797	0.09658	0.02571	0.01376	0.01993	0.01769	0.01198	0.01748	0.01012	0.01224	0.00729	0.00543	0.00536	0.00179	0.00823	0.00425	0.00243	0.00817
1	0.83938	0.01106	0.00841	0.00752	0.01106	0.01283	0.00619	0.01681	0.00973	0.02566	0.00796	0.00929	0.00619	0.00531	0.00354	0.00177	0.00442	0.00310	0.00354	0.00619
2	0.01463	0.01684	0.02770	0.02072	0.02508	0.14325	0.48524	0.01826	0.01315	0.01686	0.01042	0.01402	0.00826	0.00583	0.00838	0.00192	0.13610	0.00588	0.00285	0.02458
3	0.02034	0.01532	0.01638	0.01288	0.01720	0.01708	0.01053	0.61093	0.16248	0.03378	0.01552	0.01515	0.01117	0.00703	0.00574	0.00176	0.00596	0.00540	0.00574	0.00960
4	0.01399	0.01342	0.02292	0.07236	0.72735	0.01355	0.01747	0.01741	0.01295	0.01848	0.01073	0.01421	0.00899	0.00513	0.00567	0.00171	0.00684	0.00510	0.00282	0.00893
5	0.00697	0.00498	0.00664	0.00796	0.00830	0.00465	0.00531	0.00796	0.01095	0.01460	0.03153	0.79525	0.03783	0.01792	0.00730	0.00232	0.00332	0.01626	0.00531	0.00465
6	0.01198	0.01422	0.11486	0.06037	0.01808	0.01558	0.05513	0.01439	0.01005	0.01515	0.05169	0.01475	0.01037	0.00972	0.03228	0.00246	0.53427	0.00534	0.00275	0.00655
7	0.01138	0.01079	0.01804	0.63307	0.14114	0.01312	0.01592	0.01498	0.01151	0.01514	0.01009	0.01493	0.00782	0.00588	0.00648	0.00191	0.05338	0.00508	0.00258	0.00673
8	0.83938	0.01106	0.00841	0.00752	0.01106	0.01283	0.00619	0.01681	0.00973	0.02566	0.00796	0.00929	0.00619	0.00531	0.00354	0.00177	0.00442	0.00310	0.00354	0.00619
9	0.01294	0.02780	0.59758	0.01550	0.02261	0.14145	0.01851	0.01848	0.01301	0.01770	0.05409	0.01358	0.01001	0.00588	0.00546	0.00175	0.00843	0.00449	0.00273	0.00797
10	0.00711	0.00574	0.00590	0.00590	0.00739	0.00499	0.00415	0.00823	0.01196	0.01446	0.04887	0.05104	0.59266	0.19288	0.01184	0.00275	0.00350	0.01122	0.00489	0.00452
11	0.01053	0.00964	0.01490	0.23352	0.22050	0.02490	0.02862	0.01328	0.01246	0.01646	0.06429	0.16569	0.11458	0.00963	0.00628	0.00194	0.00573	0.03668	0.00382	0.00651
12	0.00704	0.00504	0.00658	0.00778	0.00815	0.00471	0.00516	0.00799	0.01088	0.01443	0.03175	0.72227	0.06464	0.06368	0.00856	0.00250	0.00343	0.01563	0.00520	0.00458
13	0.02142	0.02581	0.01633	0.01453	0.01769	0.67799	0.01103	0.11610	0.01759	0.01685	0.00947	0.01076	0.00767	0.00602	0.00523	0.00150	0.00980	0.00387	0.00331	0.00703
14	0.01955	0.08392	0.06182	0.01286	0.01739	0.04708	0.01112	0.53785	0.06524	0.03050	0.01346	0.01393	0.00993	0.00820	0.03917	0.00201	0.00686	0.00498	0.00503	0.00909
15	0.01204	0.06151	0.62992	0.01599	0.02362	0.04937	0.06097	0.01792	0.01237	0.01763	0.01201	0.01371	0.03634	0.00575	0.00547	0.00178	0.00829	0.00460	0.00258	0.00814
16	0.00745	0.00532	0.00719	0.00852	0.00906	0.00506	0.00615	0.00880	0.01143	0.01514	0.03126	0.63829	0.03678	0.01746	0.00743	0.00239	0.00374	0.16846	0.00530	0.00478
17	0.01477	0.69664	0.13117	0.01068	0.01606	0.02135	0.01134	0.01726	0.01168	0.01409	0.00827	0.00957	0.00733	0.00497	0.00391	0.00130	0.00644	0.00322	0.00244	0.00749
18	0.00941	0.00760	0.01211	0.01086	0.01278	0.00715	0.13003	0.01193	0.04077	0.04510	0.06285	0.44690	0.06662	0.01525	0.05207	0.00251	0.00519	0.01217	0.00482	0.04388
19	0.01432	0.57561	0.17804	0.01197	0.01738	0.02016	0.04420	0.01722	0.01166	0.01462	0.00855	0.01019	0.00739	0.00524	0.00487	0.00143	0.04361	0.00355	0.00246	0.00753
20	0.01392	0.48048	0.25939	0.01331	0.01940	0.01888	0.09017	0.01756	0.01196	0.01541	0.00905	0.01073	0.00745	0.00505	0.00454	0.00148	0.00721	0.00381	0.00248	0.00772
21	0.02066	0.00920	0.01203	0.00961	0.01325	0.00835	0.00779	0.06551	0.03811	0.51577	0.19088	0.02532	0.04074	0.00831	0.00600	0.00178	0.00440	0.00693	0.00674	0.00861
22	0.00762	0.00625	0.00678	0.00657	0.00843	0.00562	0.00495	0.01040	0.06368	0.01805	0.24623	0.04944	0.51907	0.01328	0.00669	0.00190	0.00295	0.01123	0.00561	0.00527
23	0.00697	0.00498	0.00664	0.00796	0.00830	0.00465	0.00531	0.00796	0.01095	0.01460	0.03153	0.79525	0.03783	0.01792	0.00730	0.00232	0.00332	0.01626	0.00531	0.00465
24	0.01155	0.02904	0.74072	0.01661	0.02496	0.01333	0.04920	0.01812	0.01213	0.01812	0.01032	0.01221	0.00730	0.00541	0.00549	0.00182	0.00850	0.00432	0.00243	0.00842
25	0.01416	0.01359	0.02322	0.03511	0.76330	0.01359	0.01755	0.01755	0.01302	0.01869	0.01076	0.01416	0.00906	0.00510	0.00566	0.00170	0.00680	0.00510	0.00283	0.00906
26	0.00832	0.00555	0.00624	0.00624	0.00624	0.00555	0.00347	0.00832	0.00832	0.01109	0.01802	0.03743	0.02080	0.79898	0.02911	0.00555	0.00555	0.00832	0.00347	0.00347
27	0.02566	0.00973	0.01327	0.01018	0.01460	0.00841	0.00841	0.02788	0.01637	0.76726	0.02257	0.01947	0.01416	0.00708	0.00575	0.00177	0.00487	0.00575	0.00708	0.00973
28	0.00832	0.00555	0.00624	0.00624	0.00624	0.00555	0.00347	0.00832	0.00832	0.01109	0.01802	0.03743	0.02080	0.79898	0.02911	0.00555	0.00555	0.00832	0.00347	0.00347
29	0.02174	0.01602	0.01717	0.01316	0.01774	0.01774	0.01087	0.74423	0.02689	0.03605	0.01373	0.01373	0.00973	0.00687	0.00572	0.00172	0.00629	0.00515	0.00572	0.00973
30	0.02137	0.02726	0.01621	0.01474	0.01768	0.77602	0.01105	0.02284	0.01621	0.01400	0.00884	0.01031	0.00737	0.00589	0.00516	0.00147	0.01031	0.00368	0.00295	0.00663
31	0.02566	0.00973	0.01327	0.01018	0.01460	0.00841	0.00841	0.02788	0.01637	0.76726	0.02257	0.01947	0.01416	0.00708	0.00575	0.00177	0.00487	0.00575	0.00708	0.00973
32	0.00697	0.00498	0.00664	0.00796	0.00830	0.00465	0.00531	0.00796	0.01095	0.01460	0.03153	0.79525	0.03783	0.01792	0.00730	0.00232	0.00332	0.01626	0.00531	0.00465
33	0.01226	0.00687	0.00704	0.00646	0.00826	0.00712	0.00499	0.11878	0.01414	0.02345	0.01795	0.02023	0.01395	0.00669	0.00425	0.00139	0.00319	0.00531	0.71171	0.00597
34	0.00730	0.00538	0.00740	0.00922	0.04314	0.00506	0.00587	0.00841	0.01105	0.01479	0.03057	0.75920	0.03650	0.01733	0.00723	0.00229	0.00348	0.01575	0.00520	0.00485
35	0.02174	0.01602	0.01717	0.01316	0.01774	0.01774	0.01087	0.74423	0.02689	0.03605	0.01373	0.01373	0.00973	0.00687	0.00572	0.00172	0.00629	0.00515	0.00572	0.00973
36	0.00810	0.00585	0.00765	0.00720	0.00855	0.00540	0.00540	0.01079	0.01619	0.02294	0.76028	0.04273	0.05397	0.01169	0.00675	0.00180	0.00270	0.01034	0.00630	0.00540
37	0.01416	0.01359	0.02322	0.03511	0.76330	0.01359	0.01755	0.01755	0.01302	0.01869	0.01076	0.01416	0.00906	0.00510	0.00566	0.00170	0.00680	0.00510	0.00283	0.00906
38	0.00697	0.00498	0.00664	0.00796	0.00830	0.00465	0.00531	0.00796	0.01095	0.01460	0.03153	0.79525	0.03783	0.01792	0.00730	0.00232	0.00332	0.01626	0.00531	0.00465
39	0.02566	0.00973	0.01327	0.01018	0.01460	0.00841	0.00841	0.02788	0.01637	0.76726	0.02257	0.01947	0.01416	0.00708	0.00575	0.00177	0.00487	0.00575	0.00708	0.00973
40	0.00676	0.00579	0.00579	0.00579	0.00773	0.00483	0.00435	0.00821	0.01304	0.01545	0.05794	0.05505	0.76098	0.01449	0.00676	0.00193	0.00290	0.01207	0.00531	0.00483
41	0.00994	0.00497	0.00745	0.00745	0.00745	0.00497	0.00497	0.00745	0.00745	0.00994	0.00994	0.01739	0.00994	0.01987	0.02235	0.83358	0.00497	0.00497	0.00248	0.00248
42	0.01147	0.02959	0.76934	0.01630	0.02476	0.01328	0.02113	0.01811	0.01208	0.01811	0.01026	0.01208	0.00725	0.00543	0.00543	0.00181	0.00845	0.00423	0.00242	0.00845
43	0.02030	0.00884	0.01169	0.00935	0.01291	0.00786	0.00757	0.05062	0.01658	0.52017	0.20617	0.02664	0.05829	0.00855	0.00604	0.00178	0.00430	0.00716	0.00675	0.00844
44	0.01928	0.01312	0.01454	0.01174	0.01555	0.01420	0.00943	0.40632	0.17379	0.14463	0.01835	0.06419	0.01422	0.04507	0.00694	0.00199	0.00549	0.00633	0.00582	0.00899
45	0.00701	0.00501	0.00668	0.00793	0.00831	0.00467	0.00531	0.00807	0.01115	0.01492	0.05955	0.76631	0.03845	0.01768	0.00728	0.00230	0.00329	0.01603	0.00535	0.00467
46	0.01529	0.80242	0.02997	0.00979	0.01468	0.02263	0.00979	0.01713	0.01162	0.01346	0.00795	0.00918	0.00734	0.00489	0.00367	0.00122	0.00612	0.00306	0.00245	0.00734
47	0.01688	0.03665	0.02045	0.02526	0.41021	0.25291	0.02930	0.06265	0.05733	0.01841	0.01100	0.01325	0.00900	0.00559	0.00549	0.00164	0.00778	0.00472	0.00320	0.00827
48	0.00832	0.00555	0.00624	0.00624	0.00624	0.00555	0.00347	0.00832	0.00832	0.01109	0.01802	0.03743	0.02080	0.79898	0.02911	0.00555	0.00555	0.00832	0.00347	0.00347
49	0.00786	0.00598	0.00725	0.00690	0.00846	0.00544	0.00519	0.01051	0.03183	0.02087	0.54798	0.04568	0.25023	0.01238	0.00673	0.00184	0.00279	0.01074	0.00601	0.00532
50	0.01206	0.02881	0.72613	0.01612	0.02435	0.01354	0.02054	0.05984	0.01293	0.01914	0.01046	0.01217	0.00739	0.00552	0.00545	0.00181	0.00833	0.00428	0.00261	0.00853
51	0.02174	0.01602	0.01717	0.01316	0.01774	0.01774	0.01087	0.74423	0.02689	0.03605	0.01373	0.01373	0.00973	0.00687	0.00572	0.00172	0.00629	0.00515	0.00572	0.00973

[dist]
# distance from previous block
# <min> <max>
0	6

[block]
# block no. 2 follows, 41 sequences, length 26
# corresponding to MSA columns:
# 514-539
name=unknown_C
#
# <colnr> <probs for GDERKNQSTAVLIFYWHMCP>
#	G	D	E	R	K	N	Q	S	T	A	V	L	I	F	Y	W	H	M	C	P
0	0.02037	0.00905	0.01195	0.01003	0.01361	0.00824	0.00831	0.02365	0.07066	0.51758	0.02665	0.03056	0.07289	0.00929	0.00623	0.00195	0.00477	0.13919	0.00652	0.00850
1	0.00697	0.00498	0.00664	0.00796	0.00830	0.00465	0.00531	0.00796	0.01095	0.01460	0.03153	0.79525	0.03783	0.01792	0.00730	0.00232	0.00332	0.01626	0.00531	0.00465
2	0.01416	0.01359	0.02322	0.03511	0.76330	0.01359	0.01755	0.01755	0.01302	0.01869	0.01076	0.01416	0.00906	0.00510	0.00566	0.00170	0.00680	0.00510	0.00283	0.00906
3	0.02285	0.01128	0.01389	0.01094	0.01512	0.01104	0.00893	0.19563	0.09334	0.49046	0.02092	0.04885	0.01438	0.00753	0.00581	0.00180	0.00511	0.00610	0.00656	0.00946
4	0.75118	0.01097	0.00934	0.09031	0.01408	0.01282	0.00723	0.01658	0.00992	0.02449	0.00820	0.00993	0.00635	0.00535	0.00377	0.00178	0.00477	0.00331	0.00343	0.00621
5	0.01403	0.01380	0.02278	0.11276	0.62892	0.04085	0.04835	0.01747	0.01299	0.01808	0.01066	0.01419	0.00883	0.00518	0.00570	0.00172	0.00713	0.00512	0.00281	0.00863
6	0.01352	0.01294	0.02206	0.17845	0.62497	0.01342	0.01724	0.01699	0.01272	0.01791	0.01065	0.01437	0.00879	0.00522	0.00567	0.00174	0.00695	0.00509	0.00278	0.00854
7	0.00798	0.00581	0.00751	0.00716	0.00850	0.00534	0.00534	0.01055	0.01581	0.02221	0.69447	0.07723	0.08641	0.01211	0.00677	0.00183	0.00274	0.01069	0.00621	0.00534
8	0.01472	0.01465	0.02267	0.03353	0.70550	0.07269	0.01705	0.01796	0.01327	0.01832	0.01061	0.01386	0.00893	0.00516	0.00562	0.00168	0.00707	0.00499	0.00284	0.00887
9	0.00697	0.00498	0.00664	0.00796	0.00830	0.00465	0.00531	0.00796	0.01095	0.01460	0.03153	0.79525	0.03783	0.01792	0.00730	0.00232	0.00332	0.01626	0.00531	0.00465
10	0.02145	0.01588	0.01700	0.01310	0.01763	0.01760	0.01080	0.71630	0.05530	0.03557	0.01411	0.01403	0.01003	0.00690	0.00573	0.00173	0.00623	0.00520	0.00573	0.00970
11	0.01346	0.01269	0.01744	0.09578	0.01791	0.01704	0.01267	0.10279	0.01125	0.01657	0.00855	0.01295	0.00779	0.00918	0.01581	0.00234	0.61116	0.00503	0.00290	0.00669
12	0.08033	0.04574	0.37404	0.01546	0.08792	0.01214	0.03177	0.02087	0.01329	0.24378	0.01378	0.01425	0.00944	0.00586	0.00538	0.00177	0.00686	0.00470	0.00395	0.00867
13	0.01234	0.17171	0.57531	0.01570	0.02329	0.01511	0.07495	0.01795	0.01210	0.01727	0.00994	0.01180	0.00737	0.00529	0.00521	0.00171	0.00811	0.00421	0.00246	0.00819
14	0.00810	0.00585	0.00765	0.00720	0.00855	0.00540	0.00540	0.01079	0.01619	0.02294	0.76028	0.04273	0.05397	0.01169	0.00675	0.00180	0.00270	0.01034	0.00630	0.00540
15	0.00922	0.00658	0.00922	0.01053	0.01185	0.00658	0.00922	0.01185	0.01317	0.01712	0.03029	0.06452	0.03292	0.01580	0.00790	0.00263	0.00527	0.72480	0.00527	0.00527
16	0.01346	0.01516	0.03261	0.04684	0.07637	0.01436	0.67582	0.01817	0.01341	0.01824	0.01148	0.01534	0.00867	0.00486	0.00665	0.00191	0.00941	0.00660	0.00288	0.00776
17	0.01416	0.01359	0.02322	0.03511	0.76330	0.01359	0.01755	0.01755	0.01302	0.01869	0.01076	0.01416	0.00906	0.00510	0.00566	0.00170	0.00680	0.00510	0.00283	0.00906
18	0.00796	0.00618	0.00746	0.00811	0.00974	0.00568	0.00672	0.00998	0.01310	0.01626	0.04445	0.05967	0.40589	0.01513	0.00732	0.00227	0.00405	0.35968	0.00529	0.00504
19	0.83938	0.01106	0.00841	0.00752	0.01106	0.01283	0.00619	0.01681	0.00973	0.02566	0.00796	0.00929	0.00619	0.00531	0.00354	0.00177	0.00442	0.00310	0.00354	0.00619
20	0.01147	0.02959	0.76934	0.01630	0.02476	0.01328	0.02113	0.01811	0.01208	0.01811	0.01026	0.01208	0.00725	0.00543	0.00543	0.00181	0.00845	0.00423	0.00242	0.00845
21	0.00697	0.00498	0.00664	0.00796	0.00830	0.00465	0.00531	0.00796	0.01095	0.01460	0.03153	0.79525	0.03783	0.01792	0.00730	0.00232	0.00332	0.01626	0.00531	0.00465
22	0.00832	0.00555	0.00624	0.00624	0.00624	0.00555	0.00347	0.00832	0.00832	0.01109	0.01802	0.03743	0.02080	0.79898	0.02911	0.00555	0.00555	0.00832	0.00347	0.00347
23	0.02386	0.01070	0.01364	0.01066	0.01496	0.01008	0.00874	0.10238	0.10715	0.60102	0.02174	0.01910	0.01410	0.00714	0.00576	0.00179	0.00497	0.00578	0.00679	0.00965
24	0.00695	0.00504	0.00657	0.00780	0.00825	0.00466	0.00523	0.00798	0.01111	0.01467	0.03357	0.73787	0.09389	0.01765	0.00726	0.00229	0.00329	0.01594	0.00531	0.00466
25	0.01080	0.01017	0.01716	0.78523	0.03940	0.01271	0.01589	0.01461	0.01144	0.01461	0.01017	0.01525	0.00762	0.00572	0.00572	0.00191	0.00762	0.00508	0.00254	0.00635

[dist]
# distance from previous block
# <min> <max>
0	98

# created by:
# /software/SequenceAnalysis/GenePrediction/augustus/3.0.1/scripts/msa2prfl.pl ./fixed/BUSCOvEOG7QZ918.fas
