[name]
unknown

[dist]
# distance from previous block
# <min> <max>
51	326

[block]
# block no. 0 follows, 39 sequences, length 31
# corresponding to MSA columns:
# 429-459
name=unknown_A
#
# <colnr> <probs for GDERKNQSTAVLIFYWHMCP>
#	G	D	E	R	K	N	Q	S	T	A	V	L	I	F	Y	W	H	M	C	P
0	0.01404	0.01476	0.02991	0.05744	0.02843	0.01392	0.56225	0.01814	0.01446	0.01948	0.01755	0.02584	0.04424	0.00771	0.00754	0.00229	0.00928	0.10091	0.00379	0.00801
1	0.01043	0.00772	0.01076	0.01158	0.01308	0.00743	0.03572	0.01259	0.01396	0.01832	0.03252	0.17105	0.05891	0.01676	0.00843	0.00281	0.00561	0.55058	0.00571	0.00603
2	0.01227	0.11070	0.68503	0.01615	0.02450	0.01475	0.02062	0.01862	0.01244	0.01822	0.01036	0.01217	0.00750	0.00556	0.00543	0.00181	0.00849	0.00424	0.00250	0.00862
3	0.00846	0.00629	0.00929	0.00929	0.01027	0.00728	0.00712	0.01042	0.00944	0.01357	0.01604	0.02432	0.01526	0.09715	0.71658	0.00924	0.01513	0.00650	0.00320	0.00516
4	0.01186	0.03059	0.76153	0.01686	0.02560	0.01373	0.02185	0.01873	0.01249	0.01873	0.01061	0.01249	0.00749	0.00562	0.00562	0.00187	0.00874	0.00437	0.00250	0.00874
5	0.01148	0.01083	0.01829	0.71216	0.10412	0.01322	0.01658	0.01538	0.01197	0.01548	0.01057	0.01567	0.00801	0.00586	0.00591	0.00195	0.00781	0.00526	0.00265	0.00682
6	0.01396	0.01595	0.03490	0.02493	0.03091	0.01496	0.73380	0.01894	0.01396	0.01894	0.01196	0.01595	0.00897	0.00499	0.00698	0.00199	0.00997	0.00698	0.00299	0.00798
7	0.00837	0.00604	0.00790	0.00744	0.00883	0.00558	0.00558	0.01116	0.01674	0.02371	0.75216	0.04417	0.05580	0.01209	0.00697	0.00186	0.00279	0.01069	0.00651	0.00558
8	0.02566	0.01129	0.05821	0.01090	0.01572	0.00899	0.00947	0.02822	0.01666	0.71531	0.02257	0.01967	0.01421	0.00722	0.00593	0.00183	0.00525	0.00585	0.00703	0.00999
9	0.02159	0.01612	0.01725	0.01343	0.01800	0.01792	0.01102	0.65467	0.11015	0.03583	0.01533	0.01510	0.01098	0.00721	0.00593	0.00180	0.00630	0.00548	0.00593	0.00998
10	0.00773	0.00553	0.00740	0.00841	0.00909	0.00521	0.00601	0.00932	0.01270	0.01715	0.17710	0.54878	0.04184	0.01696	0.00751	0.00233	0.00355	0.10265	0.00569	0.00504
11	0.01394	0.01334	0.02274	0.18540	0.61162	0.01387	0.01780	0.01754	0.01314	0.01847	0.01100	0.01486	0.00907	0.00540	0.00587	0.00180	0.00720	0.00527	0.00287	0.00880
12	0.02548	0.01042	0.01464	0.01281	0.08076	0.00917	0.00953	0.02787	0.01662	0.69372	0.02225	0.01964	0.01417	0.00714	0.00594	0.00182	0.00521	0.00589	0.00693	0.01000
13	0.02230	0.01080	0.01682	0.01351	0.04894	0.00958	0.12318	0.02500	0.01600	0.54458	0.02425	0.02250	0.07900	0.00754	0.00620	0.00187	0.00572	0.00666	0.00628	0.00925
14	0.02152	0.02445	0.01666	0.01462	0.01804	0.54911	0.01121	0.16901	0.08357	0.02002	0.01149	0.01239	0.00904	0.00647	0.00551	0.00162	0.00929	0.00437	0.00389	0.00773
15	0.02653	0.01006	0.01372	0.01052	0.01510	0.00869	0.00869	0.02882	0.01693	0.75937	0.02333	0.02013	0.01464	0.00732	0.00595	0.00183	0.00503	0.00595	0.00732	0.01006
16	0.02263	0.00915	0.01227	0.00987	0.01374	0.00793	0.00796	0.02470	0.01598	0.60981	0.02751	0.11254	0.08009	0.00927	0.00622	0.00191	0.00467	0.00776	0.00695	0.00902
17	0.01186	0.03059	0.76153	0.01686	0.02560	0.01373	0.02185	0.01873	0.01249	0.01873	0.01061	0.01249	0.00749	0.00562	0.00562	0.00187	0.00874	0.00437	0.00250	0.00874
18	0.21446	0.02422	0.01485	0.01347	0.01666	0.58949	0.01024	0.02214	0.01517	0.01733	0.00893	0.01041	0.00733	0.00595	0.00494	0.00160	0.00922	0.00367	0.00319	0.00675
19	0.01581	0.79572	0.03099	0.01012	0.01518	0.02340	0.01012	0.01771	0.01202	0.01391	0.00822	0.00949	0.00759	0.00506	0.00379	0.00126	0.00632	0.00316	0.00253	0.00759
20	0.00860	0.00573	0.00645	0.00645	0.00645	0.00573	0.00358	0.00860	0.00860	0.01147	0.01863	0.03870	0.02150	0.79217	0.03010	0.00573	0.00573	0.00860	0.00358	0.00358
21	0.02248	0.01656	0.01775	0.01361	0.01834	0.01834	0.01124	0.73556	0.02780	0.03727	0.01420	0.01420	0.01006	0.00710	0.00592	0.00177	0.00651	0.00532	0.00592	0.01006
22	0.00825	0.00604	0.00774	0.00732	0.00876	0.00553	0.00549	0.01093	0.01647	0.02306	0.69383	0.04525	0.11453	0.01233	0.00698	0.00187	0.00281	0.01085	0.00642	0.00553
23	0.02248	0.01656	0.01775	0.01361	0.01834	0.01834	0.01124	0.73556	0.02780	0.03727	0.01420	0.01420	0.01006	0.00710	0.00592	0.00177	0.00651	0.00532	0.00592	0.01006
24	0.01396	0.01595	0.03490	0.02493	0.03091	0.01496	0.73380	0.01894	0.01396	0.01894	0.01196	0.01595	0.00897	0.00499	0.00698	0.00199	0.00997	0.00698	0.00299	0.00798
25	0.02653	0.01006	0.01372	0.01052	0.01510	0.00869	0.00869	0.02882	0.01693	0.75937	0.02333	0.02013	0.01464	0.00732	0.00595	0.00183	0.00503	0.00595	0.00732	0.01006
26	0.01186	0.03059	0.76153	0.01686	0.02560	0.01373	0.02185	0.01873	0.01249	0.01873	0.01061	0.01249	0.00749	0.00562	0.00562	0.00187	0.00874	0.00437	0.00250	0.00874
27	0.00874	0.00635	0.00841	0.00886	0.01011	0.00614	0.00696	0.01165	0.04080	0.02012	0.35316	0.19857	0.04419	0.01458	0.00743	0.00225	0.00383	0.23638	0.00595	0.00552
28	0.02248	0.01656	0.01775	0.01361	0.01834	0.01834	0.01124	0.73556	0.02780	0.03727	0.01420	0.01420	0.01006	0.00710	0.00592	0.00177	0.00651	0.00532	0.00592	0.01006
29	0.02248	0.01656	0.01775	0.01361	0.01834	0.01834	0.01124	0.73556	0.02780	0.03727	0.01420	0.01420	0.01006	0.00710	0.00592	0.00177	0.00651	0.00532	0.00592	0.01006
30	0.01117	0.01051	0.01774	0.77795	0.04073	0.01314	0.01642	0.01511	0.01182	0.01511	0.01051	0.01577	0.00788	0.00591	0.00591	0.00197	0.00788	0.00526	0.00263	0.00657

[dist]
# distance from previous block
# <min> <max>
0	1

[block]
# block no. 1 follows, 39 sequences, length 11
# corresponding to MSA columns:
# 461-471
name=unknown_B
#
# <colnr> <probs for GDERKNQSTAVLIFYWHMCP>
#	G	D	E	R	K	N	Q	S	T	A	V	L	I	F	Y	W	H	M	C	P
0	0.02653	0.01006	0.01372	0.01052	0.01510	0.00869	0.00869	0.02882	0.01693	0.75937	0.02333	0.02013	0.01464	0.00732	0.00595	0.00183	0.00503	0.00595	0.00732	0.01006
1	0.00953	0.00681	0.00953	0.01089	0.01225	0.00681	0.00953	0.01225	0.01361	0.01770	0.03131	0.06671	0.03403	0.01634	0.00817	0.00272	0.00545	0.71547	0.00545	0.00545
2	0.00721	0.00515	0.00686	0.00823	0.00858	0.00480	0.00549	0.00823	0.01132	0.01510	0.03259	0.78831	0.03911	0.01853	0.00755	0.00240	0.00343	0.01681	0.00549	0.00480
3	0.01186	0.03059	0.76153	0.01686	0.02560	0.01373	0.02185	0.01873	0.01249	0.01873	0.01061	0.01249	0.00749	0.00562	0.00562	0.00187	0.00874	0.00437	0.00250	0.00874
4	0.02209	0.02819	0.01676	0.01524	0.01828	0.76843	0.01143	0.02361	0.01676	0.01447	0.00914	0.01066	0.00762	0.00609	0.00533	0.00152	0.01066	0.00381	0.00305	0.00686
5	0.02653	0.01006	0.01372	0.01052	0.01510	0.00869	0.00869	0.02882	0.01693	0.75937	0.02333	0.02013	0.01464	0.00732	0.00595	0.00183	0.00503	0.00595	0.00732	0.01006
6	0.02248	0.01656	0.01775	0.01361	0.01834	0.01834	0.01124	0.73556	0.02780	0.03727	0.01420	0.01420	0.01006	0.00710	0.00592	0.00177	0.00651	0.00532	0.00592	0.01006
7	0.01581	0.79572	0.03099	0.01012	0.01518	0.02340	0.01012	0.01771	0.01202	0.01391	0.00822	0.00949	0.00759	0.00506	0.00379	0.00126	0.00632	0.00316	0.00253	0.00759
8	0.00699	0.00599	0.00599	0.00599	0.00799	0.00499	0.00449	0.00849	0.01348	0.01598	0.05991	0.05691	0.75288	0.01498	0.00699	0.00200	0.00300	0.01248	0.00549	0.00499
9	0.01464	0.01405	0.02400	0.03630	0.75528	0.01405	0.01815	0.01815	0.01347	0.01932	0.01112	0.01464	0.00937	0.00527	0.00585	0.00176	0.00703	0.00527	0.00293	0.00937
10	0.00728	0.00526	0.00690	0.00805	0.00857	0.00487	0.00544	0.00847	0.01185	0.01581	0.08941	0.69185	0.07866	0.01784	0.00747	0.00234	0.00336	0.01611	0.00557	0.00487

[dist]
# distance from previous block
# <min> <max>
0	1

[block]
# block no. 2 follows, 39 sequences, length 14
# corresponding to MSA columns:
# 473-486
name=unknown_C
#
# <colnr> <probs for GDERKNQSTAVLIFYWHMCP>
#	G	D	E	R	K	N	Q	S	T	A	V	L	I	F	Y	W	H	M	C	P
0	0.22118	0.01204	0.01774	0.31121	0.29472	0.01351	0.01451	0.01680	0.01198	0.01955	0.01016	0.01379	0.00805	0.00557	0.00532	0.00186	0.00673	0.00474	0.00300	0.00755
1	0.00971	0.00718	0.00821	0.00715	0.00875	0.00639	0.00462	0.01051	0.00971	0.01383	0.01617	0.03068	0.01763	0.55314	0.02230	0.00426	0.00532	0.00705	0.00356	0.25382
2	0.02248	0.01656	0.01775	0.01361	0.01834	0.01834	0.01124	0.73556	0.02780	0.03727	0.01420	0.01420	0.01006	0.00710	0.00592	0.00177	0.00651	0.00532	0.00592	0.01006
3	0.00937	0.00771	0.00844	0.00796	0.01012	0.00764	0.00606	0.01512	0.19996	0.02055	0.26086	0.04421	0.35494	0.01234	0.00674	0.00196	0.00336	0.01047	0.00593	0.00628
4	0.47457	0.01371	0.01270	0.01036	0.01449	0.01551	0.00855	0.33544	0.01792	0.03129	0.01088	0.01164	0.00802	0.00620	0.00466	0.00181	0.00543	0.00414	0.00466	0.00802
5	0.01970	0.01286	0.02276	0.02143	0.20769	0.01195	0.23110	0.02312	0.01515	0.34695	0.01678	0.01747	0.01158	0.00609	0.00624	0.00186	0.00704	0.00609	0.00489	0.00925
6	0.01391	0.01315	0.01817	0.01974	0.20316	0.01605	0.01317	0.02044	0.23335	0.01871	0.01356	0.01614	0.01129	0.00836	0.01191	0.00220	0.34924	0.00566	0.00371	0.00808
7	0.38052	0.01147	0.01139	0.00977	0.01356	0.01254	0.00788	0.02455	0.23467	0.21192	0.01687	0.01606	0.01203	0.00672	0.00496	0.00188	0.00472	0.00496	0.00530	0.00823
8	0.01684	0.01530	0.02487	0.02653	0.34790	0.01558	0.19762	0.23603	0.01794	0.02467	0.01227	0.01484	0.00948	0.00575	0.00616	0.00182	0.00762	0.00572	0.00385	0.00922
9	0.26112	0.01968	0.34439	0.20720	0.02514	0.01344	0.01579	0.01740	0.01158	0.02018	0.00987	0.01244	0.00726	0.00565	0.00510	0.00188	0.00726	0.00424	0.00288	0.00748
10	0.25951	0.00903	0.01027	0.00995	0.01121	0.01075	0.00766	0.01253	0.01037	0.01835	0.01890	0.35532	0.02123	0.01250	0.00938	0.00228	0.20114	0.00973	0.00420	0.00571
11	0.00938	0.00718	0.00987	0.24054	0.01685	0.00798	0.00748	0.01058	0.00958	0.01257	0.01617	0.03174	0.01737	0.55360	0.02276	0.00459	0.00639	0.00759	0.00329	0.00449
12	0.01480	0.00839	0.01068	0.00863	0.01200	0.00708	0.00683	0.01732	0.01549	0.24539	0.30631	0.02945	0.06817	0.00884	0.00601	0.00161	0.00388	0.00752	0.00594	0.21565
13	0.26610	0.01924	0.01465	0.01305	0.01551	0.34893	0.01029	0.01934	0.01277	0.01807	0.00852	0.01092	0.00729	0.00699	0.00840	0.00189	0.20435	0.00397	0.00312	0.00662

[dist]
# distance from previous block
# <min> <max>
0	1

[block]
# block no. 3 follows, 39 sequences, length 9
# corresponding to MSA columns:
# 488-496
name=unknown_D
#
# <colnr> <probs for GDERKNQSTAVLIFYWHMCP>
#	G	D	E	R	K	N	Q	S	T	A	V	L	I	F	Y	W	H	M	C	P
0	0.24875	0.01044	0.01234	0.00977	0.01409	0.00995	0.00806	0.02567	0.01504	0.55767	0.01918	0.01723	0.01237	0.00682	0.00532	0.00183	0.00491	0.00519	0.00631	0.00906
1	0.19673	0.62229	0.02606	0.00960	0.01435	0.02116	0.00930	0.01764	0.01158	0.01670	0.00822	0.00951	0.00733	0.00515	0.00376	0.00139	0.00594	0.00317	0.00278	0.00733
2	0.00840	0.00658	0.00955	0.17823	0.01576	0.00686	0.00793	0.01056	0.01292	0.01747	0.22575	0.41267	0.03680	0.01397	0.00703	0.00216	0.00424	0.01257	0.00514	0.00541
3	0.01049	0.00878	0.01232	0.22136	0.01964	0.01033	0.01004	0.01618	0.17281	0.01658	0.01763	0.08296	0.01578	0.04754	0.30531	0.00508	0.00986	0.00703	0.00385	0.00644
4	0.01110	0.18285	0.01655	0.01530	0.21528	0.01158	0.00954	0.01329	0.01327	0.01673	0.06098	0.03431	0.35733	0.01000	0.00597	0.00176	0.00483	0.00837	0.00417	0.00679
5	0.01112	0.00940	0.01167	0.01049	0.01212	0.01086	0.00825	0.01742	0.21537	0.02190	0.38716	0.03118	0.03479	0.01059	0.00946	0.00206	0.17547	0.00837	0.00551	0.00682
6	0.02114	0.01077	0.01331	0.01086	0.01455	0.01049	0.00869	0.21878	0.01868	0.39605	0.02287	0.18837	0.01879	0.00974	0.00629	0.00194	0.00508	0.00818	0.00653	0.00890
7	0.76719	0.01186	0.00944	0.00826	0.01200	0.01368	0.00680	0.07646	0.01152	0.02742	0.00872	0.00998	0.00670	0.00562	0.00385	0.00183	0.00473	0.00338	0.00385	0.00670
8	0.01212	0.01149	0.01946	0.57383	0.23739	0.01339	0.01690	0.01595	0.01228	0.01627	0.01068	0.01546	0.00829	0.00574	0.00590	0.00191	0.00765	0.00526	0.00271	0.00734

[dist]
# distance from previous block
# <min> <max>
4	7

[block]
# block no. 4 follows, 39 sequences, length 16
# corresponding to MSA columns:
# 504-519
name=unknown_E
#
# <colnr> <probs for GDERKNQSTAVLIFYWHMCP>
#	G	D	E	R	K	N	Q	S	T	A	V	L	I	F	Y	W	H	M	C	P
0	0.26475	0.02016	0.01357	0.01190	0.01550	0.41254	0.00917	0.02026	0.01398	0.01891	0.00910	0.01062	0.00745	0.00562	0.00467	0.00151	0.00777	0.00357	0.00331	0.14565
1	0.69739	0.01120	0.00954	0.00824	0.01206	0.01249	0.00679	0.01932	0.01122	0.15047	0.01079	0.01139	0.00780	0.00580	0.00405	0.00183	0.00465	0.00367	0.00428	0.00702
2	0.01385	0.01402	0.02622	0.15831	0.41644	0.01417	0.23323	0.01787	0.01334	0.01849	0.01127	0.01522	0.00900	0.00529	0.00620	0.00186	0.00806	0.00578	0.00290	0.00848
3	0.69739	0.01120	0.00954	0.00824	0.01206	0.01249	0.00679	0.01932	0.01122	0.15047	0.01079	0.01139	0.00780	0.00580	0.00405	0.00183	0.00465	0.00367	0.00428	0.00702
4	0.01301	0.01239	0.02106	0.38493	0.41939	0.01362	0.01734	0.01672	0.01269	0.01734	0.01084	0.01517	0.00867	0.00557	0.00588	0.00186	0.00743	0.00526	0.00279	0.00805
5	0.26084	0.01195	0.01178	0.01020	0.01396	0.01312	0.00807	0.02440	0.39969	0.02435	0.01701	0.01666	0.01298	0.00664	0.00503	0.00176	0.00460	0.00510	0.00488	0.14697
6	0.01463	0.24798	0.01849	0.01090	0.01509	0.01617	0.00919	0.02450	0.40028	0.02056	0.01701	0.01662	0.01333	0.00652	0.00507	0.00159	0.00512	0.00509	0.00454	0.14733
7	0.00721	0.00515	0.00686	0.00823	0.00858	0.00480	0.00549	0.00823	0.01132	0.01510	0.03259	0.78831	0.03911	0.01853	0.00755	0.00240	0.00343	0.01681	0.00549	0.00480
8	0.01302	0.00663	0.00893	0.00892	0.01054	0.00597	0.00645	0.01443	0.01301	0.23908	0.02981	0.55713	0.03175	0.01515	0.00707	0.00223	0.00391	0.01354	0.00604	0.00639
9	0.26120	0.01326	0.01940	0.02772	0.53142	0.01381	0.01461	0.01792	0.01244	0.02149	0.01025	0.01312	0.00848	0.00534	0.00519	0.00178	0.00629	0.00465	0.00315	0.00848
10	0.01121	0.01059	0.01473	0.01333	0.01343	0.01411	0.01070	0.01243	0.00974	0.01449	0.01524	0.24628	0.01720	0.01281	0.01584	0.00253	0.54723	0.00868	0.00346	0.00597
11	0.00798	0.00573	0.00651	0.00651	0.00790	0.00504	0.00469	0.00825	0.01174	0.01426	0.04497	0.04520	0.52939	0.01665	0.01184	0.25056	0.00364	0.01027	0.00461	0.00426
12	0.02058	0.00880	0.01179	0.00993	0.01324	0.00784	0.00781	0.04572	0.01560	0.51179	0.02582	0.25111	0.02185	0.01069	0.00643	0.00200	0.00460	0.00920	0.00672	0.00848
13	0.26641	0.02314	0.01433	0.01299	0.01622	0.54116	0.00992	0.02174	0.01474	0.01810	0.00887	0.01035	0.00725	0.00591	0.00483	0.00162	0.00883	0.00363	0.00323	0.00672
14	0.01132	0.01066	0.01801	0.74619	0.07134	0.01318	0.01650	0.01524	0.01190	0.01529	0.01054	0.01572	0.00795	0.00588	0.00591	0.00196	0.00785	0.00526	0.00264	0.00669
15	0.26913	0.01056	0.01220	0.00975	0.01400	0.01027	0.00803	0.02546	0.03864	0.51482	0.01881	0.01703	0.01227	0.00679	0.00526	0.00184	0.00488	0.00515	0.00618	0.00894

[dist]
# distance from previous block
# <min> <max>
0	22

[block]
# block no. 5 follows, 39 sequences, length 22
# corresponding to MSA columns:
# 542-563
name=unknown_F
#
# <colnr> <probs for GDERKNQSTAVLIFYWHMCP>
#	G	D	E	R	K	N	Q	S	T	A	V	L	I	F	Y	W	H	M	C	P
0	0.02653	0.01006	0.01372	0.01052	0.01510	0.00869	0.00869	0.02882	0.01693	0.75937	0.02333	0.02013	0.01464	0.00732	0.00595	0.00183	0.00503	0.00595	0.00732	0.01006
1	0.00798	0.00575	0.00756	0.00770	0.00875	0.00532	0.00555	0.01019	0.01495	0.02086	0.51414	0.29032	0.05028	0.01422	0.00716	0.00204	0.00300	0.01272	0.00617	0.00532
2	0.28519	0.01446	0.02623	0.01925	0.02447	0.01440	0.49319	0.01843	0.01267	0.02145	0.01073	0.01385	0.00812	0.00515	0.00588	0.00194	0.00819	0.00573	0.00321	0.00746
3	0.02653	0.01006	0.01372	0.01052	0.01510	0.00869	0.00869	0.02882	0.01693	0.75937	0.02333	0.02013	0.01464	0.00732	0.00595	0.00183	0.00503	0.00595	0.00732	0.01006
4	0.00925	0.00587	0.00711	0.00680	0.00819	0.00556	0.00510	0.01203	0.01530	0.02316	0.50974	0.03686	0.04236	0.01037	0.00604	0.00170	0.00278	0.00898	0.27725	0.00556
5	0.00759	0.00544	0.00721	0.00797	0.00866	0.00506	0.00552	0.00920	0.01311	0.01795	0.27061	0.54216	0.04463	0.01640	0.00736	0.00222	0.00322	0.01479	0.00583	0.00506
6	0.28406	0.01157	0.01607	0.36631	0.18219	0.01337	0.01347	0.01650	0.01159	0.01978	0.00989	0.01349	0.00771	0.00564	0.00516	0.00188	0.00661	0.00458	0.00303	0.00711
7	0.02168	0.01685	0.26108	0.01262	0.01857	0.01036	0.01304	0.02548	0.01546	0.51438	0.01912	0.01760	0.01227	0.00676	0.00584	0.00184	0.00626	0.00543	0.00572	0.00963
8	0.01545	0.53671	0.02516	0.01075	0.01524	0.02053	0.00987	0.02225	0.25434	0.01749	0.01346	0.01365	0.01105	0.00604	0.00453	0.00151	0.00578	0.00433	0.00368	0.00818
9	0.01387	0.01219	0.01538	0.26631	0.04983	0.01432	0.01209	0.05556	0.44604	0.02190	0.01871	0.01939	0.01404	0.00719	0.00597	0.00198	0.00590	0.00611	0.00478	0.00847
10	0.28529	0.01282	0.01830	0.10275	0.43612	0.01370	0.01409	0.01759	0.01217	0.02128	0.01011	0.01309	0.00824	0.00541	0.00513	0.00180	0.00630	0.00458	0.00314	0.00810
11	0.01117	0.01051	0.01774	0.77795	0.04073	0.01314	0.01642	0.01511	0.01182	0.01511	0.01051	0.01577	0.00788	0.00591	0.00591	0.00197	0.00788	0.00526	0.00263	0.00657
12	0.00915	0.00790	0.01088	0.26314	0.01963	0.04009	0.00936	0.01116	0.01172	0.01507	0.02429	0.49964	0.02744	0.01382	0.00691	0.00222	0.00521	0.01244	0.00444	0.00548
13	0.01426	0.01453	0.02733	0.06489	0.48450	0.01431	0.25480	0.01828	0.01356	0.01901	0.01138	0.01512	0.00917	0.00520	0.00623	0.00184	0.00804	0.00583	0.00294	0.00879
14	0.01226	0.00892	0.01046	0.01001	0.01181	0.00928	0.00739	0.24882	0.01677	0.02243	0.02651	0.53224	0.02950	0.01475	0.00701	0.00219	0.00445	0.01301	0.00563	0.00654
15	0.28067	0.00723	0.00747	0.00808	0.00952	0.00760	0.00579	0.01126	0.01091	0.01888	0.02454	0.53073	0.02829	0.01421	0.00626	0.00221	0.00381	0.01231	0.00488	0.00533
16	0.01302	0.02510	0.49757	0.01932	0.02702	0.01398	0.25694	0.01912	0.01311	0.04217	0.01146	0.01387	0.00821	0.00546	0.00608	0.00191	0.00903	0.00528	0.00281	0.00853
17	0.01186	0.03059	0.76153	0.01686	0.02560	0.01373	0.02185	0.01873	0.01249	0.01873	0.01061	0.01249	0.00749	0.00562	0.00562	0.00187	0.00874	0.00437	0.00250	0.00874
18	0.01671	0.02380	0.51417	0.01476	0.02212	0.01207	0.01750	0.02207	0.01395	0.26372	0.01482	0.01501	0.00986	0.00618	0.00573	0.00186	0.00751	0.00489	0.00409	0.00918
19	0.01552	0.01320	0.01914	0.39095	0.14429	0.01505	0.03283	0.25399	0.01742	0.02319	0.01186	0.01508	0.00886	0.00618	0.00593	0.00187	0.00735	0.00532	0.00377	0.00819
20	0.01157	0.01120	0.02004	0.58075	0.06220	0.01298	0.12912	0.01554	0.01229	0.01598	0.01221	0.03555	0.01001	0.00650	0.00622	0.00201	0.00797	0.03817	0.00289	0.00680
21	0.00759	0.00544	0.00721	0.00797	0.00866	0.00506	0.00552	0.00920	0.01311	0.01795	0.27061	0.54216	0.04463	0.01640	0.00736	0.00222	0.00322	0.01479	0.00583	0.00506

[dist]
# distance from previous block
# <min> <max>
0	1

[block]
# block no. 6 follows, 39 sequences, length 7
# corresponding to MSA columns:
# 565-571
name=unknown_G
#
# <colnr> <probs for GDERKNQSTAVLIFYWHMCP>
#	G	D	E	R	K	N	Q	S	T	A	V	L	I	F	Y	W	H	M	C	P
0	0.48991	0.01116	0.01084	0.04705	0.01407	0.01231	0.00775	0.05226	0.07421	0.16368	0.05500	0.01510	0.01197	0.00651	0.00469	0.00185	0.00482	0.00463	0.00476	0.00746
1	0.01196	0.01231	0.02405	0.36807	0.03303	0.01304	0.32755	0.01605	0.01270	0.01678	0.01350	0.09822	0.01169	0.00685	0.00655	0.00203	0.00832	0.00724	0.00309	0.00699
2	0.00721	0.00515	0.00686	0.00823	0.00858	0.00480	0.00549	0.00823	0.01132	0.01510	0.03259	0.78831	0.03911	0.01853	0.00755	0.00240	0.00343	0.01681	0.00549	0.00480
3	0.01466	0.02667	0.61885	0.01565	0.02359	0.01277	0.01934	0.02065	0.01333	0.16003	0.01304	0.01394	0.00886	0.00594	0.00568	0.00186	0.00803	0.00467	0.00342	0.00899
4	0.01356	0.01407	0.02731	0.19950	0.27885	0.01424	0.32841	0.01780	0.01331	0.01820	0.01135	0.01546	0.00886	0.00529	0.00636	0.00191	0.00850	0.00601	0.00289	0.00813
5	0.67710	0.01509	0.15232	0.00951	0.01414	0.01336	0.00935	0.01764	0.01053	0.02504	0.00869	0.01016	0.00661	0.00551	0.00403	0.00184	0.00537	0.00343	0.00344	0.00685
6	0.01432	0.50740	0.30628	0.01266	0.01910	0.01976	0.01454	0.01809	0.01219	0.01573	0.00912	0.01062	0.00755	0.00527	0.00448	0.00149	0.00723	0.00362	0.00252	0.00802

[dist]
# distance from previous block
# <min> <max>
0	4

[block]
# block no. 7 follows, 39 sequences, length 22
# corresponding to MSA columns:
# 576-597
name=unknown_H
#
# <colnr> <probs for GDERKNQSTAVLIFYWHMCP>
#	G	D	E	R	K	N	Q	S	T	A	V	L	I	F	Y	W	H	M	C	P
0	0.01218	0.07773	0.68946	0.01673	0.02514	0.01438	0.04713	0.01867	0.01251	0.01844	0.01051	0.01243	0.00755	0.00556	0.00555	0.00184	0.00863	0.00439	0.00252	0.00864
1	0.01132	0.01061	0.01786	0.71456	0.08043	0.01301	0.01633	0.01520	0.01197	0.01542	0.01113	0.01712	0.00870	0.00617	0.00597	0.00198	0.00777	0.02504	0.00272	0.00670
2	0.00721	0.00515	0.00686	0.00823	0.00858	0.00480	0.00549	0.00823	0.01132	0.01510	0.03259	0.78831	0.03911	0.01853	0.00755	0.00240	0.00343	0.01681	0.00549	0.00480
3	0.01551	0.08705	0.42619	0.01634	0.02283	0.25223	0.06204	0.02020	0.01389	0.01704	0.01005	0.01190	0.00763	0.00569	0.00547	0.00172	0.00924	0.00426	0.00270	0.00801
4	0.01354	0.01294	0.02203	0.26988	0.53023	0.01376	0.01761	0.01719	0.01295	0.01799	0.01093	0.01499	0.00890	0.00547	0.00587	0.00182	0.00730	0.00526	0.00283	0.00849
5	0.00960	0.00745	0.00928	0.00786	0.01047	0.00631	0.00603	0.01233	0.01533	0.02232	0.51858	0.03412	0.04098	0.00966	0.00616	0.00155	0.00329	0.00843	0.00556	0.26470
6	0.00850	0.00615	0.00854	0.00854	0.00927	0.00687	0.00619	0.00994	0.00922	0.01302	0.01672	0.02810	0.01690	0.27987	0.53610	0.00832	0.01266	0.00705	0.00330	0.00475
7	0.01199	0.02427	0.52555	0.01431	0.02195	0.01189	0.01718	0.01752	0.01242	0.01890	0.01058	0.01242	0.00789	0.00523	0.00523	0.00156	0.00737	0.00410	0.00281	0.26686
8	0.27077	0.02456	0.52442	0.01400	0.02114	0.01359	0.01699	0.01830	0.01172	0.02119	0.00986	0.01158	0.00715	0.00558	0.00500	0.00186	0.00743	0.00400	0.00286	0.00800
9	0.00961	0.00754	0.00890	0.00938	0.01066	0.00795	0.00666	0.01555	0.24219	0.01803	0.02952	0.52608	0.03199	0.03679	0.00769	0.00237	0.00389	0.01339	0.00560	0.00620
10	0.01117	0.01051	0.01774	0.77795	0.04073	0.01314	0.01642	0.01511	0.01182	0.01511	0.01051	0.01577	0.00788	0.00591	0.00591	0.00197	0.00788	0.00526	0.00263	0.00657
11	0.02346	0.01171	0.01442	0.01119	0.01550	0.01142	0.00919	0.24966	0.02033	0.45923	0.09250	0.02064	0.01726	0.00772	0.00604	0.00182	0.00528	0.00622	0.00680	0.00962
12	0.01207	0.01029	0.01131	0.00974	0.01328	0.01011	0.00768	0.02039	0.31995	0.02081	0.02734	0.02890	0.16055	0.00881	0.00584	0.00170	0.00431	0.05570	0.00508	0.26616
13	0.57593	0.01184	0.01017	0.00912	0.01268	0.01372	0.00734	0.02181	0.24140	0.02597	0.01322	0.01353	0.01007	0.00629	0.00440	0.00189	0.00461	0.00430	0.00440	0.00734
14	0.02204	0.01021	0.01326	0.00997	0.01476	0.00844	0.00816	0.02443	0.01546	0.52628	0.01929	0.01765	0.01279	0.00639	0.00545	0.00153	0.00483	0.00518	0.00612	0.26777
15	0.02256	0.01130	0.01386	0.01119	0.01539	0.01119	0.00906	0.07368	0.24678	0.48301	0.02299	0.02037	0.01543	0.00753	0.00597	0.00188	0.00501	0.00614	0.00682	0.00984
16	0.02303	0.25771	0.01929	0.01049	0.01522	0.01363	0.00922	0.04742	0.01572	0.50201	0.01829	0.01659	0.01228	0.00660	0.00527	0.00165	0.00549	0.00505	0.00577	0.00928
17	0.02165	0.00863	0.01114	0.00894	0.01251	0.00769	0.00726	0.02408	0.01550	0.52716	0.02206	0.02073	0.01480	0.00718	0.00538	0.00169	0.00432	0.00581	0.26484	0.00863
18	0.01186	0.03059	0.76153	0.01686	0.02560	0.01373	0.02185	0.01873	0.01249	0.01873	0.01061	0.01249	0.00749	0.00562	0.00562	0.00187	0.00874	0.00437	0.00250	0.00874
19	0.02116	0.01023	0.01317	0.00986	0.01469	0.00839	0.00806	0.02358	0.01517	0.48086	0.01851	0.01717	0.01243	0.00621	0.00536	0.00147	0.00479	0.00503	0.00588	0.31798
20	0.01396	0.01356	0.02190	0.05926	0.49387	0.01529	0.01644	0.01679	0.01201	0.01755	0.01004	0.01415	0.00880	0.00690	0.01013	0.00203	0.25093	0.00524	0.00281	0.00834
21	0.28082	0.01050	0.01214	0.00966	0.01394	0.01013	0.00797	0.02522	0.01477	0.52857	0.01858	0.01681	0.01205	0.00674	0.00523	0.00183	0.00489	0.00508	0.00617	0.00891

[dist]
# distance from previous block
# <min> <max>
5	11

[block]
# block no. 8 follows, 39 sequences, length 15
# corresponding to MSA columns:
# 610-624
name=unknown_I
#
# <colnr> <probs for GDERKNQSTAVLIFYWHMCP>
#	G	D	E	R	K	N	Q	S	T	A	V	L	I	F	Y	W	H	M	C	P
0	0.01199	0.02427	0.52580	0.01431	0.02195	0.01189	0.01718	0.01752	0.01242	0.01890	0.01058	0.01242	0.00789	0.00523	0.00523	0.00156	0.00737	0.00410	0.00281	0.26659
1	0.00873	0.00655	0.00842	0.00935	0.01091	0.00624	0.00795	0.01107	0.01357	0.01716	0.04031	0.06363	0.26019	0.01591	0.00780	0.00249	0.00467	0.49430	0.00546	0.00530
2	0.01330	0.02056	0.26350	0.02239	0.02924	0.01457	0.50981	0.01888	0.01349	0.01888	0.01154	0.01486	0.00851	0.00518	0.00655	0.00196	0.00958	0.00616	0.00284	0.00822
3	0.27696	0.08981	0.01546	0.01244	0.01586	0.46590	0.00973	0.02114	0.01424	0.01822	0.00878	0.01023	0.00723	0.00581	0.00467	0.00160	0.00837	0.00356	0.00319	0.00678
4	0.01065	0.00935	0.01516	0.53662	0.03177	0.01115	0.01425	0.01421	0.01239	0.01592	0.01706	0.03179	0.01611	0.00919	0.00662	0.00221	0.00712	0.22870	0.00351	0.00622
5	0.27151	0.01214	0.05658	0.00951	0.01445	0.01018	0.02956	0.01672	0.01187	0.05827	0.01048	0.01194	0.00824	0.00497	0.00438	0.00132	0.00490	0.00369	0.00367	0.45563
6	0.01415	0.01278	0.01486	0.01313	0.01542	0.01578	0.01049	0.02602	0.51318	0.02143	0.01894	0.01919	0.01482	0.00876	0.01023	0.00219	0.24903	0.00621	0.00494	0.00845
7	0.01337	0.01360	0.02497	0.06661	0.14466	0.01247	0.34529	0.01731	0.01322	0.01888	0.01128	0.01457	0.00891	0.00490	0.00591	0.00160	0.00761	0.00550	0.00312	0.26621
8	0.01257	0.01131	0.01862	0.12597	0.42741	0.01165	0.01521	0.01589	0.01330	0.01826	0.01739	0.03117	0.01693	0.00884	0.00659	0.00209	0.00664	0.22871	0.00368	0.00777
9	0.00809	0.00581	0.00631	0.00631	0.00693	0.00550	0.00387	0.00856	0.01014	0.01289	0.03162	0.04443	0.25160	0.54765	0.02283	0.00456	0.00487	0.00982	0.00418	0.00403
10	0.02248	0.01656	0.01775	0.01361	0.01834	0.01834	0.01124	0.73556	0.02780	0.03727	0.01420	0.01420	0.01006	0.00710	0.00592	0.00177	0.00651	0.00532	0.00592	0.01006
11	0.83394	0.01144	0.00869	0.00778	0.01144	0.01327	0.00640	0.01738	0.01006	0.02653	0.00823	0.00961	0.00640	0.00549	0.00366	0.00183	0.00457	0.00320	0.00366	0.00640
12	0.57508	0.01115	0.01154	0.25009	0.02065	0.01323	0.00956	0.01667	0.01062	0.02294	0.00895	0.01154	0.00687	0.00562	0.00437	0.00187	0.00562	0.00385	0.00334	0.00646
13	0.01027	0.00514	0.00770	0.00770	0.00770	0.00514	0.00514	0.00770	0.00770	0.01027	0.01027	0.01798	0.01027	0.02054	0.02311	0.82794	0.00514	0.00514	0.00257	0.00257
14	0.01117	0.01051	0.01774	0.77795	0.04073	0.01314	0.01642	0.01511	0.01182	0.01511	0.01051	0.01577	0.00788	0.00591	0.00591	0.00197	0.00788	0.00526	0.00263	0.00657

[dist]
# distance from previous block
# <min> <max>
0	1

[block]
# block no. 9 follows, 39 sequences, length 6
# corresponding to MSA columns:
# 626-631
name=unknown_J
#
# <colnr> <probs for GDERKNQSTAVLIFYWHMCP>
#	G	D	E	R	K	N	Q	S	T	A	V	L	I	F	Y	W	H	M	C	P
0	0.00953	0.00681	0.00953	0.01089	0.01225	0.00681	0.00953	0.01225	0.01361	0.01770	0.03131	0.06671	0.03403	0.01634	0.00817	0.00272	0.00545	0.71547	0.00545	0.00545
1	0.01002	0.00875	0.01427	0.45448	0.02803	0.01072	0.01262	0.01319	0.01085	0.01453	0.01275	0.01891	0.01079	0.02209	0.32701	0.00514	0.01123	0.00571	0.00286	0.00603
2	0.00955	0.00792	0.01204	0.33178	0.02226	0.00876	0.01014	0.01282	0.01467	0.02009	0.43997	0.03222	0.03563	0.00949	0.00653	0.00191	0.00493	0.00841	0.00488	0.00600
3	0.02419	0.01383	0.01605	0.01231	0.01697	0.01428	0.01017	0.43806	0.02323	0.34123	0.01804	0.01669	0.01199	0.00719	0.00593	0.00180	0.00589	0.00559	0.00651	0.01006
4	0.01005	0.00970	0.01866	0.01526	0.01798	0.00908	0.31206	0.01274	0.01243	0.01672	0.02391	0.46319	0.02643	0.01283	0.00731	0.00223	0.00618	0.01267	0.00444	0.00614
5	0.02483	0.01280	0.01542	0.01182	0.01646	0.01275	0.00976	0.32631	0.02151	0.45541	0.01949	0.01763	0.01271	0.00723	0.00593	0.00181	0.00565	0.00568	0.00673	0.01006

[dist]
# distance from previous block
# <min> <max>
0	1

[block]
# block no. 10 follows, 39 sequences, length 7
# corresponding to MSA columns:
# 633-639
name=unknown_K
#
# <colnr> <probs for GDERKNQSTAVLIFYWHMCP>
#	G	D	E	R	K	N	Q	S	T	A	V	L	I	F	Y	W	H	M	C	P
0	0.36680	0.01091	0.01383	0.44506	0.02807	0.01319	0.01209	0.01609	0.01106	0.02005	0.00953	0.01310	0.00724	0.00573	0.00494	0.00191	0.00645	0.00437	0.00307	0.00650
1	0.37552	0.01066	0.01155	0.00934	0.01351	0.01067	0.00770	0.02388	0.01396	0.44261	0.01681	0.01558	0.01108	0.00653	0.00496	0.00183	0.00483	0.00476	0.00574	0.00848
2	0.00886	0.00530	0.00628	0.00706	0.00785	0.00511	0.00490	0.01063	0.01179	0.01810	0.02684	0.45710	0.02876	0.01350	0.00607	0.00196	0.00314	0.01193	0.35971	0.00511
3	0.01018	0.00780	0.00896	0.00745	0.00972	0.00666	0.00506	0.01132	0.01018	0.01484	0.01512	0.02727	0.01599	0.45166	0.01898	0.00363	0.00515	0.00640	0.00355	0.36006
4	0.36587	0.00881	0.00917	0.00955	0.01190	0.00960	0.00818	0.01447	0.01208	0.02152	0.02134	0.04203	0.02209	0.01165	0.00622	0.00234	0.00507	0.40760	0.00467	0.00586
5	0.01357	0.36131	0.44576	0.01394	0.02109	0.01791	0.01678	0.01829	0.01228	0.01665	0.00958	0.01119	0.00753	0.00538	0.00483	0.00161	0.00770	0.00385	0.00251	0.00824
6	0.01226	0.01051	0.01226	0.00876	0.01401	0.00788	0.00701	0.01489	0.01226	0.01927	0.01051	0.01226	0.00876	0.00438	0.00438	0.00088	0.00438	0.00350	0.00350	0.82832

[dist]
# distance from previous block
# <min> <max>
3	43

[block]
# block no. 11 follows, 39 sequences, length 15
# corresponding to MSA columns:
# 683-697
name=unknown_L
#
# <colnr> <probs for GDERKNQSTAVLIFYWHMCP>
#	G	D	E	R	K	N	Q	S	T	A	V	L	I	F	Y	W	H	M	C	P
0	0.00837	0.00604	0.00790	0.00744	0.00883	0.00558	0.00558	0.01116	0.01674	0.02371	0.75216	0.04417	0.05580	0.01209	0.00697	0.00186	0.00279	0.01069	0.00651	0.00558
1	0.01102	0.00551	0.00551	0.00551	0.00689	0.00551	0.00413	0.01378	0.01240	0.02205	0.01929	0.02205	0.01516	0.00689	0.00413	0.00138	0.00276	0.00551	0.82500	0.00551
2	0.01278	0.01068	0.01171	0.01064	0.01338	0.01193	0.00821	0.02525	0.52288	0.02443	0.24586	0.02880	0.02955	0.00926	0.00631	0.00196	0.00410	0.00791	0.00617	0.00821
3	0.01412	0.55490	0.02390	0.00938	0.01290	0.01784	0.00860	0.01466	0.01070	0.01280	0.00885	0.01207	0.00841	0.00978	0.00968	0.25308	0.00596	0.00376	0.00254	0.00606
4	0.25889	0.00765	0.00681	0.00653	0.00904	0.00751	0.00508	0.01120	0.01244	0.01919	0.04417	0.04250	0.52549	0.01209	0.00598	0.00195	0.00348	0.00965	0.00493	0.00542
5	0.00723	0.00577	0.00650	0.00695	0.00838	0.00504	0.00506	0.00870	0.01300	0.01618	0.08623	0.27944	0.47049	0.01596	0.00721	0.00214	0.00322	0.04200	0.00554	0.00498
6	0.01155	0.01084	0.01500	0.01306	0.01349	0.01430	0.01070	0.01330	0.01140	0.01712	0.23452	0.02245	0.02240	0.01088	0.01562	0.00237	0.54418	0.00686	0.00378	0.00620
7	0.00714	0.00540	0.00660	0.00755	0.00840	0.00486	0.00519	0.00831	0.01198	0.01536	0.04091	0.56551	0.25654	0.01745	0.00738	0.00228	0.00330	0.01549	0.00549	0.00486
8	0.01440	0.55654	0.02695	0.24401	0.02296	0.02027	0.01204	0.01692	0.01196	0.01428	0.00892	0.01140	0.00768	0.00532	0.00444	0.00148	0.00680	0.00380	0.00256	0.00728
9	0.02084	0.25177	0.01929	0.01118	0.01546	0.10216	0.00962	0.06917	0.04301	0.32069	0.01654	0.01719	0.01218	0.00808	0.03151	0.00192	0.00655	0.02924	0.00502	0.00859
10	0.01335	0.01493	0.05946	0.01965	0.02553	0.01275	0.48158	0.01770	0.01338	0.01903	0.01146	0.01468	0.00884	0.00483	0.00613	0.00165	0.00821	0.00581	0.00313	0.25790
11	0.01203	0.01139	0.01930	0.59314	0.21879	0.01337	0.01685	0.01587	0.01223	0.01616	0.01066	0.01549	0.00825	0.00575	0.00590	0.00192	0.00767	0.00526	0.00270	0.00727
12	0.00721	0.00515	0.00686	0.00823	0.00858	0.00480	0.00549	0.00823	0.01132	0.01510	0.03259	0.78831	0.03911	0.01853	0.00755	0.00240	0.00343	0.01681	0.00549	0.00480
13	0.01129	0.01051	0.01564	0.24606	0.02168	0.01381	0.01236	0.01345	0.00995	0.01422	0.01080	0.01743	0.01001	0.06888	0.15125	0.00386	0.35428	0.00564	0.00277	0.00609
14	0.00900	0.00597	0.00896	0.00896	0.00969	0.00670	0.00670	0.00969	0.00896	0.01268	0.01414	0.02163	0.01341	0.03710	0.54160	0.25881	0.01258	0.00597	0.00299	0.00445

[dist]
# distance from previous block
# <min> <max>
0	89

[block]
# block no. 12 follows, 39 sequences, length 6
# corresponding to MSA columns:
# 787-792
name=unknown_M
#
# <colnr> <probs for GDERKNQSTAVLIFYWHMCP>
#	G	D	E	R	K	N	Q	S	T	A	V	L	I	F	Y	W	H	M	C	P
0	0.01171	0.00979	0.01138	0.00841	0.01287	0.00756	0.00649	0.01394	0.01171	0.01809	0.01174	0.01628	0.01069	0.12398	0.00828	0.00161	0.00459	0.00428	0.00352	0.70311
1	0.01324	0.01080	0.01268	0.00961	0.01415	0.00940	0.00771	0.12365	0.01420	0.02116	0.01188	0.01422	0.00987	0.01086	0.12066	0.00232	0.00644	0.00421	0.00382	0.57913
2	0.01250	0.01073	0.01237	0.00908	0.01415	0.00855	0.00724	0.01651	0.08386	0.01980	0.01184	0.01322	0.00967	0.00474	0.00454	0.00099	0.00441	0.00381	0.00375	0.74825
3	0.00742	0.00524	0.00680	0.00796	0.00825	0.00494	0.00520	0.00829	0.01091	0.01455	0.03047	0.67450	0.03644	0.13598	0.01097	0.00291	0.00378	0.01557	0.00520	0.00462
4	0.02248	0.01656	0.01775	0.01361	0.01834	0.01834	0.01124	0.73556	0.02780	0.03727	0.01420	0.01420	0.01006	0.00710	0.00592	0.00177	0.00651	0.00532	0.00592	0.01006
5	0.01226	0.01051	0.01226	0.00876	0.01401	0.00788	0.00701	0.01489	0.01226	0.01927	0.01051	0.01226	0.00876	0.00438	0.00438	0.00088	0.00438	0.00350	0.00350	0.82832

[dist]
# distance from previous block
# <min> <max>
4	9

[block]
# block no. 13 follows, 39 sequences, length 8
# corresponding to MSA columns:
# 802-809
name=unknown_N
#
# <colnr> <probs for GDERKNQSTAVLIFYWHMCP>
#	G	D	E	R	K	N	Q	S	T	A	V	L	I	F	Y	W	H	M	C	P
0	0.00860	0.00573	0.00645	0.00645	0.00645	0.00573	0.00358	0.00860	0.00860	0.01147	0.01863	0.03870	0.02150	0.79217	0.03010	0.00573	0.00573	0.00860	0.00358	0.00358
1	0.64070	0.01096	0.00936	0.00820	0.01181	0.01229	0.00670	0.01930	0.04911	0.11655	0.01160	0.01232	0.00857	0.00593	0.00409	0.00181	0.00452	0.00387	0.05534	0.00695
2	0.01025	0.19949	0.01476	0.00965	0.01169	0.01131	0.00806	0.01231	0.01012	0.01377	0.01398	0.01987	0.01302	0.03474	0.58156	0.00749	0.01351	0.00556	0.00301	0.00585
3	0.01330	0.08997	0.36778	0.01437	0.02115	0.01359	0.06793	0.06311	0.05903	0.01998	0.01154	0.01312	0.00874	0.00546	0.00530	0.00159	0.00716	0.00445	0.00321	0.20924
4	0.53061	0.01278	0.01224	0.01127	0.06285	0.01428	0.00851	0.19387	0.01506	0.07430	0.01083	0.01172	0.00801	0.00598	0.00450	0.00181	0.00524	0.00403	0.00439	0.00772
5	0.01259	0.01353	0.02829	0.02065	0.02551	0.01266	0.55561	0.01704	0.01464	0.02011	0.19308	0.02286	0.02043	0.00672	0.00698	0.00196	0.00821	0.00789	0.00385	0.00739
6	0.01656	0.01467	0.02247	0.03075	0.57496	0.01510	0.01646	0.19369	0.01697	0.02371	0.01188	0.01453	0.00954	0.00572	0.00587	0.00176	0.00690	0.00528	0.00366	0.00954
7	0.01329	0.01051	0.01235	0.00904	0.01403	0.00824	0.00722	0.04574	0.01314	0.06189	0.01232	0.04546	0.01043	0.00526	0.00467	0.00103	0.00447	0.00428	0.00391	0.71274

[dist]
# distance from previous block
# <min> <max>
0	10

[block]
# block no. 14 follows, 39 sequences, length 7
# corresponding to MSA columns:
# 820-826
name=unknown_O
#
# <colnr> <probs for GDERKNQSTAVLIFYWHMCP>
#	G	D	E	R	K	N	Q	S	T	A	V	L	I	F	Y	W	H	M	C	P
0	0.01032	0.00841	0.01176	0.01201	0.01291	0.00985	0.01020	0.01253	0.01217	0.01654	0.02478	0.10246	0.02700	0.01481	0.01129	0.00266	0.22359	0.46639	0.00464	0.00569
1	0.01415	0.44678	0.14798	0.01086	0.01659	0.01742	0.01121	0.01709	0.01216	0.01623	0.00927	0.01077	0.00790	0.00496	0.00426	0.00126	0.00618	0.00346	0.00280	0.23868
2	0.02237	0.01983	0.01747	0.01406	0.01832	0.22936	0.01129	0.53527	0.02470	0.03086	0.01278	0.01320	0.00937	0.00682	0.00575	0.00170	0.00768	0.00490	0.00511	0.00916
3	0.01148	0.01051	0.01620	0.56156	0.03321	0.01166	0.01377	0.01505	0.01195	0.01628	0.01051	0.01478	0.00813	0.00548	0.00548	0.00166	0.00690	0.00476	0.00287	0.23775
4	0.00745	0.00601	0.00662	0.00647	0.00827	0.00519	0.00485	0.00937	0.01456	0.01854	0.28920	0.05269	0.52198	0.01402	0.00698	0.00195	0.00293	0.01189	0.00583	0.00519
5	0.01102	0.00551	0.00551	0.00551	0.00689	0.00551	0.00413	0.01378	0.01240	0.02205	0.01929	0.02205	0.01516	0.00689	0.00413	0.00138	0.00276	0.00551	0.82500	0.00551
6	0.00699	0.00599	0.00599	0.00599	0.00799	0.00499	0.00449	0.00849	0.01348	0.01598	0.05991	0.05691	0.75288	0.01498	0.00699	0.00200	0.00300	0.01248	0.00549	0.00499

[dist]
# distance from previous block
# <min> <max>
0	1

[block]
# block no. 15 follows, 39 sequences, length 10
# corresponding to MSA columns:
# 828-837
name=unknown_P
#
# <colnr> <probs for GDERKNQSTAVLIFYWHMCP>
#	G	D	E	R	K	N	Q	S	T	A	V	L	I	F	Y	W	H	M	C	P
0	0.00837	0.00604	0.00790	0.00744	0.00883	0.00558	0.00558	0.01116	0.01674	0.02371	0.75216	0.04417	0.05580	0.01209	0.00697	0.00186	0.00279	0.01069	0.00651	0.00558
1	0.83394	0.01144	0.00869	0.00778	0.01144	0.01327	0.00640	0.01738	0.01006	0.02653	0.00823	0.00961	0.00640	0.00549	0.00366	0.00183	0.00457	0.00320	0.00366	0.00640
2	0.01226	0.01051	0.01226	0.00876	0.01401	0.00788	0.00701	0.01489	0.01226	0.01927	0.01051	0.01226	0.00876	0.00438	0.00438	0.00088	0.00438	0.00350	0.00350	0.82832
3	0.02209	0.02819	0.01676	0.01524	0.01828	0.76843	0.01143	0.02361	0.01676	0.01447	0.00914	0.01066	0.00762	0.00609	0.00533	0.00152	0.01066	0.00381	0.00305	0.00686
4	0.83394	0.01144	0.00869	0.00778	0.01144	0.01327	0.00640	0.01738	0.01006	0.02653	0.00823	0.00961	0.00640	0.00549	0.00366	0.00183	0.00457	0.00320	0.00366	0.00640
5	0.00837	0.00604	0.00790	0.00744	0.00883	0.00558	0.00558	0.01116	0.01674	0.02371	0.75216	0.04417	0.05580	0.01209	0.00697	0.00186	0.00279	0.01069	0.00651	0.00558
6	0.83394	0.01144	0.00869	0.00778	0.01144	0.01327	0.00640	0.01738	0.01006	0.02653	0.00823	0.00961	0.00640	0.00549	0.00366	0.00183	0.00457	0.00320	0.00366	0.00640
7	0.01464	0.01405	0.02400	0.03630	0.75528	0.01405	0.01815	0.01815	0.01347	0.01932	0.01112	0.01464	0.00937	0.00527	0.00585	0.00176	0.00703	0.00527	0.00293	0.00937
8	0.02248	0.01656	0.01775	0.01361	0.01834	0.01834	0.01124	0.73556	0.02780	0.03727	0.01420	0.01420	0.01006	0.00710	0.00592	0.00177	0.00651	0.00532	0.00592	0.01006
9	0.01471	0.01270	0.01337	0.01203	0.01538	0.01471	0.00936	0.03142	0.74459	0.02474	0.02407	0.02206	0.01805	0.00802	0.00602	0.00201	0.00468	0.00669	0.00602	0.00936

[dist]
# distance from previous block
# <min> <max>
0	1

[block]
# block no. 16 follows, 39 sequences, length 77
# corresponding to MSA columns:
# 839-915
name=unknown_Q
#
# <colnr> <probs for GDERKNQSTAVLIFYWHMCP>
#	G	D	E	R	K	N	Q	S	T	A	V	L	I	F	Y	W	H	M	C	P
0	0.00721	0.00515	0.00686	0.00823	0.00858	0.00480	0.00549	0.00823	0.01132	0.01510	0.03259	0.78831	0.03911	0.01853	0.00755	0.00240	0.00343	0.01681	0.00549	0.00480
1	0.00721	0.00515	0.00686	0.00823	0.00858	0.00480	0.00549	0.00823	0.01132	0.01510	0.03259	0.78831	0.03911	0.01853	0.00755	0.00240	0.00343	0.01681	0.00549	0.00480
2	0.00721	0.00515	0.00686	0.00823	0.00858	0.00480	0.00549	0.00823	0.01132	0.01510	0.03259	0.78831	0.03911	0.01853	0.00755	0.00240	0.00343	0.01681	0.00549	0.00480
3	0.00721	0.00515	0.00686	0.00823	0.00858	0.00480	0.00549	0.00823	0.01132	0.01510	0.03259	0.78831	0.03911	0.01853	0.00755	0.00240	0.00343	0.01681	0.00549	0.00480
4	0.01471	0.01270	0.01337	0.01203	0.01538	0.01471	0.00936	0.03142	0.74459	0.02474	0.02407	0.02206	0.01805	0.00802	0.00602	0.00201	0.00468	0.00669	0.00602	0.00936
5	0.83394	0.01144	0.00869	0.00778	0.01144	0.01327	0.00640	0.01738	0.01006	0.02653	0.00823	0.00961	0.00640	0.00549	0.00366	0.00183	0.00457	0.00320	0.00366	0.00640
6	0.01432	0.01373	0.02343	0.10394	0.69011	0.01397	0.01799	0.01787	0.01332	0.01894	0.01107	0.01474	0.00923	0.00533	0.00586	0.00178	0.00710	0.00527	0.00290	0.00911
7	0.00721	0.00515	0.00686	0.00823	0.00858	0.00480	0.00549	0.00823	0.01132	0.01510	0.03259	0.78831	0.03911	0.01853	0.00755	0.00240	0.00343	0.01681	0.00549	0.00480
8	0.01639	0.01520	0.01398	0.01248	0.01581	0.13946	0.00967	0.05853	0.55796	0.04175	0.03958	0.02036	0.01686	0.00775	0.00592	0.00191	0.00571	0.00624	0.00557	0.00890
9	0.01226	0.01051	0.01226	0.00876	0.01401	0.00788	0.00701	0.01489	0.01226	0.01927	0.01051	0.01226	0.00876	0.00438	0.00438	0.00088	0.00438	0.00350	0.00350	0.82832
10	0.04683	0.01260	0.01313	0.01174	0.01511	0.01449	0.00917	0.05911	0.66295	0.02504	0.02419	0.02237	0.04080	0.00811	0.00595	0.00199	0.00470	0.00668	0.00590	0.00913
11	0.01269	0.01249	0.01899	0.37236	0.17755	0.05024	0.03280	0.01582	0.01195	0.01605	0.03092	0.01568	0.00968	0.00780	0.02711	0.00221	0.17033	0.00539	0.00283	0.00711
12	0.83394	0.01144	0.00869	0.00778	0.01144	0.01327	0.00640	0.01738	0.01006	0.02653	0.00823	0.00961	0.00640	0.00549	0.00366	0.00183	0.00457	0.00320	0.00366	0.00640
