[name]
unknown

[dist]
# distance from previous block
# <min> <max>
0	87

[block]
# block no. 0 follows, 41 sequences, length 35
# corresponding to MSA columns:
# 87-121
name=unknown_A
#
# <colnr> <probs for GDERKNQSTAVLIFYWHMCP>
#	G	D	E	R	K	N	Q	S	T	A	V	L	I	F	Y	W	H	M	C	P
0	0.02137	0.02726	0.01621	0.01474	0.01768	0.77602	0.01105	0.02284	0.01621	0.01400	0.00884	0.01031	0.00737	0.00589	0.00516	0.00147	0.01031	0.00368	0.00295	0.00663
1	0.00676	0.00579	0.00579	0.00579	0.00773	0.00483	0.00435	0.00821	0.01304	0.01545	0.05794	0.05505	0.76098	0.01449	0.00676	0.00193	0.00290	0.01207	0.00531	0.00483
2	0.00676	0.00579	0.00579	0.00579	0.00773	0.00483	0.00435	0.00821	0.01304	0.01545	0.05794	0.05505	0.76098	0.01449	0.00676	0.00193	0.00290	0.01207	0.00531	0.00483
3	0.01416	0.01359	0.02322	0.03511	0.76330	0.01359	0.01755	0.01755	0.01302	0.01869	0.01076	0.01416	0.00906	0.00510	0.00566	0.00170	0.00680	0.00510	0.00283	0.00906
4	0.01416	0.01359	0.02322	0.03511	0.76330	0.01359	0.01755	0.01755	0.01302	0.01869	0.01076	0.01416	0.00906	0.00510	0.00566	0.00170	0.00680	0.00510	0.00283	0.00906
5	0.00810	0.00585	0.00765	0.00720	0.00855	0.00540	0.00540	0.01079	0.01619	0.02294	0.76028	0.04273	0.05397	0.01169	0.00675	0.00180	0.00270	0.01034	0.00630	0.00540
6	0.00676	0.00579	0.00579	0.00579	0.00773	0.00483	0.00435	0.00821	0.01304	0.01545	0.05794	0.05505	0.76098	0.01449	0.00676	0.00193	0.00290	0.01207	0.00531	0.00483
7	0.83938	0.01106	0.00841	0.00752	0.01106	0.01283	0.00619	0.01681	0.00973	0.02566	0.00796	0.00929	0.00619	0.00531	0.00354	0.00177	0.00442	0.00310	0.00354	0.00619
8	0.01350	0.01543	0.03375	0.02411	0.02989	0.01446	0.74253	0.01832	0.01350	0.01832	0.01157	0.01543	0.00868	0.00482	0.00675	0.00193	0.00964	0.00675	0.00289	0.00771
9	0.01416	0.01359	0.02322	0.03511	0.76330	0.01359	0.01755	0.01755	0.01302	0.01869	0.01076	0.01416	0.00906	0.00510	0.00566	0.00170	0.00680	0.00510	0.00283	0.00906
10	0.00832	0.00555	0.00624	0.00624	0.00624	0.00555	0.00347	0.00832	0.00832	0.01109	0.01802	0.03743	0.02080	0.79898	0.02911	0.00555	0.00555	0.00832	0.00347	0.00347
11	0.00810	0.00585	0.00765	0.00720	0.00855	0.00540	0.00540	0.01079	0.01619	0.02294	0.76028	0.04273	0.05397	0.01169	0.00675	0.00180	0.00270	0.01034	0.00630	0.00540
12	0.00817	0.00613	0.00919	0.00919	0.01021	0.00715	0.00715	0.01021	0.00919	0.01328	0.01532	0.02247	0.01430	0.04290	0.77631	0.00919	0.01532	0.00613	0.00306	0.00511
13	0.01416	0.01359	0.02322	0.03511	0.76330	0.01359	0.01755	0.01755	0.01302	0.01869	0.01076	0.01416	0.00906	0.00510	0.00566	0.00170	0.00680	0.00510	0.00283	0.00906
14	0.00832	0.00555	0.00624	0.00624	0.00624	0.00555	0.00347	0.00832	0.00832	0.01109	0.01802	0.03743	0.02080	0.79898	0.02911	0.00555	0.00555	0.00832	0.00347	0.00347
15	0.00810	0.00585	0.00765	0.00720	0.00855	0.00540	0.00540	0.01079	0.01619	0.02294	0.76028	0.04273	0.05397	0.01169	0.00675	0.00180	0.00270	0.01034	0.00630	0.00540
16	0.02174	0.01602	0.01717	0.01316	0.01774	0.01774	0.01087	0.74423	0.02689	0.03605	0.01373	0.01373	0.00973	0.00687	0.00572	0.00172	0.00629	0.00515	0.00572	0.00973
17	0.00832	0.00555	0.00624	0.00624	0.00624	0.00555	0.00347	0.00832	0.00832	0.01109	0.01802	0.03743	0.02080	0.79898	0.02911	0.00555	0.00555	0.00832	0.00347	0.00347
18	0.01186	0.01017	0.01186	0.00847	0.01356	0.00762	0.00678	0.01440	0.01186	0.01864	0.01017	0.01186	0.00847	0.00424	0.00424	0.00085	0.00424	0.00339	0.00339	0.83395
19	0.01186	0.10870	0.69366	0.01564	0.02372	0.01424	0.01997	0.01801	0.01203	0.01764	0.01003	0.01178	0.00726	0.00538	0.00525	0.00175	0.00821	0.00411	0.00242	0.00834
20	0.00685	0.00580	0.00592	0.00589	0.00778	0.00487	0.00442	0.00838	0.01325	0.01595	0.10428	0.05423	0.71434	0.01430	0.00676	0.00192	0.00288	0.01196	0.00538	0.00487
21	0.00697	0.00498	0.00664	0.00796	0.00830	0.00465	0.00531	0.00796	0.01095	0.01460	0.03153	0.79525	0.03783	0.01792	0.00730	0.00232	0.00332	0.01626	0.00531	0.00465
22	0.01416	0.01359	0.02322	0.03511	0.76330	0.01359	0.01755	0.01755	0.01302	0.01869	0.01076	0.01416	0.00906	0.00510	0.00566	0.00170	0.00680	0.00510	0.00283	0.00906
23	0.00922	0.00658	0.00922	0.01053	0.01185	0.00658	0.00922	0.01185	0.01317	0.01712	0.03029	0.06452	0.03292	0.01580	0.00790	0.00263	0.00527	0.72480	0.00527	0.00527
24	0.01529	0.80242	0.02997	0.00979	0.01468	0.02263	0.00979	0.01713	0.01162	0.01346	0.00795	0.00918	0.00734	0.00489	0.00367	0.00122	0.00612	0.00306	0.00245	0.00734
25	0.01190	0.01032	0.01223	0.00890	0.01365	0.00828	0.00716	0.01436	0.01166	0.01832	0.00999	0.01190	0.00841	0.00462	0.00519	0.00096	0.05598	0.00350	0.00333	0.77934
26	0.01372	0.01258	0.01881	0.01553	0.01649	0.01644	0.08610	0.01541	0.00988	0.07760	0.00919	0.01339	0.00819	0.00924	0.01646	0.00238	0.64373	0.00525	0.00293	0.00670
27	0.02301	0.01007	0.01306	0.01027	0.01436	0.00930	0.00839	0.07389	0.08252	0.59458	0.08003	0.02109	0.01729	0.00749	0.00583	0.00178	0.00476	0.00614	0.00682	0.00933
28	0.00804	0.00584	0.00757	0.00714	0.00851	0.00538	0.00536	0.01070	0.01607	0.02265	0.73340	0.04320	0.08103	0.01180	0.00675	0.00180	0.00271	0.01041	0.00626	0.00538
29	0.01162	0.05940	0.74083	0.01605	0.02437	0.01364	0.02070	0.01808	0.01206	0.01793	0.01018	0.01196	0.00725	0.00541	0.00537	0.00179	0.00836	0.00418	0.00242	0.00841
30	0.00771	0.00615	0.00674	0.00687	0.00853	0.00552	0.00516	0.03803	0.01319	0.01632	0.06765	0.15558	0.51460	0.04927	0.00788	0.00219	0.00341	0.07493	0.00527	0.00499
31	0.17331	0.01510	0.01554	0.01212	0.01650	0.01683	0.01000	0.60938	0.02371	0.03412	0.01266	0.01291	0.00907	0.00658	0.00532	0.00173	0.00595	0.00477	0.00532	0.00907
32	0.10173	0.00992	0.01549	0.64750	0.03419	0.01218	0.01411	0.01441	0.01122	0.01583	0.01136	0.06692	0.00949	0.00649	0.00558	0.00192	0.00698	0.00561	0.00284	0.00622
33	0.01317	0.10157	0.58316	0.01465	0.02202	0.01369	0.01801	0.04752	0.01291	0.06878	0.01137	0.01276	0.00814	0.00560	0.00523	0.00173	0.00764	0.00430	0.03937	0.00834
34	0.10549	0.01625	0.01621	0.01269	0.01705	0.06726	0.01040	0.62210	0.02443	0.03353	0.01282	0.01305	0.00921	0.00664	0.00546	0.00171	0.00637	0.00484	0.00532	0.00916

[dist]
# distance from previous block
# <min> <max>
11	34

[block]
# block no. 1 follows, 41 sequences, length 6
# corresponding to MSA columns:
# 162-167
name=unknown_B
#
# <colnr> <probs for GDERKNQSTAVLIFYWHMCP>
#	G	D	E	R	K	N	Q	S	T	A	V	L	I	F	Y	W	H	M	C	P
0	0.02131	0.01391	0.14163	0.01157	0.01650	0.01068	0.01080	0.11543	0.06737	0.46915	0.04791	0.01852	0.01420	0.00700	0.00574	0.00178	0.00555	0.00564	0.00600	0.00930
1	0.14942	0.12865	0.01049	0.00801	0.00955	0.00888	0.00597	0.01091	0.01060	0.01597	0.02264	0.46971	0.02618	0.08750	0.00816	0.00236	0.00415	0.01125	0.00440	0.00521
2	0.07694	0.13795	0.19393	0.10948	0.33872	0.01475	0.01612	0.01723	0.01216	0.01783	0.00993	0.01266	0.00800	0.00523	0.00515	0.00168	0.00698	0.00443	0.00270	0.00813
3	0.19088	0.13420	0.01607	0.01057	0.01485	0.01505	0.00897	0.30538	0.01828	0.18021	0.01517	0.01488	0.03852	0.00658	0.00500	0.00167	0.00545	0.00479	0.00503	0.00844
4	0.15560	0.13341	0.01760	0.01187	0.01610	0.01385	0.10922	0.02256	0.23421	0.13211	0.01542	0.01547	0.01148	0.00608	0.00508	0.00167	0.00548	0.00502	0.00448	0.08328
5	0.17628	0.01671	0.14486	0.01384	0.01903	0.01474	0.11208	0.31648	0.01829	0.09511	0.01254	0.01335	0.00889	0.00606	0.00540	0.00178	0.00663	0.00487	0.00448	0.00856

[dist]
# distance from previous block
# <min> <max>
1	4

[block]
# block no. 2 follows, 41 sequences, length 18
# corresponding to MSA columns:
# 173-190
name=unknown_C
#
# <colnr> <probs for GDERKNQSTAVLIFYWHMCP>
#	G	D	E	R	K	N	Q	S	T	A	V	L	I	F	Y	W	H	M	C	P
0	0.02062	0.02605	0.01628	0.06926	0.01922	0.72200	0.01139	0.02226	0.01587	0.01404	0.00894	0.01066	0.00739	0.00588	0.00520	0.00150	0.01012	0.00378	0.00292	0.00661
1	0.05215	0.13246	0.53603	0.01600	0.02339	0.01469	0.11263	0.01794	0.01209	0.01787	0.01001	0.01198	0.00739	0.00527	0.00527	0.00174	0.00809	0.00434	0.00254	0.00810
2	0.00817	0.00613	0.00919	0.00919	0.01021	0.00715	0.00715	0.01021	0.00919	0.01328	0.01532	0.02247	0.01430	0.04290	0.77631	0.00919	0.01532	0.00613	0.00306	0.00511
3	0.00683	0.00551	0.00609	0.00655	0.00793	0.00476	0.00468	0.00812	0.01231	0.01515	0.04872	0.31345	0.50853	0.01568	0.00695	0.00207	0.00304	0.01353	0.00531	0.00476
4	0.01251	0.01251	0.01752	0.01502	0.01502	0.01752	0.01251	0.01377	0.00876	0.01377	0.00751	0.01251	0.00751	0.01001	0.01877	0.00250	0.78851	0.00501	0.00250	0.00626
5	0.02174	0.01602	0.01717	0.01316	0.01774	0.01774	0.01087	0.74423	0.02689	0.03605	0.01373	0.01373	0.00973	0.00687	0.00572	0.00172	0.00629	0.00515	0.00572	0.00973
6	0.83938	0.01106	0.00841	0.00752	0.01106	0.01283	0.00619	0.01681	0.00973	0.02566	0.00796	0.00929	0.00619	0.00531	0.00354	0.00177	0.00442	0.00310	0.00354	0.00619
7	0.00697	0.00498	0.00664	0.00796	0.00830	0.00465	0.00531	0.00796	0.01095	0.01460	0.03153	0.79525	0.03783	0.01792	0.00730	0.00232	0.00332	0.01626	0.00531	0.00465
8	0.00817	0.00613	0.00919	0.00919	0.01021	0.00715	0.00715	0.01021	0.00919	0.01328	0.01532	0.02247	0.01430	0.04290	0.77631	0.00919	0.01532	0.00613	0.00306	0.00511
9	0.02174	0.01602	0.01717	0.01316	0.01774	0.01774	0.01087	0.74423	0.02689	0.03605	0.01373	0.01373	0.00973	0.00687	0.00572	0.00172	0.00629	0.00515	0.00572	0.00973
10	0.02060	0.01503	0.01634	0.01244	0.01708	0.01609	0.01025	0.62357	0.02456	0.06011	0.01359	0.01370	0.00972	0.00653	0.00553	0.00161	0.00598	0.00494	0.00547	0.11686
11	0.00832	0.00555	0.00624	0.00624	0.00624	0.00555	0.00347	0.00832	0.00832	0.01109	0.01802	0.03743	0.02080	0.79898	0.02911	0.00555	0.00555	0.00832	0.00347	0.00347
12	0.01580	0.01197	0.01346	0.06626	0.01670	0.01352	0.00953	0.06013	0.57303	0.12042	0.02184	0.02033	0.01600	0.00749	0.00580	0.00191	0.00487	0.00622	0.00575	0.00898
13	0.11510	0.00648	0.00629	0.00614	0.00823	0.00592	0.00467	0.00954	0.01287	0.01740	0.10965	0.04808	0.60428	0.01306	0.00634	0.00190	0.00308	0.01076	0.00516	0.00505
14	0.12777	0.02294	0.01538	0.01349	0.01683	0.52720	0.01038	0.16440	0.01748	0.01987	0.00969	0.01086	0.00768	0.00601	0.00506	0.00156	0.00876	0.00390	0.00357	0.00719
15	0.02174	0.01602	0.01717	0.01316	0.01774	0.01774	0.01087	0.74423	0.02689	0.03605	0.01373	0.01373	0.00973	0.00687	0.00572	0.00172	0.00629	0.00515	0.00572	0.00973
16	0.00697	0.00498	0.00664	0.00796	0.00830	0.00465	0.00531	0.00796	0.01095	0.01460	0.03153	0.79525	0.03783	0.01792	0.00730	0.00232	0.00332	0.01626	0.00531	0.00465
17	0.01315	0.01475	0.03159	0.12304	0.03113	0.01424	0.64807	0.01784	0.01323	0.01784	0.01139	0.01541	0.00854	0.00494	0.00662	0.00193	0.00938	0.00653	0.00285	0.00754

[dist]
# distance from previous block
# <min> <max>
46	122

[block]
# block no. 3 follows, 41 sequences, length 9
# corresponding to MSA columns:
# 325-333
name=unknown_D
#
# <colnr> <probs for GDERKNQSTAVLIFYWHMCP>
#	G	D	E	R	K	N	Q	S	T	A	V	L	I	F	Y	W	H	M	C	P
0	0.15060	0.19532	0.42837	0.01299	0.01957	0.01493	0.01528	0.01835	0.01188	0.06984	0.01022	0.01148	0.00757	0.00541	0.00475	0.00167	0.00702	0.00389	0.00293	0.00792
1	0.02011	0.01355	0.09113	0.01160	0.01618	0.01190	0.01030	0.26802	0.01846	0.31187	0.01670	0.01655	0.01157	0.01038	0.08594	0.00247	0.00677	0.00527	0.00547	0.06578
2	0.03766	0.14463	0.18385	0.09465	0.01995	0.01422	0.01256	0.15878	0.03058	0.17340	0.01325	0.01387	0.00945	0.00595	0.00518	0.00163	0.00637	0.00458	0.00418	0.06525
3	0.03669	0.00943	0.01084	0.00907	0.01202	0.00961	0.04686	0.12666	0.13725	0.02300	0.02119	0.02201	0.09279	0.00729	0.00502	0.00154	0.00416	0.00600	0.31577	0.10277
4	0.01393	0.10057	0.09536	0.04026	0.01777	0.14174	0.06352	0.01603	0.01158	0.01504	0.01163	0.10333	0.01143	0.00896	0.01102	0.00211	0.31983	0.00606	0.00306	0.00678
5	0.01448	0.42013	0.31593	0.01267	0.01891	0.01849	0.01431	0.09332	0.01339	0.01762	0.00945	0.01078	0.00755	0.00531	0.00457	0.00150	0.00704	0.00373	0.00278	0.00802
6	0.01980	0.01338	0.01492	0.01191	0.01577	0.01437	0.00963	0.52994	0.02290	0.12658	0.01782	0.14409	0.01496	0.00873	0.00599	0.00182	0.00562	0.00707	0.00583	0.00889
7	0.01404	0.50048	0.23199	0.01322	0.01919	0.01914	0.09782	0.01754	0.01196	0.01529	0.00900	0.01069	0.00747	0.00503	0.00451	0.00147	0.00716	0.00380	0.00249	0.00769
8	0.01736	0.01469	0.02027	0.01535	0.01949	0.01591	0.17009	0.38701	0.01936	0.02663	0.01185	0.01370	0.00900	0.00666	0.00795	0.00180	0.13654	0.00529	0.00432	0.09673

[dist]
# distance from previous block
# <min> <max>
0	1

[block]
# block no. 4 follows, 41 sequences, length 13
# corresponding to MSA columns:
# 335-347
name=unknown_E
#
# <colnr> <probs for GDERKNQSTAVLIFYWHMCP>
#	G	D	E	R	K	N	Q	S	T	A	V	L	I	F	Y	W	H	M	C	P
0	0.01098	0.00633	0.00837	0.00831	0.00986	0.00565	0.00600	0.01254	0.01277	0.15888	0.13000	0.49390	0.03374	0.01413	0.00674	0.00205	0.00358	0.01263	0.00566	0.05788
1	0.01198	0.02601	0.58345	0.01828	0.02605	0.01358	0.20343	0.01817	0.01244	0.01817	0.01060	0.01292	0.00761	0.00528	0.00577	0.00184	0.00875	0.00486	0.00254	0.00827
2	0.01186	0.01017	0.01186	0.00847	0.01356	0.00762	0.00678	0.01440	0.01186	0.01864	0.01017	0.01186	0.00847	0.00424	0.00424	0.00085	0.00424	0.00339	0.00339	0.83395
3	0.00697	0.00498	0.00664	0.00796	0.00830	0.00465	0.00531	0.00796	0.01095	0.01460	0.03153	0.79525	0.03783	0.01792	0.00730	0.00232	0.00332	0.01626	0.00531	0.00465
4	0.02137	0.02726	0.01621	0.01474	0.01768	0.77602	0.01105	0.02284	0.01621	0.01400	0.00884	0.01031	0.00737	0.00589	0.00516	0.00147	0.01031	0.00368	0.00295	0.00663
5	0.00697	0.00498	0.00664	0.00796	0.00830	0.00465	0.00531	0.00796	0.01095	0.01460	0.03153	0.79525	0.03783	0.01792	0.00730	0.00232	0.00332	0.01626	0.00531	0.00465
6	0.02174	0.01602	0.01717	0.01316	0.01774	0.01774	0.01087	0.74423	0.02689	0.03605	0.01373	0.01373	0.00973	0.00687	0.00572	0.00172	0.00629	0.00515	0.00572	0.00973
7	0.02207	0.01551	0.01685	0.01292	0.01748	0.01697	0.01067	0.68539	0.02603	0.09611	0.01446	0.01420	0.01009	0.00688	0.00572	0.00172	0.00618	0.00520	0.00583	0.00973
8	0.71639	0.01181	0.00972	0.00837	0.01207	0.01357	0.00690	0.12624	0.01232	0.02723	0.00883	0.00996	0.00673	0.00554	0.00387	0.00176	0.00471	0.00341	0.00387	0.00673
9	0.01891	0.01498	0.01797	0.01393	0.01775	0.01691	0.05697	0.51820	0.02175	0.02971	0.01221	0.01350	0.00917	0.00718	0.00818	0.00183	0.15486	0.00512	0.00480	0.05606
10	0.01331	0.01273	0.02169	0.22467	0.58036	0.01337	0.01713	0.01681	0.01262	0.01766	0.01061	0.01443	0.00870	0.00525	0.00568	0.00175	0.00700	0.00509	0.00276	0.00838
11	0.06265	0.01552	0.15957	0.01222	0.01654	0.01373	0.01121	0.06737	0.48073	0.04544	0.04098	0.01898	0.01535	0.00721	0.00563	0.00188	0.00534	0.00585	0.00507	0.00872
12	0.01227	0.01167	0.01982	0.45587	0.35725	0.01310	0.01662	0.01591	0.01213	0.01640	0.01043	0.01477	0.00826	0.00545	0.00569	0.00182	0.00726	0.00509	0.00267	0.00754

[dist]
# distance from previous block
# <min> <max>
1	26

[block]
# block no. 5 follows, 41 sequences, length 12
# corresponding to MSA columns:
# 378-389
name=unknown_F
#
# <colnr> <probs for GDERKNQSTAVLIFYWHMCP>
#	G	D	E	R	K	N	Q	S	T	A	V	L	I	F	Y	W	H	M	C	P
0	0.02527	0.09598	0.04866	0.01786	0.02285	0.05411	0.01342	0.12077	0.02110	0.03020	0.02234	0.04709	0.02004	0.01315	0.01001	0.00341	0.02850	0.00794	0.00747	0.38982
1	0.05906	0.01733	0.05164	0.04948	0.01802	0.15478	0.01089	0.43015	0.02123	0.05395	0.01269	0.01342	0.00928	0.00643	0.00538	0.00165	0.00683	0.00472	0.04533	0.02773
2	0.08140	0.00674	0.00854	0.00868	0.01002	0.00666	0.00631	0.01265	0.01173	0.15337	0.02670	0.54789	0.02932	0.01447	0.00726	0.00218	0.04227	0.01266	0.00535	0.00579
3	0.01367	0.01124	0.01283	0.00933	0.01432	0.00948	0.00753	0.14809	0.01461	0.02183	0.01082	0.01220	0.00870	0.00472	0.00451	0.00101	0.00461	0.00371	0.00382	0.68297
4	0.01326	0.01080	0.01239	0.00929	0.01387	0.00922	0.00740	0.14755	0.01454	0.02148	0.01263	0.07878	0.01120	0.00588	0.00477	0.00113	0.00454	0.00481	0.00398	0.61249
5	0.01416	0.01359	0.02322	0.03511	0.76330	0.01359	0.01755	0.01755	0.01302	0.01869	0.01076	0.01416	0.00906	0.00510	0.00566	0.00170	0.00680	0.00510	0.00283	0.00906
6	0.08692	0.01212	0.01431	0.01106	0.01547	0.01214	0.00913	0.28752	0.01969	0.44424	0.01823	0.01660	0.01193	0.00687	0.00557	0.00175	0.00535	0.00533	0.00631	0.00946
7	0.01310	0.01251	0.02130	0.27196	0.53473	0.01331	0.01703	0.01663	0.01252	0.01740	0.01057	0.01450	0.00861	0.00529	0.00568	0.00176	0.00706	0.00509	0.00274	0.00821
8	0.01416	0.01359	0.02322	0.03511	0.76330	0.01359	0.01755	0.01755	0.01302	0.01869	0.01076	0.01416	0.00906	0.00510	0.00566	0.00170	0.00680	0.00510	0.00283	0.00906
9	0.01186	0.01017	0.01186	0.00847	0.01356	0.00762	0.00678	0.01440	0.01186	0.01864	0.01017	0.01186	0.00847	0.00424	0.00424	0.00085	0.00424	0.00339	0.00339	0.83395
10	0.01354	0.01296	0.02211	0.17252	0.63069	0.01343	0.01725	0.01702	0.01273	0.01794	0.01065	0.01436	0.00880	0.00521	0.00567	0.00174	0.00695	0.00509	0.00278	0.00856
11	0.61263	0.01069	0.00976	0.00826	0.01205	0.01160	0.00681	0.01990	0.01158	0.23232	0.01203	0.01213	0.00841	0.00580	0.00416	0.00177	0.00455	0.00384	0.00453	0.00718

[dist]
# distance from previous block
# <min> <max>
0	37

[block]
# block no. 6 follows, 41 sequences, length 28
# corresponding to MSA columns:
# 427-454
name=unknown_G
#
# <colnr> <probs for GDERKNQSTAVLIFYWHMCP>
#	G	D	E	R	K	N	Q	S	T	A	V	L	I	F	Y	W	H	M	C	P
0	0.01284	0.00647	0.00872	0.00866	0.01028	0.00583	0.00628	0.01422	0.01265	0.25111	0.02871	0.55148	0.03039	0.01451	0.00681	0.00215	0.00381	0.01296	0.00587	0.00624
1	0.01593	0.02335	0.53177	0.01438	0.02157	0.01175	0.01713	0.02118	0.01343	0.25352	0.01413	0.01440	0.00942	0.00595	0.00553	0.00180	0.00733	0.00471	0.00388	0.00886
2	0.01147	0.00901	0.00937	0.00811	0.01087	0.00889	0.00640	0.23948	0.01739	0.02192	0.04405	0.04207	0.52492	0.01209	0.00643	0.00186	0.00396	0.00990	0.00544	0.00637
3	0.02217	0.01336	0.01523	0.01180	0.01609	0.01400	0.00970	0.47248	0.02261	0.26469	0.01718	0.03727	0.01207	0.00723	0.00571	0.00174	0.00563	0.00565	0.03597	0.00943
4	0.28111	0.01055	0.01199	0.00953	0.01369	0.01039	0.00787	0.06974	0.01495	0.48795	0.01742	0.01591	0.01138	0.00651	0.00506	0.00177	0.00482	0.00488	0.00588	0.00862
5	0.01256	0.01058	0.01223	0.00880	0.01385	0.00834	0.00707	0.06568	0.01292	0.01986	0.01042	0.01199	0.00856	0.00442	0.00434	0.00091	0.00438	0.00351	0.00355	0.77603
6	0.01260	0.00946	0.01116	0.00855	0.01242	0.00823	0.03273	0.09203	0.01356	0.02133	0.01327	0.01516	0.01056	0.00530	0.00441	0.00113	0.00416	0.00431	0.26359	0.45604
7	0.00709	0.00510	0.00676	0.00805	0.00848	0.00476	0.00551	0.00820	0.01114	0.01477	0.03226	0.73039	0.05960	0.01769	0.00732	0.00233	0.00342	0.05713	0.00531	0.00469
8	0.00973	0.00807	0.01230	0.01615	0.24565	0.00779	0.00920	0.01224	0.01395	0.01961	0.35086	0.21333	0.03601	0.01111	0.00654	0.00189	0.00413	0.01011	0.00497	0.00637
9	0.01161	0.00845	0.00995	0.00960	0.01126	0.00876	0.00706	0.23932	0.01596	0.02134	0.02593	0.54968	0.02900	0.01445	0.00680	0.00213	0.00425	0.01277	0.00544	0.00624
10	0.01896	0.01468	0.01857	0.01980	0.25165	0.01574	0.01272	0.42842	0.07758	0.06323	0.01393	0.01471	0.01031	0.00639	0.00571	0.00173	0.00625	0.00526	0.00488	0.00947
11	0.46838	0.01253	0.01426	0.01696	0.24835	0.01374	0.01040	0.11642	0.01311	0.02489	0.00963	0.01143	0.00758	0.00546	0.00450	0.00174	0.00542	0.00401	0.00362	0.00758
12	0.01477	0.01119	0.01226	0.01074	0.01326	0.02969	0.00823	0.18684	0.33508	0.02208	0.01656	0.01810	0.01309	0.01132	0.01098	0.26320	0.00520	0.00563	0.00468	0.00709
13	0.01529	0.80242	0.02997	0.00979	0.01468	0.02263	0.00979	0.01713	0.01162	0.01346	0.00795	0.00918	0.00734	0.00489	0.00367	0.00122	0.00612	0.00306	0.00245	0.00734
14	0.00891	0.00870	0.01470	0.01186	0.01477	0.00783	0.23644	0.01135	0.01288	0.01623	0.03956	0.14953	0.42011	0.01195	0.00684	0.00199	0.00508	0.01100	0.00455	0.00571
15	0.79864	0.01081	0.00837	0.00751	0.01094	0.01247	0.00616	0.01652	0.01005	0.02553	0.04483	0.01093	0.00854	0.00562	0.00370	0.00177	0.00434	0.00345	0.00367	0.00616
16	0.01752	0.01273	0.01373	0.01099	0.01412	0.01391	0.00854	0.51299	0.02106	0.02821	0.01508	0.02118	0.01321	0.25577	0.01307	0.00292	0.00606	0.00615	0.00501	0.00776
17	0.00836	0.00717	0.00770	0.00664	0.00956	0.00571	0.00511	0.01016	0.01267	0.01645	0.04293	0.04148	0.52452	0.01127	0.00597	0.00159	0.00332	0.00934	0.00471	0.26536
18	0.02099	0.00987	0.01449	0.25372	0.02239	0.00976	0.01076	0.02371	0.01482	0.53076	0.01867	0.01814	0.01211	0.00665	0.00574	0.00181	0.00573	0.00554	0.00565	0.00867
19	0.00817	0.00661	0.00994	0.25220	0.01807	0.00718	0.00863	0.01005	0.01110	0.01461	0.02481	0.55015	0.02834	0.01409	0.00680	0.00219	0.00467	0.01275	0.00444	0.00518
20	0.27841	0.02217	0.01376	0.01247	0.01560	0.53620	0.00953	0.02095	0.01417	0.01766	0.00857	0.00999	0.00700	0.00571	0.00465	0.00157	0.00846	0.00350	0.00313	0.00649
21	0.01831	0.01418	0.01716	0.25577	0.02454	0.01616	0.01245	0.51496	0.02204	0.02931	0.01261	0.01421	0.00907	0.00651	0.00572	0.00178	0.00671	0.00513	0.00472	0.00867
22	0.01186	0.01017	0.01186	0.00847	0.01356	0.00762	0.00678	0.01440	0.01186	0.01864	0.01017	0.01186	0.00847	0.00424	0.00424	0.00085	0.00424	0.00339	0.00339	0.83395
23	0.02089	0.01004	0.01460	0.25380	0.02248	0.01001	0.01082	0.04294	0.01510	0.51113	0.01843	0.01799	0.01199	0.00665	0.00574	0.00181	0.00577	0.00553	0.00562	0.00867
24	0.01284	0.00647	0.00872	0.00866	0.01028	0.00583	0.00628	0.01422	0.01265	0.25111	0.02871	0.55148	0.03039	0.01451	0.00681	0.00215	0.00381	0.01296	0.00587	0.00624
25	0.27189	0.01045	0.01078	0.00817	0.01277	0.00926	0.00659	0.01516	0.01119	0.02085	0.00947	0.01105	0.00776	0.00457	0.00402	0.00114	0.00430	0.00330	0.00344	0.57385
26	0.02174	0.01602	0.01717	0.01316	0.01774	0.01774	0.01087	0.74423	0.02689	0.03605	0.01373	0.01373	0.00973	0.00687	0.00572	0.00172	0.00629	0.00515	0.00572	0.00973
27	0.83938	0.01106	0.00841	0.00752	0.01106	0.01283	0.00619	0.01681	0.00973	0.02566	0.00796	0.00929	0.00619	0.00531	0.00354	0.00177	0.00442	0.00310	0.00354	0.00619

[dist]
# distance from previous block
# <min> <max>
0	31

[block]
# block no. 7 follows, 41 sequences, length 68
# corresponding to MSA columns:
# 486-553
name=unknown_H
#
# <colnr> <probs for GDERKNQSTAVLIFYWHMCP>
#	G	D	E	R	K	N	Q	S	T	A	V	L	I	F	Y	W	H	M	C	P
0	0.02172	0.01671	0.01711	0.01326	0.01773	0.06390	0.01088	0.70031	0.02624	0.03471	0.01343	0.01352	0.00958	0.00681	0.00569	0.00170	0.00654	0.00506	0.00555	0.00954
1	0.00705	0.00503	0.00673	0.00805	0.00842	0.00471	0.00544	0.00810	0.01103	0.01469	0.03148	0.77014	0.03766	0.01785	0.00732	0.00233	0.00339	0.04061	0.00531	0.00467
2	0.01423	0.01229	0.01293	0.01164	0.01487	0.01423	0.00905	0.03039	0.75297	0.02393	0.02328	0.02134	0.01746	0.00776	0.00582	0.00194	0.00453	0.00647	0.00582	0.00905
3	0.01307	0.01092	0.01287	0.05637	0.01567	0.00924	0.00786	0.10850	0.01377	0.02064	0.01063	0.01231	0.00858	0.00467	0.00452	0.00102	0.00471	0.00372	0.00364	0.67731
4	0.02482	0.00976	0.01319	0.01007	0.01454	0.00836	0.00831	0.02706	0.01610	0.72168	0.02181	0.01901	0.01381	0.00691	0.00566	0.00171	0.00483	0.00561	0.00685	0.05991
5	0.00824	0.00551	0.00626	0.00634	0.00636	0.00549	0.00358	0.00830	0.00848	0.01130	0.01884	0.08357	0.02183	0.75143	0.02779	0.00535	0.00541	0.00880	0.00358	0.00354
6	0.00814	0.00553	0.00624	0.00632	0.00646	0.00545	0.00363	0.00829	0.00877	0.01158	0.02129	0.08576	0.06692	0.70252	0.02639	0.00512	0.00525	0.00904	0.00369	0.00362
7	0.01574	0.01192	0.01302	0.01130	0.01483	0.01316	0.00888	0.04647	0.59522	0.11973	0.02216	0.02034	0.01630	0.00744	0.00571	0.00185	0.00460	0.00616	0.00583	0.05938
8	0.02425	0.01005	0.01323	0.01036	0.01464	0.00912	0.00849	0.02819	0.10715	0.67566	0.02265	0.01970	0.01457	0.00716	0.00576	0.00179	0.00483	0.00584	0.00692	0.00965
9	0.01354	0.01532	0.03311	0.02478	0.07455	0.01441	0.69839	0.01828	0.01347	0.01834	0.01152	0.01535	0.00870	0.00484	0.00668	0.00191	0.00947	0.00665	0.00289	0.00780
10	0.01455	0.01245	0.01311	0.01171	0.01500	0.01438	0.00913	0.06079	0.72205	0.02444	0.02287	0.02102	0.01713	0.00772	0.00582	0.00193	0.00460	0.00641	0.00582	0.00908
11	0.01313	0.01092	0.01254	0.00908	0.01409	0.00893	0.00731	0.10849	0.01380	0.02088	0.01063	0.01210	0.00863	0.00458	0.00443	0.00096	0.00450	0.00362	0.00369	0.72769
12	0.04446	0.02234	0.01637	0.01391	0.01752	0.45327	0.01084	0.30934	0.02027	0.02309	0.01076	0.01164	0.00827	0.00626	0.00534	0.00158	0.00855	0.00425	0.00407	0.00785
13	0.83938	0.01106	0.00841	0.00752	0.01106	0.01283	0.00619	0.01681	0.00973	0.02566	0.00796	0.00929	0.00619	0.00531	0.00354	0.00177	0.00442	0.00310	0.00354	0.00619
14	0.00697	0.00498	0.00664	0.00796	0.00830	0.00465	0.00531	0.00796	0.01095	0.01460	0.03153	0.79525	0.03783	0.01792	0.00730	0.00232	0.00332	0.01626	0.00531	0.00465
15	0.00701	0.00500	0.00662	0.00791	0.00823	0.00468	0.00525	0.00798	0.01086	0.01448	0.03107	0.76986	0.03726	0.04408	0.00803	0.00243	0.00339	0.01599	0.00525	0.00461
16	0.00714	0.00505	0.00659	0.00774	0.00803	0.00476	0.00507	0.00801	0.01061	0.01415	0.02979	0.69756	0.03563	0.11861	0.01011	0.00274	0.00361	0.01524	0.00507	0.00449
17	0.01680	0.01171	0.01301	0.01131	0.01481	0.01292	0.00891	0.02983	0.58722	0.19119	0.02312	0.02092	0.01672	0.00761	0.00580	0.00190	0.00460	0.00631	0.00610	0.00921
18	0.01232	0.01081	0.01312	0.00988	0.01398	0.00986	0.00801	0.03873	0.01177	0.01829	0.00978	0.01205	0.00833	0.00543	0.00707	0.00119	0.15451	0.00376	0.00330	0.64782
19	0.02174	0.01602	0.01717	0.01316	0.01774	0.01774	0.01087	0.74423	0.02689	0.03605	0.01373	0.01373	0.00973	0.00687	0.00572	0.00172	0.00629	0.00515	0.00572	0.00973
20	0.01248	0.01053	0.01219	0.00876	0.01382	0.00826	0.00703	0.05991	0.01280	0.01972	0.01039	0.01198	0.00855	0.00440	0.00433	0.00090	0.00436	0.00350	0.00353	0.78255
21	0.00697	0.00498	0.00664	0.00796	0.00830	0.00465	0.00531	0.00796	0.01095	0.01460	0.03153	0.79525	0.03783	0.01792	0.00730	0.00232	0.00332	0.01626	0.00531	0.00465
22	0.00697	0.00498	0.00664	0.00796	0.00830	0.00465	0.00531	0.00796	0.01095	0.01460	0.03153	0.79525	0.03783	0.01792	0.00730	0.00232	0.00332	0.01626	0.00531	0.00465
23	0.02117	0.01568	0.01686	0.01289	0.01750	0.01715	0.01063	0.70202	0.02602	0.03504	0.01353	0.01362	0.00965	0.00671	0.00564	0.00167	0.00618	0.00505	0.00559	0.05740
24	0.17831	0.01577	0.01543	0.01218	0.01646	0.06408	0.00999	0.55993	0.02294	0.03268	0.01232	0.01267	0.00890	0.00651	0.00527	0.00171	0.00619	0.00467	0.00513	0.00886
25	0.00679	0.00569	0.00590	0.00607	0.00780	0.00481	0.00447	0.00818	0.01277	0.01534	0.05454	0.15047	0.66776	0.01493	0.00683	0.00198	0.00295	0.01261	0.00531	0.00481
26	0.01251	0.01251	0.01752	0.01502	0.01502	0.01752	0.01251	0.01377	0.00876	0.01377	0.00751	0.01251	0.00751	0.01001	0.01877	0.00250	0.78851	0.00501	0.00250	0.00626
27	0.00832	0.00555	0.00624	0.00624	0.00624	0.00555	0.00347	0.00832	0.00832	0.01109	0.01802	0.03743	0.02080	0.79898	0.02911	0.00555	0.00555	0.00832	0.00347	0.00347
28	0.01005	0.00564	0.00870	0.10772	0.01157	0.00597	0.00638	0.00837	0.00797	0.01054	0.00997	0.01711	0.00964	0.01805	0.02021	0.72637	0.00531	0.00498	0.00249	0.00298
29	0.12715	0.01538	0.01604	0.01243	0.01688	0.01711	0.01027	0.65045	0.02468	0.03471	0.01299	0.01316	0.00927	0.00667	0.00544	0.00172	0.00605	0.00489	0.00544	0.00927
30	0.02174	0.01602	0.01717	0.01316	0.01774	0.01774	0.01087	0.74423	0.02689	0.03605	0.01373	0.01373	0.00973	0.00687	0.00572	0.00172	0.00629	0.00515	0.00572	0.00973
31	0.00697	0.00498	0.00664	0.00796	0.00830	0.00465	0.00531	0.00796	0.01095	0.01460	0.03153	0.79525	0.03783	0.01792	0.00730	0.00232	0.00332	0.01626	0.00531	0.00465
32	0.02174	0.01602	0.01717	0.01316	0.01774	0.01774	0.01087	0.74423	0.02689	0.03605	0.01373	0.01373	0.00973	0.00687	0.00572	0.00172	0.00629	0.00515	0.00572	0.00973
33	0.01186	0.01017	0.01186	0.00847	0.01356	0.00762	0.00678	0.01440	0.01186	0.01864	0.01017	0.01186	0.00847	0.00424	0.00424	0.00085	0.00424	0.00339	0.00339	0.83395
34	0.00795	0.00573	0.00752	0.00730	0.00851	0.00530	0.00539	0.01043	0.01552	0.02186	0.66634	0.13974	0.05189	0.01250	0.00682	0.00187	0.00278	0.01111	0.00617	0.00530
35	0.18130	0.00999	0.01234	0.00967	0.01392	0.00925	0.00798	0.02576	0.01510	0.62542	0.01977	0.01752	0.01264	0.00674	0.00533	0.00177	0.00478	0.00524	0.00640	0.00906
36	0.01364	0.01011	0.01204	0.00869	0.01369	0.00773	0.00699	0.01614	0.01244	0.11515	0.01176	0.01284	0.00921	0.00460	0.00443	0.00097	0.00432	0.00369	0.00386	0.72770
37	0.00697	0.00498	0.00664	0.00796	0.00830	0.00465	0.00531	0.00796	0.01095	0.01460	0.03153	0.79525	0.03783	0.01792	0.00730	0.00232	0.00332	0.01626	0.00531	0.00465
38	0.02174	0.01602	0.01717	0.01316	0.01774	0.01774	0.01087	0.74423	0.02689	0.03605	0.01373	0.01373	0.00973	0.00687	0.00572	0.00172	0.00629	0.00515	0.00572	0.00973
39	0.01228	0.01042	0.01209	0.00867	0.01373	0.00806	0.00695	0.04548	0.01250	0.01938	0.01032	0.01194	0.00853	0.00435	0.00430	0.00088	0.00432	0.00346	0.00349	0.79885
40	0.02566	0.00973	0.01327	0.01018	0.01460	0.00841	0.00841	0.02788	0.01637	0.76726	0.02257	0.01947	0.01416	0.00708	0.00575	0.00177	0.00487	0.00575	0.00708	0.00973
41	0.01131	0.01102	0.01894	0.60607	0.03526	0.01351	0.09170	0.01489	0.01131	0.01489	0.00997	0.01492	0.00772	0.00618	0.00751	0.00199	0.10850	0.00525	0.00257	0.00648
42	0.00697	0.00498	0.00664	0.00796	0.00830	0.00465	0.00531	0.00796	0.01095	0.01460	0.03153	0.79525	0.03783	0.01792	0.00730	0.00232	0.00332	0.01626	0.00531	0.00465
43	0.01330	0.01483	0.03073	0.02227	0.02728	0.01457	0.61709	0.01757	0.01282	0.01775	0.01099	0.01490	0.00852	0.00547	0.00819	0.00196	0.10982	0.00638	0.00286	0.04271
44	0.78840	0.01137	0.00895	0.00787	0.01148	0.01314	0.00649	0.06217	0.01080	0.02631	0.00832	0.00957	0.00641	0.00541	0.00368	0.00177	0.00454	0.00323	0.00368	0.00641
45	0.01204	0.01082	0.01345	0.01031	0.01396	0.01040	0.00838	0.01422	0.01099	0.01727	0.00942	0.01204	0.00820	0.00585	0.00831	0.00131	0.22395	0.00384	0.00314	0.60207
46	0.09777	0.02137	0.01526	0.01331	0.01671	0.44153	0.01030	0.17948	0.11289	0.02116	0.01168	0.01238	0.00907	0.00629	0.00521	0.00161	0.00814	0.00430	0.00397	0.00757
47	0.01444	0.01221	0.01310	0.01117	0.01488	0.01328	0.00878	0.09078	0.54669	0.02399	0.01992	0.01885	0.01505	0.00701	0.00551	0.00171	0.00463	0.00576	0.00535	0.16689
48	0.00697	0.00498	0.00664	0.00796	0.00830	0.00465	0.00531	0.00796	0.01095	0.01460	0.03153	0.79525	0.03783	0.01792	0.00730	0.00232	0.00332	0.01626	0.00531	0.00465
49	0.00832	0.00555	0.00624	0.00624	0.00624	0.00555	0.00347	0.00832	0.00832	0.01109	0.01802	0.03743	0.02080	0.79898	0.02911	0.00555	0.00555	0.00832	0.00347	0.00347
50	0.01350	0.01543	0.03375	0.02411	0.02989	0.01446	0.74253	0.01832	0.01350	0.01832	0.01157	0.01543	0.00868	0.00482	0.00675	0.00193	0.00964	0.00675	0.00289	0.00771
51	0.00832	0.00555	0.00624	0.00624	0.00624	0.00555	0.00347	0.00832	0.00832	0.01109	0.01802	0.03743	0.02080	0.79898	0.02911	0.00555	0.00555	0.00832	0.00347	0.00347
52	0.01186	0.01017	0.01186	0.00847	0.01356	0.00762	0.00678	0.01440	0.01186	0.01864	0.01017	0.01186	0.00847	0.00424	0.00424	0.00085	0.00424	0.00339	0.00339	0.83395
53	0.01564	0.01276	0.01356	0.01182	0.01528	0.01457	0.00930	0.13419	0.62666	0.04654	0.02187	0.02018	0.01624	0.00761	0.00580	0.00190	0.00479	0.00626	0.00584	0.00917
54	0.00697	0.00498	0.00664	0.00796	0.00830	0.00465	0.00531	0.00796	0.01095	0.01460	0.03153	0.79525	0.03783	0.01792	0.00730	0.00232	0.00332	0.01626	0.00531	0.00465
55	0.00710	0.00514	0.00671	0.00773	0.00829	0.00475	0.00526	0.00834	0.01176	0.01573	0.12713	0.65190	0.08519	0.01690	0.00720	0.00223	0.00321	0.01524	0.00544	0.00475
56	0.02137	0.02726	0.01621	0.01474	0.01768	0.77602	0.01105	0.02284	0.01621	0.01400	0.00884	0.01031	0.00737	0.00589	0.00516	0.00147	0.01031	0.00368	0.00295	0.00663
57	0.79364	0.01134	0.00890	0.00784	0.01144	0.01311	0.00646	0.05751	0.01069	0.02624	0.00829	0.00954	0.00639	0.00540	0.00366	0.00177	0.00453	0.00321	0.00366	0.00639
58	0.01327	0.01334	0.01670	0.01439	0.01513	0.06413	0.01183	0.01649	0.10524	0.01522	0.00969	0.01350	0.00881	0.00931	0.01587	0.00232	0.61832	0.00507	0.00298	0.02838
59	0.00858	0.00630	0.00808	0.00893	0.01017	0.00613	0.00729	0.01080	0.02602	0.01599	0.03401	0.10270	0.17238	0.11649	0.01034	0.00284	0.00471	0.43820	0.00506	0.00498
60	0.01364	0.01011	0.01204	0.00869	0.01369	0.00773	0.00699	0.01614	0.01244	0.11515	0.01176	0.01284	0.00921	0.00460	0.00443	0.00097	0.00432	0.00369	0.00386	0.72770
61	0.00810	0.00583	0.00772	0.00773	0.00894	0.00546	0.00588	0.01057	0.01512	0.02110	0.57099	0.14258	0.04914	0.01303	0.00697	0.00198	0.00311	0.10443	0.00603	0.00528
62	0.01195	0.01046	0.01310	0.00936	0.01448	0.00801	0.04844	0.01462	0.01195	0.01862	0.01025	0.01206	0.00848	0.00427	0.00438	0.00091	0.00454	0.00358	0.00336	0.78716
63	0.00713	0.00568	0.00645	0.00697	0.00841	0.00501	0.00522	0.00861	0.01251	0.01545	0.04750	0.24891	0.47892	0.01555	0.00705	0.00212	0.00331	0.10504	0.00531	0.00484
64	0.01210	0.01039	0.01222	0.00885	0.01371	0.00826	0.00711	0.03014	0.01205	0.01881	0.01013	0.01193	0.00846	0.00454	0.00489	0.00094	0.03768	0.00350	0.00340	0.78090
65	0.08048	0.01607	0.01577	0.01265	0.01679	0.08422	0.01026	0.51473	0.13866	0.03142	0.01437	0.01430	0.01047	0.00681	0.00553	0.00173	0.00624	0.00508	0.00533	0.00909
66	0.00719	0.00513	0.00689	0.00821	0.00864	0.00483	0.00569	0.00834	0.01117	0.01484	0.03141	0.72458	0.03736	0.01772	0.00736	0.00235	0.00351	0.08479	0.00531	0.00471
67	0.01498	0.73850	0.09112	0.01033	0.01551	0.02186	0.01073	0.01721	0.01166	0.01384	0.00814	0.00942	0.00733	0.00494	0.00382	0.00127	0.00631	0.00316	0.00244	0.00743

[dist]
# distance from previous block
# <min> <max>
0	10

[block]
# block no. 8 follows, 41 sequences, length 14
# corresponding to MSA columns:
# 564-577
name=unknown_I
#
# <colnr> <probs for GDERKNQSTAVLIFYWHMCP>
#	G	D	E	R	K	N	Q	S	T	A	V	L	I	F	Y	W	H	M	C	P
0	0.02219	0.01078	0.01406	0.01121	0.01486	0.01092	0.00921	0.06457	0.10276	0.53051	0.01998	0.01837	0.01334	0.00758	0.00766	0.00189	0.11907	0.00570	0.00619	0.00915
1	0.02101	0.01206	0.01472	0.06888	0.01740	0.01192	0.00959	0.27882	0.01903	0.33470	0.01657	0.01593	0.01121	0.00646	0.00550	0.00162	0.00548	0.00512	0.00568	0.13831
2	0.01958	0.01464	0.01597	0.01227	0.01673	0.01570	0.01008	0.59879	0.02376	0.03230	0.01330	0.01393	0.00979	0.00840	0.04656	0.00199	0.00648	0.00495	0.00524	0.12956
3	0.01378	0.01163	0.01365	0.01040	0.01456	0.01115	0.00844	0.14047	0.05348	0.02120	0.01109	0.01278	0.00903	0.00572	0.00669	0.00130	0.11887	0.00409	0.00379	0.52790
4	0.05517	0.00580	0.00729	0.00752	0.00859	0.00553	0.00541	0.01003	0.01377	0.01982	0.43154	0.33588	0.04491	0.01377	0.00678	0.00200	0.00304	0.01225	0.00575	0.00515
5	0.00697	0.00498	0.00664	0.00796	0.00830	0.00465	0.00531	0.00796	0.01095	0.01460	0.03153	0.79525	0.03783	0.01792	0.00730	0.00232	0.00332	0.01626	0.00531	0.00465
6	0.00697	0.00498	0.00664	0.00796	0.00830	0.00465	0.00531	0.00796	0.01095	0.01460	0.03153	0.79525	0.03783	0.01792	0.00730	0.00232	0.00332	0.01626	0.00531	0.00465
7	0.02174	0.01602	0.01717	0.01316	0.01774	0.01774	0.01087	0.74423	0.02689	0.03605	0.01373	0.01373	0.00973	0.00687	0.00572	0.00172	0.00629	0.00515	0.00572	0.00973
8	0.01828	0.01426	0.01608	0.01243	0.01645	0.01554	0.01023	0.48155	0.02103	0.02907	0.01206	0.01315	0.00914	0.00676	0.00730	0.00164	0.11981	0.00475	0.00475	0.18569
9	0.02126	0.02027	0.01618	0.01355	0.01730	0.34961	0.01066	0.32830	0.07638	0.07187	0.01287	0.01317	0.00956	0.00652	0.00548	0.00163	0.00783	0.00464	0.00460	0.00832
10	0.06293	0.01330	0.01452	0.01142	0.01569	0.01398	0.00928	0.38952	0.12422	0.10589	0.01561	0.03759	0.01170	0.00682	0.00542	0.00163	0.00537	0.00532	0.00536	0.14444
11	0.01312	0.01430	0.02746	0.02059	0.02413	0.01565	0.45979	0.01656	0.01166	0.01656	0.01000	0.01430	0.00823	0.00683	0.01141	0.00215	0.31130	0.00607	0.00274	0.00715
12	0.01417	0.01340	0.02172	0.03169	0.65426	0.01368	0.01632	0.01942	0.12083	0.01945	0.01258	0.01520	0.01028	0.00548	0.00569	0.00173	0.00646	0.00530	0.00327	0.00906
13	0.02092	0.01522	0.01628	0.01258	0.01691	0.01681	0.01036	0.68962	0.02578	0.03495	0.01410	0.01430	0.01010	0.00685	0.00559	0.00169	0.00602	0.00516	0.06736	0.00940

[dist]
# distance from previous block
# <min> <max>
0	0

# created by:
# /software/SequenceAnalysis/GenePrediction/augustus/3.0.1/scripts/msa2prfl.pl ./fixed/BUSCOvEOG7P2RGV.fas
