[name]
unknown

[dist]
# distance from previous block
# <min> <max>
0	293

[block]
# block no. 0 follows, 41 sequences, length 11
# corresponding to MSA columns:
# 311-321
name=unknown_A
#
# <colnr> <probs for GDERKNQSTAVLIFYWHMCP>
#	G	D	E	R	K	N	Q	S	T	A	V	L	I	F	Y	W	H	M	C	P
0	0.00679	0.00568	0.00592	0.00611	0.00781	0.00480	0.00448	0.00817	0.01274	0.01533	0.05415	0.16123	0.65724	0.01498	0.00684	0.00199	0.00296	0.01267	0.00531	0.00480
1	0.00812	0.00546	0.00630	0.00649	0.00653	0.00542	0.00373	0.00827	0.00870	0.01159	0.01996	0.14615	0.02324	0.68693	0.02598	0.00508	0.00523	0.00946	0.00373	0.00364
2	0.01493	0.01427	0.02314	0.10377	0.46823	0.03909	0.12033	0.10951	0.01480	0.02028	0.01113	0.01427	0.00889	0.00537	0.00582	0.00175	0.00734	0.00529	0.00318	0.00861
3	0.01795	0.01344	0.01439	0.01164	0.01551	0.01472	0.00942	0.44373	0.19658	0.05651	0.02266	0.02167	0.11949	0.00818	0.00590	0.00180	0.00534	0.00648	0.00574	0.00887
4	0.01219	0.00688	0.00899	0.00796	0.01004	0.00619	0.00613	0.01466	0.01623	0.18815	0.56587	0.03826	0.07341	0.01091	0.00662	0.00184	0.00327	0.00945	0.00650	0.00646
5	0.01346	0.01277	0.02118	0.03154	0.66723	0.01262	0.01598	0.01654	0.01316	0.01849	0.01683	0.01953	0.10232	0.00641	0.00590	0.00177	0.00638	0.00603	0.00322	0.00865
6	0.01905	0.01377	0.01521	0.01197	0.01578	0.01502	0.00977	0.52608	0.02296	0.05628	0.08744	0.01748	0.01461	0.00754	0.00643	0.00175	0.04712	0.00569	0.06409	0.04196
7	0.01349	0.00933	0.01119	0.10506	0.01470	0.01044	0.00823	0.20292	0.01536	0.02294	0.01551	0.01866	0.01232	0.01240	0.12273	0.00279	0.04201	0.00543	0.34773	0.00673
8	0.00977	0.00650	0.00748	0.00704	0.00913	0.00563	0.00542	0.01159	0.01434	0.11053	0.21776	0.04832	0.46783	0.01309	0.00677	0.00195	0.00328	0.04203	0.00583	0.00571
9	0.01797	0.48982	0.02470	0.01171	0.01604	0.22869	0.01036	0.10881	0.01491	0.01662	0.00915	0.01038	0.00787	0.00557	0.00444	0.00140	0.00736	0.00357	0.00307	0.00756
10	0.01907	0.01997	0.01824	0.08651	0.13322	0.34462	0.03088	0.20697	0.01782	0.02077	0.01076	0.01276	0.00852	0.00630	0.00611	0.00170	0.03960	0.00461	0.00367	0.00790

[dist]
# distance from previous block
# <min> <max>
0	1

[block]
# block no. 1 follows, 41 sequences, length 93
# corresponding to MSA columns:
# 323-415
name=unknown_B
#
# <colnr> <probs for GDERKNQSTAVLIFYWHMCP>
#	G	D	E	R	K	N	Q	S	T	A	V	L	I	F	Y	W	H	M	C	P
0	0.01193	0.01185	0.01920	0.59705	0.12049	0.05058	0.07716	0.01567	0.01203	0.01536	0.01029	0.01490	0.00787	0.00558	0.00577	0.00186	0.00783	0.00516	0.00262	0.00679
1	0.00697	0.00498	0.00664	0.00796	0.00830	0.00465	0.00531	0.00796	0.01095	0.01460	0.03153	0.79525	0.03783	0.01792	0.00730	0.00232	0.00332	0.01626	0.00531	0.00465
2	0.01268	0.08839	0.44322	0.01893	0.13199	0.01433	0.09827	0.01917	0.08439	0.01840	0.01156	0.01341	0.00867	0.00550	0.00550	0.00177	0.00776	0.00475	0.00286	0.00843
3	0.01336	0.01273	0.02123	0.20362	0.54768	0.01351	0.01667	0.01741	0.04743	0.01790	0.01114	0.01471	0.00910	0.00547	0.00597	0.00177	0.02386	0.00516	0.00290	0.00839
4	0.04447	0.01037	0.01253	0.01135	0.01291	0.09661	0.04457	0.01297	0.01038	0.01452	0.01348	0.06216	0.01284	0.02657	0.41310	0.00576	0.14160	0.00602	0.00311	0.04466
5	0.02142	0.01543	0.04686	0.01275	0.01734	0.01595	0.01080	0.59938	0.02445	0.13113	0.01526	0.03665	0.01101	0.00715	0.00576	0.00174	0.00611	0.00551	0.00576	0.00953
6	0.07006	0.01884	0.22456	0.01630	0.02183	0.08077	0.22570	0.06172	0.07209	0.10282	0.04027	0.01546	0.01101	0.00596	0.00580	0.00181	0.00766	0.00546	0.00379	0.00808
7	0.08828	0.01497	0.02402	0.11933	0.08758	0.08927	0.35456	0.01965	0.10893	0.01883	0.01225	0.01501	0.00936	0.00549	0.00596	0.00185	0.00808	0.00573	0.00329	0.00758
8	0.06055	0.07134	0.05068	0.02601	0.01476	0.00967	0.00807	0.02752	0.01231	0.07733	0.01090	0.01222	0.00864	0.00470	0.00439	0.00108	0.00475	0.00364	0.00358	0.58784
9	0.14329	0.01395	0.01535	0.01199	0.01619	0.03123	0.03741	0.38079	0.04923	0.09550	0.01315	0.01360	0.00956	0.00644	0.00587	0.00168	0.04264	0.00477	0.00493	0.10240
10	0.01697	0.20634	0.15494	0.01184	0.03236	0.01318	0.01133	0.02131	0.08426	0.25641	0.02941	0.02052	0.01391	0.00718	0.00540	0.00173	0.00583	0.07836	0.00462	0.02411
11	0.01578	0.76508	0.02919	0.00981	0.01468	0.02196	0.00972	0.01763	0.01185	0.04896	0.00864	0.00966	0.00766	0.00500	0.00377	0.00125	0.00606	0.00319	0.00267	0.00745
12	0.00804	0.00543	0.00632	0.00660	0.00667	0.00536	0.00385	0.00824	0.00887	0.01182	0.02084	0.19535	0.02435	0.63622	0.02457	0.00487	0.00508	0.00997	0.00385	0.00371
13	0.00695	0.00515	0.00650	0.00753	0.00819	0.00470	0.00513	0.00807	0.01146	0.01493	0.05132	0.63773	0.17720	0.01713	0.00719	0.00224	0.00322	0.01534	0.00533	0.00470
14	0.13067	0.03872	0.00815	0.00673	0.00895	0.00831	0.00535	0.07862	0.01317	0.05806	0.01647	0.01838	0.01271	0.00644	0.00415	0.00144	0.00347	0.00493	0.56915	0.00613
15	0.01505	0.72092	0.06383	0.01020	0.01517	0.02171	0.01028	0.01793	0.05396	0.01427	0.00894	0.01001	0.00791	0.00508	0.00388	0.00129	0.00614	0.00331	0.00264	0.00749
16	0.00685	0.00580	0.00592	0.00589	0.00778	0.00487	0.00442	0.00839	0.01326	0.01597	0.10657	0.05419	0.71203	0.01429	0.00676	0.00192	0.00288	0.01195	0.00538	0.00487
17	0.00805	0.00595	0.00864	0.00879	0.00964	0.00672	0.00661	0.00979	0.00931	0.01323	0.01740	0.11152	0.01755	0.10799	0.62191	0.00809	0.01308	0.00748	0.00336	0.00491
18	0.01327	0.03552	0.01962	0.04696	0.01807	0.05964	0.12244	0.04267	0.01082	0.01528	0.00942	0.03070	0.00885	0.03417	0.01481	0.00236	0.50054	0.00550	0.00280	0.00654
19	0.07168	0.05907	0.02231	0.05134	0.02054	0.06770	0.25092	0.01631	0.01131	0.01644	0.00956	0.01338	0.00807	0.00708	0.01078	0.00205	0.31343	0.00526	0.03601	0.00678
20	0.09261	0.05577	0.01652	0.01330	0.01694	0.37609	0.01053	0.29427	0.01934	0.02332	0.01055	0.01150	0.00816	0.00624	0.00540	0.00160	0.02188	0.00418	0.00402	0.00779
21	0.01348	0.01485	0.06613	0.22341	0.07109	0.05143	0.32634	0.06368	0.01358	0.01818	0.01116	0.01485	0.00851	0.00559	0.00663	0.00187	0.04304	0.00569	0.03310	0.00740
22	0.00697	0.00498	0.00664	0.00796	0.00830	0.00465	0.00531	0.00796	0.01095	0.01460	0.03153	0.79525	0.03783	0.01792	0.00730	0.00232	0.00332	0.01626	0.00531	0.00465
23	0.02137	0.01584	0.01696	0.01309	0.01760	0.01757	0.01078	0.70905	0.06268	0.03545	0.01420	0.01411	0.01011	0.00691	0.00573	0.00173	0.00621	0.00521	0.00573	0.00969
24	0.01388	0.01331	0.02272	0.09682	0.70374	0.01352	0.01742	0.01731	0.01289	0.01835	0.01071	0.01425	0.00894	0.00515	0.00567	0.00172	0.00686	0.00510	0.00281	0.00884
25	0.01416	0.01359	0.02322	0.03511	0.76330	0.01359	0.01755	0.01755	0.01302	0.01869	0.01076	0.01416	0.00906	0.00510	0.00566	0.00170	0.00680	0.00510	0.00283	0.00906
26	0.01147	0.02959	0.76934	0.01630	0.02476	0.01328	0.02113	0.01811	0.01208	0.01811	0.01026	0.01208	0.00725	0.00543	0.00543	0.00181	0.00845	0.00423	0.00242	0.00845
27	0.00710	0.00507	0.00678	0.00811	0.00850	0.00476	0.00553	0.00819	0.01108	0.01475	0.03146	0.75354	0.03755	0.01780	0.00733	0.00234	0.00343	0.05670	0.00531	0.00468
28	0.00817	0.00613	0.00919	0.00919	0.01021	0.00715	0.00715	0.01021	0.00919	0.01328	0.01532	0.02247	0.01430	0.04290	0.77631	0.00919	0.01532	0.00613	0.00306	0.00511
29	0.04352	0.00976	0.01317	0.01012	0.01452	0.00850	0.00836	0.02763	0.01623	0.75099	0.02225	0.01925	0.01398	0.00704	0.00570	0.00177	0.00486	0.00569	0.00700	0.00966
30	0.02365	0.01040	0.01337	0.01053	0.01477	0.00972	0.00861	0.05653	0.13634	0.61778	0.02233	0.01955	0.01452	0.00718	0.00576	0.00180	0.00487	0.00584	0.00682	0.00962
31	0.00790	0.00614	0.00722	0.00689	0.00855	0.00562	0.00519	0.01080	0.05133	0.02021	0.46310	0.04625	0.31477	0.01254	0.00671	0.00186	0.00286	0.01079	0.00591	0.00537
32	0.01466	0.01219	0.01295	0.01158	0.01486	0.01400	0.00903	0.03030	0.72486	0.05229	0.02325	0.02127	0.01733	0.00773	0.00582	0.00193	0.00454	0.00644	0.00587	0.00908
33	0.01147	0.02959	0.76934	0.01630	0.02476	0.01328	0.02113	0.01811	0.01208	0.01811	0.01026	0.01208	0.00725	0.00543	0.00543	0.00181	0.00845	0.00423	0.00242	0.00845
34	0.00709	0.00509	0.00676	0.00805	0.00848	0.00476	0.00551	0.00819	0.01114	0.01477	0.03219	0.73285	0.05776	0.01770	0.00732	0.00233	0.00342	0.05658	0.00531	0.00469
35	0.01313	0.01483	0.03220	0.02319	0.02866	0.01390	0.70045	0.01773	0.01335	0.01811	0.01271	0.05994	0.01034	0.00557	0.00678	0.00195	0.00928	0.00729	0.00303	0.00754
36	0.00695	0.00530	0.00639	0.00717	0.00811	0.00475	0.00498	0.00819	0.01194	0.01531	0.07664	0.50039	0.29046	0.01642	0.00709	0.00216	0.00314	0.01451	0.00536	0.00475
37	0.33400	0.01024	0.01143	0.00917	0.01326	0.01008	0.00757	0.02368	0.01386	0.48625	0.01703	0.01561	0.01114	0.00641	0.00491	0.00177	0.00470	0.00475	0.00574	0.00839
38	0.29897	0.01018	0.01164	0.00929	0.01341	0.00989	0.00766	0.02416	0.01414	0.51818	0.01766	0.01605	0.01148	0.00649	0.00501	0.00177	0.00472	0.00486	0.00589	0.00855
39	0.00806	0.00585	0.00759	0.00716	0.00852	0.00538	0.00537	0.01072	0.01610	0.02273	0.74065	0.04307	0.07373	0.01177	0.00675	0.00180	0.00270	0.01039	0.00627	0.00538
40	0.01147	0.02959	0.76934	0.01630	0.02476	0.01328	0.02113	0.01811	0.01208	0.01811	0.01026	0.01208	0.00725	0.00543	0.00543	0.00181	0.00845	0.00423	0.00242	0.00845
41	0.01423	0.01229	0.01293	0.01164	0.01487	0.01423	0.00905	0.03039	0.75297	0.02393	0.02328	0.02134	0.01746	0.00776	0.00582	0.00194	0.00453	0.00647	0.00582	0.00905
42	0.01423	0.01229	0.01293	0.01164	0.01487	0.01423	0.00905	0.03039	0.75297	0.02393	0.02328	0.02134	0.01746	0.00776	0.00582	0.00194	0.00453	0.00647	0.00582	0.00905
43	0.02566	0.00973	0.01327	0.01018	0.01460	0.00841	0.00841	0.02788	0.01637	0.76726	0.02257	0.01947	0.01416	0.00708	0.00575	0.00177	0.00487	0.00575	0.00708	0.00973
44	0.02137	0.02726	0.01621	0.01474	0.01768	0.77602	0.01105	0.02284	0.01621	0.01400	0.00884	0.01031	0.00737	0.00589	0.00516	0.00147	0.01031	0.00368	0.00295	0.00663
45	0.02174	0.01602	0.01717	0.01316	0.01774	0.01774	0.01087	0.74423	0.02689	0.03605	0.01373	0.01373	0.00973	0.00687	0.00572	0.00172	0.00629	0.00515	0.00572	0.00973
46	0.00749	0.00533	0.00714	0.00841	0.00892	0.00508	0.00602	0.00877	0.01128	0.01495	0.03064	0.61097	0.03603	0.05428	0.00845	0.00254	0.00382	0.15995	0.00521	0.00472
47	0.00828	0.00591	0.00814	0.00946	0.01037	0.00577	0.00758	0.01023	0.01224	0.01607	0.03080	0.36983	0.03497	0.01669	0.00765	0.00250	0.00445	0.42876	0.00528	0.00501
48	0.00994	0.00497	0.00745	0.00745	0.00745	0.00497	0.00497	0.00745	0.00745	0.00994	0.00994	0.01739	0.00994	0.01987	0.02235	0.83358	0.00497	0.00497	0.00248	0.00248
49	0.01219	0.00684	0.00839	0.00761	0.00996	0.00598	0.00594	0.01415	0.01451	0.21651	0.20089	0.08345	0.33336	0.01215	0.00657	0.00191	0.00351	0.04381	0.00600	0.00627
50	0.00691	0.00522	0.00638	0.00731	0.00812	0.00470	0.00502	0.00804	0.01158	0.01486	0.03947	0.57275	0.25520	0.01689	0.00714	0.00221	0.00319	0.01500	0.00531	0.00470
51	0.00822	0.00595	0.00831	0.00831	0.00903	0.00667	0.00605	0.00965	0.00893	0.01262	0.01613	0.02694	0.01624	0.26869	0.55318	0.00810	0.01240	0.00678	0.00318	0.00462
52	0.02137	0.02726	0.01621	0.01474	0.01768	0.77602	0.01105	0.02284	0.01621	0.01400	0.00884	0.01031	0.00737	0.00589	0.00516	0.00147	0.01031	0.00368	0.00295	0.00663
53	0.00703	0.00515	0.00663	0.00779	0.00837	0.00475	0.00534	0.00815	0.01131	0.01481	0.03484	0.67152	0.12983	0.01740	0.00726	0.00229	0.00334	0.04420	0.00531	0.00469
54	0.02174	0.01602	0.01717	0.01316	0.01774	0.01774	0.01087	0.74423	0.02689	0.03605	0.01373	0.01373	0.00973	0.00687	0.00572	0.00172	0.00629	0.00515	0.00572	0.00973
55	0.01082	0.00986	0.01631	0.71502	0.03659	0.01226	0.01496	0.01451	0.01143	0.01509	0.01073	0.01564	0.00813	0.00586	0.00583	0.00188	0.02117	0.00510	0.06253	0.00628
56	0.02076	0.02625	0.01630	0.01476	0.01750	0.72383	0.01115	0.02222	0.01570	0.01398	0.00875	0.01047	0.00738	0.00618	0.00609	0.00154	0.06385	0.00377	0.00292	0.00661
57	0.01186	0.01017	0.01186	0.00847	0.01356	0.00762	0.00678	0.01440	0.01186	0.01864	0.01017	0.01186	0.00847	0.00424	0.00424	0.00085	0.00424	0.00339	0.00339	0.83395
58	0.04371	0.03833	0.02169	0.07000	0.03279	0.01526	0.22835	0.04347	0.01169	0.04660	0.01036	0.01412	0.00853	0.00736	0.01132	0.00209	0.33809	0.00545	0.04378	0.00700
59	0.01194	0.00672	0.00874	0.00773	0.00984	0.00602	0.00598	0.01441	0.01593	0.19079	0.52489	0.03866	0.11372	0.01092	0.00652	0.00181	0.00321	0.00947	0.00638	0.00632
60	0.01350	0.01543	0.03375	0.02411	0.02989	0.01446	0.74253	0.01832	0.01350	0.01832	0.01157	0.01543	0.00868	0.00482	0.00675	0.00193	0.00964	0.00675	0.00289	0.00771
61	0.08769	0.01522	0.09014	0.11146	0.12002	0.01371	0.41617	0.01795	0.01283	0.04274	0.01123	0.01454	0.00844	0.00513	0.00606	0.00187	0.00833	0.00577	0.00300	0.00772
62	0.01404	0.01406	0.04152	0.09513	0.60430	0.03770	0.01668	0.01844	0.06744	0.01857	0.01156	0.01460	0.00946	0.00538	0.00566	0.00173	0.00685	0.00513	0.00302	0.00874
63	0.00697	0.00498	0.00664	0.00796	0.00830	0.00465	0.00531	0.00796	0.01095	0.01460	0.03153	0.79525	0.03783	0.01792	0.00730	0.00232	0.00332	0.01626	0.00531	0.00465
64	0.00746	0.00556	0.00754	0.04475	0.00990	0.00560	0.00598	0.00853	0.01072	0.01434	0.02869	0.67832	0.03409	0.06725	0.00909	0.00252	0.03522	0.01477	0.00495	0.00472
65	0.01318	0.01866	0.25234	0.04379	0.42096	0.01360	0.11893	0.01777	0.01277	0.01838	0.01071	0.01372	0.00842	0.00517	0.00574	0.00177	0.00771	0.00506	0.00271	0.00863
66	0.01147	0.02959	0.76934	0.01630	0.02476	0.01328	0.02113	0.01811	0.01208	0.01811	0.01026	0.01208	0.00725	0.00543	0.00543	0.00181	0.00845	0.00423	0.00242	0.00845
67	0.00680	0.00578	0.00586	0.00587	0.00776	0.00484	0.00439	0.00826	0.01306	0.01561	0.07362	0.07114	0.72860	0.01450	0.00677	0.00194	0.00290	0.01212	0.00533	0.00484
68	0.01287	0.01575	0.09384	0.15259	0.03107	0.01407	0.55753	0.01768	0.01303	0.01768	0.01122	0.01511	0.00838	0.00503	0.00646	0.00191	0.00920	0.00625	0.00279	0.00755
69	0.01786	0.08544	0.07383	0.17079	0.02229	0.01667	0.01248	0.44701	0.05165	0.02783	0.01263	0.01383	0.00923	0.00639	0.00552	0.00173	0.00664	0.00494	0.00454	0.00870
70	0.00801	0.00584	0.00752	0.00710	0.00849	0.00536	0.00533	0.01062	0.01598	0.02244	0.71388	0.04354	0.10068	0.01188	0.00675	0.00181	0.00271	0.01046	0.00623	0.00536
71	0.00729	0.00521	0.00686	0.00771	0.00827	0.00486	0.00525	0.00865	0.01207	0.01642	0.20264	0.58593	0.04091	0.04947	0.00809	0.00234	0.00327	0.01453	0.00546	0.00477
72	0.01286	0.01020	0.01187	0.00884	0.01338	0.00832	0.00699	0.08030	0.01320	0.04825	0.01250	0.05806	0.01097	0.03730	0.00560	0.00123	0.00445	0.00457	0.00385	0.64726
73	0.03622	0.12387	0.37995	0.01278	0.01925	0.01285	0.01442	0.01926	0.04233	0.12929	0.01223	0.01305	0.00888	0.00549	0.00501	0.00157	0.00663	0.00422	0.00344	0.14926
74	0.05267	0.18165	0.01903	0.01385	0.03644	0.46251	0.01083	0.08534	0.01548	0.01645	0.00904	0.01057	0.00758	0.00596	0.00560	0.00152	0.05155	0.00377	0.00309	0.00708
75	0.01298	0.01569	0.08324	0.12933	0.03085	0.01414	0.59075	0.01779	0.01311	0.01779	0.01128	0.01517	0.00843	0.00499	0.00651	0.00192	0.00928	0.00634	0.00281	0.00758
76	0.01264	0.15652	0.01393	0.00959	0.01235	0.01145	0.00804	0.09374	0.11911	0.05588	0.19402	0.06113	0.08323	0.01030	0.00611	0.00188	0.00457	0.13348	0.00520	0.00685
77	0.01186	0.01017	0.01186	0.00847	0.01356	0.00762	0.00678	0.01440	0.01186	0.01864	0.01017	0.01186	0.00847	0.00424	0.00424	0.00085	0.00424	0.00339	0.00339	0.83395
78	0.01281	0.01210	0.01695	0.42943	0.05882	0.07894	0.07531	0.04457	0.08336	0.01752	0.01257	0.01602	0.00959	0.00598	0.00556	0.00179	0.00708	0.00527	0.09947	0.00687
79	0.15102	0.00994	0.01252	0.00977	0.01406	0.00909	0.00807	0.02617	0.01535	0.65302	0.02032	0.01790	0.01293	0.00681	0.00541	0.00177	0.00480	0.00534	0.00653	0.00919
80	0.01180	0.07255	0.67673	0.03247	0.05922	0.01382	0.02021	0.01796	0.01208	0.01780	0.01015	0.01207	0.00734	0.00539	0.00535	0.00177	0.00823	0.00422	0.00244	0.00838
81	0.01524	0.55925	0.02598	0.01116	0.01487	0.02076	0.01042	0.04445	0.01169	0.04013	0.00857	0.01049	0.00770	0.00625	0.00738	0.00156	0.19040	0.00369	0.00274	0.00726
82	0.00698	0.00524	0.00648	0.00736	0.00816	0.00474	0.00507	0.00820	0.01181	0.01533	0.08321	0.55794	0.22540	0.01665	0.00713	0.00219	0.00317	0.01482	0.00537	0.00474
83	0.01275	0.01213	0.02069	0.38751	0.36800	0.01333	0.05058	0.03548	0.01267	0.01721	0.01060	0.01472	0.00838	0.00542	0.00574	0.00181	0.00731	0.00517	0.00277	0.00774
84	0.02098	0.02513	0.01674	0.01578	0.06258	0.64183	0.01142	0.10651	0.01726	0.01685	0.00953	0.01094	0.00774	0.00596	0.00525	0.00152	0.00963	0.00394	0.00326	0.00714
85	0.00903	0.00645	0.00901	0.01032	0.01156	0.00643	0.00890	0.01153	0.01299	0.01691	0.03039	0.12407	0.03332	0.01597	0.00785	0.00261	0.00511	0.66706	0.00527	0.00522
86	0.01186	0.01017	0.01186	0.00847	0.01356	0.00762	0.00678	0.01440	0.01186	0.01864	0.01017	0.01186	0.00847	0.00424	0.00424	0.00085	0.00424	0.00339	0.00339	0.83395
87	0.00817	0.00613	0.00919	0.00919	0.01021	0.00715	0.00715	0.01021	0.00919	0.01328	0.01532	0.02247	0.01430	0.04290	0.77631	0.00919	0.01532	0.00613	0.00306	0.00511
88	0.00697	0.00498	0.00664	0.00796	0.00830	0.00465	0.00531	0.00796	0.01095	0.01460	0.03153	0.79525	0.03783	0.01792	0.00730	0.00232	0.00332	0.01626	0.00531	0.00465
89	0.01416	0.01359	0.02322	0.03511	0.76330	0.01359	0.01755	0.01755	0.01302	0.01869	0.01076	0.01416	0.00906	0.00510	0.00566	0.00170	0.00680	0.00510	0.00283	0.00906
90	0.02566	0.00973	0.01327	0.01018	0.01460	0.00841	0.00841	0.02788	0.01637	0.76726	0.02257	0.01947	0.01416	0.00708	0.00575	0.00177	0.00487	0.00575	0.00708	0.00973
91	0.01066	0.00533	0.00533	0.00533	0.00666	0.00533	0.00400	0.01333	0.01200	0.02132	0.01866	0.02132	0.01466	0.00666	0.00400	0.00133	0.00267	0.00533	0.83073	0.00533
92	0.00697	0.00498	0.00664	0.00796	0.00830	0.00465	0.00531	0.00796	0.01095	0.01460	0.03153	0.79525	0.03783	0.01792	0.00730	0.00232	0.00332	0.01626	0.00531	0.00465

[dist]
# distance from previous block
# <min> <max>
3	5

[block]
# block no. 2 follows, 41 sequences, length 15
# corresponding to MSA columns:
# 421-435
name=unknown_C
#
# <colnr> <probs for GDERKNQSTAVLIFYWHMCP>
#	G	D	E	R	K	N	Q	S	T	A	V	L	I	F	Y	W	H	M	C	P
0	0.01181	0.01086	0.01775	0.77359	0.03969	0.01321	0.01617	0.01529	0.01206	0.01556	0.01116	0.01658	0.00858	0.00638	0.00614	0.00209	0.00792	0.00540	0.00289	0.00687
1	0.00699	0.00513	0.00657	0.00762	0.00823	0.00471	0.00518	0.00813	0.01149	0.01511	0.06932	0.65543	0.14082	0.01714	0.00720	0.00224	0.00323	0.01539	0.00536	0.00471
2	0.01577	0.01376	0.01376	0.01206	0.01547	0.06178	0.00944	0.13500	0.60060	0.02510	0.02098	0.01954	0.01570	0.00751	0.00576	0.00188	0.00514	0.00610	0.00563	0.00900
3	0.01186	0.01017	0.01186	0.00847	0.01356	0.00762	0.00678	0.01440	0.01186	0.01864	0.01017	0.01186	0.00847	0.00424	0.00424	0.00085	0.00424	0.00339	0.00339	0.83395
4	0.02079	0.01555	0.01663	0.01297	0.01737	0.01729	0.01064	0.65366	0.11902	0.03451	0.01494	0.01470	0.01071	0.00698	0.00573	0.00174	0.00607	0.00532	0.00573	0.00964
5	0.00800	0.00584	0.00751	0.00709	0.00849	0.00536	0.00532	0.01060	0.01596	0.02239	0.70865	0.04363	0.10595	0.01190	0.00675	0.00181	0.00271	0.01047	0.00622	0.00536
6	0.01186	0.01017	0.01186	0.00847	0.01356	0.00762	0.00678	0.01440	0.01186	0.01864	0.01017	0.01186	0.00847	0.00424	0.00424	0.00085	0.00424	0.00339	0.00339	0.83395
7	0.00832	0.00555	0.00624	0.00624	0.00624	0.00555	0.00347	0.00832	0.00832	0.01109	0.01802	0.03743	0.02080	0.79898	0.02911	0.00555	0.00555	0.00832	0.00347	0.00347
8	0.01423	0.01229	0.01293	0.01164	0.01487	0.01423	0.00905	0.03039	0.75297	0.02393	0.02328	0.02134	0.01746	0.00776	0.00582	0.00194	0.00453	0.00647	0.00582	0.00905
9	0.01607	0.01320	0.01397	0.01201	0.01558	0.01509	0.00950	0.20556	0.57480	0.02690	0.02094	0.01947	0.01556	0.00754	0.00580	0.00189	0.00496	0.00614	0.00580	0.00922
10	0.01080	0.01017	0.01716	0.78523	0.03940	0.01271	0.01589	0.01461	0.01144	0.01461	0.01017	0.01525	0.00762	0.00572	0.00572	0.00191	0.00762	0.00508	0.00254	0.00635
11	0.01423	0.01229	0.01293	0.01164	0.01487	0.01423	0.00905	0.03039	0.75297	0.02393	0.02328	0.02134	0.01746	0.00776	0.00582	0.00194	0.00453	0.00647	0.00582	0.00905
12	0.00696	0.00503	0.00658	0.00782	0.00826	0.00466	0.00525	0.00798	0.01109	0.01466	0.03328	0.74619	0.08576	0.01769	0.00726	0.00230	0.00329	0.01598	0.00531	0.00466
13	0.01579	0.74198	0.02899	0.01005	0.01492	0.02226	0.00987	0.07301	0.01280	0.01519	0.00840	0.00953	0.00752	0.00505	0.00383	0.00126	0.00613	0.00322	0.00270	0.00752
14	0.01388	0.01330	0.02243	0.09084	0.63329	0.01359	0.04135	0.01821	0.06196	0.01871	0.01157	0.01476	0.00949	0.00531	0.00571	0.00174	0.00680	0.00524	0.00301	0.00881

[dist]
# distance from previous block
# <min> <max>
0	118

# created by:
# /software/SequenceAnalysis/GenePrediction/augustus/3.0.1/scripts/msa2prfl.pl ./fixed/BUSCOvEOG7869S9.fas
