[name]
unknown

[dist]
# distance from previous block
# <min> <max>
0	266

[block]
# block no. 0 follows, 39 sequences, length 8
# corresponding to MSA columns:
# 353-360
name=unknown_A
#
# <colnr> <probs for GDERKNQSTAVLIFYWHMCP>
#	G	D	E	R	K	N	Q	S	T	A	V	L	I	F	Y	W	H	M	C	P
0	0.09292	0.26363	0.02649	0.01556	0.02065	0.04233	0.24566	0.15350	0.01580	0.05364	0.01125	0.01299	0.00870	0.00559	0.00536	0.00168	0.00747	0.00496	0.00365	0.00815
1	0.00744	0.00601	0.00661	0.00646	0.00826	0.00518	0.00485	0.00936	0.01454	0.01850	0.28537	0.05276	0.52584	0.01404	0.00698	0.00195	0.00293	0.01190	0.00582	0.00518
2	0.01034	0.02230	0.51574	0.01405	0.02005	0.01083	0.01652	0.01531	0.01211	0.01755	0.01777	0.26517	0.01779	0.00982	0.00625	0.00205	0.00701	0.00842	0.00347	0.00746
3	0.02030	0.21889	0.02055	0.01327	0.01739	0.30235	0.01094	0.25432	0.05038	0.02220	0.01120	0.01201	0.00885	0.00624	0.00516	0.00156	0.00795	0.00426	0.00398	0.00819
4	0.06622	0.01315	0.01506	0.01177	0.01616	0.01366	0.00966	0.35748	0.06482	0.30731	0.05031	0.01797	0.01407	0.00737	0.00586	0.00182	0.00558	0.00576	0.00636	0.00963
5	0.00842	0.00624	0.00898	0.00883	0.01000	0.00680	0.00680	0.01076	0.01186	0.01698	0.25565	0.03005	0.02814	0.03385	0.52063	0.00701	0.01159	0.00776	0.00426	0.00538
6	0.01222	0.01115	0.01842	0.02716	0.51208	0.01104	0.01403	0.01492	0.01277	0.01794	0.01812	0.26662	0.01906	0.00959	0.00641	0.00197	0.00585	0.00903	0.00376	0.00788
7	0.06619	0.06606	0.26303	0.06433	0.35914	0.04504	0.01777	0.01833	0.01289	0.01885	0.01049	0.01321	0.00831	0.00545	0.00550	0.00177	0.00758	0.00466	0.00280	0.00862

[dist]
# distance from previous block
# <min> <max>
0	1

[block]
# block no. 1 follows, 39 sequences, length 25
# corresponding to MSA columns:
# 362-386
name=unknown_B
#
# <colnr> <probs for GDERKNQSTAVLIFYWHMCP>
#	G	D	E	R	K	N	Q	S	T	A	V	L	I	F	Y	W	H	M	C	P
0	0.00860	0.00573	0.00645	0.00645	0.00645	0.00573	0.00358	0.00860	0.00860	0.01147	0.01863	0.03870	0.02150	0.79217	0.03010	0.00573	0.00573	0.00860	0.00358	0.00358
1	0.00829	0.00600	0.00761	0.00854	0.00926	0.00578	0.00586	0.06043	0.01259	0.01672	0.03230	0.70539	0.06374	0.01757	0.00741	0.00234	0.00364	0.01583	0.00552	0.00519
2	0.01244	0.01067	0.01234	0.00899	0.01411	0.00837	0.00718	0.01608	0.06481	0.01966	0.01148	0.01297	0.00943	0.00464	0.00450	0.00096	0.00440	0.00373	0.00368	0.76955
3	0.07192	0.02321	0.44213	0.01978	0.15134	0.01375	0.08176	0.05784	0.01341	0.02029	0.01176	0.04510	0.00932	0.00611	0.00574	0.00188	0.00791	0.00524	0.00301	0.00852
4	0.00853	0.00646	0.00814	0.00888	0.01047	0.00607	0.00743	0.01082	0.01379	0.01751	0.09333	0.06156	0.29444	0.01554	0.00766	0.00240	0.00437	0.41177	0.00554	0.00529
5	0.05631	0.01557	0.01735	0.11055	0.02089	0.01746	0.01169	0.61273	0.02500	0.03399	0.01347	0.01420	0.00962	0.00688	0.00582	0.00180	0.00660	0.00522	0.00540	0.00945
6	0.01197	0.02980	0.72228	0.01729	0.02588	0.01380	0.06030	0.01874	0.01257	0.01874	0.01069	0.01267	0.00757	0.00558	0.00569	0.00188	0.00881	0.00451	0.00252	0.00870
7	0.01530	0.01612	0.05393	0.02307	0.33634	0.12662	0.01396	0.02278	0.24505	0.02015	0.01669	0.01884	0.03087	0.00684	0.00591	0.00184	0.00676	0.02615	0.00404	0.00874
8	0.01577	0.00959	0.01018	0.00858	0.01129	0.01015	0.00684	0.26692	0.01800	0.06260	0.01770	0.01921	0.01335	0.00698	0.00484	0.00154	0.00418	0.00547	0.49947	0.00732
9	0.01206	0.06921	0.72465	0.01652	0.02507	0.01422	0.02126	0.01868	0.01246	0.01849	0.01049	0.01233	0.00750	0.00559	0.00553	0.00184	0.00862	0.00431	0.00250	0.00868
10	0.00809	0.00593	0.00759	0.00740	0.00872	0.00543	0.00547	0.01054	0.01575	0.02190	0.59627	0.13945	0.11905	0.01317	0.00705	0.00194	0.00289	0.01164	0.00629	0.00543
11	0.00721	0.00515	0.00686	0.00823	0.00858	0.00480	0.00549	0.00823	0.01132	0.01510	0.03259	0.78831	0.03911	0.01853	0.00755	0.00240	0.00343	0.01681	0.00549	0.00480
12	0.01428	0.01399	0.06539	0.03192	0.04826	0.01263	0.39187	0.01900	0.04925	0.10431	0.11610	0.02151	0.03957	0.00694	0.00715	0.00196	0.03662	0.00723	0.00414	0.00787
13	0.00845	0.00634	0.00950	0.00950	0.01056	0.00739	0.00739	0.01056	0.00950	0.01373	0.01584	0.02323	0.01478	0.04435	0.76873	0.00950	0.01584	0.00634	0.00317	0.00528
14	0.05850	0.18356	0.01936	0.01243	0.01684	0.07111	0.01047	0.38063	0.14173	0.02807	0.01392	0.01403	0.01051	0.00667	0.00533	0.00169	0.00636	0.00488	0.00490	0.00901
15	0.04960	0.01085	0.01333	0.01056	0.01479	0.01033	0.00860	0.10024	0.11211	0.47402	0.03681	0.02149	0.05526	0.00769	0.00588	0.00181	0.00494	0.00621	0.00658	0.04888
16	0.01366	0.01266	0.05625	0.26476	0.09185	0.04859	0.01257	0.12365	0.07685	0.01986	0.07985	0.01846	0.01391	0.00897	0.00856	0.12634	0.00663	0.00575	0.00379	0.00703
17	0.01248	0.05114	0.57496	0.01893	0.05638	0.01427	0.15190	0.01871	0.01278	0.01864	0.01081	0.01312	0.00784	0.00547	0.00582	0.00187	0.00882	0.00485	0.00261	0.00859
18	0.02370	0.00973	0.01301	0.01024	0.01436	0.00865	0.00836	0.02685	0.05722	0.63064	0.11058	0.02311	0.01975	0.00793	0.00607	0.00184	0.00474	0.00656	0.00715	0.00949
19	0.01347	0.01953	0.21660	0.02348	0.06614	0.01460	0.51910	0.01885	0.01356	0.01891	0.01158	0.01502	0.00862	0.00516	0.00658	0.00195	0.00951	0.00624	0.00286	0.00824
20	0.01621	0.69312	0.03008	0.01132	0.01627	0.08166	0.04931	0.01824	0.01249	0.01423	0.00850	0.00993	0.00767	0.00514	0.00409	0.00132	0.00686	0.00342	0.00260	0.00755
21	0.01639	0.00928	0.01139	0.00935	0.01255	0.00874	0.00746	0.13829	0.01810	0.25076	0.29709	0.03132	0.10149	0.00966	0.00635	0.00180	0.00421	0.00813	0.00640	0.05127
22	0.01272	0.07987	0.54590	0.01696	0.07640	0.01433	0.01882	0.03674	0.07707	0.01959	0.03890	0.01447	0.01039	0.00604	0.00560	0.00183	0.00782	0.00481	0.00307	0.00868
23	0.01379	0.01319	0.02247	0.21758	0.58062	0.01383	0.01773	0.01741	0.01306	0.01829	0.01097	0.01491	0.00900	0.00543	0.00587	0.00181	0.00724	0.00527	0.00285	0.00868
24	0.00897	0.00618	0.00810	0.00754	0.00904	0.00568	0.00568	0.01174	0.01675	0.04787	0.72822	0.04339	0.05445	0.01193	0.00694	0.00186	0.00286	0.01054	0.00654	0.00573

[dist]
# distance from previous block
# <min> <max>
0	130

# created by:
# /software/SequenceAnalysis/GenePrediction/augustus/3.0.1/scripts/msa2prfl.pl ./fixed/BUSCOvEOG7PG7F4.fas
