[name]
unknown

[dist]
# distance from previous block
# <min> <max>
22	414

[block]
# block no. 0 follows, 41 sequences, length 84
# corresponding to MSA columns:
# 552-635
name=unknown_A
#
# <colnr> <probs for GDERKNQSTAVLIFYWHMCP>
#	G	D	E	R	K	N	Q	S	T	A	V	L	I	F	Y	W	H	M	C	P
0	0.01797	0.00966	0.01217	0.00942	0.01367	0.00799	0.00752	0.03651	0.01425	0.35762	0.01837	0.10109	0.01445	0.00720	0.00537	0.00148	0.00453	0.00596	0.00538	0.34939
1	0.00874	0.00682	0.00920	0.01015	0.09094	0.00631	0.00664	0.01127	0.01546	0.02148	0.57016	0.04163	0.15622	0.01150	0.00670	0.00184	0.00324	0.01007	0.00582	0.00580
2	0.01418	0.02504	0.57125	0.01575	0.03841	0.01318	0.01840	0.05536	0.01334	0.11963	0.01213	0.01346	0.00852	0.00609	0.00630	0.00187	0.05055	0.00460	0.00328	0.00867
3	0.03834	0.02741	0.63020	0.01632	0.03489	0.04342	0.03733	0.07146	0.01341	0.01967	0.01061	0.01240	0.00763	0.00565	0.00550	0.00182	0.00830	0.00437	0.00279	0.00848
4	0.01407	0.01246	0.01514	0.01306	0.01648	0.01396	0.08919	0.02823	0.63355	0.02312	0.02249	0.02306	0.01741	0.00795	0.00610	0.00200	0.00518	0.04224	0.00553	0.00880
5	0.00850	0.00568	0.00637	0.00637	0.00638	0.00565	0.00355	0.00845	0.00844	0.01127	0.01818	0.03760	0.02093	0.79688	0.02912	0.00557	0.00560	0.00836	0.00352	0.00356
6	0.01390	0.06762	0.01886	0.47192	0.16131	0.08364	0.01483	0.01711	0.01262	0.06815	0.01104	0.01471	0.00846	0.00578	0.00559	0.00180	0.00748	0.00492	0.00300	0.00725
7	0.00840	0.00634	0.00705	0.00690	0.00873	0.00565	0.00514	0.01076	0.05044	0.04929	0.18860	0.12832	0.47596	0.01375	0.00680	0.00197	0.00313	0.01167	0.00566	0.00543
8	0.00844	0.00664	0.00767	0.00733	0.00908	0.00625	0.00550	0.01207	0.09544	0.02031	0.40906	0.06410	0.30159	0.01252	0.00674	0.00191	0.00305	0.01073	0.00592	0.00567
9	0.01270	0.01214	0.02105	0.20514	0.44437	0.01258	0.08180	0.01601	0.01258	0.01742	0.01314	0.10001	0.01200	0.00673	0.00603	0.00187	0.00692	0.00652	0.00310	0.00791
10	0.25082	0.30874	0.06707	0.00969	0.01383	0.03104	0.00898	0.01840	0.08290	0.05422	0.09256	0.01497	0.01355	0.00630	0.00449	0.00161	0.00534	0.00446	0.00379	0.00722
11	0.01673	0.01182	0.04001	0.01048	0.01404	0.01153	0.00869	0.30895	0.05260	0.14481	0.15871	0.02736	0.13839	0.02122	0.00650	0.00188	0.00492	0.00742	0.00588	0.00807
12	0.00724	0.00544	0.00684	0.00768	0.00850	0.00508	0.00535	0.00841	0.01139	0.01484	0.03648	0.52389	0.21616	0.01987	0.09117	0.00301	0.00459	0.01413	0.00512	0.00484
13	0.02072	0.01800	0.01759	0.01593	0.09911	0.17034	0.01164	0.49254	0.04852	0.02939	0.01292	0.01359	0.00961	0.00662	0.00568	0.00171	0.00715	0.00495	0.00490	0.00909
14	0.01493	0.40587	0.16277	0.01326	0.04506	0.01797	0.06342	0.09659	0.01369	0.01802	0.00978	0.01136	0.00803	0.00526	0.00465	0.00145	0.00670	0.00393	0.00300	0.09427
15	0.01392	0.55965	0.17488	0.01114	0.01632	0.01914	0.01182	0.01668	0.01156	0.01453	0.00940	0.01145	0.00825	0.00927	0.08843	0.00224	0.00764	0.00369	0.00257	0.00741
16	0.00840	0.00597	0.00742	0.00743	0.00867	0.00549	0.00546	0.01029	0.01392	0.03503	0.37869	0.14662	0.16868	0.09929	0.00941	0.00240	0.00346	0.07253	0.00566	0.00516
17	0.00830	0.00595	0.00762	0.00722	0.00843	0.00552	0.00527	0.01065	0.01543	0.02179	0.67735	0.04231	0.05039	0.09772	0.00926	0.00224	0.00307	0.01016	0.00604	0.00528
18	0.01365	0.01319	0.02222	0.05565	0.56071	0.02879	0.09303	0.01675	0.01268	0.01774	0.01175	0.01703	0.01038	0.09187	0.00840	0.00218	0.00712	0.00565	0.00296	0.00825
19	0.02182	0.01087	0.01320	0.01049	0.01439	0.01063	0.00851	0.20478	0.05499	0.43222	0.02049	0.05145	0.01442	0.00759	0.00570	0.00177	0.00496	0.00609	0.09655	0.00908
20	0.01439	0.01240	0.01305	0.01175	0.01499	0.01431	0.00912	0.03047	0.75101	0.02407	0.02342	0.02156	0.01760	0.00787	0.00589	0.00197	0.00459	0.00652	0.00587	0.00914
21	0.01379	0.01521	0.03192	0.02616	0.16146	0.01439	0.61058	0.01829	0.01352	0.01854	0.01160	0.01543	0.00891	0.00499	0.00663	0.00192	0.00918	0.00650	0.00294	0.00804
22	0.33745	0.01105	0.01195	0.00960	0.01371	0.01122	0.00790	0.10190	0.01507	0.40111	0.01614	0.01516	0.01077	0.00649	0.00497	0.00180	0.00491	0.00472	0.00562	0.00846
23	0.00924	0.00830	0.00803	0.00763	0.00938	0.08941	0.00571	0.01129	0.01513	0.01934	0.41737	0.04389	0.30962	0.01219	0.00665	0.00184	0.00367	0.01030	0.00562	0.00542
24	0.00838	0.00617	0.00883	0.00883	0.00970	0.00699	0.00662	0.01003	0.00917	0.01309	0.01592	0.02514	0.01551	0.16680	0.65180	0.00861	0.01375	0.00654	0.00319	0.00493
25	0.01304	0.01293	0.02458	0.07535	0.06124	0.01268	0.41731	0.09518	0.01436	0.01938	0.01602	0.17901	0.01502	0.00799	0.00670	0.00201	0.00771	0.00842	0.00374	0.00735
26	0.00876	0.00566	0.00627	0.00627	0.00643	0.00563	0.00361	0.00900	0.00884	0.01238	0.01825	0.03584	0.02026	0.71041	0.02638	0.00511	0.00529	0.00804	0.09382	0.00377
27	0.01321	0.18618	0.49697	0.01704	0.10304	0.05321	0.01795	0.01820	0.01240	0.01717	0.00995	0.01186	0.00764	0.00543	0.00516	0.00169	0.00794	0.00411	0.00256	0.00829
28	0.00716	0.00511	0.00677	0.00809	0.00843	0.00476	0.00539	0.00810	0.01106	0.01477	0.03164	0.79331	0.03792	0.01800	0.00737	0.00235	0.00338	0.01628	0.00536	0.00474
29	0.02118	0.01575	0.01889	0.01431	0.01902	0.01699	0.09067	0.62749	0.02498	0.07055	0.01410	0.01444	0.01000	0.00677	0.00591	0.00177	0.00664	0.00541	0.00553	0.00959
30	0.74801	0.01172	0.00949	0.00826	0.01192	0.01346	0.00678	0.09632	0.01172	0.02693	0.00878	0.01003	0.00675	0.00560	0.00386	0.00180	0.00469	0.00338	0.00384	0.00667
31	0.04436	0.11327	0.64177	0.01572	0.03801	0.01438	0.01927	0.01805	0.01206	0.01807	0.01011	0.01193	0.00742	0.00548	0.00525	0.00177	0.00806	0.00413	0.00253	0.00834
32	0.01450	0.41714	0.15838	0.01268	0.01689	0.07033	0.01264	0.01698	0.01142	0.01457	0.00850	0.01084	0.00754	0.00643	0.00785	0.00169	0.19792	0.00385	0.00255	0.00731
33	0.48569	0.01196	0.01159	0.01043	0.04496	0.01321	0.00804	0.12758	0.08840	0.12918	0.01268	0.01302	0.00925	0.00614	0.00457	0.00181	0.00493	0.00425	0.00461	0.00771
34	0.83725	0.01118	0.00854	0.00765	0.01119	0.01292	0.00627	0.01693	0.00985	0.02580	0.00815	0.00954	0.00637	0.00543	0.00362	0.00180	0.00449	0.00316	0.00360	0.00629
35	0.01454	0.01312	0.01269	0.01142	0.01435	0.09609	0.00880	0.07606	0.48841	0.02318	0.11003	0.05574	0.03310	0.00861	0.00600	0.00190	0.00505	0.00709	0.00558	0.00823
36	0.01011	0.00510	0.00758	0.00757	0.00759	0.00508	0.00505	0.00759	0.00757	0.01011	0.01011	0.01761	0.01010	0.01995	0.02238	0.83129	0.00503	0.00502	0.00255	0.00259
37	0.00847	0.00581	0.00704	0.00703	0.00727	0.00601	0.00438	0.00888	0.00863	0.01176	0.01757	0.03425	0.01947	0.62726	0.19675	0.00639	0.00780	0.00787	0.00343	0.00393
38	0.00735	0.00529	0.00695	0.00810	0.00863	0.00492	0.00558	0.00852	0.01162	0.01552	0.08357	0.67570	0.06306	0.01733	0.00735	0.00232	0.00343	0.05449	0.00543	0.00483
39	0.01546	0.80033	0.03004	0.00990	0.01480	0.02269	0.00985	0.01724	0.01173	0.01363	0.00813	0.00943	0.00751	0.00501	0.00375	0.00126	0.00617	0.00312	0.00251	0.00743
40	0.00716	0.00511	0.00677	0.00809	0.00843	0.00476	0.00539	0.00810	0.01106	0.01477	0.03164	0.79331	0.03792	0.01800	0.00737	0.00235	0.00338	0.01628	0.00536	0.00474
41	0.01432	0.01370	0.02330	0.03515	0.76133	0.01368	0.01760	0.01767	0.01313	0.01884	0.01093	0.01439	0.00922	0.00521	0.00574	0.00173	0.00685	0.00515	0.00289	0.00914
42	0.02067	0.01999	0.01780	0.01452	0.01849	0.29748	0.06220	0.37711	0.07067	0.02595	0.01258	0.01334	0.00946	0.00654	0.00567	0.00169	0.00795	0.00486	0.00456	0.00848
43	0.25523	0.05377	0.05961	0.03681	0.37603	0.05228	0.02405	0.04401	0.01269	0.02090	0.00996	0.01245	0.00811	0.00540	0.00500	0.00173	0.00643	0.00438	0.00316	0.00802
44	0.48211	0.01205	0.01237	0.01200	0.09496	0.01308	0.00863	0.13718	0.01408	0.14704	0.01176	0.01245	0.00855	0.00594	0.00457	0.00179	0.00512	0.00414	0.00445	0.00775
45	0.83725	0.01118	0.00854	0.00765	0.01119	0.01292	0.00627	0.01693	0.00985	0.02580	0.00815	0.00954	0.00637	0.00543	0.00362	0.00180	0.00449	0.00316	0.00360	0.00629
46	0.10920	0.01967	0.01523	0.01401	0.05329	0.36897	0.01036	0.22058	0.01785	0.02181	0.01213	0.06695	0.01046	0.00796	0.02502	0.00187	0.00806	0.00510	0.00400	0.00747
47	0.01461	0.00766	0.00996	0.00856	0.01109	0.00701	0.00669	0.01781	0.05661	0.27798	0.45413	0.03394	0.04966	0.01004	0.00643	0.00183	0.00361	0.00863	0.00657	0.00717
48	0.83725	0.01118	0.00854	0.00765	0.01119	0.01292	0.00627	0.01693	0.00985	0.02580	0.00815	0.00954	0.00637	0.00543	0.00362	0.00180	0.00449	0.00316	0.00360	0.00629
49	0.01321	0.01186	0.01674	0.03052	0.01684	0.05029	0.14279	0.13743	0.05405	0.01878	0.01370	0.01871	0.01186	0.06439	0.26925	0.00463	0.10850	0.00599	0.00363	0.00682
50	0.83725	0.01118	0.00854	0.00765	0.01119	0.01292	0.00627	0.01693	0.00985	0.02580	0.00815	0.00954	0.00637	0.00543	0.00362	0.00180	0.00449	0.00316	0.00360	0.00629
51	0.01275	0.02449	0.56191	0.01692	0.06479	0.01248	0.06781	0.01827	0.01260	0.07756	0.01302	0.06818	0.01031	0.00650	0.00577	0.00188	0.00785	0.00547	0.00311	0.00836
52	0.01321	0.01051	0.01228	0.00888	0.01391	0.00820	0.00712	0.04621	0.01285	0.06049	0.01117	0.01260	0.00900	0.00462	0.00446	0.00097	0.00442	0.00365	0.00375	0.75168
53	0.01766	0.01339	0.01482	0.01120	0.01589	0.01325	0.00911	0.41663	0.02032	0.04393	0.01303	0.03031	0.01009	0.00616	0.00523	0.00141	0.00542	0.00475	0.00485	0.34254
54	0.04341	0.35276	0.06352	0.01052	0.01468	0.03723	0.00967	0.07004	0.09493	0.09826	0.12236	0.01735	0.01631	0.00685	0.00518	0.00159	0.01829	0.00511	0.00421	0.00774
55	0.01363	0.01380	0.05293	0.16913	0.29620	0.01321	0.22067	0.01743	0.01289	0.04497	0.01136	0.01488	0.00889	0.00537	0.00619	0.00180	0.02208	0.00548	0.00303	0.06606
56	0.02336	0.00956	0.01282	0.00992	0.01414	0.00820	0.00811	0.02558	0.01614	0.65050	0.08361	0.02110	0.01724	0.00738	0.00580	0.00174	0.00470	0.00602	0.00680	0.06726
57	0.01546	0.80033	0.03004	0.00990	0.01480	0.02269	0.00985	0.01724	0.01173	0.01363	0.00813	0.00943	0.00751	0.00501	0.00375	0.00126	0.00617	0.00312	0.00251	0.00743
58	0.00828	0.00598	0.00778	0.00732	0.00868	0.00551	0.00548	0.01092	0.01629	0.02308	0.75837	0.04288	0.05401	0.01179	0.00682	0.00183	0.00276	0.01038	0.00635	0.00549
59	0.00824	0.00598	0.00771	0.00727	0.00866	0.00549	0.00544	0.01084	0.01618	0.02283	0.73478	0.04330	0.07775	0.01189	0.00682	0.00184	0.00277	0.01044	0.00631	0.00547
60	0.00940	0.00672	0.00934	0.01065	0.01198	0.00669	0.00929	0.01198	0.01327	0.01728	0.03040	0.06462	0.03302	0.01589	0.00797	0.00266	0.00533	0.72285	0.00532	0.00536
61	0.02014	0.01543	0.01614	0.01333	0.03974	0.05788	0.01049	0.52985	0.10595	0.06294	0.01740	0.01715	0.05189	0.00740	0.00583	0.00177	0.00614	0.00567	0.00558	0.00927
62	0.00940	0.00672	0.00934	0.01065	0.01198	0.00669	0.00929	0.01198	0.01327	0.01728	0.03040	0.06462	0.03302	0.01589	0.00797	0.00266	0.00533	0.72285	0.00532	0.00536
63	0.01863	0.32671	0.02173	0.01166	0.01622	0.01904	0.01022	0.35081	0.10158	0.05047	0.01297	0.01321	0.00996	0.00631	0.00500	0.00158	0.00603	0.00454	0.00454	0.00879
64	0.01815	0.01408	0.01503	0.01243	0.01632	0.01581	0.00996	0.36273	0.39624	0.04661	0.01896	0.01797	0.01393	0.00744	0.00585	0.00186	0.00542	0.00589	0.00586	0.00947
65	0.16899	0.29621	0.15203	0.01121	0.01638	0.01670	0.01119	0.13275	0.01445	0.11435	0.01127	0.01196	0.00851	0.00577	0.00462	0.00161	0.00614	0.00400	0.00380	0.00809
66	0.01487	0.74440	0.02840	0.00978	0.01435	0.02143	0.00954	0.01660	0.01168	0.01371	0.00979	0.06456	0.00965	0.00593	0.00400	0.00133	0.00598	0.00405	0.00271	0.00724
67	0.00850	0.00568	0.00637	0.00637	0.00638	0.00565	0.00355	0.00845	0.00844	0.01127	0.01818	0.03760	0.02093	0.79688	0.02912	0.00557	0.00560	0.00836	0.00352	0.00356
68	0.01033	0.00768	0.00914	0.00819	0.01016	0.00756	0.00629	0.11648	0.04617	0.02418	0.54606	0.03924	0.12341	0.01125	0.00664	0.00184	0.00337	0.00968	0.00614	0.00619
69	0.01409	0.01346	0.02288	0.08777	0.71056	0.01361	0.01748	0.01746	0.01302	0.01856	0.01089	0.01447	0.00912	0.00526	0.00574	0.00175	0.00691	0.00515	0.00287	0.00895
70	0.00940	0.00672	0.00934	0.01065	0.01198	0.00669	0.00929	0.01198	0.01327	0.01728	0.03040	0.06462	0.03302	0.01589	0.00797	0.00266	0.00533	0.72285	0.00532	0.00536
71	0.00850	0.00568	0.00637	0.00637	0.00638	0.00565	0.00355	0.00845	0.00844	0.01127	0.01818	0.03760	0.02093	0.79688	0.02912	0.00557	0.00560	0.00836	0.00352	0.00356
72	0.06119	0.01407	0.01569	0.06651	0.01819	0.01544	0.01046	0.45376	0.12914	0.13187	0.01595	0.01574	0.01129	0.00698	0.00571	0.00180	0.00590	0.00537	0.00564	0.00930
73	0.83725	0.01118	0.00854	0.00765	0.01119	0.01292	0.00627	0.01693	0.00985	0.02580	0.00815	0.00954	0.00637	0.00543	0.00362	0.00180	0.00449	0.00316	0.00360	0.00629
74	0.01455	0.01463	0.07574	0.03166	0.61945	0.01335	0.06780	0.01821	0.01317	0.05958	0.01143	0.01439	0.00919	0.00521	0.00573	0.00173	0.00700	0.00519	0.00304	0.00896
75	0.00726	0.00519	0.00697	0.00830	0.00876	0.00490	0.00582	0.00847	0.01124	0.01493	0.03136	0.69985	0.03719	0.01764	0.00738	0.00236	0.00357	0.10876	0.00530	0.00473
76	0.01416	0.01359	0.02322	0.03511	0.76330	0.01359	0.01755	0.01755	0.01302	0.01869	0.01076	0.01416	0.00906	0.00510	0.00566	0.00170	0.00680	0.00510	0.00283	0.00906
77	0.01186	0.01017	0.01186	0.00847	0.01356	0.00762	0.00678	0.01440	0.01186	0.01864	0.01017	0.01186	0.00847	0.00424	0.00424	0.00085	0.00424	0.00339	0.00339	0.83395
78	0.01464	0.01249	0.01317	0.01172	0.01503	0.01442	0.00915	0.06945	0.71324	0.02459	0.02276	0.02092	0.01704	0.00771	0.00581	0.00193	0.00462	0.00639	0.00581	0.00909
79	0.00911	0.00654	0.00907	0.01031	0.01165	0.00650	0.00898	0.01171	0.01322	0.01717	0.04480	0.06380	0.05774	0.01568	0.00784	0.00259	0.00514	0.68759	0.00529	0.00525
80	0.02515	0.00958	0.01308	0.01009	0.01437	0.00829	0.00829	0.02721	0.01608	0.74247	0.02215	0.01940	0.01402	0.00750	0.00630	0.02900	0.00487	0.00573	0.00693	0.00950
81	0.00846	0.00577	0.00661	0.00653	0.00653	0.00594	0.00376	0.00850	0.00833	0.01118	0.01768	0.03662	0.02036	0.77315	0.02877	0.00545	0.03118	0.00821	0.00343	0.00356
82	0.00949	0.00685	0.00929	0.01036	0.01182	0.00685	0.00900	0.03563	0.01361	0.01765	0.03126	0.06234	0.07199	0.01544	0.00777	0.00257	0.00517	0.66225	0.00528	0.00539
83	0.02056	0.01526	0.01632	0.01274	0.01706	0.01695	0.01045	0.64243	0.10561	0.03424	0.01494	0.01481	0.01073	0.00696	0.00568	0.00173	0.00598	0.00530	0.03274	0.00951

[dist]
# distance from previous block
# <min> <max>
3	27

# created by:
# /software/SequenceAnalysis/GenePrediction/augustus/3.0.1/scripts/msa2prfl.pl ./fixed/BUSCOvEOG7MPK4C.fas
