[name]
unknown

[dist]
# distance from previous block
# <min> <max>
0	274

[block]
# block no. 0 follows, 41 sequences, length 12
# corresponding to MSA columns:
# 281-292
name=unknown_A
#
# <colnr> <probs for GDERKNQSTAVLIFYWHMCP>
#	G	D	E	R	K	N	Q	S	T	A	V	L	I	F	Y	W	H	M	C	P
0	0.00922	0.00658	0.00922	0.01053	0.01185	0.00658	0.00922	0.01185	0.01317	0.01712	0.03029	0.06452	0.03292	0.01580	0.00790	0.00263	0.00527	0.72480	0.00527	0.00527
1	0.01423	0.01229	0.01293	0.01164	0.01487	0.01423	0.00905	0.03039	0.75297	0.02393	0.02328	0.02134	0.01746	0.00776	0.00582	0.00194	0.00453	0.00647	0.00582	0.00905
2	0.00832	0.00555	0.00624	0.00624	0.00624	0.00555	0.00347	0.00832	0.00832	0.01109	0.01802	0.03743	0.02080	0.79898	0.02911	0.00555	0.00555	0.00832	0.00347	0.00347
3	0.00714	0.00505	0.00659	0.00775	0.00804	0.00476	0.00508	0.00801	0.01062	0.01417	0.02985	0.70115	0.03572	0.11491	0.01001	0.00272	0.00360	0.01527	0.00508	0.00450
4	0.02139	0.02653	0.01627	0.01463	0.01769	0.72673	0.01104	0.06973	0.01690	0.01543	0.00916	0.01054	0.00752	0.00596	0.00519	0.00149	0.01005	0.00378	0.00313	0.00683
5	0.00799	0.00584	0.00750	0.00708	0.00848	0.00535	0.00531	0.01059	0.01594	0.02234	0.70407	0.04371	0.11056	0.01192	0.00675	0.00181	0.00271	0.01048	0.00622	0.00535
6	0.00696	0.00503	0.00659	0.00783	0.00826	0.00466	0.00525	0.00798	0.01108	0.01465	0.03312	0.75063	0.08142	0.01771	0.00727	0.00230	0.00329	0.01601	0.00531	0.00466
7	0.02145	0.02466	0.01643	0.01437	0.01770	0.60085	0.01101	0.18948	0.01868	0.01909	0.00997	0.01110	0.00791	0.00612	0.00529	0.00153	0.00939	0.00402	0.00359	0.00735
8	0.00832	0.00555	0.00624	0.00624	0.00624	0.00555	0.00347	0.00832	0.00832	0.01109	0.01802	0.03743	0.02080	0.79898	0.02911	0.00555	0.00555	0.00832	0.00347	0.00347
9	0.83938	0.01106	0.00841	0.00752	0.01106	0.01283	0.00619	0.01681	0.00973	0.02566	0.00796	0.00929	0.00619	0.00531	0.00354	0.00177	0.00442	0.00310	0.00354	0.00619
10	0.01529	0.80242	0.02997	0.00979	0.01468	0.02263	0.00979	0.01713	0.01162	0.01346	0.00795	0.00918	0.00734	0.00489	0.00367	0.00122	0.00612	0.00306	0.00245	0.00734
11	0.01350	0.01543	0.03375	0.02411	0.02989	0.01446	0.74253	0.01832	0.01350	0.01832	0.01157	0.01543	0.00868	0.00482	0.00675	0.00193	0.00964	0.00675	0.00289	0.00771

[dist]
# distance from previous block
# <min> <max>
1	267

# created by:
# /software/SequenceAnalysis/GenePrediction/augustus/3.0.1/scripts/msa2prfl.pl ./fixed/BUSCOvEOG766X0W.fas
