[name]
unknown

[dist]
# distance from previous block
# <min> <max>
3	72

[block]
# block no. 0 follows, 40 sequences, length 47
# corresponding to MSA columns:
# 93-139
name=unknown_A
#
# <colnr> <probs for GDERKNQSTAVLIFYWHMCP>
#	G	D	E	R	K	N	Q	S	T	A	V	L	I	F	Y	W	H	M	C	P
0	0.01601	0.01256	0.02050	0.02877	0.56396	0.01225	0.01507	0.01903	0.01352	0.14770	0.01343	0.01663	0.01078	0.05118	0.00711	0.00194	0.00642	0.00543	0.00368	0.03404
1	0.01208	0.00698	0.00916	0.00804	0.01024	0.00622	0.00619	0.01466	0.01608	0.17476	0.54055	0.05957	0.04339	0.01068	0.00652	0.00178	0.00331	0.00933	0.00636	0.05408
2	0.00823	0.00594	0.00777	0.00732	0.00869	0.00549	0.00549	0.01097	0.01646	0.02332	0.75629	0.04344	0.05487	0.01189	0.00686	0.00183	0.00274	0.01052	0.00640	0.00549
3	0.01587	0.01468	0.03070	0.02205	0.02769	0.01364	0.61163	0.02031	0.01423	0.14784	0.01370	0.01640	0.00979	0.00530	0.00669	0.00193	0.00896	0.00669	0.00368	0.00820
4	0.04891	0.01397	0.01568	0.01237	0.01654	0.03988	0.03770	0.38586	0.10348	0.17877	0.04859	0.01731	0.01353	0.00716	0.00577	0.00177	0.00583	0.00568	0.03201	0.00917
5	0.01047	0.00596	0.00801	0.00858	0.00968	0.00546	0.00609	0.01175	0.01217	0.14481	0.03042	0.63146	0.03410	0.01623	0.00717	0.00228	0.00372	0.04028	0.00571	0.00564
6	0.01215	0.02703	0.63497	0.01575	0.02343	0.01367	0.01935	0.02058	0.14007	0.01944	0.01273	0.01391	0.00917	0.00594	0.00559	0.00186	0.00790	0.00469	0.00306	0.00870
7	0.15651	0.01492	0.02984	0.02158	0.02707	0.01442	0.61124	0.01836	0.01306	0.01992	0.01113	0.01460	0.00839	0.00499	0.00630	0.00193	0.00888	0.00622	0.00306	0.00758
8	0.01483	0.01103	0.01226	0.01087	0.01397	0.01217	0.00848	0.02712	0.53070	0.11608	0.15069	0.02523	0.02377	0.00850	0.00607	0.00193	0.00432	0.00717	0.00616	0.00865
9	0.02284	0.01323	0.14373	0.01130	0.01638	0.00928	0.01066	0.02589	0.01588	0.60310	0.05152	0.01948	0.01487	0.00710	0.00583	0.00181	0.00549	0.00577	0.00634	0.00949
10	0.01104	0.01034	0.01713	0.73698	0.03853	0.01262	0.01561	0.01485	0.01165	0.01509	0.01034	0.01530	0.00780	0.00573	0.00573	0.00188	0.00755	0.00507	0.00263	0.05412
11	0.01166	0.03008	0.76550	0.01657	0.02517	0.01351	0.02149	0.01842	0.01228	0.01842	0.01044	0.01228	0.00737	0.00552	0.00552	0.00184	0.00859	0.00430	0.00246	0.00859
12	0.00826	0.00706	0.00725	0.00706	0.00923	0.00662	0.00539	0.01236	0.14088	0.01725	0.05201	0.05029	0.60855	0.01358	0.00674	0.00199	0.00330	0.03104	0.00549	0.00567
13	0.01038	0.00590	0.00792	0.00849	0.00955	0.00539	0.00594	0.01161	0.01209	0.14472	0.03047	0.65789	0.03429	0.01631	0.00715	0.00226	0.00365	0.01468	0.00571	0.00562
14	0.01404	0.01213	0.01275	0.01151	0.01472	0.01394	0.00894	0.02966	0.70823	0.02385	0.02561	0.02359	0.05857	0.00827	0.00597	0.00197	0.00451	0.00689	0.00589	0.00897
15	0.00818	0.00553	0.00695	0.00749	0.00842	0.00513	0.00525	0.00991	0.01246	0.01796	0.17881	0.47059	0.03652	0.01434	0.00659	0.00201	0.00317	0.01281	0.14823	0.03965
16	0.00713	0.00509	0.00678	0.00807	0.00844	0.00475	0.00540	0.00820	0.01133	0.01515	0.05840	0.76460	0.03906	0.01799	0.00740	0.00234	0.00335	0.01631	0.00543	0.00475
17	0.01310	0.01384	0.02967	0.02157	0.02643	0.01303	0.61103	0.01671	0.01266	0.01715	0.01148	0.01603	0.00905	0.00756	0.00962	0.14577	0.00898	0.00655	0.00287	0.00692
18	0.52262	0.01138	0.01027	0.00879	0.01222	0.01278	0.00715	0.16719	0.01468	0.02782	0.13913	0.01629	0.01548	0.00686	0.00463	0.00179	0.00459	0.00486	0.00455	0.00691
19	0.00792	0.00593	0.00734	0.00699	0.00850	0.00535	0.00524	0.01037	0.01572	0.02156	0.59499	0.04634	0.21726	0.01255	0.00686	0.00186	0.00279	0.01092	0.00617	0.00535
20	0.01301	0.01291	0.01882	0.01881	0.14437	0.01712	0.01361	0.01466	0.00966	0.01486	0.00821	0.01301	0.00791	0.00931	0.01677	0.00240	0.64999	0.00511	0.00260	0.00686
21	0.01373	0.01569	0.03431	0.02451	0.03039	0.01471	0.73824	0.01863	0.01373	0.01863	0.01176	0.01569	0.00882	0.00490	0.00686	0.00196	0.00980	0.00686	0.00294	0.00784
22	0.44938	0.01527	0.18236	0.00996	0.01488	0.01209	0.00992	0.01747	0.04275	0.02293	0.01002	0.01145	0.00769	0.00540	0.00427	0.00165	0.00535	0.00368	0.02965	0.14383
23	0.02072	0.01073	0.01316	0.01077	0.01446	0.01057	0.00862	0.18106	0.09344	0.39811	0.02263	0.15266	0.01793	0.00913	0.00612	0.00190	0.00496	0.00764	0.00645	0.00893
24	0.69298	0.01038	0.00869	0.00794	0.01110	0.01204	0.00647	0.01593	0.00980	0.02391	0.00939	0.01177	0.00773	0.01203	0.13702	0.00311	0.00642	0.00368	0.00351	0.00611
25	0.00874	0.00554	0.00656	0.00656	0.00656	0.00554	0.00379	0.00830	0.00830	0.01107	0.01690	0.03452	0.01923	0.66109	0.02841	0.14880	0.00554	0.00787	0.00335	0.00335
26	0.01583	0.01640	0.03212	0.02833	0.22396	0.01542	0.52540	0.01965	0.01478	0.02049	0.01349	0.01799	0.01081	0.00633	0.00737	0.00226	0.00956	0.00699	0.00361	0.00919
27	0.01381	0.56039	0.12288	0.01019	0.01478	0.01875	0.01035	0.01599	0.01129	0.01389	0.01017	0.01470	0.00982	0.14223	0.00845	0.00208	0.00643	0.00419	0.00266	0.00693
28	0.00711	0.00590	0.00622	0.00614	0.00800	0.00501	0.00460	0.00880	0.01381	0.01703	0.17991	0.05379	0.63518	0.01423	0.00687	0.00194	0.00291	0.01197	0.00557	0.00501
29	0.01264	0.01068	0.01237	0.00889	0.01403	0.00835	0.00713	0.05655	0.01294	0.01997	0.01055	0.01217	0.00869	0.00446	0.00439	0.00091	0.00443	0.00355	0.00358	0.78372
30	0.01576	0.01352	0.02118	0.02931	0.56271	0.01373	0.01560	0.11070	0.04367	0.06274	0.04463	0.01617	0.01188	0.00592	0.00582	0.00175	0.00647	0.00551	0.00376	0.00917
31	0.01226	0.01164	0.01975	0.50167	0.31003	0.01326	0.01679	0.01598	0.01223	0.01641	0.01056	0.01509	0.00830	0.00558	0.00579	0.00186	0.00744	0.00517	0.00269	0.00749
32	0.01090	0.00565	0.00581	0.00573	0.00705	0.00581	0.00434	0.01356	0.01209	0.02144	0.01861	0.02140	0.01467	0.00688	0.00454	0.00139	0.02761	0.00541	0.80165	0.00545
33	0.01030	0.00684	0.01060	0.01016	0.01164	0.00630	0.08454	0.01189	0.01214	0.11362	0.02867	0.60699	0.03211	0.01534	0.00716	0.00224	0.00427	0.01409	0.00537	0.00574
34	0.01387	0.01322	0.02247	0.05929	0.69367	0.01328	0.01710	0.01721	0.01307	0.01863	0.01208	0.05736	0.01078	0.00592	0.00585	0.00177	0.00674	0.00581	0.00301	0.00887
35	0.02609	0.00990	0.01350	0.01035	0.01484	0.00855	0.00855	0.02834	0.01664	0.76338	0.02294	0.01979	0.01439	0.00720	0.00585	0.00180	0.00495	0.00585	0.00720	0.00990
36	0.01110	0.01056	0.01815	0.74991	0.03965	0.01299	0.04642	0.01502	0.01172	0.01502	0.01040	0.01551	0.00780	0.00578	0.00586	0.00194	0.00784	0.00524	0.00260	0.00652
37	0.01166	0.03008	0.76550	0.01657	0.02517	0.01351	0.02149	0.01842	0.01228	0.01842	0.01044	0.01228	0.00737	0.00552	0.00552	0.00184	0.00859	0.00430	0.00246	0.00859
38	0.01168	0.01123	0.01571	0.01392	0.01406	0.01526	0.01142	0.01301	0.00938	0.01421	0.01198	0.11453	0.01286	0.01287	0.04968	0.00282	0.62214	0.03411	0.00304	0.00606
39	0.00845	0.00567	0.00651	0.00651	0.00657	0.00573	0.00373	0.00856	0.00851	0.01140	0.01817	0.03722	0.02078	0.75411	0.07062	0.00584	0.00619	0.00833	0.00350	0.00362
40	0.62626	0.03458	0.00922	0.00769	0.01102	0.01238	0.00632	0.05943	0.01137	0.02561	0.01025	0.01174	0.00798	0.00571	0.00381	0.00171	0.00437	0.00365	0.14051	0.00640
41	0.01435	0.01227	0.01291	0.01156	0.01482	0.01406	0.00901	0.05932	0.67610	0.02434	0.02530	0.02335	0.06014	0.00825	0.00597	0.00196	0.00458	0.00685	0.00588	0.00898
42	0.00823	0.00594	0.00777	0.00732	0.00869	0.00549	0.00549	0.01097	0.01646	0.02332	0.75629	0.04344	0.05487	0.01189	0.00686	0.00183	0.00274	0.01052	0.00640	0.00549
43	0.01322	0.01262	0.02148	0.29295	0.51129	0.01351	0.01726	0.01682	0.01268	0.01757	0.01073	0.01478	0.00871	0.00540	0.00578	0.00180	0.00720	0.00518	0.00278	0.00826
44	0.01569	0.01304	0.01347	0.01193	0.01533	0.04048	0.00932	0.06108	0.65199	0.06532	0.02270	0.02087	0.01687	0.00775	0.00589	0.00194	0.00490	0.00638	0.00588	0.00919
45	0.01295	0.01339	0.02153	0.01735	0.01868	0.01711	0.17632	0.01504	0.00999	0.01504	0.00857	0.01339	0.00790	0.00899	0.01633	0.00241	0.61019	0.00549	0.00263	0.00670
46	0.00749	0.00545	0.00712	0.00833	0.00889	0.00520	0.00576	0.00916	0.03684	0.01537	0.03251	0.69410	0.05979	0.01761	0.00739	0.00236	0.00353	0.06277	0.00541	0.00493

[dist]
# distance from previous block
# <min> <max>
0	7

[block]
# block no. 1 follows, 40 sequences, length 20
# corresponding to MSA columns:
# 147-166
name=unknown_B
#
# <colnr> <probs for GDERKNQSTAVLIFYWHMCP>
#	G	D	E	R	K	N	Q	S	T	A	V	L	I	F	Y	W	H	M	C	P
0	0.08083	0.01170	0.03916	0.01110	0.01485	0.01174	0.00921	0.02709	0.36467	0.27062	0.02232	0.02319	0.01660	0.00802	0.00587	0.00195	0.00491	0.06127	0.00600	0.00889
1	0.02010	0.04244	0.10619	0.01316	0.01812	0.01630	0.01179	0.47458	0.11186	0.10306	0.01541	0.01512	0.01091	0.00687	0.00573	0.00177	0.00629	0.00528	0.00545	0.00957
2	0.00724	0.00517	0.00692	0.00827	0.00867	0.00485	0.00566	0.00836	0.01128	0.01501	0.03197	0.74375	0.03813	0.01808	0.00746	0.00238	0.00350	0.06313	0.00540	0.00477
3	0.01433	0.01400	0.02465	0.03460	0.68831	0.01390	0.08806	0.01792	0.01329	0.01896	0.01102	0.01452	0.00917	0.00515	0.00586	0.00175	0.00719	0.00535	0.00288	0.00908
4	0.01416	0.01223	0.01286	0.01160	0.01483	0.01409	0.00902	0.03001	0.71982	0.02399	0.02506	0.02305	0.04693	0.00816	0.00595	0.00197	0.00454	0.00680	0.00590	0.00903
5	0.01439	0.01382	0.02360	0.03569	0.75936	0.01382	0.01785	0.01785	0.01324	0.01900	0.01094	0.01439	0.00921	0.00518	0.00576	0.00173	0.00691	0.00518	0.00288	0.00921
6	0.00926	0.00627	0.00700	0.00676	0.00703	0.00637	0.00397	0.05164	0.00957	0.01277	0.01807	0.03663	0.02048	0.74908	0.02819	0.00541	0.00568	0.00827	0.00366	0.00390
7	0.01206	0.01034	0.01206	0.00861	0.01378	0.00775	0.00689	0.01464	0.01206	0.01895	0.01034	0.01206	0.00861	0.00431	0.00431	0.00086	0.00431	0.00345	0.00345	0.83118
8	0.12108	0.01058	0.03903	0.01011	0.01416	0.00952	0.00854	0.02484	0.08693	0.48732	0.08908	0.02181	0.01773	0.00765	0.00572	0.00184	0.00480	0.02410	0.00634	0.00882
9	0.01227	0.15087	0.65006	0.01553	0.02356	0.01500	0.01967	0.01826	0.01220	0.01767	0.01007	0.01181	0.00738	0.00544	0.00524	0.00175	0.00822	0.00411	0.00246	0.00842
10	0.01350	0.01501	0.03099	0.02245	0.02757	0.01467	0.60671	0.01783	0.01304	0.01808	0.01118	0.01511	0.00867	0.00551	0.00820	0.00197	0.10388	0.00645	0.00292	0.05626
11	0.00831	0.00623	0.00935	0.00935	0.01038	0.00727	0.00727	0.01038	0.00935	0.01350	0.01558	0.02285	0.01454	0.04361	0.77259	0.00935	0.01558	0.00623	0.00312	0.00519
12	0.00831	0.00623	0.00935	0.00935	0.01038	0.00727	0.00727	0.01038	0.00935	0.01350	0.01558	0.02285	0.01454	0.04361	0.77259	0.00935	0.01558	0.00623	0.00312	0.00519
13	0.01154	0.01091	0.01845	0.65955	0.15779	0.01307	0.01643	0.01535	0.01189	0.01554	0.01043	0.01532	0.00799	0.00571	0.00580	0.00190	0.00761	0.00517	0.00263	0.00691
14	0.00845	0.00567	0.00650	0.00650	0.00656	0.00572	0.00372	0.00856	0.00850	0.01139	0.01818	0.03724	0.02079	0.75546	0.06929	0.00584	0.00617	0.00834	0.00350	0.00361
15	0.01266	0.01504	0.10999	0.01606	0.01751	0.01708	0.06337	0.01485	0.00965	0.01485	0.00826	0.01287	0.00768	0.00925	0.01660	0.00242	0.63746	0.00511	0.00256	0.00673
16	0.01238	0.10289	0.60224	0.01535	0.02295	0.01455	0.01887	0.01984	0.10193	0.01867	0.01182	0.01314	0.00864	0.00576	0.00540	0.00180	0.00788	0.00446	0.00288	0.00856
17	0.01180	0.01147	0.01704	0.01444	0.01505	0.01486	0.08166	0.01325	0.00952	0.01419	0.01151	0.08550	0.01214	0.10603	0.01813	0.00285	0.54490	0.00669	0.00296	0.00601
18	0.00994	0.00554	0.00844	0.05905	0.01007	0.00584	0.00606	0.00840	0.00806	0.01083	0.01078	0.01816	0.01049	0.02210	0.11292	0.67589	0.00651	0.00520	0.00260	0.00311
19	0.01098	0.01034	0.01744	0.78165	0.04005	0.01292	0.01615	0.01486	0.01163	0.01486	0.01034	0.01550	0.00775	0.00581	0.00581	0.00194	0.00775	0.00517	0.00258	0.00646

[dist]
# distance from previous block
# <min> <max>
0	1

[block]
# block no. 2 follows, 40 sequences, length 25
# corresponding to MSA columns:
# 168-192
name=unknown_C
#
# <colnr> <probs for GDERKNQSTAVLIFYWHMCP>
#	G	D	E	R	K	N	Q	S	T	A	V	L	I	F	Y	W	H	M	C	P
0	0.00841	0.00584	0.00734	0.00734	0.00769	0.00618	0.00477	0.00910	0.00875	0.01202	0.01741	0.03299	0.01894	0.54506	0.27716	0.00687	0.00895	0.00771	0.00339	0.00408
1	0.01418	0.00726	0.00968	0.00833	0.01074	0.00651	0.00651	0.01676	0.01652	0.26991	0.51194	0.03556	0.04138	0.01033	0.00652	0.00182	0.00348	0.00896	0.00667	0.00696
2	0.01209	0.00880	0.01031	0.00986	0.01163	0.00916	0.00728	0.25195	0.01653	0.02211	0.02602	0.53265	0.02894	0.01447	0.00689	0.00216	0.00438	0.01277	0.00554	0.00644
3	0.01785	0.01376	0.02738	0.01979	0.02521	0.01265	0.49511	0.02186	0.01470	0.26678	0.01549	0.01705	0.01068	0.00567	0.00652	0.00191	0.00819	0.00652	0.00436	0.00853
4	0.01133	0.00996	0.01473	0.46453	0.02875	0.01062	0.01214	0.01469	0.01181	0.01674	0.01100	0.01483	0.00859	0.00539	0.00518	0.00153	0.00622	0.00461	0.06619	0.28117
5	0.01342	0.00667	0.00900	0.00885	0.01057	0.00600	0.00645	0.01484	0.01297	0.26425	0.02902	0.53459	0.03044	0.01455	0.00690	0.00217	0.00390	0.01297	0.00600	0.00645
6	0.01483	0.01366	0.01135	0.01023	0.01251	0.26134	0.00776	0.01710	0.01649	0.10726	0.42111	0.02968	0.03433	0.00937	0.00620	0.00172	0.00558	0.00771	0.00536	0.00642
7	0.00844	0.00566	0.00645	0.00642	0.00652	0.00563	0.00367	0.00865	0.00907	0.01220	0.07494	0.03847	0.02373	0.73550	0.02785	0.00535	0.00542	0.00861	0.00374	0.00367
8	0.00747	0.00536	0.00709	0.00784	0.00852	0.00498	0.00543	0.00906	0.01291	0.01767	0.27336	0.54247	0.04393	0.01611	0.00723	0.00218	0.00316	0.01453	0.00573	0.00498
9	0.29618	0.01035	0.01185	0.00945	0.01365	0.01005	0.00780	0.02459	0.01440	0.51772	0.01800	0.01635	0.01170	0.00660	0.00510	0.00180	0.00480	0.00495	0.00600	0.00870
10	0.01890	0.00877	0.01144	0.00984	0.01290	0.00811	0.00767	0.05985	0.05578	0.43428	0.02554	0.27683	0.02236	0.01090	0.00637	0.00199	0.00448	0.00942	0.00645	0.00813
11	0.00846	0.00564	0.00634	0.00634	0.00634	0.00564	0.00352	0.00846	0.00846	0.01128	0.01832	0.03805	0.02114	0.79563	0.02960	0.00564	0.00564	0.00846	0.00352	0.00352
12	0.00826	0.00581	0.00726	0.00702	0.00790	0.00551	0.00483	0.01003	0.01360	0.01900	0.48433	0.06858	0.04304	0.27326	0.01446	0.00312	0.00373	0.01005	0.00541	0.00481
13	0.05349	0.00622	0.00719	0.00686	0.00855	0.00571	0.00518	0.01044	0.01503	0.02094	0.48265	0.04574	0.28614	0.01248	0.00668	0.00187	0.00291	0.01070	0.00591	0.00534
14	0.00896	0.00661	0.00910	0.00924	0.01032	0.00725	0.00694	0.06560	0.01132	0.01572	0.02094	0.27839	0.02215	0.03234	0.45881	0.00644	0.01081	0.00959	0.00408	0.00540
15	0.00754	0.00525	0.00661	0.00751	0.00774	0.00503	0.00477	0.00822	0.01024	0.01366	0.02748	0.54068	0.03269	0.27725	0.01481	0.00345	0.00413	0.01384	0.00477	0.00432
16	0.01502	0.02929	0.51593	0.01604	0.02277	0.26633	0.01807	0.02002	0.01368	0.01702	0.00995	0.01168	0.00741	0.00568	0.00543	0.00173	0.00922	0.00411	0.00264	0.00798
17	0.01962	0.01476	0.01574	0.01256	0.01670	0.01647	0.01022	0.52656	0.20288	0.03281	0.01661	0.01628	0.01209	0.00719	0.00575	0.00178	0.00576	0.00557	0.05120	0.00948
18	0.01180	0.02350	0.51446	0.01392	0.02137	0.01159	0.01662	0.01716	0.01220	0.01859	0.01040	0.01220	0.00778	0.00512	0.00512	0.00151	0.00717	0.00401	0.00279	0.28268
19	0.01345	0.01007	0.01139	0.01019	0.01295	0.01093	0.00791	0.02403	0.43764	0.09180	0.26771	0.02877	0.02981	0.00916	0.00622	0.00191	0.00401	0.00782	0.00620	0.00803
20	0.00953	0.00760	0.00881	0.00917	0.01062	0.00798	0.00659	0.01571	0.25710	0.01807	0.03132	0.47877	0.08669	0.01451	0.00688	0.00220	0.00375	0.01289	0.00557	0.00623
21	0.00823	0.00594	0.00777	0.00732	0.00869	0.00549	0.00549	0.01097	0.01646	0.02332	0.75629	0.04344	0.05487	0.01189	0.00686	0.00183	0.00274	0.01052	0.00640	0.00549
22	0.01339	0.01144	0.01234	0.01163	0.02947	0.06985	0.00883	0.03565	0.37546	0.04663	0.03501	0.02132	0.01624	0.01963	0.26133	0.00437	0.00876	0.00625	0.00475	0.00764
23	0.01212	0.01150	0.01950	0.53310	0.27972	0.01322	0.01672	0.01585	0.01217	0.01624	0.01054	0.01513	0.00824	0.00560	0.00579	0.00187	0.00747	0.00517	0.00268	0.00738
24	0.01166	0.03008	0.76550	0.01657	0.02517	0.01351	0.02149	0.01842	0.01228	0.01842	0.01044	0.01228	0.00737	0.00552	0.00552	0.00184	0.00859	0.00430	0.00246	0.00859

[dist]
# distance from previous block
# <min> <max>
1	4

[block]
# block no. 3 follows, 40 sequences, length 30
# corresponding to MSA columns:
# 197-226
name=unknown_D
#
# <colnr> <probs for GDERKNQSTAVLIFYWHMCP>
#	G	D	E	R	K	N	Q	S	T	A	V	L	I	F	Y	W	H	M	C	P
0	0.01998	0.01298	0.01458	0.01192	0.01595	0.01398	0.00960	0.25125	0.32657	0.22738	0.02045	0.01877	0.01440	0.00742	0.00587	0.00185	0.00526	0.00596	0.00623	0.00960
1	0.01292	0.02181	0.36083	0.02300	0.16179	0.01400	0.28407	0.01839	0.01299	0.01860	0.01102	0.01392	0.00824	0.00523	0.00606	0.00186	0.00873	0.00540	0.00271	0.00843
2	0.00824	0.00728	0.00961	0.24781	0.01794	0.00744	0.00814	0.01054	0.01295	0.01593	0.08837	0.04255	0.47853	0.01177	0.00654	0.00195	0.00443	0.00995	0.00459	0.00543
3	0.00707	0.00511	0.00670	0.00798	0.00840	0.00473	0.00534	0.00811	0.01125	0.01489	0.03353	0.75129	0.07805	0.01803	0.00739	0.00234	0.00335	0.01630	0.00540	0.00473
4	0.80955	0.01120	0.00871	0.00774	0.01137	0.01289	0.00637	0.01747	0.01012	0.05079	0.00859	0.00979	0.00657	0.00546	0.00367	0.00180	0.00451	0.00324	0.00372	0.00642
5	0.01019	0.00903	0.01215	0.01566	0.24277	0.00853	0.00903	0.05810	0.01415	0.01807	0.04108	0.04032	0.47611	0.01126	0.00646	0.00188	0.00440	0.00961	0.00464	0.00657
6	0.01330	0.02355	0.47386	0.02247	0.25368	0.01339	0.04185	0.01874	0.01284	0.05602	0.01126	0.01342	0.00834	0.00548	0.00565	0.00181	0.00792	0.00473	0.00284	0.00883
7	0.01020	0.00770	0.00992	0.05778	0.01278	0.00675	0.00686	0.01237	0.01258	0.05085	0.14852	0.26173	0.02651	0.01217	0.04447	0.00203	0.00456	0.00912	0.00467	0.29842
8	0.01616	0.39223	0.07464	0.01161	0.01571	0.25343	0.01053	0.01838	0.01396	0.01555	0.11445	0.01473	0.01418	0.00631	0.00477	0.00145	0.00722	0.00444	0.00320	0.00704
9	0.01379	0.01135	0.01626	0.47696	0.03063	0.01222	0.01370	0.01531	0.01389	0.01855	0.02111	0.26289	0.02123	0.01265	0.00837	0.02086	0.00751	0.00997	0.00487	0.00790
10	0.01251	0.02501	0.53423	0.02253	0.25404	0.01360	0.02035	0.01824	0.01258	0.01860	0.01059	0.01294	0.00794	0.00542	0.00560	0.00181	0.00807	0.00457	0.00259	0.00879
11	0.01386	0.01554	0.11156	0.07837	0.62860	0.01373	0.01818	0.01773	0.01303	0.01868	0.01084	0.01421	0.00890	0.00526	0.00573	0.00175	0.00716	0.00508	0.00281	0.00897
12	0.58039	0.01163	0.00998	0.00895	0.01245	0.01349	0.00720	0.02140	0.24025	0.02554	0.01295	0.01327	0.00987	0.00617	0.00432	0.00185	0.00453	0.00422	0.00432	0.00720
13	0.00874	0.00597	0.00729	0.00770	0.00812	0.00597	0.00535	0.00958	0.00999	0.01319	0.02221	0.04664	0.02498	0.55262	0.02288	0.00471	0.00555	0.23033	0.00409	0.00409
14	0.01272	0.01272	0.01781	0.01527	0.01527	0.01781	0.01272	0.01399	0.00891	0.01399	0.00763	0.01272	0.00763	0.01018	0.01908	0.00254	0.78499	0.00509	0.00254	0.00636
15	0.00847	0.00596	0.00731	0.00789	0.00840	0.00586	0.00518	0.05502	0.01134	0.01513	0.02661	0.50711	0.03123	0.25984	0.01423	0.00334	0.00427	0.01329	0.00484	0.00468
16	0.05809	0.50845	0.02160	0.00856	0.01252	0.01682	0.00802	0.01457	0.01216	0.01500	0.02393	0.02387	0.24105	0.00804	0.00470	0.00150	0.00510	0.00597	0.00346	0.00660
17	0.00912	0.01346	0.24373	0.01002	0.01372	0.00791	0.01033	0.01295	0.01474	0.02079	0.43248	0.03536	0.13199	0.01028	0.00644	0.00185	0.00459	0.00881	0.00504	0.00638
18	0.01145	0.02393	0.53231	0.25507	0.02981	0.01332	0.01982	0.01731	0.01207	0.01731	0.01040	0.01328	0.00749	0.00561	0.00561	0.00187	0.00833	0.00457	0.00250	0.00793
19	0.01759	0.55510	0.02641	0.01102	0.01589	0.02146	0.01029	0.24265	0.01666	0.02084	0.00992	0.01077	0.00822	0.00560	0.00438	0.00140	0.00628	0.00377	0.00353	0.00822
20	0.00998	0.00660	0.00854	0.00828	0.00962	0.00733	0.00639	0.05797	0.01136	0.01746	0.01662	0.02240	0.01457	0.05373	0.46032	0.00625	0.01066	0.00599	0.26041	0.00551
21	0.00744	0.00534	0.00707	0.00785	0.00851	0.00496	0.00543	0.00899	0.01279	0.01749	0.25782	0.55854	0.04358	0.01625	0.00725	0.00220	0.00318	0.01466	0.00571	0.00496
22	0.02375	0.01638	0.01778	0.01482	0.01912	0.01696	0.01151	0.35069	0.25188	0.16244	0.02234	0.02283	0.01685	0.00988	0.00754	0.00256	0.00685	0.00702	0.00729	0.01152
23	0.58037	0.01205	0.01324	0.01639	0.24445	0.01329	0.00990	0.01733	0.01094	0.02388	0.00898	0.01099	0.00721	0.00533	0.00427	0.00178	0.00525	0.00378	0.00337	0.00721
24	0.00787	0.00567	0.00745	0.00756	0.00861	0.00525	0.00546	0.01008	0.01480	0.02068	0.53052	0.27673	0.04975	0.01386	0.00703	0.00200	0.00294	0.01239	0.00609	0.00525
25	0.00751	0.00524	0.00662	0.00755	0.00778	0.00501	0.00481	0.00821	0.01030	0.01373	0.02777	0.55686	0.03306	0.26056	0.01434	0.00338	0.00408	0.01401	0.00481	0.00435
26	0.00919	0.00713	0.00660	0.00646	0.00835	0.04403	0.00486	0.01171	0.04564	0.01788	0.04239	0.04148	0.45531	0.01151	0.00587	0.00175	0.00332	0.00946	0.26170	0.00535
27	0.00741	0.00529	0.00712	0.00847	0.00895	0.00500	0.00596	0.00866	0.01145	0.01521	0.03187	0.68903	0.03775	0.01791	0.00751	0.00241	0.00365	0.11615	0.00539	0.00481
28	0.02017	0.00839	0.01139	0.00965	0.01285	0.00736	0.00757	0.02203	0.01493	0.53004	0.02578	0.26046	0.02190	0.01063	0.00634	0.00197	0.00446	0.00918	0.00664	0.00828
29	0.01947	0.01667	0.02266	0.01693	0.02188	0.05488	0.23775	0.47911	0.02255	0.02991	0.01303	0.01432	0.00944	0.00628	0.00611	0.00180	0.00767	0.00567	0.00478	0.00909

[dist]
# distance from previous block
# <min> <max>
2	344

# created by:
# /software/SequenceAnalysis/GenePrediction/augustus/3.0.1/scripts/msa2prfl.pl ./fixed/BUSCOvEOG7ZCVK8.fas
