[name]
unknown

[dist]
# distance from previous block
# <min> <max>
38	625

[block]
# block no. 0 follows, 41 sequences, length 33
# corresponding to MSA columns:
# 649-681
name=unknown_A
#
# <colnr> <probs for GDERKNQSTAVLIFYWHMCP>
#	G	D	E	R	K	N	Q	S	T	A	V	L	I	F	Y	W	H	M	C	P
0	0.05656	0.01205	0.01285	0.01104	0.01437	0.01338	0.00870	0.21228	0.37777	0.06700	0.02249	0.06657	0.06202	0.02870	0.00642	0.00198	0.00486	0.00689	0.00563	0.00846
1	0.01348	0.01381	0.04007	0.07745	0.49775	0.01340	0.18845	0.01725	0.01301	0.01827	0.01753	0.02888	0.01011	0.00554	0.00599	0.00180	0.00744	0.01845	0.00293	0.00839
2	0.00696	0.00526	0.00644	0.00736	0.00820	0.00475	0.00510	0.00813	0.01164	0.01492	0.03958	0.55234	0.25885	0.01682	0.00715	0.00221	0.00323	0.03104	0.00531	0.00472
3	0.01265	0.01507	0.07423	0.05137	0.02789	0.01339	0.60121	0.01718	0.01309	0.01781	0.01335	0.08981	0.01134	0.00615	0.00669	0.00196	0.00889	0.00745	0.00308	0.00741
4	0.01529	0.80242	0.02997	0.00979	0.01468	0.02263	0.00979	0.01713	0.01162	0.01346	0.00795	0.00918	0.00734	0.00489	0.00367	0.00122	0.00612	0.00306	0.00245	0.00734
5	0.01186	0.01017	0.01186	0.00847	0.01356	0.00762	0.00678	0.01440	0.01186	0.01864	0.01017	0.01186	0.00847	0.00424	0.00424	0.00085	0.00424	0.00339	0.00339	0.83395
6	0.00748	0.00680	0.05967	0.00858	0.00951	0.00540	0.00651	0.00890	0.01099	0.01477	0.02919	0.65769	0.03445	0.06277	0.00848	0.00249	0.00391	0.05254	0.00500	0.00487
7	0.00794	0.00584	0.00743	0.00703	0.00845	0.00533	0.00527	0.01049	0.01582	0.02206	0.67837	0.04416	0.13643	0.01202	0.00675	0.00181	0.00272	0.01055	0.00618	0.00533
8	0.00697	0.00498	0.00664	0.00796	0.00830	0.00465	0.00531	0.00796	0.01095	0.01460	0.03153	0.79525	0.03783	0.01792	0.00730	0.00232	0.00332	0.01626	0.00531	0.00465
9	0.00850	0.00582	0.00691	0.00735	0.00757	0.00565	0.00458	0.00881	0.00970	0.01296	0.02308	0.25856	0.02680	0.52131	0.02159	0.00450	0.00505	0.05279	0.00427	0.00419
10	0.01331	0.26486	0.47317	0.01527	0.02239	0.01649	0.08096	0.01814	0.01237	0.01715	0.01017	0.01217	0.00788	0.00555	0.00522	0.00173	0.00798	0.00425	0.00264	0.00829
11	0.01326	0.01109	0.01267	0.00936	0.01431	0.00908	0.00744	0.07304	0.05446	0.02074	0.01167	0.01322	0.00954	0.00498	0.00466	0.00107	0.00459	0.00387	0.00388	0.71707
12	0.03274	0.06058	0.17242	0.04921	0.13416	0.06036	0.09139	0.06044	0.06916	0.11722	0.04125	0.05761	0.01324	0.00701	0.00591	0.00187	0.00698	0.00598	0.00411	0.00837
13	0.01861	0.01189	0.01319	0.01058	0.01410	0.01230	0.00844	0.37329	0.02007	0.13896	0.03143	0.03667	0.01393	0.05643	0.00702	0.00195	0.00524	0.00589	0.16581	0.05423
14	0.00777	0.00555	0.00732	0.00862	0.00911	0.00519	0.00600	0.00882	0.01153	0.01537	0.03171	0.70293	0.03749	0.01790	0.00757	0.00245	0.00373	0.10051	0.00546	0.00499
15	0.10693	0.01088	0.01625	0.53818	0.08818	0.01280	0.01405	0.05386	0.01282	0.01838	0.06269	0.01697	0.01137	0.00643	0.00575	0.00195	0.00693	0.00538	0.00328	0.00691
16	0.01312	0.05388	0.13580	0.04990	0.01624	0.00984	0.01137	0.01711	0.06495	0.12575	0.04590	0.05950	0.02340	0.01140	0.00685	0.00227	0.00588	0.33474	0.00500	0.00711
17	0.01181	0.00724	0.00910	0.00818	0.01024	0.00666	0.00624	0.01492	0.05744	0.14860	0.52639	0.03914	0.10819	0.01122	0.00673	0.00190	0.00337	0.00962	0.00646	0.00655
18	0.00750	0.00536	0.00701	0.00831	0.00869	0.00496	0.00554	0.00836	0.01127	0.01507	0.03185	0.78974	0.03807	0.01815	0.00750	0.00241	0.00350	0.01633	0.00546	0.00492
19	0.01260	0.01286	0.02564	0.11405	0.02633	0.01258	0.46925	0.01644	0.01310	0.01803	0.01519	0.08320	0.01344	0.00734	0.00703	0.00207	0.02618	0.05668	0.06081	0.00718
20	0.05913	0.07409	0.56624	0.01684	0.07444	0.01387	0.03481	0.01879	0.01256	0.05968	0.01123	0.01305	0.00821	0.00578	0.00549	0.00186	0.00794	0.00446	0.00295	0.00859
21	0.01044	0.00535	0.00782	0.00780	0.00785	0.00528	0.00520	0.00785	0.00779	0.01044	0.01043	0.01803	0.01039	0.02009	0.02243	0.82709	0.00514	0.00513	0.00266	0.00277
22	0.00848	0.00567	0.00731	0.00829	0.00899	0.00517	0.00564	0.00943	0.01168	0.05504	0.03301	0.70277	0.08159	0.01737	0.00738	0.00236	0.00356	0.01551	0.00556	0.00520
23	0.01507	0.01186	0.01427	0.01142	0.01518	0.01170	0.05143	0.28020	0.05944	0.02543	0.08210	0.14168	0.01860	0.00860	0.00594	0.00171	0.00521	0.00723	0.00508	0.22786
24	0.01136	0.01063	0.01834	0.01459	0.01704	0.01120	0.24346	0.01410	0.01297	0.01856	0.23550	0.02555	0.02373	0.05077	0.07515	0.00286	0.16428	0.00759	0.03587	0.00645
25	0.00750	0.00536	0.00701	0.00831	0.00869	0.00496	0.00554	0.00836	0.01127	0.01507	0.03185	0.78974	0.03807	0.01815	0.00750	0.00241	0.00350	0.01633	0.00546	0.00492
26	0.05800	0.02796	0.68032	0.01653	0.02455	0.01357	0.06077	0.01836	0.01233	0.01899	0.01071	0.01280	0.00775	0.00572	0.00561	0.00191	0.00844	0.00447	0.00268	0.00853
27	0.06025	0.01528	0.13386	0.18711	0.38302	0.01333	0.02935	0.01813	0.03069	0.05568	0.01179	0.01493	0.00924	0.00578	0.00576	0.00187	0.00714	0.00510	0.00320	0.00848
28	0.01578	0.01096	0.01264	0.01182	0.05088	0.01154	0.00874	0.02553	0.42271	0.17699	0.07047	0.02667	0.11161	0.00887	0.00618	0.00197	0.00457	0.00732	0.00605	0.00869
29	0.00847	0.00577	0.00673	0.00707	0.00721	0.00561	0.00421	0.00861	0.00938	0.01255	0.02217	0.24612	0.02585	0.57845	0.02314	0.00472	0.00510	0.01063	0.00414	0.00407
30	0.36411	0.04088	0.01182	0.00916	0.01301	0.01093	0.00747	0.02200	0.01325	0.38152	0.01606	0.01645	0.01137	0.05050	0.00625	0.00205	0.00494	0.00484	0.00536	0.00805
31	0.01258	0.00952	0.01158	0.01045	0.01296	0.00956	0.00850	0.11484	0.05198	0.03893	0.10548	0.03692	0.04038	0.05968	0.00888	0.00227	0.05936	0.24308	0.00503	0.15803
32	0.01457	0.01734	0.16557	0.02705	0.44441	0.06038	0.06729	0.01833	0.01360	0.04539	0.03699	0.01695	0.01145	0.00614	0.00598	0.00185	0.00743	0.02728	0.00328	0.00872

[dist]
# distance from previous block
# <min> <max>
6	30

[block]
# block no. 1 follows, 41 sequences, length 6
# corresponding to MSA columns:
# 712-717
name=unknown_B
#
# <colnr> <probs for GDERKNQSTAVLIFYWHMCP>
#	G	D	E	R	K	N	Q	S	T	A	V	L	I	F	Y	W	H	M	C	P
0	0.07417	0.05682	0.15948	0.08833	0.29518	0.01298	0.01448	0.01834	0.08472	0.03660	0.01286	0.01583	0.01024	0.00590	0.00530	0.00174	0.00633	0.02162	0.07105	0.00803
1	0.01780	0.08821	0.01524	0.01088	0.01476	0.01376	0.00896	0.34637	0.08071	0.12695	0.04288	0.07100	0.08451	0.00826	0.00570	0.00172	0.00522	0.00660	0.00545	0.04502
2	0.13338	0.11591	0.08032	0.01548	0.08288	0.24318	0.08170	0.01811	0.01270	0.01674	0.01019	0.04469	0.00897	0.00751	0.03017	0.00195	0.08146	0.00472	0.00297	0.00696
3	0.05558	0.01654	0.21151	0.17544	0.02668	0.01247	0.25776	0.01640	0.01220	0.01768	0.01196	0.06555	0.00988	0.00600	0.00585	0.00182	0.00776	0.00591	0.00294	0.08007
4	0.08385	0.33934	0.19938	0.01254	0.01771	0.08974	0.07191	0.01739	0.01259	0.01693	0.07962	0.01365	0.01172	0.00579	0.00476	0.00154	0.00690	0.00438	0.00298	0.00729
5	0.01028	0.00956	0.06943	0.13636	0.04416	0.00831	0.00948	0.01394	0.05544	0.04862	0.20891	0.10554	0.09638	0.01018	0.00629	0.00188	0.00475	0.07668	0.00472	0.07911

[dist]
# distance from previous block
# <min> <max>
29	67

[block]
# block no. 2 follows, 41 sequences, length 6
# corresponding to MSA columns:
# 807-812
name=unknown_C
#
# <colnr> <probs for GDERKNQSTAVLIFYWHMCP>
#	G	D	E	R	K	N	Q	S	T	A	V	L	I	F	Y	W	H	M	C	P
0	0.23103	0.11101	0.01562	0.01252	0.09081	0.04761	0.00929	0.19184	0.01568	0.10554	0.01201	0.01285	0.00903	0.00583	0.00468	0.00158	0.00552	0.00425	0.05166	0.06163
1	0.01336	0.00939	0.01103	0.00968	0.01226	0.00941	0.00737	0.18403	0.09120	0.06877	0.06286	0.26233	0.02201	0.01148	0.00752	0.07396	0.00447	0.00885	0.00511	0.12491
2	0.01273	0.07900	0.15939	0.27220	0.12312	0.08324	0.01457	0.05008	0.01289	0.01667	0.01287	0.11349	0.01167	0.00715	0.00564	0.00181	0.00718	0.00607	0.00309	0.00715
3	0.16118	0.01987	0.38387	0.01406	0.04348	0.01255	0.01504	0.01804	0.01193	0.10491	0.01260	0.01675	0.01000	0.00689	0.00670	0.00193	0.08698	0.06209	0.00340	0.00774
4	0.01707	0.08231	0.01486	0.01053	0.01484	0.14431	0.00851	0.11265	0.01522	0.13828	0.01315	0.04862	0.01059	0.00600	0.00492	0.00132	0.00579	0.00460	0.00421	0.34222
5	0.01172	0.00965	0.01280	0.07786	0.01490	0.01059	0.03517	0.13259	0.01372	0.01909	0.09293	0.19963	0.02108	0.08582	0.01059	0.00230	0.14167	0.00839	0.00428	0.09521

[dist]
# distance from previous block
# <min> <max>
0	3

[block]
# block no. 3 follows, 41 sequences, length 36
# corresponding to MSA columns:
# 816-851
name=unknown_D
#
# <colnr> <probs for GDERKNQSTAVLIFYWHMCP>
#	G	D	E	R	K	N	Q	S	T	A	V	L	I	F	Y	W	H	M	C	P
0	0.00987	0.00748	0.00908	0.06083	0.01197	0.00705	0.00649	0.07382	0.01296	0.01810	0.04807	0.30649	0.11518	0.04030	0.00686	0.00191	0.00400	0.01001	0.08166	0.16788
1	0.00810	0.00566	0.00662	0.00656	0.00705	0.00557	0.00413	0.00882	0.01008	0.01350	0.13184	0.03906	0.10909	0.53585	0.08067	0.00486	0.00558	0.00887	0.00406	0.00403
2	0.01282	0.01371	0.02514	0.34407	0.08376	0.05338	0.34925	0.01695	0.01274	0.01656	0.01078	0.01500	0.00819	0.00527	0.00616	0.00188	0.00863	0.00578	0.00274	0.00718
3	0.00763	0.00573	0.00706	0.00693	0.00831	0.00517	0.00512	0.00981	0.01479	0.02008	0.49861	0.13381	0.22972	0.01312	0.00681	0.00189	0.00282	0.01147	0.00593	0.00517
4	0.01267	0.02930	0.05699	0.00950	0.01180	0.00977	0.04106	0.07743	0.05868	0.05649	0.04675	0.02126	0.01504	0.09978	0.00920	0.00212	0.08976	0.00587	0.34016	0.00638
5	0.01842	0.01309	0.01468	0.01111	0.01570	0.01303	0.00908	0.40661	0.02055	0.10494	0.04327	0.01488	0.01154	0.00623	0.00529	0.00145	0.00534	0.00485	0.00513	0.27480
6	0.01186	0.01017	0.01186	0.00847	0.01356	0.00762	0.00678	0.01440	0.01186	0.01864	0.01017	0.01186	0.00847	0.00424	0.00424	0.00085	0.00424	0.00339	0.00339	0.83395
7	0.01093	0.00841	0.05478	0.01022	0.08885	0.00769	0.00717	0.01468	0.08127	0.01893	0.01714	0.02181	0.01441	0.10009	0.07046	0.02784	0.00505	0.00574	0.42856	0.00595
8	0.01482	0.08397	0.01336	0.00935	0.01301	0.01077	0.00745	0.13260	0.07931	0.11750	0.02755	0.03927	0.04605	0.12792	0.00878	0.00205	0.00494	0.00576	0.00455	0.25099
9	0.00687	0.00558	0.00610	0.00642	0.00791	0.00481	0.00464	0.00826	0.01263	0.01556	0.08216	0.24761	0.54100	0.01526	0.00690	0.00203	0.00300	0.01309	0.00535	0.00481
10	0.01860	0.01278	0.12064	0.01050	0.01570	0.00897	0.00968	0.02189	0.03173	0.38427	0.01655	0.01583	0.01129	0.00588	0.00519	0.00146	0.00515	0.00474	0.00511	0.29407
11	0.04891	0.05508	0.09732	0.02966	0.02951	0.19163	0.06176	0.23076	0.03599	0.06166	0.01180	0.01283	0.00884	0.00590	0.00530	0.00158	0.00731	0.00452	0.00402	0.09562
12	0.26459	0.35146	0.01970	0.00997	0.01419	0.07033	0.00887	0.14986	0.01416	0.02144	0.00929	0.01037	0.00758	0.00548	0.00411	0.00150	0.00586	0.00354	0.02034	0.00734
13	0.00712	0.00515	0.00667	0.00767	0.00820	0.00477	0.00518	0.00829	0.01153	0.01538	0.10770	0.63670	0.08861	0.04820	0.00808	0.00237	0.00331	0.01505	0.00534	0.00469
14	0.01162	0.01306	0.06072	0.14257	0.02625	0.01229	0.41344	0.01546	0.01240	0.01679	0.01510	0.17082	0.01421	0.00782	0.00712	0.00202	0.03996	0.00819	0.00328	0.00686
15	0.05393	0.01494	0.06492	0.12381	0.37925	0.09607	0.02837	0.01936	0.01348	0.13348	0.01215	0.01437	0.00923	0.00560	0.00554	0.00173	0.00704	0.00493	0.00347	0.00835
16	0.01586	0.68467	0.02802	0.01045	0.01503	0.05871	0.01003	0.06138	0.01265	0.01487	0.00833	0.00964	0.00749	0.00527	0.00449	0.00132	0.03842	0.00330	0.00267	0.00741
17	0.00697	0.00498	0.00664	0.00796	0.00830	0.00465	0.00531	0.00796	0.01095	0.01460	0.03153	0.79525	0.03783	0.01792	0.00730	0.00232	0.00332	0.01626	0.00531	0.00465
18	0.05663	0.01095	0.01335	0.05090	0.01567	0.01108	0.00892	0.17959	0.09652	0.36323	0.11335	0.02072	0.01793	0.00754	0.00578	0.00179	0.00499	0.00613	0.00616	0.00878
19	0.01156	0.02400	0.53225	0.01645	0.02332	0.01290	0.12341	0.01705	0.01200	0.01767	0.01166	0.06332	0.00951	0.00638	0.00651	0.00186	0.05626	0.00538	0.00272	0.04580
20	0.00701	0.00501	0.00667	0.00794	0.00831	0.00467	0.00531	0.00807	0.01115	0.01491	0.05877	0.76711	0.03843	0.01769	0.00728	0.00230	0.00330	0.01604	0.00535	0.00467
21	0.01856	0.01132	0.01306	0.01109	0.01477	0.01202	0.00881	0.02944	0.47406	0.30539	0.02301	0.02063	0.01621	0.00750	0.00579	0.00188	0.00466	0.00620	0.00630	0.00931
22	0.01430	0.01159	0.01241	0.01119	0.01428	0.01319	0.00880	0.05970	0.60879	0.04238	0.02297	0.02362	0.01781	0.00813	0.00582	0.00193	0.00454	0.05066	0.05925	0.00863
23	0.00697	0.00498	0.00664	0.00796	0.00830	0.00465	0.00531	0.00796	0.01095	0.01460	0.03153	0.79525	0.03783	0.01792	0.00730	0.00232	0.00332	0.01626	0.00531	0.00465
24	0.01104	0.00666	0.00766	0.00723	0.00864	0.00729	0.00562	0.06307	0.01226	0.02027	0.01698	0.02050	0.01381	0.01414	0.15963	0.00300	0.05313	0.00546	0.55797	0.00565
25	0.00828	0.00617	0.00752	0.00824	0.00895	0.00623	0.00557	0.01139	0.12201	0.01543	0.02810	0.55616	0.03201	0.14297	0.01061	0.00279	0.00386	0.01350	0.00509	0.00512
26	0.01147	0.02959	0.76934	0.01630	0.02476	0.01328	0.02113	0.01811	0.01208	0.01811	0.01026	0.01208	0.00725	0.00543	0.00543	0.00181	0.00845	0.00423	0.00242	0.00845
27	0.00748	0.00532	0.00710	0.00834	0.00884	0.00507	0.00594	0.00872	0.01121	0.01486	0.03046	0.61019	0.03585	0.06574	0.00876	0.00258	0.00382	0.14984	0.00519	0.00469
28	0.07233	0.01953	0.01576	0.08632	0.06461	0.36804	0.01109	0.20189	0.01756	0.02111	0.01089	0.01252	0.00849	0.00608	0.00520	0.00160	0.00796	0.00434	0.05727	0.00742
29	0.00860	0.00561	0.00688	0.00678	0.00801	0.00528	0.00500	0.01106	0.01440	0.02136	0.46521	0.12845	0.05527	0.01119	0.00610	0.00174	0.00277	0.00979	0.22123	0.00528
30	0.00792	0.00562	0.00699	0.00738	0.00793	0.00538	0.00478	0.00868	0.00982	0.01335	0.02354	0.38335	0.02739	0.33613	0.06893	0.00401	0.00511	0.01150	0.00428	0.05792
31	0.07009	0.01955	0.10667	0.16489	0.02196	0.27879	0.01259	0.11048	0.12414	0.01956	0.01195	0.01347	0.00910	0.00616	0.00536	0.00172	0.00783	0.00458	0.00361	0.00751
32	0.05575	0.10528	0.01703	0.11527	0.01902	0.13015	0.01060	0.33730	0.03717	0.02495	0.01210	0.01365	0.00927	0.01887	0.00555	0.00168	0.00667	0.00465	0.05017	0.02487
33	0.15342	0.01737	0.18096	0.02006	0.19671	0.04387	0.15715	0.06875	0.01370	0.07832	0.01138	0.01337	0.00849	0.00546	0.00546	0.00178	0.00727	0.00490	0.00340	0.00819
34	0.14601	0.01169	0.05727	0.01144	0.05913	0.07229	0.04395	0.04704	0.06346	0.01977	0.10072	0.08307	0.19996	0.00993	0.00595	0.00189	0.00507	0.05044	0.00453	0.00639
35	0.08347	0.06612	0.22205	0.03330	0.24894	0.05922	0.01470	0.01763	0.05622	0.01843	0.01534	0.01916	0.06191	0.00675	0.00550	0.00179	0.00673	0.05166	0.00326	0.00781

[dist]
# distance from previous block
# <min> <max>
1	20

[block]
# block no. 4 follows, 41 sequences, length 26
# corresponding to MSA columns:
# 872-897
name=unknown_E
#
# <colnr> <probs for GDERKNQSTAVLIFYWHMCP>
#	G	D	E	R	K	N	Q	S	T	A	V	L	I	F	Y	W	H	M	C	P
0	0.04761	0.00931	0.04939	0.01002	0.01227	0.00838	0.04580	0.12895	0.01362	0.01912	0.02304	0.45210	0.02553	0.04887	0.00749	0.00218	0.00462	0.01131	0.00478	0.07561
1	0.02131	0.00920	0.01195	0.00951	0.01320	0.00837	0.00773	0.06103	0.03993	0.53517	0.12041	0.02252	0.01941	0.00767	0.00572	0.00173	0.00443	0.00632	0.08568	0.00871
2	0.01211	0.00688	0.00755	0.04749	0.01007	0.00721	0.00563	0.01679	0.12114	0.06687	0.01913	0.02089	0.01467	0.00680	0.00446	0.00148	0.00333	0.00551	0.61576	0.00620
3	0.06217	0.01157	0.02116	0.23920	0.02651	0.01206	0.30800	0.01630	0.05066	0.01837	0.08349	0.05792	0.01471	0.00666	0.00611	0.00189	0.00717	0.00679	0.04244	0.00681
4	0.00832	0.00555	0.00624	0.00624	0.00624	0.00555	0.00347	0.00832	0.00832	0.01109	0.01802	0.03743	0.02080	0.79898	0.02911	0.00555	0.00555	0.00832	0.00347	0.00347
5	0.00707	0.00536	0.00656	0.00746	0.00838	0.00485	0.00529	0.00833	0.01178	0.01506	0.03983	0.50624	0.26724	0.01667	0.00717	0.00222	0.00333	0.06711	0.00531	0.00475
6	0.01274	0.01238	0.02175	0.33715	0.40266	0.01332	0.08426	0.01644	0.01243	0.01701	0.01060	0.01472	0.00844	0.00532	0.00579	0.00180	0.00740	0.00524	0.00272	0.00784
7	0.01550	0.04849	0.02045	0.18337	0.38104	0.14530	0.01511	0.08914	0.01455	0.01852	0.01048	0.01347	0.00847	0.00553	0.00551	0.00168	0.00749	0.00477	0.00306	0.00808
8	0.00819	0.00607	0.00889	0.00889	0.00981	0.00699	0.00677	0.01002	0.00910	0.01305	0.01560	0.02400	0.01496	0.12008	0.70004	0.00882	0.01432	0.00635	0.00311	0.00494
9	0.00832	0.00555	0.00624	0.00624	0.00624	0.00555	0.00347	0.00832	0.00832	0.01109	0.01802	0.03743	0.02080	0.79898	0.02911	0.00555	0.00555	0.00832	0.00347	0.00347
10	0.00832	0.00555	0.00624	0.00624	0.00624	0.00555	0.00347	0.00832	0.00832	0.01109	0.01802	0.03743	0.02080	0.79898	0.02911	0.00555	0.00555	0.00832	0.00347	0.00347
11	0.00700	0.00500	0.00667	0.00794	0.00830	0.00467	0.00531	0.00805	0.01111	0.01486	0.05431	0.77172	0.03834	0.01773	0.00728	0.00231	0.00330	0.01608	0.00534	0.00467
12	0.00697	0.00498	0.00664	0.00796	0.00830	0.00465	0.00531	0.00796	0.01095	0.01460	0.03153	0.79525	0.03783	0.01792	0.00730	0.00232	0.00332	0.01626	0.00531	0.00465
13	0.01537	0.70796	0.02841	0.01040	0.01485	0.05753	0.01005	0.01715	0.01163	0.01351	0.00796	0.00947	0.00735	0.00532	0.00485	0.00133	0.06394	0.00323	0.00247	0.00723
14	0.00939	0.00732	0.01237	0.01127	0.01293	0.00681	0.15041	0.01122	0.01178	0.06126	0.02706	0.59462	0.03066	0.01468	0.00710	0.00221	0.00466	0.01375	0.00494	0.00556
15	0.01318	0.01887	0.27390	0.04404	0.48391	0.01348	0.01854	0.01795	0.02821	0.01852	0.01084	0.01363	0.00860	0.00528	0.00559	0.00175	0.00732	0.00483	0.00275	0.00880
16	0.01080	0.01017	0.01716	0.78523	0.03940	0.01271	0.01589	0.01461	0.01144	0.01461	0.01017	0.01525	0.00762	0.00572	0.00572	0.00191	0.00762	0.00508	0.00254	0.00635
17	0.01487	0.00737	0.00980	0.00855	0.01099	0.00665	0.00663	0.01743	0.03126	0.30961	0.36111	0.13472	0.03562	0.01067	0.00642	0.00186	0.00366	0.00928	0.00646	0.00705
18	0.01329	0.01271	0.02166	0.22833	0.57683	0.01336	0.01712	0.01680	0.01262	0.01764	0.01061	0.01444	0.00869	0.00526	0.00568	0.00175	0.00701	0.00509	0.00276	0.00836
19	0.01211	0.02061	0.35491	0.25218	0.02999	0.04528	0.16985	0.01729	0.01235	0.01692	0.01045	0.01367	0.00767	0.00541	0.00578	0.00185	0.00853	0.00499	0.00258	0.00758
20	0.03123	0.01030	0.01148	0.00990	0.01278	0.01094	0.00815	0.31030	0.01858	0.07209	0.03404	0.02683	0.01686	0.00864	0.00562	0.00179	0.00482	0.14677	0.25149	0.00739
21	0.00859	0.00583	0.00613	0.00597	0.00778	0.00514	0.00451	0.01050	0.01319	0.04548	0.11273	0.04388	0.47445	0.01193	0.00601	0.00176	0.00289	0.00994	0.21809	0.00519
22	0.01215	0.01028	0.01604	0.06224	0.37437	0.01036	0.01233	0.01572	0.06708	0.05289	0.02053	0.21453	0.05266	0.00958	0.00625	0.00194	0.00546	0.04402	0.00409	0.00746
23	0.00831	0.06450	0.00896	0.00836	0.00947	0.00693	0.00608	0.01083	0.07635	0.01554	0.03137	0.56601	0.09826	0.01565	0.00689	0.00219	0.00369	0.05018	0.00514	0.00528
24	0.03000	0.01137	0.01364	0.07789	0.01619	0.01241	0.04343	0.34288	0.04025	0.02635	0.01521	0.01858	0.01197	0.00799	0.00663	0.06296	0.00543	0.03822	0.21116	0.00742
25	0.01007	0.00905	0.01149	0.01085	0.01179	0.06600	0.00859	0.01191	0.00962	0.01344	0.01317	0.01944	0.01233	0.03312	0.55711	0.00719	0.18072	0.00571	0.00294	0.00547

[dist]
# distance from previous block
# <min> <max>
1	2

[block]
# block no. 5 follows, 41 sequences, length 43
# corresponding to MSA columns:
# 900-942
name=unknown_F
#
# <colnr> <probs for GDERKNQSTAVLIFYWHMCP>
#	G	D	E	R	K	N	Q	S	T	A	V	L	I	F	Y	W	H	M	C	P
0	0.01913	0.01598	0.01873	0.05509	0.01988	0.08213	0.10553	0.43388	0.04059	0.02851	0.01362	0.01518	0.01023	0.00705	0.00673	0.00187	0.05338	0.00546	0.05823	0.00880
1	0.01241	0.01064	0.01273	0.05888	0.01568	0.00851	0.00774	0.01482	0.01215	0.01883	0.01073	0.01294	0.00898	0.00487	0.00489	0.00107	0.02013	0.00374	0.00352	0.75675
2	0.06446	0.01559	0.19730	0.05630	0.01660	0.05061	0.01106	0.12487	0.06257	0.02255	0.01736	0.01902	0.05570	0.00714	0.00529	0.00177	0.00578	0.00546	0.25310	0.00747
3	0.00864	0.00638	0.00796	0.00774	0.00922	0.00581	0.00589	0.01094	0.01573	0.02167	0.56957	0.04739	0.16464	0.01289	0.00711	0.00201	0.00321	0.08136	0.00622	0.00562
4	0.01060	0.00647	0.01021	0.00960	0.01029	0.00628	0.06669	0.00931	0.00916	0.01227	0.01408	0.07261	0.01446	0.01837	0.01876	0.62127	0.00549	0.07723	0.00319	0.00368
5	0.01626	0.43717	0.14472	0.01423	0.06612	0.01946	0.05175	0.14981	0.01504	0.01949	0.01038	0.01199	0.00853	0.00576	0.00489	0.00159	0.00695	0.00417	0.00330	0.00839
6	0.01675	0.01302	0.01401	0.01218	0.01570	0.01454	0.00959	0.15952	0.54276	0.07411	0.02222	0.02201	0.01684	0.00820	0.00612	0.00202	0.00511	0.02988	0.00605	0.00939
7	0.00891	0.00623	0.00781	0.00778	0.00823	0.00652	0.00514	0.00950	0.00906	0.01252	0.01755	0.03245	0.01883	0.50962	0.30786	0.00698	0.00939	0.00766	0.00352	0.00442
8	0.00889	0.00715	0.00767	0.00739	0.00944	0.00652	0.00564	0.04887	0.04903	0.01870	0.15609	0.05049	0.53292	0.01376	0.00698	0.00205	0.00349	0.05352	0.00569	0.00572
9	0.01393	0.06230	0.53303	0.01647	0.02378	0.01378	0.10417	0.01999	0.05112	0.08642	0.01270	0.01433	0.00916	0.00601	0.00581	0.00191	0.00813	0.00492	0.00329	0.00876
10	0.68415	0.01124	0.00974	0.00843	0.01216	0.01234	0.00687	0.01922	0.01134	0.16081	0.01125	0.01201	0.00824	0.00604	0.00422	0.00188	0.00472	0.00379	0.00439	0.00715
11	0.00813	0.00581	0.00766	0.00887	0.00950	0.00546	0.00637	0.00935	0.01202	0.01607	0.06552	0.60784	0.03790	0.01750	0.00764	0.00247	0.00390	0.15732	0.00554	0.00514
12	0.01324	0.01245	0.02124	0.02830	0.51360	0.01222	0.09564	0.01630	0.02379	0.01845	0.01578	0.17094	0.01545	0.00807	0.00637	0.00196	0.00658	0.00772	0.00359	0.00832
13	0.01307	0.07870	0.67501	0.01591	0.02390	0.01394	0.01986	0.01894	0.01265	0.05760	0.01137	0.01312	0.00821	0.00589	0.00560	0.00188	0.00829	0.00443	0.00288	0.00874
14	0.00810	0.00576	0.00781	0.00905	0.00981	0.00560	0.00700	0.00979	0.01181	0.01554	0.03008	0.40745	0.03446	0.06707	0.00898	0.00267	0.00437	0.34461	0.00517	0.00486
15	0.01916	0.01095	0.01293	0.01085	0.01456	0.01136	0.00865	0.02868	0.40106	0.35664	0.04515	0.02115	0.01708	0.00757	0.00582	0.00186	0.00462	0.00626	0.00640	0.00925
16	0.01632	0.01409	0.05420	0.06762	0.01989	0.01411	0.15625	0.37012	0.01945	0.02650	0.05772	0.01824	0.01308	0.07463	0.00789	0.00209	0.00669	0.00601	0.04708	0.00801
17	0.02135	0.01527	0.01675	0.01295	0.01723	0.01694	0.01069	0.64949	0.02506	0.08161	0.01405	0.01415	0.00997	0.00704	0.00637	0.00175	0.04641	0.00518	0.01824	0.00948
18	0.06877	0.06979	0.01672	0.01289	0.01680	0.23560	0.01037	0.36423	0.10513	0.02622	0.01270	0.01306	0.00957	0.00647	0.00531	0.00164	0.00713	0.00462	0.00459	0.00839
19	0.01291	0.01129	0.01491	0.01525	0.19803	0.00958	0.00963	0.05065	0.01288	0.01950	0.01049	0.01252	0.00868	0.00458	0.00466	0.00110	0.00497	0.00389	0.00337	0.59114
20	0.01114	0.00779	0.00941	0.00853	0.01063	0.00784	0.00655	0.01711	0.19929	0.08856	0.49631	0.03564	0.05729	0.01037	0.00643	0.00183	0.00335	0.00901	0.00622	0.00668
21	0.01150	0.00827	0.01048	0.00956	0.01147	0.00907	0.00745	0.07358	0.13490	0.06787	0.19992	0.02656	0.02420	0.04802	0.30193	0.00479	0.03201	0.00716	0.00478	0.00648
22	0.01116	0.01335	0.19780	0.03288	0.04068	0.00928	0.04652	0.03818	0.03003	0.05785	0.03851	0.08590	0.08208	0.05143	0.00781	0.00231	0.00601	0.23722	0.00436	0.00662
23	0.01344	0.01589	0.26224	0.01328	0.06262	0.01035	0.02483	0.06078	0.06240	0.13496	0.17307	0.06466	0.06009	0.00834	0.00600	0.00183	0.00568	0.00709	0.00469	0.00776
24	0.00817	0.00618	0.00767	0.00835	0.00977	0.00583	0.00677	0.01034	0.02384	0.01644	0.07400	0.11828	0.28349	0.05164	0.00836	0.00245	0.00417	0.34393	0.00526	0.00504
25	0.05775	0.06869	0.41856	0.01708	0.03564	0.01363	0.19568	0.01898	0.01271	0.09121	0.01153	0.01333	0.00825	0.00540	0.00559	0.00180	0.00802	0.00488	0.00306	0.00822
26	0.01420	0.02117	0.33685	0.12261	0.15146	0.09750	0.02673	0.06520	0.01392	0.05430	0.03527	0.01416	0.00964	0.00583	0.00558	0.00176	0.00778	0.00480	0.00313	0.00811
27	0.71229	0.01337	0.10439	0.03015	0.01357	0.01289	0.00834	0.01692	0.01008	0.02441	0.00831	0.00981	0.00637	0.00534	0.00384	0.00178	0.00502	0.00329	0.00337	0.00648
28	0.01529	0.80242	0.02997	0.00979	0.01468	0.02263	0.00979	0.01713	0.01162	0.01346	0.00795	0.00918	0.00734	0.00489	0.00367	0.00122	0.00612	0.00306	0.00245	0.00734
29	0.00729	0.00521	0.00701	0.00833	0.00880	0.00492	0.00587	0.00852	0.01127	0.01496	0.03135	0.69073	0.03713	0.01762	0.00739	0.00237	0.00360	0.11761	0.00530	0.00473
30	0.01000	0.00828	0.01068	0.00883	0.01196	0.00677	0.04028	0.01203	0.01173	0.01723	0.06565	0.25390	0.02108	0.05597	0.00692	0.00169	0.00419	0.00820	0.00414	0.44048
31	0.01573	0.01422	0.01679	0.04747	0.25573	0.10355	0.01221	0.02464	0.35044	0.07288	0.01704	0.01739	0.01299	0.00657	0.00568	0.00179	0.00607	0.00560	0.00449	0.00872
32	0.05585	0.01101	0.01449	0.29267	0.04654	0.01238	0.01130	0.19491	0.06014	0.06267	0.12332	0.02115	0.05452	0.00747	0.00582	0.00183	0.00582	0.00624	0.00451	0.00738
33	0.00695	0.00504	0.00657	0.00779	0.00825	0.00466	0.00523	0.00798	0.01112	0.01467	0.03368	0.73486	0.09683	0.01764	0.00726	0.00229	0.00328	0.01592	0.00531	0.00466
34	0.01366	0.01296	0.02197	0.21788	0.51280	0.01362	0.05344	0.05150	0.01332	0.01849	0.01080	0.01447	0.00872	0.00532	0.00573	0.00176	0.00712	0.00518	0.00290	0.00836
35	0.04910	0.00811	0.01031	0.00982	0.01145	0.00829	0.04447	0.15589	0.01414	0.01947	0.02492	0.47867	0.02792	0.06519	0.00823	0.00238	0.00453	0.04619	0.00506	0.00584
36	0.00715	0.00511	0.00683	0.00806	0.00850	0.00479	0.00552	0.00832	0.01134	0.01516	0.06842	0.71796	0.03839	0.01749	0.00730	0.00231	0.00339	0.05390	0.00536	0.00472
37	0.02391	0.30986	0.06851	0.24299	0.02275	0.07443	0.01233	0.06328	0.01303	0.01632	0.05373	0.01372	0.01033	0.00605	0.00560	0.00162	0.04709	0.00445	0.00297	0.00703
38	0.05656	0.51145	0.20946	0.01155	0.01713	0.05983	0.01243	0.01793	0.01200	0.03383	0.00893	0.01021	0.00743	0.00515	0.00423	0.00142	0.00680	0.00345	0.00264	0.00758
39	0.01316	0.01166	0.09040	0.01137	0.03007	0.01036	0.00939	0.25832	0.01674	0.04098	0.02256	0.37456	0.02368	0.01223	0.00653	0.00205	0.00508	0.04869	0.00513	0.00701
40	0.10329	0.03827	0.10550	0.01293	0.01682	0.01063	0.18902	0.04989	0.01470	0.04593	0.32032	0.02546	0.02711	0.00796	0.00606	0.00181	0.00563	0.00730	0.00457	0.00683
41	0.01227	0.01034	0.01199	0.00876	0.01363	0.00817	0.00698	0.05393	0.02335	0.01953	0.01125	0.03774	0.00963	0.00488	0.00444	0.00096	0.00432	0.00395	0.00361	0.75027
42	0.01097	0.00670	0.00827	0.00773	0.00839	0.00693	0.00519	0.10842	0.01054	0.01422	0.01366	0.02438	0.01404	0.30506	0.02210	0.39302	0.00530	0.00624	0.02492	0.00391

[dist]
# distance from previous block
# <min> <max>
0	1

[block]
# block no. 6 follows, 41 sequences, length 19
# corresponding to MSA columns:
# 944-962
name=unknown_G
#
# <colnr> <probs for GDERKNQSTAVLIFYWHMCP>
#	G	D	E	R	K	N	Q	S	T	A	V	L	I	F	Y	W	H	M	C	P
0	0.05677	0.58054	0.02589	0.01064	0.01509	0.06386	0.00995	0.11181	0.01364	0.01704	0.00873	0.00999	0.00760	0.00547	0.00472	0.00139	0.04294	0.00346	0.00296	0.00750
1	0.02130	0.01547	0.01536	0.01213	0.01630	0.11818	0.00983	0.43240	0.02185	0.16887	0.01482	0.01468	0.01046	0.00663	0.00548	0.00163	0.00626	0.00498	0.05227	0.05109
2	0.01335	0.01012	0.01201	0.00866	0.01367	0.00771	0.00695	0.01585	0.01235	0.09928	0.01150	0.01268	0.00908	0.00454	0.00440	0.00095	0.00430	0.00364	0.00379	0.74517
3	0.00869	0.00738	0.03605	0.00913	0.01022	0.00693	0.00686	0.05098	0.01199	0.01643	0.05991	0.59003	0.03209	0.01532	0.00794	0.00220	0.06873	0.01344	0.00496	0.04070
4	0.00707	0.00502	0.00661	0.00783	0.00814	0.00471	0.00517	0.00799	0.01075	0.01434	0.03050	0.73779	0.03654	0.07714	0.00895	0.00257	0.00349	0.01566	0.00517	0.00456
5	0.00732	0.00558	0.00677	0.00723	0.00842	0.00503	0.00529	0.00898	0.01303	0.01697	0.20506	0.31158	0.29365	0.01516	0.00703	0.00209	0.00318	0.06718	0.00553	0.00493
6	0.02003	0.00889	0.01176	0.00943	0.01291	0.00801	0.00762	0.06311	0.01691	0.49685	0.24911	0.02630	0.02616	0.00849	0.00606	0.00178	0.00428	0.00713	0.00676	0.00840
7	0.01063	0.00969	0.01367	0.01226	0.01263	0.01289	0.00990	0.01208	0.00888	0.01339	0.01111	0.01797	0.01095	0.08079	0.29274	0.00514	0.45120	0.00566	0.00278	0.00563
8	0.02045	0.00875	0.01159	0.00948	0.01284	0.00787	0.00749	0.02311	0.05285	0.53541	0.07905	0.09985	0.02025	0.07415	0.00792	0.00215	0.00459	0.00739	0.00648	0.00835
9	0.01501	0.02245	0.01376	0.01153	0.01428	0.01235	0.03687	0.03700	0.31062	0.15410	0.03319	0.02197	0.07128	0.01035	0.05148	0.00237	0.13213	0.00646	0.03488	0.00793
10	0.01229	0.01110	0.01776	0.65938	0.03629	0.01341	0.04160	0.10760	0.01348	0.01748	0.01067	0.01506	0.00793	0.00583	0.00576	0.00188	0.00753	0.00515	0.00296	0.00683
11	0.00775	0.00549	0.00705	0.00818	0.00855	0.00514	0.00544	0.00853	0.01101	0.01471	0.03009	0.66705	0.03572	0.11747	0.01029	0.00283	0.00385	0.04085	0.00522	0.00478
12	0.01049	0.00773	0.01045	0.00992	0.01144	0.00874	0.00774	0.10408	0.01185	0.01689	0.01567	0.02192	0.01415	0.03728	0.64979	0.00804	0.01389	0.00613	0.02785	0.00596
13	0.01259	0.08508	0.58349	0.01742	0.02514	0.01443	0.14304	0.01838	0.01259	0.01824	0.01080	0.01311	0.00797	0.00562	0.00573	0.00188	0.00862	0.00473	0.00267	0.00848
14	0.01509	0.01366	0.02144	0.14404	0.52969	0.01425	0.01630	0.11033	0.03935	0.02089	0.01195	0.01517	0.00967	0.00583	0.00589	0.00183	0.00693	0.00530	0.00342	0.00897
15	0.01048	0.00850	0.01141	0.01235	0.10513	0.00958	0.00768	0.01117	0.00939	0.01326	0.01508	0.02866	0.01640	0.47691	0.06627	0.00466	0.17741	0.00719	0.00332	0.00516
16	0.83342	0.01139	0.00877	0.00787	0.01143	0.01308	0.00641	0.01713	0.01005	0.02604	0.00847	0.00999	0.00668	0.00564	0.00376	0.00186	0.00459	0.00327	0.00370	0.00645
17	0.11732	0.02742	0.66693	0.01546	0.02327	0.01347	0.01933	0.01825	0.01208	0.01951	0.01046	0.01240	0.00759	0.00575	0.00540	0.00190	0.00808	0.00424	0.00273	0.00840
18	0.01850	0.01204	0.01446	0.01274	0.07148	0.01238	0.00951	0.31057	0.07478	0.19043	0.15319	0.02082	0.01929	0.00761	0.00585	0.00172	0.00513	0.00625	0.00580	0.04744

[dist]
# distance from previous block
# <min> <max>
2	506

# created by:
# /software/SequenceAnalysis/GenePrediction/augustus/3.0.1/scripts/msa2prfl.pl ./fixed/BUSCOvEOG7C895Q.fas
