[name]
unknown

[dist]
# distance from previous block
# <min> <max>
0	53

[block]
# block no. 0 follows, 40 sequences, length 6
# corresponding to MSA columns:
# 53-58
name=unknown_A
#
# <colnr> <probs for GDERKNQSTAVLIFYWHMCP>
#	G	D	E	R	K	N	Q	S	T	A	V	L	I	F	Y	W	H	M	C	P
0	0.00831	0.00623	0.00935	0.00935	0.01038	0.00727	0.00727	0.01038	0.00935	0.01350	0.01558	0.02285	0.01454	0.04361	0.77259	0.00935	0.01558	0.00623	0.00312	0.00519
1	0.75068	0.01064	0.00822	0.00742	0.01078	0.01225	0.00607	0.01672	0.01014	0.02563	0.00923	0.01072	0.00719	0.00554	0.00365	0.00175	0.00431	0.00339	0.08946	0.00621
2	0.00846	0.00564	0.00634	0.00634	0.00634	0.00564	0.00352	0.00846	0.00846	0.01128	0.01832	0.03805	0.02114	0.79563	0.02960	0.00564	0.00564	0.00846	0.00352	0.00352
3	0.00823	0.00594	0.00777	0.00732	0.00869	0.00549	0.00549	0.01097	0.01646	0.02332	0.75629	0.04344	0.05487	0.01189	0.00686	0.00183	0.00274	0.01052	0.00640	0.00549
4	0.00687	0.00589	0.00589	0.00589	0.00785	0.00491	0.00442	0.00835	0.01325	0.01571	0.05891	0.05596	0.75700	0.01473	0.00687	0.00196	0.00295	0.01227	0.00540	0.00491
5	0.02609	0.00990	0.01350	0.01035	0.01484	0.00855	0.00855	0.02834	0.01664	0.76338	0.02294	0.01979	0.01439	0.00720	0.00585	0.00180	0.00495	0.00585	0.00720	0.00990

[dist]
# distance from previous block
# <min> <max>
0	1

[block]
# block no. 1 follows, 40 sequences, length 10
# corresponding to MSA columns:
# 60-69
name=unknown_B
#
# <colnr> <probs for GDERKNQSTAVLIFYWHMCP>
#	G	D	E	R	K	N	Q	S	T	A	V	L	I	F	Y	W	H	M	C	P
0	0.01446	0.01249	0.01315	0.01183	0.01512	0.01446	0.00920	0.03090	0.74885	0.02433	0.02367	0.02170	0.01775	0.00789	0.00592	0.00197	0.00460	0.00657	0.00592	0.00920
1	0.01446	0.01249	0.01315	0.01183	0.01512	0.01446	0.00920	0.03090	0.74885	0.02433	0.02367	0.02170	0.01775	0.00789	0.00592	0.00197	0.00460	0.00657	0.00592	0.00920
2	0.00687	0.00589	0.00589	0.00589	0.00785	0.00491	0.00442	0.00835	0.01325	0.01571	0.05891	0.05596	0.75700	0.01473	0.00687	0.00196	0.00295	0.01227	0.00540	0.00491
3	0.01496	0.68313	0.14134	0.01095	0.01647	0.02158	0.01169	0.01756	0.01189	0.01440	0.00844	0.00977	0.00745	0.00506	0.00400	0.00133	0.00658	0.00329	0.00248	0.00763
4	0.02037	0.02545	0.01668	0.01502	0.01757	0.65848	0.01146	0.02183	0.01534	0.01420	0.00878	0.01082	0.00751	0.00662	0.00733	0.00166	0.12731	0.00395	0.00293	0.00668
5	0.00687	0.00589	0.00589	0.00589	0.00785	0.00491	0.00442	0.00835	0.01325	0.01571	0.05891	0.05596	0.75700	0.01473	0.00687	0.00196	0.00295	0.01227	0.00540	0.00491
6	0.83671	0.01125	0.00855	0.00765	0.01125	0.01305	0.00630	0.01709	0.00990	0.02609	0.00810	0.00945	0.00630	0.00540	0.00360	0.00180	0.00450	0.00315	0.00360	0.00630
7	0.02609	0.00990	0.01350	0.01035	0.01484	0.00855	0.00855	0.02834	0.01664	0.76338	0.02294	0.01979	0.01439	0.00720	0.00585	0.00180	0.00495	0.00585	0.00720	0.00990
8	0.83671	0.01125	0.00855	0.00765	0.01125	0.01305	0.00630	0.01709	0.00990	0.02609	0.00810	0.00945	0.00630	0.00540	0.00360	0.00180	0.00450	0.00315	0.00360	0.00630
9	0.05230	0.00609	0.00766	0.00745	0.00879	0.00578	0.00552	0.01087	0.01531	0.02219	0.60710	0.15451	0.04980	0.01250	0.00677	0.00191	0.00293	0.01103	0.00610	0.00542

[dist]
# distance from previous block
# <min> <max>
0	1

[block]
# block no. 2 follows, 40 sequences, length 10
# corresponding to MSA columns:
# 71-80
name=unknown_C
#
# <colnr> <probs for GDERKNQSTAVLIFYWHMCP>
#	G	D	E	R	K	N	Q	S	T	A	V	L	I	F	Y	W	H	M	C	P
0	0.01448	0.29108	0.02963	0.01739	0.02254	0.01759	0.36710	0.02013	0.12868	0.01778	0.01234	0.01439	0.00975	0.00540	0.00561	0.00171	0.00772	0.00550	0.00325	0.00792
1	0.01135	0.00974	0.01219	0.00923	0.01367	0.00758	0.03858	0.01379	0.01199	0.01829	0.01381	0.13487	0.01332	0.00652	0.00491	0.00115	0.00440	0.00565	0.00373	0.66524
2	0.51568	0.01099	0.01068	0.00885	0.01281	0.01168	0.00730	0.05261	0.01303	0.28620	0.01358	0.01329	0.00931	0.00610	0.00449	0.00180	0.00474	0.00419	0.00496	0.00772
3	0.01141	0.01118	0.02010	0.66256	0.03853	0.01320	0.12972	0.01545	0.01196	0.01545	0.01056	0.01553	0.00792	0.00567	0.00598	0.00194	0.00807	0.00543	0.00264	0.00668
4	0.42093	0.00994	0.01017	0.00855	0.01211	0.01027	0.00696	0.02009	0.01331	0.28530	0.13101	0.01844	0.01679	0.00705	0.00490	0.00180	0.00438	0.00526	0.00531	0.00744
5	0.00959	0.01425	0.27369	0.00995	0.01297	0.00841	0.00985	0.01196	0.00980	0.01379	0.01555	0.02898	0.01629	0.51739	0.02112	0.00430	0.00668	0.00699	0.00315	0.00531
6	0.01452	0.00734	0.00979	0.00838	0.01086	0.00656	0.00656	0.01709	0.01653	0.28394	0.49803	0.03511	0.04062	0.01024	0.00650	0.00182	0.00352	0.00887	0.00668	0.00704
7	0.00757	0.00526	0.00660	0.00748	0.00770	0.00505	0.00474	0.00822	0.01019	0.01359	0.02722	0.52638	0.03236	0.29199	0.01523	0.00352	0.00417	0.01369	0.00474	0.00430
8	0.00894	0.00581	0.00872	0.00872	0.00940	0.00649	0.00649	0.00940	0.00872	0.01230	0.01365	0.02103	0.01298	0.03537	0.50852	0.29863	0.01187	0.00581	0.00291	0.00425
9	0.01560	0.01243	0.01396	0.01029	0.01528	0.01137	0.00836	0.27007	0.01744	0.02518	0.01161	0.01273	0.00906	0.00525	0.00484	0.00117	0.00504	0.00408	0.00428	0.54195

[dist]
# distance from previous block
# <min> <max>
4	9

[block]
# block no. 3 follows, 40 sequences, length 26
# corresponding to MSA columns:
# 90-115
name=unknown_D
#
# <colnr> <probs for GDERKNQSTAVLIFYWHMCP>
#	G	D	E	R	K	N	Q	S	T	A	V	L	I	F	Y	W	H	M	C	P
0	0.00816	0.00593	0.00762	0.00720	0.00856	0.00546	0.00536	0.01074	0.01601	0.02249	0.69213	0.04397	0.09368	0.03807	0.00761	0.00196	0.00285	0.01055	0.00625	0.00539
1	0.00846	0.00564	0.00634	0.00634	0.00634	0.00564	0.00352	0.00846	0.00846	0.01128	0.01832	0.03805	0.02114	0.79563	0.02960	0.00564	0.00564	0.00846	0.00352	0.00352
2	0.01114	0.01064	0.01840	0.73860	0.03950	0.01302	0.05721	0.01507	0.01175	0.01507	0.01042	0.01551	0.00781	0.00576	0.00587	0.00194	0.00787	0.00526	0.00260	0.00654
3	0.01178	0.01004	0.01176	0.00858	0.01348	0.00758	0.00681	0.01427	0.01201	0.01872	0.01157	0.05640	0.01031	0.00510	0.00448	0.00095	0.00425	0.00419	0.00356	0.78418
4	0.00846	0.00564	0.00634	0.00634	0.00634	0.00564	0.00352	0.00846	0.00846	0.01128	0.01832	0.03805	0.02114	0.79563	0.02960	0.00564	0.00564	0.00846	0.00352	0.00352
5	0.01779	0.01608	0.02535	0.03660	0.71947	0.01557	0.01877	0.02009	0.01538	0.02214	0.01447	0.01920	0.01255	0.00758	0.00726	0.00238	0.00801	0.00630	0.00412	0.01089
6	0.79335	0.01366	0.01115	0.01015	0.01390	0.01484	0.00788	0.01938	0.01222	0.02883	0.01179	0.01454	0.00981	0.00778	0.00522	0.00245	0.00573	0.00439	0.00479	0.00814
7	0.01522	0.03142	0.72506	0.01857	0.02703	0.01527	0.02220	0.02063	0.01447	0.02159	0.01399	0.01720	0.01081	0.00790	0.00704	0.00249	0.00960	0.00547	0.00372	0.01031
8	0.01198	0.00866	0.01042	0.00984	0.01149	0.00771	0.00711	0.01361	0.01841	0.02621	0.71743	0.04659	0.05562	0.01391	0.00830	0.00248	0.00408	0.01134	0.00744	0.00738
9	0.01198	0.00866	0.01042	0.00984	0.01149	0.00771	0.00711	0.01361	0.01841	0.02621	0.71743	0.04659	0.05562	0.01391	0.00830	0.00248	0.00408	0.01134	0.00744	0.00738
10	0.01888	0.75674	0.03183	0.01232	0.01737	0.02424	0.01132	0.01969	0.01403	0.01712	0.01178	0.01442	0.01090	0.00739	0.00535	0.00192	0.00736	0.00435	0.00375	0.00924
11	0.02883	0.01239	0.01582	0.01270	0.01730	0.01059	0.01000	0.02999	0.01858	0.72419	0.02579	0.02429	0.01744	0.00948	0.00734	0.00245	0.00616	0.00693	0.00819	0.01154
12	0.01198	0.00866	0.01042	0.00984	0.01149	0.00771	0.00711	0.01361	0.01841	0.02621	0.71743	0.04659	0.05562	0.01391	0.00830	0.00248	0.00408	0.01134	0.00744	0.00738
13	0.01198	0.00866	0.01042	0.00984	0.01149	0.00771	0.00711	0.01361	0.01841	0.02621	0.71743	0.04659	0.05562	0.01391	0.00830	0.00248	0.00408	0.01134	0.00744	0.00738
14	0.01786	0.01483	0.01549	0.01410	0.01756	0.01618	0.01062	0.03241	0.70915	0.02716	0.02647	0.02609	0.02061	0.01013	0.00741	0.00261	0.00583	0.00762	0.00698	0.01088
15	0.01716	0.01785	0.03545	0.02605	0.03196	0.01640	0.69819	0.02083	0.01583	0.02179	0.01525	0.02042	0.01219	0.00732	0.00830	0.00260	0.01074	0.00789	0.00417	0.00960
16	0.01198	0.00866	0.01042	0.00984	0.01149	0.00771	0.00711	0.01361	0.01841	0.02621	0.71743	0.04659	0.05562	0.01391	0.00830	0.00248	0.00408	0.01134	0.00744	0.00738
17	0.02471	0.02919	0.01863	0.01707	0.02025	0.73090	0.01253	0.02516	0.01843	0.01764	0.01263	0.01552	0.01093	0.00834	0.00677	0.00216	0.01138	0.00495	0.00423	0.00856
18	0.01779	0.01608	0.02535	0.03660	0.71947	0.01557	0.01877	0.02009	0.01538	0.02214	0.01447	0.01920	0.01255	0.00758	0.00726	0.00238	0.00801	0.00630	0.00412	0.01089
19	0.00823	0.00594	0.00777	0.00732	0.00869	0.00549	0.00549	0.01097	0.01646	0.02332	0.75629	0.04344	0.05487	0.01189	0.00686	0.00183	0.00274	0.01052	0.00640	0.00549
20	0.70201	0.01159	0.01001	0.07168	0.01417	0.01344	0.00750	0.07627	0.01147	0.02604	0.00876	0.01031	0.00671	0.00556	0.00396	0.00181	0.00492	0.00349	0.00370	0.00661
21	0.00790	0.00593	0.00762	0.00818	0.00931	0.00522	0.00564	0.00917	0.01129	0.01552	0.02848	0.66377	0.03356	0.01593	0.00691	0.00212	0.00353	0.01438	0.00508	0.14046
22	0.00843	0.00574	0.00684	0.00684	0.00701	0.00591	0.00414	0.00877	0.00860	0.01164	0.01787	0.03556	0.02006	0.67212	0.15162	0.00625	0.00727	0.00809	0.00346	0.00380
23	0.01322	0.01141	0.01196	0.01086	0.01393	0.01289	0.00842	0.02720	0.62804	0.02291	0.02946	0.02732	0.13916	0.00901	0.00607	0.00197	0.00433	0.00751	0.00583	0.00850
24	0.01110	0.02612	0.64106	0.01505	0.02246	0.01219	0.01886	0.01719	0.01296	0.01922	0.13293	0.01740	0.01517	0.00657	0.00574	0.00184	0.00763	0.00532	0.00310	0.00808
25	0.00747	0.00794	0.06855	0.00716	0.00962	0.00576	0.00623	0.00948	0.01319	0.01607	0.05262	0.05317	0.63602	0.01408	0.00686	0.00201	0.00361	0.06975	0.00515	0.00525

[dist]
# distance from previous block
# <min> <max>
0	61

[block]
# block no. 4 follows, 40 sequences, length 9
# corresponding to MSA columns:
# 177-185
name=unknown_E
#
# <colnr> <probs for GDERKNQSTAVLIFYWHMCP>
#	G	D	E	R	K	N	Q	S	T	A	V	L	I	F	Y	W	H	M	C	P
0	0.02609	0.00990	0.01350	0.01035	0.01484	0.00855	0.00855	0.02834	0.01664	0.76338	0.02294	0.01979	0.01439	0.00720	0.00585	0.00180	0.00495	0.00585	0.00720	0.00990
1	0.00734	0.00591	0.00653	0.00638	0.00814	0.00511	0.00478	0.00924	0.01435	0.01831	0.29733	0.05168	0.51695	0.01376	0.00687	0.00192	0.00288	0.01167	0.00574	0.00511
2	0.83671	0.01125	0.00855	0.00765	0.01125	0.01305	0.00630	0.01709	0.00990	0.02609	0.00810	0.00945	0.00630	0.00540	0.00360	0.00180	0.00450	0.00315	0.00360	0.00630
3	0.01800	0.01245	0.01408	0.01140	0.01446	0.01360	0.00900	0.48958	0.02058	0.02757	0.01264	0.01523	0.00996	0.01150	0.01160	0.28519	0.00594	0.00517	0.00469	0.00737
4	0.00709	0.00506	0.00675	0.00810	0.00843	0.00472	0.00540	0.00810	0.01113	0.01484	0.03205	0.79184	0.03846	0.01822	0.00742	0.00236	0.00337	0.01653	0.00540	0.00472
5	0.00859	0.00614	0.00847	0.00982	0.01081	0.00602	0.00801	0.01070	0.01262	0.01653	0.03122	0.31388	0.03517	0.01680	0.00782	0.00257	0.00468	0.47964	0.00537	0.00514
6	0.01399	0.52946	0.02602	0.27378	0.02352	0.01956	0.01207	0.01654	0.01175	0.01408	0.00885	0.01144	0.00756	0.00526	0.00444	0.00148	0.00674	0.00381	0.00252	0.00712
7	0.01399	0.52946	0.02602	0.27378	0.02352	0.01956	0.01207	0.01654	0.01175	0.01408	0.00885	0.01144	0.00756	0.00526	0.00444	0.00148	0.00674	0.00381	0.00252	0.00712
8	0.00892	0.00583	0.00874	0.00874	0.00942	0.00651	0.00651	0.00942	0.00874	0.01234	0.01370	0.02108	0.01302	0.03561	0.51622	0.29019	0.01198	0.00583	0.00291	0.00428

[dist]
# distance from previous block
# <min> <max>
1	8

# created by:
# /software/SequenceAnalysis/GenePrediction/augustus/3.0.1/scripts/msa2prfl.pl ./fixed/BUSCOvEOG7WHB1V.fas
