[name]
unknown

[dist]
# distance from previous block
# <min> <max>
0	179

[block]
# block no. 0 follows, 41 sequences, length 7
# corresponding to MSA columns:
# 215-221
name=unknown_A
#
# <colnr> <probs for GDERKNQSTAVLIFYWHMCP>
#	G	D	E	R	K	N	Q	S	T	A	V	L	I	F	Y	W	H	M	C	P
0	0.00938	0.00701	0.00990	0.00955	0.01088	0.00809	0.00748	0.07551	0.01077	0.01530	0.01518	0.02169	0.01389	0.03969	0.70777	0.00853	0.01452	0.00604	0.00330	0.00552
1	0.10403	0.01625	0.01701	0.01334	0.01785	0.01777	0.01085	0.65872	0.02565	0.03575	0.01430	0.01493	0.01050	0.00749	0.00601	0.00194	0.00649	0.00533	0.00587	0.00993
2	0.01043	0.00604	0.00695	0.00678	0.00797	0.00654	0.00521	0.01285	0.01132	0.01940	0.01739	0.02110	0.01422	0.01380	0.15096	0.00292	0.05663	0.00550	0.61858	0.00541
3	0.00821	0.00593	0.00773	0.00728	0.00863	0.00547	0.00545	0.01088	0.01625	0.02303	0.75906	0.04283	0.05400	0.01176	0.00679	0.00182	0.00274	0.01037	0.00633	0.00546
4	0.00829	0.00621	0.00927	0.00927	0.01030	0.00722	0.00720	0.01030	0.00927	0.01339	0.01542	0.02261	0.01440	0.04291	0.77498	0.00920	0.01534	0.00616	0.00310	0.00517
5	0.01426	0.01366	0.02327	0.03514	0.76204	0.01365	0.01758	0.01763	0.01309	0.01879	0.01087	0.01431	0.00917	0.00517	0.00571	0.00172	0.00683	0.00513	0.00287	0.00911
6	0.01078	0.00542	0.00542	0.00541	0.00676	0.00540	0.00405	0.01341	0.01206	0.02142	0.01876	0.02146	0.01476	0.00674	0.00405	0.00135	0.00271	0.00537	0.82929	0.00539

[dist]
# distance from previous block
# <min> <max>
0	30

[block]
# block no. 1 follows, 41 sequences, length 66
# corresponding to MSA columns:
# 252-317
name=unknown_B
#
# <colnr> <probs for GDERKNQSTAVLIFYWHMCP>
#	G	D	E	R	K	N	Q	S	T	A	V	L	I	F	Y	W	H	M	C	P
0	0.02563	0.01070	0.01401	0.01114	0.01537	0.00921	0.00891	0.02732	0.01736	0.68546	0.08505	0.02371	0.01902	0.00864	0.00661	0.00211	0.00531	0.00669	0.00753	0.01022
1	0.02328	0.01712	0.01825	0.01429	0.01891	0.01852	0.01155	0.72416	0.02759	0.03716	0.01546	0.01622	0.01143	0.00805	0.00649	0.00205	0.00688	0.00573	0.00627	0.01058
2	0.01224	0.01045	0.01255	0.07293	0.01589	0.00853	0.00773	0.04918	0.01254	0.01913	0.01034	0.01223	0.00846	0.00448	0.00443	0.00098	0.00461	0.00361	0.00343	0.72626
3	0.01172	0.01003	0.01180	0.02952	0.01406	0.00801	0.00708	0.01505	0.05682	0.01864	0.01207	0.05320	0.01052	0.00520	0.00453	0.00102	0.00430	0.00429	0.00361	0.71853
4	0.01438	0.48062	0.30093	0.01220	0.01838	0.01852	0.01389	0.01800	0.01202	0.05107	0.00950	0.01073	0.00763	0.00520	0.00442	0.00147	0.00692	0.00362	0.00266	0.00786
5	0.01061	0.12408	0.01316	0.01028	0.01171	0.09589	0.03107	0.01194	0.01148	0.01440	0.02228	0.48211	0.02572	0.01339	0.00777	0.00208	0.09086	0.01139	0.00424	0.00553
6	0.00805	0.00587	0.00830	0.00846	0.00920	0.00653	0.00620	0.00956	0.00924	0.01301	0.01784	0.12034	0.01847	0.18853	0.53490	0.00763	0.01192	0.00780	0.00342	0.00473
7	0.00684	0.00580	0.00591	0.00588	0.00778	0.00486	0.00441	0.00837	0.01323	0.01591	0.10101	0.05429	0.71762	0.01431	0.00676	0.00192	0.00289	0.01197	0.00537	0.00486
8	0.01147	0.02959	0.76934	0.01630	0.02476	0.01328	0.02113	0.01811	0.01208	0.01811	0.01026	0.01208	0.00725	0.00543	0.00543	0.00181	0.00845	0.00423	0.00242	0.00845
9	0.01418	0.01563	0.01685	0.53906	0.03246	0.25659	0.01434	0.01724	0.01296	0.01442	0.00974	0.01367	0.00754	0.00577	0.00554	0.00177	0.00848	0.00464	0.00267	0.00644
10	0.00832	0.00555	0.00624	0.00624	0.00624	0.00555	0.00347	0.00832	0.00832	0.01109	0.01802	0.03743	0.02080	0.79898	0.02911	0.00555	0.00555	0.00832	0.00347	0.00347
11	0.02111	0.02683	0.01625	0.01474	0.01760	0.75386	0.01109	0.02258	0.01599	0.01399	0.00880	0.01038	0.00737	0.00601	0.00556	0.00150	0.03305	0.00372	0.00293	0.00662
12	0.00726	0.00584	0.00650	0.00667	0.00821	0.00518	0.00487	0.00929	0.03687	0.01677	0.16589	0.20832	0.46895	0.01454	0.00684	0.00199	0.00301	0.01249	0.00549	0.00502
13	0.02457	0.00949	0.01292	0.00999	0.01423	0.00822	0.00822	0.02682	0.01636	0.72108	0.06834	0.02091	0.01663	0.00737	0.00581	0.00177	0.00473	0.00604	0.00703	0.00947
14	0.00697	0.00498	0.00664	0.00796	0.00830	0.00465	0.00531	0.00796	0.01095	0.01460	0.03153	0.79525	0.03783	0.01792	0.00730	0.00232	0.00332	0.01626	0.00531	0.00465
15	0.51182	0.01209	0.01098	0.00937	0.01308	0.01373	0.00763	0.14839	0.14294	0.06252	0.01236	0.01267	0.00917	0.00610	0.00443	0.00179	0.00479	0.00418	0.00449	0.00749
16	0.01333	0.01510	0.03272	0.07137	0.03048	0.01436	0.69741	0.01809	0.01337	0.01809	0.01148	0.01542	0.00861	0.00488	0.00669	0.00193	0.00952	0.00665	0.00287	0.00763
17	0.00817	0.00613	0.00919	0.00919	0.01021	0.00715	0.00715	0.01021	0.00919	0.01328	0.01532	0.02247	0.01430	0.04290	0.77631	0.00919	0.01532	0.00613	0.00306	0.00511
18	0.00999	0.00762	0.00965	0.01036	0.01205	0.00796	0.00869	0.01526	0.16604	0.01829	0.03035	0.09949	0.06782	0.01420	0.00737	0.00243	0.00487	0.49618	0.00539	0.00599
19	0.57940	0.01064	0.00996	0.00837	0.01219	0.01142	0.00690	0.02035	0.01185	0.26261	0.01263	0.01254	0.00874	0.00588	0.00425	0.00177	0.00457	0.00395	0.00467	0.00733
20	0.02465	0.01135	0.01428	0.01094	0.01541	0.01081	0.00904	0.21227	0.01908	0.57904	0.02029	0.01799	0.01302	0.00702	0.00574	0.00176	0.00523	0.00560	0.00673	0.00973
21	0.00697	0.00498	0.00664	0.00796	0.00830	0.00465	0.00531	0.00796	0.01095	0.01460	0.03153	0.79525	0.03783	0.01792	0.00730	0.00232	0.00332	0.01626	0.00531	0.00465
22	0.01339	0.01511	0.03197	0.02311	0.02826	0.01480	0.66243	0.01782	0.01298	0.01782	0.01113	0.01511	0.00855	0.00539	0.00807	0.00199	0.09510	0.00656	0.00285	0.00755
23	0.01820	0.01261	0.01338	0.01066	0.01420	0.01377	0.00868	0.51070	0.02213	0.03134	0.01531	0.01616	0.01130	0.00680	0.00517	0.00159	0.00513	0.00521	0.26932	0.00832
24	0.00676	0.00579	0.00579	0.00579	0.00773	0.00483	0.00435	0.00821	0.01304	0.01545	0.05794	0.05505	0.76098	0.01449	0.00676	0.00193	0.00290	0.01207	0.00531	0.00483
25	0.00810	0.00585	0.00765	0.00720	0.00855	0.00540	0.00540	0.01079	0.01619	0.02294	0.76028	0.04273	0.05397	0.01169	0.00675	0.00180	0.00270	0.01034	0.00630	0.00540
26	0.01186	0.01017	0.01186	0.00847	0.01356	0.00762	0.00678	0.01440	0.01186	0.01864	0.01017	0.01186	0.00847	0.00424	0.00424	0.00085	0.00424	0.00339	0.00339	0.83395
27	0.00733	0.00526	0.00696	0.00772	0.00838	0.00489	0.00534	0.00887	0.01263	0.01726	0.26437	0.55481	0.04299	0.01593	0.00712	0.00216	0.00312	0.01437	0.00562	0.00489
28	0.00832	0.00555	0.00624	0.00624	0.00624	0.00555	0.00347	0.00832	0.00832	0.01109	0.01802	0.03743	0.02080	0.79898	0.02911	0.00555	0.00555	0.00832	0.00347	0.00347
29	0.00724	0.00595	0.00647	0.00673	0.00854	0.00517	0.00530	0.00893	0.01306	0.01578	0.05250	0.05691	0.61779	0.01474	0.00698	0.00207	0.00336	0.15224	0.00530	0.00491
30	0.00817	0.00613	0.00919	0.00919	0.01021	0.00715	0.00715	0.01021	0.00919	0.01328	0.01532	0.02247	0.01430	0.04290	0.77631	0.00919	0.01532	0.00613	0.00306	0.00511
31	0.00882	0.00630	0.00877	0.01009	0.01123	0.00625	0.00853	0.01117	0.01278	0.01668	0.03050	0.19219	0.03378	0.01617	0.00780	0.00258	0.00493	0.60101	0.00527	0.00516
32	0.02137	0.02726	0.01621	0.01474	0.01768	0.77602	0.01105	0.02284	0.01621	0.01400	0.00884	0.01031	0.00737	0.00589	0.00516	0.00147	0.01031	0.00368	0.00295	0.00663
33	0.01465	0.01392	0.02347	0.03524	0.75752	0.01384	0.01769	0.01788	0.01333	0.01914	0.01127	0.01485	0.00954	0.00544	0.00588	0.00179	0.00695	0.00526	0.00301	0.00930
34	0.00886	0.00594	0.00663	0.00661	0.00666	0.00587	0.00372	0.00872	0.00867	0.01161	0.01847	0.03794	0.02118	0.79282	0.02914	0.00561	0.00571	0.00845	0.00364	0.00376
35	0.00871	0.00652	0.00956	0.00954	0.01061	0.00746	0.00737	0.01060	0.00953	0.01378	0.01579	0.02310	0.01474	0.04294	0.77021	0.00923	0.01541	0.00628	0.00324	0.00538
36	0.00731	0.00619	0.00619	0.00617	0.00814	0.00515	0.00459	0.00861	0.01335	0.01593	0.05807	0.05541	0.75530	0.01476	0.00697	0.00202	0.00309	0.01218	0.00547	0.00511
37	0.01199	0.02978	0.76348	0.01659	0.02503	0.01354	0.02124	0.01844	0.01239	0.01857	0.01078	0.01279	0.00774	0.00578	0.00565	0.00190	0.00860	0.00440	0.00260	0.00870
38	0.01769	0.01291	0.01406	0.01202	0.01569	0.01425	0.00948	0.15497	0.51370	0.13408	0.02192	0.02038	0.01605	0.00783	0.00601	0.00197	0.00506	0.00628	0.00614	0.00951
39	0.01465	0.01392	0.02347	0.03524	0.75752	0.01384	0.01769	0.01788	0.01333	0.01914	0.01127	0.01485	0.00954	0.00544	0.00588	0.00179	0.00695	0.00526	0.00301	0.00930
40	0.00752	0.00538	0.00703	0.00832	0.00870	0.00497	0.00555	0.00837	0.01128	0.01509	0.03187	0.78954	0.03808	0.01816	0.00750	0.00241	0.00351	0.01633	0.00547	0.00493
41	0.02180	0.02748	0.01652	0.01504	0.01801	0.77002	0.01124	0.02312	0.01649	0.01449	0.00937	0.01104	0.00786	0.00623	0.00538	0.00157	0.01045	0.00386	0.00312	0.00689
42	0.01132	0.01052	0.01746	0.77922	0.03955	0.01297	0.01603	0.01496	0.01176	0.01510	0.01068	0.01594	0.00812	0.00606	0.00594	0.00200	0.00778	0.00525	0.00272	0.00662
43	0.01571	0.77668	0.02986	0.01026	0.01504	0.02269	0.01005	0.01737	0.01187	0.01396	0.00847	0.00999	0.00784	0.00537	0.00428	0.00135	0.02570	0.00329	0.00263	0.00757
44	0.00752	0.00538	0.00703	0.00832	0.00870	0.00497	0.00555	0.00837	0.01128	0.01509	0.03187	0.78954	0.03808	0.01816	0.00750	0.00241	0.00351	0.01633	0.00547	0.00493
45	0.08205	0.01285	0.02073	0.22092	0.51392	0.01356	0.01633	0.01708	0.01266	0.01870	0.01089	0.01472	0.00895	0.00562	0.00572	0.00185	0.00697	0.00509	0.00300	0.00839
46	0.01496	0.57651	0.22013	0.01194	0.01771	0.04066	0.01294	0.01786	0.01218	0.01517	0.00910	0.01069	0.00781	0.00541	0.00440	0.00148	0.00700	0.00356	0.00263	0.00787
47	0.01546	0.73237	0.09132	0.01067	0.01587	0.02204	0.01092	0.01754	0.01198	0.01434	0.00868	0.01015	0.00783	0.00529	0.00405	0.00137	0.00648	0.00333	0.00263	0.00769
48	0.00752	0.00538	0.00703	0.00832	0.00870	0.00497	0.00555	0.00837	0.01128	0.01509	0.03187	0.78954	0.03808	0.01816	0.00750	0.00241	0.00351	0.01633	0.00547	0.00493
49	0.00810	0.00644	0.00729	0.00768	0.00946	0.00572	0.00615	0.00978	0.01339	0.01647	0.04923	0.05843	0.52268	0.01518	0.00733	0.00225	0.00385	0.23990	0.00546	0.00525
50	0.01462	0.01401	0.02397	0.03472	0.72259	0.01389	0.05222	0.01792	0.01336	0.01912	0.01131	0.01491	0.00953	0.00543	0.00593	0.00180	0.00709	0.00534	0.00301	0.00924
51	0.00777	0.00538	0.00710	0.00828	0.00863	0.00500	0.00552	0.00833	0.01099	0.01470	0.03008	0.72521	0.03577	0.01832	0.00875	0.07115	0.00364	0.01540	0.00523	0.00475
52	0.00886	0.00594	0.00663	0.00661	0.00666	0.00587	0.00372	0.00872	0.00867	0.01161	0.01847	0.03794	0.02118	0.79282	0.02914	0.00561	0.00571	0.00845	0.00364	0.00376
53	0.01813	0.01220	0.01362	0.01169	0.01533	0.01320	0.00920	0.07429	0.51252	0.21644	0.02291	0.02102	0.01654	0.00785	0.00601	0.00197	0.00490	0.00635	0.00629	0.00951
54	0.01377	0.26542	0.49119	0.01451	0.02152	0.06372	0.01715	0.01843	0.01251	0.01690	0.00999	0.01179	0.00778	0.00564	0.00510	0.00170	0.00800	0.00401	0.00264	0.00825
55	0.01266	0.01232	0.01713	0.01484	0.01497	0.01688	0.01225	0.01383	0.00914	0.01422	0.00869	0.01405	0.00857	0.01304	0.08153	0.00314	0.71832	0.00526	0.00273	0.00643
56	0.00864	0.00624	0.00803	0.00756	0.00895	0.00572	0.00563	0.01118	0.01647	0.02336	0.75465	0.04319	0.05409	0.01199	0.00695	0.00189	0.00289	0.01046	0.00645	0.00567
57	0.02606	0.01009	0.01361	0.01052	0.01496	0.00870	0.00862	0.02812	0.01665	0.76158	0.02298	0.02012	0.01460	0.00741	0.00597	0.00186	0.00504	0.00591	0.00722	0.00997
58	0.01199	0.02978	0.76348	0.01659	0.02503	0.01354	0.02124	0.01844	0.01239	0.01857	0.01078	0.01279	0.00774	0.00578	0.00565	0.00190	0.00860	0.00440	0.00260	0.00870
59	0.01403	0.01441	0.06772	0.03228	0.66577	0.01328	0.01709	0.01733	0.01328	0.01891	0.01417	0.01726	0.05609	0.00605	0.00593	0.00181	0.00681	0.00564	0.00314	0.00900
60	0.01302	0.01285	0.01782	0.01532	0.01537	0.01774	0.01269	0.01412	0.00910	0.01426	0.00805	0.01322	0.00800	0.01032	0.01888	0.00259	0.78226	0.00517	0.00268	0.00652
61	0.00771	0.00615	0.00678	0.00671	0.00841	0.00531	0.00495	0.00935	0.01414	0.01806	0.26075	0.09679	0.50572	0.01415	0.00700	0.00201	0.00306	0.01193	0.00576	0.00526
62	0.01241	0.05858	0.01313	0.01221	0.07432	0.04957	0.00883	0.05817	0.01203	0.06280	0.01487	0.01987	0.01305	0.02918	0.48417	0.00638	0.01208	0.00569	0.01955	0.03311
63	0.01950	0.01586	0.01654	0.01447	0.06252	0.06799	0.01095	0.43801	0.23671	0.03029	0.01648	0.01644	0.01225	0.00728	0.00593	0.00186	0.00625	0.00559	0.00554	0.00952
64	0.00752	0.00538	0.00703	0.00832	0.00870	0.00497	0.00555	0.00837	0.01128	0.01509	0.03187	0.78954	0.03808	0.01816	0.00750	0.00241	0.00351	0.01633	0.00547	0.00493
65	0.00961	0.00687	0.00943	0.01071	0.01201	0.00677	0.00918	0.01198	0.01334	0.01743	0.03071	0.11017	0.03351	0.01619	0.00806	0.00270	0.00532	0.67507	0.00543	0.00550

[dist]
# distance from previous block
# <min> <max>
31	108

# created by:
# /software/SequenceAnalysis/GenePrediction/augustus/3.0.1/scripts/msa2prfl.pl ./fixed/BUSCOvEOG72RFNN.fas
