[name]
unknown

[dist]
# distance from previous block
# <min> <max>
0	163

[block]
# block no. 0 follows, 41 sequences, length 7
# corresponding to MSA columns:
# 168-174
name=unknown_A
#
# <colnr> <probs for GDERKNQSTAVLIFYWHMCP>
#	G	D	E	R	K	N	Q	S	T	A	V	L	I	F	Y	W	H	M	C	P
0	0.83938	0.01106	0.00841	0.00752	0.01106	0.01283	0.00619	0.01681	0.00973	0.02566	0.00796	0.00929	0.00619	0.00531	0.00354	0.00177	0.00442	0.00310	0.00354	0.00619
1	0.01423	0.01229	0.01293	0.01164	0.01487	0.01423	0.00905	0.03039	0.75297	0.02393	0.02328	0.02134	0.01746	0.00776	0.00582	0.00194	0.00453	0.00647	0.00582	0.00905
2	0.00817	0.00613	0.00919	0.00919	0.01021	0.00715	0.00715	0.01021	0.00919	0.01328	0.01532	0.02247	0.01430	0.04290	0.77631	0.00919	0.01532	0.00613	0.00306	0.00511
3	0.01350	0.01543	0.03375	0.02411	0.02989	0.01446	0.74253	0.01832	0.01350	0.01832	0.01157	0.01543	0.00868	0.00482	0.00675	0.00193	0.00964	0.00675	0.00289	0.00771
4	0.01066	0.00533	0.00533	0.00533	0.00666	0.00533	0.00400	0.01333	0.01200	0.02132	0.01866	0.02132	0.01466	0.00666	0.00400	0.00133	0.00267	0.00533	0.83073	0.00533
5	0.00718	0.00513	0.00688	0.00820	0.00863	0.00483	0.00567	0.00833	0.01116	0.01484	0.03141	0.72699	0.03737	0.01772	0.00736	0.00235	0.00350	0.08244	0.00531	0.00470
6	0.00810	0.00585	0.00765	0.00720	0.00855	0.00540	0.00540	0.01079	0.01619	0.02294	0.76028	0.04273	0.05397	0.01169	0.00675	0.00180	0.00270	0.01034	0.00630	0.00540

[dist]
# distance from previous block
# <min> <max>
0	1

[block]
# block no. 1 follows, 41 sequences, length 78
# corresponding to MSA columns:
# 176-253
name=unknown_B
#
# <colnr> <probs for GDERKNQSTAVLIFYWHMCP>
#	G	D	E	R	K	N	Q	S	T	A	V	L	I	F	Y	W	H	M	C	P
0	0.02551	0.02933	0.01920	0.01763	0.02084	0.71869	0.01285	0.02555	0.01892	0.01872	0.01387	0.01726	0.01212	0.00914	0.00727	0.00239	0.01156	0.00535	0.00465	0.00915
1	0.01243	0.00899	0.01070	0.03682	0.01310	0.00809	0.00781	0.01207	0.01395	0.01909	0.03336	0.67515	0.03831	0.06096	0.01034	0.00333	0.00537	0.01615	0.00664	0.00731
2	0.01675	0.01358	0.01519	0.01186	0.01704	0.01052	0.00891	0.01777	0.01491	0.02299	0.01509	0.01868	0.01314	0.00762	0.00642	0.00182	0.00596	0.00508	0.00505	0.77163
3	0.01991	0.74374	0.03189	0.01307	0.01807	0.02435	0.01169	0.02028	0.01469	0.01822	0.01305	0.01621	0.01209	0.00822	0.00590	0.00216	0.00769	0.00477	0.00419	0.00980
4	0.05912	0.01326	0.01835	0.58425	0.03542	0.01448	0.01543	0.01797	0.03894	0.02025	0.02013	0.02563	0.08716	0.00990	0.00778	0.00279	0.00835	0.00727	0.00471	0.00882
5	0.71873	0.01430	0.01237	0.01118	0.01500	0.01499	0.00854	0.02082	0.01344	0.08478	0.01415	0.01708	0.01163	0.00874	0.00595	0.00267	0.00617	0.00501	0.00546	0.00901
6	0.69333	0.01415	0.01207	0.01102	0.01469	0.01487	0.00838	0.04069	0.01370	0.02901	0.01696	0.01986	0.06743	0.00934	0.00609	0.00268	0.00607	0.00554	0.00539	0.00875
7	0.01577	0.01358	0.02007	0.72774	0.04085	0.01520	0.01731	0.01797	0.01452	0.01928	0.01509	0.02181	0.01236	0.00898	0.00779	0.00279	0.00908	0.00664	0.00427	0.00889
8	0.02552	0.02890	0.01924	0.01757	0.02084	0.68968	0.01285	0.05315	0.01933	0.01956	0.01406	0.01739	0.01221	0.00918	0.00729	0.00240	0.01141	0.00541	0.00475	0.00927
9	0.00753	0.00634	0.00635	0.00632	0.00830	0.00528	0.00468	0.00877	0.01347	0.01612	0.05812	0.05555	0.75310	0.01486	0.00705	0.00206	0.00316	0.01222	0.00553	0.00521
10	0.83069	0.01155	0.00893	0.00802	0.01159	0.01319	0.00651	0.01727	0.01020	0.02621	0.00870	0.01031	0.00690	0.00579	0.00386	0.00190	0.00467	0.00335	0.00378	0.00656
11	0.00885	0.00639	0.00818	0.00770	0.00911	0.00584	0.00572	0.01132	0.01658	0.02352	0.75247	0.04337	0.05413	0.01210	0.00703	0.00193	0.00297	0.01051	0.00650	0.00578
12	0.01212	0.01021	0.01080	0.00995	0.01264	0.01093	0.00760	0.02225	0.45382	0.02200	0.11676	0.03411	0.23119	0.01055	0.00649	0.00205	0.00411	0.00869	0.00594	0.00779
13	0.83069	0.01155	0.00893	0.00802	0.01159	0.01319	0.00651	0.01727	0.01020	0.02621	0.00870	0.01031	0.00690	0.00579	0.00386	0.00190	0.00467	0.00335	0.00378	0.00656
14	0.00783	0.00557	0.00715	0.00833	0.00871	0.00517	0.00550	0.00855	0.01121	0.01502	0.03099	0.73081	0.03690	0.07651	0.00921	0.00269	0.00375	0.01577	0.00539	0.00495
15	0.01519	0.01335	0.01353	0.01222	0.01547	0.04470	0.00942	0.03040	0.71585	0.02411	0.02327	0.02179	0.01764	0.00814	0.00609	0.00205	0.00500	0.00657	0.00592	0.00930
16	0.00885	0.00639	0.00818	0.00770	0.00911	0.00584	0.00572	0.01132	0.01658	0.02352	0.75247	0.04337	0.05413	0.01210	0.00703	0.00193	0.00297	0.01051	0.00650	0.00578
17	0.00773	0.00553	0.00718	0.00846	0.00886	0.00510	0.00564	0.00853	0.01140	0.01528	0.03200	0.78733	0.03817	0.01825	0.00758	0.00245	0.00358	0.01636	0.00553	0.00503
18	0.00885	0.00639	0.00818	0.00770	0.00911	0.00584	0.00572	0.01132	0.01658	0.02352	0.75247	0.04337	0.05413	0.01210	0.00703	0.00193	0.00297	0.01051	0.00650	0.00578
19	0.01186	0.01017	0.01186	0.00847	0.01356	0.00762	0.00678	0.01440	0.01186	0.01864	0.01017	0.01186	0.00847	0.00424	0.00424	0.00085	0.00424	0.00339	0.00339	0.83395
20	0.01186	0.01017	0.01186	0.00847	0.01356	0.00762	0.00678	0.01440	0.01186	0.01864	0.01017	0.01186	0.00847	0.00424	0.00424	0.00085	0.00424	0.00339	0.00339	0.83395
21	0.02174	0.01602	0.01717	0.01316	0.01774	0.01774	0.01087	0.74423	0.02689	0.03605	0.01373	0.01373	0.00973	0.00687	0.00572	0.00172	0.00629	0.00515	0.00572	0.00973
22	0.02005	0.06777	0.01287	0.00931	0.01293	0.00859	0.00764	0.02222	0.01557	0.51010	0.15049	0.06064	0.05927	0.00859	0.00589	0.00177	0.00442	0.00715	0.00643	0.00833
23	0.01186	0.01017	0.01186	0.00847	0.01356	0.00762	0.00678	0.01440	0.01186	0.01864	0.01017	0.01186	0.00847	0.00424	0.00424	0.00085	0.00424	0.00339	0.00339	0.83395
24	0.01373	0.01118	0.01483	0.07025	0.01587	0.03912	0.02467	0.05232	0.03561	0.10808	0.07843	0.11760	0.01669	0.01003	0.01193	0.00218	0.35966	0.00706	0.00404	0.00671
25	0.01066	0.00533	0.00533	0.00533	0.00666	0.00533	0.00400	0.01333	0.01200	0.02132	0.01866	0.02132	0.01466	0.00666	0.00400	0.00133	0.00267	0.00533	0.83073	0.00533
26	0.01314	0.01343	0.02584	0.30744	0.06670	0.01401	0.38339	0.07104	0.01371	0.01828	0.01117	0.01518	0.00838	0.00532	0.00624	0.00189	0.00851	0.00593	0.00297	0.00742
27	0.00693	0.00580	0.00603	0.00597	0.00783	0.00490	0.00448	0.00854	0.01344	0.01642	0.14832	0.05346	0.67001	0.01413	0.00676	0.00191	0.00287	0.01185	0.00544	0.00490
28	0.01350	0.01543	0.03375	0.02411	0.02989	0.01446	0.74253	0.01832	0.01350	0.01832	0.01157	0.01543	0.00868	0.00482	0.00675	0.00193	0.00964	0.00675	0.00289	0.00771
29	0.83938	0.01106	0.00841	0.00752	0.01106	0.01283	0.00619	0.01681	0.00973	0.02566	0.00796	0.00929	0.00619	0.00531	0.00354	0.00177	0.00442	0.00310	0.00354	0.00619
30	0.02040	0.01506	0.01623	0.01266	0.01707	0.01653	0.01037	0.59228	0.12576	0.05624	0.01516	0.01488	0.01087	0.00688	0.00567	0.00171	0.00592	0.00527	0.00568	0.04536
31	0.01075	0.01096	0.02196	0.06875	0.02202	0.01048	0.40338	0.01399	0.01236	0.01661	0.01934	0.32266	0.02009	0.01004	0.00690	0.00208	0.00702	0.01039	0.00382	0.00641
32	0.01542	0.74909	0.05112	0.01017	0.01510	0.05215	0.01017	0.01738	0.01182	0.01362	0.00806	0.00931	0.00734	0.00495	0.00378	0.00125	0.00635	0.00312	0.00247	0.00734
33	0.00720	0.00578	0.00642	0.00633	0.00801	0.00500	0.00472	0.00903	0.01397	0.01782	0.28230	0.07885	0.50702	0.01372	0.00678	0.00190	0.00285	0.01167	0.00563	0.00500
34	0.83938	0.01106	0.00841	0.00752	0.01106	0.01283	0.00619	0.01681	0.00973	0.02566	0.00796	0.00929	0.00619	0.00531	0.00354	0.00177	0.00442	0.00310	0.00354	0.00619
35	0.02174	0.01602	0.01717	0.01316	0.01774	0.01774	0.01087	0.74423	0.02689	0.03605	0.01373	0.01373	0.00973	0.00687	0.00572	0.00172	0.00629	0.00515	0.00572	0.00973
36	0.01529	0.80242	0.02997	0.00979	0.01468	0.02263	0.00979	0.01713	0.01162	0.01346	0.00795	0.00918	0.00734	0.00489	0.00367	0.00122	0.00612	0.00306	0.00245	0.00734
37	0.00778	0.00583	0.00721	0.00686	0.00835	0.00526	0.00515	0.01018	0.01544	0.02116	0.59360	0.04565	0.22176	0.01236	0.00675	0.00183	0.00275	0.01075	0.00606	0.00526
38	0.00860	0.00711	0.00776	0.00770	0.00971	0.00688	0.00599	0.01308	0.15383	0.01776	0.09387	0.07250	0.45183	0.01331	0.00675	0.00203	0.00352	0.10655	0.00547	0.00572
39	0.00697	0.00498	0.00664	0.00796	0.00830	0.00465	0.00531	0.00796	0.01095	0.01460	0.03153	0.79525	0.03783	0.01792	0.00730	0.00232	0.00332	0.01626	0.00531	0.00465
40	0.01058	0.00663	0.00830	0.00854	0.00991	0.00641	0.00614	0.01353	0.09749	0.12220	0.03043	0.48091	0.08249	0.05604	0.00804	0.00235	0.00382	0.03483	0.00552	0.00585
41	0.01066	0.00533	0.00533	0.00533	0.00666	0.00533	0.00400	0.01333	0.01200	0.02132	0.01866	0.02132	0.01466	0.00666	0.00400	0.00133	0.00267	0.00533	0.83073	0.00533
42	0.06268	0.01632	0.01690	0.01381	0.04592	0.06065	0.01090	0.63852	0.02489	0.03360	0.01305	0.01333	0.00939	0.00666	0.00558	0.00170	0.00645	0.00496	0.00534	0.00935
43	0.02174	0.01602	0.01717	0.01316	0.01774	0.01774	0.01087	0.74423	0.02689	0.03605	0.01373	0.01373	0.00973	0.00687	0.00572	0.00172	0.00629	0.00515	0.00572	0.00973
44	0.01167	0.06858	0.73204	0.01597	0.02425	0.01376	0.02056	0.01806	0.01205	0.01788	0.01015	0.01193	0.00725	0.00541	0.00535	0.00178	0.00834	0.00417	0.00242	0.00840
45	0.01147	0.02959	0.76934	0.01630	0.02476	0.01328	0.02113	0.01811	0.01208	0.01811	0.01026	0.01208	0.00725	0.00543	0.00543	0.00181	0.00845	0.00423	0.00242	0.00845
46	0.83938	0.01106	0.00841	0.00752	0.01106	0.01283	0.00619	0.01681	0.00973	0.02566	0.00796	0.00929	0.00619	0.00531	0.00354	0.00177	0.00442	0.00310	0.00354	0.00619
47	0.00741	0.00628	0.00645	0.00633	0.00832	0.00557	0.00477	0.01005	0.06872	0.01659	0.10241	0.05169	0.65786	0.01379	0.00669	0.00192	0.00301	0.01154	0.00542	0.00518
48	0.01186	0.01017	0.01186	0.00847	0.01356	0.00762	0.00678	0.01440	0.01186	0.01864	0.01017	0.01186	0.00847	0.00424	0.00424	0.00085	0.00424	0.00339	0.00339	0.83395
49	0.01131	0.01040	0.01577	0.59116	0.03292	0.01265	0.01395	0.01753	0.16273	0.01655	0.01507	0.01835	0.04473	0.00654	0.00579	0.00191	0.00677	0.00569	0.00334	0.00683
50	0.01186	0.01017	0.01186	0.00847	0.01356	0.00762	0.00678	0.01440	0.01186	0.01864	0.01017	0.01186	0.00847	0.00424	0.00424	0.00085	0.00424	0.00339	0.00339	0.83395
51	0.01538	0.01286	0.01358	0.01187	0.01531	0.01477	0.00933	0.13995	0.64153	0.02579	0.02182	0.02017	0.01627	0.00762	0.00581	0.00191	0.00480	0.00626	0.00581	0.00916
52	0.00817	0.00613	0.00919	0.00919	0.01021	0.00715	0.00715	0.01021	0.00919	0.01328	0.01532	0.02247	0.01430	0.04290	0.77631	0.00919	0.01532	0.00613	0.00306	0.00511
53	0.01092	0.00747	0.00918	0.00916	0.01058	0.00755	0.00665	0.15636	0.01434	0.05681	0.02687	0.56919	0.03008	0.01615	0.03732	0.00245	0.00447	0.01311	0.00539	0.00594
54	0.00994	0.00497	0.00745	0.00745	0.00745	0.00497	0.00497	0.00745	0.00745	0.00994	0.00994	0.01739	0.00994	0.01987	0.02235	0.83358	0.00497	0.00497	0.00248	0.00248
55	0.01147	0.02959	0.76934	0.01630	0.02476	0.01328	0.02113	0.01811	0.01208	0.01811	0.01026	0.01208	0.00725	0.00543	0.00543	0.00181	0.00845	0.00423	0.00242	0.00845
56	0.01416	0.01359	0.02322	0.03511	0.76330	0.01359	0.01755	0.01755	0.01302	0.01869	0.01076	0.01416	0.00906	0.00510	0.00566	0.00170	0.00680	0.00510	0.00283	0.00906
57	0.00730	0.00551	0.00800	0.00878	0.00939	0.00514	0.04250	0.00849	0.01108	0.01479	0.03052	0.75591	0.03636	0.01726	0.00727	0.00230	0.00364	0.01578	0.00519	0.00480
58	0.01492	0.72742	0.10172	0.01042	0.01566	0.02173	0.01089	0.01722	0.01167	0.01391	0.00818	0.00946	0.00733	0.00495	0.00384	0.00128	0.00634	0.00317	0.00244	0.00745
59	0.02167	0.02027	0.01553	0.01308	0.01680	0.41330	0.01020	0.17327	0.01817	0.16960	0.01269	0.01296	0.00929	0.00622	0.00533	0.00154	0.00798	0.00438	0.00438	0.06333
60	0.06847	0.01021	0.01113	0.01000	0.01288	0.01098	0.00771	0.05335	0.37747	0.06477	0.08203	0.14098	0.04597	0.00935	0.00587	0.00187	0.00421	0.00791	0.00550	0.06935
61	0.00941	0.00755	0.00921	0.00818	0.01085	0.00614	0.00600	0.01115	0.01135	0.01652	0.02070	0.39279	0.02298	0.02724	0.00624	0.00166	0.00382	0.00974	0.00432	0.41415
62	0.13060	0.01293	0.02090	0.11404	0.54461	0.01342	0.04718	0.01716	0.01240	0.01921	0.01033	0.01364	0.00848	0.00518	0.00542	0.00174	0.00668	0.00488	0.00290	0.00830
63	0.00697	0.00498	0.00664	0.00796	0.00830	0.00465	0.00531	0.00796	0.01095	0.01460	0.03153	0.79525	0.03783	0.01792	0.00730	0.00232	0.00332	0.01626	0.00531	0.00465
64	0.01260	0.01060	0.01226	0.00882	0.01387	0.00838	0.00708	0.06883	0.01298	0.01994	0.01043	0.01200	0.00857	0.00443	0.00435	0.00091	0.00439	0.00352	0.00356	0.77248
65	0.01366	0.01105	0.01351	0.01027	0.01424	0.01045	0.00836	0.06961	0.01265	0.06910	0.01072	0.01264	0.00875	0.00580	0.00741	0.00131	0.16436	0.00401	0.00363	0.54846
66	0.01441	0.01367	0.01252	0.01148	0.01423	0.14384	0.00876	0.04850	0.46291	0.02142	0.07086	0.11440	0.02038	0.00890	0.00594	0.00189	0.00531	0.00739	0.00529	0.00788
67	0.02417	0.00974	0.01304	0.01009	0.01430	0.00862	0.00830	0.05998	0.01685	0.67768	0.07717	0.02094	0.01692	0.00741	0.00582	0.00177	0.00477	0.00607	0.00696	0.00941
68	0.01406	0.01093	0.01220	0.01131	0.01424	0.01223	0.00904	0.02642	0.54717	0.07798	0.02466	0.03001	0.02037	0.00935	0.00624	0.00207	0.00470	0.15290	0.00580	0.00833
69	0.01350	0.01543	0.03375	0.02411	0.02989	0.01446	0.74253	0.01832	0.01350	0.01832	0.01157	0.01543	0.00868	0.00482	0.00675	0.00193	0.00964	0.00675	0.00289	0.00771
70	0.07051	0.74940	0.02853	0.00964	0.01444	0.02198	0.00955	0.01711	0.01150	0.01428	0.00795	0.00918	0.00726	0.00492	0.00366	0.00126	0.00600	0.00306	0.00252	0.00726
71	0.01400	0.01532	0.03179	0.02290	0.02830	0.01485	0.65506	0.06672	0.01415	0.01927	0.01150	0.01516	0.00869	0.00523	0.00731	0.00194	0.05044	0.00655	0.00306	0.00777
72	0.00832	0.00618	0.00825	0.05970	0.01087	0.00600	0.00646	0.01072	0.01437	0.01973	0.46376	0.07967	0.09129	0.07111	0.00855	0.00225	0.00367	0.11830	0.00557	0.00522
73	0.01313	0.01559	0.07009	0.07397	0.02908	0.01453	0.59786	0.01770	0.01291	0.01770	0.01109	0.01501	0.00844	0.00533	0.00757	0.00197	0.07131	0.00637	0.00281	0.00755
74	0.79630	0.01191	0.00882	0.00790	0.01141	0.05302	0.00645	0.01713	0.01008	0.02505	0.00801	0.00935	0.00626	0.00534	0.00362	0.00175	0.00473	0.00313	0.00351	0.00622
75	0.01361	0.06445	0.01345	0.01115	0.01418	0.01376	0.00882	0.02696	0.60890	0.02204	0.02250	0.02459	0.01811	0.04984	0.00706	0.00213	0.00474	0.05991	0.00543	0.00836
76	0.00828	0.00614	0.00828	0.05933	0.01061	0.00589	0.00610	0.01105	0.01587	0.02238	0.71002	0.04089	0.05086	0.01129	0.00668	0.00181	0.00303	0.00999	0.00604	0.00546
77	0.01421	0.01132	0.01228	0.01109	0.01411	0.01277	0.00859	0.02778	0.61913	0.07300	0.05300	0.07978	0.02020	0.00863	0.00596	0.00195	0.00439	0.00730	0.00589	0.00863

[dist]
# distance from previous block
# <min> <max>
8	270

# created by:
# /software/SequenceAnalysis/GenePrediction/augustus/3.0.1/scripts/msa2prfl.pl ./fixed/BUSCOvEOG7RBRZN.fas
