[name]
unknown

[dist]
# distance from previous block
# <min> <max>
139	482

[block]
# block no. 0 follows, 41 sequences, length 8
# corresponding to MSA columns:
# 578-585
name=unknown_A
#
# <colnr> <probs for GDERKNQSTAVLIFYWHMCP>
#	G	D	E	R	K	N	Q	S	T	A	V	L	I	F	Y	W	H	M	C	P
0	0.01545	0.01324	0.06210	0.01293	0.08120	0.09556	0.00969	0.04245	0.13378	0.15233	0.01804	0.14373	0.01566	0.00799	0.00562	0.00167	0.00549	0.00672	0.00467	0.17168
1	0.21070	0.01078	0.01623	0.06451	0.01793	0.01086	0.19586	0.01884	0.03595	0.17619	0.08076	0.01808	0.01413	0.00638	0.00538	0.00178	0.00572	0.00572	0.09695	0.00725
2	0.00852	0.00717	0.01118	0.01062	0.01155	0.00741	0.09613	0.00993	0.01080	0.01468	0.02524	0.54925	0.02941	0.07733	0.01029	0.00255	0.09513	0.01317	0.00454	0.00511
3	0.09137	0.01750	0.01464	0.01252	0.01600	0.23935	0.00982	0.28259	0.16417	0.02496	0.01473	0.06090	0.01194	0.00728	0.00548	0.00173	0.00679	0.00547	0.00471	0.00806
4	0.01762	0.01355	0.01921	0.12375	0.32638	0.01433	0.01400	0.26936	0.01798	0.10794	0.01303	0.01475	0.00967	0.00601	0.00570	0.00174	0.00652	0.00519	0.00427	0.00901
5	0.01148	0.01095	0.01828	0.06040	0.01942	0.00993	0.24531	0.01531	0.05485	0.01779	0.01567	0.17124	0.01491	0.00747	0.00585	0.00162	0.00602	0.00734	0.00370	0.30248
6	0.01577	0.02554	0.37437	0.08394	0.02299	0.25774	0.01625	0.10334	0.01506	0.01856	0.01020	0.01199	0.00761	0.00577	0.00540	0.00170	0.00873	0.00424	0.00298	0.00783
7	0.11051	0.01178	0.01746	0.02354	0.43600	0.01180	0.01290	0.01872	0.05855	0.12918	0.01822	0.01939	0.09415	0.00663	0.00556	0.00176	0.00566	0.00583	0.00400	0.00835

[dist]
# distance from previous block
# <min> <max>
0	2

[block]
# block no. 1 follows, 41 sequences, length 8
# corresponding to MSA columns:
# 588-595
name=unknown_B
#
# <colnr> <probs for GDERKNQSTAVLIFYWHMCP>
#	G	D	E	R	K	N	Q	S	T	A	V	L	I	F	Y	W	H	M	C	P
0	0.00744	0.00548	0.00734	0.00790	0.00873	0.00538	0.00566	0.00905	0.01175	0.01599	0.17130	0.40658	0.09991	0.02213	0.18335	0.00376	0.00591	0.01242	0.00499	0.00491
1	0.01591	0.01389	0.01979	0.02541	0.44367	0.01467	0.01433	0.18661	0.16332	0.02371	0.01393	0.01549	0.01088	0.00603	0.00571	0.00175	0.00623	0.00538	0.00409	0.00921
2	0.01379	0.01148	0.01706	0.02241	0.38851	0.01174	0.01254	0.01989	0.18343	0.07396	0.16349	0.02186	0.02028	0.00716	0.00592	0.00178	0.00532	0.00650	0.00451	0.00838
3	0.01349	0.01291	0.02201	0.18425	0.61937	0.01341	0.01722	0.01697	0.01271	0.01788	0.01064	0.01437	0.00877	0.00522	0.00567	0.00174	0.00696	0.00509	0.00277	0.00852
4	0.04632	0.01162	0.01630	0.17311	0.28669	0.04949	0.01271	0.06735	0.05188	0.01850	0.01606	0.19330	0.01565	0.00847	0.00595	0.00189	0.00609	0.00758	0.00374	0.00732
5	0.01447	0.01244	0.01853	0.02468	0.44236	0.01276	0.01359	0.18215	0.01579	0.02185	0.01557	0.16936	0.01493	0.00805	0.00600	0.00183	0.00599	0.00733	0.00399	0.00834
6	0.01679	0.01271	0.02094	0.02940	0.59175	0.01240	0.01546	0.01992	0.01379	0.19021	0.01346	0.01537	0.01023	0.00555	0.00568	0.00172	0.00635	0.00525	0.00380	0.00921
7	0.03980	0.04612	0.01675	0.10103	0.05842	0.42969	0.01154	0.15325	0.01681	0.01861	0.01026	0.01224	0.00823	0.00780	0.04352	0.00196	0.00905	0.00427	0.00341	0.00723

[dist]
# distance from previous block
# <min> <max>
0	3

[block]
# block no. 2 follows, 41 sequences, length 15
# corresponding to MSA columns:
# 599-613
name=unknown_C
#
# <colnr> <probs for GDERKNQSTAVLIFYWHMCP>
#	G	D	E	R	K	N	Q	S	T	A	V	L	I	F	Y	W	H	M	C	P
0	0.01373	0.01449	0.10358	0.02366	0.40067	0.01296	0.01439	0.09754	0.11283	0.02080	0.01880	0.02012	0.10741	0.00690	0.00581	0.00178	0.00612	0.00609	0.00382	0.00852
1	0.01425	0.01266	0.09780	0.01093	0.01458	0.01115	0.00976	0.24079	0.06903	0.03536	0.02791	0.08099	0.01699	0.00879	0.00579	0.00179	0.00525	0.12357	0.11473	0.09788
2	0.01453	0.31603	0.11983	0.01147	0.01578	0.11907	0.01079	0.02048	0.18984	0.01773	0.09739	0.01643	0.01504	0.00656	0.00497	0.00157	0.00623	0.00494	0.00375	0.00758
3	0.01331	0.20504	0.02221	0.22459	0.30257	0.01532	0.01423	0.01628	0.01199	0.01611	0.00973	0.01299	0.00815	0.00537	0.00568	0.00161	0.04175	0.00447	0.00269	0.06591
4	0.01546	0.05099	0.11760	0.11397	0.02034	0.06120	0.03638	0.10095	0.06849	0.10024	0.01197	0.01417	0.00923	0.00736	0.00955	0.00198	0.24379	0.00501	0.00365	0.00766
5	0.19255	0.12017	0.01654	0.11262	0.07059	0.10063	0.01038	0.11638	0.03016	0.16021	0.01235	0.01324	0.00906	0.00595	0.00492	0.00167	0.00624	0.00439	0.00414	0.00781
6	0.01881	0.21283	0.12066	0.01248	0.01713	0.18603	0.01147	0.17176	0.01661	0.13517	0.01268	0.03754	0.00986	0.00636	0.00511	0.00158	0.00713	0.00463	0.00404	0.00811
7	0.01165	0.16607	0.25846	0.01131	0.01601	0.01273	0.01183	0.06008	0.09390	0.01800	0.02316	0.12212	0.15403	0.00899	0.00565	0.00180	0.00574	0.00734	0.00391	0.00721
8	0.01428	0.01367	0.01704	0.07712	0.29089	0.11298	0.01259	0.07062	0.01412	0.01884	0.01308	0.01971	0.01174	0.00657	0.00558	0.00162	0.00652	0.09772	0.00348	0.19183
9	0.01482	0.00900	0.00998	0.00825	0.01102	0.00890	0.00641	0.18445	0.01547	0.10909	0.01675	0.02017	0.01343	0.10903	0.00788	0.00195	0.00434	0.00547	0.32678	0.11681
10	0.01700	0.01205	0.01411	0.11127	0.01813	0.01294	0.00978	0.23439	0.21289	0.12436	0.01693	0.01703	0.01230	0.00668	0.00547	0.00169	0.00533	0.00539	0.06338	0.09889
11	0.01577	0.01425	0.10055	0.01417	0.11284	0.01196	0.01099	0.23683	0.01701	0.07929	0.01562	0.01636	0.06222	0.00621	0.00530	0.00148	0.00562	0.00503	0.00432	0.26419
12	0.01348	0.01276	0.02104	0.11355	0.58448	0.01270	0.01594	0.01681	0.01270	0.01824	0.01062	0.01397	0.00883	0.00505	0.00548	0.00161	0.00655	0.00487	0.00287	0.11846
13	0.01343	0.01527	0.11914	0.11777	0.58554	0.01345	0.01783	0.01729	0.01272	0.01815	0.01063	0.01401	0.00866	0.00521	0.00564	0.00174	0.00710	0.00498	0.00274	0.00867
14	0.01309	0.00983	0.01240	0.01256	0.11198	0.00968	0.00852	0.07619	0.15738	0.08692	0.24535	0.02737	0.08062	0.00851	0.00593	0.00169	0.00429	0.00731	0.00531	0.11507

[dist]
# distance from previous block
# <min> <max>
0	2

[block]
# block no. 3 follows, 41 sequences, length 7
# corresponding to MSA columns:
# 616-622
name=unknown_D
#
# <colnr> <probs for GDERKNQSTAVLIFYWHMCP>
#	G	D	E	R	K	N	Q	S	T	A	V	L	I	F	Y	W	H	M	C	P
0	0.01777	0.01762	0.02002	0.02479	0.39918	0.20737	0.01434	0.19001	0.01710	0.02159	0.01097	0.01309	0.00879	0.00571	0.00555	0.00165	0.00757	0.00475	0.00354	0.00860
1	0.31221	0.01055	0.01215	0.24315	0.02019	0.01205	0.00961	0.10550	0.01321	0.08783	0.01198	0.01406	0.00884	0.00595	0.00472	0.00175	0.00543	0.00447	0.10949	0.00687
2	0.01380	0.01941	0.20290	0.01993	0.02578	0.08069	0.41917	0.02014	0.10370	0.01858	0.01246	0.01491	0.00930	0.00542	0.00619	0.00186	0.00880	0.00585	0.00314	0.00796
3	0.01755	0.01388	0.01557	0.01223	0.01616	0.01515	0.01000	0.40871	0.11227	0.02804	0.01339	0.01414	0.01015	0.00683	0.00709	0.00166	0.10557	0.00493	0.00483	0.18186
4	0.01776	0.01232	0.01396	0.01091	0.01506	0.01229	0.00879	0.37271	0.01966	0.11807	0.01616	0.11379	0.01353	0.00762	0.00554	0.00157	0.00520	0.00618	0.00523	0.22363
5	0.01605	0.02462	0.49707	0.01466	0.02148	0.10757	0.01688	0.02100	0.01360	0.19402	0.01298	0.01360	0.00889	0.00588	0.00547	0.00176	0.00784	0.00452	0.00358	0.00853
6	0.02267	0.01454	0.01625	0.01246	0.01700	0.01554	0.01029	0.57553	0.02442	0.20824	0.01581	0.01508	0.01077	0.00692	0.00573	0.00173	0.00596	0.00529	0.00604	0.00973

[dist]
# distance from previous block
# <min> <max>
8	23

[block]
# block no. 4 follows, 41 sequences, length 10
# corresponding to MSA columns:
# 646-655
name=unknown_E
#
# <colnr> <probs for GDERKNQSTAVLIFYWHMCP>
#	G	D	E	R	K	N	Q	S	T	A	V	L	I	F	Y	W	H	M	C	P
0	0.05566	0.12596	0.33873	0.01540	0.12369	0.01270	0.01449	0.01626	0.01283	0.03404	0.13238	0.01950	0.06135	0.00689	0.00542	0.00172	0.00636	0.00562	0.00343	0.00759
1	0.01498	0.01206	0.01637	0.01904	0.27581	0.01220	0.01151	0.09787	0.18948	0.07875	0.08262	0.01847	0.01548	0.00654	0.00561	0.00165	0.00533	0.00571	0.00456	0.12597
2	0.01231	0.00984	0.01165	0.00912	0.01295	0.00881	0.00726	0.12925	0.01456	0.02133	0.13078	0.01857	0.01674	0.01133	0.11450	0.00232	0.00589	0.00516	0.00418	0.45345
3	0.01186	0.01045	0.01651	0.43091	0.19333	0.01192	0.01374	0.05916	0.01232	0.01659	0.01195	0.01829	0.01021	0.11832	0.00896	0.00234	0.00688	0.00556	0.03399	0.00672
4	0.01392	0.01370	0.02445	0.06572	0.62812	0.01368	0.12042	0.01754	0.01302	0.01846	0.01085	0.01438	0.00894	0.00508	0.00582	0.00174	0.00724	0.00533	0.00283	0.00875
5	0.01362	0.01305	0.02225	0.15442	0.64815	0.01345	0.01729	0.01709	0.01277	0.01804	0.01066	0.01433	0.00883	0.00520	0.00567	0.00173	0.00693	0.00509	0.00279	0.00863
6	0.01282	0.08678	0.01183	0.00861	0.01141	0.00982	0.00690	0.13025	0.06072	0.09157	0.22397	0.03296	0.20018	0.05167	0.00724	0.00193	0.00417	0.00821	0.00539	0.03357
7	0.01230	0.08968	0.02212	0.41053	0.13637	0.01384	0.15326	0.01597	0.01210	0.01603	0.01030	0.01433	0.00805	0.00529	0.00562	0.00175	0.00754	0.00510	0.00269	0.05715
8	0.01497	0.13903	0.01576	0.01086	0.01473	0.08916	0.00884	0.09516	0.30831	0.02102	0.01819	0.01789	0.05812	0.00680	0.00517	0.00156	0.00537	0.00530	0.00451	0.15925
9	0.14846	0.01285	0.01340	0.01043	0.01463	0.01344	0.00852	0.39059	0.01928	0.02899	0.01249	0.01335	0.00937	0.00600	0.00487	0.00149	0.00517	0.00444	0.08610	0.19615

[dist]
# distance from previous block
# <min> <max>
1	9

[block]
# block no. 5 follows, 41 sequences, length 15
# corresponding to MSA columns:
# 665-679
name=unknown_F
#
# <colnr> <probs for GDERKNQSTAVLIFYWHMCP>
#	G	D	E	R	K	N	Q	S	T	A	V	L	I	F	Y	W	H	M	C	P
0	0.01625	0.32403	0.12863	0.01678	0.16683	0.06695	0.01324	0.16783	0.01541	0.01986	0.01009	0.01159	0.00817	0.00548	0.00484	0.00152	0.00689	0.00410	0.00323	0.00829
1	0.06338	0.01011	0.01388	0.01095	0.01472	0.00948	0.11003	0.08327	0.04918	0.24128	0.02821	0.05374	0.21068	0.00881	0.00598	0.00179	0.00500	0.00759	0.00532	0.06660
2	0.27038	0.01364	0.01661	0.01916	0.27839	0.01477	0.01179	0.26460	0.01673	0.02674	0.01091	0.01252	0.00841	0.00576	0.00503	0.00173	0.00590	0.00450	0.00403	0.00841
3	0.01232	0.01036	0.01265	0.01024	0.01330	0.01035	0.00816	0.10868	0.01335	0.01963	0.06148	0.12952	0.01569	0.00823	0.00795	0.00157	0.16132	0.00629	0.00399	0.38491
4	0.01413	0.01131	0.01337	0.00973	0.01472	0.00960	0.02500	0.14388	0.01471	0.04774	0.01126	0.01254	0.00890	0.00481	0.00461	0.00106	0.00475	0.00386	0.00392	0.64011
5	0.01198	0.01165	0.04589	0.02375	0.41333	0.01090	0.07805	0.01485	0.01253	0.01771	0.11723	0.02286	0.01760	0.16499	0.01060	0.00251	0.00629	0.00659	0.00343	0.00728
6	0.01568	0.01408	0.02201	0.03071	0.61400	0.01442	0.01622	0.16307	0.01580	0.02216	0.01135	0.01407	0.00919	0.00545	0.00567	0.00170	0.00669	0.00511	0.00341	0.00919
7	0.01417	0.01333	0.02116	0.03041	0.61343	0.01372	0.01585	0.02013	0.16120	0.01974	0.01327	0.01560	0.01074	0.00563	0.00569	0.00175	0.00634	0.00537	0.00343	0.00906
8	0.01073	0.00797	0.00950	0.00894	0.01069	0.00817	0.00669	0.14452	0.08229	0.02257	0.31102	0.29163	0.03719	0.01259	0.00667	0.00197	0.00372	0.01107	0.00581	0.00625
9	0.01393	0.01386	0.02515	0.05477	0.59534	0.01374	0.16268	0.01762	0.01307	0.01850	0.01090	0.01444	0.00894	0.00506	0.00588	0.00175	0.00739	0.00543	0.00284	0.00871
10	0.01801	0.12453	0.01742	0.01153	0.01614	0.01591	0.00967	0.41952	0.08646	0.02801	0.01300	0.01337	0.00981	0.00610	0.00512	0.00148	0.00566	0.00459	0.00476	0.18889
11	0.01317	0.12338	0.02444	0.25663	0.29227	0.01476	0.16114	0.01676	0.01244	0.01665	0.01035	0.01405	0.00831	0.00520	0.00562	0.00174	0.00752	0.00514	0.00270	0.00773
12	0.01330	0.03086	0.29776	0.01462	0.02013	0.01135	0.15952	0.01854	0.05755	0.12392	0.13109	0.02148	0.05977	0.00716	0.00601	0.00183	0.00671	0.00645	0.00413	0.00782
13	0.01329	0.01309	0.02399	0.02881	0.46774	0.01284	0.20453	0.01695	0.01317	0.01837	0.01370	0.02154	0.01230	0.00652	0.00626	0.00189	0.00732	0.10631	0.00319	0.00818
14	0.01386	0.05991	0.02168	0.02288	0.30786	0.01480	0.11568	0.05951	0.07938	0.01908	0.05955	0.01617	0.01227	0.00679	0.00841	0.00189	0.16320	0.00565	0.00341	0.00801

[dist]
# distance from previous block
# <min> <max>
21	42

[block]
# block no. 6 follows, 41 sequences, length 11
# corresponding to MSA columns:
# 729-739
name=unknown_G
#
# <colnr> <probs for GDERKNQSTAVLIFYWHMCP>
#	G	D	E	R	K	N	Q	S	T	A	V	L	I	F	Y	W	H	M	C	P
0	0.31379	0.01076	0.03664	0.09643	0.01480	0.01116	0.00797	0.12006	0.01324	0.02391	0.01207	0.01402	0.00928	0.00584	0.00435	0.00159	0.00473	0.00426	0.21670	0.07840
1	0.17807	0.01935	0.32027	0.01542	0.05997	0.01302	0.11547	0.01905	0.10236	0.02044	0.01159	0.01321	0.00868	0.00549	0.00520	0.00175	0.00690	0.00460	0.00323	0.07594
2	0.01168	0.14880	0.01667	0.09854	0.01668	0.01106	0.10995	0.01508	0.04786	0.06730	0.26928	0.02893	0.11775	0.00873	0.00598	0.00175	0.00508	0.00770	0.00463	0.00655
3	0.01241	0.01287	0.11865	0.01069	0.01508	0.00987	0.00972	0.09938	0.09013	0.02056	0.01649	0.08487	0.01518	0.00780	0.00550	0.00157	0.00516	0.10526	0.00419	0.35461
4	0.01715	0.07193	0.29149	0.01411	0.01988	0.05265	0.10269	0.02110	0.01369	0.27128	0.01479	0.01608	0.01051	0.04901	0.00685	0.00196	0.00717	0.00517	0.00414	0.00835
5	0.49250	0.05522	0.01287	0.07495	0.07979	0.04236	0.00887	0.10833	0.01274	0.02420	0.00952	0.01121	0.00741	0.00557	0.00426	0.00171	0.00538	0.00379	0.03237	0.00695
6	0.00992	0.00700	0.00961	0.00851	0.01072	0.00640	0.05897	0.01205	0.01353	0.10225	0.18766	0.05458	0.34493	0.01641	0.11354	0.00292	0.00535	0.02469	0.00523	0.00576
7	0.01307	0.01400	0.08503	0.11291	0.42155	0.01371	0.01595	0.01739	0.06574	0.01779	0.01208	0.01690	0.01032	0.00660	0.00759	0.00191	0.11534	0.04094	0.00305	0.00812
8	0.01771	0.01139	0.01561	0.01212	0.01621	0.01110	0.11018	0.14652	0.12034	0.25409	0.08345	0.02209	0.07006	0.00752	0.00593	0.00174	0.00535	0.00654	0.00559	0.07647
9	0.01180	0.02542	0.58122	0.01650	0.02420	0.01281	0.11968	0.01772	0.01225	0.01820	0.01044	0.01252	0.00758	0.00521	0.00548	0.00172	0.00814	0.00448	0.00259	0.10205
10	0.01481	0.01388	0.11810	0.01063	0.01591	0.01043	0.00969	0.16204	0.01525	0.08357	0.01241	0.03096	0.00970	0.00548	0.00490	0.00127	0.00526	0.00435	0.00407	0.46729

[dist]
# distance from previous block
# <min> <max>
3	17

[block]
# block no. 7 follows, 41 sequences, length 22
# corresponding to MSA columns:
# 759-780
name=unknown_H
#
# <colnr> <probs for GDERKNQSTAVLIFYWHMCP>
#	G	D	E	R	K	N	Q	S	T	A	V	L	I	F	Y	W	H	M	C	P
0	0.39879	0.01491	0.13141	0.01279	0.08189	0.01353	0.01078	0.17051	0.01429	0.02539	0.01151	0.01534	0.00941	0.00644	0.00482	0.00183	0.00573	0.05924	0.00389	0.00748
1	0.01274	0.08590	0.12447	0.16535	0.10869	0.01410	0.31568	0.01703	0.01265	0.01716	0.01146	0.01619	0.00921	0.00555	0.00597	0.00182	0.00815	0.03514	0.00283	0.02991
2	0.01637	0.01444	0.16595	0.01663	0.15786	0.01054	0.06039	0.02039	0.04197	0.25894	0.06889	0.04989	0.01495	0.00681	0.00576	0.00174	0.00598	0.00600	0.00462	0.07189
3	0.01292	0.01390	0.08728	0.25495	0.42440	0.01335	0.01673	0.01771	0.06922	0.01783	0.01150	0.01485	0.00912	0.00552	0.00567	0.00179	0.00702	0.00512	0.00294	0.00820
4	0.01500	0.01213	0.07048	0.01011	0.01475	0.00994	0.00873	0.09832	0.11175	0.13734	0.05702	0.01755	0.03646	0.00625	0.00515	0.00139	0.00479	0.00507	0.00468	0.37309
5	0.01314	0.02356	0.49605	0.16055	0.02628	0.01396	0.01835	0.14454	0.01455	0.02059	0.01085	0.01296	0.00775	0.00574	0.00554	0.00181	0.00792	0.00455	0.00302	0.00828
6	0.01420	0.45098	0.15710	0.01587	0.08616	0.01868	0.15042	0.01756	0.01218	0.01564	0.00928	0.01130	0.00773	0.00499	0.00473	0.00150	0.00724	0.00414	0.00256	0.00776
7	0.06598	0.01591	0.08252	0.01409	0.07379	0.07263	0.01115	0.27801	0.20576	0.06376	0.01553	0.01630	0.01171	0.03937	0.00651	0.00193	0.00617	0.00533	0.00487	0.00869
8	0.04290	0.32917	0.07713	0.08000	0.01766	0.04734	0.01070	0.02140	0.09915	0.20176	0.01375	0.01394	0.01019	0.00594	0.00481	0.00157	0.00605	0.00442	0.00404	0.00806
9	0.01182	0.00783	0.00870	0.00735	0.00993	0.00739	0.00573	0.10329	0.01459	0.02284	0.15580	0.02229	0.02006	0.00709	0.00478	0.00136	0.00347	0.00582	0.38770	0.19214
10	0.01360	0.06319	0.16134	0.01334	0.01671	0.11078	0.03179	0.01862	0.15099	0.01676	0.02630	0.01468	0.01051	0.00834	0.01010	0.07618	0.19597	0.00491	0.00330	0.05260
11	0.01402	0.01386	0.01645	0.33483	0.13485	0.15604	0.01317	0.09568	0.01459	0.01808	0.06933	0.06729	0.01355	0.00704	0.00579	0.00179	0.00720	0.00597	0.00348	0.00699
12	0.01861	0.01491	0.01923	0.02462	0.42492	0.14559	0.01388	0.02135	0.01451	0.22571	0.01370	0.01496	0.01018	0.00579	0.00560	0.00168	0.00688	0.00503	0.00403	0.00882
13	0.01210	0.00903	0.01140	0.01010	0.01276	0.00912	0.06321	0.01876	0.26154	0.10888	0.03351	0.17580	0.22751	0.01124	0.00642	0.00199	0.00428	0.00981	0.00551	0.00702
14	0.01206	0.02521	0.57756	0.01534	0.02226	0.01374	0.01829	0.02014	0.15138	0.01892	0.01253	0.01385	0.00919	0.00617	0.00638	0.00188	0.05891	0.00470	0.00306	0.00842
15	0.01573	0.01392	0.01340	0.01174	0.01499	0.10237	0.00917	0.13323	0.47681	0.03583	0.07741	0.02123	0.03302	0.00784	0.00582	0.00184	0.00529	0.00635	0.00552	0.00852
16	0.03031	0.00794	0.00980	0.11636	0.01368	0.00849	0.00730	0.01385	0.01144	0.01904	0.01424	0.01732	0.01143	0.00646	0.00611	0.00148	0.10143	0.00484	0.43685	0.16165
17	0.68335	0.01089	0.01005	0.15398	0.01640	0.01281	0.00802	0.01640	0.01005	0.02358	0.00838	0.01041	0.00646	0.00539	0.00395	0.00180	0.00503	0.00347	0.00335	0.00622
18	0.02100	0.01548	0.01673	0.01294	0.01732	0.01715	0.01067	0.70379	0.02592	0.03479	0.01382	0.01421	0.00998	0.00885	0.04818	0.00213	0.00679	0.00520	0.00558	0.00947
19	0.01080	0.01017	0.01716	0.78523	0.03940	0.01271	0.01589	0.01461	0.01144	0.01461	0.01017	0.01525	0.00762	0.00572	0.00572	0.00191	0.00762	0.00508	0.00254	0.00635
20	0.01352	0.01295	0.02208	0.17637	0.62698	0.01342	0.01724	0.01700	0.01273	0.01792	0.01065	0.01436	0.00879	0.00521	0.00567	0.00174	0.00695	0.00509	0.00278	0.00855
21	0.01988	0.01492	0.01617	0.01228	0.01695	0.01583	0.01010	0.60679	0.02406	0.03277	0.01306	0.01338	0.00949	0.00637	0.00544	0.00155	0.00591	0.00482	0.00528	0.16494

[dist]
# distance from previous block
# <min> <max>
0	4

[block]
# block no. 8 follows, 41 sequences, length 17
# corresponding to MSA columns:
# 785-801
name=unknown_I
#
# <colnr> <probs for GDERKNQSTAVLIFYWHMCP>
#	G	D	E	R	K	N	Q	S	T	A	V	L	I	F	Y	W	H	M	C	P
0	0.26516	0.01282	0.01871	0.02672	0.53450	0.01336	0.01410	0.01733	0.01202	0.02081	0.00991	0.01268	0.00819	0.00516	0.00502	0.00172	0.00607	0.00449	0.00305	0.00819
1	0.59188	0.01066	0.00989	0.00833	0.01214	0.01149	0.00687	0.02018	0.01175	0.25123	0.01241	0.01239	0.00862	0.00585	0.00421	0.00177	0.00456	0.00390	0.00462	0.00727
2	0.02566	0.00973	0.01327	0.01018	0.01460	0.00841	0.00841	0.02788	0.01637	0.76726	0.02257	0.01947	0.01416	0.00708	0.00575	0.00177	0.00487	0.00575	0.00708	0.00973
3	0.00697	0.00498	0.00664	0.00796	0.00830	0.00465	0.00531	0.00796	0.01095	0.01460	0.03153	0.79525	0.03783	0.01792	0.00730	0.00232	0.00332	0.01626	0.00531	0.00465
4	0.00979	0.00896	0.01666	0.01373	0.01620	0.00937	0.23082	0.01268	0.01050	0.01481	0.01418	0.02033	0.01259	0.03132	0.54224	0.00698	0.01359	0.00632	0.00301	0.00590
5	0.01416	0.01359	0.02322	0.03511	0.76330	0.01359	0.01755	0.01755	0.01302	0.01869	0.01076	0.01416	0.00906	0.00510	0.00566	0.00170	0.00680	0.00510	0.00283	0.00906
6	0.01314	0.01017	0.01062	0.00972	0.01238	0.01152	0.00752	0.02520	0.52759	0.02314	0.02187	0.02134	0.01661	0.00743	0.00527	0.00176	0.00396	0.00612	0.25673	0.00792
7	0.00697	0.00498	0.00664	0.00796	0.00830	0.00465	0.00531	0.00796	0.01095	0.01460	0.03153	0.79525	0.03783	0.01792	0.00730	0.00232	0.00332	0.01626	0.00531	0.00465
8	0.00924	0.00716	0.00893	0.00758	0.01007	0.00607	0.00582	0.01189	0.01487	0.02163	0.53213	0.03334	0.04013	0.00943	0.00598	0.00151	0.00317	0.00823	0.00541	0.25741
9	0.01837	0.01277	0.01357	0.01078	0.01437	0.01396	0.00878	0.52192	0.02236	0.03157	0.01523	0.01604	0.01123	0.00680	0.00520	0.00160	0.00519	0.00520	0.25666	0.00839
10	0.01010	0.02210	0.53736	0.01377	0.01975	0.01066	0.01632	0.01503	0.01173	0.01705	0.01673	0.25029	0.01655	0.00923	0.00600	0.00197	0.00689	0.00789	0.00330	0.00730
11	0.58788	0.01150	0.01118	0.00980	0.01226	0.01426	0.00812	0.01589	0.00944	0.02204	0.00783	0.01027	0.00659	0.00674	0.00817	0.00199	0.24291	0.00368	0.00322	0.00621
12	0.01303	0.00945	0.01163	0.01133	0.01364	0.00998	0.00972	0.23461	0.01734	0.02288	0.02525	0.04907	0.02586	0.01308	0.00724	0.00235	0.00558	0.50591	0.00541	0.00662
13	0.00697	0.00498	0.00664	0.00796	0.00830	0.00465	0.00531	0.00796	0.01095	0.01460	0.03153	0.79525	0.03783	0.01792	0.00730	0.00232	0.00332	0.01626	0.00531	0.00465
14	0.01771	0.01151	0.01304	0.01120	0.01479	0.01246	0.00886	0.02963	0.52892	0.25002	0.02306	0.02077	0.01646	0.00755	0.00580	0.00189	0.00463	0.00625	0.00620	0.00926
15	0.02174	0.01602	0.01717	0.01316	0.01774	0.01774	0.01087	0.74423	0.02689	0.03605	0.01373	0.01373	0.00973	0.00687	0.00572	0.00172	0.00629	0.00515	0.00572	0.00973
16	0.00697	0.00498	0.00664	0.00796	0.00830	0.00465	0.00531	0.00796	0.01095	0.01460	0.03153	0.79525	0.03783	0.01792	0.00730	0.00232	0.00332	0.01626	0.00531	0.00465

[dist]
# distance from previous block
# <min> <max>
8	56

[block]
# block no. 9 follows, 41 sequences, length 10
# corresponding to MSA columns:
# 860-869
name=unknown_J
#
# <colnr> <probs for GDERKNQSTAVLIFYWHMCP>
#	G	D	E	R	K	N	Q	S	T	A	V	L	I	F	Y	W	H	M	C	P
0	0.01352	0.01264	0.02007	0.02774	0.55581	0.01194	0.01457	0.01668	0.01270	0.01867	0.01060	0.01352	0.00890	0.00486	0.00527	0.00146	0.00609	0.00462	0.00299	0.23735
1	0.00814	0.00581	0.00798	0.00930	0.01015	0.00566	0.00735	0.00999	0.01211	0.01591	0.03088	0.41460	0.03527	0.01682	0.00761	0.00248	0.00433	0.38535	0.00529	0.00497
2	0.01240	0.28450	0.11994	0.22418	0.02092	0.01440	0.01159	0.01564	0.01172	0.01633	0.01149	0.01421	0.00919	0.00563	0.00455	0.00152	0.00601	0.00433	0.20471	0.00673
3	0.01291	0.02057	0.37531	0.01387	0.01961	0.01378	0.01484	0.02451	0.39802	0.02114	0.01705	0.01690	0.01257	0.00665	0.00564	0.00188	0.00641	0.00539	0.00419	0.00877
4	0.01023	0.02278	0.55826	0.01400	0.02020	0.01089	0.01675	0.01531	0.01176	0.01714	0.01615	0.22882	0.01571	0.00889	0.00595	0.00195	0.00703	0.00756	0.00322	0.00740
5	0.23826	0.00715	0.00718	0.00683	0.00814	0.00753	0.00469	0.01127	0.01063	0.01802	0.19647	0.03094	0.02485	0.38710	0.01657	0.00359	0.00454	0.00737	0.00418	0.00469
6	0.01524	0.01935	0.37644	0.20235	0.02552	0.01179	0.01633	0.01996	0.01311	0.22459	0.01365	0.01490	0.00925	0.00596	0.00559	0.00182	0.00726	0.00486	0.00374	0.00830
7	0.01425	0.20601	0.02454	0.06921	0.54163	0.01575	0.01557	0.01729	0.01260	0.01719	0.01004	0.01300	0.00856	0.00508	0.00518	0.00159	0.00667	0.00460	0.00272	0.00849
8	0.01610	0.01471	0.02411	0.02635	0.37789	0.01495	0.19272	0.21885	0.01698	0.02340	0.01178	0.01435	0.00915	0.00552	0.00594	0.00176	0.00735	0.00551	0.00365	0.00892
9	0.00869	0.00595	0.00690	0.00702	0.00734	0.00596	0.00430	0.04655	0.00993	0.01325	0.02110	0.22123	0.02438	0.56703	0.02257	0.00456	0.00504	0.01009	0.00403	0.00408

[dist]
# distance from previous block
# <min> <max>
2	124

[block]
# block no. 10 follows, 41 sequences, length 11
# corresponding to MSA columns:
# 1006-1016
name=unknown_K
#
# <colnr> <probs for GDERKNQSTAVLIFYWHMCP>
#	G	D	E	R	K	N	Q	S	T	A	V	L	I	F	Y	W	H	M	C	P
0	0.01110	0.00941	0.01101	0.00834	0.01277	0.00722	0.00665	0.01350	0.01200	0.01813	0.01607	0.04844	0.07388	0.00625	0.00476	0.00109	0.00414	0.04368	0.00373	0.68782
1	0.00785	0.00570	0.00762	0.00868	0.00954	0.00533	0.00644	0.00937	0.01160	0.01550	0.02999	0.55558	0.03486	0.01658	0.00729	0.00232	0.00389	0.20494	0.00519	0.05174
2	0.00840	0.00604	0.00807	0.00809	0.00943	0.00571	0.00642	0.01108	0.01538	0.02138	0.56514	0.04855	0.04834	0.01279	0.00705	0.00202	0.00339	0.20133	0.00602	0.00536
3	0.61909	0.22261	0.01417	0.00813	0.01203	0.01545	0.00715	0.01690	0.01024	0.02240	0.00796	0.00926	0.00650	0.00520	0.00357	0.00162	0.00488	0.00309	0.00325	0.00650
4	0.02174	0.01602	0.01717	0.01316	0.01774	0.01774	0.01087	0.74423	0.02689	0.03605	0.01373	0.01373	0.00973	0.00687	0.00572	0.00172	0.00629	0.00515	0.00572	0.00973
5	0.01350	0.01543	0.03375	0.02411	0.02989	0.01446	0.74253	0.01832	0.01350	0.01832	0.01157	0.01543	0.00868	0.00482	0.00675	0.00193	0.00964	0.00675	0.00289	0.00771
6	0.01416	0.01359	0.02322	0.03511	0.76330	0.01359	0.01755	0.01755	0.01302	0.01869	0.01076	0.01416	0.00906	0.00510	0.00566	0.00170	0.00680	0.00510	0.00283	0.00906
7	0.01170	0.01108	0.01878	0.58471	0.23291	0.01294	0.01633	0.01540	0.01186	0.01570	0.01032	0.01496	0.00801	0.00555	0.00570	0.00185	0.00740	0.00509	0.00262	0.00708
8	0.01322	0.01138	0.01844	0.02715	0.56104	0.01138	0.01393	0.01642	0.01275	0.01939	0.01287	0.01607	0.01056	0.00552	0.00522	0.00160	0.00569	0.00516	0.22414	0.00806
9	0.02215	0.01048	0.01441	0.01147	0.01471	0.01084	0.00950	0.02410	0.01434	0.56584	0.01854	0.01761	0.01238	0.00786	0.00923	0.00197	0.21435	0.00555	0.00586	0.00880
10	0.01080	0.01017	0.01716	0.78523	0.03940	0.01271	0.01589	0.01461	0.01144	0.01461	0.01017	0.01525	0.00762	0.00572	0.00572	0.00191	0.00762	0.00508	0.00254	0.00635

[dist]
# distance from previous block
# <min> <max>
0	3

[block]
# block no. 11 follows, 41 sequences, length 8
# corresponding to MSA columns:
# 1020-1027
name=unknown_L
#
# <colnr> <probs for GDERKNQSTAVLIFYWHMCP>
#	G	D	E	R	K	N	Q	S	T	A	V	L	I	F	Y	W	H	M	C	P
0	0.00684	0.00549	0.00611	0.00661	0.00794	0.00476	0.00471	0.00812	0.01225	0.01513	0.04795	0.33494	0.48754	0.01578	0.00696	0.00208	0.00306	0.01366	0.00531	0.00476
1	0.01148	0.00952	0.01055	0.01025	0.01239	0.01060	0.00764	0.02191	0.47239	0.02040	0.02640	0.31397	0.02516	0.01160	0.00638	0.00208	0.00407	0.01017	0.00563	0.00739
2	0.01087	0.01010	0.01437	0.01281	0.01320	0.01360	0.01049	0.01242	0.00892	0.01358	0.01046	0.01628	0.01008	0.02245	0.30522	0.00503	0.49615	0.00543	0.00272	0.00582
3	0.00697	0.00498	0.00664	0.00796	0.00830	0.00465	0.00531	0.00796	0.01095	0.01460	0.03153	0.79525	0.03783	0.01792	0.00730	0.00232	0.00332	0.01626	0.00531	0.00465
4	0.00818	0.00573	0.00711	0.00683	0.00767	0.00545	0.00467	0.00986	0.01321	0.01846	0.47962	0.04072	0.04143	0.30939	0.01520	0.00322	0.00377	0.00958	0.00523	0.00467
5	0.01120	0.01017	0.01515	0.49152	0.02962	0.01079	0.01244	0.01453	0.01160	0.01614	0.01017	0.01397	0.00795	0.00516	0.00516	0.00151	0.00634	0.00444	0.00286	0.31929
6	0.01964	0.01159	0.01347	0.01118	0.01503	0.01217	0.00896	0.09680	0.38149	0.33073	0.02208	0.01985	0.01537	0.00740	0.00578	0.00185	0.00483	0.00605	0.00633	0.00940
7	0.01704	0.00764	0.01038	0.00937	0.01196	0.00681	0.00731	0.01883	0.01402	0.41180	0.02668	0.31707	0.02488	0.01200	0.00654	0.00206	0.00432	0.07766	0.00624	0.00739

[dist]
# distance from previous block
# <min> <max>
25	105

# created by:
# /software/SequenceAnalysis/GenePrediction/augustus/3.0.1/scripts/msa2prfl.pl ./fixed/BUSCOvEOG78KSR7.fas
