[name]
unknown

[dist]
# distance from previous block
# <min> <max>
1	3

[block]
# block no. 0 follows, 41 sequences, length 10
# corresponding to MSA columns:
# 3-12
name=unknown_A
#
# <colnr> <probs for GDERKNQSTAVLIFYWHMCP>
#	G	D	E	R	K	N	Q	S	T	A	V	L	I	F	Y	W	H	M	C	P
0	0.01943	0.01412	0.01555	0.01176	0.01646	0.01454	0.00966	0.51086	0.02235	0.07725	0.01336	0.01361	0.00968	0.00620	0.00534	0.00150	0.00567	0.00473	0.00520	0.22272
1	0.01416	0.01359	0.02322	0.03511	0.76330	0.01359	0.01755	0.01755	0.01302	0.01869	0.01076	0.01416	0.00906	0.00510	0.00566	0.00170	0.00680	0.00510	0.00283	0.00906
2	0.01080	0.01017	0.01716	0.78523	0.03940	0.01271	0.01589	0.01461	0.01144	0.01461	0.01017	0.01525	0.00762	0.00572	0.00572	0.00191	0.00762	0.00508	0.00254	0.00635
3	0.01208	0.07001	0.61700	0.01875	0.13445	0.01385	0.01997	0.01798	0.01219	0.01794	0.01021	0.01223	0.00752	0.00535	0.00537	0.00176	0.00808	0.00429	0.00248	0.00848
4	0.00775	0.00570	0.00744	0.00801	0.00901	0.00517	0.00568	0.00932	0.01221	0.01676	0.17517	0.53408	0.03822	0.01536	0.00696	0.00211	0.00339	0.05552	0.00534	0.07680
5	0.01421	0.58408	0.23886	0.01163	0.01753	0.01999	0.01299	0.01741	0.01175	0.01477	0.00861	0.00999	0.00731	0.00505	0.00417	0.00139	0.00678	0.00339	0.00244	0.00765
6	0.05044	0.07527	0.68921	0.01550	0.02351	0.01383	0.01975	0.01799	0.01194	0.01819	0.01002	0.01177	0.00720	0.00540	0.00524	0.00177	0.00812	0.00410	0.00247	0.00828
7	0.00717	0.00512	0.00687	0.00819	0.00861	0.00482	0.00566	0.00831	0.01115	0.01482	0.03142	0.73047	0.03740	0.01773	0.00735	0.00235	0.00349	0.07908	0.00531	0.00470
8	0.01323	0.01287	0.02256	0.22800	0.51258	0.01344	0.08004	0.01686	0.01266	0.01760	0.01068	0.01455	0.00866	0.00523	0.00577	0.00177	0.00726	0.00524	0.00276	0.00824
9	0.01186	0.01017	0.01186	0.00847	0.01356	0.00762	0.00678	0.01440	0.01186	0.01864	0.01017	0.01186	0.00847	0.00424	0.00424	0.00085	0.00424	0.00339	0.00339	0.83395

[dist]
# distance from previous block
# <min> <max>
0	1

[block]
# block no. 1 follows, 41 sequences, length 52
# corresponding to MSA columns:
# 14-65
name=unknown_B
#
# <colnr> <probs for GDERKNQSTAVLIFYWHMCP>
#	G	D	E	R	K	N	Q	S	T	A	V	L	I	F	Y	W	H	M	C	P
0	0.00732	0.00582	0.00658	0.00639	0.00807	0.00507	0.00479	0.00930	0.01437	0.01861	0.35448	0.04985	0.46247	0.01331	0.00675	0.00188	0.00281	0.01134	0.00573	0.00507
1	0.01147	0.02959	0.76934	0.01630	0.02476	0.01328	0.02113	0.01811	0.01208	0.01811	0.01026	0.01208	0.00725	0.00543	0.00543	0.00181	0.00845	0.00423	0.00242	0.00845
2	0.01337	0.01309	0.02322	0.19203	0.52121	0.01351	0.10553	0.01703	0.01275	0.01778	0.01073	0.01454	0.00871	0.00519	0.00581	0.00177	0.00732	0.00530	0.00278	0.00833
3	0.01423	0.01229	0.01293	0.01164	0.01487	0.01423	0.00905	0.03039	0.75297	0.02393	0.02328	0.02134	0.01746	0.00776	0.00582	0.00194	0.00453	0.00647	0.00582	0.00905
4	0.00810	0.00585	0.00765	0.00720	0.00855	0.00540	0.00540	0.01079	0.01619	0.02294	0.76028	0.04273	0.05397	0.01169	0.00675	0.00180	0.00270	0.01034	0.00630	0.00540
5	0.01367	0.01309	0.02233	0.14445	0.65778	0.01346	0.01731	0.01713	0.01279	0.01809	0.01067	0.01432	0.00885	0.00519	0.00567	0.00173	0.00692	0.00509	0.00279	0.00867
6	0.03661	0.01348	0.10982	0.48434	0.18877	0.01314	0.01642	0.04011	0.01232	0.01695	0.01036	0.01440	0.00791	0.00558	0.00561	0.00184	0.00741	0.00492	0.00272	0.00729
7	0.00822	0.00670	0.03503	0.00752	0.00913	0.00568	0.00596	0.01106	0.01604	0.02276	0.73331	0.04162	0.05229	0.01147	0.00670	0.00180	0.00291	0.01012	0.00616	0.00551
8	0.00697	0.00498	0.00664	0.00796	0.00830	0.00465	0.00531	0.00796	0.01095	0.01460	0.03153	0.79525	0.03783	0.01792	0.00730	0.00232	0.00332	0.01626	0.00531	0.00465
9	0.83938	0.01106	0.00841	0.00752	0.01106	0.01283	0.00619	0.01681	0.00973	0.02566	0.00796	0.00929	0.00619	0.00531	0.00354	0.00177	0.00442	0.00310	0.00354	0.00619
10	0.00832	0.00555	0.00624	0.00624	0.00624	0.00555	0.00347	0.00832	0.00832	0.01109	0.01802	0.03743	0.02080	0.79898	0.02911	0.00555	0.00555	0.00832	0.00347	0.00347
11	0.02174	0.01602	0.01717	0.01316	0.01774	0.01774	0.01087	0.74423	0.02689	0.03605	0.01373	0.01373	0.00973	0.00687	0.00572	0.00172	0.00629	0.00515	0.00572	0.00973
12	0.01183	0.02950	0.74226	0.01625	0.02450	0.04071	0.02077	0.01828	0.01222	0.01797	0.01021	0.01201	0.00725	0.00545	0.00542	0.00180	0.00852	0.00421	0.00243	0.00839
13	0.01306	0.01088	0.01251	0.00904	0.01406	0.00886	0.00728	0.10332	0.01369	0.02076	0.01060	0.01209	0.00863	0.00456	0.00442	0.00095	0.00449	0.00360	0.00367	0.73353
14	0.01423	0.01229	0.01293	0.01164	0.01487	0.01423	0.00905	0.03039	0.75297	0.02393	0.02328	0.02134	0.01746	0.00776	0.00582	0.00194	0.00453	0.00647	0.00582	0.00905
15	0.00810	0.00585	0.00765	0.00720	0.00855	0.00540	0.00540	0.01079	0.01619	0.02294	0.76028	0.04273	0.05397	0.01169	0.00675	0.00180	0.00270	0.01034	0.00630	0.00540
16	0.00802	0.00584	0.00755	0.00712	0.00850	0.00537	0.00534	0.01065	0.01602	0.02253	0.72243	0.04339	0.09208	0.01184	0.00675	0.00181	0.00271	0.01044	0.00624	0.00537
17	0.01423	0.01229	0.01293	0.01164	0.01487	0.01423	0.00905	0.03039	0.75297	0.02393	0.02328	0.02134	0.01746	0.00776	0.00582	0.00194	0.00453	0.00647	0.00582	0.00905
18	0.02566	0.00973	0.01327	0.01018	0.01460	0.00841	0.00841	0.02788	0.01637	0.76726	0.02257	0.01947	0.01416	0.00708	0.00575	0.00177	0.00487	0.00575	0.00708	0.00973
19	0.02566	0.00973	0.01327	0.01018	0.01460	0.00841	0.00841	0.02788	0.01637	0.76726	0.02257	0.01947	0.01416	0.00708	0.00575	0.00177	0.00487	0.00575	0.00708	0.00973
20	0.00697	0.00498	0.00664	0.00796	0.00830	0.00465	0.00531	0.00796	0.01095	0.01460	0.03153	0.79525	0.03783	0.01792	0.00730	0.00232	0.00332	0.01626	0.00531	0.00465
21	0.01950	0.02415	0.01649	0.01480	0.01712	0.61599	0.01136	0.02093	0.01464	0.01395	0.00856	0.01078	0.00740	0.00676	0.00803	0.00169	0.17450	0.00396	0.00285	0.00655
22	0.01066	0.00533	0.00533	0.00533	0.00666	0.00533	0.00400	0.01333	0.01200	0.02132	0.01866	0.02132	0.01466	0.00666	0.00400	0.00133	0.00267	0.00533	0.83073	0.00533
23	0.00817	0.00589	0.00778	0.00764	0.00893	0.00550	0.00586	0.01077	0.01554	0.02178	0.63206	0.08594	0.05054	0.01253	0.00692	0.00193	0.00304	0.09771	0.00612	0.00534
24	0.73810	0.01043	0.00831	0.00748	0.01076	0.01193	0.00610	0.01608	0.01052	0.02533	0.09962	0.01337	0.01202	0.00609	0.00393	0.00177	0.00421	0.00398	0.00388	0.00610
25	0.01375	0.01317	0.02248	0.12650	0.67510	0.01348	0.01735	0.01720	0.01283	0.01819	0.01069	0.01429	0.00889	0.00517	0.00567	0.00172	0.00690	0.00509	0.00280	0.00873
26	0.81206	0.01123	0.00870	0.00771	0.01128	0.01300	0.00635	0.04112	0.01031	0.02601	0.00816	0.00944	0.00631	0.00536	0.00361	0.00177	0.00449	0.00317	0.00361	0.00631
27	0.00859	0.00614	0.00850	0.00982	0.01086	0.00604	0.00813	0.01077	0.01255	0.01642	0.03063	0.26833	0.03429	0.01639	0.00773	0.00255	0.00472	0.52718	0.00528	0.00509
28	0.01529	0.80242	0.02997	0.00979	0.01468	0.02263	0.00979	0.01713	0.01162	0.01346	0.00795	0.00918	0.00734	0.00489	0.00367	0.00122	0.00612	0.00306	0.00245	0.00734
29	0.01375	0.01317	0.02248	0.12650	0.67510	0.01348	0.01735	0.01720	0.01283	0.01819	0.01069	0.01429	0.00889	0.00517	0.00567	0.00172	0.00690	0.00509	0.00280	0.00873
30	0.01359	0.01301	0.02219	0.16250	0.64036	0.01344	0.01727	0.01706	0.01275	0.01800	0.01066	0.01434	0.00882	0.00520	0.00567	0.00173	0.00694	0.00509	0.00278	0.00860
31	0.01375	0.01317	0.02248	0.12650	0.67510	0.01348	0.01735	0.01720	0.01283	0.01819	0.01069	0.01429	0.00889	0.00517	0.00567	0.00172	0.00690	0.00509	0.00280	0.00873
32	0.02291	0.01035	0.01319	0.01053	0.01467	0.00981	0.00856	0.02848	0.19370	0.58831	0.02274	0.01992	0.01495	0.00724	0.00577	0.00181	0.00479	0.00592	0.00678	0.00957
33	0.02050	0.01163	0.10424	0.01033	0.01478	0.00869	0.00937	0.02374	0.04573	0.52604	0.04762	0.02394	0.11120	0.00800	0.00588	0.00180	0.00497	0.00655	0.00621	0.00879
34	0.01516	0.70615	0.02790	0.01001	0.01470	0.02161	0.00970	0.01874	0.10195	0.01473	0.00982	0.01066	0.00857	0.00524	0.00393	0.00131	0.00592	0.00347	0.00286	0.00755
35	0.01284	0.01348	0.02292	0.01804	0.01997	0.01650	0.25547	0.01528	0.01034	0.01528	0.00886	0.01348	0.00790	0.00828	0.01477	0.00231	0.52929	0.00559	0.00263	0.00674
36	0.00697	0.00498	0.00664	0.00796	0.00830	0.00465	0.00531	0.00796	0.01095	0.01460	0.03153	0.79525	0.03783	0.01792	0.00730	0.00232	0.00332	0.01626	0.00531	0.00465
37	0.01312	0.01482	0.11284	0.19108	0.52059	0.01337	0.01764	0.01700	0.01257	0.01776	0.01057	0.01413	0.00854	0.00527	0.00565	0.00176	0.00717	0.00499	0.00272	0.00842
38	0.01186	0.01017	0.01186	0.00847	0.01356	0.00762	0.00678	0.01440	0.01186	0.01864	0.01017	0.01186	0.00847	0.00424	0.00424	0.00085	0.00424	0.00339	0.00339	0.83395
39	0.00801	0.00550	0.00624	0.00641	0.00663	0.00537	0.00377	0.00826	0.00909	0.01193	0.02346	0.13144	0.09323	0.62925	0.02433	0.00481	0.00502	0.00964	0.00387	0.00374
40	0.00697	0.00498	0.00664	0.00796	0.00830	0.00465	0.00531	0.00796	0.01095	0.01460	0.03153	0.79525	0.03783	0.01792	0.00730	0.00232	0.00332	0.01626	0.00531	0.00465
41	0.01529	0.80242	0.02997	0.00979	0.01468	0.02263	0.00979	0.01713	0.01162	0.01346	0.00795	0.00918	0.00734	0.00489	0.00367	0.00122	0.00612	0.00306	0.00245	0.00734
42	0.01519	0.78188	0.04963	0.00996	0.01495	0.02238	0.01009	0.01715	0.01163	0.01358	0.00801	0.00925	0.00734	0.00491	0.00372	0.00124	0.00618	0.00309	0.00245	0.00737
43	0.02174	0.01602	0.01717	0.01316	0.01774	0.01774	0.01087	0.74423	0.02689	0.03605	0.01373	0.01373	0.00973	0.00687	0.00572	0.00172	0.00629	0.00515	0.00572	0.00973
44	0.01664	0.01175	0.01301	0.01133	0.01482	0.01300	0.00892	0.02986	0.59756	0.18076	0.02313	0.02095	0.01676	0.00762	0.00581	0.00190	0.00460	0.00632	0.00609	0.00920
45	0.15268	0.00692	0.00794	0.00820	0.00949	0.00708	0.00587	0.05509	0.01127	0.01737	0.02252	0.46695	0.02554	0.01558	0.03117	0.10362	0.00428	0.01119	0.00455	0.03269
46	0.07791	0.01165	0.01849	0.52916	0.03314	0.01360	0.10299	0.11164	0.01360	0.01877	0.01064	0.01460	0.00792	0.00573	0.00567	0.00187	0.00744	0.00514	0.00308	0.00695
47	0.00832	0.00555	0.00624	0.00624	0.00624	0.00555	0.00347	0.00832	0.00832	0.01109	0.01802	0.03743	0.02080	0.79898	0.02911	0.00555	0.00555	0.00832	0.00347	0.00347
48	0.00810	0.00585	0.00765	0.00720	0.00855	0.00540	0.00540	0.01079	0.01619	0.02294	0.76028	0.04273	0.05397	0.01169	0.00675	0.00180	0.00270	0.01034	0.00630	0.00540
49	0.01449	0.63937	0.18597	0.01116	0.01681	0.02066	0.01218	0.01734	0.01172	0.01444	0.00844	0.00979	0.00732	0.00501	0.00404	0.00135	0.00661	0.00330	0.00244	0.00758
50	0.01344	0.01267	0.02146	0.16176	0.60924	0.01311	0.01672	0.01688	0.01271	0.01810	0.01098	0.01463	0.00904	0.00527	0.00560	0.00172	0.00677	0.00510	0.03634	0.00845
51	0.00697	0.00498	0.00664	0.00796	0.00830	0.00465	0.00531	0.00796	0.01095	0.01460	0.03153	0.79525	0.03783	0.01792	0.00730	0.00232	0.00332	0.01626	0.00531	0.00465

[dist]
# distance from previous block
# <min> <max>
0	2

[block]
# block no. 2 follows, 41 sequences, length 24
# corresponding to MSA columns:
# 68-91
name=unknown_C
#
# <colnr> <probs for GDERKNQSTAVLIFYWHMCP>
#	G	D	E	R	K	N	Q	S	T	A	V	L	I	F	Y	W	H	M	C	P
0	0.02249	0.00963	0.01269	0.00994	0.01388	0.00870	0.00813	0.08497	0.01722	0.58555	0.14137	0.02276	0.02024	0.00781	0.00591	0.00177	0.00463	0.00645	0.00684	0.00903
1	0.00778	0.00560	0.00737	0.00741	0.00848	0.00519	0.00537	0.01001	0.01473	0.02062	0.55744	0.25218	0.04948	0.01343	0.00690	0.00194	0.00287	0.01199	0.00602	0.00519
2	0.01159	0.02890	0.73741	0.01711	0.05636	0.01330	0.02098	0.01809	0.01212	0.01814	0.01029	0.01217	0.00732	0.00542	0.00544	0.00181	0.00838	0.00426	0.00243	0.00848
3	0.01147	0.02959	0.76934	0.01630	0.02476	0.01328	0.02113	0.01811	0.01208	0.01811	0.01026	0.01208	0.00725	0.00543	0.00543	0.00181	0.00845	0.00423	0.00242	0.00845
4	0.47931	0.01325	0.01226	0.01001	0.01400	0.01499	0.00825	0.33715	0.01729	0.03024	0.01050	0.01125	0.00775	0.00600	0.00450	0.00175	0.00525	0.00400	0.00450	0.00775
5	0.05469	0.01021	0.01669	0.74404	0.03789	0.01271	0.01537	0.01473	0.01135	0.01520	0.01005	0.01493	0.00755	0.00570	0.00560	0.00190	0.00746	0.00498	0.00259	0.00635
6	0.01914	0.01503	0.01519	0.01219	0.01571	0.08560	0.00991	0.49826	0.02198	0.02977	0.01356	0.01455	0.01012	0.00701	0.00648	0.00170	0.07144	0.00503	0.13889	0.00844
7	0.02009	0.01497	0.01599	0.01246	0.01675	0.01647	0.01023	0.64504	0.06407	0.03369	0.01793	0.01759	0.07291	0.00755	0.00581	0.00175	0.00592	0.00580	0.00569	0.00928
8	0.01140	0.01118	0.02013	0.62649	0.07203	0.01303	0.13371	0.01535	0.01185	0.01541	0.01042	0.01523	0.00786	0.00554	0.00588	0.00190	0.00791	0.00535	0.00261	0.00670
9	0.17385	0.01184	0.01526	0.13794	0.01820	0.01536	0.01144	0.07537	0.01092	0.01806	0.00892	0.01290	0.00778	0.00969	0.04836	0.00251	0.40739	0.00471	0.00301	0.00650
10	0.06631	0.01690	0.01659	0.01301	0.01737	0.09528	0.01064	0.63052	0.02486	0.03322	0.01292	0.01314	0.00929	0.00668	0.00554	0.00169	0.00660	0.00489	0.00532	0.00922
11	0.01347	0.01289	0.02198	0.18877	0.61501	0.01341	0.01721	0.01695	0.01270	0.01785	0.01064	0.01438	0.00877	0.00522	0.00567	0.00174	0.00697	0.00509	0.00277	0.00851
12	0.24772	0.01369	0.01387	0.01083	0.01520	0.01473	0.00891	0.42350	0.01968	0.03034	0.01155	0.01219	0.00854	0.00601	0.00487	0.00159	0.00544	0.00429	0.00474	0.14231
13	0.15496	0.01447	0.01498	0.01175	0.01606	0.04443	0.00966	0.46391	0.02172	0.17093	0.01427	0.01396	0.00990	0.00662	0.00535	0.00173	0.00588	0.00487	0.00552	0.00904
14	0.37580	0.01387	0.01337	0.01072	0.01485	0.01561	0.00885	0.42924	0.01946	0.03155	0.01123	0.01181	0.00820	0.00619	0.00478	0.00174	0.00548	0.00426	0.00478	0.00820
15	0.14777	0.45908	0.23227	0.01123	0.01690	0.01844	0.01236	0.01735	0.01144	0.01673	0.00860	0.01000	0.00713	0.00511	0.00414	0.00148	0.00649	0.00339	0.00262	0.00746
16	0.18989	0.01131	0.01696	0.40923	0.23479	0.01298	0.01427	0.01591	0.01151	0.01812	0.00986	0.01366	0.00772	0.00546	0.00523	0.00182	0.00671	0.00466	0.00284	0.00707
17	0.01999	0.01756	0.01646	0.01334	0.01697	0.17826	0.01077	0.47993	0.02208	0.02806	0.01413	0.01483	0.04445	0.00735	0.00701	0.00176	0.08863	0.00515	0.00478	0.00848
18	0.01066	0.00932	0.01558	0.65920	0.03422	0.01145	0.01412	0.01345	0.01079	0.01386	0.01013	0.01560	0.00800	0.00801	0.00841	0.13668	0.00719	0.00506	0.00253	0.00573
19	0.01416	0.01359	0.02322	0.03511	0.76330	0.01359	0.01755	0.01755	0.01302	0.01869	0.01076	0.01416	0.00906	0.00510	0.00566	0.00170	0.00680	0.00510	0.00283	0.00906
20	0.01080	0.01017	0.01716	0.78523	0.03940	0.01271	0.01589	0.01461	0.01144	0.01461	0.01017	0.01525	0.00762	0.00572	0.00572	0.00191	0.00762	0.00508	0.00254	0.00635
21	0.01274	0.25705	0.51140	0.01537	0.06090	0.01606	0.01759	0.01779	0.01199	0.01677	0.00961	0.01133	0.00737	0.00526	0.00493	0.00163	0.00768	0.00393	0.00245	0.00816
22	0.00697	0.00498	0.00664	0.00796	0.00830	0.00465	0.00531	0.00796	0.01095	0.01460	0.03153	0.79525	0.03783	0.01792	0.00730	0.00232	0.00332	0.01626	0.00531	0.00465
23	0.01361	0.01304	0.02223	0.15666	0.64599	0.01345	0.01728	0.01708	0.01277	0.01803	0.01066	0.01433	0.00883	0.00520	0.00567	0.00173	0.00693	0.00509	0.00278	0.00862

[dist]
# distance from previous block
# <min> <max>
2	58

[block]
# block no. 3 follows, 41 sequences, length 6
# corresponding to MSA columns:
# 152-157
name=unknown_D
#
# <colnr> <probs for GDERKNQSTAVLIFYWHMCP>
#	G	D	E	R	K	N	Q	S	T	A	V	L	I	F	Y	W	H	M	C	P
0	0.01314	0.01796	0.16540	0.02271	0.02897	0.01425	0.61342	0.01828	0.01325	0.01828	0.01134	0.01483	0.00842	0.00493	0.00651	0.00191	0.00943	0.00630	0.00281	0.00785
1	0.00922	0.00658	0.00922	0.01053	0.01185	0.00658	0.00922	0.01185	0.01317	0.01712	0.03029	0.06452	0.03292	0.01580	0.00790	0.00263	0.00527	0.72480	0.00527	0.00527
2	0.00922	0.00658	0.00922	0.01053	0.01185	0.00658	0.00922	0.01185	0.01317	0.01712	0.03029	0.06452	0.03292	0.01580	0.00790	0.00263	0.00527	0.72480	0.00527	0.00527
3	0.01185	0.10510	0.69710	0.01567	0.02377	0.01420	0.02002	0.01802	0.01203	0.01766	0.01004	0.01179	0.00725	0.00538	0.00526	0.00175	0.00823	0.00411	0.00242	0.00834
4	0.02455	0.00998	0.01324	0.01032	0.01463	0.00898	0.00847	0.02812	0.08835	0.69463	0.02264	0.01965	0.01448	0.00715	0.00576	0.00179	0.00483	0.00582	0.00696	0.00967
5	0.02252	0.00904	0.01227	0.00964	0.01352	0.00787	0.00787	0.02482	0.01634	0.63405	0.15459	0.02363	0.02128	0.00791	0.00593	0.00178	0.00448	0.00657	0.00694	0.00896

[dist]
# distance from previous block
# <min> <max>
0	1

[block]
# block no. 4 follows, 41 sequences, length 6
# corresponding to MSA columns:
# 159-164
name=unknown_E
#
# <colnr> <probs for GDERKNQSTAVLIFYWHMCP>
#	G	D	E	R	K	N	Q	S	T	A	V	L	I	F	Y	W	H	M	C	P
0	0.01175	0.01145	0.02036	0.55295	0.16880	0.01309	0.10874	0.01562	0.01199	0.01582	0.01045	0.01508	0.00802	0.00549	0.00584	0.00187	0.00773	0.00530	0.00264	0.00702
1	0.01350	0.01543	0.03375	0.02411	0.02989	0.01446	0.74253	0.01832	0.01350	0.01832	0.01157	0.01543	0.00868	0.00482	0.00675	0.00193	0.00964	0.00675	0.00289	0.00771
2	0.00676	0.00579	0.00579	0.00579	0.00773	0.00483	0.00435	0.00821	0.01304	0.01545	0.05794	0.05505	0.76098	0.01449	0.00676	0.00193	0.00290	0.01207	0.00531	0.00483
3	0.01199	0.02634	0.61127	0.01937	0.11927	0.01342	0.08250	0.01806	0.01232	0.01821	0.01044	0.01263	0.00760	0.00534	0.00558	0.00181	0.00834	0.00455	0.00251	0.00847
4	0.01147	0.02959	0.76934	0.01630	0.02476	0.01328	0.02113	0.01811	0.01208	0.01811	0.01026	0.01208	0.00725	0.00543	0.00543	0.00181	0.00845	0.00423	0.00242	0.00845
5	0.01080	0.01017	0.01716	0.78523	0.03940	0.01271	0.01589	0.01461	0.01144	0.01461	0.01017	0.01525	0.00762	0.00572	0.00572	0.00191	0.00762	0.00508	0.00254	0.00635

[dist]
# distance from previous block
# <min> <max>
0	1

[block]
# block no. 5 follows, 41 sequences, length 8
# corresponding to MSA columns:
# 166-173
name=unknown_F
#
# <colnr> <probs for GDERKNQSTAVLIFYWHMCP>
#	G	D	E	R	K	N	Q	S	T	A	V	L	I	F	Y	W	H	M	C	P
0	0.01368	0.01311	0.02236	0.14070	0.66140	0.01347	0.01732	0.01714	0.01280	0.01811	0.01068	0.01431	0.00886	0.00518	0.00567	0.00173	0.00691	0.00509	0.00279	0.00868
1	0.01350	0.01543	0.03375	0.02411	0.02989	0.01446	0.74253	0.01832	0.01350	0.01832	0.01157	0.01543	0.00868	0.00482	0.00675	0.00193	0.00964	0.00675	0.00289	0.00771
2	0.00697	0.00498	0.00664	0.00796	0.00830	0.00465	0.00531	0.00796	0.01095	0.01460	0.03153	0.79525	0.03783	0.01792	0.00730	0.00232	0.00332	0.01626	0.00531	0.00465
3	0.13623	0.01500	0.01593	0.05524	0.01800	0.01677	0.01049	0.60132	0.02362	0.03340	0.01272	0.01319	0.00911	0.00658	0.00541	0.00173	0.00610	0.00486	0.00524	0.00904
4	0.00832	0.00555	0.00624	0.00624	0.00624	0.00555	0.00347	0.00832	0.00832	0.01109	0.01802	0.03743	0.02080	0.79898	0.02911	0.00555	0.00555	0.00832	0.00347	0.00347
5	0.01028	0.00942	0.00817	0.00771	0.00996	0.11418	0.00584	0.01276	0.06042	0.05284	0.08503	0.04423	0.53350	0.01234	0.00643	0.00185	0.00413	0.01014	0.00515	0.00562
6	0.02055	0.01430	0.01499	0.01177	0.01579	0.04926	0.00962	0.52749	0.02310	0.11296	0.01519	0.01530	0.01082	0.00682	0.00545	0.00166	0.00580	0.00518	0.12501	0.00895
7	0.01142	0.00970	0.01139	0.00843	0.01308	0.00735	0.00664	0.01382	0.01178	0.01827	0.01210	0.08283	0.01113	0.00548	0.00451	0.00098	0.00415	0.00455	0.00356	0.75882

[dist]
# distance from previous block
# <min> <max>
10	22

[block]
# block no. 6 follows, 41 sequences, length 48
# corresponding to MSA columns:
# 199-246
name=unknown_G
#
# <colnr> <probs for GDERKNQSTAVLIFYWHMCP>
#	G	D	E	R	K	N	Q	S	T	A	V	L	I	F	Y	W	H	M	C	P
0	0.01349	0.02462	0.56226	0.01570	0.02320	0.01241	0.08067	0.01916	0.01274	0.11440	0.01195	0.01330	0.00833	0.00552	0.00551	0.00176	0.00784	0.00459	0.00312	0.05943
1	0.16014	0.01023	0.01445	0.43401	0.02749	0.01149	0.01201	0.01783	0.01222	0.17824	0.01244	0.01490	0.00883	0.00585	0.00525	0.00179	0.00626	0.00477	0.00374	0.05805
2	0.08524	0.00879	0.01033	0.00939	0.01180	0.00877	0.00713	0.15844	0.01507	0.16302	0.02346	0.39579	0.02393	0.01207	0.00625	0.00199	0.00433	0.01044	0.00550	0.03823
3	0.18942	0.01008	0.01089	0.00823	0.01273	0.00862	0.00660	0.01499	0.01177	0.03656	0.05619	0.01338	0.01091	0.00499	0.00427	0.00112	0.00420	0.00381	0.00368	0.58757
4	0.16814	0.00842	0.00835	0.00766	0.01037	0.00852	0.00598	0.01594	0.15960	0.08375	0.03852	0.03660	0.40564	0.01077	0.00587	0.00189	0.00368	0.00871	0.00523	0.00635
5	0.67724	0.01141	0.00958	0.00836	0.01198	0.01303	0.00684	0.06336	0.07506	0.06331	0.01037	0.01111	0.00778	0.00571	0.00398	0.00178	0.00457	0.00365	0.00405	0.00684
6	0.01824	0.02046	0.01854	0.01852	0.14952	0.40235	0.07480	0.11292	0.01618	0.01806	0.01139	0.06033	0.00996	0.00668	0.00610	0.00168	0.03823	0.00521	0.00341	0.00741
7	0.01582	0.01637	0.14746	0.01288	0.01741	0.01503	0.01169	0.22533	0.42187	0.02625	0.01835	0.01761	0.01352	0.00710	0.00573	0.00186	0.00571	0.00571	0.00519	0.00913
8	0.00676	0.00579	0.00579	0.00579	0.00773	0.00483	0.00435	0.00821	0.01304	0.01545	0.05794	0.05505	0.76098	0.01449	0.00676	0.00193	0.00290	0.01207	0.00531	0.00483
9	0.01536	0.01353	0.02544	0.01889	0.02303	0.01386	0.41132	0.01878	0.01282	0.14978	0.01250	0.01532	0.00936	0.00643	0.00934	0.00200	0.19391	0.00603	0.00356	0.03873
10	0.01100	0.00925	0.01094	0.00838	0.01263	0.00710	0.00652	0.01327	0.01170	0.01793	0.01393	0.14997	0.01365	0.00665	0.00478	0.00111	0.00407	0.00566	0.00373	0.68774
11	0.01858	0.01367	0.01498	0.01208	0.01577	0.01500	0.00974	0.58446	0.02336	0.03134	0.01693	0.15187	0.01487	0.01029	0.03746	0.00213	0.00614	0.00715	0.00554	0.00864
12	0.01350	0.01543	0.03375	0.02411	0.02989	0.01446	0.74253	0.01832	0.01350	0.01832	0.01157	0.01543	0.00868	0.00482	0.00675	0.00193	0.00964	0.00675	0.00289	0.00771
13	0.02383	0.14949	0.01622	0.01011	0.01462	0.01091	0.00865	0.02598	0.01553	0.63436	0.01999	0.01765	0.01296	0.00669	0.00539	0.00167	0.00509	0.00528	0.00626	0.00931
14	0.02566	0.00973	0.01327	0.01018	0.01460	0.00841	0.00841	0.02788	0.01637	0.76726	0.02257	0.01947	0.01416	0.00708	0.00575	0.00177	0.00487	0.00575	0.00708	0.00973
15	0.01581	0.01405	0.01376	0.01210	0.01548	0.08021	0.00946	0.12144	0.59632	0.02463	0.02081	0.01941	0.01560	0.00748	0.00575	0.00187	0.00525	0.00606	0.00556	0.00893
16	0.01138	0.00628	0.00748	0.00693	0.00771	0.00605	0.00434	0.01177	0.00974	0.14441	0.01882	0.03426	0.01963	0.65937	0.02499	0.00488	0.00543	0.00787	0.00410	0.00457
17	0.00906	0.00640	0.00869	0.00978	0.01086	0.00640	0.00820	0.01123	0.01231	0.01606	0.02812	0.05974	0.03078	0.15388	0.01164	0.00315	0.00532	0.59848	0.00495	0.00495
18	0.16559	0.02441	0.01483	0.01346	0.01652	0.64147	0.01020	0.02178	0.01507	0.01606	0.00869	0.01013	0.00716	0.00579	0.00487	0.00153	0.00928	0.00358	0.00305	0.00655
19	0.01636	0.66576	0.02755	0.01066	0.01521	0.15546	0.01001	0.01813	0.01243	0.01355	0.00811	0.00938	0.00735	0.00507	0.00393	0.00127	0.00686	0.00317	0.00253	0.00722
20	0.02363	0.01041	0.01503	0.01457	0.14660	0.00932	0.01002	0.02606	0.01578	0.63529	0.02048	0.01853	0.01326	0.00673	0.00574	0.00176	0.00521	0.00564	0.00633	0.00962
21	0.01009	0.00649	0.00711	0.00657	0.00894	0.00546	0.00506	0.01168	0.01363	0.14800	0.05171	0.04877	0.62931	0.01318	0.00658	0.00190	0.00324	0.01096	0.00562	0.00569
22	0.15744	0.02632	0.63519	0.01475	0.02234	0.01320	0.01850	0.01789	0.01166	0.01945	0.00986	0.01159	0.00706	0.00541	0.00510	0.00180	0.00774	0.00403	0.00261	0.00806
23	0.01416	0.01359	0.02322	0.03511	0.76330	0.01359	0.01755	0.01755	0.01302	0.01869	0.01076	0.01416	0.00906	0.00510	0.00566	0.00170	0.00680	0.00510	0.00283	0.00906
24	0.02566	0.00973	0.01327	0.01018	0.01460	0.00841	0.00841	0.02788	0.01637	0.76726	0.02257	0.01947	0.01416	0.00708	0.00575	0.00177	0.00487	0.00575	0.00708	0.00973
25	0.01013	0.00925	0.01530	0.64820	0.03391	0.01129	0.01402	0.01344	0.01135	0.01461	0.01393	0.15277	0.01295	0.00787	0.00600	0.00198	0.00687	0.00705	0.00303	0.00605
26	0.01416	0.01359	0.02322	0.03511	0.76330	0.01359	0.01755	0.01755	0.01302	0.01869	0.01076	0.01416	0.00906	0.00510	0.00566	0.00170	0.00680	0.00510	0.00283	0.00906
27	0.02213	0.00915	0.01227	0.00971	0.01354	0.00810	0.00790	0.02496	0.04430	0.60782	0.15265	0.02364	0.02130	0.00792	0.00593	0.00178	0.00447	0.00659	0.00689	0.00894
28	0.02566	0.00973	0.01327	0.01018	0.01460	0.00841	0.00841	0.02788	0.01637	0.76726	0.02257	0.01947	0.01416	0.00708	0.00575	0.00177	0.00487	0.00575	0.00708	0.00973
29	0.01147	0.02959	0.76934	0.01630	0.02476	0.01328	0.02113	0.01811	0.01208	0.01811	0.01026	0.01208	0.00725	0.00543	0.00543	0.00181	0.00845	0.00423	0.00242	0.00845
30	0.00697	0.00498	0.00664	0.00796	0.00830	0.00465	0.00531	0.00796	0.01095	0.01460	0.03153	0.79525	0.03783	0.01792	0.00730	0.00232	0.00332	0.01626	0.00531	0.00465
31	0.01350	0.01543	0.03375	0.02411	0.02989	0.01446	0.74253	0.01832	0.01350	0.01832	0.01157	0.01543	0.00868	0.00482	0.00675	0.00193	0.00964	0.00675	0.00289	0.00771
32	0.02566	0.00973	0.01327	0.01018	0.01460	0.00841	0.00841	0.02788	0.01637	0.76726	0.02257	0.01947	0.01416	0.00708	0.00575	0.00177	0.00487	0.00575	0.00708	0.00973
33	0.01109	0.01046	0.01768	0.72070	0.10167	0.01278	0.01603	0.01487	0.01157	0.01496	0.01022	0.01516	0.00775	0.00567	0.00571	0.00189	0.00755	0.00508	0.00257	0.00659
34	0.00676	0.00579	0.00579	0.00579	0.00773	0.00483	0.00435	0.00821	0.01304	0.01545	0.05794	0.05505	0.76098	0.01449	0.00676	0.00193	0.00290	0.01207	0.00531	0.00483
35	0.01401	0.01547	0.03273	0.02343	0.02914	0.01467	0.69744	0.06306	0.01433	0.01941	0.01171	0.01532	0.00874	0.00495	0.00669	0.00192	0.00944	0.00665	0.00307	0.00784
36	0.02458	0.01147	0.01435	0.01100	0.01547	0.01098	0.00909	0.22567	0.01928	0.56537	0.02013	0.01788	0.01294	0.00702	0.00574	0.00176	0.00526	0.00559	0.00670	0.00973
37	0.01346	0.01496	0.03133	0.05193	0.02896	0.01438	0.65184	0.01922	0.07704	0.01866	0.01253	0.01593	0.00939	0.00511	0.00663	0.00193	0.00913	0.00666	0.00313	0.00778
38	0.00697	0.00498	0.00664	0.00796	0.00830	0.00465	0.00531	0.00796	0.01095	0.01460	0.03153	0.79525	0.03783	0.01792	0.00730	0.00232	0.00332	0.01626	0.00531	0.00465
39	0.02282	0.01378	0.14691	0.01151	0.01666	0.01007	0.01086	0.08778	0.01652	0.57228	0.01964	0.01767	0.01256	0.00677	0.00569	0.00177	0.00562	0.00543	0.00614	0.00951
40	0.00780	0.00586	0.00858	0.00935	0.01018	0.00558	0.04313	0.00936	0.01158	0.01536	0.03025	0.59103	0.03526	0.01678	0.00741	0.00237	0.00408	0.17592	0.00518	0.00494
41	0.01357	0.01299	0.02215	0.16736	0.63567	0.01343	0.01726	0.01704	0.01274	0.01797	0.01065	0.01435	0.00881	0.00521	0.00567	0.00174	0.00694	0.00509	0.00278	0.00858
42	0.01186	0.01017	0.01186	0.00847	0.01356	0.00762	0.00678	0.01440	0.01186	0.01864	0.01017	0.01186	0.00847	0.00424	0.00424	0.00085	0.00424	0.00339	0.00339	0.83395
43	0.83938	0.01106	0.00841	0.00752	0.01106	0.01283	0.00619	0.01681	0.00973	0.02566	0.00796	0.00929	0.00619	0.00531	0.00354	0.00177	0.00442	0.00310	0.00354	0.00619
44	0.00691	0.00520	0.00640	0.00737	0.00814	0.00470	0.00504	0.00803	0.01153	0.01484	0.03882	0.59087	0.23750	0.01697	0.00715	0.00221	0.00320	0.01510	0.00531	0.00470
45	0.00686	0.00541	0.00619	0.00682	0.00800	0.00474	0.00480	0.00809	0.01205	0.01505	0.04540	0.40638	0.41774	0.01612	0.00702	0.00212	0.00310	0.01406	0.00531	0.00474
46	0.55321	0.01282	0.01109	0.00932	0.01313	0.05174	0.00763	0.17393	0.01431	0.09110	0.01050	0.01117	0.00770	0.00582	0.00428	0.00174	0.00516	0.00379	0.00428	0.00728
47	0.16522	0.01966	0.01400	0.01237	0.01570	0.41345	0.00955	0.03955	0.11562	0.12334	0.01268	0.01299	0.00954	0.00623	0.00506	0.00164	0.00764	0.00428	0.00408	0.00739

[dist]
# distance from previous block
# <min> <max>
0	6

[block]
# block no. 7 follows, 41 sequences, length 17
# corresponding to MSA columns:
# 253-269
name=unknown_H
#
# <colnr> <probs for GDERKNQSTAVLIFYWHMCP>
#	G	D	E	R	K	N	Q	S	T	A	V	L	I	F	Y	W	H	M	C	P
0	0.01934	0.00946	0.01320	0.01051	0.01395	0.00892	0.04016	0.02225	0.04418	0.45812	0.18246	0.02367	0.02208	0.00815	0.00698	0.00182	0.06550	0.00669	0.00619	0.03638
1	0.02137	0.02726	0.01621	0.01474	0.01768	0.77602	0.01105	0.02284	0.01621	0.01400	0.00884	0.01031	0.00737	0.00589	0.00516	0.00147	0.01031	0.00368	0.00295	0.00663
2	0.01008	0.00765	0.00967	0.01036	0.01195	0.00804	0.00858	0.01542	0.17515	0.01813	0.02832	0.11873	0.02943	0.04849	0.00832	0.00258	0.00494	0.47286	0.00531	0.00596
3	0.00847	0.00845	0.09119	0.00819	0.01032	0.00626	0.00712	0.01160	0.01574	0.02241	0.67802	0.03936	0.04885	0.01101	0.00660	0.00180	0.00333	0.00967	0.00587	0.00573
4	0.71288	0.01086	0.00916	0.00793	0.01161	0.01214	0.00654	0.01853	0.01077	0.14095	0.01023	0.01087	0.00743	0.00558	0.00388	0.00177	0.00449	0.00351	0.00409	0.00674
5	0.00858	0.00669	0.00836	0.00813	0.01003	0.00563	0.00579	0.01008	0.01125	0.01593	0.02449	0.53737	0.02817	0.01342	0.00629	0.00184	0.00362	0.01202	0.00468	0.27764
6	0.02566	0.00973	0.01327	0.01018	0.01460	0.00841	0.00841	0.02788	0.01637	0.76726	0.02257	0.01947	0.01416	0.00708	0.00575	0.00177	0.00487	0.00575	0.00708	0.00973
7	0.02145	0.02479	0.01642	0.01439	0.01769	0.60957	0.01101	0.18119	0.01855	0.01884	0.00992	0.01107	0.00789	0.00611	0.00528	0.00153	0.00943	0.00401	0.00356	0.00731
8	0.01107	0.00602	0.00809	0.00845	0.00968	0.00547	0.00599	0.01234	0.01214	0.17982	0.02956	0.62496	0.03263	0.01554	0.00696	0.00220	0.00366	0.01395	0.00570	0.00576
9	0.01156	0.01111	0.01569	0.01374	0.01396	0.01524	0.01134	0.01299	0.00885	0.01366	0.00922	0.01470	0.00900	0.01723	0.18506	0.00397	0.61879	0.00525	0.00263	0.00600
10	0.02038	0.09581	0.01346	0.00917	0.01310	0.00918	0.00767	0.02238	0.01512	0.51956	0.02873	0.02615	0.17735	0.00847	0.00575	0.00175	0.00457	0.00684	0.00618	0.00839
11	0.01338	0.00790	0.01052	0.01058	0.01279	0.00782	0.00902	0.01740	0.09501	0.18253	0.02782	0.04990	0.02711	0.01300	0.00720	0.00237	0.00510	0.48818	0.00573	0.00666
12	0.83938	0.01106	0.00841	0.00752	0.01106	0.01283	0.00619	0.01681	0.00973	0.02566	0.00796	0.00929	0.00619	0.00531	0.00354	0.00177	0.00442	0.00310	0.00354	0.00619
13	0.00840	0.00722	0.00736	0.00708	0.00929	0.00689	0.00538	0.01308	0.17546	0.01731	0.05034	0.04765	0.59777	0.01301	0.00655	0.00193	0.00325	0.01084	0.00542	0.00576
14	0.02566	0.00973	0.01327	0.01018	0.01460	0.00841	0.00841	0.02788	0.01637	0.76726	0.02257	0.01947	0.01416	0.00708	0.00575	0.00177	0.00487	0.00575	0.00708	0.00973
15	0.01511	0.01209	0.01361	0.01002	0.01493	0.01095	0.00813	0.25465	0.01681	0.02437	0.01134	0.01248	0.00889	0.00510	0.00473	0.00113	0.00491	0.00397	0.00416	0.56263
16	0.01186	0.01017	0.01186	0.00847	0.01356	0.00762	0.00678	0.01440	0.01186	0.01864	0.01017	0.01186	0.00847	0.00424	0.00424	0.00085	0.00424	0.00339	0.00339	0.83395

[dist]
# distance from previous block
# <min> <max>
0	5

[block]
# block no. 8 follows, 41 sequences, length 37
# corresponding to MSA columns:
# 275-311
name=unknown_I
#
# <colnr> <probs for GDERKNQSTAVLIFYWHMCP>
#	G	D	E	R	K	N	Q	S	T	A	V	L	I	F	Y	W	H	M	C	P
0	0.01374	0.01297	0.02114	0.03024	0.62639	0.01250	0.01559	0.01698	0.01281	0.01868	0.01065	0.01374	0.00895	0.00494	0.00540	0.00154	0.00633	0.00478	0.00293	0.15969
1	0.06501	0.00805	0.00943	0.00831	0.01039	0.00814	0.00645	0.14512	0.01772	0.02551	0.57470	0.03524	0.04276	0.01039	0.00635	0.00178	0.00347	0.00892	0.00601	0.00624
2	0.01181	0.05690	0.60294	0.01581	0.02258	0.01443	0.01911	0.01728	0.01145	0.01714	0.00967	0.01204	0.00730	0.00625	0.00780	0.00191	0.15081	0.00432	0.00243	0.00801
3	0.00842	0.00648	0.00898	0.14976	0.01442	0.00643	0.00731	0.01011	0.01145	0.03236	0.02875	0.50245	0.10641	0.01413	0.00671	0.00209	0.00416	0.01265	0.00471	0.06222
4	0.01392	0.01335	0.02278	0.08863	0.71165	0.01353	0.01744	0.01734	0.01291	0.01840	0.01072	0.01423	0.00896	0.00514	0.00567	0.00171	0.00685	0.00510	0.00281	0.00887
5	0.01331	0.52179	0.15521	0.01045	0.01532	0.01785	0.01097	0.01614	0.01254	0.01600	0.14574	0.01581	0.01584	0.00623	0.00454	0.00143	0.00590	0.00459	0.00314	0.00718
6	0.01262	0.01342	0.02719	0.02311	0.16006	0.01270	0.48118	0.01677	0.01377	0.01891	0.11591	0.02044	0.04330	0.00618	0.00655	0.00187	0.00792	0.00714	0.00344	0.00753
7	0.01359	0.01268	0.01187	0.01105	0.01366	0.11649	0.00838	0.04216	0.44926	0.02062	0.02483	0.16316	0.06827	0.00978	0.00606	0.00194	0.00504	0.00821	0.00530	0.00766
8	0.01416	0.01359	0.02322	0.03511	0.76330	0.01359	0.01755	0.01755	0.01302	0.01869	0.01076	0.01416	0.00906	0.00510	0.00566	0.00170	0.00680	0.00510	0.00283	0.00906
9	0.01186	0.01017	0.01186	0.00847	0.01356	0.00762	0.00678	0.01440	0.01186	0.01864	0.01017	0.01186	0.00847	0.00424	0.00424	0.00085	0.00424	0.00339	0.00339	0.83395
10	0.01632	0.01182	0.01300	0.01137	0.01482	0.01316	0.00894	0.02993	0.61846	0.15967	0.02315	0.02100	0.01686	0.00764	0.00581	0.00191	0.00459	0.00634	0.00605	0.00918
11	0.01186	0.01017	0.01186	0.00847	0.01356	0.00762	0.00678	0.01440	0.01186	0.01864	0.01017	0.01186	0.00847	0.00424	0.00424	0.00085	0.00424	0.00339	0.00339	0.83395
12	0.00697	0.00498	0.00664	0.00796	0.00830	0.00465	0.00531	0.00796	0.01095	0.01460	0.03153	0.79525	0.03783	0.01792	0.00730	0.00232	0.00332	0.01626	0.00531	0.00465
13	0.00676	0.00579	0.00579	0.00579	0.00773	0.00483	0.00435	0.00821	0.01304	0.01545	0.05794	0.05505	0.76098	0.01449	0.00676	0.00193	0.00290	0.01207	0.00531	0.00483
14	0.00697	0.00498	0.00664	0.00796	0.00830	0.00465	0.00531	0.00796	0.01095	0.01460	0.03153	0.79525	0.03783	0.01792	0.00730	0.00232	0.00332	0.01626	0.00531	0.00465
15	0.01529	0.80242	0.02997	0.00979	0.01468	0.02263	0.00979	0.01713	0.01162	0.01346	0.00795	0.00918	0.00734	0.00489	0.00367	0.00122	0.00612	0.00306	0.00245	0.00734
16	0.01185	0.10536	0.69686	0.01566	0.02377	0.01420	0.02002	0.01802	0.01203	0.01766	0.01004	0.01179	0.00725	0.00538	0.00526	0.00175	0.00822	0.00411	0.00242	0.00834
17	0.01287	0.01421	0.03018	0.02320	0.07941	0.01338	0.61445	0.01719	0.01320	0.01796	0.01360	0.09668	0.01175	0.00621	0.00673	0.00195	0.00878	0.00763	0.00314	0.00749
18	0.83938	0.01106	0.00841	0.00752	0.01106	0.01283	0.00619	0.01681	0.00973	0.02566	0.00796	0.00929	0.00619	0.00531	0.00354	0.00177	0.00442	0.00310	0.00354	0.00619
19	0.01111	0.01028	0.01645	0.59352	0.03280	0.01310	0.01449	0.01438	0.01098	0.01490	0.01024	0.01515	0.00806	0.00656	0.00799	0.00198	0.14990	0.00509	0.05675	0.00627
20	0.01632	0.01182	0.01300	0.01137	0.01482	0.01316	0.00894	0.02993	0.61846	0.15967	0.02315	0.02100	0.01686	0.00764	0.00581	0.00191	0.00459	0.00634	0.00605	0.00918
21	0.00810	0.00585	0.00765	0.00720	0.00855	0.00540	0.00540	0.01079	0.01619	0.02294	0.76028	0.04273	0.05397	0.01169	0.00675	0.00180	0.00270	0.01034	0.00630	0.00540
22	0.01529	0.80242	0.02997	0.00979	0.01468	0.02263	0.00979	0.01713	0.01162	0.01346	0.00795	0.00918	0.00734	0.00489	0.00367	0.00122	0.00612	0.00306	0.00245	0.00734
23	0.02566	0.00973	0.01327	0.01018	0.01460	0.00841	0.00841	0.02788	0.01637	0.76726	0.02257	0.01947	0.01416	0.00708	0.00575	0.00177	0.00487	0.00575	0.00708	0.00973
24	0.01739	0.01235	0.01360	0.01159	0.01523	0.01367	0.00920	0.13188	0.51476	0.16140	0.02179	0.01991	0.01575	0.00751	0.00579	0.00188	0.00484	0.00615	0.00604	0.00927
25	0.83938	0.01106	0.00841	0.00752	0.01106	0.01283	0.00619	0.01681	0.00973	0.02566	0.00796	0.00929	0.00619	0.00531	0.00354	0.00177	0.00442	0.00310	0.00354	0.00619
26	0.01416	0.01359	0.02322	0.03511	0.76330	0.01359	0.01755	0.01755	0.01302	0.01869	0.01076	0.01416	0.00906	0.00510	0.00566	0.00170	0.00680	0.00510	0.00283	0.00906
27	0.01196	0.02667	0.63309	0.01974	0.15962	0.01334	0.02048	0.01801	0.01225	0.01822	0.01036	0.01246	0.00758	0.00537	0.00548	0.00179	0.00815	0.00439	0.00249	0.00856
28	0.00694	0.00580	0.00604	0.00598	0.00784	0.00491	0.00449	0.00856	0.01346	0.01646	0.15286	0.05338	0.66544	0.01411	0.00676	0.00191	0.00287	0.01184	0.00544	0.00491
29	0.16266	0.02620	0.63039	0.01470	0.02226	0.01320	0.01841	0.01788	0.01165	0.01949	0.00984	0.01157	0.00705	0.00541	0.00509	0.00180	0.00772	0.00402	0.00262	0.00804
30	0.00697	0.00498	0.00664	0.00796	0.00830	0.00465	0.00531	0.00796	0.01095	0.01460	0.03153	0.79525	0.03783	0.01792	0.00730	0.00232	0.00332	0.01626	0.00531	0.00465
31	0.01632	0.01182	0.01300	0.01137	0.01482	0.01316	0.00894	0.02993	0.61846	0.15967	0.02315	0.02100	0.01686	0.00764	0.00581	0.00191	0.00459	0.00634	0.00605	0.00918
32	0.01239	0.01209	0.01649	0.01382	0.01475	0.01571	0.01147	0.01388	0.00933	0.01466	0.00799	0.01239	0.00768	0.00896	0.01612	0.00220	0.64529	0.00471	0.00266	0.15740
33	0.01079	0.00985	0.01638	0.73418	0.03725	0.01223	0.01511	0.01453	0.01147	0.01505	0.01072	0.01565	0.00809	0.00578	0.00561	0.00187	0.00730	0.00510	0.05676	0.00629
34	0.00963	0.01078	0.14803	0.01159	0.01421	0.00781	0.01139	0.01299	0.01297	0.01730	0.02663	0.05494	0.02823	0.01391	0.00745	0.00248	0.00585	0.59322	0.00475	0.00585
35	0.01251	0.01055	0.01221	0.00878	0.01383	0.00829	0.00705	0.06218	0.01285	0.01978	0.01040	0.01198	0.00855	0.00441	0.00433	0.00090	0.00437	0.00350	0.00354	0.77999
36	0.01423	0.01229	0.01293	0.01164	0.01487	0.01423	0.00905	0.03039	0.75297	0.02393	0.02328	0.02134	0.01746	0.00776	0.00582	0.00194	0.00453	0.00647	0.00582	0.00905

[dist]
# distance from previous block
# <min> <max>
0	1

[block]
# block no. 9 follows, 41 sequences, length 30
# corresponding to MSA columns:
# 313-342
name=unknown_J
#
# <colnr> <probs for GDERKNQSTAVLIFYWHMCP>
#	G	D	E	R	K	N	Q	S	T	A	V	L	I	F	Y	W	H	M	C	P
0	0.01402	0.01339	0.02254	0.03351	0.71834	0.01323	0.01691	0.01737	0.01295	0.01868	0.01072	0.01402	0.00903	0.00504	0.00558	0.00165	0.00664	0.00499	0.00286	0.05852
1	0.02566	0.00973	0.01327	0.01018	0.01460	0.00841	0.00841	0.02788	0.01637	0.76726	0.02257	0.01947	0.01416	0.00708	0.00575	0.00177	0.00487	0.00575	0.00708	0.00973
2	0.02137	0.02726	0.01621	0.01474	0.01768	0.77602	0.01105	0.02284	0.01621	0.01400	0.00884	0.01031	0.00737	0.00589	0.00516	0.00147	0.01031	0.00368	0.00295	0.00663
3	0.00676	0.00579	0.00579	0.00579	0.00773	0.00483	0.00435	0.00821	0.01304	0.01545	0.05794	0.05505	0.76098	0.01449	0.00676	0.00193	0.00290	0.01207	0.00531	0.00483
4	0.01080	0.01017	0.01716	0.78523	0.03940	0.01271	0.01589	0.01461	0.01144	0.01461	0.01017	0.01525	0.00762	0.00572	0.00572	0.00191	0.00762	0.00508	0.00254	0.00635
5	0.02566	0.00973	0.01327	0.01018	0.01460	0.00841	0.00841	0.02788	0.01637	0.76726	0.02257	0.01947	0.01416	0.00708	0.00575	0.00177	0.00487	0.00575	0.00708	0.00973
6	0.00810	0.00585	0.00765	0.00720	0.00855	0.00540	0.00540	0.01079	0.01619	0.02294	0.76028	0.04273	0.05397	0.01169	0.00675	0.00180	0.00270	0.01034	0.00630	0.00540
7	0.01372	0.01605	0.13322	0.03169	0.61107	0.01360	0.06155	0.01768	0.01291	0.01858	0.01074	0.01393	0.00877	0.00513	0.00569	0.00173	0.00721	0.00507	0.00277	0.00889
8	0.01080	0.01017	0.01716	0.78523	0.03940	0.01271	0.01589	0.01461	0.01144	0.01461	0.01017	0.01525	0.00762	0.00572	0.00572	0.00191	0.00762	0.00508	0.00254	0.00635
9	0.01147	0.02959	0.76934	0.01630	0.02476	0.01328	0.02113	0.01811	0.01208	0.01811	0.01026	0.01208	0.00725	0.00543	0.00543	0.00181	0.00845	0.00423	0.00242	0.00845
10	0.01340	0.01511	0.03244	0.02317	0.02891	0.01405	0.69841	0.01809	0.01340	0.01834	0.01149	0.01522	0.00867	0.00479	0.00660	0.00186	0.00932	0.00655	0.00292	0.05726
11	0.00812	0.00546	0.00630	0.00649	0.00654	0.00541	0.00374	0.00827	0.00870	0.01161	0.02000	0.14851	0.02329	0.68449	0.02592	0.00507	0.00522	0.00948	0.00374	0.00364
12	0.01356	0.01298	0.02214	0.16857	0.63450	0.01343	0.01726	0.01703	0.01274	0.01796	0.01065	0.01435	0.00880	0.00521	0.00567	0.00174	0.00694	0.00509	0.00278	0.00858
13	0.01360	0.01516	0.03221	0.02572	0.13740	0.01434	0.63626	0.01821	0.01343	0.01838	0.01145	0.01524	0.00873	0.00486	0.00659	0.00189	0.00923	0.00651	0.00288	0.00791
14	0.01310	0.01466	0.03132	0.13567	0.03129	0.01421	0.63602	0.01778	0.01320	0.01778	0.01137	0.01540	0.00852	0.00495	0.00660	0.00193	0.00935	0.00651	0.00284	0.00752
15	0.00697	0.00498	0.00664	0.00796	0.00830	0.00465	0.00531	0.00796	0.01095	0.01460	0.03153	0.79525	0.03783	0.01792	0.00730	0.00232	0.00332	0.01626	0.00531	0.00465
16	0.01399	0.01342	0.02292	0.07197	0.72773	0.01355	0.01747	0.01741	0.01295	0.01849	0.01073	0.01421	0.00899	0.00513	0.00567	0.00171	0.00684	0.00510	0.00282	0.00893
17	0.01147	0.02959	0.76934	0.01630	0.02476	0.01328	0.02113	0.01811	0.01208	0.01811	0.01026	0.01208	0.00725	0.00543	0.00543	0.00181	0.00845	0.00423	0.00242	0.00845
18	0.01399	0.01342	0.02292	0.07197	0.72773	0.01355	0.01747	0.01741	0.01295	0.01849	0.01073	0.01421	0.00899	0.00513	0.00567	0.00171	0.00684	0.00510	0.00282	0.00893
19	0.01331	0.01102	0.01264	0.00916	0.01417	0.00911	0.00738	0.12138	0.01406	0.02119	0.01069	0.01214	0.00866	0.00462	0.00445	0.00097	0.00454	0.00365	0.00373	0.71313
20	0.14033	0.01530	0.01590	0.01234	0.01677	0.01703	0.01019	0.63872	0.02440	0.03454	0.01290	0.01309	0.00921	0.00664	0.00541	0.00172	0.00602	0.00485	0.00541	0.00921
21	0.01191	0.11843	0.68435	0.01555	0.02360	0.01436	0.01983	0.01800	0.01202	0.01758	0.01000	0.01174	0.00726	0.00537	0.00523	0.00174	0.00818	0.00409	0.00242	0.00833
