[name]
unknown

[dist]
# distance from previous block
# <min> <max>
0	221

[block]
# block no. 0 follows, 40 sequences, length 15
# corresponding to MSA columns:
# 238-252
name=unknown_A
#
# <colnr> <probs for GDERKNQSTAVLIFYWHMCP>
#	G	D	E	R	K	N	Q	S	T	A	V	L	I	F	Y	W	H	M	C	P
0	0.01410	0.53729	0.25142	0.01185	0.01778	0.01948	0.01326	0.01747	0.01213	0.01547	0.03688	0.01150	0.00921	0.00540	0.00439	0.00145	0.00681	0.00375	0.00262	0.00773
1	0.00807	0.00637	0.00936	0.19300	0.01601	0.00672	0.00797	0.00986	0.01152	0.01527	0.06292	0.56897	0.03194	0.01494	0.00701	0.00223	0.00439	0.01352	0.00478	0.00518
2	0.00825	0.00602	0.00780	0.00779	0.00900	0.00571	0.00574	0.01113	0.04499	0.02115	0.53033	0.22217	0.04876	0.01337	0.00699	0.00199	0.00305	0.03420	0.00611	0.00545
3	0.01604	0.53302	0.02489	0.01071	0.01519	0.04518	0.00982	0.04890	0.18891	0.03842	0.01249	0.01280	0.01021	0.00585	0.00444	0.00146	0.00594	0.00412	0.00359	0.00802
4	0.02078	0.01431	0.19269	0.01152	0.01667	0.00941	0.01132	0.02416	0.01558	0.50835	0.09619	0.02045	0.01692	0.00729	0.00588	0.00181	0.00559	0.00596	0.00598	0.00913
5	0.02488	0.01184	0.01470	0.01127	0.01581	0.01143	0.00931	0.24472	0.01990	0.54241	0.02021	0.01802	0.01303	0.00713	0.00584	0.00178	0.00539	0.00566	0.00678	0.00989
6	0.01649	0.01226	0.01343	0.04240	0.01562	0.01324	0.00908	0.32458	0.19016	0.07512	0.02740	0.02624	0.19053	0.00901	0.00609	0.00186	0.00512	0.00727	0.00570	0.00840
7	0.04573	0.00890	0.01126	0.00912	0.01281	0.00790	0.00738	0.02255	0.04190	0.50306	0.06272	0.02920	0.19354	0.00917	0.00607	0.00185	0.00435	0.00753	0.00657	0.00838
8	0.00779	0.00588	0.00719	0.00696	0.00844	0.00528	0.00518	0.01008	0.01527	0.02072	0.52089	0.08686	0.25213	0.01303	0.00689	0.00190	0.00283	0.01133	0.00607	0.00528
9	0.01290	0.01104	0.01156	0.01046	0.01348	0.01230	0.00812	0.04890	0.54919	0.02267	0.03177	0.02963	0.19423	0.00949	0.00614	0.00196	0.00427	0.00789	0.00579	0.00820
10	0.08452	0.01849	0.34007	0.05658	0.07403	0.01127	0.04152	0.03016	0.01291	0.05783	0.02263	0.02336	0.18712	0.00780	0.00578	0.00186	0.00652	0.00641	0.00363	0.00750
11	0.02124	0.00935	0.01193	0.00948	0.01338	0.00829	0.00772	0.06981	0.01653	0.53740	0.03096	0.02806	0.19164	0.00898	0.00609	0.00184	0.00456	0.00734	0.00668	0.00870
12	0.00872	0.00597	0.00752	0.00712	0.00826	0.00559	0.00507	0.01075	0.01445	0.03988	0.53845	0.04192	0.06779	0.19923	0.01227	0.00274	0.00350	0.00996	0.00570	0.00512
13	0.01355	0.01177	0.01891	0.02767	0.55486	0.01183	0.01427	0.01725	0.03728	0.01982	0.01328	0.01638	0.01085	0.00565	0.00536	0.00165	0.00583	0.00528	0.20022	0.00830
14	0.01974	0.01015	0.04096	0.01029	0.01384	0.00893	0.00846	0.09232	0.04767	0.43558	0.02370	0.20364	0.01960	0.00977	0.00617	0.00193	0.00479	0.00830	0.02571	0.00847

[dist]
# distance from previous block
# <min> <max>
0	164

# created by:
# /software/SequenceAnalysis/GenePrediction/augustus/3.0.1/scripts/msa2prfl.pl ./fixed/BUSCOvEOG7ZPG8F.fas
