[name]
unknown

[dist]
# distance from previous block
# <min> <max>
0	457

[block]
# block no. 0 follows, 38 sequences, length 153
# corresponding to MSA columns:
# 463-615
name=unknown_A
#
# <colnr> <probs for GDERKNQSTAVLIFYWHMCP>
#	G	D	E	R	K	N	Q	S	T	A	V	L	I	F	Y	W	H	M	C	P
0	0.00977	0.00729	0.01047	0.01042	0.01159	0.00819	0.00800	0.01158	0.01041	0.01505	0.01714	0.02499	0.01599	0.04516	0.75158	0.00973	0.01630	0.00678	0.00361	0.00597
1	0.02365	0.01610	0.01764	0.01381	0.01841	0.01719	0.01118	0.59178	0.02637	0.13297	0.01729	0.03595	0.01286	0.02576	0.00708	0.00212	0.00668	0.00621	0.00648	0.01047
2	0.04091	0.01920	0.01830	0.01548	0.04946	0.15610	0.01187	0.52550	0.02514	0.03265	0.01439	0.01582	0.01098	0.02653	0.00692	0.00206	0.00771	0.00551	0.00558	0.00987
3	0.01045	0.00522	0.00784	0.00784	0.00784	0.00522	0.00522	0.00784	0.00784	0.01045	0.01045	0.01829	0.01045	0.02090	0.02351	0.82497	0.00522	0.00522	0.00261	0.00261
4	0.01207	0.03112	0.75741	0.01715	0.02604	0.01397	0.02223	0.01905	0.01270	0.01905	0.01080	0.01270	0.00762	0.00572	0.00572	0.00191	0.00889	0.00445	0.00254	0.00889
5	0.00848	0.00615	0.00799	0.00753	0.00897	0.00566	0.00565	0.01129	0.01695	0.02393	0.73139	0.04525	0.07337	0.01237	0.00710	0.00190	0.00284	0.01092	0.00660	0.00566
6	0.00754	0.00558	0.00786	0.00890	0.00943	0.00521	0.02797	0.00871	0.01160	0.01548	0.03251	0.76089	0.03884	0.01842	0.00766	0.00243	0.00370	0.01679	0.00551	0.00499
7	0.01136	0.01069	0.01804	0.77412	0.04143	0.01337	0.01671	0.01537	0.01203	0.01537	0.01069	0.01604	0.00802	0.00601	0.00601	0.00200	0.00802	0.00535	0.00267	0.00668
8	0.00875	0.00583	0.00656	0.00656	0.00656	0.00583	0.00365	0.00875	0.00875	0.01166	0.01895	0.03937	0.02187	0.78858	0.03062	0.00583	0.00583	0.00875	0.00365	0.00365
9	0.00739	0.00526	0.00696	0.00830	0.00864	0.00493	0.00550	0.00839	0.01140	0.01520	0.03256	0.75356	0.03904	0.05096	0.00864	0.00258	0.00359	0.01675	0.00550	0.00483
10	0.00733	0.00524	0.00698	0.00838	0.00873	0.00489	0.00558	0.00838	0.01152	0.01536	0.03316	0.78466	0.03979	0.01885	0.00768	0.00244	0.00349	0.01710	0.00558	0.00489
11	0.02287	0.01685	0.01805	0.01384	0.01866	0.01866	0.01143	0.73100	0.02828	0.03791	0.01444	0.01444	0.01023	0.00722	0.00602	0.00181	0.00662	0.00542	0.00602	0.01023
12	0.02247	0.02867	0.01705	0.01550	0.01860	0.76443	0.01162	0.02402	0.01705	0.01472	0.00930	0.01085	0.00775	0.00620	0.00542	0.00155	0.01085	0.00387	0.00310	0.00697
13	0.00720	0.00573	0.00647	0.00707	0.00838	0.00500	0.00500	0.00852	0.01277	0.01587	0.04905	0.36890	0.44529	0.01678	0.00735	0.00221	0.00324	0.01458	0.00559	0.00500
14	0.01136	0.01069	0.01804	0.77412	0.04143	0.01337	0.01671	0.01537	0.01203	0.01537	0.01069	0.01604	0.00802	0.00601	0.00601	0.00200	0.00802	0.00535	0.00267	0.00668
15	0.01042	0.00530	0.00792	0.00798	0.00804	0.00530	0.00542	0.00804	0.00811	0.01079	0.01141	0.02051	0.01153	0.02071	0.02283	0.78813	0.00524	0.03683	0.00274	0.00274
16	0.01045	0.00522	0.00784	0.00784	0.00784	0.00522	0.00522	0.00784	0.00784	0.01045	0.01045	0.01829	0.01045	0.02090	0.02351	0.82497	0.00522	0.00522	0.00261	0.00261
17	0.00774	0.00562	0.00738	0.00861	0.00931	0.00527	0.00619	0.00916	0.01223	0.01608	0.05126	0.58175	0.10311	0.01800	0.00772	0.00245	0.00378	0.13373	0.00560	0.00503
18	0.01207	0.03112	0.75741	0.01715	0.02604	0.01397	0.02223	0.01905	0.01270	0.01905	0.01080	0.01270	0.00762	0.00572	0.00572	0.00191	0.00889	0.00445	0.00254	0.00889
19	0.01225	0.06522	0.72489	0.01684	0.02556	0.01441	0.02169	0.01900	0.01268	0.01883	0.01069	0.01256	0.00762	0.00569	0.00563	0.00188	0.00878	0.00439	0.00254	0.00884
20	0.00859	0.00645	0.00967	0.00967	0.01074	0.00752	0.00752	0.01074	0.00967	0.01396	0.01611	0.02363	0.01504	0.04512	0.76474	0.00967	0.01611	0.00645	0.00322	0.00537
21	0.31097	0.01019	0.01217	0.27709	0.02181	0.01176	0.01004	0.01754	0.03008	0.08524	0.01280	0.01544	0.00960	0.00703	0.02128	0.00202	0.00585	0.00475	0.12754	0.00681
22	0.00875	0.00583	0.00656	0.00656	0.00656	0.00583	0.00365	0.00875	0.00875	0.01166	0.01895	0.03937	0.02187	0.78858	0.03062	0.00583	0.00583	0.00875	0.00365	0.00365
23	0.01608	0.79220	0.03152	0.01029	0.01544	0.02380	0.01029	0.01801	0.01222	0.01415	0.00836	0.00965	0.00772	0.00515	0.00386	0.00129	0.00643	0.00322	0.00257	0.00772
24	0.83108	0.01163	0.00884	0.00791	0.01163	0.01350	0.00651	0.01768	0.01024	0.02699	0.00838	0.00977	0.00651	0.00558	0.00372	0.00186	0.00465	0.00326	0.00372	0.00651
25	0.00875	0.00583	0.00656	0.00656	0.00656	0.00583	0.00365	0.00875	0.00875	0.01166	0.01895	0.03937	0.02187	0.78858	0.03062	0.00583	0.00583	0.00875	0.00365	0.00365
26	0.01136	0.01069	0.01804	0.77412	0.04143	0.01337	0.01671	0.01537	0.01203	0.01537	0.01069	0.01604	0.00802	0.00601	0.00601	0.00200	0.00802	0.00535	0.00267	0.00668
27	0.00875	0.00583	0.00656	0.00656	0.00656	0.00583	0.00365	0.00875	0.00875	0.01166	0.01895	0.03937	0.02187	0.78858	0.03062	0.00583	0.00583	0.00875	0.00365	0.00365
28	0.01608	0.79220	0.03152	0.01029	0.01544	0.02380	0.01029	0.01801	0.01222	0.01415	0.00836	0.00965	0.00772	0.00515	0.00386	0.00129	0.00643	0.00322	0.00257	0.00772
29	0.83108	0.01163	0.00884	0.00791	0.01163	0.01350	0.00651	0.01768	0.01024	0.02699	0.00838	0.00977	0.00651	0.00558	0.00372	0.00186	0.00465	0.00326	0.00372	0.00651
30	0.00834	0.00614	0.00780	0.00738	0.00888	0.00560	0.00554	0.01101	0.01661	0.02313	0.66106	0.04657	0.14420	0.01267	0.00710	0.00191	0.00286	0.01111	0.00649	0.00560
31	0.01532	0.01310	0.01380	0.01231	0.01578	0.01513	0.00961	0.06358	0.70799	0.02574	0.02403	0.02208	0.01800	0.00812	0.00612	0.00203	0.00484	0.00674	0.00612	0.00955
32	0.02287	0.01685	0.01805	0.01384	0.01866	0.01866	0.01143	0.73100	0.02828	0.03791	0.01444	0.01444	0.01023	0.00722	0.00602	0.00181	0.00662	0.00542	0.00602	0.01023
33	0.00969	0.00692	0.00969	0.01108	0.01246	0.00692	0.00969	0.01246	0.01385	0.01800	0.03185	0.06786	0.03462	0.01662	0.00831	0.00277	0.00554	0.71057	0.00554	0.00554
34	0.00733	0.00524	0.00698	0.00838	0.00873	0.00489	0.00558	0.00838	0.01152	0.01536	0.03316	0.78466	0.03979	0.01885	0.00768	0.00244	0.00349	0.01710	0.00558	0.00489
35	0.00859	0.00645	0.00967	0.00967	0.01074	0.00752	0.00752	0.01074	0.00967	0.01396	0.01611	0.02363	0.01504	0.04512	0.76474	0.00967	0.01611	0.00645	0.00322	0.00537
36	0.01316	0.01316	0.01843	0.01579	0.01579	0.01843	0.01316	0.01448	0.00921	0.01448	0.00790	0.01316	0.00790	0.01053	0.01974	0.00263	0.77757	0.00526	0.00263	0.00658
37	0.01360	0.06710	0.01929	0.01541	0.01584	0.03746	0.01293	0.01496	0.00962	0.01446	0.00796	0.01286	0.00788	0.01005	0.01829	0.00251	0.70539	0.00509	0.00264	0.00667
38	0.01316	0.01316	0.01843	0.01579	0.01579	0.01843	0.01316	0.01448	0.00921	0.01448	0.00790	0.01316	0.00790	0.01053	0.01974	0.00263	0.77757	0.00526	0.00263	0.00658
39	0.83108	0.01163	0.00884	0.00791	0.01163	0.01350	0.00651	0.01768	0.01024	0.02699	0.00838	0.00977	0.00651	0.00558	0.00372	0.00186	0.00465	0.00326	0.00372	0.00651
40	0.00825	0.00640	0.00768	0.00809	0.00980	0.00583	0.00656	0.01042	0.01428	0.01811	0.15903	0.05938	0.38658	0.01526	0.00753	0.00227	0.00390	0.25957	0.00573	0.00534
41	0.73434	0.06467	0.01126	0.00885	0.01275	0.01449	0.00728	0.01876	0.01126	0.05430	0.00995	0.01154	0.00786	0.00627	0.00426	0.00200	0.00512	0.00369	0.00411	0.00723
42	0.01492	0.01743	0.13829	0.03844	0.07609	0.01456	0.35745	0.02167	0.14018	0.03873	0.04313	0.01930	0.01351	0.00678	0.00690	0.00214	0.00842	0.00684	0.02631	0.00890
43	0.53984	0.01500	0.04514	0.01054	0.01453	0.08295	0.00879	0.10104	0.01415	0.06127	0.02876	0.01357	0.00984	0.00762	0.02209	0.00218	0.00621	0.00433	0.00443	0.00772
44	0.00976	0.00657	0.00730	0.00726	0.00736	0.00643	0.00411	0.00950	0.00940	0.01263	0.01979	0.04029	0.02258	0.77714	0.03064	0.00595	0.00615	0.00900	0.00397	0.00419
45	0.02340	0.01729	0.01847	0.01437	0.01916	0.01893	0.01172	0.69741	0.05224	0.03805	0.01568	0.01601	0.01139	0.00787	0.00642	0.00199	0.00686	0.00576	0.00631	0.01065
46	0.81939	0.01228	0.00954	0.00859	0.01235	0.01398	0.00694	0.01830	0.01086	0.02772	0.00937	0.01115	0.00746	0.00623	0.00416	0.00204	0.00499	0.00359	0.00405	0.00701
47	0.05141	0.69693	0.02996	0.01118	0.01615	0.07345	0.01059	0.01901	0.01306	0.01565	0.00942	0.01111	0.00860	0.00589	0.00440	0.00151	0.00696	0.00360	0.00300	0.00810
48	0.00961	0.00717	0.01036	0.01032	0.01147	0.00809	0.00793	0.01146	0.01030	0.01490	0.01699	0.02480	0.01586	0.04515	0.75343	0.00972	0.01627	0.00673	0.00355	0.00589
49	0.02000	0.05104	0.01909	0.01529	0.01815	0.17852	0.01236	0.29667	0.01909	0.02458	0.01177	0.01435	0.00970	0.00866	0.01086	0.00219	0.26942	0.00524	0.00439	0.00863
50	0.01464	0.02920	0.66589	0.01698	0.02537	0.01389	0.02096	0.02076	0.01378	0.09978	0.01316	0.01488	0.00934	0.00655	0.00616	0.00208	0.00875	0.00494	0.00341	0.00950
51	0.00961	0.00717	0.01036	0.01032	0.01147	0.00809	0.00793	0.01146	0.01030	0.01490	0.01699	0.02480	0.01586	0.04515	0.75343	0.00972	0.01627	0.00673	0.00355	0.00589
52	0.00976	0.00657	0.00730	0.00726	0.00736	0.00643	0.00411	0.00950	0.00940	0.01263	0.01979	0.04029	0.02258	0.77714	0.03064	0.00595	0.00615	0.00900	0.00397	0.00419
53	0.81939	0.01228	0.00954	0.00859	0.01235	0.01398	0.00694	0.01830	0.01086	0.02772	0.00937	0.01115	0.00746	0.00623	0.00416	0.00204	0.00499	0.00359	0.00405	0.00701
54	0.00863	0.00617	0.00802	0.00935	0.00991	0.00573	0.00649	0.00959	0.01239	0.01656	0.03363	0.69349	0.03964	0.01904	0.00813	0.00265	0.00407	0.09517	0.00587	0.00548
55	0.01504	0.05162	0.05220	0.02382	0.02926	0.01638	0.58876	0.01927	0.01408	0.01935	0.01243	0.01678	0.00980	0.00635	0.00871	0.00223	0.09528	0.00693	0.00330	0.00842
56	0.00953	0.00688	0.00876	0.00825	0.00974	0.00628	0.00611	0.01206	0.01755	0.02490	0.73746	0.04577	0.05694	0.01284	0.00748	0.00207	0.00320	0.01110	0.00690	0.00619
57	0.01698	0.78080	0.03188	0.01093	0.01610	0.02412	0.01066	0.01862	0.01282	0.01508	0.00936	0.01103	0.00865	0.00580	0.00430	0.00147	0.00674	0.00355	0.00291	0.00820
58	0.01303	0.03147	0.74656	0.01768	0.02653	0.01444	0.02241	0.01964	0.01329	0.01990	0.01176	0.01403	0.00855	0.00636	0.00612	0.00208	0.00916	0.00476	0.00288	0.00935
59	0.01741	0.72950	0.03090	0.01128	0.01631	0.07388	0.01075	0.01902	0.01314	0.01512	0.00942	0.01111	0.00865	0.00587	0.00440	0.00149	0.00704	0.00360	0.00295	0.00815
60	0.02691	0.01221	0.01539	0.01195	0.01666	0.01132	0.00974	0.16738	0.01991	0.60401	0.02267	0.02050	0.01480	0.00802	0.00645	0.00203	0.00574	0.00622	0.00743	0.01068
61	0.00836	0.00598	0.00771	0.00904	0.00949	0.00550	0.00602	0.00913	0.01212	0.01627	0.03377	0.77407	0.04022	0.01929	0.00806	0.00261	0.00384	0.01722	0.00588	0.00541
62	0.01224	0.00928	0.01023	0.00945	0.01192	0.00933	0.00717	0.01909	0.25632	0.05609	0.24559	0.03971	0.22834	0.01181	0.00699	0.00213	0.00400	0.00978	0.04303	0.00750
63	0.00961	0.00717	0.01036	0.01032	0.01147	0.00809	0.00793	0.01146	0.01030	0.01490	0.01699	0.02480	0.01586	0.04515	0.75343	0.00972	0.01627	0.00673	0.00355	0.00589
64	0.00834	0.00606	0.00763	0.00884	0.00943	0.00552	0.00593	0.00916	0.01233	0.01635	0.03632	0.70739	0.10526	0.01896	0.00800	0.00257	0.00380	0.01682	0.00588	0.00543
65	0.01058	0.00757	0.01024	0.01148	0.01292	0.00740	0.00979	0.01301	0.01451	0.01908	0.06490	0.08457	0.03626	0.01695	0.00861	0.00288	0.00569	0.65163	0.00588	0.00604
66	0.00847	0.00606	0.00783	0.00917	0.00966	0.00559	0.00621	0.00932	0.01223	0.01639	0.03371	0.74165	0.03999	0.01919	0.00808	0.00262	0.00393	0.04858	0.00588	0.00544
67	0.02755	0.01118	0.01476	0.01147	0.01615	0.00980	0.00934	0.05903	0.01820	0.71478	0.02411	0.02144	0.01552	0.00805	0.00645	0.00203	0.00551	0.00631	0.00765	0.01068
68	0.02327	0.02906	0.01762	0.01606	0.01921	0.75331	0.01197	0.02454	0.01757	0.01564	0.01028	0.01221	0.00868	0.00683	0.00584	0.00173	0.01109	0.00420	0.00343	0.00746
69	0.01390	0.01348	0.01859	0.01607	0.01622	0.01834	0.01323	0.01497	0.00988	0.01538	0.00927	0.01496	0.00915	0.01266	0.05362	0.00311	0.73153	0.00562	0.00300	0.00702
70	0.00875	0.00640	0.00806	0.00914	0.01001	0.00588	0.00654	0.00992	0.01297	0.01710	0.06104	0.53693	0.13622	0.01823	0.00806	0.00259	0.00409	0.12663	0.00591	0.00557
71	0.01103	0.00752	0.00901	0.00870	0.01053	0.00692	0.00640	0.01387	0.06821	0.08459	0.31648	0.20079	0.20324	0.01416	0.00745	0.00222	0.00372	0.01210	0.00648	0.00656
72	0.01452	0.01448	0.01892	0.01633	0.01657	0.05226	0.01341	0.01557	0.01021	0.01541	0.00897	0.01438	0.00882	0.01090	0.01929	0.00275	0.73161	0.00551	0.00299	0.00710
73	0.01525	0.01255	0.01381	0.06346	0.01713	0.01414	0.00984	0.02861	0.57848	0.04246	0.02397	0.02579	0.01906	0.07908	0.00877	0.00257	0.00544	0.02447	0.00597	0.00917
74	0.00847	0.00607	0.00781	0.00897	0.00951	0.00557	0.00603	0.00941	0.01263	0.01708	0.10000	0.70553	0.04180	0.01868	0.00800	0.00256	0.00378	0.01665	0.00597	0.00548
75	0.01077	0.00811	0.01113	0.01068	0.01183	0.00941	0.00831	0.02961	0.01102	0.01646	0.01639	0.02323	0.01496	0.03605	0.56538	0.00781	0.10254	0.00648	0.09367	0.00617
76	0.01343	0.01136	0.01312	0.00957	0.01493	0.00858	0.00754	0.01580	0.01307	0.02045	0.01165	0.01381	0.00982	0.00512	0.00488	0.00108	0.00479	0.00389	0.00389	0.81321
77	0.01677	0.64819	0.06398	0.01244	0.01773	0.03896	0.05950	0.01941	0.04051	0.01607	0.01036	0.01212	0.00914	0.00596	0.00472	0.00158	0.00713	0.00402	0.00309	0.00833
78	0.01956	0.01347	0.01424	0.01153	0.01517	0.01447	0.00924	0.46847	0.02312	0.03303	0.01717	0.01856	0.01295	0.00777	0.00578	0.00184	0.00558	0.00578	0.29323	0.00905
79	0.00820	0.00683	0.00692	0.00686	0.00893	0.00571	0.00507	0.00949	0.01442	0.01746	0.08859	0.05801	0.71045	0.01561	0.00750	0.00220	0.00340	0.01281	0.00592	0.00562
80	0.01588	0.01355	0.01423	0.01285	0.01630	0.01542	0.00990	0.03236	0.72954	0.02592	0.02523	0.02363	0.01913	0.00877	0.00652	0.00221	0.00509	0.00708	0.00641	0.00997
81	0.00851	0.00684	0.00735	0.00718	0.00912	0.00584	0.00531	0.01010	0.01515	0.01920	0.24077	0.05514	0.55718	0.01496	0.00749	0.00217	0.00335	0.01241	0.00615	0.00575
82	0.02772	0.01091	0.01458	0.01134	0.01601	0.00939	0.00923	0.02975	0.01774	0.74471	0.02449	0.02169	0.01571	0.00806	0.00645	0.00204	0.00545	0.00634	0.00771	0.01068
83	0.01303	0.03147	0.74656	0.01768	0.02653	0.01444	0.02241	0.01964	0.01329	0.01990	0.01176	0.01403	0.00855	0.00636	0.00612	0.00208	0.00916	0.00476	0.00288	0.00935
84	0.01713	0.77893	0.03193	0.01104	0.01620	0.02418	0.01072	0.01872	0.01292	0.01523	0.00952	0.01125	0.00880	0.00591	0.00437	0.00150	0.00679	0.00361	0.00297	0.00828
85	0.00969	0.00700	0.00887	0.00836	0.00987	0.00637	0.00619	0.01218	0.01763	0.02502	0.73576	0.04591	0.05696	0.01293	0.00755	0.00210	0.00326	0.01113	0.00695	0.00627
86	0.02379	0.01751	0.01871	0.01452	0.01936	0.01912	0.01184	0.71890	0.02869	0.03856	0.01549	0.01596	0.01127	0.00794	0.00649	0.00201	0.00697	0.00577	0.00635	0.01074
87	0.81748	0.01239	0.00966	0.00870	0.01247	0.01405	0.00701	0.01840	0.01097	0.02784	0.00954	0.01137	0.00762	0.00633	0.00423	0.00207	0.00504	0.00365	0.00410	0.00709
88	0.01085	0.00776	0.01050	0.01181	0.01328	0.00760	0.01013	0.01327	0.01451	0.01901	0.03259	0.06842	0.03522	0.01717	0.00874	0.00296	0.00591	0.69825	0.00588	0.00614
89	0.01358	0.01146	0.01323	0.00968	0.01504	0.00868	0.00761	0.01591	0.01316	0.02058	0.01181	0.01403	0.00997	0.00523	0.00495	0.00111	0.00485	0.00395	0.00394	0.81123
90	0.08186	0.01111	0.01434	0.01125	0.01587	0.00980	0.00914	0.02904	0.01735	0.69406	0.02359	0.02117	0.01528	0.00804	0.00636	0.00207	0.00547	0.00620	0.00750	0.01050
91	0.00853	0.00611	0.00783	0.00915	0.00961	0.00560	0.00610	0.00926	0.01222	0.01641	0.03387	0.77234	0.04029	0.01936	0.00812	0.00264	0.00390	0.01724	0.00593	0.00549
92	0.01235	0.00647	0.00648	0.00643	0.00792	0.00631	0.00474	0.01480	0.01330	0.02336	0.02058	0.02380	0.01636	0.00773	0.00471	0.00161	0.00322	0.00595	0.80765	0.00620
93	0.01913	0.01393	0.01631	0.17546	0.02194	0.01531	0.01152	0.41349	0.02181	0.04858	0.01587	0.01877	0.01220	0.04563	0.00743	0.00219	0.00667	0.00596	0.11876	0.00902
94	0.07080	0.01162	0.01347	0.01066	0.03937	0.00931	0.00806	0.01714	0.01337	0.07051	0.01255	0.01446	0.01023	0.00553	0.00506	0.00127	0.00499	0.00415	0.00419	0.67323
95	0.00890	0.00713	0.00769	0.00748	0.00945	0.00620	0.00553	0.01084	0.03287	0.01973	0.25423	0.05412	0.52340	0.01481	0.00753	0.00219	0.00345	0.01226	0.00623	0.00596
96	0.02139	0.01886	0.14318	0.01568	0.05313	0.01686	0.01357	0.47057	0.04218	0.09576	0.01624	0.03484	0.01211	0.00793	0.00648	0.00205	0.00713	0.00597	0.00574	0.01034
97	0.01439	0.02022	0.22142	0.02288	0.02941	0.01492	0.49846	0.01937	0.01434	0.02001	0.01393	0.05414	0.01128	0.00667	0.00722	0.00222	0.00978	0.00722	0.00342	0.00871
98	0.81748	0.01239	0.00966	0.00870	0.01247	0.01405	0.00701	0.01840	0.01097	0.02784	0.00954	0.01137	0.00762	0.00633	0.00423	0.00207	0.00504	0.00365	0.00410	0.00709
99	0.81748	0.01239	0.00966	0.00870	0.01247	0.01405	0.00701	0.01840	0.01097	0.02784	0.00954	0.01137	0.00762	0.00633	0.00423	0.00207	0.00504	0.00365	0.00410	0.00709
100	0.42258	0.01012	0.00942	0.00890	0.01160	0.01087	0.00681	0.01695	0.06275	0.04363	0.11417	0.14918	0.02169	0.00981	0.00561	0.00214	0.00447	0.00751	0.07485	0.00693
101	0.81748	0.01239	0.00966	0.00870	0.01247	0.01405	0.00701	0.01840	0.01097	0.02784	0.00954	0.01137	0.00762	0.00633	0.00423	0.00207	0.00504	0.00365	0.00410	0.00709
102	0.00992	0.00669	0.00742	0.00737	0.00748	0.00653	0.00419	0.00962	0.00950	0.01279	0.01993	0.04044	0.02270	0.77527	0.03065	0.00596	0.00620	0.00904	0.00402	0.00428
103	0.01713	0.77893	0.03193	0.01104	0.01620	0.02418	0.01072	0.01872	0.01292	0.01523	0.00952	0.01125	0.00880	0.00591	0.00437	0.00150	0.00679	0.00361	0.00297	0.00828
104	0.00977	0.00729	0.01047	0.01042	0.01159	0.00819	0.00800	0.01158	0.01041	0.01505	0.01714	0.02499	0.01599	0.04516	0.75158	0.00973	0.01630	0.00678	0.00361	0.00597
105	0.01249	0.01146	0.01870	0.76114	0.04173	0.01393	0.01702	0.01612	0.01272	0.01643	0.01181	0.01753	0.00910	0.00676	0.00648	0.00221	0.00835	0.00570	0.00307	0.00726
106	0.00853	0.00611	0.00783	0.00915	0.00961	0.00560	0.00610	0.00926	0.01222	0.01641	0.03387	0.77234	0.04029	0.01936	0.00812	0.00264	0.00390	0.01724	0.00593	0.00549
107	0.02703	0.01120	0.01466	0.01154	0.01614	0.00989	0.00934	0.03000	0.06639	0.69394	0.02467	0.02202	0.01608	0.00821	0.00652	0.00208	0.00547	0.00644	0.00767	0.01070
108	0.01085	0.00776	0.01050	0.01181	0.01328	0.00760	0.01013	0.01327	0.01451	0.01901	0.03259	0.06842	0.03522	0.01717	0.00874	0.00296	0.00591	0.69825	0.00588	0.00614
109	0.02784	0.01102	0.01469	0.01144	0.01612	0.00948	0.00929	0.02982	0.01782	0.74299	0.02462	0.02189	0.01585	0.00816	0.00652	0.00207	0.00550	0.00639	0.00775	0.01075
110	0.00877	0.00697	0.00759	0.00739	0.00930	0.00598	0.00546	0.01039	0.01545	0.01985	0.28409	0.05443	0.51186	0.01486	0.00755	0.00219	0.00340	0.01233	0.00626	0.00588
111	0.01358	0.01146	0.01323	0.00968	0.01504	0.00868	0.00761	0.01591	0.01316	0.02058	0.01181	0.01403	0.00997	0.00523	0.00495	0.00111	0.00485	0.00395	0.00394	0.81123
112	0.01713	0.77893	0.03193	0.01104	0.01620	0.02418	0.01072	0.01872	0.01292	0.01523	0.00952	0.01125	0.00880	0.00591	0.00437	0.00150	0.00679	0.00361	0.00297	0.00828
113	0.01595	0.01500	0.02496	0.03719	0.73861	0.01484	0.01874	0.01916	0.01436	0.02063	0.01242	0.01640	0.01058	0.00611	0.00643	0.00199	0.00749	0.00571	0.00337	0.01005
114	0.01159	0.00610	0.00867	0.00862	0.00874	0.00593	0.00574	0.00873	0.00861	0.01159	0.01157	0.01974	0.01148	0.02137	0.02367	0.81039	0.00560	0.00558	0.00301	0.00326
115	0.00832	0.00695	0.00696	0.00691	0.00902	0.00579	0.00510	0.00951	0.01438	0.01729	0.06116	0.05863	0.73639	0.01581	0.00756	0.00223	0.00346	0.01292	0.00593	0.00568
116	0.01532	0.01677	0.03507	0.02663	0.08188	0.01568	0.66737	0.01990	0.01482	0.02028	0.01320	0.01762	0.01021	0.00585	0.00747	0.00221	0.01022	0.00730	0.00343	0.00876
117	0.00734	0.00559	0.00675	0.00756	0.00854	0.00500	0.00525	0.00866	0.01262	0.01625	0.09050	0.49091	0.27896	0.01719	0.00745	0.00227	0.00330	0.01520	0.00565	0.00500
118	0.00733	0.00538	0.00688	0.00804	0.00865	0.00493	0.00545	0.00848	0.01195	0.01569	0.05391	0.66676	0.13810	0.01819	0.00759	0.00237	0.00341	0.01635	0.00561	0.00493
119	0.01489	0.01429	0.02442	0.03692	0.75106	0.01429	0.01846	0.01846	0.01370	0.01965	0.01132	0.01489	0.00953	0.00536	0.00596	0.00179	0.00715	0.00536	0.00298	0.00953
120	0.01207	0.03112	0.75741	0.01715	0.02604	0.01397	0.02223	0.01905	0.01270	0.01905	0.01080	0.01270	0.00762	0.00572	0.00572	0.00191	0.00889	0.00445	0.00254	0.00889
121	0.00881	0.00612	0.00748	0.00765	0.00811	0.00618	0.00494	0.03140	0.01068	0.01447	0.07089	0.21732	0.02740	0.44018	0.10765	0.00507	0.00628	0.01054	0.00434	0.00448
122	0.01465	0.01405	0.02399	0.08645	0.70338	0.01423	0.01834	0.01825	0.01359	0.01937	0.01127	0.01497	0.00943	0.00540	0.00596	0.00180	0.00721	0.00536	0.00296	0.00934
123	0.01608	0.79220	0.03152	0.01029	0.01544	0.02380	0.01029	0.01801	0.01222	0.01415	0.00836	0.00965	0.00772	0.00515	0.00386	0.00129	0.00643	0.00322	0.00257	0.00772
124	0.01207	0.03112	0.75741	0.01715	0.02604	0.01397	0.02223	0.01905	0.01270	0.01905	0.01080	0.01270	0.00762	0.00572	0.00572	0.00191	0.00889	0.00445	0.00254	0.00889
125	0.01584	0.74629	0.07532	0.01071	0.01608	0.02321	0.01101	0.01808	0.01225	0.01445	0.00851	0.00983	0.00771	0.00518	0.00397	0.00132	0.00658	0.00329	0.00257	0.00779
126	0.01045	0.00522	0.00784	0.00784	0.00784	0.00522	0.00522	0.00784	0.00784	0.01045	0.01045	0.01829	0.01045	0.02090	0.02351	0.82497	0.00522	0.00522	0.00261	0.00261
127	0.02114	0.18763	0.02006	0.01441	0.01794	0.61025	0.01135	0.02277	0.01604	0.01460	0.00910	0.01060	0.00774	0.00598	0.00510	0.00150	0.00993	0.00374	0.00299	0.00713
128	0.00924	0.00672	0.00911	0.01034	0.01172	0.00658	0.00884	0.01176	0.01368	0.01763	0.03521	0.11489	0.11534	0.01661	0.00813	0.00266	0.00512	0.58543	0.00555	0.00544
129	0.77601	0.01157	0.00946	0.05939	0.01364	0.01349	0.00720	0.01753	0.01036	0.02621	0.00853	0.01019	0.00662	0.00561	0.00388	0.00187	0.00488	0.00340	0.00365	0.00653
130	0.02142	0.15389	0.01942	0.01464	0.01808	0.64297	0.01141	0.02304	0.01626	0.01463	0.00915	0.01065	0.00774	0.00603	0.00517	0.00151	0.01012	0.00377	0.00301	0.00710
131	0.00711	0.00609	0.00609	0.00609	0.00813	0.00508	0.00457	0.00863	0.01371	0.01625	0.06094	0.05789	0.74862	0.01524	0.00711	0.00203	0.00305	0.01270	0.00559	0.00508
132	0.00846	0.00615	0.00797	0.00751	0.00895	0.00565	0.00563	0.01125	0.01690	0.02383	0.72200	0.04542	0.08283	0.01241	0.00710	0.00190	0.00285	0.01095	0.00658	0.00565
133	0.00990	0.00828	0.01180	0.01106	0.01171	0.01042	0.00869	0.01158	0.00944	0.01386	0.01410	0.02239	0.01377	0.11642	0.47417	0.00726	0.23016	0.00636	0.00310	0.00552
134	0.01496	0.01292	0.01360	0.01224	0.01564	0.01496	0.00952	0.03197	0.74019	0.02516	0.02448	0.02244	0.01836	0.00816	0.00612	0.00204	0.00476	0.00680	0.00612	0.00952
135	0.00733	0.00524	0.00698	0.00838	0.00873	0.00489	0.00558	0.00838	0.01152	0.01536	0.03316	0.78466	0.03979	0.01885	0.00768	0.00244	0.00349	0.01710	0.00558	0.00489
136	0.01367	0.01175	0.01239	0.01125	0.01439	0.01329	0.00872	0.02807	0.61535	0.02396	0.05942	0.02800	0.11513	0.00926	0.00629	0.00203	0.00446	0.00774	0.00607	0.00878
137	0.02247	0.02867	0.01705	0.01550	0.01860	0.76443	0.01162	0.02402	0.01705	0.01472	0.00930	0.01085	0.00775	0.00620	0.00542	0.00155	0.01085	0.00387	0.00310	0.00697
138	0.01136	0.01069	0.01804	0.77412	0.04143	0.01337	0.01671	0.01537	0.01203	0.01537	0.01069	0.01604	0.00802	0.00601	0.00601	0.00200	0.00802	0.00535	0.00267	0.00668
139	0.01136	0.01069	0.01804	0.77412	0.04143	0.01337	0.01671	0.01537	0.01203	0.01537	0.01069	0.01604	0.00802	0.00601	0.00601	0.00200	0.00802	0.00535	0.00267	0.00668
140	0.00922	0.00717	0.01068	0.06128	0.01300	0.00861	0.00839	0.01147	0.00993	0.01448	0.01532	0.02232	0.01407	0.03830	0.62632	0.00828	0.06953	0.00625	0.03983	0.00556
141	0.18521	0.04299	0.00921	0.00878	0.01033	0.02879	0.00640	0.04138	0.01212	0.01872	0.02531	0.53081	0.02912	0.01456	0.00653	0.00222	0.00420	0.01267	0.00500	0.00564
142	0.01207	0.03112	0.75741	0.01715	0.02604	0.01397	0.02223	0.01905	0.01270	0.01905	0.01080	0.01270	0.00762	0.00572	0.00572	0.00191	0.00889	0.00445	0.00254	0.00889
143	0.01570	0.01402	0.02372	0.03516	0.70163	0.01393	0.01782	0.01919	0.01393	0.06907	0.01215	0.01526	0.00989	0.00550	0.00596	0.00179	0.00701	0.00541	0.00328	0.00958
144	0.03259	0.00661	0.00699	0.00668	0.00833	0.00690	0.00513	0.06191	0.01327	0.02262	0.01859	0.02171	0.01480	0.01132	0.09089	0.00238	0.00462	0.00563	0.65311	0.00591
145	0.00724	0.00610	0.00627	0.00623	0.00820	0.00513	0.00467	0.00888	0.01401	0.01697	0.12369	0.05671	0.68542	0.01497	0.00711	0.00202	0.00303	0.01253	0.00568	0.00513
146	0.02618	0.01042	0.01394	0.01081	0.01538	0.00925	0.00889	0.02950	0.06579	0.70618	0.02378	0.02061	0.01512	0.00749	0.00605	0.00187	0.00509	0.00610	0.00736	0.01019
147	0.00859	0.00645	0.00967	0.00967	0.01074	0.00752	0.00752	0.01074	0.00967	0.01396	0.01611	0.02363	0.01504	0.04512	0.76474	0.00967	0.01611	0.00645	0.00322	0.00537
148	0.02684	0.01049	0.01411	0.01082	0.01548	0.00921	0.00894	0.05575	0.01764	0.72820	0.02338	0.02025	0.01472	0.00744	0.00605	0.00186	0.00518	0.00603	0.00739	0.01024
149	0.01207	0.03112	0.75741	0.01715	0.02604	0.01397	0.02223	0.01905	0.01270	0.01905	0.01080	0.01270	0.00762	0.00572	0.00572	0.00191	0.00889	0.00445	0.00254	0.00889
150	0.02287	0.01685	0.01805	0.01384	0.01866	0.01866	0.01143	0.73100	0.02828	0.03791	0.01444	0.01444	0.01023	0.00722	0.00602	0.00181	0.00662	0.00542	0.00602	0.01023
151	0.01316	0.01316	0.01843	0.01579	0.01579	0.01843	0.01316	0.01448	0.00921	0.01448	0.00790	0.01316	0.00790	0.01053	0.01974	0.00263	0.77757	0.00526	0.00263	0.00658
152	0.01608	0.79220	0.03152	0.01029	0.01544	0.02380	0.01029	0.01801	0.01222	0.01415	0.00836	0.00965	0.00772	0.00515	0.00386	0.00129	0.00643	0.00322	0.00257	0.00772

[dist]
# distance from previous block
# <min> <max>
0	1

[block]
# block no. 1 follows, 38 sequences, length 16
# corresponding to MSA columns:
# 617-632
name=unknown_B
#
# <colnr> <probs for GDERKNQSTAVLIFYWHMCP>
#	G	D	E	R	K	N	Q	S	T	A	V	L	I	F	Y	W	H	M	C	P
0	0.01420	0.01623	0.03550	0.02535	0.03144	0.01521	0.72921	0.01927	0.01420	0.01927	0.01217	0.01623	0.00913	0.00507	0.00710	0.00203	0.01014	0.00710	0.00304	0.00811
1	0.02699	0.01024	0.01396	0.01070	0.01536	0.00884	0.00884	0.02932	0.01722	0.75522	0.02373	0.02048	0.01489	0.00745	0.00605	0.00186	0.00512	0.00605	0.00745	0.01024
2	0.00733	0.00524	0.00698	0.00838	0.00873	0.00489	0.00558	0.00838	0.01152	0.01536	0.03316	0.78466	0.03979	0.01885	0.00768	0.00244	0.00349	0.01710	0.00558	0.00489
3	0.00851	0.00615	0.00804	0.00757	0.00899	0.00568	0.00568	0.01135	0.01703	0.02412	0.74788	0.04494	0.05676	0.01230	0.00710	0.00189	0.00284	0.01088	0.00662	0.00568
4	0.83108	0.01163	0.00884	0.00791	0.01163	0.01350	0.00651	0.01768	0.01024	0.02699	0.00838	0.00977	0.00651	0.00558	0.00372	0.00186	0.00465	0.00326	0.00372	0.00651
5	0.01608	0.79220	0.03152	0.01029	0.01544	0.02380	0.01029	0.01801	0.01222	0.01415	0.00836	0.00965	0.00772	0.00515	0.00386	0.00129	0.00643	0.00322	0.00257	0.00772
6	0.01489	0.01429	0.02442	0.03692	0.75106	0.01429	0.01846	0.01846	0.01370	0.01965	0.01132	0.01489	0.00953	0.00536	0.00596	0.00179	0.00715	0.00536	0.00298	0.00953
7	0.01725	0.01406	0.01489	0.01271	0.01652	0.01603	0.01008	0.23431	0.53412	0.02885	0.02158	0.02013	0.01601	0.00789	0.00609	0.00197	0.00530	0.00640	0.00609	0.00973
8	0.00739	0.00528	0.00704	0.00833	0.00874	0.00493	0.00559	0.00853	0.01181	0.01582	0.07115	0.74534	0.04069	0.01850	0.00765	0.00241	0.00346	0.01677	0.00564	0.00493
9	0.02699	0.01024	0.01396	0.01070	0.01536	0.00884	0.00884	0.02932	0.01722	0.75522	0.02373	0.02048	0.01489	0.00745	0.00605	0.00186	0.00512	0.00605	0.00745	0.01024
10	0.00875	0.00583	0.00656	0.00656	0.00656	0.00583	0.00365	0.00875	0.00875	0.01166	0.01895	0.03937	0.02187	0.78858	0.03062	0.00583	0.00583	0.00875	0.00365	0.00365
11	0.01054	0.00575	0.00883	0.08203	0.01109	0.00601	0.00634	0.00857	0.00824	0.01093	0.01047	0.01807	0.01021	0.01946	0.02182	0.74529	0.00550	0.00524	0.00262	0.00301
12	0.00746	0.00533	0.00712	0.00852	0.00892	0.00499	0.00580	0.00859	0.01164	0.01550	0.03309	0.74656	0.03951	0.01873	0.00771	0.00246	0.00360	0.05396	0.00558	0.00492
13	0.00969	0.00692	0.00969	0.01108	0.01246	0.00692	0.00969	0.01246	0.01385	0.01800	0.03185	0.06786	0.03462	0.01662	0.00831	0.00277	0.00554	0.71057	0.00554	0.00554
14	0.01608	0.79220	0.03152	0.01029	0.01544	0.02380	0.01029	0.01801	0.01222	0.01415	0.00836	0.00965	0.00772	0.00515	0.00386	0.00129	0.00643	0.00322	0.00257	0.00772
15	0.02549	0.01074	0.01525	0.01394	0.10631	0.00952	0.01003	0.02798	0.01678	0.66429	0.02220	0.01978	0.01423	0.00719	0.00604	0.00185	0.00537	0.00596	0.00689	0.01015

[dist]
# distance from previous block
# <min> <max>
0	1

[block]
# block no. 2 follows, 38 sequences, length 41
# corresponding to MSA columns:
# 634-674
name=unknown_C
#
# <colnr> <probs for GDERKNQSTAVLIFYWHMCP>
#	G	D	E	R	K	N	Q	S	T	A	V	L	I	F	Y	W	H	M	C	P
0	0.00969	0.00692	0.00969	0.01108	0.01246	0.00692	0.00969	0.01246	0.01385	0.01800	0.03185	0.06786	0.03462	0.01662	0.00831	0.00277	0.00554	0.71057	0.00554	0.00554
1	0.00859	0.00645	0.00967	0.00967	0.01074	0.00752	0.00752	0.01074	0.00967	0.01396	0.01611	0.02363	0.01504	0.04512	0.76474	0.00967	0.01611	0.00645	0.00322	0.00537
2	0.01580	0.01404	0.01403	0.01251	0.01597	0.05894	0.00974	0.06676	0.66203	0.02520	0.02309	0.02136	0.01733	0.00800	0.00608	0.00200	0.00521	0.00656	0.00594	0.00941
3	0.02166	0.02737	0.01662	0.01516	0.01814	0.72021	0.01138	0.02325	0.01662	0.01468	0.00970	0.01160	0.00817	0.00847	0.04979	0.00202	0.01116	0.00402	0.00311	0.00688
4	0.00969	0.00692	0.00969	0.01108	0.01246	0.00692	0.00969	0.01246	0.01385	0.01800	0.03185	0.06786	0.03462	0.01662	0.00831	0.00277	0.00554	0.71057	0.00554	0.00554
5	0.02287	0.01685	0.01805	0.01384	0.01866	0.01866	0.01143	0.73100	0.02828	0.03791	0.01444	0.01444	0.01023	0.00722	0.00602	0.00181	0.00662	0.00542	0.00602	0.01023
6	0.01145	0.00773	0.00965	0.00854	0.01058	0.00748	0.00659	0.10135	0.01843	0.07177	0.61180	0.03963	0.04838	0.01137	0.00690	0.00188	0.00345	0.00990	0.00660	0.00653
7	0.00748	0.00533	0.00707	0.00840	0.00878	0.00501	0.00566	0.00855	0.01149	0.01530	0.03249	0.72425	0.03881	0.05228	0.00870	0.00260	0.00367	0.04378	0.00550	0.00486
8	0.01685	0.01219	0.01372	0.04999	0.01648	0.01337	0.00951	0.13671	0.39791	0.13212	0.05355	0.02446	0.07913	0.00856	0.00621	0.00197	0.00505	0.00706	0.00610	0.00907
9	0.01263	0.01083	0.01255	0.00912	0.01434	0.00846	0.00728	0.01620	0.05821	0.01995	0.01156	0.01310	0.00950	0.00469	0.00456	0.00096	0.00447	0.00377	0.00372	0.77409
10	0.00857	0.00589	0.00725	0.00785	0.00819	0.00580	0.00525	0.00935	0.01038	0.01376	0.02486	0.22832	0.02866	0.45507	0.02081	0.00443	0.00520	0.14158	0.00448	0.00430
11	0.01496	0.01292	0.01360	0.01224	0.01564	0.01496	0.00952	0.03197	0.74019	0.02516	0.02448	0.02244	0.01836	0.00816	0.00612	0.00204	0.00476	0.00680	0.00612	0.00952
12	0.01427	0.01064	0.01266	0.00913	0.01439	0.00812	0.00734	0.01690	0.01306	0.11044	0.01230	0.01346	0.00965	0.00482	0.00465	0.00101	0.00454	0.00387	0.00404	0.72470
13	0.00837	0.00614	0.00785	0.00742	0.00890	0.00562	0.00557	0.01108	0.01670	0.02334	0.67934	0.04623	0.12580	0.01259	0.00710	0.00191	0.00286	0.01106	0.00652	0.00562
14	0.00716	0.00610	0.00616	0.00614	0.00815	0.00510	0.00461	0.00872	0.01382	0.01651	0.08394	0.05746	0.72545	0.01514	0.00711	0.00203	0.00304	0.01264	0.00562	0.00510
15	0.01608	0.79220	0.03152	0.01029	0.01544	0.02380	0.01029	0.01801	0.01222	0.01415	0.00836	0.00965	0.00772	0.00515	0.00386	0.00129	0.00643	0.00322	0.00257	0.00772
16	0.01136	0.01069	0.01804	0.77412	0.04143	0.01337	0.01671	0.01537	0.01203	0.01537	0.01069	0.01604	0.00802	0.00601	0.00601	0.00200	0.00802	0.00535	0.00267	0.00668
17	0.83108	0.01163	0.00884	0.00791	0.01163	0.01350	0.00651	0.01768	0.01024	0.02699	0.00838	0.00977	0.00651	0.00558	0.00372	0.00186	0.00465	0.00326	0.00372	0.00651
18	0.00733	0.00616	0.00640	0.00651	0.00849	0.00523	0.00500	0.00896	0.01372	0.01640	0.05849	0.05873	0.68844	0.01535	0.00721	0.00209	0.00326	0.07152	0.00558	0.00512
19	0.01420	0.01623	0.03550	0.02535	0.03144	0.01521	0.72921	0.01927	0.01420	0.01927	0.01217	0.01623	0.00913	0.00507	0.00710	0.00203	0.01014	0.00710	0.00304	0.00811
20	0.00732	0.00529	0.00693	0.00824	0.00869	0.00490	0.00553	0.00839	0.01165	0.01541	0.03478	0.74219	0.08120	0.01864	0.00765	0.00242	0.00346	0.01684	0.00558	0.00490
21	0.01316	0.01316	0.01843	0.01579	0.01579	0.01843	0.01316	0.01448	0.00921	0.01448	0.00790	0.01316	0.00790	0.01053	0.01974	0.00263	0.77757	0.00526	0.00263	0.00658
22	0.01489	0.01429	0.02442	0.03692	0.75106	0.01429	0.01846	0.01846	0.01370	0.01965	0.01132	0.01489	0.00953	0.00536	0.00596	0.00179	0.00715	0.00536	0.00298	0.00953
23	0.00955	0.00682	0.00952	0.01091	0.01223	0.00680	0.00944	0.01221	0.01370	0.01784	0.03193	0.11290	0.03495	0.01676	0.00827	0.00275	0.00541	0.66699	0.00554	0.00550
24	0.00713	0.00602	0.00617	0.00630	0.00818	0.00506	0.00466	0.00861	0.01352	0.01617	0.05846	0.12289	0.68522	0.01556	0.00716	0.00207	0.00309	0.01309	0.00559	0.00506
25	0.01136	0.01069	0.01804	0.77412	0.04143	0.01337	0.01671	0.01537	0.01203	0.01537	0.01069	0.01604	0.00802	0.00601	0.00601	0.00200	0.00802	0.00535	0.00267	0.00668
26	0.00733	0.00524	0.00698	0.00838	0.00873	0.00489	0.00558	0.00838	0.01152	0.01536	0.03316	0.78466	0.03979	0.01885	0.00768	0.00244	0.00349	0.01710	0.00558	0.00489
27	0.00714	0.00597	0.00622	0.00643	0.00821	0.00505	0.00472	0.00860	0.01339	0.01612	0.05691	0.16326	0.64585	0.01576	0.00719	0.00209	0.00311	0.01333	0.00559	0.00505
28	0.01477	0.01255	0.01320	0.01191	0.01521	0.01449	0.00925	0.03106	0.70349	0.02503	0.02424	0.02244	0.01822	0.00810	0.00602	0.00201	0.00466	0.00674	0.04727	0.00932
29	0.01316	0.01316	0.01843	0.01579	0.01579	0.01843	0.01316	0.01448	0.00921	0.01448	0.00790	0.01316	0.00790	0.01053	0.01974	0.00263	0.77757	0.00526	0.00263	0.00658
30	0.31284	0.01133	0.01237	0.01001	0.01425	0.01153	0.00822	0.06944	0.06361	0.40164	0.01772	0.01641	0.01184	0.00682	0.00522	0.00187	0.00502	0.00506	0.00594	0.00886
31	0.00733	0.00524	0.00698	0.00838	0.00873	0.00489	0.00558	0.00838	0.01152	0.01536	0.03316	0.78466	0.03979	0.01885	0.00768	0.00244	0.00349	0.01710	0.00558	0.00489
32	0.83108	0.01163	0.00884	0.00791	0.01163	0.01350	0.00651	0.01768	0.01024	0.02699	0.00838	0.00977	0.00651	0.00558	0.00372	0.00186	0.00465	0.00326	0.00372	0.00651
33	0.83108	0.01163	0.00884	0.00791	0.01163	0.01350	0.00651	0.01768	0.01024	0.02699	0.00838	0.00977	0.00651	0.00558	0.00372	0.00186	0.00465	0.00326	0.00372	0.00651
34	0.01224	0.06426	0.72580	0.01685	0.02558	0.01440	0.02171	0.01901	0.01268	0.01884	0.01069	0.01257	0.00762	0.00569	0.00563	0.00188	0.00878	0.00439	0.00254	0.00884
35	0.83108	0.01163	0.00884	0.00791	0.01163	0.01350	0.00651	0.01768	0.01024	0.02699	0.00838	0.00977	0.00651	0.00558	0.00372	0.00186	0.00465	0.00326	0.00372	0.00651
36	0.00859	0.00645	0.00967	0.00967	0.01074	0.00752	0.00752	0.01074	0.00967	0.01396	0.01611	0.02363	0.01504	0.04512	0.76474	0.00967	0.01611	0.00645	0.00322	0.00537
37	0.00733	0.00524	0.00698	0.00838	0.00873	0.00489	0.00558	0.00838	0.01152	0.01536	0.03316	0.78466	0.03979	0.01885	0.00768	0.00244	0.00349	0.01710	0.00558	0.00489
38	0.02247	0.02867	0.01705	0.01550	0.01860	0.76443	0.01162	0.02402	0.01705	0.01472	0.00930	0.01085	0.00775	0.00620	0.00542	0.00155	0.01085	0.00387	0.00310	0.00697
39	0.00875	0.00583	0.00656	0.00656	0.00656	0.00583	0.00365	0.00875	0.00875	0.01166	0.01895	0.03937	0.02187	0.78858	0.03062	0.00583	0.00583	0.00875	0.00365	0.00365
40	0.00938	0.00682	0.00926	0.01047	0.01194	0.00670	0.00907	0.01200	0.01383	0.01779	0.03538	0.06665	0.12111	0.01645	0.00816	0.00268	0.00524	0.62603	0.00555	0.00548

[dist]
# distance from previous block
# <min> <max>
0	185

# created by:
# /software/SequenceAnalysis/GenePrediction/augustus/3.0.1/scripts/msa2prfl.pl ./fixed/BUSCOvEOG7QNP8P.fas
