[name]
unknown

[dist]
# distance from previous block
# <min> <max>
0	317

[block]
# block no. 0 follows, 40 sequences, length 28
# corresponding to MSA columns:
# 364-391
name=unknown_A
#
# <colnr> <probs for GDERKNQSTAVLIFYWHMCP>
#	G	D	E	R	K	N	Q	S	T	A	V	L	I	F	Y	W	H	M	C	P
0	0.01437	0.01389	0.02400	0.03528	0.73232	0.01385	0.04456	0.01788	0.01326	0.01898	0.01097	0.01444	0.00920	0.00517	0.00580	0.00174	0.00702	0.00524	0.00288	0.00916
1	0.01101	0.01036	0.01746	0.78132	0.04006	0.01293	0.01616	0.01488	0.01165	0.01489	0.01036	0.01554	0.00778	0.00583	0.00583	0.00194	0.00776	0.00518	0.00259	0.00647
2	0.00714	0.00592	0.00624	0.00616	0.00802	0.00503	0.00462	0.00883	0.01384	0.01707	0.18142	0.05378	0.63334	0.01424	0.00688	0.00195	0.00292	0.01197	0.00558	0.00503
3	0.01387	0.01538	0.03245	0.02648	0.15774	0.01456	0.61207	0.01851	0.01366	0.01872	0.01165	0.01550	0.00892	0.00497	0.00668	0.00193	0.00931	0.00658	0.00294	0.00810
4	0.02476	0.01035	0.01359	0.01055	0.01491	0.00938	0.00867	0.07311	0.05510	0.65823	0.04290	0.02022	0.01544	0.00737	0.00589	0.00181	0.00497	0.00599	0.00703	0.00975
5	0.29530	0.01417	0.01421	0.01127	0.01556	0.01572	0.00930	0.44801	0.02076	0.08366	0.01265	0.01289	0.00903	0.00648	0.00509	0.00177	0.00567	0.00459	0.00518	0.00870
6	0.00690	0.00591	0.00591	0.00591	0.00788	0.00493	0.00443	0.00837	0.01327	0.01574	0.05892	0.05598	0.75668	0.01474	0.00688	0.00197	0.00296	0.01228	0.00541	0.00492
7	0.00712	0.00508	0.00677	0.00812	0.00846	0.00474	0.00541	0.00812	0.01115	0.01487	0.03207	0.79152	0.03848	0.01823	0.00743	0.00237	0.00338	0.01654	0.00541	0.00474
8	0.01442	0.01384	0.02362	0.03570	0.75903	0.01383	0.01785	0.01786	0.01326	0.01902	0.01097	0.01443	0.00924	0.00520	0.00577	0.00173	0.00692	0.00519	0.00289	0.00922
9	0.02611	0.00992	0.01351	0.01037	0.01486	0.00856	0.00856	0.02835	0.01666	0.76307	0.02296	0.01983	0.01442	0.00722	0.00586	0.00180	0.00496	0.00586	0.00721	0.00991
10	0.00848	0.00568	0.00648	0.00648	0.00652	0.00572	0.00368	0.00855	0.00851	0.01139	0.01824	0.03750	0.02091	0.76623	0.05831	0.00578	0.00603	0.00838	0.00352	0.00360
11	0.02175	0.02773	0.01650	0.01500	0.01800	0.77195	0.01125	0.02324	0.01650	0.01426	0.00902	0.01053	0.00752	0.00601	0.00526	0.00150	0.01049	0.00376	0.00301	0.00676
12	0.02175	0.02773	0.01650	0.01500	0.01800	0.77195	0.01125	0.02324	0.01650	0.01426	0.00902	0.01053	0.00752	0.00601	0.00526	0.00150	0.01049	0.00376	0.00301	0.00676
13	0.01209	0.01036	0.01208	0.00863	0.01380	0.00777	0.00690	0.01466	0.01208	0.01897	0.01036	0.01210	0.00864	0.00433	0.00432	0.00087	0.00432	0.00346	0.00346	0.83082
14	0.01449	0.01251	0.01317	0.01185	0.01514	0.01448	0.00922	0.03091	0.74853	0.02435	0.02369	0.02173	0.01777	0.00791	0.00593	0.00198	0.00461	0.00658	0.00593	0.00922
15	0.01442	0.01549	0.14461	0.01263	0.01689	0.01410	0.01134	0.02864	0.59354	0.04988	0.02135	0.02002	0.01584	0.00747	0.00586	0.00195	0.00532	0.00616	0.00537	0.00914
16	0.01442	0.01384	0.02362	0.03570	0.75903	0.01383	0.01785	0.01786	0.01326	0.01902	0.01097	0.01443	0.00924	0.00520	0.00577	0.00173	0.00692	0.00519	0.00289	0.00922
17	0.01449	0.01251	0.01317	0.01185	0.01514	0.01448	0.00922	0.03091	0.74853	0.02435	0.02369	0.02173	0.01777	0.00791	0.00593	0.00198	0.00461	0.00658	0.00593	0.00922
18	0.02611	0.00992	0.01351	0.01037	0.01486	0.00856	0.00856	0.02835	0.01666	0.76307	0.02296	0.01983	0.01442	0.00722	0.00586	0.00180	0.00496	0.00586	0.00721	0.00991
19	0.01557	0.79879	0.03048	0.00997	0.01495	0.02302	0.00996	0.01743	0.01183	0.01371	0.00811	0.00937	0.00749	0.00499	0.00374	0.00125	0.00623	0.00312	0.00250	0.00748
20	0.01386	0.45943	0.35483	0.01289	0.01947	0.01883	0.01505	0.01787	0.01204	0.01580	0.00915	0.01067	0.00745	0.00524	0.00454	0.00151	0.00728	0.00364	0.00248	0.00798
21	0.01271	0.14250	0.63400	0.01543	0.02336	0.01476	0.01940	0.01859	0.01236	0.04068	0.01050	0.01212	0.00762	0.00551	0.00528	0.00176	0.00814	0.00418	0.00262	0.00848
22	0.01449	0.01251	0.01317	0.01185	0.01514	0.01448	0.00922	0.03091	0.74853	0.02435	0.02369	0.02173	0.01777	0.00791	0.00593	0.00198	0.00461	0.00658	0.00593	0.00922
23	0.01196	0.01132	0.01917	0.57465	0.23934	0.01318	0.01663	0.01571	0.01209	0.01603	0.01053	0.01523	0.00818	0.00566	0.00581	0.00188	0.00753	0.00518	0.00268	0.00724
24	0.01345	0.01284	0.02186	0.24827	0.55406	0.01358	0.01737	0.01701	0.01280	0.01784	0.01080	0.01475	0.00882	0.00538	0.00579	0.00179	0.00716	0.00519	0.00280	0.00844
25	0.01411	0.01389	0.02457	0.06596	0.59969	0.01407	0.11496	0.01769	0.01308	0.01859	0.01092	0.01459	0.00906	0.00539	0.00645	0.00181	0.03808	0.00541	0.00287	0.00881
26	0.00882	0.00642	0.00816	0.00756	0.00909	0.00603	0.00571	0.04275	0.01685	0.02369	0.70206	0.04256	0.07455	0.01178	0.00683	0.00183	0.00292	0.01035	0.00635	0.00568
27	0.01430	0.01371	0.02339	0.06302	0.73269	0.01380	0.01779	0.01776	0.01320	0.01887	0.01094	0.01447	0.00918	0.00522	0.00577	0.00174	0.00695	0.00519	0.00288	0.00912

[dist]
# distance from previous block
# <min> <max>
0	1

[block]
# block no. 1 follows, 40 sequences, length 49
# corresponding to MSA columns:
# 393-441
name=unknown_B
#
# <colnr> <probs for GDERKNQSTAVLIFYWHMCP>
#	G	D	E	R	K	N	Q	S	T	A	V	L	I	F	Y	W	H	M	C	P
0	0.02690	0.01093	0.01440	0.01123	0.01577	0.00952	0.00911	0.04990	0.01762	0.72863	0.02364	0.02115	0.01530	0.00797	0.00635	0.00202	0.00540	0.00620	0.00749	0.01045
1	0.00831	0.00623	0.00935	0.00935	0.01038	0.00727	0.00727	0.01038	0.00935	0.01350	0.01558	0.02285	0.01454	0.04361	0.77259	0.00935	0.01558	0.00623	0.00312	0.00519
2	0.83671	0.01125	0.00855	0.00765	0.01125	0.01305	0.00630	0.01709	0.00990	0.02609	0.00810	0.00945	0.00630	0.00540	0.00360	0.00180	0.00450	0.00315	0.00360	0.00630
3	0.01352	0.01275	0.02137	0.28129	0.49776	0.01366	0.01707	0.04032	0.01317	0.01820	0.01084	0.01475	0.00875	0.00545	0.00578	0.00180	0.00717	0.00518	0.00288	0.00832
4	0.01166	0.03008	0.76550	0.01657	0.02517	0.01351	0.02149	0.01842	0.01228	0.01842	0.01044	0.01228	0.00737	0.00552	0.00552	0.00184	0.00859	0.00430	0.00246	0.00859
5	0.83671	0.01125	0.00855	0.00765	0.01125	0.01305	0.00630	0.01709	0.00990	0.02609	0.00810	0.00945	0.00630	0.00540	0.00360	0.00180	0.00450	0.00315	0.00360	0.00630
6	0.00826	0.00597	0.00782	0.00742	0.00879	0.00552	0.00560	0.01101	0.01637	0.02315	0.73503	0.04409	0.05424	0.01201	0.00689	0.00185	0.00282	0.03131	0.00637	0.00548
7	0.01439	0.01382	0.02360	0.03569	0.75936	0.01382	0.01785	0.01785	0.01324	0.01900	0.01094	0.01439	0.00921	0.00518	0.00576	0.00173	0.00691	0.00518	0.00288	0.00921
8	0.04812	0.00680	0.00917	0.01040	0.01178	0.00687	0.00897	0.01203	0.01308	0.01765	0.02980	0.10909	0.03251	0.01570	0.00778	0.00262	0.00519	0.64181	0.00527	0.00536
9	0.02145	0.02715	0.01636	0.01486	0.01787	0.74400	0.01116	0.02351	0.04381	0.01461	0.00954	0.01091	0.00787	0.00606	0.00527	0.00152	0.01027	0.00385	0.00311	0.00683
10	0.00846	0.00564	0.00634	0.00634	0.00634	0.00564	0.00352	0.00846	0.00846	0.01128	0.01832	0.03805	0.02114	0.79563	0.02960	0.00564	0.00564	0.00846	0.00352	0.00352
11	0.00708	0.00590	0.00618	0.00611	0.00798	0.00500	0.00458	0.00875	0.01375	0.01689	0.16743	0.05402	0.64774	0.01429	0.00687	0.00194	0.00291	0.01200	0.00556	0.00500
12	0.01555	0.79913	0.03047	0.00995	0.01493	0.02301	0.00995	0.01741	0.01182	0.01368	0.00808	0.00933	0.00746	0.00498	0.00373	0.00124	0.00622	0.00311	0.00249	0.00746
13	0.01105	0.01025	0.01734	0.72446	0.03822	0.01262	0.03533	0.01490	0.01171	0.01528	0.01078	0.01580	0.00812	0.00583	0.00576	0.00191	0.00757	0.00523	0.04139	0.00645
14	0.00687	0.00589	0.00589	0.00589	0.00785	0.00491	0.00442	0.00835	0.01325	0.01571	0.05891	0.05596	0.75700	0.01473	0.00687	0.00196	0.00295	0.01227	0.00540	0.00491
15	0.00846	0.00564	0.00634	0.00634	0.00634	0.00564	0.00352	0.00846	0.00846	0.01128	0.01832	0.03805	0.02114	0.79563	0.02960	0.00564	0.00564	0.00846	0.00352	0.00352
16	0.00738	0.00591	0.00660	0.00642	0.00817	0.00513	0.00482	0.00933	0.01446	0.01856	0.32019	0.05127	0.49393	0.01366	0.00687	0.00191	0.00287	0.01161	0.00578	0.00513
17	0.83671	0.01125	0.00855	0.00765	0.01125	0.01305	0.00630	0.01709	0.00990	0.02609	0.00810	0.00945	0.00630	0.00540	0.00360	0.00180	0.00450	0.00315	0.00360	0.00630
18	0.01166	0.03008	0.76550	0.01657	0.02517	0.01351	0.02149	0.01842	0.01228	0.01842	0.01044	0.01228	0.00737	0.00552	0.00552	0.00184	0.00859	0.00430	0.00246	0.00859
19	0.00709	0.00506	0.00675	0.00810	0.00843	0.00472	0.00540	0.00810	0.01113	0.01484	0.03205	0.79184	0.03846	0.01822	0.00742	0.00236	0.00337	0.01653	0.00540	0.00472
20	0.01446	0.01249	0.01315	0.01183	0.01512	0.01446	0.00920	0.03090	0.74885	0.02433	0.02367	0.02170	0.01775	0.00789	0.00592	0.00197	0.00460	0.00657	0.00592	0.00920
21	0.02206	0.01774	0.01733	0.01358	0.01803	0.11403	0.01108	0.64874	0.02596	0.03380	0.01333	0.01352	0.00958	0.00686	0.00574	0.00171	0.00692	0.00505	0.00546	0.00949
22	0.01446	0.01249	0.01315	0.01183	0.01512	0.01446	0.00920	0.03090	0.74885	0.02433	0.02367	0.02170	0.01775	0.00789	0.00592	0.00197	0.00460	0.00657	0.00592	0.00920
23	0.00789	0.00590	0.00732	0.00702	0.00849	0.00533	0.00524	0.01029	0.01556	0.02133	0.57549	0.07057	0.21268	0.01273	0.00688	0.00188	0.00281	0.01111	0.00614	0.00533
24	0.00937	0.00669	0.00937	0.01071	0.01205	0.00669	0.00937	0.01205	0.01339	0.01740	0.03079	0.06560	0.03347	0.01606	0.00803	0.00268	0.00535	0.72021	0.00535	0.00535
25	0.01084	0.00542	0.00542	0.00542	0.00678	0.00542	0.00407	0.01355	0.01220	0.02168	0.01897	0.02168	0.01491	0.00678	0.00407	0.00136	0.00271	0.00542	0.82791	0.00542
26	0.01166	0.03008	0.76550	0.01657	0.02517	0.01351	0.02149	0.01842	0.01228	0.01842	0.01044	0.01228	0.00737	0.00552	0.00552	0.00184	0.00859	0.00430	0.00246	0.00859
27	0.01166	0.03008	0.76550	0.01657	0.02517	0.01351	0.02149	0.01842	0.01228	0.01842	0.01044	0.01228	0.00737	0.00552	0.00552	0.00184	0.00859	0.00430	0.00246	0.00859
28	0.01084	0.00542	0.00542	0.00542	0.00678	0.00542	0.00407	0.01355	0.01220	0.02168	0.01897	0.02168	0.01491	0.00678	0.00407	0.00136	0.00271	0.00542	0.82791	0.00542
29	0.04994	0.01652	0.24822	0.01233	0.01808	0.01067	0.01262	0.05607	0.01551	0.47303	0.01812	0.01683	0.01172	0.00660	0.00567	0.00181	0.00613	0.00524	0.00553	0.00936
30	0.01953	0.02406	0.01680	0.01505	0.01732	0.58830	0.01160	0.02097	0.01463	0.01417	0.00866	0.01103	0.00753	0.00701	0.00862	0.00175	0.19935	0.00407	0.00289	0.00665
31	0.00777	0.00650	0.00657	0.00652	0.00852	0.00543	0.00483	0.00905	0.01383	0.01669	0.08062	0.05613	0.72652	0.01506	0.00720	0.00210	0.00324	0.01238	0.00568	0.00536
32	0.02277	0.01677	0.01792	0.01387	0.01854	0.01837	0.01135	0.73125	0.02764	0.03713	0.01472	0.01505	0.01063	0.00750	0.00615	0.00189	0.00665	0.00549	0.00606	0.01026
33	0.01584	0.01223	0.01346	0.01220	0.01540	0.01350	0.00967	0.08978	0.50838	0.07418	0.02457	0.02904	0.02005	0.00960	0.00658	0.00220	0.00518	0.12296	0.00614	0.00906
34	0.00952	0.00696	0.00885	0.00859	0.01011	0.00657	0.00660	0.01262	0.04918	0.02313	0.60588	0.04650	0.05016	0.01279	0.00732	0.00211	0.00352	0.11708	0.00646	0.00606
35	0.01600	0.01550	0.02285	0.06386	0.62300	0.08045	0.01710	0.05098	0.01457	0.01991	0.01167	0.01516	0.00978	0.00590	0.00605	0.00186	0.00748	0.00531	0.00329	0.00929
36	0.05165	0.48729	0.28509	0.01268	0.01887	0.01954	0.01410	0.01826	0.01239	0.01665	0.00973	0.01150	0.00815	0.00573	0.00471	0.00163	0.00722	0.00380	0.00281	0.00820
37	0.01606	0.01107	0.01312	0.00972	0.01475	0.00884	0.00775	0.05031	0.01414	0.16698	0.01378	0.01478	0.01057	0.00555	0.00503	0.00124	0.00481	0.00427	0.00456	0.62268
38	0.00930	0.00625	0.00696	0.00692	0.00700	0.00613	0.00391	0.00908	0.00900	0.01208	0.01902	0.03883	0.02174	0.78607	0.02963	0.00573	0.00590	0.00867	0.00379	0.00397
39	0.00774	0.00647	0.00654	0.00655	0.00851	0.00541	0.00483	0.00896	0.01366	0.01643	0.05820	0.08079	0.72449	0.01526	0.00721	0.00212	0.00326	0.01258	0.00565	0.00534
40	0.01659	0.75334	0.03012	0.01072	0.01562	0.05851	0.01032	0.01820	0.01253	0.01448	0.00896	0.01053	0.00824	0.00556	0.00417	0.00141	0.00668	0.00342	0.00279	0.00783
41	0.00777	0.00634	0.00667	0.00690	0.00861	0.00538	0.00498	0.00892	0.01333	0.01629	0.05394	0.19759	0.61044	0.01581	0.00730	0.00218	0.00333	0.01325	0.00565	0.00531
42	0.02277	0.01677	0.01792	0.01387	0.01854	0.01837	0.01135	0.73125	0.02764	0.03713	0.01472	0.01505	0.01063	0.00750	0.00615	0.00189	0.00665	0.00549	0.00606	0.01026
43	0.00794	0.00568	0.00736	0.00865	0.00907	0.00523	0.00576	0.00873	0.01164	0.01560	0.03257	0.78299	0.03884	0.01859	0.00774	0.00250	0.00367	0.01664	0.00564	0.00516
44	0.01285	0.01089	0.01260	0.00916	0.01435	0.00822	0.00724	0.01519	0.01255	0.01965	0.01114	0.01317	0.00937	0.00486	0.00466	0.00102	0.00459	0.00372	0.00372	0.82106
45	0.00773	0.00650	0.00651	0.00648	0.00849	0.00542	0.00480	0.00897	0.01373	0.01646	0.05909	0.05651	0.74820	0.01514	0.00720	0.00211	0.00324	0.01243	0.00565	0.00534
46	0.00773	0.00650	0.00651	0.00648	0.00849	0.00542	0.00480	0.00897	0.01373	0.01646	0.05909	0.05651	0.74820	0.01514	0.00720	0.00211	0.00324	0.01243	0.00565	0.00534
47	0.01246	0.03038	0.75642	0.01702	0.02559	0.01390	0.02165	0.01891	0.01277	0.01913	0.01123	0.01338	0.00814	0.00606	0.00586	0.00199	0.00882	0.00456	0.00274	0.00898
48	0.01262	0.06210	0.72611	0.01675	0.02517	0.01429	0.02117	0.01887	0.01275	0.01893	0.01114	0.01326	0.00814	0.00604	0.00579	0.00196	0.00872	0.00451	0.00274	0.00893

[dist]
# distance from previous block
# <min> <max>
0	11

[block]
# block no. 2 follows, 40 sequences, length 9
# corresponding to MSA columns:
# 453-461
name=unknown_C
#
# <colnr> <probs for GDERKNQSTAVLIFYWHMCP>
#	G	D	E	R	K	N	Q	S	T	A	V	L	I	F	Y	W	H	M	C	P
0	0.01098	0.01034	0.01744	0.78165	0.04005	0.01292	0.01615	0.01486	0.01163	0.01486	0.01034	0.01550	0.00775	0.00581	0.00581	0.00194	0.00775	0.00517	0.00258	0.00646
1	0.01100	0.00671	0.00841	0.00761	0.00963	0.00596	0.00582	0.01332	0.01587	0.14125	0.47878	0.04260	0.20659	0.01187	0.00677	0.00189	0.00321	0.01020	0.00636	0.00616
2	0.01954	0.01464	0.01684	0.14283	0.02136	0.01640	0.01164	0.49493	0.11817	0.06056	0.01514	0.01570	0.01090	0.00703	0.00591	0.00184	0.00639	0.00548	0.00539	0.00930
3	0.01353	0.01225	0.02029	0.15770	0.53807	0.01266	0.01581	0.01690	0.01294	0.01881	0.01206	0.01577	0.00987	0.00562	0.00562	0.00175	0.00656	0.00527	0.11020	0.00834
4	0.01266	0.01116	0.01439	0.01361	0.13981	0.00934	0.00909	0.01528	0.01222	0.01889	0.01049	0.01273	0.00884	0.00485	0.00531	0.00112	0.04076	0.00388	0.00337	0.65221
5	0.01185	0.01061	0.01011	0.00968	0.01134	0.13625	0.00712	0.06216	0.06631	0.01990	0.29378	0.23266	0.03450	0.01253	0.00754	0.04747	0.00478	0.01009	0.00533	0.00598
6	0.01142	0.01057	0.01050	0.01014	0.01194	0.11197	0.00741	0.01498	0.12330	0.01678	0.02304	0.39579	0.02491	0.03436	0.00780	0.00211	0.04770	0.01065	0.00473	0.11991
7	0.01157	0.00851	0.01032	0.00954	0.01176	0.00817	0.00734	0.13813	0.01458	0.02005	0.06365	0.25716	0.02526	0.03976	0.00857	0.06310	0.00465	0.12938	0.00493	0.16357
8	0.53327	0.01201	0.01168	0.10960	0.01652	0.01365	0.00862	0.13970	0.01365	0.07782	0.01060	0.01197	0.00783	0.00596	0.00450	0.00184	0.00534	0.00401	0.00415	0.00727

[dist]
# distance from previous block
# <min> <max>
23	27

[block]
# block no. 3 follows, 40 sequences, length 6
# corresponding to MSA columns:
# 490-495
name=unknown_D
#
# <colnr> <probs for GDERKNQSTAVLIFYWHMCP>
#	G	D	E	R	K	N	Q	S	T	A	V	L	I	F	Y	W	H	M	C	P
0	0.01389	0.01477	0.07676	0.01913	0.02413	0.01320	0.43121	0.01794	0.01326	0.07274	0.05157	0.01648	0.01143	0.00599	0.00774	0.00187	0.09345	0.00621	0.00342	0.10482
1	0.01445	0.01372	0.01636	0.04061	0.01785	0.10664	0.11347	0.11122	0.01479	0.02020	0.01236	0.06703	0.01072	0.00598	0.00526	0.00136	0.00621	0.00518	0.00373	0.41286
2	0.06338	0.01232	0.02031	0.32073	0.43709	0.01342	0.01649	0.01665	0.01242	0.01784	0.01053	0.01452	0.00847	0.00544	0.00565	0.00181	0.00709	0.00505	0.00281	0.00798
3	0.02046	0.05322	0.01408	0.01088	0.01468	0.12356	0.00874	0.07393	0.10151	0.36199	0.02267	0.05132	0.07784	0.00798	0.00576	0.00175	0.00564	0.00635	0.00575	0.03188
4	0.01736	0.01304	0.01560	0.01260	0.01655	0.04350	0.07948	0.16781	0.27938	0.14662	0.04948	0.02094	0.05378	0.00756	0.00595	0.00182	0.00558	0.00639	0.00557	0.05099
5	0.01346	0.01512	0.09358	0.25035	0.41341	0.05012	0.04614	0.01732	0.01285	0.01749	0.01065	0.01438	0.00851	0.00543	0.00577	0.00180	0.00761	0.00509	0.00276	0.00817

[dist]
# distance from previous block
# <min> <max>
13	253

[block]
# block no. 4 follows, 40 sequences, length 57
# corresponding to MSA columns:
# 784-840
name=unknown_E
#
# <colnr> <probs for GDERKNQSTAVLIFYWHMCP>
#	G	D	E	R	K	N	Q	S	T	A	V	L	I	F	Y	W	H	M	C	P
0	0.08729	0.02869	0.68725	0.01624	0.02435	0.01388	0.02028	0.01882	0.01258	0.01987	0.01107	0.01320	0.00809	0.00608	0.00571	0.00199	0.00846	0.00447	0.00286	0.00880
1	0.57518	0.01350	0.01272	0.01352	0.12982	0.05758	0.00915	0.06938	0.01274	0.04221	0.01022	0.01204	0.00809	0.00612	0.00462	0.00192	0.00566	0.00400	0.00397	0.00755
2	0.00956	0.00675	0.00849	0.00813	0.00971	0.00614	0.00616	0.01188	0.01634	0.04271	0.59358	0.04671	0.12639	0.01289	0.00727	0.00207	0.00336	0.06940	0.00648	0.00599
3	0.00920	0.00687	0.00996	0.00992	0.01103	0.00777	0.00763	0.01102	0.00991	0.01432	0.01635	0.02388	0.01526	0.04366	0.76254	0.00940	0.01572	0.00648	0.00341	0.00565
4	0.01527	0.01305	0.01371	0.01237	0.01570	0.01487	0.00954	0.03126	0.73938	0.02500	0.02434	0.02274	0.01843	0.00842	0.00627	0.00212	0.00490	0.00682	0.00617	0.00961
5	0.02232	0.02590	0.01706	0.01515	0.01846	0.62576	0.01147	0.13596	0.03672	0.01880	0.01100	0.01251	0.00894	0.00675	0.00571	0.00171	0.00992	0.00434	0.00380	0.00773
6	0.02607	0.01064	0.01403	0.01099	0.01545	0.00938	0.00893	0.02888	0.05929	0.71146	0.02366	0.02098	0.01532	0.00778	0.00621	0.00196	0.00522	0.00615	0.00736	0.01025
7	0.01184	0.01092	0.01794	0.77175	0.04029	0.01335	0.01639	0.01543	0.01216	0.01566	0.01119	0.01664	0.00857	0.00638	0.00617	0.00209	0.00800	0.00544	0.00288	0.00690
8	0.01520	0.01436	0.02402	0.03591	0.74984	0.01423	0.01807	0.01838	0.01375	0.01975	0.01178	0.01554	0.01001	0.00575	0.00611	0.00188	0.00717	0.00545	0.00317	0.00961
9	0.01451	0.01608	0.03393	0.02451	0.03016	0.01523	0.69984	0.01897	0.01404	0.01920	0.01243	0.01670	0.00958	0.00569	0.00769	0.00214	0.04084	0.00704	0.00322	0.00820
10	0.00833	0.00598	0.00764	0.00880	0.00938	0.00555	0.00610	0.00926	0.01186	0.01578	0.03274	0.62507	0.06585	0.06301	0.00908	0.00272	0.00403	0.09808	0.00555	0.00520
11	0.00800	0.00572	0.00739	0.00869	0.00911	0.00526	0.00579	0.00877	0.01167	0.01565	0.03261	0.78244	0.03886	0.01861	0.00776	0.00251	0.00368	0.01665	0.00566	0.00518
12	0.00779	0.00654	0.00655	0.00651	0.00853	0.00545	0.00482	0.00901	0.01376	0.01650	0.05910	0.05655	0.74765	0.01517	0.00722	0.00212	0.00326	0.01244	0.00566	0.00537
13	0.02281	0.01680	0.01795	0.01390	0.01858	0.01839	0.01136	0.73071	0.02766	0.03716	0.01476	0.01511	0.01068	0.00753	0.00617	0.00190	0.00667	0.00550	0.00607	0.01028
14	0.02430	0.01159	0.01443	0.01140	0.01567	0.01094	0.00922	0.17440	0.04172	0.53018	0.04926	0.04497	0.01656	0.00824	0.00629	0.00197	0.00539	0.00651	0.00702	0.00994
15	0.01014	0.00673	0.00853	0.00816	0.00970	0.00608	0.00601	0.01223	0.01590	0.07541	0.53529	0.16034	0.09561	0.01321	0.00722	0.00207	0.00333	0.01143	0.00648	0.00610
16	0.01290	0.01092	0.01263	0.00920	0.01438	0.00825	0.00726	0.01522	0.01258	0.01970	0.01119	0.01324	0.00942	0.00489	0.00468	0.00103	0.00460	0.00374	0.00373	0.82043
17	0.02158	0.01032	0.01321	0.01028	0.01466	0.00874	0.00826	0.02407	0.03578	0.49460	0.08359	0.02112	0.01732	0.00748	0.00593	0.00174	0.00489	0.00596	0.00644	0.20402
18	0.00940	0.00815	0.00806	0.00773	0.00960	0.06150	0.00574	0.01112	0.01526	0.01938	0.32906	0.04832	0.41768	0.01342	0.00709	0.00203	0.00373	0.01114	0.00588	0.00573
19	0.00805	0.00585	0.00739	0.00844	0.00907	0.00533	0.00571	0.00898	0.01222	0.01631	0.08455	0.66651	0.10315	0.01787	0.00767	0.00244	0.00360	0.01586	0.00573	0.00525
20	0.00945	0.00795	0.00816	0.00783	0.01012	0.00751	0.00588	0.01392	0.17127	0.01860	0.07436	0.04880	0.56651	0.01361	0.00701	0.00211	0.00361	0.01117	0.00580	0.00631
21	0.00800	0.00572	0.00739	0.00869	0.00911	0.00526	0.00579	0.00877	0.01167	0.01565	0.03261	0.78244	0.03886	0.01861	0.00776	0.00251	0.00368	0.01665	0.00566	0.00518
22	0.01356	0.01328	0.01831	0.01576	0.01585	0.01817	0.01301	0.01458	0.00947	0.01481	0.00852	0.01389	0.00845	0.01068	0.01926	0.00269	0.77470	0.00536	0.00284	0.00680
23	0.00800	0.00572	0.00739	0.00869	0.00911	0.00526	0.00579	0.00877	0.01167	0.01565	0.03261	0.78244	0.03886	0.01861	0.00776	0.00251	0.00368	0.01665	0.00566	0.00518
24	0.01520	0.01436	0.02402	0.03591	0.74984	0.01423	0.01807	0.01838	0.01375	0.01975	0.01178	0.01554	0.01001	0.00575	0.00611	0.00188	0.00717	0.00545	0.00317	0.00961
25	0.01184	0.01092	0.01794	0.77175	0.04029	0.01335	0.01639	0.01543	0.01216	0.01566	0.01119	0.01664	0.00857	0.00638	0.00617	0.00209	0.00800	0.00544	0.00288	0.00690
26	0.00935	0.00629	0.00699	0.00696	0.00704	0.00617	0.00394	0.00912	0.00903	0.01213	0.01906	0.03888	0.02178	0.78548	0.02963	0.00574	0.00592	0.00868	0.00381	0.00400
27	0.01337	0.01304	0.01835	0.01572	0.01602	0.01757	0.03278	0.01453	0.00963	0.01491	0.00902	0.01447	0.00882	0.01218	0.05599	0.00301	0.71544	0.00546	0.00288	0.00678
28	0.01455	0.01620	0.03459	0.02488	0.03077	0.01511	0.72869	0.01915	0.01423	0.01938	0.01260	0.01682	0.00963	0.00548	0.00721	0.00211	0.01003	0.00711	0.00324	0.00826
29	0.02588	0.01077	0.01364	0.01057	0.01500	0.04611	0.00868	0.02809	0.01664	0.72653	0.02226	0.01934	0.01406	0.00714	0.00582	0.00178	0.00522	0.00574	0.00699	0.00974
30	0.83671	0.01125	0.00855	0.00765	0.01125	0.01305	0.00630	0.01709	0.00990	0.02609	0.00810	0.00945	0.00630	0.00540	0.00360	0.00180	0.00450	0.00315	0.00360	0.00630
31	0.00798	0.00566	0.00754	0.00866	0.00930	0.00543	0.00625	0.02651	0.01201	0.01598	0.05446	0.59576	0.03662	0.01741	0.00790	0.02527	0.00383	0.14315	0.00535	0.00493
32	0.02166	0.01816	0.01707	0.01359	0.01788	0.15357	0.01099	0.57612	0.06088	0.03201	0.01354	0.01372	0.00984	0.00685	0.00572	0.00171	0.00705	0.00503	0.00531	0.00929
33	0.00712	0.00509	0.00678	0.00807	0.00844	0.00475	0.00540	0.00819	0.01130	0.01511	0.05440	0.76875	0.03897	0.01802	0.00741	0.00235	0.00335	0.01635	0.00543	0.00475
34	0.01098	0.01034	0.01744	0.78165	0.04005	0.01292	0.01615	0.01486	0.01163	0.01486	0.01034	0.01550	0.00775	0.00581	0.00581	0.00194	0.00775	0.00517	0.00258	0.00646
35	0.01439	0.01382	0.02360	0.03569	0.75936	0.01382	0.01785	0.01785	0.01324	0.01900	0.01094	0.01439	0.00921	0.00518	0.00576	0.00173	0.00691	0.00518	0.00288	0.00921
36	0.00809	0.00594	0.00757	0.00716	0.00860	0.00543	0.00537	0.01069	0.01612	0.02251	0.68181	0.04478	0.12985	0.01219	0.00686	0.00184	0.00277	0.01070	0.00629	0.00543
37	0.02172	0.02772	0.01648	0.01498	0.01798	0.77228	0.01124	0.02322	0.01648	0.01423	0.00899	0.01049	0.00749	0.00599	0.00524	0.00150	0.01049	0.00375	0.00300	0.00674
38	0.01118	0.01054	0.01780	0.73868	0.08149	0.01297	0.01625	0.01503	0.01172	0.01510	0.01037	0.01544	0.00784	0.00578	0.00581	0.00193	0.00770	0.00517	0.00260	0.00662
39	0.01272	0.01272	0.01781	0.01527	0.01527	0.01781	0.01272	0.01399	0.00891	0.01399	0.00763	0.01272	0.00763	0.01018	0.01908	0.00254	0.78499	0.00509	0.00254	0.00636
40	0.00823	0.00594	0.00777	0.00732	0.00869	0.00549	0.00549	0.01097	0.01646	0.02332	0.75629	0.04344	0.05487	0.01189	0.00686	0.00183	0.00274	0.01052	0.00640	0.00549
41	0.01555	0.79913	0.03047	0.00995	0.01493	0.02301	0.00995	0.01741	0.01182	0.01368	0.00808	0.00933	0.00746	0.00498	0.00373	0.00124	0.00622	0.00311	0.00249	0.00746
42	0.00846	0.00564	0.00634	0.00634	0.00634	0.00564	0.00352	0.00846	0.00846	0.01128	0.01832	0.03805	0.02114	0.79563	0.02960	0.00564	0.00564	0.00846	0.00352	0.00352
43	0.01206	0.01034	0.01206	0.00861	0.01378	0.00775	0.00689	0.01464	0.01206	0.01895	0.01034	0.01206	0.00861	0.00431	0.00431	0.00086	0.00431	0.00345	0.00345	0.83118
44	0.00717	0.00512	0.00682	0.00804	0.00845	0.00478	0.00540	0.00830	0.01151	0.01545	0.08359	0.73858	0.03963	0.01777	0.00738	0.00232	0.00333	0.01610	0.00547	0.00478
45	0.00956	0.00748	0.00897	0.00908	0.01087	0.00759	0.00721	0.01485	0.17184	0.01976	0.20431	0.11196	0.16355	0.01328	0.00705	0.00217	0.00398	0.21469	0.00573	0.00608
46	0.00709	0.00506	0.00675	0.00810	0.00843	0.00472	0.00540	0.00810	0.01113	0.01484	0.03205	0.79184	0.03846	0.01822	0.00742	0.00236	0.00337	0.01653	0.00540	0.00472
47	0.01555	0.79913	0.03047	0.00995	0.01493	0.02301	0.00995	0.01741	0.01182	0.01368	0.00808	0.00933	0.00746	0.00498	0.00373	0.00124	0.00622	0.00311	0.00249	0.00746
48	0.00709	0.00506	0.00675	0.00810	0.00843	0.00472	0.00540	0.00810	0.01113	0.01484	0.03205	0.79184	0.03846	0.01822	0.00742	0.00236	0.00337	0.01653	0.00540	0.00472
49	0.04813	0.00993	0.01336	0.01027	0.01475	0.00867	0.00849	0.02803	0.01646	0.74334	0.02254	0.01951	0.01417	0.00715	0.00579	0.00180	0.00494	0.00577	0.00710	0.00980
50	0.01206	0.01034	0.01206	0.00861	0.01378	0.00775	0.00689	0.01464	0.01206	0.01895	0.01034	0.01206	0.00861	0.00431	0.00431	0.00086	0.00431	0.00345	0.00345	0.83118
51	0.00846	0.00564	0.00634	0.00634	0.00634	0.00564	0.00352	0.00846	0.00846	0.01128	0.01832	0.03805	0.02114	0.79563	0.02960	0.00564	0.00564	0.00846	0.00352	0.00352
52	0.01126	0.00582	0.00587	0.00572	0.00719	0.00589	0.00432	0.04047	0.01276	0.02224	0.01878	0.02139	0.01472	0.00678	0.00413	0.00137	0.00285	0.00541	0.79744	0.00559
53	0.02230	0.01597	0.01726	0.01323	0.01788	0.01756	0.01093	0.70476	0.02681	0.07260	0.01441	0.01425	0.01011	0.00699	0.00582	0.00175	0.00633	0.00527	0.00589	0.00989
54	0.02498	0.00965	0.01314	0.01016	0.01446	0.00836	0.00836	0.02726	0.01663	0.71745	0.06846	0.02126	0.01691	0.00749	0.00591	0.00180	0.00481	0.00614	0.00715	0.00962
55	0.01623	0.01274	0.01366	0.01182	0.01530	0.01441	0.00929	0.14737	0.56144	0.07013	0.02184	0.02084	0.01636	0.03345	0.00667	0.00204	0.00495	0.00637	0.00590	0.00917
56	0.01084	0.00542	0.00542	0.00542	0.00678	0.00542	0.00407	0.01355	0.01220	0.02168	0.01897	0.02168	0.01491	0.00678	0.00407	0.00136	0.00271	0.00542	0.82791	0.00542

[dist]
# distance from previous block
# <min> <max>
0	1

[block]
# block no. 5 follows, 40 sequences, length 43
# corresponding to MSA columns:
# 842-884
name=unknown_F
#
# <colnr> <probs for GDERKNQSTAVLIFYWHMCP>
#	G	D	E	R	K	N	Q	S	T	A	V	L	I	F	Y	W	H	M	C	P
0	0.01439	0.01382	0.02360	0.03569	0.75936	0.01382	0.01785	0.01785	0.01324	0.01900	0.01094	0.01439	0.00921	0.00518	0.00576	0.00173	0.00691	0.00518	0.00288	0.00921
1	0.02172	0.02772	0.01648	0.01498	0.01798	0.77228	0.01124	0.02322	0.01648	0.01423	0.00899	0.01049	0.00749	0.00599	0.00524	0.00150	0.01049	0.00375	0.00300	0.00674
2	0.01169	0.00666	0.00854	0.00785	0.00984	0.00594	0.00596	0.01386	0.01518	0.18063	0.37524	0.15072	0.16042	0.01228	0.00673	0.00192	0.00335	0.01069	0.00626	0.00623
3	0.08157	0.03032	0.01517	0.01188	0.01596	0.08383	0.00964	0.37534	0.08764	0.11064	0.06797	0.01659	0.01373	0.00706	0.00557	0.00171	0.00594	0.00538	0.00542	0.04864
4	0.05219	0.08645	0.06626	0.03435	0.01342	0.00979	0.00878	0.06920	0.01557	0.08823	0.32883	0.03465	0.03245	0.01015	0.00629	0.00191	0.00465	0.12482	0.00533	0.00668
5	0.73831	0.06808	0.01055	0.00809	0.01184	0.01400	0.00679	0.05209	0.01088	0.02571	0.00838	0.00966	0.00656	0.00544	0.00372	0.00176	0.00471	0.00325	0.00363	0.00656
6	0.11398	0.37752	0.26353	0.01366	0.07125	0.01768	0.01375	0.01803	0.01197	0.03810	0.00946	0.01095	0.00761	0.00528	0.00450	0.00155	0.00679	0.00372	0.00277	0.00788
7	0.01338	0.01255	0.02142	0.19251	0.52191	0.01306	0.04579	0.01693	0.01284	0.01829	0.01142	0.01521	0.00929	0.00542	0.00569	0.00175	0.00690	0.00526	0.06208	0.00830
8	0.00823	0.00594	0.00777	0.00732	0.00869	0.00549	0.00549	0.01097	0.01646	0.02332	0.75629	0.04344	0.05487	0.01189	0.00686	0.00183	0.00274	0.01052	0.00640	0.00549
9	0.00731	0.00530	0.00699	0.00812	0.00867	0.00486	0.00547	0.00839	0.01118	0.01503	0.03108	0.75683	0.03712	0.01759	0.00728	0.00229	0.00342	0.01594	0.00531	0.04182
10	0.00831	0.00623	0.00935	0.00935	0.01038	0.00727	0.00727	0.01038	0.00935	0.01350	0.01558	0.02285	0.01454	0.04361	0.77259	0.00935	0.01558	0.00623	0.00312	0.00519
11	0.48826	0.03249	0.01235	0.00984	0.01383	0.01483	0.00814	0.25169	0.05154	0.05187	0.01120	0.01181	0.00829	0.00608	0.00450	0.00178	0.00517	0.00407	0.00451	0.00774
12	0.00709	0.00506	0.00675	0.00810	0.00843	0.00472	0.00540	0.00810	0.01113	0.01484	0.03205	0.79184	0.03846	0.01822	0.00742	0.00236	0.00337	0.01653	0.00540	0.00472
13	0.00831	0.00623	0.00935	0.00935	0.01038	0.00727	0.00727	0.01038	0.00935	0.01350	0.01558	0.02285	0.01454	0.04361	0.77259	0.00935	0.01558	0.00623	0.00312	0.00519
14	0.83671	0.01125	0.00855	0.00765	0.01125	0.01305	0.00630	0.01709	0.00990	0.02609	0.00810	0.00945	0.00630	0.00540	0.00360	0.00180	0.00450	0.00315	0.00360	0.00630
15	0.00725	0.00591	0.00642	0.00629	0.00809	0.00507	0.00472	0.00908	0.01416	0.01785	0.25483	0.05245	0.55974	0.01393	0.00687	0.00193	0.00289	0.01178	0.00568	0.00507
16	0.00823	0.00594	0.00777	0.00732	0.00869	0.00549	0.00549	0.01097	0.01646	0.02332	0.75629	0.04344	0.05487	0.01189	0.00686	0.00183	0.00274	0.01052	0.00640	0.00549
17	0.01166	0.03008	0.76550	0.01657	0.02517	0.01351	0.02149	0.01842	0.01228	0.01842	0.01044	0.01228	0.00737	0.00552	0.00552	0.00184	0.00859	0.00430	0.00246	0.00859
18	0.01272	0.01272	0.01781	0.01527	0.01527	0.01781	0.01272	0.01399	0.00891	0.01399	0.00763	0.01272	0.00763	0.01018	0.01908	0.00254	0.78499	0.00509	0.00254	0.00636
19	0.02188	0.01618	0.01733	0.01333	0.01795	0.01793	0.01100	0.71922	0.04845	0.03629	0.01425	0.01419	0.01012	0.00701	0.00582	0.00175	0.00635	0.00527	0.00582	0.00987
20	0.83671	0.01125	0.00855	0.00765	0.01125	0.01305	0.00630	0.01709	0.00990	0.02609	0.00810	0.00945	0.00630	0.00540	0.00360	0.00180	0.00450	0.00315	0.00360	0.00630
21	0.02211	0.01629	0.01745	0.01338	0.01803	0.01803	0.01105	0.73997	0.02734	0.03665	0.01396	0.01396	0.00989	0.00698	0.00582	0.00175	0.00640	0.00524	0.00582	0.00989
22	0.00937	0.00669	0.00937	0.01071	0.01205	0.00669	0.00937	0.01205	0.01339	0.01740	0.03079	0.06560	0.03347	0.01606	0.00803	0.00268	0.00535	0.72021	0.00535	0.00535
23	0.01116	0.01052	0.01777	0.74177	0.07851	0.01297	0.01624	0.01502	0.01171	0.01508	0.01037	0.01544	0.00783	0.00578	0.00581	0.00193	0.00771	0.00517	0.00260	0.00661
24	0.74262	0.01339	0.09487	0.00867	0.01283	0.01310	0.00803	0.01724	0.01017	0.02522	0.00836	0.00977	0.00642	0.00541	0.00382	0.00180	0.00497	0.00328	0.00347	0.00656
25	0.83671	0.01125	0.00855	0.00765	0.01125	0.01305	0.00630	0.01709	0.00990	0.02609	0.00810	0.00945	0.00630	0.00540	0.00360	0.00180	0.00450	0.00315	0.00360	0.00630
26	0.01272	0.01272	0.01781	0.01527	0.01527	0.01781	0.01272	0.01399	0.00891	0.01399	0.00763	0.01272	0.00763	0.01018	0.01908	0.00254	0.78499	0.00509	0.00254	0.00636
27	0.00831	0.00623	0.00935	0.00935	0.01038	0.00727	0.00727	0.01038	0.00935	0.01350	0.01558	0.02285	0.01454	0.04361	0.77259	0.00935	0.01558	0.00623	0.00312	0.00519
28	0.01550	0.01226	0.01318	0.01170	0.01510	0.01394	0.00915	0.03067	0.68343	0.09036	0.02360	0.02153	0.01745	0.00783	0.00591	0.00196	0.00463	0.00651	0.00603	0.00927
29	0.02609	0.00990	0.01350	0.01035	0.01484	0.00855	0.00855	0.02834	0.01664	0.76338	0.02294	0.01979	0.01439	0.00720	0.00585	0.00180	0.00495	0.00585	0.00720	0.00990
30	0.00831	0.00623	0.00935	0.00935	0.01038	0.00727	0.00727	0.01038	0.00935	0.01350	0.01558	0.02285	0.01454	0.04361	0.77259	0.00935	0.01558	0.00623	0.00312	0.00519
31	0.00823	0.00594	0.00777	0.00732	0.00869	0.00549	0.00549	0.01097	0.01646	0.02332	0.75629	0.04344	0.05487	0.01189	0.00686	0.00183	0.00274	0.01052	0.00640	0.00549
32	0.01395	0.01337	0.02281	0.13163	0.66685	0.01370	0.01763	0.01746	0.01303	0.01847	0.01086	0.01454	0.00902	0.00526	0.00576	0.00175	0.00702	0.00518	0.00284	0.00886
33	0.00813	0.00594	0.00764	0.00721	0.00863	0.00545	0.00541	0.01079	0.01623	0.02277	0.70619	0.04434	0.10530	0.01209	0.00686	0.00184	0.00276	0.01064	0.00633	0.00545
34	0.01098	0.01034	0.01744	0.78165	0.04005	0.01292	0.01615	0.01486	0.01163	0.01486	0.01034	0.01550	0.00775	0.00581	0.00581	0.00194	0.00775	0.00517	0.00258	0.00646
35	0.05492	0.01110	0.01230	0.01085	0.01415	0.01199	0.00859	0.04767	0.43484	0.11875	0.06289	0.04348	0.01960	0.00847	0.00593	0.00191	0.00460	0.05779	0.00577	0.06440
36	0.01216	0.01050	0.01231	0.00897	0.01388	0.00835	0.00719	0.01514	0.03555	0.01893	0.01066	0.01239	0.00887	0.00465	0.00492	0.00096	0.03424	0.00361	0.00349	0.77323
37	0.01939	0.01558	0.01884	0.01435	0.01881	0.04506	0.11750	0.51854	0.02282	0.03045	0.01359	0.01572	0.01039	0.06316	0.00758	0.00200	0.00690	0.00556	0.00501	0.04874
38	0.01256	0.01318	0.04920	0.52485	0.20238	0.06770	0.01640	0.01629	0.01237	0.01590	0.01038	0.01476	0.00805	0.00567	0.00575	0.00185	0.00779	0.00503	0.00268	0.00720
39	0.01416	0.01241	0.02007	0.09543	0.52016	0.01261	0.01521	0.04680	0.02982	0.05579	0.08398	0.01888	0.03613	0.00639	0.00591	0.00177	0.00631	0.00596	0.00365	0.00855
40	0.00993	0.00693	0.00856	0.00881	0.01006	0.00683	0.00624	0.06983	0.06597	0.05118	0.05612	0.55605	0.03261	0.04702	0.00790	0.00233	0.00387	0.01347	0.00545	0.03084
41	0.01134	0.01134	0.12097	0.01038	0.01310	0.00903	0.00906	0.15224	0.03167	0.02052	0.02354	0.40084	0.02510	0.01261	0.00649	0.00205	0.00482	0.03975	0.06408	0.03107
42	0.01254	0.13652	0.52194	0.01650	0.02367	0.01529	0.10577	0.01800	0.01216	0.01747	0.01007	0.01230	0.00757	0.00569	0.00635	0.00182	0.06112	0.00449	0.00252	0.00819

[dist]
# distance from previous block
# <min> <max>
7	12

[block]
# block no. 6 follows, 40 sequences, length 37
# corresponding to MSA columns:
# 897-933
name=unknown_G
#
# <colnr> <probs for GDERKNQSTAVLIFYWHMCP>
#	G	D	E	R	K	N	Q	S	T	A	V	L	I	F	Y	W	H	M	C	P
0	0.01367	0.01272	0.02140	0.13149	0.60702	0.01305	0.01657	0.01712	0.01295	0.01866	0.01148	0.01510	0.00946	0.00539	0.00563	0.00173	0.00670	0.00520	0.06612	0.00856
1	0.01256	0.08093	0.60485	0.01504	0.02247	0.01317	0.01857	0.01822	0.01245	0.06806	0.01277	0.07237	0.01023	0.00657	0.00557	0.00184	0.00778	0.00526	0.00300	0.00831
2	0.08169	0.01077	0.01264	0.00981	0.01416	0.00993	0.00795	0.10982	0.05729	0.29698	0.01694	0.03648	0.01228	0.00646	0.00517	0.00151	0.00475	0.00513	0.03770	0.26256
3	0.13089	0.39396	0.07970	0.01024	0.01447	0.07496	0.00978	0.04155	0.01291	0.01800	0.06400	0.01609	0.01264	0.00644	0.00452	0.00153	0.00599	0.04340	0.05189	0.00704
4	0.23340	0.01623	0.07229	0.01212	0.01669	0.04022	0.01054	0.44311	0.05202	0.03126	0.01242	0.01287	0.00902	0.00646	0.00520	0.00177	0.00613	0.00463	0.00490	0.00872
5	0.01561	0.02302	0.46949	0.01628	0.07846	0.01282	0.01727	0.08810	0.01459	0.16180	0.01318	0.01402	0.00912	0.00591	0.00559	0.00178	0.00742	0.00472	0.00374	0.03707
6	0.01811	0.01344	0.01469	0.01161	0.01556	0.01422	0.00933	0.50554	0.02218	0.03025	0.01591	0.10697	0.01367	0.03828	0.00667	0.00184	0.00562	0.00646	0.02749	0.12218
7	0.11054	0.01125	0.01640	0.01398	0.07350	0.01068	0.12210	0.02301	0.08096	0.35162	0.04005	0.01931	0.04045	0.00679	0.00573	0.00179	0.00560	0.00595	0.00539	0.05489
8	0.65522	0.04279	0.04030	0.00904	0.01291	0.07201	0.00774	0.06746	0.01177	0.02515	0.00866	0.00994	0.00672	0.00554	0.00396	0.00175	0.00531	0.00338	0.00362	0.00671
9	0.01356	0.01600	0.06163	0.02342	0.02891	0.01492	0.64890	0.01823	0.01326	0.01823	0.01136	0.01530	0.00867	0.00537	0.00784	0.00201	0.07514	0.00661	0.00289	0.00775
10	0.01010	0.00505	0.00758	0.00758	0.00758	0.00505	0.00505	0.00758	0.00758	0.01010	0.01010	0.01768	0.01010	0.02020	0.02273	0.83081	0.00505	0.00505	0.00253	0.00253
11	0.00820	0.00593	0.00768	0.00725	0.00859	0.00548	0.00540	0.01082	0.01612	0.02273	0.71346	0.04362	0.07368	0.03650	0.00757	0.00195	0.00284	0.01050	0.00628	0.00541
12	0.01109	0.01030	0.01457	0.01297	0.01331	0.01385	0.01057	0.01259	0.00904	0.01373	0.01067	0.01703	0.01043	0.05000	0.27092	0.00493	0.49978	0.00559	0.00277	0.00587
13	0.00812	0.00594	0.00762	0.00720	0.00862	0.00544	0.00540	0.01076	0.01620	0.02271	0.70049	0.04444	0.11104	0.01212	0.00686	0.00184	0.00276	0.01066	0.00632	0.00544
14	0.02211	0.01629	0.01745	0.01338	0.01803	0.01803	0.01105	0.73997	0.02734	0.03665	0.01396	0.01396	0.00989	0.00698	0.00582	0.00175	0.00640	0.00524	0.00582	0.00989
15	0.01555	0.79913	0.03047	0.00995	0.01493	0.02301	0.00995	0.01741	0.01182	0.01368	0.00808	0.00933	0.00746	0.00498	0.00373	0.00124	0.00622	0.00311	0.00249	0.00746
16	0.01529	0.01231	0.01317	0.01173	0.01510	0.01405	0.00916	0.03072	0.69715	0.07650	0.02362	0.02156	0.01751	0.00784	0.00591	0.00196	0.00463	0.00652	0.00601	0.00925
17	0.01085	0.00884	0.01169	0.01082	0.01218	0.01077	0.00860	0.04552	0.12507	0.01673	0.01543	0.02027	0.01353	0.02793	0.43116	0.00610	0.16125	0.00597	0.05102	0.00625
18	0.00813	0.00591	0.00765	0.00727	0.00864	0.00544	0.00543	0.01076	0.01614	0.02269	0.70067	0.06783	0.08715	0.01222	0.00688	0.00185	0.00277	0.01079	0.00632	0.00544
19	0.01373	0.01569	0.03431	0.02451	0.03039	0.01471	0.73824	0.01863	0.01373	0.01863	0.01176	0.01569	0.00882	0.00490	0.00686	0.00196	0.00980	0.00686	0.00294	0.00784
20	0.01056	0.00815	0.03297	0.00908	0.01117	0.00763	0.00741	0.01572	0.14048	0.06292	0.45173	0.04102	0.04142	0.01142	0.00679	0.00199	0.00378	0.12324	0.00607	0.00644
21	0.00823	0.00594	0.00777	0.00732	0.00869	0.00549	0.00549	0.01097	0.01646	0.02332	0.75629	0.04344	0.05487	0.01189	0.00686	0.00183	0.00274	0.01052	0.00640	0.00549
22	0.01283	0.01079	0.01247	0.00898	0.01411	0.00854	0.00721	0.07027	0.01323	0.02031	0.01061	0.01220	0.00871	0.00451	0.00442	0.00093	0.00447	0.00358	0.00363	0.76819
23	0.01166	0.03008	0.76550	0.01657	0.02517	0.01351	0.02149	0.01842	0.01228	0.01842	0.01044	0.01228	0.00737	0.00552	0.00552	0.00184	0.00859	0.00430	0.00246	0.00859
24	0.02164	0.01601	0.01720	0.01316	0.01784	0.01755	0.01086	0.70608	0.02663	0.03582	0.01379	0.01387	0.00983	0.00686	0.00575	0.00170	0.00630	0.00515	0.00571	0.04826
25	0.01098	0.01034	0.01744	0.78165	0.04005	0.01292	0.01615	0.01486	0.01163	0.01486	0.01034	0.01550	0.00775	0.00581	0.00581	0.00194	0.00775	0.00517	0.00258	0.00646
26	0.01996	0.00854	0.01153	0.00931	0.01273	0.00750	0.00750	0.02238	0.01658	0.50934	0.27468	0.02791	0.02829	0.00881	0.00619	0.00181	0.00419	0.00745	0.00692	0.00838
27	0.00709	0.00506	0.00675	0.00810	0.00843	0.00472	0.00540	0.00810	0.01113	0.01484	0.03205	0.79184	0.03846	0.01822	0.00742	0.00236	0.00337	0.01653	0.00540	0.00472
28	0.05638	0.01933	0.01645	0.01342	0.01743	0.25154	0.01072	0.46757	0.02283	0.02885	0.01230	0.01290	0.00912	0.00660	0.00550	0.00166	0.00749	0.00469	0.02657	0.00864
29	0.02483	0.01191	0.01474	0.01130	0.01585	0.01154	0.00934	0.25269	0.02002	0.53427	0.02011	0.01795	0.01297	0.00713	0.00584	0.00178	0.00541	0.00565	0.00676	0.00989
30	0.01373	0.01569	0.03431	0.02451	0.03039	0.01471	0.73824	0.01863	0.01373	0.01863	0.01176	0.01569	0.00882	0.00490	0.00686	0.00196	0.00980	0.00686	0.00294	0.00784
31	0.02609	0.00990	0.01350	0.01035	0.01484	0.00855	0.00855	0.02834	0.01664	0.76338	0.02294	0.01979	0.01439	0.00720	0.00585	0.00180	0.00495	0.00585	0.00720	0.00990
32	0.00831	0.00623	0.00935	0.00935	0.01038	0.00727	0.00727	0.01038	0.00935	0.01350	0.01558	0.02285	0.01454	0.04361	0.77259	0.00935	0.01558	0.00623	0.00312	0.00519
33	0.00709	0.00506	0.00675	0.00810	0.00843	0.00472	0.00540	0.00810	0.01113	0.01484	0.03205	0.79184	0.03846	0.01822	0.00742	0.00236	0.00337	0.01653	0.00540	0.00472
34	0.00709	0.00506	0.00675	0.00810	0.00843	0.00472	0.00540	0.00810	0.01113	0.01484	0.03205	0.79184	0.03846	0.01822	0.00742	0.00236	0.00337	0.01653	0.00540	0.00472
35	0.00846	0.00564	0.00634	0.00634	0.00634	0.00564	0.00352	0.00846	0.00846	0.01128	0.01832	0.03805	0.02114	0.79563	0.02960	0.00564	0.00564	0.00846	0.00352	0.00352
36	0.00831	0.00623	0.00935	0.00935	0.01038	0.00727	0.00727	0.01038	0.00935	0.01350	0.01558	0.02285	0.01454	0.04361	0.77259	0.00935	0.01558	0.00623	0.00312	0.00519

[dist]
# distance from previous block
# <min> <max>
0	5

# created by:
# /software/SequenceAnalysis/GenePrediction/augustus/3.0.1/scripts/msa2prfl.pl ./fixed/BUSCOvEOG7V9W46.fas
