[name]
unknown

[dist]
# distance from previous block
# <min> <max>
5	51

[block]
# block no. 0 follows, 41 sequences, length 115
# corresponding to MSA columns:
# 51-165
name=unknown_A
#
# <colnr> <probs for GDERKNQSTAVLIFYWHMCP>
#	G	D	E	R	K	N	Q	S	T	A	V	L	I	F	Y	W	H	M	C	P
0	0.01513	0.76995	0.06104	0.01006	0.01510	0.02224	0.01026	0.01717	0.01164	0.01365	0.00805	0.00930	0.00734	0.00492	0.00374	0.00125	0.00622	0.00311	0.00245	0.00739
1	0.00726	0.00520	0.00693	0.00796	0.00851	0.00486	0.00551	0.00862	0.01192	0.01610	0.15192	0.63637	0.04027	0.01679	0.00724	0.00225	0.00331	0.04873	0.00547	0.00480
2	0.01381	0.01315	0.02236	0.06320	0.70204	0.01325	0.01712	0.01719	0.01297	0.01846	0.01160	0.01642	0.01006	0.00559	0.00576	0.00175	0.00676	0.03681	0.00293	0.00879
3	0.01624	0.01297	0.01383	0.01190	0.01546	0.01473	0.00941	0.17910	0.57297	0.05536	0.02126	0.01968	0.01572	0.00755	0.00580	0.00189	0.00491	0.00616	0.00585	0.00922
4	0.01345	0.01576	0.05120	0.02392	0.02977	0.01444	0.72542	0.01832	0.01347	0.01832	0.01154	0.01535	0.00864	0.00484	0.00672	0.00193	0.00961	0.00669	0.00288	0.00773
5	0.00742	0.00575	0.00676	0.00665	0.00817	0.00509	0.00493	0.00944	0.01439	0.01901	0.39592	0.11054	0.35851	0.01342	0.00680	0.00190	0.00284	0.01158	0.00579	0.00509
6	0.01253	0.14724	0.59440	0.01559	0.02316	0.04443	0.05079	0.01816	0.01223	0.01725	0.00991	0.01171	0.00733	0.00534	0.00521	0.00171	0.00822	0.00414	0.00246	0.00818
7	0.01387	0.01330	0.02270	0.09968	0.70099	0.01351	0.01741	0.01730	0.01289	0.01834	0.01071	0.01425	0.00894	0.00515	0.00567	0.00172	0.00687	0.00510	0.00281	0.00883
8	0.00697	0.00498	0.00664	0.00796	0.00830	0.00465	0.00531	0.00796	0.01095	0.01460	0.03153	0.79525	0.03783	0.01792	0.00730	0.00232	0.00332	0.01626	0.00531	0.00465
9	0.00994	0.00497	0.00745	0.00745	0.00745	0.00497	0.00497	0.00745	0.00745	0.00994	0.00994	0.01739	0.00994	0.01987	0.02235	0.83358	0.00497	0.00497	0.00248	0.00248
10	0.01187	0.01170	0.02067	0.50698	0.03412	0.01332	0.19133	0.01742	0.10167	0.01664	0.01209	0.01603	0.00907	0.00575	0.00598	0.00192	0.00774	0.00566	0.00302	0.00701
11	0.01147	0.02959	0.76934	0.01630	0.02476	0.01328	0.02113	0.01811	0.01208	0.01811	0.01026	0.01208	0.00725	0.00543	0.00543	0.00181	0.00845	0.00423	0.00242	0.00845
12	0.00810	0.00585	0.00765	0.00720	0.00855	0.00540	0.00540	0.01079	0.01619	0.02294	0.76028	0.04273	0.05397	0.01169	0.00675	0.00180	0.00270	0.01034	0.00630	0.00540
13	0.02137	0.02726	0.01621	0.01474	0.01768	0.77602	0.01105	0.02284	0.01621	0.01400	0.00884	0.01031	0.00737	0.00589	0.00516	0.00147	0.01031	0.00368	0.00295	0.00663
14	0.02385	0.01132	0.01412	0.01093	0.01524	0.01089	0.00898	0.22879	0.01913	0.53266	0.02042	0.04748	0.01382	0.00743	0.00580	0.00178	0.00521	0.00598	0.00663	0.00954
15	0.00697	0.00498	0.00664	0.00796	0.00830	0.00465	0.00531	0.00796	0.01095	0.01460	0.03153	0.79525	0.03783	0.01792	0.00730	0.00232	0.00332	0.01626	0.00531	0.00465
16	0.01416	0.01359	0.02322	0.03511	0.76330	0.01359	0.01755	0.01755	0.01302	0.01869	0.01076	0.01416	0.00906	0.00510	0.00566	0.00170	0.00680	0.00510	0.00283	0.00906
17	0.01157	0.04836	0.75138	0.01614	0.02451	0.01351	0.02086	0.01809	0.01207	0.01800	0.01021	0.01201	0.00725	0.00542	0.00539	0.00180	0.00840	0.00420	0.00242	0.00843
18	0.00867	0.00641	0.00846	0.00949	0.01094	0.00620	0.00814	0.01105	0.01314	0.01675	0.03640	0.06243	0.19381	0.01551	0.00765	0.00248	0.00474	0.56730	0.00528	0.00517
19	0.01321	0.01497	0.03256	0.02340	0.02894	0.01403	0.71005	0.01787	0.01339	0.01816	0.01245	0.04979	0.00996	0.00540	0.00677	0.00195	0.00936	0.00717	0.00300	0.00758
20	0.02566	0.00973	0.01327	0.01018	0.01460	0.00841	0.00841	0.02788	0.01637	0.76726	0.02257	0.01947	0.01416	0.00708	0.00575	0.00177	0.00487	0.00575	0.00708	0.00973
21	0.00697	0.00498	0.00664	0.00796	0.00830	0.00465	0.00531	0.00796	0.01095	0.01460	0.03153	0.79525	0.03783	0.01792	0.00730	0.00232	0.00332	0.01626	0.00531	0.00465
22	0.01350	0.01543	0.03375	0.02411	0.02989	0.01446	0.74253	0.01832	0.01350	0.01832	0.01157	0.01543	0.00868	0.00482	0.00675	0.00193	0.00964	0.00675	0.00289	0.00771
23	0.01451	0.01243	0.01309	0.01170	0.01498	0.01436	0.00912	0.05725	0.72565	0.02438	0.02292	0.02105	0.01717	0.00773	0.00582	0.00193	0.00459	0.00642	0.00582	0.00908
24	0.00810	0.00585	0.00765	0.00720	0.00855	0.00540	0.00540	0.01079	0.01619	0.02294	0.76028	0.04273	0.05397	0.01169	0.00675	0.00180	0.00270	0.01034	0.00630	0.00540
25	0.01066	0.00533	0.00533	0.00533	0.00666	0.00533	0.00400	0.01333	0.01200	0.02132	0.01866	0.02132	0.01466	0.00666	0.00400	0.00133	0.00267	0.00533	0.83073	0.00533
26	0.00697	0.00498	0.00664	0.00796	0.00830	0.00465	0.00531	0.00796	0.01095	0.01460	0.03153	0.79525	0.03783	0.01792	0.00730	0.00232	0.00332	0.01626	0.00531	0.00465
27	0.01080	0.01017	0.01716	0.78523	0.03940	0.01271	0.01589	0.01461	0.01144	0.01461	0.01017	0.01525	0.00762	0.00572	0.00572	0.00191	0.00762	0.00508	0.00254	0.00635
28	0.83938	0.01106	0.00841	0.00752	0.01106	0.01283	0.00619	0.01681	0.00973	0.02566	0.00796	0.00929	0.00619	0.00531	0.00354	0.00177	0.00442	0.00310	0.00354	0.00619
29	0.01236	0.01064	0.01117	0.01019	0.01308	0.01185	0.00788	0.02482	0.56522	0.02195	0.04878	0.02960	0.18939	0.00940	0.00606	0.00193	0.00411	0.00785	0.00571	0.00799
30	0.01416	0.01359	0.02322	0.03511	0.76330	0.01359	0.01755	0.01755	0.01302	0.01869	0.01076	0.01416	0.00906	0.00510	0.00566	0.00170	0.00680	0.00510	0.00283	0.00906
31	0.01166	0.00661	0.00850	0.00762	0.00942	0.00605	0.00569	0.01373	0.01459	0.17367	0.42244	0.03741	0.08929	0.13412	0.03178	0.00259	0.00396	0.00909	0.00586	0.00594
32	0.01220	0.01211	0.01728	0.01476	0.01499	0.01657	0.03311	0.01361	0.00926	0.01430	0.03918	0.03597	0.01031	0.01015	0.01761	0.00245	0.71158	0.00559	0.00275	0.00622
33	0.04729	0.01276	0.02132	0.19312	0.57887	0.01337	0.01673	0.01690	0.01255	0.01811	0.01052	0.01419	0.00864	0.00524	0.00559	0.00175	0.00687	0.00501	0.00280	0.00837
34	0.01416	0.01359	0.02322	0.03511	0.76330	0.01359	0.01755	0.01755	0.01302	0.01869	0.01076	0.01416	0.00906	0.00510	0.00566	0.00170	0.00680	0.00510	0.00283	0.00906
35	0.01066	0.00533	0.00533	0.00533	0.00666	0.00533	0.00400	0.01333	0.01200	0.02132	0.01866	0.02132	0.01466	0.00666	0.00400	0.00133	0.00267	0.00533	0.83073	0.00533
36	0.00817	0.00613	0.00919	0.00919	0.01021	0.00715	0.00715	0.01021	0.00919	0.01328	0.01532	0.02247	0.01430	0.04290	0.77631	0.00919	0.01532	0.00613	0.00306	0.00511
37	0.00702	0.00500	0.00662	0.00790	0.00822	0.00468	0.00524	0.00798	0.01086	0.01448	0.03105	0.76848	0.03723	0.04551	0.00807	0.00244	0.00340	0.01598	0.00524	0.00460
38	0.02182	0.00977	0.01257	0.01008	0.01396	0.00905	0.00816	0.05104	0.11001	0.55495	0.05885	0.05157	0.04530	0.00807	0.00590	0.00182	0.00464	0.00668	0.00670	0.00906
39	0.01852	0.01386	0.01451	0.01154	0.01539	0.04335	0.00931	0.51272	0.02246	0.05798	0.02029	0.05333	0.10683	0.03599	0.00667	0.00187	0.00574	0.00652	0.00544	0.03767
40	0.01241	0.14130	0.63310	0.01530	0.02302	0.04430	0.01910	0.01816	0.01217	0.01728	0.00987	0.01159	0.00726	0.00537	0.00517	0.00171	0.00819	0.00404	0.00244	0.00822
41	0.49358	0.03047	0.16321	0.01054	0.01522	0.01299	0.04436	0.06611	0.01205	0.05280	0.02743	0.01266	0.02610	0.00584	0.00445	0.00178	0.00558	0.00411	0.00365	0.00707
42	0.01279	0.00898	0.01062	0.00954	0.01206	0.00878	0.00720	0.16086	0.06872	0.08082	0.02308	0.38935	0.02392	0.01182	0.00624	0.00188	0.00428	0.01033	0.00525	0.14347
43	0.01416	0.01359	0.02322	0.03511	0.76330	0.01359	0.01755	0.01755	0.01302	0.01869	0.01076	0.01416	0.00906	0.00510	0.00566	0.00170	0.00680	0.00510	0.00283	0.00906
44	0.01322	0.01376	0.01778	0.01517	0.01566	0.08387	0.03784	0.01464	0.00959	0.01393	0.00795	0.01266	0.00770	0.01025	0.03517	0.00255	0.67440	0.00498	0.00257	0.00631
45	0.00828	0.00571	0.00706	0.00706	0.00734	0.00599	0.00449	0.00885	0.00856	0.01170	0.01727	0.03327	0.01899	0.58855	0.23707	0.00656	0.00827	0.00771	0.00335	0.00392
46	0.01251	0.01251	0.01752	0.01502	0.01502	0.01752	0.01251	0.01377	0.00876	0.01377	0.00751	0.01251	0.00751	0.01001	0.01877	0.00250	0.78851	0.00501	0.00250	0.00626
47	0.01163	0.06078	0.73950	0.01604	0.02435	0.01366	0.02068	0.01807	0.01206	0.01793	0.01017	0.01196	0.00725	0.00541	0.00536	0.00179	0.00836	0.00418	0.00242	0.00841
48	0.02566	0.00973	0.01327	0.01018	0.01460	0.00841	0.00841	0.02788	0.01637	0.76726	0.02257	0.01947	0.01416	0.00708	0.00575	0.00177	0.00487	0.00575	0.00708	0.00973
49	0.02137	0.02726	0.01621	0.01474	0.01768	0.77602	0.01105	0.02284	0.01621	0.01400	0.00884	0.01031	0.00737	0.00589	0.00516	0.00147	0.01031	0.00368	0.00295	0.00663
50	0.01147	0.02959	0.76934	0.01630	0.02476	0.01328	0.02113	0.01811	0.01208	0.01811	0.01026	0.01208	0.00725	0.00543	0.00543	0.00181	0.00845	0.00423	0.00242	0.00845
51	0.01529	0.80242	0.02997	0.00979	0.01468	0.02263	0.00979	0.01713	0.01162	0.01346	0.00795	0.00918	0.00734	0.00489	0.00367	0.00122	0.00612	0.00306	0.00245	0.00734
52	0.01066	0.00533	0.00533	0.00533	0.00666	0.00533	0.00400	0.01333	0.01200	0.02132	0.01866	0.02132	0.01466	0.00666	0.00400	0.00133	0.00267	0.00533	0.83073	0.00533
53	0.00676	0.00579	0.00579	0.00579	0.00773	0.00483	0.00435	0.00821	0.01304	0.01545	0.05794	0.05505	0.76098	0.01449	0.00676	0.00193	0.00290	0.01207	0.00531	0.00483
54	0.02319	0.01370	0.01573	0.01206	0.01658	0.01429	0.00996	0.47973	0.02301	0.30603	0.01699	0.01585	0.01136	0.00695	0.00573	0.00174	0.00577	0.00537	0.00622	0.00973
55	0.01374	0.01370	0.02496	0.09410	0.54828	0.01370	0.17147	0.01748	0.01300	0.01828	0.01088	0.01452	0.00886	0.00509	0.00590	0.00176	0.00747	0.00545	0.00282	0.00855
56	0.83938	0.01106	0.00841	0.00752	0.01106	0.01283	0.00619	0.01681	0.00973	0.02566	0.00796	0.00929	0.00619	0.00531	0.00354	0.00177	0.00442	0.00310	0.00354	0.00619
57	0.83938	0.01106	0.00841	0.00752	0.01106	0.01283	0.00619	0.01681	0.00973	0.02566	0.00796	0.00929	0.00619	0.00531	0.00354	0.00177	0.00442	0.00310	0.00354	0.00619
58	0.01319	0.01138	0.01194	0.01083	0.01388	0.01292	0.00840	0.02730	0.64983	0.02275	0.02811	0.02604	0.12110	0.00870	0.00595	0.00194	0.00430	0.00725	0.00575	0.00846
59	0.00697	0.00498	0.00664	0.00796	0.00830	0.00465	0.00531	0.00796	0.01095	0.01460	0.03153	0.79525	0.03783	0.01792	0.00730	0.00232	0.00332	0.01626	0.00531	0.00465
60	0.01531	0.00744	0.00996	0.00842	0.01103	0.00663	0.00663	0.01781	0.01627	0.32868	0.45725	0.03317	0.03762	0.00980	0.00634	0.00179	0.00359	0.00846	0.00662	0.00718
61	0.00840	0.00690	0.00754	0.00724	0.00922	0.00657	0.00551	0.01264	0.13616	0.01885	0.23524	0.04648	0.43593	0.01268	0.00663	0.00191	0.00317	0.02760	0.00565	0.00569
62	0.01186	0.01017	0.01186	0.00847	0.01356	0.00762	0.00678	0.01440	0.01186	0.01864	0.01017	0.01186	0.00847	0.00424	0.00424	0.00085	0.00424	0.00339	0.00339	0.83395
63	0.01080	0.01017	0.01716	0.78523	0.03940	0.01271	0.01589	0.01461	0.01144	0.01461	0.01017	0.01525	0.00762	0.00572	0.00572	0.00191	0.00762	0.00508	0.00254	0.00635
64	0.01955	0.26319	0.02053	0.01304	0.01677	0.45894	0.01064	0.10341	0.01602	0.01635	0.00913	0.01036	0.00763	0.00570	0.00477	0.00142	0.00857	0.00366	0.00311	0.00720
65	0.04560	0.01292	0.01431	0.01171	0.01535	0.01399	0.00962	0.47908	0.04011	0.07114	0.08287	0.05564	0.01793	0.00882	0.00607	0.00187	0.00554	0.09325	0.00570	0.00846
66	0.01492	0.58087	0.07830	0.01071	0.01527	0.08668	0.01045	0.01765	0.04324	0.01446	0.01073	0.04674	0.01008	0.00613	0.00434	0.00142	0.00643	0.03148	0.00286	0.00723
67	0.01147	0.02959	0.76934	0.01630	0.02476	0.01328	0.02113	0.01811	0.01208	0.01811	0.01026	0.01208	0.00725	0.00543	0.00543	0.00181	0.00845	0.00423	0.00242	0.00845
68	0.01185	0.01268	0.00968	0.00917	0.01151	0.22685	0.00696	0.01495	0.09452	0.01602	0.03906	0.03892	0.43673	0.01134	0.00624	0.00183	0.00529	0.03587	0.00469	0.00582
69	0.02092	0.02662	0.05183	0.01470	0.01802	0.68914	0.01152	0.07101	0.01673	0.01567	0.00924	0.01063	0.00752	0.00594	0.00521	0.00151	0.00996	0.00381	0.00311	0.00692
70	0.02226	0.04671	0.14296	0.01135	0.01644	0.01032	0.01073	0.04655	0.04345	0.55878	0.01963	0.01768	0.01269	0.00673	0.00561	0.00176	0.00556	0.00539	0.00600	0.00939
71	0.00706	0.00505	0.00672	0.00790	0.00832	0.00471	0.00532	0.00819	0.01138	0.01528	0.09059	0.73425	0.03914	0.01742	0.00726	0.00228	0.00327	0.01578	0.00539	0.00471
72	0.01106	0.01060	0.01850	0.66769	0.06738	0.01266	0.07705	0.01486	0.01166	0.01509	0.01093	0.03776	0.00865	0.00597	0.00585	0.00191	0.00764	0.00555	0.00266	0.00653
73	0.01529	0.80242	0.02997	0.00979	0.01468	0.02263	0.00979	0.01713	0.01162	0.01346	0.00795	0.00918	0.00734	0.00489	0.00367	0.00122	0.00612	0.00306	0.00245	0.00734
74	0.00817	0.00613	0.00919	0.00919	0.01021	0.00715	0.00715	0.01021	0.00919	0.01328	0.01532	0.02247	0.01430	0.04290	0.77631	0.00919	0.01532	0.00613	0.00306	0.00511
75	0.62284	0.01092	0.00977	0.00833	0.01207	0.01204	0.00685	0.03404	0.03618	0.18340	0.01169	0.01194	0.00833	0.00580	0.00413	0.00177	0.00456	0.00381	0.00441	0.00711
76	0.01416	0.01359	0.02322	0.03511	0.76330	0.01359	0.01755	0.01755	0.01302	0.01869	0.01076	0.01416	0.00906	0.00510	0.00566	0.00170	0.00680	0.00510	0.00283	0.00906
77	0.01225	0.01184	0.01892	0.54825	0.20888	0.04176	0.03213	0.02894	0.01232	0.01602	0.01035	0.01478	0.00802	0.00558	0.00571	0.00184	0.00755	0.00507	0.00269	0.00709
78	0.02174	0.01602	0.01717	0.01316	0.01774	0.01774	0.01087	0.74423	0.02689	0.03605	0.01373	0.01373	0.00973	0.00687	0.00572	0.00172	0.00629	0.00515	0.00572	0.00973
79	0.01066	0.00693	0.00873	0.00891	0.01023	0.00679	0.00650	0.10311	0.01372	0.08251	0.05559	0.54053	0.03221	0.03002	0.00740	0.00226	0.00397	0.05864	0.00551	0.00577
80	0.01199	0.01028	0.01224	0.04989	0.01501	0.00809	0.00734	0.02840	0.01213	0.01876	0.01023	0.01208	0.00845	0.00437	0.00434	0.00092	0.00446	0.00351	0.00339	0.77412
81	0.77379	0.01154	0.00890	0.00789	0.01145	0.03798	0.00646	0.01754	0.01026	0.06029	0.00868	0.00981	0.00661	0.00541	0.00370	0.00176	0.00464	0.00324	0.00369	0.00638
82	0.04228	0.00787	0.00930	0.00818	0.01034	0.00777	0.00635	0.13054	0.01739	0.05958	0.50773	0.03687	0.11191	0.01072	0.00641	0.00180	0.00347	0.00918	0.00604	0.00628
83	0.07508	0.05482	0.01705	0.11382	0.08330	0.47179	0.01182	0.07588	0.01551	0.01694	0.00945	0.01141	0.00764	0.00580	0.00514	0.00158	0.00878	0.00403	0.00312	0.00704
84	0.01485	0.71309	0.11544	0.01054	0.01585	0.02155	0.01110	0.01724	0.01167	0.01400	0.00822	0.00951	0.00733	0.00496	0.00387	0.00129	0.00639	0.00319	0.00244	0.00747
85	0.00822	0.00550	0.00627	0.00637	0.00639	0.00548	0.00360	0.00829	0.00851	0.01135	0.01902	0.09367	0.02206	0.74101	0.02749	0.00531	0.00538	0.00891	0.00360	0.00355
86	0.00994	0.00497	0.00745	0.00745	0.00745	0.00497	0.00497	0.00745	0.00745	0.00994	0.00994	0.01739	0.00994	0.01987	0.02235	0.83358	0.00497	0.00497	0.00248	0.00248
87	0.00694	0.00520	0.00645	0.00740	0.00816	0.00471	0.00507	0.00809	0.01159	0.01500	0.05434	0.59248	0.21998	0.01692	0.00715	0.00221	0.00320	0.01508	0.00533	0.00471
88	0.83938	0.01106	0.00841	0.00752	0.01106	0.01283	0.00619	0.01681	0.00973	0.02566	0.00796	0.00929	0.00619	0.00531	0.00354	0.00177	0.00442	0.00310	0.00354	0.00619
89	0.00710	0.00581	0.00627	0.00615	0.00794	0.00497	0.00462	0.00887	0.01385	0.01737	0.23790	0.05189	0.57983	0.01377	0.00676	0.00190	0.00285	0.01163	0.00556	0.00497
90	0.02150	0.02316	0.01546	0.01373	0.01695	0.58787	0.01045	0.02428	0.07550	0.13930	0.01227	0.01271	0.00930	0.00624	0.00531	0.00156	0.00895	0.00425	0.00386	0.00734
91	0.01529	0.80242	0.02997	0.00979	0.01468	0.02263	0.00979	0.01713	0.01162	0.01346	0.00795	0.00918	0.00734	0.00489	0.00367	0.00122	0.00612	0.00306	0.00245	0.00734
92	0.00865	0.00639	0.00844	0.00948	0.01091	0.00617	0.00811	0.01100	0.01310	0.01672	0.03619	0.07636	0.18772	0.01556	0.00765	0.00248	0.00473	0.55992	0.00528	0.00516
93	0.00892	0.00606	0.00788	0.00739	0.00892	0.00556	0.00563	0.01152	0.01591	0.05835	0.65805	0.04312	0.08960	0.01178	0.00674	0.00184	0.00291	0.03800	0.00624	0.00557
94	0.01599	0.04224	0.01640	0.05324	0.16926	0.11286	0.01140	0.04560	0.37529	0.07085	0.01737	0.01739	0.01317	0.00671	0.00561	0.00179	0.00602	0.00556	0.00464	0.00862
95	0.01158	0.05144	0.74844	0.01612	0.02447	0.01355	0.02081	0.01809	0.01206	0.01798	0.01020	0.01199	0.00725	0.00542	0.00538	0.00179	0.00839	0.00419	0.00242	0.00842
96	0.83938	0.01106	0.00841	0.00752	0.01106	0.01283	0.00619	0.01681	0.00973	0.02566	0.00796	0.00929	0.00619	0.00531	0.00354	0.00177	0.00442	0.00310	0.00354	0.00619
97	0.01402	0.01398	0.02546	0.03277	0.60746	0.01378	0.17161	0.01772	0.01313	0.01861	0.01093	0.01443	0.00898	0.00504	0.00589	0.00175	0.00740	0.00545	0.00284	0.00877
98	0.00829	0.00567	0.00687	0.00687	0.00708	0.00589	0.00425	0.00872	0.00850	0.01156	0.01745	0.03425	0.01941	0.63832	0.18789	0.00632	0.00762	0.00785	0.00338	0.00381
99	0.00806	0.00588	0.00781	0.02976	0.00941	0.00553	0.00569	0.01061	0.01550	0.02182	0.66203	0.12101	0.05094	0.01218	0.00677	0.00186	0.00291	0.01081	0.00608	0.00535
100	0.01529	0.80242	0.02997	0.00979	0.01468	0.02263	0.00979	0.01713	0.01162	0.01346	0.00795	0.00918	0.00734	0.00489	0.00367	0.00122	0.00612	0.00306	0.00245	0.00734
101	0.00796	0.00584	0.00746	0.00705	0.00846	0.00534	0.00529	0.01053	0.01587	0.02218	0.68902	0.04398	0.12571	0.01198	0.00675	0.00181	0.00272	0.01052	0.00620	0.00534
102	0.01986	0.02474	0.01643	0.01478	0.01723	0.64659	0.01130	0.02129	0.01494	0.01396	0.00861	0.01069	0.00739	0.00660	0.00748	0.00165	0.14311	0.00391	0.00287	0.00657
103	0.66564	0.01212	0.01027	0.00872	0.01248	0.01387	0.00719	0.17138	0.01338	0.02787	0.00919	0.01024	0.00695	0.00564	0.00400	0.00176	0.00482	0.00353	0.00400	0.00695
104	0.00986	0.00679	0.00961	0.00905	0.01079	0.00630	0.05203	0.01208	0.01383	0.08227	0.26446	0.14069	0.13525	0.06158	0.00836	0.00229	0.00413	0.15953	0.00550	0.00559
105	0.02027	0.01031	0.01287	0.01004	0.01433	0.00935	0.00815	0.05013	0.12741	0.44496	0.04424	0.01871	0.01462	0.00672	0.00547	0.00160	0.00466	0.00549	0.00603	0.18463
106	0.00713	0.00569	0.00639	0.00647	0.00802	0.00495	0.00475	0.00883	0.01353	0.01722	0.23162	0.16137	0.47530	0.01429	0.00684	0.00196	0.00291	0.01225	0.00556	0.00495
107	0.02023	0.01631	0.01750	0.01374	0.01781	0.07208	0.03843	0.56487	0.06693	0.03131	0.01337	0.01390	0.00980	0.00702	0.00676	0.00178	0.06870	0.00517	0.00517	0.00911
108	0.00830	0.00563	0.00668	0.00668	0.00683	0.00578	0.00401	0.00860	0.00845	0.01141	0.01762	0.03522	0.01983	0.68710	0.13968	0.00609	0.00699	0.00799	0.00341	0.00371
109	0.00759	0.00521	0.00650	0.00723	0.00747	0.00500	0.00458	0.00808	0.00988	0.01312	0.02632	0.45791	0.05074	0.31114	0.01609	0.03761	0.00421	0.01270	0.00450	0.00412
110	0.02074	0.02626	0.01588	0.01447	0.01733	0.73972	0.01087	0.02224	0.01588	0.01396	0.00915	0.01089	0.00770	0.00764	0.04156	0.00184	0.01055	0.00380	0.00295	0.00656
111	0.00994	0.00497	0.00745	0.00745	0.00745	0.00497	0.00497	0.00745	0.00745	0.00994	0.00994	0.01739	0.00994	0.01987	0.02235	0.83358	0.00497	0.00497	0.00248	0.00248
112	0.01516	0.77529	0.05593	0.01002	0.01503	0.02230	0.01019	0.01716	0.01164	0.01362	0.00803	0.00928	0.00734	0.00491	0.00373	0.00124	0.00620	0.00310	0.00245	0.00738
113	0.01144	0.01097	0.01779	0.67943	0.03671	0.02850	0.04312	0.02966	0.01177	0.01513	0.01011	0.01496	0.00770	0.00597	0.00652	0.00193	0.05410	0.00512	0.00263	0.00647
114	0.05299	0.01129	0.01398	0.01073	0.01518	0.01075	0.00886	0.19707	0.01848	0.54119	0.01952	0.01748	0.01263	0.00687	0.00561	0.00172	0.00517	0.00543	0.00650	0.03854

[dist]
# distance from previous block
# <min> <max>
0	3

[block]
# block no. 1 follows, 41 sequences, length 12
# corresponding to MSA columns:
# 169-180
name=unknown_B
#
# <colnr> <probs for GDERKNQSTAVLIFYWHMCP>
#	G	D	E	R	K	N	Q	S	T	A	V	L	I	F	Y	W	H	M	C	P
0	0.01186	0.01017	0.01186	0.00847	0.01356	0.00762	0.00678	0.01440	0.01186	0.01864	0.01017	0.01186	0.00847	0.00424	0.00424	0.00085	0.00424	0.00339	0.00339	0.83395
1	0.01944	0.05999	0.01620	0.01361	0.01688	0.48294	0.01050	0.09845	0.19004	0.01857	0.01269	0.01320	0.00998	0.00638	0.00530	0.00160	0.00834	0.00446	0.00388	0.00755
2	0.83938	0.01106	0.00841	0.00752	0.01106	0.01283	0.00619	0.01681	0.00973	0.02566	0.00796	0.00929	0.00619	0.00531	0.00354	0.00177	0.00442	0.00310	0.00354	0.00619
3	0.67210	0.01131	0.00932	0.00836	0.01183	0.01311	0.00677	0.01957	0.16041	0.02531	0.01107	0.01173	0.00848	0.00581	0.00400	0.00180	0.00445	0.00378	0.00400	0.00677
4	0.01465	0.01447	0.02226	0.03264	0.67790	0.06575	0.01672	0.01851	0.04727	0.01861	0.01120	0.01422	0.00933	0.00527	0.00564	0.00169	0.00693	0.00506	0.00298	0.00889
5	0.01125	0.01073	0.01845	0.67845	0.11162	0.01287	0.04616	0.01506	0.01168	0.01518	0.01028	0.01515	0.00781	0.00562	0.00576	0.00189	0.00763	0.00515	0.00259	0.00668
6	0.01163	0.02863	0.72479	0.01743	0.06886	0.01330	0.02092	0.01808	0.01213	0.01815	0.01029	0.01220	0.00735	0.00541	0.00545	0.00180	0.00835	0.00428	0.00244	0.00849
7	0.02146	0.02462	0.01643	0.01437	0.01770	0.59802	0.01101	0.19218	0.01872	0.01917	0.00999	0.01112	0.00792	0.00612	0.00529	0.00153	0.00937	0.00403	0.00360	0.00736
8	0.01066	0.00533	0.00533	0.00533	0.00666	0.00533	0.00400	0.01333	0.01200	0.02132	0.01866	0.02132	0.01466	0.00666	0.00400	0.00133	0.00267	0.00533	0.83073	0.00533
9	0.01347	0.00705	0.00930	0.00805	0.01038	0.00630	0.00628	0.01596	0.01609	0.25324	0.49683	0.03613	0.07668	0.01040	0.00644	0.00180	0.00338	0.00901	0.00649	0.00671
10	0.01102	0.00629	0.00825	0.00844	0.00971	0.00586	0.00604	0.03240	0.01256	0.15323	0.06616	0.51899	0.03227	0.06658	0.00840	0.00240	0.00386	0.03625	0.00557	0.00570
11	0.00785	0.00535	0.00638	0.00684	0.00695	0.00523	0.00410	0.00820	0.00923	0.01231	0.02270	0.29969	0.02669	0.52867	0.02156	0.00443	0.00477	0.01107	0.00410	0.00387

[dist]
# distance from previous block
# <min> <max>
0	2

[block]
# block no. 2 follows, 41 sequences, length 24
# corresponding to MSA columns:
# 183-206
name=unknown_C
#
# <colnr> <probs for GDERKNQSTAVLIFYWHMCP>
#	G	D	E	R	K	N	Q	S	T	A	V	L	I	F	Y	W	H	M	C	P
0	0.02143	0.01473	0.01618	0.01252	0.01690	0.01601	0.01030	0.60276	0.05238	0.12424	0.04310	0.01580	0.01221	0.00711	0.00577	0.00173	0.00592	0.00547	0.00591	0.00954
1	0.02378	0.01045	0.01344	0.01055	0.01481	0.00977	0.00864	0.06732	0.12450	0.61884	0.02219	0.01943	0.01440	0.00717	0.00576	0.00179	0.00490	0.00582	0.00682	0.00963
2	0.01342	0.01598	0.06224	0.02381	0.02969	0.01442	0.71459	0.01831	0.01345	0.01831	0.01152	0.01530	0.00862	0.00485	0.00670	0.00192	0.00960	0.00665	0.00287	0.00774
3	0.83938	0.01106	0.00841	0.00752	0.01106	0.01283	0.00619	0.01681	0.00973	0.02566	0.00796	0.00929	0.00619	0.00531	0.00354	0.00177	0.00442	0.00310	0.00354	0.00619
4	0.01416	0.01359	0.02322	0.03511	0.76330	0.01359	0.01755	0.01755	0.01302	0.01869	0.01076	0.01416	0.00906	0.00510	0.00566	0.00170	0.00680	0.00510	0.00283	0.00906
5	0.00994	0.00497	0.00745	0.00745	0.00745	0.00497	0.00497	0.00745	0.00745	0.00994	0.00994	0.01739	0.00994	0.01987	0.02235	0.83358	0.00497	0.00497	0.00248	0.00248
6	0.01706	0.01329	0.01428	0.01173	0.01496	0.05461	0.00944	0.44928	0.02112	0.02826	0.11184	0.05723	0.01732	0.01298	0.11065	0.00278	0.03357	0.00643	0.00516	0.00800
7	0.01491	0.75980	0.02878	0.00965	0.01435	0.02171	0.00955	0.01679	0.01187	0.01396	0.04821	0.01097	0.00984	0.00526	0.00383	0.00125	0.00593	0.00345	0.00265	0.00724
8	0.01166	0.06791	0.73268	0.01598	0.02426	0.01375	0.02057	0.01807	0.01205	0.01788	0.01015	0.01193	0.00725	0.00541	0.00535	0.00178	0.00834	0.00417	0.00242	0.00840
9	0.01313	0.02644	0.00983	0.00814	0.01049	0.00693	0.00639	0.03701	0.01630	0.21413	0.49708	0.03565	0.07462	0.01033	0.00639	0.00178	0.00346	0.00891	0.00634	0.00666
10	0.01066	0.00533	0.00533	0.00533	0.00666	0.00533	0.00400	0.01333	0.01200	0.02132	0.01866	0.02132	0.01466	0.00666	0.00400	0.00133	0.00267	0.00533	0.83073	0.00533
11	0.05551	0.01047	0.01670	0.69018	0.03626	0.01305	0.01509	0.03412	0.01164	0.01574	0.01003	0.01477	0.00760	0.00591	0.00616	0.00192	0.04075	0.00498	0.00268	0.00643
12	0.02100	0.01565	0.01675	0.01301	0.01745	0.01739	0.01069	0.67362	0.09871	0.03485	0.01468	0.01449	0.01049	0.00695	0.00573	0.00174	0.00612	0.00528	0.00573	0.00966
13	0.01716	0.01267	0.01515	0.01218	0.01576	0.01354	0.05657	0.42046	0.07684	0.06395	0.10768	0.12456	0.01964	0.00890	0.00614	0.00184	0.00547	0.00752	0.00562	0.00833
14	0.01416	0.01359	0.02322	0.03511	0.76330	0.01359	0.01755	0.01755	0.01302	0.01869	0.01076	0.01416	0.00906	0.00510	0.00566	0.00170	0.00680	0.00510	0.00283	0.00906
15	0.01148	0.01085	0.01837	0.63458	0.18479	0.01289	0.01622	0.01520	0.01176	0.01543	0.01029	0.01503	0.00791	0.00559	0.00571	0.00186	0.00746	0.00509	0.00260	0.00690
16	0.00817	0.00613	0.00919	0.00919	0.01021	0.00715	0.00715	0.01021	0.00919	0.01328	0.01532	0.02247	0.01430	0.04290	0.77631	0.00919	0.01532	0.00613	0.00306	0.00511
17	0.00683	0.00580	0.00589	0.00587	0.00777	0.00486	0.00440	0.00834	0.01320	0.01584	0.09430	0.05441	0.72438	0.01434	0.00676	0.00192	0.00289	0.01198	0.00536	0.00486
18	0.01066	0.00533	0.00533	0.00533	0.00666	0.00533	0.00400	0.01333	0.01200	0.02132	0.01866	0.02132	0.01466	0.00666	0.00400	0.00133	0.00267	0.00533	0.83073	0.00533
19	0.01147	0.02959	0.76934	0.01630	0.02476	0.01328	0.02113	0.01811	0.01208	0.01811	0.01026	0.01208	0.00725	0.00543	0.00543	0.00181	0.00845	0.00423	0.00242	0.00845
20	0.00829	0.00564	0.00674	0.00674	0.00691	0.00582	0.00409	0.00864	0.00847	0.01146	0.01757	0.03490	0.01970	0.67106	0.15553	0.00616	0.00720	0.00795	0.00340	0.00374
21	0.00963	0.00787	0.00867	0.00840	0.01039	0.00806	0.00628	0.03319	0.24029	0.01930	0.12793	0.20002	0.27251	0.01262	0.00656	0.00200	0.00354	0.01086	0.00560	0.00628
22	0.00676	0.00579	0.00579	0.00579	0.00773	0.00483	0.00435	0.00821	0.01304	0.01545	0.05794	0.05505	0.76098	0.01449	0.00676	0.00193	0.00290	0.01207	0.00531	0.00483
23	0.01186	0.01017	0.01186	0.00847	0.01356	0.00762	0.00678	0.01440	0.01186	0.01864	0.01017	0.01186	0.00847	0.00424	0.00424	0.00085	0.00424	0.00339	0.00339	0.83395

[dist]
# distance from previous block
# <min> <max>
0	1

# created by:
# /software/SequenceAnalysis/GenePrediction/augustus/3.0.1/scripts/msa2prfl.pl ./fixed/BUSCOvEOG7XSN4W.fas
