[name]
unknown

[dist]
# distance from previous block
# <min> <max>
8	173

[block]
# block no. 0 follows, 40 sequences, length 9
# corresponding to MSA columns:
# 182-190
name=unknown_A
#
# <colnr> <probs for GDERKNQSTAVLIFYWHMCP>
#	G	D	E	R	K	N	Q	S	T	A	V	L	I	F	Y	W	H	M	C	P
0	0.01952	0.05068	0.01630	0.01250	0.01643	0.07742	0.01016	0.46157	0.09784	0.05820	0.01493	0.01604	0.01134	0.03550	0.07241	0.00251	0.00724	0.00537	0.00520	0.00884
1	0.01196	0.01292	0.07045	0.49652	0.15474	0.01347	0.10020	0.01599	0.01209	0.01618	0.01052	0.01504	0.00808	0.00572	0.00633	0.00192	0.03269	0.00531	0.00266	0.00721
2	0.01510	0.01209	0.01339	0.06065	0.01568	0.04977	0.00942	0.32977	0.01877	0.02469	0.04231	0.20402	0.07759	0.01084	0.00726	0.00200	0.05763	0.03655	0.00512	0.00736
3	0.01270	0.23472	0.56991	0.01481	0.02244	0.01603	0.01842	0.01815	0.01215	0.01716	0.00981	0.01149	0.00739	0.00538	0.00505	0.00168	0.00796	0.00398	0.00246	0.00829
4	0.01936	0.01432	0.01557	0.01219	0.01639	0.01559	0.00997	0.55672	0.05927	0.03222	0.01455	0.01523	0.01078	0.00925	0.05689	0.00217	0.00654	0.00524	0.05342	0.07431
5	0.01220	0.13585	0.66441	0.01566	0.02376	0.01481	0.01990	0.01828	0.01221	0.01777	0.01011	0.01187	0.00738	0.00545	0.00528	0.00176	0.00827	0.00413	0.00246	0.00844
6	0.00772	0.00626	0.00689	0.00667	0.00851	0.00560	0.00502	0.01039	0.05297	0.01866	0.28620	0.05005	0.48744	0.01344	0.00682	0.00192	0.00297	0.01140	0.00576	0.00532
7	0.06118	0.00621	0.00774	0.00740	0.00883	0.00591	0.00553	0.01113	0.01561	0.02281	0.64959	0.10202	0.05043	0.01199	0.00670	0.00187	0.00291	0.01053	0.00614	0.00548
8	0.01206	0.01034	0.01206	0.00861	0.01378	0.00775	0.00689	0.01464	0.01206	0.01895	0.01034	0.01206	0.00861	0.00431	0.00431	0.00086	0.00431	0.00345	0.00345	0.83118

[dist]
# distance from previous block
# <min> <max>
0	3

[block]
# block no. 1 follows, 40 sequences, length 8
# corresponding to MSA columns:
# 194-201
name=unknown_B
#
# <colnr> <probs for GDERKNQSTAVLIFYWHMCP>
#	G	D	E	R	K	N	Q	S	T	A	V	L	I	F	Y	W	H	M	C	P
0	0.01383	0.01325	0.02259	0.15823	0.64120	0.01367	0.01757	0.01736	0.01298	0.01832	0.01084	0.01458	0.00897	0.00529	0.00577	0.00176	0.00705	0.00518	0.00283	0.00876
1	0.00937	0.00669	0.00937	0.01071	0.01205	0.00669	0.00937	0.01205	0.01339	0.01740	0.03079	0.06560	0.03347	0.01606	0.00803	0.00268	0.00535	0.72021	0.00535	0.00535
2	0.01383	0.01194	0.01255	0.01134	0.01452	0.01367	0.00881	0.02903	0.68777	0.02361	0.02659	0.02454	0.07914	0.00846	0.00600	0.00197	0.00446	0.00705	0.00587	0.00885
3	0.00823	0.00594	0.00777	0.00732	0.00869	0.00549	0.00549	0.01097	0.01646	0.02332	0.75629	0.04344	0.05487	0.01189	0.00686	0.00183	0.00274	0.01052	0.00640	0.00549
4	0.02211	0.01629	0.01745	0.01338	0.01803	0.01803	0.01105	0.73997	0.02734	0.03665	0.01396	0.01396	0.00989	0.00698	0.00582	0.00175	0.00640	0.00524	0.00582	0.00989
5	0.83671	0.01125	0.00855	0.00765	0.01125	0.01305	0.00630	0.01709	0.00990	0.02609	0.00810	0.00945	0.00630	0.00540	0.00360	0.00180	0.00450	0.00315	0.00360	0.00630
6	0.01439	0.01382	0.02360	0.03569	0.75936	0.01382	0.01785	0.01785	0.01324	0.01900	0.01094	0.01439	0.00921	0.00518	0.00576	0.00173	0.00691	0.00518	0.00288	0.00921
7	0.01439	0.01382	0.02360	0.03569	0.75936	0.01382	0.01785	0.01785	0.01324	0.01900	0.01094	0.01439	0.00921	0.00518	0.00576	0.00173	0.00691	0.00518	0.00288	0.00921

[dist]
# distance from previous block
# <min> <max>
0	1

[block]
# block no. 2 follows, 40 sequences, length 7
# corresponding to MSA columns:
# 203-209
name=unknown_C
#
# <colnr> <probs for GDERKNQSTAVLIFYWHMCP>
#	G	D	E	R	K	N	Q	S	T	A	V	L	I	F	Y	W	H	M	C	P
0	0.01512	0.01282	0.01352	0.01197	0.01537	0.01477	0.00936	0.09208	0.68660	0.02539	0.02283	0.02103	0.01707	0.00781	0.00591	0.00195	0.00476	0.00646	0.00591	0.00926
1	0.01016	0.00760	0.00996	0.01088	0.01253	0.00790	0.00934	0.01499	0.12803	0.01848	0.02968	0.05875	0.03102	0.01479	0.00770	0.00257	0.00524	0.60898	0.00544	0.00595
2	0.83671	0.01125	0.00855	0.00765	0.01125	0.01305	0.00630	0.01709	0.00990	0.02609	0.00810	0.00945	0.00630	0.00540	0.00360	0.00180	0.00450	0.00315	0.00360	0.00630
3	0.00846	0.00564	0.00634	0.00634	0.00634	0.00564	0.00352	0.00846	0.00846	0.01128	0.01832	0.03805	0.02114	0.79563	0.02960	0.00564	0.00564	0.00846	0.00352	0.00352
4	0.01260	0.21520	0.58857	0.01498	0.02270	0.01579	0.01871	0.01817	0.01217	0.01728	0.00987	0.01157	0.00739	0.00539	0.00509	0.00170	0.00802	0.00401	0.00246	0.00832
5	0.00802	0.00594	0.00748	0.00709	0.00856	0.00540	0.00532	0.01056	0.01596	0.02213	0.64758	0.04539	0.16431	0.01233	0.00686	0.00185	0.00277	0.01079	0.00625	0.00540
6	0.01193	0.01034	0.01269	0.09915	0.01686	0.00836	0.00797	0.01467	0.01201	0.01847	0.01034	0.01246	0.00851	0.00448	0.00448	0.00099	0.00471	0.00365	0.00334	0.73460

[dist]
# distance from previous block
# <min> <max>
37	57

[block]
# block no. 3 follows, 40 sequences, length 18
# corresponding to MSA columns:
# 270-287
name=unknown_D
#
# <colnr> <probs for GDERKNQSTAVLIFYWHMCP>
#	G	D	E	R	K	N	Q	S	T	A	V	L	I	F	Y	W	H	M	C	P
0	0.18508	0.00810	0.00889	0.00818	0.01038	0.00836	0.00635	0.03961	0.07470	0.05442	0.41235	0.06917	0.05423	0.01030	0.00607	0.00188	0.00358	0.02642	0.00568	0.00624
1	0.01307	0.01247	0.02122	0.32409	0.48126	0.01347	0.01719	0.01669	0.01262	0.01740	0.01071	0.01482	0.00865	0.00543	0.00578	0.00181	0.00723	0.00518	0.00276	0.00815
2	0.01558	0.01368	0.02021	0.09674	0.43107	0.01420	0.01486	0.17625	0.05383	0.02275	0.01215	0.01459	0.00961	0.00570	0.00567	0.00169	0.00654	0.00512	0.00370	0.07606
3	0.02009	0.01479	0.01609	0.01242	0.01700	0.01582	0.01017	0.53531	0.09780	0.06455	0.01483	0.01473	0.01070	0.00671	0.00562	0.00165	0.00586	0.00515	0.00555	0.12516
4	0.57603	0.01318	0.01077	0.00927	0.01289	0.07344	0.00752	0.15067	0.01400	0.02695	0.05082	0.01225	0.00975	0.00610	0.00432	0.00177	0.00522	0.00399	0.00412	0.00695
5	0.01413	0.01355	0.02313	0.09279	0.70430	0.01375	0.01772	0.01762	0.01312	0.01868	0.01089	0.01448	0.00910	0.00523	0.00576	0.00174	0.00697	0.00518	0.00286	0.00900
6	0.01429	0.00818	0.01022	0.00957	0.01171	0.00799	0.00716	0.10480	0.06427	0.20965	0.02693	0.44677	0.02740	0.01332	0.00672	0.00212	0.00423	0.01174	0.00594	0.00698
7	0.01205	0.01142	0.01936	0.54886	0.26452	0.01320	0.01668	0.01579	0.01213	0.01615	0.01052	0.01516	0.00821	0.00562	0.00580	0.00187	0.00749	0.00517	0.00268	0.00732
8	0.01342	0.01473	0.03007	0.02165	0.02704	0.01394	0.58640	0.01775	0.01316	0.01836	0.01128	0.01498	0.00871	0.00518	0.00733	0.00185	0.06160	0.00626	0.00299	0.12329
9	0.01425	0.01425	0.02861	0.02204	0.06900	0.01379	0.52595	0.01930	0.06340	0.06963	0.01424	0.05930	0.01143	0.00624	0.00720	0.00198	0.04076	0.00714	0.00355	0.00792
10	0.00691	0.00575	0.00603	0.00626	0.00795	0.00488	0.00458	0.00830	0.01290	0.01557	0.05445	0.17807	0.63777	0.01531	0.00696	0.00203	0.00302	0.01298	0.00540	0.00488
11	0.01749	0.55599	0.02606	0.01154	0.01589	0.25917	0.01036	0.01924	0.01329	0.01386	0.00837	0.00969	0.00747	0.00530	0.00421	0.00132	0.00756	0.00331	0.00265	0.00724
12	0.00771	0.00592	0.00705	0.00677	0.00837	0.00526	0.00508	0.00996	0.01523	0.02039	0.48805	0.04826	0.32493	0.01298	0.00686	0.00188	0.00282	0.01119	0.00602	0.00526
13	0.01411	0.01353	0.02310	0.09646	0.70076	0.01374	0.01771	0.01760	0.01311	0.01866	0.01089	0.01448	0.00909	0.00523	0.00576	0.00174	0.00698	0.00518	0.00285	0.00899
14	0.02373	0.01074	0.05691	0.01045	0.01492	0.00858	0.00904	0.02628	0.01637	0.65689	0.08464	0.02137	0.01743	0.00750	0.00592	0.00180	0.00497	0.00615	0.00685	0.00945
15	0.05116	0.02918	0.72926	0.01615	0.02450	0.01348	0.02076	0.01835	0.01216	0.01878	0.01032	0.01214	0.00732	0.00552	0.00543	0.00184	0.00840	0.00424	0.00251	0.00848
16	0.00709	0.00506	0.00675	0.00810	0.00843	0.00472	0.00540	0.00810	0.01113	0.01484	0.03205	0.79184	0.03846	0.01822	0.00742	0.00236	0.00337	0.01653	0.00540	0.00472
17	0.01187	0.02862	0.69119	0.01738	0.02570	0.01363	0.09433	0.01844	0.01242	0.01844	0.01057	0.01262	0.00751	0.00546	0.00566	0.00185	0.00872	0.00456	0.00250	0.00852

[dist]
# distance from previous block
# <min> <max>
0	1

[block]
# block no. 4 follows, 40 sequences, length 46
# corresponding to MSA columns:
# 289-334
name=unknown_E
#
# <colnr> <probs for GDERKNQSTAVLIFYWHMCP>
#	G	D	E	R	K	N	Q	S	T	A	V	L	I	F	Y	W	H	M	C	P
0	0.01093	0.01001	0.01683	0.73342	0.03803	0.01243	0.01546	0.01440	0.01138	0.01456	0.01032	0.01564	0.00790	0.00671	0.00687	0.05358	0.00758	0.00516	0.00258	0.00621
1	0.01197	0.01265	0.02632	0.01966	0.02399	0.01228	0.50594	0.01595	0.01238	0.01703	0.01338	0.03669	0.01122	0.01658	0.23151	0.00414	0.01134	0.00691	0.00305	0.00699
2	0.59366	0.00969	0.00832	0.00755	0.01050	0.01083	0.00606	0.01530	0.01182	0.02528	0.22759	0.01942	0.02055	0.00730	0.00456	0.00181	0.00398	0.00531	0.00442	0.00606
3	0.83671	0.01125	0.00855	0.00765	0.01125	0.01305	0.00630	0.01709	0.00990	0.02609	0.00810	0.00945	0.00630	0.00540	0.00360	0.00180	0.00450	0.00315	0.00360	0.00630
4	0.01439	0.01382	0.02360	0.03569	0.75936	0.01382	0.01785	0.01785	0.01324	0.01900	0.01094	0.01439	0.00921	0.00518	0.00576	0.00173	0.00691	0.00518	0.00288	0.00921
5	0.01348	0.01491	0.03088	0.02219	0.02768	0.01407	0.61553	0.01792	0.01328	0.01842	0.01138	0.01511	0.00874	0.00512	0.00722	0.00187	0.05065	0.00638	0.00298	0.10220
6	0.00709	0.00506	0.00675	0.00810	0.00843	0.00472	0.00540	0.00810	0.01113	0.01484	0.03205	0.79184	0.03846	0.01822	0.00742	0.00236	0.00337	0.01653	0.00540	0.00472
7	0.00874	0.00731	0.00999	0.01020	0.01044	0.00856	0.00755	0.00983	0.01048	0.01460	0.02489	0.56327	0.02942	0.01586	0.01084	0.00242	0.23267	0.01317	0.00456	0.00520
8	0.01899	0.07225	0.02258	0.01746	0.02143	0.50335	0.22443	0.02151	0.01538	0.01549	0.00975	0.01194	0.00788	0.00561	0.00562	0.00162	0.01002	0.00462	0.00295	0.00711
9	0.00749	0.00523	0.00663	0.00758	0.00782	0.00499	0.00485	0.00820	0.01035	0.01380	0.02802	0.57070	0.03338	0.24628	0.01393	0.00332	0.00404	0.01416	0.00485	0.00437
10	0.00823	0.00594	0.00777	0.00732	0.00869	0.00549	0.00549	0.01097	0.01646	0.02332	0.75629	0.04344	0.05487	0.01189	0.00686	0.00183	0.00274	0.01052	0.00640	0.00549
11	0.00932	0.00723	0.00899	0.00767	0.01016	0.00614	0.00588	0.01199	0.01510	0.02187	0.52215	0.03451	0.05671	0.00973	0.00611	0.00155	0.00321	0.00848	0.00551	0.24770
12	0.00780	0.00725	0.00655	0.00646	0.00849	0.05272	0.00484	0.00927	0.01346	0.01562	0.05580	0.05313	0.71029	0.01418	0.00677	0.00193	0.00342	0.01174	0.00525	0.00502
13	0.83103	0.01156	0.00889	0.00798	0.01159	0.01328	0.00650	0.01739	0.01020	0.02645	0.00858	0.01011	0.00676	0.00571	0.00381	0.00188	0.00466	0.00331	0.00376	0.00654
14	0.01220	0.01126	0.01561	0.01420	0.01464	0.01475	0.01190	0.01375	0.01053	0.01544	0.01491	0.02888	0.01566	0.01218	0.01594	0.00266	0.55062	0.21503	0.00353	0.00631
15	0.00872	0.00630	0.00812	0.00765	0.00905	0.00578	0.00570	0.01132	0.01672	0.02370	0.75120	0.04385	0.05497	0.01215	0.00705	0.00191	0.00292	0.01062	0.00654	0.00573
16	0.01389	0.51256	0.02282	0.01003	0.01353	0.06449	0.00887	0.01534	0.01220	0.01451	0.01566	0.23963	0.01701	0.00924	0.00512	0.00168	0.00580	0.00725	0.00354	0.00685
17	0.02645	0.01022	0.01380	0.01065	0.01517	0.00882	0.00874	0.02856	0.01690	0.75825	0.02331	0.02038	0.01479	0.00750	0.00604	0.00188	0.00511	0.00599	0.00733	0.01011
18	0.58911	0.01129	0.00992	0.00826	0.01234	0.01173	0.00668	0.01667	0.01084	0.02435	0.00924	0.01088	0.00744	0.00539	0.00402	0.00161	0.00460	0.00340	0.00371	0.24853
19	0.01484	0.01411	0.02383	0.03581	0.75413	0.01405	0.01797	0.01814	0.01352	0.01941	0.01140	0.01502	0.00965	0.00550	0.00595	0.00181	0.00705	0.00533	0.00304	0.00943
20	0.01809	0.01327	0.01459	0.01212	0.01552	0.01433	0.00957	0.52018	0.02276	0.03053	0.01971	0.24279	0.01870	0.01058	0.00648	0.00201	0.00566	0.00870	0.00583	0.00859
21	0.01715	0.01391	0.01472	0.01258	0.01630	0.01574	0.00993	0.23911	0.53199	0.02831	0.02119	0.02000	0.01582	0.00792	0.00608	0.00199	0.00529	0.00632	0.00603	0.00963
22	0.00869	0.00553	0.00671	0.00764	0.00832	0.00522	0.00522	0.01006	0.01174	0.01729	0.02852	0.56074	0.03177	0.01508	0.00662	0.00215	0.00335	0.01333	0.24684	0.00518
23	0.01359	0.00986	0.01208	0.01180	0.01415	0.01030	0.01005	0.22593	0.01776	0.02347	0.02617	0.05070	0.02681	0.01363	0.00756	0.00248	0.00582	0.50529	0.00563	0.00693
24	0.59205	0.01304	0.01150	0.00966	0.01359	0.01474	0.00790	0.22946	0.01532	0.02955	0.01030	0.01144	0.00781	0.00617	0.00446	0.00187	0.00522	0.00392	0.00441	0.00759
25	0.25491	0.01259	0.01537	0.01330	0.01441	0.01661	0.01100	0.01523	0.00951	0.01799	0.00826	0.01240	0.00769	0.00905	0.01464	0.00241	0.55037	0.00467	0.00302	0.00658
26	0.01052	0.00821	0.00982	0.01027	0.01196	0.00856	0.00802	0.01652	0.22875	0.01900	0.03114	0.26694	0.07567	0.01445	0.00734	0.00241	0.00455	0.25366	0.00568	0.00652
27	0.00792	0.00568	0.00740	0.00819	0.00888	0.00524	0.00564	0.00931	0.01299	0.01777	0.24482	0.56712	0.04349	0.01658	0.00744	0.00229	0.00336	0.01483	0.00584	0.00520
28	0.00880	0.00656	0.00958	0.00956	0.01060	0.00749	0.00734	0.01067	0.00962	0.01387	0.01610	0.02394	0.01517	0.06992	0.74111	0.00925	0.01531	0.00645	0.00329	0.00538
29	0.00752	0.00567	0.00685	0.00777	0.00863	0.00507	0.00532	0.00854	0.01205	0.01554	0.04024	0.57080	0.24947	0.01741	0.00745	0.00233	0.00342	0.01534	0.00554	0.00503
30	0.00758	0.00542	0.00710	0.00842	0.00880	0.00502	0.00561	0.00846	0.01143	0.01529	0.03236	0.78668	0.03868	0.01844	0.00761	0.00244	0.00354	0.01659	0.00554	0.00498
31	0.83103	0.01156	0.00889	0.00798	0.01159	0.01328	0.00650	0.01739	0.01020	0.02645	0.00858	0.01011	0.00676	0.00571	0.00381	0.00188	0.00466	0.00331	0.00376	0.00654
32	0.01670	0.05218	0.01462	0.01305	0.01509	0.43804	0.00978	0.01791	0.01425	0.01481	0.01606	0.24053	0.01704	0.01025	0.00734	0.00193	0.08248	0.00776	0.00380	0.00638
33	0.00826	0.00604	0.00764	0.00774	0.00890	0.00550	0.00557	0.01023	0.01485	0.02049	0.47280	0.26459	0.11654	0.01428	0.00721	0.00208	0.00312	0.01255	0.00615	0.00546
34	0.01864	0.04534	0.23652	0.01534	0.02002	0.53324	0.01421	0.02168	0.01514	0.01545	0.00939	0.01099	0.00745	0.00583	0.00529	0.00159	0.00984	0.00389	0.00283	0.00730
35	0.01290	0.01179	0.01980	0.02797	0.51465	0.01176	0.04053	0.01617	0.01330	0.01852	0.01679	0.02946	0.01631	0.00836	0.00646	0.00201	0.00655	0.21500	0.00361	0.00803
36	0.01118	0.01613	0.23690	0.55721	0.03569	0.01309	0.01772	0.01590	0.01182	0.01590	0.01037	0.01456	0.00764	0.00573	0.00573	0.00191	0.00800	0.00491	0.00255	0.00709
37	0.01348	0.01751	0.23370	0.01310	0.01791	0.01397	0.01270	0.02675	0.51671	0.02240	0.02056	0.01968	0.03084	0.00735	0.00582	0.00193	0.00574	0.00603	0.00489	0.00893
38	0.00870	0.00621	0.00860	0.00994	0.01099	0.00612	0.00821	0.01089	0.01273	0.01665	0.03116	0.27865	0.03493	0.01670	0.00785	0.00258	0.00477	0.51378	0.00537	0.00517
39	0.01317	0.01289	0.01915	0.02084	0.23346	0.01601	0.01386	0.01517	0.01037	0.01577	0.00877	0.01317	0.00816	0.00835	0.01425	0.00220	0.50808	0.00501	0.00270	0.05859
40	0.01439	0.01382	0.02360	0.03569	0.75936	0.01382	0.01785	0.01785	0.01324	0.01900	0.01094	0.01439	0.00921	0.00518	0.00576	0.00173	0.00691	0.00518	0.00288	0.00921
41	0.00910	0.00742	0.01165	0.23584	0.01899	0.00889	0.00978	0.01165	0.00999	0.01384	0.01411	0.02106	0.01271	0.05095	0.52944	0.00708	0.01304	0.00597	0.00297	0.00552
42	0.01461	0.02939	0.54576	0.01611	0.02306	0.23610	0.01848	0.01983	0.01351	0.01719	0.01001	0.01175	0.00740	0.00566	0.00544	0.00174	0.00915	0.00414	0.00261	0.00805
43	0.01607	0.01922	0.02908	0.02171	0.02675	0.23695	0.52496	0.01998	0.01453	0.01734	0.01095	0.01416	0.00843	0.00522	0.00639	0.00183	0.01000	0.00595	0.00296	0.00752
44	0.01072	0.02291	0.54279	0.01357	0.01965	0.01120	0.01622	0.01549	0.01116	0.01632	0.01275	0.01984	0.01141	0.23731	0.01259	0.00296	0.00773	0.00552	0.00277	0.00711
45	0.01945	0.01509	0.01747	0.01386	0.01715	0.01775	0.01148	0.51050	0.02169	0.04684	0.01231	0.01373	0.00933	0.00792	0.00971	0.00198	0.23477	0.00521	0.00489	0.00885

[dist]
# distance from previous block
# <min> <max>
0	1

[block]
# block no. 5 follows, 40 sequences, length 6
# corresponding to MSA columns:
# 336-341
name=unknown_F
#
# <colnr> <probs for GDERKNQSTAVLIFYWHMCP>
#	G	D	E	R	K	N	Q	S	T	A	V	L	I	F	Y	W	H	M	C	P
0	0.01441	0.01358	0.02175	0.03147	0.62752	0.01393	0.01632	0.02016	0.14354	0.01994	0.01319	0.01569	0.01072	0.00566	0.00579	0.00177	0.00650	0.00543	0.00342	0.00921
1	0.02435	0.00951	0.01294	0.01005	0.01424	0.00825	0.00825	0.02665	0.01663	0.69121	0.09446	0.02210	0.01834	0.00765	0.00595	0.00180	0.00473	0.00630	0.00712	0.00947
2	0.63267	0.01006	0.00858	0.00792	0.01100	0.01125	0.00630	0.01629	0.01059	0.07601	0.01339	0.14877	0.01257	0.00780	0.00443	0.00190	0.00433	0.00571	0.00417	0.00627
3	0.01439	0.01382	0.02360	0.03569	0.75936	0.01382	0.01785	0.01785	0.01324	0.01900	0.01094	0.01439	0.00921	0.00518	0.00576	0.00173	0.00691	0.00518	0.00288	0.00921
4	0.02505	0.01156	0.01453	0.01114	0.01568	0.01102	0.00920	0.21395	0.01943	0.57383	0.02060	0.01827	0.01322	0.00714	0.00584	0.00179	0.00533	0.00569	0.00684	0.00989
5	0.02211	0.01629	0.01745	0.01338	0.01803	0.01803	0.01105	0.73997	0.02734	0.03665	0.01396	0.01396	0.00989	0.00698	0.00582	0.00175	0.00640	0.00524	0.00582	0.00989

[dist]
# distance from previous block
# <min> <max>
4	7

[block]
# block no. 6 follows, 40 sequences, length 33
# corresponding to MSA columns:
# 349-381
name=unknown_G
#
# <colnr> <probs for GDERKNQSTAVLIFYWHMCP>
#	G	D	E	R	K	N	Q	S	T	A	V	L	I	F	Y	W	H	M	C	P
0	0.00782	0.00582	0.00752	0.00812	0.00917	0.00517	0.00560	0.00915	0.01158	0.01590	0.07273	0.64242	0.03545	0.01598	0.00697	0.00213	0.00346	0.01442	0.00520	0.11539
1	0.01503	0.69619	0.12886	0.01084	0.01630	0.02174	0.01149	0.01755	0.01188	0.01432	0.00840	0.00972	0.00745	0.00505	0.00397	0.00132	0.00654	0.00327	0.00248	0.00761
2	0.01204	0.02773	0.66480	0.01594	0.02382	0.01363	0.01984	0.02009	0.11087	0.01921	0.01221	0.01354	0.00876	0.00584	0.00558	0.00186	0.00806	0.00460	0.00292	0.00868
3	0.12452	0.01233	0.01253	0.01127	0.01460	0.01427	0.00882	0.02905	0.64994	0.02456	0.02158	0.02006	0.01622	0.00756	0.00561	0.00195	0.00459	0.00612	0.00561	0.00882
4	0.72655	0.01184	0.01200	0.00990	0.01381	0.01327	0.10427	0.01730	0.01041	0.02509	0.00859	0.01028	0.00664	0.00533	0.00404	0.00182	0.00521	0.00365	0.00351	0.00650
5	0.01203	0.02790	0.66620	0.01913	0.12344	0.01355	0.02100	0.01834	0.01241	0.01849	0.01050	0.01256	0.00761	0.00548	0.00556	0.00183	0.00837	0.00442	0.00251	0.00868
6	0.01301	0.02976	0.66524	0.01636	0.02421	0.11507	0.02011	0.01906	0.01284	0.01786	0.01024	0.01204	0.00738	0.00559	0.00549	0.00180	0.00885	0.00422	0.00253	0.00835
7	0.01289	0.01138	0.01773	0.60920	0.07973	0.01302	0.01541	0.01591	0.01365	0.01818	0.11227	0.02191	0.01612	0.00795	0.00681	0.00228	0.00764	0.00653	0.00383	0.00755
8	0.01162	0.12770	0.54672	0.01479	0.02172	0.01362	0.03775	0.01691	0.01210	0.01732	0.01306	0.11633	0.01158	0.00713	0.00558	0.00184	0.00762	0.00585	0.00287	0.00791
9	0.01098	0.01034	0.01744	0.78165	0.04005	0.01292	0.01615	0.01486	0.01163	0.01486	0.01034	0.01550	0.00775	0.00581	0.00581	0.00194	0.00775	0.00517	0.00258	0.00646
10	0.83671	0.01125	0.00855	0.00765	0.01125	0.01305	0.00630	0.01709	0.00990	0.02609	0.00810	0.00945	0.00630	0.00540	0.00360	0.00180	0.00450	0.00315	0.00360	0.00630
11	0.00823	0.00594	0.00777	0.00732	0.00869	0.00549	0.00549	0.01097	0.01646	0.02332	0.75629	0.04344	0.05487	0.01189	0.00686	0.00183	0.00274	0.01052	0.00640	0.00549
12	0.01446	0.01249	0.01315	0.01183	0.01512	0.01446	0.00920	0.03090	0.74885	0.02433	0.02367	0.02170	0.01775	0.00789	0.00592	0.00197	0.00460	0.00657	0.00592	0.00920
13	0.00937	0.00669	0.00937	0.01071	0.01205	0.00669	0.00937	0.01205	0.01339	0.01740	0.03079	0.06560	0.03347	0.01606	0.00803	0.00268	0.00535	0.72021	0.00535	0.00535
14	0.01555	0.79913	0.03047	0.00995	0.01493	0.02301	0.00995	0.01741	0.01182	0.01368	0.00808	0.00933	0.00746	0.00498	0.00373	0.00124	0.00622	0.00311	0.00249	0.00746
15	0.00823	0.00594	0.00777	0.00732	0.00869	0.00549	0.00549	0.01097	0.01646	0.02332	0.75629	0.04344	0.05487	0.01189	0.00686	0.00183	0.00274	0.01052	0.00640	0.00549
16	0.80983	0.01120	0.00871	0.00774	0.01137	0.01290	0.00637	0.01747	0.01012	0.05054	0.00859	0.00979	0.00657	0.00546	0.00367	0.00180	0.00451	0.00324	0.00372	0.00642
17	0.00933	0.00667	0.00932	0.01060	0.01194	0.00665	0.00924	0.01201	0.01349	0.01760	0.05455	0.06487	0.03417	0.01593	0.00799	0.00265	0.00527	0.69697	0.00539	0.00536
18	0.01416	0.01214	0.01292	0.01177	0.01494	0.01400	0.00921	0.02977	0.70459	0.02391	0.02410	0.02434	0.01870	0.00838	0.00604	0.00201	0.00465	0.04952	0.00588	0.00897
19	0.01439	0.01382	0.02360	0.03569	0.75936	0.01382	0.01785	0.01785	0.01324	0.01900	0.01094	0.01439	0.00921	0.00518	0.00576	0.00173	0.00691	0.00518	0.00288	0.00921
20	0.00846	0.00564	0.00634	0.00634	0.00634	0.00564	0.00352	0.00846	0.00846	0.01128	0.01832	0.03805	0.02114	0.79563	0.02960	0.00564	0.00564	0.00846	0.00352	0.00352
21	0.01166	0.03008	0.76550	0.01657	0.02517	0.01351	0.02149	0.01842	0.01228	0.01842	0.01044	0.01228	0.00737	0.00552	0.00552	0.00184	0.00859	0.00430	0.00246	0.00859
22	0.01446	0.01249	0.01315	0.01183	0.01512	0.01446	0.00920	0.03090	0.74885	0.02433	0.02367	0.02170	0.01775	0.00789	0.00592	0.00197	0.00460	0.00657	0.00592	0.00920
23	0.01506	0.05683	0.01819	0.02074	0.28858	0.07347	0.01258	0.02478	0.38198	0.02101	0.01701	0.01747	0.01326	0.00659	0.00569	0.00181	0.00599	0.00566	0.00439	0.00892
24	0.01568	0.01310	0.01384	0.01208	0.01559	0.01503	0.00950	0.14409	0.63368	0.02629	0.02212	0.02046	0.01650	0.00774	0.00590	0.00194	0.00489	0.00636	0.00590	0.00931
25	0.01439	0.01382	0.02360	0.03569	0.75936	0.01382	0.01785	0.01785	0.01324	0.01900	0.01094	0.01439	0.00921	0.00518	0.00576	0.00173	0.00691	0.00518	0.00288	0.00921
26	0.00821	0.00596	0.00776	0.00748	0.00885	0.00551	0.00567	0.01085	0.01600	0.02241	0.66342	0.06460	0.08392	0.01243	0.00694	0.00190	0.00293	0.05346	0.00627	0.00543
27	0.00708	0.00590	0.00618	0.00611	0.00798	0.00500	0.00458	0.00875	0.01374	0.01687	0.16502	0.05406	0.65016	0.01430	0.00687	0.00194	0.00291	0.01201	0.00555	0.00500
28	0.01408	0.01215	0.01278	0.01153	0.01475	0.01398	0.00896	0.02975	0.71123	0.02389	0.02547	0.02345	0.05555	0.00824	0.00597	0.00197	0.00452	0.00687	0.00589	0.00898
29	0.00709	0.00506	0.00675	0.00810	0.00843	0.00472	0.00540	0.00810	0.01113	0.01484	0.03205	0.79184	0.03846	0.01822	0.00742	0.00236	0.00337	0.01653	0.00540	0.00472
30	0.00937	0.00669	0.00937	0.01071	0.01205	0.00669	0.00937	0.01205	0.01339	0.01740	0.03079	0.06560	0.03347	0.01606	0.00803	0.00268	0.00535	0.72021	0.00535	0.00535
31	0.01555	0.79913	0.03047	0.00995	0.01493	0.02301	0.00995	0.01741	0.01182	0.01368	0.00808	0.00933	0.00746	0.00498	0.00373	0.00124	0.00622	0.00311	0.00249	0.00746
32	0.02609	0.00990	0.01350	0.01035	0.01484	0.00855	0.00855	0.02834	0.01664	0.76338	0.02294	0.01979	0.01439	0.00720	0.00585	0.00180	0.00495	0.00585	0.00720	0.00990

[dist]
# distance from previous block
# <min> <max>
0	1

[block]
# block no. 7 follows, 40 sequences, length 14
# corresponding to MSA columns:
# 383-396
name=unknown_H
#
# <colnr> <probs for GDERKNQSTAVLIFYWHMCP>
#	G	D	E	R	K	N	Q	S	T	A	V	L	I	F	Y	W	H	M	C	P
0	0.83671	0.01125	0.00855	0.00765	0.01125	0.01305	0.00630	0.01709	0.00990	0.02609	0.00810	0.00945	0.00630	0.00540	0.00360	0.00180	0.00450	0.00315	0.00360	0.00630
1	0.01272	0.01272	0.01781	0.01527	0.01527	0.01781	0.01272	0.01399	0.00891	0.01399	0.00763	0.01272	0.00763	0.01018	0.01908	0.00254	0.78499	0.00509	0.00254	0.00636
2	0.01439	0.01382	0.02360	0.03569	0.75936	0.01382	0.01785	0.01785	0.01324	0.01900	0.01094	0.01439	0.00921	0.00518	0.00576	0.00173	0.00691	0.00518	0.00288	0.00921
3	0.01555	0.79913	0.03047	0.00995	0.01493	0.02301	0.00995	0.01741	0.01182	0.01368	0.00808	0.00933	0.00746	0.00498	0.00373	0.00124	0.00622	0.00311	0.00249	0.00746
4	0.00846	0.00564	0.00634	0.00634	0.00634	0.00564	0.00352	0.00846	0.00846	0.01128	0.01832	0.03805	0.02114	0.79563	0.02960	0.00564	0.00564	0.00846	0.00352	0.00352
5	0.00687	0.00589	0.00589	0.00589	0.00785	0.00491	0.00442	0.00835	0.01325	0.01571	0.05891	0.05596	0.75700	0.01473	0.00687	0.00196	0.00295	0.01227	0.00540	0.00491
6	0.01206	0.01034	0.01206	0.00861	0.01378	0.00775	0.00689	0.01464	0.01206	0.01895	0.01034	0.01206	0.00861	0.00431	0.00431	0.00086	0.00431	0.00345	0.00345	0.83118
7	0.02172	0.02772	0.01648	0.01498	0.01798	0.77228	0.01124	0.02322	0.01648	0.01423	0.00899	0.01049	0.00749	0.00599	0.00524	0.00150	0.01049	0.00375	0.00300	0.00674
8	0.00937	0.00669	0.00937	0.01071	0.01205	0.00669	0.00937	0.01205	0.01339	0.01740	0.03079	0.06560	0.03347	0.01606	0.00803	0.00268	0.00535	0.72021	0.00535	0.00535
9	0.00687	0.00589	0.00589	0.00589	0.00785	0.00491	0.00442	0.00835	0.01325	0.01571	0.05891	0.05596	0.75700	0.01473	0.00687	0.00196	0.00295	0.01227	0.00540	0.00491
10	0.01446	0.01249	0.01315	0.01183	0.01512	0.01446	0.00920	0.03090	0.74885	0.02433	0.02367	0.02170	0.01775	0.00789	0.00592	0.00197	0.00460	0.00657	0.00592	0.00920
11	0.83671	0.01125	0.00855	0.00765	0.01125	0.01305	0.00630	0.01709	0.00990	0.02609	0.00810	0.00945	0.00630	0.00540	0.00360	0.00180	0.00450	0.00315	0.00360	0.00630
12	0.02609	0.00990	0.01350	0.01035	0.01484	0.00855	0.00855	0.02834	0.01664	0.76338	0.02294	0.01979	0.01439	0.00720	0.00585	0.00180	0.00495	0.00585	0.00720	0.00990
13	0.02609	0.00990	0.01350	0.01035	0.01484	0.00855	0.00855	0.02834	0.01664	0.76338	0.02294	0.01979	0.01439	0.00720	0.00585	0.00180	0.00495	0.00585	0.00720	0.00990

[dist]
# distance from previous block
# <min> <max>
0	1

[block]
# block no. 8 follows, 40 sequences, length 12
# corresponding to MSA columns:
# 398-409
name=unknown_I
#
# <colnr> <probs for GDERKNQSTAVLIFYWHMCP>
#	G	D	E	R	K	N	Q	S	T	A	V	L	I	F	Y	W	H	M	C	P
0	0.01373	0.01569	0.03431	0.02451	0.03039	0.01471	0.73824	0.01863	0.01373	0.01863	0.01176	0.01569	0.00882	0.00490	0.00686	0.00196	0.00980	0.00686	0.00294	0.00784
1	0.02609	0.00990	0.01350	0.01035	0.01484	0.00855	0.00855	0.02834	0.01664	0.76338	0.02294	0.01979	0.01439	0.00720	0.00585	0.00180	0.00495	0.00585	0.00720	0.00990
2	0.01555	0.79913	0.03047	0.00995	0.01493	0.02301	0.00995	0.01741	0.01182	0.01368	0.00808	0.00933	0.00746	0.00498	0.00373	0.00124	0.00622	0.00311	0.00249	0.00746
3	0.00823	0.00594	0.00777	0.00732	0.00869	0.00549	0.00549	0.01097	0.01646	0.02332	0.75629	0.04344	0.05487	0.01189	0.00686	0.00183	0.00274	0.01052	0.00640	0.00549
4	0.02609	0.00990	0.01350	0.01035	0.01484	0.00855	0.00855	0.02834	0.01664	0.76338	0.02294	0.01979	0.01439	0.00720	0.00585	0.00180	0.00495	0.00585	0.00720	0.00990
5	0.00785	0.00593	0.00724	0.00691	0.00845	0.00532	0.00519	0.01023	0.01556	0.02117	0.55974	0.04697	0.25276	0.01269	0.00686	0.00187	0.00280	0.01101	0.00612	0.00532
6	0.00709	0.00506	0.00675	0.00810	0.00843	0.00472	0.00540	0.00810	0.01113	0.01484	0.03205	0.79184	0.03846	0.01822	0.00742	0.00236	0.00337	0.01653	0.00540	0.00472
7	0.00933	0.00619	0.00813	0.00750	0.00907	0.00568	0.00568	0.01205	0.01647	0.06903	0.71099	0.04198	0.05237	0.01160	0.00680	0.00183	0.00288	0.01023	0.00645	0.00576
8	0.00823	0.00594	0.00777	0.00732	0.00869	0.00549	0.00549	0.01097	0.01646	0.02332	0.75629	0.04344	0.05487	0.01189	0.00686	0.00183	0.00274	0.01052	0.00640	0.00549
9	0.01489	0.71491	0.02823	0.01003	0.01462	0.02128	0.00989	0.01684	0.01198	0.01408	0.01050	0.01531	0.01023	0.00615	0.00419	0.00140	0.00613	0.07932	0.00279	0.00724
10	0.02407	0.00938	0.01278	0.01011	0.01416	0.00814	0.00821	0.02619	0.01606	0.68383	0.02391	0.10184	0.01695	0.00837	0.00602	0.00186	0.00478	0.00698	0.00701	0.00935
11	0.02211	0.01629	0.01745	0.01338	0.01803	0.01803	0.01105	0.73997	0.02734	0.03665	0.01396	0.01396	0.00989	0.00698	0.00582	0.00175	0.00640	0.00524	0.00582	0.00989

[dist]
# distance from previous block
# <min> <max>
0	1

[block]
# block no. 9 follows, 40 sequences, length 9
# corresponding to MSA columns:
# 411-419
name=unknown_J
#
# <colnr> <probs for GDERKNQSTAVLIFYWHMCP>
#	G	D	E	R	K	N	Q	S	T	A	V	L	I	F	Y	W	H	M	C	P
0	0.77741	0.01118	0.00919	0.06323	0.01331	0.01304	0.00701	0.01693	0.01002	0.02528	0.00826	0.00988	0.00640	0.00543	0.00376	0.00181	0.00473	0.00329	0.00353	0.00631
1	0.07091	0.02873	0.71114	0.01593	0.02417	0.01347	0.02039	0.01832	0.01211	0.01897	0.01027	0.01207	0.00729	0.00552	0.00539	0.00184	0.00830	0.00421	0.00254	0.00843
2	0.00846	0.00564	0.00634	0.00634	0.00634	0.00564	0.00352	0.00846	0.00846	0.01128	0.01832	0.03805	0.02114	0.79563	0.02960	0.00564	0.00564	0.00846	0.00352	0.00352
3	0.01166	0.03008	0.76550	0.01657	0.02517	0.01351	0.02149	0.01842	0.01228	0.01842	0.01044	0.01228	0.00737	0.00552	0.00552	0.00184	0.00859	0.00430	0.00246	0.00859
4	0.02609	0.00990	0.01350	0.01035	0.01484	0.00855	0.00855	0.02834	0.01664	0.76338	0.02294	0.01979	0.01439	0.00720	0.00585	0.00180	0.00495	0.00585	0.00720	0.00990
5	0.83671	0.01125	0.00855	0.00765	0.01125	0.01305	0.00630	0.01709	0.00990	0.02609	0.00810	0.00945	0.00630	0.00540	0.00360	0.00180	0.00450	0.00315	0.00360	0.00630
6	0.00825	0.00555	0.00640	0.00661	0.00666	0.00550	0.00381	0.00840	0.00887	0.01182	0.02042	0.15327	0.02379	0.67680	0.02621	0.00514	0.00529	0.00969	0.00381	0.00371
7	0.01156	0.02706	0.65116	0.13352	0.02744	0.01342	0.02067	0.01787	0.01218	0.01787	0.01042	0.01277	0.00743	0.00557	0.00557	0.00186	0.00847	0.00443	0.00248	0.00827
8	0.01517	0.01119	0.01241	0.01114	0.01419	0.01237	0.00862	0.05870	0.50974	0.11849	0.02442	0.13882	0.02013	0.00934	0.00613	0.00200	0.00454	0.00794	0.00600	0.00864

[dist]
# distance from previous block
# <min> <max>
0	1

[block]
# block no. 10 follows, 40 sequences, length 29
# corresponding to MSA columns:
# 421-449
name=unknown_K
#
# <colnr> <probs for GDERKNQSTAVLIFYWHMCP>
#	G	D	E	R	K	N	Q	S	T	A	V	L	I	F	Y	W	H	M	C	P
0	0.80430	0.01121	0.00890	0.03802	0.01238	0.01304	0.00668	0.01701	0.00996	0.02565	0.00819	0.00968	0.00635	0.00541	0.00369	0.00180	0.00463	0.00323	0.00356	0.00630
1	0.01373	0.01569	0.03431	0.02451	0.03039	0.01471	0.73824	0.01863	0.01373	0.01863	0.01176	0.01569	0.00882	0.00490	0.00686	0.00196	0.00980	0.00686	0.00294	0.00784
2	0.01446	0.01249	0.01315	0.01183	0.01512	0.01446	0.00920	0.03090	0.74885	0.02433	0.02367	0.02170	0.01775	0.00789	0.00592	0.00197	0.00460	0.00657	0.00592	0.00920
3	0.01098	0.01034	0.01744	0.78165	0.04005	0.01292	0.01615	0.01486	0.01163	0.01486	0.01034	0.01550	0.00775	0.00581	0.00581	0.00194	0.00775	0.00517	0.00258	0.00646
4	0.01166	0.03008	0.76550	0.01657	0.02517	0.01351	0.02149	0.01842	0.01228	0.01842	0.01044	0.01228	0.00737	0.00552	0.00552	0.00184	0.00859	0.00430	0.00246	0.00859
5	0.01265	0.01263	0.01780	0.04534	0.01624	0.01762	0.01286	0.01403	0.00901	0.01403	0.00774	0.01283	0.00764	0.01001	0.01856	0.00252	0.75449	0.00509	0.00255	0.00637
6	0.73376	0.01107	0.00918	0.00799	0.01170	0.01247	0.00658	0.01852	0.01075	0.11973	0.00998	0.01076	0.00733	0.00563	0.00388	0.00180	0.00456	0.00349	0.00406	0.00675
7	0.00709	0.00506	0.00675	0.00810	0.00843	0.00472	0.00540	0.00810	0.01113	0.01484	0.03205	0.79184	0.03846	0.01822	0.00742	0.00236	0.00337	0.01653	0.00540	0.00472
8	0.00709	0.00506	0.00675	0.00810	0.00843	0.00472	0.00540	0.00810	0.01113	0.01484	0.03205	0.79184	0.03846	0.01822	0.00742	0.00236	0.00337	0.01653	0.00540	0.00472
9	0.00823	0.00594	0.00777	0.00732	0.00869	0.00549	0.00549	0.01097	0.01646	0.02332	0.75629	0.04344	0.05487	0.01189	0.00686	0.00183	0.00274	0.01052	0.00640	0.00549
10	0.01098	0.01034	0.01744	0.78165	0.04005	0.01292	0.01615	0.01486	0.01163	0.01486	0.01034	0.01550	0.00775	0.00581	0.00581	0.00194	0.00775	0.00517	0.00258	0.00646
11	0.02211	0.01629	0.01745	0.01338	0.01803	0.01803	0.01105	0.73997	0.02734	0.03665	0.01396	0.01396	0.00989	0.00698	0.00582	0.00175	0.00640	0.00524	0.00582	0.00989
12	0.00709	0.00506	0.00675	0.00810	0.00843	0.00472	0.00540	0.00810	0.01113	0.01484	0.03205	0.79184	0.03846	0.01822	0.00742	0.00236	0.00337	0.01653	0.00540	0.00472
13	0.83671	0.01125	0.00855	0.00765	0.01125	0.01305	0.00630	0.01709	0.00990	0.02609	0.00810	0.00945	0.00630	0.00540	0.00360	0.00180	0.00450	0.00315	0.00360	0.00630
14	0.00823	0.00594	0.00777	0.00732	0.00869	0.00549	0.00549	0.01097	0.01646	0.02332	0.75629	0.04344	0.05487	0.01189	0.00686	0.00183	0.00274	0.01052	0.00640	0.00549
15	0.01446	0.01249	0.01315	0.01183	0.01512	0.01446	0.00920	0.03090	0.74885	0.02433	0.02367	0.02170	0.01775	0.00789	0.00592	0.00197	0.00460	0.00657	0.00592	0.00920
16	0.01373	0.01569	0.03431	0.02451	0.03039	0.01471	0.73824	0.01863	0.01373	0.01863	0.01176	0.01569	0.00882	0.00490	0.00686	0.00196	0.00980	0.00686	0.00294	0.00784
17	0.00709	0.00506	0.00675	0.00810	0.00843	0.00472	0.00540	0.00810	0.01113	0.01484	0.03205	0.79184	0.03846	0.01822	0.00742	0.00236	0.00337	0.01653	0.00540	0.00472
18	0.02539	0.00974	0.01327	0.01023	0.01460	0.00843	0.00843	0.02766	0.01664	0.73434	0.05172	0.02072	0.01598	0.00738	0.00589	0.00180	0.00486	0.00603	0.00717	0.00972
19	0.00823	0.00594	0.00777	0.00732	0.00869	0.00549	0.00549	0.01097	0.01646	0.02332	0.75629	0.04344	0.05487	0.01189	0.00686	0.00183	0.00274	0.01052	0.00640	0.00549
20	0.02609	0.00990	0.01350	0.01035	0.01484	0.00855	0.00855	0.02834	0.01664	0.76338	0.02294	0.01979	0.01439	0.00720	0.00585	0.00180	0.00495	0.00585	0.00720	0.00990
21	0.00812	0.00594	0.00762	0.00720	0.00862	0.00544	0.00540	0.01076	0.01619	0.02269	0.69828	0.04448	0.11327	0.01212	0.00686	0.00184	0.00276	0.01066	0.00632	0.00544
22	0.02172	0.02772	0.01648	0.01498	0.01798	0.77228	0.01124	0.02322	0.01648	0.01423	0.00899	0.01049	0.00749	0.00599	0.00524	0.00150	0.01049	0.00375	0.00300	0.00674
23	0.01439	0.01382	0.02360	0.03569	0.75936	0.01382	0.01785	0.01785	0.01324	0.01900	0.01094	0.01439	0.00921	0.00518	0.00576	0.00173	0.00691	0.00518	0.00288	0.00921
24	0.00937	0.00669	0.00937	0.01071	0.01205	0.00669	0.00937	0.01205	0.01339	0.01740	0.03079	0.06560	0.03347	0.01606	0.00803	0.00268	0.00535	0.72021	0.00535	0.00535
25	0.01555	0.79913	0.03047	0.00995	0.01493	0.02301	0.00995	0.01741	0.01182	0.01368	0.00808	0.00933	0.00746	0.00498	0.00373	0.00124	0.00622	0.00311	0.00249	0.00746
26	0.01373	0.01569	0.03431	0.02451	0.03039	0.01471	0.73824	0.01863	0.01373	0.01863	0.01176	0.01569	0.00882	0.00490	0.00686	0.00196	0.00980	0.00686	0.00294	0.00784
27	0.00963	0.00696	0.00876	0.00826	0.00974	0.00632	0.00609	0.01196	0.01719	0.02440	0.74177	0.04462	0.05515	0.01264	0.00740	0.00207	0.00324	0.01082	0.00679	0.00619
28	0.02240	0.02714	0.01698	0.01542	0.01844	0.70567	0.01146	0.04755	0.01730	0.01616	0.01083	0.01341	0.00932	0.03346	0.00665	0.00189	0.01052	0.00440	0.00357	0.00742

[dist]
# distance from previous block
# <min> <max>
0	3

[block]
# block no. 11 follows, 40 sequences, length 11
# corresponding to MSA columns:
# 453-463
name=unknown_L
#
# <colnr> <probs for GDERKNQSTAVLIFYWHMCP>
#	G	D	E	R	K	N	Q	S	T	A	V	L	I	F	Y	W	H	M	C	P
0	0.01256	0.07621	0.54163	0.02068	0.19877	0.01420	0.01987	0.01822	0.01248	0.01825	0.01040	0.01259	0.00781	0.00541	0.00546	0.00178	0.00804	0.00443	0.00256	0.00867
1	0.20697	0.01055	0.01533	0.59794	0.03321	0.01295	0.01381	0.01539	0.01122	0.01752	0.00980	0.01407	0.00741	0.00572	0.00529	0.00191	0.00698	0.00469	0.00282	0.00642
2	0.00846	0.00564	0.00634	0.00634	0.00634	0.00564	0.00352	0.00846	0.00846	0.01128	0.01832	0.03805	0.02114	0.79563	0.02960	0.00564	0.00564	0.00846	0.00352	0.00352
3	0.01313	0.01444	0.02644	0.01959	0.02414	0.07958	0.49996	0.01722	0.01462	0.01935	0.18824	0.02181	0.01963	0.00666	0.00672	0.00189	0.00819	0.00745	0.00377	0.00719
4	0.01189	0.07548	0.72211	0.01618	0.02456	0.01407	0.02080	0.01836	0.01225	0.01814	0.01030	0.01210	0.00737	0.00549	0.00542	0.00181	0.00845	0.00423	0.00246	0.00853
5	0.00699	0.00590	0.00606	0.00602	0.00793	0.00496	0.00451	0.00858	0.01354	0.01638	0.12064	0.05486	0.69485	0.01448	0.00687	0.00195	0.00293	0.01212	0.00549	0.00496
6	0.01310	0.00987	0.01045	0.00949	0.01217	0.01085	0.00735	0.04434	0.42149	0.04489	0.05932	0.02595	0.09510	0.00847	0.00561	0.00181	0.00396	0.00701	0.20103	0.00773
7	0.31412	0.01190	0.01138	0.00992	0.01308	0.04685	0.00783	0.22523	0.01598	0.07386	0.01649	0.19718	0.01555	0.00904	0.00537	0.00190	0.00508	0.00713	0.00487	0.00722
8	0.01358	0.01299	0.02214	0.21275	0.58862	0.01360	0.01744	0.01714	0.01286	0.01802	0.01080	0.01466	0.00886	0.00533	0.00577	0.00178	0.00711	0.00518	0.00281	0.00856
9	0.00709	0.00506	0.00675	0.00810	0.00843	0.00472	0.00540	0.00810	0.01113	0.01484	0.03205	0.79184	0.03846	0.01822	0.00742	0.00236	0.00337	0.01653	0.00540	0.00472
10	0.64336	0.01244	0.01066	0.00901	0.01286	0.01423	0.00743	0.18867	0.01404	0.02860	0.00949	0.01052	0.00715	0.00577	0.00413	0.00179	0.00495	0.00364	0.00413	0.00715

[dist]
# distance from previous block
# <min> <max>
0	1

[block]
# block no. 12 follows, 40 sequences, length 67
# corresponding to MSA columns:
# 465-531
name=unknown_M
#
# <colnr> <probs for GDERKNQSTAVLIFYWHMCP>
#	G	D	E	R	K	N	Q	S	T	A	V	L	I	F	Y	W	H	M	C	P
0	0.00907	0.00608	0.00679	0.00676	0.00682	0.00600	0.00381	0.00891	0.00885	0.01186	0.01883	0.03862	0.02158	0.78869	0.02962	0.00571	0.00583	0.00861	0.00372	0.00385
1	0.00770	0.00556	0.00714	0.00837	0.00886	0.00510	0.00561	0.00857	0.01162	0.01545	0.03399	0.74269	0.08045	0.01829	0.00762	0.00244	0.00356	0.01636	0.00558	0.00505
2	0.01540	0.01433	0.02353	0.03455	0.70981	0.01435	0.01760	0.06013	0.01441	0.02054	0.01169	0.01515	0.00980	0.00568	0.00601	0.00183	0.00706	0.00537	0.00325	0.00952
3	0.01429	0.01604	0.03450	0.02476	0.03065	0.01498	0.73170	0.01899	0.01407	0.01914	0.01233	0.01646	0.00937	0.00530	0.00710	0.00207	0.00996	0.00703	0.00314	0.00813
4	0.02631	0.01067	0.01410	0.01091	0.01543	0.00943	0.00893	0.06992	0.01758	0.71480	0.02289	0.02019	0.01463	0.00756	0.00609	0.00190	0.00523	0.00599	0.00728	0.01016
5	0.75764	0.01116	0.00882	0.00797	0.01132	0.01269	0.00637	0.01679	0.01038	0.02560	0.03088	0.01292	0.00913	0.05185	0.00547	0.00213	0.00472	0.00387	0.00387	0.00641
6	0.00899	0.00605	0.00681	0.00687	0.00694	0.00595	0.00392	0.00889	0.00900	0.01207	0.01963	0.08238	0.02258	0.74356	0.02833	0.00552	0.00570	0.00908	0.00383	0.00392
7	0.01451	0.01373	0.02286	0.03411	0.70922	0.01359	0.01722	0.01766	0.01359	0.01932	0.01430	0.01759	0.05317	0.00613	0.00607	0.00185	0.00686	0.00578	0.00323	0.00924
8	0.01279	0.13787	0.65609	0.01597	0.02404	0.01512	0.01999	0.01864	0.01257	0.01827	0.01069	0.01267	0.00794	0.00584	0.00552	0.00186	0.00843	0.00432	0.00267	0.00872
9	0.02194	0.01610	0.01720	0.01337	0.01787	0.01768	0.01093	0.68675	0.04427	0.03609	0.01495	0.01525	0.01082	0.00737	0.00599	0.00184	0.00639	0.00546	0.03978	0.00996
10	0.01609	0.79221	0.03069	0.01034	0.01532	0.02321	0.01017	0.01778	0.01218	0.01424	0.00869	0.01016	0.00802	0.00537	0.00400	0.00135	0.00640	0.00331	0.00269	0.00775
11	0.00884	0.00639	0.00821	0.00773	0.00915	0.00585	0.00575	0.01140	0.01678	0.02379	0.74995	0.04395	0.05499	0.01222	0.00709	0.00193	0.00296	0.01065	0.00657	0.00580
12	0.03852	0.00959	0.01243	0.01000	0.01355	0.00867	0.00786	0.04433	0.01535	0.55446	0.02171	0.02355	0.01581	0.14973	0.04415	0.00292	0.00577	0.00644	0.00641	0.00875
13	0.00897	0.00622	0.00762	0.00765	0.00801	0.00641	0.00490	0.00942	0.00920	0.01261	0.01862	0.06409	0.02045	0.55265	0.23177	0.00659	0.00846	0.00832	0.00368	0.00435
14	0.00764	0.00634	0.00654	0.00647	0.00841	0.00534	0.00481	0.00908	0.01395	0.01707	0.13401	0.05502	0.67512	0.01473	0.00711	0.00205	0.00314	0.01220	0.00569	0.00529
15	0.01293	0.01091	0.01261	0.00915	0.01431	0.00839	0.00726	0.03597	0.01286	0.01997	0.01102	0.01292	0.00920	0.00478	0.00461	0.00100	0.00457	0.00370	0.00371	0.80013
16	0.01502	0.01287	0.01353	0.01220	0.01552	0.01474	0.00944	0.03115	0.74237	0.02479	0.02413	0.02241	0.01822	0.00826	0.00616	0.00208	0.00480	0.00675	0.00609	0.00948
17	0.02259	0.01664	0.01779	0.01374	0.01840	0.01828	0.01127	0.73363	0.02756	0.03700	0.01451	0.01475	0.01043	0.00736	0.00606	0.00185	0.00658	0.00542	0.00599	0.01016
18	0.82963	0.01164	0.00897	0.00806	0.01168	0.01334	0.00656	0.01747	0.01028	0.02654	0.00870	0.01028	0.00687	0.00579	0.00386	0.00191	0.00470	0.00335	0.00379	0.00660
19	0.00771	0.00551	0.00719	0.00850	0.00889	0.00509	0.00566	0.00855	0.01150	0.01540	0.03243	0.78540	0.03874	0.01849	0.00765	0.00246	0.00359	0.01661	0.00558	0.00504
20	0.07126	0.01598	0.01705	0.01323	0.01783	0.01746	0.01085	0.65147	0.02593	0.07636	0.01465	0.01480	0.01046	0.00727	0.00593	0.00186	0.00639	0.00533	0.00594	0.00994
21	0.82963	0.01164	0.00897	0.00806	0.01168	0.01334	0.00656	0.01747	0.01028	0.02654	0.00870	0.01028	0.00687	0.00579	0.00386	0.00191	0.00470	0.00335	0.00379	0.00660
22	0.01235	0.05068	0.73942	0.01672	0.02520	0.01405	0.02130	0.01875	0.01262	0.01881	0.01095	0.01300	0.00793	0.00590	0.00572	0.00193	0.00869	0.00446	0.00266	0.00884
