[name]
unknown

[dist]
# distance from previous block
# <min> <max>
5	57

[block]
# block no. 0 follows, 40 sequences, length 69
# corresponding to MSA columns:
# 59-127
name=unknown_A
#
# <colnr> <probs for GDERKNQSTAVLIFYWHMCP>
#	G	D	E	R	K	N	Q	S	T	A	V	L	I	F	Y	W	H	M	C	P
0	0.01454	0.01180	0.01027	0.05884	0.01287	0.17065	0.00735	0.08862	0.03014	0.03664	0.01578	0.03528	0.01281	0.02445	0.00630	0.04600	0.00535	0.00535	0.40078	0.00619
1	0.02101	0.01525	0.01647	0.01293	0.01734	0.01685	0.01058	0.57463	0.15217	0.07743	0.01618	0.01565	0.01152	0.00715	0.00584	0.00179	0.00600	0.00550	0.00592	0.00977
2	0.01098	0.01034	0.01744	0.78165	0.04005	0.01292	0.01615	0.01486	0.01163	0.01486	0.01034	0.01550	0.00775	0.00581	0.00581	0.00194	0.00775	0.00517	0.00258	0.00646
3	0.00837	0.00560	0.00637	0.00646	0.00648	0.00558	0.00364	0.00843	0.00863	0.01151	0.01921	0.08675	0.02226	0.74541	0.02817	0.00543	0.00549	0.00898	0.00364	0.00360
4	0.01508	0.74790	0.02911	0.00991	0.01463	0.02199	0.00978	0.01696	0.01166	0.01367	0.00857	0.01020	0.00792	0.00747	0.05340	0.00177	0.00682	0.00331	0.00253	0.00732
5	0.01306	0.01040	0.01215	0.00904	0.01375	0.00841	0.00719	0.07636	0.01346	0.04919	0.01289	0.07531	0.01135	0.00577	0.00475	0.00109	0.00443	0.00475	0.00395	0.66270
6	0.01555	0.79913	0.03047	0.00995	0.01493	0.02301	0.00995	0.01741	0.01182	0.01368	0.00808	0.00933	0.00746	0.00498	0.00373	0.00124	0.00622	0.00311	0.00249	0.00746
7	0.70184	0.01208	0.01002	0.00860	0.01237	0.01387	0.00709	0.13678	0.01278	0.02784	0.00907	0.01019	0.00689	0.00566	0.00397	0.00179	0.00481	0.00349	0.00397	0.00689
8	0.02139	0.01590	0.01745	0.06301	0.01946	0.01770	0.01138	0.69312	0.02633	0.03524	0.01373	0.01406	0.00975	0.00691	0.00582	0.00176	0.00649	0.00523	0.00561	0.00967
9	0.78336	0.01119	0.00912	0.05765	0.01311	0.01304	0.00693	0.01695	0.01001	0.02537	0.00824	0.00984	0.00639	0.00542	0.00374	0.00181	0.00471	0.00328	0.00353	0.00631
10	0.01289	0.01156	0.01840	0.56469	0.03435	0.01376	0.06941	0.12231	0.01404	0.01853	0.01113	0.01537	0.00834	0.00609	0.00627	0.00191	0.03268	0.00531	0.02593	0.00704
11	0.01182	0.01009	0.01181	0.00859	0.01353	0.00761	0.00682	0.01433	0.01201	0.01875	0.01136	0.04895	0.01003	0.00496	0.00445	0.00093	0.00426	0.00406	0.00354	0.79208
12	0.02324	0.01053	0.01341	0.01071	0.01491	0.01000	0.00871	0.02897	0.19617	0.58217	0.02312	0.02026	0.01522	0.00737	0.00586	0.00184	0.00486	0.00603	0.00688	0.00973
13	0.01446	0.01249	0.01315	0.01183	0.01512	0.01446	0.00920	0.03090	0.74885	0.02433	0.02367	0.02170	0.01775	0.00789	0.00592	0.00197	0.00460	0.00657	0.00592	0.00920
14	0.01010	0.00505	0.00758	0.00758	0.00758	0.00505	0.00505	0.00758	0.00758	0.01010	0.01010	0.01768	0.01010	0.02020	0.02273	0.83081	0.00505	0.00505	0.00253	0.00253
15	0.01555	0.79913	0.03047	0.00995	0.01493	0.02301	0.00995	0.01741	0.01182	0.01368	0.00808	0.00933	0.00746	0.00498	0.00373	0.00124	0.00622	0.00311	0.00249	0.00746
16	0.02105	0.02148	0.01789	0.01479	0.01868	0.37409	0.05804	0.32325	0.05328	0.02435	0.01190	0.01277	0.00904	0.00642	0.00562	0.00165	0.00847	0.00470	0.00430	0.00824
17	0.00846	0.00564	0.00634	0.00634	0.00634	0.00564	0.00352	0.00846	0.00846	0.01128	0.01832	0.03805	0.02114	0.79563	0.02960	0.00564	0.00564	0.00846	0.00352	0.00352
18	0.83671	0.01125	0.00855	0.00765	0.01125	0.01305	0.00630	0.01709	0.00990	0.02609	0.00810	0.00945	0.00630	0.00540	0.00360	0.00180	0.00450	0.00315	0.00360	0.00630
19	0.00687	0.00589	0.00589	0.00589	0.00785	0.00491	0.00442	0.00835	0.01325	0.01571	0.05891	0.05596	0.75700	0.01473	0.00687	0.00196	0.00295	0.01227	0.00540	0.00491
20	0.01010	0.00505	0.00758	0.00758	0.00758	0.00505	0.00505	0.00758	0.00758	0.01010	0.01010	0.01768	0.01010	0.02020	0.02273	0.83081	0.00505	0.00505	0.00253	0.00253
21	0.01555	0.79913	0.03047	0.00995	0.01493	0.02301	0.00995	0.01741	0.01182	0.01368	0.00808	0.00933	0.00746	0.00498	0.00373	0.00124	0.00622	0.00311	0.00249	0.00746
22	0.02117	0.09666	0.01773	0.01453	0.01770	0.70531	0.01112	0.02270	0.01606	0.01418	0.00891	0.01038	0.00749	0.00590	0.00511	0.00148	0.01011	0.00369	0.00295	0.00681
23	0.01098	0.01034	0.01744	0.78165	0.04005	0.01292	0.01615	0.01486	0.01163	0.01486	0.01034	0.01550	0.00775	0.00581	0.00581	0.00194	0.00775	0.00517	0.00258	0.00646
24	0.00688	0.00585	0.00594	0.00601	0.00789	0.00490	0.00447	0.00833	0.01314	0.01566	0.05747	0.09536	0.71853	0.01491	0.00690	0.00198	0.00297	0.01250	0.00540	0.00490
25	0.03446	0.73962	0.06931	0.01025	0.01539	0.02227	0.01048	0.01746	0.01180	0.01422	0.00821	0.00949	0.00743	0.00501	0.00382	0.00129	0.00631	0.00317	0.00251	0.00750
26	0.01232	0.02916	0.73130	0.01629	0.02470	0.01328	0.02090	0.01887	0.01248	0.05229	0.01100	0.01262	0.00769	0.00560	0.00554	0.00184	0.00843	0.00437	0.00267	0.00865
27	0.01206	0.01034	0.01206	0.00861	0.01378	0.00775	0.00689	0.01464	0.01206	0.01895	0.01034	0.01206	0.00861	0.00431	0.00431	0.00086	0.00431	0.00345	0.00345	0.83118
28	0.00783	0.00730	0.00658	0.00648	0.00851	0.05449	0.00486	0.00931	0.01346	0.01561	0.05569	0.05303	0.70857	0.01416	0.00677	0.00193	0.00343	0.01172	0.00524	0.00503
29	0.00759	0.00577	0.00850	0.00919	0.00990	0.00541	0.04887	0.00891	0.01139	0.01519	0.03079	0.71163	0.03647	0.01733	0.00742	0.00235	0.00385	0.04925	0.00525	0.00494
30	0.00709	0.00506	0.00675	0.00810	0.00843	0.00472	0.00540	0.00810	0.01113	0.01484	0.03205	0.79184	0.03846	0.01822	0.00742	0.00236	0.00337	0.01653	0.00540	0.00472
31	0.01206	0.01034	0.01206	0.00861	0.01378	0.00775	0.00689	0.01464	0.01206	0.01895	0.01034	0.01206	0.00861	0.00431	0.00431	0.00086	0.00431	0.00345	0.00345	0.83118
32	0.01330	0.01107	0.01272	0.00920	0.01431	0.00902	0.00740	0.10422	0.01395	0.02114	0.01078	0.01229	0.00877	0.00464	0.00449	0.00097	0.00457	0.00367	0.00374	0.72975
33	0.02211	0.01629	0.01745	0.01338	0.01803	0.01803	0.01105	0.73997	0.02734	0.03665	0.01396	0.01396	0.00989	0.00698	0.00582	0.00175	0.00640	0.00524	0.00582	0.00989
34	0.00695	0.00592	0.00600	0.00605	0.00799	0.00497	0.00458	0.00847	0.01326	0.01576	0.05800	0.05628	0.73362	0.01477	0.00691	0.00199	0.00302	0.03515	0.00540	0.00492
35	0.01367	0.01308	0.02229	0.19449	0.60623	0.01363	0.01749	0.01721	0.01290	0.01812	0.01081	0.01463	0.00890	0.00532	0.00577	0.00177	0.00709	0.00518	0.00282	0.00863
36	0.00831	0.00623	0.00935	0.00935	0.01038	0.00727	0.00727	0.01038	0.00935	0.01350	0.01558	0.02285	0.01454	0.04361	0.77259	0.00935	0.01558	0.00623	0.00312	0.00519
37	0.83671	0.01125	0.00855	0.00765	0.01125	0.01305	0.00630	0.01709	0.00990	0.02609	0.00810	0.00945	0.00630	0.00540	0.00360	0.00180	0.00450	0.00315	0.00360	0.00630
38	0.01437	0.01388	0.02397	0.03531	0.73422	0.01385	0.04269	0.01787	0.01326	0.01899	0.01097	0.01444	0.00920	0.00517	0.00580	0.00174	0.00701	0.00524	0.00288	0.00916
39	0.01116	0.00943	0.01107	0.00842	0.01280	0.00722	0.00658	0.01349	0.01199	0.01826	0.01542	0.11741	0.04660	0.00662	0.00484	0.00111	0.00412	0.00558	0.00379	0.68407
40	0.00687	0.00589	0.00589	0.00589	0.00785	0.00491	0.00442	0.00835	0.01325	0.01571	0.05891	0.05596	0.75700	0.01473	0.00687	0.00196	0.00295	0.01227	0.00540	0.00491
41	0.01206	0.01034	0.01206	0.00861	0.01378	0.00775	0.00689	0.01464	0.01206	0.01895	0.01034	0.01206	0.00861	0.00431	0.00431	0.00086	0.00431	0.00345	0.00345	0.83118
42	0.01417	0.01366	0.02354	0.07944	0.69669	0.01379	0.03768	0.01769	0.01316	0.01874	0.01093	0.01449	0.00911	0.00521	0.00579	0.00175	0.00704	0.00523	0.00286	0.00901
43	0.00731	0.00591	0.00650	0.00635	0.00813	0.00510	0.00477	0.00920	0.01430	0.01818	0.28553	0.05189	0.52884	0.01380	0.00687	0.00192	0.00288	0.01170	0.00573	0.00510
44	0.02207	0.01741	0.01736	0.01354	0.01803	0.09199	0.01107	0.66969	0.02628	0.03445	0.01347	0.01362	0.00965	0.00688	0.00576	0.00172	0.00680	0.00509	0.00554	0.00958
45	0.00709	0.00506	0.00675	0.00810	0.00843	0.00472	0.00540	0.00810	0.01113	0.01484	0.03205	0.79184	0.03846	0.01822	0.00742	0.00236	0.00337	0.01653	0.00540	0.00472
46	0.06966	0.02197	0.36743	0.01491	0.02139	0.01481	0.05439	0.27154	0.01775	0.07305	0.01239	0.01335	0.00871	0.00610	0.00560	0.00181	0.00739	0.00479	0.00404	0.00894
47	0.01832	0.02149	0.01905	0.08205	0.27926	0.44749	0.01393	0.02069	0.01497	0.01595	0.00978	0.01225	0.00811	0.00569	0.00547	0.00161	0.00902	0.00436	0.00292	0.00758
48	0.00817	0.00594	0.00768	0.00725	0.00865	0.00546	0.00544	0.01085	0.01631	0.02296	0.72329	0.04403	0.08809	0.01202	0.00686	0.00184	0.00275	0.01060	0.00635	0.00546
49	0.83671	0.01125	0.00855	0.00765	0.01125	0.01305	0.00630	0.01709	0.00990	0.02609	0.00810	0.00945	0.00630	0.00540	0.00360	0.00180	0.00450	0.00315	0.00360	0.00630
50	0.01229	0.00698	0.00714	0.00662	0.00844	0.00727	0.00509	0.09709	0.04742	0.02351	0.01861	0.02080	0.01446	0.00685	0.00435	0.00143	0.00322	0.00545	0.69688	0.00610
51	0.02553	0.01080	0.01406	0.01078	0.01530	0.00989	0.00890	0.12914	0.01816	0.66044	0.02167	0.01897	0.01376	0.00717	0.00584	0.00179	0.00515	0.00576	0.00700	0.00990
52	0.02165	0.01606	0.01720	0.01329	0.01786	0.01782	0.01094	0.69808	0.06996	0.03592	0.01453	0.01442	0.01035	0.00703	0.00582	0.00176	0.00629	0.00531	0.00582	0.00985
53	0.01194	0.01252	0.02400	0.01851	0.02171	0.01312	0.39617	0.01508	0.01198	0.01665	0.01550	0.19538	0.01543	0.00925	0.00989	0.00219	0.19180	0.00869	0.00342	0.00677
54	0.00689	0.00584	0.00594	0.00602	0.00789	0.00490	0.00448	0.00833	0.01313	0.01566	0.05732	0.09943	0.71456	0.01493	0.00691	0.00199	0.00297	0.01252	0.00540	0.00490
55	0.83671	0.01125	0.00855	0.00765	0.01125	0.01305	0.00630	0.01709	0.00990	0.02609	0.00810	0.00945	0.00630	0.00540	0.00360	0.00180	0.00450	0.00315	0.00360	0.00630
56	0.01418	0.01414	0.02575	0.04963	0.58844	0.01399	0.17117	0.01795	0.01331	0.01883	0.01110	0.01469	0.00910	0.00514	0.00599	0.00178	0.00754	0.00554	0.00289	0.00886
57	0.01098	0.01034	0.01744	0.78165	0.04005	0.01292	0.01615	0.01486	0.01163	0.01486	0.01034	0.01550	0.00775	0.00581	0.00581	0.00194	0.00775	0.00517	0.00258	0.00646
58	0.01405	0.01347	0.02299	0.10961	0.68808	0.01373	0.01768	0.01755	0.01308	0.01859	0.01088	0.01450	0.00907	0.00524	0.00576	0.00175	0.00699	0.00518	0.00285	0.00894
59	0.01187	0.09167	0.68140	0.01574	0.02381	0.01402	0.02003	0.01809	0.01238	0.01819	0.03434	0.01305	0.00891	0.00569	0.00542	0.00179	0.00821	0.00440	0.00259	0.00840
60	0.02172	0.02772	0.01648	0.01498	0.01798	0.77228	0.01124	0.02322	0.01648	0.01423	0.00899	0.01049	0.00749	0.00599	0.00524	0.00150	0.01049	0.00375	0.00300	0.00674
61	0.01166	0.03008	0.76550	0.01657	0.02517	0.01351	0.02149	0.01842	0.01228	0.01842	0.01044	0.01228	0.00737	0.00552	0.00552	0.00184	0.00859	0.00430	0.00246	0.00859
62	0.01555	0.79913	0.03047	0.00995	0.01493	0.02301	0.00995	0.01741	0.01182	0.01368	0.00808	0.00933	0.00746	0.00498	0.00373	0.00124	0.00622	0.00311	0.00249	0.00746
63	0.01098	0.01034	0.01744	0.78165	0.04005	0.01292	0.01615	0.01486	0.01163	0.01486	0.01034	0.01550	0.00775	0.00581	0.00581	0.00194	0.00775	0.00517	0.00258	0.00646
64	0.00844	0.00569	0.00659	0.00659	0.00667	0.00577	0.00383	0.00861	0.00853	0.01146	0.01810	0.03682	0.02061	0.73467	0.08982	0.00594	0.00644	0.00828	0.00349	0.00366
65	0.19191	0.37425	0.02453	0.04605	0.06179	0.04398	0.13425	0.01755	0.01205	0.01777	0.02334	0.01169	0.00847	0.00527	0.00456	0.00156	0.00665	0.00413	0.00292	0.00728
66	0.00985	0.00697	0.00830	0.00809	0.00911	0.00708	0.00571	0.09393	0.01276	0.01714	0.11707	0.14369	0.05294	0.35493	0.05021	0.00397	0.00535	0.08324	0.00466	0.00499
67	0.02524	0.01126	0.01434	0.01099	0.01552	0.01057	0.00908	0.17983	0.01892	0.60868	0.02103	0.01855	0.01344	0.00715	0.00584	0.00179	0.00526	0.00572	0.00690	0.00990
68	0.01340	0.01583	0.06361	0.08985	0.03101	0.01450	0.64545	0.01829	0.01348	0.01829	0.01158	0.01553	0.00867	0.00501	0.00672	0.00195	0.00958	0.00661	0.00289	0.00775

[dist]
# distance from previous block
# <min> <max>
0	1

[block]
# block no. 1 follows, 40 sequences, length 67
# corresponding to MSA columns:
# 129-195
name=unknown_B
#
# <colnr> <probs for GDERKNQSTAVLIFYWHMCP>
#	G	D	E	R	K	N	Q	S	T	A	V	L	I	F	Y	W	H	M	C	P
0	0.00742	0.00530	0.00714	0.00848	0.00897	0.00501	0.00598	0.00868	0.01147	0.01522	0.03186	0.68455	0.03772	0.01790	0.00751	0.00241	0.00367	0.12049	0.00539	0.00482
1	0.01496	0.01353	0.01338	0.01205	0.01532	0.06629	0.00934	0.03038	0.69876	0.02364	0.02266	0.02093	0.01705	0.00776	0.00587	0.00194	0.00500	0.00638	0.00572	0.00904
2	0.01485	0.47133	0.22662	0.01212	0.01790	0.08845	0.01299	0.01805	0.01238	0.01534	0.00894	0.01040	0.00751	0.00518	0.00439	0.00140	0.00713	0.00351	0.00259	0.05891
3	0.01486	0.15345	0.42591	0.04389	0.02222	0.17228	0.01677	0.05442	0.01378	0.01754	0.00992	0.01163	0.00755	0.00561	0.00520	0.00167	0.00846	0.00407	0.00274	0.00801
4	0.00834	0.00633	0.00774	0.00741	0.00896	0.00595	0.00554	0.01170	0.06567	0.02153	0.53843	0.08562	0.18001	0.01248	0.00683	0.00189	0.00294	0.01090	0.00613	0.00559
5	0.00718	0.00518	0.00682	0.00810	0.00857	0.00482	0.00553	0.00829	0.01135	0.01501	0.03343	0.71957	0.07674	0.01793	0.00742	0.00235	0.00344	0.04812	0.00540	0.00476
6	0.00831	0.00623	0.00935	0.00935	0.01038	0.00727	0.00727	0.01038	0.00935	0.01350	0.01558	0.02285	0.01454	0.04361	0.77259	0.00935	0.01558	0.00623	0.00312	0.00519
7	0.00846	0.00564	0.00634	0.00634	0.00634	0.00564	0.00352	0.00846	0.00846	0.01128	0.01832	0.03805	0.02114	0.79563	0.02960	0.00564	0.00564	0.00846	0.00352	0.00352
8	0.02609	0.00990	0.01350	0.01035	0.01484	0.00855	0.00855	0.02834	0.01664	0.76338	0.02294	0.01979	0.01439	0.00720	0.00585	0.00180	0.00495	0.00585	0.00720	0.00990
9	0.00823	0.00594	0.00777	0.00732	0.00869	0.00549	0.00549	0.01097	0.01646	0.02332	0.75629	0.04344	0.05487	0.01189	0.00686	0.00183	0.00274	0.01052	0.00640	0.00549
10	0.00835	0.00606	0.00850	0.00850	0.00925	0.00681	0.00622	0.00984	0.00910	0.01288	0.01635	0.02711	0.01639	0.25443	0.56430	0.00831	0.01279	0.00685	0.00323	0.00472
11	0.01555	0.79913	0.03047	0.00995	0.01493	0.02301	0.00995	0.01741	0.01182	0.01368	0.00808	0.00933	0.00746	0.00498	0.00373	0.00124	0.00622	0.00311	0.00249	0.00746
12	0.83671	0.01125	0.00855	0.00765	0.01125	0.01305	0.00630	0.01709	0.00990	0.02609	0.00810	0.00945	0.00630	0.00540	0.00360	0.00180	0.00450	0.00315	0.00360	0.00630
13	0.01272	0.01272	0.01781	0.01527	0.01527	0.01781	0.01272	0.01399	0.00891	0.01399	0.00763	0.01272	0.00763	0.01018	0.01908	0.00254	0.78499	0.00509	0.00254	0.00636
14	0.83671	0.01125	0.00855	0.00765	0.01125	0.01305	0.00630	0.01709	0.00990	0.02609	0.00810	0.00945	0.00630	0.00540	0.00360	0.00180	0.00450	0.00315	0.00360	0.00630
15	0.83671	0.01125	0.00855	0.00765	0.01125	0.01305	0.00630	0.01709	0.00990	0.02609	0.00810	0.00945	0.00630	0.00540	0.00360	0.00180	0.00450	0.00315	0.00360	0.00630
16	0.01593	0.01083	0.01284	0.00953	0.01429	0.00919	0.00770	0.11672	0.01528	0.16499	0.05450	0.01554	0.01246	0.00565	0.00495	0.00122	0.00463	0.00454	0.00466	0.51453
17	0.10255	0.01476	0.16748	0.01164	0.01690	0.01089	0.01121	0.09135	0.01608	0.47060	0.01808	0.01669	0.01174	0.00666	0.00556	0.00180	0.00579	0.00521	0.00574	0.00927
18	0.02510	0.00968	0.01318	0.01018	0.01450	0.00838	0.00838	0.02738	0.01663	0.72247	0.06349	0.02110	0.01663	0.00746	0.00590	0.00180	0.00483	0.00611	0.00715	0.00965
19	0.02609	0.00990	0.01350	0.01035	0.01484	0.00855	0.00855	0.02834	0.01664	0.76338	0.02294	0.01979	0.01439	0.00720	0.00585	0.00180	0.00495	0.00585	0.00720	0.00990
20	0.01544	0.73399	0.07585	0.01048	0.01563	0.03925	0.01070	0.01761	0.01195	0.01399	0.00825	0.00954	0.00746	0.00503	0.00388	0.00129	0.00646	0.00320	0.00250	0.00752
21	0.00846	0.00564	0.00634	0.00634	0.00634	0.00564	0.00352	0.00846	0.00846	0.01128	0.01832	0.03805	0.02114	0.79563	0.02960	0.00564	0.00564	0.00846	0.00352	0.00352
22	0.01084	0.00542	0.00542	0.00542	0.00678	0.00542	0.00407	0.01355	0.01220	0.02168	0.01897	0.02168	0.01491	0.00678	0.00407	0.00136	0.00271	0.00542	0.82791	0.00542
23	0.01396	0.10788	0.16495	0.01482	0.01753	0.05882	0.02566	0.01649	0.01075	0.04897	0.00907	0.01249	0.00788	0.00822	0.01310	0.00216	0.45268	0.00469	0.00276	0.00713
24	0.01422	0.01288	0.01754	0.06910	0.31017	0.01411	0.01304	0.02476	0.41292	0.02164	0.01782	0.01843	0.01376	0.00669	0.00585	0.00187	0.00571	0.00594	0.00451	0.00904
25	0.01189	0.01162	0.01440	0.03010	0.01403	0.08214	0.01044	0.01341	0.00976	0.01372	0.01089	0.01723	0.01056	0.06869	0.24703	0.00469	0.41519	0.00553	0.00282	0.00587
26	0.00937	0.00669	0.00937	0.01071	0.01205	0.00669	0.00937	0.01205	0.01339	0.01740	0.03079	0.06560	0.03347	0.01606	0.00803	0.00268	0.00535	0.72021	0.00535	0.00535
27	0.01204	0.02772	0.65391	0.01885	0.09588	0.01360	0.06076	0.01837	0.01245	0.01848	0.01056	0.01267	0.00762	0.00546	0.00562	0.00184	0.00850	0.00452	0.00252	0.00861
28	0.01431	0.06246	0.02357	0.06758	0.66740	0.01436	0.01713	0.01791	0.02592	0.01857	0.01096	0.01426	0.00919	0.00524	0.00564	0.00171	0.00686	0.00508	0.00289	0.00898
29	0.00982	0.00604	0.00737	0.00725	0.00828	0.00661	0.00543	0.01194	0.01068	0.01745	0.01728	0.02358	0.01519	0.11147	0.25769	0.00451	0.04260	0.00602	0.42562	0.00517
30	0.00694	0.00589	0.00598	0.00596	0.00790	0.00494	0.00447	0.00847	0.01341	0.01608	0.09305	0.05535	0.72262	0.01459	0.00687	0.00196	0.00294	0.01219	0.00545	0.00494
31	0.01208	0.01129	0.04602	0.07554	0.21752	0.01080	0.06206	0.01645	0.09031	0.01908	0.05891	0.10360	0.03542	0.01060	0.00695	0.00223	0.00615	0.20304	0.00451	0.00744
32	0.01556	0.60691	0.17914	0.01189	0.01754	0.04957	0.01257	0.01822	0.01246	0.01525	0.00923	0.01084	0.00803	0.00554	0.00443	0.00149	0.00706	0.00359	0.00272	0.00797
33	0.00806	0.00577	0.00701	0.00783	0.00833	0.00536	0.00510	0.00869	0.01109	0.01463	0.03207	0.51322	0.11605	0.21228	0.01314	0.00324	0.00411	0.01411	0.00512	0.00478
34	0.00958	0.00606	0.00793	0.00864	0.00952	0.00554	0.00597	0.01071	0.01256	0.08415	0.10587	0.63838	0.03825	0.01685	0.00746	0.00236	0.00367	0.01503	0.00585	0.00560
35	0.01708	0.01017	0.01250	0.00957	0.01403	0.00833	0.00763	0.01981	0.03753	0.27384	0.10201	0.01947	0.01680	0.00670	0.00545	0.00145	0.00457	0.00539	0.00535	0.42234
36	0.01399	0.04849	0.23307	0.06449	0.38248	0.01446	0.11863	0.01834	0.01327	0.01892	0.01138	0.01467	0.00908	0.00567	0.00603	0.00190	0.00799	0.00528	0.00295	0.00894
37	0.01254	0.08291	0.70831	0.01646	0.02479	0.01446	0.02082	0.01873	0.01262	0.01863	0.01088	0.01292	0.00796	0.00589	0.00566	0.00191	0.00860	0.00442	0.00267	0.00881
38	0.01556	0.01896	0.16436	0.03973	0.39179	0.10704	0.01682	0.05463	0.04746	0.01956	0.01171	0.01456	0.00951	0.00629	0.00675	0.00190	0.05611	0.00509	0.00328	0.00888
39	0.02155	0.11369	0.01840	0.01478	0.01803	0.68194	0.01131	0.02291	0.01629	0.01475	0.00951	0.01122	0.00808	0.00628	0.00534	0.00158	0.01017	0.00388	0.00315	0.00713
40	0.00801	0.00573	0.00752	0.00883	0.00934	0.00534	0.00614	0.00904	0.01178	0.01572	0.03230	0.69979	0.03816	0.01825	0.00773	0.00250	0.00383	0.09927	0.00558	0.00513
41	0.01233	0.02991	0.73846	0.01713	0.02563	0.01384	0.04134	0.01880	0.01269	0.01896	0.01108	0.01321	0.00800	0.00591	0.00582	0.00196	0.00880	0.00457	0.00268	0.00887
42	0.01373	0.01134	0.01328	0.01375	0.09392	0.01234	0.00939	0.08375	0.39479	0.02288	0.05912	0.16634	0.02248	0.04564	0.00754	0.00227	0.00494	0.00862	0.00558	0.00828
43	0.00997	0.00659	0.00851	0.00804	0.00956	0.00600	0.00596	0.01231	0.01625	0.07354	0.62376	0.12061	0.05051	0.01257	0.00709	0.00199	0.00319	0.01097	0.00653	0.00603
44	0.00774	0.00553	0.00721	0.00852	0.00892	0.00511	0.00568	0.00858	0.01152	0.01542	0.03245	0.78510	0.03875	0.01850	0.00766	0.00247	0.00360	0.01661	0.00559	0.00505
45	0.01501	0.01305	0.01399	0.01364	0.06604	0.04820	0.00993	0.06828	0.51742	0.02410	0.06862	0.02538	0.03306	0.00877	0.00632	0.00206	0.00524	0.04625	0.00574	0.00890
46	0.01133	0.04563	0.01498	0.10151	0.24006	0.03366	0.01120	0.01335	0.01252	0.01673	0.02183	0.36966	0.02394	0.01212	0.00678	0.00217	0.00559	0.04580	0.00431	0.00682
47	0.02656	0.01032	0.01389	0.01075	0.01526	0.00890	0.00880	0.02862	0.01698	0.75668	0.02343	0.02056	0.01492	0.00759	0.00610	0.00191	0.00516	0.00603	0.00737	0.01018
48	0.00910	0.00610	0.00681	0.00678	0.00684	0.00602	0.00382	0.00893	0.00887	0.01189	0.01885	0.03865	0.02160	0.78835	0.02962	0.00571	0.00584	0.00862	0.00373	0.00387
49	0.00774	0.00553	0.00721	0.00852	0.00892	0.00511	0.00568	0.00858	0.01152	0.01542	0.03245	0.78510	0.03875	0.01850	0.00766	0.00247	0.00360	0.01661	0.00559	0.00505
50	0.01227	0.03031	0.75858	0.01692	0.02549	0.01381	0.02161	0.01880	0.01265	0.01896	0.01104	0.01312	0.00796	0.00593	0.00578	0.00195	0.00877	0.00450	0.00267	0.00889
51	0.00828	0.00678	0.00720	0.00700	0.00896	0.00601	0.00522	0.01076	0.06001	0.01837	0.19977	0.05169	0.56045	0.01404	0.00706	0.00205	0.00323	0.01168	0.00582	0.00562
52	0.01664	0.72615	0.02951	0.01078	0.01560	0.08706	0.01029	0.01830	0.01259	0.01432	0.00879	0.01030	0.00805	0.00547	0.00414	0.00138	0.00678	0.00338	0.00275	0.00771
53	0.01491	0.01458	0.04084	0.03541	0.73577	0.01411	0.01809	0.01824	0.01358	0.01952	0.01153	0.01517	0.00974	0.00560	0.00601	0.00184	0.00713	0.00535	0.00308	0.00948
54	0.02611	0.01042	0.01388	0.01081	0.01527	0.00912	0.00882	0.02872	0.04512	0.72827	0.02346	0.02064	0.01505	0.00761	0.00611	0.00192	0.00514	0.00606	0.00732	0.01015
55	0.00880	0.00606	0.00725	0.00750	0.00775	0.00602	0.00464	0.00909	0.00952	0.01288	0.02135	0.19133	0.02437	0.54069	0.11237	0.00548	0.00654	0.01001	0.00407	0.00431
56	0.02355	0.01348	0.05133	0.01334	0.01823	0.01218	0.08946	0.20651	0.01916	0.45853	0.01938	0.01830	0.01285	0.00721	0.00619	0.00192	0.00622	0.00592	0.00634	0.00989
57	0.01534	0.01330	0.01862	0.44580	0.13217	0.03562	0.01506	0.20992	0.01657	0.02182	0.01196	0.01561	0.00910	0.00645	0.00605	0.00196	0.00753	0.00534	0.00372	0.00808
58	0.01314	0.01290	0.01827	0.01562	0.01592	0.01746	0.03533	0.01438	0.00949	0.01470	0.00879	0.01415	0.00860	0.01201	0.05572	0.00296	0.71572	0.00539	0.00280	0.00667
59	0.02136	0.00940	0.01233	0.01033	0.01377	0.00841	0.00811	0.05182	0.02956	0.52408	0.02540	0.21636	0.02091	0.01039	0.00650	0.00205	0.00481	0.00873	0.00683	0.00885
60	0.01338	0.01406	0.06057	0.12250	0.02078	0.01695	0.06337	0.03778	0.01078	0.01597	0.00928	0.01416	0.00837	0.00922	0.01537	0.00246	0.54969	0.00537	0.00289	0.00702
61	0.00831	0.00606	0.00772	0.00855	0.00886	0.00600	0.00569	0.00896	0.01086	0.01466	0.02839	0.59238	0.03363	0.17377	0.01273	0.00313	0.04593	0.01438	0.00506	0.00490
62	0.02081	0.01528	0.01650	0.01303	0.01723	0.01680	0.01060	0.61969	0.05428	0.03421	0.01528	0.01608	0.01133	0.00991	0.05843	0.00237	0.00697	0.00556	0.04605	0.00960
63	0.02181	0.01001	0.01301	0.01008	0.01441	0.00842	0.00814	0.02399	0.01600	0.52592	0.09555	0.02136	0.01784	0.00746	0.00589	0.00172	0.00480	0.00601	0.00650	0.18109
64	0.01779	0.53902	0.02654	0.01292	0.05262	0.19004	0.01092	0.05784	0.01414	0.01588	0.00937	0.01096	0.00827	0.00573	0.00456	0.00147	0.00741	0.00368	0.00301	0.00782
65	0.15025	0.04915	0.01397	0.01032	0.01472	0.01029	0.00852	0.02636	0.01571	0.60702	0.02043	0.01847	0.01334	0.00720	0.00566	0.00188	0.00515	0.00549	0.00659	0.00951
66	0.01654	0.01259	0.01378	0.01147	0.01541	0.01351	0.00911	0.15492	0.43724	0.09468	0.01980	0.01864	0.01462	0.00711	0.00564	0.00174	0.00491	0.00578	0.00564	0.13686

[dist]
# distance from previous block
# <min> <max>
0	2

[block]
# block no. 2 follows, 40 sequences, length 38
# corresponding to MSA columns:
# 198-235
name=unknown_C
#
# <colnr> <probs for GDERKNQSTAVLIFYWHMCP>
#	G	D	E	R	K	N	Q	S	T	A	V	L	I	F	Y	W	H	M	C	P
0	0.01630	0.01573	0.01403	0.01254	0.01584	0.16595	0.00970	0.06557	0.56579	0.02294	0.02024	0.01906	0.01530	0.00746	0.00578	0.00187	0.00587	0.00594	0.00533	0.00875
1	0.02198	0.01465	0.01614	0.01250	0.01694	0.01583	0.01029	0.56477	0.05528	0.15426	0.01604	0.01555	0.01116	0.00705	0.00576	0.00175	0.00594	0.00540	0.03905	0.00968
2	0.83671	0.01125	0.00855	0.00765	0.01125	0.01305	0.00630	0.01709	0.00990	0.02609	0.00810	0.00945	0.00630	0.00540	0.00360	0.00180	0.00450	0.00315	0.00360	0.00630
3	0.01474	0.01263	0.01331	0.01189	0.01523	0.01460	0.00927	0.05694	0.72235	0.02478	0.02331	0.02141	0.01746	0.00786	0.00591	0.00196	0.00467	0.00653	0.00591	0.00923
4	0.01446	0.01249	0.01315	0.01183	0.01512	0.01446	0.00920	0.03090	0.74885	0.02433	0.02367	0.02170	0.01775	0.00789	0.00592	0.00197	0.00460	0.00657	0.00592	0.00920
5	0.02592	0.01016	0.01366	0.01047	0.01498	0.00895	0.00865	0.05822	0.01709	0.73287	0.02256	0.01955	0.01421	0.00719	0.00585	0.00180	0.00501	0.00582	0.00714	0.00990
6	0.01446	0.01249	0.01315	0.01183	0.01512	0.01446	0.00920	0.03090	0.74885	0.02433	0.02367	0.02170	0.01775	0.00789	0.00592	0.00197	0.00460	0.00657	0.00592	0.00920
7	0.00818	0.00594	0.00771	0.00727	0.00866	0.00547	0.00545	0.01088	0.01635	0.02306	0.73215	0.04387	0.07917	0.01199	0.00686	0.00183	0.00275	0.01058	0.00637	0.00547
8	0.02609	0.00990	0.01350	0.01035	0.01484	0.00855	0.00855	0.02834	0.01664	0.76338	0.02294	0.01979	0.01439	0.00720	0.00585	0.00180	0.00495	0.00585	0.00720	0.00990
9	0.00709	0.00506	0.00675	0.00810	0.00843	0.00472	0.00540	0.00810	0.01113	0.01484	0.03205	0.79184	0.03846	0.01822	0.00742	0.00236	0.00337	0.01653	0.00540	0.00472
10	0.00720	0.00515	0.00685	0.00802	0.00846	0.00480	0.00541	0.00838	0.01167	0.01569	0.10446	0.71701	0.04010	0.01759	0.00737	0.00231	0.00331	0.01593	0.00550	0.00480
11	0.01098	0.01034	0.01744	0.78165	0.04005	0.01292	0.01615	0.01486	0.01163	0.01486	0.01034	0.01550	0.00775	0.00581	0.00581	0.00194	0.00775	0.00517	0.00258	0.00646
12	0.01555	0.79913	0.03047	0.00995	0.01493	0.02301	0.00995	0.01741	0.01182	0.01368	0.00808	0.00933	0.00746	0.00498	0.00373	0.00124	0.00622	0.00311	0.00249	0.00746
13	0.83671	0.01125	0.00855	0.00765	0.01125	0.01305	0.00630	0.01709	0.00990	0.02609	0.00810	0.00945	0.00630	0.00540	0.00360	0.00180	0.00450	0.00315	0.00360	0.00630
14	0.00694	0.00589	0.00599	0.00596	0.00790	0.00494	0.00447	0.00848	0.01342	0.01610	0.09499	0.05532	0.72067	0.01458	0.00687	0.00196	0.00294	0.01218	0.00545	0.00494
15	0.01166	0.03008	0.76550	0.01657	0.02517	0.01351	0.02149	0.01842	0.01228	0.01842	0.01044	0.01228	0.00737	0.00552	0.00552	0.00184	0.00859	0.00430	0.00246	0.00859
16	0.00709	0.00506	0.00675	0.00810	0.00843	0.00472	0.00540	0.00810	0.01113	0.01484	0.03205	0.79184	0.03846	0.01822	0.00742	0.00236	0.00337	0.01653	0.00540	0.00472
17	0.00823	0.00594	0.00777	0.00732	0.00869	0.00549	0.00549	0.01097	0.01646	0.02332	0.75629	0.04344	0.05487	0.01189	0.00686	0.00183	0.00274	0.01052	0.00640	0.00549
18	0.00814	0.00594	0.00764	0.00722	0.00863	0.00545	0.00541	0.01079	0.01624	0.02279	0.70735	0.04432	0.10414	0.01209	0.00686	0.00184	0.00276	0.01064	0.00633	0.00545
19	0.09191	0.01001	0.01309	0.01013	0.01455	0.00891	0.00836	0.02743	0.01610	0.70352	0.02174	0.01895	0.01374	0.00705	0.00567	0.00180	0.00491	0.00563	0.00691	0.00960
20	0.02211	0.01629	0.01745	0.01338	0.01803	0.01803	0.01105	0.73997	0.02734	0.03665	0.01396	0.01396	0.00989	0.00698	0.00582	0.00175	0.00640	0.00524	0.00582	0.00989
21	0.00823	0.00594	0.00777	0.00732	0.00869	0.00549	0.00549	0.01097	0.01646	0.02332	0.75629	0.04344	0.05487	0.01189	0.00686	0.00183	0.00274	0.01052	0.00640	0.00549
22	0.78921	0.01094	0.00850	0.00763	0.01110	0.01261	0.00625	0.01674	0.01027	0.02593	0.05099	0.01140	0.00908	0.00577	0.00379	0.00180	0.00440	0.00357	0.00376	0.00625
23	0.01505	0.75366	0.02906	0.00972	0.01452	0.02197	0.00963	0.01689	0.01190	0.01380	0.01100	0.01200	0.05043	0.00553	0.00391	0.00129	0.00603	0.00363	0.00265	0.00732
24	0.06880	0.01600	0.01694	0.01305	0.01764	0.01775	0.01078	0.69853	0.02634	0.03604	0.01363	0.01370	0.00968	0.00689	0.00569	0.00175	0.00629	0.00512	0.00569	0.00968
25	0.01107	0.01051	0.01798	0.75766	0.03975	0.01298	0.03903	0.01498	0.01169	0.01498	0.01038	0.01551	0.00779	0.00579	0.00585	0.00194	0.00782	0.00522	0.00260	0.00650
26	0.02609	0.00990	0.01350	0.01035	0.01484	0.00855	0.00855	0.02834	0.01664	0.76338	0.02294	0.01979	0.01439	0.00720	0.00585	0.00180	0.00495	0.00585	0.00720	0.00990
27	0.00738	0.00587	0.00671	0.00724	0.00875	0.00520	0.00553	0.00897	0.01284	0.01584	0.04813	0.21134	0.47402	0.01570	0.00720	0.00218	0.00348	0.14329	0.00539	0.00495
28	0.00720	0.00514	0.00688	0.00823	0.00862	0.00482	0.00560	0.00830	0.01125	0.01498	0.03199	0.75475	0.03821	0.01811	0.00745	0.00238	0.00347	0.05246	0.00540	0.00476
29	0.01084	0.00542	0.00542	0.00542	0.00678	0.00542	0.00407	0.01355	0.01220	0.02168	0.01897	0.02168	0.01491	0.00678	0.00407	0.00136	0.00271	0.00542	0.82791	0.00542
30	0.01098	0.01034	0.01744	0.78165	0.04005	0.01292	0.01615	0.01486	0.01163	0.01486	0.01034	0.01550	0.00775	0.00581	0.00581	0.00194	0.00775	0.00517	0.00258	0.00646
31	0.01426	0.01368	0.02336	0.06564	0.73048	0.01378	0.01778	0.01773	0.01318	0.01883	0.01091	0.01444	0.00915	0.00521	0.00576	0.00174	0.00694	0.00518	0.00287	0.00910
32	0.83671	0.01125	0.00855	0.00765	0.01125	0.01305	0.00630	0.01709	0.00990	0.02609	0.00810	0.00945	0.00630	0.00540	0.00360	0.00180	0.00450	0.00315	0.00360	0.00630
33	0.01439	0.01382	0.02360	0.03569	0.75936	0.01382	0.01785	0.01785	0.01324	0.01900	0.01094	0.01439	0.00921	0.00518	0.00576	0.00173	0.00691	0.00518	0.00288	0.00921
34	0.01627	0.01062	0.01278	0.00937	0.01433	0.00864	0.00759	0.06633	0.01423	0.20803	0.01376	0.01414	0.01016	0.00521	0.00480	0.00116	0.00461	0.00417	0.00455	0.56926
35	0.00902	0.00664	0.00908	0.01037	0.03015	0.00654	0.00831	0.01174	0.03092	0.01779	0.11236	0.17446	0.06778	0.01540	0.00765	0.00246	0.00467	0.46378	0.00543	0.00544
36	0.01439	0.01382	0.02360	0.03569	0.75936	0.01382	0.01785	0.01785	0.01324	0.01900	0.01094	0.01439	0.00921	0.00518	0.00576	0.00173	0.00691	0.00518	0.00288	0.00921
37	0.00709	0.00506	0.00675	0.00810	0.00843	0.00472	0.00540	0.00810	0.01113	0.01484	0.03205	0.79184	0.03846	0.01822	0.00742	0.00236	0.00337	0.01653	0.00540	0.00472

[dist]
# distance from previous block
# <min> <max>
0	14

[block]
# block no. 3 follows, 40 sequences, length 96
# corresponding to MSA columns:
# 250-345
name=unknown_D
#
# <colnr> <probs for GDERKNQSTAVLIFYWHMCP>
#	G	D	E	R	K	N	Q	S	T	A	V	L	I	F	Y	W	H	M	C	P
0	0.00759	0.00634	0.00647	0.00641	0.00838	0.00532	0.00476	0.00897	0.01382	0.01676	0.10509	0.05554	0.70423	0.01484	0.00711	0.00206	0.00315	0.01227	0.00564	0.00526
1	0.01461	0.01385	0.02329	0.10888	0.68240	0.01401	0.01783	0.01792	0.01343	0.01911	0.01146	0.01529	0.00961	0.00564	0.00601	0.00185	0.00717	0.00536	0.00305	0.00922
2	0.01457	0.01457	0.04907	0.08982	0.63783	0.01407	0.05452	0.01805	0.01346	0.01917	0.01150	0.01525	0.00957	0.00562	0.00605	0.00187	0.00735	0.00542	0.00305	0.00919
3	0.01431	0.00872	0.00905	0.00796	0.01018	0.00909	0.00616	0.20385	0.01641	0.02579	0.01814	0.02084	0.01426	0.02961	0.00551	0.00169	0.00398	0.00564	0.58197	0.00685
4	0.82962	0.01164	0.00897	0.00806	0.01168	0.01334	0.00656	0.01747	0.01028	0.02654	0.00870	0.01028	0.00687	0.00579	0.00386	0.00191	0.00470	0.00335	0.00379	0.00660
5	0.82962	0.01164	0.00897	0.00806	0.01168	0.01334	0.00656	0.01747	0.01028	0.02654	0.00870	0.01028	0.00687	0.00579	0.00386	0.00191	0.00470	0.00335	0.00379	0.00660
6	0.00906	0.00611	0.00693	0.00690	0.00701	0.00608	0.00398	0.00900	0.00889	0.01196	0.01870	0.03791	0.02127	0.75335	0.06452	0.00588	0.00630	0.00851	0.00370	0.00393
7	0.00854	0.00638	0.00779	0.00741	0.00896	0.00572	0.00552	0.01082	0.01607	0.02211	0.59533	0.04673	0.21065	0.01285	0.00710	0.00196	0.00301	0.01104	0.00635	0.00567
8	0.02361	0.01113	0.01391	0.01118	0.01541	0.01061	0.00902	0.05136	0.19406	0.55595	0.02330	0.02081	0.01556	0.00773	0.00611	0.00195	0.00511	0.00618	0.00701	0.01000
9	0.01070	0.00550	0.00801	0.00799	0.00804	0.00542	0.00532	0.00804	0.00798	0.01070	0.01069	0.01843	0.01064	0.02045	0.02281	0.82321	0.00525	0.00524	0.00273	0.00286
10	0.02221	0.02796	0.01683	0.01532	0.01835	0.76552	0.01145	0.02354	0.01680	0.01479	0.00958	0.01131	0.00805	0.00638	0.00549	0.00161	0.01063	0.00394	0.00320	0.00704
11	0.02259	0.01664	0.01780	0.01374	0.01840	0.01828	0.01127	0.73362	0.02756	0.03700	0.01451	0.01475	0.01043	0.00736	0.00606	0.00185	0.00658	0.00542	0.00599	0.01016
12	0.00779	0.00557	0.00726	0.00845	0.00891	0.00515	0.00567	0.00875	0.01187	0.01598	0.08226	0.73390	0.03986	0.01805	0.00761	0.00243	0.00354	0.01620	0.00565	0.00509
13	0.82962	0.01164	0.00897	0.00806	0.01168	0.01334	0.00656	0.01747	0.01028	0.02654	0.00870	0.01028	0.00687	0.00579	0.00386	0.00191	0.00470	0.00335	0.00379	0.00660
14	0.01429	0.01604	0.03450	0.02476	0.03065	0.01498	0.73169	0.01899	0.01407	0.01914	0.01233	0.01646	0.00937	0.00530	0.00710	0.00207	0.00996	0.00703	0.00314	0.00813
15	0.01264	0.01074	0.01245	0.00901	0.01419	0.00809	0.00714	0.01504	0.01242	0.01946	0.01092	0.01287	0.00917	0.00471	0.00457	0.00098	0.00451	0.00364	0.00364	0.82382
16	0.01523	0.01633	0.01786	0.01554	0.01625	0.18043	0.01260	0.01638	0.01092	0.01461	0.00853	0.01304	0.00816	0.00962	0.01623	0.00242	0.61126	0.00498	0.00285	0.00674
17	0.00884	0.00639	0.00821	0.00773	0.00915	0.00585	0.00575	0.01141	0.01678	0.02379	0.74994	0.04395	0.05499	0.01222	0.00709	0.00193	0.00296	0.01065	0.00657	0.00580
18	0.02221	0.02796	0.01683	0.01532	0.01835	0.76552	0.01145	0.02354	0.01680	0.01479	0.00958	0.01131	0.00805	0.00638	0.00549	0.00161	0.01063	0.00394	0.00320	0.00704
19	0.82962	0.01164	0.00897	0.00806	0.01168	0.01334	0.00656	0.01747	0.01028	0.02654	0.00870	0.01028	0.00687	0.00579	0.00386	0.00191	0.00470	0.00335	0.00379	0.00660
20	0.01157	0.01074	0.01779	0.77487	0.04022	0.01321	0.01632	0.01525	0.01199	0.01541	0.01092	0.01628	0.00831	0.00620	0.00606	0.00204	0.00792	0.00535	0.00279	0.00676
21	0.00771	0.00551	0.00719	0.00850	0.00889	0.00509	0.00566	0.00856	0.01150	0.01540	0.03243	0.78540	0.03874	0.01849	0.00765	0.00246	0.00359	0.01661	0.00558	0.00504
22	0.02654	0.01030	0.01388	0.01073	0.01525	0.00888	0.00878	0.02861	0.01696	0.75698	0.02341	0.02053	0.01489	0.00757	0.00609	0.00191	0.00515	0.00603	0.00736	0.01016
23	0.00997	0.00713	0.00979	0.01109	0.01248	0.00705	0.00960	0.01247	0.01373	0.01793	0.03118	0.06591	0.03379	0.01636	0.00826	0.00278	0.00555	0.71375	0.00553	0.00567
24	0.01502	0.01287	0.01353	0.01220	0.01552	0.01474	0.00944	0.03115	0.74236	0.02479	0.02413	0.02241	0.01822	0.00826	0.00616	0.00208	0.00480	0.00675	0.00609	0.00948
25	0.01157	0.01074	0.01779	0.77487	0.04022	0.01321	0.01632	0.01525	0.01199	0.01541	0.01092	0.01628	0.00831	0.00620	0.00606	0.00204	0.00792	0.00535	0.00279	0.00676
26	0.02259	0.01664	0.01780	0.01374	0.01840	0.01828	0.01127	0.73362	0.02756	0.03700	0.01451	0.01475	0.01043	0.00736	0.00606	0.00185	0.00658	0.00542	0.00599	0.01016
27	0.00755	0.00612	0.00656	0.00688	0.00847	0.00523	0.00494	0.00874	0.01306	0.01603	0.05218	0.24425	0.56714	0.01592	0.00725	0.00217	0.00327	0.01348	0.00558	0.00518
28	0.82962	0.01164	0.00897	0.00806	0.01168	0.01334	0.00656	0.01747	0.01028	0.02654	0.00870	0.01028	0.00687	0.00579	0.00386	0.00191	0.00470	0.00335	0.00379	0.00660
29	0.01609	0.79220	0.03069	0.01034	0.01533	0.02321	0.01017	0.01778	0.01218	0.01424	0.00869	0.01016	0.00803	0.00537	0.00400	0.00136	0.00640	0.00331	0.00269	0.00775
30	0.00799	0.00563	0.00711	0.00814	0.00846	0.00528	0.00528	0.00863	0.01095	0.01466	0.02958	0.62891	0.03514	0.17988	0.01226	0.00314	0.00406	0.01493	0.00519	0.00479
31	0.01609	0.79220	0.03069	0.01034	0.01533	0.02321	0.01017	0.01778	0.01218	0.01424	0.00869	0.01016	0.00803	0.00537	0.00400	0.00136	0.00640	0.00331	0.00269	0.00775
32	0.00771	0.00551	0.00719	0.00850	0.00889	0.00509	0.00566	0.00856	0.01150	0.01540	0.03243	0.78540	0.03874	0.01849	0.00765	0.00246	0.00359	0.01661	0.00558	0.00504
33	0.01495	0.01419	0.02389	0.03584	0.75284	0.01410	0.01800	0.01821	0.01359	0.01951	0.01152	0.01518	0.00976	0.00557	0.00600	0.00183	0.00709	0.00536	0.00308	0.00949
34	0.01822	0.01529	0.01556	0.04620	0.07894	0.13153	0.01085	0.09723	0.37433	0.11736	0.01921	0.01882	0.01432	0.00748	0.00602	0.00194	0.00625	0.00591	0.00540	0.00914
35	0.01970	0.01553	0.01598	0.01323	0.01710	0.07052	0.01076	0.48974	0.10379	0.03091	0.01747	0.02237	0.01434	0.00951	0.02580	0.00217	0.00678	0.09950	0.00567	0.00914
36	0.82962	0.01164	0.00897	0.00806	0.01168	0.01334	0.00656	0.01747	0.01028	0.02654	0.00870	0.01028	0.00687	0.00579	0.00386	0.00191	0.00470	0.00335	0.00379	0.00660
37	0.00884	0.00639	0.00821	0.00773	0.00915	0.00585	0.00575	0.01141	0.01678	0.02379	0.74994	0.04395	0.05499	0.01222	0.00709	0.00193	0.00296	0.01065	0.00657	0.00580
38	0.00750	0.00634	0.00634	0.00632	0.00832	0.00528	0.00469	0.00880	0.01360	0.01625	0.05904	0.05636	0.75059	0.01503	0.00711	0.00207	0.00316	0.01239	0.00558	0.00522
39	0.02654	0.01030	0.01388	0.01073	0.01525	0.00888	0.00878	0.02861	0.01696	0.75698	0.02341	0.02053	0.01489	0.00757	0.00609	0.00191	0.00515	0.00603	0.00736	0.01016
40	0.01241	0.02913	0.69937	0.01755	0.02590	0.01389	0.07995	0.01880	0.01275	0.01895	0.01113	0.01336	0.00805	0.00586	0.00588	0.00196	0.00886	0.00470	0.00270	0.00881
41	0.01264	0.01074	0.01245	0.00901	0.01419	0.00809	0.00714	0.01504	0.01242	0.01946	0.01092	0.01287	0.00917	0.00471	0.00457	0.00098	0.00451	0.00364	0.00364	0.82382
42	0.01224	0.03030	0.75889	0.01690	0.02547	0.01379	0.02160	0.01878	0.01264	0.01893	0.01102	0.01308	0.00793	0.00591	0.00577	0.00195	0.00876	0.00449	0.00266	0.00887
43	0.01502	0.01287	0.01353	0.01220	0.01552	0.01474	0.00944	0.03115	0.74236	0.02479	0.02413	0.02241	0.01822	0.00826	0.00616	0.00208	0.00480	0.00675	0.00609	0.00948
44	0.01478	0.01394	0.02304	0.07245	0.67846	0.01409	0.01747	0.01873	0.05097	0.01957	0.01213	0.01561	0.01012	0.00574	0.00601	0.00186	0.00701	0.00544	0.00322	0.00935
45	0.01157	0.01074	0.01779	0.77487	0.04022	0.01321	0.01632	0.01525	0.01199	0.01541	0.01092	0.01628	0.00831	0.00620	0.00606	0.00204	0.00792	0.00535	0.00279	0.00676
46	0.00779	0.00633	0.00677	0.00678	0.00860	0.00541	0.00505	0.00929	0.01398	0.01739	0.16009	0.08937	0.59044	0.01482	0.00717	0.00209	0.00323	0.03435	0.00573	0.00531
47	0.01565	0.01475	0.02328	0.03079	0.55834	0.03267	0.07614	0.07291	0.07574	0.02111	0.01282	0.01577	0.01044	0.00593	0.00610	0.00187	0.00718	0.00559	0.00356	0.00936
48	0.00709	0.00506	0.00675	0.00810	0.00843	0.00472	0.00540	0.00810	0.01113	0.01484	0.03205	0.79184	0.03846	0.01822	0.00742	0.00236	0.00337	0.01653	0.00540	0.00472
49	0.01248	0.01262	0.01976	0.01625	0.01732	0.01633	0.13227	0.01443	0.00974	0.01472	0.00905	0.01414	0.00847	0.01238	0.08633	0.00307	0.58599	0.00549	0.00266	0.00650
50	0.01272	0.01272	0.01781	0.01527	0.01527	0.01781	0.01272	0.01399	0.00891	0.01399	0.00763	0.01272	0.00763	0.01018	0.01908	0.00254	0.78499	0.00509	0.00254	0.00636
51	0.02311	0.00924	0.01254	0.00984	0.01382	0.00804	0.00804	0.02544	0.01661	0.63978	0.14542	0.02374	0.02115	0.00798	0.00602	0.00180	0.00458	0.00663	0.00706	0.00916
52	0.01532	0.57504	0.02675	0.01129	0.01508	0.02130	0.01059	0.03525	0.01165	0.03342	0.00851	0.01051	0.00774	0.00630	0.00743	0.00158	0.18851	0.00370	0.00271	0.00733
53	0.01555	0.79913	0.03047	0.00995	0.01493	0.02301	0.00995	0.01741	0.01182	0.01368	0.00808	0.00933	0.00746	0.00498	0.00373	0.00124	0.00622	0.00311	0.00249	0.00746
54	0.07503	0.01538	0.01651	0.01273	0.01730	0.01684	0.01052	0.62806	0.02523	0.10262	0.01441	0.01421	0.01007	0.00690	0.00568	0.00175	0.00614	0.00516	0.00580	0.00966
55	0.00846	0.00564	0.00634	0.00634	0.00634	0.00564	0.00352	0.00846	0.00846	0.01128	0.01832	0.03805	0.02114	0.79563	0.02960	0.00564	0.00564	0.00846	0.00352	0.00352
56	0.00709	0.00506	0.00675	0.00810	0.00843	0.00472	0.00540	0.00810	0.01113	0.01484	0.03205	0.79184	0.03846	0.01822	0.00742	0.00236	0.00337	0.01653	0.00540	0.00472
57	0.01194	0.00676	0.00896	0.00795	0.00997	0.00612	0.00612	0.01458	0.01650	0.17696	0.60404	0.03853	0.04647	0.01091	0.00665	0.00182	0.00320	0.00955	0.00657	0.00640
58	0.00709	0.00506	0.00675	0.00810	0.00843	0.00472	0.00540	0.00810	0.01113	0.01484	0.03205	0.79184	0.03846	0.01822	0.00742	0.00236	0.00337	0.01653	0.00540	0.00472
59	0.01446	0.01249	0.01315	0.01183	0.01512	0.01446	0.00920	0.03090	0.74885	0.02433	0.02367	0.02170	0.01775	0.00789	0.00592	0.00197	0.00460	0.00657	0.00592	0.00920
60	0.01446	0.01249	0.01315	0.01183	0.01512	0.01446	0.00920	0.03090	0.74885	0.02433	0.02367	0.02170	0.01775	0.00789	0.00592	0.00197	0.00460	0.00657	0.00592	0.00920
61	0.01555	0.79913	0.03047	0.00995	0.01493	0.02301	0.00995	0.01741	0.01182	0.01368	0.00808	0.00933	0.00746	0.00498	0.00373	0.00124	0.00622	0.00311	0.00249	0.00746
62	0.83671	0.01125	0.00855	0.00765	0.01125	0.01305	0.00630	0.01709	0.00990	0.02609	0.00810	0.00945	0.00630	0.00540	0.00360	0.00180	0.00450	0.00315	0.00360	0.00630
63	0.00687	0.00589	0.00589	0.00589	0.00785	0.00491	0.00442	0.00835	0.01325	0.01571	0.05891	0.05596	0.75700	0.01473	0.00687	0.00196	0.00295	0.01227	0.00540	0.00491
64	0.02172	0.02772	0.01648	0.01498	0.01798	0.77228	0.01124	0.02322	0.01648	0.01423	0.00899	0.01049	0.00749	0.00599	0.00524	0.00150	0.01049	0.00375	0.00300	0.00674
