[name]
unknown

[dist]
# distance from previous block
# <min> <max>
0	54

[block]
# block no. 0 follows, 40 sequences, length 52
# corresponding to MSA columns:
# 84-135
name=unknown_A
#
# <colnr> <probs for GDERKNQSTAVLIFYWHMCP>
#	G	D	E	R	K	N	Q	S	T	A	V	L	I	F	Y	W	H	M	C	P
0	0.00816	0.00594	0.00767	0.00724	0.00864	0.00546	0.00543	0.01083	0.01629	0.02292	0.71939	0.04410	0.09202	0.01204	0.00686	0.00184	0.00275	0.01061	0.00635	0.00546
1	0.01555	0.79913	0.03047	0.00995	0.01493	0.02301	0.00995	0.01741	0.01182	0.01368	0.00808	0.00933	0.00746	0.00498	0.00373	0.00124	0.00622	0.00311	0.00249	0.00746
2	0.01439	0.01382	0.02360	0.03569	0.75936	0.01382	0.01785	0.01785	0.01324	0.01900	0.01094	0.01439	0.00921	0.00518	0.00576	0.00173	0.00691	0.00518	0.00288	0.00921
3	0.01819	0.43444	0.02374	0.01221	0.01626	0.34788	0.01048	0.02045	0.04183	0.01432	0.00907	0.01030	0.00787	0.00553	0.00447	0.00138	0.00801	0.00352	0.00284	0.00722
4	0.02609	0.00990	0.01350	0.01035	0.01484	0.00855	0.00855	0.02834	0.01664	0.76338	0.02294	0.01979	0.01439	0.00720	0.00585	0.00180	0.00495	0.00585	0.00720	0.00990
5	0.01166	0.03008	0.76550	0.01657	0.02517	0.01351	0.02149	0.01842	0.01228	0.01842	0.01044	0.01228	0.00737	0.00552	0.00552	0.00184	0.00859	0.00430	0.00246	0.00859
6	0.00709	0.00506	0.00675	0.00810	0.00843	0.00472	0.00540	0.00810	0.01113	0.01484	0.03205	0.79184	0.03846	0.01822	0.00742	0.00236	0.00337	0.01653	0.00540	0.00472
7	0.01057	0.00644	0.00843	0.00765	0.00934	0.00590	0.00576	0.01308	0.01598	0.11896	0.61449	0.04002	0.04748	0.06042	0.00815	0.00206	0.00321	0.00978	0.00632	0.00594
8	0.02609	0.00990	0.01350	0.01035	0.01484	0.00855	0.00855	0.02834	0.01664	0.76338	0.02294	0.01979	0.01439	0.00720	0.00585	0.00180	0.00495	0.00585	0.00720	0.00990
9	0.01324	0.01419	0.02880	0.15266	0.17216	0.01401	0.46181	0.01760	0.01322	0.01798	0.01183	0.03330	0.00940	0.00542	0.00649	0.00192	0.00875	0.00648	0.00293	0.00780
10	0.01010	0.00505	0.00758	0.00758	0.00758	0.00505	0.00505	0.00758	0.00758	0.01010	0.01010	0.01768	0.01010	0.02020	0.02273	0.83081	0.00505	0.00505	0.00253	0.00253
11	0.01765	0.02078	0.01644	0.01786	0.15953	0.47447	0.01173	0.01964	0.01444	0.01501	0.01067	0.01369	0.00922	0.01328	0.15726	0.00310	0.01080	0.00451	0.00300	0.00691
12	0.00831	0.00623	0.00935	0.00935	0.01038	0.00727	0.00727	0.01038	0.00935	0.01350	0.01558	0.02285	0.01454	0.04361	0.77259	0.00935	0.01558	0.00623	0.00312	0.00519
13	0.01084	0.00542	0.00542	0.00542	0.00678	0.00542	0.00407	0.01355	0.01220	0.02168	0.01897	0.02168	0.01491	0.00678	0.00407	0.00136	0.00271	0.00542	0.82791	0.00542
14	0.01772	0.01182	0.01336	0.01152	0.01511	0.01283	0.00919	0.08315	0.46960	0.21212	0.02312	0.02295	0.01714	0.00808	0.00600	0.00195	0.00487	0.04405	0.00620	0.00923
15	0.00708	0.00508	0.00672	0.00804	0.00842	0.00473	0.00537	0.00810	0.01119	0.01487	0.03278	0.77174	0.05808	0.01812	0.00741	0.00235	0.00336	0.01642	0.00540	0.00473
16	0.02163	0.01605	0.01718	0.01328	0.01785	0.01781	0.01094	0.69550	0.07258	0.03588	0.01457	0.01445	0.01038	0.00704	0.00582	0.00176	0.00629	0.00532	0.00582	0.00985
17	0.01373	0.01569	0.03431	0.02451	0.03039	0.01471	0.73824	0.01863	0.01373	0.01863	0.01176	0.01569	0.00882	0.00490	0.00686	0.00196	0.00980	0.00686	0.00294	0.00784
18	0.01182	0.02899	0.70992	0.01718	0.02557	0.01360	0.07597	0.01843	0.01239	0.01843	0.01054	0.01254	0.00748	0.00548	0.00563	0.00185	0.00869	0.00449	0.00249	0.00854
19	0.00966	0.00881	0.01253	0.05705	0.26361	0.00836	0.00960	0.01196	0.01324	0.01695	0.05587	0.03949	0.44872	0.01096	0.00644	0.00188	0.00453	0.00946	0.00442	0.00646
20	0.00709	0.00506	0.00675	0.00810	0.00843	0.00472	0.00540	0.00810	0.01113	0.01484	0.03205	0.79184	0.03846	0.01822	0.00742	0.00236	0.00337	0.01653	0.00540	0.00472
21	0.01197	0.01237	0.07436	0.54016	0.12171	0.01303	0.01577	0.03882	0.05139	0.01706	0.01156	0.01564	0.00876	0.00590	0.00572	0.00188	0.00731	0.00519	0.03423	0.00716
22	0.01142	0.01078	0.01824	0.68548	0.13279	0.01304	0.01637	0.01524	0.01184	0.01539	0.01041	0.01536	0.00794	0.00573	0.00581	0.00191	0.00764	0.00517	0.00262	0.00681
23	0.01206	0.01034	0.01206	0.00861	0.01378	0.00775	0.00689	0.01464	0.01206	0.01895	0.01034	0.01206	0.00861	0.00431	0.00431	0.00086	0.00431	0.00345	0.00345	0.83118
24	0.00691	0.00589	0.00594	0.00593	0.00788	0.00493	0.00445	0.00842	0.01335	0.01592	0.07863	0.05561	0.73714	0.01465	0.00687	0.00196	0.00294	0.01222	0.00543	0.00493
25	0.00815	0.00594	0.00766	0.00723	0.00864	0.00545	0.00542	0.01081	0.01626	0.02284	0.71256	0.04422	0.09890	0.01207	0.00686	0.00184	0.00276	0.01063	0.00634	0.00545
26	0.02465	0.01119	0.01418	0.01098	0.01543	0.01060	0.00903	0.15489	0.06446	0.58796	0.02139	0.01888	0.01381	0.00720	0.00585	0.00180	0.00518	0.00578	0.00687	0.00985
27	0.01084	0.00542	0.00542	0.00542	0.00678	0.00542	0.00407	0.01355	0.01220	0.02168	0.01897	0.02168	0.01491	0.00678	0.00407	0.00136	0.00271	0.00542	0.82791	0.00542
28	0.01213	0.12273	0.67695	0.01578	0.02393	0.01465	0.02010	0.01830	0.01222	0.01785	0.01015	0.01192	0.00738	0.00546	0.00531	0.00177	0.00831	0.00415	0.00246	0.00846
29	0.00709	0.00506	0.00675	0.00810	0.00843	0.00472	0.00540	0.00810	0.01113	0.01484	0.03205	0.79184	0.03846	0.01822	0.00742	0.00236	0.00337	0.01653	0.00540	0.00472
30	0.83671	0.01125	0.00855	0.00765	0.01125	0.01305	0.00630	0.01709	0.00990	0.02609	0.00810	0.00945	0.00630	0.00540	0.00360	0.00180	0.00450	0.00315	0.00360	0.00630
31	0.01124	0.01060	0.01791	0.72495	0.09473	0.01299	0.01628	0.01509	0.01175	0.01517	0.01038	0.01542	0.00786	0.00577	0.00581	0.00192	0.00769	0.00517	0.00261	0.00667
32	0.00709	0.00506	0.00675	0.00810	0.00843	0.00472	0.00540	0.00810	0.01113	0.01484	0.03205	0.79184	0.03846	0.01822	0.00742	0.00236	0.00337	0.01653	0.00540	0.00472
33	0.00831	0.00623	0.00935	0.00935	0.01038	0.00727	0.00727	0.01038	0.00935	0.01350	0.01558	0.02285	0.01454	0.04361	0.77259	0.00935	0.01558	0.00623	0.00312	0.00519
34	0.02172	0.02772	0.01648	0.01498	0.01798	0.77228	0.01124	0.02322	0.01648	0.01423	0.00899	0.01049	0.00749	0.00599	0.00524	0.00150	0.01049	0.00375	0.00300	0.00674
35	0.01439	0.01382	0.02360	0.03569	0.75936	0.01382	0.01785	0.01785	0.01324	0.01900	0.01094	0.01439	0.00921	0.00518	0.00576	0.00173	0.00691	0.00518	0.00288	0.00921
36	0.01555	0.79913	0.03047	0.00995	0.01493	0.02301	0.00995	0.01741	0.01182	0.01368	0.00808	0.00933	0.00746	0.00498	0.00373	0.00124	0.00622	0.00311	0.00249	0.00746
37	0.02456	0.00988	0.01324	0.01025	0.01452	0.00874	0.00843	0.05866	0.01711	0.67482	0.07829	0.02133	0.01727	0.00754	0.00592	0.00180	0.00485	0.00618	0.00708	0.00956
38	0.00789	0.00593	0.00731	0.00696	0.00848	0.00534	0.00522	0.01032	0.01567	0.02143	0.58334	0.04655	0.22900	0.01259	0.00686	0.00186	0.00279	0.01095	0.00615	0.00534
39	0.00687	0.00589	0.00589	0.00589	0.00785	0.00491	0.00442	0.00835	0.01325	0.01571	0.05891	0.05596	0.75700	0.01473	0.00687	0.00196	0.00295	0.01227	0.00540	0.00491
40	0.01166	0.03008	0.76550	0.01657	0.02517	0.01351	0.02149	0.01842	0.01228	0.01842	0.01044	0.01228	0.00737	0.00552	0.00552	0.00184	0.00859	0.00430	0.00246	0.00859
41	0.00842	0.00580	0.00715	0.00715	0.00743	0.00608	0.00453	0.00898	0.00870	0.01187	0.01758	0.03396	0.01937	0.59336	0.22944	0.00664	0.00831	0.00786	0.00341	0.00397
42	0.00709	0.00506	0.00675	0.00810	0.00843	0.00472	0.00540	0.00810	0.01113	0.01484	0.03205	0.79184	0.03846	0.01822	0.00742	0.00236	0.00337	0.01653	0.00540	0.00472
43	0.00709	0.00506	0.00675	0.00810	0.00843	0.00472	0.00540	0.00810	0.01113	0.01484	0.03205	0.79184	0.03846	0.01822	0.00742	0.00236	0.00337	0.01653	0.00540	0.00472
44	0.01555	0.79913	0.03047	0.00995	0.01493	0.02301	0.00995	0.01741	0.01182	0.01368	0.00808	0.00933	0.00746	0.00498	0.00373	0.00124	0.00622	0.00311	0.00249	0.00746
45	0.01430	0.01372	0.02344	0.05606	0.73972	0.01379	0.01780	0.01777	0.01320	0.01889	0.01092	0.01442	0.00917	0.00520	0.00576	0.00173	0.00693	0.00518	0.00287	0.00914
46	0.02129	0.01588	0.01699	0.01321	0.01772	0.01765	0.01085	0.66398	0.10466	0.03533	0.01500	0.01479	0.01073	0.00708	0.00583	0.00177	0.00621	0.00538	0.00583	0.00982
47	0.02260	0.01246	0.01465	0.01119	0.01580	0.02894	0.00918	0.25913	0.01946	0.39787	0.01781	0.01652	0.01190	0.00667	0.00560	0.00164	0.00545	0.00524	0.00609	0.13179
48	0.01243	0.18234	0.61998	0.01526	0.02314	0.01539	0.01920	0.01822	0.01219	0.01748	0.00997	0.01169	0.00739	0.00542	0.00517	0.00172	0.00812	0.00406	0.00246	0.00837
49	0.01373	0.01315	0.02241	0.17964	0.62056	0.01364	0.01752	0.01727	0.01293	0.01820	0.01082	0.01461	0.00893	0.00530	0.00577	0.00177	0.00707	0.00518	0.00282	0.00868
50	0.02049	0.01019	0.01290	0.00996	0.01440	0.00892	0.00809	0.02447	0.09889	0.45901	0.04247	0.01870	0.01450	0.00666	0.00548	0.00157	0.00467	0.00544	0.00603	0.22716
51	0.01041	0.00978	0.01080	0.01192	0.06776	0.10704	0.00801	0.01180	0.01188	0.01532	0.03903	0.49552	0.02785	0.01404	0.00823	0.00215	0.09496	0.01206	0.00451	0.03692

[dist]
# distance from previous block
# <min> <max>
0	1

[block]
# block no. 1 follows, 40 sequences, length 37
# corresponding to MSA columns:
# 137-173
name=unknown_B
#
# <colnr> <probs for GDERKNQSTAVLIFYWHMCP>
#	G	D	E	R	K	N	Q	S	T	A	V	L	I	F	Y	W	H	M	C	P
0	0.01371	0.11590	0.20851	0.02522	0.31810	0.01509	0.18475	0.01811	0.01294	0.01811	0.01065	0.01354	0.00845	0.00518	0.00570	0.00175	0.00791	0.00510	0.00274	0.00853
1	0.02341	0.00959	0.01282	0.01008	0.01416	0.00852	0.00823	0.02650	0.05715	0.63787	0.10682	0.02260	0.01921	0.00777	0.00597	0.00181	0.00468	0.00642	0.00704	0.00935
2	0.01907	0.00984	0.01224	0.01012	0.01362	0.00961	0.00810	0.04602	0.19871	0.39214	0.18771	0.02541	0.02419	0.00842	0.00609	0.00185	0.00441	0.00706	0.00666	0.00873
3	0.02206	0.01514	0.01659	0.01285	0.01738	0.01648	0.01057	0.58993	0.08094	0.13369	0.01591	0.01534	0.01110	0.00708	0.00583	0.00177	0.00607	0.00542	0.00601	0.00984
4	0.01272	0.01272	0.01781	0.01527	0.01527	0.01781	0.01272	0.01399	0.00891	0.01399	0.00763	0.01272	0.00763	0.01018	0.01908	0.00254	0.78499	0.00509	0.00254	0.00636
5	0.00687	0.00589	0.00589	0.00589	0.00785	0.00491	0.00442	0.00835	0.01325	0.01571	0.05891	0.05596	0.75700	0.01473	0.00687	0.00196	0.00295	0.01227	0.00540	0.00491
6	0.01338	0.01278	0.02178	0.25696	0.54599	0.01355	0.01734	0.01696	0.01276	0.01777	0.01076	0.01472	0.00878	0.00537	0.00577	0.00179	0.00716	0.00518	0.00279	0.00840
7	0.21340	0.01541	0.01533	0.01208	0.01644	0.03690	0.00994	0.55117	0.02296	0.03357	0.01245	0.01281	0.00898	0.00658	0.00528	0.00175	0.00606	0.00471	0.00522	0.00896
8	0.00711	0.00589	0.00627	0.00651	0.00828	0.00505	0.00494	0.00865	0.01309	0.01579	0.05415	0.11851	0.63231	0.01514	0.00702	0.00206	0.00320	0.07569	0.00540	0.00493
9	0.01439	0.01382	0.02360	0.03569	0.75936	0.01382	0.01785	0.01785	0.01324	0.01900	0.01094	0.01439	0.00921	0.00518	0.00576	0.00173	0.00691	0.00518	0.00288	0.00921
10	0.01866	0.21974	0.02187	0.01821	0.17582	0.33884	0.01247	0.07457	0.01540	0.01712	0.00986	0.01183	0.00836	0.00597	0.00552	0.00159	0.02899	0.00415	0.00316	0.00785
11	0.00802	0.00600	0.00736	0.00739	0.00870	0.00540	0.00537	0.00999	0.01475	0.02000	0.43402	0.20665	0.21632	0.01410	0.00712	0.00204	0.00305	0.01229	0.00605	0.00537
12	0.01257	0.01109	0.01485	0.01609	0.15225	0.01171	0.06009	0.02118	0.34425	0.02053	0.02524	0.18758	0.07669	0.01012	0.00649	0.00207	0.00512	0.00900	0.00510	0.00799
13	0.01423	0.02726	0.60176	0.01608	0.02382	0.01464	0.01932	0.17286	0.01571	0.02261	0.01153	0.01311	0.00823	0.00606	0.00573	0.00188	0.00822	0.00461	0.00329	0.00903
14	0.00902	0.00691	0.00837	0.00913	0.01013	0.00702	0.00637	0.01324	0.16903	0.01719	0.03048	0.62348	0.03419	0.01617	0.00723	0.00234	0.00376	0.01445	0.00561	0.00586
15	0.01646	0.01859	0.02237	0.17226	0.20082	0.27802	0.16928	0.01951	0.01436	0.01675	0.01065	0.01398	0.00856	0.00576	0.00597	0.00180	0.00904	0.00514	0.00299	0.00768
16	0.00784	0.00549	0.00689	0.00784	0.00811	0.00520	0.00502	0.00846	0.01059	0.01416	0.02839	0.57494	0.03372	0.23821	0.01383	0.00335	0.00414	0.01429	0.00497	0.00457
17	0.01757	0.01272	0.01404	0.01187	0.01527	0.01381	0.00934	0.35719	0.20062	0.07856	0.02114	0.18299	0.01855	0.00984	0.00633	0.00200	0.00532	0.00813	0.00595	0.00877
18	0.01727	0.62777	0.02782	0.01091	0.01582	0.02206	0.01032	0.17207	0.01534	0.01892	0.00969	0.01080	0.00831	0.00563	0.00433	0.00142	0.00637	0.00368	0.00332	0.00815
19	0.01883	0.02319	0.01442	0.01324	0.01603	0.60433	0.00990	0.02023	0.01598	0.01487	0.02001	0.02069	0.16802	0.00808	0.00574	0.00166	0.00896	0.00568	0.00363	0.00652
20	0.01314	0.17917	0.01622	0.00913	0.01426	0.01121	0.00769	0.01547	0.01222	0.01812	0.01019	0.01194	0.00869	0.00468	0.00433	0.00101	0.00483	0.00349	0.00336	0.65083
21	0.02126	0.01459	0.15086	0.01711	0.17607	0.01076	0.01299	0.02447	0.01532	0.46683	0.01840	0.01772	0.01231	0.00668	0.00591	0.00185	0.00614	0.00553	0.00552	0.00967
22	0.01045	0.00531	0.00783	0.00781	0.00785	0.00526	0.00521	0.00784	0.00781	0.01045	0.01044	0.01812	0.01041	0.02035	0.02278	0.82639	0.00516	0.00516	0.00264	0.00272
23	0.02854	0.02201	0.42607	0.18111	0.08861	0.01357	0.01827	0.05944	0.02895	0.06053	0.01192	0.01427	0.00866	0.00601	0.00576	0.00191	0.00788	0.00483	0.00318	0.00847
24	0.83259	0.01148	0.00879	0.00789	0.01150	0.01322	0.00645	0.01731	0.01012	0.02635	0.00845	0.00993	0.00663	0.00562	0.00375	0.00186	0.00462	0.00327	0.00371	0.00647
25	0.06176	0.41373	0.19163	0.01261	0.01791	0.18060	0.01275	0.01908	0.01302	0.01588	0.00916	0.01073	0.00771	0.00557	0.00460	0.00153	0.00768	0.00363	0.00277	0.00767
26	0.07063	0.01353	0.02374	0.18612	0.39897	0.01393	0.17077	0.01756	0.01298	0.01885	0.01113	0.01501	0.00894	0.00550	0.00600	0.00189	0.00764	0.00550	0.00300	0.00831
27	0.42442	0.01143	0.05276	0.15111	0.01731	0.01181	0.00913	0.04502	0.01268	0.02369	0.16915	0.01865	0.01749	0.00716	0.00506	0.00189	0.00515	0.00536	0.00415	0.00660
28	0.01930	0.02298	0.01983	0.01648	0.02015	0.50047	0.16627	0.07174	0.01662	0.01717	0.01372	0.01546	0.06001	0.00666	0.00589	0.00171	0.00962	0.00522	0.00347	0.00724
29	0.01612	0.01247	0.01378	0.01266	0.04388	0.01383	0.00952	0.07821	0.56090	0.09823	0.02430	0.02266	0.05030	0.00818	0.00608	0.00199	0.00489	0.00671	0.00600	0.00929
30	0.01413	0.01751	0.18235	0.03169	0.59863	0.01392	0.01871	0.01818	0.01324	0.01917	0.01117	0.01440	0.00913	0.00548	0.00585	0.00181	0.00737	0.00510	0.00291	0.00924
31	0.83259	0.01148	0.00879	0.00789	0.01150	0.01322	0.00645	0.01731	0.01012	0.02635	0.00845	0.00993	0.00663	0.00562	0.00375	0.00186	0.00462	0.00327	0.00371	0.00647
32	0.01489	0.62650	0.02782	0.17513	0.02053	0.02097	0.01141	0.01708	0.01199	0.01426	0.00892	0.01113	0.00785	0.00538	0.00433	0.00146	0.00665	0.00367	0.00263	0.00742
33	0.01211	0.01104	0.01707	0.14308	0.38866	0.01122	0.01329	0.01548	0.04149	0.01814	0.02424	0.02621	0.20009	0.00811	0.00612	0.00188	0.00586	0.00715	0.04108	0.00767
34	0.01097	0.00992	0.01465	0.17699	0.01890	0.01283	0.01146	0.01302	0.00988	0.01431	0.01164	0.01770	0.01066	0.02239	0.30805	0.00511	0.31686	0.00566	0.00289	0.00610
35	0.01460	0.45476	0.19665	0.01478	0.02077	0.01921	0.16834	0.01811	0.01254	0.01613	0.00975	0.01183	0.00806	0.00531	0.00496	0.00160	0.00763	0.00430	0.00270	0.00797
36	0.01526	0.58508	0.07210	0.01365	0.01903	0.02083	0.16639	0.01794	0.01246	0.01533	0.00935	0.01133	0.00808	0.00522	0.00465	0.00149	0.00722	0.00410	0.00270	0.00778

[dist]
# distance from previous block
# <min> <max>
1	2

[block]
# block no. 2 follows, 40 sequences, length 18
# corresponding to MSA columns:
# 176-193
name=unknown_C
#
# <colnr> <probs for GDERKNQSTAVLIFYWHMCP>
#	G	D	E	R	K	N	Q	S	T	A	V	L	I	F	Y	W	H	M	C	P
0	0.01024	0.00808	0.01189	0.35436	0.02284	0.00922	0.01030	0.05104	0.01239	0.01712	0.01924	0.27760	0.01936	0.01021	0.00607	0.00198	0.00539	0.00904	0.13776	0.00589
1	0.08907	0.00902	0.01166	0.00937	0.01301	0.00816	0.00760	0.02308	0.01604	0.51768	0.20441	0.02482	0.02380	0.00822	0.00591	0.00181	0.00436	0.00679	0.00670	0.00850
2	0.01105	0.00971	0.01481	0.41167	0.02740	0.01038	0.03243	0.01439	0.01211	0.01663	0.01414	0.02339	0.01261	0.00719	0.00579	0.00178	0.00638	0.12669	0.02972	0.21174
3	0.00846	0.00564	0.00634	0.00634	0.00634	0.00564	0.00352	0.00846	0.00846	0.01128	0.01832	0.03805	0.02114	0.79563	0.02960	0.00564	0.00564	0.00846	0.00352	0.00352
4	0.00693	0.00568	0.00610	0.00644	0.00800	0.00486	0.00466	0.00828	0.01273	0.01549	0.05222	0.23929	0.57799	0.01560	0.00701	0.00206	0.00305	0.01333	0.00540	0.00486
5	0.01025	0.00547	0.00565	0.00565	0.00667	0.00547	0.00393	0.01228	0.01126	0.01909	0.01881	0.02576	0.01646	0.20330	0.01043	0.00242	0.00344	0.00618	0.62253	0.00495
6	0.01206	0.01034	0.01206	0.00861	0.01378	0.00775	0.00689	0.01464	0.01206	0.01895	0.01034	0.01206	0.00861	0.00431	0.00431	0.00086	0.00431	0.00345	0.00345	0.83118
7	0.00844	0.00613	0.00807	0.00809	0.00948	0.00576	0.00640	0.01111	0.01553	0.02145	0.53971	0.04960	0.08561	0.01307	0.00715	0.00205	0.00340	0.18741	0.00609	0.00542
8	0.00823	0.00594	0.00777	0.00732	0.00869	0.00549	0.00549	0.01097	0.01646	0.02332	0.75629	0.04344	0.05487	0.01189	0.00686	0.00183	0.00274	0.01052	0.00640	0.00549
9	0.63213	0.20753	0.01401	0.00822	0.01216	0.01553	0.00721	0.01717	0.01037	0.02300	0.00809	0.00942	0.00659	0.00529	0.00363	0.00166	0.00493	0.00314	0.00332	0.00659
10	0.00707	0.00530	0.00657	0.00752	0.00830	0.00479	0.00516	0.00825	0.01184	0.01534	0.06253	0.58393	0.21801	0.01714	0.00727	0.00225	0.00325	0.01527	0.00543	0.00479
11	0.01193	0.02576	0.57923	0.01625	0.02270	0.01458	0.01930	0.01731	0.01144	0.01731	0.00974	0.01239	0.00743	0.00668	0.00890	0.00202	0.20202	0.00449	0.00248	0.00804
12	0.00880	0.00629	0.00872	0.01006	0.01115	0.00620	0.00838	0.01106	0.01283	0.01677	0.03110	0.24652	0.03471	0.01660	0.00788	0.00260	0.00486	0.54491	0.00537	0.00520
13	0.02176	0.02672	0.01656	0.01484	0.01798	0.70645	0.01122	0.08578	0.01743	0.01619	0.00942	0.01079	0.00770	0.00608	0.00529	0.00152	0.01013	0.00388	0.00324	0.00702
14	0.63376	0.01250	0.01077	0.00908	0.01294	0.01429	0.00748	0.19718	0.01424	0.02872	0.00956	0.01057	0.00719	0.00579	0.00415	0.00179	0.00497	0.00367	0.00415	0.00719
15	0.01259	0.01198	0.02034	0.43032	0.37883	0.01334	0.01695	0.01627	0.01239	0.01681	0.01062	0.01498	0.00844	0.00552	0.00579	0.00184	0.00735	0.00517	0.00272	0.00776
16	0.01272	0.01272	0.01781	0.01527	0.01527	0.01781	0.01272	0.01399	0.00891	0.01399	0.00763	0.01272	0.00763	0.01018	0.01908	0.00254	0.78499	0.00509	0.00254	0.00636
17	0.01133	0.01069	0.01807	0.70587	0.11312	0.01301	0.01632	0.01516	0.01179	0.01528	0.01040	0.01539	0.00790	0.00575	0.00581	0.00192	0.00767	0.00517	0.00261	0.00674

[dist]
# distance from previous block
# <min> <max>
10	13

[block]
# block no. 3 follows, 40 sequences, length 12
# corresponding to MSA columns:
# 210-221
name=unknown_D
#
# <colnr> <probs for GDERKNQSTAVLIFYWHMCP>
#	G	D	E	R	K	N	Q	S	T	A	V	L	I	F	Y	W	H	M	C	P
0	0.29711	0.01459	0.01445	0.01144	0.01574	0.01635	0.00945	0.49592	0.02145	0.03308	0.01198	0.01244	0.00868	0.00645	0.00507	0.00176	0.00576	0.00453	0.00507	0.00868
1	0.01205	0.13306	0.63616	0.01531	0.02313	0.01447	0.01929	0.01799	0.01238	0.01797	0.03965	0.01311	0.00926	0.00570	0.00534	0.00176	0.00804	0.00438	0.00262	0.00832
2	0.01191	0.01214	0.02314	0.52604	0.03679	0.01352	0.25993	0.01613	0.01234	0.01613	0.01082	0.01557	0.00811	0.00551	0.00617	0.00195	0.00844	0.00574	0.00270	0.00693
3	0.02094	0.00839	0.01077	0.00868	0.01212	0.00749	0.00703	0.02335	0.01514	0.51298	0.02160	0.02043	0.01457	0.00705	0.00525	0.00165	0.00419	0.00570	0.28427	0.00839
4	0.01216	0.00885	0.01036	0.00988	0.01168	0.00922	0.00731	0.25518	0.01661	0.02221	0.02594	0.52923	0.02882	0.01442	0.00688	0.00215	0.00440	0.01272	0.00554	0.00647
5	0.01281	0.01220	0.02074	0.38282	0.42464	0.01340	0.01706	0.01646	0.01249	0.01707	0.01066	0.01491	0.00853	0.00548	0.00578	0.00183	0.00730	0.00518	0.00274	0.00793
6	0.01297	0.28971	0.51736	0.01434	0.02171	0.01671	0.01759	0.01808	0.01212	0.01682	0.00964	0.01128	0.00740	0.00534	0.00492	0.00164	0.00779	0.00390	0.00247	0.00821
7	0.00717	0.00562	0.00649	0.00687	0.00819	0.00494	0.00493	0.00869	0.01307	0.01667	0.16469	0.30233	0.39879	0.01544	0.00706	0.00208	0.00306	0.01342	0.00556	0.00494
8	0.01180	0.01073	0.01768	0.05454	0.47869	0.01071	0.01358	0.01444	0.01247	0.01744	0.01804	0.27690	0.01903	0.00961	0.00632	0.00195	0.00575	0.00901	0.00372	0.00759
9	0.01649	0.00955	0.01106	0.00938	0.01273	0.00932	0.00746	0.06204	0.19839	0.28632	0.03476	0.03215	0.26568	0.00990	0.00621	0.00189	0.00427	0.00816	0.00619	0.00804
10	0.01648	0.04731	0.44818	0.01377	0.02049	0.01173	0.01591	0.02135	0.01395	0.27001	0.05324	0.01633	0.01220	0.00640	0.00564	0.00181	0.00698	0.00510	0.00426	0.00884
11	0.00864	0.00596	0.00713	0.00682	0.00794	0.00553	0.00472	0.01020	0.01317	0.04212	0.35269	0.04319	0.17344	0.27686	0.01451	0.00314	0.00383	0.01000	0.00527	0.00486

[dist]
# distance from previous block
# <min> <max>
0	228

# created by:
# /software/SequenceAnalysis/GenePrediction/augustus/3.0.1/scripts/msa2prfl.pl ./fixed/BUSCOvEOG75HTC6.fas
