[name]
unknown

[dist]
# distance from previous block
# <min> <max>
4	199

[block]
# block no. 0 follows, 41 sequences, length 10
# corresponding to MSA columns:
# 202-211
name=unknown_A
#
# <colnr> <probs for GDERKNQSTAVLIFYWHMCP>
#	G	D	E	R	K	N	Q	S	T	A	V	L	I	F	Y	W	H	M	C	P
0	0.00794	0.02987	0.00762	0.00726	0.00892	0.00635	0.00535	0.01093	0.09365	0.01635	0.07118	0.27109	0.41402	0.01439	0.00673	0.00202	0.00329	0.01238	0.00532	0.00533
1	0.83938	0.01106	0.00841	0.00752	0.01106	0.01283	0.00619	0.01681	0.00973	0.02566	0.00796	0.00929	0.00619	0.00531	0.00354	0.00177	0.00442	0.00310	0.00354	0.00619
2	0.01232	0.08374	0.50870	0.01799	0.02543	0.01432	0.22139	0.01810	0.01244	0.01782	0.01046	0.01279	0.00765	0.00522	0.00567	0.00180	0.00861	0.00484	0.00255	0.00816
3	0.00943	0.00733	0.01095	0.19816	0.01826	0.00792	0.01054	0.01223	0.01258	0.01632	0.02550	0.10751	0.02716	0.01352	0.00733	0.00243	0.00569	0.49705	0.00461	0.00548
4	0.01439	0.01202	0.01497	0.01091	0.01593	0.01065	0.06898	0.19167	0.01564	0.02283	0.01115	0.01261	0.00879	0.00492	0.00481	0.00115	0.00518	0.00410	0.00391	0.56538
5	0.01928	0.01512	0.01828	0.01836	0.19825	0.01644	0.01234	0.50867	0.08394	0.03083	0.01381	0.01447	0.01021	0.00651	0.00572	0.00173	0.00627	0.00525	0.00503	0.00951
6	0.01150	0.00836	0.01027	0.00930	0.01089	0.00925	0.00699	0.18762	0.01323	0.01817	0.01572	0.02467	0.01507	0.25248	0.37374	0.00633	0.01031	0.00652	0.00382	0.00575
7	0.01688	0.40087	0.19648	0.01238	0.04624	0.01667	0.01238	0.01998	0.01293	0.19749	0.01214	0.01254	0.00904	0.00556	0.00466	0.00151	0.00638	0.00406	0.00358	0.00825
8	0.00805	0.00594	0.00784	0.00864	0.00973	0.00544	0.00642	0.00961	0.01159	0.01565	0.02888	0.53216	0.03342	0.01591	0.00711	0.00224	0.00389	0.18663	0.00509	0.09576
9	0.01103	0.01315	0.19404	0.01124	0.01472	0.00928	0.01114	0.10741	0.01561	0.02160	0.24874	0.03853	0.03021	0.01087	0.00667	0.00206	0.00538	0.23674	0.00495	0.00665

[dist]
# distance from previous block
# <min> <max>
0	3

[block]
# block no. 1 follows, 41 sequences, length 9
# corresponding to MSA columns:
# 215-223
name=unknown_B
#
# <colnr> <probs for GDERKNQSTAVLIFYWHMCP>
#	G	D	E	R	K	N	Q	S	T	A	V	L	I	F	Y	W	H	M	C	P
0	0.09614	0.05294	0.01275	0.00957	0.01312	0.07980	0.00755	0.11597	0.02897	0.04056	0.01079	0.01314	0.00891	0.00828	0.00825	0.17354	0.00537	0.00407	0.00361	0.30667
1	0.02201	0.01354	0.01547	0.01181	0.01638	0.01393	0.00973	0.45607	0.02225	0.25839	0.01610	0.01531	0.01097	0.00668	0.00559	0.00165	0.00566	0.00517	0.00592	0.08735
2	0.01347	0.06318	0.13882	0.02650	0.44833	0.01490	0.01660	0.01683	0.01191	0.01727	0.00984	0.01319	0.00835	0.00615	0.00822	0.00185	0.16881	0.00482	0.00268	0.00828
3	0.27712	0.06087	0.01510	0.01604	0.22251	0.01190	0.01010	0.01939	0.01303	0.21397	0.07542	0.01607	0.01312	0.00621	0.00498	0.00172	0.00516	0.00495	0.00442	0.00791
4	0.01290	0.01364	0.02712	0.07239	0.18623	0.01324	0.43682	0.01689	0.01289	0.01779	0.01260	0.07176	0.01078	0.00600	0.00669	0.00188	0.02822	0.00680	0.00304	0.04232
5	0.01343	0.01188	0.01952	0.02895	0.60670	0.01188	0.01475	0.01668	0.01281	0.01923	0.01239	0.01564	0.01022	0.00542	0.00532	0.00162	0.00594	0.00515	0.17418	0.00829
6	0.01136	0.01126	0.02059	0.62770	0.03743	0.01307	0.16628	0.01538	0.01186	0.01538	0.01046	0.01529	0.00784	0.00553	0.00593	0.00191	0.00804	0.00543	0.00261	0.00664
7	0.01402	0.01467	0.01601	0.01295	0.01593	0.17020	0.06307	0.01609	0.01183	0.01596	0.00936	0.01239	0.00817	0.00780	0.03703	0.00187	0.24832	0.00429	0.00298	0.31707
8	0.23342	0.00850	0.00849	0.06461	0.01192	0.04187	0.00660	0.01338	0.05564	0.01885	0.02256	0.32036	0.06927	0.01115	0.00562	0.00196	0.00422	0.00940	0.08656	0.00562

[dist]
# distance from previous block
# <min> <max>
0	1

[block]
# block no. 2 follows, 41 sequences, length 6
# corresponding to MSA columns:
# 225-230
name=unknown_C
#
# <colnr> <probs for GDERKNQSTAVLIFYWHMCP>
#	G	D	E	R	K	N	Q	S	T	A	V	L	I	F	Y	W	H	M	C	P
0	0.19452	0.01497	0.01532	0.01197	0.01633	0.01670	0.00988	0.59052	0.02327	0.03385	0.01251	0.01279	0.00898	0.00654	0.00526	0.00173	0.00590	0.00472	0.00526	0.00898
1	0.08074	0.01104	0.01215	0.00987	0.01354	0.01118	0.00787	0.18153	0.16232	0.05302	0.17235	0.02075	0.02017	0.00729	0.00541	0.00157	0.00447	0.00593	0.00516	0.21365
2	0.01085	0.18547	0.01308	0.00819	0.01031	0.01038	0.00676	0.01299	0.01227	0.01797	0.17280	0.10668	0.02290	0.01059	0.04652	0.00199	0.06828	0.00698	0.22112	0.05388
3	0.15369	0.30837	0.02120	0.01152	0.01601	0.06310	0.06284	0.17242	0.01551	0.10955	0.01122	0.01190	0.00856	0.00569	0.00464	0.00155	0.00624	0.00413	0.00393	0.00792
4	0.27107	0.13433	0.01585	0.10894	0.01775	0.01406	0.00936	0.08707	0.01379	0.08254	0.01191	0.01386	0.00942	0.00632	0.00502	0.00176	0.00576	0.00431	0.00418	0.18267
5	0.01484	0.06843	0.09300	0.01605	0.06401	0.07418	0.19240	0.01964	0.11073	0.02032	0.01525	0.01783	0.01212	0.00668	0.00589	0.00186	0.00697	0.00571	0.17867	0.07543

[dist]
# distance from previous block
# <min> <max>
6	13

[block]
# block no. 3 follows, 41 sequences, length 7
# corresponding to MSA columns:
# 245-251
name=unknown_D
#
# <colnr> <probs for GDERKNQSTAVLIFYWHMCP>
#	G	D	E	R	K	N	Q	S	T	A	V	L	I	F	Y	W	H	M	C	P
0	0.01858	0.01514	0.04953	0.01233	0.01696	0.01540	0.01041	0.48800	0.13328	0.03065	0.01445	0.01451	0.01058	0.00652	0.00549	0.00162	0.00580	0.00503	0.00522	0.14053
1	0.01333	0.01264	0.02144	0.15403	0.60403	0.01305	0.01681	0.01676	0.01278	0.01794	0.01179	0.01722	0.01020	0.00581	0.00580	0.00179	0.00684	0.04641	0.00292	0.00841
2	0.00817	0.00548	0.00628	0.00643	0.00646	0.00545	0.00367	0.00828	0.00860	0.01147	0.01949	0.11961	0.02264	0.71428	0.02675	0.00520	0.00530	0.00918	0.00367	0.00359
3	0.22844	0.01128	0.01410	0.12858	0.01722	0.01454	0.01070	0.01533	0.05463	0.01768	0.01052	0.06277	0.00973	0.00850	0.01130	0.00218	0.36769	0.00533	0.00316	0.00632
4	0.06198	0.00878	0.01070	0.00869	0.01195	0.00805	0.00694	0.07408	0.01580	0.25716	0.26925	0.02530	0.02604	0.00807	0.00563	0.00161	0.00399	0.00673	0.05583	0.13344
5	0.01110	0.01076	0.01902	0.69989	0.03833	0.01291	0.09736	0.01503	0.01167	0.01503	0.01032	0.01527	0.00774	0.00562	0.00583	0.00191	0.00785	0.00527	0.00258	0.00651
6	0.01316	0.01013	0.01199	0.00863	0.01365	0.00770	0.00693	0.01567	0.01228	0.08887	0.01133	0.01257	0.00901	0.00450	0.00438	0.00093	0.00430	0.00361	0.00374	0.75663

[dist]
# distance from previous block
# <min> <max>
0	1

[block]
# block no. 4 follows, 41 sequences, length 12
# corresponding to MSA columns:
# 253-264
name=unknown_E
#
# <colnr> <probs for GDERKNQSTAVLIFYWHMCP>
#	G	D	E	R	K	N	Q	S	T	A	V	L	I	F	Y	W	H	M	C	P
0	0.00832	0.00555	0.00624	0.00624	0.00624	0.00555	0.00347	0.00832	0.00832	0.01109	0.01802	0.03743	0.02080	0.79898	0.02911	0.00555	0.00555	0.00832	0.00347	0.00347
1	0.01147	0.02959	0.76934	0.01630	0.02476	0.01328	0.02113	0.01811	0.01208	0.01811	0.01026	0.01208	0.00725	0.00543	0.00543	0.00181	0.00845	0.00423	0.00242	0.00845
2	0.01186	0.01017	0.01186	0.00847	0.01356	0.00762	0.00678	0.01440	0.01186	0.01864	0.01017	0.01186	0.00847	0.00424	0.00424	0.00085	0.00424	0.00339	0.00339	0.83395
3	0.00792	0.00584	0.00740	0.00701	0.00844	0.00532	0.00526	0.01045	0.01577	0.02194	0.66685	0.04437	0.14803	0.01207	0.00675	0.00182	0.00272	0.01057	0.00617	0.00532
4	0.01251	0.01251	0.01752	0.01502	0.01502	0.01752	0.01251	0.01377	0.00876	0.01377	0.00751	0.01251	0.00751	0.01001	0.01877	0.00250	0.78851	0.00501	0.00250	0.00626
5	0.00832	0.00555	0.00624	0.00624	0.00624	0.00555	0.00347	0.00832	0.00832	0.01109	0.01802	0.03743	0.02080	0.79898	0.02911	0.00555	0.00555	0.00832	0.00347	0.00347
6	0.00810	0.00585	0.00765	0.00720	0.00855	0.00540	0.00540	0.01079	0.01619	0.02294	0.76028	0.04273	0.05397	0.01169	0.00675	0.00180	0.00270	0.01034	0.00630	0.00540
7	0.02392	0.01070	0.01369	0.01057	0.01485	0.00999	0.00870	0.16198	0.01835	0.58668	0.06322	0.01972	0.01561	0.00730	0.00580	0.00176	0.00501	0.00590	0.00678	0.00948
8	0.17593	0.01509	0.01551	0.01210	0.01648	0.01681	0.00999	0.60706	0.02366	0.03409	0.01264	0.01290	0.00906	0.00657	0.00531	0.00173	0.00594	0.00476	0.00531	0.00906
9	0.13666	0.01630	0.05150	0.01242	0.01692	0.06647	0.01055	0.51149	0.02236	0.08108	0.01302	0.01318	0.00925	0.00653	0.00537	0.00172	0.00631	0.00476	0.00516	0.00896
10	0.01967	0.01644	0.06716	0.01478	0.07347	0.03984	0.01176	0.50876	0.11398	0.05397	0.01458	0.01467	0.01053	0.00673	0.00569	0.00174	0.00634	0.00522	0.00525	0.00941
11	0.01563	0.01525	0.05066	0.02740	0.45346	0.03802	0.10554	0.15534	0.04341	0.02195	0.01181	0.01431	0.00933	0.00553	0.00579	0.00174	0.00714	0.00529	0.00348	0.00892

[dist]
# distance from previous block
# <min> <max>
1	15

[block]
# block no. 5 follows, 41 sequences, length 11
# corresponding to MSA columns:
# 281-291
name=unknown_F
#
# <colnr> <probs for GDERKNQSTAVLIFYWHMCP>
#	G	D	E	R	K	N	Q	S	T	A	V	L	I	F	Y	W	H	M	C	P
0	0.16726	0.01761	0.26649	0.23737	0.09635	0.01318	0.08943	0.01684	0.01169	0.01861	0.00998	0.01300	0.00747	0.00540	0.00531	0.00183	0.00742	0.00460	0.00275	0.00741
1	0.01206	0.08742	0.09580	0.46297	0.20118	0.01390	0.01622	0.01588	0.01188	0.01579	0.01010	0.01411	0.00789	0.00547	0.00548	0.00178	0.00738	0.00481	0.00259	0.00728
2	0.01388	0.01314	0.02269	0.30428	0.20775	0.01409	0.19402	0.12380	0.01460	0.01966	0.01118	0.01481	0.00854	0.00552	0.00596	0.00183	0.00773	0.00551	0.00317	0.00784
3	0.01702	0.14473	0.25607	0.01509	0.06151	0.12867	0.01433	0.25473	0.01749	0.02264	0.01085	0.01202	0.00819	0.00586	0.00522	0.00163	0.00757	0.00431	0.00360	0.00846
4	0.01551	0.34740	0.27755	0.01323	0.01885	0.20671	0.01395	0.01888	0.01292	0.01517	0.00896	0.01044	0.00732	0.00533	0.00464	0.00149	0.00795	0.00361	0.00256	0.00754
5	0.01393	0.01069	0.01214	0.00952	0.01333	0.01011	0.00758	0.22230	0.01630	0.02371	0.06051	0.08183	0.01476	0.00699	0.00537	0.00137	0.02161	0.00565	0.08804	0.37428
6	0.00928	0.00723	0.00939	0.00941	0.01039	0.00814	0.00700	0.03309	0.09862	0.01585	0.02194	0.31787	0.02327	0.06117	0.24302	0.00450	0.07814	0.01001	0.02611	0.00556
7	0.33362	0.24287	0.01891	0.01128	0.01542	0.12876	0.07759	0.07972	0.01305	0.02061	0.00892	0.01036	0.00723	0.00536	0.00430	0.00158	0.00643	0.00369	0.00326	0.00703
8	0.01898	0.01498	0.01390	0.01131	0.01522	0.19522	0.00892	0.17150	0.01701	0.19303	0.01526	0.08017	0.01227	0.00700	0.00538	0.00152	0.00620	0.00547	0.00478	0.20189
9	0.01228	0.01571	0.13652	0.28381	0.03239	0.01369	0.38713	0.01702	0.01258	0.01702	0.01090	0.01487	0.00811	0.00522	0.00620	0.00190	0.00878	0.00581	0.00270	0.00736
10	0.01345	0.07930	0.01701	0.01468	0.09128	0.05591	0.09102	0.02123	0.29360	0.03159	0.01713	0.05612	0.01422	0.01230	0.11928	0.00285	0.00731	0.00617	0.00421	0.05135

[dist]
# distance from previous block
# <min> <max>
5	30

[block]
# block no. 6 follows, 41 sequences, length 7
# corresponding to MSA columns:
# 322-328
name=unknown_G
#
# <colnr> <probs for GDERKNQSTAVLIFYWHMCP>
#	G	D	E	R	K	N	Q	S	T	A	V	L	I	F	Y	W	H	M	C	P
0	0.01650	0.33935	0.01965	0.00996	0.01386	0.01622	0.00884	0.21175	0.01594	0.07846	0.01292	0.01420	0.01023	0.00896	0.06715	0.00206	0.00627	0.00444	0.13558	0.00766
1	0.01210	0.29456	0.01779	0.00962	0.01277	0.01334	0.05457	0.06375	0.01252	0.01656	0.01951	0.02167	0.13002	0.01530	0.17807	0.00322	0.00749	0.00584	0.10492	0.00638
2	0.01534	0.13746	0.01553	0.01049	0.01384	0.01417	0.00862	0.28904	0.13657	0.02583	0.20251	0.02284	0.02233	0.05197	0.00697	0.00191	0.00504	0.00651	0.00524	0.00780
3	0.01234	0.00949	0.01411	0.06149	0.01524	0.00947	0.12419	0.12797	0.01249	0.01704	0.01254	0.01987	0.01164	0.17561	0.01533	0.23892	0.00613	0.00580	0.00338	0.10694
4	0.11317	0.19124	0.01817	0.07638	0.01680	0.10930	0.01029	0.06290	0.01228	0.01737	0.00885	0.01132	0.00759	0.00637	0.00778	0.00165	0.19072	0.00395	0.00301	0.13086
5	0.01747	0.08238	0.07744	0.06246	0.01762	0.10855	0.01078	0.37121	0.01914	0.02463	0.01282	0.01667	0.01066	0.13248	0.00918	0.00227	0.00692	0.00522	0.00427	0.00783
6	0.01064	0.07255	0.13321	0.07576	0.01522	0.01157	0.01023	0.01365	0.06103	0.01453	0.01527	0.11625	0.01570	0.23703	0.01508	0.00306	0.16281	0.00718	0.00334	0.00589

[dist]
# distance from previous block
# <min> <max>
20	40

[block]
# block no. 7 follows, 41 sequences, length 8
# corresponding to MSA columns:
# 372-379
name=unknown_H
#
# <colnr> <probs for GDERKNQSTAVLIFYWHMCP>
#	G	D	E	R	K	N	Q	S	T	A	V	L	I	F	Y	W	H	M	C	P
0	0.01459	0.00829	0.01082	0.00932	0.01182	0.00829	0.00740	0.11059	0.01569	0.22104	0.25910	0.02711	0.02656	0.01849	0.21995	0.00383	0.00725	0.00727	0.00553	0.00704
1	0.01458	0.01415	0.11123	0.01188	0.01580	0.01329	0.01041	0.10292	0.46816	0.05937	0.09674	0.02145	0.01893	0.00774	0.00585	0.00188	0.00505	0.00640	0.00548	0.00870
2	0.05604	0.01039	0.01269	0.01000	0.01422	0.00966	0.00810	0.04376	0.14735	0.42082	0.03896	0.01838	0.01426	0.00670	0.00541	0.00162	0.00465	0.00542	0.00594	0.16563
3	0.08103	0.01797	0.01862	0.10205	0.32335	0.28015	0.01381	0.06385	0.01457	0.01824	0.00999	0.01252	0.00814	0.00557	0.00533	0.00165	0.00790	0.00445	0.00308	0.00775
4	0.01135	0.00732	0.01051	0.01173	0.07595	0.00727	0.00864	0.01366	0.01274	0.11413	0.08124	0.08040	0.02647	0.06681	0.13575	0.00363	0.00673	0.31477	0.00490	0.00602
5	0.01128	0.04569	0.08281	0.01009	0.01274	0.05598	0.04470	0.01386	0.01263	0.08135	0.13709	0.08616	0.09787	0.01859	0.21325	0.00378	0.00786	0.00768	0.05045	0.00614
6	0.01571	0.00963	0.01125	0.00913	0.01204	0.00937	0.00696	0.19274	0.01587	0.18209	0.08221	0.02549	0.04153	0.23934	0.01251	0.00275	0.00508	0.00665	0.00509	0.11456
7	0.01557	0.33372	0.02376	0.01588	0.11338	0.16276	0.04488	0.01754	0.01209	0.01453	0.00855	0.01110	0.00767	0.00629	0.00786	0.00166	0.18887	0.00406	0.00262	0.00719

[dist]
# distance from previous block
# <min> <max>
18	78

[block]
# block no. 8 follows, 41 sequences, length 105
# corresponding to MSA columns:
# 467-571
name=unknown_I
#
# <colnr> <probs for GDERKNQSTAVLIFYWHMCP>
#	G	D	E	R	K	N	Q	S	T	A	V	L	I	F	Y	W	H	M	C	P
0	0.01998	0.15685	0.08903	0.01103	0.01548	0.01227	0.01002	0.10142	0.01581	0.38205	0.01902	0.08672	0.01473	0.00793	0.00567	0.00180	0.00557	0.03043	0.00550	0.00870
1	0.08140	0.14371	0.52998	0.01418	0.02121	0.01429	0.01711	0.01814	0.01215	0.05292	0.01129	0.03867	0.00880	0.00603	0.00521	0.00179	0.00750	0.00453	0.00293	0.00816
2	0.01443	0.01377	0.02336	0.03518	0.76014	0.01373	0.01763	0.01773	0.01319	0.01894	0.01104	0.01454	0.00932	0.00529	0.00578	0.00175	0.00688	0.00519	0.00293	0.00919
3	0.01485	0.01510	0.03203	0.02300	0.02867	0.01406	0.67444	0.01934	0.01392	0.08479	0.01282	0.01616	0.00943	0.00521	0.00678	0.00197	0.00930	0.00674	0.00336	0.00803
4	0.01173	0.00889	0.01207	0.18228	0.01792	0.04463	0.00968	0.03848	0.01165	0.08150	0.01562	0.02274	0.01374	0.04042	0.41481	0.00589	0.01145	0.04672	0.00362	0.00615
5	0.00817	0.00558	0.00658	0.00700	0.00714	0.00543	0.00420	0.00842	0.00936	0.01252	0.02266	0.28432	0.02655	0.54144	0.02203	0.00453	0.00491	0.01098	0.00416	0.00401
6	0.00706	0.00601	0.00601	0.00600	0.00795	0.00501	0.00448	0.00843	0.01321	0.01571	0.05801	0.05524	0.75788	0.01463	0.00687	0.00198	0.00300	0.01213	0.00540	0.00498
7	0.01489	0.02510	0.44088	0.01488	0.02102	0.17227	0.01627	0.05349	0.07792	0.04759	0.05126	0.01486	0.01124	0.00637	0.00562	0.00180	0.00805	0.00482	0.00345	0.00821
8	0.01521	0.01486	0.02242	0.12414	0.47844	0.07790	0.08040	0.08041	0.01450	0.01950	0.01113	0.01443	0.00903	0.00556	0.00585	0.00178	0.00749	0.00522	0.00316	0.00859
9	0.00752	0.00539	0.00707	0.00799	0.00857	0.00499	0.00546	0.00881	0.01229	0.01672	0.19361	0.62496	0.04155	0.01667	0.00729	0.00226	0.00328	0.01499	0.00562	0.00497
10	0.01769	0.01197	0.01345	0.01131	0.01486	0.01286	0.00898	0.17944	0.35647	0.17835	0.10995	0.02226	0.01976	0.00808	0.00601	0.00189	0.00485	0.00659	0.00620	0.00903
11	0.02452	0.01167	0.01409	0.01104	0.01537	0.04249	0.00901	0.12543	0.05985	0.59065	0.02105	0.01876	0.01370	0.00722	0.00584	0.00181	0.00537	0.00571	0.00673	0.00969
12	0.01843	0.01130	0.01315	0.01130	0.01487	0.01188	0.00906	0.06861	0.38874	0.28094	0.02333	0.02443	0.01747	0.00836	0.00609	0.00198	0.00491	0.06974	0.00628	0.00913
13	0.00753	0.00589	0.00675	0.00682	0.00831	0.00516	0.00498	0.00922	0.01386	0.01797	0.27887	0.17697	0.40825	0.01432	0.00696	0.00201	0.00301	0.01229	0.00571	0.00513
14	0.01440	0.00756	0.01078	0.11405	0.01424	0.00759	0.00768	0.04480	0.01189	0.19254	0.07975	0.02004	0.01477	0.01377	0.01413	0.41141	0.00525	0.00574	0.00415	0.00545
15	0.01328	0.01250	0.02060	0.02726	0.50109	0.02555	0.07880	0.02940	0.01424	0.02008	0.17764	0.02092	0.01925	0.00677	0.00611	0.00179	0.00628	0.00647	0.00376	0.00823
16	0.02022	0.02088	0.01510	0.01339	0.01651	0.47195	0.01025	0.07375	0.09699	0.11162	0.01335	0.01438	0.01037	0.00977	0.07365	0.00231	0.00923	0.00466	0.00408	0.00751
17	0.00764	0.00541	0.00703	0.00817	0.00857	0.00511	0.00555	0.00857	0.01099	0.01465	0.02990	0.63215	0.03539	0.11616	0.01021	0.00280	0.00387	0.07795	0.00516	0.00470
18	0.01839	0.01267	0.01555	0.18371	0.02122	0.01368	0.01103	0.36970	0.01984	0.14146	0.01597	0.08435	0.01263	0.00768	0.00591	0.00183	0.00610	0.00622	0.00516	0.04690
19	0.01921	0.24524	0.02189	0.01423	0.01810	0.44391	0.07546	0.06669	0.01550	0.01589	0.00943	0.01106	0.00790	0.00576	0.00503	0.00151	0.00888	0.00397	0.00307	0.00727
20	0.01214	0.01036	0.01205	0.00867	0.01375	0.00779	0.00690	0.01459	0.01203	0.01889	0.01045	0.01225	0.00874	0.00443	0.00436	0.00090	0.00433	0.00349	0.00348	0.83039
21	0.01244	0.04938	0.50549	0.01439	0.02083	0.01238	0.01689	0.01875	0.07828	0.05802	0.04640	0.02156	0.01403	0.00748	0.00591	0.00196	0.00727	0.09683	0.00359	0.00814
22	0.01007	0.00715	0.00968	0.01060	0.03082	0.00726	0.00838	0.01312	0.05953	0.04257	0.06835	0.11574	0.02946	0.05928	0.10686	0.00350	0.00632	0.40050	0.00507	0.00574
23	0.11269	0.01174	0.01260	0.01305	0.07989	0.05762	0.00944	0.02218	0.35226	0.02160	0.05910	0.02745	0.01937	0.01050	0.04176	0.00237	0.00569	0.12801	0.00500	0.00768
24	0.16023	0.01373	0.01410	0.01167	0.01549	0.01538	0.00938	0.37293	0.23539	0.02989	0.01662	0.05183	0.01294	0.00755	0.00557	0.00187	0.00541	0.00578	0.00544	0.00881
25	0.71582	0.08091	0.01040	0.00785	0.01132	0.01343	0.00648	0.01654	0.01000	0.02397	0.00883	0.01128	0.00740	0.05061	0.00513	0.00199	0.00474	0.00349	0.00353	0.00629
26	0.02025	0.01522	0.01639	0.01267	0.01721	0.01641	0.01036	0.60114	0.08177	0.03326	0.01433	0.01449	0.01044	0.00681	0.00568	0.00168	0.00601	0.00514	0.00554	0.10518
27	0.01466	0.56873	0.18312	0.01357	0.08316	0.01999	0.01294	0.01755	0.01202	0.01516	0.00897	0.01062	0.00774	0.00521	0.00434	0.00144	0.00675	0.00358	0.00257	0.00786
28	0.05862	0.01375	0.02102	0.09634	0.53016	0.01432	0.01575	0.14082	0.01524	0.02189	0.01134	0.01431	0.00916	0.00565	0.00569	0.00178	0.00675	0.00509	0.00343	0.00892
29	0.00853	0.00706	0.00783	0.00717	0.00972	0.00584	0.00559	0.01034	0.01316	0.01707	0.08905	0.04585	0.47072	0.01231	0.00643	0.00181	0.00353	0.08370	0.00503	0.18925
30	0.02054	0.02498	0.01804	0.01716	0.08449	0.62683	0.05333	0.05574	0.01642	0.01595	0.00968	0.01150	0.00797	0.00599	0.00544	0.00158	0.00985	0.00415	0.00316	0.00719
31	0.00847	0.00631	0.00923	0.00921	0.01020	0.00723	0.00706	0.01032	0.00933	0.01343	0.01573	0.02366	0.01491	0.08593	0.73048	0.00900	0.01481	0.00634	0.00318	0.00516
32	0.01608	0.01580	0.01385	0.01251	0.01569	0.18360	0.00961	0.02884	0.58615	0.02195	0.02030	0.01924	0.01544	0.00752	0.00579	0.00189	0.00591	0.00593	0.00527	0.00865
33	0.00852	0.00613	0.00834	0.00833	0.00901	0.00674	0.00596	0.00975	0.00907	0.01277	0.01654	0.02815	0.01686	0.31281	0.50626	0.00791	0.01188	0.00699	0.00330	0.00467
34	0.00865	0.00633	0.00834	0.00944	0.01066	0.00607	0.00774	0.01067	0.01285	0.01658	0.03504	0.21782	0.14742	0.01619	0.00770	0.00251	0.00458	0.46082	0.00537	0.00522
35	0.00727	0.00520	0.00685	0.00816	0.00852	0.00482	0.00544	0.00819	0.01113	0.01487	0.03171	0.79213	0.03797	0.01805	0.00741	0.00237	0.00342	0.01630	0.00540	0.00480
36	0.01617	0.01330	0.01406	0.01216	0.01570	0.01514	0.00957	0.18909	0.58853	0.02684	0.02138	0.02000	0.01597	0.00774	0.00592	0.00194	0.00502	0.00626	0.00588	0.00934
37	0.01124	0.01057	0.01735	0.71385	0.03732	0.01328	0.01567	0.01473	0.01138	0.01481	0.01021	0.01538	0.00788	0.00628	0.00699	0.00201	0.07676	0.00517	0.00264	0.00649
38	0.01547	0.00991	0.01038	0.00873	0.01141	0.01057	0.00694	0.31160	0.01824	0.02757	0.01689	0.01858	0.01289	0.00693	0.00483	0.00154	0.00425	0.00534	0.49067	0.00727
39	0.00706	0.00601	0.00601	0.00600	0.00795	0.00501	0.00448	0.00843	0.01321	0.01571	0.05801	0.05524	0.75788	0.01463	0.00687	0.00198	0.00300	0.01213	0.00540	0.00498
40	0.01377	0.01560	0.03384	0.02423	0.03002	0.01460	0.73936	0.01850	0.01367	0.01857	0.01185	0.01580	0.00894	0.00501	0.00686	0.00198	0.00972	0.00683	0.00299	0.00785
41	0.02553	0.01049	0.01380	0.01063	0.01507	0.00939	0.00874	0.09135	0.01746	0.69951	0.02201	0.01932	0.01401	0.00724	0.00587	0.00182	0.00509	0.00578	0.00704	0.00986
42	0.01095	0.00555	0.00555	0.00554	0.00689	0.00551	0.00413	0.01353	0.01217	0.02156	0.01890	0.02167	0.01490	0.00685	0.00412	0.00139	0.00277	0.00542	0.82713	0.00548
43	0.01443	0.01377	0.02336	0.03518	0.76014	0.01373	0.01763	0.01773	0.01319	0.01894	0.01104	0.01454	0.00932	0.00529	0.00578	0.00175	0.00688	0.00519	0.00293	0.00919
44	0.01450	0.01247	0.01312	0.01182	0.01507	0.01436	0.00917	0.03051	0.74982	0.02415	0.02350	0.02169	0.01769	0.00794	0.00594	0.00199	0.00462	0.00655	0.00590	0.00919
45	0.02160	0.02738	0.01638	0.01490	0.01786	0.77274	0.01115	0.02299	0.01636	0.01427	0.00913	0.01071	0.00764	0.00608	0.00528	0.00153	0.01039	0.00378	0.00304	0.00677
46	0.01214	0.01036	0.01205	0.00867	0.01375	0.00779	0.00690	0.01459	0.01203	0.01889	0.01045	0.01225	0.00874	0.00443	0.00436	0.00090	0.00433	0.00349	0.00348	0.83039
47	0.01175	0.02969	0.76615	0.01646	0.02490	0.01342	0.02119	0.01829	0.01225	0.01837	0.01055	0.01246	0.00752	0.00562	0.00555	0.00186	0.00853	0.00432	0.00251	0.00859
48	0.00847	0.00634	0.00939	0.00938	0.01043	0.00732	0.00727	0.01042	0.00938	0.01355	0.01558	0.02281	0.01454	0.04292	0.77298	0.00921	0.01537	0.00621	0.00316	0.00526
49	0.00706	0.00601	0.00601	0.00600	0.00795	0.00501	0.00448	0.00843	0.01321	0.01571	0.05801	0.05524	0.75788	0.01463	0.00687	0.00198	0.00300	0.01213	0.00540	0.00498
50	0.00847	0.00634	0.00939	0.00938	0.01043	0.00732	0.00727	0.01042	0.00938	0.01355	0.01558	0.02281	0.01454	0.04292	0.77298	0.00921	0.01537	0.00621	0.00316	0.00526
51	0.01870	0.00846	0.01108	0.00912	0.01230	0.00759	0.00727	0.02153	0.04305	0.44355	0.26662	0.02770	0.02772	0.00878	0.00609	0.00181	0.00409	0.00736	0.05904	0.00813
52	0.01498	0.01415	0.01344	0.01034	0.01498	0.15036	0.00814	0.09671	0.01449	0.01995	0.01060	0.01217	0.00867	0.00502	0.00469	0.00111	0.00568	0.00373	0.00366	0.58711
53	0.00741	0.00530	0.00701	0.00832	0.00874	0.00495	0.00569	0.00843	0.01127	0.01503	0.03163	0.74583	0.03765	0.01792	0.00745	0.00239	0.00354	0.06120	0.00539	0.00484
54	0.01425	0.01359	0.02304	0.07446	0.72224	0.01368	0.01754	0.01758	0.01311	0.01872	0.01101	0.01459	0.00925	0.00532	0.00578	0.00176	0.00693	0.00518	0.00291	0.00905
55	0.01318	0.31869	0.48967	0.01402	0.02114	0.01692	0.01695	0.01792	0.01208	0.01662	0.00968	0.01138	0.00755	0.00542	0.00489	0.00164	0.00766	0.00388	0.00253	0.00817
56	0.00706	0.00601	0.00601	0.00600	0.00795	0.00501	0.00448	0.00843	0.01321	0.01571	0.05801	0.05524	0.75788	0.01463	0.00687	0.00198	0.00300	0.01213	0.00540	0.00498
57	0.01531	0.01155	0.01327	0.00978	0.01471	0.00996	0.00788	0.16797	0.01553	0.08262	0.01219	0.01325	0.00946	0.00521	0.00479	0.00116	0.00481	0.00404	0.00427	0.59223
58	0.01242	0.01125	0.01577	0.01132	0.01653	0.00895	0.13183	0.01526	0.01231	0.01883	0.01069	0.01286	0.00877	0.00453	0.00479	0.00109	0.00525	0.00406	0.00340	0.69010
59	0.02280	0.00982	0.01285	0.01032	0.01417	0.00888	0.00830	0.09107	0.01671	0.58747	0.02328	0.13202	0.01743	0.00882	0.00609	0.00190	0.00487	0.00731	0.00678	0.00912
60	0.01556	0.79907	0.03008	0.00997	0.01487	0.02273	0.00990	0.01731	0.01180	0.01373	0.00824	0.00958	0.00761	0.00508	0.00380	0.00128	0.00621	0.00316	0.00255	0.00748
61	0.00716	0.00563	0.00640	0.00701	0.00822	0.00492	0.00493	0.00832	0.01224	0.01532	0.04573	0.39922	0.42183	0.01623	0.00712	0.00216	0.00320	0.01408	0.00540	0.00490
62	0.01214	0.01036	0.01205	0.00867	0.01375	0.00779	0.00690	0.01459	0.01203	0.01889	0.01045	0.01225	0.00874	0.00443	0.00436	0.00090	0.00433	0.00349	0.00348	0.83039
63	0.01403	0.01482	0.07146	0.06763	0.60247	0.01376	0.09418	0.01771	0.01311	0.01867	0.01106	0.01459	0.00910	0.00531	0.00588	0.00179	0.00733	0.00530	0.00290	0.00889
64	0.02166	0.02576	0.01652	0.01467	0.01787	0.66382	0.01113	0.12662	0.01790	0.01744	0.00983	0.01120	0.00798	0.00622	0.00536	0.00156	0.00981	0.00399	0.00344	0.00722
65	0.01381	0.01314	0.02224	0.17328	0.62688	0.01357	0.01732	0.01719	0.01290	0.01819	0.01093	0.01474	0.00906	0.00540	0.00579	0.00179	0.00703	0.00518	0.00288	0.00869
66	0.01421	0.01355	0.02297	0.08271	0.71427	0.01367	0.01752	0.01755	0.01309	0.01868	0.01100	0.01461	0.00923	0.00532	0.00578	0.00176	0.00693	0.00518	0.00291	0.00902
67	0.00758	0.00542	0.00706	0.00791	0.00848	0.00503	0.00537	0.00883	0.01217	0.01656	0.19298	0.58980	0.04076	0.05290	0.00830	0.00240	0.00339	0.01462	0.00553	0.00491
68	0.00885	0.00687	0.00854	0.00832	0.01022	0.00579	0.00591	0.01027	0.01142	0.01617	0.02480	0.53870	0.02847	0.01362	0.00642	0.00189	0.00372	0.01214	0.00477	0.27308
69	0.01336	0.01127	0.01252	0.01227	0.06111	0.01257	0.00886	0.02587	0.55889	0.02314	0.08951	0.02495	0.06054	0.00842	0.00597	0.00193	0.00442	0.00705	0.04892	0.00844
70	0.01539	0.76511	0.06258	0.01026	0.01532	0.02232	0.01039	0.01735	0.01182	0.01393	0.00834	0.00970	0.00761	0.00511	0.00388	0.00130	0.00631	0.00321	0.00254	0.00753
71	0.83596	0.01125	0.00861	0.00772	0.01127	0.01297	0.00632	0.01700	0.00992	0.02588	0.00826	0.00969	0.00647	0.00550	0.00367	0.00182	0.00452	0.00319	0.00363	0.00634
72	0.00849	0.00623	0.00885	0.00883	0.00969	0.00702	0.00659	0.01007	0.00922	0.01314	0.01608	0.02559	0.01575	0.18330	0.63425	0.00853	0.01355	0.00662	0.00324	0.00495
73	0.02477	0.00968	0.01310	0.01017	0.01441	0.00838	0.00833	0.02693	0.01651	0.71700	0.06954	0.02130	0.01692	0.00755	0.00593	0.00182	0.00483	0.00613	0.00711	0.00959
74	0.01095	0.00555	0.00555	0.00554	0.00689	0.00551	0.00413	0.01353	0.01217	0.02156	0.01890	0.02167	0.01490	0.00685	0.00412	0.00139	0.00277	0.00542	0.82713	0.00548
75	0.01175	0.02969	0.76615	0.01646	0.02490	0.01342	0.02119	0.01829	0.01225	0.01837	0.01055	0.01246	0.00752	0.00562	0.00555	0.00186	0.00853	0.00432	0.00251	0.00859
76	0.00808	0.00582	0.00757	0.00761	0.00870	0.00536	0.00550	0.01021	0.01488	0.02084	0.55386	0.25296	0.04953	0.01359	0.00701	0.00200	0.00298	0.01206	0.00610	0.00534
77	0.01109	0.01036	0.01732	0.78195	0.03948	0.01285	0.01597	0.01481	0.01161	0.01488	0.01045	0.01562	0.00789	0.00590	0.00584	0.00196	0.00771	0.00517	0.00264	0.00650
78	0.01080	0.00559	0.00577	0.00576	0.00710	0.00561	0.00431	0.01335	0.01201	0.02110	0.01871	0.02174	0.01488	0.00891	0.04806	0.00183	0.00349	0.00546	0.78005	0.00547
79	0.01377	0.01560	0.03384	0.02423	0.03002	0.01460	0.73936	0.01850	0.01367	0.01857	0.01185	0.01580	0.00894	0.00501	0.00686	0.00198	0.00972	0.00683	0.00299	0.00785
80	0.12321	0.14029	0.01716	0.01258	0.01610	0.41046	0.01001	0.13322	0.01633	0.01941	0.01008	0.01143	0.00817	0.00604	0.00489	0.00156	0.00805	0.00391	0.03986	0.00725
81	0.00730	0.00582	0.00654	0.00636	0.00806	0.00506	0.00477	0.00925	0.01431	0.01846	0.34044	0.05009	0.47661	0.01336	0.00675	0.00188	0.00282	0.01138	0.00571	0.00506
82	0.00818	0.00610	0.00906	0.00906	0.01003	0.00708	0.00698	0.01013	0.00915	0.01318	0.01544	0.02315	0.01460	0.07744	0.74218	0.00903	0.01487	0.00623	0.00308	0.00503
83	0.00697	0.00498	0.00664	0.00796	0.00830	0.00465	0.00531	0.00796	0.01095	0.01460	0.03153	0.79525	0.03783	0.01792	0.00730	0.00232	0.00332	0.01626	0.00531	0.00465
84	0.01930	0.01126	0.01316	0.01104	0.01481	0.01179	0.00881	0.04281	0.42189	0.34440	0.02279	0.02039	0.01589	0.00745	0.00579	0.00186	0.00471	0.00613	0.00636	0.00936
85	0.01423	0.01229	0.01293	0.01164	0.01487	0.01423	0.00905	0.03039	0.75297	0.02393	0.02328	0.02134	0.01746	0.00776	0.00582	0.00194	0.00453	0.00647	0.00582	0.00905
86	0.83938	0.01106	0.00841	0.00752	0.01106	0.01283	0.00619	0.01681	0.00973	0.02566	0.00796	0.00929	0.00619	0.00531	0.00354	0.00177	0.00442	0.00310	0.00354	0.00619
87	0.00817	0.00613	0.00919	0.00919	0.01021	0.00715	0.00715	0.01021	0.00919	0.01328	0.01532	0.02247	0.01430	0.04290	0.77631	0.00919	0.01532	0.00613	0.00306	0.00511
88	0.02422	0.01204	0.01470	0.01127	0.01575	0.01184	0.00931	0.29110	0.02024	0.49857	0.01932	0.01736	0.01253	0.00700	0.00574	0.00175	0.00539	0.00553	0.00658	0.00973
89	0.76590	0.01057	0.00822	0.00741	0.01064	0.01219	0.00595	0.01606	0.00961	0.02437	0.00885	0.01178	0.00749	0.07549	0.00580	0.00210	0.00452	0.00356	0.00353	0.00595
90	0.02174	0.01602	0.01717	0.01316	0.01774	0.01774	0.01087	0.74423	0.02689	0.03605	0.01373	0.01373	0.00973	0.00687	0.00572	0.00172	0.00629	0.00515	0.00572	0.00973
91	0.01416	0.01359	0.02322	0.03511	0.76330	0.01359	0.01755	0.01755	0.01302	0.01869	0.01076	0.01416	0.00906	0.00510	0.00566	0.00170	0.00680	0.00510	0.00283	0.00906
92	0.02137	0.02726	0.01621	0.01474	0.01768	0.77602	0.01105	0.02284	0.01621	0.01400	0.00884	0.01031	0.00737	0.00589	0.00516	0.00147	0.01031	0.00368	0.00295	0.00663
93	0.83938	0.01106	0.00841	0.00752	0.01106	0.01283	0.00619	0.01681	0.00973	0.02566	0.00796	0.00929	0.00619	0.00531	0.00354	0.00177	0.00442	0.00310	0.00354	0.00619
94	0.02248	0.01303	0.01499	0.01157	0.01588	0.01352	0.00953	0.43468	0.02208	0.30381	0.01729	0.01632	0.01167	0.00693	0.00562	0.00171	0.00554	0.00538	0.05850	0.00945
95	0.01080	0.01017	0.01716	0.78523	0.03940	0.01271	0.01589	0.01461	0.01144	0.01461	0.01017	0.01525	0.00762	0.00572	0.00572	0.00191	0.00762	0.00508	0.00254	0.00635
96	0.01529	0.80242	0.02997	0.00979	0.01468	0.02263	0.00979	0.01713	0.01162	0.01346	0.00795	0.00918	0.00734	0.00489	0.00367	0.00122	0.00612	0.00306	0.00245	0.00734
97	0.01080	0.01017	0.01716	0.78523	0.03940	0.01271	0.01589	0.01461	0.01144	0.01461	0.01017	0.01525	0.00762	0.00572	0.00572	0.00191	0.00762	0.00508	0.00254	0.00635
98	0.02566	0.00973	0.01327	0.01018	0.01460	0.00841	0.00841	0.02788	0.01637	0.76726	0.02257	0.01947	0.01416	0.00708	0.00575	0.00177	0.00487	0.00575	0.00708	0.00973
99	0.01691	0.01289	0.01390	0.01185	0.01549	0.01449	0.00940	0.18875	0.52654	0.09235	0.02110	0.01948	0.01545	0.00750	0.00579	0.00188	0.00495	0.00611	0.00591	0.00926
100	0.01147	0.02959	0.76934	0.01630	0.02476	0.01328	0.02113	0.01811	0.01208	0.01811	0.01026	0.01208	0.00725	0.00543	0.00543	0.00181	0.00845	0.00423	0.00242	0.00845
101	0.00967	0.00930	0.01786	0.01465	0.01723	0.00871	0.31041	0.01225	0.01201	0.01614	0.02327	0.47252	0.02577	0.01250	0.00707	0.00216	0.00594	0.01232	0.00431	0.00592
102	0.02566	0.00973	0.01327	0.01018	0.01460	0.00841	0.00841	0.02788	0.01637	0.76726	0.02257	0.01947	0.01416	0.00708	0.00575	0.00177	0.00487	0.00575	0.00708	0.00973
103	0.00785	0.00579	0.00734	0.00705	0.00842	0.00528	0.00525	0.01028	0.01547	0.02145	0.62386	0.08720	0.14865	0.01243	0.00678	0.00185	0.00276	0.01091	0.00611	0.00528
104	0.01347	0.01286	0.02151	0.05106	0.63052	0.01335	0.01629	0.01654	0.01247	0.01789	0.01177	0.06353	0.01071	0.00636	0.00693	0.00181	0.07572	0.00580	0.00295	0.00846

[dist]
# distance from previous block
# <min> <max>
0	1

[block]
# block no. 9 follows, 41 sequences, length 44
# corresponding to MSA columns:
# 573-616
name=unknown_J
#
# <colnr> <probs for GDERKNQSTAVLIFYWHMCP>
#	G	D	E	R	K	N	Q	S	T	A	V	L	I	F	Y	W	H	M	C	P
0	0.00697	0.00498	0.00664	0.00796	0.00830	0.00465	0.00531	0.00796	0.01095	0.01460	0.03153	0.79525	0.03783	0.01792	0.00730	0.00232	0.00332	0.01626	0.00531	0.00465
1	0.00732	0.00512	0.00653	0.00752	0.00777	0.00488	0.00484	0.00806	0.01027	0.01370	0.02806	0.60059	0.03346	0.21855	0.01290	0.00315	0.00389	0.01422	0.00484	0.00434
2	0.01155	0.01212	0.02502	0.01901	0.02308	0.01140	0.49898	0.01526	0.01286	0.01732	0.01806	0.20559	0.01787	0.00896	0.00699	0.00209	0.00773	0.07568	0.00369	0.00676
3	0.01347	0.01289	0.02198	0.18842	0.61534	0.01341	0.01721	0.01695	0.01270	0.01785	0.01064	0.01438	0.00877	0.00522	0.00567	0.00174	0.00696	0.00509	0.00277	0.00851
4	0.01284	0.01069	0.01434	0.29783	0.02358	0.01059	0.01063	0.07219	0.04212	0.04666	0.01142	0.01392	0.00882	0.00524	0.00502	0.00139	0.00569	0.00436	0.00349	0.39919
5	0.00842	0.00586	0.00692	0.00675	0.00834	0.00523	0.00502	0.01044	0.01413	0.05123	0.33114	0.12866	0.31042	0.01286	0.00657	0.00187	0.00293	0.01108	0.06685	0.00528
6	0.01147	0.02959	0.76934	0.01630	0.02476	0.01328	0.02113	0.01811	0.01208	0.01811	0.01026	0.01208	0.00725	0.00543	0.00543	0.00181	0.00845	0.00423	0.00242	0.00845
7	0.00797	0.00584	0.00747	0.00707	0.00847	0.00534	0.00530	0.01055	0.01590	0.02224	0.69508	0.04387	0.11961	0.01195	0.00675	0.00181	0.00272	0.01050	0.00621	0.00534
8	0.01080	0.01017	0.01716	0.78523	0.03940	0.01271	0.01589	0.01461	0.01144	0.01461	0.01017	0.01525	0.00762	0.00572	0.00572	0.00191	0.00762	0.00508	0.00254	0.00635
9	0.00976	0.00697	0.00944	0.01027	0.09301	0.00642	0.00677	0.01228	0.01528	0.07323	0.49842	0.04013	0.17362	0.01114	0.00656	0.00181	0.00334	0.00975	0.00579	0.00601
10	0.00919	0.00611	0.00791	0.00769	0.00922	0.00560	0.00590	0.01155	0.01502	0.07276	0.47846	0.11481	0.12896	0.01273	0.00686	0.00195	0.00322	0.09047	0.00603	0.00555
11	0.01362	0.01413	0.02216	0.40779	0.03245	0.09877	0.23873	0.07065	0.01375	0.01727	0.01072	0.01464	0.00808	0.00555	0.00597	0.00185	0.00845	0.00545	0.00293	0.00705
12	0.01080	0.01017	0.01716	0.78523	0.03940	0.01271	0.01589	0.01461	0.01144	0.01461	0.01017	0.01525	0.00762	0.00572	0.00572	0.00191	0.00762	0.00508	0.00254	0.00635
13	0.01332	0.01259	0.02127	0.09442	0.63349	0.01276	0.01629	0.01668	0.01319	0.01875	0.08029	0.01690	0.01311	0.00576	0.00577	0.00173	0.00648	0.00558	0.00313	0.00850
14	0.00844	0.00563	0.00694	0.00704	0.00748	0.00587	0.00462	0.00935	0.00915	0.01306	0.01839	0.08779	0.01967	0.45517	0.22002	0.00579	0.00761	0.00800	0.09578	0.00419
15	0.10539	0.01247	0.02008	0.21519	0.50263	0.01329	0.01588	0.01675	0.01227	0.01847	0.01030	0.01388	0.00839	0.00527	0.00544	0.00176	0.00673	0.00487	0.00284	0.00808
16	0.06956	0.01126	0.01562	0.11468	0.01719	0.01512	0.01171	0.01344	0.00942	0.01480	0.01057	0.09996	0.01081	0.01000	0.01471	0.00235	0.54366	0.00614	0.00289	0.00609
17	0.01500	0.01181	0.01436	0.08566	0.10027	0.01300	0.01042	0.13624	0.34382	0.07535	0.02179	0.05581	0.06198	0.00810	0.00594	0.00189	0.00523	0.01972	0.00519	0.00843
18	0.00912	0.00611	0.00765	0.00733	0.00878	0.00591	0.00545	0.01093	0.01244	0.06906	0.21406	0.03782	0.21972	0.12681	0.19766	0.00413	0.00637	0.00897	0.03646	0.00522
19	0.41042	0.00911	0.00967	0.03802	0.01193	0.01001	0.03720	0.01385	0.01167	0.02195	0.20526	0.02243	0.07478	0.00881	0.00668	0.06006	0.03219	0.00605	0.00420	0.00570
20	0.01460	0.05724	0.49178	0.01533	0.02191	0.19955	0.01727	0.05190	0.04570	0.01798	0.01055	0.01201	0.00783	0.00569	0.00533	0.00171	0.00855	0.00419	0.00284	0.00805
21	0.01529	0.80242	0.02997	0.00979	0.01468	0.02263	0.00979	0.01713	0.01162	0.01346	0.00795	0.00918	0.00734	0.00489	0.00367	0.00122	0.00612	0.00306	0.00245	0.00734
22	0.00767	0.00532	0.00711	0.00818	0.00878	0.00503	0.00587	0.00861	0.01112	0.01459	0.03108	0.52000	0.09346	0.01748	0.00904	0.09507	0.00381	0.13826	0.00499	0.00453
23	0.00810	0.00585	0.00765	0.00720	0.00855	0.00540	0.00540	0.01079	0.01619	0.02294	0.76028	0.04273	0.05397	0.01169	0.00675	0.00180	0.00270	0.01034	0.00630	0.00540
24	0.01135	0.00657	0.00869	0.00775	0.00967	0.00596	0.00596	0.01396	0.01622	0.16103	0.62341	0.03841	0.04658	0.01084	0.00656	0.00179	0.00310	0.00949	0.00644	0.00620
25	0.01138	0.00613	0.00624	0.00595	0.00747	0.00626	0.00448	0.06719	0.01294	0.02199	0.01827	0.02144	0.01455	0.03987	0.00518	0.00154	0.00305	0.00544	0.73505	0.00558
26	0.01306	0.01583	0.08337	0.02233	0.02808	0.01375	0.63494	0.01777	0.01324	0.01819	0.01213	0.04283	0.00961	0.00531	0.00657	0.00189	0.00911	0.00677	0.00297	0.04226
27	0.00922	0.00717	0.00911	0.11953	0.01372	0.00719	0.00727	0.01271	0.07743	0.04491	0.22669	0.07036	0.29047	0.01189	0.00660	0.00196	0.00395	0.06880	0.00527	0.00576
28	0.53588	0.10108	0.01303	0.00967	0.01273	0.08555	0.00808	0.01691	0.01039	0.02127	0.00797	0.00990	0.00665	0.00609	0.00620	0.00180	0.13377	0.00346	0.00319	0.00637
29	0.01230	0.00971	0.01297	0.01471	0.14868	0.01006	0.01001	0.13435	0.08463	0.02227	0.17889	0.06900	0.02804	0.01086	0.00667	0.00206	0.00502	0.22757	0.00517	0.00704
30	0.01313	0.01062	0.01222	0.00923	0.01364	0.00918	0.00736	0.15148	0.01494	0.02196	0.06479	0.06688	0.01386	0.00617	0.00490	0.00118	0.00446	0.00507	0.00416	0.56477
31	0.01647	0.01332	0.01341	0.01124	0.01462	0.08355	0.00886	0.29627	0.16229	0.04537	0.07246	0.10448	0.01760	0.00832	0.00576	0.00173	0.00539	0.00677	0.03472	0.07741
32	0.01017	0.00856	0.01221	0.06939	0.09737	0.00857	0.00889	0.01254	0.01068	0.01566	0.01381	0.07169	0.01295	0.02183	0.32973	0.00468	0.03415	0.00581	0.00323	0.24808
33	0.14008	0.23384	0.28877	0.01215	0.01802	0.01557	0.01325	0.08628	0.01351	0.11313	0.01114	0.01194	0.00821	0.00561	0.00473	0.00163	0.00656	0.00401	0.00348	0.00809
34	0.00804	0.00543	0.00632	0.00659	0.00666	0.00536	0.00384	0.00825	0.00886	0.01181	0.02078	0.19232	0.02428	0.63934	0.02465	0.00489	0.00509	0.00994	0.00384	0.00371
35	0.01106	0.00932	0.01100	0.00839	0.01269	0.00714	0.00654	0.01335	0.01171	0.01798	0.01367	0.14036	0.01329	0.00648	0.00474	0.00109	0.00409	0.00550	0.00370	0.69792
36	0.01186	0.01017	0.01186	0.00847	0.01356	0.00762	0.00678	0.01440	0.01186	0.01864	0.01017	0.01186	0.00847	0.00424	0.00424	0.00085	0.00424	0.00339	0.00339	0.83395
37	0.02271	0.00992	0.01286	0.00990	0.01422	0.00872	0.00813	0.07532	0.01644	0.59095	0.02341	0.02099	0.06857	0.00735	0.00568	0.00169	0.00476	0.00596	0.00651	0.08589
38	0.00697	0.00498	0.00664	0.00796	0.00830	0.00465	0.00531	0.00796	0.01095	0.01460	0.03153	0.79525	0.03783	0.01792	0.00730	0.00232	0.00332	0.01626	0.00531	0.00465
39	0.01305	0.01246	0.02121	0.28329	0.52379	0.01330	0.01700	0.01658	0.01250	0.01734	0.01056	0.01452	0.00859	0.00530	0.00568	0.00177	0.00707	0.00509	0.00274	0.00816
40	0.01518	0.01567	0.01742	0.01347	0.01773	0.20700	0.14194	0.01775	0.01322	0.04567	0.01036	0.01245	0.00837	0.00530	0.00606	0.00136	0.06483	0.00428	0.00326	0.37866
41	0.01204	0.01246	0.09675	0.01020	0.01493	0.00937	0.01994	0.04606	0.06718	0.01918	0.01302	0.07860	0.01149	0.00611	0.00536	0.00127	0.03276	0.00497	0.00368	0.53459
42	0.01313	0.14061	0.57887	0.01519	0.02252	0.09971	0.01837	0.01850	0.01247	0.01698	0.00977	0.01146	0.00727	0.00541	0.00515	0.00169	0.00832	0.00400	0.00248	0.00809
43	0.10620	0.50729	0.22547	0.01128	0.01697	0.01904	0.01242	0.01736	0.01153	0.01607	0.00857	0.00996	0.00719	0.00508	0.00413	0.00144	0.00655	0.00338	0.00256	0.00751

[dist]
# distance from previous block
# <min> <max>
4	8

[block]
# block no. 10 follows, 41 sequences, length 8
# corresponding to MSA columns:
# 625-632
name=unknown_K
#
# <colnr> <probs for GDERKNQSTAVLIFYWHMCP>
#	G	D	E	R	K	N	Q	S	T	A	V	L	I	F	Y	W	H	M	C	P
0	0.06989	0.10563	0.01473	0.01013	0.01397	0.01176	0.00842	0.17347	0.01716	0.34556	0.08972	0.08103	0.01765	0.00798	0.00558	0.00174	0.00496	0.00643	0.00580	0.00840
1	0.09019	0.01274	0.01568	0.01208	0.01611	0.01313	0.09772	0.31675	0.05273	0.04123	0.01361	0.01671	0.01096	0.10125	0.00818	0.00207	0.00591	0.00533	0.02154	0.14608
2	0.32225	0.01169	0.01495	0.01552	0.16424	0.01230	0.07507	0.10448	0.01358	0.09482	0.01381	0.10806	0.01203	0.00712	0.00519	0.00183	0.00550	0.00593	0.00416	0.00748
3	0.17930	0.01344	0.02252	0.01706	0.02112	0.01411	0.35891	0.10506	0.01360	0.02111	0.01223	0.07635	0.01051	0.00685	0.00747	0.00197	0.10126	0.00638	0.00351	0.00723
4	0.08676	0.01123	0.01579	0.01201	0.01632	0.01024	0.15438	0.10332	0.01369	0.02071	0.01392	0.13121	0.01291	0.00684	0.00532	0.00148	0.00545	0.00620	0.00388	0.36834
5	0.01632	0.01296	0.01315	0.01105	0.01405	0.10369	0.00884	0.28429	0.01811	0.08997	0.03945	0.02381	0.16003	0.01360	0.11417	0.00283	0.05473	0.00664	0.00488	0.00743
6	0.01148	0.10688	0.12828	0.00975	0.01304	0.01074	0.00887	0.07329	0.08469	0.01934	0.20709	0.02595	0.02346	0.16678	0.02609	0.00257	0.00539	0.00676	0.00431	0.06525
7	0.01431	0.07291	0.08655	0.01088	0.01524	0.24018	0.00936	0.01674	0.01332	0.01644	0.01544	0.01649	0.09960	0.00615	0.00490	0.00129	0.00644	0.00459	0.00333	0.34585

[dist]
# distance from previous block
# <min> <max>
0	7

[block]
# block no. 11 follows, 41 sequences, length 41
# corresponding to MSA columns:
# 640-680
name=unknown_L
#
# <colnr> <probs for GDERKNQSTAVLIFYWHMCP>
