[name]
unknown

[dist]
# distance from previous block
# <min> <max>
4	187

[block]
# block no. 0 follows, 39 sequences, length 56
# corresponding to MSA columns:
# 192-247
name=unknown_A
#
# <colnr> <probs for GDERKNQSTAVLIFYWHMCP>
#	G	D	E	R	K	N	Q	S	T	A	V	L	I	F	Y	W	H	M	C	P
0	0.01385	0.01692	0.08935	0.02518	0.08606	0.01479	0.62474	0.01887	0.01381	0.01896	0.01180	0.01559	0.00889	0.00506	0.00679	0.00197	0.00965	0.00665	0.00295	0.00814
1	0.00721	0.00515	0.00686	0.00823	0.00858	0.00480	0.00549	0.00823	0.01132	0.01510	0.03259	0.78831	0.03911	0.01853	0.00755	0.00240	0.00343	0.01681	0.00549	0.00480
2	0.02205	0.01615	0.01728	0.01330	0.01791	0.01785	0.01097	0.70825	0.02722	0.03669	0.01439	0.01450	0.01025	0.00709	0.00585	0.00176	0.00637	0.00533	0.03691	0.00989
3	0.01935	0.01478	0.01605	0.01231	0.01704	0.01553	0.01006	0.50078	0.08878	0.03186	0.01421	0.01445	0.01047	0.00654	0.00556	0.00158	0.00584	0.00501	0.00535	0.20443
4	0.01377	0.01539	0.03174	0.02316	0.02802	0.01555	0.59826	0.01806	0.01304	0.01806	0.01117	0.01539	0.00875	0.00599	0.00932	0.00211	0.15500	0.00664	0.00292	0.00769
5	0.00719	0.00519	0.00682	0.00812	0.00855	0.00481	0.00544	0.00825	0.01144	0.01514	0.03403	0.75000	0.07650	0.01834	0.00752	0.00238	0.00341	0.01659	0.00549	0.00481
6	0.00969	0.00834	0.01402	0.01222	0.01391	0.00931	0.12443	0.01204	0.01012	0.01444	0.01481	0.02243	0.01381	0.09151	0.53327	0.00748	0.07284	0.00652	0.00313	0.00568
7	0.01197	0.01049	0.01753	0.73775	0.03939	0.01291	0.01602	0.01583	0.01209	0.05409	0.01118	0.01600	0.00824	0.00599	0.00591	0.00196	0.00773	0.00529	0.00287	0.00675
8	0.02209	0.02819	0.01676	0.01524	0.01828	0.76843	0.01143	0.02361	0.01676	0.01447	0.00914	0.01066	0.00762	0.00609	0.00533	0.00152	0.01066	0.00381	0.00305	0.00686
9	0.01444	0.01385	0.02364	0.07893	0.71421	0.01400	0.01805	0.01797	0.01337	0.01908	0.01109	0.01470	0.00928	0.00531	0.00586	0.00177	0.00707	0.00527	0.00291	0.00921
10	0.01396	0.01595	0.03490	0.02493	0.03091	0.01496	0.73380	0.01894	0.01396	0.01894	0.01196	0.01595	0.00897	0.00499	0.00698	0.00199	0.00997	0.00698	0.00299	0.00798
11	0.00721	0.00515	0.00686	0.00823	0.00858	0.00480	0.00549	0.00823	0.01132	0.01510	0.03259	0.78831	0.03911	0.01853	0.00755	0.00240	0.00343	0.01681	0.00549	0.00480
12	0.01396	0.01595	0.03490	0.02493	0.03091	0.01496	0.73380	0.01894	0.01396	0.01894	0.01196	0.01595	0.00897	0.00499	0.00698	0.00199	0.00997	0.00698	0.00299	0.00798
13	0.01581	0.79572	0.03099	0.01012	0.01518	0.02340	0.01012	0.01771	0.01202	0.01391	0.00822	0.00949	0.00759	0.00506	0.00379	0.00126	0.00632	0.00316	0.00253	0.00759
14	0.01471	0.01270	0.01337	0.01203	0.01538	0.01471	0.00936	0.03142	0.74459	0.02474	0.02407	0.02206	0.01805	0.00802	0.00602	0.00201	0.00468	0.00669	0.00602	0.00936
15	0.00721	0.00515	0.00686	0.00823	0.00858	0.00480	0.00549	0.00823	0.01132	0.01510	0.03259	0.78831	0.03911	0.01853	0.00755	0.00240	0.00343	0.01681	0.00549	0.00480
16	0.00838	0.00650	0.00962	0.00922	0.01058	0.00605	0.06156	0.01064	0.01424	0.01960	0.37031	0.32641	0.06056	0.01427	0.00725	0.00212	0.00372	0.04774	0.00578	0.00545
17	0.01396	0.01595	0.03490	0.02493	0.03091	0.01496	0.73380	0.01894	0.01396	0.01894	0.01196	0.01595	0.00897	0.00499	0.00698	0.00199	0.00997	0.00698	0.00299	0.00798
18	0.01363	0.01302	0.02219	0.25138	0.54806	0.01379	0.01765	0.01727	0.01299	0.01810	0.01095	0.01496	0.00894	0.00546	0.00587	0.00182	0.00727	0.00527	0.00284	0.00856
19	0.01186	0.03059	0.76153	0.01686	0.02560	0.01373	0.02185	0.01873	0.01249	0.01873	0.01061	0.01249	0.00749	0.00562	0.00562	0.00187	0.00874	0.00437	0.00250	0.00874
20	0.01186	0.03059	0.76153	0.01686	0.02560	0.01373	0.02185	0.01873	0.01249	0.01873	0.01061	0.01249	0.00749	0.00562	0.00562	0.00187	0.00874	0.00437	0.00250	0.00874
21	0.01186	0.03059	0.76153	0.01686	0.02560	0.01373	0.02185	0.01873	0.01249	0.01873	0.01061	0.01249	0.00749	0.00562	0.00562	0.00187	0.00874	0.00437	0.00250	0.00874
22	0.00721	0.00515	0.00686	0.00823	0.00858	0.00480	0.00549	0.00823	0.01132	0.01510	0.03259	0.78831	0.03911	0.01853	0.00755	0.00240	0.00343	0.01681	0.00549	0.00480
23	0.02653	0.01006	0.01372	0.01052	0.01510	0.00869	0.00869	0.02882	0.01693	0.75937	0.02333	0.02013	0.01464	0.00732	0.00595	0.00183	0.00503	0.00595	0.00732	0.01006
24	0.01117	0.01051	0.01774	0.77795	0.04073	0.01314	0.01642	0.01511	0.01182	0.01511	0.01051	0.01577	0.00788	0.00591	0.00591	0.00197	0.00788	0.00526	0.00263	0.00657
25	0.00721	0.00515	0.00686	0.00823	0.00858	0.00480	0.00549	0.00823	0.01132	0.01510	0.03259	0.78831	0.03911	0.01853	0.00755	0.00240	0.00343	0.01681	0.00549	0.00480
26	0.01322	0.01377	0.02274	0.01812	0.01976	0.01724	0.21151	0.01553	0.01041	0.01553	0.00892	0.01377	0.00810	0.00887	0.01598	0.00242	0.56886	0.00567	0.00270	0.00688
27	0.01202	0.02947	0.70580	0.01747	0.02600	0.01383	0.07645	0.01874	0.01260	0.01874	0.01072	0.01275	0.00760	0.00557	0.00572	0.00188	0.00883	0.00457	0.00253	0.00868
28	0.01186	0.03059	0.76153	0.01686	0.02560	0.01373	0.02185	0.01873	0.01249	0.01873	0.01061	0.01249	0.00749	0.00562	0.00562	0.00187	0.00874	0.00437	0.00250	0.00874
29	0.02209	0.02819	0.01676	0.01524	0.01828	0.76843	0.01143	0.02361	0.01676	0.01447	0.00914	0.01066	0.00762	0.00609	0.00533	0.00152	0.01066	0.00381	0.00305	0.00686
30	0.02053	0.08491	0.01701	0.01409	0.01721	0.63480	0.01078	0.02211	0.01605	0.02982	0.01243	0.01371	0.05075	0.00740	0.02236	0.00172	0.00989	0.00436	0.00324	0.00684
31	0.01429	0.01422	0.02008	0.02267	0.27280	0.05561	0.01462	0.03786	0.01155	0.01671	0.00920	0.01345	0.00838	0.00827	0.01356	0.00222	0.44894	0.00514	0.00283	0.00760
32	0.00721	0.00515	0.00686	0.00823	0.00858	0.00480	0.00549	0.00823	0.01132	0.01510	0.03259	0.78831	0.03911	0.01853	0.00755	0.00240	0.00343	0.01681	0.00549	0.00480
33	0.01160	0.01095	0.01852	0.68576	0.12955	0.01325	0.01664	0.01549	0.01203	0.01563	0.01059	0.01563	0.00807	0.00583	0.00591	0.00194	0.00778	0.00526	0.00267	0.00692
34	0.06046	0.01649	0.10451	0.03531	0.04478	0.01458	0.49509	0.01893	0.01333	0.05970	0.01187	0.01521	0.00889	0.00564	0.00750	0.00200	0.06832	0.00623	0.00318	0.00797
35	0.00849	0.00617	0.00866	0.00866	0.00943	0.00694	0.00634	0.01002	0.00926	0.01311	0.01661	0.02749	0.01663	0.25035	0.56526	0.00847	0.01306	0.00696	0.00328	0.00481
36	0.00721	0.00515	0.00686	0.00823	0.00858	0.00480	0.00549	0.00823	0.01132	0.01510	0.03259	0.78831	0.03911	0.01853	0.00755	0.00240	0.00343	0.01681	0.00549	0.00480
37	0.02215	0.02638	0.01691	0.01498	0.01829	0.65199	0.01140	0.13413	0.01847	0.01801	0.00993	0.01121	0.00800	0.00625	0.00542	0.00156	0.01002	0.00404	0.00349	0.00735
38	0.02189	0.01622	0.01743	0.01333	0.01809	0.01774	0.01100	0.69414	0.02691	0.03624	0.01399	0.01409	0.00998	0.00694	0.00583	0.00172	0.00639	0.00522	0.00578	0.05709
39	0.02416	0.01225	0.01488	0.01158	0.01608	0.01214	0.00951	0.23764	0.09258	0.47314	0.02071	0.01857	0.01363	0.00732	0.00594	0.00183	0.00543	0.00584	0.00678	0.00999
40	0.00771	0.00540	0.00689	0.00775	0.00805	0.00522	0.00502	0.00852	0.01053	0.01412	0.04231	0.51185	0.03300	0.25013	0.05201	0.00374	0.00472	0.01372	0.00483	0.00448
41	0.00834	0.00604	0.00786	0.00740	0.00881	0.00557	0.00555	0.01109	0.01666	0.02352	0.73498	0.04449	0.07310	0.01216	0.00698	0.00186	0.00280	0.01074	0.00648	0.00557
42	0.01445	0.01378	0.02306	0.07577	0.67430	0.01404	0.01756	0.01873	0.05451	0.01939	0.01182	0.01512	0.00977	0.00546	0.00587	0.00178	0.00694	0.00535	0.00308	0.00921
43	0.01461	0.01144	0.01096	0.08345	0.01421	0.15085	0.03490	0.05254	0.01423	0.05921	0.01622	0.01858	0.01252	0.00661	0.00482	0.00153	0.00532	0.00524	0.47635	0.00642
44	0.00721	0.00515	0.00686	0.00823	0.00858	0.00480	0.00549	0.00823	0.01132	0.01510	0.03259	0.78831	0.03911	0.01853	0.00755	0.00240	0.00343	0.01681	0.00549	0.00480
45	0.01198	0.02977	0.72065	0.01731	0.02589	0.01380	0.06190	0.01874	0.01257	0.01874	0.01069	0.01268	0.00757	0.00558	0.00570	0.00188	0.00881	0.00452	0.00252	0.00870
46	0.01198	0.02978	0.72151	0.01730	0.02589	0.01380	0.06105	0.01874	0.01257	0.01874	0.01069	0.01268	0.00757	0.00558	0.00569	0.00188	0.00881	0.00451	0.00252	0.00870
47	0.01454	0.01387	0.02320	0.05730	0.69118	0.01406	0.01759	0.01882	0.05544	0.01950	0.01185	0.01510	0.00982	0.00545	0.00587	0.00178	0.00692	0.00535	0.00310	0.00928
48	0.02293	0.01053	0.01342	0.01070	0.01482	0.00995	0.00869	0.06297	0.14114	0.54226	0.07890	0.02201	0.01815	0.00779	0.00604	0.00186	0.00487	0.00641	0.00697	0.00960
49	0.01434	0.01363	0.02317	0.03484	0.71257	0.01363	0.01765	0.01781	0.01347	0.01923	0.01228	0.01763	0.01079	0.00591	0.00599	0.00181	0.00693	0.04609	0.00307	0.00914
50	0.07878	0.01502	0.02313	0.03369	0.66160	0.03931	0.01731	0.01897	0.01398	0.02069	0.01194	0.01562	0.01013	0.00606	0.00614	0.00196	0.00730	0.00541	0.00337	0.00958
51	0.00892	0.00679	0.00806	0.00922	0.00978	0.03061	0.00620	0.00970	0.01235	0.01637	0.05258	0.72977	0.03906	0.01845	0.00790	0.00255	0.00406	0.01636	0.00578	0.00550
52	0.01041	0.00773	0.00927	0.00984	0.01096	0.00765	0.00687	0.06747	0.09492	0.01892	0.03095	0.63135	0.03505	0.01700	0.00769	0.00250	0.00421	0.01495	0.00592	0.00632
53	0.02110	0.01445	0.01600	0.01290	0.01678	0.01548	0.01035	0.48097	0.04078	0.11375	0.01799	0.04902	0.01437	0.04761	0.00807	0.00224	0.03172	0.02782	0.04906	0.00954
54	0.01932	0.16332	0.02337	0.01539	0.02011	0.05525	0.15676	0.35104	0.02065	0.02710	0.01515	0.01708	0.03504	0.02179	0.00660	0.00198	0.00750	0.00583	0.02762	0.00911
55	0.10327	0.37563	0.02325	0.05542	0.01765	0.13035	0.01104	0.08151	0.01421	0.01854	0.01029	0.01270	0.00896	0.00767	0.02349	0.00198	0.08846	0.00424	0.00344	0.00790

[dist]
# distance from previous block
# <min> <max>
0	9

[block]
# block no. 1 follows, 39 sequences, length 7
# corresponding to MSA columns:
# 257-263
name=unknown_B
#
# <colnr> <probs for GDERKNQSTAVLIFYWHMCP>
#	G	D	E	R	K	N	Q	S	T	A	V	L	I	F	Y	W	H	M	C	P
0	0.01374	0.01588	0.15667	0.36666	0.18267	0.01423	0.01699	0.12638	0.01473	0.02004	0.01122	0.01469	0.00845	0.00591	0.00585	0.00188	0.00765	0.00510	0.00317	0.00808
1	0.01617	0.01618	0.02075	0.02618	0.40974	0.13129	0.01514	0.08067	0.05416	0.01953	0.01120	0.01410	0.00935	0.00659	0.00814	0.00188	0.14199	0.00511	0.00331	0.00854
2	0.22864	0.01086	0.03943	0.23754	0.02085	0.01184	0.01034	0.01779	0.15696	0.02051	0.04535	0.14361	0.01652	0.00853	0.00564	0.00200	0.00547	0.00708	0.00419	0.00683
3	0.01543	0.01401	0.02227	0.12282	0.55436	0.01460	0.01687	0.12893	0.01549	0.02159	0.01153	0.01471	0.00929	0.00563	0.00587	0.00179	0.00705	0.00528	0.00335	0.00913
4	0.01101	0.00991	0.01623	0.49912	0.11996	0.01151	0.01433	0.01461	0.01295	0.01719	0.12737	0.02464	0.01785	0.00773	0.00627	0.00200	0.00677	0.07037	0.00352	0.00665
5	0.01515	0.01381	0.01758	0.15570	0.24656	0.08881	0.01316	0.12826	0.01549	0.02094	0.01277	0.01722	0.01060	0.00630	0.00562	0.00167	0.00673	0.04210	0.05466	0.12688
6	0.01271	0.01197	0.01260	0.01099	0.01349	0.12635	0.04265	0.06687	0.01333	0.01745	0.01827	0.26366	0.01951	0.08111	0.00915	0.00214	0.05914	0.00870	0.00417	0.20574

[dist]
# distance from previous block
# <min> <max>
4	31

[block]
# block no. 2 follows, 39 sequences, length 6
# corresponding to MSA columns:
# 296-301
name=unknown_C
#
# <colnr> <probs for GDERKNQSTAVLIFYWHMCP>
#	G	D	E	R	K	N	Q	S	T	A	V	L	I	F	Y	W	H	M	C	P
0	0.14924	0.03708	0.05558	0.01233	0.05345	0.03043	0.00985	0.21004	0.07897	0.11493	0.01559	0.07138	0.01250	0.00722	0.00538	0.00173	0.00555	0.00567	0.02366	0.09943
1	0.01275	0.14820	0.57468	0.01773	0.09618	0.01527	0.01966	0.01851	0.01251	0.01804	0.01029	0.01223	0.00769	0.00550	0.00536	0.00177	0.00819	0.00427	0.00254	0.00862
2	0.00836	0.00563	0.00652	0.00676	0.00681	0.00557	0.00391	0.00854	0.00907	0.01209	0.02102	0.16691	0.02451	0.65984	0.02624	0.00516	0.00534	0.01000	0.00391	0.00379
3	0.01771	0.03931	0.01145	0.00912	0.01220	0.00920	0.00729	0.05421	0.11474	0.30154	0.06104	0.07082	0.01855	0.00817	0.00552	0.00174	0.00423	0.00674	0.23841	0.00800
4	0.02234	0.01801	0.01669	0.01482	0.06792	0.23325	0.01106	0.27230	0.06208	0.19946	0.01524	0.01506	0.01084	0.00679	0.00576	0.00173	0.00730	0.00511	0.00522	0.00904
5	0.01260	0.06151	0.11667	0.00782	0.01073	0.00811	0.00741	0.01586	0.01272	0.07519	0.01761	0.01970	0.01352	0.00662	0.00446	0.00147	0.00402	0.00522	0.59231	0.00645

[dist]
# distance from previous block
# <min> <max>
7	213

# created by:
# /software/SequenceAnalysis/GenePrediction/augustus/3.0.1/scripts/msa2prfl.pl ./fixed/BUSCOvEOG7TXD79.fas
