[name]
unknown

[dist]
# distance from previous block
# <min> <max>
15	137

[block]
# block no. 0 follows, 39 sequences, length 39
# corresponding to MSA columns:
# 149-187
name=unknown_A
#
# <colnr> <probs for GDERKNQSTAVLIFYWHMCP>
#	G	D	E	R	K	N	Q	S	T	A	V	L	I	F	Y	W	H	M	C	P
0	0.02039	0.17666	0.01975	0.01404	0.01752	0.48607	0.01123	0.11080	0.01677	0.01720	0.00951	0.01100	0.00792	0.00626	0.00590	0.00156	0.05280	0.00395	0.00328	0.00738
1	0.72207	0.01294	0.00987	0.00869	0.01238	0.06515	0.00708	0.06779	0.01176	0.02646	0.00871	0.01000	0.00674	0.00564	0.00393	0.00181	0.00512	0.00339	0.00377	0.00669
2	0.02155	0.02650	0.01809	0.01579	0.01917	0.66246	0.06169	0.07409	0.01735	0.01641	0.00970	0.01128	0.00789	0.00609	0.00549	0.00157	0.01032	0.00414	0.00325	0.00716
3	0.01474	0.02656	0.61461	0.01561	0.02353	0.01274	0.01926	0.02071	0.01336	0.16423	0.01311	0.01399	0.00890	0.00595	0.00568	0.00186	0.00801	0.00468	0.00344	0.00900
4	0.00845	0.00634	0.00950	0.00950	0.01056	0.00739	0.00739	0.01056	0.00950	0.01373	0.01584	0.02323	0.01478	0.04435	0.76873	0.00950	0.01584	0.00634	0.00317	0.00528
5	0.00817	0.00555	0.00658	0.00700	0.00710	0.00545	0.00417	0.00849	0.00944	0.01258	0.02293	0.26928	0.02692	0.55420	0.02316	0.00471	0.00503	0.01113	0.00417	0.00396
6	0.00845	0.00634	0.00950	0.00950	0.01056	0.00739	0.00739	0.01056	0.00950	0.01373	0.01584	0.02323	0.01478	0.04435	0.76873	0.00950	0.01584	0.00634	0.00317	0.00528
7	0.00737	0.00601	0.00652	0.00639	0.00822	0.00516	0.00479	0.00923	0.01438	0.01812	0.25197	0.05338	0.55947	0.01418	0.00699	0.00196	0.00294	0.01199	0.00577	0.00516
8	0.00728	0.00521	0.00693	0.00818	0.00860	0.00486	0.00550	0.00843	0.01169	0.01568	0.08169	0.73753	0.04025	0.01809	0.00751	0.00236	0.00339	0.01639	0.00556	0.00486
9	0.00781	0.00602	0.00713	0.00686	0.00849	0.00534	0.00514	0.01008	0.01543	0.02060	0.47367	0.04930	0.33623	0.01325	0.00698	0.00192	0.00287	0.01141	0.00610	0.00534
10	0.00837	0.00604	0.00790	0.00744	0.00883	0.00558	0.00558	0.01116	0.01674	0.02371	0.75216	0.04417	0.05580	0.01209	0.00697	0.00186	0.00279	0.01069	0.00651	0.00558
11	0.00929	0.00668	0.00919	0.01029	0.01168	0.00659	0.00886	0.01197	0.01397	0.01832	0.11591	0.06369	0.06641	0.01579	0.00798	0.00259	0.00504	0.60472	0.00557	0.00544
12	0.02248	0.01656	0.01775	0.01361	0.01834	0.01834	0.01124	0.73556	0.02780	0.03727	0.01420	0.01420	0.01006	0.00710	0.00592	0.00177	0.00651	0.00532	0.00592	0.01006
13	0.00860	0.00573	0.00645	0.00645	0.00645	0.00573	0.00358	0.00860	0.00860	0.01147	0.01863	0.03870	0.02150	0.79217	0.03010	0.00573	0.00573	0.00860	0.00358	0.00358
14	0.00845	0.00634	0.00950	0.00950	0.01056	0.00739	0.00739	0.01056	0.00950	0.01373	0.01584	0.02323	0.01478	0.04435	0.76873	0.00950	0.01584	0.00634	0.00317	0.00528
15	0.83394	0.01144	0.00869	0.00778	0.01144	0.01327	0.00640	0.01738	0.01006	0.02653	0.00823	0.00961	0.00640	0.00549	0.00366	0.00183	0.00457	0.00320	0.00366	0.00640
16	0.00749	0.00601	0.00668	0.00651	0.00829	0.00520	0.00488	0.00945	0.01465	0.01876	0.30886	0.05233	0.50219	0.01394	0.00698	0.00195	0.00292	0.01184	0.00586	0.00520
17	0.00860	0.00573	0.00645	0.00645	0.00645	0.00573	0.00358	0.00860	0.00860	0.01147	0.01863	0.03870	0.02150	0.79217	0.03010	0.00573	0.00573	0.00860	0.00358	0.00358
18	0.00721	0.00515	0.00686	0.00823	0.00858	0.00480	0.00549	0.00823	0.01132	0.01510	0.03259	0.78831	0.03911	0.01853	0.00755	0.00240	0.00343	0.01681	0.00549	0.00480
19	0.00841	0.00642	0.00679	0.00675	0.00863	0.00579	0.00513	0.04391	0.01398	0.01800	0.07067	0.10164	0.51902	0.01384	0.00669	0.00197	0.00328	0.04798	0.10576	0.00532
20	0.83394	0.01144	0.00869	0.00778	0.01144	0.01327	0.00640	0.01738	0.01006	0.02653	0.00823	0.00961	0.00640	0.00549	0.00366	0.00183	0.00457	0.00320	0.00366	0.00640
21	0.00699	0.00599	0.00599	0.00599	0.00799	0.00499	0.00449	0.00849	0.01348	0.01598	0.05991	0.05691	0.75288	0.01498	0.00699	0.00200	0.00300	0.01248	0.00549	0.00499
22	0.00982	0.00714	0.00975	0.01096	0.01243	0.00725	0.00952	0.01333	0.05488	0.01810	0.03090	0.06419	0.03313	0.01587	0.00805	0.00268	0.00540	0.67546	0.00548	0.00567
23	0.00737	0.00526	0.00705	0.00842	0.00883	0.00494	0.00577	0.00851	0.01148	0.01528	0.03251	0.73808	0.03876	0.01837	0.00759	0.00242	0.00357	0.06544	0.00549	0.00485
24	0.83394	0.01144	0.00869	0.00778	0.01144	0.01327	0.00640	0.01738	0.01006	0.02653	0.00823	0.00961	0.00640	0.00549	0.00366	0.00183	0.00457	0.00320	0.00366	0.00640
25	0.00845	0.00634	0.00950	0.00950	0.01056	0.00739	0.00739	0.01056	0.00950	0.01373	0.01584	0.02323	0.01478	0.04435	0.76873	0.00950	0.01584	0.00634	0.00317	0.00528
26	0.00906	0.00645	0.00880	0.00984	0.01098	0.00636	0.00815	0.01139	0.01332	0.01761	0.11413	0.14104	0.03611	0.07873	0.00973	0.00283	0.00494	0.49986	0.00542	0.00524
27	0.01357	0.01296	0.02208	0.26443	0.53549	0.01377	0.01762	0.01721	0.01296	0.01803	0.01094	0.01498	0.00891	0.00547	0.00587	0.00182	0.00729	0.00526	0.00284	0.00851
28	0.02170	0.01618	0.01731	0.01345	0.01804	0.01797	0.01105	0.66456	0.10008	0.03601	0.01519	0.01499	0.01086	0.00719	0.00593	0.00180	0.00632	0.00546	0.00593	0.00999
29	0.01464	0.01405	0.02400	0.03630	0.75528	0.01405	0.01815	0.01815	0.01347	0.01932	0.01112	0.01464	0.00937	0.00527	0.00585	0.00176	0.00703	0.00527	0.00293	0.00937
30	0.01117	0.01051	0.01774	0.77795	0.04073	0.01314	0.01642	0.01511	0.01182	0.01511	0.01051	0.01577	0.00788	0.00591	0.00591	0.00197	0.00788	0.00526	0.00263	0.00657
31	0.01182	0.01134	0.01967	0.62889	0.13823	0.01338	0.06166	0.01577	0.01218	0.01593	0.01069	0.01562	0.00816	0.00577	0.00597	0.00194	0.00790	0.00537	0.00269	0.00704
32	0.01278	0.02930	0.71462	0.01646	0.02494	0.01342	0.02102	0.01936	0.01276	0.06519	0.01141	0.01296	0.00794	0.00573	0.00564	0.00187	0.00851	0.00447	0.00280	0.00882
33	0.01452	0.01406	0.02432	0.03472	0.68659	0.01391	0.06269	0.01810	0.01346	0.01930	0.01116	0.01464	0.00932	0.00522	0.00588	0.00174	0.00713	0.00532	0.00295	0.03496
34	0.06535	0.01315	0.02149	0.17947	0.54549	0.01384	0.01680	0.01791	0.03541	0.01911	0.01122	0.01477	0.00916	0.00549	0.00573	0.00181	0.00697	0.00518	0.00301	0.00863
35	0.01914	0.01392	0.01676	0.19495	0.02281	0.01552	0.01192	0.46503	0.02215	0.08521	0.01517	0.06358	0.01171	0.00755	0.00602	0.00186	0.00653	0.00608	0.00521	0.00890
36	0.01963	0.01695	0.01567	0.01283	0.01667	0.16059	0.01025	0.43174	0.08775	0.02949	0.09049	0.01906	0.04656	0.00783	0.00597	0.00177	0.00662	0.00600	0.00541	0.00871
37	0.01091	0.01075	0.00940	0.01009	0.01114	0.18668	0.00718	0.01217	0.01278	0.01513	0.02692	0.55301	0.03126	0.01542	0.00706	0.00222	0.00529	0.06234	0.00491	0.00534
38	0.00877	0.00578	0.00736	0.00796	0.00893	0.00529	0.00557	0.01009	0.01238	0.06661	0.09892	0.48902	0.13995	0.07045	0.00890	0.00250	0.00365	0.03711	0.00557	0.00519

[dist]
# distance from previous block
# <min> <max>
1	117

# created by:
# /software/SequenceAnalysis/GenePrediction/augustus/3.0.1/scripts/msa2prfl.pl ./fixed/BUSCOvEOG7HB01S.fas
