[name]
unknown

[dist]
# distance from previous block
# <min> <max>
3	302

[block]
# block no. 0 follows, 41 sequences, length 34
# corresponding to MSA columns:
# 326-359
name=unknown_A
#
# <colnr> <probs for GDERKNQSTAVLIFYWHMCP>
#	G	D	E	R	K	N	Q	S	T	A	V	L	I	F	Y	W	H	M	C	P
0	0.01251	0.01251	0.01752	0.01502	0.01502	0.01752	0.01251	0.01377	0.00876	0.01377	0.00751	0.01251	0.00751	0.01001	0.01877	0.00250	0.78851	0.00501	0.00250	0.00626
1	0.01080	0.01017	0.01716	0.78523	0.03940	0.01271	0.01589	0.01461	0.01144	0.01461	0.01017	0.01525	0.00762	0.00572	0.00572	0.00191	0.00762	0.00508	0.00254	0.00635
2	0.01130	0.01192	0.02463	0.01868	0.02263	0.01116	0.49465	0.01484	0.01264	0.01707	0.01828	0.27763	0.01848	0.00923	0.00694	0.00206	0.00752	0.00995	0.00371	0.00668
3	0.01842	0.01405	0.01538	0.01158	0.01633	0.01434	0.00950	0.49883	0.02184	0.03019	0.01253	0.01310	0.00931	0.00598	0.00522	0.00142	0.00560	0.00456	0.00494	0.28686
4	0.02067	0.00988	0.01458	0.27078	0.02294	0.00985	0.01092	0.02342	0.01471	0.51419	0.01840	0.01805	0.01196	0.00662	0.00574	0.00182	0.00579	0.00553	0.00555	0.00860
5	0.00928	0.01402	0.26478	0.01158	0.01510	0.00921	0.01185	0.01287	0.01016	0.01490	0.01362	0.01898	0.01193	0.03030	0.51712	0.00671	0.01301	0.00549	0.00285	0.00623
6	0.00772	0.00552	0.00750	0.00883	0.00949	0.00530	0.00662	0.00927	0.01170	0.01545	0.03111	0.54955	0.03618	0.01721	0.00750	0.00243	0.00397	0.25450	0.00530	0.00485
7	0.00690	0.00525	0.00635	0.00723	0.00810	0.00471	0.00499	0.00805	0.01165	0.01489	0.04041	0.54637	0.28098	0.01677	0.00712	0.00219	0.00318	0.01485	0.00531	0.00471
8	0.55995	0.00921	0.00768	0.00709	0.00944	0.01038	0.00528	0.01396	0.00926	0.02076	0.01135	0.01875	0.01110	0.27217	0.01214	0.00304	0.00480	0.00485	0.00351	0.00528
9	0.00989	0.00871	0.01396	0.52363	0.02902	0.01025	0.01236	0.01333	0.01304	0.01741	0.26238	0.02449	0.02321	0.00773	0.00606	0.00187	0.00597	0.00685	0.00380	0.00603
10	0.29063	0.04918	0.01632	0.01295	0.01492	0.01560	0.07895	0.01524	0.00972	0.01820	0.00862	0.02957	0.00787	0.00788	0.01154	0.00214	0.39663	0.00470	0.00295	0.00639
11	0.01080	0.01017	0.01716	0.78523	0.03940	0.01271	0.01589	0.01461	0.01144	0.01461	0.01017	0.01525	0.00762	0.00572	0.00572	0.00191	0.00762	0.00508	0.00254	0.00635
12	0.01267	0.27692	0.02211	0.44457	0.10822	0.01614	0.01401	0.01577	0.01167	0.01466	0.00949	0.01309	0.00768	0.00537	0.00502	0.00165	0.00703	0.00440	0.00254	0.00697
13	0.00963	0.27365	0.01392	0.00714	0.01006	0.01082	0.00618	0.01121	0.01256	0.01478	0.04114	0.03962	0.50758	0.01126	0.00572	0.00169	0.00398	0.00904	0.00435	0.00567
14	0.02062	0.00825	0.01060	0.00855	0.01193	0.00737	0.00692	0.02298	0.01490	0.51645	0.02125	0.02009	0.01433	0.00694	0.00516	0.00162	0.00413	0.00561	0.28402	0.00825
15	0.01401	0.54257	0.27858	0.01198	0.01807	0.01949	0.01360	0.01746	0.01177	0.01502	0.00873	0.01015	0.00731	0.00508	0.00426	0.00142	0.00690	0.00345	0.00244	0.00771
16	0.00683	0.00552	0.00608	0.00652	0.00792	0.00477	0.00467	0.00813	0.01234	0.01517	0.04906	0.30393	0.51783	0.01564	0.00694	0.00206	0.00304	0.01348	0.00531	0.00477
17	0.01144	0.00924	0.01122	0.00939	0.01318	0.00775	0.00779	0.04778	0.01301	0.01894	0.01710	0.02965	0.01675	0.00825	0.00554	0.00149	0.00468	0.24604	0.00413	0.51665
18	0.00683	0.00552	0.00608	0.00652	0.00792	0.00477	0.00467	0.00813	0.01234	0.01517	0.04906	0.30393	0.51783	0.01564	0.00694	0.00206	0.00304	0.01348	0.00531	0.00477
19	0.01469	0.53781	0.03124	0.01460	0.01980	0.01989	0.25616	0.01753	0.01225	0.01509	0.00917	0.01128	0.00779	0.00487	0.00471	0.00146	0.00730	0.00430	0.00260	0.00747
20	0.01562	0.01369	0.01740	0.01439	0.01593	0.01759	0.01196	0.25937	0.01486	0.02126	0.00960	0.01292	0.00825	0.00895	0.01438	0.00224	0.52550	0.00505	0.00359	0.00742
21	0.01150	0.01017	0.01364	0.26965	0.02224	0.00933	0.00984	0.01447	0.01172	0.01729	0.01017	0.01300	0.00819	0.00473	0.00473	0.00120	0.00538	0.00396	0.00310	0.55568
22	0.02174	0.01602	0.01717	0.01316	0.01774	0.01774	0.01087	0.74423	0.02689	0.03605	0.01373	0.01373	0.00973	0.00687	0.00572	0.00172	0.00629	0.00515	0.00572	0.00973
23	0.00980	0.00550	0.00611	0.00596	0.00730	0.00535	0.00447	0.01248	0.01341	0.02187	0.26802	0.02852	0.02788	0.00836	0.00492	0.00149	0.00268	0.00702	0.55353	0.00535
24	0.01957	0.28044	0.02147	0.01203	0.01671	0.01938	0.01051	0.49975	0.02176	0.02845	0.01179	0.01220	0.00892	0.00620	0.00503	0.00155	0.00623	0.00445	0.00462	0.00892
25	0.01416	0.01359	0.02322	0.03511	0.76330	0.01359	0.01755	0.01755	0.01302	0.01869	0.01076	0.01416	0.00906	0.00510	0.00566	0.00170	0.00680	0.00510	0.00283	0.00906
26	0.01350	0.01543	0.03375	0.02411	0.02989	0.01446	0.74253	0.01832	0.01350	0.01832	0.01157	0.01543	0.00868	0.00482	0.00675	0.00193	0.00964	0.00675	0.00289	0.00771
27	0.01251	0.01251	0.01752	0.01502	0.01502	0.01752	0.01251	0.01377	0.00876	0.01377	0.00751	0.01251	0.00751	0.01001	0.01877	0.00250	0.78851	0.00501	0.00250	0.00626
28	0.02566	0.00973	0.01327	0.01018	0.01460	0.00841	0.00841	0.02788	0.01637	0.76726	0.02257	0.01947	0.01416	0.00708	0.00575	0.00177	0.00487	0.00575	0.00708	0.00973
29	0.00803	0.00584	0.00756	0.00713	0.00851	0.00537	0.00535	0.01067	0.01604	0.02259	0.72734	0.04330	0.08714	0.01182	0.00675	0.00181	0.00271	0.01043	0.00625	0.00537
30	0.00774	0.00561	0.00611	0.00616	0.00682	0.00527	0.00384	0.00827	0.01001	0.01270	0.03201	0.07485	0.27038	0.50275	0.02069	0.00420	0.00456	0.00991	0.00416	0.00397
31	0.01615	0.01941	0.02785	0.02096	0.02579	0.27053	0.49658	0.01984	0.01441	0.01687	0.01065	0.01371	0.00824	0.00518	0.00621	0.00178	0.00987	0.00572	0.00291	0.00735
32	0.00817	0.00613	0.00919	0.00919	0.01021	0.00715	0.00715	0.01021	0.00919	0.01328	0.01532	0.02247	0.01430	0.04290	0.77631	0.00919	0.01532	0.00613	0.00306	0.00511
33	0.01231	0.27655	0.02147	0.52450	0.03109	0.01605	0.01383	0.01546	0.01150	0.01423	0.00942	0.01321	0.00753	0.00544	0.00503	0.00168	0.00712	0.00440	0.00251	0.00669

[dist]
# distance from previous block
# <min> <max>
0	11

[block]
# block no. 1 follows, 41 sequences, length 26
# corresponding to MSA columns:
# 371-396
name=unknown_B
#
# <colnr> <probs for GDERKNQSTAVLIFYWHMCP>
#	G	D	E	R	K	N	Q	S	T	A	V	L	I	F	Y	W	H	M	C	P
0	0.63539	0.01084	0.01056	0.19899	0.01804	0.01280	0.00858	0.01627	0.01015	0.02294	0.00851	0.01076	0.00655	0.00541	0.00408	0.00180	0.00521	0.00359	0.00329	0.00623
1	0.01191	0.20522	0.02031	0.59432	0.03331	0.01515	0.01438	0.01523	0.01148	0.01433	0.00962	0.01375	0.00755	0.00552	0.00521	0.00174	0.00725	0.00458	0.00252	0.00660
2	0.01171	0.01110	0.01880	0.58146	0.23604	0.01295	0.01634	0.01541	0.01187	0.01572	0.01033	0.01495	0.00801	0.00555	0.00570	0.00185	0.00740	0.00509	0.00262	0.00709
3	0.00987	0.20196	0.01314	0.00783	0.01006	0.00964	0.00648	0.01235	0.01507	0.02060	0.57506	0.03447	0.04249	0.01002	0.00599	0.00166	0.00354	0.00855	0.00535	0.00588
4	0.01277	0.01678	0.20559	0.19358	0.42408	0.01332	0.01807	0.01705	0.01245	0.01766	0.01051	0.01388	0.00830	0.00531	0.00562	0.00177	0.00738	0.00488	0.00267	0.00832
5	0.01202	0.01074	0.01325	0.01008	0.01392	0.01006	0.00819	0.01425	0.01110	0.01744	0.00951	0.01202	0.00823	0.00566	0.00781	0.00125	0.19732	0.00379	0.00317	0.63017
6	0.00861	0.00584	0.00876	0.00876	0.00953	0.00661	0.00661	0.00953	0.00876	0.01246	0.01400	0.02122	0.01323	0.03723	0.59069	0.21215	0.01277	0.00584	0.00292	0.00446
7	0.00710	0.00577	0.00629	0.00624	0.00796	0.00496	0.00465	0.00883	0.01371	0.01725	0.22958	0.08792	0.55184	0.01397	0.00678	0.00192	0.00287	0.01185	0.00555	0.00496
8	0.00859	0.00767	0.01012	0.01312	0.19377	0.00698	0.00764	0.01050	0.01293	0.01621	0.04505	0.08089	0.54078	0.01234	0.00652	0.00189	0.00388	0.01056	0.00470	0.00586
9	0.01529	0.80242	0.02997	0.00979	0.01468	0.02263	0.00979	0.01713	0.01162	0.01346	0.00795	0.00918	0.00734	0.00489	0.00367	0.00122	0.00612	0.00306	0.00245	0.00734
10	0.00697	0.00498	0.00664	0.00796	0.00830	0.00465	0.00531	0.00796	0.01095	0.01460	0.03153	0.79525	0.03783	0.01792	0.00730	0.00232	0.00332	0.01626	0.00531	0.00465
11	0.80439	0.01100	0.00862	0.00764	0.01121	0.01264	0.00629	0.01729	0.01002	0.05755	0.00859	0.00973	0.00654	0.00539	0.00363	0.00177	0.00444	0.00321	0.00369	0.00635
12	0.02174	0.01602	0.01717	0.01316	0.01774	0.01774	0.01087	0.74423	0.02689	0.03605	0.01373	0.01373	0.00973	0.00687	0.00572	0.00172	0.00629	0.00515	0.00572	0.00973
13	0.63445	0.00956	0.00797	0.00763	0.01038	0.01082	0.00598	0.01464	0.01003	0.02294	0.01377	0.20279	0.01398	0.00841	0.00447	0.00191	0.00415	0.00634	0.00398	0.00581
14	0.02137	0.02726	0.01621	0.01474	0.01768	0.77602	0.01105	0.02284	0.01621	0.01400	0.00884	0.01031	0.00737	0.00589	0.00516	0.00147	0.01031	0.00368	0.00295	0.00663
15	0.83938	0.01106	0.00841	0.00752	0.01106	0.01283	0.00619	0.01681	0.00973	0.02566	0.00796	0.00929	0.00619	0.00531	0.00354	0.00177	0.00442	0.00310	0.00354	0.00619
16	0.01423	0.01229	0.01293	0.01164	0.01487	0.01423	0.00905	0.03039	0.75297	0.02393	0.02328	0.02134	0.01746	0.00776	0.00582	0.00194	0.00453	0.00647	0.00582	0.00905
17	0.00829	0.00565	0.00679	0.00679	0.00698	0.00584	0.00415	0.00867	0.00848	0.01150	0.01752	0.03465	0.01959	0.65839	0.16805	0.00622	0.00736	0.00791	0.00339	0.00377
18	0.00725	0.00519	0.00689	0.00778	0.00836	0.00483	0.00533	0.00866	0.01224	0.01665	0.21094	0.60998	0.04180	0.01639	0.00716	0.00219	0.00317	0.01480	0.00555	0.00483
19	0.02137	0.02726	0.01621	0.01474	0.01768	0.77602	0.01105	0.02284	0.01621	0.01400	0.00884	0.01031	0.00737	0.00589	0.00516	0.00147	0.01031	0.00368	0.00295	0.00663
20	0.01987	0.21810	0.01960	0.01352	0.01694	0.59054	0.01074	0.02143	0.01508	0.01387	0.00862	0.01003	0.00736	0.00565	0.00479	0.00141	0.00928	0.00353	0.00282	0.00681
21	0.01680	0.01316	0.02377	0.02584	0.37039	0.01256	0.22149	0.02031	0.01398	0.20288	0.01390	0.01583	0.01021	0.00551	0.00599	0.00178	0.00713	0.00573	0.00389	0.00884
22	0.01065	0.00996	0.01674	0.75444	0.03816	0.01239	0.01547	0.01435	0.01142	0.01461	0.01101	0.04616	0.00882	0.00620	0.00578	0.00192	0.00745	0.00553	0.00265	0.00629
23	0.00676	0.00579	0.00579	0.00579	0.00773	0.00483	0.00435	0.00821	0.01304	0.01545	0.05794	0.05505	0.76098	0.01449	0.00676	0.00193	0.00290	0.01207	0.00531	0.00483
24	0.01169	0.04913	0.55958	0.01417	0.02168	0.01218	0.01724	0.01717	0.01201	0.01810	0.01017	0.01193	0.00755	0.00512	0.00508	0.00156	0.00734	0.00398	0.00266	0.21165
25	0.07374	0.20576	0.01651	0.00911	0.01400	0.01253	0.00781	0.07555	0.01289	0.01931	0.00976	0.01117	0.00813	0.00469	0.00417	0.00108	0.00488	0.00343	0.00336	0.50211

[dist]
# distance from previous block
# <min> <max>
0	60

# created by:
# /software/SequenceAnalysis/GenePrediction/augustus/3.0.1/scripts/msa2prfl.pl ./fixed/BUSCOvEOG7WM68J.fas
