[name]
unknown

[dist]
# distance from previous block
# <min> <max>
0	178

[block]
# block no. 0 follows, 40 sequences, length 32
# corresponding to MSA columns:
# 189-220
name=unknown_A
#
# <colnr> <probs for GDERKNQSTAVLIFYWHMCP>
#	G	D	E	R	K	N	Q	S	T	A	V	L	I	F	Y	W	H	M	C	P
0	0.01294	0.01154	0.01506	0.29471	0.05609	0.01320	0.01189	0.02283	0.37315	0.02009	0.01690	0.01815	0.01280	0.00665	0.00571	0.00184	0.00583	0.00569	0.00432	0.09063
1	0.00708	0.00510	0.00671	0.00800	0.00841	0.00473	0.00536	0.00811	0.01122	0.01488	0.03319	0.76052	0.06904	0.01807	0.00740	0.00234	0.00336	0.01635	0.00540	0.00473
2	0.02121	0.01524	0.01650	0.01292	0.01735	0.01680	0.01059	0.57848	0.13873	0.08709	0.01612	0.01558	0.01144	0.00714	0.00584	0.00178	0.00602	0.00549	0.00593	0.00978
3	0.01079	0.00539	0.00558	0.00558	0.00683	0.00539	0.00414	0.01312	0.01186	0.02085	0.01833	0.02139	0.01456	0.00774	0.00541	0.06111	0.00288	0.00539	0.76845	0.00521
4	0.01010	0.00505	0.00758	0.00758	0.00758	0.00505	0.00505	0.00758	0.00758	0.01010	0.01010	0.01768	0.01010	0.02020	0.02273	0.83081	0.00505	0.00505	0.00253	0.00253
5	0.01206	0.01034	0.01206	0.00861	0.01378	0.00775	0.00689	0.01464	0.01206	0.01895	0.01034	0.01206	0.00861	0.00431	0.00431	0.00086	0.00431	0.00345	0.00345	0.83118
6	0.00718	0.00513	0.00686	0.00821	0.00859	0.00481	0.00557	0.00827	0.01123	0.01495	0.03200	0.76065	0.03825	0.01813	0.00745	0.00238	0.00346	0.04675	0.00540	0.00475
7	0.06807	0.00602	0.00652	0.00651	0.00678	0.00613	0.00380	0.00906	0.00867	0.01249	0.01817	0.06808	0.02081	0.70562	0.02678	0.00522	0.00546	0.00842	0.00361	0.00377
8	0.01098	0.01034	0.01744	0.78165	0.04005	0.01292	0.01615	0.01486	0.01163	0.01486	0.01034	0.01550	0.00775	0.00581	0.00581	0.00194	0.00775	0.00517	0.00258	0.00646
9	0.01555	0.79913	0.03047	0.00995	0.01493	0.02301	0.00995	0.01741	0.01182	0.01368	0.00808	0.00933	0.00746	0.00498	0.00373	0.00124	0.00622	0.00311	0.00249	0.00746
10	0.01084	0.00542	0.00542	0.00542	0.00678	0.00542	0.00407	0.01355	0.01220	0.02168	0.01897	0.02168	0.01491	0.00678	0.00407	0.00136	0.00271	0.00542	0.82791	0.00542
11	0.01797	0.00831	0.01095	0.00925	0.01222	0.00755	0.00725	0.02093	0.05789	0.41601	0.20750	0.12226	0.02794	0.03766	0.00714	0.00202	0.00421	0.00848	0.00657	0.00789
12	0.02490	0.00963	0.01311	0.01014	0.01444	0.00834	0.00834	0.02719	0.01663	0.71417	0.07171	0.02137	0.01709	0.00751	0.00592	0.00180	0.00480	0.00616	0.00714	0.00960
13	0.00831	0.00623	0.00935	0.00935	0.01038	0.00727	0.00727	0.01038	0.00935	0.01350	0.01558	0.02285	0.01454	0.04361	0.77259	0.00935	0.01558	0.00623	0.00312	0.00519
14	0.08121	0.01052	0.01303	0.01052	0.01462	0.01013	0.00860	0.04538	0.15145	0.52914	0.02207	0.02090	0.01501	0.00751	0.00578	0.00186	0.00490	0.03142	0.00660	0.00935
15	0.00707	0.00590	0.00616	0.00610	0.00798	0.00499	0.00457	0.00873	0.01372	0.01681	0.16002	0.05415	0.65520	0.01432	0.00687	0.00194	0.00292	0.01202	0.00555	0.00499
16	0.02211	0.01629	0.01745	0.01338	0.01803	0.01803	0.01105	0.73997	0.02734	0.03665	0.01396	0.01396	0.00989	0.00698	0.00582	0.00175	0.00640	0.00524	0.00582	0.00989
17	0.01061	0.00664	0.00855	0.00775	0.00962	0.00611	0.00592	0.01363	0.03845	0.11716	0.59805	0.04053	0.09153	0.01134	0.00670	0.00184	0.00309	0.00991	0.00643	0.00613
18	0.07962	0.01059	0.01354	0.01045	0.01491	0.00974	0.00863	0.09479	0.01721	0.64572	0.02111	0.01855	0.01343	0.00706	0.00570	0.00179	0.00506	0.00561	0.00683	0.00966
19	0.02574	0.00997	0.01348	0.01039	0.01485	0.00872	0.00857	0.02842	0.03844	0.74138	0.02296	0.01985	0.01449	0.00722	0.00585	0.00180	0.00494	0.00587	0.00716	0.00988
20	0.00812	0.00588	0.00765	0.00733	0.00865	0.00542	0.00545	0.01071	0.01601	0.02254	0.68850	0.09506	0.07202	0.01240	0.00690	0.00187	0.00279	0.01097	0.00631	0.00542
21	0.00728	0.00538	0.00646	0.00722	0.00791	0.00494	0.00481	0.00823	0.01118	0.01441	0.03634	0.46841	0.21689	0.15911	0.01133	0.00286	0.00368	0.01398	0.00506	0.00455
22	0.53479	0.01074	0.01039	0.00865	0.01259	0.01137	0.00714	0.02128	0.01241	0.30070	0.01363	0.01330	0.00931	0.00607	0.00444	0.00180	0.00467	0.00415	0.00494	0.00764
23	0.00714	0.00596	0.00626	0.00634	0.00823	0.00508	0.00486	0.00877	0.01343	0.01623	0.09197	0.05609	0.66414	0.01469	0.00696	0.00201	0.00313	0.06828	0.00545	0.00497
24	0.00713	0.00607	0.00617	0.00618	0.00812	0.00522	0.00462	0.00908	0.03732	0.01596	0.05661	0.08603	0.70226	0.01465	0.00686	0.00198	0.00302	0.01227	0.00542	0.00504
25	0.01047	0.00734	0.00853	0.00793	0.00892	0.00777	0.00541	0.11818	0.01172	0.01592	0.01860	0.03175	0.04406	0.48571	0.16630	0.00552	0.00747	0.00760	0.02589	0.00489
26	0.01555	0.79913	0.03047	0.00995	0.01493	0.02301	0.00995	0.01741	0.01182	0.01368	0.00808	0.00933	0.00746	0.00498	0.00373	0.00124	0.00622	0.00311	0.00249	0.00746
27	0.02174	0.02721	0.01652	0.01491	0.01798	0.73920	0.01123	0.05466	0.01696	0.01522	0.00921	0.01064	0.00760	0.00604	0.00527	0.00151	0.01031	0.00381	0.00312	0.00688
28	0.01314	0.01541	0.08213	0.17334	0.13875	0.01414	0.44009	0.01776	0.01314	0.01793	0.01127	0.01522	0.00857	0.00517	0.00640	0.00191	0.00889	0.00610	0.00283	0.00783
29	0.00800	0.00594	0.00745	0.00707	0.00855	0.00539	0.00530	0.01052	0.01591	0.02202	0.63685	0.04558	0.17512	0.01237	0.00686	0.00185	0.00278	0.01082	0.00623	0.00539
30	0.00843	0.00633	0.00925	0.00919	0.01010	0.00737	0.00703	0.01028	0.00925	0.01329	0.01566	0.02412	0.01503	0.11815	0.67953	0.00881	0.03357	0.00643	0.00314	0.00505
31	0.01019	0.00509	0.00733	0.00733	0.00748	0.00509	0.00494	0.00826	0.00810	0.01143	0.01112	0.01813	0.01065	0.01867	0.02059	0.73589	0.00478	0.00509	0.09697	0.00286

[dist]
# distance from previous block
# <min> <max>
2	83

[block]
# block no. 1 follows, 40 sequences, length 31
# corresponding to MSA columns:
# 306-336
name=unknown_B
#
# <colnr> <probs for GDERKNQSTAVLIFYWHMCP>
#	G	D	E	R	K	N	Q	S	T	A	V	L	I	F	Y	W	H	M	C	P
0	0.55740	0.01193	0.01082	0.00905	0.01291	0.01329	0.00745	0.16091	0.01421	0.11732	0.01132	0.01189	0.00820	0.00596	0.00432	0.00178	0.00488	0.00394	0.02497	0.00742
1	0.01987	0.01144	0.01342	0.01096	0.01482	0.01173	0.00883	0.15916	0.23855	0.32645	0.06580	0.02244	0.05367	0.00801	0.00597	0.00185	0.00489	0.00654	0.00642	0.00918
2	0.04773	0.01039	0.08034	0.00978	0.01222	0.00919	0.00813	0.15724	0.05342	0.02177	0.06570	0.36002	0.02570	0.01205	0.00627	0.00200	0.00447	0.01044	0.09659	0.00654
3	0.00709	0.00506	0.00675	0.00810	0.00843	0.00472	0.00540	0.00810	0.01113	0.01484	0.03205	0.79184	0.03846	0.01822	0.00742	0.00236	0.00337	0.01653	0.00540	0.00472
4	0.00705	0.00520	0.00660	0.00773	0.00834	0.00475	0.00523	0.00814	0.01149	0.01499	0.03658	0.66771	0.15966	0.01763	0.00733	0.00229	0.00330	0.01581	0.00540	0.00475
5	0.00819	0.00534	0.00714	0.00823	0.00881	0.00495	0.00558	0.00927	0.01145	0.05825	0.03152	0.74706	0.03707	0.01758	0.00733	0.00233	0.00347	0.01591	0.00550	0.00502
6	0.00705	0.00580	0.00620	0.00630	0.00801	0.00495	0.00465	0.00861	0.01337	0.01646	0.13339	0.13662	0.59888	0.01480	0.00693	0.00199	0.00297	0.01255	0.00551	0.00495
7	0.00960	0.00717	0.01011	0.00972	0.01110	0.00828	0.00762	0.07878	0.01103	0.01567	0.01542	0.02201	0.01410	0.04018	0.70070	0.00863	0.01472	0.00614	0.00337	0.00563
8	0.71961	0.01109	0.00912	0.00787	0.01166	0.01233	0.00646	0.01742	0.01043	0.06161	0.00904	0.01020	0.00691	0.00538	0.00378	0.00171	0.00450	0.00331	0.00376	0.08381
9	0.00812	0.00596	0.00740	0.00808	0.00899	0.00580	0.00565	0.01096	0.08129	0.01742	0.14450	0.52577	0.07799	0.01553	0.00700	0.00217	0.00334	0.01390	0.04484	0.00531
10	0.00819	0.00612	0.00910	0.00923	0.01020	0.00703	0.00709	0.01017	0.00951	0.01363	0.01712	0.09494	0.01678	0.04123	0.70085	0.00869	0.01443	0.00720	0.00333	0.00515
11	0.00771	0.00585	0.00710	0.00695	0.00841	0.00524	0.00515	0.00990	0.01498	0.02019	0.47404	0.11745	0.26914	0.01335	0.00692	0.00192	0.00286	0.01162	0.00600	0.00524
12	0.01071	0.00653	0.00847	0.00855	0.00989	0.00616	0.00616	0.05380	0.01387	0.11726	0.17437	0.49474	0.03688	0.01484	0.00701	0.00214	0.00363	0.01326	0.00586	0.00586
13	0.00939	0.00644	0.00825	0.00776	0.00933	0.00607	0.00583	0.01271	0.05680	0.06124	0.60516	0.10230	0.06227	0.01199	0.00680	0.00188	0.00302	0.01058	0.00632	0.00585
14	0.00721	0.00515	0.00689	0.00824	0.00864	0.00483	0.00562	0.00832	0.01126	0.01499	0.03198	0.75135	0.03818	0.01810	0.00746	0.00238	0.00348	0.05576	0.00540	0.00476
15	0.01182	0.00643	0.00660	0.00623	0.00788	0.00661	0.00477	0.07989	0.01352	0.02288	0.01844	0.02100	0.01444	0.00756	0.02020	0.00156	0.00331	0.00542	0.73561	0.00582
16	0.00840	0.00562	0.00636	0.00641	0.00642	0.00560	0.00360	0.00844	0.00856	0.01142	0.01886	0.06755	0.02182	0.76522	0.02873	0.00551	0.00555	0.00877	0.00360	0.00357
17	0.01571	0.77860	0.03010	0.01008	0.01501	0.04295	0.00998	0.01757	0.01194	0.01370	0.00811	0.00936	0.00746	0.00500	0.00377	0.00125	0.00633	0.00313	0.00250	0.00744
18	0.00794	0.00686	0.00690	0.00697	0.00877	0.02547	0.00512	0.01053	0.07294	0.01615	0.04967	0.16953	0.54828	0.02930	0.00727	0.00209	0.00339	0.01220	0.00534	0.00525
19	0.01348	0.01277	0.02108	0.23557	0.50401	0.01363	0.01668	0.01810	0.07284	0.01831	0.01181	0.01529	0.00951	0.00557	0.00579	0.00180	0.00695	0.00529	0.00305	0.00847
20	0.00696	0.00589	0.00602	0.00599	0.00791	0.00495	0.00449	0.00852	0.01347	0.01622	0.10606	0.05512	0.70952	0.01454	0.00687	0.00195	0.00293	0.01215	0.00547	0.00495
21	0.02084	0.02323	0.01681	0.08466	0.02001	0.51181	0.01164	0.20402	0.01879	0.01997	0.01037	0.01183	0.00812	0.00623	0.00544	0.00160	0.00920	0.00425	0.00367	0.00751
22	0.01296	0.01739	0.15857	0.13447	0.03091	0.01424	0.50781	0.01804	0.01317	0.01804	0.01132	0.01507	0.00841	0.00514	0.00648	0.00194	0.00929	0.00617	0.00280	0.00777
23	0.00892	0.00632	0.00873	0.00862	0.00954	0.00724	0.00655	0.01081	0.00967	0.01454	0.01610	0.02406	0.01509	0.12737	0.52821	0.00734	0.04605	0.00632	0.13344	0.00508
24	0.00741	0.00587	0.00667	0.00655	0.00821	0.00513	0.00488	0.00936	0.01441	0.01865	0.33044	0.08616	0.44805	0.01378	0.00689	0.00193	0.00289	0.01179	0.00579	0.00513
25	0.00829	0.00638	0.00780	0.00848	0.00996	0.00606	0.00677	0.01093	0.05057	0.01683	0.05935	0.19481	0.29059	0.01547	0.00737	0.00231	0.00403	0.28329	0.00543	0.00528
26	0.01350	0.01301	0.02246	0.22470	0.54816	0.01362	0.04560	0.01712	0.01285	0.01793	0.01082	0.01473	0.00883	0.00533	0.00581	0.00179	0.00724	0.00524	0.00281	0.00846
27	0.01375	0.01305	0.02159	0.17453	0.56287	0.01370	0.01682	0.01835	0.07297	0.01865	0.01186	0.01520	0.00963	0.00552	0.00578	0.00179	0.00688	0.00529	0.00307	0.00869
28	0.00940	0.00546	0.00596	0.00614	0.00683	0.00541	0.00403	0.01082	0.01058	0.01668	0.02045	0.13046	0.02049	0.31850	0.01455	0.00317	0.00395	0.00809	0.39444	0.00458
29	0.05955	0.05641	0.01771	0.08652	0.01966	0.01757	0.01126	0.59825	0.02419	0.03286	0.01303	0.01365	0.00939	0.00669	0.00560	0.00174	0.00643	0.00502	0.00523	0.00926
30	0.01289	0.01025	0.01213	0.02170	0.01413	0.00812	0.00721	0.04432	0.01286	0.05829	0.01240	0.05782	0.01068	0.00540	0.00465	0.00105	0.00443	0.00443	0.00384	0.69340

[dist]
# distance from previous block
# <min> <max>
12	15

[block]
# block no. 2 follows, 40 sequences, length 6
# corresponding to MSA columns:
# 352-357
name=unknown_C
#
# <colnr> <probs for GDERKNQSTAVLIFYWHMCP>
#	G	D	E	R	K	N	Q	S	T	A	V	L	I	F	Y	W	H	M	C	P
0	0.01329	0.01630	0.09675	0.10386	0.06803	0.01437	0.56230	0.01817	0.01335	0.01823	0.01145	0.01530	0.00860	0.00507	0.00658	0.00194	0.00933	0.00637	0.00286	0.00783
1	0.01352	0.01058	0.01226	0.00935	0.01394	0.00900	0.00742	0.04847	0.11300	0.07162	0.01430	0.05468	0.01187	0.00583	0.00486	0.00119	0.00443	0.00480	0.00424	0.58463
2	0.00709	0.00506	0.00675	0.00810	0.00843	0.00472	0.00540	0.00810	0.01113	0.01484	0.03205	0.79184	0.03846	0.01822	0.00742	0.00236	0.00337	0.01653	0.00540	0.00472
3	0.00977	0.00657	0.00897	0.00977	0.01121	0.00636	0.00820	0.01223	0.01378	0.05678	0.13457	0.12562	0.06686	0.01515	0.00765	0.00245	0.00468	0.48825	0.00560	0.00553
4	0.63566	0.14650	0.06874	0.00870	0.01291	0.01477	0.00805	0.01725	0.01040	0.02341	0.00827	0.00964	0.00658	0.00534	0.00376	0.00171	0.00510	0.00323	0.00332	0.00667
5	0.09329	0.00574	0.00754	0.00745	0.00782	0.00592	0.00502	0.00863	0.00790	0.01184	0.01076	0.01899	0.01088	0.10011	0.02152	0.66058	0.00506	0.00522	0.00274	0.00301

[dist]
# distance from previous block
# <min> <max>
2	4

[block]
# block no. 3 follows, 40 sequences, length 16
# corresponding to MSA columns:
# 362-377
name=unknown_D
#
# <colnr> <probs for GDERKNQSTAVLIFYWHMCP>
#	G	D	E	R	K	N	Q	S	T	A	V	L	I	F	Y	W	H	M	C	P
0	0.14140	0.01438	0.04195	0.08561	0.02479	0.01427	0.37745	0.14209	0.01512	0.02234	0.01257	0.05820	0.01016	0.00619	0.00609	0.00192	0.00782	0.00634	0.00364	0.00768
1	0.01163	0.00954	0.01115	0.00878	0.01278	0.00784	0.00682	0.07134	0.01314	0.01939	0.01704	0.17590	0.04423	0.00782	0.00518	0.00129	0.00423	0.00665	0.00412	0.56113
2	0.00948	0.00705	0.00923	0.14124	0.01358	0.00756	0.00678	0.05563	0.01117	0.01492	0.06082	0.17227	0.02298	0.39161	0.04770	0.00408	0.00586	0.00921	0.00400	0.00483
3	0.00882	0.00638	0.00709	0.00670	0.00859	0.00564	0.00500	0.02868	0.01416	0.06111	0.21242	0.04848	0.47461	0.07621	0.00861	0.00221	0.00332	0.01101	0.00559	0.00535
4	0.01216	0.01227	0.01916	0.53821	0.03384	0.05804	0.08854	0.01559	0.01169	0.01507	0.00997	0.01479	0.00783	0.00643	0.00800	0.00201	0.13192	0.00524	0.00264	0.00660
5	0.03913	0.01177	0.01755	0.60768	0.03509	0.05710	0.04897	0.04689	0.01255	0.01630	0.01040	0.01493	0.00791	0.00611	0.00611	0.02066	0.00770	0.00506	0.00282	0.02529
6	0.01279	0.01371	0.02727	0.23973	0.03127	0.01418	0.44389	0.01702	0.01267	0.01718	0.01096	0.01525	0.00841	0.00557	0.00747	0.00196	0.07258	0.00610	0.00283	0.03917
7	0.02148	0.01591	0.01711	0.01308	0.01777	0.01739	0.01079	0.69444	0.02638	0.03554	0.01373	0.01384	0.00981	0.00681	0.00572	0.00169	0.00627	0.00512	0.00567	0.06144
8	0.01126	0.01062	0.01794	0.72169	0.09787	0.01299	0.01629	0.01510	0.01176	0.01519	0.01038	0.01541	0.00787	0.00576	0.00581	0.00192	0.00768	0.00517	0.00261	0.00668
9	0.01635	0.01368	0.01368	0.01205	0.01549	0.07280	0.00942	0.07019	0.59511	0.08110	0.02193	0.02025	0.01626	0.00764	0.00585	0.00191	0.00519	0.00622	0.00578	0.00911
10	0.01555	0.79913	0.03047	0.00995	0.01493	0.02301	0.00995	0.01741	0.01182	0.01368	0.00808	0.00933	0.00746	0.00498	0.00373	0.00124	0.00622	0.00311	0.00249	0.00746
11	0.02211	0.01629	0.01745	0.01338	0.01803	0.01803	0.01105	0.73997	0.02734	0.03665	0.01396	0.01396	0.00989	0.00698	0.00582	0.00175	0.00640	0.00524	0.00582	0.00989
12	0.83671	0.01125	0.00855	0.00765	0.01125	0.01305	0.00630	0.01709	0.00990	0.02609	0.00810	0.00945	0.00630	0.00540	0.00360	0.00180	0.00450	0.00315	0.00360	0.00630
13	0.00700	0.00590	0.00607	0.00603	0.00793	0.00496	0.00452	0.00859	0.01356	0.01643	0.12459	0.05478	0.69087	0.01446	0.00687	0.00195	0.00293	0.01211	0.00549	0.00496
14	0.00846	0.00564	0.00634	0.00634	0.00634	0.00564	0.00352	0.00846	0.00846	0.01128	0.01832	0.03805	0.02114	0.79563	0.02960	0.00564	0.00564	0.00846	0.00352	0.00352
15	0.01224	0.01267	0.02334	0.01811	0.02094	0.01422	0.33293	0.01529	0.01113	0.01594	0.01114	0.01617	0.00961	0.01488	0.17235	0.00372	0.27960	0.00612	0.00284	0.00677

[dist]
# distance from previous block
# <min> <max>
9	12

[block]
# block no. 4 follows, 40 sequences, length 8
# corresponding to MSA columns:
# 390-397
name=unknown_E
#
# <colnr> <probs for GDERKNQSTAVLIFYWHMCP>
#	G	D	E	R	K	N	Q	S	T	A	V	L	I	F	Y	W	H	M	C	P
0	0.01404	0.01341	0.01943	0.01575	0.01739	0.01685	0.10097	0.11016	0.01211	0.01785	0.00914	0.01321	0.00814	0.00875	0.01494	0.00227	0.54012	0.00523	0.00308	0.05717
1	0.72682	0.11668	0.01148	0.00796	0.01174	0.01438	0.00679	0.01714	0.01015	0.02443	0.00810	0.00943	0.00645	0.00534	0.00362	0.00173	0.00473	0.00314	0.00345	0.00645
2	0.00721	0.00511	0.00671	0.00794	0.00825	0.00480	0.00523	0.00813	0.01090	0.01453	0.03085	0.72561	0.03694	0.08652	0.00937	0.00265	0.00357	0.01582	0.00523	0.00462
3	0.01924	0.06973	0.01831	0.01627	0.11472	0.21924	0.01170	0.32526	0.01974	0.02440	0.01367	0.01477	0.04561	0.00692	0.00638	0.00170	0.05473	0.00503	0.00424	0.00834
4	0.01289	0.02232	0.37655	0.01880	0.02550	0.03597	0.28282	0.01880	0.04389	0.01847	0.01132	0.01388	0.00842	0.00554	0.00650	0.00186	0.03964	0.00531	0.00285	0.04866
5	0.04234	0.00750	0.00866	0.00781	0.00983	0.00731	0.00601	0.10658	0.01692	0.02348	0.47298	0.04103	0.20427	0.01162	0.00660	0.00185	0.00334	0.00993	0.00599	0.00597
6	0.02075	0.01524	0.01638	0.01259	0.01709	0.01658	0.01036	0.64691	0.02539	0.03454	0.01399	0.01427	0.01009	0.00678	0.00561	0.00166	0.00604	0.00512	0.05295	0.06768
7	0.01321	0.07301	0.62558	0.01599	0.02365	0.11392	0.01949	0.01899	0.01280	0.01760	0.01011	0.01188	0.00739	0.00556	0.00539	0.00176	0.00871	0.00416	0.00253	0.00829

[dist]
# distance from previous block
# <min> <max>
1	171

[block]
# block no. 5 follows, 40 sequences, length 29
# corresponding to MSA columns:
# 570-598
name=unknown_F
#
# <colnr> <probs for GDERKNQSTAVLIFYWHMCP>
#	G	D	E	R	K	N	Q	S	T	A	V	L	I	F	Y	W	H	M	C	P
0	0.01166	0.03008	0.76550	0.01657	0.02517	0.01351	0.02149	0.01842	0.01228	0.01842	0.01044	0.01228	0.00737	0.00552	0.00552	0.00184	0.00859	0.00430	0.00246	0.00859
1	0.01489	0.01240	0.01316	0.01178	0.01511	0.01425	0.00918	0.03081	0.72219	0.05124	0.02364	0.02163	0.01763	0.00786	0.00591	0.00197	0.00461	0.00655	0.00596	0.00923
2	0.00709	0.00506	0.00675	0.00810	0.00843	0.00472	0.00540	0.00810	0.01113	0.01484	0.03205	0.79184	0.03846	0.01822	0.00742	0.00236	0.00337	0.01653	0.00540	0.00472
3	0.23071	0.05797	0.45109	0.03755	0.03897	0.03591	0.01614	0.03620	0.01213	0.02048	0.00977	0.01154	0.00721	0.00552	0.00495	0.00179	0.00734	0.00400	0.00287	0.00787
4	0.00698	0.00590	0.00604	0.00601	0.00792	0.00496	0.00451	0.00856	0.01352	0.01633	0.11592	0.05494	0.69959	0.01450	0.00687	0.00195	0.00293	0.01213	0.00548	0.00496
5	0.01206	0.01034	0.01206	0.00861	0.01378	0.00775	0.00689	0.01464	0.01206	0.01895	0.01034	0.01206	0.00861	0.00431	0.00431	0.00086	0.00431	0.00345	0.00345	0.83118
6	0.01564	0.72873	0.07400	0.01036	0.01554	0.02199	0.01060	0.01781	0.01199	0.03706	0.00868	0.00983	0.00767	0.00508	0.00390	0.00130	0.00632	0.00326	0.00263	0.00761
7	0.01492	0.01272	0.01341	0.01193	0.01530	0.01468	0.00932	0.07340	0.70561	0.02506	0.02309	0.02123	0.01728	0.00784	0.00591	0.00196	0.00471	0.00649	0.00591	0.00925
8	0.00815	0.00594	0.00766	0.00723	0.00864	0.00545	0.00543	0.01082	0.01628	0.02288	0.71617	0.04416	0.09526	0.01205	0.00686	0.00184	0.00276	0.01062	0.00634	0.00545
9	0.00937	0.00669	0.00937	0.01071	0.01205	0.00669	0.00937	0.01205	0.01339	0.01740	0.03079	0.06560	0.03347	0.01606	0.00803	0.00268	0.00535	0.72021	0.00535	0.00535
10	0.83671	0.01125	0.00855	0.00765	0.01125	0.01305	0.00630	0.01709	0.00990	0.02609	0.00810	0.00945	0.00630	0.00540	0.00360	0.00180	0.00450	0.00315	0.00360	0.00630
11	0.00718	0.00513	0.00686	0.00821	0.00858	0.00480	0.00556	0.00826	0.01123	0.01495	0.03200	0.76176	0.03825	0.01813	0.00745	0.00237	0.00346	0.04568	0.00540	0.00475
12	0.01446	0.01249	0.01315	0.01183	0.01512	0.01446	0.00920	0.03090	0.74885	0.02433	0.02367	0.02170	0.01775	0.00789	0.00592	0.00197	0.00460	0.00657	0.00592	0.00920
13	0.00709	0.00506	0.00675	0.00810	0.00843	0.00472	0.00540	0.00810	0.01113	0.01484	0.03205	0.79184	0.03846	0.01822	0.00742	0.00236	0.00337	0.01653	0.00540	0.00472
14	0.00709	0.00506	0.00675	0.00810	0.00843	0.00472	0.00540	0.00810	0.01113	0.01484	0.03205	0.79184	0.03846	0.01822	0.00742	0.00236	0.00337	0.01653	0.00540	0.00472
15	0.02609	0.00990	0.01350	0.01035	0.01484	0.00855	0.00855	0.02834	0.01664	0.76338	0.02294	0.01979	0.01439	0.00720	0.00585	0.00180	0.00495	0.00585	0.00720	0.00990
16	0.02609	0.00990	0.01350	0.01035	0.01484	0.00855	0.00855	0.02834	0.01664	0.76338	0.02294	0.01979	0.01439	0.00720	0.00585	0.00180	0.00495	0.00585	0.00720	0.00990
17	0.83671	0.01125	0.00855	0.00765	0.01125	0.01305	0.00630	0.01709	0.00990	0.02609	0.00810	0.00945	0.00630	0.00540	0.00360	0.00180	0.00450	0.00315	0.00360	0.00630
18	0.01446	0.01249	0.01315	0.01183	0.01512	0.01446	0.00920	0.03090	0.74885	0.02433	0.02367	0.02170	0.01775	0.00789	0.00592	0.00197	0.00460	0.00657	0.00592	0.00920
19	0.02211	0.01629	0.01745	0.01338	0.01803	0.01803	0.01105	0.73997	0.02734	0.03665	0.01396	0.01396	0.00989	0.00698	0.00582	0.00175	0.00640	0.00524	0.00582	0.00989
20	0.00698	0.00580	0.00610	0.00622	0.00797	0.00492	0.00459	0.00848	0.01321	0.01607	0.09776	0.13604	0.63600	0.01494	0.00693	0.00200	0.00298	0.01264	0.00546	0.00492
21	0.01206	0.01034	0.01206	0.00861	0.01378	0.00775	0.00689	0.01464	0.01206	0.01895	0.01034	0.01206	0.00861	0.00431	0.00431	0.00086	0.00431	0.00345	0.00345	0.83118
22	0.01555	0.79913	0.03047	0.00995	0.01493	0.02301	0.00995	0.01741	0.01182	0.01368	0.00808	0.00933	0.00746	0.00498	0.00373	0.00124	0.00622	0.00311	0.00249	0.00746
23	0.01446	0.01249	0.01315	0.01183	0.01512	0.01446	0.00920	0.03090	0.74885	0.02433	0.02367	0.02170	0.01775	0.00789	0.00592	0.00197	0.00460	0.00657	0.00592	0.00920
24	0.00734	0.00591	0.00654	0.00638	0.00814	0.00511	0.00479	0.00925	0.01436	0.01833	0.29862	0.05166	0.51565	0.01375	0.00687	0.00192	0.00288	0.01167	0.00574	0.00511
25	0.02458	0.01040	0.01358	0.01062	0.01498	0.00954	0.00870	0.05054	0.10423	0.65295	0.02275	0.01984	0.01466	0.00727	0.00586	0.00182	0.00495	0.00592	0.00700	0.00981
26	0.02170	0.01607	0.01745	0.04135	0.01884	0.01785	0.01124	0.71356	0.02677	0.03586	0.01383	0.01402	0.00981	0.00694	0.00582	0.00175	0.00645	0.00523	0.00570	0.00976
27	0.00823	0.00594	0.00777	0.00732	0.00869	0.00549	0.00549	0.01097	0.01646	0.02332	0.75629	0.04344	0.05487	0.01189	0.00686	0.00183	0.00274	0.01052	0.00640	0.00549
28	0.00736	0.00525	0.00706	0.00841	0.00886	0.00496	0.00587	0.00857	0.01140	0.01515	0.03190	0.70554	0.03787	0.01796	0.00749	0.00240	0.00361	0.10014	0.00539	0.00480

[dist]
# distance from previous block
# <min> <max>
3	31

[block]
# block no. 6 follows, 40 sequences, length 15
# corresponding to MSA columns:
# 630-644
name=unknown_G
#
# <colnr> <probs for GDERKNQSTAVLIFYWHMCP>
#	G	D	E	R	K	N	Q	S	T	A	V	L	I	F	Y	W	H	M	C	P
0	0.83671	0.01125	0.00855	0.00765	0.01125	0.01305	0.00630	0.01709	0.00990	0.02609	0.00810	0.00945	0.00630	0.00540	0.00360	0.00180	0.00450	0.00315	0.00360	0.00630
1	0.01441	0.01415	0.02333	0.08270	0.66075	0.04071	0.04307	0.01787	0.01327	0.01855	0.01086	0.01437	0.00904	0.00524	0.00578	0.00174	0.00719	0.00519	0.00287	0.00890
2	0.73997	0.01135	0.00930	0.00809	0.01181	0.01290	0.00667	0.04754	0.01114	0.08421	0.00950	0.01044	0.00708	0.00560	0.00387	0.00180	0.00461	0.00345	0.00397	0.00673
3	0.01606	0.73464	0.02930	0.01037	0.01518	0.08565	0.01006	0.01790	0.01221	0.01373	0.00816	0.00943	0.00747	0.00506	0.00386	0.00127	0.00658	0.00316	0.00253	0.00740
4	0.00937	0.00669	0.00937	0.01071	0.01205	0.00669	0.00937	0.01205	0.01339	0.01740	0.03079	0.06560	0.03347	0.01606	0.00803	0.00268	0.00535	0.72021	0.00535	0.00535
5	0.02609	0.00990	0.01350	0.01035	0.01484	0.00855	0.00855	0.02834	0.01664	0.76338	0.02294	0.01979	0.01439	0.00720	0.00585	0.00180	0.00495	0.00585	0.00720	0.00990
6	0.00903	0.00651	0.00894	0.01020	0.01150	0.00642	0.00874	0.01150	0.01319	0.01709	0.03257	0.12574	0.07701	0.01616	0.00791	0.00261	0.00505	0.61919	0.00536	0.00528
7	0.02271	0.01533	0.01686	0.01292	0.01755	0.01661	0.01068	0.63288	0.02573	0.14600	0.01531	0.01484	0.01057	0.00701	0.00582	0.00175	0.00618	0.00533	0.00603	0.00989
8	0.02172	0.02772	0.01648	0.01498	0.01798	0.77228	0.01124	0.02322	0.01648	0.01423	0.00899	0.01049	0.00749	0.00599	0.00524	0.00150	0.01049	0.00375	0.00300	0.00674
9	0.00687	0.00589	0.00589	0.00589	0.00785	0.00491	0.00442	0.00835	0.01325	0.01571	0.05891	0.05596	0.75700	0.01473	0.00687	0.00196	0.00295	0.01227	0.00540	0.00491
10	0.00829	0.00598	0.00786	0.00749	0.00886	0.00555	0.00569	0.01103	0.01630	0.02301	0.71873	0.04459	0.05376	0.01210	0.00692	0.00187	0.00288	0.04726	0.00635	0.00548
11	0.83671	0.01125	0.00855	0.00765	0.01125	0.01305	0.00630	0.01709	0.00990	0.02609	0.00810	0.00945	0.00630	0.00540	0.00360	0.00180	0.00450	0.00315	0.00360	0.00630
12	0.02211	0.01629	0.01745	0.01338	0.01803	0.01803	0.01105	0.73997	0.02734	0.03665	0.01396	0.01396	0.00989	0.00698	0.00582	0.00175	0.00640	0.00524	0.00582	0.00989
13	0.02172	0.02772	0.01648	0.01498	0.01798	0.77228	0.01124	0.02322	0.01648	0.01423	0.00899	0.01049	0.00749	0.00599	0.00524	0.00150	0.01049	0.00375	0.00300	0.00674
14	0.00823	0.00594	0.00777	0.00732	0.00869	0.00549	0.00549	0.01097	0.01646	0.02332	0.75629	0.04344	0.05487	0.01189	0.00686	0.00183	0.00274	0.01052	0.00640	0.00549

[dist]
# distance from previous block
# <min> <max>
0	92

# created by:
# /software/SequenceAnalysis/GenePrediction/augustus/3.0.1/scripts/msa2prfl.pl ./fixed/BUSCOvEOG7SXPSD.fas
