[name]
unknown

[dist]
# distance from previous block
# <min> <max>
4	174

[block]
# block no. 0 follows, 39 sequences, length 6
# corresponding to MSA columns:
# 187-192
name=unknown_A
#
# <colnr> <probs for GDERKNQSTAVLIFYWHMCP>
#	G	D	E	R	K	N	Q	S	T	A	V	L	I	F	Y	W	H	M	C	P
0	0.06553	0.01937	0.29149	0.01612	0.08033	0.01373	0.04590	0.11241	0.14842	0.06424	0.01580	0.01924	0.01236	0.00711	0.00590	0.00194	0.00691	0.06030	0.00420	0.00871
1	0.04524	0.30375	0.08112	0.05210	0.06859	0.09552	0.01150	0.08062	0.01492	0.11050	0.07218	0.01510	0.01272	0.00632	0.00506	0.00159	0.00661	0.00473	0.00386	0.00799
2	0.01928	0.01231	0.01483	0.01338	0.07205	0.01270	0.00987	0.27309	0.11561	0.21500	0.02010	0.12802	0.01636	0.00867	0.00611	0.00187	0.00540	0.00724	0.00590	0.04221
3	0.34863	0.07360	0.08071	0.01293	0.09527	0.01304	0.02839	0.01826	0.07187	0.05535	0.06853	0.01588	0.01281	0.00956	0.07025	0.00246	0.00635	0.00488	0.00390	0.00732
4	0.17523	0.13169	0.04903	0.01304	0.01668	0.08047	0.08024	0.12236	0.07027	0.02146	0.01268	0.07290	0.01112	0.00752	0.00713	0.00189	0.10940	0.00556	0.00383	0.00751
5	0.07410	0.06353	0.14184	0.05596	0.25399	0.01311	0.11534	0.01708	0.03013	0.01964	0.10335	0.05668	0.01603	0.00689	0.00591	0.00184	0.00677	0.00636	0.00352	0.00791

[dist]
# distance from previous block
# <min> <max>
0	117

[block]
# block no. 1 follows, 39 sequences, length 39
# corresponding to MSA columns:
# 311-349
name=unknown_B
#
# <colnr> <probs for GDERKNQSTAVLIFYWHMCP>
#	G	D	E	R	K	N	Q	S	T	A	V	L	I	F	Y	W	H	M	C	P
0	0.31262	0.02134	0.01353	0.01227	0.01547	0.46881	0.00940	0.02091	0.01436	0.01915	0.03695	0.01155	0.00901	0.00610	0.00479	0.00165	0.00818	0.00385	0.00340	0.00665
1	0.01031	0.01500	0.27830	0.01093	0.01508	0.00862	0.01153	0.01454	0.01522	0.04979	0.45871	0.03190	0.03692	0.00959	0.00645	0.00186	0.00501	0.00825	0.00510	0.00688
2	0.30785	0.01489	0.05302	0.01847	0.02373	0.01430	0.44606	0.01838	0.01251	0.02166	0.01058	0.01355	0.00800	0.00519	0.00574	0.00193	0.00799	0.00553	0.00321	0.00744
3	0.00721	0.00515	0.00686	0.00823	0.00858	0.00480	0.00549	0.00823	0.01132	0.01510	0.03259	0.78831	0.03911	0.01853	0.00755	0.00240	0.00343	0.01681	0.00549	0.00480
4	0.01478	0.51509	0.02637	0.01206	0.01530	0.02150	0.01113	0.01646	0.01096	0.01403	0.00806	0.01072	0.00765	0.00696	0.00939	0.00174	0.28417	0.00388	0.00255	0.00719
5	0.01225	0.00997	0.01064	0.00982	0.01192	0.01116	0.00712	0.02245	0.45545	0.01968	0.02336	0.02923	0.04470	0.28938	0.01468	0.00334	0.00500	0.00757	0.00513	0.00714
6	0.01288	0.02418	0.49331	0.01513	0.02193	0.01408	0.01737	0.02328	0.27495	0.02088	0.01544	0.01592	0.01128	0.00648	0.00576	0.00192	0.00728	0.00520	0.00376	0.00896
7	0.00850	0.00612	0.00841	0.00841	0.00909	0.00680	0.00603	0.00986	0.00918	0.01292	0.01684	0.02878	0.01719	0.31245	0.50393	0.00815	0.01222	0.00715	0.00332	0.00467
8	0.01016	0.00891	0.01421	0.50172	0.02930	0.01043	0.01254	0.01369	0.01359	0.01819	0.27640	0.02595	0.02506	0.00813	0.00629	0.00193	0.00606	0.00721	0.00402	0.00621
9	0.01247	0.01107	0.01771	0.02560	0.48682	0.01107	0.01293	0.01473	0.01172	0.01650	0.01382	0.02326	0.01372	0.28738	0.01455	0.00318	0.00656	0.00646	0.00316	0.00729
10	0.01190	0.01112	0.01723	0.02472	0.46551	0.01082	0.01299	0.01508	0.03507	0.01828	0.02900	0.03001	0.27618	0.00883	0.00627	0.00185	0.00551	0.00790	0.00394	0.00780
11	0.00962	0.00557	0.00835	0.00835	0.00873	0.00594	0.00594	0.00873	0.00835	0.01151	0.01227	0.01986	0.01189	0.02908	0.29042	0.53453	0.00897	0.00557	0.00278	0.00354
12	0.01265	0.51260	0.02203	0.00864	0.01260	0.01680	0.00810	0.01440	0.01254	0.01465	0.02675	0.02649	0.27478	0.00862	0.00494	0.00153	0.00513	0.00650	0.00359	0.00666
13	0.02192	0.01205	0.01776	0.02003	0.28073	0.01144	0.01230	0.08575	0.01662	0.43198	0.01817	0.01765	0.01236	0.00657	0.00591	0.00180	0.00587	0.00565	0.00562	0.00981
14	0.00765	0.00557	0.00781	0.00869	0.00929	0.00573	0.00617	0.00907	0.01067	0.01461	0.02659	0.51402	0.03039	0.02779	0.28044	0.00495	0.00788	0.01306	0.00466	0.00497
15	0.01037	0.00960	0.01758	0.01371	0.01675	0.00894	0.26665	0.01395	0.01574	0.02200	0.48679	0.03406	0.03901	0.00954	0.00698	0.00191	0.00536	0.00936	0.00525	0.00644
16	0.00790	0.00628	0.00726	0.00775	0.00952	0.00564	0.00630	0.00984	0.01353	0.01659	0.04966	0.06042	0.49517	0.01546	0.00741	0.00226	0.00387	0.26451	0.00548	0.00515
17	0.01320	0.01084	0.01712	0.05590	0.45746	0.01095	0.01305	0.01646	0.01302	0.02012	0.01403	0.01734	0.01138	0.00588	0.00524	0.00163	0.00553	0.00536	0.29763	0.00787
18	0.00857	0.00528	0.00638	0.00726	0.00797	0.00506	0.00500	0.01022	0.01171	0.01759	0.02783	0.51360	0.03053	0.01436	0.00632	0.00203	0.00319	0.01276	0.29929	0.00506
19	0.01228	0.08938	0.42167	0.01240	0.01816	0.01183	0.01453	0.01710	0.01264	0.01983	0.01389	0.01617	0.01061	0.00628	0.00508	0.00171	0.00649	0.00480	0.29750	0.00766
20	0.00870	0.00633	0.00809	0.00764	0.00909	0.00579	0.00570	0.01131	0.01679	0.02365	0.71548	0.04510	0.08870	0.01244	0.00713	0.00193	0.00294	0.01086	0.00657	0.00575
21	0.01317	0.01008	0.01080	0.00922	0.01213	0.01011	0.00726	0.26986	0.01936	0.02519	0.15334	0.03983	0.37195	0.01189	0.00675	0.00196	0.00436	0.00971	0.00592	0.00710
22	0.01653	0.15116	0.37447	0.01542	0.02152	0.28601	0.01633	0.02055	0.01417	0.01677	0.01008	0.01188	0.00792	0.00595	0.00539	0.00172	0.00915	0.00410	0.00283	0.00806
23	0.01054	0.00917	0.01443	0.49736	0.02940	0.01062	0.01264	0.01395	0.01382	0.01855	0.27677	0.02645	0.02542	0.00838	0.00645	0.00200	0.00617	0.00732	0.00415	0.00641
24	0.01308	0.50785	0.02248	0.00969	0.01307	0.01686	0.00860	0.01455	0.01200	0.01470	0.01735	0.28923	0.01925	0.01014	0.00531	0.00174	0.00541	0.00819	0.00372	0.00678
25	0.03693	0.00761	0.01018	0.00885	0.01114	0.00696	0.02650	0.01557	0.01671	0.17969	0.55163	0.03762	0.04442	0.01090	0.00681	0.00192	0.00366	0.00945	0.00661	0.00682
26	0.00993	0.02995	0.00946	0.03542	0.01112	0.07845	0.00671	0.01174	0.01420	0.01879	0.29762	0.35077	0.05121	0.01392	0.00700	0.00210	0.00422	0.01217	0.02956	0.00565
27	0.02134	0.01607	0.01715	0.01354	0.01803	0.01782	0.01103	0.60046	0.16132	0.03516	0.01639	0.01617	0.01189	0.00751	0.00609	0.00189	0.00629	0.00570	0.00605	0.01010
28	0.53992	0.01120	0.01077	0.00902	0.01303	0.01181	0.00739	0.02172	0.01277	0.28955	0.01404	0.01391	0.00973	0.00640	0.00465	0.00190	0.00487	0.00432	0.00510	0.00791
29	0.01741	0.01286	0.01426	0.01156	0.01505	0.01377	0.00927	0.44270	0.05358	0.03211	0.27952	0.02578	0.02713	0.00917	0.00646	0.00188	0.00522	0.00742	0.00625	0.00860
30	0.01299	0.02548	0.49678	0.01996	0.02769	0.01436	0.27716	0.01904	0.01324	0.01914	0.01147	0.01425	0.00839	0.00564	0.00627	0.00198	0.00929	0.00543	0.00281	0.00865
31	0.00965	0.00614	0.00724	0.00695	0.00839	0.00576	0.00518	0.01225	0.01524	0.02306	0.45274	0.03717	0.07413	0.01057	0.00611	0.00176	0.00293	0.00901	0.30000	0.00573
32	0.00781	0.00564	0.00730	0.00824	0.00889	0.00520	0.00563	0.00909	0.01267	0.01710	0.16802	0.61126	0.07601	0.01734	0.00756	0.00235	0.00343	0.01552	0.00579	0.00516
33	0.01175	0.01060	0.01415	0.01249	0.01253	0.01383	0.00971	0.01247	0.00914	0.01360	0.01205	0.02269	0.01305	0.29086	0.02332	0.00378	0.49875	0.00652	0.00308	0.00563
34	0.01006	0.00564	0.00753	0.00752	0.00756	0.00559	0.00475	0.00832	0.00828	0.01108	0.01365	0.02589	0.01464	0.29734	0.02567	0.52829	0.00548	0.00650	0.00306	0.00315
35	0.01123	0.00665	0.00873	0.00848	0.01003	0.00603	0.00621	0.01319	0.01503	0.13755	0.37457	0.30747	0.04337	0.01385	0.00717	0.00212	0.00352	0.01222	0.00638	0.00621
36	0.01288	0.01045	0.01114	0.01027	0.01243	0.01167	0.00744	0.02340	0.47657	0.02028	0.02241	0.02849	0.01959	0.28938	0.01481	0.00341	0.00519	0.00748	0.00526	0.00747
37	0.01262	0.01052	0.01381	0.01215	0.01268	0.01375	0.00991	0.01433	0.01051	0.01739	0.01229	0.01672	0.01078	0.00933	0.01401	0.00222	0.49769	0.00541	0.29756	0.00632
38	0.00899	0.00602	0.00674	0.00672	0.00676	0.00597	0.00377	0.00889	0.00885	0.01184	0.01896	0.03906	0.02178	0.78770	0.03011	0.00578	0.00586	0.00870	0.00371	0.00379

[dist]
# distance from previous block
# <min> <max>
0	1

[block]
# block no. 2 follows, 39 sequences, length 27
# corresponding to MSA columns:
# 351-377
name=unknown_C
#
# <colnr> <probs for GDERKNQSTAVLIFYWHMCP>
#	G	D	E	R	K	N	Q	S	T	A	V	L	I	F	Y	W	H	M	C	P
0	0.01733	0.01117	0.01343	0.01003	0.01511	0.00877	0.00796	0.01951	0.01425	0.22447	0.01519	0.01601	0.01146	0.00597	0.00532	0.00136	0.00496	0.00457	0.00494	0.58818
1	0.00939	0.01303	0.21699	0.01153	0.01471	0.00914	0.01138	0.01281	0.01033	0.01511	0.01440	0.02027	0.01277	0.03367	0.55819	0.00740	0.01388	0.00579	0.00298	0.00623
2	0.01226	0.01051	0.01226	0.00876	0.01401	0.00788	0.00701	0.01489	0.01226	0.01927	0.01051	0.01226	0.00876	0.00438	0.00438	0.00088	0.00438	0.00350	0.00350	0.82832
3	0.01290	0.00936	0.01155	0.01131	0.01354	0.00980	0.00956	0.21150	0.01752	0.02320	0.05879	0.09796	0.02872	0.01374	0.00745	0.00240	0.00549	0.44288	0.00563	0.00668
4	0.00845	0.00631	0.00938	0.00938	0.01040	0.00733	0.00724	0.01048	0.00947	0.01364	0.01595	0.02384	0.01505	0.07357	0.73987	0.00936	0.01545	0.00642	0.00318	0.00521
5	0.24636	0.01515	0.01525	0.01200	0.01643	0.01694	0.00991	0.53741	0.02291	0.03431	0.01255	0.01293	0.00905	0.00666	0.00529	0.00179	0.00597	0.00474	0.00529	0.00905
6	0.01117	0.01051	0.01774	0.77795	0.04073	0.01314	0.01642	0.01511	0.01182	0.01511	0.01051	0.01577	0.00788	0.00591	0.00591	0.00197	0.00788	0.00526	0.00263	0.00657
7	0.01765	0.58075	0.02734	0.01108	0.01605	0.02200	0.01043	0.21576	0.01637	0.02036	0.00987	0.01079	0.00827	0.00562	0.00438	0.00141	0.00637	0.00376	0.00346	0.00827
8	0.00805	0.00624	0.00853	0.00853	0.00985	0.00673	0.00659	0.00999	0.01060	0.01435	0.02800	0.03252	0.21842	0.03625	0.55857	0.00743	0.01230	0.00803	0.00381	0.00520
9	0.00837	0.00604	0.00790	0.00744	0.00883	0.00558	0.00558	0.01116	0.01674	0.02371	0.75216	0.04417	0.05580	0.01209	0.00697	0.00186	0.00279	0.01069	0.00651	0.00558
10	0.00811	0.00601	0.00878	0.00915	0.01001	0.00668	0.00687	0.00992	0.01001	0.01411	0.02046	0.23432	0.02150	0.03723	0.55872	0.00754	0.01242	0.00923	0.00381	0.00515
11	0.00837	0.00604	0.00790	0.00744	0.00883	0.00558	0.00558	0.01116	0.01674	0.02371	0.75216	0.04417	0.05580	0.01209	0.00697	0.00186	0.00279	0.01069	0.00651	0.00558
12	0.01537	0.01015	0.01618	0.53190	0.03219	0.01156	0.01379	0.01856	0.01305	0.22024	0.01404	0.01707	0.00985	0.00695	0.00669	0.03874	0.00697	0.00544	0.00392	0.00736
13	0.01557	0.01056	0.01693	0.53083	0.06776	0.01196	0.01437	0.01904	0.01331	0.22065	0.01408	0.01692	0.00982	0.00627	0.00592	0.00192	0.00706	0.00545	0.00394	0.00767
14	0.01018	0.00809	0.01057	0.01020	0.01189	0.00941	0.00794	0.01632	0.21231	0.01677	0.01811	0.02291	0.01569	0.03433	0.55830	0.00744	0.01276	0.00643	0.00395	0.00641
15	0.01777	0.11046	0.01650	0.01144	0.01503	0.04716	0.03074	0.36141	0.01982	0.02756	0.01427	0.01562	0.01091	0.00684	0.00581	0.00164	0.04270	0.00509	0.23111	0.00813
16	0.00862	0.00625	0.00826	0.00832	0.00974	0.00589	0.00662	0.01133	0.01572	0.02169	0.52024	0.05100	0.08306	0.01340	0.00730	0.00210	0.00353	0.20523	0.00617	0.00551
17	0.01530	0.58059	0.03207	0.01420	0.01952	0.02107	0.20978	0.01805	0.01255	0.01530	0.00925	0.01127	0.00797	0.00504	0.00467	0.00147	0.00733	0.00422	0.00266	0.00770
18	0.01237	0.02054	0.33159	0.07163	0.02668	0.01339	0.29636	0.01747	0.01265	0.01791	0.01199	0.03819	0.00961	0.03306	0.00775	0.02283	0.02394	0.00598	0.00285	0.02321
19	0.01323	0.06415	0.48243	0.02218	0.23943	0.04006	0.01982	0.01867	0.01290	0.01851	0.01059	0.01291	0.00805	0.00550	0.00559	0.00180	0.00818	0.00455	0.00264	0.00880
20	0.01908	0.02331	0.01703	0.22567	0.02448	0.56004	0.01281	0.02127	0.01540	0.01465	0.00952	0.01207	0.00769	0.00604	0.00549	0.00165	0.00990	0.00421	0.00293	0.00678
21	0.01927	0.02885	0.22224	0.01568	0.02030	0.56021	0.01430	0.02227	0.01558	0.01565	0.00955	0.01117	0.00758	0.00596	0.00541	0.00162	0.01013	0.00396	0.00290	0.00738
22	0.00803	0.00620	0.00780	0.04194	0.01044	0.00578	0.00628	0.01017	0.01415	0.01857	0.27496	0.16868	0.27341	0.01440	0.00720	0.00212	0.00357	0.11533	0.00569	0.00529
23	0.23698	0.00808	0.00930	0.01003	0.01203	0.00859	0.00867	0.01367	0.01263	0.02014	0.02494	0.05095	0.02641	0.01334	0.00692	0.00248	0.00521	0.51896	0.00495	0.00571
24	0.00787	0.00603	0.00721	0.00691	0.00853	0.00537	0.00518	0.01018	0.01555	0.02089	0.49954	0.04882	0.31018	0.01314	0.00698	0.00191	0.00286	0.01135	0.00614	0.00537
25	0.00721	0.00515	0.00686	0.00823	0.00858	0.00480	0.00549	0.00823	0.01132	0.01510	0.03259	0.78831	0.03911	0.01853	0.00755	0.00240	0.00343	0.01681	0.00549	0.00480
26	0.00837	0.00604	0.00790	0.00744	0.00883	0.00558	0.00558	0.01116	0.01674	0.02371	0.75216	0.04417	0.05580	0.01209	0.00697	0.00186	0.00279	0.01069	0.00651	0.00558

[dist]
# distance from previous block
# <min> <max>
2	130

# created by:
# /software/SequenceAnalysis/GenePrediction/augustus/3.0.1/scripts/msa2prfl.pl ./fixed/BUSCOvEOG7MCZDP.fas
