[name]
unknown

[dist]
# distance from previous block
# <min> <max>
9	168

[block]
# block no. 0 follows, 39 sequences, length 20
# corresponding to MSA columns:
# 177-196
name=unknown_A
#
# <colnr> <probs for GDERKNQSTAVLIFYWHMCP>
#	G	D	E	R	K	N	Q	S	T	A	V	L	I	F	Y	W	H	M	C	P
0	0.01527	0.01566	0.13871	0.01838	0.02386	0.01231	0.39474	0.01976	0.01399	0.14161	0.01474	0.01703	0.01061	0.00575	0.00617	0.00186	0.00788	0.00619	0.12741	0.00807
1	0.12713	0.00825	0.00835	0.00775	0.00991	0.00831	0.00578	0.12154	0.01421	0.01997	0.03611	0.12681	0.33861	0.12987	0.00990	0.00255	0.00422	0.00999	0.00501	0.00574
2	0.00993	0.00814	0.01220	0.35131	0.02313	0.00896	0.01036	0.01305	0.01412	0.03883	0.31047	0.03251	0.12473	0.00958	0.00647	0.00193	0.00515	0.00837	0.00467	0.00607
3	0.13544	0.00989	0.01222	0.07534	0.01453	0.01158	0.00888	0.03066	0.01089	0.01843	0.01193	0.01642	0.01041	0.04052	0.11998	0.00309	0.21236	0.00499	0.12954	0.12289
4	0.01027	0.00514	0.00770	0.00770	0.00770	0.00514	0.00514	0.00770	0.00770	0.01027	0.01027	0.01798	0.01027	0.02054	0.02311	0.82794	0.00514	0.00514	0.00257	0.00257
5	0.00950	0.00740	0.01194	0.01011	0.01198	0.00692	0.11517	0.01180	0.01493	0.02093	0.52662	0.03590	0.04175	0.01232	0.00946	0.12890	0.00423	0.00928	0.00537	0.00548
6	0.13630	0.01260	0.02184	0.35601	0.13522	0.01377	0.20626	0.01691	0.01236	0.01845	0.01064	0.01473	0.00816	0.00551	0.00585	0.00193	0.00782	0.00541	0.00292	0.00732
7	0.01598	0.02219	0.34056	0.01798	0.13867	0.12616	0.01617	0.02089	0.04029	0.13261	0.06084	0.01612	0.01241	0.00640	0.00577	0.00180	0.00766	0.00516	0.00378	0.00858
8	0.01498	0.42611	0.12840	0.01098	0.01565	0.01809	0.01085	0.12668	0.01413	0.01810	0.03191	0.01601	0.01140	0.12418	0.00843	0.00212	0.00651	0.00470	0.00332	0.00747
9	0.01400	0.01059	0.01259	0.00974	0.01386	0.00944	0.02538	0.06359	0.11720	0.08461	0.01505	0.01854	0.01260	0.12397	0.00879	0.00194	0.00496	0.00514	0.00435	0.44369
10	0.14273	0.01433	0.01508	0.01177	0.01626	0.01535	0.00963	0.46244	0.04622	0.05474	0.01382	0.03165	0.01041	0.00677	0.00540	0.00168	0.00574	0.00508	0.00527	0.12562
11	0.40902	0.01111	0.03843	0.00855	0.01246	0.01083	0.00726	0.04384	0.01251	0.13760	0.01285	0.01375	0.00949	0.00589	0.00434	0.00163	0.00457	0.00413	0.12792	0.12382
12	0.01031	0.00610	0.00825	0.00897	0.01007	0.00566	0.00657	0.01178	0.01247	0.12124	0.03108	0.56821	0.03486	0.01660	0.00742	0.00237	0.00397	0.12270	0.00574	0.00565
13	0.59112	0.01200	0.01323	0.01055	0.01480	0.01276	0.11834	0.01727	0.01098	0.02433	0.00913	0.01096	0.00713	0.00525	0.00427	0.00172	0.00538	0.00383	0.00353	0.12342
14	0.01169	0.01114	0.01880	0.57525	0.05570	0.01259	0.08464	0.01553	0.01214	0.01619	0.01067	0.01526	0.00815	0.00559	0.00580	0.00181	0.00756	0.00517	0.00280	0.12353
15	0.01568	0.01184	0.01767	0.01558	0.12209	0.01025	0.11845	0.04250	0.01404	0.15396	0.01375	0.03158	0.01065	0.00553	0.00539	0.00141	0.00577	0.00507	0.00416	0.39465
16	0.01449	0.01532	0.05813	0.08447	0.02766	0.01458	0.47160	0.11967	0.01534	0.02092	0.01275	0.03734	0.00998	0.00623	0.00721	0.01733	0.02669	0.00665	0.02573	0.00789
17	0.13657	0.00958	0.00863	0.00922	0.01048	0.12109	0.00652	0.01196	0.01195	0.01676	0.02532	0.55147	0.02934	0.01465	0.00662	0.00218	0.00470	0.01276	0.00484	0.00536
18	0.01588	0.01231	0.01536	0.01124	0.01638	0.01093	0.06257	0.18573	0.01640	0.07973	0.01246	0.01359	0.00953	0.00529	0.00505	0.00124	0.00535	0.00438	0.00432	0.51225
19	0.58339	0.01033	0.00990	0.12374	0.01527	0.01200	0.00772	0.01555	0.00997	0.02231	0.00889	0.01182	0.00722	0.00787	0.00699	0.12888	0.00516	0.00381	0.00334	0.00584

[dist]
# distance from previous block
# <min> <max>
1	3

[block]
# block no. 1 follows, 39 sequences, length 22
# corresponding to MSA columns:
# 201-222
name=unknown_B
#
# <colnr> <probs for GDERKNQSTAVLIFYWHMCP>
#	G	D	E	R	K	N	Q	S	T	A	V	L	I	F	Y	W	H	M	C	P
0	0.14672	0.00973	0.01084	0.00849	0.01261	0.00833	0.00668	0.01513	0.01239	0.06340	0.07589	0.07276	0.01530	0.02775	0.00550	0.00141	0.00428	0.00533	0.00416	0.49331
1	0.03121	0.01072	0.01326	0.02551	0.01500	0.00999	0.00856	0.14660	0.02752	0.33668	0.11511	0.02196	0.01852	0.00758	0.00581	0.00167	0.00493	0.02755	0.00602	0.16579
2	0.01859	0.01125	0.01445	0.01417	0.11202	0.01143	0.00991	0.08670	0.19525	0.29127	0.06475	0.04856	0.05897	0.00836	0.00645	0.00191	0.02403	0.00697	0.00597	0.00899
3	0.01658	0.06590	0.35513	0.01401	0.02032	0.15088	0.01503	0.02083	0.01399	0.14760	0.01243	0.01330	0.00894	0.00581	0.00536	0.00164	0.00774	0.00436	0.00358	0.11657
4	0.01682	0.01132	0.01321	0.01042	0.01454	0.01063	0.00830	0.23312	0.01755	0.14647	0.01762	0.15020	0.01545	0.00817	0.00566	0.00157	0.00496	0.00679	0.00521	0.30200
5	0.00962	0.00726	0.00927	0.01016	0.01151	0.00749	0.00808	0.01420	0.14096	0.01802	0.03049	0.31267	0.03302	0.01565	0.00757	0.00248	0.00460	0.34549	0.00556	0.00591
6	0.02255	0.01250	0.01584	0.13720	0.02047	0.01293	0.01088	0.28342	0.02005	0.37519	0.01791	0.01726	0.01187	0.00701	0.00593	0.00183	0.00603	0.00561	0.00604	0.00949
7	0.01047	0.00761	0.00933	0.00859	0.01034	0.00753	0.00649	0.12916	0.01760	0.02442	0.50527	0.16973	0.04539	0.01240	0.00690	0.00194	0.00351	0.01089	0.00623	0.00618
8	0.15614	0.01067	0.01253	0.13443	0.01793	0.00969	0.00844	0.01536	0.01181	0.01986	0.01011	0.01237	0.00820	0.00483	0.00450	0.00122	0.00499	0.00374	0.00339	0.54978
9	0.00922	0.01060	0.14047	0.01086	0.01343	0.00745	0.01036	0.01223	0.01302	0.01723	0.03166	0.17397	0.12494	0.01464	0.00746	0.00243	0.00537	0.38386	0.00494	0.00586
10	0.01112	0.01016	0.01846	0.14952	0.02276	0.01032	0.22467	0.01473	0.01340	0.01761	0.02195	0.04278	0.02205	0.01116	0.00742	0.00238	0.00721	0.38168	0.00423	0.00639
11	0.00894	0.00995	0.13946	0.00980	0.01195	0.00681	0.00884	0.01155	0.01221	0.01734	0.04868	0.41061	0.03009	0.01418	0.00684	0.00221	0.00458	0.12726	0.11298	0.00572
12	0.01002	0.00719	0.00874	0.00903	0.01010	0.00725	0.00641	0.12750	0.01379	0.01839	0.02767	0.52224	0.03175	0.11848	0.01029	0.00276	0.00435	0.05320	0.00531	0.00554
13	0.15995	0.01853	0.13478	0.01187	0.01584	0.21665	0.01064	0.06666	0.11075	0.03617	0.01357	0.01469	0.01037	0.00639	0.00502	0.00169	0.00673	0.00461	0.14765	0.00745
14	0.00852	0.00615	0.00855	0.14273	0.01394	0.00638	0.00718	0.01035	0.01159	0.01624	0.02655	0.52751	0.02972	0.01441	0.00670	0.00216	0.00410	0.01294	0.13906	0.00523
15	0.00869	0.00649	0.00831	0.00774	0.00948	0.00576	0.00575	0.01117	0.01526	0.02172	0.53670	0.16171	0.04687	0.01213	0.00673	0.00182	0.00310	0.01075	0.00595	0.11387
16	0.15946	0.14243	0.18984	0.01215	0.01718	0.01342	0.07284	0.01946	0.01284	0.15794	0.01336	0.01449	0.00980	0.00606	0.00533	0.00172	0.02715	0.00466	0.11204	0.00784
17	0.14685	0.01218	0.02258	0.01739	0.02139	0.01196	0.39180	0.01603	0.01244	0.01882	0.01452	0.02408	0.01312	0.00911	0.00877	0.11094	0.00766	0.13033	0.00348	0.00656
18	0.15333	0.00789	0.01034	0.23536	0.01851	0.00878	0.00879	0.01189	0.01133	0.01709	0.02310	0.36968	0.06405	0.02545	0.00673	0.00221	0.00496	0.01063	0.00429	0.00560
19	0.37882	0.01615	0.14680	0.01122	0.01597	0.01455	0.01062	0.20989	0.07206	0.02770	0.01185	0.01273	0.00877	0.00618	0.00481	0.00182	0.00579	0.00432	0.03195	0.00800
20	0.01551	0.04991	0.49459	0.01580	0.02281	0.14681	0.01798	0.11425	0.01534	0.03740	0.01105	0.01248	0.00802	0.00592	0.00556	0.00178	0.00863	0.00440	0.00316	0.00858
21	0.28028	0.05268	0.05137	0.01451	0.14427	0.01225	0.01038	0.03418	0.01385	0.30957	0.01483	0.01479	0.01030	0.00617	0.00508	0.00179	0.00551	0.00472	0.00488	0.00858

[dist]
# distance from previous block
# <min> <max>
3	5

[block]
# block no. 2 follows, 39 sequences, length 12
# corresponding to MSA columns:
# 229-240
name=unknown_C
#
# <colnr> <probs for GDERKNQSTAVLIFYWHMCP>
#	G	D	E	R	K	N	Q	S	T	A	V	L	I	F	Y	W	H	M	C	P
0	0.04975	0.10106	0.01590	0.01093	0.01534	0.01224	0.00920	0.11982	0.07903	0.46825	0.02023	0.01949	0.01389	0.00733	0.00570	0.00180	0.00534	0.02896	0.00629	0.00945
1	0.36626	0.02749	0.04877	0.04496	0.05826	0.05563	0.03414	0.07328	0.01289	0.05483	0.01046	0.01227	0.00812	0.00597	0.00557	0.00175	0.05643	0.00414	0.03132	0.08745
2	0.01543	0.01429	0.07743	0.06957	0.30811	0.05954	0.06392	0.03330	0.02432	0.12692	0.01720	0.09346	0.03783	0.00763	0.00616	0.00189	0.00679	0.02388	0.00403	0.00832
3	0.01040	0.00783	0.01042	0.00962	0.01140	0.00851	0.00744	0.09156	0.01173	0.01669	0.01539	0.02254	0.01427	0.10324	0.54303	0.00746	0.01278	0.00615	0.00354	0.08602
4	0.03152	0.01336	0.05793	0.01350	0.07569	0.04651	0.01055	0.09118	0.02646	0.30149	0.01605	0.01671	0.01152	0.00674	0.00662	0.00168	0.06663	0.01785	0.00506	0.18295
5	0.18665	0.08632	0.51981	0.01467	0.02195	0.01444	0.04160	0.01837	0.01198	0.02001	0.00997	0.01176	0.00732	0.00553	0.00511	0.00182	0.00771	0.00411	0.00276	0.00813
6	0.00991	0.00610	0.00811	0.00839	0.00956	0.00551	0.00589	0.01087	0.01184	0.08803	0.06874	0.52140	0.03200	0.01618	0.00889	0.09674	0.00382	0.01302	0.00524	0.06977
7	0.66252	0.03568	0.01077	0.06879	0.01438	0.01375	0.00768	0.05159	0.03494	0.04133	0.00953	0.01093	0.00728	0.00571	0.00407	0.00183	0.00499	0.00363	0.00380	0.00680
8	0.07980	0.25893	0.05126	0.07305	0.08261	0.08148	0.01063	0.04200	0.08426	0.04023	0.01400	0.01734	0.03587	0.09620	0.00782	0.00210	0.00648	0.00507	0.00353	0.00734
9	0.00992	0.00514	0.00761	0.00776	0.00780	0.00510	0.00518	0.00776	0.00812	0.01082	0.01283	0.10620	0.01358	0.02031	0.02133	0.73340	0.00494	0.00647	0.00290	0.00282
10	0.01238	0.00791	0.01106	0.06935	0.01350	0.00801	0.08942	0.05611	0.01353	0.05576	0.01896	0.09513	0.01590	0.00776	0.00512	0.00164	0.00437	0.00677	0.50104	0.00628
11	0.02066	0.00928	0.01218	0.00987	0.01350	0.00848	0.00795	0.02449	0.08851	0.49617	0.21252	0.02656	0.02566	0.00863	0.00622	0.00186	0.00442	0.00725	0.00698	0.00883

[dist]
# distance from previous block
# <min> <max>
6	10

[block]
# block no. 3 follows, 39 sequences, length 22
# corresponding to MSA columns:
# 251-272
name=unknown_D
#
# <colnr> <probs for GDERKNQSTAVLIFYWHMCP>
#	G	D	E	R	K	N	Q	S	T	A	V	L	I	F	Y	W	H	M	C	P
0	0.01507	0.01523	0.02967	0.02246	0.02724	0.01402	0.54642	0.01827	0.01496	0.02047	0.01903	0.18651	0.01801	0.00972	0.00818	0.00256	0.00925	0.00987	0.00446	0.00860
1	0.01192	0.01101	0.01712	0.61653	0.05684	0.01345	0.01518	0.01818	0.14571	0.01699	0.01301	0.01688	0.00978	0.00628	0.00593	0.00197	0.00727	0.00552	0.00326	0.00716
2	0.13210	0.31862	0.18122	0.01122	0.01681	0.04749	0.01157	0.01795	0.01223	0.04057	0.00966	0.01103	0.00783	0.00523	0.00441	0.00143	0.00638	0.00360	0.00303	0.15762
3	0.65618	0.01558	0.17148	0.00974	0.01450	0.01337	0.00974	0.01767	0.01059	0.02485	0.00875	0.01023	0.00664	0.00552	0.00408	0.00184	0.00548	0.00345	0.00341	0.00691
4	0.01350	0.01779	0.16370	0.02218	0.06887	0.01431	0.45763	0.01985	0.08864	0.01947	0.01374	0.01804	0.01073	0.00591	0.00662	0.00199	0.00884	0.03664	0.00331	0.00823
5	0.01975	0.01041	0.01414	0.17661	0.02031	0.01062	0.01030	0.02520	0.15882	0.40918	0.04011	0.04644	0.01576	0.00766	0.00604	0.00192	0.00547	0.00644	0.00597	0.00887
6	0.01269	0.01139	0.14647	0.00957	0.01310	0.00764	0.00903	0.01589	0.01543	0.18051	0.33644	0.03544	0.16161	0.01039	0.00651	0.00188	0.00440	0.00883	0.00577	0.00702
7	0.00747	0.00543	0.00661	0.00744	0.00801	0.00504	0.00490	0.00836	0.01113	0.01447	0.03456	0.49263	0.16567	0.18517	0.01232	0.00305	0.00385	0.01425	0.00508	0.00457
8	0.01197	0.02311	0.46492	0.15558	0.02618	0.01457	0.01893	0.01710	0.01162	0.01710	0.00998	0.01318	0.00762	0.00670	0.00865	0.00205	0.17565	0.00471	0.00254	0.00785
9	0.17010	0.02194	0.01544	0.01344	0.01692	0.43519	0.01044	0.17645	0.03631	0.02186	0.01042	0.01157	0.00819	0.00633	0.00543	0.00167	0.02281	0.00412	0.00385	0.00752
10	0.00860	0.00575	0.00724	0.00726	0.00842	0.00540	0.00530	0.01101	0.01478	0.02155	0.46271	0.20104	0.04477	0.01253	0.00658	0.00189	0.00292	0.01107	0.15578	0.00540
11	0.01811	0.01256	0.01372	0.01074	0.01479	0.01297	0.00872	0.38320	0.04509	0.07216	0.01549	0.01615	0.01146	0.00660	0.00526	0.00154	0.00516	0.00511	0.18267	0.15851
12	0.01207	0.03612	0.28927	0.01387	0.04313	0.01208	0.01383	0.01588	0.01208	0.03671	0.05398	0.08735	0.01374	0.00781	0.00810	0.00182	0.14787	0.00590	0.00338	0.18503
13	0.05455	0.33136	0.05167	0.01046	0.01455	0.04008	0.03858	0.01577	0.03071	0.01649	0.01460	0.17916	0.01488	0.00800	0.00502	0.00155	0.00561	0.00650	0.00353	0.15692
14	0.63694	0.01136	0.00968	0.00813	0.01216	0.01222	0.00665	0.03395	0.01096	0.02522	0.00887	0.01029	0.00700	0.00529	0.00387	0.00162	0.00458	0.00332	0.00368	0.18422
15	0.03883	0.01671	0.12948	0.05517	0.31757	0.02472	0.21718	0.04107	0.01402	0.07010	0.01208	0.01490	0.00921	0.00548	0.00607	0.00185	0.00795	0.00559	0.00329	0.00873
16	0.04224	0.02188	0.43499	0.01329	0.02046	0.01138	0.01536	0.01715	0.01231	0.01923	0.01048	0.01229	0.00796	0.00512	0.00505	0.00147	0.00685	0.00398	0.00294	0.33557
17	0.00916	0.00784	0.01125	0.15032	0.01593	0.00921	0.00906	0.01080	0.01100	0.01494	0.02412	0.45456	0.05101	0.01433	0.00979	0.00235	0.17244	0.01204	0.00434	0.00549
18	0.01528	0.01247	0.01361	0.01008	0.01511	0.04251	0.00811	0.16063	0.01576	0.05099	0.01168	0.01288	0.00920	0.00511	0.00479	0.00112	0.00510	0.00398	0.00411	0.59748
19	0.68573	0.01237	0.01035	0.00884	0.01270	0.01419	0.00729	0.14856	0.01330	0.02849	0.00932	0.01045	0.00707	0.00578	0.00407	0.00182	0.00493	0.00359	0.00407	0.00707
20	0.01081	0.00669	0.00741	0.00657	0.00879	0.00604	0.00502	0.01354	0.01316	0.02175	0.15125	0.02397	0.02120	0.00730	0.00471	0.00136	0.00311	0.00602	0.49787	0.18344
21	0.01140	0.00905	0.01293	0.01161	0.01364	0.00907	0.10314	0.16693	0.01524	0.02040	0.02589	0.51868	0.02884	0.01426	0.00712	0.00221	0.00496	0.01303	0.00525	0.00636

[dist]
# distance from previous block
# <min> <max>
6	190

# created by:
# /software/SequenceAnalysis/GenePrediction/augustus/3.0.1/scripts/msa2prfl.pl ./fixed/BUSCOvEOG7W0ZT1.fas
