[name]
unknown

[dist]
# distance from previous block
# <min> <max>
0	115

[block]
# block no. 0 follows, 40 sequences, length 48
# corresponding to MSA columns:
# 120-167
name=unknown_A
#
# <colnr> <probs for GDERKNQSTAVLIFYWHMCP>
#	G	D	E	R	K	N	Q	S	T	A	V	L	I	F	Y	W	H	M	C	P
0	0.00757	0.00526	0.00661	0.00748	0.00770	0.00504	0.00474	0.00822	0.01019	0.01359	0.02722	0.52675	0.03237	0.29161	0.01522	0.00351	0.00417	0.01369	0.00474	0.00430
1	0.01172	0.39768	0.01819	0.00806	0.01082	0.01411	0.00684	0.01286	0.01086	0.01315	0.01953	0.02663	0.12793	0.28453	0.01331	0.00290	0.00551	0.00640	0.00330	0.00568
2	0.00972	0.01153	0.12911	0.39156	0.02664	0.01013	0.01319	0.01303	0.01155	0.01540	0.01799	0.28802	0.01849	0.01013	0.00633	0.00207	0.00634	0.00903	0.00355	0.00618
3	0.01366	0.00730	0.00861	0.00749	0.01033	0.00620	0.00589	0.01544	0.01452	0.27881	0.06168	0.04297	0.48033	0.01202	0.00651	0.00190	0.00365	0.00997	0.00605	0.00668
4	0.01801	0.01110	0.01606	0.39186	0.02779	0.01217	0.01269	0.13149	0.01582	0.28145	0.01533	0.01677	0.01042	0.00648	0.00583	0.00186	0.00656	0.00542	0.00471	0.00820
5	0.00788	0.00582	0.00843	0.00891	0.00970	0.00637	0.00661	0.00958	0.00997	0.01397	0.02137	0.29328	0.02295	0.03468	0.50350	0.00689	0.01129	0.00985	0.00392	0.00503
6	0.00754	0.00592	0.00682	0.00659	0.00827	0.00519	0.00495	0.00964	0.01484	0.01947	0.40343	0.04978	0.41013	0.01332	0.00687	0.00190	0.00285	0.01141	0.00589	0.00519
7	0.01652	0.01544	0.02584	0.01917	0.02371	0.01636	0.37056	0.27158	0.01777	0.02425	0.01190	0.01462	0.00901	0.00645	0.00838	0.00198	0.12822	0.00602	0.00389	0.00833
8	0.02211	0.01629	0.01745	0.01338	0.01803	0.01803	0.01105	0.73997	0.02734	0.03665	0.01396	0.01396	0.00989	0.00698	0.00582	0.00175	0.00640	0.00524	0.00582	0.00989
9	0.01377	0.00676	0.00912	0.00889	0.01069	0.00607	0.00651	0.01522	0.01307	0.27808	0.02885	0.52033	0.03000	0.01434	0.00687	0.00216	0.00393	0.01277	0.00603	0.00654
10	0.01416	0.01447	0.02737	0.03176	0.50300	0.01413	0.27119	0.01812	0.01341	0.01887	0.01123	0.01485	0.00907	0.00508	0.00615	0.00181	0.00793	0.00577	0.00290	0.00873
11	0.01137	0.02141	0.49820	0.01265	0.01870	0.01066	0.01536	0.01670	0.01225	0.01956	0.01344	0.01558	0.01002	0.00596	0.00501	0.00167	0.00652	0.00469	0.29274	0.00748
12	0.00966	0.12985	0.01375	0.27933	0.02027	0.01052	0.00940	0.01203	0.01246	0.01510	0.03399	0.03454	0.37785	0.01009	0.00602	0.00184	0.00514	0.00836	0.00396	0.00585
13	0.01051	0.00654	0.00799	0.00728	0.00934	0.00576	0.00558	0.01273	0.01536	0.13484	0.39788	0.04419	0.29554	0.01216	0.00671	0.00187	0.00315	0.01041	0.00617	0.00596
14	0.00687	0.00589	0.00589	0.00589	0.00785	0.00491	0.00442	0.00835	0.01325	0.01571	0.05891	0.05596	0.75700	0.01473	0.00687	0.00196	0.00295	0.01227	0.00540	0.00491
15	0.01443	0.08508	0.01283	0.01029	0.01218	0.30512	0.00752	0.02753	0.01342	0.01492	0.12758	0.02522	0.01964	0.28452	0.01393	0.00299	0.00714	0.00642	0.00371	0.00553
16	0.00810	0.00583	0.00698	0.00675	0.00773	0.00545	0.00463	0.00968	0.01315	0.01791	0.38916	0.04348	0.15135	0.28794	0.01486	0.00319	0.00379	0.01006	0.00523	0.00471
17	0.01206	0.01034	0.01206	0.00861	0.01378	0.00775	0.00689	0.01464	0.01206	0.01895	0.01034	0.01206	0.00861	0.00431	0.00431	0.00086	0.00431	0.00345	0.00345	0.83118
18	0.01335	0.02277	0.38496	0.01353	0.02005	0.12856	0.01477	0.01783	0.01285	0.01796	0.01018	0.01192	0.00782	0.00517	0.00505	0.00144	0.00738	0.00391	0.00289	0.29759
19	0.01245	0.01195	0.02491	0.01855	0.02237	0.01131	0.48040	0.01474	0.01156	0.01563	0.01118	0.01639	0.00927	0.01028	0.01244	0.29344	0.00813	0.00623	0.00279	0.00597
20	0.02093	0.01570	0.01679	0.01314	0.01758	0.01748	0.01077	0.63055	0.13867	0.03475	0.01546	0.01516	0.01110	0.00712	0.00583	0.00178	0.00612	0.00544	0.00583	0.00978
21	0.02469	0.01214	0.01489	0.01141	0.01597	0.01188	0.00943	0.27860	0.02041	0.50781	0.01978	0.01774	0.01281	0.00712	0.00584	0.00178	0.00546	0.00563	0.00671	0.00989
22	0.00899	0.00748	0.01088	0.27941	0.01959	0.00801	0.00907	0.01193	0.01427	0.01917	0.38635	0.03555	0.14664	0.01019	0.00649	0.00189	0.00454	0.00891	0.00490	0.00574
23	0.01452	0.01218	0.01327	0.01088	0.01499	0.01253	0.00861	0.10900	0.40445	0.02389	0.01783	0.01739	0.01361	0.00652	0.00534	0.00155	0.00471	0.00532	0.00504	0.29835
24	0.00992	0.01534	0.27637	0.01546	0.13030	0.00944	0.01310	0.01333	0.01182	0.01673	0.02078	0.38459	0.02249	0.01161	0.00669	0.00208	0.01894	0.01028	0.00393	0.00680
25	0.01432	0.52173	0.02400	0.00948	0.01452	0.01764	0.00887	0.01644	0.01190	0.01553	0.00888	0.01029	0.00787	0.00474	0.00393	0.00111	0.00555	0.00323	0.00282	0.29714
26	0.02326	0.02145	0.01543	0.01335	0.01688	0.50370	0.01029	0.02502	0.01654	0.27769	0.01390	0.01376	0.00992	0.00642	0.00546	0.00160	0.00854	0.00448	0.00447	0.00785
27	0.00783	0.00563	0.00741	0.00759	0.00860	0.00522	0.00546	0.00996	0.01459	0.02034	0.50160	0.30663	0.04910	0.01411	0.00706	0.00202	0.00297	0.01263	0.00605	0.00522
28	0.01598	0.01281	0.01354	0.01146	0.01502	0.01425	0.00912	0.27678	0.38161	0.02733	0.02569	0.02426	0.12905	0.00863	0.00603	0.00189	0.00498	0.00698	0.00580	0.00878
29	0.00705	0.00519	0.00662	0.00776	0.00835	0.00475	0.00525	0.00814	0.01146	0.01498	0.03620	0.67829	0.14933	0.01768	0.00734	0.00230	0.00331	0.01587	0.00540	0.00475
30	0.01667	0.01590	0.02838	0.02060	0.02605	0.01588	0.48251	0.27230	0.01851	0.02497	0.01254	0.01508	0.00920	0.00563	0.00650	0.00188	0.00861	0.00629	0.00395	0.00856
31	0.00735	0.00591	0.00655	0.00639	0.00815	0.00511	0.00479	0.00927	0.01438	0.01839	0.30416	0.05156	0.51008	0.01373	0.00687	0.00192	0.00287	0.01166	0.00575	0.00511
32	0.01785	0.52383	0.02589	0.01116	0.01602	0.02126	0.01034	0.27151	0.01728	0.02176	0.01015	0.01096	0.00832	0.00568	0.00446	0.00142	0.00628	0.00386	0.00366	0.00832
33	0.54544	0.00927	0.00777	0.00719	0.00952	0.01044	0.00532	0.01406	0.00939	0.02088	0.01169	0.01951	0.01152	0.28330	0.01274	0.00315	0.00490	0.00502	0.00357	0.00532
34	0.01451	0.00733	0.00979	0.00838	0.01085	0.00656	0.00656	0.01708	0.01653	0.28358	0.49839	0.03512	0.04064	0.01024	0.00650	0.00182	0.00352	0.00887	0.00668	0.00704
35	0.00757	0.00526	0.00661	0.00748	0.00770	0.00504	0.00474	0.00822	0.01019	0.01359	0.02722	0.52675	0.03237	0.29161	0.01522	0.00351	0.00417	0.01369	0.00474	0.00430
36	0.01047	0.00843	0.01068	0.01022	0.01205	0.00980	0.00795	0.01760	0.26941	0.01731	0.01842	0.02244	0.01567	0.03105	0.50297	0.00675	0.01172	0.00635	0.00410	0.00660
37	0.00726	0.00520	0.00691	0.00798	0.00847	0.00484	0.00541	0.00854	0.01196	0.01615	0.14380	0.67636	0.04099	0.01724	0.00734	0.00228	0.00328	0.01560	0.00555	0.00484
38	0.01014	0.00902	0.01463	0.39451	0.13992	0.01018	0.01263	0.01294	0.01170	0.01549	0.01807	0.28834	0.01878	0.01008	0.00637	0.00205	0.00608	0.00917	0.00362	0.00627
39	0.00758	0.00553	0.00615	0.00662	0.00791	0.00493	0.00473	0.00911	0.01240	0.01645	0.05506	0.30925	0.37796	0.01468	0.00663	0.00201	0.00306	0.01268	0.13233	0.00493
40	0.00811	0.00615	0.00767	0.00826	0.00973	0.00570	0.00668	0.01023	0.01361	0.01749	0.15274	0.12345	0.29166	0.01514	0.00739	0.00227	0.00393	0.29909	0.00554	0.00516
41	0.01432	0.52173	0.02400	0.00948	0.01452	0.01764	0.00887	0.01644	0.01190	0.01553	0.00888	0.01029	0.00787	0.00474	0.00393	0.00111	0.00555	0.00323	0.00282	0.29714
42	0.01288	0.00872	0.01077	0.00842	0.01215	0.00708	0.00665	0.01547	0.01431	0.13535	0.27461	0.02429	0.02577	0.00742	0.00544	0.00135	0.00386	0.00630	0.00506	0.41408
43	0.00834	0.00596	0.00803	0.00806	0.00865	0.00653	0.00566	0.00953	0.00901	0.01259	0.01707	0.04530	0.01781	0.35878	0.44469	0.00764	0.01115	0.00738	0.00333	0.00448
44	0.01728	0.13586	0.02250	0.02387	0.38379	0.01672	0.01424	0.27173	0.01798	0.02439	0.01156	0.01346	0.00918	0.00578	0.00547	0.00166	0.00662	0.00488	0.00385	0.00918
45	0.02200	0.01081	0.01337	0.01087	0.01494	0.01063	0.00878	0.02924	0.27414	0.50348	0.02320	0.02046	0.01558	0.00744	0.00587	0.00186	0.00483	0.00610	0.00675	0.00965
46	0.01723	0.01265	0.01405	0.01125	0.01475	0.01362	0.00910	0.48360	0.02352	0.03196	0.27501	0.02433	0.02571	0.00871	0.00618	0.00177	0.00511	0.00709	0.00602	0.00834
47	0.00836	0.00602	0.00829	0.00829	0.00896	0.00670	0.00595	0.00971	0.00903	0.01272	0.01654	0.02819	0.01686	0.30808	0.51130	0.00804	0.01208	0.00701	0.00326	0.00461

[dist]
# distance from previous block
# <min> <max>
0	1

[block]
# block no. 1 follows, 40 sequences, length 31
# corresponding to MSA columns:
# 169-199
name=unknown_B
#
# <colnr> <probs for GDERKNQSTAVLIFYWHMCP>
#	G	D	E	R	K	N	Q	S	T	A	V	L	I	F	Y	W	H	M	C	P
0	0.83671	0.01125	0.00855	0.00765	0.01125	0.01305	0.00630	0.01709	0.00990	0.02609	0.00810	0.00945	0.00630	0.00540	0.00360	0.00180	0.00450	0.00315	0.00360	0.00630
1	0.00873	0.05970	0.00931	0.00749	0.00911	0.00667	0.00579	0.01141	0.01615	0.02267	0.70558	0.04113	0.05166	0.01142	0.00665	0.00179	0.00298	0.01001	0.00614	0.00562
2	0.01237	0.02915	0.71480	0.01636	0.02469	0.01381	0.02078	0.06732	0.01330	0.01965	0.01067	0.01239	0.00754	0.00562	0.00554	0.00184	0.00845	0.00436	0.00268	0.00868
3	0.01531	0.74567	0.02922	0.00986	0.01485	0.02198	0.00974	0.01723	0.01183	0.01404	0.00824	0.00951	0.00754	0.00493	0.00377	0.00122	0.00609	0.00313	0.00255	0.06329
4	0.01206	0.01034	0.01206	0.00861	0.01378	0.00775	0.00689	0.01464	0.01206	0.01895	0.01034	0.01206	0.00861	0.00431	0.00431	0.00086	0.00431	0.00345	0.00345	0.83118
5	0.01123	0.02705	0.67049	0.01541	0.02310	0.01250	0.01948	0.01748	0.01280	0.01903	0.10395	0.01618	0.01332	0.00632	0.00569	0.00184	0.00786	0.00508	0.00295	0.00820
6	0.00833	0.00616	0.00897	0.00897	0.00988	0.00706	0.00680	0.01014	0.00923	0.01322	0.01592	0.02475	0.01537	0.13791	0.67943	0.00888	0.01433	0.00651	0.00317	0.00498
7	0.02609	0.00990	0.01350	0.01035	0.01484	0.00855	0.00855	0.02834	0.01664	0.76338	0.02294	0.01979	0.01439	0.00720	0.00585	0.00180	0.00495	0.00585	0.00720	0.00990
8	0.00806	0.00594	0.00754	0.00714	0.00858	0.00541	0.00535	0.01064	0.01606	0.02237	0.66885	0.04501	0.14291	0.01224	0.00686	0.00185	0.00277	0.01074	0.00628	0.00541
9	0.01383	0.01176	0.01268	0.01169	0.01474	0.01349	0.00923	0.02854	0.65663	0.02346	0.02456	0.02720	0.01972	0.00891	0.00618	0.00206	0.00470	0.09605	0.00585	0.00872
10	0.01373	0.01569	0.03431	0.02451	0.03039	0.01471	0.73824	0.01863	0.01373	0.01863	0.01176	0.01569	0.00882	0.00490	0.00686	0.00196	0.00980	0.00686	0.00294	0.00784
11	0.00709	0.00506	0.00675	0.00810	0.00843	0.00472	0.00540	0.00810	0.01113	0.01484	0.03205	0.79184	0.03846	0.01822	0.00742	0.00236	0.00337	0.01653	0.00540	0.00472
12	0.02609	0.00990	0.01350	0.01035	0.01484	0.00855	0.00855	0.02834	0.01664	0.76338	0.02294	0.01979	0.01439	0.00720	0.00585	0.00180	0.00495	0.00585	0.00720	0.00990
13	0.01373	0.01569	0.03431	0.02451	0.03039	0.01471	0.73824	0.01863	0.01373	0.01863	0.01176	0.01569	0.00882	0.00490	0.00686	0.00196	0.00980	0.00686	0.00294	0.00784
14	0.01446	0.01249	0.01315	0.01183	0.01512	0.01446	0.00920	0.03090	0.74885	0.02433	0.02367	0.02170	0.01775	0.00789	0.00592	0.00197	0.00460	0.00657	0.00592	0.00920
15	0.01446	0.01249	0.01315	0.01183	0.01512	0.01446	0.00920	0.03090	0.74885	0.02433	0.02367	0.02170	0.01775	0.00789	0.00592	0.00197	0.00460	0.00657	0.00592	0.00920
16	0.00937	0.00669	0.00937	0.01071	0.01205	0.00669	0.00937	0.01205	0.01339	0.01740	0.03079	0.06560	0.03347	0.01606	0.00803	0.00268	0.00535	0.72021	0.00535	0.00535
17	0.01098	0.01034	0.01744	0.78165	0.04005	0.01292	0.01615	0.01486	0.01163	0.01486	0.01034	0.01550	0.00775	0.00581	0.00581	0.00194	0.00775	0.00517	0.00258	0.00646
18	0.02211	0.01629	0.01745	0.01338	0.01803	0.01803	0.01105	0.73997	0.02734	0.03665	0.01396	0.01396	0.00989	0.00698	0.00582	0.00175	0.00640	0.00524	0.00582	0.00989
19	0.01166	0.03008	0.76550	0.01657	0.02517	0.01351	0.02149	0.01842	0.01228	0.01842	0.01044	0.01228	0.00737	0.00552	0.00552	0.00184	0.00859	0.00430	0.00246	0.00859
20	0.00709	0.00506	0.00675	0.00810	0.00843	0.00472	0.00540	0.00810	0.01113	0.01484	0.03205	0.79184	0.03846	0.01822	0.00742	0.00236	0.00337	0.01653	0.00540	0.00472
21	0.83671	0.01125	0.00855	0.00765	0.01125	0.01305	0.00630	0.01709	0.00990	0.02609	0.00810	0.00945	0.00630	0.00540	0.00360	0.00180	0.00450	0.00315	0.00360	0.00630
22	0.01439	0.01382	0.02360	0.03569	0.75936	0.01382	0.01785	0.01785	0.01324	0.01900	0.01094	0.01439	0.00921	0.00518	0.00576	0.00173	0.00691	0.00518	0.00288	0.00921
23	0.00709	0.00506	0.00675	0.00810	0.00843	0.00472	0.00540	0.00810	0.01113	0.01484	0.03205	0.79184	0.03846	0.01822	0.00742	0.00236	0.00337	0.01653	0.00540	0.00472
24	0.02091	0.01569	0.01678	0.01314	0.01758	0.01747	0.01076	0.62856	0.14071	0.03471	0.01549	0.01518	0.01112	0.00712	0.00583	0.00178	0.00612	0.00545	0.00583	0.00978
25	0.00709	0.00506	0.00675	0.00810	0.00843	0.00472	0.00540	0.00810	0.01113	0.01484	0.03205	0.79184	0.03846	0.01822	0.00742	0.00236	0.00337	0.01653	0.00540	0.00472
26	0.01555	0.79913	0.03047	0.00995	0.01493	0.02301	0.00995	0.01741	0.01182	0.01368	0.00808	0.00933	0.00746	0.00498	0.00373	0.00124	0.00622	0.00311	0.00249	0.00746
27	0.01518	0.01395	0.02252	0.07126	0.62941	0.01430	0.01691	0.10824	0.01493	0.02100	0.01129	0.01440	0.00922	0.00544	0.00577	0.00174	0.00689	0.00519	0.00323	0.00915
28	0.00901	0.00677	0.00845	0.00788	0.00949	0.00661	0.00595	0.01347	0.10829	0.02345	0.66443	0.04071	0.05022	0.01139	0.00674	0.00185	0.00298	0.01002	0.00634	0.00595
29	0.00846	0.00564	0.00634	0.00634	0.00634	0.00564	0.00352	0.00846	0.00846	0.01128	0.01832	0.03805	0.02114	0.79563	0.02960	0.00564	0.00564	0.00846	0.00352	0.00352
30	0.01049	0.00967	0.01610	0.68466	0.03609	0.01189	0.01480	0.01401	0.01157	0.01486	0.01306	0.11284	0.01160	0.00737	0.00602	0.00199	0.00720	0.00659	0.00294	0.00624

[dist]
# distance from previous block
# <min> <max>
0	50

[block]
# block no. 2 follows, 40 sequences, length 34
# corresponding to MSA columns:
# 250-283
name=unknown_C
#
# <colnr> <probs for GDERKNQSTAVLIFYWHMCP>
#	G	D	E	R	K	N	Q	S	T	A	V	L	I	F	Y	W	H	M	C	P
0	0.01144	0.00665	0.00880	0.00786	0.00979	0.00604	0.00604	0.01409	0.01649	0.15612	0.62469	0.03920	0.04761	0.01105	0.00668	0.00182	0.00314	0.00968	0.00654	0.00628
1	0.01166	0.03008	0.76550	0.01657	0.02517	0.01351	0.02149	0.01842	0.01228	0.01842	0.01044	0.01228	0.00737	0.00552	0.00552	0.00184	0.00859	0.00430	0.00246	0.00859
2	0.02609	0.00990	0.01350	0.01035	0.01484	0.00855	0.00855	0.02834	0.01664	0.76338	0.02294	0.01979	0.01439	0.00720	0.00585	0.00180	0.00495	0.00585	0.00720	0.00990
3	0.01166	0.03008	0.76550	0.01657	0.02517	0.01351	0.02149	0.01842	0.01228	0.01842	0.01044	0.01228	0.00737	0.00552	0.00552	0.00184	0.00859	0.00430	0.00246	0.00859
4	0.01098	0.01034	0.01744	0.78165	0.04005	0.01292	0.01615	0.01486	0.01163	0.01486	0.01034	0.01550	0.00775	0.00581	0.00581	0.00194	0.00775	0.00517	0.00258	0.00646
5	0.01057	0.00987	0.01596	0.57105	0.10312	0.01157	0.01421	0.01398	0.01207	0.01541	0.01911	0.02266	0.14234	0.00735	0.00600	0.00192	0.00681	0.00644	0.00312	0.00644
6	0.01439	0.01382	0.02360	0.03569	0.75936	0.01382	0.01785	0.01785	0.01324	0.01900	0.01094	0.01439	0.00921	0.00518	0.00576	0.00173	0.00691	0.00518	0.00288	0.00921
7	0.01098	0.01034	0.01744	0.78165	0.04005	0.01292	0.01615	0.01486	0.01163	0.01486	0.01034	0.01550	0.00775	0.00581	0.00581	0.00194	0.00775	0.00517	0.00258	0.00646
8	0.02609	0.00990	0.01350	0.01035	0.01484	0.00855	0.00855	0.02834	0.01664	0.76338	0.02294	0.01979	0.01439	0.00720	0.00585	0.00180	0.00495	0.00585	0.00720	0.00990
9	0.01381	0.01547	0.14804	0.01265	0.01683	0.01406	0.01141	0.02809	0.59440	0.02306	0.02151	0.02134	0.01636	0.00771	0.00591	0.00197	0.00534	0.02777	0.00528	0.00898
10	0.00799	0.00593	0.00744	0.00706	0.00854	0.00538	0.00530	0.01050	0.01589	0.02195	0.63114	0.04569	0.18087	0.01240	0.00686	0.00185	0.00278	0.01083	0.00622	0.00538
11	0.00709	0.00506	0.00675	0.00810	0.00843	0.00472	0.00540	0.00810	0.01113	0.01484	0.03205	0.79184	0.03846	0.01822	0.00742	0.00236	0.00337	0.01653	0.00540	0.00472
12	0.01154	0.02654	0.63126	0.15387	0.02784	0.01340	0.02053	0.01778	0.01216	0.01778	0.01042	0.01286	0.00744	0.00558	0.00558	0.00186	0.00844	0.00445	0.00248	0.00821
13	0.02211	0.01629	0.01745	0.01338	0.01803	0.01803	0.01105	0.73997	0.02734	0.03665	0.01396	0.01396	0.00989	0.00698	0.00582	0.00175	0.00640	0.00524	0.00582	0.00989
14	0.01166	0.03008	0.76550	0.01657	0.02517	0.01351	0.02149	0.01842	0.01228	0.01842	0.01044	0.01228	0.00737	0.00552	0.00552	0.00184	0.00859	0.00430	0.00246	0.00859
15	0.83671	0.01125	0.00855	0.00765	0.01125	0.01305	0.00630	0.01709	0.00990	0.02609	0.00810	0.00945	0.00630	0.00540	0.00360	0.00180	0.00450	0.00315	0.00360	0.00630
16	0.01425	0.15348	0.01689	0.01180	0.01544	0.01554	0.04325	0.02679	0.54571	0.02172	0.02206	0.02089	0.05212	0.00757	0.00562	0.00184	0.00505	0.00625	0.00514	0.00862
17	0.01098	0.01034	0.01744	0.78165	0.04005	0.01292	0.01615	0.01486	0.01163	0.01486	0.01034	0.01550	0.00775	0.00581	0.00581	0.00194	0.00775	0.00517	0.00258	0.00646
18	0.01166	0.03008	0.76550	0.01657	0.02517	0.01351	0.02149	0.01842	0.01228	0.01842	0.01044	0.01228	0.00737	0.00552	0.00552	0.00184	0.00859	0.00430	0.00246	0.00859
19	0.02250	0.01565	0.01706	0.01308	0.01772	0.01709	0.01080	0.66937	0.02628	0.10874	0.01485	0.01454	0.01034	0.00700	0.00582	0.00175	0.00626	0.00530	0.00595	0.00989
20	0.02293	0.01365	0.14843	0.01154	0.01671	0.00973	0.01090	0.02669	0.05214	0.59308	0.02073	0.01854	0.01330	0.00693	0.00579	0.00182	0.00559	0.00561	0.00628	0.00963
21	0.00712	0.00590	0.00623	0.00615	0.00800	0.00501	0.00461	0.00882	0.01383	0.01708	0.18406	0.05372	0.63100	0.01422	0.00687	0.00194	0.00291	0.01196	0.00558	0.00501
22	0.02172	0.02772	0.01648	0.01498	0.01798	0.77228	0.01124	0.02322	0.01648	0.01423	0.00899	0.01049	0.00749	0.00599	0.00524	0.00150	0.01049	0.00375	0.00300	0.00674
23	0.00904	0.00716	0.00957	0.00874	0.00987	0.00770	0.00679	0.01152	0.01511	0.02165	0.62194	0.03793	0.04639	0.01158	0.00905	0.00196	0.14312	0.00954	0.00571	0.00564
24	0.02521	0.00970	0.01321	0.01020	0.01454	0.00840	0.00840	0.02748	0.01664	0.72671	0.05928	0.02096	0.01640	0.00743	0.00590	0.00180	0.00484	0.00608	0.00716	0.00968
25	0.01084	0.02559	0.62934	0.01505	0.02217	0.01193	0.01860	0.01656	0.01207	0.01778	0.01431	0.15217	0.01295	0.00780	0.00587	0.00193	0.00766	0.00649	0.00298	0.00790
26	0.83671	0.01125	0.00855	0.00765	0.01125	0.01305	0.00630	0.01709	0.00990	0.02609	0.00810	0.00945	0.00630	0.00540	0.00360	0.00180	0.00450	0.00315	0.00360	0.00630
27	0.01317	0.01253	0.02170	0.25328	0.45986	0.01322	0.06838	0.01682	0.01275	0.01788	0.01120	0.01515	0.00902	0.00542	0.00577	0.00179	0.00717	0.00531	0.04144	0.00812
28	0.01378	0.01319	0.02250	0.16956	0.63028	0.01366	0.01754	0.01731	0.01295	0.01826	0.01083	0.01459	0.00895	0.00529	0.00577	0.00176	0.00706	0.00518	0.00283	0.00872
29	0.01373	0.01569	0.03431	0.02451	0.03039	0.01471	0.73824	0.01863	0.01373	0.01863	0.01176	0.01569	0.00882	0.00490	0.00686	0.00196	0.00980	0.00686	0.00294	0.00784
30	0.02246	0.00948	0.01232	0.00969	0.01374	0.00834	0.00792	0.05808	0.01654	0.59517	0.02898	0.02601	0.14744	0.00854	0.00603	0.00183	0.00466	0.00697	0.00681	0.00900
31	0.01336	0.01827	0.16553	0.02309	0.02945	0.01449	0.60961	0.01859	0.01347	0.01859	0.01153	0.01507	0.00856	0.00501	0.00662	0.00194	0.00959	0.00640	0.00285	0.00798
32	0.00687	0.00589	0.00589	0.00589	0.00785	0.00491	0.00442	0.00835	0.01325	0.01571	0.05891	0.05596	0.75700	0.01473	0.00687	0.00196	0.00295	0.01227	0.00540	0.00491
33	0.00709	0.00506	0.00675	0.00810	0.00843	0.00472	0.00540	0.00810	0.01113	0.01484	0.03205	0.79184	0.03846	0.01822	0.00742	0.00236	0.00337	0.01653	0.00540	0.00472

[dist]
# distance from previous block
# <min> <max>
15	129

# created by:
# /software/SequenceAnalysis/GenePrediction/augustus/3.0.1/scripts/msa2prfl.pl ./fixed/BUSCOvEOG7X0P6S.fas
