[name]
unknown

[dist]
# distance from previous block
# <min> <max>
0	91

[block]
# block no. 0 follows, 39 sequences, length 70
# corresponding to MSA columns:
# 92-161
name=unknown_A
#
# <colnr> <probs for GDERKNQSTAVLIFYWHMCP>
#	G	D	E	R	K	N	Q	S	T	A	V	L	I	F	Y	W	H	M	C	P
0	0.01193	0.01016	0.01191	0.00872	0.01366	0.00768	0.00691	0.01445	0.01220	0.01899	0.01197	0.06350	0.01076	0.00531	0.00459	0.00098	0.00432	0.00438	0.00363	0.77395
1	0.00721	0.00515	0.00686	0.00823	0.00858	0.00480	0.00549	0.00823	0.01132	0.01510	0.03259	0.78831	0.03911	0.01853	0.00755	0.00240	0.00343	0.01681	0.00549	0.00480
2	0.00860	0.00573	0.00645	0.00645	0.00645	0.00573	0.00358	0.00860	0.00860	0.01147	0.01863	0.03870	0.02150	0.79217	0.03010	0.00573	0.00573	0.00860	0.00358	0.00358
3	0.79449	0.01137	0.00894	0.00791	0.01162	0.01304	0.00652	0.01794	0.01040	0.06234	0.00897	0.01012	0.00681	0.00558	0.00377	0.00183	0.00460	0.00334	0.00384	0.00658
4	0.83394	0.01144	0.00869	0.00778	0.01144	0.01327	0.00640	0.01738	0.01006	0.02653	0.00823	0.00961	0.00640	0.00549	0.00366	0.00183	0.00457	0.00320	0.00366	0.00640
5	0.02584	0.01063	0.01403	0.01074	0.01535	0.00950	0.00887	0.08901	0.01775	0.67984	0.02224	0.01943	0.01411	0.00723	0.00591	0.00180	0.00514	0.00584	0.00711	0.02962
6	0.00829	0.00566	0.00649	0.00670	0.00686	0.00555	0.00393	0.00854	0.00930	0.01228	0.02314	0.15425	0.06634	0.62921	0.02532	0.00501	0.00522	0.01008	0.00398	0.00385
7	0.02248	0.01656	0.01775	0.01361	0.01834	0.01834	0.01124	0.73556	0.02780	0.03727	0.01420	0.01420	0.01006	0.00710	0.00592	0.00177	0.00651	0.00532	0.00592	0.01006
8	0.02387	0.00965	0.01290	0.01008	0.01426	0.00844	0.00826	0.04148	0.01694	0.64220	0.08273	0.02405	0.06109	0.00814	0.00609	0.00184	0.00477	0.00669	0.00712	0.00941
9	0.01063	0.00828	0.00975	0.05323	0.02893	0.00852	0.00716	0.03324	0.18394	0.03390	0.25855	0.03718	0.21769	0.01077	0.00640	0.00189	0.00379	0.00918	0.07035	0.00662
10	0.00727	0.00529	0.00672	0.00783	0.00836	0.00489	0.00524	0.00829	0.01142	0.01497	0.03516	0.64650	0.12872	0.06846	0.00895	0.00257	0.00353	0.01573	0.00537	0.00475
11	0.01226	0.01051	0.01226	0.00876	0.01401	0.00788	0.00701	0.01489	0.01226	0.01927	0.01051	0.01226	0.00876	0.00438	0.00438	0.00088	0.00438	0.00350	0.00350	0.82832
12	0.01287	0.01082	0.01321	0.04066	0.01526	0.01020	0.00858	0.04634	0.07130	0.03407	0.02947	0.01706	0.01192	0.00761	0.03105	0.00165	0.09762	0.03697	0.00388	0.49947
13	0.55425	0.01342	0.01092	0.00941	0.01303	0.08724	0.00756	0.11684	0.01350	0.07011	0.01056	0.01239	0.00826	0.04432	0.00556	0.00198	0.00552	0.00398	0.00413	0.00703
14	0.04273	0.01071	0.01395	0.06132	0.01666	0.01021	0.00926	0.11663	0.03151	0.53233	0.07480	0.02064	0.01652	0.00752	0.00596	0.00184	0.00523	0.00612	0.00666	0.00940
15	0.00906	0.00803	0.01080	0.08633	0.06262	0.00793	0.04307	0.01215	0.06382	0.01680	0.04148	0.12659	0.41508	0.01281	0.00715	0.00207	0.02296	0.04045	0.00488	0.00592
16	0.01581	0.79572	0.03099	0.01012	0.01518	0.02340	0.01012	0.01771	0.01202	0.01391	0.00822	0.00949	0.00759	0.00506	0.00379	0.00126	0.00632	0.00316	0.00253	0.00759
17	0.00876	0.00620	0.00765	0.00719	0.00887	0.00556	0.00543	0.01120	0.01591	0.05205	0.54362	0.04647	0.23383	0.01264	0.00694	0.00189	0.00294	0.01096	0.00628	0.00561
18	0.02248	0.01656	0.01775	0.01361	0.01834	0.01834	0.01124	0.73556	0.02780	0.03727	0.01420	0.01420	0.01006	0.00710	0.00592	0.00177	0.00651	0.00532	0.00592	0.01006
19	0.01444	0.53064	0.28409	0.01245	0.01879	0.02005	0.01418	0.01806	0.01218	0.01558	0.00905	0.01053	0.00756	0.00525	0.00443	0.00148	0.00716	0.00358	0.00252	0.00799
20	0.00760	0.00539	0.00709	0.00821	0.00866	0.00510	0.00562	0.00876	0.01153	0.01542	0.07251	0.61077	0.03785	0.09824	0.00990	0.00274	0.00379	0.07068	0.00535	0.00477
21	0.01135	0.01087	0.01887	0.72823	0.04008	0.01326	0.06379	0.01536	0.01197	0.01536	0.01061	0.01578	0.00796	0.00585	0.00598	0.00197	0.00802	0.00537	0.00265	0.00666
22	0.01259	0.06738	0.17911	0.02742	0.01916	0.01113	0.09843	0.01640	0.01249	0.01868	0.01056	0.01264	0.00842	0.00480	0.00495	0.00127	0.00620	0.00412	0.00314	0.48110
23	0.00800	0.00603	0.00739	0.00705	0.00861	0.00542	0.00529	0.01044	0.01587	0.02164	0.56689	0.04758	0.24236	0.01286	0.00698	0.00190	0.00284	0.01117	0.00624	0.00542
24	0.01226	0.01051	0.01226	0.00876	0.01401	0.00788	0.00701	0.01489	0.01226	0.01927	0.01051	0.01226	0.00876	0.00438	0.00438	0.00088	0.00438	0.00350	0.00350	0.82832
25	0.01601	0.77084	0.03053	0.01028	0.01528	0.04755	0.01016	0.01790	0.01217	0.01393	0.00825	0.00952	0.00759	0.00509	0.00384	0.00127	0.00647	0.00318	0.00255	0.00757
26	0.02189	0.02785	0.01679	0.01524	0.01822	0.75187	0.01146	0.02341	0.01659	0.01447	0.00911	0.01071	0.00762	0.00619	0.00564	0.00155	0.02767	0.00384	0.00304	0.00685
27	0.01396	0.01595	0.03490	0.02493	0.03091	0.01496	0.73380	0.01894	0.01396	0.01894	0.01196	0.01595	0.00897	0.00499	0.00698	0.00199	0.00997	0.00698	0.00299	0.00798
28	0.01186	0.03059	0.76153	0.01686	0.02560	0.01373	0.02185	0.01873	0.01249	0.01873	0.01061	0.01249	0.00749	0.00562	0.00562	0.00187	0.00874	0.00437	0.00250	0.00874
29	0.00834	0.00604	0.00786	0.00741	0.00882	0.00557	0.00556	0.01110	0.01667	0.02354	0.73647	0.04446	0.07160	0.01216	0.00698	0.00186	0.00279	0.01074	0.00649	0.00557
30	0.00860	0.00573	0.00645	0.00645	0.00645	0.00573	0.00358	0.00860	0.00860	0.01147	0.01863	0.03870	0.02150	0.79217	0.03010	0.00573	0.00573	0.00860	0.00358	0.00358
31	0.01457	0.00677	0.00786	0.00699	0.00924	0.00631	0.00545	0.01712	0.01399	0.21291	0.08079	0.02560	0.06694	0.00795	0.00502	0.00157	0.00336	0.00649	0.49440	0.00666
32	0.01294	0.01294	0.01811	0.01553	0.01553	0.01811	0.01294	0.01423	0.00906	0.01423	0.00776	0.01294	0.00776	0.01035	0.01941	0.00259	0.78134	0.00518	0.00259	0.00647
33	0.06082	0.01174	0.01481	0.28243	0.02396	0.04820	0.02604	0.04746	0.06142	0.04706	0.01219	0.01473	0.00938	0.00564	0.00521	0.00154	0.00613	0.00465	0.03314	0.28345
34	0.05736	0.00957	0.01307	0.07909	0.01531	0.01051	0.03920	0.07169	0.01533	0.10299	0.33868	0.04126	0.03039	0.00979	0.00861	0.00200	0.13528	0.00788	0.00523	0.00679
35	0.04849	0.01265	0.01318	0.01186	0.01522	0.01465	0.00924	0.03085	0.71431	0.02481	0.02342	0.02155	0.01757	0.00792	0.00592	0.00200	0.00468	0.00654	0.00592	0.00924
36	0.01566	0.76687	0.05854	0.01037	0.01557	0.02304	0.01056	0.01775	0.01203	0.01410	0.00831	0.00960	0.00759	0.00508	0.00386	0.00129	0.00642	0.00321	0.00253	0.00763
37	0.01396	0.01595	0.03490	0.02493	0.03091	0.01496	0.73380	0.01894	0.01396	0.01894	0.01196	0.01595	0.00897	0.00499	0.00698	0.00199	0.00997	0.00698	0.00299	0.00798
38	0.02248	0.01656	0.01775	0.01361	0.01834	0.01834	0.01124	0.73556	0.02780	0.03727	0.01420	0.01420	0.01006	0.00710	0.00592	0.00177	0.00651	0.00532	0.00592	0.01006
39	0.00717	0.00528	0.00673	0.00788	0.00848	0.00483	0.00533	0.00827	0.01166	0.01523	0.03688	0.67356	0.15109	0.01797	0.00746	0.00234	0.00336	0.01613	0.00549	0.00483
40	0.00702	0.00599	0.00604	0.00603	0.00801	0.00501	0.00452	0.00855	0.01356	0.01616	0.07634	0.05661	0.73633	0.01491	0.00699	0.00199	0.00299	0.01244	0.00552	0.00501
41	0.00809	0.00599	0.00755	0.00726	0.00869	0.00544	0.00541	0.01058	0.01592	0.02202	0.60355	0.08843	0.16334	0.01290	0.00701	0.00191	0.00286	0.01132	0.00629	0.00544
42	0.01186	0.03059	0.76153	0.01686	0.02560	0.01373	0.02185	0.01873	0.01249	0.01873	0.01061	0.01249	0.00749	0.00562	0.00562	0.00187	0.00874	0.00437	0.00250	0.00874
43	0.00721	0.00515	0.00686	0.00823	0.00858	0.00480	0.00549	0.00823	0.01132	0.01510	0.03259	0.78831	0.03911	0.01853	0.00755	0.00240	0.00343	0.01681	0.00549	0.00480
44	0.00725	0.00518	0.00690	0.00820	0.00859	0.00483	0.00549	0.00834	0.01153	0.01542	0.05969	0.76029	0.03974	0.01829	0.00753	0.00238	0.00341	0.01658	0.00553	0.00483
45	0.01186	0.03059	0.76153	0.01686	0.02560	0.01373	0.02185	0.01873	0.01249	0.01873	0.01061	0.01249	0.00749	0.00562	0.00562	0.00187	0.00874	0.00437	0.00250	0.00874
46	0.00797	0.00596	0.00865	0.00907	0.00982	0.00610	0.02961	0.00942	0.01056	0.01446	0.02502	0.43883	0.02831	0.08830	0.27304	0.00511	0.00812	0.01221	0.00445	0.00497
47	0.01384	0.01680	0.07677	0.02446	0.03060	0.01488	0.69277	0.01893	0.01387	0.01893	0.01189	0.01575	0.00889	0.00502	0.00690	0.00199	0.00990	0.00683	0.00296	0.00802
48	0.16773	0.01187	0.04964	0.01058	0.01514	0.01064	0.00911	0.09631	0.01658	0.50516	0.03551	0.01784	0.01330	0.00700	0.00555	0.00183	0.00523	0.00543	0.00628	0.00925
49	0.11805	0.01332	0.02010	0.01733	0.06025	0.01672	0.13504	0.01566	0.01027	0.01690	0.00873	0.01312	0.00789	0.00852	0.01450	0.00234	0.50631	0.00524	0.00281	0.00688
50	0.00829	0.00599	0.00784	0.00749	0.00882	0.00553	0.00557	0.01097	0.01638	0.02315	0.70465	0.09331	0.05470	0.01251	0.00701	0.00190	0.00283	0.01110	0.00644	0.00553
51	0.01547	0.01373	0.06546	0.18990	0.02723	0.01260	0.28174	0.05414	0.01445	0.14987	0.02635	0.03320	0.01111	0.00611	0.00623	0.00186	0.00768	0.00618	0.00394	0.07273
52	0.50334	0.32836	0.01770	0.00872	0.01295	0.01736	0.00791	0.01751	0.01085	0.02143	0.00823	0.00956	0.00688	0.00532	0.00371	0.00160	0.00528	0.00319	0.00320	0.00688
53	0.01339	0.02471	0.49467	0.06660	0.02687	0.01396	0.16909	0.05399	0.01369	0.05055	0.01160	0.01382	0.00825	0.00565	0.00595	0.00190	0.00868	0.00508	0.00298	0.00856
54	0.01900	0.27220	0.20796	0.01236	0.01802	0.07464	0.01269	0.02225	0.01420	0.27161	0.01409	0.01400	0.00999	0.00606	0.00512	0.00163	0.00683	0.00448	0.00421	0.00867
55	0.02653	0.01006	0.01372	0.01052	0.01510	0.00869	0.00869	0.02882	0.01693	0.75937	0.02333	0.02013	0.01464	0.00732	0.00595	0.00183	0.00503	0.00595	0.00732	0.01006
56	0.02560	0.01027	0.01370	0.01064	0.01512	0.00917	0.00874	0.02903	0.07429	0.70146	0.02339	0.02028	0.01491	0.00737	0.00595	0.00184	0.00500	0.00601	0.00722	0.01001
57	0.01137	0.01072	0.01810	0.73521	0.08191	0.01319	0.01652	0.01528	0.01192	0.01535	0.01055	0.01570	0.00797	0.00588	0.00591	0.00196	0.00783	0.00526	0.00265	0.00673
58	0.00845	0.00634	0.00950	0.00950	0.01056	0.00739	0.00739	0.01056	0.00950	0.01373	0.01584	0.02323	0.01478	0.04435	0.76873	0.00950	0.01584	0.00634	0.00317	0.00528
59	0.01258	0.01239	0.01731	0.01489	0.01500	0.01713	0.01236	0.01399	0.00966	0.01498	0.06644	0.01540	0.01155	0.01049	0.01843	0.00253	0.71997	0.00561	0.00290	0.00640
60	0.00867	0.00582	0.00669	0.00680	0.00691	0.00582	0.00405	0.00889	0.00900	0.01196	0.01963	0.04091	0.02249	0.73101	0.02837	0.00550	0.00571	0.06432	0.00373	0.00373
61	0.01186	0.03059	0.76153	0.01686	0.02560	0.01373	0.02185	0.01873	0.01249	0.01873	0.01061	0.01249	0.00749	0.00562	0.00562	0.00187	0.00874	0.00437	0.00250	0.00874
62	0.01552	0.70384	0.02837	0.00981	0.01461	0.02139	0.00962	0.01740	0.01232	0.04219	0.01287	0.01363	0.06661	0.00593	0.00413	0.00134	0.00601	0.00400	0.00294	0.00748
63	0.00789	0.00599	0.00727	0.00702	0.00856	0.00537	0.00524	0.01021	0.01551	0.02097	0.50818	0.07623	0.27352	0.01324	0.00700	0.00192	0.00288	0.01149	0.00615	0.00537
64	0.54465	0.01080	0.01023	0.00860	0.01248	0.01153	0.00707	0.02099	0.01237	0.26475	0.01350	0.01343	0.00937	0.00613	0.00442	0.00182	0.00466	0.00417	0.03148	0.00757
65	0.68964	0.01209	0.01030	0.04047	0.01359	0.01395	0.00748	0.11484	0.01255	0.02752	0.00914	0.01049	0.00696	0.00573	0.00406	0.00183	0.00497	0.00358	0.00392	0.00691
66	0.04704	0.00937	0.01084	0.00929	0.01172	0.00966	0.00724	0.21756	0.01892	0.05046	0.41767	0.03342	0.03635	0.07181	0.00835	0.00215	0.00427	0.02102	0.00600	0.00687
67	0.01644	0.02108	0.08628	0.02114	0.02638	0.25993	0.44272	0.02045	0.01475	0.01747	0.01094	0.01396	0.00842	0.00540	0.00634	0.00183	0.01010	0.00574	0.00297	0.00767
68	0.36872	0.10611	0.16896	0.01697	0.19921	0.01472	0.01290	0.01789	0.01163	0.02170	0.00944	0.01143	0.00750	0.00541	0.00462	0.00176	0.00623	0.00395	0.00311	0.00775
69	0.02594	0.01189	0.01421	0.01108	0.01554	0.06917	0.00906	0.07141	0.01758	0.65671	0.02166	0.01902	0.01381	0.00721	0.00590	0.00180	0.00557	0.00574	0.00690	0.00981

[dist]
# distance from previous block
# <min> <max>
0	3

[block]
# block no. 1 follows, 39 sequences, length 10
# corresponding to MSA columns:
# 165-174
name=unknown_B
#
# <colnr> <probs for GDERKNQSTAVLIFYWHMCP>
#	G	D	E	R	K	N	Q	S	T	A	V	L	I	F	Y	W	H	M	C	P
0	0.28993	0.01306	0.06945	0.28894	0.17627	0.01346	0.01359	0.01722	0.03191	0.02036	0.01025	0.01339	0.00794	0.00567	0.00512	0.00187	0.00656	0.00454	0.00312	0.00732
1	0.04090	0.03403	0.01478	0.01292	0.06803	0.01104	0.03502	0.07850	0.11226	0.30224	0.04576	0.02029	0.01525	0.01485	0.16306	0.00341	0.00759	0.00608	0.00544	0.00852
2	0.01042	0.00809	0.03159	0.00850	0.01041	0.00738	0.02653	0.08865	0.01466	0.03242	0.23338	0.06704	0.17969	0.14421	0.01170	0.05619	0.00437	0.02253	0.03663	0.00561
3	0.01239	0.11298	0.21413	0.01672	0.02156	0.01450	0.22495	0.01644	0.01183	0.01663	0.01145	0.01540	0.00947	0.01392	0.16470	0.00349	0.10378	0.00549	0.00280	0.00739
4	0.00809	0.00603	0.00751	0.00714	0.00866	0.00546	0.00536	0.01061	0.01607	0.02212	0.60952	0.04680	0.19943	0.01268	0.00698	0.00189	0.00283	0.01106	0.00630	0.00546
5	0.01321	0.08429	0.24600	0.06535	0.02265	0.01408	0.16258	0.07900	0.10401	0.01995	0.01558	0.11815	0.01357	0.00761	0.00610	0.00193	0.00734	0.00689	0.00373	0.00801
6	0.06004	0.01300	0.01348	0.01136	0.01470	0.07588	0.00896	0.29708	0.04521	0.15188	0.06708	0.17640	0.01968	0.00968	0.00617	0.00191	0.00557	0.00796	0.00575	0.00821
7	0.00813	0.00586	0.00769	0.00760	0.00878	0.00542	0.00556	0.01056	0.01562	0.02194	0.60389	0.19750	0.05236	0.01342	0.00709	0.00197	0.00292	0.01196	0.00630	0.00542
8	0.01350	0.01540	0.14973	0.04977	0.02289	0.01153	0.27907	0.01778	0.01385	0.08177	0.10349	0.01841	0.01487	0.00608	0.00607	0.00171	0.00721	0.00611	0.00379	0.17696
9	0.01345	0.01085	0.01469	0.01094	0.01575	0.00897	0.09132	0.01708	0.05815	0.08162	0.01419	0.06988	0.01204	0.00594	0.00514	0.00127	0.00503	0.00527	0.00406	0.55435

[dist]
# distance from previous block
# <min> <max>
0	1

[block]
# block no. 2 follows, 39 sequences, length 9
# corresponding to MSA columns:
# 176-184
name=unknown_C
#
# <colnr> <probs for GDERKNQSTAVLIFYWHMCP>
#	G	D	E	R	K	N	Q	S	T	A	V	L	I	F	Y	W	H	M	C	P
0	0.01500	0.01278	0.01298	0.01034	0.01434	0.08589	0.00811	0.19360	0.01652	0.02288	0.03485	0.09724	0.01405	0.02428	0.00582	0.00148	0.00535	0.00580	0.03712	0.38159
1	0.07527	0.00958	0.01372	0.01385	0.09115	0.00968	0.09158	0.12155	0.01446	0.02057	0.05143	0.41147	0.02624	0.01258	0.00673	0.00213	0.00509	0.01143	0.00490	0.00660
2	0.01710	0.10273	0.32807	0.01607	0.06941	0.01530	0.04039	0.19959	0.01697	0.11938	0.01300	0.01386	0.00925	0.00611	0.00561	0.00178	0.00737	0.00484	0.00403	0.00914
3	0.01710	0.02400	0.24001	0.09588	0.02379	0.27733	0.07521	0.12159	0.03459	0.01965	0.01105	0.01297	0.00833	0.00603	0.00571	0.00176	0.00901	0.00468	0.00331	0.00799
4	0.06161	0.00577	0.00701	0.00785	0.00873	0.00548	0.00545	0.00923	0.01216	0.01702	0.12368	0.56041	0.12118	0.01646	0.00716	0.00225	0.00338	0.01466	0.00550	0.00503
5	0.05145	0.01376	0.01564	0.01218	0.01670	0.01445	0.01001	0.40177	0.08311	0.29142	0.01805	0.01679	0.01222	0.00720	0.00586	0.00182	0.00577	0.00558	0.00634	0.00987
6	0.00762	0.00540	0.00713	0.00835	0.00878	0.00513	0.00576	0.00873	0.01130	0.01502	0.03099	0.62697	0.03669	0.09908	0.00998	0.00279	0.00390	0.09636	0.00529	0.00475
7	0.08859	0.01200	0.01765	0.33783	0.02771	0.01314	0.09536	0.09370	0.07513	0.07789	0.01298	0.01556	0.00957	0.00602	0.00568	0.00182	0.00683	0.00527	0.00385	0.09342
8	0.31541	0.07907	0.25610	0.01188	0.01745	0.03124	0.01247	0.06353	0.03586	0.10955	0.01166	0.01246	0.00843	0.00590	0.00482	0.00180	0.00638	0.00415	0.00382	0.00801

[dist]
# distance from previous block
# <min> <max>
0	1

[block]
# block no. 3 follows, 39 sequences, length 48
# corresponding to MSA columns:
# 186-233
name=unknown_D
#
# <colnr> <probs for GDERKNQSTAVLIFYWHMCP>
#	G	D	E	R	K	N	Q	S	T	A	V	L	I	F	Y	W	H	M	C	P
0	0.01216	0.00661	0.00672	0.00631	0.00802	0.00678	0.00484	0.08518	0.01393	0.02355	0.01879	0.02127	0.01465	0.00691	0.00431	0.00142	0.00313	0.00549	0.74397	0.00596
1	0.01579	0.01604	0.05533	0.06245	0.02694	0.01547	0.43467	0.19184	0.06238	0.02350	0.01309	0.01570	0.00968	0.00575	0.00650	0.00191	0.00854	0.00630	0.00385	0.02426
2	0.01517	0.11060	0.45633	0.01517	0.02214	0.06254	0.01729	0.16320	0.04508	0.02190	0.01152	0.01277	0.00845	0.00598	0.00548	0.00177	0.00798	0.00449	0.00336	0.00879
3	0.02492	0.00958	0.01313	0.01024	0.01437	0.00834	0.00834	0.02673	0.01601	0.68527	0.02204	0.01992	0.01421	0.00863	0.00765	0.08355	0.00504	0.00587	0.00685	0.00932
4	0.01027	0.00514	0.00770	0.00770	0.00770	0.00514	0.00514	0.00770	0.00770	0.01027	0.01027	0.01798	0.01027	0.02054	0.02311	0.82794	0.00514	0.00514	0.00257	0.00257
5	0.00906	0.00888	0.08260	0.00879	0.01096	0.00695	0.00753	0.02393	0.04515	0.02080	0.40402	0.10546	0.12217	0.05096	0.00807	0.00219	0.00395	0.06699	0.00565	0.00588
6	0.00721	0.00515	0.00686	0.00823	0.00858	0.00480	0.00549	0.00823	0.01132	0.01510	0.03259	0.78831	0.03911	0.01853	0.00755	0.00240	0.00343	0.01681	0.00549	0.00480
7	0.01935	0.01712	0.09024	0.01423	0.04763	0.04428	0.01191	0.46848	0.12726	0.03123	0.01523	0.01548	0.01111	0.00696	0.00578	0.00179	0.00643	0.00538	0.05068	0.00943
8	0.75366	0.01194	0.00959	0.00835	0.01212	0.01377	0.00688	0.08843	0.01182	0.02760	0.00882	0.01006	0.00677	0.00565	0.00388	0.00182	0.00477	0.00341	0.00388	0.00677
9	0.01516	0.01317	0.02116	0.10686	0.46018	0.01386	0.03771	0.02013	0.10227	0.08172	0.01348	0.01606	0.01060	0.00615	0.00676	0.00187	0.05476	0.00554	0.00362	0.00891
10	0.01403	0.01563	0.03277	0.02365	0.02937	0.01493	0.66213	0.02018	0.08624	0.01952	0.01316	0.01656	0.00987	0.00529	0.00688	0.00200	0.00945	0.00695	0.00329	0.00811
11	0.01365	0.01309	0.02421	0.09210	0.02473	0.01312	0.38832	0.11612	0.01508	0.02071	0.01558	0.12724	0.01381	0.00757	0.00684	0.00198	0.02331	0.00785	0.06723	0.00745
12	0.08997	0.00662	0.00789	0.00752	0.00920	0.00635	0.00577	0.01158	0.01559	0.02291	0.57120	0.04324	0.11766	0.01195	0.00671	0.00192	0.00313	0.04912	0.00607	0.00560
13	0.02351	0.01088	0.01370	0.01068	0.01477	0.01032	0.00864	0.17209	0.01834	0.51973	0.03764	0.02129	0.01531	0.08503	0.00835	0.00221	0.00535	0.00619	0.00664	0.00932
14	0.01440	0.01370	0.02284	0.03357	0.68195	0.01344	0.01705	0.01783	0.01335	0.01932	0.01106	0.01440	0.00931	0.00518	0.00571	0.00167	0.00676	0.00509	0.00298	0.09038
15	0.01055	0.02061	0.45835	0.01268	0.01791	0.01052	0.01452	0.01466	0.01093	0.01581	0.01383	0.02301	0.01312	0.32144	0.01545	0.00342	0.00753	0.00607	0.00293	0.00667
16	0.02057	0.02512	0.01673	0.09045	0.02022	0.62791	0.01182	0.05181	0.01644	0.01561	0.00964	0.01159	0.00789	0.00625	0.00578	0.00160	0.03125	0.00408	0.01833	0.00692
17	0.01399	0.02107	0.29228	0.02036	0.02685	0.01504	0.36459	0.08948	0.01451	0.02040	0.01145	0.01436	0.00848	0.00574	0.00713	0.00196	0.05510	0.00577	0.00308	0.00837
18	0.01309	0.01933	0.22822	0.02179	0.02826	0.01411	0.50262	0.01845	0.01372	0.01915	0.05255	0.01658	0.01117	0.00555	0.00661	0.00195	0.00924	0.00649	0.00305	0.00805
19	0.01670	0.00895	0.01082	0.00916	0.01197	0.04908	0.00720	0.01921	0.01682	0.32988	0.40722	0.03230	0.03598	0.00977	0.00646	0.00183	0.00416	0.00833	0.00666	0.00752
20	0.02006	0.01190	0.05763	0.21048	0.13054	0.01089	0.01278	0.02320	0.01487	0.42017	0.01757	0.01779	0.01175	0.00657	0.00591	0.00186	0.00626	0.00558	0.00521	0.00900
21	0.01755	0.02018	0.04136	0.02731	0.43930	0.31694	0.01555	0.02036	0.01476	0.01736	0.01031	0.01298	0.00861	0.00561	0.00564	0.00167	0.00853	0.00466	0.00296	0.00834
22	0.01564	0.32464	0.16325	0.01188	0.01691	0.03124	0.01186	0.04946	0.13306	0.09165	0.03396	0.01523	0.01187	0.00872	0.05464	0.00214	0.00700	0.00476	0.00386	0.00822
23	0.00837	0.00604	0.00790	0.00744	0.00883	0.00558	0.00558	0.01116	0.01674	0.02371	0.75216	0.04417	0.05580	0.01209	0.00697	0.00186	0.00279	0.01069	0.00651	0.00558
24	0.01485	0.01339	0.01349	0.04380	0.01633	0.07562	0.00977	0.05628	0.54817	0.02320	0.02350	0.02501	0.03933	0.00858	0.00615	0.00201	0.00539	0.06092	0.00557	0.00864
25	0.00741	0.00549	0.00692	0.00767	0.00853	0.00500	0.00533	0.00889	0.01284	0.01705	0.18740	0.50213	0.17057	0.01655	0.00733	0.00222	0.00322	0.01476	0.00570	0.00500
26	0.01275	0.01271	0.01732	0.01498	0.01515	0.03473	0.01241	0.01413	0.00928	0.01419	0.00851	0.01380	0.00838	0.01327	0.08560	0.00318	0.69534	0.00525	0.00265	0.00637
27	0.01118	0.01138	0.02293	0.01787	0.02147	0.01069	0.41880	0.01456	0.01296	0.01744	0.02081	0.30553	0.02170	0.01071	0.00726	0.00219	0.00726	0.05455	0.00407	0.00664
28	0.18178	0.01011	0.01236	0.00975	0.01400	0.00942	0.00803	0.02590	0.01539	0.58284	0.02022	0.01819	0.01307	0.00695	0.00542	0.00181	0.00484	0.00540	0.04538	0.00914
29	0.00721	0.00515	0.00686	0.00823	0.00858	0.00480	0.00549	0.00823	0.01132	0.01510	0.03259	0.78831	0.03911	0.01853	0.00755	0.00240	0.00343	0.01681	0.00549	0.00480
30	0.00770	0.00537	0.00679	0.00773	0.00798	0.00514	0.00497	0.00844	0.01051	0.01400	0.02813	0.53421	0.03341	0.26427	0.01473	0.00347	0.00421	0.02964	0.00488	0.00443
31	0.01117	0.01051	0.01774	0.77795	0.04073	0.01314	0.01642	0.01511	0.01182	0.01511	0.01051	0.01577	0.00788	0.00591	0.00591	0.00197	0.00788	0.00526	0.00263	0.00657
32	0.00724	0.00517	0.00689	0.00821	0.00859	0.00483	0.00549	0.00832	0.01148	0.01535	0.05379	0.76639	0.03960	0.01834	0.00753	0.00239	0.00341	0.01663	0.00552	0.00483
33	0.01281	0.01064	0.01237	0.00902	0.01413	0.00834	0.00720	0.01633	0.05924	0.03977	0.01173	0.01310	0.00951	0.00469	0.00453	0.00097	0.00442	0.00377	0.00377	0.75365
34	0.01350	0.01504	0.03195	0.09407	0.03079	0.01434	0.62719	0.01823	0.01365	0.01852	0.01219	0.03121	0.00947	0.00532	0.00680	0.00196	0.00945	0.00689	0.00302	0.03641
35	0.00885	0.00676	0.00958	0.00937	0.01012	0.00793	0.00706	0.01046	0.00928	0.01330	0.01575	0.02557	0.01559	0.19569	0.55468	0.00816	0.07690	0.00671	0.00321	0.00503
36	0.14236	0.01504	0.02485	0.01847	0.02344	0.01551	0.38318	0.17776	0.07611	0.02451	0.01276	0.01500	0.00953	0.00592	0.00649	0.00194	0.02894	0.00596	0.00398	0.00827
37	0.01471	0.01270	0.01337	0.01203	0.01538	0.01471	0.00936	0.03142	0.74459	0.02474	0.02407	0.02206	0.01805	0.00802	0.00602	0.00201	0.00468	0.00669	0.00602	0.00936
38	0.01581	0.79572	0.03099	0.01012	0.01518	0.02340	0.01012	0.01771	0.01202	0.01391	0.00822	0.00949	0.00759	0.00506	0.00379	0.00126	0.00632	0.00316	0.00253	0.00759
39	0.00756	0.00552	0.00707	0.00794	0.00870	0.00511	0.00557	0.00900	0.01250	0.01662	0.15080	0.50913	0.12803	0.04350	0.00820	0.00240	0.00348	0.05833	0.00559	0.00495
40	0.00721	0.00515	0.00686	0.00823	0.00858	0.00480	0.00549	0.00823	0.01132	0.01510	0.03259	0.78831	0.03911	0.01853	0.00755	0.00240	0.00343	0.01681	0.00549	0.00480
41	0.00756	0.00550	0.00715	0.00800	0.00876	0.00509	0.00562	0.00911	0.01283	0.01724	0.19723	0.52735	0.09992	0.01668	0.00740	0.00226	0.00335	0.04821	0.00572	0.00502
42	0.01471	0.01270	0.01337	0.01203	0.01538	0.01471	0.00936	0.03142	0.74459	0.02474	0.02407	0.02206	0.01805	0.00802	0.00602	0.00201	0.00468	0.00669	0.00602	0.00936
43	0.00860	0.00573	0.00645	0.00645	0.00645	0.00573	0.00358	0.00860	0.00860	0.01147	0.01863	0.03870	0.02150	0.79217	0.03010	0.00573	0.00573	0.00860	0.00358	0.00358
44	0.02212	0.02744	0.01682	0.01513	0.01829	0.72041	0.01141	0.06919	0.01747	0.01593	0.00946	0.01089	0.00777	0.00616	0.00537	0.00154	0.01040	0.00391	0.00323	0.00706
45	0.01450	0.33848	0.08800	0.01760	0.02303	0.01855	0.33459	0.01812	0.01273	0.01655	0.01005	0.01283	0.00821	0.00541	0.00636	0.00172	0.05769	0.00509	0.00274	0.00778
46	0.01241	0.01065	0.01233	0.00896	0.01410	0.00831	0.00715	0.01592	0.05767	0.01961	0.01135	0.01287	0.00934	0.00461	0.00448	0.00095	0.00440	0.00370	0.00366	0.77755
47	0.01266	0.05978	0.01599	0.01152	0.01584	0.01096	0.09606	0.01805	0.15073	0.01973	0.04962	0.06600	0.01463	0.00662	0.00571	0.00144	0.02625	0.00575	0.00410	0.40855

[dist]
# distance from previous block
# <min> <max>
0	53

# created by:
# /software/SequenceAnalysis/GenePrediction/augustus/3.0.1/scripts/msa2prfl.pl ./fixed/BUSCOvEOG71C8B5.fas
