[name]
unknown

[dist]
# distance from previous block
# <min> <max>
0	107

[block]
# block no. 0 follows, 40 sequences, length 12
# corresponding to MSA columns:
# 107-118
name=unknown_A
#
# <colnr> <probs for GDERKNQSTAVLIFYWHMCP>
#	G	D	E	R	K	N	Q	S	T	A	V	L	I	F	Y	W	H	M	C	P
0	0.00759	0.00542	0.00732	0.00867	0.00923	0.00516	0.00627	0.00897	0.01163	0.01541	0.03177	0.63225	0.03736	0.01775	0.00756	0.00243	0.00381	0.17116	0.00539	0.00486
1	0.05509	0.70107	0.02801	0.00974	0.01466	0.02137	0.00954	0.01719	0.01174	0.01468	0.00826	0.00954	0.00749	0.00494	0.00377	0.00124	0.00599	0.00314	0.00261	0.06992
2	0.01472	0.15155	0.04864	0.35431	0.02821	0.04456	0.09007	0.01901	0.06282	0.11263	0.01258	0.01509	0.00933	0.00589	0.00554	0.00178	0.00726	0.00508	0.00344	0.00751
3	0.01390	0.00728	0.00781	0.00696	0.00907	0.00736	0.00543	0.10803	0.01460	0.10214	0.01875	0.02049	0.01421	0.00685	0.00448	0.00145	0.00342	0.00544	0.63584	0.00647
4	0.01186	0.00727	0.00897	0.00815	0.00988	0.00708	0.00599	0.01540	0.09923	0.13685	0.34581	0.03636	0.03489	0.21408	0.01252	0.00285	0.00412	0.02689	0.00570	0.00610
5	0.07679	0.10015	0.01440	0.01004	0.01390	0.04062	0.00829	0.05169	0.01551	0.45594	0.05943	0.09449	0.01713	0.00810	0.00564	0.00178	0.00507	0.00655	0.00598	0.00850
6	0.00846	0.00564	0.00634	0.00634	0.00634	0.00564	0.00352	0.00846	0.00846	0.01128	0.01832	0.03805	0.02114	0.79563	0.02960	0.00564	0.00564	0.00846	0.00352	0.00352
7	0.00697	0.00574	0.00613	0.00636	0.00800	0.00490	0.00465	0.00842	0.01301	0.01589	0.08552	0.19106	0.59274	0.01524	0.00697	0.00203	0.00302	0.01298	0.00545	0.00490
8	0.26776	0.09715	0.05886	0.05065	0.12492	0.01479	0.11015	0.12086	0.01424	0.05159	0.03103	0.01339	0.00946	0.00575	0.00506	0.00175	0.00636	0.00470	0.00371	0.00781
9	0.01326	0.01962	0.27444	0.16791	0.04502	0.04256	0.27181	0.01825	0.01293	0.04540	0.01125	0.01437	0.00827	0.00553	0.00634	0.00190	0.02497	0.00544	0.00286	0.00786
10	0.02406	0.00947	0.01269	0.00987	0.01410	0.00816	0.00811	0.02622	0.01629	0.68421	0.02675	0.02362	0.09304	0.00799	0.00596	0.00182	0.00474	0.00653	0.00701	0.00937
11	0.00984	0.00865	0.01369	0.46297	0.02734	0.01021	0.01202	0.01293	0.01251	0.01668	0.17749	0.14103	0.02283	0.00923	0.00680	0.00200	0.03585	0.00809	0.00385	0.00598

[dist]
# distance from previous block
# <min> <max>
9	41

[block]
# block no. 1 follows, 40 sequences, length 12
# corresponding to MSA columns:
# 164-175
name=unknown_B
#
# <colnr> <probs for GDERKNQSTAVLIFYWHMCP>
#	G	D	E	R	K	N	Q	S	T	A	V	L	I	F	Y	W	H	M	C	P
0	0.00883	0.00597	0.00869	0.00869	0.00960	0.00675	0.00661	0.01027	0.00936	0.01379	0.01507	0.02194	0.01390	0.03641	0.58234	0.13410	0.01270	0.00597	0.08421	0.00481
1	0.05497	0.06522	0.26425	0.01381	0.01930	0.04196	0.01401	0.25854	0.05835	0.08670	0.01292	0.01365	0.00934	0.00654	0.00630	0.00181	0.05453	0.00477	0.00424	0.00879
2	0.01439	0.05253	0.01653	0.18363	0.17644	0.14754	0.01206	0.03649	0.01332	0.06546	0.01554	0.13479	0.02621	0.05182	0.00751	0.00205	0.02616	0.00689	0.00364	0.00701
3	0.00740	0.00528	0.00674	0.00763	0.00811	0.00495	0.00507	0.00846	0.01138	0.01520	0.10467	0.56010	0.07739	0.13619	0.01072	0.00279	0.00363	0.01445	0.00521	0.00463
4	0.01323	0.01421	0.02890	0.19210	0.14981	0.01417	0.46420	0.01768	0.01319	0.01786	0.01132	0.01544	0.00865	0.00515	0.00646	0.00192	0.00889	0.00622	0.00285	0.00776
5	0.01878	0.01287	0.01432	0.05602	0.01691	0.03484	0.00971	0.24453	0.24622	0.18928	0.02210	0.02091	0.07134	0.00782	0.00592	0.00185	0.00545	0.00629	0.00585	0.00900
6	0.00993	0.00626	0.00783	0.05189	0.01056	0.00587	0.00592	0.01193	0.01338	0.09166	0.17414	0.24248	0.19574	0.01265	0.00643	0.00194	0.00346	0.01100	0.13131	0.00563
7	0.01460	0.01443	0.02208	0.16276	0.53128	0.07312	0.03757	0.04116	0.01368	0.01847	0.01080	0.01430	0.00883	0.00541	0.00576	0.00175	0.00740	0.00512	0.00293	0.00852
8	0.01467	0.01211	0.01456	0.01063	0.01570	0.01069	0.04558	0.19709	0.01598	0.02338	0.01132	0.01272	0.00894	0.00501	0.00482	0.00114	0.00512	0.00407	0.00402	0.58245
9	0.01388	0.40350	0.29476	0.01455	0.02096	0.01833	0.12539	0.01796	0.01227	0.01614	0.00949	0.01136	0.00764	0.00516	0.00485	0.00157	0.00762	0.00411	0.00255	0.00793
10	0.01942	0.00956	0.01202	0.00966	0.01321	0.00892	0.00781	0.13107	0.01790	0.40592	0.19635	0.02798	0.09625	0.00900	0.00618	0.00181	0.00446	0.00748	0.00662	0.00837
11	0.01715	0.01735	0.07669	0.10581	0.40605	0.01572	0.21005	0.02008	0.01531	0.02164	0.01465	0.01958	0.01223	0.00763	0.00756	0.00248	0.00899	0.00671	0.00409	0.01024

[dist]
# distance from previous block
# <min> <max>
16	195

# created by:
# /software/SequenceAnalysis/GenePrediction/augustus/3.0.1/scripts/msa2prfl.pl ./fixed/BUSCOvEOG70K9D3.fas
