[name]
unknown

[dist]
# distance from previous block
# <min> <max>
0	264

[block]
# block no. 0 follows, 41 sequences, length 49
# corresponding to MSA columns:
# 286-334
name=unknown_A
#
# <colnr> <probs for GDERKNQSTAVLIFYWHMCP>
#	G	D	E	R	K	N	Q	S	T	A	V	L	I	F	Y	W	H	M	C	P
0	0.01186	0.01017	0.01186	0.00847	0.01356	0.00762	0.00678	0.01440	0.01186	0.01864	0.01017	0.01186	0.00847	0.00424	0.00424	0.00085	0.00424	0.00339	0.00339	0.83395
1	0.01080	0.01017	0.01716	0.78523	0.03940	0.01271	0.01589	0.01461	0.01144	0.01461	0.01017	0.01525	0.00762	0.00572	0.00572	0.00191	0.00762	0.00508	0.00254	0.00635
2	0.01417	0.01217	0.01281	0.01149	0.01471	0.01401	0.00895	0.04724	0.71132	0.02395	0.02416	0.02224	0.04117	0.00795	0.00585	0.00193	0.00452	0.00661	0.00580	0.00893
3	0.01407	0.01350	0.02305	0.05538	0.74373	0.01357	0.01751	0.01747	0.01298	0.01858	0.01074	0.01419	0.00902	0.00511	0.00566	0.00170	0.00682	0.00510	0.00282	0.00899
4	0.01529	0.80242	0.02997	0.00979	0.01468	0.02263	0.00979	0.01713	0.01162	0.01346	0.00795	0.00918	0.00734	0.00489	0.00367	0.00122	0.00612	0.00306	0.00245	0.00734
5	0.01529	0.80242	0.02997	0.00979	0.01468	0.02263	0.00979	0.01713	0.01162	0.01346	0.00795	0.00918	0.00734	0.00489	0.00367	0.00122	0.00612	0.00306	0.00245	0.00734
6	0.00696	0.00502	0.00659	0.00784	0.00826	0.00466	0.00526	0.00798	0.01107	0.01465	0.03299	0.75423	0.07790	0.01773	0.00727	0.00230	0.00330	0.01603	0.00531	0.00466
7	0.01080	0.01017	0.01716	0.78523	0.03940	0.01271	0.01589	0.01461	0.01144	0.01461	0.01017	0.01525	0.00762	0.00572	0.00572	0.00191	0.00762	0.00508	0.00254	0.00635
8	0.02566	0.00973	0.01327	0.01018	0.01460	0.00841	0.00841	0.02788	0.01637	0.76726	0.02257	0.01947	0.01416	0.00708	0.00575	0.00177	0.00487	0.00575	0.00708	0.00973
9	0.00817	0.00613	0.00919	0.00919	0.01021	0.00715	0.00715	0.01021	0.00919	0.01328	0.01532	0.02247	0.01430	0.04290	0.77631	0.00919	0.01532	0.00613	0.00306	0.00511
10	0.00825	0.00548	0.00625	0.00639	0.00645	0.00545	0.00366	0.00841	0.00867	0.01170	0.01937	0.11185	0.02232	0.70147	0.02631	0.00512	0.00525	0.00903	0.02493	0.00363
11	0.00686	0.00580	0.00594	0.00590	0.00779	0.00487	0.00443	0.00841	0.01328	0.01602	0.11130	0.05411	0.70727	0.01427	0.00676	0.00192	0.00288	0.01194	0.00539	0.00487
12	0.00697	0.00498	0.00664	0.00796	0.00830	0.00465	0.00531	0.00796	0.01095	0.01460	0.03153	0.79525	0.03783	0.01792	0.00730	0.00232	0.00332	0.01626	0.00531	0.00465
13	0.00828	0.00570	0.00735	0.00813	0.00894	0.00542	0.00563	0.01035	0.05287	0.04835	0.10281	0.62389	0.05817	0.01618	0.00708	0.00222	0.00338	0.01457	0.00551	0.00519
14	0.01350	0.01543	0.03375	0.02411	0.02989	0.01446	0.74253	0.01832	0.01350	0.01832	0.01157	0.01543	0.00868	0.00482	0.00675	0.00193	0.00964	0.00675	0.00289	0.00771
15	0.02137	0.02726	0.01621	0.01474	0.01768	0.77602	0.01105	0.02284	0.01621	0.01400	0.00884	0.01031	0.00737	0.00589	0.00516	0.00147	0.01031	0.00368	0.00295	0.00663
16	0.01186	0.01017	0.01186	0.00847	0.01356	0.00762	0.00678	0.01440	0.01186	0.01864	0.01017	0.01186	0.00847	0.00424	0.00424	0.00085	0.00424	0.00339	0.00339	0.83395
17	0.01326	0.01505	0.03276	0.02352	0.02910	0.01411	0.71557	0.01794	0.01341	0.01819	0.01230	0.04394	0.00974	0.00530	0.00677	0.00194	0.00941	0.00710	0.00298	0.00760
18	0.00830	0.00562	0.00661	0.00661	0.00674	0.00575	0.00393	0.00856	0.00843	0.01137	0.01768	0.03553	0.01997	0.70308	0.12389	0.00601	0.00679	0.00804	0.00341	0.00367
19	0.02082	0.02193	0.01623	0.01389	0.01744	0.43979	0.01080	0.27455	0.08994	0.02261	0.01192	0.01255	0.00915	0.00641	0.00542	0.00160	0.00837	0.00446	0.00419	0.00794
20	0.01918	0.02162	0.01492	0.01323	0.01622	0.50770	0.01015	0.15221	0.01794	0.01906	0.08649	0.01758	0.04185	0.00729	0.00557	0.00160	0.00839	0.02811	0.00395	0.00696
21	0.01517	0.01271	0.01348	0.01169	0.01521	0.01438	0.00919	0.13078	0.61148	0.02537	0.02124	0.01977	0.01590	0.00745	0.00572	0.00185	0.00476	0.00612	0.00568	0.05204
22	0.02195	0.01569	0.01696	0.01301	0.01758	0.01725	0.01074	0.70698	0.02635	0.07407	0.01419	0.01403	0.00996	0.00688	0.00572	0.00172	0.00622	0.00518	0.00579	0.00973
23	0.01536	0.01203	0.01297	0.01150	0.01485	0.01365	0.00899	0.03015	0.68023	0.09733	0.02321	0.02116	0.01713	0.00769	0.00581	0.00192	0.00456	0.00640	0.00594	0.00912
24	0.00819	0.00605	0.00877	0.00877	0.00965	0.00692	0.00663	0.00995	0.00907	0.01297	0.01570	0.02459	0.01522	0.15010	0.67037	0.00868	0.01393	0.00644	0.00312	0.00487
25	0.00810	0.00585	0.00765	0.00720	0.00855	0.00540	0.00540	0.01079	0.01619	0.02294	0.76028	0.04273	0.05397	0.01169	0.00675	0.00180	0.00270	0.01034	0.00630	0.00540
26	0.00689	0.00580	0.00598	0.00593	0.00781	0.00488	0.00445	0.00846	0.01335	0.01619	0.12730	0.05383	0.69116	0.01421	0.00676	0.00192	0.00288	0.01190	0.00541	0.00488
27	0.00830	0.00621	0.00902	0.00896	0.00982	0.00720	0.00681	0.01006	0.00907	0.01301	0.01547	0.02414	0.01496	0.13862	0.66237	0.00856	0.03301	0.00638	0.00310	0.00493
28	0.02566	0.00973	0.01327	0.01018	0.01460	0.00841	0.00841	0.02788	0.01637	0.76726	0.02257	0.01947	0.01416	0.00708	0.00575	0.00177	0.00487	0.00575	0.00708	0.00973
29	0.01251	0.01251	0.01752	0.01502	0.01502	0.01752	0.01251	0.01377	0.00876	0.01377	0.00751	0.01251	0.00751	0.01001	0.01877	0.00250	0.78851	0.00501	0.00250	0.00626
30	0.00697	0.00498	0.00664	0.00796	0.00830	0.00465	0.00531	0.00796	0.01095	0.01460	0.03153	0.79525	0.03783	0.01792	0.00730	0.00232	0.00332	0.01626	0.00531	0.00465
31	0.00697	0.00498	0.00664	0.00796	0.00830	0.00465	0.00531	0.00796	0.01095	0.01460	0.03153	0.79525	0.03783	0.01792	0.00730	0.00232	0.00332	0.01626	0.00531	0.00465
32	0.01080	0.01017	0.01716	0.78523	0.03940	0.01271	0.01589	0.01461	0.01144	0.01461	0.01017	0.01525	0.00762	0.00572	0.00572	0.00191	0.00762	0.00508	0.00254	0.00635
33	0.01431	0.01549	0.03211	0.02303	0.02869	0.01479	0.67027	0.09001	0.01482	0.02007	0.01179	0.01526	0.00878	0.00502	0.00665	0.00191	0.00931	0.00659	0.00317	0.00791
34	0.00938	0.00684	0.00725	0.00682	0.00913	0.00613	0.00522	0.01239	0.08801	0.09055	0.05095	0.04813	0.61222	0.01308	0.00657	0.00192	0.00326	0.01088	0.00554	0.00574
35	0.02518	0.01051	0.01375	0.01054	0.01499	0.00955	0.00871	0.11572	0.01766	0.67759	0.02148	0.01877	0.01362	0.00705	0.00575	0.00176	0.00504	0.00568	0.00691	0.00973
36	0.01854	0.01187	0.01339	0.01120	0.01491	0.01277	0.00895	0.14534	0.39425	0.23614	0.02132	0.01957	0.01514	0.00737	0.00571	0.00183	0.00483	0.00600	0.04167	0.00920
37	0.00697	0.00498	0.00664	0.00796	0.00830	0.00465	0.00531	0.00796	0.01095	0.01460	0.03153	0.79525	0.03783	0.01792	0.00730	0.00232	0.00332	0.01626	0.00531	0.00465
38	0.01265	0.00872	0.01041	0.00901	0.01150	0.00878	0.00703	0.11122	0.13612	0.09540	0.45014	0.03230	0.03708	0.00975	0.00629	0.00178	0.00372	0.00838	0.00613	0.03359
39	0.01206	0.14873	0.65536	0.01530	0.02320	0.01473	0.01938	0.01796	0.01201	0.01740	0.00991	0.01163	0.00726	0.00535	0.00516	0.00172	0.00809	0.00405	0.00242	0.00828
40	0.02489	0.01011	0.01340	0.01037	0.01473	0.00907	0.00853	0.05421	0.05757	0.69934	0.02228	0.01936	0.01418	0.00711	0.00575	0.00178	0.00490	0.00577	0.00696	0.00970
41	0.01529	0.80242	0.02997	0.00979	0.01468	0.02263	0.00979	0.01713	0.01162	0.01346	0.00795	0.00918	0.00734	0.00489	0.00367	0.00122	0.00612	0.00306	0.00245	0.00734
42	0.01300	0.01333	0.01745	0.01500	0.01516	0.05955	0.01243	0.01427	0.00917	0.01378	0.00758	0.01239	0.00750	0.00978	0.01802	0.00245	0.74539	0.00493	0.00253	0.00628
43	0.01251	0.01251	0.01752	0.01502	0.01502	0.01752	0.01251	0.01377	0.00876	0.01377	0.00751	0.01251	0.00751	0.01001	0.01877	0.00250	0.78851	0.00501	0.00250	0.00626
44	0.00830	0.00560	0.00653	0.00653	0.00663	0.00570	0.00383	0.00851	0.00840	0.01131	0.01776	0.03595	0.02015	0.72432	0.10290	0.00591	0.00651	0.00810	0.00343	0.00363
45	0.00697	0.00498	0.00664	0.00796	0.00830	0.00465	0.00531	0.00796	0.01095	0.01460	0.03153	0.79525	0.03783	0.01792	0.00730	0.00232	0.00332	0.01626	0.00531	0.00465
46	0.04521	0.00644	0.00786	0.00735	0.00919	0.00592	0.00567	0.01207	0.01510	0.08738	0.47357	0.04299	0.19900	0.01182	0.00658	0.00187	0.00314	0.04714	0.00598	0.00569
47	0.01251	0.01251	0.01752	0.01502	0.01502	0.01752	0.01251	0.01377	0.00876	0.01377	0.00751	0.01251	0.00751	0.01001	0.01877	0.00250	0.78851	0.00501	0.00250	0.00626
48	0.00994	0.00497	0.00745	0.00745	0.00745	0.00497	0.00497	0.00745	0.00745	0.00994	0.00994	0.01739	0.00994	0.01987	0.02235	0.83358	0.00497	0.00497	0.00248	0.00248

[dist]
# distance from previous block
# <min> <max>
0	12

[block]
# block no. 1 follows, 41 sequences, length 82
# corresponding to MSA columns:
# 348-429
name=unknown_B
#
# <colnr> <probs for GDERKNQSTAVLIFYWHMCP>
#	G	D	E	R	K	N	Q	S	T	A	V	L	I	F	Y	W	H	M	C	P
0	0.00858	0.00580	0.00663	0.00680	0.00689	0.00569	0.00394	0.00861	0.00898	0.01202	0.02031	0.14516	0.02353	0.68318	0.02605	0.00514	0.00537	0.00956	0.00387	0.00388
1	0.01418	0.01327	0.02125	0.12159	0.56589	0.01379	0.01627	0.01930	0.11787	0.01933	0.01289	0.01589	0.01049	0.00584	0.00587	0.00184	0.00671	0.00543	0.00337	0.00894
2	0.01356	0.01503	0.03188	0.02301	0.02852	0.01398	0.67815	0.01798	0.01358	0.01855	0.01288	0.05228	0.01044	0.00571	0.00687	0.00199	0.00928	0.00721	0.00317	0.03594
3	0.00767	0.00558	0.00719	0.00819	0.00884	0.00508	0.00554	0.00870	0.01157	0.01558	0.06574	0.70407	0.05803	0.01721	0.00731	0.00231	0.00347	0.01543	0.00541	0.03709
4	0.00849	0.00618	0.00788	0.00744	0.00885	0.00564	0.00555	0.01100	0.01628	0.02294	0.72275	0.04369	0.08706	0.01207	0.00692	0.00188	0.00287	0.01053	0.00638	0.00560
5	0.01296	0.18255	0.51214	0.01635	0.02370	0.01554	0.12110	0.01822	0.01245	0.01760	0.01042	0.01257	0.00789	0.00553	0.00545	0.00179	0.00828	0.00449	0.00264	0.00834
6	0.01124	0.01047	0.01741	0.78016	0.03952	0.01293	0.01601	0.01491	0.01171	0.01503	0.01060	0.01583	0.00804	0.00601	0.00590	0.00198	0.00775	0.00522	0.00269	0.00658
7	0.00751	0.00551	0.00697	0.00808	0.00873	0.00504	0.00555	0.00852	0.01163	0.01525	0.03550	0.65152	0.14021	0.01754	0.00742	0.00236	0.00351	0.04879	0.00544	0.00494
8	0.00779	0.00585	0.00830	0.00901	0.00968	0.00542	0.04070	0.00892	0.01156	0.01553	0.06028	0.72282	0.03730	0.01725	0.00742	0.00236	0.00375	0.01563	0.00537	0.00506
9	0.01347	0.01478	0.03030	0.02224	0.02695	0.01464	0.59906	0.01745	0.01297	0.01789	0.01237	0.05282	0.01032	0.00648	0.00865	0.00211	0.11974	0.00708	0.00310	0.00758
10	0.00858	0.00580	0.00663	0.00680	0.00689	0.00569	0.00394	0.00861	0.00898	0.01202	0.02031	0.14516	0.02353	0.68318	0.02605	0.00514	0.00537	0.00956	0.00387	0.00388
11	0.00728	0.00613	0.00621	0.00617	0.00811	0.00513	0.00459	0.00866	0.01343	0.01617	0.08699	0.05484	0.72705	0.01460	0.00694	0.00200	0.00305	0.01209	0.00549	0.00509
12	0.02175	0.01610	0.01722	0.01335	0.01788	0.01776	0.01095	0.70540	0.06172	0.03573	0.01460	0.01469	0.01050	0.00719	0.00591	0.00181	0.00635	0.00535	0.00586	0.00990
13	0.00968	0.00757	0.00891	0.00940	0.01067	0.00788	0.00666	0.01523	0.24044	0.01789	0.02927	0.55137	0.03175	0.01499	0.00702	0.00228	0.00385	0.01330	0.00560	0.00624
14	0.01124	0.01047	0.01741	0.78016	0.03952	0.01293	0.01601	0.01491	0.01171	0.01503	0.01060	0.01583	0.00804	0.00601	0.00590	0.00198	0.00775	0.00522	0.00269	0.00658
15	0.00743	0.00531	0.00697	0.00827	0.00864	0.00492	0.00551	0.00831	0.01123	0.01501	0.03181	0.79043	0.03804	0.01812	0.00747	0.00240	0.00348	0.01632	0.00544	0.00488
16	0.00874	0.00592	0.00677	0.00669	0.00692	0.00579	0.00395	0.00901	0.00973	0.01320	0.12351	0.03861	0.02582	0.68230	0.02597	0.00507	0.00529	0.00872	0.00401	0.00398
17	0.01271	0.01071	0.01238	0.00897	0.01404	0.00831	0.00714	0.04539	0.01276	0.01976	0.01075	0.01254	0.00894	0.00465	0.00449	0.00097	0.00447	0.00361	0.00363	0.79379
18	0.02372	0.00967	0.01259	0.00990	0.01390	0.00860	0.00806	0.05494	0.01641	0.62732	0.02201	0.02005	0.01442	0.00729	0.00569	0.00179	0.00476	0.00580	0.12378	0.00931
19	0.01441	0.12748	0.11360	0.02939	0.56411	0.01505	0.01700	0.01784	0.01297	0.01826	0.01073	0.01379	0.00901	0.00540	0.00554	0.00172	0.00703	0.00484	0.00288	0.00895
20	0.01328	0.01043	0.01302	0.11890	0.01761	0.00866	0.00839	0.01584	0.01244	0.08015	0.01162	0.01357	0.00923	0.00498	0.00476	0.00116	0.00492	0.00397	0.00372	0.64333
21	0.01306	0.26279	0.54145	0.01458	0.02195	0.01632	0.01780	0.01809	0.01221	0.01710	0.01000	0.01180	0.00769	0.00556	0.00509	0.00171	0.00787	0.00402	0.00258	0.00833
22	0.12914	0.02713	0.65665	0.01530	0.02305	0.01344	0.01911	0.01820	0.01201	0.01957	0.01037	0.01228	0.00752	0.00571	0.00535	0.00188	0.00801	0.00421	0.00273	0.00834
23	0.00819	0.00563	0.00674	0.00730	0.00749	0.00543	0.00448	0.00850	0.00975	0.01305	0.02426	0.36658	0.02851	0.45497	0.01967	0.00420	0.00472	0.01188	0.00441	0.00422
24	0.01229	0.01047	0.01216	0.00877	0.01386	0.00788	0.00697	0.01470	0.01213	0.01902	0.01060	0.01246	0.00888	0.00453	0.00443	0.00093	0.00439	0.00354	0.00354	0.82844
25	0.01229	0.01047	0.01216	0.00877	0.01386	0.00788	0.00697	0.01470	0.01213	0.01902	0.01060	0.01246	0.00888	0.00453	0.00443	0.00093	0.00439	0.00354	0.00354	0.82844
26	0.00909	0.00716	0.00829	0.00812	0.01020	0.00633	0.00627	0.04103	0.01337	0.01744	0.05110	0.19723	0.32900	0.01382	0.00685	0.00205	0.00390	0.14083	0.00520	0.12273
27	0.01954	0.01229	0.04868	0.01134	0.01537	0.01176	0.00943	0.10112	0.28688	0.33077	0.04382	0.02177	0.04434	0.00792	0.00601	0.00191	0.00507	0.00638	0.00629	0.00932
28	0.01457	0.01387	0.02343	0.03522	0.75842	0.01380	0.01767	0.01783	0.01329	0.01907	0.01119	0.01474	0.00947	0.00539	0.00585	0.00178	0.00693	0.00523	0.00298	0.00927
29	0.01161	0.00665	0.00675	0.00655	0.00818	0.00686	0.00492	0.01605	0.11719	0.02206	0.01969	0.02186	0.01543	0.00710	0.00445	0.00150	0.00309	0.00563	0.70835	0.00609
30	0.02089	0.01536	0.01650	0.01303	0.01737	0.01692	0.01060	0.58141	0.15921	0.06242	0.01623	0.01593	0.01171	0.00732	0.00592	0.00184	0.00605	0.00555	0.00592	0.00981
31	0.01038	0.00530	0.00778	0.00776	0.00780	0.00524	0.00517	0.00780	0.00775	0.01038	0.01037	0.01795	0.01034	0.02006	0.02242	0.82790	0.00511	0.00511	0.00264	0.00273
32	0.01038	0.00530	0.00778	0.00776	0.00780	0.00524	0.00517	0.00780	0.00775	0.01038	0.01037	0.01795	0.01034	0.02006	0.02242	0.82790	0.00511	0.00511	0.00264	0.00273
33	0.00723	0.00613	0.00613	0.00611	0.00807	0.00510	0.00455	0.00855	0.01330	0.01586	0.05805	0.05535	0.75618	0.01471	0.00694	0.00201	0.00306	0.01216	0.00545	0.00506
34	0.01229	0.01047	0.01216	0.00877	0.01386	0.00788	0.00697	0.01470	0.01213	0.01902	0.01060	0.01246	0.00888	0.00453	0.00443	0.00093	0.00439	0.00354	0.00354	0.82844
35	0.02104	0.01575	0.01682	0.01321	0.01761	0.01743	0.01077	0.63840	0.12987	0.03460	0.01549	0.01540	0.01123	0.00727	0.00592	0.00183	0.00618	0.00547	0.00587	0.00983
36	0.02600	0.01004	0.01356	0.01046	0.01490	0.00866	0.00858	0.02808	0.01661	0.76247	0.02291	0.02002	0.01453	0.00736	0.00593	0.00185	0.00502	0.00588	0.00720	0.00994
37	0.01876	0.01336	0.01461	0.01217	0.01604	0.01466	0.00970	0.25581	0.40610	0.14166	0.02050	0.01919	0.01486	0.00765	0.00596	0.00192	0.00529	0.00607	0.00611	0.00958
38	0.01457	0.01387	0.02343	0.03522	0.75842	0.01380	0.01767	0.01783	0.01329	0.01907	0.01119	0.01474	0.00947	0.00539	0.00585	0.00178	0.00693	0.00523	0.00298	0.00927
39	0.00836	0.00617	0.00771	0.00731	0.00877	0.00559	0.00545	0.01075	0.01598	0.02223	0.65608	0.04486	0.15418	0.01234	0.00692	0.00190	0.00289	0.01069	0.00628	0.00555
40	0.00743	0.00531	0.00697	0.00827	0.00864	0.00492	0.00551	0.00831	0.01123	0.01501	0.03181	0.79043	0.03804	0.01812	0.00747	0.00240	0.00348	0.01632	0.00544	0.00488
41	0.05626	0.01218	0.01466	0.01135	0.01581	0.01193	0.00932	0.26560	0.01985	0.49081	0.01941	0.01772	0.01275	0.00722	0.00584	0.00183	0.00547	0.00558	0.00661	0.00980
42	0.00743	0.00531	0.00697	0.00827	0.00864	0.00492	0.00551	0.00831	0.01123	0.01501	0.03181	0.79043	0.03804	0.01812	0.00747	0.00240	0.00348	0.01632	0.00544	0.00488
43	0.00763	0.00540	0.00691	0.00801	0.00834	0.00505	0.00524	0.00836	0.01084	0.01450	0.02982	0.67847	0.03552	0.13352	0.01070	0.00287	0.00381	0.01515	0.00517	0.00471
44	0.02175	0.02702	0.01651	0.01493	0.01796	0.74226	0.01120	0.05038	0.01685	0.01525	0.00947	0.01106	0.00788	0.00622	0.00537	0.00156	0.01027	0.00389	0.00320	0.00697
45	0.02005	0.01099	0.01311	0.01090	0.01474	0.01126	0.00872	0.02911	0.37789	0.40244	0.02292	0.02039	0.01578	0.00741	0.00579	0.00185	0.00470	0.00610	0.00646	0.00940
46	0.02540	0.01015	0.01353	0.01037	0.01481	0.00903	0.00857	0.07535	0.01707	0.71880	0.02198	0.01909	0.01387	0.00707	0.00575	0.00177	0.00496	0.00571	0.00699	0.00973
47	0.02137	0.02726	0.01621	0.01474	0.01768	0.77602	0.01105	0.02284	0.01621	0.01400	0.00884	0.01031	0.00737	0.00589	0.00516	0.00147	0.01031	0.00368	0.00295	0.00663
48	0.03851	0.03850	0.01679	0.01355	0.01743	0.31762	0.01077	0.40798	0.04094	0.02627	0.01179	0.01238	0.00887	0.00643	0.00541	0.00162	0.00779	0.00451	0.00450	0.00835
49	0.00709	0.00512	0.00672	0.00777	0.00830	0.00474	0.00527	0.00831	0.01168	0.01564	0.11992	0.66994	0.07428	0.01701	0.00721	0.00224	0.00322	0.01535	0.00543	0.00474
50	0.01418	0.00989	0.01143	0.00952	0.01230	0.01017	0.00756	0.28699	0.02001	0.07155	0.39059	0.03126	0.08094	0.00979	0.00630	0.00177	0.00419	0.00823	0.00606	0.00724
51	0.01703	0.02961	0.01771	0.01442	0.01660	0.13218	0.02491	0.26150	0.01613	0.02139	0.00989	0.01259	0.00825	0.00815	0.01184	0.00205	0.37971	0.00485	0.00366	0.00753
52	0.01333	0.00983	0.01176	0.00866	0.01340	0.00756	0.00690	0.01575	0.01238	0.11219	0.01286	0.05472	0.01076	0.00532	0.00459	0.00104	0.00427	0.00437	0.00395	0.68635
53	0.01457	0.01024	0.01232	0.00899	0.01385	0.00814	0.00726	0.03050	0.01290	0.15510	0.01244	0.01329	0.00951	0.00491	0.00481	0.00106	0.01912	0.00388	0.00409	0.65300
54	0.00693	0.00537	0.00632	0.00698	0.00806	0.00476	0.00489	0.00820	0.01211	0.01536	0.07706	0.43711	0.35416	0.01613	0.00704	0.00213	0.00311	0.01416	0.00536	0.00476
55	0.00746	0.00600	0.00676	0.00709	0.00884	0.00531	0.00566	0.00927	0.01320	0.01620	0.07966	0.05701	0.54170	0.01471	0.00706	0.00211	0.00351	0.19814	0.00534	0.00497
56	0.01393	0.01131	0.01288	0.00952	0.01431	0.00981	0.00765	0.18004	0.01524	0.02245	0.01176	0.04099	0.00983	0.00534	0.00469	0.00110	0.00467	0.00426	0.00399	0.61623
57	0.00822	0.00592	0.00816	0.00816	0.00883	0.00659	0.00586	0.00955	0.00889	0.01251	0.01626	0.02770	0.01657	0.30698	0.51534	0.00792	0.01191	0.00689	0.00320	0.00453
58	0.01405	0.01214	0.01277	0.01150	0.01471	0.01401	0.00894	0.02988	0.73581	0.02373	0.02408	0.02212	0.03470	0.00792	0.00584	0.00194	0.00449	0.00660	0.00581	0.00896
59	0.01475	0.69299	0.13467	0.01071	0.01611	0.02131	0.01139	0.01727	0.01169	0.01412	0.00828	0.00959	0.00733	0.00497	0.00392	0.00131	0.00645	0.00322	0.00244	0.00750
60	0.00832	0.00555	0.00624	0.00624	0.00624	0.00555	0.00347	0.00832	0.00832	0.01109	0.01802	0.03743	0.02080	0.79898	0.02911	0.00555	0.00555	0.00832	0.00347	0.00347
61	0.00817	0.00613	0.00919	0.00919	0.01021	0.00715	0.00715	0.01021	0.00919	0.01328	0.01532	0.02247	0.01430	0.04290	0.77631	0.00919	0.01532	0.00613	0.00306	0.00511
62	0.02142	0.02567	0.01634	0.01451	0.01769	0.66865	0.01103	0.12499	0.01772	0.01712	0.00953	0.01080	0.00770	0.00603	0.00524	0.00151	0.00975	0.00389	0.00334	0.00707
63	0.01731	0.01283	0.01396	0.01119	0.01479	0.01382	0.00905	0.51722	0.02296	0.03071	0.12558	0.06009	0.10716	0.00899	0.00607	0.00178	0.00524	0.00724	0.00573	0.00829
64	0.01575	0.01271	0.01355	0.01180	0.01527	0.01449	0.00928	0.13137	0.62042	0.05565	0.02190	0.02019	0.01623	0.00761	0.00580	0.00190	0.00479	0.00625	0.00586	0.00918
65	0.00697	0.00498	0.00664	0.00796	0.00830	0.00465	0.00531	0.00796	0.01095	0.01460	0.03153	0.79525	0.03783	0.01792	0.00730	0.00232	0.00332	0.01626	0.00531	0.00465
66	0.01429	0.60058	0.22307	0.01149	0.01731	0.02019	0.01275	0.01739	0.01174	0.01467	0.00856	0.00993	0.00732	0.00503	0.00413	0.00138	0.00673	0.00336	0.00244	0.00763
67	0.01265	0.01293	0.01982	0.01630	0.01712	0.01709	0.11588	0.01441	0.00943	0.01441	0.00808	0.01293	0.00767	0.00928	0.01707	0.00242	0.67822	0.00525	0.00256	0.00646
68	0.00711	0.00598	0.00652	0.03746	0.00912	0.00523	0.00496	0.00883	0.01342	0.01648	0.15547	0.05170	0.63046	0.01374	0.00672	0.00191	0.00306	0.01155	0.00534	0.00497
69	0.01529	0.80242	0.02997	0.00979	0.01468	0.02263	0.00979	0.01713	0.01162	0.01346	0.00795	0.00918	0.00734	0.00489	0.00367	0.00122	0.00612	0.00306	0.00245	0.00734
70	0.00717	0.00519	0.00645	0.00737	0.00787	0.00482	0.00486	0.00806	0.01081	0.01413	0.03301	0.56365	0.13738	0.14811	0.01087	0.00281	0.00363	0.01434	0.00500	0.00447
71	0.00913	0.00652	0.00912	0.01044	0.01172	0.00651	0.00907	0.01170	0.01308	0.01702	0.03033	0.09217	0.03310	0.01588	0.00788	0.00262	0.00519	0.69799	0.00527	0.00524
72	0.01147	0.02959	0.76934	0.01630	0.02476	0.01328	0.02113	0.01811	0.01208	0.01811	0.01026	0.01208	0.00725	0.00543	0.00543	0.00181	0.00845	0.00423	0.00242	0.00845
73	0.01225	0.12690	0.57017	0.01657	0.02419	0.01465	0.12182	0.01802	0.01222	0.01755	0.01015	0.01218	0.00746	0.00528	0.00539	0.00175	0.00832	0.00443	0.00249	0.00821
74	0.00817	0.00613	0.00919	0.00919	0.01021	0.00715	0.00715	0.01021	0.00919	0.01328	0.01532	0.02247	0.01430	0.04290	0.77631	0.00919	0.01532	0.00613	0.00306	0.00511
75	0.01209	0.01198	0.01785	0.21641	0.02177	0.01618	0.03248	0.01411	0.00958	0.01411	0.00831	0.01330	0.00757	0.00875	0.01505	0.00233	0.56420	0.00507	0.00252	0.00632
76	0.01583	0.01394	0.01378	0.01209	0.01549	0.07174	0.00946	0.13091	0.59501	0.02490	0.02085	0.01944	0.01561	0.00749	0.00576	0.00187	0.00521	0.00607	0.00559	0.00897
77	0.00994	0.00497	0.00745	0.00745	0.00745	0.00497	0.00497	0.00745	0.00745	0.00994	0.00994	0.01739	0.00994	0.01987	0.02235	0.83358	0.00497	0.00497	0.00248	0.00248
78	0.01350	0.01543	0.03375	0.02411	0.02989	0.01446	0.74253	0.01832	0.01350	0.01832	0.01157	0.01543	0.00868	0.00482	0.00675	0.00193	0.00964	0.00675	0.00289	0.00771
79	0.01703	0.01543	0.01305	0.01134	0.01414	0.22864	0.00874	0.28121	0.01857	0.02346	0.05129	0.12646	0.01611	0.02907	0.00621	0.00179	0.00633	0.00666	0.11731	0.00716
80	0.00907	0.00704	0.00926	0.00878	0.00909	0.00829	0.00628	0.00992	0.00866	0.01225	0.01522	0.02824	0.01634	0.42371	0.25039	0.00606	0.15671	0.00704	0.00316	0.00448
81	0.80859	0.01101	0.00859	0.00762	0.01120	0.01266	0.00628	0.01723	0.00999	0.05372	0.00852	0.00968	0.00650	0.00538	0.00362	0.00177	0.00444	0.00320	0.00367	0.00633

[dist]
# distance from previous block
# <min> <max>
0	5

[block]
# block no. 2 follows, 41 sequences, length 56
# corresponding to MSA columns:
# 435-490
name=unknown_C
#
# <colnr> <probs for GDERKNQSTAVLIFYWHMCP>
#	G	D	E	R	K	N	Q	S	T	A	V	L	I	F	Y	W	H	M	C	P
0	0.00887	0.00595	0.00664	0.00662	0.00667	0.00587	0.00372	0.00873	0.00867	0.01162	0.01848	0.03795	0.02119	0.79270	0.02914	0.00561	0.00572	0.00846	0.00364	0.00376
1	0.02173	0.01611	0.01722	0.01339	0.01790	0.01775	0.01096	0.69532	0.07100	0.03563	0.01481	0.01490	0.01068	0.00726	0.00595	0.00183	0.00635	0.00539	0.00589	0.00993
2	0.00887	0.00595	0.00664	0.00662	0.00667	0.00587	0.00372	0.00873	0.00867	0.01162	0.01848	0.03795	0.02119	0.79270	0.02914	0.00561	0.00572	0.00846	0.00364	0.00376
3	0.01119	0.00574	0.00574	0.00572	0.00709	0.00566	0.00425	0.01370	0.01232	0.02177	0.01911	0.02197	0.01511	0.00700	0.00423	0.00143	0.00286	0.00550	0.82400	0.00561
4	0.01401	0.01575	0.03392	0.02434	0.03013	0.01472	0.73660	0.01865	0.01381	0.01879	0.01209	0.01613	0.00917	0.00518	0.00696	0.00202	0.00978	0.00690	0.00307	0.00797
5	0.00890	0.00661	0.00919	0.00908	0.00988	0.00746	0.00673	0.01030	0.00933	0.01331	0.01614	0.02613	0.01598	0.21168	0.57626	0.00818	0.03970	0.00674	0.00332	0.00506
6	0.01238	0.01053	0.01222	0.00883	0.01393	0.00793	0.00701	0.01476	0.01219	0.01910	0.01069	0.01259	0.00897	0.00460	0.00447	0.00095	0.00442	0.00357	0.00357	0.82730
7	0.00887	0.00595	0.00664	0.00662	0.00667	0.00587	0.00372	0.00873	0.00867	0.01162	0.01848	0.03795	0.02119	0.79270	0.02914	0.00561	0.00572	0.00846	0.00364	0.00376
8	0.00813	0.00623	0.00732	0.00702	0.00864	0.00550	0.00523	0.01018	0.01526	0.02046	0.48189	0.04798	0.32855	0.01308	0.00696	0.00195	0.00297	0.01114	0.00607	0.00546
9	0.00738	0.00597	0.00643	0.00677	0.00830	0.00511	0.00486	0.00855	0.01278	0.01571	0.05082	0.25854	0.55674	0.01570	0.00712	0.00213	0.00321	0.01333	0.00547	0.00506
10	0.02218	0.01634	0.01748	0.01348	0.01807	0.01796	0.01107	0.73849	0.02709	0.03637	0.01423	0.01444	0.01021	0.00720	0.00594	0.00181	0.00646	0.00532	0.00588	0.00997
11	0.00993	0.00812	0.00852	0.00791	0.01025	0.00786	0.00603	0.07078	0.14194	0.01983	0.12394	0.04504	0.49232	0.01270	0.00673	0.00200	0.00362	0.01048	0.00570	0.00629
12	0.02137	0.00919	0.01220	0.00981	0.01345	0.00810	0.00788	0.02390	0.03529	0.55598	0.20799	0.02601	0.02468	0.00859	0.00622	0.00188	0.00449	0.00708	0.00700	0.00887
13	0.02166	0.00913	0.01221	0.00978	0.01345	0.00795	0.00787	0.02384	0.01661	0.57482	0.20797	0.02596	0.02459	0.00857	0.00622	0.00187	0.00450	0.00706	0.00703	0.00889
14	0.01466	0.01393	0.02348	0.03525	0.75740	0.01385	0.01769	0.01789	0.01334	0.01915	0.01128	0.01487	0.00955	0.00545	0.00588	0.00180	0.00696	0.00526	0.00301	0.00931
15	0.01466	0.01393	0.02348	0.03525	0.75740	0.01385	0.01769	0.01789	0.01334	0.01915	0.01128	0.01487	0.00955	0.00545	0.00588	0.00180	0.00696	0.00526	0.00301	0.00931
16	0.01266	0.00728	0.00846	0.00754	0.01013	0.00621	0.00583	0.01431	0.01463	0.22311	0.12827	0.04425	0.46980	0.01241	0.00669	0.00197	0.00361	0.01025	0.00607	0.00652
17	0.00732	0.00619	0.00620	0.00618	0.00815	0.00516	0.00459	0.00862	0.01335	0.01594	0.05807	0.05541	0.75519	0.01476	0.00697	0.00203	0.00309	0.01218	0.00547	0.00511
18	0.00734	0.00613	0.00627	0.00635	0.00819	0.00515	0.00467	0.00860	0.01319	0.01588	0.05599	0.11382	0.69813	0.01503	0.00702	0.00206	0.00313	0.01251	0.00547	0.00510
19	0.01401	0.01575	0.03392	0.02434	0.03013	0.01472	0.73660	0.01865	0.01381	0.01879	0.01209	0.01613	0.00917	0.00518	0.00696	0.00202	0.00978	0.00690	0.00307	0.00797
20	0.01180	0.01101	0.01832	0.67368	0.14128	0.01310	0.01627	0.01538	0.01199	0.01568	0.01077	0.01580	0.00833	0.00598	0.00593	0.00197	0.00766	0.00525	0.00277	0.00701
21	0.01578	0.79616	0.03018	0.01014	0.01504	0.02282	0.00999	0.01746	0.01195	0.01397	0.00850	0.00993	0.00785	0.00525	0.00391	0.00132	0.00629	0.00324	0.00263	0.00760
22	0.02218	0.01634	0.01748	0.01348	0.01807	0.01796	0.01107	0.73849	0.02709	0.03637	0.01423	0.01444	0.01021	0.00720	0.00594	0.00181	0.00646	0.00532	0.00588	0.00997
23	0.01200	0.02979	0.76337	0.01660	0.02503	0.01355	0.02124	0.01844	0.01240	0.01858	0.01079	0.01280	0.00775	0.00578	0.00566	0.00191	0.00860	0.00440	0.00260	0.00871
24	0.01349	0.01492	0.03178	0.02306	0.02842	0.01394	0.67843	0.01783	0.01361	0.01850	0.01366	0.07766	0.01147	0.00621	0.00701	0.00205	0.00928	0.00765	0.00327	0.00773
25	0.01401	0.01575	0.03392	0.02434	0.03013	0.01472	0.73660	0.01865	0.01381	0.01879	0.01209	0.01613	0.00917	0.00518	0.00696	0.00202	0.00978	0.00690	0.00307	0.00797
26	0.00976	0.00698	0.00959	0.01088	0.01224	0.00690	0.00942	0.01223	0.01348	0.01759	0.03064	0.06481	0.03321	0.01606	0.00810	0.00272	0.00544	0.71895	0.00543	0.00555
27	0.00732	0.00619	0.00620	0.00618	0.00815	0.00516	0.00459	0.00862	0.01335	0.01594	0.05807	0.05541	0.75519	0.01476	0.00697	0.00203	0.00309	0.01218	0.00547	0.00511
28	0.02105	0.01793	0.01718	0.07467	0.01970	0.16275	0.01145	0.52432	0.04254	0.03014	0.01326	0.01411	0.00980	0.00695	0.00584	0.00179	0.00729	0.00506	0.00510	0.00909
29	0.00860	0.00919	0.06977	0.00933	0.01221	0.00701	0.08843	0.01075	0.01334	0.01657	0.04747	0.04818	0.56790	0.01305	0.00694	0.00206	0.00443	0.05407	0.00497	0.00575
30	0.02607	0.01010	0.01362	0.01052	0.01496	0.00871	0.00862	0.02812	0.01666	0.76147	0.02299	0.02013	0.01461	0.00742	0.00597	0.00187	0.00505	0.00591	0.00723	0.00998
31	0.01133	0.01053	0.01747	0.77910	0.03955	0.01297	0.01604	0.01497	0.01177	0.01511	0.01069	0.01595	0.00813	0.00607	0.00594	0.00200	0.00778	0.00525	0.00273	0.00662
32	0.01385	0.01593	0.03126	0.02271	0.02805	0.07415	0.65459	0.01825	0.01361	0.01783	0.01217	0.04699	0.00977	0.00544	0.00665	0.00191	0.00944	0.00690	0.00300	0.00750
33	0.02129	0.01580	0.01691	0.01307	0.01756	0.01753	0.01076	0.70106	0.07080	0.03532	0.01431	0.01419	0.01019	0.00692	0.00573	0.00173	0.00619	0.00523	0.00573	0.00969
34	0.00697	0.00498	0.00664	0.00796	0.00830	0.00465	0.00531	0.00796	0.01095	0.01460	0.03153	0.79525	0.03783	0.01792	0.00730	0.00232	0.00332	0.01626	0.00531	0.00465
35	0.00810	0.00585	0.00765	0.00720	0.00855	0.00540	0.00540	0.01079	0.01619	0.02294	0.76028	0.04273	0.05397	0.01169	0.00675	0.00180	0.00270	0.01034	0.00630	0.00540
36	0.01593	0.65249	0.02720	0.01031	0.01504	0.02142	0.00985	0.09916	0.07182	0.01680	0.00981	0.01064	0.00840	0.00534	0.00407	0.00133	0.00601	0.00356	0.00308	0.00774
37	0.01416	0.01359	0.02322	0.03511	0.76330	0.01359	0.01755	0.01755	0.01302	0.01869	0.01076	0.01416	0.00906	0.00510	0.00566	0.00170	0.00680	0.00510	0.00283	0.00906
38	0.00810	0.00585	0.00765	0.00720	0.00855	0.00540	0.00540	0.01079	0.01619	0.02294	0.76028	0.04273	0.05397	0.01169	0.00675	0.00180	0.00270	0.01034	0.00630	0.00540
39	0.02174	0.01602	0.01717	0.01316	0.01774	0.01774	0.01087	0.74423	0.02689	0.03605	0.01373	0.01373	0.00973	0.00687	0.00572	0.00172	0.00629	0.00515	0.00572	0.00973
40	0.01080	0.01017	0.01716	0.78523	0.03940	0.01271	0.01589	0.01461	0.01144	0.01461	0.01017	0.01525	0.00762	0.00572	0.00572	0.00191	0.00762	0.00508	0.00254	0.00635
41	0.01080	0.01017	0.01716	0.78523	0.03940	0.01271	0.01589	0.01461	0.01144	0.01461	0.01017	0.01525	0.00762	0.00572	0.00572	0.00191	0.00762	0.00508	0.00254	0.00635
42	0.01350	0.01543	0.03375	0.02411	0.02989	0.01446	0.74253	0.01832	0.01350	0.01832	0.01157	0.01543	0.00868	0.00482	0.00675	0.00193	0.00964	0.00675	0.00289	0.00771
43	0.01101	0.01038	0.01754	0.73766	0.08530	0.01276	0.01599	0.01480	0.01154	0.01487	0.01020	0.01518	0.00772	0.00568	0.00572	0.00189	0.00757	0.00508	0.00256	0.00653
44	0.01092	0.00908	0.01080	0.00815	0.01230	0.00707	0.00643	0.01350	0.01295	0.01972	0.19826	0.01960	0.01988	0.00611	0.00487	0.00109	0.00385	0.00513	0.00412	0.62618
45	0.01529	0.80242	0.02997	0.00979	0.01468	0.02263	0.00979	0.01713	0.01162	0.01346	0.00795	0.00918	0.00734	0.00489	0.00367	0.00122	0.00612	0.00306	0.00245	0.00734
46	0.00913	0.00653	0.00909	0.01027	0.01159	0.00649	0.00892	0.01177	0.01341	0.01758	0.08789	0.06280	0.03458	0.01548	0.00781	0.00257	0.00506	0.66843	0.00535	0.00528
47	0.02139	0.02658	0.01627	0.01464	0.01769	0.73016	0.01104	0.06646	0.01686	0.01533	0.00914	0.01052	0.00751	0.00595	0.00519	0.00149	0.01007	0.00377	0.00311	0.00682
48	0.00848	0.00619	0.00828	0.00941	0.01064	0.00600	0.00784	0.01066	0.01277	0.01644	0.03450	0.18872	0.13920	0.01597	0.00763	0.00248	0.00459	0.49982	0.00528	0.00510
49	0.00697	0.00498	0.00664	0.00796	0.00830	0.00465	0.00531	0.00796	0.01095	0.01460	0.03153	0.79525	0.03783	0.01792	0.00730	0.00232	0.00332	0.01626	0.00531	0.00465
50	0.00832	0.00555	0.00624	0.00624	0.00624	0.00555	0.00347	0.00832	0.00832	0.01109	0.01802	0.03743	0.02080	0.79898	0.02911	0.00555	0.00555	0.00832	0.00347	0.00347
51	0.00697	0.00498	0.00664	0.00796	0.00830	0.00465	0.00531	0.00796	0.01095	0.01460	0.03153	0.79525	0.03783	0.01792	0.00730	0.00232	0.00332	0.01626	0.00531	0.00465
52	0.02137	0.02726	0.01621	0.01474	0.01768	0.77602	0.01105	0.02284	0.01621	0.01400	0.00884	0.01031	0.00737	0.00589	0.00516	0.00147	0.01031	0.00368	0.00295	0.00663
53	0.00841	0.00630	0.00809	0.00890	0.01040	0.00598	0.00751	0.01068	0.01331	0.01695	0.08164	0.06036	0.25518	0.01516	0.00749	0.00237	0.00440	0.46638	0.00534	0.00514
54	0.01416	0.01359	0.02322	0.03511	0.76330	0.01359	0.01755	0.01755	0.01302	0.01869	0.01076	0.01416	0.00906	0.00510	0.00566	0.00170	0.00680	0.00510	0.00283	0.00906
55	0.00810	0.00585	0.00765	0.00720	0.00855	0.00540	0.00540	0.01079	0.01619	0.02294	0.76028	0.04273	0.05397	0.01169	0.00675	0.00180	0.00270	0.01034	0.00630	0.00540

[dist]
# distance from previous block
# <min> <max>
0	1

[block]
# block no. 3 follows, 41 sequences, length 16
# corresponding to MSA columns:
# 492-507
name=unknown_D
#
# <colnr> <probs for GDERKNQSTAVLIFYWHMCP>
#	G	D	E	R	K	N	Q	S	T	A	V	L	I	F	Y	W	H	M	C	P
0	0.01080	0.01017	0.01716	0.78523	0.03940	0.01271	0.01589	0.01461	0.01144	0.01461	0.01017	0.01525	0.00762	0.00572	0.00572	0.00191	0.00762	0.00508	0.00254	0.00635
1	0.01497	0.01123	0.01229	0.01087	0.01403	0.01236	0.00853	0.09481	0.47672	0.10350	0.02598	0.06971	0.08288	0.00899	0.00603	0.00194	0.00454	0.02630	0.00586	0.00846
2	0.01277	0.01328	0.02177	0.01740	0.01891	0.01672	0.20359	0.01496	0.01000	0.01496	0.00857	0.01328	0.00781	0.00865	0.01562	0.00235	0.58465	0.00546	0.00260	0.00664
3	0.00697	0.00498	0.00664	0.00796	0.00830	0.00465	0.00531	0.00796	0.01095	0.01460	0.03153	0.79525	0.03783	0.01792	0.00730	0.00232	0.00332	0.01626	0.00531	0.00465
4	0.00787	0.00567	0.00744	0.00735	0.00849	0.00524	0.00538	0.01022	0.01513	0.02124	0.61212	0.19572	0.05069	0.01296	0.00686	0.00191	0.00282	0.01155	0.00610	0.00524
5	0.01965	0.01507	0.01776	0.01357	0.01803	0.01630	0.08043	0.61039	0.02440	0.03255	0.01739	0.01750	0.07522	0.00734	0.00591	0.00176	0.00632	0.00591	0.00541	0.00911
6	0.01529	0.80242	0.02997	0.00979	0.01468	0.02263	0.00979	0.01713	0.01162	0.01346	0.00795	0.00918	0.00734	0.00489	0.00367	0.00122	0.00612	0.00306	0.00245	0.00734
7	0.02174	0.01602	0.01717	0.01316	0.01774	0.01774	0.01087	0.74423	0.02689	0.03605	0.01373	0.01373	0.00973	0.00687	0.00572	0.00172	0.00629	0.00515	0.00572	0.00973
8	0.00697	0.00498	0.00664	0.00796	0.00830	0.00465	0.00531	0.00796	0.01095	0.01460	0.03153	0.79525	0.03783	0.01792	0.00730	0.00232	0.00332	0.01626	0.00531	0.00465
9	0.01493	0.72834	0.10084	0.01041	0.01565	0.02174	0.01087	0.01722	0.01167	0.01390	0.00817	0.00945	0.00733	0.00495	0.00384	0.00128	0.00634	0.00317	0.00244	0.00745
10	0.01147	0.02959	0.76934	0.01630	0.02476	0.01328	0.02113	0.01811	0.01208	0.01811	0.01026	0.01208	0.00725	0.00543	0.00543	0.00181	0.00845	0.00423	0.00242	0.00845
11	0.00715	0.00511	0.00685	0.00818	0.00859	0.00481	0.00563	0.00828	0.01113	0.01481	0.03142	0.73512	0.03743	0.01775	0.00735	0.00235	0.00348	0.07456	0.00531	0.00470
12	0.01446	0.01198	0.01287	0.01142	0.01458	0.01360	0.00899	0.11984	0.56486	0.02509	0.08301	0.02410	0.02018	0.00834	0.00598	0.00193	0.00464	0.03963	0.00582	0.00867
13	0.01108	0.01007	0.01671	0.65557	0.09991	0.01218	0.01505	0.01477	0.01162	0.01552	0.01092	0.01565	0.00833	0.00574	0.00557	0.00184	0.00714	0.00510	0.07071	0.00651
14	0.01416	0.01359	0.02322	0.03511	0.76330	0.01359	0.01755	0.01755	0.01302	0.01869	0.01076	0.01416	0.00906	0.00510	0.00566	0.00170	0.00680	0.00510	0.00283	0.00906
15	0.01122	0.01054	0.01753	0.69142	0.10170	0.01284	0.01578	0.01545	0.03872	0.01531	0.01070	0.01538	0.00811	0.00574	0.00572	0.00189	0.00744	0.00514	0.00269	0.00669

[dist]
# distance from previous block
# <min> <max>
0	4

[block]
# block no. 4 follows, 41 sequences, length 13
# corresponding to MSA columns:
# 512-524
name=unknown_E
#
# <colnr> <probs for GDERKNQSTAVLIFYWHMCP>
#	G	D	E	R	K	N	Q	S	T	A	V	L	I	F	Y	W	H	M	C	P
0	0.01416	0.01359	0.02322	0.03511	0.76330	0.01359	0.01755	0.01755	0.01302	0.01869	0.01076	0.01416	0.00906	0.00510	0.00566	0.00170	0.00680	0.00510	0.00283	0.00906
1	0.01145	0.01035	0.01697	0.02489	0.47898	0.01022	0.01294	0.01394	0.01224	0.01715	0.01858	0.30831	0.01989	0.00993	0.00628	0.00193	0.00549	0.00930	0.00376	0.00740
2	0.00697	0.00498	0.00664	0.00796	0.00830	0.00465	0.00531	0.00796	0.01095	0.01460	0.03153	0.79525	0.03783	0.01792	0.00730	0.00232	0.00332	0.01626	0.00531	0.00465
3	0.01385	0.01328	0.02267	0.10316	0.69763	0.01351	0.01740	0.01729	0.01288	0.01832	0.01071	0.01426	0.00893	0.00515	0.00567	0.00172	0.00687	0.00510	0.00281	0.00881
4	0.00767	0.00552	0.00727	0.00749	0.00845	0.00511	0.00536	0.00973	0.01422	0.01980	0.48584	0.32612	0.04789	0.01404	0.00696	0.00200	0.00293	0.01257	0.00592	0.00511
5	0.01149	0.00953	0.01056	0.01026	0.01240	0.01062	0.00764	0.02195	0.47353	0.02042	0.02639	0.31278	0.02513	0.01159	0.00638	0.00208	0.00407	0.01016	0.00563	0.00739
6	0.00781	0.00533	0.00639	0.00689	0.00701	0.00521	0.00416	0.00818	0.00931	0.01241	0.02311	0.32281	0.02721	0.50484	0.02090	0.00433	0.00471	0.01131	0.00416	0.00391
7	0.00764	0.00586	0.00701	0.00680	0.00837	0.00523	0.00515	0.00986	0.01489	0.01989	0.46726	0.04822	0.31940	0.01291	0.00680	0.00188	0.00287	0.03892	0.00589	0.00518
8	0.53133	0.01716	0.01135	0.01024	0.01356	0.30024	0.00802	0.01908	0.01217	0.02127	0.00829	0.00968	0.00664	0.00553	0.00415	0.00166	0.00664	0.00332	0.00332	0.00636
9	0.01520	0.02871	0.48572	0.01571	0.02209	0.30052	0.01734	0.01989	0.01363	0.01656	0.00973	0.01141	0.00729	0.00561	0.00533	0.00168	0.00915	0.00402	0.00262	0.00777
10	0.01905	0.00827	0.01115	0.00905	0.01232	0.00727	0.00727	0.02144	0.01630	0.48696	0.30038	0.02823	0.02915	0.00882	0.00613	0.00178	0.00405	0.00748	0.00678	0.00810
11	0.52636	0.00920	0.00870	0.00815	0.01074	0.01069	0.00655	0.01433	0.00953	0.02100	0.01073	0.01425	0.00925	0.01947	0.29456	0.00457	0.00853	0.00424	0.00336	0.00578
12	0.00689	0.00529	0.00632	0.00715	0.00808	0.00471	0.00495	0.00806	0.01174	0.01492	0.04147	0.51650	0.31016	0.01663	0.00710	0.00218	0.00316	0.01468	0.00531	0.00471

[dist]
# distance from previous block
# <min> <max>
0	4

[block]
# block no. 5 follows, 41 sequences, length 8
# corresponding to MSA columns:
# 529-536
name=unknown_F
#
# <colnr> <probs for GDERKNQSTAVLIFYWHMCP>
#	G	D	E	R	K	N	Q	S	T	A	V	L	I	F	Y	W	H	M	C	P
0	0.00697	0.00498	0.00664	0.00796	0.00830	0.00465	0.00531	0.00796	0.01095	0.01460	0.03153	0.79525	0.03783	0.01792	0.00730	0.00232	0.00332	0.01626	0.00531	0.00465
1	0.01423	0.01229	0.01293	0.01164	0.01487	0.01423	0.00905	0.03039	0.75297	0.02393	0.02328	0.02134	0.01746	0.00776	0.00582	0.00194	0.00453	0.00647	0.00582	0.00905
2	0.01418	0.01317	0.01991	0.02756	0.52257	0.01380	0.01482	0.02168	0.25102	0.02037	0.01479	0.01647	0.01176	0.00595	0.00571	0.00178	0.00607	0.00554	0.00379	0.00906
3	0.01478	0.02522	0.52741	0.01529	0.02250	0.01472	0.01783	0.25167	0.01684	0.02388	0.01138	0.01261	0.00804	0.00589	0.00553	0.00178	0.00776	0.00452	0.00348	0.00886
4	0.00891	0.00523	0.00692	0.00692	0.00754	0.00492	0.00477	0.00770	0.00925	0.01171	0.02538	0.02950	0.25151	0.01814	0.01734	0.56608	0.00430	0.00725	0.00339	0.00324
5	0.00825	0.00564	0.00669	0.00655	0.00698	0.00550	0.00409	0.00911	0.01085	0.01490	0.25677	0.03913	0.03147	0.54575	0.02192	0.00434	0.00463	0.00897	0.00438	0.00409
6	0.00697	0.00498	0.00664	0.00796	0.00830	0.00465	0.00531	0.00796	0.01095	0.01460	0.03153	0.79525	0.03783	0.01792	0.00730	0.00232	0.00332	0.01626	0.00531	0.00465
7	0.00820	0.00665	0.01002	0.25797	0.01830	0.00724	0.00871	0.01010	0.01111	0.01461	0.02466	0.54436	0.02812	0.01400	0.00679	0.00219	0.00470	0.01267	0.00442	0.00520

[dist]
# distance from previous block
# <min> <max>
0	2

[block]
# block no. 6 follows, 41 sequences, length 9
# corresponding to MSA columns:
# 539-547
name=unknown_G
#
# <colnr> <probs for GDERKNQSTAVLIFYWHMCP>
#	G	D	E	R	K	N	Q	S	T	A	V	L	I	F	Y	W	H	M	C	P
0	0.00728	0.00522	0.00691	0.00775	0.00836	0.00485	0.00533	0.00874	0.01239	0.01688	0.23116	0.58910	0.04225	0.01621	0.00715	0.00218	0.00315	0.01464	0.00558	0.00485
1	0.01096	0.01158	0.00900	0.00871	0.01063	0.21614	0.00644	0.01252	0.01404	0.01591	0.13156	0.13713	0.36972	0.01222	0.00639	0.00184	0.00496	0.01009	0.00479	0.00537
2	0.01080	0.01017	0.01716	0.78523	0.03940	0.01271	0.01589	0.01461	0.01144	0.01461	0.01017	0.01525	0.00762	0.00572	0.00572	0.00191	0.00762	0.00508	0.00254	0.00635
3	0.01348	0.01485	0.06002	0.01915	0.02361	0.01474	0.41358	0.02103	0.21539	0.01926	0.01419	0.01652	0.01087	0.00633	0.00799	0.00200	0.10913	0.00633	0.00362	0.00793
4	0.00730	0.00582	0.00654	0.00636	0.00806	0.00506	0.00477	0.00925	0.01431	0.01847	0.34136	0.05008	0.47568	0.01336	0.00675	0.00188	0.00282	0.01137	0.00571	0.00506
5	0.00832	0.00555	0.00624	0.00624	0.00624	0.00555	0.00347	0.00832	0.00832	0.01109	0.01802	0.03743	0.02080	0.79898	0.02911	0.00555	0.00555	0.00832	0.00347	0.00347
6	0.01517	0.01385	0.01953	0.01569	0.01769	0.01718	0.10667	0.21446	0.01434	0.02046	0.00974	0.01323	0.00827	0.00848	0.01364	0.00221	0.47329	0.00527	0.00344	0.00740
7	0.01114	0.00912	0.01043	0.00819	0.01169	0.00774	0.00611	0.01440	0.08787	0.01712	0.01368	0.01985	0.01278	0.22231	0.01122	0.00225	0.00462	0.00506	0.00366	0.52076
8	0.01706	0.58700	0.02646	0.01071	0.01552	0.02129	0.01008	0.21631	0.01581	0.01965	0.00954	0.01042	0.00799	0.00543	0.00423	0.00136	0.00617	0.00363	0.00334	0.00799

[dist]
# distance from previous block
# <min> <max>
0	1

[block]
# block no. 7 follows, 41 sequences, length 44
# corresponding to MSA columns:
# 549-592
name=unknown_H
#
# <colnr> <probs for GDERKNQSTAVLIFYWHMCP>
#	G	D	E	R	K	N	Q	S	T	A	V	L	I	F	Y	W	H	M	C	P
