[name]
unknown

[dist]
# distance from previous block
# <min> <max>
0	100

[block]
# block no. 0 follows, 41 sequences, length 37
# corresponding to MSA columns:
# 116-152
name=unknown_A
#
# <colnr> <probs for GDERKNQSTAVLIFYWHMCP>
#	G	D	E	R	K	N	Q	S	T	A	V	L	I	F	Y	W	H	M	C	P
0	0.00800	0.00579	0.00754	0.00721	0.00851	0.00534	0.00537	0.01056	0.01580	0.02226	0.69948	0.08830	0.07006	0.01214	0.00678	0.00183	0.00274	0.01074	0.00621	0.00534
1	0.01529	0.80242	0.02997	0.00979	0.01468	0.02263	0.00979	0.01713	0.01162	0.01346	0.00795	0.00918	0.00734	0.00489	0.00367	0.00122	0.00612	0.00306	0.00245	0.00734
2	0.01752	0.01361	0.01489	0.02751	0.01641	0.02985	0.00925	0.39855	0.01994	0.04296	0.01227	0.01304	0.00921	0.00574	0.00510	0.00136	0.00554	0.00441	0.00466	0.34819
3	0.20605	0.07187	0.03755	0.04339	0.09510	0.09721	0.01039	0.21551	0.02968	0.06880	0.01279	0.06424	0.01053	0.00675	0.00511	0.00172	0.00614	0.00513	0.00421	0.00782
4	0.01147	0.02959	0.76934	0.01630	0.02476	0.01328	0.02113	0.01811	0.01208	0.01811	0.01026	0.01208	0.00725	0.00543	0.00543	0.00181	0.00845	0.00423	0.00242	0.00845
5	0.00814	0.00594	0.00777	0.00798	0.00928	0.00557	0.00625	0.01053	0.01460	0.01992	0.43605	0.12411	0.11489	0.01362	0.00709	0.00207	0.00343	0.19167	0.00584	0.00524
6	0.01324	0.01265	0.02155	0.24107	0.56453	0.01335	0.01710	0.01675	0.01259	0.01757	0.01060	0.01446	0.00867	0.00527	0.00568	0.00176	0.00702	0.00509	0.00275	0.00832
7	0.01389	0.01284	0.01643	0.10633	0.24162	0.04295	0.01232	0.02388	0.39938	0.02070	0.01841	0.01897	0.03317	0.00684	0.00576	0.00185	0.00574	0.00594	0.00443	0.00854
8	0.00832	0.00555	0.00624	0.00624	0.00624	0.00555	0.00347	0.00832	0.00832	0.01109	0.01802	0.03743	0.02080	0.79898	0.02911	0.00555	0.00555	0.00832	0.00347	0.00347
9	0.01093	0.01115	0.02233	0.07697	0.02258	0.01070	0.40784	0.01434	0.01266	0.01704	0.04942	0.25905	0.02015	0.00952	0.00687	0.00206	0.00712	0.02892	0.00382	0.00650
10	0.02235	0.00971	0.01265	0.01008	0.01397	0.00886	0.00817	0.08900	0.03477	0.57524	0.03896	0.09445	0.03817	0.00842	0.00595	0.00183	0.00474	0.00699	0.00669	0.00900
11	0.00748	0.00507	0.00690	0.00805	0.00840	0.00480	0.00550	0.00813	0.01064	0.01416	0.02871	0.65240	0.03399	0.01804	0.00925	0.10801	0.00365	0.05746	0.00495	0.00441
12	0.02450	0.00948	0.01290	0.00998	0.01420	0.00821	0.00821	0.02675	0.01636	0.71804	0.07136	0.02101	0.01679	0.00738	0.00582	0.00177	0.00472	0.00606	0.00703	0.00945
13	0.04984	0.01484	0.06362	0.01495	0.01662	0.06940	0.06056	0.08021	0.01145	0.01679	0.00889	0.01316	0.00805	0.02955	0.01466	0.00233	0.51044	0.00500	0.00291	0.00675
14	0.01337	0.01261	0.02091	0.25168	0.50566	0.01346	0.01658	0.03515	0.04140	0.01813	0.01114	0.01474	0.00898	0.00542	0.00569	0.00177	0.00694	0.00515	0.00293	0.00829
15	0.00994	0.00497	0.00745	0.00745	0.00745	0.00497	0.00497	0.00745	0.00745	0.00994	0.00994	0.01739	0.00994	0.01987	0.02235	0.83358	0.00497	0.00497	0.00248	0.00248
16	0.00994	0.00497	0.00745	0.00745	0.00745	0.00497	0.00497	0.00745	0.00745	0.00994	0.00994	0.01739	0.00994	0.01987	0.02235	0.83358	0.00497	0.00497	0.00248	0.00248
17	0.01529	0.80242	0.02997	0.00979	0.01468	0.02263	0.00979	0.01713	0.01162	0.01346	0.00795	0.00918	0.00734	0.00489	0.00367	0.00122	0.00612	0.00306	0.00245	0.00734
18	0.01160	0.10887	0.64618	0.01512	0.02271	0.01374	0.01900	0.01740	0.01196	0.01742	0.01130	0.05890	0.00910	0.00613	0.00536	0.00178	0.00790	0.00483	0.00259	0.00811
19	0.01294	0.01652	0.12245	0.02161	0.02694	0.01436	0.54834	0.01751	0.01266	0.01763	0.01113	0.01498	0.00860	0.00691	0.03748	0.00225	0.09111	0.00623	0.00280	0.00755
20	0.83938	0.01106	0.00841	0.00752	0.01106	0.01283	0.00619	0.01681	0.00973	0.02566	0.00796	0.00929	0.00619	0.00531	0.00354	0.00177	0.00442	0.00310	0.00354	0.00619
21	0.01086	0.01396	0.23163	0.01248	0.06226	0.00890	0.03102	0.01501	0.03236	0.06853	0.30269	0.03167	0.08914	0.00937	0.00629	0.00187	0.00519	0.05513	0.00475	0.00690
22	0.00815	0.00587	0.00806	0.00814	0.00878	0.00647	0.00581	0.00945	0.00901	0.01263	0.01719	0.07395	0.01788	0.29294	0.48145	0.00757	0.01135	0.00747	0.00333	0.00453
23	0.06523	0.01095	0.01374	0.01059	0.01500	0.01033	0.00875	0.15807	0.01796	0.59710	0.02023	0.01792	0.01296	0.00695	0.00564	0.00176	0.00511	0.00551	0.00666	0.00956
24	0.01624	0.00974	0.01206	0.00896	0.01357	0.00774	0.00723	0.01868	0.01366	0.27007	0.06394	0.01645	0.01339	0.00568	0.00491	0.00122	0.00435	0.00464	0.00482	0.50264
25	0.00697	0.00498	0.00664	0.00796	0.00830	0.00465	0.00531	0.00796	0.01095	0.01460	0.03153	0.79525	0.03783	0.01792	0.00730	0.00232	0.00332	0.01626	0.00531	0.00465
26	0.01251	0.01251	0.01752	0.01502	0.01502	0.01752	0.01251	0.01377	0.00876	0.01377	0.00751	0.01251	0.00751	0.01001	0.01877	0.00250	0.78851	0.00501	0.00250	0.00626
27	0.02245	0.01489	0.01647	0.01263	0.01718	0.01606	0.01043	0.61577	0.02501	0.16718	0.01532	0.01476	0.01052	0.00690	0.00573	0.00173	0.00604	0.00526	0.00597	0.00973
28	0.00899	0.00642	0.00896	0.01027	0.01149	0.00639	0.00882	0.01146	0.01294	0.01686	0.03041	0.13843	0.03342	0.01602	0.00784	0.00260	0.00507	0.65314	0.00527	0.00520
29	0.02137	0.02726	0.01621	0.01474	0.01768	0.77602	0.01105	0.02284	0.01621	0.01400	0.00884	0.01031	0.00737	0.00589	0.00516	0.00147	0.01031	0.00368	0.00295	0.00663
30	0.01566	0.75515	0.02913	0.01009	0.01486	0.06858	0.00986	0.01748	0.01190	0.01349	0.00801	0.00924	0.00734	0.00495	0.00376	0.00124	0.00637	0.00310	0.00248	0.00730
31	0.00694	0.00508	0.00654	0.00770	0.00823	0.00467	0.00519	0.00799	0.01120	0.01470	0.03472	0.70585	0.12517	0.01751	0.00724	0.00228	0.00327	0.01575	0.00531	0.00467
32	0.01080	0.01017	0.01716	0.78523	0.03940	0.01271	0.01589	0.01461	0.01144	0.01461	0.01017	0.01525	0.00762	0.00572	0.00572	0.00191	0.00762	0.00508	0.00254	0.00635
33	0.00801	0.00584	0.00753	0.00711	0.00850	0.00536	0.00533	0.01064	0.01600	0.02248	0.71745	0.04348	0.09709	0.01186	0.00675	0.00181	0.00271	0.01045	0.00624	0.00536
34	0.01186	0.01017	0.01186	0.00847	0.01356	0.00762	0.00678	0.01440	0.01186	0.01864	0.01017	0.01186	0.00847	0.00424	0.00424	0.00085	0.00424	0.00339	0.00339	0.83395
35	0.00832	0.00555	0.00624	0.00624	0.00624	0.00555	0.00347	0.00832	0.00832	0.01109	0.01802	0.03743	0.02080	0.79898	0.02911	0.00555	0.00555	0.00832	0.00347	0.00347
36	0.00681	0.00580	0.00587	0.00585	0.00776	0.00485	0.00439	0.00831	0.01317	0.01576	0.08652	0.05455	0.73222	0.01437	0.00676	0.00193	0.00289	0.01200	0.00535	0.00485

[dist]
# distance from previous block
# <min> <max>
0	37

[block]
# block no. 1 follows, 41 sequences, length 47
# corresponding to MSA columns:
# 191-237
name=unknown_B
#
# <colnr> <probs for GDERKNQSTAVLIFYWHMCP>
#	G	D	E	R	K	N	Q	S	T	A	V	L	I	F	Y	W	H	M	C	P
0	0.01186	0.01017	0.01186	0.00847	0.01356	0.00762	0.00678	0.01440	0.01186	0.01864	0.01017	0.01186	0.00847	0.00424	0.00424	0.00085	0.00424	0.00339	0.00339	0.83395
1	0.00697	0.00498	0.00664	0.00796	0.00830	0.00465	0.00531	0.00796	0.01095	0.01460	0.03153	0.79525	0.03783	0.01792	0.00730	0.00232	0.00332	0.01626	0.00531	0.00465
2	0.76528	0.01094	0.00885	0.00776	0.01138	0.01243	0.00640	0.01782	0.01034	0.09320	0.00929	0.01022	0.00692	0.00547	0.00374	0.00177	0.00446	0.00334	0.00386	0.00652
3	0.01080	0.01017	0.01716	0.78523	0.03940	0.01271	0.01589	0.01461	0.01144	0.01461	0.01017	0.01525	0.00762	0.00572	0.00572	0.00191	0.00762	0.00508	0.00254	0.00635
4	0.00697	0.00498	0.00664	0.00796	0.00830	0.00465	0.00531	0.00796	0.01095	0.01460	0.03153	0.79525	0.03783	0.01792	0.00730	0.00232	0.00332	0.01626	0.00531	0.00465
5	0.83938	0.01106	0.00841	0.00752	0.01106	0.01283	0.00619	0.01681	0.00973	0.02566	0.00796	0.00929	0.00619	0.00531	0.00354	0.00177	0.00442	0.00310	0.00354	0.00619
6	0.09977	0.00986	0.01283	0.00994	0.01428	0.00881	0.00821	0.02687	0.01577	0.69973	0.02124	0.01854	0.01343	0.00692	0.00555	0.00177	0.00483	0.00551	0.00676	0.00941
7	0.01836	0.05350	0.01670	0.01343	0.04410	0.04802	0.01055	0.47114	0.05925	0.02848	0.01491	0.09493	0.01260	0.00814	0.00695	0.00183	0.07731	0.00619	0.00501	0.00858
8	0.00810	0.00585	0.00765	0.00720	0.00855	0.00540	0.00540	0.01079	0.01619	0.02294	0.76028	0.04273	0.05397	0.01169	0.00675	0.00180	0.00270	0.01034	0.00630	0.00540
9	0.00918	0.00751	0.00831	0.00825	0.01005	0.00765	0.00608	0.01498	0.23392	0.01823	0.09258	0.24437	0.27370	0.02958	0.00709	0.00211	0.00354	0.01132	0.00550	0.00606
10	0.83938	0.01106	0.00841	0.00752	0.01106	0.01283	0.00619	0.01681	0.00973	0.02566	0.00796	0.00929	0.00619	0.00531	0.00354	0.00177	0.00442	0.00310	0.00354	0.00619
11	0.00688	0.00580	0.00596	0.00592	0.00780	0.00488	0.00444	0.00844	0.01332	0.01613	0.12190	0.05393	0.69659	0.01423	0.00676	0.00192	0.00288	0.01191	0.00540	0.00488
12	0.01529	0.80242	0.02997	0.00979	0.01468	0.02263	0.00979	0.01713	0.01162	0.01346	0.00795	0.00918	0.00734	0.00489	0.00367	0.00122	0.00612	0.00306	0.00245	0.00734
13	0.01186	0.01017	0.01186	0.00847	0.01356	0.00762	0.00678	0.01440	0.01186	0.01864	0.01017	0.01186	0.00847	0.00424	0.00424	0.00085	0.00424	0.00339	0.00339	0.83395
14	0.00785	0.00566	0.00743	0.00736	0.00849	0.00523	0.00538	0.01018	0.01506	0.02114	0.60276	0.20539	0.05048	0.01304	0.00687	0.00191	0.00283	0.01162	0.00608	0.00523
15	0.04924	0.36134	0.33385	0.01258	0.01879	0.04043	0.01427	0.01856	0.01225	0.07642	0.01011	0.01124	0.00780	0.00534	0.00461	0.00154	0.00704	0.00378	0.00287	0.00792
16	0.05674	0.18525	0.44458	0.01416	0.02068	0.13778	0.01620	0.01879	0.01261	0.03064	0.00967	0.01119	0.00736	0.00542	0.00494	0.00163	0.00800	0.00387	0.00265	0.00784
17	0.02147	0.02421	0.01647	0.01431	0.01770	0.57041	0.01100	0.21844	0.01911	0.01998	0.01017	0.01124	0.00801	0.00616	0.00531	0.00154	0.00922	0.00408	0.00370	0.00747
18	0.00697	0.00580	0.00609	0.00602	0.00786	0.00492	0.00451	0.00862	0.01354	0.01663	0.16882	0.05310	0.64936	0.01405	0.00676	0.00191	0.00287	0.01180	0.00547	0.00492
19	0.07951	0.01328	0.03623	0.18636	0.44987	0.01374	0.03520	0.08309	0.01369	0.01995	0.01070	0.01395	0.00855	0.00540	0.00554	0.00176	0.00685	0.00497	0.00308	0.00828
20	0.01271	0.01037	0.01111	0.01021	0.01300	0.01145	0.00785	0.02432	0.52434	0.05168	0.03015	0.09772	0.15104	0.00985	0.00612	0.00197	0.00414	0.00832	0.00573	0.00793
21	0.02566	0.00973	0.01327	0.01018	0.01460	0.00841	0.00841	0.02788	0.01637	0.76726	0.02257	0.01947	0.01416	0.00708	0.00575	0.00177	0.00487	0.00575	0.00708	0.00973
22	0.01342	0.04782	0.11502	0.10361	0.07796	0.01409	0.44851	0.01790	0.01298	0.04544	0.01173	0.02765	0.00903	0.00541	0.00650	0.00188	0.02427	0.00610	0.00297	0.00773
23	0.01071	0.00948	0.01477	0.06711	0.01574	0.01091	0.11823	0.03129	0.01144	0.01657	0.04306	0.25288	0.01943	0.01090	0.01002	0.00213	0.23556	0.00892	0.10490	0.00594
24	0.01251	0.01251	0.01752	0.01502	0.01502	0.01752	0.01251	0.01377	0.00876	0.01377	0.00751	0.01251	0.00751	0.01001	0.01877	0.00250	0.78851	0.00501	0.00250	0.00626
25	0.01627	0.01327	0.02045	0.02776	0.53463	0.01344	0.01496	0.14203	0.01562	0.08612	0.01267	0.01489	0.00989	0.00565	0.00560	0.00169	0.00634	0.00517	0.04450	0.00905
26	0.02172	0.01511	0.01675	0.04432	0.01829	0.01654	0.01081	0.63794	0.02514	0.11330	0.01453	0.01441	0.01012	0.00684	0.00573	0.00173	0.00620	0.00521	0.00574	0.00959
27	0.00968	0.00690	0.00794	0.00745	0.00800	0.00732	0.00482	0.07570	0.01027	0.01379	0.01863	0.03399	0.04978	0.61610	0.06234	0.00507	0.04630	0.00791	0.00368	0.00432
28	0.01529	0.80242	0.02997	0.00979	0.01468	0.02263	0.00979	0.01713	0.01162	0.01346	0.00795	0.00918	0.00734	0.00489	0.00367	0.00122	0.00612	0.00306	0.00245	0.00734
29	0.01186	0.01017	0.01186	0.00847	0.01356	0.00762	0.00678	0.01440	0.01186	0.01864	0.01017	0.01186	0.00847	0.00424	0.00424	0.00085	0.00424	0.00339	0.00339	0.83395
30	0.01057	0.17906	0.08190	0.00860	0.01153	0.00989	0.00782	0.01333	0.01461	0.05027	0.44937	0.03269	0.08955	0.00968	0.00593	0.00169	0.00406	0.00816	0.00508	0.00623
31	0.00709	0.00505	0.00667	0.00784	0.00821	0.00473	0.00522	0.00813	0.01109	0.01486	0.06839	0.71914	0.03782	0.05610	0.00835	0.00245	0.00340	0.01556	0.00527	0.00463
32	0.09070	0.44670	0.03463	0.12040	0.01783	0.04223	0.01018	0.01827	0.03195	0.09336	0.01066	0.01198	0.00853	0.00546	0.00431	0.00147	0.00605	0.00385	0.03414	0.00731
33	0.08925	0.08909	0.11182	0.02680	0.47551	0.01449	0.05790	0.03617	0.01286	0.01919	0.01031	0.01306	0.00842	0.00517	0.00532	0.00169	0.00687	0.00472	0.00289	0.00851
34	0.01104	0.01050	0.01802	0.72633	0.06856	0.01281	0.04299	0.01487	0.01158	0.01492	0.01024	0.01521	0.00772	0.00566	0.00575	0.00190	0.00767	0.00515	0.00257	0.00652
35	0.00710	0.00572	0.00632	0.00636	0.00798	0.00494	0.00470	0.00879	0.01354	0.01711	0.21952	0.13439	0.51504	0.01421	0.00682	0.00194	0.00290	0.01213	0.00554	0.00494
36	0.01279	0.02116	0.37415	0.15818	0.02814	0.01388	0.20682	0.08209	0.01365	0.01913	0.01090	0.01367	0.00791	0.00545	0.00585	0.00185	0.00842	0.00512	0.00286	0.00799
37	0.00817	0.00613	0.00919	0.00919	0.01021	0.00715	0.00715	0.01021	0.00919	0.01328	0.01532	0.02247	0.01430	0.04290	0.77631	0.00919	0.01532	0.00613	0.00306	0.00511
38	0.01172	0.01125	0.01949	0.52117	0.19048	0.01284	0.07878	0.01572	0.02549	0.01624	0.03495	0.01603	0.00970	0.00574	0.00583	0.00186	0.00741	0.00543	0.00281	0.00706
39	0.01945	0.00899	0.01163	0.00940	0.01280	0.00829	0.00758	0.07389	0.04049	0.45083	0.22994	0.02575	0.02520	0.00837	0.00596	0.00176	0.00426	0.00701	0.04008	0.00831
40	0.04422	0.00556	0.00546	0.00542	0.00684	0.00563	0.00409	0.01347	0.01190	0.02150	0.01823	0.02084	0.01432	0.00661	0.00398	0.00135	0.00274	0.00524	0.79724	0.00537
41	0.01918	0.01421	0.01529	0.01230	0.01637	0.01574	0.00997	0.46165	0.24977	0.07228	0.01853	0.01767	0.03552	0.00739	0.00579	0.00180	0.00557	0.00580	0.00581	0.00937
42	0.00711	0.00509	0.00677	0.00787	0.00833	0.00474	0.00532	0.00833	0.01162	0.01567	0.12500	0.69872	0.03990	0.01712	0.00723	0.00226	0.00324	0.01550	0.00544	0.00474
43	0.01147	0.02959	0.76934	0.01630	0.02476	0.01328	0.02113	0.01811	0.01208	0.01811	0.01026	0.01208	0.00725	0.00543	0.00543	0.00181	0.00845	0.00423	0.00242	0.00845
44	0.01219	0.07900	0.67668	0.01632	0.04771	0.01377	0.01994	0.01829	0.01219	0.03790	0.01046	0.01215	0.00750	0.00543	0.00534	0.00177	0.00815	0.00422	0.00256	0.00843
45	0.00747	0.00580	0.00649	0.00684	0.00834	0.00512	0.00499	0.00917	0.02924	0.03134	0.04737	0.28208	0.48176	0.01528	0.00692	0.00207	0.00318	0.03619	0.00536	0.00499
46	0.01326	0.00762	0.00972	0.00856	0.01080	0.00721	0.00661	0.07307	0.03535	0.19462	0.42928	0.12011	0.03851	0.01085	0.00648	0.00185	0.00360	0.00945	0.00631	0.00675

[dist]
# distance from previous block
# <min> <max>
0	11

[block]
# block no. 2 follows, 41 sequences, length 87
# corresponding to MSA columns:
# 249-335
name=unknown_C
#
# <colnr> <probs for GDERKNQSTAVLIFYWHMCP>
#	G	D	E	R	K	N	Q	S	T	A	V	L	I	F	Y	W	H	M	C	P
0	0.01227	0.11356	0.62784	0.01641	0.05128	0.03244	0.03366	0.01810	0.01219	0.01753	0.01002	0.01186	0.00736	0.00536	0.00527	0.00174	0.00820	0.00417	0.00246	0.00830
1	0.05777	0.08605	0.55089	0.01627	0.05110	0.01383	0.06965	0.01847	0.01227	0.05708	0.01071	0.01240	0.00772	0.00541	0.00531	0.00177	0.00789	0.00437	0.00277	0.00828
2	0.14351	0.01356	0.04382	0.01205	0.03312	0.04718	0.00969	0.10032	0.34975	0.11773	0.01752	0.01695	0.01291	0.00709	0.00611	0.00187	0.04784	0.00540	0.00510	0.00849
3	0.01899	0.01084	0.06947	0.01103	0.04275	0.00887	0.00907	0.05784	0.04430	0.42712	0.11510	0.06539	0.06054	0.00841	0.00596	0.00180	0.00479	0.00706	0.00608	0.02457
4	0.12600	0.04403	0.59372	0.01456	0.02193	0.01331	0.01793	0.01869	0.03893	0.04489	0.01079	0.01222	0.00771	0.00555	0.00516	0.00180	0.00758	0.00418	0.00285	0.00818
5	0.04707	0.01158	0.01462	0.01223	0.01560	0.01263	0.09669	0.04219	0.41902	0.05292	0.02049	0.02046	0.04305	0.00926	0.04800	0.00224	0.03011	0.00624	0.04459	0.05099
6	0.00837	0.00554	0.00622	0.00622	0.00625	0.00554	0.00348	0.00842	0.00839	0.01130	0.01804	0.03710	0.02067	0.78271	0.02860	0.00546	0.00549	0.00826	0.02045	0.00350
7	0.01509	0.74359	0.02905	0.01018	0.01471	0.02225	0.00999	0.01688	0.01141	0.01348	0.00792	0.00942	0.00735	0.00527	0.00479	0.00132	0.06439	0.00320	0.00245	0.00726
8	0.02417	0.00942	0.01272	0.00986	0.01407	0.00813	0.00811	0.02636	0.01620	0.70631	0.04774	0.02197	0.05250	0.00759	0.00583	0.00178	0.00470	0.00621	0.00697	0.00935
9	0.00785	0.00584	0.00730	0.00694	0.00839	0.00529	0.00520	0.01032	0.01561	0.02156	0.63069	0.04500	0.18443	0.01221	0.00675	0.00182	0.00274	0.01066	0.00611	0.00529
10	0.00793	0.00584	0.00741	0.00702	0.00844	0.00533	0.00526	0.01047	0.01579	0.02199	0.67169	0.04428	0.14315	0.01205	0.00675	0.00182	0.00272	0.01056	0.00617	0.00533
11	0.02566	0.00973	0.01327	0.01018	0.01460	0.00841	0.00841	0.02788	0.01637	0.76726	0.02257	0.01947	0.01416	0.00708	0.00575	0.00177	0.00487	0.00575	0.00708	0.00973
12	0.02174	0.01602	0.01717	0.01316	0.01774	0.01774	0.01087	0.74423	0.02689	0.03605	0.01373	0.01373	0.00973	0.00687	0.00572	0.00172	0.00629	0.00515	0.00572	0.00973
13	0.01147	0.02959	0.76934	0.01630	0.02476	0.01328	0.02113	0.01811	0.01208	0.01811	0.01026	0.01208	0.00725	0.00543	0.00543	0.00181	0.00845	0.00423	0.00242	0.00845
14	0.00810	0.00585	0.00765	0.00720	0.00855	0.00540	0.00540	0.01079	0.01619	0.02294	0.76028	0.04273	0.05397	0.01169	0.00675	0.00180	0.00270	0.01034	0.00630	0.00540
15	0.00797	0.00580	0.00751	0.00717	0.00849	0.00533	0.00534	0.01052	0.01576	0.02214	0.68845	0.08421	0.08552	0.01216	0.00678	0.00183	0.00274	0.01075	0.00620	0.00533
16	0.01147	0.02959	0.76934	0.01630	0.02476	0.01328	0.02113	0.01811	0.01208	0.01811	0.01026	0.01208	0.00725	0.00543	0.00543	0.00181	0.00845	0.00423	0.00242	0.00845
17	0.01251	0.01251	0.01752	0.01502	0.01502	0.01752	0.01251	0.01377	0.00876	0.01377	0.00751	0.01251	0.00751	0.01001	0.01877	0.00250	0.78851	0.00501	0.00250	0.00626
18	0.00788	0.00568	0.00745	0.00735	0.00850	0.00525	0.00538	0.01024	0.01517	0.02132	0.61882	0.18880	0.05084	0.01290	0.00685	0.00190	0.00282	0.01149	0.00610	0.00525
19	0.01547	0.00943	0.01011	0.00879	0.01176	0.06343	0.00695	0.03567	0.06184	0.28238	0.05048	0.05013	0.32160	0.01069	0.00625	0.00187	0.00442	0.03580	0.00582	0.00711
20	0.01560	0.73516	0.02882	0.01022	0.01488	0.06927	0.00993	0.01740	0.01184	0.01350	0.00800	0.00933	0.00735	0.00508	0.00413	0.00127	0.02534	0.00314	0.00248	0.00727
21	0.00717	0.00513	0.00682	0.00783	0.00834	0.00478	0.00533	0.00847	0.01190	0.01610	0.16294	0.65955	0.04074	0.01680	0.00720	0.00223	0.00321	0.01519	0.00549	0.00478
22	0.01177	0.08891	0.71259	0.01580	0.02398	0.01400	0.02026	0.01804	0.01204	0.01776	0.01009	0.01185	0.00725	0.00539	0.00530	0.00177	0.00827	0.00414	0.00242	0.00837
23	0.01483	0.01190	0.01293	0.01160	0.01479	0.01347	0.00921	0.09416	0.57466	0.05423	0.02314	0.02533	0.01832	0.00854	0.00604	0.00199	0.00479	0.08555	0.00580	0.00873
24	0.00832	0.00555	0.00624	0.00624	0.00624	0.00555	0.00347	0.00832	0.00832	0.01109	0.01802	0.03743	0.02080	0.79898	0.02911	0.00555	0.00555	0.00832	0.00347	0.00347
25	0.03837	0.00643	0.00733	0.00708	0.00909	0.00566	0.00531	0.01169	0.01312	0.13611	0.07150	0.20819	0.43174	0.01363	0.00661	0.00198	0.00335	0.01160	0.00557	0.00564
26	0.01268	0.01371	0.02629	0.03683	0.10369	0.04320	0.47927	0.01641	0.01296	0.01717	0.01602	0.04654	0.06666	0.07211	0.00843	0.00220	0.00827	0.00727	0.00319	0.00711
27	0.01126	0.00591	0.00597	0.00576	0.00727	0.00601	0.00437	0.05307	0.01281	0.02213	0.01839	0.02091	0.01439	0.00668	0.00409	0.00135	0.00286	0.00532	0.78587	0.00557
28	0.01066	0.00533	0.00533	0.00533	0.00666	0.00533	0.00400	0.01333	0.01200	0.02132	0.01866	0.02132	0.01466	0.00666	0.00400	0.00133	0.00267	0.00533	0.83073	0.00533
29	0.09626	0.00914	0.00902	0.00826	0.00998	0.06399	0.00634	0.08612	0.01254	0.01999	0.01496	0.01950	0.01272	0.08432	0.10362	0.02277	0.05739	0.00531	0.35202	0.00574
30	0.01309	0.05372	0.04394	0.13226	0.04764	0.01484	0.50629	0.01731	0.01266	0.01716	0.01079	0.01474	0.00834	0.00542	0.00743	0.00193	0.07615	0.00609	0.00278	0.00742
31	0.00804	0.00580	0.00759	0.00724	0.00853	0.00536	0.00539	0.01065	0.01592	0.02250	0.72246	0.08178	0.05313	0.01202	0.00678	0.00183	0.00273	0.01065	0.00625	0.00536
32	0.00696	0.00502	0.00659	0.00785	0.00827	0.00466	0.00526	0.00798	0.01106	0.01465	0.03290	0.75683	0.07536	0.01774	0.00727	0.00230	0.00330	0.01604	0.00531	0.00466
33	0.01416	0.01359	0.02322	0.03511	0.76330	0.01359	0.01755	0.01755	0.01302	0.01869	0.01076	0.01416	0.00906	0.00510	0.00566	0.00170	0.00680	0.00510	0.00283	0.00906
34	0.01419	0.01179	0.01350	0.01024	0.01513	0.00923	0.00789	0.01590	0.01320	0.02049	0.01268	0.01577	0.01100	0.02332	0.00619	0.00146	0.02368	0.00436	0.00418	0.76578
35	0.68785	0.02940	0.06273	0.02995	0.01482	0.01444	0.00876	0.04413	0.01215	0.02686	0.01087	0.01323	0.00882	0.00699	0.00490	0.00220	0.00571	0.00413	0.00430	0.00775
36	0.79058	0.01266	0.01029	0.00928	0.01295	0.01394	0.00732	0.01863	0.01147	0.04526	0.01081	0.01297	0.00875	0.00696	0.00469	0.00221	0.00527	0.00400	0.00443	0.00753
37	0.02376	0.01747	0.01859	0.01464	0.01928	0.01877	0.01176	0.71789	0.02781	0.03751	0.01601	0.01700	0.01196	0.00842	0.00674	0.00216	0.00706	0.00591	0.00645	0.01084
38	0.00955	0.00685	0.00847	0.00964	0.01020	0.00618	0.00641	0.00986	0.01248	0.01689	0.03312	0.76854	0.03899	0.01905	0.00825	0.00274	0.00420	0.01659	0.00605	0.00595
39	0.01084	0.00739	0.00808	0.00798	0.00822	0.00704	0.00464	0.01020	0.00995	0.01351	0.02013	0.03979	0.02260	0.77016	0.02923	0.00584	0.00634	0.00896	0.00428	0.00482
40	0.00942	0.00763	0.00776	0.00763	0.00970	0.00638	0.00554	0.01023	0.01466	0.01811	0.09671	0.05606	0.69596	0.01560	0.00773	0.00236	0.00378	0.01247	0.00611	0.00616
41	0.01653	0.01387	0.01452	0.01318	0.01653	0.01539	0.01001	0.03143	0.72604	0.02586	0.02519	0.02432	0.01940	0.00928	0.00683	0.00237	0.00536	0.00718	0.00654	0.01019
42	0.01653	0.01387	0.01452	0.01318	0.01653	0.01539	0.01001	0.03143	0.72604	0.02586	0.02519	0.02432	0.01940	0.00928	0.00683	0.00237	0.00536	0.00718	0.00654	0.01019
43	0.00945	0.00760	0.00782	0.00773	0.00973	0.00639	0.00559	0.01027	0.01463	0.01820	0.10652	0.08288	0.65872	0.01568	0.00775	0.00237	0.00379	0.01260	0.00612	0.00616
44	0.02339	0.02827	0.01767	0.01615	0.01923	0.74797	0.01193	0.02416	0.01753	0.01631	0.01130	0.01371	0.00969	0.00748	0.00619	0.00192	0.01093	0.00450	0.00378	0.00786
45	0.01646	0.01513	0.02441	0.03574	0.73625	0.01478	0.01819	0.01908	0.01447	0.02082	0.01315	0.01741	0.01132	0.00672	0.00668	0.00214	0.00754	0.00586	0.00367	0.01020
46	0.01653	0.01387	0.01452	0.01318	0.01653	0.01539	0.01001	0.03143	0.72604	0.02586	0.02519	0.02432	0.01940	0.00928	0.00683	0.00237	0.00536	0.00718	0.00654	0.01019
47	0.01724	0.01960	0.05850	0.02265	0.02799	0.16323	0.52716	0.02059	0.01536	0.01963	0.01331	0.01742	0.01064	0.00667	0.00730	0.00224	0.01023	0.00667	0.00373	0.02986
48	0.00955	0.00685	0.00847	0.00964	0.01020	0.00618	0.00641	0.00986	0.01248	0.01689	0.03312	0.76854	0.03899	0.01905	0.00825	0.00274	0.00420	0.01659	0.00605	0.00595
49	0.02376	0.01747	0.01859	0.01464	0.01928	0.01877	0.01176	0.71789	0.02781	0.03751	0.01601	0.01700	0.01196	0.00842	0.00674	0.00216	0.00706	0.00591	0.00645	0.01084
50	0.01070	0.00795	0.01093	0.01082	0.01205	0.00858	0.00818	0.01202	0.01079	0.01561	0.01753	0.02540	0.01636	0.04307	0.74777	0.00935	0.01574	0.00685	0.00389	0.00640
51	0.02305	0.01045	0.01330	0.01091	0.01469	0.00900	0.00856	0.02455	0.01739	0.55511	0.15066	0.02930	0.08366	0.01000	0.00701	0.00223	0.00516	0.00777	0.00748	0.00972
52	0.00967	0.00690	0.00843	0.00949	0.01002	0.00626	0.00625	0.00989	0.01224	0.01657	0.03190	0.70041	0.03746	0.08927	0.01021	0.00303	0.00440	0.01588	0.00588	0.00585
53	0.64244	0.01242	0.01117	0.00976	0.01359	0.01314	0.00772	0.02065	0.01267	0.18027	0.01347	0.01483	0.01020	0.00729	0.00509	0.00221	0.00535	0.00448	0.00508	0.00817
54	0.00935	0.00763	0.00766	0.00755	0.00965	0.00635	0.00548	0.01009	0.01448	0.01770	0.05852	0.05673	0.73440	0.01575	0.00773	0.00236	0.00379	0.01256	0.00605	0.00613
55	0.01072	0.00770	0.00925	0.00882	0.01043	0.00684	0.00641	0.01242	0.01686	0.03665	0.59676	0.08337	0.14159	0.01364	0.00773	0.00228	0.00369	0.01133	0.00684	0.00664
56	0.01305	0.00801	0.00933	0.00872	0.00986	0.00738	0.00574	0.01333	0.01287	0.11472	0.19717	0.03871	0.02963	0.47997	0.02087	0.00446	0.00557	0.00910	0.00542	0.00609
57	0.02595	0.01394	0.01641	0.01296	0.01752	0.01354	0.01038	0.31633	0.02191	0.44740	0.02096	0.02022	0.01445	0.00854	0.00675	0.00219	0.00626	0.00625	0.00721	0.01084
58	0.01388	0.03051	0.74193	0.01766	0.02603	0.01448	0.02163	0.01962	0.01356	0.02027	0.01267	0.01541	0.00958	0.00704	0.00646	0.00225	0.00914	0.00502	0.00327	0.00962
59	0.01319	0.01461	0.03086	0.09142	0.09346	0.01404	0.60206	0.01773	0.01323	0.01796	0.01177	0.03051	0.00919	0.00518	0.00658	0.00191	0.00910	0.00665	0.00290	0.00765
60	0.00689	0.00568	0.00605	0.00621	0.00787	0.00484	0.00456	0.00836	0.01297	0.01588	0.10598	0.15941	0.60600	0.01477	0.00684	0.00198	0.00294	0.01254	0.00538	0.00484
61	0.01938	0.00814	0.01104	0.00943	0.01248	0.00714	0.00737	0.02118	0.01455	0.51430	0.02558	0.28020	0.02211	0.01072	0.00627	0.00196	0.00435	0.00928	0.00648	0.00802
62	0.61878	0.01113	0.01092	0.13157	0.04440	0.01302	0.00850	0.02890	0.01050	0.03676	0.00876	0.01079	0.00678	0.00560	0.00460	0.00181	0.03367	0.00364	0.00342	0.00645
63	0.00683	0.00574	0.00586	0.00594	0.00770	0.00485	0.00437	0.00820	0.01274	0.01524	0.05488	0.09740	0.69055	0.04477	0.00765	0.00209	0.00302	0.01217	0.00524	0.00477
64	0.00905	0.00606	0.00795	0.00736	0.00887	0.00556	0.00556	0.01172	0.01620	0.06341	0.72017	0.04146	0.05181	0.01144	0.00669	0.00180	0.00282	0.01009	0.00634	0.00563
65	0.01192	0.01037	0.01270	0.00907	0.01418	0.00789	0.03499	0.01455	0.01192	0.01863	0.01022	0.01200	0.00848	0.00426	0.00433	0.00089	0.00444	0.00352	0.00337	0.80226
66	0.01500	0.01523	0.08640	0.08526	0.49175	0.03742	0.05421	0.07222	0.01415	0.05662	0.01146	0.01424	0.00903	0.00541	0.00570	0.00173	0.00712	0.00510	0.00321	0.00874
67	0.83938	0.01106	0.00841	0.00752	0.01106	0.01283	0.00619	0.01681	0.00973	0.02566	0.00796	0.00929	0.00619	0.00531	0.00354	0.00177	0.00442	0.00310	0.00354	0.00619
68	0.01423	0.01229	0.01293	0.01164	0.01487	0.01423	0.00905	0.03039	0.75297	0.02393	0.02328	0.02134	0.01746	0.00776	0.00582	0.00194	0.00453	0.00647	0.00582	0.00905
69	0.01255	0.01263	0.01814	0.01537	0.01559	0.01740	0.04051	0.01394	0.00894	0.01394	0.00766	0.01263	0.00755	0.00981	0.01831	0.00248	0.75864	0.00507	0.00252	0.00631
70	0.01465	0.26001	0.07973	0.01136	0.01553	0.01637	0.01024	0.02471	0.41526	0.04853	0.01758	0.01776	0.01372	0.00684	0.00517	0.00172	0.00537	0.02251	0.00453	0.00840
71	0.00994	0.00497	0.00745	0.00745	0.00745	0.00497	0.00497	0.00745	0.00745	0.00994	0.00994	0.01739	0.00994	0.01987	0.02235	0.83358	0.00497	0.00497	0.00248	0.00248
72	0.01167	0.06969	0.73097	0.01596	0.02423	0.01377	0.02054	0.01806	0.01205	0.01787	0.01014	0.01193	0.00725	0.00541	0.00534	0.00178	0.00833	0.00417	0.00242	0.00840
73	0.01416	0.01359	0.02322	0.03511	0.76330	0.01359	0.01755	0.01755	0.01302	0.01869	0.01076	0.01416	0.00906	0.00510	0.00566	0.00170	0.00680	0.00510	0.00283	0.00906
74	0.00832	0.00555	0.00624	0.00624	0.00624	0.00555	0.00347	0.00832	0.00832	0.01109	0.01802	0.03743	0.02080	0.79898	0.02911	0.00555	0.00555	0.00832	0.00347	0.00347
75	0.00773	0.00583	0.00714	0.00681	0.00832	0.00524	0.00511	0.01009	0.01533	0.02089	0.56807	0.04610	0.24747	0.01246	0.00675	0.00184	0.00275	0.01082	0.00603	0.00524
76	0.02060	0.01495	0.01646	0.01274	0.01695	0.01647	0.01050	0.61794	0.02450	0.07008	0.04206	0.01499	0.01147	0.00715	0.00642	0.00174	0.04856	0.00531	0.00556	0.03554
77	0.01186	0.01017	0.01186	0.00847	0.01356	0.00762	0.00678	0.01440	0.01186	0.01864	0.01017	0.01186	0.00847	0.00424	0.00424	0.00085	0.00424	0.00339	0.00339	0.83395
78	0.01186	0.02614	0.65245	0.01506	0.02258	0.01223	0.01887	0.01787	0.01272	0.05748	0.08737	0.01558	0.01237	0.00616	0.00558	0.00181	0.00768	0.00493	0.00305	0.00821
79	0.01333	0.11480	0.22377	0.02240	0.31975	0.01439	0.03436	0.01906	0.10866	0.01848	0.01286	0.01636	0.01058	0.00602	0.00551	0.00175	0.00686	0.03939	0.00318	0.00847
80	0.00702	0.00502	0.00669	0.00793	0.00831	0.00468	0.00531	0.00810	0.01121	0.01502	0.06770	0.75789	0.03863	0.01761	0.00727	0.00230	0.00329	0.01597	0.00536	0.00468
81	0.01162	0.05923	0.74099	0.01605	0.02437	0.01364	0.02070	0.01808	0.01206	0.01794	0.01018	0.01196	0.00725	0.00541	0.00537	0.00179	0.00836	0.00418	0.00242	0.00841
82	0.01771	0.01372	0.01679	0.27278	0.02468	0.01566	0.01234	0.47581	0.02123	0.02837	0.01269	0.01448	0.00917	0.00647	0.00567	0.00177	0.00663	0.00513	0.03043	0.00845
83	0.00688	0.00547	0.00614	0.00666	0.00791	0.00477	0.00470	0.00812	0.01210	0.01501	0.04654	0.34581	0.45779	0.03564	0.00754	0.00218	0.00313	0.01363	0.00526	0.00472
84	0.00702	0.00501	0.00670	0.00802	0.00838	0.00469	0.00540	0.00805	0.01100	0.01466	0.03150	0.77872	0.03772	0.01787	0.00731	0.00233	0.00336	0.03229	0.00531	0.00466
85	0.01147	0.02959	0.76934	0.01630	0.02476	0.01328	0.02113	0.01811	0.01208	0.01811	0.01026	0.01208	0.00725	0.00543	0.00543	0.00181	0.00845	0.00423	0.00242	0.00845
86	0.02081	0.01497	0.01632	0.01244	0.01707	0.01602	0.01025	0.61762	0.02453	0.07593	0.01382	0.01384	0.00983	0.00657	0.00555	0.00162	0.00597	0.00498	0.00553	0.10633

[dist]
# distance from previous block
# <min> <max>
0	102

# created by:
# /software/SequenceAnalysis/GenePrediction/augustus/3.0.1/scripts/msa2prfl.pl ./fixed/BUSCOvEOG7N5XBG.fas
