[name]
unknown

[dist]
# distance from previous block
# <min> <max>
11	631

[block]
# block no. 0 follows, 40 sequences, length 10
# corresponding to MSA columns:
# 673-682
name=unknown_A
#
# <colnr> <probs for GDERKNQSTAVLIFYWHMCP>
#	G	D	E	R	K	N	Q	S	T	A	V	L	I	F	Y	W	H	M	C	P
0	0.00709	0.00506	0.00675	0.00810	0.00843	0.00472	0.00540	0.00810	0.01113	0.01484	0.03205	0.79184	0.03846	0.01822	0.00742	0.00236	0.00337	0.01653	0.00540	0.00472
1	0.01098	0.01034	0.01744	0.78165	0.04005	0.01292	0.01615	0.01486	0.01163	0.01486	0.01034	0.01550	0.00775	0.00581	0.00581	0.00194	0.00775	0.00517	0.00258	0.00646
2	0.00883	0.00682	0.00826	0.00898	0.01002	0.00703	0.00630	0.01350	0.18587	0.01709	0.03007	0.60942	0.03356	0.01577	0.00707	0.00227	0.00366	0.01417	0.00552	0.00578
3	0.05275	0.02239	0.38100	0.01450	0.02101	0.01502	0.01577	0.31298	0.01858	0.07246	0.01255	0.01331	0.00878	0.00622	0.00558	0.00180	0.00729	0.00473	0.00417	0.00910
4	0.40501	0.01053	0.01118	0.00908	0.01316	0.01065	0.00750	0.02308	0.01349	0.41874	0.01600	0.01496	0.01061	0.00636	0.00480	0.00180	0.00474	0.00459	0.00552	0.00821
5	0.50059	0.01227	0.04515	0.19313	0.02048	0.01338	0.07276	0.01662	0.01070	0.02195	0.00902	0.01168	0.00696	0.00566	0.00514	0.00188	0.03878	0.00408	0.00321	0.00657
6	0.64178	0.01230	0.01465	0.01164	0.01578	0.01344	0.17966	0.01746	0.01080	0.02432	0.00897	0.01092	0.00690	0.00528	0.00437	0.00184	0.00576	0.00403	0.00344	0.00666
7	0.00709	0.00506	0.00675	0.00810	0.00843	0.00472	0.00540	0.00810	0.01113	0.01484	0.03205	0.79184	0.03846	0.01822	0.00742	0.00236	0.00337	0.01653	0.00540	0.00472
8	0.00764	0.00569	0.00629	0.00629	0.00779	0.00494	0.00457	0.00816	0.01191	0.01438	0.04735	0.04690	0.58009	0.01602	0.01063	0.19828	0.00344	0.01056	0.00472	0.00434
9	0.02277	0.01000	0.01315	0.00994	0.01459	0.00836	0.00815	0.02510	0.01556	0.58706	0.01996	0.01796	0.01303	0.00651	0.00548	0.00158	0.00480	0.00528	0.00631	0.20442

[dist]
# distance from previous block
# <min> <max>
0	109

[block]
# block no. 1 follows, 40 sequences, length 13
# corresponding to MSA columns:
# 793-805
name=unknown_B
#
# <colnr> <probs for GDERKNQSTAVLIFYWHMCP>
#	G	D	E	R	K	N	Q	S	T	A	V	L	I	F	Y	W	H	M	C	P
0	0.01131	0.01034	0.01582	0.54923	0.03215	0.01137	0.01337	0.01479	0.01176	0.01609	0.01034	0.01447	0.00801	0.00536	0.00536	0.00161	0.00672	0.00465	0.00284	0.25442
1	0.01144	0.01078	0.01768	0.55056	0.03354	0.01195	0.07441	0.01513	0.01190	0.01606	0.01046	0.01477	0.00803	0.00541	0.00557	0.00171	0.00717	0.00494	0.00280	0.18570
2	0.83671	0.01125	0.00855	0.00765	0.01125	0.01305	0.00630	0.01709	0.00990	0.02609	0.00810	0.00945	0.00630	0.00540	0.00360	0.00180	0.00450	0.00315	0.00360	0.00630
3	0.50643	0.01007	0.01000	0.17544	0.01689	0.01154	0.00810	0.01502	0.01088	0.02176	0.01783	0.01922	0.14315	0.00719	0.00468	0.00186	0.00492	0.00525	0.00371	0.00608
4	0.01194	0.36087	0.01737	0.00806	0.01118	0.01347	0.00717	0.01446	0.03234	0.01763	0.16686	0.02547	0.12749	0.00817	0.00493	0.00150	0.00437	0.00643	0.15391	0.00637
5	0.01206	0.01034	0.01206	0.00861	0.01378	0.00775	0.00689	0.01464	0.01206	0.01895	0.01034	0.01206	0.00861	0.00431	0.00431	0.00086	0.00431	0.00345	0.00345	0.83118
6	0.01262	0.00759	0.00953	0.00801	0.01083	0.00648	0.00626	0.01504	0.01525	0.18220	0.36366	0.03435	0.13601	0.00989	0.00618	0.00167	0.00353	0.00846	0.00590	0.15654
7	0.15828	0.00631	0.00699	0.00763	0.00849	0.00644	0.00515	0.00981	0.01033	0.01612	0.02471	0.48582	0.02885	0.18473	0.01154	0.00297	0.00407	0.01234	0.00466	0.00475
8	0.01204	0.01122	0.01802	0.45257	0.21702	0.01221	0.01489	0.01557	0.01211	0.01665	0.01049	0.01460	0.00828	0.00538	0.00553	0.00169	0.00691	0.00486	0.00282	0.15716
9	0.01853	0.01687	0.01762	0.01767	0.17826	0.16049	0.01181	0.31319	0.01941	0.02528	0.01169	0.01304	0.00905	0.00591	0.00542	0.00153	0.00692	0.00461	0.00420	0.15852
10	0.01818	0.02154	0.01820	0.15893	0.18301	0.46943	0.01357	0.02053	0.01489	0.01538	0.00966	0.01225	0.00791	0.00578	0.00546	0.00163	0.00921	0.00432	0.00290	0.00723
11	0.00853	0.00691	0.00951	0.00977	0.01012	0.00796	0.00719	0.00972	0.01030	0.01435	0.02393	0.48721	0.02776	0.04687	0.11962	0.00351	0.17495	0.01230	0.00439	0.00510
12	0.01074	0.00900	0.00955	0.00830	0.01136	0.00860	0.00646	0.07546	0.17398	0.01992	0.03867	0.03703	0.39796	0.01070	0.00611	0.00175	0.00384	0.00884	0.00519	0.15654

[dist]
# distance from previous block
# <min> <max>
24	403

# created by:
# /software/SequenceAnalysis/GenePrediction/augustus/3.0.1/scripts/msa2prfl.pl ./fixed/BUSCOvEOG7MSFBM.fas
