[name]
unknown

[dist]
# distance from previous block
# <min> <max>
0	31

[block]
# block no. 0 follows, 41 sequences, length 11
# corresponding to MSA columns:
# 31-41
name=unknown_A
#
# <colnr> <probs for GDERKNQSTAVLIFYWHMCP>
#	G	D	E	R	K	N	Q	S	T	A	V	L	I	F	Y	W	H	M	C	P
0	0.00971	0.00715	0.00959	0.01064	0.01215	0.00734	0.00920	0.01369	0.08653	0.01779	0.02959	0.06024	0.03139	0.01500	0.00769	0.00256	0.00519	0.65357	0.00532	0.00564
1	0.00709	0.00503	0.00660	0.00781	0.00811	0.00473	0.00514	0.00800	0.01071	0.01428	0.03029	0.72604	0.03628	0.08925	0.00929	0.00262	0.00352	0.01554	0.00514	0.00454
2	0.00877	0.00550	0.00606	0.00606	0.00632	0.00550	0.00357	0.00929	0.00903	0.01307	0.01815	0.03432	0.01961	0.64586	0.02426	0.00473	0.00499	0.00774	0.16334	0.00383
3	0.01481	0.01565	0.01830	0.31242	0.02643	0.19638	0.07011	0.07731	0.01344	0.01635	0.00968	0.01337	0.00780	0.00671	0.00847	0.00192	0.17627	0.00487	0.00292	0.00679
4	0.02036	0.01440	0.01620	0.01274	0.01660	0.01602	0.01046	0.55698	0.02311	0.10606	0.01504	0.05966	0.01159	0.00784	0.00711	0.00184	0.08355	0.00584	0.00552	0.00909
5	0.00759	0.00559	0.00711	0.00723	0.00836	0.00510	0.00523	0.00963	0.01426	0.01953	0.45559	0.26120	0.14468	0.01386	0.00691	0.00197	0.00290	0.01228	0.00588	0.00510
6	0.00755	0.00543	0.00716	0.00757	0.00843	0.00503	0.00535	0.00943	0.01366	0.01892	0.40865	0.40582	0.04618	0.01470	0.00701	0.00205	0.00300	0.01320	0.00582	0.00503
7	0.01296	0.24661	0.01976	0.33914	0.02469	0.05266	0.01219	0.01549	0.01161	0.04111	0.01179	0.09147	0.01079	0.00715	0.00645	0.00177	0.07923	0.00555	0.00297	0.00660
8	0.01226	0.01261	0.02427	0.39925	0.12765	0.01349	0.29370	0.01640	0.01243	0.01655	0.01078	0.01518	0.00821	0.00530	0.00611	0.00189	0.00829	0.00572	0.00271	0.00722
9	0.26076	0.01120	0.01235	0.01087	0.07162	0.01066	0.00799	0.08444	0.01317	0.09757	0.01113	0.01221	0.00853	0.00515	0.00443	0.00136	0.00475	0.00384	0.00398	0.36401
10	0.01477	0.01087	0.01957	0.10083	0.07895	0.01041	0.24530	0.01805	0.01412	0.20045	0.13198	0.09288	0.01965	0.00777	0.00636	0.00189	0.00638	0.00764	0.00462	0.00752

[dist]
# distance from previous block
# <min> <max>
6	14

[block]
# block no. 1 follows, 41 sequences, length 38
# corresponding to MSA columns:
# 58-95
name=unknown_B
#
# <colnr> <probs for GDERKNQSTAVLIFYWHMCP>
#	G	D	E	R	K	N	Q	S	T	A	V	L	I	F	Y	W	H	M	C	P
0	0.01363	0.01411	0.05316	0.14254	0.06641	0.01428	0.31979	0.10818	0.04451	0.01951	0.01267	0.05744	0.01043	0.00664	0.00760	0.00196	0.08975	0.00642	0.00338	0.00759
1	0.00822	0.00623	0.00883	0.00881	0.00967	0.00710	0.00666	0.00988	0.00938	0.01323	0.01864	0.07241	0.05704	0.13063	0.56556	0.00766	0.04449	0.00729	0.00335	0.00491
2	0.01317	0.01094	0.01256	0.00909	0.01411	0.00896	0.00732	0.11096	0.01385	0.02094	0.01064	0.01211	0.00864	0.00458	0.00443	0.00096	0.00451	0.00362	0.00370	0.72490
3	0.00697	0.00498	0.00664	0.00796	0.00830	0.00465	0.00531	0.00796	0.01095	0.01460	0.03153	0.79525	0.03783	0.01792	0.00730	0.00232	0.00332	0.01626	0.00531	0.00465
4	0.05987	0.01515	0.02911	0.02110	0.02649	0.01485	0.56586	0.12562	0.04418	0.02155	0.01215	0.01508	0.00904	0.00526	0.00639	0.00189	0.00866	0.00630	0.00346	0.00798
5	0.02056	0.01557	0.01721	0.01340	0.01739	0.01771	0.01108	0.65085	0.02458	0.03320	0.01294	0.01358	0.00944	0.00727	0.00739	0.00182	0.10629	0.00513	0.00531	0.00928
6	0.00697	0.00498	0.00664	0.00796	0.00830	0.00465	0.00531	0.00796	0.01095	0.01460	0.03153	0.79525	0.03783	0.01792	0.00730	0.00232	0.00332	0.01626	0.00531	0.00465
7	0.00697	0.00498	0.00664	0.00796	0.00830	0.00465	0.00531	0.00796	0.01095	0.01460	0.03153	0.79525	0.03783	0.01792	0.00730	0.00232	0.00332	0.01626	0.00531	0.00465
8	0.11618	0.10650	0.16384	0.01230	0.01705	0.01455	0.04132	0.05698	0.30866	0.08140	0.01611	0.01590	0.01193	0.00646	0.00525	0.00179	0.00579	0.00512	0.00446	0.00842
9	0.61885	0.01029	0.00854	0.00756	0.01080	0.01162	0.00616	0.05640	0.01133	0.05480	0.01071	0.01202	0.00817	0.00570	0.00383	0.00169	0.00424	0.00370	0.14722	0.00638
10	0.00818	0.00610	0.00903	0.00903	0.00999	0.00706	0.00695	0.01011	0.00914	0.01316	0.01547	0.02330	0.01466	0.08465	0.73505	0.00899	0.01478	0.00625	0.00309	0.00502
11	0.01233	0.01498	0.10878	0.11363	0.02752	0.01287	0.47724	0.01684	0.01283	0.01781	0.01303	0.06608	0.01069	0.00597	0.00633	0.00190	0.00839	0.00679	0.05871	0.00727
12	0.01066	0.00533	0.00533	0.00533	0.00666	0.00533	0.00400	0.01333	0.01200	0.02132	0.01866	0.02132	0.01466	0.00666	0.00400	0.00133	0.00267	0.00533	0.83073	0.00533
13	0.02065	0.01592	0.01499	0.01223	0.01603	0.17493	0.00977	0.32747	0.07372	0.17704	0.08441	0.01740	0.01478	0.00722	0.00571	0.00170	0.00640	0.00554	0.00547	0.00862
14	0.11155	0.00920	0.01221	0.29383	0.05166	0.02401	0.01018	0.04834	0.01194	0.01811	0.01560	0.01925	0.06067	0.01268	0.13431	0.00299	0.00731	0.00551	0.14452	0.00612
15	0.04843	0.02040	0.11242	0.05655	0.01854	0.33940	0.03220	0.01811	0.01282	0.01512	0.01026	0.06246	0.00937	0.00762	0.00887	0.00189	0.21095	0.00505	0.00292	0.00664
16	0.01529	0.80242	0.02997	0.00979	0.01468	0.02263	0.00979	0.01713	0.01162	0.01346	0.00795	0.00918	0.00734	0.00489	0.00367	0.00122	0.00612	0.00306	0.00245	0.00734
17	0.01214	0.16563	0.63919	0.01516	0.02298	0.01493	0.01914	0.01794	0.01200	0.01729	0.00986	0.01157	0.00726	0.00534	0.00512	0.00171	0.00804	0.00402	0.00242	0.00826
18	0.01223	0.01210	0.01698	0.01464	0.01470	0.01685	0.01217	0.01353	0.00879	0.01373	0.00802	0.01316	0.00795	0.01215	0.06797	0.00294	0.73830	0.00508	0.00254	0.00618
19	0.01108	0.00938	0.01010	0.00928	0.01192	0.00991	0.00710	0.02026	0.39627	0.02047	0.08007	0.09867	0.21593	0.01043	0.00615	0.00189	0.00386	0.00884	0.00551	0.06288
20	0.02174	0.01602	0.01717	0.01316	0.01774	0.01774	0.01087	0.74423	0.02689	0.03605	0.01373	0.01373	0.00973	0.00687	0.00572	0.00172	0.00629	0.00515	0.00572	0.00973
21	0.00817	0.00613	0.00919	0.00919	0.01021	0.00715	0.00715	0.01021	0.00919	0.01328	0.01532	0.02247	0.01430	0.04290	0.77631	0.00919	0.01532	0.00613	0.00306	0.00511
22	0.83938	0.01106	0.00841	0.00752	0.01106	0.01283	0.00619	0.01681	0.00973	0.02566	0.00796	0.00929	0.00619	0.00531	0.00354	0.00177	0.00442	0.00310	0.00354	0.00619
23	0.01475	0.02730	0.53881	0.01549	0.02243	0.16292	0.01789	0.05967	0.01394	0.05914	0.01085	0.01223	0.00778	0.00569	0.00541	0.00174	0.00850	0.00425	0.00296	0.00824
24	0.01244	0.01046	0.01265	0.01145	0.01415	0.01144	0.05596	0.06133	0.40679	0.02128	0.02578	0.10439	0.06592	0.03984	0.00727	0.00221	0.00489	0.11885	0.00537	0.00753
25	0.73925	0.01224	0.05992	0.00826	0.01218	0.01262	0.00732	0.01750	0.01025	0.06559	0.00892	0.01003	0.00670	0.00541	0.00379	0.00177	0.00472	0.00332	0.00366	0.00654
26	0.01220	0.12469	0.01358	0.00936	0.01206	0.00928	0.05463	0.01520	0.03965	0.12656	0.37943	0.03412	0.08360	0.00989	0.00619	0.00178	0.00419	0.05158	0.00548	0.00653
27	0.01423	0.01078	0.01255	0.00924	0.01412	0.00900	0.00744	0.08425	0.05418	0.09211	0.01240	0.01328	0.00962	0.00494	0.00461	0.00108	0.00450	0.00395	0.00409	0.63363
28	0.00810	0.00585	0.00765	0.00720	0.00855	0.00540	0.00540	0.01079	0.01619	0.02294	0.76028	0.04273	0.05397	0.01169	0.00675	0.00180	0.00270	0.01034	0.00630	0.00540
29	0.01186	0.01017	0.01186	0.00847	0.01356	0.00762	0.00678	0.01440	0.01186	0.01864	0.01017	0.01186	0.00847	0.00424	0.00424	0.00085	0.00424	0.00339	0.00339	0.83395
30	0.01186	0.01017	0.01186	0.00847	0.01356	0.00762	0.00678	0.01440	0.01186	0.01864	0.01017	0.01186	0.00847	0.00424	0.00424	0.00085	0.00424	0.00339	0.00339	0.83395
31	0.00832	0.00555	0.00624	0.00624	0.00624	0.00555	0.00347	0.00832	0.00832	0.01109	0.01802	0.03743	0.02080	0.79898	0.02911	0.00555	0.00555	0.00832	0.00347	0.00347
32	0.83938	0.01106	0.00841	0.00752	0.01106	0.01283	0.00619	0.01681	0.00973	0.02566	0.00796	0.00929	0.00619	0.00531	0.00354	0.00177	0.00442	0.00310	0.00354	0.00619
33	0.00997	0.00527	0.00557	0.00582	0.00697	0.00520	0.00424	0.01233	0.01180	0.02007	0.02106	0.16565	0.01898	0.00876	0.00461	0.00152	0.00279	0.00737	0.67680	0.00520
34	0.01673	0.01271	0.04283	0.01164	0.01538	0.01331	0.00951	0.07262	0.54126	0.16453	0.02206	0.02017	0.01597	0.00749	0.00579	0.00189	0.00485	0.00616	0.00592	0.00920
35	0.00832	0.00555	0.00624	0.00624	0.00624	0.00555	0.00347	0.00832	0.00832	0.01109	0.01802	0.03743	0.02080	0.79898	0.02911	0.00555	0.00555	0.00832	0.00347	0.00347
36	0.02051	0.01483	0.01585	0.01229	0.01651	0.01636	0.01011	0.66309	0.02524	0.03441	0.01428	0.01458	0.01028	0.00684	0.00553	0.00167	0.00589	0.00517	0.09731	0.00924
37	0.02005	0.01468	0.01584	0.01259	0.01681	0.01627	0.01025	0.51720	0.21311	0.07716	0.01672	0.01604	0.01199	0.00711	0.00575	0.00178	0.00575	0.00553	0.00583	0.00955

[dist]
# distance from previous block
# <min> <max>
1	3

[block]
# block no. 2 follows, 41 sequences, length 24
# corresponding to MSA columns:
# 100-123
name=unknown_C
#
# <colnr> <probs for GDERKNQSTAVLIFYWHMCP>
#	G	D	E	R	K	N	Q	S	T	A	V	L	I	F	Y	W	H	M	C	P
0	0.08038	0.01098	0.01327	0.04762	0.05232	0.01017	0.00852	0.05500	0.01224	0.01948	0.00994	0.01210	0.00824	0.00518	0.00590	0.00123	0.08539	0.00379	0.00337	0.55488
1	0.14610	0.08879	0.01612	0.01281	0.01625	0.48114	0.01004	0.08995	0.01585	0.05941	0.00985	0.01089	0.00778	0.00588	0.00487	0.00154	0.00838	0.00379	0.00349	0.00709
2	0.01129	0.00901	0.01314	0.01232	0.01444	0.04891	0.11900	0.01388	0.01315	0.06470	0.02545	0.12905	0.02672	0.04570	0.00826	0.00250	0.00597	0.42583	0.00483	0.00585
3	0.01261	0.02263	0.42643	0.01854	0.04010	0.01380	0.23999	0.04506	0.01290	0.01865	0.01065	0.01322	0.00788	0.00549	0.00654	0.00184	0.05158	0.00506	0.00274	0.04430
4	0.01498	0.01601	0.01718	0.05323	0.01700	0.19366	0.01225	0.05510	0.01160	0.01506	0.00828	0.01220	0.00760	0.00867	0.01426	0.00219	0.52669	0.00471	0.00278	0.00653
5	0.00761	0.00576	0.00637	0.00622	0.00789	0.00507	0.00466	0.00960	0.01398	0.01856	0.28860	0.04746	0.44789	0.01275	0.00647	0.00183	0.00281	0.01080	0.09062	0.00507
6	0.00696	0.00503	0.00658	0.00783	0.00826	0.00466	0.00525	0.00798	0.01108	0.01466	0.03322	0.74779	0.08419	0.01770	0.00727	0.00230	0.00329	0.01599	0.00531	0.00466
7	0.02566	0.00973	0.01327	0.01018	0.01460	0.00841	0.00841	0.02788	0.01637	0.76726	0.02257	0.01947	0.01416	0.00708	0.00575	0.00177	0.00487	0.00575	0.00708	0.00973
8	0.00954	0.00617	0.00811	0.00744	0.00904	0.00564	0.00564	0.01219	0.01621	0.08396	0.69980	0.04082	0.05071	0.01132	0.00666	0.00180	0.00288	0.00997	0.00636	0.00575
9	0.02566	0.00973	0.01327	0.01018	0.01460	0.00841	0.00841	0.02788	0.01637	0.76726	0.02257	0.01947	0.01416	0.00708	0.00575	0.00177	0.00487	0.00575	0.00708	0.00973
10	0.02137	0.02726	0.01621	0.01474	0.01768	0.77602	0.01105	0.02284	0.01621	0.01400	0.00884	0.01031	0.00737	0.00589	0.00516	0.00147	0.01031	0.00368	0.00295	0.00663
11	0.01147	0.02959	0.76934	0.01630	0.02476	0.01328	0.02113	0.01811	0.01208	0.01811	0.01026	0.01208	0.00725	0.00543	0.00543	0.00181	0.00845	0.00423	0.00242	0.00845
12	0.01147	0.02959	0.76934	0.01630	0.02476	0.01328	0.02113	0.01811	0.01208	0.01811	0.01026	0.01208	0.00725	0.00543	0.00543	0.00181	0.00845	0.00423	0.00242	0.00845
13	0.83938	0.01106	0.00841	0.00752	0.01106	0.01283	0.00619	0.01681	0.00973	0.02566	0.00796	0.00929	0.00619	0.00531	0.00354	0.00177	0.00442	0.00310	0.00354	0.00619
14	0.00779	0.00563	0.00609	0.00609	0.00674	0.00530	0.00376	0.00828	0.00991	0.01256	0.03145	0.04336	0.26973	0.53514	0.02160	0.00433	0.00465	0.00958	0.00409	0.00392
15	0.00803	0.00584	0.00755	0.00712	0.00850	0.00537	0.00534	0.01066	0.01602	0.02254	0.72329	0.04338	0.09121	0.01184	0.00675	0.00181	0.00271	0.01044	0.00624	0.00537
16	0.01173	0.01069	0.01672	0.66492	0.03573	0.01313	0.01492	0.05467	0.08859	0.01670	0.01170	0.01580	0.00875	0.00599	0.00573	0.00190	0.00724	0.00523	0.00305	0.00681
17	0.00699	0.00516	0.00646	0.00748	0.00809	0.00472	0.00504	0.00803	0.01121	0.01459	0.03577	0.62229	0.17075	0.05446	0.00824	0.00240	0.00335	0.01511	0.00522	0.00462
18	0.00819	0.00607	0.00889	0.00889	0.00980	0.00698	0.00677	0.01002	0.00910	0.01305	0.01560	0.02401	0.01497	0.12074	0.69939	0.00882	0.01431	0.00635	0.00311	0.00494
19	0.02005	0.19576	0.01920	0.01366	0.01703	0.61225	0.01078	0.02160	0.01521	0.01388	0.00865	0.01007	0.00736	0.00568	0.00483	0.00142	0.00940	0.00355	0.00284	0.00679
20	0.01484	0.01215	0.01295	0.01156	0.01486	0.01391	0.00902	0.03026	0.71346	0.06380	0.02324	0.02124	0.01728	0.00772	0.00582	0.00193	0.00455	0.00643	0.00589	0.00909
21	0.09663	0.02460	0.57127	0.01560	0.05095	0.01304	0.01803	0.01712	0.01160	0.01844	0.01104	0.05514	0.00891	0.00639	0.00621	0.00188	0.05770	0.00486	0.00271	0.00789
22	0.01990	0.01609	0.09372	0.05137	0.01879	0.01567	0.01166	0.52720	0.03895	0.09650	0.01437	0.01459	0.01011	0.00669	0.00563	0.00173	0.00628	0.00514	0.03635	0.00925
23	0.05889	0.01322	0.02451	0.20331	0.10437	0.01369	0.35572	0.06347	0.01344	0.01908	0.01136	0.01504	0.00867	0.00542	0.00626	0.00186	0.02423	0.00577	0.04426	0.00743

[dist]
# distance from previous block
# <min> <max>
0	2

[block]
# block no. 3 follows, 41 sequences, length 52
# corresponding to MSA columns:
# 126-177
name=unknown_D
#
# <colnr> <probs for GDERKNQSTAVLIFYWHMCP>
#	G	D	E	R	K	N	Q	S	T	A	V	L	I	F	Y	W	H	M	C	P
0	0.01389	0.01488	0.10769	0.38724	0.14435	0.01416	0.09735	0.07894	0.04412	0.01931	0.01238	0.01635	0.00957	0.00641	0.00627	0.00205	0.00791	0.00559	0.00341	0.00813
1	0.01613	0.01562	0.02137	0.06569	0.52865	0.11201	0.01590	0.06465	0.01469	0.01967	0.01205	0.01569	0.01017	0.00831	0.05126	0.00233	0.00810	0.00533	0.00342	0.00896
2	0.01350	0.01215	0.01825	0.02404	0.43919	0.01179	0.01317	0.06307	0.05806	0.01974	0.01341	0.08309	0.01202	0.00631	0.00551	0.00158	0.00576	0.00579	0.00354	0.19002
3	0.00916	0.00544	0.00607	0.00616	0.00730	0.00523	0.00443	0.01130	0.01247	0.01944	0.16888	0.13210	0.08775	0.07329	0.00722	0.00194	0.00301	0.00856	0.42519	0.00506
4	0.00838	0.00591	0.00708	0.00715	0.00784	0.00574	0.00473	0.03870	0.01183	0.01598	0.19516	0.22883	0.07490	0.34364	0.01623	0.00351	0.00421	0.01087	0.00478	0.00454
5	0.01384	0.01339	0.02319	0.09799	0.66829	0.01356	0.05086	0.01734	0.01291	0.01833	0.01075	0.01431	0.00892	0.00514	0.00572	0.00173	0.00700	0.00517	0.00281	0.00877
6	0.01230	0.02842	0.72502	0.01594	0.02416	0.01300	0.02039	0.01869	0.01233	0.06204	0.01099	0.01251	0.00765	0.00553	0.00545	0.00181	0.00824	0.00432	0.00269	0.00853
7	0.00986	0.00500	0.00739	0.00739	0.00739	0.00500	0.00490	0.00749	0.00749	0.00999	0.01032	0.01834	0.01045	0.05708	0.02268	0.79404	0.00500	0.00513	0.00253	0.00253
8	0.00953	0.00764	0.01240	0.01214	0.01397	0.00746	0.11406	0.01227	0.01292	0.01696	0.02776	0.15424	0.03009	0.01450	0.00766	0.00249	0.00564	0.52779	0.00493	0.00554
9	0.02566	0.00973	0.01327	0.01018	0.01460	0.00841	0.00841	0.02788	0.01637	0.76726	0.02257	0.01947	0.01416	0.00708	0.00575	0.00177	0.00487	0.00575	0.00708	0.00973
10	0.01251	0.01251	0.01752	0.01502	0.01502	0.01752	0.01251	0.01377	0.00876	0.01377	0.00751	0.01251	0.00751	0.01001	0.01877	0.00250	0.78851	0.00501	0.00250	0.00626
11	0.01263	0.06216	0.14376	0.01025	0.01293	0.01002	0.00923	0.12828	0.04722	0.01641	0.01111	0.01554	0.00963	0.01375	0.01477	0.46320	0.00584	0.00482	0.00314	0.00530
12	0.02137	0.02726	0.01621	0.01474	0.01768	0.77602	0.01105	0.02284	0.01621	0.01400	0.00884	0.01031	0.00737	0.00589	0.00516	0.00147	0.01031	0.00368	0.00295	0.00663
13	0.02566	0.00973	0.01327	0.01018	0.01460	0.00841	0.00841	0.02788	0.01637	0.76726	0.02257	0.01947	0.01416	0.00708	0.00575	0.00177	0.00487	0.00575	0.00708	0.00973
14	0.00803	0.00584	0.00756	0.00713	0.00851	0.00537	0.00535	0.01067	0.01605	0.02259	0.72788	0.04329	0.08659	0.01182	0.00675	0.00181	0.00271	0.01042	0.00625	0.00537
15	0.00832	0.00555	0.00624	0.00624	0.00624	0.00555	0.00347	0.00832	0.00832	0.01109	0.01802	0.03743	0.02080	0.79898	0.02911	0.00555	0.00555	0.00832	0.00347	0.00347
16	0.01529	0.80242	0.02997	0.00979	0.01468	0.02263	0.00979	0.01713	0.01162	0.01346	0.00795	0.00918	0.00734	0.00489	0.00367	0.00122	0.00612	0.00306	0.00245	0.00734
17	0.00690	0.00525	0.00636	0.00725	0.00811	0.00471	0.00499	0.00805	0.01164	0.01488	0.04028	0.55007	0.27736	0.01678	0.00712	0.00219	0.00318	0.01487	0.00531	0.00471
18	0.02527	0.00982	0.01326	0.01023	0.01461	0.00860	0.00843	0.02796	0.04142	0.74198	0.02259	0.01953	0.01427	0.00710	0.00575	0.00178	0.00486	0.00578	0.00704	0.00971
19	0.00994	0.00497	0.00745	0.00745	0.00745	0.00497	0.00497	0.00745	0.00745	0.00994	0.00994	0.01739	0.00994	0.01987	0.02235	0.83358	0.00497	0.00497	0.00248	0.00248
20	0.00816	0.00589	0.00774	0.00739	0.00874	0.00547	0.00562	0.01086	0.01601	0.02260	0.71748	0.04400	0.05274	0.01193	0.00681	0.00185	0.00285	0.05223	0.00624	0.00539
21	0.01186	0.01017	0.01186	0.00847	0.01356	0.00762	0.00678	0.01440	0.01186	0.01864	0.01017	0.01186	0.00847	0.00424	0.00424	0.00085	0.00424	0.00339	0.00339	0.83395
22	0.77262	0.01099	0.00911	0.07019	0.01334	0.01282	0.00698	0.01664	0.00987	0.02477	0.00814	0.00977	0.00631	0.00534	0.00372	0.00178	0.00468	0.00326	0.00346	0.00621
23	0.01165	0.02848	0.72117	0.01601	0.02413	0.01334	0.02036	0.01890	0.05926	0.01848	0.01109	0.01267	0.00790	0.00558	0.00546	0.00182	0.00820	0.00437	0.00263	0.00849
24	0.01149	0.01027	0.04511	0.01041	0.01193	0.05795	0.00818	0.04334	0.01161	0.05944	0.01957	0.31512	0.02131	0.11153	0.01184	0.00252	0.16780	0.00954	0.00419	0.06685
25	0.01373	0.01290	0.02196	0.12113	0.49859	0.01335	0.08843	0.04756	0.01326	0.01890	0.01129	0.01480	0.00918	0.00548	0.00610	0.00175	0.03238	0.00527	0.05564	0.00830
26	0.00710	0.00515	0.00673	0.00787	0.00842	0.00478	0.00541	0.00828	0.01144	0.01513	0.06435	0.67128	0.09614	0.01729	0.00726	0.00228	0.00335	0.04766	0.00535	0.00472
27	0.00810	0.00585	0.00765	0.00720	0.00855	0.00540	0.00540	0.01079	0.01619	0.02294	0.76028	0.04273	0.05397	0.01169	0.00675	0.00180	0.00270	0.01034	0.00630	0.00540
28	0.01423	0.01229	0.01293	0.01164	0.01487	0.01423	0.00905	0.03039	0.75297	0.02393	0.02328	0.02134	0.01746	0.00776	0.00582	0.00194	0.00453	0.00647	0.00582	0.00905
29	0.02566	0.00973	0.01327	0.01018	0.01460	0.00841	0.00841	0.02788	0.01637	0.76726	0.02257	0.01947	0.01416	0.00708	0.00575	0.00177	0.00487	0.00575	0.00708	0.00973
30	0.02426	0.01199	0.01467	0.01125	0.01573	0.01176	0.00929	0.28500	0.02015	0.50480	0.01940	0.01741	0.01257	0.00700	0.00574	0.00175	0.00538	0.00554	0.00659	0.00973
31	0.83938	0.01106	0.00841	0.00752	0.01106	0.01283	0.00619	0.01681	0.00973	0.02566	0.00796	0.00929	0.00619	0.00531	0.00354	0.00177	0.00442	0.00310	0.00354	0.00619
32	0.01529	0.80242	0.02997	0.00979	0.01468	0.02263	0.00979	0.01713	0.01162	0.01346	0.00795	0.00918	0.00734	0.00489	0.00367	0.00122	0.00612	0.00306	0.00245	0.00734
33	0.01350	0.01543	0.03375	0.02411	0.02989	0.01446	0.74253	0.01832	0.01350	0.01832	0.01157	0.01543	0.00868	0.00482	0.00675	0.00193	0.00964	0.00675	0.00289	0.00771
34	0.01392	0.01157	0.01260	0.01156	0.01456	0.01316	0.00922	0.08069	0.56931	0.02365	0.02379	0.02831	0.01958	0.00910	0.00618	0.00204	0.00479	0.13183	0.00572	0.00844
35	0.02566	0.00973	0.01327	0.01018	0.01460	0.00841	0.00841	0.02788	0.01637	0.76726	0.02257	0.01947	0.01416	0.00708	0.00575	0.00177	0.00487	0.00575	0.00708	0.00973
36	0.01349	0.01291	0.02202	0.18329	0.62030	0.01342	0.01722	0.01697	0.01271	0.01788	0.01064	0.01437	0.00878	0.00522	0.00567	0.00174	0.00696	0.00509	0.00277	0.00853
37	0.00774	0.00537	0.00648	0.00693	0.00724	0.00517	0.00433	0.00838	0.01013	0.01352	0.08417	0.31546	0.06382	0.41453	0.01833	0.00390	0.00438	0.01155	0.00445	0.00411
38	0.00994	0.00497	0.00745	0.00745	0.00745	0.00497	0.00497	0.00745	0.00745	0.00994	0.00994	0.01739	0.00994	0.01987	0.02235	0.83358	0.00497	0.00497	0.00248	0.00248
39	0.01529	0.80242	0.02997	0.00979	0.01468	0.02263	0.00979	0.01713	0.01162	0.01346	0.00795	0.00918	0.00734	0.00489	0.00367	0.00122	0.00612	0.00306	0.00245	0.00734
40	0.00806	0.00585	0.00760	0.00716	0.00852	0.00538	0.00537	0.01073	0.01611	0.02275	0.74230	0.04304	0.07207	0.01177	0.00675	0.00180	0.00270	0.01039	0.00627	0.00538
41	0.01379	0.01368	0.02075	0.10737	0.55657	0.06757	0.01587	0.01688	0.01291	0.01752	0.01343	0.01653	0.05662	0.00602	0.00626	0.00175	0.03988	0.00543	0.00295	0.00822
42	0.02325	0.04778	0.01476	0.01088	0.01524	0.01145	0.00901	0.16513	0.09407	0.51554	0.02027	0.01809	0.01333	0.00701	0.00566	0.00175	0.00516	0.00559	0.00648	0.00955
43	0.83938	0.01106	0.00841	0.00752	0.01106	0.01283	0.00619	0.01681	0.00973	0.02566	0.00796	0.00929	0.00619	0.00531	0.00354	0.00177	0.00442	0.00310	0.00354	0.00619
44	0.01190	0.11571	0.68695	0.01558	0.02363	0.01433	0.01987	0.01800	0.01203	0.01760	0.01001	0.01175	0.00726	0.00537	0.00524	0.00175	0.00819	0.00410	0.00242	0.00833
45	0.00702	0.00502	0.00668	0.00793	0.00831	0.00468	0.00531	0.00809	0.01119	0.01498	0.06442	0.76128	0.03856	0.01764	0.00728	0.00230	0.00329	0.01599	0.00535	0.00468
46	0.00696	0.00547	0.00631	0.00694	0.00815	0.00482	0.00497	0.00826	0.01214	0.01515	0.04530	0.37666	0.41612	0.01603	0.00704	0.00213	0.00318	0.04429	0.00531	0.00477
47	0.83938	0.01106	0.00841	0.00752	0.01106	0.01283	0.00619	0.01681	0.00973	0.02566	0.00796	0.00929	0.00619	0.00531	0.00354	0.00177	0.00442	0.00310	0.00354	0.00619
48	0.04751	0.01225	0.04819	0.01101	0.01431	0.01289	0.00899	0.06786	0.52627	0.02397	0.11095	0.02388	0.05063	0.00824	0.00585	0.00190	0.00453	0.00683	0.00559	0.00834
49	0.01000	0.00539	0.00559	0.00559	0.00654	0.00539	0.00385	0.01191	0.01095	0.01842	0.01848	0.02589	0.01640	0.23127	0.01112	0.00253	0.00348	0.00618	0.59622	0.00480
50	0.01416	0.01359	0.02322	0.03511	0.76330	0.01359	0.01755	0.01755	0.01302	0.01869	0.01076	0.01416	0.00906	0.00510	0.00566	0.00170	0.00680	0.00510	0.00283	0.00906
51	0.83938	0.01106	0.00841	0.00752	0.01106	0.01283	0.00619	0.01681	0.00973	0.02566	0.00796	0.00929	0.00619	0.00531	0.00354	0.00177	0.00442	0.00310	0.00354	0.00619

[dist]
# distance from previous block
# <min> <max>
0	1

[block]
# block no. 4 follows, 41 sequences, length 11
# corresponding to MSA columns:
# 179-189
name=unknown_E
#
# <colnr> <probs for GDERKNQSTAVLIFYWHMCP>
#	G	D	E	R	K	N	Q	S	T	A	V	L	I	F	Y	W	H	M	C	P
0	0.01269	0.06330	0.01832	0.01468	0.01500	0.01785	0.01234	0.01398	0.00894	0.01375	0.00754	0.01230	0.00750	0.00968	0.01780	0.00242	0.73821	0.00488	0.00250	0.00633
1	0.01267	0.01410	0.03030	0.02205	0.02714	0.01321	0.64857	0.01700	0.01318	0.01785	0.01411	0.11482	0.01239	0.00649	0.00682	0.00198	0.00884	0.00796	0.00320	0.00732
2	0.01066	0.00533	0.00533	0.00533	0.00666	0.00533	0.00400	0.01333	0.01200	0.02132	0.01866	0.02132	0.01466	0.00666	0.00400	0.00133	0.00267	0.00533	0.83073	0.00533
3	0.02174	0.01602	0.01717	0.01316	0.01774	0.01774	0.01087	0.74423	0.02689	0.03605	0.01373	0.01373	0.00973	0.00687	0.00572	0.00172	0.00629	0.00515	0.00572	0.00973
4	0.00697	0.00498	0.00664	0.00796	0.00830	0.00465	0.00531	0.00796	0.01095	0.01460	0.03153	0.79525	0.03783	0.01792	0.00730	0.00232	0.00332	0.01626	0.00531	0.00465
5	0.01416	0.01359	0.02322	0.03511	0.76330	0.01359	0.01755	0.01755	0.01302	0.01869	0.01076	0.01416	0.00906	0.00510	0.00566	0.00170	0.00680	0.00510	0.00283	0.00906
6	0.02174	0.01602	0.01717	0.01316	0.01774	0.01774	0.01087	0.74423	0.02689	0.03605	0.01373	0.01373	0.00973	0.00687	0.00572	0.00172	0.00629	0.00515	0.00572	0.00973
7	0.00810	0.00585	0.00765	0.00720	0.00855	0.00540	0.00540	0.01079	0.01619	0.02294	0.76028	0.04273	0.05397	0.01169	0.00675	0.00180	0.00270	0.01034	0.00630	0.00540
8	0.02541	0.01014	0.01352	0.01037	0.01480	0.00901	0.00857	0.07393	0.01705	0.72025	0.02200	0.01910	0.01387	0.00707	0.00575	0.00177	0.00496	0.00571	0.00699	0.00973
9	0.00832	0.00555	0.00624	0.00624	0.00624	0.00555	0.00347	0.00832	0.00832	0.01109	0.01802	0.03743	0.02080	0.79898	0.02911	0.00555	0.00555	0.00832	0.00347	0.00347
10	0.02066	0.01463	0.01603	0.01247	0.01683	0.01592	0.01024	0.57754	0.07635	0.09580	0.01509	0.01502	0.01078	0.00821	0.03469	0.00199	0.00631	0.00527	0.00566	0.04054

[dist]
# distance from previous block
# <min> <max>
3	6

[block]
# block no. 5 follows, 41 sequences, length 31
# corresponding to MSA columns:
# 196-226
name=unknown_F
#
# <colnr> <probs for GDERKNQSTAVLIFYWHMCP>
#	G	D	E	R	K	N	Q	S	T	A	V	L	I	F	Y	W	H	M	C	P
0	0.02774	0.01161	0.01503	0.01195	0.01645	0.00995	0.00950	0.02914	0.01784	0.73765	0.02472	0.02286	0.01646	0.00880	0.00688	0.00226	0.00578	0.00657	0.00783	0.01097
1	0.00810	0.00585	0.00765	0.00720	0.00855	0.00540	0.00540	0.01079	0.01619	0.02294	0.76028	0.04273	0.05397	0.01169	0.00675	0.00180	0.00270	0.01034	0.00630	0.00540
2	0.00832	0.00555	0.00624	0.00624	0.00624	0.00555	0.00347	0.00832	0.00832	0.01109	0.01802	0.03743	0.02080	0.79898	0.02911	0.00555	0.00555	0.00832	0.00347	0.00347
3	0.01194	0.00656	0.00669	0.00623	0.00794	0.00676	0.00479	0.09732	0.01371	0.02302	0.01809	0.02045	0.01409	0.00669	0.00420	0.00138	0.00308	0.00531	0.73593	0.00584
4	0.01423	0.01229	0.01293	0.01164	0.01487	0.01423	0.00905	0.03039	0.75297	0.02393	0.02328	0.02134	0.01746	0.00776	0.00582	0.00194	0.00453	0.00647	0.00582	0.00905
5	0.83938	0.01106	0.00841	0.00752	0.01106	0.01283	0.00619	0.01681	0.00973	0.02566	0.00796	0.00929	0.00619	0.00531	0.00354	0.00177	0.00442	0.00310	0.00354	0.00619
6	0.66310	0.01077	0.00946	0.00810	0.01183	0.01187	0.00667	0.01921	0.01117	0.18632	0.01113	0.01150	0.00792	0.00569	0.00402	0.00177	0.00452	0.00367	0.00431	0.00696
7	0.01080	0.01017	0.01716	0.78523	0.03940	0.01271	0.01589	0.01461	0.01144	0.01461	0.01017	0.01525	0.00762	0.00572	0.00572	0.00191	0.00762	0.00508	0.00254	0.00635
8	0.01529	0.80242	0.02997	0.00979	0.01468	0.02263	0.00979	0.01713	0.01162	0.01346	0.00795	0.00918	0.00734	0.00489	0.00367	0.00122	0.00612	0.00306	0.00245	0.00734
9	0.83938	0.01106	0.00841	0.00752	0.01106	0.01283	0.00619	0.01681	0.00973	0.02566	0.00796	0.00929	0.00619	0.00531	0.00354	0.00177	0.00442	0.00310	0.00354	0.00619
10	0.02107	0.02682	0.01686	0.01508	0.01814	0.74776	0.03820	0.02267	0.01611	0.01416	0.00894	0.01050	0.00742	0.00585	0.00522	0.00149	0.01029	0.00380	0.00295	0.00667
11	0.00676	0.00579	0.00579	0.00579	0.00773	0.00483	0.00435	0.00821	0.01304	0.01545	0.05794	0.05505	0.76098	0.01449	0.00676	0.00193	0.00290	0.01207	0.00531	0.00483
12	0.00909	0.00654	0.00904	0.01028	0.01163	0.00649	0.00896	0.01166	0.01316	0.01703	0.03174	0.06402	0.07117	0.01573	0.00784	0.00260	0.00514	0.68735	0.00527	0.00524
13	0.00799	0.00584	0.00750	0.00709	0.00848	0.00535	0.00531	0.01059	0.01594	0.02235	0.70544	0.04369	0.10918	0.01191	0.00675	0.00181	0.00271	0.01048	0.00622	0.00535
14	0.00994	0.00497	0.00745	0.00745	0.00745	0.00497	0.00497	0.00745	0.00745	0.00994	0.00994	0.01739	0.00994	0.01987	0.02235	0.83358	0.00497	0.00497	0.00248	0.00248
15	0.01529	0.80242	0.02997	0.00979	0.01468	0.02263	0.00979	0.01713	0.01162	0.01346	0.00795	0.00918	0.00734	0.00489	0.00367	0.00122	0.00612	0.00306	0.00245	0.00734
16	0.01356	0.01166	0.01234	0.01123	0.01431	0.01334	0.00876	0.02828	0.67787	0.02313	0.02574	0.02512	0.06513	0.00849	0.00596	0.00197	0.00445	0.03425	0.00577	0.00864
17	0.01080	0.01017	0.01716	0.78523	0.03940	0.01271	0.01589	0.01461	0.01144	0.01461	0.01017	0.01525	0.00762	0.00572	0.00572	0.00191	0.00762	0.00508	0.00254	0.00635
18	0.01056	0.00537	0.00550	0.00550	0.00682	0.00541	0.00413	0.01319	0.01188	0.02098	0.01852	0.02137	0.01465	0.00821	0.03699	0.00167	0.00321	0.00537	0.79537	0.00532
19	0.02150	0.02315	0.01656	0.01416	0.01770	0.49837	0.01099	0.28698	0.02012	0.02207	0.01063	0.01157	0.00823	0.00625	0.00536	0.00156	0.00884	0.00422	0.00396	0.00776
20	0.01412	0.01371	0.02388	0.03441	0.71687	0.01365	0.06345	0.01760	0.01305	0.01866	0.01081	0.01424	0.00904	0.00508	0.00573	0.00171	0.00698	0.00520	0.00284	0.00898
21	0.01416	0.01359	0.02322	0.03511	0.76330	0.01359	0.01755	0.01755	0.01302	0.01869	0.01076	0.01416	0.00906	0.00510	0.00566	0.00170	0.00680	0.00510	0.00283	0.00906
22	0.11906	0.70277	0.02726	0.00950	0.01422	0.02140	0.00933	0.01709	0.01138	0.01499	0.00795	0.00919	0.00720	0.00495	0.00365	0.00129	0.00590	0.00306	0.00258	0.00720
23	0.73513	0.01339	0.10422	0.00863	0.01279	0.01289	0.00808	0.01698	0.01003	0.02471	0.00825	0.00964	0.00633	0.00533	0.00378	0.00178	0.00493	0.00324	0.00340	0.00648
24	0.11296	0.00626	0.00664	0.00653	0.00702	0.00653	0.00397	0.00947	0.00853	0.01302	0.01664	0.03325	0.01868	0.66674	0.05782	0.00523	0.00582	0.00757	0.00346	0.00388
25	0.00892	0.00707	0.01096	0.01246	0.10504	0.00796	0.00846	0.01114	0.00968	0.01396	0.01475	0.02142	0.01364	0.03814	0.67927	0.00825	0.01425	0.00600	0.00303	0.00560
26	0.01101	0.01038	0.01754	0.73774	0.08523	0.01276	0.01599	0.01480	0.01154	0.01487	0.01020	0.01518	0.00772	0.00568	0.00572	0.00189	0.00757	0.00508	0.00256	0.00653
27	0.01307	0.01449	0.03051	0.11913	0.03023	0.01388	0.61237	0.01765	0.01315	0.01787	0.01132	0.01522	0.00854	0.00490	0.00649	0.00187	0.00910	0.00636	0.00287	0.05095
28	0.00793	0.00584	0.00741	0.00702	0.00844	0.00533	0.00526	0.01047	0.01579	0.02199	0.67184	0.04428	0.14300	0.01205	0.00675	0.00182	0.00272	0.01056	0.00617	0.00533
29	0.01900	0.02277	0.01851	0.02143	0.26252	0.52566	0.01319	0.02110	0.01516	0.01554	0.00947	0.01158	0.00792	0.00563	0.00532	0.00155	0.00916	0.00415	0.00291	0.00743
30	0.01358	0.01520	0.03242	0.02549	0.12224	0.01435	0.65124	0.01823	0.01344	0.01837	0.01147	0.01527	0.00873	0.00486	0.00661	0.00190	0.00928	0.00654	0.00289	0.00788

[dist]
# distance from previous block
# <min> <max>
0	5

[block]
# block no. 6 follows, 41 sequences, length 12
# corresponding to MSA columns:
# 232-243
name=unknown_G
#
# <colnr> <probs for GDERKNQSTAVLIFYWHMCP>
#	G	D	E	R	K	N	Q	S	T	A	V	L	I	F	Y	W	H	M	C	P
0	0.00680	0.00564	0.00596	0.00622	0.00784	0.00479	0.00453	0.00816	0.01263	0.01529	0.05280	0.19914	0.62020	0.01515	0.00687	0.00201	0.00298	0.01289	0.00531	0.00479
1	0.01960	0.01517	0.01704	0.01345	0.01708	0.01754	0.01111	0.56939	0.05657	0.03116	0.01296	0.01384	0.00965	0.00752	0.00827	0.00188	0.15849	0.00518	0.00510	0.00902
2	0.67734	0.00988	0.00806	0.00761	0.01052	0.01124	0.00602	0.01509	0.00997	0.02351	0.01255	0.16229	0.01235	0.00776	0.00427	0.00188	0.00421	0.00566	0.00388	0.00589
3	0.02330	0.01084	0.01726	0.01289	0.01758	0.00959	0.15132	0.02602	0.01581	0.62147	0.02043	0.01868	0.01309	0.00664	0.00595	0.00180	0.00580	0.00595	0.00626	0.00934
4	0.01251	0.01251	0.01752	0.01502	0.01502	0.01752	0.01251	0.01377	0.00876	0.01377	0.00751	0.01251	0.00751	0.01001	0.01877	0.00250	0.78851	0.00501	0.00250	0.00626
5	0.01888	0.02275	0.01695	0.01833	0.16231	0.55878	0.01215	0.02083	0.01532	0.01519	0.01113	0.01591	0.00998	0.00662	0.00550	0.00162	0.00918	0.06845	0.00313	0.00698
6	0.01625	0.01140	0.01550	0.01788	0.24141	0.01169	0.01105	0.02373	0.27471	0.20055	0.06023	0.02154	0.05353	0.00734	0.00585	0.00182	0.00512	0.00637	0.00521	0.00881
7	0.01442	0.00943	0.01120	0.00983	0.01248	0.00939	0.00753	0.21456	0.04001	0.12877	0.06193	0.33540	0.02432	0.01146	0.00630	0.00191	0.00444	0.00993	0.00557	0.08112
8	0.01457	0.56542	0.17553	0.01095	0.01633	0.01911	0.01173	0.01744	0.01220	0.04897	0.05339	0.01220	0.01038	0.00550	0.00430	0.00140	0.00633	0.00384	0.00288	0.00756
9	0.01369	0.01282	0.02015	0.13705	0.49971	0.01360	0.01549	0.01989	0.17134	0.01923	0.01336	0.01585	0.01066	0.00576	0.00570	0.00178	0.00643	0.00539	0.00343	0.00867
10	0.01431	0.01566	0.02713	0.02013	0.02457	0.09804	0.49649	0.06033	0.01376	0.01789	0.01166	0.01651	0.00959	0.07649	0.00944	0.00223	0.06913	0.00632	0.00309	0.00722
11	0.01397	0.01205	0.01282	0.01129	0.01473	0.01350	0.00880	0.02863	0.67127	0.02334	0.02184	0.02030	0.01647	0.00737	0.00565	0.00182	0.00449	0.00613	0.00555	0.09998

[dist]
# distance from previous block
# <min> <max>
6	11

[block]
# block no. 7 follows, 41 sequences, length 31
# corresponding to MSA columns:
# 255-285
name=unknown_H
#
# <colnr> <probs for GDERKNQSTAVLIFYWHMCP>
#	G	D	E	R	K	N	Q	S	T	A	V	L	I	F	Y	W	H	M	C	P
0	0.01264	0.01204	0.02048	0.37421	0.43605	0.01319	0.01680	0.01623	0.01231	0.01685	0.01049	0.01465	0.00841	0.00538	0.00569	0.00179	0.00717	0.00509	0.00270	0.00784
1	0.76575	0.01151	0.00920	0.00803	0.01166	0.01327	0.00662	0.08233	0.01128	0.02660	0.00848	0.00969	0.00651	0.00545	0.00374	0.00177	0.00459	0.00328	0.00374	0.00651
2	0.00767	0.00548	0.00744	0.00876	0.00940	0.00525	0.00652	0.00917	0.01164	0.01538	0.03114	0.56863	0.03631	0.01726	0.00749	0.00242	0.00392	0.23600	0.00530	0.00484
3	0.02566	0.00973	0.01327	0.01018	0.01460	0.00841	0.00841	0.02788	0.01637	0.76726	0.02257	0.01947	0.01416	0.00708	0.00575	0.00177	0.00487	0.00575	0.00708	0.00973
4	0.01272	0.01171	0.01225	0.00904	0.01393	0.07683	0.00716	0.01516	0.01225	0.01822	0.01005	0.01172	0.00837	0.00439	0.00432	0.00090	0.00478	0.00342	0.00335	0.75944
5	0.09416	0.01456	0.01549	0.01201	0.01640	0.01579	0.00986	0.57567	0.02330	0.05058	0.01372	0.03936	0.01035	0.00688	0.00545	0.00167	0.00582	0.00520	0.00535	0.07838
6	0.00799	0.00577	0.00755	0.00727	0.00852	0.00533	0.00539	0.01054	0.01572	0.02219	0.69465	0.11050	0.05252	0.01225	0.00680	0.00185	0.00275	0.01088	0.00621	0.00533
7	0.05546	0.68082	0.02823	0.01085	0.01527	0.02207	0.01027	0.01749	0.01193	0.01509	0.00901	0.01099	0.00832	0.00609	0.00550	0.00157	0.07684	0.00360	0.00288	0.00772
8	0.01433	0.01040	0.01123	0.00977	0.01167	0.01099	0.00692	0.24702	0.09078	0.02145	0.01811	0.02924	0.01771	0.45217	0.01930	0.00408	0.00603	0.00739	0.00478	0.00663
9	0.01354	0.01533	0.03318	0.02470	0.06946	0.01442	0.70341	0.01828	0.01347	0.01834	0.01153	0.01536	0.00870	0.00484	0.00669	0.00192	0.00949	0.00666	0.00289	0.00779
10	0.01350	0.01543	0.03375	0.02411	0.02989	0.01446	0.74253	0.01832	0.01350	0.01832	0.01157	0.01543	0.00868	0.00482	0.00675	0.00193	0.00964	0.00675	0.00289	0.00771
11	0.09033	0.01561	0.01643	0.01269	0.01718	0.01733	0.01048	0.68321	0.02545	0.03518	0.01325	0.01336	0.00943	0.00674	0.00554	0.00172	0.00614	0.00498	0.00554	0.00943
12	0.00810	0.00585	0.00765	0.00720	0.00855	0.00540	0.00540	0.01079	0.01619	0.02294	0.76028	0.04273	0.05397	0.01169	0.00675	0.00180	0.00270	0.01034	0.00630	0.00540
13	0.01423	0.01229	0.01293	0.01164	0.01487	0.01423	0.00905	0.03039	0.75297	0.02393	0.02328	0.02134	0.01746	0.00776	0.00582	0.00194	0.00453	0.00647	0.00582	0.00905
14	0.00810	0.00585	0.00765	0.00720	0.00855	0.00540	0.00540	0.01079	0.01619	0.02294	0.76028	0.04273	0.05397	0.01169	0.00675	0.00180	0.00270	0.01034	0.00630	0.00540
15	0.00810	0.00585	0.00765	0.00720	0.00855	0.00540	0.00540	0.01079	0.01619	0.02294	0.76028	0.04273	0.05397	0.01169	0.00675	0.00180	0.00270	0.01034	0.00630	0.00540
16	0.00699	0.00504	0.00663	0.00785	0.00828	0.00468	0.00527	0.00806	0.01119	0.01488	0.05382	0.74262	0.06834	0.01760	0.00726	0.00229	0.00328	0.01591	0.00534	0.00468
17	0.00824	0.00551	0.00626	0.00634	0.00636	0.00549	0.00358	0.00830	0.00847	0.01130	0.01882	0.08235	0.02180	0.75269	0.02782	0.00535	0.00541	0.00879	0.00358	0.00354
18	0.01289	0.01387	0.02911	0.12618	0.02924	0.01346	0.58162	0.01740	0.01309	0.01807	0.01197	0.01590	0.00904	0.00510	0.00638	0.00188	0.00878	0.00640	0.07229	0.00733
19	0.01529	0.80242	0.02997	0.00979	0.01468	0.02263	0.00979	0.01713	0.01162	0.01346	0.00795	0.00918	0.00734	0.00489	0.00367	0.00122	0.00612	0.00306	0.00245	0.00734
20	0.01175	0.02766	0.66917	0.01737	0.02546	0.01344	0.11937	0.01814	0.01227	0.01814	0.01044	0.01253	0.00744	0.00535	0.00561	0.00183	0.00862	0.00457	0.00248	0.00835
21	0.01770	0.02090	0.01639	0.01457	0.01652	0.44946	0.01139	0.02033	0.07543	0.01475	0.00959	0.01200	0.00826	0.00748	0.00993	0.00187	0.27930	0.00438	0.00303	0.00670
22	0.01422	0.01240	0.01380	0.01361	0.07766	0.01417	0.00977	0.02932	0.69090	0.02349	0.02223	0.02074	0.01676	0.00754	0.00581	0.00192	0.00472	0.00635	0.00557	0.00905
23	0.00699	0.00504	0.00663	0.00785	0.00828	0.00467	0.00527	0.00805	0.01119	0.01487	0.05327	0.74318	0.06832	0.01760	0.00726	0.00229	0.00328	0.01592	0.00534	0.00467
24	0.00745	0.00582	0.00675	0.00652	0.00815	0.00512	0.00489	0.00955	0.01467	0.01933	0.42172	0.04867	0.39479	0.01304	0.00675	0.00186	0.00279	0.01118	0.00582	0.00512
25	0.02174	0.01602	0.01717	0.01316	0.01774	0.01774	0.01087	0.74423	0.02689	0.03605	0.01373	0.01373	0.00973	0.00687	0.00572	0.00172	0.00629	0.00515	0.00572	0.00973
26	0.02445	0.01168	0.01448	0.01110	0.01557	0.01130	0.00917	0.25003	0.01963	0.54049	0.01983	0.01769	0.01278	0.00701	0.00574	0.00175	0.00531	0.00557	0.00666	0.00973
27	0.83938	0.01106	0.00841	0.00752	0.01106	0.01283	0.00619	0.01681	0.00973	0.02566	0.00796	0.00929	0.00619	0.00531	0.00354	0.00177	0.00442	0.00310	0.00354	0.00619
28	0.02566	0.00973	0.01327	0.01018	0.01460	0.00841	0.00841	0.02788	0.01637	0.76726	0.02257	0.01947	0.01416	0.00708	0.00575	0.00177	0.00487	0.00575	0.00708	0.00973
29	0.00810	0.00585	0.00765	0.00720	0.00855	0.00540	0.00540	0.01079	0.01619	0.02294	0.76028	0.04273	0.05397	0.01169	0.00675	0.00180	0.00270	0.01034	0.00630	0.00540
30	0.01529	0.80242	0.02997	0.00979	0.01468	0.02263	0.00979	0.01713	0.01162	0.01346	0.00795	0.00918	0.00734	0.00489	0.00367	0.00122	0.00612	0.00306	0.00245	0.00734

[dist]
# distance from previous block
# <min> <max>
0	74

[block]
# block no. 8 follows, 41 sequences, length 83
# corresponding to MSA columns:
# 361-443
name=unknown_I
#
# <colnr> <probs for GDERKNQSTAVLIFYWHMCP>
#	G	D	E	R	K	N	Q	S	T	A	V	L	I	F	Y	W	H	M	C	P
0	0.02530	0.01031	0.01363	0.01045	0.01489	0.00926	0.00863	0.09351	0.01734	0.70027	0.02176	0.01894	0.01375	0.00706	0.00575	0.00176	0.00500	0.00570	0.00696	0.00973
1	0.00898	0.00709	0.00811	0.00763	0.00952	0.00691	0.00578	0.03577	0.12728	0.02077	0.37054	0.07019	0.27559	0.01208	0.00660	0.00188	0.00318	0.01037	0.00585	0.00588
2	0.00828	0.00553	0.00625	0.00629	0.00630	0.00552	0.00352	0.00831	0.00840	0.01120	0.01843	0.06052	0.02131	0.77518	0.02845	0.00545	0.00548	0.00856	0.00352	0.00350
3	0.06644	0.02164	0.01618	0.01368	0.01734	0.41521	0.01071	0.32590	0.02035	0.02391	0.01085	0.01170	0.00830	0.00627	0.00531	0.00159	0.00830	0.00427	0.00415	0.00791
4	0.83938	0.01106	0.00841	0.00752	0.01106	0.01283	0.00619	0.01681	0.00973	0.02566	0.00796	0.00929	0.00619	0.00531	0.00354	0.00177	0.00442	0.00310	0.00354	0.00619
5	0.01251	0.01251	0.01752	0.01502	0.01502	0.01752	0.01251	0.01377	0.00876	0.01377	0.00751	0.01251	0.00751	0.01001	0.01877	0.00250	0.78851	0.00501	0.00250	0.00626
6	0.01324	0.01516	0.05798	0.02214	0.02756	0.01379	0.63045	0.04573	0.01377	0.01871	0.01316	0.07573	0.01093	0.00594	0.00670	0.00195	0.00898	0.00733	0.00317	0.00758
7	0.02137	0.02726	0.01621	0.01474	0.01768	0.77602	0.01105	0.02284	0.01621	0.01400	0.00884	0.01031	0.00737	0.00589	0.00516	0.00147	0.01031	0.00368	0.00295	0.00663
8	0.02174	0.01602	0.01717	0.01316	0.01774	0.01774	0.01087	0.74423	0.02689	0.03605	0.01373	0.01373	0.00973	0.00687	0.00572	0.00172	0.00629	0.00515	0.00572	0.00973
9	0.01597	0.01315	0.01391	0.01199	0.01554	0.01504	0.00947	0.19579	0.58473	0.02674	0.02107	0.01958	0.01567	0.00755	0.00580	0.00189	0.00494	0.00616	0.00580	0.00921
10	0.00832	0.00555	0.00624	0.00624	0.00624	0.00555	0.00347	0.00832	0.00832	0.01109	0.01802	0.03743	0.02080	0.79898	0.02911	0.00555	0.00555	0.00832	0.00347	0.00347
11	0.00817	0.00613	0.00919	0.00919	0.01021	0.00715	0.00715	0.01021	0.00919	0.01328	0.01532	0.02247	0.01430	0.04290	0.77631	0.00919	0.01532	0.00613	0.00306	0.00511
12	0.00788	0.00584	0.00734	0.00697	0.00841	0.00530	0.00522	0.01037	0.01567	0.02171	0.64524	0.04474	0.16978	0.01215	0.00675	0.00182	0.00273	0.01063	0.00614	0.00530
13	0.01416	0.01359	0.02322	0.03511	0.76330	0.01359	0.01755	0.01755	0.01302	0.01869	0.01076	0.01416	0.00906	0.00510	0.00566	0.00170	0.00680	0.00510	0.00283	0.00906
14	0.02145	0.01562	0.01681	0.01298	0.01748	0.01725	0.01069	0.68263	0.06643	0.05826	0.01453	0.01433	0.01029	0.00692	0.00573	0.00173	0.00615	0.00524	0.00577	0.00969
15	0.02082	0.01556	0.01665	0.01297	0.01739	0.01731	0.01065	0.65654	0.11608	0.03456	0.01491	0.01467	0.01068	0.00698	0.00573	0.00174	0.00608	0.00531	0.00573	0.00964
16	0.00709	0.00539	0.00654	0.00713	0.00816	0.00483	0.00501	0.00853	0.01252	0.01630	0.16496	0.42802	0.27334	0.01575	0.00703	0.00211	0.00308	0.01390	0.00548	0.00483
17	0.02174	0.01602	0.01717	0.01316	0.01774	0.01774	0.01087	0.74423	0.02689	0.03605	0.01373	0.01373	0.00973	0.00687	0.00572	0.00172	0.00629	0.00515	0.00572	0.00973
18	0.01186	0.01017	0.01186	0.00847	0.01356	0.00762	0.00678	0.01440	0.01186	0.01864	0.01017	0.01186	0.00847	0.00424	0.00424	0.00085	0.00424	0.00339	0.00339	0.83395
19	0.01529	0.80242	0.02997	0.00979	0.01468	0.02263	0.00979	0.01713	0.01162	0.01346	0.00795	0.00918	0.00734	0.00489	0.00367	0.00122	0.00612	0.00306	0.00245	0.00734
20	0.06054	0.75897	0.02879	0.00966	0.01448	0.02209	0.00959	0.01711	0.01152	0.01413	0.00795	0.00918	0.00728	0.00492	0.00366	0.00125	0.00602	0.00306	0.00251	0.00728
