[name]
unknown

[dist]
# distance from previous block
# <min> <max>
0	367

[block]
# block no. 0 follows, 41 sequences, length 27
# corresponding to MSA columns:
# 398-424
name=unknown_A
#
# <colnr> <probs for GDERKNQSTAVLIFYWHMCP>
#	G	D	E	R	K	N	Q	S	T	A	V	L	I	F	Y	W	H	M	C	P
0	0.01682	0.44394	0.08619	0.01223	0.05537	0.06667	0.01094	0.02060	0.08620	0.13324	0.01216	0.01257	0.00950	0.00564	0.00456	0.00147	0.00626	0.00406	0.00356	0.00802
1	0.00844	0.00572	0.00723	0.00694	0.00824	0.00535	0.00517	0.01104	0.01526	0.02224	0.60555	0.07923	0.04696	0.01124	0.00635	0.00175	0.00273	0.00987	0.13535	0.00535
2	0.01181	0.00884	0.00959	0.00850	0.01069	0.00900	0.00645	0.23090	0.01612	0.02086	0.04365	0.06783	0.28427	0.19103	0.01162	0.00274	0.00468	0.05036	0.00503	0.00603
3	0.00817	0.00613	0.00919	0.00919	0.01021	0.00715	0.00715	0.01021	0.00919	0.01328	0.01532	0.02247	0.01430	0.04290	0.77631	0.00919	0.01532	0.00613	0.00306	0.00511
4	0.00784	0.00563	0.00617	0.00617	0.00677	0.00536	0.00381	0.00833	0.00976	0.01246	0.03003	0.04243	0.24433	0.54539	0.03868	0.00453	0.00496	0.00940	0.00401	0.00391
5	0.01131	0.00944	0.01098	0.00812	0.01241	0.00730	0.00626	0.01345	0.01131	0.01746	0.01140	0.01587	0.01040	0.12869	0.00813	0.00158	0.00444	0.00416	0.00340	0.70390
6	0.01348	0.01317	0.09005	0.01363	0.05870	0.00992	0.13668	0.01716	0.03054	0.08304	0.01184	0.01351	0.00913	0.00483	0.00504	0.00128	0.00579	0.00443	0.00355	0.47424
7	0.14257	0.01412	0.08454	0.05778	0.46366	0.01298	0.06182	0.01690	0.01239	0.01936	0.01289	0.01558	0.04959	0.00568	0.00544	0.00176	0.00657	0.00520	0.00303	0.00813
8	0.00731	0.00582	0.00656	0.00638	0.00807	0.00506	0.00478	0.00928	0.01434	0.01856	0.34912	0.04994	0.46787	0.01333	0.00675	0.00188	0.00281	0.01136	0.00572	0.00506
9	0.00847	0.00636	0.00781	0.00823	0.00920	0.00639	0.00576	0.01212	0.12805	0.01756	0.18663	0.44619	0.03667	0.08215	0.00882	0.00243	0.00357	0.01276	0.00544	0.00540
10	0.01543	0.01006	0.01165	0.01039	0.01333	0.01069	0.00805	0.02488	0.40557	0.20280	0.07684	0.14360	0.02245	0.00947	0.00610	0.00195	0.00429	0.00810	0.00608	0.00827
11	0.01645	0.01264	0.01548	0.11485	0.09249	0.01391	0.01102	0.35330	0.10945	0.04846	0.01719	0.13745	0.01487	0.00839	0.00598	0.00186	0.00579	0.00705	0.00501	0.00834
12	0.01225	0.00854	0.01171	0.00953	0.01222	0.00789	0.06949	0.06604	0.02554	0.10646	0.31709	0.02981	0.02971	0.13232	0.00967	0.00224	0.00451	0.00771	0.00516	0.13210
13	0.61961	0.01377	0.09550	0.01108	0.01551	0.01314	0.12313	0.01719	0.01058	0.02369	0.00878	0.01056	0.00670	0.00525	0.00425	0.00180	0.00568	0.00379	0.00332	0.00668
14	0.01802	0.06687	0.09880	0.01297	0.01807	0.01571	0.04356	0.44560	0.04914	0.02869	0.01270	0.01333	0.00936	0.00612	0.00538	0.00158	0.00627	0.00476	0.00467	0.13839
15	0.02062	0.02444	0.08124	0.01445	0.01831	0.50646	0.01187	0.21647	0.01873	0.02028	0.01028	0.01139	0.00799	0.00612	0.00533	0.00157	0.00907	0.00412	0.00365	0.00762
16	0.00979	0.00660	0.00833	0.00765	0.00941	0.00622	0.00582	0.01333	0.06843	0.07969	0.60445	0.04024	0.09534	0.01124	0.00660	0.00182	0.00301	0.00983	0.00626	0.00595
17	0.01910	0.01650	0.01556	0.01289	0.01675	0.13528	0.01028	0.38612	0.27457	0.02843	0.01625	0.01581	0.01201	0.00702	0.00567	0.00176	0.00632	0.00537	0.00532	0.00901
18	0.00811	0.00575	0.00721	0.00706	0.00783	0.00569	0.00484	0.00953	0.01169	0.01615	0.29710	0.04940	0.07266	0.33226	0.13623	0.00447	0.00584	0.00905	0.00459	0.00454
19	0.01198	0.01053	0.01455	0.01269	0.01370	0.01353	0.02331	0.09466	0.01110	0.01632	0.01130	0.01644	0.01035	0.02129	0.28843	0.00478	0.39415	0.00546	0.01916	0.00624
20	0.01206	0.00783	0.01080	0.00894	0.01125	0.00783	0.12024	0.07697	0.01351	0.02212	0.01713	0.01975	0.01330	0.00639	0.00458	0.00146	0.00407	0.00554	0.63015	0.00608
21	0.00777	0.00640	0.00816	0.12847	0.01297	0.00619	0.00654	0.00988	0.01339	0.01722	0.23511	0.12871	0.37287	0.01275	0.00665	0.00194	0.00363	0.01099	0.00514	0.00520
22	0.00865	0.00621	0.00818	0.00804	0.00889	0.00662	0.00576	0.03764	0.01081	0.01507	0.13379	0.07954	0.02386	0.26879	0.34596	0.00618	0.00921	0.00808	0.00394	0.00479
23	0.01562	0.01643	0.01965	0.02602	0.45317	0.20960	0.01448	0.01829	0.01340	0.01724	0.01055	0.01354	0.00889	0.00584	0.00654	0.00168	0.07463	0.00474	0.06175	0.00793
24	0.06994	0.19462	0.01769	0.01240	0.02445	0.36734	0.00987	0.03722	0.04194	0.01550	0.01027	0.01249	0.00884	0.01159	0.12577	0.00269	0.02353	0.00407	0.00306	0.00672
25	0.02374	0.01939	0.27188	0.13541	0.21772	0.06808	0.06389	0.01731	0.01223	0.01709	0.01003	0.01319	0.00789	0.00587	0.00701	0.00185	0.09213	0.00477	0.00263	0.00786
26	0.07838	0.05062	0.01665	0.05635	0.04040	0.38176	0.01103	0.22985	0.03602	0.02158	0.01062	0.01186	0.00827	0.00616	0.00538	0.00161	0.01776	0.00424	0.00381	0.00763

[dist]
# distance from previous block
# <min> <max>
6	9

[block]
# block no. 1 follows, 41 sequences, length 11
# corresponding to MSA columns:
# 434-444
name=unknown_B
#
# <colnr> <probs for GDERKNQSTAVLIFYWHMCP>
#	G	D	E	R	K	N	Q	S	T	A	V	L	I	F	Y	W	H	M	C	P
0	0.00872	0.02552	0.00908	0.00848	0.00973	0.00725	0.00655	0.01136	0.04546	0.01883	0.34946	0.17155	0.11903	0.02744	0.00838	0.00212	0.07691	0.08328	0.00539	0.00544
1	0.00942	0.00497	0.00731	0.00754	0.00760	0.00491	0.00503	0.00754	0.00806	0.01074	0.01366	0.15166	0.01475	0.01953	0.01976	0.69009	0.00468	0.00692	0.00297	0.00286
2	0.01192	0.01039	0.08247	0.07375	0.07043	0.00880	0.00914	0.08590	0.01140	0.01595	0.01087	0.01615	0.00970	0.05096	0.01369	0.35675	0.00568	0.00483	0.00304	0.14816
3	0.00810	0.00602	0.00790	0.02760	0.01021	0.00599	0.00655	0.01077	0.07147	0.01628	0.07337	0.54358	0.03557	0.01607	0.00721	0.00230	0.00382	0.13666	0.00533	0.00519
4	0.01911	0.02351	0.01449	0.01327	0.01571	0.64302	0.00974	0.02033	0.01485	0.01350	0.01043	0.01500	0.00969	0.14280	0.00929	0.00218	0.00949	0.00448	0.00304	0.00608
5	0.04914	0.00594	0.00776	0.08650	0.01123	0.00602	0.00610	0.00909	0.01047	0.01437	0.02670	0.45483	0.08685	0.10828	0.01090	0.08047	0.00419	0.01214	0.00446	0.00457
6	0.05308	0.01070	0.01630	0.15135	0.24234	0.01070	0.01242	0.02039	0.01391	0.30527	0.01705	0.02129	0.01307	0.00706	0.00584	0.00186	0.00594	0.07840	0.00469	0.00834
7	0.01198	0.15425	0.30035	0.01434	0.04076	0.01361	0.08231	0.01609	0.01245	0.01759	0.10475	0.01842	0.01469	0.00685	0.00653	0.00174	0.06980	0.04086	0.00319	0.06946
8	0.01118	0.01177	0.09126	0.01895	0.29410	0.00953	0.01178	0.01422	0.01291	0.01864	0.14361	0.15460	0.02154	0.00835	0.00586	0.00169	0.00520	0.00756	0.00392	0.15335
9	0.00693	0.00544	0.00628	0.00684	0.00803	0.00478	0.00484	0.00825	0.01230	0.01552	0.08792	0.38222	0.39868	0.01584	0.00700	0.00210	0.00307	0.01382	0.00537	0.00478
10	0.01264	0.09144	0.01601	0.01051	0.01514	0.01084	0.06296	0.03294	0.01204	0.01806	0.00989	0.01196	0.00831	0.00495	0.00577	0.00114	0.07835	0.00380	0.00323	0.59003

[dist]
# distance from previous block
# <min> <max>
0	3

[block]
# block no. 2 follows, 41 sequences, length 13
# corresponding to MSA columns:
# 448-460
name=unknown_C
#
# <colnr> <probs for GDERKNQSTAVLIFYWHMCP>
#	G	D	E	R	K	N	Q	S	T	A	V	L	I	F	Y	W	H	M	C	P
0	0.00796	0.00593	0.00875	0.00898	0.00988	0.00671	0.00683	0.00982	0.00950	0.01351	0.01815	0.15741	0.01841	0.03854	0.64203	0.00799	0.01323	0.00790	0.00346	0.00503
1	0.01570	0.28381	0.02066	0.11230	0.01860	0.12049	0.01103	0.07566	0.13845	0.03235	0.01163	0.01316	0.00943	0.00647	0.00663	0.00168	0.10654	0.00445	0.00345	0.00750
2	0.01327	0.00870	0.01040	0.00878	0.01157	0.00831	0.00693	0.14166	0.03233	0.12831	0.32471	0.04867	0.12052	0.00996	0.00621	0.00174	0.00390	0.02245	0.00586	0.08573
3	0.00820	0.00640	0.00754	0.00742	0.00910	0.00601	0.00571	0.01149	0.07475	0.01948	0.35060	0.07103	0.30180	0.01299	0.00681	0.00196	0.00320	0.08428	0.00577	0.00546
4	0.13521	0.05379	0.01475	0.01210	0.01531	0.30054	0.00957	0.20810	0.01665	0.02127	0.01109	0.01313	0.00903	0.01248	0.13966	0.00292	0.00911	0.00438	0.00375	0.00714
5	0.01431	0.48367	0.06034	0.04756	0.01639	0.01738	0.07941	0.01691	0.01206	0.04385	0.01093	0.01271	0.00901	0.00534	0.00428	0.00139	0.00599	0.00406	0.14730	0.00712
6	0.01147	0.01057	0.01639	0.16234	0.01930	0.01351	0.06931	0.01317	0.00962	0.01398	0.00971	0.01509	0.00879	0.01323	0.09326	0.10034	0.38540	0.00528	0.02344	0.00581
7	0.00834	0.00572	0.00681	0.00655	0.00789	0.00530	0.00482	0.01060	0.01428	0.02042	0.45126	0.04064	0.16411	0.07557	0.00810	0.00205	0.00296	0.00960	0.14986	0.00513
8	0.02203	0.01557	0.01688	0.01294	0.01751	0.01706	0.01069	0.69240	0.02613	0.08895	0.01437	0.01415	0.01005	0.00688	0.00572	0.00172	0.00619	0.00519	0.00582	0.00973
9	0.01389	0.01237	0.02027	0.05394	0.42124	0.01256	0.10602	0.07000	0.04942	0.02046	0.01304	0.01593	0.01039	0.00561	0.00552	0.00168	0.00632	0.00542	0.14774	0.00819
10	0.00771	0.00569	0.00721	0.00713	0.00838	0.00518	0.00523	0.00993	0.01483	0.02041	0.53270	0.17589	0.15215	0.01318	0.00685	0.00191	0.00284	0.01162	0.00598	0.00518
11	0.01506	0.01239	0.01313	0.01146	0.01467	0.01413	0.00891	0.15324	0.56538	0.02500	0.02118	0.02133	0.01638	0.07221	0.00770	0.00220	0.00492	0.00639	0.00561	0.00871
12	0.00756	0.00548	0.00647	0.00679	0.00750	0.00511	0.00448	0.00857	0.01127	0.01483	0.14297	0.26046	0.18797	0.28775	0.01468	0.00328	0.00391	0.01171	0.00482	0.00439

[dist]
# distance from previous block
# <min> <max>
0	7

[block]
# block no. 3 follows, 41 sequences, length 13
# corresponding to MSA columns:
# 468-480
name=unknown_D
#
# <colnr> <probs for GDERKNQSTAVLIFYWHMCP>
#	G	D	E	R	K	N	Q	S	T	A	V	L	I	F	Y	W	H	M	C	P
0	0.01364	0.01073	0.01308	0.01202	0.08614	0.02942	0.00873	0.07398	0.01381	0.07489	0.01497	0.03771	0.01344	0.00687	0.00526	0.00139	0.00500	0.11608	0.00412	0.45871
1	0.04543	0.01431	0.01616	0.31286	0.05354	0.13202	0.01277	0.22517	0.01678	0.02146	0.01287	0.01855	0.01063	0.00701	0.00576	0.00184	0.00729	0.07435	0.00383	0.00736
2	0.49259	0.12042	0.17841	0.01089	0.01583	0.01434	0.06117	0.01724	0.01076	0.02189	0.00871	0.01031	0.00675	0.00525	0.00419	0.00172	0.00589	0.00359	0.00311	0.00694
3	0.01638	0.01626	0.04679	0.02388	0.37050	0.11569	0.03108	0.15165	0.12999	0.02198	0.01297	0.01463	0.01018	0.00594	0.00565	0.00172	0.00695	0.00514	0.00382	0.00880
4	0.07208	0.00769	0.01052	0.12467	0.01396	0.00803	0.05279	0.01245	0.01002	0.08626	0.01607	0.02855	0.01619	0.47722	0.03739	0.00421	0.00619	0.00705	0.00364	0.00501
5	0.09119	0.00927	0.00991	0.03866	0.01254	0.03688	0.00758	0.01698	0.20057	0.05206	0.02990	0.11849	0.18687	0.03148	0.00719	0.00215	0.02548	0.11136	0.00503	0.00642
6	0.00801	0.00586	0.00836	0.00857	0.00933	0.00652	0.00632	0.00958	0.00934	0.01316	0.01823	0.14457	0.01891	0.15071	0.54663	0.00759	0.01201	0.00802	0.00347	0.00479
7	0.01583	0.58937	0.02732	0.01429	0.13118	0.10935	0.01114	0.01786	0.01238	0.01433	0.00849	0.01008	0.00761	0.00504	0.00415	0.00133	0.00671	0.00345	0.00256	0.00752
8	0.01918	0.00868	0.01127	0.00951	0.01277	0.00790	0.00750	0.02243	0.08615	0.47955	0.02733	0.18283	0.07932	0.00998	0.00616	0.00191	0.00436	0.00850	0.00645	0.00822
9	0.00844	0.00640	0.00790	0.00824	0.00938	0.00637	0.00589	0.01233	0.12775	0.01865	0.25625	0.42343	0.05830	0.01433	0.00689	0.00209	0.00330	0.01280	0.00569	0.00557
10	0.01304	0.00903	0.01327	0.07346	0.01577	0.00983	0.06001	0.06204	0.06721	0.13333	0.01741	0.02398	0.01484	0.02297	0.33281	0.00506	0.03962	0.07538	0.00420	0.00675
11	0.01009	0.00528	0.00553	0.00574	0.00692	0.00522	0.00420	0.01250	0.01183	0.02028	0.02066	0.14140	0.01826	0.00841	0.00451	0.00149	0.00277	0.00703	0.70267	0.00522
12	0.01169	0.00733	0.00751	0.00714	0.00902	0.00788	0.00545	0.01822	0.22461	0.02207	0.01999	0.02133	0.01546	0.00698	0.00452	0.00151	0.00320	0.00566	0.59403	0.00640

[dist]
# distance from previous block
# <min> <max>
1	7

[block]
# block no. 4 follows, 41 sequences, length 12
# corresponding to MSA columns:
# 489-500
name=unknown_E
#
# <colnr> <probs for GDERKNQSTAVLIFYWHMCP>
#	G	D	E	R	K	N	Q	S	T	A	V	L	I	F	Y	W	H	M	C	P
0	0.06707	0.02237	0.50626	0.01416	0.02046	0.01191	0.03100	0.01758	0.05651	0.03910	0.01293	0.01761	0.01041	0.00774	0.00705	0.07467	0.00730	0.06521	0.00308	0.00757
1	0.01064	0.00569	0.00627	0.00597	0.00740	0.00547	0.00441	0.01241	0.01120	0.01913	0.01641	0.01982	0.01330	0.00873	0.00719	0.14485	0.00320	0.00510	0.61548	0.07734
2	0.01504	0.01493	0.01505	0.01257	0.01503	0.16569	0.01012	0.12562	0.01398	0.01830	0.01366	0.01585	0.07394	0.00796	0.01014	0.00180	0.29046	0.00506	0.00350	0.17130
3	0.01070	0.01032	0.01444	0.16579	0.01799	0.01330	0.01109	0.01251	0.01039	0.01437	0.02099	0.02398	0.20104	0.01031	0.01309	0.00224	0.43149	0.00684	0.00323	0.00591
4	0.01305	0.01143	0.01879	0.28410	0.02609	0.01189	0.15701	0.01632	0.01209	0.07978	0.01121	0.01447	0.00859	0.00573	0.00694	0.00169	0.09054	0.00502	0.00321	0.22207
5	0.00883	0.01079	0.16033	0.01061	0.01311	0.00837	0.00993	0.01178	0.00977	0.01424	0.01432	0.02040	0.01290	0.03545	0.62304	0.00772	0.01396	0.00575	0.00294	0.00577
6	0.02166	0.01049	0.01271	0.00999	0.01384	0.01022	0.00817	0.21123	0.01824	0.42884	0.01949	0.01835	0.01311	0.00694	0.00540	0.00167	0.00480	0.00551	0.17050	0.00886
7	0.01423	0.02399	0.36485	0.02021	0.12699	0.16522	0.16682	0.01902	0.01332	0.01742	0.01032	0.01270	0.00782	0.00535	0.00568	0.00175	0.00884	0.00476	0.00268	0.00802
8	0.00688	0.00533	0.00628	0.00704	0.00805	0.00472	0.00490	0.00807	0.01184	0.01497	0.04282	0.47876	0.34703	0.01645	0.00707	0.00216	0.00314	0.01447	0.00531	0.00472
9	0.00846	0.00640	0.00911	0.00896	0.00971	0.00746	0.00674	0.01005	0.00899	0.01287	0.01539	0.02484	0.01518	0.19125	0.58198	0.00806	0.06009	0.00650	0.00311	0.00485
10	0.01007	0.00839	0.01336	0.01096	0.01345	0.00800	0.15231	0.01428	0.07769	0.04015	0.50776	0.03533	0.06444	0.00997	0.00664	0.00184	0.00429	0.00925	0.00557	0.00625
11	0.00845	0.01396	0.26882	0.00956	0.01365	0.00776	0.01021	0.01172	0.01276	0.01666	0.07129	0.07002	0.44079	0.01139	0.00633	0.00190	0.00482	0.00947	0.00436	0.00609

[dist]
# distance from previous block
# <min> <max>
0	1

[block]
# block no. 5 follows, 41 sequences, length 11
# corresponding to MSA columns:
# 502-512
name=unknown_F
#
# <colnr> <probs for GDERKNQSTAVLIFYWHMCP>
#	G	D	E	R	K	N	Q	S	T	A	V	L	I	F	Y	W	H	M	C	P
0	0.26606	0.42615	0.02121	0.14096	0.01778	0.01795	0.00973	0.01660	0.01101	0.01738	0.00833	0.01024	0.00704	0.00516	0.00398	0.00151	0.00586	0.00341	0.00280	0.00682
1	0.07675	0.00709	0.00875	0.00774	0.00973	0.00668	0.00582	0.01473	0.01439	0.19046	0.40775	0.03394	0.03556	0.14403	0.01007	0.00243	0.00381	0.00839	0.00578	0.00612
2	0.01786	0.07911	0.01595	0.01373	0.05551	0.48342	0.00998	0.03678	0.01491	0.01546	0.05129	0.01457	0.01124	0.06761	0.00695	0.00175	0.00833	0.00445	0.00324	0.08788
3	0.00999	0.00642	0.00711	0.00666	0.00893	0.00543	0.00509	0.01154	0.01349	0.14325	0.05052	0.08855	0.59534	0.01341	0.00662	0.00192	0.00325	0.01122	0.00561	0.00565
4	0.01976	0.20260	0.01962	0.01421	0.04190	0.54276	0.01097	0.05601	0.01557	0.01509	0.00894	0.01035	0.00753	0.00569	0.00486	0.00144	0.00905	0.00366	0.00296	0.00702
5	0.00676	0.00579	0.00579	0.00579	0.00773	0.00483	0.00435	0.00821	0.01304	0.01545	0.05794	0.05505	0.76098	0.01449	0.00676	0.00193	0.00290	0.01207	0.00531	0.00483
6	0.01809	0.01535	0.01594	0.01473	0.08652	0.09034	0.01076	0.34897	0.26292	0.02764	0.01663	0.03856	0.01279	0.00722	0.00574	0.00178	0.00607	0.00576	0.00520	0.00899
7	0.01066	0.00533	0.00533	0.00533	0.00666	0.00533	0.00400	0.01333	0.01200	0.02132	0.01866	0.02132	0.01466	0.00666	0.00400	0.00133	0.00267	0.00533	0.83073	0.00533
8	0.01197	0.02465	0.57981	0.01461	0.02161	0.01252	0.01774	0.08837	0.01416	0.02061	0.12444	0.01689	0.01458	0.00653	0.00566	0.00180	0.00737	0.00525	0.00333	0.00811
9	0.01551	0.01292	0.01365	0.01190	0.01536	0.01482	0.00936	0.15178	0.62950	0.02599	0.02166	0.02005	0.01615	0.00761	0.00580	0.00190	0.00483	0.00624	0.00580	0.00917
10	0.01650	0.43440	0.15150	0.01241	0.01731	0.25100	0.01210	0.01904	0.01310	0.01441	0.00862	0.01002	0.00733	0.00529	0.00442	0.00140	0.00780	0.00345	0.00259	0.00731

[dist]
# distance from previous block
# <min> <max>
0	1

[block]
# block no. 6 follows, 41 sequences, length 15
# corresponding to MSA columns:
# 514-528
name=unknown_G
#
# <colnr> <probs for GDERKNQSTAVLIFYWHMCP>
#	G	D	E	R	K	N	Q	S	T	A	V	L	I	F	Y	W	H	M	C	P
0	0.74699	0.01162	0.00940	0.00816	0.01182	0.01339	0.00672	0.09901	0.01167	0.02684	0.00862	0.00979	0.00659	0.00549	0.00379	0.00176	0.00464	0.00333	0.00379	0.00659
1	0.01274	0.19303	0.01590	0.01076	0.01304	0.14920	0.00886	0.03149	0.01140	0.01401	0.01197	0.01645	0.01095	0.02476	0.39789	0.00541	0.05825	0.00490	0.00293	0.00607
2	0.00751	0.00601	0.00849	0.00853	0.00973	0.00547	0.05763	0.00908	0.01220	0.01600	0.11851	0.48500	0.20332	0.01550	0.00707	0.00215	0.00360	0.01395	0.00525	0.00499
3	0.01474	0.28301	0.02066	0.01335	0.06897	0.01716	0.04696	0.04251	0.39076	0.02000	0.01631	0.01617	0.01276	0.00642	0.00512	0.00167	0.00554	0.00518	0.00430	0.00842
4	0.01569	0.01202	0.01847	0.05614	0.37550	0.01239	0.02808	0.02081	0.13113	0.15607	0.01615	0.01986	0.01289	0.00688	0.00646	0.00187	0.03996	0.05675	0.00423	0.00865
5	0.00922	0.00658	0.00922	0.01053	0.01185	0.00658	0.00922	0.01185	0.01317	0.01712	0.03029	0.06452	0.03292	0.01580	0.00790	0.00263	0.00527	0.72480	0.00527	0.00527
6	0.01352	0.11461	0.01435	0.01074	0.01404	0.01426	0.00862	0.02616	0.57266	0.02160	0.02520	0.02356	0.10016	0.00815	0.00565	0.00185	0.00455	0.00666	0.00532	0.00835
7	0.01066	0.00533	0.00533	0.00533	0.00666	0.00533	0.00400	0.01333	0.01200	0.02132	0.01866	0.02132	0.01466	0.00666	0.00400	0.00133	0.00267	0.00533	0.83073	0.00533
8	0.01333	0.01177	0.01811	0.52658	0.14862	0.01377	0.01523	0.14866	0.01452	0.01918	0.01091	0.01480	0.00823	0.00583	0.00571	0.00184	0.00725	0.00510	0.00317	0.00739
9	0.00994	0.00497	0.00745	0.00745	0.00745	0.00497	0.00497	0.00745	0.00745	0.00994	0.00994	0.01739	0.00994	0.01987	0.02235	0.83358	0.00497	0.00497	0.00248	0.00248
10	0.01832	0.01836	0.08979	0.01282	0.01716	0.18070	0.01096	0.34511	0.07027	0.02537	0.01278	0.01433	0.00991	0.04624	0.00659	0.00178	0.00699	0.00479	0.00441	0.10332
11	0.01506	0.01256	0.01588	0.01372	0.05550	0.04754	0.09209	0.07346	0.25817	0.09468	0.04250	0.02001	0.05995	0.00732	0.00665	0.00177	0.05927	0.00611	0.00476	0.11300
12	0.03378	0.08578	0.01917	0.01669	0.11316	0.31954	0.06347	0.16133	0.06251	0.02017	0.01109	0.01247	0.00878	0.00585	0.00529	0.00157	0.00796	0.00446	0.00363	0.04330
13	0.05866	0.01543	0.05095	0.01340	0.01731	0.15293	0.10530	0.02324	0.20531	0.15905	0.01671	0.01686	0.02934	0.00672	0.00627	0.00176	0.04773	0.00544	0.00452	0.06306
14	0.01003	0.04705	0.01027	0.00927	0.03380	0.02206	0.03817	0.01081	0.01166	0.04671	0.05988	0.08838	0.25439	0.01454	0.01092	0.22947	0.00456	0.08885	0.00427	0.00488

[dist]
# distance from previous block
# <min> <max>
0	5

[block]
# block no. 7 follows, 41 sequences, length 16
# corresponding to MSA columns:
# 534-549
name=unknown_H
#
# <colnr> <probs for GDERKNQSTAVLIFYWHMCP>
#	G	D	E	R	K	N	Q	S	T	A	V	L	I	F	Y	W	H	M	C	P
0	0.01903	0.01515	0.08419	0.01244	0.01681	0.01448	0.01072	0.37858	0.14539	0.11560	0.02041	0.02010	0.07047	0.00800	0.00605	0.00191	0.00587	0.00615	0.03935	0.00930
1	0.01483	0.01311	0.01712	0.01689	0.13919	0.03105	0.09563	0.11207	0.30447	0.02328	0.05765	0.02462	0.08845	0.00836	0.00639	0.00201	0.00589	0.02527	0.00510	0.00862
2	0.01172	0.00735	0.00914	0.00904	0.01043	0.00701	0.00645	0.08238	0.01400	0.10556	0.11969	0.45441	0.03286	0.06534	0.00905	0.02708	0.00418	0.01248	0.00572	0.00611
3	0.01363	0.01395	0.02668	0.16980	0.22383	0.01394	0.36156	0.01739	0.01325	0.01817	0.01259	0.04776	0.01048	0.00623	0.00685	0.00203	0.02406	0.00658	0.00317	0.00804
4	0.00805	0.00577	0.00707	0.00796	0.00845	0.00534	0.00521	0.00867	0.01113	0.01473	0.03193	0.56559	0.10470	0.17205	0.01186	0.00306	0.00400	0.01440	0.00519	0.00485
5	0.09126	0.01017	0.01541	0.46652	0.11184	0.01165	0.01331	0.01440	0.01184	0.01688	0.01494	0.16668	0.01425	0.00849	0.00614	0.00209	0.00662	0.00730	0.00348	0.00671
6	0.01227	0.00911	0.01168	0.01068	0.01262	0.01017	0.00838	0.18802	0.01398	0.01953	0.01565	0.02131	0.01386	0.03425	0.58102	0.00744	0.01328	0.00613	0.00397	0.00664
7	0.01197	0.01095	0.01702	0.25823	0.14487	0.01305	0.02861	0.01437	0.01100	0.01551	0.01176	0.01760	0.01041	0.03552	0.17961	0.00386	0.20014	0.00566	0.00300	0.00686
8	0.01356	0.01117	0.01766	0.41531	0.02892	0.01230	0.09764	0.08141	0.01314	0.01741	0.01224	0.01783	0.01008	0.01029	0.01062	0.20693	0.00757	0.00577	0.00344	0.00671
9	0.02146	0.01414	0.01532	0.06170	0.01773	0.09822	0.01026	0.28015	0.01942	0.27726	0.01693	0.01756	0.01215	0.01149	0.09557	0.00274	0.00767	0.00557	0.00562	0.00903
10	0.02759	0.24296	0.09073	0.12878	0.07933	0.06662	0.01303	0.23985	0.01721	0.02238	0.01142	0.01341	0.00905	0.00633	0.00540	0.00175	0.00718	0.00460	0.00384	0.00853
11	0.00992	0.00725	0.00879	0.00910	0.01037	0.00699	0.00662	0.09490	0.01436	0.01920	0.11853	0.46899	0.10475	0.01578	0.00739	0.00233	0.00404	0.07907	0.00573	0.00586
12	0.01263	0.00997	0.01321	0.01331	0.10018	0.01023	0.00927	0.13276	0.01357	0.01940	0.01442	0.01926	0.01266	0.02593	0.41591	0.00570	0.01107	0.00563	0.00382	0.15109
13	0.01153	0.00599	0.00600	0.00596	0.00736	0.00586	0.00441	0.01393	0.01252	0.02204	0.01940	0.02238	0.01539	0.00722	0.00438	0.00149	0.00299	0.00560	0.81978	0.00579
14	0.01700	0.21880	0.01850	0.01129	0.01533	0.01603	0.00943	0.27433	0.10405	0.03715	0.07272	0.05443	0.01570	0.02119	0.00597	0.00179	0.00565	0.00585	0.00492	0.08987
15	0.01399	0.30893	0.28821	0.01247	0.01803	0.03917	0.01342	0.06353	0.01390	0.01828	0.06911	0.01860	0.08444	0.00724	0.00538	0.00174	0.00680	0.00532	0.00352	0.00791

[dist]
# distance from previous block
# <min> <max>
0	1

[block]
# block no. 8 follows, 41 sequences, length 8
# corresponding to MSA columns:
# 551-558
name=unknown_I
#
# <colnr> <probs for GDERKNQSTAVLIFYWHMCP>
#	G	D	E	R	K	N	Q	S	T	A	V	L	I	F	Y	W	H	M	C	P
0	0.01240	0.12897	0.21681	0.01217	0.01818	0.01189	0.07855	0.01613	0.01203	0.01773	0.01001	0.01186	0.00801	0.00470	0.00470	0.00126	0.00612	0.00387	0.00295	0.42167
1	0.01630	0.01587	0.17793	0.06398	0.01868	0.01312	0.01216	0.27335	0.09830	0.10987	0.01733	0.12660	0.01441	0.00818	0.00590	0.00187	0.00607	0.00674	0.00490	0.00843
2	0.01194	0.01109	0.06806	0.16153	0.12480	0.01026	0.01085	0.08178	0.06490	0.06135	0.05091	0.02996	0.27103	0.00914	0.00609	0.00185	0.00529	0.00773	0.00442	0.00702
3	0.13068	0.01573	0.17411	0.03027	0.01802	0.01434	0.07969	0.05908	0.01171	0.01883	0.05075	0.01419	0.01024	0.00811	0.02473	0.00216	0.28973	0.00499	0.00312	0.03951
4	0.01442	0.07116	0.01603	0.13183	0.01884	0.12200	0.01044	0.06052	0.05068	0.03281	0.01048	0.01284	0.00858	0.00617	0.00734	0.00155	0.14538	0.00427	0.00331	0.27136
5	0.06005	0.01095	0.04036	0.00966	0.01260	0.07899	0.00791	0.01902	0.13077	0.18595	0.16365	0.02958	0.13375	0.01135	0.05213	0.00228	0.00537	0.03314	0.00540	0.00711
6	0.17608	0.01361	0.01416	0.01116	0.01539	0.01471	0.00913	0.42957	0.06197	0.02994	0.01273	0.01341	0.00950	0.00774	0.03701	0.00192	0.00592	0.00462	0.00487	0.12657
7	0.06652	0.15890	0.34118	0.01412	0.07305	0.01314	0.04023	0.01566	0.01202	0.01720	0.01814	0.07481	0.11728	0.00749	0.00538	0.00175	0.00652	0.00610	0.00317	0.00733

[dist]
# distance from previous block
# <min> <max>
7	12

[block]
# block no. 9 follows, 41 sequences, length 14
# corresponding to MSA columns:
# 571-584
name=unknown_J
#
# <colnr> <probs for GDERKNQSTAVLIFYWHMCP>
#	G	D	E	R	K	N	Q	S	T	A	V	L	I	F	Y	W	H	M	C	P
0	0.01431	0.04598	0.07456	0.37369	0.11132	0.01252	0.01415	0.05670	0.03487	0.13389	0.01397	0.01861	0.01082	0.00659	0.00575	0.00186	0.00679	0.05235	0.00371	0.00757
1	0.20821	0.31058	0.04148	0.01039	0.01475	0.12286	0.00927	0.08161	0.01354	0.07672	0.00991	0.01080	0.00788	0.00545	0.00427	0.00146	0.00619	0.00360	0.00347	0.05757
2	0.43086	0.13521	0.01489	0.07117	0.08390	0.05189	0.00925	0.01813	0.07521	0.02113	0.00974	0.01139	0.00783	0.00566	0.00474	0.00172	0.03318	0.00382	0.00336	0.00692
3	0.01070	0.01037	0.07741	0.01061	0.01236	0.00974	0.06377	0.07300	0.01184	0.01651	0.11740	0.05223	0.02080	0.34739	0.01801	0.00353	0.12745	0.00759	0.00382	0.00549
4	0.01042	0.01062	0.07244	0.13674	0.18541	0.01037	0.03117	0.01344	0.01072	0.01521	0.01282	0.01827	0.01124	0.02399	0.38649	0.00546	0.03019	0.00558	0.00286	0.00654
5	0.01182	0.02146	0.42743	0.07519	0.02392	0.01287	0.12987	0.01893	0.11413	0.01909	0.07730	0.01677	0.01295	0.00622	0.00583	0.00185	0.00754	0.00552	0.00330	0.00799
6	0.01066	0.00533	0.00533	0.00533	0.00666	0.00533	0.00400	0.01333	0.01200	0.02132	0.01866	0.02132	0.01466	0.00666	0.00400	0.00133	0.00267	0.00533	0.83073	0.00533
7	0.01131	0.00959	0.01023	0.00945	0.01204	0.01041	0.00726	0.02154	0.44757	0.02132	0.12268	0.05302	0.21952	0.01029	0.00622	0.00193	0.00384	0.00868	0.00573	0.00737
8	0.00778	0.00551	0.00621	0.00641	0.00688	0.00525	0.00394	0.00824	0.00974	0.01257	0.02866	0.15902	0.18177	0.50974	0.02094	0.00427	0.00463	0.01036	0.00415	0.00394
9	0.01443	0.01551	0.06490	0.01971	0.02398	0.01569	0.40706	0.13002	0.01431	0.01992	0.01081	0.01426	0.00847	0.00648	0.00956	0.00203	0.20602	0.00593	0.00321	0.00770
10	0.01212	0.01098	0.01526	0.01090	0.01610	0.00869	0.12117	0.01501	0.01212	0.01859	0.01038	0.01242	0.00850	0.00433	0.00463	0.00102	0.00508	0.00391	0.00331	0.70549
11	0.00701	0.00554	0.00623	0.00659	0.00790	0.00486	0.00468	0.00837	0.01245	0.01563	0.10902	0.27566	0.44613	0.05350	0.00801	0.00221	0.00314	0.01300	0.00531	0.00476
12	0.01207	0.00959	0.01290	0.17735	0.08191	0.01080	0.00948	0.14844	0.01296	0.01748	0.01416	0.02378	0.01370	0.31255	0.07573	0.00385	0.04728	0.00641	0.00355	0.00601
13	0.00799	0.00571	0.00781	0.00914	0.00992	0.00553	0.00709	0.00974	0.01196	0.01575	0.03096	0.46195	0.03559	0.01695	0.00757	0.00246	0.00421	0.33944	0.00529	0.00493

[dist]
# distance from previous block
# <min> <max>
0	1

[block]
# block no. 10 follows, 41 sequences, length 11
# corresponding to MSA columns:
# 586-596
name=unknown_K
#
# <colnr> <probs for GDERKNQSTAVLIFYWHMCP>
#	G	D	E	R	K	N	Q	S	T	A	V	L	I	F	Y	W	H	M	C	P
0	0.01995	0.01658	0.01560	0.01254	0.01625	0.14503	0.00995	0.52706	0.02269	0.02909	0.01345	0.01620	0.01075	0.10851	0.00863	0.00217	0.00688	0.00531	0.00496	0.00840
1	0.47693	0.00856	0.00706	0.00656	0.00914	0.00955	0.00523	0.01529	0.01072	0.02377	0.01264	0.01455	0.00990	0.00590	0.00374	0.00158	0.00366	0.00407	0.36533	0.00582
2	0.00817	0.00613	0.00919	0.00919	0.01021	0.00715	0.00715	0.01021	0.00919	0.01328	0.01532	0.02247	0.01430	0.04290	0.77631	0.00919	0.01532	0.00613	0.00306	0.00511
3	0.01353	0.01228	0.01680	0.02138	0.34158	0.01311	0.01235	0.02281	0.36357	0.02088	0.02089	0.02119	0.07987	0.00719	0.00583	0.00183	0.00537	0.00637	0.00447	0.00868
4	0.00841	0.00595	0.00804	0.00919	0.01003	0.00585	0.00727	0.01020	0.01186	0.01557	0.02909	0.28672	0.03288	0.11711	0.01044	0.00291	0.00470	0.41389	0.00505	0.00484
5	0.00994	0.00497	0.00745	0.00745	0.00745	0.00497	0.00497	0.00745	0.00745	0.00994	0.00994	0.01739	0.00994	0.01987	0.02235	0.83358	0.00497	0.00497	0.00248	0.00248
6	0.00701	0.00551	0.00634	0.00676	0.00804	0.00484	0.00483	0.00846	0.01269	0.01611	0.13924	0.31966	0.40950	0.01536	0.00695	0.00206	0.00302	0.01335	0.00544	0.00484
7	0.01156	0.02158	0.44559	0.25156	0.07567	0.01329	0.01866	0.01726	0.03495	0.01713	0.01059	0.01348	0.00780	0.00571	0.00596	0.00186	0.03231	0.00464	0.00259	0.00780
8	0.00729	0.00571	0.00664	0.00690	0.00834	0.00506	0.00515	0.00903	0.01335	0.01710	0.20905	0.19723	0.40404	0.01463	0.00695	0.00203	0.00312	0.06790	0.00553	0.00496
9	0.01695	0.06824	0.11439	0.01484	0.04997	0.27050	0.03942	0.14388	0.01562	0.01896	0.01031	0.01237	0.00834	0.00803	0.04623	0.00202	0.08075	0.00437	0.00332	0.07150
10	0.12088	0.01336	0.01777	0.01449	0.01647	0.01668	0.07890	0.17258	0.01325	0.02054	0.00929	0.01263	0.00793	0.00825	0.01288	0.00219	0.44647	0.00495	0.00337	0.00713

[dist]
# distance from previous block
# <min> <max>
3	5

[block]
# block no. 11 follows, 41 sequences, length 12
# corresponding to MSA columns:
# 602-613
name=unknown_L
#
# <colnr> <probs for GDERKNQSTAVLIFYWHMCP>
#	G	D	E	R	K	N	Q	S	T	A	V	L	I	F	Y	W	H	M	C	P
0	0.01389	0.30481	0.12471	0.17793	0.09337	0.06170	0.05991	0.01812	0.06446	0.01591	0.01036	0.01264	0.00835	0.00542	0.00496	0.00160	0.00717	0.00435	0.00279	0.00755
1	0.02028	0.01495	0.01597	0.01249	0.01672	0.01657	0.01024	0.62730	0.09471	0.03391	0.01497	0.01497	0.01079	0.00694	0.00562	0.00171	0.00588	0.00529	0.06134	0.00937
2	0.01307	0.01135	0.01629	0.08376	0.18013	0.01051	0.06193	0.06604	0.02672	0.03395	0.01251	0.01579	0.02355	0.05557	0.00664	0.00162	0.00569	0.00485	0.00348	0.36657
3	0.01318	0.01048	0.01343	0.00965	0.01472	0.00814	0.05542	0.01584	0.01236	0.08430	0.01135	0.01276	0.00898	0.00452	0.00453	0.00100	0.00465	0.00382	0.00368	0.70717
4	0.01115	0.00885	0.01051	0.01057	0.06055	0.00929	0.00738	0.01858	0.29178	0.04054	0.28322	0.03291	0.10037	0.07900	0.00827	0.00219	0.00398	0.00841	0.00557	0.00690
5	0.00974	0.00563	0.00676	0.00676	0.00797	0.00600	0.00516	0.01218	0.01096	0.01835	0.01743	0.02175	0.01453	0.02004	0.28913	0.00423	0.00734	0.00563	0.52517	0.00525
6	0.00775	0.00571	0.00725	0.00713	0.00840	0.00521	0.00525	0.01003	0.01499	0.02071	0.55966	0.15759	0.14307	0.01299	0.00683	0.00190	0.00282	0.01146	0.00602	0.00521
7	0.01244	0.00934	0.01064	0.00954	0.01183	0.00977	0.00731	0.23589	0.08871	0.02417	0.20609	0.23646	0.09079	0.01175	0.00650	0.00194	0.00416	0.01013	0.00573	0.00682
8	0.01186	0.01017	0.01186	0.00847	0.01356	0.00762	0.00678	0.01440	0.01186	0.01864	0.01017	0.01186	0.00847	0.00424	0.00424	0.00085	0.00424	0.00339	0.00339	0.83395
9	0.01256	0.33885	0.01841	0.01063	0.06518	0.03585	0.00846	0.01573	0.07773	0.03636	0.06675	0.02749	0.22641	0.00868	0.00528	0.00162	0.00498	0.02823	0.00402	0.00677
10	0.01878	0.30040	0.07457	0.01227	0.01703	0.11467	0.01115	0.31750	0.01867	0.04783	0.01108	0.01174	0.00854	0.00594	0.00490	0.00152	0.00684	0.00417	0.00401	0.00839
11	0.00976	0.00824	0.01104	0.01010	0.01106	0.00971	0.00798	0.01266	0.05647	0.01890	0.37465	0.08105	0.03355	0.01343	0.05931	0.00255	0.24391	0.02500	0.00481	0.00580

[dist]
# distance from previous block
# <min> <max>
0	2

[block]
# block no. 12 follows, 41 sequences, length 11
# corresponding to MSA columns:
# 616-626
name=unknown_M
#
# <colnr> <probs for GDERKNQSTAVLIFYWHMCP>
#	G	D	E	R	K	N	Q	S	T	A	V	L	I	F	Y	W	H	M	C	P
0	0.00887	0.00639	0.00839	0.00836	0.00974	0.00598	0.00656	0.01140	0.01569	0.02186	0.57269	0.04859	0.04881	0.01299	0.00722	0.00209	0.00352	0.18905	0.00618	0.00561
1	0.01605	0.01420	0.02170	0.02962	0.57693	0.01463	0.01588	0.19921	0.01649	0.02303	0.01150	0.01405	0.00923	0.00554	0.00568	0.00170	0.00667	0.00511	0.00355	0.00923
2	0.01510	0.01209	0.01360	0.01001	0.01493	0.01094	0.00812	0.25392	0.01679	0.02435	0.01134	0.01248	0.00888	0.00510	0.00472	0.00113	0.00491	0.00397	0.00415	0.56346
3	0.01011	0.00747	0.00977	0.00932	0.01030	0.00833	0.02826	0.05848	0.01175	0.01743	0.02111	0.32580	0.02232	0.04538	0.04584	0.00251	0.13959	0.00978	0.21094	0.00549
4	0.01282	0.00955	0.01204	0.01059	0.07120	0.00802	0.00760	0.04451	0.01407	0.09192	0.19905	0.02056	0.02049	0.00655	0.00518	0.00127	0.00420	0.00556	0.00452	0.45031
5	0.01092	0.00909	0.01081	0.00815	0.01230	0.00707	0.00643	0.01350	0.01294	0.01971	0.19768	0.01958	0.01985	0.00610	0.00486	0.00109	0.00385	0.00513	0.00412	0.62683
6	0.01999	0.01449	0.01564	0.01229	0.01633	0.01595	0.00995	0.58076	0.09643	0.06236	0.01541	0.01678	0.01163	0.07587	0.00777	0.00207	0.00600	0.00558	0.00559	0.00912
7	0.01949	0.10630	0.01826	0.07833	0.03625	0.19338	0.01122	0.39991	0.02076	0.02571	0.01260	0.01352	0.02613	0.00646	0.00538	0.00163	0.00725	0.00473	0.00437	0.00833
8	0.00802	0.00571	0.00715	0.00695	0.00792	0.00536	0.00487	0.00989	0.01376	0.01913	0.49918	0.09070	0.07311	0.20901	0.01237	0.00277	0.00346	0.01029	0.00549	0.00484
9	0.01195	0.01411	0.13966	0.06434	0.34300	0.02972	0.03212	0.01567	0.01367	0.01923	0.19891	0.02336	0.02100	0.00736	0.00602	0.00180	0.00617	0.04055	0.00373	0.00762
10	0.08442	0.00867	0.01096	0.00889	0.01205	0.00795	0.00691	0.02160	0.01383	0.49736	0.04297	0.02388	0.01642	0.20504	0.01145	0.00271	0.00494	0.00633	0.00588	0.00776

[dist]
# distance from previous block
# <min> <max>
0	1

[block]
# block no. 13 follows, 41 sequences, length 32
# corresponding to MSA columns:
# 628-659
name=unknown_N
#
# <colnr> <probs for GDERKNQSTAVLIFYWHMCP>
#	G	D	E	R	K	N	Q	S	T	A	V	L	I	F	Y	W	H	M	C	P
0	0.00770	0.00602	0.00690	0.00686	0.00846	0.00531	0.00515	0.00954	0.01415	0.01835	0.30710	0.08336	0.41544	0.03053	0.00742	0.00206	0.00313	0.05165	0.00570	0.00516
1	0.01421	0.01175	0.01244	0.01104	0.01420	0.01306	0.00867	0.13516	0.48957	0.02434	0.02800	0.02767	0.13941	0.00920	0.00615	0.00198	0.00465	0.03430	0.00578	0.00844
2	0.03654	0.01029	0.07817	0.07879	0.08430	0.00911	0.04499	0.01335	0.01256	0.05451	0.19085	0.10048	0.06185	0.13957	0.01086	0.00257	0.05235	0.00830	0.00434	0.00621
3	0.06228	0.01512	0.05179	0.01521	0.14192	0.13801	0.01067	0.16347	0.01571	0.02213	0.01234	0.01444	0.00983	0.00703	0.02445	0.00176	0.03355	0.00464	0.13983	0.11581
4	0.01479	0.07461	0.01469	0.01125	0.01402	0.05092	0.00914	0.23620	0.09303	0.02291	0.08428	0.04119	0.15990	0.00956	0.00812	0.00193	0.13406	0.00712	0.00485	0.00745
5	0.58153	0.01069	0.01036	0.01144	0.11795	0.01187	0.00749	0.01569	0.01014	0.02247	0.01029	0.01499	0.00926	0.13604	0.00817	0.00243	0.00504	0.00433	0.00351	0.00629
6	0.00865	0.00685	0.00916	0.00927	0.01031	0.00692	0.03324	0.01144	0.08180	0.01717	0.14482	0.49595	0.06747	0.01503	0.00778	0.00223	0.04776	0.01328	0.00535	0.00553
7	0.00722	0.00532	0.00670	0.00779	0.00841	0.00484	0.00527	0.00821	0.01146	0.01499	0.03605	0.67055	0.15694	0.01748	0.00732	0.00230	0.00334	0.01561	0.00539	0.00482
8	0.01490	0.01543	0.06265	0.12871	0.24424	0.12077	0.01361	0.08777	0.13610	0.01968	0.01403	0.04548	0.01160	0.00871	0.04909	0.00224	0.00751	0.00564	0.00374	0.00809
9	0.00789	0.00588	0.00728	0.00723	0.00854	0.00531	0.00528	0.00995	0.01475	0.02012	0.48232	0.17875	0.19822	0.01353	0.00695	0.00197	0.00295	0.01181	0.00599	0.00529
10	0.01766	0.14390	0.01842	0.11455	0.01959	0.01715	0.01102	0.35525	0.19530	0.02677	0.01483	0.01535	0.01114	0.00677	0.00552	0.00176	0.00610	0.00519	0.00486	0.00885
11	0.00994	0.00527	0.00745	0.00744	0.00746	0.00523	0.00484	0.00780	0.00778	0.01039	0.01153	0.02103	0.01196	0.14818	0.02351	0.69391	0.00515	0.00560	0.00274	0.00280
12	0.01288	0.02400	0.47983	0.04947	0.17696	0.04274	0.06271	0.01874	0.04376	0.01843	0.01120	0.01351	0.00841	0.00563	0.00569	0.00184	0.00813	0.00475	0.00279	0.00854
13	0.01467	0.01353	0.01840	0.15708	0.35466	0.09114	0.01384	0.01799	0.03626	0.06274	0.01347	0.01602	0.03699	0.00589	0.00558	0.00166	0.00670	0.00513	0.00340	0.12486
14	0.01250	0.01091	0.01391	0.01304	0.13710	0.00876	0.00866	0.01510	0.01221	0.01888	0.01053	0.01260	0.00882	0.00456	0.00459	0.00104	0.00475	0.00376	0.00339	0.69490
15	0.01302	0.04000	0.04074	0.01030	0.03993	0.00987	0.00805	0.17228	0.03499	0.06482	0.22076	0.08433	0.15632	0.02110	0.00655	0.00186	0.00446	0.00849	0.00540	0.05674
16	0.00798	0.00555	0.00684	0.00732	0.00771	0.00530	0.00470	0.00878	0.01091	0.01480	0.14613	0.36136	0.03371	0.33361	0.01615	0.00359	0.00421	0.01210	0.00481	0.00443
17	0.01227	0.01044	0.01207	0.00875	0.01374	0.00822	0.00700	0.03774	0.04344	0.01940	0.01083	0.01232	0.00889	0.00447	0.00435	0.00092	0.00431	0.00357	0.00356	0.77372
18	0.01411	0.14868	0.32089	0.01334	0.04652	0.04510	0.01381	0.05862	0.01428	0.10056	0.15138	0.01822	0.01695	0.00678	0.00544	0.00168	0.00650	0.00540	0.00388	0.00786
19	0.01455	0.09854	0.12140	0.01258	0.01593	0.27417	0.01123	0.01825	0.07213	0.01571	0.01472	0.02230	0.01353	0.01376	0.13590	0.00303	0.00918	0.12298	0.00345	0.00667
20	0.25912	0.15514	0.01611	0.01232	0.05060	0.21127	0.03216	0.01762	0.01256	0.01822	0.01210	0.01913	0.01135	0.00720	0.00527	0.00176	0.02588	0.12224	0.00340	0.00655
21	0.00746	0.00526	0.00686	0.00788	0.00830	0.00501	0.00538	0.00853	0.01098	0.01467	0.06477	0.56509	0.03535	0.14593	0.01092	0.00286	0.00384	0.08131	0.00505	0.00455
22	0.01267	0.01369	0.02851	0.02232	0.09241	0.01289	0.55597	0.01701	0.01390	0.01911	0.13469	0.01981	0.01617	0.00598	0.00665	0.00189	0.00824	0.00719	0.00345	0.00745
23	0.00877	0.00556	0.00637	0.00637	0.00675	0.00567	0.00397	0.00953	0.00915	0.01339	0.01786	0.03259	0.01887	0.55861	0.10395	0.00509	0.00601	0.00748	0.16998	0.00402
24	0.01460	0.01871	0.10005	0.02183	0.02740	0.13965	0.55432	0.01905	0.01381	0.01759	0.01100	0.01427	0.00833	0.00506	0.00636	0.00184	0.00964	0.00601	0.00286	0.00761
25	0.00704	0.00562	0.00611	0.00633	0.00773	0.00490	0.00450	0.00832	0.01232	0.01526	0.08820	0.19429	0.50587	0.09647	0.00918	0.00237	0.00324	0.01239	0.00517	0.00468
26	0.01122	0.01098	0.01971	0.66791	0.03793	0.01298	0.12789	0.01519	0.01176	0.01519	0.01038	0.01528	0.00779	0.00558	0.00588	0.00191	0.00794	0.00534	0.00260	0.00656
27	0.00840	0.00638	0.00932	0.00920	0.01007	0.00750	0.00706	0.01021	0.00909	0.01310	0.01520	0.02339	0.01458	0.11241	0.66919	0.00852	0.05201	0.00628	0.00307	0.00501
28	0.25834	0.00966	0.01146	0.01165	0.08225	0.01063	0.00828	0.04269	0.01185	0.13297	0.01575	0.14301	0.01437	0.01175	0.07788	0.00259	0.09091	0.00654	0.05070	0.00673
29	0.01333	0.00917	0.01262	0.01446	0.16261	0.00908	0.00907	0.12883	0.01514	0.11925	0.09924	0.33391	0.02616	0.01151	0.00646	0.00197	0.00463	0.01026	0.00521	0.00709
30	0.01574	0.01515	0.01484	0.04978	0.01699	0.18532	0.05053	0.16147	0.14710	0.02116	0.01591	0.12190	0.01408	0.00774	0.00565	0.00167	0.00641	0.00639	0.00437	0.13779
31	0.41482	0.04186	0.01405	0.06248	0.13814	0.01367	0.00976	0.13246	0.01378	0.09475	0.01085	0.01212	0.00811	0.00570	0.00458	0.00174	0.00542	0.00412	0.00400	0.00761

[dist]
# distance from previous block
# <min> <max>
2	5

[block]
# block no. 14 follows, 41 sequences, length 6
# corresponding to MSA columns:
# 665-670
name=unknown_O
#
# <colnr> <probs for GDERKNQSTAVLIFYWHMCP>
#	G	D	E	R	K	N	Q	S	T	A	V	L	I	F	Y	W	H	M	C	P
0	0.03395	0.00951	0.08321	0.01015	0.05776	0.00739	0.00788	0.01256	0.05177	0.01870	0.20429	0.19441	0.15595	0.01111	0.00620	0.00181	0.00403	0.00965	0.00483	0.11485
1	0.14160	0.01464	0.04904	0.01915	0.13329	0.07524	0.28250	0.01788	0.05576	0.01909	0.01432	0.04761	0.04794	0.00635	0.00609	0.00183	0.02587	0.00609	0.00337	0.03236
2	0.00968	0.00506	0.00726	0.00726	0.00726	0.00506	0.00473	0.00759	0.00759	0.01011	0.01119	0.02050	0.01162	0.14069	0.02340	0.70518	0.00506	0.00549	0.00264	0.00264
3	0.01507	0.01548	0.09629	0.02827	0.52422	0.01425	0.01631	0.13115	0.06404	0.02167	0.01200	0.01436	0.00954	0.00558	0.00566	0.00173	0.00673	0.00511	0.00344	0.00910
4	0.00978	0.00732	0.00901	0.00931	0.01073	0.00732	0.00722	0.01366	0.12061	0.01895	0.19689	0.15308	0.07011	0.08996	0.00948	0.00265	0.00441	0.24806	0.00560	0.00588
5	0.01114	0.01084	0.05819	0.01310	0.01540	0.01082	0.13613	0.04986	0.01144	0.01610	0.01627	0.02286	0.05207	0.10793	0.32561	0.00546	0.12046	0.00665	0.00342	0.00627

[dist]
# distance from previous block
# <min> <max>
3	6

[block]
# block no. 15 follows, 41 sequences, length 6
# corresponding to MSA columns:
# 678-683
name=unknown_P
#
# <colnr> <probs for GDERKNQSTAVLIFYWHMCP>
#	G	D	E	R	K	N	Q	S	T	A	V	L	I	F	Y	W	H	M	C	P
0	0.08992	0.01337	0.08417	0.05490	0.18938	0.03247	0.08048	0.06111	0.04818	0.01950	0.01403	0.06044	0.01262	0.00761	0.00639	0.03777	0.00627	0.07128	0.00358	0.10653
1	0.01517	0.01290	0.09839	0.01083	0.01455	0.01146	0.00955	0.27003	0.07464	0.09532	0.19510	0.05833	0.09078	0.00909	0.00610	0.00181	0.00499	0.00752	0.00556	0.00785
2	0.01433	0.01385	0.07199	0.08662	0.20276	0.04380	0.01245	0.16029	0.03724	0.02119	0.01355	0.01929	0.01170	0.04169	0.00663	0.00183	0.00631	0.07072	0.00379	0.15997
3	0.01642	0.01241	0.01608	0.08506	0.01814	0.01350	0.08157	0.39824	0.01882	0.02521	0.01286	0.01651	0.01034	0.05803	0.04667	0.14603	0.00690	0.00551	0.00432	0.00737
4	0.01902	0.00944	0.01204	0.01000	0.01339	0.00901	0.00814	0.08973	0.08443	0.40463	0.17729	0.02821	0.02416	0.00891	0.00617	0.00187	0.00455	0.07417	0.00650	0.00834
5	0.01648	0.01939	0.25669	0.01332	0.01867	0.04325	0.01335	0.38357	0.02008	0.02721	0.07158	0.01781	0.05845	0.00720	0.00575	0.00176	0.00666	0.00562	0.00458	0.00857

[dist]
# distance from previous block
# <min> <max>
2	4

[block]
# block no. 16 follows, 41 sequences, length 37
# corresponding to MSA columns:
# 688-724
name=unknown_Q
#
# <colnr> <probs for GDERKNQSTAVLIFYWHMCP>
#	G	D	E	R	K	N	Q	S	T	A	V	L	I	F	Y	W	H	M	C	P
0	0.01434	0.55312	0.11129	0.01209	0.01668	0.02037	0.05102	0.01679	0.01134	0.01429	0.00834	0.01035	0.00743	0.00573	0.00633	0.00152	0.12550	0.00368	0.00248	0.00732
