[name]
unknown

[dist]
# distance from previous block
# <min> <max>
0	197

[block]
# block no. 0 follows, 40 sequences, length 19
# corresponding to MSA columns:
# 203-221
name=unknown_A
#
# <colnr> <probs for GDERKNQSTAVLIFYWHMCP>
#	G	D	E	R	K	N	Q	S	T	A	V	L	I	F	Y	W	H	M	C	P
0	0.72072	0.01115	0.00983	0.01012	0.07712	0.01269	0.00725	0.01666	0.01007	0.02463	0.00845	0.01032	0.00675	0.00616	0.00479	0.04528	0.00474	0.00343	0.00348	0.00636
1	0.01439	0.01382	0.02360	0.03569	0.75936	0.01382	0.01785	0.01785	0.01324	0.01900	0.01094	0.01439	0.00921	0.00518	0.00576	0.00173	0.00691	0.00518	0.00288	0.00921
2	0.00843	0.00576	0.00695	0.00695	0.00717	0.00597	0.00429	0.00885	0.00864	0.01173	0.01776	0.03496	0.01980	0.64238	0.18101	0.00639	0.00766	0.00800	0.00344	0.00386
3	0.00830	0.00571	0.00658	0.00658	0.00685	0.00572	0.00395	0.00862	0.00896	0.01187	0.02165	0.03823	0.08552	0.65726	0.09617	0.00566	0.00632	0.00859	0.00365	0.00380
4	0.00729	0.00520	0.00698	0.00833	0.00875	0.00490	0.00575	0.00845	0.01133	0.01507	0.03194	0.72770	0.03802	0.01803	0.00748	0.00239	0.00355	0.07868	0.00539	0.00478
5	0.01203	0.10205	0.69672	0.01595	0.02421	0.01439	0.02041	0.01832	0.01223	0.01797	0.01022	0.01200	0.00738	0.00547	0.00536	0.00179	0.00837	0.00419	0.00246	0.00849
6	0.01488	0.72488	0.02821	0.00961	0.01412	0.02138	0.00935	0.01657	0.01150	0.01346	0.00904	0.01202	0.00874	0.07896	0.00615	0.00165	0.00616	0.00361	0.00258	0.00709
7	0.01161	0.00977	0.01136	0.00850	0.01293	0.00768	0.00660	0.01440	0.03854	0.01827	0.01242	0.04531	0.01128	0.07903	0.00685	0.00141	0.00441	0.00454	0.00362	0.69148
8	0.01504	0.01242	0.01326	0.01174	0.01498	0.01414	0.00915	0.14589	0.56064	0.02547	0.02285	0.09249	0.01839	0.00871	0.00604	0.00197	0.00478	0.00729	0.00585	0.00890
9	0.83671	0.01125	0.00855	0.00765	0.01125	0.01305	0.00630	0.01709	0.00990	0.02609	0.00810	0.00945	0.00630	0.00540	0.00360	0.00180	0.00450	0.00315	0.00360	0.00630
10	0.01516	0.01192	0.01290	0.01147	0.01476	0.01347	0.00895	0.02963	0.64583	0.08936	0.06216	0.02267	0.01941	0.00804	0.00596	0.00195	0.00453	0.00672	0.00606	0.00907
11	0.00813	0.00594	0.00764	0.00722	0.00863	0.00545	0.00541	0.01079	0.01623	0.02278	0.70693	0.04433	0.10456	0.01209	0.00686	0.00184	0.00276	0.01064	0.00633	0.00545
12	0.01358	0.01674	0.08760	0.02393	0.03001	0.01462	0.68600	0.01861	0.01362	0.01861	0.01167	0.01544	0.00872	0.00495	0.00677	0.00195	0.00972	0.00668	0.00291	0.00790
13	0.00709	0.00506	0.00675	0.00810	0.00843	0.00472	0.00540	0.00810	0.01113	0.01484	0.03205	0.79184	0.03846	0.01822	0.00742	0.00236	0.00337	0.01653	0.00540	0.00472
14	0.01559	0.70261	0.08331	0.01070	0.01583	0.06163	0.01086	0.01779	0.01209	0.01406	0.00830	0.00960	0.00746	0.00507	0.00394	0.00130	0.00662	0.00323	0.00251	0.00751
15	0.00739	0.00536	0.00704	0.00828	0.00889	0.00501	0.00587	0.00867	0.01162	0.01527	0.03406	0.63111	0.09616	0.01764	0.00746	0.00237	0.00361	0.11398	0.00539	0.00483
16	0.02082	0.01557	0.01664	0.01299	0.01741	0.01726	0.01065	0.64068	0.10600	0.03468	0.01635	0.01605	0.03279	0.00731	0.00586	0.00178	0.00610	0.00559	0.00582	0.00967
17	0.01480	0.01378	0.02166	0.03128	0.62411	0.03766	0.01621	0.01928	0.07851	0.04228	0.03523	0.01597	0.01147	0.00571	0.00579	0.00175	0.00663	0.00544	0.00339	0.00904
18	0.02187	0.06318	0.01391	0.01008	0.01398	0.00936	0.00831	0.02401	0.01545	0.55666	0.06654	0.07624	0.01769	0.00813	0.00629	0.00179	0.03246	0.00661	0.00638	0.04105

[dist]
# distance from previous block
# <min> <max>
4	11

[block]
# block no. 1 follows, 40 sequences, length 42
# corresponding to MSA columns:
# 235-276
name=unknown_B
#
# <colnr> <probs for GDERKNQSTAVLIFYWHMCP>
#	G	D	E	R	K	N	Q	S	T	A	V	L	I	F	Y	W	H	M	C	P
0	0.83671	0.01125	0.00855	0.00765	0.01125	0.01305	0.00630	0.01709	0.00990	0.02609	0.00810	0.00945	0.00630	0.00540	0.00360	0.00180	0.00450	0.00315	0.00360	0.00630
1	0.00709	0.00506	0.00675	0.00810	0.00843	0.00472	0.00540	0.00810	0.01113	0.01484	0.03205	0.79184	0.03846	0.01822	0.00742	0.00236	0.00337	0.01653	0.00540	0.00472
2	0.00831	0.00623	0.00935	0.00935	0.01038	0.00727	0.00727	0.01038	0.00935	0.01350	0.01558	0.02285	0.01454	0.04361	0.77259	0.00935	0.01558	0.00623	0.00312	0.00519
3	0.01446	0.01249	0.01315	0.01183	0.01512	0.01446	0.00920	0.03090	0.74885	0.02433	0.02367	0.02170	0.01775	0.00789	0.00592	0.00197	0.00460	0.00657	0.00592	0.00920
4	0.01183	0.06276	0.73427	0.01629	0.02473	0.01391	0.02100	0.01837	0.01226	0.01822	0.01034	0.01215	0.00737	0.00550	0.00545	0.00182	0.00849	0.00425	0.00246	0.00855
5	0.02330	0.01395	0.01595	0.01227	0.01684	0.01461	0.01012	0.47140	0.04297	0.29113	0.01737	0.01621	0.01168	0.00708	0.00583	0.00177	0.00584	0.00549	0.00630	0.00987
6	0.01084	0.00542	0.00542	0.00542	0.00678	0.00542	0.00407	0.01355	0.01220	0.02168	0.01897	0.02168	0.01491	0.00678	0.00407	0.00136	0.00271	0.00542	0.82791	0.00542
7	0.00845	0.00566	0.00647	0.00647	0.00651	0.00571	0.00368	0.00854	0.00849	0.01137	0.01821	0.03741	0.02086	0.76368	0.06117	0.00580	0.00606	0.00836	0.00351	0.00359
8	0.00823	0.00594	0.00777	0.00732	0.00869	0.00549	0.00549	0.01097	0.01646	0.02332	0.75629	0.04344	0.05487	0.01189	0.00686	0.00183	0.00274	0.01052	0.00640	0.00549
9	0.00709	0.00506	0.00675	0.00810	0.00843	0.00472	0.00540	0.00810	0.01113	0.01484	0.03205	0.79184	0.03846	0.01822	0.00742	0.00236	0.00337	0.01653	0.00540	0.00472
10	0.02566	0.00999	0.01348	0.01040	0.01486	0.00877	0.00857	0.02844	0.04402	0.73575	0.02297	0.01986	0.01452	0.00722	0.00585	0.00181	0.00494	0.00588	0.00715	0.00987
11	0.01166	0.03008	0.76550	0.01657	0.02517	0.01351	0.02149	0.01842	0.01228	0.01842	0.01044	0.01228	0.00737	0.00552	0.00552	0.00184	0.00859	0.00430	0.00246	0.00859
12	0.82414	0.01195	0.00930	0.00837	0.01202	0.01356	0.00676	0.01776	0.01057	0.02688	0.00917	0.01092	0.00731	0.00609	0.00407	0.00199	0.00486	0.00351	0.00395	0.00683
13	0.01118	0.00586	0.00827	0.00823	0.00838	0.00571	0.00549	0.00860	0.00845	0.01156	0.01145	0.01916	0.01122	0.02018	0.02223	0.78853	0.00532	0.00539	0.03155	0.00322
14	0.00949	0.00662	0.00809	0.00805	0.00848	0.00680	0.00522	0.00988	0.00944	0.01302	0.01835	0.03421	0.01981	0.54341	0.26665	0.00695	0.00915	0.00802	0.00374	0.00464
15	0.01269	0.03047	0.75378	0.01715	0.02571	0.01402	0.02169	0.01906	0.01291	0.01934	0.01147	0.01371	0.00837	0.00621	0.00596	0.00203	0.00889	0.00464	0.00282	0.00909
16	0.01638	0.76116	0.05542	0.01086	0.01598	0.02305	0.01073	0.01811	0.01247	0.01484	0.00923	0.01090	0.00846	0.00569	0.00426	0.00146	0.00663	0.00351	0.00285	0.00802
17	0.04793	0.01690	0.08477	0.02214	0.05613	0.01516	0.49535	0.11658	0.01583	0.02216	0.01340	0.03948	0.01064	0.00636	0.00688	0.00210	0.00901	0.00682	0.00375	0.00859
18	0.00919	0.00667	0.00840	0.00804	0.00945	0.00606	0.00591	0.01145	0.01656	0.02331	0.67104	0.09287	0.08173	0.01299	0.00731	0.00206	0.00318	0.01121	0.00660	0.00596
19	0.00954	0.00643	0.00713	0.00709	0.00719	0.00628	0.00403	0.00926	0.00915	0.01231	0.01922	0.03906	0.02191	0.78330	0.02964	0.00576	0.00598	0.00873	0.00387	0.00410
20	0.01374	0.01340	0.01841	0.01587	0.01597	0.01825	0.01307	0.01471	0.00960	0.01499	0.00871	0.01414	0.00863	0.01079	0.01930	0.00272	0.77248	0.00542	0.00291	0.00690
21	0.01030	0.00696	0.00880	0.00817	0.00982	0.00629	0.00609	0.01264	0.01691	0.06668	0.67508	0.04348	0.08045	0.01231	0.00722	0.00202	0.00327	0.01055	0.00671	0.00627
22	0.02262	0.02732	0.01717	0.01547	0.01864	0.70567	0.01160	0.07569	0.01783	0.01684	0.01040	0.01220	0.00866	0.00675	0.00573	0.00171	0.01045	0.00420	0.00356	0.00750
23	0.10609	0.01075	0.01369	0.01076	0.01520	0.00958	0.00875	0.02772	0.01655	0.67998	0.02232	0.02009	0.01449	0.00768	0.00606	0.00199	0.00526	0.00590	0.00713	0.01002
24	0.00954	0.00643	0.00713	0.00709	0.00719	0.00628	0.00403	0.00926	0.00915	0.01231	0.01922	0.03906	0.02191	0.78330	0.02964	0.00576	0.00598	0.00873	0.00387	0.00410
25	0.82414	0.01195	0.00930	0.00837	0.01202	0.01356	0.00676	0.01776	0.01057	0.02688	0.00917	0.01092	0.00731	0.00609	0.00407	0.00199	0.00486	0.00351	0.00395	0.00683
26	0.00954	0.00643	0.00713	0.00709	0.00719	0.00628	0.00403	0.00926	0.00915	0.01231	0.01922	0.03906	0.02191	0.78330	0.02964	0.00576	0.00598	0.00873	0.00387	0.00410
27	0.01308	0.01105	0.01276	0.00932	0.01451	0.00836	0.00734	0.01535	0.01270	0.01986	0.01137	0.01349	0.00959	0.00502	0.00477	0.00107	0.00467	0.00380	0.00379	0.81812
28	0.01308	0.01105	0.01276	0.00932	0.01451	0.00836	0.00734	0.01535	0.01270	0.01986	0.01137	0.01349	0.00959	0.00502	0.00477	0.00107	0.00467	0.00380	0.00379	0.81812
29	0.01521	0.01297	0.01360	0.01231	0.01560	0.01467	0.00947	0.03064	0.71463	0.02488	0.02557	0.02403	0.04140	0.00875	0.00638	0.00216	0.00491	0.00705	0.00621	0.00956
30	0.01269	0.03047	0.75378	0.01715	0.02571	0.01402	0.02169	0.01906	0.01291	0.01934	0.01147	0.01371	0.00837	0.00621	0.00596	0.00203	0.00889	0.00464	0.00282	0.00909
31	0.01349	0.01129	0.01298	0.00952	0.01468	0.00878	0.00751	0.04500	0.01332	0.02058	0.01152	0.01357	0.00964	0.00513	0.00483	0.00110	0.00475	0.00387	0.00389	0.78454
32	0.02296	0.01690	0.01806	0.01401	0.01869	0.01847	0.01143	0.72871	0.02773	0.03727	0.01493	0.01536	0.01085	0.00765	0.00625	0.00193	0.00673	0.00556	0.00613	0.01037
33	0.02325	0.01674	0.01774	0.01383	0.01845	0.03813	0.01125	0.65615	0.02663	0.09100	0.01547	0.01570	0.01112	0.00764	0.00624	0.00193	0.00673	0.00557	0.00615	0.01028
34	0.04925	0.01248	0.01315	0.01182	0.01506	0.01391	0.00907	0.02900	0.61205	0.06640	0.02462	0.02407	0.03990	0.04239	0.00729	0.00230	0.00497	0.00694	0.00609	0.00924
35	0.01545	0.01317	0.01383	0.01249	0.01583	0.01496	0.00961	0.03134	0.73734	0.02515	0.02448	0.02297	0.01858	0.00854	0.00635	0.00216	0.00496	0.00688	0.00623	0.00969
36	0.01202	0.01105	0.01805	0.76962	0.04035	0.01344	0.01644	0.01556	0.01227	0.01584	0.01137	0.01688	0.00874	0.00650	0.00625	0.00212	0.00806	0.00549	0.00295	0.00699
37	0.02623	0.01042	0.01390	0.01072	0.01524	0.00914	0.00880	0.05653	0.01727	0.73054	0.02290	0.02005	0.01455	0.00744	0.00601	0.00187	0.00514	0.00594	0.00725	0.01007
38	0.00872	0.00650	0.00951	0.00949	0.01053	0.00744	0.00729	0.01060	0.00957	0.01379	0.01603	0.02388	0.01511	0.07175	0.74026	0.00923	0.01527	0.00643	0.00326	0.00534
39	0.00872	0.00650	0.00949	0.00948	0.01050	0.00743	0.00727	0.01059	0.00956	0.01378	0.01605	0.02397	0.01515	0.07589	0.73617	0.00921	0.01522	0.00644	0.00326	0.00533
40	0.83202	0.01151	0.00883	0.00792	0.01153	0.01324	0.00647	0.01734	0.01015	0.02639	0.00850	0.01000	0.00668	0.00566	0.00377	0.00187	0.00463	0.00328	0.00373	0.00650
41	0.02187	0.02675	0.01697	0.01566	0.03832	0.69781	0.01154	0.07027	0.01731	0.01620	0.00976	0.01136	0.00807	0.00629	0.00546	0.00159	0.01022	0.00401	0.00331	0.00721

[dist]
# distance from previous block
# <min> <max>
0	1

[block]
# block no. 2 follows, 40 sequences, length 52
# corresponding to MSA columns:
# 278-329
name=unknown_C
#
# <colnr> <probs for GDERKNQSTAVLIFYWHMCP>
#	G	D	E	R	K	N	Q	S	T	A	V	L	I	F	Y	W	H	M	C	P
0	0.00807	0.00625	0.00685	0.00680	0.00863	0.00555	0.00511	0.01031	0.04392	0.03917	0.13381	0.10932	0.52130	0.03230	0.00741	0.00209	0.00324	0.03904	0.00555	0.00527
1	0.02172	0.02772	0.01648	0.01498	0.01798	0.77228	0.01124	0.02322	0.01648	0.01423	0.00899	0.01049	0.00749	0.00599	0.00524	0.00150	0.01049	0.00375	0.00300	0.00674
2	0.00846	0.00564	0.00634	0.00634	0.00634	0.00564	0.00352	0.00846	0.00846	0.01128	0.01832	0.03805	0.02114	0.79563	0.02960	0.00564	0.00564	0.00846	0.00352	0.00352
3	0.00846	0.00564	0.00634	0.00634	0.00634	0.00564	0.00352	0.00846	0.00846	0.01128	0.01832	0.03805	0.02114	0.79563	0.02960	0.00564	0.00564	0.00846	0.00352	0.00352
4	0.83671	0.01125	0.00855	0.00765	0.01125	0.01305	0.00630	0.01709	0.00990	0.02609	0.00810	0.00945	0.00630	0.00540	0.00360	0.00180	0.00450	0.00315	0.00360	0.00630
5	0.83671	0.01125	0.00855	0.00765	0.01125	0.01305	0.00630	0.01709	0.00990	0.02609	0.00810	0.00945	0.00630	0.00540	0.00360	0.00180	0.00450	0.00315	0.00360	0.00630
6	0.01206	0.01034	0.01206	0.00861	0.01378	0.00775	0.00689	0.01464	0.01206	0.01895	0.01034	0.01206	0.00861	0.00431	0.00431	0.00086	0.00431	0.00345	0.00345	0.83118
7	0.02168	0.01564	0.01687	0.01303	0.01752	0.01722	0.01071	0.66824	0.05194	0.06573	0.01478	0.01504	0.01062	0.02556	0.00638	0.00185	0.00626	0.00538	0.00582	0.00972
8	0.02103	0.02305	0.01637	0.01422	0.01768	0.49140	0.01097	0.21226	0.09939	0.02122	0.01190	0.01262	0.00924	0.00646	0.00547	0.00161	0.00877	0.00445	0.00406	0.00784
9	0.01570	0.01222	0.01319	0.01168	0.01509	0.01383	0.00913	0.03063	0.67079	0.10312	0.02359	0.02149	0.01739	0.00782	0.00591	0.00195	0.00464	0.00650	0.00605	0.00928
10	0.02225	0.01605	0.01731	0.01327	0.01792	0.01769	0.01096	0.71384	0.02695	0.06333	0.01429	0.01418	0.01005	0.00699	0.00582	0.00175	0.00635	0.00526	0.00587	0.00989
11	0.00823	0.00594	0.00777	0.00732	0.00869	0.00549	0.00549	0.01097	0.01646	0.02332	0.75629	0.04344	0.05487	0.01189	0.00686	0.00183	0.00274	0.01052	0.00640	0.00549
12	0.01439	0.01382	0.02360	0.03569	0.75936	0.01382	0.01785	0.01785	0.01324	0.01900	0.01094	0.01439	0.00921	0.00518	0.00576	0.00173	0.00691	0.00518	0.00288	0.00921
13	0.01758	0.01177	0.01327	0.01147	0.01506	0.01282	0.00911	0.05469	0.51129	0.21532	0.02336	0.02231	0.01710	0.00794	0.00596	0.00194	0.00478	0.02872	0.00623	0.00929
14	0.02143	0.01579	0.01705	0.01318	0.01766	0.01750	0.01087	0.70397	0.02645	0.03551	0.01404	0.01440	0.01012	0.00879	0.04364	0.00212	0.00685	0.00528	0.00568	0.00966
15	0.02366	0.00998	0.01314	0.01031	0.01447	0.00905	0.00843	0.04947	0.07217	0.62582	0.08123	0.02164	0.01774	0.00762	0.00593	0.00181	0.00479	0.00626	0.00699	0.00949
16	0.01439	0.01382	0.02360	0.03569	0.75936	0.01382	0.01785	0.01785	0.01324	0.01900	0.01094	0.01439	0.00921	0.00518	0.00576	0.00173	0.00691	0.00518	0.00288	0.00921
17	0.00709	0.00506	0.00675	0.00810	0.00843	0.00472	0.00540	0.00810	0.01113	0.01484	0.03205	0.79184	0.03846	0.01822	0.00742	0.00236	0.00337	0.01653	0.00540	0.00472
18	0.01399	0.01340	0.02287	0.12480	0.67343	0.01371	0.01764	0.01749	0.01305	0.01850	0.01087	0.01453	0.00904	0.00526	0.00576	0.00175	0.00701	0.00518	0.00284	0.00888
19	0.01368	0.01556	0.03361	0.02412	0.02975	0.01484	0.70748	0.01843	0.01352	0.01843	0.01159	0.01556	0.00877	0.00513	0.00738	0.00199	0.04266	0.00679	0.00292	0.00778
20	0.00709	0.00506	0.00675	0.00810	0.00843	0.00472	0.00540	0.00810	0.01113	0.01484	0.03205	0.79184	0.03846	0.01822	0.00742	0.00236	0.00337	0.01653	0.00540	0.00472
21	0.01166	0.03008	0.76550	0.01657	0.02517	0.01351	0.02149	0.01842	0.01228	0.01842	0.01044	0.01228	0.00737	0.00552	0.00552	0.00184	0.00859	0.00430	0.00246	0.00859
22	0.01286	0.29397	0.48094	0.01391	0.02096	0.01645	0.01685	0.01776	0.01229	0.01699	0.04053	0.01255	0.00937	0.00560	0.00496	0.00164	0.00753	0.00415	0.00263	0.00808
23	0.01166	0.03008	0.76550	0.01657	0.02517	0.01351	0.02149	0.01842	0.01228	0.01842	0.01044	0.01228	0.00737	0.00552	0.00552	0.00184	0.00859	0.00430	0.00246	0.00859
24	0.02172	0.02772	0.01648	0.01498	0.01798	0.77228	0.01124	0.02322	0.01648	0.01423	0.00899	0.01049	0.00749	0.00599	0.00524	0.00150	0.01049	0.00375	0.00300	0.00674
25	0.01343	0.01955	0.28519	0.02895	0.50049	0.01371	0.01913	0.01805	0.01290	0.01879	0.01076	0.01365	0.00856	0.00530	0.00568	0.00177	0.00750	0.00487	0.00273	0.00899
26	0.01555	0.79913	0.03047	0.00995	0.01493	0.02301	0.00995	0.01741	0.01182	0.01368	0.00808	0.00933	0.00746	0.00498	0.00373	0.00124	0.00622	0.00311	0.00249	0.00746
27	0.02523	0.01023	0.01357	0.01052	0.01494	0.00917	0.00865	0.04634	0.06463	0.69701	0.02276	0.01977	0.01450	0.00724	0.00585	0.00181	0.00496	0.00588	0.00708	0.00985
28	0.00937	0.00669	0.00937	0.01071	0.01205	0.00669	0.00937	0.01205	0.01339	0.01740	0.03079	0.06560	0.03347	0.01606	0.00803	0.00268	0.00535	0.72021	0.00535	0.00535
29	0.00846	0.00564	0.00634	0.00634	0.00634	0.00564	0.00352	0.00846	0.00846	0.01128	0.01832	0.03805	0.02114	0.79563	0.02960	0.00564	0.00564	0.00846	0.00352	0.00352
30	0.00823	0.00594	0.00777	0.00732	0.00869	0.00549	0.00549	0.01097	0.01646	0.02332	0.75629	0.04344	0.05487	0.01189	0.00686	0.00183	0.00274	0.01052	0.00640	0.00549
31	0.00806	0.00565	0.00635	0.00643	0.00686	0.00543	0.00390	0.00852	0.00985	0.01284	0.05787	0.09580	0.15582	0.56632	0.02296	0.00458	0.00487	0.00981	0.00412	0.00394
32	0.00736	0.00562	0.00675	0.00707	0.00830	0.00502	0.00507	0.00906	0.01350	0.01772	0.26070	0.30263	0.30008	0.01506	0.00706	0.00206	0.00303	0.01319	0.00570	0.00502
33	0.02211	0.01629	0.01745	0.01338	0.01803	0.01803	0.01105	0.73997	0.02734	0.03665	0.01396	0.01396	0.00989	0.00698	0.00582	0.00175	0.00640	0.00524	0.00582	0.00989
34	0.01555	0.79913	0.03047	0.00995	0.01493	0.02301	0.00995	0.01741	0.01182	0.01368	0.00808	0.00933	0.00746	0.00498	0.00373	0.00124	0.00622	0.00311	0.00249	0.00746
35	0.00816	0.00589	0.00771	0.00737	0.00867	0.00544	0.00548	0.01079	0.01612	0.02278	0.71041	0.09084	0.05383	0.01229	0.00689	0.00186	0.00278	0.01090	0.00634	0.00544
36	0.01010	0.00505	0.00758	0.00758	0.00758	0.00505	0.00505	0.00758	0.00758	0.01010	0.01010	0.01768	0.01010	0.02020	0.02273	0.83081	0.00505	0.00505	0.00253	0.00253
37	0.00709	0.00506	0.00675	0.00810	0.00843	0.00472	0.00540	0.00810	0.01113	0.01484	0.03205	0.79184	0.03846	0.01822	0.00742	0.00236	0.00337	0.01653	0.00540	0.00472
38	0.01555	0.79913	0.03047	0.00995	0.01493	0.02301	0.00995	0.01741	0.01182	0.01368	0.00808	0.00933	0.00746	0.00498	0.00373	0.00124	0.00622	0.00311	0.00249	0.00746
39	0.01513	0.01607	0.03089	0.04051	0.02843	0.04208	0.59215	0.12101	0.01570	0.02094	0.01194	0.01525	0.00890	0.00526	0.00663	0.00191	0.00930	0.00648	0.00334	0.00806
40	0.08251	0.00662	0.00815	0.00757	0.00929	0.00633	0.00580	0.01235	0.01581	0.05790	0.63691	0.03990	0.04812	0.01120	0.00655	0.00185	0.00307	0.02814	0.00616	0.00576
41	0.01183	0.02891	0.70620	0.01722	0.02559	0.01360	0.07961	0.01843	0.01239	0.01843	0.01054	0.01255	0.00748	0.00547	0.00563	0.00185	0.00869	0.00451	0.00249	0.00853
42	0.00817	0.00594	0.00770	0.00726	0.00865	0.00546	0.00544	0.01087	0.01633	0.02300	0.72739	0.04396	0.08396	0.01201	0.00686	0.00183	0.00275	0.01059	0.00636	0.00546
43	0.00769	0.00558	0.00736	0.00861	0.00920	0.00537	0.00610	0.00953	0.03975	0.01557	0.03155	0.66012	0.03696	0.01752	0.00745	0.00239	0.00370	0.11514	0.00541	0.00498
44	0.08477	0.02841	0.69842	0.01578	0.02394	0.01346	0.02014	0.01830	0.01207	0.01910	0.01023	0.01203	0.00727	0.00551	0.00535	0.00184	0.00823	0.00420	0.00256	0.00839
45	0.01439	0.01382	0.02360	0.03569	0.75936	0.01382	0.01785	0.01785	0.01324	0.01900	0.01094	0.01439	0.00921	0.00518	0.00576	0.00173	0.00691	0.00518	0.00288	0.00921
46	0.00714	0.00515	0.00666	0.00784	0.00829	0.00478	0.00523	0.00813	0.01117	0.01474	0.03350	0.69644	0.09445	0.05629	0.00847	0.00249	0.00345	0.01580	0.00531	0.00468
47	0.01316	0.01358	0.01758	0.21383	0.02196	0.09070	0.01346	0.01513	0.01036	0.01424	0.00847	0.01322	0.00765	0.00864	0.01428	0.00228	0.50745	0.00498	0.00260	0.00642
48	0.01131	0.00954	0.01026	0.00957	0.01213	0.01031	0.00739	0.02122	0.41963	0.02136	0.11608	0.05795	0.22276	0.01079	0.00640	0.00199	0.00394	0.03423	0.00580	0.00736
49	0.00937	0.00669	0.00937	0.01071	0.01205	0.00669	0.00937	0.01205	0.01339	0.01740	0.03079	0.06560	0.03347	0.01606	0.00803	0.00268	0.00535	0.72021	0.00535	0.00535
50	0.00846	0.00564	0.00634	0.00634	0.00634	0.00564	0.00352	0.00846	0.00846	0.01128	0.01832	0.03805	0.02114	0.79563	0.02960	0.00564	0.00564	0.00846	0.00352	0.00352
51	0.02261	0.01548	0.01695	0.01300	0.01763	0.01684	0.01074	0.65047	0.02600	0.12805	0.01509	0.01469	0.01046	0.00701	0.00582	0.00175	0.00622	0.00531	0.00599	0.00989

[dist]
# distance from previous block
# <min> <max>
5	9

[block]
# block no. 3 follows, 40 sequences, length 13
# corresponding to MSA columns:
# 339-351
name=unknown_D
#
# <colnr> <probs for GDERKNQSTAVLIFYWHMCP>
#	G	D	E	R	K	N	Q	S	T	A	V	L	I	F	Y	W	H	M	C	P
0	0.01076	0.00711	0.00773	0.00775	0.00933	0.00752	0.00572	0.01649	0.19831	0.02053	0.02363	0.22619	0.02188	0.01010	0.00543	0.00178	0.00337	0.00866	0.40151	0.00619
1	0.00838	0.00595	0.00790	0.00790	0.00844	0.00648	0.00547	0.00946	0.00892	0.01243	0.01690	0.03017	0.01772	0.40565	0.41489	0.00756	0.01079	0.00730	0.00331	0.00439
2	0.01089	0.00930	0.00968	0.00900	0.01155	0.00990	0.00686	0.02005	0.39448	0.01996	0.03865	0.03732	0.33774	0.04928	0.00749	0.00215	0.00394	0.00913	0.00558	0.00707
3	0.00879	0.01179	0.19936	0.01029	0.01285	0.00777	0.00967	0.01137	0.01052	0.01482	0.02001	0.26986	0.02147	0.14605	0.21367	0.00461	0.00830	0.00941	0.00375	0.00564
4	0.01407	0.00661	0.00771	0.00691	0.00870	0.00627	0.00506	0.01594	0.01233	0.20660	0.01980	0.02555	0.01643	0.21635	0.01130	0.00260	0.00405	0.00633	0.40134	0.00605
5	0.61741	0.00970	0.00772	0.00706	0.01006	0.01102	0.00570	0.01615	0.01051	0.02492	0.01098	0.01270	0.00858	0.00576	0.00372	0.00168	0.00402	0.00375	0.22249	0.00606
6	0.01902	0.02289	0.01676	0.20892	0.02357	0.55204	0.01247	0.04781	0.01566	0.01523	0.00951	0.01189	0.00765	0.00598	0.00541	0.00162	0.00964	0.00416	0.00300	0.00679
7	0.01003	0.00781	0.01093	0.01414	0.20630	0.00781	0.00733	0.01095	0.00973	0.01333	0.01636	0.03177	0.01797	0.58574	0.02327	0.00460	0.00598	0.00759	0.00335	0.00503
8	0.02015	0.01566	0.01901	0.01903	0.20562	0.01697	0.01277	0.55724	0.02377	0.03218	0.01320	0.01407	0.00972	0.00653	0.00580	0.00174	0.00653	0.00522	0.00507	0.00972
9	0.01956	0.01478	0.01609	0.01217	0.01696	0.01543	0.01000	0.55643	0.02347	0.03217	0.01304	0.01348	0.00957	0.00630	0.00544	0.00152	0.00587	0.00478	0.00522	0.21771
10	0.22526	0.00876	0.01016	0.00891	0.01192	0.00852	0.00699	0.01925	0.01346	0.34097	0.05835	0.22337	0.02076	0.00990	0.00575	0.00195	0.00431	0.00824	0.00577	0.00739
11	0.01068	0.00916	0.01042	0.00789	0.01221	0.00700	0.00623	0.01297	0.01238	0.01809	0.02323	0.02372	0.20734	0.00707	0.00499	0.00115	0.00395	0.00579	0.00396	0.61177
12	0.21796	0.00734	0.00835	0.00812	0.00953	0.00830	0.00603	0.01157	0.00925	0.01610	0.01441	0.02349	0.01421	0.23363	0.38071	0.00645	0.01013	0.00604	0.00335	0.00503

[dist]
# distance from previous block
# <min> <max>
0	4

[block]
# block no. 4 follows, 40 sequences, length 10
# corresponding to MSA columns:
# 356-365
name=unknown_E
#
# <colnr> <probs for GDERKNQSTAVLIFYWHMCP>
#	G	D	E	R	K	N	Q	S	T	A	V	L	I	F	Y	W	H	M	C	P
0	0.00731	0.00577	0.00660	0.00669	0.00820	0.00505	0.00490	0.00909	0.01385	0.01783	0.26182	0.17767	0.42562	0.01448	0.00696	0.00199	0.00296	0.01248	0.00570	0.00505
1	0.01439	0.01314	0.02210	0.16677	0.10366	0.01371	0.25291	0.17848	0.01557	0.02093	0.01284	0.01834	0.01067	0.11938	0.00958	0.00241	0.00773	0.00622	0.00360	0.00756
2	0.01879	0.01197	0.01376	0.01111	0.01479	0.01255	0.00897	0.31271	0.12631	0.19666	0.18424	0.02302	0.02215	0.00826	0.00607	0.00181	0.00499	0.00675	0.00628	0.00880
3	0.00731	0.00538	0.00685	0.00760	0.00841	0.00492	0.00528	0.00878	0.01264	0.01687	0.19870	0.51772	0.14556	0.01629	0.00722	0.00218	0.00317	0.01457	0.00562	0.00492
4	0.01494	0.01329	0.01933	0.15267	0.36432	0.01442	0.01464	0.12421	0.18034	0.02204	0.01413	0.01616	0.01098	0.00616	0.00581	0.00182	0.00646	0.00550	0.00393	0.00884
5	0.04385	0.29933	0.20653	0.01734	0.18463	0.01630	0.01424	0.01923	0.01284	0.11842	0.01132	0.01262	0.00873	0.00547	0.00491	0.00159	0.00673	0.00424	0.00325	0.00842
6	0.01585	0.01121	0.01247	0.01031	0.01359	0.01157	0.00814	0.35256	0.01914	0.04733	0.01850	0.18981	0.01698	0.00912	0.00572	0.00171	0.00486	0.00757	0.12376	0.11977
7	0.00730	0.00536	0.00648	0.00726	0.00790	0.00494	0.00482	0.00822	0.01109	0.01435	0.03544	0.48090	0.19662	0.16753	0.01158	0.00290	0.00371	0.01402	0.00504	0.00453
8	0.01369	0.01773	0.19181	0.02988	0.49521	0.01387	0.11663	0.01808	0.01309	0.01882	0.01094	0.01409	0.00874	0.00522	0.00586	0.00178	0.00768	0.00521	0.00279	0.00889
9	0.01471	0.01005	0.01159	0.00991	0.01283	0.01046	0.00781	0.15209	0.20545	0.12558	0.29390	0.02999	0.07174	0.00949	0.00629	0.00185	0.00420	0.00801	0.00622	0.00781

[dist]
# distance from previous block
# <min> <max>
0	1

[block]
# block no. 5 follows, 40 sequences, length 11
# corresponding to MSA columns:
# 367-377
name=unknown_F
#
# <colnr> <probs for GDERKNQSTAVLIFYWHMCP>
#	G	D	E	R	K	N	Q	S	T	A	V	L	I	F	Y	W	H	M	C	P
0	0.02232	0.01542	0.14973	0.01237	0.01765	0.01226	0.01162	0.23799	0.01904	0.41367	0.01803	0.01671	0.01179	0.00683	0.00578	0.00179	0.00603	0.00539	0.00594	0.00966
1	0.01400	0.42349	0.02349	0.23957	0.02243	0.01848	0.01166	0.01908	0.14413	0.01594	0.01155	0.01338	0.00940	0.00575	0.00474	0.00158	0.00638	0.00434	0.00313	0.00748
2	0.01122	0.00818	0.00884	0.00816	0.01040	0.00822	0.00607	0.01695	0.23126	0.08776	0.03777	0.03917	0.33539	0.15224	0.01057	0.00261	0.00411	0.00929	0.00539	0.00641
3	0.00694	0.00564	0.00615	0.00655	0.00803	0.00485	0.00471	0.00827	0.01262	0.01545	0.05093	0.27460	0.54351	0.01576	0.00704	0.00208	0.00307	0.01354	0.00540	0.00485
4	0.01211	0.00761	0.00875	0.00802	0.00987	0.00823	0.00627	0.14307	0.01407	0.02194	0.01706	0.02064	0.01390	0.01776	0.23271	0.00380	0.00720	0.00563	0.43521	0.00616
5	0.01569	0.02095	0.32885	0.02118	0.24108	0.01443	0.01727	0.19116	0.01638	0.06007	0.01205	0.01368	0.00887	0.00585	0.00568	0.00178	0.00739	0.00486	0.00362	0.00915
6	0.01026	0.00938	0.01676	0.01366	0.01586	0.00989	0.22408	0.01270	0.01044	0.01461	0.01444	0.02306	0.01368	0.18053	0.34328	0.00593	0.06583	0.00678	0.00311	0.00573
7	0.00965	0.00797	0.00937	0.00797	0.01113	0.00634	0.00600	0.01157	0.01200	0.01715	0.02551	0.25162	0.15189	0.01031	0.00569	0.00151	0.00379	0.00892	0.00438	0.43724
8	0.02070	0.11746	0.01863	0.01351	0.01748	0.27800	0.01097	0.36515	0.04046	0.02515	0.01161	0.01236	0.00891	0.00650	0.00572	0.00163	0.02854	0.00449	0.00435	0.00839
9	0.00728	0.00591	0.00645	0.00631	0.00810	0.00508	0.00474	0.00913	0.01421	0.01797	0.26611	0.05224	0.54839	0.01388	0.00687	0.00192	0.00289	0.01175	0.00570	0.00508
10	0.01046	0.00904	0.01190	0.01073	0.01074	0.01148	0.00804	0.01112	0.00878	0.01273	0.01371	0.05598	0.01531	0.38493	0.02363	0.00401	0.38219	0.00715	0.00313	0.00494

[dist]
# distance from previous block
# <min> <max>
0	1

[block]
# block no. 6 follows, 40 sequences, length 15
# corresponding to MSA columns:
# 379-393
name=unknown_G
#
# <colnr> <probs for GDERKNQSTAVLIFYWHMCP>
#	G	D	E	R	K	N	Q	S	T	A	V	L	I	F	Y	W	H	M	C	P
0	0.01541	0.01668	0.07388	0.02321	0.08612	0.01530	0.49002	0.09532	0.03535	0.02138	0.01320	0.01689	0.01025	0.00718	0.02808	0.00232	0.03046	0.00664	0.00365	0.00866
1	0.07470	0.01638	0.01752	0.04405	0.01916	0.01797	0.01135	0.65322	0.02601	0.03576	0.01447	0.01520	0.01058	0.00753	0.00613	0.00195	0.00667	0.00544	0.00587	0.01002
2	0.02042	0.01484	0.01589	0.01238	0.01648	0.01634	0.01007	0.64057	0.02502	0.03388	0.01462	0.01622	0.01104	0.06377	0.00743	0.00200	0.00611	0.00549	0.05827	0.00915
3	0.01082	0.01001	0.01666	0.72557	0.03763	0.01241	0.01525	0.01441	0.01141	0.01462	0.01093	0.01716	0.00874	0.06270	0.00754	0.00221	0.00761	0.00541	0.00266	0.00626
4	0.00848	0.00565	0.00636	0.00636	0.00636	0.00565	0.00353	0.00847	0.00847	0.01130	0.01834	0.03808	0.02116	0.79538	0.02960	0.00564	0.00564	0.00846	0.00353	0.00354
5	0.00825	0.00596	0.00779	0.00733	0.00870	0.00550	0.00550	0.01099	0.01647	0.02334	0.75605	0.04346	0.05487	0.01190	0.00687	0.00183	0.00275	0.01052	0.00641	0.00550
6	0.00848	0.00565	0.00636	0.00636	0.00636	0.00565	0.00353	0.00847	0.00847	0.01130	0.01834	0.03808	0.02116	0.79538	0.02960	0.00564	0.00564	0.00846	0.00353	0.00354
7	0.00825	0.00596	0.00779	0.00733	0.00870	0.00550	0.00550	0.01099	0.01647	0.02334	0.75605	0.04346	0.05487	0.01190	0.00687	0.00183	0.00275	0.01052	0.00641	0.00550
8	0.01259	0.01065	0.01234	0.00887	0.01401	0.00828	0.00711	0.05121	0.01284	0.01986	0.01054	0.01218	0.00870	0.00446	0.00439	0.00091	0.00442	0.00354	0.00357	0.78953
9	0.83645	0.01126	0.00856	0.00766	0.01126	0.01306	0.00631	0.01711	0.00991	0.02611	0.00812	0.00948	0.00632	0.00541	0.00361	0.00180	0.00451	0.00316	0.00361	0.00631
10	0.01268	0.01071	0.01239	0.00891	0.01405	0.00838	0.00715	0.05787	0.01298	0.02002	0.01057	0.01220	0.00871	0.00448	0.00441	0.00092	0.00444	0.00356	0.00359	0.78198
11	0.01266	0.02873	0.71457	0.01617	0.02448	0.01318	0.02062	0.01910	0.01258	0.06864	0.01130	0.01281	0.00786	0.00565	0.00556	0.00184	0.00835	0.00441	0.00278	0.00869
12	0.01557	0.79888	0.03048	0.00996	0.01494	0.02302	0.00996	0.01743	0.01183	0.01370	0.00811	0.00936	0.00748	0.00499	0.00374	0.00125	0.00623	0.00312	0.00250	0.00747
13	0.01208	0.01035	0.01207	0.00863	0.01380	0.00776	0.00690	0.01466	0.01207	0.01897	0.01036	0.01209	0.00863	0.00432	0.00432	0.00087	0.00431	0.00345	0.00345	0.83091
14	0.79487	0.01221	0.04671	0.00811	0.01196	0.01308	0.00707	0.01717	0.01003	0.02572	0.00824	0.00962	0.00637	0.00542	0.00371	0.00181	0.00471	0.00321	0.00355	0.00642

[dist]
# distance from previous block
# <min> <max>
0	168

# created by:
# /software/SequenceAnalysis/GenePrediction/augustus/3.0.1/scripts/msa2prfl.pl ./fixed/BUSCOvEOG74F7PV.fas
