[name]
unknown

[dist]
# distance from previous block
# <min> <max>
0	199

[block]
# block no. 0 follows, 41 sequences, length 29
# corresponding to MSA columns:
# 206-234
name=unknown_A
#
# <colnr> <probs for GDERKNQSTAVLIFYWHMCP>
#	G	D	E	R	K	N	Q	S	T	A	V	L	I	F	Y	W	H	M	C	P
0	0.00916	0.00655	0.00914	0.01037	0.01169	0.00653	0.00903	0.01180	0.01332	0.01740	0.06594	0.06346	0.03395	0.01560	0.00784	0.00259	0.00514	0.68991	0.00532	0.00527
1	0.00878	0.00627	0.00872	0.01004	0.01117	0.00621	0.00846	0.01110	0.01274	0.01663	0.03052	0.20525	0.03386	0.01621	0.00778	0.00257	0.00489	0.58835	0.00528	0.00515
2	0.01241	0.01227	0.01713	0.62633	0.06532	0.09046	0.01506	0.03295	0.04322	0.01560	0.01068	0.01492	0.00812	0.00582	0.00566	0.00185	0.00770	0.00500	0.00280	0.00668
3	0.75254	0.05913	0.00969	0.00765	0.01117	0.01310	0.00638	0.01657	0.01013	0.02480	0.04104	0.01075	0.00837	0.00556	0.00369	0.00174	0.00445	0.00341	0.00359	0.00623
4	0.01696	0.01307	0.01579	0.16123	0.02050	0.01494	0.01124	0.45110	0.02026	0.02724	0.01344	0.03396	0.01056	0.01218	0.11624	0.00287	0.04014	0.00554	0.00459	0.00815
5	0.01366	0.01347	0.02430	0.03129	0.57599	0.01326	0.15643	0.01729	0.01331	0.01888	0.05666	0.01615	0.01173	0.00545	0.00594	0.00175	0.00709	0.00574	0.00305	0.00858
6	0.00746	0.00582	0.00677	0.00653	0.00816	0.00513	0.00490	0.00957	0.01470	0.01940	0.42845	0.04855	0.38801	0.01301	0.00675	0.00186	0.00279	0.01116	0.00583	0.00513
7	0.01291	0.01266	0.01750	0.01494	0.01513	0.01753	0.01244	0.04516	0.00954	0.01472	0.00778	0.01257	0.00760	0.00988	0.01821	0.00247	0.75490	0.00501	0.00264	0.00641
8	0.00826	0.00576	0.00733	0.00733	0.00771	0.00614	0.00483	0.00902	0.00864	0.01190	0.01702	0.03190	0.01839	0.51943	0.30538	0.00689	0.00916	0.00751	0.00332	0.00407
9	0.00800	0.00584	0.00751	0.00709	0.00848	0.00535	0.00532	0.01060	0.01595	0.02237	0.70752	0.04365	0.10709	0.01190	0.00675	0.00181	0.00271	0.01047	0.00622	0.00535
10	0.01186	0.01017	0.01186	0.00847	0.01356	0.00762	0.00678	0.01440	0.01186	0.01864	0.01017	0.01186	0.00847	0.00424	0.00424	0.00085	0.00424	0.00339	0.00339	0.83395
11	0.83938	0.01106	0.00841	0.00752	0.01106	0.01283	0.00619	0.01681	0.00973	0.02566	0.00796	0.00929	0.00619	0.00531	0.00354	0.00177	0.00442	0.00310	0.00354	0.00619
12	0.00994	0.00497	0.00745	0.00745	0.00745	0.00497	0.00497	0.00745	0.00745	0.00994	0.00994	0.01739	0.00994	0.01987	0.02235	0.83358	0.00497	0.00497	0.00248	0.00248
13	0.01529	0.80242	0.02997	0.00979	0.01468	0.02263	0.00979	0.01713	0.01162	0.01346	0.00795	0.00918	0.00734	0.00489	0.00367	0.00122	0.00612	0.00306	0.00245	0.00734
14	0.01066	0.00533	0.00533	0.00533	0.00666	0.00533	0.00400	0.01333	0.01200	0.02132	0.01866	0.02132	0.01466	0.00666	0.00400	0.00133	0.00267	0.00533	0.83073	0.00533
15	0.01251	0.01251	0.01752	0.01502	0.01502	0.01752	0.01251	0.01377	0.00876	0.01377	0.00751	0.01251	0.00751	0.01001	0.01877	0.00250	0.78851	0.00501	0.00250	0.00626
16	0.80298	0.01188	0.04187	0.00791	0.01166	0.01285	0.00685	0.01687	0.00984	0.02533	0.00807	0.00941	0.00624	0.00532	0.00362	0.00177	0.00460	0.00315	0.00349	0.00629
17	0.00707	0.00505	0.00675	0.00808	0.00845	0.00473	0.00548	0.00813	0.01105	0.01471	0.03147	0.76343	0.03762	0.01783	0.00733	0.00234	0.00340	0.04712	0.00531	0.00467
18	0.01186	0.01017	0.01186	0.00847	0.01356	0.00762	0.00678	0.01440	0.01186	0.01864	0.01017	0.01186	0.00847	0.00424	0.00424	0.00085	0.00424	0.00339	0.00339	0.83395
19	0.00676	0.00579	0.00579	0.00579	0.00773	0.00483	0.00435	0.00821	0.01304	0.01545	0.05794	0.05505	0.76098	0.01449	0.00676	0.00193	0.00290	0.01207	0.00531	0.00483
20	0.01147	0.02959	0.76934	0.01630	0.02476	0.01328	0.02113	0.01811	0.01208	0.01811	0.01026	0.01208	0.00725	0.00543	0.00543	0.00181	0.00845	0.00423	0.00242	0.00845
21	0.00763	0.00593	0.00693	0.00741	0.00868	0.00548	0.00535	0.02501	0.04051	0.01635	0.08450	0.37985	0.32582	0.01548	0.00699	0.00212	0.00330	0.04221	0.00540	0.00506
22	0.01416	0.01359	0.02322	0.03511	0.76330	0.01359	0.01755	0.01755	0.01302	0.01869	0.01076	0.01416	0.00906	0.00510	0.00566	0.00170	0.00680	0.00510	0.00283	0.00906
23	0.01587	0.00757	0.01014	0.00852	0.01123	0.00673	0.00673	0.01836	0.01627	0.35254	0.43361	0.03243	0.03634	0.00965	0.00631	0.00179	0.00366	0.00831	0.00664	0.00732
24	0.00701	0.00500	0.00662	0.00791	0.00823	0.00468	0.00525	0.00798	0.01086	0.01448	0.03106	0.76937	0.03725	0.04459	0.00805	0.00243	0.00339	0.01599	0.00525	0.00461
25	0.17954	0.01454	0.01515	0.01182	0.01619	0.01601	0.00976	0.54370	0.02270	0.09574	0.01337	0.01336	0.00942	0.00658	0.00530	0.00173	0.00581	0.00481	0.00542	0.00905
26	0.01197	0.13040	0.67290	0.01545	0.02344	0.01450	0.01965	0.01799	0.01202	0.01751	0.00996	0.01170	0.00726	0.00536	0.00520	0.00173	0.00815	0.00407	0.00242	0.00831
27	0.00737	0.00511	0.00669	0.00784	0.00830	0.00482	0.00535	0.00857	0.01124	0.01535	0.05852	0.66943	0.03641	0.03674	0.00766	0.00234	0.00339	0.04449	0.05568	0.00471
28	0.75695	0.01229	0.05542	0.00912	0.04098	0.01289	0.00755	0.01692	0.01000	0.02493	0.00821	0.00965	0.00637	0.00531	0.00374	0.00177	0.00476	0.00324	0.00344	0.00644

[dist]
# distance from previous block
# <min> <max>
0	2

[block]
# block no. 1 follows, 41 sequences, length 78
# corresponding to MSA columns:
# 237-314
name=unknown_B
#
# <colnr> <probs for GDERKNQSTAVLIFYWHMCP>
#	G	D	E	R	K	N	Q	S	T	A	V	L	I	F	Y	W	H	M	C	P
0	0.02187	0.01140	0.04886	0.01081	0.01518	0.01014	0.00915	0.04389	0.18240	0.52303	0.02154	0.01916	0.01429	0.00706	0.00570	0.00178	0.00497	0.00575	0.00642	0.03660
1	0.01493	0.05405	0.08617	0.02146	0.06148	0.04539	0.48707	0.12000	0.01526	0.02040	0.01146	0.01438	0.00862	0.00521	0.00625	0.00183	0.00881	0.00596	0.00323	0.00806
2	0.10771	0.07359	0.04654	0.01435	0.05245	0.44328	0.01108	0.12993	0.03709	0.01919	0.00997	0.01120	0.00795	0.00591	0.00503	0.00156	0.00840	0.00397	0.00345	0.00735
3	0.00719	0.00506	0.00670	0.00799	0.00839	0.00475	0.00543	0.00831	0.01108	0.01494	0.03104	0.73762	0.03683	0.01745	0.00721	0.00230	0.00338	0.04628	0.03334	0.00470
4	0.02145	0.01587	0.01700	0.01310	0.01762	0.01760	0.01080	0.71591	0.05570	0.03557	0.01411	0.01403	0.01003	0.00690	0.00573	0.00173	0.00622	0.00520	0.00573	0.00970
5	0.02022	0.00990	0.01272	0.00950	0.01419	0.00810	0.00776	0.02256	0.01459	0.47213	0.01768	0.01647	0.01192	0.00596	0.00515	0.00141	0.00462	0.00482	0.00562	0.33466
6	0.00862	0.00631	0.00834	0.00895	0.01022	0.00616	0.00721	0.01154	0.04545	0.01871	0.25435	0.17458	0.06950	0.01449	0.00731	0.00227	0.00404	0.33099	0.00561	0.00535
7	0.01187	0.02680	0.62452	0.01784	0.02577	0.01352	0.16316	0.01816	0.01236	0.01816	0.01052	0.01274	0.00753	0.00531	0.00569	0.00183	0.00869	0.00472	0.00251	0.00831
8	0.00677	0.00577	0.00582	0.00585	0.00774	0.00482	0.00437	0.00820	0.01299	0.01543	0.05730	0.07316	0.74329	0.01457	0.00677	0.00194	0.00291	0.01217	0.00531	0.00482
9	0.01080	0.01017	0.01716	0.78523	0.03940	0.01271	0.01589	0.01461	0.01144	0.01461	0.01017	0.01525	0.00762	0.00572	0.00572	0.00191	0.00762	0.00508	0.00254	0.00635
10	0.04038	0.02159	0.39387	0.08931	0.11628	0.01356	0.20791	0.01774	0.01243	0.01818	0.01058	0.01339	0.00784	0.00525	0.00577	0.00184	0.00835	0.00503	0.00264	0.00807
11	0.01416	0.01359	0.02322	0.03511	0.76330	0.01359	0.01755	0.01755	0.01302	0.01869	0.01076	0.01416	0.00906	0.00510	0.00566	0.00170	0.00680	0.00510	0.00283	0.00906
12	0.02576	0.00982	0.01335	0.01026	0.01468	0.00848	0.00846	0.02793	0.01644	0.76595	0.02266	0.01962	0.01426	0.00716	0.00580	0.00179	0.00491	0.00579	0.00711	0.00979
13	0.01134	0.01067	0.01797	0.69128	0.12876	0.01288	0.01613	0.01506	0.01171	0.01523	0.01036	0.01527	0.00792	0.00572	0.00576	0.00190	0.00756	0.00512	0.00262	0.00675
14	0.01818	0.01937	0.24461	0.01424	0.01988	0.01526	0.03783	0.42253	0.02076	0.07585	0.01400	0.01599	0.01033	0.00684	0.00581	0.00182	0.00696	0.03586	0.00473	0.00914
15	0.00844	0.00564	0.00633	0.00632	0.00634	0.00562	0.00352	0.00841	0.00840	0.01121	0.01813	0.03755	0.02088	0.79756	0.02912	0.00556	0.00558	0.00835	0.00351	0.00353
16	0.02576	0.00982	0.01335	0.01026	0.01468	0.00848	0.00846	0.02793	0.01644	0.76595	0.02266	0.01962	0.01426	0.00716	0.00580	0.00179	0.00491	0.00579	0.00711	0.00979
17	0.01318	0.02140	0.38376	0.02498	0.35270	0.01344	0.05575	0.01816	0.01273	0.03420	0.01093	0.01349	0.00838	0.00537	0.00566	0.00179	0.00774	0.00481	0.00276	0.00877
18	0.08444	0.01105	0.03237	0.08835	0.11414	0.01029	0.01052	0.02435	0.04994	0.48631	0.01856	0.01766	0.01235	0.00663	0.00561	0.00180	0.00546	0.00543	0.00568	0.00904
19	0.02493	0.00963	0.01309	0.01011	0.01440	0.00833	0.00831	0.02713	0.01643	0.73088	0.05741	0.02071	0.01614	0.00737	0.00585	0.00179	0.00481	0.00600	0.00708	0.00958
20	0.00743	0.00599	0.00616	0.00606	0.00803	0.00502	0.00455	0.00892	0.01334	0.03490	0.08998	0.05365	0.70769	0.01423	0.00678	0.00194	0.00298	0.01186	0.00544	0.00504
21	0.01454	0.02479	0.56588	0.01637	0.06802	0.01272	0.01840	0.04860	0.01351	0.14443	0.01261	0.01367	0.00873	0.00583	0.00556	0.00182	0.00770	0.00461	0.00340	0.00881
22	0.01367	0.01305	0.02219	0.16990	0.63192	0.01349	0.01729	0.01710	0.01281	0.01806	0.01077	0.01451	0.00891	0.00529	0.00572	0.00176	0.00698	0.00513	0.00282	0.00863
23	0.01362	0.01550	0.03379	0.02416	0.02995	0.01452	0.74118	0.01840	0.01357	0.01843	0.01169	0.01559	0.00879	0.00490	0.00680	0.00195	0.00967	0.00678	0.00293	0.00777
24	0.01367	0.01305	0.02218	0.17040	0.63143	0.01349	0.01728	0.01710	0.01281	0.01806	0.01077	0.01451	0.00891	0.00529	0.00572	0.00176	0.00698	0.00513	0.00282	0.00863
25	0.02171	0.01359	0.01540	0.01205	0.01626	0.01433	0.00984	0.49863	0.02295	0.22499	0.01754	0.07655	0.01319	0.00786	0.00590	0.00180	0.00573	0.00621	0.00608	0.00939
26	0.02523	0.01027	0.01359	0.01048	0.01489	0.00920	0.00862	0.07259	0.03507	0.70228	0.02213	0.01931	0.01407	0.00716	0.00580	0.00179	0.00499	0.00577	0.00700	0.00977
27	0.00844	0.00564	0.00633	0.00632	0.00634	0.00562	0.00352	0.00841	0.00840	0.01121	0.01813	0.03755	0.02088	0.79756	0.02912	0.00556	0.00558	0.00835	0.00351	0.00353
28	0.00901	0.00793	0.01157	0.00975	0.01242	0.00709	0.13754	0.01155	0.03216	0.03780	0.08614	0.04593	0.50931	0.01234	0.00681	0.00197	0.00435	0.04556	0.00503	0.00571
29	0.01092	0.01025	0.01723	0.78384	0.03943	0.01277	0.01592	0.01470	0.01151	0.01473	0.01029	0.01541	0.00774	0.00580	0.00577	0.00193	0.00766	0.00512	0.00258	0.00642
30	0.01006	0.00506	0.00754	0.00754	0.00755	0.00504	0.00502	0.00755	0.00753	0.01006	0.01005	0.01754	0.01005	0.01992	0.02237	0.83203	0.00501	0.00501	0.00253	0.00255
31	0.83793	0.01114	0.00849	0.00761	0.01115	0.01289	0.00625	0.01689	0.00981	0.02576	0.00809	0.00946	0.00631	0.00539	0.00359	0.00179	0.00447	0.00314	0.00358	0.00626
32	0.00730	0.00586	0.00648	0.00640	0.00809	0.00507	0.00476	0.00907	0.01396	0.01777	0.26744	0.08611	0.51369	0.01387	0.00683	0.00193	0.00290	0.01177	0.00564	0.00505
33	0.00934	0.00667	0.00930	0.01061	0.01194	0.00666	0.00926	0.01194	0.01324	0.01723	0.03037	0.06459	0.03299	0.01586	0.00795	0.00265	0.00531	0.72347	0.00530	0.00533
34	0.02576	0.00982	0.01335	0.01026	0.01468	0.00848	0.00846	0.02793	0.01644	0.76595	0.02266	0.01962	0.01426	0.00716	0.00580	0.00179	0.00491	0.00579	0.00711	0.00979
35	0.01569	0.76449	0.02937	0.01010	0.01490	0.05817	0.00989	0.01747	0.01191	0.01360	0.00812	0.00940	0.00746	0.00502	0.00379	0.00126	0.00635	0.00313	0.00251	0.00737
36	0.01006	0.00506	0.00754	0.00754	0.00755	0.00504	0.00502	0.00755	0.00753	0.01006	0.01005	0.01754	0.01005	0.01992	0.02237	0.83203	0.00501	0.00501	0.00253	0.00255
37	0.01898	0.30357	0.04389	0.01281	0.01673	0.41716	0.01081	0.04122	0.03210	0.04005	0.00962	0.01079	0.00800	0.00571	0.00474	0.00144	0.00836	0.00369	0.00308	0.00725
38	0.02008	0.02501	0.01869	0.01735	0.07555	0.63531	0.08994	0.02202	0.01574	0.01493	0.00940	0.01132	0.00775	0.00580	0.00542	0.00156	0.01001	0.00416	0.00297	0.00699
39	0.01092	0.00571	0.00588	0.00579	0.00719	0.00578	0.00437	0.03031	0.01228	0.02139	0.01849	0.02135	0.01463	0.00847	0.04082	0.00174	0.00340	0.00540	0.77061	0.00549
40	0.00830	0.00622	0.00928	0.00927	0.01030	0.00722	0.00720	0.01030	0.00927	0.01339	0.01543	0.02262	0.01440	0.04291	0.77490	0.00920	0.01534	0.00616	0.00311	0.00517
41	0.00887	0.00695	0.01018	0.03557	0.01153	0.00834	0.00782	0.01079	0.00932	0.01356	0.01465	0.02197	0.01377	0.06882	0.62715	0.00798	0.09196	0.00609	0.01940	0.00526
42	0.01434	0.01237	0.01301	0.01172	0.01496	0.01428	0.00910	0.03045	0.75164	0.02402	0.02337	0.02149	0.01756	0.00784	0.00587	0.00196	0.00457	0.00650	0.00586	0.00911
43	0.00843	0.00568	0.00654	0.00653	0.00661	0.00573	0.00378	0.00854	0.00846	0.01136	0.01794	0.03651	0.02043	0.74489	0.08117	0.00581	0.00627	0.00820	0.00348	0.00365
44	0.01540	0.80100	0.03002	0.00987	0.01476	0.02267	0.00983	0.01720	0.01170	0.01357	0.00808	0.00935	0.00746	0.00497	0.00372	0.00125	0.00616	0.00310	0.00249	0.00740
45	0.48205	0.01228	0.05604	0.07286	0.10487	0.01213	0.00942	0.01710	0.01106	0.05778	0.00970	0.01148	0.00749	0.00535	0.00432	0.00168	0.00523	0.00376	0.00350	0.11188
46	0.01565	0.01359	0.03545	0.08819	0.54486	0.02712	0.01589	0.04671	0.03607	0.10156	0.01257	0.01508	0.00983	0.00561	0.00572	0.00175	0.00669	0.00521	0.00351	0.00895
47	0.00830	0.00622	0.00928	0.00927	0.01030	0.00722	0.00720	0.01030	0.00927	0.01339	0.01543	0.02262	0.01440	0.04291	0.77490	0.00920	0.01534	0.00616	0.00311	0.00517
48	0.01159	0.02963	0.76799	0.01637	0.02482	0.01334	0.02116	0.01819	0.01215	0.01822	0.01038	0.01224	0.00736	0.00551	0.00548	0.00183	0.00849	0.00427	0.00246	0.00851
49	0.02576	0.00982	0.01335	0.01026	0.01468	0.00848	0.00846	0.02793	0.01644	0.76595	0.02266	0.01962	0.01426	0.00716	0.00580	0.00179	0.00491	0.00579	0.00711	0.00979
50	0.01664	0.01411	0.02065	0.12208	0.41060	0.09364	0.06119	0.01972	0.01387	0.15224	0.01277	0.01508	0.00970	0.00568	0.00575	0.00175	0.00715	0.00521	0.00362	0.00855
51	0.01352	0.01616	0.06825	0.02379	0.02971	0.01447	0.70739	0.01839	0.01350	0.01842	0.01163	0.01543	0.00872	0.00493	0.00674	0.00194	0.00962	0.00667	0.00291	0.00781
52	0.00710	0.00507	0.00673	0.00805	0.00839	0.00472	0.00536	0.00806	0.01103	0.01471	0.03160	0.79393	0.03789	0.01798	0.00735	0.00234	0.00336	0.01628	0.00535	0.00471
53	0.01249	0.04596	0.01918	0.50000	0.20764	0.04993	0.01566	0.01585	0.01200	0.01557	0.01014	0.01453	0.00805	0.00583	0.00626	0.00186	0.04431	0.00497	0.00267	0.00711
54	0.00854	0.00710	0.00761	0.00733	0.00918	0.02294	0.00550	0.01209	0.10117	0.01903	0.28959	0.07591	0.38727	0.01276	0.00668	0.00191	0.00324	0.01084	0.00569	0.00561
55	0.00844	0.00564	0.00633	0.00632	0.00634	0.00562	0.00352	0.00841	0.00840	0.01121	0.01813	0.03755	0.02088	0.79756	0.02912	0.00556	0.00558	0.00835	0.00351	0.00353
56	0.00999	0.00880	0.01509	0.01281	0.01474	0.00977	0.16029	0.01252	0.01025	0.01488	0.01397	0.02002	0.01252	0.02973	0.49661	0.00660	0.09707	0.00613	0.04237	0.00585
57	0.01308	0.01958	0.25576	0.02311	0.11639	0.01406	0.43527	0.01824	0.01308	0.01841	0.01119	0.01442	0.00840	0.00512	0.00627	0.00189	0.00897	0.00582	0.00278	0.00816
58	0.00934	0.00667	0.00930	0.01061	0.01194	0.00666	0.00926	0.01194	0.01324	0.01723	0.03037	0.06459	0.03299	0.01586	0.00795	0.00265	0.00531	0.72347	0.00530	0.00533
59	0.00918	0.00749	0.01073	0.01025	0.01096	0.00920	0.00800	0.01082	0.00920	0.01341	0.01472	0.05829	0.01453	0.08794	0.52389	0.00719	0.17924	0.00656	0.00312	0.00528
60	0.04055	0.38687	0.22897	0.01225	0.01788	0.04834	0.01293	0.09837	0.04902	0.04060	0.01054	0.01157	0.00834	0.00559	0.00465	0.00154	0.00682	0.00392	0.00319	0.00806
61	0.01427	0.01367	0.02328	0.03514	0.76196	0.01365	0.01759	0.01763	0.01310	0.01879	0.01088	0.01432	0.00917	0.00518	0.00571	0.00172	0.00683	0.00513	0.00287	0.00912
62	0.77428	0.07227	0.01016	0.00778	0.01143	0.01365	0.00652	0.01691	0.00996	0.02481	0.00809	0.00945	0.00640	0.00536	0.00360	0.00175	0.00460	0.00314	0.00350	0.00634
63	0.00756	0.00557	0.00750	0.00848	0.00890	0.00560	0.00590	0.00865	0.01074	0.01451	0.02855	0.64020	0.03365	0.04602	0.08138	0.00312	0.03831	0.03561	0.00495	0.00480
64	0.00762	0.00591	0.00690	0.00665	0.00827	0.00521	0.00498	0.00971	0.01483	0.01965	0.44138	0.04840	0.37371	0.01302	0.00680	0.00188	0.00283	0.01115	0.00589	0.00520
65	0.00844	0.00644	0.00956	0.00947	0.01047	0.00757	0.00738	0.01042	0.00926	0.01341	0.01516	0.02228	0.01417	0.04179	0.74918	0.00897	0.04160	0.00613	0.00309	0.00521
66	0.01187	0.01209	0.02304	0.51700	0.03610	0.01338	0.27068	0.01600	0.01224	0.01603	0.01078	0.01547	0.00811	0.00548	0.00613	0.00194	0.00837	0.00571	0.00271	0.00689
67	0.01978	0.31282	0.02170	0.01167	0.01635	0.01874	0.01027	0.39862	0.02015	0.09842	0.01252	0.01273	0.00936	0.00622	0.00500	0.00156	0.00613	0.00445	0.00465	0.00888
68	0.00830	0.00620	0.00920	0.00919	0.01020	0.00718	0.00710	0.01025	0.00925	0.01333	0.01550	0.02303	0.01458	0.06370	0.75436	0.00910	0.01507	0.00622	0.00312	0.00513
69	0.01427	0.01367	0.02328	0.03514	0.76196	0.01365	0.01759	0.01763	0.01310	0.01879	0.01088	0.01432	0.00917	0.00518	0.00571	0.00172	0.00683	0.00513	0.00287	0.00912
70	0.01198	0.01025	0.01194	0.00855	0.01364	0.00769	0.00683	0.01448	0.01193	0.01874	0.01029	0.01203	0.00858	0.00432	0.00429	0.00087	0.00428	0.00343	0.00343	0.83244
71	0.00822	0.00594	0.00773	0.00728	0.00864	0.00547	0.00545	0.01088	0.01626	0.02303	0.75898	0.04283	0.05400	0.01176	0.00679	0.00182	0.00274	0.01037	0.00633	0.00546
72	0.00844	0.00567	0.00648	0.00647	0.00654	0.00570	0.00371	0.00851	0.00844	0.01132	0.01799	0.03679	0.02056	0.75936	0.06687	0.00574	0.00608	0.00824	0.00349	0.00362
73	0.01006	0.00506	0.00754	0.00754	0.00755	0.00504	0.00502	0.00755	0.00753	0.01006	0.01005	0.01754	0.01005	0.01992	0.02237	0.83203	0.00501	0.00501	0.00253	0.00255
74	0.02184	0.01609	0.01724	0.01323	0.01781	0.01779	0.01092	0.74293	0.02694	0.03612	0.01385	0.01389	0.00984	0.00694	0.00577	0.00174	0.00633	0.00519	0.00576	0.00978
75	0.01198	0.01025	0.01194	0.00855	0.01364	0.00769	0.00683	0.01448	0.01193	0.01874	0.01029	0.01203	0.00858	0.00432	0.00429	0.00087	0.00428	0.00343	0.00343	0.83244
76	0.02184	0.01609	0.01724	0.01323	0.01781	0.01779	0.01092	0.74293	0.02694	0.03612	0.01385	0.01389	0.00984	0.00694	0.00577	0.00174	0.00633	0.00519	0.00576	0.00978
77	0.02116	0.01501	0.01630	0.01275	0.01714	0.01646	0.01044	0.57985	0.12586	0.10069	0.01596	0.01546	0.01130	0.00709	0.00579	0.00177	0.00596	0.00542	0.00589	0.00969

[dist]
# distance from previous block
# <min> <max>
0	2

[block]
# block no. 2 follows, 41 sequences, length 36
# corresponding to MSA columns:
# 317-352
name=unknown_C
#
# <colnr> <probs for GDERKNQSTAVLIFYWHMCP>
#	G	D	E	R	K	N	Q	S	T	A	V	L	I	F	Y	W	H	M	C	P
0	0.04350	0.01095	0.01705	0.69491	0.06970	0.03928	0.01541	0.01512	0.01161	0.01520	0.01006	0.01480	0.00762	0.00568	0.00561	0.00188	0.00756	0.00496	0.00261	0.00648
1	0.01423	0.01229	0.01293	0.01164	0.01487	0.01423	0.00905	0.03039	0.75297	0.02393	0.02328	0.02134	0.01746	0.00776	0.00582	0.00194	0.00453	0.00647	0.00582	0.00905
2	0.02566	0.00973	0.01327	0.01018	0.01460	0.00841	0.00841	0.02788	0.01637	0.76726	0.02257	0.01947	0.01416	0.00708	0.00575	0.00177	0.00487	0.00575	0.00708	0.00973
3	0.00697	0.00498	0.00664	0.00796	0.00830	0.00465	0.00531	0.00796	0.01095	0.01460	0.03153	0.79525	0.03783	0.01792	0.00730	0.00232	0.00332	0.01626	0.00531	0.00465
4	0.02566	0.00973	0.01327	0.01018	0.01460	0.00841	0.00841	0.02788	0.01637	0.76726	0.02257	0.01947	0.01416	0.00708	0.00575	0.00177	0.00487	0.00575	0.00708	0.00973
5	0.01147	0.02959	0.76934	0.01630	0.02476	0.01328	0.02113	0.01811	0.01208	0.01811	0.01026	0.01208	0.00725	0.00543	0.00543	0.00181	0.00845	0.00423	0.00242	0.00845
6	0.02566	0.00973	0.01327	0.01018	0.01460	0.00841	0.00841	0.02788	0.01637	0.76726	0.02257	0.01947	0.01416	0.00708	0.00575	0.00177	0.00487	0.00575	0.00708	0.00973
7	0.01147	0.02959	0.76934	0.01630	0.02476	0.01328	0.02113	0.01811	0.01208	0.01811	0.01026	0.01208	0.00725	0.00543	0.00543	0.00181	0.00845	0.00423	0.00242	0.00845
8	0.00697	0.00498	0.00664	0.00796	0.00830	0.00465	0.00531	0.00796	0.01095	0.01460	0.03153	0.79525	0.03783	0.01792	0.00730	0.00232	0.00332	0.01626	0.00531	0.00465
9	0.01147	0.02959	0.76934	0.01630	0.02476	0.01328	0.02113	0.01811	0.01208	0.01811	0.01026	0.01208	0.00725	0.00543	0.00543	0.00181	0.00845	0.00423	0.00242	0.00845
10	0.00817	0.00613	0.00919	0.00919	0.01021	0.00715	0.00715	0.01021	0.00919	0.01328	0.01532	0.02247	0.01430	0.04290	0.77631	0.00919	0.01532	0.00613	0.00306	0.00511
11	0.02085	0.02643	0.01588	0.01444	0.01733	0.74621	0.01083	0.02237	0.01621	0.01434	0.03791	0.01157	0.00917	0.00612	0.00522	0.00149	0.01002	0.00394	0.00308	0.00658
12	0.01248	0.01194	0.04847	0.01097	0.01627	0.00917	0.09913	0.04681	0.01273	0.01933	0.01050	0.01240	0.00850	0.00448	0.00467	0.00106	0.00519	0.00392	0.00339	0.65861
13	0.01181	0.02695	0.63981	0.01768	0.04846	0.01357	0.09746	0.01796	0.01214	0.01800	0.01032	0.01252	0.00747	0.00553	0.00607	0.00185	0.03707	0.00455	0.00248	0.00831
14	0.01251	0.01251	0.01752	0.01502	0.01502	0.01752	0.01251	0.01377	0.00876	0.01377	0.00751	0.01251	0.00751	0.01001	0.01877	0.00250	0.78851	0.00501	0.00250	0.00626
15	0.00810	0.00603	0.00756	0.00714	0.00862	0.00558	0.00537	0.01103	0.03721	0.02199	0.64713	0.04371	0.14523	0.01194	0.00672	0.00182	0.00278	0.01046	0.00615	0.00543
16	0.02174	0.01602	0.01717	0.01316	0.01774	0.01774	0.01087	0.74423	0.02689	0.03605	0.01373	0.01373	0.00973	0.00687	0.00572	0.00172	0.00629	0.00515	0.00572	0.00973
17	0.01090	0.01024	0.01747	0.73832	0.03825	0.01259	0.04218	0.01472	0.01153	0.01491	0.01043	0.01540	0.00784	0.00571	0.00571	0.00189	0.00758	0.00515	0.02279	0.00638
18	0.02249	0.01482	0.01642	0.01259	0.01714	0.01596	0.01040	0.60760	0.02489	0.17551	0.01542	0.01483	0.01057	0.00691	0.00573	0.00173	0.00602	0.00526	0.00598	0.00973
19	0.00803	0.00627	0.00713	0.00697	0.00862	0.00547	0.00515	0.00981	0.01468	0.01923	0.35945	0.08570	0.41459	0.01378	0.00704	0.00201	0.00307	0.01166	0.00593	0.00541
20	0.00885	0.00658	0.00950	0.00947	0.01049	0.00745	0.00723	0.01059	0.00957	0.01378	0.01605	0.02404	0.01519	0.08307	0.72909	0.00904	0.01491	0.00644	0.00331	0.00536
21	0.01282	0.00747	0.00949	0.00851	0.01071	0.00681	0.00658	0.01564	0.04537	0.18656	0.47106	0.03932	0.10146	0.01130	0.00680	0.00196	0.00362	0.04121	0.00651	0.00678
22	0.01505	0.01330	0.02079	0.09390	0.53123	0.01369	0.01569	0.02039	0.13919	0.05590	0.01404	0.01659	0.01121	0.00613	0.00597	0.00188	0.00659	0.00556	0.00374	0.00916
23	0.00899	0.00604	0.00673	0.00670	0.00677	0.00594	0.00378	0.00882	0.00875	0.01173	0.01858	0.03806	0.02128	0.79133	0.02914	0.00562	0.00576	0.00849	0.00368	0.00383
24	0.01250	0.01061	0.01229	0.00891	0.01401	0.00800	0.00706	0.01484	0.01226	0.01920	0.01081	0.01275	0.00908	0.00468	0.00452	0.00097	0.00446	0.00361	0.00361	0.82585
25	0.00788	0.00567	0.00734	0.00842	0.00900	0.00524	0.00580	0.00897	0.01206	0.01622	0.10781	0.65427	0.05650	0.01738	0.00752	0.00239	0.00358	0.05324	0.00561	0.00511
26	0.01109	0.03924	0.01058	0.03214	0.01177	0.00850	0.00729	0.10069	0.01384	0.05109	0.07806	0.51001	0.03111	0.01466	0.00767	0.00225	0.04584	0.01267	0.00536	0.00613
27	0.01535	0.01388	0.02005	0.06553	0.47837	0.04330	0.01495	0.02156	0.19432	0.04980	0.01481	0.01689	0.01178	0.00632	0.00596	0.00188	0.00654	0.00560	0.00394	0.00916
28	0.01260	0.00971	0.01146	0.00910	0.01310	0.00784	0.00700	0.04658	0.01297	0.05882	0.01628	0.18416	0.01584	0.00793	0.00534	0.00138	0.00438	0.00662	0.00432	0.56455
29	0.01658	0.01280	0.01432	0.01072	0.01561	0.01182	0.00864	0.28927	0.01802	0.04611	0.01248	0.01366	0.00970	0.00574	0.00512	0.00132	0.00525	0.00433	0.00458	0.49391
30	0.01461	0.01069	0.01261	0.00926	0.01425	0.00835	0.00738	0.03433	0.01323	0.12131	0.01258	0.01383	0.00988	0.00512	0.00476	0.00112	0.00460	0.00397	0.00416	0.69395
31	0.01463	0.01307	0.02180	0.03002	0.58110	0.01286	0.05874	0.01803	0.03170	0.05564	0.06591	0.04241	0.01418	0.00654	0.00613	0.00187	0.00661	0.00619	0.00366	0.00892
32	0.00774	0.00562	0.00718	0.00835	0.00893	0.00516	0.00571	0.00867	0.01164	0.01540	0.03406	0.69195	0.09746	0.01783	0.00754	0.00242	0.00361	0.05018	0.00550	0.00504
33	0.02247	0.01116	0.04832	0.01075	0.01506	0.00941	0.00905	0.05070	0.06481	0.55341	0.08661	0.02157	0.01770	0.00773	0.00603	0.00186	0.00506	0.00620	0.00668	0.04541
34	0.02199	0.01582	0.01710	0.01319	0.01780	0.01708	0.01079	0.66799	0.02591	0.07069	0.01459	0.01479	0.01047	0.00716	0.00592	0.00179	0.00633	0.00530	0.00587	0.04941
35	0.00964	0.00872	0.07274	0.01090	0.04753	0.00686	0.03623	0.01147	0.01264	0.05313	0.11081	0.48056	0.08625	0.01459	0.00712	0.00223	0.00437	0.01298	0.00525	0.00598

[dist]
# distance from previous block
# <min> <max>
0	2

[block]
# block no. 3 follows, 41 sequences, length 7
# corresponding to MSA columns:
# 355-361
name=unknown_D
#
# <colnr> <probs for GDERKNQSTAVLIFYWHMCP>
#	G	D	E	R	K	N	Q	S	T	A	V	L	I	F	Y	W	H	M	C	P
0	0.13557	0.47082	0.09181	0.01230	0.06804	0.01872	0.01097	0.04780	0.01272	0.06899	0.01007	0.01135	0.00829	0.00556	0.00438	0.00153	0.00620	0.00374	0.00324	0.00789
1	0.52957	0.05775	0.01087	0.00876	0.01207	0.05742	0.00709	0.06731	0.03254	0.05806	0.01225	0.10163	0.01093	0.00704	0.00440	0.00179	0.00489	0.00502	0.00403	0.00660
2	0.01626	0.01439	0.10137	0.01202	0.01581	0.01342	0.01045	0.44635	0.02055	0.02774	0.01849	0.24032	0.01759	0.00991	0.00615	0.00190	0.00568	0.00827	0.00522	0.00811
3	0.11287	0.01552	0.09997	0.01344	0.06778	0.01451	0.01111	0.37041	0.06251	0.02823	0.01270	0.01347	0.00942	0.00611	0.00520	0.00162	0.00588	0.00466	0.02756	0.11704
4	0.16794	0.01214	0.01219	0.00957	0.01394	0.06774	0.00767	0.06973	0.07117	0.12013	0.01257	0.01315	0.00951	0.00539	0.00460	0.00133	0.00498	0.00403	0.00422	0.38800
5	0.00980	0.00622	0.00819	0.00749	0.00913	0.00569	0.00569	0.01245	0.01621	0.09522	0.68864	0.04047	0.05010	0.01125	0.00665	0.00180	0.00291	0.00990	0.00637	0.00582
6	0.02170	0.01729	0.01706	0.01334	0.01773	0.10354	0.01089	0.66260	0.02568	0.03355	0.01318	0.01335	0.00946	0.00676	0.00566	0.00169	0.00675	0.00498	0.00541	0.00938

[dist]
# distance from previous block
# <min> <max>
0	1

[block]
# block no. 4 follows, 41 sequences, length 6
# corresponding to MSA columns:
# 363-368
name=unknown_E
#
# <colnr> <probs for GDERKNQSTAVLIFYWHMCP>
#	G	D	E	R	K	N	Q	S	T	A	V	L	I	F	Y	W	H	M	C	P
0	0.00694	0.00508	0.00653	0.00768	0.00822	0.00467	0.00518	0.00800	0.01122	0.01471	0.03497	0.69861	0.13224	0.01747	0.00723	0.00227	0.00326	0.01571	0.00531	0.00467
1	0.00902	0.00612	0.00754	0.00702	0.00876	0.00546	0.00532	0.01133	0.01530	0.07619	0.50495	0.04451	0.25277	0.01215	0.00668	0.00183	0.00292	0.01050	0.00607	0.00556
2	0.00994	0.00497	0.00745	0.00745	0.00745	0.00497	0.00497	0.00745	0.00745	0.00994	0.00994	0.01739	0.00994	0.01987	0.02235	0.83358	0.00497	0.00497	0.00248	0.00248
3	0.01423	0.01229	0.01293	0.01164	0.01487	0.01423	0.00905	0.03039	0.75297	0.02393	0.02328	0.02134	0.01746	0.00776	0.00582	0.00194	0.00453	0.00647	0.00582	0.00905
4	0.01423	0.01229	0.01293	0.01164	0.01487	0.01423	0.00905	0.03039	0.75297	0.02393	0.02328	0.02134	0.01746	0.00776	0.00582	0.00194	0.00453	0.00647	0.00582	0.00905
5	0.01350	0.01543	0.03375	0.02411	0.02989	0.01446	0.74253	0.01832	0.01350	0.01832	0.01157	0.01543	0.00868	0.00482	0.00675	0.00193	0.00964	0.00675	0.00289	0.00771

[dist]
# distance from previous block
# <min> <max>
0	1

[block]
# block no. 5 follows, 41 sequences, length 55
# corresponding to MSA columns:
# 370-424
name=unknown_F
#
# <colnr> <probs for GDERKNQSTAVLIFYWHMCP>
#	G	D	E	R	K	N	Q	S	T	A	V	L	I	F	Y	W	H	M	C	P
0	0.01087	0.00568	0.00814	0.00810	0.00819	0.00554	0.00539	0.00818	0.00808	0.01087	0.01085	0.01858	0.01078	0.02027	0.02250	0.82163	0.00528	0.00526	0.00281	0.00301
1	0.01510	0.01289	0.01354	0.01222	0.01550	0.01467	0.00942	0.03079	0.74273	0.02466	0.02401	0.02247	0.01820	0.00834	0.00620	0.00210	0.00484	0.00674	0.00609	0.00949
2	0.00788	0.00650	0.00670	0.00661	0.00855	0.00547	0.00489	0.00920	0.01392	0.01710	0.13280	0.05438	0.67575	0.01467	0.00713	0.00208	0.00322	0.01208	0.00570	0.00538
3	0.01276	0.01050	0.01222	0.00911	0.01393	0.00801	0.00712	0.01493	0.01246	0.03345	0.01250	0.05673	0.01108	0.00568	0.00484	0.00113	0.00452	0.00446	0.00388	0.76070
4	0.02637	0.01037	0.01387	0.01078	0.01523	0.00893	0.00878	0.02831	0.01687	0.75716	0.02330	0.02063	0.01494	0.00767	0.00614	0.00194	0.00518	0.00603	0.00734	0.01016
5	0.02214	0.02765	0.01677	0.01527	0.01827	0.76536	0.01139	0.02334	0.01671	0.01488	0.00978	0.01161	0.00825	0.00650	0.00555	0.00164	0.01055	0.00399	0.00326	0.00710
6	0.01408	0.01813	0.14517	0.02333	0.02953	0.01473	0.62323	0.01886	0.01383	0.01911	0.01227	0.01614	0.00933	0.00553	0.00692	0.00208	0.00971	0.00663	0.00314	0.00828
7	0.02637	0.01037	0.01387	0.01078	0.01523	0.00893	0.00878	0.02831	0.01687	0.75716	0.02330	0.02063	0.01494	0.00767	0.00614	0.00194	0.00518	0.00603	0.00734	0.01016
8	0.00881	0.00650	0.00801	0.00768	0.00913	0.00585	0.00566	0.01096	0.01599	0.02221	0.61409	0.08022	0.15650	0.01291	0.00714	0.00201	0.00310	0.01108	0.00637	0.00577
9	0.01220	0.00663	0.00670	0.00644	0.00803	0.00659	0.00482	0.05451	0.01339	0.02291	0.01918	0.02203	0.01516	0.00727	0.00450	0.00153	0.00321	0.00561	0.77323	0.00606
10	0.00915	0.00678	0.00962	0.00958	0.01060	0.00757	0.00725	0.01075	0.00973	0.01399	0.01637	0.02477	0.01560	0.10268	0.70645	0.00896	0.01471	0.00658	0.00341	0.00547
11	0.01074	0.00771	0.01024	0.01126	0.01280	0.00765	0.00966	0.04646	0.01435	0.01883	0.03014	0.06267	0.03235	0.01585	0.00815	0.00275	0.00562	0.68124	0.00557	0.00596
12	0.01263	0.01077	0.01298	0.00958	0.01452	0.00827	0.03047	0.01491	0.01245	0.01928	0.01194	0.04321	0.01047	0.00541	0.00484	0.00112	0.00469	0.00430	0.00376	0.76442
13	0.01569	0.20213	0.28300	0.01714	0.08848	0.17052	0.06065	0.01914	0.01336	0.01686	0.01034	0.01275	0.00845	0.00620	0.00621	0.00181	0.05175	0.00443	0.00293	0.00816
14	0.02209	0.01249	0.01466	0.01176	0.01581	0.01257	0.00945	0.28058	0.10096	0.34890	0.06029	0.04887	0.01676	0.00832	0.00624	0.00196	0.00547	0.00653	0.00661	0.00966
15	0.01458	0.01748	0.14910	0.02946	0.45734	0.02878	0.17581	0.01850	0.01358	0.01923	0.01172	0.01525	0.00950	0.00572	0.00624	0.00193	0.00804	0.00557	0.00310	0.00905
16	0.00817	0.00613	0.00919	0.00919	0.01021	0.00715	0.00715	0.01021	0.00919	0.01328	0.01532	0.02247	0.01430	0.04290	0.77631	0.00919	0.01532	0.00613	0.00306	0.00511
17	0.02400	0.01241	0.01493	0.01144	0.01593	0.01237	0.00945	0.33229	0.02084	0.45653	0.01881	0.01703	0.01228	0.00699	0.00574	0.00175	0.00547	0.00550	0.00650	0.00973
18	0.00776	0.00576	0.00723	0.00702	0.00838	0.00523	0.00520	0.01008	0.01516	0.02086	0.57057	0.11228	0.17782	0.01275	0.00680	0.00187	0.00279	0.01118	0.00603	0.00523
19	0.00865	0.00592	0.00772	0.00734	0.00874	0.00543	0.00548	0.01114	0.01565	0.05116	0.64675	0.10787	0.07214	0.01214	0.00676	0.00185	0.00284	0.01073	0.00621	0.00548
20	0.01416	0.01359	0.02322	0.03511	0.76330	0.01359	0.01755	0.01755	0.01302	0.01869	0.01076	0.01416	0.00906	0.00510	0.00566	0.00170	0.00680	0.00510	0.00283	0.00906
21	0.01069	0.00638	0.00790	0.17481	0.01378	0.00693	0.00658	0.01361	0.01187	0.01987	0.01681	0.02000	0.01313	0.00646	0.00437	0.00146	0.00374	0.00528	0.65076	0.00555
22	0.02091	0.01318	0.01493	0.01181	0.01596	0.01400	0.00963	0.39059	0.14826	0.23517	0.05170	0.01794	0.01429	0.00730	0.00579	0.00177	0.00543	0.00578	0.00614	0.00942
23	0.01679	0.23084	0.02083	0.03187	0.18731	0.15581	0.01174	0.05476	0.15381	0.06373	0.01285	0.01378	0.01018	0.00590	0.00507	0.00158	0.00670	0.00458	0.00370	0.00816
24	0.01978	0.05287	0.01680	0.01274	0.01696	0.05163	0.01043	0.52076	0.18473	0.03132	0.01533	0.01503	0.01120	0.00692	0.00562	0.00173	0.00608	0.00527	0.00546	0.00933
25	0.65217	0.03813	0.06543	0.00893	0.01300	0.01378	0.00797	0.10672	0.01208	0.02601	0.00884	0.01004	0.00674	0.00550	0.00395	0.00175	0.00500	0.00343	0.00369	0.00683
26	0.01414	0.34030	0.26184	0.01484	0.02070	0.07428	0.13951	0.01796	0.01234	0.01581	0.00935	0.01136	0.00755	0.00529	0.00536	0.00159	0.03339	0.00417	0.00255	0.00767
27	0.00837	0.00677	0.00974	0.04612	0.04521	0.00697	0.03559	0.00995	0.02178	0.01487	0.04072	0.50143	0.06724	0.09059	0.00998	0.00255	0.05952	0.01283	0.00462	0.00513
28	0.00794	0.00584	0.00842	0.00869	0.00949	0.00650	0.00646	0.00960	0.00948	0.01336	0.01885	0.18109	0.01964	0.10150	0.55678	0.00749	0.01205	0.00838	0.00356	0.00487
29	0.00701	0.00558	0.00630	0.00659	0.00800	0.00486	0.00476	0.00852	0.01293	0.01633	0.15451	0.25514	0.45926	0.01501	0.00691	0.00202	0.00298	0.01296	0.00546	0.00486
30	0.00726	0.00524	0.00687	0.00768	0.00834	0.00485	0.00530	0.00872	0.01241	0.01682	0.22404	0.56877	0.07016	0.01615	0.00713	0.00217	0.00314	0.01454	0.00557	0.00485
31	0.10480	0.00986	0.01280	0.00992	0.01426	0.00884	0.00819	0.02680	0.01573	0.69514	0.02115	0.01848	0.01338	0.00691	0.00554	0.00177	0.00482	0.00549	0.00674	0.00939
32	0.02055	0.01273	0.08780	0.01135	0.01581	0.01107	0.00996	0.05552	0.24616	0.43316	0.02123	0.01910	0.01434	0.00712	0.00574	0.00182	0.00517	0.00580	0.00617	0.00940
33	0.01403	0.54777	0.27360	0.01193	0.01800	0.01955	0.01353	0.01745	0.01177	0.01499	0.00871	0.01013	0.00731	0.00507	0.00425	0.00142	0.00689	0.00344	0.00244	0.00771
34	0.01275	0.01215	0.02067	0.34992	0.45949	0.01322	0.01685	0.01632	0.01236	0.01698	0.01051	0.01462	0.00846	0.00536	0.00569	0.00179	0.00714	0.00509	0.00271	0.00792
35	0.00928	0.00679	0.00814	0.00757	0.00940	0.00649	0.00575	0.01336	0.10649	0.05129	0.49267	0.04174	0.19594	0.01161	0.00660	0.00184	0.00305	0.01004	0.00606	0.00590
36	0.04978	0.01413	0.08234	0.01252	0.01692	0.05318	0.06049	0.09593	0.21471	0.29484	0.01891	0.01848	0.01333	0.00698	0.00574	0.00183	0.00585	0.01962	0.00551	0.00891
37	0.05285	0.01442	0.01559	0.01196	0.01646	0.01536	0.00981	0.54961	0.03651	0.06640	0.01365	0.01412	0.00995	0.02070	0.00584	0.00167	0.00581	0.00492	0.00532	0.12905
38	0.00859	0.00658	0.00798	0.00780	0.00929	0.00642	0.00577	0.01271	0.11775	0.02066	0.44072	0.18083	0.12781	0.01262	0.00672	0.00193	0.00309	0.01110	0.00593	0.00570
39	0.06317	0.01013	0.01326	0.01021	0.01461	0.00911	0.00844	0.06592	0.01663	0.69353	0.02141	0.01869	0.01355	0.00699	0.00565	0.00177	0.00492	0.00560	0.00684	0.00957
40	0.02222	0.01342	0.01536	0.01194	0.01626	0.01407	0.00979	0.46002	0.04454	0.27370	0.01760	0.04647	0.01251	0.00740	0.00580	0.00176	0.00566	0.00582	0.00615	0.00951
41	0.01497	0.00902	0.01086	0.00976	0.01239	0.00915	0.00750	0.04934	0.23626	0.22539	0.11097	0.22174	0.03655	0.01070	0.00630	0.00197	0.00414	0.00926	0.00608	0.00765
42	0.00702	0.00500	0.00662	0.00790	0.00822	0.00468	0.00524	0.00798	0.01085	0.01447	0.03102	0.76710	0.03720	0.04693	0.00811	0.00244	0.00340	0.01597	0.00524	0.00460
43	0.30641	0.11191	0.34485	0.01412	0.08563	0.01424	0.01417	0.01749	0.01128	0.02030	0.00922	0.01094	0.00705	0.00530	0.00458	0.00172	0.00660	0.00377	0.00286	0.00758
44	0.01476	0.01224	0.01352	0.01287	0.05637	0.01392	0.00949	0.02956	0.67712	0.05876	0.02255	0.02085	0.01684	0.00758	0.00581	0.00192	0.00467	0.00636	0.00571	0.00909
45	0.01455	0.05150	0.10748	0.01666	0.09846	0.05543	0.11413	0.02386	0.34100	0.04792	0.01639	0.01695	0.01245	0.00666	0.00647	0.00186	0.04983	0.00568	0.00424	0.00846
46	0.00789	0.00536	0.00637	0.00679	0.00689	0.00526	0.00405	0.00821	0.00916	0.01221	0.02231	0.27833	0.02621	0.55069	0.02218	0.00452	0.00484	0.01084	0.00405	0.00384
47	0.01209	0.10506	0.61068	0.01655	0.02434	0.01435	0.10325	0.01804	0.01220	0.01767	0.01018	0.01217	0.00742	0.00531	0.00541	0.00177	0.00836	0.00440	0.00247	0.00826
48	0.01123	0.00865	0.00998	0.00888	0.01113	0.00898	0.00687	0.11827	0.17436	0.02444	0.44528	0.03501	0.09301	0.01038	0.00641	0.00183	0.00361	0.00892	0.00604	0.00674
49	0.00755	0.00627	0.00711	0.00757	0.03842	0.00556	0.00532	0.00970	0.03433	0.01709	0.17391	0.09034	0.53732	0.01365	0.00674	0.00193	0.00313	0.02346	0.00540	0.00521
50	0.15510	0.01399	0.01480	0.01160	0.01582	0.01527	0.00955	0.50897	0.02238	0.11210	0.05392	0.01518	0.01201	0.00689	0.00542	0.00174	0.00564	0.00516	0.00554	0.00892
51	0.01460	0.01220	0.01294	0.01159	0.01486	0.01404	0.00903	0.03031	0.72885	0.04827	0.02326	0.02128	0.01735	0.00774	0.00582	0.00193	0.00454	0.00644	0.00586	0.00908
52	0.00833	0.00551	0.00623	0.00629	0.00635	0.00550	0.00357	0.00846	0.00856	0.01158	0.01867	0.07241	0.02140	0.73728	0.02730	0.00526	0.00535	0.00860	0.02979	0.00358
53	0.01689	0.01264	0.01479	0.01392	0.09701	0.01353	0.00997	0.35332	0.14046	0.06741	0.04733	0.09672	0.05725	0.00848	0.00596	0.00181	0.00532	0.00704	0.00541	0.02474
54	0.83938	0.01106	0.00841	0.00752	0.01106	0.01283	0.00619	0.01681	0.00973	0.02566	0.00796	0.00929	0.00619	0.00531	0.00354	0.00177	0.00442	0.00310	0.00354	0.00619

[dist]
# distance from previous block
# <min> <max>
0	1

[block]
# block no. 6 follows, 41 sequences, length 86
# corresponding to MSA columns:
# 426-511
name=unknown_G
#
# <colnr> <probs for GDERKNQSTAVLIFYWHMCP>
#	G	D	E	R	K	N	Q	S	T	A	V	L	I	F	Y	W	H	M	C	P
0	0.03420	0.00918	0.01102	0.00936	0.01214	0.00922	0.00738	0.13852	0.09927	0.18692	0.34924	0.05797	0.03220	0.00954	0.00620	0.00181	0.00403	0.00811	0.00622	0.00746
1	0.01458	0.65879	0.07431	0.01129	0.01629	0.02067	0.07066	0.01692	0.01178	0.01419	0.00933	0.04122	0.00866	0.00544	0.00418	0.00136	0.00644	0.00396	0.00260	0.00733
2	0.00701	0.00500	0.00662	0.00791	0.00823	0.00468	0.00525	0.00798	0.01086	0.01449	0.03108	0.77039	0.03727	0.04354	0.00802	0.00243	0.00339	0.01600	0.00525	0.00461
3	0.03028	0.02813	0.70918	0.01636	0.04206	0.01312	0.02029	0.01840	0.01219	0.04331	0.01064	0.01231	0.00750	0.00548	0.00541	0.00181	0.00820	0.00427	0.00261	0.00846
4	0.26913	0.09991	0.01525	0.01185	0.01532	0.39151	0.00939	0.07885	0.02902	0.01946	0.00916	0.01038	0.00740	0.00573	0.00457	0.00157	0.00766	0.00361	0.00336	0.00687
5	0.78983	0.01115	0.00881	0.00776	0.01136	0.01281	0.00639	0.03656	0.01042	0.05126	0.00862	0.00976	0.00656	0.00541	0.00367	0.00177	0.00449	0.00324	0.00372	0.00641
6	0.01320	0.01085	0.01163	0.01044	0.01339	0.01193	0.00825	0.12649	0.41601	0.02344	0.05901	0.03107	0.16609	0.00973	0.00619	0.00195	0.00444	0.06233	0.00568	0.00788
7	0.01066	0.00533	0.00533	0.00533	0.00666	0.00533	0.00400	0.01333	0.01200	0.02132	0.01866	0.02132	0.01466	0.00666	0.00400	0.00133	0.00267	0.00533	0.83073	0.00533
8	0.01926	0.01261	0.01605	0.06101	0.07654	0.01326	0.03998	0.25501	0.15721	0.23021	0.01808	0.04629	0.01323	0.00722	0.00584	0.00181	0.00571	0.00604	0.00556	0.00907
9	0.01251	0.01251	0.01752	0.01502	0.01502	0.01752	0.01251	0.01377	0.00876	0.01377	0.00751	0.01251	0.00751	0.01001	0.01877	0.00250	0.78851	0.00501	0.00250	0.00626
10	0.01186	0.01017	0.01186	0.00847	0.01356	0.00762	0.00678	0.01440	0.01186	0.01864	0.01017	0.01186	0.00847	0.00424	0.00424	0.00085	0.00424	0.00339	0.00339	0.83395
11	0.00974	0.00784	0.00892	0.00903	0.01062	0.00830	0.00654	0.01647	0.28865	0.01826	0.05001	0.38065	0.10368	0.04426	0.00753	0.00225	0.00380	0.01170	0.00545	0.00629
12	0.00727	0.00606	0.00629	0.00622	0.00803	0.00536	0.00461	0.00932	0.04393	0.01580	0.08332	0.05109	0.63149	0.06525	0.02864	0.00235	0.00346	0.01136	0.00520	0.00495
13	0.01415	0.01062	0.01246	0.00905	0.01402	0.00856	0.00730	0.07764	0.01361	0.09880	0.01177	0.01282	0.00918	0.00476	0.00452	0.00102	0.00448	0.00379	0.00397	0.67750
14	0.14456	0.52358	0.10050	0.01052	0.01543	0.06329	0.01050	0.04682	0.01225	0.01678	0.00847	0.00974	0.00725	0.00515	0.00400	0.00140	0.00634	0.00330	0.00278	0.00733
15	0.01338	0.01280	0.02181	0.20874	0.59574	0.01339	0.01717	0.01687	0.01266	0.01774	0.01062	0.01441	0.00873	0.00524	0.00568	0.00175	0.00699	0.00509	0.00276	0.00843
16	0.01332	0.02663	0.11145	0.01209	0.04289	0.00868	0.09090	0.01653	0.01476	0.18632	0.31351	0.08979	0.03010	0.00921	0.00630	0.00184	0.00497	0.00827	0.00530	0.00713
17	0.01893	0.01392	0.01520	0.01193	0.01584	0.01519	0.00974	0.59285	0.02468	0.03334	0.16782	0.01972	0.01886	0.00786	0.00593	0.00173	0.00555	0.00622	0.00584	0.00883
18	0.01186	0.01017	0.01186	0.00847	0.01356	0.00762	0.00678	0.01440	0.01186	0.01864	0.01017	0.01186	0.00847	0.00424	0.00424	0.00085	0.00424	0.00339	0.00339	0.83395
19	0.00706	0.00504	0.00674	0.00806	0.00843	0.00472	0.00546	0.00812	0.01104	0.01470	0.03148	0.76682	0.03764	0.01784	0.00732	0.00234	0.00339	0.04383	0.00531	0.00467
20	0.00702	0.00502	0.00668	0.00793	0.00831	0.00468	0.00531	0.00809	0.01118	0.01496	0.06321	0.76253	0.03853	0.01765	0.00728	0.00230	0.00329	0.01600	0.00535	0.00468
21	0.01186	0.01017	0.01186	0.00847	0.01356	0.00762	0.00678	0.01440	0.01186	0.01864	0.01017	0.01186	0.00847	0.00424	0.00424	0.00085	0.00424	0.00339	0.00339	0.83395
22	0.02566	0.00973	0.01327	0.01018	0.01460	0.00841	0.00841	0.02788	0.01637	0.76726	0.02257	0.01947	0.01416	0.00708	0.00575	0.00177	0.00487	0.00575	0.00708	0.00973
