[name]
unknown

[dist]
# distance from previous block
# <min> <max>
3	8

[block]
# block no. 0 follows, 38 sequences, length 6
# corresponding to MSA columns:
# 9-14
name=unknown_A
#
# <colnr> <probs for GDERKNQSTAVLIFYWHMCP>
#	G	D	E	R	K	N	Q	S	T	A	V	L	I	F	Y	W	H	M	C	P
0	0.01584	0.01246	0.01389	0.01103	0.01527	0.01231	0.00877	0.27411	0.10997	0.02633	0.01680	0.11812	0.01473	0.00785	0.00566	0.00157	0.00514	0.00646	0.00504	0.31865
1	0.21070	0.00679	0.00808	0.00786	0.00876	0.00724	0.00554	0.01024	0.00842	0.01449	0.00994	0.01621	0.00949	0.01716	0.01868	0.62412	0.00509	0.00474	0.00288	0.00356
2	0.12262	0.10224	0.09163	0.01206	0.01683	0.01551	0.01086	0.29807	0.05037	0.15229	0.01531	0.03737	0.01155	0.02950	0.00622	0.00192	0.00613	0.00540	0.00516	0.00897
3	0.29130	0.01281	0.11647	0.00976	0.01316	0.01114	0.00878	0.10487	0.01366	0.02334	0.14201	0.02118	0.01816	0.09595	0.00990	0.08555	0.00537	0.00586	0.00424	0.00646
4	0.01272	0.12408	0.28522	0.01801	0.02414	0.01445	0.28021	0.01747	0.01302	0.01795	0.01417	0.12391	0.01279	0.00728	0.00626	0.00194	0.00825	0.00707	0.00317	0.00787
5	0.13298	0.01029	0.01126	0.00960	0.01257	0.01058	0.00743	0.19976	0.01661	0.16398	0.02441	0.12751	0.10956	0.12510	0.00969	0.00253	0.00506	0.00821	0.00550	0.00736

[dist]
# distance from previous block
# <min> <max>
7	12

[block]
# block no. 1 follows, 38 sequences, length 52
# corresponding to MSA columns:
# 27-78
name=unknown_B
#
# <colnr> <probs for GDERKNQSTAVLIFYWHMCP>
#	G	D	E	R	K	N	Q	S	T	A	V	L	I	F	Y	W	H	M	C	P
0	0.46449	0.01070	0.01141	0.00986	0.01300	0.01173	0.07314	0.02973	0.06488	0.02398	0.09229	0.08796	0.01712	0.05859	0.00672	0.00220	0.00498	0.00635	0.00435	0.00652
1	0.02297	0.01200	0.01454	0.01154	0.01572	0.01205	0.00936	0.21320	0.12332	0.40687	0.02042	0.01901	0.01384	0.00847	0.00732	0.06186	0.00547	0.00593	0.00653	0.00958
2	0.00783	0.00545	0.00683	0.00773	0.00795	0.00522	0.00489	0.00851	0.01053	0.01404	0.02810	0.51932	0.03341	0.29288	0.01585	0.00365	0.00432	0.01413	0.00489	0.00444
3	0.50733	0.01024	0.00914	0.00839	0.01129	0.01143	0.00659	0.08082	0.01229	0.02451	0.03099	0.13054	0.04925	0.00936	0.00606	0.05545	0.00455	0.00632	0.01919	0.00626
4	0.03639	0.01679	0.01955	0.01611	0.06707	0.03360	0.06411	0.60509	0.02575	0.03468	0.01386	0.01444	0.00999	0.00689	0.00604	0.00182	0.00696	0.00546	0.00550	0.00990
5	0.01217	0.05090	0.73854	0.01697	0.02576	0.01423	0.02192	0.01902	0.01269	0.01892	0.01073	0.01262	0.00762	0.00570	0.00567	0.00189	0.00883	0.00441	0.00254	0.00886
6	0.00875	0.00583	0.00656	0.00656	0.00656	0.00583	0.00365	0.00875	0.00875	0.01166	0.01895	0.03937	0.02187	0.78858	0.03062	0.00583	0.00583	0.00875	0.00365	0.00365
7	0.00948	0.00600	0.00794	0.00856	0.00962	0.00553	0.00615	0.01107	0.01315	0.08518	0.14142	0.51552	0.07354	0.01647	0.00746	0.00231	0.00367	0.06547	0.00591	0.00556
8	0.01241	0.12949	0.05455	0.38148	0.02861	0.01396	0.05994	0.06710	0.01332	0.01726	0.01474	0.15241	0.01388	0.00819	0.00604	0.00196	0.00705	0.00721	0.00344	0.00697
9	0.01349	0.30118	0.49984	0.01471	0.02228	0.01746	0.01799	0.01868	0.01253	0.01731	0.00993	0.01162	0.00766	0.00551	0.00506	0.00169	0.00802	0.00401	0.00255	0.00848
10	0.01045	0.00522	0.00784	0.00784	0.00784	0.00522	0.00522	0.00784	0.00784	0.01045	0.01045	0.01829	0.01045	0.02090	0.02351	0.82497	0.00522	0.00522	0.00261	0.00261
11	0.01139	0.07545	0.56108	0.01496	0.02191	0.01280	0.01814	0.01686	0.01243	0.01800	0.01508	0.16592	0.01402	0.00829	0.00598	0.00197	0.00766	0.00688	0.00315	0.00802
12	0.02545	0.01241	0.01439	0.01136	0.01576	0.07940	0.00924	0.07422	0.04874	0.59553	0.03531	0.01973	0.01486	0.00744	0.00601	0.00184	0.00569	0.00593	0.00688	0.00982
13	0.01718	0.01957	0.02902	0.02169	0.02687	0.21314	0.47372	0.08619	0.01625	0.01979	0.01162	0.01464	0.00887	0.00557	0.00656	0.00188	0.01000	0.00609	0.00333	0.00801
14	0.01608	0.79220	0.03152	0.01029	0.01544	0.02380	0.01029	0.01801	0.01222	0.01415	0.00836	0.00965	0.00772	0.00515	0.00386	0.00129	0.00643	0.00322	0.00257	0.00772
15	0.00952	0.00680	0.00950	0.01088	0.01219	0.00678	0.00939	0.01217	0.01368	0.01781	0.03195	0.12010	0.03500	0.01678	0.00826	0.00275	0.00539	0.66003	0.00554	0.00549
16	0.01169	0.01102	0.01863	0.70611	0.10691	0.01345	0.01687	0.01566	0.01218	0.01577	0.01075	0.01593	0.00816	0.00595	0.00601	0.00198	0.00794	0.00535	0.00270	0.00695
17	0.06504	0.00718	0.00907	0.00811	0.01021	0.00671	0.00625	0.01473	0.01662	0.14504	0.58022	0.03861	0.04658	0.01106	0.00670	0.00189	0.00333	0.00959	0.00657	0.00648
18	0.01835	0.01243	0.01394	0.01182	0.01557	0.01350	0.00939	0.12737	0.43164	0.19087	0.06994	0.02235	0.01895	0.00814	0.00615	0.00196	0.00498	0.00670	0.00644	0.00953
19	0.00733	0.00556	0.00677	0.00762	0.00855	0.00499	0.00527	0.00863	0.01253	0.01616	0.08434	0.51399	0.26186	0.01733	0.00747	0.00228	0.00331	0.01536	0.00565	0.00499
20	0.00875	0.00583	0.00656	0.00656	0.00656	0.00583	0.00365	0.00875	0.00875	0.01166	0.01895	0.03937	0.02187	0.78858	0.03062	0.00583	0.00583	0.00875	0.00365	0.00365
21	0.01484	0.01443	0.02523	0.03608	0.69861	0.01436	0.07026	0.01852	0.01373	0.01963	0.01138	0.01499	0.00950	0.00534	0.00604	0.00180	0.00736	0.00549	0.00298	0.00943
22	0.00732	0.00542	0.00680	0.00789	0.00856	0.00494	0.00534	0.00844	0.01190	0.01546	0.03839	0.62483	0.18029	0.03402	0.00804	0.00243	0.00345	0.01605	0.00554	0.00490
23	0.00733	0.00524	0.00698	0.00838	0.00873	0.00489	0.00558	0.00838	0.01152	0.01536	0.03316	0.78466	0.03979	0.01885	0.00768	0.00244	0.00349	0.01710	0.00558	0.00489
24	0.00741	0.00527	0.00696	0.00827	0.00860	0.00494	0.00547	0.00840	0.01135	0.01514	0.03231	0.74032	0.03872	0.06464	0.00904	0.00264	0.00363	0.01660	0.00547	0.00481
25	0.17860	0.00831	0.00903	0.00907	0.01078	0.00875	0.00662	0.11939	0.01373	0.02107	0.02497	0.49462	0.02815	0.02974	0.00707	0.00230	0.00425	0.01233	0.00523	0.00600
26	0.01045	0.00522	0.00784	0.00784	0.00784	0.00522	0.00522	0.00784	0.00784	0.01045	0.01045	0.01829	0.01045	0.02090	0.02351	0.82497	0.00522	0.00522	0.00261	0.00261
27	0.00731	0.00531	0.00690	0.00817	0.00867	0.00490	0.00549	0.00840	0.01172	0.01544	0.03572	0.71760	0.10519	0.01851	0.00763	0.00241	0.00345	0.01670	0.00558	0.00490
28	0.00829	0.00612	0.00774	0.00738	0.00886	0.00557	0.00552	0.01090	0.01643	0.02281	0.63477	0.06480	0.15269	0.01287	0.00711	0.00192	0.00288	0.01128	0.00645	0.00557
29	0.00755	0.00540	0.00708	0.00814	0.00864	0.00504	0.00548	0.00879	0.01216	0.01636	0.12762	0.63645	0.05503	0.05517	0.00870	0.00253	0.00351	0.01579	0.00563	0.00493
30	0.02287	0.01685	0.01805	0.01384	0.01866	0.01866	0.01143	0.73100	0.02828	0.03791	0.01444	0.01444	0.01023	0.00722	0.00602	0.00181	0.00662	0.00542	0.00602	0.01023
31	0.00743	0.00528	0.00695	0.00825	0.00857	0.00495	0.00545	0.00840	0.01132	0.01510	0.03216	0.73213	0.03852	0.07310	0.00930	0.00268	0.00366	0.01651	0.00545	0.00480
32	0.00856	0.00689	0.00954	0.00956	0.01090	0.00662	0.05682	0.01153	0.07957	0.01718	0.07727	0.51496	0.13537	0.01600	0.00738	0.00229	0.00398	0.01446	0.00552	0.00562
33	0.42497	0.01136	0.01132	0.00937	0.01329	0.01207	0.00768	0.10761	0.01497	0.23995	0.06193	0.01605	0.01289	0.00680	0.00491	0.00185	0.00487	0.00489	0.02525	0.00798
34	0.00711	0.00609	0.00609	0.00609	0.00813	0.00508	0.00457	0.00863	0.01371	0.01625	0.06094	0.05789	0.74862	0.01524	0.00711	0.00203	0.00305	0.01270	0.00559	0.00508
35	0.01383	0.01514	0.02942	0.02195	0.02587	0.01636	0.47429	0.01756	0.01242	0.01756	0.01065	0.01514	0.00869	0.00701	0.01160	0.00224	0.28336	0.00645	0.00290	0.00757
36	0.00770	0.00542	0.00697	0.00796	0.00831	0.00513	0.00521	0.00867	0.01137	0.01526	0.08242	0.58263	0.03746	0.17135	0.01220	0.00308	0.00391	0.01499	0.00527	0.00470
37	0.02594	0.01171	0.06636	0.01116	0.01611	0.00920	0.00979	0.02859	0.01690	0.70334	0.02282	0.01993	0.01438	0.00732	0.00603	0.00186	0.00538	0.00594	0.00710	0.01014
38	0.01045	0.00522	0.00784	0.00784	0.00784	0.00522	0.00522	0.00784	0.00784	0.01045	0.01045	0.01829	0.01045	0.02090	0.02351	0.82497	0.00522	0.00522	0.00261	0.00261
39	0.48076	0.01251	0.01506	0.07408	0.27705	0.01377	0.01151	0.01779	0.01160	0.02353	0.00959	0.01205	0.00770	0.00554	0.00468	0.00185	0.00579	0.00416	0.00338	0.00760
40	0.00974	0.00691	0.00800	0.00758	0.00861	0.00684	0.00512	0.07604	0.01338	0.01805	0.21577	0.09275	0.09729	0.38707	0.01839	0.00384	0.00470	0.00995	0.00496	0.00501
41	0.06657	0.00681	0.00961	0.00954	0.01081	0.00794	0.00745	0.01123	0.00971	0.01488	0.01557	0.02266	0.01444	0.04233	0.71110	0.00912	0.01531	0.00622	0.00326	0.00545
42	0.77324	0.01118	0.00877	0.00791	0.01137	0.01291	0.00642	0.01699	0.01007	0.02582	0.00852	0.01037	0.00679	0.00666	0.00512	0.05988	0.00469	0.00340	0.00364	0.00624
43	0.02171	0.02233	0.01702	0.01423	0.01822	0.39939	0.01113	0.30309	0.02107	0.02435	0.01146	0.01242	0.00884	0.00644	0.00557	0.00159	0.00858	0.00446	0.00430	0.08377
44	0.01496	0.01292	0.01360	0.01224	0.01564	0.01496	0.00952	0.03197	0.74019	0.02516	0.02448	0.02244	0.01836	0.00816	0.00612	0.00204	0.00476	0.00680	0.00612	0.00952
45	0.00851	0.00615	0.00804	0.00757	0.00899	0.00568	0.00568	0.01135	0.01703	0.02412	0.74788	0.04494	0.05676	0.01230	0.00710	0.00189	0.00284	0.01088	0.00662	0.00568
46	0.01764	0.01853	0.01483	0.01340	0.01669	0.28178	0.01027	0.02914	0.48274	0.02145	0.01908	0.01832	0.01458	0.00746	0.00587	0.00187	0.00693	0.00576	0.00505	0.00861
47	0.54155	0.21799	0.01567	0.00909	0.01329	0.01669	0.00797	0.08358	0.01243	0.02461	0.00893	0.01017	0.00718	0.00562	0.00397	0.00170	0.00530	0.00345	0.00363	0.00718
48	0.00793	0.00576	0.00761	0.00888	0.00966	0.00544	0.00657	0.00948	0.01233	0.01614	0.03538	0.52855	0.10383	0.01793	0.00779	0.00249	0.00399	0.19960	0.00557	0.00508
49	0.00859	0.00645	0.00967	0.00967	0.01074	0.00752	0.00752	0.01074	0.00967	0.01396	0.01611	0.02363	0.01504	0.04512	0.76474	0.00967	0.01611	0.00645	0.00322	0.00537
50	0.01120	0.01028	0.01467	0.01317	0.01363	0.01375	0.01074	0.01288	0.00941	0.01426	0.01142	0.01765	0.01096	0.02536	0.33927	0.00565	0.45099	0.00577	0.00289	0.00606
51	0.06914	0.01076	0.01739	0.72012	0.03933	0.01337	0.01599	0.01553	0.01190	0.01619	0.01053	0.01560	0.00791	0.00598	0.00585	0.00199	0.00778	0.00520	0.00275	0.00667

[dist]
# distance from previous block
# <min> <max>
3	23

[block]
# block no. 2 follows, 38 sequences, length 8
# corresponding to MSA columns:
# 118-125
name=unknown_C
#
# <colnr> <probs for GDERKNQSTAVLIFYWHMCP>
#	G	D	E	R	K	N	Q	S	T	A	V	L	I	F	Y	W	H	M	C	P
0	0.68697	0.01398	0.01036	0.00917	0.01288	0.10355	0.00741	0.06032	0.01211	0.02617	0.00884	0.01018	0.00688	0.00575	0.00406	0.00182	0.00551	0.00346	0.00378	0.00679
1	0.01420	0.01623	0.03550	0.02535	0.03144	0.01521	0.72921	0.01927	0.01420	0.01927	0.01217	0.01623	0.00913	0.00507	0.00710	0.00203	0.01014	0.00710	0.00304	0.00811
2	0.02247	0.02867	0.01705	0.01550	0.01860	0.76443	0.01162	0.02402	0.01705	0.01472	0.00930	0.01085	0.00775	0.00620	0.00542	0.00155	0.01085	0.00387	0.00310	0.00697
3	0.83108	0.01163	0.00884	0.00791	0.01163	0.01350	0.00651	0.01768	0.01024	0.02699	0.00838	0.00977	0.00651	0.00558	0.00372	0.00186	0.00465	0.00326	0.00372	0.00651
4	0.26031	0.01532	0.01535	0.01210	0.01659	0.01714	0.00999	0.52144	0.02298	0.03470	0.01266	0.01307	0.00914	0.00674	0.00534	0.00182	0.00604	0.00478	0.00534	0.00914
5	0.01564	0.01326	0.01399	0.01238	0.01590	0.01528	0.00969	0.09203	0.67902	0.02626	0.02362	0.02176	0.01766	0.00808	0.00611	0.00202	0.00492	0.00668	0.00611	0.00958
6	0.01372	0.01143	0.01314	0.00950	0.01478	0.00929	0.00764	0.10071	0.01436	0.02179	0.01114	0.01271	0.00907	0.00479	0.00464	0.00100	0.00471	0.00379	0.00386	0.72793
7	0.01555	0.69136	0.12770	0.01120	0.01684	0.02250	0.01187	0.01815	0.01229	0.01480	0.00869	0.01005	0.00771	0.00522	0.00411	0.00137	0.00676	0.00338	0.00257	0.00788

[dist]
# distance from previous block
# <min> <max>
7	21

# created by:
# /software/SequenceAnalysis/GenePrediction/augustus/3.0.1/scripts/msa2prfl.pl ./fixed/BUSCOvEOG77H75G.fas
