[name]
unknown

[dist]
# distance from previous block
# <min> <max>
0	171

[block]
# block no. 0 follows, 41 sequences, length 19
# corresponding to MSA columns:
# 216-234
name=unknown_A
#
# <colnr> <probs for GDERKNQSTAVLIFYWHMCP>
#	G	D	E	R	K	N	Q	S	T	A	V	L	I	F	Y	W	H	M	C	P
0	0.01249	0.19895	0.46751	0.01434	0.02142	0.01474	0.05918	0.01745	0.01203	0.01715	0.00981	0.01160	0.00750	0.00513	0.00497	0.00157	0.00748	0.00401	0.00257	0.11009
1	0.01890	0.01410	0.01529	0.01211	0.01606	0.01552	0.00986	0.55761	0.10416	0.03278	0.12581	0.01887	0.01715	0.00768	0.00588	0.00175	0.00557	0.00607	0.00582	0.00901
2	0.00837	0.00622	0.00882	0.00866	0.00971	0.00690	0.00651	0.01010	0.00917	0.01317	0.01553	0.02448	0.01511	0.16820	0.61350	0.00818	0.01314	0.00636	0.00315	0.04471
3	0.00862	0.00682	0.01082	0.01011	0.01123	0.00653	0.11480	0.00992	0.01068	0.01424	0.02396	0.38112	0.02737	0.22479	0.01372	0.03711	0.00509	0.07398	0.00434	0.00475
4	0.02009	0.01674	0.02036	0.01543	0.02013	0.07365	0.15492	0.54753	0.02346	0.03091	0.01294	0.01381	0.00934	0.00639	0.00588	0.00174	0.00725	0.00536	0.00496	0.00910
5	0.10641	0.02061	0.01796	0.01499	0.01836	0.40649	0.11928	0.11218	0.01572	0.01865	0.00990	0.01196	0.00798	0.00733	0.03225	0.00194	0.06315	0.00444	0.00333	0.00706
6	0.01529	0.01445	0.02234	0.02639	0.42784	0.04589	0.12294	0.12961	0.01524	0.02111	0.01119	0.01387	0.00897	0.00527	0.00566	0.00164	0.00702	0.00511	0.00335	0.09682
7	0.01289	0.01121	0.01879	0.49594	0.26505	0.01269	0.01589	0.01646	0.01228	0.06803	0.01121	0.01520	0.00853	0.00562	0.00570	0.00183	0.00717	0.00513	0.00295	0.00744
8	0.01903	0.02312	0.01600	0.12901	0.02061	0.58125	0.01156	0.02242	0.09406	0.01515	0.01058	0.01222	0.00848	0.00607	0.00531	0.00159	0.00930	0.00419	0.00319	0.00685
9	0.00936	0.00657	0.00820	0.00736	0.00914	0.00584	0.00539	0.01148	0.01399	0.05127	0.45244	0.06587	0.05349	0.14086	0.01005	0.00230	0.00352	0.00905	0.00537	0.12846
10	0.00887	0.00952	0.12083	0.00933	0.01119	0.00698	0.00786	0.06068	0.01225	0.01672	0.06846	0.49879	0.03045	0.09909	0.00923	0.00252	0.00449	0.01250	0.00477	0.00548
11	0.01982	0.02394	0.01642	0.12923	0.02092	0.60995	0.01176	0.07159	0.01624	0.01562	0.00938	0.01129	0.00757	0.00594	0.00528	0.00155	0.00964	0.00399	0.00308	0.00680
12	0.13173	0.00664	0.00779	0.00766	0.00927	0.00656	0.00593	0.01148	0.01429	0.02163	0.46986	0.10481	0.07049	0.01188	0.00646	0.00195	0.00333	0.09717	0.00564	0.00541
13	0.00850	0.00636	0.00942	0.00940	0.01045	0.00733	0.00728	0.01045	0.00940	0.01358	0.01561	0.02285	0.01457	0.04292	0.77263	0.00921	0.01537	0.00622	0.00317	0.00527
14	0.00850	0.00572	0.00652	0.00665	0.00671	0.00564	0.00381	0.00852	0.00881	0.01178	0.01973	0.11854	0.02285	0.71198	0.02680	0.00524	0.00541	0.00925	0.00377	0.00377
15	0.00842	0.00608	0.00788	0.00742	0.00879	0.00559	0.00554	0.01102	0.01636	0.02319	0.75688	0.04300	0.05404	0.01187	0.00687	0.00186	0.00281	0.01042	0.00639	0.00556
16	0.01445	0.01379	0.02337	0.03519	0.75981	0.01374	0.01764	0.01775	0.01321	0.01896	0.01107	0.01458	0.00935	0.00531	0.00579	0.00176	0.00689	0.00519	0.00294	0.00921
17	0.00882	0.00613	0.00799	0.00807	0.00924	0.00575	0.00607	0.01093	0.01445	0.03537	0.45196	0.15818	0.04465	0.07625	0.00891	0.00237	0.00361	0.13000	0.00586	0.00536
18	0.11143	0.01208	0.01419	0.01104	0.01543	0.01201	0.00908	0.25372	0.01917	0.45317	0.01846	0.01696	0.01217	0.00702	0.00564	0.00181	0.00538	0.00537	0.00636	0.00950

[dist]
# distance from previous block
# <min> <max>
0	1

[block]
# block no. 1 follows, 41 sequences, length 17
# corresponding to MSA columns:
# 236-252
name=unknown_B
#
# <colnr> <probs for GDERKNQSTAVLIFYWHMCP>
#	G	D	E	R	K	N	Q	S	T	A	V	L	I	F	Y	W	H	M	C	P
0	0.39126	0.01033	0.01109	0.00898	0.01301	0.01039	0.00741	0.02291	0.01339	0.43407	0.01601	0.01490	0.01058	0.00628	0.00476	0.00177	0.00467	0.00456	0.00549	0.00814
1	0.00994	0.00497	0.00745	0.00745	0.00745	0.00497	0.00497	0.00745	0.00745	0.00994	0.00994	0.01739	0.00994	0.01987	0.02235	0.83358	0.00497	0.00497	0.00248	0.00248
2	0.01423	0.01229	0.01293	0.01164	0.01487	0.01423	0.00905	0.03039	0.75297	0.02393	0.02328	0.02134	0.01746	0.00776	0.00582	0.00194	0.00453	0.00647	0.00582	0.00905
3	0.00770	0.00536	0.00642	0.00690	0.00721	0.00515	0.00430	0.00828	0.00995	0.01320	0.05705	0.32374	0.07750	0.42028	0.01849	0.00394	0.00441	0.01164	0.00440	0.00408
4	0.00968	0.00560	0.00641	0.00657	0.00759	0.00552	0.00468	0.03349	0.01190	0.01857	0.07066	0.20643	0.04059	0.05222	0.00808	0.07859	0.00330	0.00852	0.41664	0.00494
5	0.00696	0.00503	0.00658	0.00783	0.00826	0.00466	0.00525	0.00798	0.01108	0.01465	0.03318	0.74893	0.08308	0.01771	0.00727	0.00230	0.00329	0.01600	0.00531	0.00466
6	0.00697	0.00498	0.00664	0.00796	0.00830	0.00465	0.00531	0.00796	0.01095	0.01460	0.03153	0.79525	0.03783	0.01792	0.00730	0.00232	0.00332	0.01626	0.00531	0.00465
7	0.00868	0.00670	0.00812	0.00883	0.00985	0.00691	0.00619	0.01326	0.18606	0.01680	0.02958	0.61262	0.03302	0.01552	0.00695	0.00223	0.00360	0.01395	0.00543	0.00569
8	0.01186	0.01017	0.01186	0.00847	0.01356	0.00762	0.00678	0.01440	0.01186	0.01864	0.01017	0.01186	0.00847	0.00424	0.00424	0.00085	0.00424	0.00339	0.00339	0.83395
9	0.00832	0.00555	0.00624	0.00624	0.00624	0.00555	0.00347	0.00832	0.00832	0.01109	0.01802	0.03743	0.02080	0.79898	0.02911	0.00555	0.00555	0.00832	0.00347	0.00347
10	0.00681	0.00560	0.00599	0.00631	0.00786	0.00479	0.00457	0.00815	0.01255	0.01525	0.05171	0.22972	0.59033	0.01530	0.00689	0.00202	0.00300	0.01306	0.00531	0.00479
11	0.05967	0.00911	0.01166	0.00974	0.01312	0.00846	0.00772	0.05996	0.04624	0.48483	0.02355	0.20183	0.01927	0.00957	0.00601	0.00190	0.00454	0.00810	0.00637	0.00833
12	0.00720	0.00518	0.00678	0.00776	0.00824	0.00493	0.00524	0.00829	0.01099	0.01468	0.06577	0.60940	0.07326	0.08113	0.05979	0.00299	0.00424	0.01446	0.00506	0.00463
13	0.01697	0.01365	0.01448	0.01219	0.01592	0.01551	0.00972	0.29068	0.48822	0.02835	0.01980	0.01857	0.01464	0.00743	0.00578	0.00186	0.00517	0.00599	0.00578	0.00930
14	0.02069	0.02488	0.01596	0.01430	0.01741	0.64031	0.01084	0.08088	0.09006	0.01673	0.01066	0.01168	0.00856	0.00616	0.00527	0.00154	0.00942	0.00408	0.00345	0.00712
15	0.01162	0.00802	0.01047	0.00957	0.01129	0.00889	0.00741	0.14112	0.01264	0.06131	0.01581	0.02267	0.01432	0.13167	0.49835	0.00696	0.01185	0.00621	0.00382	0.00599
16	0.01304	0.07378	0.01644	0.01316	0.03332	0.01413	0.04890	0.05784	0.04779	0.05336	0.01510	0.06740	0.05054	0.01147	0.06232	0.00257	0.35061	0.00625	0.05529	0.00669

[dist]
# distance from previous block
# <min> <max>
5	15

[block]
# block no. 2 follows, 41 sequences, length 36
# corresponding to MSA columns:
# 268-303
name=unknown_C
#
# <colnr> <probs for GDERKNQSTAVLIFYWHMCP>
#	G	D	E	R	K	N	Q	S	T	A	V	L	I	F	Y	W	H	M	C	P
0	0.01168	0.00777	0.00965	0.00998	0.04372	0.00758	0.00675	0.08097	0.04272	0.09220	0.07381	0.36979	0.06435	0.13830	0.01048	0.00272	0.00445	0.01153	0.00538	0.00617
1	0.00982	0.00638	0.00827	0.00801	0.00941	0.00581	0.00587	0.01191	0.01528	0.08070	0.52461	0.21776	0.04714	0.01310	0.00702	0.00202	0.00323	0.01150	0.00629	0.00586
2	0.05622	0.00616	0.00766	0.00841	0.00927	0.00581	0.00576	0.01048	0.01151	0.07445	0.02911	0.64182	0.03351	0.05996	0.00840	0.00252	0.00383	0.01433	0.00542	0.00537
3	0.01191	0.01130	0.01934	0.64463	0.11405	0.01321	0.06985	0.01557	0.01210	0.01584	0.01089	0.01589	0.00839	0.00596	0.00602	0.00199	0.00785	0.00538	0.00279	0.00702
4	0.01137	0.01055	0.01749	0.77871	0.03956	0.01299	0.01605	0.01499	0.01179	0.01514	0.01073	0.01599	0.00816	0.00609	0.00595	0.00201	0.00779	0.00526	0.00274	0.00664
5	0.00837	0.00602	0.00765	0.00854	0.00922	0.00570	0.00584	0.04425	0.01250	0.01685	0.09023	0.69013	0.03805	0.01714	0.00740	0.00235	0.00362	0.01532	0.00558	0.00526
6	0.01766	0.01297	0.01414	0.01179	0.01513	0.01404	0.00930	0.47768	0.07549	0.02976	0.01937	0.19860	0.01764	0.00987	0.00625	0.00196	0.00547	0.00803	0.04632	0.00853
7	0.01764	0.01363	0.01459	0.01237	0.01610	0.01522	0.00978	0.24388	0.48880	0.06925	0.02083	0.01965	0.01541	0.00781	0.00602	0.00196	0.00527	0.00620	0.00603	0.00956
8	0.00757	0.00541	0.00706	0.00835	0.00874	0.00500	0.00557	0.00840	0.01131	0.01513	0.03189	0.78906	0.03810	0.01818	0.00752	0.00242	0.00352	0.01634	0.00548	0.00495
9	0.00988	0.00611	0.00800	0.00845	0.00949	0.00557	0.00593	0.01117	0.01291	0.10108	0.16951	0.55895	0.03852	0.01578	0.00724	0.00226	0.00358	0.01403	0.00587	0.00566
10	0.00918	0.00680	0.00849	0.00795	0.00950	0.00646	0.00595	0.01280	0.07635	0.02347	0.69430	0.04149	0.05113	0.01169	0.00690	0.00191	0.00306	0.01016	0.00642	0.00599
11	0.57610	0.01130	0.01052	0.00888	0.01273	0.01213	0.00725	0.05249	0.01266	0.22719	0.01275	0.01304	0.00906	0.00623	0.00449	0.00187	0.00482	0.00410	0.00478	0.00760
12	0.01476	0.01266	0.01330	0.01200	0.01526	0.01450	0.00928	0.03063	0.74672	0.02437	0.02372	0.02203	0.01791	0.00811	0.00605	0.00204	0.00472	0.00663	0.00599	0.00932
13	0.02266	0.00933	0.01240	0.00997	0.01379	0.00807	0.00801	0.02458	0.01604	0.62134	0.06197	0.08584	0.06077	0.00896	0.00622	0.00193	0.00471	0.00735	0.00695	0.00909
14	0.00835	0.00642	0.00691	0.00675	0.00854	0.00556	0.00500	0.00998	0.01430	0.01871	0.24038	0.04965	0.50424	0.01356	0.00688	0.00200	0.00314	0.01124	0.07289	0.00548
15	0.01024	0.00520	0.00767	0.00766	0.00769	0.00516	0.00511	0.00769	0.00766	0.01024	0.01024	0.01777	0.01021	0.02000	0.02240	0.82968	0.00507	0.00506	0.00259	0.00266
16	0.00850	0.00631	0.00917	0.00915	0.01012	0.00720	0.00698	0.01028	0.00932	0.01339	0.01581	0.02405	0.01508	0.10434	0.71208	0.00892	0.01458	0.00640	0.00320	0.00513
17	0.04051	0.00664	0.00822	0.00764	0.00945	0.00608	0.00580	0.01258	0.01543	0.09995	0.51393	0.07478	0.14046	0.01186	0.00669	0.00190	0.00320	0.02276	0.00617	0.00593
18	0.03234	0.00606	0.00608	0.00598	0.00740	0.00616	0.00441	0.01413	0.04827	0.02114	0.01883	0.02245	0.01524	0.05929	0.00587	0.00171	0.00310	0.00562	0.71034	0.00557
19	0.01451	0.01248	0.01313	0.01183	0.01508	0.01437	0.00917	0.03052	0.74963	0.02417	0.02352	0.02171	0.01770	0.00795	0.00595	0.00199	0.00463	0.00655	0.00591	0.00919
20	0.09341	0.01671	0.20868	0.04280	0.01806	0.04614	0.01213	0.10443	0.11921	0.18716	0.04162	0.01675	0.01249	0.00743	0.00641	0.04208	0.00625	0.00524	0.00468	0.00834
21	0.01004	0.00734	0.00844	0.00840	0.01003	0.00726	0.00607	0.01442	0.17086	0.06003	0.08899	0.30062	0.19614	0.07346	0.00851	0.00238	0.00380	0.01161	0.00555	0.00605
22	0.00863	0.00577	0.00647	0.00645	0.00648	0.00573	0.00361	0.00855	0.00852	0.01139	0.01828	0.03772	0.02102	0.79540	0.02913	0.00558	0.00564	0.00840	0.00357	0.00363
23	0.01496	0.01064	0.01214	0.01054	0.01283	0.01143	0.00805	0.33289	0.01765	0.04292	0.01921	0.19157	0.01921	0.15493	0.01184	0.04353	0.03412	0.03953	0.00505	0.00694
24	0.01511	0.01638	0.01458	0.01391	0.05178	0.32093	0.03875	0.04241	0.02951	0.01537	0.01242	0.01651	0.01092	0.02129	0.31963	0.00476	0.04088	0.00513	0.00323	0.00647
25	0.00739	0.00603	0.00646	0.00634	0.00816	0.00515	0.00473	0.00905	0.01396	0.01749	0.22306	0.05236	0.59154	0.01399	0.00688	0.00195	0.00296	0.01173	0.00563	0.00512
26	0.01177	0.02970	0.76594	0.01647	0.02491	0.01343	0.02119	0.01830	0.01226	0.01838	0.01056	0.01249	0.00753	0.00563	0.00556	0.00187	0.00854	0.00433	0.00252	0.00860
27	0.01511	0.24351	0.02107	0.01363	0.01558	0.14742	0.01158	0.01648	0.01105	0.01400	0.00817	0.01159	0.00772	0.00801	0.01217	0.00201	0.42713	0.00431	0.00267	0.00679
28	0.00825	0.00612	0.00836	0.00835	0.00945	0.00637	0.00626	0.01015	0.01173	0.01640	0.22293	0.10252	0.08791	0.05969	0.40168	0.00584	0.00946	0.00886	0.00445	0.00522
29	0.01451	0.01248	0.01313	0.01183	0.01508	0.01437	0.00917	0.03052	0.74963	0.02417	0.02352	0.02171	0.01770	0.00795	0.00595	0.00199	0.00463	0.00655	0.00591	0.00919
30	0.83574	0.01126	0.00863	0.00773	0.01128	0.01298	0.00633	0.01701	0.00993	0.02589	0.00827	0.00972	0.00649	0.00551	0.00368	0.00182	0.00453	0.00320	0.00364	0.00635
31	0.05271	0.01629	0.01623	0.02991	0.01752	0.09417	0.01062	0.52731	0.07892	0.03126	0.04155	0.01528	0.01176	0.00718	0.00600	0.00179	0.02178	0.00530	0.00534	0.00906
32	0.01096	0.00556	0.00556	0.00555	0.00691	0.00552	0.00414	0.01354	0.01218	0.02158	0.01892	0.02169	0.01491	0.00686	0.00413	0.00139	0.00278	0.00542	0.82690	0.00549
33	0.00911	0.00663	0.00900	0.00881	0.00975	0.00738	0.00649	0.04186	0.00994	0.01400	0.01622	0.02630	0.01602	0.23548	0.54743	0.00795	0.01247	0.00674	0.00339	0.00505
34	0.04546	0.06123	0.19371	0.01831	0.05931	0.01430	0.27119	0.04662	0.04573	0.10951	0.01281	0.01490	0.00949	0.00606	0.00691	0.00192	0.06515	0.00552	0.00359	0.00829
35	0.02094	0.01615	0.01672	0.01320	0.01753	0.04853	0.01074	0.61294	0.12664	0.03365	0.01513	0.01505	0.01097	0.00714	0.00584	0.00179	0.00631	0.00537	0.00571	0.00965

[dist]
# distance from previous block
# <min> <max>
8	11

[block]
# block no. 3 follows, 41 sequences, length 48
# corresponding to MSA columns:
# 315-362
name=unknown_D
#
# <colnr> <probs for GDERKNQSTAVLIFYWHMCP>
#	G	D	E	R	K	N	Q	S	T	A	V	L	I	F	Y	W	H	M	C	P
0	0.03095	0.00945	0.01258	0.01121	0.01171	0.01197	0.00877	0.01185	0.00908	0.01382	0.01263	0.06703	0.01334	0.19812	0.10149	0.00381	0.39992	0.00646	0.01816	0.04766
1	0.05447	0.05863	0.02336	0.07900	0.02330	0.03620	0.33964	0.04864	0.12262	0.07267	0.01504	0.03111	0.01202	0.00650	0.00612	0.00190	0.00745	0.04974	0.00390	0.00770
2	0.04134	0.08716	0.01749	0.01268	0.01694	0.08831	0.01045	0.50715	0.11126	0.03024	0.01375	0.01380	0.01013	0.00667	0.00544	0.00168	0.00639	0.00493	0.00512	0.00905
3	0.01374	0.01317	0.02246	0.12822	0.67344	0.01348	0.01735	0.01719	0.01283	0.01818	0.01069	0.01429	0.00888	0.00517	0.00567	0.00172	0.00690	0.00509	0.00280	0.00872
4	0.01511	0.01339	0.06351	0.07606	0.03539	0.01231	0.34328	0.01967	0.05858	0.16935	0.05307	0.04850	0.01357	0.00667	0.00691	0.00192	0.04402	0.00672	0.00411	0.00785
5	0.05705	0.01626	0.17193	0.01729	0.02268	0.01265	0.32637	0.06295	0.01422	0.13613	0.04835	0.04705	0.01241	0.00637	0.00635	0.00188	0.02185	0.00632	0.00390	0.00796
6	0.01066	0.00533	0.00533	0.00533	0.00666	0.00533	0.00400	0.01333	0.01200	0.02132	0.01866	0.02132	0.01466	0.00666	0.00400	0.00133	0.00267	0.00533	0.83073	0.00533
7	0.01166	0.04822	0.01794	0.35308	0.02587	0.01480	0.04045	0.01428	0.01070	0.01485	0.05458	0.01550	0.01042	0.00780	0.01115	0.00212	0.33214	0.00534	0.00276	0.00635
8	0.21815	0.01126	0.01753	0.31466	0.12628	0.01252	0.12389	0.01562	0.01150	0.01849	0.01153	0.07277	0.00991	0.00632	0.00544	0.00188	0.00670	0.00569	0.00309	0.00676
9	0.07323	0.01897	0.30462	0.01424	0.05369	0.04776	0.01413	0.05621	0.01404	0.26662	0.01409	0.01446	0.00969	0.00639	0.00643	0.00182	0.06603	0.00477	0.00424	0.00856
10	0.73926	0.01219	0.00943	0.00829	0.01188	0.04879	0.00678	0.07223	0.01134	0.02591	0.00844	0.00968	0.00652	0.00545	0.00378	0.00175	0.00484	0.00328	0.00368	0.00648
11	0.57878	0.00936	0.00804	0.00752	0.01007	0.01065	0.00582	0.01432	0.00954	0.02153	0.01167	0.06267	0.01116	0.13157	0.08442	0.00312	0.00561	0.00500	0.00359	0.00557
12	0.00909	0.00717	0.00963	0.00881	0.00929	0.00793	0.04296	0.00980	0.00906	0.01241	0.01833	0.06762	0.05291	0.50417	0.08092	0.00484	0.12915	0.00810	0.00343	0.00436
13	0.00998	0.00521	0.00791	0.04392	0.00895	0.00533	0.00548	0.00779	0.00764	0.01015	0.00995	0.01729	0.00983	0.01921	0.02157	0.79459	0.00509	0.00497	0.00249	0.00267
14	0.01283	0.06853	0.01958	0.01518	0.01651	0.05179	0.10681	0.01467	0.01033	0.01479	0.04374	0.03433	0.01069	0.00960	0.02694	0.00236	0.52648	0.00559	0.00283	0.00644
15	0.83938	0.01106	0.00841	0.00752	0.01106	0.01283	0.00619	0.01681	0.00973	0.02566	0.00796	0.00929	0.00619	0.00531	0.00354	0.00177	0.00442	0.00310	0.00354	0.00619
16	0.00851	0.00595	0.00709	0.00696	0.00706	0.00630	0.00428	0.00877	0.00843	0.01144	0.01724	0.03473	0.01950	0.68608	0.10127	0.00575	0.04556	0.00794	0.00338	0.00376
17	0.01529	0.80242	0.02997	0.00979	0.01468	0.02263	0.00979	0.01713	0.01162	0.01346	0.00795	0.00918	0.00734	0.00489	0.00367	0.00122	0.00612	0.00306	0.00245	0.00734
18	0.00684	0.00580	0.00591	0.00588	0.00778	0.00486	0.00441	0.00837	0.01323	0.01591	0.10061	0.05430	0.71803	0.01432	0.00676	0.00192	0.00289	0.01197	0.00537	0.00486
19	0.02174	0.01602	0.01717	0.01316	0.01774	0.01774	0.01087	0.74423	0.02689	0.03605	0.01373	0.01373	0.00973	0.00687	0.00572	0.00172	0.00629	0.00515	0.00572	0.00973
20	0.82147	0.01117	0.00860	0.00765	0.01121	0.01294	0.00630	0.03275	0.01011	0.02589	0.00809	0.00939	0.00627	0.00534	0.00359	0.00177	0.00447	0.00314	0.00359	0.00627
21	0.01251	0.01251	0.01752	0.01502	0.01502	0.01752	0.01251	0.01377	0.00876	0.01377	0.00751	0.01251	0.00751	0.01001	0.01877	0.00250	0.78851	0.00501	0.00250	0.00626
22	0.01995	0.01429	0.01525	0.01189	0.01594	0.01573	0.00976	0.62582	0.02448	0.03366	0.01453	0.01496	0.01053	0.00683	0.00544	0.00165	0.00571	0.00518	0.13938	0.00902
23	0.00832	0.00555	0.00624	0.00624	0.00624	0.00555	0.00347	0.00832	0.00832	0.01109	0.01802	0.03743	0.02080	0.79898	0.02911	0.00555	0.00555	0.00832	0.00347	0.00347
24	0.00693	0.00514	0.00646	0.00752	0.00818	0.00468	0.00511	0.00801	0.01138	0.01478	0.03693	0.64396	0.18563	0.01722	0.00719	0.00224	0.00323	0.01540	0.00531	0.00468
25	0.00697	0.00498	0.00664	0.00796	0.00830	0.00465	0.00531	0.00796	0.01095	0.01460	0.03153	0.79525	0.03783	0.01792	0.00730	0.00232	0.00332	0.01626	0.00531	0.00465
26	0.01821	0.01266	0.01404	0.01164	0.01539	0.01377	0.00930	0.27246	0.32470	0.15060	0.02017	0.06528	0.01535	0.00790	0.00584	0.00184	0.00511	0.00644	0.00592	0.02339
27	0.00823	0.00588	0.00793	0.00793	0.00852	0.00647	0.00558	0.00941	0.00882	0.01234	0.01647	0.02885	0.01707	0.36550	0.45750	0.00764	0.01115	0.00706	0.00324	0.00441
28	0.01361	0.00839	0.00902	0.04397	0.01113	0.00897	0.00638	0.20717	0.01592	0.02491	0.01695	0.01903	0.01302	0.00667	0.00454	0.00146	0.00386	0.00527	0.57317	0.00654
29	0.02184	0.01080	0.01328	0.01046	0.01451	0.01041	0.00854	0.18253	0.06564	0.46867	0.05699	0.02209	0.07183	0.00785	0.00587	0.00178	0.00491	0.00635	0.00653	0.00912
30	0.00697	0.00498	0.00664	0.00796	0.00830	0.00465	0.00531	0.00796	0.01095	0.01460	0.03153	0.79525	0.03783	0.01792	0.00730	0.00232	0.00332	0.01626	0.00531	0.00465
31	0.00903	0.00641	0.00847	0.00921	0.01030	0.00636	0.00741	0.03228	0.01289	0.01710	0.11472	0.14800	0.03344	0.13907	0.01098	0.00293	0.00479	0.41644	0.00512	0.00505
32	0.00681	0.00580	0.00586	0.00585	0.00776	0.00485	0.00438	0.00830	0.01315	0.01573	0.08393	0.05459	0.73482	0.01438	0.00676	0.00193	0.00289	0.01201	0.00535	0.00485
33	0.00949	0.00623	0.00821	0.00820	0.00964	0.00583	0.00643	0.01182	0.01450	0.07304	0.39545	0.10401	0.07899	0.05107	0.00809	0.00224	0.00370	0.19175	0.00583	0.00549
34	0.01147	0.02959	0.76934	0.01630	0.02476	0.01328	0.02113	0.01811	0.01208	0.01811	0.01026	0.01208	0.00725	0.00543	0.00543	0.00181	0.00845	0.00423	0.00242	0.00845
35	0.01147	0.02959	0.76934	0.01630	0.02476	0.01328	0.02113	0.01811	0.01208	0.01811	0.01026	0.01208	0.00725	0.00543	0.00543	0.00181	0.00845	0.00423	0.00242	0.00845
36	0.00962	0.00745	0.00919	0.00977	0.01153	0.00762	0.00815	0.01451	0.15178	0.01799	0.03411	0.08172	0.16424	0.01413	0.00728	0.00236	0.00462	0.43267	0.00538	0.00587
37	0.02372	0.01101	0.01388	0.01072	0.01500	0.01046	0.00882	0.19780	0.01887	0.55022	0.06268	0.01943	0.01538	0.00729	0.00580	0.00176	0.00508	0.00587	0.00671	0.00948
38	0.00968	0.00697	0.00869	0.00751	0.00986	0.00598	0.00576	0.01223	0.01503	0.05858	0.50878	0.03586	0.09578	0.01007	0.00616	0.00160	0.00315	0.00875	0.00564	0.18391
39	0.00804	0.00596	0.00769	0.00873	0.00972	0.00577	0.00666	0.01036	0.04780	0.01599	0.03396	0.42550	0.12394	0.01631	0.00736	0.00236	0.00397	0.24947	0.00532	0.00509
40	0.01429	0.01322	0.05256	0.06281	0.05407	0.01503	0.06258	0.10591	0.08747	0.06414	0.01288	0.05920	0.01107	0.00860	0.01154	0.00215	0.34539	0.00595	0.00371	0.00743
41	0.07318	0.08151	0.37046	0.01366	0.01895	0.07188	0.01484	0.07928	0.01308	0.01890	0.04760	0.01453	0.01045	0.04683	0.00801	0.00200	0.09953	0.00470	0.00308	0.00751
42	0.00763	0.00561	0.00716	0.00737	0.00849	0.00515	0.00538	0.00965	0.01409	0.01923	0.42127	0.26899	0.14239	0.01408	0.00696	0.00201	0.00301	0.04061	0.00583	0.00509
43	0.01450	0.01413	0.02266	0.10144	0.58552	0.04906	0.05828	0.05146	0.01370	0.01888	0.01080	0.01413	0.00886	0.00526	0.00571	0.00172	0.00717	0.00513	0.00295	0.00865
44	0.01304	0.01132	0.01339	0.01250	0.05175	0.01240	0.04416	0.02475	0.51509	0.02143	0.02286	0.02481	0.05169	0.06792	0.00767	0.00217	0.00490	0.03758	0.00516	0.05541
45	0.01600	0.40429	0.11701	0.03083	0.01627	0.01657	0.01091	0.04782	0.04771	0.14345	0.05032	0.01653	0.01261	0.00643	0.00484	0.00156	0.00596	0.03920	0.00384	0.00784
46	0.05434	0.01091	0.01679	0.55260	0.09759	0.01301	0.01450	0.09284	0.01302	0.01775	0.01078	0.01510	0.00829	0.00789	0.04970	0.00228	0.00769	0.00505	0.00299	0.00687
47	0.12492	0.01410	0.03317	0.05592	0.01610	0.10041	0.00980	0.29705	0.01745	0.02433	0.01535	0.17519	0.01448	0.00898	0.00668	0.00189	0.06531	0.00698	0.00452	0.00736

[dist]
# distance from previous block
# <min> <max>
0	6

[block]
# block no. 4 follows, 41 sequences, length 65
# corresponding to MSA columns:
# 369-433
name=unknown_E
#
# <colnr> <probs for GDERKNQSTAVLIFYWHMCP>
#	G	D	E	R	K	N	Q	S	T	A	V	L	I	F	Y	W	H	M	C	P
0	0.01352	0.01370	0.01765	0.27724	0.02404	0.09536	0.01374	0.01547	0.01090	0.01473	0.00925	0.01414	0.00818	0.00852	0.01306	0.00231	0.43362	0.00511	0.00280	0.00668
1	0.01511	0.01198	0.01266	0.01206	0.04833	0.08957	0.00892	0.02211	0.27566	0.11342	0.15233	0.02863	0.02383	0.03254	0.00700	0.00207	0.00527	0.08010	0.00557	0.05284
2	0.01895	0.00884	0.01151	0.00942	0.01282	0.00763	0.00746	0.02103	0.01601	0.44593	0.21897	0.05627	0.06309	0.00930	0.00630	0.00186	0.00432	0.00771	0.00665	0.06594
3	0.00764	0.00612	0.00666	0.00690	0.00846	0.00526	0.00497	0.00889	0.01322	0.01649	0.10888	0.22483	0.52993	0.01540	0.00716	0.00213	0.00323	0.01303	0.00560	0.00520
4	0.01751	0.06043	0.01676	0.01369	0.01721	0.23355	0.05220	0.08187	0.39588	0.02166	0.01744	0.01743	0.01346	0.00726	0.00584	0.00187	0.00693	0.00560	0.00484	0.00856
5	0.10765	0.01075	0.01165	0.01039	0.01325	0.01148	0.00801	0.14105	0.23433	0.10446	0.05875	0.17796	0.02092	0.00989	0.00607	0.00202	0.00464	0.00812	0.05064	0.00795
6	0.00805	0.00608	0.00865	0.00932	0.01002	0.00562	0.04634	0.00907	0.01152	0.01545	0.03087	0.74471	0.03654	0.01751	0.00754	0.00242	0.00391	0.01583	0.00538	0.00518
7	0.04186	0.00656	0.00822	0.00793	0.00905	0.00654	0.00571	0.01086	0.01301	0.01883	0.39260	0.03625	0.03601	0.18984	0.18664	0.00441	0.00651	0.00881	0.00503	0.00530
8	0.00935	0.00644	0.00795	0.00768	0.00921	0.00576	0.00565	0.01133	0.01520	0.06195	0.47081	0.15314	0.18657	0.01326	0.00705	0.00202	0.00320	0.01144	0.00620	0.00578
9	0.02595	0.01057	0.01394	0.01080	0.01525	0.00934	0.00883	0.07012	0.01736	0.71703	0.02259	0.01998	0.01448	0.00750	0.00603	0.00189	0.00518	0.00592	0.00719	0.01004
10	0.00769	0.00550	0.00715	0.00843	0.00883	0.00507	0.00562	0.00849	0.01138	0.01524	0.03197	0.78778	0.03815	0.01824	0.00757	0.00244	0.00356	0.01635	0.00552	0.00501
11	0.46709	0.01621	0.01183	0.01048	0.01387	0.22490	0.00822	0.09767	0.01396	0.02382	0.01016	0.01172	0.00806	0.00617	0.00456	0.00178	0.00639	0.00385	0.05225	0.00700
12	0.00971	0.00664	0.00750	0.00740	0.00848	0.00637	0.00501	0.02931	0.04033	0.03374	0.11082	0.15611	0.15404	0.30045	0.01493	0.00335	0.00433	0.01010	0.08622	0.00517
13	0.00765	0.00564	0.00701	0.00806	0.00873	0.00510	0.00545	0.00854	0.01173	0.01538	0.03646	0.66207	0.16097	0.01765	0.00748	0.00237	0.00349	0.01564	0.00552	0.00504
14	0.01323	0.01054	0.01170	0.01070	0.01338	0.01149	0.00826	0.02414	0.47772	0.04664	0.23524	0.03023	0.02907	0.00966	0.00646	0.00205	0.00428	0.04086	0.00617	0.00817
15	0.01021	0.00650	0.00770	0.00762	0.00869	0.00607	0.00522	0.01104	0.01155	0.08325	0.07148	0.14407	0.16150	0.34204	0.03913	0.00384	0.00498	0.05197	0.01801	0.00512
16	0.00814	0.00673	0.00703	0.00689	0.00885	0.00595	0.00512	0.01052	0.06366	0.01748	0.13484	0.06871	0.60672	0.01415	0.00698	0.00205	0.00324	0.01173	0.00566	0.00554
17	0.01062	0.00549	0.00795	0.00793	0.00799	0.00539	0.00528	0.00799	0.00792	0.01062	0.01061	0.01826	0.01056	0.02017	0.02246	0.82479	0.00520	0.00518	0.00272	0.00287
18	0.00855	0.00633	0.00781	0.00746	0.00893	0.00570	0.00553	0.01079	0.01589	0.02201	0.61606	0.06695	0.17037	0.01272	0.00704	0.00196	0.00300	0.01096	0.00630	0.00564
19	0.03531	0.00576	0.00757	0.00777	0.00808	0.00566	0.00516	0.00879	0.00901	0.01276	0.01615	0.17141	0.01737	0.10898	0.01876	0.49720	0.00480	0.00772	0.04807	0.00367
20	0.00991	0.00709	0.00970	0.01097	0.01235	0.00699	0.00948	0.01234	0.01357	0.01773	0.03074	0.06489	0.03329	0.01614	0.00816	0.00275	0.00549	0.71730	0.00547	0.00563
21	0.00902	0.00606	0.00675	0.00673	0.00679	0.00596	0.00379	0.00884	0.00877	0.01177	0.01861	0.03809	0.02130	0.79092	0.02915	0.00563	0.00577	0.00850	0.00369	0.00384
22	0.05563	0.00681	0.00833	0.00875	0.01005	0.00645	0.00618	0.01255	0.04630	0.11177	0.03050	0.57397	0.06868	0.01554	0.00707	0.00230	0.00386	0.01364	0.00567	0.00595
23	0.01153	0.00622	0.00626	0.00616	0.00765	0.00623	0.00459	0.01471	0.05190	0.02203	0.01949	0.02216	0.01538	0.00716	0.00440	0.00149	0.00302	0.00560	0.77813	0.00589
24	0.01487	0.01273	0.01338	0.01207	0.01534	0.01455	0.00932	0.03068	0.74544	0.02447	0.02381	0.02217	0.01800	0.00818	0.00610	0.00206	0.00476	0.00666	0.00602	0.00937
25	0.02431	0.01228	0.01489	0.01162	0.01604	0.01200	0.00948	0.24820	0.06308	0.49190	0.02044	0.01867	0.01357	0.00749	0.00603	0.00189	0.00551	0.00581	0.00678	0.01000
26	0.00868	0.00634	0.00799	0.00759	0.00901	0.00576	0.00563	0.01105	0.01622	0.02277	0.68693	0.06182	0.10298	0.01242	0.00703	0.00194	0.00298	0.01076	0.00640	0.00570
27	0.00888	0.00664	0.00968	0.00965	0.01073	0.00755	0.00744	0.01072	0.00964	0.01393	0.01594	0.02329	0.01488	0.04295	0.76834	0.00924	0.01544	0.00633	0.00330	0.00547
28	0.00902	0.00606	0.00675	0.00673	0.00679	0.00596	0.00379	0.00884	0.00877	0.01177	0.01861	0.03809	0.02130	0.79092	0.02915	0.00563	0.00577	0.00850	0.00369	0.00384
29	0.01318	0.01296	0.01791	0.01541	0.01548	0.01781	0.01274	0.01423	0.00921	0.01441	0.00821	0.01344	0.00816	0.01041	0.01891	0.00262	0.78034	0.00522	0.00274	0.00661
30	0.01816	0.50849	0.02516	0.01206	0.01625	0.30074	0.01051	0.01967	0.01373	0.01431	0.00898	0.01056	0.00800	0.00572	0.00452	0.00144	0.00788	0.00352	0.00287	0.00742
31	0.00900	0.00686	0.00819	0.00801	0.00962	0.00592	0.00555	0.01009	0.01154	0.01592	0.04888	0.39058	0.10863	0.13814	0.01026	0.00256	0.00406	0.01160	0.00483	0.18977
32	0.01920	0.01421	0.01596	0.01261	0.01659	0.01516	0.03673	0.53522	0.03560	0.04794	0.01881	0.05825	0.06549	0.05203	0.00745	0.00209	0.00609	0.00663	0.00562	0.02832
33	0.01419	0.08721	0.03154	0.02193	0.02689	0.01593	0.57417	0.01805	0.01312	0.01789	0.01138	0.01538	0.00904	0.00595	0.00829	0.00206	0.10975	0.00638	0.00304	0.00783
34	0.01480	0.01402	0.02355	0.03529	0.75574	0.01392	0.01773	0.01798	0.01343	0.01928	0.01143	0.01507	0.00969	0.00555	0.00595	0.00182	0.00700	0.00531	0.00307	0.00938
35	0.00809	0.00570	0.00727	0.00727	0.00843	0.00523	0.00525	0.01010	0.01418	0.03701	0.45125	0.23337	0.12123	0.04973	0.00790	0.00212	0.00306	0.01182	0.00583	0.00516
36	0.00780	0.00540	0.00642	0.00680	0.00709	0.00522	0.00420	0.00834	0.00984	0.01310	0.06703	0.27291	0.06885	0.46905	0.01985	0.00413	0.00455	0.01110	0.00430	0.00402
37	0.83938	0.01106	0.00841	0.00752	0.01106	0.01283	0.00619	0.01681	0.00973	0.02566	0.00796	0.00929	0.00619	0.00531	0.00354	0.00177	0.00442	0.00310	0.00354	0.00619
38	0.01533	0.01235	0.01320	0.01164	0.01502	0.01409	0.00912	0.07124	0.66815	0.06813	0.02269	0.02079	0.01682	0.00767	0.00581	0.00192	0.00465	0.00635	0.00589	0.00913
39	0.01060	0.00640	0.00821	0.00843	0.00970	0.00604	0.00604	0.05106	0.01279	0.12292	0.05349	0.51930	0.06572	0.05698	0.00813	0.00236	0.00384	0.03683	0.00552	0.00564
40	0.00942	0.00605	0.00663	0.00640	0.00712	0.00606	0.00411	0.04641	0.01078	0.01555	0.05985	0.03390	0.06394	0.49140	0.01973	0.00399	0.00462	0.00781	0.19185	0.00439
41	0.75515	0.01092	0.00891	0.00780	0.01143	0.01237	0.00642	0.01796	0.01042	0.10243	0.00948	0.01035	0.00702	0.00549	0.00377	0.00177	0.00447	0.00337	0.00391	0.00656
42	0.00711	0.00524	0.00668	0.00770	0.00840	0.00482	0.00536	0.00835	0.01168	0.01529	0.07234	0.59502	0.15916	0.01692	0.00721	0.00225	0.00332	0.05303	0.00536	0.00475
43	0.00888	0.00587	0.00762	0.00835	0.00918	0.00559	0.00579	0.04846	0.01227	0.06005	0.05163	0.68591	0.03543	0.01651	0.00711	0.00224	0.00355	0.01488	0.00546	0.00524
44	0.49557	0.01174	0.01123	0.00923	0.01317	0.01281	0.00761	0.16266	0.01461	0.19420	0.01238	0.01245	0.00868	0.00601	0.00447	0.00176	0.00489	0.00410	0.00476	0.00769
45	0.00994	0.00497	0.00745	0.00745	0.00745	0.00497	0.00497	0.00745	0.00745	0.00994	0.00994	0.01739	0.00994	0.01987	0.02235	0.83358	0.00497	0.00497	0.00248	0.00248
46	0.00855	0.00668	0.00992	0.00970	0.01063	0.00805	0.00762	0.01052	0.00915	0.01332	0.01464	0.02160	0.01371	0.04004	0.71038	0.00861	0.08262	0.00603	0.00302	0.00521
47	0.53829	0.00977	0.00876	0.00808	0.01111	0.01078	0.00649	0.01671	0.04803	0.08940	0.01673	0.10710	0.05427	0.00812	0.00470	0.00190	0.00430	0.04474	0.00437	0.00635
48	0.01423	0.01229	0.01293	0.01164	0.01487	0.01423	0.00905	0.03039	0.75297	0.02393	0.02328	0.02134	0.01746	0.00776	0.00582	0.00194	0.00453	0.00647	0.00582	0.00905
49	0.00817	0.00613	0.00919	0.00919	0.01021	0.00715	0.00715	0.01021	0.00919	0.01328	0.01532	0.02247	0.01430	0.04290	0.77631	0.00919	0.01532	0.00613	0.00306	0.00511
50	0.43812	0.01119	0.02134	0.29793	0.10021	0.01287	0.01112	0.01609	0.01073	0.02077	0.00909	0.01203	0.00703	0.00544	0.00459	0.00181	0.00590	0.00405	0.00308	0.00658
51	0.00877	0.00613	0.00831	0.00771	0.00855	0.00609	0.04148	0.00997	0.01086	0.01533	0.20180	0.03365	0.02666	0.37570	0.10603	0.05028	0.00592	0.00809	0.06425	0.00443
52	0.00994	0.00497	0.00745	0.00745	0.00745	0.00497	0.00497	0.00745	0.00745	0.00994	0.00994	0.01739	0.00994	0.01987	0.02235	0.83358	0.00497	0.00497	0.00248	0.00248
53	0.00817	0.00613	0.00919	0.00919	0.01021	0.00715	0.00715	0.01021	0.00919	0.01328	0.01532	0.02247	0.01430	0.04290	0.77631	0.00919	0.01532	0.00613	0.00306	0.00511
54	0.00813	0.00654	0.00986	0.03250	0.01166	0.00605	0.07138	0.00971	0.01131	0.01533	0.02723	0.62162	0.03169	0.01516	0.00695	0.00215	0.00412	0.02629	0.00484	0.07745
55	0.01382	0.01339	0.02327	0.10056	0.65903	0.01356	0.05745	0.01734	0.01291	0.01831	0.01075	0.01432	0.00891	0.00514	0.00573	0.00173	0.00703	0.00519	0.00281	0.00875
56	0.01673	0.01149	0.01363	0.05148	0.01603	0.01078	0.00864	0.22624	0.01688	0.15066	0.01446	0.05645	0.01135	0.00630	0.00517	0.00139	0.00507	0.00509	0.00475	0.36742
57	0.00834	0.00554	0.00657	0.00670	0.00691	0.00550	0.00412	0.00843	0.00889	0.01176	0.02071	0.07781	0.06198	0.58610	0.04657	0.07968	0.00550	0.04160	0.00365	0.00365
58	0.02174	0.01602	0.01717	0.01316	0.01774	0.01774	0.01087	0.74423	0.02689	0.03605	0.01373	0.01373	0.00973	0.00687	0.00572	0.00172	0.00629	0.00515	0.00572	0.00973
59	0.01186	0.01017	0.01186	0.00847	0.01356	0.00762	0.00678	0.01440	0.01186	0.01864	0.01017	0.01186	0.00847	0.00424	0.00424	0.00085	0.00424	0.00339	0.00339	0.83395
60	0.81857	0.01104	0.00863	0.02706	0.01177	0.01283	0.00644	0.01676	0.00978	0.02539	0.00802	0.00944	0.00623	0.00532	0.00359	0.00177	0.00451	0.00315	0.00351	0.00620
61	0.00697	0.00498	0.00664	0.00796	0.00830	0.00465	0.00531	0.00796	0.01095	0.01460	0.03153	0.79525	0.03783	0.01792	0.00730	0.00232	0.00332	0.01626	0.00531	0.00465
62	0.01186	0.01017	0.01186	0.00847	0.01356	0.00762	0.00678	0.01440	0.01186	0.01864	0.01017	0.01186	0.00847	0.00424	0.00424	0.00085	0.00424	0.00339	0.00339	0.83395
63	0.01143	0.00971	0.01141	0.00843	0.01310	0.00737	0.00665	0.01384	0.01178	0.01829	0.01203	0.08019	0.01103	0.00543	0.00450	0.00098	0.00416	0.00451	0.00356	0.76161
64	0.01355	0.01368	0.02763	0.07011	0.07511	0.01307	0.50482	0.01763	0.01314	0.05917	0.01300	0.06006	0.01057	0.00587	0.00675	0.00188	0.02795	0.00679	0.00326	0.05598

[dist]
# distance from previous block
# <min> <max>
0	13

# created by:
# /software/SequenceAnalysis/GenePrediction/augustus/3.0.1/scripts/msa2prfl.pl ./fixed/BUSCOvEOG7BVT8K.fas
