[name]
unknown

[dist]
# distance from previous block
# <min> <max>
0	90

[block]
# block no. 0 follows, 38 sequences, length 30
# corresponding to MSA columns:
# 94-123
name=unknown_A
#
# <colnr> <probs for GDERKNQSTAVLIFYWHMCP>
#	G	D	E	R	K	N	Q	S	T	A	V	L	I	F	Y	W	H	M	C	P
0	0.00962	0.00690	0.00959	0.01093	0.01234	0.00687	0.00954	0.01235	0.01384	0.01795	0.03271	0.06756	0.05577	0.01658	0.00827	0.00275	0.00547	0.68990	0.00554	0.00553
1	0.01411	0.01597	0.03404	0.02454	0.03010	0.01549	0.66806	0.01886	0.01377	0.01886	0.01181	0.01597	0.00902	0.00554	0.00818	0.00208	0.07568	0.00694	0.00301	0.00798
2	0.02699	0.01024	0.01396	0.01070	0.01536	0.00884	0.00884	0.02932	0.01722	0.75522	0.02373	0.02048	0.01489	0.00745	0.00605	0.00186	0.00512	0.00605	0.00745	0.01024
3	0.00711	0.00609	0.00609	0.00609	0.00813	0.00508	0.00457	0.00863	0.01371	0.01625	0.06094	0.05789	0.74862	0.01524	0.00711	0.00203	0.00305	0.01270	0.00559	0.00508
4	0.00740	0.00534	0.00703	0.00835	0.00883	0.00497	0.00568	0.00854	0.01172	0.01550	0.03462	0.71923	0.07824	0.01857	0.00767	0.00243	0.00354	0.04183	0.00558	0.00492
5	0.01927	0.41947	0.02474	0.01243	0.01698	0.20933	0.01089	0.18527	0.01717	0.01982	0.01001	0.01107	0.00831	0.00589	0.00476	0.00147	0.00759	0.00389	0.00351	0.00812
6	0.02699	0.01024	0.01396	0.01070	0.01536	0.00884	0.00884	0.02932	0.01722	0.75522	0.02373	0.02048	0.01489	0.00745	0.00605	0.00186	0.00512	0.00605	0.00745	0.01024
7	0.01904	0.01495	0.01590	0.01307	0.01720	0.01687	0.01051	0.39291	0.37260	0.03175	0.01930	0.01831	0.01416	0.00768	0.00607	0.00192	0.00572	0.00609	0.00607	0.00989
8	0.04117	0.00965	0.01256	0.00999	0.01389	0.00870	0.00812	0.06288	0.01745	0.52440	0.16210	0.02635	0.05802	0.00869	0.00624	0.00187	0.00466	0.00719	0.00703	0.00903
9	0.19678	0.01549	0.01477	0.01225	0.01624	0.09526	0.01005	0.38075	0.02092	0.06991	0.01507	0.01946	0.01219	0.00784	0.00572	0.00190	0.00644	0.08518	0.00523	0.00854
10	0.01384	0.01640	0.07387	0.02269	0.02754	0.01588	0.52396	0.01816	0.01297	0.01816	0.01111	0.01532	0.00876	0.00636	0.00991	0.00216	0.18567	0.00652	0.00292	0.00781
11	0.38166	0.20611	0.19555	0.01097	0.01635	0.01600	0.01143	0.03276	0.01200	0.05615	0.00979	0.01104	0.00754	0.00563	0.00439	0.00173	0.00617	0.00371	0.00338	0.00763
12	0.01238	0.02895	0.65220	0.01834	0.02682	0.01415	0.12526	0.01908	0.01292	0.01908	0.01100	0.01321	0.00784	0.00562	0.00592	0.00192	0.00907	0.00483	0.00261	0.00878
13	0.01050	0.00841	0.01000	0.02374	0.01169	0.00708	0.00611	0.01223	0.01124	0.01646	0.01762	0.08882	0.05071	0.22881	0.05369	0.00297	0.00540	0.00681	0.00382	0.42389
14	0.00746	0.00598	0.00667	0.00676	0.00841	0.00519	0.00497	0.00921	0.01415	0.01791	0.21286	0.16087	0.48823	0.01509	0.00719	0.00206	0.00306	0.01293	0.00582	0.00519
15	0.01386	0.01454	0.02809	0.02665	0.26080	0.01404	0.39446	0.01887	0.05780	0.01949	0.01680	0.01973	0.07297	0.00622	0.00667	0.00195	0.00824	0.00700	0.00342	0.00840
16	0.01268	0.16556	0.60858	0.01567	0.02370	0.01550	0.01967	0.01866	0.01273	0.01832	0.03001	0.01302	0.00895	0.00579	0.00542	0.00179	0.00829	0.00440	0.00265	0.00860
17	0.00767	0.00570	0.00765	0.00881	0.00914	0.00568	0.00603	0.00873	0.01138	0.01531	0.03168	0.73947	0.03792	0.01836	0.00838	0.00245	0.04883	0.01641	0.00541	0.00499
18	0.00740	0.00526	0.00696	0.00829	0.00862	0.00493	0.00549	0.00839	0.01138	0.01518	0.03247	0.74876	0.03892	0.05592	0.00878	0.00261	0.00360	0.01670	0.00549	0.00483
19	0.00835	0.00614	0.00782	0.00740	0.00889	0.00561	0.00555	0.01104	0.01665	0.02322	0.66870	0.04643	0.13651	0.01264	0.00710	0.00191	0.00286	0.01109	0.00650	0.00561
20	0.01773	0.01567	0.01498	0.01293	0.01656	0.11016	0.01015	0.21722	0.43036	0.02688	0.02021	0.04807	0.01567	0.00807	0.00607	0.00193	0.00598	0.00646	0.00569	0.00921
21	0.01261	0.01248	0.01648	0.01435	0.01489	0.06044	0.03711	0.01406	0.00999	0.01443	0.01115	0.05350	0.01136	0.07336	0.10609	0.00360	0.51868	0.00622	0.00296	0.00621
22	0.58543	0.01172	0.01104	0.07449	0.01524	0.01318	0.00808	0.07048	0.01271	0.13291	0.01125	0.01221	0.00813	0.00601	0.00442	0.00187	0.00515	0.00400	0.00434	0.00734
23	0.01489	0.01429	0.02442	0.03692	0.75106	0.01429	0.01846	0.01846	0.01370	0.01965	0.01132	0.01489	0.00953	0.00536	0.00596	0.00179	0.00715	0.00536	0.00298	0.00953
24	0.00828	0.00683	0.00703	0.00694	0.00898	0.00574	0.00513	0.00965	0.01461	0.01792	0.12878	0.05725	0.67001	0.01544	0.00749	0.00219	0.00338	0.01271	0.00598	0.00566
25	0.01300	0.01109	0.01300	0.00944	0.01453	0.00898	0.00760	0.04919	0.01309	0.02025	0.01075	0.01260	0.00893	0.00485	0.00519	0.00101	0.03812	0.00373	0.00364	0.75102
26	0.01300	0.01054	0.01132	0.01029	0.01322	0.01148	0.00796	0.02437	0.46847	0.05340	0.10973	0.03279	0.18782	0.01018	0.00645	0.00202	0.00418	0.00854	0.00611	0.00814
27	0.00733	0.00524	0.00698	0.00838	0.00873	0.00489	0.00558	0.00838	0.01152	0.01536	0.03316	0.78466	0.03979	0.01885	0.00768	0.00244	0.00349	0.01710	0.00558	0.00489
28	0.00808	0.00613	0.00743	0.00711	0.00872	0.00549	0.00533	0.01050	0.01599	0.02167	0.53340	0.04898	0.27278	0.01322	0.00710	0.00194	0.00290	0.01145	0.00630	0.00549
29	0.08248	0.02244	0.39751	0.01679	0.02240	0.01509	0.10223	0.01760	0.01183	0.01865	0.02460	0.01363	0.00875	0.00703	0.00944	0.00211	0.21168	0.00500	0.00281	0.00792

[dist]
# distance from previous block
# <min> <max>
6	11

[block]
# block no. 1 follows, 38 sequences, length 75
# corresponding to MSA columns:
# 135-209
name=unknown_B
#
# <colnr> <probs for GDERKNQSTAVLIFYWHMCP>
#	G	D	E	R	K	N	Q	S	T	A	V	L	I	F	Y	W	H	M	C	P
0	0.00844	0.00615	0.00793	0.00749	0.00894	0.00564	0.00561	0.01120	0.01684	0.02369	0.70982	0.04565	0.09509	0.01246	0.00710	0.00190	0.00285	0.01098	0.00656	0.00564
1	0.00864	0.00579	0.00659	0.00670	0.00673	0.00576	0.00380	0.00872	0.00896	0.01195	0.02006	0.09716	0.02326	0.72890	0.02884	0.00557	0.00565	0.00940	0.00380	0.00374
2	0.01247	0.01069	0.01247	0.00891	0.01426	0.00802	0.00713	0.01515	0.01247	0.01960	0.01069	0.01247	0.00891	0.00446	0.00446	0.00089	0.00446	0.00356	0.00356	0.82536
3	0.00861	0.00659	0.00858	0.00891	0.04972	0.00604	0.00618	0.01124	0.01623	0.02242	0.58008	0.04568	0.18229	0.01246	0.00704	0.00191	0.00311	0.01091	0.00623	0.00578
4	0.00737	0.00530	0.00692	0.00818	0.00861	0.00493	0.00546	0.00840	0.01154	0.01527	0.03416	0.71704	0.07818	0.04712	0.00850	0.00255	0.00355	0.01655	0.00551	0.00485
5	0.01121	0.00561	0.00561	0.00561	0.00701	0.00561	0.00421	0.01402	0.01262	0.02243	0.01962	0.02243	0.01542	0.00701	0.00421	0.00140	0.00280	0.00561	0.82198	0.00561
6	0.01298	0.01321	0.02502	0.38463	0.17589	0.01415	0.25151	0.01725	0.01307	0.01748	0.01130	0.01588	0.00868	0.00558	0.00636	0.00197	0.00855	0.00593	0.00285	0.00771
7	0.00752	0.00538	0.00715	0.00825	0.00877	0.00501	0.00560	0.00885	0.01239	0.01674	0.14624	0.66762	0.04247	0.01781	0.00759	0.00236	0.00339	0.01612	0.00575	0.00501
8	0.01265	0.04649	0.57657	0.01883	0.02700	0.01449	0.18154	0.01908	0.01303	0.01898	0.01105	0.01342	0.00796	0.00556	0.00598	0.00192	0.00911	0.00501	0.00265	0.00869
9	0.01608	0.79220	0.03152	0.01029	0.01544	0.02380	0.01029	0.01801	0.01222	0.01415	0.00836	0.00965	0.00772	0.00515	0.00386	0.00129	0.00643	0.00322	0.00257	0.00772
10	0.00875	0.00583	0.00656	0.00656	0.00656	0.00583	0.00365	0.00875	0.00875	0.01166	0.01895	0.03937	0.02187	0.78858	0.03062	0.00583	0.00583	0.00875	0.00365	0.00365
11	0.01628	0.01818	0.05342	0.06088	0.47133	0.18631	0.04386	0.01953	0.01422	0.01813	0.01072	0.01391	0.00891	0.00576	0.00633	0.00178	0.03380	0.00504	0.00297	0.00865
12	0.01247	0.01069	0.01247	0.00891	0.01426	0.00802	0.00713	0.01515	0.01247	0.01960	0.01069	0.01247	0.00891	0.00446	0.00446	0.00089	0.00446	0.00356	0.00356	0.82536
13	0.01418	0.01540	0.06033	0.02637	0.25876	0.01423	0.35253	0.04177	0.01407	0.01969	0.01263	0.04935	0.01053	0.00601	0.00692	0.00191	0.03277	0.00656	0.00323	0.05272
14	0.02226	0.02432	0.01769	0.01593	0.05110	0.49672	0.01187	0.24602	0.02043	0.02223	0.01101	0.01216	0.00861	0.00648	0.00563	0.00164	0.00935	0.00442	0.00401	0.00811
15	0.01529	0.01309	0.01379	0.01231	0.01577	0.01512	0.00960	0.06121	0.71041	0.02570	0.02406	0.02211	0.01802	0.00812	0.00612	0.00203	0.00484	0.00674	0.00612	0.00955
16	0.00867	0.00580	0.00658	0.00666	0.00668	0.00578	0.00375	0.00873	0.00890	0.01187	0.01974	0.08066	0.02286	0.74594	0.02935	0.00564	0.00570	0.00921	0.00375	0.00371
17	0.01228	0.01071	0.01294	0.00977	0.01415	0.00920	0.00783	0.01469	0.01200	0.01870	0.01157	0.05511	0.01048	0.00604	0.00662	0.00120	0.10475	0.00453	0.00355	0.67388
18	0.00718	0.00583	0.00637	0.00680	0.00831	0.00502	0.00488	0.00855	0.01303	0.01597	0.05235	0.28257	0.52949	0.01635	0.00729	0.00216	0.00318	0.01406	0.00559	0.00502
19	0.00859	0.00645	0.00967	0.00967	0.01074	0.00752	0.00752	0.01074	0.00967	0.01396	0.01611	0.02363	0.01504	0.04512	0.76474	0.00967	0.01611	0.00645	0.00322	0.00537
20	0.00952	0.00680	0.00949	0.01081	0.01214	0.00677	0.00933	0.01220	0.01382	0.01806	0.05570	0.10681	0.03564	0.01660	0.00823	0.00272	0.00534	0.64892	0.00558	0.00551
21	0.00846	0.00611	0.00799	0.00761	0.00898	0.00564	0.00567	0.01121	0.01677	0.02372	0.71471	0.07927	0.05597	0.01260	0.00712	0.00192	0.00287	0.01117	0.00657	0.00564
22	0.00789	0.00599	0.00727	0.00724	0.00868	0.00537	0.00532	0.01004	0.01513	0.02029	0.42179	0.16665	0.26794	0.01425	0.00719	0.00202	0.00301	0.01243	0.00614	0.00537
23	0.01294	0.01286	0.01838	0.10694	0.01888	0.01782	0.01359	0.01458	0.00955	0.01458	0.00823	0.01351	0.00791	0.00999	0.01809	0.00256	0.68508	0.00527	0.00264	0.00659
24	0.01296	0.01286	0.01804	0.01552	0.01557	0.01794	0.01291	0.01431	0.00923	0.01445	0.00826	0.01362	0.00821	0.01206	0.05271	0.00294	0.74388	0.00532	0.00266	0.00653
25	0.01207	0.03112	0.75741	0.01715	0.02604	0.01397	0.02223	0.01905	0.01270	0.01905	0.01080	0.01270	0.00762	0.00572	0.00572	0.00191	0.00889	0.00445	0.00254	0.00889
26	0.02699	0.01024	0.01396	0.01070	0.01536	0.00884	0.00884	0.02932	0.01722	0.75522	0.02373	0.02048	0.01489	0.00745	0.00605	0.00186	0.00512	0.00605	0.00745	0.01024
27	0.02042	0.01564	0.01668	0.01335	0.01772	0.01751	0.01084	0.51490	0.24836	0.03397	0.01755	0.01692	0.01274	0.00751	0.00605	0.00188	0.00605	0.00584	0.00605	0.01001
28	0.00724	0.00605	0.00631	0.00635	0.00823	0.00512	0.00472	0.00885	0.01388	0.01688	0.11860	0.09704	0.64972	0.01518	0.00714	0.00204	0.00305	0.01278	0.00568	0.00512
29	0.00761	0.00619	0.00632	0.00623	0.00831	0.00518	0.00469	0.00918	0.01387	0.03369	0.07518	0.05674	0.71626	0.01499	0.00708	0.00202	0.00309	0.01250	0.00565	0.00521
30	0.02247	0.02867	0.01705	0.01550	0.01860	0.76443	0.01162	0.02402	0.01705	0.01472	0.00930	0.01085	0.00775	0.00620	0.00542	0.00155	0.01085	0.00387	0.00310	0.00697
31	0.00733	0.00524	0.00698	0.00838	0.00873	0.00489	0.00558	0.00838	0.01152	0.01536	0.03316	0.78466	0.03979	0.01885	0.00768	0.00244	0.00349	0.01710	0.00558	0.00489
32	0.00733	0.00524	0.00698	0.00838	0.00873	0.00489	0.00558	0.00838	0.01152	0.01536	0.03316	0.78466	0.03979	0.01885	0.00768	0.00244	0.00349	0.01710	0.00558	0.00489
33	0.01207	0.03112	0.75741	0.01715	0.02604	0.01397	0.02223	0.01905	0.01270	0.01905	0.01080	0.01270	0.00762	0.00572	0.00572	0.00191	0.00889	0.00445	0.00254	0.00889
34	0.01496	0.01292	0.01360	0.01224	0.01564	0.01496	0.00952	0.03197	0.74019	0.02516	0.02448	0.02244	0.01836	0.00816	0.00612	0.00204	0.00476	0.00680	0.00612	0.00952
35	0.00814	0.00613	0.00752	0.00717	0.00876	0.00552	0.00538	0.01063	0.01614	0.02202	0.56432	0.04840	0.24163	0.01308	0.00710	0.00193	0.00289	0.01136	0.00635	0.00552
36	0.00880	0.00598	0.00717	0.00755	0.00783	0.00595	0.00492	0.00939	0.00992	0.01315	0.02257	0.11041	0.02578	0.57952	0.02452	0.00497	0.00557	0.13773	0.00416	0.00410
37	0.00872	0.00596	0.00721	0.00721	0.00743	0.00618	0.00445	0.00916	0.00894	0.01214	0.01837	0.03611	0.02045	0.63444	0.18282	0.00663	0.00796	0.00827	0.00356	0.00400
38	0.01316	0.01316	0.01843	0.01579	0.01579	0.01843	0.01316	0.01448	0.00921	0.01448	0.00790	0.01316	0.00790	0.01053	0.01974	0.00263	0.77757	0.00526	0.00263	0.00658
39	0.01477	0.01417	0.02421	0.06146	0.72744	0.01426	0.01840	0.01836	0.01364	0.01951	0.01129	0.01493	0.00948	0.00538	0.00596	0.00179	0.00718	0.00536	0.00297	0.00943
40	0.01277	0.16358	0.63107	0.01595	0.02419	0.01568	0.02015	0.01887	0.01262	0.01820	0.01037	0.01217	0.00764	0.00562	0.00539	0.00180	0.00846	0.00423	0.00255	0.00869
41	0.01274	0.00884	0.01044	0.00900	0.01148	0.00876	0.00704	0.17699	0.01919	0.07044	0.44645	0.03816	0.13381	0.01122	0.00679	0.00189	0.00387	0.00957	0.00640	0.00692
42	0.01186	0.00623	0.00629	0.00606	0.00765	0.00633	0.00460	0.05352	0.01348	0.02328	0.01934	0.02199	0.01513	0.00702	0.00431	0.00142	0.00301	0.00560	0.77702	0.00586
43	0.01254	0.12087	0.67181	0.01634	0.02479	0.01513	0.02082	0.01893	0.01264	0.01847	0.01051	0.01234	0.00763	0.00565	0.00550	0.00183	0.00860	0.00430	0.00254	0.00875
44	0.02348	0.01517	0.01693	0.01306	0.01777	0.01625	0.01076	0.54090	0.05560	0.20175	0.01699	0.01616	0.01164	0.00731	0.00603	0.00183	0.00620	0.00562	0.00635	0.01020
45	0.02699	0.01024	0.01396	0.01070	0.01536	0.00884	0.00884	0.02932	0.01722	0.75522	0.02373	0.02048	0.01489	0.00745	0.00605	0.00186	0.00512	0.00605	0.00745	0.01024
46	0.05800	0.18260	0.57066	0.01526	0.02312	0.01592	0.01897	0.01877	0.01247	0.01851	0.01017	0.01193	0.00758	0.00559	0.00523	0.00178	0.00816	0.00413	0.00261	0.00853
47	0.01618	0.74104	0.06153	0.01059	0.01588	0.02302	0.01076	0.01834	0.01237	0.03260	0.00884	0.01004	0.00789	0.00523	0.00399	0.00133	0.00650	0.00334	0.00269	0.00783
48	0.01660	0.01314	0.01423	0.01265	0.03275	0.01480	0.00973	0.19678	0.47029	0.04271	0.02182	0.04933	0.01680	0.00820	0.00604	0.00195	0.00511	0.00675	0.05098	0.00931
49	0.00820	0.00628	0.00755	0.00740	0.00895	0.00576	0.00548	0.01098	0.04293	0.02080	0.43243	0.13446	0.25908	0.01378	0.00713	0.00200	0.00305	0.01199	0.00617	0.00555
50	0.00733	0.00524	0.00698	0.00838	0.00873	0.00489	0.00558	0.00838	0.01152	0.01536	0.03316	0.78466	0.03979	0.01885	0.00768	0.00244	0.00349	0.01710	0.00558	0.00489
51	0.01608	0.79220	0.03152	0.01029	0.01544	0.02380	0.01029	0.01801	0.01222	0.01415	0.00836	0.00965	0.00772	0.00515	0.00386	0.00129	0.00643	0.00322	0.00257	0.00772
52	0.00733	0.00524	0.00698	0.00838	0.00873	0.00489	0.00558	0.00838	0.01152	0.01536	0.03316	0.78466	0.03979	0.01885	0.00768	0.00244	0.00349	0.01710	0.00558	0.00489
53	0.00815	0.00613	0.00754	0.00719	0.00876	0.00552	0.00539	0.01065	0.01617	0.02208	0.56990	0.04829	0.23602	0.01306	0.00710	0.00193	0.00289	0.01135	0.00635	0.00552
54	0.01608	0.79220	0.03152	0.01029	0.01544	0.02380	0.01029	0.01801	0.01222	0.01415	0.00836	0.00965	0.00772	0.00515	0.00386	0.00129	0.00643	0.00322	0.00257	0.00772
55	0.00859	0.00645	0.00967	0.00967	0.01074	0.00752	0.00752	0.01074	0.00967	0.01396	0.01611	0.02363	0.01504	0.04512	0.76474	0.00967	0.01611	0.00645	0.00322	0.00537
56	0.01186	0.00623	0.00630	0.00606	0.00765	0.00633	0.00461	0.05374	0.01348	0.02329	0.01934	0.02199	0.01513	0.00702	0.00431	0.00142	0.00301	0.00560	0.77677	0.00586
57	0.01316	0.01316	0.01843	0.01579	0.01579	0.01843	0.01316	0.01448	0.00921	0.01448	0.00790	0.01316	0.00790	0.01053	0.01974	0.00263	0.77757	0.00526	0.00263	0.00658
58	0.01136	0.01069	0.01804	0.77412	0.04143	0.01337	0.01671	0.01537	0.01203	0.01537	0.01069	0.01604	0.00802	0.00601	0.00601	0.00200	0.00802	0.00535	0.00267	0.00668
59	0.01489	0.01429	0.02442	0.03692	0.75106	0.01429	0.01846	0.01846	0.01370	0.01965	0.01132	0.01489	0.00953	0.00536	0.00596	0.00179	0.00715	0.00536	0.00298	0.00953
60	0.00733	0.00524	0.00698	0.00838	0.00873	0.00489	0.00558	0.00838	0.01152	0.01536	0.03316	0.78466	0.03979	0.01885	0.00768	0.00244	0.00349	0.01710	0.00558	0.00489
61	0.01548	0.01242	0.01329	0.01186	0.01529	0.01408	0.00925	0.03074	0.65562	0.07756	0.02605	0.02388	0.05057	0.00842	0.00616	0.00203	0.00471	0.00701	0.00619	0.00938
62	0.00745	0.00534	0.00710	0.00847	0.00891	0.00500	0.00578	0.00860	0.01169	0.01551	0.03368	0.73166	0.05450	0.01865	0.00770	0.00245	0.00359	0.05342	0.00558	0.00492
63	0.00738	0.00527	0.00702	0.00834	0.00874	0.00492	0.00559	0.00850	0.01175	0.01572	0.06306	0.75371	0.04050	0.01857	0.00765	0.00242	0.00346	0.01684	0.00563	0.00492
64	0.01270	0.00708	0.00934	0.00825	0.01042	0.00638	0.00637	0.01539	0.01698	0.19097	0.56442	0.03969	0.06533	0.01127	0.00686	0.00189	0.00336	0.00982	0.00678	0.00670
65	0.12304	0.01155	0.01405	0.01091	0.01548	0.01110	0.00901	0.14937	0.01829	0.54343	0.02028	0.01814	0.01308	0.00718	0.00576	0.00185	0.00532	0.00560	0.00675	0.00979
66	0.04666	0.01433	0.09022	0.38548	0.06238	0.01386	0.24002	0.01700	0.01269	0.01754	0.01126	0.01573	0.00855	0.00689	0.03032	0.00223	0.00885	0.00576	0.00285	0.00739
67	0.04923	0.01573	0.01707	0.01417	0.05027	0.04037	0.01108	0.49999	0.08846	0.12797	0.01604	0.01569	0.01132	0.00716	0.00593	0.00183	0.00635	0.00550	0.00591	0.00991
68	0.41561	0.02933	0.01162	0.00963	0.01333	0.03693	0.00781	0.09037	0.11846	0.11132	0.05618	0.01740	0.04530	0.00714	0.00496	0.00187	0.00498	0.00516	0.00492	0.00768
69	0.05148	0.02740	0.01651	0.16029	0.08510	0.07364	0.03542	0.14183	0.01521	0.02166	0.01230	0.01524	0.00974	0.00671	0.00713	0.00178	0.10181	0.00505	0.13607	0.07564
70	0.41555	0.11178	0.01427	0.03513	0.01475	0.01491	0.00858	0.15590	0.01490	0.09743	0.01227	0.01441	0.00953	0.00649	0.00467	0.00181	0.00541	0.03099	0.02353	0.00769
71	0.36085	0.04986	0.08788	0.01345	0.04480	0.05580	0.09393	0.07290	0.01350	0.04911	0.04354	0.01486	0.01069	0.00652	0.00575	0.00189	0.04220	0.02115	0.00384	0.00748
72	0.04836	0.01048	0.01283	0.01020	0.01416	0.00959	0.03576	0.05498	0.07192	0.11150	0.02113	0.09282	0.09502	0.00817	0.00622	0.00159	0.03887	0.00672	0.00474	0.34496
73	0.05124	0.01310	0.07370	0.03616	0.01646	0.01098	0.00962	0.14019	0.01554	0.08133	0.04574	0.04433	0.01264	0.00649	0.00576	0.00145	0.03280	0.00510	0.00437	0.39301
74	0.01442	0.05458	0.37505	0.01511	0.03995	0.04518	0.02896	0.07908	0.11110	0.05540	0.05493	0.04070	0.01348	0.00695	0.00584	0.00185	0.00726	0.00563	0.00394	0.04058

[dist]
# distance from previous block
# <min> <max>
4	13

[block]
# block no. 2 follows, 38 sequences, length 21
# corresponding to MSA columns:
# 223-243
name=unknown_C
#
# <colnr> <probs for GDERKNQSTAVLIFYWHMCP>
#	G	D	E	R	K	N	Q	S	T	A	V	L	I	F	Y	W	H	M	C	P
0	0.01558	0.01217	0.01376	0.01024	0.01508	0.01100	0.00820	0.22370	0.01695	0.04022	0.01259	0.01492	0.01024	0.05476	0.00659	0.00149	0.00519	0.00448	0.00437	0.51847
1	0.00978	0.00745	0.00966	0.00973	0.01190	0.00671	0.00800	0.01221	0.01333	0.01820	0.06685	0.16561	0.06395	0.01386	0.00720	0.00220	0.00471	0.36860	0.00515	0.19490
2	0.01395	0.01887	0.19047	0.02730	0.26336	0.01464	0.34370	0.01896	0.01371	0.01935	0.01159	0.01502	0.00893	0.00531	0.00642	0.00192	0.00890	0.00595	0.00291	0.00874
3	0.01462	0.28674	0.45219	0.01431	0.02159	0.01688	0.01712	0.01953	0.01290	0.07663	0.01101	0.01229	0.00824	0.00566	0.00512	0.00169	0.00776	0.00416	0.00295	0.00860
4	0.00742	0.00554	0.00690	0.00775	0.00862	0.00502	0.00536	0.00878	0.01267	0.01658	0.12282	0.53053	0.20559	0.01725	0.00748	0.00228	0.00331	0.01536	0.00571	0.00502
5	0.01627	0.01618	0.03037	0.02384	0.09956	0.01592	0.49311	0.18369	0.01740	0.02362	0.01261	0.01568	0.00942	0.00560	0.00674	0.00195	0.00903	0.00654	0.00372	0.00874
6	0.01460	0.19357	0.02394	0.02433	0.37390	0.03725	0.06175	0.01859	0.05957	0.01887	0.07376	0.01877	0.01454	0.00652	0.00573	0.00174	0.00671	0.03388	0.00350	0.00846
7	0.01433	0.01534	0.02976	0.02195	0.02717	0.01528	0.53467	0.02202	0.18180	0.02044	0.01485	0.01754	0.01121	0.00600	0.00737	0.00205	0.03912	0.00696	0.00374	0.00838
8	0.02262	0.01268	0.01454	0.01115	0.01589	0.05803	0.00908	0.15008	0.01807	0.41138	0.01816	0.01695	0.01223	0.00664	0.00564	0.00161	0.00559	0.00523	0.00602	0.19843
9	0.01743	0.06439	0.39180	0.01522	0.02213	0.01474	0.04385	0.18532	0.01711	0.15014	0.01379	0.01442	0.00954	0.00631	0.00580	0.00185	0.00763	0.00498	0.00421	0.00934
10	0.01298	0.00738	0.00973	0.02551	0.01183	0.00704	0.00725	0.06168	0.01427	0.17933	0.05364	0.46790	0.03187	0.01491	0.00721	0.00227	0.00429	0.06839	0.00599	0.00653
11	0.01026	0.00994	0.05491	0.01402	0.01663	0.00870	0.17562	0.01335	0.01328	0.01768	0.02651	0.23469	0.02860	0.01393	0.00773	0.00247	0.00626	0.33446	0.00481	0.00615
12	0.01207	0.03112	0.75741	0.01715	0.02604	0.01397	0.02223	0.01905	0.01270	0.01905	0.01080	0.01270	0.00762	0.00572	0.00572	0.00191	0.00889	0.00445	0.00254	0.00889
13	0.01296	0.00685	0.00827	0.00752	0.00859	0.00653	0.00485	0.01350	0.01071	0.18352	0.02006	0.03500	0.02026	0.60804	0.02494	0.00491	0.00567	0.00812	0.00452	0.00517
14	0.01483	0.07853	0.53816	0.01593	0.02362	0.01571	0.01894	0.18353	0.01627	0.02308	0.01148	0.01290	0.00823	0.00603	0.00566	0.00184	0.00820	0.00459	0.00335	0.00912
15	0.00716	0.00590	0.00630	0.00662	0.00826	0.00503	0.00480	0.00857	0.01320	0.01604	0.05452	0.22587	0.58479	0.01607	0.00724	0.00213	0.00315	0.01371	0.00559	0.00503
16	0.02526	0.01259	0.01537	0.01183	0.01650	0.01239	0.00976	0.27198	0.03924	0.48884	0.02054	0.01844	0.01337	0.00739	0.00604	0.00185	0.00563	0.00585	0.00692	0.01022
17	0.00793	0.00574	0.00742	0.00819	0.00897	0.00538	0.00568	0.02463	0.01327	0.01792	0.19943	0.55821	0.08101	0.01689	0.00748	0.00228	0.00338	0.01518	0.00583	0.00519
18	0.01314	0.01220	0.02039	0.03033	0.57948	0.01212	0.01549	0.01613	0.01319	0.01866	0.01636	0.19280	0.01652	0.00848	0.00635	0.00194	0.00630	0.00807	0.00358	0.00846
19	0.02194	0.01012	0.01434	0.18686	0.02084	0.00987	0.01037	0.02516	0.03895	0.51194	0.02047	0.01964	0.01345	0.00711	0.00592	0.00187	0.00562	0.00588	0.06057	0.00908
20	0.19786	0.00685	0.00745	0.00804	0.00931	0.00699	0.00569	0.01080	0.01166	0.01867	0.08764	0.48521	0.06135	0.04541	0.00760	0.00238	0.00378	0.01288	0.00516	0.00529

[dist]
# distance from previous block
# <min> <max>
2	275

# created by:
# /software/SequenceAnalysis/GenePrediction/augustus/3.0.1/scripts/msa2prfl.pl ./fixed/BUSCOvEOG7SBGBW.fas
