[name]
unknown

[dist]
# distance from previous block
# <min> <max>
0	156

[block]
# block no. 0 follows, 41 sequences, length 27
# corresponding to MSA columns:
# 211-237
name=unknown_A
#
# <colnr> <probs for GDERKNQSTAVLIFYWHMCP>
#	G	D	E	R	K	N	Q	S	T	A	V	L	I	F	Y	W	H	M	C	P
0	0.83938	0.01106	0.00841	0.00752	0.01106	0.01283	0.00619	0.01681	0.00973	0.02566	0.00796	0.00929	0.00619	0.00531	0.00354	0.00177	0.00442	0.00310	0.00354	0.00619
1	0.01416	0.01359	0.02322	0.03511	0.76330	0.01359	0.01755	0.01755	0.01302	0.01869	0.01076	0.01416	0.00906	0.00510	0.00566	0.00170	0.00680	0.00510	0.00283	0.00906
2	0.02137	0.02726	0.01621	0.01474	0.01768	0.77602	0.01105	0.02284	0.01621	0.01400	0.00884	0.01031	0.00737	0.00589	0.00516	0.00147	0.01031	0.00368	0.00295	0.00663
3	0.01251	0.01251	0.01752	0.01502	0.01502	0.01752	0.01251	0.01377	0.00876	0.01377	0.00751	0.01251	0.00751	0.01001	0.01877	0.00250	0.78851	0.00501	0.00250	0.00626
4	0.41392	0.01561	0.01280	0.01073	0.01453	0.14835	0.00866	0.26877	0.01679	0.02720	0.01011	0.01100	0.00762	0.00595	0.00458	0.00170	0.00610	0.00391	0.00419	0.00749
5	0.01416	0.01359	0.02322	0.03511	0.76330	0.01359	0.01755	0.01755	0.01302	0.01869	0.01076	0.01416	0.00906	0.00510	0.00566	0.00170	0.00680	0.00510	0.00283	0.00906
6	0.01416	0.01359	0.02322	0.03511	0.76330	0.01359	0.01755	0.01755	0.01302	0.01869	0.01076	0.01416	0.00906	0.00510	0.00566	0.00170	0.00680	0.00510	0.00283	0.00906
7	0.00697	0.00498	0.00664	0.00796	0.00830	0.00465	0.00531	0.00796	0.01095	0.01460	0.03153	0.79525	0.03783	0.01792	0.00730	0.00232	0.00332	0.01626	0.00531	0.00465
8	0.01117	0.01054	0.01782	0.70316	0.11860	0.01280	0.01607	0.01494	0.01161	0.01506	0.01023	0.01513	0.00778	0.00565	0.00571	0.00188	0.00753	0.00508	0.00257	0.00665
9	0.02137	0.02726	0.01621	0.01474	0.01768	0.77602	0.01105	0.02284	0.01621	0.01400	0.00884	0.01031	0.00737	0.00589	0.00516	0.00147	0.01031	0.00368	0.00295	0.00663
10	0.00821	0.00599	0.00850	0.00850	0.00929	0.00678	0.00629	0.00977	0.00899	0.01277	0.01595	0.02596	0.01581	0.21914	0.60214	0.00834	0.01304	0.00664	0.00316	0.00472
11	0.00900	0.00675	0.00935	0.00921	0.01049	0.00780	0.00715	0.01263	0.09076	0.01497	0.01641	0.02227	0.01467	0.03666	0.64109	0.00788	0.01331	0.00611	0.05794	0.00555
12	0.02566	0.00973	0.01327	0.01018	0.01460	0.00841	0.00841	0.02788	0.01637	0.76726	0.02257	0.01947	0.01416	0.00708	0.00575	0.00177	0.00487	0.00575	0.00708	0.00973
13	0.21384	0.01074	0.01236	0.00991	0.01401	0.01069	0.00812	0.07281	0.09611	0.46485	0.01866	0.01692	0.01237	0.00673	0.00524	0.00178	0.00482	0.00517	0.00603	0.00883
14	0.02148	0.02390	0.01650	0.01426	0.01770	0.54942	0.01100	0.23841	0.01940	0.02059	0.01030	0.01134	0.00807	0.00618	0.00533	0.00155	0.00911	0.00412	0.00378	0.00756
15	0.01851	0.01535	0.02090	0.01585	0.02016	0.01681	0.18153	0.46635	0.05102	0.02899	0.01293	0.01430	0.00955	0.00677	0.00739	0.00186	0.09259	0.00556	0.00471	0.00885
16	0.01105	0.00777	0.01238	0.01013	0.01247	0.00766	0.17650	0.01415	0.01204	0.01974	0.01664	0.02008	0.01323	0.01020	0.08914	0.00233	0.00568	0.00575	0.54720	0.00586
17	0.01158	0.00987	0.01156	0.00844	0.01325	0.00745	0.00669	0.01403	0.01181	0.01841	0.01139	0.05681	0.01016	0.00502	0.00441	0.00093	0.00418	0.00413	0.00350	0.78637
18	0.01540	0.01073	0.01269	0.00929	0.01420	0.00887	0.00752	0.09665	0.01431	0.15362	0.01276	0.01342	0.00962	0.00503	0.00467	0.00111	0.00457	0.00400	0.00430	0.59726
19	0.05570	0.01077	0.01247	0.00918	0.01403	0.00907	0.00743	0.09405	0.01403	0.13324	0.01230	0.01308	0.00935	0.00500	0.00459	0.00112	0.00456	0.00392	0.00420	0.58193
20	0.01990	0.01056	0.01260	0.01014	0.01398	0.01033	0.00822	0.16279	0.11644	0.38840	0.02746	0.02516	0.15108	0.00849	0.00594	0.00181	0.00473	0.00689	0.00632	0.00874
21	0.01098	0.01028	0.01694	0.74527	0.03813	0.01279	0.01553	0.01543	0.04974	0.01510	0.01084	0.01556	0.00813	0.00582	0.00572	0.00191	0.00746	0.00515	0.00271	0.00649
22	0.01116	0.00785	0.00933	0.00968	0.01145	0.05048	0.00804	0.01343	0.01379	0.09913	0.09370	0.10161	0.12363	0.01390	0.00723	0.00229	0.00487	0.40727	0.00543	0.00575
23	0.01919	0.01472	0.01564	0.01209	0.01650	0.03684	0.00985	0.55324	0.02304	0.03116	0.01381	0.05175	0.01081	0.00690	0.00551	0.00158	0.00588	0.00533	0.00519	0.16096
24	0.01739	0.02379	0.19212	0.01499	0.01882	0.37311	0.01367	0.09496	0.01492	0.01720	0.00942	0.01150	0.00761	0.00668	0.00791	0.00178	0.15957	0.00422	0.00303	0.00731
25	0.01480	0.00875	0.01071	0.00921	0.01196	0.00863	0.00727	0.07119	0.14601	0.22217	0.33758	0.03164	0.06182	0.00962	0.00627	0.00183	0.00392	0.02281	0.00632	0.00748
26	0.01067	0.00625	0.00830	0.00789	0.00947	0.00569	0.00587	0.01283	0.01481	0.14268	0.44280	0.24190	0.04309	0.01262	0.00673	0.00194	0.00322	0.01119	0.00616	0.00591

[dist]
# distance from previous block
# <min> <max>
1	4

[block]
# block no. 1 follows, 41 sequences, length 6
# corresponding to MSA columns:
# 243-248
name=unknown_B
#
# <colnr> <probs for GDERKNQSTAVLIFYWHMCP>
#	G	D	E	R	K	N	Q	S	T	A	V	L	I	F	Y	W	H	M	C	P
0	0.07305	0.01086	0.01239	0.00967	0.01405	0.00990	0.00788	0.12478	0.06116	0.10525	0.01453	0.01807	0.01187	0.00627	0.00500	0.00137	0.00473	0.06812	0.00447	0.43658
1	0.08748	0.00993	0.01265	0.01032	0.01381	0.00980	0.04380	0.05272	0.14698	0.33080	0.19351	0.02396	0.02295	0.00801	0.00586	0.00181	0.00455	0.00676	0.00611	0.00820
2	0.25914	0.01089	0.01176	0.00950	0.01342	0.01105	0.00773	0.11776	0.06855	0.26328	0.07372	0.01690	0.01401	0.00665	0.00503	0.00168	0.00467	0.00506	0.00533	0.09387
3	0.01475	0.01299	0.01662	0.01292	0.01733	0.06652	0.14182	0.02192	0.24781	0.08250	0.01552	0.01604	0.01175	0.00582	0.00539	0.00151	0.00580	0.00520	0.00435	0.29344
4	0.01481	0.01277	0.01619	0.01222	0.01693	0.06433	0.12438	0.05782	0.11526	0.08314	0.01333	0.01436	0.01021	0.00531	0.00512	0.00134	0.00572	0.00466	0.00405	0.41805
5	0.01464	0.00891	0.01072	0.00885	0.01212	0.00816	0.00700	0.07160	0.08100	0.21480	0.18513	0.05556	0.13259	0.00909	0.00590	0.00167	0.00402	0.00765	0.00572	0.15486

[dist]
# distance from previous block
# <min> <max>
6	15

[block]
# block no. 2 follows, 41 sequences, length 6
# corresponding to MSA columns:
# 264-269
name=unknown_C
#
# <colnr> <probs for GDERKNQSTAVLIFYWHMCP>
#	G	D	E	R	K	N	Q	S	T	A	V	L	I	F	Y	W	H	M	C	P
0	0.29424	0.06385	0.01231	0.00929	0.01289	0.01183	0.00766	0.09857	0.04327	0.14342	0.01312	0.01450	0.01008	0.01232	0.13989	0.00294	0.00671	0.00445	0.00428	0.09436
1	0.01742	0.01158	0.01454	0.01179	0.01521	0.01194	0.06136	0.34272	0.01959	0.15710	0.06968	0.20170	0.02006	0.00970	0.00624	0.00189	0.00534	0.00835	0.00570	0.00809
2	0.01328	0.00979	0.01113	0.00976	0.01190	0.01079	0.00738	0.23856	0.11697	0.02155	0.01734	0.05014	0.01589	0.22688	0.17500	0.00436	0.00751	0.00677	0.03835	0.00663
3	0.01521	0.01578	0.02161	0.07786	0.58778	0.14730	0.01631	0.01830	0.01348	0.01761	0.01039	0.01355	0.00867	0.00527	0.00558	0.00167	0.00746	0.00485	0.00283	0.00847
4	0.23309	0.01005	0.01059	0.00811	0.01248	0.00884	0.00651	0.01475	0.01164	0.02087	0.07073	0.01369	0.01157	0.00513	0.00425	0.00117	0.00416	0.00388	0.00367	0.54481
5	0.47590	0.00992	0.00985	0.00876	0.01215	0.01055	0.00732	0.01890	0.01211	0.22269	0.01579	0.02171	0.01302	0.00762	0.00490	0.00192	0.00469	0.13043	0.00479	0.00698

[dist]
# distance from previous block
# <min> <max>
0	5

[block]
# block no. 3 follows, 41 sequences, length 31
# corresponding to MSA columns:
# 275-305
name=unknown_D
#
# <colnr> <probs for GDERKNQSTAVLIFYWHMCP>
#	G	D	E	R	K	N	Q	S	T	A	V	L	I	F	Y	W	H	M	C	P
0	0.67976	0.01146	0.00954	0.00826	0.01194	0.01300	0.00676	0.07072	0.06028	0.02592	0.00952	0.01055	0.00732	0.00553	0.00389	0.00173	0.00456	0.00349	0.00384	0.05195
1	0.01080	0.01017	0.01716	0.78523	0.03940	0.01271	0.01589	0.01461	0.01144	0.01461	0.01017	0.01525	0.00762	0.00572	0.00572	0.00191	0.00762	0.00508	0.00254	0.00635
2	0.00803	0.00584	0.00756	0.00713	0.00851	0.00537	0.00535	0.01067	0.01604	0.02258	0.72659	0.04332	0.08788	0.01183	0.00675	0.00181	0.00271	0.01043	0.00625	0.00537
3	0.00676	0.00579	0.00579	0.00579	0.00773	0.00483	0.00435	0.00821	0.01304	0.01545	0.05794	0.05505	0.76098	0.01449	0.00676	0.00193	0.00290	0.01207	0.00531	0.00483
4	0.00726	0.00530	0.00726	0.04499	0.00994	0.00512	0.00600	0.00847	0.01108	0.01472	0.03045	0.72317	0.03616	0.01724	0.00725	0.00232	0.00362	0.04972	0.00518	0.00476
5	0.02566	0.00973	0.01327	0.01018	0.01460	0.00841	0.00841	0.02788	0.01637	0.76726	0.02257	0.01947	0.01416	0.00708	0.00575	0.00177	0.00487	0.00575	0.00708	0.00973
6	0.01423	0.01229	0.01293	0.01164	0.01487	0.01423	0.00905	0.03039	0.75297	0.02393	0.02328	0.02134	0.01746	0.00776	0.00582	0.00194	0.00453	0.00647	0.00582	0.00905
7	0.01147	0.02959	0.76934	0.01630	0.02476	0.01328	0.02113	0.01811	0.01208	0.01811	0.01026	0.01208	0.00725	0.00543	0.00543	0.00181	0.00845	0.00423	0.00242	0.00845
8	0.02110	0.02675	0.01647	0.01550	0.04564	0.74743	0.01130	0.02264	0.01609	0.01417	0.00891	0.01046	0.00743	0.00586	0.00518	0.00148	0.01018	0.00374	0.00294	0.00672
9	0.01529	0.80242	0.02997	0.00979	0.01468	0.02263	0.00979	0.01713	0.01162	0.01346	0.00795	0.00918	0.00734	0.00489	0.00367	0.00122	0.00612	0.00306	0.00245	0.00734
10	0.00817	0.00613	0.00919	0.00919	0.01021	0.00715	0.00715	0.01021	0.00919	0.01328	0.01532	0.02247	0.01430	0.04290	0.77631	0.00919	0.01532	0.00613	0.00306	0.00511
11	0.01066	0.00533	0.00533	0.00533	0.00666	0.00533	0.00400	0.01333	0.01200	0.02132	0.01866	0.02132	0.01466	0.00666	0.00400	0.00133	0.00267	0.00533	0.83073	0.00533
12	0.01416	0.01359	0.02322	0.03511	0.76330	0.01359	0.01755	0.01755	0.01302	0.01869	0.01076	0.01416	0.00906	0.00510	0.00566	0.00170	0.00680	0.00510	0.00283	0.00906
13	0.00697	0.00498	0.00664	0.00796	0.00830	0.00465	0.00531	0.00796	0.01095	0.01460	0.03153	0.79525	0.03783	0.01792	0.00730	0.00232	0.00332	0.01626	0.00531	0.00465
14	0.01066	0.00533	0.00533	0.00533	0.00666	0.00533	0.00400	0.01333	0.01200	0.02132	0.01866	0.02132	0.01466	0.00666	0.00400	0.00133	0.00267	0.00533	0.83073	0.00533
15	0.01529	0.80242	0.02997	0.00979	0.01468	0.02263	0.00979	0.01713	0.01162	0.01346	0.00795	0.00918	0.00734	0.00489	0.00367	0.00122	0.00612	0.00306	0.00245	0.00734
16	0.02566	0.00973	0.01327	0.01018	0.01460	0.00841	0.00841	0.02788	0.01637	0.76726	0.02257	0.01947	0.01416	0.00708	0.00575	0.00177	0.00487	0.00575	0.00708	0.00973
17	0.02174	0.01602	0.01717	0.01316	0.01774	0.01774	0.01087	0.74423	0.02689	0.03605	0.01373	0.01373	0.00973	0.00687	0.00572	0.00172	0.00629	0.00515	0.00572	0.00973
18	0.00832	0.00555	0.00624	0.00624	0.00624	0.00555	0.00347	0.00832	0.00832	0.01109	0.01802	0.03743	0.02080	0.79898	0.02911	0.00555	0.00555	0.00832	0.00347	0.00347
19	0.02174	0.01602	0.01717	0.01316	0.01774	0.01774	0.01087	0.74423	0.02689	0.03605	0.01373	0.01373	0.00973	0.00687	0.00572	0.00172	0.00629	0.00515	0.00572	0.00973
20	0.02174	0.01602	0.01717	0.01316	0.01774	0.01774	0.01087	0.74423	0.02689	0.03605	0.01373	0.01373	0.00973	0.00687	0.00572	0.00172	0.00629	0.00515	0.00572	0.00973
21	0.01116	0.00943	0.01111	0.00840	0.01280	0.00720	0.00657	0.01348	0.01173	0.01806	0.01322	0.12373	0.01266	0.00619	0.00467	0.00106	0.00411	0.00523	0.00366	0.71552
22	0.02500	0.00959	0.01306	0.01006	0.01437	0.00829	0.00829	0.02723	0.01636	0.73935	0.05023	0.02034	0.01565	0.00725	0.00579	0.00177	0.00479	0.00592	0.00705	0.00957
23	0.00810	0.00585	0.00765	0.00720	0.00855	0.00540	0.00540	0.01079	0.01619	0.02294	0.76028	0.04273	0.05397	0.01169	0.00675	0.00180	0.00270	0.01034	0.00630	0.00540
24	0.02566	0.00973	0.01327	0.01018	0.01460	0.00841	0.00841	0.02788	0.01637	0.76726	0.02257	0.01947	0.01416	0.00708	0.00575	0.00177	0.00487	0.00575	0.00708	0.00973
25	0.01350	0.01543	0.03375	0.02411	0.02989	0.01446	0.74253	0.01832	0.01350	0.01832	0.01157	0.01543	0.00868	0.00482	0.00675	0.00193	0.00964	0.00675	0.00289	0.00771
26	0.02566	0.00973	0.01327	0.01018	0.01460	0.00841	0.00841	0.02788	0.01637	0.76726	0.02257	0.01947	0.01416	0.00708	0.00575	0.00177	0.00487	0.00575	0.00708	0.00973
27	0.01251	0.01251	0.01752	0.01502	0.01502	0.01752	0.01251	0.01377	0.00876	0.01377	0.00751	0.01251	0.00751	0.01001	0.01877	0.00250	0.78851	0.00501	0.00250	0.00626
28	0.00817	0.00613	0.00919	0.00919	0.01021	0.00715	0.00715	0.01021	0.00919	0.01328	0.01532	0.02247	0.01430	0.04290	0.77631	0.00919	0.01532	0.00613	0.00306	0.00511
29	0.01342	0.01508	0.03216	0.04684	0.06444	0.01448	0.65956	0.01801	0.01324	0.01806	0.01134	0.01526	0.00862	0.00505	0.00711	0.00194	0.03827	0.00656	0.00287	0.00768
30	0.83938	0.01106	0.00841	0.00752	0.01106	0.01283	0.00619	0.01681	0.00973	0.02566	0.00796	0.00929	0.00619	0.00531	0.00354	0.00177	0.00442	0.00310	0.00354	0.00619

[dist]
# distance from previous block
# <min> <max>
0	2

[block]
# block no. 4 follows, 41 sequences, length 9
# corresponding to MSA columns:
# 308-316
name=unknown_E
#
# <colnr> <probs for GDERKNQSTAVLIFYWHMCP>
#	G	D	E	R	K	N	Q	S	T	A	V	L	I	F	Y	W	H	M	C	P
0	0.01251	0.01251	0.01752	0.01502	0.01502	0.01752	0.01251	0.01377	0.00876	0.01377	0.00751	0.01251	0.00751	0.01001	0.01877	0.00250	0.78851	0.00501	0.00250	0.00626
1	0.02539	0.01017	0.01354	0.01038	0.01482	0.00905	0.00858	0.07754	0.01710	0.71657	0.02195	0.01907	0.01385	0.00706	0.00575	0.00177	0.00497	0.00571	0.00699	0.00973
2	0.01416	0.01359	0.02322	0.03511	0.76330	0.01359	0.01755	0.01755	0.01302	0.01869	0.01076	0.01416	0.00906	0.00510	0.00566	0.00170	0.00680	0.00510	0.00283	0.00906
3	0.01117	0.01054	0.01782	0.70259	0.11915	0.01281	0.01607	0.01494	0.01161	0.01506	0.01023	0.01513	0.00778	0.00565	0.00571	0.00188	0.00753	0.00508	0.00257	0.00665
4	0.00773	0.00575	0.00730	0.00835	0.00899	0.00566	0.00570	0.01033	0.08915	0.01558	0.03066	0.71369	0.03568	0.01685	0.00714	0.00228	0.00345	0.01523	0.00536	0.00511
5	0.01012	0.00925	0.01529	0.64720	0.03387	0.01128	0.01401	0.01343	0.01135	0.01461	0.01396	0.15377	0.01299	0.00789	0.00600	0.00198	0.00686	0.00707	0.00303	0.00605
6	0.00826	0.00628	0.00776	0.00862	0.00946	0.00635	0.00597	0.01195	0.14272	0.01626	0.03006	0.65781	0.03421	0.01612	0.00704	0.00225	0.00353	0.01452	0.00540	0.00543
7	0.02323	0.00946	0.01266	0.00994	0.01398	0.00839	0.00812	0.02620	0.05411	0.65072	0.10035	0.02202	0.01852	0.00760	0.00586	0.00178	0.00462	0.00627	0.00693	0.00924
8	0.01183	0.02707	0.63871	0.01769	0.02567	0.01349	0.14924	0.01815	0.01233	0.01815	0.01050	0.01267	0.00750	0.00533	0.00567	0.00183	0.00866	0.00467	0.00250	0.00832

[dist]
# distance from previous block
# <min> <max>
1	6

[block]
# block no. 5 follows, 41 sequences, length 6
# corresponding to MSA columns:
# 323-328
name=unknown_F
#
# <colnr> <probs for GDERKNQSTAVLIFYWHMCP>
#	G	D	E	R	K	N	Q	S	T	A	V	L	I	F	Y	W	H	M	C	P
0	0.01220	0.01005	0.00968	0.00883	0.01019	0.08790	0.00608	0.11288	0.10088	0.01642	0.01701	0.02884	0.01723	0.48251	0.05208	0.00432	0.00643	0.00709	0.00398	0.00538
1	0.01650	0.01244	0.01386	0.01152	0.01506	0.01331	0.00940	0.40443	0.10442	0.02842	0.07254	0.06189	0.01850	0.00894	0.00608	0.00184	0.00536	0.11160	0.00549	0.07840
2	0.01355	0.44922	0.36789	0.01277	0.01929	0.01836	0.01497	0.01758	0.01183	0.01559	0.00901	0.01050	0.00730	0.00514	0.00448	0.00149	0.00718	0.00359	0.00243	0.00785
3	0.16399	0.01316	0.01381	0.01097	0.01501	0.01411	0.00894	0.43530	0.02039	0.07281	0.01575	0.06782	0.03869	0.00741	0.00536	0.00170	0.00538	0.00568	0.00517	0.07855
4	0.02221	0.01527	0.01670	0.01280	0.01736	0.01662	0.01058	0.65866	0.02564	0.12339	0.01479	0.01442	0.01026	0.00689	0.00573	0.00172	0.00612	0.00522	0.00588	0.00973
5	0.01392	0.14646	0.47702	0.01554	0.02231	0.14793	0.06450	0.01880	0.01282	0.01670	0.00975	0.01154	0.00737	0.00539	0.00520	0.00167	0.00850	0.00412	0.00254	0.00792

[dist]
# distance from previous block
# <min> <max>
0	2

[block]
# block no. 6 follows, 41 sequences, length 16
# corresponding to MSA columns:
# 331-346
name=unknown_G
#
# <colnr> <probs for GDERKNQSTAVLIFYWHMCP>
#	G	D	E	R	K	N	Q	S	T	A	V	L	I	F	Y	W	H	M	C	P
0	0.48202	0.01116	0.01007	0.00859	0.01223	0.03317	0.00695	0.03645	0.08515	0.12822	0.01250	0.01297	0.00923	0.00584	0.00426	0.00167	0.00459	0.00402	0.05308	0.07783
1	0.01305	0.01338	0.02467	0.02049	0.13488	0.01223	0.37624	0.01682	0.01277	0.01835	0.01088	0.01401	0.00864	0.00482	0.00612	0.00156	0.02972	0.00537	0.00303	0.27297
2	0.01080	0.01017	0.01716	0.78523	0.03940	0.01271	0.01589	0.01461	0.01144	0.01461	0.01017	0.01525	0.00762	0.00572	0.00572	0.00191	0.00762	0.00508	0.00254	0.00635
3	0.01120	0.01057	0.01788	0.69575	0.12575	0.01281	0.01608	0.01497	0.01163	0.01510	0.01024	0.01512	0.00780	0.00564	0.00571	0.00188	0.00753	0.00508	0.00258	0.00668
4	0.01779	0.01410	0.01376	0.01168	0.01503	0.15596	0.00921	0.02460	0.26667	0.20242	0.03750	0.01756	0.01387	0.00714	0.00663	0.00173	0.07269	0.00540	0.00504	0.10120
5	0.01080	0.01017	0.01716	0.78523	0.03940	0.01271	0.01589	0.01461	0.01144	0.01461	0.01017	0.01525	0.00762	0.00572	0.00572	0.00191	0.00762	0.00508	0.00254	0.00635
6	0.01473	0.01468	0.02266	0.03349	0.70403	0.07420	0.01704	0.01797	0.01328	0.01831	0.01061	0.01385	0.00893	0.00516	0.00562	0.00168	0.00708	0.00498	0.00284	0.00887
7	0.01252	0.24164	0.56647	0.01452	0.02199	0.01585	0.01802	0.01784	0.01195	0.01684	0.00963	0.01128	0.00727	0.00529	0.00495	0.00165	0.00781	0.00391	0.00242	0.00815
8	0.76944	0.01149	0.00916	0.00800	0.01163	0.01325	0.00659	0.07904	0.01120	0.02655	0.00846	0.00967	0.00650	0.00544	0.00373	0.00177	0.00458	0.00327	0.00373	0.00650
9	0.02081	0.02307	0.01613	0.01402	0.01733	0.52621	0.01081	0.22332	0.01884	0.02011	0.01053	0.01188	0.00837	0.00801	0.04384	0.00193	0.00944	0.00421	0.00373	0.00742
10	0.01165	0.06549	0.73500	0.01600	0.02429	0.01372	0.02061	0.01807	0.01206	0.01790	0.01016	0.01194	0.00725	0.00541	0.00535	0.00178	0.00834	0.00417	0.00242	0.00840
11	0.00848	0.00631	0.00869	0.00854	0.00916	0.00722	0.00623	0.00979	0.00887	0.01257	0.01577	0.02690	0.01608	0.29472	0.48085	0.00757	0.05765	0.00680	0.00317	0.00462
12	0.01307	0.01248	0.02125	0.27841	0.52850	0.01330	0.01701	0.01660	0.01251	0.01737	0.01057	0.01451	0.00859	0.00530	0.00568	0.00177	0.00706	0.00509	0.00274	0.00818
13	0.00844	0.00603	0.00831	0.00955	0.01054	0.00590	0.00777	0.01054	0.01259	0.01657	0.06463	0.30052	0.03549	0.01630	0.00765	0.00249	0.00452	0.46177	0.00533	0.00507
14	0.00893	0.00640	0.00882	0.00969	0.01101	0.00628	0.00825	0.01158	0.01393	0.01859	0.21537	0.05899	0.03826	0.01476	0.00761	0.00242	0.00462	0.54366	0.00553	0.00530
15	0.01367	0.01215	0.01834	0.01924	0.25884	0.01095	0.09534	0.04292	0.03708	0.04363	0.01147	0.01364	0.00921	0.00488	0.00514	0.00134	0.00579	0.00457	0.00343	0.38837

[dist]
# distance from previous block
# <min> <max>
4	6

[block]
# block no. 7 follows, 41 sequences, length 7
# corresponding to MSA columns:
# 354-360
name=unknown_H
#
# <colnr> <probs for GDERKNQSTAVLIFYWHMCP>
#	G	D	E	R	K	N	Q	S	T	A	V	L	I	F	Y	W	H	M	C	P
0	0.01124	0.01103	0.02200	0.01684	0.02043	0.01091	0.40029	0.01482	0.01174	0.01668	0.01361	0.01860	0.01132	0.01938	0.29749	0.00462	0.01118	0.00639	0.07491	0.00652
1	0.01300	0.00969	0.01025	0.00927	0.01162	0.05712	0.00697	0.01908	0.23806	0.11548	0.16560	0.08679	0.09107	0.10248	0.00882	0.00228	0.00446	0.00828	0.00545	0.03422
2	0.01118	0.00984	0.01004	0.00887	0.01128	0.09708	0.00670	0.05889	0.01507	0.02043	0.34144	0.14902	0.03294	0.01002	0.00602	0.00162	0.00426	0.00861	0.00506	0.19163
3	0.01610	0.01310	0.02387	0.01749	0.02257	0.01219	0.39601	0.02137	0.10079	0.18709	0.01523	0.01657	0.01091	0.00560	0.00609	0.00175	0.00727	0.00606	0.00424	0.11570
4	0.01941	0.01781	0.01354	0.01197	0.01490	0.37646	0.00915	0.10035	0.01636	0.16183	0.01584	0.11544	0.01354	0.00786	0.00551	0.00166	0.00724	0.00602	0.07793	0.00719
5	0.01527	0.01591	0.01267	0.01207	0.01441	0.32025	0.00960	0.08048	0.04189	0.01849	0.11476	0.03374	0.02272	0.01018	0.00637	0.00195	0.00705	0.25130	0.00452	0.00636
6	0.01548	0.01199	0.01347	0.01026	0.01490	0.01131	0.00827	0.20639	0.13137	0.06186	0.01376	0.01421	0.01048	0.00561	0.00494	0.00129	0.00485	0.00444	0.00456	0.45056

[dist]
# distance from previous block
# <min> <max>
14	77

# created by:
# /software/SequenceAnalysis/GenePrediction/augustus/3.0.1/scripts/msa2prfl.pl ./fixed/BUSCOvEOG7VHMN2.fas
