[name]
unknown

[dist]
# distance from previous block
# <min> <max>
0	383

[block]
# block no. 0 follows, 41 sequences, length 79
# corresponding to MSA columns:
# 390-468
name=unknown_A
#
# <colnr> <probs for GDERKNQSTAVLIFYWHMCP>
#	G	D	E	R	K	N	Q	S	T	A	V	L	I	F	Y	W	H	M	C	P
0	0.00832	0.00594	0.00818	0.00950	0.01043	0.00581	0.00765	0.01029	0.01228	0.01611	0.03078	0.35749	0.03489	0.01665	0.00766	0.00251	0.00449	0.44073	0.00528	0.00502
1	0.01044	0.00831	0.00961	0.00758	0.01062	0.00679	0.00545	0.01196	0.01044	0.01561	0.01332	0.02211	0.01341	0.32287	0.01421	0.00273	0.00476	0.00537	0.00342	0.50098
2	0.01844	0.01435	0.01531	0.01241	0.01647	0.01603	0.01002	0.43630	0.31755	0.03067	0.01745	0.01673	0.01279	0.00715	0.00572	0.00178	0.00552	0.00563	0.00569	0.03400
3	0.01559	0.02415	0.46777	0.01504	0.02194	0.01507	0.01702	0.30923	0.01802	0.02530	0.01166	0.01274	0.00824	0.00601	0.00555	0.00177	0.00759	0.00460	0.00374	0.00896
4	0.01788	0.48713	0.02484	0.01114	0.01591	0.02067	0.01022	0.30864	0.01774	0.02251	0.01027	0.01100	0.00830	0.00568	0.00449	0.00142	0.00619	0.00390	0.00376	0.00830
5	0.00750	0.00582	0.00682	0.00657	0.00818	0.00514	0.00493	0.00964	0.01478	0.01959	0.44636	0.04823	0.36998	0.01294	0.00675	0.00186	0.00279	0.01112	0.00586	0.00514
6	0.00764	0.00550	0.00724	0.00750	0.00845	0.00510	0.00536	0.00966	0.01409	0.01960	0.46810	0.34443	0.04750	0.01419	0.00697	0.00201	0.00295	0.01272	0.00590	0.00510
7	0.01582	0.01159	0.01294	0.01108	0.01395	0.01249	0.00864	0.44904	0.02050	0.02745	0.02087	0.32706	0.02099	0.01130	0.00635	0.00196	0.00510	0.00960	0.00556	0.00769
8	0.00742	0.00533	0.00704	0.00766	0.00840	0.00495	0.00534	0.00910	0.01305	0.01794	0.32371	0.49354	0.04430	0.01542	0.00708	0.00211	0.00307	0.01389	0.00571	0.00495
9	0.01269	0.02111	0.32867	0.02098	0.02783	0.01399	0.45330	0.01824	0.01293	0.01824	0.01105	0.01408	0.00810	0.00507	0.00622	0.00188	0.00917	0.00574	0.00270	0.00801
10	0.00764	0.00550	0.00724	0.00750	0.00845	0.00510	0.00536	0.00966	0.01409	0.01960	0.46810	0.34443	0.04750	0.01419	0.00697	0.00201	0.00295	0.01272	0.00590	0.00510
11	0.01873	0.01452	0.01547	0.01255	0.01659	0.01633	0.01014	0.45803	0.31800	0.03119	0.01756	0.01678	0.01283	0.00722	0.00576	0.00181	0.00559	0.00568	0.00576	0.00946
12	0.00697	0.00498	0.00664	0.00796	0.00830	0.00465	0.00531	0.00796	0.01095	0.01460	0.03153	0.79525	0.03783	0.01792	0.00730	0.00232	0.00332	0.01626	0.00531	0.00465
13	0.00676	0.00579	0.00579	0.00579	0.00773	0.00483	0.00435	0.00821	0.01304	0.01545	0.05794	0.05505	0.76098	0.01449	0.00676	0.00193	0.00290	0.01207	0.00531	0.00483
14	0.01769	0.02111	0.01686	0.01521	0.02969	0.45854	0.01175	0.01911	0.01317	0.01399	0.00834	0.01126	0.00745	0.00753	0.01062	0.00189	0.32226	0.00424	0.00277	0.00652
15	0.01289	0.00941	0.01086	0.01005	0.01208	0.00989	0.00754	0.30315	0.01734	0.02320	0.02439	0.48192	0.02656	0.01349	0.00667	0.00208	0.00451	0.01181	0.00547	0.00668
16	0.01970	0.00991	0.01483	0.32092	0.02454	0.01013	0.01141	0.02256	0.01439	0.46550	0.01759	0.01778	0.01154	0.00653	0.00574	0.00182	0.00597	0.00548	0.00526	0.00838
17	0.00823	0.00627	0.00784	0.00863	0.01020	0.00588	0.00726	0.01039	0.01312	0.01645	0.04137	0.06072	0.32482	0.01527	0.00744	0.00235	0.00432	0.43905	0.00528	0.00509
18	0.01173	0.01049	0.01697	0.02392	0.46070	0.01031	0.01268	0.01484	0.01429	0.02039	0.31126	0.02561	0.02707	0.00774	0.00610	0.00174	0.00515	0.00720	0.00422	0.00759
19	0.01206	0.00864	0.01250	0.01727	0.31002	0.00864	0.00943	0.01502	0.01241	0.02027	0.01549	0.01845	0.01242	0.00604	0.00467	0.00148	0.00432	0.00524	0.49880	0.00683
20	0.00823	0.00589	0.00801	0.00801	0.00862	0.00651	0.00567	0.00945	0.00884	0.01240	0.01640	0.02847	0.01690	0.34603	0.47674	0.00773	0.01140	0.00701	0.00323	0.00445
21	0.01186	0.01017	0.01186	0.00847	0.01356	0.00762	0.00678	0.01440	0.01186	0.01864	0.01017	0.01186	0.00847	0.00424	0.00424	0.00085	0.00424	0.00339	0.00339	0.83395
22	0.01763	0.47226	0.04300	0.01193	0.01614	0.32445	0.01058	0.01944	0.01347	0.01379	0.00837	0.00971	0.00735	0.00531	0.00431	0.00134	0.00786	0.00334	0.00265	0.00708
23	0.00975	0.00855	0.01396	0.47410	0.02770	0.01048	0.01238	0.01285	0.01054	0.01408	0.01223	0.01814	0.01030	0.02063	0.31467	0.00483	0.01071	0.00550	0.00275	0.00585
24	0.00810	0.00585	0.00765	0.00720	0.00855	0.00540	0.00540	0.01079	0.01619	0.02294	0.76028	0.04273	0.05397	0.01169	0.00675	0.00180	0.00270	0.01034	0.00630	0.00540
25	0.01788	0.48713	0.02484	0.01114	0.01591	0.02067	0.01022	0.30864	0.01774	0.02251	0.01027	0.01100	0.00830	0.00568	0.00449	0.00142	0.00619	0.00390	0.00376	0.00830
26	0.00923	0.00775	0.01239	0.32033	0.02191	0.00938	0.01065	0.01198	0.01009	0.01381	0.01325	0.01958	0.01162	0.02799	0.46736	0.00627	0.01224	0.00571	0.00285	0.00561
27	0.01053	0.00895	0.01389	0.01839	0.31115	0.00868	0.01027	0.01350	0.01492	0.02123	0.45978	0.03127	0.03596	0.00905	0.00631	0.00176	0.00434	0.00824	0.00491	0.00687
28	0.01376	0.49257	0.32641	0.01240	0.01872	0.01888	0.01434	0.01752	0.01180	0.01532	0.00888	0.01034	0.00730	0.00511	0.00438	0.00146	0.00705	0.00353	0.00243	0.00779
29	0.01705	0.01907	0.02041	0.02694	0.46436	0.31927	0.01495	0.01967	0.01430	0.01681	0.00999	0.01262	0.00838	0.00542	0.00546	0.00161	0.00821	0.00453	0.00288	0.00809
30	0.01053	0.00895	0.01389	0.01839	0.31115	0.00868	0.01027	0.01350	0.01492	0.02123	0.45978	0.03127	0.03596	0.00905	0.00631	0.00176	0.00434	0.00824	0.00491	0.00687
31	0.00919	0.00800	0.01100	0.01079	0.01099	0.00981	0.00820	0.01029	0.01007	0.01427	0.02190	0.48143	0.02567	0.01475	0.01190	0.00240	0.31813	0.01175	0.00418	0.00529
32	0.01147	0.02959	0.76934	0.01630	0.02476	0.01328	0.02113	0.01811	0.01208	0.01811	0.01026	0.01208	0.00725	0.00543	0.00543	0.00181	0.00845	0.00423	0.00242	0.00845
33	0.01248	0.01006	0.01121	0.01000	0.01261	0.01102	0.00776	0.08997	0.38898	0.02468	0.31786	0.02920	0.03137	0.00925	0.00618	0.00186	0.00396	0.00790	0.00600	0.00765
34	0.01123	0.00968	0.01007	0.00930	0.01201	0.01046	0.00717	0.02150	0.45631	0.02053	0.03718	0.03485	0.31556	0.01046	0.00620	0.00194	0.00387	0.00871	0.00562	0.00736
35	0.00855	0.00614	0.00828	0.00853	0.00987	0.00587	0.00693	0.01122	0.01498	0.02060	0.46761	0.05146	0.04553	0.01334	0.00721	0.00213	0.00373	0.29679	0.00588	0.00534
36	0.01147	0.02959	0.76934	0.01630	0.02476	0.01328	0.02113	0.01811	0.01208	0.01811	0.01026	0.01208	0.00725	0.00543	0.00543	0.00181	0.00845	0.00423	0.00242	0.00845
37	0.00730	0.00582	0.00654	0.00636	0.00805	0.00506	0.00477	0.00925	0.01430	0.01845	0.33953	0.05011	0.47752	0.01337	0.00675	0.00188	0.00282	0.01138	0.00571	0.00506
38	0.00823	0.00567	0.00680	0.00662	0.00716	0.00549	0.00424	0.00931	0.01147	0.01584	0.31562	0.03955	0.03410	0.48333	0.02015	0.00404	0.00440	0.00913	0.00460	0.00424
39	0.02137	0.02726	0.01621	0.01474	0.01768	0.77602	0.01105	0.02284	0.01621	0.01400	0.00884	0.01031	0.00737	0.00589	0.00516	0.00147	0.01031	0.00368	0.00295	0.00663
40	0.01389	0.01433	0.02744	0.03070	0.46926	0.01394	0.30822	0.01786	0.01322	0.01854	0.01108	0.01467	0.00891	0.00499	0.00610	0.00179	0.00794	0.00576	0.00286	0.00852
41	0.00742	0.00533	0.00704	0.00766	0.00840	0.00495	0.00534	0.00910	0.01305	0.01794	0.32371	0.49354	0.04430	0.01542	0.00708	0.00211	0.00307	0.01389	0.00571	0.00495
42	0.02137	0.02726	0.01621	0.01474	0.01768	0.77602	0.01105	0.02284	0.01621	0.01400	0.00884	0.01031	0.00737	0.00589	0.00516	0.00147	0.01031	0.00368	0.00295	0.00663
43	0.00751	0.00521	0.00648	0.00727	0.00747	0.00501	0.00457	0.00811	0.00990	0.01319	0.02611	0.49142	0.03100	0.33107	0.01605	0.00361	0.00421	0.01308	0.00457	0.00417
44	0.01021	0.01995	0.46339	0.01227	0.01733	0.01018	0.01405	0.01419	0.01057	0.01530	0.01338	0.02224	0.01268	0.32359	0.01493	0.00331	0.00729	0.00587	0.00284	0.00645
45	0.01083	0.00972	0.01300	0.01150	0.01150	0.01272	0.00889	0.01158	0.00858	0.01269	0.01172	0.02250	0.01284	0.32633	0.02292	0.00372	0.47460	0.00633	0.00289	0.00514
46	0.00684	0.00547	0.00613	0.00666	0.00795	0.00476	0.00473	0.00811	0.01220	0.01511	0.04735	0.35182	0.47105	0.01586	0.00698	0.00209	0.00307	0.01375	0.00531	0.00476
47	0.35181	0.01042	0.01142	0.00919	0.01326	0.01041	0.00758	0.04116	0.01397	0.45185	0.01649	0.01525	0.01086	0.00636	0.00486	0.00177	0.00473	0.00467	0.00563	0.00831
48	0.34506	0.01180	0.01112	0.00999	0.01335	0.01367	0.00791	0.02495	0.45498	0.02462	0.01714	0.01651	0.01294	0.00678	0.00491	0.00187	0.00449	0.00512	0.00491	0.00791
49	0.34956	0.01403	0.01365	0.01090	0.01506	0.01577	0.00900	0.45259	0.02001	0.03188	0.01142	0.01195	0.00831	0.00624	0.00485	0.00174	0.00554	0.00433	0.00485	0.00831
50	0.01763	0.02146	0.31874	0.01442	0.02055	0.01595	0.01499	0.45311	0.02095	0.02886	0.01234	0.01307	0.00873	0.00629	0.00561	0.00175	0.00716	0.00478	0.00440	0.00922
51	0.02409	0.01226	0.01483	0.01137	0.01586	0.01215	0.00940	0.31508	0.02059	0.47410	0.01902	0.01717	0.01238	0.00699	0.00574	0.00175	0.00544	0.00551	0.00654	0.00973
52	0.00918	0.00758	0.01146	0.31913	0.02091	0.00833	0.00960	0.01233	0.01429	0.01960	0.45954	0.03171	0.03539	0.00930	0.00633	0.00184	0.00467	0.00823	0.00479	0.00578
53	0.01870	0.01505	0.01959	0.02196	0.31666	0.01608	0.01355	0.45288	0.02133	0.02909	0.01254	0.01390	0.00946	0.00616	0.00570	0.00171	0.00650	0.00513	0.00456	0.00946
54	0.01350	0.01316	0.02093	0.02705	0.46329	0.01517	0.01553	0.01604	0.01131	0.01671	0.00946	0.01350	0.00844	0.00707	0.01092	0.00202	0.32021	0.00506	0.00270	0.00794
55	0.01115	0.01986	0.46303	0.01190	0.01750	0.01010	0.01426	0.01620	0.01204	0.01940	0.01363	0.01578	0.01022	0.00593	0.00486	0.00162	0.00613	0.00467	0.33451	0.00720
56	0.34071	0.00742	0.00735	0.00779	0.00941	0.00793	0.00566	0.01151	0.01046	0.01904	0.02208	0.48014	0.02515	0.01286	0.00579	0.00210	0.00376	0.01098	0.00460	0.00527
57	0.01423	0.01229	0.01293	0.01164	0.01487	0.01423	0.00905	0.03039	0.75297	0.02393	0.02328	0.02134	0.01746	0.00776	0.00582	0.00194	0.00453	0.00647	0.00582	0.00905
58	0.00972	0.00843	0.01334	0.47330	0.02703	0.00978	0.01168	0.01308	0.01334	0.01795	0.31091	0.02627	0.02621	0.00811	0.00613	0.00186	0.00565	0.00719	0.00405	0.00597
59	0.00697	0.00498	0.00664	0.00796	0.00830	0.00465	0.00531	0.00796	0.01095	0.01460	0.03153	0.79525	0.03783	0.01792	0.00730	0.00232	0.00332	0.01626	0.00531	0.00465
60	0.00742	0.00533	0.00704	0.00766	0.00840	0.00495	0.00534	0.00910	0.01305	0.01794	0.32371	0.49354	0.04430	0.01542	0.00708	0.00211	0.00307	0.01389	0.00571	0.00495
61	0.01720	0.01457	0.02079	0.02631	0.46438	0.01525	0.01488	0.30890	0.01858	0.02565	0.01195	0.01399	0.00933	0.00581	0.00569	0.00171	0.00659	0.00512	0.00399	0.00933
62	0.00832	0.00561	0.00561	0.00561	0.00730	0.00503	0.00421	0.01026	0.01262	0.01781	0.04219	0.04153	0.46176	0.01135	0.00565	0.00169	0.00280	0.00937	0.33625	0.00503
63	0.01739	0.00999	0.01243	0.00916	0.01397	0.00794	0.00743	0.01980	0.01367	0.31878	0.01514	0.01491	0.01075	0.00538	0.00484	0.00122	0.00449	0.00434	0.00487	0.50350
64	0.01099	0.00852	0.00991	0.00905	0.01123	0.00901	0.00694	0.01907	0.31159	0.04174	0.44655	0.03358	0.03835	0.01000	0.00635	0.00185	0.00349	0.00868	0.00612	0.00697
65	0.01376	0.49257	0.32641	0.01240	0.01872	0.01888	0.01434	0.01752	0.01180	0.01532	0.00888	0.01034	0.00730	0.00511	0.00438	0.00146	0.00705	0.00353	0.00243	0.00779
66	0.01454	0.01273	0.01707	0.02101	0.31493	0.01380	0.01244	0.02517	0.43437	0.04396	0.01824	0.01840	0.01399	0.00667	0.00575	0.00184	0.00545	0.00590	0.00466	0.00908
67	0.00823	0.00589	0.00801	0.00801	0.00862	0.00651	0.00567	0.00945	0.00884	0.01240	0.01640	0.02847	0.01690	0.34603	0.47674	0.00773	0.01140	0.00701	0.00323	0.00445
68	0.01723	0.02752	0.31836	0.01582	0.03896	0.42878	0.01525	0.04230	0.01479	0.01642	0.00961	0.01122	0.00743	0.00572	0.00530	0.00162	0.00936	0.00398	0.00281	0.00751
69	0.01614	0.01855	0.01221	0.01133	0.01309	0.46711	0.00801	0.01702	0.01305	0.01283	0.01252	0.02119	0.01275	0.32387	0.01476	0.00311	0.00840	0.00554	0.00316	0.00536
70	0.00751	0.00570	0.00614	0.00610	0.00720	0.00517	0.00409	0.00849	0.01143	0.01438	0.10528	0.04687	0.40046	0.32876	0.01572	0.00337	0.00394	0.01041	0.00466	0.00433
71	0.00959	0.00917	0.01751	0.01444	0.01696	0.00858	0.30088	0.01212	0.01197	0.01609	0.02353	0.48260	0.02614	0.01267	0.00708	0.00216	0.00585	0.01245	0.00434	0.00588
72	0.01400	0.01202	0.01276	0.01159	0.01473	0.01388	0.00906	0.02954	0.71890	0.02361	0.02360	0.02333	0.01817	0.00813	0.00592	0.00197	0.00456	0.03954	0.00579	0.00888
73	0.00764	0.00550	0.00724	0.00750	0.00845	0.00510	0.00536	0.00966	0.01409	0.01960	0.46810	0.34443	0.04750	0.01419	0.00697	0.00201	0.00295	0.01272	0.00590	0.00510
74	0.00985	0.00843	0.01328	0.01885	0.31100	0.00823	0.01022	0.01181	0.01178	0.01624	0.02320	0.48209	0.02630	0.01278	0.00664	0.00207	0.00471	0.01178	0.00432	0.00642
75	0.01271	0.01231	0.02150	0.34658	0.40601	0.01329	0.07211	0.01639	0.01240	0.01696	0.01057	0.01471	0.00843	0.00533	0.00577	0.00180	0.00736	0.00522	0.00272	0.00783
76	0.00851	0.00706	0.01085	0.31959	0.02076	0.00788	0.00955	0.01063	0.01115	0.01461	0.02296	0.48252	0.02572	0.01303	0.00667	0.00216	0.00505	0.01178	0.00420	0.00533
77	0.01236	0.01003	0.01672	0.04636	0.43870	0.01011	0.01246	0.01342	0.01074	0.01506	0.01041	0.01548	0.00937	0.01104	0.01236	0.33523	0.00609	0.00504	0.00268	0.00634
78	0.01175	0.01146	0.01722	0.32371	0.02470	0.01540	0.01377	0.01404	0.00984	0.01410	0.00872	0.01379	0.00768	0.00889	0.02737	0.00239	0.46131	0.00506	0.00253	0.00627

[dist]
# distance from previous block
# <min> <max>
0	1

[block]
# block no. 1 follows, 41 sequences, length 36
# corresponding to MSA columns:
# 470-505
name=unknown_B
#
# <colnr> <probs for GDERKNQSTAVLIFYWHMCP>
#	G	D	E	R	K	N	Q	S	T	A	V	L	I	F	Y	W	H	M	C	P
0	0.01271	0.01303	0.02174	0.01677	0.01956	0.01475	0.24726	0.01535	0.01085	0.01612	0.00930	0.01334	0.00806	0.00729	0.01227	0.00202	0.39558	0.00528	0.00279	0.15593
1	0.01505	0.01206	0.01357	0.00999	0.01491	0.01089	0.00810	0.25012	0.01672	0.02426	0.01132	0.01247	0.00888	0.00509	0.00472	0.00113	0.00490	0.00396	0.00414	0.56774
2	0.00876	0.00741	0.01015	0.01024	0.01047	0.00880	0.00764	0.00984	0.01024	0.01433	0.02377	0.54244	0.02804	0.01537	0.01101	0.00238	0.25692	0.01263	0.00440	0.00517
3	0.00832	0.00555	0.00624	0.00624	0.00624	0.00555	0.00347	0.00832	0.00832	0.01109	0.01802	0.03743	0.02080	0.79898	0.02911	0.00555	0.00555	0.00832	0.00347	0.00347
4	0.01041	0.02201	0.52383	0.01401	0.02006	0.01130	0.01662	0.01556	0.01114	0.01655	0.01190	0.01543	0.00952	0.01753	0.25441	0.00420	0.01067	0.00484	0.00262	0.00737
5	0.00778	0.00576	0.00837	0.00880	0.00959	0.00634	0.00656	0.00949	0.00976	0.01371	0.02055	0.27206	0.02190	0.03483	0.52794	0.00697	0.01144	0.00940	0.00379	0.00496
6	0.00832	0.00555	0.00624	0.00624	0.00624	0.00555	0.00347	0.00832	0.00832	0.01109	0.01802	0.03743	0.02080	0.79898	0.02911	0.00555	0.00555	0.00832	0.00347	0.00347
7	0.01254	0.54513	0.02216	0.00850	0.01243	0.01688	0.00803	0.01425	0.01208	0.01410	0.02410	0.02399	0.25075	0.00799	0.00467	0.00145	0.00508	0.00597	0.00337	0.00653
8	0.00818	0.00608	0.00894	0.00894	0.00987	0.00701	0.00683	0.01005	0.00912	0.01309	0.01555	0.02375	0.01486	0.10779	0.71219	0.00888	0.01448	0.00632	0.00310	0.00497
9	0.00995	0.02190	0.52274	0.01291	0.01926	0.01055	0.01571	0.01492	0.01239	0.01725	0.02566	0.02595	0.25068	0.00836	0.00586	0.00185	0.00666	0.00676	0.00335	0.00728
10	0.01929	0.01524	0.01912	0.02025	0.25854	0.01640	0.01303	0.50953	0.02241	0.03044	0.01277	0.01387	0.00951	0.00629	0.00570	0.00171	0.00646	0.00513	0.00479	0.00951
11	0.01189	0.01127	0.01911	0.54296	0.27320	0.01299	0.01642	0.01556	0.01195	0.01593	0.01036	0.01490	0.00809	0.00552	0.00570	0.00184	0.00736	0.00509	0.00264	0.00723
12	0.01416	0.01359	0.02322	0.03511	0.76330	0.01359	0.01755	0.01755	0.01302	0.01869	0.01076	0.01416	0.00906	0.00510	0.00566	0.00170	0.00680	0.00510	0.00283	0.00906
13	0.03346	0.01479	0.01673	0.01357	0.01649	0.03832	0.01116	0.41337	0.08273	0.02700	0.01230	0.01381	0.00954	0.00790	0.00989	0.00198	0.25886	0.00514	0.00457	0.00840
14	0.00893	0.00625	0.00826	0.00915	0.01004	0.00625	0.00736	0.01071	0.01160	0.01517	0.02632	0.05577	0.02900	0.26875	0.01475	0.00357	0.00536	0.49339	0.00469	0.00469
15	0.01690	0.01272	0.01349	0.01078	0.01450	0.01357	0.00876	0.50651	0.02242	0.02940	0.02801	0.02708	0.25236	0.00933	0.00606	0.00179	0.00520	0.00739	0.00559	0.00815
16	0.01066	0.00533	0.00533	0.00533	0.00666	0.00533	0.00400	0.01333	0.01200	0.02132	0.01866	0.02132	0.01466	0.00666	0.00400	0.00133	0.00267	0.00533	0.83073	0.00533
17	0.00778	0.00576	0.00837	0.00880	0.00959	0.00634	0.00656	0.00949	0.00976	0.01371	0.02055	0.27206	0.02190	0.03483	0.52794	0.00697	0.01144	0.00940	0.00379	0.00496
18	0.00810	0.00585	0.00765	0.00720	0.00855	0.00540	0.00540	0.01079	0.01619	0.02294	0.76028	0.04273	0.05397	0.01169	0.00675	0.00180	0.00270	0.01034	0.00630	0.00540
19	0.00855	0.00665	0.00832	0.00813	0.00999	0.00561	0.00578	0.01004	0.01124	0.01591	0.02463	0.54223	0.02835	0.01350	0.00631	0.00185	0.00361	0.01210	0.00469	0.27249
20	0.02270	0.01384	0.01574	0.01214	0.01661	0.01458	0.01000	0.48389	0.05296	0.27172	0.01697	0.01589	0.01147	0.00697	0.00574	0.00174	0.00576	0.00540	0.00616	0.00970
21	0.01941	0.27737	0.02068	0.01310	0.01671	0.51571	0.01064	0.03715	0.01497	0.01432	0.00866	0.01002	0.00741	0.00559	0.00469	0.00140	0.00887	0.00351	0.00285	0.00693
22	0.01379	0.01379	0.01129	0.01031	0.01256	0.25560	0.00781	0.01792	0.11869	0.04484	0.37181	0.02883	0.05118	0.00919	0.00607	0.00172	0.00549	0.00755	0.00515	0.00643
23	0.00697	0.00498	0.00664	0.00796	0.00830	0.00465	0.00531	0.00796	0.01095	0.01460	0.03153	0.79525	0.03783	0.01792	0.00730	0.00232	0.00332	0.01626	0.00531	0.00465
24	0.01499	0.74167	0.08810	0.01030	0.01547	0.02190	0.01068	0.01721	0.01166	0.01382	0.00813	0.00940	0.00733	0.00494	0.00381	0.00127	0.00630	0.00315	0.00244	0.00743
25	0.00883	0.00639	0.00860	0.00842	0.00927	0.00711	0.00613	0.04280	0.00971	0.01360	0.01612	0.02691	0.01619	0.28547	0.50013	0.00768	0.01176	0.00679	0.00331	0.00479
26	0.28557	0.02203	0.01369	0.01241	0.01554	0.52953	0.00948	0.02089	0.01412	0.01777	0.00856	0.00998	0.00699	0.00571	0.00463	0.00157	0.00841	0.00349	0.00314	0.00649
27	0.01232	0.01011	0.01077	0.00990	0.01208	0.01142	0.00725	0.02326	0.51246	0.01978	0.02158	0.02654	0.01854	0.26331	0.01334	0.00310	0.00486	0.00706	0.00506	0.00725
28	0.01205	0.02168	0.40598	0.01763	0.02427	0.01315	0.25179	0.01863	0.08223	0.01854	0.01533	0.01711	0.06267	0.00610	0.00599	0.00187	0.00807	0.00581	0.00310	0.00801
29	0.00802	0.00564	0.00564	0.00564	0.00738	0.00499	0.00423	0.00986	0.01270	0.01735	0.04526	0.04416	0.51994	0.01196	0.00587	0.00174	0.00282	0.00989	0.27190	0.00499
30	0.03542	0.00572	0.00728	0.00745	0.00853	0.00537	0.00537	0.00996	0.01409	0.01997	0.46698	0.30420	0.06098	0.01371	0.00683	0.00198	0.00298	0.01220	0.00584	0.00515
31	0.02222	0.01526	0.01670	0.01280	0.01736	0.01661	0.01058	0.65799	0.02563	0.12407	0.01480	0.01442	0.01026	0.00689	0.00573	0.00172	0.00612	0.00522	0.00589	0.00973
32	0.01371	0.01484	0.03035	0.02766	0.26677	0.01418	0.50838	0.01807	0.01335	0.01844	0.01131	0.01502	0.00880	0.00491	0.00640	0.00185	0.00872	0.00622	0.00287	0.00815
33	0.01421	0.40294	0.16623	0.01919	0.25835	0.01796	0.01442	0.01745	0.01216	0.01602	0.00929	0.01133	0.00788	0.00506	0.00464	0.00149	0.00677	0.00394	0.00257	0.00810
34	0.01285	0.02000	0.27133	0.02159	0.02823	0.01408	0.50953	0.01825	0.01304	0.01825	0.01115	0.01435	0.00822	0.00502	0.00633	0.00189	0.00926	0.00594	0.00274	0.00795
35	0.00859	0.00619	0.00793	0.00802	0.00911	0.00566	0.00574	0.01049	0.01495	0.02091	0.51597	0.28650	0.04894	0.01417	0.00726	0.00212	0.00321	0.01245	0.00622	0.00559

[dist]
# distance from previous block
# <min> <max>
0	340

# created by:
# /software/SequenceAnalysis/GenePrediction/augustus/3.0.1/scripts/msa2prfl.pl ./fixed/BUSCOvEOG75MPJP.fas
