[name]
unknown

[dist]
# distance from previous block
# <min> <max>
0	63

[block]
# block no. 0 follows, 40 sequences, length 14
# corresponding to MSA columns:
# 63-76
name=unknown_A
#
# <colnr> <probs for GDERKNQSTAVLIFYWHMCP>
#	G	D	E	R	K	N	Q	S	T	A	V	L	I	F	Y	W	H	M	C	P
0	0.00893	0.00640	0.00875	0.00940	0.01075	0.00623	0.00787	0.01163	0.01457	0.01969	0.31093	0.05704	0.04173	0.01445	0.00758	0.00235	0.00435	0.44618	0.00576	0.00541
1	0.01484	0.49662	0.03196	0.01557	0.02090	0.01980	0.29116	0.01788	0.01255	0.01559	0.00951	0.01178	0.00799	0.00495	0.00494	0.00152	0.00760	0.00456	0.00266	0.00761
2	0.33191	0.01282	0.01779	0.02486	0.47049	0.01352	0.01339	0.01756	0.01195	0.02174	0.00984	0.01248	0.00809	0.00527	0.00492	0.00176	0.00598	0.00440	0.00316	0.00809
3	0.00938	0.00540	0.00765	0.00748	0.00801	0.00522	0.00522	0.00889	0.01101	0.01521	0.29823	0.02762	0.02739	0.01699	0.01660	0.51071	0.00416	0.00716	0.00402	0.00367
4	0.33191	0.01282	0.01779	0.02486	0.47049	0.01352	0.01339	0.01756	0.01195	0.02174	0.00984	0.01248	0.00809	0.00527	0.00492	0.00176	0.00598	0.00440	0.00316	0.00809
5	0.04509	0.47239	0.31346	0.01242	0.01874	0.01896	0.01427	0.01779	0.01192	0.01598	0.00899	0.01047	0.00738	0.00520	0.00442	0.00150	0.00707	0.00357	0.00252	0.00786
6	0.32858	0.00808	0.00770	0.00730	0.00974	0.00830	0.00564	0.01315	0.01226	0.06271	0.12118	0.13458	0.23926	0.01082	0.00562	0.00193	0.00369	0.00875	0.00493	0.00577
7	0.33024	0.02281	0.47322	0.01313	0.01979	0.01333	0.01562	0.01791	0.01136	0.02138	0.00953	0.01118	0.00695	0.00548	0.00478	0.00183	0.00701	0.00385	0.00290	0.00771
8	0.00709	0.00506	0.00675	0.00810	0.00843	0.00472	0.00540	0.00810	0.01113	0.01484	0.03205	0.79184	0.03846	0.01822	0.00742	0.00236	0.00337	0.01653	0.00540	0.00472
9	0.01037	0.02087	0.47353	0.01378	0.01946	0.01110	0.01600	0.01531	0.01115	0.01652	0.01242	0.01636	0.01014	0.02023	0.30171	0.00474	0.01129	0.00504	0.00271	0.00728
10	0.01375	0.01339	0.02137	0.02781	0.47204	0.01536	0.01587	0.01636	0.01157	0.01707	0.00966	0.01375	0.00860	0.00711	0.01090	0.00204	0.30735	0.00515	0.00275	0.00811
11	0.00849	0.00606	0.00836	0.00970	0.01065	0.00593	0.00784	0.01052	0.01252	0.01642	0.03128	0.34602	0.03540	0.01690	0.00780	0.00256	0.00459	0.44850	0.00537	0.00511
12	0.01416	0.01358	0.02319	0.08553	0.71130	0.01376	0.01773	0.01765	0.01313	0.01872	0.01090	0.01447	0.00911	0.00522	0.00576	0.00174	0.00696	0.00518	0.00286	0.00903
13	0.01822	0.00835	0.01145	0.01025	0.01328	0.00759	0.00862	0.02068	0.01537	0.41683	0.08395	0.03935	0.02496	0.01099	0.00677	0.00214	0.00493	0.28206	0.00642	0.00779

[dist]
# distance from previous block
# <min> <max>
0	1

[block]
# block no. 1 follows, 40 sequences, length 17
# corresponding to MSA columns:
# 78-94
name=unknown_B
#
# <colnr> <probs for GDERKNQSTAVLIFYWHMCP>
#	G	D	E	R	K	N	Q	S	T	A	V	L	I	F	Y	W	H	M	C	P
0	0.83671	0.01125	0.00855	0.00765	0.01125	0.01305	0.00630	0.01709	0.00990	0.02609	0.00810	0.00945	0.00630	0.00540	0.00360	0.00180	0.00450	0.00315	0.00360	0.00630
1	0.26886	0.02272	0.01407	0.01276	0.01594	0.54205	0.00974	0.02136	0.01448	0.01783	0.00872	0.01017	0.00713	0.00581	0.00474	0.00159	0.00867	0.00356	0.00318	0.00661
2	0.39037	0.01073	0.01159	0.03577	0.01417	0.01115	0.00795	0.03919	0.01351	0.37175	0.01527	0.01469	0.01026	0.00640	0.00513	0.00182	0.02232	0.00458	0.00528	0.00808
3	0.26409	0.01266	0.01823	0.06846	0.45787	0.01329	0.01383	0.01792	0.01229	0.05463	0.01059	0.01320	0.00848	0.00537	0.00511	0.00176	0.00614	0.00459	0.00328	0.00820
4	0.00804	0.00546	0.00647	0.00687	0.00698	0.00536	0.00409	0.00835	0.00927	0.01236	0.02249	0.26664	0.02639	0.55988	0.02287	0.00464	0.00495	0.01091	0.00409	0.00389
5	0.01024	0.00918	0.01500	0.51907	0.03014	0.01139	0.01333	0.01347	0.01084	0.01441	0.01182	0.01763	0.00981	0.01744	0.23883	0.00421	0.03891	0.00549	0.00274	0.00607
6	0.01213	0.01954	0.34650	0.01560	0.02013	0.01363	0.07902	0.01619	0.01146	0.04276	0.01301	0.09299	0.01183	0.00857	0.01004	0.00214	0.24338	0.03060	0.00309	0.00740
7	0.00804	0.00546	0.00647	0.00687	0.00698	0.00536	0.00409	0.00835	0.00927	0.01236	0.02249	0.26664	0.02639	0.55988	0.02287	0.00464	0.00495	0.01091	0.00409	0.00389
8	0.00930	0.00772	0.01186	0.01647	0.23615	0.00748	0.00917	0.01105	0.01177	0.01610	0.02565	0.55608	0.02959	0.01427	0.00692	0.00217	0.00445	0.01309	0.00463	0.00608
9	0.01142	0.02207	0.49713	0.01483	0.02104	0.01133	0.03558	0.01676	0.01277	0.03851	0.01698	0.02874	0.01551	0.00875	0.00633	0.00210	0.00754	0.22150	0.00348	0.00763
10	0.01579	0.01766	0.24165	0.01297	0.01788	0.01328	0.01285	0.30800	0.04006	0.05874	0.01702	0.13813	0.01482	0.00856	0.00597	0.00189	0.00630	0.02387	0.03616	0.00838
11	0.26329	0.01434	0.02650	0.01940	0.02459	0.01420	0.51628	0.01816	0.01256	0.02089	0.01065	0.01379	0.00806	0.00505	0.00587	0.00191	0.00820	0.00574	0.00314	0.00737
12	0.01295	0.20295	0.54625	0.01486	0.02214	0.01573	0.01815	0.01824	0.01213	0.03589	0.01009	0.01182	0.00758	0.00565	0.00574	0.00174	0.04313	0.00410	0.00259	0.00827
13	0.01492	0.53071	0.02752	0.01766	0.24043	0.01955	0.01217	0.01730	0.01243	0.01566	0.03751	0.01217	0.00980	0.00530	0.00446	0.00141	0.00630	0.00402	0.00276	0.00792
14	0.00828	0.00614	0.00887	0.00873	0.00987	0.00673	0.00673	0.01056	0.01150	0.01648	0.24019	0.02909	0.02677	0.03399	0.54038	0.00707	0.01168	0.00753	0.00411	0.00528
15	0.01746	0.49228	0.06584	0.01204	0.01653	0.27971	0.01102	0.01946	0.01344	0.01413	0.00852	0.00989	0.00747	0.00535	0.00435	0.00136	0.00781	0.00339	0.00266	0.00728
16	0.01511	0.01214	0.01369	0.01006	0.01507	0.01087	0.00815	0.23459	0.01669	0.02432	0.01144	0.01264	0.00900	0.00512	0.00476	0.00113	0.00494	0.00399	0.00416	0.58213

[dist]
# distance from previous block
# <min> <max>
0	2

[block]
# block no. 2 follows, 40 sequences, length 9
# corresponding to MSA columns:
# 97-105
name=unknown_C
#
# <colnr> <probs for GDERKNQSTAVLIFYWHMCP>
#	G	D	E	R	K	N	Q	S	T	A	V	L	I	F	Y	W	H	M	C	P
0	0.02174	0.01564	0.01690	0.01309	0.01763	0.01724	0.01077	0.64646	0.08177	0.07597	0.01520	0.01487	0.01074	0.00706	0.00583	0.00177	0.00618	0.00537	0.00590	0.00984
1	0.00780	0.00547	0.00708	0.00809	0.00851	0.00527	0.00559	0.00883	0.01084	0.01438	0.02845	0.48612	0.03335	0.21033	0.01301	0.00322	0.00426	0.12993	0.00493	0.00453
2	0.01565	0.01850	0.02897	0.02163	0.02647	0.20244	0.51756	0.01950	0.01414	0.01728	0.01085	0.01423	0.00843	0.00547	0.00715	0.00188	0.05344	0.00599	0.00293	0.00749
3	0.01269	0.24750	0.32893	0.01225	0.01787	0.01433	0.04726	0.01693	0.01219	0.01785	0.01193	0.01390	0.00933	0.00565	0.00470	0.00155	0.00650	0.00435	0.20685	0.00744
4	0.01439	0.01382	0.02360	0.03569	0.75936	0.01382	0.01785	0.01785	0.01324	0.01900	0.01094	0.01439	0.00921	0.00518	0.00576	0.00173	0.00691	0.00518	0.00288	0.00921
5	0.00834	0.00608	0.00860	0.00860	0.00938	0.00687	0.00634	0.00991	0.00913	0.01295	0.01626	0.02661	0.01617	0.22979	0.58864	0.00843	0.01312	0.00678	0.00322	0.00478
6	0.01803	0.02098	0.04615	0.01344	0.01641	0.45108	0.01066	0.11496	0.01598	0.01720	0.01134	0.01408	0.00955	0.01542	0.19530	0.00349	0.01113	0.00458	0.00338	0.00685
7	0.02020	0.01568	0.01898	0.01890	0.20156	0.01699	0.01273	0.56119	0.02385	0.03228	0.01321	0.01407	0.00972	0.00654	0.00580	0.00174	0.00653	0.00522	0.00509	0.00972
8	0.01246	0.01185	0.02012	0.45789	0.35225	0.01331	0.01689	0.01616	0.01233	0.01665	0.01060	0.01502	0.00839	0.00554	0.00579	0.00185	0.00739	0.00517	0.00271	0.00765

[dist]
# distance from previous block
# <min> <max>
6	8

[block]
# block no. 3 follows, 40 sequences, length 36
# corresponding to MSA columns:
# 114-149
name=unknown_D
#
# <colnr> <probs for GDERKNQSTAVLIFYWHMCP>
#	G	D	E	R	K	N	Q	S	T	A	V	L	I	F	Y	W	H	M	C	P
0	0.00815	0.00594	0.00767	0.00724	0.00864	0.00545	0.00543	0.01083	0.01628	0.02289	0.71730	0.04414	0.09412	0.01205	0.00686	0.00184	0.00275	0.01061	0.00635	0.00545
1	0.02508	0.01019	0.01354	0.01046	0.01485	0.00912	0.00861	0.06766	0.03328	0.68457	0.04425	0.02021	0.01542	0.00734	0.00588	0.00180	0.00496	0.00597	0.00707	0.00975
2	0.01804	0.01169	0.01326	0.01138	0.01504	0.01264	0.00900	0.03011	0.52342	0.25186	0.02344	0.02111	0.01672	0.00768	0.00590	0.00192	0.00471	0.00635	0.00631	0.00942
3	0.00814	0.00590	0.00747	0.00833	0.00907	0.00567	0.00574	0.05850	0.01248	0.01660	0.04997	0.68321	0.07276	0.01712	0.00727	0.00229	0.00354	0.01539	0.00545	0.00511
4	0.02587	0.01025	0.01372	0.01052	0.01502	0.00908	0.00869	0.06812	0.01724	0.72276	0.02244	0.01947	0.01414	0.00719	0.00585	0.00180	0.00503	0.00581	0.00712	0.00990
5	0.01210	0.10286	0.67806	0.01640	0.04153	0.01442	0.02030	0.01831	0.01226	0.01798	0.01022	0.01205	0.00742	0.00546	0.00536	0.00178	0.00833	0.00421	0.00247	0.00850
6	0.83671	0.01125	0.00855	0.00765	0.01125	0.01305	0.00630	0.01709	0.00990	0.02609	0.00810	0.00945	0.00630	0.00540	0.00360	0.00180	0.00450	0.00315	0.00360	0.00630
7	0.01235	0.01173	0.01991	0.48320	0.32784	0.01328	0.01683	0.01605	0.01227	0.01651	0.01058	0.01506	0.00834	0.00556	0.00579	0.00185	0.00741	0.00517	0.00270	0.00756
8	0.01234	0.08238	0.69362	0.01594	0.02417	0.01402	0.02033	0.01863	0.01237	0.03923	0.01063	0.01229	0.00757	0.00553	0.00541	0.00180	0.00833	0.00426	0.00259	0.00855
9	0.01010	0.00505	0.00758	0.00758	0.00758	0.00505	0.00505	0.00758	0.00758	0.01010	0.01010	0.01768	0.01010	0.02020	0.02273	0.83081	0.00505	0.00505	0.00253	0.00253
10	0.02149	0.01576	0.01688	0.01301	0.01747	0.01742	0.01070	0.70410	0.02650	0.03565	0.01419	0.01476	0.01030	0.02712	0.00638	0.00184	0.00629	0.00532	0.02520	0.00962
11	0.00731	0.00548	0.00684	0.00768	0.00858	0.00496	0.00539	0.00865	0.01209	0.01581	0.08739	0.52860	0.19945	0.01665	0.00723	0.00222	0.00334	0.04675	0.00543	0.02013
12	0.01211	0.05442	0.72488	0.01622	0.02461	0.01370	0.02082	0.01861	0.01236	0.03503	0.01064	0.01235	0.00753	0.00554	0.00547	0.00182	0.00844	0.00429	0.00256	0.00859
13	0.01846	0.04988	0.01606	0.01246	0.01646	0.01644	0.01011	0.42332	0.28480	0.03031	0.01791	0.04800	0.01376	0.00767	0.00582	0.00183	0.00562	0.00608	0.00569	0.00932
14	0.02211	0.01629	0.01745	0.01338	0.01803	0.01803	0.01105	0.73997	0.02734	0.03665	0.01396	0.01396	0.00989	0.00698	0.00582	0.00175	0.00640	0.00524	0.00582	0.00989
15	0.01415	0.01165	0.01316	0.00983	0.01470	0.01035	0.00790	0.14800	0.09572	0.02275	0.01246	0.01346	0.00985	0.00519	0.00476	0.00114	0.00472	0.00411	0.00415	0.59196
16	0.02609	0.00990	0.01350	0.01035	0.01484	0.00855	0.00855	0.02834	0.01664	0.76338	0.02294	0.01979	0.01439	0.00720	0.00585	0.00180	0.00495	0.00585	0.00720	0.00990
17	0.01312	0.01422	0.02927	0.20929	0.09718	0.01419	0.49927	0.01764	0.01317	0.01775	0.01134	0.01553	0.00860	0.00515	0.00651	0.00193	0.00905	0.00630	0.00285	0.00763
18	0.02127	0.02611	0.01631	0.01469	0.01779	0.68241	0.01109	0.06188	0.06511	0.01609	0.01022	0.01141	0.00829	0.00617	0.00532	0.00154	0.00988	0.00401	0.00334	0.00707
19	0.01010	0.00505	0.00758	0.00758	0.00758	0.00505	0.00505	0.00758	0.00758	0.01010	0.01010	0.01768	0.01010	0.02020	0.02273	0.83081	0.00505	0.00505	0.00253	0.00253
20	0.01476	0.01311	0.01328	0.01196	0.01524	0.04513	0.00929	0.03059	0.71921	0.02392	0.02307	0.02124	0.01734	0.00781	0.00589	0.00195	0.00484	0.00646	0.00580	0.00910
21	0.01341	0.01114	0.01279	0.00926	0.01436	0.00914	0.00745	0.11252	0.01412	0.02134	0.01083	0.01232	0.00879	0.00467	0.00451	0.00098	0.00459	0.00369	0.00377	0.72036
22	0.01206	0.01034	0.01206	0.00861	0.01378	0.00775	0.00689	0.01464	0.01206	0.01895	0.01034	0.01206	0.00861	0.00431	0.00431	0.00086	0.00431	0.00345	0.00345	0.83118
23	0.01373	0.01569	0.03431	0.02451	0.03039	0.01471	0.73824	0.01863	0.01373	0.01863	0.01176	0.01569	0.00882	0.00490	0.00686	0.00196	0.00980	0.00686	0.00294	0.00784
24	0.01298	0.01048	0.01228	0.00883	0.01395	0.00808	0.00708	0.03564	0.01270	0.05312	0.01101	0.01246	0.00891	0.00451	0.00442	0.00093	0.00439	0.00360	0.00368	0.77097
25	0.01324	0.01264	0.02152	0.28848	0.51561	0.01351	0.01727	0.01683	0.01269	0.01760	0.01073	0.01477	0.00872	0.00540	0.00578	0.00180	0.00719	0.00518	0.00278	0.00828
26	0.01412	0.01125	0.01249	0.01147	0.01442	0.01255	0.00922	0.10005	0.45925	0.04236	0.04374	0.03174	0.03741	0.00982	0.00641	0.00209	0.00488	0.16265	0.00582	0.00826
27	0.03927	0.00954	0.01066	0.00991	0.01222	0.03376	0.00753	0.16120	0.05215	0.05406	0.02367	0.37857	0.02503	0.01251	0.00647	0.00201	0.00462	0.05942	0.00525	0.09215
28	0.01034	0.00771	0.01021	0.02189	0.01200	0.00682	0.03174	0.03672	0.01278	0.05265	0.07373	0.38829	0.02753	0.01230	0.00639	0.00186	0.00416	0.04625	0.00490	0.23175
29	0.01934	0.01412	0.01534	0.01192	0.01603	0.01511	0.00960	0.53833	0.04121	0.05208	0.01459	0.01697	0.01141	0.10010	0.00848	0.00212	0.00600	0.00548	0.00534	0.09643
30	0.01860	0.01514	0.01489	0.01259	0.01630	0.10480	0.01006	0.28050	0.31225	0.08051	0.01882	0.01991	0.01437	0.00774	0.00591	0.00186	0.00601	0.04515	0.00560	0.00899
31	0.02174	0.01150	0.01390	0.01101	0.01508	0.01147	0.00897	0.21659	0.10780	0.40232	0.09804	0.02096	0.01787	0.00772	0.00595	0.00181	0.00506	0.00627	0.00659	0.00935
32	0.01292	0.01217	0.01659	0.01420	0.01466	0.01648	0.01178	0.05011	0.01013	0.01574	0.00900	0.01367	0.00846	0.01061	0.03827	0.00258	0.65563	0.00512	0.05948	0.02240
33	0.01106	0.01034	0.01707	0.72851	0.03825	0.01256	0.01551	0.01484	0.01166	0.01514	0.01034	0.01527	0.00781	0.00571	0.00571	0.00186	0.00752	0.00505	0.00264	0.06316
34	0.02391	0.01315	0.01553	0.01215	0.01666	0.01286	0.00983	0.29884	0.03787	0.39185	0.04158	0.01941	0.01467	0.00788	0.00629	0.00195	0.00580	0.00600	0.00674	0.05704
35	0.09813	0.01422	0.01569	0.01237	0.01677	0.01473	0.01001	0.42016	0.02244	0.21827	0.05375	0.01807	0.01402	0.00783	0.00613	0.00196	0.00599	0.00578	0.00627	0.03742

[dist]
# distance from previous block
# <min> <max>
0	1

[block]
# block no. 4 follows, 40 sequences, length 26
# corresponding to MSA columns:
# 151-176
name=unknown_E
#
# <colnr> <probs for GDERKNQSTAVLIFYWHMCP>
#	G	D	E	R	K	N	Q	S	T	A	V	L	I	F	Y	W	H	M	C	P
0	0.69963	0.01127	0.00954	0.00822	0.01198	0.01266	0.00678	0.04702	0.01146	0.12201	0.01025	0.01096	0.00749	0.00569	0.00398	0.00180	0.00463	0.00358	0.00415	0.00691
1	0.01521	0.01399	0.02571	0.01887	0.02368	0.01367	0.42146	0.09076	0.01462	0.08802	0.01306	0.03900	0.01021	0.00617	0.00757	0.00187	0.08344	0.00634	0.00371	0.10263
2	0.11111	0.01062	0.01268	0.00971	0.01413	0.00941	0.03572	0.06902	0.03174	0.12559	0.03981	0.05888	0.01279	0.00620	0.00495	0.00136	0.00468	0.00508	0.00442	0.43212
3	0.08892	0.01507	0.03077	0.02230	0.02755	0.01478	0.61899	0.01815	0.01303	0.01898	0.01113	0.01490	0.00851	0.00533	0.00745	0.00199	0.06520	0.00640	0.00297	0.00759
4	0.03800	0.02207	0.01791	0.01502	0.01874	0.43053	0.07740	0.20661	0.08000	0.02146	0.01172	0.01276	0.00906	0.00629	0.00556	0.00165	0.00876	0.00463	0.00397	0.00784
5	0.05662	0.01229	0.01263	0.01048	0.01377	0.08062	0.00831	0.21904	0.07069	0.11273	0.25854	0.02421	0.02527	0.00834	0.00591	0.00172	0.00505	0.00678	0.00566	0.06134
6	0.04918	0.01205	0.01382	0.01178	0.01500	0.01361	0.00944	0.07918	0.39536	0.18633	0.02083	0.01977	0.02969	0.00801	0.00753	0.00198	0.10585	0.00611	0.00565	0.00884
7	0.07886	0.01163	0.01452	0.01301	0.08223	0.01146	0.00961	0.12749	0.11755	0.40961	0.01913	0.01770	0.01294	0.00684	0.00562	0.00177	0.00523	0.00551	0.00603	0.04327
8	0.01956	0.01499	0.01657	0.01283	0.01708	0.01646	0.01056	0.54596	0.05161	0.03166	0.01326	0.01389	0.00981	0.00694	0.00683	0.00171	0.07725	0.00503	0.00519	0.12281
9	0.19405	0.01434	0.01503	0.01175	0.01616	0.01567	0.00971	0.48950	0.02219	0.13489	0.01397	0.01382	0.00976	0.00668	0.00535	0.00176	0.00580	0.00488	0.00554	0.00913
10	0.01555	0.79913	0.03047	0.00995	0.01493	0.02301	0.00995	0.01741	0.01182	0.01368	0.00808	0.00933	0.00746	0.00498	0.00373	0.00124	0.00622	0.00311	0.00249	0.00746
11	0.01408	0.01350	0.02304	0.10392	0.69357	0.01373	0.01769	0.01757	0.01309	0.01862	0.01088	0.01449	0.00908	0.00524	0.00576	0.00175	0.00699	0.00518	0.00285	0.00896
12	0.02609	0.00990	0.01350	0.01035	0.01484	0.00855	0.00855	0.02834	0.01664	0.76338	0.02294	0.01979	0.01439	0.00720	0.00585	0.00180	0.00495	0.00585	0.00720	0.00990
13	0.00840	0.00561	0.00636	0.00642	0.00643	0.00560	0.00360	0.00844	0.00857	0.01142	0.01889	0.06940	0.02186	0.76330	0.02868	0.00550	0.00554	0.00879	0.00360	0.00357
14	0.01166	0.03008	0.76550	0.01657	0.02517	0.01351	0.02149	0.01842	0.01228	0.01842	0.01044	0.01228	0.00737	0.00552	0.00552	0.00184	0.00859	0.00430	0.00246	0.00859
15	0.01555	0.79913	0.03047	0.00995	0.01493	0.02301	0.00995	0.01741	0.01182	0.01368	0.00808	0.00933	0.00746	0.00498	0.00373	0.00124	0.00622	0.00311	0.00249	0.00746
16	0.01010	0.00505	0.00758	0.00758	0.00758	0.00505	0.00505	0.00758	0.00758	0.01010	0.01010	0.01768	0.01010	0.02020	0.02273	0.83081	0.00505	0.00505	0.00253	0.00253
17	0.00709	0.00506	0.00675	0.00810	0.00843	0.00472	0.00540	0.00810	0.01113	0.01484	0.03205	0.79184	0.03846	0.01822	0.00742	0.00236	0.00337	0.01653	0.00540	0.00472
18	0.02180	0.02533	0.01668	0.01465	0.01799	0.61490	0.01120	0.17278	0.01875	0.01891	0.01003	0.01121	0.00799	0.00620	0.00536	0.00155	0.00963	0.00406	0.00358	0.00740
19	0.04070	0.73399	0.06880	0.01023	0.01536	0.02220	0.01045	0.01746	0.01178	0.01432	0.00821	0.00949	0.00742	0.00502	0.00382	0.00129	0.00629	0.00317	0.00252	0.00749
20	0.01555	0.79913	0.03047	0.00995	0.01493	0.02301	0.00995	0.01741	0.01182	0.01368	0.00808	0.00933	0.00746	0.00498	0.00373	0.00124	0.00622	0.00311	0.00249	0.00746
21	0.00749	0.00544	0.00709	0.00786	0.00864	0.00504	0.00555	0.00907	0.01282	0.01729	0.22682	0.50411	0.09421	0.01618	0.00726	0.00221	0.00327	0.04904	0.00566	0.00497
22	0.46397	0.01643	0.01214	0.01062	0.01419	0.21776	0.00843	0.12022	0.05024	0.02429	0.00992	0.01095	0.00768	0.00590	0.00446	0.00172	0.00638	0.00377	0.00386	0.00706
23	0.02187	0.01575	0.01707	0.01315	0.01769	0.01735	0.01085	0.69116	0.02641	0.06461	0.01436	0.01444	0.01020	0.00803	0.02766	0.00196	0.00660	0.00529	0.00579	0.00976
24	0.00845	0.00619	0.00913	0.00913	0.01018	0.00717	0.00709	0.01056	0.00950	0.01396	0.01577	0.02278	0.01456	0.04156	0.72978	0.00890	0.01486	0.00619	0.04906	0.00520
25	0.01363	0.01539	0.03307	0.02362	0.02947	0.01432	0.69750	0.01841	0.01363	0.01865	0.01169	0.01548	0.00881	0.00487	0.00672	0.00190	0.00950	0.00667	0.00297	0.05371

[dist]
# distance from previous block
# <min> <max>
0	7

[block]
# block no. 5 follows, 40 sequences, length 54
# corresponding to MSA columns:
# 184-237
name=unknown_F
#
# <colnr> <probs for GDERKNQSTAVLIFYWHMCP>
#	G	D	E	R	K	N	Q	S	T	A	V	L	I	F	Y	W	H	M	C	P
0	0.79344	0.01260	0.01010	0.00907	0.01277	0.01408	0.00722	0.03713	0.01153	0.02775	0.01012	0.01215	0.00817	0.00665	0.00448	0.00213	0.00518	0.00383	0.00426	0.00733
1	0.09028	0.01393	0.01410	0.01134	0.01550	0.14116	0.00916	0.11644	0.03438	0.46636	0.01823	0.01667	0.01206	0.00683	0.00556	0.00174	0.00604	0.00521	0.00598	0.00905
2	0.01363	0.01539	0.03308	0.02363	0.02947	0.01432	0.69757	0.01841	0.01363	0.01865	0.01169	0.01548	0.00881	0.00487	0.00672	0.00190	0.00950	0.00667	0.00297	0.05363
3	0.15380	0.02684	0.63510	0.01504	0.02277	0.01343	0.01887	0.01819	0.01187	0.01974	0.01003	0.01179	0.00718	0.00550	0.00519	0.00183	0.00789	0.00410	0.00265	0.00820
4	0.02083	0.02502	0.01613	0.01447	0.01762	0.62525	0.01097	0.07302	0.10966	0.01703	0.01118	0.01214	0.00895	0.00630	0.00537	0.00157	0.00947	0.00420	0.00356	0.00727
5	0.01098	0.01034	0.01744	0.78165	0.04005	0.01292	0.01615	0.01486	0.01163	0.01486	0.01034	0.01550	0.00775	0.00581	0.00581	0.00194	0.00775	0.00517	0.00258	0.00646
6	0.00831	0.00623	0.00935	0.00935	0.01038	0.00727	0.00727	0.01038	0.00935	0.01350	0.01558	0.02285	0.01454	0.04361	0.77259	0.00935	0.01558	0.00623	0.00312	0.00519
7	0.00823	0.00594	0.00777	0.00732	0.00869	0.00549	0.00549	0.01097	0.01646	0.02332	0.75629	0.04344	0.05487	0.01189	0.00686	0.00183	0.00274	0.01052	0.00640	0.00549
8	0.83671	0.01125	0.00855	0.00765	0.01125	0.01305	0.00630	0.01709	0.00990	0.02609	0.00810	0.00945	0.00630	0.00540	0.00360	0.00180	0.00450	0.00315	0.00360	0.00630
9	0.00846	0.00564	0.00634	0.00634	0.00634	0.00564	0.00352	0.00846	0.00846	0.01128	0.01832	0.03805	0.02114	0.79563	0.02960	0.00564	0.00564	0.00846	0.00352	0.00352
10	0.83671	0.01125	0.00855	0.00765	0.01125	0.01305	0.00630	0.01709	0.00990	0.02609	0.00810	0.00945	0.00630	0.00540	0.00360	0.00180	0.00450	0.00315	0.00360	0.00630
11	0.02132	0.02704	0.01654	0.01499	0.01786	0.73854	0.01130	0.02281	0.01614	0.01422	0.00893	0.01059	0.00750	0.00618	0.00586	0.00154	0.04513	0.00381	0.00298	0.00672
12	0.01446	0.01249	0.01315	0.01183	0.01512	0.01446	0.00920	0.03090	0.74885	0.02433	0.02367	0.02170	0.01775	0.00789	0.00592	0.00197	0.00460	0.00657	0.00592	0.00920
13	0.01073	0.00753	0.00943	0.00827	0.01054	0.00654	0.00626	0.01317	0.01613	0.06473	0.57618	0.03732	0.04468	0.01074	0.00667	0.00180	0.00343	0.00920	0.00616	0.15048
14	0.01562	0.01320	0.01374	0.01086	0.01536	0.06774	0.00852	0.11063	0.14778	0.04696	0.01472	0.03058	0.01186	0.00632	0.00532	0.00144	0.00536	0.00486	0.00458	0.46455
15	0.01324	0.01087	0.01263	0.00920	0.01437	0.00824	0.00728	0.01557	0.01268	0.04111	0.01148	0.01337	0.00952	0.00493	0.00470	0.00104	0.00460	0.00378	0.00382	0.79757
16	0.01326	0.01507	0.12011	0.01481	0.02065	0.01099	0.22019	0.01683	0.01305	0.01948	0.01155	0.01422	0.00925	0.00518	0.00556	0.00146	0.00674	0.00481	0.00343	0.47335
17	0.01480	0.01397	0.02337	0.11046	0.67868	0.01411	0.01788	0.01804	0.01355	0.01928	0.01165	0.01556	0.00980	0.00577	0.00609	0.00189	0.00723	0.00543	0.00312	0.00931
18	0.01368	0.01282	0.02134	0.35607	0.44184	0.01382	0.01732	0.01706	0.01302	0.01791	0.01146	0.01593	0.00932	0.00598	0.00611	0.00196	0.00751	0.00542	0.00302	0.00840
19	0.01340	0.21856	0.57674	0.01539	0.02307	0.01622	0.01882	0.01866	0.01265	0.01796	0.01064	0.01264	0.00815	0.00591	0.00542	0.00184	0.00823	0.00426	0.00274	0.00869
20	0.05228	0.61007	0.16788	0.01161	0.01722	0.02105	0.01226	0.01809	0.01230	0.01588	0.00934	0.01101	0.00815	0.00563	0.00442	0.00153	0.00684	0.00361	0.00281	0.00801
21	0.01628	0.78980	0.03077	0.01047	0.01546	0.02328	0.01025	0.01791	0.01230	0.01444	0.00890	0.01045	0.00822	0.00551	0.00409	0.00139	0.00647	0.00338	0.00276	0.00785
22	0.00922	0.00621	0.00696	0.00699	0.00708	0.00608	0.00399	0.00905	0.00911	0.01222	0.01962	0.07253	0.02250	0.75149	0.02864	0.00559	0.00579	0.00902	0.00387	0.00402
23	0.00791	0.00573	0.00728	0.00848	0.00901	0.00524	0.00569	0.00873	0.01178	0.01565	0.03451	0.72984	0.09090	0.01833	0.00769	0.00247	0.00363	0.01633	0.00564	0.00516
24	0.02243	0.02646	0.01709	0.01522	0.01849	0.65897	0.01150	0.12267	0.01841	0.01808	0.01048	0.01207	0.00858	0.00665	0.00566	0.00168	0.01012	0.00422	0.00366	0.00758
25	0.02220	0.02400	0.01730	0.01495	0.01841	0.50428	0.01151	0.24573	0.02003	0.02193	0.01129	0.01275	0.00900	0.00695	0.00621	0.00176	0.03495	0.00452	0.00413	0.00811
26	0.02669	0.01044	0.01401	0.01086	0.01538	0.00900	0.00887	0.02870	0.01707	0.75476	0.02357	0.02078	0.01507	0.00770	0.00618	0.00194	0.00521	0.00609	0.00742	0.01026
27	0.00997	0.00714	0.00964	0.01060	0.01201	0.00695	0.00897	0.01242	0.01442	0.01920	0.16400	0.06196	0.03781	0.01569	0.00812	0.00265	0.00514	0.58172	0.00579	0.00580
28	0.02158	0.01617	0.01725	0.01362	0.01809	0.01782	0.01106	0.62244	0.13852	0.03523	0.01619	0.01621	0.01183	0.00763	0.00616	0.00192	0.00637	0.00569	0.00607	0.01015
29	0.02276	0.01676	0.01791	0.01386	0.01853	0.01837	0.01134	0.73142	0.02763	0.03712	0.01470	0.01503	0.01062	0.00749	0.00615	0.00189	0.00665	0.00548	0.00605	0.01025
30	0.00789	0.00581	0.00720	0.00826	0.00896	0.00525	0.00559	0.00876	0.01199	0.01574	0.03717	0.65690	0.16211	0.01798	0.00764	0.00243	0.00359	0.01591	0.00564	0.00518
31	0.00954	0.00670	0.00928	0.00925	0.01040	0.00744	0.00709	0.01148	0.01032	0.01556	0.01684	0.02361	0.01527	0.03779	0.64075	0.00812	0.01366	0.00634	0.13492	0.00565
32	0.02247	0.01662	0.01775	0.01380	0.01843	0.01823	0.01127	0.70502	0.05450	0.03666	0.01506	0.01531	0.01091	0.00752	0.00615	0.00190	0.00658	0.00553	0.00606	0.01023
33	0.81471	0.01247	0.00987	0.00892	0.01259	0.01395	0.00710	0.01826	0.01108	0.02748	0.00997	0.01203	0.00808	0.00661	0.00442	0.00213	0.00513	0.00378	0.00421	0.00723
34	0.01154	0.00656	0.00871	0.00863	0.00906	0.00617	0.00581	0.00911	0.00954	0.01266	0.01808	0.02485	0.10605	0.02029	0.02100	0.70260	0.00540	0.00654	0.00353	0.00387
35	0.02411	0.01656	0.01802	0.01410	0.01878	0.01760	0.01140	0.63045	0.02667	0.12947	0.01680	0.01715	0.01213	0.00817	0.00658	0.00208	0.00679	0.00588	0.00653	0.01072
36	0.12639	0.01806	0.01728	0.01395	0.01832	0.10601	0.01114	0.54556	0.02455	0.03379	0.01435	0.01544	0.01083	0.00783	0.00623	0.00205	0.00721	0.00537	0.00575	0.00990
37	0.01014	0.00693	0.00779	0.00792	0.00815	0.00662	0.00469	0.00981	0.01009	0.01364	0.02200	0.15513	0.02514	0.65511	0.02628	0.00536	0.00589	0.01017	0.00442	0.00472
38	0.01900	0.01375	0.01494	0.01294	0.01668	0.01484	0.01005	0.12076	0.52133	0.14472	0.02375	0.02265	0.01768	0.00880	0.00665	0.00224	0.00551	0.00682	0.00665	0.01025
39	0.01413	0.01145	0.01236	0.01135	0.01391	0.01234	0.00843	0.02467	0.48233	0.02391	0.17739	0.03053	0.02738	0.10930	0.00986	0.00273	0.00497	0.00816	0.00626	0.00856
40	0.81471	0.01247	0.00987	0.00892	0.01259	0.01395	0.00710	0.01826	0.01108	0.02748	0.00997	0.01203	0.00808	0.00661	0.00442	0.00213	0.00513	0.00378	0.00421	0.00723
41	0.02748	0.01116	0.01467	0.01154	0.01609	0.00959	0.00928	0.02918	0.01763	0.74350	0.02439	0.02208	0.01594	0.00836	0.00661	0.00213	0.00556	0.00640	0.00770	0.01073
42	0.02241	0.01677	0.01784	0.01424	0.01873	0.01824	0.01143	0.60918	0.14106	0.03580	0.01719	0.01762	0.01280	0.00829	0.00659	0.00211	0.00669	0.00601	0.00638	0.01061
43	0.01579	0.01544	0.02132	0.30800	0.38089	0.11011	0.01686	0.01857	0.01414	0.01847	0.01226	0.01675	0.01015	0.00673	0.00647	0.00211	0.00823	0.00556	0.00341	0.00874
44	0.01198	0.00838	0.00910	0.00851	0.00939	0.00828	0.00541	0.10220	0.01234	0.01655	0.02168	0.03780	0.06331	0.62967	0.02537	0.00515	0.00617	0.00874	0.00453	0.00542
45	0.02698	0.01197	0.01517	0.01192	0.01649	0.01078	0.00960	0.11900	0.01898	0.65177	0.02325	0.02134	0.01537	0.00833	0.00660	0.00212	0.00575	0.00632	0.00753	0.01073
46	0.02200	0.01645	0.01765	0.01381	0.01852	0.01734	0.01111	0.59752	0.05783	0.03496	0.01563	0.01651	0.01175	0.00785	0.00639	0.00197	0.00663	0.00564	0.00607	0.11436
47	0.02374	0.01128	0.01395	0.01122	0.01533	0.01018	0.00894	0.11569	0.01854	0.52382	0.06011	0.02699	0.11189	0.00950	0.00678	0.00214	0.00539	0.00735	0.00726	0.00990
48	0.02557	0.01121	0.01517	0.10890	0.01927	0.01014	0.01024	0.02748	0.01700	0.64902	0.02279	0.02153	0.01510	0.00818	0.00660	0.00215	0.00592	0.00631	0.00712	0.01030
49	0.01612	0.01497	0.02449	0.03615	0.73912	0.01470	0.01831	0.01899	0.01432	0.02059	0.01273	0.01683	0.01091	0.00640	0.00652	0.00206	0.00747	0.00575	0.00351	0.01006
50	0.01448	0.16066	0.52523	0.01886	0.11703	0.01607	0.01941	0.01930	0.01343	0.01929	0.01190	0.01454	0.00936	0.00659	0.00601	0.00205	0.00848	0.00480	0.00315	0.00935
51	0.64455	0.01548	0.01156	0.01039	0.01400	0.14441	0.00812	0.04622	0.01285	0.02584	0.01034	0.01237	0.00842	0.00677	0.00479	0.00208	0.00622	0.00396	0.00418	0.00744
52	0.02327	0.01187	0.01519	0.01246	0.01604	0.01182	0.00997	0.02672	0.11461	0.50248	0.04105	0.02179	0.01634	0.00906	0.00881	0.00227	0.13309	0.00649	0.00675	0.00994
53	0.01649	0.01311	0.01386	0.01232	0.01571	0.01422	0.00947	0.09841	0.53272	0.05840	0.02855	0.02741	0.11159	0.00977	0.00678	0.00227	0.00521	0.00766	0.00644	0.00961

[dist]
# distance from previous block
# <min> <max>
0	204

# created by:
# /software/SequenceAnalysis/GenePrediction/augustus/3.0.1/scripts/msa2prfl.pl ./fixed/BUSCOvEOG7VQC39.fas
