[name]
unknown

[dist]
# distance from previous block
# <min> <max>
4	133

[block]
# block no. 0 follows, 38 sequences, length 7
# corresponding to MSA columns:
# 151-157
name=unknown_A
#
# <colnr> <probs for GDERKNQSTAVLIFYWHMCP>
#	G	D	E	R	K	N	Q	S	T	A	V	L	I	F	Y	W	H	M	C	P
0	0.01335	0.01756	0.26093	0.01671	0.10136	0.01196	0.07504	0.03883	0.11575	0.07403	0.07728	0.13439	0.01892	0.00865	0.00636	0.00200	0.00658	0.00768	0.00438	0.00825
1	0.01205	0.01012	0.01205	0.00924	0.01399	0.00785	0.00752	0.01474	0.01268	0.01936	0.01389	0.02084	0.01279	0.00629	0.00504	0.00117	0.00462	0.11030	0.00386	0.70159
2	0.01790	0.00989	0.01289	0.06538	0.01608	0.00840	0.00837	0.02034	0.01432	0.32707	0.01868	0.10268	0.01481	0.00744	0.00560	0.00155	0.00488	0.00625	0.00535	0.33211
3	0.01247	0.01069	0.01247	0.00891	0.01426	0.00802	0.00713	0.01515	0.01247	0.01960	0.01069	0.01247	0.00891	0.00446	0.00446	0.00089	0.00446	0.00356	0.00356	0.82536
4	0.01391	0.01652	0.18151	0.04397	0.02090	0.01187	0.12037	0.04731	0.09520	0.05227	0.01319	0.01477	0.00999	0.00554	0.00551	0.00154	0.00658	0.00491	0.00377	0.33035
5	0.01332	0.01452	0.12652	0.07724	0.10071	0.01261	0.01217	0.02270	0.30843	0.02185	0.05333	0.01938	0.01534	0.00694	0.00573	0.00179	0.00565	0.00586	0.05869	0.11721
6	0.34015	0.05461	0.10862	0.01140	0.01574	0.01370	0.04073	0.01688	0.01116	0.02140	0.00929	0.01154	0.00758	0.00607	0.00677	0.00175	0.12512	0.00395	0.00328	0.19027

[dist]
# distance from previous block
# <min> <max>
5	14

[block]
# block no. 1 follows, 38 sequences, length 20
# corresponding to MSA columns:
# 172-191
name=unknown_B
#
# <colnr> <probs for GDERKNQSTAVLIFYWHMCP>
#	G	D	E	R	K	N	Q	S	T	A	V	L	I	F	Y	W	H	M	C	P
0	0.02701	0.07880	0.39982	0.01729	0.06211	0.01356	0.13015	0.01773	0.01280	0.01869	0.01247	0.07027	0.01047	0.00638	0.00578	0.00180	0.00785	0.00565	0.00300	0.09835
1	0.01617	0.01276	0.05449	0.01211	0.01644	0.01176	0.06250	0.04342	0.28720	0.15540	0.01907	0.01998	0.01448	0.06371	0.00758	0.00202	0.00551	0.00597	0.00521	0.18421
2	0.00967	0.05094	0.08780	0.01189	0.06572	0.00862	0.00892	0.01332	0.09214	0.01707	0.02699	0.52394	0.03021	0.01461	0.00698	0.00223	0.00461	0.01307	0.00498	0.00630
3	0.71182	0.06889	0.01118	0.00852	0.01243	0.01463	0.00715	0.07055	0.01172	0.02686	0.00882	0.01011	0.00688	0.00567	0.00390	0.00182	0.00493	0.00341	0.00381	0.00688
4	0.10856	0.08478	0.01798	0.01738	0.15198	0.37141	0.01168	0.07305	0.01587	0.01877	0.01364	0.01507	0.06210	0.00662	0.00537	0.00166	0.00824	0.00478	0.00350	0.00756
5	0.00898	0.00587	0.00678	0.00673	0.00709	0.00588	0.00413	0.00970	0.01012	0.01431	0.09921	0.03736	0.02467	0.58119	0.06312	0.00512	0.00571	0.00853	0.09134	0.00417
6	0.13427	0.01157	0.01504	0.34638	0.02620	0.01351	0.01220	0.14754	0.07283	0.04413	0.01489	0.09750	0.01262	0.00782	0.00606	0.00200	0.01738	0.00644	0.00417	0.00745
7	0.55255	0.11169	0.09219	0.00950	0.01406	0.01433	0.00892	0.01915	0.01152	0.10478	0.01033	0.01125	0.00771	0.00575	0.00421	0.00179	0.00538	0.00369	0.00386	0.00733
8	0.18948	0.00752	0.00885	0.00832	0.00950	0.00806	0.00599	0.06621	0.00995	0.01617	0.01031	0.01614	0.00958	0.01651	0.01786	0.58236	0.00521	0.00481	0.00312	0.00405
9	0.07588	0.01235	0.06864	0.09476	0.06119	0.01222	0.04136	0.01855	0.17065	0.01936	0.03454	0.01894	0.01337	0.04075	0.13939	0.00337	0.06751	0.00577	0.00386	0.09753
10	0.10089	0.00810	0.00847	0.00783	0.01037	0.00793	0.00605	0.01528	0.12747	0.07744	0.14751	0.04225	0.39415	0.01203	0.00650	0.00198	0.00362	0.00995	0.00576	0.00642
11	0.02776	0.01420	0.01711	0.16274	0.12285	0.07371	0.01241	0.16607	0.11210	0.10139	0.01454	0.01591	0.01083	0.00655	0.00611	0.00178	0.02536	0.00529	0.00450	0.09879
12	0.01355	0.01544	0.14806	0.07176	0.01903	0.01341	0.01192	0.02542	0.43445	0.02263	0.05677	0.02025	0.01656	0.00736	0.00591	0.00188	0.00563	0.00612	0.00495	0.09889
13	0.16442	0.02676	0.51398	0.01553	0.02274	0.09663	0.04137	0.01935	0.01277	0.02005	0.01023	0.01207	0.00748	0.00572	0.00536	0.00186	0.00837	0.00425	0.00284	0.00822
14	0.16619	0.01442	0.04468	0.11295	0.19531	0.05419	0.03984	0.14936	0.04184	0.02405	0.07085	0.01767	0.01340	0.00679	0.00572	0.00187	0.00661	0.02202	0.00409	0.00813
15	0.00783	0.00803	0.08708	0.00923	0.01055	0.00586	0.00732	0.00953	0.01173	0.01578	0.03180	0.67534	0.06257	0.01731	0.00745	0.00237	0.00405	0.01559	0.00526	0.00532
16	0.01381	0.01334	0.02265	0.01639	0.02181	0.01183	0.32012	0.07231	0.01441	0.02070	0.01258	0.04697	0.01042	0.00555	0.00586	0.00152	0.00705	0.00581	0.00361	0.37327
17	0.06948	0.01084	0.03494	0.02358	0.02698	0.01058	0.20420	0.01516	0.06587	0.01806	0.04512	0.17557	0.01946	0.09646	0.08885	0.00327	0.03762	0.00874	0.00404	0.04118
18	0.04617	0.34187	0.02103	0.01094	0.01495	0.16972	0.00932	0.04788	0.01340	0.01638	0.01031	0.01383	0.00950	0.08916	0.00765	0.00184	0.02770	0.00415	0.00315	0.14105
19	0.01106	0.00957	0.01434	0.15200	0.01888	0.01072	0.09089	0.01571	0.12372	0.01771	0.02078	0.25560	0.02079	0.04393	0.00901	0.00232	0.08797	0.00956	0.07895	0.00649

[dist]
# distance from previous block
# <min> <max>
0	17

[block]
# block no. 2 follows, 38 sequences, length 11
# corresponding to MSA columns:
# 210-220
name=unknown_C
#
# <colnr> <probs for GDERKNQSTAVLIFYWHMCP>
#	G	D	E	R	K	N	Q	S	T	A	V	L	I	F	Y	W	H	M	C	P
0	0.01945	0.01470	0.01724	0.18882	0.02316	0.01658	0.01218	0.51909	0.02351	0.03170	0.01391	0.01533	0.01006	0.00693	0.00590	0.00183	0.00669	0.00541	0.05839	0.00911
1	0.01045	0.00522	0.00784	0.00784	0.00784	0.00522	0.00522	0.00784	0.00784	0.01045	0.01045	0.01829	0.01045	0.02090	0.02351	0.82497	0.00522	0.00522	0.00261	0.00261
2	0.01233	0.00982	0.01068	0.00942	0.01200	0.01022	0.00690	0.02045	0.32969	0.01978	0.01988	0.02581	0.01748	0.24815	0.01324	0.00295	0.00490	0.00672	0.06010	0.15947
3	0.01338	0.00824	0.01006	0.00890	0.01144	0.00797	0.00691	0.01856	0.14990	0.17585	0.37819	0.03730	0.12692	0.01089	0.00670	0.00193	0.00369	0.00935	0.00657	0.00726
4	0.01244	0.01126	0.01853	0.02714	0.49084	0.01117	0.01429	0.01527	0.01313	0.01837	0.01887	0.22389	0.01971	0.00990	0.00661	0.00204	0.00604	0.06866	0.00389	0.00796
5	0.01307	0.08069	0.25367	0.17590	0.03012	0.01522	0.28671	0.01816	0.01299	0.01786	0.01102	0.01449	0.00829	0.00563	0.00656	0.00194	0.03138	0.00556	0.00276	0.00798
6	0.16642	0.01537	0.03053	0.02210	0.02775	0.01489	0.59454	0.01897	0.01346	0.02071	0.01146	0.01502	0.00864	0.00517	0.00647	0.00200	0.00912	0.00638	0.00317	0.00782
7	0.01119	0.00666	0.00778	0.05683	0.01055	0.00695	0.00601	0.04789	0.01367	0.02208	0.10646	0.02617	0.02036	0.01096	0.06480	0.00222	0.00448	0.03335	0.53568	0.00589
8	0.00836	0.00614	0.00782	0.00740	0.00889	0.00561	0.00555	0.01105	0.01666	0.02324	0.67105	0.04639	0.13414	0.01263	0.00710	0.00191	0.00286	0.01108	0.00651	0.00561
9	0.01564	0.57460	0.02581	0.01026	0.01432	0.06365	0.00947	0.04049	0.01223	0.01430	0.00901	0.01149	0.00831	0.00821	0.00769	0.15481	0.00647	0.00370	0.00273	0.00681
10	0.00755	0.00541	0.00718	0.00823	0.00877	0.00503	0.00560	0.00893	0.01254	0.01699	0.16635	0.64681	0.04295	0.01763	0.00757	0.00234	0.00337	0.01594	0.00578	0.00503

[dist]
# distance from previous block
# <min> <max>
0	2

[block]
# block no. 3 follows, 38 sequences, length 25
# corresponding to MSA columns:
# 223-247
name=unknown_D
#
# <colnr> <probs for GDERKNQSTAVLIFYWHMCP>
#	G	D	E	R	K	N	Q	S	T	A	V	L	I	F	Y	W	H	M	C	P
0	0.01089	0.01006	0.01788	0.01924	0.19091	0.00963	0.17627	0.01348	0.01278	0.01745	0.02314	0.40688	0.02543	0.01245	0.00719	0.00222	0.00599	0.02689	0.00441	0.00681
1	0.02340	0.01605	0.18625	0.01250	0.01806	0.04695	0.01212	0.02673	0.01623	0.54748	0.02013	0.01835	0.01296	0.00706	0.00599	0.00188	0.00631	0.00561	0.00613	0.00982
2	0.01325	0.02853	0.64749	0.01811	0.05822	0.01381	0.05411	0.01969	0.01314	0.06108	0.01173	0.01356	0.00830	0.00584	0.00586	0.00192	0.00869	0.00474	0.00290	0.00901
3	0.57366	0.19245	0.01522	0.03866	0.04685	0.01597	0.00836	0.01778	0.01099	0.02334	0.00871	0.01037	0.00710	0.00557	0.00399	0.00175	0.00534	0.00346	0.00342	0.00699
4	0.00863	0.00663	0.00830	0.00848	0.01007	0.00569	0.00595	0.01004	0.01191	0.01649	0.02926	0.57262	0.06396	0.01541	0.00695	0.00209	0.00374	0.01379	0.00515	0.19485
5	0.01057	0.00531	0.00792	0.00792	0.00793	0.00530	0.00528	0.00793	0.00792	0.01057	0.01056	0.01843	0.01056	0.02095	0.02353	0.82348	0.00526	0.00526	0.00265	0.00268
6	0.01650	0.16906	0.39317	0.01473	0.04461	0.01447	0.01617	0.02113	0.01375	0.18865	0.01346	0.01414	0.00955	0.00602	0.00545	0.00175	0.00735	0.00462	0.00378	0.04165
7	0.01230	0.03031	0.71504	0.01768	0.02640	0.01410	0.06248	0.01913	0.01286	0.01917	0.01099	0.01306	0.00782	0.00576	0.00584	0.00193	0.00899	0.00463	0.00261	0.00890
8	0.00920	0.00742	0.01110	0.01506	0.18062	0.00714	0.00862	0.01080	0.01209	0.01646	0.02817	0.60524	0.03284	0.01578	0.00732	0.00231	0.00438	0.01440	0.00502	0.00602
9	0.00880	0.00716	0.00972	0.01017	0.01045	0.00809	0.00739	0.00988	0.01106	0.01526	0.02738	0.60484	0.03246	0.01697	0.01052	0.00251	0.18269	0.01438	0.00494	0.00534
10	0.01767	0.61413	0.02822	0.01157	0.01625	0.19525	0.01064	0.01948	0.01341	0.01440	0.00870	0.01009	0.00784	0.00547	0.00427	0.00137	0.00749	0.00341	0.00274	0.00760
11	0.01470	0.38607	0.22367	0.03582	0.07051	0.06307	0.03732	0.01827	0.01320	0.01688	0.05988	0.01386	0.01132	0.00596	0.00504	0.00161	0.00736	0.00448	0.00296	0.00802
12	0.01428	0.02256	0.31800	0.01486	0.03398	0.18600	0.03433	0.04917	0.01358	0.01731	0.01260	0.01784	0.01092	0.12440	0.10125	0.00335	0.00971	0.00535	0.00313	0.00736
13	0.01727	0.01491	0.03055	0.02201	0.02777	0.01379	0.56121	0.02167	0.01496	0.18970	0.01496	0.01736	0.01057	0.00570	0.00690	0.00201	0.00901	0.00689	0.00410	0.00866
14	0.01259	0.01077	0.01255	0.00899	0.01434	0.00809	0.00718	0.01523	0.01254	0.01970	0.01081	0.01263	0.00902	0.00453	0.00451	0.00091	0.00450	0.00360	0.00360	0.82391
15	0.01743	0.36313	0.13161	0.03570	0.05450	0.03389	0.01300	0.18363	0.01632	0.05078	0.01107	0.01241	0.00879	0.00615	0.00560	0.00165	0.03776	0.00432	0.00364	0.00863
16	0.00852	0.00725	0.00772	0.00687	0.00966	0.00585	0.00525	0.01031	0.01359	0.01737	0.06971	0.04707	0.55564	0.01271	0.00654	0.00178	0.00341	0.01055	0.00518	0.19500
17	0.01370	0.01183	0.04506	0.01075	0.01445	0.01139	0.00874	0.02344	0.36854	0.05015	0.07959	0.02210	0.01864	0.02872	0.03665	0.00214	0.00515	0.00627	0.04511	0.19757
18	0.00911	0.00727	0.00854	0.00750	0.01003	0.00610	0.00572	0.01146	0.01499	0.02069	0.35946	0.04161	0.26382	0.01147	0.00653	0.00173	0.00332	0.00978	0.00562	0.19526
19	0.01135	0.01072	0.05647	0.01284	0.01625	0.00906	0.10497	0.01523	0.04891	0.01895	0.02292	0.07152	0.02323	0.01139	0.00702	0.00216	0.00601	0.35033	0.00465	0.19604
20	0.01535	0.60997	0.02716	0.01005	0.01524	0.02019	0.00960	0.01742	0.01235	0.01552	0.00902	0.01047	0.00811	0.00506	0.00405	0.00122	0.00601	0.00334	0.00284	0.19701
21	0.01078	0.00658	0.01028	0.18527	0.01570	0.00718	0.00794	0.00967	0.00889	0.01171	0.01062	0.01791	0.00999	0.01750	0.01948	0.63301	0.00591	0.00529	0.00267	0.00362
22	0.00864	0.00628	0.00882	0.00882	0.00960	0.00706	0.00647	0.01020	0.00942	0.01334	0.01689	0.02792	0.01690	0.24746	0.56495	0.00862	0.01332	0.00707	0.00334	0.00490
23	0.01268	0.03026	0.72699	0.01688	0.02560	0.01376	0.02168	0.01947	0.01289	0.04917	0.01133	0.01302	0.00792	0.00579	0.00573	0.00190	0.00874	0.00451	0.00274	0.00895
24	0.01536	0.53316	0.20271	0.01218	0.01810	0.06528	0.01309	0.01850	0.01264	0.01558	0.00909	0.01056	0.00775	0.00532	0.00442	0.00143	0.00720	0.00356	0.00264	0.04141

[dist]
# distance from previous block
# <min> <max>
0	3

[block]
# block no. 4 follows, 38 sequences, length 15
# corresponding to MSA columns:
# 251-265
name=unknown_E
#
# <colnr> <probs for GDERKNQSTAVLIFYWHMCP>
#	G	D	E	R	K	N	Q	S	T	A	V	L	I	F	Y	W	H	M	C	P
0	0.02287	0.01685	0.01805	0.01384	0.01866	0.01866	0.01143	0.73100	0.02828	0.03791	0.01444	0.01444	0.01023	0.00722	0.00602	0.00181	0.00662	0.00542	0.00602	0.01023
1	0.01148	0.01117	0.02039	0.27199	0.10837	0.01186	0.19962	0.01486	0.01256	0.01683	0.01700	0.21888	0.01686	0.00922	0.00714	0.00212	0.03027	0.00891	0.00357	0.00689
2	0.00880	0.00677	0.00853	0.00844	0.01021	0.00579	0.00600	0.01045	0.01231	0.01733	0.09692	0.50858	0.03329	0.01441	0.00677	0.00198	0.00368	0.01292	0.00515	0.22166
3	0.01453	0.37702	0.02454	0.01322	0.01563	0.02094	0.01182	0.01613	0.01062	0.01433	0.00811	0.01152	0.00781	0.00802	0.01232	0.00200	0.41741	0.00431	0.00260	0.00711
4	0.01543	0.07249	0.05649	0.01612	0.15449	0.01170	0.04717	0.03938	0.06355	0.13112	0.06834	0.04201	0.01533	0.00678	0.00565	0.00160	0.00569	0.01783	0.00444	0.22439
5	0.01309	0.00866	0.00965	0.00862	0.01060	0.03203	0.00674	0.10967	0.01583	0.05966	0.21028	0.02645	0.02496	0.01146	0.06300	0.00229	0.04547	0.00699	0.32801	0.00655
6	0.00988	0.00793	0.00905	0.00845	0.01054	0.00799	0.00643	0.01615	0.20724	0.02253	0.39360	0.04207	0.21101	0.01190	0.00684	0.00196	0.00340	0.01023	0.00624	0.00655
7	0.00981	0.00819	0.01183	0.01114	0.01188	0.01032	0.00883	0.01163	0.00950	0.01399	0.01408	0.02161	0.01348	0.07108	0.53332	0.00763	0.21674	0.00624	0.00309	0.00561
8	0.01229	0.02289	0.42469	0.21864	0.03113	0.01405	0.15538	0.01812	0.01281	0.01812	0.01103	0.01425	0.00801	0.00567	0.00606	0.00195	0.00890	0.00519	0.00267	0.00816
9	0.01258	0.00660	0.00888	0.00895	0.01049	0.00597	0.00645	0.01405	0.01329	0.21120	0.06579	0.54648	0.03405	0.01551	0.00722	0.00226	0.00389	0.01388	0.00613	0.00634
10	0.01334	0.06059	0.01922	0.01546	0.01577	0.01875	0.01299	0.01469	0.00940	0.01446	0.00793	0.01295	0.00789	0.01020	0.01878	0.00255	0.73063	0.00514	0.00263	0.00665
11	0.00820	0.00591	0.00776	0.00778	0.00892	0.00547	0.00565	0.01057	0.01557	0.02181	0.55911	0.24031	0.05228	0.01403	0.00725	0.00204	0.00301	0.01252	0.00635	0.00547
12	0.01519	0.01147	0.01636	0.06005	0.24883	0.01210	0.01169	0.20262	0.01533	0.02090	0.01179	0.01607	0.00997	0.01154	0.01236	0.30137	0.00636	0.00532	0.00363	0.00704
13	0.00770	0.00539	0.00687	0.00790	0.00815	0.00514	0.00507	0.00847	0.01079	0.01438	0.02941	0.58782	0.03506	0.22214	0.01374	0.00334	0.00411	0.01490	0.00507	0.00456
14	0.00869	0.00668	0.00843	0.00852	0.01019	0.00571	0.00599	0.01016	0.01177	0.01648	0.02722	0.58071	0.03163	0.01505	0.00683	0.00203	0.00375	0.01353	0.00505	0.22158

[dist]
# distance from previous block
# <min> <max>
0	1

[block]
# block no. 5 follows, 38 sequences, length 10
# corresponding to MSA columns:
# 267-276
name=unknown_F
#
# <colnr> <probs for GDERKNQSTAVLIFYWHMCP>
#	G	D	E	R	K	N	Q	S	T	A	V	L	I	F	Y	W	H	M	C	P
0	0.21367	0.01147	0.01535	0.01193	0.01646	0.01112	0.09601	0.02554	0.06363	0.44555	0.01877	0.01757	0.01245	0.00677	0.00564	0.00189	0.00560	0.00557	0.00595	0.00906
1	0.12386	0.04629	0.01462	0.01072	0.01531	0.01127	0.00894	0.11237	0.01748	0.54648	0.02005	0.01796	0.01299	0.00709	0.00566	0.00183	0.00530	0.00551	0.00660	0.00967
2	0.01608	0.79220	0.03152	0.01029	0.01544	0.02380	0.01029	0.01801	0.01222	0.01415	0.00836	0.00965	0.00772	0.00515	0.00386	0.00129	0.00643	0.00322	0.00257	0.00772
3	0.09990	0.01139	0.01796	0.48409	0.20192	0.01323	0.01543	0.01627	0.01225	0.01794	0.01101	0.01540	0.00856	0.00586	0.00567	0.00191	0.00721	0.00514	0.04156	0.00728
4	0.01277	0.01459	0.10334	0.43648	0.09611	0.04335	0.06398	0.04047	0.03879	0.01749	0.01330	0.01710	0.03783	0.00650	0.00652	0.00197	0.03323	0.00565	0.00307	0.00744
5	0.01660	0.01286	0.01388	0.01217	0.01578	0.01454	0.00956	0.06943	0.62884	0.09948	0.02387	0.02181	0.01757	0.00804	0.00611	0.00201	0.00490	0.00665	0.00625	0.00963
6	0.00841	0.00615	0.00789	0.00746	0.00892	0.00563	0.00559	0.01115	0.01678	0.02353	0.69564	0.04592	0.10937	0.01252	0.00710	0.00190	0.00285	0.01102	0.00654	0.00563
7	0.00728	0.00610	0.00633	0.00627	0.00823	0.00515	0.00471	0.00896	0.01412	0.01721	0.14454	0.05632	0.66442	0.01488	0.00711	0.00201	0.00302	0.01248	0.00571	0.00515
8	0.08195	0.01248	0.01724	0.07398	0.13734	0.01246	0.04173	0.15235	0.01762	0.36513	0.01743	0.01717	0.01179	0.00672	0.00590	0.00186	0.00612	0.00561	0.00564	0.00949
9	0.01331	0.02247	0.33798	0.02192	0.02918	0.01469	0.43298	0.01918	0.01357	0.01918	0.01159	0.01475	0.00850	0.00534	0.00652	0.00198	0.00962	0.00599	0.00283	0.00844

[dist]
# distance from previous block
# <min> <max>
0	1

[block]
# block no. 6 follows, 38 sequences, length 36
# corresponding to MSA columns:
# 278-313
name=unknown_G
#
# <colnr> <probs for GDERKNQSTAVLIFYWHMCP>
#	G	D	E	R	K	N	Q	S	T	A	V	L	I	F	Y	W	H	M	C	P
0	0.01234	0.01187	0.01654	0.01439	0.01449	0.01627	0.01178	0.01361	0.00921	0.01418	0.00966	0.01649	0.00982	0.08358	0.09047	0.00358	0.63704	0.00569	0.00278	0.00620
1	0.01505	0.06677	0.01861	0.01472	0.01618	0.04075	0.01224	0.10461	0.10552	0.01869	0.01089	0.01420	0.00950	0.00933	0.01482	0.00233	0.50948	0.00530	0.00350	0.00749
2	0.01083	0.00703	0.00908	0.00849	0.01022	0.00673	0.00640	0.04126	0.03792	0.09167	0.47819	0.15608	0.04497	0.01428	0.04699	0.00239	0.00406	0.01083	0.00632	0.00626
3	0.02299	0.01398	0.05546	0.01474	0.06964	0.07813	0.07515	0.02682	0.06538	0.48332	0.01991	0.01857	0.01321	0.00693	0.00607	0.00186	0.00640	0.00587	0.00600	0.00959
4	0.01240	0.01069	0.01284	0.05944	0.01605	0.00837	0.00776	0.01516	0.01244	0.01932	0.01069	0.01271	0.00885	0.00456	0.00456	0.00096	0.00469	0.00368	0.00351	0.77129
5	0.01249	0.01539	0.15644	0.41734	0.09775	0.01389	0.04350	0.01912	0.12838	0.01815	0.01302	0.01634	0.00977	0.00621	0.00601	0.00197	0.00766	0.00548	0.00324	0.00786
6	0.01643	0.01859	0.17315	0.01521	0.06711	0.06569	0.01317	0.19018	0.26277	0.02542	0.03027	0.01702	0.01302	0.00695	0.00587	0.00183	0.00659	0.00556	0.00477	0.06041
7	0.01917	0.17894	0.13636	0.01414	0.01950	0.11035	0.03920	0.34352	0.02028	0.02613	0.01182	0.01277	0.00893	0.00629	0.00546	0.00167	0.00753	0.00464	0.00424	0.02906
8	0.41769	0.08089	0.01389	0.10221	0.01686	0.01291	0.05598	0.01616	0.01141	0.02175	0.01291	0.08572	0.01208	0.00744	0.00496	0.00189	0.00552	0.05292	0.00373	0.06307
9	0.01523	0.06656	0.05863	0.39602	0.05923	0.08263	0.04121	0.15331	0.03366	0.02027	0.01155	0.01479	0.00873	0.00618	0.00584	0.00187	0.00791	0.00514	0.00344	0.00780
10	0.55367	0.04278	0.01270	0.01002	0.01383	0.05198	0.07178	0.01853	0.01189	0.07505	0.03884	0.01316	0.00984	0.00601	0.00444	0.00181	0.00540	0.00424	0.04712	0.00691
11	0.01363	0.06507	0.06423	0.02744	0.08154	0.01131	0.01017	0.09962	0.01395	0.03743	0.01250	0.01537	0.01038	0.01372	0.16611	0.00308	0.00793	0.00468	0.00367	0.33816
12	0.01598	0.01333	0.06345	0.01208	0.05419	0.01094	0.00973	0.14171	0.04420	0.09934	0.01327	0.01418	0.01008	0.00552	0.00512	0.00131	0.00534	0.00442	0.00439	0.47141
13	0.47515	0.01286	0.01610	0.01424	0.06446	0.01486	0.12247	0.01730	0.01087	0.02264	0.00907	0.01185	0.00742	0.00654	0.00780	0.00205	0.16959	0.00443	0.00334	0.00698
14	0.07068	0.01194	0.01553	0.23080	0.04925	0.04225	0.01203	0.02013	0.11208	0.13321	0.01451	0.01682	0.01097	0.00748	0.00853	0.00204	0.16421	0.00546	0.06441	0.00763
15	0.01045	0.00522	0.00784	0.00784	0.00784	0.00522	0.00522	0.00784	0.00784	0.01045	0.01045	0.01829	0.01045	0.02090	0.02351	0.82497	0.00522	0.00522	0.00261	0.00261
16	0.01113	0.01017	0.01318	0.08337	0.17011	0.06022	0.01001	0.01367	0.01416	0.01896	0.21948	0.09009	0.15742	0.01056	0.00741	0.00195	0.05601	0.00897	0.03656	0.00656
17	0.01388	0.01807	0.14731	0.02314	0.06644	0.01516	0.48309	0.01974	0.06274	0.01934	0.01246	0.01581	0.00945	0.00576	0.00759	0.00204	0.06010	0.00644	0.00314	0.00831
18	0.00851	0.00615	0.00804	0.00757	0.00899	0.00568	0.00568	0.01135	0.01703	0.02412	0.74788	0.04494	0.05676	0.01230	0.00710	0.00189	0.00284	0.01088	0.00662	0.00568
19	0.02160	0.01598	0.01797	0.10332	0.02127	0.01782	0.01200	0.63170	0.02613	0.05060	0.01420	0.01476	0.01007	0.00708	0.00602	0.00183	0.00675	0.00542	0.00565	0.00981
20	0.01328	0.01352	0.02044	0.01692	0.01764	0.01805	0.09750	0.01504	0.00980	0.01504	0.00840	0.01352	0.00804	0.00989	0.01825	0.00256	0.68718	0.00548	0.00268	0.00676
21	0.10530	0.00679	0.00800	0.00751	0.00924	0.00656	0.00570	0.01191	0.01600	0.02393	0.61429	0.04167	0.09767	0.01171	0.00670	0.00190	0.00307	0.01010	0.00621	0.00573
22	0.00906	0.00640	0.00791	0.09697	0.01067	0.00672	0.00518	0.00953	0.00913	0.01210	0.01798	0.03662	0.02024	0.69641	0.02772	0.00538	0.00609	0.00835	0.00353	0.00400
23	0.01555	0.01512	0.08545	0.29436	0.17588	0.01524	0.01567	0.21609	0.05468	0.02333	0.01254	0.01535	0.00944	0.00637	0.00619	0.00191	0.01904	0.00536	0.00383	0.00859
24	0.19990	0.01397	0.02291	0.03846	0.14781	0.01472	0.26172	0.04612	0.01330	0.07092	0.01147	0.01437	0.00886	0.00618	0.00756	0.00200	0.10266	0.00553	0.00354	0.00800
25	0.00948	0.09899	0.01224	0.00974	0.01130	0.00944	0.00785	0.01160	0.00997	0.01399	0.01520	0.02199	0.01418	0.04041	0.67512	0.00868	0.01497	0.00607	0.00315	0.00565
26	0.69177	0.01091	0.00902	0.00802	0.01152	0.01233	0.00654	0.01755	0.01141	0.06507	0.09629	0.01448	0.01288	0.00647	0.00424	0.00187	0.00446	0.00430	0.00426	0.00661
27	0.01440	0.01232	0.01546	0.01148	0.01659	0.01099	0.07281	0.11900	0.10058	0.02282	0.01298	0.01426	0.01023	0.00534	0.00511	0.00126	0.00531	0.00453	0.00417	0.54036
28	0.83108	0.01163	0.00884	0.00791	0.01163	0.01350	0.00651	0.01768	0.01024	0.02699	0.00838	0.00977	0.00651	0.00558	0.00372	0.00186	0.00465	0.00326	0.00372	0.00651
29	0.00851	0.00615	0.00804	0.00757	0.00899	0.00568	0.00568	0.01135	0.01703	0.02412	0.74788	0.04494	0.05676	0.01230	0.00710	0.00189	0.00284	0.01088	0.00662	0.00568
30	0.01136	0.01069	0.01804	0.77412	0.04143	0.01337	0.01671	0.01537	0.01203	0.01537	0.01069	0.01604	0.00802	0.00601	0.00601	0.00200	0.00802	0.00535	0.00267	0.00668
31	0.00948	0.00967	0.09711	0.00968	0.01109	0.00849	0.00799	0.01115	0.00957	0.01356	0.01604	0.02857	0.01663	0.37576	0.27436	0.00638	0.07891	0.00715	0.00328	0.00511
32	0.00813	0.00606	0.00756	0.00735	0.00879	0.00549	0.00545	0.01054	0.01587	0.02176	0.54618	0.11390	0.19380	0.01347	0.00715	0.00197	0.00294	0.01180	0.00632	0.00549
33	0.01245	0.01168	0.01641	0.01435	0.01439	0.01595	0.01172	0.01330	0.00918	0.01404	0.00967	0.05400	0.01000	0.01288	0.03463	0.09962	0.63103	0.00590	0.00280	0.00600
34	0.00872	0.00587	0.00674	0.00668	0.00685	0.00581	0.00388	0.00905	0.00972	0.01313	0.10481	0.04002	0.02598	0.69715	0.02785	0.00537	0.00548	0.00900	0.00400	0.00388
35	0.00894	0.00705	0.01062	0.01053	0.01175	0.00675	0.08120	0.04716	0.01276	0.01704	0.02995	0.63648	0.03487	0.01672	0.00756	0.00238	0.00442	0.04295	0.00534	0.00552

[dist]
# distance from previous block
# <min> <max>
0	32

# created by:
# /software/SequenceAnalysis/GenePrediction/augustus/3.0.1/scripts/msa2prfl.pl ./fixed/BUSCOvEOG7MSFCS.fas
