[name]
unknown

[dist]
# distance from previous block
# <min> <max>
0	171

[block]
# block no. 0 follows, 40 sequences, length 32
# corresponding to MSA columns:
# 179-210
name=unknown_A
#
# <colnr> <probs for GDERKNQSTAVLIFYWHMCP>
#	G	D	E	R	K	N	Q	S	T	A	V	L	I	F	Y	W	H	M	C	P
0	0.00823	0.00594	0.00777	0.00732	0.00869	0.00549	0.00549	0.01097	0.01646	0.02332	0.75629	0.04344	0.05487	0.01189	0.00686	0.00183	0.00274	0.01052	0.00640	0.00549
1	0.01555	0.79913	0.03047	0.00995	0.01493	0.02301	0.00995	0.01741	0.01182	0.01368	0.00808	0.00933	0.00746	0.00498	0.00373	0.00124	0.00622	0.00311	0.00249	0.00746
2	0.00831	0.00620	0.00921	0.00921	0.01020	0.00719	0.00710	0.01030	0.00930	0.01340	0.01570	0.02354	0.01484	0.07821	0.73841	0.00918	0.01512	0.00633	0.00313	0.00512
3	0.00823	0.00594	0.00777	0.00732	0.00869	0.00549	0.00549	0.01097	0.01646	0.02332	0.75629	0.04344	0.05487	0.01189	0.00686	0.00183	0.00274	0.01052	0.00640	0.00549
4	0.01555	0.79913	0.03047	0.00995	0.01493	0.02301	0.00995	0.01741	0.01182	0.01368	0.00808	0.00933	0.00746	0.00498	0.00373	0.00124	0.00622	0.00311	0.00249	0.00746
5	0.08008	0.01430	0.01560	0.01209	0.01651	0.01539	0.00997	0.52573	0.02349	0.17282	0.01544	0.01505	0.01068	0.00690	0.00560	0.00174	0.00585	0.00521	0.03809	0.00946
6	0.00709	0.00506	0.00675	0.00810	0.00843	0.00472	0.00540	0.00810	0.01113	0.01484	0.03205	0.79184	0.03846	0.01822	0.00742	0.00236	0.00337	0.01653	0.00540	0.00472
7	0.83671	0.01125	0.00855	0.00765	0.01125	0.01305	0.00630	0.01709	0.00990	0.02609	0.00810	0.00945	0.00630	0.00540	0.00360	0.00180	0.00450	0.00315	0.00360	0.00630
8	0.01098	0.01034	0.01744	0.78165	0.04005	0.01292	0.01615	0.01486	0.01163	0.01486	0.01034	0.01550	0.00775	0.00581	0.00581	0.00194	0.00775	0.00517	0.00258	0.00646
9	0.02211	0.01629	0.01745	0.01338	0.01803	0.01803	0.01105	0.73997	0.02734	0.03665	0.01396	0.01396	0.00989	0.00698	0.00582	0.00175	0.00640	0.00524	0.00582	0.00989
10	0.01098	0.01034	0.01744	0.78165	0.04005	0.01292	0.01615	0.01486	0.01163	0.01486	0.01034	0.01550	0.00775	0.00581	0.00581	0.00194	0.00775	0.00517	0.00258	0.00646
11	0.01098	0.01034	0.01744	0.78165	0.04005	0.01292	0.01615	0.01486	0.01163	0.01486	0.01034	0.01550	0.00775	0.00581	0.00581	0.00194	0.00775	0.00517	0.00258	0.00646
12	0.01084	0.00542	0.00542	0.00542	0.00678	0.00542	0.00407	0.01355	0.01220	0.02168	0.01897	0.02168	0.01491	0.00678	0.00407	0.00136	0.00271	0.00542	0.82791	0.00542
13	0.00913	0.00652	0.00909	0.01043	0.01166	0.00648	0.00895	0.01163	0.01315	0.01713	0.03092	0.14290	0.03400	0.01629	0.00797	0.00264	0.00514	0.64532	0.00536	0.00529
14	0.01267	0.01206	0.02049	0.41318	0.39536	0.01336	0.01699	0.01633	0.01242	0.01690	0.01063	0.01495	0.00847	0.00550	0.00579	0.00183	0.00734	0.00517	0.00273	0.00782
15	0.01415	0.01357	0.02317	0.08849	0.70844	0.01375	0.01773	0.01764	0.01313	0.01871	0.01090	0.01447	0.00911	0.00523	0.00576	0.00174	0.00697	0.00518	0.00286	0.00902
16	0.01555	0.79913	0.03047	0.00995	0.01493	0.02301	0.00995	0.01741	0.01182	0.01368	0.00808	0.00933	0.00746	0.00498	0.00373	0.00124	0.00622	0.00311	0.00249	0.00746
17	0.00713	0.00508	0.00673	0.00803	0.00836	0.00476	0.00533	0.00811	0.01104	0.01472	0.03155	0.76444	0.03783	0.04648	0.00823	0.00248	0.00346	0.01624	0.00533	0.00468
18	0.01206	0.01034	0.01206	0.00861	0.01378	0.00775	0.00689	0.01464	0.01206	0.01895	0.01034	0.01206	0.00861	0.00431	0.00431	0.00086	0.00431	0.00345	0.00345	0.83118
19	0.20293	0.34792	0.02066	0.01087	0.01453	0.08402	0.00962	0.07029	0.01256	0.03555	0.00904	0.01082	0.00772	0.00695	0.02311	0.00181	0.11756	0.00374	0.00316	0.00716
20	0.00743	0.00524	0.00661	0.00756	0.00787	0.00497	0.00488	0.00820	0.01051	0.01395	0.02944	0.56968	0.05952	0.22021	0.01317	0.00320	0.00395	0.01428	0.00491	0.00442
21	0.00841	0.00682	0.01053	0.06610	0.07694	0.00668	0.04746	0.01014	0.01175	0.01582	0.06211	0.59125	0.03291	0.01518	0.00711	0.00223	0.00431	0.01393	0.00489	0.00544
22	0.01289	0.02273	0.42773	0.02492	0.33595	0.01368	0.04338	0.01818	0.01273	0.01867	0.01069	0.01328	0.00819	0.00536	0.00567	0.00180	0.00792	0.00476	0.00265	0.00883
23	0.00937	0.00669	0.00937	0.01071	0.01205	0.00669	0.00937	0.01205	0.01339	0.01740	0.03079	0.06560	0.03347	0.01606	0.00803	0.00268	0.00535	0.72021	0.00535	0.00535
24	0.01555	0.79913	0.03047	0.00995	0.01493	0.02301	0.00995	0.01741	0.01182	0.01368	0.00808	0.00933	0.00746	0.00498	0.00373	0.00124	0.00622	0.00311	0.00249	0.00746
25	0.01367	0.01549	0.09539	0.09713	0.45132	0.01392	0.19142	0.01782	0.01312	0.01849	0.01104	0.01460	0.00882	0.00520	0.00601	0.00181	0.00784	0.00550	0.00283	0.00858
26	0.01940	0.19047	0.09827	0.01391	0.01809	0.45272	0.01202	0.09827	0.01621	0.01696	0.00948	0.01080	0.00773	0.00583	0.00501	0.00151	0.00894	0.00383	0.00313	0.00743
27	0.00721	0.00511	0.00671	0.00794	0.00825	0.00480	0.00523	0.00813	0.01090	0.01453	0.03084	0.72526	0.03693	0.08688	0.00938	0.00265	0.00357	0.01582	0.00523	0.00462
28	0.01402	0.01540	0.02894	0.06158	0.05460	0.05086	0.51878	0.01974	0.09536	0.01862	0.01263	0.01589	0.00965	0.00563	0.00726	0.00196	0.05159	0.00644	0.00323	0.00784
29	0.71727	0.01317	0.04819	0.00867	0.01248	0.05479	0.00747	0.01804	0.03930	0.02498	0.00888	0.01013	0.00687	0.00553	0.00388	0.00179	0.00504	0.00337	0.00360	0.00655
30	0.01285	0.01247	0.01902	0.45398	0.26246	0.05246	0.01594	0.01736	0.06456	0.01679	0.01140	0.01534	0.00890	0.00577	0.00577	0.00185	0.00741	0.00520	0.00293	0.00753
31	0.11974	0.00729	0.00919	0.14322	0.01465	0.00778	0.00754	0.03745	0.01180	0.01722	0.02627	0.47039	0.07858	0.01367	0.00653	0.00216	0.00437	0.01203	0.00468	0.00544

[dist]
# distance from previous block
# <min> <max>
0	4

[block]
# block no. 1 follows, 40 sequences, length 43
# corresponding to MSA columns:
# 215-257
name=unknown_B
#
# <colnr> <probs for GDERKNQSTAVLIFYWHMCP>
#	G	D	E	R	K	N	Q	S	T	A	V	L	I	F	Y	W	H	M	C	P
0	0.13363	0.01109	0.01317	0.01032	0.01468	0.01069	0.00846	0.11356	0.06979	0.45857	0.01883	0.01717	0.01251	0.00674	0.00542	0.00173	0.00499	0.00526	0.00614	0.07727
1	0.04856	0.08430	0.08803	0.01363	0.01761	0.44470	0.01146	0.04764	0.05553	0.11799	0.01188	0.01252	0.00901	0.00615	0.00523	0.00160	0.00856	0.00422	0.00375	0.00763
2	0.07685	0.17573	0.52679	0.01559	0.06001	0.01531	0.01789	0.01809	0.01205	0.01813	0.00983	0.01160	0.00740	0.00539	0.00504	0.00172	0.00773	0.00402	0.00257	0.00823
3	0.01438	0.01426	0.02355	0.09673	0.61408	0.04680	0.06932	0.01789	0.01328	0.01842	0.01086	0.01441	0.00899	0.00525	0.00582	0.00175	0.00734	0.00524	0.00286	0.00877
4	0.01462	0.01266	0.01371	0.01218	0.01525	0.01489	0.00957	0.05727	0.65833	0.02394	0.02194	0.02064	0.01659	0.00805	0.00702	0.00201	0.07031	0.00640	0.00563	0.00899
5	0.00709	0.00506	0.00675	0.00810	0.00843	0.00472	0.00540	0.00810	0.01113	0.01484	0.03205	0.79184	0.03846	0.01822	0.00742	0.00236	0.00337	0.01653	0.00540	0.00472
6	0.00709	0.00506	0.00675	0.00810	0.00843	0.00472	0.00540	0.00810	0.01113	0.01484	0.03205	0.79184	0.03846	0.01822	0.00742	0.00236	0.00337	0.01653	0.00540	0.00472
7	0.02211	0.01629	0.01745	0.01338	0.01803	0.01803	0.01105	0.73997	0.02734	0.03665	0.01396	0.01396	0.00989	0.00698	0.00582	0.00175	0.00640	0.00524	0.00582	0.00989
8	0.01189	0.07396	0.72356	0.01620	0.02458	0.01405	0.02083	0.01836	0.01225	0.01815	0.01030	0.01211	0.00737	0.00549	0.00542	0.00181	0.00846	0.00423	0.00246	0.00853
9	0.01555	0.79913	0.03047	0.00995	0.01493	0.02301	0.00995	0.01741	0.01182	0.01368	0.00808	0.00933	0.00746	0.00498	0.00373	0.00124	0.00622	0.00311	0.00249	0.00746
10	0.00937	0.00669	0.00937	0.01071	0.01205	0.00669	0.00937	0.01205	0.01339	0.01740	0.03079	0.06560	0.03347	0.01606	0.00803	0.00268	0.00535	0.72021	0.00535	0.00535
11	0.01131	0.01067	0.01803	0.71070	0.10847	0.01301	0.01631	0.01514	0.01178	0.01525	0.01039	0.01540	0.00789	0.00575	0.00581	0.00192	0.00767	0.00517	0.00261	0.00672
12	0.01279	0.01218	0.02070	0.38724	0.42037	0.01339	0.01705	0.01644	0.01248	0.01705	0.01065	0.01492	0.00852	0.00548	0.00578	0.00183	0.00731	0.00518	0.00274	0.00791
13	0.01187	0.07172	0.72570	0.01622	0.02461	0.01402	0.02086	0.01836	0.01225	0.01816	0.01031	0.01212	0.00737	0.00550	0.00543	0.00181	0.00847	0.00423	0.00246	0.00853
14	0.00727	0.00525	0.00692	0.00819	0.00871	0.00490	0.00568	0.00844	0.01144	0.01511	0.03348	0.68876	0.07904	0.01784	0.00744	0.00237	0.00352	0.07548	0.00539	0.00479
15	0.01373	0.01569	0.03431	0.02451	0.03039	0.01471	0.73824	0.01863	0.01373	0.01863	0.01176	0.01569	0.00882	0.00490	0.00686	0.00196	0.00980	0.00686	0.00294	0.00784
16	0.01098	0.01034	0.01744	0.78165	0.04005	0.01292	0.01615	0.01486	0.01163	0.01486	0.01034	0.01550	0.00775	0.00581	0.00581	0.00194	0.00775	0.00517	0.00258	0.00646
17	0.01355	0.01690	0.09582	0.02384	0.02995	0.01460	0.67795	0.01861	0.01360	0.01861	0.01165	0.01540	0.00870	0.00495	0.00675	0.00195	0.00970	0.00665	0.00290	0.00791
18	0.01332	0.01877	0.19915	0.02377	0.09858	0.01435	0.50710	0.01851	0.01335	0.01861	0.01138	0.01479	0.00853	0.00507	0.00645	0.00191	0.00925	0.00612	0.00283	0.00814
19	0.01010	0.00505	0.00758	0.00758	0.00758	0.00505	0.00505	0.00758	0.00758	0.01010	0.01010	0.01768	0.01010	0.02020	0.02273	0.83081	0.00505	0.00505	0.00253	0.00253
20	0.01166	0.03008	0.76550	0.01657	0.02517	0.01351	0.02149	0.01842	0.01228	0.01842	0.01044	0.01228	0.00737	0.00552	0.00552	0.00184	0.00859	0.00430	0.00246	0.00859
21	0.01179	0.03951	0.46555	0.23269	0.06136	0.01363	0.06047	0.01738	0.01221	0.01735	0.01045	0.01341	0.00764	0.00554	0.00565	0.00186	0.00830	0.00470	0.00254	0.00795
22	0.01166	0.03008	0.76550	0.01657	0.02517	0.01351	0.02149	0.01842	0.01228	0.01842	0.01044	0.01228	0.00737	0.00552	0.00552	0.00184	0.00859	0.00430	0.00246	0.00859
23	0.01166	0.03008	0.76550	0.01657	0.02517	0.01351	0.02149	0.01842	0.01228	0.01842	0.01044	0.01228	0.00737	0.00552	0.00552	0.00184	0.00859	0.00430	0.00246	0.00859
24	0.01155	0.01818	0.30340	0.42281	0.09892	0.01322	0.01834	0.01648	0.01202	0.01659	0.01043	0.01417	0.00774	0.00565	0.00570	0.00188	0.00800	0.00484	0.00256	0.00752
25	0.01166	0.03008	0.76550	0.01657	0.02517	0.01351	0.02149	0.01842	0.01228	0.01842	0.01044	0.01228	0.00737	0.00552	0.00552	0.00184	0.00859	0.00430	0.00246	0.00859
26	0.02488	0.01066	0.01541	0.01167	0.01629	0.00947	0.07003	0.05775	0.01685	0.66987	0.02162	0.01920	0.01373	0.00700	0.00593	0.00181	0.00542	0.00591	0.00678	0.00972
27	0.00765	0.00546	0.00739	0.00874	0.00933	0.00521	0.00638	0.00907	0.01169	0.01548	0.03174	0.61279	0.03723	0.01769	0.00757	0.00244	0.00386	0.19002	0.00539	0.00488
28	0.01525	0.01435	0.02143	0.17387	0.45256	0.05755	0.03600	0.12150	0.01516	0.02046	0.01117	0.01436	0.00892	0.00560	0.00578	0.00176	0.00728	0.00515	0.00325	0.00860
29	0.01138	0.01075	0.01817	0.69394	0.12463	0.01303	0.01635	0.01521	0.01182	0.01534	0.01041	0.01537	0.00792	0.00574	0.00581	0.00191	0.00765	0.00517	0.00262	0.00678
30	0.01206	0.01034	0.01206	0.00861	0.01378	0.00775	0.00689	0.01464	0.01206	0.01895	0.01034	0.01206	0.00861	0.00431	0.00431	0.00086	0.00431	0.00345	0.00345	0.83118
31	0.00912	0.00674	0.00882	0.00939	0.01091	0.00664	0.00783	0.01249	0.05618	0.01928	0.23346	0.05608	0.10523	0.01432	0.00748	0.00234	0.00437	0.41807	0.00568	0.00557
32	0.83671	0.01125	0.00855	0.00765	0.01125	0.01305	0.00630	0.01709	0.00990	0.02609	0.00810	0.00945	0.00630	0.00540	0.00360	0.00180	0.00450	0.00315	0.00360	0.00630
33	0.01206	0.01034	0.01206	0.00861	0.01378	0.00775	0.00689	0.01464	0.01206	0.01895	0.01034	0.01206	0.00861	0.00431	0.00431	0.00086	0.00431	0.00345	0.00345	0.83118
34	0.00734	0.00591	0.00655	0.00651	0.00824	0.00512	0.00491	0.00918	0.01408	0.01782	0.24781	0.07313	0.52039	0.01409	0.00692	0.00196	0.00299	0.03629	0.00567	0.00508
35	0.01272	0.01272	0.01781	0.01527	0.01527	0.01781	0.01272	0.01399	0.00891	0.01399	0.00763	0.01272	0.00763	0.01018	0.01908	0.00254	0.78499	0.00509	0.00254	0.00636
36	0.00832	0.00620	0.00918	0.00918	0.01017	0.00718	0.00707	0.01028	0.00930	0.01338	0.01573	0.02367	0.01490	0.08433	0.73236	0.00915	0.01504	0.00635	0.00314	0.00510
37	0.01166	0.03008	0.76550	0.01657	0.02517	0.01351	0.02149	0.01842	0.01228	0.01842	0.01044	0.01228	0.00737	0.00552	0.00552	0.00184	0.00859	0.00430	0.00246	0.00859
38	0.01607	0.73424	0.02930	0.01037	0.01518	0.08603	0.01006	0.01790	0.01221	0.01373	0.00816	0.00943	0.00747	0.00506	0.00386	0.00127	0.00658	0.00316	0.00253	0.00740
39	0.00688	0.00585	0.00594	0.00600	0.00788	0.00490	0.00447	0.00833	0.01315	0.01566	0.05752	0.09395	0.71990	0.01491	0.00690	0.00198	0.00297	0.01249	0.00540	0.00490
40	0.01098	0.01034	0.01744	0.78165	0.04005	0.01292	0.01615	0.01486	0.01163	0.01486	0.01034	0.01550	0.00775	0.00581	0.00581	0.00194	0.00775	0.00517	0.00258	0.00646
41	0.04189	0.09274	0.59424	0.01567	0.02332	0.04305	0.04352	0.01886	0.01254	0.04733	0.01064	0.01227	0.00767	0.00554	0.00535	0.00178	0.00822	0.00428	0.00272	0.00837
42	0.01945	0.02429	0.02156	0.01769	0.02151	0.55664	0.21818	0.02191	0.01570	0.01548	0.00978	0.01197	0.00787	0.00568	0.00570	0.00163	0.01029	0.00463	0.00298	0.00706

[dist]
# distance from previous block
# <min> <max>
19	103

[block]
# block no. 2 follows, 40 sequences, length 17
# corresponding to MSA columns:
# 364-380
name=unknown_C
#
# <colnr> <probs for GDERKNQSTAVLIFYWHMCP>
#	G	D	E	R	K	N	Q	S	T	A	V	L	I	F	Y	W	H	M	C	P
0	0.01328	0.01245	0.11356	0.00996	0.01462	0.00902	0.00898	0.01790	0.10050	0.10917	0.08311	0.01984	0.04628	0.03697	0.00616	0.00156	0.00485	0.00542	0.00441	0.38195
1	0.17454	0.00963	0.01175	0.00943	0.01311	0.00905	0.04142	0.03282	0.02979	0.24554	0.16706	0.02333	0.06591	0.00771	0.00549	0.00168	0.00444	0.00634	0.00539	0.13557
2	0.06534	0.01068	0.01321	0.06535	0.01624	0.01095	0.00952	0.17229	0.06232	0.28786	0.05958	0.02787	0.01854	0.00895	0.00619	0.00198	0.00537	0.14357	0.00590	0.00830
3	0.01277	0.01380	0.05296	0.16670	0.05618	0.01303	0.35090	0.01824	0.08740	0.01842	0.01404	0.01699	0.03510	0.00568	0.00614	0.00180	0.00779	0.00609	0.00330	0.11265
4	0.01556	0.04511	0.05644	0.02716	0.01516	0.03717	0.00946	0.36304	0.02017	0.02652	0.09847	0.08175	0.16025	0.00958	0.00612	0.00182	0.00542	0.00777	0.00528	0.00776
5	0.01685	0.01432	0.01837	0.24973	0.16704	0.05101	0.01374	0.31964	0.01877	0.02492	0.01191	0.01427	0.00895	0.00613	0.00572	0.00175	0.00702	0.00506	0.00405	0.04075
6	0.01396	0.01338	0.02282	0.13016	0.66826	0.01370	0.01763	0.01747	0.01304	0.01847	0.01086	0.01453	0.00903	0.00526	0.00576	0.00175	0.00702	0.00518	0.00284	0.00886
7	0.00867	0.00579	0.00726	0.00699	0.00830	0.00543	0.00521	0.01131	0.01534	0.02252	0.57297	0.08175	0.04623	0.01126	0.00635	0.00177	0.00277	0.00988	0.16476	0.00543
8	0.01145	0.02858	0.71844	0.01600	0.02415	0.01301	0.02049	0.01795	0.01254	0.01872	0.05675	0.01421	0.01032	0.00592	0.00561	0.00184	0.00823	0.00468	0.00270	0.00840
9	0.01091	0.00794	0.00964	0.00849	0.01049	0.00791	0.00656	0.15155	0.01856	0.02589	0.61314	0.03775	0.04620	0.01094	0.00666	0.00181	0.00345	0.00950	0.00629	0.00634
10	0.01179	0.01183	0.17102	0.00933	0.01306	0.00752	0.00907	0.01469	0.01400	0.16139	0.12793	0.07288	0.33026	0.01110	0.00641	0.00191	0.00454	0.00930	0.00524	0.00673
11	0.00811	0.00618	0.00712	0.00686	0.00826	0.00575	0.00493	0.01055	0.04834	0.01849	0.34571	0.04558	0.28197	0.16379	0.01120	0.00262	0.00346	0.01052	0.00549	0.00509
12	0.01303	0.01469	0.07879	0.02029	0.02548	0.01283	0.54760	0.01763	0.01333	0.01920	0.01306	0.01661	0.00990	0.00531	0.00623	0.00184	0.00835	0.00641	0.16200	0.00743
13	0.01445	0.02619	0.62048	0.01537	0.02318	0.01255	0.01899	0.02033	0.01312	0.16208	0.01285	0.01373	0.00872	0.00585	0.00559	0.00183	0.00789	0.00460	0.00337	0.00885
14	0.01098	0.01034	0.01744	0.78165	0.04005	0.01292	0.01615	0.01486	0.01163	0.01486	0.01034	0.01550	0.00775	0.00581	0.00581	0.00194	0.00775	0.00517	0.00258	0.00646
15	0.01353	0.01293	0.02204	0.22514	0.57668	0.01359	0.01742	0.01709	0.01283	0.01795	0.01079	0.01467	0.00884	0.00534	0.00577	0.00178	0.00712	0.00518	0.00280	0.00851
16	0.01480	0.65083	0.17221	0.01123	0.01690	0.02118	0.01217	0.01761	0.01190	0.01459	0.00854	0.00990	0.00744	0.00508	0.00408	0.00136	0.00668	0.00334	0.00248	0.00768

[dist]
# distance from previous block
# <min> <max>
0	1

[block]
# block no. 3 follows, 40 sequences, length 18
# corresponding to MSA columns:
# 382-399
name=unknown_D
#
# <colnr> <probs for GDERKNQSTAVLIFYWHMCP>
#	G	D	E	R	K	N	Q	S	T	A	V	L	I	F	Y	W	H	M	C	P
0	0.01281	0.01768	0.23549	0.20467	0.38000	0.01352	0.01850	0.01731	0.01259	0.01786	0.01065	0.01404	0.00834	0.00543	0.00570	0.00181	0.00759	0.00492	0.00269	0.00839
1	0.01150	0.00882	0.01077	0.00831	0.01200	0.00698	0.00636	0.01261	0.01077	0.01640	0.01027	0.01367	0.00904	0.00888	0.00960	0.23951	0.00452	0.00391	0.00318	0.59290
2	0.60236	0.01598	0.01083	0.00976	0.01318	0.23136	0.00772	0.01886	0.01179	0.02268	0.00835	0.00975	0.00664	0.00557	0.00407	0.00171	0.00622	0.00332	0.00343	0.00643
3	0.00823	0.00594	0.00777	0.00732	0.00869	0.00549	0.00549	0.01097	0.01646	0.02332	0.75629	0.04344	0.05487	0.01189	0.00686	0.00183	0.00274	0.01052	0.00640	0.00549
4	0.01495	0.01205	0.01361	0.00998	0.01500	0.01071	0.00809	0.22321	0.01645	0.02404	0.01138	0.01261	0.00898	0.00508	0.00474	0.00112	0.00491	0.00396	0.00413	0.59502
5	0.01156	0.01106	0.01643	0.23475	0.02166	0.01482	0.01289	0.01370	0.00975	0.01417	0.00960	0.01504	0.00870	0.01394	0.12837	0.00339	0.44600	0.00528	0.00264	0.00621
6	0.00757	0.00568	0.00702	0.00720	0.00841	0.00513	0.00520	0.00951	0.01416	0.01905	0.37978	0.26166	0.21955	0.01439	0.00702	0.00201	0.00297	0.01267	0.00587	0.00513
7	0.01098	0.01034	0.01744	0.78165	0.04005	0.01292	0.01615	0.01486	0.01163	0.01486	0.01034	0.01550	0.00775	0.00581	0.00581	0.00194	0.00775	0.00517	0.00258	0.00646
8	0.01245	0.02540	0.55217	0.02207	0.23628	0.01359	0.02044	0.01825	0.01255	0.01858	0.01058	0.01289	0.00790	0.00543	0.00559	0.00181	0.00811	0.00455	0.00258	0.00877
9	0.01114	0.00811	0.01526	0.01245	0.01414	0.00783	0.21588	0.01075	0.00934	0.01255	0.01058	0.01710	0.00973	0.01580	0.01817	0.59247	0.00642	0.00557	0.00264	0.00405
10	0.01743	0.57402	0.02673	0.01094	0.01582	0.02158	0.01027	0.22518	0.01628	0.02029	0.00977	0.01066	0.00816	0.00555	0.00433	0.00139	0.00627	0.00372	0.00345	0.00816
11	0.01214	0.01152	0.01953	0.52883	0.28384	0.01322	0.01673	0.01587	0.01217	0.01626	0.01054	0.01513	0.00825	0.00560	0.00579	0.00187	0.00747	0.00517	0.00268	0.00739
12	0.60362	0.01086	0.00997	0.00842	0.01228	0.01175	0.00694	0.02033	0.01184	0.23810	0.01237	0.01242	0.00863	0.00592	0.00425	0.00180	0.00463	0.00393	0.00463	0.00733
13	0.01439	0.01382	0.02360	0.03569	0.75936	0.01382	0.01785	0.01785	0.01324	0.01900	0.01094	0.01439	0.00921	0.00518	0.00576	0.00173	0.00691	0.00518	0.00288	0.00921
14	0.01290	0.12190	0.42006	0.01775	0.02481	0.01510	0.22544	0.01906	0.05426	0.01821	0.01127	0.01342	0.00838	0.00541	0.00571	0.00181	0.00842	0.00501	0.00279	0.00827
15	0.05520	0.00593	0.00649	0.00651	0.00673	0.00601	0.00378	0.00893	0.00868	0.01230	0.01845	0.07516	0.02119	0.71103	0.02699	0.00525	0.00546	0.00857	0.00362	0.00374
16	0.01824	0.01325	0.01465	0.01227	0.01603	0.01458	0.01002	0.35442	0.25888	0.08883	0.02010	0.02388	0.01597	0.00851	0.00615	0.00195	0.00556	0.10175	0.00590	0.00906
17	0.00846	0.00560	0.00640	0.00644	0.00645	0.00559	0.00364	0.00842	0.00852	0.01136	0.01854	0.06356	0.02139	0.74400	0.02861	0.03176	0.00554	0.00863	0.00356	0.00353

[dist]
# distance from previous block
# <min> <max>
1	40

[block]
# block no. 4 follows, 40 sequences, length 7
# corresponding to MSA columns:
# 445-451
name=unknown_E
#
# <colnr> <probs for GDERKNQSTAVLIFYWHMCP>
#	G	D	E	R	K	N	Q	S	T	A	V	L	I	F	Y	W	H	M	C	P
0	0.15473	0.01550	0.07552	0.01407	0.06893	0.04254	0.05803	0.32387	0.01865	0.02719	0.01515	0.01600	0.06352	0.00665	0.00542	0.00171	0.00624	0.00523	0.00445	0.07660
1	0.01285	0.01993	0.26948	0.07970	0.02944	0.01418	0.45137	0.01827	0.01310	0.01827	0.01123	0.01457	0.00827	0.00517	0.00635	0.00192	0.00926	0.00590	0.00276	0.00798
2	0.01847	0.01804	0.07220	0.03196	0.01752	0.22407	0.01076	0.16801	0.12205	0.10093	0.03126	0.01503	0.01143	0.00644	0.00546	0.00160	0.00694	0.00487	0.00452	0.12843
3	0.01130	0.01005	0.07528	0.05355	0.16540	0.00889	0.02865	0.01308	0.05832	0.01478	0.01397	0.06330	0.01333	0.01361	0.01358	0.37014	0.00588	0.05821	0.00319	0.00549
4	0.14435	0.01621	0.01437	0.01202	0.01567	0.16457	0.00960	0.33901	0.08031	0.02684	0.01524	0.01597	0.04705	0.00969	0.06161	0.00229	0.00727	0.00516	0.00471	0.00807
5	0.01351	0.01322	0.01971	0.44095	0.23866	0.07378	0.04232	0.05689	0.01342	0.01732	0.01065	0.01471	0.00830	0.00568	0.00579	0.00183	0.00773	0.00512	0.00289	0.00750
6	0.01235	0.00983	0.01182	0.00935	0.01340	0.00837	0.00762	0.04138	0.01294	0.05251	0.01724	0.02331	0.06472	0.00728	0.00596	0.00137	0.04721	0.10783	0.00407	0.54144

[dist]
# distance from previous block
# <min> <max>
20	136

# created by:
# /software/SequenceAnalysis/GenePrediction/augustus/3.0.1/scripts/msa2prfl.pl ./fixed/BUSCOvEOG77H747.fas
