[name]
unknown

[dist]
# distance from previous block
# <min> <max>
9	207

[block]
# block no. 0 follows, 41 sequences, length 14
# corresponding to MSA columns:
# 232-245
name=unknown_A
#
# <colnr> <probs for GDERKNQSTAVLIFYWHMCP>
#	G	D	E	R	K	N	Q	S	T	A	V	L	I	F	Y	W	H	M	C	P
0	0.01842	0.01355	0.01485	0.01171	0.01550	0.01474	0.00954	0.56582	0.02429	0.03286	0.19533	0.02079	0.02049	0.00804	0.00597	0.00174	0.00542	0.00641	0.00586	0.00867
1	0.63783	0.01084	0.01054	0.19670	0.01795	0.01280	0.00855	0.01628	0.01015	0.02298	0.00850	0.01074	0.00654	0.00541	0.00407	0.00180	0.00520	0.00358	0.00330	0.00623
2	0.00697	0.00498	0.00664	0.00796	0.00830	0.00465	0.00531	0.00796	0.01095	0.01460	0.03153	0.79525	0.03783	0.01792	0.00730	0.00232	0.00332	0.01626	0.00531	0.00465
3	0.01107	0.02276	0.54405	0.01343	0.02008	0.01097	0.01638	0.01622	0.01253	0.05666	0.02251	0.02292	0.19096	0.00772	0.00577	0.00184	0.00691	0.00621	0.00336	0.00764
4	0.01212	0.05775	0.56017	0.01794	0.02559	0.01395	0.19615	0.01812	0.01240	0.01797	0.01049	0.01277	0.00760	0.00526	0.00568	0.00182	0.00865	0.00479	0.00253	0.00823
5	0.21490	0.01298	0.01961	0.02840	0.58032	0.01341	0.01479	0.01737	0.01222	0.02038	0.01008	0.01297	0.00836	0.00515	0.00515	0.00172	0.00622	0.00461	0.00300	0.00836
6	0.01274	0.00969	0.01090	0.00827	0.01238	0.00827	0.00659	0.10096	0.01368	0.02136	0.01266	0.01439	0.01013	0.00514	0.00435	0.00107	0.00410	0.00407	0.20492	0.53434
7	0.01359	0.45825	0.35925	0.01269	0.01917	0.01847	0.01484	0.01757	0.01182	0.01553	0.00898	0.01047	0.00730	0.00513	0.00446	0.00149	0.00716	0.00358	0.00243	0.00784
8	0.01992	0.01469	0.01582	0.01259	0.01680	0.01630	0.01025	0.51447	0.22194	0.07101	0.01677	0.01608	0.01204	0.00712	0.00575	0.00178	0.00574	0.00554	0.00582	0.00955
9	0.01157	0.01102	0.01614	0.20143	0.02016	0.01483	0.01248	0.01357	0.00956	0.01416	0.00936	0.01454	0.00850	0.01242	0.09707	0.00304	0.48960	0.00516	0.02925	0.00613
10	0.01529	0.80242	0.02997	0.00979	0.01468	0.02263	0.00979	0.01713	0.01162	0.01346	0.00795	0.00918	0.00734	0.00489	0.00367	0.00122	0.00612	0.00306	0.00245	0.00734
11	0.01147	0.00676	0.00776	0.00697	0.00946	0.00575	0.00542	0.01320	0.01410	0.19894	0.10640	0.04539	0.52187	0.01246	0.00651	0.00188	0.00336	0.01039	0.00582	0.00607
12	0.01186	0.01017	0.01186	0.00847	0.01356	0.00762	0.00678	0.01440	0.01186	0.01864	0.01017	0.01186	0.00847	0.00424	0.00424	0.00085	0.00424	0.00339	0.00339	0.83395
13	0.01080	0.01017	0.01716	0.78523	0.03940	0.01271	0.01589	0.01461	0.01144	0.01461	0.01017	0.01525	0.00762	0.00572	0.00572	0.00191	0.00762	0.00508	0.00254	0.00635

[dist]
# distance from previous block
# <min> <max>
0	2

[block]
# block no. 1 follows, 41 sequences, length 22
# corresponding to MSA columns:
# 248-269
name=unknown_B
#
# <colnr> <probs for GDERKNQSTAVLIFYWHMCP>
#	G	D	E	R	K	N	Q	S	T	A	V	L	I	F	Y	W	H	M	C	P
0	0.01614	0.01939	0.02787	0.02097	0.02580	0.26964	0.49743	0.01984	0.01441	0.01687	0.01066	0.01372	0.00824	0.00518	0.00622	0.00178	0.00987	0.00572	0.00291	0.00735
1	0.00822	0.00593	0.00820	0.00820	0.00888	0.00661	0.00592	0.00958	0.00890	0.01255	0.01623	0.02748	0.01648	0.29624	0.52595	0.00797	0.01205	0.00686	0.00320	0.00456
2	0.00952	0.00843	0.01363	0.52480	0.02897	0.01001	0.01234	0.01239	0.01127	0.01461	0.01732	0.27660	0.01775	0.00981	0.00625	0.00205	0.00618	0.00883	0.00347	0.00578
3	0.00697	0.00498	0.00664	0.00796	0.00830	0.00465	0.00531	0.00796	0.01095	0.01460	0.03153	0.79525	0.03783	0.01792	0.00730	0.00232	0.00332	0.01626	0.00531	0.00465
4	0.29766	0.01053	0.01173	0.00939	0.01345	0.01050	0.00774	0.07617	0.01481	0.44703	0.01693	0.01568	0.01118	0.00646	0.00497	0.00176	0.00477	0.00481	0.02600	0.00844
5	0.01916	0.00868	0.01093	0.00883	0.01243	0.00760	0.00715	0.05167	0.01570	0.48434	0.03405	0.03115	0.26421	0.00955	0.00609	0.00182	0.00427	0.00784	0.00643	0.00809
6	0.28957	0.01203	0.01447	0.01251	0.01369	0.01595	0.01040	0.01479	0.00909	0.01775	0.00766	0.01143	0.00707	0.00844	0.01367	0.00226	0.52579	0.00437	0.00285	0.00624
7	0.00742	0.00517	0.00650	0.00739	0.00761	0.00495	0.00469	0.00808	0.01007	0.01343	0.02700	0.54133	0.03212	0.27963	0.01461	0.00340	0.00406	0.01360	0.00469	0.00425
8	0.56092	0.00921	0.00768	0.00709	0.00945	0.01039	0.00528	0.01397	0.00926	0.02078	0.01133	0.01872	0.01109	0.27124	0.01211	0.00303	0.00480	0.00485	0.00351	0.00528
9	0.01679	0.01232	0.01364	0.01142	0.01457	0.01335	0.00901	0.49753	0.02155	0.02886	0.01969	0.27559	0.01914	0.01057	0.00625	0.00192	0.00530	0.00887	0.00558	0.00802
10	0.02064	0.00826	0.01061	0.00855	0.01194	0.00738	0.00693	0.02300	0.01491	0.51732	0.02126	0.02009	0.01433	0.00694	0.00516	0.00162	0.00413	0.00561	0.28306	0.00826
11	0.00847	0.01325	0.26217	0.01070	0.01380	0.00755	0.01058	0.01137	0.01139	0.01580	0.02515	0.51193	0.04800	0.01364	0.00666	0.00214	0.00503	0.01211	0.00434	0.00593
12	0.00875	0.00558	0.00664	0.00655	0.00783	0.00526	0.00485	0.01118	0.01404	0.02105	0.39031	0.11154	0.08823	0.01082	0.00588	0.00170	0.00276	0.00938	0.28237	0.00526
13	0.00883	0.00750	0.01028	0.01033	0.01055	0.00896	0.00772	0.00991	0.01022	0.01432	0.02348	0.53298	0.02767	0.01527	0.01114	0.00238	0.26641	0.01249	0.00437	0.00519
14	0.00817	0.00613	0.00919	0.00919	0.01021	0.00715	0.00715	0.01021	0.00919	0.01328	0.01532	0.02247	0.01430	0.04290	0.77631	0.00919	0.01532	0.00613	0.00306	0.00511
15	0.01143	0.00556	0.00574	0.00558	0.00707	0.00549	0.00422	0.01407	0.01222	0.05937	0.01886	0.02123	0.01464	0.00669	0.00409	0.00136	0.00278	0.00535	0.78873	0.00556
16	0.04072	0.00837	0.01108	0.00910	0.01230	0.00759	0.00730	0.02116	0.03175	0.44983	0.26907	0.02716	0.02736	0.01011	0.03871	0.00210	0.00456	0.00725	0.00652	0.00797
17	0.01808	0.01406	0.01716	0.27186	0.02499	0.01605	0.01255	0.49976	0.02171	0.02887	0.01254	0.01424	0.00902	0.00648	0.00572	0.00178	0.00674	0.00513	0.00466	0.00860
18	0.00945	0.00792	0.01228	0.01715	0.26140	0.00771	0.00955	0.01131	0.01172	0.01606	0.02453	0.50854	0.02802	0.01355	0.00677	0.00212	0.00455	0.03675	0.00448	0.00615
19	0.00994	0.00497	0.00745	0.00745	0.00745	0.00497	0.00497	0.00745	0.00745	0.00994	0.00994	0.01739	0.00994	0.01987	0.02235	0.83358	0.00497	0.00497	0.00248	0.00248
20	0.01480	0.27714	0.01876	0.01106	0.01489	0.01714	0.00935	0.04611	0.48406	0.02076	0.01787	0.01705	0.01385	0.00677	0.00510	0.00169	0.00511	0.00529	0.00469	0.00850
21	0.23198	0.01254	0.01296	0.01001	0.01448	0.01273	0.00819	0.28399	0.01700	0.05388	0.01135	0.01215	0.00854	0.00559	0.00466	0.00144	0.00507	0.00405	0.00442	0.28498

[dist]
# distance from previous block
# <min> <max>
0	1

[block]
# block no. 2 follows, 41 sequences, length 10
# corresponding to MSA columns:
# 271-280
name=unknown_C
#
# <colnr> <probs for GDERKNQSTAVLIFYWHMCP>
#	G	D	E	R	K	N	Q	S	T	A	V	L	I	F	Y	W	H	M	C	P
0	0.00719	0.00509	0.00662	0.00777	0.00806	0.00479	0.00509	0.00805	0.01063	0.01418	0.02979	0.69559	0.03562	0.12014	0.01017	0.00275	0.00363	0.01523	0.00508	0.00452
1	0.01814	0.01502	0.01988	0.01527	0.01980	0.01619	0.17393	0.41059	0.19780	0.02921	0.01558	0.01599	0.01139	0.00665	0.00599	0.00183	0.00663	0.00584	0.00513	0.00914
2	0.00717	0.00512	0.00685	0.00817	0.00858	0.00481	0.00560	0.00827	0.01113	0.01482	0.03147	0.74461	0.03752	0.01780	0.00736	0.00235	0.00347	0.06489	0.00532	0.00471
3	0.00729	0.00521	0.00696	0.00814	0.00864	0.00489	0.00565	0.00854	0.01157	0.01551	0.08905	0.67622	0.03873	0.01728	0.00732	0.00231	0.00344	0.07307	0.00540	0.00478
4	0.00805	0.00626	0.00907	0.01192	0.11736	0.00597	0.00710	0.00938	0.01128	0.01523	0.02856	0.68195	0.03370	0.01609	0.00708	0.00224	0.00384	0.01465	0.00497	0.00531
5	0.01256	0.01120	0.01528	0.01096	0.01612	0.00907	0.11322	0.04576	0.01276	0.01937	0.01056	0.01252	0.00860	0.00446	0.00468	0.00105	0.00512	0.00396	0.00343	0.67932
6	0.01461	0.01071	0.01806	0.08976	0.04390	0.00987	0.21490	0.01770	0.01394	0.19736	0.07977	0.02383	0.12214	0.00736	0.00608	0.00174	0.00602	0.00694	0.00455	0.11075
7	0.01436	0.04812	0.12632	0.01497	0.01700	0.17541	0.01337	0.01645	0.01093	0.01447	0.00825	0.01193	0.00748	0.00832	0.01344	0.00215	0.48317	0.00456	0.00260	0.00672
8	0.01387	0.01340	0.02318	0.10215	0.66376	0.01357	0.05089	0.01735	0.01293	0.01834	0.01079	0.01437	0.00896	0.00517	0.00574	0.00174	0.00702	0.00519	0.00282	0.00878
9	0.00742	0.00534	0.00713	0.00834	0.00895	0.00504	0.00601	0.00880	0.01162	0.01539	0.05759	0.60725	0.06205	0.01719	0.00738	0.00235	0.00365	0.14838	0.00534	0.00479

[dist]
# distance from previous block
# <min> <max>
15	163

# created by:
# /software/SequenceAnalysis/GenePrediction/augustus/3.0.1/scripts/msa2prfl.pl ./fixed/BUSCOvEOG7WHB11.fas
