[name]
unknown

[dist]
# distance from previous block
# <min> <max>
0	38

[block]
# block no. 0 follows, 40 sequences, length 30
# corresponding to MSA columns:
# 41-70
name=unknown_A
#
# <colnr> <probs for GDERKNQSTAVLIFYWHMCP>
#	G	D	E	R	K	N	Q	S	T	A	V	L	I	F	Y	W	H	M	C	P
0	0.01059	0.00710	0.00906	0.00835	0.01026	0.00663	0.00645	0.01402	0.05990	0.08355	0.56083	0.04100	0.04581	0.01146	0.00682	0.00191	0.00341	0.06755	0.00631	0.03900
1	0.01218	0.01147	0.01928	0.57499	0.23642	0.01330	0.01669	0.01585	0.01223	0.01624	0.01077	0.01555	0.00841	0.00582	0.00591	0.00193	0.00760	0.00526	0.00276	0.00735
2	0.01393	0.01325	0.02244	0.19292	0.60484	0.01376	0.01756	0.01738	0.01306	0.01836	0.01107	0.01498	0.00915	0.00549	0.00588	0.00182	0.00717	0.00526	0.00291	0.00876
3	0.00952	0.00638	0.00821	0.00760	0.00922	0.00581	0.00573	0.01208	0.01643	0.06831	0.66696	0.04298	0.09435	0.01192	0.00690	0.00188	0.00299	0.01040	0.00647	0.00586
4	0.01370	0.01424	0.02882	0.02143	0.02641	0.01357	0.55791	0.06168	0.01465	0.01974	0.01563	0.02503	0.01363	0.00724	0.00712	0.00213	0.00885	0.13691	0.00365	0.00765
5	0.01125	0.01052	0.01760	0.77856	0.04013	0.01305	0.01623	0.01504	0.01179	0.01511	0.01060	0.01586	0.00801	0.00599	0.00593	0.00199	0.00783	0.00525	0.00268	0.00660
6	0.01125	0.01052	0.01760	0.77856	0.04013	0.01305	0.01623	0.01504	0.01179	0.01511	0.01060	0.01586	0.00801	0.00599	0.00593	0.00199	0.00783	0.00525	0.00268	0.00660
7	0.01193	0.03018	0.76249	0.01672	0.02531	0.01364	0.02154	0.01858	0.01244	0.01865	0.01070	0.01264	0.00762	0.00570	0.00564	0.00189	0.00867	0.00438	0.00255	0.00872
8	0.01465	0.01399	0.02373	0.03576	0.75638	0.01395	0.01792	0.01801	0.01340	0.01923	0.01120	0.01475	0.00946	0.00536	0.00587	0.00178	0.00699	0.00527	0.00297	0.00934
9	0.02195	0.02783	0.01664	0.01514	0.01815	0.76920	0.01133	0.02337	0.01662	0.01449	0.00926	0.01086	0.00775	0.00617	0.00536	0.00155	0.01055	0.00384	0.00309	0.00688
10	0.01125	0.01052	0.01760	0.77856	0.04013	0.01305	0.01623	0.01504	0.01179	0.01511	0.01060	0.01586	0.00801	0.00599	0.00593	0.00199	0.00783	0.00525	0.00268	0.00660
11	0.00716	0.00609	0.00610	0.00608	0.00807	0.00508	0.00454	0.00855	0.01341	0.01596	0.05897	0.05615	0.75408	0.01487	0.00698	0.00201	0.00304	0.01233	0.00548	0.00505
12	0.02629	0.01008	0.01367	0.01052	0.01503	0.00870	0.00866	0.02846	0.01679	0.76046	0.02315	0.02013	0.01462	0.00737	0.00596	0.00185	0.00504	0.00593	0.00727	0.01002
13	0.02629	0.01008	0.01367	0.01052	0.01503	0.00870	0.00866	0.02846	0.01679	0.76046	0.02315	0.02013	0.01462	0.00737	0.00596	0.00185	0.00504	0.00593	0.00727	0.01002
14	0.01398	0.01585	0.03440	0.02462	0.03051	0.01483	0.73525	0.01879	0.01388	0.01886	0.01202	0.01604	0.00907	0.00508	0.00697	0.00201	0.00987	0.00694	0.00303	0.00797
15	0.01465	0.01399	0.02373	0.03576	0.75638	0.01395	0.01792	0.01801	0.01340	0.01923	0.01120	0.01475	0.00946	0.00536	0.00587	0.00178	0.00699	0.00527	0.00297	0.00934
16	0.02233	0.01645	0.01761	0.01354	0.01820	0.01815	0.01115	0.73707	0.02744	0.03681	0.01421	0.01432	0.01014	0.00715	0.00593	0.00179	0.00648	0.00532	0.00590	0.01001
17	0.01125	0.01052	0.01760	0.77856	0.04013	0.01305	0.01623	0.01504	0.01179	0.01511	0.01060	0.01586	0.00801	0.00599	0.00593	0.00199	0.00783	0.00525	0.00268	0.00660
18	0.01291	0.01384	0.02897	0.02154	0.02640	0.01301	0.58148	0.01714	0.01366	0.01843	0.01612	0.07593	0.01460	0.00758	0.00717	0.00214	0.00880	0.10933	0.00354	0.00741
19	0.01125	0.01052	0.01760	0.77856	0.04013	0.01305	0.01623	0.01504	0.01179	0.01511	0.01060	0.01586	0.00801	0.00599	0.00593	0.00199	0.00783	0.00525	0.00268	0.00660
20	0.01398	0.01585	0.03440	0.02462	0.03051	0.01483	0.73525	0.01879	0.01388	0.01886	0.01202	0.01604	0.00907	0.00508	0.00697	0.00201	0.00987	0.00694	0.00303	0.00797
21	0.01472	0.01267	0.01332	0.01200	0.01530	0.01459	0.00931	0.03101	0.74589	0.02454	0.02388	0.02202	0.01796	0.00806	0.00603	0.00202	0.00469	0.00665	0.00600	0.00933
22	0.01358	0.01520	0.03271	0.02362	0.02917	0.01422	0.69046	0.01815	0.01372	0.01863	0.01326	0.06348	0.01089	0.00590	0.00700	0.00203	0.00948	0.00753	0.00318	0.00778
23	0.01448	0.01381	0.02343	0.07294	0.72053	0.01390	0.01783	0.01787	0.01332	0.01903	0.01117	0.01481	0.00939	0.00539	0.00587	0.00179	0.00703	0.00526	0.00296	0.00920
24	0.02609	0.00990	0.01350	0.01035	0.01484	0.00855	0.00855	0.02834	0.01664	0.76338	0.02294	0.01979	0.01439	0.00720	0.00585	0.00180	0.00495	0.00585	0.00720	0.00990
25	0.01555	0.79913	0.03047	0.00995	0.01493	0.02301	0.00995	0.01741	0.01182	0.01368	0.00808	0.00933	0.00746	0.00498	0.00373	0.00124	0.00622	0.00311	0.00249	0.00746
26	0.01607	0.01329	0.01405	0.01216	0.01573	0.01521	0.00959	0.17977	0.59737	0.02691	0.02163	0.02007	0.01610	0.00770	0.00590	0.00192	0.00498	0.00629	0.00590	0.00935
27	0.00709	0.00506	0.00675	0.00810	0.00843	0.00472	0.00540	0.00810	0.01113	0.01484	0.03205	0.79184	0.03846	0.01822	0.00742	0.00236	0.00337	0.01653	0.00540	0.00472
28	0.01272	0.01272	0.01781	0.01527	0.01527	0.01781	0.01272	0.01399	0.00891	0.01399	0.00763	0.01272	0.00763	0.01018	0.01908	0.00254	0.78499	0.00509	0.00254	0.00636
29	0.00707	0.00511	0.00670	0.00797	0.00840	0.00473	0.00534	0.00811	0.01126	0.01490	0.03365	0.74793	0.08134	0.01801	0.00739	0.00234	0.00335	0.01628	0.00540	0.00473

[dist]
# distance from previous block
# <min> <max>
0	78

# created by:
# /software/SequenceAnalysis/GenePrediction/augustus/3.0.1/scripts/msa2prfl.pl ./fixed/BUSCOvEOG76DNJB.fas
