[name]
unknown

[dist]
# distance from previous block
# <min> <max>
2	109

[block]
# block no. 0 follows, 40 sequences, length 45
# corresponding to MSA columns:
# 138-182
name=unknown_A
#
# <colnr> <probs for GDERKNQSTAVLIFYWHMCP>
#	G	D	E	R	K	N	Q	S	T	A	V	L	I	F	Y	W	H	M	C	P
0	0.00725	0.00518	0.00686	0.00820	0.00856	0.00482	0.00547	0.00822	0.01123	0.01499	0.03215	0.79014	0.03853	0.01829	0.00748	0.00239	0.00343	0.01655	0.00545	0.00481
1	0.01221	0.01044	0.01216	0.00872	0.01389	0.00784	0.00696	0.01475	0.01215	0.01908	0.01049	0.01227	0.00876	0.00441	0.00437	0.00089	0.00436	0.00350	0.00350	0.82925
2	0.00732	0.00602	0.00641	0.00630	0.00815	0.00513	0.00472	0.00902	0.01402	0.01746	0.20655	0.05342	0.60670	0.01421	0.00693	0.00196	0.00296	0.01193	0.00566	0.00511
3	0.00830	0.00562	0.00655	0.00686	0.00696	0.00552	0.00404	0.00849	0.00919	0.01226	0.02166	0.21435	0.02530	0.61214	0.02442	0.00489	0.00516	0.01038	0.00401	0.00389
4	0.05071	0.00620	0.00612	0.00592	0.00751	0.00633	0.00449	0.03975	0.01272	0.02255	0.01841	0.02101	0.01445	0.00682	0.00417	0.00142	0.00298	0.00535	0.75738	0.00570
5	0.00725	0.00518	0.00686	0.00820	0.00856	0.00482	0.00547	0.00822	0.01123	0.01499	0.03215	0.79014	0.03853	0.01829	0.00748	0.00239	0.00343	0.01655	0.00545	0.00481
6	0.16428	0.00674	0.00863	0.00904	0.04417	0.00705	0.00596	0.00996	0.00838	0.01366	0.00992	0.01619	0.00949	0.01680	0.01838	0.63508	0.00509	0.00475	0.00280	0.00363
7	0.00778	0.00550	0.00703	0.00769	0.00823	0.00517	0.00514	0.00897	0.01200	0.01634	0.20153	0.47220	0.03921	0.16145	0.01148	0.00287	0.00370	0.01362	0.00533	0.00476
8	0.00862	0.00576	0.00646	0.00645	0.00647	0.00573	0.00360	0.00858	0.00856	0.01143	0.01846	0.03820	0.02126	0.79380	0.02960	0.00566	0.00569	0.00850	0.00358	0.00361
9	0.00720	0.00537	0.00666	0.00769	0.00842	0.00486	0.00524	0.00828	0.01173	0.01519	0.03843	0.61818	0.20644	0.01747	0.00735	0.00230	0.00333	0.01556	0.00545	0.00485
10	0.00746	0.00534	0.00705	0.00806	0.00860	0.00496	0.00548	0.00875	0.01222	0.01657	0.16692	0.65088	0.04159	0.01711	0.00738	0.00229	0.00331	0.01543	0.00563	0.00495
11	0.02238	0.04683	0.01334	0.00986	0.01381	0.00875	0.00811	0.02466	0.01646	0.58830	0.15882	0.02389	0.02173	0.00806	0.00600	0.00181	0.00465	0.00663	0.00687	0.00903
12	0.01287	0.01282	0.01790	0.01536	0.01537	0.01788	0.01277	0.01410	0.00901	0.01414	0.00779	0.01293	0.00778	0.01027	0.01912	0.00257	0.78314	0.00514	0.00260	0.00644
13	0.68326	0.01229	0.01032	0.00882	0.01262	0.01405	0.00725	0.15171	0.01324	0.02817	0.00935	0.01051	0.00712	0.00580	0.00408	0.00182	0.00491	0.00359	0.00406	0.00705
14	0.00749	0.00537	0.00675	0.00771	0.00817	0.00501	0.00508	0.00837	0.01111	0.01471	0.05176	0.58502	0.09599	0.14525	0.01106	0.00288	0.00375	0.01471	0.00517	0.00465
15	0.44836	0.01468	0.01263	0.04898	0.01558	0.10486	0.00884	0.21621	0.03828	0.02707	0.01056	0.01170	0.00800	0.00610	0.00465	0.00179	0.00595	0.00405	0.00421	0.00751
16	0.00960	0.00762	0.01166	0.00983	0.01094	0.00742	0.14032	0.01047	0.00954	0.01280	0.01724	0.03404	0.01896	0.64666	0.02537	0.00497	0.00646	0.00820	0.00347	0.00441
17	0.16194	0.00684	0.00851	0.00890	0.01012	0.00684	0.04052	0.01039	0.01112	0.01726	0.02673	0.60761	0.03114	0.01527	0.00674	0.00226	0.00394	0.01360	0.00499	0.00525
18	0.07228	0.00742	0.01058	0.21768	0.01780	0.00800	0.02519	0.01141	0.01186	0.01694	0.09110	0.40899	0.02789	0.01271	0.00659	0.00214	0.00477	0.01133	0.02977	0.00556
19	0.02147	0.00954	0.01222	0.00989	0.01340	0.00884	0.00776	0.02503	0.10711	0.52898	0.02230	0.02362	0.01620	0.15410	0.01034	0.00256	0.00509	0.00647	0.00640	0.00869
20	0.01509	0.01429	0.01774	0.04234	0.01693	0.06265	0.01250	0.14977	0.01299	0.01840	0.00915	0.01313	0.00820	0.00927	0.01535	0.00234	0.56442	0.00509	0.00324	0.00712
21	0.01583	0.01262	0.01445	0.05495	0.01696	0.01190	0.00901	0.28019	0.01772	0.02533	0.01182	0.01317	0.00918	0.00548	0.00501	0.00128	0.00532	0.00425	0.00432	0.48124
22	0.01965	0.01493	0.01600	0.01278	0.01671	0.04391	0.01041	0.57610	0.02365	0.03161	0.01422	0.01569	0.01081	0.01386	0.14854	0.00318	0.00831	0.00541	0.00526	0.00897
23	0.02776	0.01328	0.01628	0.01298	0.01760	0.01211	0.01029	0.16222	0.02034	0.59366	0.02378	0.02267	0.01624	0.00917	0.00716	0.00236	0.00628	0.00669	0.00781	0.01134
24	0.01715	0.01405	0.01767	0.15636	0.15985	0.01490	0.01309	0.08031	0.30495	0.04143	0.02206	0.02471	0.04716	0.00931	0.00720	0.00246	0.00672	0.02077	0.02996	0.00990
25	0.01503	0.01332	0.02063	0.43726	0.28318	0.01423	0.01687	0.01753	0.01410	0.01923	0.01520	0.07385	0.01342	0.00855	0.00723	0.00246	0.00808	0.00696	0.00399	0.00889
26	0.01024	0.00828	0.00832	0.00818	0.01036	0.00689	0.00590	0.01080	0.01513	0.01864	0.05961	0.05811	0.72252	0.01636	0.00814	0.00253	0.00411	0.01291	0.00636	0.00660
27	0.01146	0.00792	0.00883	0.00897	0.00936	0.00740	0.00544	0.01083	0.01113	0.01517	0.02391	0.19765	0.02708	0.59673	0.02512	0.00534	0.00620	0.01096	0.00497	0.00554
28	0.01754	0.00966	0.01203	0.01055	0.01322	0.00847	0.00795	0.01914	0.01824	0.27478	0.47544	0.03826	0.04191	0.01209	0.00778	0.00239	0.00466	0.00967	0.00758	0.00863
29	0.79855	0.01337	0.01084	0.00985	0.01358	0.01462	0.00769	0.01911	0.01194	0.02850	0.01134	0.01392	0.00938	0.00750	0.00503	0.00237	0.00559	0.00424	0.00465	0.00792
30	0.01044	0.00749	0.00913	0.01028	0.01091	0.00672	0.00683	0.01056	0.01312	0.01781	0.03410	0.75716	0.03994	0.01968	0.00866	0.00290	0.00452	0.01695	0.00636	0.00643
31	0.01131	0.00845	0.00981	0.00972	0.01152	0.00748	0.00730	0.01266	0.01659	0.02235	0.36601	0.05431	0.27413	0.01534	0.00835	0.00260	0.00447	0.14386	0.00680	0.00694
32	0.01175	0.00804	0.00875	0.00861	0.00893	0.00759	0.00505	0.01090	0.01057	0.01442	0.02106	0.04110	0.02349	0.75819	0.02973	0.00602	0.00667	0.00928	0.00458	0.00529
33	0.02471	0.01816	0.01930	0.01530	0.02003	0.01936	0.01220	0.70581	0.02851	0.03853	0.01692	0.01821	0.01280	0.00900	0.00713	0.00232	0.00739	0.00622	0.00676	0.01133
34	0.02761	0.01276	0.01586	0.01274	0.01729	0.01144	0.01007	0.09084	0.05358	0.63205	0.02471	0.02334	0.01685	0.00922	0.00716	0.00237	0.00612	0.00678	0.00789	0.01131
35	0.01425	0.00870	0.01056	0.01027	0.01211	0.00764	0.00734	0.01509	0.01573	0.15937	0.22114	0.34610	0.11310	0.01564	0.00817	0.00262	0.00461	0.01298	0.00695	0.00760
36	0.79855	0.01337	0.01084	0.00985	0.01358	0.01462	0.00769	0.01911	0.01194	0.02850	0.01134	0.01392	0.00938	0.00750	0.00503	0.00237	0.00559	0.00424	0.00465	0.00792
37	0.01848	0.76183	0.03167	0.01204	0.01708	0.02409	0.01116	0.01941	0.01376	0.01671	0.01133	0.01381	0.01049	0.00710	0.00515	0.00184	0.00722	0.00420	0.00360	0.00903
38	0.02492	0.01134	0.01413	0.01158	0.01570	0.00967	0.00905	0.02607	0.01772	0.58977	0.03214	0.03048	0.15526	0.01061	0.00735	0.00240	0.00564	0.00800	0.00774	0.01041
39	0.01203	0.00788	0.00846	0.00833	0.00888	0.00745	0.00508	0.01173	0.01117	0.01621	0.02105	0.03791	0.02221	0.61322	0.02497	0.00520	0.00607	0.00868	0.15793	0.00555
40	0.01028	0.00737	0.00901	0.01017	0.01079	0.00662	0.00676	0.01044	0.01302	0.01767	0.03400	0.75885	0.03987	0.01961	0.00860	0.00288	0.00446	0.01693	0.00631	0.00634
41	0.01012	0.00801	0.00836	0.00848	0.01035	0.00676	0.00601	0.01063	0.01465	0.01833	0.05458	0.19494	0.59049	0.01693	0.00818	0.00257	0.00413	0.01367	0.00632	0.00649
42	0.01315	0.00736	0.00980	0.00967	0.00997	0.00693	0.00643	0.00995	0.00963	0.01315	0.01309	0.02154	0.01286	0.02149	0.02318	0.79189	0.00606	0.00600	0.00358	0.00425
43	0.01622	0.02017	0.17133	0.02433	0.03073	0.01590	0.57134	0.02043	0.01522	0.02123	0.01443	0.01901	0.01137	0.00704	0.00782	0.00247	0.01036	0.00725	0.00388	0.00945
44	0.01742	0.58107	0.20611	0.01351	0.01941	0.02178	0.01384	0.01955	0.01378	0.01769	0.01173	0.01429	0.01032	0.00712	0.00551	0.00196	0.00774	0.00443	0.00353	0.00922

[dist]
# distance from previous block
# <min> <max>
0	2

[block]
# block no. 1 follows, 40 sequences, length 135
# corresponding to MSA columns:
# 185-319
name=unknown_B
#
# <colnr> <probs for GDERKNQSTAVLIFYWHMCP>
#	G	D	E	R	K	N	Q	S	T	A	V	L	I	F	Y	W	H	M	C	P
0	0.01118	0.00819	0.01081	0.01069	0.01179	0.00862	0.00782	0.01211	0.01099	0.01577	0.01851	0.02861	0.01792	0.16589	0.61988	0.00891	0.01442	0.00740	0.00411	0.00637
1	0.01128	0.00771	0.00843	0.00834	0.00862	0.00731	0.00488	0.01057	0.01034	0.01407	0.02095	0.05488	0.02350	0.74860	0.02929	0.00590	0.00649	0.00932	0.00447	0.00507
2	0.01238	0.01027	0.05528	0.01051	0.01268	0.00871	0.00823	0.08066	0.01767	0.02471	0.45659	0.16371	0.06754	0.01381	0.00790	0.00243	0.00462	0.02827	0.00668	0.00737
3	0.01538	0.01450	0.01939	0.01684	0.01712	0.01897	0.01365	0.01587	0.01072	0.01660	0.01046	0.01645	0.01025	0.01179	0.01965	0.00301	0.75214	0.00595	0.00350	0.00776
4	0.80370	0.01308	0.01053	0.00955	0.01327	0.01441	0.00750	0.01884	0.01167	0.02817	0.01091	0.01332	0.00897	0.00721	0.00483	0.00229	0.00544	0.00409	0.00451	0.00770
5	0.00759	0.00542	0.00732	0.00862	0.00919	0.00515	0.00623	0.00899	0.01173	0.01558	0.04895	0.62313	0.03781	0.01762	0.00754	0.00241	0.00377	0.16267	0.00541	0.00487
6	0.00727	0.00520	0.00691	0.00797	0.00848	0.00485	0.00541	0.00856	0.01200	0.01622	0.14965	0.67031	0.04113	0.01719	0.00733	0.00228	0.00327	0.01555	0.00556	0.00485
7	0.00937	0.00669	0.00937	0.01071	0.01205	0.00669	0.00937	0.01205	0.01339	0.01740	0.03079	0.06560	0.03347	0.01606	0.00803	0.00268	0.00535	0.72021	0.00535	0.00535
8	0.00846	0.00564	0.00634	0.00634	0.00634	0.00564	0.00352	0.00846	0.00846	0.01128	0.01832	0.03805	0.02114	0.79563	0.02960	0.00564	0.00564	0.00846	0.00352	0.00352
9	0.15772	0.01012	0.01269	0.00991	0.01426	0.00928	0.00818	0.02651	0.01555	0.64366	0.02053	0.01811	0.01308	0.00691	0.00548	0.00180	0.00488	0.00541	0.00661	0.00931
10	0.00773	0.00579	0.00717	0.00711	0.00845	0.00523	0.00522	0.00990	0.01485	0.02017	0.47649	0.16788	0.21551	0.01358	0.00695	0.00195	0.00289	0.01190	0.00601	0.00523
11	0.01686	0.01196	0.01322	0.01153	0.01506	0.01325	0.00907	0.03037	0.59818	0.17641	0.02352	0.02130	0.01706	0.00775	0.00590	0.00194	0.00467	0.00643	0.00618	0.00935
12	0.01272	0.01272	0.01781	0.01527	0.01527	0.01781	0.01272	0.01399	0.00891	0.01399	0.00763	0.01272	0.00763	0.01018	0.01908	0.00254	0.78499	0.00509	0.00254	0.00636
13	0.00822	0.00627	0.00776	0.00833	0.00993	0.00582	0.00688	0.01041	0.01372	0.01746	0.13290	0.05892	0.32938	0.01500	0.00742	0.00228	0.00405	0.34455	0.00550	0.00519
14	0.00775	0.00545	0.00709	0.00814	0.00857	0.00524	0.00564	0.00882	0.01092	0.01449	0.02887	0.51031	0.03389	0.18659	0.01233	0.00312	0.00419	0.12904	0.00498	0.00457
15	0.00831	0.00623	0.00935	0.00935	0.01038	0.00727	0.00727	0.01038	0.00935	0.01350	0.01558	0.02285	0.01454	0.04361	0.77259	0.00935	0.01558	0.00623	0.00312	0.00519
16	0.02204	0.01073	0.01318	0.01033	0.01445	0.01016	0.00846	0.19061	0.01858	0.47295	0.02669	0.02431	0.13393	0.00837	0.00601	0.00181	0.00496	0.00675	0.00658	0.00909
17	0.01946	0.01399	0.01510	0.01188	0.01598	0.01508	0.00971	0.56624	0.02410	0.07007	0.02218	0.04057	0.13215	0.00853	0.00603	0.00180	0.00569	0.00669	0.00581	0.00895
18	0.02544	0.01093	0.01414	0.01084	0.01536	0.01009	0.00895	0.14389	0.01838	0.64538	0.02148	0.01885	0.01366	0.00716	0.00584	0.00179	0.00518	0.00575	0.00697	0.00990
19	0.00846	0.00564	0.00634	0.00634	0.00634	0.00564	0.00352	0.00846	0.00846	0.01128	0.01832	0.03805	0.02114	0.79563	0.02960	0.00564	0.00564	0.00846	0.00352	0.00352
20	0.83671	0.01125	0.00855	0.00765	0.01125	0.01305	0.00630	0.01709	0.00990	0.02609	0.00810	0.00945	0.00630	0.00540	0.00360	0.00180	0.00450	0.00315	0.00360	0.00630
21	0.00910	0.00648	0.00871	0.00976	0.01092	0.00643	0.00818	0.01128	0.01258	0.01632	0.03015	0.06065	0.06703	0.14258	0.01148	0.00312	0.00528	0.56984	0.00506	0.00504
22	0.01191	0.01150	0.02016	0.56587	0.18271	0.01326	0.08034	0.01579	0.01214	0.01602	0.01058	0.01530	0.00814	0.00561	0.00590	0.00190	0.00777	0.00532	0.00267	0.00713
23	0.01206	0.01034	0.01206	0.00861	0.01378	0.00775	0.00689	0.01464	0.01206	0.01895	0.01034	0.01206	0.00861	0.00431	0.00431	0.00086	0.00431	0.00345	0.00345	0.83118
24	0.00711	0.00513	0.00674	0.00797	0.00841	0.00476	0.00535	0.00820	0.01140	0.01515	0.05564	0.73280	0.07413	0.01785	0.00738	0.00233	0.00333	0.01614	0.00543	0.00476
25	0.04314	0.06038	0.01554	0.13630	0.01939	0.14210	0.01027	0.02432	0.01534	0.44856	0.01721	0.01660	0.01150	0.00659	0.00555	0.00174	0.00642	0.00514	0.00535	0.00856
26	0.00777	0.00562	0.00731	0.00820	0.00890	0.00526	0.00562	0.02935	0.01205	0.01628	0.08854	0.68429	0.03797	0.01693	0.00723	0.00225	0.00344	0.01530	0.00543	0.03226
27	0.01202	0.01059	0.01738	0.66842	0.08082	0.01280	0.01554	0.03775	0.01239	0.04070	0.01112	0.01569	0.00830	0.00588	0.00577	0.00190	0.00744	0.00520	0.02347	0.00682
28	0.01586	0.01090	0.01259	0.01162	0.03457	0.01176	0.00874	0.04633	0.43879	0.17402	0.02426	0.14594	0.01997	0.00933	0.00614	0.00199	0.00459	0.00797	0.00601	0.00864
29	0.70222	0.01034	0.00819	0.00744	0.01045	0.01184	0.00585	0.01569	0.00966	0.02369	0.00976	0.01409	0.00871	0.13372	0.00782	0.00242	0.00468	0.00401	0.00359	0.00585
30	0.00709	0.00521	0.00660	0.00768	0.00827	0.00478	0.00518	0.00815	0.01139	0.01487	0.03598	0.64864	0.15459	0.04210	0.00803	0.00240	0.00338	0.01559	0.00534	0.00472
31	0.00850	0.00588	0.00770	0.00766	0.00890	0.00542	0.00565	0.01078	0.01500	0.04365	0.51757	0.22288	0.06898	0.01347	0.00700	0.00199	0.00305	0.03437	0.00612	0.00542
32	0.00864	0.00645	0.00833	0.00930	0.01068	0.00625	0.00767	0.01125	0.03731	0.01686	0.03670	0.18004	0.18657	0.01586	0.00762	0.00245	0.00450	0.43283	0.00539	0.00529
33	0.14566	0.01005	0.01236	0.00985	0.01390	0.00948	0.00802	0.02577	0.06879	0.55629	0.03953	0.01957	0.01468	0.03190	0.00629	0.00193	0.00482	0.00570	0.00643	0.00899
34	0.05118	0.00652	0.00829	0.00797	0.00961	0.00606	0.00592	0.01288	0.01451	0.12808	0.38174	0.25923	0.05987	0.01283	0.00672	0.00198	0.00334	0.01130	0.00606	0.00593
35	0.00753	0.00541	0.00685	0.00765	0.00825	0.00507	0.00521	0.00870	0.01161	0.01543	0.11389	0.48173	0.10307	0.14331	0.01094	0.00281	0.00373	0.04895	0.00520	0.00466
36	0.02045	0.01424	0.01532	0.01195	0.01606	0.01556	0.00981	0.59046	0.02441	0.06643	0.01517	0.01547	0.01090	0.00696	0.00553	0.00168	0.00574	0.00529	0.13937	0.00916
37	0.48017	0.01103	0.01050	0.00879	0.01247	0.01195	0.00718	0.10735	0.01373	0.18927	0.02875	0.01429	0.01033	0.02513	0.00508	0.00186	0.00473	0.00439	0.04557	0.00740
38	0.01084	0.00631	0.00821	0.00843	0.00961	0.00590	0.00593	0.03481	0.01265	0.13731	0.07501	0.52762	0.03317	0.08416	0.00903	0.00251	0.00388	0.01334	0.00560	0.00567
39	0.01198	0.00689	0.00733	0.00677	0.00831	0.00710	0.00497	0.10027	0.01328	0.03767	0.01824	0.02414	0.01558	0.17146	0.02783	0.00249	0.00412	0.00606	0.51986	0.00566
40	0.00833	0.00613	0.00886	0.00886	0.00973	0.00700	0.00666	0.01007	0.00920	0.01314	0.01602	0.02532	0.01561	0.16573	0.65194	0.00874	0.01396	0.00659	0.00318	0.00492
41	0.02066	0.00916	0.01185	0.00967	0.01305	0.00841	0.00764	0.04583	0.05681	0.50304	0.03709	0.04469	0.03529	0.13607	0.00986	0.00248	0.00497	0.02877	0.00633	0.00835
42	0.00750	0.00527	0.00668	0.00758	0.00787	0.00505	0.00488	0.00826	0.01037	0.01380	0.02827	0.54132	0.04796	0.24219	0.03216	0.00346	0.00431	0.01387	0.00480	0.00439
43	0.01020	0.00587	0.00787	0.00844	0.00948	0.00536	0.00591	0.01145	0.01216	0.13660	0.04796	0.64850	0.03495	0.01628	0.00715	0.00226	0.00361	0.01465	0.00571	0.00558
44	0.00811	0.00604	0.00892	0.00914	0.01007	0.00686	0.00697	0.01001	0.00964	0.01372	0.01825	0.14771	0.01842	0.03949	0.64834	0.00821	0.01359	0.00790	0.00349	0.00512
45	0.01298	0.01088	0.01255	0.00905	0.01417	0.00869	0.00727	0.08093	0.01346	0.02057	0.01067	0.01223	0.00873	0.00455	0.00444	0.00094	0.00450	0.00361	0.00366	0.75613
46	0.22760	0.00858	0.00892	0.02769	0.01094	0.04233	0.00677	0.01370	0.01055	0.01890	0.01380	0.01803	0.01179	0.02100	0.30799	0.00468	0.03029	0.00505	0.20571	0.00567
47	0.00709	0.00506	0.00675	0.00810	0.00843	0.00472	0.00540	0.00810	0.01113	0.01484	0.03205	0.79184	0.03846	0.01822	0.00742	0.00236	0.00337	0.01653	0.00540	0.00472
48	0.02000	0.01542	0.01718	0.01357	0.01736	0.01772	0.01118	0.56778	0.07960	0.03203	0.01368	0.01435	0.01013	0.00757	0.00798	0.00189	0.13269	0.00531	0.00529	0.00926
49	0.81839	0.02882	0.00904	0.00770	0.01133	0.01327	0.00638	0.01710	0.00994	0.02581	0.00810	0.00944	0.00632	0.00539	0.00360	0.00179	0.00454	0.00315	0.00357	0.00632
50	0.01986	0.01009	0.01286	0.00958	0.01437	0.00819	0.00781	0.02226	0.01461	0.43304	0.01735	0.01636	0.01183	0.00591	0.00516	0.00138	0.00466	0.00478	0.00553	0.37434
51	0.00845	0.00565	0.00643	0.00643	0.00645	0.00568	0.00363	0.00851	0.00848	0.01134	0.01825	0.03764	0.02096	0.77490	0.05008	0.00574	0.00591	0.00840	0.00351	0.00357
52	0.01276	0.01084	0.01162	0.01083	0.01355	0.01224	0.00827	0.02569	0.57987	0.02221	0.02739	0.14904	0.07055	0.01002	0.00623	0.00204	0.00429	0.00857	0.00580	0.00819
53	0.00836	0.00621	0.00927	0.00927	0.01031	0.00723	0.00721	0.01045	0.00940	0.01366	0.01564	0.02282	0.01455	0.04290	0.75769	0.00919	0.01533	0.00621	0.01910	0.00520
54	0.00745	0.00535	0.00715	0.00846	0.00901	0.00505	0.00602	0.00875	0.01155	0.01528	0.03254	0.65494	0.05617	0.01778	0.00751	0.00240	0.00368	0.13069	0.00539	0.00483
55	0.00823	0.00594	0.00777	0.00732	0.00869	0.00549	0.00549	0.01097	0.01646	0.02332	0.75629	0.04344	0.05487	0.01189	0.00686	0.00183	0.00274	0.01052	0.00640	0.00549
56	0.53976	0.01083	0.01011	0.00835	0.01238	0.01128	0.00685	0.01896	0.01160	0.17323	0.01145	0.01195	0.00830	0.00558	0.00417	0.00165	0.00456	0.00374	0.00430	0.14097
57	0.14308	0.00689	0.00794	0.00737	0.00920	0.00675	0.00564	0.01222	0.01526	0.03914	0.58882	0.03796	0.07675	0.01086	0.00631	0.00183	0.00308	0.00930	0.00592	0.00569
58	0.00831	0.00623	0.00935	0.00935	0.01038	0.00727	0.00727	0.01038	0.00935	0.01350	0.01558	0.02285	0.01454	0.04361	0.77259	0.00935	0.01558	0.00623	0.00312	0.00519
59	0.01065	0.00772	0.00919	0.00823	0.01030	0.00753	0.00640	0.12928	0.01759	0.03862	0.48053	0.04101	0.16388	0.01161	0.00671	0.00187	0.00350	0.03308	0.00612	0.00619
60	0.02230	0.00919	0.01232	0.00975	0.01363	0.00808	0.00794	0.02496	0.03485	0.60118	0.14317	0.02482	0.04441	0.00821	0.00605	0.00181	0.00452	0.00683	0.00698	0.00901
61	0.00706	0.00514	0.00666	0.00788	0.00838	0.00474	0.00530	0.00812	0.01134	0.01493	0.03465	0.72073	0.10789	0.01788	0.00737	0.00232	0.00333	0.01612	0.00540	0.00474
62	0.00690	0.00589	0.00593	0.00592	0.00787	0.00492	0.00444	0.00840	0.01332	0.01587	0.07352	0.05570	0.74229	0.01467	0.00687	0.00196	0.00294	0.01224	0.00542	0.00492
63	0.59669	0.01257	0.01098	0.00927	0.01312	0.01436	0.00762	0.19910	0.04625	0.02866	0.01024	0.01111	0.00769	0.00590	0.00426	0.00179	0.00498	0.00382	0.00426	0.00732
64	0.00943	0.00675	0.00745	0.00723	0.00777	0.00707	0.00445	0.01210	0.12868	0.01339	0.01919	0.03540	0.02059	0.66772	0.02575	0.00504	0.00547	0.00815	0.00391	0.00445
65	0.00937	0.00669	0.00937	0.01071	0.01205	0.00669	0.00937	0.01205	0.01339	0.01740	0.03079	0.06560	0.03347	0.01606	0.00803	0.00268	0.00535	0.72021	0.00535	0.00535
66	0.68288	0.01116	0.00959	0.00824	0.01202	0.01245	0.00679	0.03862	0.01147	0.14610	0.01067	0.01125	0.00771	0.00573	0.00402	0.00180	0.00462	0.00364	0.00424	0.00698
67	0.01010	0.00505	0.00758	0.00758	0.00758	0.00505	0.00505	0.00758	0.00758	0.01010	0.01010	0.01768	0.01010	0.02020	0.02273	0.83081	0.00505	0.00505	0.00253	0.00253
68	0.01098	0.01034	0.01744	0.78165	0.04005	0.01292	0.01615	0.01486	0.01163	0.01486	0.01034	0.01550	0.00775	0.00581	0.00581	0.00194	0.00775	0.00517	0.00258	0.00646
69	0.02609	0.00990	0.01350	0.01035	0.01484	0.00855	0.00855	0.02834	0.01664	0.76338	0.02294	0.01979	0.01439	0.00720	0.00585	0.00180	0.00495	0.00585	0.00720	0.00990
70	0.00821	0.00607	0.00785	0.00856	0.00984	0.00572	0.00684	0.01034	0.01355	0.01777	0.18330	0.19691	0.18366	0.01536	0.00745	0.00230	0.00397	0.30154	0.00558	0.00517
71	0.02609	0.00990	0.01350	0.01035	0.01484	0.00855	0.00855	0.02834	0.01664	0.76338	0.02294	0.01979	0.01439	0.00720	0.00585	0.00180	0.00495	0.00585	0.00720	0.00990
72	0.70263	0.01110	0.00999	0.13333	0.01592	0.01303	0.00790	0.01673	0.01018	0.02427	0.00846	0.01043	0.00653	0.00547	0.00396	0.00182	0.00503	0.00348	0.00343	0.00632
73	0.00752	0.00539	0.00715	0.00793	0.00863	0.00503	0.00555	0.00913	0.01288	0.01759	0.25965	0.53357	0.04346	0.01616	0.00726	0.00220	0.00324	0.03696	0.00571	0.00498
74	0.01371	0.01311	0.02314	0.40114	0.03321	0.01435	0.25924	0.13387	0.01489	0.01967	0.01141	0.01532	0.00846	0.00570	0.00617	0.00191	0.00823	0.00575	0.00323	0.00748
75	0.00712	0.00508	0.00674	0.00805	0.00838	0.00475	0.00534	0.00811	0.01106	0.01474	0.03166	0.77040	0.03797	0.04032	0.00805	0.00245	0.00344	0.01630	0.00534	0.00469
76	0.03671	0.02021	0.01057	0.00875	0.01154	0.00770	0.00694	0.01935	0.05824	0.31564	0.31062	0.03043	0.03084	0.03396	0.00685	0.00192	0.00397	0.02263	0.05568	0.00743
77	0.48531	0.04176	0.02712	0.02282	0.01455	0.16567	0.00863	0.13570	0.01418	0.02470	0.00931	0.01054	0.00720	0.00577	0.00436	0.00172	0.00619	0.00366	0.00376	0.00706
78	0.02037	0.19295	0.01676	0.01014	0.01415	0.01190	0.00869	0.02297	0.03829	0.44307	0.01831	0.01792	0.01292	0.01262	0.12986	0.00290	0.00696	0.00530	0.00540	0.00854
79	0.01805	0.11083	0.01587	0.01402	0.13427	0.01063	0.00962	0.02013	0.01398	0.35149	0.02078	0.19694	0.01807	0.00923	0.00629	0.00187	0.02656	0.00785	0.00534	0.00817
80	0.00983	0.00515	0.00738	0.00738	0.00738	0.00515	0.00480	0.00772	0.00772	0.01029	0.01144	0.02099	0.01189	0.14612	0.02384	0.69682	0.00515	0.00560	0.00269	0.00269
81	0.01360	0.01180	0.01645	0.47785	0.03068	0.01411	0.01371	0.13633	0.18565	0.02060	0.01403	0.01669	0.01042	0.00649	0.00584	0.00191	0.00680	0.00551	0.00388	0.00766
82	0.01010	0.00505	0.00758	0.00758	0.00758	0.00505	0.00505	0.00758	0.00758	0.01010	0.01010	0.01768	0.01010	0.02020	0.02273	0.83081	0.00505	0.00505	0.00253	0.00253
83	0.01635	0.01207	0.01321	0.01159	0.01508	0.01350	0.00910	0.03048	0.62995	0.14433	0.02355	0.02139	0.01721	0.00778	0.00591	0.00194	0.00466	0.00646	0.00613	0.00932
84	0.01236	0.02336	0.47133	0.04548	0.17054	0.01425	0.01916	0.01747	0.01190	0.01770	0.01008	0.01288	0.00779	0.00622	0.00778	0.00194	0.13430	0.00463	0.00256	0.00828
85	0.00727	0.00520	0.00691	0.00797	0.00848	0.00485	0.00541	0.00856	0.01200	0.01622	0.14965	0.67031	0.04113	0.01719	0.00733	0.00228	0.00327	0.01555	0.00556	0.00485
86	0.02195	0.01036	0.01288	0.01016	0.01386	0.00989	0.00810	0.16828	0.01734	0.47177	0.02026	0.02164	0.01460	0.13517	0.00964	0.00240	0.00528	0.00613	0.03156	0.00872
87	0.02609	0.00990	0.01350	0.01035	0.01484	0.00855	0.00855	0.02834	0.01664	0.76338	0.02294	0.01979	0.01439	0.00720	0.00585	0.00180	0.00495	0.00585	0.00720	0.00990
88	0.47663	0.00990	0.00902	0.00782	0.01109	0.01076	0.00636	0.05036	0.01231	0.14526	0.01330	0.01417	0.00977	0.00608	0.00417	0.00169	0.00424	0.00421	0.19601	0.00684
89	0.06203	0.01129	0.01229	0.01057	0.01349	0.01210	0.00827	0.37320	0.03846	0.02686	0.04207	0.25463	0.08796	0.01116	0.00630	0.00196	0.00492	0.00936	0.00554	0.00753
90	0.83671	0.01125	0.00855	0.00765	0.01125	0.01305	0.00630	0.01709	0.00990	0.02609	0.00810	0.00945	0.00630	0.00540	0.00360	0.00180	0.00450	0.00315	0.00360	0.00630
91	0.02521	0.01131	0.01437	0.01102	0.01555	0.01065	0.00910	0.18587	0.01901	0.60251	0.02095	0.01850	0.01340	0.00715	0.00584	0.00179	0.00527	0.00571	0.00689	0.00989
92	0.00754	0.00540	0.00716	0.00803	0.00869	0.00505	0.00564	0.00908	0.01258	0.01709	0.21479	0.54455	0.04200	0.02965	0.00769	0.00230	0.00338	0.05883	0.00562	0.00494
93	0.00729	0.00530	0.00654	0.00743	0.00797	0.00491	0.00491	0.00820	0.01101	0.01436	0.03401	0.54059	0.15211	0.15354	0.01121	0.00287	0.00370	0.01443	0.00507	0.00454
94	0.00846	0.00564	0.00634	0.00634	0.00634	0.00564	0.00352	0.00846	0.00846	0.01128	0.01832	0.03805	0.02114	0.79563	0.02960	0.00564	0.00564	0.00846	0.00352	0.00352
95	0.00783	0.00614	0.00723	0.00755	0.00923	0.00553	0.00606	0.00987	0.01381	0.01745	0.16381	0.05679	0.42835	0.01466	0.00721	0.00215	0.00363	0.22200	0.00555	0.00514
96	0.00828	0.00602	0.00724	0.00694	0.00858	0.00535	0.00520	0.01048	0.01508	0.04468	0.44920	0.07965	0.30593	0.01303	0.00685	0.00190	0.00292	0.01126	0.00602	0.00539
97	0.02211	0.01629	0.01745	0.01338	0.01803	0.01803	0.01105	0.73997	0.02734	0.03665	0.01396	0.01396	0.00989	0.00698	0.00582	0.00175	0.00640	0.00524	0.00582	0.00989
98	0.01555	0.79913	0.03047	0.00995	0.01493	0.02301	0.00995	0.01741	0.01182	0.01368	0.00808	0.00933	0.00746	0.00498	0.00373	0.00124	0.00622	0.00311	0.00249	0.00746
99	0.00818	0.00546	0.00708	0.00817	0.00889	0.00525	0.00598	0.00983	0.01187	0.01665	0.04505	0.50598	0.03399	0.01580	0.00699	0.00225	0.00365	0.15501	0.13897	0.00498
100	0.01386	0.01131	0.01205	0.01084	0.01364	0.01281	0.00823	0.04905	0.57395	0.04017	0.02317	0.02473	0.03245	0.13589	0.00978	0.00256	0.00480	0.00693	0.00555	0.00824
101	0.00691	0.00574	0.00605	0.00630	0.00796	0.00487	0.00460	0.00830	0.01286	0.01555	0.05396	0.19157	0.62459	0.01537	0.00697	0.00204	0.00302	0.01306	0.00540	0.00487
102	0.07717	0.00998	0.01318	0.01018	0.01462	0.00883	0.00841	0.02763	0.01622	0.71693	0.02201	0.01914	0.01388	0.00708	0.00571	0.00180	0.00492	0.00568	0.00697	0.00967
103	0.00755	0.00546	0.00709	0.00764	0.00846	0.00505	0.00534	0.00923	0.01325	0.01810	0.31412	0.44821	0.08130	0.03162	0.00763	0.00220	0.00315	0.01381	0.00575	0.00500
104	0.02021	0.21757	0.01995	0.01370	0.01723	0.56960	0.01091	0.03891	0.01559	0.01463	0.00888	0.01028	0.00754	0.00577	0.00488	0.00144	0.00934	0.00362	0.00294	0.00699
105	0.01438	0.01386	0.02384	0.03545	0.74339	0.01384	0.03362	0.01786	0.01325	0.01899	0.01096	0.01442	0.00920	0.00518	0.00578	0.00173	0.00697	0.00522	0.00288	0.00918
106	0.00846	0.00564	0.00634	0.00634	0.00634	0.00564	0.00352	0.00846	0.00846	0.01128	0.01832	0.03805	0.02114	0.79563	0.02960	0.00564	0.00564	0.00846	0.00352	0.00352
107	0.01085	0.00566	0.00600	0.04259	0.00837	0.00578	0.00464	0.01361	0.01217	0.02135	0.01856	0.02138	0.01456	0.00673	0.00415	0.00138	0.00295	0.00541	0.78839	0.00547
108	0.00846	0.00564	0.00634	0.00634	0.00634	0.00564	0.00352	0.00846	0.00846	0.01128	0.01832	0.03805	0.02114	0.79563	0.02960	0.00564	0.00564	0.00846	0.00352	0.00352
109	0.01201	0.01028	0.01197	0.00869	0.01370	0.00787	0.00692	0.01494	0.03212	0.01900	0.01118	0.02971	0.00953	0.00471	0.00442	0.00093	0.00429	0.00382	0.00356	0.79035
110	0.00798	0.00593	0.00742	0.00705	0.00853	0.00538	0.00529	0.01048	0.01586	0.02190	0.62630	0.04577	0.18574	0.01242	0.00686	0.00185	0.00278	0.01084	0.00621	0.00538
111	0.01199	0.01354	0.13440	0.00991	0.01563	0.00869	0.00926	0.01526	0.01209	0.01886	0.01035	0.01209	0.00841	0.00450	0.00450	0.00102	0.00500	0.00358	0.00328	0.69761
112	0.01097	0.01044	0.01144	0.01091	0.01216	0.13266	0.00852	0.01287	0.01046	0.01367	0.01363	0.01972	0.01263	0.03381	0.56477	0.00732	0.09973	0.00570	0.00303	0.00557
113	0.02220	0.01614	0.01736	0.01331	0.01796	0.01781	0.01099	0.72297	0.02709	0.05401	0.01418	0.01410	0.01000	0.00699	0.00582	0.00175	0.00636	0.00525	0.00585	0.00989
114	0.01098	0.01034	0.01744	0.78165	0.04005	0.01292	0.01615	0.01486	0.01163	0.01486	0.01034	0.01550	0.00775	0.00581	0.00581	0.00194	0.00775	0.00517	0.00258	0.00646
115	0.02502	0.00966	0.01315	0.01016	0.01448	0.00836	0.00836	0.02730	0.01663	0.71903	0.06689	0.02121	0.01682	0.00748	0.00591	0.00180	0.00482	0.00613	0.00715	0.00963
116	0.00708	0.00547	0.00643	0.00709	0.00817	0.00486	0.00495	0.00836	0.01227	0.01560	0.08173	0.42740	0.34262	0.03048	0.00756	0.00222	0.00320	0.01427	0.00542	0.00482
117	0.00709	0.00590	0.00620	0.00612	0.00799	0.00500	0.00459	0.00877	0.01378	0.01695	0.17215	0.05393	0.64298	0.01427	0.00687	0.00194	0.00291	0.01199	0.00556	0.00500
118	0.00937	0.00669	0.00937	0.01071	0.01205	0.00669	0.00937	0.01205	0.01339	0.01740	0.03079	0.06560	0.03347	0.01606	0.00803	0.00268	0.00535	0.72021	0.00535	0.00535
119	0.02379	0.01359	0.01578	0.01210	0.01669	0.01403	0.00999	0.43928	0.02282	0.34371	0.01776	0.01643	0.01179	0.00707	0.00583	0.00177	0.00579	0.00549	0.00640	0.00989
120	0.01446	0.01249	0.01315	0.01183	0.01512	0.01446	0.00920	0.03090	0.74885	0.02433	0.02367	0.02170	0.01775	0.00789	0.00592	0.00197	0.00460	0.00657	0.00592	0.00920
121	0.00831	0.00623	0.00935	0.00935	0.01038	0.00727	0.00727	0.01038	0.00935	0.01350	0.01558	0.02285	0.01454	0.04361	0.77259	0.00935	0.01558	0.00623	0.00312	0.00519
122	0.00831	0.00623	0.00935	0.00935	0.01038	0.00727	0.00727	0.01038	0.00935	0.01350	0.01558	0.02285	0.01454	0.04361	0.77259	0.00935	0.01558	0.00623	0.00312	0.00519
123	0.15740	0.01004	0.01259	0.00985	0.01415	0.00922	0.00813	0.02620	0.01555	0.63028	0.03379	0.01854	0.01381	0.00699	0.00550	0.00180	0.00484	0.00549	0.00660	0.00923
124	0.15772	0.01012	0.01269	0.00991	0.01426	0.00928	0.00818	0.02651	0.01555	0.64366	0.02053	0.01811	0.01308	0.00691	0.00548	0.00180	0.00488	0.00541	0.00661	0.00931
125	0.01373	0.01569	0.03431	0.02451	0.03039	0.01471	0.73824	0.01863	0.01373	0.01863	0.01176	0.01569	0.00882	0.00490	0.00686	0.00196	0.00980	0.00686	0.00294	0.00784
126	0.00937	0.00669	0.00937	0.01071	0.01205	0.00669	0.00937	0.01205	0.01339	0.01740	0.03079	0.06560	0.03347	0.01606	0.00803	0.00268	0.00535	0.72021	0.00535	0.00535
127	0.00737	0.00518	0.00666	0.00773	0.00799	0.00492	0.00500	0.00817	0.01057	0.01409	0.02915	0.63255	0.03480	0.18250	0.01211	0.00305	0.00385	0.01483	0.00500	0.00447
128	0.00703	0.00590	0.00611	0.00606	0.00795	0.00498	0.00454	0.00865	0.01363	0.01660	0.14010	0.05451	0.67526	0.01440	0.00687	0.00195	0.00292	0.01207	0.00552	0.00498
129	0.02609	0.00990	0.01350	0.01035	0.01484	0.00855	0.00855	0.02834	0.01664	0.76338	0.02294	0.01979	0.01439	0.00720	0.00585	0.00180	0.00495	0.00585	0.00720	0.00990
130	0.00712	0.00508	0.00678	0.00808	0.00844	0.00474	0.00540	0.00818	0.01128	0.01508	0.05179	0.77144	0.03891	0.01805	0.00741	0.00235	0.00336	0.01637	0.00543	0.00474
131	0.02211	0.01629	0.01745	0.01338	0.01803	0.01803	0.01105	0.73997	0.02734	0.03665	0.01396	0.01396	0.00989	0.00698	0.00582	0.00175	0.00640	0.00524	0.00582	0.00989
132	0.02248	0.00914	0.01210	0.00954	0.01354	0.00787	0.00779	0.02461	0.01609	0.62158	0.04899	0.02632	0.13609	0.00855	0.00604	0.00183	0.00456	0.00702	0.00688	0.00897
133	0.01113	0.00659	0.00870	0.00781	0.00969	0.00598	0.00598	0.01379	0.01649	0.14349	0.63721	0.03960	0.04830	0.01113	0.00669	0.00182	0.00310	0.00976	0.00653	0.00620
134	0.14563	0.02702	0.64259	0.01512	0.02291	0.01343	0.01902	0.01820	0.01189	0.01966	0.01006	0.01182	0.00719	0.00550	0.00521	0.00183	0.00793	0.00411	0.00264	0.00822

[dist]
# distance from previous block
# <min> <max>
0	19

# created by:
# /software/SequenceAnalysis/GenePrediction/augustus/3.0.1/scripts/msa2prfl.pl ./fixed/BUSCOvEOG7DBVVC.fas
