[name]
unknown

[dist]
# distance from previous block
# <min> <max>
0	465

[block]
# block no. 0 follows, 41 sequences, length 19
# corresponding to MSA columns:
# 481-499
name=unknown_A
#
# <colnr> <probs for GDERKNQSTAVLIFYWHMCP>
#	G	D	E	R	K	N	Q	S	T	A	V	L	I	F	Y	W	H	M	C	P
0	0.01147	0.02959	0.76934	0.01630	0.02476	0.01328	0.02113	0.01811	0.01208	0.01811	0.01026	0.01208	0.00725	0.00543	0.00543	0.00181	0.00845	0.00423	0.00242	0.00845
1	0.02566	0.00973	0.01327	0.01018	0.01460	0.00841	0.00841	0.02788	0.01637	0.76726	0.02257	0.01947	0.01416	0.00708	0.00575	0.00177	0.00487	0.00575	0.00708	0.00973
2	0.01080	0.01017	0.01716	0.78523	0.03940	0.01271	0.01589	0.01461	0.01144	0.01461	0.01017	0.01525	0.00762	0.00572	0.00572	0.00191	0.00762	0.00508	0.00254	0.00635
3	0.01066	0.00533	0.00533	0.00533	0.00666	0.00533	0.00400	0.01333	0.01200	0.02132	0.01866	0.02132	0.01466	0.00666	0.00400	0.00133	0.00267	0.00533	0.83073	0.00533
4	0.00697	0.00498	0.00664	0.00796	0.00830	0.00465	0.00531	0.00796	0.01095	0.01460	0.03153	0.79525	0.03783	0.01792	0.00730	0.00232	0.00332	0.01626	0.00531	0.00465
5	0.01147	0.02959	0.76934	0.01630	0.02476	0.01328	0.02113	0.01811	0.01208	0.01811	0.01026	0.01208	0.00725	0.00543	0.00543	0.00181	0.00845	0.00423	0.00242	0.00845
6	0.00697	0.00498	0.00664	0.00796	0.00830	0.00465	0.00531	0.00796	0.01095	0.01460	0.03153	0.79525	0.03783	0.01792	0.00730	0.00232	0.00332	0.01626	0.00531	0.00465
7	0.01251	0.01251	0.01752	0.01502	0.01502	0.01752	0.01251	0.01377	0.00876	0.01377	0.00751	0.01251	0.00751	0.01001	0.01877	0.00250	0.78851	0.00501	0.00250	0.00626
8	0.00922	0.00658	0.00922	0.01053	0.01185	0.00658	0.00922	0.01185	0.01317	0.01712	0.03029	0.06452	0.03292	0.01580	0.00790	0.00263	0.00527	0.72480	0.00527	0.00527
9	0.01147	0.02959	0.76934	0.01630	0.02476	0.01328	0.02113	0.01811	0.01208	0.01811	0.01026	0.01208	0.00725	0.00543	0.00543	0.00181	0.00845	0.00423	0.00242	0.00845
10	0.00750	0.00605	0.00671	0.00650	0.00827	0.00537	0.00489	0.00992	0.04064	0.01841	0.30614	0.04946	0.48326	0.01325	0.00672	0.00188	0.00288	0.01126	0.00568	0.00518
11	0.01512	0.76805	0.06286	0.01008	0.01513	0.02222	0.01029	0.01717	0.01164	0.01366	0.00805	0.00930	0.00734	0.00492	0.00375	0.00125	0.00622	0.00311	0.00245	0.00739
12	0.00994	0.00497	0.00745	0.00745	0.00745	0.00497	0.00497	0.00745	0.00745	0.00994	0.00994	0.01739	0.00994	0.01987	0.02235	0.83358	0.00497	0.00497	0.00248	0.00248
13	0.00687	0.00580	0.00594	0.00591	0.00779	0.00487	0.00443	0.00842	0.01329	0.01605	0.11407	0.05406	0.70448	0.01426	0.00676	0.00192	0.00288	0.01193	0.00539	0.00487
14	0.01181	0.01029	0.01259	0.07090	0.01570	0.00857	0.00782	0.01438	0.01166	0.01805	0.01002	0.01217	0.00835	0.00467	0.00515	0.00102	0.04724	0.00361	0.00327	0.72272
15	0.00708	0.00581	0.00624	0.00613	0.00792	0.00496	0.00460	0.00883	0.01379	0.01725	0.22638	0.05209	0.59142	0.01382	0.00676	0.00190	0.00285	0.01166	0.00555	0.00496
16	0.02494	0.01090	0.01400	0.01073	0.01518	0.01014	0.00886	0.16064	0.01832	0.63174	0.02093	0.01841	0.01334	0.00704	0.00575	0.00176	0.00513	0.00564	0.00683	0.00973
17	0.01262	0.01301	0.02117	0.06966	0.02005	0.01650	0.17793	0.01485	0.01002	0.01485	0.00861	0.01336	0.00778	0.00854	0.01516	0.00233	0.55896	0.00541	0.00259	0.00659
18	0.02042	0.01530	0.01644	0.01271	0.01721	0.01675	0.01044	0.63301	0.08831	0.03382	0.01431	0.01426	0.01031	0.00676	0.00563	0.00168	0.00600	0.00514	0.00557	0.06594

[dist]
# distance from previous block
# <min> <max>
7	9

[block]
# block no. 1 follows, 41 sequences, length 18
# corresponding to MSA columns:
# 509-526
name=unknown_B
#
# <colnr> <probs for GDERKNQSTAVLIFYWHMCP>
#	G	D	E	R	K	N	Q	S	T	A	V	L	I	F	Y	W	H	M	C	P
0	0.01120	0.00794	0.00943	0.00828	0.01030	0.00798	0.00642	0.16510	0.01806	0.02554	0.53576	0.03468	0.04109	0.01022	0.00628	0.00174	0.00345	0.00880	0.08142	0.00630
1	0.01330	0.01482	0.03037	0.02222	0.02680	0.01510	0.59065	0.01737	0.01251	0.01737	0.01073	0.01482	0.00844	0.00590	0.00925	0.00205	0.17168	0.00639	0.00281	0.00741
2	0.00817	0.00613	0.00919	0.00919	0.01021	0.00715	0.00715	0.01021	0.00919	0.01328	0.01532	0.02247	0.01430	0.04290	0.77631	0.00919	0.01532	0.00613	0.00306	0.00511
3	0.00697	0.00498	0.00664	0.00796	0.00830	0.00465	0.00531	0.00796	0.01095	0.01460	0.03153	0.79525	0.03783	0.01792	0.00730	0.00232	0.00332	0.01626	0.00531	0.00465
4	0.00697	0.00498	0.00664	0.00796	0.00830	0.00465	0.00531	0.00796	0.01095	0.01460	0.03153	0.79525	0.03783	0.01792	0.00730	0.00232	0.00332	0.01626	0.00531	0.00465
5	0.01186	0.01017	0.01186	0.00847	0.01356	0.00762	0.00678	0.01440	0.01186	0.01864	0.01017	0.01186	0.00847	0.00424	0.00424	0.00085	0.00424	0.00339	0.00339	0.83395
6	0.83938	0.01106	0.00841	0.00752	0.01106	0.01283	0.00619	0.01681	0.00973	0.02566	0.00796	0.00929	0.00619	0.00531	0.00354	0.00177	0.00442	0.00310	0.00354	0.00619
7	0.61639	0.15872	0.01226	0.00784	0.01134	0.01406	0.00664	0.01617	0.00997	0.02217	0.00879	0.01160	0.00762	0.07089	0.00568	0.00198	0.00483	0.00352	0.00333	0.00618
8	0.00699	0.00580	0.00612	0.00604	0.00787	0.00493	0.00453	0.00866	0.01359	0.01675	0.18015	0.05290	0.63796	0.01400	0.00676	0.00191	0.00286	0.01177	0.00548	0.00493
9	0.01186	0.01017	0.01186	0.00847	0.01356	0.00762	0.00678	0.01440	0.01186	0.01864	0.01017	0.01186	0.00847	0.00424	0.00424	0.00085	0.00424	0.00339	0.00339	0.83395
10	0.01416	0.01359	0.02322	0.03511	0.76330	0.01359	0.01755	0.01755	0.01302	0.01869	0.01076	0.01416	0.00906	0.00510	0.00566	0.00170	0.00680	0.00510	0.00283	0.00906
11	0.02035	0.01454	0.01580	0.01252	0.01676	0.01602	0.01021	0.50788	0.19642	0.10332	0.01682	0.01607	0.01197	0.00710	0.00575	0.00177	0.00574	0.00552	0.00588	0.00957
12	0.01111	0.00948	0.01175	0.00917	0.01295	0.00834	0.00733	0.01343	0.01102	0.01706	0.01107	0.01423	0.00967	0.01317	0.17423	0.00281	0.07154	0.00412	0.00324	0.58427
13	0.83938	0.01106	0.00841	0.00752	0.01106	0.01283	0.00619	0.01681	0.00973	0.02566	0.00796	0.00929	0.00619	0.00531	0.00354	0.00177	0.00442	0.00310	0.00354	0.00619
14	0.00697	0.00498	0.00664	0.00796	0.00830	0.00465	0.00531	0.00796	0.01095	0.01460	0.03153	0.79525	0.03783	0.01792	0.00730	0.00232	0.00332	0.01626	0.00531	0.00465
15	0.00817	0.00613	0.00919	0.00919	0.01021	0.00715	0.00715	0.01021	0.00919	0.01328	0.01532	0.02247	0.01430	0.04290	0.77631	0.00919	0.01532	0.00613	0.00306	0.00511
16	0.02566	0.00973	0.01327	0.01018	0.01460	0.00841	0.00841	0.02788	0.01637	0.76726	0.02257	0.01947	0.01416	0.00708	0.00575	0.00177	0.00487	0.00575	0.00708	0.00973
17	0.00688	0.00580	0.00596	0.00592	0.00780	0.00488	0.00444	0.00844	0.01333	0.01614	0.12205	0.05392	0.69645	0.01423	0.00676	0.00192	0.00288	0.01191	0.00540	0.00488

[dist]
# distance from previous block
# <min> <max>
0	154

# created by:
# /software/SequenceAnalysis/GenePrediction/augustus/3.0.1/scripts/msa2prfl.pl ./fixed/BUSCOvEOG79PCC9.fas
