[name]
unknown

[dist]
# distance from previous block
# <min> <max>
1	148

[block]
# block no. 0 follows, 40 sequences, length 21
# corresponding to MSA columns:
# 153-173
name=unknown_A
#
# <colnr> <probs for GDERKNQSTAVLIFYWHMCP>
#	G	D	E	R	K	N	Q	S	T	A	V	L	I	F	Y	W	H	M	C	P
0	0.60353	0.01095	0.00957	0.00848	0.01194	0.01231	0.00685	0.04110	0.07646	0.09524	0.01275	0.06692	0.01046	0.00674	0.00436	0.00185	0.00453	0.00472	0.00434	0.00690
1	0.74096	0.01106	0.00886	0.00786	0.01134	0.01269	0.00644	0.04671	0.01111	0.02632	0.06421	0.01217	0.01007	0.00595	0.00393	0.00180	0.00445	0.00379	0.00390	0.00639
2	0.01212	0.12037	0.67920	0.01580	0.02397	0.01462	0.02013	0.01830	0.01222	0.01786	0.01016	0.01193	0.00738	0.00546	0.00531	0.00177	0.00832	0.00416	0.00246	0.00846
3	0.01527	0.74480	0.08240	0.01042	0.01565	0.02234	0.01077	0.01748	0.01185	0.01402	0.00825	0.00954	0.00746	0.00501	0.00386	0.00129	0.00639	0.00319	0.00249	0.00754
4	0.01484	0.65984	0.16360	0.01115	0.01678	0.02129	0.01204	0.01759	0.01190	0.01454	0.00851	0.00986	0.00745	0.00507	0.00406	0.00135	0.00665	0.00332	0.00248	0.00767
5	0.01166	0.03008	0.76550	0.01657	0.02517	0.01351	0.02149	0.01842	0.01228	0.01842	0.01044	0.01228	0.00737	0.00552	0.00552	0.00184	0.00859	0.00430	0.00246	0.00859
6	0.00709	0.00506	0.00675	0.00810	0.00843	0.00472	0.00540	0.00810	0.01113	0.01484	0.03205	0.79184	0.03846	0.01822	0.00742	0.00236	0.00337	0.01653	0.00540	0.00472
7	0.01439	0.01382	0.02360	0.03569	0.75936	0.01382	0.01785	0.01785	0.01324	0.01900	0.01094	0.01439	0.00921	0.00518	0.00576	0.00173	0.00691	0.00518	0.00288	0.00921
8	0.83671	0.01125	0.00855	0.00765	0.01125	0.01305	0.00630	0.01709	0.00990	0.02609	0.00810	0.00945	0.00630	0.00540	0.00360	0.00180	0.00450	0.00315	0.00360	0.00630
9	0.00709	0.00506	0.00675	0.00810	0.00843	0.00472	0.00540	0.00810	0.01113	0.01484	0.03205	0.79184	0.03846	0.01822	0.00742	0.00236	0.00337	0.01653	0.00540	0.00472
10	0.00709	0.00506	0.00675	0.00810	0.00843	0.00472	0.00540	0.00810	0.01113	0.01484	0.03205	0.79184	0.03846	0.01822	0.00742	0.00236	0.00337	0.01653	0.00540	0.00472
11	0.83671	0.01125	0.00855	0.00765	0.01125	0.01305	0.00630	0.01709	0.00990	0.02609	0.00810	0.00945	0.00630	0.00540	0.00360	0.00180	0.00450	0.00315	0.00360	0.00630
12	0.00709	0.00506	0.00675	0.00810	0.00843	0.00472	0.00540	0.00810	0.01113	0.01484	0.03205	0.79184	0.03846	0.01822	0.00742	0.00236	0.00337	0.01653	0.00540	0.00472
13	0.01206	0.01034	0.01206	0.00861	0.01378	0.00775	0.00689	0.01464	0.01206	0.01895	0.01034	0.01206	0.00861	0.00431	0.00431	0.00086	0.00431	0.00345	0.00345	0.83118
14	0.01166	0.03008	0.76550	0.01657	0.02517	0.01351	0.02149	0.01842	0.01228	0.01842	0.01044	0.01228	0.00737	0.00552	0.00552	0.00184	0.00859	0.00430	0.00246	0.00859
15	0.01166	0.03008	0.76550	0.01657	0.02517	0.01351	0.02149	0.01842	0.01228	0.01842	0.01044	0.01228	0.00737	0.00552	0.00552	0.00184	0.00859	0.00430	0.00246	0.00859
16	0.01166	0.03008	0.76550	0.01657	0.02517	0.01351	0.02149	0.01842	0.01228	0.01842	0.01044	0.01228	0.00737	0.00552	0.00552	0.00184	0.00859	0.00430	0.00246	0.00859
17	0.01446	0.01249	0.01315	0.01183	0.01512	0.01446	0.00920	0.03090	0.74885	0.02433	0.02367	0.02170	0.01775	0.00789	0.00592	0.00197	0.00460	0.00657	0.00592	0.00920
18	0.01166	0.03008	0.76550	0.01657	0.02517	0.01351	0.02149	0.01842	0.01228	0.01842	0.01044	0.01228	0.00737	0.00552	0.00552	0.00184	0.00859	0.00430	0.00246	0.00859
19	0.00709	0.00506	0.00675	0.00810	0.00843	0.00472	0.00540	0.00810	0.01113	0.01484	0.03205	0.79184	0.03846	0.01822	0.00742	0.00236	0.00337	0.01653	0.00540	0.00472
20	0.01481	0.65312	0.17002	0.01121	0.01687	0.02121	0.01214	0.01760	0.01190	0.01458	0.00853	0.00989	0.00744	0.00508	0.00407	0.00136	0.00667	0.00333	0.00248	0.00768

[dist]
# distance from previous block
# <min> <max>
0	12

[block]
# block no. 1 follows, 40 sequences, length 10
# corresponding to MSA columns:
# 186-195
name=unknown_B
#
# <colnr> <probs for GDERKNQSTAVLIFYWHMCP>
#	G	D	E	R	K	N	Q	S	T	A	V	L	I	F	Y	W	H	M	C	P
0	0.00730	0.00591	0.00649	0.00634	0.00812	0.00509	0.00476	0.00918	0.01427	0.01811	0.27917	0.05201	0.53524	0.01383	0.00687	0.00192	0.00288	0.01172	0.00572	0.00509
1	0.02211	0.01629	0.01745	0.01338	0.01803	0.01803	0.01105	0.73997	0.02734	0.03665	0.01396	0.01396	0.00989	0.00698	0.00582	0.00175	0.00640	0.00524	0.00582	0.00989
2	0.01237	0.00938	0.00983	0.00918	0.01160	0.01039	0.00703	0.02255	0.42279	0.02235	0.02519	0.06620	0.07139	0.00860	0.00548	0.00180	0.00382	0.00717	0.26547	0.00745
3	0.00992	0.25597	0.01443	0.00887	0.01075	0.01064	0.00712	0.01132	0.01151	0.01466	0.02439	0.49223	0.02831	0.01388	0.00630	0.00203	0.00442	0.06313	0.00448	0.00563
4	0.01676	0.01730	0.01420	0.01283	0.01602	0.25381	0.00985	0.02848	0.51754	0.02114	0.01903	0.01816	0.01451	0.00729	0.00570	0.00182	0.00646	0.00568	0.00499	0.00843
5	0.00687	0.00589	0.00589	0.00589	0.00785	0.00491	0.00442	0.00835	0.01325	0.01571	0.05891	0.05596	0.75700	0.01473	0.00687	0.00196	0.00295	0.01227	0.00540	0.00491
6	0.27224	0.02413	0.52643	0.01376	0.02077	0.01336	0.01669	0.01800	0.01153	0.02084	0.00970	0.01138	0.00703	0.00548	0.00492	0.00183	0.00730	0.00393	0.00282	0.00787
7	0.01253	0.02494	0.53118	0.02261	0.25705	0.01360	0.02034	0.01824	0.01258	0.01860	0.01059	0.01295	0.00795	0.00542	0.00560	0.00181	0.00806	0.00458	0.00259	0.00879
8	0.83671	0.01125	0.00855	0.00765	0.01125	0.01305	0.00630	0.01709	0.00990	0.02609	0.00810	0.00945	0.00630	0.00540	0.00360	0.00180	0.00450	0.00315	0.00360	0.00630
9	0.01867	0.02223	0.01508	0.01297	0.01665	0.53082	0.00986	0.02051	0.01508	0.01572	0.00941	0.01098	0.00785	0.00546	0.00495	0.00130	0.00853	0.00365	0.00314	0.26713

[dist]
# distance from previous block
# <min> <max>
0	3

[block]
# block no. 2 follows, 40 sequences, length 26
# corresponding to MSA columns:
# 199-224
name=unknown_C
#
# <colnr> <probs for GDERKNQSTAVLIFYWHMCP>
#	G	D	E	R	K	N	Q	S	T	A	V	L	I	F	Y	W	H	M	C	P
0	0.00708	0.00509	0.00671	0.00801	0.00841	0.00473	0.00536	0.00811	0.01121	0.01488	0.03308	0.76367	0.06597	0.01808	0.00740	0.00235	0.00336	0.01637	0.00540	0.00473
1	0.01684	0.41641	0.16286	0.01223	0.01778	0.01972	0.01243	0.23914	0.01666	0.02160	0.01032	0.01130	0.00819	0.00569	0.00470	0.00151	0.00671	0.00398	0.00350	0.00842
2	0.00729	0.00591	0.00647	0.00633	0.00811	0.00509	0.00475	0.00915	0.01424	0.01804	0.27273	0.05212	0.54172	0.01386	0.00687	0.00192	0.00288	0.01173	0.00571	0.00509
3	0.01204	0.01270	0.02618	0.01924	0.02374	0.01188	0.51357	0.01628	0.01456	0.02007	0.24004	0.02420	0.02294	0.00704	0.00686	0.00192	0.00764	0.00798	0.00400	0.00712
4	0.01205	0.01100	0.01613	0.54562	0.03241	0.01339	0.01402	0.01978	0.23767	0.01776	0.01442	0.01740	0.01082	0.00645	0.00585	0.00195	0.00679	0.00560	0.00361	0.00730
5	0.01590	0.01261	0.01412	0.01044	0.01541	0.01169	0.00848	0.29214	0.01791	0.02572	0.01172	0.01279	0.00910	0.00533	0.00488	0.00120	0.00511	0.00413	0.00435	0.51697
6	0.01439	0.01382	0.02360	0.03569	0.75936	0.01382	0.01785	0.01785	0.01324	0.01900	0.01094	0.01439	0.00921	0.00518	0.00576	0.00173	0.00691	0.00518	0.00288	0.00921
7	0.01119	0.01639	0.24680	0.54707	0.03549	0.01310	0.01779	0.01595	0.01183	0.01595	0.01037	0.01451	0.00763	0.00573	0.00573	0.00191	0.00801	0.00490	0.00254	0.00711
8	0.26652	0.01303	0.01899	0.02709	0.52998	0.01358	0.01431	0.01762	0.01222	0.02117	0.01007	0.01288	0.00832	0.00525	0.00510	0.00175	0.00617	0.00456	0.00310	0.00832
9	0.01203	0.01140	0.01933	0.55294	0.26060	0.01319	0.01667	0.01577	0.01212	0.01613	0.01052	0.01516	0.00820	0.00562	0.00580	0.00187	0.00749	0.00517	0.00267	0.00730
10	0.01413	0.01355	0.02314	0.09237	0.70471	0.01375	0.01772	0.01762	0.01312	0.01868	0.01089	0.01448	0.00910	0.00523	0.00576	0.00174	0.00697	0.00518	0.00286	0.00900
11	0.02175	0.02703	0.01654	0.01489	0.01798	0.72701	0.01122	0.06624	0.01713	0.01558	0.00929	0.01070	0.00763	0.00605	0.00528	0.00151	0.01024	0.00383	0.00317	0.00693
12	0.01976	0.01512	0.01613	0.01291	0.01714	0.01694	0.01049	0.52256	0.24856	0.03287	0.01694	0.01633	0.01230	0.00726	0.00585	0.00181	0.00585	0.00565	0.00585	0.00968
13	0.01021	0.00890	0.01404	0.54394	0.02972	0.01069	0.01228	0.01290	0.01066	0.01376	0.01278	0.02242	0.01186	0.24798	0.01311	0.00307	0.00710	0.00618	0.00287	0.00556
14	0.00823	0.00594	0.00777	0.00732	0.00869	0.00549	0.00549	0.01097	0.01646	0.02332	0.75629	0.04344	0.05487	0.01189	0.00686	0.00183	0.00274	0.01052	0.00640	0.00549
15	0.01266	0.01044	0.01144	0.01078	0.01325	0.01169	0.00815	0.06647	0.47936	0.02216	0.02566	0.25736	0.02363	0.01100	0.00637	0.00208	0.00433	0.00955	0.00575	0.00787
16	0.01386	0.00694	0.00854	0.00757	0.00895	0.00653	0.00506	0.01455	0.01097	0.24188	0.01974	0.03246	0.01907	0.55389	0.02232	0.00446	0.00543	0.00766	0.00465	0.00548
17	0.01747	0.01371	0.01410	0.01188	0.01509	0.07126	0.00933	0.46111	0.02155	0.02826	0.01913	0.25220	0.01847	0.01035	0.00627	0.00192	0.00578	0.00859	0.00547	0.00807
18	0.01171	0.07422	0.48817	0.25072	0.02906	0.01395	0.01910	0.01726	0.01205	0.01702	0.01025	0.01307	0.00749	0.00558	0.00550	0.00183	0.00818	0.00449	0.00250	0.00787
19	0.01399	0.46075	0.11709	0.01037	0.01586	0.01714	0.01046	0.01669	0.01195	0.01589	0.00907	0.01054	0.00780	0.00484	0.00413	0.00120	0.00593	0.00336	0.00278	0.26016
20	0.01387	0.50961	0.06691	0.00896	0.01304	0.01705	0.00884	0.01629	0.01196	0.01642	0.01156	0.01329	0.00974	0.00556	0.00394	0.00131	0.00529	0.00389	0.25557	0.00690
21	0.01107	0.08015	0.43995	0.01331	0.01891	0.01176	0.01516	0.05093	0.01264	0.01786	0.01706	0.25116	0.01703	0.00945	0.00598	0.00195	0.00670	0.00800	0.00353	0.00739
22	0.00709	0.00564	0.00637	0.00673	0.00813	0.00492	0.00484	0.00857	0.01297	0.01631	0.13035	0.28016	0.45647	0.01547	0.00704	0.00207	0.00305	0.01338	0.00551	0.00492
23	0.00687	0.00589	0.00589	0.00589	0.00785	0.00491	0.00442	0.00835	0.01325	0.01571	0.05891	0.05596	0.75700	0.01473	0.00687	0.00196	0.00295	0.01227	0.00540	0.00491
24	0.02172	0.02772	0.01648	0.01498	0.01798	0.77228	0.01124	0.02322	0.01648	0.01423	0.00899	0.01049	0.00749	0.00599	0.00524	0.00150	0.01049	0.00375	0.00300	0.00674
25	0.01514	0.01216	0.01371	0.01007	0.01509	0.01090	0.00817	0.23703	0.01674	0.02438	0.01145	0.01264	0.00900	0.00513	0.00477	0.00113	0.00495	0.00399	0.00417	0.57937

[dist]
# distance from previous block
# <min> <max>
0	1

[block]
# block no. 3 follows, 40 sequences, length 11
# corresponding to MSA columns:
# 226-236
name=unknown_D
#
# <colnr> <probs for GDERKNQSTAVLIFYWHMCP>
#	G	D	E	R	K	N	Q	S	T	A	V	L	I	F	Y	W	H	M	C	P
0	0.01195	0.03019	0.76227	0.01673	0.02532	0.01365	0.02154	0.01859	0.01245	0.01867	0.01072	0.01267	0.00764	0.00572	0.00565	0.00189	0.00867	0.00439	0.00256	0.00873
1	0.01551	0.57299	0.02568	0.01067	0.01518	0.02069	0.00985	0.02141	0.22069	0.01697	0.01279	0.01324	0.01065	0.00599	0.00448	0.00150	0.00585	0.00419	0.00356	0.00810
2	0.00842	0.00616	0.00784	0.00741	0.00885	0.00562	0.00553	0.01098	0.01637	0.02296	0.69863	0.04467	0.10985	0.01227	0.00697	0.00189	0.00287	0.01072	0.00641	0.00559
3	0.24834	0.57264	0.02437	0.00949	0.01408	0.02029	0.00903	0.01750	0.01145	0.01747	0.00838	0.00977	0.00741	0.00529	0.00382	0.00146	0.00582	0.00322	0.00290	0.00728
4	0.01234	0.01053	0.01225	0.00881	0.01398	0.00792	0.00701	0.01484	0.01223	0.01920	0.01062	0.01245	0.00888	0.00450	0.00443	0.00092	0.00441	0.00354	0.00354	0.82758
5	0.25301	0.01503	0.01510	0.01193	0.01629	0.01674	0.00981	0.53217	0.02251	0.03383	0.01257	0.01307	0.00914	0.00672	0.00531	0.00181	0.00595	0.00473	0.00527	0.00900
6	0.00821	0.00591	0.00769	0.00774	0.00884	0.00545	0.00559	0.01037	0.01511	0.02115	0.54810	0.25561	0.05028	0.01384	0.00713	0.00203	0.00303	0.01229	0.00620	0.00542
7	0.60247	0.01610	0.01100	0.00992	0.01336	0.22818	0.00782	0.01901	0.01195	0.02295	0.00864	0.01015	0.00692	0.00576	0.00419	0.00177	0.00629	0.00342	0.00352	0.00657
8	0.01176	0.01121	0.01771	0.56132	0.03312	0.01445	0.01526	0.01481	0.01104	0.01488	0.00986	0.01510	0.00799	0.00724	0.00969	0.00216	0.22792	0.00524	0.00267	0.00658
9	0.00846	0.00564	0.00634	0.00634	0.00634	0.00564	0.00352	0.00846	0.00846	0.01128	0.01832	0.03805	0.02114	0.79563	0.02960	0.00564	0.00564	0.00846	0.00352	0.00352
10	0.01098	0.01034	0.01744	0.78165	0.04005	0.01292	0.01615	0.01486	0.01163	0.01486	0.01034	0.01550	0.00775	0.00581	0.00581	0.00194	0.00775	0.00517	0.00258	0.00646

[dist]
# distance from previous block
# <min> <max>
0	5

[block]
# block no. 4 follows, 40 sequences, length 15
# corresponding to MSA columns:
# 242-256
name=unknown_E
#
# <colnr> <probs for GDERKNQSTAVLIFYWHMCP>
#	G	D	E	R	K	N	Q	S	T	A	V	L	I	F	Y	W	H	M	C	P
0	0.02241	0.00908	0.01232	0.00972	0.01358	0.00792	0.00792	0.02476	0.01661	0.61095	0.17399	0.02466	0.02273	0.00816	0.00606	0.00181	0.00449	0.00681	0.00703	0.00899
1	0.00828	0.00588	0.00748	0.00712	0.00820	0.00552	0.00508	0.01046	0.01481	0.02084	0.60429	0.04233	0.04792	0.17332	0.01154	0.00261	0.00334	0.01009	0.00581	0.00508
2	0.00808	0.00587	0.00720	0.00691	0.00808	0.00543	0.00493	0.01007	0.01434	0.01972	0.50211	0.04416	0.15080	0.17373	0.01154	0.00263	0.00337	0.01035	0.00566	0.00500
3	0.01405	0.01392	0.01297	0.00992	0.01465	0.16522	0.00779	0.01641	0.01297	0.01798	0.01006	0.01173	0.00838	0.00465	0.00450	0.00099	0.00558	0.00351	0.00335	0.66137
4	0.00812	0.00600	0.00762	0.00740	0.00886	0.00551	0.00567	0.01065	0.01567	0.02157	0.57887	0.04746	0.16478	0.01272	0.00697	0.00193	0.00301	0.07566	0.00615	0.00538
5	0.01289	0.01201	0.02013	0.03001	0.60469	0.01194	0.01528	0.01584	0.01281	0.01814	0.01529	0.17452	0.01524	0.00787	0.00610	0.00186	0.00618	0.00752	0.00340	0.00829
6	0.01406	0.01348	0.02300	0.10847	0.68918	0.01373	0.01768	0.01756	0.01308	0.01859	0.01088	0.01450	0.00907	0.00524	0.00576	0.00175	0.00699	0.00518	0.00285	0.00894
7	0.01374	0.01315	0.02243	0.17826	0.62188	0.01365	0.01752	0.01728	0.01293	0.01821	0.01082	0.01461	0.00893	0.00530	0.00577	0.00177	0.00707	0.00518	0.00282	0.00869
8	0.01164	0.01088	0.01828	0.47883	0.25620	0.01239	0.01562	0.01511	0.01207	0.01612	0.01264	0.09091	0.01119	0.00683	0.00595	0.00192	0.00707	0.00628	0.00295	0.00713
9	0.01097	0.00915	0.00953	0.00931	0.01082	0.08181	0.00692	0.08469	0.04370	0.01968	0.23408	0.25416	0.03442	0.08453	0.00891	0.00238	0.00463	0.07918	0.00534	0.00578
10	0.01238	0.17226	0.62961	0.01535	0.02327	0.01526	0.01935	0.01823	0.01219	0.01754	0.01000	0.01173	0.00738	0.00542	0.00519	0.00173	0.00816	0.00408	0.00246	0.00839
11	0.51571	0.01220	0.01152	0.16792	0.01803	0.05408	0.00895	0.08269	0.01233	0.02370	0.01113	0.01299	0.03643	0.00603	0.00447	0.00181	0.00560	0.00415	0.00363	0.00663
12	0.01414	0.01225	0.01739	0.01271	0.01762	0.01103	0.14760	0.10913	0.01430	0.04375	0.01130	0.01327	0.00894	0.00520	0.00592	0.00131	0.05217	0.00450	0.00372	0.49373
13	0.55183	0.01461	0.01146	0.08491	0.01575	0.15844	0.00849	0.06113	0.01236	0.02336	0.00884	0.01051	0.00688	0.00565	0.00426	0.00175	0.00607	0.00358	0.00352	0.00661
14	0.02027	0.01365	0.01514	0.01222	0.01636	0.01484	0.00989	0.34643	0.27643	0.18204	0.01919	0.01786	0.01356	0.00734	0.00586	0.00184	0.00547	0.00583	0.00614	0.00965

[dist]
# distance from previous block
# <min> <max>
0	2

[block]
# block no. 5 follows, 40 sequences, length 18
# corresponding to MSA columns:
# 259-276
name=unknown_F
#
# <colnr> <probs for GDERKNQSTAVLIFYWHMCP>
#	G	D	E	R	K	N	Q	S	T	A	V	L	I	F	Y	W	H	M	C	P
0	0.00709	0.00506	0.00675	0.00810	0.00843	0.00472	0.00540	0.00810	0.01113	0.01484	0.03205	0.79184	0.03846	0.01822	0.00742	0.00236	0.00337	0.01653	0.00540	0.00472
1	0.65385	0.01212	0.01025	0.00883	0.01257	0.01392	0.00724	0.13061	0.06293	0.02762	0.01007	0.01098	0.00764	0.00581	0.00410	0.00180	0.00480	0.00371	0.00410	0.00706
2	0.00807	0.00585	0.00733	0.00788	0.00857	0.00571	0.00535	0.01031	0.06201	0.01663	0.18025	0.45026	0.03742	0.15325	0.01111	0.00280	0.00373	0.01317	0.00531	0.00498
3	0.01301	0.31406	0.37535	0.13255	0.02365	0.01696	0.01635	0.01749	0.01200	0.01610	0.00954	0.01168	0.00746	0.00536	0.00490	0.00163	0.00758	0.00399	0.00249	0.00784
4	0.14055	0.25524	0.43032	0.01323	0.01998	0.01625	0.01571	0.01791	0.01177	0.01820	0.00938	0.01096	0.00723	0.00534	0.00469	0.00166	0.00726	0.00377	0.00264	0.00790
5	0.01708	0.01279	0.01374	0.01126	0.01486	0.04645	0.00890	0.37836	0.01995	0.06678	0.01808	0.20390	0.01681	0.00928	0.00595	0.00175	0.00544	0.00768	0.00530	0.13564
6	0.41725	0.01020	0.01022	0.00872	0.01221	0.01081	0.00706	0.02054	0.07773	0.23082	0.12326	0.01839	0.01668	0.00707	0.00491	0.00182	0.00438	0.00528	0.00522	0.00744
7	0.08804	0.01701	0.01563	0.01283	0.01680	0.16144	0.01037	0.42318	0.07172	0.06213	0.01449	0.01650	0.01114	0.00722	0.00565	0.00177	0.00679	0.04347	0.00514	0.00870
8	0.01158	0.01095	0.01853	0.65015	0.16686	0.01308	0.01645	0.01538	0.01191	0.01559	0.01044	0.01531	0.00801	0.00570	0.00580	0.00190	0.00760	0.00517	0.00264	0.00694
9	0.01098	0.01034	0.01744	0.78165	0.04005	0.01292	0.01615	0.01486	0.01163	0.01486	0.01034	0.01550	0.00775	0.00581	0.00581	0.00194	0.00775	0.00517	0.00258	0.00646
10	0.00904	0.00993	0.12557	0.01052	0.01289	0.00718	0.00989	0.01196	0.01300	0.01728	0.06862	0.17194	0.10662	0.01442	0.00736	0.00238	0.00515	0.38557	0.00497	0.00572
11	0.01539	0.01407	0.02706	0.02006	0.02429	0.01451	0.44799	0.01900	0.01300	0.13280	0.01249	0.01560	0.00940	0.00655	0.00969	0.00208	0.19847	0.00627	0.00350	0.00780
12	0.21973	0.02154	0.01564	0.01640	0.13111	0.46934	0.01105	0.02089	0.01437	0.01787	0.00907	0.01084	0.00747	0.00572	0.00492	0.00161	0.00847	0.00382	0.00313	0.00702
13	0.00881	0.00651	0.00879	0.12711	0.01255	0.00716	0.00639	0.00992	0.00916	0.01237	0.01642	0.03085	0.01746	0.48960	0.20746	0.00597	0.00839	0.00740	0.00328	0.00439
14	0.02020	0.01274	0.01533	0.01453	0.13041	0.07718	0.01005	0.08587	0.01595	0.34050	0.01606	0.01578	0.01121	0.00607	0.00541	0.00153	0.00571	0.00493	0.00514	0.20539
15	0.00816	0.00561	0.00688	0.00715	0.00738	0.00570	0.00447	0.00868	0.00913	0.01233	0.02067	0.18739	0.02362	0.52481	0.13819	0.00554	0.00669	0.00974	0.00384	0.00402
16	0.16412	0.01482	0.01661	0.01574	0.13145	0.01632	0.01117	0.46373	0.05973	0.03141	0.01297	0.01364	0.00956	0.00647	0.00542	0.00176	0.00605	0.00493	0.00498	0.00912
17	0.78127	0.01159	0.00915	0.00804	0.01171	0.01338	0.00662	0.06629	0.01108	0.02681	0.00850	0.00975	0.00654	0.00551	0.00375	0.00180	0.00463	0.00329	0.00375	0.00654

[dist]
# distance from previous block
# <min> <max>
0	93

# created by:
# /software/SequenceAnalysis/GenePrediction/augustus/3.0.1/scripts/msa2prfl.pl ./fixed/BUSCOvEOG747H7M.fas
