[name]
unknown

[dist]
# distance from previous block
# <min> <max>
0	285

[block]
# block no. 0 follows, 41 sequences, length 7
# corresponding to MSA columns:
# 316-322
name=unknown_A
#
# <colnr> <probs for GDERKNQSTAVLIFYWHMCP>
#	G	D	E	R	K	N	Q	S	T	A	V	L	I	F	Y	W	H	M	C	P
0	0.14193	0.52176	0.02400	0.01025	0.01475	0.07563	0.00948	0.11326	0.01368	0.01833	0.00878	0.00988	0.00748	0.00529	0.00403	0.00139	0.00619	0.00339	0.00308	0.00743
1	0.13186	0.31553	0.27970	0.01312	0.04457	0.09566	0.01359	0.01803	0.01203	0.01704	0.00894	0.01049	0.00721	0.00525	0.00448	0.00155	0.00714	0.00360	0.00266	0.00755
2	0.01006	0.00705	0.00829	0.00776	0.00858	0.00748	0.00520	0.10563	0.01095	0.01483	0.01690	0.03121	0.01799	0.53793	0.18092	0.00580	0.00767	0.00745	0.00368	0.00463
3	0.01460	0.01219	0.01724	0.33946	0.14842	0.01376	0.01354	0.24866	0.01711	0.02296	0.08369	0.01723	0.01300	0.00656	0.00581	0.00180	0.00659	0.00561	0.00397	0.00779
4	0.02033	0.01532	0.01637	0.01288	0.01720	0.01708	0.01053	0.61040	0.16302	0.03378	0.01552	0.01516	0.01118	0.00703	0.00574	0.00176	0.00596	0.00540	0.00574	0.00960
5	0.23409	0.14892	0.30196	0.01182	0.01755	0.01415	0.01292	0.01960	0.05732	0.11535	0.01164	0.01237	0.00849	0.00566	0.00470	0.00171	0.00630	0.00407	0.00352	0.00787
6	0.01943	0.12455	0.01763	0.05433	0.01779	0.41718	0.01067	0.18454	0.01751	0.01940	0.01050	0.01187	0.00836	0.00602	0.00505	0.00151	0.00824	0.00411	0.05397	0.00733

[dist]
# distance from previous block
# <min> <max>
0	2

[block]
# block no. 1 follows, 41 sequences, length 9
# corresponding to MSA columns:
# 325-333
name=unknown_B
#
# <colnr> <probs for GDERKNQSTAVLIFYWHMCP>
#	G	D	E	R	K	N	Q	S	T	A	V	L	I	F	Y	W	H	M	C	P
0	0.18137	0.39434	0.23239	0.01135	0.01689	0.04824	0.01229	0.01757	0.01155	0.01726	0.00864	0.01006	0.00708	0.00517	0.00420	0.00151	0.00660	0.00342	0.00268	0.00739
1	0.01268	0.00899	0.01039	0.00970	0.01214	0.00930	0.00731	0.02025	0.31972	0.11567	0.02690	0.28900	0.05978	0.01128	0.00627	0.00198	0.00406	0.00983	0.00563	0.05912
2	0.02020	0.02464	0.01731	0.01515	0.01809	0.62212	0.04961	0.06703	0.01609	0.01559	0.00917	0.01099	0.00760	0.00626	0.00647	0.00160	0.07809	0.00405	0.00308	0.00685
3	0.00983	0.00519	0.00770	0.00788	0.00807	0.00519	0.00556	0.00807	0.00825	0.01094	0.01280	0.02401	0.01317	0.01930	0.02032	0.71680	0.00501	0.10613	0.00288	0.00288
4	0.18305	0.53321	0.02367	0.01002	0.01437	0.12653	0.00924	0.01787	0.01188	0.01601	0.00808	0.00936	0.00711	0.00512	0.00385	0.00137	0.00636	0.00315	0.00274	0.00701
5	0.12717	0.00924	0.01032	0.00824	0.01214	0.00775	0.00640	0.01344	0.01138	0.01881	0.01418	0.17016	0.01410	0.00716	0.00476	0.00128	0.00408	0.00595	0.00380	0.54965
6	0.01336	0.01501	0.03144	0.02281	0.02778	0.01490	0.63866	0.01767	0.01283	0.01767	0.01099	0.01501	0.00851	0.00556	0.00846	0.00201	0.12046	0.00650	0.00284	0.00751
7	0.01361	0.01683	0.17433	0.03130	0.61372	0.01353	0.01828	0.01767	0.01283	0.01857	0.01066	0.01374	0.00869	0.00516	0.00562	0.00172	0.00713	0.00492	0.00275	0.00894
8	0.01220	0.06439	0.58183	0.01979	0.17384	0.01381	0.01985	0.01795	0.01225	0.01800	0.01025	0.01235	0.00762	0.00534	0.00539	0.00176	0.00800	0.00435	0.00250	0.00852

[dist]
# distance from previous block
# <min> <max>
0	4

[block]
# block no. 2 follows, 41 sequences, length 6
# corresponding to MSA columns:
# 338-343
name=unknown_C
#
# <colnr> <probs for GDERKNQSTAVLIFYWHMCP>
#	G	D	E	R	K	N	Q	S	T	A	V	L	I	F	Y	W	H	M	C	P
0	0.00713	0.00504	0.00659	0.00776	0.00806	0.00475	0.00509	0.00801	0.01064	0.01419	0.02995	0.70699	0.03585	0.10889	0.00984	0.00270	0.00358	0.01534	0.00509	0.00451
1	0.00927	0.00646	0.00836	0.00884	0.00995	0.00651	0.00681	0.01187	0.09773	0.01593	0.06953	0.18035	0.09327	0.01586	0.01080	0.19933	0.00439	0.23509	0.00474	0.00490
2	0.01548	0.10700	0.14646	0.01286	0.01719	0.15389	0.01166	0.05448	0.37769	0.02043	0.01629	0.01605	0.01240	0.00666	0.00539	0.00174	0.00651	0.00514	0.00432	0.00834
3	0.02075	0.11243	0.01793	0.01390	0.01736	0.55735	0.01088	0.14964	0.01758	0.01783	0.00961	0.01079	0.00778	0.00595	0.00509	0.00149	0.00913	0.00387	0.00338	0.00726
4	0.01314	0.07984	0.42104	0.01513	0.02050	0.01565	0.01676	0.09365	0.01266	0.01843	0.00968	0.01216	0.00759	0.00685	0.00914	0.00196	0.23069	0.00446	0.00279	0.00788
5	0.06560	0.27184	0.27820	0.01235	0.01778	0.09666	0.01320	0.06267	0.01358	0.01829	0.08883	0.01414	0.01232	0.00605	0.00488	0.00158	0.00691	0.00443	0.00317	0.00752

[dist]
# distance from previous block
# <min> <max>
0	1

[block]
# block no. 3 follows, 41 sequences, length 10
# corresponding to MSA columns:
# 345-354
name=unknown_D
#
# <colnr> <probs for GDERKNQSTAVLIFYWHMCP>
#	G	D	E	R	K	N	Q	S	T	A	V	L	I	F	Y	W	H	M	C	P
0	0.01713	0.17114	0.14313	0.01176	0.01649	0.03413	0.01111	0.02486	0.27200	0.21345	0.01751	0.01661	0.01263	0.00658	0.00530	0.00172	0.00574	0.00516	0.00483	0.00873
1	0.10453	0.00979	0.01092	0.00912	0.01214	0.00997	0.00729	0.21577	0.01801	0.13686	0.26106	0.02942	0.13300	0.00939	0.00597	0.00179	0.00423	0.00769	0.00581	0.00724
2	0.12341	0.34603	0.14904	0.01024	0.01562	0.01559	0.01043	0.01650	0.01151	0.01731	0.00896	0.01043	0.00748	0.00486	0.00411	0.00129	0.00577	0.00336	0.00285	0.23521
3	0.27282	0.01465	0.11721	0.02220	0.37623	0.01294	0.01382	0.01813	0.01211	0.07416	0.01066	0.01274	0.00829	0.00535	0.00497	0.00174	0.00614	0.00440	0.00330	0.00813
4	0.01798	0.01714	0.22246	0.01260	0.01788	0.01288	0.01246	0.28994	0.01896	0.18559	0.09561	0.01760	0.01476	0.00696	0.00572	0.00174	0.00613	0.00554	0.00510	0.03297
5	0.01173	0.01858	0.32402	0.09740	0.02240	0.01110	0.07951	0.01629	0.01205	0.01796	0.01033	0.01264	0.00790	0.00494	0.00511	0.00145	0.00681	0.00422	0.00285	0.33270
6	0.01237	0.00947	0.01216	0.01263	0.11194	0.00932	0.00861	0.06732	0.13736	0.06428	0.24668	0.05035	0.05183	0.00917	0.00610	0.00176	0.00434	0.06334	0.00524	0.11571
7	0.01432	0.01601	0.05315	0.02271	0.24746	0.11661	0.13645	0.01708	0.01199	0.01625	0.00948	0.01319	0.00815	0.00690	0.01038	0.00199	0.28255	0.00512	0.00272	0.00750
8	0.01412	0.06767	0.11006	0.01181	0.07195	0.01164	0.00977	0.21115	0.01652	0.02419	0.09506	0.01862	0.01545	0.00676	0.00506	0.00155	0.00502	0.00543	0.25628	0.04189
9	0.01232	0.01859	0.30687	0.02207	0.31207	0.01244	0.01655	0.01802	0.07933	0.01950	0.11148	0.01780	0.01509	0.00634	0.00573	0.00178	0.00668	0.00558	0.00340	0.00834

[dist]
# distance from previous block
# <min> <max>
3	15

[block]
# block no. 4 follows, 41 sequences, length 8
# corresponding to MSA columns:
# 371-378
name=unknown_E
#
# <colnr> <probs for GDERKNQSTAVLIFYWHMCP>
#	G	D	E	R	K	N	Q	S	T	A	V	L	I	F	Y	W	H	M	C	P
0	0.01218	0.01204	0.01068	0.01109	0.01292	0.21316	0.00912	0.01436	0.01397	0.01608	0.02788	0.04880	0.11454	0.01298	0.00702	0.00224	0.00634	0.44437	0.00465	0.00558
1	0.01405	0.58820	0.02335	0.00859	0.01253	0.01798	0.00823	0.01611	0.01172	0.01557	0.01083	0.01244	0.00931	0.00537	0.00376	0.00125	0.00519	0.00367	0.22505	0.00680
2	0.04108	0.00722	0.00926	0.00854	0.01087	0.00664	0.00692	0.01545	0.01491	0.22072	0.27611	0.04188	0.13812	0.01154	0.00663	0.00199	0.00393	0.16567	0.00605	0.00648
3	0.01373	0.01002	0.01179	0.01042	0.01302	0.01054	0.00856	0.29754	0.01956	0.02649	0.27251	0.03726	0.03103	0.01091	0.00666	0.00199	0.00479	0.20033	0.00580	0.00705
4	0.01178	0.01814	0.31101	0.02165	0.30966	0.01168	0.01629	0.01629	0.01335	0.01939	0.17481	0.01961	0.01819	0.00667	0.00581	0.00176	0.00654	0.00591	0.00343	0.00802
5	0.00838	0.00714	0.00960	0.21631	0.01714	0.00733	0.00851	0.01073	0.01264	0.01559	0.03904	0.04643	0.39898	0.01242	0.00673	0.00208	0.00469	0.16637	0.00456	0.00533
6	0.01670	0.01045	0.01225	0.01042	0.01366	0.01090	0.00831	0.11155	0.28018	0.22472	0.18366	0.02607	0.02416	0.00860	0.00606	0.00186	0.00446	0.03136	0.00623	0.00839
7	0.01354	0.49299	0.02497	0.31266	0.02433	0.01876	0.01217	0.01615	0.01155	0.01391	0.00882	0.01155	0.00745	0.00522	0.00447	0.00149	0.00671	0.00385	0.00248	0.00696

[dist]
# distance from previous block
# <min> <max>
0	1

[block]
# block no. 5 follows, 41 sequences, length 11
# corresponding to MSA columns:
# 380-390
name=unknown_F
#
# <colnr> <probs for GDERKNQSTAVLIFYWHMCP>
#	G	D	E	R	K	N	Q	S	T	A	V	L	I	F	Y	W	H	M	C	P
0	0.01162	0.01117	0.01082	0.00981	0.01196	0.16205	0.00743	0.01342	0.01106	0.01429	0.01325	0.01954	0.01244	0.11571	0.37164	0.00546	0.01084	0.00532	0.00316	0.17901
1	0.01668	0.01727	0.16711	0.01319	0.01801	0.01544	0.01222	0.31391	0.31273	0.02761	0.01683	0.01643	0.01230	0.00693	0.00570	0.00182	0.00603	0.00549	0.00509	0.00920
2	0.01079	0.02480	0.61580	0.01447	0.02149	0.01169	0.01796	0.01664	0.01291	0.01909	0.16145	0.01825	0.01666	0.00670	0.00570	0.00181	0.00729	0.00546	0.00320	0.00784
3	0.01448	0.50444	0.26452	0.01219	0.01809	0.07006	0.01349	0.01782	0.01207	0.01498	0.00875	0.01018	0.00731	0.00513	0.00433	0.00143	0.00714	0.00347	0.00247	0.00765
4	0.10735	0.00636	0.00702	0.00687	0.00849	0.00631	0.00514	0.01318	0.01268	0.07600	0.16989	0.18637	0.02642	0.00991	0.00532	0.00172	0.00318	0.00840	0.33377	0.00563
5	0.04612	0.00613	0.00820	0.00822	0.00903	0.00683	0.00597	0.00987	0.00906	0.01329	0.01655	0.06442	0.01693	0.25349	0.49184	0.00748	0.01147	0.00711	0.00331	0.00467
6	0.11414	0.17351	0.01703	0.01070	0.01509	0.11638	0.00899	0.17956	0.01600	0.10915	0.01153	0.01212	0.00877	0.00563	0.00467	0.00141	0.00598	0.00399	0.00411	0.18124
7	0.18105	0.44818	0.16583	0.01088	0.01606	0.06484	0.01130	0.01760	0.01161	0.01684	0.00845	0.00982	0.00709	0.00514	0.00407	0.00146	0.00648	0.00333	0.00269	0.00728
8	0.01290	0.06801	0.01195	0.00943	0.01160	0.01072	0.00717	0.24089	0.04457	0.02187	0.10634	0.22142	0.02443	0.16981	0.01081	0.00262	0.00488	0.00913	0.00499	0.00646
9	0.12146	0.17528	0.01783	0.01249	0.03150	0.19934	0.01010	0.14908	0.04321	0.01974	0.01035	0.01224	0.00859	0.00907	0.06350	0.00222	0.09903	0.00422	0.00349	0.00727
10	0.00970	0.00732	0.00981	0.05971	0.01197	0.00827	0.00741	0.01191	0.01047	0.01598	0.01753	0.02199	0.06791	0.02217	0.32088	0.00473	0.10882	0.00594	0.20434	0.07314

[dist]
# distance from previous block
# <min> <max>
0	2

[block]
# block no. 6 follows, 41 sequences, length 24
# corresponding to MSA columns:
# 393-416
name=unknown_G
#
# <colnr> <probs for GDERKNQSTAVLIFYWHMCP>
#	G	D	E	R	K	N	Q	S	T	A	V	L	I	F	Y	W	H	M	C	P
0	0.09395	0.07505	0.01946	0.01584	0.07960	0.18479	0.10036	0.28973	0.04614	0.02452	0.01155	0.01276	0.00881	0.00600	0.00537	0.00166	0.00739	0.00473	0.00409	0.00822
1	0.01277	0.01962	0.29980	0.02300	0.34010	0.06805	0.01680	0.01701	0.01290	0.01773	0.01620	0.01810	0.10021	0.00643	0.00567	0.00175	0.00720	0.00552	0.00299	0.00814
2	0.01892	0.10006	0.10412	0.01601	0.11487	0.01721	0.01278	0.49155	0.02182	0.02940	0.01235	0.01312	0.00911	0.00627	0.00547	0.00167	0.00658	0.00482	0.00463	0.00925
3	0.01380	0.06947	0.01853	0.04741	0.37397	0.01286	0.01286	0.14540	0.01487	0.02032	0.01595	0.19736	0.01577	0.00843	0.00591	0.00182	0.00587	0.00758	0.00389	0.00793
4	0.01221	0.00950	0.01148	0.01071	0.01265	0.01048	0.00861	0.16760	0.10604	0.02181	0.11413	0.16941	0.04587	0.01216	0.00805	0.00217	0.08716	0.17802	0.00527	0.00667
5	0.01067	0.28683	0.06499	0.00997	0.01275	0.01217	0.05283	0.01249	0.01125	0.01441	0.02004	0.35734	0.03139	0.06872	0.00746	0.00211	0.00517	0.00965	0.00384	0.00594
6	0.10400	0.07681	0.20144	0.01614	0.10977	0.16068	0.05612	0.02079	0.02588	0.15779	0.01223	0.01322	0.00893	0.00574	0.00522	0.00169	0.00735	0.00449	0.00364	0.00806
7	0.00991	0.01576	0.32319	0.01101	0.01539	0.00868	0.01193	0.01404	0.01397	0.04426	0.33355	0.07213	0.08402	0.00950	0.00620	0.00184	0.00520	0.00812	0.00459	0.00672
8	0.12966	0.43314	0.12602	0.01081	0.01594	0.01836	0.01089	0.10692	0.01364	0.07356	0.01005	0.01090	0.00796	0.00543	0.00430	0.00148	0.00614	0.00368	0.00333	0.00780
9	0.01035	0.10532	0.01578	0.01144	0.01359	0.00980	0.16656	0.01219	0.01074	0.01413	0.01784	0.05980	0.02701	0.32687	0.07235	0.00394	0.00708	0.10639	0.00352	0.00530
10	0.01258	0.00955	0.05844	0.00998	0.01237	0.00852	0.00827	0.15543	0.01577	0.09984	0.13186	0.30193	0.02959	0.01263	0.00671	0.00208	0.00456	0.10775	0.00553	0.00661
11	0.06100	0.17037	0.48012	0.01513	0.04813	0.01546	0.01710	0.01738	0.01154	0.01725	0.00943	0.01149	0.00730	0.00580	0.00641	0.00177	0.08987	0.00406	0.00251	0.00790
12	0.01683	0.01543	0.02555	0.01883	0.02363	0.01607	0.37938	0.31867	0.01866	0.02529	0.01213	0.01449	0.00902	0.00610	0.00731	0.00189	0.07232	0.00594	0.00403	0.00843
13	0.07778	0.01658	0.01324	0.01151	0.01451	0.28083	0.00897	0.21578	0.01772	0.02194	0.09532	0.02063	0.09839	0.01074	0.06897	0.00228	0.00755	0.00589	0.00438	0.00699
14	0.01086	0.06372	0.41318	0.01233	0.01845	0.01090	0.01415	0.01529	0.01204	0.01738	0.01752	0.07499	0.10195	0.00717	0.00537	0.00162	0.00634	0.00583	0.00320	0.18770
15	0.02466	0.04407	0.36720	0.01325	0.01850	0.10498	0.01441	0.06962	0.01450	0.01969	0.15235	0.02310	0.01885	0.00784	0.00585	0.00183	0.00699	0.08121	0.00376	0.00735
16	0.04177	0.01220	0.11717	0.12022	0.10891	0.01058	0.01148	0.09136	0.07402	0.01939	0.04705	0.26263	0.02063	0.01020	0.00619	0.00199	0.00552	0.02746	0.00428	0.00694
17	0.01339	0.07448	0.11933	0.02321	0.18674	0.01417	0.38154	0.01772	0.01295	0.01804	0.01085	0.01399	0.00847	0.00491	0.00592	0.00172	0.00817	0.00553	0.00283	0.07603
18	0.01359	0.00823	0.01056	0.00905	0.01146	0.00806	0.00716	0.01618	0.04124	0.21796	0.24012	0.07328	0.13487	0.01026	0.00774	0.00185	0.09963	0.00834	0.00559	0.07481
19	0.01114	0.00828	0.01196	0.09724	0.01535	0.00811	0.08462	0.01478	0.08485	0.10906	0.10922	0.16378	0.23595	0.01122	0.00652	0.00196	0.00459	0.00994	0.00511	0.00634
20	0.01574	0.25462	0.12927	0.01560	0.15515	0.09488	0.01205	0.01836	0.01268	0.11891	0.01215	0.01552	0.01024	0.10253	0.00785	0.00203	0.00678	0.00469	0.00333	0.00760
21	0.01710	0.01240	0.01462	0.10580	0.01826	0.01286	0.00984	0.36574	0.01931	0.08767	0.01515	0.09630	0.01253	0.00736	0.00558	0.00163	0.00560	0.00599	0.00491	0.18135
22	0.01338	0.01506	0.05226	0.21191	0.11938	0.07647	0.32256	0.01729	0.01278	0.01684	0.01058	0.01441	0.00823	0.00546	0.00677	0.00185	0.05206	0.00558	0.00278	0.03435
23	0.01440	0.01668	0.11090	0.08735	0.37236	0.13090	0.01550	0.04174	0.03565	0.01811	0.01288	0.01890	0.01124	0.00658	0.00580	0.00180	0.00737	0.08061	0.00321	0.00801

[dist]
# distance from previous block
# <min> <max>
0	1

[block]
# block no. 7 follows, 41 sequences, length 7
# corresponding to MSA columns:
# 418-424
name=unknown_H
#
# <colnr> <probs for GDERKNQSTAVLIFYWHMCP>
#	G	D	E	R	K	N	Q	S	T	A	V	L	I	F	Y	W	H	M	C	P
0	0.01074	0.01247	0.10869	0.01079	0.01268	0.11279	0.00917	0.01274	0.01048	0.01378	0.01509	0.09755	0.01528	0.16794	0.27886	0.00514	0.09025	0.00684	0.00320	0.00551
1	0.02072	0.01671	0.05293	0.01279	0.01719	0.11835	0.01072	0.40762	0.09790	0.14077	0.01512	0.01479	0.01072	0.00671	0.00560	0.00169	0.00649	0.00508	0.00533	0.03277
2	0.01002	0.00893	0.01064	0.01310	0.12632	0.07278	0.00806	0.01293	0.08500	0.01610	0.02557	0.53126	0.02878	0.01391	0.00672	0.00212	0.00457	0.01250	0.00478	0.00593
3	0.01710	0.01355	0.01583	0.01467	0.11265	0.01432	0.01047	0.36555	0.15651	0.02816	0.05612	0.01652	0.01334	0.00667	0.00556	0.00163	0.00552	0.00541	0.00504	0.13539
4	0.01621	0.01674	0.12440	0.06461	0.21087	0.06655	0.19984	0.09409	0.01501	0.11674	0.01257	0.01464	0.00925	0.00560	0.00589	0.00178	0.00773	0.00539	0.00363	0.00847
5	0.01176	0.00886	0.01045	0.00906	0.01158	0.00893	0.00719	0.19641	0.01703	0.02331	0.27588	0.03298	0.12854	0.01448	0.10605	0.00272	0.00554	0.04689	0.00529	0.07705
6	0.01760	0.12056	0.02036	0.02086	0.31208	0.01519	0.01287	0.19139	0.09262	0.11960	0.01390	0.01481	0.01051	0.00602	0.00543	0.00167	0.00610	0.00506	0.00432	0.00907

[dist]
# distance from previous block
# <min> <max>
7	16

[block]
# block no. 8 follows, 41 sequences, length 11
# corresponding to MSA columns:
# 444-454
name=unknown_I
#
# <colnr> <probs for GDERKNQSTAVLIFYWHMCP>
#	G	D	E	R	K	N	Q	S	T	A	V	L	I	F	Y	W	H	M	C	P
0	0.01077	0.00760	0.00966	0.00947	0.05450	0.00729	0.00673	0.08930	0.01672	0.06750	0.49894	0.03823	0.13895	0.01089	0.00652	0.00180	0.00348	0.00944	0.00595	0.00625
1	0.03686	0.44684	0.08198	0.01646	0.19868	0.01796	0.01231	0.01843	0.01245	0.09498	0.01036	0.01170	0.00844	0.00523	0.00451	0.00146	0.00628	0.00393	0.00306	0.00807
2	0.02222	0.00967	0.01266	0.00998	0.01403	0.00871	0.00813	0.02597	0.09435	0.58643	0.08971	0.02146	0.01790	0.00745	0.00578	0.00175	0.00460	0.00614	0.00671	0.04635
3	0.00796	0.00589	0.00679	0.00710	0.00813	0.00553	0.00517	0.00912	0.01121	0.01414	0.03564	0.05040	0.29582	0.32300	0.01581	0.00352	0.00451	0.18130	0.00458	0.00440
4	0.01373	0.01417	0.02666	0.05456	0.28496	0.01406	0.36353	0.01953	0.11230	0.01906	0.01280	0.01577	0.00995	0.00534	0.00621	0.00185	0.00789	0.00607	0.00325	0.00831
5	0.01249	0.01685	0.18530	0.01718	0.02022	0.01596	0.16512	0.01566	0.01046	0.01566	0.00895	0.01302	0.00769	0.00794	0.01337	0.00223	0.45710	0.00520	0.00256	0.00704
6	0.00708	0.00533	0.00677	0.00760	0.00841	0.00503	0.00532	0.00833	0.01123	0.01463	0.03583	0.51047	0.21178	0.02042	0.11016	0.00315	0.00482	0.01388	0.00501	0.00475
7	0.00723	0.00570	0.00658	0.00706	0.00847	0.00506	0.00531	0.00881	0.01276	0.01597	0.09513	0.23676	0.43869	0.01531	0.00704	0.00211	0.00330	0.10844	0.00537	0.00488
8	0.00986	0.00702	0.00920	0.00877	0.01022	0.00782	0.00680	0.08793	0.01163	0.01680	0.01824	0.02393	0.05838	0.06331	0.51552	0.00677	0.01154	0.00636	0.11435	0.00554
9	0.02062	0.02180	0.01707	0.01598	0.08597	0.42974	0.01153	0.26382	0.04154	0.02210	0.01109	0.01214	0.00861	0.00620	0.00541	0.00159	0.00847	0.00439	0.00395	0.00796
10	0.05959	0.01357	0.09293	0.01064	0.01566	0.01118	0.00944	0.16197	0.08313	0.09759	0.01320	0.01374	0.00986	0.00555	0.00492	0.00136	0.00519	0.00433	0.00435	0.38180

[dist]
# distance from previous block
# <min> <max>
0	2

[block]
# block no. 9 follows, 41 sequences, length 17
# corresponding to MSA columns:
# 457-473
name=unknown_J
#
# <colnr> <probs for GDERKNQSTAVLIFYWHMCP>
#	G	D	E	R	K	N	Q	S	T	A	V	L	I	F	Y	W	H	M	C	P
0	0.13003	0.25051	0.09775	0.01058	0.01486	0.05797	0.00986	0.06911	0.14352	0.06319	0.01324	0.01380	0.01023	0.00600	0.00459	0.00158	0.00568	0.00434	0.08548	0.00766
1	0.01289	0.08974	0.02003	0.27157	0.34113	0.01370	0.01474	0.03946	0.04667	0.01734	0.01250	0.07225	0.01097	0.00641	0.00561	0.00178	0.00662	0.00578	0.00311	0.00771
2	0.01359	0.01059	0.00869	0.00800	0.00984	0.15249	0.00598	0.08912	0.01395	0.02043	0.01624	0.02006	0.01338	0.08476	0.00687	0.00181	0.00477	0.00530	0.50831	0.00584
3	0.28196	0.09776	0.01544	0.01077	0.01504	0.01597	0.00907	0.37928	0.01898	0.08710	0.01196	0.01228	0.00869	0.00618	0.00481	0.00169	0.00557	0.00432	0.00478	0.00835
4	0.01210	0.15167	0.42754	0.01420	0.01961	0.01517	0.01608	0.01628	0.01100	0.01588	0.00986	0.01357	0.00832	0.06518	0.00979	0.00214	0.17716	0.00451	0.00252	0.00742
5	0.21822	0.29542	0.23918	0.09423	0.01937	0.01641	0.01286	0.01707	0.01127	0.01797	0.00887	0.01070	0.00706	0.00524	0.00437	0.00160	0.00654	0.00363	0.00272	0.00728
6	0.10887	0.01955	0.01510	0.01281	0.01646	0.35659	0.01005	0.21631	0.05226	0.11983	0.01251	0.01282	0.00922	0.00633	0.00524	0.00163	0.00763	0.00441	0.00442	0.00793
7	0.01873	0.01579	0.01573	0.09525	0.01892	0.12297	0.01066	0.46995	0.02192	0.02808	0.01707	0.01757	0.08569	0.00731	0.00571	0.00170	0.00661	0.00559	0.00489	0.02984
8	0.01166	0.09375	0.01253	0.00864	0.01252	0.00951	0.00710	0.03404	0.09207	0.03140	0.02369	0.02599	0.17947	0.00788	0.00522	0.00141	0.00430	0.05436	0.00423	0.38021
9	0.11183	0.08783	0.01183	0.01011	0.06127	0.08708	0.00730	0.01378	0.01468	0.02098	0.45291	0.03036	0.05018	0.00927	0.00582	0.00170	0.00430	0.00774	0.00499	0.00605
10	0.01307	0.17313	0.10188	0.01508	0.01758	0.01777	0.09112	0.01539	0.01020	0.01466	0.00833	0.01211	0.00757	0.00794	0.01303	0.00211	0.46494	0.00472	0.00252	0.00686
11	0.11001	0.01142	0.01353	0.07041	0.09203	0.01259	0.00977	0.06434	0.34445	0.10314	0.09142	0.02025	0.01739	0.00732	0.00561	0.00185	0.00493	0.00607	0.00519	0.00827
12	0.11903	0.01386	0.01402	0.05123	0.01594	0.09518	0.00968	0.32592	0.01797	0.02498	0.01505	0.16069	0.01402	0.00892	0.00702	0.00190	0.08571	0.00682	0.00459	0.00747
13	0.01838	0.01347	0.01462	0.01208	0.01596	0.01497	0.00969	0.30846	0.39093	0.10831	0.01948	0.01817	0.01409	0.00734	0.00577	0.00183	0.00525	0.00588	0.00592	0.00939
14	0.00951	0.00714	0.00832	0.00761	0.00903	0.00695	0.00515	0.01190	0.08510	0.01424	0.01747	0.06803	0.01830	0.44749	0.10054	0.00451	0.00612	0.00737	0.00374	0.16146
15	0.00789	0.00583	0.00742	0.00800	0.00902	0.00529	0.00566	0.00920	0.01128	0.01525	0.05110	0.50056	0.06742	0.09299	0.00915	0.00248	0.00381	0.08922	0.00495	0.09350
16	0.10572	0.01531	0.01730	0.01861	0.23365	0.09612	0.01189	0.29403	0.01823	0.03777	0.01152	0.01293	0.00885	0.00582	0.00527	0.00161	0.00645	0.00459	0.00414	0.09020

[dist]
# distance from previous block
# <min> <max>
10	20

[block]
# block no. 10 follows, 41 sequences, length 31
# corresponding to MSA columns:
# 495-525
name=unknown_K
#
# <colnr> <probs for GDERKNQSTAVLIFYWHMCP>
#	G	D	E	R	K	N	Q	S	T	A	V	L	I	F	Y	W	H	M	C	P
0	0.17475	0.04834	0.45215	0.01364	0.02040	0.01277	0.05111	0.01731	0.01164	0.01953	0.00978	0.01156	0.00728	0.00519	0.00490	0.00165	0.00705	0.00397	0.00280	0.12417
1	0.01218	0.02259	0.46096	0.11238	0.24406	0.01331	0.01946	0.01754	0.01228	0.01787	0.01040	0.01306	0.00782	0.00537	0.00554	0.00179	0.00787	0.00458	0.00255	0.00838
2	0.01152	0.00980	0.01149	0.00844	0.01318	0.00741	0.00667	0.01395	0.01180	0.01835	0.01168	0.06723	0.01055	0.00520	0.00445	0.00095	0.00417	0.00430	0.00352	0.77533
3	0.02010	0.01457	0.01583	0.01248	0.01655	0.01597	0.01016	0.64023	0.02476	0.05118	0.01604	0.10589	0.01314	0.00817	0.00591	0.00179	0.00591	0.00647	0.00571	0.00913
4	0.01099	0.00753	0.00830	0.00734	0.00878	0.00747	0.00498	0.11343	0.01192	0.01707	0.01659	0.02861	0.01684	0.47201	0.01903	0.00381	0.00505	0.00683	0.13101	0.10242
5	0.00820	0.00600	0.00854	0.00854	0.00934	0.00680	0.00634	0.00980	0.00900	0.01280	0.01592	0.02577	0.01573	0.20975	0.61142	0.00839	0.01316	0.00661	0.00315	0.00474
6	0.01186	0.01017	0.01186	0.00847	0.01356	0.00762	0.00678	0.01440	0.01186	0.01864	0.01017	0.01186	0.00847	0.00424	0.00424	0.00085	0.00424	0.00339	0.00339	0.83395
7	0.01066	0.00533	0.00533	0.00533	0.00666	0.00533	0.00400	0.01333	0.01200	0.02132	0.01866	0.02132	0.01466	0.00666	0.00400	0.00133	0.00267	0.00533	0.83073	0.00533
8	0.01786	0.01409	0.01498	0.01237	0.01626	0.01592	0.00993	0.37520	0.40225	0.02978	0.01867	0.01767	0.01373	0.00733	0.00577	0.00183	0.00538	0.00583	0.00577	0.00938
9	0.01416	0.01359	0.02322	0.03511	0.76330	0.01359	0.01755	0.01755	0.01302	0.01869	0.01076	0.01416	0.00906	0.00510	0.00566	0.00170	0.00680	0.00510	0.00283	0.00906
10	0.01066	0.00533	0.00533	0.00533	0.00666	0.00533	0.00400	0.01333	0.01200	0.02132	0.01866	0.02132	0.01466	0.00666	0.00400	0.00133	0.00267	0.00533	0.83073	0.00533
11	0.01901	0.02308	0.01747	0.01791	0.13198	0.55196	0.01226	0.02075	0.01467	0.01469	0.00895	0.01122	0.00765	0.00635	0.00715	0.00165	0.11935	0.00409	0.00287	0.00695
12	0.00787	0.00717	0.06107	0.00816	0.00959	0.00564	0.00647	0.01014	0.01374	0.01916	0.40677	0.35086	0.04401	0.01382	0.00688	0.00202	0.00336	0.01235	0.00562	0.00530
13	0.01518	0.01736	0.01216	0.01119	0.01359	0.40432	0.00842	0.01801	0.06779	0.01724	0.21170	0.02635	0.13603	0.00885	0.00586	0.00166	0.00680	0.00689	0.00438	0.00621
14	0.00832	0.00555	0.00624	0.00624	0.00624	0.00555	0.00347	0.00832	0.00832	0.01109	0.01802	0.03743	0.02080	0.79898	0.02911	0.00555	0.00555	0.00832	0.00347	0.00347
15	0.01206	0.01145	0.01943	0.50433	0.31048	0.01304	0.01651	0.01572	0.01203	0.01614	0.01039	0.01484	0.00816	0.00549	0.00570	0.00183	0.00731	0.00509	0.00265	0.00737
16	0.01258	0.02299	0.46168	0.02406	0.32930	0.01341	0.01966	0.01788	0.01247	0.01835	0.01047	0.01293	0.00799	0.00529	0.00553	0.00176	0.00777	0.00459	0.00259	0.00870
17	0.01305	0.02019	0.33088	0.02735	0.45876	0.01346	0.01903	0.01779	0.01263	0.01845	0.01056	0.01330	0.00831	0.00524	0.00557	0.00175	0.00748	0.00474	0.00266	0.00881
18	0.01211	0.01148	0.01817	0.07811	0.40219	0.01259	0.01381	0.01474	0.01179	0.01657	0.01706	0.02029	0.11492	0.01025	0.06595	0.00246	0.16084	0.00614	0.00311	0.00743
19	0.01361	0.01273	0.01743	0.10545	0.01827	0.01698	0.01268	0.11672	0.01163	0.01700	0.00870	0.01301	0.00783	0.00906	0.01540	0.00232	0.58642	0.00504	0.00296	0.00676
20	0.00697	0.00498	0.00664	0.00796	0.00830	0.00465	0.00531	0.00796	0.01095	0.01460	0.03153	0.79525	0.03783	0.01792	0.00730	0.00232	0.00332	0.01626	0.00531	0.00465
21	0.01216	0.01210	0.01848	0.01526	0.01608	0.01568	0.11424	0.01377	0.00938	0.01409	0.00932	0.01586	0.00924	0.10218	0.01830	0.00278	0.58665	0.00564	0.00267	0.00613
22	0.01242	0.01256	0.01850	0.52910	0.03306	0.10228	0.11674	0.01601	0.01233	0.01557	0.01084	0.01515	0.00827	0.00568	0.00567	0.00182	0.00786	0.00517	0.06448	0.00650
23	0.01251	0.01251	0.01752	0.01502	0.01502	0.01752	0.01251	0.01377	0.00876	0.01377	0.00751	0.01251	0.00751	0.01001	0.01877	0.00250	0.78851	0.00501	0.00250	0.00626
24	0.00890	0.00636	0.00885	0.01017	0.01135	0.00631	0.00867	0.01130	0.01286	0.01676	0.03046	0.16741	0.03361	0.01610	0.00782	0.00259	0.00499	0.62503	0.00527	0.00518
25	0.01088	0.01173	0.12005	0.01802	0.21772	0.00943	0.01316	0.01428	0.01297	0.01768	0.02216	0.04346	0.02283	0.01143	0.00695	0.00226	0.00613	0.42791	0.00420	0.00675
26	0.01186	0.00895	0.01179	0.01058	0.01262	0.00991	0.03162	0.20948	0.01439	0.01981	0.01705	0.12868	0.01619	0.02837	0.43396	0.00596	0.01100	0.00731	0.00410	0.00638
27	0.01251	0.01251	0.01752	0.01502	0.01502	0.01752	0.01251	0.01377	0.00876	0.01377	0.00751	0.01251	0.00751	0.01001	0.01877	0.00250	0.78851	0.00501	0.00250	0.00626
28	0.01092	0.00929	0.00940	0.00938	0.01077	0.09743	0.00678	0.11382	0.01462	0.01883	0.13843	0.47704	0.03277	0.01399	0.00674	0.00206	0.00447	0.01231	0.00524	0.00571
29	0.01499	0.74127	0.08847	0.01030	0.01548	0.02189	0.01068	0.01721	0.01166	0.01383	0.00814	0.00940	0.00733	0.00494	0.00381	0.00127	0.00630	0.00315	0.00244	0.00743
30	0.43964	0.01034	0.01011	0.06316	0.01366	0.01101	0.00722	0.06926	0.01173	0.02272	0.01230	0.12122	0.01146	0.00702	0.00452	0.00167	0.00460	0.00530	0.00385	0.16921

[dist]
# distance from previous block
# <min> <max>
2	7

[block]
# block no. 11 follows, 41 sequences, length 28
# corresponding to MSA columns:
# 533-560
name=unknown_L
#
# <colnr> <probs for GDERKNQSTAVLIFYWHMCP>
#	G	D	E	R	K	N	Q	S	T	A	V	L	I	F	Y	W	H	M	C	P
0	0.01609	0.01813	0.01343	0.01265	0.01486	0.40693	0.00970	0.01752	0.01447	0.01533	0.02068	0.02694	0.12740	0.01395	0.10421	0.00289	0.05666	0.09787	0.00389	0.00640
1	0.01329	0.00989	0.01148	0.00963	0.01242	0.00967	0.00749	0.21766	0.01911	0.02677	0.44693	0.03146	0.03601	0.00988	0.00649	0.00181	0.00422	0.00821	0.00602	0.11156
2	0.01444	0.01070	0.01261	0.00927	0.01429	0.00822	0.00735	0.01668	0.01296	0.11381	0.01258	0.01400	0.00999	0.00518	0.00480	0.00113	0.00461	0.00398	0.00414	0.71925
3	0.01399	0.01246	0.01935	0.46744	0.23870	0.01403	0.01595	0.10933	0.01439	0.01930	0.01164	0.01588	0.00911	0.00625	0.00606	0.00198	0.00747	0.00536	0.00333	0.00798
4	0.01186	0.01017	0.01186	0.00847	0.01356	0.00762	0.00678	0.01440	0.01186	0.01864	0.01017	0.01186	0.00847	0.00424	0.00424	0.00085	0.00424	0.00339	0.00339	0.83395
5	0.00824	0.00586	0.00781	0.00781	0.00836	0.00640	0.00543	0.00933	0.00878	0.01226	0.01658	0.02946	0.01734	0.39633	0.42703	0.00749	0.01075	0.00715	0.00325	0.00434
6	0.01683	0.00789	0.00978	0.00813	0.01139	0.00673	0.00651	0.01868	0.01481	0.41582	0.03910	0.03610	0.36327	0.01054	0.00622	0.00185	0.00395	0.00871	0.00625	0.00744
7	0.01066	0.00533	0.00533	0.00533	0.00666	0.00533	0.00400	0.01333	0.01200	0.02132	0.01866	0.02132	0.01466	0.00666	0.00400	0.00133	0.00267	0.00533	0.83073	0.00533
8	0.01115	0.01084	0.01928	0.68788	0.03818	0.01293	0.10882	0.01509	0.01170	0.01509	0.01035	0.01527	0.00776	0.00560	0.00585	0.00191	0.00788	0.00530	0.00259	0.00653
9	0.01147	0.02959	0.76934	0.01630	0.02476	0.01328	0.02113	0.01811	0.01208	0.01811	0.01026	0.01208	0.00725	0.00543	0.00543	0.00181	0.00845	0.00423	0.00242	0.00845
10	0.01066	0.00533	0.00533	0.00533	0.00666	0.00533	0.00400	0.01333	0.01200	0.02132	0.01866	0.02132	0.01466	0.00666	0.00400	0.00133	0.00267	0.00533	0.83073	0.00533
11	0.83938	0.01106	0.00841	0.00752	0.01106	0.01283	0.00619	0.01681	0.00973	0.02566	0.00796	0.00929	0.00619	0.00531	0.00354	0.00177	0.00442	0.00310	0.00354	0.00619
12	0.01186	0.01170	0.02050	0.47591	0.12613	0.01370	0.12661	0.01544	0.01161	0.01559	0.01012	0.01479	0.00795	0.00605	0.00754	0.00196	0.10770	0.00533	0.00263	0.00689
13	0.01443	0.01138	0.01197	0.01042	0.01354	0.01265	0.00820	0.17776	0.40991	0.02510	0.02509	0.02403	0.11055	0.00829	0.00569	0.00181	0.00446	0.00676	0.10978	0.00819
14	0.00832	0.00555	0.00624	0.00624	0.00624	0.00555	0.00347	0.00832	0.00832	0.01109	0.01802	0.03743	0.02080	0.79898	0.02911	0.00555	0.00555	0.00832	0.00347	0.00347
15	0.01123	0.01060	0.01792	0.69062	0.13070	0.01282	0.01610	0.01499	0.01164	0.01513	0.01024	0.01511	0.00781	0.00564	0.00571	0.00188	0.00752	0.00508	0.00258	0.00670
16	0.01430	0.48416	0.12559	0.01461	0.02021	0.01916	0.21553	0.01759	0.01220	0.01541	0.00926	0.01129	0.00770	0.00494	0.00475	0.00150	0.00740	0.00424	0.00257	0.00759
17	0.01502	0.01223	0.01652	0.42401	0.02870	0.01426	0.01320	0.31095	0.01769	0.02333	0.01291	0.06202	0.01032	0.00693	0.00582	0.00185	0.00682	0.00579	0.00400	0.00762
18	0.08243	0.02202	0.01478	0.01315	0.01614	0.51567	0.00996	0.11400	0.06124	0.01809	0.01098	0.01341	0.00922	0.06663	0.00698	0.00187	0.00864	0.00435	0.00356	0.00690
19	0.02004	0.01489	0.01604	0.01265	0.01680	0.01647	0.01031	0.63353	0.08110	0.03349	0.01582	0.07397	0.01246	0.00778	0.00585	0.00178	0.00593	0.00610	0.00570	0.00929
20	0.00697	0.00498	0.00664	0.00796	0.00830	0.00465	0.00531	0.00796	0.01095	0.01460	0.03153	0.79525	0.03783	0.01792	0.00730	0.00232	0.00332	0.01626	0.00531	0.00465
21	0.00731	0.00584	0.00805	0.00834	0.00945	0.00529	0.04983	0.00866	0.01169	0.01506	0.03768	0.54150	0.23767	0.01617	0.00712	0.00219	0.00359	0.01452	0.00516	0.00488
22	0.01384	0.17657	0.17697	0.02614	0.46089	0.01536	0.01671	0.01758	0.01255	0.01751	0.01009	0.01272	0.00834	0.00512	0.00521	0.00163	0.00700	0.00451	0.00267	0.00859
23	0.01251	0.01251	0.01752	0.01502	0.01502	0.01752	0.01251	0.01377	0.00876	0.01377	0.00751	0.01251	0.00751	0.01001	0.01877	0.00250	0.78851	0.00501	0.00250	0.00626
24	0.00922	0.00658	0.00922	0.01053	0.01185	0.00658	0.00922	0.01185	0.01317	0.01712	0.03029	0.06452	0.03292	0.01580	0.00790	0.00263	0.00527	0.72480	0.00527	0.00527
25	0.01336	0.00915	0.00992	0.00841	0.01140	0.00889	0.00668	0.21593	0.01733	0.11735	0.04109	0.03898	0.45601	0.01141	0.00634	0.00185	0.00410	0.00933	0.00565	0.00682
26	0.00787	0.00662	0.00693	0.00671	0.00873	0.00609	0.00507	0.01134	0.10676	0.01748	0.14340	0.04922	0.57678	0.01328	0.00664	0.00192	0.00308	0.01114	0.00550	0.00543
27	0.01251	0.01251	0.01752	0.01502	0.01502	0.01752	0.01251	0.01377	0.00876	0.01377	0.00751	0.01251	0.00751	0.01001	0.01877	0.00250	0.78851	0.00501	0.00250	0.00626

[dist]
# distance from previous block
# <min> <max>
4	7

[block]
# block no. 12 follows, 41 sequences, length 14
# corresponding to MSA columns:
# 568-581
name=unknown_M
#
# <colnr> <probs for GDERKNQSTAVLIFYWHMCP>
#	G	D	E	R	K	N	Q	S	T	A	V	L	I	F	Y	W	H	M	C	P
0	0.01210	0.00931	0.01120	0.01116	0.01340	0.01006	0.00936	0.10295	0.22436	0.02127	0.02636	0.04633	0.02582	0.01248	0.00706	0.00233	0.00518	0.43695	0.00548	0.00686
1	0.01215	0.16714	0.63775	0.01514	0.02296	0.01495	0.01911	0.01794	0.01200	0.01729	0.00985	0.01156	0.00726	0.00534	0.00512	0.00171	0.00804	0.00402	0.00242	0.00826
2	0.01147	0.02959	0.76934	0.01630	0.02476	0.01328	0.02113	0.01811	0.01208	0.01811	0.01026	0.01208	0.00725	0.00543	0.00543	0.00181	0.00845	0.00423	0.00242	0.00845
3	0.00733	0.00866	0.09772	0.00706	0.00978	0.00585	0.00637	0.00940	0.01292	0.01577	0.05220	0.04987	0.67023	0.01340	0.00660	0.00192	0.00357	0.01113	0.00496	0.00527
4	0.01425	0.01481	0.01982	0.29694	0.37442	0.14897	0.01581	0.01745	0.01303	0.01641	0.01021	0.01386	0.00825	0.00546	0.00559	0.00173	0.00772	0.00484	0.00275	0.00767
5	0.20339	0.11255	0.28118	0.01151	0.01668	0.01342	0.01232	0.10151	0.01395	0.02225	0.14335	0.01673	0.01562	0.00662	0.00505	0.00172	0.00597	0.00502	0.00376	0.00740
6	0.00792	0.00563	0.00739	0.00794	0.00876	0.00536	0.00580	0.00967	0.01281	0.01747	0.27953	0.31225	0.04036	0.11320	0.00995	0.00260	0.00373	0.13934	0.00541	0.00487
7	0.01717	0.01643	0.01773	0.02039	0.28036	0.18346	0.01249	0.23792	0.01794	0.02252	0.01691	0.01810	0.09942	0.00694	0.00570	0.00168	0.00696	0.00564	0.00403	0.00821
8	0.01380	0.43016	0.29078	0.01526	0.11198	0.01819	0.01477	0.01753	0.01196	0.01576	0.00912	0.01083	0.00752	0.00511	0.00454	0.00149	0.00703	0.00373	0.00248	0.00795
9	0.01035	0.00897	0.01270	0.09665	0.19207	0.00935	0.00988	0.01497	0.14382	0.01734	0.02618	0.29709	0.11473	0.01135	0.00641	0.00201	0.00476	0.01016	0.00452	0.00668
10	0.01535	0.11544	0.02654	0.02442	0.27732	0.15073	0.27198	0.01871	0.01358	0.01707	0.01035	0.01330	0.00841	0.00512	0.00571	0.00168	0.00834	0.00518	0.00283	0.00794
11	0.01380	0.29178	0.02366	0.02265	0.40388	0.01576	0.01328	0.01656	0.01292	0.01737	0.10361	0.01597	0.01407	0.00585	0.00509	0.00154	0.00604	0.00503	0.00313	0.00799
12	0.01400	0.10466	0.46763	0.01346	0.01999	0.01248	0.01583	0.01889	0.01328	0.15152	0.10013	0.01668	0.01396	0.00640	0.00546	0.00174	0.00689	0.00509	0.00370	0.00821
13	0.55678	0.28244	0.01580	0.00830	0.01230	0.01619	0.00743	0.01692	0.01038	0.02148	0.00796	0.00925	0.00659	0.00517	0.00358	0.00158	0.00501	0.00308	0.00316	0.00659

[dist]
# distance from previous block
# <min> <max>
1	3

[block]
# block no. 13 follows, 41 sequences, length 25
# corresponding to MSA columns:
# 585-609
name=unknown_N
#
# <colnr> <probs for GDERKNQSTAVLIFYWHMCP>
#	G	D	E	R	K	N	Q	S	T	A	V	L	I	F	Y	W	H	M	C	P
0	0.01332	0.01009	0.01618	0.45073	0.15924	0.01134	0.01366	0.01670	0.01244	0.11486	0.01300	0.01640	0.00964	0.00591	0.00549	0.00178	0.00648	0.00521	0.11040	0.00714
1	0.00704	0.00501	0.00662	0.00788	0.00819	0.00469	0.00522	0.00798	0.01082	0.01442	0.03084	0.75694	0.03697	0.05740	0.00840	0.00249	0.00343	0.01586	0.00522	0.00459
2	0.01297	0.01284	0.02544	0.01884	0.02304	0.01207	0.50695	0.01639	0.01285	0.01814	0.01440	0.02111	0.01233	0.14528	0.01064	0.00263	0.00821	0.00707	0.11178	0.00704
3	0.01145	0.00593	0.00594	0.00590	0.00730	0.00582	0.00437	0.01387	0.01248	0.02198	0.01933	0.02229	0.01532	0.00717	0.00435	0.00148	0.00296	0.00557	0.82076	0.00574
4	0.01263	0.01070	0.01239	0.00901	0.01411	0.00808	0.00712	0.01493	0.01234	0.01933	0.01094	0.01294	0.00921	0.00477	0.00458	0.00100	0.00451	0.00366	0.00365	0.82410
5	0.01425	0.01590	0.03401	0.02445	0.03024	0.01484	0.73376	0.01881	0.01396	0.01901	0.01233	0.01646	0.00941	0.00535	0.00706	0.00207	0.00985	0.00698	0.00316	0.00810
6	0.01066	0.00533	0.00533	0.00533	0.00666	0.00533	0.00400	0.01333	0.01200	0.02132	0.01866	0.02132	0.01466	0.00666	0.00400	0.00133	0.00267	0.00533	0.83073	0.00533
7	0.00938	0.00729	0.00900	0.00776	0.01015	0.00643	0.00594	0.01275	0.05409	0.02190	0.53070	0.03375	0.04048	0.00959	0.00606	0.00156	0.00319	0.00837	0.00553	0.21609
8	0.00832	0.00555	0.00624	0.00624	0.00624	0.00555	0.00347	0.00832	0.00832	0.01109	0.01802	0.03743	0.02080	0.79898	0.02911	0.00555	0.00555	0.00832	0.00347	0.00347
9	0.68713	0.01136	0.01169	0.00968	0.01340	0.01265	0.10267	0.01669	0.01057	0.02456	0.04825	0.01187	0.00905	0.00558	0.00413	0.00179	0.00502	0.00396	0.00360	0.00635
10	0.01423	0.01229	0.01293	0.01164	0.01487	0.01423	0.00905	0.03039	0.75297	0.02393	0.02328	0.02134	0.01746	0.00776	0.00582	0.00194	0.00453	0.00647	0.00582	0.00905
11	0.02046	0.02468	0.01719	0.01726	0.11421	0.62240	0.01188	0.07440	0.01657	0.01620	0.00944	0.01106	0.00776	0.00586	0.00526	0.00152	0.00957	0.00397	0.00313	0.00717
12	0.01066	0.00533	0.00533	0.00533	0.00666	0.00533	0.00400	0.01333	0.01200	0.02132	0.01866	0.02132	0.01466	0.00666	0.00400	0.00133	0.00267	0.00533	0.83073	0.00533
13	0.01208	0.01086	0.01473	0.01052	0.01570	0.00852	0.10322	0.01492	0.01208	0.01860	0.01035	0.01233	0.00850	0.00431	0.00457	0.00099	0.00494	0.00383	0.00332	0.72564
14	0.01593	0.07393	0.02206	0.02850	0.53419	0.19308	0.01547	0.01876	0.01367	0.01721	0.01011	0.01289	0.00854	0.00527	0.00540	0.00161	0.00757	0.00462	0.00283	0.00837
15	0.01477	0.01256	0.01324	0.01175	0.01508	0.01448	0.00919	0.08209	0.70038	0.02481	0.02259	0.02079	0.01690	0.00770	0.00581	0.00192	0.00465	0.00637	0.00581	0.00910
16	0.00832	0.00555	0.00624	0.00624	0.00624	0.00555	0.00347	0.00832	0.00832	0.01109	0.01802	0.03743	0.02080	0.79898	0.02911	0.00555	0.00555	0.00832	0.00347	0.00347
17	0.00792	0.00584	0.00741	0.00701	0.00844	0.00532	0.00526	0.01046	0.01578	0.02197	0.66936	0.04432	0.14549	0.01206	0.00675	0.00182	0.00272	0.01057	0.00617	0.00532
18	0.01324	0.01451	0.03022	0.12408	0.12726	0.01412	0.55343	0.01774	0.01317	0.01789	0.01128	0.01524	0.00859	0.00497	0.00647	0.00190	0.00901	0.00632	0.00284	0.00771
19	0.01227	0.01158	0.01594	0.01376	0.01394	0.01594	0.01141	0.01371	0.00918	0.01474	0.00895	0.01365	0.00843	0.00958	0.01686	0.00235	0.68678	0.00505	0.10972	0.00614
20	0.13100	0.00991	0.01264	0.00983	0.01414	0.00898	0.00812	0.02644	0.01551	0.67126	0.02068	0.01815	0.01313	0.00685	0.00547	0.00177	0.00481	0.00541	0.00662	0.00928
21	0.01321	0.01246	0.02104	0.03155	0.66433	0.01242	0.01595	0.01630	0.01275	0.01815	0.01348	0.11655	0.01283	0.00678	0.00588	0.00178	0.00634	0.00656	0.00316	0.00848
22	0.01423	0.01229	0.01293	0.01164	0.01487	0.01423	0.00905	0.03039	0.75297	0.02393	0.02328	0.02134	0.01746	0.00776	0.00582	0.00194	0.00453	0.00647	0.00582	0.00905
23	0.01366	0.01442	0.01735	0.01498	0.01536	0.11571	0.01232	0.01494	0.00972	0.01380	0.00768	0.01223	0.00749	0.00948	0.01701	0.00237	0.68777	0.00483	0.00256	0.00631
24	0.01282	0.02781	0.67075	0.01589	0.02384	0.01387	0.01979	0.11330	0.01402	0.02047	0.01072	0.01229	0.00757	0.00562	0.00547	0.00180	0.00817	0.00435	0.00285	0.00862

[dist]
# distance from previous block
# <min> <max>
4	5

[block]
# block no. 14 follows, 41 sequences, length 9
# corresponding to MSA columns:
# 615-623
name=unknown_O
#
# <colnr> <probs for GDERKNQSTAVLIFYWHMCP>
#	G	D	E	R	K	N	Q	S	T	A	V	L	I	F	Y	W	H	M	C	P
0	0.00823	0.00589	0.00798	0.00798	0.00859	0.00649	0.00564	0.00944	0.00883	0.01238	0.01643	0.02860	0.01696	0.35259	0.47026	0.00770	0.01132	0.00703	0.00323	0.00443
1	0.01151	0.00812	0.01160	0.14781	0.19085	0.00856	0.00926	0.01455	0.01214	0.01954	0.01532	0.01858	0.01212	0.00613	0.00469	0.00152	0.00450	0.00523	0.49158	0.00639
2	0.01028	0.00537	0.00548	0.00548	0.00659	0.00537	0.00391	0.01250	0.01139	0.01964	0.01855	0.02398	0.01567	0.13746	0.00814	0.00203	0.00314	0.00582	0.69417	0.00502
3	0.01261	0.25881	0.55004	0.01437	0.02177	0.01606	0.01777	0.01782	0.01194	0.01673	0.00958	0.01122	0.00727	0.00527	0.00491	0.00164	0.00776	0.00388	0.00242	0.00812
4	0.01320	0.15062	0.34168	0.02293	0.32560	0.01495	0.01779	0.01772	0.01239	0.01758	0.01009	0.01245	0.00800	0.00521	0.00524	0.00167	0.00739	0.00439	0.00259	0.00852
5	0.01066	0.00533	0.00533	0.00533	0.00666	0.00533	0.00400	0.01333	0.01200	0.02132	0.01866	0.02132	0.01466	0.00666	0.00400	0.00133	0.00267	0.00533	0.83073	0.00533
6	0.01920	0.01995	0.01750	0.01662	0.10151	0.33975	0.01197	0.23471	0.01779	0.02103	0.01029	0.01213	0.00828	0.00677	0.00763	0.00174	0.13719	0.00450	0.00368	0.00776
7	0.00899	0.00677	0.00846	0.00805	0.00818	0.00772	0.00541	0.00945	0.00850	0.01180	0.01595	0.03148	0.01780	0.57579	0.11926	0.00549	0.13600	0.00750	0.00326	0.00413
8	0.01006	0.00832	0.01251	0.24082	0.02038	0.00964	0.01157	0.01289	0.01216	0.01600	0.02174	0.04403	0.02255	0.01216	0.00848	0.00240	0.09447	0.43000	0.00415	0.00570

[dist]
# distance from previous block
# <min> <max>
19	48

[block]
# block no. 15 follows, 41 sequences, length 31
# corresponding to MSA columns:
# 672-702
name=unknown_P
#
# <colnr> <probs for GDERKNQSTAVLIFYWHMCP>
#	G	D	E	R	K	N	Q	S	T	A	V	L	I	F	Y	W	H	M	C	P
0	0.01418	0.21312	0.09987	0.02408	0.41227	0.01590	0.01497	0.01901	0.09927	0.01793	0.01147	0.01354	0.00943	0.00539	0.00516	0.00162	0.00653	0.00466	0.00304	0.00857
1	0.01948	0.01730	0.10441	0.01312	0.01771	0.08519	0.01162	0.41137	0.02066	0.10364	0.01307	0.01358	0.00942	0.00664	0.00642	0.00170	0.06021	0.00482	0.00481	0.07483
2	0.16045	0.17808	0.08467	0.01045	0.01517	0.01341	0.00967	0.07523	0.03423	0.34207	0.01528	0.01454	0.01051	0.00617	0.00491	0.00166	0.00547	0.00457	0.00495	0.00850
