[name]
unknown

[dist]
# distance from previous block
# <min> <max>
32	191

[block]
# block no. 0 follows, 41 sequences, length 30
# corresponding to MSA columns:
# 229-258
name=unknown_A
#
# <colnr> <probs for GDERKNQSTAVLIFYWHMCP>
#	G	D	E	R	K	N	Q	S	T	A	V	L	I	F	Y	W	H	M	C	P
0	0.01416	0.01359	0.02322	0.03511	0.76330	0.01359	0.01755	0.01755	0.01302	0.01869	0.01076	0.01416	0.00906	0.00510	0.00566	0.00170	0.00680	0.00510	0.00283	0.00906
1	0.00711	0.00582	0.00625	0.00620	0.00796	0.00498	0.00462	0.00879	0.01367	0.01707	0.20661	0.07566	0.58727	0.01403	0.00679	0.00192	0.00289	0.01185	0.00554	0.00497
2	0.00837	0.00558	0.00628	0.00628	0.00628	0.00558	0.00349	0.00836	0.00835	0.01114	0.01807	0.03748	0.02083	0.79837	0.02912	0.00555	0.00556	0.00833	0.00348	0.00349
3	0.02179	0.01605	0.01720	0.01319	0.01777	0.01776	0.01089	0.74367	0.02691	0.03608	0.01378	0.01380	0.00977	0.00690	0.00574	0.00173	0.00631	0.00517	0.00574	0.00975
4	0.01355	0.01546	0.03377	0.02413	0.02992	0.01449	0.74195	0.01835	0.01353	0.01837	0.01162	0.01550	0.00873	0.00486	0.00677	0.00194	0.00966	0.00677	0.00291	0.00774
5	0.01152	0.02961	0.76876	0.01633	0.02478	0.01331	0.02114	0.01815	0.01211	0.01816	0.01032	0.01215	0.00730	0.00547	0.00546	0.00182	0.00847	0.00424	0.00243	0.00848
6	0.00822	0.00617	0.00923	0.00923	0.01025	0.00718	0.00717	0.01025	0.00923	0.01333	0.01537	0.02253	0.01434	0.04290	0.77571	0.00920	0.01533	0.00614	0.00308	0.00513
7	0.00689	0.00584	0.00594	0.00591	0.00781	0.00489	0.00443	0.00840	0.01325	0.01593	0.09827	0.05438	0.71984	0.01435	0.00678	0.00193	0.00290	0.01198	0.00538	0.00489
8	0.02141	0.02728	0.01624	0.01477	0.01772	0.77542	0.01107	0.02287	0.01624	0.01405	0.00889	0.01039	0.00742	0.00593	0.00518	0.00148	0.01033	0.00370	0.00296	0.00666
9	0.00715	0.00511	0.00682	0.00815	0.00854	0.00479	0.00556	0.00823	0.01111	0.01479	0.03149	0.75274	0.03757	0.01782	0.00736	0.00235	0.00345	0.05693	0.00532	0.00471
10	0.00702	0.00502	0.00668	0.00800	0.00834	0.00468	0.00533	0.00800	0.01098	0.01465	0.03156	0.79468	0.03786	0.01794	0.00732	0.00233	0.00334	0.01627	0.00533	0.00467
11	0.00702	0.00502	0.00668	0.00800	0.00834	0.00468	0.00533	0.00800	0.01098	0.01465	0.03156	0.79468	0.03786	0.01794	0.00732	0.00233	0.00334	0.01627	0.00533	0.00467
12	0.02179	0.01605	0.01720	0.01319	0.01777	0.01776	0.01089	0.74367	0.02691	0.03608	0.01378	0.01380	0.00977	0.00690	0.00574	0.00173	0.00631	0.00517	0.00574	0.00975
13	0.00914	0.00654	0.00907	0.01018	0.01150	0.00648	0.00879	0.01176	0.01355	0.01785	0.11580	0.06200	0.03541	0.01535	0.00779	0.00254	0.00498	0.64058	0.00540	0.00531
14	0.00822	0.00617	0.00923	0.00923	0.01025	0.00718	0.00717	0.01025	0.00923	0.01333	0.01537	0.02253	0.01434	0.04290	0.77571	0.00920	0.01533	0.00614	0.00308	0.00513
15	0.00837	0.00558	0.00628	0.00628	0.00628	0.00558	0.00349	0.00836	0.00835	0.01114	0.01807	0.03748	0.02083	0.79837	0.02912	0.00555	0.00556	0.00833	0.00348	0.00349
16	0.00837	0.00558	0.00628	0.00628	0.00628	0.00558	0.00349	0.00836	0.00835	0.01114	0.01807	0.03748	0.02083	0.79837	0.02912	0.00555	0.00556	0.00833	0.00348	0.00349
17	0.04507	0.00611	0.00757	0.00714	0.00863	0.00571	0.00537	0.01090	0.01568	0.02251	0.67064	0.04226	0.10780	0.01166	0.00663	0.00182	0.00281	0.01017	0.00611	0.00541
18	0.00702	0.00502	0.00668	0.00800	0.00834	0.00468	0.00533	0.00800	0.01098	0.01465	0.03156	0.79468	0.03786	0.01794	0.00732	0.00233	0.00334	0.01627	0.00533	0.00467
19	0.83876	0.01110	0.00844	0.00756	0.01110	0.01286	0.00622	0.01685	0.00977	0.02570	0.00802	0.00936	0.00624	0.00534	0.00356	0.00178	0.00444	0.00312	0.00356	0.00622
20	0.00704	0.00584	0.00615	0.00607	0.00791	0.00496	0.00455	0.00869	0.01361	0.01678	0.17764	0.05298	0.63994	0.01404	0.00678	0.00192	0.00288	0.01179	0.00550	0.00495
21	0.00702	0.00502	0.00668	0.00800	0.00834	0.00468	0.00533	0.00800	0.01098	0.01465	0.03156	0.79468	0.03786	0.01794	0.00732	0.00233	0.00334	0.01627	0.00533	0.00467
22	0.02570	0.00977	0.01331	0.01021	0.01464	0.00844	0.00843	0.02790	0.01640	0.76670	0.02261	0.01953	0.01420	0.00711	0.00577	0.00178	0.00488	0.00577	0.00709	0.00976
23	0.00702	0.00502	0.00668	0.00800	0.00834	0.00468	0.00533	0.00800	0.01098	0.01465	0.03156	0.79468	0.03786	0.01794	0.00732	0.00233	0.00334	0.01627	0.00533	0.00467
24	0.02230	0.01523	0.01669	0.01280	0.01736	0.01654	0.01057	0.65018	0.02554	0.13150	0.01493	0.01455	0.01035	0.00693	0.00575	0.00173	0.00612	0.00524	0.00591	0.00975
25	0.01256	0.01255	0.01755	0.01505	0.01505	0.01754	0.01253	0.01380	0.00879	0.01381	0.00756	0.01258	0.00756	0.01004	0.01878	0.00251	0.78789	0.00502	0.00252	0.00628
26	0.01428	0.01232	0.01297	0.01167	0.01491	0.01425	0.00907	0.03042	0.75240	0.02397	0.02332	0.02140	0.01750	0.00779	0.00584	0.00195	0.00454	0.00648	0.00584	0.00908
27	0.00725	0.00594	0.00646	0.00674	0.00851	0.00516	0.00526	0.00887	0.01301	0.01576	0.05212	0.08513	0.60564	0.01487	0.00700	0.00208	0.00335	0.13660	0.00532	0.00493
28	0.02181	0.01626	0.01793	0.08543	0.02057	0.01783	0.01181	0.66252	0.02595	0.03485	0.01462	0.01563	0.01073	0.00760	0.00627	0.00197	0.00683	0.00555	0.00582	0.01001
29	0.01370	0.05398	0.01387	0.00968	0.01469	0.03935	0.00767	0.01577	0.01282	0.01933	0.01129	0.01345	0.00960	0.00523	0.00482	0.00115	0.00503	0.00383	0.00376	0.74100

[dist]
# distance from previous block
# <min> <max>
0	1

[block]
# block no. 1 follows, 41 sequences, length 10
# corresponding to MSA columns:
# 260-269
name=unknown_B
#
# <colnr> <probs for GDERKNQSTAVLIFYWHMCP>
#	G	D	E	R	K	N	Q	S	T	A	V	L	I	F	Y	W	H	M	C	P
0	0.00978	0.00797	0.01139	0.12053	0.01594	0.00904	0.01031	0.01227	0.01222	0.01611	0.02593	0.04862	0.08018	0.01336	0.00922	0.00246	0.12905	0.45562	0.00445	0.00554
1	0.14856	0.01798	0.01347	0.01149	0.01501	0.33566	0.00895	0.12321	0.01577	0.06067	0.01111	0.01223	0.00862	0.00583	0.00479	0.00147	0.00705	0.00400	0.06995	0.12416
2	0.01468	0.01376	0.01953	0.30320	0.32590	0.07137	0.01540	0.13158	0.01488	0.01959	0.01087	0.01420	0.00852	0.00566	0.00565	0.00176	0.00728	0.00499	0.00319	0.00800
3	0.01029	0.00607	0.00743	0.00725	0.00841	0.00562	0.00498	0.01145	0.01183	0.12135	0.12624	0.21417	0.12396	0.27750	0.01419	0.00318	0.00413	0.01049	0.02634	0.00511
4	0.00879	0.00656	0.00808	0.00787	0.00792	0.00731	0.00515	0.00913	0.00876	0.01201	0.01827	0.14076	0.02111	0.56391	0.02439	0.00461	0.12881	0.00892	0.00357	0.00407
5	0.01186	0.01017	0.01186	0.00847	0.01356	0.00762	0.00678	0.01440	0.01186	0.01864	0.01017	0.01186	0.00847	0.00424	0.00424	0.00085	0.00424	0.00339	0.00339	0.83395
6	0.02061	0.06142	0.04428	0.00944	0.01334	0.00882	0.00812	0.02309	0.01524	0.51083	0.09019	0.02095	0.01725	0.00724	0.00545	0.00168	0.00458	0.00589	0.12308	0.00849
7	0.01919	0.01868	0.01515	0.01278	0.01617	0.31190	0.01002	0.32269	0.04540	0.02496	0.12998	0.01723	0.01605	0.00728	0.00567	0.00164	0.00724	0.00544	0.00473	0.00781
8	0.01075	0.00782	0.00877	0.00776	0.00933	0.00765	0.00530	0.12530	0.01222	0.01661	0.01946	0.09164	0.05841	0.45687	0.01895	0.00382	0.00516	0.00796	0.00406	0.12216
9	0.01330	0.01102	0.01263	0.00915	0.01416	0.00910	0.00737	0.12052	0.01405	0.02117	0.01069	0.01213	0.00865	0.00462	0.00445	0.00097	0.00454	0.00364	0.00373	0.71410

[dist]
# distance from previous block
# <min> <max>
0	7

[block]
# block no. 2 follows, 41 sequences, length 16
# corresponding to MSA columns:
# 277-292
name=unknown_C
#
# <colnr> <probs for GDERKNQSTAVLIFYWHMCP>
#	G	D	E	R	K	N	Q	S	T	A	V	L	I	F	Y	W	H	M	C	P
0	0.00928	0.00723	0.00860	0.00917	0.01035	0.00750	0.00648	0.01447	0.21989	0.01746	0.02937	0.57470	0.03222	0.01518	0.00698	0.00226	0.00375	0.01354	0.00553	0.00602
1	0.00756	0.00542	0.00711	0.00792	0.00857	0.00502	0.00545	0.00896	0.01258	0.01719	0.23674	0.58072	0.04249	0.01629	0.00724	0.00222	0.00324	0.01463	0.00566	0.00499
2	0.01151	0.00802	0.00881	0.00793	0.00895	0.00836	0.00520	0.16897	0.01254	0.01679	0.01731	0.03251	0.01857	0.62326	0.02402	0.00474	0.00579	0.00769	0.00404	0.00497
3	0.01510	0.01131	0.01188	0.01036	0.01336	0.01261	0.00813	0.18135	0.38335	0.02604	0.02010	0.01999	0.01519	0.00742	0.00539	0.00177	0.00448	0.00593	0.23798	0.00827
4	0.01292	0.01295	0.02290	0.01641	0.02185	0.01117	0.37225	0.01652	0.01283	0.01870	0.01112	0.01398	0.00881	0.00470	0.00560	0.00143	0.00701	0.00514	0.00323	0.42047
5	0.65796	0.01476	0.01029	0.00927	0.01269	0.17937	0.00737	0.01829	0.01131	0.02331	0.00842	0.00987	0.00670	0.00561	0.00401	0.00175	0.00580	0.00331	0.00349	0.00642
6	0.25201	0.01478	0.01485	0.01173	0.01602	0.01646	0.00965	0.53680	0.02216	0.03328	0.01235	0.01282	0.00897	0.00659	0.00521	0.00178	0.00585	0.00465	0.00518	0.00885
7	0.39784	0.01267	0.03784	0.22804	0.02113	0.01401	0.01054	0.17501	0.01420	0.02477	0.01018	0.01239	0.00765	0.00594	0.00481	0.00184	0.00595	0.00423	0.00378	0.00721
8	0.01162	0.01998	0.38967	0.23109	0.02657	0.01201	0.01658	0.01648	0.01200	0.01747	0.01047	0.01327	0.00786	0.00542	0.00536	0.00167	0.00737	0.00437	0.00275	0.18798
9	0.25161	0.02039	0.01395	0.01237	0.01571	0.42567	0.00955	0.07958	0.05236	0.05295	0.01057	0.01161	0.00827	0.00612	0.00491	0.00166	0.00787	0.00395	0.00375	0.00714
10	0.01530	0.01878	0.23196	0.02510	0.39011	0.01453	0.01717	0.17632	0.01593	0.02253	0.01152	0.01382	0.00893	0.00575	0.00572	0.00178	0.00723	0.00494	0.00343	0.00915
11	0.01062	0.01927	0.38771	0.01321	0.01797	0.01195	0.01458	0.01454	0.01178	0.01664	0.02333	0.02461	0.21963	0.00915	0.00882	0.00204	0.17705	0.00669	0.00334	0.00708
12	0.01172	0.02968	0.76648	0.01644	0.02489	0.01341	0.02119	0.01827	0.01223	0.01834	0.01052	0.01242	0.00749	0.00560	0.00554	0.00186	0.00852	0.00431	0.00250	0.00857
13	0.02684	0.01734	0.01857	0.01709	0.02065	0.01452	0.01201	0.02458	0.02234	0.24013	0.08220	0.05406	0.36861	0.01945	0.01201	0.00434	0.00853	0.01302	0.01007	0.01363
14	0.18978	0.00819	0.01002	0.22583	0.01757	0.00893	0.00826	0.01253	0.01265	0.01930	0.20797	0.03081	0.20890	0.00933	0.00576	0.00186	0.00451	0.00772	0.00439	0.00570
15	0.19770	0.01988	0.01648	0.01890	0.22604	0.39508	0.01182	0.02004	0.01390	0.01786	0.00919	0.01117	0.00759	0.00554	0.00495	0.00160	0.00804	0.00395	0.00304	0.00722

[dist]
# distance from previous block
# <min> <max>
8	23

[block]
# block no. 3 follows, 41 sequences, length 65
# corresponding to MSA columns:
# 318-382
name=unknown_D
#
# <colnr> <probs for GDERKNQSTAVLIFYWHMCP>
#	G	D	E	R	K	N	Q	S	T	A	V	L	I	F	Y	W	H	M	C	P
0	0.03034	0.01084	0.01810	0.62543	0.17585	0.01288	0.01598	0.01522	0.01170	0.01564	0.01023	0.01491	0.00786	0.00559	0.00566	0.00186	0.00739	0.00504	0.00262	0.00686
1	0.01289	0.01230	0.02093	0.31810	0.49020	0.01326	0.01692	0.01645	0.01243	0.01715	0.01054	0.01457	0.00852	0.00533	0.00568	0.00178	0.00711	0.00509	0.00272	0.00804
2	0.01579	0.01376	0.01739	0.01436	0.01598	0.01760	0.01193	0.27267	0.01519	0.02166	0.00971	0.01295	0.00829	0.00890	0.01415	0.00222	0.51126	0.00506	0.00364	0.00749
3	0.00994	0.00497	0.00745	0.00745	0.00745	0.00497	0.00497	0.00745	0.00745	0.00994	0.00994	0.01739	0.00994	0.01987	0.02235	0.83358	0.00497	0.00497	0.00248	0.00248
4	0.00874	0.00735	0.00819	0.00693	0.00990	0.00589	0.00534	0.01074	0.01303	0.01755	0.13221	0.03814	0.40245	0.01049	0.00586	0.00153	0.00335	0.00877	0.00476	0.29878
5	0.02199	0.29070	0.01919	0.01004	0.01463	0.01345	0.00890	0.02407	0.01469	0.50008	0.01739	0.01582	0.01174	0.00630	0.00501	0.00158	0.00531	0.00480	0.00544	0.00889
6	0.31131	0.02152	0.01344	0.01218	0.01534	0.50551	0.00933	0.02070	0.01391	0.01813	0.00853	0.00995	0.00695	0.00569	0.00458	0.00158	0.00823	0.00348	0.00316	0.00648
7	0.01786	0.02809	0.28315	0.01529	0.02019	0.50567	0.01463	0.02117	0.01474	0.01546	0.00935	0.01094	0.00732	0.00573	0.00526	0.00159	0.00966	0.00388	0.00276	0.00728
8	0.00860	0.01373	0.27701	0.01090	0.01414	0.00773	0.01092	0.01165	0.01151	0.01610	0.04657	0.49434	0.02749	0.01330	0.00662	0.00213	0.00512	0.01181	0.00431	0.00602
9	0.00944	0.01407	0.27672	0.00981	0.01280	0.00829	0.00973	0.01179	0.00965	0.01358	0.01527	0.02844	0.01599	0.51771	0.02072	0.00422	0.00658	0.00687	0.00309	0.00523
10	0.83938	0.01106	0.00841	0.00752	0.01106	0.01283	0.00619	0.01681	0.00973	0.02566	0.00796	0.00929	0.00619	0.00531	0.00354	0.00177	0.00442	0.00310	0.00354	0.00619
11	0.00857	0.01370	0.27697	0.01092	0.01413	0.00771	0.01092	0.01156	0.01135	0.01585	0.02399	0.51766	0.02699	0.01349	0.00664	0.00214	0.00514	0.01200	0.00428	0.00600
12	0.02566	0.00973	0.01327	0.01018	0.01460	0.00841	0.00841	0.02788	0.01637	0.76726	0.02257	0.01947	0.01416	0.00708	0.00575	0.00177	0.00487	0.00575	0.00708	0.00973
13	0.00981	0.00802	0.01024	0.00935	0.00935	0.00979	0.00667	0.01025	0.00847	0.01204	0.01430	0.02860	0.01609	0.51934	0.02545	0.00447	0.28306	0.00714	0.00312	0.00446
14	0.31238	0.01293	0.01324	0.01053	0.01471	0.01402	0.00869	0.33439	0.01858	0.18753	0.01356	0.01338	0.00942	0.00636	0.00495	0.00175	0.00533	0.00455	0.00524	0.00848
15	0.01359	0.00666	0.00899	0.00875	0.01053	0.00598	0.00641	0.01502	0.01287	0.28138	0.02835	0.52028	0.02944	0.01408	0.00675	0.00213	0.00387	0.01254	0.00594	0.00645
16	0.01800	0.02120	0.01467	0.01252	0.01622	0.50367	0.00954	0.01985	0.01467	0.01564	0.00931	0.01086	0.00776	0.00531	0.00483	0.00125	0.00816	0.00358	0.00310	0.29987
17	0.54944	0.01680	0.01117	0.01008	0.01341	0.28334	0.00792	0.01895	0.01203	0.02153	0.00828	0.00965	0.00661	0.00552	0.00411	0.00166	0.00651	0.00331	0.00333	0.00635
18	0.01432	0.00722	0.00964	0.00825	0.01069	0.00646	0.00646	0.01685	0.01625	0.28676	0.49880	0.03448	0.03986	0.01006	0.00639	0.00179	0.00347	0.00872	0.00657	0.00693
19	0.01161	0.02270	0.50086	0.01353	0.02079	0.01128	0.01605	0.01680	0.01200	0.01830	0.01023	0.01200	0.00768	0.00501	0.00501	0.00147	0.00696	0.00393	0.00276	0.30104
20	0.00689	0.00527	0.00634	0.00720	0.00809	0.00471	0.00497	0.00805	0.01169	0.01490	0.04089	0.53289	0.29415	0.01670	0.00711	0.00218	0.00317	0.01478	0.00531	0.00471
21	0.00697	0.00498	0.00664	0.00796	0.00830	0.00465	0.00531	0.00796	0.01095	0.01460	0.03153	0.79525	0.03783	0.01792	0.00730	0.00232	0.00332	0.01626	0.00531	0.00465
22	0.01312	0.01243	0.01589	0.01382	0.01497	0.01635	0.01129	0.01966	0.27254	0.01737	0.01310	0.01564	0.01104	0.00921	0.01418	0.00230	0.51063	0.00552	0.00368	0.00725
23	0.00833	0.00682	0.01037	0.28346	0.01932	0.00750	0.00906	0.01032	0.01112	0.01461	0.02396	0.51878	0.02712	0.01360	0.00674	0.00218	0.00484	0.01230	0.00433	0.00525
24	0.31131	0.02132	0.01346	0.01215	0.01534	0.49181	0.00933	0.03373	0.01411	0.01853	0.00862	0.01001	0.00699	0.00570	0.00459	0.00158	0.00815	0.00350	0.00321	0.00653
25	0.01921	0.30201	0.02109	0.01298	0.01662	0.50898	0.01060	0.02082	0.01458	0.01381	0.00853	0.00991	0.00736	0.00554	0.00463	0.00138	0.00883	0.00346	0.00277	0.00688
26	0.01293	0.00945	0.01102	0.00931	0.01180	0.00977	0.00734	0.27076	0.01998	0.02758	0.49567	0.03245	0.03829	0.00998	0.00638	0.00177	0.00397	0.00850	0.00609	0.00693
27	0.31130	0.01402	0.01379	0.01098	0.01512	0.01572	0.00906	0.46980	0.02047	0.03203	0.01180	0.01233	0.00859	0.00631	0.00491	0.00173	0.00555	0.00443	0.02369	0.00838
28	0.01689	0.01361	0.01443	0.01218	0.01589	0.01547	0.00970	0.28341	0.49561	0.02822	0.01990	0.01864	0.01472	0.00744	0.00579	0.00186	0.00515	0.00600	0.00579	0.00929
29	0.54958	0.01282	0.01151	0.00952	0.01343	0.01457	0.00785	0.27464	0.01582	0.02934	0.01001	0.01087	0.00745	0.00586	0.00431	0.00175	0.00509	0.00382	0.00431	0.00745
30	0.00975	0.00551	0.00615	0.00599	0.00733	0.00535	0.00449	0.01243	0.01348	0.02190	0.28152	0.02891	0.02859	0.00845	0.00497	0.00150	0.00268	0.00711	0.53852	0.00535
31	0.00726	0.00591	0.00700	0.00700	0.00861	0.00565	0.00534	0.00892	0.01167	0.01468	0.04284	0.04350	0.49632	0.02456	0.27952	0.00451	0.00730	0.00997	0.00452	0.00493
32	0.00870	0.00682	0.00849	0.00814	0.01016	0.00570	0.00583	0.01025	0.01127	0.01603	0.02396	0.51758	0.02742	0.01307	0.00621	0.00180	0.00364	0.01170	0.00463	0.29859
33	0.00954	0.00757	0.00887	0.00927	0.01063	0.00804	0.00664	0.01591	0.27395	0.01791	0.02860	0.52094	0.03061	0.01432	0.00678	0.00219	0.00375	0.01279	0.00549	0.00621
34	0.83938	0.01106	0.00841	0.00752	0.01106	0.01283	0.00619	0.01681	0.00973	0.02566	0.00796	0.00929	0.00619	0.00531	0.00354	0.00177	0.00442	0.00310	0.00354	0.00619
35	0.83938	0.01106	0.00841	0.00752	0.01106	0.01283	0.00619	0.01681	0.00973	0.02566	0.00796	0.00929	0.00619	0.00531	0.00354	0.00177	0.00442	0.00310	0.00354	0.00619
36	0.01221	0.00889	0.01037	0.00981	0.01164	0.00929	0.00728	0.26893	0.01660	0.02220	0.02522	0.51824	0.02787	0.01400	0.00674	0.00211	0.00437	0.01232	0.00546	0.00645
37	0.00981	0.00802	0.01024	0.00935	0.00935	0.00979	0.00667	0.01025	0.00847	0.01204	0.01430	0.02860	0.01609	0.51934	0.02545	0.00447	0.28306	0.00714	0.00312	0.00446
38	0.01222	0.00943	0.01003	0.00856	0.01137	0.00947	0.00678	0.26937	0.01830	0.02358	0.12036	0.03903	0.41610	0.01147	0.00639	0.00184	0.00408	0.00943	0.00557	0.00663
39	0.01006	0.00942	0.01790	0.01448	0.01719	0.00974	0.26780	0.01309	0.01072	0.01507	0.01399	0.01997	0.01231	0.02940	0.50355	0.00662	0.01331	0.00635	0.00300	0.00603
40	0.01277	0.52018	0.02261	0.00958	0.01310	0.01714	0.00885	0.01468	0.01076	0.01339	0.01056	0.01389	0.00981	0.01836	0.27753	0.00405	0.00938	0.00415	0.00267	0.00655
41	0.00926	0.00737	0.00891	0.00747	0.01022	0.00612	0.00576	0.01175	0.01426	0.02048	0.40720	0.03332	0.12564	0.00940	0.00586	0.00148	0.00327	0.00809	0.00514	0.29900
42	0.00832	0.00555	0.00624	0.00624	0.00624	0.00555	0.00347	0.00832	0.00832	0.01109	0.01802	0.03743	0.02080	0.79898	0.02911	0.00555	0.00555	0.00832	0.00347	0.00347
43	0.01412	0.00889	0.01089	0.00948	0.01110	0.00949	0.00706	0.26860	0.01434	0.01919	0.01128	0.01609	0.00986	0.01526	0.01646	0.53873	0.00544	0.00503	0.00363	0.00505
44	0.00762	0.00583	0.00699	0.00670	0.00825	0.00520	0.00502	0.00988	0.01507	0.02028	0.51134	0.04709	0.30457	0.01268	0.00675	0.00185	0.00277	0.01096	0.00595	0.00520
45	0.30432	0.00862	0.00818	0.00743	0.00918	0.00943	0.00523	0.09017	0.01081	0.01893	0.01400	0.02492	0.01443	0.43281	0.01754	0.00380	0.00523	0.00613	0.00373	0.00510
46	0.75062	0.01097	0.00934	0.09084	0.01410	0.01282	0.00723	0.01658	0.00992	0.02448	0.00820	0.00993	0.00635	0.00535	0.00377	0.00178	0.00477	0.00331	0.00343	0.00621
47	0.01224	0.01075	0.01376	0.28544	0.02286	0.01266	0.01107	0.02240	0.41064	0.01963	0.01952	0.10209	0.01616	0.00813	0.00594	0.00197	0.00550	0.00703	0.00460	0.00762
48	0.01807	0.02035	0.01470	0.01331	0.01639	0.42439	0.01013	0.02633	0.35628	0.01858	0.01551	0.01540	0.01203	0.00676	0.00546	0.00169	0.00764	0.00497	0.00427	0.00775
49	0.01418	0.00722	0.00944	0.00810	0.01060	0.00640	0.00635	0.01657	0.01592	0.28596	0.42356	0.03580	0.11560	0.01036	0.00640	0.00180	0.00349	0.00890	0.00647	0.00687
50	0.01146	0.01007	0.01090	0.01025	0.01308	0.08938	0.00855	0.01393	0.01303	0.01732	0.02086	0.04005	0.02152	0.01064	0.00631	0.00188	0.00544	0.39185	0.00435	0.29913
51	0.01084	0.28809	0.01554	0.00814	0.01060	0.01146	0.00691	0.01268	0.01364	0.01818	0.41324	0.02812	0.03272	0.01016	0.00733	0.09071	0.00415	0.00719	0.00452	0.00577
52	0.01762	0.01069	0.01249	0.01065	0.01410	0.01122	0.00843	0.02740	0.41295	0.28729	0.10198	0.02297	0.02020	0.00794	0.00590	0.00186	0.00445	0.00663	0.00632	0.00890
53	0.01112	0.00930	0.01217	0.01061	0.01182	0.01102	0.00851	0.09042	0.01470	0.02109	0.41349	0.02891	0.03276	0.01058	0.01090	0.00204	0.28161	0.00790	0.00489	0.00617
54	0.01888	0.01201	0.09565	0.28555	0.02448	0.01045	0.01242	0.02213	0.01416	0.42023	0.01685	0.01718	0.01110	0.00642	0.00571	0.00182	0.00623	0.00535	0.00497	0.00840
55	0.01330	0.01292	0.02069	0.09036	0.43788	0.01491	0.01563	0.01597	0.01138	0.01660	0.00956	0.01367	0.00839	0.00689	0.01031	0.00200	0.28394	0.00506	0.00269	0.00784
56	0.10584	0.01341	0.01435	0.01089	0.01554	0.01363	0.00892	0.40762	0.01973	0.02876	0.01185	0.01259	0.00890	0.00577	0.00496	0.00141	0.00536	0.00431	0.00466	0.30149
57	0.01032	0.09255	0.01077	0.00741	0.00974	0.00811	0.00532	0.01142	0.00993	0.01402	0.01416	0.02534	0.01499	0.43222	0.01757	0.00342	0.00514	0.00601	0.00333	0.29824
58	0.01621	0.02333	0.42216	0.01485	0.02152	0.01534	0.01640	0.35327	0.01892	0.02639	0.01187	0.01284	0.00839	0.00610	0.00557	0.00177	0.00746	0.00465	0.00394	0.00904
59	0.01925	0.01201	0.09377	0.01023	0.01532	0.00865	0.00919	0.02205	0.01431	0.42166	0.01685	0.01598	0.01140	0.00590	0.00518	0.00145	0.00503	0.00475	0.00527	0.30173
60	0.01211	0.01039	0.01198	0.00881	0.01370	0.00833	0.00702	0.01612	0.09126	0.01921	0.01157	0.01288	0.00944	0.00461	0.00441	0.00096	0.00427	0.00372	0.00365	0.74557
61	0.00871	0.00735	0.00814	0.00689	0.00988	0.00588	0.00532	0.01068	0.01296	0.01738	0.11625	0.03842	0.41851	0.01055	0.00586	0.00153	0.00335	0.00881	0.00474	0.29877
62	0.01816	0.01242	0.02082	0.02509	0.41936	0.01185	0.09198	0.02129	0.01426	0.28398	0.01503	0.01618	0.01083	0.00577	0.00581	0.00175	0.00642	0.00551	0.00434	0.00916
63	0.01502	0.00775	0.01019	0.02682	0.01215	0.00696	0.00717	0.01637	0.01416	0.28335	0.10670	0.40965	0.03104	0.01367	0.00711	0.00226	0.00431	0.01181	0.00633	0.00718
64	0.01070	0.00877	0.02700	0.00866	0.01158	0.00707	0.00676	0.01308	0.01519	0.02223	0.46524	0.03212	0.03705	0.00955	0.00629	0.00167	0.00380	0.00801	0.00551	0.29974

[dist]
# distance from previous block
# <min> <max>
0	223

# created by:
# /software/SequenceAnalysis/GenePrediction/augustus/3.0.1/scripts/msa2prfl.pl ./fixed/BUSCOvEOG7TXD62.fas
