[name]
unknown

[dist]
# distance from previous block
# <min> <max>
0	387

[block]
# block no. 0 follows, 41 sequences, length 50
# corresponding to MSA columns:
# 447-496
name=unknown_A
#
# <colnr> <probs for GDERKNQSTAVLIFYWHMCP>
#	G	D	E	R	K	N	Q	S	T	A	V	L	I	F	Y	W	H	M	C	P
0	0.21920	0.01095	0.01267	0.00997	0.01421	0.01080	0.00823	0.12817	0.01630	0.48530	0.01781	0.01622	0.01162	0.00663	0.00522	0.00176	0.00497	0.00503	0.00604	0.00889
1	0.01371	0.01485	0.03045	0.02756	0.25971	0.01419	0.51535	0.01808	0.01335	0.01844	0.01132	0.01503	0.00880	0.00491	0.00641	0.00186	0.00875	0.00623	0.00287	0.00814
2	0.00987	0.00497	0.00743	0.00746	0.00747	0.00496	0.00498	0.00746	0.00753	0.01004	0.01042	0.03498	0.01057	0.01983	0.02201	0.81478	0.00493	0.00522	0.00255	0.00253
3	0.01003	0.22148	0.13767	0.00900	0.01261	0.01105	0.00886	0.01258	0.01274	0.01618	0.11208	0.07759	0.29574	0.01038	0.00578	0.00175	0.00474	0.02940	0.00418	0.00616
4	0.02115	0.01380	0.01590	0.10217	0.01929	0.03535	0.01072	0.41515	0.05648	0.22679	0.01599	0.01570	0.01096	0.00681	0.00572	0.00176	0.00610	0.00532	0.00564	0.00922
5	0.00695	0.00559	0.00620	0.00649	0.00796	0.00484	0.00470	0.00841	0.01283	0.01601	0.12384	0.24192	0.50407	0.01507	0.00690	0.00202	0.00298	0.01296	0.00541	0.00484
6	0.00739	0.00530	0.00676	0.00743	0.00805	0.00495	0.00503	0.00867	0.01191	0.01608	0.19670	0.47978	0.08202	0.12026	0.01005	0.00261	0.00345	0.01361	0.00529	0.00467
7	0.01831	0.02007	0.01933	0.02331	0.33809	0.35952	0.01382	0.10512	0.01609	0.01860	0.01024	0.01237	0.00837	0.00567	0.00544	0.00160	0.00833	0.00446	0.00322	0.00804
8	0.02232	0.01326	0.01523	0.01188	0.01624	0.01387	0.00975	0.39565	0.10747	0.30567	0.01812	0.01674	0.01227	0.00705	0.00574	0.00176	0.00556	0.00553	0.00624	0.00965
9	0.01994	0.02349	0.01647	0.10420	0.02014	0.57370	0.01163	0.10978	0.01675	0.01676	0.00956	0.01137	0.00769	0.00611	0.00567	0.00158	0.03091	0.00406	0.00323	0.00697
10	0.01147	0.02959	0.76934	0.01630	0.02476	0.01328	0.02113	0.01811	0.01208	0.01811	0.01026	0.01208	0.00725	0.00543	0.00543	0.00181	0.00845	0.00423	0.00242	0.00845
11	0.12536	0.01551	0.01599	0.01351	0.01582	0.14488	0.02683	0.20004	0.01502	0.02125	0.01046	0.01439	0.00902	0.00804	0.01042	0.00203	0.30417	0.03642	0.00366	0.00718
12	0.00718	0.00529	0.00688	0.00782	0.00840	0.00499	0.00537	0.00842	0.01170	0.01563	0.11811	0.63073	0.10026	0.01676	0.00740	0.00223	0.01767	0.01501	0.00537	0.00478
13	0.00697	0.00498	0.00664	0.00796	0.00830	0.00465	0.00531	0.00796	0.01095	0.01460	0.03153	0.79525	0.03783	0.01792	0.00730	0.00232	0.00332	0.01626	0.00531	0.00465
14	0.01313	0.01239	0.02094	0.07493	0.63398	0.01250	0.01603	0.01627	0.01269	0.01798	0.01314	0.10510	0.01233	0.00662	0.00586	0.00178	0.00644	0.00639	0.00310	0.00839
15	0.01170	0.07532	0.72559	0.01592	0.02416	0.01384	0.02046	0.01806	0.01205	0.01784	0.01013	0.01190	0.00725	0.00540	0.00533	0.00178	0.00832	0.00416	0.00242	0.00839
16	0.01396	0.01339	0.02287	0.07809	0.72182	0.01354	0.01746	0.01739	0.01293	0.01845	0.01073	0.01422	0.00898	0.00513	0.00567	0.00171	0.00684	0.00510	0.00281	0.00891
17	0.01147	0.02959	0.76934	0.01630	0.02476	0.01328	0.02113	0.01811	0.01208	0.01811	0.01026	0.01208	0.00725	0.00543	0.00543	0.00181	0.00845	0.00423	0.00242	0.00845
18	0.00734	0.00528	0.00694	0.00804	0.00861	0.00496	0.00564	0.00861	0.01149	0.01526	0.07380	0.59846	0.07177	0.05168	0.00828	0.00245	0.00359	0.09781	0.00528	0.00472
19	0.00756	0.00565	0.00712	0.00813	0.00892	0.00540	0.00574	0.00965	0.05530	0.01547	0.03416	0.59725	0.12457	0.01672	0.00720	0.00228	0.00350	0.07505	0.00534	0.00498
20	0.00678	0.00570	0.00589	0.00605	0.00779	0.00481	0.00446	0.00818	0.01279	0.01535	0.05487	0.14117	0.67684	0.01489	0.00682	0.00198	0.00295	0.01256	0.00531	0.00481
21	0.01365	0.47033	0.34769	0.01259	0.01901	0.01862	0.01466	0.01755	0.01182	0.01546	0.00895	0.01042	0.00730	0.00513	0.00443	0.00148	0.00712	0.00356	0.00243	0.00782
22	0.01243	0.01183	0.02010	0.42105	0.39085	0.01314	0.01670	0.01604	0.01221	0.01659	0.01045	0.01472	0.00832	0.00542	0.00569	0.00181	0.00722	0.00509	0.00268	0.00767
23	0.01350	0.01543	0.03375	0.02411	0.02989	0.01446	0.74253	0.01832	0.01350	0.01832	0.01157	0.01543	0.00868	0.00482	0.00675	0.00193	0.00964	0.00675	0.00289	0.00771
24	0.01157	0.01095	0.01854	0.61357	0.20506	0.01291	0.01627	0.01529	0.01180	0.01555	0.01030	0.01500	0.00795	0.00558	0.00571	0.00186	0.00743	0.00509	0.00261	0.00697
25	0.01345	0.01554	0.09046	0.07176	0.34353	0.01389	0.33000	0.01776	0.01306	0.01825	0.01103	0.01459	0.00866	0.00504	0.00611	0.00182	0.00821	0.00573	0.00281	0.00827
26	0.01266	0.01293	0.01985	0.01632	0.01715	0.01708	0.11741	0.01442	0.00944	0.01442	0.00809	0.01293	0.00768	0.00927	0.01704	0.00242	0.67660	0.00526	0.00256	0.00647
27	0.00732	0.00598	0.00658	0.00688	0.00867	0.00523	0.00546	0.00904	0.01307	0.01583	0.05161	0.05722	0.59436	0.01479	0.00702	0.00209	0.00344	0.17518	0.00530	0.00493
28	0.01856	0.01300	0.01433	0.01157	0.01521	0.01407	0.00932	0.49392	0.06116	0.08218	0.05283	0.11790	0.01642	0.00859	0.00591	0.00180	0.00538	0.00696	0.04227	0.00863
29	0.01350	0.01543	0.03375	0.02411	0.02989	0.01446	0.74253	0.01832	0.01350	0.01832	0.01157	0.01543	0.00868	0.00482	0.00675	0.00193	0.00964	0.00675	0.00289	0.00771
30	0.00709	0.00506	0.00677	0.00810	0.00848	0.00475	0.00552	0.00817	0.01107	0.01473	0.03146	0.75676	0.03757	0.01781	0.00733	0.00234	0.00342	0.05358	0.00531	0.00468
31	0.01147	0.02959	0.76934	0.01630	0.02476	0.01328	0.02113	0.01811	0.01208	0.01811	0.01026	0.01208	0.00725	0.00543	0.00543	0.00181	0.00845	0.00423	0.00242	0.00845
32	0.01327	0.01498	0.03235	0.08843	0.03070	0.01432	0.68112	0.01801	0.01333	0.01801	0.01145	0.01541	0.00859	0.00490	0.00666	0.00193	0.00947	0.00661	0.00286	0.00760
33	0.01333	0.01274	0.02172	0.22058	0.58431	0.01337	0.01714	0.01683	0.01263	0.01768	0.01061	0.01443	0.00871	0.00525	0.00568	0.00175	0.00700	0.00509	0.00276	0.00839
34	0.00775	0.00557	0.00739	0.00778	0.00873	0.00520	0.00569	0.00978	0.01390	0.01920	0.41481	0.33760	0.04591	0.01447	0.00706	0.00207	0.00316	0.07303	0.00583	0.00509
35	0.01080	0.01017	0.01716	0.78523	0.03940	0.01271	0.01589	0.01461	0.01144	0.01461	0.01017	0.01525	0.00762	0.00572	0.00572	0.00191	0.00762	0.00508	0.00254	0.00635
36	0.10798	0.06413	0.64570	0.01497	0.02268	0.01368	0.01886	0.01792	0.01178	0.01877	0.00989	0.01161	0.00713	0.00539	0.00513	0.00178	0.00787	0.00404	0.00255	0.00814
37	0.02130	0.01713	0.01683	0.01326	0.01758	0.10578	0.01080	0.62270	0.06389	0.03284	0.01367	0.01374	0.00986	0.00680	0.00566	0.00170	0.00667	0.00505	0.00540	0.00933
38	0.01180	0.09490	0.70686	0.01575	0.02390	0.01407	0.02017	0.01803	0.01204	0.01772	0.01007	0.01183	0.00725	0.00539	0.00529	0.00176	0.00826	0.00413	0.00242	0.00836
39	0.00710	0.00510	0.00674	0.00783	0.00831	0.00474	0.00530	0.00830	0.01161	0.01559	0.11689	0.69151	0.05552	0.01712	0.00722	0.00225	0.00324	0.01548	0.00542	0.00474
40	0.01334	0.01511	0.03274	0.07062	0.03047	0.01436	0.69812	0.01810	0.01337	0.01810	0.01149	0.01542	0.00861	0.00488	0.00669	0.00193	0.00952	0.00665	0.00287	0.00763
41	0.01011	0.00630	0.00827	0.00752	0.00923	0.00574	0.00573	0.01273	0.01615	0.10940	0.66135	0.04025	0.06253	0.01121	0.00663	0.00180	0.00295	0.00984	0.00637	0.00589
42	0.01260	0.01276	0.01889	0.01579	0.01627	0.01726	0.07421	0.01415	0.00916	0.01415	0.00785	0.01276	0.00761	0.00957	0.01776	0.00245	0.72269	0.00515	0.00254	0.00638
43	0.19658	0.01610	0.01520	0.01211	0.01630	0.09353	0.00989	0.51555	0.02214	0.03159	0.01200	0.01244	0.00873	0.00643	0.00520	0.00170	0.00630	0.00456	0.00497	0.00866
44	0.02433	0.01003	0.01323	0.01035	0.01463	0.00908	0.00848	0.02817	0.10207	0.68078	0.02265	0.01969	0.01454	0.00716	0.00576	0.00179	0.00483	0.00584	0.00693	0.00966
45	0.00707	0.00503	0.00663	0.00785	0.00818	0.00471	0.00521	0.00804	0.01090	0.01456	0.04435	0.73779	0.03716	0.06256	0.00854	0.00250	0.00343	0.01570	0.00522	0.00459
46	0.00728	0.00518	0.00688	0.00813	0.00855	0.00490	0.00561	0.00839	0.01103	0.01466	0.03062	0.67628	0.03635	0.06246	0.00861	0.00254	0.00365	0.08906	0.00520	0.00464
47	0.74425	0.01164	0.00943	0.00818	0.01184	0.01340	0.00674	0.10145	0.01173	0.02687	0.00864	0.00981	0.00661	0.00549	0.00379	0.00176	0.00464	0.00334	0.00379	0.00661
48	0.01127	0.01086	0.01879	0.60525	0.03517	0.01315	0.09980	0.01493	0.01145	0.01515	0.01032	0.01519	0.00793	0.00603	0.00698	0.00195	0.07868	0.00528	0.02535	0.00648
49	0.20233	0.01078	0.01135	0.00897	0.01330	0.01018	0.00717	0.01876	0.16043	0.05440	0.01284	0.01351	0.01001	0.00532	0.00446	0.00132	0.00437	0.00404	0.00407	0.44239

[dist]
# distance from previous block
# <min> <max>
0	1

[block]
# block no. 1 follows, 41 sequences, length 84
# corresponding to MSA columns:
# 498-581
name=unknown_B
#
# <colnr> <probs for GDERKNQSTAVLIFYWHMCP>
#	G	D	E	R	K	N	Q	S	T	A	V	L	I	F	Y	W	H	M	C	P
0	0.02426	0.00994	0.01319	0.01020	0.01444	0.00888	0.00839	0.07792	0.01711	0.66762	0.06896	0.02054	0.01638	0.00736	0.00581	0.00177	0.00483	0.00600	0.00693	0.00946
1	0.01367	0.01129	0.01297	0.00950	0.01435	0.00972	0.00767	0.14659	0.01450	0.02166	0.01074	0.01222	0.00867	0.00487	0.00490	0.00105	0.02571	0.00375	0.00379	0.66238
2	0.00829	0.00580	0.00768	0.00773	0.00831	0.00629	0.00539	0.00946	0.00902	0.01276	0.01725	0.05971	0.01800	0.35894	0.39729	0.00704	0.01017	0.00742	0.03904	0.00441
3	0.65152	0.01138	0.01002	0.05727	0.01367	0.01309	0.00738	0.06978	0.05344	0.05342	0.00993	0.01105	0.00747	0.00565	0.00405	0.00178	0.00478	0.00366	0.00389	0.00675
4	0.01529	0.80242	0.02997	0.00979	0.01468	0.02263	0.00979	0.01713	0.01162	0.01346	0.00795	0.00918	0.00734	0.00489	0.00367	0.00122	0.00612	0.00306	0.00245	0.00734
5	0.00826	0.00603	0.00787	0.00791	0.00931	0.00565	0.00627	0.01083	0.01514	0.02079	0.51228	0.04935	0.11274	0.01298	0.00704	0.00202	0.00337	0.19092	0.00595	0.00531
6	0.00999	0.00549	0.00632	0.00632	0.00746	0.00571	0.00471	0.01212	0.01098	0.01853	0.01741	0.02198	0.01455	0.04662	0.17202	0.05148	0.00563	0.00560	0.57203	0.00504
7	0.00752	0.00544	0.00723	0.00846	0.00915	0.00515	0.00623	0.00896	0.01166	0.01530	0.03310	0.55821	0.08821	0.01714	0.00741	0.00237	0.00378	0.19457	0.00530	0.00482
8	0.00713	0.00509	0.00682	0.00815	0.00855	0.00478	0.00559	0.00824	0.01111	0.01478	0.03144	0.74309	0.03748	0.01777	0.00734	0.00235	0.00346	0.06684	0.00531	0.00469
9	0.01104	0.01041	0.01759	0.73169	0.09107	0.01277	0.01600	0.01482	0.01155	0.01491	0.01021	0.01517	0.00773	0.00567	0.00571	0.00189	0.00757	0.00508	0.00256	0.00655
10	0.00737	0.00526	0.00710	0.00842	0.00893	0.00499	0.00600	0.00865	0.01134	0.01505	0.03131	0.66550	0.03696	0.01754	0.00741	0.00238	0.00366	0.14207	0.00530	0.00476
11	0.01350	0.01543	0.03375	0.02411	0.02989	0.01446	0.74253	0.01832	0.01350	0.01832	0.01157	0.01543	0.00868	0.00482	0.00675	0.00193	0.00964	0.00675	0.00289	0.00771
12	0.01382	0.03049	0.74254	0.01763	0.02600	0.01446	0.02162	0.01959	0.01353	0.02022	0.01262	0.01533	0.00952	0.00701	0.00644	0.00224	0.00912	0.00500	0.00325	0.00959
13	0.01322	0.00810	0.00999	0.01022	0.01168	0.00741	0.00717	0.01473	0.06069	0.14899	0.03099	0.58421	0.03353	0.01648	0.00787	0.00261	0.00453	0.01412	0.00638	0.00710
14	0.01536	0.01620	0.03280	0.02411	0.02957	0.01497	0.66897	0.01913	0.01474	0.02018	0.01515	0.06827	0.01276	0.00725	0.00774	0.00238	0.00986	0.00804	0.00386	0.00868
15	0.01318	0.01180	0.01855	0.75773	0.04009	0.01390	0.01657	0.01622	0.01291	0.01685	0.01252	0.01839	0.00989	0.00728	0.00671	0.00233	0.00832	0.00583	0.00337	0.00757
16	0.01405	0.07533	0.69963	0.01725	0.02542	0.01500	0.02096	0.01953	0.01350	0.01995	0.01248	0.01516	0.00953	0.00698	0.00633	0.00220	0.00898	0.00494	0.00325	0.00952
17	0.02231	0.02672	0.01690	0.01548	0.01848	0.69354	0.01144	0.02309	0.01728	0.01636	0.01475	0.01683	0.06343	0.00806	0.00628	0.00195	0.01038	0.00508	0.00393	0.00771
18	0.01847	0.01339	0.01455	0.01289	0.01644	0.01435	0.00988	0.03097	0.59789	0.15574	0.02502	0.02392	0.01878	0.00913	0.00680	0.00233	0.00540	0.00703	0.00675	0.01029
19	0.01079	0.00735	0.00804	0.00794	0.00818	0.00701	0.00461	0.01016	0.00991	0.01346	0.02008	0.03974	0.02256	0.77080	0.02923	0.00583	0.00632	0.00894	0.00426	0.00479
20	0.00949	0.00680	0.00843	0.00960	0.01016	0.00614	0.00639	0.00982	0.01244	0.01684	0.03308	0.76914	0.03896	0.01902	0.00823	0.00273	0.00418	0.01659	0.00603	0.00592
21	0.01318	0.01180	0.01855	0.75773	0.04009	0.01390	0.01657	0.01622	0.01291	0.01685	0.01252	0.01839	0.00989	0.00728	0.00671	0.00233	0.00832	0.00583	0.00337	0.00757
22	0.02748	0.01138	0.01482	0.01173	0.01623	0.00976	0.00937	0.02898	0.01766	0.74127	0.02446	0.02245	0.01618	0.00859	0.00674	0.00220	0.00567	0.00647	0.00774	0.01082
23	0.01578	0.01686	0.03452	0.02514	0.03095	0.01559	0.71596	0.01979	0.01490	0.02042	0.01388	0.01856	0.01090	0.00642	0.00770	0.00235	0.01027	0.00743	0.00371	0.00888
24	0.01079	0.00735	0.00804	0.00794	0.00818	0.00701	0.00461	0.01016	0.00991	0.01346	0.02008	0.03974	0.02256	0.77080	0.02923	0.00583	0.00632	0.00894	0.00426	0.00479
25	0.02580	0.01176	0.01476	0.01195	0.01627	0.01062	0.00946	0.02935	0.12618	0.63176	0.02456	0.02272	0.01666	0.00869	0.00675	0.00222	0.00562	0.00658	0.00755	0.01072
26	0.01493	0.02275	0.34060	0.02189	0.02881	0.01510	0.41580	0.01970	0.01431	0.02033	0.01333	0.01716	0.01031	0.00667	0.00715	0.00230	0.00977	0.00638	0.00351	0.00919
27	0.01582	0.01449	0.02333	0.16685	0.61032	0.01460	0.01788	0.01853	0.01416	0.02006	0.01299	0.01753	0.01102	0.00679	0.00667	0.00217	0.00767	0.00584	0.00360	0.00970
28	0.01692	0.01447	0.01457	0.01310	0.01638	0.05813	0.00996	0.07508	0.58601	0.02595	0.07632	0.02467	0.02090	0.00936	0.00683	0.00231	0.00565	0.00719	0.00639	0.00981
29	0.01530	0.21582	0.52242	0.01598	0.02318	0.05993	0.01832	0.01962	0.01365	0.01887	0.01198	0.01454	0.00955	0.00690	0.00600	0.00208	0.00866	0.00469	0.00329	0.00922
30	0.02388	0.01239	0.01464	0.01180	0.01583	0.01181	0.00936	0.22254	0.01993	0.41863	0.04135	0.02176	0.01610	0.00860	0.00652	0.00213	0.00570	0.00637	0.12057	0.01010
31	0.01154	0.00792	0.00947	0.00979	0.01085	0.00739	0.00669	0.06343	0.01389	0.04843	0.08702	0.53229	0.03523	0.11137	0.01064	0.00301	0.00467	0.01396	0.00599	0.00641
32	0.07447	0.01624	0.01683	0.01363	0.01781	0.04247	0.01082	0.52136	0.06623	0.06334	0.07490	0.01946	0.01569	0.00869	0.00664	0.00216	0.00662	0.00622	0.00630	0.01011
33	0.01481	0.01331	0.02107	0.20060	0.48547	0.01350	0.01635	0.01726	0.01384	0.01937	0.01541	0.10984	0.01435	0.00834	0.00686	0.00225	0.00730	0.00716	0.00388	0.00905
34	0.01428	0.12191	0.65508	0.01686	0.02481	0.01556	0.02028	0.01947	0.01347	0.01967	0.01234	0.01499	0.00953	0.00694	0.00623	0.00217	0.00884	0.00486	0.00325	0.00946
35	0.01634	0.01502	0.02426	0.05124	0.72188	0.01473	0.01814	0.01899	0.01441	0.02068	0.01308	0.01736	0.01124	0.00669	0.00666	0.00213	0.00754	0.00584	0.00364	0.01012
36	0.01123	0.00701	0.00834	0.00790	0.01014	0.00638	0.00623	0.01402	0.06103	0.15664	0.11351	0.08832	0.36343	0.01278	0.00670	0.00201	0.00370	0.10876	0.00576	0.00612
37	0.01228	0.19253	0.61345	0.01493	0.02263	0.01525	0.01874	0.01791	0.01198	0.01713	0.00978	0.01146	0.00727	0.00532	0.00506	0.00169	0.00796	0.00398	0.00242	0.00822
38	0.01108	0.00609	0.00821	0.00860	0.00986	0.00557	0.00621	0.01244	0.01224	0.17454	0.02955	0.58451	0.03250	0.01549	0.00701	0.00223	0.00377	0.05868	0.00568	0.00577
39	0.01169	0.07339	0.72744	0.01593	0.02419	0.01381	0.02049	0.01806	0.01205	0.01785	0.01013	0.01191	0.00725	0.00540	0.00533	0.00178	0.00832	0.00416	0.00242	0.00839
40	0.01278	0.01219	0.02073	0.34284	0.46632	0.01323	0.01687	0.01635	0.01237	0.01702	0.01052	0.01461	0.00847	0.00535	0.00569	0.00178	0.00714	0.00509	0.00271	0.00795
41	0.01344	0.01286	0.02193	0.19435	0.60962	0.01340	0.01720	0.01693	0.01269	0.01782	0.01063	0.01439	0.00876	0.00523	0.00567	0.00174	0.00697	0.00509	0.00277	0.00849
42	0.00697	0.00498	0.00664	0.00796	0.00830	0.00465	0.00531	0.00796	0.01095	0.01460	0.03153	0.79525	0.03783	0.01792	0.00730	0.00232	0.00332	0.01626	0.00531	0.00465
43	0.16560	0.01408	0.01431	0.01135	0.01552	0.06829	0.00928	0.36153	0.02005	0.22635	0.01481	0.01438	0.01021	0.00658	0.00528	0.00172	0.00581	0.00485	0.02121	0.00881
44	0.05402	0.00934	0.01248	0.00991	0.01391	0.00827	0.00819	0.02536	0.01591	0.64473	0.06900	0.02342	0.01757	0.00786	0.00587	0.00183	0.00474	0.05178	0.00678	0.00904
45	0.07788	0.01244	0.01386	0.01098	0.01478	0.01318	0.00896	0.41488	0.02161	0.15677	0.17331	0.02055	0.01962	0.00782	0.00579	0.00175	0.00515	0.00621	0.00592	0.00856
46	0.01147	0.02959	0.76934	0.01630	0.02476	0.01328	0.02113	0.01811	0.01208	0.01811	0.01026	0.01208	0.00725	0.00543	0.00543	0.00181	0.00845	0.00423	0.00242	0.00845
47	0.01361	0.00739	0.00968	0.00853	0.01087	0.00685	0.00672	0.01693	0.05781	0.23849	0.45803	0.03616	0.03901	0.01039	0.00648	0.00185	0.00359	0.05433	0.00643	0.00685
48	0.06414	0.12740	0.62669	0.01491	0.02260	0.01445	0.01874	0.01791	0.01187	0.01799	0.00982	0.01153	0.00719	0.00536	0.00509	0.00173	0.00790	0.00401	0.00249	0.00817
49	0.05957	0.00828	0.00971	0.00903	0.01129	0.00846	0.00722	0.06770	0.13041	0.07458	0.29930	0.03888	0.09989	0.01105	0.00649	0.00198	0.00398	0.13984	0.00580	0.00655
50	0.01279	0.01370	0.02781	0.24656	0.11053	0.01386	0.45429	0.01716	0.01285	0.01728	0.01108	0.01524	0.00841	0.00511	0.00633	0.00190	0.00875	0.00609	0.00278	0.00746
51	0.06804	0.00756	0.01062	0.23818	0.01828	0.00829	0.00887	0.01119	0.01098	0.01562	0.02126	0.42911	0.02363	0.01224	0.00680	0.00207	0.03417	0.01077	0.00414	0.05818
52	0.00786	0.00614	0.00698	0.00732	0.00878	0.00562	0.00539	0.05106	0.01308	0.01644	0.04390	0.32599	0.40504	0.01539	0.00697	0.00211	0.00340	0.05813	0.00533	0.00507
53	0.01278	0.01289	0.01743	0.52410	0.03237	0.10497	0.06004	0.01829	0.12754	0.01622	0.01214	0.01561	0.00919	0.00600	0.00573	0.00186	0.00759	0.00524	0.00312	0.00689
54	0.01177	0.09037	0.71120	0.01579	0.02396	0.01402	0.02024	0.01804	0.01204	0.01775	0.01008	0.01185	0.00725	0.00539	0.00530	0.00177	0.00827	0.00413	0.00242	0.00837
55	0.01964	0.01348	0.01518	0.01323	0.06328	0.04217	0.01011	0.40290	0.05312	0.15684	0.05876	0.01985	0.01475	0.00758	0.00582	0.00177	0.00574	0.04731	0.03963	0.00886
56	0.00730	0.00551	0.00726	0.00825	0.00868	0.00547	0.00569	0.00835	0.01096	0.01461	0.03190	0.69308	0.08754	0.01718	0.00799	0.00231	0.05277	0.01525	0.00513	0.00476
57	0.01417	0.01401	0.02197	0.13256	0.62047	0.06207	0.01692	0.01750	0.01302	0.01785	0.01056	0.01406	0.00876	0.00523	0.00564	0.00171	0.00713	0.00500	0.00280	0.00855
58	0.05820	0.01699	0.35329	0.01140	0.01616	0.00946	0.01264	0.01479	0.01395	0.03508	0.36239	0.02644	0.02925	0.00840	0.00595	0.00180	0.00545	0.00706	0.00439	0.00691
59	0.02265	0.01154	0.01372	0.01101	0.01508	0.04347	0.00903	0.13950	0.09286	0.49626	0.02115	0.02123	0.01470	0.00762	0.00587	0.00182	0.00532	0.05147	0.00644	0.00925
60	0.04099	0.00739	0.00850	0.00877	0.01020	0.00776	0.00641	0.05527	0.15905	0.01898	0.02643	0.44519	0.02807	0.01339	0.00641	0.00209	0.00378	0.04248	0.10286	0.00597
61	0.01310	0.01827	0.18898	0.02300	0.07531	0.01421	0.53134	0.01816	0.01309	0.01823	0.01118	0.01459	0.00838	0.00505	0.00660	0.00190	0.02183	0.00608	0.00278	0.00793
62	0.01363	0.01306	0.02227	0.15184	0.65065	0.01345	0.01729	0.01710	0.01278	0.01805	0.01067	0.01433	0.00884	0.00519	0.00567	0.00173	0.00692	0.00509	0.00279	0.00864
63	0.01234	0.01229	0.01743	0.01491	0.01505	0.01702	0.02421	0.01369	0.00886	0.01382	0.00791	0.01299	0.00782	0.01135	0.05126	0.00278	0.74242	0.00508	0.00253	0.00623
64	0.05134	0.01311	0.01470	0.01181	0.01589	0.01402	0.00969	0.37682	0.14757	0.21116	0.01828	0.01922	0.01335	0.00753	0.00579	0.00182	0.00551	0.04720	0.00596	0.00922
65	0.01237	0.02834	0.72169	0.01592	0.02412	0.01298	0.02033	0.01873	0.01235	0.06533	0.01104	0.01254	0.00768	0.00554	0.00545	0.00181	0.00823	0.00432	0.00271	0.00853
66	0.01164	0.06294	0.73744	0.01602	0.02432	0.01369	0.02064	0.01807	0.01206	0.01791	0.01016	0.01195	0.00725	0.00541	0.00536	0.00179	0.00835	0.00418	0.00242	0.00841
67	0.34414	0.00803	0.00823	0.00829	0.01038	0.00855	0.00653	0.01346	0.01162	0.05613	0.09095	0.23658	0.02459	0.01134	0.00577	0.00208	0.00413	0.13874	0.00477	0.00570
68	0.01379	0.01322	0.02256	0.11678	0.68448	0.01349	0.01737	0.01723	0.01285	0.01824	0.01069	0.01428	0.00890	0.00516	0.00567	0.00172	0.00689	0.00509	0.00280	0.00877
69	0.01416	0.01359	0.02322	0.03511	0.76330	0.01359	0.01755	0.01755	0.01302	0.01869	0.01076	0.01416	0.00906	0.00510	0.00566	0.00170	0.00680	0.00510	0.00283	0.00906
70	0.01350	0.01543	0.03375	0.02411	0.02989	0.01446	0.74253	0.01832	0.01350	0.01832	0.01157	0.01543	0.00868	0.00482	0.00675	0.00193	0.00964	0.00675	0.00289	0.00771
71	0.01155	0.04586	0.75377	0.01617	0.02454	0.01348	0.02089	0.01809	0.01207	0.01802	0.01022	0.01202	0.00725	0.00542	0.00540	0.00180	0.00840	0.00420	0.00242	0.00843
72	0.01155	0.04516	0.75444	0.01617	0.02455	0.01347	0.02090	0.01809	0.01207	0.01802	0.01022	0.01202	0.00725	0.00542	0.00540	0.00180	0.00841	0.00420	0.00242	0.00843
73	0.01080	0.01017	0.01716	0.78523	0.03940	0.01271	0.01589	0.01461	0.01144	0.01461	0.01017	0.01525	0.00762	0.00572	0.00572	0.00191	0.00762	0.00508	0.00254	0.00635
74	0.00776	0.00580	0.00721	0.00693	0.00836	0.00524	0.00517	0.01011	0.01528	0.02096	0.57734	0.08029	0.20331	0.01258	0.00677	0.00185	0.00277	0.01099	0.00604	0.00524
75	0.06095	0.01211	0.01985	0.23918	0.48469	0.01292	0.01580	0.01650	0.01235	0.01809	0.01080	0.01451	0.00876	0.00535	0.00548	0.00174	0.00669	0.00499	0.04125	0.00797
76	0.52388	0.01206	0.01109	0.00924	0.01296	0.01354	0.00757	0.21787	0.01478	0.07454	0.01057	0.01154	0.00785	0.00653	0.00516	0.04039	0.00499	0.00392	0.00432	0.00722
77	0.01074	0.00998	0.01648	0.70412	0.03654	0.01215	0.01495	0.01440	0.01136	0.01479	0.01041	0.01539	0.00798	0.00736	0.04142	0.00218	0.00779	0.00503	0.00262	0.05432
78	0.01465	0.71941	0.02815	0.05470	0.01582	0.02122	0.00993	0.01656	0.01158	0.01358	0.00918	0.04604	0.00877	0.00555	0.00396	0.00131	0.00607	0.00379	0.00259	0.00716
79	0.01413	0.01368	0.02371	0.03460	0.72924	0.01363	0.05123	0.01759	0.01305	0.01867	0.01080	0.01422	0.00904	0.00508	0.00571	0.00171	0.00693	0.00517	0.00283	0.00900
80	0.01242	0.01218	0.01673	0.01441	0.01460	0.01677	0.01189	0.01448	0.05192	0.01423	0.00891	0.01418	0.00870	0.04653	0.01850	0.00261	0.70665	0.00524	0.00274	0.00629
81	0.00754	0.00647	0.00654	0.00641	0.00847	0.00581	0.00484	0.01053	0.09034	0.01634	0.05432	0.05153	0.68330	0.01378	0.00666	0.00193	0.00307	0.01149	0.00536	0.00527
82	0.02026	0.02561	0.06383	0.01472	0.01798	0.62041	0.01176	0.08245	0.01641	0.01609	0.00926	0.01084	0.00757	0.00619	0.00601	0.00157	0.05502	0.00392	0.00312	0.00698
83	0.06674	0.02222	0.01553	0.01360	0.01664	0.50271	0.01051	0.16082	0.01724	0.01924	0.01011	0.01157	0.00810	0.00634	0.00598	0.00160	0.05789	0.00409	0.04194	0.00712

[dist]
# distance from previous block
# <min> <max>
8	12

[block]
# block no. 2 follows, 41 sequences, length 12
# corresponding to MSA columns:
# 594-605
name=unknown_C
#
# <colnr> <probs for GDERKNQSTAVLIFYWHMCP>
#	G	D	E	R	K	N	Q	S	T	A	V	L	I	F	Y	W	H	M	C	P
0	0.01242	0.01272	0.02427	0.36683	0.17719	0.01351	0.27598	0.01651	0.01248	0.01673	0.01078	0.01510	0.00828	0.00528	0.00608	0.00187	0.00818	0.00568	0.00272	0.00737
1	0.01463	0.02542	0.53816	0.01534	0.02260	0.01465	0.01798	0.24128	0.01663	0.02363	0.01133	0.01259	0.00801	0.00587	0.00552	0.00178	0.00779	0.00451	0.00343	0.00884
2	0.01443	0.01422	0.02261	0.06171	0.69527	0.05576	0.01713	0.01774	0.01314	0.01828	0.01063	0.01398	0.00891	0.00516	0.00564	0.00169	0.00702	0.00502	0.00283	0.00883
3	0.01288	0.01978	0.25983	0.02171	0.02831	0.01410	0.52081	0.01826	0.01306	0.01826	0.01117	0.01440	0.00824	0.00501	0.00635	0.00189	0.00928	0.00597	0.00275	0.00794
4	0.01230	0.01298	0.02442	0.01815	0.02201	0.04991	0.47870	0.01547	0.01204	0.01588	0.01342	0.02193	0.01234	0.24896	0.01354	0.00302	0.00842	0.00708	0.00307	0.00635
5	0.01097	0.01089	0.02045	0.41764	0.03113	0.01186	0.23740	0.01461	0.01199	0.01575	0.01427	0.14944	0.01314	0.00754	0.00631	0.00198	0.00750	0.00752	0.00313	0.00648
6	0.01261	0.00686	0.00824	0.00751	0.00994	0.00590	0.00576	0.01421	0.01370	0.24637	0.04253	0.17140	0.40709	0.01280	0.00654	0.00195	0.00358	0.01085	0.00585	0.00630
7	0.01169	0.01938	0.40622	0.01616	0.14620	0.01089	0.01525	0.01655	0.01221	0.01920	0.01293	0.01528	0.00984	0.00575	0.00503	0.00164	0.00639	0.00472	0.25707	0.00760
8	0.01454	0.25536	0.01994	0.01511	0.14352	0.01670	0.01074	0.02411	0.39787	0.01981	0.01642	0.01637	0.01291	0.00642	0.00513	0.00168	0.00541	0.00518	0.00427	0.00853
9	0.00861	0.00676	0.00863	0.03688	0.01106	0.00586	0.00615	0.01019	0.01125	0.01584	0.02417	0.52561	0.02769	0.01326	0.00630	0.00185	0.00376	0.01189	0.00462	0.25959
10	0.01210	0.02524	0.54326	0.01870	0.02634	0.01365	0.24285	0.01818	0.01251	0.01818	0.01067	0.01311	0.00769	0.00525	0.00584	0.00185	0.00882	0.00500	0.00256	0.00823
11	0.01138	0.01076	0.01820	0.65624	0.16388	0.01286	0.01617	0.01512	0.01171	0.01531	0.01027	0.01506	0.00787	0.00561	0.00571	0.00187	0.00748	0.00509	0.00259	0.00682

[dist]
# distance from previous block
# <min> <max>
0	2

[block]
# block no. 3 follows, 41 sequences, length 17
# corresponding to MSA columns:
# 608-624
name=unknown_D
#
# <colnr> <probs for GDERKNQSTAVLIFYWHMCP>
#	G	D	E	R	K	N	Q	S	T	A	V	L	I	F	Y	W	H	M	C	P
0	0.00789	0.00586	0.00860	0.00891	0.00977	0.00656	0.00672	0.00969	0.00960	0.01359	0.01911	0.20307	0.01980	0.03706	0.59659	0.00759	0.01252	0.00850	0.00359	0.00500
1	0.01089	0.00621	0.00788	0.00788	0.00949	0.00551	0.00574	0.01232	0.01282	0.17270	0.07048	0.42413	0.20265	0.01455	0.00682	0.00209	0.00351	0.01280	0.00573	0.00579
2	0.01890	0.00969	0.01403	0.01473	0.16987	0.00892	0.00963	0.02178	0.03172	0.42043	0.19252	0.02383	0.02247	0.00776	0.00597	0.00177	0.00476	0.00670	0.00598	0.00856
3	0.01306	0.45118	0.02291	0.01415	0.16971	0.01658	0.01014	0.01513	0.01225	0.01502	0.02022	0.02094	0.18383	0.00718	0.00481	0.00149	0.00551	0.00559	0.00320	0.00711
4	0.00716	0.00546	0.00692	0.00757	0.00853	0.00522	0.00541	0.00851	0.01121	0.01458	0.03603	0.41231	0.24903	0.02212	0.16806	0.00364	0.00570	0.01289	0.00484	0.00480
5	0.00998	0.00799	0.00946	0.00789	0.01080	0.00649	0.00574	0.01162	0.01091	0.01612	0.01680	0.20029	0.01791	0.17374	0.01016	0.00218	0.00430	0.00743	0.00385	0.46635
6	0.01158	0.00986	0.01217	0.17261	0.01832	0.01131	0.00962	0.02097	0.38920	0.01948	0.02280	0.20298	0.02090	0.01009	0.00624	0.00206	0.00493	0.04263	0.00499	0.00728
7	0.00778	0.00550	0.00748	0.00864	0.00932	0.00527	0.00644	0.00926	0.01183	0.01574	0.07801	0.51094	0.03662	0.01696	0.00789	0.02726	0.00389	0.22109	0.00528	0.00481
8	0.01615	0.02266	0.38822	0.01542	0.02198	0.01533	0.06360	0.33977	0.01873	0.02607	0.01189	0.01303	0.00844	0.00603	0.00565	0.00178	0.00757	0.00480	0.00391	0.00897
9	0.01630	0.45586	0.02551	0.01674	0.19026	0.17817	0.01187	0.01842	0.01291	0.01479	0.00879	0.01058	0.00775	0.00515	0.00445	0.00139	0.00715	0.00367	0.00264	0.00759
10	0.01031	0.00968	0.01383	0.19228	0.01853	0.01231	0.01085	0.01231	0.01034	0.01425	0.01976	0.02343	0.16614	0.01448	0.11772	0.00317	0.33495	0.00666	0.00318	0.00582
11	0.01193	0.01208	0.02281	0.03354	0.02182	0.01093	0.40046	0.01575	0.01364	0.01928	0.16789	0.02030	0.01809	0.00614	0.00614	0.00165	0.00688	0.00668	0.00371	0.20029
12	0.01510	0.01240	0.01719	0.02152	0.34344	0.03137	0.01242	0.20539	0.01637	0.05252	0.01682	0.19671	0.01612	0.00866	0.00605	0.00185	0.00586	0.00771	0.00434	0.00817
13	0.01575	0.01199	0.02302	0.01692	0.02146	0.01114	0.41642	0.01951	0.01386	0.19398	0.01562	0.01761	0.01121	0.00573	0.00594	0.00177	0.00707	0.00622	0.17711	0.00769
14	0.02023	0.01636	0.01749	0.01373	0.01793	0.07522	0.04557	0.55697	0.09380	0.03146	0.01391	0.01423	0.01014	0.00691	0.00627	0.00176	0.03834	0.00523	0.00525	0.00919
15	0.01546	0.01215	0.04320	0.03375	0.10690	0.01111	0.27272	0.04001	0.01335	0.19233	0.01539	0.02067	0.01251	0.17167	0.01098	0.00261	0.00716	0.00649	0.00405	0.00751
16	0.01361	0.01392	0.07122	0.01823	0.06803	0.01272	0.32459	0.16774	0.01558	0.02117	0.01655	0.19702	0.01564	0.00837	0.00651	0.00195	0.00721	0.00837	0.00401	0.00755

[dist]
# distance from previous block
# <min> <max>
0	2

[block]
# block no. 4 follows, 41 sequences, length 21
# corresponding to MSA columns:
# 627-647
name=unknown_E
#
# <colnr> <probs for GDERKNQSTAVLIFYWHMCP>
#	G	D	E	R	K	N	Q	S	T	A	V	L	I	F	Y	W	H	M	C	P
0	0.00791	0.00598	0.00765	0.00806	0.00931	0.00522	0.00559	0.00921	0.01113	0.01538	0.02740	0.64381	0.03216	0.01527	0.00671	0.00204	0.00350	0.01377	0.00494	0.16496
1	0.01113	0.01087	0.05440	0.06578	0.37329	0.01002	0.01262	0.01413	0.01326	0.01869	0.18945	0.15995	0.02450	0.00897	0.00620	0.00185	0.00535	0.00827	0.00404	0.00723
2	0.01450	0.25968	0.29548	0.01369	0.01971	0.01657	0.07108	0.15760	0.01497	0.02002	0.01320	0.01436	0.05316	0.00604	0.00514	0.00163	0.00708	0.00472	0.00328	0.00809
3	0.01849	0.01420	0.01347	0.01145	0.01466	0.15931	0.00896	0.24418	0.07619	0.16081	0.05618	0.13640	0.01742	0.00872	0.00587	0.00178	0.00592	0.00706	0.03097	0.00794
4	0.01221	0.02495	0.54494	0.02079	0.16809	0.01347	0.09907	0.01803	0.01241	0.01825	0.01050	0.01284	0.00775	0.00530	0.00562	0.00180	0.00826	0.00467	0.00255	0.00849
5	0.01022	0.01265	0.15641	0.01224	0.01579	0.00915	0.10377	0.02669	0.01183	0.01688	0.01901	0.33311	0.02025	0.01054	0.00695	0.00189	0.05305	0.00938	0.00392	0.16627
6	0.01385	0.01266	0.02141	0.10157	0.40713	0.01222	0.11653	0.01727	0.01287	0.05482	0.01128	0.01426	0.00900	0.00505	0.00555	0.00159	0.00669	0.00503	0.00313	0.16810
7	0.01892	0.01307	0.01531	0.16129	0.02039	0.04669	0.01079	0.32340	0.06447	0.18174	0.06127	0.01791	0.02446	0.00711	0.00579	0.00178	0.00605	0.00570	0.00530	0.00857
8	0.01857	0.01194	0.01353	0.01136	0.01508	0.01283	0.00906	0.13331	0.41476	0.24553	0.02184	0.03461	0.01575	0.00762	0.00581	0.00186	0.00486	0.00625	0.00617	0.00927
9	0.01237	0.05404	0.33036	0.01418	0.01947	0.01181	0.13429	0.01724	0.03480	0.05498	0.01416	0.06201	0.01142	0.00663	0.00597	0.00177	0.03821	0.00570	0.16313	0.00744
10	0.00693	0.00514	0.00647	0.00754	0.00819	0.00468	0.00512	0.00801	0.01135	0.01477	0.03663	0.65216	0.17762	0.01726	0.00720	0.00225	0.00324	0.01545	0.00531	0.00468
11	0.01489	0.01696	0.10411	0.02121	0.02703	0.01498	0.52895	0.15863	0.01595	0.02173	0.01186	0.01477	0.00874	0.00528	0.00642	0.00188	0.00888	0.00619	0.00339	0.00818
12	0.03903	0.06122	0.46914	0.01449	0.02137	0.01443	0.01666	0.19626	0.01594	0.08105	0.01190	0.01284	0.00837	0.00588	0.00539	0.00176	0.00742	0.00448	0.00362	0.00875
13	0.01245	0.01549	0.16469	0.27810	0.16649	0.01344	0.09271	0.01905	0.14428	0.01810	0.01278	0.01554	0.00968	0.00582	0.00578	0.00186	0.00729	0.00534	0.00319	0.00789
14	0.01159	0.00794	0.00962	0.00855	0.01062	0.00785	0.00658	0.15314	0.01750	0.06886	0.45168	0.12542	0.07499	0.01135	0.00655	0.00185	0.00361	0.00985	0.00607	0.00638
15	0.01578	0.01245	0.01539	0.13617	0.10268	0.01382	0.01120	0.21984	0.25623	0.06533	0.01907	0.04252	0.04892	0.00749	0.00585	0.00185	0.00566	0.00626	0.00497	0.00851
16	0.01350	0.10067	0.45551	0.01359	0.02047	0.04742	0.01577	0.01829	0.01252	0.07696	0.01093	0.01225	0.00805	0.00530	0.00504	0.00155	0.00721	0.00405	0.00300	0.16794
17	0.00785	0.00608	0.00883	0.15838	0.01452	0.00632	0.00759	0.00949	0.01118	0.01476	0.02732	0.60007	0.03169	0.01543	0.00703	0.00226	0.00427	0.05715	0.00477	0.00501
18	0.07619	0.02814	0.70986	0.01562	0.02369	0.01325	0.01997	0.01801	0.01189	0.01870	0.01008	0.01186	0.00716	0.00542	0.00529	0.00181	0.00814	0.00414	0.00250	0.00828
19	0.17590	0.01301	0.01368	0.04830	0.09658	0.08954	0.00962	0.16304	0.07764	0.09884	0.13985	0.01876	0.01722	0.00714	0.00542	0.00175	0.00556	0.00565	0.00480	0.00772
20	0.01066	0.00998	0.07188	0.05891	0.08407	0.00882	0.04659	0.07023	0.04294	0.01986	0.16342	0.23742	0.02706	0.01067	0.00627	0.00192	0.00478	0.02994	0.08817	0.00642

[dist]
# distance from previous block
# <min> <max>
0	3

[block]
# block no. 5 follows, 41 sequences, length 9
# corresponding to MSA columns:
# 651-659
name=unknown_F
#
# <colnr> <probs for GDERKNQSTAVLIFYWHMCP>
#	G	D	E	R	K	N	Q	S	T	A	V	L	I	F	Y	W	H	M	C	P
0	0.00697	0.00498	0.00664	0.00796	0.00830	0.00465	0.00531	0.00796	0.01095	0.01460	0.03153	0.79525	0.03783	0.01792	0.00730	0.00232	0.00332	0.01626	0.00531	0.00465
1	0.12090	0.02199	0.47156	0.09502	0.02291	0.01239	0.01662	0.01913	0.01239	0.13778	0.01191	0.01322	0.00825	0.00571	0.00527	0.00181	0.00727	0.00441	0.00332	0.00814
2	0.01399	0.21003	0.39655	0.01507	0.07259	0.01527	0.01583	0.01997	0.09499	0.07589	0.01215	0.01314	0.00907	0.00567	0.00510	0.00167	0.00706	0.00438	0.00319	0.00840
3	0.01521	0.01082	0.01254	0.01086	0.01373	0.01200	0.00862	0.05659	0.37228	0.15677	0.10150	0.02468	0.07871	0.00879	0.00734	0.00194	0.08675	0.00698	0.00570	0.00819
4	0.01247	0.01361	0.04364	0.44936	0.03295	0.07387	0.19898	0.01624	0.01215	0.01554	0.01021	0.01460	0.00785	0.00583	0.00694	0.00192	0.06904	0.00536	0.00266	0.00677
5	0.02060	0.01398	0.04831	0.01177	0.01593	0.07340	0.00983	0.19168	0.19393	0.30884	0.03844	0.01814	0.01412	0.00714	0.00573	0.00178	0.00565	0.00567	0.00591	0.00915
6	0.01854	0.01111	0.01624	0.01259	0.01642	0.03388	0.14185	0.06139	0.03953	0.36023	0.10491	0.02347	0.07986	0.00792	0.00673	0.00184	0.04281	0.00687	0.00562	0.00818
7	0.01128	0.00779	0.00828	0.08895	0.01179	0.06771	0.00635	0.01353	0.01246	0.05396	0.07710	0.16299	0.02084	0.04199	0.00622	0.00182	0.00414	0.00770	0.38955	0.00555
8	0.01259	0.01161	0.01914	0.54962	0.13366	0.01348	0.06688	0.09196	0.01342	0.01768	0.01072	0.01496	0.00811	0.00569	0.00578	0.00186	0.00752	0.00521	0.00294	0.00717

[dist]
# distance from previous block
# <min> <max>
0	1

[block]
# block no. 6 follows, 41 sequences, length 12
# corresponding to MSA columns:
# 661-672
name=unknown_G
#
# <colnr> <probs for GDERKNQSTAVLIFYWHMCP>
#	G	D	E	R	K	N	Q	S	T	A	V	L	I	F	Y	W	H	M	C	P
0	0.15391	0.01310	0.02101	0.06582	0.55917	0.01347	0.05687	0.01733	0.01242	0.01965	0.01030	0.01346	0.00848	0.00515	0.00537	0.00173	0.00660	0.00485	0.00294	0.00837
1	0.01199	0.13506	0.66844	0.01541	0.02338	0.01456	0.01958	0.01798	0.01201	0.01748	0.00995	0.01168	0.00726	0.00536	0.00519	0.00173	0.00813	0.00407	0.00242	0.00830
2	0.02879	0.02135	0.00980	0.00880	0.01100	0.00806	0.00677	0.06004	0.11035	0.13830	0.16853	0.19107	0.12241	0.03851	0.00723	0.00210	0.00399	0.05062	0.00572	0.00657
3	0.01308	0.01470	0.05804	0.02047	0.02553	0.01372	0.53141	0.01965	0.13857	0.01892	0.01436	0.04374	0.01137	0.00745	0.03986	0.00225	0.00875	0.00690	0.00346	0.00775
4	0.00702	0.00502	0.00669	0.00793	0.00831	0.00468	0.00531	0.00810	0.01121	0.01501	0.06750	0.75811	0.03863	0.01761	0.00727	0.00230	0.00329	0.01597	0.00536	0.00468
5	0.01230	0.02374	0.56694	0.01432	0.02122	0.01167	0.04211	0.01793	0.01238	0.06590	0.01251	0.01423	0.00899	0.00573	0.00526	0.00173	0.00729	0.00460	0.14320	0.00798
6	0.01821	0.06630	0.08218	0.01197	0.01666	0.06185	0.01049	0.32864	0.06121	0.10018	0.01415	0.03923	0.01079	0.00654	0.00534	0.00157	0.00604	0.00504	0.00478	0.14884
7	0.00936	0.00966	0.06255	0.01293	0.01551	0.00813	0.21171	0.01215	0.01278	0.01749	0.15987	0.36425	0.03062	0.01226	0.00695	0.00209	0.00535	0.03580	0.00464	0.00590
8	0.01382	0.01432	0.01922	0.37986	0.30082	0.14248	0.01568	0.01709	0.01283	0.01600	0.01016	0.01401	0.00811	0.00552	0.00560	0.00176	0.00778	0.00485	0.00272	0.00739
9	0.01407	0.01377	0.04010	0.13526	0.02552	0.01409	0.35316	0.13995	0.01485	0.02065	0.01204	0.01537	0.00916	0.00597	0.00719	0.00188	0.07781	0.00587	0.08579	0.00750
10	0.03253	0.01116	0.01744	0.40844	0.22095	0.01214	0.01426	0.01603	0.04194	0.01700	0.01080	0.01449	0.00850	0.00538	0.00540	0.00167	0.00663	0.00481	0.00292	0.14751
11	0.12475	0.02416	0.53789	0.01489	0.02123	0.01394	0.01763	0.01720	0.01119	0.01841	0.00948	0.01177	0.00715	0.00619	0.00744	0.00192	0.14019	0.00420	0.00258	0.00777

[dist]
# distance from previous block
# <min> <max>
20	30

[block]
# block no. 7 follows, 41 sequences, length 10
# corresponding to MSA columns:
# 711-720
name=unknown_H
#
# <colnr> <probs for GDERKNQSTAVLIFYWHMCP>
#	G	D	E	R	K	N	Q	S	T	A	V	L	I	F	Y	W	H	M	C	P
0	0.01222	0.04936	0.56980	0.12368	0.02621	0.01381	0.04238	0.06407	0.01297	0.01864	0.01044	0.01264	0.00751	0.00553	0.00548	0.00180	0.00817	0.00445	0.00266	0.00818
1	0.41483	0.05351	0.01466	0.06950	0.18709	0.05579	0.01034	0.05270	0.05715	0.02240	0.01002	0.01182	0.00793	0.00552	0.00452	0.00173	0.00570	0.00403	0.00346	0.00729
2	0.11113	0.01032	0.05957	0.01063	0.04778	0.00864	0.03336	0.03928	0.02945	0.01862	0.01734	0.25445	0.01799	0.04331	0.00649	0.00181	0.00469	0.00792	0.00404	0.27316
3	0.01241	0.03002	0.07411	0.24328	0.30684	0.04406	0.05839	0.01607	0.02527	0.01675	0.01320	0.10901	0.01202	0.00691	0.00587	0.00184	0.00699	0.00640	0.00307	0.00749
4	0.07059	0.00971	0.04142	0.04600	0.01402	0.00904	0.05473	0.10348	0.01626	0.12643	0.35460	0.02917	0.05624	0.00900	0.00607	0.00179	0.00446	0.00776	0.03237	0.00687
5	0.11217	0.06892	0.59583	0.01481	0.02202	0.01397	0.01823	0.01767	0.01159	0.01854	0.00971	0.01160	0.00714	0.00564	0.00583	0.00181	0.04990	0.00407	0.00256	0.00800
6	0.01224	0.01180	0.01110	0.01181	0.04745	0.18910	0.00896	0.03255	0.01412	0.01689	0.08880	0.07970	0.06949	0.05462	0.00804	0.00232	0.00612	0.32453	0.00461	0.00574
7	0.06236	0.09316	0.36596	0.01401	0.04294	0.04571	0.06078	0.01670	0.04065	0.01713	0.03258	0.01750	0.01141	0.14466	0.00944	0.00240	0.00727	0.00519	0.00298	0.00717
8	0.12057	0.01405	0.01506	0.01176	0.01599	0.01527	0.00968	0.52551	0.02290	0.12158	0.05956	0.01565	0.01252	0.00700	0.00552	0.00173	0.00568	0.00529	0.00565	0.00904
9	0.00908	0.00895	0.10189	0.03768	0.01281	0.00684	0.06457	0.01007	0.01021	0.01386	0.01992	0.37001	0.02211	0.01557	0.01166	0.26099	0.00510	0.01015	0.00379	0.00473

[dist]
# distance from previous block
# <min> <max>
1	9

[block]
# block no. 8 follows, 41 sequences, length 12
# corresponding to MSA columns:
# 730-741
name=unknown_I
#
# <colnr> <probs for GDERKNQSTAVLIFYWHMCP>
#	G	D	E	R	K	N	Q	S	T	A	V	L	I	F	Y	W	H	M	C	P
0	0.00744	0.00574	0.00681	0.00689	0.00834	0.00511	0.00514	0.00937	0.01398	0.01834	0.32678	0.15660	0.34437	0.01396	0.00689	0.00197	0.00300	0.04853	0.00569	0.00505
1	0.00999	0.00703	0.00846	0.00789	0.00963	0.00694	0.00592	0.01408	0.14577	0.05329	0.35292	0.03662	0.17565	0.01249	0.00877	0.12082	0.00349	0.00901	0.00551	0.00572
2	0.18370	0.09224	0.41955	0.01342	0.01973	0.01419	0.03268	0.01952	0.11756	0.02010	0.01147	0.01265	0.00853	0.00568	0.00497	0.00177	0.00688	0.00427	0.00315	0.00795
3	0.01475	0.01304	0.01835	0.08469	0.37771	0.04547	0.01353	0.17335	0.01659	0.02267	0.14497	0.01909	0.01703	0.00674	0.00585	0.00173	0.00617	0.00598	0.00406	0.00823
4	0.01610	0.01723	0.02828	0.02081	0.02598	0.12398	0.50739	0.14846	0.01628	0.02087	0.01157	0.01440	0.00868	0.00534	0.00634	0.00183	0.00914	0.00603	0.00341	0.00792
5	0.01253	0.01640	0.15908	0.13154	0.11317	0.01385	0.33841	0.01693	0.01240	0.01728	0.01133	0.03958	0.00916	0.00597	0.00731	0.00194	0.07672	0.00602	0.00279	0.00758
6	0.01407	0.01321	0.02272	0.22375	0.19079	0.01389	0.22347	0.14614	0.01511	0.02040	0.01243	0.05477	0.01017	0.00615	0.00608	0.00185	0.00756	0.00615	0.00342	0.00786
7	0.16052	0.01224	0.01781	0.13390	0.41217	0.03645	0.01409	0.01648	0.01233	0.01901	0.01245	0.01935	0.01115	0.00653	0.00554	0.00185	0.00642	0.09086	0.00321	0.00763
8	0.00939	0.00678	0.00856	0.00872	0.01068	0.00608	0.00706	0.01144	0.01270	0.05026	0.03336	0.18323	0.18958	0.01384	0.00692	0.00213	0.00423	0.30612	0.00510	0.12379
9	0.18479	0.40534	0.24862	0.01128	0.01697	0.01778	0.01247	0.01736	0.01137	0.01739	0.00865	0.01007	0.00707	0.00514	0.00418	0.00151	0.00647	0.00342	0.00266	0.00744
10	0.01292	0.01516	0.06539	0.15951	0.03135	0.01410	0.57898	0.01765	0.01307	0.01765	0.01126	0.01524	0.00842	0.00501	0.00650	0.00192	0.00923	0.00633	0.00281	0.00751
11	0.00713	0.00510	0.00683	0.00815	0.00856	0.00479	0.00559	0.00825	0.01111	0.01479	0.03144	0.74188	0.03747	0.01777	0.00734	0.00235	0.00346	0.06801	0.00531	0.00469

[dist]
# distance from previous block
# <min> <max>
45	176

# created by:
# /software/SequenceAnalysis/GenePrediction/augustus/3.0.1/scripts/msa2prfl.pl ./fixed/BUSCOvEOG7PG7DH.fas
