[name]
unknown

[dist]
# distance from previous block
# <min> <max>
0	80

[block]
# block no. 0 follows, 41 sequences, length 42
# corresponding to MSA columns:
# 81-122
name=unknown_A
#
# <colnr> <probs for GDERKNQSTAVLIFYWHMCP>
#	G	D	E	R	K	N	Q	S	T	A	V	L	I	F	Y	W	H	M	C	P
0	0.01165	0.06604	0.73447	0.01600	0.02428	0.01372	0.02060	0.01807	0.01205	0.01789	0.01016	0.01194	0.00725	0.00541	0.00535	0.00178	0.00834	0.00417	0.00242	0.00840
1	0.01529	0.80242	0.02997	0.00979	0.01468	0.02263	0.00979	0.01713	0.01162	0.01346	0.00795	0.00918	0.00734	0.00489	0.00367	0.00122	0.00612	0.00306	0.00245	0.00734
2	0.02056	0.01583	0.25080	0.01199	0.01757	0.00983	0.01230	0.02418	0.01501	0.50438	0.04578	0.01800	0.01345	0.00673	0.00569	0.00178	0.00592	0.00544	0.00558	0.00917
3	0.01348	0.01441	0.02906	0.09087	0.26129	0.01404	0.45413	0.01777	0.01318	0.01813	0.01120	0.01501	0.00871	0.00498	0.00632	0.00185	0.00858	0.00609	0.00284	0.00802
4	0.01720	0.55869	0.02565	0.01134	0.01562	0.25952	0.01018	0.01892	0.01306	0.01363	0.00823	0.00953	0.00735	0.00521	0.00414	0.00130	0.00744	0.00326	0.00260	0.00712
5	0.00988	0.00888	0.01614	0.01395	0.01639	0.00846	0.23854	0.01273	0.01273	0.01696	0.04889	0.25898	0.02741	0.01282	0.00733	0.00229	0.00600	0.27119	0.00457	0.00586
6	0.01720	0.55869	0.02565	0.01134	0.01562	0.25952	0.01018	0.01892	0.01306	0.01363	0.00823	0.00953	0.00735	0.00521	0.00414	0.00130	0.00744	0.00326	0.00260	0.00712
7	0.02566	0.00973	0.01327	0.01018	0.01460	0.00841	0.00841	0.02788	0.01637	0.76726	0.02257	0.01947	0.01416	0.00708	0.00575	0.00177	0.00487	0.00575	0.00708	0.00973
8	0.00806	0.00598	0.00876	0.00889	0.00979	0.00681	0.00675	0.00988	0.00931	0.01327	0.01705	0.09816	0.01697	0.08664	0.65629	0.00831	0.01356	0.00724	0.00331	0.00496
9	0.01220	0.00997	0.01050	0.00958	0.01240	0.01082	0.00742	0.02287	0.47358	0.04848	0.03403	0.03187	0.25105	0.00982	0.00606	0.00191	0.00398	0.00817	0.02763	0.00765
10	0.00745	0.00520	0.00656	0.00739	0.00766	0.00496	0.00473	0.00821	0.01037	0.01389	0.06165	0.52147	0.03324	0.26322	0.01413	0.00331	0.00399	0.01348	0.00478	0.00431
11	0.02099	0.00987	0.01449	0.25388	0.02240	0.00976	0.01076	0.02371	0.01482	0.53061	0.01867	0.01814	0.01210	0.00665	0.00574	0.00181	0.00573	0.00554	0.00565	0.00867
12	0.01654	0.01435	0.02131	0.02821	0.52887	0.01489	0.01545	0.24604	0.01739	0.02415	0.01169	0.01402	0.00927	0.00565	0.00568	0.00170	0.00664	0.00511	0.00374	0.00927
13	0.01975	0.01186	0.01573	0.25482	0.02339	0.01271	0.01154	0.25047	0.01815	0.29914	0.01587	0.01633	0.01070	0.00658	0.00573	0.00180	0.00619	0.00535	0.00522	0.00867
14	0.00817	0.00613	0.00919	0.00919	0.01021	0.00715	0.00715	0.01021	0.00919	0.01328	0.01532	0.02247	0.01430	0.04290	0.77631	0.00919	0.01532	0.00613	0.00306	0.00511
15	0.00783	0.00562	0.00610	0.00610	0.00671	0.00532	0.00374	0.00828	0.00980	0.01246	0.03058	0.04297	0.25353	0.55231	0.02208	0.00441	0.00471	0.00950	0.00405	0.00389
16	0.01529	0.80242	0.02997	0.00979	0.01468	0.02263	0.00979	0.01713	0.01162	0.01346	0.00795	0.00918	0.00734	0.00489	0.00367	0.00122	0.00612	0.00306	0.00245	0.00734
17	0.00863	0.00547	0.00667	0.00680	0.00789	0.00519	0.00494	0.01090	0.01360	0.02040	0.34987	0.21900	0.03769	0.01163	0.00602	0.00178	0.00284	0.01021	0.26529	0.00519
18	0.01227	0.01124	0.01881	0.02696	0.52651	0.01157	0.01428	0.01525	0.01182	0.01699	0.01219	0.01677	0.01071	0.01698	0.24798	0.00406	0.00948	0.00542	0.00290	0.00782
19	0.01147	0.02959	0.76934	0.01630	0.02476	0.01328	0.02113	0.01811	0.01208	0.01811	0.01026	0.01208	0.00725	0.00543	0.00543	0.00181	0.00845	0.00423	0.00242	0.00845
20	0.00817	0.00613	0.00919	0.00919	0.01021	0.00715	0.00715	0.01021	0.00919	0.01328	0.01532	0.02247	0.01430	0.04290	0.77631	0.00919	0.01532	0.00613	0.00306	0.00511
21	0.01261	0.55194	0.02237	0.00853	0.01249	0.01703	0.00808	0.01432	0.01207	0.01408	0.02367	0.02360	0.24431	0.00791	0.00464	0.00145	0.00510	0.00589	0.00335	0.00655
22	0.00960	0.00853	0.01385	0.54084	0.02962	0.01017	0.01256	0.01252	0.01128	0.01461	0.01688	0.26051	0.01712	0.00956	0.00622	0.00204	0.00627	0.00860	0.00341	0.00582
23	0.02095	0.00835	0.01078	0.00865	0.01211	0.00744	0.00702	0.02330	0.01500	0.53272	0.02134	0.02005	0.01432	0.00695	0.00520	0.00163	0.00417	0.00562	0.26606	0.00835
24	0.02072	0.00824	0.01144	0.00932	0.01235	0.00733	0.00733	0.02145	0.01357	0.52914	0.01859	0.01881	0.01283	0.01110	0.01097	0.26332	0.00490	0.00551	0.00563	0.00745
25	0.01559	0.01009	0.01416	0.01208	0.01372	0.01213	0.00992	0.01734	0.01126	0.25057	0.01414	0.01712	0.01125	0.01709	0.19890	0.00390	0.35409	0.00551	0.00408	0.00707
26	0.00827	0.00573	0.00717	0.00717	0.00749	0.00605	0.00462	0.00891	0.00859	0.01178	0.01717	0.03273	0.01875	0.56125	0.26406	0.00669	0.00862	0.00763	0.00334	0.00398
27	0.00817	0.00661	0.00994	0.25236	0.01807	0.00718	0.00863	0.01006	0.01110	0.01461	0.02481	0.54999	0.02833	0.01408	0.00680	0.00219	0.00467	0.01275	0.00444	0.00518
28	0.01226	0.01216	0.01820	0.17853	0.05604	0.01623	0.03549	0.01426	0.00967	0.01431	0.00835	0.01326	0.00764	0.00872	0.01504	0.00232	0.56346	0.00508	0.00254	0.00645
29	0.55334	0.00957	0.00843	0.00759	0.01047	0.01064	0.00608	0.03687	0.01228	0.02512	0.24469	0.01994	0.02132	0.00736	0.00461	0.00178	0.00394	0.00544	0.00447	0.00605
30	0.01212	0.25596	0.01308	0.00673	0.00918	0.01077	0.00582	0.01452	0.01188	0.01885	0.01529	0.01750	0.01236	0.00611	0.00390	0.00130	0.00375	0.00462	0.57030	0.00596
31	0.01418	0.02874	0.01367	0.05273	0.11211	0.30038	0.00986	0.01595	0.01325	0.01534	0.01693	0.25872	0.01771	0.00975	0.00632	0.00181	0.03547	0.00805	0.06282	0.00622
32	0.01780	0.01305	0.01467	0.01233	0.01589	0.01423	0.01035	0.51395	0.02258	0.03010	0.01894	0.02970	0.01702	0.00968	0.00641	0.00200	0.00597	0.23143	0.00558	0.00832
33	0.01386	0.01380	0.02508	0.06824	0.57929	0.01373	0.16562	0.01757	0.01305	0.01842	0.01090	0.01447	0.00891	0.00507	0.00589	0.00176	0.00742	0.00543	0.00283	0.00866
34	0.01406	0.01349	0.02304	0.05713	0.74205	0.01356	0.01751	0.01747	0.01298	0.01857	0.01074	0.01419	0.00902	0.00511	0.00566	0.00170	0.00682	0.00510	0.00282	0.00898
35	0.02566	0.00973	0.01327	0.01018	0.01460	0.00841	0.00841	0.02788	0.01637	0.76726	0.02257	0.01947	0.01416	0.00708	0.00575	0.00177	0.00487	0.00575	0.00708	0.00973
36	0.00779	0.00577	0.00839	0.00881	0.00961	0.00636	0.00657	0.00951	0.00975	0.01369	0.02042	0.26546	0.02170	0.03504	0.53451	0.00703	0.01155	0.00931	0.00377	0.00496
37	0.01242	0.01237	0.00937	0.00891	0.00984	0.24781	0.00585	0.01288	0.01080	0.01201	0.01514	0.02890	0.01657	0.54961	0.02158	0.00427	0.00705	0.00686	0.00330	0.00446
38	0.00768	0.00548	0.00745	0.00877	0.00941	0.00526	0.00654	0.00919	0.01165	0.01539	0.03114	0.56548	0.03629	0.01725	0.00749	0.00242	0.00393	0.23905	0.00530	0.00484
39	0.00822	0.00595	0.00826	0.00826	0.00896	0.00665	0.00599	0.00962	0.00892	0.01259	0.01617	0.02717	0.01634	0.28063	0.54137	0.00805	0.01225	0.00682	0.00319	0.00459
40	0.00944	0.00608	0.00866	0.00956	0.01047	0.00608	0.00788	0.01047	0.01137	0.01486	0.02389	0.04970	0.02569	0.01708	0.01245	0.26391	0.00517	0.49846	0.00439	0.00439
41	0.00822	0.00595	0.00826	0.00826	0.00896	0.00665	0.00599	0.00962	0.00892	0.01259	0.01617	0.02717	0.01634	0.28063	0.54137	0.00805	0.01225	0.00682	0.00319	0.00459

[dist]
# distance from previous block
# <min> <max>
0	3

[block]
# block no. 1 follows, 41 sequences, length 18
# corresponding to MSA columns:
# 126-143
name=unknown_B
#
# <colnr> <probs for GDERKNQSTAVLIFYWHMCP>
#	G	D	E	R	K	N	Q	S	T	A	V	L	I	F	Y	W	H	M	C	P
0	0.02266	0.01605	0.01736	0.01343	0.01802	0.01742	0.01099	0.68605	0.02646	0.08724	0.01508	0.01518	0.01076	0.00738	0.00605	0.00186	0.00644	0.00544	0.00605	0.01009
1	0.29344	0.01101	0.01464	0.51162	0.02999	0.01314	0.01281	0.01589	0.01134	0.01911	0.01019	0.01426	0.00788	0.00609	0.00530	0.00200	0.00677	0.00465	0.00315	0.00670
2	0.01141	0.27758	0.01682	0.00992	0.01232	0.01288	0.00838	0.01315	0.01053	0.01409	0.01353	0.01889	0.01260	0.03003	0.50429	0.00653	0.01233	0.00532	0.00312	0.00628
3	0.00773	0.00586	0.00694	0.00777	0.00872	0.00520	0.00534	0.00866	0.01215	0.01563	0.04103	0.53485	0.28419	0.01712	0.00742	0.00232	0.00346	0.01494	0.00555	0.00513
4	0.01773	0.01226	0.01386	0.01122	0.01424	0.01339	0.00886	0.49361	0.02028	0.02717	0.01244	0.01498	0.00980	0.01129	0.01138	0.28468	0.00584	0.00509	0.00462	0.00726
5	0.83938	0.01106	0.00841	0.00752	0.01106	0.01283	0.00619	0.01681	0.00973	0.02566	0.00796	0.00929	0.00619	0.00531	0.00354	0.00177	0.00442	0.00310	0.00354	0.00619
6	0.01239	0.02415	0.51554	0.02270	0.27598	0.01339	0.01992	0.01792	0.01240	0.01831	0.01043	0.01278	0.00786	0.00532	0.00551	0.00177	0.00789	0.00452	0.00256	0.00866
7	0.01416	0.01359	0.02322	0.03511	0.76330	0.01359	0.01755	0.01755	0.01302	0.01869	0.01076	0.01416	0.00906	0.00510	0.00566	0.00170	0.00680	0.00510	0.00283	0.00906
8	0.01454	0.28192	0.02552	0.02650	0.50865	0.01667	0.01491	0.01741	0.01255	0.01691	0.00980	0.01246	0.00848	0.00503	0.00498	0.00154	0.00656	0.00440	0.00270	0.00848
9	0.01324	0.01903	0.27702	0.02871	0.51208	0.01349	0.01877	0.01774	0.01270	0.01849	0.01059	0.01345	0.00844	0.00521	0.00558	0.00174	0.00736	0.00480	0.00269	0.00885
10	0.01736	0.53874	0.02529	0.01147	0.01570	0.27890	0.01022	0.01907	0.01318	0.01364	0.00825	0.00956	0.00735	0.00523	0.00418	0.00131	0.00754	0.00327	0.00262	0.00710
11	0.01376	0.53293	0.02561	0.27356	0.02309	0.01926	0.01186	0.01627	0.01156	0.01385	0.00871	0.01124	0.00744	0.00517	0.00437	0.00146	0.00663	0.00375	0.00248	0.00700
12	0.01174	0.08319	0.71806	0.01585	0.02406	0.01393	0.02035	0.01805	0.01204	0.01779	0.01010	0.01187	0.00725	0.00540	0.00531	0.00177	0.00829	0.00415	0.00242	0.00838
13	0.01678	0.01356	0.01437	0.01216	0.01585	0.01542	0.00967	0.27321	0.50599	0.02805	0.02003	0.01875	0.01483	0.00746	0.00579	0.00186	0.00513	0.00602	0.00579	0.00928
14	0.00810	0.00585	0.00765	0.00720	0.00855	0.00540	0.00540	0.01079	0.01619	0.02294	0.76028	0.04273	0.05397	0.01169	0.00675	0.00180	0.00270	0.01034	0.00630	0.00540
15	0.01749	0.53492	0.02562	0.01093	0.01572	0.02097	0.01016	0.26446	0.01682	0.02114	0.00992	0.01073	0.00815	0.00556	0.00437	0.00139	0.00618	0.00377	0.00356	0.00815
16	0.01718	0.01246	0.01345	0.01081	0.01383	0.01359	0.00835	0.49390	0.02057	0.02756	0.01519	0.02179	0.01349	0.27631	0.01368	0.00302	0.00604	0.00623	0.00495	0.00760
17	0.00697	0.00498	0.00664	0.00796	0.00830	0.00465	0.00531	0.00796	0.01095	0.01460	0.03153	0.79525	0.03783	0.01792	0.00730	0.00232	0.00332	0.01626	0.00531	0.00465

[dist]
# distance from previous block
# <min> <max>
4	11

[block]
# block no. 2 follows, 41 sequences, length 15
# corresponding to MSA columns:
# 155-169
name=unknown_C
#
# <colnr> <probs for GDERKNQSTAVLIFYWHMCP>
#	G	D	E	R	K	N	Q	S	T	A	V	L	I	F	Y	W	H	M	C	P
0	0.01744	0.01206	0.01953	0.09823	0.46058	0.01189	0.01453	0.02051	0.01392	0.25254	0.01440	0.01592	0.01052	0.00578	0.00570	0.00174	0.00627	0.00530	0.00413	0.00902
1	0.02137	0.02726	0.01621	0.01474	0.01768	0.77602	0.01105	0.02284	0.01621	0.01400	0.00884	0.01031	0.00737	0.00589	0.00516	0.00147	0.01031	0.00368	0.00295	0.00663
2	0.01006	0.02189	0.53068	0.01369	0.01961	0.01058	0.01618	0.01494	0.01172	0.01702	0.01692	0.25714	0.01682	0.00934	0.00602	0.00197	0.00685	0.00799	0.00332	0.00726
3	0.02034	0.00994	0.01443	0.25270	0.02227	0.00995	0.01073	0.04563	0.01515	0.48552	0.04152	0.01870	0.01322	0.00679	0.00577	0.00181	0.00571	0.00567	0.00559	0.00854
4	0.00817	0.00660	0.00993	0.25118	0.01803	0.00717	0.00862	0.01005	0.01110	0.01461	0.02484	0.55118	0.02838	0.01410	0.00681	0.00219	0.00467	0.01276	0.00444	0.00518
5	0.01423	0.01200	0.01716	0.54364	0.03262	0.01428	0.01432	0.24292	0.01627	0.02132	0.01128	0.01478	0.00828	0.00608	0.00572	0.00185	0.00721	0.00510	0.00354	0.00741
6	0.01042	0.02216	0.53100	0.01345	0.01968	0.01082	0.01621	0.01582	0.01336	0.01962	0.24496	0.02167	0.02187	0.00739	0.00584	0.00181	0.00665	0.00614	0.00363	0.00750
7	0.00812	0.00509	0.00623	0.00714	0.00779	0.00486	0.00490	0.00964	0.01128	0.01671	0.02750	0.55308	0.03058	0.01440	0.00627	0.00201	0.00311	0.01284	0.26360	0.00486
8	0.01080	0.01017	0.01716	0.78523	0.03940	0.01271	0.01589	0.01461	0.01144	0.01461	0.01017	0.01525	0.00762	0.00572	0.00572	0.00191	0.00762	0.00508	0.00254	0.00635
9	0.00810	0.00585	0.00765	0.00720	0.00855	0.00540	0.00540	0.01079	0.01619	0.02294	0.76028	0.04273	0.05397	0.01169	0.00675	0.00180	0.00270	0.01034	0.00630	0.00540
10	0.01233	0.02417	0.53265	0.01484	0.02166	0.01358	0.01735	0.02196	0.24391	0.01993	0.01434	0.01498	0.01044	0.00616	0.00556	0.00185	0.00722	0.00493	0.00348	0.00864
11	0.00697	0.00498	0.00664	0.00796	0.00830	0.00465	0.00531	0.00796	0.01095	0.01460	0.03153	0.79525	0.03783	0.01792	0.00730	0.00232	0.00332	0.01626	0.00531	0.00465
12	0.27759	0.01447	0.01443	0.01140	0.01565	0.01620	0.00941	0.51661	0.02152	0.03280	0.01193	0.01234	0.00862	0.00638	0.00504	0.00173	0.00571	0.00451	0.00504	0.00862
13	0.01395	0.01338	0.02284	0.08148	0.71855	0.01354	0.01745	0.01737	0.01293	0.01844	0.01072	0.01422	0.00897	0.00513	0.00567	0.00171	0.00685	0.00510	0.00281	0.00889
14	0.01344	0.01252	0.01966	0.02677	0.52869	0.01172	0.01418	0.01657	0.01266	0.01867	0.01057	0.01344	0.00888	0.00483	0.00522	0.00143	0.00599	0.00456	0.00301	0.26718

[dist]
# distance from previous block
# <min> <max>
0	12

[block]
# block no. 3 follows, 41 sequences, length 15
# corresponding to MSA columns:
# 182-196
name=unknown_D
#
# <colnr> <probs for GDERKNQSTAVLIFYWHMCP>
#	G	D	E	R	K	N	Q	S	T	A	V	L	I	F	Y	W	H	M	C	P
0	0.00697	0.00498	0.00664	0.00796	0.00830	0.00465	0.00531	0.00796	0.01095	0.01460	0.03153	0.79525	0.03783	0.01792	0.00730	0.00232	0.00332	0.01626	0.00531	0.00465
1	0.00952	0.00811	0.01178	0.01100	0.01170	0.01037	0.00881	0.01132	0.00906	0.01343	0.01290	0.01938	0.01219	0.03269	0.54121	0.00712	0.25528	0.00578	0.00289	0.00546
2	0.58563	0.01260	0.01113	0.00927	0.01313	0.01435	0.00765	0.24257	0.01506	0.02889	0.00975	0.01067	0.00729	0.00579	0.00422	0.00175	0.00500	0.00373	0.00422	0.00729
3	0.01233	0.00900	0.01060	0.00905	0.01140	0.00923	0.00710	0.23842	0.01951	0.02701	0.52859	0.03373	0.04024	0.01020	0.00643	0.00177	0.00381	0.00873	0.00612	0.00674
4	0.00810	0.00585	0.00765	0.00720	0.00855	0.00540	0.00540	0.01079	0.01619	0.02294	0.76028	0.04273	0.05397	0.01169	0.00675	0.00180	0.00270	0.01034	0.00630	0.00540
5	0.00849	0.00659	0.00826	0.00812	0.00993	0.00557	0.00577	0.00996	0.01123	0.01585	0.02490	0.55212	0.02872	0.01367	0.00635	0.00186	0.00360	0.01227	0.00471	0.26202
6	0.01080	0.01017	0.01716	0.78523	0.03940	0.01271	0.01589	0.01461	0.01144	0.01461	0.01017	0.01525	0.00762	0.00572	0.00572	0.00191	0.00762	0.00508	0.00254	0.00635
7	0.01312	0.01253	0.02134	0.26791	0.53863	0.01332	0.01704	0.01664	0.01253	0.01742	0.01058	0.01450	0.00861	0.00529	0.00568	0.00176	0.00705	0.00509	0.00274	0.00822
8	0.00849	0.00659	0.00826	0.00812	0.00993	0.00557	0.00577	0.00996	0.01123	0.01585	0.02490	0.55212	0.02872	0.01367	0.00635	0.00186	0.00360	0.01227	0.00471	0.26202
9	0.01443	0.55727	0.02611	0.01141	0.01479	0.02105	0.01063	0.01608	0.01073	0.01355	0.00781	0.01021	0.00739	0.00648	0.00836	0.00162	0.24894	0.00366	0.00246	0.00700
10	0.00697	0.00498	0.00664	0.00796	0.00830	0.00465	0.00531	0.00796	0.01095	0.01460	0.03153	0.79525	0.03783	0.01792	0.00730	0.00232	0.00332	0.01626	0.00531	0.00465
11	0.01310	0.00922	0.01087	0.00929	0.01178	0.00935	0.00726	0.23900	0.01889	0.05888	0.40426	0.10440	0.03562	0.01038	0.00637	0.00180	0.00401	0.00890	0.00597	0.03064
12	0.01416	0.01359	0.02322	0.03511	0.76330	0.01359	0.01755	0.01755	0.01302	0.01869	0.01076	0.01416	0.00906	0.00510	0.00566	0.00170	0.00680	0.00510	0.00283	0.00906
13	0.01231	0.02462	0.53778	0.02214	0.25397	0.01338	0.02002	0.01794	0.01237	0.01829	0.01042	0.01272	0.00781	0.00533	0.00551	0.00178	0.00794	0.00450	0.00254	0.00864
14	0.27805	0.01040	0.01192	0.00947	0.01363	0.01016	0.00782	0.05335	0.01474	0.50760	0.01768	0.01608	0.01151	0.00652	0.00506	0.00177	0.00479	0.00490	0.00593	0.00864

[dist]
# distance from previous block
# <min> <max>
0	6

[block]
# block no. 4 follows, 41 sequences, length 7
# corresponding to MSA columns:
# 203-209
name=unknown_E
#
# <colnr> <probs for GDERKNQSTAVLIFYWHMCP>
#	G	D	E	R	K	N	Q	S	T	A	V	L	I	F	Y	W	H	M	C	P
0	0.30811	0.01020	0.01158	0.00926	0.01337	0.00994	0.00764	0.02404	0.01407	0.50985	0.01750	0.01594	0.01139	0.00647	0.00498	0.00177	0.00471	0.00483	0.00585	0.00851
1	0.01083	0.00905	0.00986	0.00954	0.01172	0.00982	0.00714	0.02005	0.40956	0.01976	0.03199	0.24297	0.16069	0.01183	0.00641	0.00205	0.00389	0.01023	0.00558	0.00705
2	0.01212	0.01210	0.01874	0.23012	0.02301	0.01593	0.07281	0.01437	0.00989	0.01437	0.00858	0.01351	0.00764	0.00839	0.01416	0.00229	0.50785	0.00517	0.00255	0.00640
3	0.01193	0.00695	0.00896	0.00795	0.01005	0.00640	0.00614	0.01510	0.05079	0.17547	0.54100	0.03752	0.07738	0.01069	0.00650	0.00181	0.00324	0.00930	0.00639	0.00643
4	0.00804	0.00642	0.00956	0.22429	0.01695	0.00689	0.00825	0.00982	0.01109	0.01461	0.02558	0.57816	0.02942	0.01452	0.00686	0.00221	0.00452	0.01315	0.00454	0.00512
5	0.01186	0.01017	0.01186	0.00847	0.01356	0.00762	0.00678	0.01440	0.01186	0.01864	0.01017	0.01186	0.00847	0.00424	0.00424	0.00085	0.00424	0.00339	0.00339	0.83395
6	0.00728	0.00522	0.00692	0.00775	0.00837	0.00485	0.00533	0.00875	0.01241	0.01692	0.23435	0.58581	0.04232	0.01619	0.00715	0.00218	0.00315	0.01461	0.00558	0.00485

[dist]
# distance from previous block
# <min> <max>
9	398

# created by:
# /software/SequenceAnalysis/GenePrediction/augustus/3.0.1/scripts/msa2prfl.pl ./fixed/BUSCOvEOG773R4X.fas
