[name]
unknown

[dist]
# distance from previous block
# <min> <max>
0	82

[block]
# block no. 0 follows, 40 sequences, length 22
# corresponding to MSA columns:
# 85-106
name=unknown_A
#
# <colnr> <probs for GDERKNQSTAVLIFYWHMCP>
#	G	D	E	R	K	N	Q	S	T	A	V	L	I	F	Y	W	H	M	C	P
0	0.56299	0.01029	0.00907	0.00828	0.01122	0.01119	0.00651	0.01584	0.01265	0.02602	0.24485	0.02165	0.02263	0.00814	0.00510	0.00200	0.00431	0.00583	0.00483	0.00659
1	0.01619	0.53887	0.02542	0.01124	0.01571	0.02068	0.01012	0.02233	0.24462	0.01805	0.01408	0.01472	0.01172	0.00660	0.00490	0.00167	0.00604	0.00457	0.00394	0.00854
2	0.01386	0.01135	0.01265	0.01215	0.01487	0.01252	0.00967	0.02541	0.50551	0.02298	0.02674	0.03682	0.02354	0.01113	0.00702	0.00238	0.00520	0.23167	0.00605	0.00849
3	0.02423	0.01490	0.01682	0.01307	0.01770	0.01549	0.01065	0.50439	0.02436	0.26619	0.01778	0.01722	0.01228	0.00772	0.00627	0.00195	0.00627	0.00576	0.00657	0.01037
4	0.01490	0.00799	0.01028	0.00895	0.01142	0.00708	0.00688	0.01711	0.01696	0.25697	0.48525	0.03743	0.07115	0.01112	0.00696	0.00202	0.00384	0.00936	0.00692	0.00741
5	0.01328	0.00673	0.00911	0.00904	0.01078	0.00610	0.00675	0.01483	0.01307	0.25085	0.02907	0.48332	0.03043	0.01455	0.00698	0.00221	0.00405	0.07647	0.00596	0.00641
6	0.02194	0.01061	0.01323	0.01073	0.01476	0.01033	0.00867	0.02867	0.24727	0.51036	0.04322	0.02104	0.01656	0.00754	0.00590	0.00185	0.00478	0.00620	0.00677	0.00956
7	0.53663	0.01276	0.01162	0.00960	0.01358	0.01438	0.00792	0.24539	0.01575	0.06897	0.01074	0.01142	0.00786	0.00599	0.00442	0.00178	0.00512	0.00395	0.00449	0.00762
8	0.01069	0.00807	0.00958	0.00889	0.01090	0.00836	0.00675	0.01762	0.24680	0.04701	0.45299	0.08627	0.04076	0.01090	0.00657	0.00191	0.00344	0.00953	0.00621	0.00675
9	0.00831	0.00623	0.00935	0.00935	0.01038	0.00727	0.00727	0.01038	0.00935	0.01350	0.01558	0.02285	0.01454	0.04361	0.77259	0.00935	0.01558	0.00623	0.00312	0.00519
10	0.58012	0.01283	0.01135	0.00945	0.01338	0.01462	0.00780	0.24479	0.01539	0.02942	0.00994	0.01087	0.00743	0.00590	0.00430	0.00178	0.00510	0.00381	0.00430	0.00743
11	0.01279	0.01143	0.01570	0.01714	0.24863	0.00966	0.01034	0.01565	0.01243	0.01896	0.01053	0.01279	0.00880	0.00458	0.00476	0.00113	0.00513	0.00399	0.00327	0.57227
12	0.02071	0.00907	0.01231	0.01055	0.01406	0.00824	0.00888	0.04376	0.01593	0.50742	0.02515	0.03405	0.02027	0.00998	0.00654	0.00207	0.00512	0.23084	0.00658	0.00847
13	0.01231	0.02555	0.53519	0.01907	0.02681	0.01388	0.24725	0.01848	0.01273	0.01848	0.01085	0.01335	0.00783	0.00533	0.00595	0.00188	0.00898	0.00511	0.00261	0.00836
14	0.01013	0.00800	0.00937	0.00867	0.01067	0.00829	0.00660	0.01712	0.24699	0.02326	0.49070	0.03722	0.07824	0.01077	0.00656	0.00188	0.00334	0.00936	0.00620	0.00663
15	0.01439	0.01382	0.02360	0.03569	0.75936	0.01382	0.01785	0.01785	0.01324	0.01900	0.01094	0.01439	0.00921	0.00518	0.00576	0.00173	0.00691	0.00518	0.00288	0.00921
16	0.06518	0.00768	0.00905	0.00765	0.01041	0.00667	0.00591	0.01237	0.01442	0.02162	0.42449	0.03210	0.08375	0.00925	0.00584	0.00153	0.00337	0.00791	0.00521	0.26558
17	0.02211	0.01629	0.01745	0.01338	0.01803	0.01803	0.01105	0.73997	0.02734	0.03665	0.01396	0.01396	0.00989	0.00698	0.00582	0.00175	0.00640	0.00524	0.00582	0.00989
18	0.01394	0.01335	0.02278	0.13571	0.66291	0.01370	0.01762	0.01745	0.01302	0.01844	0.01086	0.01454	0.00902	0.00527	0.00576	0.00176	0.00702	0.00518	0.00284	0.00884
19	0.01252	0.02496	0.53181	0.02260	0.25643	0.01360	0.02034	0.01824	0.01258	0.01860	0.01059	0.01294	0.00795	0.00542	0.00560	0.00181	0.00806	0.00458	0.00259	0.00879
20	0.00953	0.00799	0.00861	0.00725	0.01041	0.00669	0.00564	0.05964	0.01383	0.01814	0.04058	0.03930	0.47091	0.01092	0.00599	0.00160	0.00361	0.00902	0.00481	0.26551
21	0.00889	0.00639	0.00773	0.00737	0.00787	0.00662	0.00475	0.00943	0.00885	0.01225	0.01686	0.03285	0.01867	0.59491	0.13423	0.00569	0.04590	0.00763	0.00341	0.05969

[dist]
# distance from previous block
# <min> <max>
0	2

[block]
# block no. 1 follows, 40 sequences, length 14
# corresponding to MSA columns:
# 109-122
name=unknown_B
#
# <colnr> <probs for GDERKNQSTAVLIFYWHMCP>
#	G	D	E	R	K	N	Q	S	T	A	V	L	I	F	Y	W	H	M	C	P
0	0.02058	0.00875	0.01172	0.00981	0.01314	0.00779	0.00774	0.04704	0.01545	0.52689	0.02521	0.23779	0.02104	0.01030	0.00629	0.00196	0.00455	0.00885	0.00664	0.00843
1	0.01652	0.01679	0.01409	0.01272	0.01593	0.22864	0.00978	0.02873	0.54186	0.02147	0.01952	0.01853	0.01485	0.00735	0.00573	0.00184	0.00627	0.00577	0.00509	0.00851
2	0.00749	0.00537	0.00711	0.00782	0.00852	0.00499	0.00543	0.00912	0.01302	0.01785	0.28904	0.52627	0.04428	0.01597	0.00722	0.00217	0.00315	0.01440	0.00575	0.00499
3	0.01269	0.07521	0.50830	0.02155	0.23201	0.01421	0.01971	0.01819	0.01252	0.01827	0.01043	0.01268	0.00789	0.00539	0.00547	0.00177	0.00796	0.00447	0.00258	0.00870
4	0.00791	0.00569	0.00748	0.00754	0.00862	0.00527	0.00546	0.01016	0.01496	0.02092	0.55160	0.25495	0.05023	0.01368	0.00702	0.00198	0.00292	0.01222	0.00612	0.00527
5	0.00743	0.00574	0.00682	0.00745	0.00858	0.00525	0.00530	0.00934	0.03854	0.01625	0.10078	0.42129	0.29514	0.01603	0.00714	0.00217	0.00327	0.03297	0.00550	0.00503
6	0.00713	0.00523	0.00670	0.00774	0.00837	0.00480	0.00527	0.00833	0.01178	0.01553	0.08458	0.64120	0.13735	0.01732	0.00731	0.00227	0.00327	0.01555	0.00547	0.00480
7	0.01473	0.01308	0.02039	0.39140	0.04924	0.01487	0.13338	0.22045	0.01635	0.02171	0.01151	0.01496	0.00856	0.00615	0.00650	0.00191	0.03807	0.00546	0.00356	0.00772
8	0.24525	0.01071	0.01112	0.00851	0.01314	0.00960	0.00685	0.01620	0.05061	0.02125	0.01041	0.01183	0.00844	0.00481	0.00419	0.00119	0.00438	0.00353	0.00362	0.55436
9	0.01657	0.01452	0.02187	0.02939	0.54984	0.01501	0.01593	0.22194	0.01723	0.02399	0.01179	0.01427	0.00940	0.00569	0.00577	0.00173	0.00676	0.00520	0.00371	0.00940
10	0.01200	0.01257	0.00994	0.00940	0.01159	0.22266	0.00713	0.01484	0.06586	0.01755	0.18607	0.03858	0.31367	0.01126	0.00640	0.00184	0.00526	0.04256	0.00496	0.00587
11	0.57429	0.00963	0.00823	0.03384	0.01085	0.01095	0.00585	0.01458	0.00955	0.02152	0.01106	0.01774	0.01054	0.22875	0.01102	0.00289	0.00493	0.00472	0.00354	0.00552
12	0.00709	0.00506	0.00675	0.00810	0.00843	0.00472	0.00540	0.00810	0.01113	0.01484	0.03205	0.79184	0.03846	0.01822	0.00742	0.00236	0.00337	0.01653	0.00540	0.00472
13	0.01065	0.00885	0.01056	0.00847	0.01227	0.00690	0.00647	0.01279	0.01180	0.01779	0.01647	0.23244	0.01705	0.00824	0.00519	0.00129	0.00404	0.00714	0.00400	0.59760

[dist]
# distance from previous block
# <min> <max>
0	22

[block]
# block no. 2 follows, 40 sequences, length 25
# corresponding to MSA columns:
# 145-169
name=unknown_C
#
# <colnr> <probs for GDERKNQSTAVLIFYWHMCP>
#	G	D	E	R	K	N	Q	S	T	A	V	L	I	F	Y	W	H	M	C	P
0	0.54295	0.01191	0.01089	0.00899	0.01300	0.01301	0.00740	0.14383	0.01378	0.09908	0.01076	0.01147	0.00792	0.00575	0.00427	0.00171	0.00486	0.00380	0.00432	0.08030
1	0.00798	0.00593	0.00742	0.00705	0.00853	0.00538	0.00529	0.01049	0.01586	0.02190	0.62665	0.04577	0.18539	0.01242	0.00686	0.00185	0.00278	0.01084	0.00622	0.00538
2	0.02059	0.01110	0.01680	0.13618	0.05856	0.01089	0.08143	0.08676	0.01595	0.42971	0.01805	0.01808	0.01214	0.00854	0.04620	0.00223	0.00665	0.00577	0.00549	0.00887
3	0.01166	0.03008	0.76550	0.01657	0.02517	0.01351	0.02149	0.01842	0.01228	0.01842	0.01044	0.01228	0.00737	0.00552	0.00552	0.00184	0.00859	0.00430	0.00246	0.00859
4	0.01328	0.01268	0.02160	0.27872	0.52502	0.01352	0.01729	0.01687	0.01272	0.01765	0.01074	0.01475	0.00874	0.00539	0.00578	0.00180	0.00718	0.00518	0.00278	0.00831
5	0.02105	0.01620	0.01597	0.01265	0.01685	0.10735	0.01027	0.52721	0.02386	0.09461	0.01811	0.01776	0.07613	0.00757	0.00584	0.00174	0.00646	0.00573	0.00556	0.00907
6	0.01201	0.01206	0.02246	0.51469	0.10117	0.01347	0.20792	0.01612	0.01233	0.01622	0.01077	0.01545	0.00817	0.00552	0.00609	0.00193	0.00822	0.00562	0.00270	0.00707
7	0.01166	0.03008	0.76550	0.01657	0.02517	0.01351	0.02149	0.01842	0.01228	0.01842	0.01044	0.01228	0.00737	0.00552	0.00552	0.00184	0.00859	0.00430	0.00246	0.00859
8	0.01239	0.01307	0.02607	0.39424	0.03511	0.01383	0.38562	0.01679	0.01270	0.01679	0.01107	0.01560	0.00830	0.00535	0.00635	0.00195	0.00880	0.00604	0.00277	0.00717
9	0.00825	0.00541	0.00690	0.00796	0.00868	0.00519	0.00577	0.00990	0.01173	0.01671	0.02909	0.50999	0.03268	0.01545	0.00682	0.00220	0.00356	0.13011	0.17863	0.00497
10	0.00719	0.00585	0.00637	0.00635	0.00808	0.00503	0.00472	0.00893	0.01385	0.01739	0.21580	0.09922	0.55233	0.01430	0.00690	0.00196	0.00293	0.01214	0.00563	0.00503
11	0.01116	0.01052	0.01777	0.74248	0.07783	0.01297	0.01624	0.01501	0.01171	0.01508	0.01037	0.01545	0.00783	0.00578	0.00581	0.00193	0.00771	0.00517	0.00260	0.00660
12	0.01675	0.02505	0.24815	0.06635	0.12608	0.36683	0.01559	0.02063	0.03106	0.01646	0.01013	0.01216	0.00794	0.00577	0.00545	0.00167	0.00909	0.00427	0.00285	0.00770
13	0.01446	0.01249	0.01315	0.01183	0.01512	0.01446	0.00920	0.03090	0.74885	0.02433	0.02367	0.02170	0.01775	0.00789	0.00592	0.00197	0.00460	0.00657	0.00592	0.00920
14	0.01069	0.00543	0.00548	0.00548	0.00675	0.00543	0.00403	0.01323	0.01196	0.02103	0.01893	0.02271	0.01530	0.05620	0.00566	0.00162	0.00289	0.00561	0.77627	0.00530
15	0.01166	0.03008	0.76550	0.01657	0.02517	0.01351	0.02149	0.01842	0.01228	0.01842	0.01044	0.01228	0.00737	0.00552	0.00552	0.00184	0.00859	0.00430	0.00246	0.00859
16	0.02570	0.01052	0.01388	0.01064	0.01516	0.00947	0.00879	0.09762	0.01769	0.69263	0.02207	0.01923	0.01396	0.00718	0.00584	0.00179	0.00509	0.00579	0.00706	0.00990
17	0.01170	0.00793	0.00976	0.00853	0.01065	0.00779	0.00662	0.13456	0.01830	0.07283	0.58473	0.03698	0.04473	0.01076	0.00662	0.00181	0.00350	0.00933	0.00635	0.00651
18	0.00767	0.00569	0.00714	0.00726	0.00846	0.00517	0.00526	0.00970	0.01441	0.01959	0.42874	0.25028	0.18090	0.01415	0.00702	0.00200	0.00295	0.01249	0.00594	0.00517
19	0.00706	0.00514	0.00666	0.00788	0.00838	0.00474	0.00530	0.00812	0.01134	0.01493	0.03467	0.72019	0.10842	0.01788	0.00737	0.00232	0.00333	0.01612	0.00540	0.00474
20	0.58995	0.01063	0.00912	0.00838	0.01149	0.01210	0.00666	0.05391	0.07640	0.02468	0.01359	0.13547	0.01262	0.00774	0.00453	0.00190	0.00443	0.00569	0.00420	0.00649
21	0.02079	0.01268	0.01452	0.01176	0.01587	0.01341	0.00951	0.23646	0.28024	0.28885	0.02059	0.01877	0.01428	0.00738	0.00586	0.00185	0.00525	0.00593	0.00634	0.00965
22	0.00709	0.00506	0.00675	0.00810	0.00843	0.00472	0.00540	0.00810	0.01113	0.01484	0.03205	0.79184	0.03846	0.01822	0.00742	0.00236	0.00337	0.01653	0.00540	0.00472
23	0.01272	0.01272	0.01781	0.01527	0.01527	0.01781	0.01272	0.01399	0.00891	0.01399	0.00763	0.01272	0.00763	0.01018	0.01908	0.00254	0.78499	0.00509	0.00254	0.00636
24	0.01206	0.01034	0.01206	0.00861	0.01378	0.00775	0.00689	0.01464	0.01206	0.01895	0.01034	0.01206	0.00861	0.00431	0.00431	0.00086	0.00431	0.00345	0.00345	0.83118

[dist]
# distance from previous block
# <min> <max>
0	124

# created by:
# /software/SequenceAnalysis/GenePrediction/augustus/3.0.1/scripts/msa2prfl.pl ./fixed/BUSCOvEOG7908QS.fas
