[name]
unknown

[dist]
# distance from previous block
# <min> <max>
0	284

[block]
# block no. 0 follows, 40 sequences, length 60
# corresponding to MSA columns:
# 293-352
name=unknown_A
#
# <colnr> <probs for GDERKNQSTAVLIFYWHMCP>
#	G	D	E	R	K	N	Q	S	T	A	V	L	I	F	Y	W	H	M	C	P
0	0.83671	0.01125	0.00855	0.00765	0.01125	0.01305	0.00630	0.01709	0.00990	0.02609	0.00810	0.00945	0.00630	0.00540	0.00360	0.00180	0.00450	0.00315	0.00360	0.00630
1	0.00846	0.00564	0.00634	0.00634	0.00634	0.00564	0.00352	0.00846	0.00846	0.01128	0.01832	0.03805	0.02114	0.79563	0.02960	0.00564	0.00564	0.00846	0.00352	0.00352
2	0.01113	0.01062	0.01835	0.74091	0.03953	0.01302	0.05501	0.01506	0.01174	0.01506	0.01041	0.01551	0.00781	0.00576	0.00587	0.00194	0.00786	0.00526	0.00260	0.00653
3	0.00825	0.00595	0.00781	0.00747	0.00882	0.00552	0.00564	0.01094	0.01620	0.02286	0.70843	0.06338	0.05358	0.01222	0.00692	0.00188	0.00287	0.03945	0.00633	0.00546
4	0.00823	0.00594	0.00777	0.00732	0.00869	0.00549	0.00549	0.01097	0.01646	0.02332	0.75629	0.04344	0.05487	0.01189	0.00686	0.00183	0.00274	0.01052	0.00640	0.00549
5	0.00891	0.00841	0.04518	0.01088	0.01304	0.00695	0.11071	0.01095	0.01168	0.01610	0.02523	0.53997	0.02878	0.01385	0.00683	0.00208	0.00465	0.01282	0.00465	0.11831
6	0.02423	0.00948	0.01290	0.01003	0.01420	0.00823	0.00823	0.02653	0.01663	0.68613	0.09949	0.02226	0.01862	0.00769	0.00595	0.00180	0.00472	0.00634	0.00711	0.00944
7	0.01151	0.02901	0.73176	0.01616	0.02444	0.01315	0.02077	0.01808	0.01246	0.01863	0.04364	0.01366	0.00948	0.00581	0.00558	0.00184	0.00833	0.00457	0.00263	0.00846
8	0.01456	0.60381	0.21715	0.01163	0.01753	0.02060	0.01288	0.01767	0.01193	0.01488	0.00868	0.01008	0.00744	0.00511	0.00419	0.00140	0.00682	0.00341	0.00248	0.00775
9	0.01084	0.00542	0.00542	0.00542	0.00678	0.00542	0.00407	0.01355	0.01220	0.02168	0.01897	0.02168	0.01491	0.00678	0.00407	0.00136	0.00271	0.00542	0.82791	0.00542
10	0.01010	0.00505	0.00758	0.00758	0.00758	0.00505	0.00505	0.00758	0.00758	0.01010	0.01010	0.01768	0.01010	0.02020	0.02273	0.83081	0.00505	0.00505	0.00253	0.00253
11	0.00897	0.00649	0.00871	0.00960	0.01045	0.00666	0.00769	0.01077	0.01182	0.01559	0.02739	0.17221	0.03057	0.17668	0.01287	0.00323	0.03981	0.43072	0.00486	0.00492
12	0.01426	0.01368	0.02337	0.06420	0.73187	0.01378	0.01778	0.01773	0.01318	0.01884	0.01092	0.01444	0.00916	0.00521	0.00576	0.00174	0.00694	0.00518	0.00287	0.00911
13	0.02211	0.01629	0.01745	0.01338	0.01803	0.01803	0.01105	0.73997	0.02734	0.03665	0.01396	0.01396	0.00989	0.00698	0.00582	0.00175	0.00640	0.00524	0.00582	0.00989
14	0.00709	0.00506	0.00675	0.00810	0.00843	0.00472	0.00540	0.00810	0.01113	0.01484	0.03205	0.79184	0.03846	0.01822	0.00742	0.00236	0.00337	0.01653	0.00540	0.00472
15	0.01022	0.00796	0.03769	0.00837	0.01043	0.00710	0.00673	0.06060	0.04673	0.05271	0.62104	0.03852	0.04704	0.01098	0.00666	0.00183	0.00337	0.00959	0.00622	0.00622
16	0.01206	0.01034	0.01206	0.00861	0.01378	0.00775	0.00689	0.01464	0.01206	0.01895	0.01034	0.01206	0.00861	0.00431	0.00431	0.00086	0.00431	0.00345	0.00345	0.83118
17	0.00709	0.00506	0.00675	0.00810	0.00843	0.00472	0.00540	0.00810	0.01113	0.01484	0.03205	0.79184	0.03846	0.01822	0.00742	0.00236	0.00337	0.01653	0.00540	0.00472
18	0.00937	0.00669	0.00937	0.01071	0.01205	0.00669	0.00937	0.01205	0.01339	0.01740	0.03079	0.06560	0.03347	0.01606	0.00803	0.00268	0.00535	0.72021	0.00535	0.00535
19	0.46429	0.04298	0.07536	0.00938	0.01364	0.01218	0.00845	0.04455	0.01278	0.21724	0.04084	0.01383	0.01051	0.00616	0.00455	0.00178	0.00503	0.00430	0.00458	0.00757
20	0.01192	0.05051	0.70521	0.01742	0.06439	0.01379	0.02097	0.01836	0.01232	0.01832	0.01040	0.01231	0.00747	0.00549	0.00549	0.00182	0.00844	0.00431	0.00248	0.00860
21	0.00813	0.00594	0.00764	0.00721	0.00863	0.00545	0.00541	0.01078	0.01623	0.02277	0.70589	0.04434	0.10561	0.01209	0.00686	0.00184	0.00276	0.01064	0.00633	0.00545
22	0.01098	0.01034	0.01744	0.78165	0.04005	0.01292	0.01615	0.01486	0.01163	0.01486	0.01034	0.01550	0.00775	0.00581	0.00581	0.00194	0.00775	0.00517	0.00258	0.00646
23	0.01593	0.01569	0.04734	0.04331	0.07819	0.04354	0.48593	0.07933	0.01513	0.09712	0.01287	0.01559	0.00940	0.00541	0.00647	0.00189	0.00876	0.00627	0.00360	0.00826
24	0.01373	0.01569	0.03431	0.02451	0.03039	0.01471	0.73824	0.01863	0.01373	0.01863	0.01176	0.01569	0.00882	0.00490	0.00686	0.00196	0.00980	0.00686	0.00294	0.00784
25	0.00925	0.00661	0.00922	0.01047	0.01178	0.00658	0.00907	0.01188	0.01347	0.01761	0.06555	0.08567	0.03464	0.01593	0.00796	0.00263	0.00517	0.66576	0.00541	0.00534
26	0.83671	0.01125	0.00855	0.00765	0.01125	0.01305	0.00630	0.01709	0.00990	0.02609	0.00810	0.00945	0.00630	0.00540	0.00360	0.00180	0.00450	0.00315	0.00360	0.00630
27	0.48886	0.04869	0.01203	0.04430	0.04263	0.03522	0.00810	0.09710	0.01334	0.07484	0.07574	0.01411	0.01177	0.00627	0.00452	0.00176	0.00508	0.00439	0.00419	0.00705
28	0.25401	0.01234	0.01786	0.12856	0.41864	0.01320	0.01385	0.01700	0.01215	0.02064	0.03366	0.01402	0.00961	0.00554	0.00517	0.00178	0.00619	0.00475	0.00316	0.00787
29	0.01206	0.01034	0.01206	0.00861	0.01378	0.00775	0.00689	0.01464	0.01206	0.01895	0.01034	0.01206	0.00861	0.00431	0.00431	0.00086	0.00431	0.00345	0.00345	0.83118
30	0.00754	0.00587	0.00689	0.00704	0.00856	0.00522	0.00531	0.00946	0.01400	0.01812	0.27071	0.14728	0.38218	0.01441	0.00704	0.00204	0.00315	0.07438	0.00571	0.00510
31	0.00831	0.00623	0.00935	0.00935	0.01038	0.00727	0.00727	0.01038	0.00935	0.01350	0.01558	0.02285	0.01454	0.04361	0.77259	0.00935	0.01558	0.00623	0.00312	0.00519
32	0.00696	0.00569	0.00615	0.00647	0.00802	0.00488	0.00469	0.00835	0.01281	0.01568	0.06955	0.23828	0.56125	0.01552	0.00701	0.00206	0.00305	0.01329	0.00542	0.00488
33	0.02211	0.01629	0.01745	0.01338	0.01803	0.01803	0.01105	0.73997	0.02734	0.03665	0.01396	0.01396	0.00989	0.00698	0.00582	0.00175	0.00640	0.00524	0.00582	0.00989
34	0.00846	0.00564	0.00634	0.00634	0.00634	0.00564	0.00352	0.00846	0.00846	0.01128	0.01832	0.03805	0.02114	0.79563	0.02960	0.00564	0.00564	0.00846	0.00352	0.00352
35	0.01613	0.75536	0.02953	0.00997	0.01492	0.02221	0.00987	0.01802	0.01208	0.05526	0.00891	0.00991	0.00785	0.00510	0.00385	0.00127	0.00615	0.00326	0.00275	0.00760
36	0.00687	0.00589	0.00589	0.00589	0.00785	0.00491	0.00442	0.00835	0.01325	0.01571	0.05891	0.05596	0.75700	0.01473	0.00687	0.00196	0.00295	0.01227	0.00540	0.00491
37	0.01555	0.79913	0.03047	0.00995	0.01493	0.02301	0.00995	0.01741	0.01182	0.01368	0.00808	0.00933	0.00746	0.00498	0.00373	0.00124	0.00622	0.00311	0.00249	0.00746
38	0.30283	0.01110	0.01226	0.00977	0.01398	0.01118	0.00807	0.10667	0.01557	0.42734	0.01683	0.01558	0.01111	0.00656	0.00508	0.00179	0.00496	0.00485	0.00581	0.00867
39	0.00709	0.00506	0.00675	0.00810	0.00843	0.00472	0.00540	0.00810	0.01113	0.01484	0.03205	0.79184	0.03846	0.01822	0.00742	0.00236	0.00337	0.01653	0.00540	0.00472
40	0.01555	0.79913	0.03047	0.00995	0.01493	0.02301	0.00995	0.01741	0.01182	0.01368	0.00808	0.00933	0.00746	0.00498	0.00373	0.00124	0.00622	0.00311	0.00249	0.00746
41	0.01206	0.01034	0.01206	0.00861	0.01378	0.00775	0.00689	0.01464	0.01206	0.01895	0.01034	0.01206	0.00861	0.00431	0.00431	0.00086	0.00431	0.00345	0.00345	0.83118
42	0.11040	0.01052	0.01328	0.01030	0.01471	0.00974	0.00850	0.08145	0.01676	0.63099	0.02071	0.01827	0.01321	0.00699	0.00561	0.00180	0.00501	0.00552	0.00672	0.00952
43	0.00835	0.00607	0.00855	0.00855	0.00931	0.00684	0.00627	0.00987	0.00911	0.01291	0.01631	0.02689	0.01629	0.24346	0.57514	0.00836	0.01294	0.00682	0.00322	0.00475
44	0.02609	0.00990	0.01350	0.01035	0.01484	0.00855	0.00855	0.02834	0.01664	0.76338	0.02294	0.01979	0.01439	0.00720	0.00585	0.00180	0.00495	0.00585	0.00720	0.00990
45	0.01206	0.01034	0.01206	0.00861	0.01378	0.00775	0.00689	0.01464	0.01206	0.01895	0.01034	0.01206	0.00861	0.00431	0.00431	0.00086	0.00431	0.00345	0.00345	0.83118
46	0.83671	0.01125	0.00855	0.00765	0.01125	0.01305	0.00630	0.01709	0.00990	0.02609	0.00810	0.00945	0.00630	0.00540	0.00360	0.00180	0.00450	0.00315	0.00360	0.00630
47	0.01446	0.01249	0.01315	0.01183	0.01512	0.01446	0.00920	0.03090	0.74885	0.02433	0.02367	0.02170	0.01775	0.00789	0.00592	0.00197	0.00460	0.00657	0.00592	0.00920
48	0.83671	0.01125	0.00855	0.00765	0.01125	0.01305	0.00630	0.01709	0.00990	0.02609	0.00810	0.00945	0.00630	0.00540	0.00360	0.00180	0.00450	0.00315	0.00360	0.00630
49	0.01446	0.01249	0.01315	0.01183	0.01512	0.01446	0.00920	0.03090	0.74885	0.02433	0.02367	0.02170	0.01775	0.00789	0.00592	0.00197	0.00460	0.00657	0.00592	0.00920
50	0.01206	0.01034	0.01206	0.00861	0.01378	0.00775	0.00689	0.01464	0.01206	0.01895	0.01034	0.01206	0.00861	0.00431	0.00431	0.00086	0.00431	0.00345	0.00345	0.83118
51	0.01166	0.03008	0.76550	0.01657	0.02517	0.01351	0.02149	0.01842	0.01228	0.01842	0.01044	0.01228	0.00737	0.00552	0.00552	0.00184	0.00859	0.00430	0.00246	0.00859
52	0.00709	0.00608	0.00610	0.00606	0.00807	0.00519	0.00456	0.00900	0.03456	0.01596	0.05789	0.05497	0.73558	0.01453	0.00685	0.00196	0.00299	0.01211	0.00542	0.00503
53	0.02609	0.00990	0.01350	0.01035	0.01484	0.00855	0.00855	0.02834	0.01664	0.76338	0.02294	0.01979	0.01439	0.00720	0.00585	0.00180	0.00495	0.00585	0.00720	0.00990
54	0.83671	0.01125	0.00855	0.00765	0.01125	0.01305	0.00630	0.01709	0.00990	0.02609	0.00810	0.00945	0.00630	0.00540	0.00360	0.00180	0.00450	0.00315	0.00360	0.00630
55	0.00709	0.00506	0.00675	0.00810	0.00843	0.00472	0.00540	0.00810	0.01113	0.01484	0.03205	0.79184	0.03846	0.01822	0.00742	0.00236	0.00337	0.01653	0.00540	0.00472
56	0.01446	0.01249	0.01315	0.01183	0.01512	0.01446	0.00920	0.03090	0.74885	0.02433	0.02367	0.02170	0.01775	0.00789	0.00592	0.00197	0.00460	0.00657	0.00592	0.00920
57	0.01224	0.01050	0.01214	0.00886	0.01388	0.00826	0.00707	0.01588	0.06826	0.01936	0.01135	0.01279	0.00931	0.00458	0.00443	0.00095	0.00433	0.00368	0.00363	0.76848
58	0.06916	0.01378	0.01453	0.01156	0.01555	0.01497	0.00947	0.53934	0.02326	0.03157	0.02245	0.02290	0.14998	0.00857	0.00594	0.00181	0.00561	0.02533	0.00559	0.00862
59	0.01373	0.01569	0.03431	0.02451	0.03039	0.01471	0.73824	0.01863	0.01373	0.01863	0.01176	0.01569	0.00882	0.00490	0.00686	0.00196	0.00980	0.00686	0.00294	0.00784

[dist]
# distance from previous block
# <min> <max>
0	53

# created by:
# /software/SequenceAnalysis/GenePrediction/augustus/3.0.1/scripts/msa2prfl.pl ./fixed/BUSCOvEOG79CRNZ.fas
