[name]
unknown

[dist]
# distance from previous block
# <min> <max>
48	433

[block]
# block no. 0 follows, 41 sequences, length 6
# corresponding to MSA columns:
# 495-500
name=unknown_A
#
# <colnr> <probs for GDERKNQSTAVLIFYWHMCP>
#	G	D	E	R	K	N	Q	S	T	A	V	L	I	F	Y	W	H	M	C	P
0	0.01398	0.14513	0.46260	0.01450	0.02113	0.16135	0.01653	0.01863	0.01279	0.01665	0.00963	0.01128	0.00736	0.00536	0.00504	0.00159	0.00818	0.00389	0.00259	0.06176
1	0.01291	0.01593	0.16572	0.19460	0.46353	0.01334	0.01788	0.01702	0.01250	0.01769	0.01053	0.01399	0.00840	0.00530	0.00563	0.00177	0.00730	0.00493	0.00269	0.00835
2	0.01232	0.01058	0.01207	0.00908	0.01381	0.00890	0.00722	0.01748	0.15471	0.01966	0.01269	0.01369	0.01020	0.00492	0.00454	0.00106	0.00429	0.00398	0.00386	0.67495
3	0.01186	0.01017	0.01186	0.00847	0.01356	0.00762	0.00678	0.01440	0.01186	0.01864	0.01017	0.01186	0.00847	0.00424	0.00424	0.00085	0.00424	0.00339	0.00339	0.83395
4	0.01080	0.01017	0.01716	0.78523	0.03940	0.01271	0.01589	0.01461	0.01144	0.01461	0.01017	0.01525	0.00762	0.00572	0.00572	0.00191	0.00762	0.00508	0.00254	0.00635
5	0.00832	0.00555	0.00624	0.00624	0.00624	0.00555	0.00347	0.00832	0.00832	0.01109	0.01802	0.03743	0.02080	0.79898	0.02911	0.00555	0.00555	0.00832	0.00347	0.00347

[dist]
# distance from previous block
# <min> <max>
1	2

[block]
# block no. 1 follows, 41 sequences, length 6
# corresponding to MSA columns:
# 503-508
name=unknown_B
#
# <colnr> <probs for GDERKNQSTAVLIFYWHMCP>
#	G	D	E	R	K	N	Q	S	T	A	V	L	I	F	Y	W	H	M	C	P
0	0.01436	0.61398	0.21026	0.01138	0.01714	0.02035	0.01255	0.01737	0.01173	0.01459	0.00852	0.00988	0.00732	0.00503	0.00410	0.00137	0.00669	0.00334	0.00244	0.00761
1	0.05292	0.01284	0.01232	0.01081	0.01402	0.09197	0.00842	0.11331	0.34897	0.04830	0.02370	0.06842	0.10423	0.00852	0.00574	0.00181	0.00508	0.00691	0.00521	0.05652
2	0.01346	0.14602	0.02860	0.01849	0.02398	0.01442	0.46810	0.01731	0.01285	0.01757	0.01068	0.01365	0.00841	0.00471	0.00572	0.00159	0.00794	0.00544	0.00292	0.17815
3	0.01668	0.01756	0.01302	0.01170	0.01399	0.37896	0.00877	0.04808	0.04662	0.06511	0.01824	0.02190	0.10594	0.14018	0.01045	0.00234	0.06443	0.00594	0.00381	0.00629
4	0.01676	0.01311	0.01526	0.01391	0.09455	0.01368	0.01004	0.38073	0.09690	0.02746	0.01571	0.09949	0.01330	0.00750	0.00563	0.00165	0.00547	0.00618	0.00496	0.15770
5	0.01397	0.01283	0.02078	0.25494	0.47002	0.01377	0.01635	0.09358	0.01402	0.01932	0.01090	0.01444	0.00871	0.00547	0.00569	0.00176	0.00699	0.00510	0.00305	0.00833

[dist]
# distance from previous block
# <min> <max>
8	21

[block]
# block no. 2 follows, 41 sequences, length 6
# corresponding to MSA columns:
# 530-535
name=unknown_C
#
# <colnr> <probs for GDERKNQSTAVLIFYWHMCP>
#	G	D	E	R	K	N	Q	S	T	A	V	L	I	F	Y	W	H	M	C	P
0	0.01120	0.01057	0.01787	0.69657	0.12496	0.01281	0.01608	0.01496	0.01162	0.01510	0.01024	0.01512	0.00779	0.00565	0.00571	0.00188	0.00753	0.00508	0.00258	0.00667
1	0.57757	0.16310	0.01292	0.00824	0.01197	0.01430	0.00707	0.01769	0.04391	0.05303	0.03957	0.01157	0.00917	0.00567	0.00389	0.00167	0.00470	0.00364	0.00369	0.00665
2	0.06732	0.01349	0.01737	0.01325	0.01773	0.01387	0.11555	0.35969	0.04272	0.15649	0.01538	0.04824	0.01147	0.00680	0.00570	0.00172	0.00607	0.00574	0.00521	0.07617
3	0.15450	0.02639	0.63788	0.01479	0.02239	0.01321	0.01855	0.01789	0.01167	0.01942	0.00987	0.01160	0.00706	0.00541	0.00511	0.00180	0.00776	0.00403	0.00261	0.00806
4	0.01049	0.00972	0.01535	0.52308	0.09815	0.01104	0.01335	0.01376	0.01189	0.01544	0.01847	0.02177	0.13797	0.00706	0.00578	0.00181	0.00648	0.00616	0.00311	0.06911
5	0.01234	0.01442	0.14451	0.01205	0.01626	0.06770	0.08272	0.01550	0.05473	0.01657	0.01146	0.03572	0.00979	0.00834	0.00882	0.15761	0.03214	0.00478	0.00313	0.29139

[dist]
# distance from previous block
# <min> <max>
19	80

[block]
# block no. 3 follows, 41 sequences, length 6
# corresponding to MSA columns:
# 631-636
name=unknown_D
#
# <colnr> <probs for GDERKNQSTAVLIFYWHMCP>
#	G	D	E	R	K	N	Q	S	T	A	V	L	I	F	Y	W	H	M	C	P
0	0.01491	0.00898	0.01108	0.00907	0.01249	0.00801	0.00713	0.04209	0.08471	0.22706	0.18140	0.09956	0.02382	0.00844	0.00571	0.00159	0.00408	0.00719	0.00554	0.23714
1	0.01345	0.08590	0.45878	0.01400	0.02088	0.05213	0.01610	0.09590	0.01381	0.01956	0.01037	0.01190	0.00774	0.00536	0.00510	0.00157	0.00739	0.00406	0.00297	0.15304
2	0.16453	0.00950	0.01234	0.01329	0.14328	0.00934	0.00867	0.01883	0.03500	0.26555	0.12058	0.10435	0.02026	0.04138	0.00662	0.00198	0.00468	0.00705	0.00521	0.00755
3	0.01217	0.01098	0.01795	0.12437	0.45608	0.01131	0.01397	0.01494	0.01201	0.01666	0.01406	0.02380	0.01350	0.14542	0.01002	0.00250	0.00652	0.08324	0.00317	0.00732
4	0.20828	0.06329	0.41982	0.01335	0.01978	0.01445	0.01523	0.14497	0.01410	0.02279	0.01021	0.01156	0.00744	0.00563	0.00495	0.00175	0.00700	0.00406	0.00326	0.00809
5	0.01875	0.04807	0.05566	0.01373	0.01715	0.46234	0.01107	0.09198	0.14577	0.01822	0.01307	0.01563	0.01077	0.00681	0.00545	0.00165	0.00840	0.04428	0.00380	0.00740

[dist]
# distance from previous block
# <min> <max>
11	15

[block]
# block no. 4 follows, 41 sequences, length 14
# corresponding to MSA columns:
# 653-666
name=unknown_E
#
# <colnr> <probs for GDERKNQSTAVLIFYWHMCP>
#	G	D	E	R	K	N	Q	S	T	A	V	L	I	F	Y	W	H	M	C	P
0	0.01134	0.01099	0.01940	0.64711	0.09200	0.01296	0.09481	0.01523	0.01178	0.01532	0.01036	0.01519	0.00785	0.00558	0.00583	0.00189	0.00778	0.00526	0.00260	0.00670
1	0.52704	0.01068	0.01130	0.21816	0.01911	0.01232	0.00906	0.01742	0.01091	0.10310	0.01014	0.01201	0.00745	0.00561	0.00437	0.00181	0.00534	0.00392	0.00365	0.00662
2	0.01475	0.01292	0.02066	0.05865	0.52821	0.01364	0.01547	0.01898	0.07901	0.07667	0.01242	0.01508	0.00998	0.00605	0.00711	0.00182	0.09125	0.00526	0.00338	0.00870
3	0.23540	0.01042	0.01418	0.37708	0.09543	0.01224	0.01194	0.01601	0.06571	0.01826	0.01058	0.01418	0.00831	0.00697	0.00662	0.07632	0.00621	0.00464	0.00308	0.00642
4	0.01243	0.14328	0.39665	0.14721	0.15662	0.01469	0.01786	0.01728	0.01207	0.01691	0.00998	0.01253	0.00765	0.00534	0.00525	0.00172	0.00766	0.00434	0.00252	0.00804
5	0.08299	0.07009	0.01570	0.01247	0.01608	0.31070	0.00993	0.18301	0.09733	0.05031	0.01298	0.01510	0.01041	0.00663	0.00524	0.00162	0.00730	0.03819	0.00418	0.04975
6	0.01346	0.12281	0.13364	0.02112	0.02715	0.01540	0.54589	0.01813	0.01305	0.01764	0.01091	0.01413	0.00830	0.00491	0.00616	0.00182	0.00901	0.00591	0.00277	0.00777
7	0.01146	0.01020	0.01355	0.33977	0.02414	0.01174	0.01120	0.01930	0.27932	0.01833	0.02234	0.02445	0.12010	0.00795	0.00591	0.00190	0.00562	0.02739	0.00424	0.04110
8	0.07587	0.01171	0.01274	0.01069	0.01370	0.07904	0.00849	0.09361	0.02940	0.15939	0.01563	0.11624	0.01367	0.01042	0.05760	0.00222	0.10948	0.00616	0.00446	0.16949
9	0.01680	0.01918	0.01413	0.01261	0.01499	0.42038	0.00971	0.08276	0.01523	0.01617	0.01934	0.02072	0.16216	0.02641	0.00810	0.00183	0.12359	0.00583	0.00363	0.00641
10	0.01547	0.01217	0.01415	0.01208	0.06996	0.01178	0.00885	0.30143	0.01753	0.02471	0.01290	0.03655	0.01092	0.07687	0.00724	0.00171	0.00533	0.00500	0.00433	0.35102
11	0.07302	0.53592	0.22941	0.01140	0.01716	0.01939	0.01262	0.01737	0.01161	0.01559	0.00858	0.00997	0.00723	0.00507	0.00414	0.00142	0.00663	0.00338	0.00252	0.00756
12	0.07747	0.01354	0.01625	0.01539	0.08175	0.12454	0.05205	0.01511	0.01059	0.01518	0.00993	0.01515	0.00932	0.06412	0.11027	0.00324	0.35184	0.00513	0.00283	0.00631
13	0.00887	0.06775	0.00848	0.00683	0.00779	0.00694	0.00457	0.00958	0.00960	0.01285	0.02181	0.07694	0.09973	0.48996	0.07022	0.00449	0.00564	0.00827	0.03648	0.04320

[dist]
# distance from previous block
# <min> <max>
7	33

[block]
# block no. 5 follows, 41 sequences, length 6
# corresponding to MSA columns:
# 700-705
name=unknown_F
#
# <colnr> <probs for GDERKNQSTAVLIFYWHMCP>
#	G	D	E	R	K	N	Q	S	T	A	V	L	I	F	Y	W	H	M	C	P
0	0.01277	0.01052	0.01234	0.01091	0.06783	0.00966	0.00777	0.11554	0.09236	0.02045	0.01732	0.02014	0.07916	0.09716	0.00780	0.00178	0.00477	0.00543	0.00411	0.40218
1	0.01088	0.00767	0.01001	0.06126	0.05769	0.00765	0.00737	0.08960	0.01519	0.06096	0.28481	0.18873	0.09279	0.01127	0.00636	0.00187	0.00391	0.00987	0.06593	0.00617
2	0.26508	0.01045	0.01363	0.31199	0.02295	0.01248	0.03462	0.03473	0.01123	0.01870	0.01446	0.04627	0.07659	0.00734	0.00674	0.00195	0.09569	0.00558	0.00330	0.00623
3	0.12090	0.01176	0.01434	0.01524	0.16762	0.01224	0.01007	0.10980	0.19630	0.11894	0.01925	0.01999	0.06712	0.00714	0.00548	0.00176	0.00512	0.02323	0.00484	0.06889
4	0.06639	0.18756	0.04929	0.04362	0.01552	0.23300	0.00959	0.01993	0.09854	0.05820	0.06721	0.01559	0.01301	0.00640	0.00487	0.00155	0.00652	0.00469	0.09148	0.00704
5	0.12852	0.05745	0.01557	0.05304	0.01706	0.07115	0.00982	0.35596	0.10387	0.02743	0.01281	0.01340	0.00959	0.00624	0.00513	0.00162	0.00598	0.00461	0.00464	0.09610

[dist]
# distance from previous block
# <min> <max>
8	29

[block]
# block no. 6 follows, 41 sequences, length 12
# corresponding to MSA columns:
# 739-750
name=unknown_G
#
# <colnr> <probs for GDERKNQSTAVLIFYWHMCP>
#	G	D	E	R	K	N	Q	S	T	A	V	L	I	F	Y	W	H	M	C	P
0	0.01431	0.01226	0.01770	0.39836	0.14740	0.01376	0.01409	0.20727	0.01580	0.02124	0.01120	0.01440	0.00848	0.00580	0.00559	0.00174	0.00686	0.00496	0.00349	0.07531
1	0.01165	0.01174	0.02156	0.52179	0.03490	0.01356	0.20703	0.01552	0.01176	0.01552	0.01032	0.01507	0.00789	0.00583	0.00706	0.00196	0.07197	0.00552	0.00263	0.00670
2	0.00938	0.00735	0.00864	0.00852	0.01009	0.00757	0.00628	0.01505	0.21239	0.01980	0.26852	0.23638	0.09037	0.04737	0.00766	0.00217	0.00355	0.02716	0.00569	0.00605
3	0.59184	0.01309	0.04027	0.00935	0.01335	0.01414	0.00801	0.20848	0.01435	0.02811	0.00957	0.01057	0.00717	0.00572	0.00419	0.00176	0.00507	0.00368	0.00407	0.00721
4	0.01247	0.01107	0.01485	0.01549	0.21106	0.00920	0.00962	0.01523	0.01217	0.01865	0.01032	0.01247	0.00863	0.00446	0.00461	0.00107	0.00491	0.00384	0.00324	0.61665
5	0.00873	0.00750	0.00768	0.00733	0.00961	0.00730	0.00559	0.01405	0.20795	0.01768	0.04881	0.04617	0.56512	0.01271	0.00651	0.00193	0.00333	0.01060	0.00545	0.00594
6	0.01327	0.01269	0.02162	0.23271	0.57260	0.01336	0.01711	0.01678	0.01261	0.01761	0.01060	0.01444	0.00868	0.00526	0.00568	0.00175	0.00701	0.00509	0.00276	0.00835
7	0.01172	0.00908	0.01111	0.00928	0.01303	0.00756	0.00764	0.03714	0.01286	0.04636	0.01751	0.05581	0.01707	0.00837	0.00554	0.00150	0.00460	0.21943	0.00423	0.50016
8	0.03059	0.07519	0.01456	0.01023	0.01441	0.01071	0.03587	0.04604	0.10003	0.23713	0.01909	0.01869	0.07290	0.00673	0.00573	0.00152	0.03542	0.00537	0.00486	0.25493
9	0.38180	0.01606	0.20971	0.02831	0.01562	0.04107	0.01063	0.04282	0.03992	0.04799	0.01443	0.01601	0.06963	0.03734	0.00565	0.00194	0.00579	0.00469	0.00363	0.00695
10	0.01518	0.01034	0.01185	0.00934	0.01280	0.00982	0.00717	0.18461	0.04777	0.12140	0.01531	0.02047	0.01317	0.21474	0.01141	0.00246	0.00516	0.00555	0.00455	0.27690
11	0.01222	0.01043	0.01089	0.00984	0.01214	0.09750	0.03290	0.10129	0.06739	0.04888	0.14223	0.23115	0.14571	0.01155	0.00639	0.00189	0.00473	0.00994	0.00519	0.03775

[dist]
# distance from previous block
# <min> <max>
0	7

[block]
# block no. 7 follows, 41 sequences, length 6
# corresponding to MSA columns:
# 758-763
name=unknown_H
#
# <colnr> <probs for GDERKNQSTAVLIFYWHMCP>
#	G	D	E	R	K	N	Q	S	T	A	V	L	I	F	Y	W	H	M	C	P
0	0.01321	0.01039	0.01376	0.01083	0.01464	0.00974	0.09794	0.08802	0.12497	0.08566	0.09344	0.02603	0.16427	0.00807	0.00580	0.00161	0.00479	0.00702	0.00489	0.21491
1	0.01336	0.01134	0.01517	0.01134	0.01589	0.01023	0.09846	0.14568	0.01442	0.02103	0.01166	0.01404	0.00949	0.00987	0.10650	0.00224	0.00673	0.00448	0.00370	0.47438
2	0.01162	0.00778	0.01027	0.00892	0.01123	0.00769	0.00698	0.01370	0.01118	0.10862	0.05439	0.02100	0.01507	0.07278	0.31519	0.00478	0.05329	0.00569	0.05866	0.20117
3	0.01562	0.35238	0.08387	0.09234	0.21421	0.01668	0.01314	0.01849	0.01263	0.11459	0.01101	0.01266	0.00871	0.00536	0.00481	0.00153	0.00646	0.00424	0.00316	0.00810
4	0.05845	0.29119	0.05031	0.14576	0.08998	0.03713	0.08295	0.11252	0.01414	0.01881	0.04109	0.01341	0.00987	0.00566	0.00500	0.00160	0.00677	0.00459	0.00320	0.00756
5	0.01568	0.01437	0.01787	0.02326	0.39505	0.14156	0.01292	0.01944	0.08515	0.08662	0.01370	0.01776	0.01161	0.11023	0.00869	0.00220	0.00683	0.00547	0.00362	0.00797

[dist]
# distance from previous block
# <min> <max>
0	3

[block]
# block no. 8 follows, 41 sequences, length 11
# corresponding to MSA columns:
# 767-777
name=unknown_I
#
# <colnr> <probs for GDERKNQSTAVLIFYWHMCP>
#	G	D	E	R	K	N	Q	S	T	A	V	L	I	F	Y	W	H	M	C	P
0	0.01326	0.00928	0.01116	0.01018	0.01221	0.04298	0.00826	0.01605	0.05575	0.15652	0.07830	0.07340	0.13044	0.01118	0.00860	0.00207	0.14032	0.15120	0.03223	0.03659
1	0.01230	0.00834	0.01008	0.00927	0.01093	0.00881	0.00717	0.13564	0.01347	0.06155	0.01925	0.03370	0.01908	0.26012	0.07350	0.00368	0.04777	0.16285	0.06946	0.03303
2	0.01295	0.01273	0.01599	0.01360	0.01563	0.12451	0.10679	0.07807	0.01225	0.01615	0.01203	0.01682	0.01066	0.02209	0.32842	0.00498	0.18134	0.00552	0.00313	0.00633
3	0.01627	0.08276	0.14712	0.11596	0.02064	0.31330	0.01280	0.09743	0.01496	0.01712	0.01159	0.01380	0.02814	0.00928	0.07266	0.00228	0.00911	0.00451	0.00314	0.00712
4	0.13652	0.01365	0.01493	0.14557	0.01972	0.08859	0.04893	0.22439	0.03479	0.02335	0.01489	0.01628	0.06769	0.00649	0.00528	0.00165	0.00623	0.00511	0.00407	0.12186
5	0.37126	0.01078	0.00959	0.00852	0.01159	0.07639	0.00663	0.01557	0.01176	0.06427	0.07254	0.14921	0.01638	0.00797	0.00483	0.00169	0.00461	0.00620	0.00419	0.14602
6	0.01526	0.01107	0.01278	0.00975	0.01398	0.01022	0.00786	0.22514	0.01733	0.08982	0.14224	0.01841	0.01721	0.00653	0.00523	0.00134	0.00462	0.00531	0.00489	0.38100
7	0.01372	0.01348	0.02398	0.11213	0.59026	0.01361	0.11357	0.01735	0.01292	0.01821	0.01080	0.01444	0.00886	0.00513	0.00581	0.00175	0.00726	0.00531	0.00281	0.00860
8	0.12074	0.01007	0.01538	0.39811	0.17430	0.01150	0.01310	0.01434	0.01144	0.01689	0.01369	0.14938	0.01295	0.00765	0.00569	0.00192	0.00629	0.00676	0.00321	0.00658
9	0.01138	0.01076	0.01821	0.65527	0.16481	0.01286	0.01617	0.01512	0.01171	0.01532	0.01027	0.01506	0.00787	0.00561	0.00571	0.00187	0.00748	0.00509	0.00259	0.00682
10	0.06465	0.01293	0.01401	0.01107	0.01501	0.01373	0.00898	0.42847	0.07286	0.03002	0.14294	0.01878	0.01756	0.00733	0.00558	0.00163	0.00517	0.00579	0.00539	0.11809

[dist]
# distance from previous block
# <min> <max>
0	5

[block]
# block no. 9 follows, 41 sequences, length 6
# corresponding to MSA columns:
# 783-788
name=unknown_J
#
# <colnr> <probs for GDERKNQSTAVLIFYWHMCP>
#	G	D	E	R	K	N	Q	S	T	A	V	L	I	F	Y	W	H	M	C	P
0	0.01261	0.01260	0.02126	0.01563	0.02009	0.01199	0.29033	0.01580	0.01195	0.01766	0.01024	0.01335	0.00838	0.00548	0.00776	0.00155	0.14426	0.00496	0.00304	0.37107
1	0.23282	0.10019	0.01054	0.00775	0.01068	0.01068	0.00630	0.01545	0.14213	0.01946	0.03265	0.03153	0.34047	0.00973	0.00537	0.00181	0.00397	0.00763	0.00459	0.00623
2	0.01367	0.01310	0.02235	0.14294	0.65924	0.01346	0.01731	0.01713	0.01280	0.01810	0.01067	0.01431	0.00885	0.00519	0.00567	0.00173	0.00691	0.00509	0.00279	0.00867
3	0.30377	0.01334	0.01218	0.00998	0.01383	0.14475	0.05640	0.01628	0.01212	0.01990	0.01476	0.01590	0.09424	0.00613	0.00461	0.00148	0.00558	0.00456	0.00355	0.24662
4	0.01276	0.01973	0.29308	0.02196	0.15571	0.01332	0.29635	0.01779	0.01277	0.01834	0.01085	0.01371	0.00822	0.00504	0.00588	0.00176	0.00827	0.00528	0.00275	0.07643
5	0.33056	0.01211	0.01662	0.13677	0.36609	0.01317	0.01294	0.01683	0.01152	0.02076	0.00960	0.01245	0.00774	0.00527	0.00486	0.00176	0.00601	0.00433	0.00306	0.00755

[dist]
# distance from previous block
# <min> <max>
3	7

[block]
# block no. 10 follows, 41 sequences, length 8
# corresponding to MSA columns:
# 796-803
name=unknown_K
#
# <colnr> <probs for GDERKNQSTAVLIFYWHMCP>
#	G	D	E	R	K	N	Q	S	T	A	V	L	I	F	Y	W	H	M	C	P
0	0.06896	0.00797	0.01035	0.00980	0.01134	0.00874	0.00802	0.01334	0.01282	0.08929	0.19607	0.05391	0.08568	0.01397	0.06000	0.00265	0.14607	0.19019	0.00492	0.00591
1	0.06422	0.01864	0.33155	0.01240	0.01718	0.07072	0.01320	0.07077	0.01323	0.01855	0.01963	0.11760	0.09495	0.01113	0.05505	0.00237	0.00718	0.05095	0.00367	0.00699
2	0.06313	0.01075	0.01051	0.00970	0.01158	0.11789	0.00736	0.09141	0.06205	0.01811	0.07189	0.02248	0.01649	0.12899	0.28514	0.00490	0.00931	0.00610	0.04626	0.00595
3	0.20317	0.01394	0.19659	0.01003	0.01426	0.00999	0.00986	0.01781	0.03968	0.18445	0.01996	0.02235	0.10436	0.11973	0.00861	0.00234	0.00549	0.00594	0.00434	0.00708
4	0.01361	0.01312	0.01705	0.02047	0.29280	0.10652	0.04260	0.06101	0.05148	0.01829	0.07239	0.07803	0.01602	0.06033	0.05720	0.00252	0.05899	0.00660	0.00367	0.00732
5	0.01448	0.01033	0.01128	0.01039	0.01282	0.06931	0.00824	0.15775	0.04825	0.12738	0.04058	0.18737	0.06961	0.01366	0.05546	0.00250	0.00581	0.14252	0.00535	0.00689
6	0.00957	0.00497	0.00735	0.00752	0.00756	0.00493	0.00501	0.00752	0.00789	0.01051	0.01261	0.11390	0.01340	0.01963	0.02049	0.73045	0.00476	0.00637	0.00283	0.00275
7	0.01349	0.01309	0.02284	0.17245	0.57863	0.01349	0.06804	0.01707	0.01277	0.01791	0.01071	0.01445	0.00877	0.00519	0.00575	0.00175	0.00715	0.00521	0.00278	0.00847

[dist]
# distance from previous block
# <min> <max>
14	136

# created by:
# /software/SequenceAnalysis/GenePrediction/augustus/3.0.1/scripts/msa2prfl.pl ./fixed/BUSCOvEOG7V70W6.fas
