[name]
unknown

[dist]
# distance from previous block
# <min> <max>
0	536

[block]
# block no. 0 follows, 41 sequences, length 67
# corresponding to MSA columns:
# 612-678
name=unknown_A
#
# <colnr> <probs for GDERKNQSTAVLIFYWHMCP>
#	G	D	E	R	K	N	Q	S	T	A	V	L	I	F	Y	W	H	M	C	P
0	0.01025	0.00736	0.00984	0.01099	0.01238	0.00714	0.00930	0.01244	0.01388	0.01824	0.05643	0.09330	0.04852	0.01631	0.00827	0.00278	0.00545	0.64561	0.00566	0.00586
1	0.00912	0.00629	0.00739	0.00774	0.00801	0.00607	0.00476	0.00921	0.00995	0.01344	0.02306	0.26979	0.02660	0.51279	0.05533	0.00486	0.00568	0.01096	0.00441	0.00456
2	0.06419	0.19358	0.01698	0.01036	0.01452	0.01224	0.00873	0.02332	0.01555	0.45229	0.10783	0.02083	0.01794	0.00778	0.00577	0.00186	0.00527	0.00590	0.00606	0.00902
3	0.00690	0.00524	0.00637	0.00727	0.00811	0.00470	0.00500	0.00804	0.01162	0.01487	0.03998	0.55847	0.26916	0.01682	0.00713	0.00220	0.00318	0.01492	0.00531	0.00470
4	0.00829	0.00553	0.00625	0.00628	0.00628	0.00553	0.00351	0.00831	0.00838	0.01117	0.01832	0.05439	0.02118	0.78150	0.02862	0.00547	0.00550	0.00850	0.00351	0.00349
5	0.00770	0.00566	0.00718	0.00813	0.00880	0.00549	0.00557	0.00992	0.07321	0.01552	0.05367	0.64556	0.07033	0.01678	0.00764	0.03047	0.00344	0.01468	0.00529	0.00497
6	0.01350	0.01543	0.03375	0.02411	0.02989	0.01446	0.74253	0.01832	0.01350	0.01832	0.01157	0.01543	0.00868	0.00482	0.00675	0.00193	0.00964	0.00675	0.00289	0.00771
7	0.01329	0.01481	0.03028	0.02216	0.02671	0.01512	0.58644	0.01735	0.01249	0.01735	0.01070	0.01481	0.00843	0.00593	0.00932	0.00205	0.17618	0.00638	0.00281	0.00740
8	0.01094	0.00560	0.00563	0.00553	0.00694	0.00565	0.00417	0.03185	0.01237	0.02170	0.01853	0.02113	0.01454	0.00667	0.00404	0.00134	0.00276	0.00533	0.80982	0.00544
9	0.01256	0.01264	0.01823	0.01542	0.01567	0.01739	0.04459	0.01397	0.00897	0.01397	0.00769	0.01264	0.00756	0.00978	0.01824	0.00248	0.75429	0.00508	0.00252	0.00632
10	0.00832	0.00555	0.00624	0.00624	0.00624	0.00555	0.00347	0.00832	0.00832	0.01109	0.01802	0.03743	0.02080	0.79898	0.02911	0.00555	0.00555	0.00832	0.00347	0.00347
11	0.00697	0.00498	0.00664	0.00796	0.00830	0.00465	0.00531	0.00796	0.01095	0.01460	0.03153	0.79525	0.03783	0.01792	0.00730	0.00232	0.00332	0.01626	0.00531	0.00465
12	0.01101	0.01038	0.01753	0.73875	0.08425	0.01276	0.01599	0.01480	0.01154	0.01487	0.01020	0.01518	0.00771	0.00568	0.00572	0.00189	0.00757	0.00508	0.00256	0.00652
13	0.01350	0.01543	0.03375	0.02411	0.02989	0.01446	0.74253	0.01832	0.01350	0.01832	0.01157	0.01543	0.00868	0.00482	0.00675	0.00193	0.00964	0.00675	0.00289	0.00771
14	0.02332	0.01022	0.01306	0.01025	0.01438	0.00953	0.00839	0.08714	0.08515	0.58953	0.02164	0.01928	0.01413	0.00710	0.00564	0.00175	0.00481	0.00574	0.05954	0.00939
15	0.83938	0.01106	0.00841	0.00752	0.01106	0.01283	0.00619	0.01681	0.00973	0.02566	0.00796	0.00929	0.00619	0.00531	0.00354	0.00177	0.00442	0.00310	0.00354	0.00619
16	0.01238	0.01232	0.01726	0.01484	0.01487	0.01720	0.01235	0.01366	0.00877	0.01375	0.00775	0.01282	0.00772	0.01102	0.04195	0.00271	0.76485	0.00504	0.00252	0.00622
17	0.02027	0.01489	0.01596	0.01252	0.01676	0.01650	0.01025	0.60022	0.12361	0.04663	0.01541	0.01522	0.01108	0.00698	0.00565	0.00173	0.00586	0.00535	0.04568	0.00942
18	0.01147	0.02959	0.76934	0.01630	0.02476	0.01328	0.02113	0.01811	0.01208	0.01811	0.01026	0.01208	0.00725	0.00543	0.00543	0.00181	0.00845	0.00423	0.00242	0.00845
19	0.01416	0.01359	0.02322	0.03511	0.76330	0.01359	0.01755	0.01755	0.01302	0.01869	0.01076	0.01416	0.00906	0.00510	0.00566	0.00170	0.00680	0.00510	0.00283	0.00906
20	0.02318	0.00919	0.01248	0.00976	0.01375	0.00798	0.00798	0.02546	0.01635	0.66214	0.12675	0.02275	0.01978	0.00773	0.00589	0.00177	0.00456	0.00640	0.00697	0.00912
21	0.00779	0.00605	0.00711	0.00681	0.00844	0.00548	0.00512	0.01046	0.03998	0.02008	0.46395	0.04676	0.32585	0.01264	0.00672	0.00185	0.00284	0.01088	0.00590	0.00530
22	0.02129	0.01464	0.01599	0.01241	0.01676	0.01595	0.01020	0.58849	0.07008	0.11886	0.01554	0.01517	0.01091	0.00694	0.00566	0.00172	0.00588	0.00531	0.03870	0.00951
23	0.00697	0.00498	0.00664	0.00796	0.00830	0.00465	0.00531	0.00796	0.01095	0.01460	0.03153	0.79525	0.03783	0.01792	0.00730	0.00232	0.00332	0.01626	0.00531	0.00465
24	0.00832	0.00555	0.00624	0.00624	0.00624	0.00555	0.00347	0.00832	0.00832	0.01109	0.01802	0.03743	0.02080	0.79898	0.02911	0.00555	0.00555	0.00832	0.00347	0.00347
25	0.01350	0.01543	0.03375	0.02411	0.02989	0.01446	0.74253	0.01832	0.01350	0.01832	0.01157	0.01543	0.00868	0.00482	0.00675	0.00193	0.00964	0.00675	0.00289	0.00771
26	0.02495	0.00989	0.01325	0.01027	0.01462	0.00877	0.00845	0.02803	0.06201	0.72120	0.02261	0.01958	0.01436	0.00712	0.00576	0.00178	0.00485	0.00580	0.00700	0.00969
27	0.00873	0.00624	0.00866	0.00993	0.01105	0.00616	0.00833	0.01104	0.01279	0.01675	0.04882	0.21176	0.03444	0.01613	0.00775	0.00255	0.00481	0.56361	0.00530	0.00514
28	0.00795	0.00608	0.00737	0.00730	0.00879	0.00563	0.00551	0.01072	0.04696	0.01968	0.41158	0.12318	0.24512	0.01320	0.00684	0.00195	0.00306	0.05794	0.00584	0.00532
29	0.01567	0.75439	0.02912	0.01009	0.01487	0.06931	0.00987	0.01748	0.01191	0.01349	0.00801	0.00925	0.00734	0.00496	0.00376	0.00124	0.00638	0.00310	0.00248	0.00730
30	0.00832	0.00555	0.00624	0.00624	0.00624	0.00555	0.00347	0.00832	0.00832	0.01109	0.01802	0.03743	0.02080	0.79898	0.02911	0.00555	0.00555	0.00832	0.00347	0.00347
31	0.01459	0.01247	0.01314	0.01171	0.01501	0.01440	0.00914	0.06493	0.71783	0.02451	0.02282	0.02097	0.01709	0.00772	0.00582	0.00193	0.00461	0.00640	0.00582	0.00909
32	0.00831	0.00557	0.00638	0.00638	0.00643	0.00562	0.00364	0.00841	0.00836	0.01120	0.01789	0.03671	0.02048	0.76240	0.06527	0.00572	0.00602	0.00821	0.00345	0.00355
33	0.00831	0.00559	0.00647	0.00647	0.00655	0.00567	0.00376	0.00847	0.00839	0.01126	0.01781	0.03625	0.02028	0.73905	0.08834	0.00583	0.00632	0.00814	0.00343	0.00360
34	0.01407	0.01356	0.02335	0.05157	0.72878	0.01359	0.03567	0.01751	0.01300	0.01859	0.01077	0.01421	0.00902	0.00510	0.00569	0.00171	0.00689	0.00514	0.00283	0.00897
35	0.01186	0.01017	0.01186	0.00847	0.01356	0.00762	0.00678	0.01440	0.01186	0.01864	0.01017	0.01186	0.00847	0.00424	0.00424	0.00085	0.00424	0.00339	0.00339	0.83395
36	0.01602	0.70918	0.02832	0.01038	0.01504	0.11326	0.00994	0.01781	0.01217	0.01352	0.00806	0.00931	0.00734	0.00501	0.00385	0.00125	0.00662	0.00313	0.00251	0.00726
37	0.02150	0.01636	0.01700	0.01318	0.01765	0.04779	0.01082	0.69410	0.04827	0.03481	0.01382	0.01383	0.00987	0.00685	0.00570	0.00171	0.00640	0.00513	0.00561	0.00958
38	0.00805	0.00581	0.00760	0.00723	0.00854	0.00537	0.00539	0.01068	0.01598	0.02260	0.73064	0.07333	0.05331	0.01195	0.00677	0.00182	0.00272	0.01058	0.00626	0.00537
39	0.01377	0.01311	0.02188	0.12048	0.63314	0.01353	0.01683	0.01801	0.05869	0.01854	0.01147	0.01473	0.00941	0.00533	0.00568	0.00174	0.00675	0.00518	0.00298	0.00875
40	0.08982	0.53467	0.12161	0.01273	0.07843	0.04975	0.01161	0.01749	0.01181	0.01562	0.00852	0.01002	0.00737	0.00506	0.00411	0.00140	0.00649	0.00341	0.00259	0.00749
41	0.00716	0.00511	0.00686	0.00818	0.00860	0.00481	0.00564	0.00829	0.01114	0.01481	0.03142	0.73342	0.03742	0.01774	0.00735	0.00235	0.00348	0.07621	0.00531	0.00470
42	0.01408	0.01113	0.01269	0.00962	0.01421	0.00989	0.00769	0.13532	0.09294	0.05165	0.01346	0.04376	0.01099	0.00568	0.00482	0.00120	0.00459	0.00459	0.00425	0.54742
43	0.01423	0.01229	0.01293	0.01164	0.01487	0.01423	0.00905	0.03039	0.75297	0.02393	0.02328	0.02134	0.01746	0.00776	0.00582	0.00194	0.00453	0.00647	0.00582	0.00905
44	0.01324	0.01259	0.02112	0.22134	0.54291	0.01318	0.01661	0.01695	0.02636	0.01776	0.01082	0.01449	0.00884	0.00527	0.00563	0.00173	0.00687	0.00506	0.00283	0.03638
45	0.46449	0.01286	0.06741	0.03603	0.01731	0.01249	0.19109	0.01659	0.01156	0.02269	0.08732	0.01467	0.01190	0.00587	0.00487	0.00182	0.00592	0.00490	0.00356	0.00665
46	0.01350	0.01543	0.03375	0.02411	0.02989	0.01446	0.74253	0.01832	0.01350	0.01832	0.01157	0.01543	0.00868	0.00482	0.00675	0.00193	0.00964	0.00675	0.00289	0.00771
47	0.00871	0.00595	0.00768	0.00719	0.00853	0.00551	0.00530	0.01112	0.01540	0.04797	0.65158	0.04162	0.06167	0.08633	0.00883	0.00216	0.00305	0.01002	0.00604	0.00536
48	0.01159	0.12903	0.58285	0.01482	0.02198	0.01373	0.03423	0.01702	0.01194	0.01717	0.01201	0.08613	0.01019	0.00653	0.00541	0.00178	0.00768	0.00527	0.00270	0.00793
49	0.00832	0.00555	0.00624	0.00624	0.00624	0.00555	0.00347	0.00832	0.00832	0.01109	0.01802	0.03743	0.02080	0.79898	0.02911	0.00555	0.00555	0.00832	0.00347	0.00347
50	0.00839	0.00546	0.00638	0.00646	0.00648	0.00543	0.00372	0.00821	0.00840	0.01120	0.01809	0.08248	0.02082	0.67661	0.02712	0.08396	0.00535	0.00849	0.00349	0.00345
51	0.09008	0.02783	0.69710	0.01547	0.02346	0.01324	0.01971	0.01799	0.01185	0.01883	0.01005	0.01181	0.00715	0.00542	0.00525	0.00181	0.00807	0.00412	0.00252	0.00824
52	0.01213	0.01077	0.01399	0.01011	0.01517	0.00859	0.07674	0.01555	0.04788	0.01886	0.01093	0.01266	0.00893	0.00446	0.00455	0.00100	0.00476	0.00386	0.00346	0.71559
53	0.00830	0.00557	0.00637	0.00633	0.00646	0.00553	0.00365	0.00855	0.00907	0.01222	0.08850	0.03793	0.02394	0.72423	0.02699	0.00519	0.00528	0.00851	0.00373	0.00365
54	0.00994	0.00497	0.00745	0.00745	0.00745	0.00497	0.00497	0.00745	0.00745	0.00994	0.00994	0.01739	0.00994	0.01987	0.02235	0.83358	0.00497	0.00497	0.00248	0.00248
55	0.01472	0.72686	0.02800	0.00986	0.01441	0.02111	0.00973	0.01663	0.01177	0.01380	0.01007	0.01443	0.00977	0.00593	0.00407	0.00136	0.00604	0.07158	0.00271	0.00714
56	0.02055	0.01513	0.01641	0.01291	0.01718	0.01668	0.01071	0.67469	0.02559	0.03425	0.01530	0.01855	0.01193	0.00771	0.00593	0.00180	0.00620	0.07348	0.00568	0.00930
57	0.83938	0.01106	0.00841	0.00752	0.01106	0.01283	0.00619	0.01681	0.00973	0.02566	0.00796	0.00929	0.00619	0.00531	0.00354	0.00177	0.00442	0.00310	0.00354	0.00619
58	0.01184	0.10296	0.69915	0.01568	0.02380	0.01417	0.02006	0.01802	0.01203	0.01767	0.01005	0.01180	0.00725	0.00538	0.00527	0.00176	0.00823	0.00412	0.00242	0.00835
59	0.09250	0.01087	0.03850	0.00892	0.01387	0.00844	0.00748	0.01680	0.01235	0.13234	0.01183	0.01277	0.00907	0.00481	0.00444	0.00111	0.00450	0.00375	0.00393	0.60173
60	0.01109	0.01067	0.01856	0.68801	0.03766	0.01271	0.08458	0.01496	0.01165	0.01510	0.01030	0.01516	0.00775	0.00559	0.00577	0.00187	0.00771	0.00519	0.00260	0.03308
61	0.01529	0.00759	0.00964	0.00810	0.01071	0.00670	0.00617	0.01708	0.01404	0.32053	0.18190	0.03208	0.11799	0.16789	0.01070	0.00250	0.00426	0.00791	0.00576	0.05316
62	0.73425	0.01117	0.00955	0.03322	0.01235	0.01327	0.00711	0.01645	0.00970	0.02418	0.00799	0.00979	0.00637	0.00577	0.00506	0.00184	0.07897	0.00334	0.00341	0.00621
63	0.03888	0.02785	0.64394	0.01552	0.02302	0.08538	0.01909	0.01824	0.01255	0.01815	0.03905	0.01300	0.00903	0.00572	0.00540	0.00178	0.00828	0.00438	0.00265	0.00809
64	0.01331	0.01340	0.09051	0.08648	0.47849	0.01188	0.01534	0.01670	0.01297	0.06438	0.03762	0.07131	0.04882	0.00684	0.00585	0.00179	0.00635	0.00632	0.00343	0.00821
65	0.80739	0.01103	0.00854	0.00756	0.01116	0.01263	0.00622	0.01672	0.00982	0.02539	0.00805	0.00939	0.00628	0.00527	0.00357	0.00173	0.00442	0.00311	0.00353	0.03820
66	0.05086	0.01039	0.01364	0.04034	0.01574	0.00960	0.00886	0.09502	0.01697	0.64491	0.02078	0.01843	0.01323	0.00695	0.00568	0.00177	0.00510	0.00558	0.00666	0.00949

[dist]
# distance from previous block
# <min> <max>
4	8

[block]
# block no. 1 follows, 41 sequences, length 12
# corresponding to MSA columns:
# 687-698
name=unknown_B
#
# <colnr> <probs for GDERKNQSTAVLIFYWHMCP>
#	G	D	E	R	K	N	Q	S	T	A	V	L	I	F	Y	W	H	M	C	P
0	0.01337	0.01695	0.13199	0.02551	0.19350	0.01411	0.48144	0.01812	0.01320	0.01838	0.01121	0.01469	0.00857	0.00497	0.00633	0.00186	0.00884	0.00603	0.00281	0.00812
1	0.12645	0.01483	0.03029	0.02184	0.02732	0.01424	0.64182	0.01812	0.01299	0.01933	0.01108	0.01459	0.00834	0.00489	0.00631	0.00191	0.00893	0.00625	0.00298	0.00751
2	0.01349	0.02386	0.49701	0.01483	0.02158	0.01410	0.01702	0.12017	0.18009	0.02187	0.01366	0.01438	0.00987	0.00615	0.00556	0.00183	0.00728	0.00485	0.00363	0.00876
3	0.12681	0.01168	0.01609	0.41498	0.08863	0.01363	0.01316	0.17835	0.01465	0.02108	0.01070	0.01409	0.00811	0.00641	0.00605	0.03348	0.00672	0.00482	0.00341	0.00716
4	0.65450	0.01163	0.01172	0.01370	0.17959	0.01300	0.00874	0.01698	0.01047	0.02410	0.00859	0.01038	0.00684	0.00526	0.00402	0.00175	0.00496	0.00355	0.00338	0.00684
5	0.65339	0.01006	0.00859	0.00820	0.01124	0.01143	0.00687	0.01570	0.01050	0.02375	0.01297	0.02167	0.01218	0.00766	0.00452	0.00196	0.00461	0.16479	0.00393	0.00599
6	0.00994	0.00497	0.00745	0.00745	0.00745	0.00497	0.00497	0.00745	0.00745	0.00994	0.00994	0.01739	0.00994	0.01987	0.02235	0.83358	0.00497	0.00497	0.00248	0.00248
7	0.01072	0.00805	0.00922	0.00823	0.01037	0.00795	0.00634	0.17422	0.01736	0.02327	0.35277	0.09791	0.22767	0.01183	0.00656	0.00186	0.00360	0.01009	0.00583	0.00616
8	0.12504	0.00988	0.03500	0.18398	0.01930	0.00987	0.08493	0.04051	0.01385	0.09017	0.22367	0.05246	0.07143	0.00839	0.00593	0.00185	0.00528	0.00734	0.00457	0.00654
9	0.00927	0.00861	0.01329	0.01055	0.01370	0.00750	0.17028	0.01186	0.01354	0.01792	0.16764	0.03756	0.35335	0.01030	0.00638	0.00175	0.00457	0.00928	0.00466	0.12799
10	0.06574	0.05116	0.01628	0.01420	0.04944	0.46213	0.01059	0.13460	0.05283	0.01909	0.01040	0.01156	0.00831	0.00592	0.00509	0.00151	0.00834	0.00403	0.00356	0.06522
11	0.01489	0.01359	0.04658	0.01099	0.01483	0.15831	0.03436	0.01732	0.01282	0.12240	0.01287	0.01515	0.01032	0.01370	0.17775	0.00305	0.00837	0.00455	0.00369	0.30448

[dist]
# distance from previous block
# <min> <max>
10	654

# created by:
# /software/SequenceAnalysis/GenePrediction/augustus/3.0.1/scripts/msa2prfl.pl ./fixed/BUSCOvEOG7641R8.fas
