[name]
unknown

[dist]
# distance from previous block
# <min> <max>
0	688

[block]
# block no. 0 follows, 41 sequences, length 19
# corresponding to MSA columns:
# 796-814
name=unknown_A
#
# <colnr> <probs for GDERKNQSTAVLIFYWHMCP>
#	G	D	E	R	K	N	Q	S	T	A	V	L	I	F	Y	W	H	M	C	P
0	0.00804	0.00583	0.00746	0.00707	0.00836	0.00538	0.00522	0.01051	0.01554	0.02182	0.67863	0.04301	0.08738	0.06106	0.00815	0.00204	0.00289	0.01030	0.00607	0.00525
1	0.02139	0.02727	0.01623	0.01475	0.01770	0.77567	0.01106	0.02286	0.01623	0.01403	0.00887	0.01036	0.00740	0.00591	0.00517	0.00148	0.01032	0.00369	0.00296	0.00665
2	0.01150	0.02960	0.76901	0.01632	0.02477	0.01330	0.02114	0.01813	0.01209	0.01814	0.01029	0.01212	0.00727	0.00545	0.00545	0.00182	0.00846	0.00424	0.00243	0.00847
3	0.00705	0.00504	0.00670	0.00795	0.00833	0.00470	0.00533	0.00811	0.01120	0.01500	0.06375	0.76166	0.03856	0.01766	0.00729	0.00230	0.00330	0.01600	0.00536	0.00470
4	0.01329	0.01410	0.02141	0.03999	0.01956	0.06407	0.19109	0.01549	0.01048	0.01495	0.00870	0.01321	0.00782	0.00838	0.01460	0.00229	0.52592	0.00536	0.00264	0.00666
5	0.01532	0.80207	0.02998	0.00981	0.01470	0.02264	0.00980	0.01715	0.01164	0.01349	0.00798	0.00922	0.00737	0.00491	0.00368	0.00123	0.00613	0.00307	0.00246	0.00736
6	0.01189	0.01019	0.01188	0.00849	0.01358	0.00764	0.00679	0.01442	0.01188	0.01866	0.01020	0.01190	0.00850	0.00426	0.00425	0.00085	0.00425	0.00340	0.00340	0.83357
7	0.01140	0.00905	0.01083	0.01103	0.01317	0.00988	0.00916	0.01983	0.33048	0.02007	0.02730	0.04602	0.02631	0.01237	0.00702	0.00234	0.00496	0.41638	0.00551	0.00691
8	0.00822	0.00609	0.00893	0.00893	0.00985	0.00701	0.00681	0.01005	0.00913	0.01310	0.01561	0.02395	0.01495	0.11559	0.70412	0.00884	0.01439	0.00635	0.00311	0.00497
9	0.01429	0.01658	0.03207	0.02322	0.02873	0.08770	0.67186	0.01877	0.01378	0.01793	0.01134	0.01498	0.00858	0.00494	0.00661	0.00189	0.00972	0.00646	0.00291	0.00763
10	0.00820	0.00615	0.00921	0.00921	0.01024	0.00717	0.00716	0.01024	0.00921	0.01331	0.01535	0.02251	0.01433	0.04290	0.77596	0.00919	0.01533	0.00614	0.00307	0.00512
11	0.07655	0.01124	0.01824	0.50807	0.24568	0.01299	0.01562	0.01565	0.01178	0.01668	0.01019	0.01451	0.00796	0.00553	0.00554	0.00184	0.00714	0.00494	0.00271	0.00714
12	0.00791	0.00578	0.00743	0.00718	0.00848	0.00530	0.00532	0.01034	0.01546	0.02158	0.63501	0.11607	0.10767	0.01253	0.00681	0.00187	0.00278	0.01106	0.00613	0.00530
13	0.01532	0.80207	0.02998	0.00981	0.01470	0.02264	0.00980	0.01715	0.01164	0.01349	0.00798	0.00922	0.00737	0.00491	0.00368	0.00123	0.00613	0.00307	0.00246	0.00736
14	0.07674	0.01047	0.01069	0.00977	0.01268	0.01162	0.00758	0.02341	0.49663	0.02182	0.03138	0.02945	0.21549	0.00939	0.00591	0.00193	0.00409	0.00771	0.00551	0.00771
15	0.55439	0.01246	0.01113	0.00939	0.01310	0.07197	0.03194	0.06199	0.01257	0.13757	0.02978	0.01227	0.00903	0.00588	0.00433	0.00176	0.00521	0.00398	0.00422	0.00702
16	0.02139	0.02727	0.01623	0.01475	0.01770	0.77567	0.01106	0.02286	0.01623	0.01403	0.00887	0.01036	0.00740	0.00591	0.00517	0.00148	0.01032	0.00369	0.00296	0.00665
17	0.00835	0.00557	0.00626	0.00626	0.00626	0.00556	0.00348	0.00834	0.00834	0.01112	0.01805	0.03746	0.02082	0.79862	0.02911	0.00555	0.00556	0.00833	0.00348	0.00348
18	0.01341	0.01629	0.07736	0.02366	0.02960	0.01441	0.69944	0.01833	0.01343	0.01834	0.01152	0.01527	0.00862	0.00488	0.00668	0.00193	0.00958	0.00661	0.00287	0.00777

[dist]
# distance from previous block
# <min> <max>
0	166

# created by:
# /software/SequenceAnalysis/GenePrediction/augustus/3.0.1/scripts/msa2prfl.pl ./fixed/BUSCOvEOG7S7M3Q.fas
