[name]
unknown

[dist]
# distance from previous block
# <min> <max>
0	201

[block]
# block no. 0 follows, 40 sequences, length 23
# corresponding to MSA columns:
# 209-231
name=unknown_A
#
# <colnr> <probs for GDERKNQSTAVLIFYWHMCP>
#	G	D	E	R	K	N	Q	S	T	A	V	L	I	F	Y	W	H	M	C	P
0	0.02224	0.01638	0.01755	0.01348	0.01814	0.01810	0.01111	0.73821	0.02740	0.03675	0.01411	0.01418	0.01004	0.00708	0.00589	0.00177	0.00645	0.00529	0.00587	0.00996
1	0.01570	0.79721	0.03053	0.01006	0.01504	0.02307	0.01001	0.01752	0.01192	0.01384	0.00825	0.00956	0.00762	0.00508	0.00380	0.00127	0.00627	0.00317	0.00254	0.00754
2	0.00863	0.00576	0.00647	0.00646	0.00648	0.00574	0.00360	0.00858	0.00857	0.01144	0.01846	0.03821	0.02126	0.79370	0.02960	0.00566	0.00569	0.00850	0.00358	0.00361
3	0.00848	0.00635	0.00946	0.00945	0.01051	0.00737	0.00734	0.01051	0.00945	0.01366	0.01572	0.02304	0.01468	0.04362	0.77068	0.00936	0.01560	0.00628	0.00317	0.00528
4	0.00796	0.00605	0.00728	0.00697	0.00855	0.00540	0.00521	0.01024	0.01551	0.02099	0.52885	0.04764	0.28212	0.01290	0.00693	0.00190	0.00287	0.01112	0.00612	0.00539
5	0.01222	0.01045	0.01217	0.00872	0.01390	0.00785	0.00696	0.01475	0.01216	0.01909	0.01050	0.01228	0.00877	0.00442	0.00438	0.00089	0.00436	0.00350	0.00350	0.82914
6	0.01437	0.00739	0.00981	0.00844	0.01087	0.00661	0.00658	0.01690	0.01661	0.27095	0.50928	0.03567	0.04137	0.01041	0.00659	0.00185	0.00354	0.00899	0.00671	0.00705
7	0.02224	0.01638	0.01755	0.01348	0.01814	0.01810	0.01111	0.73821	0.02740	0.03675	0.01411	0.01418	0.01004	0.00708	0.00589	0.00177	0.00645	0.00529	0.00587	0.00996
8	0.01200	0.06490	0.73045	0.01637	0.02479	0.01401	0.02100	0.01847	0.01236	0.01835	0.01049	0.01237	0.00753	0.00561	0.00551	0.00184	0.00853	0.00430	0.00251	0.00862
9	0.00954	0.00681	0.00949	0.01082	0.01217	0.00679	0.00943	0.01216	0.01348	0.01755	0.03090	0.06568	0.03356	0.01614	0.00809	0.00270	0.00541	0.71842	0.00540	0.00544
10	0.01222	0.01045	0.01217	0.00872	0.01390	0.00785	0.00696	0.01475	0.01216	0.01909	0.01050	0.01228	0.00877	0.00442	0.00438	0.00089	0.00436	0.00350	0.00350	0.82914
11	0.01196	0.02920	0.71576	0.01718	0.02560	0.01366	0.06848	0.01853	0.01247	0.01857	0.01068	0.01272	0.00762	0.00559	0.00568	0.00188	0.00872	0.00452	0.00254	0.00862
12	0.01288	0.01283	0.01791	0.01536	0.01538	0.01788	0.01278	0.01411	0.00901	0.01415	0.00780	0.01294	0.00779	0.01027	0.01912	0.00257	0.78303	0.00514	0.00260	0.00644
13	0.01455	0.01392	0.02368	0.03573	0.75755	0.01390	0.01789	0.01795	0.01334	0.01914	0.01110	0.01461	0.00936	0.00529	0.00583	0.00176	0.00696	0.00523	0.00293	0.00929
14	0.00705	0.00601	0.00602	0.00601	0.00798	0.00501	0.00449	0.00847	0.01335	0.01586	0.05895	0.05608	0.75522	0.01481	0.00694	0.00199	0.00301	0.01231	0.00545	0.00500
15	0.01353	0.01512	0.03194	0.02318	0.02837	0.01462	0.64904	0.01793	0.01333	0.01825	0.01242	0.04720	0.01009	0.00597	0.00792	0.00205	0.07114	0.00716	0.00307	0.00768
16	0.02224	0.01638	0.01755	0.01348	0.01814	0.01810	0.01111	0.73821	0.02740	0.03675	0.01411	0.01418	0.01004	0.00708	0.00589	0.00177	0.00645	0.00529	0.00587	0.00996
17	0.02224	0.01638	0.01755	0.01348	0.01814	0.01810	0.01111	0.73821	0.02740	0.03675	0.01411	0.01418	0.01004	0.00708	0.00589	0.00177	0.00645	0.00529	0.00587	0.00996
18	0.49256	0.01467	0.03770	0.09003	0.01646	0.13844	0.00907	0.04071	0.01245	0.08567	0.01016	0.01159	0.00764	0.00585	0.00450	0.00179	0.00612	0.00384	0.00378	0.00696
19	0.77660	0.01149	0.00916	0.00806	0.01174	0.01315	0.00662	0.04400	0.01088	0.05242	0.00900	0.01020	0.00687	0.00563	0.00383	0.00183	0.00464	0.00338	0.00386	0.00664
20	0.01332	0.01011	0.01202	0.00877	0.01370	0.00773	0.00701	0.01582	0.01250	0.09517	0.01239	0.04015	0.01025	0.00509	0.00457	0.00101	0.00434	0.00415	0.00390	0.71800
21	0.00709	0.00506	0.00675	0.00810	0.00843	0.00472	0.00540	0.00810	0.01113	0.01484	0.03205	0.79184	0.03846	0.01822	0.00742	0.00236	0.00337	0.01653	0.00540	0.00472
22	0.01373	0.01569	0.03431	0.02451	0.03039	0.01471	0.73824	0.01863	0.01373	0.01863	0.01176	0.01569	0.00882	0.00490	0.00686	0.00196	0.00980	0.00686	0.00294	0.00784

[dist]
# distance from previous block
# <min> <max>
0	17

[block]
# block no. 1 follows, 40 sequences, length 9
# corresponding to MSA columns:
# 249-257
name=unknown_B
#
# <colnr> <probs for GDERKNQSTAVLIFYWHMCP>
#	G	D	E	R	K	N	Q	S	T	A	V	L	I	F	Y	W	H	M	C	P
0	0.00808	0.00670	0.00879	0.16068	0.01454	0.00664	0.00715	0.01032	0.01357	0.01751	0.23521	0.12528	0.33907	0.01257	0.00672	0.00197	0.00389	0.01085	0.00511	0.00535
1	0.17746	0.01109	0.01174	0.01089	0.01387	0.01241	0.00894	0.12429	0.28252	0.02441	0.02127	0.03105	0.01896	0.00967	0.00606	0.00211	0.00506	0.21533	0.00528	0.00759
2	0.23347	0.00793	0.00915	0.00988	0.01183	0.00841	0.00854	0.01341	0.01244	0.01976	0.02464	0.05039	0.02611	0.01318	0.00683	0.00244	0.00512	0.52598	0.00488	0.00561
3	0.01742	0.01675	0.16790	0.02390	0.37132	0.05374	0.01569	0.02110	0.01415	0.22025	0.01398	0.01522	0.01015	0.00584	0.00571	0.00176	0.00691	0.00511	0.00397	0.00914
4	0.01360	0.01102	0.01642	0.01408	0.01718	0.01128	0.15452	0.21038	0.01715	0.02277	0.02250	0.06848	0.02237	0.01147	0.00718	0.00227	0.00645	0.35884	0.00500	0.00705
5	0.00792	0.00570	0.00750	0.00753	0.00862	0.00528	0.00546	0.01019	0.01502	0.02102	0.56011	0.24616	0.05043	0.01360	0.00701	0.00197	0.00291	0.01215	0.00613	0.00528
6	0.01485	0.01025	0.01234	0.00896	0.01399	0.00791	0.00722	0.01736	0.01297	0.16688	0.01284	0.01360	0.00976	0.00488	0.00461	0.00105	0.00443	0.00392	0.00419	0.66798
7	0.01365	0.01822	0.22456	0.03051	0.56049	0.01373	0.01883	0.01800	0.01298	0.01884	0.01080	0.01382	0.00871	0.00527	0.00569	0.00176	0.00737	0.00494	0.00276	0.00904
8	0.00919	0.00766	0.01060	0.01354	0.15858	0.00724	0.00875	0.01140	0.01312	0.01684	0.03819	0.11036	0.31825	0.01354	0.00707	0.00218	0.00454	0.23819	0.00488	0.00589

[dist]
# distance from previous block
# <min> <max>
0	123

# created by:
# /software/SequenceAnalysis/GenePrediction/augustus/3.0.1/scripts/msa2prfl.pl ./fixed/BUSCOvEOG7NS4S4.fas
