[name]
unknown

[dist]
# distance from previous block
# <min> <max>
0	165

[block]
# block no. 0 follows, 40 sequences, length 7
# corresponding to MSA columns:
# 182-188
name=unknown_A
#
# <colnr> <probs for GDERKNQSTAVLIFYWHMCP>
#	G	D	E	R	K	N	Q	S	T	A	V	L	I	F	Y	W	H	M	C	P
0	0.01357	0.01521	0.03167	0.02303	0.02797	0.01520	0.62213	0.01789	0.01295	0.01789	0.01110	0.01521	0.00863	0.00575	0.00882	0.00205	0.13386	0.00658	0.00288	0.00761
1	0.02618	0.00998	0.01357	0.01043	0.01493	0.00862	0.00860	0.02840	0.01671	0.76205	0.02304	0.01995	0.01450	0.00728	0.00590	0.00182	0.00499	0.00588	0.00723	0.00995
2	0.01451	0.01389	0.02366	0.03572	0.75800	0.01388	0.01788	0.01792	0.01331	0.01910	0.01106	0.01456	0.00932	0.00526	0.00581	0.00175	0.00695	0.00522	0.00292	0.00927
3	0.00922	0.00828	0.01482	0.01281	0.01484	0.00773	0.21527	0.01147	0.01244	0.01681	0.09222	0.50019	0.03153	0.01389	0.00726	0.00222	0.00520	0.01323	0.00482	0.00575
4	0.00745	0.00532	0.00710	0.00845	0.00890	0.00500	0.00585	0.00859	0.01144	0.01522	0.03200	0.71714	0.03801	0.01806	0.00753	0.00241	0.00362	0.08763	0.00543	0.00485
5	0.00858	0.00573	0.00644	0.00643	0.00644	0.00571	0.00358	0.00855	0.00854	0.01140	0.01843	0.03817	0.02123	0.79419	0.02960	0.00565	0.00568	0.00849	0.00356	0.00359
6	0.01863	0.01358	0.01494	0.01153	0.01604	0.01393	0.00938	0.40878	0.08771	0.07468	0.01479	0.01503	0.01088	0.00645	0.00541	0.00154	0.00547	0.00497	0.04217	0.22408

[dist]
# distance from previous block
# <min> <max>
10	13

[block]
# block no. 1 follows, 40 sequences, length 7
# corresponding to MSA columns:
# 202-208
name=unknown_B
#
# <colnr> <probs for GDERKNQSTAVLIFYWHMCP>
#	G	D	E	R	K	N	Q	S	T	A	V	L	I	F	Y	W	H	M	C	P
0	0.01439	0.00956	0.01176	0.00904	0.01342	0.00763	0.00733	0.01693	0.01349	0.17239	0.07796	0.02096	0.01588	0.00656	0.00516	0.00129	0.00440	0.06671	0.00463	0.52051
1	0.45800	0.01093	0.01054	0.00917	0.01269	0.01196	0.00753	0.07922	0.07572	0.14997	0.04823	0.01874	0.01336	0.00721	0.00487	0.00188	0.00473	0.06308	0.00485	0.00733
2	0.11351	0.00725	0.00804	0.00812	0.01034	0.00684	0.00669	0.01136	0.01277	0.01793	0.03795	0.04978	0.33172	0.01313	0.00666	0.00211	0.00414	0.26977	0.00499	0.07692
3	0.01439	0.01382	0.02360	0.03569	0.75936	0.01382	0.01785	0.01785	0.01324	0.01900	0.01094	0.01439	0.00921	0.00518	0.00576	0.00173	0.00691	0.00518	0.00288	0.00921
4	0.01063	0.00978	0.01622	0.68342	0.03607	0.01198	0.01480	0.01437	0.01224	0.01593	0.10497	0.01905	0.01373	0.00658	0.00595	0.00192	0.00712	0.00585	0.00307	0.00634
5	0.40361	0.01210	0.01357	0.01077	0.01498	0.01279	0.06763	0.14485	0.01509	0.23236	0.01354	0.01361	0.00938	0.00613	0.00487	0.00180	0.00539	0.00456	0.00493	0.00804
6	0.01130	0.01066	0.01801	0.71311	0.10615	0.01300	0.01631	0.01513	0.01178	0.01524	0.01039	0.01540	0.00789	0.00576	0.00581	0.00192	0.00767	0.00517	0.00261	0.00671

[dist]
# distance from previous block
# <min> <max>
12	201

# created by:
# /software/SequenceAnalysis/GenePrediction/augustus/3.0.1/scripts/msa2prfl.pl ./fixed/BUSCOvEOG7TMSGG.fas
