[name]
unknown

[dist]
# distance from previous block
# <min> <max>
0	218

[block]
# block no. 0 follows, 40 sequences, length 19
# corresponding to MSA columns:
# 235-253
name=unknown_A
#
# <colnr> <probs for GDERKNQSTAVLIFYWHMCP>
#	G	D	E	R	K	N	Q	S	T	A	V	L	I	F	Y	W	H	M	C	P
0	0.00896	0.00640	0.00886	0.01019	0.01131	0.00631	0.00852	0.01124	0.01294	0.01692	0.03114	0.22868	0.03465	0.01660	0.00793	0.00262	0.00494	0.56110	0.00540	0.00527
1	0.01354	0.01604	0.06655	0.07596	0.03086	0.01458	0.65500	0.01842	0.01358	0.01845	0.01171	0.01566	0.00878	0.00506	0.00677	0.00197	0.00964	0.00666	0.00293	0.00783
2	0.00720	0.00514	0.00683	0.00817	0.00852	0.00479	0.00545	0.00818	0.01120	0.01494	0.03212	0.79070	0.03851	0.01827	0.00746	0.00238	0.00341	0.01655	0.00543	0.00478
3	0.01564	0.79790	0.03051	0.01002	0.01500	0.02305	0.00999	0.01748	0.01188	0.01378	0.00819	0.00948	0.00756	0.00504	0.00378	0.00126	0.00625	0.00315	0.00252	0.00751
4	0.01177	0.03012	0.76433	0.01663	0.02522	0.01356	0.02151	0.01848	0.01234	0.01851	0.01054	0.01242	0.00747	0.00559	0.00557	0.00186	0.00862	0.00433	0.00249	0.00864
5	0.75270	0.01183	0.00953	0.00830	0.01201	0.01360	0.00683	0.09060	0.01174	0.02724	0.00880	0.01005	0.00676	0.00563	0.00387	0.00181	0.00473	0.00340	0.00386	0.00672
6	0.02121	0.01660	0.01641	0.01294	0.01715	0.09365	0.01052	0.60523	0.02501	0.03318	0.01397	0.01439	0.01016	0.00693	0.00566	0.00171	0.00654	0.00513	0.07436	0.00924
7	0.00720	0.00514	0.00683	0.00817	0.00852	0.00479	0.00545	0.00818	0.01120	0.01494	0.03212	0.79070	0.03851	0.01827	0.00746	0.00238	0.00341	0.01655	0.00543	0.00478
8	0.01520	0.01288	0.01358	0.01203	0.01544	0.01481	0.00940	0.09029	0.68732	0.02544	0.02294	0.02118	0.01718	0.00788	0.00595	0.00197	0.00479	0.00649	0.00594	0.00931
9	0.00856	0.00572	0.00642	0.00642	0.00643	0.00570	0.00357	0.00854	0.00853	0.01138	0.01841	0.03816	0.02122	0.79440	0.02960	0.00565	0.00567	0.00848	0.00356	0.00358
10	0.02107	0.02621	0.01620	0.01472	0.01775	0.69410	0.01107	0.02406	0.09094	0.01536	0.01059	0.01177	0.00863	0.00625	0.00536	0.00157	0.00991	0.00407	0.00333	0.00704
11	0.08018	0.01006	0.01323	0.01023	0.01468	0.00891	0.00844	0.02764	0.01625	0.71313	0.02204	0.01923	0.01394	0.00714	0.00574	0.00182	0.00495	0.00570	0.00699	0.00970
12	0.02183	0.02728	0.01658	0.01497	0.01805	0.73954	0.01127	0.05326	0.01699	0.01527	0.00930	0.01078	0.00769	0.00610	0.00531	0.00153	0.01034	0.00384	0.00315	0.00693
13	0.01427	0.01034	0.01234	0.00894	0.01401	0.00793	0.00718	0.01677	0.01281	0.13094	0.01233	0.01336	0.00958	0.00481	0.00458	0.00102	0.00444	0.00384	0.00404	0.70643
14	0.01387	0.34176	0.21953	0.01493	0.02015	0.01839	0.12842	0.01735	0.01181	0.01584	0.00931	0.01182	0.00778	0.00606	0.00734	0.00175	0.13923	0.00438	0.00260	0.00768
15	0.01205	0.10653	0.63783	0.01534	0.02298	0.01394	0.01921	0.01764	0.01197	0.01746	0.01028	0.01249	0.00766	0.00654	0.00656	0.05848	0.00814	0.00426	0.00250	0.00811
16	0.78772	0.01091	0.00842	0.00757	0.01096	0.01261	0.00613	0.01658	0.00981	0.02521	0.00870	0.01114	0.00718	0.05214	0.00514	0.00203	0.00457	0.00346	0.00359	0.00613
17	0.00794	0.00590	0.00702	0.00674	0.00830	0.00529	0.00505	0.01027	0.01516	0.02073	0.48456	0.04625	0.28217	0.01251	0.00670	0.00185	0.00281	0.01079	0.05467	0.00529
18	0.04907	0.02349	0.06775	0.01430	0.01826	0.44177	0.01171	0.26276	0.01960	0.02243	0.01072	0.01174	0.00824	0.00627	0.00540	0.00161	0.00878	0.00426	0.00392	0.00791

[dist]
# distance from previous block
# <min> <max>
6	167

# created by:
# /software/SequenceAnalysis/GenePrediction/augustus/3.0.1/scripts/msa2prfl.pl ./fixed/BUSCOvEOG7W9KJ6.fas
