[name]
unknown

[dist]
# distance from previous block
# <min> <max>
6	457

[block]
# block no. 0 follows, 40 sequences, length 6
# corresponding to MSA columns:
# 482-487
name=unknown_A
#
# <colnr> <probs for GDERKNQSTAVLIFYWHMCP>
#	G	D	E	R	K	N	Q	S	T	A	V	L	I	F	Y	W	H	M	C	P
0	0.01223	0.01816	0.23721	0.01942	0.02533	0.01284	0.41411	0.01730	0.01377	0.01934	0.13427	0.01930	0.01601	0.00623	0.00648	0.00191	0.00830	0.00674	0.00337	0.00767
1	0.01149	0.01040	0.01611	0.34617	0.14350	0.01172	0.03705	0.01698	0.13409	0.01810	0.09421	0.10177	0.01794	0.00799	0.00614	0.00194	0.00617	0.00723	0.00390	0.00711
2	0.01400	0.01591	0.02675	0.10166	0.02711	0.13413	0.46792	0.01784	0.01367	0.01713	0.01333	0.09727	0.01164	0.00659	0.00655	0.00193	0.00901	0.00721	0.00317	0.00719
3	0.01370	0.01219	0.01855	0.07435	0.41714	0.01208	0.01366	0.09260	0.01418	0.02008	0.01374	0.11059	0.01272	0.00689	0.00573	0.00168	0.00604	0.00631	0.00358	0.14421
4	0.11521	0.02084	0.35218	0.01805	0.10067	0.01383	0.13555	0.02022	0.12965	0.02041	0.01253	0.01421	0.00932	0.00575	0.00559	0.00186	0.00747	0.00503	0.00327	0.00835
5	0.00995	0.00732	0.01048	0.01306	0.14744	0.00689	0.00799	0.01191	0.01311	0.06628	0.14620	0.35135	0.12310	0.01354	0.00688	0.00209	0.00407	0.04706	0.00521	0.00607

[dist]
# distance from previous block
# <min> <max>
31	94

[block]
# block no. 1 follows, 40 sequences, length 8
# corresponding to MSA columns:
# 680-687
name=unknown_B
#
# <colnr> <probs for GDERKNQSTAVLIFYWHMCP>
#	G	D	E	R	K	N	Q	S	T	A	V	L	I	F	Y	W	H	M	C	P
0	0.01260	0.04476	0.32794	0.16256	0.21417	0.01392	0.10675	0.01761	0.01256	0.01779	0.01063	0.01373	0.00809	0.00540	0.00574	0.00183	0.00809	0.00496	0.00265	0.00823
1	0.01377	0.21348	0.06752	0.13791	0.02491	0.01642	0.26578	0.01996	0.14772	0.01781	0.01272	0.01496	0.00987	0.00565	0.00566	0.00177	0.00755	0.00545	0.00329	0.00782
2	0.00849	0.00834	0.09982	0.00884	0.01038	0.00605	0.00732	0.00999	0.01197	0.01656	0.20881	0.36504	0.03362	0.01543	0.00986	0.15417	0.00416	0.01141	0.00477	0.00499
3	0.01499	0.07441	0.29770	0.11224	0.15919	0.01530	0.01673	0.20056	0.01616	0.02238	0.01125	0.01328	0.00840	0.00583	0.00555	0.00177	0.00746	0.00472	0.00340	0.00870
4	0.01113	0.01051	0.01746	0.31090	0.06645	0.01220	0.10109	0.01434	0.01270	0.01753	0.19898	0.02203	0.01988	0.00801	0.00864	0.00201	0.14930	0.00672	0.00360	0.00652
5	0.01273	0.02332	0.44343	0.02287	0.21208	0.01380	0.15208	0.01831	0.01279	0.01860	0.01081	0.01344	0.00810	0.00532	0.00583	0.00183	0.00839	0.00499	0.00265	0.00861
6	0.01389	0.01521	0.03160	0.02734	0.21502	0.01448	0.55578	0.01843	0.01360	0.01872	0.01156	0.01536	0.00892	0.00497	0.00658	0.00190	0.00907	0.00644	0.00293	0.00819
7	0.00937	0.00790	0.01136	0.01107	0.01184	0.00897	0.04179	0.01100	0.01127	0.01549	0.04726	0.34027	0.04568	0.04297	0.01125	0.00255	0.20209	0.15795	0.00452	0.00540

[dist]
# distance from previous block
# <min> <max>
66	370

[block]
# block no. 2 follows, 40 sequences, length 6
# corresponding to MSA columns:
# 1133-1138
name=unknown_C
#
# <colnr> <probs for GDERKNQSTAVLIFYWHMCP>
#	G	D	E	R	K	N	Q	S	T	A	V	L	I	F	Y	W	H	M	C	P
0	0.01235	0.00982	0.01147	0.00842	0.01320	0.00749	0.00672	0.01479	0.01247	0.06410	0.01641	0.01732	0.09064	0.00562	0.00468	0.00104	0.00420	0.00456	0.00389	0.69081
1	0.07245	0.01242	0.01336	0.01087	0.01482	0.08400	0.00874	0.08748	0.13108	0.39534	0.06529	0.01925	0.01568	0.00725	0.00567	0.00176	0.00537	0.00575	0.00607	0.03737
2	0.23819	0.01280	0.01357	0.01073	0.01504	0.01351	0.00882	0.29345	0.04738	0.21789	0.01486	0.01444	0.01032	0.00649	0.00515	0.00173	0.00532	0.00478	0.00544	0.06011
3	0.61737	0.01007	0.00873	0.00799	0.01112	0.01120	0.00637	0.01668	0.01077	0.09638	0.01359	0.14246	0.01252	0.00774	0.00446	0.00189	0.00435	0.00567	0.00425	0.00638
4	0.01022	0.00713	0.00845	0.08172	0.01096	0.00749	0.00567	0.08137	0.01160	0.01600	0.05454	0.03272	0.04933	0.48680	0.02017	0.00410	0.00535	0.00775	0.09384	0.00479
5	0.01234	0.00932	0.01104	0.01111	0.08238	0.00966	0.00702	0.14943	0.07667	0.01840	0.01675	0.02820	0.01680	0.45351	0.01920	0.00391	0.00573	0.00706	0.00410	0.05736

[dist]
# distance from previous block
# <min> <max>
7	14

[block]
# block no. 3 follows, 40 sequences, length 8
# corresponding to MSA columns:
# 1154-1161
name=unknown_D
#
# <colnr> <probs for GDERKNQSTAVLIFYWHMCP>
#	G	D	E	R	K	N	Q	S	T	A	V	L	I	F	Y	W	H	M	C	P
0	0.01305	0.01063	0.01223	0.01110	0.01372	0.01224	0.00870	0.09940	0.40391	0.02173	0.01970	0.02128	0.01575	0.02072	0.28342	0.00462	0.00877	0.00631	0.00489	0.00783
1	0.53880	0.01285	0.01787	0.01375	0.01818	0.01365	0.27124	0.01765	0.01128	0.02339	0.00942	0.01171	0.00721	0.00522	0.00478	0.00186	0.00642	0.00449	0.00336	0.00686
2	0.00758	0.00527	0.00660	0.00746	0.00768	0.00505	0.00472	0.00823	0.01016	0.01355	0.02708	0.51898	0.03219	0.29963	0.01545	0.00355	0.00419	0.01361	0.00472	0.00429
3	0.01921	0.00815	0.01105	0.00953	0.01252	0.00716	0.00741	0.02101	0.01465	0.49243	0.02624	0.29926	0.02311	0.01119	0.00642	0.00200	0.00438	0.00972	0.00655	0.00802
4	0.01732	0.00783	0.01014	0.00849	0.01095	0.00709	0.00632	0.01883	0.01366	0.39240	0.11911	0.02956	0.02224	0.29322	0.01458	0.00319	0.00490	0.00742	0.00576	0.00700
5	0.01721	0.01114	0.11107	0.00956	0.01369	0.00789	0.00878	0.01978	0.01483	0.39335	0.03429	0.03188	0.28226	0.00970	0.00618	0.00186	0.00471	0.00797	0.00591	0.00792
6	0.00698	0.00546	0.00634	0.00704	0.00816	0.00481	0.00493	0.00822	0.01215	0.01526	0.04489	0.44002	0.38199	0.01655	0.00716	0.00217	0.00317	0.01450	0.00540	0.00481
7	0.01907	0.01040	0.01488	0.28974	0.02401	0.01092	0.01139	0.02380	0.11251	0.39383	0.01848	0.01849	0.01244	0.00679	0.00584	0.00187	0.00592	0.00570	0.00536	0.00856

[dist]
# distance from previous block
# <min> <max>
0	1

[block]
# block no. 4 follows, 40 sequences, length 14
# corresponding to MSA columns:
# 1163-1176
name=unknown_E
#
# <colnr> <probs for GDERKNQSTAVLIFYWHMCP>
#	G	D	E	R	K	N	Q	S	T	A	V	L	I	F	Y	W	H	M	C	P
0	0.02237	0.01016	0.01465	0.20863	0.02147	0.00979	0.01059	0.02497	0.01547	0.56877	0.01987	0.01896	0.01287	0.00698	0.00593	0.00187	0.00574	0.00574	0.00607	0.00911
1	0.01372	0.01306	0.02212	0.22738	0.57221	0.01369	0.01747	0.01721	0.01295	0.01812	0.01099	0.01496	0.00903	0.00549	0.00586	0.00182	0.00719	0.00524	0.00288	0.00860
2	0.00731	0.00522	0.00691	0.00824	0.00860	0.00486	0.00549	0.00826	0.01127	0.01504	0.03219	0.78950	0.03856	0.01832	0.00751	0.00240	0.00345	0.01656	0.00546	0.00484
3	0.01235	0.01130	0.01694	0.52404	0.08905	0.01349	0.01456	0.01935	0.20127	0.01781	0.01402	0.01729	0.01064	0.00644	0.00592	0.00197	0.00694	0.00560	0.00354	0.00749
4	0.01372	0.01306	0.02212	0.22738	0.57221	0.01369	0.01747	0.01721	0.01295	0.01812	0.01099	0.01496	0.00903	0.00549	0.00586	0.00182	0.00719	0.00524	0.00288	0.00860
5	0.00810	0.00609	0.00745	0.00710	0.00864	0.00547	0.00531	0.01045	0.01575	0.02154	0.57483	0.04684	0.23529	0.01274	0.00695	0.00190	0.00287	0.01102	0.00621	0.00545
6	0.01702	0.01314	0.01458	0.01113	0.01573	0.01287	0.00899	0.38062	0.01985	0.02780	0.01380	0.06434	0.01141	0.00671	0.00537	0.00145	0.00538	0.00528	0.00484	0.35971
7	0.01380	0.01167	0.01687	0.53121	0.03239	0.01380	0.01420	0.20084	0.01576	0.02065	0.01290	0.06619	0.01051	0.00707	0.00601	0.00195	0.00718	0.00600	0.00367	0.00734
8	0.03011	0.00990	0.01263	0.20853	0.01974	0.03783	0.01051	0.11199	0.03712	0.04630	0.12564	0.04884	0.04999	0.01046	0.00661	0.00210	0.00575	0.21454	0.00481	0.00658
9	0.22396	0.15387	0.39650	0.01246	0.01872	0.01443	0.01451	0.01724	0.01165	0.01941	0.01263	0.01393	0.05653	0.00601	0.00482	0.00174	0.00677	0.00433	0.00295	0.00757
10	0.01257	0.42923	0.13203	0.01037	0.01470	0.01590	0.01029	0.01499	0.01172	0.01503	0.01474	0.21097	0.01549	0.00841	0.00498	0.00159	0.00571	0.00676	0.00329	0.06123
11	0.06731	0.01274	0.01466	0.01138	0.01585	0.01294	0.00934	0.30949	0.07438	0.32206	0.01764	0.01645	0.01196	0.00684	0.00560	0.00172	0.00542	0.00532	0.00607	0.07283
12	0.06332	0.01243	0.01495	0.20916	0.02145	0.01377	0.01082	0.34934	0.01858	0.02567	0.01408	0.07538	0.01197	0.05923	0.00726	0.00203	0.00619	0.00604	0.00449	0.07385
13	0.01236	0.00790	0.00906	0.00819	0.00981	0.03486	0.00594	0.06701	0.01394	0.11886	0.23109	0.05459	0.02829	0.25249	0.06386	0.00345	0.00534	0.00818	0.05897	0.00580

[dist]
# distance from previous block
# <min> <max>
12	18

[block]
# block no. 5 follows, 40 sequences, length 8
# corresponding to MSA columns:
# 1195-1202
name=unknown_F
#
# <colnr> <probs for GDERKNQSTAVLIFYWHMCP>
#	G	D	E	R	K	N	Q	S	T	A	V	L	I	F	Y	W	H	M	C	P
0	0.53626	0.03717	0.00997	0.00846	0.01160	0.01202	0.00678	0.08254	0.01210	0.05603	0.01397	0.16372	0.01332	0.00812	0.00465	0.00189	0.00453	0.00608	0.00427	0.00651
1	0.01470	0.02001	0.16380	0.37548	0.02976	0.26675	0.01555	0.01835	0.01338	0.01535	0.00991	0.01319	0.00759	0.00582	0.00557	0.00177	0.00883	0.00452	0.00270	0.00697
2	0.39981	0.16543	0.01582	0.26671	0.02159	0.01496	0.01031	0.01641	0.01085	0.01990	0.00884	0.01145	0.00701	0.00545	0.00436	0.00174	0.00592	0.00382	0.00304	0.00658
3	0.01813	0.02191	0.01680	0.27114	0.02535	0.51857	0.01288	0.02043	0.01486	0.01444	0.00944	0.01216	0.00758	0.00593	0.00543	0.00165	0.00957	0.00422	0.00286	0.00665
4	0.56235	0.27449	0.01587	0.00842	0.01248	0.01637	0.00752	0.01720	0.01054	0.02194	0.00809	0.00941	0.00669	0.00526	0.00364	0.00161	0.00507	0.00314	0.00323	0.00669
5	0.00935	0.00782	0.00896	0.00760	0.01075	0.00621	0.00577	0.01126	0.01228	0.01706	0.03082	0.17963	0.26451	0.01052	0.00577	0.00152	0.00367	0.00896	0.00448	0.39306
6	0.01006	0.01488	0.26151	0.01166	0.01534	0.00957	0.01152	0.01602	0.15617	0.01790	0.02319	0.38036	0.02401	0.01195	0.00649	0.00211	0.00536	0.01049	0.00452	0.00690
7	0.01733	0.01053	0.01285	0.00947	0.01438	0.00861	0.00768	0.06114	0.01447	0.26870	0.01476	0.01475	0.01062	0.00543	0.00491	0.00123	0.00464	0.00435	0.00484	0.50931

[dist]
# distance from previous block
# <min> <max>
0	9

[block]
# block no. 6 follows, 40 sequences, length 17
# corresponding to MSA columns:
# 1212-1228
name=unknown_G
#
# <colnr> <probs for GDERKNQSTAVLIFYWHMCP>
#	G	D	E	R	K	N	Q	S	T	A	V	L	I	F	Y	W	H	M	C	P
0	0.00970	0.00640	0.00847	0.00951	0.01085	0.00640	0.00817	0.01239	0.01312	0.01837	0.02811	0.05562	0.02925	0.01395	0.00713	0.00238	0.00475	0.55788	0.19217	0.00537
1	0.01901	0.01387	0.01493	0.01178	0.01538	0.01522	0.00934	0.57383	0.02305	0.03089	0.01495	0.01943	0.01244	0.18609	0.01122	0.00263	0.00623	0.00597	0.00530	0.00844
2	0.02199	0.00902	0.01164	0.00931	0.01303	0.00816	0.00757	0.02512	0.05602	0.55417	0.02208	0.02033	0.01470	0.00714	0.00545	0.00171	0.00442	0.00579	0.19352	0.00884
3	0.00709	0.00506	0.00675	0.00810	0.00843	0.00472	0.00540	0.00810	0.01113	0.01484	0.03205	0.79184	0.03846	0.01822	0.00742	0.00236	0.00337	0.01653	0.00540	0.00472
4	0.01050	0.00761	0.00918	0.00930	0.01061	0.00775	0.00668	0.17431	0.01481	0.01980	0.02794	0.61517	0.03197	0.01567	0.00706	0.00222	0.00406	0.01397	0.00549	0.00590
5	0.02290	0.01000	0.01317	0.00995	0.01460	0.00837	0.00817	0.02523	0.01560	0.59432	0.02008	0.01804	0.01308	0.00654	0.00550	0.00159	0.00480	0.00530	0.00635	0.19642
6	0.01176	0.01113	0.01884	0.61224	0.20341	0.01312	0.01654	0.01554	0.01199	0.01580	0.01047	0.01525	0.00808	0.00567	0.00580	0.00189	0.00756	0.00517	0.00265	0.00708
7	0.01098	0.01034	0.01744	0.78165	0.04005	0.01292	0.01615	0.01486	0.01163	0.01486	0.01034	0.01550	0.00775	0.00581	0.00581	0.00194	0.00775	0.00517	0.00258	0.00646
8	0.01098	0.01034	0.01744	0.78165	0.04005	0.01292	0.01615	0.01486	0.01163	0.01486	0.01034	0.01550	0.00775	0.00581	0.00581	0.00194	0.00775	0.00517	0.00258	0.00646
9	0.01098	0.01034	0.01744	0.78165	0.04005	0.01292	0.01615	0.01486	0.01163	0.01486	0.01034	0.01550	0.00775	0.00581	0.00581	0.00194	0.00775	0.00517	0.00258	0.00646
10	0.00687	0.00589	0.00589	0.00589	0.00785	0.00491	0.00442	0.00835	0.01325	0.01571	0.05891	0.05596	0.75700	0.01473	0.00687	0.00196	0.00295	0.01227	0.00540	0.00491
11	0.02609	0.00990	0.01350	0.01035	0.01484	0.00855	0.00855	0.02834	0.01664	0.76338	0.02294	0.01979	0.01439	0.00720	0.00585	0.00180	0.00495	0.00585	0.00720	0.00990
12	0.01162	0.05817	0.69558	0.01581	0.02387	0.01343	0.02016	0.01797	0.01249	0.01851	0.05149	0.01388	0.00999	0.00585	0.00553	0.00182	0.00818	0.00459	0.00267	0.00838
13	0.01439	0.01382	0.02360	0.03569	0.75936	0.01382	0.01785	0.01785	0.01324	0.01900	0.01094	0.01439	0.00921	0.00518	0.00576	0.00173	0.00691	0.00518	0.00288	0.00921
14	0.64855	0.01004	0.00837	0.00757	0.01067	0.01133	0.00611	0.01570	0.01139	0.02546	0.17802	0.01717	0.01733	0.00687	0.00434	0.00181	0.00410	0.00482	0.00424	0.00611
15	0.01955	0.01480	0.01607	0.01224	0.01696	0.01557	0.01004	0.54966	0.04990	0.03218	0.01349	0.01381	0.00988	0.00641	0.00548	0.00155	0.00586	0.00488	0.00528	0.19639
16	0.01541	0.01284	0.01362	0.01191	0.01534	0.01469	0.00935	0.13886	0.61192	0.02618	0.04854	0.02129	0.01788	0.00789	0.00594	0.00193	0.00481	0.00651	0.00592	0.00918

[dist]
# distance from previous block
# <min> <max>
0	1

[block]
# block no. 7 follows, 40 sequences, length 12
# corresponding to MSA columns:
# 1230-1241
name=unknown_H
#
# <colnr> <probs for GDERKNQSTAVLIFYWHMCP>
#	G	D	E	R	K	N	Q	S	T	A	V	L	I	F	Y	W	H	M	C	P
0	0.01197	0.09141	0.70688	0.01605	0.02435	0.01426	0.02057	0.01834	0.01224	0.01804	0.01025	0.01204	0.00737	0.00548	0.00538	0.00179	0.00840	0.00420	0.00246	0.00850
1	0.01544	0.01110	0.01273	0.01017	0.01449	0.01050	0.00808	0.02334	0.29920	0.15057	0.01771	0.01715	0.01317	0.00620	0.00520	0.00146	0.00453	0.00508	0.00506	0.36883
2	0.01406	0.22680	0.56203	0.01567	0.02329	0.01663	0.01882	0.01903	0.01302	0.01846	0.01124	0.01347	0.00875	0.00632	0.00566	0.00194	0.00838	0.00446	0.00296	0.00898
3	0.01357	0.01520	0.03229	0.02307	0.02888	0.01407	0.67188	0.01827	0.01357	0.01866	0.01164	0.01536	0.00880	0.00485	0.00663	0.00186	0.00931	0.00655	0.00299	0.08255
4	0.01350	0.01291	0.02199	0.23060	0.57141	0.01358	0.01740	0.01707	0.01282	0.01792	0.01078	0.01468	0.00883	0.00535	0.00577	0.00178	0.00713	0.00518	0.00280	0.00849
5	0.01570	0.05238	0.48260	0.01500	0.02210	0.01463	0.01729	0.20771	0.01655	0.08356	0.01229	0.01322	0.00860	0.00602	0.00556	0.00179	0.00764	0.00463	0.00372	0.00900
6	0.01424	0.53960	0.27852	0.01219	0.01838	0.01980	0.01384	0.01775	0.01197	0.01528	0.00888	0.01032	0.00743	0.00516	0.00434	0.00145	0.00702	0.00351	0.00248	0.00784
7	0.01384	0.15846	0.14393	0.09807	0.43838	0.01535	0.01684	0.01758	0.01268	0.01755	0.01028	0.01324	0.00846	0.00526	0.00536	0.00168	0.00713	0.00466	0.00271	0.00854
8	0.29860	0.01649	0.01344	0.01186	0.01505	0.20362	0.00912	0.09402	0.09305	0.06464	0.01367	0.01652	0.01128	0.07144	0.00801	0.00234	0.03951	0.00503	0.00454	0.00779
9	0.01205	0.10697	0.69201	0.01591	0.02414	0.01446	0.02033	0.01832	0.01223	0.01794	0.01020	0.01198	0.00738	0.00547	0.00535	0.00178	0.00836	0.00418	0.00246	0.00848
10	0.01377	0.38341	0.14393	0.01027	0.01491	0.03241	0.01043	0.01649	0.01309	0.07670	0.09271	0.02162	0.13365	0.00753	0.00505	0.00157	0.00573	0.00576	0.00374	0.00722
11	0.02108	0.01726	0.01558	0.01279	0.01673	0.21236	0.01016	0.32281	0.08019	0.14750	0.01550	0.04513	0.01172	0.00717	0.00569	0.00170	0.00689	0.00543	0.00521	0.03911

[dist]
# distance from previous block
# <min> <max>
11	15

[block]
# block no. 8 follows, 40 sequences, length 22
# corresponding to MSA columns:
# 1258-1279
name=unknown_I
#
# <colnr> <probs for GDERKNQSTAVLIFYWHMCP>
#	G	D	E	R	K	N	Q	S	T	A	V	L	I	F	Y	W	H	M	C	P
0	0.23357	0.13670	0.45569	0.01322	0.01995	0.01476	0.01574	0.01792	0.01157	0.01979	0.00947	0.01109	0.00709	0.00541	0.00475	0.00174	0.00715	0.00382	0.00277	0.00781
1	0.01072	0.00874	0.01052	0.00861	0.01212	0.00729	0.00681	0.01403	0.05215	0.02011	0.21387	0.05527	0.02493	0.00814	0.00554	0.00140	0.00396	0.07232	0.00462	0.45886
2	0.23588	0.01154	0.01169	0.01013	0.01377	0.01264	0.00804	0.02493	0.38998	0.10113	0.01896	0.01807	0.02971	0.00697	0.00516	0.00180	0.00455	0.00542	0.00519	0.08446
3	0.01098	0.01034	0.01744	0.78165	0.04005	0.01292	0.01615	0.01486	0.01163	0.01486	0.01034	0.01550	0.00775	0.00581	0.00581	0.00194	0.00775	0.00517	0.00258	0.00646
4	0.01421	0.01432	0.02648	0.03269	0.56379	0.01406	0.21111	0.01806	0.01337	0.01890	0.01116	0.01474	0.00911	0.00511	0.00605	0.00179	0.00769	0.00563	0.00290	0.00884
5	0.01206	0.01034	0.01206	0.00861	0.01378	0.00775	0.00689	0.01464	0.01206	0.01895	0.01034	0.01206	0.00861	0.00431	0.00431	0.00086	0.00431	0.00345	0.00345	0.83118
6	0.01010	0.00505	0.00758	0.00758	0.00758	0.00505	0.00505	0.00758	0.00758	0.01010	0.01010	0.01768	0.01010	0.02020	0.02273	0.83081	0.00505	0.00505	0.00253	0.00253
7	0.01215	0.06594	0.52619	0.01587	0.02197	0.01516	0.01853	0.01718	0.01135	0.01698	0.00956	0.01224	0.00744	0.00674	0.00907	0.00200	0.21676	0.00445	0.00248	0.00794
8	0.01190	0.01127	0.01910	0.58153	0.23302	0.01316	0.01661	0.01566	0.01206	0.01597	0.01050	0.01521	0.00814	0.00564	0.00580	0.00188	0.00753	0.00517	0.00266	0.00720
9	0.01521	0.01160	0.01290	0.01079	0.01473	0.01196	0.00851	0.02623	0.46361	0.11128	0.02000	0.01888	0.01490	0.00685	0.00548	0.00165	0.00456	0.00565	0.00541	0.22981
10	0.02174	0.02727	0.01652	0.01492	0.01798	0.74312	0.01123	0.05093	0.01690	0.01510	0.00918	0.01062	0.00758	0.00603	0.00527	0.00151	0.01033	0.00380	0.00311	0.00686
11	0.01484	0.01276	0.01597	0.01818	0.21477	0.01409	0.01150	0.02731	0.52658	0.04805	0.02023	0.01967	0.01535	0.00714	0.00587	0.00190	0.00523	0.00618	0.00515	0.00923
12	0.01253	0.00911	0.01120	0.01093	0.01312	0.00950	0.00921	0.20696	0.01724	0.02284	0.08172	0.08812	0.04493	0.01340	0.00729	0.00233	0.00528	0.42219	0.00556	0.00654
13	0.01812	0.02195	0.01457	0.01347	0.01594	0.56705	0.01017	0.01978	0.01457	0.01404	0.01076	0.01380	0.00938	0.01609	0.21110	0.00360	0.01185	0.00441	0.00303	0.00633
14	0.61518	0.01100	0.01093	0.21530	0.01897	0.01301	0.00894	0.01649	0.01036	0.02308	0.00870	0.01107	0.00669	0.00551	0.00419	0.00184	0.00537	0.00369	0.00333	0.00634
15	0.02317	0.01457	0.01639	0.01257	0.01718	0.01549	0.01038	0.54905	0.02447	0.23162	0.01637	0.01553	0.01110	0.00704	0.00583	0.00176	0.00601	0.00540	0.00619	0.00989
16	0.01348	0.01288	0.02195	0.23582	0.56638	0.01358	0.01739	0.01704	0.01281	0.01789	0.01078	0.01469	0.00882	0.00535	0.00577	0.00178	0.00713	0.00518	0.00280	0.00847
17	0.02211	0.01629	0.01745	0.01338	0.01803	0.01803	0.01105	0.73997	0.02734	0.03665	0.01396	0.01396	0.00989	0.00698	0.00582	0.00175	0.00640	0.00524	0.00582	0.00989
18	0.01170	0.01535	0.21391	0.01067	0.01651	0.00915	0.01072	0.01542	0.01240	0.01909	0.05868	0.01415	0.01127	0.00512	0.00480	0.00119	0.00536	0.00413	0.00337	0.55702
19	0.01302	0.00700	0.00931	0.00813	0.01034	0.00631	0.00631	0.01563	0.01651	0.22186	0.55955	0.03709	0.04401	0.01063	0.00659	0.00182	0.00333	0.00926	0.00662	0.00667
20	0.00721	0.00618	0.00629	0.00607	0.00824	0.00509	0.00458	0.00875	0.01318	0.01592	0.05576	0.05312	0.70852	0.01405	0.00671	0.00189	0.00303	0.01170	0.00527	0.05843
21	0.13997	0.06626	0.01700	0.01233	0.01685	0.01763	0.01029	0.58820	0.02380	0.03363	0.01273	0.01301	0.00921	0.00662	0.00536	0.00172	0.00611	0.00479	0.00528	0.00921

[dist]
# distance from previous block
# <min> <max>
9	40

[block]
# block no. 9 follows, 40 sequences, length 12
# corresponding to MSA columns:
# 1322-1333
name=unknown_J
#
# <colnr> <probs for GDERKNQSTAVLIFYWHMCP>
#	G	D	E	R	K	N	Q	S	T	A	V	L	I	F	Y	W	H	M	C	P
0	0.00968	0.00790	0.01171	0.01580	0.21282	0.00757	0.00893	0.01127	0.01222	0.01671	0.05623	0.50243	0.05140	0.03671	0.00776	0.00234	0.00454	0.01292	0.00485	0.00621
1	0.01473	0.57754	0.02385	0.00905	0.01305	0.01840	0.00854	0.01668	0.01223	0.01633	0.01156	0.01339	0.00996	0.00580	0.00405	0.00137	0.00542	0.00391	0.22697	0.00716
2	0.00850	0.00629	0.00900	0.00934	0.01023	0.00687	0.00697	0.01013	0.01016	0.01435	0.02051	0.23242	0.02146	0.03674	0.55880	0.00748	0.01234	0.00918	0.00391	0.00533
3	0.01581	0.75256	0.06953	0.01063	0.01581	0.02268	0.01075	0.01778	0.01215	0.01441	0.00872	0.01019	0.00794	0.00534	0.00405	0.00137	0.00650	0.00334	0.00266	0.00777
4	0.01243	0.01126	0.01657	0.56668	0.03342	0.01359	0.01440	0.01955	0.21228	0.01790	0.01445	0.01785	0.01095	0.00671	0.00605	0.00204	0.00704	0.00571	0.00366	0.00746
5	0.00867	0.00688	0.01003	0.21865	0.01742	0.00727	0.00855	0.01032	0.01158	0.01532	0.02647	0.57539	0.03035	0.01508	0.00718	0.00233	0.00474	0.01351	0.00479	0.00546
6	0.01412	0.01855	0.22546	0.03062	0.55429	0.01398	0.01896	0.01831	0.01328	0.01928	0.01129	0.01449	0.00917	0.00561	0.00590	0.00185	0.00752	0.00510	0.00294	0.00928
7	0.01470	0.22889	0.03343	0.02077	0.02641	0.01720	0.53475	0.01860	0.01350	0.01772	0.01125	0.01462	0.00892	0.00526	0.00621	0.00185	0.00896	0.00599	0.00299	0.00798
8	0.01437	0.67130	0.02681	0.00953	0.01392	0.02019	0.00923	0.01638	0.01256	0.01523	0.12867	0.01483	0.01510	0.00609	0.00424	0.00134	0.00566	0.00430	0.00312	0.00714
9	0.00751	0.00582	0.00582	0.00582	0.00768	0.00499	0.00436	0.00918	0.01308	0.01667	0.05247	0.05044	0.63740	0.01345	0.00642	0.00187	0.00291	0.01117	0.13796	0.00499
10	0.00705	0.00519	0.00661	0.00774	0.00834	0.00475	0.00524	0.00814	0.01148	0.01498	0.03638	0.67324	0.15426	0.01766	0.00733	0.00230	0.00330	0.01585	0.00540	0.00475
11	0.01506	0.63367	0.06855	0.01263	0.01794	0.02119	0.12791	0.01766	0.01215	0.01472	0.00880	0.01050	0.00768	0.00499	0.00433	0.00139	0.00692	0.00377	0.00256	0.00758

[dist]
# distance from previous block
# <min> <max>
19	21

[block]
# block no. 10 follows, 40 sequences, length 8
# corresponding to MSA columns:
# 1366-1373
name=unknown_K
#
# <colnr> <probs for GDERKNQSTAVLIFYWHMCP>
#	G	D	E	R	K	N	Q	S	T	A	V	L	I	F	Y	W	H	M	C	P
0	0.01034	0.02287	0.54690	0.01413	0.02035	0.01098	0.01685	0.01544	0.01195	0.01739	0.01666	0.23687	0.01633	0.00918	0.00607	0.00199	0.00709	0.00782	0.00330	0.00748
1	0.00748	0.00523	0.00663	0.00759	0.00783	0.00499	0.00486	0.00820	0.01036	0.01382	0.02810	0.57467	0.03347	0.24219	0.01381	0.00331	0.00403	0.01421	0.00486	0.00438
2	0.17782	0.01588	0.02052	0.01558	0.02027	0.06526	0.21965	0.34509	0.01932	0.02795	0.01187	0.01336	0.00873	0.00601	0.00565	0.00180	0.00728	0.00520	0.00437	0.00840
3	0.01412	0.01313	0.02006	0.09332	0.48274	0.01393	0.01521	0.02135	0.22503	0.02018	0.01455	0.01659	0.01155	0.00602	0.00581	0.00182	0.00632	0.00558	0.00373	0.00897
4	0.02243	0.01577	0.01713	0.01313	0.01777	0.01726	0.01085	0.68214	0.02647	0.09570	0.01469	0.01444	0.01026	0.00700	0.00582	0.00175	0.00628	0.00529	0.00593	0.00989
5	0.01822	0.01993	0.01458	0.01351	0.01628	0.43733	0.01067	0.12870	0.01724	0.01855	0.01602	0.02689	0.01534	0.00904	0.00613	0.00188	0.00839	0.21039	0.00410	0.00682
6	0.01396	0.01195	0.01197	0.01054	0.01367	0.04675	0.00824	0.14954	0.37599	0.02357	0.03144	0.02969	0.22887	0.00961	0.00614	0.00191	0.00471	0.00785	0.00562	0.00798
7	0.02167	0.01088	0.01336	0.01091	0.01495	0.01079	0.00880	0.02931	0.29477	0.48265	0.02322	0.02052	0.01567	0.00746	0.00587	0.00187	0.00482	0.00612	0.00671	0.00963

[dist]
# distance from previous block
# <min> <max>
0	0

# created by:
# /software/SequenceAnalysis/GenePrediction/augustus/3.0.1/scripts/msa2prfl.pl ./fixed/BUSCOvEOG7DRBSR.fas
