[name]
unknown

[dist]
# distance from previous block
# <min> <max>
7	218

[block]
# block no. 0 follows, 39 sequences, length 120
# corresponding to MSA columns:
# 225-344
name=unknown_A
#
# <colnr> <probs for GDERKNQSTAVLIFYWHMCP>
#	G	D	E	R	K	N	Q	S	T	A	V	L	I	F	Y	W	H	M	C	P
0	0.00842	0.00566	0.00650	0.00668	0.00672	0.00561	0.00383	0.00855	0.00895	0.01193	0.02041	0.13411	0.02374	0.69370	0.02723	0.00531	0.00544	0.00965	0.00383	0.00374
1	0.02248	0.01656	0.01775	0.01361	0.01834	0.01834	0.01124	0.73556	0.02780	0.03727	0.01420	0.01420	0.01006	0.00710	0.00592	0.00177	0.00651	0.00532	0.00592	0.01006
2	0.01598	0.01359	0.01407	0.01233	0.01586	0.03174	0.00967	0.13166	0.62643	0.02630	0.02234	0.02069	0.01668	0.00785	0.00599	0.00196	0.00507	0.00643	0.00594	0.00940
3	0.02074	0.02538	0.01701	0.01520	0.01787	0.62253	0.01164	0.05444	0.01611	0.01547	0.00916	0.01116	0.00775	0.00677	0.00746	0.00169	0.12546	0.00408	0.00311	0.00694
4	0.01581	0.79572	0.03099	0.01012	0.01518	0.02340	0.01012	0.01771	0.01202	0.01391	0.00822	0.00949	0.00759	0.00506	0.00379	0.00126	0.00632	0.00316	0.00253	0.00759
5	0.01102	0.00551	0.00551	0.00551	0.00689	0.00551	0.00413	0.01378	0.01240	0.02205	0.01929	0.02205	0.01516	0.00689	0.00413	0.00138	0.00276	0.00551	0.82500	0.00551
6	0.02238	0.01647	0.01764	0.01353	0.01824	0.01823	0.01118	0.72915	0.02767	0.03714	0.01424	0.01427	0.01010	0.00710	0.00590	0.00177	0.00647	0.00533	0.01318	0.01002
7	0.01117	0.01051	0.01774	0.77795	0.04073	0.01314	0.01642	0.01511	0.01182	0.01511	0.01051	0.01577	0.00788	0.00591	0.00591	0.00197	0.00788	0.00526	0.00263	0.00657
8	0.02209	0.02819	0.01676	0.01524	0.01828	0.76843	0.01143	0.02361	0.01676	0.01447	0.00914	0.01066	0.00762	0.00609	0.00533	0.00152	0.01066	0.00381	0.00305	0.00686
9	0.00837	0.00604	0.00790	0.00744	0.00883	0.00558	0.00558	0.01116	0.01674	0.02371	0.75216	0.04417	0.05580	0.01209	0.00697	0.00186	0.00279	0.01069	0.00651	0.00558
10	0.00845	0.00634	0.00950	0.00950	0.01056	0.00739	0.00739	0.01056	0.00950	0.01373	0.01584	0.02323	0.01478	0.04435	0.76873	0.00950	0.01584	0.00634	0.00317	0.00528
11	0.00717	0.00600	0.00624	0.00618	0.00810	0.00507	0.00463	0.00883	0.01390	0.01697	0.14889	0.05528	0.66327	0.01461	0.00699	0.00198	0.00297	0.01225	0.00562	0.00507
12	0.01464	0.01405	0.02400	0.03630	0.75528	0.01405	0.01815	0.01815	0.01347	0.01932	0.01112	0.01464	0.00937	0.00527	0.00585	0.00176	0.00703	0.00527	0.00293	0.00937
13	0.01464	0.01405	0.02400	0.03630	0.75528	0.01405	0.01815	0.01815	0.01347	0.01932	0.01112	0.01464	0.00937	0.00527	0.00585	0.00176	0.00703	0.00527	0.00293	0.00937
14	0.02209	0.02819	0.01676	0.01524	0.01828	0.76843	0.01143	0.02361	0.01676	0.01447	0.00914	0.01066	0.00762	0.00609	0.00533	0.00152	0.01066	0.00381	0.00305	0.00686
15	0.83394	0.01144	0.00869	0.00778	0.01144	0.01327	0.00640	0.01738	0.01006	0.02653	0.00823	0.00961	0.00640	0.00549	0.00366	0.00183	0.00457	0.00320	0.00366	0.00640
16	0.00860	0.00573	0.00645	0.00645	0.00645	0.00573	0.00358	0.00860	0.00860	0.01147	0.01863	0.03870	0.02150	0.79217	0.03010	0.00573	0.00573	0.00860	0.00358	0.00358
17	0.01471	0.01270	0.01337	0.01203	0.01538	0.01471	0.00936	0.03142	0.74459	0.02474	0.02407	0.02206	0.01805	0.00802	0.00602	0.00201	0.00468	0.00669	0.00602	0.00936
18	0.00721	0.00515	0.00686	0.00823	0.00858	0.00480	0.00549	0.00823	0.01132	0.01510	0.03259	0.78831	0.03911	0.01853	0.00755	0.00240	0.00343	0.01681	0.00549	0.00480
19	0.01294	0.01294	0.01811	0.01553	0.01553	0.01811	0.01294	0.01423	0.00906	0.01423	0.00776	0.01294	0.00776	0.01035	0.01941	0.00259	0.78134	0.00518	0.00259	0.00647
20	0.01173	0.01089	0.01806	0.77151	0.04088	0.01342	0.01658	0.01548	0.01217	0.01563	0.01107	0.01650	0.00842	0.00628	0.00615	0.00207	0.00805	0.00543	0.00282	0.00685
21	0.02255	0.02841	0.01709	0.01556	0.01863	0.76200	0.01163	0.02391	0.01706	0.01500	0.00971	0.01145	0.00815	0.00646	0.00557	0.00163	0.01080	0.00400	0.00324	0.00714
22	0.01281	0.01089	0.01264	0.00914	0.01440	0.00821	0.00725	0.01527	0.01260	0.01976	0.01107	0.01303	0.00928	0.00476	0.00463	0.00099	0.00457	0.00369	0.00369	0.82131
23	0.00759	0.00641	0.00642	0.00640	0.00843	0.00534	0.00476	0.00892	0.01381	0.01649	0.06002	0.05729	0.74680	0.01526	0.00721	0.00210	0.00320	0.01259	0.00566	0.00529
24	0.02696	0.01045	0.01408	0.01089	0.01548	0.00901	0.00892	0.02907	0.01723	0.75329	0.02377	0.02083	0.01511	0.00767	0.00618	0.00193	0.00522	0.00612	0.00747	0.01032
25	0.01449	0.01629	0.03507	0.02516	0.03115	0.01522	0.72759	0.01928	0.01428	0.01943	0.01251	0.01669	0.00950	0.00536	0.00720	0.00209	0.01011	0.00714	0.00318	0.00825
26	0.02284	0.01975	0.01783	0.01435	0.01868	0.20325	0.01149	0.55426	0.02529	0.03199	0.01347	0.01408	0.00997	0.00721	0.00600	0.00181	0.00771	0.00513	0.00538	0.00952
27	0.01524	0.01307	0.01374	0.01239	0.01576	0.01497	0.00958	0.03165	0.73844	0.02518	0.02450	0.02275	0.01850	0.00837	0.00625	0.00211	0.00487	0.00685	0.00618	0.00962
28	0.01633	0.78914	0.03120	0.01049	0.01556	0.02359	0.01033	0.01806	0.01236	0.01445	0.00880	0.01028	0.00813	0.00543	0.00405	0.00137	0.00650	0.00336	0.00273	0.00787
29	0.82720	0.01181	0.00910	0.00817	0.01185	0.01354	0.00665	0.01774	0.01043	0.02696	0.00881	0.01040	0.00695	0.00586	0.00391	0.00193	0.00477	0.00340	0.00385	0.00669
30	0.02696	0.01045	0.01408	0.01089	0.01548	0.00901	0.00892	0.02907	0.01723	0.75329	0.02377	0.02083	0.01511	0.00767	0.00618	0.00193	0.00522	0.00612	0.00747	0.01032
31	0.01173	0.01089	0.01806	0.77151	0.04088	0.01342	0.01658	0.01548	0.01217	0.01563	0.01107	0.01650	0.00842	0.00628	0.00615	0.00207	0.00805	0.00543	0.00282	0.00685
32	0.09533	0.01286	0.01329	0.01193	0.01536	0.01465	0.00927	0.03021	0.64515	0.04736	0.02294	0.02148	0.01726	0.00810	0.00602	0.00208	0.00487	0.00649	0.00599	0.00935
33	0.01517	0.01440	0.02427	0.03644	0.74909	0.01432	0.01829	0.01850	0.01380	0.01981	0.01167	0.01538	0.00989	0.00564	0.00609	0.00186	0.00720	0.00544	0.00312	0.00963
34	0.00759	0.00641	0.00642	0.00640	0.00843	0.00534	0.00476	0.00892	0.01381	0.01649	0.06002	0.05729	0.74680	0.01526	0.00721	0.00210	0.00320	0.01259	0.00566	0.00529
35	0.82720	0.01181	0.00910	0.00817	0.01185	0.01354	0.00665	0.01774	0.01043	0.02696	0.00881	0.01040	0.00695	0.00586	0.00391	0.00193	0.00477	0.00340	0.00385	0.00669
36	0.00918	0.00616	0.00688	0.00685	0.00691	0.00608	0.00385	0.00903	0.00897	0.01202	0.01912	0.03923	0.02191	0.78556	0.03012	0.00580	0.00592	0.00874	0.00377	0.00390
37	0.02283	0.01662	0.01785	0.01382	0.01852	0.01822	0.01132	0.69166	0.04747	0.05614	0.01523	0.01532	0.01091	0.00749	0.00615	0.00188	0.00659	0.00555	0.00612	0.01029
38	0.01241	0.03079	0.75525	0.01716	0.02588	0.01401	0.02196	0.01907	0.01283	0.01922	0.01117	0.01325	0.00803	0.00599	0.00585	0.00197	0.00890	0.00455	0.00269	0.00901
39	0.82720	0.01181	0.00910	0.00817	0.01185	0.01354	0.00665	0.01774	0.01043	0.02696	0.00881	0.01040	0.00695	0.00586	0.00391	0.00193	0.00477	0.00340	0.00385	0.00669
40	0.01173	0.01089	0.01806	0.77151	0.04088	0.01342	0.01658	0.01548	0.01217	0.01563	0.01107	0.01650	0.00842	0.00628	0.00615	0.00207	0.00805	0.00543	0.00282	0.00685
41	0.01348	0.01330	0.01844	0.01585	0.01590	0.01835	0.01313	0.01461	0.00943	0.01476	0.00834	0.01370	0.00830	0.01068	0.01952	0.00268	0.77464	0.00535	0.00278	0.00676
42	0.02696	0.01045	0.01408	0.01089	0.01548	0.00901	0.00892	0.02907	0.01723	0.75329	0.02377	0.02083	0.01511	0.00767	0.00618	0.00193	0.00522	0.00612	0.00747	0.01032
43	0.01043	0.00571	0.00781	0.00779	0.00784	0.00563	0.00501	0.00837	0.00831	0.01113	0.01289	0.02380	0.01355	0.21076	0.02491	0.61828	0.00547	0.00616	0.00301	0.00314
44	0.01127	0.02453	0.56945	0.01504	0.02169	0.01181	0.01793	0.01649	0.01254	0.01833	0.01658	0.20426	0.01581	0.00917	0.00633	0.00210	0.00759	0.00762	0.00343	0.00804
45	0.01213	0.01191	0.01021	0.00954	0.01147	0.19365	0.00711	0.01424	0.01656	0.02073	0.45992	0.03831	0.14805	0.01136	0.00680	0.00190	0.00497	0.00939	0.00567	0.00610
46	0.01191	0.00776	0.01213	0.01513	0.19221	0.00768	0.00860	0.01072	0.00950	0.01307	0.01104	0.01787	0.01056	0.01702	0.01894	0.61730	0.00579	0.00534	0.00285	0.00456
47	0.01039	0.00586	0.00856	0.00854	0.00885	0.00604	0.00595	0.00885	0.00853	0.01169	0.01220	0.01999	0.01190	0.02664	0.20677	0.61921	0.00796	0.00561	0.00291	0.00356
48	0.01155	0.02475	0.56971	0.01485	0.02176	0.01200	0.01795	0.01721	0.01387	0.02045	0.19374	0.02105	0.01992	0.00758	0.00619	0.00197	0.00743	0.00611	0.00368	0.00823
49	0.62732	0.01593	0.01108	0.01000	0.01354	0.19947	0.00789	0.01927	0.01207	0.02399	0.00903	0.01066	0.00725	0.00601	0.00432	0.00186	0.00627	0.00354	0.00369	0.00680
50	0.01369	0.20422	0.01725	0.00947	0.01469	0.01203	0.00801	0.01596	0.01254	0.01844	0.01050	0.01235	0.00900	0.00493	0.00448	0.00108	0.00505	0.00361	0.00345	0.61925
51	0.00780	0.00558	0.00728	0.00862	0.00902	0.00516	0.00574	0.00867	0.01167	0.01562	0.03295	0.78219	0.03937	0.01878	0.00777	0.00250	0.00363	0.01688	0.00566	0.00510
52	0.62741	0.01307	0.01133	0.00960	0.01355	0.01479	0.00784	0.19456	0.01479	0.02960	0.01028	0.01153	0.00785	0.00626	0.00447	0.00192	0.00524	0.00392	0.00440	0.00759
53	0.01505	0.01387	0.01903	0.01556	0.01958	0.01503	0.18794	0.02858	0.55855	0.02375	0.02152	0.02124	0.01626	0.00762	0.00649	0.00210	0.00617	0.00692	0.00544	0.00928
54	0.00897	0.00654	0.00871	0.00834	0.00970	0.00637	0.00628	0.01142	0.01526	0.02170	0.56485	0.03950	0.04581	0.02035	0.19475	0.00384	0.00621	0.00975	0.00585	0.00580
55	0.02248	0.00946	0.01265	0.01013	0.01394	0.00824	0.00815	0.02473	0.01718	0.57217	0.20321	0.02675	0.02525	0.00885	0.00643	0.00194	0.00467	0.00728	0.00727	0.00921
56	0.00901	0.00639	0.00796	0.00759	0.00868	0.00596	0.00534	0.01094	0.01504	0.02115	0.56553	0.04331	0.04746	0.20446	0.01289	0.00291	0.00372	0.01031	0.00595	0.00538
57	0.00888	0.00753	0.00796	0.00708	0.00992	0.00606	0.00537	0.01050	0.01351	0.01730	0.04786	0.04629	0.56359	0.01266	0.00657	0.00182	0.00354	0.01038	0.00517	0.20800
58	0.62732	0.01593	0.01108	0.01000	0.01354	0.19947	0.00789	0.01927	0.01207	0.02399	0.00903	0.01066	0.00725	0.00601	0.00432	0.00186	0.00627	0.00354	0.00369	0.00680
59	0.00950	0.00802	0.00829	0.00801	0.01028	0.00773	0.00601	0.01455	0.19369	0.01860	0.04967	0.08974	0.52584	0.01375	0.00700	0.00212	0.00364	0.01141	0.00579	0.00636
60	0.02596	0.01205	0.01508	0.01165	0.01628	0.01139	0.00954	0.20308	0.01990	0.57551	0.02152	0.01937	0.01398	0.00762	0.00617	0.00192	0.00558	0.00596	0.00713	0.01032
61	0.01339	0.01121	0.01213	0.01145	0.01408	0.01254	0.00863	0.02595	0.55790	0.02280	0.02660	0.21140	0.02368	0.01096	0.00663	0.00220	0.00456	0.00934	0.00605	0.00850
62	0.01710	0.01502	0.02273	0.03085	0.56765	0.01538	0.01659	0.19513	0.01733	0.02423	0.01243	0.01528	0.01006	0.00609	0.00610	0.00186	0.00707	0.00546	0.00386	0.00980
63	0.01451	0.01238	0.01807	0.58332	0.03537	0.01470	0.01530	0.19286	0.01610	0.02109	0.01197	0.01612	0.00895	0.00657	0.00615	0.00202	0.00771	0.00545	0.00363	0.00771
64	0.02220	0.00924	0.01240	0.01032	0.01387	0.00805	0.00813	0.02401	0.01585	0.57005	0.02605	0.20996	0.02114	0.01043	0.00657	0.00207	0.00483	0.00879	0.00702	0.00902
65	0.01659	0.01318	0.01485	0.01111	0.01615	0.03404	0.02531	0.21254	0.01723	0.05862	0.01265	0.01396	0.00988	0.00570	0.00520	0.00132	0.00550	0.00439	0.00450	0.51729
66	0.00953	0.00681	0.00927	0.01060	0.01175	0.00665	0.00875	0.01166	0.01338	0.01756	0.03200	0.24465	0.03559	0.01715	0.00823	0.00274	0.00513	0.53733	0.00563	0.00558
67	0.01283	0.01363	0.02817	0.02105	0.02565	0.01272	0.54828	0.01665	0.01364	0.01849	0.01758	0.20685	0.01692	0.00870	0.00734	0.00219	0.00850	0.00956	0.00380	0.00747
68	0.01206	0.00777	0.00905	0.00839	0.00947	0.00896	0.00657	0.01428	0.01192	0.02059	0.01693	0.02049	0.01381	0.00810	0.00814	0.00178	0.19466	0.00560	0.61541	0.00604
69	0.01424	0.01554	0.03094	0.02285	0.02736	0.01600	0.55011	0.01812	0.01308	0.01827	0.01147	0.01595	0.00920	0.00668	0.01026	0.00224	0.20003	0.00669	0.00308	0.00788
70	0.62841	0.01147	0.01034	0.00884	0.01275	0.01242	0.00721	0.02055	0.01211	0.20738	0.01253	0.01299	0.00898	0.00631	0.00448	0.00193	0.00488	0.00407	0.00475	0.00759
71	0.00873	0.00646	0.00925	0.00957	0.01049	0.00708	0.00716	0.01040	0.01032	0.01460	0.02047	0.21227	0.02125	0.03802	0.57479	0.00779	0.01288	0.00908	0.00393	0.00546
72	0.00867	0.00625	0.00806	0.00803	0.00921	0.00573	0.00581	0.01085	0.01571	0.02204	0.56897	0.22787	0.05180	0.01399	0.00734	0.00209	0.00316	0.01233	0.00642	0.00568
73	0.02317	0.01056	0.01507	0.19983	0.02179	0.01010	0.01082	0.02570	0.01597	0.57005	0.02062	0.01975	0.01345	0.00733	0.00617	0.00197	0.00592	0.00595	0.00632	0.00946
74	0.00780	0.00558	0.00728	0.00862	0.00902	0.00516	0.00574	0.00867	0.01167	0.01562	0.03295	0.78219	0.03937	0.01878	0.00777	0.00250	0.00363	0.01688	0.00566	0.00510
75	0.00963	0.00777	0.01150	0.01553	0.19286	0.00743	0.00886	0.01111	0.01220	0.01666	0.02767	0.59171	0.03205	0.01552	0.00735	0.00234	0.00452	0.01404	0.00503	0.00623
76	0.62841	0.01147	0.01034	0.00884	0.01275	0.01242	0.00721	0.02055	0.01211	0.20738	0.01253	0.01299	0.00898	0.00631	0.00448	0.00193	0.00488	0.00407	0.00475	0.00759
77	0.01948	0.01438	0.01604	0.01293	0.01678	0.01588	0.01050	0.55104	0.02350	0.03180	0.01512	0.01717	0.01173	0.01663	0.19396	0.00378	0.00898	0.00575	0.00541	0.00914
78	0.01797	0.59731	0.02794	0.01135	0.01634	0.02234	0.01061	0.19480	0.01625	0.02020	0.01027	0.01144	0.00873	0.00594	0.00457	0.00150	0.00655	0.00389	0.00356	0.00847
79	0.01455	0.59464	0.02515	0.00958	0.01341	0.01924	0.00872	0.01582	0.01152	0.01385	0.01136	0.01747	0.01155	0.19922	0.01052	0.00247	0.00636	0.00469	0.00299	0.00688
80	0.01495	0.20827	0.03411	0.02152	0.02727	0.01730	0.54942	0.01898	0.01381	0.01820	0.01158	0.01510	0.00916	0.00538	0.00642	0.00191	0.00922	0.00620	0.00307	0.00815
81	0.02294	0.01689	0.01807	0.01394	0.01869	0.01857	0.01144	0.72954	0.02801	0.03760	0.01472	0.01495	0.01057	0.00746	0.00615	0.00188	0.00668	0.00550	0.00608	0.01031
82	0.01106	0.00689	0.01059	0.19773	0.01628	0.00746	0.00817	0.00997	0.00910	0.01203	0.01089	0.01815	0.01020	0.01718	0.01896	0.61735	0.00600	0.00534	0.00278	0.00387
83	0.62732	0.01593	0.01108	0.01000	0.01354	0.19947	0.00789	0.01927	0.01207	0.02399	0.00903	0.01066	0.00725	0.00601	0.00432	0.00186	0.00627	0.00354	0.00369	0.00680
84	0.01084	0.00557	0.00812	0.00809	0.00815	0.00549	0.00539	0.00814	0.00809	0.01084	0.01083	0.01869	0.01078	0.02078	0.02319	0.82071	0.00532	0.00531	0.00276	0.00289
85	0.02072	0.02493	0.01888	0.02074	0.20009	0.57627	0.01328	0.02257	0.01625	0.01620	0.01020	0.01243	0.00858	0.00626	0.00570	0.00168	0.00991	0.00436	0.00321	0.00776
86	0.01156	0.00839	0.00996	0.00994	0.01142	0.00849	0.00716	0.18774	0.01573	0.02108	0.02842	0.59160	0.03222	0.01597	0.00736	0.00234	0.00439	0.01406	0.00576	0.00640
87	0.00867	0.00625	0.00806	0.00803	0.00921	0.00573	0.00581	0.01085	0.01571	0.02204	0.56897	0.22787	0.05180	0.01399	0.00734	0.00209	0.00316	0.01233	0.00642	0.00568
88	0.01604	0.59669	0.02948	0.01693	0.19777	0.02129	0.01231	0.01817	0.01272	0.01578	0.00951	0.01155	0.00856	0.00549	0.00455	0.00149	0.00667	0.00387	0.00282	0.00830
89	0.02255	0.02841	0.01709	0.01556	0.01863	0.76200	0.01163	0.02391	0.01706	0.01500	0.00971	0.01145	0.00815	0.00646	0.00557	0.00163	0.01080	0.00400	0.00324	0.00714
90	0.01919	0.02303	0.01531	0.01415	0.01673	0.57463	0.01063	0.02070	0.01527	0.01482	0.01136	0.01454	0.00992	0.01588	0.19352	0.00359	0.01208	0.00462	0.00327	0.00675
91	0.00878	0.00690	0.00996	0.19813	0.01693	0.00721	0.00843	0.01036	0.01180	0.01562	0.02752	0.59199	0.03168	0.01568	0.00736	0.00239	0.00473	0.01404	0.00495	0.00554
92	0.00780	0.00558	0.00728	0.00862	0.00902	0.00516	0.00574	0.00867	0.01167	0.01562	0.03295	0.78219	0.03937	0.01878	0.00777	0.00250	0.00363	0.01688	0.00566	0.00510
93	0.01348	0.01330	0.01844	0.01585	0.01590	0.01835	0.01313	0.01461	0.00943	0.01476	0.00834	0.01370	0.00830	0.01068	0.01952	0.00268	0.77464	0.00535	0.00278	0.00676
94	0.01884	0.02295	0.01444	0.01328	0.01610	0.57404	0.00992	0.02019	0.01625	0.01537	0.02221	0.02283	0.19164	0.00865	0.00598	0.00174	0.00891	0.00613	0.00384	0.00668
95	0.62741	0.01307	0.01133	0.00960	0.01355	0.01479	0.00784	0.19456	0.01479	0.02960	0.01028	0.01153	0.00785	0.00626	0.00447	0.00192	0.00524	0.00392	0.00440	0.00759
96	0.01248	0.03036	0.73349	0.01741	0.02604	0.01404	0.04328	0.01908	0.01287	0.01923	0.01121	0.01336	0.00807	0.00597	0.00589	0.00198	0.00893	0.00463	0.00271	0.00898
97	0.00991	0.00757	0.00939	0.00816	0.01055	0.00649	0.00618	0.01249	0.01594	0.02307	0.56353	0.03680	0.04433	0.01050	0.00656	0.00172	0.00339	0.00905	0.00593	0.20844
98	0.02031	0.02434	0.01745	0.01559	0.01796	0.55661	0.01199	0.04121	0.01547	0.01557	0.00951	0.01210	0.00826	0.00754	0.00905	0.00190	0.20043	0.00437	0.00320	0.00713
99	0.82720	0.01181	0.00910	0.00817	0.01185	0.01354	0.00665	0.01774	0.01043	0.02696	0.00881	0.01040	0.00695	0.00586	0.00391	0.00193	0.00477	0.00340	0.00385	0.00669
100	0.02044	0.01706	0.01646	0.01350	0.01760	0.11269	0.01077	0.44038	0.20258	0.03087	0.01809	0.01792	0.03796	0.00783	0.00614	0.00191	0.00664	0.00589	0.00573	0.00956
101	0.00917	0.00617	0.00693	0.00689	0.00699	0.00607	0.00392	0.00912	0.00926	0.01245	0.04452	0.03942	0.02310	0.75854	0.02932	0.00567	0.00581	0.00882	0.00387	0.00396
102	0.01375	0.01198	0.01572	0.01609	0.19706	0.01009	0.01014	0.04103	0.01344	0.02039	0.01134	0.01368	0.00948	0.00507	0.00504	0.00123	0.00530	0.00419	0.00363	0.59134
103	0.01286	0.01351	0.02742	0.02061	0.02511	0.01271	0.52319	0.01708	0.03894	0.01869	0.01800	0.20706	0.01723	0.00880	0.00731	0.00219	0.00832	0.00955	0.00390	0.00752
104	0.01064	0.00585	0.00628	0.00659	0.00776	0.00568	0.00473	0.01280	0.01248	0.02080	0.02304	0.21139	0.02152	0.01011	0.00522	0.00174	0.00313	0.00847	0.61613	0.00563
105	0.01892	0.02242	0.01480	0.01353	0.01621	0.54808	0.01012	0.02112	0.04226	0.01763	0.19316	0.02009	0.02038	0.00800	0.00600	0.00173	0.00866	0.00579	0.00419	0.00691
106	0.01852	0.02242	0.01449	0.01329	0.01600	0.54806	0.00997	0.01986	0.01599	0.01536	0.02216	0.02291	0.19164	0.00879	0.00647	0.00178	0.03561	0.00618	0.00382	0.00667
107	0.02403	0.01143	0.01662	0.01723	0.19771	0.01033	0.01125	0.02645	0.01637	0.57109	0.02077	0.01948	0.01381	0.00717	0.00616	0.00191	0.00571	0.00595	0.00639	0.01015
108	0.01251	0.00966	0.01097	0.00834	0.01265	0.00762	0.00654	0.01499	0.01264	0.02044	0.01323	0.01544	0.01086	0.00538	0.00457	0.00111	0.00417	0.00419	0.20595	0.61873
109	0.01431	0.01353	0.02273	0.21903	0.57317	0.01410	0.01787	0.01775	0.01339	0.01877	0.01152	0.01566	0.00952	0.00580	0.00610	0.00191	0.00741	0.00544	0.00305	0.00894
110	0.00907	0.00661	0.00915	0.00913	0.00997	0.00731	0.00669	0.01049	0.00965	0.01371	0.01704	0.02771	0.01691	0.22849	0.58034	0.00861	0.01344	0.00706	0.00346	0.00516
111	0.01424	0.01554	0.03094	0.02285	0.02736	0.01600	0.55011	0.01812	0.01308	0.01827	0.01147	0.01595	0.00920	0.00668	0.01026	0.00224	0.20003	0.00669	0.00308	0.00788
112	0.00700	0.00595	0.00603	0.00609	0.00801	0.00498	0.00454	0.00848	0.01338	0.01594	0.05867	0.09002	0.72057	0.01514	0.00701	0.00202	0.00302	0.01268	0.00549	0.00498
113	0.79652	0.01115	0.00861	0.00780	0.01131	0.01288	0.00636	0.01697	0.01012	0.02602	0.00934	0.04485	0.00789	0.00608	0.00384	0.00186	0.00452	0.00382	0.00374	0.00633
114	0.01196	0.02993	0.72863	0.01722	0.02584	0.01379	0.05408	0.01874	0.01255	0.01874	0.01067	0.01264	0.00756	0.00559	0.00568	0.00188	0.00880	0.00449	0.00252	0.00871
115	0.01117	0.01051	0.01774	0.77795	0.04073	0.01314	0.01642	0.01511	0.01182	0.01511	0.01051	0.01577	0.00788	0.00591	0.00591	0.00197	0.00788	0.00526	0.00263	0.00657
116	0.00767	0.00700	0.00648	0.00641	0.00845	0.03955	0.00481	0.00917	0.01363	0.01591	0.05761	0.05482	0.71914	0.01458	0.00691	0.00198	0.00334	0.01209	0.00538	0.00508
117	0.01117	0.01051	0.01774	0.77795	0.04073	0.01314	0.01642	0.01511	0.01182	0.01511	0.01051	0.01577	0.00788	0.00591	0.00591	0.00197	0.00788	0.00526	0.00263	0.00657
118	0.00842	0.00608	0.00798	0.00760	0.00899	0.00564	0.00576	0.01121	0.01660	0.02344	0.71953	0.04519	0.05481	0.01228	0.00703	0.00190	0.00291	0.04260	0.00646	0.00557
119	0.00700	0.00595	0.00603	0.00609	0.00801	0.00498	0.00454	0.00848	0.01338	0.01594	0.05867	0.09002	0.72057	0.01514	0.00701	0.00202	0.00302	0.01268	0.00549	0.00498

[dist]
# distance from previous block
# <min> <max>
0	17

[block]
# block no. 1 follows, 39 sequences, length 24
# corresponding to MSA columns:
# 362-385
name=unknown_B
#
# <colnr> <probs for GDERKNQSTAVLIFYWHMCP>
#	G	D	E	R	K	N	Q	S	T	A	V	L	I	F	Y	W	H	M	C	P
0	0.49895	0.33257	0.01782	0.00874	0.01297	0.01742	0.00793	0.01752	0.01086	0.02137	0.00823	0.00956	0.00689	0.00531	0.00371	0.00160	0.00529	0.00319	0.00320	0.00689
1	0.00774	0.00602	0.00703	0.00678	0.00845	0.00531	0.00508	0.00994	0.01525	0.02018	0.43629	0.04999	0.37387	0.01341	0.00698	0.00192	0.00288	0.01151	0.00605	0.00531
2	0.01913	0.00854	0.01200	0.01011	0.01324	0.00816	0.00816	0.02134	0.01389	0.45406	0.02026	0.02140	0.01470	0.02248	0.31827	0.00497	0.00946	0.00611	0.00562	0.00811
3	0.00860	0.00573	0.00645	0.00645	0.00645	0.00573	0.00358	0.00860	0.00860	0.01147	0.01863	0.03870	0.02150	0.79217	0.03010	0.00573	0.00573	0.00860	0.00358	0.00358
4	0.01189	0.01150	0.01789	0.46577	0.03041	0.01518	0.01500	0.01475	0.01069	0.01475	0.00939	0.01461	0.00783	0.00773	0.01144	0.00222	0.32458	0.00522	0.00261	0.00653
5	0.49594	0.00935	0.00902	0.00848	0.01108	0.01086	0.00681	0.01459	0.00983	0.02129	0.01135	0.01519	0.00984	0.02140	0.31692	0.00497	0.00919	0.00449	0.00346	0.00594
6	0.00768	0.00551	0.00729	0.00791	0.00868	0.00512	0.00553	0.00943	0.01354	0.01863	0.32722	0.48362	0.04595	0.01589	0.00731	0.00218	0.00317	0.01431	0.00591	0.00512
7	0.01254	0.01150	0.01466	0.01153	0.01463	0.01207	0.00944	0.01462	0.01095	0.01721	0.00939	0.01254	0.00835	0.00682	0.01053	0.00158	0.32251	0.00419	0.00313	0.49181
8	0.01210	0.01089	0.01807	0.02533	0.45035	0.01132	0.01374	0.01504	0.01184	0.01703	0.01306	0.01816	0.01159	0.02127	0.31822	0.00493	0.01063	0.00571	0.00303	0.00769
9	0.01223	0.00694	0.00906	0.00870	0.01047	0.00647	0.00644	0.01498	0.05630	0.18100	0.25651	0.34234	0.03781	0.01345	0.00693	0.00208	0.00365	0.01193	0.00624	0.00646
10	0.00994	0.00573	0.00649	0.00630	0.00769	0.00554	0.00473	0.01271	0.01418	0.02273	0.31937	0.03111	0.03180	0.00902	0.00530	0.00158	0.00277	0.00763	0.48986	0.00554
11	0.00721	0.00515	0.00686	0.00823	0.00858	0.00480	0.00549	0.00823	0.01132	0.01510	0.03259	0.78831	0.03911	0.01853	0.00755	0.00240	0.00343	0.01681	0.00549	0.00480
12	0.00843	0.00615	0.00853	0.00834	0.00943	0.00648	0.00625	0.01060	0.01237	0.01758	0.31762	0.03341	0.03228	0.10877	0.38015	0.00598	0.00945	0.00836	0.00458	0.00523
13	0.01296	0.01274	0.02153	0.01538	0.02093	0.01078	0.30460	0.01655	0.01296	0.01914	0.01111	0.01377	0.00885	0.00463	0.00544	0.00133	0.00667	0.00493	0.00329	0.49243
14	0.02053	0.01847	0.31992	0.01312	0.01940	0.01076	0.01408	0.02469	0.01511	0.45611	0.01812	0.01700	0.01171	0.00662	0.00581	0.00185	0.00655	0.00530	0.00534	0.00952
15	0.00780	0.00602	0.00712	0.00685	0.00849	0.00534	0.00513	0.01007	0.01540	0.02055	0.46871	0.04939	0.34122	0.01327	0.00698	0.00192	0.00287	0.01143	0.00609	0.00534
16	0.01930	0.01498	0.01596	0.01296	0.01713	0.01685	0.01047	0.44725	0.32130	0.03214	0.01824	0.01742	0.01333	0.00748	0.00596	0.00187	0.00576	0.00588	0.00596	0.00977
17	0.02053	0.01847	0.31992	0.01312	0.01940	0.01076	0.01408	0.02469	0.01511	0.45611	0.01812	0.01700	0.01171	0.00662	0.00581	0.00185	0.00655	0.00530	0.00534	0.00952
18	0.01415	0.01035	0.01194	0.00996	0.01273	0.01080	0.00790	0.30777	0.02127	0.02927	0.45000	0.03190	0.03707	0.01005	0.00654	0.00183	0.00431	0.00850	0.00627	0.00741
19	0.00842	0.00622	0.00885	0.00866	0.00985	0.00665	0.00665	0.01081	0.01247	0.01782	0.31733	0.03181	0.03158	0.03114	0.45683	0.00637	0.01050	0.00812	0.00454	0.00540
20	0.83394	0.01144	0.00869	0.00778	0.01144	0.01327	0.00640	0.01738	0.01006	0.02653	0.00823	0.00961	0.00640	0.00549	0.00366	0.00183	0.00457	0.00320	0.00366	0.00640
21	0.01904	0.02240	0.01973	0.02386	0.32005	0.45954	0.01418	0.02138	0.01541	0.01646	0.00995	0.01229	0.00833	0.00576	0.00555	0.00162	0.00917	0.00441	0.00300	0.00788
22	0.01773	0.01904	0.01476	0.01335	0.01657	0.32332	0.01021	0.02823	0.44658	0.02054	0.01796	0.01740	0.01378	0.00723	0.00574	0.00181	0.00713	0.00551	0.00480	0.00833
23	0.01158	0.02237	0.45698	0.32849	0.03179	0.01349	0.01963	0.01725	0.01222	0.01725	0.01057	0.01383	0.00765	0.00574	0.00574	0.00191	0.00839	0.00473	0.00255	0.00785

[dist]
# distance from previous block
# <min> <max>
0	12

# created by:
# /software/SequenceAnalysis/GenePrediction/augustus/3.0.1/scripts/msa2prfl.pl ./fixed/BUSCOvEOG7K9CT3.fas
