[name]
unknown

[dist]
# distance from previous block
# <min> <max>
0	71

[block]
# block no. 0 follows, 39 sequences, length 83
# corresponding to MSA columns:
# 71-153
name=unknown_A
#
# <colnr> <probs for GDERKNQSTAVLIFYWHMCP>
#	G	D	E	R	K	N	Q	S	T	A	V	L	I	F	Y	W	H	M	C	P
0	0.02209	0.02819	0.01676	0.01524	0.01828	0.76843	0.01143	0.02361	0.01676	0.01447	0.00914	0.01066	0.00762	0.00609	0.00533	0.00152	0.01066	0.00381	0.00305	0.00686
1	0.79527	0.01168	0.00912	0.00805	0.01177	0.01351	0.00663	0.05161	0.01091	0.02704	0.00852	0.00983	0.00658	0.00557	0.00377	0.00183	0.00467	0.00330	0.00377	0.00658
2	0.00721	0.00515	0.00686	0.00823	0.00858	0.00480	0.00549	0.00823	0.01132	0.01510	0.03259	0.78831	0.03911	0.01853	0.00755	0.00240	0.00343	0.01681	0.00549	0.00480
3	0.01389	0.01575	0.03379	0.02431	0.02990	0.01516	0.68647	0.01863	0.01364	0.01863	0.01169	0.01575	0.00889	0.00534	0.00780	0.00203	0.06062	0.00686	0.00296	0.00788
4	0.02653	0.01006	0.01372	0.01052	0.01510	0.00869	0.00869	0.02882	0.01693	0.75937	0.02333	0.02013	0.01464	0.00732	0.00595	0.00183	0.00503	0.00595	0.00732	0.01006
5	0.01117	0.01051	0.01774	0.77795	0.04073	0.01314	0.01642	0.01511	0.01182	0.01511	0.01051	0.01577	0.00788	0.00591	0.00591	0.00197	0.00788	0.00526	0.00263	0.00657
6	0.01471	0.01270	0.01337	0.01203	0.01538	0.01471	0.00936	0.03142	0.74459	0.02474	0.02407	0.02206	0.01805	0.00802	0.00602	0.00201	0.00468	0.00669	0.00602	0.00936
7	0.00859	0.00575	0.00655	0.00655	0.00659	0.00579	0.00371	0.00867	0.00863	0.01154	0.01854	0.03818	0.02127	0.76695	0.05501	0.00586	0.00607	0.00852	0.00357	0.00364
8	0.83394	0.01144	0.00869	0.00778	0.01144	0.01327	0.00640	0.01738	0.01006	0.02653	0.00823	0.00961	0.00640	0.00549	0.00366	0.00183	0.00457	0.00320	0.00366	0.00640
9	0.00718	0.00597	0.00630	0.00644	0.00827	0.00509	0.00485	0.00876	0.01347	0.01632	0.08544	0.10712	0.64059	0.01517	0.00708	0.00205	0.00313	0.04620	0.00553	0.00503
10	0.01027	0.00514	0.00770	0.00770	0.00770	0.00514	0.00514	0.00770	0.00770	0.01027	0.01027	0.01798	0.01027	0.02054	0.02311	0.82794	0.00514	0.00514	0.00257	0.00257
11	0.01422	0.01221	0.01294	0.01179	0.01493	0.01406	0.00911	0.02990	0.69645	0.02411	0.02463	0.07237	0.01944	0.00871	0.00612	0.00203	0.00460	0.00735	0.00598	0.00906
12	0.00721	0.00515	0.00686	0.00823	0.00858	0.00480	0.00549	0.00823	0.01132	0.01510	0.03259	0.78831	0.03911	0.01853	0.00755	0.00240	0.00343	0.01681	0.00549	0.00480
13	0.00721	0.00515	0.00686	0.00823	0.00858	0.00480	0.00549	0.00823	0.01132	0.01510	0.03259	0.78831	0.03911	0.01853	0.00755	0.00240	0.00343	0.01681	0.00549	0.00480
14	0.02263	0.01632	0.01760	0.01349	0.01822	0.01798	0.01114	0.70910	0.02740	0.06431	0.01454	0.01442	0.01023	0.00711	0.00592	0.00178	0.00645	0.00535	0.00597	0.01006
15	0.02248	0.01656	0.01775	0.01361	0.01834	0.01834	0.01124	0.73556	0.02780	0.03727	0.01420	0.01420	0.01006	0.00710	0.00592	0.00177	0.00651	0.00532	0.00592	0.01006
16	0.00814	0.00604	0.00759	0.00720	0.00869	0.00548	0.00540	0.01072	0.01620	0.02243	0.63708	0.04629	0.17168	0.01257	0.00698	0.00188	0.00282	0.01099	0.00634	0.00548
17	0.00801	0.00676	0.00702	0.00682	0.00891	0.00615	0.00516	0.01136	0.09666	0.01776	0.12677	0.05166	0.59820	0.01389	0.00688	0.00198	0.00317	0.01164	0.00566	0.00555
18	0.01117	0.01051	0.01774	0.77795	0.04073	0.01314	0.01642	0.01511	0.01182	0.01511	0.01051	0.01577	0.00788	0.00591	0.00591	0.00197	0.00788	0.00526	0.00263	0.00657
19	0.01102	0.00551	0.00551	0.00551	0.00689	0.00551	0.00413	0.01378	0.01240	0.02205	0.01929	0.02205	0.01516	0.00689	0.00413	0.00138	0.00276	0.00551	0.82500	0.00551
20	0.01205	0.00666	0.00874	0.00886	0.01028	0.00618	0.00632	0.03869	0.01304	0.17936	0.02936	0.56268	0.03201	0.04577	0.00802	0.00238	0.00398	0.01369	0.00583	0.00610
21	0.01102	0.00551	0.00551	0.00551	0.00689	0.00551	0.00413	0.01378	0.01240	0.02205	0.01929	0.02205	0.01516	0.00689	0.00413	0.00138	0.00276	0.00551	0.82500	0.00551
22	0.02653	0.01006	0.01372	0.01052	0.01510	0.00869	0.00869	0.02882	0.01693	0.75937	0.02333	0.02013	0.01464	0.00732	0.00595	0.00183	0.00503	0.00595	0.00732	0.01006
23	0.00741	0.00631	0.00642	0.00634	0.00838	0.00548	0.00477	0.00969	0.04846	0.01671	0.08698	0.05472	0.68888	0.01453	0.00694	0.00199	0.00307	0.01213	0.00556	0.00522
24	0.01581	0.79572	0.03099	0.01012	0.01518	0.02340	0.01012	0.01771	0.01202	0.01391	0.00822	0.00949	0.00759	0.00506	0.00379	0.00126	0.00632	0.00316	0.00253	0.00759
25	0.00699	0.00599	0.00599	0.00599	0.00799	0.00499	0.00449	0.00849	0.01348	0.01598	0.05991	0.05691	0.75288	0.01498	0.00699	0.00200	0.00300	0.01248	0.00549	0.00499
26	0.01281	0.01291	0.01963	0.11243	0.02013	0.01719	0.08054	0.01478	0.00986	0.01478	0.00850	0.01358	0.00789	0.00929	0.01655	0.00245	0.61206	0.00535	0.00263	0.00662
27	0.02209	0.02819	0.01676	0.01524	0.01828	0.76843	0.01143	0.02361	0.01676	0.01447	0.00914	0.01066	0.00762	0.00609	0.00533	0.00152	0.01066	0.00381	0.00305	0.00686
28	0.01426	0.01378	0.02386	0.11089	0.65058	0.01400	0.04992	0.01788	0.01332	0.01888	0.01110	0.01481	0.00920	0.00532	0.00591	0.00179	0.00724	0.00534	0.00290	0.00902
29	0.01451	0.01257	0.01392	0.01358	0.06384	0.01436	0.00994	0.02982	0.66862	0.02411	0.02350	0.02328	0.01809	0.00816	0.00609	0.00202	0.00486	0.03372	0.00579	0.00921
30	0.00721	0.00515	0.00686	0.00823	0.00858	0.00480	0.00549	0.00823	0.01132	0.01510	0.03259	0.78831	0.03911	0.01853	0.00755	0.00240	0.00343	0.01681	0.00549	0.00480
31	0.00845	0.00634	0.00950	0.00950	0.01056	0.00739	0.00739	0.01056	0.00950	0.01373	0.01584	0.02323	0.01478	0.04435	0.76873	0.00950	0.01584	0.00634	0.00317	0.00528
32	0.01198	0.01153	0.01628	0.01424	0.01447	0.01583	0.01176	0.01345	0.00915	0.01412	0.00948	0.01513	0.00926	0.01758	0.17883	0.00406	0.61848	0.00542	0.00271	0.00622
33	0.00701	0.00592	0.00607	0.00618	0.00804	0.00498	0.00458	0.00847	0.01329	0.01590	0.05755	0.11997	0.69134	0.01528	0.00704	0.00203	0.00303	0.01285	0.00549	0.00498
34	0.01471	0.01270	0.01337	0.01203	0.01538	0.01471	0.00936	0.03142	0.74459	0.02474	0.02407	0.02206	0.01805	0.00802	0.00602	0.00201	0.00468	0.00669	0.00602	0.00936
35	0.00719	0.00520	0.00680	0.00809	0.00854	0.00482	0.00542	0.00825	0.01146	0.01515	0.03439	0.74029	0.08598	0.01829	0.00751	0.00238	0.00340	0.01653	0.00549	0.00482
36	0.01020	0.00516	0.00765	0.00765	0.00765	0.00516	0.00507	0.00774	0.00774	0.01033	0.01065	0.01890	0.01077	0.05499	0.02342	0.79124	0.00516	0.00529	0.00261	0.00261
37	0.01568	0.01337	0.01404	0.01268	0.01607	0.01520	0.00976	0.03185	0.73324	0.02555	0.02487	0.02332	0.01887	0.00867	0.00644	0.00219	0.00503	0.00698	0.00632	0.00984
38	0.00967	0.00652	0.00723	0.00719	0.00729	0.00637	0.00408	0.00940	0.00929	0.01249	0.01952	0.03969	0.02226	0.77998	0.03013	0.00586	0.00607	0.00887	0.00393	0.00416
39	0.00886	0.00637	0.00767	0.00810	0.00886	0.00587	0.00541	0.00978	0.01270	0.01712	0.18672	0.35808	0.11543	0.20442	0.01322	0.00323	0.00418	0.01319	0.00556	0.00525
40	0.00839	0.00607	0.00770	0.00891	0.00951	0.00556	0.00607	0.00924	0.01222	0.01624	0.03508	0.69455	0.08842	0.01866	0.00794	0.00257	0.00386	0.04784	0.00580	0.00540
41	0.08203	0.01016	0.01338	0.01033	0.01484	0.00901	0.00853	0.02803	0.01645	0.70900	0.02229	0.01941	0.01407	0.00719	0.00579	0.00183	0.00500	0.00576	0.00707	0.00981
42	0.00736	0.00526	0.00705	0.00842	0.00883	0.00494	0.00577	0.00851	0.01148	0.01528	0.03251	0.73871	0.03876	0.01838	0.00759	0.00242	0.00357	0.06483	0.00549	0.00485
43	0.76566	0.01114	0.00885	0.00787	0.01146	0.01275	0.00646	0.01755	0.01063	0.05493	0.04203	0.01156	0.00893	0.00586	0.00390	0.00183	0.00451	0.00364	0.00393	0.00651
44	0.01294	0.01294	0.01811	0.01553	0.01553	0.01811	0.01294	0.01423	0.00906	0.01423	0.00776	0.01294	0.00776	0.01035	0.01941	0.00259	0.78134	0.00518	0.00259	0.00647
45	0.00860	0.00573	0.00645	0.00645	0.00645	0.00573	0.00358	0.00860	0.00860	0.01147	0.01863	0.03870	0.02150	0.79217	0.03010	0.00573	0.00573	0.00860	0.00358	0.00358
46	0.00721	0.00515	0.00686	0.00823	0.00858	0.00480	0.00549	0.00823	0.01132	0.01510	0.03259	0.78831	0.03911	0.01853	0.00755	0.00240	0.00343	0.01681	0.00549	0.00480
47	0.02101	0.01503	0.01622	0.01265	0.01689	0.01650	0.01030	0.60447	0.05342	0.06451	0.01544	0.01670	0.01152	0.06110	0.00752	0.00204	0.00620	0.00563	0.03344	0.00943
48	0.01186	0.03059	0.76153	0.01686	0.02560	0.01373	0.02185	0.01873	0.01249	0.01873	0.01061	0.01249	0.00749	0.00562	0.00562	0.00187	0.00874	0.00437	0.00250	0.00874
49	0.01151	0.00633	0.00848	0.00861	0.01001	0.00575	0.00619	0.01307	0.01332	0.17556	0.13622	0.51479	0.03633	0.01519	0.00712	0.00220	0.00368	0.01359	0.00603	0.00604
50	0.00848	0.00568	0.00649	0.00660	0.00663	0.00565	0.00375	0.00857	0.00883	0.01178	0.01984	0.10337	0.02302	0.72542	0.02815	0.00545	0.00553	0.00931	0.00375	0.00369
51	0.00792	0.00603	0.00728	0.00697	0.00856	0.00539	0.00522	0.01028	0.01567	0.02118	0.52545	0.04835	0.28408	0.01304	0.00698	0.00190	0.00286	0.01128	0.00618	0.00539
52	0.00850	0.00614	0.00851	0.00851	0.00923	0.00685	0.00616	0.00992	0.00921	0.01300	0.01675	0.02825	0.01696	0.28677	0.52929	0.00828	0.01256	0.00707	0.00330	0.00473
53	0.55583	0.01287	0.04255	0.04263	0.14574	0.01371	0.03998	0.01741	0.01094	0.02367	0.00906	0.01125	0.00719	0.00567	0.00505	0.00186	0.04019	0.00393	0.00337	0.00709
54	0.01471	0.01270	0.01337	0.01203	0.01538	0.01471	0.00936	0.03142	0.74459	0.02474	0.02407	0.02206	0.01805	0.00802	0.00602	0.00201	0.00468	0.00669	0.00602	0.00936
55	0.02417	0.00958	0.01305	0.01034	0.01449	0.00836	0.00855	0.02652	0.01669	0.66010	0.07173	0.02491	0.01867	0.00825	0.00617	0.00189	0.00491	0.05502	0.00714	0.00945
56	0.02348	0.01016	0.01341	0.01014	0.01487	0.00852	0.00833	0.02584	0.01593	0.60107	0.02059	0.01845	0.01338	0.00669	0.00561	0.00163	0.00489	0.00542	0.00650	0.18508
57	0.01172	0.00894	0.01074	0.00859	0.01244	0.00705	0.00662	0.01393	0.01258	0.06697	0.04606	0.18741	0.04855	0.00843	0.00539	0.00136	0.00410	0.00725	0.00439	0.52749
58	0.01471	0.01270	0.01337	0.01203	0.01538	0.01471	0.00936	0.03142	0.74459	0.02474	0.02407	0.02206	0.01805	0.00802	0.00602	0.00201	0.00468	0.00669	0.00602	0.00936
59	0.00715	0.00600	0.00622	0.00616	0.00809	0.00506	0.00462	0.00880	0.01386	0.01689	0.14141	0.05541	0.67080	0.01464	0.00699	0.00198	0.00297	0.01227	0.00561	0.00506
60	0.77721	0.01104	0.00854	0.00769	0.01109	0.01275	0.00621	0.01678	0.00996	0.02550	0.00895	0.01161	0.00744	0.05956	0.00548	0.00210	0.00465	0.00357	0.00365	0.00621
61	0.00822	0.00604	0.00769	0.00728	0.00874	0.00552	0.00546	0.01087	0.01638	0.02286	0.67580	0.04558	0.13269	0.01241	0.00698	0.00188	0.00281	0.01089	0.00640	0.00552
62	0.00798	0.00570	0.00775	0.00912	0.00980	0.00547	0.00684	0.00958	0.01209	0.01596	0.03217	0.54742	0.03742	0.01780	0.00776	0.00251	0.00410	0.25004	0.00547	0.00502
63	0.02627	0.01049	0.01399	0.01072	0.01531	0.00933	0.00886	0.07522	0.01764	0.71196	0.02273	0.01974	0.01434	0.00731	0.00595	0.00183	0.00513	0.00591	0.00723	0.01006
64	0.01190	0.01020	0.01183	0.00857	0.01360	0.00768	0.00683	0.01445	0.01235	0.01904	0.01391	0.01533	0.05990	0.00511	0.00456	0.00095	0.00428	0.00412	0.00364	0.77173
65	0.00721	0.00515	0.00686	0.00823	0.00858	0.00480	0.00549	0.00823	0.01132	0.01510	0.03259	0.78831	0.03911	0.01853	0.00755	0.00240	0.00343	0.01681	0.00549	0.00480
66	0.00919	0.00694	0.00885	0.00971	0.01130	0.00683	0.00816	0.01251	0.06371	0.01766	0.03751	0.09576	0.19987	0.01555	0.00772	0.00249	0.00473	0.47044	0.00550	0.00558
67	0.00830	0.00604	0.00781	0.00737	0.00879	0.00555	0.00553	0.01103	0.01658	0.02335	0.71917	0.04478	0.08902	0.01223	0.00698	0.00187	0.00280	0.01078	0.00646	0.00555
68	0.02653	0.01006	0.01372	0.01052	0.01510	0.00869	0.00869	0.02882	0.01693	0.75937	0.02333	0.02013	0.01464	0.00732	0.00595	0.00183	0.00503	0.00595	0.00732	0.01006
69	0.08131	0.01619	0.01709	0.01318	0.01784	0.01797	0.01089	0.68349	0.02652	0.03649	0.01377	0.01387	0.00979	0.00698	0.00575	0.00178	0.00637	0.00517	0.00575	0.00979
70	0.00931	0.00647	0.00721	0.00695	0.00752	0.00646	0.00429	0.05641	0.01072	0.01416	0.05032	0.05461	0.09733	0.61585	0.02481	0.00488	0.00535	0.00903	0.00408	0.00425
71	0.02248	0.01656	0.01775	0.01361	0.01834	0.01834	0.01124	0.73556	0.02780	0.03727	0.01420	0.01420	0.01006	0.00710	0.00592	0.00177	0.00651	0.00532	0.00592	0.01006
72	0.00707	0.00599	0.00611	0.00608	0.00804	0.00503	0.00456	0.00865	0.01368	0.01644	0.10154	0.05615	0.71095	0.01480	0.00699	0.00199	0.00298	0.01237	0.00555	0.00503
73	0.00738	0.00535	0.00690	0.00796	0.00854	0.00496	0.00542	0.00858	0.01187	0.01573	0.08800	0.62099	0.10517	0.04779	0.00835	0.00246	0.00348	0.03075	0.00549	0.00484
74	0.75116	0.01130	0.00921	0.00806	0.01181	0.01280	0.00664	0.01856	0.01077	0.10167	0.00978	0.01069	0.00725	0.00568	0.00389	0.00183	0.00462	0.00348	0.00403	0.00678
75	0.00953	0.00681	0.00953	0.01089	0.01225	0.00681	0.00953	0.01225	0.01361	0.01770	0.03131	0.06671	0.03403	0.01634	0.00817	0.00272	0.00545	0.71547	0.00545	0.00545
76	0.00721	0.00515	0.00686	0.00823	0.00858	0.00480	0.00549	0.00823	0.01132	0.01510	0.03259	0.78831	0.03911	0.01853	0.00755	0.00240	0.00343	0.01681	0.00549	0.00480
77	0.00947	0.00632	0.00773	0.00726	0.00898	0.00565	0.00542	0.01163	0.01517	0.08247	0.42505	0.07444	0.24836	0.05584	0.00819	0.00213	0.00322	0.01093	0.00609	0.00565
78	0.83394	0.01144	0.00869	0.00778	0.01144	0.01327	0.00640	0.01738	0.01006	0.02653	0.00823	0.00961	0.00640	0.00549	0.00366	0.00183	0.00457	0.00320	0.00366	0.00640
79	0.00748	0.00531	0.00700	0.00809	0.00844	0.00512	0.00537	0.00845	0.01082	0.01451	0.02949	0.63140	0.03496	0.12465	0.06621	0.00337	0.00465	0.01494	0.00506	0.00467
80	0.01240	0.01256	0.02454	0.34688	0.03255	0.01343	0.33584	0.01614	0.01232	0.01637	0.01104	0.01594	0.00858	0.00694	0.00838	0.07434	0.03613	0.00601	0.00278	0.00684
81	0.00941	0.00708	0.01088	0.01010	0.01152	0.00796	0.05696	0.01180	0.01028	0.01549	0.01588	0.02219	0.01421	0.03427	0.56400	0.00740	0.03908	0.00620	0.13976	0.00554
82	0.00762	0.00563	0.00705	0.00807	0.00872	0.00535	0.00546	0.00939	0.04635	0.01545	0.03441	0.62918	0.11559	0.06119	0.00868	0.00253	0.00357	0.01539	0.00541	0.00497

[dist]
# distance from previous block
# <min> <max>
0	3

[block]
# block no. 1 follows, 39 sequences, length 7
# corresponding to MSA columns:
# 157-163
name=unknown_B
#
# <colnr> <probs for GDERKNQSTAVLIFYWHMCP>
#	G	D	E	R	K	N	Q	S	T	A	V	L	I	F	Y	W	H	M	C	P
0	0.01262	0.02409	0.45423	0.01916	0.02605	0.01461	0.23791	0.01828	0.01254	0.01828	0.01070	0.01359	0.00797	0.00597	0.00762	0.00199	0.09821	0.00526	0.00266	0.00825
1	0.01184	0.01598	0.28388	0.01240	0.01704	0.00947	0.05358	0.01618	0.01484	0.09422	0.31830	0.03023	0.02999	0.00916	0.00646	0.00193	0.00577	0.05659	0.00486	0.00730
2	0.01378	0.11539	0.52881	0.01652	0.02416	0.01458	0.10445	0.01947	0.01297	0.07928	0.01155	0.01318	0.00827	0.00562	0.00560	0.00181	0.00830	0.00467	0.00296	0.00863
3	0.01507	0.01054	0.01483	0.03205	0.01616	0.00934	0.09442	0.07649	0.01536	0.16168	0.14404	0.05708	0.01965	0.00730	0.00576	0.00154	0.00512	0.00647	0.00496	0.30215
4	0.23283	0.01163	0.09956	0.00965	0.01319	0.00987	0.00862	0.01839	0.07489	0.15631	0.21884	0.08042	0.02501	0.00883	0.00571	0.00190	0.00459	0.00720	0.00530	0.00725
5	0.02196	0.01308	0.01519	0.01172	0.01615	0.01330	0.00962	0.38711	0.02214	0.27801	0.07867	0.01857	0.01533	0.00740	0.00591	0.00174	0.00555	0.00586	0.00627	0.06643
6	0.05299	0.01278	0.07272	0.59210	0.03549	0.01381	0.01572	0.10155	0.01370	0.01859	0.01085	0.01503	0.00804	0.00601	0.00578	0.00193	0.00762	0.00510	0.00306	0.00714

[dist]
# distance from previous block
# <min> <max>
4	8

# created by:
# /software/SequenceAnalysis/GenePrediction/augustus/3.0.1/scripts/msa2prfl.pl ./fixed/BUSCOvEOG7NKD9S.fas
