[name]
unknown

[dist]
# distance from previous block
# <min> <max>
0	172

[block]
# block no. 0 follows, 41 sequences, length 54
# corresponding to MSA columns:
# 197-250
name=unknown_A
#
# <colnr> <probs for GDERKNQSTAVLIFYWHMCP>
#	G	D	E	R	K	N	Q	S	T	A	V	L	I	F	Y	W	H	M	C	P
0	0.03823	0.07812	0.04498	0.43696	0.22736	0.01443	0.01585	0.01706	0.03453	0.01745	0.01166	0.01594	0.00936	0.00631	0.00596	0.00200	0.00747	0.00525	0.00315	0.00791
1	0.06332	0.01143	0.05028	0.25323	0.10613	0.01149	0.03361	0.07881	0.06962	0.03221	0.02238	0.02387	0.17654	0.00782	0.00582	0.00184	0.00589	0.00662	0.00392	0.03515
2	0.01373	0.08053	0.03347	0.02296	0.02867	0.01518	0.68099	0.01828	0.01340	0.01800	0.01136	0.01503	0.00865	0.00489	0.00653	0.00189	0.00937	0.00647	0.00289	0.00773
3	0.01286	0.02842	0.63980	0.01592	0.02344	0.10232	0.01932	0.01938	0.05253	0.01802	0.01089	0.01249	0.00789	0.00567	0.00546	0.00179	0.00848	0.00431	0.00269	0.00831
4	0.01350	0.08264	0.05530	0.02137	0.05390	0.03953	0.54217	0.01776	0.01364	0.01823	0.07307	0.01693	0.01231	0.00552	0.00638	0.00185	0.00867	0.00651	0.00315	0.00757
5	0.00983	0.00602	0.00718	0.00692	0.00740	0.00600	0.00429	0.01019	0.00913	0.07390	0.01820	0.03452	0.01965	0.65606	0.10273	0.00561	0.00651	0.00791	0.00375	0.00420
6	0.01358	0.01548	0.03378	0.02415	0.02993	0.01451	0.74156	0.01838	0.01355	0.01840	0.01166	0.01554	0.00876	0.00488	0.00678	0.00194	0.00967	0.00677	0.00292	0.00776
7	0.01788	0.01184	0.01777	0.19955	0.25684	0.01224	0.01335	0.09658	0.03711	0.25595	0.01511	0.01637	0.01073	0.00619	0.00575	0.00179	0.00629	0.00537	0.00452	0.00875
8	0.02023	0.18370	0.01911	0.01368	0.01713	0.57406	0.01082	0.06764	0.01601	0.01537	0.00906	0.01042	0.00759	0.00581	0.00493	0.00145	0.00923	0.00368	0.00305	0.00702
9	0.01372	0.01056	0.01237	0.00897	0.01397	0.00838	0.00721	0.06203	0.01324	0.08170	0.01150	0.01273	0.00910	0.00470	0.00449	0.00100	0.00445	0.00373	0.00387	0.71228
10	0.01537	0.80140	0.03001	0.00984	0.01474	0.02266	0.00982	0.01718	0.01168	0.01354	0.00804	0.00930	0.00742	0.00495	0.00371	0.00124	0.00614	0.00309	0.00248	0.00738
11	0.02181	0.01607	0.01722	0.01321	0.01779	0.01777	0.01090	0.74329	0.02693	0.03610	0.01381	0.01385	0.00981	0.00692	0.00576	0.00173	0.00632	0.00518	0.00575	0.00977
12	0.00826	0.00619	0.00925	0.00925	0.01028	0.00720	0.00719	0.01028	0.00925	0.01336	0.01540	0.02257	0.01437	0.04290	0.77530	0.00920	0.01534	0.00615	0.00309	0.00515
13	0.02144	0.02730	0.01626	0.01479	0.01774	0.77502	0.01108	0.02289	0.01626	0.01408	0.00893	0.01044	0.00745	0.00595	0.00519	0.00149	0.01034	0.00371	0.00298	0.00667
14	0.83834	0.01112	0.00847	0.00758	0.01113	0.01287	0.00623	0.01687	0.00979	0.02573	0.00805	0.00941	0.00628	0.00537	0.00358	0.00179	0.00445	0.00313	0.00357	0.00624
15	0.02573	0.00979	0.01333	0.01023	0.01466	0.00846	0.00844	0.02792	0.01642	0.76632	0.02263	0.01958	0.01423	0.00713	0.00579	0.00179	0.00490	0.00578	0.00710	0.00977
16	0.00844	0.00628	0.00790	0.00750	0.00901	0.00592	0.00569	0.01173	0.05555	0.02221	0.63265	0.04352	0.11114	0.01192	0.00678	0.00186	0.00294	0.03720	0.00617	0.00559
17	0.01089	0.01023	0.01721	0.78424	0.03942	0.01275	0.01591	0.01467	0.01149	0.01470	0.01025	0.01536	0.00771	0.00578	0.00575	0.00192	0.00765	0.00511	0.00257	0.00640
18	0.01206	0.10493	0.66036	0.01660	0.05869	0.01426	0.01987	0.01804	0.01213	0.01776	0.01015	0.01201	0.00742	0.00542	0.00531	0.00176	0.00817	0.00418	0.00247	0.00841
19	0.02084	0.02617	0.01684	0.01647	0.07937	0.71200	0.01162	0.02245	0.01599	0.01447	0.00909	0.01075	0.00759	0.00588	0.00524	0.00151	0.01005	0.00383	0.00297	0.00688
20	0.00834	0.00617	0.00914	0.00913	0.01017	0.00715	0.00709	0.01037	0.00933	0.01360	0.01550	0.02254	0.01438	0.04182	0.75210	0.00896	0.01496	0.00613	0.02796	0.00516
21	0.01594	0.01221	0.01316	0.01123	0.01467	0.01349	0.00889	0.20724	0.41801	0.07347	0.05895	0.02358	0.08674	0.00836	0.00596	0.00188	0.00478	0.00682	0.00588	0.00874
22	0.01002	0.00503	0.00752	0.00751	0.00752	0.00502	0.00501	0.00752	0.00751	0.01002	0.01002	0.01750	0.01001	0.01991	0.02237	0.83247	0.00500	0.00499	0.00251	0.00253
23	0.02181	0.01607	0.01722	0.01321	0.01779	0.01777	0.01090	0.74329	0.02693	0.03610	0.01381	0.01385	0.00981	0.00692	0.00576	0.00173	0.00632	0.00518	0.00575	0.00977
24	0.01358	0.01548	0.03378	0.02415	0.02993	0.01451	0.74156	0.01838	0.01355	0.01840	0.01166	0.01554	0.00876	0.00488	0.00678	0.00194	0.00967	0.00677	0.00292	0.00776
25	0.01537	0.80140	0.03001	0.00984	0.01474	0.02266	0.00982	0.01718	0.01168	0.01354	0.00804	0.00930	0.00742	0.00495	0.00371	0.00124	0.00614	0.00309	0.00248	0.00738
26	0.00826	0.00619	0.00925	0.00925	0.01028	0.00720	0.00719	0.01028	0.00925	0.01336	0.01540	0.02257	0.01437	0.04290	0.77530	0.00920	0.01534	0.00615	0.00309	0.00515
27	0.01486	0.01227	0.01320	0.01180	0.01502	0.01396	0.00937	0.13112	0.56890	0.02501	0.02272	0.02494	0.01806	0.00854	0.00606	0.00200	0.00489	0.08271	0.00577	0.00879
28	0.01537	0.80140	0.03001	0.00984	0.01474	0.02266	0.00982	0.01718	0.01168	0.01354	0.00804	0.00930	0.00742	0.00495	0.00371	0.00124	0.00614	0.00309	0.00248	0.00738
29	0.00742	0.00532	0.00702	0.00778	0.00844	0.00494	0.00538	0.00893	0.01267	0.01734	0.26360	0.55472	0.04301	0.01598	0.00716	0.00217	0.00315	0.01439	0.00565	0.00493
30	0.01156	0.02962	0.76837	0.01635	0.02480	0.01333	0.02115	0.01817	0.01213	0.01819	0.01035	0.01219	0.00733	0.00549	0.00547	0.00183	0.00848	0.00425	0.00245	0.00849
31	0.00770	0.00573	0.00714	0.00713	0.00840	0.00519	0.00521	0.00979	0.01458	0.01987	0.47597	0.19371	0.19134	0.01353	0.00689	0.00194	0.00289	0.01187	0.00593	0.00518
32	0.01268	0.01206	0.02045	0.38314	0.42650	0.01322	0.01680	0.01624	0.01234	0.01687	0.01057	0.01478	0.00847	0.00544	0.00572	0.00181	0.00721	0.00512	0.00273	0.00785
33	0.00814	0.00588	0.00767	0.00729	0.00860	0.00542	0.00543	0.01075	0.01604	0.02269	0.73159	0.07147	0.05337	0.01198	0.00680	0.00183	0.00275	0.01059	0.00628	0.00541
34	0.01146	0.00978	0.01171	0.00897	0.01263	0.00854	0.00698	0.01342	0.01098	0.01693	0.01118	0.01611	0.01039	0.13096	0.00997	0.00181	0.09918	0.00439	0.00332	0.60129
35	0.00819	0.00591	0.00771	0.00726	0.00861	0.00545	0.00544	0.01086	0.01624	0.02301	0.75935	0.04280	0.05399	0.01174	0.00678	0.00181	0.00273	0.01036	0.00632	0.00544
36	0.01245	0.01215	0.07482	0.00943	0.01477	0.00869	0.00822	0.05409	0.01274	0.01961	0.01045	0.01210	0.00852	0.00454	0.00445	0.00099	0.00473	0.00358	0.00346	0.72023
37	0.01390	0.01314	0.02160	0.03123	0.65265	0.01276	0.01600	0.01715	0.01291	0.01876	0.01076	0.01394	0.00905	0.00503	0.00549	0.00159	0.00645	0.00487	0.00294	0.12979
38	0.01341	0.07777	0.01754	0.01384	0.01503	0.01705	0.01157	0.05116	0.12803	0.01661	0.01130	0.01579	0.01023	0.00935	0.01446	0.00229	0.53176	0.03253	0.00331	0.00696
39	0.00774	0.00589	0.00709	0.00679	0.00834	0.00526	0.00508	0.00999	0.01518	0.02050	0.52412	0.04693	0.29078	0.01268	0.00679	0.00186	0.00280	0.01094	0.00599	0.00525
40	0.00823	0.00621	0.00815	0.05682	0.01067	0.00590	0.00621	0.01077	0.01523	0.02096	0.55893	0.05954	0.14120	0.01211	0.00680	0.00190	0.00325	0.05583	0.00587	0.00541
41	0.01424	0.01364	0.02326	0.03513	0.76234	0.01363	0.01758	0.01761	0.01308	0.01876	0.01084	0.01427	0.00914	0.00515	0.00570	0.00171	0.00682	0.00512	0.00286	0.00910
42	0.83834	0.01112	0.00847	0.00758	0.01113	0.01287	0.00623	0.01687	0.00979	0.02573	0.00805	0.00941	0.00628	0.00537	0.00358	0.00179	0.00445	0.00313	0.00357	0.00624
43	0.01261	0.01198	0.02032	0.39935	0.41086	0.01320	0.01677	0.01618	0.01231	0.01678	0.01056	0.01480	0.00844	0.00546	0.00573	0.00182	0.00722	0.00512	0.00272	0.00779
44	0.01358	0.01548	0.03378	0.02415	0.02993	0.01451	0.74156	0.01838	0.01355	0.01840	0.01166	0.01554	0.00876	0.00488	0.00678	0.00194	0.00967	0.00677	0.00292	0.00776
45	0.00810	0.00585	0.00765	0.00720	0.00855	0.00540	0.00540	0.01079	0.01619	0.02294	0.76028	0.04273	0.05397	0.01169	0.00675	0.00180	0.00270	0.01034	0.00630	0.00540
46	0.01922	0.01397	0.01528	0.04115	0.01689	0.01542	0.01003	0.55775	0.07023	0.04587	0.01574	0.05711	0.01215	0.00746	0.00567	0.00174	0.00574	0.00586	0.07381	0.00892
47	0.03512	0.00596	0.00766	0.00722	0.00856	0.00561	0.00540	0.01078	0.01543	0.02220	0.68817	0.04003	0.04962	0.01201	0.00764	0.05474	0.00290	0.00977	0.00596	0.00524
48	0.01948	0.30999	0.02024	0.05990	0.01659	0.05647	0.00976	0.09365	0.04050	0.28309	0.02818	0.01475	0.01121	0.00619	0.00495	0.00156	0.00590	0.00463	0.00463	0.00835
49	0.00757	0.00569	0.00712	0.00800	0.00883	0.00537	0.00550	0.00962	0.05841	0.01541	0.03289	0.64834	0.10621	0.01650	0.00705	0.00221	0.00338	0.01481	0.00528	0.03179
50	0.04306	0.01477	0.01952	0.05133	0.02029	0.01601	0.15078	0.48454	0.02161	0.02942	0.01372	0.05606	0.01076	0.00708	0.00638	0.00183	0.03334	0.00599	0.00483	0.00869
51	0.07280	0.01484	0.01604	0.03738	0.01758	0.01625	0.01036	0.58445	0.04807	0.06088	0.01371	0.01387	0.00979	0.00663	0.00551	0.00169	0.00600	0.00499	0.00541	0.05378
52	0.24471	0.08458	0.01545	0.01098	0.01523	0.01600	0.00921	0.42063	0.01988	0.07744	0.01229	0.01262	0.00892	0.00627	0.00491	0.00168	0.00561	0.00444	0.02068	0.00846
53	0.13014	0.01341	0.01454	0.07532	0.01730	0.01490	0.00979	0.44773	0.05750	0.06703	0.01399	0.01531	0.01040	0.04091	0.00636	0.00190	0.00579	0.00511	0.04410	0.00846

[dist]
# distance from previous block
# <min> <max>
0	139

# created by:
# /software/SequenceAnalysis/GenePrediction/augustus/3.0.1/scripts/msa2prfl.pl ./fixed/BUSCOvEOG77H74D.fas
