[name]
unknown

[dist]
# distance from previous block
# <min> <max>
0	79

[block]
# block no. 0 follows, 40 sequences, length 12
# corresponding to MSA columns:
# 79-90
name=unknown_A
#
# <colnr> <probs for GDERKNQSTAVLIFYWHMCP>
#	G	D	E	R	K	N	Q	S	T	A	V	L	I	F	Y	W	H	M	C	P
0	0.01486	0.57060	0.21390	0.01184	0.01763	0.05552	0.01290	0.01793	0.01215	0.01489	0.00872	0.01012	0.00744	0.00516	0.00425	0.00141	0.00701	0.00344	0.00250	0.00771
1	0.00709	0.00506	0.00675	0.00810	0.00843	0.00472	0.00540	0.00810	0.01113	0.01484	0.03205	0.79184	0.03846	0.01822	0.00742	0.00236	0.00337	0.01653	0.00540	0.00472
2	0.01023	0.00768	0.01001	0.01090	0.01257	0.00801	0.00934	0.01525	0.13810	0.01858	0.02958	0.05815	0.03080	0.01468	0.00767	0.00256	0.00523	0.59920	0.00545	0.00601
3	0.01218	0.02648	0.58238	0.01856	0.02648	0.01381	0.20099	0.01847	0.01264	0.01847	0.01077	0.01313	0.00773	0.00537	0.00586	0.00187	0.00890	0.00494	0.00258	0.00841
4	0.83671	0.01125	0.00855	0.00765	0.01125	0.01305	0.00630	0.01709	0.00990	0.02609	0.00810	0.00945	0.00630	0.00540	0.00360	0.00180	0.00450	0.00315	0.00360	0.00630
5	0.01166	0.03008	0.76550	0.01657	0.02517	0.01351	0.02149	0.01842	0.01228	0.01842	0.01044	0.01228	0.00737	0.00552	0.00552	0.00184	0.00859	0.00430	0.00246	0.00859
6	0.00709	0.00506	0.00675	0.00810	0.00843	0.00472	0.00540	0.00810	0.01113	0.01484	0.03205	0.79184	0.03846	0.01822	0.00742	0.00236	0.00337	0.01653	0.00540	0.00472
7	0.00831	0.00623	0.00935	0.00935	0.01038	0.00727	0.00727	0.01038	0.00935	0.01350	0.01558	0.02285	0.01454	0.04361	0.77259	0.00935	0.01558	0.00623	0.00312	0.00519
8	0.02211	0.01629	0.01745	0.01338	0.01803	0.01803	0.01105	0.73997	0.02734	0.03665	0.01396	0.01396	0.00989	0.00698	0.00582	0.00175	0.00640	0.00524	0.00582	0.00989
9	0.02609	0.00990	0.01350	0.01035	0.01484	0.00855	0.00855	0.02834	0.01664	0.76338	0.02294	0.01979	0.01439	0.00720	0.00585	0.00180	0.00495	0.00585	0.00720	0.00990
10	0.00715	0.00532	0.00668	0.00774	0.00848	0.00486	0.00537	0.00834	0.01170	0.01515	0.03787	0.59688	0.19555	0.01735	0.00733	0.00229	0.00337	0.04839	0.00540	0.00479
11	0.01413	0.01354	0.02312	0.09406	0.70308	0.01375	0.01771	0.01761	0.01311	0.01867	0.01089	0.01448	0.00910	0.00523	0.00576	0.00174	0.00697	0.00518	0.00286	0.00900

[dist]
# distance from previous block
# <min> <max>
8	13

[block]
# block no. 1 follows, 40 sequences, length 92
# corresponding to MSA columns:
# 104-195
name=unknown_B
#
# <colnr> <probs for GDERKNQSTAVLIFYWHMCP>
#	G	D	E	R	K	N	Q	S	T	A	V	L	I	F	Y	W	H	M	C	P
0	0.02091	0.01597	0.01676	0.01318	0.01758	0.03525	0.01077	0.61267	0.13943	0.03420	0.01536	0.01508	0.01106	0.00710	0.00582	0.00177	0.00622	0.00541	0.00577	0.00971
1	0.01446	0.01249	0.01315	0.01183	0.01512	0.01446	0.00920	0.03090	0.74885	0.02433	0.02367	0.02170	0.01775	0.00789	0.00592	0.00197	0.00460	0.00657	0.00592	0.00920
2	0.02060	0.02289	0.01579	0.01404	0.01709	0.54246	0.01074	0.06666	0.08010	0.07570	0.01187	0.01297	0.00935	0.00794	0.03581	0.00192	0.03862	0.00439	0.00374	0.00732
3	0.00846	0.00564	0.00634	0.00634	0.00634	0.00564	0.00352	0.00846	0.00846	0.01128	0.01832	0.03805	0.02114	0.79563	0.02960	0.00564	0.00564	0.00846	0.00352	0.00352
4	0.02211	0.01629	0.01745	0.01338	0.01803	0.01803	0.01105	0.73997	0.02734	0.03665	0.01396	0.01396	0.00989	0.00698	0.00582	0.00175	0.00640	0.00524	0.00582	0.00989
5	0.83671	0.01125	0.00855	0.00765	0.01125	0.01305	0.00630	0.01709	0.00990	0.02609	0.00810	0.00945	0.00630	0.00540	0.00360	0.00180	0.00450	0.00315	0.00360	0.00630
6	0.01166	0.03008	0.76550	0.01657	0.02517	0.01351	0.02149	0.01842	0.01228	0.01842	0.01044	0.01228	0.00737	0.00552	0.00552	0.00184	0.00859	0.00430	0.00246	0.00859
7	0.00937	0.00669	0.00937	0.01071	0.01205	0.00669	0.00937	0.01205	0.01339	0.01740	0.03079	0.06560	0.03347	0.01606	0.00803	0.00268	0.00535	0.72021	0.00535	0.00535
8	0.01272	0.01272	0.01781	0.01527	0.01527	0.01781	0.01272	0.01399	0.00891	0.01399	0.00763	0.01272	0.00763	0.01018	0.01908	0.00254	0.78499	0.00509	0.00254	0.00636
9	0.00846	0.00564	0.00634	0.00634	0.00634	0.00564	0.00352	0.00846	0.00846	0.01128	0.01832	0.03805	0.02114	0.79563	0.02960	0.00564	0.00564	0.00846	0.00352	0.00352
10	0.00831	0.00623	0.00935	0.00935	0.01038	0.00727	0.00727	0.01038	0.00935	0.01350	0.01558	0.02285	0.01454	0.04361	0.77259	0.00935	0.01558	0.00623	0.00312	0.00519
11	0.01166	0.03008	0.76550	0.01657	0.02517	0.01351	0.02149	0.01842	0.01228	0.01842	0.01044	0.01228	0.00737	0.00552	0.00552	0.00184	0.00859	0.00430	0.00246	0.00859
12	0.00709	0.00506	0.00675	0.00810	0.00843	0.00472	0.00540	0.00810	0.01113	0.01484	0.03205	0.79184	0.03846	0.01822	0.00742	0.00236	0.00337	0.01653	0.00540	0.00472
13	0.00823	0.00594	0.00777	0.00732	0.00869	0.00549	0.00549	0.01097	0.01646	0.02332	0.75629	0.04344	0.05487	0.01189	0.00686	0.00183	0.00274	0.01052	0.00640	0.00549
14	0.01166	0.03008	0.76550	0.01657	0.02517	0.01351	0.02149	0.01842	0.01228	0.01842	0.01044	0.01228	0.00737	0.00552	0.00552	0.00184	0.00859	0.00430	0.00246	0.00859
15	0.01555	0.79913	0.03047	0.00995	0.01493	0.02301	0.00995	0.01741	0.01182	0.01368	0.00808	0.00933	0.00746	0.00498	0.00373	0.00124	0.00622	0.00311	0.00249	0.00746
16	0.01446	0.01249	0.01315	0.01183	0.01512	0.01446	0.00920	0.03090	0.74885	0.02433	0.02367	0.02170	0.01775	0.00789	0.00592	0.00197	0.00460	0.00657	0.00592	0.00920
17	0.01439	0.01382	0.02360	0.03569	0.75936	0.01382	0.01785	0.01785	0.01324	0.01900	0.01094	0.01439	0.00921	0.00518	0.00576	0.00173	0.00691	0.00518	0.00288	0.00921
18	0.01555	0.79913	0.03047	0.00995	0.01493	0.02301	0.00995	0.01741	0.01182	0.01368	0.00808	0.00933	0.00746	0.00498	0.00373	0.00124	0.00622	0.00311	0.00249	0.00746
19	0.83671	0.01125	0.00855	0.00765	0.01125	0.01305	0.00630	0.01709	0.00990	0.02609	0.00810	0.00945	0.00630	0.00540	0.00360	0.00180	0.00450	0.00315	0.00360	0.00630
20	0.00687	0.00589	0.00589	0.00589	0.00785	0.00491	0.00442	0.00835	0.01325	0.01571	0.05891	0.05596	0.75700	0.01473	0.00687	0.00196	0.00295	0.01227	0.00540	0.00491
21	0.01010	0.00505	0.00758	0.00758	0.00758	0.00505	0.00505	0.00758	0.00758	0.01010	0.01010	0.01768	0.01010	0.02020	0.02273	0.83081	0.00505	0.00505	0.00253	0.00253
22	0.00709	0.00506	0.00675	0.00810	0.00843	0.00472	0.00540	0.00810	0.01113	0.01484	0.03205	0.79184	0.03846	0.01822	0.00742	0.00236	0.00337	0.01653	0.00540	0.00472
23	0.00815	0.00594	0.00766	0.00723	0.00864	0.00545	0.00542	0.01082	0.01627	0.02286	0.71424	0.04419	0.09721	0.01206	0.00686	0.00184	0.00276	0.01062	0.00634	0.00545
24	0.01373	0.01569	0.03431	0.02451	0.03039	0.01471	0.73824	0.01863	0.01373	0.01863	0.01176	0.01569	0.00882	0.00490	0.00686	0.00196	0.00980	0.00686	0.00294	0.00784
25	0.00998	0.00721	0.00901	0.00849	0.00999	0.00652	0.00624	0.01220	0.01737	0.02467	0.73819	0.04491	0.05522	0.01283	0.00753	0.00213	0.00337	0.01090	0.00688	0.00637
26	0.00876	0.00716	0.00732	0.00722	0.00925	0.00600	0.00529	0.00985	0.01450	0.01786	0.11446	0.05611	0.68320	0.01537	0.00754	0.00225	0.00355	0.01247	0.00599	0.00585
27	0.02736	0.01106	0.01458	0.01144	0.01599	0.00950	0.00922	0.02911	0.01755	0.74513	0.02427	0.02189	0.01581	0.00826	0.00654	0.00210	0.00551	0.00635	0.00766	0.01066
28	0.02067	0.02424	0.02145	0.01872	0.05311	0.50630	0.15732	0.03907	0.01649	0.01741	0.01136	0.01425	0.00950	0.00711	0.00715	0.00198	0.05722	0.00511	0.00359	0.00797
29	0.01710	0.77939	0.03111	0.01105	0.01607	0.02358	0.01059	0.01847	0.01285	0.01528	0.00980	0.01170	0.00907	0.00610	0.00448	0.00156	0.00675	0.00369	0.00307	0.00829
30	0.01369	0.01241	0.02002	0.62413	0.06925	0.01425	0.07352	0.06013	0.01385	0.01822	0.01235	0.01759	0.00962	0.00689	0.00659	0.00222	0.00829	0.00583	0.00340	0.00775
31	0.02132	0.02013	0.15106	0.01590	0.04924	0.05087	0.01378	0.53455	0.02427	0.03274	0.01456	0.01578	0.01085	0.00768	0.00644	0.00205	0.00751	0.00552	0.00548	0.01026
32	0.01674	0.01139	0.01349	0.01013	0.01518	0.00890	0.00797	0.01873	0.01407	0.18122	0.01472	0.01603	0.01143	0.00607	0.00538	0.00139	0.00503	0.00453	0.00482	0.63279
33	0.00895	0.00642	0.00809	0.00919	0.00977	0.00584	0.00616	0.00963	0.01260	0.01709	0.09044	0.71427	0.04054	0.01849	0.00803	0.00261	0.00393	0.01628	0.00599	0.00568
34	0.00976	0.00703	0.00885	0.00892	0.01015	0.00640	0.00648	0.01153	0.01578	0.02207	0.50198	0.24088	0.04954	0.01475	0.00775	0.00233	0.00370	0.05941	0.00655	0.00616
35	0.51913	0.04775	0.01357	0.01076	0.01483	0.01591	0.00872	0.25085	0.01668	0.03023	0.01170	0.01326	0.00914	0.00700	0.00507	0.00206	0.00576	0.00440	0.00482	0.00836
36	0.01557	0.01469	0.02461	0.10676	0.55263	0.01468	0.10183	0.01927	0.04642	0.02025	0.01318	0.01721	0.01095	0.00645	0.00660	0.00209	0.00774	0.00596	0.00357	0.00956
37	0.01275	0.00929	0.00996	0.00903	0.01169	0.00872	0.00685	0.08582	0.10266	0.08296	0.11038	0.04484	0.45413	0.01315	0.00724	0.00222	0.00424	0.01056	0.00625	0.00726
38	0.01671	0.01701	0.01849	0.01606	0.01711	0.16912	0.01289	0.06076	0.01264	0.01700	0.01002	0.01463	0.00934	0.01013	0.01587	0.00257	0.56336	0.00536	0.00342	0.00751
39	0.01180	0.00634	0.00881	0.00874	0.00891	0.00610	0.00582	0.00889	0.00872	0.01180	0.01177	0.01983	0.01163	0.02092	0.02298	0.80916	0.00561	0.00558	0.00311	0.00348
40	0.17863	0.02611	0.55048	0.01553	0.02283	0.01451	0.01816	0.06269	0.01373	0.02252	0.01184	0.01411	0.00891	0.00670	0.00586	0.00213	0.00811	0.00467	0.00347	0.00901
41	0.01598	0.01487	0.02442	0.03612	0.74078	0.01463	0.01828	0.01889	0.01423	0.02046	0.01258	0.01663	0.01077	0.00630	0.00646	0.00203	0.00742	0.00570	0.00345	0.00999
42	0.01109	0.00794	0.01056	0.01179	0.01326	0.00770	0.01002	0.01325	0.01438	0.01891	0.03191	0.06648	0.03438	0.01689	0.00867	0.00296	0.00591	0.70180	0.00587	0.00624
43	0.00998	0.00721	0.00901	0.00849	0.00999	0.00652	0.00624	0.01220	0.01737	0.02467	0.73819	0.04491	0.05522	0.01283	0.00753	0.00213	0.00337	0.01090	0.00688	0.00637
44	0.01528	0.01452	0.02502	0.03191	0.54959	0.01407	0.14752	0.01826	0.01416	0.02006	0.01440	0.07838	0.01301	0.00728	0.00679	0.00212	0.00766	0.00691	0.00367	0.00939
45	0.01598	0.01487	0.02442	0.03612	0.74078	0.01463	0.01828	0.01889	0.01423	0.02046	0.01258	0.01663	0.01077	0.00630	0.00646	0.00203	0.00742	0.00570	0.00345	0.00999
46	0.00989	0.00714	0.00893	0.00855	0.00997	0.00646	0.00624	0.01198	0.01695	0.02400	0.68089	0.10412	0.05392	0.01333	0.00757	0.00217	0.00342	0.01137	0.00680	0.00631
47	0.02319	0.01713	0.01826	0.01433	0.01898	0.01860	0.01159	0.69465	0.05568	0.03717	0.01590	0.01651	0.01173	0.00809	0.00652	0.00206	0.00686	0.00581	0.00632	0.01063
48	0.01356	0.01306	0.02277	0.50389	0.06433	0.01452	0.19154	0.01696	0.01307	0.01745	0.01220	0.01755	0.00966	0.00693	0.00756	0.00227	0.05557	0.00610	0.00326	0.00775
49	0.01020	0.00691	0.00761	0.00754	0.00771	0.00667	0.00433	0.00975	0.00958	0.01294	0.01977	0.03967	0.02238	0.77582	0.02967	0.00584	0.00618	0.00889	0.00408	0.00446
50	0.81651	0.01237	0.00976	0.00881	0.01248	0.01388	0.00703	0.01816	0.01098	0.02736	0.00982	0.01182	0.00793	0.00651	0.00435	0.00210	0.00507	0.00373	0.00416	0.00716
51	0.00866	0.00716	0.00717	0.00710	0.00918	0.00596	0.00520	0.00964	0.01425	0.01726	0.05928	0.05710	0.73875	0.01559	0.00754	0.00226	0.00356	0.01261	0.00591	0.00581
52	0.01266	0.01148	0.01842	0.76232	0.04053	0.01376	0.01662	0.01598	0.01266	0.01643	0.01200	0.01771	0.00935	0.00691	0.00651	0.00224	0.00824	0.00569	0.00317	0.00732
53	0.01605	0.01358	0.01424	0.01289	0.01626	0.01526	0.00986	0.03160	0.73036	0.02565	0.02497	0.02374	0.01908	0.00893	0.00661	0.00227	0.00518	0.00706	0.00641	0.00999
54	0.81651	0.01237	0.00976	0.00881	0.01248	0.01388	0.00703	0.01816	0.01098	0.02736	0.00982	0.01182	0.00793	0.00651	0.00435	0.00210	0.00507	0.00373	0.00416	0.00716
55	0.01586	0.01342	0.01406	0.01274	0.01608	0.01502	0.00974	0.03104	0.71202	0.02543	0.02585	0.02460	0.03751	0.00911	0.00664	0.00227	0.00513	0.00720	0.00640	0.00988
56	0.00927	0.00624	0.00694	0.00691	0.00699	0.00612	0.00390	0.00907	0.00898	0.01206	0.01900	0.03881	0.02172	0.78632	0.02963	0.00573	0.00589	0.00866	0.00379	0.00396
57	0.02239	0.02755	0.01699	0.01537	0.01848	0.73091	0.01151	0.05435	0.01737	0.01594	0.01000	0.01174	0.00835	0.00655	0.00560	0.00165	0.01051	0.00407	0.00339	0.00727
58	0.01163	0.00602	0.00603	0.00600	0.00741	0.00591	0.00444	0.01410	0.01268	0.02233	0.01964	0.02264	0.01557	0.00728	0.00441	0.00150	0.00300	0.00566	0.81791	0.00583
59	0.02275	0.01675	0.01791	0.01386	0.01853	0.01836	0.01134	0.73147	0.02763	0.03712	0.01470	0.01502	0.01061	0.00748	0.00614	0.00189	0.00665	0.00548	0.00605	0.01025
60	0.02212	0.01733	0.01750	0.01386	0.01830	0.07585	0.01121	0.62047	0.08389	0.03442	0.01508	0.01537	0.01105	0.00748	0.00611	0.00189	0.00682	0.00547	0.00584	0.00995
61	0.01628	0.78985	0.03077	0.01047	0.01546	0.02328	0.01025	0.01791	0.01230	0.01443	0.00889	0.01044	0.00822	0.00550	0.00408	0.00139	0.00647	0.00338	0.00276	0.00785
62	0.01247	0.01020	0.01200	0.00928	0.01346	0.00843	0.00720	0.04593	0.01255	0.01906	0.01262	0.01676	0.01121	0.07295	0.11189	0.00259	0.00632	0.00457	0.00377	0.60672
63	0.01177	0.01088	0.01790	0.77257	0.04027	0.01331	0.01637	0.01539	0.01212	0.01560	0.01112	0.01654	0.00850	0.00633	0.00614	0.00208	0.00798	0.00541	0.00286	0.00686
64	0.01129	0.00840	0.01110	0.01022	0.01204	0.00959	0.00809	0.16798	0.01323	0.01850	0.01523	0.02093	0.01353	0.03570	0.60696	0.00770	0.01359	0.00602	0.00370	0.00621
65	0.01084	0.00542	0.00542	0.00542	0.00678	0.00542	0.00407	0.01355	0.01220	0.02168	0.01897	0.02168	0.01491	0.00678	0.00407	0.00136	0.00271	0.00542	0.82791	0.00542
66	0.01102	0.01001	0.01592	0.49071	0.10147	0.01176	0.01389	0.03103	0.01264	0.01662	0.07433	0.02357	0.07060	0.00775	0.00669	0.00198	0.04084	0.04925	0.00337	0.00654
67	0.01215	0.01152	0.01954	0.52717	0.28545	0.01323	0.01673	0.01588	0.01218	0.01627	0.01054	0.01512	0.00825	0.00560	0.00579	0.00187	0.00746	0.00517	0.00268	0.00740
68	0.01098	0.01034	0.01744	0.78165	0.04005	0.01292	0.01615	0.01486	0.01163	0.01486	0.01034	0.01550	0.00775	0.00581	0.00581	0.00194	0.00775	0.00517	0.00258	0.00646
69	0.83671	0.01125	0.00855	0.00765	0.01125	0.01305	0.00630	0.01709	0.00990	0.02609	0.00810	0.00945	0.00630	0.00540	0.00360	0.00180	0.00450	0.00315	0.00360	0.00630
70	0.01010	0.00505	0.00758	0.00758	0.00758	0.00505	0.00505	0.00758	0.00758	0.01010	0.01010	0.01768	0.01010	0.02020	0.02273	0.83081	0.00505	0.00505	0.00253	0.00253
71	0.00934	0.00802	0.01345	0.01132	0.01359	0.00748	0.16403	0.01232	0.01495	0.02065	0.43378	0.11357	0.07235	0.01147	0.00701	0.00199	0.00455	0.06881	0.00543	0.00588
72	0.01121	0.01057	0.01785	0.73165	0.08827	0.01298	0.01626	0.01506	0.01174	0.01514	0.01038	0.01543	0.00785	0.00577	0.00581	0.00192	0.00770	0.00517	0.00260	0.00664
73	0.02211	0.01629	0.01745	0.01338	0.01803	0.01803	0.01105	0.73997	0.02734	0.03665	0.01396	0.01396	0.00989	0.00698	0.00582	0.00175	0.00640	0.00524	0.00582	0.00989
74	0.01406	0.01203	0.01285	0.01175	0.01488	0.01385	0.00922	0.02941	0.69066	0.02378	0.02423	0.02517	0.01899	0.00854	0.00608	0.00203	0.00466	0.06304	0.00587	0.00890
75	0.00707	0.00513	0.00668	0.00792	0.00839	0.00474	0.00532	0.00812	0.01130	0.01491	0.03418	0.73361	0.09531	0.01794	0.00738	0.00233	0.00334	0.01619	0.00540	0.00474
76	0.00687	0.00589	0.00589	0.00589	0.00785	0.00491	0.00442	0.00835	0.01325	0.01571	0.05891	0.05596	0.75700	0.01473	0.00687	0.00196	0.00295	0.01227	0.00540	0.00491
77	0.00927	0.00666	0.00924	0.01052	0.01189	0.00662	0.00918	0.01191	0.01338	0.01734	0.03187	0.06523	0.06126	0.01601	0.00799	0.00265	0.00526	0.69302	0.00536	0.00534
78	0.02211	0.01629	0.01745	0.01338	0.01803	0.01803	0.01105	0.73997	0.02734	0.03665	0.01396	0.01396	0.00989	0.00698	0.00582	0.00175	0.00640	0.00524	0.00582	0.00989
79	0.00964	0.00626	0.00823	0.00756	0.00917	0.00573	0.00573	0.01235	0.01648	0.08187	0.69826	0.04157	0.05167	0.01152	0.00678	0.00183	0.00292	0.01015	0.00646	0.00584
80	0.01206	0.01034	0.01206	0.00861	0.01378	0.00775	0.00689	0.01464	0.01206	0.01895	0.01034	0.01206	0.00861	0.00431	0.00431	0.00086	0.00431	0.00345	0.00345	0.83118
81	0.01373	0.01569	0.03431	0.02451	0.03039	0.01471	0.73824	0.01863	0.01373	0.01863	0.01176	0.01569	0.00882	0.00490	0.00686	0.00196	0.00980	0.00686	0.00294	0.00784
82	0.01446	0.01249	0.01315	0.01183	0.01512	0.01446	0.00920	0.03090	0.74885	0.02433	0.02367	0.02170	0.01775	0.00789	0.00592	0.00197	0.00460	0.00657	0.00592	0.00920
83	0.02147	0.01678	0.01702	0.01333	0.01769	0.07885	0.01090	0.64970	0.02567	0.03381	0.01363	0.01407	0.00990	0.00851	0.03942	0.00206	0.00713	0.00516	0.00547	0.00943
84	0.01749	0.01182	0.01324	0.01145	0.01505	0.01293	0.00903	0.03024	0.55855	0.21640	0.02348	0.02120	0.01688	0.00771	0.00590	0.00193	0.00469	0.00639	0.00625	0.00938
85	0.02211	0.01629	0.01745	0.01338	0.01803	0.01803	0.01105	0.73997	0.02734	0.03665	0.01396	0.01396	0.00989	0.00698	0.00582	0.00175	0.00640	0.00524	0.00582	0.00989
86	0.01439	0.01382	0.02360	0.03569	0.75936	0.01382	0.01785	0.01785	0.01324	0.01900	0.01094	0.01439	0.00921	0.00518	0.00576	0.00173	0.00691	0.00518	0.00288	0.00921
87	0.83671	0.01125	0.00855	0.00765	0.01125	0.01305	0.00630	0.01709	0.00990	0.02609	0.00810	0.00945	0.00630	0.00540	0.00360	0.00180	0.00450	0.00315	0.00360	0.00630
88	0.01469	0.01451	0.02291	0.06640	0.68384	0.05951	0.01738	0.01804	0.01337	0.01853	0.01080	0.01420	0.00905	0.00526	0.00573	0.00172	0.00716	0.00509	0.00287	0.00894
89	0.00823	0.00594	0.00777	0.00732	0.00869	0.00549	0.00549	0.01097	0.01646	0.02332	0.75629	0.04344	0.05487	0.01189	0.00686	0.00183	0.00274	0.01052	0.00640	0.00549
90	0.00937	0.00669	0.00937	0.01071	0.01205	0.00669	0.00937	0.01205	0.01339	0.01740	0.03079	0.06560	0.03347	0.01606	0.00803	0.00268	0.00535	0.72021	0.00535	0.00535
91	0.00722	0.00516	0.00691	0.00825	0.00865	0.00484	0.00564	0.00834	0.01127	0.01500	0.03198	0.74804	0.03816	0.01809	0.00746	0.00238	0.00349	0.05896	0.00540	0.00476

[dist]
# distance from previous block
# <min> <max>
3	5

[block]
# block no. 2 follows, 40 sequences, length 35
# corresponding to MSA columns:
# 201-235
name=unknown_C
#
# <colnr> <probs for GDERKNQSTAVLIFYWHMCP>
#	G	D	E	R	K	N	Q	S	T	A	V	L	I	F	Y	W	H	M	C	P
0	0.01128	0.01107	0.01937	0.55679	0.03464	0.01307	0.12748	0.01497	0.01185	0.01543	0.01340	0.01786	0.05491	0.00656	0.00706	0.00199	0.06702	0.00587	0.00281	0.00657
1	0.01294	0.01228	0.02051	0.22190	0.46022	0.01344	0.01622	0.01622	0.01219	0.01713	0.01085	0.01516	0.00910	0.00857	0.06312	0.00241	0.07172	0.00525	0.00279	0.00798
2	0.00732	0.00604	0.00630	0.00630	0.00807	0.00526	0.00468	0.00908	0.02790	0.01597	0.08903	0.05352	0.61934	0.07869	0.00876	0.00229	0.00328	0.03795	0.00531	0.00493
3	0.01166	0.03008	0.76550	0.01657	0.02517	0.01351	0.02149	0.01842	0.01228	0.01842	0.01044	0.01228	0.00737	0.00552	0.00552	0.00184	0.00859	0.00430	0.00246	0.00859
4	0.01185	0.00893	0.01040	0.00929	0.01179	0.00922	0.00716	0.01978	0.29544	0.06559	0.39088	0.03194	0.03566	0.00965	0.00629	0.00182	0.00367	0.00833	0.00609	0.05622
5	0.01189	0.07578	0.72182	0.01618	0.02456	0.01407	0.02080	0.01836	0.01225	0.01813	0.01030	0.01210	0.00737	0.00549	0.00542	0.00181	0.00845	0.00423	0.00246	0.00853
6	0.01252	0.01252	0.01834	0.01550	0.01593	0.01699	0.05791	0.01407	0.00923	0.01426	0.00836	0.01351	0.00812	0.01183	0.06309	0.00291	0.69064	0.00527	0.00260	0.00638
7	0.00687	0.00589	0.00589	0.00589	0.00785	0.00491	0.00442	0.00835	0.01325	0.01571	0.05891	0.05596	0.75700	0.01473	0.00687	0.00196	0.00295	0.01227	0.00540	0.00491
8	0.00846	0.00564	0.00634	0.00634	0.00634	0.00564	0.00352	0.00846	0.00846	0.01128	0.01832	0.03805	0.02114	0.79563	0.02960	0.00564	0.00564	0.00846	0.00352	0.00352
9	0.01349	0.01290	0.02197	0.23317	0.56894	0.01358	0.01740	0.01706	0.01281	0.01790	0.01078	0.01469	0.00882	0.00535	0.00577	0.00178	0.00713	0.00518	0.00280	0.00848
10	0.01010	0.00505	0.00758	0.00758	0.00758	0.00505	0.00505	0.00758	0.00758	0.01010	0.01010	0.01768	0.01010	0.02020	0.02273	0.83081	0.00505	0.00505	0.00253	0.00253
11	0.00770	0.00616	0.00705	0.00749	0.00925	0.00550	0.00606	0.00958	0.01330	0.01627	0.04957	0.05916	0.51674	0.01517	0.00726	0.00220	0.00375	0.24735	0.00539	0.00506
12	0.01446	0.01249	0.01315	0.01183	0.01512	0.01446	0.00920	0.03090	0.74885	0.02433	0.02367	0.02170	0.01775	0.00789	0.00592	0.00197	0.00460	0.00657	0.00592	0.00920
13	0.02459	0.01169	0.01453	0.01121	0.01570	0.01129	0.00924	0.21683	0.04753	0.54268	0.02059	0.01832	0.01333	0.00717	0.00584	0.00179	0.00532	0.00571	0.00678	0.00987
14	0.01272	0.01272	0.01781	0.01527	0.01527	0.01781	0.01272	0.01399	0.00891	0.01399	0.00763	0.01272	0.00763	0.01018	0.01908	0.00254	0.78499	0.00509	0.00254	0.00636
15	0.02008	0.00852	0.01152	0.00940	0.01278	0.00747	0.00752	0.02236	0.01619	0.51702	0.21333	0.08254	0.02663	0.00922	0.00622	0.00185	0.00426	0.00784	0.00686	0.00838
16	0.02609	0.00990	0.01350	0.01035	0.01484	0.00855	0.00855	0.02834	0.01664	0.76338	0.02294	0.01979	0.01439	0.00720	0.00585	0.00180	0.00495	0.00585	0.00720	0.00990
17	0.01958	0.01541	0.01888	0.07086	0.02036	0.01736	0.07139	0.54822	0.02306	0.03110	0.01282	0.01408	0.00940	0.00707	0.00735	0.00186	0.09178	0.00535	0.00499	0.00908
18	0.01098	0.01034	0.01744	0.78165	0.04005	0.01292	0.01615	0.01486	0.01163	0.01486	0.01034	0.01550	0.00775	0.00581	0.00581	0.00194	0.00775	0.00517	0.00258	0.00646
19	0.00687	0.00589	0.00589	0.00589	0.00785	0.00491	0.00442	0.00835	0.01325	0.01571	0.05891	0.05596	0.75700	0.01473	0.00687	0.00196	0.00295	0.01227	0.00540	0.00491
20	0.01439	0.01382	0.02360	0.03569	0.75936	0.01382	0.01785	0.01785	0.01324	0.01900	0.01094	0.01439	0.00921	0.00518	0.00576	0.00173	0.00691	0.00518	0.00288	0.00921
21	0.01446	0.01249	0.01315	0.01183	0.01512	0.01446	0.00920	0.03090	0.74885	0.02433	0.02367	0.02170	0.01775	0.00789	0.00592	0.00197	0.00460	0.00657	0.00592	0.00920
22	0.00710	0.00574	0.00632	0.00651	0.00808	0.00495	0.00476	0.00867	0.01330	0.01661	0.15188	0.19503	0.52071	0.01500	0.00698	0.00202	0.00300	0.01284	0.00554	0.00495
23	0.00957	0.00811	0.01248	0.21799	0.01886	0.01003	0.01023	0.01198	0.00988	0.01387	0.01327	0.02004	0.01204	0.04953	0.45409	0.00642	0.10719	0.00586	0.00291	0.00563
24	0.01780	0.03699	0.02030	0.01692	0.03948	0.39488	0.15814	0.06259	0.01498	0.01649	0.01016	0.01293	0.00844	0.00883	0.05894	0.00226	0.10487	0.00482	0.00309	0.00708
25	0.02201	0.01213	0.01448	0.01119	0.01563	0.01194	0.00917	0.26863	0.06333	0.37158	0.04406	0.01796	0.01388	0.00704	0.00572	0.00170	0.00528	0.00560	0.00625	0.09243
26	0.04519	0.11691	0.48945	0.01455	0.02167	0.01489	0.01713	0.12117	0.01459	0.07537	0.01149	0.01261	0.00821	0.00578	0.00531	0.00175	0.00758	0.00436	0.00333	0.00865
27	0.01279	0.01321	0.02190	0.09748	0.02163	0.01653	0.19435	0.01524	0.01039	0.01524	0.00895	0.01375	0.00794	0.00840	0.01465	0.00234	0.51027	0.00554	0.00265	0.00674
28	0.00709	0.00506	0.00675	0.00810	0.00843	0.00472	0.00540	0.00810	0.01113	0.01484	0.03205	0.79184	0.03846	0.01822	0.00742	0.00236	0.00337	0.01653	0.00540	0.00472
29	0.01363	0.01172	0.03453	0.07000	0.45292	0.01132	0.01423	0.01690	0.01400	0.08062	0.14926	0.02361	0.01948	0.00735	0.00612	0.00183	0.00597	0.05433	0.00402	0.00815
30	0.01173	0.09708	0.63728	0.01522	0.02290	0.01370	0.01914	0.01771	0.01258	0.01839	0.07154	0.01457	0.01128	0.00600	0.00547	0.00179	0.00790	0.00470	0.00278	0.00824
31	0.01193	0.08186	0.71601	0.01613	0.02448	0.01415	0.02071	0.01835	0.01225	0.01810	0.01028	0.01208	0.00737	0.00549	0.00540	0.00180	0.00843	0.00422	0.00246	0.00852
32	0.01010	0.00505	0.00758	0.00758	0.00758	0.00505	0.00505	0.00758	0.00758	0.01010	0.01010	0.01768	0.01010	0.02020	0.02273	0.83081	0.00505	0.00505	0.00253	0.00253
33	0.01773	0.06658	0.01611	0.09724	0.01858	0.47565	0.01095	0.01963	0.01429	0.01481	0.01025	0.01288	0.00861	0.00882	0.05780	0.00212	0.06645	0.00427	0.07071	0.00651
34	0.01568	0.01374	0.02194	0.04434	0.49826	0.01369	0.06406	0.11633	0.01522	0.05585	0.01190	0.01450	0.00944	0.00544	0.00573	0.00168	0.00675	0.00519	0.00352	0.07675

[dist]
# distance from previous block
# <min> <max>
5	54

[block]
# block no. 3 follows, 40 sequences, length 63
# corresponding to MSA columns:
# 290-352
name=unknown_D
#
# <colnr> <probs for GDERKNQSTAVLIFYWHMCP>
#	G	D	E	R	K	N	Q	S	T	A	V	L	I	F	Y	W	H	M	C	P
0	0.04045	0.02237	0.01923	0.07688	0.06672	0.48040	0.10266	0.04192	0.01532	0.01624	0.00977	0.01223	0.00800	0.00619	0.00645	0.00172	0.05874	0.00450	0.00308	0.00715
1	0.01253	0.00992	0.01128	0.01122	0.01345	0.04444	0.00941	0.12797	0.10493	0.02113	0.02847	0.04911	0.07934	0.01319	0.00729	0.00237	0.00554	0.43631	0.00544	0.00665
2	0.01234	0.01056	0.01223	0.00888	0.01397	0.00816	0.00707	0.01551	0.04591	0.01935	0.01112	0.01274	0.00920	0.00459	0.00446	0.00095	0.00438	0.00365	0.00362	0.79132
3	0.02472	0.01672	0.01824	0.01437	0.01906	0.01756	0.01154	0.60271	0.02656	0.15165	0.01762	0.01812	0.01281	0.00856	0.00683	0.00219	0.00693	0.00608	0.00675	0.01099
4	0.01082	0.00804	0.01106	0.01096	0.01220	0.00869	0.00829	0.01218	0.01093	0.01582	0.01777	0.02575	0.01658	0.04376	0.74433	0.00949	0.01598	0.00694	0.00394	0.00647
5	0.00952	0.00772	0.00785	0.00772	0.00982	0.00646	0.00561	0.01037	0.01488	0.01839	0.10097	0.05686	0.68890	0.01580	0.00784	0.00239	0.00382	0.01265	0.00619	0.00623
6	0.00965	0.00692	0.00856	0.00976	0.01033	0.00624	0.00649	0.00998	0.01265	0.01711	0.03361	0.76539	0.03959	0.01933	0.00837	0.00278	0.00425	0.01685	0.00613	0.00602
7	0.01410	0.01258	0.01979	0.52399	0.21119	0.01393	0.01679	0.01701	0.01362	0.01828	0.01423	0.02174	0.01211	0.00793	0.00695	0.00237	0.00810	0.05333	0.00368	0.00828
8	0.01572	0.01290	0.01396	0.01313	0.01614	0.01405	0.01019	0.02811	0.57409	0.02483	0.02699	0.03349	0.02283	0.01104	0.00734	0.00254	0.00558	0.15100	0.00652	0.00956
9	0.01443	0.01199	0.01367	0.01026	0.01547	0.00916	0.00793	0.01627	0.01354	0.02106	0.01273	0.01537	0.01088	0.00595	0.00537	0.00133	0.00514	0.00427	0.00425	0.80094
10	0.01193	0.02957	0.73727	0.01735	0.05123	0.01360	0.02139	0.01850	0.01242	0.01859	0.01063	0.01259	0.00760	0.00563	0.00561	0.00187	0.00858	0.00439	0.00253	0.00870
11	0.83458	0.01136	0.00867	0.00777	0.01138	0.01313	0.00638	0.01721	0.01001	0.02622	0.00828	0.00970	0.00647	0.00552	0.00368	0.00183	0.00456	0.00321	0.00366	0.00639
12	0.00730	0.00623	0.00626	0.00621	0.00823	0.00532	0.00465	0.00920	0.03681	0.01615	0.05783	0.05499	0.73151	0.01460	0.00691	0.00200	0.00306	0.01213	0.00547	0.00514
13	0.00849	0.00636	0.00947	0.00946	0.01052	0.00737	0.00734	0.01052	0.00946	0.01367	0.01574	0.02306	0.01469	0.04362	0.77052	0.00936	0.01561	0.00628	0.00318	0.00529
14	0.01172	0.01125	0.01910	0.61221	0.08428	0.01362	0.06388	0.01534	0.01174	0.01547	0.01040	0.01543	0.00808	0.00622	0.00714	0.00201	0.07729	0.00533	0.00268	0.00681
15	0.00849	0.00636	0.00947	0.00946	0.01052	0.00737	0.00734	0.01052	0.00946	0.01367	0.01574	0.02306	0.01469	0.04362	0.77052	0.00936	0.01561	0.00628	0.00318	0.00529
16	0.83458	0.01136	0.00867	0.00777	0.01138	0.01313	0.00638	0.01721	0.01001	0.02622	0.00828	0.00970	0.00647	0.00552	0.00368	0.00183	0.00456	0.00321	0.00366	0.00639
17	0.02189	0.02711	0.01664	0.01499	0.01809	0.72580	0.01129	0.06556	0.01722	0.01572	0.00946	0.01094	0.00780	0.00617	0.00535	0.00155	0.01029	0.00389	0.00322	0.00702
18	0.01695	0.01676	0.01756	0.01487	0.01659	0.17295	0.01208	0.18669	0.01491	0.01954	0.00958	0.01279	0.00830	0.00867	0.01316	0.00217	0.44069	0.00490	0.00347	0.00736
19	0.01532	0.01245	0.01328	0.01186	0.01522	0.01420	0.00923	0.03082	0.70374	0.06803	0.02376	0.02180	0.01769	0.00796	0.00599	0.00199	0.00468	0.00658	0.00604	0.00933
20	0.83458	0.01136	0.00867	0.00777	0.01138	0.01313	0.00638	0.01721	0.01001	0.02622	0.00828	0.00970	0.00647	0.00552	0.00368	0.00183	0.00456	0.00321	0.00366	0.00639
21	0.01184	0.03015	0.76352	0.01667	0.02526	0.01359	0.02152	0.01852	0.01238	0.01857	0.01061	0.01252	0.00754	0.00564	0.00560	0.00187	0.00864	0.00435	0.00252	0.00868
22	0.00863	0.00582	0.00671	0.00670	0.00680	0.00587	0.00390	0.00874	0.00864	0.01162	0.01826	0.03705	0.02076	0.73543	0.08702	0.00595	0.00646	0.00833	0.00355	0.00375
23	0.00712	0.00581	0.00625	0.00660	0.00815	0.00497	0.00476	0.00842	0.01280	0.01564	0.05188	0.24967	0.56605	0.01574	0.00709	0.00210	0.00312	0.01343	0.00545	0.00495
24	0.02225	0.01639	0.01755	0.01349	0.01815	0.01811	0.01112	0.73806	0.02741	0.03675	0.01413	0.01420	0.01005	0.00709	0.00589	0.00178	0.00645	0.00529	0.00587	0.00997
25	0.00727	0.00520	0.00688	0.00822	0.00857	0.00483	0.00548	0.00823	0.01124	0.01501	0.03217	0.78990	0.03854	0.01830	0.00749	0.00239	0.00344	0.01656	0.00545	0.00482
26	0.01624	0.01419	0.02647	0.13274	0.02779	0.04160	0.43129	0.02015	0.01405	0.16790	0.01373	0.01643	0.00986	0.00584	0.00693	0.00196	0.03472	0.00628	0.00379	0.00805
27	0.02581	0.01011	0.01360	0.01051	0.01497	0.00886	0.00864	0.02851	0.04264	0.73532	0.02311	0.02008	0.01466	0.00733	0.00592	0.00184	0.00500	0.00593	0.00720	0.00995
28	0.00955	0.00682	0.00950	0.01082	0.01218	0.00680	0.00944	0.01217	0.01349	0.01756	0.03091	0.06569	0.03356	0.01615	0.00810	0.00271	0.00541	0.71828	0.00541	0.00545
29	0.01557	0.76841	0.05791	0.01031	0.01543	0.02272	0.01045	0.01756	0.01194	0.01403	0.00835	0.00969	0.00763	0.00511	0.00388	0.00130	0.00636	0.00321	0.00255	0.00759
30	0.02041	0.01498	0.01615	0.01288	0.01716	0.01657	0.01046	0.50240	0.22327	0.07685	0.01731	0.01665	0.01246	0.00735	0.00592	0.00184	0.00588	0.00569	0.00598	0.00978
31	0.00864	0.00577	0.00648	0.00647	0.00649	0.00575	0.00361	0.00859	0.00857	0.01145	0.01848	0.03822	0.02127	0.79354	0.02961	0.00566	0.00570	0.00850	0.00358	0.00362
32	0.00727	0.00520	0.00688	0.00822	0.00857	0.00483	0.00548	0.00823	0.01124	0.01501	0.03217	0.78990	0.03854	0.01830	0.00749	0.00239	0.00344	0.01656	0.00545	0.00482
33	0.01116	0.01046	0.01754	0.77962	0.04010	0.01301	0.01620	0.01498	0.01174	0.01502	0.01051	0.01574	0.00792	0.00593	0.00589	0.00197	0.00780	0.00522	0.00265	0.00655
34	0.02225	0.01639	0.01755	0.01349	0.01815	0.01811	0.01112	0.73806	0.02741	0.03675	0.01413	0.01420	0.01005	0.00709	0.00589	0.00178	0.00645	0.00529	0.00587	0.00997
35	0.00752	0.00547	0.00705	0.00786	0.00858	0.00503	0.00542	0.00892	0.01265	0.01703	0.20112	0.55651	0.10199	0.01655	0.00732	0.00224	0.00326	0.01482	0.00568	0.00501
36	0.01389	0.01579	0.03437	0.02459	0.03047	0.01479	0.73627	0.01874	0.01383	0.01878	0.01194	0.01592	0.00899	0.00502	0.00693	0.00199	0.00985	0.00691	0.00300	0.00793
37	0.01223	0.01046	0.01218	0.00873	0.01390	0.00785	0.00697	0.01476	0.01217	0.01910	0.01051	0.01230	0.00878	0.00443	0.00438	0.00090	0.00437	0.00351	0.00350	0.82897
38	0.01184	0.03015	0.76352	0.01667	0.02526	0.01359	0.02152	0.01852	0.01238	0.01857	0.01061	0.01252	0.00754	0.00564	0.00560	0.00187	0.00864	0.00435	0.00252	0.00868
39	0.00841	0.00608	0.00790	0.00744	0.00883	0.00560	0.00557	0.01110	0.01656	0.02346	0.75438	0.04359	0.05491	0.01199	0.00693	0.00186	0.00281	0.01056	0.00645	0.00558
40	0.02187	0.02779	0.01659	0.01508	0.01809	0.77026	0.01130	0.02332	0.01657	0.01440	0.00917	0.01073	0.00766	0.00611	0.00532	0.00153	0.01053	0.00380	0.00306	0.00683
41	0.01571	0.79705	0.03054	0.01007	0.01505	0.02307	0.01002	0.01752	0.01192	0.01385	0.00827	0.00958	0.00763	0.00509	0.00381	0.00128	0.00627	0.00317	0.00255	0.00755
42	0.00727	0.00520	0.00688	0.00822	0.00857	0.00483	0.00548	0.00823	0.01124	0.01501	0.03217	0.78990	0.03854	0.01830	0.00749	0.00239	0.00344	0.01656	0.00545	0.00482
43	0.00864	0.00577	0.00648	0.00647	0.00649	0.00575	0.00361	0.00859	0.00857	0.01145	0.01848	0.03822	0.02127	0.79354	0.02961	0.00566	0.00570	0.00850	0.00358	0.00362
44	0.00831	0.00607	0.00775	0.00733	0.00876	0.00555	0.00548	0.01090	0.01630	0.02286	0.69941	0.04458	0.11026	0.01221	0.00693	0.00187	0.00282	0.01070	0.00637	0.00553
45	0.00733	0.00522	0.00686	0.00814	0.00848	0.00487	0.00540	0.00825	0.01113	0.01485	0.03156	0.75661	0.03778	0.05264	0.00847	0.00254	0.00354	0.01620	0.00537	0.00477
46	0.02225	0.01639	0.01755	0.01349	0.01815	0.01811	0.01112	0.73806	0.02741	0.03675	0.01413	0.01420	0.01005	0.00709	0.00589	0.00178	0.00645	0.00529	0.00587	0.00997
47	0.00727	0.00520	0.00688	0.00822	0.00857	0.00483	0.00548	0.00823	0.01124	0.01501	0.03217	0.78990	0.03854	0.01830	0.00749	0.00239	0.00344	0.01656	0.00545	0.00482
48	0.00834	0.00602	0.00784	0.00749	0.00881	0.00555	0.00556	0.01091	0.01620	0.02290	0.70637	0.09321	0.05382	0.01241	0.00697	0.00190	0.00285	0.01096	0.00639	0.00553
49	0.00750	0.00536	0.00714	0.00848	0.00893	0.00503	0.00588	0.00863	0.01147	0.01527	0.03204	0.71728	0.03804	0.01808	0.00755	0.00242	0.00364	0.08692	0.00545	0.00488
50	0.00823	0.00607	0.00765	0.00725	0.00871	0.00552	0.00542	0.01075	0.01612	0.02243	0.66016	0.04529	0.14977	0.01237	0.00693	0.00188	0.00284	0.01079	0.00632	0.00550
51	0.02187	0.02779	0.01659	0.01508	0.01809	0.77026	0.01130	0.02332	0.01657	0.01440	0.00917	0.01073	0.00766	0.00611	0.00532	0.00153	0.01053	0.00380	0.00306	0.00683
52	0.00727	0.00520	0.00688	0.00822	0.00857	0.00483	0.00548	0.00823	0.01124	0.01501	0.03217	0.78990	0.03854	0.01830	0.00749	0.00239	0.00344	0.01656	0.00545	0.00482
53	0.00909	0.00650	0.00897	0.01030	0.01145	0.00640	0.00864	0.01138	0.01304	0.01705	0.03116	0.21196	0.03457	0.01659	0.00798	0.00264	0.00501	0.57655	0.00542	0.00532
54	0.02596	0.01044	0.01387	0.01066	0.01518	0.00928	0.00878	0.07560	0.01745	0.71328	0.02249	0.01963	0.01425	0.00730	0.00592	0.00183	0.00510	0.00586	0.00715	0.00998
55	0.01010	0.00505	0.00758	0.00758	0.00758	0.00505	0.00505	0.00758	0.00758	0.01010	0.01010	0.01768	0.01010	0.02020	0.02273	0.83081	0.00505	0.00505	0.00253	0.00253
56	0.00937	0.00669	0.00937	0.01071	0.01205	0.00669	0.00937	0.01205	0.01339	0.01740	0.03079	0.06560	0.03347	0.01606	0.00803	0.00268	0.00535	0.72021	0.00535	0.00535
57	0.01529	0.74814	0.07920	0.01039	0.01560	0.02238	0.01072	0.01748	0.01185	0.01400	0.00824	0.00952	0.00746	0.00501	0.00385	0.00128	0.00638	0.00319	0.00249	0.00754
58	0.00715	0.00509	0.00673	0.00802	0.00834	0.00476	0.00531	0.00811	0.01101	0.01468	0.03143	0.75782	0.03768	0.05330	0.00842	0.00251	0.00348	0.01617	0.00531	0.00467
59	0.00846	0.00564	0.00634	0.00634	0.00634	0.00564	0.00352	0.00846	0.00846	0.01128	0.01832	0.03805	0.02114	0.79563	0.02960	0.00564	0.00564	0.00846	0.00352	0.00352
60	0.00687	0.00589	0.00589	0.00589	0.00785	0.00491	0.00442	0.00835	0.01325	0.01571	0.05891	0.05596	0.75700	0.01473	0.00687	0.00196	0.00295	0.01227	0.00540	0.00491
61	0.01446	0.01249	0.01315	0.01183	0.01512	0.01446	0.00920	0.03090	0.74885	0.02433	0.02367	0.02170	0.01775	0.00789	0.00592	0.00197	0.00460	0.00657	0.00592	0.00920
62	0.01373	0.01569	0.03431	0.02451	0.03039	0.01471	0.73824	0.01863	0.01373	0.01863	0.01176	0.01569	0.00882	0.00490	0.00686	0.00196	0.00980	0.00686	0.00294	0.00784

[dist]
# distance from previous block
# <min> <max>
0	352

# created by:
# /software/SequenceAnalysis/GenePrediction/augustus/3.0.1/scripts/msa2prfl.pl ./fixed/BUSCOvEOG7DFR20.fas
