[name]
unknown

[dist]
# distance from previous block
# <min> <max>
0	118

[block]
# block no. 0 follows, 41 sequences, length 19
# corresponding to MSA columns:
# 122-140
name=unknown_A
#
# <colnr> <probs for GDERKNQSTAVLIFYWHMCP>
#	G	D	E	R	K	N	Q	S	T	A	V	L	I	F	Y	W	H	M	C	P
0	0.01495	0.01432	0.02459	0.03438	0.68877	0.01411	0.08157	0.01819	0.01360	0.01944	0.01171	0.01547	0.00986	0.00567	0.00613	0.00188	0.00732	0.00552	0.00315	0.00936
1	0.01373	0.01316	0.02245	0.12955	0.67216	0.01348	0.01734	0.01718	0.01282	0.01817	0.01068	0.01429	0.00888	0.00517	0.00567	0.00172	0.00690	0.00509	0.00279	0.00872
2	0.01199	0.01174	0.01651	0.01431	0.01444	0.01627	0.01187	0.01334	0.00881	0.01371	0.00845	0.01372	0.00833	0.01398	0.11023	0.00331	0.69516	0.00514	0.00257	0.00612
3	0.83938	0.01106	0.00841	0.00752	0.01106	0.01283	0.00619	0.01681	0.00973	0.02566	0.00796	0.00929	0.00619	0.00531	0.00354	0.00177	0.00442	0.00310	0.00354	0.00619
4	0.00706	0.00504	0.00674	0.00807	0.00844	0.00472	0.00546	0.00812	0.01104	0.01470	0.03148	0.76621	0.03764	0.01784	0.00732	0.00234	0.00340	0.04442	0.00531	0.00467
5	0.01263	0.01219	0.02121	0.36681	0.39494	0.01326	0.06384	0.01630	0.01235	0.01686	0.01055	0.01472	0.00840	0.00535	0.00576	0.00181	0.00735	0.00520	0.00271	0.00777
6	0.00735	0.00535	0.00692	0.00751	0.00834	0.00493	0.00526	0.00898	0.01297	0.01761	0.29022	0.46859	0.10390	0.01544	0.00706	0.00211	0.00307	0.01383	0.00566	0.00493
7	0.01073	0.00996	0.01406	0.01267	0.01296	0.01329	0.01026	0.01214	0.00914	0.01375	0.01249	0.11356	0.01303	0.01927	0.20758	0.00416	0.49548	0.00670	0.00300	0.00577
8	0.00818	0.00621	0.00824	0.05117	0.01110	0.00577	0.00649	0.00971	0.01127	0.01535	0.02672	0.53215	0.03086	0.04061	0.00756	0.00223	0.00398	0.09457	0.00482	0.12301
9	0.01113	0.01080	0.01916	0.69334	0.03825	0.01292	0.10362	0.01506	0.01169	0.01506	0.01034	0.01527	0.00775	0.00561	0.00584	0.00191	0.00787	0.00528	0.00258	0.00652
10	0.01929	0.24635	0.04761	0.01339	0.01709	0.53530	0.01106	0.02105	0.01476	0.01400	0.00864	0.01006	0.00736	0.00559	0.00475	0.00142	0.00906	0.00353	0.00279	0.00690
11	0.01173	0.01017	0.01250	0.10225	0.01668	0.00824	0.00788	0.01443	0.01181	0.01815	0.01017	0.01227	0.00837	0.00442	0.00442	0.00098	0.00465	0.00359	0.00329	0.73403
12	0.01139	0.00964	0.01318	0.01179	0.01287	0.01219	0.00955	0.10012	0.01117	0.01620	0.01229	0.01780	0.01128	0.02661	0.40838	0.00586	0.29480	0.00560	0.00318	0.00608
13	0.02219	0.01531	0.01673	0.01282	0.01738	0.01669	0.01059	0.66353	0.02571	0.11842	0.01473	0.01438	0.01023	0.00689	0.00573	0.00172	0.00613	0.00522	0.00587	0.00973
14	0.00832	0.00555	0.00624	0.00624	0.00624	0.00555	0.00347	0.00832	0.00832	0.01109	0.01802	0.03743	0.02080	0.79898	0.02911	0.00555	0.00555	0.00832	0.00347	0.00347
15	0.01484	0.01259	0.01328	0.01176	0.01511	0.01451	0.00920	0.08834	0.69403	0.02491	0.02251	0.02072	0.01683	0.00769	0.00581	0.00192	0.00467	0.00636	0.00581	0.00911
16	0.01186	0.01017	0.01186	0.00847	0.01356	0.00762	0.00678	0.01440	0.01186	0.01864	0.01017	0.01186	0.00847	0.00424	0.00424	0.00085	0.00424	0.00339	0.00339	0.83395
17	0.00869	0.00630	0.00855	0.00974	0.01099	0.00617	0.00824	0.01100	0.01288	0.01664	0.03318	0.15558	0.10560	0.01594	0.00771	0.00252	0.00479	0.56505	0.00528	0.00515
18	0.00781	0.00588	0.00800	0.00844	0.00948	0.00527	0.02488	0.00900	0.01103	0.01506	0.02783	0.65878	0.03275	0.01598	0.00733	0.02497	0.00364	0.01415	0.00494	0.10479

[dist]
# distance from previous block
# <min> <max>
2	5

[block]
# block no. 1 follows, 41 sequences, length 6
# corresponding to MSA columns:
# 146-151
name=unknown_B
#
# <colnr> <probs for GDERKNQSTAVLIFYWHMCP>
#	G	D	E	R	K	N	Q	S	T	A	V	L	I	F	Y	W	H	M	C	P
0	0.38983	0.01571	0.06243	0.06319	0.01664	0.11181	0.00979	0.22631	0.01576	0.02591	0.01003	0.01128	0.00752	0.00587	0.00464	0.00173	0.00619	0.00397	0.00395	0.00742
1	0.01534	0.01345	0.02092	0.12457	0.41065	0.03943	0.06284	0.06761	0.03898	0.08415	0.01213	0.01483	0.00947	0.00587	0.00653	0.00180	0.05424	0.00526	0.00345	0.00848
2	0.05451	0.00874	0.05506	0.00830	0.01118	0.00694	0.00691	0.01344	0.01441	0.07520	0.42230	0.06750	0.03501	0.00932	0.00590	0.00161	0.00366	0.00803	0.00529	0.18669
3	0.01186	0.01017	0.01186	0.00847	0.01356	0.00762	0.00678	0.01440	0.01186	0.01864	0.01017	0.01186	0.00847	0.00424	0.00424	0.00085	0.00424	0.00339	0.00339	0.83395
4	0.01080	0.01017	0.01716	0.78523	0.03940	0.01271	0.01589	0.01461	0.01144	0.01461	0.01017	0.01525	0.00762	0.00572	0.00572	0.00191	0.00762	0.00508	0.00254	0.00635
5	0.02040	0.01473	0.01573	0.01221	0.01640	0.01624	0.01004	0.65574	0.02509	0.03427	0.01433	0.01465	0.01032	0.00684	0.00551	0.00167	0.00585	0.00517	0.10560	0.00920

[dist]
# distance from previous block
# <min> <max>
6	7

[block]
# block no. 2 follows, 41 sequences, length 15
# corresponding to MSA columns:
# 159-173
name=unknown_C
#
# <colnr> <probs for GDERKNQSTAVLIFYWHMCP>
#	G	D	E	R	K	N	Q	S	T	A	V	L	I	F	Y	W	H	M	C	P
0	0.02217	0.01000	0.03345	0.01009	0.01414	0.00862	0.00843	0.02566	0.07403	0.59494	0.11472	0.02233	0.01922	0.00767	0.00587	0.00179	0.00467	0.00634	0.00675	0.00910
1	0.01252	0.02512	0.55271	0.01671	0.05865	0.05484	0.05696	0.01846	0.03632	0.03988	0.01251	0.04252	0.00993	0.00634	0.00567	0.00184	0.00801	0.02990	0.00294	0.00815
2	0.02040	0.02522	0.01576	0.01431	0.01730	0.67243	0.01078	0.02387	0.11640	0.01535	0.01080	0.01181	0.00874	0.00615	0.00525	0.00154	0.00953	0.00406	0.00334	0.00696
3	0.01278	0.01406	0.02958	0.14166	0.05061	0.01369	0.57420	0.01723	0.01304	0.01758	0.01229	0.05302	0.00993	0.00560	0.00659	0.00194	0.00895	0.00691	0.00295	0.00739
4	0.01362	0.01423	0.04695	0.17226	0.43959	0.07292	0.06842	0.01711	0.01299	0.01740	0.01184	0.01744	0.01016	0.00598	0.00585	0.00180	0.00739	0.05312	0.00294	0.00799
5	0.01295	0.01855	0.20562	0.02163	0.02764	0.01440	0.52137	0.01795	0.01283	0.01795	0.01098	0.01443	0.00826	0.00533	0.00729	0.00194	0.06429	0.00603	0.00275	0.00779
6	0.00676	0.00579	0.00579	0.00579	0.00773	0.00483	0.00435	0.00821	0.01304	0.01545	0.05794	0.05505	0.76098	0.01449	0.00676	0.00193	0.00290	0.01207	0.00531	0.00483
7	0.35456	0.01101	0.01176	0.00945	0.01354	0.01130	0.00780	0.10787	0.01493	0.38087	0.01561	0.01467	0.01041	0.00634	0.00485	0.00176	0.00486	0.00461	0.00549	0.00830
8	0.01330	0.01405	0.02759	0.06096	0.19755	0.01326	0.44159	0.01744	0.01307	0.01827	0.01113	0.01465	0.00869	0.00485	0.00611	0.00173	0.00816	0.00584	0.00293	0.11884
9	0.00829	0.00559	0.00643	0.00637	0.00655	0.00553	0.00373	0.00865	0.00937	0.01268	0.11763	0.03814	0.02525	0.69333	0.02611	0.00504	0.00516	0.00859	0.00385	0.00373
10	0.02174	0.01602	0.01717	0.01316	0.01774	0.01774	0.01087	0.74423	0.02689	0.03605	0.01373	0.01373	0.00973	0.00687	0.00572	0.00172	0.00629	0.00515	0.00572	0.00973
11	0.01255	0.01379	0.08318	0.27501	0.09487	0.01270	0.27513	0.01669	0.01253	0.03790	0.01151	0.03067	0.00898	0.00547	0.00595	0.00179	0.00786	0.00570	0.00294	0.08476
12	0.01385	0.01326	0.02279	0.21384	0.53210	0.01372	0.06843	0.01727	0.01302	0.01819	0.01124	0.01528	0.00922	0.00561	0.00599	0.00187	0.00737	0.00539	0.00296	0.00859
13	0.01626	0.67620	0.02890	0.11496	0.01915	0.02188	0.01125	0.01786	0.01264	0.01523	0.00998	0.01238	0.00899	0.00613	0.00470	0.00163	0.00685	0.00391	0.00305	0.00804
14	0.02542	0.01124	0.01432	0.01148	0.01579	0.01015	0.00918	0.02900	0.11614	0.64908	0.02400	0.02183	0.01603	0.00824	0.00646	0.00210	0.00539	0.00636	0.00738	0.01041

[dist]
# distance from previous block
# <min> <max>
0	1

[block]
# block no. 3 follows, 41 sequences, length 25
# corresponding to MSA columns:
# 175-199
name=unknown_D
#
# <colnr> <probs for GDERKNQSTAVLIFYWHMCP>
#	G	D	E	R	K	N	Q	S	T	A	V	L	I	F	Y	W	H	M	C	P
0	0.01485	0.01600	0.06744	0.04170	0.20700	0.01440	0.44232	0.01865	0.01426	0.01976	0.01431	0.02079	0.01206	0.00690	0.00717	0.00223	0.00899	0.05885	0.00361	0.00872
1	0.02314	0.00918	0.01247	0.00975	0.01373	0.00797	0.00797	0.02542	0.01635	0.66043	0.12845	0.02281	0.01987	0.00774	0.00589	0.00177	0.00456	0.00641	0.00697	0.00911
2	0.00827	0.00575	0.00726	0.00726	0.00761	0.00610	0.00473	0.00897	0.00862	0.01184	0.01709	0.03228	0.01856	0.53878	0.28626	0.00680	0.00891	0.00756	0.00333	0.00403
3	0.07305	0.01020	0.01172	0.00854	0.01346	0.00806	0.00686	0.01562	0.01206	0.07723	0.01097	0.01226	0.00875	0.00453	0.00430	0.00099	0.00430	0.00355	0.00369	0.70987
4	0.01369	0.12381	0.14296	0.20244	0.33321	0.01431	0.01620	0.01743	0.01248	0.05539	0.01076	0.01366	0.00846	0.00537	0.00537	0.00170	0.00706	0.00471	0.00286	0.00813
5	0.00821	0.00597	0.00841	0.00841	0.00916	0.00672	0.00617	0.00971	0.00896	0.01270	0.01604	0.02643	0.01602	0.24322	0.57835	0.00823	0.01273	0.00671	0.00317	0.00467
6	0.01216	0.02590	0.56854	0.01487	0.02158	0.10673	0.01766	0.01750	0.01285	0.01778	0.07196	0.06143	0.01287	0.00675	0.00562	0.00180	0.00791	0.00538	0.00297	0.00775
7	0.01859	0.01565	0.22795	0.05924	0.03732	0.01072	0.01273	0.04045	0.07209	0.37684	0.03958	0.01872	0.01343	0.00687	0.00574	0.00182	0.00605	0.02217	0.00518	0.00887
8	0.00852	0.00618	0.00779	0.00769	0.00792	0.00677	0.00510	0.00912	0.00874	0.01203	0.01767	0.09114	0.01971	0.51949	0.17992	0.00580	0.07063	0.00822	0.00345	0.00412
9	0.00856	0.00611	0.00846	0.00978	0.01081	0.00602	0.00808	0.01071	0.01252	0.01638	0.03065	0.27806	0.03435	0.01642	0.00773	0.00254	0.00470	0.51774	0.00528	0.00509
10	0.04027	0.16402	0.16414	0.01558	0.07969	0.24918	0.01338	0.05720	0.01354	0.01656	0.00914	0.01126	0.00759	0.00623	0.00708	0.00169	0.12914	0.00406	0.00284	0.00741
11	0.01234	0.01133	0.01858	0.47537	0.15357	0.01297	0.07125	0.05491	0.05729	0.01761	0.01178	0.01568	0.00901	0.00578	0.00571	0.00184	0.00713	0.00531	0.04534	0.00719
12	0.00709	0.00507	0.00676	0.00799	0.00841	0.00474	0.00542	0.00822	0.01129	0.01511	0.07009	0.73555	0.03855	0.01753	0.00729	0.00230	0.00334	0.03519	0.00536	0.00470
13	0.02173	0.00902	0.01208	0.00958	0.01336	0.00796	0.00779	0.02443	0.03823	0.59434	0.15262	0.02456	0.04160	0.00811	0.00596	0.00178	0.00442	0.00675	0.00686	0.00882
14	0.05555	0.04145	0.01158	0.02612	0.01270	0.01082	0.00770	0.24048	0.07352	0.02294	0.02196	0.35671	0.02261	0.01158	0.00612	0.00196	0.00456	0.00994	0.05485	0.00684
15	0.02566	0.00973	0.01327	0.01018	0.01460	0.00841	0.00841	0.02788	0.01637	0.76726	0.02257	0.01947	0.01416	0.00708	0.00575	0.00177	0.00487	0.00575	0.00708	0.00973
16	0.00824	0.00608	0.00648	0.00622	0.00829	0.00513	0.00472	0.00984	0.01352	0.07065	0.10986	0.05151	0.65188	0.01373	0.00669	0.00191	0.00302	0.01148	0.00552	0.00523
17	0.02907	0.42801	0.12212	0.01284	0.01713	0.05272	0.06495	0.01680	0.01139	0.01471	0.00862	0.01098	0.00758	0.00679	0.02334	0.00179	0.15748	0.00395	0.00254	0.00720
18	0.01186	0.01017	0.01186	0.00847	0.01356	0.00762	0.00678	0.01440	0.01186	0.01864	0.01017	0.01186	0.00847	0.00424	0.00424	0.00085	0.00424	0.00339	0.00339	0.83395
19	0.00697	0.00498	0.00664	0.00796	0.00830	0.00465	0.00531	0.00796	0.01095	0.01460	0.03153	0.79525	0.03783	0.01792	0.00730	0.00232	0.00332	0.01626	0.00531	0.00465
20	0.00697	0.00498	0.00664	0.00796	0.00830	0.00465	0.00531	0.00796	0.01095	0.01460	0.03153	0.79525	0.03783	0.01792	0.00730	0.00232	0.00332	0.01626	0.00531	0.00465
21	0.01492	0.76025	0.02887	0.00976	0.01444	0.02181	0.00965	0.01676	0.01149	0.01345	0.00834	0.00988	0.00771	0.00691	0.04459	0.00165	0.00660	0.00322	0.00248	0.00722
22	0.02258	0.01042	0.01322	0.01046	0.01453	0.00987	0.00853	0.09535	0.11603	0.54819	0.07118	0.02073	0.01684	0.00746	0.00582	0.00179	0.00481	0.00610	0.00673	0.00935
23	0.01910	0.00998	0.01253	0.00943	0.01395	0.00838	0.00768	0.05602	0.01497	0.39460	0.03915	0.01693	0.01290	0.00607	0.00514	0.00139	0.00456	0.00491	0.02682	0.33549
24	0.01186	0.01017	0.01186	0.00847	0.01356	0.00762	0.00678	0.01440	0.01186	0.01864	0.01017	0.01186	0.00847	0.00424	0.00424	0.00085	0.00424	0.00339	0.00339	0.83395

[dist]
# distance from previous block
# <min> <max>
0	1

[block]
# block no. 4 follows, 41 sequences, length 9
# corresponding to MSA columns:
# 201-209
name=unknown_E
#
# <colnr> <probs for GDERKNQSTAVLIFYWHMCP>
#	G	D	E	R	K	N	Q	S	T	A	V	L	I	F	Y	W	H	M	C	P
0	0.01529	0.80242	0.02997	0.00979	0.01468	0.02263	0.00979	0.01713	0.01162	0.01346	0.00795	0.00918	0.00734	0.00489	0.00367	0.00122	0.00612	0.00306	0.00245	0.00734
1	0.00967	0.00745	0.00874	0.00871	0.01063	0.00740	0.00681	0.01462	0.16972	0.03718	0.12533	0.15332	0.21769	0.01302	0.00678	0.00209	0.00387	0.16182	0.00552	0.02964
2	0.01840	0.01433	0.15542	0.05861	0.07910	0.01076	0.01196	0.03866	0.07828	0.33341	0.03604	0.01935	0.03994	0.00709	0.00586	0.00183	0.00588	0.00574	0.00524	0.07410
3	0.23419	0.00985	0.01169	0.00932	0.01334	0.00937	0.00766	0.02403	0.01465	0.53300	0.06171	0.01820	0.01442	0.00689	0.00524	0.00177	0.00463	0.00534	0.00612	0.00857
4	0.00770	0.00544	0.00643	0.00677	0.00724	0.00518	0.00429	0.00843	0.01043	0.01378	0.09600	0.25870	0.12660	0.39718	0.01780	0.00379	0.00429	0.01129	0.00450	0.00417
5	0.03758	0.01328	0.02284	0.04594	0.02243	0.01355	0.36339	0.11795	0.13077	0.02114	0.01742	0.08156	0.05041	0.00730	0.00668	0.00194	0.02677	0.00732	0.00405	0.00767
6	0.01445	0.01413	0.08184	0.24219	0.02652	0.01429	0.17674	0.14116	0.01450	0.06319	0.01164	0.01476	0.00872	0.00643	0.00781	0.00194	0.12292	0.00543	0.02377	0.00756
7	0.71117	0.03684	0.01068	0.00863	0.01228	0.01315	0.04344	0.04387	0.01086	0.02519	0.03512	0.01095	0.00819	0.00556	0.00390	0.00176	0.00475	0.00361	0.00365	0.00641
8	0.02004	0.01505	0.01656	0.05281	0.01839	0.01632	0.01066	0.62280	0.02437	0.03294	0.01314	0.01360	0.00947	0.00651	0.00555	0.00163	0.00613	0.00494	0.00529	0.10380

[dist]
# distance from previous block
# <min> <max>
7	10

[block]
# block no. 5 follows, 41 sequences, length 10
# corresponding to MSA columns:
# 220-229
name=unknown_F
#
# <colnr> <probs for GDERKNQSTAVLIFYWHMCP>
#	G	D	E	R	K	N	Q	S	T	A	V	L	I	F	Y	W	H	M	C	P
0	0.00710	0.00507	0.00673	0.00805	0.00839	0.00472	0.00536	0.00806	0.01103	0.01471	0.03160	0.79393	0.03789	0.01798	0.00735	0.00234	0.00336	0.01628	0.00535	0.00471
1	0.01260	0.01097	0.01804	0.16827	0.36397	0.01142	0.03421	0.01594	0.03114	0.03608	0.01585	0.02659	0.01475	0.00848	0.00697	0.03643	0.00653	0.17076	0.00355	0.00744
2	0.01224	0.01048	0.01206	0.00890	0.01378	0.00841	0.00708	0.01622	0.09235	0.01932	0.01171	0.01305	0.00956	0.00470	0.00446	0.00099	0.00431	0.00376	0.00369	0.74293
3	0.00723	0.00521	0.00667	0.00773	0.00820	0.00483	0.00516	0.00821	0.01118	0.01483	0.06088	0.65222	0.09065	0.07699	0.00895	0.00254	0.00348	0.01513	0.00524	0.00466
4	0.00886	0.00565	0.00726	0.00775	0.00864	0.00519	0.00535	0.00990	0.01185	0.07253	0.10798	0.48140	0.11361	0.07393	0.00947	0.04345	0.00362	0.01326	0.00531	0.00500
5	0.01350	0.01397	0.02640	0.10069	0.31011	0.01435	0.31436	0.01725	0.01268	0.01772	0.01080	0.01477	0.00871	0.00566	0.00759	0.00192	0.09290	0.00580	0.00283	0.00800
6	0.02153	0.00920	0.01187	0.00959	0.01322	0.00839	0.00773	0.05202	0.05086	0.54064	0.02249	0.07885	0.01612	0.00795	0.00568	0.00178	0.00452	0.00654	0.12225	0.00875
7	0.83793	0.01114	0.00849	0.00761	0.01115	0.01289	0.00625	0.01689	0.00981	0.02576	0.00809	0.00946	0.00631	0.00539	0.00359	0.00179	0.00447	0.00314	0.00358	0.00626
8	0.00953	0.00794	0.01083	0.26604	0.01896	0.03818	0.00911	0.01138	0.01095	0.01439	0.01969	0.28681	0.02122	0.11053	0.01018	0.03477	0.02624	0.04350	0.04460	0.00516
9	0.01075	0.00902	0.01238	0.01571	0.23732	0.00873	0.00917	0.01458	0.09668	0.04919	0.10370	0.06529	0.32383	0.01045	0.00630	0.00186	0.00434	0.00907	0.00479	0.00683

[dist]
# distance from previous block
# <min> <max>
0	1

[block]
# block no. 6 follows, 41 sequences, length 20
# corresponding to MSA columns:
# 231-250
name=unknown_G
#
# <colnr> <probs for GDERKNQSTAVLIFYWHMCP>
#	G	D	E	R	K	N	Q	S	T	A	V	L	I	F	Y	W	H	M	C	P
0	0.00695	0.00504	0.00657	0.00779	0.00825	0.00466	0.00523	0.00798	0.01112	0.01467	0.03362	0.73667	0.09506	0.01765	0.00726	0.00229	0.00329	0.01593	0.00531	0.00466
1	0.74174	0.01123	0.00948	0.00841	0.01153	0.01339	0.00694	0.01645	0.00962	0.02426	0.00791	0.00967	0.00635	0.00586	0.00534	0.00186	0.09701	0.00332	0.00342	0.00620
2	0.07154	0.01176	0.01525	0.07366	0.10686	0.01181	0.01043	0.19843	0.01761	0.35762	0.03419	0.01682	0.01226	0.00661	0.00558	0.00173	0.00556	0.00536	0.00555	0.03136
3	0.01597	0.03819	0.02755	0.05122	0.02603	0.16580	0.46288	0.10476	0.01549	0.01928	0.01114	0.01405	0.00847	0.00531	0.00619	0.00179	0.00921	0.00579	0.00321	0.00767
4	0.00704	0.00516	0.00646	0.00745	0.00804	0.00475	0.00500	0.00803	0.01110	0.01447	0.03500	0.60807	0.16076	0.07914	0.00893	0.00251	0.00342	0.01491	0.00516	0.00458
5	0.01186	0.01017	0.01186	0.00847	0.01356	0.00762	0.00678	0.01440	0.01186	0.01864	0.01017	0.01186	0.00847	0.00424	0.00424	0.00085	0.00424	0.00339	0.00339	0.83395
6	0.01470	0.13634	0.03948	0.09708	0.08289	0.01472	0.32117	0.01819	0.01284	0.10520	0.01230	0.03562	0.00971	0.00598	0.00688	0.00183	0.06824	0.00583	0.00330	0.00768
7	0.10636	0.00658	0.00841	0.00831	0.00939	0.00745	0.00618	0.01055	0.00905	0.01423	0.01508	0.02440	0.01486	0.21473	0.51086	0.00747	0.01176	0.00628	0.00321	0.00485
8	0.00815	0.00630	0.00906	0.00898	0.01008	0.00721	0.00699	0.01009	0.00963	0.01355	0.02010	0.02599	0.10225	0.03848	0.66085	0.00812	0.03896	0.00679	0.00331	0.00511
9	0.01255	0.02237	0.40434	0.02146	0.11390	0.01376	0.29226	0.01813	0.01272	0.01826	0.01082	0.01358	0.00800	0.00516	0.00596	0.00184	0.00871	0.00528	0.00264	0.00825
10	0.00785	0.00577	0.00731	0.00706	0.00837	0.00527	0.00522	0.01020	0.01521	0.02109	0.60058	0.10282	0.13670	0.03220	0.00735	0.00195	0.00284	0.01096	0.00603	0.00522
11	0.00705	0.00515	0.00659	0.00761	0.00819	0.00474	0.00516	0.00819	0.01149	0.01518	0.08384	0.63681	0.12554	0.03594	0.00772	0.00232	0.00328	0.01516	0.00533	0.00469
12	0.01400	0.01205	0.01274	0.01147	0.01464	0.01390	0.00892	0.02966	0.72533	0.02389	0.05093	0.02214	0.01883	0.00791	0.00585	0.00193	0.00446	0.00661	0.00584	0.00892
13	0.05078	0.01008	0.01308	0.01026	0.01452	0.00924	0.00841	0.02781	0.10314	0.65536	0.02218	0.01936	0.01429	0.00710	0.00569	0.00179	0.00481	0.00575	0.00682	0.00954
14	0.01186	0.01017	0.01186	0.00847	0.01356	0.00762	0.00678	0.01440	0.01186	0.01864	0.01017	0.01186	0.00847	0.00424	0.00424	0.00085	0.00424	0.00339	0.00339	0.83395
15	0.00938	0.00654	0.00705	0.00661	0.00888	0.00567	0.00507	0.01158	0.04489	0.10571	0.07692	0.04894	0.61562	0.01322	0.00660	0.00191	0.00319	0.01102	0.00558	0.00561
16	0.01462	0.01078	0.01199	0.01078	0.01374	0.01185	0.00864	0.11424	0.39286	0.08028	0.04908	0.02835	0.03372	0.00903	0.00603	0.00195	0.00465	0.11822	0.07110	0.00810
17	0.01416	0.01359	0.02322	0.03511	0.76330	0.01359	0.01755	0.01755	0.01302	0.01869	0.01076	0.01416	0.00906	0.00510	0.00566	0.00170	0.00680	0.00510	0.00283	0.00906
18	0.00845	0.06889	0.00912	0.00723	0.00896	0.00669	0.00565	0.01085	0.01518	0.02069	0.55524	0.04285	0.17786	0.01176	0.00653	0.00180	0.00307	0.02794	0.00579	0.00544
19	0.00697	0.00498	0.00664	0.00796	0.00830	0.00465	0.00531	0.00796	0.01095	0.01460	0.03153	0.79525	0.03783	0.01792	0.00730	0.00232	0.00332	0.01626	0.00531	0.00465

[dist]
# distance from previous block
# <min> <max>
0	1

[block]
# block no. 7 follows, 41 sequences, length 22
# corresponding to MSA columns:
# 252-273
name=unknown_H
#
# <colnr> <probs for GDERKNQSTAVLIFYWHMCP>
#	G	D	E	R	K	N	Q	S	T	A	V	L	I	F	Y	W	H	M	C	P
0	0.01300	0.03134	0.02989	0.12097	0.02933	0.01438	0.57153	0.01730	0.01279	0.01729	0.01123	0.01564	0.00874	0.02483	0.00781	0.00203	0.05534	0.00639	0.00283	0.00734
1	0.01045	0.01303	0.25291	0.03174	0.01390	0.00786	0.01047	0.01108	0.00905	0.01270	0.01005	0.01562	0.00901	0.01483	0.01645	0.54298	0.00616	0.00473	0.00246	0.00451
2	0.01252	0.01253	0.00945	0.00897	0.00992	0.25350	0.00591	0.01299	0.01086	0.01203	0.01507	0.02870	0.01647	0.54375	0.02140	0.00423	0.00708	0.00683	0.00330	0.00448
3	0.01183	0.06939	0.48151	0.01339	0.02055	0.01202	0.01584	0.01686	0.01198	0.01801	0.01010	0.01183	0.00765	0.00502	0.00494	0.00147	0.00696	0.00389	0.00273	0.27405
4	0.28488	0.01443	0.01435	0.01135	0.01559	0.01616	0.00937	0.51013	0.02137	0.03271	0.01188	0.01230	0.00859	0.00637	0.00502	0.00173	0.00569	0.00449	0.00502	0.00859
5	0.01147	0.02959	0.76934	0.01630	0.02476	0.01328	0.02113	0.01811	0.01208	0.01811	0.01026	0.01208	0.00725	0.00543	0.00543	0.00181	0.00845	0.00423	0.00242	0.00845
6	0.01022	0.00876	0.00991	0.00761	0.01168	0.00673	0.00600	0.01241	0.01224	0.01761	0.02554	0.02576	0.25064	0.00753	0.00505	0.00120	0.00381	0.00618	0.00401	0.56712
7	0.00697	0.00498	0.00664	0.00796	0.00830	0.00465	0.00531	0.00796	0.01095	0.01460	0.03153	0.79525	0.03783	0.01792	0.00730	0.00232	0.00332	0.01626	0.00531	0.00465
8	0.01164	0.01058	0.01746	0.08387	0.43130	0.01106	0.01349	0.01455	0.01167	0.01649	0.01426	0.01872	0.04376	0.01772	0.25372	0.00414	0.00943	0.00573	0.00299	0.00739
9	0.02008	0.00839	0.01101	0.00891	0.01191	0.00749	0.00682	0.02158	0.01378	0.52391	0.02110	0.02525	0.01629	0.26193	0.01327	0.00298	0.00509	0.00658	0.00592	0.00772
10	0.01665	0.01349	0.01430	0.01213	0.01580	0.01536	0.00964	0.26012	0.51930	0.02783	0.02021	0.01889	0.01497	0.00747	0.00579	0.00187	0.00510	0.00604	0.00579	0.00927
11	0.00697	0.00498	0.00664	0.00796	0.00830	0.00465	0.00531	0.00796	0.01095	0.01460	0.03153	0.79525	0.03783	0.01792	0.00730	0.00232	0.00332	0.01626	0.00531	0.00465
12	0.02440	0.01176	0.01453	0.01114	0.01561	0.01141	0.00920	0.25841	0.01976	0.53194	0.01972	0.01762	0.01273	0.00701	0.00574	0.00175	0.00533	0.00556	0.00664	0.00973
13	0.01647	0.01328	0.01416	0.01209	0.01569	0.01508	0.00964	0.25945	0.49278	0.02758	0.02046	0.02044	0.01553	0.00776	0.00586	0.00189	0.00512	0.03180	0.00577	0.00913
14	0.01737	0.54934	0.02585	0.01087	0.01566	0.02106	0.01014	0.25112	0.01654	0.02073	0.00981	0.01064	0.00811	0.00553	0.00433	0.00138	0.00617	0.00373	0.00350	0.00811
15	0.06907	0.01043	0.01453	0.25967	0.02261	0.01077	0.01087	0.07780	0.01519	0.42486	0.01703	0.01707	0.01124	0.00652	0.00561	0.00181	0.00584	0.00533	0.00530	0.00843
16	0.01007	0.00792	0.00935	0.00863	0.01058	0.00824	0.00657	0.01710	0.25330	0.02326	0.52310	0.03584	0.04222	0.01043	0.00645	0.00184	0.00329	0.00910	0.00614	0.00657
17	0.00676	0.00579	0.00579	0.00579	0.00773	0.00483	0.00435	0.00821	0.01304	0.01545	0.05794	0.05505	0.76098	0.01449	0.00676	0.00193	0.00290	0.01207	0.00531	0.00483
18	0.57245	0.00910	0.00810	0.00750	0.00990	0.01030	0.00580	0.01380	0.00900	0.02060	0.00860	0.01190	0.00740	0.01000	0.00959	0.26946	0.00460	0.00370	0.00320	0.00500
19	0.02084	0.00832	0.01072	0.00862	0.01205	0.00742	0.00699	0.02319	0.01496	0.52721	0.02131	0.02007	0.01432	0.00695	0.00519	0.00163	0.00416	0.00562	0.27215	0.00832
20	0.00903	0.00698	0.00869	0.00989	0.01096	0.03986	0.00804	0.01108	0.01259	0.01617	0.02974	0.29729	0.03337	0.01605	0.00759	0.00248	0.00486	0.46501	0.00518	0.00513
21	0.01237	0.00968	0.01089	0.00992	0.01245	0.01054	0.00767	0.03795	0.41326	0.05334	0.26133	0.05731	0.04418	0.00965	0.00623	0.00191	0.00393	0.02381	0.00598	0.00760

[dist]
# distance from previous block
# <min> <max>
0	2

[block]
# block no. 8 follows, 41 sequences, length 12
# corresponding to MSA columns:
# 276-287
name=unknown_I
#
# <colnr> <probs for GDERKNQSTAVLIFYWHMCP>
#	G	D	E	R	K	N	Q	S	T	A	V	L	I	F	Y	W	H	M	C	P
0	0.01291	0.01242	0.01626	0.05598	0.01593	0.04906	0.01177	0.05970	0.01050	0.01538	0.00918	0.01387	0.00851	0.01255	0.09101	0.00300	0.56503	0.00508	0.02548	0.00636
1	0.01689	0.01434	0.01394	0.01189	0.01541	0.09437	0.00939	0.23286	0.38580	0.04810	0.02176	0.02062	0.07328	0.00782	0.00580	0.00182	0.00552	0.00622	0.00549	0.00868
2	0.01085	0.00914	0.01155	0.00875	0.01279	0.00727	0.03662	0.01353	0.01317	0.01986	0.22575	0.02088	0.02155	0.00640	0.00506	0.00117	0.00402	0.00553	0.00420	0.56193
3	0.60128	0.00942	0.00752	0.00689	0.00980	0.01068	0.00556	0.01581	0.01038	0.02442	0.01104	0.01275	0.00863	0.00570	0.00367	0.00164	0.00392	0.00374	0.24121	0.00595
4	0.05298	0.01565	0.02157	0.01607	0.02096	0.01660	0.22090	0.50577	0.02234	0.03053	0.01287	0.01404	0.00928	0.00621	0.00593	0.00178	0.00718	0.00553	0.00482	0.00900
5	0.60021	0.00931	0.00790	0.00765	0.01027	0.01048	0.00594	0.01427	0.01008	0.02248	0.01473	0.23511	0.01528	0.00893	0.00462	0.00193	0.00411	0.00688	0.00405	0.00575
6	0.01000	0.00902	0.01646	0.01367	0.01609	0.00942	0.21856	0.01276	0.01062	0.01501	0.01451	0.02080	0.01293	0.03198	0.55180	0.00712	0.01374	0.00639	0.00311	0.00601
7	0.00840	0.00607	0.00786	0.00740	0.00877	0.00558	0.00553	0.01101	0.01635	0.02317	0.75714	0.04298	0.05403	0.01186	0.00686	0.00185	0.00281	0.01041	0.00638	0.00555
8	0.00728	0.00520	0.00686	0.00816	0.00852	0.00483	0.00544	0.00819	0.01113	0.01487	0.03172	0.79206	0.03797	0.01805	0.00741	0.00237	0.00342	0.01630	0.00540	0.00480
9	0.00792	0.00566	0.00760	0.00890	0.00954	0.00539	0.00656	0.00931	0.01177	0.01560	0.03136	0.58211	0.03656	0.01745	0.00759	0.00246	0.00398	0.21988	0.00539	0.00498
10	0.01308	0.01354	0.02235	0.01780	0.01949	0.01677	0.22236	0.01527	0.01031	0.01535	0.00898	0.01375	0.00812	0.00869	0.01538	0.00239	0.56124	0.00560	0.00272	0.00682
11	0.01280	0.01270	0.01769	0.01518	0.01521	0.01764	0.01261	0.01397	0.00895	0.01404	0.00781	0.01291	0.00779	0.01018	0.01883	0.00255	0.78502	0.00510	0.00260	0.00641

[dist]
# distance from previous block
# <min> <max>
0	1

[block]
# block no. 9 follows, 41 sequences, length 13
# corresponding to MSA columns:
# 289-301
name=unknown_J
#
# <colnr> <probs for GDERKNQSTAVLIFYWHMCP>
#	G	D	E	R	K	N	Q	S	T	A	V	L	I	F	Y	W	H	M	C	P
0	0.00937	0.00717	0.00878	0.00825	0.00997	0.00722	0.00632	0.01476	0.16299	0.02284	0.57669	0.03955	0.04563	0.01111	0.00662	0.00187	0.00319	0.04539	0.00615	0.00612
1	0.01020	0.00798	0.01201	0.01544	0.16173	0.00798	0.01088	0.01299	0.01314	0.01743	0.02639	0.05448	0.02816	0.01367	0.00745	0.00245	0.00557	0.58125	0.00478	0.00602
2	0.83938	0.01106	0.00841	0.00752	0.01106	0.01283	0.00619	0.01681	0.00973	0.02566	0.00796	0.00929	0.00619	0.00531	0.00354	0.00177	0.00442	0.00310	0.00354	0.00619
3	0.34295	0.01860	0.14379	0.01239	0.01681	0.18234	0.05104	0.09613	0.01375	0.04130	0.00973	0.01115	0.00738	0.00576	0.00505	0.00173	0.02544	0.00395	0.00348	0.00723
4	0.00701	0.00506	0.00663	0.00781	0.00828	0.00469	0.00526	0.00810	0.01129	0.01501	0.06429	0.72221	0.07829	0.01746	0.00725	0.00228	0.00327	0.01578	0.00535	0.00469
5	0.01201	0.02640	0.62053	0.02005	0.17206	0.01334	0.02042	0.01800	0.01227	0.01823	0.01036	0.01249	0.00761	0.00537	0.00548	0.00179	0.00812	0.00440	0.00250	0.00857
6	0.51640	0.01566	0.05391	0.01326	0.11728	0.16518	0.00956	0.01819	0.01161	0.02196	0.00865	0.01032	0.00688	0.00540	0.00426	0.00170	0.00615	0.00355	0.00326	0.00680
7	0.01112	0.01204	0.11855	0.05058	0.18779	0.00997	0.02867	0.01540	0.07462	0.01803	0.06933	0.03444	0.04801	0.01045	0.00743	0.04781	0.00592	0.23889	0.00410	0.00684
8	0.01198	0.01201	0.02284	0.11243	0.16585	0.01196	0.30715	0.01562	0.01214	0.01687	0.01242	0.03607	0.01047	0.01287	0.15977	0.00327	0.00950	0.00615	0.00296	0.05767
9	0.62896	0.01123	0.01126	0.01305	0.16095	0.01253	0.00841	0.01647	0.01046	0.02366	0.00982	0.05353	0.00851	0.00596	0.00417	0.00179	0.00484	0.00422	0.00350	0.00668
10	0.02450	0.01372	0.01416	0.01132	0.01546	0.16223	0.00913	0.08238	0.01715	0.56036	0.01914	0.01720	0.01246	0.00683	0.00563	0.00171	0.00606	0.00529	0.00615	0.00911
11	0.00994	0.00497	0.00745	0.00745	0.00745	0.00497	0.00497	0.00745	0.00745	0.00994	0.00994	0.01739	0.00994	0.01987	0.02235	0.83358	0.00497	0.00497	0.00248	0.00248
12	0.76706	0.01127	0.00904	0.00791	0.01154	0.01293	0.00652	0.05522	0.01087	0.05319	0.00880	0.00989	0.00667	0.00546	0.00373	0.00177	0.00454	0.00330	0.00378	0.00651

[dist]
# distance from previous block
# <min> <max>
0	3

[block]
# block no. 10 follows, 41 sequences, length 32
# corresponding to MSA columns:
# 305-336
name=unknown_K
#
# <colnr> <probs for GDERKNQSTAVLIFYWHMCP>
#	G	D	E	R	K	N	Q	S	T	A	V	L	I	F	Y	W	H	M	C	P
0	0.69789	0.01386	0.00976	0.00877	0.01221	0.14484	0.00703	0.01786	0.01085	0.02365	0.00812	0.00947	0.00640	0.00541	0.00382	0.00172	0.00544	0.00320	0.00344	0.00627
1	0.80555	0.01127	0.00877	0.00776	0.01134	0.01303	0.00639	0.04691	0.01044	0.02609	0.00820	0.00948	0.00634	0.00537	0.00363	0.00177	0.00450	0.00318	0.00363	0.00634
2	0.01008	0.00757	0.00986	0.01073	0.01237	0.00791	0.00919	0.01506	0.14113	0.01830	0.02907	0.05705	0.03024	0.01441	0.00754	0.00251	0.00514	0.60055	0.00536	0.00592
3	0.69559	0.01016	0.00828	0.00747	0.01063	0.01155	0.00606	0.01577	0.01085	0.02519	0.13809	0.01508	0.01446	0.00641	0.00409	0.00177	0.00413	0.00435	0.00402	0.00606
4	0.16695	0.00945	0.01145	0.00947	0.01303	0.00899	0.00760	0.05693	0.01476	0.47001	0.02109	0.15157	0.01662	0.00863	0.00563	0.00186	0.00459	0.00707	0.00608	0.00822
5	0.00724	0.00521	0.00687	0.00772	0.00834	0.00484	0.00531	0.00867	0.01230	0.01669	0.21293	0.58977	0.06025	0.01629	0.00715	0.00218	0.00315	0.01469	0.00555	0.00484
6	0.02126	0.01544	0.01670	0.01276	0.01737	0.01678	0.01053	0.67357	0.02559	0.06052	0.01382	0.01382	0.00980	0.00671	0.00563	0.00166	0.00612	0.00506	0.00562	0.06124
7	0.01633	0.32057	0.06735	0.01428	0.01911	0.03774	0.19910	0.01928	0.01312	0.15537	0.01282	0.01568	0.01019	0.00605	0.00573	0.00166	0.03490	0.03939	0.00357	0.00779
8	0.02523	0.01043	0.01370	0.01051	0.01495	0.00944	0.00868	0.10711	0.01754	0.68638	0.02159	0.01883	0.01367	0.00706	0.00575	0.00176	0.00502	0.00569	0.00693	0.00973
9	0.00681	0.00561	0.00598	0.00627	0.00785	0.00479	0.00456	0.00815	0.01258	0.01526	0.05211	0.21853	0.60126	0.01524	0.00688	0.00202	0.00299	0.01300	0.00531	0.00479
10	0.02394	0.01121	0.01407	0.01094	0.01528	0.01074	0.00903	0.19609	0.04250	0.55145	0.02071	0.01937	0.01372	0.00728	0.00580	0.00179	0.00520	0.02462	0.00667	0.00959
11	0.01864	0.01342	0.01625	0.25958	0.02395	0.05033	0.01194	0.33985	0.01938	0.15427	0.01465	0.01576	0.02275	0.00662	0.00572	0.00178	0.00661	0.00528	0.00480	0.00842
12	0.02133	0.01416	0.01732	0.01627	0.14598	0.01488	0.01146	0.45433	0.02208	0.20066	0.01524	0.01512	0.01063	0.00661	0.00572	0.00173	0.00605	0.00528	0.00553	0.00961
13	0.02566	0.00973	0.01327	0.01018	0.01460	0.00841	0.00841	0.02788	0.01637	0.76726	0.02257	0.01947	0.01416	0.00708	0.00575	0.00177	0.00487	0.00575	0.00708	0.00973
14	0.15789	0.01202	0.04039	0.12369	0.01849	0.01272	0.03370	0.04868	0.30977	0.12296	0.01820	0.01902	0.02524	0.00706	0.00548	0.00189	0.00537	0.02452	0.00488	0.00805
15	0.01895	0.01171	0.04916	0.01101	0.01475	0.01107	0.00915	0.18624	0.14094	0.31151	0.02165	0.15232	0.01747	0.00894	0.00601	0.00188	0.00504	0.00748	0.00603	0.00868
16	0.15424	0.01030	0.01329	0.03937	0.01359	0.01340	0.00980	0.01320	0.00941	0.01609	0.01168	0.10003	0.01173	0.01418	0.11439	0.00319	0.41414	0.00608	0.02599	0.00589
17	0.69666	0.01127	0.00919	0.00823	0.01172	0.01307	0.00669	0.01916	0.13829	0.02536	0.01061	0.01138	0.00814	0.00573	0.00393	0.00180	0.00444	0.00368	0.00393	0.00669
18	0.02122	0.01038	0.01618	0.01231	0.01659	0.00933	0.13508	0.02442	0.04160	0.52935	0.10234	0.02141	0.01773	0.00722	0.00604	0.00181	0.00544	0.00646	0.00622	0.00888
19	0.01978	0.15179	0.05530	0.01326	0.03456	0.06416	0.01129	0.46138	0.02139	0.06389	0.01239	0.01290	0.00917	0.00649	0.00582	0.00165	0.03646	0.00468	0.00471	0.00892
20	0.00713	0.00577	0.00633	0.00626	0.00797	0.00497	0.00467	0.00890	0.01380	0.01743	0.24619	0.08235	0.54046	0.01388	0.00678	0.00191	0.00286	0.01178	0.00558	0.00497
21	0.00805	0.00559	0.00616	0.00616	0.00650	0.00542	0.00362	0.00830	0.00913	0.01185	0.02493	0.04048	0.14883	0.66329	0.02525	0.00492	0.00509	0.00897	0.00379	0.00370
22	0.01441	0.14896	0.01588	0.01132	0.01484	0.01568	0.00918	0.02810	0.62473	0.02212	0.02063	0.01924	0.01571	0.00726	0.00545	0.00182	0.00480	0.00588	0.00524	0.00876
23	0.01168	0.04292	0.56085	0.01462	0.03305	0.05984	0.01713	0.01668	0.01169	0.01654	0.01147	0.01632	0.00963	0.14271	0.00948	0.00242	0.00799	0.00489	0.00264	0.00746
24	0.01414	0.01358	0.02298	0.03322	0.68848	0.01366	0.04474	0.01839	0.05929	0.01900	0.01157	0.01465	0.00957	0.00525	0.00571	0.00172	0.00676	0.00525	0.00302	0.00901
25	0.01406	0.12594	0.01481	0.01131	0.04928	0.03734	0.00864	0.02214	0.31976	0.08228	0.18210	0.02290	0.02254	0.00777	0.00559	0.00170	0.00466	0.00644	0.00516	0.05558
26	0.00810	0.00585	0.00765	0.00720	0.00855	0.00540	0.00540	0.01079	0.01619	0.02294	0.76028	0.04273	0.05397	0.01169	0.00675	0.00180	0.00270	0.01034	0.00630	0.00540
27	0.04025	0.06274	0.25307	0.01221	0.01756	0.01138	0.03298	0.04134	0.05977	0.30318	0.06380	0.01765	0.01384	0.00663	0.00550	0.00175	0.00599	0.00537	0.03645	0.00855
28	0.01313	0.01480	0.07809	0.15949	0.28238	0.01377	0.30185	0.01765	0.02837	0.01791	0.01120	0.01485	0.00871	0.00518	0.00609	0.00184	0.00813	0.00571	0.00284	0.00802
29	0.00762	0.00583	0.00699	0.00670	0.00825	0.00519	0.00502	0.00987	0.01507	0.02027	0.50981	0.04712	0.30611	0.01269	0.00675	0.00185	0.00277	0.01096	0.00595	0.00519
30	0.00968	0.00921	0.01740	0.01499	0.04332	0.00865	0.28231	0.01219	0.01198	0.01614	0.02330	0.47485	0.02587	0.01255	0.00704	0.00215	0.00582	0.01229	0.00431	0.00595
31	0.00817	0.00623	0.00869	0.00798	0.00950	0.00573	0.04063	0.01075	0.01541	0.02153	0.61760	0.10717	0.09460	0.01208	0.00680	0.00186	0.00310	0.01079	0.00599	0.00541

[dist]
# distance from previous block
# <min> <max>
0	1

[block]
# block no. 11 follows, 41 sequences, length 11
# corresponding to MSA columns:
# 338-348
name=unknown_L
#
# <colnr> <probs for GDERKNQSTAVLIFYWHMCP>
#	G	D	E	R	K	N	Q	S	T	A	V	L	I	F	Y	W	H	M	C	P
0	0.08717	0.01611	0.01761	0.01370	0.01830	0.04855	0.05822	0.50488	0.02284	0.03177	0.01368	0.01484	0.01030	0.00707	0.00594	0.00185	0.00669	0.00521	0.00534	0.10995
1	0.13992	0.27374	0.26324	0.04134	0.01945	0.03641	0.01365	0.06632	0.01365	0.06233	0.01133	0.01308	0.00892	0.00630	0.00516	0.00183	0.00713	0.00426	0.00354	0.00840
2	0.82390	0.01192	0.00934	0.00842	0.01201	0.01347	0.00676	0.01763	0.01056	0.02665	0.00928	0.01111	0.00745	0.00616	0.00412	0.00200	0.00487	0.00354	0.00397	0.00685
3	0.01418	0.03350	0.01704	0.27062	0.10406	0.01252	0.06154	0.05086	0.04792	0.06096	0.05390	0.01947	0.01368	0.00740	0.00686	0.00201	0.05747	0.00596	0.15239	0.00765
4	0.01618	0.00859	0.01093	0.00943	0.01210	0.00777	0.00728	0.01904	0.05756	0.29536	0.43683	0.03421	0.03773	0.01052	0.00685	0.00203	0.00407	0.00875	0.00693	0.00785
5	0.05298	0.01472	0.02688	0.16795	0.16429	0.01472	0.37801	0.06558	0.01448	0.02032	0.01238	0.01646	0.00970	0.00606	0.00666	0.00209	0.00862	0.00623	0.00347	0.00839
6	0.83938	0.01106	0.00841	0.00752	0.01106	0.01283	0.00619	0.01681	0.00973	0.02566	0.00796	0.00929	0.00619	0.00531	0.00354	0.00177	0.00442	0.00310	0.00354	0.00619
7	0.00802	0.00584	0.00754	0.00712	0.00850	0.00536	0.00534	0.01065	0.01601	0.02251	0.71986	0.04344	0.09466	0.01185	0.00675	0.00181	0.00271	0.01044	0.00624	0.00536
8	0.00836	0.00601	0.00768	0.00732	0.00868	0.00567	0.00546	0.01145	0.04221	0.02243	0.66069	0.08374	0.05006	0.01169	0.00663	0.00181	0.00280	0.01033	0.04150	0.00548
9	0.00712	0.00509	0.00681	0.00814	0.00854	0.00478	0.00557	0.00823	0.01110	0.01477	0.03144	0.74583	0.03750	0.01778	0.00734	0.00234	0.00345	0.06418	0.00531	0.00469
10	0.01332	0.03280	0.14019	0.04697	0.17835	0.01421	0.41590	0.01856	0.04732	0.01842	0.01164	0.01481	0.00889	0.00513	0.00619	0.00185	0.00851	0.00590	0.00292	0.00811

[dist]
# distance from previous block
# <min> <max>
0	3

[block]
# block no. 12 follows, 41 sequences, length 47
# corresponding to MSA columns:
# 352-398
name=unknown_M
#
# <colnr> <probs for GDERKNQSTAVLIFYWHMCP>
#	G	D	E	R	K	N	Q	S	T	A	V	L	I	F	Y	W	H	M	C	P
0	0.01161	0.02871	0.73104	0.01607	0.02426	0.01333	0.02052	0.01874	0.04960	0.01841	0.01092	0.01255	0.00776	0.00555	0.00545	0.00182	0.00825	0.00434	0.00259	0.00848
1	0.00792	0.00584	0.00740	0.00701	0.00844	0.00532	0.00526	0.01045	0.01577	0.02195	0.66758	0.04435	0.14729	0.01206	0.00675	0.00182	0.00272	0.01057	0.00617	0.00532
2	0.01171	0.01126	0.01882	0.44093	0.16557	0.01337	0.05824	0.01504	0.01166	0.01586	0.04792	0.01602	0.01028	0.00654	0.00790	0.00196	0.13181	0.00544	0.00280	0.00687
3	0.02119	0.01572	0.01717	0.05226	0.01883	0.01748	0.01113	0.70728	0.02611	0.03496	0.01355	0.01381	0.00962	0.00681	0.00572	0.00173	0.00636	0.00515	0.00556	0.00956
4	0.01424	0.01425	0.02152	0.16394	0.56855	0.08360	0.01667	0.01753	0.01304	0.01755	0.01048	0.01399	0.00865	0.00528	0.00563	0.00171	0.00726	0.00496	0.00279	0.00837
5	0.00919	0.00601	0.00795	0.00773	0.00911	0.00555	0.00581	0.01156	0.01513	0.07314	0.54130	0.17211	0.04720	0.01268	0.00684	0.00194	0.00310	0.05196	0.00612	0.00556
6	0.00810	0.00585	0.00765	0.00720	0.00855	0.00540	0.00540	0.01079	0.01619	0.02294	0.76028	0.04273	0.05397	0.01169	0.00675	0.00180	0.00270	0.01034	0.00630	0.00540
7	0.00697	0.00498	0.00664	0.00796	0.00830	0.00465	0.00531	0.00796	0.01095	0.01460	0.03153	0.79525	0.03783	0.01792	0.00730	0.00232	0.00332	0.01626	0.00531	0.00465
8	0.02174	0.01602	0.01717	0.01316	0.01774	0.01774	0.01087	0.74423	0.02689	0.03605	0.01373	0.01373	0.00973	0.00687	0.00572	0.00172	0.00629	0.00515	0.00572	0.00973
9	0.02101	0.02543	0.01590	0.01425	0.01728	0.67832	0.01078	0.08856	0.01703	0.01629	0.00965	0.01103	0.00785	0.00601	0.00517	0.00149	0.00967	0.00388	0.03355	0.00687
10	0.02447	0.01000	0.01324	0.01033	0.01463	0.00901	0.00847	0.02814	0.09330	0.68963	0.02264	0.01966	0.01450	0.00715	0.00576	0.00179	0.00483	0.00583	0.00695	0.00966
11	0.01873	0.01502	0.03578	0.01269	0.01688	0.01634	0.01048	0.46425	0.29148	0.03114	0.01712	0.01646	0.01248	0.00715	0.00575	0.00180	0.00571	0.00561	0.00567	0.00945
12	0.01186	0.01017	0.01186	0.00847	0.01356	0.00762	0.00678	0.01440	0.01186	0.01864	0.01017	0.01186	0.00847	0.00424	0.00424	0.00085	0.00424	0.00339	0.00339	0.83395
13	0.01215	0.01230	0.02495	0.01872	0.02246	0.01227	0.46575	0.01514	0.01157	0.01594	0.01146	0.01641	0.00952	0.01267	0.11184	0.13417	0.07721	0.00624	0.00282	0.00642
14	0.01074	0.00732	0.00883	0.00799	0.00998	0.00710	0.00618	0.04961	0.03474	0.10628	0.30044	0.07650	0.28143	0.01195	0.00730	0.00191	0.04991	0.01000	0.00574	0.00604
15	0.01459	0.01247	0.01314	0.01171	0.01501	0.01439	0.00914	0.06449	0.71828	0.02451	0.02282	0.02098	0.01709	0.00772	0.00582	0.00193	0.00461	0.00640	0.00582	0.00909
16	0.00832	0.00555	0.00624	0.00624	0.00624	0.00555	0.00347	0.00832	0.00832	0.01109	0.01802	0.03743	0.02080	0.79898	0.02911	0.00555	0.00555	0.00832	0.00347	0.00347
17	0.00957	0.00706	0.00970	0.01218	0.12894	0.00696	0.00738	0.05403	0.01239	0.01759	0.02513	0.50225	0.02792	0.01344	0.00642	0.00203	0.00395	0.01210	0.13519	0.00576
18	0.01404	0.01583	0.08343	0.08275	0.39310	0.10569	0.01556	0.01736	0.02643	0.01687	0.01036	0.01382	0.00873	0.00766	0.03955	0.00214	0.13109	0.00491	0.00280	0.00791
19	0.00697	0.00498	0.00664	0.00796	0.00830	0.00465	0.00531	0.00796	0.01095	0.01460	0.03153	0.79525	0.03783	0.01792	0.00730	0.00232	0.00332	0.01626	0.00531	0.00465
20	0.01442	0.01176	0.01253	0.01121	0.01443	0.01335	0.00874	0.02894	0.66803	0.06483	0.02530	0.02324	0.06140	0.00812	0.00587	0.00193	0.00445	0.00676	0.00586	0.00884
21	0.01236	0.01015	0.01191	0.00853	0.01359	0.00765	0.00684	0.01489	0.01202	0.04566	0.01061	0.01214	0.00868	0.00434	0.00429	0.00088	0.00426	0.00347	0.00352	0.80420
22	0.01345	0.01493	0.03152	0.04190	0.10339	0.01409	0.62648	0.01802	0.01335	0.01829	0.01141	0.01517	0.00869	0.00485	0.00653	0.00187	0.00912	0.00642	0.00290	0.03764
23	0.04702	0.06366	0.49177	0.01429	0.03453	0.01258	0.01638	0.04084	0.01360	0.06389	0.12966	0.01775	0.01550	0.00680	0.00568	0.00185	0.00706	0.00536	0.00361	0.00815
24	0.01346	0.00843	0.01280	0.02843	0.01334	0.00779	0.09339	0.03476	0.01100	0.11198	0.01254	0.01743	0.01070	0.03275	0.01485	0.42607	0.00565	0.00525	0.00354	0.13582
25	0.00766	0.00547	0.00709	0.00805	0.00857	0.00507	0.00543	0.00876	0.01192	0.01614	0.14616	0.63568	0.03976	0.05444	0.00842	0.00247	0.00348	0.01501	0.00551	0.00493
26	0.01341	0.01123	0.01368	0.13195	0.01848	0.01001	0.00894	0.11106	0.01404	0.02067	0.01105	0.01322	0.00890	0.00510	0.00485	0.00121	0.00519	0.00403	0.00370	0.58928
27	0.04453	0.04974	0.38046	0.01819	0.10375	0.01343	0.13147	0.04203	0.01338	0.08233	0.01191	0.01386	0.00877	0.00567	0.00568	0.00181	0.00773	0.00488	0.00328	0.05710
28	0.03168	0.08765	0.46180	0.01422	0.02087	0.01371	0.01627	0.02158	0.12977	0.12492	0.01423	0.01486	0.01022	0.00626	0.00553	0.00185	0.00717	0.00481	0.00378	0.00879
29	0.00931	0.00659	0.00745	0.00689	0.00774	0.00613	0.00419	0.00960	0.00916	0.01270	0.01715	0.03380	0.01916	0.66858	0.02521	0.00485	0.00548	0.00765	0.00359	0.13475
30	0.00991	0.00690	0.00844	0.00844	0.01020	0.00646	0.00662	0.01276	0.05868	0.07012	0.23828	0.11282	0.23286	0.01363	0.00711	0.00216	0.00382	0.17904	0.00585	0.00589
