[name]
unknown

[dist]
# distance from previous block
# <min> <max>
0	26

[block]
# block no. 0 follows, 40 sequences, length 15
# corresponding to MSA columns:
# 26-40
name=unknown_A
#
# <colnr> <probs for GDERKNQSTAVLIFYWHMCP>
#	G	D	E	R	K	N	Q	S	T	A	V	L	I	F	Y	W	H	M	C	P
0	0.01061	0.00693	0.00968	0.01068	0.01226	0.00683	0.00931	0.01326	0.01363	0.07291	0.03021	0.06219	0.03205	0.01540	0.00787	0.00261	0.00532	0.66706	0.00549	0.00569
1	0.02487	0.01016	0.01348	0.01041	0.01476	0.00908	0.00857	0.07922	0.01741	0.67186	0.06057	0.02060	0.01618	0.00743	0.00590	0.00180	0.00494	0.00605	0.00706	0.00967
2	0.00732	0.00525	0.00696	0.00793	0.00849	0.00488	0.00542	0.00870	0.01225	0.01662	0.18353	0.63530	0.04189	0.01689	0.00730	0.00225	0.00324	0.01527	0.00561	0.00488
3	0.01098	0.01034	0.01744	0.78165	0.04005	0.01292	0.01615	0.01486	0.01163	0.01486	0.01034	0.01550	0.00775	0.00581	0.00581	0.00194	0.00775	0.00517	0.00258	0.00646
4	0.02609	0.00990	0.01350	0.01035	0.01484	0.00855	0.00855	0.02834	0.01664	0.76338	0.02294	0.01979	0.01439	0.00720	0.00585	0.00180	0.00495	0.00585	0.00720	0.00990
5	0.01084	0.00542	0.00542	0.00542	0.00678	0.00542	0.00407	0.01355	0.01220	0.02168	0.01897	0.02168	0.01491	0.00678	0.00407	0.00136	0.00271	0.00542	0.82791	0.00542
6	0.83671	0.01125	0.00855	0.00765	0.01125	0.01305	0.00630	0.01709	0.00990	0.02609	0.00810	0.00945	0.00630	0.00540	0.00360	0.00180	0.00450	0.00315	0.00360	0.00630
7	0.00745	0.00522	0.00664	0.00763	0.00787	0.00497	0.00489	0.00819	0.01041	0.01389	0.02837	0.58947	0.03381	0.22693	0.01338	0.00324	0.00398	0.01436	0.00489	0.00440
8	0.00698	0.00590	0.00604	0.00600	0.00792	0.00495	0.00450	0.00855	0.01351	0.01631	0.11360	0.05498	0.70193	0.01450	0.00687	0.00195	0.00293	0.01214	0.00548	0.00495
9	0.00711	0.00590	0.00621	0.00614	0.00800	0.00501	0.00460	0.00880	0.01381	0.01702	0.17869	0.05381	0.63640	0.01424	0.00687	0.00194	0.00291	0.01197	0.00557	0.00501
10	0.00845	0.00567	0.00653	0.00653	0.00659	0.00574	0.00376	0.00858	0.00851	0.01141	0.01815	0.03711	0.02073	0.74902	0.07565	0.00587	0.00625	0.00832	0.00350	0.00363
11	0.01098	0.01034	0.01744	0.78165	0.04005	0.01292	0.01615	0.01486	0.01163	0.01486	0.01034	0.01550	0.00775	0.00581	0.00581	0.00194	0.00775	0.00517	0.00258	0.00646
12	0.01122	0.01020	0.01695	0.66649	0.08979	0.01240	0.01533	0.01497	0.01179	0.01569	0.01106	0.01591	0.00842	0.00584	0.00567	0.00188	0.00730	0.00519	0.06733	0.00658
13	0.00947	0.00710	0.00980	0.16829	0.01536	0.00786	0.00800	0.01156	0.01132	0.01657	0.02149	0.34897	0.02265	0.01170	0.00721	0.00200	0.07401	0.01003	0.20447	0.03213
14	0.01291	0.00838	0.01329	0.05166	0.01510	0.00789	0.11905	0.01550	0.03101	0.17832	0.06245	0.36190	0.02592	0.01183	0.00665	0.00205	0.00493	0.01089	0.03318	0.02712

[dist]
# distance from previous block
# <min> <max>
4	7

[block]
# block no. 1 follows, 40 sequences, length 23
# corresponding to MSA columns:
# 50-72
name=unknown_B
#
# <colnr> <probs for GDERKNQSTAVLIFYWHMCP>
#	G	D	E	R	K	N	Q	S	T	A	V	L	I	F	Y	W	H	M	C	P
0	0.05083	0.02189	0.01677	0.01605	0.09352	0.49317	0.03606	0.02154	0.01526	0.06549	0.01034	0.01184	0.00827	0.00572	0.00521	0.00149	0.00873	0.00408	0.00334	0.11039
1	0.07548	0.19018	0.01821	0.01169	0.01589	0.16856	0.00971	0.18814	0.11210	0.04043	0.01229	0.01284	0.00960	0.00603	0.00492	0.00151	0.00653	0.00429	0.00412	0.10749
2	0.05409	0.01444	0.01458	0.01180	0.01591	0.13330	0.00950	0.17775	0.10366	0.37633	0.01834	0.01690	0.01242	0.00697	0.00567	0.00176	0.00608	0.00536	0.00595	0.00917
3	0.00693	0.00589	0.00597	0.00595	0.00789	0.00493	0.00446	0.00845	0.01338	0.01601	0.08638	0.05547	0.72934	0.01462	0.00687	0.00196	0.00294	0.01220	0.00544	0.00493
4	0.01181	0.02909	0.71531	0.01712	0.02553	0.01359	0.07068	0.01843	0.01238	0.01843	0.01053	0.01251	0.00747	0.00548	0.00562	0.00185	0.00868	0.00447	0.00249	0.00854
5	0.00843	0.00574	0.00684	0.00684	0.00702	0.00591	0.00415	0.00878	0.00861	0.01165	0.01786	0.03551	0.02004	0.66985	0.15386	0.00626	0.00730	0.00808	0.00346	0.00380
6	0.00709	0.00506	0.00675	0.00810	0.00843	0.00472	0.00540	0.00810	0.01113	0.01484	0.03205	0.79184	0.03846	0.01822	0.00742	0.00236	0.00337	0.01653	0.00540	0.00472
7	0.00724	0.00517	0.00693	0.00828	0.00868	0.00486	0.00567	0.00837	0.01129	0.01502	0.03196	0.74199	0.03812	0.01807	0.00746	0.00238	0.00351	0.06483	0.00540	0.00477
8	0.00709	0.00506	0.00675	0.00810	0.00843	0.00472	0.00540	0.00810	0.01113	0.01484	0.03205	0.79184	0.03846	0.01822	0.00742	0.00236	0.00337	0.01653	0.00540	0.00472
9	0.01363	0.01635	0.06805	0.02414	0.03015	0.01465	0.70517	0.01862	0.01366	0.01862	0.01170	0.01553	0.00876	0.00493	0.00680	0.00196	0.00975	0.00674	0.00292	0.00788
10	0.02222	0.01076	0.01338	0.01084	0.01494	0.01051	0.00877	0.02919	0.26012	0.51763	0.02318	0.02043	0.01551	0.00743	0.00587	0.00186	0.00483	0.00609	0.00677	0.00967
11	0.02211	0.01629	0.01745	0.01338	0.01803	0.01803	0.01105	0.73997	0.02734	0.03665	0.01396	0.01396	0.00989	0.00698	0.00582	0.00175	0.00640	0.00524	0.00582	0.00989
12	0.01359	0.47972	0.02244	0.01011	0.01364	0.07192	0.00915	0.01550	0.01133	0.01366	0.01064	0.01391	0.00982	0.01790	0.25950	0.00396	0.00964	0.00419	0.00273	0.00666
13	0.83671	0.01125	0.00855	0.00765	0.01125	0.01305	0.00630	0.01709	0.00990	0.02609	0.00810	0.00945	0.00630	0.00540	0.00360	0.00180	0.00450	0.00315	0.00360	0.00630
14	0.00917	0.01113	0.12906	0.00916	0.01255	0.00806	0.03607	0.03665	0.08861	0.01782	0.04431	0.04258	0.50892	0.01193	0.00653	0.00194	0.00439	0.00998	0.00490	0.00621
15	0.01265	0.01262	0.01780	0.04707	0.01630	0.01761	0.01286	0.01403	0.00902	0.01403	0.00775	0.01284	0.00764	0.01000	0.01853	0.00252	0.75274	0.00509	0.00255	0.00637
16	0.01272	0.01272	0.01781	0.01527	0.01527	0.01781	0.01272	0.01399	0.00891	0.01399	0.00763	0.01272	0.00763	0.01018	0.01908	0.00254	0.78499	0.00509	0.00254	0.00636
17	0.01010	0.00505	0.00758	0.00758	0.00758	0.00505	0.00505	0.00758	0.00758	0.01010	0.01010	0.01768	0.01010	0.02020	0.02273	0.83081	0.00505	0.00505	0.00253	0.00253
18	0.01446	0.01249	0.01315	0.01183	0.01512	0.01446	0.00920	0.03090	0.74885	0.02433	0.02367	0.02170	0.01775	0.00789	0.00592	0.00197	0.00460	0.00657	0.00592	0.00920
19	0.01206	0.01034	0.01206	0.00861	0.01378	0.00775	0.00689	0.01464	0.01206	0.01895	0.01034	0.01206	0.00861	0.00431	0.00431	0.00086	0.00431	0.00345	0.00345	0.83118
20	0.01206	0.01034	0.01206	0.00861	0.01378	0.00775	0.00689	0.01464	0.01206	0.01895	0.01034	0.01206	0.00861	0.00431	0.00431	0.00086	0.00431	0.00345	0.00345	0.83118
21	0.01439	0.01382	0.02360	0.03569	0.75936	0.01382	0.01785	0.01785	0.01324	0.01900	0.01094	0.01439	0.00921	0.00518	0.00576	0.00173	0.00691	0.00518	0.00288	0.00921
22	0.83671	0.01125	0.00855	0.00765	0.01125	0.01305	0.00630	0.01709	0.00990	0.02609	0.00810	0.00945	0.00630	0.00540	0.00360	0.00180	0.00450	0.00315	0.00360	0.00630

[dist]
# distance from previous block
# <min> <max>
0	1

[block]
# block no. 2 follows, 40 sequences, length 17
# corresponding to MSA columns:
# 74-90
name=unknown_C
#
# <colnr> <probs for GDERKNQSTAVLIFYWHMCP>
#	G	D	E	R	K	N	Q	S	T	A	V	L	I	F	Y	W	H	M	C	P
0	0.01272	0.01272	0.01781	0.01527	0.01527	0.01781	0.01272	0.01399	0.00891	0.01399	0.00763	0.01272	0.00763	0.01018	0.01908	0.00254	0.78499	0.00509	0.00254	0.00636
1	0.00823	0.00594	0.00777	0.00732	0.00869	0.00549	0.00549	0.01097	0.01646	0.02332	0.75629	0.04344	0.05487	0.01189	0.00686	0.00183	0.00274	0.01052	0.00640	0.00549
2	0.01386	0.39277	0.39183	0.01339	0.02008	0.04528	0.01568	0.01812	0.01221	0.01603	0.00927	0.01082	0.00742	0.00528	0.00467	0.00155	0.00754	0.00372	0.00249	0.00799
3	0.01261	0.01066	0.01235	0.00888	0.01401	0.00832	0.00712	0.05451	0.01290	0.01992	0.01054	0.01216	0.00868	0.00445	0.00439	0.00091	0.00442	0.00354	0.00358	0.78604
4	0.83671	0.01125	0.00855	0.00765	0.01125	0.01305	0.00630	0.01709	0.00990	0.02609	0.00810	0.00945	0.00630	0.00540	0.00360	0.00180	0.00450	0.00315	0.00360	0.00630
5	0.01166	0.03008	0.76550	0.01657	0.02517	0.01351	0.02149	0.01842	0.01228	0.01842	0.01044	0.01228	0.00737	0.00552	0.00552	0.00184	0.00859	0.00430	0.00246	0.00859
6	0.01892	0.32661	0.05555	0.01286	0.01712	0.33878	0.01117	0.12316	0.01603	0.01741	0.00941	0.01061	0.00782	0.00572	0.00475	0.00145	0.00816	0.00374	0.00318	0.00756
7	0.01530	0.74955	0.07786	0.01038	0.01559	0.02240	0.01069	0.01748	0.01185	0.01399	0.00824	0.00952	0.00746	0.00501	0.00385	0.00128	0.00637	0.00319	0.00249	0.00754
8	0.00733	0.00523	0.00703	0.00838	0.00882	0.00493	0.00582	0.00852	0.01137	0.01512	0.03192	0.71437	0.03793	0.01799	0.00749	0.00240	0.00359	0.09159	0.00539	0.00479
9	0.01229	0.02605	0.59144	0.01600	0.02351	0.01348	0.06011	0.05308	0.07486	0.01966	0.01395	0.01529	0.04195	0.00617	0.00571	0.00186	0.00797	0.00504	0.00306	0.00850
10	0.01611	0.01212	0.01320	0.01162	0.01508	0.01362	0.00911	0.03054	0.64489	0.12926	0.02357	0.02143	0.01727	0.00779	0.00591	0.00195	0.00465	0.00647	0.00610	0.00930
11	0.02609	0.00990	0.01350	0.01035	0.01484	0.00855	0.00855	0.02834	0.01664	0.76338	0.02294	0.01979	0.01439	0.00720	0.00585	0.00180	0.00495	0.00585	0.00720	0.00990
12	0.00715	0.00514	0.00667	0.00786	0.00828	0.00479	0.00523	0.00813	0.01110	0.01469	0.03284	0.70383	0.08017	0.06365	0.00869	0.00253	0.00348	0.01580	0.00529	0.00466
13	0.01098	0.01034	0.01744	0.78165	0.04005	0.01292	0.01615	0.01486	0.01163	0.01486	0.01034	0.01550	0.00775	0.00581	0.00581	0.00194	0.00775	0.00517	0.00258	0.00646
14	0.01166	0.03008	0.76550	0.01657	0.02517	0.01351	0.02149	0.01842	0.01228	0.01842	0.01044	0.01228	0.00737	0.00552	0.00552	0.00184	0.00859	0.00430	0.00246	0.00859
15	0.01529	0.01231	0.01317	0.01173	0.01510	0.01404	0.00916	0.03072	0.69685	0.07681	0.02362	0.02156	0.01751	0.00784	0.00591	0.00196	0.00463	0.00652	0.00601	0.00925
16	0.01317	0.01569	0.09203	0.11569	0.11293	0.01411	0.46929	0.01765	0.01300	0.01784	0.01123	0.01520	0.00862	0.00565	0.00725	0.02421	0.02975	0.00615	0.00283	0.00771

[dist]
# distance from previous block
# <min> <max>
0	3

[block]
# block no. 3 follows, 40 sequences, length 17
# corresponding to MSA columns:
# 94-110
name=unknown_D
#
# <colnr> <probs for GDERKNQSTAVLIFYWHMCP>
#	G	D	E	R	K	N	Q	S	T	A	V	L	I	F	Y	W	H	M	C	P
0	0.80449	0.01119	0.00874	0.00775	0.01139	0.01287	0.00639	0.01754	0.01016	0.05539	0.00869	0.00986	0.00662	0.00547	0.00369	0.00180	0.00452	0.00326	0.00374	0.00644
1	0.00700	0.00538	0.00642	0.00724	0.00821	0.00480	0.00502	0.00819	0.01196	0.01518	0.04247	0.50647	0.31711	0.01686	0.00721	0.00221	0.00321	0.01488	0.00540	0.00480
2	0.17181	0.17026	0.32145	0.01462	0.06673	0.01494	0.05050	0.01897	0.02565	0.07927	0.01089	0.01225	0.00813	0.00552	0.00493	0.00172	0.00694	0.00420	0.00318	0.00806
3	0.04002	0.01104	0.01451	0.01249	0.06964	0.01030	0.00943	0.10513	0.04957	0.55736	0.02040	0.01838	0.01332	0.00693	0.00575	0.00177	0.00521	0.00563	0.00648	0.03665
4	0.20578	0.14090	0.10611	0.01344	0.06913	0.01669	0.01145	0.27779	0.04956	0.02620	0.01136	0.01234	0.00864	0.00610	0.00519	0.00171	0.02075	0.00436	0.00412	0.00838
5	0.01339	0.01470	0.02884	0.02145	0.02538	0.01574	0.49780	0.01709	0.01213	0.01709	0.01040	0.01470	0.00843	0.00665	0.01091	0.00215	0.26670	0.00627	0.00281	0.00735
6	0.00711	0.00517	0.00664	0.00779	0.00829	0.00478	0.00522	0.00814	0.01127	0.01480	0.03448	0.68248	0.11669	0.04730	0.00820	0.00244	0.00341	0.01576	0.00533	0.00470
7	0.01463	0.01316	0.01560	0.12504	0.07705	0.05165	0.04045	0.10308	0.39242	0.02261	0.02077	0.02081	0.06187	0.00751	0.00595	0.00190	0.00583	0.00636	0.00489	0.00843
8	0.00732	0.00573	0.00663	0.00677	0.00822	0.00504	0.00494	0.00908	0.01377	0.01779	0.26060	0.20468	0.39949	0.01461	0.00698	0.00201	0.00297	0.01263	0.00570	0.00504
9	0.00737	0.00582	0.00664	0.00664	0.00821	0.00509	0.00490	0.00923	0.01413	0.01826	0.29831	0.13528	0.43120	0.01414	0.00693	0.00196	0.00292	0.01215	0.00575	0.00509
10	0.01266	0.14375	0.54310	0.01845	0.13389	0.01499	0.01920	0.01818	0.01235	0.01779	0.01016	0.01215	0.00766	0.00539	0.00529	0.00173	0.00798	0.00425	0.00252	0.00852
11	0.77856	0.06703	0.01010	0.00781	0.01151	0.01375	0.00656	0.01712	0.01003	0.02521	0.00810	0.00944	0.00638	0.00537	0.00361	0.00176	0.00462	0.00315	0.00352	0.00638
12	0.00844	0.00569	0.00660	0.00660	0.00669	0.00578	0.00385	0.00862	0.00853	0.01147	0.01809	0.03674	0.02057	0.73079	0.09366	0.00596	0.00649	0.00826	0.00349	0.00367
13	0.01209	0.00963	0.01556	0.34195	0.14789	0.01052	0.03888	0.01535	0.01293	0.07043	0.10205	0.07648	0.01711	0.00751	0.00589	0.00185	0.00602	0.00677	0.09424	0.00686
14	0.01366	0.01310	0.02290	0.26738	0.31785	0.01386	0.15447	0.07242	0.01391	0.01894	0.01160	0.01615	0.00929	0.00572	0.00604	0.00186	0.00765	0.02208	0.00308	0.00804
15	0.01173	0.05166	0.68870	0.07242	0.02595	0.01375	0.02075	0.01813	0.01222	0.01801	0.01036	0.01243	0.00740	0.00553	0.00549	0.00183	0.00846	0.00433	0.00247	0.00840
16	0.00734	0.00524	0.00704	0.00838	0.00883	0.00494	0.00583	0.00853	0.01138	0.01513	0.03191	0.71211	0.03791	0.01798	0.00749	0.00240	0.00359	0.09378	0.00539	0.00479

[dist]
# distance from previous block
# <min> <max>
0	1

[block]
# block no. 4 follows, 40 sequences, length 7
# corresponding to MSA columns:
# 112-118
name=unknown_E
#
# <colnr> <probs for GDERKNQSTAVLIFYWHMCP>
#	G	D	E	R	K	N	Q	S	T	A	V	L	I	F	Y	W	H	M	C	P
0	0.00866	0.00675	0.01003	0.00982	0.01078	0.00812	0.00771	0.01068	0.00931	0.01354	0.01494	0.02203	0.01398	0.04091	0.71176	0.00880	0.07768	0.00614	0.00307	0.00529
1	0.01041	0.01183	0.11227	0.01085	0.01392	0.05343	0.06990	0.01427	0.04988	0.02059	0.38612	0.10841	0.03502	0.01001	0.00641	0.00181	0.00485	0.00889	0.00504	0.06609
2	0.01801	0.00811	0.01091	0.00898	0.01206	0.00716	0.00716	0.02049	0.01656	0.42869	0.35460	0.03049	0.03270	0.00932	0.00631	0.00181	0.00395	0.00796	0.00684	0.00790
3	0.01266	0.01274	0.01661	0.55492	0.03259	0.12694	0.01436	0.01553	0.01187	0.01436	0.00992	0.01470	0.00787	0.00720	0.00791	0.06174	0.06428	0.00494	0.00264	0.00621
4	0.32230	0.01821	0.10206	0.01633	0.14089	0.20383	0.05633	0.01937	0.01284	0.04474	0.00978	0.01158	0.00763	0.00555	0.00487	0.00173	0.00722	0.00409	0.00327	0.00737
5	0.01389	0.01330	0.02269	0.14621	0.65278	0.01368	0.01760	0.01740	0.01300	0.01838	0.01085	0.01456	0.00900	0.00528	0.00577	0.00176	0.00703	0.00518	0.00283	0.00880
6	0.01242	0.07696	0.01420	0.00941	0.01403	0.01007	0.00775	0.01481	0.01171	0.01800	0.00987	0.01190	0.00842	0.00496	0.00577	0.00107	0.08452	0.00359	0.00327	0.67729

[dist]
# distance from previous block
# <min> <max>
0	1

[block]
# block no. 5 follows, 40 sequences, length 32
# corresponding to MSA columns:
# 120-151
name=unknown_F
#
# <colnr> <probs for GDERKNQSTAVLIFYWHMCP>
#	G	D	E	R	K	N	Q	S	T	A	V	L	I	F	Y	W	H	M	C	P
0	0.01322	0.01612	0.18926	0.01249	0.01692	0.01351	0.01172	0.02624	0.51948	0.02228	0.02326	0.02211	0.07200	0.00786	0.00590	0.00194	0.00541	0.00648	0.00506	0.00873
1	0.00823	0.00594	0.00777	0.00732	0.00869	0.00549	0.00549	0.01097	0.01646	0.02332	0.75629	0.04344	0.05487	0.01189	0.00686	0.00183	0.00274	0.01052	0.00640	0.00549
2	0.00750	0.00604	0.00673	0.00683	0.00844	0.00540	0.00501	0.00979	0.04567	0.01738	0.18531	0.18914	0.45695	0.01454	0.00693	0.00201	0.00306	0.01248	0.00561	0.00517
3	0.00831	0.00621	0.00926	0.00926	0.01026	0.00722	0.00716	0.01033	0.00932	0.01343	0.01566	0.02330	0.01474	0.06610	0.75037	0.00923	0.01528	0.00630	0.00313	0.00514
4	0.01010	0.00505	0.00758	0.00758	0.00758	0.00505	0.00505	0.00758	0.00758	0.01010	0.01010	0.01768	0.01010	0.02020	0.02273	0.83081	0.00505	0.00505	0.00253	0.00253
5	0.00709	0.00506	0.00675	0.00810	0.00843	0.00472	0.00540	0.00810	0.01113	0.01484	0.03205	0.79184	0.03846	0.01822	0.00742	0.00236	0.00337	0.01653	0.00540	0.00472
6	0.02609	0.00990	0.01350	0.01035	0.01484	0.00855	0.00855	0.02834	0.01664	0.76338	0.02294	0.01979	0.01439	0.00720	0.00585	0.00180	0.00495	0.00585	0.00720	0.00990
7	0.01166	0.03008	0.76550	0.01657	0.02517	0.01351	0.02149	0.01842	0.01228	0.01842	0.01044	0.01228	0.00737	0.00552	0.00552	0.00184	0.00859	0.00430	0.00246	0.00859
8	0.00845	0.00585	0.00774	0.00782	0.00899	0.00543	0.00579	0.01069	0.01480	0.03976	0.49129	0.25135	0.04794	0.01378	0.00706	0.00203	0.00314	0.05664	0.00608	0.00538
9	0.01390	0.01360	0.02183	0.21179	0.55622	0.04681	0.01715	0.01737	0.01300	0.01781	0.01071	0.01449	0.00879	0.00537	0.00575	0.00177	0.00727	0.00512	0.00281	0.00845
10	0.01618	0.71982	0.02903	0.01047	0.01524	0.10004	0.01008	0.01801	0.01230	0.01374	0.00818	0.00945	0.00747	0.00508	0.00389	0.00127	0.00666	0.00317	0.00254	0.00739
11	0.01041	0.00769	0.00982	0.00875	0.01099	0.00773	0.00681	0.05757	0.01147	0.01726	0.01483	0.02026	0.01319	0.05993	0.40557	0.00561	0.01015	0.00550	0.11705	0.19941
12	0.09166	0.37786	0.09350	0.01204	0.01654	0.25718	0.01109	0.01988	0.04407	0.01588	0.00925	0.01050	0.00779	0.00551	0.00446	0.00146	0.00757	0.00357	0.00289	0.00731
13	0.01317	0.00817	0.01006	0.00888	0.01131	0.00805	0.00689	0.01876	0.17590	0.17289	0.43312	0.03420	0.05419	0.01013	0.00645	0.00186	0.00360	0.00875	0.00643	0.00717
14	0.01399	0.02490	0.55831	0.01553	0.02303	0.01264	0.05329	0.02022	0.04332	0.12677	0.01286	0.01391	0.00894	0.00578	0.00560	0.00181	0.00778	0.00470	0.00335	0.04327
15	0.00740	0.00591	0.00663	0.00645	0.00818	0.00514	0.00484	0.00938	0.01451	0.01869	0.33208	0.05106	0.48197	0.01362	0.00687	0.00191	0.00287	0.01159	0.00579	0.00514
16	0.01208	0.01107	0.01670	0.48859	0.10408	0.01315	0.01425	0.03480	0.14948	0.01756	0.01525	0.01840	0.04619	0.00671	0.00622	0.00194	0.02706	0.00578	0.00345	0.00725
17	0.00709	0.00506	0.00675	0.00810	0.00843	0.00472	0.00540	0.00810	0.01113	0.01484	0.03205	0.79184	0.03846	0.01822	0.00742	0.00236	0.00337	0.01653	0.00540	0.00472
18	0.02211	0.01629	0.01745	0.01338	0.01803	0.01803	0.01105	0.73997	0.02734	0.03665	0.01396	0.01396	0.00989	0.00698	0.00582	0.00175	0.00640	0.00524	0.00582	0.00989
19	0.01437	0.20187	0.07994	0.06741	0.01923	0.06182	0.07428	0.06177	0.01216	0.01632	0.00906	0.01225	0.00785	0.00719	0.01029	0.00192	0.29968	0.00459	0.00282	0.03517
20	0.01166	0.03008	0.76550	0.01657	0.02517	0.01351	0.02149	0.01842	0.01228	0.01842	0.01044	0.01228	0.00737	0.00552	0.00552	0.00184	0.00859	0.00430	0.00246	0.00859
21	0.01272	0.01272	0.01781	0.01527	0.01527	0.01781	0.01272	0.01399	0.00891	0.01399	0.00763	0.01272	0.00763	0.01018	0.01908	0.00254	0.78499	0.00509	0.00254	0.00636
22	0.01339	0.01483	0.03132	0.12932	0.07751	0.01440	0.59369	0.01806	0.01341	0.01813	0.01152	0.01558	0.00870	0.00504	0.00665	0.00194	0.00934	0.00652	0.00289	0.00774
23	0.02288	0.22839	0.01819	0.01027	0.01487	0.01270	0.00895	0.02538	0.03345	0.53758	0.01885	0.01694	0.01256	0.00660	0.00526	0.00165	0.00529	0.00511	0.00586	0.00921
24	0.00832	0.00617	0.00905	0.00905	0.00998	0.00711	0.00690	0.01019	0.00926	0.01328	0.01585	0.02435	0.01519	0.11825	0.69884	0.00898	0.01459	0.00645	0.00316	0.00503
25	0.01098	0.01019	0.01708	0.75848	0.03906	0.01270	0.01579	0.01482	0.01164	0.01506	0.01059	0.01569	0.00797	0.00584	0.00576	0.00192	0.00760	0.00518	0.02723	0.00643
26	0.01010	0.00505	0.00758	0.00758	0.00758	0.00505	0.00505	0.00758	0.00758	0.01010	0.01010	0.01768	0.01010	0.02020	0.02273	0.83081	0.00505	0.00505	0.00253	0.00253
27	0.01058	0.00598	0.00802	0.00846	0.00961	0.00546	0.00597	0.01191	0.01242	0.15047	0.06970	0.61182	0.03501	0.01589	0.00711	0.00223	0.00362	0.01428	0.00578	0.00570
28	0.43515	0.01329	0.05314	0.06445	0.07934	0.03263	0.03824	0.07440	0.01243	0.02357	0.00956	0.01142	0.00744	0.00539	0.00448	0.00167	0.00563	0.00389	0.00352	0.12037
29	0.00714	0.00511	0.00680	0.00806	0.00845	0.00476	0.00540	0.00824	0.01141	0.01528	0.06923	0.75341	0.03930	0.01789	0.00739	0.00233	0.00334	0.01622	0.00545	0.00476
30	0.04813	0.25796	0.43360	0.01396	0.02063	0.01681	0.01635	0.06319	0.01284	0.01827	0.00973	0.01140	0.00752	0.00565	0.00552	0.00169	0.04188	0.00399	0.00273	0.00814
31	0.01201	0.09904	0.69959	0.01598	0.02425	0.01436	0.02045	0.01833	0.01224	0.01799	0.01023	0.01201	0.00738	0.00548	0.00536	0.00179	0.00838	0.00419	0.00246	0.00849

[dist]
# distance from previous block
# <min> <max>
0	1

[block]
# block no. 6 follows, 40 sequences, length 24
# corresponding to MSA columns:
# 153-176
name=unknown_G
#
# <colnr> <probs for GDERKNQSTAVLIFYWHMCP>
#	G	D	E	R	K	N	Q	S	T	A	V	L	I	F	Y	W	H	M	C	P
0	0.01084	0.00542	0.00542	0.00542	0.00678	0.00542	0.00407	0.01355	0.01220	0.02168	0.01897	0.02168	0.01491	0.00678	0.00407	0.00136	0.00271	0.00542	0.82791	0.00542
1	0.01500	0.01479	0.02647	0.02546	0.26580	0.01485	0.33242	0.10597	0.08449	0.02136	0.01280	0.01557	0.00990	0.00563	0.00652	0.00187	0.02289	0.00606	0.00354	0.00864
2	0.00722	0.00521	0.00682	0.00795	0.00840	0.00493	0.00535	0.00826	0.01101	0.01463	0.03192	0.66555	0.07740	0.06105	0.05211	0.00291	0.00416	0.01527	0.00517	0.00470
3	0.02609	0.00990	0.01350	0.01035	0.01484	0.00855	0.00855	0.02834	0.01664	0.76338	0.02294	0.01979	0.01439	0.00720	0.00585	0.00180	0.00495	0.00585	0.00720	0.00990
4	0.14288	0.01606	0.11251	0.05919	0.03798	0.01425	0.43438	0.01809	0.01263	0.03499	0.01095	0.01420	0.00826	0.00545	0.00680	0.00195	0.05305	0.00574	0.00304	0.00760
5	0.00839	0.00591	0.00770	0.00770	0.00817	0.00638	0.00522	0.00933	0.00886	0.01228	0.01708	0.03116	0.01815	0.45487	0.36627	0.00732	0.01014	0.00745	0.00334	0.00428
6	0.01356	0.01642	0.14888	0.02949	0.49833	0.01353	0.10996	0.01791	0.02722	0.01879	0.01205	0.04535	0.01018	0.00578	0.00593	0.00181	0.00738	0.00573	0.00297	0.00875
7	0.01428	0.43412	0.33623	0.01300	0.01937	0.06204	0.01484	0.01816	0.01228	0.01569	0.00912	0.01062	0.00742	0.00526	0.00457	0.00151	0.00745	0.00364	0.00250	0.00789
8	0.00859	0.00613	0.00847	0.00981	0.01081	0.00602	0.00801	0.01069	0.01261	0.01653	0.03122	0.31452	0.03518	0.01680	0.00782	0.00257	0.00468	0.47902	0.00537	0.00514
9	0.01376	0.01670	0.12445	0.02862	0.36496	0.01414	0.31375	0.01824	0.01331	0.01877	0.01121	0.01465	0.00881	0.00511	0.00618	0.00184	0.00832	0.00576	0.00285	0.00857
10	0.02114	0.24096	0.07026	0.04831	0.01693	0.01368	0.01031	0.05221	0.01512	0.42907	0.01680	0.01580	0.01140	0.00636	0.00521	0.00165	0.00576	0.00489	0.00522	0.00893
11	0.01907	0.01107	0.01304	0.01095	0.01463	0.01147	0.00872	0.06268	0.35481	0.32724	0.06457	0.04024	0.01859	0.00804	0.00597	0.00189	0.00470	0.00667	0.00645	0.00920
12	0.00714	0.00508	0.00673	0.00803	0.00835	0.00476	0.00532	0.00811	0.01103	0.01470	0.03151	0.76200	0.03778	0.04899	0.00830	0.00249	0.00346	0.01621	0.00532	0.00468
13	0.01366	0.01447	0.02567	0.21583	0.15860	0.05718	0.33704	0.01867	0.06550	0.01790	0.01195	0.01555	0.00918	0.00545	0.00625	0.00189	0.00845	0.00594	0.00305	0.00777
14	0.01609	0.06476	0.47600	0.01483	0.02193	0.01266	0.05205	0.02120	0.01357	0.23077	0.01394	0.01443	0.00945	0.00594	0.00559	0.00180	0.00749	0.00480	0.00383	0.00887
15	0.43706	0.01058	0.01099	0.00898	0.01302	0.01083	0.00741	0.02264	0.01322	0.38958	0.01542	0.01455	0.01029	0.00629	0.00471	0.00180	0.00472	0.00448	0.00537	0.00807
16	0.01291	0.01329	0.02096	0.01703	0.01816	0.01722	0.15130	0.01488	0.00983	0.01488	0.00842	0.01329	0.00786	0.00917	0.01675	0.00243	0.63693	0.00543	0.00262	0.00664
17	0.01315	0.01411	0.02849	0.20295	0.13462	0.01423	0.45197	0.01753	0.01306	0.01769	0.01122	0.01540	0.00860	0.00527	0.00674	0.00194	0.02631	0.00619	0.00284	0.00768
18	0.00936	0.00720	0.00901	0.00847	0.00854	0.00836	0.00576	0.00978	0.00862	0.01202	0.01584	0.03154	0.01778	0.57386	0.08013	0.00524	0.17338	0.00758	0.00328	0.00425
19	0.00720	0.00516	0.00692	0.00814	0.00852	0.00492	0.00548	0.00826	0.01094	0.01466	0.03058	0.72039	0.03639	0.03942	0.06028	0.00292	0.00426	0.01563	0.00520	0.00473
20	0.01116	0.01150	0.17166	0.03933	0.01289	0.00806	0.00886	0.05283	0.01287	0.02065	0.01815	0.11544	0.01567	0.00791	0.00497	0.00163	0.00447	0.00655	0.46911	0.00630
21	0.02160	0.01557	0.01693	0.01444	0.06803	0.05902	0.01103	0.49557	0.07546	0.13937	0.01547	0.01519	0.01092	0.00690	0.00579	0.00175	0.00633	0.00533	0.00566	0.00962
22	0.01456	0.04775	0.01651	0.06151	0.04751	0.10800	0.08879	0.03624	0.36141	0.02064	0.01995	0.02015	0.05769	0.00723	0.00576	0.00181	0.00609	0.00615	0.04689	0.02536
23	0.01397	0.01358	0.15233	0.10989	0.13101	0.01027	0.04990	0.01750	0.01356	0.15907	0.09720	0.10481	0.01787	0.00780	0.00598	0.00181	0.00603	0.00694	0.00430	0.07619

[dist]
# distance from previous block
# <min> <max>
0	6

# created by:
# /software/SequenceAnalysis/GenePrediction/augustus/3.0.1/scripts/msa2prfl.pl ./fixed/BUSCOvEOG77WQ3W.fas
