[name]
unknown

[dist]
# distance from previous block
# <min> <max>
0	264

[block]
# block no. 0 follows, 41 sequences, length 13
# corresponding to MSA columns:
# 285-297
name=unknown_A
#
# <colnr> <probs for GDERKNQSTAVLIFYWHMCP>
#	G	D	E	R	K	N	Q	S	T	A	V	L	I	F	Y	W	H	M	C	P
0	0.00762	0.00540	0.00715	0.00793	0.00836	0.00541	0.00543	0.00866	0.01014	0.01369	0.02540	0.44113	0.02936	0.20162	0.15295	0.00434	0.00613	0.05031	0.00447	0.00449
1	0.00822	0.00681	0.00759	0.00671	0.00924	0.00559	0.00513	0.01019	0.01345	0.01781	0.19920	0.04247	0.43505	0.01153	0.00618	0.00165	0.00316	0.00970	0.00508	0.19523
2	0.20324	0.01281	0.01878	0.02510	0.45385	0.01413	0.01403	0.01669	0.01149	0.01939	0.00952	0.01274	0.00812	0.00604	0.00757	0.00186	0.14919	0.00462	0.00293	0.00789
3	0.01105	0.31889	0.16836	0.00984	0.01394	0.01338	0.00999	0.01360	0.01192	0.01506	0.02420	0.16402	0.18585	0.00959	0.00540	0.00170	0.00533	0.00778	0.00362	0.00649
4	0.01375	0.47549	0.02226	0.01010	0.01391	0.01787	0.00914	0.01891	0.18131	0.01583	0.01282	0.01440	0.01094	0.01250	0.14544	0.00285	0.00743	0.00440	0.00333	0.00733
5	0.00862	0.00710	0.00850	0.03423	0.02394	0.00619	0.00611	0.01082	0.03012	0.01687	0.09116	0.19909	0.29600	0.01208	0.00626	0.00178	0.00364	0.03734	0.00482	0.19535
6	0.01554	0.11593	0.45595	0.01442	0.02127	0.03381	0.04801	0.02037	0.01318	0.18938	0.01283	0.01353	0.00891	0.00573	0.00535	0.00173	0.00746	0.00453	0.00352	0.00853
7	0.01705	0.01515	0.01817	0.21909	0.19423	0.15288	0.03151	0.15271	0.01607	0.09389	0.01214	0.01436	0.00910	0.00595	0.00560	0.00172	0.00736	0.00495	0.02005	0.00799
8	0.59272	0.01538	0.18386	0.03443	0.04357	0.01296	0.01035	0.01707	0.01045	0.02333	0.00867	0.01030	0.00659	0.00534	0.00412	0.00178	0.00554	0.00349	0.00322	0.00683
9	0.01483	0.01065	0.01663	0.16238	0.31980	0.01064	0.01273	0.01767	0.01350	0.18914	0.02199	0.02305	0.14745	0.00738	0.00589	0.00180	0.00579	0.00652	0.00421	0.00794
10	0.00752	0.00540	0.00712	0.00794	0.00849	0.00523	0.00550	0.00891	0.01188	0.01639	0.16343	0.59834	0.03878	0.01603	0.00743	0.00219	0.02886	0.01433	0.04134	0.00487
11	0.01100	0.00918	0.01089	0.00818	0.01241	0.00711	0.00646	0.01357	0.01285	0.01963	0.18231	0.01894	0.01891	0.00595	0.00481	0.00107	0.00388	0.00499	0.00406	0.64380
12	0.00721	0.00511	0.00653	0.00757	0.00790	0.00482	0.00494	0.00804	0.01055	0.01399	0.03002	0.62976	0.06102	0.16061	0.01127	0.00290	0.00371	0.01466	0.00497	0.00444

[dist]
# distance from previous block
# <min> <max>
0	2

[block]
# block no. 1 follows, 41 sequences, length 6
# corresponding to MSA columns:
# 300-305
name=unknown_B
#
# <colnr> <probs for GDERKNQSTAVLIFYWHMCP>
#	G	D	E	R	K	N	Q	S	T	A	V	L	I	F	Y	W	H	M	C	P
0	0.00737	0.00529	0.00699	0.00769	0.00838	0.00491	0.00534	0.00897	0.01281	0.01755	0.28972	0.52863	0.04355	0.01571	0.00710	0.00214	0.00310	0.01416	0.00566	0.00491
1	0.00791	0.00567	0.00763	0.00841	0.00932	0.00539	0.00638	0.00986	0.01314	0.01782	0.25387	0.37088	0.04146	0.01545	0.00729	0.00225	0.00365	0.20298	0.00560	0.00504
2	0.00875	0.00561	0.00646	0.00630	0.00728	0.00538	0.00436	0.01052	0.01244	0.01834	0.28429	0.03632	0.08557	0.25112	0.01285	0.00283	0.00357	0.00852	0.22473	0.00475
3	0.01568	0.00743	0.00968	0.00822	0.01053	0.00673	0.00617	0.01745	0.01417	0.33863	0.24677	0.03135	0.02809	0.21920	0.01227	0.00278	0.00438	0.00784	0.00588	0.00674
4	0.01446	0.02226	0.24356	0.01284	0.01719	0.33776	0.01235	0.01750	0.01410	0.01564	0.02234	0.02276	0.20785	0.00804	0.00567	0.00170	0.00777	0.00608	0.00341	0.00671
5	0.01635	0.01453	0.24253	0.01146	0.01603	0.00890	0.01147	0.01959	0.01362	0.33809	0.02119	0.22363	0.01835	0.00946	0.00607	0.00193	0.00555	0.00808	0.00518	0.00799

[dist]
# distance from previous block
# <min> <max>
139	560

# created by:
# /software/SequenceAnalysis/GenePrediction/augustus/3.0.1/scripts/msa2prfl.pl ./fixed/BUSCOvEOG751G4B.fas
