[name]
unknown

[dist]
# distance from previous block
# <min> <max>
0	142

[block]
# block no. 0 follows, 39 sequences, length 6
# corresponding to MSA columns:
# 145-150
name=unknown_A
#
# <colnr> <probs for GDERKNQSTAVLIFYWHMCP>
#	G	D	E	R	K	N	Q	S	T	A	V	L	I	F	Y	W	H	M	C	P
0	0.01154	0.01059	0.01847	0.40401	0.02965	0.01188	0.15094	0.04062	0.01225	0.01612	0.01322	0.02142	0.01154	0.09626	0.06027	0.03164	0.00831	0.04182	0.00310	0.00635
1	0.01123	0.00839	0.01151	0.01060	0.01174	0.00997	0.00829	0.10043	0.01136	0.01606	0.01332	0.01952	0.01225	0.02993	0.41578	0.16431	0.13067	0.00580	0.00330	0.00554
2	0.00721	0.00515	0.00686	0.00823	0.00858	0.00480	0.00549	0.00823	0.01132	0.01510	0.03259	0.78831	0.03911	0.01853	0.00755	0.00240	0.00343	0.01681	0.00549	0.00480
3	0.01313	0.08146	0.37509	0.01320	0.01958	0.01292	0.01475	0.10581	0.01483	0.02138	0.10321	0.01637	0.01408	0.00633	0.00545	0.00162	0.00670	0.00502	0.00362	0.16547
4	0.00826	0.00698	0.01031	0.00939	0.01122	0.00631	0.09545	0.01035	0.01366	0.01795	0.21359	0.27678	0.26883	0.01414	0.00716	0.00209	0.00395	0.01272	0.00543	0.00545
5	0.01207	0.02721	0.61907	0.01660	0.02367	0.01457	0.02014	0.01787	0.01183	0.01787	0.01007	0.01257	0.00754	0.00653	0.00826	0.00201	0.15679	0.00452	0.00251	0.00830

[dist]
# distance from previous block
# <min> <max>
0	16

[block]
# block no. 1 follows, 39 sequences, length 9
# corresponding to MSA columns:
# 167-175
name=unknown_B
#
# <colnr> <probs for GDERKNQSTAVLIFYWHMCP>
#	G	D	E	R	K	N	Q	S	T	A	V	L	I	F	Y	W	H	M	C	P
0	0.01811	0.01508	0.01450	0.07662	0.01748	0.23047	0.02527	0.02051	0.03023	0.20703	0.03221	0.11245	0.01482	0.00815	0.00664	0.00177	0.05360	0.00643	0.00458	0.10404
1	0.54311	0.00957	0.00873	0.05447	0.01240	0.01081	0.00676	0.01460	0.01056	0.02254	0.01550	0.23677	0.01605	0.00933	0.00494	0.00201	0.00445	0.00730	0.00414	0.00596
2	0.01391	0.01793	0.23124	0.01346	0.01837	0.01444	0.01301	0.02774	0.53107	0.02301	0.02018	0.01931	0.01500	0.00734	0.00591	0.00197	0.00587	0.00602	0.00500	0.00919
3	0.01421	0.01113	0.01273	0.00988	0.01452	0.00996	0.00785	0.02090	0.22592	0.08324	0.01557	0.01582	0.01199	0.00571	0.00500	0.00129	0.00453	0.00465	0.00457	0.52053
4	0.01134	0.02670	0.64088	0.01548	0.02303	0.01255	0.01936	0.01751	0.01278	0.01900	0.08823	0.01643	0.01296	0.00846	0.04813	0.00230	0.00852	0.00515	0.00296	0.00823
5	0.01562	0.01372	0.02103	0.28389	0.24170	0.01503	0.07591	0.21834	0.01698	0.02290	0.01188	0.01505	0.00905	0.00600	0.00600	0.00186	0.00743	0.00543	0.00368	0.00850
6	0.01807	0.19258	0.02030	0.01421	0.01682	0.38572	0.01159	0.01960	0.01349	0.01431	0.00857	0.01111	0.00768	0.00713	0.00911	0.00178	0.23413	0.00407	0.00281	0.00692
7	0.01700	0.01385	0.01467	0.01251	0.01626	0.01578	0.00992	0.23647	0.53553	0.02841	0.02122	0.01981	0.01575	0.00777	0.00600	0.00194	0.00522	0.00630	0.00600	0.00958
8	0.00879	0.00659	0.00868	0.00831	0.00976	0.00670	0.00633	0.01224	0.06229	0.02062	0.46435	0.03712	0.06686	0.02134	0.22873	0.00411	0.00673	0.00923	0.00548	0.00574

[dist]
# distance from previous block
# <min> <max>
0	1

[block]
# block no. 2 follows, 39 sequences, length 6
# corresponding to MSA columns:
# 177-182
name=unknown_C
#
# <colnr> <probs for GDERKNQSTAVLIFYWHMCP>
#	G	D	E	R	K	N	Q	S	T	A	V	L	I	F	Y	W	H	M	C	P
0	0.01375	0.10442	0.22476	0.07739	0.39783	0.01497	0.04804	0.01809	0.01295	0.01827	0.01066	0.01362	0.00855	0.00537	0.00561	0.00176	0.00759	0.00486	0.00275	0.00876
1	0.19639	0.01126	0.01548	0.45796	0.06034	0.01337	0.01320	0.09173	0.01317	0.02019	0.01144	0.04990	0.00929	0.00650	0.00548	0.00193	0.00676	0.00534	0.00335	0.00694
2	0.01130	0.00663	0.00702	0.00624	0.00848	0.00604	0.00478	0.01403	0.01237	0.02143	0.01733	0.01986	0.01373	0.00633	0.00419	0.00127	0.00312	0.00506	0.64122	0.18958
3	0.01307	0.01011	0.01201	0.00887	0.01373	0.00774	0.00704	0.01556	0.01257	0.07862	0.01305	0.06566	0.01130	0.00558	0.00472	0.00106	0.00437	0.00461	0.00395	0.70639
4	0.01545	0.42487	0.13611	0.01509	0.02089	0.01878	0.20590	0.01891	0.01293	0.06475	0.01056	0.01235	0.00841	0.00527	0.00505	0.00159	0.00757	0.00454	0.00296	0.00802
5	0.65241	0.01258	0.01072	0.00908	0.01298	0.01440	0.00749	0.17805	0.01403	0.02894	0.00957	0.01063	0.00722	0.00585	0.00416	0.00182	0.00501	0.00368	0.00416	0.00722

[dist]
# distance from previous block
# <min> <max>
0	2

[block]
# block no. 3 follows, 39 sequences, length 7
# corresponding to MSA columns:
# 185-191
name=unknown_D
#
# <colnr> <probs for GDERKNQSTAVLIFYWHMCP>
#	G	D	E	R	K	N	Q	S	T	A	V	L	I	F	Y	W	H	M	C	P
0	0.02239	0.01931	0.01751	0.01399	0.01833	0.19581	0.01128	0.56711	0.02519	0.03188	0.01300	0.01336	0.00948	0.00686	0.00578	0.00172	0.00749	0.00497	0.00524	0.00930
1	0.12528	0.06782	0.01592	0.01298	0.01645	0.45488	0.01010	0.10302	0.01663	0.01941	0.05150	0.01284	0.01052	0.00631	0.00513	0.00156	0.00835	0.00424	0.00365	0.05343
2	0.18508	0.01983	0.34209	0.01846	0.19334	0.01277	0.01586	0.01744	0.01270	0.02108	0.09539	0.01603	0.01325	0.00625	0.00542	0.00183	0.00677	0.00506	0.00330	0.00803
3	0.19940	0.08677	0.01232	0.00979	0.01257	0.01232	0.00777	0.06387	0.21997	0.02226	0.05914	0.20173	0.02149	0.01013	0.00576	0.00199	0.00457	0.03601	0.00501	0.00713
4	0.01920	0.01400	0.01507	0.01191	0.01553	0.01536	0.00943	0.56356	0.02326	0.03117	0.01525	0.02000	0.01276	0.19285	0.01164	0.00271	0.00632	0.00610	0.00536	0.00853
5	0.02006	0.01430	0.01799	0.01795	0.19172	0.01467	0.01201	0.37662	0.02099	0.13971	0.01442	0.01497	0.01043	0.00639	0.00573	0.00168	0.00616	0.00520	0.00514	0.10386
6	0.01538	0.01404	0.02110	0.02656	0.43020	0.01471	0.06003	0.09200	0.21996	0.02257	0.01511	0.01676	0.01185	0.00620	0.00598	0.00184	0.00650	0.00578	0.00409	0.00935

[dist]
# distance from previous block
# <min> <max>
0	2

[block]
# block no. 4 follows, 39 sequences, length 9
# corresponding to MSA columns:
# 194-202
name=unknown_E
#
# <colnr> <probs for GDERKNQSTAVLIFYWHMCP>
#	G	D	E	R	K	N	Q	S	T	A	V	L	I	F	Y	W	H	M	C	P
0	0.01129	0.00659	0.00697	0.00621	0.00843	0.00602	0.00476	0.01402	0.01237	0.02145	0.01739	0.01993	0.01377	0.00635	0.00419	0.00127	0.00311	0.00508	0.64734	0.18346
1	0.01207	0.01180	0.02115	0.40276	0.19025	0.01297	0.14358	0.01589	0.01247	0.01664	0.01314	0.01762	0.03724	0.00851	0.05695	0.00243	0.00841	0.00591	0.00290	0.00728
2	0.01399	0.01395	0.04937	0.07235	0.57888	0.01307	0.01654	0.01752	0.01316	0.01906	0.01098	0.01427	0.00913	0.00519	0.00563	0.00164	0.00674	0.00497	0.00298	0.13058
3	0.01294	0.01294	0.01811	0.01553	0.01553	0.01811	0.01294	0.01423	0.00906	0.01423	0.00776	0.01294	0.00776	0.01035	0.01941	0.00259	0.78134	0.00518	0.00259	0.00647
4	0.01292	0.01069	0.01309	0.13189	0.04763	0.01210	0.00996	0.02324	0.41808	0.04511	0.02325	0.18643	0.02056	0.00983	0.00632	0.00207	0.00502	0.00857	0.00529	0.00796
5	0.01873	0.04639	0.01560	0.01306	0.01657	0.47588	0.00999	0.06787	0.01598	0.01706	0.01141	0.06658	0.01027	0.00664	0.00527	0.00145	0.00838	0.00475	0.00349	0.18460
6	0.01106	0.00659	0.00816	0.17256	0.01421	0.00716	0.00679	0.01407	0.01228	0.02055	0.01739	0.02069	0.01358	0.00668	0.00452	0.00151	0.00386	0.00546	0.64715	0.00574
7	0.05303	0.01823	0.01679	0.01343	0.01774	0.17939	0.01084	0.48327	0.02365	0.10507	0.01381	0.01386	0.00986	0.00684	0.00571	0.00173	0.00719	0.00498	0.00535	0.00923
8	0.01824	0.11058	0.04327	0.01242	0.06407	0.01241	0.00977	0.04117	0.20116	0.28447	0.10306	0.02206	0.03591	0.00773	0.00581	0.00181	0.00511	0.00635	0.00575	0.00885

[dist]
# distance from previous block
# <min> <max>
0	1

[block]
# block no. 5 follows, 39 sequences, length 12
# corresponding to MSA columns:
# 204-215
name=unknown_F
#
# <colnr> <probs for GDERKNQSTAVLIFYWHMCP>
#	G	D	E	R	K	N	Q	S	T	A	V	L	I	F	Y	W	H	M	C	P
0	0.61790	0.01382	0.01386	0.01137	0.01536	0.08683	0.12865	0.01825	0.01137	0.02409	0.00895	0.01077	0.00695	0.00546	0.00438	0.00183	0.00607	0.00389	0.00349	0.00671
1	0.00746	0.00530	0.00700	0.00826	0.00865	0.00500	0.00560	0.00852	0.01125	0.01498	0.03141	0.68306	0.03740	0.07935	0.00936	0.00268	0.00374	0.06088	0.00534	0.00475
2	0.01360	0.08754	0.01864	0.04929	0.26712	0.01283	0.04699	0.13506	0.01502	0.02032	0.01800	0.25280	0.01841	0.00966	0.00624	0.00193	0.00594	0.00872	0.00417	0.00773
3	0.00942	0.00760	0.00866	0.00892	0.01062	0.00777	0.00665	0.01506	0.21479	0.01822	0.03735	0.32050	0.22160	0.01449	0.00703	0.00221	0.00384	0.07346	0.00563	0.00617
4	0.01370	0.00911	0.01041	0.00954	0.01219	0.00925	0.00730	0.04239	0.25438	0.15808	0.03406	0.19309	0.19842	0.01177	0.00656	0.00205	0.00413	0.01006	0.00602	0.00749
5	0.01304	0.01233	0.02028	0.17943	0.05998	0.01307	0.22018	0.08059	0.13664	0.02003	0.02003	0.08149	0.08492	0.00803	0.00673	0.00200	0.02192	0.00761	0.00410	0.00759
6	0.01441	0.01238	0.02149	0.08649	0.47106	0.01240	0.08492	0.01712	0.01275	0.06494	0.01181	0.01570	0.00969	0.00770	0.00855	0.12497	0.00697	0.00546	0.00314	0.00805
7	0.69607	0.01038	0.00853	0.00776	0.01081	0.01191	0.00619	0.01576	0.00967	0.02381	0.00858	0.01101	0.00705	0.00801	0.00692	0.14011	0.00467	0.00353	0.00348	0.00576
8	0.02058	0.02294	0.01620	0.01428	0.01767	0.48229	0.01096	0.14445	0.17367	0.02048	0.01317	0.01368	0.01025	0.00667	0.00558	0.00167	0.00869	0.00468	0.00416	0.00793
9	0.01974	0.01108	0.02751	0.01045	0.01454	0.01028	0.00866	0.14369	0.08833	0.35842	0.02714	0.02615	0.13781	0.00867	0.00608	0.00183	0.00495	0.02710	0.00626	0.06132
10	0.01620	0.01508	0.01390	0.01230	0.01556	0.14039	0.00955	0.10736	0.47086	0.02433	0.09173	0.02144	0.01910	0.00799	0.00599	0.00188	0.00570	0.00644	0.00556	0.00865
11	0.01437	0.01298	0.01719	0.07463	0.01755	0.01699	0.01234	0.13409	0.04791	0.01898	0.01038	0.01425	0.00900	0.00919	0.01474	0.00232	0.51766	0.00530	0.04299	0.00716

[dist]
# distance from previous block
# <min> <max>
0	1

[block]
# block no. 6 follows, 39 sequences, length 6
# corresponding to MSA columns:
# 217-222
name=unknown_G
#
# <colnr> <probs for GDERKNQSTAVLIFYWHMCP>
#	G	D	E	R	K	N	Q	S	T	A	V	L	I	F	Y	W	H	M	C	P
0	0.02086	0.02247	0.01746	0.01662	0.09069	0.43537	0.01187	0.21088	0.07874	0.02178	0.01188	0.01292	0.00928	0.00643	0.00559	0.00165	0.00872	0.00459	0.00403	0.00815
1	0.00823	0.00661	0.00947	0.00900	0.01057	0.00605	0.06536	0.01036	0.01394	0.01862	0.27632	0.27754	0.19813	0.01437	0.00722	0.00212	0.00377	0.05130	0.00562	0.00540
2	0.01102	0.00551	0.00551	0.00551	0.00689	0.00551	0.00413	0.01378	0.01240	0.02205	0.01929	0.02205	0.01516	0.00689	0.00413	0.00138	0.00276	0.00551	0.82500	0.00551
3	0.14071	0.17279	0.02051	0.01296	0.01771	0.01765	0.08144	0.36756	0.01991	0.07600	0.01248	0.01312	0.00921	0.00625	0.00526	0.00171	0.00643	0.00478	0.00470	0.00881
4	0.35778	0.01331	0.08651	0.07352	0.01706	0.01288	0.04844	0.06623	0.10898	0.06054	0.01231	0.01404	0.00935	0.00753	0.00671	0.08329	0.00576	0.00462	0.00396	0.00717
5	0.01684	0.11243	0.06501	0.01603	0.12932	0.26167	0.01170	0.06002	0.01480	0.01805	0.01010	0.01189	0.00833	0.00539	0.00501	0.00138	0.00748	0.00399	0.00322	0.23733

[dist]
# distance from previous block
# <min> <max>
2	11

[block]
# block no. 7 follows, 39 sequences, length 6
# corresponding to MSA columns:
# 237-242
name=unknown_H
#
# <colnr> <probs for GDERKNQSTAVLIFYWHMCP>
#	G	D	E	R	K	N	Q	S	T	A	V	L	I	F	Y	W	H	M	C	P
0	0.01404	0.01296	0.02096	0.01803	0.09305	0.01343	0.22191	0.14463	0.01502	0.02092	0.01516	0.15135	0.01434	0.00853	0.00837	0.00198	0.12289	0.00763	0.00394	0.09086
1	0.01470	0.22034	0.19442	0.04787	0.24619	0.07341	0.06220	0.01895	0.03662	0.01743	0.01056	0.01288	0.00855	0.00545	0.00531	0.00167	0.00766	0.00457	0.00283	0.00839
2	0.01059	0.00555	0.00568	0.00568	0.00681	0.00555	0.00403	0.01285	0.01172	0.02015	0.01917	0.02504	0.01630	0.14801	0.00880	0.00216	0.00329	0.00607	0.67738	0.00517
3	0.33874	0.01422	0.06148	0.01191	0.05603	0.01393	0.00964	0.23770	0.01625	0.02763	0.01079	0.01196	0.00818	0.00578	0.00473	0.00164	0.00554	0.00410	0.00421	0.15555
4	0.00861	0.00788	0.01157	0.01020	0.01220	0.00760	0.11307	0.01048	0.01261	0.01604	0.04132	0.22913	0.39805	0.01397	0.00825	0.00215	0.07440	0.01209	0.00486	0.00552
5	0.01579	0.54433	0.02738	0.01239	0.01591	0.02209	0.01134	0.01722	0.01168	0.01490	0.00903	0.01186	0.00853	0.00731	0.00901	0.00185	0.24472	0.00410	0.00287	0.00770

[dist]
# distance from previous block
# <min> <max>
0	7

[block]
# block no. 8 follows, 39 sequences, length 13
# corresponding to MSA columns:
# 250-262
name=unknown_I
#
# <colnr> <probs for GDERKNQSTAVLIFYWHMCP>
#	G	D	E	R	K	N	Q	S	T	A	V	L	I	F	Y	W	H	M	C	P
0	0.00927	0.00627	0.00816	0.00805	0.00955	0.00578	0.00620	0.01172	0.01542	0.06150	0.46906	0.12948	0.11150	0.01340	0.00715	0.00205	0.00337	0.11019	0.00620	0.00567
1	0.01557	0.01313	0.01386	0.01221	0.01571	0.01511	0.00957	0.10931	0.66531	0.02612	0.02298	0.02119	0.01717	0.00792	0.00601	0.00198	0.00488	0.00654	0.00601	0.00944
2	0.00721	0.00515	0.00686	0.00823	0.00858	0.00480	0.00549	0.00823	0.01132	0.01510	0.03259	0.78831	0.03911	0.01853	0.00755	0.00240	0.00343	0.01681	0.00549	0.00480
3	0.01102	0.00551	0.00551	0.00551	0.00689	0.00551	0.00413	0.01378	0.01240	0.02205	0.01929	0.02205	0.01516	0.00689	0.00413	0.00138	0.00276	0.00551	0.82500	0.00551
4	0.01211	0.07888	0.71542	0.01643	0.02494	0.01434	0.02111	0.01866	0.01246	0.01842	0.01046	0.01230	0.00750	0.00558	0.00550	0.00183	0.00859	0.00429	0.00250	0.00867
5	0.01186	0.03059	0.76153	0.01686	0.02560	0.01373	0.02185	0.01873	0.01249	0.01873	0.01061	0.01249	0.00749	0.00562	0.00562	0.00187	0.00874	0.00437	0.00250	0.00874
6	0.08557	0.01035	0.01333	0.01042	0.01484	0.00945	0.00857	0.02815	0.06731	0.65365	0.02226	0.01948	0.01427	0.00723	0.00578	0.00184	0.00497	0.00580	0.00696	0.00974
7	0.00824	0.00580	0.00684	0.00694	0.00755	0.00555	0.00451	0.00919	0.01132	0.01512	0.17615	0.12319	0.11951	0.42920	0.01941	0.00403	0.00454	0.03388	0.00468	0.00436
8	0.00860	0.00573	0.00645	0.00645	0.00645	0.00573	0.00358	0.00860	0.00860	0.01147	0.01863	0.03870	0.02150	0.79217	0.03010	0.00573	0.00573	0.00860	0.00358	0.00358
9	0.01236	0.01248	0.02341	0.47748	0.11692	0.01377	0.22470	0.01656	0.01263	0.01669	0.01100	0.01570	0.00836	0.00557	0.00622	0.00195	0.00839	0.00576	0.00277	0.00729
10	0.01160	0.00807	0.00889	0.00800	0.00902	0.00846	0.00524	0.16557	0.01275	0.01704	0.01768	0.03341	0.01903	0.62265	0.02488	0.00488	0.00590	0.00789	0.00409	0.00498
11	0.01900	0.00826	0.01117	0.00946	0.01253	0.00728	0.00743	0.02111	0.01568	0.46274	0.15999	0.19044	0.02753	0.01062	0.00648	0.00196	0.00427	0.00917	0.00677	0.00810
12	0.01464	0.00804	0.01029	0.00874	0.01145	0.00726	0.00680	0.05347	0.01637	0.24030	0.35698	0.08041	0.05879	0.03040	0.00706	0.00191	0.00388	0.00887	0.00632	0.06802

[dist]
# distance from previous block
# <min> <max>
0	5

[block]
# block no. 9 follows, 39 sequences, length 46
# corresponding to MSA columns:
# 268-313
name=unknown_J
#
# <colnr> <probs for GDERKNQSTAVLIFYWHMCP>
#	G	D	E	R	K	N	Q	S	T	A	V	L	I	F	Y	W	H	M	C	P
0	0.01727	0.01277	0.01446	0.01073	0.01574	0.01191	0.00874	0.28877	0.01852	0.08523	0.01293	0.01362	0.00972	0.00564	0.00509	0.00129	0.00524	0.00439	0.00472	0.45322
1	0.04938	0.06978	0.01519	0.01275	0.01554	0.50867	0.00974	0.01999	0.01620	0.01714	0.18897	0.01867	0.01924	0.00746	0.00557	0.00160	0.00826	0.00541	0.00388	0.00658
2	0.01056	0.00644	0.00876	0.00799	0.00929	0.00578	0.00561	0.00948	0.00903	0.01275	0.01171	0.06436	0.01169	0.01651	0.01761	0.57648	0.00485	0.00546	0.00298	0.20266
3	0.00762	0.00556	0.00729	0.00820	0.00894	0.00506	0.00559	0.00889	0.01182	0.01605	0.08869	0.67954	0.03852	0.01711	0.00730	0.00226	0.00344	0.01548	0.00544	0.05719
4	0.01776	0.05019	0.19861	0.01488	0.02027	0.09141	0.05938	0.29938	0.14228	0.02634	0.01412	0.01469	0.01038	0.00658	0.00579	0.00181	0.00737	0.00519	0.00450	0.00907
5	0.01264	0.05842	0.01283	0.19483	0.01832	0.00964	0.00913	0.01647	0.07015	0.13362	0.27360	0.03125	0.11650	0.00945	0.00629	0.00187	0.00476	0.00808	0.00528	0.00685
6	0.00737	0.00533	0.00697	0.00798	0.00858	0.00493	0.00545	0.00870	0.01228	0.01648	0.14516	0.63141	0.08278	0.01733	0.00743	0.00229	0.00331	0.01562	0.00565	0.00493
7	0.01207	0.00708	0.00970	0.00975	0.03899	0.00655	0.00720	0.01450	0.01533	0.16253	0.36489	0.16235	0.04033	0.01256	0.00700	0.00206	0.00386	0.11059	0.00621	0.00644
8	0.01512	0.46922	0.18154	0.01401	0.01995	0.01979	0.12424	0.06262	0.01339	0.01713	0.00966	0.01139	0.00794	0.00529	0.00479	0.00153	0.00740	0.00413	0.00280	0.00804
9	0.02056	0.02077	0.01731	0.13223	0.02177	0.34928	0.01212	0.30955	0.02045	0.02377	0.01139	0.01288	0.00864	0.00647	0.00566	0.00169	0.00856	0.00464	0.00414	0.00810
10	0.00717	0.00528	0.00673	0.00789	0.00849	0.00483	0.00534	0.00827	0.01166	0.01523	0.03681	0.67549	0.14921	0.01798	0.00746	0.00234	0.00336	0.01614	0.00549	0.00483
11	0.01226	0.01051	0.01226	0.00876	0.01401	0.00788	0.00701	0.01489	0.01226	0.01927	0.01051	0.01226	0.00876	0.00438	0.00438	0.00088	0.00438	0.00350	0.00350	0.82832
12	0.70877	0.01223	0.01009	0.00868	0.01250	0.01405	0.00715	0.12816	0.01280	0.02819	0.00915	0.01032	0.00697	0.00574	0.00401	0.00182	0.00487	0.00353	0.00401	0.00697
13	0.01592	0.01227	0.01624	0.07644	0.10054	0.01346	0.05255	0.03562	0.37160	0.13561	0.02106	0.02080	0.04261	0.00764	0.00681	0.00198	0.04835	0.00644	0.00522	0.00885
14	0.01394	0.01200	0.01992	0.17278	0.45680	0.01242	0.01589	0.01734	0.01339	0.06528	0.01490	0.02323	0.01322	0.00723	0.00623	0.00195	0.00682	0.11486	0.00354	0.00827
15	0.00832	0.00604	0.00783	0.00739	0.00880	0.00556	0.00554	0.01106	0.01662	0.02342	0.72603	0.04466	0.08211	0.01220	0.00698	0.00187	0.00280	0.01076	0.00647	0.00556
16	0.02026	0.26013	0.02134	0.01330	0.01735	0.36803	0.01098	0.18568	0.01785	0.01955	0.01002	0.01112	0.00817	0.00601	0.00500	0.00150	0.00838	0.00396	0.00355	0.00782
17	0.02112	0.01103	0.01482	0.15294	0.03146	0.01108	0.01047	0.13384	0.04468	0.41757	0.01974	0.06251	0.01405	0.00762	0.00601	0.00187	0.00570	0.00633	0.00596	0.02120
18	0.01258	0.02393	0.47006	0.02141	0.16213	0.01360	0.13030	0.01830	0.01296	0.01882	0.01206	0.01641	0.00953	0.00605	0.00601	0.00192	0.00843	0.04415	0.00282	0.00856
19	0.08437	0.11377	0.02072	0.01418	0.01884	0.04567	0.12189	0.41182	0.02109	0.02868	0.01444	0.01581	0.03793	0.00679	0.00569	0.00176	0.00687	0.01620	0.00473	0.00875
20	0.00750	0.00580	0.00684	0.00701	0.00841	0.00514	0.00509	0.00931	0.01404	0.01832	0.28234	0.22980	0.34940	0.01488	0.00712	0.00205	0.00303	0.01294	0.00583	0.00514
21	0.01201	0.06019	0.73326	0.01659	0.02519	0.01411	0.02140	0.01869	0.01247	0.01854	0.01052	0.01237	0.00750	0.00560	0.00555	0.00185	0.00865	0.00432	0.00250	0.00870
22	0.13820	0.01078	0.01656	0.63362	0.06081	0.01319	0.01494	0.01557	0.01161	0.01702	0.01018	0.01478	0.00771	0.00583	0.00556	0.00194	0.00734	0.00494	0.00280	0.00664
23	0.00725	0.00579	0.00650	0.00676	0.00826	0.00504	0.00490	0.00884	0.01346	0.01696	0.16007	0.23205	0.47252	0.01539	0.00712	0.00207	0.00307	0.01325	0.00565	0.00504
24	0.01403	0.01384	0.02479	0.14093	0.54104	0.01406	0.12829	0.01784	0.01331	0.01866	0.01117	0.01500	0.00909	0.00532	0.00604	0.00182	0.00760	0.00553	0.00289	0.00875
25	0.01263	0.01547	0.13716	0.34155	0.20960	0.01379	0.15050	0.01711	0.01272	0.01740	0.01094	0.01502	0.00838	0.00554	0.00605	0.00191	0.00819	0.00544	0.00275	0.00784
26	0.06746	0.01212	0.02068	0.31673	0.07463	0.01286	0.18605	0.01981	0.04959	0.16086	0.01389	0.01650	0.00995	0.00600	0.00603	0.00193	0.00741	0.00574	0.00387	0.00788
27	0.01185	0.01035	0.01527	0.13074	0.01784	0.01310	0.05663	0.01422	0.01065	0.01651	0.01199	0.01673	0.01030	0.01164	0.08226	0.00280	0.35358	0.00549	0.20181	0.00624
28	0.07127	0.20956	0.02117	0.01288	0.01766	0.05291	0.05524	0.39512	0.02054	0.02762	0.01176	0.01258	0.00896	0.00616	0.00520	0.00160	0.00663	0.00459	0.00449	0.05406
29	0.01833	0.01427	0.01596	0.01215	0.01668	0.01485	0.00997	0.43869	0.02115	0.02945	0.01246	0.01346	0.00944	0.00646	0.00648	0.00154	0.06772	0.00471	0.00485	0.28139
30	0.01376	0.01557	0.03369	0.07790	0.03160	0.01483	0.68333	0.01867	0.01381	0.01867	0.01186	0.01594	0.00890	0.00505	0.00690	0.00199	0.00982	0.00686	0.00297	0.00788
31	0.01237	0.02705	0.58558	0.01881	0.02688	0.01403	0.19424	0.01878	0.01284	0.01878	0.01094	0.01332	0.00785	0.00547	0.00595	0.00190	0.00904	0.00500	0.00262	0.00855
32	0.01396	0.01595	0.03490	0.02493	0.03091	0.01496	0.73380	0.01894	0.01396	0.01894	0.01196	0.01595	0.00897	0.00499	0.00698	0.00199	0.00997	0.00698	0.00299	0.00798
33	0.01441	0.01026	0.01149	0.01020	0.01322	0.01092	0.00795	0.02448	0.41051	0.13665	0.14716	0.03030	0.12794	0.00956	0.00630	0.00195	0.00419	0.00804	0.00622	0.00824
34	0.00818	0.00555	0.00658	0.00699	0.00710	0.00545	0.00416	0.00849	0.00943	0.01257	0.02288	0.26670	0.02686	0.55686	0.02324	0.00472	0.00503	0.01110	0.00416	0.00395
35	0.01369	0.01516	0.03051	0.02247	0.02689	0.01578	0.54541	0.01771	0.01268	0.01771	0.01087	0.01516	0.00866	0.00639	0.01023	0.00215	0.21156	0.00651	0.00289	0.00758
36	0.00756	0.00540	0.00727	0.00864	0.00914	0.00511	0.00611	0.00885	0.01168	0.01550	0.03240	0.67700	0.03833	0.01819	0.00764	0.00245	0.00374	0.12458	0.00548	0.00490
37	0.00742	0.00524	0.00680	0.00796	0.00825	0.00495	0.00520	0.00829	0.01090	0.01454	0.03044	0.67268	0.03640	0.13786	0.01103	0.00292	0.00379	0.01555	0.00520	0.00462
38	0.01380	0.01319	0.02249	0.21589	0.58225	0.01383	0.01773	0.01741	0.01307	0.01830	0.01098	0.01491	0.00901	0.00542	0.00587	0.00181	0.00723	0.00527	0.00285	0.00869
39	0.00840	0.00545	0.00729	0.00838	0.00898	0.00504	0.00569	0.00951	0.01167	0.06125	0.03202	0.74067	0.03760	0.01783	0.00745	0.00237	0.00353	0.01614	0.00560	0.00513
40	0.01027	0.00514	0.00770	0.00770	0.00770	0.00514	0.00514	0.00770	0.00770	0.01027	0.01027	0.01798	0.01027	0.02054	0.02311	0.82794	0.00514	0.00514	0.00257	0.00257
41	0.01380	0.01319	0.02249	0.21589	0.58225	0.01383	0.01773	0.01741	0.01307	0.01830	0.01098	0.01491	0.00901	0.00542	0.00587	0.00181	0.00723	0.00527	0.00285	0.00869
42	0.01300	0.13682	0.16021	0.01645	0.05907	0.01676	0.07777	0.01586	0.01098	0.01578	0.01050	0.06194	0.00987	0.00841	0.01182	0.00214	0.35694	0.00562	0.00280	0.00725
43	0.06571	0.01466	0.02869	0.08317	0.06695	0.01514	0.48067	0.01777	0.01276	0.01841	0.01092	0.01500	0.00856	0.00593	0.00854	0.00206	0.12829	0.00623	0.00294	0.00761
44	0.02209	0.02819	0.01676	0.01524	0.01828	0.76843	0.01143	0.02361	0.01676	0.01447	0.00914	0.01066	0.00762	0.00609	0.00533	0.00152	0.01066	0.00381	0.00305	0.00686
45	0.01369	0.01325	0.02306	0.22930	0.52261	0.01387	0.06317	0.01741	0.01307	0.01820	0.01102	0.01502	0.00895	0.00542	0.00594	0.00183	0.00744	0.00537	0.00285	0.00855

[dist]
# distance from previous block
# <min> <max>
2	5

[block]
# block no. 10 follows, 39 sequences, length 55
# corresponding to MSA columns:
# 319-373
name=unknown_K
#
# <colnr> <probs for GDERKNQSTAVLIFYWHMCP>
#	G	D	E	R	K	N	Q	S	T	A	V	L	I	F	Y	W	H	M	C	P
0	0.01469	0.01321	0.02127	0.03017	0.55543	0.01323	0.01595	0.01733	0.01348	0.01940	0.01390	0.01895	0.01223	0.01590	0.19248	0.00395	0.00968	0.00605	0.00356	0.00914
1	0.17631	0.04854	0.01963	0.02486	0.40809	0.06566	0.01390	0.01904	0.01393	0.05743	0.01440	0.08315	0.01299	0.00772	0.00615	0.00209	0.00686	0.00623	0.00407	0.00895
2	0.00899	0.00716	0.00754	0.00754	0.00934	0.00611	0.00540	0.00999	0.01427	0.01785	0.11658	0.11963	0.56775	0.06185	0.00907	0.00254	0.00379	0.01280	0.00597	0.00583
3	0.00918	0.00802	0.03252	0.00763	0.00964	0.00645	0.00570	0.01013	0.01363	0.01686	0.05187	0.05356	0.59062	0.14239	0.01138	0.00290	0.00425	0.01190	0.00558	0.00578
4	0.01535	0.01657	0.03423	0.07716	0.03229	0.01561	0.66630	0.01969	0.01478	0.02013	0.01347	0.01812	0.01045	0.00616	0.00757	0.00229	0.01026	0.00733	0.00354	0.00869
5	0.27273	0.53139	0.02464	0.01048	0.01514	0.02079	0.00959	0.01865	0.01243	0.01944	0.00993	0.01188	0.00881	0.00631	0.00450	0.00176	0.00630	0.00375	0.00346	0.00804
6	0.00758	0.00602	0.00686	0.00704	0.00870	0.00530	0.00538	0.00943	0.01394	0.01761	0.18903	0.11939	0.47045	0.01488	0.00717	0.00209	0.00328	0.09500	0.00568	0.00514
7	0.01731	0.48020	0.05310	0.01312	0.01781	0.23627	0.07405	0.01955	0.01356	0.01468	0.00890	0.01050	0.00771	0.00537	0.00458	0.00142	0.00797	0.00372	0.00272	0.00745
8	0.00884	0.00730	0.01006	0.03560	0.01136	0.00839	0.00768	0.01018	0.01126	0.01564	0.08859	0.50874	0.03189	0.01555	0.01033	0.00239	0.19304	0.01306	0.00478	0.00534
9	0.01102	0.00551	0.00551	0.00551	0.00689	0.00551	0.00413	0.01378	0.01240	0.02205	0.01929	0.02205	0.01516	0.00689	0.00413	0.00138	0.00276	0.00551	0.82500	0.00551
10	0.01186	0.03059	0.76153	0.01686	0.02560	0.01373	0.02185	0.01873	0.01249	0.01873	0.01061	0.01249	0.00749	0.00562	0.00562	0.00187	0.00874	0.00437	0.00250	0.00874
11	0.01824	0.02077	0.01870	0.16867	0.19542	0.40218	0.01397	0.06079	0.01565	0.01702	0.01016	0.01279	0.00822	0.00592	0.00560	0.00168	0.00904	0.00452	0.00310	0.00757
12	0.04583	0.01496	0.01864	0.08551	0.19945	0.01639	0.01307	0.42003	0.07736	0.02964	0.01369	0.01489	0.01019	0.00657	0.00583	0.00181	0.00655	0.00534	0.00483	0.00941
13	0.00837	0.00604	0.00790	0.00744	0.00883	0.00558	0.00558	0.01116	0.01674	0.02371	0.75216	0.04417	0.05580	0.01209	0.00697	0.00186	0.00279	0.01069	0.00651	0.00558
14	0.01529	0.01372	0.02277	0.04042	0.02231	0.01388	0.31827	0.25379	0.01804	0.02427	0.03292	0.16296	0.01607	0.00845	0.00670	0.00200	0.00736	0.00833	0.00450	0.00797
15	0.01207	0.01147	0.01958	0.58323	0.21507	0.01339	0.02978	0.01592	0.01226	0.01621	0.01069	0.01549	0.00827	0.00574	0.00592	0.00192	0.00771	0.00529	0.00271	0.00728
16	0.01185	0.01037	0.01484	0.01283	0.01365	0.01320	0.05923	0.01376	0.01042	0.01651	0.01338	0.08346	0.01269	0.01133	0.04635	0.00254	0.43767	0.00645	0.20333	0.00614
17	0.07312	0.00934	0.00817	0.00780	0.00989	0.08882	0.00579	0.05379	0.01381	0.01742	0.04190	0.10493	0.44820	0.08093	0.00855	0.00228	0.00443	0.01043	0.00495	0.00546
18	0.66339	0.01213	0.01036	0.00882	0.01270	0.01377	0.00727	0.12686	0.01316	0.07138	0.01003	0.01092	0.00744	0.00584	0.00414	0.00182	0.00489	0.00369	0.00422	0.00717
19	0.01167	0.01083	0.01549	0.08020	0.01639	0.01391	0.03496	0.04416	0.01082	0.01561	0.01484	0.20304	0.01596	0.02941	0.02585	0.00261	0.43640	0.00818	0.00349	0.00620
20	0.01546	0.00996	0.01432	0.05344	0.19078	0.00957	0.01036	0.03447	0.05413	0.21458	0.06696	0.16925	0.04677	0.00947	0.00627	0.00190	0.00510	0.01946	0.00519	0.06255
21	0.02209	0.02819	0.01676	0.01524	0.01828	0.76843	0.01143	0.02361	0.01676	0.01447	0.00914	0.01066	0.00762	0.00609	0.00533	0.00152	0.01066	0.00381	0.00305	0.00686
22	0.00738	0.00535	0.00697	0.00795	0.00858	0.00494	0.00544	0.00873	0.01236	0.01657	0.15243	0.61626	0.09070	0.01723	0.00742	0.00229	0.00330	0.01551	0.00566	0.00494
23	0.01548	0.01309	0.01381	0.01219	0.01567	0.01507	0.00955	0.10162	0.67314	0.02599	0.02309	0.02128	0.01726	0.00793	0.00601	0.00198	0.00486	0.00655	0.00601	0.00943
24	0.00952	0.00683	0.00796	0.00789	0.00878	0.00689	0.00529	0.07007	0.04363	0.01654	0.08867	0.24088	0.07118	0.35504	0.03150	0.00385	0.00490	0.01085	0.00476	0.00499
25	0.01327	0.29183	0.49262	0.01476	0.02217	0.01707	0.03656	0.01839	0.01236	0.01709	0.00983	0.01155	0.00756	0.00541	0.00503	0.00167	0.00795	0.00403	0.00252	0.00833
26	0.01411	0.14573	0.03167	0.02101	0.02592	0.01685	0.50243	0.01801	0.01288	0.01738	0.01070	0.01441	0.00856	0.00582	0.00835	0.00196	0.12761	0.00607	0.00285	0.00768
27	0.00721	0.00515	0.00686	0.00823	0.00858	0.00480	0.00549	0.00823	0.01132	0.01510	0.03259	0.78831	0.03911	0.01853	0.00755	0.00240	0.00343	0.01681	0.00549	0.00480
28	0.06812	0.01084	0.01396	0.38276	0.02610	0.06898	0.01211	0.05780	0.01318	0.01763	0.01687	0.15243	0.01645	0.00937	0.00622	0.00206	0.00663	0.09087	0.02127	0.00633
29	0.01598	0.01262	0.01542	0.05327	0.16181	0.03271	0.01092	0.25244	0.08504	0.06554	0.02417	0.08223	0.14410	0.00902	0.00621	0.00189	0.00568	0.00757	0.00507	0.00831
30	0.00740	0.00530	0.00704	0.00810	0.00862	0.00493	0.00550	0.00872	0.01223	0.01654	0.15278	0.66402	0.04190	0.01745	0.00745	0.00231	0.00332	0.01579	0.00566	0.00493
31	0.01139	0.00854	0.01080	0.01129	0.01324	0.00901	0.00963	0.07093	0.13679	0.02038	0.02879	0.05522	0.02953	0.01424	0.00764	0.00253	0.00540	0.54262	0.00558	0.00645
32	0.01451	0.11939	0.44557	0.08213	0.02420	0.14075	0.03162	0.01944	0.01326	0.04168	0.01052	0.01243	0.00782	0.00570	0.00541	0.00175	0.00860	0.00431	0.00277	0.00813
33	0.02245	0.01736	0.01768	0.01372	0.01834	0.06967	0.01125	0.68684	0.02705	0.03571	0.01385	0.01396	0.00989	0.00703	0.00588	0.00176	0.00679	0.00522	0.00572	0.00984
34	0.00727	0.00517	0.00684	0.00815	0.00848	0.00485	0.00540	0.00825	0.01119	0.01492	0.03193	0.75261	0.03827	0.05536	0.00862	0.00256	0.00354	0.01642	0.00540	0.00475
35	0.01226	0.01051	0.01226	0.00876	0.01401	0.00788	0.00701	0.01489	0.01226	0.01927	0.01051	0.01226	0.00876	0.00438	0.00438	0.00088	0.00438	0.00350	0.00350	0.82832
36	0.76191	0.01097	0.00862	0.00775	0.01121	0.01260	0.00633	0.01684	0.01065	0.02629	0.07314	0.01262	0.01071	0.00607	0.00395	0.00183	0.00442	0.00386	0.00391	0.00633
37	0.01450	0.01241	0.02053	0.02950	0.57383	0.01223	0.01532	0.01780	0.01428	0.07681	0.13583	0.01999	0.01753	0.00657	0.00605	0.00178	0.00617	0.00623	0.00386	0.00879
38	0.01437	0.01378	0.02352	0.09318	0.70047	0.01398	0.01802	0.01792	0.01334	0.01900	0.01108	0.01472	0.00925	0.00532	0.00586	0.00177	0.00709	0.00527	0.00290	0.00915
39	0.00813	0.00604	0.00757	0.00719	0.00869	0.00548	0.00539	0.01070	0.01617	0.02237	0.63189	0.04639	0.17691	0.01259	0.00698	0.00188	0.00283	0.01101	0.00633	0.00548
40	0.28974	0.01407	0.04094	0.01381	0.06035	0.01483	0.08386	0.16974	0.19699	0.02673	0.01407	0.01474	0.01057	0.00638	0.00526	0.00186	0.00584	0.00506	0.00456	0.02060
41	0.01453	0.01389	0.10476	0.09235	0.16956	0.01200	0.04805	0.02091	0.16839	0.10966	0.01778	0.05278	0.03733	0.00700	0.00587	0.00180	0.00610	0.00618	0.00431	0.10675
42	0.01338	0.13135	0.57626	0.01605	0.02389	0.01481	0.06148	0.01920	0.01277	0.06190	0.01112	0.01274	0.00801	0.00561	0.00547	0.00180	0.00827	0.00445	0.00282	0.00862
43	0.01608	0.56657	0.17447	0.01150	0.01724	0.02004	0.01231	0.01900	0.01259	0.08802	0.01018	0.01113	0.00826	0.00539	0.00437	0.00144	0.00668	0.00368	0.00299	0.00806
44	0.00794	0.00639	0.00714	0.00703	0.00880	0.00581	0.00523	0.01082	0.06429	0.01878	0.25951	0.11458	0.43446	0.01396	0.00697	0.00199	0.00309	0.01193	0.00583	0.00545
45	0.01251	0.02560	0.56309	0.09972	0.06924	0.01365	0.01978	0.01951	0.06873	0.03586	0.01196	0.01388	0.00862	0.00585	0.00570	0.00189	0.00815	0.00473	0.00292	0.00862
46	0.01670	0.01259	0.03593	0.16759	0.30654	0.01290	0.01448	0.02107	0.07746	0.19900	0.01487	0.01667	0.01097	0.00649	0.00682	0.00190	0.05953	0.00553	0.00418	0.00879
47	0.01298	0.01064	0.01163	0.01054	0.01336	0.01180	0.00815	0.02512	0.50999	0.03974	0.20354	0.02939	0.06900	0.00940	0.00630	0.00197	0.00413	0.00798	0.00614	0.00821
48	0.01003	0.00800	0.01052	0.10239	0.02926	0.00847	0.00844	0.01533	0.15251	0.02050	0.28343	0.13777	0.05391	0.01204	0.00691	0.00211	0.00436	0.12213	0.00555	0.00635
49	0.01655	0.01378	0.02110	0.09601	0.47557	0.01431	0.01569	0.13916	0.05119	0.07896	0.01314	0.01544	0.01017	0.00592	0.00589	0.00180	0.00675	0.00540	0.00389	0.00928
50	0.01768	0.01119	0.01301	0.01129	0.01462	0.01180	0.00896	0.14525	0.27920	0.21646	0.02392	0.13245	0.01990	0.00975	0.00635	0.00203	0.00496	0.05621	0.00623	0.00874
51	0.01102	0.00551	0.00551	0.00551	0.00689	0.00551	0.00413	0.01378	0.01240	0.02205	0.01929	0.02205	0.01516	0.00689	0.00413	0.00138	0.00276	0.00551	0.82500	0.00551
52	0.01413	0.04649	0.01960	0.03826	0.38495	0.01300	0.03733	0.10324	0.04454	0.02067	0.01545	0.14377	0.01461	0.00774	0.00599	0.00180	0.00615	0.00709	0.00387	0.07132
53	0.01788	0.01429	0.01736	0.01298	0.01784	0.01441	0.07287	0.39947	0.02059	0.02867	0.01251	0.01364	0.00944	0.00608	0.00592	0.00151	0.03176	0.00483	0.00471	0.29322
54	0.01887	0.04759	0.01706	0.19253	0.02250	0.02945	0.01160	0.32629	0.05133	0.13187	0.01439	0.01532	0.01028	0.00655	0.00569	0.00173	0.00643	0.00517	0.00493	0.08043

[dist]
# distance from previous block
# <min> <max>
0	1

[block]
# block no. 11 follows, 39 sequences, length 12
# corresponding to MSA columns:
# 375-386
name=unknown_L
#
# <colnr> <probs for GDERKNQSTAVLIFYWHMCP>
#	G	D	E	R	K	N	Q	S	T	A	V	L	I	F	Y	W	H	M	C	P
0	0.01332	0.19478	0.35501	0.05044	0.02550	0.01621	0.22758	0.01841	0.01278	0.01757	0.01048	0.01298	0.00796	0.00532	0.00563	0.00178	0.00853	0.00491	0.00265	0.00817
1	0.03740	0.01425	0.06629	0.01988	0.02442	0.01337	0.46110	0.01669	0.01242	0.01767	0.01235	0.01699	0.01003	0.01419	0.17761	0.00370	0.06494	0.00646	0.00300	0.00726
2	0.00737	0.00576	0.00660	0.00688	0.00824	0.00508	0.00493	0.00892	0.01330	0.01699	0.17931	0.25121	0.40076	0.04738	0.00809	0.00223	0.00319	0.01316	0.00560	0.00499
3	0.00767	0.00564	0.00736	0.00828	0.00908	0.00509	0.00563	0.00885	0.01141	0.01548	0.03056	0.71689	0.03632	0.01723	0.00726	0.00226	0.00352	0.01559	0.00531	0.08059
4	0.01444	0.01461	0.02719	0.03297	0.54308	0.01432	0.22780	0.01838	0.01361	0.01921	0.01137	0.01502	0.00925	0.00519	0.00618	0.00183	0.00789	0.00577	0.00295	0.00896
5	0.00718	0.00523	0.00678	0.00801	0.00852	0.00482	0.00539	0.00826	0.01153	0.01518	0.03528	0.71630	0.10938	0.01818	0.00749	0.00236	0.00339	0.01639	0.00549	0.00482
6	0.00721	0.00515	0.00686	0.00823	0.00858	0.00480	0.00549	0.00823	0.01132	0.01510	0.03259	0.78831	0.03911	0.01853	0.00755	0.00240	0.00343	0.01681	0.00549	0.00480
7	0.01964	0.01690	0.01774	0.01437	0.01751	0.10861	0.01176	0.43851	0.02098	0.02778	0.01170	0.01340	0.00909	0.00793	0.00980	0.00198	0.23399	0.00510	0.00460	0.00862
8	0.00721	0.00515	0.00686	0.00823	0.00858	0.00480	0.00549	0.00823	0.01132	0.01510	0.03259	0.78831	0.03911	0.01853	0.00755	0.00240	0.00343	0.01681	0.00549	0.00480
9	0.01027	0.00514	0.00770	0.00770	0.00770	0.00514	0.00514	0.00770	0.00770	0.01027	0.01027	0.01798	0.01027	0.02054	0.02311	0.82794	0.00514	0.00514	0.00257	0.00257
10	0.01206	0.01147	0.01913	0.55914	0.19482	0.01371	0.01654	0.01571	0.01198	0.01596	0.01044	0.01531	0.00820	0.00610	0.00691	0.00197	0.06544	0.00525	0.00269	0.00717
11	0.01099	0.00943	0.01089	0.06451	0.06869	0.03373	0.00834	0.08460	0.09177	0.01945	0.05468	0.07367	0.34858	0.01205	0.00671	0.00203	0.00468	0.08354	0.00514	0.00650

[dist]
# distance from previous block
# <min> <max>
16	69

# created by:
# /software/SequenceAnalysis/GenePrediction/augustus/3.0.1/scripts/msa2prfl.pl ./fixed/BUSCOvEOG72RFNF.fas
