[name]
unknown

[dist]
# distance from previous block
# <min> <max>
0	186

[block]
# block no. 0 follows, 38 sequences, length 11
# corresponding to MSA columns:
# 266-276
name=unknown_A
#
# <colnr> <probs for GDERKNQSTAVLIFYWHMCP>
#	G	D	E	R	K	N	Q	S	T	A	V	L	I	F	Y	W	H	M	C	P
0	0.04391	0.00954	0.01041	0.00920	0.01183	0.05233	0.00723	0.07752	0.01641	0.03923	0.35044	0.05399	0.06912	0.01054	0.00644	0.00180	0.00433	0.07799	0.00558	0.14216
1	0.01308	0.03874	0.03498	0.02303	0.36954	0.06815	0.01329	0.01581	0.01382	0.01823	0.06444	0.02970	0.10949	0.00952	0.00724	0.04101	0.00633	0.11216	0.00388	0.00754
2	0.01247	0.01069	0.01247	0.00891	0.01426	0.00802	0.00713	0.01515	0.01247	0.01960	0.01069	0.01247	0.00891	0.00446	0.00446	0.00089	0.00446	0.00356	0.00356	0.82536
3	0.83108	0.01163	0.00884	0.00791	0.01163	0.01350	0.00651	0.01768	0.01024	0.02699	0.00838	0.00977	0.00651	0.00558	0.00372	0.00186	0.00465	0.00326	0.00372	0.00651
4	0.01471	0.00902	0.01037	0.00898	0.01083	0.00920	0.00635	0.17890	0.01472	0.13141	0.01948	0.07459	0.01917	0.44338	0.01983	0.00410	0.00577	0.00806	0.00489	0.00625
5	0.01193	0.01012	0.01190	0.00885	0.01367	0.00769	0.00697	0.01444	0.01237	0.01916	0.01305	0.09365	0.01216	0.00597	0.00479	0.00105	0.00435	0.00499	0.00378	0.73911
6	0.01378	0.01461	0.08543	0.08519	0.37347	0.01360	0.09097	0.05974	0.01424	0.02012	0.07348	0.01788	0.01347	0.00875	0.05283	0.00237	0.04222	0.00599	0.00341	0.00844
7	0.01688	0.06433	0.01585	0.01345	0.04486	0.22990	0.01011	0.05645	0.30281	0.02116	0.05919	0.01787	0.01514	0.00709	0.00564	0.00169	0.00664	0.00550	0.00465	0.10078
8	0.00750	0.00611	0.00663	0.00650	0.00836	0.00524	0.00488	0.00938	0.01463	0.01842	0.25008	0.05433	0.55812	0.01443	0.00711	0.00199	0.00299	0.01220	0.00587	0.00524
9	0.01902	0.01851	0.04589	0.02411	0.33100	0.15928	0.01483	0.26777	0.01939	0.02505	0.01200	0.01389	0.00937	0.00618	0.00587	0.00175	0.00773	0.00506	0.00405	0.00926
10	0.01410	0.01262	0.01661	0.09815	0.20512	0.01333	0.01211	0.02365	0.34299	0.02169	0.01711	0.01799	0.01326	0.00653	0.00576	0.00176	0.00565	0.00568	0.00448	0.16142

[dist]
# distance from previous block
# <min> <max>
0	24

[block]
# block no. 1 follows, 38 sequences, length 11
# corresponding to MSA columns:
# 301-311
name=unknown_B
#
# <colnr> <probs for GDERKNQSTAVLIFYWHMCP>
#	G	D	E	R	K	N	Q	S	T	A	V	L	I	F	Y	W	H	M	C	P
0	0.00754	0.00537	0.00713	0.00847	0.00887	0.00506	0.00576	0.00865	0.01155	0.01537	0.03247	0.70748	0.03869	0.05171	0.00870	0.00261	0.00372	0.06049	0.00550	0.00487
1	0.00874	0.00587	0.00677	0.00677	0.00684	0.00594	0.00390	0.00888	0.00881	0.01182	0.01877	0.03832	0.02142	0.73908	0.07950	0.00609	0.00652	0.00859	0.00362	0.00376
2	0.01437	0.01376	0.02348	0.14513	0.64690	0.01416	0.01820	0.01801	0.01345	0.01902	0.01122	0.01506	0.00931	0.00546	0.00596	0.00182	0.00727	0.00536	0.00293	0.00911
3	0.01274	0.02373	0.50430	0.01458	0.02163	0.01205	0.01718	0.01882	0.05029	0.06600	0.01455	0.09104	0.01202	0.00711	0.00580	0.00184	0.00735	0.00583	0.00347	0.10967
4	0.01977	0.01333	0.01499	0.01215	0.01586	0.01428	0.00972	0.47962	0.02284	0.11222	0.01875	0.15871	0.01626	0.01014	0.00726	0.04588	0.00580	0.00765	0.00591	0.00883
5	0.01446	0.01525	0.15905	0.14332	0.02213	0.01388	0.05218	0.01842	0.04475	0.12217	0.01315	0.01649	0.01024	0.02801	0.02693	0.00239	0.24288	0.00553	0.04113	0.00763
6	0.00765	0.00603	0.00690	0.00686	0.00850	0.00528	0.00508	0.00960	0.01471	0.01905	0.31007	0.12599	0.42385	0.01452	0.00716	0.00202	0.00301	0.01247	0.00597	0.00528
7	0.01688	0.13822	0.13154	0.06615	0.02022	0.08969	0.04133	0.22580	0.10420	0.02382	0.03997	0.04887	0.01290	0.00720	0.00575	0.00180	0.00710	0.00571	0.00434	0.00851
8	0.08595	0.08956	0.01916	0.42055	0.18744	0.01413	0.01473	0.01642	0.01229	0.01766	0.01096	0.01500	0.00865	0.00581	0.00547	0.00183	0.00704	0.00497	0.05506	0.00732
9	0.02699	0.01024	0.01396	0.01070	0.01536	0.00884	0.00884	0.02932	0.01722	0.75522	0.02373	0.02048	0.01489	0.00745	0.00605	0.00186	0.00512	0.00605	0.00745	0.01024
10	0.01010	0.00888	0.01522	0.01641	0.13496	0.00852	0.13509	0.01251	0.01267	0.01712	0.02572	0.42388	0.02873	0.01391	0.00738	0.00231	0.00554	0.11005	0.00471	0.00630

[dist]
# distance from previous block
# <min> <max>
0	1

[block]
# block no. 2 follows, 38 sequences, length 22
# corresponding to MSA columns:
# 313-334
name=unknown_C
#
# <colnr> <probs for GDERKNQSTAVLIFYWHMCP>
#	G	D	E	R	K	N	Q	S	T	A	V	L	I	F	Y	W	H	M	C	P
0	0.01738	0.01821	0.03650	0.02675	0.03285	0.01677	0.69239	0.02129	0.01614	0.02218	0.01539	0.02061	0.01225	0.00731	0.00843	0.00262	0.01099	0.00804	0.00419	0.00974
1	0.00739	0.00606	0.00651	0.00649	0.00832	0.00518	0.00483	0.00913	0.01422	0.01769	0.18867	0.09264	0.58228	0.01487	0.00714	0.00203	0.00303	0.01258	0.00578	0.00518
2	0.00842	0.00615	0.00792	0.00747	0.00893	0.00564	0.00561	0.01118	0.01682	0.02362	0.70377	0.04577	0.10119	0.01249	0.00710	0.00190	0.00285	0.01100	0.00656	0.00564
3	0.01460	0.01391	0.02322	0.09760	0.64641	0.01426	0.01777	0.01902	0.05781	0.01963	0.01207	0.01545	0.00994	0.00559	0.00597	0.00182	0.00707	0.00545	0.00314	0.00929
4	0.83108	0.01163	0.00884	0.00791	0.01163	0.01350	0.00651	0.01768	0.01024	0.02699	0.00838	0.00977	0.00651	0.00558	0.00372	0.00186	0.00465	0.00326	0.00372	0.00651
5	0.00749	0.00551	0.00702	0.00790	0.00868	0.00504	0.00545	0.00890	0.01274	0.01691	0.15311	0.55545	0.14923	0.01724	0.00750	0.00229	0.00332	0.01543	0.00575	0.00504
6	0.01394	0.01332	0.02270	0.23569	0.55973	0.01404	0.01799	0.01763	0.01325	0.01850	0.01115	0.01520	0.00912	0.00554	0.00597	0.00185	0.00738	0.00536	0.00290	0.00876
7	0.00861	0.00639	0.00939	0.00939	0.01036	0.00737	0.00717	0.01056	0.00958	0.01376	0.01637	0.02505	0.01566	0.11226	0.69845	0.00932	0.01518	0.00665	0.00326	0.00522
8	0.00893	0.00658	0.00854	0.00952	0.01091	0.00633	0.00793	0.01115	0.01337	0.01706	0.03768	0.10089	0.19591	0.06600	0.00944	0.00278	0.00489	0.47140	0.00543	0.00528
9	0.00841	0.00563	0.00740	0.00828	0.00905	0.00518	0.00570	0.00975	0.01253	0.05236	0.11546	0.62615	0.07678	0.01736	0.00750	0.00233	0.00347	0.01563	0.00579	0.00525
10	0.01453	0.35544	0.31447	0.01465	0.02094	0.05615	0.06794	0.01861	0.01263	0.01649	0.00962	0.01158	0.00780	0.00572	0.00579	0.00167	0.05111	0.00413	0.00262	0.00811
11	0.01009	0.00676	0.00876	0.00881	0.01022	0.00653	0.00675	0.01307	0.05215	0.06483	0.32969	0.15540	0.04135	0.08994	0.00965	0.00256	0.00407	0.16760	0.00596	0.00581
12	0.01317	0.10576	0.37078	0.09427	0.13863	0.01539	0.10276	0.01828	0.01274	0.01805	0.01062	0.01348	0.00816	0.00580	0.00646	0.00188	0.04775	0.00490	0.00269	0.00844
13	0.00717	0.00603	0.00616	0.00625	0.00811	0.00509	0.00460	0.00862	0.01342	0.01605	0.05795	0.10159	0.68294	0.03940	0.00787	0.00217	0.00316	0.01284	0.00553	0.00502
14	0.46274	0.01381	0.01292	0.01052	0.01474	0.01555	0.00868	0.32166	0.01813	0.05367	0.01142	0.01208	0.00835	0.00634	0.00477	0.00184	0.00550	0.00426	0.00481	0.00821
15	0.01136	0.01069	0.01804	0.77412	0.04143	0.01337	0.01671	0.01537	0.01203	0.01537	0.01069	0.01604	0.00802	0.00601	0.00601	0.00200	0.00802	0.00535	0.00267	0.00668
16	0.01496	0.01292	0.01360	0.01224	0.01564	0.01496	0.00952	0.03197	0.74019	0.02516	0.02448	0.02244	0.01836	0.00816	0.00612	0.00204	0.00476	0.00680	0.00612	0.00952
17	0.01253	0.00993	0.01105	0.00980	0.01246	0.01054	0.00762	0.12381	0.25457	0.02533	0.30145	0.03501	0.13991	0.01063	0.00662	0.00195	0.00406	0.00901	0.00622	0.00752
18	0.01121	0.00561	0.00561	0.00561	0.00701	0.00561	0.00421	0.01402	0.01262	0.02243	0.01962	0.02243	0.01542	0.00701	0.00421	0.00140	0.00280	0.00561	0.82198	0.00561
19	0.01317	0.01309	0.04594	0.24252	0.38488	0.01324	0.01621	0.01670	0.01276	0.01799	0.01169	0.04307	0.01000	0.00621	0.00655	0.00183	0.04450	0.00557	0.00301	0.09107
20	0.01489	0.01429	0.02442	0.03692	0.75106	0.01429	0.01846	0.01846	0.01370	0.01965	0.01132	0.01489	0.00953	0.00536	0.00596	0.00179	0.00715	0.00536	0.00298	0.00953
21	0.01494	0.01479	0.01615	0.27755	0.06299	0.14676	0.01279	0.04446	0.26125	0.01960	0.01711	0.01977	0.02980	0.00732	0.00604	0.00194	0.00713	0.02752	0.00420	0.00788

[dist]
# distance from previous block
# <min> <max>
3	5

[block]
# block no. 3 follows, 38 sequences, length 16
# corresponding to MSA columns:
# 340-355
name=unknown_D
#
# <colnr> <probs for GDERKNQSTAVLIFYWHMCP>
#	G	D	E	R	K	N	Q	S	T	A	V	L	I	F	Y	W	H	M	C	P
0	0.01834	0.19620	0.02111	0.10188	0.02066	0.26063	0.06100	0.12079	0.01646	0.04779	0.01322	0.01470	0.04337	0.00642	0.00541	0.00163	0.00806	0.00483	0.00364	0.03383
1	0.00733	0.00524	0.00698	0.00838	0.00873	0.00489	0.00558	0.00838	0.01152	0.01536	0.03316	0.78466	0.03979	0.01885	0.00768	0.00244	0.00349	0.01710	0.00558	0.00489
2	0.01547	0.57479	0.02656	0.01157	0.05216	0.02032	0.01012	0.08346	0.01385	0.01687	0.01419	0.06739	0.05799	0.00695	0.00464	0.00149	0.00606	0.00511	0.00332	0.00768
3	0.01821	0.26673	0.03772	0.08102	0.03783	0.31487	0.04200	0.05601	0.03214	0.01639	0.00988	0.01183	0.00824	0.00604	0.00568	0.00161	0.03902	0.00418	0.00308	0.00754
4	0.01121	0.00561	0.00561	0.00561	0.00701	0.00561	0.00421	0.01402	0.01262	0.02243	0.01962	0.02243	0.01542	0.00701	0.00421	0.00140	0.00280	0.00561	0.82198	0.00561
5	0.03884	0.48428	0.08953	0.01157	0.01638	0.02000	0.01133	0.05565	0.01298	0.05421	0.00977	0.01130	0.00827	0.00601	0.00610	0.00154	0.09471	0.00384	0.00310	0.06058
6	0.00852	0.00573	0.00663	0.00686	0.00691	0.00568	0.00396	0.00869	0.00920	0.01227	0.02127	0.16105	0.02480	0.66290	0.02687	0.00528	0.00545	0.01011	0.00396	0.00385
7	0.01420	0.01623	0.03550	0.02535	0.03144	0.01521	0.72921	0.01927	0.01420	0.01927	0.01217	0.01623	0.00913	0.00507	0.00710	0.00203	0.01014	0.00710	0.00304	0.00811
8	0.01453	0.01340	0.04513	0.01312	0.05512	0.01355	0.01008	0.04561	0.50173	0.02380	0.02009	0.01936	0.01527	0.00712	0.00575	0.00178	0.00505	0.00592	0.00527	0.17833
9	0.01938	0.12194	0.10789	0.01526	0.05765	0.38908	0.01255	0.06647	0.01605	0.05427	0.01063	0.01198	0.00844	0.00594	0.00527	0.00155	0.00874	0.00412	0.00340	0.07938
10	0.18331	0.01310	0.01576	0.12729	0.05830	0.04590	0.02490	0.07425	0.04963	0.02062	0.01153	0.01437	0.02401	0.00729	0.00900	0.00197	0.20944	0.00489	0.00353	0.10092
11	0.01481	0.03753	0.01470	0.13604	0.01948	0.05327	0.01030	0.05211	0.35418	0.05315	0.01916	0.06770	0.01539	0.00773	0.00586	0.00184	0.00564	0.00643	0.00495	0.11974
12	0.00733	0.00524	0.00698	0.00838	0.00873	0.00489	0.00558	0.00838	0.01152	0.01536	0.03316	0.78466	0.03979	0.01885	0.00768	0.00244	0.00349	0.01710	0.00558	0.00489
13	0.01509	0.01414	0.02524	0.07600	0.34207	0.01462	0.21384	0.01933	0.04393	0.06853	0.01252	0.01583	0.00987	0.00617	0.00785	0.00198	0.09502	0.00594	0.00337	0.00867
14	0.01311	0.01397	0.02898	0.18383	0.03133	0.01384	0.50328	0.01741	0.01334	0.01787	0.01283	0.03655	0.01041	0.00671	0.00773	0.04282	0.00915	0.02637	0.00307	0.00738
15	0.01261	0.01065	0.01150	0.01065	0.01347	0.01178	0.00831	0.02456	0.49252	0.02309	0.10913	0.03384	0.14326	0.01036	0.00654	0.00207	0.00433	0.05717	0.00605	0.00810

[dist]
# distance from previous block
# <min> <max>
0	6

[block]
# block no. 4 follows, 38 sequences, length 14
# corresponding to MSA columns:
# 362-375
name=unknown_E
#
# <colnr> <probs for GDERKNQSTAVLIFYWHMCP>
#	G	D	E	R	K	N	Q	S	T	A	V	L	I	F	Y	W	H	M	C	P
0	0.00793	0.00555	0.00674	0.00745	0.00775	0.00531	0.00468	0.00855	0.01045	0.01381	0.02872	0.41737	0.07572	0.35170	0.01757	0.00388	0.00448	0.01322	0.00475	0.00436
1	0.03219	0.01509	0.01997	0.14269	0.05525	0.06366	0.11078	0.27263	0.01796	0.02423	0.01196	0.01484	0.00928	0.00798	0.02199	0.01673	0.12918	0.00549	0.01994	0.00816
2	0.01121	0.00561	0.00561	0.00561	0.00701	0.00561	0.00421	0.01402	0.01262	0.02243	0.01962	0.02243	0.01542	0.00701	0.00421	0.00140	0.00280	0.00561	0.82198	0.00561
3	0.12825	0.00965	0.01276	0.01166	0.01272	0.01237	0.00944	0.01311	0.00958	0.01602	0.01199	0.01781	0.01120	0.02677	0.38249	0.00597	0.29359	0.00556	0.00308	0.00598
4	0.01569	0.12368	0.01539	0.01070	0.01387	0.01430	0.00853	0.28516	0.11298	0.02432	0.02078	0.08546	0.07118	0.15888	0.01067	0.00261	0.00567	0.00742	0.00501	0.00769
5	0.01237	0.08418	0.53561	0.01699	0.02457	0.01419	0.12133	0.01835	0.01325	0.01914	0.07335	0.01571	0.01201	0.00614	0.00589	0.00188	0.00837	0.00528	0.00296	0.00842
6	0.00855	0.00618	0.00814	0.00809	0.00944	0.00577	0.00621	0.01119	0.01603	0.02230	0.56712	0.10871	0.07232	0.01354	0.00732	0.00207	0.00328	0.11180	0.00635	0.00557
7	0.00992	0.00540	0.00803	0.00815	0.00833	0.00553	0.00558	0.00830	0.00841	0.01137	0.01319	0.08408	0.01360	0.02420	0.12849	0.63823	0.00664	0.00641	0.00295	0.00320
8	0.01281	0.00995	0.01116	0.01010	0.01240	0.04009	0.00795	0.17736	0.06470	0.02551	0.36105	0.09801	0.03769	0.01168	0.00691	0.00202	0.00452	0.09305	0.00610	0.00693
9	0.00777	0.00621	0.00699	0.00716	0.00875	0.00558	0.00523	0.01011	0.04577	0.01790	0.18076	0.21984	0.42601	0.01520	0.00719	0.00210	0.00318	0.01310	0.00580	0.00534
10	0.01263	0.01036	0.01207	0.00918	0.01359	0.00871	0.00729	0.07495	0.04426	0.02230	0.16413	0.01976	0.01931	0.00646	0.00520	0.00122	0.00431	0.00536	0.00451	0.55441
11	0.01045	0.00522	0.00784	0.00784	0.00784	0.00522	0.00522	0.00784	0.00784	0.01045	0.01045	0.01829	0.01045	0.02090	0.02351	0.82497	0.00522	0.00522	0.00261	0.00261
12	0.00997	0.01052	0.07146	0.06347	0.07709	0.00899	0.15698	0.01268	0.01237	0.01679	0.02397	0.45757	0.02660	0.01312	0.00717	0.00224	0.00585	0.01240	0.00444	0.00634
13	0.01422	0.08070	0.02160	0.03305	0.07422	0.10842	0.17825	0.01664	0.01221	0.01602	0.01124	0.01718	0.01036	0.11889	0.01265	0.00248	0.18970	0.00571	0.00303	0.07342

[dist]
# distance from previous block
# <min> <max>
0	19

# created by:
# /software/SequenceAnalysis/GenePrediction/augustus/3.0.1/scripts/msa2prfl.pl ./fixed/BUSCOvEOG72Z65T.fas
