[name]
unknown

[dist]
# distance from previous block
# <min> <max>
0	167

[block]
# block no. 0 follows, 41 sequences, length 35
# corresponding to MSA columns:
# 192-226
name=unknown_A
#
# <colnr> <probs for GDERKNQSTAVLIFYWHMCP>
#	G	D	E	R	K	N	Q	S	T	A	V	L	I	F	Y	W	H	M	C	P
0	0.01147	0.02959	0.76934	0.01630	0.02476	0.01328	0.02113	0.01811	0.01208	0.01811	0.01026	0.01208	0.00725	0.00543	0.00543	0.00181	0.00845	0.00423	0.00242	0.00845
1	0.01416	0.01359	0.02322	0.03511	0.76330	0.01359	0.01755	0.01755	0.01302	0.01869	0.01076	0.01416	0.00906	0.00510	0.00566	0.00170	0.00680	0.00510	0.00283	0.00906
2	0.02024	0.01604	0.01627	0.01297	0.01717	0.06757	0.01053	0.55617	0.16858	0.03220	0.01528	0.01500	0.01109	0.00698	0.00570	0.00174	0.00622	0.00531	0.00556	0.00939
3	0.01093	0.01034	0.01718	0.72891	0.03761	0.01306	0.01564	0.01455	0.01124	0.01455	0.00997	0.01505	0.00762	0.00603	0.00667	0.00195	0.06473	0.00508	0.00254	0.00635
4	0.00895	0.00501	0.00714	0.00751	0.00770	0.00487	0.00503	0.00763	0.00871	0.01151	0.01839	0.23513	0.05621	0.01905	0.01738	0.56028	0.00440	0.00847	0.00341	0.00320
5	0.01188	0.05273	0.64394	0.01717	0.02514	0.01375	0.12020	0.01811	0.01226	0.01799	0.01037	0.01244	0.00745	0.00533	0.00556	0.00181	0.00854	0.00454	0.00248	0.00832
6	0.00972	0.00889	0.01552	0.01233	0.01499	0.00843	0.22315	0.01288	0.01486	0.02059	0.45089	0.03476	0.10258	0.00986	0.00715	0.00187	0.03113	0.00926	0.00508	0.00606
7	0.00697	0.00498	0.00664	0.00796	0.00830	0.00465	0.00531	0.00796	0.01095	0.01460	0.03153	0.79525	0.03783	0.01792	0.00730	0.00232	0.00332	0.01626	0.00531	0.00465
8	0.01350	0.01543	0.03375	0.02411	0.02989	0.01446	0.74253	0.01832	0.01350	0.01832	0.01157	0.01543	0.00868	0.00482	0.00675	0.00193	0.00964	0.00675	0.00289	0.00771
9	0.01276	0.05514	0.07533	0.05262	0.02638	0.01352	0.53182	0.01681	0.01273	0.01718	0.01241	0.04277	0.01033	0.00670	0.00756	0.05733	0.00864	0.02985	0.00296	0.00715
10	0.01147	0.02959	0.76934	0.01630	0.02476	0.01328	0.02113	0.01811	0.01208	0.01811	0.01026	0.01208	0.00725	0.00543	0.00543	0.00181	0.00845	0.00423	0.00242	0.00845
11	0.01350	0.01543	0.03375	0.02411	0.02989	0.01446	0.74253	0.01832	0.01350	0.01832	0.01157	0.01543	0.00868	0.00482	0.00675	0.00193	0.00964	0.00675	0.00289	0.00771
12	0.01154	0.01092	0.01848	0.62093	0.19796	0.01290	0.01625	0.01526	0.01178	0.01551	0.01030	0.01501	0.00794	0.00558	0.00571	0.00186	0.00744	0.00509	0.00261	0.00695
13	0.00769	0.00579	0.00719	0.00802	0.00886	0.00560	0.00556	0.01024	0.07993	0.01608	0.07953	0.59688	0.11472	0.01622	0.00707	0.00221	0.00335	0.01453	0.00542	0.00512
14	0.00891	0.00648	0.00878	0.00993	0.01133	0.00636	0.00860	0.01139	0.01315	0.01691	0.03379	0.06332	0.12527	0.01563	0.00776	0.00254	0.00497	0.63440	0.00527	0.00521
15	0.01147	0.02959	0.76934	0.01630	0.02476	0.01328	0.02113	0.01811	0.01208	0.01811	0.01026	0.01208	0.00725	0.00543	0.00543	0.00181	0.00845	0.00423	0.00242	0.00845
16	0.01147	0.02959	0.76934	0.01630	0.02476	0.01328	0.02113	0.01811	0.01208	0.01811	0.01026	0.01208	0.00725	0.00543	0.00543	0.00181	0.00845	0.00423	0.00242	0.00845
17	0.01367	0.01309	0.02234	0.14373	0.65847	0.01346	0.01731	0.01713	0.01279	0.01810	0.01067	0.01431	0.00885	0.00519	0.00567	0.00173	0.00692	0.00509	0.00279	0.00867
18	0.02137	0.02726	0.01621	0.01474	0.01768	0.77602	0.01105	0.02284	0.01621	0.01400	0.00884	0.01031	0.00737	0.00589	0.00516	0.00147	0.01031	0.00368	0.00295	0.00663
19	0.01416	0.01359	0.02322	0.03511	0.76330	0.01359	0.01755	0.01755	0.01302	0.01869	0.01076	0.01416	0.00906	0.00510	0.00566	0.00170	0.00680	0.00510	0.00283	0.00906
20	0.01078	0.01007	0.01690	0.68627	0.08566	0.01226	0.01533	0.01439	0.01151	0.01488	0.01155	0.06434	0.00962	0.00645	0.00581	0.00192	0.00730	0.00579	0.00274	0.00643
21	0.01394	0.01328	0.02217	0.08360	0.66791	0.01357	0.01691	0.01817	0.05955	0.01875	0.01151	0.01468	0.00949	0.00531	0.00568	0.00173	0.00671	0.00518	0.00300	0.00888
22	0.01416	0.01359	0.02322	0.03511	0.76330	0.01359	0.01755	0.01755	0.01302	0.01869	0.01076	0.01416	0.00906	0.00510	0.00566	0.00170	0.00680	0.00510	0.00283	0.00906
23	0.02566	0.00973	0.01327	0.01018	0.01460	0.00841	0.00841	0.02788	0.01637	0.76726	0.02257	0.01947	0.01416	0.00708	0.00575	0.00177	0.00487	0.00575	0.00708	0.00973
24	0.00706	0.00505	0.00662	0.00781	0.00819	0.00471	0.00520	0.00806	0.01101	0.01467	0.05011	0.72322	0.05477	0.05389	0.00828	0.00245	0.00340	0.01564	0.00525	0.00461
25	0.00697	0.00498	0.00664	0.00796	0.00830	0.00465	0.00531	0.00796	0.01095	0.01460	0.03153	0.79525	0.03783	0.01792	0.00730	0.00232	0.00332	0.01626	0.00531	0.00465
26	0.02385	0.01014	0.01322	0.01041	0.01464	0.00933	0.00851	0.02828	0.13336	0.64920	0.02268	0.01977	0.01468	0.00719	0.00576	0.00180	0.00481	0.00587	0.00688	0.00963
27	0.01412	0.01369	0.02376	0.03454	0.72522	0.01364	0.05520	0.01759	0.01305	0.01867	0.01080	0.01422	0.00904	0.00508	0.00572	0.00171	0.00694	0.00518	0.00283	0.00899
28	0.02266	0.01041	0.01318	0.01056	0.01467	0.00994	0.00858	0.02854	0.20991	0.57196	0.02275	0.01996	0.01503	0.00726	0.00577	0.00181	0.00478	0.00594	0.00675	0.00956
29	0.00677	0.00577	0.00582	0.00586	0.00774	0.00482	0.00438	0.00820	0.01297	0.01543	0.05713	0.07793	0.73862	0.01459	0.00678	0.00194	0.00291	0.01220	0.00531	0.00482
30	0.02566	0.00973	0.01327	0.01018	0.01460	0.00841	0.00841	0.02788	0.01637	0.76726	0.02257	0.01947	0.01416	0.00708	0.00575	0.00177	0.00487	0.00575	0.00708	0.00973
31	0.01147	0.02959	0.76934	0.01630	0.02476	0.01328	0.02113	0.01811	0.01208	0.01811	0.01026	0.01208	0.00725	0.00543	0.00543	0.00181	0.00845	0.00423	0.00242	0.00845
32	0.01168	0.01107	0.01875	0.58814	0.22960	0.01294	0.01632	0.01539	0.01185	0.01568	0.01032	0.01496	0.00800	0.00556	0.00570	0.00185	0.00741	0.00509	0.00262	0.00707
33	0.02174	0.01602	0.01717	0.01316	0.01774	0.01774	0.01087	0.74423	0.02689	0.03605	0.01373	0.01373	0.00973	0.00687	0.00572	0.00172	0.00629	0.00515	0.00572	0.00973
34	0.01386	0.01329	0.02269	0.10071	0.69999	0.01351	0.01741	0.01730	0.01289	0.01833	0.01071	0.01425	0.00893	0.00515	0.00567	0.00172	0.00687	0.00510	0.00281	0.00882

[dist]
# distance from previous block
# <min> <max>
0	2

[block]
# block no. 1 follows, 41 sequences, length 11
# corresponding to MSA columns:
# 229-239
name=unknown_B
#
# <colnr> <probs for GDERKNQSTAVLIFYWHMCP>
#	G	D	E	R	K	N	Q	S	T	A	V	L	I	F	Y	W	H	M	C	P
0	0.01361	0.01497	0.03071	0.02228	0.02770	0.01443	0.63526	0.02009	0.12164	0.01914	0.01328	0.01629	0.00996	0.00525	0.00661	0.00193	0.00889	0.00671	0.00332	0.00791
1	0.02130	0.01153	0.04464	0.01266	0.01755	0.00956	0.13858	0.02418	0.01515	0.51546	0.01865	0.01755	0.01224	0.00627	0.00573	0.00169	0.00577	0.00558	0.00571	0.11020
2	0.01147	0.02959	0.76934	0.01630	0.02476	0.01328	0.02113	0.01811	0.01208	0.01811	0.01026	0.01208	0.00725	0.00543	0.00543	0.00181	0.00845	0.00423	0.00242	0.00845
3	0.01663	0.01175	0.01301	0.01133	0.01482	0.01300	0.00892	0.02986	0.59821	0.18010	0.02313	0.02095	0.01677	0.00762	0.00581	0.00190	0.00460	0.00632	0.00608	0.00920
4	0.00881	0.00678	0.00831	0.00861	0.01020	0.00667	0.00686	0.01270	0.10417	0.01872	0.20865	0.12515	0.19242	0.01377	0.00707	0.00217	0.00386	0.24388	0.00559	0.00561
5	0.01417	0.01340	0.02171	0.03168	0.65385	0.01368	0.01631	0.01943	0.12124	0.01945	0.01259	0.01521	0.01029	0.00549	0.00569	0.00173	0.00646	0.00530	0.00327	0.00906
6	0.00697	0.00498	0.00664	0.00796	0.00830	0.00465	0.00531	0.00796	0.01095	0.01460	0.03153	0.79525	0.03783	0.01792	0.00730	0.00232	0.00332	0.01626	0.00531	0.00465
7	0.01422	0.01650	0.11411	0.05917	0.56706	0.07046	0.04015	0.01793	0.01310	0.01810	0.01056	0.01370	0.00865	0.00521	0.00563	0.00171	0.00738	0.00494	0.00278	0.00866
8	0.01066	0.00997	0.01695	0.61069	0.08093	0.01185	0.04527	0.01414	0.01156	0.01503	0.01288	0.11065	0.01146	0.00713	0.00595	0.00195	0.00713	0.00652	0.00291	0.00637
9	0.00787	0.00660	0.00694	0.00671	0.00872	0.00606	0.00508	0.01130	0.10405	0.01758	0.15641	0.04912	0.56659	0.01325	0.00664	0.00191	0.00307	0.01113	0.00552	0.00543
10	0.01350	0.01543	0.03375	0.02411	0.02989	0.01446	0.74253	0.01832	0.01350	0.01832	0.01157	0.01543	0.00868	0.00482	0.00675	0.00193	0.00964	0.00675	0.00289	0.00771

[dist]
# distance from previous block
# <min> <max>
8	10

[block]
# block no. 2 follows, 41 sequences, length 22
# corresponding to MSA columns:
# 250-271
name=unknown_C
#
# <colnr> <probs for GDERKNQSTAVLIFYWHMCP>
#	G	D	E	R	K	N	Q	S	T	A	V	L	I	F	Y	W	H	M	C	P
0	0.02043	0.01593	0.01982	0.01491	0.01968	0.01721	0.12787	0.62815	0.02475	0.03321	0.01339	0.01400	0.00956	0.00654	0.00589	0.00175	0.00683	0.00541	0.00527	0.00941
1	0.02088	0.01383	0.01390	0.01118	0.01532	0.14573	0.00893	0.09437	0.10889	0.35053	0.01739	0.01631	0.01203	0.00648	0.00541	0.00159	0.00583	0.00504	0.00547	0.14089
2	0.01632	0.67667	0.02793	0.01033	0.01517	0.02185	0.00996	0.13339	0.01406	0.01707	0.00888	0.00990	0.00772	0.00521	0.00400	0.00130	0.00615	0.00339	0.00297	0.00772
3	0.00676	0.00579	0.00579	0.00579	0.00773	0.00483	0.00435	0.00821	0.01304	0.01545	0.05794	0.05505	0.76098	0.01449	0.00676	0.00193	0.00290	0.01207	0.00531	0.00483
4	0.83938	0.01106	0.00841	0.00752	0.01106	0.01283	0.00619	0.01681	0.00973	0.02566	0.00796	0.00929	0.00619	0.00531	0.00354	0.00177	0.00442	0.00310	0.00354	0.00619
5	0.00808	0.00684	0.00711	0.00686	0.00895	0.00639	0.00520	0.01201	0.13166	0.01753	0.12027	0.04847	0.57377	0.01314	0.00661	0.00192	0.00314	0.01101	0.00549	0.00556
6	0.00697	0.00498	0.00664	0.00796	0.00830	0.00465	0.00531	0.00796	0.01095	0.01460	0.03153	0.79525	0.03783	0.01792	0.00730	0.00232	0.00332	0.01626	0.00531	0.00465
7	0.01135	0.01051	0.01648	0.66153	0.03547	0.01295	0.01479	0.01714	0.13001	0.01610	0.01226	0.01622	0.00920	0.00605	0.00573	0.00191	0.00713	0.00530	0.00307	0.00679
8	0.07821	0.02303	0.01553	0.01550	0.08844	0.58565	0.01081	0.02104	0.01525	0.01593	0.03616	0.01226	0.00943	0.00602	0.00510	0.00152	0.00894	0.00409	0.04034	0.00673
9	0.01125	0.01028	0.01596	0.52534	0.09142	0.01224	0.01391	0.01673	0.13009	0.01643	0.01438	0.09151	0.01223	0.00717	0.00588	0.00194	0.00665	0.00639	0.00336	0.00684
10	0.00679	0.00566	0.00593	0.00614	0.00782	0.00480	0.00450	0.00817	0.01270	0.01532	0.05372	0.17341	0.64535	0.01504	0.00685	0.00199	0.00296	0.01274	0.00531	0.00480
11	0.01364	0.46742	0.35047	0.01261	0.01905	0.01858	0.01471	0.01756	0.01182	0.01548	0.00895	0.01043	0.00730	0.00513	0.00443	0.00148	0.00713	0.00356	0.00243	0.00782
12	0.01265	0.01394	0.02982	0.02172	0.02675	0.01330	0.62494	0.01703	0.01281	0.01752	0.01217	0.01656	0.00958	0.01091	0.12981	0.00309	0.01055	0.00665	0.00292	0.00730
13	0.03304	0.01737	0.02022	0.01710	0.02184	0.01509	0.01274	0.10182	0.02289	0.58578	0.02978	0.03162	0.02234	0.01350	0.00997	0.00360	0.00842	0.00876	0.00976	0.01437
14	0.02924	0.02119	0.02217	0.01869	0.02329	0.02103	0.01403	0.57588	0.02952	0.04097	0.02360	0.02796	0.01944	0.01333	0.00981	0.00352	0.00919	0.00833	0.07480	0.01402
15	0.00793	0.00529	0.00728	0.00837	0.00884	0.00508	0.00601	0.00863	0.01076	0.01426	0.02746	0.51558	0.03194	0.01785	0.01008	0.14946	0.00399	0.15199	0.00480	0.00438
16	0.01441	0.62406	0.20062	0.01129	0.01701	0.02048	0.01241	0.01736	0.01173	0.01453	0.00849	0.00984	0.00732	0.00502	0.00408	0.00136	0.00666	0.00333	0.00244	0.00760
17	0.00818	0.00608	0.00896	0.00896	0.00990	0.00702	0.00685	0.01006	0.00912	0.01310	0.01554	0.02367	0.01482	0.10343	0.71649	0.00890	0.01454	0.00630	0.00310	0.00498
18	0.02138	0.01636	0.01693	0.01316	0.01760	0.05170	0.01080	0.67906	0.05968	0.03450	0.01395	0.01393	0.00998	0.00686	0.00570	0.00172	0.00639	0.00514	0.00560	0.00956
19	0.01180	0.00822	0.01224	0.01084	0.01289	0.03336	0.08432	0.01406	0.01124	0.12893	0.01750	0.09551	0.01574	0.02855	0.45157	0.00611	0.01137	0.00701	0.03266	0.00610
20	0.02566	0.00973	0.01327	0.01018	0.01460	0.00841	0.00841	0.02788	0.01637	0.76726	0.02257	0.01947	0.01416	0.00708	0.00575	0.00177	0.00487	0.00575	0.00708	0.00973
21	0.01106	0.00997	0.01702	0.59502	0.09285	0.01184	0.04253	0.01406	0.01113	0.01448	0.01024	0.01545	0.00808	0.00747	0.00791	0.10979	0.00729	0.00513	0.00257	0.00612

[dist]
# distance from previous block
# <min> <max>
0	64

[block]
# block no. 3 follows, 41 sequences, length 8
# corresponding to MSA columns:
# 336-343
name=unknown_D
#
# <colnr> <probs for GDERKNQSTAVLIFYWHMCP>
#	G	D	E	R	K	N	Q	S	T	A	V	L	I	F	Y	W	H	M	C	P
0	0.01147	0.02959	0.76934	0.01630	0.02476	0.01328	0.02113	0.01811	0.01208	0.01811	0.01026	0.01208	0.00725	0.00543	0.00543	0.00181	0.00845	0.00423	0.00242	0.00845
1	0.00922	0.00655	0.00832	0.00821	0.00997	0.00560	0.00585	0.01068	0.01148	0.05669	0.02564	0.55514	0.02913	0.01387	0.00644	0.00192	0.00363	0.01244	0.00492	0.21428
2	0.00983	0.00886	0.01450	0.58901	0.03154	0.01067	0.01322	0.01294	0.01131	0.01461	0.01556	0.21216	0.01525	0.00880	0.00612	0.00201	0.00654	0.00791	0.00324	0.00592
3	0.01399	0.01405	0.02588	0.03233	0.57815	0.01381	0.20057	0.01775	0.01314	0.01859	0.01096	0.01448	0.00896	0.00503	0.00594	0.00176	0.00751	0.00551	0.00285	0.00872
4	0.02566	0.00973	0.01327	0.01018	0.01460	0.00841	0.00841	0.02788	0.01637	0.76726	0.02257	0.01947	0.01416	0.00708	0.00575	0.00177	0.00487	0.00575	0.00708	0.00973
5	0.01241	0.01343	0.09589	0.07616	0.34054	0.03383	0.04569	0.01587	0.01275	0.01767	0.01567	0.02681	0.01483	0.00814	0.00675	0.00199	0.03993	0.18673	0.02742	0.00750
6	0.01388	0.01331	0.02272	0.09674	0.70382	0.01352	0.01742	0.01731	0.01289	0.01835	0.01071	0.01425	0.00894	0.00515	0.00567	0.00172	0.00686	0.00510	0.00281	0.00884
7	0.00754	0.00538	0.00729	0.00861	0.00919	0.00514	0.00630	0.00895	0.01151	0.01524	0.03121	0.61077	0.03659	0.01738	0.00745	0.00240	0.00381	0.19513	0.00530	0.00480

[dist]
# distance from previous block
# <min> <max>
0	1

[block]
# block no. 4 follows, 41 sequences, length 9
# corresponding to MSA columns:
# 345-353
name=unknown_E
#
# <colnr> <probs for GDERKNQSTAVLIFYWHMCP>
#	G	D	E	R	K	N	Q	S	T	A	V	L	I	F	Y	W	H	M	C	P
0	0.03829	0.08638	0.54785	0.01577	0.02318	0.01369	0.09129	0.01888	0.01249	0.08389	0.01123	0.01275	0.00797	0.00547	0.00540	0.00177	0.00795	0.00449	0.00291	0.00834
1	0.00737	0.00526	0.00710	0.00842	0.00893	0.00499	0.00600	0.00866	0.01135	0.01505	0.03131	0.66524	0.03696	0.01754	0.00741	0.00238	0.00367	0.14232	0.00530	0.00476
2	0.00966	0.00709	0.00954	0.01063	0.01212	0.00726	0.00920	0.01348	0.07824	0.01772	0.02967	0.06072	0.03156	0.01509	0.00772	0.00257	0.00520	0.66162	0.00532	0.00560
3	0.01130	0.01355	0.09867	0.05004	0.02296	0.01166	0.39606	0.01501	0.01232	0.01687	0.01679	0.23427	0.01663	0.00886	0.00733	0.00206	0.04631	0.00902	0.00349	0.00680
4	0.01162	0.01418	0.10085	0.01919	0.02384	0.01183	0.48101	0.01565	0.01270	0.01735	0.01655	0.21491	0.01600	0.00824	0.00676	0.00202	0.00790	0.00893	0.00346	0.00700
5	0.00765	0.00590	0.00851	0.14625	0.01383	0.00608	0.00719	0.00915	0.01104	0.01460	0.02773	0.65647	0.03246	0.01575	0.00702	0.00225	0.00408	0.01427	0.00482	0.00495
6	0.01567	0.27651	0.22779	0.01448	0.02025	0.01586	0.14924	0.01941	0.01284	0.14975	0.01184	0.01308	0.00878	0.00560	0.00564	0.00166	0.03556	0.00461	0.00335	0.00810
7	0.00835	0.00615	0.00791	0.00789	0.00916	0.00591	0.00591	0.01158	0.06223	0.02090	0.51185	0.19170	0.04679	0.01299	0.00689	0.00198	0.00314	0.06722	0.00599	0.00547
8	0.01256	0.01751	0.21813	0.01732	0.02235	0.04241	0.29472	0.06290	0.01337	0.01836	0.01458	0.15276	0.01345	0.00772	0.00689	0.00194	0.04516	0.00740	0.00337	0.02710

[dist]
# distance from previous block
# <min> <max>
14	108

# created by:
# /software/SequenceAnalysis/GenePrediction/augustus/3.0.1/scripts/msa2prfl.pl ./fixed/BUSCOvEOG7H1C9W.fas
