[name]
unknown

[dist]
# distance from previous block
# <min> <max>
60	303

[block]
# block no. 0 follows, 40 sequences, length 11
# corresponding to MSA columns:
# 347-357
name=unknown_A
#
# <colnr> <probs for GDERKNQSTAVLIFYWHMCP>
#	G	D	E	R	K	N	Q	S	T	A	V	L	I	F	Y	W	H	M	C	P
0	0.01571	0.09264	0.01718	0.36647	0.02670	0.07426	0.01240	0.02013	0.09118	0.16282	0.01388	0.01578	0.01011	0.00615	0.00549	0.00175	0.00675	0.00503	0.00391	0.05165
1	0.01512	0.01657	0.13585	0.04740	0.01840	0.10779	0.06957	0.23120	0.01841	0.02431	0.20376	0.04842	0.02156	0.00806	0.00611	0.00180	0.00655	0.00678	0.00469	0.00766
2	0.13928	0.01162	0.01291	0.08965	0.01647	0.01293	0.00920	0.30487	0.07655	0.02603	0.01830	0.22132	0.01737	0.00969	0.00592	0.00196	0.00530	0.00803	0.00505	0.00757
3	0.01215	0.00947	0.01091	0.01022	0.01237	0.01034	0.00774	0.14006	0.24383	0.02204	0.08266	0.28117	0.02602	0.01519	0.08498	0.00281	0.00547	0.00998	0.00548	0.00711
4	0.27707	0.01205	0.01080	0.00959	0.01261	0.13163	0.00748	0.01913	0.01363	0.22125	0.09247	0.13395	0.01850	0.00858	0.00538	0.00184	0.00523	0.00675	0.00503	0.00702
5	0.01472	0.09538	0.01760	0.01248	0.01610	0.08873	0.14925	0.01721	0.01400	0.14447	0.08874	0.06525	0.13523	0.00851	0.00654	0.00176	0.03901	0.00734	0.00449	0.07321
6	0.05844	0.01318	0.09284	0.01186	0.01484	0.01287	0.01024	0.15840	0.14828	0.04823	0.01510	0.07789	0.01295	0.01023	0.01044	0.12706	0.13056	0.00608	0.00427	0.03625
7	0.14834	0.00861	0.00996	0.00884	0.01185	0.00842	0.00725	0.01956	0.05434	0.28637	0.02515	0.03014	0.09530	0.00919	0.00570	0.00191	0.00438	0.12750	0.12990	0.00730
8	0.01763	0.01298	0.01454	0.01194	0.01536	0.01430	0.00959	0.51245	0.02201	0.02964	0.01695	0.13277	0.01495	0.01455	0.12910	0.00306	0.00742	0.00710	0.00532	0.00836
9	0.01421	0.14220	0.45592	0.01709	0.10029	0.01570	0.01769	0.13399	0.01473	0.02069	0.01070	0.01233	0.00798	0.00564	0.00533	0.00172	0.00770	0.00436	0.00304	0.00870
10	0.01727	0.14211	0.09661	0.01237	0.01679	0.07634	0.01100	0.13354	0.31004	0.09871	0.01705	0.01645	0.01265	0.00681	0.00545	0.00175	0.00606	0.00527	0.00488	0.00884

[dist]
# distance from previous block
# <min> <max>
0	3

[block]
# block no. 1 follows, 40 sequences, length 8
# corresponding to MSA columns:
# 361-368
name=unknown_B
#
# <colnr> <probs for GDERKNQSTAVLIFYWHMCP>
#	G	D	E	R	K	N	Q	S	T	A	V	L	I	F	Y	W	H	M	C	P
0	0.01376	0.43853	0.09889	0.01331	0.01813	0.01779	0.17163	0.01651	0.01181	0.01489	0.01058	0.01510	0.00970	0.11723	0.00827	0.00208	0.00716	0.00482	0.00273	0.00710
1	0.01443	0.11986	0.04115	0.01119	0.01440	0.05331	0.00917	0.09523	0.32191	0.04668	0.02115	0.18900	0.01912	0.00948	0.00589	0.00190	0.00519	0.00792	0.00509	0.00792
2	0.08555	0.00900	0.00933	0.00907	0.01083	0.07411	0.00676	0.06335	0.01443	0.07319	0.20904	0.33119	0.03314	0.01276	0.00654	0.00203	0.00433	0.03391	0.00544	0.00598
3	0.01571	0.01199	0.04277	0.01129	0.01492	0.01171	0.07984	0.30021	0.01893	0.06625	0.06049	0.02360	0.11943	0.00804	0.00573	0.00172	0.00524	0.00671	0.18773	0.00771
4	0.00804	0.00597	0.00752	0.00801	0.00907	0.00569	0.00583	0.01053	0.05104	0.01801	0.24378	0.35895	0.12071	0.04077	0.00791	0.00228	0.00347	0.08155	0.00565	0.00522
5	0.01755	0.01595	0.12147	0.01249	0.01697	0.01461	0.01130	0.47592	0.02279	0.03111	0.17805	0.02026	0.01950	0.00786	0.00601	0.00178	0.00590	0.00627	0.00547	0.00873
6	0.01351	0.01222	0.02109	0.02739	0.48903	0.01208	0.11703	0.01700	0.01308	0.01954	0.01284	0.01619	0.01042	0.00550	0.00554	0.00168	0.00639	0.00547	0.18582	0.00818
7	0.01273	0.01206	0.01968	0.02909	0.59273	0.01184	0.01487	0.01574	0.01324	0.01827	0.02157	0.02361	0.17501	0.00730	0.00600	0.00178	0.00603	0.00675	0.00344	0.00826

[dist]
# distance from previous block
# <min> <max>
1	5

[block]
# block no. 2 follows, 40 sequences, length 16
# corresponding to MSA columns:
# 375-390
name=unknown_C
#
# <colnr> <probs for GDERKNQSTAVLIFYWHMCP>
#	G	D	E	R	K	N	Q	S	T	A	V	L	I	F	Y	W	H	M	C	P
0	0.02172	0.02772	0.01648	0.01498	0.01798	0.77228	0.01124	0.02322	0.01648	0.01423	0.00899	0.01049	0.00749	0.00599	0.00524	0.00150	0.01049	0.00375	0.00300	0.00674
1	0.01098	0.01034	0.01744	0.78165	0.04005	0.01292	0.01615	0.01486	0.01163	0.01486	0.01034	0.01550	0.00775	0.00581	0.00581	0.00194	0.00775	0.00517	0.00258	0.00646
2	0.01345	0.01286	0.02190	0.24152	0.56089	0.01357	0.01738	0.01702	0.01280	0.01786	0.01077	0.01470	0.00881	0.00536	0.00577	0.00179	0.00714	0.00518	0.00280	0.00845
3	0.01098	0.01034	0.01744	0.78165	0.04005	0.01292	0.01615	0.01486	0.01163	0.01486	0.01034	0.01550	0.00775	0.00581	0.00581	0.00194	0.00775	0.00517	0.00258	0.00646
4	0.01098	0.01034	0.01744	0.78165	0.04005	0.01292	0.01615	0.01486	0.01163	0.01486	0.01034	0.01550	0.00775	0.00581	0.00581	0.00194	0.00775	0.00517	0.00258	0.00646
5	0.02234	0.02518	0.01606	0.01432	0.01753	0.66383	0.01085	0.02395	0.01650	0.12062	0.01097	0.01181	0.00847	0.00616	0.00533	0.00154	0.00970	0.00404	0.00359	0.00719
6	0.01062	0.00967	0.01587	0.67155	0.03526	0.01189	0.01436	0.01395	0.01118	0.01435	0.01147	0.01871	0.00965	0.11797	0.00919	0.00246	0.00745	0.00563	0.00272	0.00604
7	0.01439	0.01382	0.02360	0.03569	0.75936	0.01382	0.01785	0.01785	0.01324	0.01900	0.01094	0.01439	0.00921	0.00518	0.00576	0.00173	0.00691	0.00518	0.00288	0.00921
8	0.01439	0.01382	0.02360	0.03569	0.75936	0.01382	0.01785	0.01785	0.01324	0.01900	0.01094	0.01439	0.00921	0.00518	0.00576	0.00173	0.00691	0.00518	0.00288	0.00921
9	0.01517	0.01385	0.02216	0.10141	0.58766	0.01433	0.01673	0.12012	0.01509	0.02112	0.01131	0.01443	0.00917	0.00550	0.00577	0.00175	0.00691	0.00519	0.00327	0.00905
10	0.01543	0.01407	0.02051	0.13504	0.44123	0.03954	0.01546	0.13836	0.08338	0.02167	0.01246	0.01502	0.00985	0.00585	0.00577	0.00178	0.00685	0.00527	0.00361	0.00885
11	0.01382	0.01323	0.02256	0.16170	0.63785	0.01367	0.01756	0.01734	0.01297	0.01830	0.01084	0.01458	0.00896	0.00529	0.00577	0.00176	0.00705	0.00518	0.00283	0.00875
12	0.01208	0.01076	0.01535	0.07432	0.17971	0.00962	0.04027	0.01543	0.03221	0.01939	0.11681	0.01769	0.01549	0.00581	0.00525	0.00135	0.00516	0.00519	0.00372	0.41439
13	0.13005	0.01352	0.02519	0.15142	0.15191	0.01373	0.36908	0.01733	0.01267	0.01900	0.01146	0.03726	0.00922	0.00556	0.00605	0.00191	0.00803	0.00605	0.00304	0.00753
14	0.01136	0.01076	0.01705	0.59319	0.03435	0.03430	0.04862	0.01500	0.01206	0.01557	0.01225	0.01973	0.01024	0.00661	0.00594	0.00191	0.00744	0.07110	0.00293	0.06958
15	0.01521	0.00806	0.01068	0.04514	0.01285	0.00762	0.00737	0.01888	0.07238	0.28724	0.40328	0.03202	0.03536	0.00962	0.00638	0.00183	0.00391	0.00830	0.00647	0.00739

[dist]
# distance from previous block
# <min> <max>
18	40

[block]
# block no. 3 follows, 40 sequences, length 17
# corresponding to MSA columns:
# 440-456
name=unknown_D
#
# <colnr> <probs for GDERKNQSTAVLIFYWHMCP>
#	G	D	E	R	K	N	Q	S	T	A	V	L	I	F	Y	W	H	M	C	P
0	0.01226	0.32582	0.13020	0.01157	0.05136	0.01392	0.01035	0.01464	0.01190	0.04491	0.01787	0.29441	0.01906	0.00996	0.00552	0.00178	0.00552	0.00837	0.00375	0.00682
1	0.00776	0.00558	0.00735	0.00764	0.00858	0.00517	0.00545	0.00979	0.01426	0.01982	0.45720	0.35250	0.04809	0.01450	0.00709	0.00205	0.00300	0.01300	0.00599	0.00517
2	0.01193	0.04800	0.46810	0.01347	0.02070	0.01173	0.01581	0.01701	0.01218	0.01846	0.01032	0.01210	0.00782	0.00506	0.00502	0.00147	0.00696	0.00395	0.00282	0.30707
3	0.01385	0.00734	0.00865	0.00751	0.01039	0.00623	0.00592	0.01560	0.01448	0.28704	0.04586	0.04284	0.48751	0.01199	0.00650	0.00190	0.00367	0.00994	0.00605	0.00672
4	0.01050	0.02121	0.49000	0.01286	0.01834	0.01065	0.01497	0.01480	0.01089	0.01582	0.01330	0.02163	0.01237	0.29225	0.01426	0.00322	0.00752	0.00581	0.00284	0.00675
5	0.00928	0.00772	0.01228	0.28962	0.02115	0.00932	0.01049	0.01201	0.01017	0.01399	0.01367	0.02018	0.01208	0.02990	0.49432	0.00666	0.01274	0.00584	0.00292	0.00565
6	0.00957	0.00754	0.00926	0.00774	0.01051	0.00629	0.00596	0.01221	0.01475	0.02146	0.46053	0.03250	0.06331	0.00924	0.00593	0.00148	0.00332	0.00801	0.00529	0.30511
7	0.01724	0.01387	0.01471	0.01240	0.01618	0.01576	0.00988	0.28822	0.48701	0.02880	0.02015	0.01889	0.01490	0.00756	0.00588	0.00189	0.00525	0.00609	0.00588	0.00945
8	0.01545	0.02507	0.49403	0.01542	0.02258	0.01515	0.01770	0.28027	0.01774	0.02503	0.01172	0.01289	0.00828	0.00605	0.00563	0.00181	0.00780	0.00464	0.00368	0.00906
9	0.01181	0.02291	0.49208	0.01369	0.02104	0.01142	0.01619	0.01705	0.01220	0.01861	0.01040	0.01220	0.00782	0.00508	0.00508	0.00149	0.00704	0.00399	0.00281	0.30711
10	0.01206	0.01034	0.01206	0.00861	0.01378	0.00775	0.00689	0.01464	0.01206	0.01895	0.01034	0.01206	0.00861	0.00431	0.00431	0.00086	0.00431	0.00345	0.00345	0.83118
11	0.01190	0.05808	0.39377	0.01200	0.01741	0.01074	0.03273	0.01667	0.01249	0.03914	0.03345	0.01665	0.01158	0.00615	0.00498	0.00164	0.00612	0.00492	0.30226	0.00732
12	0.00875	0.00750	0.00813	0.00688	0.01001	0.00594	0.00532	0.01063	0.01282	0.01689	0.04128	0.04003	0.48541	0.01095	0.00594	0.00156	0.00344	0.00907	0.00469	0.30476
13	0.00928	0.00772	0.01228	0.28962	0.02115	0.00932	0.01049	0.01201	0.01017	0.01399	0.01367	0.02018	0.01208	0.02990	0.49432	0.00666	0.01274	0.00584	0.00292	0.00565
14	0.01227	0.19182	0.33260	0.29277	0.02832	0.01538	0.01702	0.01690	0.01194	0.01609	0.00988	0.01280	0.00753	0.00551	0.00524	0.00175	0.00777	0.00435	0.00251	0.00757
15	0.01206	0.01034	0.01206	0.00861	0.01378	0.00775	0.00689	0.01464	0.01206	0.01895	0.01034	0.01206	0.00861	0.00431	0.00431	0.00086	0.00431	0.00345	0.00345	0.83118
16	0.02186	0.02357	0.01683	0.01440	0.01800	0.49857	0.01117	0.28333	0.02042	0.02237	0.01079	0.01175	0.00836	0.00635	0.00545	0.00159	0.00900	0.00429	0.00402	0.00788

[dist]
# distance from previous block
# <min> <max>
0	4

[block]
# block no. 4 follows, 40 sequences, length 12
# corresponding to MSA columns:
# 461-472
name=unknown_E
#
# <colnr> <probs for GDERKNQSTAVLIFYWHMCP>
#	G	D	E	R	K	N	Q	S	T	A	V	L	I	F	Y	W	H	M	C	P
0	0.01329	0.01269	0.02161	0.27658	0.52708	0.01353	0.01730	0.01688	0.01272	0.01766	0.01074	0.01475	0.00874	0.00539	0.00578	0.00180	0.00718	0.00518	0.00278	0.00832
1	0.01133	0.01034	0.01570	0.53203	0.03157	0.01125	0.01316	0.01479	0.01177	0.01618	0.01034	0.01439	0.00803	0.00533	0.00533	0.00159	0.00664	0.00461	0.00286	0.27278
2	0.01179	0.00925	0.00962	0.00831	0.01114	0.00915	0.00656	0.24460	0.01780	0.02247	0.04440	0.04240	0.51574	0.01223	0.00653	0.00189	0.00406	0.01000	0.00553	0.00652
3	0.00927	0.00715	0.00993	0.25670	0.01723	0.00799	0.00760	0.01052	0.00948	0.01243	0.01574	0.03077	0.01682	0.54059	0.02192	0.00444	0.00632	0.00739	0.00322	0.00447
4	0.01187	0.02314	0.49359	0.01431	0.02170	0.01169	0.04482	0.01721	0.01226	0.01860	0.01046	0.01234	0.00783	0.00511	0.00518	0.00153	0.00726	0.00412	0.00279	0.27419
5	0.02480	0.01196	0.01477	0.01133	0.01587	0.01161	0.00936	0.25814	0.02010	0.52871	0.02004	0.01791	0.01294	0.00713	0.00584	0.00178	0.00542	0.00565	0.00675	0.00989
6	0.00899	0.00545	0.00674	0.00674	0.00674	0.00545	0.00402	0.00817	0.00817	0.01090	0.01567	0.03147	0.01758	0.54523	0.02738	0.27210	0.00545	0.00736	0.00320	0.00320
7	0.01418	0.01442	0.02706	0.03208	0.52396	0.01410	0.25047	0.01810	0.01340	0.01888	0.01121	0.01481	0.00909	0.00509	0.00611	0.00180	0.00784	0.00572	0.00290	0.00877
8	0.00734	0.00526	0.00698	0.00792	0.00849	0.00490	0.00542	0.00875	0.01234	0.01676	0.19547	0.62297	0.04216	0.01679	0.00730	0.00224	0.00323	0.01517	0.00562	0.00490
9	0.01411	0.01261	0.01541	0.01290	0.01669	0.01373	0.09119	0.02768	0.58279	0.02308	0.02082	0.01993	0.01571	0.00715	0.00584	0.00185	0.00516	0.00625	0.00530	0.10179
10	0.10806	0.62164	0.02722	0.01259	0.09850	0.02085	0.01043	0.01743	0.01176	0.01568	0.00841	0.00991	0.00753	0.00505	0.00394	0.00136	0.00610	0.00335	0.00266	0.00753
11	0.01748	0.62177	0.02709	0.01038	0.01527	0.02082	0.00992	0.10016	0.01411	0.10085	0.01042	0.01103	0.00852	0.00545	0.00421	0.00136	0.00610	0.00366	0.00339	0.00801

[dist]
# distance from previous block
# <min> <max>
0	1

[block]
# block no. 5 follows, 40 sequences, length 16
# corresponding to MSA columns:
# 474-489
name=unknown_F
#
# <colnr> <probs for GDERKNQSTAVLIFYWHMCP>
#	G	D	E	R	K	N	Q	S	T	A	V	L	I	F	Y	W	H	M	C	P
0	0.01101	0.00647	0.00857	0.00793	0.00967	0.00588	0.00598	0.01342	0.01572	0.14402	0.53105	0.14745	0.04584	0.01203	0.00677	0.00190	0.00320	0.01061	0.00639	0.00610
1	0.01389	0.01647	0.13234	0.03109	0.53340	0.01392	0.13706	0.01806	0.01318	0.01885	0.01100	0.01430	0.00888	0.00518	0.00591	0.00178	0.00763	0.00533	0.00283	0.00890
2	0.01335	0.01257	0.02051	0.17589	0.49703	0.01264	0.01571	0.01674	0.01273	0.01819	0.01072	0.01422	0.00883	0.00516	0.00553	0.00163	0.00664	0.00489	0.00291	0.14410
3	0.13088	0.07789	0.60807	0.01485	0.02249	0.01406	0.01854	0.01816	0.01190	0.01921	0.00994	0.01168	0.00722	0.00547	0.00513	0.00180	0.00785	0.00405	0.00262	0.00819
4	0.15098	0.01375	0.02024	0.02786	0.52922	0.01430	0.01496	0.12184	0.01472	0.02271	0.01091	0.01352	0.00883	0.00548	0.00541	0.00174	0.00644	0.00485	0.00342	0.00883
5	0.01299	0.02305	0.53207	0.01428	0.02092	0.01134	0.01697	0.01815	0.01272	0.12524	0.01580	0.14179	0.01350	0.00786	0.00588	0.00192	0.00721	0.00654	0.00362	0.00814
6	0.14987	0.01339	0.02112	0.03107	0.63610	0.01369	0.01594	0.01772	0.01269	0.02017	0.01047	0.01358	0.00873	0.00522	0.00540	0.00174	0.00651	0.00485	0.00300	0.00873
7	0.14789	0.02490	0.53537	0.01625	0.02363	0.01360	0.12233	0.01823	0.01209	0.01971	0.01024	0.01230	0.00740	0.00541	0.00540	0.00185	0.00809	0.00448	0.00271	0.00811
8	0.01206	0.01034	0.01206	0.00861	0.01378	0.00775	0.00689	0.01464	0.01206	0.01895	0.01034	0.01206	0.00861	0.00431	0.00431	0.00086	0.00431	0.00345	0.00345	0.83118
9	0.01166	0.03008	0.76550	0.01657	0.02517	0.01351	0.02149	0.01842	0.01228	0.01842	0.01044	0.01228	0.00737	0.00552	0.00552	0.00184	0.00859	0.00430	0.00246	0.00859
10	0.01439	0.01382	0.02360	0.03569	0.75936	0.01382	0.01785	0.01785	0.01324	0.01900	0.01094	0.01439	0.00921	0.00518	0.00576	0.00173	0.00691	0.00518	0.00288	0.00921
11	0.01063	0.00702	0.00878	0.00891	0.01038	0.00683	0.00641	0.04422	0.08873	0.09247	0.06476	0.53730	0.03247	0.01477	0.00690	0.00216	0.00379	0.01320	0.00563	0.03465
12	0.01508	0.70750	0.11805	0.01074	0.01615	0.02188	0.01132	0.01753	0.01187	0.01425	0.00836	0.00968	0.00745	0.00504	0.00395	0.00132	0.00650	0.00325	0.00248	0.00760
13	0.01435	0.01395	0.02434	0.03492	0.70913	0.01388	0.06748	0.01790	0.01327	0.01897	0.01100	0.01448	0.00918	0.00516	0.00583	0.00174	0.00711	0.00530	0.00288	0.00912
14	0.00844	0.00663	0.00897	0.00901	0.01040	0.00616	0.03151	0.01035	0.02690	0.01643	0.07674	0.49770	0.06906	0.01491	0.00726	0.00213	0.02350	0.06306	0.00508	0.10577
15	0.01230	0.02703	0.66382	0.01558	0.02334	0.01257	0.01953	0.01836	0.01249	0.06711	0.01275	0.06648	0.00997	0.00651	0.00568	0.00187	0.00800	0.00524	0.00297	0.00841

[dist]
# distance from previous block
# <min> <max>
0	1

[block]
# block no. 6 follows, 40 sequences, length 7
# corresponding to MSA columns:
# 491-497
name=unknown_G
#
# <colnr> <probs for GDERKNQSTAVLIFYWHMCP>
#	G	D	E	R	K	N	Q	S	T	A	V	L	I	F	Y	W	H	M	C	P
0	0.01632	0.01155	0.01292	0.01050	0.01412	0.01182	0.00840	0.30667	0.09003	0.09804	0.09712	0.07416	0.10957	0.00897	0.00599	0.00174	0.00485	0.00736	0.00566	0.10422
1	0.10317	0.01103	0.01220	0.01036	0.01387	0.06668	0.00825	0.02411	0.11722	0.41132	0.02189	0.11520	0.01716	0.00869	0.00585	0.00190	0.00509	0.03157	0.00605	0.00840
2	0.01895	0.00955	0.01215	0.01022	0.01354	0.00916	0.00827	0.11048	0.06515	0.37868	0.13725	0.08551	0.02408	0.00967	0.00634	0.00194	0.00469	0.07957	0.00650	0.00832
3	0.00993	0.00797	0.00956	0.00816	0.01106	0.00647	0.00597	0.01167	0.01130	0.01662	0.01866	0.27877	0.02025	0.10669	0.00848	0.00196	0.00416	0.00849	0.00411	0.44974
4	0.01332	0.01272	0.02167	0.26987	0.53355	0.01354	0.01731	0.01691	0.01273	0.01770	0.01075	0.01474	0.00875	0.00538	0.00577	0.00179	0.00717	0.00518	0.00279	0.00835
5	0.01439	0.01382	0.02360	0.03569	0.75936	0.01382	0.01785	0.01785	0.01324	0.01900	0.01094	0.01439	0.00921	0.00518	0.00576	0.00173	0.00691	0.00518	0.00288	0.00921
6	0.01399	0.01341	0.02289	0.12270	0.67545	0.01371	0.01765	0.01750	0.01305	0.01852	0.01087	0.01452	0.00904	0.00526	0.00576	0.00175	0.00701	0.00518	0.00284	0.00889

[dist]
# distance from previous block
# <min> <max>
0	1

[block]
# block no. 7 follows, 40 sequences, length 11
# corresponding to MSA columns:
# 499-509
name=unknown_H
#
# <colnr> <probs for GDERKNQSTAVLIFYWHMCP>
#	G	D	E	R	K	N	Q	S	T	A	V	L	I	F	Y	W	H	M	C	P
0	0.00846	0.00564	0.00634	0.00634	0.00634	0.00564	0.00352	0.00846	0.00846	0.01128	0.01832	0.03805	0.02114	0.79563	0.02960	0.00564	0.00564	0.00846	0.00352	0.00352
1	0.01166	0.03008	0.76550	0.01657	0.02517	0.01351	0.02149	0.01842	0.01228	0.01842	0.01044	0.01228	0.00737	0.00552	0.00552	0.00184	0.00859	0.00430	0.00246	0.00859
2	0.01162	0.10908	0.61173	0.01502	0.02241	0.01363	0.01865	0.01728	0.01211	0.01756	0.01235	0.08993	0.01049	0.00674	0.00552	0.00183	0.00782	0.00539	0.00275	0.00809
3	0.01166	0.03008	0.76550	0.01657	0.02517	0.01351	0.02149	0.01842	0.01228	0.01842	0.01044	0.01228	0.00737	0.00552	0.00552	0.00184	0.00859	0.00430	0.00246	0.00859
4	0.01259	0.01255	0.02043	0.13618	0.10897	0.01540	0.12512	0.01517	0.01086	0.01565	0.01056	0.01720	0.00968	0.00849	0.01289	0.00227	0.40488	0.05138	0.00283	0.00688
5	0.01320	0.01230	0.02066	0.12337	0.55627	0.01261	0.01634	0.01659	0.01307	0.01825	0.01392	0.02240	0.01276	0.00693	0.00611	0.00190	0.00677	0.11506	0.00322	0.00828
6	0.01555	0.79913	0.03047	0.00995	0.01493	0.02301	0.00995	0.01741	0.01182	0.01368	0.00808	0.00933	0.00746	0.00498	0.00373	0.00124	0.00622	0.00311	0.00249	0.00746
7	0.02205	0.01804	0.01730	0.01363	0.01803	0.13394	0.01108	0.62982	0.02567	0.03320	0.01320	0.01343	0.00952	0.00683	0.00573	0.00171	0.00703	0.00501	0.00538	0.00941
8	0.01555	0.79913	0.03047	0.00995	0.01493	0.02301	0.00995	0.01741	0.01182	0.01368	0.00808	0.00933	0.00746	0.00498	0.00373	0.00124	0.00622	0.00311	0.00249	0.00746
9	0.01656	0.67883	0.02847	0.01048	0.01540	0.02225	0.01012	0.12845	0.01420	0.01721	0.00899	0.01004	0.00784	0.00528	0.00405	0.00132	0.00625	0.00344	0.00300	0.00784
10	0.01705	0.62012	0.02750	0.01073	0.01564	0.02187	0.01020	0.18264	0.01537	0.01893	0.00943	0.01039	0.00802	0.00543	0.00421	0.00136	0.00626	0.00360	0.00325	0.00802

[dist]
# distance from previous block
# <min> <max>
2	9

[block]
# block no. 8 follows, 40 sequences, length 9
# corresponding to MSA columns:
# 521-529
name=unknown_I
#
# <colnr> <probs for GDERKNQSTAVLIFYWHMCP>
#	G	D	E	R	K	N	Q	S	T	A	V	L	I	F	Y	W	H	M	C	P
0	0.01191	0.22169	0.41191	0.01286	0.01895	0.01419	0.01504	0.01653	0.01307	0.01827	0.17266	0.01833	0.01776	0.00677	0.00536	0.00169	0.00671	0.00535	0.00333	0.00763
1	0.01298	0.01187	0.02093	0.05326	0.33380	0.01157	0.17170	0.01635	0.01347	0.05273	0.02052	0.02774	0.10491	0.00804	0.00648	0.00196	0.00676	0.11342	0.00376	0.00773
2	0.01544	0.01371	0.02112	0.16902	0.46425	0.01457	0.01605	0.17494	0.01602	0.02208	0.01149	0.01450	0.00909	0.00569	0.00578	0.00177	0.00695	0.00519	0.00347	0.00885
3	0.01236	0.01096	0.01440	0.01193	0.07988	0.00870	0.05166	0.01516	0.01226	0.01893	0.01047	0.01248	0.00868	0.00442	0.00459	0.00100	0.00486	0.00380	0.00337	0.71008
4	0.01314	0.34671	0.29545	0.18084	0.02414	0.01734	0.01551	0.01722	0.01194	0.01566	0.00943	0.01175	0.00749	0.00536	0.00484	0.00161	0.00742	0.00399	0.00250	0.00766
5	0.01689	0.00858	0.01116	0.00901	0.01251	0.00727	0.00714	0.01923	0.01512	0.34995	0.20484	0.09145	0.02538	0.00870	0.00590	0.00165	0.00412	0.00743	0.00602	0.18764
6	0.01356	0.01123	0.01287	0.00933	0.01442	0.00929	0.00751	0.12315	0.01434	0.02160	0.01088	0.01234	0.00880	0.00471	0.00453	0.00099	0.00462	0.00371	0.00380	0.70831
7	0.01441	0.01353	0.02132	0.03048	0.59688	0.01396	0.01596	0.02070	0.17384	0.02016	0.01372	0.01599	0.01108	0.00577	0.00579	0.00178	0.00640	0.00549	0.00354	0.00921
8	0.00709	0.00506	0.00675	0.00810	0.00843	0.00472	0.00540	0.00810	0.01113	0.01484	0.03205	0.79184	0.03846	0.01822	0.00742	0.00236	0.00337	0.01653	0.00540	0.00472

[dist]
# distance from previous block
# <min> <max>
0	1

[block]
# block no. 9 follows, 40 sequences, length 65
# corresponding to MSA columns:
# 531-595
name=unknown_J
#
# <colnr> <probs for GDERKNQSTAVLIFYWHMCP>
#	G	D	E	R	K	N	Q	S	T	A	V	L	I	F	Y	W	H	M	C	P
0	0.02423	0.01672	0.01816	0.01424	0.01892	0.01775	0.01149	0.63403	0.02682	0.12389	0.01690	0.01735	0.01227	0.00829	0.00666	0.00212	0.00686	0.00593	0.00658	0.01081
1	0.01721	0.01538	0.02385	0.03356	0.64931	0.01529	0.01756	0.10460	0.01610	0.02284	0.01327	0.01703	0.01116	0.00673	0.00660	0.00209	0.00746	0.00582	0.00392	0.01023
2	0.01589	0.01467	0.02385	0.12452	0.65191	0.01469	0.01816	0.01875	0.01424	0.02026	0.01284	0.01721	0.01091	0.00660	0.00660	0.00212	0.00762	0.00581	0.00353	0.00982
3	0.11365	0.01478	0.02280	0.03288	0.64850	0.01470	0.01699	0.01901	0.01404	0.02159	0.01257	0.01649	0.01073	0.00655	0.00634	0.00210	0.00724	0.00557	0.00365	0.00980
4	0.00936	0.00670	0.00842	0.00964	0.01023	0.00611	0.00655	0.00990	0.01253	0.01689	0.03328	0.72579	0.03910	0.01901	0.00824	0.00273	0.00422	0.05947	0.00601	0.00584
5	0.01299	0.01171	0.01861	0.75847	0.04062	0.01392	0.01672	0.01621	0.01287	0.01674	0.01233	0.01815	0.00967	0.00713	0.00665	0.00230	0.00834	0.00580	0.00328	0.00749
6	0.01339	0.01212	0.01934	0.67015	0.12578	0.01403	0.01692	0.01656	0.01306	0.01723	0.01240	0.01802	0.00984	0.00706	0.00664	0.00227	0.00824	0.00580	0.00332	0.00781
7	0.01294	0.00932	0.01176	0.01233	0.01422	0.00924	0.01035	0.09967	0.01623	0.02149	0.03014	0.06054	0.03177	0.01598	0.00854	0.00290	0.00614	0.61348	0.00602	0.00695
8	0.02232	0.02676	0.01784	0.01618	0.01893	0.65984	0.01214	0.02321	0.01667	0.01611	0.01086	0.01356	0.00943	0.00780	0.00774	0.00199	0.10269	0.00458	0.00363	0.00771
9	0.01253	0.01109	0.01735	0.66688	0.03688	0.01295	0.01545	0.01541	0.01281	0.01674	0.01490	0.11007	0.01330	0.00860	0.00684	0.00235	0.00782	0.00714	0.00362	0.00728
10	0.01033	0.00707	0.00793	0.00806	0.00831	0.00673	0.00479	0.00995	0.01022	0.01384	0.02222	0.15861	0.02536	0.64952	0.02619	0.00536	0.00594	0.01025	0.00449	0.00483
11	0.01616	0.01383	0.01501	0.01351	0.01650	0.01582	0.01041	0.02974	0.63907	0.02469	0.02334	0.02309	0.01815	0.00941	0.00831	0.00240	0.09768	0.00698	0.00611	0.00981
12	0.01019	0.00736	0.00913	0.00882	0.01022	0.00664	0.00638	0.01211	0.01692	0.02393	0.64884	0.13381	0.05334	0.01376	0.00773	0.00225	0.00356	0.01169	0.00686	0.00645
13	0.12359	0.01145	0.01421	0.01134	0.01579	0.01022	0.00909	0.02793	0.01693	0.65420	0.02277	0.02108	0.01514	0.00826	0.00642	0.00216	0.00557	0.00613	0.00733	0.01039
14	0.01365	0.03083	0.74291	0.01769	0.02621	0.01449	0.02188	0.01965	0.01350	0.02019	0.01242	0.01503	0.00929	0.00685	0.00637	0.00220	0.00915	0.00495	0.00316	0.00955
15	0.00922	0.00660	0.00826	0.00948	0.01001	0.00599	0.00631	0.00966	0.01239	0.01673	0.03335	0.76983	0.03940	0.01914	0.00821	0.00271	0.00410	0.01680	0.00601	0.00580
16	0.01589	0.01467	0.02385	0.12452	0.65191	0.01469	0.01816	0.01875	0.01424	0.02026	0.01284	0.01721	0.01091	0.00660	0.00660	0.00212	0.00762	0.00581	0.00353	0.00982
17	0.01573	0.01667	0.03368	0.02670	0.11758	0.01555	0.63058	0.01977	0.01484	0.02044	0.01361	0.01818	0.01075	0.00628	0.00753	0.00229	0.00998	0.00724	0.00362	0.00899
18	0.00709	0.00506	0.00675	0.00810	0.00843	0.00472	0.00540	0.00810	0.01113	0.01484	0.03205	0.79184	0.03846	0.01822	0.00742	0.00236	0.00337	0.01653	0.00540	0.00472
19	0.00823	0.00594	0.00777	0.00732	0.00869	0.00549	0.00549	0.01097	0.01646	0.02332	0.75629	0.04344	0.05487	0.01189	0.00686	0.00183	0.00274	0.01052	0.00640	0.00549
20	0.02593	0.01016	0.01366	0.01047	0.01498	0.00894	0.00865	0.05753	0.01708	0.73358	0.02257	0.01955	0.01421	0.00719	0.00585	0.00180	0.00501	0.00582	0.00714	0.00990
21	0.01098	0.01034	0.01744	0.78165	0.04005	0.01292	0.01615	0.01486	0.01163	0.01486	0.01034	0.01550	0.00775	0.00581	0.00581	0.00194	0.00775	0.00517	0.00258	0.00646
22	0.01206	0.01034	0.01206	0.00861	0.01378	0.00775	0.00689	0.01464	0.01206	0.01895	0.01034	0.01206	0.00861	0.00431	0.00431	0.00086	0.00431	0.00345	0.00345	0.83118
23	0.01555	0.79913	0.03047	0.00995	0.01493	0.02301	0.00995	0.01741	0.01182	0.01368	0.00808	0.00933	0.00746	0.00498	0.00373	0.00124	0.00622	0.00311	0.00249	0.00746
24	0.00823	0.00594	0.00777	0.00732	0.00869	0.00549	0.00549	0.01097	0.01646	0.02332	0.75629	0.04344	0.05487	0.01189	0.00686	0.00183	0.00274	0.01052	0.00640	0.00549
25	0.00880	0.00607	0.00795	0.00741	0.00888	0.00558	0.00558	0.01153	0.01647	0.04683	0.73299	0.04269	0.05358	0.01174	0.00683	0.00183	0.00281	0.01037	0.00643	0.00563
26	0.01159	0.02934	0.74148	0.01639	0.02475	0.01329	0.02110	0.01821	0.01231	0.01838	0.01108	0.01397	0.00820	0.00586	0.00560	0.00187	0.00849	0.02704	0.00255	0.00849
27	0.00937	0.00669	0.00937	0.01071	0.01205	0.00669	0.00937	0.01205	0.01339	0.01740	0.03079	0.06560	0.03347	0.01606	0.00803	0.00268	0.00535	0.72021	0.00535	0.00535
28	0.01272	0.01272	0.01781	0.01527	0.01527	0.01781	0.01272	0.01399	0.00891	0.01399	0.00763	0.01272	0.00763	0.01018	0.01908	0.00254	0.78499	0.00509	0.00254	0.00636
29	0.01555	0.79913	0.03047	0.00995	0.01493	0.02301	0.00995	0.01741	0.01182	0.01368	0.00808	0.00933	0.00746	0.00498	0.00373	0.00124	0.00622	0.00311	0.00249	0.00746
30	0.00823	0.00594	0.00777	0.00732	0.00869	0.00549	0.00549	0.01097	0.01646	0.02332	0.75629	0.04344	0.05487	0.01189	0.00686	0.00183	0.00274	0.01052	0.00640	0.00549
31	0.01446	0.01249	0.01315	0.01183	0.01512	0.01446	0.00920	0.03090	0.74885	0.02433	0.02367	0.02170	0.01775	0.00789	0.00592	0.00197	0.00460	0.00657	0.00592	0.00920
32	0.02609	0.00990	0.01350	0.01035	0.01484	0.00855	0.00855	0.02834	0.01664	0.76338	0.02294	0.01979	0.01439	0.00720	0.00585	0.00180	0.00495	0.00585	0.00720	0.00990
33	0.01362	0.01537	0.03286	0.02355	0.02921	0.01452	0.68443	0.01831	0.01350	0.01849	0.01157	0.01544	0.00878	0.00505	0.00716	0.00193	0.03502	0.00666	0.00295	0.04156
34	0.01494	0.67811	0.14614	0.01099	0.01654	0.02151	0.01177	0.01757	0.01189	0.01443	0.00845	0.00979	0.00745	0.00506	0.00401	0.00134	0.00659	0.00330	0.00248	0.00764
35	0.01206	0.01034	0.01206	0.00861	0.01378	0.00775	0.00689	0.01464	0.01206	0.01895	0.01034	0.01206	0.00861	0.00431	0.00431	0.00086	0.00431	0.00345	0.00345	0.83118
36	0.01439	0.01382	0.02360	0.03569	0.75936	0.01382	0.01785	0.01785	0.01324	0.01900	0.01094	0.01439	0.00921	0.00518	0.00576	0.00173	0.00691	0.00518	0.00288	0.00921
37	0.00709	0.00506	0.00675	0.00810	0.00843	0.00472	0.00540	0.00810	0.01113	0.01484	0.03205	0.79184	0.03846	0.01822	0.00742	0.00236	0.00337	0.01653	0.00540	0.00472
38	0.00709	0.00506	0.00675	0.00810	0.00843	0.00472	0.00540	0.00810	0.01113	0.01484	0.03205	0.79184	0.03846	0.01822	0.00742	0.00236	0.00337	0.01653	0.00540	0.00472
39	0.00823	0.00594	0.00777	0.00732	0.00869	0.00549	0.00549	0.01097	0.01646	0.02332	0.75629	0.04344	0.05487	0.01189	0.00686	0.00183	0.00274	0.01052	0.00640	0.00549
40	0.01272	0.01272	0.01781	0.01527	0.01527	0.01781	0.01272	0.01399	0.00891	0.01399	0.00763	0.01272	0.00763	0.01018	0.01908	0.00254	0.78499	0.00509	0.00254	0.00636
41	0.00709	0.00506	0.00675	0.00810	0.00843	0.00472	0.00540	0.00810	0.01113	0.01484	0.03205	0.79184	0.03846	0.01822	0.00742	0.00236	0.00337	0.01653	0.00540	0.00472
42	0.01439	0.01382	0.02360	0.03569	0.75936	0.01382	0.01785	0.01785	0.01324	0.01900	0.01094	0.01439	0.00921	0.00518	0.00576	0.00173	0.00691	0.00518	0.00288	0.00921
43	0.05934	0.00995	0.01329	0.01024	0.01470	0.00873	0.00845	0.02788	0.01637	0.73314	0.02233	0.01937	0.01406	0.00712	0.00576	0.00180	0.00493	0.00574	0.00705	0.00975
44	0.01525	0.01303	0.01369	0.01236	0.01568	0.01486	0.00953	0.03125	0.73971	0.02498	0.02431	0.02271	0.01841	0.00841	0.00626	0.00212	0.00489	0.00682	0.00616	0.00959
45	0.01181	0.01090	0.01793	0.77209	0.04029	0.01333	0.01638	0.01541	0.01214	0.01564	0.01116	0.01660	0.00854	0.00636	0.00616	0.00209	0.00799	0.00543	0.00287	0.00688
46	0.02241	0.02806	0.01698	0.01546	0.01850	0.76275	0.01153	0.02367	0.01693	0.01502	0.00983	0.01165	0.00828	0.00653	0.00560	0.00165	0.01069	0.00402	0.00328	0.00716
47	0.02159	0.01618	0.01726	0.01364	0.01810	0.01782	0.01106	0.61944	0.14119	0.03520	0.01626	0.01629	0.01189	0.00765	0.00618	0.00193	0.00638	0.00570	0.00608	0.01016
48	0.00909	0.00657	0.00838	0.00790	0.00933	0.00600	0.00586	0.01158	0.01691	0.02399	0.74734	0.04417	0.05504	0.01235	0.00719	0.00198	0.00305	0.01071	0.00664	0.00592
49	0.01287	0.01090	0.01261	0.00918	0.01436	0.00823	0.00725	0.01520	0.01257	0.01967	0.01116	0.01320	0.00939	0.00487	0.00467	0.00102	0.00459	0.00373	0.00372	0.82080
50	0.00909	0.00657	0.00838	0.00790	0.00933	0.00600	0.00586	0.01158	0.01691	0.02399	0.74734	0.04417	0.05504	0.01235	0.00719	0.00198	0.00305	0.01071	0.00664	0.00592
51	0.01287	0.01090	0.01261	0.00918	0.01436	0.00823	0.00725	0.01520	0.01257	0.01967	0.01116	0.01320	0.00939	0.00487	0.00467	0.00102	0.00459	0.00373	0.00372	0.82080
52	0.01181	0.01090	0.01793	0.77209	0.04029	0.01333	0.01638	0.01541	0.01214	0.01564	0.01116	0.01660	0.00854	0.00636	0.00616	0.00209	0.00799	0.00543	0.00287	0.00688
53	0.01353	0.01326	0.01829	0.01574	0.01583	0.01816	0.01300	0.01456	0.00945	0.01478	0.00849	0.01385	0.00842	0.01067	0.01926	0.00268	0.77505	0.00535	0.00283	0.00679
54	0.01094	0.00569	0.00819	0.00815	0.00824	0.00557	0.00543	0.00823	0.00814	0.01094	0.01092	0.01874	0.01086	0.02056	0.02285	0.82010	0.00533	0.00531	0.00281	0.00300
55	0.01167	0.00605	0.00606	0.00603	0.00745	0.00593	0.00446	0.01412	0.01270	0.02237	0.01968	0.02269	0.01560	0.00731	0.00443	0.00151	0.00302	0.00568	0.81739	0.00586
56	0.00932	0.00627	0.00697	0.00694	0.00702	0.00615	0.00392	0.00910	0.00901	0.01210	0.01904	0.03885	0.02176	0.78583	0.02963	0.00574	0.00591	0.00867	0.00380	0.00399
57	0.01518	0.01434	0.02401	0.03590	0.75017	0.01422	0.01806	0.01836	0.01373	0.01972	0.01175	0.01550	0.00998	0.00573	0.00610	0.00188	0.00716	0.00544	0.00316	0.00960
58	0.01181	0.01090	0.01793	0.77209	0.04029	0.01333	0.01638	0.01541	0.01214	0.01564	0.01116	0.01660	0.00854	0.00636	0.00616	0.00209	0.00799	0.00543	0.00287	0.00688
59	0.01518	0.01434	0.02401	0.03590	0.75017	0.01422	0.01806	0.01836	0.01373	0.01972	0.01175	0.01550	0.00998	0.00573	0.00610	0.00188	0.00716	0.00544	0.00316	0.00960
60	0.00917	0.00685	0.00994	0.00990	0.01101	0.00776	0.00762	0.01100	0.00989	0.01429	0.01633	0.02384	0.01524	0.04366	0.76289	0.00940	0.01572	0.00648	0.00340	0.00563
61	0.00803	0.00574	0.00745	0.00874	0.00919	0.00530	0.00589	0.00886	0.01172	0.01570	0.03255	0.76205	0.03871	0.01854	0.00776	0.00251	0.00373	0.03671	0.00565	0.00519
62	0.01452	0.01618	0.03458	0.02487	0.03075	0.01510	0.72901	0.01913	0.01421	0.01936	0.01257	0.01678	0.00960	0.00546	0.00719	0.00211	0.01002	0.00710	0.00323	0.00825
63	0.82672	0.01180	0.00915	0.00822	0.01186	0.01346	0.00666	0.01762	0.01043	0.02672	0.00895	0.01062	0.00711	0.00595	0.00397	0.00195	0.00478	0.00343	0.00387	0.00672
64	0.01518	0.01434	0.02401	0.03590	0.75017	0.01422	0.01806	0.01836	0.01373	0.01972	0.01175	0.01550	0.00998	0.00573	0.00610	0.00188	0.00716	0.00544	0.00316	0.00960

[dist]
# distance from previous block
# <min> <max>
0	1

[block]
# block no. 10 follows, 40 sequences, length 125
# corresponding to MSA columns:
# 597-721
name=unknown_K
#
# <colnr> <probs for GDERKNQSTAVLIFYWHMCP>
#	G	D	E	R	K	N	Q	S	T	A	V	L	I	F	Y	W	H	M	C	P
0	0.82892	0.01168	0.00901	0.00810	0.01172	0.01337	0.00658	0.01751	0.01031	0.02658	0.00876	0.01036	0.00693	0.00583	0.00389	0.00192	0.00472	0.00337	0.00381	0.00663
1	0.00757	0.00636	0.00641	0.00642	0.00838	0.00531	0.00475	0.00884	0.01358	0.01628	0.05831	0.07675	0.73009	0.01516	0.00715	0.00209	0.00320	0.01252	0.00560	0.00525
2	0.01230	0.03032	0.75824	0.01693	0.02550	0.01382	0.02161	0.01881	0.01267	0.01899	0.01107	0.01316	0.00799	0.00595	0.00580	0.00196	0.00877	0.00451	0.00268	0.00890
3	0.01500	0.01422	0.02392	0.03586	0.75219	0.01413	0.01801	0.01825	0.01362	0.01956	0.01157	0.01526	0.00981	0.00561	0.00603	0.00184	0.00711	0.00538	0.00310	0.00951
4	0.01269	0.01078	0.01249	0.00905	0.01423	0.00813	0.00717	0.01508	0.01245	0.01951	0.01098	0.01295	0.00922	0.00475	0.00459	0.00099	0.00453	0.00366	0.00366	0.82309
5	0.01269	0.01078	0.01249	0.00905	0.01423	0.00813	0.00717	0.01508	0.01245	0.01951	0.01098	0.01295	0.00922	0.00475	0.00459	0.00099	0.00453	0.00366	0.00366	0.82309
6	0.00913	0.00613	0.00683	0.00681	0.00687	0.00604	0.00384	0.00896	0.00889	0.01192	0.01888	0.03868	0.02162	0.78799	0.02962	0.00572	0.00585	0.00862	0.00374	0.00388
7	0.01237	0.02987	0.73545	0.01718	0.02567	0.01386	0.04395	0.01882	0.01272	0.01899	0.01112	0.01327	0.00803	0.00593	0.00584	0.00196	0.00881	0.00459	0.00270	0.00888
8	0.00777	0.00556	0.00723	0.00854	0.00894	0.00513	0.00569	0.00860	0.01154	0.01545	0.03247	0.78476	0.03876	0.01852	0.00767	0.00247	0.00361	0.01662	0.00559	0.00507
9	0.01269	0.01078	0.01249	0.00905	0.01423	0.00813	0.00717	0.01508	0.01245	0.01951	0.01098	0.01295	0.00922	0.00475	0.00459	0.00099	0.00453	0.00366	0.00366	0.82309
10	0.01544	0.65160	0.16444	0.01158	0.01723	0.02150	0.01229	0.01800	0.01230	0.01516	0.00918	0.01078	0.00806	0.00551	0.00435	0.00147	0.00686	0.00355	0.00271	0.00799
11	0.00913	0.00613	0.00683	0.00681	0.00687	0.00604	0.00384	0.00896	0.00889	0.01192	0.01888	0.03868	0.02162	0.78799	0.02962	0.00572	0.00585	0.00862	0.00374	0.00388
12	0.00756	0.00638	0.00639	0.00636	0.00837	0.00531	0.00472	0.00885	0.01364	0.01631	0.05905	0.05640	0.74996	0.01506	0.00713	0.00208	0.00318	0.01240	0.00560	0.00525
13	0.01468	0.01389	0.02333	0.10647	0.68410	0.01405	0.01785	0.01797	0.01347	0.01917	0.01152	0.01536	0.00967	0.00567	0.00603	0.00186	0.00719	0.00538	0.00307	0.00925
14	0.01174	0.01089	0.01802	0.75022	0.06336	0.01327	0.01639	0.01539	0.01208	0.01560	0.01100	0.01632	0.00841	0.00622	0.00608	0.00205	0.00791	0.00537	0.00282	0.00688
15	0.01507	0.01291	0.01357	0.01224	0.01556	0.01477	0.00946	0.03117	0.74172	0.02484	0.02417	0.02248	0.01826	0.00829	0.00618	0.00209	0.00482	0.00676	0.00611	0.00951
16	0.82892	0.01168	0.00901	0.00810	0.01172	0.01337	0.00658	0.01751	0.01031	0.02658	0.00876	0.01036	0.00693	0.00583	0.00389	0.00192	0.00472	0.00337	0.00381	0.00663
17	0.00756	0.00638	0.00639	0.00636	0.00837	0.00531	0.00472	0.00885	0.01364	0.01631	0.05905	0.05640	0.74996	0.01506	0.00713	0.00208	0.00318	0.01240	0.00560	0.00525
18	0.01434	0.01607	0.03452	0.02479	0.03067	0.01501	0.73104	0.01902	0.01410	0.01919	0.01239	0.01654	0.00943	0.00534	0.00712	0.00208	0.00997	0.00705	0.00316	0.00816
19	0.01230	0.03032	0.75824	0.01693	0.02550	0.01382	0.02161	0.01881	0.01267	0.01899	0.01107	0.01316	0.00799	0.00595	0.00580	0.00196	0.00877	0.00451	0.00268	0.00890
20	0.01003	0.00717	0.00983	0.01113	0.01252	0.00708	0.00962	0.01251	0.01377	0.01798	0.03122	0.06594	0.03382	0.01638	0.00828	0.00279	0.00557	0.71311	0.00555	0.00570
21	0.01163	0.01078	0.01782	0.77420	0.04023	0.01324	0.01633	0.01529	0.01203	0.01546	0.01098	0.01636	0.00837	0.00624	0.00608	0.00205	0.00794	0.00537	0.00281	0.00679
22	0.01230	0.03032	0.75824	0.01693	0.02550	0.01382	0.02161	0.01881	0.01267	0.01899	0.01107	0.01316	0.00799	0.00595	0.00580	0.00196	0.00877	0.00451	0.00268	0.00890
23	0.02658	0.01034	0.01391	0.01077	0.01529	0.00891	0.00881	0.02864	0.01699	0.75634	0.02345	0.02060	0.01494	0.00761	0.00612	0.00192	0.00517	0.00604	0.00738	0.01019
24	0.00777	0.00556	0.00723	0.00854	0.00894	0.00513	0.00569	0.00860	0.01154	0.01545	0.03247	0.78476	0.03876	0.01852	0.00767	0.00247	0.00361	0.01662	0.00559	0.00507
25	0.01434	0.01607	0.03452	0.02479	0.03067	0.01501	0.73104	0.01902	0.01410	0.01919	0.01239	0.01654	0.00943	0.00534	0.00712	0.00208	0.00997	0.00705	0.00316	0.00816
26	0.01230	0.03032	0.75824	0.01693	0.02550	0.01382	0.02161	0.01881	0.01267	0.01899	0.01107	0.01316	0.00799	0.00595	0.00580	0.00196	0.00877	0.00451	0.00268	0.00890
27	0.01500	0.01422	0.02392	0.03586	0.75219	0.01413	0.01801	0.01825	0.01362	0.01956	0.01157	0.01526	0.00981	0.00561	0.00603	0.00184	0.00711	0.00538	0.00310	0.00951
28	0.01166	0.03008	0.76550	0.01657	0.02517	0.01351	0.02149	0.01842	0.01228	0.01842	0.01044	0.01228	0.00737	0.00552	0.00552	0.00184	0.00859	0.00430	0.00246	0.00859
29	0.01227	0.15091	0.65002	0.01553	0.02356	0.01500	0.01967	0.01826	0.01220	0.01767	0.01007	0.01181	0.00738	0.00544	0.00524	0.00175	0.00822	0.00411	0.00246	0.00842
30	0.01567	0.01478	0.03104	0.02228	0.02795	0.01374	0.62359	0.02015	0.01418	0.13564	0.01352	0.01633	0.00970	0.00526	0.00670	0.00194	0.00904	0.00670	0.00361	0.00817
31	0.01439	0.01382	0.02360	0.03569	0.75936	0.01382	0.01785	0.01785	0.01324	0.01900	0.01094	0.01439	0.00921	0.00518	0.00576	0.00173	0.00691	0.00518	0.00288	0.00921
32	0.01471	0.01261	0.01329	0.01188	0.01521	0.01458	0.00926	0.05361	0.72574	0.02472	0.02336	0.02145	0.01750	0.00786	0.00591	0.00197	0.00466	0.00653	0.00591	0.00923
33	0.00937	0.00669	0.00937	0.01071	0.01205	0.00669	0.00937	0.01205	0.01339	0.01740	0.03079	0.06560	0.03347	0.01606	0.00803	0.00268	0.00535	0.72021	0.00535	0.00535
34	0.01439	0.01382	0.02360	0.03569	0.75936	0.01382	0.01785	0.01785	0.01324	0.01900	0.01094	0.01439	0.00921	0.00518	0.00576	0.00173	0.00691	0.00518	0.00288	0.00921
35	0.02066	0.01557	0.01664	0.01309	0.01748	0.01736	0.01070	0.60558	0.16409	0.03431	0.01580	0.01543	0.01138	0.00715	0.00584	0.00179	0.00606	0.00549	0.00584	0.00976
36	0.01439	0.01382	0.02360	0.03569	0.75936	0.01382	0.01785	0.01785	0.01324	0.01900	0.01094	0.01439	0.00921	0.00518	0.00576	0.00173	0.00691	0.00518	0.00288	0.00921
37	0.00937	0.00669	0.00937	0.01071	0.01205	0.00669	0.00937	0.01205	0.01339	0.01740	0.03079	0.06560	0.03347	0.01606	0.00803	0.00268	0.00535	0.72021	0.00535	0.00535
38	0.01098	0.01034	0.01744	0.78165	0.04005	0.01292	0.01615	0.01486	0.01163	0.01486	0.01034	0.01550	0.00775	0.00581	0.00581	0.00194	0.00775	0.00517	0.00258	0.00646
39	0.01166	0.03008	0.76550	0.01657	0.02517	0.01351	0.02149	0.01842	0.01228	0.01842	0.01044	0.01228	0.00737	0.00552	0.00552	0.00184	0.00859	0.00430	0.00246	0.00859
40	0.01439	0.01382	0.02360	0.03569	0.75936	0.01382	0.01785	0.01785	0.01324	0.01900	0.01094	0.01439	0.00921	0.00518	0.00576	0.00173	0.00691	0.00518	0.00288	0.00921
41	0.00823	0.00594	0.00777	0.00732	0.00869	0.00549	0.00549	0.01097	0.01646	0.02332	0.75629	0.04344	0.05487	0.01189	0.00686	0.00183	0.00274	0.01052	0.00640	0.00549
42	0.01098	0.01034	0.01744	0.78165	0.04005	0.01292	0.01615	0.01486	0.01163	0.01486	0.01034	0.01550	0.00775	0.00581	0.00581	0.00194	0.00775	0.00517	0.00258	0.00646
43	0.01206	0.01034	0.01206	0.00861	0.01378	0.00775	0.00689	0.01464	0.01206	0.01895	0.01034	0.01206	0.00861	0.00431	0.00431	0.00086	0.00431	0.00345	0.00345	0.83118
44	0.01439	0.01382	0.02360	0.03569	0.75936	0.01382	0.01785	0.01785	0.01324	0.01900	0.01094	0.01439	0.00921	0.00518	0.00576	0.00173	0.00691	0.00518	0.00288	0.00921
45	0.00937	0.00669	0.00937	0.01071	0.01205	0.00669	0.00937	0.01205	0.01339	0.01740	0.03079	0.06560	0.03347	0.01606	0.00803	0.00268	0.00535	0.72021	0.00535	0.00535
46	0.83671	0.01125	0.00855	0.00765	0.01125	0.01305	0.00630	0.01709	0.00990	0.02609	0.00810	0.00945	0.00630	0.00540	0.00360	0.00180	0.00450	0.00315	0.00360	0.00630
47	0.01439	0.01382	0.02360	0.03569	0.75936	0.01382	0.01785	0.01785	0.01324	0.01900	0.01094	0.01439	0.00921	0.00518	0.00576	0.00173	0.00691	0.00518	0.00288	0.00921
48	0.00687	0.00589	0.00589	0.00589	0.00785	0.00491	0.00442	0.00835	0.01325	0.01571	0.05891	0.05596	0.75700	0.01473	0.00687	0.00196	0.00295	0.01227	0.00540	0.00491
49	0.01555	0.79913	0.03047	0.00995	0.01493	0.02301	0.00995	0.01741	0.01182	0.01368	0.00808	0.00933	0.00746	0.00498	0.00373	0.00124	0.00622	0.00311	0.00249	0.00746
50	0.00687	0.00589	0.00589	0.00589	0.00785	0.00491	0.00442	0.00835	0.01325	0.01571	0.05891	0.05596	0.75700	0.01473	0.00687	0.00196	0.00295	0.01227	0.00540	0.00491
51	0.01555	0.79913	0.03047	0.00995	0.01493	0.02301	0.00995	0.01741	0.01182	0.01368	0.00808	0.00933	0.00746	0.00498	0.00373	0.00124	0.00622	0.00311	0.00249	0.00746
52	0.00831	0.00623	0.00935	0.00935	0.01038	0.00727	0.00727	0.01038	0.00935	0.01350	0.01558	0.02285	0.01454	0.04361	0.77259	0.00935	0.01558	0.00623	0.00312	0.00519
53	0.01373	0.01569	0.03431	0.02451	0.03039	0.01471	0.73824	0.01863	0.01373	0.01863	0.01176	0.01569	0.00882	0.00490	0.00686	0.00196	0.00980	0.00686	0.00294	0.00784
54	0.01439	0.01382	0.02360	0.03569	0.75936	0.01382	0.01785	0.01785	0.01324	0.01900	0.01094	0.01439	0.00921	0.00518	0.00576	0.00173	0.00691	0.00518	0.00288	0.00921
55	0.00709	0.00506	0.00675	0.00810	0.00843	0.00472	0.00540	0.00810	0.01113	0.01484	0.03205	0.79184	0.03846	0.01822	0.00742	0.00236	0.00337	0.01653	0.00540	0.00472
