[name]
unknown

[dist]
# distance from previous block
# <min> <max>
0	144

[block]
# block no. 0 follows, 37 sequences, length 27
# corresponding to MSA columns:
# 144-170
name=unknown_A
#
# <colnr> <probs for GDERKNQSTAVLIFYWHMCP>
#	G	D	E	R	K	N	Q	S	T	A	V	L	I	F	Y	W	H	M	C	P
0	0.01339	0.01339	0.01875	0.01607	0.01607	0.01875	0.01339	0.01473	0.00937	0.01473	0.00804	0.01339	0.00804	0.01071	0.02009	0.00268	0.77367	0.00536	0.00268	0.00670
1	0.05273	0.01357	0.01458	0.01264	0.01604	0.03772	0.01003	0.08156	0.47464	0.11273	0.02129	0.02018	0.01579	0.00820	0.00738	0.00207	0.07734	0.00633	0.00585	0.00934
2	0.01690	0.72590	0.03086	0.01091	0.01598	0.08495	0.01059	0.01883	0.01284	0.01445	0.00859	0.00992	0.00786	0.00533	0.00406	0.00133	0.00692	0.00333	0.00266	0.00779
3	0.01437	0.01628	0.03483	0.02508	0.03081	0.01572	0.67151	0.01924	0.01407	0.01924	0.01206	0.01628	0.00919	0.00557	0.00818	0.00211	0.06716	0.00708	0.00306	0.00814
4	0.00866	0.00626	0.00818	0.00770	0.00914	0.00578	0.00578	0.01155	0.01733	0.02455	0.74346	0.04572	0.05776	0.01251	0.00722	0.00193	0.00289	0.01107	0.00674	0.00578
5	0.00746	0.00533	0.00710	0.00852	0.00888	0.00497	0.00568	0.00852	0.01172	0.01563	0.03374	0.78088	0.04049	0.01918	0.00781	0.00249	0.00355	0.01740	0.00568	0.00497
6	0.01339	0.01339	0.01875	0.01607	0.01607	0.01875	0.01339	0.01473	0.00937	0.01473	0.00804	0.01339	0.00804	0.01071	0.02009	0.00268	0.77367	0.00536	0.00268	0.00670
7	0.00743	0.00544	0.00699	0.00823	0.00880	0.00500	0.00555	0.00856	0.01200	0.01574	0.03730	0.68990	0.12917	0.01871	0.00774	0.00243	0.00349	0.01684	0.00568	0.00500
8	0.02331	0.01489	0.01665	0.01285	0.01754	0.01578	0.01059	0.51738	0.02521	0.20699	0.01978	0.01881	0.05547	0.00789	0.00620	0.00186	0.00615	0.00611	0.00644	0.01010
9	0.00890	0.00593	0.00668	0.00668	0.00668	0.00593	0.00371	0.00890	0.00890	0.01187	0.01929	0.04006	0.02225	0.78487	0.03116	0.00593	0.00593	0.00890	0.00371	0.00371
10	0.02352	0.01674	0.01812	0.01389	0.01878	0.01839	0.01148	0.68458	0.02811	0.08123	0.01526	0.01506	0.01069	0.00736	0.00613	0.00184	0.00664	0.00555	0.00621	0.01041
11	0.01326	0.01321	0.01872	0.07222	0.01801	0.01837	0.01366	0.01480	0.00959	0.01480	0.00825	0.01361	0.00804	0.01037	0.01905	0.00263	0.71667	0.00536	0.00268	0.00670
12	0.02105	0.01604	0.01836	0.11098	0.04845	0.01793	0.01247	0.57248	0.06436	0.03428	0.01465	0.01536	0.01055	0.00717	0.00613	0.00188	0.00683	0.00558	0.00558	0.00989
13	0.82811	0.01184	0.00900	0.00805	0.01184	0.01373	0.00663	0.01799	0.01042	0.02746	0.00852	0.00994	0.00663	0.00568	0.00379	0.00189	0.00474	0.00331	0.00379	0.00663
14	0.01088	0.10028	0.01414	0.01099	0.01236	0.01194	0.00901	0.01291	0.01027	0.01500	0.01387	0.01989	0.01283	0.03031	0.44857	0.00659	0.18359	0.00584	0.06468	0.00604
15	0.01256	0.01332	0.02733	0.14423	0.02898	0.01304	0.46302	0.01671	0.01353	0.01815	0.01646	0.17127	0.01542	0.00816	0.00716	0.00215	0.00860	0.00899	0.00356	0.00735
16	0.00878	0.00588	0.00671	0.00683	0.00686	0.00586	0.00387	0.00887	0.00913	0.01218	0.02048	0.10118	0.02376	0.72170	0.02923	0.00565	0.00574	0.00960	0.00387	0.00381
17	0.02678	0.01152	0.01489	0.01141	0.01618	0.01063	0.00943	0.14391	0.01936	0.63424	0.02260	0.01983	0.01438	0.00754	0.00615	0.00188	0.00546	0.00605	0.00734	0.01042
18	0.02327	0.01715	0.01837	0.01408	0.01898	0.01898	0.01163	0.72628	0.02878	0.03858	0.01470	0.01470	0.01041	0.00735	0.00612	0.00184	0.00674	0.00551	0.00612	0.01041
19	0.01141	0.00571	0.00571	0.00571	0.00713	0.00571	0.00428	0.01426	0.01284	0.02282	0.01997	0.02282	0.01569	0.00713	0.00428	0.00143	0.00285	0.00571	0.81886	0.00571
20	0.02327	0.01715	0.01837	0.01408	0.01898	0.01898	0.01163	0.72628	0.02878	0.03858	0.01470	0.01470	0.01041	0.00735	0.00612	0.00184	0.00674	0.00551	0.00612	0.01041
21	0.01515	0.01454	0.02485	0.03757	0.74669	0.01454	0.01879	0.01879	0.01394	0.02000	0.01151	0.01515	0.00970	0.00545	0.00606	0.00182	0.00727	0.00545	0.00303	0.00970
22	0.01603	0.72611	0.09157	0.01105	0.01660	0.02340	0.01148	0.01842	0.01248	0.01481	0.00871	0.01008	0.00785	0.00528	0.00408	0.00136	0.00675	0.00338	0.00262	0.00795
23	0.01141	0.00571	0.00571	0.00571	0.00713	0.00571	0.00428	0.01426	0.01284	0.02282	0.01997	0.02282	0.01569	0.00713	0.00428	0.00143	0.00285	0.00571	0.81886	0.00571
24	0.01523	0.01315	0.01384	0.01246	0.01592	0.01523	0.00969	0.03253	0.73563	0.02561	0.02491	0.02284	0.01869	0.00830	0.00623	0.00208	0.00484	0.00692	0.00623	0.00969
25	0.05898	0.00690	0.00848	0.00781	0.00970	0.00643	0.00595	0.01302	0.01658	0.07799	0.57621	0.04308	0.12172	0.01204	0.00694	0.00194	0.00319	0.01043	0.00652	0.00611
26	0.01515	0.01454	0.02485	0.03757	0.74669	0.01454	0.01879	0.01879	0.01394	0.02000	0.01151	0.01515	0.00970	0.00545	0.00606	0.00182	0.00727	0.00545	0.00303	0.00970

[dist]
# distance from previous block
# <min> <max>
20	511

# created by:
# /software/SequenceAnalysis/GenePrediction/augustus/3.0.1/scripts/msa2prfl.pl ./fixed/BUSCOvEOG7GB8KZ.fas
