[name]
unknown

[dist]
# distance from previous block
# <min> <max>
0	37

[block]
# block no. 0 follows, 39 sequences, length 9
# corresponding to MSA columns:
# 49-57
name=unknown_A
#
# <colnr> <probs for GDERKNQSTAVLIFYWHMCP>
#	G	D	E	R	K	N	Q	S	T	A	V	L	I	F	Y	W	H	M	C	P
0	0.61949	0.21701	0.01454	0.00839	0.01242	0.01592	0.00738	0.01747	0.01058	0.02323	0.00823	0.00958	0.00672	0.00538	0.00370	0.00168	0.00503	0.00319	0.00336	0.00672
1	0.01102	0.00551	0.00551	0.00551	0.00689	0.00551	0.00413	0.01378	0.01240	0.02205	0.01929	0.02205	0.01516	0.00689	0.00413	0.00138	0.00276	0.00551	0.82500	0.00551
2	0.01062	0.00974	0.01470	0.01281	0.01463	0.04694	0.13972	0.03255	0.01158	0.01567	0.01851	0.22130	0.01926	0.05815	0.26710	0.00484	0.08319	0.00904	0.00378	0.00589
3	0.01208	0.01144	0.01938	0.58355	0.22803	0.01338	0.01688	0.01591	0.01226	0.01621	0.01067	0.01547	0.00827	0.00574	0.00590	0.00191	0.00766	0.00526	0.00271	0.00730
4	0.00824	0.00655	0.00971	0.20999	0.01701	0.00699	0.00836	0.01004	0.01145	0.01510	0.02681	0.58581	0.03093	0.01522	0.00712	0.00229	0.00460	0.01378	0.00474	0.00527
5	0.01324	0.00790	0.01002	0.00866	0.01100	0.00750	0.00675	0.09056	0.01794	0.16230	0.53874	0.03654	0.04332	0.01068	0.00667	0.00185	0.00360	0.00925	0.00660	0.00689
6	0.01515	0.52332	0.09362	0.01758	0.21009	0.02010	0.01326	0.01791	0.01244	0.01576	0.00919	0.01110	0.00805	0.00516	0.00450	0.00145	0.00672	0.00382	0.00263	0.00816
7	0.00813	0.00598	0.00857	0.00893	0.00971	0.00658	0.00659	0.00979	0.00991	0.01391	0.02046	0.22501	0.02170	0.09744	0.51009	0.00734	0.01178	0.00926	0.00381	0.00502
8	0.00735	0.00521	0.00682	0.00805	0.00835	0.00490	0.00529	0.00827	0.01104	0.01472	0.03113	0.70955	0.03726	0.09981	0.00992	0.00275	0.00367	0.01595	0.00529	0.00468

[dist]
# distance from previous block
# <min> <max>
1	2

[block]
# block no. 1 follows, 39 sequences, length 6
# corresponding to MSA columns:
# 60-65
name=unknown_B
#
# <colnr> <probs for GDERKNQSTAVLIFYWHMCP>
#	G	D	E	R	K	N	Q	S	T	A	V	L	I	F	Y	W	H	M	C	P
0	0.00751	0.00601	0.00671	0.00654	0.00831	0.00521	0.00490	0.00949	0.01471	0.01888	0.32012	0.05212	0.49085	0.01389	0.00698	0.00195	0.00292	0.01181	0.00587	0.00521
1	0.01391	0.01454	0.02843	0.11680	0.32998	0.01437	0.35638	0.01817	0.01351	0.01865	0.01145	0.01539	0.00901	0.00521	0.00639	0.00189	0.00852	0.00608	0.00292	0.00839
2	0.01431	0.01602	0.11182	0.03398	0.66839	0.01401	0.01859	0.01822	0.01335	0.01925	0.01106	0.01438	0.00914	0.00531	0.00583	0.00177	0.00723	0.00516	0.00288	0.00929
3	0.02162	0.09016	0.01805	0.01462	0.01803	0.61669	0.01130	0.10876	0.01770	0.01717	0.00967	0.01099	0.00791	0.00613	0.00528	0.00153	0.00981	0.00394	0.00335	0.00730
4	0.01023	0.00720	0.00862	0.00812	0.00897	0.00769	0.00551	0.09656	0.01115	0.01517	0.01736	0.03166	0.01835	0.49970	0.22280	0.00626	0.00850	0.00761	0.00375	0.00481
5	0.01374	0.43620	0.32321	0.01279	0.01906	0.01846	0.01465	0.01765	0.01204	0.01584	0.00968	0.01160	0.00802	0.00787	0.05490	0.00205	0.00792	0.00386	0.00256	0.00790

[dist]
# distance from previous block
# <min> <max>
0	2

[block]
# block no. 2 follows, 39 sequences, length 16
# corresponding to MSA columns:
# 68-83
name=unknown_C
#
# <colnr> <probs for GDERKNQSTAVLIFYWHMCP>
#	G	D	E	R	K	N	Q	S	T	A	V	L	I	F	Y	W	H	M	C	P
0	0.02196	0.00911	0.01192	0.00946	0.01343	0.00783	0.00771	0.02406	0.01612	0.58549	0.03189	0.02873	0.18732	0.00911	0.00619	0.00187	0.00456	0.00748	0.00689	0.00888
1	0.01311	0.01216	0.02148	0.07819	0.36368	0.01211	0.16249	0.01611	0.01239	0.03376	0.01329	0.02074	0.01214	0.18936	0.01176	0.00275	0.00735	0.00642	0.00317	0.00755
2	0.00800	0.00583	0.00753	0.00752	0.00872	0.00536	0.00548	0.01029	0.01525	0.02116	0.53561	0.21912	0.10048	0.01380	0.00711	0.00200	0.00295	0.01225	0.00620	0.00536
3	0.00723	0.00539	0.00674	0.00779	0.00855	0.00491	0.00538	0.00842	0.01190	0.01538	0.03894	0.59514	0.20591	0.01763	0.00744	0.00232	0.00339	0.03718	0.00549	0.00487
4	0.01434	0.01396	0.02444	0.08720	0.64738	0.01406	0.07531	0.01800	0.01339	0.01900	0.01115	0.01482	0.00923	0.00529	0.00595	0.00179	0.00732	0.00541	0.00291	0.00906
5	0.01135	0.06470	0.03536	0.01003	0.01157	0.01161	0.00780	0.01595	0.18154	0.01581	0.01974	0.02833	0.06765	0.32683	0.01823	0.00357	0.15266	0.00726	0.00399	0.00602
6	0.02209	0.02819	0.01676	0.01524	0.01828	0.76843	0.01143	0.02361	0.01676	0.01447	0.00914	0.01066	0.00762	0.00609	0.00533	0.00152	0.01066	0.00381	0.00305	0.00686
7	0.01370	0.00810	0.00837	0.00741	0.00957	0.00851	0.00580	0.18261	0.01600	0.02561	0.01810	0.02021	0.01396	0.00694	0.00455	0.00147	0.00363	0.00547	0.63341	0.00658
8	0.01290	0.10187	0.51726	0.02074	0.19525	0.01476	0.01983	0.01849	0.01267	0.01839	0.01050	0.01269	0.00794	0.00548	0.00549	0.00179	0.00810	0.00446	0.00260	0.00877
9	0.01307	0.06582	0.24707	0.02032	0.22018	0.01348	0.06560	0.04291	0.09177	0.02003	0.07315	0.07094	0.01540	0.00717	0.00596	0.00186	0.00685	0.00638	0.00367	0.00837
10	0.01674	0.02002	0.01389	0.01272	0.01508	0.46480	0.00968	0.01827	0.01475	0.01475	0.02133	0.02255	0.18243	0.01116	0.05841	0.00228	0.08514	0.00614	0.00358	0.00628
11	0.19237	0.01259	0.06867	0.01654	0.12866	0.01173	0.13573	0.03876	0.01277	0.07938	0.01656	0.19494	0.01586	0.00883	0.00653	0.00201	0.03884	0.00780	0.00410	0.00732
12	0.01155	0.01089	0.01544	0.01366	0.01399	0.01479	0.01122	0.01309	0.00920	0.01408	0.01027	0.01613	0.00994	0.02090	0.25184	0.00473	0.54390	0.00554	0.00277	0.00610
13	0.11959	0.01527	0.01616	0.01260	0.01713	0.01681	0.01038	0.56326	0.05512	0.09326	0.01463	0.01446	0.01032	0.00696	0.00565	0.00180	0.00608	0.00518	0.00576	0.00959
14	0.20592	0.33538	0.23086	0.01264	0.01848	0.01764	0.07047	0.01802	0.01185	0.01862	0.00919	0.01087	0.00740	0.00531	0.00453	0.00163	0.00688	0.00382	0.00282	0.00767
15	0.02025	0.01572	0.01783	0.01406	0.01768	0.01829	0.01164	0.56684	0.02342	0.03188	0.01269	0.01390	0.00952	0.00786	0.00907	0.00196	0.18774	0.00529	0.00514	0.00922

[dist]
# distance from previous block
# <min> <max>
0	1

[block]
# block no. 3 follows, 39 sequences, length 33
# corresponding to MSA columns:
# 85-117
name=unknown_D
#
# <colnr> <probs for GDERKNQSTAVLIFYWHMCP>
#	G	D	E	R	K	N	Q	S	T	A	V	L	I	F	Y	W	H	M	C	P
0	0.00845	0.00634	0.00950	0.00950	0.01056	0.00739	0.00739	0.01056	0.00950	0.01373	0.01584	0.02323	0.01478	0.04435	0.76873	0.00950	0.01584	0.00634	0.00317	0.00528
1	0.01337	0.01257	0.02118	0.07789	0.60533	0.01268	0.01625	0.01655	0.01306	0.01846	0.01413	0.12457	0.01350	0.00719	0.00610	0.00186	0.00657	0.00691	0.00327	0.00855
2	0.00932	0.00842	0.00827	0.00923	0.00996	0.11324	0.00633	0.01042	0.01209	0.01501	0.02926	0.67788	0.03464	0.01676	0.00723	0.00228	0.00446	0.01497	0.00514	0.00509
3	0.71674	0.01063	0.00837	0.00759	0.01073	0.01220	0.00600	0.01614	0.00986	0.02439	0.00971	0.01374	0.00855	0.11720	0.00741	0.00238	0.00474	0.00397	0.00365	0.00600
4	0.03907	0.00963	0.01254	0.01003	0.01379	0.00876	0.00803	0.04180	0.04369	0.57055	0.02242	0.02393	0.01607	0.11903	0.00940	0.00242	0.00516	0.02820	0.00658	0.00890
5	0.00847	0.00625	0.00907	0.00907	0.00998	0.00716	0.00685	0.01028	0.00938	0.01341	0.01624	0.02543	0.01574	0.15054	0.66385	0.00897	0.01441	0.00666	0.00323	0.00504
6	0.01031	0.00896	0.01334	0.01166	0.01339	0.01027	0.05319	0.01249	0.01007	0.01495	0.01308	0.01898	0.01204	0.02883	0.44979	0.00631	0.18098	0.00572	0.00308	0.12258
7	0.01022	0.00638	0.00829	0.00780	0.00947	0.00579	0.00585	0.01260	0.01575	0.10779	0.51252	0.14800	0.10136	0.01267	0.00694	0.00194	0.00316	0.01114	0.00638	0.00595
8	0.01363	0.01129	0.01217	0.01107	0.01395	0.01264	0.00852	0.09369	0.49329	0.02399	0.05968	0.13326	0.06715	0.01004	0.00633	0.00203	0.00449	0.00853	0.00592	0.00834
9	0.71651	0.01066	0.00831	0.00752	0.01095	0.01209	0.00613	0.01612	0.01055	0.02503	0.01557	0.01632	0.11240	0.00684	0.00413	0.00185	0.00435	0.00452	0.00392	0.00620
10	0.01575	0.01441	0.02312	0.03308	0.65063	0.01466	0.01717	0.12002	0.01550	0.02187	0.01156	0.01457	0.00947	0.00553	0.00586	0.00176	0.00695	0.00528	0.00335	0.00947
11	0.82602	0.01188	0.00917	0.00823	0.01192	0.01359	0.00669	0.01780	0.01049	0.02703	0.00891	0.01054	0.00705	0.00593	0.00396	0.00195	0.00480	0.00343	0.00388	0.00674
12	0.82602	0.01188	0.00917	0.00823	0.01192	0.01359	0.00669	0.01780	0.01049	0.02703	0.00891	0.01054	0.00705	0.00593	0.00396	0.00195	0.00480	0.00343	0.00388	0.00674
13	0.00813	0.00597	0.00750	0.00840	0.00922	0.00544	0.00586	0.00935	0.01284	0.01705	0.12759	0.54773	0.14262	0.01740	0.00768	0.00240	0.00363	0.05005	0.00582	0.00531
14	0.01805	0.01263	0.01449	0.01318	0.05237	0.01340	0.00984	0.05485	0.47289	0.18596	0.02262	0.02121	0.01656	0.00790	0.00617	0.00200	0.00515	0.00641	0.00619	0.05814
15	0.01485	0.01567	0.06697	0.03653	0.09708	0.01390	0.50006	0.01912	0.01431	0.06501	0.03467	0.04113	0.01212	0.00624	0.00692	0.00205	0.00888	0.00708	0.00364	0.03375
16	0.01571	0.57049	0.02480	0.00982	0.01396	0.06103	0.00912	0.01758	0.01277	0.01637	0.01140	0.01326	0.00990	0.00596	0.00425	0.00143	0.00598	0.00395	0.18481	0.00741
17	0.00790	0.00565	0.00736	0.00869	0.00909	0.00522	0.00579	0.00875	0.01173	0.01571	0.03302	0.78112	0.03941	0.01883	0.00780	0.00251	0.00367	0.01690	0.00569	0.00516
18	0.01508	0.01440	0.02456	0.06691	0.68504	0.01437	0.05097	0.01847	0.01381	0.01970	0.01178	0.01562	0.00990	0.00572	0.00618	0.00190	0.00740	0.00555	0.00314	0.00949
19	0.02325	0.01080	0.01363	0.01094	0.01517	0.01036	0.00888	0.02954	0.21890	0.55547	0.02354	0.02067	0.01559	0.00751	0.00597	0.00188	0.00493	0.00615	0.00696	0.00987
20	0.02653	0.01006	0.01372	0.01052	0.01510	0.00869	0.00869	0.02882	0.01693	0.75937	0.02333	0.02013	0.01464	0.00732	0.00595	0.00183	0.00503	0.00595	0.00732	0.01006
21	0.01426	0.00952	0.01200	0.01051	0.01287	0.01043	0.00830	0.21293	0.01529	0.09926	0.01640	0.02161	0.01398	0.08835	0.41915	0.00626	0.01132	0.00619	0.00440	0.00698
22	0.04205	0.17047	0.02032	0.11084	0.06558	0.09185	0.01195	0.35592	0.03295	0.02599	0.01187	0.01316	0.00905	0.00631	0.00537	0.00168	0.00700	0.00470	0.00430	0.00866
23	0.01166	0.00621	0.00637	0.00611	0.00769	0.00635	0.00466	0.05805	0.01327	0.02276	0.01889	0.02160	0.01483	0.00789	0.02434	0.00162	0.00333	0.00552	0.75305	0.00579
24	0.00860	0.00573	0.00645	0.00645	0.00645	0.00573	0.00358	0.00860	0.00860	0.01147	0.01863	0.03870	0.02150	0.79217	0.03010	0.00573	0.00573	0.00860	0.00358	0.00358
25	0.00748	0.00535	0.00717	0.00845	0.00894	0.00503	0.00588	0.00875	0.01179	0.01574	0.06523	0.68486	0.03938	0.01802	0.00758	0.00241	0.00360	0.08389	0.00553	0.00490
26	0.01156	0.01006	0.01608	0.15181	0.28991	0.01047	0.01363	0.01472	0.01325	0.01776	0.02174	0.03834	0.05613	0.01041	0.00687	0.00220	0.00632	0.29763	0.00404	0.00706
27	0.02457	0.01321	0.01567	0.01201	0.01667	0.01336	0.00992	0.37069	0.02219	0.41007	0.01891	0.01726	0.01242	0.00721	0.00593	0.00180	0.00575	0.00565	0.00664	0.01006
28	0.01102	0.00551	0.00551	0.00551	0.00689	0.00551	0.00413	0.01378	0.01240	0.02205	0.01929	0.02205	0.01516	0.00689	0.00413	0.00138	0.00276	0.00551	0.82500	0.00551
29	0.01617	0.02547	0.43250	0.01654	0.05875	0.16339	0.01727	0.02088	0.01384	0.12285	0.01201	0.01334	0.00864	0.00618	0.00632	0.00183	0.04767	0.00457	0.00332	0.00847
30	0.01620	0.01366	0.02174	0.06539	0.55853	0.01390	0.01621	0.07746	0.05101	0.08838	0.01310	0.01552	0.01026	0.00577	0.00588	0.00179	0.00673	0.00540	0.00371	0.00936
31	0.32767	0.01125	0.01207	0.00935	0.01393	0.01064	0.04283	0.01689	0.04862	0.02232	0.01040	0.01192	0.00834	0.00502	0.00432	0.00135	0.00475	0.00372	0.00367	0.43096
32	0.83394	0.01144	0.00869	0.00778	0.01144	0.01327	0.00640	0.01738	0.01006	0.02653	0.00823	0.00961	0.00640	0.00549	0.00366	0.00183	0.00457	0.00320	0.00366	0.00640

[dist]
# distance from previous block
# <min> <max>
0	1

[block]
# block no. 4 follows, 39 sequences, length 22
# corresponding to MSA columns:
# 119-140
name=unknown_E
#
# <colnr> <probs for GDERKNQSTAVLIFYWHMCP>
#	G	D	E	R	K	N	Q	S	T	A	V	L	I	F	Y	W	H	M	C	P
0	0.01467	0.01393	0.02348	0.07638	0.69478	0.01412	0.01786	0.03867	0.01379	0.01961	0.01118	0.01469	0.00931	0.00536	0.00586	0.00177	0.00706	0.00527	0.00300	0.00923
1	0.01435	0.01376	0.02349	0.09711	0.69669	0.01398	0.01801	0.01790	0.01333	0.01898	0.01107	0.01473	0.00925	0.00532	0.00586	0.00177	0.00710	0.00527	0.00290	0.00914
2	0.02248	0.01656	0.01775	0.01361	0.01834	0.01834	0.01124	0.73556	0.02780	0.03727	0.01420	0.01420	0.01006	0.00710	0.00592	0.00177	0.00651	0.00532	0.00592	0.01006
3	0.00895	0.00675	0.00815	0.03089	0.01037	0.00643	0.00614	0.01228	0.07540	0.03971	0.30415	0.13915	0.26873	0.01337	0.00697	0.00203	0.00344	0.04547	0.00587	0.00576
4	0.01689	0.22828	0.29921	0.01424	0.02032	0.13784	0.04948	0.02080	0.01380	0.12944	0.01174	0.01273	0.00870	0.00578	0.00521	0.00166	0.00791	0.00433	0.00335	0.00830
5	0.08214	0.01061	0.01366	0.01055	0.01507	0.00968	0.00871	0.07743	0.01721	0.65817	0.02165	0.01899	0.01375	0.00718	0.00579	0.00183	0.00510	0.00571	0.00697	0.00981
6	0.01102	0.00551	0.00551	0.00551	0.00689	0.00551	0.00413	0.01378	0.01240	0.02205	0.01929	0.02205	0.01516	0.00689	0.00413	0.00138	0.00276	0.00551	0.82500	0.00551
7	0.01294	0.01294	0.01811	0.01553	0.01553	0.01811	0.01294	0.01423	0.00906	0.01423	0.00776	0.01294	0.00776	0.01035	0.01941	0.00259	0.78134	0.00518	0.00259	0.00647
8	0.02211	0.02771	0.01680	0.01517	0.01828	0.73798	0.01142	0.05251	0.01721	0.01540	0.00935	0.01081	0.00772	0.00613	0.00536	0.00153	0.01050	0.00387	0.00316	0.00699
9	0.00931	0.00625	0.00820	0.00760	0.00916	0.00574	0.00574	0.01207	0.01675	0.06162	0.71460	0.04294	0.05368	0.01184	0.00692	0.00186	0.00291	0.01045	0.00655	0.00581
10	0.77242	0.01133	0.00908	0.00799	0.01172	0.01292	0.00658	0.01826	0.01059	0.08237	0.00938	0.01041	0.00703	0.00563	0.00383	0.00183	0.00461	0.00341	0.00394	0.00668
11	0.00751	0.00556	0.00769	0.06688	0.01103	0.00544	0.00632	0.00876	0.01136	0.01510	0.03091	0.72945	0.03673	0.01757	0.00742	0.00237	0.00377	0.01593	0.00527	0.00494
12	0.00721	0.00515	0.00686	0.00823	0.00858	0.00480	0.00549	0.00823	0.01132	0.01510	0.03259	0.78831	0.03911	0.01853	0.00755	0.00240	0.00343	0.01681	0.00549	0.00480
13	0.02309	0.00957	0.01262	0.00991	0.01402	0.00840	0.00810	0.04837	0.01685	0.60777	0.06503	0.02564	0.10625	0.00849	0.00613	0.00185	0.00472	0.00696	0.00701	0.00922
14	0.01306	0.01329	0.02008	0.01663	0.01733	0.01774	0.09748	0.01478	0.00963	0.01478	0.00826	0.01329	0.00790	0.00972	0.01795	0.00252	0.69087	0.00539	0.00263	0.00665
15	0.01554	0.74276	0.08156	0.01059	0.01590	0.02273	0.01093	0.01778	0.01205	0.01425	0.00839	0.00969	0.00758	0.00510	0.00392	0.00131	0.00649	0.00325	0.00253	0.00767
16	0.83394	0.01144	0.00869	0.00778	0.01144	0.01327	0.00640	0.01738	0.01006	0.02653	0.00823	0.00961	0.00640	0.00549	0.00366	0.00183	0.00457	0.00320	0.00366	0.00640
17	0.01253	0.01299	0.02497	0.35800	0.06870	0.01409	0.31492	0.01664	0.01259	0.01685	0.01146	0.03322	0.00911	0.00609	0.00733	0.00202	0.06215	0.00623	0.00286	0.00724
18	0.01154	0.00676	0.00881	0.00789	0.00990	0.00610	0.00606	0.01414	0.01653	0.15550	0.57022	0.04078	0.09956	0.01144	0.00679	0.00186	0.00321	0.00997	0.00658	0.00634
19	0.01952	0.02341	0.01547	0.01422	0.01685	0.57750	0.01078	0.05818	0.01627	0.01589	0.01293	0.09335	0.01238	0.00815	0.00636	0.00174	0.04328	0.04345	0.00355	0.00672
20	0.04607	0.26340	0.50828	0.01443	0.02185	0.01667	0.01765	0.01836	0.01225	0.01757	0.00979	0.01145	0.00748	0.00544	0.00498	0.00169	0.00784	0.00395	0.00255	0.00829
21	0.09969	0.61528	0.02674	0.01043	0.01509	0.09084	0.00983	0.01874	0.04002	0.01566	0.00891	0.01008	0.00787	0.00531	0.00401	0.00137	0.00648	0.00336	0.00282	0.00747

[dist]
# distance from previous block
# <min> <max>
0	1

[block]
# block no. 5 follows, 39 sequences, length 33
# corresponding to MSA columns:
# 142-174
name=unknown_F
#
# <colnr> <probs for GDERKNQSTAVLIFYWHMCP>
#	G	D	E	R	K	N	Q	S	T	A	V	L	I	F	Y	W	H	M	C	P
0	0.22761	0.01464	0.04451	0.04488	0.13457	0.01436	0.37982	0.01819	0.01266	0.02075	0.01069	0.01394	0.00826	0.00532	0.00616	0.00192	0.02531	0.00558	0.00312	0.00772
1	0.01317	0.01065	0.01242	0.00909	0.01417	0.00843	0.00727	0.01683	0.06711	0.05725	0.01217	0.01339	0.00975	0.00480	0.00458	0.00101	0.00444	0.00387	0.00388	0.72571
2	0.01649	0.71282	0.02945	0.01067	0.01551	0.10387	0.01026	0.01835	0.01253	0.01397	0.00832	0.00961	0.00759	0.00517	0.00396	0.00129	0.00679	0.00323	0.00259	0.00751
3	0.01242	0.00722	0.00932	0.00895	0.01094	0.00654	0.00656	0.01483	0.05252	0.17981	0.06439	0.46186	0.03037	0.01374	0.00676	0.00207	0.00391	0.01222	0.00577	0.08978
4	0.32096	0.01401	0.13100	0.01138	0.04242	0.01187	0.01006	0.02081	0.10614	0.15745	0.04499	0.04366	0.01300	0.00686	0.00508	0.00184	0.00530	0.00523	0.00459	0.04337
5	0.01234	0.01069	0.01720	0.11498	0.38968	0.01077	0.01326	0.01537	0.01378	0.04648	0.14705	0.09089	0.07558	0.00850	0.00629	0.00188	0.00570	0.00779	0.00410	0.00767
6	0.02653	0.01006	0.01372	0.01052	0.01510	0.00869	0.00869	0.02882	0.01693	0.75937	0.02333	0.02013	0.01464	0.00732	0.00595	0.00183	0.00503	0.00595	0.00732	0.01006
7	0.01117	0.01051	0.01774	0.77795	0.04073	0.01314	0.01642	0.01511	0.01182	0.01511	0.01051	0.01577	0.00788	0.00591	0.00591	0.00197	0.00788	0.00526	0.00263	0.00657
8	0.01524	0.59314	0.06407	0.01362	0.01904	0.02115	0.16732	0.01802	0.01246	0.01521	0.00914	0.01102	0.00788	0.00507	0.00456	0.00145	0.00722	0.00404	0.00263	0.00772
9	0.00845	0.00634	0.00950	0.00950	0.01056	0.00739	0.00739	0.01056	0.00950	0.01373	0.01584	0.02323	0.01478	0.04435	0.76873	0.00950	0.01584	0.00634	0.00317	0.00528
10	0.00846	0.00630	0.00934	0.00934	0.01034	0.00730	0.00719	0.01045	0.00946	0.01361	0.01599	0.02407	0.01515	0.08473	0.72885	0.00930	0.01529	0.00646	0.00319	0.00519
11	0.01473	0.01817	0.20877	0.01351	0.01833	0.04214	0.01281	0.07256	0.48174	0.02359	0.01939	0.01865	0.01441	0.00727	0.00588	0.00194	0.00607	0.00589	0.00499	0.00915
12	0.01287	0.01225	0.02081	0.41435	0.39104	0.01359	0.01727	0.01660	0.01263	0.01717	0.01081	0.01521	0.00861	0.00560	0.00588	0.00187	0.00746	0.00526	0.00277	0.00794
13	0.02653	0.01006	0.01372	0.01052	0.01510	0.00869	0.00869	0.02882	0.01693	0.75937	0.02333	0.02013	0.01464	0.00732	0.00595	0.00183	0.00503	0.00595	0.00732	0.01006
14	0.01102	0.00551	0.00551	0.00551	0.00689	0.00551	0.00413	0.01378	0.01240	0.02205	0.01929	0.02205	0.01516	0.00689	0.00413	0.00138	0.00276	0.00551	0.82500	0.00551
15	0.01765	0.45997	0.15530	0.01165	0.01715	0.05625	0.01196	0.02048	0.01335	0.16883	0.01181	0.01227	0.00903	0.00568	0.00464	0.00150	0.00670	0.00398	0.00354	0.00827
16	0.70595	0.01275	0.06525	0.00868	0.01279	0.01292	0.00775	0.01843	0.01081	0.08648	0.00966	0.01069	0.00717	0.00565	0.00399	0.00183	0.00492	0.00352	0.00388	0.00688
17	0.43951	0.01589	0.01292	0.01094	0.01471	0.14821	0.00883	0.22256	0.01626	0.02715	0.01008	0.01118	0.00769	0.00617	0.00499	0.00178	0.02547	0.00396	0.00417	0.00752
18	0.00851	0.00609	0.00825	0.00825	0.00887	0.00671	0.00583	0.00975	0.00913	0.01280	0.01699	0.02959	0.01754	0.35170	0.46516	0.00795	0.01169	0.00727	0.00334	0.00458
19	0.02540	0.01032	0.01369	0.01067	0.01512	0.00927	0.00876	0.02907	0.08674	0.68889	0.02340	0.02031	0.01497	0.00739	0.00595	0.00185	0.00500	0.00602	0.00719	0.01000
20	0.01980	0.01222	0.01439	0.01079	0.01567	0.01133	0.00882	0.23928	0.01845	0.25391	0.01561	0.01529	0.01098	0.00612	0.00533	0.00145	0.00523	0.00482	0.00542	0.32509
21	0.02248	0.01656	0.01775	0.01361	0.01834	0.01834	0.01124	0.73556	0.02780	0.03727	0.01420	0.01420	0.01006	0.00710	0.00592	0.00177	0.00651	0.00532	0.00592	0.01006
22	0.01102	0.00551	0.00551	0.00551	0.00689	0.00551	0.00413	0.01378	0.01240	0.02205	0.01929	0.02205	0.01516	0.00689	0.00413	0.00138	0.00276	0.00551	0.82500	0.00551
23	0.00860	0.00573	0.00645	0.00645	0.00645	0.00573	0.00358	0.00860	0.00860	0.01147	0.01863	0.03870	0.02150	0.79217	0.03010	0.00573	0.00573	0.00860	0.00358	0.00358
24	0.02209	0.02819	0.01676	0.01524	0.01828	0.76843	0.01143	0.02361	0.01676	0.01447	0.00914	0.01066	0.00762	0.00609	0.00533	0.00152	0.01066	0.00381	0.00305	0.00686
25	0.00721	0.00515	0.00686	0.00823	0.00858	0.00480	0.00549	0.00823	0.01132	0.01510	0.03259	0.78831	0.03911	0.01853	0.00755	0.00240	0.00343	0.01681	0.00549	0.00480
26	0.02248	0.01656	0.01775	0.01361	0.01834	0.01834	0.01124	0.73556	0.02780	0.03727	0.01420	0.01420	0.01006	0.00710	0.00592	0.00177	0.00651	0.00532	0.00592	0.01006
27	0.02404	0.01029	0.01343	0.01062	0.01488	0.00945	0.00866	0.02848	0.12459	0.62050	0.05333	0.02140	0.01683	0.00762	0.00600	0.00186	0.00489	0.00625	0.00709	0.00978
28	0.00858	0.00625	0.00836	0.00956	0.01072	0.00603	0.00780	0.01069	0.01296	0.01677	0.03512	0.26537	0.12217	0.01678	0.00785	0.00255	0.00459	0.43717	0.00546	0.00521
29	0.00846	0.00585	0.00728	0.00738	0.00768	0.00610	0.00472	0.00908	0.00904	0.01233	0.01894	0.09056	0.02106	0.53914	0.22136	0.00647	0.00820	0.00862	0.00362	0.00412
30	0.00715	0.00537	0.00663	0.00765	0.00842	0.00485	0.00523	0.00830	0.01188	0.01533	0.03971	0.59768	0.22514	0.01760	0.00740	0.00230	0.00332	0.01568	0.00549	0.00485
31	0.01381	0.01720	0.10303	0.02501	0.08442	0.01477	0.61288	0.01886	0.01378	0.01895	0.01177	0.01553	0.00886	0.00507	0.00677	0.00196	0.00963	0.00660	0.00294	0.00815
32	0.83394	0.01144	0.00869	0.00778	0.01144	0.01327	0.00640	0.01738	0.01006	0.02653	0.00823	0.00961	0.00640	0.00549	0.00366	0.00183	0.00457	0.00320	0.00366	0.00640

[dist]
# distance from previous block
# <min> <max>
0	1

[block]
# block no. 6 follows, 39 sequences, length 20
# corresponding to MSA columns:
# 176-195
name=unknown_G
#
# <colnr> <probs for GDERKNQSTAVLIFYWHMCP>
#	G	D	E	R	K	N	Q	S	T	A	V	L	I	F	Y	W	H	M	C	P
0	0.04025	0.01031	0.01330	0.01041	0.01454	0.00949	0.00845	0.08916	0.03606	0.58775	0.04747	0.02149	0.01604	0.05819	0.00750	0.00208	0.00511	0.00619	0.00682	0.00940
1	0.01376	0.01118	0.01425	0.01335	0.12848	0.00936	0.00900	0.01748	0.06385	0.06924	0.01241	0.01384	0.00990	0.00497	0.00483	0.00115	0.00485	0.00416	0.00385	0.59010
2	0.76556	0.01187	0.00946	0.00827	0.01202	0.01369	0.00681	0.07791	0.01156	0.02744	0.00874	0.00999	0.00671	0.00563	0.00385	0.00183	0.00474	0.00338	0.00385	0.00671
3	0.00861	0.00629	0.00734	0.00723	0.00829	0.00588	0.00485	0.03003	0.01200	0.01604	0.13958	0.19346	0.15536	0.31300	0.01580	0.00342	0.00429	0.01087	0.00481	0.05284
4	0.01528	0.06138	0.01389	0.00930	0.01441	0.00933	0.00763	0.03860	0.01352	0.14862	0.01271	0.01351	0.00975	0.00502	0.00466	0.00109	0.00468	0.00396	0.00418	0.60849
5	0.01402	0.01320	0.02141	0.06261	0.57788	0.01279	0.01587	0.01737	0.01316	0.01913	0.01098	0.01421	0.00918	0.00512	0.00557	0.00159	0.00654	0.00492	0.00303	0.17143
6	0.01624	0.74535	0.03013	0.01034	0.01538	0.02307	0.01019	0.06412	0.01304	0.01542	0.00861	0.00979	0.00775	0.00519	0.00393	0.00130	0.00634	0.00330	0.00275	0.00775
7	0.00953	0.00681	0.00953	0.01089	0.01225	0.00681	0.00953	0.01225	0.01361	0.01770	0.03131	0.06671	0.03403	0.01634	0.00817	0.00272	0.00545	0.71547	0.00545	0.00545
8	0.27280	0.08583	0.01530	0.03417	0.05281	0.21678	0.00956	0.07724	0.01436	0.06814	0.01037	0.01163	0.00810	0.00574	0.00470	0.00159	0.00675	0.00390	0.00373	0.09649
9	0.00910	0.00783	0.01340	0.06341	0.01557	0.00761	0.14816	0.01133	0.01218	0.01620	0.02693	0.48701	0.03047	0.01475	0.00741	0.00234	0.00528	0.11057	0.00481	0.00563
10	0.02653	0.01006	0.01372	0.01052	0.01510	0.00869	0.00869	0.02882	0.01693	0.75937	0.02333	0.02013	0.01464	0.00732	0.00595	0.00183	0.00503	0.00595	0.00732	0.01006
11	0.00889	0.00538	0.00639	0.00707	0.00784	0.00525	0.00490	0.01061	0.01153	0.01766	0.02568	0.40129	0.02734	0.06011	0.03802	0.00246	0.00379	0.01130	0.33944	0.00504
12	0.01451	0.01468	0.03842	0.06961	0.56951	0.04078	0.05115	0.01833	0.03408	0.01870	0.01118	0.01466	0.00931	0.00577	0.00687	0.00184	0.06344	0.00531	0.00297	0.00885
13	0.00846	0.00629	0.00928	0.00928	0.01026	0.00727	0.00712	0.01042	0.00944	0.01356	0.01604	0.02435	0.01527	0.09857	0.71518	0.00923	0.01511	0.00650	0.00320	0.00516
14	0.02332	0.01456	0.01643	0.01267	0.01730	0.01545	0.01044	0.50621	0.05347	0.24224	0.01719	0.01620	0.01168	0.00720	0.00593	0.00180	0.00601	0.00556	0.00632	0.01003
15	0.01097	0.08377	0.06612	0.01080	0.01305	0.04363	0.00948	0.05499	0.01384	0.01790	0.04658	0.24288	0.02899	0.01395	0.00711	0.00230	0.00546	0.31720	0.00492	0.00605
16	0.01365	0.01304	0.02222	0.24764	0.55166	0.01379	0.01766	0.01728	0.01300	0.01812	0.01095	0.01496	0.00894	0.00545	0.00587	0.00182	0.00727	0.00527	0.00284	0.00857
17	0.08063	0.01016	0.01339	0.01034	0.01485	0.00900	0.00854	0.02805	0.01647	0.71028	0.02232	0.01942	0.01409	0.00720	0.00579	0.00183	0.00500	0.00576	0.00707	0.00982
18	0.01102	0.00551	0.00551	0.00551	0.00689	0.00551	0.00413	0.01378	0.01240	0.02205	0.01929	0.02205	0.01516	0.00689	0.00413	0.00138	0.00276	0.00551	0.82500	0.00551
19	0.01525	0.53645	0.22365	0.01216	0.01817	0.02047	0.01331	0.07002	0.01329	0.01688	0.00929	0.01062	0.00774	0.00536	0.00443	0.00146	0.00698	0.00364	0.00277	0.00807

[dist]
# distance from previous block
# <min> <max>
0	52

# created by:
# /software/SequenceAnalysis/GenePrediction/augustus/3.0.1/scripts/msa2prfl.pl ./fixed/BUSCOvEOG7QC2KZ.fas
