[name]
unknown

[dist]
# distance from previous block
# <min> <max>
6	458

[block]
# block no. 0 follows, 39 sequences, length 6
# corresponding to MSA columns:
# 578-583
name=unknown_A
#
# <colnr> <probs for GDERKNQSTAVLIFYWHMCP>
#	G	D	E	R	K	N	Q	S	T	A	V	L	I	F	Y	W	H	M	C	P
0	0.14619	0.01593	0.08351	0.01533	0.11975	0.07904	0.01156	0.25497	0.01851	0.08132	0.10255	0.01717	0.01485	0.00699	0.00561	0.00178	0.00628	0.00547	0.00476	0.00845
1	0.01419	0.22326	0.22167	0.01489	0.02037	0.01598	0.16180	0.10606	0.01402	0.01879	0.01183	0.01630	0.01010	0.11570	0.00889	0.00227	0.00766	0.00530	0.00318	0.00772
2	0.01701	0.33532	0.13038	0.01460	0.02027	0.01789	0.16106	0.10856	0.01504	0.10924	0.01191	0.01312	0.00903	0.00565	0.00523	0.00163	0.00728	0.00473	0.00362	0.00844
3	0.01165	0.10389	0.01200	0.00904	0.01187	0.00957	0.00752	0.01592	0.12246	0.07358	0.07037	0.04158	0.25757	0.01158	0.00645	0.00197	0.00441	0.15990	0.00525	0.06341
4	0.01238	0.00776	0.00974	0.00945	0.01140	0.00753	0.00736	0.10255	0.01542	0.12369	0.11406	0.29089	0.09815	0.01404	0.00713	0.00221	0.00432	0.14961	0.00591	0.00642
5	0.01695	0.01932	0.10612	0.01321	0.01758	0.22516	0.01143	0.13456	0.10671	0.02106	0.01222	0.01341	0.00958	0.00631	0.00628	0.00158	0.06079	0.00450	0.00389	0.20935

[dist]
# distance from previous block
# <min> <max>
4	10

[block]
# block no. 1 follows, 39 sequences, length 10
# corresponding to MSA columns:
# 596-605
name=unknown_B
#
# <colnr> <probs for GDERKNQSTAVLIFYWHMCP>
#	G	D	E	R	K	N	Q	S	T	A	V	L	I	F	Y	W	H	M	C	P
0	0.01815	0.07850	0.16402	0.01286	0.01805	0.01555	0.01226	0.38764	0.04144	0.07752	0.01912	0.01897	0.09445	0.00758	0.00582	0.00179	0.00638	0.00586	0.00502	0.00901
1	0.40425	0.17299	0.17318	0.01083	0.01596	0.01597	0.01096	0.09949	0.01299	0.02358	0.00941	0.01071	0.00729	0.00561	0.00436	0.00172	0.00602	0.00368	0.00344	0.00755
2	0.01267	0.06058	0.01263	0.00930	0.01292	0.00976	0.00728	0.05565	0.09587	0.04264	0.01547	0.06990	0.01413	0.10544	0.07636	0.00258	0.00580	0.00579	0.00410	0.38114
3	0.00789	0.00596	0.00745	0.00786	0.00912	0.00533	0.00568	0.00958	0.01304	0.01746	0.18241	0.40106	0.17398	0.01546	0.00715	0.00213	0.00341	0.05907	0.00556	0.06037
4	0.05325	0.01650	0.01583	0.01297	0.01704	0.12693	0.01045	0.38712	0.15767	0.09517	0.01635	0.01697	0.01213	0.00734	0.00583	0.00181	0.00654	0.02537	0.00553	0.00918
5	0.01581	0.79572	0.03099	0.01012	0.01518	0.02340	0.01012	0.01771	0.01202	0.01391	0.00822	0.00949	0.00759	0.00506	0.00379	0.00126	0.00632	0.00316	0.00253	0.00759
6	0.01700	0.00984	0.01230	0.00925	0.01382	0.00791	0.00746	0.01953	0.01447	0.28863	0.09959	0.01875	0.01625	0.00633	0.00524	0.00133	0.00444	0.00521	0.00523	0.43742
7	0.00752	0.00645	0.00650	0.00640	0.00849	0.00566	0.00483	0.01005	0.06342	0.01657	0.05746	0.05453	0.70268	0.01450	0.00692	0.00200	0.00311	0.01209	0.00553	0.00529
8	0.01471	0.01270	0.01337	0.01203	0.01538	0.01471	0.00936	0.03142	0.74459	0.02474	0.02407	0.02206	0.01805	0.00802	0.00602	0.00201	0.00468	0.00669	0.00602	0.00936
9	0.69793	0.01230	0.01021	0.00875	0.01259	0.01412	0.00722	0.13776	0.01304	0.02833	0.00923	0.01038	0.00702	0.00576	0.00404	0.00182	0.00490	0.00356	0.00404	0.00702

[dist]
# distance from previous block
# <min> <max>
0	2

[block]
# block no. 2 follows, 39 sequences, length 27
# corresponding to MSA columns:
# 608-634
name=unknown_C
#
# <colnr> <probs for GDERKNQSTAVLIFYWHMCP>
#	G	D	E	R	K	N	Q	S	T	A	V	L	I	F	Y	W	H	M	C	P
0	0.01338	0.01300	0.02281	0.29143	0.44424	0.01382	0.08104	0.01717	0.01294	0.01783	0.01099	0.01514	0.00882	0.00547	0.00597	0.00185	0.00758	0.00542	0.00283	0.00828
1	0.01275	0.01111	0.01373	0.01226	0.10081	0.00919	0.00851	0.01668	0.07487	0.01974	0.01174	0.01338	0.00962	0.00479	0.00469	0.00108	0.00471	0.00398	0.00365	0.66269
2	0.00847	0.00625	0.00909	0.00909	0.01000	0.00717	0.00687	0.01029	0.00938	0.01342	0.01622	0.02535	0.01570	0.14649	0.66784	0.00899	0.01446	0.00665	0.00322	0.00505
3	0.01082	0.00895	0.01305	0.34304	0.02382	0.01005	0.01112	0.07696	0.01483	0.01972	0.21800	0.06756	0.06811	0.00986	0.00657	0.00202	0.00564	0.07901	0.00456	0.00632
4	0.01397	0.01046	0.01244	0.00897	0.01414	0.00798	0.00721	0.01655	0.01282	0.10755	0.01204	0.01320	0.00946	0.00473	0.00457	0.00099	0.00446	0.00380	0.00396	0.73072
5	0.00762	0.00544	0.00734	0.00871	0.00923	0.00516	0.00621	0.00895	0.01173	0.01556	0.03237	0.65944	0.03821	0.01814	0.00766	0.00246	0.00379	0.14158	0.00548	0.00492
6	0.01880	0.01588	0.08220	0.01284	0.01740	0.01540	0.01113	0.52414	0.02315	0.03141	0.01601	0.11488	0.01352	0.00826	0.00599	0.00180	0.00615	0.00660	0.00538	0.06906
7	0.01180	0.06067	0.50298	0.01662	0.09014	0.01266	0.01771	0.01706	0.01240	0.01818	0.01311	0.10325	0.01148	0.00696	0.00567	0.00181	0.00746	0.00577	0.00298	0.08131
8	0.06164	0.01439	0.01832	0.01589	0.08367	0.08045	0.09537	0.16190	0.03754	0.27364	0.01569	0.01601	0.01103	0.00692	0.00714	0.00188	0.07896	0.00551	0.00511	0.00893
9	0.01206	0.02922	0.69374	0.01761	0.02609	0.01385	0.08826	0.01875	0.01262	0.01875	0.01074	0.01281	0.00763	0.00556	0.00575	0.00188	0.00885	0.00461	0.00254	0.00867
10	0.01644	0.01972	0.36965	0.01352	0.01956	0.01145	0.01476	0.02249	0.09941	0.25428	0.01817	0.08486	0.01380	0.00759	0.00594	0.00192	0.00662	0.00625	0.00471	0.00888
11	0.01059	0.01346	0.16846	0.06891	0.01860	0.00999	0.12316	0.01568	0.07903	0.02043	0.28432	0.11328	0.02984	0.00957	0.00660	0.00197	0.00574	0.00875	0.00469	0.00692
12	0.01157	0.01076	0.01821	0.56852	0.03442	0.01304	0.08113	0.01526	0.01183	0.01603	0.01122	0.01612	0.00865	0.00631	0.00705	0.00197	0.07651	0.00543	0.07937	0.00659
13	0.00716	0.00532	0.00668	0.00777	0.00846	0.00484	0.00528	0.00829	0.01177	0.01528	0.03821	0.63789	0.18590	0.01780	0.00743	0.00232	0.00334	0.01592	0.00549	0.00484
14	0.02248	0.01656	0.01775	0.01361	0.01834	0.01834	0.01124	0.73556	0.02780	0.03727	0.01420	0.01420	0.01006	0.00710	0.00592	0.00177	0.00651	0.00532	0.00592	0.01006
15	0.01384	0.01318	0.02652	0.09067	0.02644	0.01261	0.48331	0.01805	0.01376	0.07288	0.01649	0.01949	0.05616	0.00608	0.00647	0.00191	0.00814	0.00691	0.09955	0.00752
16	0.05984	0.01709	0.01719	0.08216	0.01934	0.15617	0.01188	0.33911	0.01917	0.02528	0.01117	0.01317	0.00871	0.00747	0.00878	0.00193	0.18429	0.00490	0.00422	0.00815
17	0.00721	0.00515	0.00686	0.00823	0.00858	0.00480	0.00549	0.00823	0.01132	0.01510	0.03259	0.78831	0.03911	0.01853	0.00755	0.00240	0.00343	0.01681	0.00549	0.00480
18	0.00901	0.00784	0.01328	0.15710	0.01816	0.00796	0.12069	0.01120	0.01183	0.01570	0.02519	0.52153	0.02850	0.01403	0.00715	0.00226	0.00529	0.01309	0.00456	0.00563
19	0.01475	0.17121	0.42665	0.08227	0.02342	0.01550	0.01707	0.08294	0.01408	0.08233	0.01155	0.01301	0.00838	0.00582	0.00535	0.00175	0.00769	0.00444	0.00323	0.00856
20	0.01087	0.00645	0.00892	0.05661	0.01198	0.00615	0.00706	0.01244	0.01249	0.13916	0.02957	0.54828	0.03265	0.01568	0.00724	0.00231	0.00415	0.07654	0.00561	0.00585
21	0.01027	0.00514	0.00770	0.00770	0.00770	0.00514	0.00514	0.00770	0.00770	0.01027	0.01027	0.01798	0.01027	0.02054	0.02311	0.82794	0.00514	0.00514	0.00257	0.00257
22	0.01277	0.01588	0.14285	0.39396	0.15903	0.06073	0.02945	0.01676	0.01232	0.01640	0.01033	0.01446	0.00807	0.00614	0.00703	0.00194	0.07670	0.00504	0.00269	0.00745
23	0.07263	0.01129	0.01708	0.63228	0.03597	0.01376	0.01509	0.09953	0.01356	0.01854	0.01078	0.01513	0.00803	0.00602	0.00575	0.00194	0.00748	0.00511	0.00309	0.00697
24	0.01453	0.01001	0.01546	0.46577	0.02966	0.01098	0.01286	0.01787	0.01347	0.18625	0.07952	0.01898	0.01377	0.00665	0.00588	0.00183	0.00647	0.00574	0.00412	0.08018
25	0.53896	0.01448	0.01381	0.07927	0.01738	0.13075	0.09314	0.01833	0.01172	0.02276	0.00901	0.01106	0.00702	0.00556	0.00451	0.00181	0.00645	0.00392	0.00339	0.00667
26	0.01333	0.01166	0.01538	0.01106	0.01636	0.00960	0.09236	0.07684	0.01379	0.02077	0.01100	0.01286	0.00889	0.00468	0.00481	0.00108	0.00521	0.00407	0.00365	0.66259

[dist]
# distance from previous block
# <min> <max>
6	109

[block]
# block no. 3 follows, 39 sequences, length 74
# corresponding to MSA columns:
# 745-818
name=unknown_D
#
# <colnr> <probs for GDERKNQSTAVLIFYWHMCP>
#	G	D	E	R	K	N	Q	S	T	A	V	L	I	F	Y	W	H	M	C	P
0	0.01465	0.01265	0.01334	0.01195	0.01534	0.01454	0.00930	0.03100	0.72595	0.02460	0.02372	0.02181	0.01782	0.00793	0.00598	0.00198	0.00467	0.00661	0.00595	0.03021
1	0.00827	0.00597	0.00782	0.00751	0.00881	0.00552	0.00557	0.01092	0.01630	0.02301	0.69308	0.10527	0.05443	0.01262	0.00702	0.00190	0.00284	0.01120	0.00643	0.00552
2	0.83394	0.01144	0.00869	0.00778	0.01144	0.01327	0.00640	0.01738	0.01006	0.02653	0.00823	0.00961	0.00640	0.00549	0.00366	0.00183	0.00457	0.00320	0.00366	0.00640
3	0.00745	0.00601	0.00663	0.00648	0.00827	0.00519	0.00486	0.00938	0.01457	0.01856	0.29122	0.05266	0.51995	0.01401	0.00698	0.00195	0.00293	0.01188	0.00583	0.00519
4	0.00721	0.00515	0.00686	0.00823	0.00858	0.00480	0.00549	0.00823	0.01132	0.01510	0.03259	0.78831	0.03911	0.01853	0.00755	0.00240	0.00343	0.01681	0.00549	0.00480
5	0.00721	0.00515	0.00686	0.00823	0.00858	0.00480	0.00549	0.00823	0.01132	0.01510	0.03259	0.78831	0.03911	0.01853	0.00755	0.00240	0.00343	0.01681	0.00549	0.00480
6	0.01193	0.01129	0.01911	0.61501	0.19772	0.01334	0.01680	0.01578	0.01219	0.01603	0.01065	0.01552	0.00821	0.00577	0.00590	0.00192	0.00769	0.00526	0.00269	0.00718
7	0.01464	0.01405	0.02400	0.03630	0.75528	0.01405	0.01815	0.01815	0.01347	0.01932	0.01112	0.01464	0.00937	0.00527	0.00585	0.00176	0.00703	0.00527	0.00293	0.00937
8	0.00721	0.00515	0.00686	0.00823	0.00858	0.00480	0.00549	0.00823	0.01132	0.01510	0.03259	0.78831	0.03911	0.01853	0.00755	0.00240	0.00343	0.01681	0.00549	0.00480
9	0.01400	0.01584	0.03428	0.02557	0.07212	0.01490	0.69308	0.01890	0.01393	0.01896	0.01192	0.01588	0.00900	0.00500	0.00692	0.00198	0.00980	0.00688	0.00299	0.00806
10	0.14585	0.01578	0.01637	0.01272	0.01729	0.01757	0.01051	0.62637	0.02511	0.03564	0.01329	0.01350	0.00950	0.00685	0.00557	0.00178	0.00621	0.00500	0.00557	0.00950
11	0.02209	0.02819	0.01676	0.01524	0.01828	0.76843	0.01143	0.02361	0.01676	0.01447	0.00914	0.01066	0.00762	0.00609	0.00533	0.00152	0.01066	0.00381	0.00305	0.00686
12	0.01226	0.01051	0.01226	0.00876	0.01401	0.00788	0.00701	0.01489	0.01226	0.01927	0.01051	0.01226	0.00876	0.00438	0.00438	0.00088	0.00438	0.00350	0.00350	0.82832
13	0.02028	0.01500	0.01691	0.09911	0.02027	0.01675	0.01142	0.51753	0.12986	0.06824	0.01567	0.01581	0.01120	0.00711	0.00593	0.00183	0.00632	0.00555	0.00563	0.00956
14	0.00721	0.00515	0.00686	0.00823	0.00858	0.00480	0.00549	0.00823	0.01132	0.01510	0.03259	0.78831	0.03911	0.01853	0.00755	0.00240	0.00343	0.01681	0.00549	0.00480
15	0.01222	0.02742	0.62662	0.05253	0.12784	0.01375	0.02110	0.01849	0.01259	0.01865	0.01068	0.01293	0.00777	0.00558	0.00566	0.00186	0.00846	0.00453	0.00256	0.00873
16	0.83394	0.01144	0.00869	0.00778	0.01144	0.01327	0.00640	0.01738	0.01006	0.02653	0.00823	0.00961	0.00640	0.00549	0.00366	0.00183	0.00457	0.00320	0.00366	0.00640
17	0.00800	0.00603	0.00740	0.00706	0.00861	0.00542	0.00529	0.01045	0.01588	0.02167	0.56895	0.04755	0.24028	0.01285	0.00698	0.00190	0.00284	0.01117	0.00624	0.00542
18	0.02248	0.01656	0.01775	0.01361	0.01834	0.01834	0.01124	0.73556	0.02780	0.03727	0.01420	0.01420	0.01006	0.00710	0.00592	0.00177	0.00651	0.00532	0.00592	0.01006
19	0.01294	0.01294	0.01811	0.01553	0.01553	0.01811	0.01294	0.01423	0.00906	0.01423	0.00776	0.01294	0.00776	0.01035	0.01941	0.00259	0.78134	0.00518	0.00259	0.00647
20	0.00830	0.00604	0.00781	0.00737	0.00879	0.00555	0.00553	0.01103	0.01658	0.02334	0.71856	0.04479	0.08963	0.01223	0.00698	0.00187	0.00280	0.01078	0.00646	0.00555
21	0.00735	0.00596	0.00652	0.00647	0.00823	0.00513	0.00482	0.00916	0.01421	0.01792	0.23636	0.08914	0.53922	0.01441	0.00701	0.00198	0.00296	0.01223	0.00575	0.00513
22	0.00837	0.00604	0.00790	0.00744	0.00883	0.00558	0.00558	0.01116	0.01674	0.02371	0.75216	0.04417	0.05580	0.01209	0.00697	0.00186	0.00279	0.01069	0.00651	0.00558
23	0.01581	0.79572	0.03099	0.01012	0.01518	0.02340	0.01012	0.01771	0.01202	0.01391	0.00822	0.00949	0.00759	0.00506	0.00379	0.00126	0.00632	0.00316	0.00253	0.00759
24	0.01186	0.03059	0.76153	0.01686	0.02560	0.01373	0.02185	0.01873	0.01249	0.01873	0.01061	0.01249	0.00749	0.00562	0.00562	0.00187	0.00874	0.00437	0.00250	0.00874
25	0.00837	0.00604	0.00790	0.00744	0.00883	0.00558	0.00558	0.01116	0.01674	0.02371	0.75216	0.04417	0.05580	0.01209	0.00697	0.00186	0.00279	0.01069	0.00651	0.00558
26	0.01294	0.01294	0.01811	0.01553	0.01553	0.01811	0.01294	0.01423	0.00906	0.01423	0.00776	0.01294	0.00776	0.01035	0.01941	0.00259	0.78134	0.00518	0.00259	0.00647
27	0.01186	0.03059	0.76153	0.01686	0.02560	0.01373	0.02185	0.01873	0.01249	0.01873	0.01061	0.01249	0.00749	0.00562	0.00562	0.00187	0.00874	0.00437	0.00250	0.00874
28	0.01117	0.01051	0.01774	0.77795	0.04073	0.01314	0.01642	0.01511	0.01182	0.01511	0.01051	0.01577	0.00788	0.00591	0.00591	0.00197	0.00788	0.00526	0.00263	0.00657
29	0.01581	0.79572	0.03099	0.01012	0.01518	0.02340	0.01012	0.01771	0.01202	0.01391	0.00822	0.00949	0.00759	0.00506	0.00379	0.00126	0.00632	0.00316	0.00253	0.00759
30	0.00829	0.00604	0.00780	0.00736	0.00879	0.00555	0.00552	0.01101	0.01655	0.02327	0.71277	0.04490	0.09546	0.01225	0.00698	0.00187	0.00280	0.01080	0.00645	0.00555
31	0.02142	0.02718	0.01825	0.01603	0.01932	0.70656	0.07074	0.02323	0.01653	0.01484	0.00937	0.01110	0.00773	0.00600	0.00547	0.00156	0.01061	0.00407	0.00304	0.00695
32	0.01471	0.01270	0.01337	0.01203	0.01538	0.01471	0.00936	0.03142	0.74459	0.02474	0.02407	0.02206	0.01805	0.00802	0.00602	0.00201	0.00468	0.00669	0.00602	0.00936
33	0.01581	0.79572	0.03099	0.01012	0.01518	0.02340	0.01012	0.01771	0.01202	0.01391	0.00822	0.00949	0.00759	0.00506	0.00379	0.00126	0.00632	0.00316	0.00253	0.00759
34	0.00823	0.00558	0.00656	0.00692	0.00701	0.00549	0.00409	0.00850	0.00932	0.01243	0.02233	0.23708	0.02616	0.58742	0.02413	0.00485	0.00512	0.01077	0.00409	0.00391
35	0.00721	0.00515	0.00686	0.00823	0.00858	0.00480	0.00549	0.00823	0.01132	0.01510	0.03259	0.78831	0.03911	0.01853	0.00755	0.00240	0.00343	0.01681	0.00549	0.00480
36	0.00721	0.00515	0.00686	0.00823	0.00858	0.00480	0.00549	0.00823	0.01132	0.01510	0.03259	0.78831	0.03911	0.01853	0.00755	0.00240	0.00343	0.01681	0.00549	0.00480
37	0.01105	0.00730	0.00840	0.00760	0.00990	0.00675	0.00595	0.01267	0.01375	0.15154	0.04895	0.04659	0.55694	0.01320	0.00782	0.00201	0.06727	0.01069	0.00559	0.00604
38	0.00721	0.00515	0.00686	0.00823	0.00858	0.00480	0.00549	0.00823	0.01132	0.01510	0.03259	0.78831	0.03911	0.01853	0.00755	0.00240	0.00343	0.01681	0.00549	0.00480
39	0.00721	0.00515	0.00686	0.00823	0.00858	0.00480	0.00549	0.00823	0.01132	0.01510	0.03259	0.78831	0.03911	0.01853	0.00755	0.00240	0.00343	0.01681	0.00549	0.00480
40	0.01372	0.01311	0.02235	0.23258	0.56617	0.01381	0.01769	0.01734	0.01303	0.01821	0.01096	0.01494	0.00897	0.00544	0.00587	0.00181	0.00725	0.00527	0.00285	0.00863
41	0.53812	0.01226	0.01027	0.00908	0.01253	0.04994	0.00739	0.10818	0.05478	0.02639	0.01196	0.01474	0.00965	0.00651	0.00442	0.00182	0.00501	0.03845	0.07157	0.00693
42	0.01041	0.00716	0.00887	0.00885	0.01026	0.00702	0.00642	0.11101	0.01506	0.05226	0.18139	0.46927	0.05887	0.01499	0.00711	0.00216	0.00378	0.01333	0.00584	0.00593
43	0.01183	0.01260	0.02607	0.01960	0.02388	0.01178	0.50542	0.01560	0.01322	0.01777	0.01958	0.22729	0.04849	0.00908	0.00713	0.00210	0.00790	0.00988	0.00377	0.00699
44	0.01350	0.04429	0.02019	0.46598	0.10764	0.05696	0.08513	0.07529	0.01366	0.01749	0.01084	0.01507	0.00837	0.00632	0.00647	0.02947	0.00789	0.00526	0.00298	0.00720
45	0.00881	0.01189	0.18371	0.01154	0.01427	0.00767	0.06666	0.01151	0.01180	0.01624	0.02588	0.54792	0.02942	0.01447	0.00706	0.00225	0.00517	0.01316	0.00460	0.00596
46	0.02119	0.02673	0.01684	0.07786	0.02013	0.70641	0.01184	0.02292	0.01635	0.01453	0.00925	0.01108	0.00764	0.00608	0.00538	0.00156	0.01044	0.00393	0.00301	0.00683
47	0.01226	0.01051	0.01226	0.00876	0.01401	0.00788	0.00701	0.01489	0.01226	0.01927	0.01051	0.01226	0.00876	0.00438	0.00438	0.00088	0.00438	0.00350	0.00350	0.82832
48	0.11416	0.14555	0.07806	0.01206	0.05158	0.03536	0.01030	0.02414	0.01478	0.43109	0.01700	0.01596	0.01146	0.00645	0.00527	0.00172	0.00577	0.00494	0.00536	0.00899
49	0.00721	0.00515	0.00686	0.00823	0.00858	0.00480	0.00549	0.00823	0.01132	0.01510	0.03259	0.78831	0.03911	0.01853	0.00755	0.00240	0.00343	0.01681	0.00549	0.00480
50	0.01157	0.01067	0.01799	0.63724	0.13220	0.01280	0.01601	0.01509	0.01180	0.01538	0.01058	0.01574	0.00821	0.00666	0.00688	0.04894	0.00761	0.00525	0.00266	0.00671
51	0.00763	0.00547	0.00724	0.00795	0.00867	0.00508	0.00552	0.00929	0.01328	0.01822	0.29311	0.51890	0.04515	0.01620	0.00734	0.00221	0.00320	0.01460	0.00586	0.00508
52	0.00833	0.00601	0.00790	0.00767	0.00898	0.00558	0.00577	0.01097	0.01614	0.02271	0.65785	0.10637	0.05337	0.01283	0.00708	0.00195	0.00297	0.04564	0.00637	0.00551
53	0.00721	0.00515	0.00686	0.00823	0.00858	0.00480	0.00549	0.00823	0.01132	0.01510	0.03259	0.78831	0.03911	0.01853	0.00755	0.00240	0.00343	0.01681	0.00549	0.00480
54	0.00953	0.00681	0.00953	0.01089	0.01225	0.00681	0.00953	0.01225	0.01361	0.01770	0.03131	0.06671	0.03403	0.01634	0.00817	0.00272	0.00545	0.71547	0.00545	0.00545
55	0.02248	0.01656	0.01775	0.01361	0.01834	0.01834	0.01124	0.73556	0.02780	0.03727	0.01420	0.01420	0.01006	0.00710	0.00592	0.00177	0.00651	0.00532	0.00592	0.01006
56	0.02653	0.01006	0.01372	0.01052	0.01510	0.00869	0.00869	0.02882	0.01693	0.75937	0.02333	0.02013	0.01464	0.00732	0.00595	0.00183	0.00503	0.00595	0.00732	0.01006
57	0.01535	0.01302	0.01373	0.01216	0.01562	0.01501	0.00951	0.08924	0.68574	0.02577	0.02326	0.02142	0.01740	0.00795	0.00601	0.00199	0.00483	0.00657	0.00601	0.00942
58	0.80683	0.01161	0.00899	0.00797	0.01167	0.01344	0.00657	0.04137	0.01066	0.02689	0.00843	0.00976	0.00653	0.00554	0.00374	0.00183	0.00464	0.00327	0.00374	0.00653
59	0.01581	0.79572	0.03099	0.01012	0.01518	0.02340	0.01012	0.01771	0.01202	0.01391	0.00822	0.00949	0.00759	0.00506	0.00379	0.00126	0.00632	0.00316	0.00253	0.00759
60	0.02107	0.02549	0.01617	0.01451	0.01766	0.63778	0.01099	0.08166	0.04817	0.01685	0.01267	0.01369	0.04467	0.00669	0.00549	0.00159	0.00970	0.00448	0.00353	0.00713
61	0.04806	0.02564	0.52435	0.01873	0.02648	0.01406	0.22161	0.01873	0.01280	0.01913	0.01089	0.01334	0.00786	0.00543	0.00592	0.00191	0.00891	0.00505	0.00269	0.00842
62	0.01134	0.01068	0.01804	0.74171	0.07565	0.01318	0.01651	0.01526	0.01191	0.01532	0.01054	0.01571	0.00796	0.00588	0.00591	0.00196	0.00784	0.00526	0.00264	0.00671
63	0.00807	0.00560	0.00651	0.00688	0.00716	0.00542	0.00418	0.00849	0.00980	0.01287	0.02635	0.23886	0.09740	0.51173	0.02188	0.00449	0.00486	0.01115	0.00427	0.00404
64	0.02337	0.01514	0.01686	0.01293	0.01763	0.01622	0.01068	0.58029	0.02541	0.19591	0.01620	0.01550	0.01106	0.00715	0.00592	0.00179	0.00618	0.00546	0.00622	0.01006
65	0.01189	0.01342	0.08273	0.52822	0.03659	0.01373	0.17324	0.01622	0.01226	0.01622	0.01075	0.01545	0.00809	0.00582	0.00652	0.00199	0.03156	0.00556	0.00270	0.00705
66	0.00845	0.00634	0.00950	0.00950	0.01056	0.00739	0.00739	0.01056	0.00950	0.01373	0.01584	0.02323	0.01478	0.04435	0.76873	0.00950	0.01584	0.00634	0.00317	0.00528
67	0.00860	0.00573	0.00645	0.00645	0.00645	0.00573	0.00358	0.00860	0.00860	0.01147	0.01863	0.03870	0.02150	0.79217	0.03010	0.00573	0.00573	0.00860	0.00358	0.00358
68	0.80661	0.03764	0.00944	0.00786	0.01156	0.01361	0.00653	0.01739	0.01013	0.02611	0.00823	0.00960	0.00644	0.00548	0.00366	0.00181	0.00463	0.00320	0.00362	0.00644
69	0.70928	0.13094	0.01209	0.00813	0.01201	0.01481	0.00697	0.01743	0.01036	0.02461	0.00823	0.00959	0.00659	0.00542	0.00368	0.00174	0.00484	0.00320	0.00349	0.00659
70	0.01102	0.00551	0.00551	0.00551	0.00689	0.00551	0.00413	0.01378	0.01240	0.02205	0.01929	0.02205	0.01516	0.00689	0.00413	0.00138	0.00276	0.00551	0.82500	0.00551
71	0.01226	0.01051	0.01226	0.00876	0.01401	0.00788	0.00701	0.01489	0.01226	0.01927	0.01051	0.01226	0.00876	0.00438	0.00438	0.00088	0.00438	0.00350	0.00350	0.82832
72	0.00811	0.00603	0.00755	0.00717	0.00868	0.00547	0.00538	0.01066	0.01613	0.02226	0.62218	0.04657	0.18668	0.01263	0.00698	0.00189	0.00283	0.01103	0.00632	0.00547
73	0.00741	0.00594	0.00662	0.00660	0.00828	0.00515	0.00489	0.00925	0.01425	0.01816	0.25952	0.11325	0.49101	0.01443	0.00703	0.00199	0.00297	0.01232	0.00579	0.00515

[dist]
# distance from previous block
# <min> <max>
0	1

[block]
# block no. 4 follows, 39 sequences, length 16
# corresponding to MSA columns:
# 820-835
name=unknown_E
#
# <colnr> <probs for GDERKNQSTAVLIFYWHMCP>
#	G	D	E	R	K	N	Q	S	T	A	V	L	I	F	Y	W	H	M	C	P
0	0.00837	0.00604	0.00790	0.00744	0.00883	0.00558	0.00558	0.01116	0.01674	0.02371	0.75216	0.04417	0.05580	0.01209	0.00697	0.00186	0.00279	0.01069	0.00651	0.00558
1	0.01226	0.01051	0.01226	0.00876	0.01401	0.00788	0.00701	0.01489	0.01226	0.01927	0.01051	0.01226	0.00876	0.00438	0.00438	0.00088	0.00438	0.00350	0.00350	0.82832
2	0.83394	0.01144	0.00869	0.00778	0.01144	0.01327	0.00640	0.01738	0.01006	0.02653	0.00823	0.00961	0.00640	0.00549	0.00366	0.00183	0.00457	0.00320	0.00366	0.00640
3	0.00860	0.00573	0.00645	0.00645	0.00645	0.00573	0.00358	0.00860	0.00860	0.01147	0.01863	0.03870	0.02150	0.79217	0.03010	0.00573	0.00573	0.00860	0.00358	0.00358
4	0.00953	0.00681	0.00953	0.01089	0.01225	0.00681	0.00953	0.01225	0.01361	0.01770	0.03131	0.06671	0.03403	0.01634	0.00817	0.00272	0.00545	0.71547	0.00545	0.00545
5	0.00980	0.00832	0.01209	0.01131	0.01205	0.01061	0.00906	0.01166	0.00937	0.01388	0.01342	0.02014	0.01268	0.03414	0.54375	0.00743	0.24568	0.00599	0.00299	0.00564
6	0.01226	0.01051	0.01226	0.00876	0.01401	0.00788	0.00701	0.01489	0.01226	0.01927	0.01051	0.01226	0.00876	0.00438	0.00438	0.00088	0.00438	0.00350	0.00350	0.82832
7	0.00837	0.00604	0.00790	0.00744	0.00883	0.00558	0.00558	0.01116	0.01674	0.02371	0.75216	0.04417	0.05580	0.01209	0.00697	0.00186	0.00279	0.01069	0.00651	0.00558
8	0.01381	0.01337	0.02328	0.20271	0.54863	0.01390	0.06284	0.01751	0.01313	0.01835	0.01104	0.01497	0.00901	0.00540	0.00594	0.00182	0.00740	0.00537	0.00286	0.00865
9	0.01416	0.17872	0.54039	0.01487	0.02246	0.01511	0.01818	0.01958	0.01285	0.09470	0.01146	0.01269	0.00825	0.00569	0.00529	0.00175	0.00788	0.00430	0.00300	0.00865
10	0.01295	0.01181	0.01739	0.17033	0.05628	0.01556	0.01323	0.01501	0.01025	0.05096	0.00991	0.01480	0.00878	0.01188	0.07765	0.00296	0.48529	0.00533	0.00289	0.00671
11	0.00846	0.00627	0.00919	0.00919	0.01013	0.00722	0.00700	0.01036	0.00941	0.01349	0.01613	0.02484	0.01548	0.12202	0.69202	0.00911	0.01479	0.00657	0.00321	0.00510
12	0.00721	0.00515	0.00686	0.00823	0.00858	0.00480	0.00549	0.00823	0.01132	0.01510	0.03259	0.78831	0.03911	0.01853	0.00755	0.00240	0.00343	0.01681	0.00549	0.00480
13	0.01186	0.03059	0.76153	0.01686	0.02560	0.01373	0.02185	0.01873	0.01249	0.01873	0.01061	0.01249	0.00749	0.00562	0.00562	0.00187	0.00874	0.00437	0.00250	0.00874
14	0.01522	0.68150	0.14005	0.01112	0.01673	0.02196	0.01187	0.01786	0.01209	0.01463	0.00858	0.00993	0.00757	0.00514	0.00407	0.00136	0.00668	0.00334	0.00252	0.00776
15	0.00759	0.00609	0.00682	0.00685	0.00863	0.00532	0.00528	0.00952	0.01428	0.01802	0.22357	0.05486	0.51043	0.01442	0.00711	0.00204	0.00320	0.08506	0.00573	0.00518

[dist]
# distance from previous block
# <min> <max>
15	32

[block]
# block no. 5 follows, 39 sequences, length 20
# corresponding to MSA columns:
# 872-891
name=unknown_F
#
# <colnr> <probs for GDERKNQSTAVLIFYWHMCP>
#	G	D	E	R	K	N	Q	S	T	A	V	L	I	F	Y	W	H	M	C	P
0	0.00918	0.00724	0.00897	0.00844	0.01070	0.00601	0.00608	0.01084	0.01169	0.01673	0.02396	0.48501	0.02725	0.01300	0.00631	0.00181	0.00380	0.01161	0.00471	0.32666
1	0.01581	0.79572	0.03099	0.01012	0.01518	0.02340	0.01012	0.01771	0.01202	0.01391	0.00822	0.00949	0.00759	0.00506	0.00379	0.00126	0.00632	0.00316	0.00253	0.00759
2	0.00728	0.00520	0.00693	0.00818	0.00859	0.00485	0.00550	0.00842	0.01166	0.01563	0.07752	0.74185	0.04016	0.01813	0.00751	0.00237	0.00339	0.01643	0.00555	0.00485
3	0.01522	0.68116	0.14038	0.01113	0.01674	0.02195	0.01188	0.01786	0.01209	0.01463	0.00858	0.00994	0.00757	0.00514	0.00407	0.00136	0.00669	0.00334	0.00252	0.00776
4	0.00721	0.00515	0.00686	0.00823	0.00858	0.00480	0.00549	0.00823	0.01132	0.01510	0.03259	0.78831	0.03911	0.01853	0.00755	0.00240	0.00343	0.01681	0.00549	0.00480
5	0.00819	0.00609	0.00766	0.00741	0.00892	0.00556	0.00566	0.01073	0.01589	0.02180	0.56750	0.04824	0.18774	0.01295	0.00706	0.00195	0.00302	0.06194	0.00624	0.00546
6	0.01860	0.01285	0.01424	0.01200	0.01585	0.01410	0.00956	0.15821	0.46217	0.18128	0.02213	0.02024	0.01589	0.00771	0.00598	0.00193	0.00508	0.00628	0.00627	0.00963
7	0.01660	0.70369	0.02943	0.01053	0.01555	0.02280	0.01025	0.10250	0.01388	0.01667	0.00893	0.01004	0.00788	0.00530	0.00405	0.00133	0.00635	0.00342	0.00293	0.00788
8	0.00981	0.00597	0.00796	0.00829	0.00942	0.00547	0.00589	0.01146	0.01346	0.10536	0.22773	0.49464	0.04077	0.01545	0.00720	0.00219	0.00345	0.01386	0.00598	0.00564
9	0.00769	0.00596	0.00700	0.00685	0.00845	0.00527	0.00510	0.00980	0.01497	0.01977	0.40245	0.09645	0.36146	0.01376	0.00702	0.00195	0.00292	0.01186	0.00600	0.00527
10	0.00893	0.05703	0.12344	0.01063	0.01295	0.00795	0.05390	0.01126	0.01209	0.01642	0.07733	0.52425	0.03177	0.01448	0.00696	0.00219	0.00477	0.01308	0.00478	0.00581
11	0.01301	0.01316	0.01935	0.01622	0.01666	0.01788	0.06586	0.01458	0.00942	0.01458	0.00807	0.01316	0.00785	0.00996	0.01849	0.00254	0.72471	0.00531	0.00262	0.00658
12	0.00699	0.00599	0.00599	0.00599	0.00799	0.00499	0.00449	0.00849	0.01348	0.01598	0.05991	0.05691	0.75288	0.01498	0.00699	0.00200	0.00300	0.01248	0.00549	0.00499
13	0.01691	0.65607	0.02818	0.01049	0.01519	0.02135	0.01012	0.01881	0.01242	0.10199	0.00998	0.01095	0.00843	0.00564	0.00498	0.00141	0.05256	0.00361	0.00310	0.00781
14	0.02152	0.10335	0.01698	0.12543	0.06511	0.01180	0.01063	0.02498	0.06101	0.46922	0.01894	0.01801	0.01269	0.00676	0.00569	0.00179	0.00571	0.00552	0.00571	0.00917
15	0.01315	0.01292	0.01675	0.36191	0.02696	0.10277	0.04046	0.01690	0.05581	0.01633	0.01158	0.01562	0.00927	0.00710	0.00865	0.00199	0.17670	0.00525	0.09321	0.00669
16	0.77591	0.01279	0.06183	0.00842	0.01244	0.01330	0.00749	0.01748	0.01024	0.02598	0.00840	0.00981	0.00648	0.00550	0.00380	0.00183	0.00487	0.00328	0.00358	0.00657
17	0.01308	0.05306	0.59514	0.01522	0.02313	0.01302	0.01876	0.01895	0.01276	0.07091	0.01142	0.01290	0.00815	0.00557	0.00543	0.00173	0.00788	0.00434	0.00296	0.10560
18	0.01226	0.01051	0.01226	0.00876	0.01401	0.00788	0.00701	0.01489	0.01226	0.01927	0.01051	0.01226	0.00876	0.00438	0.00438	0.00088	0.00438	0.00350	0.00350	0.82832
19	0.83394	0.01144	0.00869	0.00778	0.01144	0.01327	0.00640	0.01738	0.01006	0.02653	0.00823	0.00961	0.00640	0.00549	0.00366	0.00183	0.00457	0.00320	0.00366	0.00640

[dist]
# distance from previous block
# <min> <max>
0	6

[block]
# block no. 6 follows, 39 sequences, length 108
# corresponding to MSA columns:
# 898-1005
name=unknown_G
#
# <colnr> <probs for GDERKNQSTAVLIFYWHMCP>
#	G	D	E	R	K	N	Q	S	T	A	V	L	I	F	Y	W	H	M	C	P
0	0.61186	0.01106	0.01008	0.00853	0.01244	0.01201	0.00703	0.02053	0.01195	0.22810	0.01239	0.01250	0.00867	0.00599	0.00429	0.00183	0.00470	0.00396	0.00467	0.00741
1	0.00748	0.00610	0.00665	0.00645	0.00835	0.00522	0.00485	0.00936	0.01435	0.01818	0.24925	0.05245	0.54516	0.01396	0.00693	0.00194	0.00297	0.01180	0.00573	0.02284
2	0.00721	0.00515	0.00686	0.00823	0.00858	0.00480	0.00549	0.00823	0.01132	0.01510	0.03259	0.78831	0.03911	0.01853	0.00755	0.00240	0.00343	0.01681	0.00549	0.00480
3	0.01102	0.00551	0.00551	0.00551	0.00689	0.00551	0.00413	0.01378	0.01240	0.02205	0.01929	0.02205	0.01516	0.00689	0.00413	0.00138	0.00276	0.00551	0.82500	0.00551
4	0.00860	0.00573	0.00645	0.00645	0.00645	0.00573	0.00358	0.00860	0.00860	0.01147	0.01863	0.03870	0.02150	0.79217	0.03010	0.00573	0.00573	0.00860	0.00358	0.00358
5	0.00721	0.00515	0.00686	0.00823	0.00858	0.00480	0.00549	0.00823	0.01132	0.01510	0.03259	0.78831	0.03911	0.01853	0.00755	0.00240	0.00343	0.01681	0.00549	0.00480
6	0.01226	0.01051	0.01226	0.00876	0.01401	0.00788	0.00701	0.01489	0.01226	0.01927	0.01051	0.01226	0.00876	0.00438	0.00438	0.00088	0.00438	0.00350	0.00350	0.82832
7	0.83394	0.01144	0.00869	0.00778	0.01144	0.01327	0.00640	0.01738	0.01006	0.02653	0.00823	0.00961	0.00640	0.00549	0.00366	0.00183	0.00457	0.00320	0.00366	0.00640
8	0.01027	0.00514	0.00770	0.00770	0.00770	0.00514	0.00514	0.00770	0.00770	0.01027	0.01027	0.01798	0.01027	0.02054	0.02311	0.82794	0.00514	0.00514	0.00257	0.00257
9	0.01396	0.01595	0.03490	0.02493	0.03091	0.01496	0.73380	0.01894	0.01396	0.01894	0.01196	0.01595	0.00897	0.00499	0.00698	0.00199	0.00997	0.00698	0.00299	0.00798
10	0.01268	0.18892	0.61036	0.01546	0.02344	0.01573	0.01942	0.01852	0.01239	0.01773	0.01012	0.01186	0.00751	0.00550	0.00524	0.00175	0.00824	0.00412	0.00250	0.00850
11	0.00699	0.00599	0.00599	0.00599	0.00799	0.00499	0.00449	0.00849	0.01348	0.01598	0.05991	0.05691	0.75288	0.01498	0.00699	0.00200	0.00300	0.01248	0.00549	0.00499
12	0.01406	0.01346	0.02296	0.15950	0.63658	0.01390	0.01786	0.01764	0.01319	0.01862	0.01102	0.01482	0.00912	0.00538	0.00586	0.00179	0.00717	0.00527	0.00288	0.00890
13	0.59222	0.01095	0.00985	0.00841	0.01220	0.01192	0.00691	0.03578	0.01216	0.18636	0.01459	0.01468	0.05045	0.00646	0.00440	0.00184	0.00463	0.00437	0.00461	0.00721
14	0.00837	0.00604	0.00790	0.00744	0.00883	0.00558	0.00558	0.01116	0.01674	0.02371	0.75216	0.04417	0.05580	0.01209	0.00697	0.00186	0.00279	0.01069	0.00651	0.00558
15	0.01396	0.01595	0.03490	0.02493	0.03091	0.01496	0.73380	0.01894	0.01396	0.01894	0.01196	0.01595	0.00897	0.00499	0.00698	0.00199	0.00997	0.00698	0.00299	0.00798
16	0.01364	0.01815	0.14422	0.02371	0.03011	0.01477	0.62669	0.01891	0.01374	0.01891	0.01176	0.01543	0.00875	0.00508	0.00677	0.00198	0.00979	0.00659	0.00292	0.00809
17	0.01188	0.01141	0.01984	0.61598	0.14669	0.01340	0.06555	0.01582	0.01222	0.01600	0.01070	0.01561	0.00818	0.00575	0.00598	0.00194	0.00790	0.00537	0.00270	0.00708
18	0.00721	0.00515	0.00686	0.00823	0.00858	0.00480	0.00549	0.00823	0.01132	0.01510	0.03259	0.78831	0.03911	0.01853	0.00755	0.00240	0.00343	0.01681	0.00549	0.00480
19	0.01276	0.02071	0.30299	0.02088	0.02754	0.01387	0.42383	0.01819	0.01325	0.01862	0.01275	0.06299	0.01031	0.00607	0.00651	0.00197	0.00910	0.00663	0.00296	0.00806
20	0.01247	0.02978	0.71860	0.01667	0.02518	0.01400	0.02124	0.06009	0.01337	0.01980	0.01082	0.01258	0.00764	0.00570	0.00564	0.00187	0.00861	0.00443	0.00269	0.00882
21	0.02082	0.01133	0.01685	0.10034	0.21283	0.01097	0.01214	0.04639	0.03233	0.42151	0.01871	0.01951	0.01306	0.00692	0.00599	0.00186	0.00592	0.02769	0.00552	0.00934
22	0.00904	0.00752	0.01143	0.04812	0.01346	0.00691	0.08931	0.01086	0.01166	0.01601	0.02497	0.50203	0.02846	0.05304	0.00804	0.00226	0.00466	0.01261	0.00465	0.13495
23	0.51120	0.01127	0.01201	0.05433	0.01464	0.01315	0.04150	0.01709	0.01078	0.07294	0.01097	0.05091	0.00921	0.00703	0.00665	0.00198	0.12086	0.00471	0.02214	0.00664
24	0.01080	0.00773	0.00969	0.00980	0.01125	0.00805	0.00780	0.08905	0.05037	0.01838	0.05208	0.06158	0.04041	0.17744	0.06478	0.04160	0.00609	0.32263	0.00489	0.00559
25	0.01566	0.01319	0.01914	0.06751	0.01911	0.01627	0.08743	0.12385	0.01338	0.09551	0.01113	0.01460	0.00910	0.00941	0.02966	0.00243	0.43595	0.00550	0.00363	0.00752
26	0.01551	0.02477	0.43868	0.01632	0.05612	0.06188	0.01734	0.21152	0.01690	0.02351	0.01150	0.01292	0.00835	0.00596	0.00562	0.00176	0.00793	0.00458	0.00353	0.05529
27	0.24479	0.01567	0.04981	0.01329	0.05384	0.01652	0.01075	0.46895	0.02150	0.03256	0.01224	0.01288	0.00890	0.00650	0.00528	0.00179	0.00610	0.00469	0.00499	0.00896
28	0.01650	0.01508	0.02189	0.07485	0.43737	0.04976	0.05173	0.18082	0.05286	0.02313	0.01237	0.01486	0.00976	0.00588	0.00591	0.00179	0.00716	0.00537	0.00374	0.00916
29	0.01020	0.00929	0.01678	0.01391	0.01622	0.00994	0.20729	0.01296	0.01067	0.01508	0.01450	0.02142	0.01314	0.06623	0.48753	0.00692	0.05226	0.00656	0.00311	0.00600
30	0.00767	0.00555	0.00735	0.00863	0.00930	0.00523	0.00626	0.00908	0.01194	0.01569	0.03419	0.58916	0.08669	0.01783	0.00764	0.00244	0.00382	0.16109	0.00548	0.00495
31	0.00709	0.00595	0.00616	0.00621	0.00807	0.00502	0.00462	0.00864	0.01356	0.01641	0.10165	0.09832	0.66807	0.01500	0.00702	0.00201	0.00301	0.01262	0.00556	0.00502
32	0.00734	0.00525	0.00698	0.00814	0.00861	0.00489	0.00550	0.00857	0.01194	0.01608	0.11476	0.70334	0.04102	0.01779	0.00748	0.00234	0.00336	0.01611	0.00561	0.00489
33	0.01309	0.01049	0.01235	0.00886	0.01408	0.00793	0.00710	0.01569	0.01253	0.06198	0.01125	0.01272	0.00910	0.00455	0.00447	0.00093	0.00442	0.00364	0.00372	0.78110
34	0.00805	0.00580	0.00762	0.00766	0.00876	0.00537	0.00556	0.01036	0.01525	0.02134	0.55424	0.24885	0.05121	0.01386	0.00713	0.00201	0.00297	0.01238	0.00623	0.00537
35	0.01294	0.01294	0.01811	0.01553	0.01553	0.01811	0.01294	0.01423	0.00906	0.01423	0.00776	0.01294	0.00776	0.01035	0.01941	0.00259	0.78134	0.00518	0.00259	0.00647
36	0.02248	0.01656	0.01775	0.01361	0.01834	0.01834	0.01124	0.73556	0.02780	0.03727	0.01420	0.01420	0.01006	0.00710	0.00592	0.00177	0.00651	0.00532	0.00592	0.01006
37	0.02220	0.02499	0.01703	0.01479	0.01830	0.56211	0.01138	0.21943	0.01980	0.02074	0.01053	0.01164	0.00829	0.00637	0.00549	0.00159	0.00952	0.00423	0.00384	0.00774
38	0.00722	0.00583	0.00646	0.00690	0.00843	0.00507	0.00509	0.00868	0.01293	0.01587	0.05093	0.24571	0.52031	0.01598	0.00721	0.00215	0.00327	0.06148	0.00549	0.00497
39	0.01586	0.01204	0.01377	0.01013	0.01520	0.01063	0.00821	0.20121	0.01658	0.07432	0.01233	0.01330	0.00949	0.00528	0.00488	0.00117	0.00497	0.00414	0.00438	0.56210
40	0.00915	0.00656	0.00900	0.00977	0.01114	0.00641	0.00824	0.01190	0.01463	0.01966	0.26584	0.05938	0.04112	0.01495	0.00778	0.00244	0.00458	0.48618	0.00579	0.00549
41	0.01393	0.00815	0.01096	0.01100	0.01326	0.00798	0.00947	0.06495	0.01527	0.17250	0.02849	0.05349	0.02839	0.01384	0.00756	0.00247	0.00543	0.52027	0.00587	0.00672
42	0.01554	0.74360	0.08076	0.01058	0.01589	0.02274	0.01092	0.01778	0.01205	0.01424	0.00838	0.00969	0.00758	0.00510	0.00392	0.00131	0.00649	0.00324	0.00253	0.00767
43	0.01396	0.01595	0.03490	0.02493	0.03091	0.01496	0.73380	0.01894	0.01396	0.01894	0.01196	0.01595	0.00897	0.00499	0.00698	0.00199	0.00997	0.00698	0.00299	0.00798
44	0.01434	0.01488	0.02873	0.03136	0.44094	0.01444	0.32870	0.01849	0.01368	0.01916	0.01149	0.01521	0.00920	0.00515	0.00634	0.00186	0.00830	0.00601	0.00295	0.00876
45	0.02263	0.01077	0.01336	0.01070	0.01466	0.03298	0.00876	0.11589	0.01810	0.50947	0.11388	0.02473	0.02011	0.00836	0.00618	0.00187	0.00514	0.04647	0.00680	0.00914
46	0.00737	0.00601	0.00652	0.00639	0.00822	0.00515	0.00479	0.00922	0.01438	0.01810	0.25031	0.05341	0.56115	0.01418	0.00699	0.00196	0.00294	0.01199	0.00577	0.00515
47	0.00860	0.00573	0.00645	0.00645	0.00645	0.00573	0.00358	0.00860	0.00860	0.01147	0.01863	0.03870	0.02150	0.79217	0.03010	0.00573	0.00573	0.00860	0.00358	0.00358
48	0.01390	0.01578	0.03418	0.02441	0.03037	0.01473	0.71085	0.01882	0.01390	0.01895	0.01192	0.01584	0.00897	0.00497	0.00690	0.00196	0.00979	0.00687	0.00301	0.03388
49	0.01283	0.01371	0.02747	0.31407	0.03393	0.01441	0.42233	0.01724	0.01290	0.01724	0.01120	0.01573	0.00849	0.00561	0.00718	0.00201	0.04724	0.00623	0.00283	0.00736
50	0.01226	0.01051	0.01226	0.00876	0.01401	0.00788	0.00701	0.01489	0.01226	0.01927	0.01051	0.01226	0.00876	0.00438	0.00438	0.00088	0.00438	0.00350	0.00350	0.82832
51	0.01243	0.01105	0.01452	0.01037	0.01570	0.00859	0.07959	0.01530	0.01243	0.01924	0.01066	0.01263	0.00878	0.00444	0.00464	0.00099	0.00494	0.00385	0.00345	0.74639
52	0.01291	0.00790	0.01077	0.00918	0.01185	0.00700	0.03994	0.01566	0.03067	0.18124	0.32532	0.13231	0.07723	0.01079	0.00651	0.00183	0.00392	0.00951	0.00598	0.09947
53	0.83394	0.01144	0.00869	0.00778	0.01144	0.01327	0.00640	0.01738	0.01006	0.02653	0.00823	0.00961	0.00640	0.00549	0.00366	0.00183	0.00457	0.00320	0.00366	0.00640
54	0.00968	0.00845	0.01424	0.05563	0.01543	0.00802	0.16442	0.01295	0.01569	0.02179	0.51367	0.03704	0.07792	0.01033	0.00692	0.00190	0.00465	0.00966	0.00547	0.00613
55	0.01117	0.01051	0.01774	0.77795	0.04073	0.01314	0.01642	0.01511	0.01182	0.01511	0.01051	0.01577	0.00788	0.00591	0.00591	0.00197	0.00788	0.00526	0.00263	0.00657
56	0.01464	0.01405	0.02400	0.03630	0.75528	0.01405	0.01815	0.01815	0.01347	0.01932	0.01112	0.01464	0.00937	0.00527	0.00585	0.00176	0.00703	0.00527	0.00293	0.00937
57	0.00699	0.00599	0.00599	0.00599	0.00799	0.00499	0.00449	0.00849	0.01348	0.01598	0.05991	0.05691	0.75288	0.01498	0.00699	0.00200	0.00300	0.01248	0.00549	0.00499
58	0.00837	0.00604	0.00790	0.00744	0.00883	0.00558	0.00558	0.01116	0.01674	0.02371	0.75216	0.04417	0.05580	0.01209	0.00697	0.00186	0.00279	0.01069	0.00651	0.00558
59	0.00721	0.00515	0.00686	0.00823	0.00858	0.00480	0.00549	0.00823	0.01132	0.01510	0.03259	0.78831	0.03911	0.01853	0.00755	0.00240	0.00343	0.01681	0.00549	0.00480
60	0.02587	0.01021	0.01370	0.01061	0.01511	0.00903	0.00873	0.02897	0.05802	0.71788	0.02337	0.02024	0.01483	0.00736	0.00595	0.00184	0.00501	0.00599	0.00725	0.01002
61	0.01471	0.01270	0.01337	0.01203	0.01538	0.01471	0.00936	0.03142	0.74459	0.02474	0.02407	0.02206	0.01805	0.00802	0.00602	0.00201	0.00468	0.00669	0.00602	0.00936
62	0.02209	0.02819	0.01676	0.01524	0.01828	0.76843	0.01143	0.02361	0.01676	0.01447	0.00914	0.01066	0.00762	0.00609	0.00533	0.00152	0.01066	0.00381	0.00305	0.00686
63	0.00699	0.00599	0.00599	0.00599	0.00799	0.00499	0.00449	0.00849	0.01348	0.01598	0.05991	0.05691	0.75288	0.01498	0.00699	0.00200	0.00300	0.01248	0.00549	0.00499
64	0.02653	0.01006	0.01372	0.01052	0.01510	0.00869	0.00869	0.02882	0.01693	0.75937	0.02333	0.02013	0.01464	0.00732	0.00595	0.00183	0.00503	0.00595	0.00732	0.01006
65	0.01186	0.03059	0.76153	0.01686	0.02560	0.01373	0.02185	0.01873	0.01249	0.01873	0.01061	0.01249	0.00749	0.00562	0.00562	0.00187	0.00874	0.00437	0.00250	0.00874
66	0.01471	0.01270	0.01337	0.01203	0.01538	0.01471	0.00936	0.03142	0.74459	0.02474	0.02407	0.02206	0.01805	0.00802	0.00602	0.00201	0.00468	0.00669	0.00602	0.00936
67	0.02248	0.01656	0.01775	0.01361	0.01834	0.01834	0.01124	0.73556	0.02780	0.03727	0.01420	0.01420	0.01006	0.00710	0.00592	0.00177	0.00651	0.00532	0.00592	0.01006
68	0.00711	0.00600	0.00616	0.00612	0.00806	0.00504	0.00459	0.00873	0.01377	0.01667	0.12181	0.05577	0.69055	0.01472	0.00699	0.00198	0.00298	0.01232	0.00558	0.00504
69	0.01471	0.01270	0.01337	0.01203	0.01538	0.01471	0.00936	0.03142	0.74459	0.02474	0.02407	0.02206	0.01805	0.00802	0.00602	0.00201	0.00468	0.00669	0.00602	0.00936
70	0.00738	0.00601	0.00654	0.00640	0.00823	0.00516	0.00480	0.00925	0.01441	0.01818	0.25752	0.05328	0.55389	0.01415	0.00699	0.00196	0.00294	0.01197	0.00578	0.00516
71	0.01976	0.31323	0.02204	0.01334	0.01713	0.49174	0.01094	0.02142	0.01500	0.01427	0.00880	0.01023	0.00761	0.00571	0.00476	0.00143	0.00905	0.00357	0.00285	0.00713
72	0.01581	0.79572	0.03099	0.01012	0.01518	0.02340	0.01012	0.01771	0.01202	0.01391	0.00822	0.00949	0.00759	0.00506	0.00379	0.00126	0.00632	0.00316	0.00253	0.00759
73	0.00699	0.00599	0.00599	0.00599	0.00799	0.00499	0.00449	0.00849	0.01348	0.01598	0.05991	0.05691	0.75288	0.01498	0.00699	0.00200	0.00300	0.01248	0.00549	0.00499
74	0.00837	0.00604	0.00790	0.00744	0.00883	0.00558	0.00558	0.01116	0.01674	0.02371	0.75216	0.04417	0.05580	0.01209	0.00697	0.00186	0.00279	0.01069	0.00651	0.00558
75	0.01294	0.01294	0.01811	0.01553	0.01553	0.01811	0.01294	0.01423	0.00906	0.01423	0.00776	0.01294	0.00776	0.01035	0.01941	0.00259	0.78134	0.00518	0.00259	0.00647
76	0.00837	0.00604	0.00790	0.00744	0.00883	0.00558	0.00558	0.01116	0.01674	0.02371	0.75216	0.04417	0.05580	0.01209	0.00697	0.00186	0.00279	0.01069	0.00651	0.00558
77	0.00837	0.00604	0.00790	0.00744	0.00883	0.00558	0.00558	0.01116	0.01674	0.02371	0.75216	0.04417	0.05580	0.01209	0.00697	0.00186	0.00279	0.01069	0.00651	0.00558
78	0.01581	0.79572	0.03099	0.01012	0.01518	0.02340	0.01012	0.01771	0.01202	0.01391	0.00822	0.00949	0.00759	0.00506	0.00379	0.00126	0.00632	0.00316	0.00253	0.00759
79	0.02313	0.01460	0.01642	0.01269	0.01730	0.01554	0.01045	0.50577	0.06536	0.23071	0.01721	0.01624	0.01174	0.00721	0.00593	0.00180	0.00601	0.00557	0.00630	0.01002
80	0.83394	0.01144	0.00869	0.00778	0.01144	0.01327	0.00640	0.01738	0.01006	0.02653	0.00823	0.00961	0.00640	0.00549	0.00366	0.00183	0.00457	0.00320	0.00366	0.00640
