[name]
unknown

[dist]
# distance from previous block
# <min> <max>
0	556

[block]
# block no. 0 follows, 40 sequences, length 6
# corresponding to MSA columns:
# 612-617
name=unknown_A
#
# <colnr> <probs for GDERKNQSTAVLIFYWHMCP>
#	G	D	E	R	K	N	Q	S	T	A	V	L	I	F	Y	W	H	M	C	P
0	0.01520	0.01289	0.01861	0.60507	0.03622	0.01494	0.01570	0.16109	0.01600	0.02109	0.01304	0.01783	0.01008	0.00736	0.00665	0.00226	0.00807	0.00581	0.00393	0.00817
1	0.00706	0.00515	0.00666	0.00787	0.00837	0.00474	0.00530	0.00812	0.01135	0.01493	0.03482	0.71598	0.11253	0.01786	0.00737	0.00232	0.00333	0.01609	0.00540	0.00474
2	0.01553	0.01626	0.02158	0.10369	0.54166	0.16529	0.01636	0.01863	0.01373	0.01765	0.01049	0.01372	0.00873	0.00540	0.00566	0.00170	0.00771	0.00489	0.00287	0.00845
3	0.01273	0.12919	0.51942	0.01951	0.17051	0.01483	0.01922	0.01817	0.01241	0.01790	0.01022	0.01231	0.00775	0.00538	0.00533	0.00174	0.00794	0.00432	0.00254	0.00857
4	0.00853	0.00599	0.00698	0.00720	0.00881	0.00525	0.00534	0.01006	0.01307	0.06953	0.08390	0.26385	0.41904	0.01511	0.00702	0.00210	0.00334	0.05403	0.00558	0.00527
5	0.00701	0.00571	0.00621	0.00648	0.00804	0.00491	0.00471	0.00847	0.01300	0.01604	0.10056	0.21900	0.54901	0.01531	0.00699	0.00204	0.00303	0.01310	0.00547	0.00491

[dist]
# distance from previous block
# <min> <max>
0	1

[block]
# block no. 1 follows, 40 sequences, length 18
# corresponding to MSA columns:
# 619-636
name=unknown_B
#
# <colnr> <probs for GDERKNQSTAVLIFYWHMCP>
#	G	D	E	R	K	N	Q	S	T	A	V	L	I	F	Y	W	H	M	C	P
0	0.00781	0.00545	0.00657	0.00710	0.00750	0.00525	0.00452	0.00852	0.01022	0.01362	0.04256	0.33863	0.09448	0.36047	0.04176	0.00396	0.00470	0.01192	0.02070	0.00426
1	0.01389	0.01331	0.02270	0.14464	0.65430	0.01369	0.01760	0.01741	0.01301	0.01839	0.01085	0.01455	0.00900	0.00527	0.00577	0.00176	0.00703	0.00518	0.00284	0.00881
2	0.01166	0.03008	0.76550	0.01657	0.02517	0.01351	0.02149	0.01842	0.01228	0.01842	0.01044	0.01228	0.00737	0.00552	0.00552	0.00184	0.00859	0.00430	0.00246	0.00859
3	0.01256	0.01053	0.01749	0.66330	0.08511	0.01259	0.01558	0.01627	0.01218	0.08236	0.01151	0.01582	0.00844	0.00590	0.00581	0.00191	0.00744	0.00523	0.00302	0.00695
4	0.01924	0.06765	0.06169	0.03735	0.01850	0.31715	0.01207	0.24154	0.01804	0.02133	0.01039	0.01207	0.00825	0.00682	0.00740	0.00175	0.12282	0.00444	0.00372	0.00780
5	0.16073	0.05821	0.01435	0.01062	0.01456	0.01379	0.00879	0.33191	0.01964	0.16018	0.10216	0.01774	0.01545	0.00720	0.00537	0.00173	0.00522	0.00549	0.03842	0.00843
6	0.01372	0.01318	0.02221	0.15550	0.59182	0.01394	0.01722	0.01710	0.01268	0.01798	0.01062	0.01446	0.00887	0.00562	0.00667	0.00182	0.06003	0.00517	0.00281	0.00857
7	0.08648	0.01162	0.01246	0.02424	0.02695	0.05577	0.00859	0.19042	0.09655	0.13370	0.09531	0.06769	0.02002	0.07954	0.00811	0.00224	0.00540	0.06194	0.00537	0.00759
8	0.06121	0.01761	0.17742	0.06957	0.18943	0.01406	0.34873	0.01810	0.01298	0.01888	0.01101	0.01434	0.00840	0.00517	0.00610	0.00187	0.00849	0.00566	0.00285	0.00812
9	0.00729	0.00506	0.00680	0.00806	0.00838	0.00475	0.00537	0.00806	0.01090	0.01453	0.03059	0.74035	0.03658	0.01835	0.00844	0.05746	0.00349	0.01577	0.00521	0.00458
10	0.01278	0.02228	0.36929	0.02087	0.02800	0.01416	0.40988	0.01853	0.01306	0.01853	0.01116	0.01412	0.00816	0.00519	0.00625	0.00191	0.00925	0.00569	0.00272	0.00819
11	0.01419	0.01048	0.06116	0.01178	0.07965	0.00918	0.00886	0.06045	0.10718	0.17942	0.21726	0.03112	0.14148	0.03307	0.00696	0.00196	0.00454	0.00805	0.00566	0.00754
12	0.01013	0.09322	0.01281	0.18748	0.01790	0.00954	0.00999	0.01278	0.01258	0.01635	0.02546	0.09231	0.08708	0.01198	0.00668	0.00219	0.00551	0.32768	0.05257	0.00576
13	0.00850	0.00633	0.00774	0.00741	0.00894	0.00589	0.00553	0.04565	0.01571	0.02143	0.49322	0.13278	0.19318	0.01297	0.00688	0.00192	0.00304	0.01132	0.00605	0.00549
14	0.01229	0.01591	0.15009	0.01717	0.02043	0.01506	0.21117	0.01551	0.01119	0.01617	0.01385	0.01734	0.07522	0.00835	0.01232	0.00221	0.36972	0.00608	0.00289	0.00702
15	0.08699	0.06286	0.19322	0.13870	0.21774	0.01446	0.09444	0.01766	0.03481	0.01835	0.01057	0.01359	0.00831	0.00575	0.00640	0.00185	0.05860	0.00489	0.00286	0.00795
16	0.00731	0.00520	0.00691	0.00819	0.00858	0.00490	0.00558	0.00838	0.01116	0.01485	0.03132	0.70676	0.03730	0.05482	0.00851	0.00254	0.00362	0.06407	0.00531	0.00471
17	0.01279	0.01769	0.19785	0.02361	0.19685	0.01334	0.33938	0.01747	0.01324	0.01840	0.01550	0.01822	0.07578	0.00599	0.00630	0.00188	0.00824	0.00637	0.00304	0.00807

[dist]
# distance from previous block
# <min> <max>
0	1

[block]
# block no. 2 follows, 40 sequences, length 72
# corresponding to MSA columns:
# 638-709
name=unknown_C
#
# <colnr> <probs for GDERKNQSTAVLIFYWHMCP>
#	G	D	E	R	K	N	Q	S	T	A	V	L	I	F	Y	W	H	M	C	P
0	0.01560	0.02597	0.51789	0.16242	0.06814	0.01487	0.02044	0.02020	0.01444	0.05080	0.01429	0.01793	0.01106	0.00786	0.00703	0.00246	0.00914	0.00567	0.00388	0.00989
1	0.01422	0.01069	0.01084	0.01012	0.01242	0.05711	0.00745	0.04469	0.04513	0.06170	0.18915	0.04148	0.28913	0.01502	0.05262	0.00285	0.00565	0.00996	0.11211	0.00767
2	0.05538	0.01637	0.12039	0.14030	0.27442	0.01424	0.09506	0.01838	0.01411	0.02062	0.01483	0.02012	0.01260	0.01400	0.13581	0.00370	0.00995	0.00638	0.00402	0.00933
3	0.01811	0.01888	0.14715	0.09252	0.34320	0.03081	0.01724	0.12628	0.08657	0.02447	0.01572	0.01920	0.01279	0.00808	0.00715	0.00240	0.00808	0.00620	0.00466	0.01050
4	0.01183	0.00811	0.00952	0.01009	0.01125	0.00716	0.00685	0.01198	0.01379	0.06196	0.03748	0.54610	0.15825	0.05968	0.00973	0.00302	0.00474	0.01521	0.00643	0.00681
5	0.01910	0.01467	0.01566	0.01382	0.01742	0.01567	0.01053	0.13005	0.52127	0.07552	0.06795	0.02590	0.02131	0.01006	0.00736	0.00252	0.00592	0.00755	0.00701	0.01070
6	0.01452	0.06380	0.06073	0.04973	0.05369	0.07215	0.07135	0.01621	0.01557	0.02037	0.13124	0.03952	0.17775	0.01253	0.00855	0.00259	0.04806	0.12825	0.00541	0.00800
7	0.01708	0.02825	0.46497	0.01967	0.02669	0.14269	0.15460	0.02134	0.01531	0.02073	0.01379	0.01725	0.01090	0.00772	0.00715	0.00241	0.01008	0.00579	0.00382	0.00975
8	0.01191	0.00891	0.01037	0.01105	0.01220	0.00849	0.00757	0.01456	0.13702	0.01961	0.03283	0.62560	0.03657	0.01804	0.00849	0.00288	0.00480	0.01531	0.00651	0.00729
9	0.01526	0.01771	0.15623	0.05670	0.06622	0.10992	0.01360	0.01711	0.01461	0.01921	0.02547	0.05966	0.15379	0.01209	0.00985	0.00267	0.13824	0.09860	0.00478	0.00829
10	0.01654	0.01585	0.04134	0.15639	0.31774	0.01516	0.24792	0.01922	0.01484	0.02069	0.01437	0.01963	0.01199	0.00819	0.00835	0.04254	0.00895	0.00675	0.00399	0.00956
11	0.02176	0.01196	0.01482	0.01342	0.05504	0.01100	0.00977	0.08738	0.06176	0.36429	0.19093	0.07764	0.02748	0.01102	0.00758	0.00245	0.00570	0.00856	0.00741	0.01003
12	0.01537	0.01368	0.02124	0.52130	0.25444	0.01488	0.01761	0.01802	0.01420	0.01926	0.01386	0.01963	0.01140	0.00785	0.00720	0.00248	0.00849	0.00623	0.00385	0.00900
13	0.01808	0.33847	0.02293	0.01316	0.01703	0.09169	0.04555	0.11117	0.01744	0.02233	0.17865	0.05422	0.02279	0.00965	0.00666	0.00218	0.00702	0.00697	0.00515	0.00885
14	0.01891	0.01852	0.02557	0.06856	0.16672	0.14302	0.26636	0.08435	0.05597	0.02271	0.01545	0.01942	0.01259	0.00788	0.00741	0.00240	0.00926	0.00667	0.03859	0.00964
15	0.01747	0.02402	0.34776	0.02067	0.02754	0.01634	0.26962	0.14162	0.01737	0.02453	0.01483	0.01838	0.01154	0.00779	0.00746	0.00247	0.00959	0.00645	0.00437	0.01016
16	0.01511	0.04226	0.55578	0.01636	0.02315	0.01385	0.01840	0.01919	0.01385	0.04908	0.01554	0.02146	0.01319	0.14037	0.01096	0.00307	0.00885	0.00613	0.00400	0.00938
17	0.04685	0.33490	0.08800	0.02102	0.18499	0.01916	0.15003	0.01980	0.01449	0.01983	0.01321	0.01693	0.01143	0.00809	0.02143	0.00235	0.00842	0.00559	0.00389	0.00960
18	0.01587	0.01492	0.02157	0.01815	0.01938	0.01813	0.11624	0.01674	0.01185	0.01784	0.01222	0.01839	0.01147	0.01354	0.06583	0.00346	0.58589	0.00647	0.00382	0.00823
19	0.01388	0.01155	0.01744	0.12375	0.09451	0.01101	0.14927	0.01579	0.01487	0.02095	0.07025	0.12576	0.14216	0.01132	0.00756	0.00248	0.00657	0.00949	0.14336	0.00802
20	0.01728	0.01489	0.01953	0.30193	0.19836	0.05518	0.01515	0.02290	0.19939	0.05538	0.01767	0.02119	0.01410	0.00848	0.00721	0.00247	0.00777	0.00654	0.00490	0.00968
21	0.02068	0.04174	0.01889	0.01819	0.14189	0.01472	0.01271	0.05140	0.01562	0.26062	0.02008	0.02412	0.04486	0.01052	0.01116	0.00264	0.23349	0.04122	0.00566	0.00979
22	0.01084	0.00802	0.00941	0.01009	0.01123	0.00716	0.00699	0.01120	0.01392	0.01857	0.06919	0.48428	0.19757	0.02027	0.05714	0.00329	0.00533	0.04251	0.00632	0.00667
23	0.02958	0.01425	0.02359	0.37230	0.11875	0.01493	0.20043	0.01836	0.01433	0.02003	0.01448	0.02002	0.01180	0.00796	0.00789	0.00251	0.04095	0.00664	0.05240	0.00879
24	0.05455	0.04558	0.01631	0.08000	0.01918	0.01466	0.01078	0.11015	0.28877	0.19167	0.02502	0.02532	0.06815	0.00981	0.00716	0.00247	0.00626	0.00723	0.00663	0.01029
25	0.01106	0.00794	0.00969	0.01052	0.01143	0.00715	0.00728	0.01155	0.01434	0.01965	0.15563	0.56789	0.04237	0.01853	0.00870	0.00288	0.00466	0.07542	0.00659	0.00672
26	0.01700	0.07779	0.55539	0.01749	0.02508	0.01653	0.01968	0.14149	0.01683	0.02416	0.01422	0.01700	0.01104	0.00797	0.00688	0.00240	0.00902	0.00548	0.00421	0.01035
27	0.01835	0.15718	0.17974	0.05409	0.25024	0.01772	0.05171	0.14106	0.01712	0.02367	0.01417	0.01762	0.01170	0.00778	0.00683	0.00230	0.00826	0.00578	0.00437	0.01029
28	0.02309	0.01468	0.01725	0.01588	0.08390	0.01472	0.01144	0.17048	0.25611	0.27882	0.02301	0.02300	0.01699	0.00935	0.00726	0.00245	0.00644	0.00692	0.00706	0.01115
29	0.01090	0.00791	0.00948	0.01032	0.01127	0.00706	0.00709	0.01127	0.01408	0.01907	0.10766	0.57746	0.10095	0.01874	0.00868	0.00287	0.00461	0.05738	0.00652	0.00667
30	0.01976	0.02499	0.40477	0.01688	0.02364	0.01652	0.01750	0.28643	0.02015	0.07534	0.01587	0.01800	0.01198	0.00840	0.00708	0.00241	0.00850	0.00584	0.00518	0.01076
31	0.01852	0.01852	0.03657	0.02947	0.44660	0.14326	0.05934	0.02042	0.01525	0.02047	0.01354	0.01808	0.01181	0.00820	0.00885	0.00242	0.10866	0.00607	0.00401	0.00992
32	0.11953	0.00984	0.01138	0.01196	0.03106	0.00930	0.00918	0.01519	0.01492	0.06496	0.04276	0.12628	0.15227	0.01553	0.00830	0.00289	0.00574	0.33521	0.00623	0.00748
33	0.01480	0.06241	0.56720	0.01716	0.02425	0.01445	0.01960	0.01938	0.01450	0.02101	0.01709	0.02572	0.01499	0.00950	0.00729	0.00256	0.00889	0.12545	0.00413	0.00961
34	0.01888	0.01639	0.14336	0.25659	0.05227	0.01398	0.01491	0.02413	0.15590	0.20029	0.01930	0.02160	0.01446	0.00869	0.00720	0.00249	0.00758	0.00651	0.00550	0.00999
35	0.01537	0.01814	0.15289	0.02156	0.02688	0.01423	0.44318	0.01869	0.01498	0.02085	0.01861	0.16485	0.01729	0.00977	0.00809	0.00262	0.00928	0.00921	0.00448	0.00904
36	0.01608	0.01441	0.02253	0.36570	0.40448	0.01506	0.01796	0.01864	0.01453	0.02012	0.01399	0.01940	0.01171	0.00771	0.00719	0.00243	0.00831	0.00623	0.00391	0.00958
37	0.12285	0.01121	0.01409	0.24639	0.02215	0.01142	0.01077	0.01813	0.03074	0.13540	0.16926	0.05913	0.07063	0.03860	0.00813	0.00263	0.00627	0.00818	0.00575	0.00828
38	0.01629	0.01596	0.02853	0.08864	0.04403	0.01500	0.44394	0.01926	0.01487	0.02096	0.01449	0.01945	0.01190	0.00820	0.02296	0.00255	0.05450	0.00696	0.00413	0.14739
39	0.01581	0.01607	0.03062	0.02284	0.02809	0.01466	0.57749	0.01897	0.01563	0.02111	0.02295	0.02689	0.13750	0.00882	0.00822	0.00256	0.00953	0.00874	0.00451	0.00900
40	0.01636	0.01504	0.02779	0.09625	0.02814	0.01406	0.46087	0.01918	0.01525	0.06782	0.01901	0.15059	0.01721	0.00964	0.00814	0.00262	0.00909	0.00922	0.00475	0.00897
41	0.02362	0.01165	0.01462	0.01243	0.01613	0.01042	0.01899	0.02612	0.09112	0.49540	0.04831	0.15437	0.02273	0.01137	0.00757	0.00252	0.00579	0.00888	0.00762	0.01035
42	0.02004	0.01559	0.15509	0.01324	0.01767	0.01166	0.01171	0.08630	0.05683	0.28284	0.14752	0.07653	0.05293	0.01083	0.00750	0.00247	0.00633	0.00827	0.00673	0.00990
43	0.01590	0.02342	0.34783	0.02099	0.02708	0.01630	0.26990	0.01983	0.01427	0.02073	0.01377	0.01817	0.01116	0.00832	0.00969	0.00261	0.14021	0.00642	0.00382	0.00957
44	0.01011	0.00784	0.01069	0.13963	0.01653	0.00793	0.00981	0.01246	0.01373	0.01770	0.05648	0.05514	0.16915	0.01443	0.00776	0.00255	0.00553	0.43136	0.00522	0.00596
45	0.01552	0.01374	0.02110	0.26653	0.39842	0.01471	0.01642	0.13865	0.01567	0.02149	0.01219	0.01595	0.00975	0.00632	0.00618	0.00197	0.00738	0.00548	0.00361	0.00891
46	0.01050	0.00923	0.01529	0.22919	0.05015	0.00949	0.11974	0.01276	0.01245	0.01665	0.03798	0.40115	0.02506	0.01254	0.00718	0.00231	0.00604	0.01145	0.00445	0.00638
47	0.00966	0.00822	0.01079	0.00987	0.01168	0.00804	0.06466	0.01205	0.05666	0.01801	0.14233	0.18578	0.32560	0.03036	0.00884	0.00232	0.07215	0.01155	0.00538	0.00605
48	0.01372	0.01481	0.04207	0.02174	0.02669	0.01362	0.59243	0.01750	0.01338	0.01823	0.01377	0.02064	0.01176	0.13821	0.01104	0.00275	0.00933	0.00736	0.00336	0.00760
49	0.01308	0.09558	0.52420	0.01465	0.02147	0.01326	0.01731	0.01814	0.01373	0.05567	0.13690	0.01891	0.01660	0.00726	0.00600	0.00195	0.00749	0.00562	0.00368	0.00849
50	0.01235	0.00724	0.00909	0.00864	0.01054	0.00642	0.00641	0.01403	0.01500	0.17111	0.27298	0.24095	0.15984	0.01371	0.00721	0.00218	0.00380	0.02553	0.00638	0.00658
51	0.01331	0.06406	0.53828	0.01875	0.02646	0.01473	0.19847	0.01901	0.01320	0.01908	0.01160	0.01429	0.00865	0.00598	0.00617	0.00201	0.00905	0.00519	0.00291	0.00881
52	0.01086	0.01061	0.00954	0.05838	0.01223	0.17849	0.00707	0.01200	0.01195	0.01412	0.02352	0.43029	0.03605	0.14505	0.01054	0.00268	0.00563	0.01152	0.00436	0.00509
53	0.01426	0.01368	0.02337	0.06429	0.73178	0.01378	0.01778	0.01773	0.01318	0.01884	0.01092	0.01444	0.00916	0.00521	0.00576	0.00174	0.00694	0.00518	0.00287	0.00911
54	0.02232	0.01075	0.01502	0.01463	0.13954	0.00998	0.01007	0.06323	0.04616	0.52331	0.06699	0.02015	0.01599	0.00717	0.00590	0.00179	0.00520	0.00603	0.00630	0.00947
55	0.15811	0.01294	0.01403	0.01129	0.01539	0.01387	0.00927	0.33472	0.09347	0.20377	0.02598	0.01818	0.02137	0.00735	0.00557	0.00183	0.00543	0.03271	0.00576	0.00894
56	0.02432	0.14230	0.01634	0.01028	0.01486	0.01097	0.00878	0.02651	0.01583	0.63761	0.02045	0.01804	0.01323	0.00682	0.00549	0.00171	0.00516	0.00539	0.00641	0.00949
57	0.01886	0.01074	0.01399	0.01444	0.13852	0.03926	0.00959	0.06710	0.05594	0.35329	0.02110	0.14807	0.01757	0.05500	0.00747	0.00210	0.00534	0.00759	0.00564	0.00838
58	0.01397	0.28852	0.12071	0.14777	0.19012	0.01685	0.09894	0.01752	0.01246	0.02759	0.01006	0.01278	0.00816	0.00526	0.00516	0.00164	0.00733	0.00455	0.00271	0.00791
59	0.01306	0.01349	0.01746	0.59297	0.07160	0.14041	0.01521	0.01688	0.03430	0.01524	0.01053	0.01479	0.00808	0.00587	0.00572	0.00185	0.00808	0.00497	0.00277	0.00673
60	0.01211	0.02705	0.62973	0.03134	0.14856	0.01355	0.02079	0.01827	0.01243	0.01846	0.01052	0.01268	0.00768	0.00547	0.00557	0.00182	0.00830	0.00446	0.00253	0.00867
61	0.01116	0.00821	0.00931	0.00867	0.02184	0.00799	0.00650	0.16280	0.01649	0.04987	0.15453	0.16536	0.32914	0.01280	0.00668	0.00195	0.00384	0.01087	0.00568	0.00627
62	0.01535	0.18616	0.13469	0.01832	0.14368	0.18342	0.10603	0.02735	0.02449	0.01646	0.01049	0.01306	0.00868	0.00855	0.06711	0.00225	0.01878	0.00461	0.00286	0.00767
63	0.00703	0.00526	0.00654	0.00756	0.00829	0.00477	0.00516	0.00816	0.01165	0.01506	0.03861	0.61225	0.21382	0.01737	0.00729	0.00226	0.00327	0.01549	0.00540	0.00477
64	0.14737	0.00787	0.01165	0.01076	0.01257	0.00778	0.12775	0.01136	0.01136	0.01736	0.02465	0.53115	0.02812	0.01385	0.00669	0.00220	0.00463	0.01267	0.00469	0.00551
65	0.01111	0.01047	0.01768	0.75306	0.06762	0.01295	0.01621	0.01497	0.01169	0.01502	0.01036	0.01546	0.00781	0.00579	0.00581	0.00193	0.00772	0.00517	0.00260	0.00657
66	0.01802	0.01046	0.01210	0.01024	0.01361	0.03586	0.00811	0.02496	0.25709	0.32728	0.15471	0.02605	0.05836	0.00858	0.00608	0.00186	0.00454	0.00715	0.00640	0.00854
67	0.02293	0.01497	0.01664	0.01275	0.01738	0.01608	0.01054	0.59330	0.02514	0.18643	0.01581	0.01516	0.01082	0.00703	0.00582	0.00176	0.00610	0.00536	0.00610	0.00989
68	0.00822	0.00591	0.00760	0.00824	0.00905	0.00567	0.00575	0.05173	0.01326	0.01799	0.19008	0.58173	0.04039	0.01617	0.00720	0.00221	0.00341	0.01455	0.00564	0.00519
69	0.01423	0.01134	0.01794	0.36461	0.02744	0.01383	0.05865	0.01708	0.01175	0.14040	0.01169	0.01536	0.00890	0.00736	0.01005	0.00211	0.25143	0.00536	0.00337	0.00709
70	0.01366	0.01503	0.03143	0.07497	0.15331	0.01444	0.57104	0.01825	0.01351	0.01845	0.01153	0.01546	0.00882	0.00501	0.00661	0.00192	0.00919	0.00647	0.00291	0.00798
71	0.01201	0.02209	0.41777	0.01769	0.02374	0.01383	0.19382	0.01709	0.01197	0.01748	0.01139	0.04349	0.00925	0.00812	0.03979	0.00230	0.12203	0.00559	0.00273	0.00780

[dist]
# distance from previous block
# <min> <max>
0	1

[block]
# block no. 3 follows, 40 sequences, length 20
# corresponding to MSA columns:
# 711-730
name=unknown_D
#
# <colnr> <probs for GDERKNQSTAVLIFYWHMCP>
#	G	D	E	R	K	N	Q	S	T	A	V	L	I	F	Y	W	H	M	C	P
0	0.01303	0.01242	0.02114	0.33430	0.47142	0.01346	0.01717	0.01665	0.01260	0.01734	0.01070	0.01484	0.00863	0.00543	0.00578	0.00181	0.00725	0.00518	0.00276	0.00811
1	0.01343	0.07798	0.49055	0.01815	0.06242	0.01406	0.15263	0.01903	0.01286	0.06845	0.01139	0.01332	0.00821	0.00547	0.00568	0.00181	0.00832	0.00484	0.00289	0.00850
2	0.01410	0.01445	0.02724	0.03101	0.47374	0.01427	0.27525	0.01800	0.01327	0.01870	0.01112	0.01480	0.00902	0.00525	0.00660	0.00184	0.03406	0.00578	0.00289	0.00863
3	0.16883	0.00723	0.00815	0.00792	0.00968	0.00736	0.00597	0.01301	0.05315	0.03780	0.38854	0.19378	0.03872	0.01175	0.00630	0.00196	0.00342	0.02505	0.00562	0.00577
4	0.01374	0.01770	0.15377	0.02325	0.07578	0.01437	0.53069	0.01867	0.01339	0.03893	0.01167	0.01506	0.00872	0.00525	0.00691	0.00194	0.03288	0.00625	0.00296	0.00807
5	0.01505	0.01768	0.03136	0.02293	0.02833	0.14030	0.61771	0.01939	0.01418	0.01790	0.01130	0.01482	0.00860	0.00508	0.00659	0.00188	0.00992	0.00635	0.00295	0.00766
6	0.00855	0.00604	0.00897	0.00933	0.01026	0.00560	0.05504	0.00989	0.01160	0.05511	0.03019	0.69818	0.03517	0.01673	0.00730	0.00230	0.00389	0.01531	0.00533	0.00521
7	0.01296	0.01341	0.02166	0.01742	0.01880	0.01709	0.18198	0.01508	0.01003	0.01508	0.00860	0.01341	0.00791	0.00895	0.01623	0.00241	0.60414	0.00550	0.00264	0.00671
8	0.01255	0.06171	0.52169	0.01639	0.02362	0.01425	0.10171	0.02046	0.13454	0.01920	0.01267	0.01409	0.00926	0.00582	0.00566	0.00185	0.00796	0.00492	0.00309	0.00856
9	0.00730	0.00540	0.00727	0.04764	0.01003	0.00517	0.00589	0.00852	0.01141	0.01509	0.04906	0.68927	0.08191	0.01722	0.00729	0.00230	0.00356	0.01555	0.00528	0.00484
10	0.01007	0.00744	0.00903	0.00904	0.01007	0.00777	0.00643	0.12980	0.01337	0.01792	0.02648	0.49304	0.04868	0.12788	0.01096	0.00273	0.04596	0.01277	0.00504	0.00550
11	0.01974	0.01010	0.01260	0.01010	0.01419	0.00923	0.00822	0.04290	0.12781	0.41967	0.02347	0.02344	0.06288	0.00778	0.00579	0.00173	0.00472	0.04414	0.00613	0.14538
12	0.00986	0.00703	0.00865	0.00895	0.01016	0.00705	0.00639	0.09385	0.06334	0.03736	0.08561	0.57350	0.03448	0.01547	0.00705	0.00221	0.00379	0.01384	0.00560	0.00580
13	0.01474	0.01327	0.02090	0.23632	0.43944	0.01427	0.01626	0.13674	0.01514	0.02079	0.01127	0.01463	0.00892	0.00565	0.00578	0.00179	0.00706	0.00519	0.00329	0.00857
14	0.01170	0.02950	0.74043	0.01653	0.02484	0.01365	0.02119	0.01827	0.01216	0.01827	0.01034	0.01229	0.00738	0.00568	0.00598	0.00187	0.03463	0.00432	0.00246	0.00852
15	0.01314	0.01547	0.08447	0.07070	0.05800	0.01331	0.48624	0.01767	0.01318	0.01844	0.01130	0.01476	0.00863	0.00492	0.00622	0.00176	0.00855	0.00592	0.00296	0.14436
16	0.03221	0.02481	0.55262	0.01546	0.02252	0.01326	0.04527	0.01999	0.13438	0.01946	0.01379	0.03897	0.01072	0.00654	0.00571	0.00190	0.00764	0.02309	0.00324	0.00841
17	0.01279	0.01291	0.01888	0.01586	0.01625	0.01761	0.05964	0.01429	0.00922	0.01429	0.00790	0.01291	0.00771	0.00984	0.01829	0.00251	0.73485	0.00520	0.00257	0.00646
18	0.01054	0.00966	0.01610	0.65362	0.03513	0.01198	0.01468	0.01412	0.01125	0.01463	0.01120	0.01672	0.00888	0.01208	0.13293	0.00317	0.00905	0.00534	0.00267	0.00625
19	0.01294	0.01240	0.02079	0.06858	0.56817	0.01233	0.04487	0.01615	0.01318	0.01823	0.01889	0.02139	0.13309	0.00679	0.00599	0.00179	0.00641	0.00642	0.00328	0.00830

[dist]
# distance from previous block
# <min> <max>
0	1

[block]
# block no. 4 follows, 40 sequences, length 17
# corresponding to MSA columns:
# 732-748
name=unknown_E
#
# <colnr> <probs for GDERKNQSTAVLIFYWHMCP>
#	G	D	E	R	K	N	Q	S	T	A	V	L	I	F	Y	W	H	M	C	P
0	0.01406	0.07870	0.49976	0.01639	0.02372	0.01511	0.09586	0.15028	0.01516	0.02145	0.01106	0.01275	0.00799	0.00569	0.00560	0.00180	0.00816	0.00466	0.00312	0.00867
1	0.00707	0.00513	0.00668	0.00792	0.00839	0.00474	0.00532	0.00812	0.01131	0.01491	0.03423	0.73226	0.09664	0.01794	0.00738	0.00233	0.00334	0.01619	0.00540	0.00474
2	0.16388	0.05864	0.52269	0.01418	0.02132	0.01377	0.01707	0.04990	0.01271	0.05989	0.01072	0.01210	0.00766	0.00563	0.00512	0.00180	0.00745	0.00416	0.00306	0.00825
3	0.01509	0.01137	0.01268	0.01083	0.01439	0.01191	0.00847	0.08857	0.39614	0.09834	0.02119	0.10187	0.01727	0.00819	0.00577	0.00177	0.00461	0.00688	0.00553	0.15912
4	0.01053	0.01002	0.01530	0.61814	0.03354	0.03295	0.01387	0.01390	0.01206	0.01500	0.01918	0.02276	0.14471	0.00745	0.00599	0.00193	0.00695	0.00643	0.00311	0.00618
5	0.01304	0.05602	0.24963	0.01295	0.03764	0.01161	0.02922	0.14742	0.01567	0.05312	0.13169	0.17664	0.02193	0.00939	0.00613	0.00190	0.00593	0.00802	0.00451	0.00756
6	0.01168	0.00802	0.01125	0.00961	0.01148	0.00779	0.08424	0.03954	0.05600	0.10228	0.16639	0.08069	0.05332	0.31423	0.01549	0.00336	0.00516	0.00882	0.00486	0.00579
7	0.00908	0.00670	0.00816	0.00793	0.00936	0.00608	0.00568	0.01038	0.01088	0.01501	0.04282	0.17066	0.03846	0.31883	0.01555	0.00337	0.00479	0.13910	0.00429	0.17286
8	0.18533	0.01561	0.01415	0.01203	0.01562	0.12713	0.00959	0.23533	0.24906	0.02643	0.01485	0.01492	0.01120	0.00692	0.00582	0.00182	0.03597	0.00501	0.00485	0.00834
9	0.30870	0.26350	0.12186	0.01019	0.01452	0.01512	0.01015	0.01646	0.01148	0.01948	0.01257	0.02007	0.01178	0.00723	0.00472	0.00179	0.00578	0.13438	0.00341	0.00682
10	0.02051	0.01210	0.05336	0.01110	0.01555	0.01093	0.00940	0.06897	0.21965	0.40445	0.02074	0.01883	0.01413	0.00701	0.00570	0.00176	0.00507	0.00570	0.00615	0.08889
11	0.01334	0.36258	0.44771	0.01371	0.02074	0.01761	0.01650	0.01798	0.01208	0.01637	0.00942	0.01100	0.00741	0.00529	0.00475	0.00158	0.00757	0.00378	0.00247	0.00810
12	0.00843	0.00575	0.00689	0.00689	0.00708	0.00594	0.00421	0.00881	0.00862	0.01168	0.01782	0.03527	0.01993	0.65815	0.16542	0.00632	0.00745	0.00805	0.00345	0.00383
13	0.01489	0.01705	0.02802	0.12136	0.08742	0.15290	0.45479	0.01892	0.01392	0.01737	0.01101	0.01461	0.00847	0.00524	0.00634	0.00185	0.00943	0.00594	0.00290	0.00757
14	0.04346	0.28152	0.24119	0.01418	0.01925	0.04179	0.07524	0.01778	0.01185	0.04481	0.00960	0.01179	0.00781	0.00621	0.00745	0.00177	0.14961	0.00426	0.00276	0.00765
15	0.02287	0.00912	0.01219	0.00961	0.01329	0.00802	0.00763	0.02471	0.01515	0.62589	0.02210	0.02313	0.01563	0.15133	0.01019	0.00250	0.00507	0.00632	0.00653	0.00873
16	0.00788	0.00569	0.00734	0.00807	0.00883	0.00538	0.00560	0.03570	0.01293	0.01749	0.18765	0.58270	0.06019	0.01635	0.00723	0.00221	0.00334	0.01471	0.00563	0.00508

[dist]
# distance from previous block
# <min> <max>
0	5

[block]
# block no. 5 follows, 40 sequences, length 7
# corresponding to MSA columns:
# 754-760
name=unknown_F
#
# <colnr> <probs for GDERKNQSTAVLIFYWHMCP>
#	G	D	E	R	K	N	Q	S	T	A	V	L	I	F	Y	W	H	M	C	P
0	0.02193	0.01145	0.01389	0.01104	0.01513	0.01141	0.00898	0.18865	0.13646	0.42240	0.07830	0.02062	0.01707	0.00763	0.00593	0.00182	0.00505	0.00619	0.00662	0.00944
1	0.01531	0.01294	0.02169	0.12480	0.58572	0.01311	0.01658	0.01868	0.01343	0.10340	0.01223	0.01515	0.00962	0.00549	0.00577	0.00176	0.00679	0.00526	0.00333	0.00895
2	0.01090	0.02360	0.54157	0.13779	0.02519	0.01223	0.01829	0.01647	0.01231	0.01748	0.01706	0.01878	0.11004	0.00683	0.00576	0.00187	0.00769	0.00553	0.00288	0.00775
3	0.10205	0.00642	0.00700	0.00705	0.00875	0.00605	0.00531	0.01018	0.01340	0.01889	0.23554	0.16572	0.33319	0.01352	0.00664	0.00201	0.00325	0.04436	0.00546	0.00521
4	0.02183	0.01113	0.01604	0.01221	0.01653	0.01044	0.10831	0.13266	0.01747	0.46076	0.04555	0.01935	0.01442	0.00698	0.00586	0.00178	0.00556	0.00602	0.07804	0.00907
5	0.01579	0.01222	0.01874	0.05788	0.43673	0.01216	0.01382	0.08916	0.01509	0.13559	0.01964	0.02093	0.11238	0.00701	0.00593	0.00178	0.00605	0.00626	0.00417	0.00868
6	0.01281	0.02055	0.43038	0.03502	0.02071	0.01127	0.03566	0.01837	0.04361	0.10389	0.08868	0.02407	0.01690	0.00787	0.00610	0.00196	0.00700	0.10328	0.00394	0.00794

[dist]
# distance from previous block
# <min> <max>
0	1

[block]
# block no. 6 follows, 40 sequences, length 21
# corresponding to MSA columns:
# 762-782
name=unknown_G
#
# <colnr> <probs for GDERKNQSTAVLIFYWHMCP>
#	G	D	E	R	K	N	Q	S	T	A	V	L	I	F	Y	W	H	M	C	P
0	0.01440	0.01398	0.05248	0.19893	0.23222	0.01393	0.22155	0.05439	0.01368	0.06808	0.01179	0.01518	0.00899	0.00575	0.00679	0.00190	0.04898	0.00567	0.00323	0.00810
1	0.01394	0.01254	0.01976	0.38577	0.30712	0.01403	0.01602	0.12498	0.01460	0.01969	0.01111	0.01485	0.00862	0.00575	0.00579	0.00183	0.00723	0.00518	0.00318	0.00801
2	0.01298	0.01290	0.01764	0.01756	0.12646	0.04748	0.01264	0.01448	0.00983	0.01452	0.00910	0.01505	0.00902	0.07654	0.01741	0.00264	0.56913	0.00534	0.00270	0.00656
3	0.04639	0.13995	0.39999	0.01437	0.02107	0.01494	0.04717	0.11533	0.01474	0.11526	0.01211	0.01306	0.00863	0.00582	0.00532	0.00174	0.00738	0.00451	0.00357	0.00864
4	0.01251	0.01445	0.06404	0.02058	0.02508	0.01351	0.50882	0.01650	0.01271	0.01751	0.01427	0.13184	0.01307	0.00755	0.00830	0.00208	0.09873	0.00798	0.00324	0.00724
5	0.01210	0.09876	0.16427	0.22276	0.14375	0.01367	0.04501	0.01620	0.02703	0.01739	0.09301	0.01866	0.01412	0.00686	0.00664	0.00187	0.05893	0.02841	0.00318	0.00739
6	0.01058	0.01390	0.13217	0.01069	0.01416	0.12253	0.07113	0.01330	0.01389	0.01681	0.09775	0.03761	0.40118	0.01086	0.00641	0.00186	0.00556	0.00910	0.00444	0.00608
7	0.01607	0.01310	0.01978	0.02505	0.41129	0.02760	0.01445	0.01997	0.07598	0.13800	0.01325	0.01548	0.01042	0.00677	0.00848	0.00192	0.16456	0.00536	0.00377	0.00870
8	0.04134	0.11755	0.50177	0.01485	0.02205	0.01553	0.01750	0.16486	0.01521	0.02181	0.01080	0.01218	0.00786	0.00575	0.00531	0.00175	0.00773	0.00431	0.00318	0.00865
9	0.00825	0.00563	0.00787	0.00826	0.00878	0.00596	0.00582	0.00901	0.00946	0.01303	0.01990	0.24481	0.02174	0.14824	0.32652	0.13025	0.00897	0.00935	0.00374	0.00440
10	0.01339	0.01770	0.14120	0.02302	0.02909	0.01464	0.60748	0.01843	0.01334	0.01843	0.01142	0.01508	0.00857	0.00518	0.00709	0.00196	0.03678	0.00642	0.00286	0.00790
11	0.04026	0.09328	0.54534	0.01878	0.13431	0.01439	0.03848	0.01820	0.01234	0.01836	0.01026	0.01234	0.00765	0.00540	0.00537	0.00177	0.00803	0.00436	0.00257	0.00849
12	0.01439	0.01382	0.02360	0.03569	0.75936	0.01382	0.01785	0.01785	0.01324	0.01900	0.01094	0.01439	0.00921	0.00518	0.00576	0.00173	0.00691	0.00518	0.00288	0.00921
13	0.00755	0.00596	0.00687	0.00725	0.00866	0.00541	0.00531	0.00972	0.04352	0.01681	0.13169	0.28244	0.37990	0.01526	0.00706	0.00211	0.00325	0.05058	0.00554	0.00512
14	0.04654	0.35236	0.06029	0.07759	0.01808	0.16801	0.01109	0.02001	0.01334	0.13509	0.01095	0.01206	0.00857	0.00586	0.00526	0.00155	0.03837	0.00399	0.00339	0.00760
15	0.01203	0.07825	0.10206	0.01051	0.01363	0.00961	0.03817	0.01636	0.10313	0.10535	0.13277	0.20652	0.08447	0.01116	0.00640	0.00198	0.00482	0.05080	0.00512	0.00686
16	0.14203	0.00659	0.00749	0.00789	0.00935	0.00642	0.00567	0.01131	0.01173	0.08090	0.03146	0.48933	0.13924	0.01469	0.00659	0.00216	0.00363	0.01283	0.00526	0.00545
17	0.01867	0.01751	0.01570	0.20241	0.02230	0.30354	0.01159	0.10526	0.05519	0.13036	0.02781	0.01619	0.03469	0.00674	0.00566	0.00173	0.00781	0.00513	0.00415	0.00756
18	0.01385	0.01435	0.02773	0.13177	0.23518	0.01445	0.38204	0.04777	0.01371	0.01881	0.01129	0.01513	0.00879	0.00537	0.00677	0.00190	0.03403	0.00603	0.00298	0.00807
19	0.01347	0.01781	0.14196	0.02259	0.05187	0.04453	0.54611	0.01830	0.01349	0.01827	0.01230	0.04851	0.00985	0.00562	0.00658	0.00193	0.00928	0.00672	0.00297	0.00782
20	0.01032	0.00946	0.01042	0.01019	0.01153	0.12226	0.00787	0.01231	0.01042	0.01361	0.01459	0.02099	0.01348	0.03796	0.65724	0.00817	0.01481	0.00586	0.00310	0.00543

[dist]
# distance from previous block
# <min> <max>
0	5

[block]
# block no. 7 follows, 40 sequences, length 17
# corresponding to MSA columns:
# 788-804
name=unknown_H
#
# <colnr> <probs for GDERKNQSTAVLIFYWHMCP>
#	G	D	E	R	K	N	Q	S	T	A	V	L	I	F	Y	W	H	M	C	P
0	0.01406	0.21468	0.01606	0.01076	0.02980	0.01222	0.00902	0.05136	0.07029	0.11950	0.06548	0.11269	0.02303	0.01064	0.00616	0.00198	0.00519	0.21511	0.00493	0.00706
1	0.01848	0.37031	0.10778	0.01221	0.01695	0.23392	0.01142	0.02086	0.01394	0.12885	0.01088	0.01159	0.00852	0.00567	0.00469	0.00147	0.00752	0.00384	0.00335	0.00776
2	0.00901	0.00700	0.00842	0.00907	0.01018	0.00726	0.00639	0.01405	0.20357	0.01732	0.02986	0.59094	0.03306	0.01552	0.00703	0.00226	0.00369	0.01393	0.00553	0.00589
3	0.01439	0.02648	0.57037	0.01574	0.02331	0.01469	0.01876	0.20664	0.01621	0.02317	0.01136	0.01272	0.00802	0.00590	0.00560	0.00182	0.00802	0.00454	0.00333	0.00893
4	0.01598	0.26499	0.04356	0.01120	0.01422	0.31067	0.00917	0.01738	0.01278	0.01343	0.01119	0.01737	0.01104	0.21164	0.01113	0.00251	0.00781	0.00479	0.00296	0.00619
5	0.01166	0.03008	0.76550	0.01657	0.02517	0.01351	0.02149	0.01842	0.01228	0.01842	0.01044	0.01228	0.00737	0.00552	0.00552	0.00184	0.00859	0.00430	0.00246	0.00859
6	0.00842	0.00579	0.00713	0.00713	0.00740	0.00606	0.00450	0.00896	0.00869	0.01186	0.01761	0.03409	0.01942	0.59946	0.22341	0.00661	0.00823	0.00788	0.00342	0.00396
7	0.01098	0.01034	0.01744	0.78165	0.04005	0.01292	0.01615	0.01486	0.01163	0.01486	0.01034	0.01550	0.00775	0.00581	0.00581	0.00194	0.00775	0.00517	0.00258	0.00646
8	0.01001	0.00801	0.01017	0.00959	0.01094	0.00883	0.00776	0.01171	0.01234	0.05658	0.07587	0.06388	0.31610	0.03107	0.01074	0.00232	0.20754	0.13614	0.00476	0.00563
9	0.02108	0.00885	0.01151	0.00918	0.01302	0.00760	0.00747	0.02312	0.01576	0.56835	0.03232	0.02923	0.20811	0.00916	0.00612	0.00184	0.00443	0.00752	0.00673	0.00860
10	0.00806	0.00515	0.00640	0.00740	0.00800	0.00491	0.00505	0.00952	0.01141	0.01663	0.02864	0.59094	0.03232	0.01523	0.00655	0.00210	0.00320	0.01363	0.21995	0.00491
11	0.01403	0.01248	0.01548	0.01773	0.20886	0.01378	0.01120	0.02627	0.51691	0.02247	0.02227	0.02166	0.05578	0.00756	0.00593	0.00191	0.00511	0.00652	0.00510	0.00897
12	0.00739	0.00587	0.00663	0.00653	0.00819	0.00512	0.00486	0.00931	0.01435	0.01850	0.31753	0.08609	0.46137	0.01383	0.00689	0.00193	0.00289	0.01182	0.00577	0.00512
13	0.01047	0.02355	0.56758	0.01436	0.02080	0.01121	0.01729	0.01572	0.01198	0.01748	0.01607	0.21563	0.01548	0.00884	0.00602	0.00198	0.00723	0.00749	0.00322	0.00758
14	0.02094	0.00894	0.01192	0.00990	0.01332	0.00800	0.00784	0.05689	0.01572	0.53358	0.02489	0.22091	0.02046	0.01006	0.00626	0.00194	0.00461	0.00861	0.00666	0.00855
15	0.05937	0.01271	0.01918	0.30830	0.34362	0.05117	0.01538	0.01795	0.01294	0.08758	0.01159	0.01485	0.00891	0.00566	0.00564	0.00180	0.00709	0.00506	0.00322	0.00797
16	0.01098	0.01034	0.01744	0.78165	0.04005	0.01292	0.01615	0.01486	0.01163	0.01486	0.01034	0.01550	0.00775	0.00581	0.00581	0.00194	0.00775	0.00517	0.00258	0.00646

[dist]
# distance from previous block
# <min> <max>
0	2

[block]
# block no. 8 follows, 40 sequences, length 53
# corresponding to MSA columns:
# 807-859
name=unknown_I
#
# <colnr> <probs for GDERKNQSTAVLIFYWHMCP>
#	G	D	E	R	K	N	Q	S	T	A	V	L	I	F	Y	W	H	M	C	P
0	0.01426	0.39329	0.37438	0.01316	0.01978	0.03069	0.01533	0.01842	0.01231	0.04626	0.00980	0.01116	0.00770	0.00534	0.00468	0.00155	0.00735	0.00379	0.00267	0.00808
1	0.00883	0.00608	0.00796	0.00742	0.00889	0.00559	0.00559	0.01156	0.01647	0.04812	0.73171	0.04265	0.05351	0.01173	0.00682	0.00183	0.00282	0.01036	0.00643	0.00563
2	0.01431	0.01405	0.02493	0.03431	0.66920	0.01393	0.10694	0.01794	0.01330	0.01895	0.01104	0.01455	0.00916	0.00515	0.00589	0.00176	0.00727	0.00539	0.00289	0.00904
3	0.01406	0.50546	0.31115	0.01248	0.01884	0.01938	0.01436	0.01780	0.01199	0.01549	0.00898	0.01045	0.00743	0.00519	0.00442	0.00147	0.00713	0.00356	0.00248	0.00789
4	0.56339	0.06526	0.01138	0.00853	0.01246	0.01253	0.00715	0.02012	0.01183	0.22229	0.01206	0.01220	0.00854	0.00585	0.00421	0.00176	0.00474	0.00387	0.00448	0.00734
5	0.00901	0.00559	0.00613	0.00613	0.00644	0.00559	0.00365	0.00964	0.00932	0.01369	0.01847	0.03426	0.01970	0.61272	0.02368	0.00464	0.00496	0.00775	0.19467	0.00396
6	0.01324	0.34316	0.46627	0.01388	0.02100	0.01737	0.01679	0.01801	0.01209	0.01649	0.00948	0.01108	0.00741	0.00530	0.00479	0.00160	0.00763	0.00381	0.00247	0.00813
7	0.01894	0.05056	0.01992	0.01614	0.01943	0.46293	0.12680	0.06628	0.04020	0.01662	0.01004	0.01213	0.00821	0.00640	0.00715	0.00172	0.10159	0.00457	0.00319	0.00718
8	0.00820	0.00599	0.00777	0.00778	0.00913	0.00557	0.00600	0.01069	0.01528	0.02104	0.52222	0.10258	0.11666	0.01328	0.00709	0.00202	0.00322	0.12406	0.00607	0.00536
9	0.02304	0.01161	0.01417	0.01121	0.01550	0.01150	0.00915	0.16214	0.16362	0.48093	0.02140	0.01908	0.01422	0.00729	0.00586	0.00182	0.00515	0.00588	0.00669	0.00976
10	0.05700	0.01130	0.01309	0.01100	0.01482	0.01182	0.00879	0.02916	0.39620	0.34636	0.02264	0.02031	0.01577	0.00747	0.00578	0.00189	0.00475	0.00610	0.00637	0.00937
11	0.01198	0.08278	0.69586	0.01632	0.02460	0.01419	0.03923	0.01835	0.01228	0.01809	0.01031	0.01216	0.00741	0.00547	0.00544	0.00180	0.00846	0.00428	0.00247	0.00850
12	0.00709	0.00506	0.00675	0.00810	0.00843	0.00472	0.00540	0.00810	0.01113	0.01484	0.03205	0.79184	0.03846	0.01822	0.00742	0.00236	0.00337	0.01653	0.00540	0.00472
13	0.02202	0.01011	0.01390	0.01116	0.01513	0.00931	0.04189	0.07691	0.04255	0.53155	0.02313	0.07112	0.01727	0.00864	0.00620	0.00193	0.00521	0.07637	0.00657	0.00902
14	0.06399	0.01873	0.24837	0.02736	0.43784	0.01374	0.07063	0.01803	0.01278	0.01923	0.01067	0.01354	0.00844	0.00528	0.00563	0.00178	0.00748	0.00491	0.00280	0.00875
15	0.01596	0.01287	0.01506	0.06912	0.04680	0.04118	0.01054	0.33833	0.01839	0.02488	0.01628	0.17331	0.01530	0.00959	0.00818	0.00199	0.13034	0.00747	0.03669	0.00771
16	0.01410	0.01369	0.02389	0.08917	0.65674	0.01381	0.06744	0.01768	0.01316	0.01867	0.01095	0.01456	0.00908	0.00521	0.00584	0.00176	0.00717	0.00530	0.00286	0.00892
17	0.01591	0.01400	0.05961	0.01501	0.01740	0.05272	0.09028	0.05080	0.01249	0.15535	0.01264	0.01688	0.01041	0.00930	0.02594	0.00234	0.38964	0.03811	0.00376	0.00742
18	0.02238	0.01088	0.01341	0.01058	0.01474	0.01042	0.00864	0.15460	0.08469	0.49002	0.02502	0.02257	0.08889	0.00798	0.00595	0.00182	0.00498	0.00645	0.00665	0.00933
19	0.00719	0.00513	0.00679	0.00800	0.00838	0.00480	0.00534	0.00827	0.01134	0.01519	0.07173	0.72510	0.03879	0.04392	0.00813	0.00244	0.00341	0.01593	0.00539	0.00473
20	0.01485	0.00933	0.00995	0.00868	0.01120	0.08377	0.00667	0.01688	0.01534	0.24808	0.26822	0.03489	0.17196	0.06449	0.00796	0.00208	0.00444	0.00859	0.00591	0.00672
21	0.01184	0.01041	0.02073	0.08954	0.02110	0.01021	0.34075	0.01332	0.01077	0.01445	0.01088	0.01656	0.00929	0.01184	0.01386	0.37302	0.00748	0.00589	0.00272	0.00533
22	0.02181	0.01120	0.01348	0.01070	0.01462	0.01113	0.00864	0.20039	0.09695	0.41347	0.02029	0.01994	0.01415	0.06161	0.00739	0.00204	0.00519	0.00593	0.05195	0.00913
23	0.01309	0.01467	0.03167	0.02294	0.02829	0.01375	0.66796	0.01762	0.01348	0.01826	0.01371	0.09012	0.01167	0.00618	0.00692	0.00200	0.00919	0.00779	0.00318	0.00754
24	0.01239	0.01404	0.06473	0.36306	0.03445	0.01384	0.37775	0.01693	0.01271	0.01693	0.01106	0.01543	0.00827	0.00534	0.00632	0.00194	0.00882	0.00597	0.00276	0.00726
25	0.01376	0.01317	0.02246	0.17447	0.62554	0.01365	0.01753	0.01729	0.01294	0.01823	0.01083	0.01460	0.00894	0.00530	0.00577	0.00177	0.00707	0.00518	0.00282	0.00870
26	0.01166	0.03008	0.76550	0.01657	0.02517	0.01351	0.02149	0.01842	0.01228	0.01842	0.01044	0.01228	0.00737	0.00552	0.00552	0.00184	0.00859	0.00430	0.00246	0.00859
27	0.01756	0.01971	0.01940	0.11851	0.30778	0.35343	0.01440	0.04911	0.01506	0.01706	0.01011	0.01277	0.00829	0.00570	0.00554	0.00165	0.00860	0.00454	0.00301	0.00779
28	0.01248	0.02302	0.43879	0.07693	0.14419	0.01377	0.17172	0.01811	0.01269	0.01829	0.01079	0.01357	0.00800	0.00536	0.00587	0.00186	0.00852	0.00504	0.00263	0.00838
29	0.02095	0.01549	0.01674	0.01314	0.01752	0.01712	0.01087	0.66441	0.05215	0.03488	0.01547	0.01780	0.01180	0.00764	0.00597	0.00182	0.00626	0.05463	0.00579	0.00955
30	0.11391	0.01409	0.01505	0.01185	0.01611	0.01535	0.00972	0.47877	0.07301	0.13304	0.01542	0.01513	0.01087	0.00688	0.00550	0.00176	0.00569	0.00518	0.04344	0.00923
31	0.02074	0.01453	0.01557	0.01235	0.01651	0.04454	0.01005	0.45894	0.11948	0.14512	0.06766	0.01778	0.01463	0.00743	0.00588	0.00178	0.00585	0.00581	0.00597	0.00937
32	0.00709	0.00506	0.00675	0.00810	0.00843	0.00472	0.00540	0.00810	0.01113	0.01484	0.03205	0.79184	0.03846	0.01822	0.00742	0.00236	0.00337	0.01653	0.00540	0.00472
33	0.00730	0.00591	0.00648	0.00634	0.00812	0.00509	0.00475	0.00917	0.01426	0.01809	0.27708	0.05205	0.53734	0.01384	0.00687	0.00192	0.00288	0.01172	0.00571	0.00509
34	0.01394	0.01476	0.02936	0.04881	0.33813	0.01428	0.41568	0.01820	0.01347	0.01869	0.01138	0.01514	0.00896	0.00504	0.00637	0.00186	0.00853	0.00611	0.00291	0.00838
35	0.01397	0.48605	0.32971	0.01265	0.01910	0.01914	0.01465	0.01782	0.01200	0.01561	0.00904	0.01053	0.00742	0.00520	0.00446	0.00149	0.00719	0.00359	0.00247	0.00792
36	0.00709	0.00506	0.00675	0.00810	0.00843	0.00472	0.00540	0.00810	0.01113	0.01484	0.03205	0.79184	0.03846	0.01822	0.00742	0.00236	0.00337	0.01653	0.00540	0.00472
37	0.01474	0.01243	0.01316	0.01180	0.01512	0.01432	0.00919	0.03084	0.73149	0.04185	0.02365	0.02165	0.01767	0.00787	0.00592	0.00197	0.00461	0.00656	0.00595	0.00922
38	0.01762	0.00962	0.01117	0.00921	0.01228	0.00967	0.00737	0.21411	0.01790	0.22698	0.09312	0.05243	0.01837	0.00792	0.00544	0.00167	0.00435	0.00645	0.26650	0.00783
39	0.00907	0.00660	0.00895	0.01012	0.01154	0.00648	0.00877	0.01160	0.01337	0.01720	0.03423	0.06442	0.12191	0.01590	0.00789	0.00259	0.00506	0.63367	0.00536	0.00530
40	0.00820	0.00594	0.00773	0.00728	0.00867	0.00547	0.00546	0.01092	0.01639	0.02315	0.74112	0.04371	0.07014	0.01195	0.00686	0.00183	0.00275	0.01055	0.00638	0.00547
41	0.01439	0.01382	0.02360	0.03569	0.75936	0.01382	0.01785	0.01785	0.01324	0.01900	0.01094	0.01439	0.00921	0.00518	0.00576	0.00173	0.00691	0.00518	0.00288	0.00921
42	0.01166	0.03008	0.76550	0.01657	0.02517	0.01351	0.02149	0.01842	0.01228	0.01842	0.01044	0.01228	0.00737	0.00552	0.00552	0.00184	0.00859	0.00430	0.00246	0.00859
43	0.01373	0.01569	0.03431	0.02451	0.03039	0.01471	0.73824	0.01863	0.01373	0.01863	0.01176	0.01569	0.00882	0.00490	0.00686	0.00196	0.00980	0.00686	0.00294	0.00784
44	0.01439	0.01382	0.02360	0.03569	0.75936	0.01382	0.01785	0.01785	0.01324	0.01900	0.01094	0.01439	0.00921	0.00518	0.00576	0.00173	0.00691	0.00518	0.00288	0.00921
45	0.01822	0.01266	0.01392	0.06750	0.01708	0.05912	0.00963	0.08276	0.35445	0.22678	0.02105	0.01975	0.02836	0.00737	0.00581	0.00184	0.00539	0.00600	0.00575	0.03656
46	0.01326	0.01266	0.02155	0.28400	0.51993	0.01352	0.01728	0.01685	0.01270	0.01762	0.01074	0.01476	0.00873	0.00539	0.00578	0.00180	0.00719	0.00518	0.00278	0.00830
47	0.00699	0.00545	0.00635	0.00706	0.00816	0.00481	0.00494	0.00821	0.01213	0.01525	0.04462	0.44753	0.37466	0.01659	0.00717	0.00218	0.00317	0.01454	0.00540	0.00481
48	0.05611	0.01169	0.02620	0.01102	0.01554	0.01097	0.00921	0.17476	0.04444	0.54655	0.02034	0.01813	0.01316	0.00708	0.00575	0.00179	0.00528	0.00562	0.00665	0.00971
49	0.01190	0.07729	0.72038	0.01617	0.02454	0.01409	0.02078	0.01835	0.01225	0.01813	0.01029	0.01210	0.00737	0.00549	0.00541	0.00180	0.00845	0.00422	0.00246	0.00852
50	0.00772	0.00560	0.00728	0.00754	0.00854	0.00516	0.00539	0.00973	0.01425	0.01966	0.44109	0.32991	0.08752	0.01446	0.00707	0.00204	0.00300	0.01291	0.00596	0.00516
51	0.01683	0.01219	0.01322	0.01077	0.01428	0.01299	0.00867	0.42089	0.06214	0.05767	0.07583	0.06055	0.16043	0.00939	0.00611	0.00182	0.00505	0.00759	0.03540	0.00818
52	0.01412	0.01363	0.02354	0.08954	0.68101	0.01378	0.04345	0.01766	0.01314	0.01868	0.01092	0.01452	0.00909	0.00522	0.00580	0.00175	0.00707	0.00524	0.00286	0.00896

[dist]
# distance from previous block
# <min> <max>
0	1

[block]
