[name]
unknown

[dist]
# distance from previous block
# <min> <max>
110	456

[block]
# block no. 0 follows, 41 sequences, length 14
# corresponding to MSA columns:
# 532-545
name=unknown_A
#
# <colnr> <probs for GDERKNQSTAVLIFYWHMCP>
#	G	D	E	R	K	N	Q	S	T	A	V	L	I	F	Y	W	H	M	C	P
0	0.01791	0.01398	0.01621	0.01303	0.01591	0.01656	0.01076	0.45414	0.01998	0.02788	0.01226	0.01404	0.00949	0.00781	0.00958	0.00192	0.24629	0.00512	0.07885	0.00827
1	0.00764	0.00529	0.00655	0.00721	0.00741	0.00516	0.00452	0.00822	0.00966	0.01292	0.02462	0.41267	0.02899	0.38266	0.04694	0.00409	0.00482	0.01217	0.00436	0.00411
2	0.01654	0.01343	0.01423	0.01211	0.01575	0.01531	0.00961	0.24971	0.52989	0.02765	0.02035	0.01900	0.01508	0.00749	0.00579	0.00187	0.00507	0.00606	0.00579	0.00926
3	0.01147	0.02959	0.76934	0.01630	0.02476	0.01328	0.02113	0.01811	0.01208	0.01811	0.01026	0.01208	0.00725	0.00543	0.00543	0.00181	0.00845	0.00423	0.00242	0.00845
4	0.01080	0.01017	0.01716	0.78523	0.03940	0.01271	0.01589	0.01461	0.01144	0.01461	0.01017	0.01525	0.00762	0.00572	0.00572	0.00191	0.00762	0.00508	0.00254	0.00635
5	0.01163	0.01178	0.02225	0.55139	0.03648	0.01325	0.23913	0.01575	0.01207	0.01575	0.01060	0.01530	0.00795	0.00544	0.00604	0.00191	0.00824	0.00560	0.00265	0.00677
6	0.01232	0.02427	0.53695	0.01487	0.02172	0.01357	0.01742	0.02189	0.23970	0.01990	0.01426	0.01492	0.01038	0.00615	0.00555	0.00185	0.00725	0.00491	0.00346	0.00864
7	0.26889	0.50677	0.02241	0.00943	0.01377	0.07067	0.00877	0.01742	0.01135	0.01724	0.00802	0.00929	0.00699	0.00509	0.00373	0.00141	0.00588	0.00311	0.00282	0.00694
8	0.00908	0.00697	0.00959	0.24557	0.01643	0.00775	0.00728	0.01025	0.00928	0.01217	0.01561	0.03062	0.01675	0.55526	0.02193	0.00443	0.00618	0.00732	0.00318	0.00435
9	0.01300	0.01381	0.02703	0.01930	0.02487	0.01236	0.51648	0.01712	0.01300	0.01842	0.01114	0.01433	0.00862	0.00464	0.00598	0.00160	0.00798	0.00572	0.00305	0.26156
10	0.01529	0.80242	0.02997	0.00979	0.01468	0.02263	0.00979	0.01713	0.01162	0.01346	0.00795	0.00918	0.00734	0.00489	0.00367	0.00122	0.00612	0.00306	0.00245	0.00734
11	0.00833	0.00714	0.00766	0.00662	0.00952	0.00569	0.00509	0.01011	0.01268	0.01643	0.04327	0.04178	0.52978	0.01134	0.00598	0.00160	0.00331	0.00940	0.00472	0.25956
12	0.02295	0.01409	0.01597	0.01224	0.01677	0.01487	0.01011	0.52414	0.02366	0.26070	0.01645	0.01549	0.01109	0.00693	0.00573	0.00173	0.00586	0.00533	0.00614	0.00973
13	0.00810	0.00585	0.00765	0.00720	0.00855	0.00540	0.00540	0.01079	0.01619	0.02294	0.76028	0.04273	0.05397	0.01169	0.00675	0.00180	0.00270	0.01034	0.00630	0.00540

[dist]
# distance from previous block
# <min> <max>
33	345

# created by:
# /software/SequenceAnalysis/GenePrediction/augustus/3.0.1/scripts/msa2prfl.pl ./fixed/BUSCOvEOG7FR25J.fas
