[name]
unknown

[dist]
# distance from previous block
# <min> <max>
2	133

[block]
# block no. 0 follows, 40 sequences, length 17
# corresponding to MSA columns:
# 140-156
name=unknown_A
#
# <colnr> <probs for GDERKNQSTAVLIFYWHMCP>
#	G	D	E	R	K	N	Q	S	T	A	V	L	I	F	Y	W	H	M	C	P
0	0.09634	0.01318	0.01437	0.01111	0.01556	0.01346	0.00906	0.38807	0.02009	0.10022	0.01426	0.05161	0.01106	0.00674	0.00532	0.00157	0.00541	0.00521	0.00513	0.21223
1	0.00824	0.00594	0.00780	0.00747	0.00881	0.00551	0.00563	0.01092	0.01617	0.02281	0.70421	0.06900	0.05350	0.01226	0.00692	0.00188	0.00287	0.03828	0.00633	0.00546
2	0.00803	0.00586	0.00755	0.00729	0.00861	0.00538	0.00541	0.01052	0.01574	0.02201	0.64086	0.11509	0.10054	0.01268	0.00691	0.00189	0.00282	0.01120	0.00624	0.00538
3	0.01878	0.39558	0.02315	0.01258	0.01652	0.41498	0.01062	0.02045	0.01426	0.01397	0.00856	0.00993	0.00748	0.00551	0.00452	0.00138	0.00845	0.00344	0.00275	0.00709
4	0.00866	0.00506	0.00718	0.00782	0.00799	0.00489	0.00522	0.00782	0.00927	0.01236	0.02057	0.38685	0.02363	0.01926	0.01543	0.43575	0.00425	0.01053	0.00390	0.00357
5	0.02237	0.01586	0.01719	0.01318	0.01782	0.01740	0.01088	0.69210	0.02662	0.08553	0.01457	0.01435	0.01019	0.00700	0.00582	0.00175	0.00630	0.00528	0.00591	0.00989
6	0.53640	0.01157	0.01052	0.00886	0.01272	0.04654	0.00725	0.02102	0.01239	0.26456	0.01295	0.01285	0.00898	0.00601	0.00440	0.00179	0.00492	0.00405	0.00474	0.00748
7	0.01309	0.01415	0.02899	0.21778	0.10372	0.01417	0.48491	0.01759	0.01315	0.01771	0.01132	0.01551	0.00859	0.00516	0.00649	0.00193	0.00900	0.00627	0.00284	0.00763
8	0.72756	0.01192	0.00974	0.00842	0.01216	0.01371	0.00693	0.11395	0.01223	0.02751	0.00888	0.01005	0.00678	0.00561	0.00390	0.00179	0.00475	0.00343	0.00390	0.00678
9	0.00742	0.00544	0.00705	0.00821	0.00893	0.00506	0.00590	0.00876	0.01179	0.01537	0.03556	0.57454	0.13694	0.01739	0.00744	0.00236	0.00363	0.12798	0.00539	0.00485
10	0.01365	0.01548	0.03315	0.02386	0.02933	0.01492	0.68720	0.01830	0.01339	0.01830	0.01147	0.01548	0.00874	0.00527	0.00772	0.00200	0.06434	0.00674	0.00291	0.00774
11	0.01407	0.01349	0.02302	0.10627	0.69130	0.01373	0.01769	0.01756	0.01309	0.01861	0.01088	0.01450	0.00907	0.00524	0.00576	0.00175	0.00699	0.00518	0.00285	0.00895
12	0.00709	0.00506	0.00675	0.00810	0.00843	0.00472	0.00540	0.00810	0.01113	0.01484	0.03205	0.79184	0.03846	0.01822	0.00742	0.00236	0.00337	0.01653	0.00540	0.00472
13	0.32910	0.16128	0.17166	0.01113	0.01623	0.01584	0.01111	0.15204	0.02942	0.03940	0.01030	0.01132	0.00781	0.00573	0.00453	0.00170	0.00603	0.00389	0.00369	0.00779
14	0.01314	0.01096	0.01463	0.01077	0.01548	0.00926	0.07787	0.03075	0.01257	0.06212	0.01173	0.03556	0.00980	0.00538	0.00574	0.00120	0.05656	0.00444	0.00366	0.60841
15	0.01987	0.01995	0.01818	0.01553	0.04002	0.33377	0.07990	0.18760	0.08495	0.07164	0.01264	0.01369	0.00963	0.00663	0.00658	0.00174	0.06056	0.00492	0.00416	0.00805
16	0.00749	0.00523	0.00663	0.00758	0.00781	0.00500	0.00484	0.00820	0.01034	0.01378	0.02797	0.56768	0.03331	0.24940	0.01402	0.00334	0.00405	0.01413	0.00484	0.00437

[dist]
# distance from previous block
# <min> <max>
0	1

[block]
# block no. 1 follows, 40 sequences, length 73
# corresponding to MSA columns:
# 158-230
name=unknown_B
#
# <colnr> <probs for GDERKNQSTAVLIFYWHMCP>
#	G	D	E	R	K	N	Q	S	T	A	V	L	I	F	Y	W	H	M	C	P
0	0.01285	0.01092	0.01286	0.07053	0.01621	0.00983	0.00822	0.06004	0.13753	0.02048	0.01333	0.03290	0.01089	0.00553	0.00486	0.00122	0.00473	0.00453	0.00398	0.55855
1	0.01105	0.00610	0.00636	0.00599	0.00766	0.00596	0.00450	0.03089	0.01233	0.02121	0.01807	0.02146	0.01455	0.04126	0.02153	0.00168	0.00332	0.00541	0.68998	0.07071
2	0.04969	0.16409	0.41916	0.01481	0.04658	0.01575	0.01630	0.14006	0.01467	0.02102	0.01052	0.01197	0.00788	0.00561	0.00513	0.00167	0.00739	0.00419	0.00313	0.04038
3	0.02184	0.04775	0.10922	0.01142	0.01635	0.04338	0.01040	0.08152	0.03316	0.47071	0.03424	0.01762	0.01315	0.00677	0.00562	0.00171	0.00572	0.00537	0.00584	0.05821
4	0.01529	0.68692	0.06086	0.01077	0.01546	0.03859	0.01069	0.01731	0.01171	0.01392	0.00817	0.00975	0.00747	0.00543	0.00506	0.00138	0.06797	0.00333	0.00250	0.00741
5	0.01093	0.00860	0.00917	0.00846	0.01104	0.00874	0.00652	0.01813	0.28931	0.06349	0.08391	0.04026	0.39554	0.01156	0.00645	0.00195	0.00367	0.00966	0.00576	0.00685
6	0.01254	0.01254	0.01813	0.02855	0.01610	0.01714	0.04370	0.01400	0.00924	0.01424	0.00871	0.03996	0.00876	0.01016	0.01793	0.00250	0.71121	0.00556	0.00266	0.00637
7	0.01446	0.01249	0.01315	0.01183	0.01512	0.01446	0.00920	0.03090	0.74885	0.02433	0.02367	0.02170	0.01775	0.00789	0.00592	0.00197	0.00460	0.00657	0.00592	0.00920
8	0.00709	0.00506	0.00675	0.00810	0.00843	0.00472	0.00540	0.00810	0.01113	0.01484	0.03205	0.79184	0.03846	0.01822	0.00742	0.00236	0.00337	0.01653	0.00540	0.00472
9	0.00695	0.00589	0.00600	0.00598	0.00790	0.00494	0.00448	0.00850	0.01344	0.01616	0.10005	0.05523	0.71557	0.01456	0.00687	0.00196	0.00293	0.01217	0.00546	0.00494
10	0.00709	0.00506	0.00675	0.00810	0.00843	0.00472	0.00540	0.00810	0.01113	0.01484	0.03205	0.79184	0.03846	0.01822	0.00742	0.00236	0.00337	0.01653	0.00540	0.00472
11	0.01555	0.79913	0.03047	0.00995	0.01493	0.02301	0.00995	0.01741	0.01182	0.01368	0.00808	0.00933	0.00746	0.00498	0.00373	0.00124	0.00622	0.00311	0.00249	0.00746
12	0.04613	0.01341	0.02306	0.13065	0.57894	0.01374	0.07411	0.01749	0.01294	0.01871	0.01081	0.01445	0.00888	0.00525	0.00577	0.00178	0.00715	0.00523	0.00287	0.00863
13	0.02172	0.02772	0.01648	0.01498	0.01798	0.77228	0.01124	0.02322	0.01648	0.01423	0.00899	0.01049	0.00749	0.00599	0.00524	0.00150	0.01049	0.00375	0.00300	0.00674
14	0.01508	0.01772	0.03130	0.02290	0.02829	0.14285	0.61527	0.01940	0.01419	0.01788	0.01130	0.01481	0.00860	0.00509	0.00659	0.00188	0.00992	0.00634	0.00295	0.00766
15	0.00690	0.00578	0.00601	0.00620	0.00793	0.00488	0.00455	0.00831	0.01296	0.01559	0.05520	0.15754	0.65781	0.01521	0.00695	0.00202	0.00300	0.01286	0.00540	0.00488
16	0.00749	0.00609	0.00675	0.00709	0.00890	0.00535	0.00565	0.00926	0.01329	0.01613	0.05193	0.05835	0.57743	0.01506	0.00716	0.00214	0.00354	0.18797	0.00539	0.00502
17	0.01439	0.01382	0.02360	0.03569	0.75936	0.01382	0.01785	0.01785	0.01324	0.01900	0.01094	0.01439	0.00921	0.00518	0.00576	0.00173	0.00691	0.00518	0.00288	0.00921
18	0.00709	0.00506	0.00675	0.00810	0.00843	0.00472	0.00540	0.00810	0.01113	0.01484	0.03205	0.79184	0.03846	0.01822	0.00742	0.00236	0.00337	0.01653	0.00540	0.00472
19	0.01232	0.16016	0.64117	0.01545	0.02344	0.01511	0.01953	0.01825	0.01220	0.01762	0.01004	0.01178	0.00738	0.00543	0.00522	0.00174	0.00819	0.00410	0.00246	0.00840
20	0.01804	0.02157	0.01703	0.01510	0.01687	0.46325	0.01184	0.01944	0.01338	0.01414	0.00843	0.01140	0.00755	0.00771	0.01091	0.00193	0.32773	0.00430	0.00281	0.00659
21	0.00718	0.00513	0.00686	0.00821	0.00859	0.00481	0.00557	0.00827	0.01123	0.01495	0.03200	0.76063	0.03825	0.01813	0.00745	0.00238	0.00346	0.04677	0.00540	0.00475
22	0.01166	0.03008	0.76550	0.01657	0.02517	0.01351	0.02149	0.01842	0.01228	0.01842	0.01044	0.01228	0.00737	0.00552	0.00552	0.00184	0.00859	0.00430	0.00246	0.00859
23	0.01403	0.01388	0.02153	0.17704	0.51777	0.05871	0.01672	0.01728	0.01278	0.01752	0.01045	0.01424	0.00870	0.00575	0.00679	0.00182	0.06878	0.00509	0.00280	0.00831
24	0.01286	0.00854	0.00786	0.00724	0.00900	0.06760	0.00544	0.10292	0.01404	0.02195	0.01751	0.02138	0.01429	0.08068	0.00677	0.00182	0.00405	0.00555	0.58463	0.00589
25	0.01285	0.01177	0.01828	0.29967	0.28617	0.01214	0.01427	0.04164	0.01286	0.01811	0.01068	0.01420	0.00856	0.00526	0.00542	0.00159	0.00655	0.00475	0.00302	0.21224
26	0.14672	0.07585	0.01885	0.37910	0.02858	0.10736	0.09607	0.05061	0.01293	0.01795	0.00996	0.01337	0.00768	0.00565	0.00534	0.00180	0.00761	0.00470	0.00298	0.00687
27	0.00709	0.00506	0.00675	0.00810	0.00843	0.00472	0.00540	0.00810	0.01113	0.01484	0.03205	0.79184	0.03846	0.01822	0.00742	0.00236	0.00337	0.01653	0.00540	0.00472
28	0.00898	0.00846	0.01379	0.04109	0.01501	0.00776	0.18740	0.01151	0.01338	0.01703	0.09968	0.11276	0.38395	0.01209	0.00693	0.00202	0.00497	0.04269	0.00476	0.00575
29	0.01373	0.01569	0.03431	0.02451	0.03039	0.01471	0.73824	0.01863	0.01373	0.01863	0.01176	0.01569	0.00882	0.00490	0.00686	0.00196	0.00980	0.00686	0.00294	0.00784
30	0.00824	0.00589	0.00756	0.00884	0.00928	0.00541	0.00589	0.00894	0.01181	0.01586	0.03275	0.77996	0.03897	0.01872	0.00785	0.00255	0.00377	0.01668	0.00573	0.00531
31	0.02300	0.01693	0.01808	0.01404	0.01872	0.01849	0.01145	0.72826	0.02774	0.03729	0.01497	0.01542	0.01089	0.00767	0.00627	0.00194	0.00674	0.00557	0.00614	0.01038
32	0.00936	0.00676	0.00857	0.00808	0.00953	0.00616	0.00598	0.01177	0.01705	0.02419	0.74457	0.04439	0.05509	0.01250	0.00729	0.00202	0.00315	0.01076	0.00671	0.00606
33	0.02692	0.01065	0.01420	0.01105	0.01558	0.00916	0.00898	0.02884	0.01723	0.75157	0.02380	0.02115	0.01531	0.00789	0.00630	0.00200	0.00531	0.00618	0.00750	0.01039
34	0.02185	0.02388	0.01647	0.01450	0.01779	0.53300	0.01102	0.18097	0.01912	0.02079	0.01197	0.01365	0.00964	0.00698	0.00574	0.00174	0.00924	0.00457	0.06919	0.00788
35	0.02262	0.02816	0.01713	0.01561	0.01866	0.75981	0.01163	0.02381	0.01707	0.01526	0.01009	0.01200	0.00853	0.00670	0.00570	0.00170	0.01076	0.00411	0.00337	0.00729
36	0.01207	0.01108	0.01807	0.76914	0.04036	0.01346	0.01646	0.01559	0.01230	0.01588	0.01141	0.01693	0.00878	0.00653	0.00627	0.00213	0.00807	0.00551	0.00296	0.00701
37	0.00824	0.00589	0.00756	0.00884	0.00928	0.00541	0.00589	0.00894	0.01181	0.01586	0.03275	0.77996	0.03897	0.01872	0.00785	0.00255	0.00377	0.01668	0.00573	0.00531
38	0.00936	0.00676	0.00857	0.00808	0.00953	0.00616	0.00598	0.01177	0.01705	0.02419	0.74457	0.04439	0.05509	0.01250	0.00729	0.00202	0.00315	0.01076	0.00671	0.00606
39	0.01207	0.01108	0.01807	0.76914	0.04036	0.01346	0.01646	0.01559	0.01230	0.01588	0.01141	0.01693	0.00878	0.00653	0.00627	0.00213	0.00807	0.00551	0.00296	0.00701
40	0.01048	0.00750	0.01014	0.01141	0.01284	0.00734	0.00979	0.01283	0.01403	0.01838	0.03151	0.06617	0.03406	0.01660	0.00845	0.00286	0.00571	0.70829	0.00569	0.00593
41	0.01121	0.00874	0.01056	0.01166	0.01319	0.05251	0.00990	0.01348	0.01421	0.01819	0.03023	0.06292	0.03253	0.01601	0.00828	0.00279	0.00602	0.66602	0.00555	0.00601
42	0.75922	0.01328	0.00996	0.00898	0.01258	0.07360	0.00716	0.01827	0.01112	0.02598	0.00928	0.01106	0.00745	0.00616	0.00422	0.00197	0.00534	0.00357	0.00391	0.00689
43	0.00936	0.00676	0.00857	0.00808	0.00953	0.00616	0.00598	0.01177	0.01705	0.02419	0.74457	0.04439	0.05509	0.01250	0.00729	0.00202	0.00315	0.01076	0.00671	0.00606
44	0.02432	0.01128	0.01394	0.01101	0.01519	0.01054	0.00890	0.15869	0.01866	0.52650	0.02165	0.02030	0.01454	0.00779	0.00608	0.00193	0.00531	0.00601	0.10751	0.00984
45	0.01470	0.01384	0.02302	0.18506	0.54251	0.01423	0.05099	0.01841	0.03913	0.01928	0.01236	0.01638	0.01020	0.00611	0.00628	0.00199	0.00746	0.00564	0.00330	0.00910
46	0.00709	0.00506	0.00675	0.00810	0.00843	0.00472	0.00540	0.00810	0.01113	0.01484	0.03205	0.79184	0.03846	0.01822	0.00742	0.00236	0.00337	0.01653	0.00540	0.00472
47	0.01357	0.01171	0.01267	0.04708	0.01556	0.01343	0.00907	0.02792	0.63850	0.02329	0.05370	0.02447	0.06666	0.00839	0.00601	0.00196	0.00457	0.00703	0.00575	0.00865
48	0.01329	0.01531	0.09027	0.01983	0.02463	0.04220	0.46871	0.01732	0.01321	0.04975	0.01510	0.13948	0.01358	0.00745	0.00726	0.00201	0.04180	0.00795	0.00346	0.00739
49	0.00708	0.00509	0.00671	0.00801	0.00841	0.00473	0.00536	0.00811	0.01122	0.01488	0.03309	0.76335	0.06628	0.01808	0.00740	0.00235	0.00336	0.01637	0.00540	0.00473
50	0.01120	0.01050	0.01740	0.73468	0.05442	0.01300	0.01591	0.01557	0.04138	0.01533	0.01089	0.01573	0.00819	0.00588	0.00582	0.00193	0.00761	0.00522	0.00272	0.00663
51	0.00815	0.00594	0.00766	0.00723	0.00864	0.00545	0.00542	0.01082	0.01627	0.02287	0.71514	0.04418	0.09629	0.01206	0.00686	0.00184	0.00276	0.01062	0.00634	0.00545
52	0.00709	0.00506	0.00675	0.00810	0.00843	0.00472	0.00540	0.00810	0.01113	0.01484	0.03205	0.79184	0.03846	0.01822	0.00742	0.00236	0.00337	0.01653	0.00540	0.00472
53	0.02123	0.08869	0.01759	0.01458	0.01774	0.71306	0.01113	0.02276	0.01611	0.01419	0.00892	0.01040	0.00749	0.00591	0.00512	0.00148	0.01015	0.00370	0.00296	0.00680
54	0.00709	0.00506	0.00675	0.00810	0.00843	0.00472	0.00540	0.00810	0.01113	0.01484	0.03205	0.79184	0.03846	0.01822	0.00742	0.00236	0.00337	0.01653	0.00540	0.00472
55	0.01219	0.01076	0.01382	0.00987	0.01509	0.00830	0.06470	0.01496	0.01219	0.01892	0.01045	0.01235	0.00863	0.00435	0.00451	0.00095	0.00474	0.00372	0.00341	0.76610
56	0.01549	0.01733	0.01740	0.01518	0.01610	0.24957	0.01227	0.01683	0.01123	0.01407	0.00805	0.01204	0.00759	0.00889	0.01483	0.00222	0.54707	0.00468	0.00268	0.00648
57	0.02172	0.02772	0.01648	0.01498	0.01798	0.77228	0.01124	0.02322	0.01648	0.01423	0.00899	0.01049	0.00749	0.00599	0.00524	0.00150	0.01049	0.00375	0.00300	0.00674
58	0.02211	0.01629	0.01745	0.01338	0.01803	0.01803	0.01105	0.73997	0.02734	0.03665	0.01396	0.01396	0.00989	0.00698	0.00582	0.00175	0.00640	0.00524	0.00582	0.00989
59	0.00687	0.00589	0.00589	0.00589	0.00785	0.00491	0.00442	0.00835	0.01325	0.01571	0.05891	0.05596	0.75700	0.01473	0.00687	0.00196	0.00295	0.01227	0.00540	0.00491
60	0.83671	0.01125	0.00855	0.00765	0.01125	0.01305	0.00630	0.01709	0.00990	0.02609	0.00810	0.00945	0.00630	0.00540	0.00360	0.00180	0.00450	0.00315	0.00360	0.00630
61	0.00955	0.00669	0.00867	0.00854	0.00978	0.02262	0.00661	0.02811	0.01064	0.01615	0.01628	0.02209	0.01438	0.03253	0.54166	0.00696	0.01195	0.00595	0.21547	0.00539
62	0.00796	0.00598	0.00740	0.00717	0.00868	0.00542	0.00545	0.01039	0.01548	0.02108	0.53968	0.04788	0.22784	0.01284	0.00693	0.00191	0.00295	0.05353	0.00609	0.00534
63	0.01166	0.03008	0.76550	0.01657	0.02517	0.01351	0.02149	0.01842	0.01228	0.01842	0.01044	0.01228	0.00737	0.00552	0.00552	0.00184	0.00859	0.00430	0.00246	0.00859
64	0.83671	0.01125	0.00855	0.00765	0.01125	0.01305	0.00630	0.01709	0.00990	0.02609	0.00810	0.00945	0.00630	0.00540	0.00360	0.00180	0.00450	0.00315	0.00360	0.00630
65	0.00709	0.00506	0.00675	0.00810	0.00843	0.00472	0.00540	0.00810	0.01113	0.01484	0.03205	0.79184	0.03846	0.01822	0.00742	0.00236	0.00337	0.01653	0.00540	0.00472
66	0.01379	0.01329	0.02293	0.16148	0.61237	0.01370	0.04258	0.01737	0.01299	0.01829	0.01087	0.01463	0.00895	0.00528	0.00581	0.00177	0.00715	0.00524	0.00283	0.00870
67	0.01336	0.36526	0.44515	0.01369	0.02070	0.01765	0.01646	0.01798	0.01208	0.01635	0.00941	0.01099	0.00741	0.00529	0.00474	0.00158	0.00756	0.00378	0.00247	0.00810
68	0.00709	0.00506	0.00675	0.00810	0.00843	0.00472	0.00540	0.00810	0.01113	0.01484	0.03205	0.79184	0.03846	0.01822	0.00742	0.00236	0.00337	0.01653	0.00540	0.00472
69	0.00982	0.00778	0.01090	0.00929	0.01164	0.00714	0.06404	0.04595	0.01597	0.02254	0.51528	0.03757	0.05565	0.01048	0.00657	0.00177	0.00382	0.05102	0.00566	0.10711
70	0.01313	0.01334	0.01911	0.01586	0.01678	0.04919	0.10083	0.01493	0.01000	0.01498	0.00880	0.01347	0.00816	0.00917	0.01619	0.00236	0.61523	0.00527	0.04669	0.00651
71	0.00709	0.00506	0.00675	0.00810	0.00843	0.00472	0.00540	0.00810	0.01113	0.01484	0.03205	0.79184	0.03846	0.01822	0.00742	0.00236	0.00337	0.01653	0.00540	0.00472
72	0.01201	0.02797	0.67152	0.01787	0.08307	0.01357	0.02063	0.01895	0.04662	0.01874	0.01109	0.01288	0.00800	0.00561	0.00556	0.00184	0.00827	0.00447	0.00265	0.00867

[dist]
# distance from previous block
# <min> <max>
0	3

[block]
# block no. 2 follows, 40 sequences, length 9
# corresponding to MSA columns:
# 234-242
name=unknown_C
#
# <colnr> <probs for GDERKNQSTAVLIFYWHMCP>
#	G	D	E	R	K	N	Q	S	T	A	V	L	I	F	Y	W	H	M	C	P
0	0.00709	0.00506	0.00675	0.00810	0.00843	0.00472	0.00540	0.00810	0.01113	0.01484	0.03205	0.79184	0.03846	0.01822	0.00742	0.00236	0.00337	0.01653	0.00540	0.00472
1	0.02327	0.01064	0.01355	0.01070	0.01479	0.01001	0.00870	0.16633	0.01816	0.54005	0.02215	0.10136	0.01609	0.00834	0.00601	0.00185	0.00507	0.00687	0.00673	0.00934
2	0.74986	0.01110	0.00908	0.00794	0.01163	0.01256	0.00654	0.01830	0.01062	0.10508	0.00969	0.01056	0.00717	0.00559	0.00384	0.00180	0.00455	0.00344	0.00398	0.00668
3	0.02172	0.02772	0.01648	0.01498	0.01798	0.77228	0.01124	0.02322	0.01648	0.01423	0.00899	0.01049	0.00749	0.00599	0.00524	0.00150	0.01049	0.00375	0.00300	0.00674
4	0.02172	0.02772	0.01648	0.01498	0.01798	0.77228	0.01124	0.02322	0.01648	0.01423	0.00899	0.01049	0.00749	0.00599	0.00524	0.00150	0.01049	0.00375	0.00300	0.00674
5	0.00703	0.00527	0.00654	0.00755	0.00829	0.00477	0.00516	0.00816	0.01166	0.01506	0.03869	0.60989	0.21612	0.01736	0.00729	0.00226	0.00327	0.01548	0.00540	0.00477
6	0.01439	0.01382	0.02360	0.03569	0.75936	0.01382	0.01785	0.01785	0.01324	0.01900	0.01094	0.01439	0.00921	0.00518	0.00576	0.00173	0.00691	0.00518	0.00288	0.00921
7	0.01999	0.00922	0.01191	0.00970	0.01327	0.00850	0.00780	0.02413	0.11007	0.48011	0.17799	0.02663	0.05712	0.00861	0.00611	0.00184	0.00435	0.00721	0.00679	0.00866
8	0.00936	0.00755	0.00880	0.00946	0.01111	0.03873	0.00790	0.01220	0.04196	0.01742	0.07847	0.05775	0.22573	0.01473	0.00746	0.00236	0.00475	0.43346	0.00535	0.00545

[dist]
# distance from previous block
# <min> <max>
0	1

[block]
# block no. 3 follows, 40 sequences, length 95
# corresponding to MSA columns:
# 244-338
name=unknown_D
#
# <colnr> <probs for GDERKNQSTAVLIFYWHMCP>
#	G	D	E	R	K	N	Q	S	T	A	V	L	I	F	Y	W	H	M	C	P
0	0.01483	0.01517	0.03245	0.02324	0.02900	0.01416	0.67305	0.01950	0.01399	0.08516	0.01276	0.01605	0.00932	0.00511	0.00677	0.00195	0.00937	0.00677	0.00332	0.00803
1	0.00699	0.00573	0.00618	0.00648	0.00807	0.00491	0.00474	0.00841	0.01286	0.01570	0.06601	0.21524	0.57468	0.01545	0.00701	0.00206	0.00308	0.02608	0.00542	0.00489
2	0.06016	0.02368	0.01615	0.01437	0.01713	0.56383	0.01105	0.07980	0.01602	0.01663	0.01007	0.01182	0.02110	0.00673	0.00700	0.00167	0.10848	0.00416	0.00324	0.00689
3	0.01898	0.01602	0.01560	0.01288	0.01630	0.12904	0.01030	0.43161	0.07176	0.02809	0.01519	0.08368	0.01264	0.00815	0.00687	0.00183	0.06868	0.00611	0.03782	0.00845
4	0.01084	0.00542	0.00542	0.00542	0.00678	0.00542	0.00407	0.01355	0.01220	0.02168	0.01897	0.02168	0.01491	0.00678	0.00407	0.00136	0.00271	0.00542	0.82791	0.00542
5	0.01318	0.01008	0.01175	0.07901	0.01530	0.01102	0.00855	0.03605	0.37983	0.08524	0.14976	0.06178	0.09492	0.00942	0.00622	0.00194	0.00442	0.00802	0.00574	0.00779
6	0.02228	0.01231	0.01460	0.01140	0.01563	0.01249	0.00934	0.32120	0.05683	0.36062	0.08478	0.01959	0.01631	0.00756	0.00593	0.00179	0.00533	0.00605	0.00649	0.00947
7	0.00709	0.00506	0.00675	0.00810	0.00843	0.00472	0.00540	0.00810	0.01113	0.01484	0.03205	0.79184	0.03846	0.01822	0.00742	0.00236	0.00337	0.01653	0.00540	0.00472
8	0.01360	0.01545	0.03357	0.05790	0.03082	0.01463	0.70639	0.01846	0.01363	0.01846	0.01170	0.01568	0.00878	0.00494	0.00682	0.00196	0.00971	0.00679	0.00293	0.00778
9	0.08634	0.01259	0.01698	0.01459	0.01491	0.01739	0.01215	0.01427	0.00899	0.01508	0.00768	0.01243	0.00751	0.00975	0.01770	0.00248	0.71526	0.00492	0.00264	0.00636
10	0.00709	0.00506	0.00675	0.00810	0.00843	0.00472	0.00540	0.00810	0.01113	0.01484	0.03205	0.79184	0.03846	0.01822	0.00742	0.00236	0.00337	0.01653	0.00540	0.00472
11	0.01649	0.72862	0.02896	0.00999	0.01492	0.02172	0.00982	0.01839	0.01225	0.08066	0.00941	0.01026	0.00808	0.00517	0.00392	0.00129	0.00611	0.00335	0.00291	0.00768
12	0.00709	0.00506	0.00675	0.00810	0.00843	0.00472	0.00540	0.00810	0.01113	0.01484	0.03205	0.79184	0.03846	0.01822	0.00742	0.00236	0.00337	0.01653	0.00540	0.00472
13	0.02074	0.01536	0.01642	0.01271	0.01712	0.01686	0.01046	0.67460	0.02608	0.03478	0.01798	0.01771	0.07664	0.00767	0.00591	0.00176	0.00609	0.00586	0.00578	0.00944
14	0.01610	0.73021	0.02922	0.01040	0.01520	0.08995	0.01007	0.01793	0.01223	0.01373	0.00817	0.00943	0.00747	0.00507	0.00387	0.00127	0.00660	0.00317	0.00253	0.00740
15	0.02042	0.02569	0.01561	0.01437	0.01712	0.70371	0.01071	0.02187	0.01600	0.01429	0.01105	0.08029	0.01026	0.00708	0.00544	0.00158	0.00985	0.00489	0.00321	0.00656
16	0.02057	0.02480	0.01565	0.01408	0.01694	0.64167	0.01053	0.08093	0.01666	0.01581	0.01023	0.01324	0.00891	0.07662	0.00747	0.00189	0.00972	0.00429	0.00328	0.00671
17	0.00688	0.00587	0.00591	0.00595	0.00787	0.00490	0.00444	0.00834	0.01320	0.01569	0.05818	0.07598	0.73745	0.01482	0.00689	0.00197	0.00296	0.01239	0.00540	0.00490
18	0.01745	0.01331	0.01475	0.01131	0.01568	0.01361	0.00924	0.41462	0.02056	0.04342	0.01682	0.01722	0.07625	0.00702	0.00602	0.00154	0.03802	0.00534	0.00497	0.25284
19	0.01393	0.01439	0.02907	0.02116	0.02624	0.01380	0.57302	0.04128	0.06993	0.04075	0.01366	0.01821	0.01080	0.07591	0.00876	0.00228	0.00879	0.00690	0.00343	0.00768
20	0.00692	0.00571	0.00607	0.00636	0.00798	0.00487	0.00463	0.00829	0.01280	0.01553	0.05319	0.21280	0.60386	0.01547	0.00699	0.00205	0.00304	0.01318	0.00540	0.00487
21	0.72679	0.01097	0.00874	0.00778	0.01111	0.01260	0.00626	0.04820	0.01054	0.02523	0.00927	0.01220	0.00778	0.07607	0.00602	0.00214	0.00468	0.00372	0.00369	0.00621
22	0.01489	0.72827	0.02844	0.00971	0.01437	0.02144	0.00955	0.01684	0.01223	0.01454	0.07493	0.01238	0.01170	0.00559	0.00401	0.00130	0.00591	0.00377	0.00284	0.00729
23	0.00728	0.00533	0.00676	0.00760	0.00830	0.00490	0.00519	0.00857	0.01209	0.01605	0.14147	0.54691	0.13954	0.05109	0.00824	0.00237	0.00332	0.01470	0.00546	0.00481
24	0.02022	0.01545	0.01690	0.01334	0.01739	0.01753	0.01095	0.57823	0.12428	0.03294	0.01472	0.01491	0.01076	0.00739	0.00702	0.00185	0.07571	0.00541	0.00554	0.00948
25	0.01413	0.01342	0.02218	0.09317	0.63539	0.01380	0.01694	0.01877	0.07883	0.01914	0.01203	0.01513	0.00986	0.00547	0.00578	0.00177	0.00677	0.00530	0.00313	0.00899
26	0.00719	0.00514	0.00684	0.00803	0.00846	0.00479	0.00541	0.00835	0.01161	0.01560	0.09675	0.72497	0.03993	0.01765	0.00737	0.00231	0.00332	0.01599	0.00549	0.00479
27	0.01046	0.00837	0.03295	0.00963	0.04294	0.00778	0.00708	0.08565	0.05321	0.03447	0.40883	0.10331	0.07756	0.08136	0.00868	0.00222	0.00393	0.00973	0.00566	0.00618
28	0.02208	0.01439	0.01604	0.01251	0.01697	0.01547	0.01027	0.49436	0.11174	0.19887	0.01715	0.01621	0.01185	0.00714	0.00584	0.00178	0.00586	0.00553	0.00614	0.00981
29	0.00721	0.00511	0.00671	0.00794	0.00825	0.00481	0.00523	0.00813	0.01089	0.01453	0.03082	0.72449	0.03691	0.08767	0.00940	0.00265	0.00358	0.01581	0.00523	0.00462
30	0.01434	0.01397	0.02446	0.03480	0.70111	0.01389	0.07541	0.01791	0.01328	0.01897	0.01100	0.01450	0.00918	0.00516	0.00585	0.00175	0.00714	0.00532	0.00288	0.00910
31	0.01446	0.01249	0.01315	0.01183	0.01512	0.01446	0.00920	0.03090	0.74885	0.02433	0.02367	0.02170	0.01775	0.00789	0.00592	0.00197	0.00460	0.00657	0.00592	0.00920
32	0.00709	0.00506	0.00675	0.00810	0.00843	0.00472	0.00540	0.00810	0.01113	0.01484	0.03205	0.79184	0.03846	0.01822	0.00742	0.00236	0.00337	0.01653	0.00540	0.00472
33	0.00709	0.00506	0.00675	0.00810	0.00843	0.00472	0.00540	0.00810	0.01113	0.01484	0.03205	0.79184	0.03846	0.01822	0.00742	0.00236	0.00337	0.01653	0.00540	0.00472
34	0.00709	0.00506	0.00675	0.00810	0.00843	0.00472	0.00540	0.00810	0.01113	0.01484	0.03205	0.79184	0.03846	0.01822	0.00742	0.00236	0.00337	0.01653	0.00540	0.00472
35	0.01264	0.01261	0.01779	0.05271	0.01648	0.01757	0.01289	0.01404	0.00904	0.01404	0.00777	0.01286	0.00764	0.00996	0.01844	0.00251	0.74701	0.00509	0.00255	0.00637
36	0.83671	0.01125	0.00855	0.00765	0.01125	0.01305	0.00630	0.01709	0.00990	0.02609	0.00810	0.00945	0.00630	0.00540	0.00360	0.00180	0.00450	0.00315	0.00360	0.00630
37	0.02172	0.02772	0.01648	0.01498	0.01798	0.77228	0.01124	0.02322	0.01648	0.01423	0.00899	0.01049	0.00749	0.00599	0.00524	0.00150	0.01049	0.00375	0.00300	0.00674
38	0.00960	0.00826	0.00793	0.00731	0.00969	0.04007	0.00562	0.10896	0.01532	0.01851	0.05060	0.04825	0.62232	0.01329	0.00666	0.00191	0.00375	0.01094	0.00535	0.00567
39	0.00688	0.00585	0.00593	0.00600	0.00788	0.00490	0.00446	0.00833	0.01315	0.01567	0.05763	0.09099	0.72279	0.01489	0.00690	0.00198	0.00297	0.01248	0.00540	0.00490
40	0.01497	0.01238	0.01316	0.01177	0.01511	0.01421	0.00918	0.03079	0.71701	0.05647	0.02364	0.02161	0.01761	0.00786	0.00591	0.00196	0.00462	0.00654	0.00597	0.00923
41	0.02004	0.01507	0.01615	0.01287	0.01714	0.01681	0.01047	0.52342	0.23090	0.04977	0.01691	0.01628	0.01221	0.00724	0.00585	0.00181	0.00586	0.00563	0.00588	0.00970
42	0.00709	0.00506	0.00675	0.00810	0.00843	0.00472	0.00540	0.00810	0.01113	0.01484	0.03205	0.79184	0.03846	0.01822	0.00742	0.00236	0.00337	0.01653	0.00540	0.00472
43	0.01098	0.01034	0.01744	0.78165	0.04005	0.01292	0.01615	0.01486	0.01163	0.01486	0.01034	0.01550	0.00775	0.00581	0.00581	0.00194	0.00775	0.00517	0.00258	0.00646
44	0.01320	0.00879	0.01110	0.01081	0.01324	0.00891	0.00912	0.07489	0.11786	0.11059	0.05552	0.04653	0.02683	0.01244	0.00708	0.00228	0.00513	0.41678	0.00565	0.04323
45	0.02252	0.00922	0.01235	0.00975	0.01369	0.00808	0.00795	0.02509	0.03140	0.61262	0.12384	0.02475	0.05529	0.00820	0.00603	0.00181	0.00455	0.00680	0.00698	0.00905
46	0.01250	0.01059	0.01229	0.00882	0.01397	0.00820	0.00707	0.04618	0.01272	0.01972	0.01049	0.01214	0.00867	0.00442	0.00437	0.00090	0.00440	0.00352	0.00355	0.79546
47	0.02360	0.00993	0.01309	0.01029	0.01444	0.00900	0.00841	0.04269	0.07751	0.62639	0.08217	0.02174	0.01785	0.00763	0.00593	0.00181	0.00477	0.00627	0.00700	0.00948
48	0.00976	0.00783	0.01109	0.01042	0.01123	0.00980	0.00831	0.01170	0.00957	0.01460	0.01391	0.02007	0.01278	0.03054	0.48530	0.00663	0.21459	0.00584	0.10052	0.00552
49	0.00709	0.00506	0.00675	0.00810	0.00843	0.00472	0.00540	0.00810	0.01113	0.01484	0.03205	0.79184	0.03846	0.01822	0.00742	0.00236	0.00337	0.01653	0.00540	0.00472
50	0.01206	0.01034	0.01206	0.00861	0.01378	0.00775	0.00689	0.01464	0.01206	0.01895	0.01034	0.01206	0.00861	0.00431	0.00431	0.00086	0.00431	0.00345	0.00345	0.83118
51	0.01405	0.01090	0.01777	0.48709	0.03170	0.01231	0.07622	0.01819	0.04768	0.14226	0.01314	0.01628	0.00948	0.00613	0.00627	0.00189	0.03207	0.00541	0.00359	0.04758
52	0.01922	0.01740	0.05023	0.05048	0.01889	0.13162	0.03290	0.42714	0.02109	0.02762	0.01236	0.01373	0.00928	0.00699	0.00713	0.00180	0.09342	0.00500	0.04519	0.00852
53	0.00709	0.00506	0.00675	0.00810	0.00843	0.00472	0.00540	0.00810	0.01113	0.01484	0.03205	0.79184	0.03846	0.01822	0.00742	0.00236	0.00337	0.01653	0.00540	0.00472
54	0.02247	0.01155	0.01454	0.07278	0.01752	0.01158	0.00974	0.16681	0.12135	0.45746	0.02028	0.01858	0.01346	0.00714	0.00585	0.00182	0.00541	0.00578	0.00638	0.00952
55	0.00711	0.00590	0.00623	0.00614	0.00800	0.00501	0.00461	0.00881	0.01383	0.01706	0.18304	0.05374	0.63202	0.01422	0.00687	0.00194	0.00291	0.01196	0.00558	0.00501
56	0.00717	0.00510	0.00672	0.00799	0.00831	0.00478	0.00528	0.00812	0.01097	0.01463	0.03122	0.74594	0.03741	0.06556	0.00877	0.00256	0.00351	0.01604	0.00528	0.00465
57	0.02211	0.01629	0.01745	0.01338	0.01803	0.01803	0.01105	0.73997	0.02734	0.03665	0.01396	0.01396	0.00989	0.00698	0.00582	0.00175	0.00640	0.00524	0.00582	0.00989
58	0.00709	0.00506	0.00675	0.00810	0.00843	0.00472	0.00540	0.00810	0.01113	0.01484	0.03205	0.79184	0.03846	0.01822	0.00742	0.00236	0.00337	0.01653	0.00540	0.00472
59	0.02609	0.00990	0.01350	0.01035	0.01484	0.00855	0.00855	0.02834	0.01664	0.76338	0.02294	0.01979	0.01439	0.00720	0.00585	0.00180	0.00495	0.00585	0.00720	0.00990
60	0.01166	0.03008	0.76550	0.01657	0.02517	0.01351	0.02149	0.01842	0.01228	0.01842	0.01044	0.01228	0.00737	0.00552	0.00552	0.00184	0.00859	0.00430	0.00246	0.00859
61	0.02172	0.02772	0.01648	0.01498	0.01798	0.77228	0.01124	0.02322	0.01648	0.01423	0.00899	0.01049	0.00749	0.00599	0.00524	0.00150	0.01049	0.00375	0.00300	0.00674
62	0.03411	0.02957	0.74491	0.01633	0.02479	0.01349	0.02107	0.01838	0.01221	0.01862	0.01037	0.01220	0.00734	0.00552	0.00547	0.00184	0.00848	0.00427	0.00249	0.00853
63	0.00693	0.00589	0.00597	0.00595	0.00789	0.00493	0.00446	0.00846	0.01339	0.01603	0.08827	0.05544	0.72744	0.01461	0.00687	0.00196	0.00294	0.01220	0.00544	0.00493
64	0.01097	0.01010	0.01685	0.74373	0.03843	0.01255	0.01556	0.01479	0.01166	0.01519	0.01076	0.01581	0.00810	0.00586	0.00573	0.00191	0.00751	0.00518	0.04291	0.00641
65	0.01555	0.79913	0.03047	0.00995	0.01493	0.02301	0.00995	0.01741	0.01182	0.01368	0.00808	0.00933	0.00746	0.00498	0.00373	0.00124	0.00622	0.00311	0.00249	0.00746
66	0.00709	0.00506	0.00675	0.00810	0.00843	0.00472	0.00540	0.00810	0.01113	0.01484	0.03205	0.79184	0.03846	0.01822	0.00742	0.00236	0.00337	0.01653	0.00540	0.00472
67	0.02114	0.02650	0.01621	0.01473	0.01775	0.71173	0.01107	0.02383	0.07500	0.01504	0.01016	0.01138	0.00831	0.00614	0.00530	0.00154	0.01002	0.00397	0.00323	0.00694
68	0.01166	0.03008	0.76550	0.01657	0.02517	0.01351	0.02149	0.01842	0.01228	0.01842	0.01044	0.01228	0.00737	0.00552	0.00552	0.00184	0.00859	0.00430	0.00246	0.00859
69	0.00874	0.00623	0.00702	0.00671	0.00871	0.00538	0.00513	0.01061	0.01428	0.07470	0.22138	0.05050	0.51191	0.01352	0.00683	0.00194	0.00312	0.03207	0.00577	0.00544
70	0.02138	0.01514	0.01632	0.01261	0.01700	0.01661	0.01039	0.65098	0.02567	0.06706	0.01475	0.01483	0.01049	0.00697	0.00568	0.00172	0.00604	0.00528	0.07156	0.00953
71	0.00842	0.00578	0.00704	0.00704	0.00729	0.00602	0.00440	0.00891	0.00866	0.01180	0.01768	0.03450	0.01960	0.61989	0.20322	0.00650	0.00796	0.00794	0.00343	0.00391
72	0.00715	0.00509	0.00673	0.00801	0.00833	0.00477	0.00531	0.00811	0.01101	0.01467	0.03140	0.75595	0.03764	0.05523	0.00848	0.00252	0.00348	0.01615	0.00531	0.00467
73	0.02590	0.01021	0.01369	0.01049	0.01500	0.00901	0.00867	0.06311	0.01717	0.72787	0.02250	0.01951	0.01417	0.00719	0.00585	0.00180	0.00502	0.00582	0.00713	0.00990
74	0.05515	0.01466	0.01578	0.01200	0.01673	0.01538	0.00986	0.53633	0.02295	0.03199	0.01285	0.01331	0.00943	0.00628	0.00536	0.00154	0.00582	0.00472	0.00516	0.20471
75	0.00801	0.00534	0.00713	0.00813	0.00874	0.00495	0.00554	0.00922	0.01180	0.04853	0.08952	0.69799	0.03871	0.01723	0.00731	0.00229	0.00339	0.01558	0.00556	0.00501
76	0.01520	0.01259	0.01536	0.09615	0.01880	0.01405	0.04486	0.11677	0.39257	0.05560	0.01810	0.01818	0.01358	0.00716	0.00657	0.00186	0.05240	0.00584	0.00501	0.08936
77	0.07782	0.06156	0.64960	0.01583	0.02378	0.01392	0.04276	0.01827	0.01211	0.01883	0.01019	0.01203	0.00733	0.00547	0.00534	0.00182	0.00820	0.00424	0.00256	0.00834
78	0.00720	0.00514	0.00688	0.00822	0.00861	0.00482	0.00559	0.00829	0.01124	0.01497	0.03199	0.75635	0.03822	0.01811	0.00745	0.00238	0.00347	0.05091	0.00540	0.00475
79	0.01192	0.02841	0.68328	0.01782	0.04914	0.01361	0.07864	0.01841	0.01242	0.01845	0.01056	0.01262	0.00754	0.00546	0.00564	0.00185	0.00864	0.00453	0.00251	0.00855
80	0.01373	0.01569	0.03431	0.02451	0.03039	0.01471	0.73824	0.01863	0.01373	0.01863	0.01176	0.01569	0.00882	0.00490	0.00686	0.00196	0.00980	0.00686	0.00294	0.00784
81	0.00709	0.00506	0.00675	0.00810	0.00843	0.00472	0.00540	0.00810	0.01113	0.01484	0.03205	0.79184	0.03846	0.01822	0.00742	0.00236	0.00337	0.01653	0.00540	0.00472
82	0.02211	0.01629	0.01745	0.01338	0.01803	0.01803	0.01105	0.73997	0.02734	0.03665	0.01396	0.01396	0.00989	0.00698	0.00582	0.00175	0.00640	0.00524	0.00582	0.00989
83	0.00698	0.00583	0.00608	0.00616	0.00796	0.00493	0.00457	0.00850	0.01329	0.01613	0.10207	0.11395	0.65396	0.01482	0.00692	0.00199	0.00297	0.01250	0.00547	0.00493
84	0.00919	0.00656	0.00916	0.01050	0.01176	0.00654	0.00905	0.01173	0.01321	0.01720	0.03089	0.12362	0.03387	0.01624	0.00798	0.00265	0.00520	0.66399	0.00536	0.00530
85	0.02147	0.02459	0.01634	0.01434	0.01764	0.58806	0.01097	0.17542	0.01866	0.01923	0.01036	0.01157	0.00823	0.00623	0.00533	0.00155	0.00938	0.00411	0.02914	0.00737
86	0.02172	0.02772	0.01648	0.01498	0.01798	0.77228	0.01124	0.02322	0.01648	0.01423	0.00899	0.01049	0.00749	0.00599	0.00524	0.00150	0.01049	0.00375	0.00300	0.00674
87	0.01206	0.01034	0.01206	0.00861	0.01378	0.00775	0.00689	0.01464	0.01206	0.01895	0.01034	0.01206	0.00861	0.00431	0.00431	0.00086	0.00431	0.00345	0.00345	0.83118
88	0.01084	0.00542	0.00542	0.00542	0.00678	0.00542	0.00407	0.01355	0.01220	0.02168	0.01897	0.02168	0.01491	0.00678	0.00407	0.00136	0.00271	0.00542	0.82791	0.00542
89	0.00823	0.00594	0.00777	0.00732	0.00869	0.00549	0.00549	0.01097	0.01646	0.02332	0.75629	0.04344	0.05487	0.01189	0.00686	0.00183	0.00274	0.01052	0.00640	0.00549
90	0.01028	0.00742	0.00986	0.01071	0.01234	0.00752	0.00929	0.07005	0.01450	0.01887	0.03069	0.06105	0.06349	0.01528	0.00780	0.00257	0.00533	0.63187	0.00539	0.00570
91	0.02468	0.00984	0.01304	0.01010	0.01435	0.00875	0.00831	0.06103	0.01680	0.66952	0.02220	0.01967	0.01422	0.00715	0.00570	0.00176	0.00484	0.00578	0.07271	0.00954
92	0.01392	0.01164	0.01254	0.01139	0.01445	0.01326	0.00890	0.02834	0.64147	0.03695	0.08254	0.02554	0.02143	0.00860	0.00609	0.00199	0.00450	0.04175	0.00595	0.00873
93	0.01286	0.01081	0.01249	0.00899	0.01412	0.00857	0.00722	0.07260	0.01328	0.02036	0.01063	0.01221	0.00872	0.00452	0.00443	0.00093	0.00447	0.00359	0.00363	0.76556
94	0.02211	0.01629	0.01745	0.01338	0.01803	0.01803	0.01105	0.73997	0.02734	0.03665	0.01396	0.01396	0.00989	0.00698	0.00582	0.00175	0.00640	0.00524	0.00582	0.00989

[dist]
# distance from previous block
# <min> <max>
0	1

[block]
# block no. 4 follows, 40 sequences, length 61
# corresponding to MSA columns:
# 340-400
name=unknown_E
#
# <colnr> <probs for GDERKNQSTAVLIFYWHMCP>
#	G	D	E	R	K	N	Q	S	T	A	V	L	I	F	Y	W	H	M	C	P
0	0.01381	0.01028	0.01224	0.00883	0.01391	0.00785	0.00710	0.01635	0.01263	0.11177	0.01191	0.01302	0.00933	0.00467	0.00450	0.00098	0.00439	0.00374	0.00391	0.72878
1	0.72864	0.01068	0.00857	0.00764	0.01105	0.01212	0.00623	0.01640	0.01063	0.02561	0.08491	0.01301	0.01135	0.00603	0.00395	0.00178	0.00431	0.00391	0.00388	0.02930
2	0.00870	0.00562	0.00625	0.00625	0.00639	0.00562	0.00358	0.00898	0.00884	0.01234	0.01839	0.03638	0.02050	0.71470	0.02698	0.00520	0.00534	0.00815	0.08810	0.00372
3	0.01555	0.79913	0.03047	0.00995	0.01493	0.02301	0.00995	0.01741	0.01182	0.01368	0.00808	0.00933	0.00746	0.00498	0.00373	0.00124	0.00622	0.00311	0.00249	0.00746
4	0.00831	0.00623	0.00935	0.00935	0.01038	0.00727	0.00727	0.01038	0.00935	0.01350	0.01558	0.02285	0.01454	0.04361	0.77259	0.00935	0.01558	0.00623	0.00312	0.00519
5	0.01098	0.01034	0.01744	0.78165	0.04005	0.01292	0.01615	0.01486	0.01163	0.01486	0.01034	0.01550	0.00775	0.00581	0.00581	0.00194	0.00775	0.00517	0.00258	0.00646
6	0.01206	0.01034	0.01206	0.00861	0.01378	0.00775	0.00689	0.01464	0.01206	0.01895	0.01034	0.01206	0.00861	0.00431	0.00431	0.00086	0.00431	0.00345	0.00345	0.83118
7	0.00832	0.00620	0.00919	0.00919	0.01018	0.00719	0.00708	0.01029	0.00930	0.01339	0.01572	0.02363	0.01488	0.08220	0.73447	0.00916	0.01507	0.00634	0.00314	0.00511
8	0.00721	0.00590	0.00636	0.00624	0.00806	0.00505	0.00468	0.00900	0.01405	0.01760	0.23197	0.05286	0.58276	0.01402	0.00687	0.00193	0.00290	0.01184	0.00565	0.00505
9	0.00818	0.00592	0.00776	0.00767	0.00896	0.00551	0.00581	0.01070	0.01552	0.02165	0.59093	0.12272	0.07332	0.01302	0.00703	0.00197	0.00306	0.07873	0.00617	0.00538
10	0.02211	0.01629	0.01745	0.01338	0.01803	0.01803	0.01105	0.73997	0.02734	0.03665	0.01396	0.01396	0.00989	0.00698	0.00582	0.00175	0.00640	0.00524	0.00582	0.00989
11	0.01010	0.00505	0.00758	0.00758	0.00758	0.00505	0.00505	0.00758	0.00758	0.01010	0.01010	0.01768	0.01010	0.02020	0.02273	0.83081	0.00505	0.00505	0.00253	0.00253
12	0.01084	0.00542	0.00542	0.00542	0.00678	0.00542	0.00407	0.01355	0.01220	0.02168	0.01897	0.02168	0.01491	0.00678	0.00407	0.00136	0.00271	0.00542	0.82791	0.00542
13	0.00709	0.00506	0.00675	0.00810	0.00843	0.00472	0.00540	0.00810	0.01113	0.01484	0.03205	0.79184	0.03846	0.01822	0.00742	0.00236	0.00337	0.01653	0.00540	0.00472
14	0.10538	0.02456	0.01579	0.01402	0.01729	0.59762	0.01071	0.11456	0.01720	0.01833	0.00954	0.01083	0.00768	0.00606	0.00515	0.00156	0.00935	0.00388	0.00342	0.00710
15	0.00709	0.00506	0.00675	0.00810	0.00843	0.00472	0.00540	0.00810	0.01113	0.01484	0.03205	0.79184	0.03846	0.01822	0.00742	0.00236	0.00337	0.01653	0.00540	0.00472
16	0.01190	0.01323	0.09571	0.51779	0.21728	0.01320	0.01712	0.01597	0.01210	0.01625	0.01050	0.01490	0.00808	0.00563	0.00577	0.00188	0.00763	0.00508	0.00264	0.00736
17	0.00893	0.00603	0.00790	0.00751	0.00890	0.00555	0.00558	0.01142	0.01577	0.05581	0.63425	0.11904	0.05069	0.02768	0.00732	0.00196	0.00296	0.01088	0.00628	0.00557
18	0.00709	0.00506	0.00675	0.00810	0.00843	0.00472	0.00540	0.00810	0.01113	0.01484	0.03205	0.79184	0.03846	0.01822	0.00742	0.00236	0.00337	0.01653	0.00540	0.00472
19	0.01555	0.79913	0.03047	0.00995	0.01493	0.02301	0.00995	0.01741	0.01182	0.01368	0.00808	0.00933	0.00746	0.00498	0.00373	0.00124	0.00622	0.00311	0.00249	0.00746
20	0.83671	0.01125	0.00855	0.00765	0.01125	0.01305	0.00630	0.01709	0.00990	0.02609	0.00810	0.00945	0.00630	0.00540	0.00360	0.00180	0.00450	0.00315	0.00360	0.00630
21	0.00830	0.00620	0.00918	0.00914	0.01021	0.00709	0.00709	0.01044	0.01008	0.01451	0.09156	0.02496	0.01868	0.04036	0.69403	0.00857	0.01426	0.00667	0.00345	0.00522
22	0.03328	0.00655	0.00842	0.00782	0.00960	0.00608	0.00606	0.01290	0.01595	0.09859	0.58006	0.04215	0.07598	0.01164	0.00675	0.00189	0.00321	0.06085	0.00629	0.00593
23	0.00726	0.00591	0.00642	0.00629	0.00809	0.00507	0.00472	0.00909	0.01416	0.01786	0.25626	0.05242	0.55830	0.01392	0.00687	0.00193	0.00289	0.01178	0.00568	0.00507
24	0.02076	0.01562	0.01669	0.01311	0.01752	0.01740	0.01073	0.61498	0.15452	0.03448	0.01567	0.01532	0.01128	0.00714	0.00583	0.00179	0.00608	0.00547	0.00583	0.00977
25	0.01373	0.01569	0.03431	0.02451	0.03039	0.01471	0.73824	0.01863	0.01373	0.01863	0.01176	0.01569	0.00882	0.00490	0.00686	0.00196	0.00980	0.00686	0.00294	0.00784
26	0.01439	0.01382	0.02360	0.03569	0.75936	0.01382	0.01785	0.01785	0.01324	0.01900	0.01094	0.01439	0.00921	0.00518	0.00576	0.00173	0.00691	0.00518	0.00288	0.00921
27	0.01166	0.03008	0.76550	0.01657	0.02517	0.01351	0.02149	0.01842	0.01228	0.01842	0.01044	0.01228	0.00737	0.00552	0.00552	0.00184	0.00859	0.00430	0.00246	0.00859
28	0.16086	0.01574	0.01591	0.01245	0.01688	0.03785	0.01025	0.59718	0.02407	0.03424	0.01283	0.01310	0.00921	0.00668	0.00542	0.00175	0.00619	0.00484	0.00536	0.00919
29	0.00709	0.00506	0.00675	0.00810	0.00843	0.00472	0.00540	0.00810	0.01113	0.01484	0.03205	0.79184	0.03846	0.01822	0.00742	0.00236	0.00337	0.01653	0.00540	0.00472
30	0.01403	0.01328	0.02183	0.03154	0.64488	0.01289	0.01616	0.01735	0.01306	0.01899	0.01085	0.01403	0.00912	0.00505	0.00553	0.00159	0.00651	0.00491	0.00297	0.13542
31	0.02548	0.01088	0.01410	0.01081	0.01533	0.01000	0.00893	0.13760	0.01829	0.65180	0.02156	0.01890	0.01370	0.00716	0.00584	0.00179	0.00517	0.00575	0.00699	0.00990
32	0.01327	0.02796	0.65065	0.01608	0.02407	0.01420	0.01988	0.12920	0.01459	0.02122	0.01098	0.01254	0.00775	0.00575	0.00557	0.00183	0.00826	0.00444	0.00297	0.00879
33	0.01010	0.00505	0.00758	0.00758	0.00758	0.00505	0.00505	0.00758	0.00758	0.01010	0.01010	0.01768	0.01010	0.02020	0.02273	0.83081	0.00505	0.00505	0.00253	0.00253
34	0.00838	0.12698	0.01039	0.00838	0.00943	0.00753	0.00610	0.00953	0.01124	0.01467	0.02837	0.67169	0.03370	0.01619	0.00686	0.00219	0.00381	0.01447	0.00495	0.00514
35	0.00893	0.00669	0.00971	0.00953	0.01073	0.00776	0.00744	0.04350	0.01016	0.01455	0.01550	0.02244	0.01433	0.04195	0.73778	0.00900	0.01516	0.00619	0.00324	0.00541
36	0.02211	0.01629	0.01745	0.01338	0.01803	0.01803	0.01105	0.73997	0.02734	0.03665	0.01396	0.01396	0.00989	0.00698	0.00582	0.00175	0.00640	0.00524	0.00582	0.00989
37	0.01289	0.01423	0.03048	0.02218	0.02732	0.01356	0.62600	0.01736	0.01305	0.01784	0.01235	0.01679	0.00970	0.01085	0.12443	0.00309	0.01069	0.00677	0.00297	0.00744
38	0.71063	0.13222	0.01191	0.00800	0.01181	0.01458	0.00686	0.01714	0.01019	0.02419	0.00810	0.00943	0.00648	0.00533	0.00362	0.00171	0.00476	0.00314	0.00343	0.00648
39	0.01379	0.01329	0.02208	0.10908	0.57132	0.01434	0.01689	0.01695	0.01241	0.01781	0.01037	0.01425	0.00882	0.00601	0.00781	0.00187	0.12646	0.00517	0.00280	0.00849
40	0.71225	0.01104	0.00931	0.00806	0.01180	0.01235	0.00664	0.01882	0.01093	0.13929	0.01038	0.01104	0.00754	0.00567	0.00394	0.00180	0.00457	0.00356	0.00415	0.00685
41	0.01160	0.01078	0.01680	0.62867	0.03510	0.01338	0.01493	0.01728	0.12470	0.01627	0.01226	0.01633	0.00928	0.00633	0.00643	0.00197	0.04255	0.00538	0.00309	0.00688
42	0.02301	0.01149	0.01414	0.01098	0.01521	0.01120	0.00902	0.24897	0.01997	0.46033	0.09537	0.02040	0.01714	0.00761	0.00594	0.00179	0.00518	0.00614	0.00668	0.00944
