[name]
unknown

[dist]
# distance from previous block
# <min> <max>
8	271

[block]
# block no. 0 follows, 40 sequences, length 20
# corresponding to MSA columns:
# 343-362
name=unknown_A
#
# <colnr> <probs for GDERKNQSTAVLIFYWHMCP>
#	G	D	E	R	K	N	Q	S	T	A	V	L	I	F	Y	W	H	M	C	P
0	0.22510	0.05327	0.39357	0.01270	0.03133	0.01255	0.01419	0.01681	0.01199	0.02037	0.01629	0.01762	0.09711	0.00686	0.00520	0.00186	0.00654	0.00509	0.04401	0.00754
1	0.01357	0.33633	0.46886	0.01414	0.02128	0.01747	0.01697	0.01824	0.01231	0.01685	0.00986	0.01160	0.00775	0.00555	0.00496	0.00167	0.00775	0.00394	0.00260	0.00832
2	0.01617	0.18629	0.31976	0.07333	0.02201	0.01658	0.01541	0.20532	0.01645	0.05725	0.01179	0.01319	0.00875	0.00613	0.00541	0.00176	0.00739	0.00455	0.00369	0.00876
3	0.05091	0.01296	0.01523	0.01267	0.01634	0.01401	0.06546	0.22606	0.31688	0.03852	0.01996	0.11017	0.01661	0.00856	0.00611	0.00195	0.00548	0.00720	0.00551	0.04942
4	0.01472	0.02152	0.25371	0.01978	0.02560	0.10514	0.33184	0.05457	0.01409	0.01886	0.01114	0.01417	0.00851	0.00601	0.00738	0.00197	0.07427	0.00558	0.00303	0.00810
5	0.00914	0.00623	0.00829	0.00926	0.01028	0.00582	0.00696	0.01067	0.01231	0.04780	0.03075	0.50659	0.03504	0.01677	0.00757	0.00244	0.00421	0.22995	0.00550	0.03441
6	0.01442	0.10870	0.06376	0.06023	0.41158	0.01526	0.20351	0.01813	0.01330	0.01838	0.01112	0.01455	0.00909	0.00537	0.00594	0.00181	0.00780	0.00544	0.00294	0.00867
7	0.01487	0.21708	0.02527	0.06424	0.52886	0.01633	0.01582	0.01782	0.01301	0.01774	0.01053	0.01362	0.00903	0.00540	0.00539	0.00168	0.00688	0.00476	0.00289	0.00880
8	0.01812	0.01448	0.01689	0.01657	0.14183	0.01583	0.01148	0.36658	0.24516	0.02924	0.01866	0.01866	0.04414	0.00751	0.00603	0.00189	0.00590	0.00605	0.00544	0.00952
9	0.01212	0.02511	0.56648	0.01472	0.02241	0.01219	0.01778	0.01766	0.01244	0.01887	0.01077	0.01272	0.00804	0.00545	0.00536	0.00165	0.00759	0.00419	0.00284	0.22161
10	0.01995	0.01528	0.01628	0.01310	0.01733	0.01704	0.01059	0.50857	0.25896	0.03291	0.01741	0.01693	0.01274	0.00750	0.00600	0.00188	0.00594	0.00578	0.00596	0.00983
11	0.01185	0.02511	0.56787	0.21474	0.02921	0.01353	0.02018	0.01772	0.01233	0.01781	0.01077	0.01361	0.00781	0.00584	0.00575	0.00193	0.00848	0.00464	0.00262	0.00821
12	0.00932	0.00735	0.01054	0.20793	0.01709	0.00763	0.00841	0.01224	0.01541	0.02142	0.55936	0.03653	0.04275	0.01052	0.00673	0.00192	0.00417	0.00922	0.00552	0.00593
13	0.01280	0.07423	0.52661	0.01842	0.02607	0.01458	0.20630	0.01863	0.01284	0.01850	0.01099	0.01347	0.00810	0.00557	0.00591	0.00190	0.00886	0.00501	0.00271	0.00850
14	0.01117	0.02268	0.49942	0.21385	0.02760	0.01276	0.01874	0.01673	0.01183	0.01702	0.01090	0.01413	0.00815	0.00925	0.07917	0.00259	0.00905	0.00471	0.00255	0.00772
15	0.02051	0.01473	0.20735	0.01153	0.01685	0.00948	0.01150	0.02385	0.01519	0.49891	0.02316	0.02132	0.08380	0.00749	0.00586	0.00183	0.00570	0.00606	0.00580	0.00908
16	0.01905	0.01522	0.20861	0.01469	0.10976	0.01014	0.01266	0.02255	0.01476	0.40601	0.02166	0.02064	0.08315	0.00724	0.00585	0.00182	0.00594	0.00598	0.00526	0.00900
17	0.02498	0.01015	0.01346	0.01049	0.01487	0.00911	0.00861	0.02859	0.08687	0.69250	0.02301	0.01998	0.01472	0.00726	0.00585	0.00182	0.00492	0.00592	0.00707	0.00983
18	0.00794	0.00704	0.00888	0.20662	0.01619	0.00698	0.00745	0.01003	0.01283	0.01549	0.04634	0.04550	0.56313	0.01242	0.00660	0.00196	0.00419	0.01043	0.00467	0.00531
19	0.00878	0.00843	0.01343	0.01085	0.01377	0.00750	0.19440	0.01126	0.01368	0.01719	0.11360	0.04434	0.49606	0.01191	0.00687	0.00195	0.00470	0.01070	0.00486	0.00572

[dist]
# distance from previous block
# <min> <max>
0	2

[block]
# block no. 1 follows, 40 sequences, length 19
# corresponding to MSA columns:
# 365-383
name=unknown_B
#
# <colnr> <probs for GDERKNQSTAVLIFYWHMCP>
#	G	D	E	R	K	N	Q	S	T	A	V	L	I	F	Y	W	H	M	C	P
0	0.19409	0.01018	0.01247	0.00979	0.01410	0.00948	0.00808	0.02601	0.01525	0.61058	0.01987	0.01765	0.01272	0.00682	0.00538	0.00180	0.00486	0.00529	0.00645	0.00915
1	0.01313	0.01356	0.02833	0.02055	0.02550	0.01278	0.58608	0.01758	0.01341	0.01926	0.01326	0.01693	0.01008	0.00529	0.00628	0.00184	0.00833	0.00656	0.17391	0.00734
2	0.01098	0.01034	0.01744	0.78165	0.04005	0.01292	0.01615	0.01486	0.01163	0.01486	0.01034	0.01550	0.00775	0.00581	0.00581	0.00194	0.00775	0.00517	0.00258	0.00646
3	0.01275	0.01035	0.01195	0.00935	0.01350	0.00899	0.00733	0.12237	0.04145	0.02105	0.01528	0.15308	0.01452	0.00734	0.00515	0.00130	0.00446	0.00618	0.00424	0.52933
4	0.08600	0.30781	0.08608	0.00982	0.01319	0.01389	0.00898	0.05306	0.01226	0.01693	0.01790	0.31290	0.01949	0.01030	0.00543	0.00181	0.00519	0.00854	0.00389	0.00653
5	0.01792	0.02148	0.01693	0.15306	0.02139	0.47922	0.01243	0.01980	0.01404	0.01430	0.00895	0.01185	0.00757	0.00683	0.00821	0.00179	0.17050	0.00428	0.00283	0.00661
6	0.01458	0.01026	0.01232	0.00893	0.01397	0.00790	0.00719	0.01711	0.01288	0.15297	0.01261	0.01345	0.00965	0.00483	0.00458	0.00103	0.00442	0.00388	0.00412	0.68333
7	0.01079	0.00987	0.01633	0.48705	0.16299	0.01138	0.01423	0.01399	0.01182	0.01560	0.01494	0.17619	0.01438	0.00827	0.00614	0.00199	0.00669	0.00753	0.00322	0.00660
8	0.01153	0.02177	0.47382	0.01447	0.01974	0.01253	0.01650	0.01537	0.01070	0.01590	0.00986	0.01348	0.00798	0.00940	0.01153	0.17377	0.14763	0.00460	0.00249	0.00693
9	0.32921	0.00781	0.00720	0.00685	0.00824	0.00851	0.00460	0.01180	0.00901	0.01701	0.01436	0.02698	0.01539	0.48960	0.01953	0.00415	0.00520	0.00640	0.00355	0.00460
10	0.01197	0.00628	0.00789	0.00732	0.00813	0.00604	0.00474	0.01185	0.00975	0.14643	0.01745	0.03054	0.01764	0.49299	0.02390	0.17596	0.00539	0.00728	0.00398	0.00446
11	0.01351	0.01292	0.02201	0.22854	0.57340	0.01359	0.01741	0.01707	0.01282	0.01793	0.01078	0.01468	0.00883	0.00534	0.00577	0.00178	0.00713	0.00518	0.00280	0.00850
12	0.18358	0.01330	0.02429	0.15738	0.07075	0.01362	0.38673	0.01720	0.01243	0.01938	0.01144	0.04281	0.00922	0.00568	0.00595	0.00192	0.00793	0.00604	0.00310	0.00724
13	0.01243	0.01107	0.02100	0.06025	0.13076	0.01081	0.30735	0.01526	0.01212	0.01758	0.01276	0.01708	0.01031	0.00814	0.00892	0.15101	0.00693	0.00589	0.17381	0.00651
14	0.33118	0.02279	0.47235	0.01312	0.01978	0.01333	0.01560	0.01790	0.01136	0.02139	0.00953	0.01118	0.00695	0.00548	0.00478	0.00183	0.00701	0.00385	0.00290	0.00770
15	0.18254	0.01108	0.01588	0.45674	0.05520	0.01386	0.01355	0.01527	0.01084	0.01718	0.00941	0.01371	0.00748	0.00649	0.00774	0.00201	0.14697	0.00474	0.00280	0.00651
16	0.06142	0.00712	0.00906	0.00799	0.01017	0.00660	0.00620	0.01510	0.01611	0.18380	0.55289	0.03629	0.04321	0.01049	0.00645	0.00182	0.00333	0.00907	0.00641	0.00649
17	0.02036	0.01020	0.01283	0.01044	0.01412	0.00981	0.00858	0.17096	0.01810	0.40709	0.09321	0.02702	0.05931	0.01015	0.03457	0.00216	0.00536	0.07067	0.00642	0.00862
18	0.02087	0.01543	0.01770	0.01368	0.01823	0.01687	0.05398	0.56953	0.11640	0.07345	0.01553	0.01535	0.01106	0.00698	0.00589	0.00179	0.00630	0.00553	0.00573	0.00968

[dist]
# distance from previous block
# <min> <max>
84	230

[block]
# block no. 2 follows, 40 sequences, length 10
# corresponding to MSA columns:
# 733-742
name=unknown_C
#
# <colnr> <probs for GDERKNQSTAVLIFYWHMCP>
#	G	D	E	R	K	N	Q	S	T	A	V	L	I	F	Y	W	H	M	C	P
0	0.02052	0.04937	0.01723	0.01282	0.01721	0.01269	0.09822	0.11312	0.21137	0.35351	0.01998	0.01860	0.01373	0.00697	0.00589	0.00183	0.00568	0.00596	0.00595	0.00935
1	0.07924	0.09257	0.13826	0.01133	0.01598	0.01250	0.01063	0.02438	0.20522	0.27331	0.06328	0.01867	0.01528	0.00703	0.00549	0.00180	0.00542	0.00559	0.00530	0.00872
2	0.04361	0.01611	0.01519	0.01242	0.01622	0.14208	0.00987	0.44601	0.02169	0.02833	0.01511	0.11743	0.01312	0.00808	0.00576	0.00172	0.00647	0.00631	0.00504	0.06944
3	0.00717	0.00510	0.00672	0.00799	0.00830	0.00478	0.00528	0.00812	0.01097	0.01462	0.03120	0.74485	0.03738	0.06668	0.00880	0.00257	0.00351	0.01603	0.00528	0.00465
4	0.00822	0.00706	0.00831	0.11082	0.01275	0.02936	0.00657	0.01026	0.01363	0.01725	0.21278	0.13770	0.37807	0.01303	0.00675	0.00196	0.00382	0.01118	0.00519	0.00529
5	0.01572	0.68436	0.08391	0.01082	0.01591	0.07840	0.01090	0.01792	0.01220	0.01407	0.00833	0.00963	0.00746	0.00509	0.00398	0.00131	0.00671	0.00325	0.00252	0.00749
6	0.00709	0.00506	0.00675	0.00810	0.00843	0.00472	0.00540	0.00810	0.01113	0.01484	0.03205	0.79184	0.03846	0.01822	0.00742	0.00236	0.00337	0.01653	0.00540	0.00472
7	0.12096	0.00588	0.00771	0.00759	0.00807	0.00612	0.00522	0.00885	0.00789	0.01225	0.00983	0.01657	0.00959	0.01822	0.02016	0.71963	0.00498	0.00480	0.00267	0.00303
8	0.01325	0.12910	0.06598	0.01332	0.01858	0.01282	0.17389	0.01836	0.11123	0.01879	0.01212	0.01378	0.00964	0.00509	0.00509	0.00138	0.00613	0.00464	0.00346	0.36334
9	0.36765	0.03468	0.01242	0.01008	0.01365	0.07233	0.00817	0.22504	0.05128	0.02742	0.11093	0.01596	0.01451	0.00688	0.00491	0.00176	0.00532	0.00494	0.00464	0.00742

[dist]
# distance from previous block
# <min> <max>
9	43

[block]
# block no. 3 follows, 40 sequences, length 6
# corresponding to MSA columns:
# 796-801
name=unknown_D
#
# <colnr> <probs for GDERKNQSTAVLIFYWHMCP>
#	G	D	E	R	K	N	Q	S	T	A	V	L	I	F	Y	W	H	M	C	P
0	0.01219	0.00963	0.09684	0.00936	0.01216	0.00714	0.00831	0.01484	0.01471	0.14908	0.36610	0.03437	0.03403	0.01114	0.00791	0.07358	0.00435	0.08340	0.00550	0.04536
1	0.01338	0.13174	0.20084	0.01130	0.01715	0.01253	0.01137	0.07397	0.04743	0.01969	0.01093	0.01231	0.00866	0.00508	0.00472	0.00128	0.00582	0.00389	0.00336	0.40455
2	0.00905	0.00623	0.00900	0.00936	0.01049	0.00584	0.04032	0.01081	0.01259	0.06097	0.11420	0.49731	0.03669	0.01584	0.00734	0.00230	0.00404	0.13675	0.00550	0.00537
3	0.01206	0.00772	0.00968	0.00936	0.01136	0.00732	0.00714	0.09663	0.01421	0.11585	0.02758	0.40266	0.05223	0.01384	0.00683	0.00212	0.00429	0.11601	0.00551	0.07759
4	0.13687	0.29905	0.06694	0.00989	0.01391	0.07107	0.00910	0.01789	0.01355	0.11584	0.17341	0.01843	0.01853	0.00695	0.00490	0.00158	0.00551	0.00521	0.00416	0.00720
5	0.01460	0.13738	0.41532	0.01560	0.04583	0.01444	0.07045	0.02064	0.07664	0.11553	0.01298	0.01396	0.00937	0.00581	0.00544	0.00176	0.00746	0.00474	0.00343	0.00861

[dist]
# distance from previous block
# <min> <max>
5	17

[block]
# block no. 4 follows, 40 sequences, length 11
# corresponding to MSA columns:
# 819-829
name=unknown_E
#
# <colnr> <probs for GDERKNQSTAVLIFYWHMCP>
#	G	D	E	R	K	N	Q	S	T	A	V	L	I	F	Y	W	H	M	C	P
0	0.36212	0.01361	0.09710	0.10049	0.05063	0.02881	0.01015	0.06749	0.01265	0.02289	0.06139	0.01376	0.01069	0.00587	0.00469	0.00168	0.00556	0.00432	0.00364	0.12246
1	0.01294	0.04218	0.16494	0.00981	0.01355	0.00907	0.00938	0.06650	0.01350	0.09634	0.01851	0.16841	0.01662	0.00849	0.00534	0.00167	0.00484	0.00710	0.23618	0.09464
2	0.11142	0.11444	0.01953	0.01332	0.01784	0.01363	0.16128	0.04305	0.15838	0.26275	0.01690	0.01662	0.01195	0.00636	0.00554	0.00179	0.00605	0.00553	0.00500	0.00861
3	0.01530	0.01604	0.01297	0.01158	0.01462	0.27705	0.00875	0.04270	0.17061	0.01819	0.01707	0.16639	0.01605	0.00847	0.00564	0.00164	0.00642	0.00684	0.00427	0.17939
4	0.00782	0.00513	0.00649	0.00757	0.00811	0.00486	0.00514	0.00917	0.01134	0.01618	0.02949	0.64095	0.03385	0.01598	0.00676	0.00216	0.00324	0.01435	0.16654	0.00486
5	0.00806	0.00609	0.00779	0.00820	0.00948	0.00532	0.00569	0.00938	0.01131	0.01565	0.02780	0.63907	0.03261	0.01549	0.00681	0.00207	0.00356	0.01397	0.00502	0.16664
6	0.11405	0.02079	0.01601	0.01344	0.01724	0.35229	0.01060	0.34005	0.02055	0.02550	0.01109	0.01191	0.00842	0.00636	0.00531	0.00164	0.00800	0.00434	0.00431	0.00809
7	0.00830	0.00557	0.00639	0.00654	0.00658	0.00553	0.00374	0.00842	0.00876	0.01168	0.01988	0.12329	0.02310	0.70772	0.02709	0.00527	0.00538	0.00937	0.00374	0.00366
8	0.17656	0.57386	0.05685	0.01003	0.01479	0.05765	0.00979	0.01768	0.01169	0.01634	0.00823	0.00953	0.00723	0.00513	0.00386	0.00139	0.00619	0.00320	0.00273	0.00725
9	0.01444	0.17113	0.48155	0.01471	0.02186	0.01617	0.01729	0.15959	0.01514	0.02110	0.01069	0.01206	0.00788	0.00571	0.00525	0.00171	0.00772	0.00426	0.00312	0.00864
10	0.00737	0.00532	0.00703	0.00822	0.00880	0.00498	0.00577	0.00867	0.01175	0.01557	0.06816	0.63836	0.07804	0.01749	0.00743	0.00235	0.00353	0.09088	0.00544	0.00484

[dist]
# distance from previous block
# <min> <max>
7	20

[block]
# block no. 5 follows, 40 sequences, length 8
# corresponding to MSA columns:
# 850-857
name=unknown_F
#
# <colnr> <probs for GDERKNQSTAVLIFYWHMCP>
#	G	D	E	R	K	N	Q	S	T	A	V	L	I	F	Y	W	H	M	C	P
0	0.33325	0.01271	0.09046	0.03281	0.01495	0.01068	0.00871	0.01790	0.01187	0.12498	0.01123	0.01225	0.00836	0.00531	0.00442	0.00149	0.00503	0.00381	0.00390	0.28590
1	0.01554	0.02023	0.32629	0.01440	0.02068	0.01334	0.06572	0.18887	0.04767	0.08439	0.03044	0.01463	0.01036	0.00605	0.00560	0.00170	0.00699	0.00496	0.00404	0.11809
2	0.01653	0.12512	0.09740	0.01268	0.01778	0.06058	0.06302	0.22360	0.04205	0.04803	0.01239	0.02825	0.00972	0.00593	0.00519	0.00149	0.00640	0.00471	0.00407	0.21506
3	0.00785	0.00806	0.08692	0.00898	0.01060	0.00595	0.00748	0.00978	0.01192	0.01572	0.03413	0.48470	0.15563	0.01599	0.00721	0.00228	0.00413	0.11231	0.00508	0.00525
4	0.13072	0.00836	0.00995	0.00837	0.01151	0.00773	0.00669	0.01872	0.01498	0.33864	0.19692	0.03115	0.17357	0.00956	0.00598	0.00184	0.00397	0.00785	0.00615	0.00737
5	0.14239	0.19194	0.01625	0.01009	0.01359	0.01381	0.00855	0.03608	0.11430	0.21338	0.05564	0.01660	0.01338	0.00791	0.00723	0.06139	0.06010	0.00504	0.00465	0.00767
6	0.01237	0.00828	0.01010	0.00863	0.01169	0.00724	0.00693	0.05287	0.01496	0.12367	0.20339	0.03565	0.15028	0.01007	0.00617	0.00171	0.00405	0.10667	0.00540	0.21988
7	0.09977	0.01776	0.25066	0.01679	0.02236	0.01249	0.26437	0.01820	0.04081	0.06259	0.01492	0.07394	0.01271	0.00717	0.00614	0.00198	0.00760	0.05848	0.00358	0.00768

[dist]
# distance from previous block
# <min> <max>
10	31

[block]
# block no. 6 follows, 40 sequences, length 14
# corresponding to MSA columns:
# 905-918
name=unknown_G
#
# <colnr> <probs for GDERKNQSTAVLIFYWHMCP>
#	G	D	E	R	K	N	Q	S	T	A	V	L	I	F	Y	W	H	M	C	P
0	0.01284	0.01251	0.02031	0.05711	0.01995	0.01405	0.20750	0.06348	0.01223	0.01753	0.01231	0.09818	0.01158	0.00844	0.01107	0.00207	0.29908	0.00662	0.00330	0.10986
1	0.00858	0.00603	0.00830	0.00845	0.00951	0.00547	0.02214	0.00923	0.01080	0.01481	0.04976	0.47299	0.02862	0.01632	0.01020	0.17468	0.00401	0.02795	0.00453	0.10762
2	0.00880	0.00715	0.01041	0.01383	0.16510	0.00683	0.00826	0.01055	0.01206	0.01607	0.03089	0.46669	0.12164	0.01486	0.00707	0.00221	0.00425	0.08274	0.00487	0.00574
3	0.01388	0.01615	0.16983	0.01282	0.01721	0.01426	0.01176	0.02830	0.59546	0.02310	0.02091	0.01973	0.01559	0.00740	0.00584	0.00195	0.00543	0.00610	0.00520	0.00908
4	0.01925	0.02336	0.01531	0.01346	0.01684	0.58692	0.01020	0.02100	0.01531	0.01519	0.00949	0.01124	0.00797	0.00693	0.03128	0.00163	0.00937	0.00377	0.00309	0.17838
5	0.83671	0.01125	0.00855	0.00765	0.01125	0.01305	0.00630	0.01709	0.00990	0.02609	0.00810	0.00945	0.00630	0.00540	0.00360	0.00180	0.00450	0.00315	0.00360	0.00630
6	0.01192	0.05981	0.57625	0.01463	0.02235	0.01273	0.01794	0.01759	0.01221	0.01832	0.01031	0.01210	0.00763	0.00525	0.00519	0.00161	0.00760	0.00407	0.00266	0.17985
7	0.18557	0.01139	0.01173	0.01076	0.01392	0.01294	0.00859	0.02556	0.47114	0.05608	0.02128	0.02455	0.01718	0.00836	0.00570	0.00202	0.00469	0.09498	0.00542	0.00815
8	0.11863	0.01458	0.01267	0.01141	0.01447	0.17058	0.00878	0.07153	0.30379	0.05367	0.01878	0.12227	0.01610	0.00841	0.00564	0.00185	0.00577	0.00672	0.00493	0.02942
9	0.01244	0.01330	0.02707	0.01986	0.02476	0.01222	0.52810	0.01642	0.01310	0.01805	0.01487	0.14103	0.01360	0.00699	0.00663	0.00189	0.00808	0.00800	0.00340	0.11019
10	0.01416	0.01358	0.02319	0.08578	0.71105	0.01376	0.01773	0.01765	0.01313	0.01872	0.01090	0.01447	0.00911	0.00522	0.00576	0.00174	0.00697	0.00518	0.00286	0.00903
11	0.01273	0.12249	0.51701	0.01476	0.02180	0.01489	0.01749	0.02089	0.16561	0.01906	0.01290	0.01387	0.00954	0.00595	0.00538	0.00179	0.00747	0.00462	0.00318	0.00858
12	0.83671	0.01125	0.00855	0.00765	0.01125	0.01305	0.00630	0.01709	0.00990	0.02609	0.00810	0.00945	0.00630	0.00540	0.00360	0.00180	0.00450	0.00315	0.00360	0.00630
13	0.01321	0.01106	0.01173	0.01069	0.01329	0.01263	0.00802	0.02623	0.59466	0.02161	0.02256	0.02510	0.01846	0.17194	0.01085	0.00274	0.00482	0.00697	0.00542	0.00802

[dist]
# distance from previous block
# <min> <max>
0	5

[block]
# block no. 7 follows, 40 sequences, length 6
# corresponding to MSA columns:
# 924-929
name=unknown_H
#
# <colnr> <probs for GDERKNQSTAVLIFYWHMCP>
#	G	D	E	R	K	N	Q	S	T	A	V	L	I	F	Y	W	H	M	C	P
0	0.01363	0.01540	0.03274	0.02363	0.02895	0.01500	0.66904	0.01819	0.01327	0.01819	0.01137	0.01540	0.00871	0.00541	0.00803	0.00202	0.08373	0.00669	0.00290	0.00770
1	0.01973	0.00884	0.01169	0.00950	0.01294	0.00800	0.00764	0.02310	0.06657	0.48213	0.25169	0.02730	0.02725	0.00871	0.00617	0.00182	0.00424	0.00735	0.00686	0.00847
2	0.27615	0.01472	0.01467	0.01159	0.01592	0.01648	0.00957	0.51453	0.02190	0.03336	0.01213	0.01255	0.00877	0.00649	0.00513	0.00176	0.00581	0.00458	0.00513	0.00877
3	0.01231	0.02559	0.53747	0.01905	0.02680	0.01388	0.24501	0.01848	0.01273	0.01848	0.01085	0.01334	0.00782	0.00533	0.00594	0.00188	0.00897	0.00510	0.00261	0.00836
4	0.83671	0.01125	0.00855	0.00765	0.01125	0.01305	0.00630	0.01709	0.00990	0.02609	0.00810	0.00945	0.00630	0.00540	0.00360	0.00180	0.00450	0.00315	0.00360	0.00630
5	0.00793	0.00587	0.00854	0.00896	0.00978	0.00648	0.00669	0.00967	0.00990	0.01392	0.02071	0.26266	0.02200	0.03569	0.53396	0.00717	0.01177	0.00944	0.00383	0.00505

[dist]
# distance from previous block
# <min> <max>
0	2

[block]
# block no. 8 follows, 40 sequences, length 16
# corresponding to MSA columns:
# 932-947
name=unknown_I
#
# <colnr> <probs for GDERKNQSTAVLIFYWHMCP>
#	G	D	E	R	K	N	Q	S	T	A	V	L	I	F	Y	W	H	M	C	P
0	0.01319	0.01396	0.02713	0.01938	0.02503	0.01246	0.50209	0.01734	0.01319	0.01873	0.01130	0.01451	0.00876	0.00471	0.00604	0.00161	0.00803	0.00576	0.00310	0.27369
1	0.28513	0.01466	0.01458	0.01153	0.01584	0.01642	0.00952	0.50656	0.02171	0.03324	0.01207	0.01250	0.00873	0.00647	0.00510	0.00176	0.00579	0.00456	0.00510	0.00873
2	0.27946	0.01425	0.02599	0.01907	0.02421	0.01417	0.50190	0.01813	0.01249	0.02104	0.01058	0.01367	0.00801	0.00506	0.00581	0.00191	0.00809	0.00566	0.00315	0.00734
3	0.01196	0.12606	0.42614	0.26273	0.02861	0.01458	0.01823	0.01713	0.01201	0.01664	0.01009	0.01293	0.00750	0.00555	0.00538	0.00179	0.00801	0.00442	0.00250	0.00775
4	0.27828	0.06800	0.47904	0.01331	0.02009	0.01390	0.01592	0.01793	0.01148	0.02062	0.00955	0.01119	0.00703	0.00545	0.00480	0.00179	0.00714	0.00386	0.00283	0.00779
5	0.27850	0.11029	0.43862	0.01295	0.01952	0.01442	0.01529	0.01788	0.01146	0.02036	0.00942	0.01103	0.00703	0.00542	0.00470	0.00176	0.00701	0.00379	0.00283	0.00773
6	0.00924	0.00575	0.00697	0.00719	0.00761	0.00554	0.00448	0.00972	0.00989	0.06461	0.02308	0.28017	0.02627	0.48992	0.02079	0.00431	0.00486	0.01088	0.00438	0.00435
7	0.10938	0.00898	0.01027	0.00921	0.01193	0.03295	0.00705	0.01822	0.06718	0.24899	0.08060	0.26905	0.02404	0.01073	0.00606	0.00192	0.00433	0.00917	0.00565	0.06429
8	0.01264	0.01174	0.02189	0.01635	0.02031	0.01140	0.38775	0.01677	0.03282	0.01952	0.01407	0.01736	0.01095	0.00586	0.00648	0.00172	0.05280	0.00605	0.26941	0.06413
9	0.01884	0.26842	0.02103	0.01185	0.01656	0.01872	0.01030	0.41444	0.06390	0.02728	0.01239	0.01279	0.00948	0.00620	0.00504	0.00154	0.00609	0.00450	0.00458	0.06604
10	0.01223	0.11059	0.43918	0.01326	0.02033	0.01272	0.01547	0.01708	0.01215	0.01805	0.01014	0.01187	0.00778	0.00507	0.00493	0.00146	0.00694	0.00389	0.00278	0.27407
11	0.01264	0.15107	0.40309	0.01506	0.02029	0.01646	0.01676	0.01682	0.01111	0.01621	0.00914	0.01194	0.00747	0.00694	0.00961	0.00197	0.25889	0.00436	0.00249	0.00769
12	0.01499	0.01116	0.01247	0.01056	0.01368	0.01158	0.00823	0.33206	0.06064	0.02590	0.01994	0.25742	0.01935	0.01016	0.00602	0.00181	0.00487	0.00860	0.04967	0.12088
13	0.01797	0.01270	0.01346	0.01089	0.01443	0.01396	0.00881	0.44932	0.10308	0.03091	0.01650	0.01707	0.01223	0.00702	0.00532	0.00166	0.00512	0.00544	0.24560	0.00851
14	0.02234	0.01073	0.01338	0.01083	0.01493	0.01046	0.00876	0.02917	0.25306	0.52475	0.02318	0.02041	0.01548	0.00742	0.00587	0.00186	0.00484	0.00608	0.00678	0.00967
15	0.01364	0.01269	0.01988	0.02695	0.51862	0.01186	0.01431	0.01681	0.01286	0.01898	0.01074	0.01364	0.00902	0.00490	0.00529	0.00145	0.00607	0.00462	0.00306	0.27461

[dist]
# distance from previous block
# <min> <max>
1	3

[block]
# block no. 9 follows, 40 sequences, length 8
# corresponding to MSA columns:
# 951-958
name=unknown_J
#
# <colnr> <probs for GDERKNQSTAVLIFYWHMCP>
#	G	D	E	R	K	N	Q	S	T	A	V	L	I	F	Y	W	H	M	C	P
0	0.01291	0.01042	0.01283	0.00945	0.01433	0.00828	0.03416	0.01619	0.04858	0.06462	0.01262	0.04205	0.01053	0.00520	0.00469	0.00107	0.00453	0.00436	0.00385	0.67934
1	0.01524	0.01222	0.01376	0.01012	0.01513	0.01100	0.00821	0.24412	0.01689	0.02455	0.01148	0.01266	0.00902	0.00515	0.00478	0.00114	0.00497	0.00401	0.00420	0.57134
2	0.00913	0.00735	0.01090	0.25256	0.01883	0.00789	0.00912	0.01215	0.01450	0.01988	0.44035	0.06841	0.03782	0.01052	0.00663	0.00194	0.00453	0.05668	0.00508	0.00575
3	0.00839	0.00573	0.00680	0.00665	0.00708	0.00559	0.00414	0.00925	0.01099	0.01509	0.25180	0.03976	0.03181	0.54767	0.02240	0.00443	0.00472	0.00911	0.00443	0.00414
4	0.00792	0.00586	0.00852	0.00895	0.00977	0.00646	0.00668	0.00966	0.00991	0.01393	0.02079	0.26614	0.02211	0.03558	0.53050	0.00714	0.01172	0.00949	0.00384	0.00504
5	0.02186	0.02362	0.01683	0.01441	0.01800	0.50165	0.01117	0.28040	0.02038	0.02228	0.01077	0.01173	0.00835	0.00635	0.00545	0.00159	0.00902	0.00428	0.00401	0.00787
6	0.01683	0.01460	0.02166	0.02863	0.52481	0.01515	0.01570	0.24631	0.01770	0.02458	0.01189	0.01426	0.00943	0.00575	0.00578	0.00173	0.00675	0.00520	0.00381	0.00943
7	0.01206	0.01034	0.01206	0.00861	0.01378	0.00775	0.00689	0.01464	0.01206	0.01895	0.01034	0.01206	0.00861	0.00431	0.00431	0.00086	0.00431	0.00345	0.00345	0.83118

[dist]
# distance from previous block
# <min> <max>
0	30

# created by:
# /software/SequenceAnalysis/GenePrediction/augustus/3.0.1/scripts/msa2prfl.pl ./fixed/BUSCOvEOG7QRJJ8.fas
