[name]
unknown

[dist]
# distance from previous block
# <min> <max>
0	478

[block]
# block no. 0 follows, 41 sequences, length 9
# corresponding to MSA columns:
# 485-493
name=unknown_A
#
# <colnr> <probs for GDERKNQSTAVLIFYWHMCP>
#	G	D	E	R	K	N	Q	S	T	A	V	L	I	F	Y	W	H	M	C	P
0	0.01529	0.80242	0.02997	0.00979	0.01468	0.02263	0.00979	0.01713	0.01162	0.01346	0.00795	0.00918	0.00734	0.00489	0.00367	0.00122	0.00612	0.00306	0.00245	0.00734
1	0.01080	0.01017	0.01716	0.78523	0.03940	0.01271	0.01589	0.01461	0.01144	0.01461	0.01017	0.01525	0.00762	0.00572	0.00572	0.00191	0.00762	0.00508	0.00254	0.00635
2	0.00817	0.00613	0.00919	0.00919	0.01021	0.00715	0.00715	0.01021	0.00919	0.01328	0.01532	0.02247	0.01430	0.04290	0.77631	0.00919	0.01532	0.00613	0.00306	0.00511
3	0.00697	0.00498	0.00664	0.00796	0.00830	0.00465	0.00531	0.00796	0.01095	0.01460	0.03153	0.79525	0.03783	0.01792	0.00730	0.00232	0.00332	0.01626	0.00531	0.00465
4	0.01493	0.72930	0.09993	0.01040	0.01563	0.02175	0.01086	0.01722	0.01167	0.01390	0.00817	0.00945	0.00733	0.00494	0.00384	0.00128	0.00634	0.00317	0.00244	0.00745
5	0.02072	0.01463	0.01613	0.01257	0.01680	0.01607	0.01034	0.62336	0.02446	0.08557	0.01451	0.01497	0.01048	0.01033	0.07944	0.00244	0.00706	0.00529	0.00556	0.00929
6	0.00774	0.00583	0.00715	0.00682	0.00833	0.00525	0.00512	0.01010	0.01535	0.02094	0.57245	0.04602	0.24305	0.01244	0.00675	0.00183	0.00275	0.01081	0.00603	0.00525
7	0.01108	0.00942	0.01002	0.00944	0.01203	0.01013	0.00739	0.02068	0.41752	0.02024	0.03635	0.03753	0.28490	0.01094	0.00636	0.00200	0.00401	0.07719	0.00559	0.00718
8	0.01175	0.08581	0.71556	0.01583	0.02402	0.01396	0.02031	0.01804	0.01204	0.01778	0.01010	0.01187	0.00725	0.00539	0.00531	0.00177	0.00828	0.00414	0.00242	0.00837

[dist]
# distance from previous block
# <min> <max>
0	198

[block]
# block no. 1 follows, 41 sequences, length 20
# corresponding to MSA columns:
# 694-713
name=unknown_B
#
# <colnr> <probs for GDERKNQSTAVLIFYWHMCP>
#	G	D	E	R	K	N	Q	S	T	A	V	L	I	F	Y	W	H	M	C	P
0	0.52842	0.16519	0.01453	0.00923	0.01288	0.01417	0.06850	0.01617	0.01028	0.02125	0.00924	0.01252	0.00805	0.08244	0.00632	0.00204	0.00530	0.00390	0.00327	0.00628
1	0.01597	0.01228	0.01848	0.06641	0.39587	0.01258	0.01381	0.08147	0.09992	0.13503	0.01587	0.02005	0.01279	0.00679	0.00589	0.00183	0.00611	0.06583	0.00426	0.00875
2	0.01014	0.00885	0.01440	0.01373	0.07742	0.00832	0.15009	0.05194	0.01259	0.01724	0.02283	0.45831	0.02533	0.01235	0.00667	0.00202	0.00510	0.01160	0.00447	0.08661
3	0.10475	0.30801	0.02017	0.01113	0.01538	0.13388	0.00962	0.16529	0.05699	0.10727	0.01179	0.01214	0.00906	0.00590	0.00466	0.00152	0.00639	0.00408	0.00402	0.00796
4	0.01055	0.00959	0.00963	0.07395	0.01321	0.09214	0.00761	0.07363	0.02584	0.01735	0.03782	0.08518	0.36918	0.01248	0.00663	0.00201	0.00487	0.13777	0.00485	0.00570
5	0.01741	0.01375	0.01611	0.01209	0.01687	0.01380	0.05376	0.41032	0.05195	0.02827	0.01275	0.01350	0.00955	0.00585	0.00526	0.00143	0.00569	0.00468	0.00473	0.30225
6	0.01347	0.01533	0.03321	0.02381	0.02940	0.01457	0.71826	0.01817	0.01334	0.01817	0.01144	0.01533	0.00864	0.00499	0.00715	0.00195	0.03553	0.00669	0.00288	0.00767
7	0.01926	0.36786	0.02028	0.00971	0.01405	0.01455	0.00874	0.02135	0.01421	0.35389	0.08776	0.01708	0.01495	0.00654	0.00491	0.00153	0.00522	0.00498	0.00491	0.00823
8	0.47969	0.28354	0.01642	0.00878	0.01279	0.05499	0.00777	0.01770	0.01100	0.05275	0.00863	0.00974	0.00699	0.00527	0.00376	0.00157	0.00533	0.00323	0.00329	0.00676
9	0.01777	0.01514	0.01470	0.01216	0.01597	0.10142	0.00969	0.33865	0.27073	0.02732	0.01866	0.01810	0.05336	0.00733	0.00567	0.00173	0.00585	0.00571	0.00529	0.05475
10	0.38460	0.06833	0.38157	0.01195	0.01797	0.01365	0.01371	0.01747	0.01099	0.02123	0.00909	0.01065	0.00678	0.00535	0.00447	0.00176	0.00650	0.00365	0.00292	0.00737
11	0.05851	0.08544	0.01075	0.00800	0.01086	0.03067	0.00642	0.01563	0.05467	0.18415	0.05096	0.08165	0.35869	0.01093	0.00599	0.00183	0.00406	0.00896	0.00531	0.00653
12	0.01210	0.01321	0.14824	0.01082	0.01466	0.01060	0.01000	0.03029	0.29412	0.05378	0.10679	0.02892	0.13100	0.00901	0.00602	0.00186	0.00486	0.05070	0.00505	0.05797
13	0.01542	0.06040	0.02150	0.01569	0.01970	0.01294	0.26513	0.01981	0.08513	0.16347	0.01556	0.01989	0.01240	0.00712	0.00776	0.00190	0.11010	0.06656	0.00415	0.07537
14	0.01320	0.00831	0.01009	0.00931	0.01174	0.00831	0.00734	0.01896	0.20360	0.17421	0.19129	0.10399	0.10106	0.01110	0.00651	0.00200	0.00402	0.10186	0.00602	0.00709
15	0.01539	0.22341	0.29365	0.01248	0.01802	0.08903	0.01339	0.08006	0.01397	0.08133	0.01178	0.01294	0.00889	0.00573	0.00484	0.00156	0.00691	0.00420	0.09456	0.00786
16	0.01682	0.01582	0.01802	0.02727	0.01766	0.17322	0.09110	0.14224	0.01473	0.08150	0.01189	0.05519	0.01017	0.00816	0.01047	0.00201	0.28709	0.00561	0.00373	0.00730
17	0.01778	0.01668	0.01867	0.08017	0.04208	0.23539	0.15323	0.13953	0.01688	0.10735	0.08529	0.01685	0.01356	0.00653	0.00582	0.00171	0.00765	0.00561	0.02160	0.00761
18	0.00943	0.00621	0.00810	0.00809	0.00957	0.00553	0.00587	0.01116	0.01285	0.08085	0.20628	0.43827	0.03639	0.01391	0.00671	0.00199	0.00346	0.03304	0.00549	0.09680
19	0.05248	0.07733	0.01806	0.01291	0.01671	0.01160	0.16509	0.03071	0.03974	0.28695	0.02136	0.06388	0.09473	0.00802	0.00700	0.00187	0.07200	0.00686	0.00490	0.00781

[dist]
# distance from previous block
# <min> <max>
4	16

[block]
# block no. 2 follows, 41 sequences, length 24
# corresponding to MSA columns:
# 730-753
name=unknown_C
#
# <colnr> <probs for GDERKNQSTAVLIFYWHMCP>
#	G	D	E	R	K	N	Q	S	T	A	V	L	I	F	Y	W	H	M	C	P
0	0.02010	0.01475	0.01598	0.01243	0.01686	0.01600	0.01018	0.55511	0.12239	0.06694	0.01513	0.01486	0.01087	0.00678	0.00561	0.00168	0.00582	0.00521	0.00561	0.07770
1	0.01898	0.01258	0.01427	0.01131	0.01529	0.01298	0.00913	0.41316	0.03674	0.15736	0.01760	0.12663	0.01454	0.00820	0.00578	0.00172	0.00534	0.00667	0.00563	0.10612
2	0.80456	0.01102	0.00877	0.04021	0.01225	0.01283	0.00660	0.01672	0.00981	0.02520	0.00806	0.00954	0.00625	0.00533	0.00363	0.00178	0.00456	0.00318	0.00350	0.00620
3	0.00914	0.00594	0.00779	0.00756	0.00893	0.00544	0.00558	0.01138	0.01492	0.07748	0.51837	0.21393	0.06593	0.01284	0.00680	0.00192	0.00301	0.01140	0.00610	0.00554
4	0.04503	0.01075	0.01706	0.47435	0.18424	0.01247	0.01476	0.01621	0.06542	0.01680	0.01291	0.01955	0.01080	0.00661	0.00582	0.00192	0.00689	0.06828	0.00312	0.00701
5	0.01389	0.01432	0.08315	0.01553	0.07183	0.01416	0.11279	0.05244	0.45135	0.02204	0.01946	0.01939	0.03365	0.00720	0.00650	0.00193	0.04079	0.00624	0.00473	0.00860
6	0.00960	0.00946	0.00798	0.00770	0.00975	0.12477	0.00576	0.02406	0.03790	0.01616	0.07959	0.09257	0.52826	0.01289	0.00650	0.00188	0.00417	0.01065	0.00502	0.00535
7	0.01151	0.06320	0.70744	0.01567	0.02369	0.01340	0.02003	0.01779	0.01221	0.01809	0.03860	0.01311	0.00902	0.00565	0.00541	0.00178	0.00813	0.00441	0.00256	0.00829
8	0.00907	0.00671	0.00818	0.00752	0.00922	0.00638	0.00572	0.07473	0.01655	0.02278	0.57309	0.05700	0.15766	0.01182	0.00667	0.00182	0.00306	0.01027	0.00608	0.00568
9	0.01432	0.01542	0.07202	0.03108	0.61938	0.07388	0.01689	0.01775	0.01322	0.01820	0.01149	0.01606	0.00992	0.00568	0.00571	0.00173	0.00711	0.03855	0.00293	0.00865
10	0.06809	0.01067	0.01203	0.00876	0.01371	0.00874	0.00705	0.07005	0.01286	0.02043	0.01029	0.01183	0.00841	0.00451	0.00430	0.00098	0.00441	0.00350	0.00358	0.71579
11	0.01812	0.01403	0.01393	0.01138	0.01479	0.09051	0.00916	0.45229	0.02106	0.02857	0.01437	0.01578	0.01093	0.01051	0.08612	0.00240	0.00694	0.00514	0.16590	0.00807
12	0.01992	0.08729	0.01723	0.01368	0.01701	0.51655	0.03232	0.13480	0.01712	0.01807	0.01033	0.01171	0.00830	0.00599	0.00509	0.00149	0.00877	0.00407	0.06314	0.00711
13	0.01434	0.01487	0.04762	0.08719	0.63217	0.06847	0.01709	0.01774	0.01311	0.01804	0.01056	0.01389	0.00877	0.00521	0.00562	0.00170	0.00717	0.00496	0.00280	0.00867
14	0.01609	0.62246	0.07448	0.01097	0.01583	0.11710	0.01071	0.04846	0.01287	0.01477	0.00845	0.00969	0.00744	0.00514	0.00406	0.00131	0.00680	0.00330	0.00265	0.00742
15	0.01218	0.01004	0.01167	0.00889	0.01297	0.00871	0.00711	0.08920	0.01373	0.02043	0.07998	0.01824	0.06712	0.00628	0.00554	0.00120	0.04473	0.00496	0.03189	0.54514
16	0.00886	0.00651	0.00792	0.00769	0.00822	0.00699	0.00519	0.03659	0.00980	0.01321	0.02119	0.09046	0.08464	0.46571	0.14191	0.00520	0.06328	0.00854	0.00372	0.00437
17	0.10684	0.01508	0.06013	0.05984	0.04313	0.03684	0.17882	0.29946	0.01815	0.05692	0.01379	0.05087	0.02060	0.00663	0.00578	0.00181	0.00694	0.00583	0.00434	0.00820
18	0.64202	0.01173	0.04623	0.06041	0.01406	0.01229	0.00784	0.01812	0.01079	0.11749	0.01005	0.01110	0.00734	0.00556	0.00405	0.00178	0.00489	0.00362	0.00386	0.00676
19	0.01235	0.20690	0.59971	0.01481	0.02244	0.01543	0.01853	0.01789	0.01197	0.01705	0.00973	0.01141	0.00727	0.00531	0.00503	0.00168	0.00792	0.00396	0.00242	0.00820
20	0.01380	0.01355	0.02309	0.05701	0.63065	0.02650	0.08047	0.01723	0.01307	0.01830	0.01276	0.01596	0.04054	0.00550	0.00580	0.00173	0.00697	0.00551	0.00293	0.00863
21	0.00782	0.00610	0.00755	0.00777	0.03658	0.00549	0.00548	0.01007	0.01483	0.01993	0.46651	0.06532	0.30043	0.01259	0.00672	0.00186	0.00294	0.01091	0.00579	0.00532
22	0.01463	0.01261	0.01250	0.01138	0.01428	0.07969	0.00881	0.02678	0.55049	0.05640	0.02207	0.02434	0.01770	0.06527	0.00758	0.00220	0.00517	0.05448	0.00542	0.00822
23	0.00790	0.00584	0.00737	0.00699	0.00842	0.00531	0.00524	0.01041	0.01572	0.02182	0.65502	0.04457	0.15993	0.01211	0.00675	0.00182	0.00273	0.01060	0.00615	0.00531

[dist]
# distance from previous block
# <min> <max>
0	1

[block]
# block no. 3 follows, 41 sequences, length 12
# corresponding to MSA columns:
# 755-766
name=unknown_D
#
# <colnr> <probs for GDERKNQSTAVLIFYWHMCP>
#	G	D	E	R	K	N	Q	S	T	A	V	L	I	F	Y	W	H	M	C	P
0	0.00727	0.00566	0.00702	0.04205	0.00972	0.00524	0.00569	0.00875	0.01214	0.01549	0.07588	0.40282	0.30346	0.01567	0.00704	0.00215	0.00345	0.06041	0.00523	0.00487
1	0.54783	0.01075	0.00962	0.00786	0.01194	0.01100	0.00640	0.01596	0.01048	0.02319	0.00874	0.01020	0.00700	0.00493	0.00379	0.00144	0.00436	0.00320	0.00349	0.29783
2	0.01389	0.01184	0.01245	0.02687	0.01392	0.07994	0.00806	0.12910	0.01428	0.02061	0.01276	0.05201	0.01089	0.00647	0.00614	0.00138	0.08259	0.00483	0.13768	0.35429
3	0.01141	0.01153	0.09023	0.10348	0.06290	0.01052	0.17339	0.01296	0.01024	0.01413	0.01066	0.03316	0.00947	0.01161	0.01366	0.32259	0.08435	0.00557	0.00266	0.00548
4	0.01580	0.01059	0.01212	0.01016	0.01378	0.01071	0.00803	0.04123	0.35018	0.19582	0.07147	0.02287	0.06677	0.00773	0.00568	0.00171	0.00437	0.00641	0.00573	0.13884
5	0.01153	0.10239	0.62808	0.01484	0.02230	0.01347	0.01860	0.01735	0.01241	0.01810	0.07852	0.01459	0.01152	0.00595	0.00538	0.00175	0.00770	0.00467	0.00277	0.00807
6	0.06471	0.00860	0.01036	0.08600	0.01388	0.00910	0.00776	0.11285	0.08582	0.02043	0.11898	0.26751	0.02654	0.04999	0.00742	0.00216	0.00453	0.05161	0.00497	0.04680
7	0.08858	0.01193	0.01792	0.24909	0.07331	0.01319	0.13713	0.06700	0.15817	0.02028	0.01351	0.01596	0.01028	0.00604	0.00577	0.00182	0.01857	0.00542	0.05219	0.03383
8	0.01332	0.01463	0.04815	0.01722	0.06836	0.10783	0.24833	0.01787	0.08678	0.01852	0.13341	0.03495	0.01714	0.00723	0.00759	0.00185	0.09622	0.00654	0.00375	0.05033
9	0.01713	0.38352	0.09200	0.01408	0.09074	0.06820	0.01191	0.20301	0.01611	0.03910	0.01034	0.01143	0.00828	0.00558	0.00470	0.00148	0.00668	0.00401	0.00346	0.00823
10	0.09588	0.02038	0.35169	0.13568	0.02349	0.01406	0.01567	0.20175	0.01569	0.05634	0.01145	0.01305	0.00814	0.00590	0.00538	0.00180	0.00722	0.00455	0.00359	0.00828
11	0.01202	0.09062	0.06210	0.00977	0.01254	0.12907	0.00828	0.08398	0.01481	0.01809	0.11342	0.12001	0.22687	0.01102	0.00616	0.00184	0.00528	0.06335	0.00462	0.00615

[dist]
# distance from previous block
# <min> <max>
0	7

[block]
# block no. 4 follows, 41 sequences, length 6
# corresponding to MSA columns:
# 774-779
name=unknown_E
#
# <colnr> <probs for GDERKNQSTAVLIFYWHMCP>
#	G	D	E	R	K	N	Q	S	T	A	V	L	I	F	Y	W	H	M	C	P
0	0.01066	0.01140	0.11492	0.01126	0.01426	0.00913	0.08295	0.10998	0.04961	0.01982	0.11089	0.29571	0.11213	0.01182	0.00658	0.00201	0.00499	0.01054	0.00486	0.00647
1	0.01418	0.01142	0.01543	0.01133	0.01619	0.00984	0.10752	0.11293	0.01437	0.07378	0.01260	0.04560	0.01029	0.00543	0.00501	0.00124	0.00525	0.00478	0.00397	0.51885
2	0.22058	0.15441	0.08370	0.01335	0.06967	0.23581	0.01079	0.04080	0.08814	0.01913	0.01034	0.01151	0.00827	0.00570	0.00464	0.00160	0.00701	0.00390	0.00332	0.00732
3	0.00959	0.00875	0.00776	0.00772	0.00893	0.11037	0.00528	0.01103	0.03935	0.01395	0.03222	0.15585	0.26555	0.28210	0.01424	0.00317	0.00494	0.01008	0.00438	0.00474
4	0.01497	0.09773	0.24966	0.01695	0.11900	0.01393	0.08079	0.02213	0.18457	0.12105	0.01491	0.01552	0.01094	0.00604	0.00554	0.00177	0.00671	0.00518	0.00394	0.00867
5	0.01634	0.01327	0.01925	0.07205	0.09542	0.01391	0.12800	0.22139	0.01641	0.08751	0.01217	0.01418	0.00922	0.00628	0.00738	0.00173	0.11081	0.00514	0.00405	0.14549

[dist]
# distance from previous block
# <min> <max>
5	16

[block]
# block no. 5 follows, 41 sequences, length 8
# corresponding to MSA columns:
# 798-805
name=unknown_F
#
# <colnr> <probs for GDERKNQSTAVLIFYWHMCP>
#	G	D	E	R	K	N	Q	S	T	A	V	L	I	F	Y	W	H	M	C	P
0	0.01456	0.02176	0.34988	0.01498	0.02064	0.09208	0.09198	0.17716	0.01543	0.02075	0.01202	0.01588	0.00970	0.10797	0.00866	0.00225	0.00792	0.00517	0.00338	0.00782
1	0.01380	0.01363	0.02446	0.08935	0.59140	0.01367	0.13393	0.01746	0.01298	0.01832	0.01085	0.01444	0.00889	0.00510	0.00584	0.00175	0.00731	0.00536	0.00282	0.00864
2	0.01479	0.13206	0.32994	0.01655	0.02285	0.09411	0.17595	0.11206	0.01466	0.01940	0.01053	0.01244	0.00791	0.00546	0.00549	0.00171	0.00830	0.00468	0.00301	0.00811
3	0.03549	0.05343	0.01402	0.10994	0.01703	0.01174	0.00924	0.19885	0.06250	0.21418	0.11246	0.02351	0.09672	0.00810	0.00581	0.00178	0.00513	0.00660	0.00547	0.00799
4	0.01207	0.00713	0.00904	0.00839	0.01014	0.00679	0.00621	0.07648	0.01487	0.15244	0.27762	0.26563	0.03526	0.08053	0.00859	0.00227	0.00383	0.01071	0.00584	0.00615
5	0.11782	0.01120	0.01958	0.01536	0.01843	0.01162	0.30653	0.01455	0.01229	0.01864	0.12336	0.15644	0.01997	0.00894	0.00813	0.00204	0.11656	0.00824	0.00385	0.00643
6	0.01268	0.27324	0.53624	0.01425	0.02158	0.01623	0.01756	0.01780	0.01193	0.01665	0.00954	0.01116	0.00728	0.00526	0.00488	0.00163	0.00772	0.00386	0.00243	0.00810
7	0.12483	0.01198	0.01369	0.01193	0.05505	0.01243	0.00907	0.18244	0.17792	0.22249	0.03770	0.01700	0.01322	0.00673	0.00537	0.00171	0.00504	0.00532	0.00548	0.08059

[dist]
# distance from previous block
# <min> <max>
0	26

[block]
# block no. 6 follows, 41 sequences, length 13
# corresponding to MSA columns:
# 833-845
name=unknown_G
#
# <colnr> <probs for GDERKNQSTAVLIFYWHMCP>
#	G	D	E	R	K	N	Q	S	T	A	V	L	I	F	Y	W	H	M	C	P
0	0.01599	0.01208	0.01642	0.01339	0.01575	0.01419	0.04997	0.06447	0.10526	0.17149	0.01342	0.01522	0.01041	0.00813	0.01171	0.00205	0.36819	0.00530	0.00416	0.08241
1	0.01177	0.00766	0.00937	0.00854	0.01067	0.00755	0.00653	0.01693	0.16652	0.13178	0.39552	0.10587	0.07618	0.01094	0.00646	0.00188	0.00346	0.00952	0.00617	0.00669
2	0.01156	0.00890	0.01433	0.01143	0.01402	0.00843	0.17745	0.05288	0.01434	0.08348	0.28530	0.03250	0.07585	0.17092	0.01119	0.00260	0.00529	0.00853	0.00490	0.00611
3	0.00968	0.00620	0.00815	0.00747	0.00909	0.00567	0.00567	0.01234	0.01621	0.09020	0.69362	0.04062	0.05037	0.01128	0.00666	0.00180	0.00289	0.00993	0.00637	0.00579
4	0.21635	0.01426	0.01647	0.01693	0.19007	0.01559	0.01131	0.40000	0.01954	0.02950	0.01165	0.01277	0.00872	0.00608	0.00518	0.00173	0.00596	0.00464	0.00452	0.00872
5	0.41193	0.01218	0.01166	0.00938	0.01352	0.01298	0.00768	0.20818	0.03471	0.04597	0.01072	0.01157	0.00810	0.00561	0.00437	0.00157	0.00489	0.00385	0.00423	0.17688
6	0.01422	0.61366	0.04928	0.00909	0.01337	0.01878	0.00897	0.01638	0.01171	0.01522	0.01022	0.01176	0.00884	0.00527	0.00380	0.00127	0.00549	0.00356	0.17215	0.00697
7	0.18219	0.00961	0.01021	0.00981	0.03802	0.01049	0.00728	0.04559	0.24486	0.06083	0.11295	0.09090	0.02049	0.00836	0.00533	0.00181	0.00406	0.00686	0.12322	0.00713
8	0.01112	0.00692	0.00785	0.00718	0.00959	0.00609	0.00553	0.01357	0.05369	0.17032	0.08682	0.07827	0.49620	0.01260	0.00653	0.00191	0.00340	0.01057	0.00576	0.00609
9	0.01549	0.01175	0.01932	0.25977	0.38816	0.01226	0.01517	0.01877	0.01322	0.17081	0.01300	0.01558	0.00967	0.00569	0.00570	0.00178	0.00665	0.00523	0.00361	0.00837
10	0.00707	0.00507	0.00656	0.00771	0.00810	0.00473	0.00511	0.00801	0.01085	0.01436	0.03181	0.69554	0.07409	0.08080	0.00903	0.00256	0.00348	0.01540	0.00516	0.00456
11	0.01192	0.01072	0.01478	0.16908	0.02025	0.00963	0.06818	0.01576	0.05800	0.01812	0.01110	0.01343	0.00887	0.00481	0.00484	0.00122	0.00538	0.00420	0.00333	0.54638
12	0.01654	0.64360	0.02715	0.01080	0.01530	0.17699	0.01005	0.01830	0.01256	0.01357	0.00813	0.00941	0.00735	0.00510	0.00397	0.00127	0.00698	0.00319	0.00255	0.00720

[dist]
# distance from previous block
# <min> <max>
0	1

[block]
# block no. 7 follows, 41 sequences, length 20
# corresponding to MSA columns:
# 847-866
name=unknown_H
#
# <colnr> <probs for GDERKNQSTAVLIFYWHMCP>
#	G	D	E	R	K	N	Q	S	T	A	V	L	I	F	Y	W	H	M	C	P
0	0.11949	0.02493	0.01805	0.01614	0.01954	0.49563	0.01205	0.13763	0.01922	0.02285	0.01377	0.01674	0.01167	0.00889	0.00729	0.00237	0.03433	0.00531	0.00489	0.00921
1	0.02488	0.01213	0.01487	0.01240	0.01631	0.01058	0.00953	0.06003	0.01877	0.52763	0.11174	0.05262	0.07423	0.01112	0.00775	0.00257	0.00594	0.00828	0.00793	0.01070
2	0.01870	0.01454	0.01557	0.01371	0.01753	0.01479	0.01032	0.02948	0.53483	0.08032	0.02448	0.02490	0.01918	0.00981	0.00733	0.00251	0.00596	0.00716	0.00679	0.14208
3	0.04918	0.01050	0.01311	0.01218	0.01419	0.01065	0.04014	0.06885	0.01402	0.02128	0.01922	0.02588	0.01705	0.03057	0.45999	0.00682	0.01232	0.00707	0.15906	0.00790
4	0.02892	0.01268	0.01603	0.01296	0.01751	0.01083	0.01013	0.02985	0.01868	0.72079	0.02595	0.02480	0.01777	0.00978	0.00752	0.00254	0.00630	0.00704	0.00826	0.01168
5	0.02526	0.01855	0.01966	0.01574	0.02044	0.01954	0.01243	0.69818	0.02849	0.03861	0.01771	0.01944	0.01363	0.00958	0.00749	0.00249	0.00763	0.00648	0.00699	0.01167
6	0.02526	0.01855	0.01966	0.01574	0.02044	0.01954	0.01243	0.69818	0.02849	0.03861	0.01771	0.01944	0.01363	0.00958	0.00749	0.00249	0.00763	0.00648	0.00699	0.01167
7	0.01505	0.01308	0.01965	0.73605	0.04064	0.01484	0.01710	0.01748	0.01407	0.01861	0.01438	0.02086	0.01167	0.00851	0.00749	0.00266	0.00887	0.00641	0.00402	0.00853
8	0.00798	0.00540	0.00634	0.00667	0.00675	0.00532	0.00392	0.00823	0.00897	0.01196	0.02138	0.22567	0.02503	0.60497	0.02370	0.00474	0.00499	0.01029	0.00392	0.00376
9	0.02174	0.01602	0.01717	0.01316	0.01774	0.01774	0.01087	0.74423	0.02689	0.03605	0.01373	0.01373	0.00973	0.00687	0.00572	0.00172	0.00629	0.00515	0.00572	0.00973
10	0.01529	0.80242	0.02997	0.00979	0.01468	0.02263	0.00979	0.01713	0.01162	0.01346	0.00795	0.00918	0.00734	0.00489	0.00367	0.00122	0.00612	0.00306	0.00245	0.00734
11	0.02174	0.01602	0.01717	0.01316	0.01774	0.01774	0.01087	0.74423	0.02689	0.03605	0.01373	0.01373	0.00973	0.00687	0.00572	0.00172	0.00629	0.00515	0.00572	0.00973
12	0.83938	0.01106	0.00841	0.00752	0.01106	0.01283	0.00619	0.01681	0.00973	0.02566	0.00796	0.00929	0.00619	0.00531	0.00354	0.00177	0.00442	0.00310	0.00354	0.00619
13	0.00770	0.00583	0.00710	0.00678	0.00830	0.00523	0.00508	0.01002	0.01525	0.02071	0.55134	0.04639	0.26431	0.01252	0.00675	0.00184	0.00276	0.01086	0.00600	0.00523
14	0.01173	0.08140	0.71977	0.01587	0.02408	0.01391	0.02037	0.01805	0.01205	0.01780	0.01011	0.01188	0.00725	0.00540	0.00532	0.00177	0.00830	0.00415	0.00242	0.00838
15	0.02174	0.01602	0.01717	0.01316	0.01774	0.01774	0.01087	0.74423	0.02689	0.03605	0.01373	0.01373	0.00973	0.00687	0.00572	0.00172	0.00629	0.00515	0.00572	0.00973
16	0.01147	0.02959	0.76934	0.01630	0.02476	0.01328	0.02113	0.01811	0.01208	0.01811	0.01026	0.01208	0.00725	0.00543	0.00543	0.00181	0.00845	0.00423	0.00242	0.00845
17	0.01186	0.01017	0.01186	0.00847	0.01356	0.00762	0.00678	0.01440	0.01186	0.01864	0.01017	0.01186	0.00847	0.00424	0.00424	0.00085	0.00424	0.00339	0.00339	0.83395
18	0.02100	0.01530	0.01637	0.01264	0.01700	0.01691	0.01041	0.69522	0.02589	0.03506	0.01406	0.01424	0.01006	0.00685	0.00561	0.00169	0.00605	0.00516	0.06104	0.00943
19	0.02174	0.01602	0.01717	0.01316	0.01774	0.01774	0.01087	0.74423	0.02689	0.03605	0.01373	0.01373	0.00973	0.00687	0.00572	0.00172	0.00629	0.00515	0.00572	0.00973

[dist]
# distance from previous block
# <min> <max>
27	45

[block]
# block no. 8 follows, 41 sequences, length 7
# corresponding to MSA columns:
# 915-921
name=unknown_I
#
# <colnr> <probs for GDERKNQSTAVLIFYWHMCP>
#	G	D	E	R	K	N	Q	S	T	A	V	L	I	F	Y	W	H	M	C	P
0	0.01850	0.01929	0.01725	0.17613	0.14066	0.38690	0.01280	0.04996	0.01517	0.09406	0.01104	0.01303	0.00849	0.00589	0.00544	0.00164	0.00847	0.00447	0.00339	0.00741
1	0.06855	0.00807	0.01035	0.00871	0.01160	0.00711	0.05522	0.01237	0.01309	0.01951	0.21421	0.09583	0.12072	0.00948	0.00578	0.00161	0.00395	0.04549	0.03911	0.24925
2	0.07526	0.01290	0.01863	0.07407	0.34981	0.01364	0.04055	0.08399	0.17741	0.07478	0.01441	0.01585	0.01102	0.00603	0.00560	0.00179	0.00610	0.00537	0.00408	0.00873
3	0.25608	0.01214	0.00982	0.00919	0.01146	0.14410	0.00681	0.01743	0.14444	0.01895	0.01703	0.09012	0.04077	0.16410	0.00975	0.00254	0.00549	0.00640	0.02734	0.00603
4	0.01990	0.01205	0.01394	0.01132	0.01508	0.01257	0.00910	0.32479	0.11936	0.25747	0.02021	0.12452	0.01602	0.00858	0.00596	0.00185	0.00520	0.00705	0.00610	0.00894
5	0.18147	0.00691	0.00773	0.00771	0.00942	0.00685	0.00570	0.01216	0.01248	0.08413	0.18614	0.33821	0.09476	0.01272	0.00622	0.00201	0.00351	0.01098	0.00531	0.00559
6	0.25372	0.12841	0.44745	0.01286	0.01940	0.01441	0.01524	0.01760	0.01133	0.01969	0.00928	0.01087	0.00695	0.00532	0.00464	0.00172	0.00696	0.00374	0.00275	0.00764

[dist]
# distance from previous block
# <min> <max>
0	2

[block]
# block no. 9 follows, 41 sequences, length 13
# corresponding to MSA columns:
# 924-936
name=unknown_J
#
# <colnr> <probs for GDERKNQSTAVLIFYWHMCP>
#	G	D	E	R	K	N	Q	S	T	A	V	L	I	F	Y	W	H	M	C	P
0	0.27966	0.01356	0.01168	0.00993	0.01336	0.10974	0.00794	0.24216	0.03607	0.02515	0.02107	0.02101	0.17086	0.00792	0.00518	0.00176	0.00543	0.00584	0.00459	0.00713
1	0.00970	0.00869	0.01200	0.01144	0.01161	0.01099	0.00886	0.01082	0.00987	0.01419	0.01970	0.40969	0.02289	0.01402	0.01295	0.00241	0.39009	0.01072	0.00393	0.00544
2	0.03467	0.00822	0.00795	0.00757	0.00871	0.07742	0.00558	0.01309	0.01108	0.01745	0.01611	0.02253	0.01434	0.16788	0.07150	0.00292	0.07222	0.00575	0.42985	0.00516
3	0.01317	0.01166	0.01426	0.01137	0.01560	0.01146	0.07084	0.02262	0.37706	0.02122	0.01675	0.01684	0.01292	0.00602	0.00523	0.00148	0.00484	0.00519	0.00454	0.35694
4	0.01147	0.02959	0.76934	0.01630	0.02476	0.01328	0.02113	0.01811	0.01208	0.01811	0.01026	0.01208	0.00725	0.00543	0.00543	0.00181	0.00845	0.00423	0.00242	0.00845
5	0.18492	0.01657	0.01529	0.01225	0.01640	0.12061	0.00996	0.50021	0.02200	0.03096	0.01191	0.01238	0.00870	0.00642	0.00521	0.00169	0.00647	0.00454	0.00491	0.00860
6	0.01592	0.01126	0.01244	0.01089	0.01425	0.01232	0.00855	0.02814	0.54735	0.17165	0.02588	0.02363	0.07565	0.00816	0.00588	0.00191	0.00447	0.00677	0.00603	0.00886
7	0.18497	0.01503	0.01542	0.01203	0.01641	0.01676	0.00994	0.59901	0.02347	0.03398	0.01258	0.01285	0.00902	0.00656	0.00529	0.00173	0.00592	0.00474	0.00529	0.00902
8	0.10026	0.00986	0.01283	0.00993	0.01428	0.00881	0.00820	0.02686	0.01576	0.69928	0.02123	0.01854	0.01343	0.00692	0.00555	0.00177	0.00483	0.00551	0.00676	0.00941
9	0.00758	0.00551	0.00702	0.00729	0.00824	0.00508	0.00515	0.00938	0.01351	0.01849	0.38556	0.31803	0.10943	0.06288	0.00833	0.00223	0.00312	0.01253	0.00567	0.00495
10	0.01956	0.01485	0.01716	0.16729	0.02206	0.01673	0.01187	0.59857	0.02381	0.03177	0.01302	0.01404	0.00931	0.00664	0.00572	0.00175	0.00656	0.00514	0.00509	0.00905
11	0.43157	0.02019	0.38323	0.01185	0.01781	0.01305	0.01355	0.01745	0.01089	0.02194	0.00910	0.01066	0.00671	0.00537	0.00447	0.00179	0.00641	0.00365	0.00299	0.00731
12	0.01097	0.00660	0.00789	0.00712	0.00936	0.00573	0.00550	0.01297	0.01472	0.16796	0.27816	0.04396	0.38310	0.01210	0.00655	0.00186	0.00323	0.01025	0.00598	0.00599

[dist]
# distance from previous block
# <min> <max>
0	1

[block]
# block no. 10 follows, 41 sequences, length 12
# corresponding to MSA columns:
# 938-949
name=unknown_K
#
# <colnr> <probs for GDERKNQSTAVLIFYWHMCP>
#	G	D	E	R	K	N	Q	S	T	A	V	L	I	F	Y	W	H	M	C	P
0	0.01350	0.01543	0.03375	0.02411	0.02989	0.01446	0.74253	0.01832	0.01350	0.01832	0.01157	0.01543	0.00868	0.00482	0.00675	0.00193	0.00964	0.00675	0.00289	0.00771
1	0.02174	0.01602	0.01717	0.01316	0.01774	0.01774	0.01087	0.74423	0.02689	0.03605	0.01373	0.01373	0.00973	0.00687	0.00572	0.00172	0.00629	0.00515	0.00572	0.00973
2	0.02174	0.01602	0.01717	0.01316	0.01774	0.01774	0.01087	0.74423	0.02689	0.03605	0.01373	0.01373	0.00973	0.00687	0.00572	0.00172	0.00629	0.00515	0.00572	0.00973
3	0.00697	0.00498	0.00664	0.00796	0.00830	0.00465	0.00531	0.00796	0.01095	0.01460	0.03153	0.79525	0.03783	0.01792	0.00730	0.00232	0.00332	0.01626	0.00531	0.00465
4	0.01423	0.01229	0.01293	0.01164	0.01487	0.01423	0.00905	0.03039	0.75297	0.02393	0.02328	0.02134	0.01746	0.00776	0.00582	0.00194	0.00453	0.00647	0.00582	0.00905
5	0.02174	0.01602	0.01717	0.01316	0.01774	0.01774	0.01087	0.74423	0.02689	0.03605	0.01373	0.01373	0.00973	0.00687	0.00572	0.00172	0.00629	0.00515	0.00572	0.00973
6	0.00676	0.00579	0.00579	0.00579	0.00773	0.00483	0.00435	0.00821	0.01304	0.01545	0.05794	0.05505	0.76098	0.01449	0.00676	0.00193	0.00290	0.01207	0.00531	0.00483
7	0.02137	0.02726	0.01621	0.01474	0.01768	0.77602	0.01105	0.02284	0.01621	0.01400	0.00884	0.01031	0.00737	0.00589	0.00516	0.00147	0.01031	0.00368	0.00295	0.00663
8	0.02174	0.01602	0.01717	0.01316	0.01774	0.01774	0.01087	0.74423	0.02689	0.03605	0.01373	0.01373	0.00973	0.00687	0.00572	0.00172	0.00629	0.00515	0.00572	0.00973
9	0.00697	0.00498	0.00664	0.00796	0.00830	0.00465	0.00531	0.00796	0.01095	0.01460	0.03153	0.79525	0.03783	0.01792	0.00730	0.00232	0.00332	0.01626	0.00531	0.00465
10	0.01186	0.01017	0.01186	0.00847	0.01356	0.00762	0.00678	0.01440	0.01186	0.01864	0.01017	0.01186	0.00847	0.00424	0.00424	0.00085	0.00424	0.00339	0.00339	0.83395
11	0.02174	0.01602	0.01717	0.01316	0.01774	0.01774	0.01087	0.74423	0.02689	0.03605	0.01373	0.01373	0.00973	0.00687	0.00572	0.00172	0.00629	0.00515	0.00572	0.00973

[dist]
# distance from previous block
# <min> <max>
11	42

[block]
# block no. 11 follows, 41 sequences, length 8
# corresponding to MSA columns:
# 994-1001
name=unknown_L
#
# <colnr> <probs for GDERKNQSTAVLIFYWHMCP>
#	G	D	E	R	K	N	Q	S	T	A	V	L	I	F	Y	W	H	M	C	P
0	0.01356	0.01582	0.14015	0.04738	0.45167	0.06777	0.01567	0.01724	0.01294	0.01841	0.01213	0.01609	0.01007	0.00577	0.00546	0.00169	0.00678	0.02816	0.10512	0.00813
1	0.01915	0.01791	0.13917	0.01638	0.11098	0.01651	0.01335	0.53740	0.02279	0.03101	0.01281	0.01352	0.00924	0.00642	0.00567	0.00173	0.00670	0.00499	0.00483	0.00944
2	0.02169	0.01749	0.01704	0.01337	0.01773	0.11696	0.01090	0.64984	0.02550	0.03316	0.01309	0.01329	0.00942	0.00674	0.00565	0.00168	0.00682	0.00496	0.00536	0.00932
3	0.01070	0.00893	0.01095	0.01218	0.13155	0.00879	0.00787	0.10309	0.08410	0.02041	0.14506	0.03840	0.37364	0.01099	0.00637	0.00185	0.00407	0.00932	0.00515	0.00659
4	0.00904	0.00814	0.00791	0.00788	0.00953	0.07746	0.00578	0.01184	0.07338	0.01734	0.18843	0.21282	0.32254	0.01335	0.00665	0.00195	0.00377	0.01143	0.00533	0.00541
5	0.00719	0.00521	0.00678	0.00765	0.00831	0.00481	0.00526	0.00856	0.01218	0.01637	0.18306	0.58744	0.09321	0.01639	0.00715	0.00219	0.00316	0.01474	0.00551	0.00481
6	0.01218	0.01291	0.02626	0.11665	0.10182	0.01258	0.46054	0.01612	0.01279	0.01730	0.01453	0.14099	0.01329	0.00707	0.00660	0.00197	0.00809	0.00791	0.00323	0.00719
7	0.01305	0.01633	0.11278	0.02112	0.02624	0.01454	0.51325	0.01740	0.01251	0.01758	0.01071	0.01443	0.00832	0.00570	0.00844	0.00196	0.13484	0.00605	0.00280	0.04197

[dist]
# distance from previous block
# <min> <max>
0	2

[block]
# block no. 12 follows, 41 sequences, length 6
# corresponding to MSA columns:
# 1004-1009
name=unknown_M
#
# <colnr> <probs for GDERKNQSTAVLIFYWHMCP>
#	G	D	E	R	K	N	Q	S	T	A	V	L	I	F	Y	W	H	M	C	P
0	0.01320	0.01456	0.02889	0.02138	0.02544	0.01538	0.52384	0.01696	0.01208	0.01696	0.01035	0.01456	0.00833	0.00638	0.01035	0.00210	0.24296	0.00623	0.00278	0.00728
1	0.01777	0.01218	0.01292	0.01035	0.01376	0.01328	0.00840	0.48182	0.02154	0.03076	0.01550	0.01646	0.01150	0.00679	0.00510	0.00158	0.00499	0.00521	0.30192	0.00815
2	0.00973	0.00683	0.00856	0.00799	0.00967	0.00666	0.00603	0.01404	0.11279	0.06091	0.56975	0.09589	0.04588	0.01141	0.00662	0.00186	0.00310	0.01005	0.00620	0.00605
3	0.01330	0.00704	0.00910	0.00790	0.01029	0.00624	0.00616	0.01566	0.01577	0.25098	0.42643	0.03744	0.14913	0.01070	0.00644	0.00181	0.00340	0.00919	0.00639	0.00665
4	0.00873	0.00551	0.00608	0.00608	0.00631	0.00551	0.00356	0.00920	0.00897	0.01289	0.01813	0.03459	0.01971	0.65932	0.02469	0.00480	0.00504	0.00779	0.14928	0.00379
5	0.01858	0.01385	0.01513	0.01190	0.01598	0.01477	0.00963	0.55732	0.02294	0.03108	0.01564	0.11638	0.01327	0.00800	0.00575	0.00169	0.00565	0.00640	0.00538	0.11068

[dist]
# distance from previous block
# <min> <max>
54	135

[block]
# block no. 13 follows, 41 sequences, length 18
# corresponding to MSA columns:
# 1160-1177
name=unknown_N
#
# <colnr> <probs for GDERKNQSTAVLIFYWHMCP>
#	G	D	E	R	K	N	Q	S	T	A	V	L	I	F	Y	W	H	M	C	P
0	0.05738	0.01581	0.01678	0.01291	0.01745	0.01752	0.01067	0.71252	0.02615	0.03560	0.01348	0.01354	0.00957	0.00680	0.00563	0.00172	0.00621	0.00506	0.00563	0.00957
1	0.01337	0.01145	0.01235	0.01049	0.01418	0.01200	0.00822	0.04611	0.48823	0.02237	0.02151	0.02055	0.05861	0.00718	0.00545	0.00164	0.00441	0.00593	0.00513	0.23084
2	0.01529	0.80242	0.02997	0.00979	0.01468	0.02263	0.00979	0.01713	0.01162	0.01346	0.00795	0.00918	0.00734	0.00489	0.00367	0.00122	0.00612	0.00306	0.00245	0.00734
3	0.00818	0.00606	0.00786	0.00861	0.00992	0.00574	0.00699	0.01033	0.01330	0.01733	0.15327	0.16542	0.19320	0.01517	0.00738	0.00230	0.00406	0.35432	0.00545	0.00510
4	0.00803	0.00580	0.00759	0.00724	0.00853	0.00535	0.00539	0.01063	0.01589	0.02246	0.71874	0.08563	0.05305	0.01205	0.00678	0.00183	0.00273	0.01068	0.00624	0.00535
5	0.01445	0.01378	0.02337	0.03519	0.75990	0.01374	0.01763	0.01775	0.01321	0.01895	0.01106	0.01456	0.00934	0.00530	0.00579	0.00175	0.00689	0.00519	0.00294	0.00920
6	0.01345	0.01575	0.06960	0.09989	0.05896	0.01434	0.60191	0.01810	0.01338	0.01823	0.01163	0.01559	0.00880	0.00516	0.00666	0.00197	0.00935	0.00648	0.00294	0.00782
7	0.83570	0.01127	0.00863	0.00773	0.01129	0.01298	0.00633	0.01701	0.00993	0.02590	0.00828	0.00972	0.00649	0.00551	0.00368	0.00182	0.00453	0.00320	0.00364	0.00635
8	0.00764	0.00542	0.00709	0.00828	0.00871	0.00511	0.00567	0.00862	0.01113	0.01483	0.03040	0.65180	0.03597	0.08740	0.00942	0.00269	0.00382	0.08600	0.00523	0.00477
9	0.00841	0.00608	0.00787	0.00741	0.00878	0.00559	0.00553	0.01102	0.01636	0.02318	0.75697	0.04300	0.05404	0.01187	0.00687	0.00185	0.00281	0.01041	0.00638	0.00556
10	0.01177	0.02970	0.76590	0.01647	0.02492	0.01343	0.02120	0.01830	0.01226	0.01838	0.01057	0.01249	0.00754	0.00564	0.00556	0.00187	0.00854	0.00433	0.00252	0.00860
11	0.02134	0.06271	0.01702	0.01469	0.01774	0.73816	0.01110	0.02275	0.01617	0.01426	0.00911	0.01069	0.00766	0.00605	0.00522	0.00152	0.01020	0.00376	0.00303	0.00682
12	0.00874	0.00673	0.00990	0.00974	0.01073	0.00794	0.00760	0.01065	0.00937	0.01360	0.01514	0.02225	0.01416	0.04098	0.72811	0.00882	0.06092	0.00615	0.00313	0.00534
13	0.00864	0.00578	0.00647	0.00646	0.00649	0.00573	0.00361	0.00855	0.00852	0.01139	0.01829	0.03773	0.02102	0.79536	0.02913	0.00558	0.00564	0.00840	0.00357	0.00364
14	0.79807	0.01150	0.00903	0.00799	0.01159	0.01321	0.00654	0.05048	0.01072	0.02637	0.00854	0.00993	0.00665	0.00558	0.00378	0.00182	0.00462	0.00330	0.00374	0.00651
15	0.01969	0.01383	0.01499	0.01185	0.01574	0.01510	0.00966	0.56614	0.02342	0.05672	0.01514	0.01597	0.01115	0.00909	0.04952	0.00214	0.00631	0.00535	0.12923	0.00895
16	0.01310	0.01369	0.02729	0.10419	0.02699	0.01387	0.49994	0.01707	0.01274	0.01794	0.01194	0.01605	0.00931	0.00592	0.00791	0.00199	0.10126	0.00631	0.08517	0.00731
17	0.02198	0.01672	0.01730	0.01342	0.01793	0.05295	0.01099	0.70755	0.02651	0.03521	0.01379	0.01398	0.00990	0.00702	0.00582	0.00176	0.00658	0.00518	0.00568	0.00972

[dist]
# distance from previous block
# <min> <max>
0	2

[block]
# block no. 14 follows, 41 sequences, length 14
# corresponding to MSA columns:
# 1180-1193
name=unknown_O
#
# <colnr> <probs for GDERKNQSTAVLIFYWHMCP>
#	G	D	E	R	K	N	Q	S	T	A	V	L	I	F	Y	W	H	M	C	P
0	0.02019	0.01576	0.01620	0.02991	0.01746	0.06264	0.01050	0.60481	0.05905	0.03238	0.01657	0.01650	0.05684	0.00730	0.00576	0.00173	0.00627	0.00555	0.00546	0.00913
1	0.01491	0.01214	0.01295	0.01155	0.01486	0.01388	0.00902	0.03024	0.70923	0.06806	0.02324	0.02123	0.01726	0.00772	0.00582	0.00193	0.00455	0.00642	0.00589	0.00909
2	0.01487	0.71603	0.11263	0.01052	0.01581	0.02159	0.01106	0.01724	0.01167	0.01398	0.00821	0.00950	0.00733	0.00495	0.00387	0.00129	0.00638	0.00319	0.00244	0.00746
3	0.00863	0.00777	0.00743	0.00714	0.00904	0.06237	0.00535	0.01122	0.05785	0.01751	0.21710	0.04641	0.47612	0.03213	0.00713	0.00196	0.00356	0.01062	0.00535	0.00531
4	0.02119	0.01575	0.01685	0.01305	0.01753	0.01748	0.01074	0.69163	0.08040	0.03516	0.01444	0.01429	0.01030	0.00693	0.00573	0.00173	0.00616	0.00525	0.00573	0.00968
5	0.06689	0.55416	0.13616	0.01115	0.01627	0.10309	0.01137	0.01788	0.01207	0.01497	0.00839	0.00974	0.00726	0.00511	0.00408	0.00137	0.00682	0.00330	0.00257	0.00736
6	0.01233	0.00957	0.01029	0.00939	0.01220	0.01014	0.00732	0.02166	0.40441	0.08166	0.03586	0.03461	0.28411	0.01036	0.00622	0.00194	0.00399	0.03073	0.00572	0.00748
7	0.01285	0.00774	0.00834	0.00746	0.00940	0.00820	0.00578	0.17457	0.01481	0.02327	0.01692	0.01991	0.01347	0.02787	0.06092	0.03946	0.00454	0.00540	0.53297	0.00612
8	0.01931	0.01121	0.01289	0.01000	0.01427	0.05680	0.00807	0.07355	0.04315	0.36377	0.07179	0.01802	0.01479	0.00651	0.00534	0.00148	0.00495	0.00524	0.00553	0.25331
9	0.01042	0.00653	0.00812	0.00765	0.00953	0.00593	0.00584	0.01295	0.03669	0.12809	0.34127	0.12708	0.22085	0.01248	0.00669	0.00193	0.00330	0.04275	0.00599	0.00590
10	0.01781	0.20859	0.13081	0.02842	0.01824	0.04672	0.01208	0.36013	0.07985	0.02566	0.01235	0.01291	0.00928	0.00619	0.00517	0.00162	0.00660	0.00456	0.00428	0.00872
11	0.01122	0.04579	0.01183	0.00994	0.01211	0.04398	0.02944	0.03536	0.12048	0.01715	0.01561	0.01956	0.01332	0.02379	0.37200	0.00518	0.02734	0.00559	0.11502	0.06530
12	0.05117	0.06494	0.01699	0.01263	0.01652	0.08230	0.01043	0.48751	0.02198	0.05795	0.04718	0.01445	0.01128	0.00709	0.00658	0.00174	0.07050	0.00507	0.00501	0.00869
13	0.02109	0.03708	0.01658	0.01471	0.05160	0.46757	0.01100	0.11957	0.01701	0.12824	0.01152	0.01240	0.00877	0.00638	0.00609	0.00161	0.05297	0.00431	0.00389	0.00761

[dist]
# distance from previous block
# <min> <max>
16	47

[block]
# block no. 15 follows, 41 sequences, length 9
# corresponding to MSA columns:
# 1241-1249
name=unknown_P
#
# <colnr> <probs for GDERKNQSTAVLIFYWHMCP>
#	G	D	E	R	K	N	Q	S	T	A	V	L	I	F	Y	W	H	M	C	P
0	0.05679	0.01125	0.01239	0.00998	0.01352	0.01150	0.00796	0.29143	0.05480	0.02519	0.08311	0.02129	0.07432	0.05213	0.06799	0.00236	0.00575	0.00598	0.00479	0.18746
1	0.01755	0.05548	0.01225	0.00931	0.01249	0.00893	0.00750	0.09492	0.01639	0.35277	0.19493	0.11039	0.06328	0.00957	0.00608	0.00181	0.00432	0.00807	0.00620	0.00778
2	0.00828	0.00595	0.00779	0.00808	0.00893	0.00592	0.00566	0.00995	0.04346	0.01467	0.06990	0.35446	0.02721	0.12492	0.16338	0.07014	0.00619	0.01078	0.00438	0.04994
3	0.08883	0.34831	0.08577	0.09458	0.01662	0.01518	0.01015	0.01597	0.01233	0.05663	0.13609	0.01714	0.01590	0.00876	0.05410	0.00204	0.00628	0.00495	0.00349	0.00688
4	0.35653	0.01663	0.09180	0.01083	0.01476	0.18121	0.00946	0.09822	0.01429	0.07686	0.06996	0.01370	0.01133	0.00626	0.00475	0.00171	0.00625	0.00434	0.00400	0.00711
5	0.20106	0.09797	0.01487	0.02835	0.05347	0.01312	0.00902	0.08091	0.15096	0.27006	0.01628	0.01561	0.01150	0.00643	0.00504	0.00174	0.00512	0.00491	0.00513	0.00845
6	0.07206	0.09504	0.01155	0.00864	0.01123	0.00976	0.00688	0.01722	0.15727	0.10898	0.25439	0.09766	0.10697	0.01002	0.00593	0.00182	0.00388	0.00843	0.00548	0.00676
7	0.06011	0.07405	0.02953	0.05437	0.01702	0.25879	0.01018	0.07211	0.09571	0.11754	0.01344	0.01418	0.02248	0.00647	0.00601	0.00163	0.05702	0.00458	0.00402	0.08077
8	0.01779	0.22977	0.08379	0.01015	0.01444	0.01251	0.00940	0.02108	0.05168	0.32080	0.15093	0.02027	0.01903	0.00720	0.00533	0.00164	0.00512	0.00574	0.00518	0.00814

[dist]
# distance from previous block
# <min> <max>
7	10

[block]
# block no. 16 follows, 41 sequences, length 22
# corresponding to MSA columns:
# 1260-1281
name=unknown_Q
#
# <colnr> <probs for GDERKNQSTAVLIFYWHMCP>
#	G	D	E	R	K	N	Q	S	T	A	V	L	I	F	Y	W	H	M	C	P
0	0.14637	0.02352	0.40110	0.01542	0.02174	0.11238	0.10593	0.07445	0.01355	0.02020	0.01014	0.01194	0.00746	0.00551	0.00528	0.00177	0.00803	0.00436	0.00298	0.00786
1	0.12337	0.10644	0.55909	0.01478	0.02209	0.01424	0.04871	0.01785	0.01177	0.01866	0.00977	0.01154	0.00718	0.00534	0.00505	0.00175	0.00772	0.00406	0.00259	0.00800
2	0.08474	0.01107	0.01601	0.36663	0.14192	0.01240	0.01302	0.01871	0.12658	0.07588	0.01305	0.01559	0.00981	0.00590	0.00543	0.00178	0.00629	0.00506	0.00359	0.06654
3	0.07657	0.01058	0.01166	0.06568	0.01430	0.05092	0.00847	0.13772	0.11160	0.03825	0.02002	0.28138	0.02009	0.02918	0.00767	0.00210	0.07105	0.00895	0.02715	0.00667
4	0.03344	0.00805	0.07161	0.02468	0.01082	0.00640	0.00695	0.01108	0.04314	0.04544	0.05337	0.43262	0.20206	0.01441	0.00673	0.00211	0.00387	0.01265	0.00507	0.00550
5	0.01237	0.01114	0.01678	0.09939	0.27939	0.02339	0.05929	0.05439	0.10807	0.01827	0.01713	0.16657	0.01656	0.08175	0.00824	0.00224	0.00602	0.00779	0.00388	0.00733
6	0.01667	0.01214	0.01339	0.01102	0.01408	0.01334	0.00863	0.41660	0.09503	0.04404	0.01646	0.04368	0.01411	0.16966	0.08202	0.00322	0.00668	0.00636	0.00505	0.00782
7	0.06672	0.17914	0.57501	0.01445	0.02189	0.01508	0.01794	0.01784	0.01183	0.01770	0.00966	0.01133	0.00719	0.00532	0.00497	0.00169	0.00773	0.00392	0.00250	0.00809
8	0.01322	0.01368	0.02298	0.25867	0.22808	0.05780	0.20305	0.01701	0.02421	0.01670	0.01057	0.01456	0.00841	0.00576	0.00715	0.00189	0.08053	0.00545	0.00278	0.00748
9	0.00723	0.00552	0.00671	0.00745	0.00855	0.00500	0.00545	0.00869	0.01227	0.01567	0.07944	0.39293	0.30261	0.01607	0.00715	0.00219	0.00338	0.10349	0.00536	0.00483
10	0.20187	0.03557	0.01477	0.01235	0.02672	0.20288	0.00974	0.22943	0.10034	0.05352	0.01215	0.01282	0.00922	0.00648	0.00575	0.00173	0.04802	0.00445	0.00433	0.00785
11	0.04902	0.01262	0.01378	0.09019	0.01711	0.04283	0.00955	0.35138	0.06800	0.07935	0.02158	0.09240	0.10989	0.00874	0.00590	0.00183	0.00558	0.00706	0.00522	0.00797
12	0.16305	0.30646	0.27769	0.01185	0.01760	0.04809	0.01298	0.01842	0.01197	0.07110	0.00983	0.01097	0.00759	0.00535	0.00446	0.00157	0.00670	0.00368	0.00298	0.00766
13	0.00935	0.00805	0.01279	0.04158	0.01365	0.00942	0.07635	0.01143	0.00977	0.01396	0.01524	0.09933	0.01500	0.04964	0.45478	0.00636	0.13758	0.00706	0.00318	0.00549
14	0.00748	0.00544	0.00700	0.00783	0.00849	0.00497	0.00523	0.00850	0.01075	0.01455	0.02850	0.65746	0.03383	0.09672	0.00929	0.00254	0.00362	0.01446	0.00497	0.06837
15	0.01239	0.01372	0.09610	0.37978	0.08153	0.01428	0.08301	0.06158	0.01225	0.01679	0.01004	0.01422	0.00789	0.00650	0.00840	0.00199	0.16452	0.00514	0.00278	0.00708
16	0.01567	0.42939	0.24424	0.01224	0.01794	0.09571	0.01313	0.01891	0.01263	0.07847	0.00995	0.01101	0.00789	0.00534	0.00452	0.00147	0.00713	0.00369	0.00288	0.00780
17	0.40361	0.01152	0.01115	0.00956	0.01323	0.01281	0.00772	0.07081	0.23022	0.15291	0.01534	0.01487	0.01110	0.00644	0.00473	0.00182	0.00465	0.00468	0.00496	0.00787
18	0.01116	0.00816	0.01118	0.01321	0.16109	0.00777	0.00837	0.01393	0.04225	0.10382	0.10738	0.03784	0.30229	0.01394	0.07792	0.00258	0.00528	0.06039	0.00492	0.00652
19	0.07613	0.12095	0.01579	0.01206	0.01530	0.37420	0.00949	0.03707	0.17210	0.01748	0.01640	0.01667	0.07945	0.00694	0.00515	0.00161	0.00734	0.00496	0.00381	0.00711
