[name]
unknown

[dist]
# distance from previous block
# <min> <max>
0	155

[block]
# block no. 0 follows, 41 sequences, length 31
# corresponding to MSA columns:
# 162-192
name=unknown_A
#
# <colnr> <probs for GDERKNQSTAVLIFYWHMCP>
#	G	D	E	R	K	N	Q	S	T	A	V	L	I	F	Y	W	H	M	C	P
0	0.00913	0.00652	0.00912	0.01044	0.01171	0.00651	0.00907	0.01170	0.01308	0.01702	0.03033	0.09260	0.03311	0.01588	0.00788	0.00262	0.00519	0.69758	0.00527	0.00524
1	0.00817	0.00613	0.00919	0.00919	0.01021	0.00715	0.00715	0.01021	0.00919	0.01328	0.01532	0.02247	0.01430	0.04290	0.77631	0.00919	0.01532	0.00613	0.00306	0.00511
2	0.01080	0.01017	0.01716	0.78523	0.03940	0.01271	0.01589	0.01461	0.01144	0.01461	0.01017	0.01525	0.00762	0.00572	0.00572	0.00191	0.00762	0.00508	0.00254	0.00635
3	0.01080	0.01017	0.01716	0.78523	0.03940	0.01271	0.01589	0.01461	0.01144	0.01461	0.01017	0.01525	0.00762	0.00572	0.00572	0.00191	0.00762	0.00508	0.00254	0.00635
4	0.00682	0.00577	0.00590	0.00593	0.00778	0.00485	0.00443	0.00831	0.01309	0.01574	0.08694	0.08190	0.70406	0.01449	0.00678	0.00194	0.00290	0.01215	0.00535	0.00485
5	0.01275	0.01322	0.02144	0.01721	0.01861	0.01678	0.18871	0.01487	0.00990	0.01487	0.00849	0.01322	0.00779	0.00876	0.01587	0.00236	0.60052	0.00543	0.00260	0.00661
6	0.01214	0.02866	0.73391	0.01602	0.02428	0.01306	0.02054	0.01857	0.01228	0.05322	0.01084	0.01242	0.00757	0.00551	0.00545	0.00181	0.00829	0.00430	0.00263	0.00851
7	0.07821	0.00982	0.01296	0.01001	0.01437	0.00869	0.00826	0.02716	0.01594	0.71937	0.02162	0.01881	0.01364	0.00697	0.00561	0.00177	0.00484	0.00558	0.00685	0.00951
8	0.00711	0.00543	0.00654	0.00705	0.00814	0.00486	0.00499	0.00860	0.01270	0.01652	0.18268	0.38863	0.29509	0.01550	0.00700	0.00208	0.00305	0.01364	0.00550	0.00486
9	0.01024	0.00711	0.00941	0.01057	0.09408	0.00664	0.00705	0.01197	0.02519	0.08585	0.08264	0.06691	0.32795	0.01502	0.05484	0.09930	0.00474	0.07005	0.00480	0.00564
10	0.01120	0.01163	0.02380	0.01825	0.02206	0.01092	0.46809	0.01470	0.01268	0.01709	0.01893	0.26193	0.01924	0.00957	0.00699	0.00209	0.00740	0.05299	0.00379	0.00661
11	0.02228	0.01939	0.01736	0.01403	0.01821	0.21500	0.01120	0.54861	0.02441	0.03078	0.01317	0.01387	0.00982	0.00710	0.00589	0.00179	0.00758	0.00501	0.00523	0.00927
12	0.01466	0.01098	0.01291	0.00955	0.01444	0.00886	0.00761	0.05204	0.01350	0.10432	0.01243	0.01387	0.00987	0.00533	0.00513	0.00118	0.02142	0.00403	0.00415	0.67371
13	0.01206	0.01011	0.01178	0.00893	0.01350	0.00773	0.00694	0.01419	0.01223	0.01885	0.01333	0.10108	0.01249	0.00629	0.00492	0.00116	0.00440	0.00510	0.00386	0.73104
14	0.00817	0.00663	0.00699	0.00717	0.00896	0.00564	0.00529	0.00930	0.01350	0.01654	0.05358	0.13974	0.62297	0.01556	0.00736	0.00223	0.00352	0.05573	0.00566	0.00546
15	0.05611	0.26246	0.01988	0.01189	0.01548	0.08417	0.01003	0.22485	0.01727	0.02305	0.09593	0.01680	0.01463	0.00767	0.00672	0.00182	0.08179	0.00521	0.03615	0.00808
16	0.05442	0.39563	0.16709	0.01221	0.01707	0.08405	0.01207	0.05172	0.01314	0.01713	0.01089	0.01342	0.00940	0.01089	0.10455	0.00266	0.00842	0.00424	0.00318	0.00784
17	0.00951	0.00649	0.00744	0.00739	0.00762	0.00643	0.00442	0.00942	0.00919	0.01249	0.01874	0.03696	0.02097	0.70407	0.10931	0.00608	0.00697	0.00839	0.00381	0.00429
18	0.01599	0.69948	0.02838	0.01041	0.01535	0.02135	0.00989	0.01756	0.01237	0.01516	0.00940	0.01113	0.00858	0.00560	0.00426	0.00140	0.00628	0.00350	0.00296	0.10096
19	0.01052	0.00705	0.00885	0.00815	0.00978	0.00633	0.00596	0.01207	0.01509	0.05638	0.51764	0.03825	0.07448	0.04920	0.00981	0.09575	0.00372	0.00935	0.00589	0.05570
20	0.00953	0.00643	0.00712	0.00707	0.00719	0.00626	0.00403	0.00922	0.00910	0.01225	0.01903	0.03856	0.02166	0.78516	0.02917	0.00569	0.00593	0.00862	0.00385	0.00411
21	0.01569	0.01587	0.02450	0.07978	0.49649	0.09464	0.14407	0.01879	0.01403	0.01889	0.01181	0.01560	0.00981	0.00595	0.00629	0.00194	0.00808	0.00560	0.00324	0.00894
22	0.01397	0.06622	0.63545	0.01628	0.02409	0.01482	0.01966	0.10052	0.01443	0.02094	0.01170	0.01372	0.00865	0.00634	0.00587	0.00198	0.00842	0.00465	0.00320	0.00910
23	0.27772	0.01382	0.04911	0.01391	0.09928	0.01392	0.01023	0.26033	0.01717	0.06248	0.01516	0.11233	0.01323	0.00825	0.00570	0.00203	0.00579	0.00624	0.00491	0.00837
24	0.01526	0.01433	0.02379	0.03541	0.75033	0.01416	0.01786	0.01829	0.01372	0.01971	0.01190	0.01572	0.01014	0.00587	0.00615	0.00191	0.00715	0.00546	0.00323	0.00961
25	0.01479	0.14822	0.22835	0.01422	0.01941	0.01489	0.09513	0.02222	0.22944	0.05554	0.04479	0.01825	0.01400	0.00710	0.00589	0.00195	0.00671	0.00571	0.04467	0.00871
26	0.01429	0.01732	0.10750	0.05909	0.03033	0.01482	0.62313	0.01885	0.01395	0.01916	0.01250	0.01662	0.00958	0.00571	0.00704	0.00212	0.00973	0.00675	0.00323	0.00830
27	0.05055	0.01999	0.01574	0.01364	0.01700	0.35257	0.01047	0.26925	0.01969	0.05806	0.01486	0.10185	0.01299	0.00838	0.00606	0.00189	0.00798	0.00607	0.00478	0.00819
28	0.00951	0.00649	0.00744	0.00739	0.00762	0.00643	0.00442	0.00942	0.00919	0.01249	0.01874	0.03695	0.02096	0.70394	0.10944	0.00608	0.00698	0.00839	0.00381	0.00429
29	0.00970	0.00671	0.00769	0.00766	0.00805	0.00670	0.00474	0.01030	0.03625	0.01332	0.01960	0.07301	0.02154	0.62016	0.10907	0.00572	0.00680	0.00865	0.01974	0.00459
30	0.02912	0.09964	0.53774	0.01586	0.02283	0.01413	0.06501	0.01784	0.01247	0.01832	0.01181	0.01473	0.00924	0.01033	0.09257	0.00280	0.00933	0.00485	0.00295	0.00844

[dist]
# distance from previous block
# <min> <max>
0	4

[block]
# block no. 1 follows, 41 sequences, length 15
# corresponding to MSA columns:
# 197-211
name=unknown_B
#
# <colnr> <probs for GDERKNQSTAVLIFYWHMCP>
#	G	D	E	R	K	N	Q	S	T	A	V	L	I	F	Y	W	H	M	C	P
0	0.02072	0.01551	0.01659	0.01295	0.01735	0.01726	0.01063	0.64740	0.12538	0.03440	0.01503	0.01476	0.01078	0.00699	0.00574	0.00175	0.00605	0.00533	0.00574	0.00964
1	0.01391	0.01488	0.02968	0.04340	0.02755	0.01454	0.58808	0.05402	0.11438	0.01981	0.01322	0.01615	0.00989	0.00534	0.00655	0.00192	0.00873	0.00659	0.00341	0.00795
2	0.05357	0.08839	0.39006	0.03657	0.02210	0.01299	0.15165	0.01645	0.01201	0.01757	0.01307	0.11863	0.01165	0.00694	0.00567	0.00183	0.00747	0.00618	0.00298	0.02421
3	0.02117	0.01309	0.01623	0.01474	0.11746	0.01319	0.01060	0.34341	0.02020	0.27652	0.01597	0.01555	0.01101	0.00647	0.00560	0.00166	0.00571	0.00519	0.00558	0.08066
4	0.05247	0.00612	0.00650	0.00647	0.00831	0.00547	0.00495	0.00936	0.01340	0.01747	0.18317	0.06711	0.53068	0.01362	0.00666	0.00195	0.00309	0.05278	0.00540	0.00503
5	0.00842	0.04727	0.00865	0.00821	0.03160	0.02938	0.00632	0.01024	0.01315	0.01592	0.06035	0.05205	0.50147	0.01370	0.00678	0.00203	0.00392	0.17026	0.00503	0.00524
6	0.01940	0.00952	0.01214	0.01000	0.01350	0.00922	0.00808	0.06889	0.10985	0.43501	0.02402	0.02298	0.08019	0.01372	0.13310	0.00303	0.00647	0.00642	0.00601	0.00845
7	0.00697	0.00498	0.00664	0.00796	0.00830	0.00465	0.00531	0.00796	0.01095	0.01460	0.03153	0.79525	0.03783	0.01792	0.00730	0.00232	0.00332	0.01626	0.00531	0.00465
8	0.03680	0.00611	0.00609	0.00584	0.00742	0.00626	0.00445	0.05469	0.01277	0.02229	0.01805	0.02053	0.01412	0.00663	0.00408	0.00137	0.00292	0.00525	0.75870	0.00561
9	0.01552	0.01474	0.01343	0.01202	0.01522	0.14157	0.00930	0.06452	0.56501	0.02256	0.02168	0.02037	0.04330	0.00766	0.00574	0.00185	0.00552	0.00614	0.00532	0.00852
10	0.01005	0.00914	0.01269	0.01151	0.01215	0.01178	0.00931	0.01160	0.00955	0.01384	0.01774	0.04179	0.11290	0.02253	0.28656	0.00480	0.38665	0.00665	0.00316	0.00561
11	0.00708	0.00505	0.00668	0.00786	0.00824	0.00472	0.00525	0.00814	0.01117	0.01497	0.07344	0.72678	0.03821	0.04305	0.00798	0.00240	0.00336	0.01566	0.00531	0.00465
12	0.04329	0.01473	0.12369	0.04718	0.02397	0.01215	0.43230	0.01659	0.01268	0.01854	0.01378	0.07836	0.01152	0.00626	0.00609	0.00186	0.00776	0.00679	0.11533	0.00713
13	0.12412	0.05033	0.30060	0.01640	0.03484	0.05588	0.18381	0.11687	0.01441	0.03472	0.01080	0.01267	0.00794	0.00550	0.00546	0.00178	0.00782	0.00476	0.00325	0.00805
14	0.00720	0.00534	0.00664	0.00749	0.00828	0.00490	0.00522	0.00845	0.01175	0.01531	0.08604	0.49856	0.19705	0.05913	0.00836	0.00239	0.00341	0.05450	0.00527	0.00471

[dist]
# distance from previous block
# <min> <max>
0	1

[block]
# block no. 2 follows, 41 sequences, length 12
# corresponding to MSA columns:
# 213-224
name=unknown_C
#
# <colnr> <probs for GDERKNQSTAVLIFYWHMCP>
#	G	D	E	R	K	N	Q	S	T	A	V	L	I	F	Y	W	H	M	C	P
0	0.01406	0.01337	0.01822	0.14074	0.32609	0.08161	0.03644	0.05620	0.10976	0.01836	0.01337	0.01810	0.01144	0.10745	0.00874	0.00227	0.00689	0.00566	0.00347	0.00776
1	0.01645	0.01519	0.01352	0.01235	0.04475	0.21846	0.00916	0.07204	0.21023	0.08636	0.11319	0.02112	0.05457	0.00764	0.00570	0.00168	0.00605	0.00605	0.00489	0.08060
2	0.00760	0.00605	0.00686	0.00701	0.00874	0.00534	0.00549	0.00945	0.01372	0.01726	0.18201	0.05460	0.49703	0.01428	0.00702	0.00206	0.00334	0.14150	0.00553	0.00509
3	0.01381	0.14052	0.44790	0.03278	0.06979	0.01445	0.06677	0.01929	0.04203	0.08256	0.01176	0.01327	0.00862	0.00562	0.00538	0.00175	0.00763	0.00456	0.00307	0.00843
4	0.13529	0.27296	0.06379	0.01324	0.06762	0.14792	0.03180	0.02008	0.04277	0.11317	0.01116	0.01219	0.00875	0.00582	0.00513	0.00160	0.03148	0.00408	0.00351	0.00766
5	0.11389	0.00599	0.00717	0.00820	0.00903	0.00593	0.00578	0.00950	0.01105	0.01634	0.02850	0.63712	0.03347	0.01621	0.00692	0.00230	0.00366	0.06885	0.00512	0.00497
6	0.07313	0.27616	0.03736	0.05178	0.11265	0.05436	0.01127	0.18986	0.07236	0.02161	0.01128	0.01254	0.00901	0.00580	0.00486	0.00156	0.00631	0.00429	0.00371	0.04009
7	0.01360	0.02600	0.58838	0.01726	0.08159	0.01379	0.01915	0.11146	0.01427	0.04485	0.01128	0.01288	0.00806	0.00574	0.00556	0.00181	0.00797	0.00451	0.00307	0.00877
8	0.01702	0.08638	0.06695	0.01535	0.10470	0.41512	0.01132	0.01923	0.01438	0.01549	0.01302	0.01441	0.06541	0.00613	0.00512	0.00146	0.00808	0.00444	0.00309	0.11290
9	0.01362	0.01501	0.03031	0.02505	0.15213	0.03469	0.56498	0.01800	0.01348	0.01821	0.01227	0.01746	0.00988	0.00543	0.00658	0.00191	0.00897	0.04124	0.00300	0.00779
10	0.00742	0.00568	0.00743	0.00897	0.04460	0.00525	0.00596	0.00875	0.01165	0.01516	0.03616	0.54722	0.19246	0.01642	0.00715	0.00223	0.00353	0.06385	0.00519	0.00494
11	0.01349	0.01273	0.02185	0.09731	0.44839	0.01292	0.12279	0.06658	0.01356	0.01883	0.01289	0.07383	0.01157	0.03978	0.00695	0.00196	0.00695	0.00632	0.00323	0.00809

[dist]
# distance from previous block
# <min> <max>
0	1

[block]
# block no. 3 follows, 41 sequences, length 55
# corresponding to MSA columns:
# 226-280
name=unknown_D
#
# <colnr> <probs for GDERKNQSTAVLIFYWHMCP>
#	G	D	E	R	K	N	Q	S	T	A	V	L	I	F	Y	W	H	M	C	P
0	0.01450	0.02657	0.55704	0.01699	0.02352	0.04536	0.01900	0.01879	0.01354	0.01973	0.01434	0.06465	0.01223	0.00995	0.03534	0.00269	0.08681	0.00605	0.00368	0.00922
1	0.01127	0.00778	0.00871	0.00883	0.00924	0.00731	0.00547	0.01077	0.01092	0.01483	0.02301	0.13623	0.02585	0.61868	0.02523	0.00532	0.00621	0.05417	0.00479	0.00536
2	0.01360	0.03615	0.01114	0.00985	0.01121	0.05641	0.00654	0.07220	0.01287	0.01711	0.02012	0.10549	0.02166	0.50228	0.02146	0.00461	0.00659	0.00882	0.00474	0.05716
3	0.01620	0.01492	0.03677	0.10215	0.59047	0.01452	0.01728	0.01851	0.01425	0.02033	0.01398	0.01956	0.01233	0.05607	0.00857	0.00251	0.02177	0.00620	0.00384	0.00979
4	0.01021	0.00737	0.00886	0.00974	0.01050	0.00660	0.00652	0.01049	0.01319	0.01786	0.08518	0.63412	0.08417	0.05050	0.00927	0.00290	0.00441	0.01567	0.00620	0.00625
5	0.01062	0.00782	0.00928	0.01016	0.01111	0.00718	0.00696	0.01182	0.05872	0.01811	0.03490	0.62955	0.09255	0.01832	0.00835	0.00279	0.00451	0.04449	0.00624	0.00654
6	0.01632	0.01721	0.03471	0.02539	0.03120	0.01586	0.70960	0.02014	0.01523	0.02092	0.01443	0.01931	0.01144	0.00680	0.00793	0.00245	0.01041	0.00760	0.00390	0.00916
7	0.00728	0.00581	0.00651	0.00634	0.00804	0.00505	0.00475	0.00921	0.01426	0.01836	0.33054	0.05027	0.48657	0.01340	0.00675	0.00188	0.00282	0.01140	0.00569	0.00505
8	0.02129	0.01558	0.01668	0.01284	0.01728	0.01723	0.01059	0.71421	0.02628	0.03544	0.01394	0.01404	0.00993	0.00686	0.00565	0.00170	0.00615	0.00516	0.03961	0.00955
9	0.00697	0.00498	0.00664	0.00796	0.00830	0.00465	0.00531	0.00796	0.01095	0.01460	0.03153	0.79525	0.03783	0.01792	0.00730	0.00232	0.00332	0.01626	0.00531	0.00465
10	0.00994	0.00497	0.00745	0.00745	0.00745	0.00497	0.00497	0.00745	0.00745	0.00994	0.00994	0.01739	0.00994	0.01987	0.02235	0.83358	0.00497	0.00497	0.00248	0.00248
11	0.83938	0.01106	0.00841	0.00752	0.01106	0.01283	0.00619	0.01681	0.00973	0.02566	0.00796	0.00929	0.00619	0.00531	0.00354	0.00177	0.00442	0.00310	0.00354	0.00619
12	0.02137	0.02726	0.01621	0.01474	0.01768	0.77602	0.01105	0.02284	0.01621	0.01400	0.00884	0.01031	0.00737	0.00589	0.00516	0.00147	0.01031	0.00368	0.00295	0.00663
13	0.01388	0.01331	0.02272	0.09617	0.70438	0.01352	0.01742	0.01731	0.01289	0.01836	0.01071	0.01425	0.00894	0.00515	0.00567	0.00172	0.00686	0.00510	0.00281	0.00884
14	0.01066	0.00533	0.00533	0.00533	0.00666	0.00533	0.00400	0.01333	0.01200	0.02132	0.01866	0.02132	0.01466	0.00666	0.00400	0.00133	0.00267	0.00533	0.83073	0.00533
15	0.01529	0.80242	0.02997	0.00979	0.01468	0.02263	0.00979	0.01713	0.01162	0.01346	0.00795	0.00918	0.00734	0.00489	0.00367	0.00122	0.00612	0.00306	0.00245	0.00734
16	0.00697	0.00498	0.00664	0.00796	0.00830	0.00465	0.00531	0.00796	0.01095	0.01460	0.03153	0.79525	0.03783	0.01792	0.00730	0.00232	0.00332	0.01626	0.00531	0.00465
17	0.02174	0.01602	0.01717	0.01316	0.01774	0.01774	0.01087	0.74423	0.02689	0.03605	0.01373	0.01373	0.00973	0.00687	0.00572	0.00172	0.00629	0.00515	0.00572	0.00973
18	0.00708	0.00543	0.00656	0.02548	0.00869	0.00496	0.00509	0.00823	0.01153	0.01467	0.03954	0.46096	0.29417	0.06950	0.00855	0.00239	0.00342	0.01396	0.00512	0.00467
19	0.02174	0.01602	0.01717	0.01316	0.01774	0.01774	0.01087	0.74423	0.02689	0.03605	0.01373	0.01373	0.00973	0.00687	0.00572	0.00172	0.00629	0.00515	0.00572	0.00973
20	0.51654	0.01101	0.01063	0.00880	0.01270	0.01178	0.00726	0.07498	0.01316	0.26473	0.01309	0.01290	0.00902	0.00600	0.00441	0.00177	0.00471	0.00410	0.00484	0.00760
21	0.83938	0.01106	0.00841	0.00752	0.01106	0.01283	0.00619	0.01681	0.00973	0.02566	0.00796	0.00929	0.00619	0.00531	0.00354	0.00177	0.00442	0.00310	0.00354	0.00619
22	0.01246	0.03684	0.44228	0.10327	0.05080	0.03097	0.14534	0.01776	0.01248	0.04379	0.01173	0.04542	0.00910	0.00592	0.00575	0.00184	0.00818	0.00531	0.00282	0.00794
23	0.07400	0.20210	0.07568	0.01186	0.01628	0.01717	0.01066	0.26547	0.17464	0.04856	0.01379	0.01398	0.01044	0.00649	0.00555	0.00169	0.03386	0.00474	0.00449	0.00855
24	0.02011	0.01892	0.01606	0.03185	0.01749	0.27496	0.01064	0.41433	0.02154	0.02612	0.01492	0.01545	0.06104	0.00710	0.00588	0.00167	0.02401	0.00513	0.00460	0.00818
25	0.02158	0.01499	0.01635	0.01259	0.01697	0.01634	0.01033	0.64534	0.02513	0.10550	0.01476	0.01525	0.01060	0.03902	0.00667	0.00188	0.00613	0.00534	0.00576	0.00947
26	0.01345	0.01527	0.03309	0.02364	0.02940	0.01426	0.72037	0.01820	0.01345	0.01833	0.01153	0.01532	0.00867	0.00480	0.00667	0.00190	0.00948	0.00665	0.00291	0.03260
27	0.01427	0.02961	0.02195	0.04695	0.64966	0.06091	0.01626	0.01736	0.01293	0.01783	0.01093	0.01500	0.00948	0.04476	0.00676	0.00187	0.00696	0.00513	0.00286	0.00854
28	0.01630	0.01196	0.01267	0.03419	0.01483	0.05564	0.00871	0.10397	0.36479	0.14995	0.02263	0.05313	0.05347	0.04059	0.00677	0.00201	0.00506	0.00672	0.02830	0.00830
29	0.02023	0.14024	0.01853	0.01320	0.01711	0.32124	0.01069	0.30956	0.05652	0.02319	0.01137	0.01205	0.00881	0.00622	0.00519	0.00156	0.00779	0.00431	0.00412	0.00809
30	0.00884	0.00715	0.00843	0.00738	0.00998	0.00588	0.00558	0.01090	0.01312	0.01828	0.21480	0.15142	0.21861	0.01087	0.00599	0.00159	0.00336	0.00936	0.00491	0.28353
31	0.00725	0.00557	0.00670	0.00741	0.00857	0.00502	0.00547	0.00873	0.01233	0.01565	0.07263	0.36122	0.33118	0.01597	0.00714	0.00219	0.00339	0.11341	0.00535	0.00484
32	0.01991	0.19316	0.02051	0.01370	0.01770	0.35389	0.07141	0.12404	0.01651	0.10130	0.01110	0.01200	0.00856	0.00585	0.00511	0.00152	0.00816	0.00424	0.00369	0.00766
33	0.02024	0.01472	0.01581	0.01228	0.01646	0.01620	0.01009	0.65347	0.02526	0.03430	0.05134	0.01574	0.01230	0.00709	0.00565	0.00169	0.00585	0.00542	0.06690	0.00919
34	0.00709	0.00507	0.00674	0.00788	0.00832	0.00472	0.00532	0.00826	0.01150	0.01548	0.10812	0.71615	0.03953	0.01727	0.00724	0.00227	0.00325	0.01564	0.00541	0.00472
35	0.01311	0.04491	0.52997	0.03690	0.04104	0.03964	0.04798	0.01849	0.01250	0.07936	0.01143	0.01324	0.00827	0.00702	0.03670	0.00205	0.00826	0.00450	0.00292	0.04175
36	0.06608	0.45816	0.18425	0.01185	0.01740	0.01915	0.02932	0.12149	0.01383	0.01855	0.00936	0.01060	0.00762	0.00532	0.00440	0.00147	0.00662	0.00370	0.00299	0.00786
37	0.00716	0.00509	0.00674	0.00798	0.00833	0.00480	0.00538	0.00817	0.01089	0.01450	0.03059	0.71116	0.03650	0.06821	0.00874	0.00255	0.00356	0.04988	0.00519	0.00460
38	0.01321	0.01412	0.07253	0.05312	0.49635	0.03355	0.09021	0.01677	0.01312	0.01832	0.04848	0.04921	0.01312	0.00641	0.00596	0.00180	0.00692	0.03543	0.00317	0.00822
39	0.01398	0.01085	0.01279	0.04077	0.01513	0.00929	0.00781	0.12297	0.01432	0.06700	0.01210	0.03633	0.00986	0.00527	0.00470	0.00112	0.00469	0.00425	0.00398	0.60279
40	0.00821	0.00553	0.00641	0.00651	0.00658	0.00556	0.00378	0.00838	0.00856	0.01146	0.01891	0.09366	0.02176	0.70387	0.06346	0.00548	0.00585	0.00881	0.00359	0.00363
41	0.00676	0.00579	0.00579	0.00579	0.00773	0.00483	0.00435	0.00821	0.01304	0.01545	0.05794	0.05505	0.76098	0.01449	0.00676	0.00193	0.00290	0.01207	0.00531	0.00483
42	0.00696	0.00502	0.00660	0.00786	0.00827	0.00465	0.00526	0.00798	0.01105	0.01464	0.03280	0.75959	0.07266	0.01775	0.00727	0.00230	0.00330	0.01606	0.00531	0.00465
43	0.00795	0.00576	0.00750	0.00723	0.00850	0.00531	0.00536	0.01045	0.01560	0.02194	0.67182	0.11557	0.07076	0.01237	0.00680	0.00185	0.00276	0.01096	0.00618	0.00531
44	0.02009	0.19036	0.01911	0.01369	0.01705	0.61750	0.01079	0.02164	0.01524	0.01388	0.00865	0.01008	0.00736	0.00568	0.00484	0.00142	0.00943	0.00355	0.00284	0.00678
45	0.01496	0.71634	0.04700	0.01039	0.01496	0.02197	0.01030	0.01687	0.01139	0.01360	0.00797	0.00953	0.00735	0.00534	0.00500	0.00135	0.07271	0.00325	0.00245	0.00728
46	0.01176	0.00874	0.01082	0.01087	0.01292	0.00923	0.00917	0.13385	0.10685	0.02121	0.05737	0.07652	0.02827	0.01325	0.00722	0.00235	0.00517	0.46254	0.00545	0.00645
47	0.01308	0.09284	0.52842	0.04248	0.09907	0.06126	0.01859	0.04761	0.01297	0.01813	0.01017	0.01210	0.00756	0.00545	0.00531	0.00173	0.00808	0.00425	0.00263	0.00829
48	0.01407	0.01229	0.01734	0.20367	0.04816	0.01495	0.04667	0.18616	0.01448	0.02007	0.01196	0.01785	0.01029	0.00815	0.01025	0.00209	0.26830	0.05979	0.02629	0.00716
49	0.00734	0.00531	0.00694	0.00759	0.00835	0.00491	0.00529	0.00894	0.01284	0.01748	0.28104	0.50204	0.07940	0.01563	0.00708	0.00212	0.00309	0.01404	0.00565	0.00491
50	0.00994	0.00497	0.00745	0.00745	0.00745	0.00497	0.00497	0.00745	0.00745	0.00994	0.00994	0.01739	0.00994	0.01987	0.02235	0.83358	0.00497	0.00497	0.00248	0.00248
51	0.02122	0.01479	0.01618	0.01258	0.01689	0.01611	0.01032	0.63493	0.02498	0.10166	0.01560	0.06072	0.01180	0.00754	0.00582	0.00176	0.00599	0.00587	0.00582	0.00943
52	0.00955	0.00614	0.00793	0.00835	0.00946	0.00586	0.00591	0.01208	0.06861	0.09139	0.14114	0.54464	0.03639	0.01512	0.00695	0.00216	0.00347	0.01357	0.00567	0.00560
53	0.00697	0.00498	0.00664	0.00796	0.00830	0.00465	0.00531	0.00796	0.01095	0.01460	0.03153	0.79525	0.03783	0.01792	0.00730	0.00232	0.00332	0.01626	0.00531	0.00465
54	0.03508	0.01305	0.01269	0.02678	0.01434	0.09771	0.00858	0.32210	0.06312	0.02518	0.07856	0.09370	0.16581	0.00961	0.00604	0.00181	0.00542	0.00777	0.00522	0.00744

[dist]
# distance from previous block
# <min> <max>
6	13

[block]
# block no. 4 follows, 41 sequences, length 71
# corresponding to MSA columns:
# 295-365
name=unknown_E
#
# <colnr> <probs for GDERKNQSTAVLIFYWHMCP>
#	G	D	E	R	K	N	Q	S	T	A	V	L	I	F	Y	W	H	M	C	P
0	0.04734	0.06808	0.01256	0.01061	0.04160	0.01157	0.00801	0.03829	0.34274	0.04523	0.23393	0.02760	0.07129	0.00884	0.00588	0.00182	0.00416	0.00742	0.00550	0.00754
1	0.01127	0.01050	0.01753	0.73914	0.03837	0.01294	0.03197	0.04214	0.01206	0.01550	0.01033	0.01520	0.00773	0.00574	0.00574	0.00190	0.00762	0.00512	0.00267	0.00651
2	0.00804	0.00581	0.00760	0.00723	0.00853	0.00536	0.00539	0.01067	0.01595	0.02256	0.72719	0.07690	0.05324	0.01198	0.00677	0.00182	0.00273	0.01061	0.00625	0.00536
3	0.01434	0.65085	0.02608	0.00966	0.01390	0.01968	0.00928	0.01623	0.01146	0.03109	0.02347	0.01202	0.00941	0.01072	0.11854	0.00243	0.00739	0.00371	0.00272	0.00703
4	0.00688	0.00578	0.00586	0.00585	0.00766	0.00488	0.00432	0.00828	0.01284	0.01538	0.07217	0.05374	0.70155	0.05977	0.00805	0.00214	0.00305	0.01181	0.00523	0.00476
5	0.00808	0.00613	0.00748	0.00709	0.00865	0.00567	0.00533	0.01111	0.04895	0.02133	0.57150	0.04448	0.20866	0.01213	0.00671	0.00183	0.00283	0.01055	0.00606	0.00544
6	0.00697	0.00498	0.00664	0.00796	0.00830	0.00465	0.00531	0.00796	0.01095	0.01460	0.03153	0.79525	0.03783	0.01792	0.00730	0.00232	0.00332	0.01626	0.00531	0.00465
7	0.01529	0.80242	0.02997	0.00979	0.01468	0.02263	0.00979	0.01713	0.01162	0.01346	0.00795	0.00918	0.00734	0.00489	0.00367	0.00122	0.00612	0.00306	0.00245	0.00734
8	0.02137	0.02726	0.01621	0.01474	0.01768	0.77602	0.01105	0.02284	0.01621	0.01400	0.00884	0.01031	0.00737	0.00589	0.00516	0.00147	0.01031	0.00368	0.00295	0.00663
9	0.02276	0.01377	0.01566	0.01203	0.01649	0.01447	0.00993	0.49829	0.02319	0.27062	0.01668	0.01574	0.01126	0.00693	0.00569	0.00173	0.00576	0.00535	0.02403	0.00963
10	0.83938	0.01106	0.00841	0.00752	0.01106	0.01283	0.00619	0.01681	0.00973	0.02566	0.00796	0.00929	0.00619	0.00531	0.00354	0.00177	0.00442	0.00310	0.00354	0.00619
11	0.00832	0.00555	0.00624	0.00624	0.00624	0.00555	0.00347	0.00832	0.00832	0.01109	0.01802	0.03743	0.02080	0.79898	0.02911	0.00555	0.00555	0.00832	0.00347	0.00347
12	0.01147	0.02959	0.76934	0.01630	0.02476	0.01328	0.02113	0.01811	0.01208	0.01811	0.01026	0.01208	0.00725	0.00543	0.00543	0.00181	0.00845	0.00423	0.00242	0.00845
13	0.00697	0.00498	0.00664	0.00796	0.00830	0.00465	0.00531	0.00796	0.01095	0.01460	0.03153	0.79525	0.03783	0.01792	0.00730	0.00232	0.00332	0.01626	0.00531	0.00465
14	0.00835	0.00636	0.00777	0.00742	0.00895	0.00612	0.00555	0.01178	0.07643	0.02053	0.48693	0.06015	0.17688	0.03737	0.05184	0.00239	0.00372	0.01018	0.00578	0.00551
15	0.01518	0.01238	0.01319	0.01166	0.01503	0.01416	0.00913	0.07114	0.67795	0.05838	0.02270	0.02082	0.01687	0.00768	0.00581	0.00192	0.00464	0.00636	0.00587	0.00912
16	0.01529	0.80242	0.02997	0.00979	0.01468	0.02263	0.00979	0.01713	0.01162	0.01346	0.00795	0.00918	0.00734	0.00489	0.00367	0.00122	0.00612	0.00306	0.00245	0.00734
17	0.00712	0.00504	0.00659	0.00778	0.00807	0.00474	0.00511	0.00800	0.01066	0.01422	0.03005	0.71254	0.03597	0.10316	0.00968	0.00267	0.00356	0.01539	0.00511	0.00452
18	0.00788	0.00584	0.00734	0.00696	0.00841	0.00530	0.00522	0.01037	0.01567	0.02170	0.64436	0.04476	0.17066	0.01215	0.00675	0.00182	0.00273	0.01063	0.00613	0.00530
19	0.00701	0.00500	0.00662	0.00791	0.00823	0.00468	0.00525	0.00798	0.01086	0.01449	0.03108	0.77044	0.03727	0.04349	0.00801	0.00243	0.00339	0.01600	0.00525	0.00461
20	0.02527	0.00982	0.01326	0.01023	0.01461	0.00860	0.00843	0.02796	0.04138	0.74203	0.02259	0.01953	0.01427	0.00710	0.00575	0.00178	0.00486	0.00578	0.00704	0.00971
21	0.01596	0.71850	0.02851	0.01029	0.01501	0.08684	0.00992	0.03402	0.01236	0.01401	0.00816	0.00938	0.00740	0.00502	0.00384	0.00126	0.00648	0.00316	0.00256	0.00733
22	0.00894	0.00569	0.00653	0.00646	0.00664	0.00562	0.00373	0.00906	0.00873	0.04062	0.01872	0.06612	0.02120	0.73791	0.02736	0.00527	0.00543	0.00853	0.00368	0.00376
23	0.00700	0.00499	0.00663	0.00792	0.00825	0.00467	0.00527	0.00797	0.01089	0.01452	0.03121	0.77732	0.03743	0.03640	0.00782	0.00240	0.00337	0.01607	0.00527	0.00462
24	0.00713	0.00517	0.00669	0.00765	0.00823	0.00478	0.00520	0.00835	0.01170	0.01563	0.12546	0.62288	0.09435	0.03833	0.00779	0.00232	0.00327	0.01497	0.00538	0.00472
25	0.02180	0.01527	0.01658	0.01274	0.01723	0.01670	0.01051	0.66966	0.02570	0.09425	0.01456	0.01437	0.01020	0.00688	0.00568	0.00171	0.00609	0.00520	0.02525	0.00962
26	0.02121	0.01514	0.01643	0.01275	0.01712	0.01660	0.01047	0.65686	0.04330	0.07719	0.01517	0.04463	0.01126	0.00733	0.00579	0.00175	0.00605	0.00565	0.00579	0.00951
27	0.11895	0.01760	0.16953	0.07610	0.29808	0.07610	0.12725	0.01792	0.01264	0.01874	0.01023	0.01308	0.00804	0.00526	0.00548	0.00176	0.00760	0.00481	0.00284	0.00798
28	0.00697	0.00498	0.00664	0.00796	0.00830	0.00465	0.00531	0.00796	0.01095	0.01460	0.03153	0.79525	0.03783	0.01792	0.00730	0.00232	0.00332	0.01626	0.00531	0.00465
29	0.02566	0.00973	0.01327	0.01018	0.01460	0.00841	0.00841	0.02788	0.01637	0.76726	0.02257	0.01947	0.01416	0.00708	0.00575	0.00177	0.00487	0.00575	0.00708	0.00973
30	0.01509	0.04034	0.01501	0.08760	0.04059	0.06704	0.01042	0.09602	0.49046	0.02270	0.01872	0.01836	0.01417	0.00724	0.00606	0.00187	0.02896	0.00581	0.00499	0.00855
31	0.01216	0.02708	0.64419	0.01735	0.05454	0.01367	0.06185	0.04854	0.01273	0.01878	0.01043	0.01244	0.00751	0.00557	0.00590	0.00183	0.02994	0.00447	0.00260	0.00843
32	0.00715	0.00581	0.00633	0.00620	0.00797	0.00499	0.00465	0.00896	0.01396	0.01764	0.26293	0.05145	0.55463	0.01367	0.00676	0.00189	0.00284	0.01157	0.00560	0.00499
33	0.01214	0.01197	0.01701	0.07063	0.01651	0.01657	0.01245	0.01362	0.00898	0.01380	0.00815	0.01329	0.00791	0.01160	0.06161	0.00285	0.68709	0.00508	0.00254	0.00620
34	0.00832	0.00555	0.00624	0.00624	0.00624	0.00555	0.00347	0.00832	0.00832	0.01109	0.01802	0.03743	0.02080	0.79898	0.02911	0.00555	0.00555	0.00832	0.00347	0.00347
35	0.01025	0.00918	0.01318	0.01198	0.01251	0.01211	0.00972	0.01191	0.00899	0.01351	0.01158	0.01771	0.01105	0.02716	0.41390	0.00599	0.38522	0.00559	0.00280	0.00566
36	0.80776	0.01101	0.00860	0.00763	0.01120	0.01266	0.00628	0.01724	0.00999	0.05449	0.00853	0.00969	0.00650	0.00538	0.00363	0.00177	0.00444	0.00320	0.00368	0.00633
37	0.01416	0.01359	0.02322	0.03511	0.76330	0.01359	0.01755	0.01755	0.01302	0.01869	0.01076	0.01416	0.00906	0.00510	0.00566	0.00170	0.00680	0.00510	0.00283	0.00906
38	0.01547	0.01183	0.01299	0.04316	0.01529	0.01319	0.00917	0.26827	0.28594	0.02642	0.02068	0.02364	0.03985	0.00820	0.00577	0.00185	0.00503	0.07321	0.11184	0.00820
39	0.00725	0.00591	0.00638	0.00660	0.00832	0.00516	0.00510	0.00881	0.01279	0.01547	0.05110	0.05559	0.59872	0.05986	0.00823	0.00225	0.00344	0.12899	0.00520	0.00482
40	0.01186	0.01017	0.01186	0.00847	0.01356	0.00762	0.00678	0.01440	0.01186	0.01864	0.01017	0.01186	0.00847	0.00424	0.00424	0.00085	0.00424	0.00339	0.00339	0.83395
41	0.00994	0.00497	0.00745	0.00745	0.00745	0.00497	0.00497	0.00745	0.00745	0.00994	0.00994	0.01739	0.00994	0.01987	0.02235	0.83358	0.00497	0.00497	0.00248	0.00248
42	0.00831	0.00559	0.00647	0.00647	0.00655	0.00567	0.00376	0.00847	0.00839	0.01126	0.01781	0.03624	0.02028	0.73898	0.08841	0.00583	0.00632	0.00814	0.00343	0.00360
43	0.00810	0.00585	0.00765	0.00720	0.00855	0.00540	0.00540	0.01079	0.01619	0.02294	0.76028	0.04273	0.05397	0.01169	0.00675	0.00180	0.00270	0.01034	0.00630	0.00540
44	0.02174	0.01602	0.01717	0.01316	0.01774	0.01774	0.01087	0.74423	0.02689	0.03605	0.01373	0.01373	0.00973	0.00687	0.00572	0.00172	0.00629	0.00515	0.00572	0.00973
45	0.01529	0.80242	0.02997	0.00979	0.01468	0.02263	0.00979	0.01713	0.01162	0.01346	0.00795	0.00918	0.00734	0.00489	0.00367	0.00122	0.00612	0.00306	0.00245	0.00734
46	0.01276	0.01075	0.01167	0.01058	0.01336	0.01212	0.00818	0.02572	0.57709	0.02369	0.19921	0.02645	0.02618	0.00870	0.00604	0.00191	0.00409	0.00739	0.00593	0.00818
47	0.01466	0.01250	0.01318	0.01173	0.01504	0.01443	0.00916	0.07166	0.71099	0.02463	0.02273	0.02090	0.01701	0.00771	0.00581	0.00193	0.00463	0.00639	0.00581	0.00909
48	0.01131	0.00990	0.07585	0.01379	0.16894	0.00791	0.00930	0.01384	0.01362	0.11253	0.13347	0.10172	0.28358	0.01072	0.00633	0.00187	0.00445	0.00927	0.00490	0.00671
49	0.01312	0.01430	0.04754	0.18478	0.08548	0.08517	0.06690	0.01560	0.01086	0.01488	0.00888	0.01324	0.00773	0.00773	0.01220	0.00214	0.39509	0.00501	0.00260	0.00674
50	0.01529	0.80242	0.02997	0.00979	0.01468	0.02263	0.00979	0.01713	0.01162	0.01346	0.00795	0.00918	0.00734	0.00489	0.00367	0.00122	0.00612	0.00306	0.00245	0.00734
51	0.00828	0.00556	0.00640	0.00653	0.00661	0.00554	0.00383	0.00846	0.00869	0.01157	0.01936	0.08247	0.02233	0.71826	0.02689	0.00523	0.00540	0.04131	0.00365	0.00362
52	0.01834	0.05363	0.08301	0.01511	0.01868	0.51687	0.07360	0.02123	0.04604	0.01529	0.01097	0.01452	0.00937	0.00650	0.00587	0.00165	0.03346	0.04581	0.00312	0.00692
53	0.00994	0.00497	0.00745	0.00745	0.00745	0.00497	0.00497	0.00745	0.00745	0.00994	0.00994	0.01739	0.00994	0.01987	0.02235	0.83358	0.00497	0.00497	0.00248	0.00248
54	0.00930	0.00736	0.00852	0.00872	0.01022	0.00759	0.00631	0.03135	0.21082	0.01825	0.07935	0.41794	0.13376	0.01406	0.00676	0.00212	0.00361	0.01241	0.00552	0.00602
55	0.00695	0.00577	0.00607	0.00606	0.00786	0.00490	0.00452	0.00854	0.01338	0.01642	0.15050	0.08152	0.63933	0.01424	0.00678	0.00193	0.00289	0.01200	0.00544	0.00490
56	0.03184	0.05532	0.33886	0.14653	0.21101	0.01318	0.01730	0.01717	0.01210	0.04052	0.01089	0.01375	0.00837	0.00759	0.04999	0.00220	0.00798	0.00466	0.00275	0.00800
57	0.01315	0.01511	0.04837	0.02238	0.02749	0.01440	0.62531	0.01758	0.01310	0.01804	0.03958	0.01610	0.01025	0.00561	0.00791	0.00198	0.08653	0.00665	0.00297	0.00750
58	0.00930	0.00671	0.00854	0.00877	0.01016	0.00667	0.00674	0.01326	0.11006	0.03968	0.29236	0.24813	0.03931	0.01361	0.00699	0.00214	0.00371	0.16231	0.00577	0.00576
59	0.01336	0.01296	0.02295	0.02916	0.51346	0.01282	0.14622	0.01731	0.03538	0.01882	0.04448	0.02009	0.01317	0.00632	0.00610	0.00183	0.00694	0.06700	0.00329	0.00834
60	0.11401	0.01222	0.03084	0.02473	0.01542	0.01378	0.02392	0.13502	0.05694	0.19610	0.01400	0.01592	0.01063	0.00852	0.02387	0.00215	0.25189	0.01858	0.02367	0.00779
61	0.03611	0.04297	0.01542	0.01149	0.01576	0.01393	0.00952	0.40287	0.04115	0.27120	0.01679	0.01609	0.01154	0.00772	0.02426	0.00189	0.00581	0.00530	0.04093	0.00926
62	0.02022	0.08732	0.01736	0.01419	0.01711	0.60541	0.01100	0.03860	0.01542	0.03774	0.00919	0.01079	0.00764	0.00625	0.00630	0.00156	0.08018	0.00385	0.00306	0.00682
63	0.01270	0.02946	0.01681	0.01427	0.01471	0.04753	0.01176	0.01482	0.05228	0.01441	0.00993	0.06000	0.00990	0.01008	0.01646	0.00239	0.64760	0.00567	0.00288	0.00636
64	0.01354	0.01484	0.08426	0.07842	0.51564	0.05686	0.03865	0.01697	0.01287	0.01767	0.01265	0.01743	0.02775	0.03595	0.00664	0.00190	0.00709	0.02971	0.00295	0.00821
65	0.01070	0.00587	0.00806	0.00776	0.00814	0.00609	0.00536	0.05247	0.00905	0.01255	0.01114	0.01821	0.01070	0.05059	0.02010	0.66306	0.02353	0.00515	0.06822	0.00328
66	0.00908	0.00656	0.00893	0.00979	0.01115	0.00652	0.00830	0.01211	0.03663	0.01851	0.18647	0.07590	0.03707	0.01472	0.00757	0.00243	0.00465	0.53270	0.00551	0.00540
67	0.02194	0.01571	0.01697	0.01301	0.01758	0.01727	0.01075	0.70851	0.02637	0.07251	0.01417	0.01402	0.00995	0.00688	0.00572	0.00172	0.00622	0.00518	0.00579	0.00973
68	0.01500	0.01359	0.03544	0.15006	0.43756	0.04196	0.08324	0.01881	0.03360	0.09684	0.01225	0.01502	0.00946	0.00549	0.00576	0.00176	0.00709	0.00528	0.00332	0.00847
69	0.01236	0.00696	0.00714	0.00653	0.00836	0.00723	0.00505	0.12498	0.01427	0.02357	0.01791	0.02017	0.01391	0.00669	0.00426	0.00139	0.00322	0.00530	0.70470	0.00600
70	0.83938	0.01106	0.00841	0.00752	0.01106	0.01283	0.00619	0.01681	0.00973	0.02566	0.00796	0.00929	0.00619	0.00531	0.00354	0.00177	0.00442	0.00310	0.00354	0.00619

[dist]
# distance from previous block
# <min> <max>
0	1

[block]
# block no. 5 follows, 41 sequences, length 57
# corresponding to MSA columns:
# 367-423
name=unknown_F
#
# <colnr> <probs for GDERKNQSTAVLIFYWHMCP>
#	G	D	E	R	K	N	Q	S	T	A	V	L	I	F	Y	W	H	M	C	P
0	0.03687	0.33643	0.02420	0.01390	0.04562	0.11204	0.15052	0.04216	0.01364	0.09519	0.01329	0.01448	0.04521	0.00583	0.00496	0.00153	0.00693	0.00477	0.02489	0.00751
1	0.00994	0.00497	0.00745	0.00745	0.00745	0.00497	0.00497	0.00745	0.00745	0.00994	0.00994	0.01739	0.00994	0.01987	0.02235	0.83358	0.00497	0.00497	0.00248	0.00248
2	0.02912	0.02537	0.57759	0.01853	0.09418	0.01320	0.09763	0.01784	0.01231	0.01831	0.01110	0.01440	0.00844	0.00570	0.00564	0.00184	0.00823	0.02967	0.00263	0.00827
3	0.12881	0.07672	0.16028	0.06834	0.03451	0.19996	0.01247	0.08646	0.04447	0.08054	0.01116	0.01248	0.00843	0.00609	0.00574	0.00171	0.04639	0.00427	0.00355	0.00762
4	0.01015	0.02230	0.01078	0.00998	0.01100	0.06781	0.00769	0.02408	0.01006	0.01381	0.01465	0.05061	0.01431	0.11880	0.45487	0.00656	0.11479	0.00633	0.02611	0.00529
5	0.00876	0.00609	0.00759	0.03246	0.00978	0.00560	0.00580	0.01059	0.01337	0.06494	0.22523	0.19717	0.26540	0.05190	0.00795	0.00220	0.00353	0.07087	0.00549	0.00527
6	0.04605	0.01328	0.02139	0.09579	0.55722	0.03162	0.04811	0.04337	0.01326	0.01891	0.01171	0.05194	0.01019	0.00585	0.00570	0.00176	0.00680	0.00560	0.00306	0.00841
7	0.01181	0.04087	0.13269	0.04932	0.11780	0.04787	0.01245	0.01717	0.12329	0.01835	0.05101	0.03535	0.02096	0.01004	0.00647	0.00210	0.00614	0.28499	0.00428	0.00704
8	0.70820	0.01159	0.01006	0.00937	0.04100	0.01344	0.00728	0.06912	0.01105	0.02556	0.00847	0.00996	0.00662	0.00564	0.00452	0.00180	0.04272	0.00342	0.00362	0.00656
9	0.01246	0.01047	0.01584	0.30678	0.19593	0.01155	0.01287	0.05485	0.07506	0.04501	0.09674	0.02187	0.04267	0.00719	0.00586	0.00183	0.00600	0.02924	0.04052	0.00726
10	0.00985	0.00497	0.00743	0.00747	0.00747	0.00496	0.00498	0.00747	0.00755	0.01006	0.01053	0.03896	0.01071	0.01982	0.02194	0.81052	0.00492	0.00528	0.00256	0.00254
11	0.01104	0.00845	0.00931	0.00834	0.01037	0.04467	0.00641	0.10124	0.04578	0.04269	0.49316	0.03672	0.11153	0.01066	0.00640	0.00178	0.00365	0.00913	0.03251	0.00618
12	0.00817	0.00613	0.00919	0.00919	0.01021	0.00715	0.00715	0.01021	0.00919	0.01328	0.01532	0.02247	0.01430	0.04290	0.77631	0.00919	0.01532	0.00613	0.00306	0.00511
13	0.01178	0.01162	0.01730	0.08437	0.01743	0.01539	0.06028	0.01347	0.00957	0.01424	0.01079	0.10344	0.01110	0.01019	0.01547	0.00239	0.57568	0.00643	0.00286	0.00618
14	0.01549	0.67465	0.08946	0.01070	0.01576	0.06971	0.01082	0.03153	0.01224	0.01431	0.00831	0.00957	0.00738	0.00504	0.00395	0.00130	0.00658	0.00323	0.00254	0.00743
15	0.01294	0.01323	0.01746	0.01500	0.01515	0.05435	0.01244	0.01421	0.00912	0.01378	0.00757	0.01241	0.00750	0.00981	0.01811	0.00245	0.75073	0.00494	0.00252	0.00628
16	0.00997	0.00733	0.00853	0.00788	0.01042	0.00636	0.00624	0.03897	0.01337	0.06582	0.03758	0.11642	0.34682	0.01230	0.00641	0.00186	0.00385	0.13000	0.00506	0.16482
17	0.00832	0.00555	0.00624	0.00624	0.00624	0.00555	0.00347	0.00832	0.00832	0.01109	0.01802	0.03743	0.02080	0.79898	0.02911	0.00555	0.00555	0.00832	0.00347	0.00347
18	0.00994	0.00497	0.00745	0.00745	0.00745	0.00497	0.00497	0.00745	0.00745	0.00994	0.00994	0.01739	0.00994	0.01987	0.02235	0.83358	0.00497	0.00497	0.00248	0.00248
19	0.01423	0.01229	0.01293	0.01164	0.01487	0.01423	0.00905	0.03039	0.75297	0.02393	0.02328	0.02134	0.01746	0.00776	0.00582	0.00194	0.00453	0.00647	0.00582	0.00905
20	0.00790	0.00647	0.01050	0.01026	0.01137	0.00604	0.11026	0.00944	0.01131	0.01513	0.02869	0.68423	0.03368	0.01606	0.00722	0.00227	0.00422	0.01491	0.00497	0.00508
21	0.01186	0.01017	0.01186	0.00847	0.01356	0.00762	0.00678	0.01440	0.01186	0.01864	0.01017	0.01186	0.00847	0.00424	0.00424	0.00085	0.00424	0.00339	0.00339	0.83395
22	0.01251	0.01251	0.01752	0.01502	0.01502	0.01752	0.01251	0.01377	0.00876	0.01377	0.00751	0.01251	0.00751	0.01001	0.01877	0.00250	0.78851	0.00501	0.00250	0.00626
23	0.01150	0.04596	0.64746	0.01503	0.02281	0.01267	0.01885	0.01747	0.01218	0.01821	0.03468	0.01298	0.00890	0.00550	0.00531	0.00170	0.00777	0.00431	0.00264	0.09407
24	0.00825	0.00580	0.00755	0.00755	0.00800	0.00626	0.00510	0.00916	0.00871	0.01206	0.01683	0.03080	0.01792	0.46388	0.36027	0.00716	0.00988	0.00735	0.00329	0.00419
25	0.01342	0.00805	0.00864	0.03661	0.01061	0.00853	0.00612	0.17110	0.03118	0.03907	0.01746	0.01943	0.01339	0.00670	0.00451	0.00146	0.00372	0.00532	0.58822	0.00648
26	0.01957	0.19239	0.01653	0.01008	0.01400	0.03738	0.00862	0.06882	0.03173	0.37318	0.11662	0.02156	0.01827	0.00754	0.00548	0.00168	0.00515	0.03752	0.00558	0.00829
27	0.00922	0.00658	0.00922	0.01053	0.01185	0.00658	0.00922	0.01185	0.01317	0.01712	0.03029	0.06452	0.03292	0.01580	0.00790	0.00263	0.00527	0.72480	0.00527	0.00527
28	0.01972	0.01299	0.04070	0.01114	0.01587	0.01213	0.00939	0.28951	0.05577	0.24727	0.01582	0.01529	0.01103	0.00627	0.00536	0.00153	0.00535	0.00492	0.00543	0.21452
29	0.01482	0.01514	0.08123	0.02073	0.02629	0.01307	0.55051	0.01929	0.01394	0.12516	0.05042	0.01713	0.01162	0.00553	0.00652	0.00189	0.00853	0.00661	0.00363	0.00794
30	0.00975	0.15930	0.01217	0.00789	0.01001	0.00910	0.00640	0.01288	0.04797	0.02116	0.58295	0.03533	0.04339	0.01021	0.00611	0.00169	0.00344	0.00877	0.00554	0.00593
31	0.02566	0.00973	0.01327	0.01018	0.01460	0.00841	0.00841	0.02788	0.01637	0.76726	0.02257	0.01947	0.01416	0.00708	0.00575	0.00177	0.00487	0.00575	0.00708	0.00973
32	0.01288	0.01034	0.01211	0.00871	0.01375	0.00800	0.00699	0.03927	0.01258	0.05659	0.01090	0.01230	0.00880	0.00447	0.00436	0.00092	0.00434	0.00357	0.00365	0.76547
33	0.03534	0.71902	0.05328	0.01020	0.01508	0.05970	0.01014	0.01744	0.01182	0.01393	0.00807	0.00933	0.00731	0.00497	0.00380	0.00127	0.00636	0.00313	0.00250	0.00731
34	0.00697	0.00498	0.00664	0.00796	0.00830	0.00465	0.00531	0.00796	0.01095	0.01460	0.03153	0.79525	0.03783	0.01792	0.00730	0.00232	0.00332	0.01626	0.00531	0.00465
35	0.00860	0.00676	0.01002	0.00977	0.01069	0.00818	0.00768	0.01057	0.00915	0.01333	0.01455	0.02148	0.01363	0.03963	0.70107	0.00853	0.09212	0.00602	0.00301	0.00522
36	0.02456	0.01049	0.01362	0.01055	0.01491	0.00966	0.00868	0.09555	0.06487	0.65041	0.02178	0.01905	0.01395	0.00710	0.00575	0.00178	0.00498	0.00574	0.00687	0.00969
37	0.04526	0.10343	0.49054	0.01416	0.02091	0.01419	0.01659	0.02068	0.15090	0.05094	0.01290	0.01372	0.00942	0.00588	0.00527	0.00177	0.00717	0.00455	0.00330	0.00842
38	0.00697	0.00498	0.00664	0.00796	0.00830	0.00465	0.00531	0.00796	0.01095	0.01460	0.03153	0.79525	0.03783	0.01792	0.00730	0.00232	0.00332	0.01626	0.00531	0.00465
39	0.01350	0.01543	0.03375	0.02411	0.02989	0.01446	0.74253	0.01832	0.01350	0.01832	0.01157	0.01543	0.00868	0.00482	0.00675	0.00193	0.00964	0.00675	0.00289	0.00771
40	0.10157	0.01384	0.04824	0.03033	0.61934	0.01353	0.01606	0.01814	0.04958	0.01967	0.01107	0.01392	0.00911	0.00526	0.00544	0.00172	0.00649	0.00492	0.00304	0.00873
41	0.02449	0.01162	0.01444	0.01107	0.01554	0.01121	0.00915	0.24291	0.01953	0.54777	0.01991	0.01775	0.01283	0.00702	0.00574	0.00175	0.00530	0.00557	0.00667	0.00973
42	0.04748	0.25146	0.01996	0.01249	0.01484	0.14955	0.01066	0.01700	0.01139	0.04389	0.00897	0.01167	0.00796	0.00732	0.01012	0.00183	0.32277	0.00416	0.03973	0.00674
43	0.00701	0.00501	0.00668	0.00793	0.00831	0.00468	0.00531	0.00807	0.01115	0.01493	0.05988	0.76597	0.03846	0.01768	0.00728	0.00230	0.00329	0.01603	0.00535	0.00468
44	0.00711	0.00581	0.00630	0.00630	0.00805	0.00499	0.00475	0.00882	0.01357	0.01690	0.18901	0.07722	0.57711	0.01412	0.00682	0.00194	0.00296	0.03778	0.00550	0.00495
45	0.00704	0.00515	0.00647	0.00748	0.00804	0.00475	0.00501	0.00803	0.01107	0.01445	0.03463	0.61724	0.15096	0.08005	0.00897	0.00252	0.00343	0.01496	0.00516	0.00458
46	0.00832	0.00555	0.00624	0.00624	0.00624	0.00555	0.00347	0.00832	0.00832	0.01109	0.01802	0.03743	0.02080	0.79898	0.02911	0.00555	0.00555	0.00832	0.00347	0.00347
47	0.01416	0.01359	0.02322	0.03511	0.76330	0.01359	0.01755	0.01755	0.01302	0.01869	0.01076	0.01416	0.00906	0.00510	0.00566	0.00170	0.00680	0.00510	0.00283	0.00906
48	0.83938	0.01106	0.00841	0.00752	0.01106	0.01283	0.00619	0.01681	0.00973	0.02566	0.00796	0.00929	0.00619	0.00531	0.00354	0.00177	0.00442	0.00310	0.00354	0.00619
49	0.01529	0.80242	0.02997	0.00979	0.01468	0.02263	0.00979	0.01713	0.01162	0.01346	0.00795	0.00918	0.00734	0.00489	0.00367	0.00122	0.00612	0.00306	0.00245	0.00734
50	0.00697	0.00498	0.00664	0.00796	0.00830	0.00465	0.00531	0.00796	0.01095	0.01460	0.03153	0.79525	0.03783	0.01792	0.00730	0.00232	0.00332	0.01626	0.00531	0.00465
51	0.02137	0.02726	0.01621	0.01474	0.01768	0.77602	0.01105	0.02284	0.01621	0.01400	0.00884	0.01031	0.00737	0.00589	0.00516	0.00147	0.01031	0.00368	0.00295	0.00663
