[name]
unknown

[dist]
# distance from previous block
# <min> <max>
31	95

[block]
# block no. 0 follows, 40 sequences, length 17
# corresponding to MSA columns:
# 95-111
name=unknown_A
#
# <colnr> <probs for GDERKNQSTAVLIFYWHMCP>
#	G	D	E	R	K	N	Q	S	T	A	V	L	I	F	Y	W	H	M	C	P
0	0.01098	0.01034	0.01744	0.78165	0.04005	0.01292	0.01615	0.01486	0.01163	0.01486	0.01034	0.01550	0.00775	0.00581	0.00581	0.00194	0.00775	0.00517	0.00258	0.00646
1	0.00922	0.00760	0.01136	0.29954	0.02050	0.00827	0.00948	0.01235	0.01453	0.01988	0.45196	0.03330	0.06001	0.00969	0.00646	0.00187	0.00464	0.00856	0.00493	0.00584
2	0.01244	0.02465	0.48951	0.01957	0.02714	0.01396	0.29202	0.01850	0.01282	0.01850	0.01094	0.01356	0.00792	0.00529	0.00603	0.00189	0.00905	0.00527	0.00264	0.00831
3	0.01269	0.02394	0.48547	0.02379	0.30229	0.01362	0.02011	0.01820	0.01264	0.01864	0.01063	0.01308	0.00806	0.00540	0.00561	0.00180	0.00796	0.00463	0.00262	0.00883
4	0.01227	0.01165	0.01977	0.50009	0.31155	0.01326	0.01679	0.01599	0.01224	0.01642	0.01056	0.01508	0.00830	0.00558	0.00579	0.00186	0.00743	0.00517	0.00270	0.00750
5	0.00764	0.00529	0.00658	0.00739	0.00759	0.00509	0.00464	0.00824	0.01005	0.01340	0.02649	0.48660	0.03145	0.33303	0.01640	0.00369	0.00429	0.01326	0.00464	0.00424
6	0.01757	0.01205	0.01372	0.01119	0.01409	0.01313	0.00879	0.46352	0.01988	0.02663	0.01250	0.01536	0.00997	0.01197	0.01220	0.31468	0.00589	0.00517	0.00457	0.00711
7	0.02142	0.01208	0.02135	0.01569	0.02071	0.01087	0.28397	0.02467	0.01554	0.48227	0.01872	0.01824	0.01229	0.00633	0.00623	0.00186	0.00678	0.00623	0.00559	0.00912
8	0.00795	0.00568	0.00774	0.00908	0.00980	0.00547	0.00690	0.00959	0.01198	0.01581	0.03158	0.51772	0.03658	0.01741	0.00765	0.00248	0.00412	0.28214	0.00538	0.00496
9	0.52498	0.00905	0.00737	0.00681	0.00956	0.01017	0.00546	0.01576	0.01076	0.02443	0.01220	0.01406	0.00955	0.00592	0.00377	0.00163	0.00382	0.00401	0.31474	0.00597
10	0.02187	0.02340	0.01685	0.01438	0.01800	0.48759	0.01117	0.29376	0.02058	0.02269	0.01087	0.01180	0.00840	0.00637	0.00546	0.00159	0.00894	0.00431	0.00406	0.00793
11	0.00927	0.00760	0.01142	0.29959	0.02053	0.00829	0.00951	0.01244	0.01464	0.02013	0.47473	0.03289	0.03709	0.00960	0.00646	0.00187	0.00463	0.00850	0.00496	0.00585
12	0.01208	0.00868	0.01010	0.00940	0.01127	0.00943	0.00698	0.01893	0.34614	0.03648	0.05267	0.02449	0.09076	0.01338	0.01240	0.31481	0.00454	0.00672	0.00464	0.00611
13	0.01627	0.01258	0.01715	0.02061	0.29599	0.01329	0.01236	0.02557	0.35564	0.13895	0.01875	0.01864	0.01400	0.00676	0.00585	0.00185	0.00553	0.00593	0.00497	0.00932
14	0.01544	0.00986	0.01034	0.00867	0.01138	0.01058	0.00692	0.31046	0.01839	0.02780	0.01692	0.01853	0.01286	0.00686	0.00478	0.00151	0.00422	0.00534	0.49190	0.00725
15	0.02187	0.02340	0.01685	0.01438	0.01800	0.48759	0.01117	0.29376	0.02058	0.02269	0.01087	0.01180	0.00840	0.00637	0.00546	0.00159	0.00894	0.00431	0.00406	0.00793
16	0.01555	0.79913	0.03047	0.00995	0.01493	0.02301	0.00995	0.01741	0.01182	0.01368	0.00808	0.00933	0.00746	0.00498	0.00373	0.00124	0.00622	0.00311	0.00249	0.00746

[dist]
# distance from previous block
# <min> <max>
7	151

# created by:
# /software/SequenceAnalysis/GenePrediction/augustus/3.0.1/scripts/msa2prfl.pl ./fixed/BUSCOvEOG7P2RGX.fas
