[name]
unknown

[dist]
# distance from previous block
# <min> <max>
0	106

[block]
# block no. 0 follows, 40 sequences, length 14
# corresponding to MSA columns:
# 112-125
name=unknown_A
#
# <colnr> <probs for GDERKNQSTAVLIFYWHMCP>
#	G	D	E	R	K	N	Q	S	T	A	V	L	I	F	Y	W	H	M	C	P
0	0.02609	0.00990	0.01350	0.01035	0.01484	0.00855	0.00855	0.02834	0.01664	0.76338	0.02294	0.01979	0.01439	0.00720	0.00585	0.00180	0.00495	0.00585	0.00720	0.00990
1	0.01365	0.01435	0.01816	0.51735	0.14160	0.16597	0.01541	0.01698	0.01284	0.01534	0.01015	0.01433	0.00791	0.00576	0.00569	0.00182	0.00818	0.00488	0.00271	0.00692
2	0.01120	0.01096	0.01993	0.56334	0.03542	0.01258	0.16064	0.01504	0.01201	0.01562	0.01247	0.08162	0.01058	0.00669	0.00616	0.00198	0.00779	0.00648	0.00290	0.00659
3	0.15952	0.01241	0.01263	0.01028	0.01381	0.01347	0.00825	0.40468	0.01986	0.02844	0.02236	0.02369	0.16067	0.07540	0.00767	0.00213	0.00531	0.00656	0.00515	0.00772
4	0.00908	0.00602	0.00695	0.00711	0.00762	0.00602	0.00453	0.04830	0.01069	0.01491	0.02210	0.25075	0.02475	0.43575	0.01890	0.00398	0.00468	0.01023	0.10320	0.00444
5	0.01113	0.01116	0.02178	0.01645	0.02000	0.01060	0.40057	0.01433	0.01250	0.01689	0.08456	0.02667	0.07850	0.16888	0.07662	0.00332	0.00825	0.00791	0.00359	0.00629
6	0.01322	0.01153	0.01744	0.62695	0.03562	0.01395	0.01512	0.16087	0.01479	0.01925	0.01107	0.01519	0.00818	0.00605	0.00581	0.00190	0.00748	0.00518	0.00324	0.00715
7	0.00822	0.00600	0.00850	0.00863	0.00939	0.00670	0.00634	0.00978	0.00933	0.01318	0.01766	0.09722	0.01809	0.19269	0.55202	0.00795	0.01244	0.00763	0.00341	0.00481
8	0.00719	0.00520	0.00696	0.00814	0.00860	0.00497	0.00554	0.00832	0.01104	0.01475	0.03140	0.69660	0.05961	0.02046	0.07836	0.00300	0.00449	0.01544	0.00519	0.00477
9	0.00893	0.00747	0.01042	0.00988	0.01152	0.00749	0.07396	0.01253	0.10770	0.01660	0.03225	0.37250	0.17448	0.01668	0.07240	0.00277	0.02343	0.01212	0.02112	0.00573
10	0.01286	0.04110	0.09150	0.01838	0.02160	0.01585	0.28715	0.01606	0.01115	0.01611	0.00989	0.01424	0.00843	0.00941	0.05369	0.00259	0.35450	0.00568	0.00272	0.00710
11	0.08876	0.01452	0.08771	0.01882	0.02381	0.01260	0.46289	0.01693	0.01380	0.02025	0.16124	0.02041	0.01774	0.00641	0.00645	0.00191	0.00779	0.00704	0.00366	0.00729
12	0.00759	0.00546	0.00731	0.00860	0.00923	0.00518	0.00626	0.00900	0.01173	0.01546	0.03281	0.59866	0.06528	0.01759	0.00754	0.00242	0.00381	0.17580	0.00539	0.00487
13	0.01276	0.01285	0.10940	0.08117	0.05106	0.01226	0.08608	0.02936	0.01148	0.08505	0.01332	0.05806	0.01160	0.01563	0.16417	0.03101	0.19844	0.00610	0.00335	0.00687

[dist]
# distance from previous block
# <min> <max>
1	2

[block]
# block no. 1 follows, 40 sequences, length 6
# corresponding to MSA columns:
# 128-133
name=unknown_B
#
# <colnr> <probs for GDERKNQSTAVLIFYWHMCP>
#	G	D	E	R	K	N	Q	S	T	A	V	L	I	F	Y	W	H	M	C	P
0	0.01639	0.00914	0.01134	0.00952	0.01252	0.00893	0.00755	0.08798	0.11833	0.27330	0.33945	0.02974	0.03194	0.00930	0.00629	0.00183	0.00408	0.00791	0.00655	0.00789
1	0.01745	0.01177	0.01402	0.14410	0.01880	0.03180	0.00995	0.22818	0.10799	0.16869	0.07931	0.02046	0.01599	0.05034	0.00711	0.00201	0.00568	0.00610	0.05208	0.00816
2	0.16736	0.06257	0.01000	0.00877	0.01062	0.00910	0.00682	0.07073	0.01242	0.01925	0.02214	0.34389	0.02405	0.01502	0.06621	0.00265	0.00515	0.08280	0.05468	0.00578
3	0.01371	0.01789	0.16938	0.08601	0.22166	0.04988	0.26503	0.01914	0.06432	0.01857	0.01187	0.01484	0.00911	0.00543	0.00608	0.00185	0.00831	0.00562	0.00301	0.00828
4	0.05980	0.06571	0.28260	0.06201	0.10730	0.01296	0.09041	0.04818	0.01288	0.04221	0.01211	0.01478	0.00932	0.00872	0.06759	0.00237	0.00790	0.00493	0.08047	0.00778
5	0.05158	0.24767	0.07826	0.01079	0.01504	0.05535	0.00989	0.23356	0.01710	0.02288	0.05653	0.01823	0.08167	0.00713	0.00507	0.00159	0.00584	0.00532	0.06882	0.00769

[dist]
# distance from previous block
# <min> <max>
10	32

[block]
# block no. 2 follows, 40 sequences, length 18
# corresponding to MSA columns:
# 167-184
name=unknown_C
#
# <colnr> <probs for GDERKNQSTAVLIFYWHMCP>
#	G	D	E	R	K	N	Q	S	T	A	V	L	I	F	Y	W	H	M	C	P
0	0.02543	0.01095	0.01415	0.01085	0.01537	0.01011	0.00896	0.14559	0.01841	0.64364	0.02146	0.01883	0.01365	0.00716	0.00584	0.00179	0.00519	0.00575	0.00697	0.00990
1	0.02246	0.01751	0.01688	0.01333	0.01769	0.14132	0.01082	0.54787	0.02444	0.10852	0.01408	0.01400	0.00996	0.00684	0.00573	0.00171	0.00692	0.00505	0.00550	0.00937
2	0.00812	0.00716	0.00885	0.01090	0.13170	0.00637	0.00668	0.00990	0.01316	0.01621	0.04979	0.08249	0.60120	0.01331	0.00671	0.00194	0.00362	0.01130	0.00498	0.00561
3	0.00714	0.00585	0.00618	0.00619	0.00789	0.00501	0.00454	0.00866	0.01327	0.01633	0.13954	0.08679	0.59715	0.05963	0.00821	0.00218	0.00310	0.01203	0.00541	0.00489
4	0.01263	0.14030	0.01509	0.00883	0.01397	0.01027	0.00739	0.01510	0.01202	0.01808	0.00996	0.01161	0.00842	0.00442	0.00421	0.00092	0.00462	0.00339	0.00329	0.69546
5	0.00909	0.00669	0.00920	0.01040	0.03318	0.00652	0.00847	0.01170	0.01396	0.01844	0.17099	0.05905	0.09743	0.01483	0.00764	0.00243	0.00470	0.50433	0.00548	0.00546
6	0.00882	0.00693	0.00880	0.09326	0.01279	0.00706	0.00697	0.05263	0.06063	0.01689	0.03320	0.47095	0.16919	0.01487	0.00695	0.00218	0.00403	0.01317	0.00515	0.00554
7	0.07935	0.32755	0.35380	0.01301	0.01945	0.01757	0.01488	0.08057	0.01322	0.01876	0.00964	0.01105	0.00754	0.00543	0.00470	0.00160	0.00715	0.00382	0.00285	0.00808
8	0.09735	0.00908	0.01011	0.03491	0.01133	0.01014	0.00671	0.11487	0.07393	0.01847	0.04028	0.04385	0.05085	0.36667	0.01768	0.00364	0.07302	0.00729	0.00415	0.00568
9	0.01115	0.02322	0.52073	0.09506	0.02430	0.01219	0.05961	0.01683	0.01298	0.01887	0.13339	0.01794	0.01532	0.00657	0.00585	0.00186	0.00761	0.00556	0.00315	0.00782
10	0.01799	0.35464	0.07270	0.01172	0.01654	0.08175	0.01083	0.23139	0.01726	0.06460	0.03623	0.01283	0.01021	0.00603	0.00484	0.00149	0.00654	0.00429	0.00394	0.03419
11	0.01318	0.01613	0.09466	0.10178	0.02968	0.01468	0.54016	0.01783	0.01298	0.01783	0.01115	0.01512	0.00849	0.00549	0.00766	0.00200	0.07441	0.00632	0.00283	0.00764
12	0.01268	0.01217	0.01175	0.00956	0.01343	0.13313	0.00731	0.01477	0.01261	0.01737	0.01437	0.16451	0.01427	0.00731	0.00507	0.00126	0.00514	0.00606	0.00375	0.53349
13	0.08381	0.00855	0.00999	0.08862	0.01297	0.00996	0.00753	0.07491	0.01266	0.02134	0.01484	0.01785	0.01180	0.00713	0.00683	0.00168	0.13259	0.00513	0.46568	0.00613
14	0.01219	0.01099	0.05697	0.01568	0.19768	0.00999	0.01027	0.02973	0.01223	0.01907	0.01376	0.04875	0.01190	0.01926	0.03087	0.00184	0.08089	0.00535	0.21968	0.19290
15	0.01430	0.01156	0.01311	0.00973	0.01455	0.01016	0.00783	0.19457	0.01585	0.02316	0.01291	0.03697	0.02544	0.00561	0.00483	0.00115	0.00477	0.00447	0.00413	0.58491
16	0.01213	0.00986	0.00960	0.00888	0.01079	0.13204	0.00668	0.01439	0.01583	0.09760	0.45312	0.10126	0.08261	0.01115	0.00654	0.00183	0.00432	0.00954	0.00578	0.00605
17	0.04237	0.07798	0.01513	0.04608	0.05853	0.01400	0.00956	0.14003	0.31066	0.02325	0.03793	0.02040	0.05700	0.03346	0.00651	0.00188	0.01458	0.00601	0.00486	0.07976

[dist]
# distance from previous block
# <min> <max>
7	22

[block]
# block no. 3 follows, 40 sequences, length 9
# corresponding to MSA columns:
# 208-216
name=unknown_D
#
# <colnr> <probs for GDERKNQSTAVLIFYWHMCP>
#	G	D	E	R	K	N	Q	S	T	A	V	L	I	F	Y	W	H	M	C	P
0	0.03746	0.01073	0.01323	0.11021	0.01710	0.01083	0.00909	0.06007	0.08013	0.01919	0.01505	0.05676	0.04999	0.00707	0.00693	0.00154	0.10589	0.00542	0.00380	0.37951
1	0.13446	0.10932	0.30081	0.04656	0.09744	0.03797	0.01431	0.01769	0.04824	0.01971	0.10705	0.01631	0.01409	0.00637	0.00525	0.00175	0.00661	0.00502	0.00337	0.00767
2	0.01394	0.18823	0.01638	0.04874	0.03499	0.19637	0.00933	0.01756	0.10804	0.01566	0.01704	0.20518	0.01709	0.01223	0.07164	0.00242	0.00724	0.00744	0.00384	0.00664
3	0.01491	0.01811	0.14058	0.02793	0.48275	0.11204	0.01684	0.01974	0.07582	0.01874	0.01168	0.01417	0.00942	0.00557	0.00567	0.00174	0.00745	0.00497	0.00308	0.00879
4	0.04046	0.01264	0.05392	0.49968	0.15138	0.01376	0.01569	0.10949	0.01390	0.01889	0.01083	0.01477	0.00820	0.00584	0.00572	0.00187	0.00737	0.00507	0.00308	0.00744
5	0.01468	0.01461	0.05863	0.11984	0.44541	0.05829	0.01559	0.04817	0.04923	0.04375	0.01302	0.01562	0.02798	0.00579	0.00570	0.00173	0.00690	0.00524	0.00333	0.04649
6	0.05322	0.04952	0.01061	0.00829	0.01098	0.04814	0.02146	0.03584	0.01322	0.10169	0.07525	0.01975	0.01560	0.00929	0.04937	0.03246	0.00491	0.00536	0.32189	0.11312
7	0.01227	0.08809	0.51185	0.09475	0.05024	0.01438	0.11271	0.01799	0.01239	0.01772	0.01042	0.01287	0.00766	0.00542	0.00559	0.00181	0.00842	0.00465	0.00255	0.00821
8	0.13190	0.26947	0.18957	0.05283	0.03975	0.05662	0.04617	0.06946	0.01342	0.06652	0.01039	0.01182	0.00802	0.00554	0.00479	0.00162	0.00693	0.00408	0.00324	0.00786

[dist]
# distance from previous block
# <min> <max>
0	4

[block]
# block no. 4 follows, 40 sequences, length 7
# corresponding to MSA columns:
# 221-227
name=unknown_E
#
# <colnr> <probs for GDERKNQSTAVLIFYWHMCP>
#	G	D	E	R	K	N	Q	S	T	A	V	L	I	F	Y	W	H	M	C	P
0	0.20492	0.10419	0.01570	0.09058	0.01720	0.01465	0.00967	0.23326	0.01693	0.13872	0.06261	0.01538	0.01220	0.00674	0.00560	0.00176	0.03219	0.00495	0.00473	0.00802
1	0.07725	0.11842	0.01661	0.01138	0.01502	0.10083	0.09233	0.05358	0.01301	0.01862	0.01245	0.05637	0.01110	0.04226	0.00667	0.00167	0.04363	0.00514	0.09744	0.20622
2	0.01352	0.01157	0.01326	0.05924	0.13531	0.11841	0.00968	0.01614	0.01476	0.09021	0.23557	0.02877	0.05883	0.00873	0.00609	0.00173	0.00545	0.06484	0.00471	0.10319
3	0.01755	0.01206	0.01451	0.01402	0.09972	0.01276	0.00994	0.18105	0.26665	0.17493	0.02230	0.07967	0.05172	0.00837	0.00603	0.00189	0.00515	0.00702	0.00574	0.00894
4	0.01321	0.01288	0.02246	0.11662	0.52032	0.01297	0.10054	0.01669	0.01312	0.01817	0.01555	0.01864	0.08047	0.00613	0.00600	0.00180	0.00696	0.00605	0.00309	0.00833
5	0.01211	0.01144	0.01861	0.15801	0.33013	0.01165	0.06219	0.01515	0.01248	0.01736	0.01687	0.07808	0.08250	0.00733	0.00655	0.00179	0.04403	0.00664	0.00332	0.10377
6	0.01199	0.00965	0.01232	0.01103	0.03490	0.00911	0.00885	0.04325	0.01300	0.03720	0.03565	0.03057	0.01790	0.00917	0.00740	0.00175	0.09382	0.23582	0.00421	0.37240

[dist]
# distance from previous block
# <min> <max>
13	55

[block]
# block no. 5 follows, 40 sequences, length 69
# corresponding to MSA columns:
# 283-351
name=unknown_F
#
# <colnr> <probs for GDERKNQSTAVLIFYWHMCP>
#	G	D	E	R	K	N	Q	S	T	A	V	L	I	F	Y	W	H	M	C	P
0	0.29478	0.14426	0.03859	0.16298	0.03720	0.05069	0.00985	0.04388	0.02905	0.02032	0.01244	0.01440	0.04121	0.00608	0.00458	0.00169	0.00577	0.00441	0.07104	0.00676
1	0.06725	0.01037	0.04361	0.05145	0.01439	0.01012	0.00894	0.13011	0.10052	0.04060	0.07338	0.05327	0.11790	0.04611	0.00746	0.00221	0.00508	0.17659	0.00508	0.03558
2	0.02193	0.02886	0.05969	0.01137	0.01588	0.03385	0.03677	0.07411	0.03120	0.49964	0.03678	0.05584	0.01497	0.00743	0.00583	0.00177	0.00549	0.00615	0.00612	0.04630
3	0.05021	0.01091	0.01274	0.05585	0.01550	0.00992	0.00808	0.10322	0.04975	0.04483	0.05011	0.01568	0.02876	0.00578	0.00518	0.00127	0.02130	0.00457	0.00410	0.50222
4	0.21127	0.05605	0.01420	0.08240	0.01671	0.03144	0.00925	0.25956	0.05028	0.05208	0.04314	0.04915	0.01227	0.00692	0.00514	0.00172	0.00552	0.00526	0.02328	0.06438
5	0.34569	0.02844	0.05820	0.02878	0.03838	0.01387	0.00942	0.20529	0.01525	0.05409	0.01111	0.01238	0.00838	0.00607	0.00526	0.00172	0.04012	0.00418	0.04132	0.07205
6	0.01968	0.01027	0.04149	0.01076	0.01456	0.00888	0.04142	0.02243	0.03370	0.46106	0.07346	0.04808	0.05358	0.03826	0.00753	0.00200	0.03976	0.02298	0.00605	0.04404
7	0.01315	0.01390	0.06702	0.08905	0.45296	0.01287	0.11254	0.01709	0.02918	0.01838	0.01434	0.04585	0.04638	0.00620	0.00596	0.00179	0.00700	0.00609	0.00314	0.03709
8	0.01112	0.00702	0.00902	0.00807	0.01013	0.00645	0.00616	0.01439	0.05262	0.12221	0.54112	0.07349	0.04399	0.01091	0.00655	0.00180	0.00326	0.00956	0.00626	0.05587
9	0.04030	0.00716	0.00848	0.00782	0.00978	0.00679	0.00591	0.04429	0.05081	0.02185	0.43494	0.11774	0.13468	0.01167	0.00651	0.00183	0.00328	0.01012	0.00578	0.07027
10	0.01555	0.79913	0.03047	0.00995	0.01493	0.02301	0.00995	0.01741	0.01182	0.01368	0.00808	0.00933	0.00746	0.00498	0.00373	0.00124	0.00622	0.00311	0.00249	0.00746
11	0.00781	0.00588	0.00723	0.00700	0.00846	0.00529	0.00521	0.01012	0.01531	0.02085	0.53315	0.09166	0.23470	0.01300	0.00690	0.00190	0.00283	0.01133	0.00608	0.00529
12	0.01029	0.00915	0.01315	0.01201	0.01258	0.01201	0.00972	0.01201	0.00915	0.01372	0.01201	0.01830	0.01144	0.02859	0.43398	0.00629	0.36133	0.00572	0.00286	0.00572
13	0.01098	0.01034	0.01744	0.78165	0.04005	0.01292	0.01615	0.01486	0.01163	0.01486	0.01034	0.01550	0.00775	0.00581	0.00581	0.00194	0.00775	0.00517	0.00258	0.00646
14	0.01446	0.01249	0.01315	0.01183	0.01512	0.01446	0.00920	0.03090	0.74885	0.02433	0.02367	0.02170	0.01775	0.00789	0.00592	0.00197	0.00460	0.00657	0.00592	0.00920
15	0.83671	0.01125	0.00855	0.00765	0.01125	0.01305	0.00630	0.01709	0.00990	0.02609	0.00810	0.00945	0.00630	0.00540	0.00360	0.00180	0.00450	0.00315	0.00360	0.00630
16	0.02609	0.00990	0.01350	0.01035	0.01484	0.00855	0.00855	0.02834	0.01664	0.76338	0.02294	0.01979	0.01439	0.00720	0.00585	0.00180	0.00495	0.00585	0.00720	0.00990
17	0.01439	0.01382	0.02360	0.03569	0.75936	0.01382	0.01785	0.01785	0.01324	0.01900	0.01094	0.01439	0.00921	0.00518	0.00576	0.00173	0.00691	0.00518	0.00288	0.00921
18	0.01185	0.00617	0.00632	0.00600	0.00763	0.00625	0.00458	0.05754	0.01320	0.03854	0.01875	0.02118	0.01459	0.00680	0.00421	0.00139	0.00298	0.00542	0.76083	0.00579
19	0.00820	0.00594	0.00773	0.00728	0.00867	0.00547	0.00546	0.01091	0.01638	0.02314	0.73947	0.04374	0.07180	0.01196	0.00686	0.00183	0.00275	0.01056	0.00638	0.00547
20	0.01247	0.01008	0.01189	0.00867	0.01359	0.00765	0.00690	0.01497	0.01222	0.05237	0.01187	0.04715	0.01020	0.00506	0.00452	0.00097	0.00429	0.00414	0.00370	0.75729
21	0.74618	0.05875	0.01062	0.00919	0.04891	0.01368	0.00710	0.01715	0.01018	0.02499	0.00824	0.00969	0.00651	0.00536	0.00371	0.00176	0.00472	0.00325	0.00350	0.00651
22	0.24621	0.05921	0.49077	0.01357	0.02040	0.01384	0.01622	0.01843	0.03729	0.02059	0.01013	0.01167	0.00743	0.00555	0.00491	0.00181	0.00718	0.00400	0.00290	0.00791
23	0.04935	0.00951	0.01187	0.00946	0.01340	0.00840	0.00758	0.02186	0.06817	0.38402	0.06780	0.07839	0.01746	0.00764	0.00555	0.00163	0.00444	0.00635	0.02473	0.20239
24	0.46538	0.01239	0.03036	0.04058	0.06051	0.01294	0.07689	0.07790	0.01307	0.14344	0.01160	0.01264	0.00838	0.00577	0.00470	0.00181	0.00558	0.00432	0.00419	0.00754
25	0.01523	0.76483	0.02949	0.00984	0.01466	0.02225	0.00976	0.01713	0.01202	0.01410	0.04044	0.01080	0.00951	0.00527	0.00387	0.00127	0.00607	0.00343	0.00266	0.00738
26	0.01634	0.01252	0.01390	0.01106	0.01506	0.01270	0.00883	0.37430	0.05919	0.02733	0.01651	0.14493	0.01477	0.00817	0.00567	0.00161	0.00520	0.00671	0.00508	0.24011
27	0.31792	0.00946	0.01210	0.19800	0.01885	0.01065	0.06038	0.01395	0.01090	0.01925	0.01564	0.22084	0.01579	0.01061	0.04010	0.00234	0.00587	0.00762	0.00376	0.00598
28	0.01350	0.01407	0.07249	0.02537	0.37223	0.01289	0.15082	0.06807	0.04581	0.01975	0.01592	0.11136	0.03649	0.00729	0.00620	0.00188	0.00687	0.00712	0.00359	0.00827
29	0.01206	0.01034	0.01206	0.00861	0.01378	0.00775	0.00689	0.01464	0.01206	0.01895	0.01034	0.01206	0.00861	0.00431	0.00431	0.00086	0.00431	0.00345	0.00345	0.83118
30	0.83671	0.01125	0.00855	0.00765	0.01125	0.01305	0.00630	0.01709	0.00990	0.02609	0.00810	0.00945	0.00630	0.00540	0.00360	0.00180	0.00450	0.00315	0.00360	0.00630
31	0.01874	0.00948	0.03961	0.00950	0.01311	0.00794	0.00790	0.02185	0.05094	0.43328	0.13427	0.07127	0.06160	0.00879	0.00598	0.00179	0.00439	0.00739	0.04754	0.04463
32	0.14746	0.05219	0.08984	0.04498	0.01622	0.04491	0.00985	0.02300	0.01435	0.42403	0.01799	0.06271	0.01292	0.00718	0.00543	0.00180	0.00559	0.00565	0.00542	0.00848
33	0.00833	0.00615	0.00896	0.00896	0.00986	0.00706	0.00678	0.01014	0.00923	0.01321	0.01593	0.02481	0.01539	0.14084	0.67653	0.00887	0.01429	0.00652	0.00317	0.00498
34	0.01272	0.01272	0.01781	0.01527	0.01527	0.01781	0.01272	0.01399	0.00891	0.01399	0.00763	0.01272	0.00763	0.01018	0.01908	0.00254	0.78499	0.00509	0.00254	0.00636
35	0.01416	0.01359	0.02357	0.10708	0.02448	0.01445	0.33380	0.13299	0.04811	0.02074	0.01469	0.01760	0.04688	0.00676	0.00799	0.00197	0.10997	0.00635	0.04722	0.00760
36	0.00981	0.00762	0.00918	0.00839	0.01037	0.00762	0.00639	0.01564	0.18172	0.02335	0.55754	0.03713	0.04442	0.01065	0.00653	0.00182	0.00323	0.00931	0.00616	0.04312
37	0.83671	0.01125	0.00855	0.00765	0.01125	0.01305	0.00630	0.01709	0.00990	0.02609	0.00810	0.00945	0.00630	0.00540	0.00360	0.00180	0.00450	0.00315	0.00360	0.00630
38	0.00901	0.00565	0.00753	0.00818	0.00906	0.00520	0.00570	0.01042	0.01250	0.08480	0.14869	0.59971	0.03892	0.01618	0.00719	0.00222	0.00342	0.01458	0.00573	0.00532
39	0.00712	0.00507	0.00674	0.00806	0.00839	0.00474	0.00535	0.00811	0.01107	0.01476	0.03174	0.77449	0.03806	0.03611	0.00793	0.00244	0.00343	0.01635	0.00535	0.00470
40	0.01098	0.01034	0.01744	0.78165	0.04005	0.01292	0.01615	0.01486	0.01163	0.01486	0.01034	0.01550	0.00775	0.00581	0.00581	0.00194	0.00775	0.00517	0.00258	0.00646
41	0.00845	0.00625	0.00795	0.00760	0.00905	0.00590	0.00572	0.01174	0.05263	0.02247	0.63465	0.07969	0.08337	0.01223	0.00687	0.00189	0.00294	0.02874	0.00626	0.00561
42	0.01439	0.01382	0.02360	0.03569	0.75936	0.01382	0.01785	0.01785	0.01324	0.01900	0.01094	0.01439	0.00921	0.00518	0.00576	0.00173	0.00691	0.00518	0.00288	0.00921
43	0.01206	0.01034	0.01206	0.00861	0.01378	0.00775	0.00689	0.01464	0.01206	0.01895	0.01034	0.01206	0.00861	0.00431	0.00431	0.00086	0.00431	0.00345	0.00345	0.83118
44	0.83671	0.01125	0.00855	0.00765	0.01125	0.01305	0.00630	0.01709	0.00990	0.02609	0.00810	0.00945	0.00630	0.00540	0.00360	0.00180	0.00450	0.00315	0.00360	0.00630
45	0.01098	0.01034	0.01744	0.78165	0.04005	0.01292	0.01615	0.01486	0.01163	0.01486	0.01034	0.01550	0.00775	0.00581	0.00581	0.00194	0.00775	0.00517	0.00258	0.00646
46	0.83671	0.01125	0.00855	0.00765	0.01125	0.01305	0.00630	0.01709	0.00990	0.02609	0.00810	0.00945	0.00630	0.00540	0.00360	0.00180	0.00450	0.00315	0.00360	0.00630
47	0.01514	0.58926	0.15906	0.01107	0.01668	0.01994	0.01178	0.01792	0.01212	0.04720	0.00926	0.01044	0.00780	0.00514	0.00417	0.00135	0.00649	0.00346	0.00273	0.04899
48	0.01114	0.01016	0.01586	0.57395	0.03291	0.01148	0.01378	0.01467	0.01181	0.01588	0.01133	0.01717	0.00919	0.00598	0.00559	0.00174	0.00688	0.03938	0.00291	0.18820
49	0.01446	0.01249	0.01315	0.01183	0.01512	0.01446	0.00920	0.03090	0.74885	0.02433	0.02367	0.02170	0.01775	0.00789	0.00592	0.00197	0.00460	0.00657	0.00592	0.00920
50	0.01095	0.00684	0.00890	0.14264	0.01400	0.00729	0.00726	0.02592	0.01232	0.05596	0.02079	0.19587	0.01952	0.00971	0.00577	0.00180	0.02205	0.04016	0.38645	0.00577
51	0.02211	0.01629	0.01745	0.01338	0.01803	0.01803	0.01105	0.73997	0.02734	0.03665	0.01396	0.01396	0.00989	0.00698	0.00582	0.00175	0.00640	0.00524	0.00582	0.00989
52	0.00864	0.00617	0.00853	0.00987	0.01089	0.00606	0.00809	0.01078	0.01266	0.01658	0.03120	0.29893	0.03507	0.01676	0.00784	0.00258	0.00472	0.49413	0.00537	0.00515
53	0.02211	0.01629	0.01745	0.01338	0.01803	0.01803	0.01105	0.73997	0.02734	0.03665	0.01396	0.01396	0.00989	0.00698	0.00582	0.00175	0.00640	0.00524	0.00582	0.00989
54	0.01084	0.00542	0.00542	0.00542	0.00678	0.00542	0.00407	0.01355	0.01220	0.02168	0.01897	0.02168	0.01491	0.00678	0.00407	0.00136	0.00271	0.00542	0.82791	0.00542
55	0.02211	0.01629	0.01745	0.01338	0.01803	0.01803	0.01105	0.73997	0.02734	0.03665	0.01396	0.01396	0.00989	0.00698	0.00582	0.00175	0.00640	0.00524	0.00582	0.00989
56	0.01555	0.79913	0.03047	0.00995	0.01493	0.02301	0.00995	0.01741	0.01182	0.01368	0.00808	0.00933	0.00746	0.00498	0.00373	0.00124	0.00622	0.00311	0.00249	0.00746
57	0.01439	0.01382	0.02360	0.03569	0.75936	0.01382	0.01785	0.01785	0.01324	0.01900	0.01094	0.01439	0.00921	0.00518	0.00576	0.00173	0.00691	0.00518	0.00288	0.00921
58	0.00800	0.00572	0.00778	0.00905	0.00981	0.00550	0.00690	0.00971	0.01222	0.01618	0.06340	0.48485	0.03730	0.01713	0.00763	0.00246	0.00409	0.28185	0.00543	0.00500
59	0.02609	0.00990	0.01350	0.01035	0.01484	0.00855	0.00855	0.02834	0.01664	0.76338	0.02294	0.01979	0.01439	0.00720	0.00585	0.00180	0.00495	0.00585	0.00720	0.00990
60	0.01098	0.01034	0.01744	0.78165	0.04005	0.01292	0.01615	0.01486	0.01163	0.01486	0.01034	0.01550	0.00775	0.00581	0.00581	0.00194	0.00775	0.00517	0.00258	0.00646
61	0.01010	0.00505	0.00758	0.00758	0.00758	0.00505	0.00505	0.00758	0.00758	0.01010	0.01010	0.01768	0.01010	0.02020	0.02273	0.83081	0.00505	0.00505	0.00253	0.00253
62	0.19115	0.02294	0.01416	0.01288	0.01590	0.56773	0.00977	0.02136	0.01485	0.01715	0.00940	0.01094	0.00769	0.00592	0.00483	0.00155	0.00877	0.00372	0.05272	0.00657
63	0.00810	0.00594	0.00759	0.00717	0.00861	0.00543	0.00538	0.01071	0.01614	0.02256	0.68710	0.04468	0.12452	0.01217	0.00686	0.00184	0.00276	0.01069	0.00630	0.00543
64	0.00711	0.00508	0.00677	0.00808	0.00844	0.00474	0.00540	0.00817	0.01126	0.01505	0.04989	0.77340	0.03887	0.01806	0.00741	0.00235	0.00336	0.01638	0.00542	0.00474
65	0.83671	0.01125	0.00855	0.00765	0.01125	0.01305	0.00630	0.01709	0.00990	0.02609	0.00810	0.00945	0.00630	0.00540	0.00360	0.00180	0.00450	0.00315	0.00360	0.00630
66	0.01013	0.00545	0.00569	0.00576	0.00676	0.00543	0.00401	0.01215	0.01132	0.01904	0.01948	0.06383	0.01746	0.18124	0.00986	0.00235	0.00339	0.00665	0.60503	0.00497
67	0.01373	0.01569	0.03431	0.02451	0.03039	0.01471	0.73824	0.01863	0.01373	0.01863	0.01176	0.01569	0.00882	0.00490	0.00686	0.00196	0.00980	0.00686	0.00294	0.00784
68	0.83671	0.01125	0.00855	0.00765	0.01125	0.01305	0.00630	0.01709	0.00990	0.02609	0.00810	0.00945	0.00630	0.00540	0.00360	0.00180	0.00450	0.00315	0.00360	0.00630

[dist]
# distance from previous block
# <min> <max>
0	1

[block]
# block no. 6 follows, 40 sequences, length 34
# corresponding to MSA columns:
# 353-386
name=unknown_G
#
# <colnr> <probs for GDERKNQSTAVLIFYWHMCP>
#	G	D	E	R	K	N	Q	S	T	A	V	L	I	F	Y	W	H	M	C	P
0	0.00715	0.00511	0.00681	0.00805	0.00845	0.00477	0.00540	0.00826	0.01144	0.01532	0.07307	0.74945	0.03939	0.01786	0.00739	0.00233	0.00334	0.01619	0.00545	0.00477
1	0.00709	0.00506	0.00675	0.00810	0.00843	0.00472	0.00540	0.00810	0.01113	0.01484	0.03205	0.79184	0.03846	0.01822	0.00742	0.00236	0.00337	0.01653	0.00540	0.00472
2	0.01257	0.00916	0.01142	0.01138	0.01357	0.00963	0.00977	0.18752	0.03689	0.02222	0.02655	0.05198	0.02737	0.01366	0.00744	0.00243	0.00559	0.52883	0.00548	0.00655
3	0.01272	0.01272	0.01781	0.01527	0.01527	0.01781	0.01272	0.01399	0.00891	0.01399	0.00763	0.01272	0.00763	0.01018	0.01908	0.00254	0.78499	0.00509	0.00254	0.00636
4	0.00825	0.00571	0.00713	0.00729	0.00759	0.00593	0.00467	0.00889	0.00900	0.01225	0.01930	0.12508	0.02161	0.51748	0.20927	0.00615	0.00780	0.00888	0.00365	0.00408
5	0.00709	0.00506	0.00675	0.00810	0.00843	0.00472	0.00540	0.00810	0.01113	0.01484	0.03205	0.79184	0.03846	0.01822	0.00742	0.00236	0.00337	0.01653	0.00540	0.00472
6	0.01251	0.02309	0.42206	0.05467	0.02806	0.01399	0.32461	0.01834	0.01286	0.01834	0.01099	0.01387	0.00800	0.00527	0.00610	0.00190	0.00907	0.00542	0.00267	0.00818
7	0.08071	0.05518	0.53267	0.06128	0.06038	0.01367	0.05392	0.01778	0.01204	0.01854	0.01040	0.01273	0.00770	0.00672	0.03069	0.00207	0.00832	0.00444	0.00263	0.00812
8	0.01604	0.01021	0.01247	0.00910	0.01408	0.00798	0.00736	0.01852	0.01336	0.22992	0.01391	0.01425	0.01025	0.00513	0.00474	0.00113	0.00449	0.00413	0.00451	0.59842
9	0.00730	0.00567	0.00665	0.00691	0.00825	0.00501	0.00499	0.00899	0.01353	0.01754	0.24173	0.26109	0.36163	0.01494	0.00702	0.00204	0.00301	0.01300	0.00567	0.00501
10	0.00831	0.00623	0.00935	0.00935	0.01038	0.00727	0.00727	0.01038	0.00935	0.01350	0.01558	0.02285	0.01454	0.04361	0.77259	0.00935	0.01558	0.00623	0.00312	0.00519
11	0.00750	0.00525	0.00666	0.00758	0.00785	0.00500	0.00487	0.00828	0.01052	0.01406	0.04729	0.55845	0.03399	0.23837	0.01369	0.00328	0.00400	0.01408	0.00489	0.00440
12	0.06764	0.04711	0.05106	0.01282	0.01757	0.01700	0.01100	0.57308	0.03831	0.08593	0.01407	0.01401	0.00995	0.00678	0.00560	0.00174	0.00625	0.00506	0.00551	0.00952
13	0.02449	0.01025	0.01345	0.01055	0.01488	0.00936	0.00864	0.02869	0.11745	0.66164	0.02304	0.02006	0.01486	0.00729	0.00586	0.00182	0.00490	0.00595	0.00702	0.00980
14	0.00826	0.00596	0.00784	0.00762	0.00894	0.00554	0.00578	0.01091	0.01595	0.02242	0.66273	0.08366	0.05236	0.01254	0.00698	0.00192	0.00298	0.06590	0.00627	0.00544
15	0.00811	0.00589	0.00765	0.00732	0.00864	0.00542	0.00545	0.01071	0.01602	0.02254	0.68814	0.09050	0.07701	0.01238	0.00689	0.00187	0.00279	0.01095	0.00631	0.00542
16	0.00744	0.00586	0.00671	0.00661	0.00823	0.00514	0.00491	0.00941	0.01445	0.01879	0.34382	0.09374	0.42667	0.01376	0.00690	0.00193	0.00289	0.01180	0.00581	0.00514
17	0.78943	0.01117	0.00884	0.00780	0.01146	0.01278	0.00643	0.01775	0.01029	0.06909	0.00896	0.01005	0.00677	0.00550	0.00373	0.00180	0.00452	0.00331	0.00381	0.00651
18	0.06005	0.01372	0.05555	0.19905	0.49036	0.01360	0.04951	0.01720	0.01267	0.01843	0.01066	0.01432	0.00862	0.00534	0.00569	0.00179	0.00717	0.00510	0.00284	0.00834
19	0.08042	0.00658	0.00643	0.00610	0.00785	0.00684	0.00469	0.05913	0.01295	0.02298	0.01775	0.02018	0.01387	0.00667	0.00414	0.00142	0.00309	0.00522	0.70792	0.00577
20	0.01323	0.01030	0.01218	0.00876	0.01387	0.00782	0.00703	0.01578	0.01244	0.08103	0.01139	0.01270	0.00910	0.00455	0.00444	0.00094	0.00436	0.00365	0.00376	0.76269
21	0.00831	0.00620	0.00920	0.00920	0.01019	0.00719	0.00709	0.01029	0.00930	0.01339	0.01571	0.02359	0.01486	0.08045	0.73619	0.00916	0.01509	0.00634	0.00314	0.00511
22	0.02096	0.04986	0.08038	0.01350	0.01850	0.01786	0.01188	0.64986	0.02544	0.03418	0.01342	0.01363	0.00958	0.00678	0.00571	0.00173	0.00657	0.00507	0.00540	0.00968
23	0.01336	0.01456	0.02902	0.02110	0.02603	0.01426	0.53767	0.01744	0.01281	0.01799	0.01098	0.01478	0.00862	0.00559	0.00831	0.00190	0.12206	0.00616	0.00295	0.11439
24	0.01205	0.06532	0.62155	0.01642	0.02439	0.01371	0.07979	0.01815	0.01236	0.01824	0.01043	0.01240	0.00757	0.00537	0.00547	0.00176	0.00831	0.00440	0.00256	0.05975
25	0.02174	0.00893	0.01210	0.00961	0.01335	0.00780	0.00780	0.02411	0.01660	0.58327	0.20142	0.02555	0.02425	0.00834	0.00609	0.00181	0.00441	0.00698	0.00700	0.00882
26	0.00889	0.00635	0.00881	0.01008	0.01123	0.00627	0.00846	0.01125	0.01308	0.01715	0.05944	0.20354	0.03526	0.01631	0.00787	0.00258	0.00487	0.55792	0.00540	0.00524
27	0.01236	0.01442	0.08187	0.19070	0.05270	0.01358	0.38746	0.01654	0.01257	0.01714	0.01272	0.07987	0.01087	0.00665	0.00741	0.00201	0.06395	0.00692	0.00300	0.00727
28	0.01098	0.01034	0.01744	0.78165	0.04005	0.01292	0.01615	0.01486	0.01163	0.01486	0.01034	0.01550	0.00775	0.00581	0.00581	0.00194	0.00775	0.00517	0.00258	0.00646
29	0.02609	0.00990	0.01350	0.01035	0.01484	0.00855	0.00855	0.02834	0.01664	0.76338	0.02294	0.01979	0.01439	0.00720	0.00585	0.00180	0.00495	0.00585	0.00720	0.00990
30	0.00721	0.00526	0.00679	0.00777	0.00841	0.00484	0.00531	0.00850	0.01206	0.01605	0.13024	0.61692	0.11516	0.01702	0.00729	0.00225	0.00325	0.01530	0.00553	0.00484
31	0.00886	0.00735	0.00846	0.00800	0.00980	0.00746	0.00613	0.01300	0.12674	0.01893	0.24254	0.05587	0.35141	0.01408	0.04500	0.00233	0.05252	0.01024	0.00547	0.00583
32	0.38884	0.06977	0.05161	0.03310	0.01427	0.09460	0.00870	0.01928	0.13012	0.02233	0.07418	0.01690	0.01357	0.00681	0.00477	0.00180	0.00548	0.03290	0.00404	0.00692
33	0.01625	0.01395	0.02052	0.72077	0.04155	0.01556	0.01764	0.01840	0.01489	0.01981	0.01556	0.02246	0.01278	0.00928	0.00801	0.00288	0.00929	0.00682	0.00442	0.00915

[dist]
# distance from previous block
# <min> <max>
0	180

# created by:
# /software/SequenceAnalysis/GenePrediction/augustus/3.0.1/scripts/msa2prfl.pl ./fixed/BUSCOvEOG7VT7BD.fas
