[name]
unknown

[dist]
# distance from previous block
# <min> <max>
0	232

[block]
# block no. 0 follows, 41 sequences, length 98
# corresponding to MSA columns:
# 232-329
name=unknown_A
#
# <colnr> <probs for GDERKNQSTAVLIFYWHMCP>
#	G	D	E	R	K	N	Q	S	T	A	V	L	I	F	Y	W	H	M	C	P
0	0.00697	0.00498	0.00664	0.00796	0.00830	0.00465	0.00531	0.00796	0.01095	0.01460	0.03153	0.79525	0.03783	0.01792	0.00730	0.00232	0.00332	0.01626	0.00531	0.00465
1	0.00832	0.00555	0.00624	0.00624	0.00624	0.00555	0.00347	0.00832	0.00832	0.01109	0.01802	0.03743	0.02080	0.79898	0.02911	0.00555	0.00555	0.00832	0.00347	0.00347
2	0.01247	0.01273	0.02021	0.07836	0.01952	0.01641	0.14183	0.01458	0.00982	0.01463	0.00858	0.01343	0.00785	0.00933	0.02910	0.00247	0.57424	0.00534	0.00258	0.00650
3	0.02566	0.00973	0.01327	0.01018	0.01460	0.00841	0.00841	0.02788	0.01637	0.76726	0.02257	0.01947	0.01416	0.00708	0.00575	0.00177	0.00487	0.00575	0.00708	0.00973
4	0.00964	0.01674	0.35715	0.01137	0.01598	0.00902	0.01262	0.01415	0.01430	0.02072	0.41614	0.02866	0.03253	0.00882	0.00614	0.00180	0.00534	0.00754	0.00452	0.00680
5	0.01350	0.01543	0.03375	0.02411	0.02989	0.01446	0.74253	0.01832	0.01350	0.01832	0.01157	0.01543	0.00868	0.00482	0.00675	0.00193	0.00964	0.00675	0.00289	0.00771
6	0.01095	0.01031	0.01741	0.75321	0.07030	0.01275	0.01596	0.01474	0.01151	0.01479	0.01019	0.01520	0.00769	0.00569	0.00572	0.00190	0.00759	0.00508	0.00255	0.00647
7	0.00713	0.00520	0.00708	0.04071	0.00961	0.00499	0.00576	0.00824	0.01097	0.01460	0.03063	0.76239	0.03656	0.01741	0.00723	0.00231	0.00350	0.01579	0.00519	0.00472
8	0.01293	0.01451	0.03137	0.02269	0.02800	0.01360	0.67772	0.01741	0.01328	0.01800	0.01333	0.08398	0.01124	0.00597	0.00680	0.00196	0.00909	0.00759	0.00311	0.00744
9	0.01058	0.00982	0.01639	0.72276	0.03692	0.01212	0.01504	0.01431	0.01182	0.01528	0.07039	0.01746	0.01135	0.00620	0.00580	0.00190	0.00723	0.00551	0.00284	0.00628
10	0.01335	0.00814	0.00984	0.00849	0.01094	0.00786	0.00664	0.13476	0.01719	0.15472	0.35725	0.06875	0.11992	0.01046	0.00630	0.00180	0.00372	0.00892	0.04416	0.00677
11	0.01286	0.01541	0.07413	0.02236	0.02786	0.01361	0.64160	0.01748	0.01321	0.01801	0.01310	0.07785	0.01094	0.00591	0.00672	0.00195	0.00907	0.00737	0.00306	0.00751
12	0.01639	0.01970	0.01859	0.01559	0.01878	0.42456	0.19366	0.01863	0.01453	0.01525	0.01545	0.14038	0.04734	0.00796	0.00598	0.00175	0.00867	0.00687	0.00342	0.00650
13	0.01349	0.01508	0.03179	0.02437	0.08776	0.01460	0.63412	0.01795	0.01314	0.01804	0.01123	0.01513	0.00863	0.00520	0.00749	0.00195	0.06297	0.00650	0.00286	0.00772
14	0.00697	0.00498	0.00664	0.00796	0.00830	0.00465	0.00531	0.00796	0.01095	0.01460	0.03153	0.79525	0.03783	0.01792	0.00730	0.00232	0.00332	0.01626	0.00531	0.00465
15	0.01416	0.01359	0.02322	0.03511	0.76330	0.01359	0.01755	0.01755	0.01302	0.01869	0.01076	0.01416	0.00906	0.00510	0.00566	0.00170	0.00680	0.00510	0.00283	0.00906
16	0.05667	0.28536	0.07274	0.01213	0.01687	0.09895	0.01101	0.33715	0.01876	0.02432	0.01074	0.01150	0.00833	0.00592	0.00484	0.00153	0.00672	0.00413	0.00399	0.00834
17	0.00855	0.00611	0.00845	0.00977	0.01079	0.00601	0.00806	0.01069	0.01251	0.01637	0.03065	0.28184	0.03438	0.01643	0.00772	0.00254	0.00469	0.51408	0.00528	0.00508
18	0.01127	0.01097	0.01952	0.62691	0.03649	0.01300	0.12821	0.01514	0.01168	0.01529	0.01046	0.01530	0.00792	0.00574	0.00628	0.00192	0.03364	0.00534	0.01839	0.00654
19	0.01401	0.01531	0.02390	0.01861	0.02132	0.09659	0.30565	0.02924	0.01177	0.01601	0.00939	0.01347	0.00800	0.00744	0.01227	0.00215	0.37959	0.00557	0.00276	0.00694
20	0.02513	0.00985	0.01326	0.01024	0.01461	0.00868	0.00844	0.02799	0.05048	0.73284	0.02260	0.01956	0.01431	0.00711	0.00576	0.00178	0.00485	0.00579	0.00702	0.00970
21	0.02414	0.00997	0.01320	0.01021	0.01444	0.00895	0.00840	0.08422	0.01720	0.65737	0.07259	0.02061	0.01654	0.00738	0.00582	0.00177	0.00483	0.00602	0.00692	0.00944
22	0.02214	0.00924	0.01235	0.00973	0.01357	0.00820	0.00793	0.05340	0.01676	0.59515	0.16366	0.02370	0.02161	0.00796	0.00594	0.00177	0.00451	0.00661	0.00687	0.00890
23	0.05067	0.76845	0.02905	0.00969	0.01453	0.02221	0.00963	0.01711	0.01154	0.01398	0.00795	0.00918	0.00729	0.00491	0.00366	0.00125	0.00604	0.00306	0.00249	0.00729
24	0.02457	0.01135	0.04854	0.01079	0.01542	0.00967	0.00927	0.10726	0.01735	0.65125	0.02101	0.01849	0.01335	0.00698	0.00573	0.00177	0.00519	0.00561	0.00671	0.00967
25	0.01479	0.07800	0.02260	0.02973	0.58334	0.07937	0.01589	0.01818	0.03491	0.01780	0.01059	0.01357	0.00896	0.00545	0.00606	0.00169	0.04276	0.00485	0.00288	0.00859
26	0.01186	0.01017	0.01186	0.00847	0.01356	0.00762	0.00678	0.01440	0.01186	0.01864	0.01017	0.01186	0.00847	0.00424	0.00424	0.00085	0.00424	0.00339	0.00339	0.83395
27	0.01147	0.02959	0.76934	0.01630	0.02476	0.01328	0.02113	0.01811	0.01208	0.01811	0.01026	0.01208	0.00725	0.00543	0.00543	0.00181	0.00845	0.00423	0.00242	0.00845
28	0.06283	0.01593	0.01688	0.01303	0.01757	0.01760	0.01073	0.70509	0.02613	0.03568	0.01368	0.01386	0.00979	0.00695	0.00572	0.00177	0.00628	0.00513	0.00569	0.00967
29	0.00733	0.00521	0.00680	0.00802	0.00836	0.00487	0.00530	0.00819	0.01093	0.01460	0.03076	0.74032	0.03678	0.07175	0.00890	0.00259	0.00356	0.01575	0.00526	0.00470
30	0.00939	0.00671	0.00930	0.01060	0.01190	0.00666	0.00917	0.01188	0.01323	0.01725	0.03051	0.09289	0.03325	0.01601	0.00798	0.00266	0.00528	0.69459	0.00535	0.00538
31	0.01413	0.01348	0.02286	0.09540	0.70233	0.01364	0.01749	0.01748	0.01305	0.01858	0.01096	0.01459	0.00918	0.00532	0.00577	0.00176	0.00694	0.00518	0.00290	0.00896
32	0.01129	0.01058	0.01772	0.73069	0.08925	0.01290	0.01607	0.01499	0.01171	0.01514	0.01046	0.01551	0.00797	0.00584	0.00582	0.00194	0.00764	0.00516	0.00265	0.00667
33	0.00724	0.00517	0.00683	0.00814	0.00850	0.00481	0.00543	0.00816	0.01111	0.01484	0.03169	0.79243	0.03795	0.01804	0.00740	0.00237	0.00341	0.01630	0.00539	0.00478
34	0.01173	0.02968	0.76645	0.01645	0.02489	0.01341	0.02119	0.01827	0.01223	0.01834	0.01052	0.01243	0.00749	0.00560	0.00554	0.00186	0.00853	0.00431	0.00251	0.00858
35	0.01224	0.06237	0.71593	0.01601	0.02421	0.01369	0.02038	0.01847	0.01232	0.03676	0.01072	0.01249	0.00767	0.00562	0.00547	0.00183	0.00834	0.00430	0.00262	0.00856
36	0.01190	0.06529	0.73239	0.01615	0.02443	0.01384	0.02066	0.01823	0.01221	0.01813	0.01041	0.01229	0.00750	0.00558	0.00546	0.00183	0.00842	0.00426	0.00251	0.00852
37	0.00760	0.00641	0.00659	0.00657	0.00856	0.00564	0.00499	0.00991	0.05734	0.01628	0.05455	0.05369	0.67743	0.01428	0.00686	0.00201	0.00321	0.04742	0.00542	0.00524
38	0.01490	0.01469	0.02286	0.03377	0.70918	0.06614	0.01717	0.01808	0.01340	0.01859	0.01088	0.01424	0.00918	0.00532	0.00573	0.00173	0.00712	0.00508	0.00293	0.00901
39	0.00826	0.00579	0.00634	0.00633	0.00676	0.00555	0.00378	0.00849	0.00949	0.01227	0.02667	0.04140	0.17726	0.63032	0.02441	0.00481	0.00507	0.00918	0.00394	0.00390
40	0.02101	0.02637	0.01637	0.01485	0.01766	0.72187	0.01118	0.02266	0.02882	0.01440	0.00929	0.01098	0.00780	0.00630	0.00596	0.00158	0.04918	0.00388	0.00306	0.00678
41	0.01860	0.01397	0.01511	0.01232	0.01607	0.01539	0.00987	0.51962	0.14203	0.03114	0.01809	0.12832	0.01528	0.00877	0.00607	0.00189	0.00566	0.00705	0.00575	0.00900
42	0.00844	0.00632	0.00938	0.00936	0.01041	0.00730	0.00726	0.01040	0.00936	0.01352	0.01555	0.02278	0.01452	0.04292	0.77331	0.00921	0.01537	0.00620	0.00315	0.00524
43	0.00903	0.00653	0.00884	0.01003	0.01131	0.00638	0.00849	0.01131	0.01306	0.01693	0.03282	0.14534	0.09206	0.01606	0.00784	0.00259	0.00494	0.58578	0.00535	0.00530
44	0.00957	0.00631	0.00822	0.00758	0.00916	0.00576	0.00572	0.01216	0.01634	0.07433	0.70678	0.04135	0.05129	0.01152	0.00678	0.00184	0.00294	0.01009	0.00642	0.00583
45	0.01622	0.01307	0.01402	0.01215	0.01563	0.01474	0.00969	0.23348	0.48275	0.02706	0.02131	0.02294	0.01669	0.00831	0.00607	0.00198	0.00518	0.06384	0.00582	0.00906
46	0.01188	0.06076	0.73673	0.01618	0.02449	0.01379	0.02073	0.01823	0.01221	0.01815	0.01043	0.01231	0.00750	0.00558	0.00547	0.00183	0.00843	0.00426	0.00251	0.00853
47	0.01440	0.01375	0.02334	0.03518	0.76045	0.01372	0.01762	0.01772	0.01318	0.01891	0.01101	0.01450	0.00930	0.00527	0.00577	0.00175	0.00687	0.00518	0.00292	0.00918
48	0.00792	0.00556	0.00653	0.00700	0.00736	0.00530	0.00436	0.00838	0.00997	0.01311	0.02761	0.31577	0.10969	0.42392	0.01869	0.00400	0.00452	0.01170	0.00443	0.00419
49	0.01211	0.01034	0.01203	0.00865	0.01373	0.00777	0.00689	0.01458	0.01202	0.01886	0.01042	0.01221	0.00871	0.00441	0.00435	0.00090	0.00432	0.00348	0.00347	0.83073
50	0.01387	0.01321	0.02239	0.15334	0.64642	0.01358	0.01736	0.01725	0.01293	0.01827	0.01092	0.01467	0.00907	0.00537	0.00578	0.00178	0.00700	0.00517	0.00287	0.00875
51	0.01173	0.02968	0.76645	0.01645	0.02489	0.01341	0.02119	0.01827	0.01223	0.01834	0.01052	0.01243	0.00749	0.00560	0.00554	0.00186	0.00853	0.00431	0.00251	0.00858
52	0.00723	0.00523	0.00678	0.00800	0.00846	0.00482	0.00536	0.00818	0.01125	0.01490	0.03339	0.74502	0.08427	0.01782	0.00737	0.00234	0.00338	0.01603	0.00539	0.00480
53	0.01182	0.04823	0.74871	0.01629	0.02465	0.01363	0.02091	0.01825	0.01222	0.01823	0.01046	0.01236	0.00749	0.00559	0.00550	0.00184	0.00847	0.00428	0.00251	0.00855
54	0.12854	0.01940	0.01540	0.01298	0.01671	0.31035	0.01022	0.29687	0.06022	0.05685	0.01223	0.01284	0.00920	0.00651	0.00533	0.00169	0.00753	0.00449	0.00450	0.00815
55	0.01338	0.01230	0.01986	0.02868	0.56712	0.01239	0.01512	0.01751	0.07264	0.01919	0.04687	0.05650	0.01532	0.00730	0.00610	0.00188	0.00622	0.06950	0.00364	0.00849
56	0.01337	0.01270	0.02148	0.26560	0.53807	0.01344	0.01711	0.01681	0.01269	0.01766	0.01083	0.01484	0.00886	0.00546	0.00579	0.00181	0.00713	0.00517	0.00283	0.00835
57	0.01413	0.01414	0.02256	0.19113	0.48837	0.06604	0.08401	0.01753	0.01310	0.01770	0.01083	0.01458	0.00884	0.00543	0.00585	0.00179	0.00755	0.00523	0.00287	0.00832
58	0.04732	0.02212	0.41977	0.01423	0.02046	0.01405	0.01571	0.15933	0.14914	0.02336	0.04800	0.01572	0.01192	0.00658	0.00565	0.00186	0.00697	0.00513	0.00398	0.00870
59	0.00766	0.00550	0.00722	0.00795	0.00866	0.00510	0.00555	0.00918	0.01287	0.01761	0.26816	0.53070	0.04307	0.01597	0.00724	0.00220	0.00326	0.03138	0.00571	0.00504
60	0.01260	0.04312	0.02075	0.01629	0.01787	0.01601	0.17039	0.01467	0.01012	0.01493	0.00954	0.01448	0.00876	0.01250	0.10006	0.00312	0.49993	0.00551	0.00274	0.00662
61	0.00845	0.00580	0.00698	0.00708	0.00731	0.00591	0.00438	0.00882	0.00886	0.01201	0.01887	0.09669	0.02123	0.60012	0.15810	0.00595	0.00716	0.00865	0.00363	0.00399
62	0.00767	0.00577	0.00830	0.00907	0.00974	0.00539	0.04246	0.00886	0.01134	0.01514	0.03064	0.72000	0.03627	0.01729	0.00740	0.00236	0.00382	0.04826	0.00526	0.00497
63	0.01375	0.01558	0.03383	0.02422	0.03001	0.01459	0.73966	0.01848	0.01365	0.01855	0.01182	0.01577	0.00892	0.00499	0.00685	0.00197	0.00971	0.00682	0.00298	0.00784
64	0.01440	0.01375	0.02334	0.03518	0.76045	0.01372	0.01762	0.01772	0.01318	0.01891	0.01101	0.01450	0.00930	0.00527	0.00577	0.00175	0.00687	0.00518	0.00292	0.00918
65	0.00957	0.00631	0.00822	0.00758	0.00916	0.00576	0.00572	0.01216	0.01634	0.07433	0.70678	0.04135	0.05129	0.01152	0.00678	0.00184	0.00294	0.01009	0.00642	0.00583
66	0.01259	0.00732	0.00931	0.00816	0.01038	0.00671	0.00631	0.04795	0.01659	0.18048	0.50856	0.03774	0.10278	0.01088	0.00659	0.00185	0.00343	0.00934	0.00643	0.00660
67	0.02204	0.01485	0.01641	0.01276	0.01719	0.01600	0.01053	0.60449	0.02486	0.14519	0.01596	0.01698	0.01156	0.00742	0.00592	0.00181	0.00612	0.03425	0.00598	0.00967
68	0.01173	0.02968	0.76645	0.01645	0.02489	0.01341	0.02119	0.01827	0.01223	0.01834	0.01052	0.01243	0.00749	0.00560	0.00554	0.00186	0.00853	0.00431	0.00251	0.00858
69	0.01211	0.01034	0.01203	0.00865	0.01373	0.00777	0.00689	0.01458	0.01202	0.01886	0.01042	0.01221	0.00871	0.00441	0.00435	0.00090	0.00432	0.00348	0.00347	0.83073
70	0.02554	0.01042	0.01375	0.01058	0.01503	0.00930	0.00871	0.08551	0.01736	0.70575	0.02206	0.01933	0.01402	0.00723	0.00586	0.00181	0.00507	0.00578	0.00704	0.00985
71	0.00930	0.00665	0.00919	0.01049	0.01175	0.00658	0.00900	0.01172	0.01314	0.01715	0.03056	0.12333	0.03345	0.01610	0.00795	0.00265	0.00520	0.66508	0.00535	0.00535
72	0.76750	0.02554	0.00949	0.00809	0.01171	0.01340	0.00665	0.05357	0.02277	0.02613	0.00876	0.01007	0.00682	0.00559	0.00380	0.00181	0.00464	0.00334	0.00375	0.00657
73	0.01310	0.01364	0.02359	0.01821	0.02092	0.01563	0.29887	0.01578	0.01104	0.01619	0.00958	0.01396	0.00829	0.00766	0.01294	0.00219	0.41654	0.00564	0.00282	0.07342
74	0.02283	0.01390	0.01584	0.01216	0.01672	0.01442	0.01000	0.47990	0.02297	0.27253	0.01669	0.01586	0.01135	0.00699	0.00578	0.00175	0.00583	0.00535	0.00614	0.04298
75	0.01489	0.67067	0.15323	0.01104	0.01653	0.02116	0.01178	0.01745	0.01186	0.01448	0.00860	0.01002	0.00757	0.00516	0.00408	0.00137	0.00659	0.00334	0.00253	0.00765
76	0.00723	0.00521	0.00680	0.00806	0.00848	0.00481	0.00539	0.00817	0.01119	0.01488	0.03271	0.76383	0.06589	0.01791	0.00738	0.00235	0.00339	0.01613	0.00539	0.00479
77	0.04635	0.01084	0.01463	0.04830	0.01606	0.09237	0.16250	0.01389	0.04933	0.01652	0.02320	0.39153	0.05212	0.01208	0.00693	0.00212	0.01980	0.01099	0.00439	0.00605
78	0.01167	0.06343	0.68023	0.01552	0.02331	0.01330	0.01958	0.01772	0.01249	0.01846	0.06199	0.01440	0.01071	0.00601	0.00555	0.00183	0.00802	0.00468	0.00277	0.00831
79	0.00752	0.00538	0.00716	0.00847	0.00895	0.00505	0.00592	0.00865	0.01139	0.01516	0.03154	0.70031	0.03733	0.01777	0.00748	0.00241	0.00366	0.10562	0.00538	0.00486
80	0.01173	0.02968	0.76645	0.01645	0.02489	0.01341	0.02119	0.01827	0.01223	0.01834	0.01052	0.01243	0.00749	0.00560	0.00554	0.00186	0.00853	0.00431	0.00251	0.00858
81	0.05661	0.21399	0.05723	0.01215	0.01682	0.01807	0.01076	0.40226	0.09201	0.04551	0.01322	0.01352	0.00994	0.00648	0.00521	0.00167	0.00615	0.00471	0.00475	0.00895
82	0.01453	0.01401	0.02321	0.03480	0.74653	0.02795	0.01750	0.01781	0.01324	0.01882	0.01097	0.01443	0.00927	0.00528	0.00576	0.00174	0.00694	0.00515	0.00292	0.00913
83	0.00712	0.00600	0.00611	0.00611	0.00803	0.00504	0.00459	0.00856	0.01329	0.01596	0.07975	0.05501	0.72223	0.01455	0.00688	0.00199	0.00303	0.02532	0.00542	0.00499
84	0.01857	0.02194	0.01775	0.11785	0.14593	0.49574	0.01293	0.03250	0.01500	0.01546	0.00961	0.01212	0.00798	0.00613	0.00611	0.00167	0.04828	0.00428	0.00299	0.00717
85	0.01204	0.09273	0.70614	0.01591	0.02407	0.01417	0.02026	0.01819	0.01220	0.01796	0.01033	0.01219	0.00750	0.00556	0.00540	0.00181	0.00833	0.00422	0.00251	0.00849
86	0.00885	0.00649	0.00758	0.00718	0.00901	0.00587	0.00543	0.01155	0.04893	0.05136	0.39096	0.04642	0.34236	0.01268	0.00679	0.00192	0.00309	0.02193	0.00596	0.00565
87	0.02082	0.12788	0.01824	0.01411	0.01746	0.61361	0.01096	0.08015	0.01661	0.01594	0.00938	0.01080	0.00780	0.00601	0.00512	0.00151	0.00951	0.00381	0.00319	0.00710
88	0.01749	0.01171	0.01319	0.01129	0.01476	0.01260	0.00890	0.12135	0.41487	0.19850	0.05394	0.05982	0.01846	0.00832	0.00601	0.00193	0.00479	0.00686	0.00617	0.00904
89	0.01305	0.01944	0.24498	0.05403	0.02893	0.01417	0.50130	0.01826	0.01315	0.01833	0.01138	0.01479	0.00846	0.00521	0.00643	0.00194	0.00928	0.00603	0.00283	0.00800
90	0.00709	0.00599	0.00608	0.00604	0.00797	0.00502	0.00451	0.00853	0.01334	0.01604	0.09053	0.05465	0.72544	0.01449	0.00686	0.00197	0.00298	0.01204	0.00544	0.00499
91	0.02160	0.02681	0.01641	0.01481	0.01785	0.73559	0.01114	0.05863	0.01688	0.01533	0.00934	0.01084	0.00773	0.00611	0.00529	0.00153	0.01018	0.00384	0.00317	0.00691
92	0.01366	0.01534	0.03246	0.02345	0.02875	0.01485	0.67782	0.01809	0.01325	0.01816	0.01148	0.01552	0.00882	0.00543	0.00787	0.00202	0.07569	0.00668	0.00295	0.00772
93	0.00724	0.00517	0.00683	0.00814	0.00850	0.00481	0.00543	0.00816	0.01111	0.01484	0.03169	0.79243	0.03795	0.01804	0.00740	0.00237	0.00341	0.01630	0.00539	0.00478
94	0.00772	0.00650	0.00662	0.00650	0.00845	0.00579	0.00483	0.01024	0.07246	0.01633	0.06691	0.05153	0.65322	0.04771	0.00775	0.00213	0.00323	0.01148	0.00537	0.00526
95	0.01173	0.02968	0.76645	0.01645	0.02489	0.01341	0.02119	0.01827	0.01223	0.01834	0.01052	0.01243	0.00749	0.00560	0.00554	0.00186	0.00853	0.00431	0.00251	0.00858
96	0.01476	0.01444	0.02299	0.03416	0.72318	0.05183	0.01730	0.01798	0.01334	0.01868	0.01091	0.01431	0.00921	0.00531	0.00574	0.00173	0.00705	0.00511	0.00293	0.00906
97	0.01301	0.01234	0.02084	0.34503	0.46143	0.01335	0.01693	0.01650	0.01252	0.01723	0.01077	0.01495	0.00871	0.00552	0.00579	0.00183	0.00722	0.00517	0.00280	0.00806

[dist]
# distance from previous block
# <min> <max>
0	1

[block]
# block no. 1 follows, 41 sequences, length 54
# corresponding to MSA columns:
# 331-384
name=unknown_B
#
# <colnr> <probs for GDERKNQSTAVLIFYWHMCP>
#	G	D	E	R	K	N	Q	S	T	A	V	L	I	F	Y	W	H	M	C	P
0	0.00916	0.00654	0.00915	0.01047	0.01176	0.00653	0.00912	0.01175	0.01311	0.01705	0.03032	0.08303	0.03304	0.01585	0.00789	0.00263	0.00522	0.70685	0.00527	0.00525
1	0.01119	0.01056	0.01786	0.69810	0.12349	0.01281	0.01608	0.01496	0.01162	0.01509	0.01024	0.01512	0.00779	0.00565	0.00571	0.00188	0.00753	0.00508	0.00258	0.00667
2	0.01937	0.02343	0.01519	0.01380	0.01654	0.61841	0.01044	0.05885	0.01570	0.01505	0.01009	0.01236	0.00855	0.01161	0.12327	0.00267	0.01087	0.00414	0.00311	0.00656
3	0.01275	0.28815	0.52198	0.01412	0.02139	0.01641	0.01734	0.01778	0.01192	0.01656	0.00949	0.01111	0.00728	0.00525	0.00484	0.00161	0.00767	0.00384	0.00243	0.00808
4	0.01186	0.01017	0.01186	0.00847	0.01356	0.00762	0.00678	0.01440	0.01186	0.01864	0.01017	0.01186	0.00847	0.00424	0.00424	0.00085	0.00424	0.00339	0.00339	0.83395
5	0.00758	0.00606	0.00694	0.00738	0.00911	0.00542	0.00598	0.00943	0.01308	0.01601	0.04869	0.05822	0.51740	0.01493	0.00714	0.00217	0.00369	0.25053	0.00530	0.00498
6	0.01319	0.37792	0.43609	0.01337	0.02021	0.01750	0.01602	0.01767	0.01187	0.01602	0.00922	0.01077	0.00729	0.00519	0.00464	0.00155	0.00740	0.00370	0.00243	0.00795
7	0.44828	0.27652	0.01686	0.00908	0.01321	0.01680	0.00806	0.11957	0.01279	0.02305	0.00877	0.00988	0.00708	0.00539	0.00389	0.00158	0.00525	0.00337	0.00348	0.00708
8	0.01416	0.01359	0.02322	0.03511	0.76330	0.01359	0.01755	0.01755	0.01302	0.01869	0.01076	0.01416	0.00906	0.00510	0.00566	0.00170	0.00680	0.00510	0.00283	0.00906
9	0.00713	0.00504	0.00659	0.00776	0.00806	0.00475	0.00510	0.00801	0.01065	0.01419	0.02996	0.70722	0.03585	0.10865	0.00983	0.00270	0.00358	0.01534	0.00510	0.00451
10	0.02036	0.01526	0.01634	0.01283	0.01713	0.01696	0.01050	0.62673	0.13036	0.03387	0.01547	0.03122	0.01142	0.00723	0.00577	0.00176	0.00598	0.00557	0.00573	0.00952
11	0.00723	0.00516	0.00694	0.00826	0.00871	0.00487	0.00576	0.00842	0.01121	0.01489	0.03138	0.71037	0.03726	0.01767	0.00737	0.00236	0.00354	0.09857	0.00530	0.00472
12	0.00820	0.00601	0.00858	0.00858	0.00939	0.00682	0.00639	0.00982	0.00901	0.01282	0.01588	0.02557	0.01565	0.19959	0.62147	0.00844	0.01330	0.00658	0.00315	0.00477
13	0.01088	0.01025	0.01730	0.76760	0.05641	0.01273	0.01592	0.01468	0.01147	0.01471	0.01018	0.01522	0.00766	0.00570	0.00572	0.00190	0.00761	0.00508	0.00255	0.00642
14	0.01350	0.01543	0.03375	0.02411	0.02989	0.01446	0.74253	0.01832	0.01350	0.01832	0.01157	0.01543	0.00868	0.00482	0.00675	0.00193	0.00964	0.00675	0.00289	0.00771
15	0.01350	0.01543	0.03375	0.02411	0.02989	0.01446	0.74253	0.01832	0.01350	0.01832	0.01157	0.01543	0.00868	0.00482	0.00675	0.00193	0.00964	0.00675	0.00289	0.00771
16	0.02589	0.00994	0.01347	0.01037	0.01481	0.00858	0.00853	0.02801	0.01653	0.76399	0.02280	0.01984	0.01441	0.00727	0.00588	0.00182	0.00497	0.00584	0.00716	0.00987
17	0.02244	0.01547	0.01689	0.01300	0.01757	0.01679	0.01070	0.65838	0.02579	0.12055	0.01503	0.01480	0.01051	0.00708	0.00585	0.00178	0.00622	0.00531	0.00597	0.00987
18	0.00708	0.00602	0.00602	0.00601	0.00796	0.00502	0.00449	0.00844	0.01322	0.01573	0.05802	0.05525	0.75771	0.01464	0.00688	0.00198	0.00301	0.01213	0.00540	0.00499
19	0.00708	0.00602	0.00602	0.00601	0.00796	0.00502	0.00449	0.00844	0.01322	0.01573	0.05802	0.05525	0.75771	0.01464	0.00688	0.00198	0.00301	0.01213	0.00540	0.00499
20	0.02031	0.01407	0.01546	0.01217	0.01625	0.01511	0.00990	0.56447	0.02404	0.10591	0.05743	0.05713	0.04440	0.00820	0.00603	0.00182	0.00577	0.00642	0.00594	0.00918
21	0.01114	0.01043	0.01734	0.76335	0.03890	0.01297	0.01589	0.01480	0.01156	0.01488	0.01040	0.01558	0.00791	0.00602	0.00616	0.00197	0.02638	0.00518	0.00265	0.00650
22	0.01415	0.01348	0.02284	0.10056	0.69688	0.01366	0.01749	0.01749	0.01306	0.01859	0.01100	0.01465	0.00921	0.00535	0.00579	0.00177	0.00696	0.00519	0.00291	0.00896
23	0.01444	0.01378	0.02336	0.03519	0.75997	0.01374	0.01763	0.01774	0.01320	0.01895	0.01105	0.01456	0.00934	0.00530	0.00579	0.00175	0.00689	0.00519	0.00293	0.00920
24	0.01264	0.02769	0.68369	0.01589	0.02382	0.01324	0.01985	0.01951	0.05590	0.05632	0.01194	0.01340	0.00848	0.00585	0.00560	0.00187	0.00813	0.00453	0.00295	0.00870
25	0.02407	0.01104	0.01392	0.01092	0.01524	0.01044	0.00892	0.11952	0.10281	0.58517	0.02176	0.01933	0.01423	0.00732	0.00588	0.00184	0.00511	0.00585	0.00684	0.00979
26	0.01426	0.01360	0.02305	0.07464	0.72190	0.01369	0.01754	0.01759	0.01312	0.01873	0.01102	0.01461	0.00926	0.00533	0.00579	0.00176	0.00693	0.00519	0.00292	0.00906
27	0.02495	0.00973	0.01317	0.01021	0.01448	0.00842	0.00837	0.02710	0.01652	0.72423	0.06221	0.02109	0.01654	0.00752	0.00593	0.00183	0.00485	0.00609	0.00712	0.00964
28	0.01177	0.02970	0.76597	0.01647	0.02491	0.01343	0.02119	0.01830	0.01226	0.01838	0.01056	0.01249	0.00753	0.00563	0.00556	0.00187	0.00854	0.00432	0.00252	0.00860
29	0.01177	0.02970	0.76597	0.01647	0.02491	0.01343	0.02119	0.01830	0.01226	0.01838	0.01056	0.01249	0.00753	0.00563	0.00556	0.00187	0.00854	0.00432	0.00252	0.00860
30	0.00729	0.00521	0.00686	0.00817	0.00853	0.00483	0.00545	0.00820	0.01114	0.01488	0.03172	0.79196	0.03797	0.01806	0.00742	0.00237	0.00343	0.01630	0.00540	0.00481
31	0.01380	0.01557	0.03360	0.02450	0.04720	0.01459	0.72220	0.01849	0.01367	0.01859	0.01184	0.01579	0.00897	0.00503	0.00684	0.00198	0.00965	0.00680	0.00299	0.00789
32	0.01353	0.05677	0.60950	0.05594	0.02411	0.01320	0.01899	0.01921	0.01271	0.10503	0.01189	0.01340	0.00836	0.00582	0.00554	0.00184	0.00799	0.00450	0.00307	0.00859
33	0.02473	0.01020	0.01343	0.01052	0.01483	0.00917	0.00859	0.02827	0.09121	0.68863	0.02288	0.02003	0.01475	0.00734	0.00588	0.00184	0.00493	0.00592	0.00703	0.00980
34	0.01366	0.01298	0.02195	0.21022	0.59105	0.01353	0.01724	0.01706	0.01283	0.01800	0.01091	0.01481	0.00900	0.00544	0.00580	0.00180	0.00708	0.00519	0.00287	0.00857
35	0.01177	0.02970	0.76597	0.01647	0.02491	0.01343	0.02119	0.01830	0.01226	0.01838	0.01056	0.01249	0.00753	0.00563	0.00556	0.00187	0.00854	0.00432	0.00252	0.00860
36	0.01345	0.06628	0.31633	0.02633	0.42650	0.01415	0.01858	0.01794	0.01275	0.01842	0.01069	0.01345	0.00853	0.00542	0.00558	0.00177	0.00750	0.00473	0.00275	0.00886
37	0.00768	0.00556	0.00716	0.00828	0.00888	0.00520	0.00572	0.02235	0.01170	0.01549	0.03295	0.68931	0.08192	0.01752	0.00739	0.00236	0.00357	0.05661	0.00541	0.00495
38	0.02483	0.01125	0.01423	0.01100	0.01543	0.01056	0.00903	0.16935	0.03700	0.60123	0.02108	0.01876	0.01362	0.00724	0.00587	0.00182	0.00524	0.00574	0.00686	0.00985
39	0.02201	0.01843	0.01599	0.01319	0.01712	0.26310	0.01045	0.31982	0.07731	0.16203	0.01477	0.01466	0.01064	0.00685	0.00568	0.00172	0.00730	0.00498	0.00516	0.00880
40	0.01113	0.00653	0.00847	0.00874	0.01006	0.00610	0.00622	0.01322	0.05510	0.15129	0.06856	0.56764	0.03340	0.01519	0.00702	0.00222	0.00374	0.01353	0.00580	0.00602
41	0.01177	0.02970	0.76597	0.01647	0.02491	0.01343	0.02119	0.01830	0.01226	0.01838	0.01056	0.01249	0.00753	0.00563	0.00556	0.00187	0.00854	0.00432	0.00252	0.00860
42	0.03341	0.01180	0.06090	0.65419	0.09838	0.01297	0.01616	0.01532	0.01175	0.01573	0.01046	0.01521	0.00797	0.00584	0.00576	0.00193	0.00761	0.00508	0.00269	0.00685
43	0.01215	0.05845	0.65144	0.01712	0.02511	0.01394	0.10455	0.01829	0.01241	0.01822	0.01062	0.01276	0.00770	0.00554	0.00564	0.00186	0.00858	0.00457	0.00258	0.00847
44	0.01108	0.00689	0.00885	0.00863	0.01032	0.00648	0.00657	0.01396	0.06017	0.12610	0.30833	0.23309	0.06736	0.01313	0.00694	0.00209	0.00370	0.09409	0.00606	0.00617
45	0.01847	0.01502	0.01565	0.08067	0.04820	0.10241	0.01072	0.40123	0.05964	0.05643	0.01776	0.07603	0.05547	0.00810	0.00596	0.00183	0.00642	0.00640	0.00510	0.00849
46	0.01109	0.01070	0.07007	0.01320	0.01648	0.00888	0.21721	0.01434	0.01455	0.06257	0.31005	0.09059	0.07691	0.01005	0.00682	0.00198	0.00552	0.04741	0.00499	0.00658
47	0.01338	0.01268	0.02120	0.16834	0.58296	0.01304	0.01651	0.01663	0.01292	0.01802	0.01387	0.01728	0.05562	0.00599	0.00587	0.00180	0.00680	0.00562	0.00304	0.00845
48	0.01593	0.01259	0.01498	0.19058	0.02130	0.01437	0.01108	0.17062	0.38716	0.06988	0.01852	0.01865	0.01367	0.00725	0.00590	0.00193	0.00572	0.00593	0.00521	0.00875
49	0.02144	0.02396	0.01651	0.01439	0.01778	0.55095	0.01104	0.20689	0.04677	0.02027	0.01093	0.01202	0.00863	0.00641	0.00545	0.00161	0.00915	0.00426	0.00386	0.00766
50	0.01383	0.01542	0.03256	0.02347	0.02910	0.01459	0.69378	0.01925	0.05945	0.01893	0.01259	0.01619	0.00950	0.00520	0.00681	0.00198	0.00940	0.00682	0.00318	0.00794
51	0.05136	0.01170	0.01322	0.01128	0.01471	0.02708	0.00897	0.02736	0.39155	0.27371	0.02232	0.02073	0.03505	0.00790	0.00664	0.00195	0.05333	0.00618	0.00597	0.00898
52	0.01174	0.01153	0.02104	0.58411	0.03654	0.01312	0.18888	0.01567	0.01213	0.01592	0.01098	0.01581	0.00831	0.00572	0.00605	0.00195	0.00809	0.00558	0.02002	0.00681
53	0.12047	0.10070	0.49495	0.01572	0.06746	0.01409	0.03274	0.01849	0.01222	0.05654	0.01071	0.01241	0.00790	0.00561	0.00520	0.00180	0.00753	0.00425	0.00294	0.00828

[dist]
# distance from previous block
# <min> <max>
0	1

[block]
# block no. 2 follows, 41 sequences, length 10
# corresponding to MSA columns:
# 386-395
name=unknown_C
#
# <colnr> <probs for GDERKNQSTAVLIFYWHMCP>
#	G	D	E	R	K	N	Q	S	T	A	V	L	I	F	Y	W	H	M	C	P
0	0.04615	0.40144	0.05780	0.07058	0.01532	0.05556	0.00948	0.01466	0.01160	0.01463	0.01500	0.23374	0.01600	0.00877	0.00503	0.00165	0.00571	0.00707	0.00334	0.00647
1	0.60269	0.00949	0.00779	0.00716	0.00969	0.01076	0.00542	0.01439	0.00933	0.02151	0.01083	0.01731	0.01035	0.23135	0.01082	0.00285	0.00474	0.00458	0.00352	0.00542
2	0.12059	0.01407	0.10733	0.01152	0.01549	0.01344	0.01010	0.04499	0.48400	0.06291	0.04194	0.01898	0.01547	0.00721	0.00550	0.00188	0.00501	0.00580	0.00518	0.00855
3	0.01440	0.02572	0.55512	0.01541	0.02276	0.01455	0.01821	0.22492	0.01630	0.02322	0.01125	0.01255	0.00795	0.00584	0.00552	0.00178	0.00784	0.00449	0.00336	0.00882
4	0.00808	0.00583	0.00767	0.00747	0.00874	0.00541	0.00563	0.01064	0.01559	0.02191	0.65666	0.10313	0.05136	0.01244	0.00686	0.00189	0.00291	0.05629	0.00615	0.00533
5	0.00893	0.00817	0.01436	0.01217	0.01440	0.00755	0.21515	0.01127	0.01257	0.01673	0.11250	0.38360	0.13287	0.01300	0.00700	0.00210	0.00499	0.01229	0.00473	0.00563
6	0.01244	0.01717	0.23399	0.24338	0.34680	0.01325	0.01810	0.01688	0.01230	0.01736	0.01045	0.01388	0.00813	0.00537	0.00561	0.00179	0.00750	0.00484	0.00263	0.00812
7	0.60388	0.01148	0.01100	0.00966	0.01219	0.01417	0.00799	0.01595	0.00946	0.02227	0.00783	0.01021	0.00657	0.00665	0.00788	0.00198	0.22774	0.00364	0.00324	0.00621
8	0.01408	0.55631	0.26543	0.01186	0.01789	0.01966	0.01340	0.01744	0.01177	0.01494	0.00869	0.01010	0.00731	0.00507	0.00423	0.00141	0.00686	0.00343	0.00244	0.00769
9	0.01144	0.05685	0.52374	0.23502	0.02850	0.01352	0.01916	0.01708	0.01187	0.01692	0.01014	0.01286	0.00736	0.00549	0.00544	0.00181	0.00812	0.00442	0.00245	0.00781

[dist]
# distance from previous block
# <min> <max>
0	50

[block]
# block no. 3 follows, 41 sequences, length 31
# corresponding to MSA columns:
# 448-478
name=unknown_D
#
# <colnr> <probs for GDERKNQSTAVLIFYWHMCP>
#	G	D	E	R	K	N	Q	S	T	A	V	L	I	F	Y	W	H	M	C	P
0	0.01328	0.01579	0.06541	0.06185	0.03014	0.01432	0.67430	0.01813	0.01333	0.01813	0.01144	0.01527	0.00856	0.00489	0.00664	0.00192	0.00949	0.00656	0.00285	0.00768
1	0.01571	0.01186	0.01427	0.17522	0.02030	0.01348	0.01059	0.09471	0.43095	0.12002	0.01950	0.01908	0.01421	0.00715	0.00578	0.00189	0.00539	0.00596	0.00528	0.00864
2	0.00784	0.00607	0.00724	0.00739	0.00898	0.00554	0.00579	0.01019	0.02849	0.01829	0.27184	0.07537	0.35271	0.01385	0.00699	0.00205	0.00336	0.15721	0.00562	0.00517
3	0.01204	0.02620	0.61153	0.02028	0.18097	0.01335	0.02038	0.01800	0.01228	0.01824	0.01037	0.01252	0.00763	0.00536	0.00548	0.00179	0.00810	0.00441	0.00250	0.00858
4	0.01278	0.06802	0.43451	0.01355	0.01943	0.01139	0.03903	0.01726	0.01245	0.12067	0.01637	0.17868	0.01472	0.00825	0.00581	0.00188	0.00677	0.00700	0.00369	0.00773
5	0.01324	0.01386	0.05959	0.19157	0.48834	0.01349	0.10218	0.01705	0.01270	0.01775	0.01070	0.01444	0.00862	0.00521	0.00579	0.00178	0.00738	0.00524	0.00276	0.00830
6	0.01298	0.01239	0.02109	0.29775	0.50984	0.01328	0.01697	0.01652	0.01247	0.01726	0.01055	0.01454	0.00856	0.00531	0.00568	0.00177	0.00709	0.00509	0.00273	0.00811
7	0.80894	0.01125	0.00873	0.00773	0.01131	0.01301	0.00637	0.04390	0.01037	0.02605	0.00818	0.00946	0.00633	0.00537	0.00362	0.00177	0.00449	0.00317	0.00362	0.00633
8	0.00843	0.00745	0.00963	0.01211	0.16761	0.00673	0.00722	0.01039	0.01328	0.01673	0.10351	0.04542	0.54602	0.01228	0.00653	0.00187	0.00371	0.01046	0.00486	0.00577
9	0.19420	0.01461	0.01497	0.01180	0.01602	0.01627	0.00970	0.56619	0.02274	0.03315	0.01310	0.03846	0.00990	0.00690	0.00531	0.00175	0.00580	0.00508	0.00525	0.00881
10	0.83938	0.01106	0.00841	0.00752	0.01106	0.01283	0.00619	0.01681	0.00973	0.02566	0.00796	0.00929	0.00619	0.00531	0.00354	0.00177	0.00442	0.00310	0.00354	0.00619
11	0.00840	0.00620	0.00905	0.00933	0.01037	0.00695	0.00741	0.01047	0.00999	0.01398	0.01862	0.03209	0.01855	0.07378	0.57760	0.00763	0.01272	0.15824	0.00355	0.00506
12	0.02257	0.01469	0.01634	0.01253	0.01707	0.01576	0.01035	0.59271	0.02467	0.19071	0.01560	0.01495	0.01066	0.00691	0.00573	0.00173	0.00599	0.00528	0.00601	0.00973
13	0.01072	0.14985	0.17390	0.01106	0.01441	0.04688	0.01075	0.01367	0.01055	0.01437	0.01268	0.01741	0.01128	0.02668	0.44371	0.00589	0.01204	0.00508	0.00281	0.00627
14	0.18876	0.01203	0.01198	0.01077	0.01407	0.01393	0.00845	0.02752	0.59576	0.02429	0.02004	0.01879	0.01508	0.00724	0.00534	0.00190	0.00451	0.00575	0.00534	0.00845
15	0.01307	0.01842	0.18934	0.02246	0.02881	0.01422	0.58994	0.01828	0.01320	0.01828	0.01130	0.01472	0.00838	0.00495	0.00647	0.00190	0.00939	0.00622	0.00279	0.00787
16	0.01147	0.02959	0.76934	0.01630	0.02476	0.01328	0.02113	0.01811	0.01208	0.01811	0.01026	0.01208	0.00725	0.00543	0.00543	0.00181	0.00845	0.00423	0.00242	0.00845
17	0.01147	0.02959	0.76934	0.01630	0.02476	0.01328	0.02113	0.01811	0.01208	0.01811	0.01026	0.01208	0.00725	0.00543	0.00543	0.00181	0.00845	0.00423	0.00242	0.00845
18	0.00697	0.00498	0.00664	0.00796	0.00830	0.00465	0.00531	0.00796	0.01095	0.01460	0.03153	0.79525	0.03783	0.01792	0.00730	0.00232	0.00332	0.01626	0.00531	0.00465
19	0.01204	0.02620	0.61153	0.02028	0.18097	0.01335	0.02038	0.01800	0.01228	0.01824	0.01037	0.01252	0.00763	0.00536	0.00548	0.00179	0.00810	0.00441	0.00250	0.00858
20	0.01080	0.01017	0.01716	0.78523	0.03940	0.01271	0.01589	0.01461	0.01144	0.01461	0.01017	0.01525	0.00762	0.00572	0.00572	0.00191	0.00762	0.00508	0.00254	0.00635
21	0.00776	0.00583	0.00719	0.00685	0.00834	0.00526	0.00514	0.01015	0.01541	0.02108	0.58558	0.04579	0.22984	0.01239	0.00675	0.00183	0.00275	0.01077	0.00605	0.00526
22	0.02174	0.01602	0.01717	0.01316	0.01774	0.01774	0.01087	0.74423	0.02689	0.03605	0.01373	0.01373	0.00973	0.00687	0.00572	0.00172	0.00629	0.00515	0.00572	0.00973
23	0.02483	0.01106	0.01410	0.01081	0.01526	0.01038	0.00893	0.17939	0.01860	0.61260	0.02070	0.01826	0.01322	0.00703	0.00575	0.00176	0.00517	0.00562	0.00679	0.00973
24	0.00869	0.00543	0.00664	0.00722	0.00820	0.00504	0.00507	0.01025	0.01197	0.05304	0.07214	0.46511	0.11756	0.01426	0.00643	0.00201	0.00317	0.01262	0.18004	0.00510
25	0.01416	0.01359	0.02322	0.03511	0.76330	0.01359	0.01755	0.01755	0.01302	0.01869	0.01076	0.01416	0.00906	0.00510	0.00566	0.00170	0.00680	0.00510	0.00283	0.00906
26	0.01907	0.01864	0.17598	0.01372	0.01903	0.01656	0.01292	0.54345	0.07176	0.03145	0.01363	0.01389	0.00971	0.00662	0.00567	0.00175	0.00663	0.00504	0.00503	0.00941
27	0.01162	0.05863	0.74156	0.01606	0.02438	0.01364	0.02071	0.01808	0.01206	0.01794	0.01018	0.01197	0.00725	0.00541	0.00537	0.00179	0.00837	0.00418	0.00242	0.00841
28	0.00789	0.00570	0.00746	0.00740	0.00857	0.00528	0.00546	0.01024	0.01506	0.02105	0.58827	0.18409	0.06634	0.01303	0.00688	0.00192	0.00289	0.03117	0.00606	0.00524
29	0.01353	0.63375	0.02504	0.00940	0.01333	0.01883	0.00884	0.01519	0.01148	0.01370	0.01294	0.17544	0.01379	0.00765	0.00444	0.00146	0.00553	0.00585	0.00305	0.00677
30	0.03506	0.06649	0.71203	0.01574	0.02388	0.01372	0.02016	0.01803	0.01199	0.01810	0.01009	0.01186	0.00722	0.00540	0.00530	0.00178	0.00823	0.00414	0.00245	0.00834

[dist]
# distance from previous block
# <min> <max>
0	2

[block]
# block no. 4 follows, 41 sequences, length 34
# corresponding to MSA columns:
# 481-514
name=unknown_E
#
# <colnr> <probs for GDERKNQSTAVLIFYWHMCP>
#	G	D	E	R	K	N	Q	S	T	A	V	L	I	F	Y	W	H	M	C	P
0	0.00925	0.00682	0.00966	0.01131	0.05081	0.00674	0.00905	0.01187	0.01343	0.01774	0.10970	0.07848	0.04622	0.01482	0.00762	0.00247	0.00498	0.57831	0.00525	0.00546
1	0.01416	0.01359	0.02322	0.03511	0.76330	0.01359	0.01755	0.01755	0.01302	0.01869	0.01076	0.01416	0.00906	0.00510	0.00566	0.00170	0.00680	0.00510	0.00283	0.00906
2	0.60515	0.01068	0.00981	0.00829	0.01208	0.01156	0.00683	0.02000	0.01164	0.23914	0.01217	0.01222	0.00849	0.00582	0.00418	0.00177	0.00455	0.00386	0.00456	0.00721
3	0.01092	0.01040	0.01789	0.75177	0.03898	0.01279	0.04783	0.01478	0.01153	0.01478	0.01023	0.01526	0.00767	0.00568	0.00576	0.00191	0.00771	0.00516	0.00256	0.00641
4	0.01628	0.01660	0.01388	0.01253	0.01568	0.23352	0.00963	0.02822	0.54088	0.02107	0.01912	0.01817	0.01456	0.00722	0.00563	0.00181	0.00619	0.00567	0.00499	0.00836
5	0.00782	0.00497	0.00687	0.00782	0.00805	0.00474	0.00521	0.00782	0.00994	0.01326	0.02531	0.57133	0.02980	0.01848	0.01163	0.24161	0.00379	0.01301	0.00450	0.00402
6	0.01419	0.57995	0.24281	0.01166	0.01758	0.01994	0.01305	0.01741	0.01175	0.01480	0.00862	0.01001	0.00731	0.00505	0.00418	0.00139	0.00679	0.00339	0.00244	0.00766
7	0.03165	0.49608	0.24117	0.01205	0.01777	0.08546	0.01309	0.01790	0.01211	0.01510	0.00870	0.01011	0.00729	0.00515	0.00431	0.00143	0.00712	0.00345	0.00250	0.00758
8	0.01035	0.00910	0.01614	0.01425	0.01688	0.00878	0.22011	0.01357	0.01326	0.01740	0.02601	0.05001	0.05528	0.01259	0.00752	0.00240	0.00643	0.48938	0.00459	0.00595
9	0.01937	0.01585	0.02194	0.01631	0.02124	0.01680	0.22149	0.53527	0.02304	0.03095	0.01311	0.01422	0.00943	0.00628	0.00602	0.00178	0.00726	0.00561	0.00491	0.00915
10	0.01075	0.07399	0.50106	0.01325	0.01942	0.01163	0.01585	0.01594	0.01323	0.01919	0.22601	0.02071	0.02070	0.00720	0.00569	0.00177	0.00664	0.00591	0.00353	0.00750
11	0.00857	0.00612	0.00847	0.00979	0.01083	0.00603	0.00809	0.01073	0.01253	0.01639	0.03064	0.27487	0.03433	0.01641	0.00773	0.00254	0.00471	0.52084	0.00528	0.00509
12	0.00983	0.00770	0.00912	0.00844	0.01035	0.00792	0.00642	0.01637	0.22820	0.02303	0.52973	0.03689	0.06199	0.01063	0.00648	0.00184	0.00323	0.00927	0.00613	0.00643
13	0.01610	0.01405	0.02105	0.08155	0.49777	0.01472	0.01551	0.22653	0.01690	0.02340	0.01157	0.01411	0.00915	0.00565	0.00568	0.00172	0.00671	0.00511	0.00364	0.00906
14	0.01403	0.01346	0.02299	0.06275	0.73662	0.01356	0.01749	0.01745	0.01297	0.01854	0.01074	0.01420	0.00901	0.00512	0.00566	0.00171	0.00683	0.00510	0.00282	0.00896
15	0.00857	0.00715	0.00977	0.00999	0.01023	0.00835	0.00738	0.00963	0.01032	0.01436	0.02461	0.56993	0.02910	0.01564	0.01060	0.00237	0.22934	0.01302	0.00450	0.00511
16	0.01755	0.02110	0.01607	0.23620	0.02349	0.51103	0.01221	0.01973	0.01442	0.01413	0.00960	0.01245	0.00785	0.00802	0.05071	0.00205	0.00984	0.00423	0.00284	0.00646
17	0.01916	0.01500	0.02132	0.01580	0.02074	0.01545	0.22105	0.43464	0.02132	0.09194	0.01366	0.01460	0.00973	0.00615	0.00594	0.00173	0.00702	0.00557	0.00489	0.05426
18	0.00785	0.00573	0.00780	0.03946	0.01021	0.00553	0.00640	0.00977	0.01300	0.01767	0.26318	0.40463	0.04097	0.01510	0.00716	0.00219	0.00361	0.12919	0.00551	0.00506
19	0.00786	0.00584	0.00732	0.00695	0.00840	0.00530	0.00521	0.01034	0.01564	0.02162	0.63685	0.04489	0.17823	0.01218	0.00675	0.00182	0.00273	0.01065	0.00612	0.00530
20	0.01964	0.24103	0.03918	0.01140	0.01597	0.01663	0.01008	0.34280	0.01957	0.16589	0.05286	0.01498	0.01213	0.00655	0.00518	0.00159	0.00584	0.00491	0.00498	0.00878
21	0.01012	0.04645	0.48395	0.01319	0.01880	0.01067	0.01535	0.01476	0.01196	0.01721	0.05736	0.23910	0.01861	0.00935	0.00599	0.00194	0.00658	0.00799	0.00346	0.00715
22	0.01416	0.01359	0.02322	0.03511	0.76330	0.01359	0.01755	0.01755	0.01302	0.01869	0.01076	0.01416	0.00906	0.00510	0.00566	0.00170	0.00680	0.00510	0.00283	0.00906
23	0.01209	0.01111	0.01844	0.02729	0.54596	0.01102	0.01403	0.01479	0.01243	0.01751	0.01674	0.23900	0.01734	0.00879	0.00613	0.00188	0.00579	0.00831	0.00354	0.00779
24	0.01860	0.01983	0.23358	0.01403	0.01969	0.01637	0.01378	0.51705	0.04110	0.03058	0.01298	0.01345	0.00921	0.00648	0.00564	0.00175	0.00687	0.00492	0.00477	0.00934
25	0.05368	0.05367	0.01381	0.00973	0.01435	0.00969	0.00807	0.06502	0.01516	0.43770	0.01709	0.01597	0.01157	0.00606	0.00511	0.00147	0.00482	0.00478	0.00554	0.24672
26	0.00762	0.00544	0.00738	0.00870	0.00932	0.00520	0.00643	0.00908	0.01159	0.01533	0.03117	0.58490	0.03642	0.01731	0.00747	0.00241	0.00388	0.22022	0.00530	0.00482
27	0.02397	0.01175	0.01445	0.01111	0.01552	0.01146	0.00917	0.26710	0.01989	0.50657	0.03560	0.01805	0.01354	0.00711	0.00576	0.00175	0.00530	0.00565	0.00661	0.00964
28	0.01589	0.01255	0.01402	0.01038	0.01526	0.01175	0.00845	0.31202	0.01799	0.02574	0.01162	0.01262	0.00898	0.00531	0.00484	0.00120	0.00508	0.00411	0.00434	0.49784
29	0.00995	0.23511	0.01379	0.00777	0.01019	0.01026	0.00651	0.01217	0.01428	0.01891	0.42401	0.05845	0.13745	0.01032	0.00588	0.00167	0.00373	0.00867	0.00502	0.00585
30	0.00718	0.00585	0.00682	0.00689	0.00847	0.00549	0.00521	0.00877	0.01182	0.01478	0.04423	0.08618	0.50646	0.02285	0.22831	0.00404	0.00650	0.01059	0.00466	0.00490
31	0.01331	0.01242	0.01962	0.06850	0.50786	0.01182	0.01436	0.01649	0.01260	0.01845	0.01056	0.01356	0.00881	0.00488	0.00526	0.00147	0.00610	0.00460	0.00298	0.24636
32	0.01251	0.07418	0.50418	0.01454	0.02127	0.01415	0.01693	0.02159	0.22532	0.01949	0.01386	0.01456	0.01019	0.00607	0.00543	0.00181	0.00717	0.00480	0.00340	0.00855
33	0.00807	0.00647	0.00966	0.23171	0.01725	0.00697	0.00835	0.00988	0.01109	0.01461	0.02538	0.57072	0.02914	0.01441	0.00685	0.00220	0.00456	0.01304	0.00451	0.00514

[dist]
# distance from previous block
# <min> <max>
0	1

[block]
# block no. 5 follows, 41 sequences, length 7
# corresponding to MSA columns:
# 516-522
name=unknown_F
#
# <colnr> <probs for GDERKNQSTAVLIFYWHMCP>
#	G	D	E	R	K	N	Q	S	T	A	V	L	I	F	Y	W	H	M	C	P
0	0.01335	0.01065	0.01743	0.01386	0.01706	0.01037	0.22312	0.12195	0.01430	0.08390	0.01880	0.26031	0.01850	0.01049	0.00785	0.05450	0.02824	0.00903	0.00443	0.06185
1	0.01125	0.00818	0.00969	0.00947	0.01103	0.00844	0.00692	0.22120	0.01557	0.02081	0.02637	0.56891	0.02969	0.01472	0.00684	0.00215	0.00418	0.01304	0.00543	0.00612
2	0.01179	0.01078	0.01593	0.56119	0.03229	0.01315	0.01391	0.01918	0.22620	0.01731	0.01396	0.01701	0.01047	0.00631	0.00575	0.00192	0.00673	0.00548	0.00349	0.00714
3	0.01272	0.01390	0.02894	0.24454	0.03265	0.01396	0.53208	0.01725	0.01290	0.01725	0.01116	0.01538	0.00837	0.00508	0.00645	0.00192	0.00906	0.00627	0.00279	0.00732
4	0.01275	0.01418	0.10566	0.11071	0.32083	0.01179	0.07128	0.01643	0.01243	0.01811	0.01053	0.01348	0.00849	0.00494	0.00531	0.00151	0.00656	0.00463	0.00292	0.24747
5	0.01128	0.00694	0.00812	0.06000	0.01048	0.00771	0.00615	0.05415	0.01232	0.02048	0.01661	0.01980	0.01326	0.00942	0.05922	0.00204	0.07205	0.00533	0.59893	0.00571
6	0.01443	0.01252	0.06883	0.01602	0.02048	0.01081	0.36957	0.01834	0.01342	0.13496	0.01524	0.01755	0.01117	0.00574	0.00572	0.00172	0.00681	0.00603	0.24327	0.00738

[dist]
# distance from previous block
# <min> <max>
0	161

# created by:
# /software/SequenceAnalysis/GenePrediction/augustus/3.0.1/scripts/msa2prfl.pl ./fixed/BUSCOvEOG7DBVT5.fas
