[name]
unknown

[dist]
# distance from previous block
# <min> <max>
0	318

[block]
# block no. 0 follows, 40 sequences, length 7
# corresponding to MSA columns:
# 392-398
name=unknown_A
#
# <colnr> <probs for GDERKNQSTAVLIFYWHMCP>
#	G	D	E	R	K	N	Q	S	T	A	V	L	I	F	Y	W	H	M	C	P
0	0.01139	0.01061	0.01768	0.77699	0.04017	0.01312	0.01626	0.01513	0.01188	0.01524	0.01074	0.01604	0.00814	0.00608	0.00598	0.00201	0.00787	0.00529	0.00272	0.00667
1	0.01025	0.00888	0.01407	0.01153	0.01325	0.00913	0.15544	0.01183	0.00997	0.01392	0.01491	0.02701	0.01545	0.40214	0.10780	0.00461	0.08997	0.00713	0.00325	0.06946
2	0.40424	0.01586	0.17118	0.01091	0.01578	0.01344	0.01061	0.11510	0.07106	0.10371	0.01215	0.01269	0.00875	0.00602	0.00472	0.00181	0.00567	0.00422	0.00421	0.00787
3	0.10719	0.01377	0.01487	0.01186	0.01596	0.01496	0.00966	0.45971	0.07510	0.13457	0.01661	0.07121	0.01278	0.00772	0.00571	0.00182	0.00565	0.00602	0.00575	0.00909
4	0.01502	0.01176	0.01328	0.01028	0.01458	0.01107	0.00820	0.27763	0.01749	0.02482	0.01469	0.12167	0.01325	0.00722	0.00529	0.00139	0.00494	0.00592	0.00458	0.41692
5	0.01325	0.01119	0.01266	0.00960	0.01435	0.00983	0.00765	0.06852	0.16217	0.02127	0.01329	0.01414	0.01055	0.00522	0.00474	0.00115	0.00451	0.00420	0.00411	0.60763
6	0.06495	0.01705	0.12755	0.10031	0.02550	0.01534	0.27769	0.25518	0.01754	0.02456	0.01193	0.01425	0.00870	0.00580	0.00602	0.00186	0.00798	0.00557	0.00382	0.00838

[dist]
# distance from previous block
# <min> <max>
26	49

[block]
# block no. 1 follows, 40 sequences, length 11
# corresponding to MSA columns:
# 458-468
name=unknown_B
#
# <colnr> <probs for GDERKNQSTAVLIFYWHMCP>
#	G	D	E	R	K	N	Q	S	T	A	V	L	I	F	Y	W	H	M	C	P
0	0.01751	0.01998	0.01635	0.20862	0.04180	0.41621	0.01204	0.05752	0.01513	0.01634	0.00983	0.01225	0.00788	0.00575	0.00530	0.00154	0.00864	0.00418	0.00310	0.12003
1	0.02355	0.01360	0.01515	0.01180	0.01624	0.06348	0.00965	0.29799	0.04063	0.39456	0.01824	0.01677	0.01214	0.00697	0.00575	0.00174	0.00584	0.00542	0.00624	0.03425
2	0.18496	0.01273	0.01263	0.01025	0.01428	0.09990	0.00824	0.07377	0.05678	0.29113	0.05170	0.01636	0.01297	0.00653	0.00516	0.00164	0.00539	0.00494	0.00524	0.12539
3	0.39834	0.01289	0.01137	0.11495	0.01640	0.11673	0.00833	0.01660	0.01168	0.02086	0.01222	0.01391	0.05522	0.00593	0.00448	0.00161	0.00564	0.00415	0.00346	0.16524
4	0.01622	0.01310	0.01421	0.01144	0.01568	0.01376	0.00916	0.25071	0.31958	0.02676	0.01696	0.01662	0.01277	0.00662	0.00545	0.00160	0.00509	0.00530	0.00521	0.23375
5	0.40278	0.01556	0.01315	0.01093	0.01485	0.12301	0.00886	0.30014	0.01764	0.02853	0.01051	0.01136	0.00787	0.00610	0.00470	0.00174	0.00609	0.00405	0.00438	0.00776
6	0.01195	0.01113	0.01773	0.56989	0.13897	0.01326	0.01544	0.01748	0.11302	0.01675	0.01225	0.01620	0.00933	0.00601	0.00582	0.00191	0.00720	0.00536	0.00308	0.00723
7	0.01069	0.00900	0.01328	0.01168	0.01448	0.00852	0.10808	0.01504	0.09377	0.01927	0.12700	0.09308	0.02726	0.01107	0.00675	0.00203	0.00518	0.26294	0.00489	0.15601
8	0.13311	0.01267	0.01356	0.01024	0.01500	0.01232	0.00835	0.28408	0.01742	0.02653	0.01136	0.01239	0.00876	0.00545	0.00477	0.00132	0.00511	0.00407	0.00435	0.40913
9	0.01548	0.01044	0.01348	0.01018	0.01481	0.00876	0.04877	0.01924	0.07756	0.19853	0.01576	0.05602	0.01239	0.00608	0.00513	0.00133	0.00475	0.00518	0.00464	0.47147
10	0.01753	0.01375	0.01763	0.01304	0.01804	0.01341	0.10922	0.34496	0.01945	0.06326	0.01279	0.01380	0.00950	0.00574	0.00542	0.00146	0.00604	0.00484	0.00464	0.30548

[dist]
# distance from previous block
# <min> <max>
7	19

[block]
# block no. 2 follows, 40 sequences, length 6
# corresponding to MSA columns:
# 489-494
name=unknown_C
#
# <colnr> <probs for GDERKNQSTAVLIFYWHMCP>
#	G	D	E	R	K	N	Q	S	T	A	V	L	I	F	Y	W	H	M	C	P
0	0.01472	0.08307	0.50646	0.01567	0.02246	0.22464	0.01784	0.01968	0.01341	0.01693	0.00987	0.01158	0.00741	0.00562	0.00532	0.00170	0.00895	0.00406	0.00261	0.00800
1	0.44215	0.09540	0.01342	0.01020	0.01382	0.17211	0.00828	0.05237	0.10686	0.02261	0.01054	0.01142	0.00829	0.00587	0.00435	0.00170	0.00602	0.00380	0.00376	0.00704
2	0.01116	0.01548	0.22413	0.51729	0.03369	0.01258	0.01682	0.01576	0.01185	0.01630	0.01094	0.01502	0.00813	0.00580	0.00562	0.00187	0.00765	0.00494	0.05799	0.00698
3	0.11898	0.01204	0.01338	0.01090	0.01488	0.01248	0.00893	0.24419	0.11512	0.18128	0.03981	0.02078	0.01468	0.00759	0.00562	0.00178	0.00519	0.06694	0.00556	0.09987
4	0.33312	0.01674	0.01298	0.01112	0.01483	0.22423	0.00880	0.14656	0.07871	0.02395	0.01089	0.01179	0.00843	0.00597	0.00470	0.00165	0.00649	0.00400	0.00401	0.07105
5	0.01336	0.00821	0.00989	0.00873	0.01062	0.00836	0.00632	0.07135	0.08717	0.14719	0.01854	0.02771	0.01712	0.35983	0.13914	0.00467	0.00700	0.00698	0.00452	0.04330

[dist]
# distance from previous block
# <min> <max>
0	1

[block]
# block no. 3 follows, 40 sequences, length 6
# corresponding to MSA columns:
# 496-501
name=unknown_D
#
# <colnr> <probs for GDERKNQSTAVLIFYWHMCP>
#	G	D	E	R	K	N	Q	S	T	A	V	L	I	F	Y	W	H	M	C	P
0	0.01603	0.01175	0.01354	0.00997	0.01494	0.01036	0.00809	0.19443	0.01631	0.10269	0.01257	0.01335	0.00954	0.00527	0.00484	0.00118	0.00489	0.00414	0.00443	0.54167
1	0.01211	0.01129	0.08543	0.01103	0.01441	0.00935	0.05589	0.11926	0.03674	0.04329	0.21042	0.13574	0.02766	0.01006	0.00635	0.00185	0.00497	0.07513	0.00506	0.12397
2	0.01119	0.12113	0.39434	0.01318	0.01849	0.01263	0.01491	0.01559	0.01254	0.01778	0.11321	0.09001	0.01856	0.00856	0.00671	0.00192	0.05688	0.06161	0.00348	0.00729
3	0.01471	0.08234	0.08716	0.01107	0.01441	0.01170	0.00981	0.05811	0.07123	0.16140	0.12099	0.07493	0.01921	0.01085	0.05701	0.00232	0.11000	0.00663	0.00472	0.07139
4	0.35521	0.01438	0.01240	0.01039	0.01405	0.14751	0.00835	0.07594	0.01350	0.11228	0.01080	0.01184	0.00820	0.00602	0.00551	0.00166	0.05973	0.00392	0.00401	0.12429
5	0.31145	0.01168	0.01337	0.22245	0.02097	0.01298	0.01012	0.14581	0.01429	0.09018	0.01130	0.01310	0.00829	0.00585	0.00487	0.00174	0.00576	0.00435	0.00402	0.08743

[dist]
# distance from previous block
# <min> <max>
0	402

# created by:
# /software/SequenceAnalysis/GenePrediction/augustus/3.0.1/scripts/msa2prfl.pl ./fixed/BUSCOvEOG7576MC.fas
