[name]
unknown

[dist]
# distance from previous block
# <min> <max>
4	147

[block]
# block no. 0 follows, 38 sequences, length 25
# corresponding to MSA columns:
# 151-175
name=unknown_A
#
# <colnr> <probs for GDERKNQSTAVLIFYWHMCP>
#	G	D	E	R	K	N	Q	S	T	A	V	L	I	F	Y	W	H	M	C	P
0	0.06864	0.00933	0.01223	0.00978	0.01360	0.00834	0.00794	0.02429	0.01677	0.53595	0.19866	0.02580	0.02458	0.00852	0.00617	0.00187	0.00454	0.00706	0.00703	0.00892
1	0.02222	0.00914	0.01239	0.00995	0.01372	0.00799	0.00803	0.02457	0.01685	0.56867	0.16701	0.06914	0.02457	0.00906	0.00635	0.00190	0.00458	0.00764	0.00718	0.00903
2	0.00749	0.00530	0.00693	0.00817	0.00848	0.00499	0.00537	0.00842	0.01121	0.01494	0.03157	0.70140	0.03779	0.10484	0.01024	0.00282	0.00375	0.01617	0.00537	0.00475
3	0.00747	0.00530	0.00698	0.00822	0.00857	0.00498	0.00544	0.00848	0.01145	0.01531	0.05087	0.70941	0.03889	0.07632	0.00938	0.00268	0.00365	0.01631	0.00547	0.00481
4	0.00737	0.00527	0.00702	0.00835	0.00873	0.00491	0.00559	0.00847	0.01170	0.01564	0.05658	0.76041	0.04034	0.01863	0.00766	0.00243	0.00347	0.01690	0.00562	0.00491
5	0.00768	0.00531	0.00694	0.00813	0.00862	0.00498	0.00549	0.00895	0.01191	0.01636	0.07247	0.68811	0.03899	0.01763	0.00740	0.00234	0.00340	0.01592	0.06439	0.00498
6	0.00884	0.00576	0.00753	0.00817	0.00892	0.00536	0.00557	0.01017	0.01252	0.05958	0.15789	0.52560	0.03935	0.10301	0.01004	0.00269	0.00373	0.01442	0.00566	0.00520
7	0.00756	0.00562	0.00705	0.00773	0.00866	0.00511	0.00540	0.00911	0.01323	0.01756	0.20342	0.46729	0.18703	0.01661	0.00743	0.00223	0.00325	0.01478	0.00582	0.00511
8	0.02278	0.00963	0.01273	0.01012	0.01414	0.00858	0.00823	0.02598	0.05908	0.57681	0.11733	0.02589	0.06374	0.00856	0.00625	0.00189	0.00469	0.00710	0.00715	0.00932
9	0.00759	0.00560	0.00713	0.00803	0.00886	0.00514	0.00564	0.00906	0.01279	0.01689	0.13951	0.52189	0.15890	0.01720	0.00753	0.00231	0.00343	0.05172	0.00573	0.00506
10	0.01031	0.00626	0.00761	0.00755	0.00870	0.00685	0.00577	0.01272	0.01151	0.01907	0.01892	0.07707	0.01662	0.01878	0.21922	0.00387	0.05238	0.00665	0.48459	0.00555
11	0.01774	0.00994	0.01179	0.00994	0.01286	0.01000	0.00763	0.13069	0.11872	0.25926	0.07402	0.06540	0.02041	0.16454	0.01102	0.00268	0.00506	0.00750	0.05286	0.00794
12	0.01810	0.00997	0.01153	0.01004	0.01297	0.05989	0.00777	0.06901	0.01622	0.33942	0.09943	0.22930	0.06769	0.01135	0.00661	0.00201	0.00483	0.00970	0.00636	0.00782
13	0.11490	0.01415	0.01650	0.38320	0.02858	0.09835	0.01333	0.14669	0.06762	0.02146	0.01184	0.01479	0.00895	0.00648	0.00606	0.00192	0.02890	0.00504	0.00370	0.00754
14	0.01345	0.00789	0.01004	0.00888	0.01125	0.00753	0.00687	0.01790	0.10752	0.18859	0.47624	0.05528	0.04210	0.01085	0.00675	0.00192	0.00361	0.00944	0.00672	0.00716
15	0.01375	0.36791	0.41598	0.01386	0.02089	0.01811	0.01650	0.01839	0.01260	0.01701	0.02900	0.01219	0.00895	0.00564	0.00493	0.00163	0.00764	0.00407	0.00266	0.00829
16	0.64856	0.01132	0.01000	0.00854	0.01248	0.01244	0.00704	0.02032	0.01182	0.19229	0.01186	0.01220	0.00842	0.00601	0.00425	0.00186	0.00476	0.00389	0.00457	0.00736
17	0.01868	0.01379	0.01551	0.01251	0.01625	0.01530	0.01019	0.52001	0.02321	0.03143	0.05317	0.01825	0.01382	0.01661	0.18872	0.00370	0.00871	0.00595	0.00538	0.00882
18	0.01489	0.01429	0.02442	0.03692	0.75106	0.01429	0.01846	0.01846	0.01370	0.01965	0.01132	0.01489	0.00953	0.00536	0.00596	0.00179	0.00715	0.00536	0.00298	0.00953
19	0.01121	0.00561	0.00561	0.00561	0.00701	0.00561	0.00421	0.01402	0.01262	0.02243	0.01962	0.02243	0.01542	0.00701	0.00421	0.00140	0.00280	0.00561	0.82198	0.00561
20	0.01383	0.01322	0.02251	0.25731	0.53891	0.01402	0.01794	0.01754	0.01320	0.01837	0.01113	0.01523	0.00908	0.00556	0.00597	0.00185	0.00741	0.00536	0.00289	0.00868
21	0.01121	0.00561	0.00561	0.00561	0.00701	0.00561	0.00421	0.01402	0.01262	0.02243	0.01962	0.02243	0.01542	0.00701	0.00421	0.00140	0.00280	0.00561	0.82198	0.00561
22	0.01944	0.01488	0.01596	0.01299	0.01707	0.01660	0.01046	0.47232	0.23996	0.03255	0.01873	0.06981	0.01469	0.00830	0.00616	0.00192	0.00585	0.00663	0.00602	0.00965
23	0.01136	0.01069	0.01804	0.77412	0.04143	0.01337	0.01671	0.01537	0.01203	0.01537	0.01069	0.01604	0.00802	0.00601	0.00601	0.00200	0.00802	0.00535	0.00267	0.00668
24	0.01489	0.01429	0.02442	0.03692	0.75106	0.01429	0.01846	0.01846	0.01370	0.01965	0.01132	0.01489	0.00953	0.00536	0.00596	0.00179	0.00715	0.00536	0.00298	0.00953

[dist]
# distance from previous block
# <min> <max>
0	1

[block]
# block no. 1 follows, 38 sequences, length 30
# corresponding to MSA columns:
# 177-206
name=unknown_B
#
# <colnr> <probs for GDERKNQSTAVLIFYWHMCP>
#	G	D	E	R	K	N	Q	S	T	A	V	L	I	F	Y	W	H	M	C	P
0	0.01247	0.01069	0.01247	0.00891	0.01426	0.00802	0.00713	0.01515	0.01247	0.01960	0.01069	0.01247	0.00891	0.00446	0.00446	0.00089	0.00446	0.00356	0.00356	0.82536
1	0.01489	0.01429	0.02442	0.03692	0.75106	0.01429	0.01846	0.01846	0.01370	0.01965	0.01132	0.01489	0.00953	0.00536	0.00596	0.00179	0.00715	0.00536	0.00298	0.00953
2	0.00711	0.00609	0.00609	0.00609	0.00813	0.00508	0.00457	0.00863	0.01371	0.01625	0.06094	0.05789	0.74862	0.01524	0.00711	0.00203	0.00305	0.01270	0.00559	0.00508
3	0.01170	0.01090	0.01763	0.70314	0.03903	0.01351	0.01604	0.01692	0.07987	0.01628	0.01198	0.01664	0.00898	0.00621	0.00602	0.00201	0.00772	0.00548	0.00299	0.00695
4	0.00864	0.00625	0.00869	0.00869	0.00943	0.00699	0.00630	0.01011	0.00938	0.01324	0.01701	0.02858	0.01719	0.27909	0.53372	0.00846	0.01288	0.00717	0.00336	0.00483
5	0.02013	0.01565	0.01860	0.01814	0.16811	0.01697	0.01247	0.51747	0.06032	0.03256	0.01640	0.01689	0.04371	0.00725	0.00606	0.00182	0.00647	0.00580	0.00538	0.00982
6	0.01727	0.64996	0.02883	0.01126	0.01603	0.16178	0.01054	0.01913	0.01312	0.01426	0.00854	0.00987	0.00773	0.00534	0.00415	0.00134	0.00726	0.00334	0.00267	0.00758
7	0.00840	0.00614	0.00789	0.00745	0.00892	0.00563	0.00559	0.01114	0.01677	0.02351	0.69411	0.04595	0.11092	0.01253	0.00710	0.00190	0.00285	0.01102	0.00654	0.00563
8	0.01430	0.01469	0.02802	0.10120	0.41275	0.01455	0.28717	0.01848	0.01373	0.01911	0.01158	0.01550	0.00924	0.00531	0.00639	0.00190	0.00836	0.00602	0.00297	0.00873
9	0.01489	0.01429	0.02442	0.03692	0.75106	0.01429	0.01846	0.01846	0.01370	0.01965	0.01132	0.01489	0.00953	0.00536	0.00596	0.00179	0.00715	0.00536	0.00298	0.00953
10	0.00744	0.00532	0.00708	0.00830	0.00875	0.00496	0.00559	0.00865	0.01203	0.01617	0.09975	0.71574	0.04137	0.01824	0.00762	0.00239	0.00343	0.01652	0.00568	0.00496
11	0.01207	0.03112	0.75741	0.01715	0.02604	0.01397	0.02223	0.01905	0.01270	0.01905	0.01080	0.01270	0.00762	0.00572	0.00572	0.00191	0.00889	0.00445	0.00254	0.00889
12	0.00883	0.00847	0.06677	0.00951	0.01173	0.00672	0.00856	0.01145	0.01379	0.01755	0.05979	0.05904	0.31376	0.01511	0.00760	0.00239	0.00475	0.36319	0.00535	0.00562
13	0.01461	0.01401	0.02392	0.09464	0.69550	0.01422	0.01832	0.01822	0.01357	0.01932	0.01127	0.01498	0.00941	0.00541	0.00596	0.00180	0.00721	0.00536	0.00295	0.00931
14	0.01247	0.01069	0.01247	0.00891	0.01426	0.00802	0.00713	0.01515	0.01247	0.01960	0.01069	0.01247	0.00891	0.00446	0.00446	0.00089	0.00446	0.00356	0.00356	0.82536
15	0.01456	0.01396	0.02382	0.10558	0.68497	0.01421	0.01830	0.01817	0.01354	0.01925	0.01126	0.01500	0.00939	0.00542	0.00596	0.00181	0.00723	0.00536	0.00295	0.00926
16	0.00974	0.00812	0.01186	0.01120	0.01200	0.01024	0.00893	0.01168	0.00955	0.01409	0.01406	0.02102	0.01325	0.03647	0.57858	0.00791	0.20639	0.00615	0.00308	0.00567
17	0.01247	0.01069	0.01247	0.00891	0.01426	0.00802	0.00713	0.01515	0.01247	0.01960	0.01069	0.01247	0.00891	0.00446	0.00446	0.00089	0.00446	0.00356	0.00356	0.82536
18	0.01105	0.00981	0.01337	0.01198	0.01217	0.01278	0.00935	0.01212	0.00915	0.01355	0.01262	0.02279	0.01330	0.24841	0.15215	0.00481	0.41555	0.00651	0.00304	0.00550
19	0.01121	0.00561	0.00561	0.00561	0.00701	0.00561	0.00421	0.01402	0.01262	0.02243	0.01962	0.02243	0.01542	0.00701	0.00421	0.00140	0.00280	0.00561	0.82198	0.00561
20	0.01248	0.02335	0.44754	0.02022	0.14844	0.01369	0.07750	0.01791	0.01314	0.01930	0.07942	0.01640	0.01267	0.00657	0.00704	0.00195	0.06539	0.00548	0.00304	0.00846
21	0.01207	0.03112	0.75741	0.01715	0.02604	0.01397	0.02223	0.01905	0.01270	0.01905	0.01080	0.01270	0.00762	0.00572	0.00572	0.00191	0.00889	0.00445	0.00254	0.00889
22	0.01417	0.01540	0.09186	0.12974	0.59242	0.01414	0.01859	0.01812	0.01339	0.01905	0.01119	0.01483	0.00916	0.00548	0.00594	0.00183	0.00742	0.00527	0.00290	0.00910
23	0.00969	0.00692	0.00969	0.01108	0.01246	0.00692	0.00969	0.01246	0.01385	0.01800	0.03185	0.06786	0.03462	0.01662	0.00831	0.00277	0.00554	0.71057	0.00554	0.00554
24	0.00785	0.00612	0.00712	0.00687	0.00858	0.00539	0.00515	0.01007	0.01546	0.02041	0.42405	0.05105	0.38291	0.01368	0.00710	0.00196	0.00294	0.01174	0.00613	0.00539
25	0.00752	0.00603	0.00621	0.00621	0.00773	0.00527	0.00434	0.00866	0.01247	0.01510	0.05045	0.05326	0.56701	0.20848	0.01298	0.00298	0.00374	0.01171	0.00510	0.00472
26	0.00780	0.00612	0.00705	0.00682	0.00855	0.00537	0.00511	0.00997	0.01534	0.02011	0.39754	0.05155	0.40961	0.01380	0.00710	0.00196	0.00294	0.01181	0.00609	0.00537
27	0.01496	0.01292	0.01360	0.01224	0.01564	0.01496	0.00952	0.03197	0.74019	0.02516	0.02448	0.02244	0.01836	0.00816	0.00612	0.00204	0.00476	0.00680	0.00612	0.00952
28	0.01215	0.00987	0.01135	0.01112	0.01347	0.01087	0.00885	0.02229	0.39786	0.02211	0.09479	0.10847	0.02857	0.01195	0.00698	0.00227	0.00469	0.20880	0.00595	0.00760
29	0.01470	0.01752	0.13761	0.02854	0.46391	0.08333	0.05280	0.01812	0.01333	0.01822	0.01101	0.01455	0.00913	0.00693	0.00756	0.07845	0.00774	0.00515	0.00289	0.00848

[dist]
# distance from previous block
# <min> <max>
6	7

[block]
# block no. 2 follows, 38 sequences, length 24
# corresponding to MSA columns:
# 215-238
name=unknown_C
#
# <colnr> <probs for GDERKNQSTAVLIFYWHMCP>
#	G	D	E	R	K	N	Q	S	T	A	V	L	I	F	Y	W	H	M	C	P
0	0.01421	0.01582	0.03321	0.02608	0.11171	0.01530	0.60550	0.01889	0.01384	0.01902	0.01181	0.01589	0.00910	0.00544	0.00774	0.00204	0.05641	0.00679	0.00301	0.00818
1	0.01255	0.02773	0.59328	0.01901	0.02727	0.01425	0.18297	0.01910	0.01304	0.01910	0.01111	0.01350	0.00796	0.00557	0.00603	0.00193	0.00918	0.00505	0.00265	0.00871
2	0.01126	0.01036	0.01478	0.01324	0.01369	0.01388	0.01081	0.01292	0.00940	0.01426	0.01132	0.01752	0.01087	0.02494	0.33004	0.00556	0.46042	0.00576	0.00288	0.00608
3	0.01121	0.00561	0.00561	0.00561	0.00701	0.00561	0.00421	0.01402	0.01262	0.02243	0.01962	0.02243	0.01542	0.00701	0.00421	0.00140	0.00280	0.00561	0.82198	0.00561
4	0.00733	0.00524	0.00698	0.00838	0.00873	0.00489	0.00558	0.00838	0.01152	0.01536	0.03316	0.78466	0.03979	0.01885	0.00768	0.00244	0.00349	0.01710	0.00558	0.00489
5	0.01421	0.01491	0.01827	0.01576	0.01611	0.10263	0.01299	0.01555	0.01010	0.01451	0.00806	0.01290	0.00788	0.01004	0.01813	0.00251	0.69103	0.00511	0.00269	0.00663
6	0.01247	0.01069	0.01247	0.00891	0.01426	0.00802	0.00713	0.01515	0.01247	0.01960	0.01069	0.01247	0.00891	0.00446	0.00446	0.00089	0.00446	0.00356	0.00356	0.82536
7	0.01504	0.01479	0.02363	0.08362	0.66812	0.05207	0.01800	0.01854	0.01376	0.01913	0.01117	0.01476	0.00934	0.00544	0.00593	0.00179	0.00739	0.00528	0.00296	0.00922
8	0.00778	0.00585	0.00823	0.09481	0.01242	0.00584	0.00684	0.00917	0.01158	0.01536	0.03062	0.69790	0.03620	0.01740	0.00749	0.00239	0.00400	0.01577	0.00526	0.00509
9	0.01372	0.01510	0.03121	0.10836	0.03068	0.01474	0.56644	0.01832	0.01358	0.01859	0.01168	0.01581	0.00892	0.00543	0.00750	0.00199	0.05082	0.00659	0.00301	0.05750
10	0.02282	0.01818	0.01794	0.01403	0.01865	0.10283	0.01146	0.65120	0.02702	0.03530	0.01386	0.01404	0.00995	0.00711	0.00595	0.00178	0.00710	0.00524	0.00569	0.00986
11	0.01496	0.01292	0.01360	0.01224	0.01564	0.01496	0.00952	0.03197	0.74019	0.02516	0.02448	0.02244	0.01836	0.00816	0.00612	0.00204	0.00476	0.00680	0.00612	0.00952
12	0.01354	0.01273	0.02144	0.16459	0.54122	0.01316	0.01671	0.01711	0.01378	0.01940	0.09434	0.01848	0.01459	0.00626	0.00609	0.00184	0.00682	0.00598	0.00333	0.00859
13	0.01498	0.01639	0.01823	0.48918	0.08828	0.24026	0.01530	0.01822	0.01367	0.01550	0.01032	0.01438	0.00805	0.00602	0.00583	0.00185	0.00881	0.00490	0.00282	0.00699
14	0.00807	0.00555	0.00676	0.00742	0.00759	0.00538	0.00457	0.00857	0.01007	0.01342	0.02571	0.39383	0.03039	0.42249	0.01971	0.00422	0.00472	0.01272	0.00457	0.00424
15	0.00743	0.00591	0.00666	0.00689	0.00842	0.00515	0.00501	0.00909	0.01384	0.01754	0.18455	0.22068	0.45660	0.01550	0.00724	0.00210	0.00311	0.01335	0.00578	0.00515
16	0.01489	0.01429	0.02442	0.03692	0.75106	0.01429	0.01846	0.01846	0.01370	0.01965	0.01132	0.01489	0.00953	0.00536	0.00596	0.00179	0.00715	0.00536	0.00298	0.00953
17	0.01045	0.00522	0.00784	0.00784	0.00784	0.00522	0.00522	0.00784	0.00784	0.01045	0.01045	0.01829	0.01045	0.02090	0.02351	0.82497	0.00522	0.00522	0.00261	0.00261
18	0.00864	0.00626	0.00873	0.00873	0.00948	0.00701	0.00635	0.01014	0.00939	0.01327	0.01697	0.02838	0.01710	0.26965	0.54303	0.00851	0.01301	0.00714	0.00335	0.00485
19	0.01764	0.01989	0.01698	0.19609	0.07081	0.36726	0.01279	0.02342	0.18006	0.01757	0.01321	0.01498	0.01034	0.00655	0.00576	0.00178	0.00855	0.00499	0.00368	0.00765
20	0.01678	0.00806	0.01024	0.00860	0.01172	0.00698	0.00683	0.01898	0.01611	0.36581	0.19850	0.03736	0.24712	0.01091	0.00661	0.00192	0.00397	0.00916	0.00670	0.00764
21	0.01024	0.00536	0.00804	0.00804	0.00816	0.00548	0.00548	0.00816	0.00804	0.01085	0.01109	0.01889	0.01097	0.02363	0.10718	0.73295	0.00645	0.00536	0.00268	0.00292
22	0.01936	0.02135	0.02023	0.02424	0.32367	0.36782	0.01445	0.10150	0.01692	0.01939	0.01072	0.01294	0.00877	0.00597	0.00571	0.00168	0.00883	0.00467	0.00338	0.00841
23	0.01337	0.21393	0.49714	0.01493	0.02229	0.01647	0.01789	0.02026	0.09470	0.01855	0.01175	0.01306	0.00886	0.00585	0.00531	0.00177	0.00783	0.00441	0.00295	0.00868

[dist]
# distance from previous block
# <min> <max>
2	15

# created by:
# /software/SequenceAnalysis/GenePrediction/augustus/3.0.1/scripts/msa2prfl.pl ./fixed/BUSCOvEOG7JWWW3.fas
