[name]
unknown

[dist]
# distance from previous block
# <min> <max>
0	139

[block]
# block no. 0 follows, 41 sequences, length 27
# corresponding to MSA columns:
# 145-171
name=unknown_A
#
# <colnr> <probs for GDERKNQSTAVLIFYWHMCP>
#	G	D	E	R	K	N	Q	S	T	A	V	L	I	F	Y	W	H	M	C	P
0	0.02090	0.00872	0.01178	0.00941	0.01299	0.00763	0.00761	0.02322	0.01637	0.56192	0.22527	0.02596	0.02516	0.00840	0.00606	0.00179	0.00430	0.00704	0.00689	0.00858
1	0.01237	0.01186	0.01104	0.01165	0.01338	0.20090	0.00971	0.01468	0.01398	0.01640	0.02493	0.05088	0.02651	0.01334	0.00724	0.00235	0.00657	0.54184	0.00471	0.00565
2	0.02095	0.00880	0.01144	0.00912	0.01292	0.00755	0.00741	0.02295	0.01557	0.57656	0.03156	0.02855	0.20278	0.00900	0.00604	0.00183	0.00440	0.00737	0.00666	0.00853
3	0.00820	0.00598	0.00810	0.00776	0.00903	0.00589	0.00588	0.01071	0.01447	0.02056	0.57132	0.03768	0.04397	0.01962	0.20108	0.00368	0.00592	0.00930	0.00550	0.00537
4	0.00691	0.00561	0.00611	0.00650	0.00796	0.00482	0.00467	0.00820	0.01246	0.01527	0.05005	0.27672	0.54358	0.01556	0.00695	0.00206	0.00305	0.01334	0.00534	0.00482
5	0.00826	0.00573	0.00716	0.00725	0.00757	0.00598	0.00468	0.00889	0.00881	0.01204	0.01832	0.08865	0.02027	0.52813	0.23786	0.00635	0.00816	0.00830	0.00351	0.00406
6	0.01803	0.01349	0.01434	0.01135	0.01526	0.01451	0.00925	0.55752	0.02343	0.03090	0.02497	0.02427	0.19948	0.00884	0.00602	0.00179	0.00546	0.00692	0.00564	0.00853
7	0.02118	0.02676	0.01614	0.01467	0.01763	0.74786	0.01101	0.02315	0.04258	0.01443	0.00944	0.01082	0.00781	0.00601	0.00522	0.00151	0.01013	0.00381	0.00308	0.00676
8	0.00790	0.00569	0.00616	0.00615	0.00679	0.00536	0.00379	0.00835	0.00990	0.01258	0.03102	0.04321	0.26057	0.54395	0.02188	0.00438	0.00471	0.00955	0.00409	0.00395
9	0.01503	0.01090	0.01209	0.00998	0.01260	0.01163	0.00767	0.37548	0.01958	0.02654	0.20022	0.02702	0.02358	0.20811	0.01192	0.00272	0.00524	0.00726	0.00532	0.00711
10	0.00690	0.00565	0.00607	0.00640	0.00793	0.00483	0.00463	0.00821	0.01256	0.01531	0.05129	0.24199	0.57751	0.01540	0.00693	0.00204	0.00303	0.01315	0.00534	0.00483
11	0.00731	0.00571	0.00606	0.00619	0.00742	0.00507	0.00422	0.00828	0.01153	0.01419	0.04398	0.11965	0.47880	0.24089	0.01328	0.00302	0.00373	0.01140	0.00480	0.00446
12	0.01719	0.01170	0.01307	0.01132	0.01486	0.01280	0.00892	0.02979	0.56609	0.21167	0.02316	0.02097	0.01669	0.00764	0.00584	0.00191	0.00464	0.00631	0.00616	0.00926
13	0.01344	0.01180	0.01405	0.20701	0.02112	0.01388	0.01081	0.02644	0.56485	0.02164	0.02003	0.01990	0.01504	0.00730	0.00583	0.00195	0.00534	0.00614	0.00502	0.00841
14	0.02095	0.00880	0.01144	0.00912	0.01292	0.00755	0.00741	0.02295	0.01557	0.57656	0.03156	0.02855	0.20278	0.00900	0.00604	0.00183	0.00440	0.00737	0.00666	0.00853
15	0.00759	0.00540	0.00700	0.00757	0.00822	0.00506	0.00518	0.00905	0.01253	0.01718	0.28265	0.45121	0.04161	0.10069	0.00951	0.00251	0.00338	0.01336	0.00548	0.00482
16	0.00715	0.00508	0.00667	0.00789	0.00821	0.00476	0.00521	0.00805	0.01081	0.01442	0.03059	0.73901	0.03663	0.07500	0.00893	0.00257	0.00351	0.01569	0.00520	0.00460
17	0.00801	0.00567	0.00619	0.00618	0.00668	0.00541	0.00373	0.00835	0.00956	0.01227	0.02817	0.04196	0.20774	0.59995	0.02347	0.00464	0.00490	0.00929	0.00396	0.00386
18	0.00992	0.00891	0.01455	0.58805	0.03157	0.01071	0.01324	0.01299	0.01136	0.01469	0.01564	0.21229	0.01533	0.00885	0.00615	0.00203	0.00656	0.00793	0.00327	0.00596
19	0.01183	0.00680	0.00794	0.00718	0.00950	0.00586	0.00546	0.01340	0.01369	0.20547	0.09034	0.07759	0.43897	0.06993	0.00819	0.00218	0.00362	0.01030	0.00571	0.00604
20	0.01252	0.00689	0.00899	0.00790	0.01008	0.00617	0.00612	0.01498	0.01605	0.21038	0.52185	0.03783	0.09557	0.01078	0.00653	0.00182	0.00329	0.00933	0.00645	0.00649
21	0.00705	0.00504	0.00670	0.00802	0.00836	0.00470	0.00535	0.00803	0.01100	0.01468	0.03158	0.79436	0.03787	0.01796	0.00733	0.00234	0.00335	0.01627	0.00533	0.00469
22	0.01464	0.01441	0.02286	0.03399	0.72069	0.05628	0.01721	0.01790	0.01325	0.01850	0.01073	0.01405	0.00904	0.00520	0.00567	0.00170	0.00702	0.00504	0.00287	0.00896
23	0.01071	0.01012	0.01704	0.70772	0.05285	0.01233	0.03237	0.01441	0.01161	0.01484	0.01288	0.01746	0.04982	0.00617	0.00580	0.00190	0.00739	0.00551	0.00271	0.00636
24	0.01154	0.01127	0.01845	0.37419	0.04367	0.01416	0.08451	0.01443	0.01059	0.01467	0.00977	0.01481	0.00819	0.00975	0.06530	0.00263	0.27773	0.00529	0.00261	0.00642
25	0.00733	0.00544	0.00729	0.00833	0.00868	0.00540	0.00572	0.00841	0.01105	0.01491	0.06162	0.71900	0.03683	0.01721	0.00792	0.00231	0.04722	0.01538	0.00520	0.00477
26	0.02052	0.01892	0.01646	0.01391	0.03292	0.24823	0.01084	0.41879	0.11538	0.02743	0.01339	0.01366	0.00997	0.00665	0.00556	0.00167	0.00731	0.00487	0.00483	0.00868

[dist]
# distance from previous block
# <min> <max>
0	402

# created by:
# /software/SequenceAnalysis/GenePrediction/augustus/3.0.1/scripts/msa2prfl.pl ./fixed/BUSCOvEOG74QVF0.fas
