[name]
unknown

[dist]
# distance from previous block
# <min> <max>
0	254

[block]
# block no. 0 follows, 40 sequences, length 7
# corresponding to MSA columns:
# 360-366
name=unknown_A
#
# <colnr> <probs for GDERKNQSTAVLIFYWHMCP>
#	G	D	E	R	K	N	Q	S	T	A	V	L	I	F	Y	W	H	M	C	P
0	0.00759	0.00543	0.00728	0.00830	0.00895	0.00512	0.00593	0.00913	0.01239	0.01671	0.16314	0.56156	0.04078	0.01679	0.00740	0.00231	0.00352	0.10715	0.00557	0.00494
1	0.00723	0.00512	0.00670	0.00791	0.00821	0.00482	0.00520	0.00814	0.01085	0.01446	0.03059	0.71155	0.03662	0.10102	0.00978	0.00271	0.00361	0.01567	0.00520	0.00460
2	0.01496	0.68323	0.14124	0.01095	0.01647	0.02158	0.01169	0.01756	0.01189	0.01440	0.00844	0.00977	0.00745	0.00506	0.00400	0.00133	0.00658	0.00329	0.00248	0.00763
3	0.00706	0.00517	0.00664	0.00781	0.00836	0.00475	0.00527	0.00813	0.01141	0.01496	0.03555	0.69594	0.13210	0.01776	0.00735	0.00231	0.00332	0.01598	0.00540	0.00475
4	0.01206	0.01034	0.01206	0.00861	0.01378	0.00775	0.00689	0.01464	0.01206	0.01895	0.01034	0.01206	0.00861	0.00431	0.00431	0.00086	0.00431	0.00345	0.00345	0.83118
5	0.05030	0.63280	0.06749	0.01082	0.01557	0.07879	0.01063	0.01775	0.01199	0.01451	0.00826	0.00972	0.00742	0.00532	0.00458	0.00137	0.03942	0.00331	0.00257	0.00737
6	0.02097	0.01295	0.01491	0.01151	0.01597	0.01313	0.00942	0.35918	0.06661	0.25111	0.04633	0.01712	0.01335	0.00695	0.00568	0.00166	0.00543	0.00548	0.00595	0.11628

[dist]
# distance from previous block
# <min> <max>
15	20

[block]
# block no. 1 follows, 40 sequences, length 27
# corresponding to MSA columns:
# 388-414
name=unknown_B
#
# <colnr> <probs for GDERKNQSTAVLIFYWHMCP>
#	G	D	E	R	K	N	Q	S	T	A	V	L	I	F	Y	W	H	M	C	P
0	0.00718	0.00513	0.00683	0.00803	0.00845	0.00478	0.00541	0.00833	0.01156	0.01552	0.08969	0.73227	0.03977	0.01771	0.00738	0.00232	0.00332	0.01605	0.00548	0.00478
1	0.83671	0.01125	0.00855	0.00765	0.01125	0.01305	0.00630	0.01709	0.00990	0.02609	0.00810	0.00945	0.00630	0.00540	0.00360	0.00180	0.00450	0.00315	0.00360	0.00630
2	0.02172	0.02772	0.01648	0.01498	0.01798	0.77228	0.01124	0.02322	0.01648	0.01423	0.00899	0.01049	0.00749	0.00599	0.00524	0.00150	0.01049	0.00375	0.00300	0.00674
3	0.01439	0.01382	0.02360	0.03569	0.75936	0.01382	0.01785	0.01785	0.01324	0.01900	0.01094	0.01439	0.00921	0.00518	0.00576	0.00173	0.00691	0.00518	0.00288	0.00921
4	0.00885	0.00610	0.00770	0.00726	0.00885	0.00551	0.00546	0.01128	0.01569	0.05891	0.56964	0.07696	0.17113	0.01241	0.00683	0.00187	0.00292	0.01084	0.00623	0.00558
5	0.01555	0.79913	0.03047	0.00995	0.01493	0.02301	0.00995	0.01741	0.01182	0.01368	0.00808	0.00933	0.00746	0.00498	0.00373	0.00124	0.00622	0.00311	0.00249	0.00746
6	0.00709	0.00506	0.00675	0.00810	0.00843	0.00472	0.00540	0.00810	0.01113	0.01484	0.03205	0.79184	0.03846	0.01822	0.00742	0.00236	0.00337	0.01653	0.00540	0.00472
7	0.00707	0.00511	0.00670	0.00797	0.00840	0.00473	0.00534	0.00811	0.01126	0.01490	0.03362	0.74882	0.08047	0.01801	0.00739	0.00234	0.00335	0.01628	0.00540	0.00473
8	0.01206	0.01034	0.01206	0.00861	0.01378	0.00775	0.00689	0.01464	0.01206	0.01895	0.01034	0.01206	0.00861	0.00431	0.00431	0.00086	0.00431	0.00345	0.00345	0.83118
9	0.24255	0.01344	0.02337	0.01807	0.05504	0.01321	0.38646	0.01974	0.01312	0.14115	0.01253	0.01457	0.00905	0.00542	0.00575	0.00188	0.00743	0.00560	0.00381	0.00781
10	0.01555	0.79913	0.03047	0.00995	0.01493	0.02301	0.00995	0.01741	0.01182	0.01368	0.00808	0.00933	0.00746	0.00498	0.00373	0.00124	0.00622	0.00311	0.00249	0.00746
11	0.02339	0.01254	0.01493	0.01163	0.01606	0.01269	0.00955	0.29301	0.09744	0.41582	0.01968	0.01783	0.01307	0.00719	0.00584	0.00180	0.00545	0.00570	0.00655	0.00982
12	0.01338	0.04619	0.01534	0.01165	0.05877	0.00971	0.05978	0.03074	0.03419	0.05349	0.01141	0.01301	0.00917	0.00472	0.00470	0.00110	0.00501	0.00401	0.00363	0.61001
13	0.53202	0.07531	0.01256	0.01001	0.01353	0.24020	0.00804	0.01895	0.01200	0.02162	0.00836	0.00975	0.00674	0.00554	0.00410	0.00167	0.00641	0.00332	0.00334	0.00652
14	0.00876	0.00690	0.01022	0.00996	0.01089	0.00836	0.00783	0.01076	0.00930	0.01355	0.01476	0.02180	0.01383	0.04017	0.69492	0.00864	0.09488	0.00611	0.00306	0.00531
15	0.00843	0.00673	0.01008	0.25183	0.01835	0.00733	0.00875	0.01039	0.01132	0.01506	0.02481	0.52381	0.02807	0.01396	0.00681	0.00220	0.00473	0.01261	0.02944	0.00529
16	0.07906	0.01452	0.02746	0.15639	0.12151	0.03619	0.44260	0.01788	0.01307	0.01848	0.01104	0.01484	0.00845	0.00517	0.00623	0.00190	0.00868	0.00597	0.00292	0.00762
17	0.01085	0.01014	0.01705	0.74397	0.03860	0.01264	0.01572	0.01464	0.01152	0.01479	0.01059	0.01586	0.00808	0.00766	0.04323	0.00230	0.00813	0.00522	0.00261	0.00640
18	0.00709	0.00523	0.00664	0.00770	0.00835	0.00478	0.00524	0.00825	0.01170	0.01532	0.06471	0.63932	0.15962	0.01739	0.00731	0.00227	0.00328	0.01558	0.00544	0.00478
19	0.01177	0.01114	0.01887	0.60894	0.20660	0.01313	0.01654	0.01555	0.01200	0.01582	0.01048	0.01525	0.00809	0.00567	0.00580	0.00189	0.00756	0.00517	0.00265	0.00710
20	0.09426	0.05734	0.32403	0.16972	0.11745	0.02975	0.09250	0.01759	0.01225	0.01826	0.01024	0.01307	0.00772	0.00545	0.00547	0.00182	0.00787	0.00466	0.00271	0.00785
21	0.01233	0.01213	0.02180	0.51172	0.03528	0.01387	0.20143	0.05228	0.01283	0.01688	0.01076	0.01534	0.00813	0.00585	0.00672	0.00196	0.04528	0.00560	0.00284	0.00698
22	0.00718	0.00513	0.00683	0.00803	0.00845	0.00478	0.00541	0.00833	0.01156	0.01552	0.08969	0.73227	0.03977	0.01771	0.00738	0.00232	0.00332	0.01605	0.00548	0.00478
23	0.03608	0.00800	0.01044	0.06090	0.01234	0.00876	0.00738	0.06862	0.09474	0.05100	0.01368	0.02038	0.01233	0.06046	0.01668	0.43310	0.04337	0.03323	0.00359	0.00493
24	0.04513	0.41514	0.07302	0.04936	0.01882	0.07137	0.10317	0.01952	0.01305	0.12547	0.01106	0.01224	0.00863	0.00545	0.00476	0.00152	0.00695	0.00421	0.00332	0.00780
25	0.01460	0.38353	0.12007	0.01053	0.01490	0.01559	0.01043	0.01725	0.01198	0.11205	0.01248	0.01462	0.01025	0.01386	0.17210	0.00317	0.00824	0.00441	0.04260	0.00734
26	0.01084	0.00542	0.00542	0.00542	0.00678	0.00542	0.00407	0.01355	0.01220	0.02168	0.01897	0.02168	0.01491	0.00678	0.00407	0.00136	0.00271	0.00542	0.82791	0.00542

[dist]
# distance from previous block
# <min> <max>
5	37

[block]
# block no. 2 follows, 40 sequences, length 40
# corresponding to MSA columns:
# 454-493
name=unknown_C
#
# <colnr> <probs for GDERKNQSTAVLIFYWHMCP>
#	G	D	E	R	K	N	Q	S	T	A	V	L	I	F	Y	W	H	M	C	P
0	0.01198	0.07155	0.01772	0.06250	0.03972	0.09763	0.17617	0.01510	0.01502	0.01968	0.35848	0.02847	0.03046	0.00857	0.00636	0.00180	0.00601	0.02173	0.00455	0.00649
1	0.00912	0.00623	0.00790	0.00771	0.00929	0.00553	0.00564	0.01109	0.01398	0.06632	0.32916	0.29288	0.12378	0.01347	0.00679	0.00195	0.00324	0.01191	0.00577	0.06826
2	0.01292	0.01223	0.06522	0.40032	0.13186	0.01241	0.04701	0.01792	0.08158	0.07155	0.05518	0.01753	0.01211	0.00626	0.00586	0.00186	0.00689	0.00562	0.00352	0.03214
3	0.01530	0.75023	0.07721	0.01037	0.01558	0.02241	0.01068	0.01748	0.01185	0.01398	0.00823	0.00952	0.00746	0.00501	0.00385	0.00128	0.00637	0.00318	0.00249	0.00753
4	0.00808	0.00588	0.00761	0.00731	0.00863	0.00540	0.00543	0.01064	0.01593	0.02235	0.67140	0.09825	0.08632	0.01248	0.00690	0.00187	0.00280	0.01103	0.00628	0.00540
5	0.01136	0.01085	0.01678	0.43067	0.02821	0.01418	0.01404	0.01402	0.01055	0.01453	0.01092	0.07244	0.01000	0.00841	0.01101	0.00220	0.30476	0.00599	0.00278	0.00629
6	0.00715	0.00509	0.00673	0.00802	0.00834	0.00477	0.00531	0.00811	0.01101	0.01468	0.03141	0.75680	0.03766	0.05436	0.00845	0.00251	0.00348	0.01616	0.00531	0.00467
7	0.00704	0.00587	0.00614	0.00614	0.00797	0.00497	0.00458	0.00865	0.01355	0.01657	0.13990	0.08228	0.64730	0.01453	0.00689	0.00196	0.00294	0.01223	0.00552	0.00497
8	0.02211	0.01629	0.01745	0.01338	0.01803	0.01803	0.01105	0.73997	0.02734	0.03665	0.01396	0.01396	0.00989	0.00698	0.00582	0.00175	0.00640	0.00524	0.00582	0.00989
9	0.02609	0.00990	0.01350	0.01035	0.01484	0.00855	0.00855	0.02834	0.01664	0.76338	0.02294	0.01979	0.01439	0.00720	0.00585	0.00180	0.00495	0.00585	0.00720	0.00990
10	0.01439	0.01382	0.02360	0.03569	0.75936	0.01382	0.01785	0.01785	0.01324	0.01900	0.01094	0.01439	0.00921	0.00518	0.00576	0.00173	0.00691	0.00518	0.00288	0.00921
11	0.01446	0.01249	0.01315	0.01183	0.01512	0.01446	0.00920	0.03090	0.74885	0.02433	0.02367	0.02170	0.01775	0.00789	0.00592	0.00197	0.00460	0.00657	0.00592	0.00920
12	0.83671	0.01125	0.00855	0.00765	0.01125	0.01305	0.00630	0.01709	0.00990	0.02609	0.00810	0.00945	0.00630	0.00540	0.00360	0.00180	0.00450	0.00315	0.00360	0.00630
13	0.00835	0.00608	0.00858	0.00858	0.00935	0.00685	0.00631	0.00989	0.00912	0.01293	0.01628	0.02674	0.01623	0.23623	0.58228	0.00840	0.01303	0.00680	0.00322	0.00476
14	0.83671	0.01125	0.00855	0.00765	0.01125	0.01305	0.00630	0.01709	0.00990	0.02609	0.00810	0.00945	0.00630	0.00540	0.00360	0.00180	0.00450	0.00315	0.00360	0.00630
15	0.00769	0.00581	0.00711	0.00702	0.00842	0.00522	0.00518	0.00985	0.01484	0.02003	0.46242	0.14876	0.24931	0.01354	0.00694	0.00194	0.00289	0.01183	0.00598	0.00522
16	0.01166	0.03008	0.76550	0.01657	0.02517	0.01351	0.02149	0.01842	0.01228	0.01842	0.01044	0.01228	0.00737	0.00552	0.00552	0.00184	0.00859	0.00430	0.00246	0.00859
17	0.03871	0.02468	0.53006	0.05884	0.02339	0.03632	0.01796	0.02057	0.10289	0.07302	0.01284	0.01402	0.00914	0.00596	0.00554	0.00185	0.00772	0.00469	0.00328	0.00851
18	0.00724	0.00517	0.00693	0.00828	0.00868	0.00486	0.00567	0.00837	0.01129	0.01502	0.03196	0.74215	0.03812	0.01807	0.00746	0.00238	0.00351	0.06468	0.00540	0.00477
19	0.00705	0.00590	0.00613	0.00608	0.00796	0.00498	0.00456	0.00869	0.01367	0.01669	0.14920	0.05434	0.66609	0.01436	0.00687	0.00195	0.00292	0.01205	0.00553	0.00498
20	0.02117	0.01582	0.01693	0.01319	0.01768	0.01760	0.01083	0.65338	0.11544	0.03514	0.01515	0.01491	0.01085	0.00709	0.00583	0.00177	0.00618	0.00540	0.00583	0.00981
21	0.04699	0.01116	0.01506	0.10580	0.08079	0.01102	0.01046	0.11878	0.03883	0.45474	0.03397	0.01828	0.01325	0.00689	0.00579	0.00181	0.00557	0.00566	0.00593	0.00920
22	0.00714	0.00510	0.00679	0.00806	0.00845	0.00476	0.00540	0.00823	0.01137	0.01522	0.06451	0.75829	0.03920	0.01793	0.00740	0.00234	0.00335	0.01626	0.00544	0.00476
23	0.01373	0.01569	0.03431	0.02451	0.03039	0.01471	0.73824	0.01863	0.01373	0.01863	0.01176	0.01569	0.00882	0.00490	0.00686	0.00196	0.00980	0.00686	0.00294	0.00784
24	0.01177	0.01093	0.01775	0.66521	0.03695	0.01330	0.04269	0.04386	0.06839	0.01655	0.01154	0.01592	0.00863	0.00598	0.00586	0.00193	0.00754	0.00534	0.00297	0.00685
25	0.02143	0.01556	0.01728	0.07170	0.01957	0.01724	0.01133	0.65452	0.02569	0.06591	0.01407	0.01433	0.00992	0.00690	0.00582	0.00176	0.00644	0.00526	0.00563	0.00963
26	0.07299	0.00552	0.00765	0.00758	0.00785	0.00566	0.00515	0.00830	0.00775	0.01132	0.00995	0.01705	0.00981	0.01908	0.02127	0.76774	0.00501	0.00491	0.00261	0.00281
27	0.01278	0.01178	0.01924	0.50889	0.24780	0.01355	0.01627	0.06827	0.01324	0.01764	0.01077	0.01507	0.00833	0.00571	0.00580	0.00186	0.00741	0.00518	0.00290	0.00751
28	0.00880	0.00664	0.00958	0.00938	0.01029	0.00786	0.00726	0.01072	0.00942	0.01386	0.01534	0.02298	0.01445	0.08679	0.62420	0.00814	0.07275	0.00624	0.05012	0.00519
29	0.01335	0.01226	0.01865	0.50774	0.21193	0.06117	0.01582	0.01688	0.01261	0.05850	0.01112	0.01516	0.00847	0.00575	0.00577	0.00185	0.00756	0.00512	0.00294	0.00734
30	0.83671	0.01125	0.00855	0.00765	0.01125	0.01305	0.00630	0.01709	0.00990	0.02609	0.00810	0.00945	0.00630	0.00540	0.00360	0.00180	0.00450	0.00315	0.00360	0.00630
31	0.01555	0.79913	0.03047	0.00995	0.01493	0.02301	0.00995	0.01741	0.01182	0.01368	0.00808	0.00933	0.00746	0.00498	0.00373	0.00124	0.00622	0.00311	0.00249	0.00746
32	0.00823	0.00594	0.00777	0.00732	0.00869	0.00549	0.00549	0.01097	0.01646	0.02332	0.75629	0.04344	0.05487	0.01189	0.00686	0.00183	0.00274	0.01052	0.00640	0.00549
33	0.00832	0.00619	0.00913	0.00913	0.01009	0.00715	0.00700	0.01024	0.00928	0.01334	0.01578	0.02395	0.01502	0.09810	0.71875	0.00908	0.01486	0.00639	0.00314	0.00507
34	0.00709	0.00506	0.00675	0.00810	0.00843	0.00472	0.00540	0.00810	0.01113	0.01484	0.03205	0.79184	0.03846	0.01822	0.00742	0.00236	0.00337	0.01653	0.00540	0.00472
35	0.00806	0.00589	0.00757	0.00725	0.00861	0.00540	0.00540	0.01061	0.01591	0.02226	0.66194	0.08706	0.10735	0.01247	0.00689	0.00187	0.00279	0.01099	0.00627	0.00540
36	0.83671	0.01125	0.00855	0.00765	0.01125	0.01305	0.00630	0.01709	0.00990	0.02609	0.00810	0.00945	0.00630	0.00540	0.00360	0.00180	0.00450	0.00315	0.00360	0.00630
37	0.08171	0.01081	0.01325	0.01071	0.01478	0.01055	0.00882	0.11041	0.10373	0.48024	0.02149	0.02207	0.01513	0.00780	0.00586	0.00188	0.00508	0.06001	0.00648	0.00921
38	0.01719	0.01188	0.01323	0.01149	0.01506	0.01308	0.00905	0.03030	0.57698	0.19781	0.02350	0.02125	0.01696	0.00773	0.00590	0.00193	0.00468	0.00640	0.00622	0.00937
39	0.02172	0.02772	0.01648	0.01498	0.01798	0.77228	0.01124	0.02322	0.01648	0.01423	0.00899	0.01049	0.00749	0.00599	0.00524	0.00150	0.01049	0.00375	0.00300	0.00674

[dist]
# distance from previous block
# <min> <max>
0	1

[block]
# block no. 3 follows, 40 sequences, length 30
# corresponding to MSA columns:
# 495-524
name=unknown_D
#
# <colnr> <probs for GDERKNQSTAVLIFYWHMCP>
#	G	D	E	R	K	N	Q	S	T	A	V	L	I	F	Y	W	H	M	C	P
0	0.83671	0.01125	0.00855	0.00765	0.01125	0.01305	0.00630	0.01709	0.00990	0.02609	0.00810	0.00945	0.00630	0.00540	0.00360	0.00180	0.00450	0.00315	0.00360	0.00630
1	0.01439	0.01382	0.02360	0.03569	0.75936	0.01382	0.01785	0.01785	0.01324	0.01900	0.01094	0.01439	0.00921	0.00518	0.00576	0.00173	0.00691	0.00518	0.00288	0.00921
2	0.02211	0.01629	0.01745	0.01338	0.01803	0.01803	0.01105	0.73997	0.02734	0.03665	0.01396	0.01396	0.00989	0.00698	0.00582	0.00175	0.00640	0.00524	0.00582	0.00989
3	0.01446	0.01249	0.01315	0.01183	0.01512	0.01446	0.00920	0.03090	0.74885	0.02433	0.02367	0.02170	0.01775	0.00789	0.00592	0.00197	0.00460	0.00657	0.00592	0.00920
4	0.00709	0.00506	0.00675	0.00810	0.00843	0.00472	0.00540	0.00810	0.01113	0.01484	0.03205	0.79184	0.03846	0.01822	0.00742	0.00236	0.00337	0.01653	0.00540	0.00472
5	0.00846	0.00564	0.00634	0.00634	0.00634	0.00564	0.00352	0.00846	0.00846	0.01128	0.01832	0.03805	0.02114	0.79563	0.02960	0.00564	0.00564	0.00846	0.00352	0.00352
6	0.02172	0.02772	0.01648	0.01498	0.01798	0.77228	0.01124	0.02322	0.01648	0.01423	0.00899	0.01049	0.00749	0.00599	0.00524	0.00150	0.01049	0.00375	0.00300	0.00674
7	0.01627	0.01182	0.01306	0.01153	0.01495	0.01314	0.00910	0.02972	0.59372	0.15150	0.02382	0.02309	0.01779	0.00809	0.00599	0.00197	0.00469	0.03446	0.00612	0.00917
8	0.00713	0.00508	0.00673	0.00803	0.00836	0.00476	0.00533	0.00811	0.01104	0.01472	0.03156	0.76473	0.03784	0.04618	0.00822	0.00248	0.00346	0.01624	0.00533	0.00468
9	0.00709	0.00506	0.00675	0.00810	0.00843	0.00472	0.00540	0.00810	0.01113	0.01484	0.03205	0.79184	0.03846	0.01822	0.00742	0.00236	0.00337	0.01653	0.00540	0.00472
10	0.03043	0.05122	0.53880	0.01686	0.04116	0.01351	0.10129	0.01746	0.01218	0.01804	0.01189	0.06792	0.00978	0.00651	0.00624	0.00190	0.03854	0.00545	0.00276	0.00807
11	0.02211	0.01629	0.01745	0.01338	0.01803	0.01803	0.01105	0.73997	0.02734	0.03665	0.01396	0.01396	0.00989	0.00698	0.00582	0.00175	0.00640	0.00524	0.00582	0.00989
12	0.01555	0.79913	0.03047	0.00995	0.01493	0.02301	0.00995	0.01741	0.01182	0.01368	0.00808	0.00933	0.00746	0.00498	0.00373	0.00124	0.00622	0.00311	0.00249	0.00746
13	0.00831	0.00623	0.00935	0.00935	0.01038	0.00727	0.00727	0.01038	0.00935	0.01350	0.01558	0.02285	0.01454	0.04361	0.77259	0.00935	0.01558	0.00623	0.00312	0.00519
14	0.01084	0.00542	0.00542	0.00542	0.00678	0.00542	0.00407	0.01355	0.01220	0.02168	0.01897	0.02168	0.01491	0.00678	0.00407	0.00136	0.00271	0.00542	0.82791	0.00542
15	0.01213	0.01101	0.01517	0.06673	0.28212	0.01150	0.01142	0.01899	0.23581	0.01945	0.02798	0.02813	0.21783	0.00867	0.00612	0.00188	0.00517	0.00756	0.00448	0.00785
16	0.02382	0.01337	0.05722	0.01181	0.01659	0.01229	0.01019	0.28783	0.02031	0.45593	0.01896	0.01724	0.01235	0.00702	0.00582	0.00178	0.00568	0.00554	0.00643	0.00982
17	0.01463	0.01303	0.02175	0.14154	0.58530	0.01338	0.01675	0.01848	0.03631	0.06494	0.01200	0.01512	0.00959	0.00548	0.00578	0.00177	0.00684	0.00526	0.00320	0.00885
18	0.52237	0.01072	0.01047	0.00869	0.01264	0.01130	0.00717	0.02145	0.01251	0.31199	0.01385	0.01346	0.00944	0.00610	0.00447	0.00180	0.00467	0.00420	0.00499	0.00769
19	0.02298	0.01243	0.01483	0.01142	0.01596	0.01232	0.00939	0.28979	0.06098	0.40158	0.01878	0.01720	0.01251	0.00695	0.00573	0.00172	0.00542	0.00549	0.00635	0.06817
20	0.06410	0.14878	0.54841	0.01524	0.02265	0.04147	0.04643	0.01835	0.01226	0.01801	0.00992	0.01171	0.00738	0.00542	0.00517	0.00174	0.00808	0.00412	0.00257	0.00818
21	0.02079	0.00870	0.01168	0.00943	0.01301	0.00759	0.00760	0.02302	0.01613	0.54876	0.15672	0.06744	0.06468	0.00905	0.00617	0.00184	0.00436	0.00762	0.00686	0.00855
22	0.00706	0.00585	0.00618	0.00621	0.00799	0.00497	0.00461	0.00866	0.01352	0.01660	0.14413	0.10025	0.62475	0.01459	0.00691	0.00197	0.00295	0.01232	0.00552	0.00497
23	0.01502	0.46863	0.02599	0.06143	0.05923	0.07373	0.03999	0.01708	0.01173	0.01435	0.00851	0.01098	0.00767	0.00611	0.00717	0.00161	0.15701	0.00393	0.00258	0.00725
24	0.01157	0.01201	0.06050	0.61781	0.15573	0.01310	0.01672	0.01554	0.01193	0.01573	0.01044	0.01514	0.00797	0.00570	0.00579	0.00190	0.00766	0.00512	0.00262	0.00703
25	0.02609	0.00990	0.01350	0.01035	0.01484	0.00855	0.00855	0.02834	0.01664	0.76338	0.02294	0.01979	0.01439	0.00720	0.00585	0.00180	0.00495	0.00585	0.00720	0.00990
26	0.01446	0.01249	0.01315	0.01183	0.01512	0.01446	0.00920	0.03090	0.74885	0.02433	0.02367	0.02170	0.01775	0.00789	0.00592	0.00197	0.00460	0.00657	0.00592	0.00920
27	0.00697	0.00589	0.00602	0.00599	0.00791	0.00495	0.00449	0.00853	0.01348	0.01625	0.10842	0.05508	0.70715	0.01453	0.00687	0.00195	0.00293	0.01215	0.00547	0.00495
28	0.02137	0.01572	0.01686	0.01300	0.01741	0.01737	0.01065	0.70076	0.02633	0.03529	0.01420	0.01525	0.01049	0.04925	0.00709	0.00195	0.00636	0.00541	0.00569	0.00955
29	0.01403	0.01152	0.01311	0.00961	0.01462	0.00989	0.00775	0.15244	0.03611	0.02245	0.01141	0.01270	0.00912	0.00492	0.00464	0.00106	0.00471	0.00387	0.00397	0.65207

[dist]
# distance from previous block
# <min> <max>
1	3

[block]
# block no. 4 follows, 40 sequences, length 27
# corresponding to MSA columns:
# 528-554
name=unknown_E
#
# <colnr> <probs for GDERKNQSTAVLIFYWHMCP>
#	G	D	E	R	K	N	Q	S	T	A	V	L	I	F	Y	W	H	M	C	P
0	0.75738	0.01218	0.01010	0.04105	0.01357	0.01381	0.00740	0.04495	0.01138	0.02691	0.00961	0.01153	0.00764	0.00625	0.00430	0.00201	0.00511	0.00372	0.00403	0.00704
1	0.01446	0.01249	0.01315	0.01183	0.01512	0.01446	0.00920	0.03090	0.74885	0.02433	0.02367	0.02170	0.01775	0.00789	0.00592	0.00197	0.00460	0.00657	0.00592	0.00920
2	0.01446	0.01249	0.01315	0.01183	0.01512	0.01446	0.00920	0.03090	0.74885	0.02433	0.02367	0.02170	0.01775	0.00789	0.00592	0.00197	0.00460	0.00657	0.00592	0.00920
3	0.00709	0.00506	0.00675	0.00810	0.00843	0.00472	0.00540	0.00810	0.01113	0.01484	0.03205	0.79184	0.03846	0.01822	0.00742	0.00236	0.00337	0.01653	0.00540	0.00472
4	0.02073	0.09805	0.04984	0.01459	0.01801	0.67156	0.01156	0.02249	0.01587	0.01436	0.00897	0.01046	0.00748	0.00588	0.00512	0.00149	0.01002	0.00371	0.00293	0.00689
5	0.00709	0.00506	0.00675	0.00810	0.00843	0.00472	0.00540	0.00810	0.01113	0.01484	0.03205	0.79184	0.03846	0.01822	0.00742	0.00236	0.00337	0.01653	0.00540	0.00472
6	0.00709	0.00506	0.00675	0.00810	0.00843	0.00472	0.00540	0.00810	0.01113	0.01484	0.03205	0.79184	0.03846	0.01822	0.00742	0.00236	0.00337	0.01653	0.00540	0.00472
7	0.01439	0.01382	0.02360	0.03569	0.75936	0.01382	0.01785	0.01785	0.01324	0.01900	0.01094	0.01439	0.00921	0.00518	0.00576	0.00173	0.00691	0.00518	0.00288	0.00921
8	0.00846	0.00564	0.00634	0.00634	0.00634	0.00564	0.00352	0.00846	0.00846	0.01128	0.01832	0.03805	0.02114	0.79563	0.02960	0.00564	0.00564	0.00846	0.00352	0.00352
9	0.01206	0.01034	0.01206	0.00861	0.01378	0.00775	0.00689	0.01464	0.01206	0.01895	0.01034	0.01206	0.00861	0.00431	0.00431	0.00086	0.00431	0.00345	0.00345	0.83118
10	0.00687	0.00589	0.00589	0.00589	0.00785	0.00491	0.00442	0.00835	0.01325	0.01571	0.05891	0.05596	0.75700	0.01473	0.00687	0.00196	0.00295	0.01227	0.00540	0.00491
11	0.01120	0.00703	0.00742	0.00698	0.00881	0.00711	0.00531	0.09548	0.04578	0.02206	0.06253	0.08737	0.14108	0.00930	0.00521	0.00163	0.00330	0.00770	0.45876	0.00595
12	0.02174	0.02713	0.01653	0.01490	0.01798	0.73369	0.01123	0.05989	0.01704	0.01538	0.00924	0.01066	0.00761	0.00604	0.00527	0.00151	0.01028	0.00382	0.00314	0.00690
13	0.01206	0.01034	0.01206	0.00861	0.01378	0.00775	0.00689	0.01464	0.01206	0.01895	0.01034	0.01206	0.00861	0.00431	0.00431	0.00086	0.00431	0.00345	0.00345	0.83118
14	0.01446	0.01256	0.01366	0.01301	0.05176	0.01443	0.00963	0.03026	0.71264	0.02406	0.02304	0.02134	0.01733	0.00776	0.00591	0.00196	0.00472	0.00651	0.00577	0.00920
15	0.01309	0.01006	0.01184	0.00859	0.01352	0.00770	0.00688	0.01565	0.01242	0.07690	0.01174	0.01313	0.00937	0.00465	0.00441	0.00096	0.00428	0.00373	0.04423	0.72684
16	0.00901	0.04567	0.01104	0.00984	0.01099	0.00886	0.00782	0.01101	0.00943	0.01355	0.01459	0.02140	0.01365	0.03912	0.67630	0.00842	0.07488	0.00599	0.00304	0.00539
17	0.01098	0.01034	0.01744	0.78165	0.04005	0.01292	0.01615	0.01486	0.01163	0.01486	0.01034	0.01550	0.00775	0.00581	0.00581	0.00194	0.00775	0.00517	0.00258	0.00646
18	0.00883	0.00646	0.00888	0.03181	0.01190	0.00640	0.00850	0.01117	0.01295	0.01677	0.03272	0.18428	0.09273	0.01602	0.00777	0.00255	0.00490	0.52484	0.00529	0.00524
19	0.00952	0.00646	0.00721	0.00689	0.00725	0.00660	0.00411	0.06527	0.00992	0.01325	0.01798	0.03618	0.02027	0.73438	0.02775	0.00534	0.00570	0.00821	0.00370	0.00402
20	0.01281	0.01732	0.22532	0.25784	0.22624	0.01344	0.10959	0.01745	0.01263	0.03641	0.01103	0.01446	0.00834	0.00549	0.00585	0.00185	0.00795	0.00517	0.00279	0.00804
21	0.01098	0.01034	0.01744	0.78165	0.04005	0.01292	0.01615	0.01486	0.01163	0.01486	0.01034	0.01550	0.00775	0.00581	0.00581	0.00194	0.00775	0.00517	0.00258	0.00646
22	0.03410	0.01604	0.08195	0.01987	0.02445	0.05322	0.42131	0.01854	0.01300	0.07552	0.01204	0.01608	0.00944	0.00645	0.00880	0.00204	0.15181	0.02444	0.00324	0.00763
23	0.01405	0.01840	0.21127	0.08316	0.35869	0.04612	0.12249	0.01845	0.01320	0.04260	0.01120	0.01414	0.00868	0.00538	0.00584	0.00180	0.00791	0.00516	0.00291	0.00857
24	0.01098	0.01034	0.01744	0.78165	0.04005	0.01292	0.01615	0.01486	0.01163	0.01486	0.01034	0.01550	0.00775	0.00581	0.00581	0.00194	0.00775	0.00517	0.00258	0.00646
25	0.00709	0.00506	0.00675	0.00810	0.00843	0.00472	0.00540	0.00810	0.01113	0.01484	0.03205	0.79184	0.03846	0.01822	0.00742	0.00236	0.00337	0.01653	0.00540	0.00472
26	0.01417	0.01471	0.04852	0.03276	0.58348	0.01399	0.16960	0.01803	0.01331	0.01890	0.01110	0.01460	0.00907	0.00513	0.00598	0.00178	0.00757	0.00551	0.00288	0.00890

[dist]
# distance from previous block
# <min> <max>
0	4

[block]
# block no. 5 follows, 40 sequences, length 16
# corresponding to MSA columns:
# 559-574
name=unknown_F
#
# <colnr> <probs for GDERKNQSTAVLIFYWHMCP>
#	G	D	E	R	K	N	Q	S	T	A	V	L	I	F	Y	W	H	M	C	P
0	0.01316	0.01641	0.13700	0.02594	0.28897	0.01347	0.31769	0.01759	0.01337	0.01867	0.03027	0.01752	0.05042	0.00578	0.00627	0.00186	0.00806	0.00625	0.00306	0.00823
1	0.02040	0.01270	0.05204	0.01290	0.05717	0.01211	0.01021	0.10671	0.26142	0.35816	0.02090	0.01911	0.01438	0.00721	0.00585	0.00185	0.00528	0.00591	0.00614	0.00956
2	0.01196	0.02803	0.66141	0.01770	0.02591	0.01368	0.12352	0.01845	0.01248	0.01845	0.01063	0.01276	0.00757	0.00544	0.00572	0.00186	0.00877	0.00466	0.00252	0.00849
3	0.01444	0.11887	0.43814	0.01668	0.04444	0.01463	0.12021	0.05933	0.01370	0.08878	0.01172	0.01326	0.00844	0.00560	0.00555	0.00177	0.00796	0.00474	0.00317	0.00856
4	0.01569	0.46913	0.17189	0.01305	0.01846	0.14467	0.06089	0.01865	0.01281	0.01503	0.00894	0.01052	0.00754	0.00525	0.00454	0.00145	0.00763	0.00370	0.00260	0.00759
5	0.00705	0.00518	0.00663	0.00778	0.00835	0.00475	0.00526	0.00813	0.01144	0.01497	0.03587	0.68708	0.14075	0.01772	0.00734	0.00231	0.00331	0.01593	0.00540	0.00475
6	0.01996	0.01538	0.01599	0.01261	0.01699	0.05380	0.01024	0.48476	0.14764	0.05985	0.01536	0.01514	0.01116	0.00683	0.00566	0.00169	0.00604	0.00524	0.00551	0.09015
7	0.03864	0.07070	0.27404	0.01565	0.03756	0.01298	0.15157	0.01952	0.01309	0.15683	0.01265	0.01409	0.00913	0.00576	0.00621	0.00173	0.04621	0.00492	0.00359	0.10513
8	0.01357	0.20249	0.15697	0.01932	0.07290	0.01595	0.33914	0.01817	0.03584	0.01746	0.01189	0.04834	0.00988	0.00573	0.00581	0.00177	0.00811	0.00584	0.00295	0.00788
9	0.01166	0.03008	0.76550	0.01657	0.02517	0.01351	0.02149	0.01842	0.01228	0.01842	0.01044	0.01228	0.00737	0.00552	0.00552	0.00184	0.00859	0.00430	0.00246	0.00859
10	0.01122	0.01142	0.02270	0.06090	0.07150	0.01094	0.38557	0.01456	0.01264	0.01708	0.01897	0.29632	0.01951	0.00979	0.00693	0.00209	0.00717	0.01015	0.00381	0.00673
11	0.01602	0.01730	0.01849	0.23079	0.21215	0.25878	0.01423	0.04603	0.05410	0.01698	0.01076	0.01372	0.00865	0.00611	0.00637	0.00177	0.05235	0.00479	0.00309	0.00752
12	0.01255	0.01411	0.06538	0.28662	0.06330	0.01442	0.31407	0.01662	0.01222	0.01667	0.01058	0.01496	0.00822	0.00601	0.00810	0.00202	0.11837	0.00581	0.00273	0.00725
13	0.00705	0.00518	0.00663	0.00778	0.00835	0.00475	0.00526	0.00813	0.01144	0.01497	0.03587	0.68708	0.14075	0.01772	0.00734	0.00231	0.00331	0.01593	0.00540	0.00475
14	0.01781	0.02003	0.01830	0.09827	0.07897	0.37106	0.08404	0.05812	0.16003	0.01819	0.01269	0.01422	0.00992	0.00622	0.00567	0.00171	0.00849	0.00495	0.00365	0.00765
15	0.01028	0.00919	0.01364	0.12769	0.01685	0.01093	0.05384	0.01319	0.05694	0.01611	0.09311	0.22767	0.02227	0.03829	0.05334	0.00274	0.21485	0.00910	0.00401	0.00596

[dist]
# distance from previous block
# <min> <max>
0	1

[block]
# block no. 6 follows, 40 sequences, length 9
# corresponding to MSA columns:
# 576-584
name=unknown_G
#
# <colnr> <probs for GDERKNQSTAVLIFYWHMCP>
#	G	D	E	R	K	N	Q	S	T	A	V	L	I	F	Y	W	H	M	C	P
0	0.06485	0.01421	0.02149	0.02951	0.56344	0.01466	0.01580	0.16473	0.01595	0.02307	0.01145	0.01410	0.00924	0.00560	0.00567	0.00175	0.00668	0.00509	0.00354	0.00921
1	0.01358	0.01297	0.02206	0.22596	0.57521	0.01362	0.01743	0.01712	0.01287	0.01800	0.01085	0.01476	0.00890	0.00538	0.00580	0.00179	0.00714	0.00520	0.00283	0.00854
2	0.01278	0.01291	0.02094	0.08167	0.02038	0.01621	0.17301	0.01512	0.01038	0.01548	0.00932	0.01408	0.00828	0.00854	0.01463	0.00232	0.51385	0.00552	0.03789	0.00669
3	0.75402	0.01147	0.00929	0.00812	0.01182	0.01310	0.00668	0.05414	0.01116	0.06383	0.00921	0.01029	0.00695	0.00561	0.00385	0.00181	0.00464	0.00341	0.00391	0.00669
4	0.00837	0.00628	0.00939	0.00939	0.01043	0.00731	0.00730	0.01043	0.00939	0.01356	0.01563	0.02292	0.01459	0.04362	0.77184	0.00935	0.01559	0.00625	0.00314	0.00523
5	0.00771	0.00560	0.00725	0.00762	0.00857	0.00515	0.00541	0.00959	0.01395	0.01916	0.39268	0.37409	0.09171	0.01489	0.00713	0.00208	0.00306	0.01329	0.00591	0.00515
6	0.00850	0.00640	0.00790	0.00745	0.00903	0.00601	0.00560	0.01191	0.06216	0.02237	0.61242	0.04387	0.15026	0.01207	0.00683	0.00187	0.00291	0.01053	0.00625	0.00567
7	0.83594	0.01129	0.00859	0.00769	0.01129	0.01308	0.00633	0.01713	0.00994	0.02614	0.00816	0.00954	0.00636	0.00544	0.00363	0.00181	0.00452	0.00317	0.00362	0.00633
8	0.01129	0.01070	0.01778	0.68357	0.07437	0.01335	0.01597	0.01494	0.01149	0.01500	0.01015	0.01523	0.00782	0.00613	0.00686	0.00198	0.06903	0.00516	0.00260	0.00659

[dist]
# distance from previous block
# <min> <max>
13	24

[block]
# block no. 7 follows, 40 sequences, length 12
# corresponding to MSA columns:
# 614-625
name=unknown_H
#
# <colnr> <probs for GDERKNQSTAVLIFYWHMCP>
#	G	D	E	R	K	N	Q	S	T	A	V	L	I	F	Y	W	H	M	C	P
0	0.00846	0.00564	0.00634	0.00634	0.00634	0.00564	0.00352	0.00846	0.00846	0.01128	0.01832	0.03805	0.02114	0.79563	0.02960	0.00564	0.00564	0.00846	0.00352	0.00352
1	0.01555	0.79913	0.03047	0.00995	0.01493	0.02301	0.00995	0.01741	0.01182	0.01368	0.00808	0.00933	0.00746	0.00498	0.00373	0.00124	0.00622	0.00311	0.00249	0.00746
2	0.01886	0.00943	0.01211	0.00952	0.01362	0.00794	0.00762	0.02147	0.03494	0.41202	0.04112	0.10718	0.01668	0.00775	0.00560	0.00159	0.00450	0.00651	0.00581	0.25574
3	0.01405	0.59980	0.09960	0.01035	0.01513	0.01977	0.01056	0.01633	0.01191	0.01439	0.01416	0.01513	0.09385	0.00637	0.00490	0.00144	0.03784	0.00436	0.00282	0.00724
4	0.01904	0.01360	0.01504	0.01190	0.01602	0.01439	0.00962	0.47550	0.06708	0.08534	0.01690	0.10455	0.01386	0.00804	0.00584	0.00173	0.00559	0.00646	0.00560	0.10391
5	0.00717	0.00510	0.00672	0.00798	0.00830	0.00478	0.00528	0.00812	0.01096	0.01462	0.03117	0.74343	0.03735	0.06814	0.00885	0.00257	0.00352	0.01601	0.00528	0.00465
6	0.02503	0.01160	0.01455	0.01115	0.01569	0.01107	0.00921	0.21788	0.01949	0.56982	0.02055	0.01824	0.01319	0.00714	0.00584	0.00178	0.00533	0.00568	0.00683	0.00989
7	0.00842	0.00577	0.00702	0.00702	0.00725	0.00601	0.00437	0.00889	0.00866	0.01178	0.01770	0.03463	0.01965	0.62622	0.19698	0.00647	0.00788	0.00796	0.00343	0.00390
8	0.17200	0.37125	0.02233	0.01341	0.10078	0.06504	0.01045	0.14828	0.01471	0.02082	0.00953	0.01084	0.00788	0.00550	0.00441	0.00151	0.00627	0.00378	0.00338	0.00784
9	0.05010	0.01085	0.11605	0.09973	0.01675	0.00891	0.01110	0.01416	0.05525	0.01787	0.02742	0.04594	0.11081	0.01226	0.00695	0.00231	0.00571	0.37711	0.00458	0.00615
10	0.17832	0.12858	0.43021	0.01342	0.01979	0.05973	0.01553	0.01788	0.01184	0.01881	0.00983	0.01176	0.00755	0.00744	0.04485	0.00212	0.00793	0.00397	0.00276	0.00769
11	0.08246	0.09102	0.15848	0.01588	0.10310	0.31108	0.01287	0.03449	0.01394	0.01707	0.01086	0.04969	0.00944	0.00778	0.03648	0.00194	0.00848	0.00466	0.00308	0.02720

[dist]
# distance from previous block
# <min> <max>
1	6

[block]
# block no. 8 follows, 40 sequences, length 11
# corresponding to MSA columns:
# 633-643
name=unknown_I
#
# <colnr> <probs for GDERKNQSTAVLIFYWHMCP>
#	G	D	E	R	K	N	Q	S	T	A	V	L	I	F	Y	W	H	M	C	P
0	0.10943	0.00988	0.04119	0.07717	0.05546	0.00954	0.00847	0.06703	0.06461	0.06627	0.17891	0.08718	0.06291	0.09066	0.00836	0.00223	0.00481	0.00774	0.00480	0.04334
1	0.01725	0.01372	0.07792	0.02996	0.01748	0.01247	0.06316	0.24594	0.08035	0.14774	0.10792	0.02022	0.01694	0.00731	0.00589	0.00173	0.00576	0.02232	0.00529	0.10063
2	0.01460	0.12665	0.10602	0.15808	0.17735	0.01385	0.01361	0.05376	0.01326	0.08626	0.01155	0.01387	0.00896	0.00574	0.00587	0.00163	0.04399	0.00461	0.02217	0.11816
3	0.01702	0.01489	0.01896	0.02325	0.35947	0.10728	0.01361	0.07359	0.11119	0.10520	0.01375	0.01527	0.01065	0.00624	0.00642	0.00175	0.05048	0.00519	0.00400	0.04178
4	0.01652	0.01375	0.09212	0.05499	0.01735	0.01229	0.01062	0.25433	0.01768	0.12171	0.05619	0.07757	0.01450	0.00761	0.00639	0.00170	0.04717	0.00605	0.00484	0.16661
5	0.09006	0.01270	0.05385	0.07386	0.07120	0.01248	0.01034	0.03604	0.32364	0.08749	0.01698	0.01706	0.01270	0.00647	0.00537	0.00172	0.00523	0.00529	0.00471	0.15281
6	0.01639	0.12905	0.12119	0.02208	0.30342	0.01553	0.04674	0.14784	0.04847	0.07566	0.01248	0.01408	0.00958	0.00577	0.00551	0.00170	0.00682	0.00496	0.00374	0.00899
7	0.05392	0.06868	0.03700	0.25661	0.05705	0.01258	0.10077	0.01666	0.03902	0.05529	0.07081	0.01706	0.01268	0.00634	0.00626	0.00175	0.04964	0.00544	0.03987	0.09256
8	0.01217	0.09542	0.10757	0.08994	0.01597	0.07038	0.00979	0.01557	0.03214	0.07355	0.34075	0.02880	0.06700	0.00897	0.00603	0.00176	0.00519	0.00752	0.00482	0.00667
9	0.01196	0.02510	0.55003	0.01912	0.10107	0.01320	0.11411	0.01780	0.01250	0.01830	0.01188	0.05682	0.00950	0.00612	0.00583	0.00187	0.00828	0.00541	0.00273	0.00834
10	0.00768	0.00538	0.00691	0.00791	0.00826	0.00517	0.00532	0.00860	0.01066	0.01417	0.02830	0.51800	0.03338	0.22273	0.01333	0.00326	0.00418	0.08739	0.00490	0.00447

[dist]
# distance from previous block
# <min> <max>
0	4

[block]
# block no. 9 follows, 40 sequences, length 19
# corresponding to MSA columns:
# 648-666
name=unknown_J
#
# <colnr> <probs for GDERKNQSTAVLIFYWHMCP>
#	G	D	E	R	K	N	Q	S	T	A	V	L	I	F	Y	W	H	M	C	P
0	0.00991	0.00722	0.00882	0.00882	0.01012	0.00648	0.00628	0.01145	0.01584	0.02201	0.47993	0.24997	0.10864	0.01498	0.00782	0.00235	0.00368	0.01276	0.00663	0.00629
1	0.01602	0.01594	0.06870	0.05971	0.66938	0.01475	0.01852	0.01904	0.01433	0.02059	0.01287	0.01700	0.01093	0.00657	0.00659	0.00211	0.00765	0.00576	0.00354	0.01002
2	0.01778	0.72930	0.03040	0.01158	0.01648	0.06845	0.01079	0.01903	0.01334	0.01564	0.01021	0.01225	0.00939	0.00639	0.00473	0.00164	0.00711	0.00384	0.00322	0.00842
3	0.02612	0.00992	0.01352	0.01037	0.01487	0.00857	0.00856	0.02836	0.01667	0.76295	0.02297	0.01984	0.01443	0.00722	0.00586	0.00181	0.00496	0.00586	0.00721	0.00991
4	0.01300	0.01323	0.01824	0.07881	0.01790	0.04726	0.03454	0.01460	0.00960	0.01425	0.00807	0.01301	0.00771	0.00952	0.01708	0.00244	0.66658	0.00511	0.00259	0.00645
5	0.01014	0.00508	0.00761	0.00760	0.00761	0.00508	0.00507	0.00761	0.00760	0.01014	0.01014	0.01773	0.01014	0.02022	0.02273	0.83030	0.00506	0.00506	0.00254	0.00255
6	0.00846	0.00554	0.00636	0.00662	0.00682	0.00547	0.00395	0.00890	0.00935	0.01298	0.02104	0.18069	0.02390	0.57234	0.02296	0.00461	0.00494	0.00973	0.08141	0.00395
7	0.00897	0.00708	0.01018	0.00983	0.01061	0.00855	0.00760	0.01068	0.00921	0.01335	0.01485	0.02328	0.01440	0.12684	0.58221	0.00798	0.11976	0.00635	0.00310	0.00518
8	0.01558	0.79866	0.03049	0.00998	0.01495	0.02302	0.00997	0.01744	0.01184	0.01372	0.00813	0.00938	0.00750	0.00500	0.00375	0.00125	0.00623	0.00312	0.00250	0.00748
9	0.01450	0.01252	0.01318	0.01186	0.01515	0.01448	0.00922	0.03092	0.74841	0.02436	0.02370	0.02174	0.01778	0.00791	0.00593	0.00198	0.00462	0.00659	0.00593	0.00922
10	0.01210	0.01036	0.01209	0.00864	0.01381	0.00777	0.00691	0.01467	0.01208	0.01898	0.01038	0.01211	0.00865	0.00433	0.00432	0.00087	0.00432	0.00346	0.00346	0.83068
11	0.83623	0.01127	0.00858	0.00767	0.01128	0.01307	0.00632	0.01712	0.00992	0.02612	0.00814	0.00950	0.00634	0.00542	0.00362	0.00181	0.00451	0.00316	0.00361	0.00632
12	0.00692	0.00592	0.00592	0.00592	0.00789	0.00493	0.00444	0.00838	0.01328	0.01575	0.05892	0.05599	0.75656	0.01475	0.00689	0.00197	0.00296	0.01228	0.00541	0.00493
13	0.01128	0.00914	0.01033	0.00982	0.01209	0.00983	0.00762	0.03726	0.34237	0.02191	0.19303	0.10995	0.10014	0.01136	0.00662	0.00206	0.00405	0.08816	0.00587	0.00713
14	0.01423	0.01364	0.02326	0.07981	0.71639	0.01378	0.01776	0.01769	0.01317	0.01879	0.01094	0.01451	0.00916	0.00525	0.00578	0.00175	0.00697	0.00519	0.00287	0.00907
15	0.01196	0.06406	0.70893	0.01690	0.04766	0.01396	0.02086	0.01838	0.01231	0.01826	0.01039	0.01227	0.00747	0.00552	0.00547	0.00182	0.00845	0.00428	0.00248	0.00858
16	0.07499	0.05387	0.01636	0.08907	0.01915	0.54207	0.01120	0.03757	0.01516	0.01565	0.00991	0.03773	0.00859	0.00653	0.00579	0.00164	0.04053	0.00436	0.00312	0.00672
17	0.01196	0.18687	0.01118	0.00648	0.00867	0.00947	0.00543	0.01446	0.01213	0.01988	0.01652	0.01891	0.01324	0.00639	0.00401	0.00134	0.00353	0.00490	0.63874	0.00591
18	0.00739	0.00586	0.00664	0.00654	0.00820	0.00511	0.00487	0.00931	0.01432	0.01848	0.31577	0.09276	0.45641	0.01387	0.00690	0.00194	0.00289	0.01186	0.00577	0.00511

[dist]
# distance from previous block
# <min> <max>
0	1

[block]
# block no. 10 follows, 40 sequences, length 39
# corresponding to MSA columns:
# 668-706
name=unknown_K
#
# <colnr> <probs for GDERKNQSTAVLIFYWHMCP>
#	G	D	E	R	K	N	Q	S	T	A	V	L	I	F	Y	W	H	M	C	P
0	0.11107	0.02381	0.01664	0.01482	0.03247	0.55530	0.04277	0.10300	0.01679	0.01835	0.00961	0.01107	0.00772	0.00597	0.00521	0.00158	0.00927	0.00401	0.00338	0.00714
1	0.00715	0.00523	0.00677	0.00785	0.00844	0.00485	0.00535	0.00832	0.01157	0.01530	0.06876	0.65348	0.11817	0.01824	0.02873	0.00249	0.00364	0.01549	0.00538	0.00479
2	0.00709	0.00506	0.00675	0.00810	0.00843	0.00472	0.00540	0.00810	0.01113	0.01484	0.03205	0.79184	0.03846	0.01822	0.00742	0.00236	0.00337	0.01653	0.00540	0.00472
3	0.01543	0.01361	0.01540	0.01408	0.05638	0.03893	0.04213	0.10681	0.54653	0.02444	0.02032	0.01950	0.01533	0.00754	0.00641	0.00194	0.03458	0.00622	0.00539	0.00904
4	0.01257	0.20911	0.59439	0.01503	0.02278	0.01572	0.01880	0.01818	0.01217	0.01731	0.00989	0.01159	0.00739	0.00540	0.00511	0.00170	0.00804	0.00402	0.00246	0.00833
5	0.01440	0.01492	0.06134	0.03017	0.51102	0.01388	0.15348	0.05410	0.01393	0.01978	0.01119	0.01440	0.00905	0.00519	0.00589	0.00173	0.00739	0.00537	0.00305	0.04970
6	0.01166	0.03008	0.76550	0.01657	0.02517	0.01351	0.02149	0.01842	0.01228	0.01842	0.01044	0.01228	0.00737	0.00552	0.00552	0.00184	0.00859	0.00430	0.00246	0.00859
7	0.00809	0.00590	0.00761	0.00727	0.00863	0.00541	0.00542	0.01068	0.01601	0.02245	0.67922	0.08172	0.09505	0.01237	0.00689	0.00186	0.00279	0.01092	0.00629	0.00541
8	0.01743	0.04575	0.01899	0.08397	0.26920	0.38372	0.01371	0.01986	0.01465	0.01606	0.01105	0.01551	0.00967	0.00628	0.00558	0.00167	0.00861	0.04775	0.00305	0.00749
9	0.01184	0.00817	0.00896	0.00820	0.01058	0.02432	0.00629	0.08895	0.04525	0.11963	0.06457	0.14866	0.38098	0.01374	0.03085	0.00219	0.00427	0.01060	0.00562	0.00633
10	0.00919	0.00616	0.00808	0.00748	0.00902	0.00565	0.00565	0.01191	0.01647	0.06326	0.71671	0.04216	0.05269	0.01164	0.00680	0.00183	0.00286	0.01026	0.00644	0.00572
11	0.00757	0.00543	0.00714	0.00805	0.00865	0.00503	0.00551	0.00894	0.01253	0.01706	0.20515	0.61090	0.04247	0.01680	0.00737	0.00227	0.00330	0.01512	0.00570	0.00501
12	0.01226	0.01047	0.01219	0.00875	0.01392	0.00787	0.00698	0.01478	0.01218	0.01912	0.01054	0.01233	0.00880	0.00444	0.00440	0.00090	0.00438	0.00351	0.00351	0.82866
13	0.01486	0.01271	0.01371	0.05020	0.01664	0.01466	0.00972	0.06577	0.67388	0.02463	0.02268	0.02125	0.01702	0.00787	0.00599	0.00200	0.00492	0.00650	0.00581	0.00920
14	0.01283	0.01284	0.02204	0.07403	0.08482	0.01487	0.22765	0.01565	0.01156	0.01685	0.04560	0.01632	0.01105	0.00865	0.02889	0.00235	0.33874	0.00599	0.04221	0.00704
15	0.02320	0.01359	0.01573	0.01205	0.01668	0.01386	0.00991	0.42089	0.02239	0.31499	0.01738	0.01636	0.01173	0.00703	0.00582	0.00175	0.00578	0.00543	0.00627	0.05915
16	0.00725	0.00604	0.00631	0.00646	0.00830	0.00513	0.00487	0.00871	0.01325	0.01594	0.05564	0.10128	0.66794	0.01512	0.00706	0.00207	0.00319	0.05496	0.00546	0.00503
17	0.00823	0.00639	0.00748	0.00715	0.00884	0.00582	0.00536	0.01109	0.04996	0.02073	0.46271	0.04720	0.31173	0.01286	0.00690	0.00192	0.00298	0.01102	0.00607	0.00556
18	0.01226	0.01047	0.01219	0.00875	0.01392	0.00787	0.00698	0.01478	0.01218	0.01912	0.01054	0.01233	0.00880	0.00444	0.00440	0.00090	0.00438	0.00351	0.00351	0.82866
19	0.01118	0.01047	0.01756	0.77933	0.04011	0.01302	0.01621	0.01499	0.01175	0.01505	0.01054	0.01577	0.00794	0.00595	0.00590	0.00197	0.00781	0.00523	0.00265	0.00656
20	0.01465	0.01262	0.01328	0.01196	0.01526	0.01456	0.00928	0.03098	0.74663	0.02448	0.02383	0.02194	0.01791	0.00801	0.00600	0.00201	0.00467	0.00663	0.00598	0.00930
21	0.00866	0.00581	0.00659	0.00658	0.00663	0.00581	0.00374	0.00867	0.00862	0.01155	0.01841	0.03777	0.02108	0.76967	0.05290	0.00578	0.00601	0.00844	0.00358	0.00369
22	0.00826	0.00606	0.00766	0.00753	0.00887	0.00556	0.00563	0.01055	0.01528	0.02107	0.53651	0.10579	0.14083	0.03794	0.00778	0.00210	0.00316	0.05795	0.00609	0.00539
23	0.00736	0.00526	0.00695	0.00820	0.00860	0.00489	0.00549	0.00840	0.01152	0.01545	0.06808	0.75253	0.03937	0.01800	0.00747	0.00237	0.00342	0.01626	0.00551	0.00487
24	0.01492	0.01402	0.02308	0.03352	0.67978	0.01434	0.01727	0.05675	0.01390	0.01988	0.01113	0.01455	0.00936	0.00566	0.00651	0.00181	0.04599	0.00524	0.00309	0.00920
25	0.01226	0.01047	0.01219	0.00875	0.01392	0.00787	0.00698	0.01478	0.01218	0.01912	0.01054	0.01233	0.00880	0.00444	0.00440	0.00090	0.00438	0.00351	0.00351	0.82866
26	0.83428	0.01138	0.00869	0.00779	0.01139	0.01315	0.00639	0.01722	0.01003	0.02624	0.00830	0.00973	0.00649	0.00553	0.00369	0.00184	0.00457	0.00322	0.00367	0.00640
27	0.01077	0.00821	0.01033	0.01097	0.01275	0.00865	0.00922	0.01662	0.19043	0.01905	0.02881	0.05425	0.02940	0.03915	0.00829	0.00264	0.00525	0.52339	0.00549	0.00633
28	0.06021	0.00828	0.00961	0.00866	0.01075	0.00846	0.00665	0.08557	0.11215	0.02508	0.54159	0.03587	0.04278	0.01061	0.00652	0.00187	0.00352	0.00909	0.00617	0.00655
29	0.00820	0.00589	0.00754	0.00855	0.00917	0.00565	0.00583	0.05207	0.01223	0.01634	0.03110	0.74306	0.03684	0.01764	0.00740	0.00236	0.00363	0.01588	0.00548	0.00514
