[name]
unknown

[dist]
# distance from previous block
# <min> <max>
0	221

[block]
# block no. 0 follows, 41 sequences, length 38
# corresponding to MSA columns:
# 257-294
name=unknown_A
#
# <colnr> <probs for GDERKNQSTAVLIFYWHMCP>
#	G	D	E	R	K	N	Q	S	T	A	V	L	I	F	Y	W	H	M	C	P
0	0.00916	0.00655	0.00914	0.01037	0.01169	0.00653	0.00903	0.01180	0.01332	0.01740	0.06598	0.06345	0.03395	0.01560	0.00784	0.00259	0.00514	0.68987	0.00532	0.00527
1	0.01396	0.01351	0.02344	0.07082	0.69246	0.01359	0.05292	0.01745	0.01297	0.01847	0.01077	0.01427	0.00897	0.00511	0.00572	0.00172	0.00697	0.00518	0.00282	0.00886
2	0.02316	0.01208	0.01452	0.01131	0.01566	0.01210	0.00929	0.26391	0.09818	0.44754	0.01973	0.01778	0.01305	0.00708	0.00575	0.00177	0.00530	0.00563	0.00650	0.00966
3	0.00990	0.00752	0.01054	0.04931	0.10594	0.00739	0.00794	0.01334	0.05582	0.04677	0.45709	0.07953	0.06190	0.01087	0.00657	0.00188	0.00383	0.05213	0.00553	0.00619
4	0.02102	0.02654	0.01605	0.01459	0.01755	0.73916	0.01096	0.02321	0.05186	0.01448	0.00954	0.01085	0.00786	0.00598	0.00519	0.00150	0.01003	0.00382	0.00309	0.00675
5	0.01526	0.61060	0.15352	0.01113	0.01652	0.05571	0.01172	0.01790	0.01206	0.03835	0.00885	0.01005	0.00754	0.00510	0.00410	0.00135	0.00667	0.00337	0.00261	0.00757
6	0.01319	0.01388	0.02766	0.23543	0.07963	0.01408	0.45846	0.05233	0.01354	0.01817	0.01123	0.01521	0.00846	0.00519	0.00634	0.00190	0.00874	0.00610	0.00293	0.00752
7	0.83938	0.01106	0.00841	0.00752	0.01106	0.01283	0.00619	0.01681	0.00973	0.02566	0.00796	0.00929	0.00619	0.00531	0.00354	0.00177	0.00442	0.00310	0.00354	0.00619
8	0.01398	0.01341	0.02290	0.07424	0.72554	0.01354	0.01747	0.01740	0.01294	0.01847	0.01073	0.01421	0.00899	0.00513	0.00567	0.00171	0.00684	0.00510	0.00282	0.00892
9	0.01185	0.10578	0.69645	0.01566	0.02376	0.01421	0.02001	0.01802	0.01203	0.01766	0.01004	0.01179	0.00726	0.00538	0.00526	0.00175	0.00822	0.00411	0.00242	0.00834
10	0.00810	0.00585	0.00765	0.00720	0.00855	0.00540	0.00540	0.01079	0.01619	0.02294	0.76028	0.04273	0.05397	0.01169	0.00675	0.00180	0.00270	0.01034	0.00630	0.00540
11	0.01227	0.01054	0.01110	0.01021	0.01302	0.01175	0.00786	0.02455	0.55830	0.02166	0.03112	0.06602	0.17797	0.00969	0.00609	0.00196	0.00412	0.00814	0.00569	0.00793
12	0.01160	0.02884	0.73457	0.01718	0.05917	0.01330	0.02097	0.01809	0.01212	0.01814	0.01029	0.01217	0.00733	0.00542	0.00544	0.00181	0.00838	0.00427	0.00243	0.00848
13	0.00822	0.00578	0.00740	0.00740	0.00785	0.00616	0.00495	0.00907	0.00878	0.01207	0.01795	0.03195	0.03679	0.47990	0.32444	0.00690	0.00935	0.00755	0.00335	0.00415
14	0.34382	0.01255	0.00959	0.00861	0.01141	0.14895	0.00677	0.08226	0.01320	0.02305	0.01218	0.01385	0.00952	0.00600	0.00418	0.00157	0.00508	0.00413	0.27698	0.00631
15	0.02137	0.02726	0.01621	0.01474	0.01768	0.77602	0.01105	0.02284	0.01621	0.01400	0.00884	0.01031	0.00737	0.00589	0.00516	0.00147	0.01031	0.00368	0.00295	0.00663
16	0.01416	0.01359	0.02322	0.03511	0.76330	0.01359	0.01755	0.01755	0.01302	0.01869	0.01076	0.01416	0.00906	0.00510	0.00566	0.00170	0.00680	0.00510	0.00283	0.00906
17	0.00817	0.00613	0.00919	0.00919	0.01021	0.00715	0.00715	0.01021	0.00919	0.01328	0.01532	0.02247	0.01430	0.04290	0.77631	0.00919	0.01532	0.00613	0.00306	0.00511
18	0.00994	0.00497	0.00745	0.00745	0.00745	0.00497	0.00497	0.00745	0.00745	0.00994	0.00994	0.01739	0.00994	0.01987	0.02235	0.83358	0.00497	0.00497	0.00248	0.00248
19	0.00718	0.00514	0.00682	0.00782	0.00834	0.00478	0.00533	0.00849	0.01192	0.01614	0.16599	0.65640	0.04081	0.01677	0.00720	0.00223	0.00320	0.01517	0.00549	0.00478
20	0.00922	0.00658	0.00922	0.01053	0.01185	0.00658	0.00922	0.01185	0.01317	0.01712	0.03029	0.06452	0.03292	0.01580	0.00790	0.00263	0.00527	0.72480	0.00527	0.00527
21	0.00706	0.00505	0.00672	0.00790	0.00832	0.00470	0.00532	0.00818	0.01136	0.01525	0.08819	0.73673	0.03909	0.01744	0.00726	0.00228	0.00327	0.01580	0.00539	0.00470
22	0.01654	0.47789	0.07347	0.01174	0.01619	0.11754	0.01106	0.12256	0.01422	0.01711	0.00902	0.01043	0.00770	0.00574	0.00545	0.00146	0.06767	0.00367	0.00299	0.00758
23	0.01206	0.08765	0.60644	0.01691	0.02471	0.01418	0.12362	0.01807	0.01224	0.01778	0.01027	0.01233	0.00746	0.00530	0.00549	0.00178	0.00844	0.00450	0.00249	0.00826
24	0.08014	0.01500	0.11623	0.05249	0.42861	0.01291	0.08044	0.01879	0.01304	0.11031	0.01197	0.01431	0.00914	0.00540	0.00558	0.00175	0.00687	0.00506	0.00335	0.00863
25	0.01277	0.13838	0.59601	0.01543	0.02307	0.01444	0.05083	0.01844	0.01227	0.05237	0.01057	0.01215	0.00764	0.00541	0.00526	0.00173	0.00801	0.00424	0.00266	0.00832
26	0.02105	0.01064	0.01283	0.01058	0.01435	0.03104	0.00846	0.02716	0.22720	0.48439	0.02297	0.07019	0.01646	0.00795	0.00586	0.00185	0.00482	0.00658	0.00649	0.00912
27	0.01406	0.07458	0.02662	0.08303	0.10734	0.01349	0.40842	0.01797	0.01346	0.08215	0.04107	0.01934	0.01226	0.00609	0.00630	0.00187	0.00794	0.05288	0.00346	0.00765
28	0.01366	0.05109	0.02318	0.27878	0.02854	0.04723	0.28813	0.01718	0.01250	0.07507	0.01173	0.01605	0.00915	0.04451	0.00795	0.00207	0.05728	0.00576	0.00309	0.00705
29	0.00801	0.00577	0.00769	0.00814	0.00921	0.00545	0.00622	0.01020	0.01398	0.01914	0.37675	0.25704	0.05907	0.01442	0.00716	0.00214	0.00346	0.17522	0.00577	0.00515
30	0.00817	0.00613	0.00919	0.00919	0.01021	0.00715	0.00715	0.01021	0.00919	0.01328	0.01532	0.02247	0.01430	0.04290	0.77631	0.00919	0.01532	0.00613	0.00306	0.00511
31	0.37153	0.03025	0.01168	0.00897	0.01300	0.01186	0.00737	0.08597	0.01218	0.02292	0.00933	0.01091	0.00752	0.00535	0.00501	0.00145	0.05556	0.00353	0.00360	0.32202
32	0.45169	0.01311	0.07768	0.04678	0.01606	0.01277	0.07153	0.08275	0.03844	0.08456	0.04720	0.01359	0.01022	0.00597	0.00469	0.00180	0.00549	0.00446	0.00403	0.00719
33	0.01416	0.01359	0.02322	0.03511	0.76330	0.01359	0.01755	0.01755	0.01302	0.01869	0.01076	0.01416	0.00906	0.00510	0.00566	0.00170	0.00680	0.00510	0.00283	0.00906
34	0.08293	0.08809	0.64644	0.01504	0.02280	0.01397	0.01897	0.01793	0.01184	0.01840	0.00989	0.01161	0.00716	0.00538	0.00513	0.00176	0.00793	0.00404	0.00251	0.00817
35	0.02153	0.00968	0.01268	0.01027	0.01404	0.00895	0.00850	0.10478	0.01714	0.52203	0.09260	0.02658	0.01975	0.00857	0.00611	0.00187	0.00487	0.09464	0.00663	0.00877
36	0.01116	0.01084	0.01948	0.60437	0.03598	0.01261	0.14003	0.01507	0.01190	0.01541	0.01172	0.01848	0.00945	0.00622	0.00604	0.00196	0.00782	0.05217	0.00278	0.00652
37	0.01347	0.01153	0.01466	0.01675	0.20037	0.01254	0.01058	0.02402	0.43582	0.03782	0.13772	0.02292	0.02112	0.00771	0.00593	0.00185	0.00481	0.00673	0.00518	0.00849

[dist]
# distance from previous block
# <min> <max>
0	25

[block]
# block no. 1 follows, 41 sequences, length 41
# corresponding to MSA columns:
# 320-360
name=unknown_B
#
# <colnr> <probs for GDERKNQSTAVLIFYWHMCP>
#	G	D	E	R	K	N	Q	S	T	A	V	L	I	F	Y	W	H	M	C	P
0	0.10872	0.01295	0.01455	0.04482	0.04191	0.03258	0.00999	0.08452	0.28228	0.24109	0.01979	0.01944	0.01442	0.00794	0.00657	0.00210	0.03512	0.00596	0.00590	0.00936
1	0.01282	0.03010	0.75398	0.01706	0.02547	0.01396	0.02141	0.01896	0.01291	0.01932	0.01161	0.01394	0.00855	0.00634	0.00601	0.00206	0.00884	0.00467	0.00289	0.00910
2	0.02671	0.01068	0.01416	0.01107	0.01553	0.00918	0.00896	0.02851	0.01711	0.75236	0.02365	0.02118	0.01532	0.00795	0.00632	0.00202	0.00533	0.00616	0.00746	0.01036
3	0.00841	0.00602	0.00766	0.00890	0.00936	0.00550	0.00593	0.00903	0.01181	0.01588	0.03242	0.78028	0.03848	0.01855	0.00783	0.00256	0.00381	0.01645	0.00572	0.00538
4	0.02671	0.01068	0.01416	0.01107	0.01553	0.00918	0.00896	0.02851	0.01711	0.75236	0.02365	0.02118	0.01532	0.00795	0.00632	0.00202	0.00533	0.00616	0.00746	0.01036
5	0.02174	0.01602	0.01717	0.01316	0.01774	0.01774	0.01087	0.74423	0.02689	0.03605	0.01373	0.01373	0.00973	0.00687	0.00572	0.00172	0.00629	0.00515	0.00572	0.00973
6	0.00824	0.00551	0.00626	0.00634	0.00636	0.00549	0.00357	0.00830	0.00847	0.01129	0.01880	0.08101	0.02177	0.75407	0.02786	0.00536	0.00542	0.00877	0.00357	0.00353
7	0.01544	0.73090	0.02853	0.01006	0.01479	0.04750	0.00979	0.01808	0.05440	0.01408	0.00886	0.00991	0.00792	0.00509	0.00384	0.00127	0.00617	0.00328	0.00266	0.00741
8	0.00852	0.00648	0.00941	0.00933	0.01048	0.00756	0.00726	0.01137	0.05196	0.01389	0.01578	0.02241	0.01448	0.04088	0.73201	0.00878	0.01470	0.00615	0.00322	0.00533
9	0.00708	0.00598	0.00604	0.00600	0.00786	0.00516	0.00444	0.00889	0.03534	0.01546	0.05459	0.05301	0.69573	0.05939	0.00802	0.00214	0.00310	0.01168	0.00522	0.00488
10	0.00810	0.00585	0.00765	0.00720	0.00855	0.00540	0.00540	0.01079	0.01619	0.02294	0.76028	0.04273	0.05397	0.01169	0.00675	0.00180	0.00270	0.01034	0.00630	0.00540
11	0.01131	0.01079	0.01781	0.55901	0.09915	0.01332	0.03181	0.01463	0.01120	0.01493	0.01050	0.03854	0.00868	0.00667	0.00779	0.00199	0.12720	0.00545	0.00265	0.00656
12	0.01147	0.02959	0.76934	0.01630	0.02476	0.01328	0.02113	0.01811	0.01208	0.01811	0.01026	0.01208	0.00725	0.00543	0.00543	0.00181	0.00845	0.00423	0.00242	0.00845
13	0.83938	0.01106	0.00841	0.00752	0.01106	0.01283	0.00619	0.01681	0.00973	0.02566	0.00796	0.00929	0.00619	0.00531	0.00354	0.00177	0.00442	0.00310	0.00354	0.00619
14	0.01507	0.01533	0.02233	0.03252	0.66860	0.11043	0.01673	0.01823	0.01343	0.01809	0.01052	0.01367	0.00885	0.00520	0.00560	0.00167	0.00724	0.00492	0.00285	0.00875
15	0.00832	0.00555	0.00624	0.00624	0.00624	0.00555	0.00347	0.00832	0.00832	0.01109	0.01802	0.03743	0.02080	0.79898	0.02911	0.00555	0.00555	0.00832	0.00347	0.00347
16	0.83938	0.01106	0.00841	0.00752	0.01106	0.01283	0.00619	0.01681	0.00973	0.02566	0.00796	0.00929	0.00619	0.00531	0.00354	0.00177	0.00442	0.00310	0.00354	0.00619
17	0.02084	0.01094	0.01333	0.01059	0.01475	0.01059	0.00859	0.10141	0.18857	0.42760	0.03727	0.01909	0.01481	0.00704	0.00564	0.00171	0.00483	0.00573	0.00626	0.09041
18	0.00808	0.00577	0.00746	0.00726	0.00834	0.00545	0.00527	0.01026	0.01444	0.02026	0.56517	0.09385	0.04647	0.12387	0.03327	0.00261	0.00359	0.02783	0.00571	0.00506
19	0.01147	0.02959	0.76934	0.01630	0.02476	0.01328	0.02113	0.01811	0.01208	0.01811	0.01026	0.01208	0.00725	0.00543	0.00543	0.00181	0.00845	0.00423	0.00242	0.00845
20	0.79525	0.01099	0.00867	0.00767	0.01125	0.01259	0.00631	0.01741	0.01009	0.06589	0.00876	0.00984	0.00663	0.00541	0.00366	0.00177	0.00445	0.00324	0.00373	0.00639
21	0.02013	0.00854	0.01122	0.00917	0.01228	0.00768	0.00709	0.02218	0.03640	0.52270	0.02212	0.07372	0.01731	0.18955	0.01122	0.00268	0.00491	0.00704	0.00610	0.00795
22	0.00847	0.00594	0.00760	0.00777	0.00867	0.00576	0.00578	0.01026	0.01281	0.01751	0.32303	0.04678	0.03750	0.27078	0.01438	0.00325	0.00431	0.19956	0.00510	0.00473
23	0.02566	0.00973	0.01327	0.01018	0.01460	0.00841	0.00841	0.02788	0.01637	0.76726	0.02257	0.01947	0.01416	0.00708	0.00575	0.00177	0.00487	0.00575	0.00708	0.00973
24	0.01416	0.01359	0.02322	0.03511	0.76330	0.01359	0.01755	0.01755	0.01302	0.01869	0.01076	0.01416	0.00906	0.00510	0.00566	0.00170	0.00680	0.00510	0.00283	0.00906
25	0.00817	0.00613	0.00919	0.00919	0.01021	0.00715	0.00715	0.01021	0.00919	0.01328	0.01532	0.02247	0.01430	0.04290	0.77631	0.00919	0.01532	0.00613	0.00306	0.00511
26	0.00891	0.00621	0.00830	0.00866	0.00999	0.00594	0.00701	0.01134	0.01423	0.03686	0.34059	0.08527	0.06565	0.04494	0.00814	0.00234	0.00401	0.32062	0.00568	0.00531
27	0.83938	0.01106	0.00841	0.00752	0.01106	0.01283	0.00619	0.01681	0.00973	0.02566	0.00796	0.00929	0.00619	0.00531	0.00354	0.00177	0.00442	0.00310	0.00354	0.00619
28	0.02566	0.00973	0.01327	0.01018	0.01460	0.00841	0.00841	0.02788	0.01637	0.76726	0.02257	0.01947	0.01416	0.00708	0.00575	0.00177	0.00487	0.00575	0.00708	0.00973
29	0.02397	0.00954	0.01280	0.00997	0.01415	0.00837	0.00818	0.02665	0.04151	0.68833	0.05159	0.02161	0.04100	0.00753	0.00583	0.00178	0.00471	0.00616	0.00695	0.00938
30	0.02566	0.00973	0.01327	0.01018	0.01460	0.00841	0.00841	0.02788	0.01637	0.76726	0.02257	0.01947	0.01416	0.00708	0.00575	0.00177	0.00487	0.00575	0.00708	0.00973
31	0.00922	0.00658	0.00922	0.01053	0.01185	0.00658	0.00922	0.01185	0.01317	0.01712	0.03029	0.06452	0.03292	0.01580	0.00790	0.00263	0.00527	0.72480	0.00527	0.00527
32	0.00827	0.00595	0.00845	0.00845	0.00919	0.00670	0.00622	0.00967	0.00892	0.01264	0.01573	0.02570	0.01562	0.21551	0.57495	0.04103	0.01267	0.00658	0.00313	0.00463
33	0.00744	0.00532	0.00651	0.00713	0.00765	0.00500	0.00467	0.00835	0.01091	0.01444	0.09725	0.41799	0.12024	0.24437	0.01354	0.00317	0.00386	0.01291	0.00486	0.00439
34	0.00676	0.00579	0.00579	0.00579	0.00773	0.00483	0.00435	0.00821	0.01304	0.01545	0.05794	0.05505	0.76098	0.01449	0.00676	0.00193	0.00290	0.01207	0.00531	0.00483
35	0.10867	0.01509	0.01599	0.01237	0.01683	0.01662	0.01022	0.62086	0.02439	0.08217	0.01369	0.01363	0.00964	0.00672	0.00549	0.00173	0.00600	0.00497	0.00558	0.00935
36	0.01414	0.01365	0.02353	0.03478	0.74117	0.01362	0.03943	0.01758	0.01304	0.01868	0.01078	0.01420	0.00905	0.00509	0.00570	0.00171	0.00688	0.00515	0.00283	0.00902
37	0.01285	0.01171	0.01898	0.73130	0.03957	0.01375	0.04656	0.01607	0.01272	0.01659	0.01214	0.01781	0.00951	0.00695	0.00657	0.00225	0.00828	0.00576	0.00323	0.00740
38	0.00697	0.00498	0.00664	0.00796	0.00830	0.00465	0.00531	0.00796	0.01095	0.01460	0.03153	0.79525	0.03783	0.01792	0.00730	0.00232	0.00332	0.01626	0.00531	0.00465
39	0.01416	0.01359	0.02322	0.03511	0.76330	0.01359	0.01755	0.01755	0.01302	0.01869	0.01076	0.01416	0.00906	0.00510	0.00566	0.00170	0.00680	0.00510	0.00283	0.00906
40	0.02041	0.01641	0.01696	0.04921	0.04361	0.09321	0.01120	0.58467	0.02394	0.03136	0.01304	0.01382	0.00955	0.00808	0.03620	0.00200	0.00713	0.00504	0.00509	0.00906

[dist]
# distance from previous block
# <min> <max>
1	90

# created by:
# /software/SequenceAnalysis/GenePrediction/augustus/3.0.1/scripts/msa2prfl.pl ./fixed/BUSCOvEOG7CNS5H.fas
