[name]
unknown

[dist]
# distance from previous block
# <min> <max>
0	1

[block]
# block no. 0 follows, 41 sequences, length 10
# corresponding to MSA columns:
# 1-10
name=unknown_A
#
# <colnr> <probs for GDERKNQSTAVLIFYWHMCP>
#	G	D	E	R	K	N	Q	S	T	A	V	L	I	F	Y	W	H	M	C	P
0	0.00994	0.00497	0.00745	0.00745	0.00745	0.00497	0.00497	0.00745	0.00745	0.00994	0.00994	0.01739	0.00994	0.01987	0.02235	0.83358	0.00497	0.00497	0.00248	0.00248
1	0.01423	0.01229	0.01293	0.01164	0.01487	0.01423	0.00905	0.03039	0.75297	0.02393	0.02328	0.02134	0.01746	0.00776	0.00582	0.00194	0.00453	0.00647	0.00582	0.00905
2	0.00832	0.00555	0.00624	0.00624	0.00624	0.00555	0.00347	0.00832	0.00832	0.01109	0.01802	0.03743	0.02080	0.79898	0.02911	0.00555	0.00555	0.00832	0.00347	0.00347
3	0.00788	0.00594	0.00761	0.00806	0.00927	0.00520	0.00558	0.00916	0.01112	0.01535	0.02756	0.64975	0.03238	0.01538	0.00673	0.00205	0.00349	0.01387	0.00495	0.15867
4	0.68503	0.01004	0.00800	0.00728	0.01017	0.01148	0.00569	0.01524	0.00947	0.02296	0.00983	0.01452	0.00891	0.15272	0.00829	0.00247	0.00463	0.00407	0.00353	0.00569
5	0.00684	0.00575	0.00594	0.00600	0.00780	0.00484	0.00446	0.00832	0.01306	0.01576	0.08980	0.10039	0.68239	0.01457	0.00679	0.00195	0.00291	0.01225	0.00536	0.00484
6	0.02494	0.01090	0.01400	0.01073	0.01518	0.01014	0.00886	0.16092	0.01833	0.63146	0.02093	0.01840	0.01334	0.00704	0.00575	0.00176	0.00513	0.00564	0.00683	0.00973
7	0.01782	0.01251	0.01384	0.01156	0.01537	0.01362	0.00922	0.17780	0.43585	0.16430	0.02064	0.01904	0.01488	0.00731	0.00572	0.00182	0.00495	0.00594	0.00594	0.04188
8	0.00823	0.00551	0.00627	0.00635	0.00638	0.00548	0.00359	0.00829	0.00850	0.01133	0.01893	0.08850	0.02194	0.74634	0.02764	0.00533	0.00540	0.00885	0.00359	0.00355
9	0.01359	0.01174	0.01233	0.01115	0.01427	0.01343	0.00865	0.02851	0.69028	0.02321	0.02622	0.02420	0.08045	0.00833	0.00590	0.00194	0.00439	0.00694	0.00578	0.00870

[dist]
# distance from previous block
# <min> <max>
4	9

[block]
# block no. 1 follows, 41 sequences, length 24
# corresponding to MSA columns:
# 20-43
name=unknown_B
#
# <colnr> <probs for GDERKNQSTAVLIFYWHMCP>
#	G	D	E	R	K	N	Q	S	T	A	V	L	I	F	Y	W	H	M	C	P
0	0.00745	0.00548	0.00702	0.00770	0.00863	0.00506	0.00558	0.00910	0.01280	0.01707	0.21709	0.41969	0.15202	0.01563	0.00714	0.00216	0.00330	0.08658	0.00555	0.00492
1	0.06113	0.07802	0.01660	0.01248	0.01649	0.12560	0.01015	0.38123	0.19191	0.02778	0.01450	0.01443	0.01082	0.00670	0.00539	0.00170	0.00635	0.00498	0.00498	0.00876
2	0.00990	0.00735	0.00928	0.00905	0.01036	0.00798	0.00670	0.08880	0.08010	0.01719	0.05839	0.21987	0.02279	0.11554	0.29210	0.01711	0.00840	0.00908	0.00437	0.00563
3	0.06679	0.01038	0.01338	0.01032	0.01471	0.00949	0.00852	0.09315	0.01700	0.66224	0.02101	0.01842	0.01335	0.00697	0.00564	0.00176	0.00498	0.00556	0.00677	0.00955
4	0.01670	0.01909	0.01698	0.08554	0.01934	0.36380	0.06119	0.02124	0.14627	0.01626	0.02593	0.01412	0.01021	0.00700	0.00796	0.00182	0.15123	0.00489	0.00340	0.00702
5	0.01335	0.01285	0.02173	0.20052	0.45384	0.01354	0.08291	0.01832	0.09087	0.01829	0.01202	0.01528	0.00959	0.00549	0.00579	0.00179	0.00700	0.00539	0.00309	0.00833
6	0.01173	0.08230	0.71891	0.01586	0.02407	0.01392	0.02036	0.01805	0.01205	0.01780	0.01011	0.01188	0.00725	0.00540	0.00531	0.00177	0.00829	0.00415	0.00242	0.00838
7	0.00733	0.00525	0.00696	0.00772	0.00838	0.00489	0.00534	0.00887	0.01262	0.01726	0.26381	0.55539	0.04298	0.01594	0.00712	0.00216	0.00312	0.01437	0.00562	0.00489
8	0.00981	0.00582	0.00757	0.00796	0.00908	0.00530	0.00559	0.01107	0.01209	0.12517	0.07099	0.53672	0.10087	0.05343	0.00805	0.00233	0.00358	0.01364	0.00553	0.00539
9	0.06946	0.00646	0.00771	0.00809	0.00939	0.00632	0.00603	0.04722	0.01324	0.01857	0.17599	0.36745	0.12703	0.01451	0.00684	0.00214	0.00361	0.09928	0.00539	0.00527
10	0.01717	0.00797	0.00960	0.00802	0.01088	0.00748	0.00641	0.07385	0.01522	0.32277	0.07246	0.02319	0.05500	0.00759	0.00516	0.00160	0.00384	0.00617	0.33819	0.00742
11	0.10123	0.00761	0.00932	0.00825	0.01070	0.00716	0.00649	0.01634	0.01442	0.24985	0.27542	0.04540	0.08763	0.06819	0.00785	0.00215	0.00399	0.06556	0.00586	0.00661
12	0.01296	0.00679	0.00904	0.00853	0.01048	0.00603	0.00632	0.01466	0.01342	0.24033	0.13961	0.40869	0.03176	0.01304	0.00660	0.00200	0.00373	0.01157	0.00589	0.04856
13	0.00754	0.00542	0.00715	0.00757	0.00842	0.00503	0.00535	0.00940	0.01362	0.01884	0.40247	0.41221	0.04605	0.01475	0.00702	0.00206	0.00300	0.01325	0.00581	0.00503
14	0.00946	0.00630	0.00714	0.00694	0.00757	0.00637	0.00444	0.06656	0.01101	0.01536	0.07380	0.11365	0.02351	0.51357	0.02070	0.00419	0.00486	0.00874	0.09143	0.00442
15	0.00783	0.00529	0.00658	0.00716	0.00767	0.00506	0.00474	0.00900	0.01122	0.01566	0.14291	0.41287	0.03397	0.21325	0.01242	0.00296	0.00372	0.01231	0.08087	0.00453
16	0.01970	0.01427	0.01543	0.01222	0.01621	0.01572	0.00987	0.53403	0.14114	0.07129	0.01607	0.01711	0.01207	0.06898	0.00757	0.00205	0.00588	0.00564	0.00563	0.00913
17	0.01231	0.00649	0.00866	0.00852	0.01009	0.00593	0.00628	0.01385	0.01290	0.21475	0.10498	0.39722	0.03157	0.07533	0.00858	0.00240	0.00398	0.06438	0.00574	0.00603
18	0.73989	0.01085	0.00869	0.00782	0.01117	0.01246	0.00635	0.05017	0.01063	0.02533	0.00997	0.06735	0.00869	0.00631	0.00392	0.00181	0.00443	0.00416	0.00377	0.00625
19	0.00705	0.00503	0.00673	0.00806	0.00842	0.00471	0.00545	0.00810	0.01103	0.01469	0.03148	0.76932	0.03766	0.01784	0.00732	0.00233	0.00339	0.04140	0.00531	0.00467
20	0.00753	0.00552	0.00707	0.00733	0.00837	0.00506	0.00525	0.00947	0.01390	0.01904	0.41432	0.32467	0.12263	0.01431	0.00695	0.00201	0.00295	0.01273	0.00582	0.00506
21	0.00694	0.00511	0.00650	0.00762	0.00821	0.00467	0.00516	0.00800	0.01128	0.01473	0.03567	0.67914	0.15126	0.01738	0.00722	0.00226	0.00325	0.01560	0.00531	0.00467
22	0.01979	0.01476	0.01590	0.01259	0.01670	0.01634	0.01024	0.61124	0.10234	0.03309	0.01613	0.07567	0.01274	0.00783	0.00586	0.00179	0.00587	0.00616	0.00570	0.00926
23	0.00876	0.00623	0.00890	0.00875	0.00971	0.00712	0.00675	0.01056	0.00998	0.01479	0.08338	0.02337	0.01735	0.03297	0.53310	0.06805	0.04821	0.00629	0.09072	0.00502

[dist]
# distance from previous block
# <min> <max>
8	15

[block]
# block no. 2 follows, 41 sequences, length 9
# corresponding to MSA columns:
# 59-67
name=unknown_C
#
# <colnr> <probs for GDERKNQSTAVLIFYWHMCP>
#	G	D	E	R	K	N	Q	S	T	A	V	L	I	F	Y	W	H	M	C	P
0	0.01522	0.01328	0.02307	0.20570	0.08166	0.01412	0.26878	0.12447	0.01480	0.09384	0.01222	0.01519	0.00905	0.00604	0.00722	0.00191	0.07623	0.00574	0.00360	0.00785
1	0.01631	0.08947	0.01611	0.05327	0.05550	0.01254	0.04721	0.23482	0.01758	0.13810	0.13860	0.06095	0.01952	0.06539	0.00752	0.00202	0.00553	0.00677	0.00505	0.00774
2	0.16329	0.01354	0.04627	0.06409	0.08659	0.01358	0.06329	0.27069	0.01724	0.08528	0.01327	0.05387	0.01044	0.00654	0.00537	0.00173	0.00600	0.00535	0.00444	0.06913
3	0.01754	0.09200	0.02175	0.09515	0.08126	0.01513	0.16738	0.26817	0.01790	0.10601	0.01288	0.01437	0.00942	0.00586	0.00566	0.00169	0.00690	0.00525	0.00427	0.05140
4	0.01113	0.01092	0.01922	0.11744	0.02080	0.01150	0.25543	0.01402	0.01202	0.01657	0.10699	0.02351	0.06575	0.10654	0.01125	0.00240	0.13497	0.00706	0.00346	0.04901
5	0.01103	0.00723	0.00906	0.00876	0.00995	0.00742	0.00638	0.08364	0.01269	0.08514	0.07237	0.28263	0.02689	0.21462	0.04392	0.00330	0.04223	0.06235	0.00488	0.00550
6	0.24124	0.05256	0.01541	0.01346	0.08880	0.05112	0.06322	0.01971	0.05064	0.18535	0.01312	0.01437	0.00985	0.00859	0.05750	0.00225	0.06325	0.00471	0.00412	0.04073
7	0.02944	0.00631	0.00806	0.00812	0.00959	0.00583	0.00605	0.01192	0.01233	0.12582	0.08888	0.30062	0.13154	0.05437	0.00909	0.06274	0.00396	0.10090	0.00527	0.01915
8	0.01111	0.00793	0.00923	0.00803	0.01029	0.00722	0.00578	0.08378	0.01242	0.05669	0.02164	0.17968	0.07864	0.25003	0.01285	0.00279	0.00458	0.00845	0.00438	0.22450

[dist]
# distance from previous block
# <min> <max>
40	53

[block]
# block no. 3 follows, 41 sequences, length 97
# corresponding to MSA columns:
# 123-219
name=unknown_D
#
# <colnr> <probs for GDERKNQSTAVLIFYWHMCP>
#	G	D	E	R	K	N	Q	S	T	A	V	L	I	F	Y	W	H	M	C	P
0	0.01284	0.00942	0.01081	0.03625	0.01317	0.00912	0.00740	0.04220	0.19474	0.09163	0.11400	0.08246	0.17556	0.00995	0.00618	0.00185	0.00423	0.00825	0.02492	0.14501
1	0.01955	0.01454	0.01580	0.01248	0.01686	0.01540	0.01011	0.47675	0.13615	0.05832	0.01601	0.01691	0.01205	0.00726	0.00585	0.00177	0.00586	0.02185	0.00563	0.13087
2	0.04500	0.01282	0.01454	0.01298	0.06647	0.01342	0.00949	0.40575	0.02004	0.05114	0.01683	0.12110	0.01510	0.08274	0.00819	0.00221	0.00575	0.00696	0.01908	0.07040
3	0.04428	0.04081	0.05322	0.03710	0.02482	0.01374	0.46692	0.04377	0.05557	0.04345	0.05709	0.06270	0.01408	0.00679	0.00664	0.00202	0.00811	0.00721	0.00384	0.00787
4	0.03503	0.02122	0.10747	0.03972	0.01832	0.38805	0.03702	0.01993	0.05650	0.01628	0.01168	0.01472	0.00984	0.03592	0.08682	0.00262	0.02750	0.00469	0.00332	0.06332
5	0.01499	0.61291	0.17516	0.01135	0.01683	0.02039	0.01207	0.01761	0.01214	0.01531	0.00949	0.01114	0.00823	0.00552	0.00433	0.00147	0.00667	0.00360	0.03295	0.00782
6	0.01252	0.01063	0.01231	0.00893	0.01403	0.00802	0.00707	0.01486	0.01227	0.01923	0.01083	0.01279	0.00910	0.00469	0.00453	0.00098	0.00447	0.00362	0.00361	0.82551
7	0.01266	0.13505	0.66110	0.01579	0.02374	0.01489	0.01973	0.01840	0.01243	0.01808	0.01062	0.01260	0.00790	0.00581	0.00548	0.00185	0.00832	0.00429	0.00266	0.00862
8	0.00857	0.00635	0.00783	0.00743	0.00893	0.00572	0.00553	0.01086	0.01603	0.02223	0.63543	0.04539	0.17246	0.01254	0.00702	0.00194	0.00298	0.01079	0.00633	0.00566
9	0.00774	0.00631	0.00667	0.00656	0.00842	0.00536	0.00487	0.00924	0.01406	0.01754	0.19564	0.05310	0.61517	0.01429	0.00703	0.00203	0.00311	0.01187	0.00571	0.00530
10	0.00751	0.00630	0.00636	0.00632	0.00828	0.00527	0.00469	0.00880	0.01353	0.01629	0.07819	0.05516	0.73341	0.01476	0.00703	0.00205	0.00314	0.01216	0.00554	0.00521
11	0.00875	0.00635	0.00807	0.00762	0.00904	0.00579	0.00566	0.01119	0.01644	0.02321	0.72712	0.04378	0.08016	0.01217	0.00702	0.00193	0.00296	0.01056	0.00645	0.00573
12	0.83126	0.01151	0.00889	0.00799	0.01156	0.01317	0.00649	0.01724	0.01017	0.02618	0.00865	0.01024	0.00685	0.00576	0.00384	0.00189	0.00466	0.00333	0.00376	0.00654
13	0.02402	0.01366	0.01585	0.01226	0.01679	0.01393	0.01004	0.42276	0.02253	0.35715	0.01824	0.01715	0.01229	0.00739	0.00602	0.00186	0.00588	0.00562	0.00652	0.01004
14	0.83126	0.01151	0.00889	0.00799	0.01156	0.01317	0.00649	0.01724	0.01017	0.02618	0.00865	0.01024	0.00685	0.00576	0.00384	0.00189	0.00466	0.00333	0.00376	0.00654
15	0.00868	0.00635	0.00798	0.00754	0.00900	0.00576	0.00561	0.01106	0.01628	0.02282	0.69051	0.04442	0.11701	0.01232	0.00702	0.00193	0.00297	0.01065	0.00640	0.00570
16	0.00777	0.00556	0.00722	0.00837	0.00884	0.00512	0.00562	0.00870	0.01176	0.01585	0.08571	0.73236	0.03934	0.01777	0.00752	0.00240	0.00352	0.01592	0.00559	0.00506
17	0.83126	0.01151	0.00889	0.00799	0.01156	0.01317	0.00649	0.01724	0.01017	0.02618	0.00865	0.01024	0.00685	0.00576	0.00384	0.00189	0.00466	0.00333	0.00376	0.00654
18	0.02269	0.01580	0.01718	0.01328	0.01786	0.01710	0.01087	0.66637	0.02611	0.10848	0.01523	0.01520	0.01078	0.00732	0.00601	0.00184	0.00637	0.00542	0.00606	0.01004
19	0.02548	0.01051	0.01380	0.01078	0.01517	0.00935	0.00878	0.04880	0.05448	0.70122	0.02288	0.02024	0.01477	0.00754	0.00603	0.00190	0.00512	0.00597	0.00716	0.01001
20	0.00819	0.00586	0.00773	0.00901	0.00963	0.00551	0.00650	0.00937	0.01188	0.01580	0.03168	0.62219	0.03704	0.01775	0.00770	0.00251	0.00400	0.17699	0.00551	0.00515
21	0.02618	0.01020	0.01371	0.01062	0.01506	0.00879	0.00868	0.02819	0.01674	0.75991	0.02310	0.02031	0.01473	0.00751	0.00603	0.00189	0.00509	0.00596	0.00727	0.01004
22	0.02529	0.01053	0.01378	0.01079	0.01515	0.00941	0.00878	0.04528	0.06804	0.69112	0.02294	0.02031	0.01485	0.00755	0.00604	0.00190	0.00510	0.00599	0.00715	0.00999
23	0.00877	0.00632	0.00816	0.00799	0.00929	0.00583	0.00597	0.01109	0.01582	0.02223	0.62737	0.11906	0.05098	0.01299	0.00716	0.00203	0.00320	0.06377	0.00632	0.00567
24	0.00776	0.00555	0.00723	0.00851	0.00894	0.00513	0.00574	0.00862	0.01145	0.01532	0.03193	0.76412	0.03799	0.01816	0.00758	0.00245	0.00363	0.03937	0.00551	0.00503
25	0.02385	0.01394	0.01602	0.01239	0.01693	0.01434	0.01014	0.45421	0.02299	0.32505	0.01785	0.01690	0.01209	0.00738	0.00601	0.00186	0.00594	0.00560	0.00646	0.01004
26	0.01147	0.01063	0.01755	0.77745	0.03959	0.01305	0.01608	0.01507	0.01185	0.01525	0.01083	0.01614	0.00827	0.00616	0.00600	0.00203	0.00782	0.00529	0.00278	0.00670
27	0.01529	0.80242	0.02997	0.00979	0.01468	0.02263	0.00979	0.01713	0.01162	0.01346	0.00795	0.00918	0.00734	0.00489	0.00367	0.00122	0.00612	0.00306	0.00245	0.00734
28	0.83938	0.01106	0.00841	0.00752	0.01106	0.01283	0.00619	0.01681	0.00973	0.02566	0.00796	0.00929	0.00619	0.00531	0.00354	0.00177	0.00442	0.00310	0.00354	0.00619
29	0.01080	0.01017	0.01716	0.78523	0.03940	0.01271	0.01589	0.01461	0.01144	0.01461	0.01017	0.01525	0.00762	0.00572	0.00572	0.00191	0.00762	0.00508	0.00254	0.00635
30	0.01437	0.01339	0.02187	0.10138	0.61870	0.01382	0.01663	0.06728	0.04108	0.01969	0.01137	0.01449	0.00928	0.00537	0.00568	0.00173	0.00675	0.00515	0.00311	0.00886
31	0.00810	0.00585	0.00765	0.00720	0.00855	0.00540	0.00540	0.01079	0.01619	0.02294	0.76028	0.04273	0.05397	0.01169	0.00675	0.00180	0.00270	0.01034	0.00630	0.00540
32	0.01487	0.01137	0.01245	0.01104	0.01422	0.01272	0.00862	0.02819	0.60003	0.10492	0.09580	0.02324	0.02070	0.00807	0.00590	0.00191	0.00438	0.00677	0.00600	0.00877
33	0.00787	0.00571	0.00742	0.00726	0.00847	0.00526	0.00534	0.01026	0.01527	0.02137	0.62151	0.15755	0.07975	0.01275	0.00683	0.00188	0.00280	0.01131	0.00611	0.00526
34	0.00693	0.00580	0.00603	0.00597	0.00783	0.00490	0.00448	0.00853	0.01343	0.01639	0.14561	0.05351	0.67273	0.01414	0.00676	0.00191	0.00287	0.01186	0.00543	0.00490
35	0.01147	0.02959	0.76934	0.01630	0.02476	0.01328	0.02113	0.01811	0.01208	0.01811	0.01026	0.01208	0.00725	0.00543	0.00543	0.00181	0.00845	0.00423	0.00242	0.00845
36	0.01080	0.01017	0.01716	0.78523	0.03940	0.01271	0.01589	0.01461	0.01144	0.01461	0.01017	0.01525	0.00762	0.00572	0.00572	0.00191	0.00762	0.00508	0.00254	0.00635
37	0.01518	0.77916	0.05222	0.00998	0.01498	0.02235	0.01013	0.01716	0.01164	0.01360	0.00802	0.00926	0.00734	0.00491	0.00372	0.00124	0.00619	0.00309	0.00245	0.00737
38	0.00741	0.00529	0.00714	0.00846	0.00899	0.00502	0.00607	0.00872	0.01138	0.01509	0.03128	0.65317	0.03688	0.01751	0.00742	0.00238	0.00370	0.15403	0.00530	0.00477
39	0.01413	0.01356	0.02277	0.03220	0.64998	0.01370	0.05586	0.01886	0.08594	0.01918	0.01204	0.01493	0.00987	0.00534	0.00574	0.00173	0.00673	0.00532	0.00313	0.00899
40	0.01151	0.02767	0.69473	0.01553	0.02365	0.01273	0.01972	0.01775	0.01205	0.01817	0.01026	0.01205	0.00737	0.00532	0.00532	0.00172	0.00804	0.00414	0.00251	0.08977
41	0.01186	0.01017	0.01186	0.00847	0.01356	0.00762	0.00678	0.01440	0.01186	0.01864	0.01017	0.01186	0.00847	0.00424	0.00424	0.00085	0.00424	0.00339	0.00339	0.83395
42	0.01518	0.77125	0.02948	0.00999	0.01469	0.02243	0.00989	0.01699	0.01151	0.01347	0.00793	0.00931	0.00735	0.00510	0.00427	0.00127	0.03699	0.00314	0.00245	0.00730
43	0.01080	0.01017	0.01716	0.78523	0.03940	0.01271	0.01589	0.01461	0.01144	0.01461	0.01017	0.01525	0.00762	0.00572	0.00572	0.00191	0.00762	0.00508	0.00254	0.00635
44	0.00691	0.00577	0.00584	0.00584	0.00758	0.00490	0.00426	0.00822	0.01257	0.01502	0.05401	0.05331	0.68807	0.09176	0.00896	0.00229	0.00316	0.01170	0.00513	0.00469
45	0.00968	0.00612	0.00807	0.00759	0.00911	0.00559	0.00568	0.01210	0.01552	0.09516	0.59158	0.13960	0.04792	0.01206	0.00672	0.00187	0.00299	0.01067	0.00624	0.00573
46	0.83938	0.01106	0.00841	0.00752	0.01106	0.01283	0.00619	0.01681	0.00973	0.02566	0.00796	0.00929	0.00619	0.00531	0.00354	0.00177	0.00442	0.00310	0.00354	0.00619
47	0.01147	0.02959	0.76934	0.01630	0.02476	0.01328	0.02113	0.01811	0.01208	0.01811	0.01026	0.01208	0.00725	0.00543	0.00543	0.00181	0.00845	0.00423	0.00242	0.00845
48	0.00779	0.00528	0.00639	0.00699	0.00719	0.00513	0.00433	0.00834	0.00966	0.01307	0.02422	0.38325	0.02836	0.41276	0.01822	0.00392	0.00442	0.01184	0.03478	0.00407
49	0.00706	0.00504	0.00674	0.00807	0.00844	0.00472	0.00546	0.00812	0.01104	0.01470	0.03148	0.76641	0.03764	0.01784	0.00732	0.00234	0.00340	0.04422	0.00531	0.00467
50	0.01350	0.01543	0.03375	0.02411	0.02989	0.01446	0.74253	0.01832	0.01350	0.01832	0.01157	0.01543	0.00868	0.00482	0.00675	0.00193	0.00964	0.00675	0.00289	0.00771
51	0.01186	0.01017	0.01186	0.00847	0.01356	0.00762	0.00678	0.01440	0.01186	0.01864	0.01017	0.01186	0.00847	0.00424	0.00424	0.00085	0.00424	0.00339	0.00339	0.83395
52	0.83938	0.01106	0.00841	0.00752	0.01106	0.01283	0.00619	0.01681	0.00973	0.02566	0.00796	0.00929	0.00619	0.00531	0.00354	0.00177	0.00442	0.00310	0.00354	0.00619
53	0.83938	0.01106	0.00841	0.00752	0.01106	0.01283	0.00619	0.01681	0.00973	0.02566	0.00796	0.00929	0.00619	0.00531	0.00354	0.00177	0.00442	0.00310	0.00354	0.00619
54	0.00824	0.00576	0.00785	0.00805	0.00882	0.00624	0.00586	0.00984	0.00981	0.01419	0.04116	0.15067	0.02046	0.16489	0.42427	0.00646	0.01007	0.00820	0.08439	0.00478
55	0.01248	0.01223	0.01788	0.25293	0.07423	0.06583	0.08969	0.01523	0.01124	0.01564	0.01048	0.01486	0.00873	0.00819	0.03355	0.00222	0.25322	0.00520	0.08965	0.00652
56	0.01261	0.00678	0.00903	0.00806	0.01011	0.00612	0.00618	0.01501	0.01572	0.21798	0.49437	0.11073	0.04190	0.01109	0.00654	0.00184	0.00333	0.00972	0.00641	0.00646
57	0.00697	0.00498	0.00664	0.00796	0.00830	0.00465	0.00531	0.00796	0.01095	0.01460	0.03153	0.79525	0.03783	0.01792	0.00730	0.00232	0.00332	0.01626	0.00531	0.00465
58	0.01357	0.01393	0.05103	0.12705	0.57381	0.01355	0.08844	0.01728	0.01284	0.01812	0.01075	0.01434	0.00878	0.00516	0.00577	0.00175	0.00724	0.00522	0.00279	0.00857
59	0.01432	0.60498	0.21887	0.01145	0.01725	0.02024	0.01269	0.01738	0.01174	0.01465	0.00854	0.00992	0.00732	0.00503	0.00412	0.00137	0.00671	0.00336	0.00244	0.00762
60	0.00719	0.00514	0.00689	0.00822	0.00865	0.00484	0.00569	0.00835	0.01117	0.01485	0.03140	0.72327	0.03735	0.01771	0.00736	0.00235	0.00351	0.08606	0.00531	0.00471
61	0.74118	0.02755	0.01031	0.01029	0.08524	0.01311	0.00739	0.01689	0.01010	0.02473	0.00824	0.00977	0.00650	0.00528	0.00375	0.00175	0.00469	0.00329	0.00345	0.00650
62	0.00697	0.00498	0.00664	0.00796	0.00830	0.00465	0.00531	0.00796	0.01095	0.01460	0.03153	0.79525	0.03783	0.01792	0.00730	0.00232	0.00332	0.01626	0.00531	0.00465
63	0.26576	0.02331	0.50660	0.01414	0.03566	0.01317	0.03015	0.01771	0.01140	0.02045	0.00959	0.01133	0.00699	0.00538	0.00488	0.00180	0.00721	0.00395	0.00278	0.00776
64	0.16971	0.62313	0.05546	0.00962	0.01440	0.02042	0.00957	0.01711	0.01129	0.01593	0.00805	0.00931	0.00712	0.00499	0.00372	0.00135	0.00589	0.00311	0.00265	0.00717
65	0.01734	0.01186	0.01325	0.01131	0.01488	0.01296	0.00896	0.10146	0.48760	0.19227	0.04833	0.02091	0.01723	0.00766	0.00583	0.00187	0.00472	0.00631	0.00611	0.00915
66	0.00805	0.00581	0.00761	0.00723	0.00854	0.00537	0.00539	0.01068	0.01598	0.02261	0.73152	0.07242	0.05333	0.01194	0.00677	0.00182	0.00272	0.01058	0.00626	0.00537
67	0.06033	0.04549	0.70826	0.01564	0.02373	0.01346	0.02000	0.01802	0.01193	0.01846	0.01008	0.01185	0.00719	0.00542	0.00528	0.00180	0.00816	0.00413	0.00248	0.00830
68	0.74826	0.06983	0.01033	0.00790	0.01158	0.01374	0.00663	0.04363	0.01051	0.02514	0.00818	0.00945	0.00641	0.00534	0.00363	0.00173	0.00462	0.00317	0.00354	0.00641
69	0.00694	0.00526	0.00635	0.00720	0.00805	0.00473	0.00494	0.00805	0.01157	0.01479	0.03987	0.53060	0.27577	0.03804	0.00772	0.00228	0.00324	0.01466	0.00526	0.00467
70	0.04037	0.72030	0.04175	0.01012	0.01492	0.06541	0.00995	0.01746	0.01184	0.01394	0.00804	0.00930	0.00731	0.00497	0.00378	0.00126	0.00635	0.00312	0.00251	0.00729
71	0.02506	0.00956	0.01296	0.00998	0.01428	0.00828	0.00823	0.02729	0.01620	0.73747	0.02241	0.01954	0.01418	0.00706	0.00568	0.00175	0.00478	0.00574	0.03997	0.00956
72	0.01316	0.01441	0.02810	0.02094	0.02472	0.01553	0.48853	0.01674	0.01185	0.01674	0.01016	0.01441	0.00827	0.00663	0.01093	0.00213	0.28064	0.00614	0.00276	0.00721
73	0.00937	0.00720	0.00938	0.00846	0.01015	0.00720	0.03290	0.02581	0.06544	0.03234	0.45087	0.06347	0.13953	0.02620	0.00767	0.00194	0.04837	0.00967	0.03824	0.00579
74	0.00776	0.00572	0.00726	0.00711	0.00840	0.00522	0.00524	0.01006	0.01504	0.02078	0.56512	0.14821	0.14699	0.01293	0.00682	0.00189	0.00281	0.01139	0.00603	0.00522
75	0.01726	0.12576	0.01790	0.01424	0.04198	0.39838	0.01101	0.04152	0.01365	0.01467	0.00932	0.01204	0.00821	0.01022	0.08365	0.00242	0.16402	0.00420	0.00289	0.00668
76	0.83938	0.01106	0.00841	0.00752	0.01106	0.01283	0.00619	0.01681	0.00973	0.02566	0.00796	0.00929	0.00619	0.00531	0.00354	0.00177	0.00442	0.00310	0.00354	0.00619
77	0.00819	0.00607	0.00890	0.00890	0.00982	0.00699	0.00679	0.01003	0.00911	0.01306	0.01559	0.02394	0.01494	0.11738	0.70271	0.00883	0.01436	0.00634	0.00310	0.00495
78	0.00783	0.00592	0.00733	0.00761	0.00903	0.00542	0.00595	0.00996	0.01399	0.01844	0.30097	0.12574	0.26736	0.01413	0.00707	0.00209	0.00342	0.17698	0.00565	0.00512
79	0.00695	0.00574	0.00610	0.00613	0.00787	0.00489	0.00455	0.00854	0.01331	0.01639	0.14977	0.10489	0.61639	0.01435	0.00680	0.00194	0.00290	0.01213	0.00544	0.00489
80	0.01339	0.01397	0.01739	0.01499	0.01528	0.09224	0.01237	0.01466	0.00949	0.01379	0.00764	0.01230	0.00749	0.00961	0.01743	0.00240	0.71185	0.00488	0.00255	0.00629
81	0.01513	0.69876	0.10232	0.01060	0.01578	0.04847	0.01095	0.01743	0.01183	0.01394	0.00821	0.00950	0.00733	0.00498	0.00390	0.00129	0.00650	0.00320	0.00246	0.00742
82	0.03025	0.01102	0.02063	0.09215	0.02172	0.01086	0.33545	0.01479	0.01275	0.01781	0.08943	0.04713	0.04196	0.03508	0.04427	0.00240	0.02589	0.07279	0.03410	0.03952
83	0.06085	0.20539	0.52569	0.01460	0.02185	0.01545	0.04647	0.01782	0.01189	0.01749	0.00965	0.01138	0.00726	0.00528	0.00497	0.00168	0.00773	0.00399	0.00251	0.00804
84	0.02040	0.01534	0.01609	0.01267	0.01691	0.03731	0.01035	0.59140	0.12270	0.04563	0.01520	0.01502	0.01094	0.00696	0.00566	0.00173	0.00602	0.00530	0.03499	0.00940
85	0.04254	0.01531	0.02097	0.13496	0.47009	0.13276	0.04221	0.04082	0.01364	0.01815	0.01041	0.01358	0.00851	0.00536	0.00556	0.00170	0.00747	0.00487	0.00293	0.00818
86	0.01830	0.01441	0.04167	0.01203	0.01623	0.01505	0.01005	0.46434	0.16509	0.05431	0.02001	0.01935	0.08525	0.00767	0.00579	0.00176	0.00559	0.00603	0.00556	0.03150
87	0.01120	0.04114	0.64305	0.01519	0.02246	0.01272	0.01883	0.01738	0.03419	0.01777	0.01265	0.08946	0.01057	0.00681	0.00585	0.00187	0.02254	0.00547	0.00281	0.00803
88	0.00798	0.00576	0.00755	0.00727	0.00852	0.00532	0.00539	0.01052	0.01567	0.02212	0.68850	0.11685	0.05238	0.01231	0.00680	0.00185	0.00276	0.01093	0.00620	0.00532
89	0.01271	0.09715	0.27964	0.01866	0.02450	0.01492	0.32954	0.01737	0.01227	0.01719	0.01089	0.03460	0.00873	0.00594	0.00728	0.00189	0.09070	0.00561	0.00271	0.00769
90	0.00683	0.00580	0.00590	0.00587	0.00777	0.00486	0.00440	0.00835	0.01321	0.01587	0.09681	0.05437	0.72185	0.01433	0.00676	0.00192	0.00289	0.01198	0.00537	0.00486
91	0.01219	0.01046	0.01201	0.00891	0.01374	0.00854	0.00709	0.01661	0.11411	0.01937	0.01198	0.01317	0.00971	0.00472	0.00445	0.00100	0.00428	0.00381	0.00372	0.72014
92	0.00822	0.00593	0.00820	0.00820	0.00888	0.00661	0.00592	0.00958	0.00890	0.01255	0.01623	0.02748	0.01647	0.29596	0.52622	0.00797	0.01205	0.00686	0.00320	0.00456
93	0.01186	0.01017	0.01186	0.00847	0.01356	0.00762	0.00678	0.01440	0.01186	0.01864	0.01017	0.01186	0.00847	0.00424	0.00424	0.00085	0.00424	0.00339	0.00339	0.83395
94	0.00941	0.01044	0.11167	0.03897	0.01488	0.00817	0.10122	0.04111	0.03369	0.01729	0.07993	0.45521	0.02857	0.01298	0.00678	0.00212	0.00505	0.01190	0.00463	0.00598
95	0.04443	0.09334	0.04633	0.01346	0.01794	0.04135	0.07767	0.44902	0.07071	0.02863	0.01402	0.05214	0.01102	0.00696	0.00560	0.00173	0.00647	0.00558	0.00485	0.00875
96	0.01223	0.05398	0.64183	0.01605	0.05033	0.01309	0.01925	0.01817	0.01223	0.04462	0.01063	0.01230	0.00764	0.00539	0.00532	0.00172	0.00792	0.00422	0.00266	0.06041

[dist]
# distance from previous block
# <min> <max>
0	1

[block]
# block no. 4 follows, 41 sequences, length 26
# corresponding to MSA columns:
# 221-246
name=unknown_E
#
# <colnr> <probs for GDERKNQSTAVLIFYWHMCP>
#	G	D	E	R	K	N	Q	S	T	A	V	L	I	F	Y	W	H	M	C	P
0	0.11160	0.07317	0.04666	0.01717	0.15820	0.30515	0.01200	0.17282	0.01666	0.02098	0.01013	0.01164	0.00805	0.00580	0.00510	0.00160	0.00778	0.00417	0.00352	0.00781
1	0.01333	0.01596	0.10491	0.09829	0.05477	0.03879	0.39084	0.04178	0.01296	0.01788	0.01094	0.01460	0.00848	0.00587	0.00793	0.00194	0.11538	0.00581	0.03209	0.00746
2	0.00827	0.00623	0.00770	0.00735	0.00885	0.00588	0.00550	0.01163	0.06550	0.02156	0.57786	0.08188	0.14597	0.01213	0.00671	0.00185	0.00288	0.01062	0.00608	0.00553
3	0.01167	0.01228	0.02434	0.06787	0.07409	0.01188	0.43126	0.01535	0.01300	0.01750	0.05574	0.10357	0.09331	0.00782	0.00706	0.00197	0.03261	0.00823	0.00354	0.00693
4	0.07787	0.01214	0.01263	0.01017	0.01360	0.01329	0.00827	0.45032	0.02073	0.03044	0.01493	0.01591	0.01109	0.00669	0.00499	0.00159	0.00496	0.00506	0.27729	0.00802
5	0.83938	0.01106	0.00841	0.00752	0.01106	0.01283	0.00619	0.01681	0.00973	0.02566	0.00796	0.00929	0.00619	0.00531	0.00354	0.00177	0.00442	0.00310	0.00354	0.00619
6	0.01073	0.01004	0.01680	0.72379	0.05883	0.01235	0.01537	0.01444	0.01165	0.01498	0.03188	0.01691	0.02665	0.00607	0.00577	0.00190	0.00735	0.00539	0.00272	0.00637
7	0.02426	0.01032	0.01343	0.01048	0.01479	0.00949	0.00860	0.06396	0.09459	0.65230	0.02220	0.01938	0.01429	0.00714	0.00576	0.00179	0.00490	0.00580	0.00688	0.00966
8	0.00818	0.00549	0.00628	0.00642	0.00646	0.00545	0.00366	0.00828	0.00860	0.01146	0.01945	0.11736	0.02259	0.71660	0.02681	0.00521	0.00531	0.00916	0.00366	0.00359
9	0.01251	0.01251	0.01752	0.01502	0.01502	0.01752	0.01251	0.01377	0.00876	0.01377	0.00751	0.01251	0.00751	0.01001	0.01877	0.00250	0.78851	0.00501	0.00250	0.00626
10	0.01345	0.01407	0.01738	0.01499	0.01530	0.09752	0.01236	0.01472	0.00955	0.01379	0.00765	0.01228	0.00749	0.00958	0.01734	0.00239	0.70643	0.00487	0.00255	0.00630
11	0.83938	0.01106	0.00841	0.00752	0.01106	0.01283	0.00619	0.01681	0.00973	0.02566	0.00796	0.00929	0.00619	0.00531	0.00354	0.00177	0.00442	0.00310	0.00354	0.00619
12	0.01122	0.01071	0.01849	0.68469	0.09922	0.01287	0.05236	0.01504	0.01167	0.01514	0.01029	0.01517	0.00780	0.00562	0.00577	0.00189	0.00766	0.00517	0.00258	0.00665
13	0.00832	0.00555	0.00624	0.00624	0.00624	0.00555	0.00347	0.00832	0.00832	0.01109	0.01802	0.03743	0.02080	0.79898	0.02911	0.00555	0.00555	0.00832	0.00347	0.00347
14	0.00695	0.00580	0.00606	0.00600	0.00784	0.00491	0.00450	0.00858	0.01349	0.01652	0.15857	0.05328	0.65969	0.01409	0.00676	0.00191	0.00287	0.01182	0.00545	0.00491
15	0.01096	0.00912	0.01025	0.01107	0.01268	0.08816	0.00947	0.04024	0.01400	0.01749	0.02741	0.05691	0.02936	0.01442	0.00753	0.00248	0.00584	0.62198	0.00504	0.00558
16	0.47086	0.01374	0.01229	0.03993	0.01490	0.06044	0.00850	0.27276	0.01622	0.02819	0.01013	0.01114	0.00756	0.00591	0.00449	0.00174	0.00556	0.00393	0.00423	0.00747
17	0.00697	0.00498	0.00664	0.00796	0.00830	0.00465	0.00531	0.00796	0.01095	0.01460	0.03153	0.79525	0.03783	0.01792	0.00730	0.00232	0.00332	0.01626	0.00531	0.00465
18	0.01080	0.01017	0.01716	0.78523	0.03940	0.01271	0.01589	0.01461	0.01144	0.01461	0.01017	0.01525	0.00762	0.00572	0.00572	0.00191	0.00762	0.00508	0.00254	0.00635
19	0.01322	0.01263	0.02152	0.24498	0.56077	0.01334	0.01709	0.01673	0.01258	0.01755	0.01059	0.01446	0.00866	0.00527	0.00568	0.00176	0.00703	0.00509	0.00275	0.00830
20	0.02337	0.00968	0.01305	0.03898	0.01522	0.00877	0.00857	0.02652	0.06590	0.64987	0.02262	0.05959	0.01537	0.00764	0.00584	0.00182	0.00487	0.00632	0.00673	0.00930
21	0.02566	0.00973	0.01327	0.01018	0.01460	0.00841	0.00841	0.02788	0.01637	0.76726	0.02257	0.01947	0.01416	0.00708	0.00575	0.00177	0.00487	0.00575	0.00708	0.00973
22	0.00929	0.00715	0.01106	0.01140	0.01298	0.00702	0.07473	0.01189	0.01289	0.01687	0.02877	0.16298	0.03143	0.01511	0.00771	0.00253	0.00539	0.56035	0.00506	0.00540
23	0.02566	0.00973	0.01327	0.01018	0.01460	0.00841	0.00841	0.02788	0.01637	0.76726	0.02257	0.01947	0.01416	0.00708	0.00575	0.00177	0.00487	0.00575	0.00708	0.00973
24	0.01161	0.02863	0.71942	0.01683	0.02510	0.01336	0.07009	0.01813	0.01217	0.01813	0.01035	0.01230	0.00734	0.00539	0.00552	0.00182	0.00853	0.00440	0.00245	0.00840
25	0.01271	0.01067	0.01231	0.00887	0.01391	0.00849	0.00713	0.07685	0.01315	0.02013	0.01047	0.01202	0.00858	0.00446	0.00436	0.00092	0.00441	0.00354	0.00359	0.76343

[dist]
# distance from previous block
# <min> <max>
9	13

[block]
# block no. 5 follows, 41 sequences, length 18
# corresponding to MSA columns:
# 263-280
name=unknown_F
#
# <colnr> <probs for GDERKNQSTAVLIFYWHMCP>
#	G	D	E	R	K	N	Q	S	T	A	V	L	I	F	Y	W	H	M	C	P
0	0.01591	0.01376	0.02176	0.03083	0.03877	0.01417	0.29738	0.26551	0.07533	0.02517	0.01422	0.01614	0.01059	0.00604	0.00588	0.00176	0.00698	0.00591	0.12575	0.00816
1	0.00909	0.00679	0.00799	0.00822	0.00955	0.00661	0.00590	0.11623	0.01379	0.01795	0.03516	0.50543	0.20463	0.01548	0.00694	0.00214	0.00366	0.01364	0.00537	0.00544
2	0.01020	0.00922	0.05810	0.01080	0.01282	0.00817	0.07562	0.12629	0.01379	0.01857	0.02553	0.55039	0.02877	0.01418	0.00688	0.00216	0.00470	0.01287	0.00497	0.00597
3	0.01115	0.02504	0.60038	0.01587	0.02302	0.01247	0.07521	0.01697	0.01176	0.01742	0.01111	0.01386	0.00839	0.01089	0.11883	0.00291	0.00956	0.00470	0.00255	0.00790
4	0.01091	0.04383	0.58693	0.01475	0.02134	0.01239	0.01785	0.01623	0.01170	0.01719	0.01342	0.13620	0.01211	0.00766	0.00645	0.00192	0.05240	0.00615	0.00288	0.00770
5	0.21105	0.35381	0.10219	0.01109	0.01561	0.19177	0.01046	0.01847	0.01228	0.01697	0.00841	0.00978	0.00707	0.00528	0.00417	0.00147	0.00693	0.00334	0.00282	0.00703
6	0.16579	0.35529	0.01883	0.00953	0.01323	0.07453	0.00832	0.01764	0.01223	0.12669	0.01391	0.13543	0.01297	0.00743	0.00464	0.00160	0.00551	0.00560	0.00382	0.00700
7	0.07274	0.00870	0.01173	0.07233	0.12330	0.00865	0.00859	0.01738	0.03926	0.19008	0.19619	0.02488	0.04930	0.00789	0.00556	0.00172	0.00436	0.00670	0.14351	0.00714
8	0.00787	0.00584	0.00733	0.00696	0.00841	0.00530	0.00522	0.01035	0.01565	0.02166	0.64016	0.04483	0.17489	0.01217	0.00675	0.00182	0.00273	0.01064	0.00613	0.00530
9	0.01142	0.01058	0.01013	0.01001	0.01209	0.12079	0.00796	0.01654	0.17364	0.01839	0.11247	0.05797	0.17531	0.01193	0.00668	0.00207	0.00504	0.22561	0.00517	0.00620
10	0.58847	0.01203	0.01046	0.00902	0.01268	0.01381	0.00736	0.13414	0.12169	0.02705	0.01113	0.01177	0.00841	0.00592	0.00422	0.00179	0.00474	0.00392	0.00422	0.00717
11	0.00916	0.00716	0.00882	0.00750	0.01003	0.00604	0.00575	0.01174	0.01467	0.02116	0.48757	0.03406	0.08389	0.00959	0.00598	0.00152	0.00318	0.00833	0.00535	0.25850
12	0.01329	0.01522	0.08443	0.06682	0.15198	0.01390	0.39099	0.01968	0.13038	0.01897	0.01349	0.03075	0.01052	0.00568	0.00627	0.00189	0.00802	0.00631	0.00334	0.00808
13	0.00795	0.00608	0.00865	0.00865	0.00982	0.00678	0.00671	0.00990	0.00980	0.01362	0.02208	0.02764	0.13269	0.03839	0.65430	0.00804	0.01335	0.00707	0.00342	0.00506
14	0.01334	0.01275	0.02174	0.21845	0.58636	0.01337	0.01715	0.01684	0.01264	0.01769	0.01061	0.01442	0.00871	0.00525	0.00568	0.00175	0.00700	0.00509	0.00276	0.00840
15	0.01615	0.58999	0.09151	0.01102	0.01612	0.04137	0.01097	0.13265	0.01421	0.01746	0.00909	0.01018	0.00771	0.00528	0.00419	0.00136	0.00646	0.00351	0.00298	0.00780
16	0.01302	0.01263	0.02255	0.06371	0.50338	0.01274	0.13089	0.01646	0.01246	0.01765	0.01153	0.01563	0.00970	0.01064	0.11910	0.00285	0.00854	0.00551	0.00286	0.00814
17	0.01292	0.19532	0.41398	0.01741	0.14690	0.01476	0.01675	0.01750	0.01220	0.03838	0.01141	0.05700	0.00953	0.00602	0.00520	0.00169	0.00726	0.00485	0.00279	0.00813

[dist]
# distance from previous block
# <min> <max>
0	5

[block]
# block no. 6 follows, 41 sequences, length 95
# corresponding to MSA columns:
# 286-380
name=unknown_G
#
# <colnr> <probs for GDERKNQSTAVLIFYWHMCP>
#	G	D	E	R	K	N	Q	S	T	A	V	L	I	F	Y	W	H	M	C	P
0	0.01149	0.05478	0.72005	0.01579	0.02390	0.01334	0.02025	0.01785	0.01219	0.01811	0.03428	0.01296	0.00875	0.00562	0.00542	0.00179	0.00819	0.00438	0.00254	0.00832
1	0.00715	0.00521	0.00674	0.00763	0.00829	0.00479	0.00524	0.00848	0.01207	0.01615	0.16207	0.59426	0.10781	0.01651	0.00715	0.00219	0.00317	0.01483	0.00548	0.00479
2	0.01182	0.01151	0.01652	0.10183	0.01723	0.01578	0.01228	0.01345	0.00911	0.01381	0.00871	0.01397	0.00830	0.01331	0.10442	0.00320	0.61089	0.00514	0.00257	0.00614
3	0.02566	0.00973	0.01327	0.01018	0.01460	0.00841	0.00841	0.02788	0.01637	0.76726	0.02257	0.01947	0.01416	0.00708	0.00575	0.00177	0.00487	0.00575	0.00708	0.00973
4	0.18110	0.01033	0.01122	0.00836	0.01310	0.00872	0.00673	0.01552	0.01164	0.05469	0.01029	0.01169	0.00827	0.00459	0.00416	0.00108	0.00430	0.00344	0.00359	0.62719
5	0.00697	0.00498	0.00664	0.00796	0.00830	0.00465	0.00531	0.00796	0.01095	0.01460	0.03153	0.79525	0.03783	0.01792	0.00730	0.00232	0.00332	0.01626	0.00531	0.00465
6	0.01423	0.01229	0.01293	0.01164	0.01487	0.01423	0.00905	0.03039	0.75297	0.02393	0.02328	0.02134	0.01746	0.00776	0.00582	0.00194	0.00453	0.00647	0.00582	0.00905
7	0.00806	0.00583	0.00752	0.00711	0.00842	0.00538	0.00528	0.01060	0.01575	0.02217	0.70383	0.04296	0.07852	0.04436	0.00767	0.00196	0.00282	0.01032	0.00614	0.00530
8	0.00806	0.00585	0.00760	0.00716	0.00853	0.00538	0.00537	0.01073	0.01612	0.02276	0.74402	0.04301	0.07034	0.01176	0.00675	0.00180	0.00270	0.01038	0.00627	0.00538
9	0.02566	0.00973	0.01327	0.01018	0.01460	0.00841	0.00841	0.02788	0.01637	0.76726	0.02257	0.01947	0.01416	0.00708	0.00575	0.00177	0.00487	0.00575	0.00708	0.00973
10	0.01542	0.78657	0.02969	0.00989	0.01474	0.03804	0.00981	0.01724	0.01172	0.01347	0.00797	0.00920	0.00734	0.00491	0.00370	0.00123	0.00620	0.00307	0.00246	0.00733
11	0.83938	0.01106	0.00841	0.00752	0.01106	0.01283	0.00619	0.01681	0.00973	0.02566	0.00796	0.00929	0.00619	0.00531	0.00354	0.00177	0.00442	0.00310	0.00354	0.00619
12	0.00756	0.00511	0.00641	0.00739	0.00802	0.00479	0.00505	0.00890	0.01142	0.01596	0.05470	0.60320	0.08268	0.01576	0.00674	0.00213	0.00317	0.01411	0.13211	0.00479
13	0.00832	0.00555	0.00624	0.00624	0.00624	0.00555	0.00347	0.00832	0.00832	0.01109	0.01802	0.03743	0.02080	0.79898	0.02911	0.00555	0.00555	0.00832	0.00347	0.00347
14	0.02174	0.01602	0.01717	0.01316	0.01774	0.01774	0.01087	0.74423	0.02689	0.03605	0.01373	0.01373	0.00973	0.00687	0.00572	0.00172	0.00629	0.00515	0.00572	0.00973
15	0.01486	0.01503	0.02218	0.06093	0.65036	0.10125	0.01674	0.01805	0.01333	0.01799	0.01052	0.01376	0.00881	0.00521	0.00561	0.00168	0.00723	0.00493	0.00283	0.00868
16	0.00832	0.00555	0.00624	0.00624	0.00624	0.00555	0.00347	0.00832	0.00832	0.01109	0.01802	0.03743	0.02080	0.79898	0.02911	0.00555	0.00555	0.00832	0.00347	0.00347
17	0.01080	0.01017	0.01716	0.78523	0.03940	0.01271	0.01589	0.01461	0.01144	0.01461	0.01017	0.01525	0.00762	0.00572	0.00572	0.00191	0.00762	0.00508	0.00254	0.00635
18	0.01416	0.01359	0.02322	0.03511	0.76330	0.01359	0.01755	0.01755	0.01302	0.01869	0.01076	0.01416	0.00906	0.00510	0.00566	0.00170	0.00680	0.00510	0.00283	0.00906
19	0.02049	0.02221	0.01602	0.01389	0.01731	0.46885	0.01073	0.21723	0.11958	0.02126	0.01212	0.01274	0.00938	0.00641	0.00540	0.00160	0.00845	0.00446	0.00408	0.00779
20	0.00702	0.00500	0.00662	0.00789	0.00821	0.00468	0.00523	0.00798	0.01084	0.01446	0.03097	0.76390	0.03713	0.05023	0.00820	0.00246	0.00341	0.01593	0.00523	0.00460
21	0.10313	0.00642	0.00693	0.00662	0.00848	0.00601	0.00503	0.01036	0.01408	0.02000	0.36861	0.04423	0.35564	0.01217	0.00638	0.00185	0.00298	0.01026	0.00555	0.00524
22	0.02035	0.01494	0.01620	0.01244	0.01700	0.01608	0.01022	0.59888	0.06254	0.05823	0.01412	0.01411	0.01014	0.00662	0.00556	0.00163	0.00592	0.00504	0.00550	0.10450
23	0.17258	0.04080	0.01585	0.01302	0.01668	0.34258	0.03614	0.21798	0.05448	0.02280	0.01080	0.01176	0.00834	0.00608	0.00506	0.00163	0.00770	0.00421	0.00394	0.00757
24	0.01402	0.01422	0.04557	0.03357	0.67571	0.01366	0.08330	0.01764	0.01304	0.01864	0.01082	0.01421	0.00897	0.00508	0.00575	0.00172	0.00710	0.00522	0.00282	0.00892
25	0.01066	0.00645	0.00864	0.00786	0.00962	0.00604	0.00604	0.01321	0.01541	0.13020	0.56718	0.03701	0.04361	0.01461	0.09512	0.00265	0.00447	0.00919	0.00604	0.00600
26	0.01795	0.01454	0.01940	0.14180	0.04666	0.01592	0.11857	0.45416	0.04754	0.02843	0.01317	0.01502	0.00972	0.02311	0.00637	0.00187	0.00694	0.00549	0.00465	0.00870
27	0.00877	0.00676	0.00813	0.00762	0.00933	0.00658	0.00576	0.01321	0.12124	0.02196	0.54927	0.04151	0.15490	0.01155	0.00662	0.00184	0.00299	0.01005	0.00608	0.00584
28	0.01979	0.01499	0.01739	0.04734	0.10404	0.01638	0.01158	0.55331	0.06720	0.04745	0.01390	0.01437	0.01008	0.00660	0.00568	0.00171	0.00622	0.00518	0.00523	0.03156
29	0.02174	0.01602	0.01717	0.01316	0.01774	0.01774	0.01087	0.74423	0.02689	0.03605	0.01373	0.01373	0.00973	0.00687	0.00572	0.00172	0.00629	0.00515	0.00572	0.00973
30	0.01251	0.01251	0.01752	0.01502	0.01502	0.01752	0.01251	0.01377	0.00876	0.01377	0.00751	0.01251	0.00751	0.01001	0.01877	0.00250	0.78851	0.00501	0.00250	0.00626
31	0.00830	0.00561	0.00658	0.00658	0.00670	0.00573	0.00389	0.00854	0.00842	0.01134	0.01771	0.03571	0.02005	0.71202	0.11506	0.00596	0.00667	0.00807	0.00342	0.00365
32	0.01012	0.00629	0.00829	0.00754	0.00924	0.00574	0.00574	0.01276	0.01621	0.10855	0.67543	0.04005	0.04939	0.01116	0.00663	0.00180	0.00295	0.00982	0.00639	0.00590
33	0.83938	0.01106	0.00841	0.00752	0.01106	0.01283	0.00619	0.01681	0.00973	0.02566	0.00796	0.00929	0.00619	0.00531	0.00354	0.00177	0.00442	0.00310	0.00354	0.00619
34	0.00892	0.00546	0.00600	0.00606	0.00646	0.00544	0.00371	0.00972	0.00949	0.01417	0.01885	0.06938	0.01987	0.53632	0.02093	0.00419	0.00462	0.00785	0.23850	0.00405
35	0.00705	0.00527	0.00655	0.00736	0.00819	0.00478	0.00509	0.00835	0.01205	0.01576	0.12159	0.53389	0.21046	0.01639	0.00711	0.00217	0.00315	0.01459	0.00542	0.00478
36	0.00869	0.00632	0.00854	0.00971	0.01099	0.00617	0.00823	0.01101	0.01291	0.01665	0.03360	0.14327	0.11720	0.01588	0.00770	0.00252	0.00478	0.56541	0.00528	0.00515
37	0.01360	0.01419	0.06870	0.12023	0.63432	0.01347	0.01758	0.01725	0.01278	0.01818	0.01066	0.01415	0.00878	0.00519	0.00565	0.00173	0.00699	0.00504	0.00277	0.00871
38	0.01863	0.35453	0.02205	0.01265	0.01636	0.44311	0.01055	0.02025	0.01413	0.01377	0.00844	0.00988	0.00736	0.00555	0.00479	0.00139	0.02348	0.00345	0.00273	0.00692
39	0.02109	0.00926	0.01165	0.00927	0.01288	0.00861	0.00754	0.10276	0.01651	0.48576	0.04838	0.02014	0.01528	0.00713	0.00538	0.00166	0.00443	0.00576	0.19794	0.00855
40	0.01186	0.01017	0.01186	0.00847	0.01356	0.00762	0.00678	0.01440	0.01186	0.01864	0.01017	0.01186	0.00847	0.00424	0.00424	0.00085	0.00424	0.00339	0.00339	0.83395
41	0.01490	0.01477	0.03140	0.02251	0.02813	0.01377	0.65809	0.01942	0.01383	0.10447	0.01284	0.01589	0.00931	0.00508	0.00664	0.00191	0.00909	0.00664	0.00337	0.00795
42	0.00832	0.00555	0.00624	0.00624	0.00624	0.00555	0.00347	0.00832	0.00832	0.01109	0.01802	0.03743	0.02080	0.79898	0.02911	0.00555	0.00555	0.00832	0.00347	0.00347
43	0.01377	0.01320	0.02252	0.12139	0.68004	0.01349	0.01736	0.01722	0.01284	0.01822	0.01069	0.01428	0.00890	0.00517	0.00567	0.00172	0.00689	0.00509	0.00280	0.00875
44	0.02328	0.01029	0.01434	0.01302	0.10068	0.00917	0.00940	0.02614	0.04213	0.61907	0.02065	0.01856	0.01342	0.00674	0.00567	0.00172	0.00505	0.00559	0.00637	0.04871
45	0.02018	0.11556	0.01800	0.01465	0.03451	0.64390	0.01111	0.02173	0.01533	0.01404	0.00873	0.01035	0.00741	0.00591	0.00550	0.00149	0.03828	0.00369	0.00287	0.00676
46	0.01199	0.01155	0.01662	0.01619	0.10006	0.01526	0.01199	0.01350	0.00927	0.01412	0.00933	0.01524	0.00920	0.05985	0.09805	0.00330	0.57020	0.00533	0.00266	0.00629
47	0.02566	0.00973	0.01327	0.01018	0.01460	0.00841	0.00841	0.02788	0.01637	0.76726	0.02257	0.01947	0.01416	0.00708	0.00575	0.00177	0.00487	0.00575	0.00708	0.00973
48	0.01147	0.02959	0.76934	0.01630	0.02476	0.01328	0.02113	0.01811	0.01208	0.01811	0.01026	0.01208	0.00725	0.00543	0.00543	0.00181	0.00845	0.00423	0.00242	0.00845
49	0.00711	0.00511	0.00693	0.00811	0.00852	0.00493	0.00552	0.00822	0.01075	0.01445	0.02966	0.70636	0.03512	0.02079	0.09575	0.00311	0.00470	0.01510	0.00505	0.00470
