[name]
unknown

[dist]
# distance from previous block
# <min> <max>
0	28

[block]
# block no. 0 follows, 39 sequences, length 9
# corresponding to MSA columns:
# 28-36
name=unknown_A
#
# <colnr> <probs for GDERKNQSTAVLIFYWHMCP>
#	G	D	E	R	K	N	Q	S	T	A	V	L	I	F	Y	W	H	M	C	P
0	0.00953	0.00681	0.00953	0.01089	0.01225	0.00681	0.00953	0.01225	0.01361	0.01770	0.03131	0.06671	0.03403	0.01634	0.00817	0.00272	0.00545	0.71547	0.00545	0.00545
1	0.01278	0.01319	0.02508	0.34638	0.12421	0.01429	0.28983	0.01689	0.01265	0.01703	0.01095	0.01550	0.00848	0.00578	0.00724	0.00200	0.06156	0.00591	0.00280	0.00745
2	0.00901	0.00557	0.00793	0.04033	0.00960	0.00548	0.00581	0.00894	0.01093	0.01486	0.18227	0.24424	0.02859	0.01746	0.01433	0.37236	0.00424	0.00972	0.00429	0.00405
3	0.07815	0.01039	0.06214	0.12137	0.01696	0.00945	0.00939	0.01873	0.09296	0.20328	0.13280	0.10812	0.09274	0.00959	0.00618	0.00195	0.00492	0.00811	0.00539	0.00738
4	0.01553	0.01125	0.01253	0.01080	0.01374	0.01196	0.00838	0.32330	0.09827	0.05346	0.02368	0.24197	0.06225	0.03590	0.00715	0.00209	0.00500	0.00928	0.02418	0.02927
5	0.00837	0.00630	0.00775	0.00766	0.00911	0.00557	0.00539	0.00997	0.01265	0.01742	0.20289	0.32805	0.11217	0.10917	0.00965	0.00241	0.00365	0.01195	0.00521	0.12463
6	0.00793	0.00534	0.00655	0.00745	0.00801	0.00504	0.00497	0.00911	0.01126	0.01568	0.03063	0.52635	0.08156	0.12084	0.01005	0.00267	0.00361	0.01377	0.12442	0.00475
7	0.00773	0.00531	0.00655	0.00755	0.00826	0.00493	0.00517	0.00907	0.01175	0.01622	0.03415	0.58349	0.12675	0.01638	0.00698	0.00220	0.00328	0.01462	0.12468	0.00493
8	0.00811	0.00538	0.00664	0.00736	0.00806	0.00505	0.00502	0.00918	0.01152	0.01596	0.06091	0.44420	0.12404	0.06681	0.00964	0.06660	0.00353	0.01292	0.12437	0.00471

[dist]
# distance from previous block
# <min> <max>
0	1

[block]
# block no. 1 follows, 39 sequences, length 8
# corresponding to MSA columns:
# 38-45
name=unknown_B
#
# <colnr> <probs for GDERKNQSTAVLIFYWHMCP>
#	G	D	E	R	K	N	Q	S	T	A	V	L	I	F	Y	W	H	M	C	P
0	0.51691	0.01164	0.01113	0.00921	0.01324	0.01258	0.00759	0.10284	0.01400	0.23113	0.01311	0.01305	0.00911	0.00618	0.00455	0.00182	0.00492	0.00421	0.00493	0.00784
1	0.00742	0.00528	0.00696	0.00804	0.00849	0.00494	0.00539	0.00859	0.01179	0.01588	0.11426	0.66110	0.04004	0.06108	0.00874	0.00253	0.00349	0.01565	0.00550	0.00482
2	0.01033	0.00627	0.00690	0.00685	0.00817	0.00622	0.00502	0.05324	0.01317	0.02025	0.08462	0.12120	0.07884	0.10824	0.00853	0.00221	0.00356	0.03944	0.41152	0.00541
3	0.06309	0.01460	0.04698	0.09302	0.01817	0.09885	0.01005	0.21048	0.03245	0.02350	0.01213	0.01396	0.00941	0.00645	0.00579	0.03225	0.00617	0.00451	0.06263	0.23550
4	0.00881	0.00609	0.00786	0.00804	0.00930	0.00547	0.00570	0.01051	0.01314	0.04979	0.23206	0.44115	0.05999	0.03675	0.00768	0.00218	0.00345	0.01318	0.00564	0.07320
5	0.07235	0.01469	0.01560	0.01222	0.01641	0.01618	0.01002	0.58617	0.02480	0.03453	0.07032	0.01671	0.01365	0.00736	0.00573	0.00176	0.00585	0.00561	0.06084	0.00918
6	0.04048	0.00780	0.01276	0.08144	0.01492	0.00783	0.13021	0.01125	0.01075	0.01511	0.01917	0.26776	0.02058	0.10813	0.01291	0.17246	0.00559	0.00959	0.04625	0.00499
7	0.07966	0.01026	0.01193	0.00950	0.01330	0.00993	0.00772	0.15214	0.01690	0.33004	0.01850	0.01811	0.01285	0.00680	0.00520	0.00163	0.00465	0.00532	0.20936	0.07621

[dist]
# distance from previous block
# <min> <max>
3	9

[block]
# block no. 2 follows, 39 sequences, length 7
# corresponding to MSA columns:
# 56-62
name=unknown_C
#
# <colnr> <probs for GDERKNQSTAVLIFYWHMCP>
#	G	D	E	R	K	N	Q	S	T	A	V	L	I	F	Y	W	H	M	C	P
0	0.01348	0.01121	0.01212	0.01081	0.01206	0.10512	0.00810	0.01456	0.01119	0.09451	0.01610	0.11134	0.01652	0.25700	0.01725	0.00324	0.21701	0.00741	0.00387	0.05710
1	0.01545	0.00845	0.01214	0.01021	0.01222	0.00830	0.05918	0.10441	0.01272	0.17516	0.01425	0.01922	0.01185	0.06694	0.01658	0.43189	0.00568	0.00570	0.00411	0.00558
2	0.00976	0.00514	0.00756	0.00779	0.00785	0.00508	0.00520	0.00779	0.00831	0.01108	0.01401	0.14703	0.01510	0.02021	0.02050	0.68964	0.00485	0.00709	0.00306	0.00294
3	0.00960	0.00809	0.01223	0.01095	0.01263	0.00798	0.12748	0.01304	0.10323	0.01614	0.02635	0.34113	0.06929	0.19901	0.01260	0.00305	0.00521	0.01168	0.00468	0.00563
4	0.01424	0.01354	0.01748	0.01433	0.01671	0.10774	0.12498	0.06768	0.01270	0.04453	0.01222	0.01765	0.01092	0.09015	0.13690	0.00360	0.22341	0.00574	0.00338	0.06211
5	0.06150	0.00854	0.01104	0.01020	0.01168	0.01003	0.00798	0.10367	0.01174	0.01734	0.01466	0.02180	0.01366	0.10965	0.47626	0.00699	0.08771	0.00613	0.00353	0.00590
6	0.00887	0.00652	0.00900	0.08367	0.01265	0.00627	0.00713	0.01018	0.01152	0.01564	0.05676	0.41435	0.02908	0.01537	0.00901	0.10575	0.00438	0.08806	0.00465	0.10112

[dist]
# distance from previous block
# <min> <max>
9	41

[block]
# block no. 3 follows, 39 sequences, length 17
# corresponding to MSA columns:
# 109-125
name=unknown_D
#
# <colnr> <probs for GDERKNQSTAVLIFYWHMCP>
#	G	D	E	R	K	N	Q	S	T	A	V	L	I	F	Y	W	H	M	C	P
0	0.01442	0.01144	0.01273	0.00984	0.01434	0.04598	0.00783	0.05367	0.07841	0.08770	0.01350	0.01488	0.01069	0.00888	0.07523	0.00194	0.00593	0.00438	0.00414	0.52408
1	0.01600	0.11830	0.24289	0.01313	0.01849	0.04366	0.01328	0.16260	0.13879	0.07424	0.08636	0.01759	0.01498	0.00701	0.00566	0.00178	0.00655	0.00550	0.00451	0.00867
2	0.16884	0.01111	0.01216	0.00936	0.01381	0.01030	0.00757	0.12207	0.01505	0.10507	0.08038	0.01585	0.01349	0.00602	0.00488	0.00138	0.00465	0.00465	0.00458	0.38878
3	0.16705	0.01132	0.01536	0.45530	0.02930	0.01347	0.01292	0.13371	0.01385	0.02057	0.01068	0.01451	0.00813	0.00703	0.00666	0.05822	0.00685	0.00487	0.00336	0.00684
4	0.01702	0.48310	0.14018	0.01223	0.01783	0.01868	0.06100	0.01996	0.01311	0.14984	0.01158	0.01231	0.00894	0.00555	0.00468	0.00151	0.00671	0.00411	0.00342	0.00824
5	0.01102	0.00551	0.00551	0.00551	0.00689	0.00551	0.00413	0.01378	0.01240	0.02205	0.01929	0.02205	0.01516	0.00689	0.00413	0.00138	0.00276	0.00551	0.82500	0.00551
6	0.01226	0.01051	0.01226	0.00876	0.01401	0.00788	0.00701	0.01489	0.01226	0.01927	0.01051	0.01226	0.00876	0.00438	0.00438	0.00088	0.00438	0.00350	0.00350	0.82832
7	0.01441	0.15847	0.10515	0.02103	0.02707	0.01649	0.50572	0.04550	0.01398	0.01870	0.01124	0.01438	0.00862	0.00514	0.00623	0.00184	0.00906	0.00597	0.00297	0.00806
8	0.01186	0.03059	0.76153	0.01686	0.02560	0.01373	0.02185	0.01873	0.01249	0.01873	0.01061	0.01249	0.00749	0.00562	0.00562	0.00187	0.00874	0.00437	0.00250	0.00874
9	0.01102	0.00551	0.00551	0.00551	0.00689	0.00551	0.00413	0.01378	0.01240	0.02205	0.01929	0.02205	0.01516	0.00689	0.00413	0.00138	0.00276	0.00551	0.82500	0.00551
10	0.01531	0.69823	0.12407	0.01098	0.01651	0.02217	0.01161	0.01784	0.01208	0.01453	0.00853	0.00987	0.00758	0.00513	0.00403	0.00134	0.00663	0.00332	0.00253	0.00774
11	0.01102	0.00551	0.00551	0.00551	0.00689	0.00551	0.00413	0.01378	0.01240	0.02205	0.01929	0.02205	0.01516	0.00689	0.00413	0.00138	0.00276	0.00551	0.82500	0.00551
12	0.01226	0.01051	0.01226	0.00876	0.01401	0.00788	0.00701	0.01489	0.01226	0.01927	0.01051	0.01226	0.00876	0.00438	0.00438	0.00088	0.00438	0.00350	0.00350	0.82832
13	0.01320	0.01107	0.01277	0.00921	0.01441	0.00885	0.00740	0.08130	0.01370	0.02093	0.01085	0.01244	0.00888	0.00463	0.00452	0.00096	0.00458	0.00367	0.00373	0.75291
14	0.02096	0.02409	0.01635	0.01450	0.01782	0.54354	0.01107	0.12331	0.13529	0.01928	0.01224	0.01299	0.00963	0.00654	0.00552	0.00164	0.00913	0.00448	0.00392	0.00770
15	0.00859	0.00578	0.00667	0.00667	0.00675	0.00585	0.00386	0.00874	0.00867	0.01163	0.01843	0.03758	0.02101	0.73789	0.08371	0.00601	0.00647	0.00844	0.00355	0.00371
16	0.01352	0.01126	0.01294	0.00936	0.01455	0.00917	0.00753	0.10354	0.01417	0.02148	0.01096	0.01250	0.00892	0.00471	0.00457	0.00099	0.00464	0.00373	0.00380	0.72766

[dist]
# distance from previous block
# <min> <max>
0	13

[block]
# block no. 4 follows, 39 sequences, length 43
# corresponding to MSA columns:
# 139-181
name=unknown_E
#
# <colnr> <probs for GDERKNQSTAVLIFYWHMCP>
#	G	D	E	R	K	N	Q	S	T	A	V	L	I	F	Y	W	H	M	C	P
0	0.01226	0.01051	0.01226	0.00876	0.01401	0.00788	0.00701	0.01489	0.01226	0.01927	0.01051	0.01226	0.00876	0.00438	0.00438	0.00088	0.00438	0.00350	0.00350	0.82832
1	0.01157	0.00829	0.00946	0.00838	0.00983	0.00854	0.00578	0.15049	0.01272	0.01736	0.01680	0.03005	0.01749	0.49080	0.10854	0.00501	0.00694	0.00730	0.00398	0.07066
2	0.00790	0.00603	0.00725	0.00694	0.00855	0.00538	0.00521	0.01025	0.01562	0.02107	0.51544	0.04853	0.29417	0.01308	0.00698	0.00191	0.00286	0.01131	0.00616	0.00538
3	0.01226	0.01051	0.01226	0.00876	0.01401	0.00788	0.00701	0.01489	0.01226	0.01927	0.01051	0.01226	0.00876	0.00438	0.00438	0.00088	0.00438	0.00350	0.00350	0.82832
4	0.02268	0.01552	0.01701	0.01312	0.01777	0.01688	0.01081	0.60952	0.05806	0.13366	0.01586	0.01534	0.01103	0.00717	0.00592	0.00179	0.00623	0.00547	0.00611	0.01003
5	0.01131	0.01070	0.01777	0.71728	0.03872	0.01353	0.01615	0.01504	0.01160	0.01504	0.01029	0.01554	0.00787	0.00627	0.00699	0.00202	0.06943	0.00525	0.00262	0.00656
6	0.00909	0.00666	0.00891	0.01004	0.01151	0.00649	0.00865	0.01160	0.01359	0.01740	0.03630	0.06500	0.15948	0.01610	0.00796	0.00260	0.00502	0.59280	0.00545	0.00537
7	0.01464	0.01405	0.02400	0.03630	0.75528	0.01405	0.01815	0.01815	0.01347	0.01932	0.01112	0.01464	0.00937	0.00527	0.00585	0.00176	0.00703	0.00527	0.00293	0.00937
8	0.00845	0.00634	0.00950	0.00950	0.01056	0.00739	0.00739	0.01056	0.00950	0.01373	0.01584	0.02323	0.01478	0.04435	0.76873	0.00950	0.01584	0.00634	0.00317	0.00528
9	0.00951	0.00616	0.00813	0.00785	0.00926	0.00565	0.00580	0.01188	0.01559	0.07814	0.54204	0.20197	0.04907	0.01311	0.00702	0.00197	0.00310	0.01164	0.00635	0.00576
10	0.00845	0.00634	0.00950	0.00950	0.01056	0.00739	0.00739	0.01056	0.00950	0.01373	0.01584	0.02323	0.01478	0.04435	0.76873	0.00950	0.01584	0.00634	0.00317	0.00528
11	0.00812	0.00553	0.00659	0.00706	0.00718	0.00542	0.00424	0.00847	0.00953	0.01271	0.02341	0.29503	0.02752	0.52762	0.02239	0.00459	0.00495	0.01141	0.00424	0.00400
12	0.01396	0.01595	0.03490	0.02493	0.03091	0.01496	0.73380	0.01894	0.01396	0.01894	0.01196	0.01595	0.00897	0.00499	0.00698	0.00199	0.00997	0.00698	0.00299	0.00798
13	0.02074	0.02593	0.01696	0.01528	0.01787	0.65755	0.01165	0.02223	0.01562	0.01444	0.00894	0.01100	0.00764	0.00672	0.00741	0.00168	0.12455	0.00401	0.00298	0.00680
14	0.02209	0.02819	0.01676	0.01524	0.01828	0.76843	0.01143	0.02361	0.01676	0.01447	0.00914	0.01066	0.00762	0.00609	0.00533	0.00152	0.01066	0.00381	0.00305	0.00686
15	0.01735	0.01420	0.02831	0.02054	0.02585	0.01339	0.50133	0.02143	0.01454	0.22142	0.01488	0.01695	0.01047	0.00588	0.00728	0.00198	0.04496	0.00661	0.00416	0.00848
16	0.00699	0.00599	0.00599	0.00599	0.00799	0.00499	0.00449	0.00849	0.01348	0.01598	0.05991	0.05691	0.75288	0.01498	0.00699	0.00200	0.00300	0.01248	0.00549	0.00499
17	0.01837	0.01450	0.01734	0.08286	0.12171	0.01610	0.01209	0.36660	0.21945	0.04455	0.01633	0.01666	0.01205	0.00700	0.00594	0.00185	0.00617	0.00569	0.00527	0.00947
18	0.02408	0.01399	0.01616	0.01239	0.01706	0.01452	0.01023	0.45586	0.02350	0.32305	0.01781	0.01655	0.01187	0.00719	0.00593	0.00180	0.00592	0.00557	0.00647	0.01006
19	0.00742	0.00596	0.00664	0.00665	0.00835	0.00517	0.00497	0.00925	0.01417	0.01797	0.23876	0.11198	0.49783	0.01453	0.00706	0.00201	0.00303	0.02736	0.00576	0.00514
20	0.01390	0.01419	0.02641	0.01892	0.02459	0.01282	0.45127	0.06006	0.01422	0.02014	0.01162	0.01463	0.00897	0.00491	0.00606	0.00161	0.00792	0.00573	0.00333	0.27868
21	0.01356	0.35950	0.44749	0.01396	0.02112	0.01789	0.01681	0.01829	0.01228	0.01666	0.00958	0.01120	0.00753	0.00538	0.00483	0.00161	0.00770	0.00385	0.00251	0.00825
22	0.53858	0.01395	0.01183	0.00994	0.01387	0.06606	0.00812	0.21467	0.01553	0.04485	0.01026	0.01117	0.00767	0.00601	0.00444	0.00179	0.00553	0.00389	0.00432	0.00752
23	0.01672	0.00790	0.01052	0.00881	0.01170	0.00700	0.00698	0.01922	0.01669	0.36379	0.38669	0.03357	0.06520	0.01000	0.00650	0.00185	0.00384	0.00857	0.00684	0.00763
24	0.00842	0.00572	0.00680	0.00717	0.00735	0.00565	0.00446	0.00885	0.00954	0.01269	0.02234	0.18103	0.02588	0.58019	0.02398	0.00485	0.00528	0.07172	0.00410	0.00397
25	0.07069	0.52689	0.02393	0.00972	0.01394	0.01885	0.00907	0.07354	0.01406	0.01854	0.15316	0.01661	0.01707	0.00662	0.00457	0.00146	0.00553	0.00480	0.00365	0.00731
26	0.02209	0.02819	0.01676	0.01524	0.01828	0.76843	0.01143	0.02361	0.01676	0.01447	0.00914	0.01066	0.00762	0.00609	0.00533	0.00152	0.01066	0.00381	0.00305	0.00686
27	0.02653	0.01006	0.01372	0.01052	0.01510	0.00869	0.00869	0.02882	0.01693	0.75937	0.02333	0.02013	0.01464	0.00732	0.00595	0.00183	0.00503	0.00595	0.00732	0.01006
28	0.01471	0.01270	0.01337	0.01203	0.01538	0.01471	0.00936	0.03142	0.74459	0.02474	0.02407	0.02206	0.01805	0.00802	0.00602	0.00201	0.00468	0.00669	0.00602	0.00936
29	0.49610	0.01850	0.04500	0.01095	0.01461	0.29370	0.00895	0.01976	0.01266	0.02171	0.00868	0.01013	0.00690	0.00572	0.00437	0.00172	0.00702	0.00348	0.00338	0.00668
30	0.00721	0.00515	0.00686	0.00823	0.00858	0.00480	0.00549	0.00823	0.01132	0.01510	0.03259	0.78831	0.03911	0.01853	0.00755	0.00240	0.00343	0.01681	0.00549	0.00480
31	0.00805	0.00741	0.06287	0.00853	0.00994	0.00579	0.00673	0.01026	0.01374	0.01907	0.34030	0.41130	0.04396	0.01481	0.00716	0.00213	0.00355	0.01327	0.00571	0.00543
32	0.01027	0.00514	0.00770	0.00770	0.00770	0.00514	0.00514	0.00770	0.00770	0.01027	0.01027	0.01798	0.01027	0.02054	0.02311	0.82794	0.00514	0.00514	0.00257	0.00257
33	0.00722	0.00566	0.00654	0.00703	0.00831	0.00498	0.00500	0.00867	0.01297	0.01645	0.12251	0.34410	0.39741	0.01607	0.00721	0.00214	0.00315	0.01400	0.00560	0.00498
34	0.01982	0.00867	0.01189	0.01043	0.01369	0.00780	0.00866	0.02213	0.01546	0.47527	0.02650	0.10083	0.02251	0.01096	0.00674	0.00214	0.00501	0.21665	0.00661	0.00824
35	0.00739	0.00534	0.00704	0.00833	0.00886	0.00499	0.00578	0.00860	0.01165	0.01538	0.03410	0.68211	0.08095	0.01813	0.00757	0.00241	0.00358	0.07743	0.00549	0.00487
36	0.01303	0.01320	0.01958	0.01634	0.01687	0.01784	0.07575	0.01464	0.00948	0.01464	0.00813	0.01320	0.00787	0.00988	0.01832	0.00254	0.71413	0.00533	0.00262	0.00660
37	0.45918	0.01304	0.06217	0.04136	0.01421	0.04656	0.00895	0.03723	0.01083	0.02170	0.00992	0.01381	0.00858	0.07115	0.05357	0.00269	0.11090	0.00434	0.00340	0.00642
38	0.02209	0.02819	0.01676	0.01524	0.01828	0.76843	0.01143	0.02361	0.01676	0.01447	0.00914	0.01066	0.00762	0.00609	0.00533	0.00152	0.01066	0.00381	0.00305	0.00686
39	0.01389	0.01575	0.03375	0.02428	0.02986	0.01517	0.68463	0.01862	0.01362	0.01862	0.01168	0.01575	0.00889	0.00535	0.00783	0.00203	0.06258	0.00686	0.00296	0.00787
40	0.00705	0.00576	0.00623	0.00661	0.00815	0.00494	0.00477	0.00842	0.01289	0.01573	0.05243	0.25714	0.55748	0.01595	0.00714	0.00211	0.00311	0.01367	0.00549	0.00494
41	0.01629	0.01339	0.01357	0.01197	0.01537	0.06532	0.00935	0.06086	0.56554	0.08855	0.05686	0.02181	0.01847	0.00798	0.00601	0.00194	0.00511	0.00655	0.00595	0.00910
42	0.02216	0.01641	0.01757	0.01354	0.01822	0.01819	0.01116	0.70683	0.05705	0.03676	0.01460	0.01452	0.01038	0.00714	0.00592	0.00178	0.00643	0.00538	0.00592	0.01003

[dist]
# distance from previous block
# <min> <max>
0	2

[block]
# block no. 5 follows, 39 sequences, length 169
# corresponding to MSA columns:
# 184-352
name=unknown_F
#
# <colnr> <probs for GDERKNQSTAVLIFYWHMCP>
#	G	D	E	R	K	N	Q	S	T	A	V	L	I	F	Y	W	H	M	C	P
0	0.00817	0.00609	0.00763	0.00739	0.00891	0.00555	0.00564	0.01069	0.01585	0.02170	0.55908	0.04839	0.19693	0.01298	0.00706	0.00195	0.00302	0.06129	0.00623	0.00545
1	0.83394	0.01144	0.00869	0.00778	0.01144	0.01327	0.00640	0.01738	0.01006	0.02653	0.00823	0.00961	0.00640	0.00549	0.00366	0.00183	0.00457	0.00320	0.00366	0.00640
2	0.01314	0.01497	0.11479	0.27828	0.42791	0.01371	0.01805	0.01722	0.01280	0.01786	0.01086	0.01474	0.00864	0.00553	0.00584	0.00184	0.00752	0.00515	0.00277	0.00837
3	0.06133	0.01474	0.07185	0.13382	0.47205	0.01398	0.11064	0.01783	0.01304	0.01907	0.01095	0.01453	0.00882	0.00536	0.00587	0.00183	0.00750	0.00531	0.00291	0.00859
4	0.01277	0.00706	0.00908	0.00800	0.01029	0.00628	0.00620	0.01523	0.01628	0.20941	0.45834	0.04006	0.15474	0.01133	0.00672	0.00187	0.00339	0.00977	0.00656	0.00663
5	0.00860	0.00573	0.00645	0.00645	0.00645	0.00573	0.00358	0.00860	0.00860	0.01147	0.01863	0.03870	0.02150	0.79217	0.03010	0.00573	0.00573	0.00860	0.00358	0.00358
6	0.02041	0.01309	0.01488	0.01197	0.01584	0.01383	0.00964	0.45556	0.02249	0.17856	0.01952	0.16185	0.01648	0.00931	0.00623	0.00190	0.00563	0.00762	0.00612	0.00906
7	0.01453	0.01398	0.02364	0.03500	0.70908	0.01430	0.01782	0.01790	0.01319	0.01900	0.01091	0.01453	0.00927	0.00559	0.00670	0.00181	0.05539	0.00526	0.00291	0.00919
8	0.00735	0.00525	0.00703	0.00840	0.00881	0.00493	0.00575	0.00849	0.01147	0.01526	0.03251	0.74252	0.03879	0.01839	0.00759	0.00242	0.00356	0.06114	0.00549	0.00484
9	0.06347	0.01205	0.01945	0.36648	0.24191	0.01338	0.06077	0.06420	0.01372	0.01932	0.05933	0.01682	0.01157	0.00612	0.00589	0.00188	0.00714	0.00560	0.00327	0.00763
10	0.27400	0.01545	0.01487	0.01302	0.01477	0.16359	0.01058	0.01707	0.01088	0.01816	0.00818	0.01144	0.00731	0.00798	0.01168	0.00214	0.38505	0.00428	0.00302	0.00652
11	0.00721	0.00515	0.00686	0.00823	0.00858	0.00480	0.00549	0.00823	0.01132	0.01510	0.03259	0.78831	0.03911	0.01853	0.00755	0.00240	0.00343	0.01681	0.00549	0.00480
12	0.01279	0.07898	0.66547	0.01632	0.02445	0.06472	0.02041	0.01899	0.01274	0.01814	0.01036	0.01217	0.00751	0.00561	0.00548	0.00181	0.00872	0.00426	0.00254	0.00854
13	0.01117	0.01051	0.01774	0.77795	0.04073	0.01314	0.01642	0.01511	0.01182	0.01511	0.01051	0.01577	0.00788	0.00591	0.00591	0.00197	0.00788	0.00526	0.00263	0.00657
14	0.00719	0.00520	0.00681	0.00809	0.00854	0.00482	0.00543	0.00825	0.01146	0.01515	0.03432	0.74213	0.08418	0.01830	0.00751	0.00238	0.00340	0.01654	0.00549	0.00482
15	0.00846	0.00630	0.00930	0.00930	0.01029	0.00728	0.00714	0.01043	0.00945	0.01358	0.01602	0.02424	0.01522	0.09320	0.72049	0.00926	0.01518	0.00648	0.00320	0.00517
16	0.00744	0.00532	0.00714	0.00851	0.00895	0.00501	0.00590	0.00865	0.01156	0.01536	0.03246	0.71423	0.03859	0.01830	0.00761	0.00243	0.00364	0.08853	0.00549	0.00487
17	0.01573	0.47104	0.02861	0.01410	0.01848	0.09690	0.14596	0.01809	0.01248	0.01495	0.00896	0.01126	0.00787	0.00583	0.00656	0.00160	0.10724	0.00420	0.00268	0.00744
18	0.01359	0.01408	0.01745	0.01513	0.01550	0.09375	0.01244	0.01496	0.00987	0.01423	0.00840	0.01334	0.00818	0.01201	0.06401	0.00290	0.65595	0.00511	0.00267	0.00644
19	0.02209	0.02819	0.01676	0.01524	0.01828	0.76843	0.01143	0.02361	0.01676	0.01447	0.00914	0.01066	0.00762	0.00609	0.00533	0.00152	0.01066	0.00381	0.00305	0.00686
20	0.02209	0.02819	0.01676	0.01524	0.01828	0.76843	0.01143	0.02361	0.01676	0.01447	0.00914	0.01066	0.00762	0.00609	0.00533	0.00152	0.01066	0.00381	0.00305	0.00686
21	0.00721	0.00515	0.00686	0.00823	0.00858	0.00480	0.00549	0.00823	0.01132	0.01510	0.03259	0.78831	0.03911	0.01853	0.00755	0.00240	0.00343	0.01681	0.00549	0.00480
22	0.01471	0.01270	0.01337	0.01203	0.01538	0.01471	0.00936	0.03142	0.74459	0.02474	0.02407	0.02206	0.01805	0.00802	0.00602	0.00201	0.00468	0.00669	0.00602	0.00936
23	0.01385	0.01284	0.06758	0.52949	0.08621	0.01363	0.01577	0.10774	0.01433	0.06494	0.01183	0.01554	0.00866	0.00609	0.00589	0.00192	0.00753	0.00525	0.00335	0.00757
24	0.00859	0.00640	0.00810	0.00873	0.01020	0.00605	0.00717	0.01080	0.01370	0.01766	0.13995	0.05900	0.24099	0.06381	0.00903	0.00258	0.00439	0.37212	0.00549	0.00522
25	0.01226	0.01051	0.01226	0.00876	0.01401	0.00788	0.00701	0.01489	0.01226	0.01927	0.01051	0.01226	0.00876	0.00438	0.00438	0.00088	0.00438	0.00350	0.00350	0.82832
26	0.39140	0.01265	0.01222	0.00997	0.01413	0.01371	0.00814	0.20047	0.08832	0.07463	0.01256	0.01301	0.00931	0.00612	0.00470	0.00171	0.00508	0.00430	0.00468	0.11287
27	0.06728	0.01621	0.01347	0.01077	0.01521	0.25113	0.00838	0.01783	0.01356	0.01820	0.00993	0.01158	0.00825	0.00500	0.00464	0.00114	0.00640	0.00358	0.00337	0.51405
28	0.00721	0.00515	0.00686	0.00823	0.00858	0.00480	0.00549	0.00823	0.01132	0.01510	0.03259	0.78831	0.03911	0.01853	0.00755	0.00240	0.00343	0.01681	0.00549	0.00480
29	0.01226	0.01051	0.01226	0.00876	0.01401	0.00788	0.00701	0.01489	0.01226	0.01927	0.01051	0.01226	0.00876	0.00438	0.00438	0.00088	0.00438	0.00350	0.00350	0.82832
30	0.06333	0.01045	0.01686	0.63886	0.07827	0.01269	0.01522	0.01501	0.01178	0.01608	0.01176	0.06277	0.00979	0.00662	0.00587	0.00198	0.00735	0.00584	0.00289	0.00661
31	0.02084	0.01542	0.01647	0.01292	0.01728	0.01711	0.01058	0.60647	0.11313	0.03483	0.01570	0.01563	0.01133	0.00720	0.00582	0.00178	0.00606	0.00550	0.05624	0.00969
32	0.00721	0.00515	0.00686	0.00823	0.00858	0.00480	0.00549	0.00823	0.01132	0.01510	0.03259	0.78831	0.03911	0.01853	0.00755	0.00240	0.00343	0.01681	0.00549	0.00480
33	0.01159	0.01098	0.01832	0.66335	0.10317	0.01353	0.01636	0.01533	0.01180	0.01543	0.01039	0.01549	0.00801	0.00614	0.00676	0.00199	0.05664	0.00525	0.00265	0.00681
34	0.01312	0.27497	0.52820	0.01470	0.02227	0.01682	0.01810	0.01840	0.01234	0.01719	0.00985	0.01153	0.00752	0.00544	0.00504	0.00168	0.00797	0.00398	0.00251	0.00837
35	0.00719	0.00520	0.00681	0.00809	0.00854	0.00482	0.00543	0.00825	0.01146	0.01515	0.03432	0.74213	0.08418	0.01830	0.00751	0.00238	0.00340	0.01654	0.00549	0.00482
36	0.01227	0.01202	0.01797	0.30319	0.02504	0.01624	0.01425	0.01456	0.01010	0.01456	0.00880	0.01401	0.00781	0.00868	0.01432	0.00235	0.48952	0.00521	0.00260	0.00651
37	0.00732	0.00536	0.00691	0.00811	0.00873	0.00495	0.00561	0.00851	0.01174	0.01537	0.03601	0.65053	0.13000	0.01794	0.00751	0.00237	0.00350	0.05918	0.00549	0.00487
38	0.01797	0.46013	0.04909	0.01188	0.01649	0.17698	0.01079	0.09058	0.05717	0.04419	0.01054	0.01141	0.00870	0.00575	0.00459	0.00145	0.00719	0.00385	0.00334	0.00791
39	0.01353	0.01322	0.01672	0.01443	0.01499	0.06274	0.01180	0.05977	0.01072	0.01551	0.00946	0.01510	0.00919	0.05758	0.07172	0.00315	0.58560	0.00538	0.00293	0.00647
40	0.02209	0.02819	0.01676	0.01524	0.01828	0.76843	0.01143	0.02361	0.01676	0.01447	0.00914	0.01066	0.00762	0.00609	0.00533	0.00152	0.01066	0.00381	0.00305	0.00686
41	0.01363	0.01467	0.03012	0.07544	0.16995	0.01416	0.50458	0.01813	0.01370	0.01869	0.01290	0.01880	0.01052	0.00580	0.00677	0.00199	0.00899	0.05006	0.00311	0.00800
42	0.00699	0.00599	0.00599	0.00599	0.00799	0.00499	0.00449	0.00849	0.01348	0.01598	0.05991	0.05691	0.75288	0.01498	0.00699	0.00200	0.00300	0.01248	0.00549	0.00499
43	0.07357	0.01943	0.20474	0.01390	0.01949	0.01647	0.01345	0.45395	0.06411	0.04316	0.01362	0.01401	0.00970	0.00667	0.00570	0.00182	0.00681	0.00503	0.00493	0.00944
44	0.01262	0.01311	0.06335	0.43253	0.33019	0.01354	0.01744	0.01655	0.01253	0.01703	0.01077	0.01512	0.00846	0.00563	0.00587	0.00188	0.00758	0.00521	0.00274	0.00783
45	0.00831	0.00597	0.00774	0.00743	0.00867	0.00554	0.00545	0.01080	0.01586	0.02237	0.65782	0.09349	0.05252	0.06177	0.00847	0.00214	0.00302	0.01097	0.00626	0.00540
46	0.01355	0.01054	0.01214	0.00930	0.01379	0.00907	0.00741	0.06143	0.10203	0.07050	0.06351	0.01903	0.06194	0.00636	0.00511	0.00127	0.00440	0.00520	0.00453	0.51890
47	0.01813	0.01938	0.01488	0.01251	0.01634	0.36468	0.00964	0.13058	0.01672	0.01957	0.01182	0.06028	0.01032	0.00649	0.00526	0.00141	0.00759	0.00476	0.00379	0.26585
48	0.02244	0.02378	0.01597	0.01414	0.01750	0.57687	0.01078	0.02510	0.06433	0.15469	0.01277	0.01318	0.00961	0.00645	0.00549	0.00161	0.00922	0.00440	0.00404	0.00762
49	0.02263	0.16058	0.06467	0.01113	0.01600	0.01275	0.01000	0.07085	0.05854	0.48321	0.01913	0.01737	0.01276	0.00681	0.00552	0.00173	0.00558	0.00532	0.00594	0.00947
50	0.00747	0.00526	0.00678	0.00790	0.00818	0.00498	0.00513	0.00830	0.01081	0.01441	0.02997	0.64754	0.03581	0.16381	0.01178	0.00303	0.00386	0.01527	0.00513	0.00457
51	0.01211	0.07914	0.71517	0.01643	0.02493	0.01435	0.02111	0.01866	0.01246	0.01842	0.01046	0.01230	0.00750	0.00558	0.00550	0.00183	0.00859	0.00429	0.00250	0.00867
52	0.78191	0.01172	0.01035	0.00886	0.01267	0.01337	0.05256	0.01748	0.01031	0.02605	0.00847	0.01001	0.00657	0.00546	0.00387	0.00184	0.00492	0.00344	0.00362	0.00650
53	0.00795	0.00568	0.00771	0.00908	0.00975	0.00544	0.00678	0.00952	0.01205	0.01593	0.03218	0.55783	0.03749	0.01783	0.00775	0.00250	0.00407	0.23996	0.00548	0.00501
54	0.01261	0.17535	0.62331	0.01558	0.02362	0.01556	0.01963	0.01854	0.01240	0.01782	0.01016	0.01192	0.00751	0.00551	0.00527	0.00176	0.00828	0.00414	0.00250	0.00852
55	0.02209	0.02819	0.01676	0.01524	0.01828	0.76843	0.01143	0.02361	0.01676	0.01447	0.00914	0.01066	0.00762	0.00609	0.00533	0.00152	0.01066	0.00381	0.00305	0.00686
56	0.00721	0.00515	0.00686	0.00823	0.00858	0.00480	0.00549	0.00823	0.01132	0.01510	0.03259	0.78831	0.03911	0.01853	0.00755	0.00240	0.00343	0.01681	0.00549	0.00480
57	0.01471	0.01270	0.01337	0.01203	0.01538	0.01471	0.00936	0.03142	0.74459	0.02474	0.02407	0.02206	0.01805	0.00802	0.00602	0.00201	0.00468	0.00669	0.00602	0.00936
58	0.01961	0.00892	0.01123	0.00916	0.01284	0.00786	0.00739	0.02248	0.05796	0.47940	0.03506	0.03199	0.25062	0.00981	0.00628	0.00189	0.00436	0.00808	0.00666	0.00840
59	0.00721	0.00515	0.00686	0.00823	0.00858	0.00480	0.00549	0.00823	0.01132	0.01510	0.03259	0.78831	0.03911	0.01853	0.00755	0.00240	0.00343	0.01681	0.00549	0.00480
60	0.00866	0.00669	0.00989	0.00981	0.01075	0.00792	0.00763	0.01064	0.00960	0.01385	0.01643	0.07362	0.01595	0.04041	0.66898	0.00858	0.06501	0.00696	0.00329	0.00533
61	0.00721	0.00515	0.00686	0.00823	0.00858	0.00480	0.00549	0.00823	0.01132	0.01510	0.03259	0.78831	0.03911	0.01853	0.00755	0.00240	0.00343	0.01681	0.00549	0.00480
62	0.01453	0.01522	0.02435	0.01892	0.02169	0.06038	0.28493	0.06797	0.01269	0.01767	0.00989	0.01403	0.00838	0.00785	0.01294	0.00224	0.39021	0.00579	0.00300	0.00732
63	0.01395	0.25747	0.06902	0.01392	0.01611	0.03526	0.01259	0.01579	0.01035	0.01442	0.00811	0.01179	0.00769	0.00832	0.01339	0.00211	0.47566	0.00447	0.00257	0.00697
64	0.02209	0.02819	0.01676	0.01524	0.01828	0.76843	0.01143	0.02361	0.01676	0.01447	0.00914	0.01066	0.00762	0.00609	0.00533	0.00152	0.01066	0.00381	0.00305	0.00686
65	0.01655	0.03371	0.37049	0.01594	0.02260	0.01289	0.12917	0.06885	0.01475	0.20687	0.01442	0.01540	0.00996	0.00739	0.03257	0.00213	0.00806	0.00529	0.00405	0.00890
66	0.00729	0.00584	0.00652	0.00669	0.00826	0.00507	0.00489	0.00895	0.01370	0.01729	0.18720	0.19057	0.48677	0.01509	0.00709	0.00205	0.00304	0.01295	0.00569	0.00507
67	0.01444	0.01471	0.02688	0.02003	0.02485	0.01489	0.45723	0.06554	0.19646	0.02108	0.01520	0.01805	0.01170	0.03358	0.00793	0.00214	0.03632	0.00680	0.00393	0.00824
68	0.01311	0.27227	0.53078	0.01473	0.02231	0.01679	0.01814	0.01841	0.01234	0.01721	0.00986	0.01154	0.00752	0.00544	0.00504	0.00168	0.00798	0.00399	0.00251	0.00838
69	0.00873	0.00658	0.00820	0.00806	0.00967	0.00626	0.00629	0.01217	0.06116	0.02155	0.47724	0.04853	0.16209	0.01300	0.00711	0.00203	0.00338	0.12611	0.00614	0.00570
70	0.74779	0.01173	0.00936	0.00829	0.01197	0.01356	0.00679	0.04719	0.05875	0.02685	0.00951	0.01061	0.00731	0.00572	0.00390	0.00184	0.00466	0.00352	0.00390	0.00674
71	0.02016	0.01552	0.01580	0.01278	0.01684	0.07670	0.01030	0.43060	0.17672	0.08335	0.06578	0.01800	0.01493	0.00756	0.00596	0.00181	0.00610	0.00589	0.00585	0.00935
72	0.07778	0.01479	0.01596	0.01239	0.01695	0.04249	0.01020	0.45972	0.02311	0.24216	0.01623	0.01546	0.01103	0.00702	0.00575	0.00179	0.00611	0.00531	0.00606	0.00970
73	0.00832	0.00593	0.00801	0.00921	0.01001	0.00574	0.00708	0.01010	0.01240	0.01642	0.06766	0.40342	0.03680	0.06207	0.00909	0.00270	0.00438	0.31019	0.00541	0.00504
74	0.01342	0.01281	0.02181	0.29563	0.50542	0.01373	0.01755	0.01709	0.01289	0.01785	0.01091	0.01503	0.00885	0.00549	0.00587	0.00183	0.00733	0.00526	0.00282	0.00839
75	0.66473	0.01127	0.00982	0.00841	0.01226	0.01248	0.00693	0.03269	0.01170	0.16686	0.01123	0.01170	0.00805	0.00587	0.00414	0.00183	0.00470	0.00377	0.00440	0.00717
76	0.00721	0.00515	0.00686	0.00823	0.00858	0.00480	0.00549	0.00823	0.01132	0.01510	0.03259	0.78831	0.03911	0.01853	0.00755	0.00240	0.00343	0.01681	0.00549	0.00480
77	0.01346	0.01331	0.02086	0.38130	0.36089	0.05999	0.03198	0.01708	0.01291	0.01705	0.01073	0.01495	0.00856	0.00561	0.00587	0.00185	0.00771	0.00521	0.00280	0.00788
78	0.02248	0.01656	0.01775	0.01361	0.01834	0.01834	0.01124	0.73556	0.02780	0.03727	0.01420	0.01420	0.01006	0.00710	0.00592	0.00177	0.00651	0.00532	0.00592	0.01006
79	0.00721	0.00515	0.00686	0.00823	0.00858	0.00480	0.00549	0.00823	0.01132	0.01510	0.03259	0.78831	0.03911	0.01853	0.00755	0.00240	0.00343	0.01681	0.00549	0.00480
80	0.00959	0.00810	0.00855	0.00807	0.01041	0.00812	0.00616	0.01602	0.24335	0.01971	0.13629	0.04436	0.43401	0.01243	0.00668	0.00198	0.00350	0.01044	0.00579	0.00644
81	0.00761	0.00567	0.00763	0.00875	0.00909	0.00568	0.00604	0.00869	0.01122	0.01509	0.03100	0.72499	0.03703	0.01797	0.00831	0.00242	0.05259	0.02998	0.00531	0.00492
82	0.00858	0.00550	0.00735	0.00840	0.00904	0.00508	0.00572	0.00970	0.01172	0.06815	0.03193	0.73355	0.03737	0.01773	0.00743	0.00236	0.00355	0.01604	0.00562	0.00518
83	0.01534	0.70364	0.11891	0.01093	0.01643	0.02224	0.01153	0.01783	0.01207	0.01449	0.00851	0.00985	0.00758	0.00513	0.00401	0.00134	0.00662	0.00331	0.00253	0.00773
84	0.00736	0.00546	0.00688	0.00775	0.00857	0.00498	0.00539	0.00874	0.01248	0.01644	0.13146	0.53795	0.17745	0.01697	0.00738	0.00226	0.00330	0.02859	0.00562	0.00495
85	0.02248	0.01656	0.01775	0.01361	0.01834	0.01834	0.01124	0.73556	0.02780	0.03727	0.01420	0.01420	0.01006	0.00710	0.00592	0.00177	0.00651	0.00532	0.00592	0.01006
86	0.11625	0.01242	0.01196	0.06202	0.01476	0.16702	0.00894	0.05897	0.01236	0.01703	0.01304	0.01786	0.01149	0.02667	0.41631	0.00591	0.01224	0.00528	0.00334	0.00613
87	0.02209	0.02819	0.01676	0.01524	0.01828	0.76843	0.01143	0.02361	0.01676	0.01447	0.00914	0.01066	0.00762	0.00609	0.00533	0.00152	0.01066	0.00381	0.00305	0.00686
88	0.01360	0.05898	0.02276	0.02071	0.15802	0.01713	0.13358	0.01596	0.01088	0.01596	0.00912	0.01356	0.00826	0.00819	0.01387	0.00226	0.46175	0.00538	0.00272	0.00733
89	0.00721	0.00515	0.00686	0.00823	0.00858	0.00480	0.00549	0.00823	0.01132	0.01510	0.03259	0.78831	0.03911	0.01853	0.00755	0.00240	0.00343	0.01681	0.00549	0.00480
90	0.01199	0.01115	0.01761	0.49315	0.16985	0.01297	0.01509	0.01727	0.10302	0.01715	0.01553	0.01902	0.05808	0.00665	0.00598	0.00194	0.00701	0.00591	0.00329	0.00734
91	0.01379	0.01310	0.02180	0.21634	0.53339	0.01387	0.01717	0.01825	0.05945	0.01863	0.01180	0.01538	0.00956	0.00560	0.00588	0.00182	0.00709	0.00536	0.00305	0.00868
92	0.00821	0.00592	0.00776	0.00755	0.00880	0.00547	0.00557	0.01075	0.01598	0.02250	0.65074	0.14905	0.05345	0.01300	0.00706	0.00194	0.00288	0.01156	0.00637	0.00547
93	0.01226	0.01051	0.01226	0.00876	0.01401	0.00788	0.00701	0.01489	0.01226	0.01927	0.01051	0.01226	0.00876	0.00438	0.00438	0.00088	0.00438	0.00350	0.00350	0.82832
94	0.01588	0.59901	0.12387	0.01268	0.06348	0.02065	0.01206	0.01855	0.01247	0.06067	0.00964	0.01085	0.00812	0.00528	0.00429	0.00141	0.00660	0.00362	0.00284	0.00800
95	0.47669	0.01208	0.01157	0.00946	0.01359	0.01301	0.00779	0.15428	0.01484	0.16824	0.01238	0.01264	0.00881	0.00607	0.00457	0.00176	0.00501	0.00414	0.00477	0.05828
96	0.00729	0.00518	0.00684	0.00812	0.00844	0.00486	0.00537	0.00826	0.01115	0.01487	0.03172	0.74149	0.03801	0.06684	0.00896	0.00261	0.00357	0.01630	0.00537	0.00473
97	0.01226	0.01051	0.01226	0.00876	0.01401	0.00788	0.00701	0.01489	0.01226	0.01927	0.01051	0.01226	0.00876	0.00438	0.00438	0.00088	0.00438	0.00350	0.00350	0.82832
98	0.12201	0.06249	0.16099	0.01269	0.01784	0.01543	0.01212	0.34593	0.03243	0.08811	0.01533	0.01679	0.03339	0.00709	0.00557	0.00182	0.00639	0.02986	0.00486	0.00887
99	0.02098	0.01231	0.06183	0.01201	0.01586	0.01153	0.01045	0.13531	0.01667	0.40823	0.01917	0.02109	0.01389	0.01044	0.05465	0.00245	0.10538	0.05303	0.00581	0.00892
100	0.00721	0.00515	0.00686	0.00823	0.00858	0.00480	0.00549	0.00823	0.01132	0.01510	0.03259	0.78831	0.03911	0.01853	0.00755	0.00240	0.00343	0.01681	0.00549	0.00480
101	0.01227	0.02393	0.48104	0.01635	0.02180	0.01539	0.01849	0.01703	0.01119	0.01703	0.00954	0.01266	0.00759	0.00740	0.01082	0.00214	0.30024	0.00467	0.00253	0.00788
102	0.01396	0.01595	0.03490	0.02493	0.03091	0.01496	0.73380	0.01894	0.01396	0.01894	0.01196	0.01595	0.00897	0.00499	0.00698	0.00199	0.00997	0.00698	0.00299	0.00798
103	0.00744	0.00529	0.00700	0.00829	0.00867	0.00499	0.00562	0.00851	0.01129	0.01502	0.03160	0.69378	0.03764	0.06892	0.00906	0.00264	0.00371	0.06039	0.00536	0.00476
104	0.00845	0.00634	0.00950	0.00950	0.01056	0.00739	0.00739	0.01056	0.00950	0.01373	0.01584	0.02323	0.01478	0.04435	0.76873	0.00950	0.01584	0.00634	0.00317	0.00528
105	0.00797	0.00570	0.00774	0.00911	0.00979	0.00547	0.00683	0.00956	0.01208	0.01596	0.03217	0.54947	0.03743	0.01780	0.00775	0.00251	0.00410	0.24805	0.00548	0.00502
106	0.01212	0.08166	0.71277	0.01641	0.02490	0.01438	0.02107	0.01866	0.01245	0.01841	0.01045	0.01229	0.00750	0.00558	0.00550	0.00183	0.00858	0.00429	0.00250	0.00866
107	0.01352	0.01173	0.01541	0.01325	0.01440	0.01502	0.01079	0.15203	0.01274	0.01838	0.01147	0.01710	0.01063	0.06818	0.18042	0.00414	0.41498	0.00568	0.00342	0.00671
108	0.02209	0.02819	0.01676	0.01524	0.01828	0.76843	0.01143	0.02361	0.01676	0.01447	0.00914	0.01066	0.00762	0.00609	0.00533	0.00152	0.01066	0.00381	0.00305	0.00686
109	0.02074	0.02044	0.01772	0.01514	0.03123	0.36940	0.05678	0.16101	0.01771	0.11225	0.01221	0.01359	0.00935	0.00810	0.03364	0.00202	0.08185	0.00481	0.00409	0.00790
110	0.00770	0.00596	0.00701	0.00687	0.00845	0.00528	0.00511	0.00982	0.01499	0.01984	0.40844	0.09665	0.35511	0.01374	0.00702	0.00195	0.00292	0.01185	0.00601	0.00528
111	0.06824	0.25488	0.01731	0.01033	0.01321	0.09822	0.00869	0.06038	0.01224	0.01610	0.01225	0.01681	0.01121	0.05802	0.31219	0.00488	0.01049	0.00490	0.00318	0.00647
112	0.01961	0.01502	0.01544	0.01274	0.01676	0.06320	0.01021	0.32366	0.32638	0.10401	0.01894	0.01787	0.01372	0.00745	0.00592	0.00186	0.00585	0.00586	0.00592	0.00956
113	0.00798	0.00593	0.00744	0.00733	0.00870	0.00539	0.00543	0.01030	0.01537	0.02103	0.51510	0.14209	0.18614	0.01354	0.00707	0.00197	0.00296	0.02469	0.00617	0.00537
114	0.01226	0.01051	0.01226	0.00876	0.01401	0.00788	0.00701	0.01489	0.01226	0.01927	0.01051	0.01226	0.00876	0.00438	0.00438	0.00088	0.00438	0.00350	0.00350	0.82832
115	0.01593	0.50151	0.21351	0.01217	0.01800	0.06702	0.01307	0.01908	0.01276	0.06492	0.00989	0.01103	0.00804	0.00542	0.00450	0.00147	0.00712	0.00369	0.00287	0.00800
116	0.12035	0.17472	0.10920	0.01275	0.01772	0.09731	0.01172	0.34110	0.01943	0.02662	0.01130	0.01211	0.00854	0.00621	0.00511	0.00166	0.00694	0.00435	0.00424	0.00861
117	0.00850	0.00614	0.00853	0.00853	0.00925	0.00686	0.00618	0.00993	0.00922	0.01301	0.01673	0.02817	0.01693	0.28320	0.53282	0.00830	0.01261	0.00706	0.00330	0.00474
118	0.00815	0.00555	0.00658	0.00702	0.00713	0.00544	0.00419	0.00848	0.00947	0.01263	0.02309	0.27812	0.02713	0.54507	0.02290	0.00467	0.00500	0.01122	0.00419	0.00397
119	0.11916	0.01263	0.01710	0.43330	0.12854	0.06372	0.01423	0.06150	0.01346	0.06568	0.01125	0.01467	0.00844	0.00595	0.00558	0.00187	0.00727	0.00495	0.00333	0.00738
120	0.46755	0.01182	0.01390	0.01246	0.05733	0.01307	0.10163	0.06167	0.01226	0.02385	0.03860	0.06198	0.03808	0.00720	0.00583	0.00193	0.05463	0.00550	0.00388	0.00684
121	0.01675	0.01102	0.01259	0.01045	0.01326	0.01164	0.00805	0.32918	0.01877	0.11540	0.06455	0.07405	0.01856	0.20565	0.06027	0.00330	0.00629	0.00737	0.00534	0.00752
122	0.01466	0.01139	0.01313	0.00970	0.01472	0.00970	0.00781	0.10920	0.06030	0.07026	0.01267	0.01364	0.00989	0.00515	0.00478	0.00112	0.00471	0.00410	0.00422	0.61885
123	0.01454	0.01505	0.02551	0.12179	0.43658	0.06452	0.19830	0.01835	0.01361	0.01839	0.01113	0.01484	0.00897	0.00533	0.00611	0.00183	0.00812	0.00560	0.00292	0.00851
124	0.00721	0.00515	0.00686	0.00823	0.00858	0.00480	0.00549	0.00823	0.01132	0.01510	0.03259	0.78831	0.03911	0.01853	0.00755	0.00240	0.00343	0.01681	0.00549	0.00480
125	0.01018	0.00991	0.01921	0.01559	0.01841	0.00927	0.32626	0.01295	0.01248	0.01679	0.02351	0.44813	0.02584	0.01256	0.00730	0.00222	0.00631	0.01248	0.00439	0.00620
126	0.00845	0.00634	0.00950	0.00950	0.01056	0.00739	0.00739	0.01056	0.00950	0.01373	0.01584	0.02323	0.01478	0.04435	0.76873	0.00950	0.01584	0.00634	0.00317	0.00528
127	0.00829	0.00602	0.00769	0.00728	0.00863	0.00555	0.00539	0.01083	0.01603	0.02246	0.66188	0.04467	0.09922	0.06020	0.00840	0.00211	0.00298	0.01068	0.00626	0.00542
128	0.01117	0.01051	0.01774	0.77795	0.04073	0.01314	0.01642	0.01511	0.01182	0.01511	0.01051	0.01577	0.00788	0.00591	0.00591	0.00197	0.00788	0.00526	0.00263	0.00657
129	0.00804	0.00578	0.00764	0.00883	0.00959	0.00553	0.00661	0.00958	0.01202	0.01575	0.03297	0.45835	0.08136	0.06923	0.00922	0.00270	0.00421	0.24230	0.00535	0.00494
130	0.02326	0.01531	0.01697	0.01301	0.01771	0.01648	0.01075	0.59941	0.02571	0.17638	0.01596	0.01534	0.01094	0.00714	0.00592	0.00179	0.00622	0.00544	0.00619	0.01006
131	0.01347	0.01382	0.01804	0.01551	0.01569	0.06156	0.01285	0.01478	0.00950	0.01425	0.00784	0.01281	0.00775	0.01010	0.01859	0.00253	0.73672	0.00510	0.00261	0.00649
132	0.02209	0.02819	0.01676	0.01524	0.01828	0.76843	0.01143	0.02361	0.01676	0.01447	0.00914	0.01066	0.00762	0.00609	0.00533	0.00152	0.01066	0.00381	0.00305	0.00686
133	0.01743	0.01641	0.11123	0.06302	0.02100	0.01530	0.10313	0.41831	0.02105	0.02844	0.01557	0.11242	0.01315	0.00802	0.00622	0.00191	0.00692	0.00687	0.00486	0.00874
134	0.00721	0.00515	0.00686	0.00823	0.00858	0.00480	0.00549	0.00823	0.01132	0.01510	0.03259	0.78831	0.03911	0.01853	0.00755	0.00240	0.00343	0.01681	0.00549	0.00480
135	0.01470	0.01279	0.01407	0.01362	0.06371	0.01467	0.00993	0.03056	0.69684	0.02438	0.02322	0.02158	0.01749	0.00784	0.00601	0.00199	0.00483	0.00659	0.00582	0.00936
136	0.02015	0.26612	0.02121	0.01359	0.01732	0.50981	0.01101	0.04765	0.01569	0.01513	0.00904	0.01043	0.00770	0.00581	0.00488	0.00145	0.00917	0.00366	0.00299	0.00720
137	0.01811	0.07070	0.09089	0.02196	0.25461	0.30349	0.03970	0.09633	0.01608	0.01896	0.01049	0.01259	0.00847	0.00579	0.00555	0.00166	0.00858	0.00456	0.00323	0.00826
138	0.83394	0.01144	0.00869	0.00778	0.01144	0.01327	0.00640	0.01738	0.01006	0.02653	0.00823	0.00961	0.00640	0.00549	0.00366	0.00183	0.00457	0.00320	0.00366	0.00640
139	0.00719	0.00552	0.00660	0.00734	0.00837	0.00492	0.00512	0.00851	0.01247	0.01596	0.08715	0.46539	0.31066	0.01679	0.00730	0.00222	0.00323	0.01479	0.00555	0.00492
140	0.02013	0.01096	0.01473	0.01094	0.01586	0.00931	0.05398	0.06170	0.01558	0.39378	0.01728	0.01657	0.01181	0.00605	0.00542	0.00148	0.00518	0.00506	0.00553	0.31865
141	0.07139	0.01421	0.01696	0.06170	0.01916	0.01534	0.05874	0.37688	0.13080	0.12088	0.01592	0.01597	0.01134	0.00685	0.00581	0.00181	0.00617	0.00551	0.00547	0.03909
142	0.02209	0.02819	0.01676	0.01524	0.01828	0.76843	0.01143	0.02361	0.01676	0.01447	0.00914	0.01066	0.00762	0.00609	0.00533	0.00152	0.01066	0.00381	0.00305	0.00686
143	0.01479	0.01226	0.01300	0.01163	0.01496	0.01395	0.00907	0.04227	0.65990	0.05110	0.02611	0.02403	0.06368	0.00842	0.00607	0.00199	0.00462	0.00700	0.00603	0.00913
144	0.00860	0.00573	0.00645	0.00645	0.00645	0.00573	0.00358	0.00860	0.00860	0.01147	0.01863	0.03870	0.02150	0.79217	0.03010	0.00573	0.00573	0.00860	0.00358	0.00358
145	0.02209	0.02819	0.01676	0.01524	0.01828	0.76843	0.01143	0.02361	0.01676	0.01447	0.00914	0.01066	0.00762	0.00609	0.00533	0.00152	0.01066	0.00381	0.00305	0.00686
146	0.01804	0.01297	0.01371	0.01121	0.01472	0.06291	0.00898	0.32535	0.06727	0.12543	0.20478	0.02529	0.06557	0.00884	0.00622	0.00181	0.00533	0.00716	0.00604	0.00838
147	0.02149	0.01607	0.01719	0.01341	0.01796	0.01788	0.01100	0.64559	0.11939	0.03567	0.01546	0.01520	0.01108	0.00722	0.00593	0.00180	0.00627	0.00550	0.00593	0.00997
148	0.28120	0.01470	0.01460	0.01165	0.01596	0.01651	0.00959	0.46541	0.06364	0.03312	0.01287	0.01319	0.00935	0.00664	0.00520	0.00181	0.00578	0.00473	0.00520	0.00885
149	0.00718	0.00525	0.00675	0.00795	0.00850	0.00483	0.00536	0.00827	0.01160	0.01521	0.03608	0.69501	0.13017	0.01807	0.00748	0.00235	0.00338	0.01626	0.00549	0.00483
150	0.00764	0.00554	0.00721	0.00780	0.00864	0.00511	0.00547	0.00937	0.01352	0.01844	0.30943	0.46130	0.08683	0.01586	0.00730	0.00217	0.00316	0.01422	0.00588	0.00511
