[name]
unknown

[dist]
# distance from previous block
# <min> <max>
33	159

[block]
# block no. 0 follows, 41 sequences, length 12
# corresponding to MSA columns:
# 239-250
name=unknown_A
#
# <colnr> <probs for GDERKNQSTAVLIFYWHMCP>
#	G	D	E	R	K	N	Q	S	T	A	V	L	I	F	Y	W	H	M	C	P
0	0.01258	0.01121	0.01394	0.01080	0.01424	0.01129	0.00881	0.05167	0.01165	0.01798	0.00950	0.01216	0.00823	0.00621	0.00894	0.00142	0.25406	0.00399	0.00323	0.52808
1	0.01362	0.00717	0.00891	0.00793	0.01052	0.00626	0.00628	0.01558	0.01457	0.27415	0.14691	0.07219	0.31909	0.01177	0.00652	0.00192	0.00373	0.06024	0.00606	0.00662
2	0.00721	0.00570	0.00649	0.00652	0.00806	0.00499	0.00481	0.00900	0.01377	0.01772	0.27814	0.14746	0.44175	0.01404	0.00683	0.00194	0.00289	0.01207	0.00562	0.00499
3	0.83938	0.01106	0.00841	0.00752	0.01106	0.01283	0.00619	0.01681	0.00973	0.02566	0.00796	0.00929	0.00619	0.00531	0.00354	0.00177	0.00442	0.00310	0.00354	0.00619
4	0.27535	0.01045	0.01076	0.00817	0.01276	0.00928	0.00659	0.01517	0.01118	0.02088	0.00947	0.01104	0.00775	0.00458	0.00401	0.00114	0.00430	0.00330	0.00344	0.57038
5	0.28476	0.01016	0.01172	0.00933	0.01347	0.00982	0.00770	0.02435	0.01426	0.53113	0.01792	0.01623	0.01162	0.00652	0.00505	0.00177	0.00473	0.00491	0.00595	0.00861
6	0.27202	0.00691	0.00720	0.00782	0.00918	0.00725	0.00559	0.01078	0.01056	0.01812	0.02402	0.54499	0.02776	0.01390	0.00610	0.00215	0.00367	0.01207	0.00475	0.00514
7	0.01626	0.01003	0.01231	0.00901	0.01389	0.00787	0.00730	0.01869	0.01330	0.25701	0.01411	0.01428	0.01028	0.00514	0.00472	0.00114	0.00444	0.00414	0.00456	0.57151
8	0.27535	0.01045	0.01076	0.00817	0.01276	0.00928	0.00659	0.01517	0.01118	0.02088	0.00947	0.01104	0.00775	0.00458	0.00401	0.00114	0.00430	0.00330	0.00344	0.57038
9	0.57469	0.00940	0.00816	0.00742	0.01026	0.01046	0.00594	0.01490	0.01179	0.02480	0.24751	0.01994	0.02141	0.00734	0.00456	0.00178	0.00388	0.00540	0.00442	0.00594
10	0.00832	0.00555	0.00624	0.00624	0.00624	0.00555	0.00347	0.00832	0.00832	0.01109	0.01802	0.03743	0.02080	0.79898	0.02911	0.00555	0.00555	0.00832	0.00347	0.00347
11	0.00836	0.00757	0.00906	0.09349	0.05490	0.02565	0.00715	0.01017	0.01257	0.01540	0.04362	0.09600	0.50935	0.01281	0.00726	0.00198	0.04673	0.02793	0.00466	0.00536

[dist]
# distance from previous block
# <min> <max>
0	1

[block]
# block no. 1 follows, 41 sequences, length 6
# corresponding to MSA columns:
# 252-257
name=unknown_B
#
# <colnr> <probs for GDERKNQSTAVLIFYWHMCP>
#	G	D	E	R	K	N	Q	S	T	A	V	L	I	F	Y	W	H	M	C	P
0	0.01411	0.01474	0.01932	0.34865	0.31510	0.15829	0.01561	0.01732	0.01296	0.01607	0.01014	0.01389	0.00813	0.00551	0.00559	0.00174	0.00782	0.00482	0.00273	0.00745
1	0.01843	0.07696	0.10205	0.07037	0.01800	0.01329	0.01104	0.27730	0.01821	0.21325	0.01699	0.10918	0.01361	0.00785	0.00572	0.00179	0.00591	0.00637	0.00514	0.00852
2	0.01601	0.10933	0.14895	0.01207	0.01674	0.01193	0.06850	0.02140	0.13639	0.22560	0.01867	0.07930	0.03149	0.00734	0.00556	0.00174	0.00571	0.00621	0.02425	0.05280
3	0.01454	0.11022	0.02473	0.04100	0.02205	0.10191	0.33939	0.07589	0.01387	0.01805	0.01143	0.01468	0.00916	0.00860	0.06759	0.00235	0.05782	0.00553	0.05396	0.00722
4	0.01494	0.16660	0.12844	0.10973	0.29797	0.10754	0.01520	0.06254	0.01368	0.01765	0.01004	0.01255	0.00815	0.00538	0.00520	0.00162	0.00739	0.00442	0.00286	0.00809
5	0.01767	0.16624	0.16998	0.01309	0.01827	0.06188	0.01255	0.34541	0.09640	0.02566	0.01267	0.01314	0.00945	0.00625	0.00526	0.00165	0.00675	0.00462	0.00429	0.00877

[dist]
# distance from previous block
# <min> <max>
13	33

[block]
# block no. 2 follows, 41 sequences, length 31
# corresponding to MSA columns:
# 295-325
name=unknown_C
#
# <colnr> <probs for GDERKNQSTAVLIFYWHMCP>
#	G	D	E	R	K	N	Q	S	T	A	V	L	I	F	Y	W	H	M	C	P
0	0.00720	0.00581	0.00640	0.00626	0.00800	0.00502	0.00469	0.00906	0.01407	0.01791	0.28874	0.05100	0.52865	0.01357	0.00676	0.00189	0.00283	0.01150	0.00564	0.00502
1	0.00735	0.00582	0.00662	0.00642	0.00809	0.00508	0.00481	0.00936	0.01444	0.01878	0.37033	0.04957	0.44651	0.01324	0.00675	0.00187	0.00281	0.01130	0.00575	0.00508
2	0.83938	0.01106	0.00841	0.00752	0.01106	0.01283	0.00619	0.01681	0.00973	0.02566	0.00796	0.00929	0.00619	0.00531	0.00354	0.00177	0.00442	0.00310	0.00354	0.00619
3	0.01186	0.01017	0.01186	0.00847	0.01356	0.00762	0.00678	0.01440	0.01186	0.01864	0.01017	0.01186	0.00847	0.00424	0.00424	0.00085	0.00424	0.00339	0.00339	0.83395
4	0.00931	0.00650	0.00896	0.01019	0.01151	0.00650	0.00887	0.01195	0.01309	0.01740	0.02951	0.06166	0.03171	0.01520	0.00764	0.00255	0.00509	0.67713	0.05997	0.00527
5	0.01186	0.01017	0.01186	0.00847	0.01356	0.00762	0.00678	0.01440	0.01186	0.01864	0.01017	0.01186	0.00847	0.00424	0.00424	0.00085	0.00424	0.00339	0.00339	0.83395
6	0.02333	0.01037	0.01339	0.01028	0.01473	0.00929	0.00844	0.07906	0.05233	0.59657	0.02061	0.01831	0.01338	0.00679	0.00559	0.00167	0.00489	0.00549	0.00652	0.09897
7	0.01437	0.01497	0.07133	0.13360	0.49831	0.05099	0.01646	0.06611	0.04352	0.01922	0.01125	0.01424	0.00904	0.00547	0.00564	0.00173	0.00707	0.00503	0.00308	0.00857
8	0.76497	0.01273	0.07681	0.00831	0.01229	0.01287	0.00754	0.01693	0.00994	0.02498	0.00817	0.00954	0.00629	0.00532	0.00371	0.00177	0.00479	0.00320	0.00344	0.00640
9	0.01186	0.01017	0.01186	0.00847	0.01356	0.00762	0.00678	0.01440	0.01186	0.01864	0.01017	0.01186	0.00847	0.00424	0.00424	0.00085	0.00424	0.00339	0.00339	0.83395
10	0.00828	0.00587	0.00740	0.00705	0.00839	0.00538	0.00519	0.01055	0.01501	0.03645	0.57651	0.07287	0.13336	0.07240	0.00846	0.00212	0.00301	0.01053	0.00594	0.00524
11	0.07324	0.12284	0.16103	0.01483	0.01949	0.34847	0.10285	0.04512	0.01438	0.01683	0.01044	0.01209	0.02278	0.00572	0.00516	0.00160	0.00866	0.00427	0.00296	0.00724
12	0.01325	0.19737	0.01602	0.01023	0.01303	0.01342	0.00859	0.19508	0.01416	0.01894	0.01326	0.01759	0.01171	0.04799	0.37789	0.00533	0.01059	0.00522	0.00359	0.00674
13	0.02036	0.03663	0.01649	0.01310	0.01708	0.19434	0.01053	0.45626	0.11243	0.02858	0.01372	0.01391	0.01017	0.00670	0.00552	0.00167	0.00694	0.00492	0.02190	0.00877
14	0.00806	0.00588	0.00760	0.00726	0.00865	0.00542	0.00551	0.01067	0.01583	0.02214	0.67675	0.04463	0.10114	0.01208	0.00680	0.00185	0.00284	0.04536	0.00618	0.00535
15	0.01737	0.01118	0.01320	0.01213	0.05070	0.01189	0.00907	0.02781	0.45074	0.25238	0.02289	0.06136	0.01711	0.00796	0.00587	0.00190	0.00468	0.00670	0.00604	0.00903
16	0.01408	0.01269	0.06508	0.05427	0.03746	0.01255	0.08562	0.03767	0.40635	0.08560	0.02089	0.10835	0.01705	0.00822	0.00604	0.00195	0.00546	0.00728	0.00509	0.00830
17	0.01219	0.17476	0.63045	0.01508	0.02286	0.01504	0.01900	0.01793	0.01199	0.01724	0.00983	0.01153	0.00726	0.00533	0.00510	0.00170	0.00801	0.00401	0.00242	0.00824
18	0.00805	0.00559	0.00616	0.00616	0.00649	0.00542	0.00362	0.00830	0.00912	0.01183	0.02481	0.04042	0.14657	0.66567	0.02531	0.00493	0.00510	0.00896	0.00378	0.00370
19	0.01188	0.11118	0.69128	0.01561	0.02369	0.01427	0.01994	0.01801	0.01203	0.01762	0.01002	0.01177	0.00726	0.00538	0.00525	0.00175	0.00821	0.00410	0.00242	0.00834
20	0.01280	0.01232	0.02090	0.30702	0.42886	0.01356	0.03580	0.01624	0.01217	0.01686	0.01034	0.01448	0.00842	0.00565	0.00661	0.00184	0.06046	0.00513	0.00270	0.00785
21	0.01080	0.01017	0.01716	0.78523	0.03940	0.01271	0.01589	0.01461	0.01144	0.01461	0.01017	0.01525	0.00762	0.00572	0.00572	0.00191	0.00762	0.00508	0.00254	0.00635
22	0.02511	0.00986	0.01326	0.01025	0.01461	0.00869	0.00844	0.02800	0.05205	0.73125	0.02260	0.01956	0.01432	0.00711	0.00576	0.00178	0.00485	0.00579	0.00702	0.00970
23	0.01285	0.01438	0.04556	0.07374	0.02831	0.01341	0.60810	0.01705	0.01286	0.01740	0.01192	0.03807	0.00951	0.00627	0.00770	0.05704	0.00899	0.00674	0.00290	0.00720
24	0.01110	0.01059	0.01824	0.71057	0.07726	0.01284	0.04937	0.01494	0.01162	0.01500	0.01026	0.01520	0.00775	0.00564	0.00576	0.00190	0.00767	0.00516	0.00257	0.00656
25	0.00922	0.00658	0.00922	0.01053	0.01185	0.00658	0.00922	0.01185	0.01317	0.01712	0.03029	0.06452	0.03292	0.01580	0.00790	0.00263	0.00527	0.72480	0.00527	0.00527
26	0.01416	0.01359	0.02322	0.03511	0.76330	0.01359	0.01755	0.01755	0.01302	0.01869	0.01076	0.01416	0.00906	0.00510	0.00566	0.00170	0.00680	0.00510	0.00283	0.00906
27	0.01225	0.15968	0.59524	0.01572	0.02339	0.01495	0.06701	0.01796	0.01209	0.01734	0.00996	0.01181	0.00736	0.00530	0.00522	0.00172	0.00814	0.00420	0.00245	0.00822
28	0.01416	0.01359	0.02322	0.03511	0.76330	0.01359	0.01755	0.01755	0.01302	0.01869	0.01076	0.01416	0.00906	0.00510	0.00566	0.00170	0.00680	0.00510	0.00283	0.00906
29	0.00697	0.00498	0.00664	0.00796	0.00830	0.00465	0.00531	0.00796	0.01095	0.01460	0.03153	0.79525	0.03783	0.01792	0.00730	0.00232	0.00332	0.01626	0.00531	0.00465
30	0.01344	0.01153	0.01222	0.01116	0.01414	0.01320	0.00861	0.02799	0.67329	0.02296	0.02521	0.07542	0.04808	0.00872	0.00596	0.00197	0.00438	0.00735	0.00577	0.00859

[dist]
# distance from previous block
# <min> <max>
4	6

[block]
# block no. 3 follows, 41 sequences, length 23
# corresponding to MSA columns:
# 332-354
name=unknown_D
#
# <colnr> <probs for GDERKNQSTAVLIFYWHMCP>
#	G	D	E	R	K	N	Q	S	T	A	V	L	I	F	Y	W	H	M	C	P
0	0.01906	0.01410	0.01554	0.01202	0.01663	0.01395	0.00963	0.42446	0.02122	0.06213	0.01478	0.04499	0.01174	0.00722	0.00581	0.00168	0.00582	0.00540	0.00536	0.28845
1	0.01521	0.01678	0.11809	0.05057	0.55517	0.04339	0.01746	0.01944	0.06496	0.01980	0.01272	0.01597	0.01049	0.00622	0.00616	0.00196	0.00740	0.00542	0.00342	0.00941
2	0.01318	0.01178	0.01476	0.01145	0.01568	0.04674	0.09487	0.01645	0.06100	0.02067	0.16018	0.02064	0.01917	0.00694	0.00573	0.00151	0.00533	0.00580	0.00446	0.46366
3	0.00886	0.00688	0.00785	0.00781	0.00954	0.00597	0.00574	0.01030	0.01419	0.01863	0.22811	0.17477	0.37181	0.01458	0.00729	0.00217	0.00357	0.04987	0.00585	0.04620
4	0.01575	0.01200	0.01372	0.03446	0.05073	0.01290	0.00955	0.09851	0.40773	0.08498	0.10884	0.06787	0.03721	0.00938	0.00653	0.00212	0.00505	0.00765	0.00607	0.00894
5	0.01080	0.01017	0.01716	0.78523	0.03940	0.01271	0.01589	0.01461	0.01144	0.01461	0.01017	0.01525	0.00762	0.00572	0.00572	0.00191	0.00762	0.00508	0.00254	0.00635
6	0.01172	0.07871	0.72235	0.01589	0.02412	0.01388	0.02041	0.01805	0.01205	0.01782	0.01012	0.01189	0.00725	0.00540	0.00532	0.00177	0.00830	0.00415	0.00242	0.00838
7	0.02035	0.01522	0.01632	0.01281	0.01710	0.01691	0.01048	0.63148	0.11925	0.03387	0.01547	0.03752	0.01154	0.00730	0.00578	0.00176	0.00598	0.00564	0.00572	0.00949
8	0.00994	0.00497	0.00745	0.00745	0.00745	0.00497	0.00497	0.00745	0.00745	0.00994	0.00994	0.01739	0.00994	0.01987	0.02235	0.83358	0.00497	0.00497	0.00248	0.00248
9	0.00922	0.00658	0.00922	0.01053	0.01185	0.00658	0.00922	0.01185	0.01317	0.01712	0.03029	0.06452	0.03292	0.01580	0.00790	0.00263	0.00527	0.72480	0.00527	0.00527
10	0.01423	0.01229	0.01293	0.01164	0.01487	0.01423	0.00905	0.03039	0.75297	0.02393	0.02328	0.02134	0.01746	0.00776	0.00582	0.00194	0.00453	0.00647	0.00582	0.00905
11	0.01165	0.06602	0.73449	0.01600	0.02428	0.01372	0.02060	0.01807	0.01205	0.01789	0.01016	0.01194	0.00725	0.00541	0.00535	0.00178	0.00834	0.00417	0.00242	0.00840
12	0.00697	0.00498	0.00664	0.00796	0.00830	0.00465	0.00531	0.00796	0.01095	0.01460	0.03153	0.79525	0.03783	0.01792	0.00730	0.00232	0.00332	0.01626	0.00531	0.00465
13	0.01186	0.01017	0.01186	0.00847	0.01356	0.00762	0.00678	0.01440	0.01186	0.01864	0.01017	0.01186	0.00847	0.00424	0.00424	0.00085	0.00424	0.00339	0.00339	0.83395
14	0.01237	0.01015	0.01191	0.00854	0.01359	0.00765	0.00684	0.01490	0.01203	0.04632	0.01062	0.01214	0.00868	0.00434	0.00429	0.00088	0.00426	0.00348	0.00353	0.80347
15	0.01147	0.02959	0.76934	0.01630	0.02476	0.01328	0.02113	0.01811	0.01208	0.01811	0.01026	0.01208	0.00725	0.00543	0.00543	0.00181	0.00845	0.00423	0.00242	0.00845
16	0.00801	0.00572	0.00783	0.00916	0.00995	0.00555	0.00712	0.00977	0.01198	0.01577	0.03095	0.45615	0.03555	0.01694	0.00758	0.00247	0.00422	0.34506	0.00529	0.00493
17	0.01403	0.01389	0.02479	0.03179	0.58217	0.01379	0.16000	0.01833	0.04931	0.01887	0.01153	0.01476	0.00940	0.00517	0.00588	0.00176	0.00725	0.00549	0.00299	0.00879
18	0.09587	0.39436	0.03821	0.01154	0.01516	0.10457	0.01041	0.06947	0.01259	0.03156	0.00872	0.01057	0.00757	0.00625	0.00703	0.00162	0.16064	0.00374	0.00295	0.00718
19	0.00810	0.00560	0.00628	0.00625	0.00659	0.00544	0.00371	0.00848	0.00947	0.01247	0.07450	0.04005	0.11772	0.64419	0.02471	0.00482	0.00501	0.00894	0.00390	0.00377
20	0.83938	0.01106	0.00841	0.00752	0.01106	0.01283	0.00619	0.01681	0.00973	0.02566	0.00796	0.00929	0.00619	0.00531	0.00354	0.00177	0.00442	0.00310	0.00354	0.00619
21	0.00703	0.00500	0.00662	0.00789	0.00821	0.00469	0.00523	0.00798	0.01084	0.01445	0.03094	0.76216	0.03709	0.05202	0.00825	0.00246	0.00342	0.01591	0.00523	0.00459
22	0.78208	0.01234	0.06108	0.00813	0.01201	0.01286	0.00723	0.01690	0.00990	0.02514	0.00812	0.00948	0.00627	0.00532	0.00367	0.00177	0.00470	0.00318	0.00346	0.00635

[dist]
# distance from previous block
# <min> <max>
0	2

[block]
# block no. 4 follows, 41 sequences, length 31
# corresponding to MSA columns:
# 357-387
name=unknown_E
#
# <colnr> <probs for GDERKNQSTAVLIFYWHMCP>
#	G	D	E	R	K	N	Q	S	T	A	V	L	I	F	Y	W	H	M	C	P
0	0.01525	0.01006	0.01221	0.00889	0.01381	0.00782	0.00718	0.01771	0.01297	0.20258	0.01321	0.01373	0.00987	0.00493	0.00461	0.00107	0.00439	0.00397	0.00430	0.63143
1	0.01080	0.01017	0.01716	0.78523	0.03940	0.01271	0.01589	0.01461	0.01144	0.01461	0.01017	0.01525	0.00762	0.00572	0.00572	0.00191	0.00762	0.00508	0.00254	0.00635
2	0.01562	0.01315	0.01319	0.01175	0.01505	0.06795	0.00915	0.02966	0.64352	0.08080	0.02220	0.02041	0.01649	0.00757	0.00577	0.00189	0.00496	0.00621	0.00571	0.00893
3	0.00832	0.00555	0.00624	0.00624	0.00624	0.00555	0.00347	0.00832	0.00832	0.01109	0.01802	0.03743	0.02080	0.79898	0.02911	0.00555	0.00555	0.00832	0.00347	0.00347
4	0.01416	0.01359	0.02322	0.03511	0.76330	0.01359	0.01755	0.01755	0.01302	0.01869	0.01076	0.01416	0.00906	0.00510	0.00566	0.00170	0.00680	0.00510	0.00283	0.00906
5	0.01163	0.01101	0.01865	0.60092	0.21726	0.01292	0.01630	0.01534	0.01183	0.01561	0.01031	0.01498	0.00798	0.00557	0.00570	0.00186	0.00742	0.00509	0.00261	0.00702
6	0.01584	0.01380	0.02076	0.61452	0.15512	0.01511	0.01744	0.01812	0.01448	0.01949	0.01473	0.02103	0.01214	0.00858	0.00759	0.00268	0.00882	0.00650	0.00416	0.00909
7	0.02414	0.01082	0.01378	0.01071	0.01506	0.01019	0.00880	0.12642	0.08119	0.60294	0.02141	0.01884	0.01383	0.00711	0.00575	0.00178	0.00503	0.00573	0.00678	0.00967
8	0.21775	0.54128	0.06511	0.00974	0.01444	0.04302	0.00957	0.01728	0.01133	0.01673	0.00811	0.00940	0.00705	0.00506	0.00378	0.00140	0.00596	0.00315	0.00273	0.00710
9	0.04857	0.45835	0.08821	0.01005	0.01515	0.01720	0.00984	0.01735	0.05732	0.01629	0.00964	0.01084	0.00819	0.00497	0.00409	0.00125	0.00569	0.00345	0.00293	0.21060
10	0.04634	0.01621	0.16404	0.07443	0.47380	0.01351	0.01685	0.01871	0.08525	0.01912	0.01175	0.01434	0.00933	0.00547	0.00555	0.00176	0.00685	0.00498	0.00306	0.00866
11	0.02063	0.01777	0.01686	0.01410	0.05000	0.17002	0.01091	0.51485	0.02306	0.02960	0.01236	0.01293	0.00913	0.00641	0.00550	0.00160	0.00698	0.00473	0.00487	0.06768
12	0.57848	0.01199	0.01196	0.06772	0.13593	0.04271	0.00902	0.01750	0.01093	0.05568	0.00925	0.01099	0.00716	0.00540	0.00420	0.00176	0.00529	0.00370	0.00348	0.00684
13	0.01529	0.80242	0.02997	0.00979	0.01468	0.02263	0.00979	0.01713	0.01162	0.01346	0.00795	0.00918	0.00734	0.00489	0.00367	0.00122	0.00612	0.00306	0.00245	0.00734
14	0.01088	0.01017	0.01678	0.73000	0.03756	0.01235	0.01524	0.01460	0.01147	0.01490	0.01017	0.01501	0.00769	0.00561	0.00561	0.00183	0.00738	0.00496	0.00260	0.06521
15	0.02174	0.01602	0.01717	0.01316	0.01774	0.01774	0.01087	0.74423	0.02689	0.03605	0.01373	0.01373	0.00973	0.00687	0.00572	0.00172	0.00629	0.00515	0.00572	0.00973
16	0.00753	0.00588	0.00686	0.00676	0.00839	0.00521	0.00517	0.00961	0.01442	0.01884	0.36247	0.05038	0.39766	0.01337	0.00684	0.00193	0.00299	0.06485	0.00574	0.00511
17	0.00981	0.00505	0.00758	0.00758	0.00765	0.00512	0.00512	0.00765	0.00758	0.01017	0.01032	0.01775	0.01025	0.02151	0.07597	0.77496	0.00570	0.00505	0.00253	0.00267
18	0.01423	0.01229	0.01293	0.01164	0.01487	0.01423	0.00905	0.03039	0.75297	0.02393	0.02328	0.02134	0.01746	0.00776	0.00582	0.00194	0.00453	0.00647	0.00582	0.00905
19	0.01529	0.80242	0.02997	0.00979	0.01468	0.02263	0.00979	0.01713	0.01162	0.01346	0.00795	0.00918	0.00734	0.00489	0.00367	0.00122	0.00612	0.00306	0.00245	0.00734
20	0.01400	0.01202	0.01276	0.01159	0.01473	0.01387	0.00906	0.02954	0.71874	0.02361	0.02360	0.02334	0.01818	0.00813	0.00592	0.00197	0.00456	0.03970	0.00579	0.00888
21	0.01186	0.01017	0.01186	0.00847	0.01356	0.00762	0.00678	0.01440	0.01186	0.01864	0.01017	0.01186	0.00847	0.00424	0.00424	0.00085	0.00424	0.00339	0.00339	0.83395
22	0.02566	0.00973	0.01327	0.01018	0.01460	0.00841	0.00841	0.02788	0.01637	0.76726	0.02257	0.01947	0.01416	0.00708	0.00575	0.00177	0.00487	0.00575	0.00708	0.00973
23	0.01501	0.74438	0.08550	0.01028	0.01544	0.02193	0.01064	0.01720	0.01166	0.01381	0.00813	0.00939	0.00733	0.00493	0.00380	0.00127	0.00629	0.00315	0.00244	0.00742
24	0.01080	0.01017	0.01716	0.78523	0.03940	0.01271	0.01589	0.01461	0.01144	0.01461	0.01017	0.01525	0.00762	0.00572	0.00572	0.00191	0.00762	0.00508	0.00254	0.00635
25	0.01147	0.02959	0.76934	0.01630	0.02476	0.01328	0.02113	0.01811	0.01208	0.01811	0.01026	0.01208	0.00725	0.00543	0.00543	0.00181	0.00845	0.00423	0.00242	0.00845
26	0.01119	0.01067	0.01833	0.69147	0.10022	0.01285	0.04499	0.01501	0.01165	0.01511	0.01027	0.01516	0.00779	0.00563	0.00576	0.00189	0.00764	0.00515	0.00258	0.00664
27	0.01404	0.01355	0.02334	0.05572	0.72268	0.01359	0.03771	0.01749	0.01299	0.01856	0.01077	0.01422	0.00901	0.00511	0.00569	0.00171	0.00690	0.00514	0.00282	0.00895
28	0.02324	0.00912	0.01242	0.00989	0.01379	0.00792	0.00801	0.02530	0.01567	0.66985	0.02373	0.11988	0.01722	0.00848	0.00595	0.00184	0.00467	0.00711	0.00685	0.00908
29	0.01368	0.01459	0.06393	0.13447	0.51933	0.03536	0.10024	0.01742	0.01290	0.01792	0.01069	0.01423	0.00867	0.00519	0.00577	0.00175	0.00742	0.00520	0.00278	0.00844
30	0.01308	0.02677	0.62870	0.01611	0.02340	0.01314	0.01917	0.01833	0.01402	0.02075	0.12702	0.01970	0.01645	0.00781	0.00654	0.00220	0.00818	0.00586	0.00376	0.00901

[dist]
# distance from previous block
# <min> <max>
0	207

# created by:
# /software/SequenceAnalysis/GenePrediction/augustus/3.0.1/scripts/msa2prfl.pl ./fixed/BUSCOvEOG79W3W1.fas
