[name]
unknown

[dist]
# distance from previous block
# <min> <max>
7	253

[block]
# block no. 0 follows, 41 sequences, length 130
# corresponding to MSA columns:
# 256-385
name=unknown_A
#
# <colnr> <probs for GDERKNQSTAVLIFYWHMCP>
#	G	D	E	R	K	N	Q	S	T	A	V	L	I	F	Y	W	H	M	C	P
0	0.00696	0.00501	0.00660	0.00788	0.00827	0.00465	0.00527	0.00797	0.01103	0.01464	0.03258	0.76570	0.06670	0.01778	0.00728	0.00231	0.00330	0.01609	0.00531	0.00465
1	0.01398	0.01203	0.01272	0.01146	0.01462	0.01387	0.00891	0.02961	0.72356	0.02389	0.05270	0.02219	0.01892	0.00792	0.00586	0.00193	0.00445	0.00662	0.00584	0.00891
2	0.80620	0.01086	0.00844	0.00759	0.01103	0.01260	0.00623	0.01655	0.00971	0.02517	0.00826	0.00982	0.00652	0.00681	0.03439	0.00207	0.00486	0.00322	0.00352	0.00615
3	0.09119	0.01471	0.01581	0.01227	0.01669	0.01608	0.01011	0.57113	0.04993	0.12271	0.01465	0.01432	0.01024	0.00679	0.00554	0.00174	0.00590	0.00510	0.00570	0.00941
4	0.01416	0.01359	0.02322	0.03511	0.76330	0.01359	0.01755	0.01755	0.01302	0.01869	0.01076	0.01416	0.00906	0.00510	0.00566	0.00170	0.00680	0.00510	0.00283	0.00906
5	0.00918	0.00657	0.00922	0.01048	0.01179	0.00661	0.00913	0.01179	0.01301	0.01696	0.02969	0.06284	0.03218	0.01688	0.03857	0.00290	0.00567	0.69611	0.00518	0.00526
6	0.02174	0.01602	0.01717	0.01316	0.01774	0.01774	0.01087	0.74423	0.02689	0.03605	0.01373	0.01373	0.00973	0.00687	0.00572	0.00172	0.00629	0.00515	0.00572	0.00973
7	0.02135	0.01579	0.01695	0.01297	0.01757	0.01733	0.01071	0.71509	0.02629	0.03535	0.01359	0.01366	0.00968	0.00676	0.00566	0.00168	0.00621	0.00508	0.00563	0.04263
8	0.02174	0.01602	0.01717	0.01316	0.01774	0.01774	0.01087	0.74423	0.02689	0.03605	0.01373	0.01373	0.00973	0.00687	0.00572	0.00172	0.00629	0.00515	0.00572	0.00973
9	0.01155	0.02902	0.73998	0.01661	0.02496	0.01333	0.04993	0.01812	0.01213	0.01812	0.01032	0.01221	0.00730	0.00541	0.00549	0.00182	0.00850	0.00433	0.00243	0.00842
10	0.01147	0.02959	0.76934	0.01630	0.02476	0.01328	0.02113	0.01811	0.01208	0.01811	0.01026	0.01208	0.00725	0.00543	0.00543	0.00181	0.00845	0.00423	0.00242	0.00845
11	0.01193	0.12129	0.68161	0.01553	0.02356	0.01439	0.01979	0.01800	0.01202	0.01756	0.00999	0.01173	0.00726	0.00537	0.00522	0.00174	0.00818	0.00409	0.00242	0.00832
12	0.02174	0.01602	0.01717	0.01316	0.01774	0.01774	0.01087	0.74423	0.02689	0.03605	0.01373	0.01373	0.00973	0.00687	0.00572	0.00172	0.00629	0.00515	0.00572	0.00973
13	0.01416	0.01359	0.02322	0.03511	0.76330	0.01359	0.01755	0.01755	0.01302	0.01869	0.01076	0.01416	0.00906	0.00510	0.00566	0.00170	0.00680	0.00510	0.00283	0.00906
14	0.00676	0.00579	0.00579	0.00579	0.00773	0.00483	0.00435	0.00821	0.01304	0.01545	0.05794	0.05505	0.76098	0.01449	0.00676	0.00193	0.00290	0.01207	0.00531	0.00483
15	0.01529	0.80242	0.02997	0.00979	0.01468	0.02263	0.00979	0.01713	0.01162	0.01346	0.00795	0.00918	0.00734	0.00489	0.00367	0.00122	0.00612	0.00306	0.00245	0.00734
16	0.00697	0.00498	0.00664	0.00796	0.00830	0.00465	0.00531	0.00796	0.01095	0.01460	0.03153	0.79525	0.03783	0.01792	0.00730	0.00232	0.00332	0.01626	0.00531	0.00465
17	0.00697	0.00498	0.00664	0.00796	0.00830	0.00465	0.00531	0.00796	0.01095	0.01460	0.03153	0.79525	0.03783	0.01792	0.00730	0.00232	0.00332	0.01626	0.00531	0.00465
18	0.01529	0.80242	0.02997	0.00979	0.01468	0.02263	0.00979	0.01713	0.01162	0.01346	0.00795	0.00918	0.00734	0.00489	0.00367	0.00122	0.00612	0.00306	0.00245	0.00734
19	0.01296	0.01151	0.01786	0.57340	0.11967	0.01362	0.01527	0.13310	0.01412	0.01856	0.01081	0.01488	0.00813	0.00583	0.00571	0.00185	0.00731	0.00510	0.00309	0.00721
20	0.01480	0.01378	0.02211	0.03230	0.67626	0.04021	0.01652	0.01805	0.01323	0.04967	0.01116	0.01415	0.00919	0.00517	0.00559	0.00166	0.00674	0.00501	0.00303	0.04136
21	0.04656	0.02753	0.68190	0.01597	0.02397	0.01312	0.04562	0.01845	0.01220	0.04782	0.01070	0.01237	0.00752	0.00547	0.00541	0.00181	0.00819	0.00433	0.00266	0.00838
22	0.01521	0.78561	0.04606	0.00993	0.01490	0.02243	0.01003	0.01715	0.01163	0.01356	0.00800	0.00924	0.00734	0.00491	0.00371	0.00124	0.00617	0.00308	0.00245	0.00736
23	0.00810	0.00585	0.00765	0.00720	0.00855	0.00540	0.00540	0.01079	0.01619	0.02294	0.76028	0.04273	0.05397	0.01169	0.00675	0.00180	0.00270	0.01034	0.00630	0.00540
24	0.01407	0.01350	0.02306	0.05464	0.74445	0.01357	0.01751	0.01748	0.01298	0.01858	0.01074	0.01419	0.00902	0.00511	0.00566	0.00170	0.00682	0.00510	0.00282	0.00899
25	0.01416	0.01359	0.02322	0.03511	0.76330	0.01359	0.01755	0.01755	0.01302	0.01869	0.01076	0.01416	0.00906	0.00510	0.00566	0.00170	0.00680	0.00510	0.00283	0.00906
26	0.01416	0.01359	0.02322	0.03511	0.76330	0.01359	0.01755	0.01755	0.01302	0.01869	0.01076	0.01416	0.00906	0.00510	0.00566	0.00170	0.00680	0.00510	0.00283	0.00906
27	0.00697	0.00498	0.00664	0.00796	0.00830	0.00465	0.00531	0.00796	0.01095	0.01460	0.03153	0.79525	0.03783	0.01792	0.00730	0.00232	0.00332	0.01626	0.00531	0.00465
28	0.01416	0.01359	0.02322	0.03511	0.76330	0.01359	0.01755	0.01755	0.01302	0.01869	0.01076	0.01416	0.00906	0.00510	0.00566	0.00170	0.00680	0.00510	0.00283	0.00906
29	0.01401	0.01344	0.02295	0.06869	0.73090	0.01355	0.01748	0.01742	0.01295	0.01850	0.01073	0.01421	0.00900	0.00512	0.00567	0.00171	0.00683	0.00510	0.00282	0.00894
30	0.02566	0.00973	0.01327	0.01018	0.01460	0.00841	0.00841	0.02788	0.01637	0.76726	0.02257	0.01947	0.01416	0.00708	0.00575	0.00177	0.00487	0.00575	0.00708	0.00973
31	0.00832	0.00555	0.00624	0.00624	0.00624	0.00555	0.00347	0.00832	0.00832	0.01109	0.01802	0.03743	0.02080	0.79898	0.02911	0.00555	0.00555	0.00832	0.00347	0.00347
32	0.01066	0.00533	0.00533	0.00533	0.00666	0.00533	0.00400	0.01333	0.01200	0.02132	0.01866	0.02132	0.01466	0.00666	0.00400	0.00133	0.00267	0.00533	0.83073	0.00533
33	0.01147	0.02959	0.76934	0.01630	0.02476	0.01328	0.02113	0.01811	0.01208	0.01811	0.01026	0.01208	0.00725	0.00543	0.00543	0.00181	0.00845	0.00423	0.00242	0.00845
34	0.01186	0.01017	0.01186	0.00847	0.01356	0.00762	0.00678	0.01440	0.01186	0.01864	0.01017	0.01186	0.00847	0.00424	0.00424	0.00085	0.00424	0.00339	0.00339	0.83395
35	0.83938	0.01106	0.00841	0.00752	0.01106	0.01283	0.00619	0.01681	0.00973	0.02566	0.00796	0.00929	0.00619	0.00531	0.00354	0.00177	0.00442	0.00310	0.00354	0.00619
36	0.02137	0.02726	0.01621	0.01474	0.01768	0.77602	0.01105	0.02284	0.01621	0.01400	0.00884	0.01031	0.00737	0.00589	0.00516	0.00147	0.01031	0.00368	0.00295	0.00663
37	0.00768	0.00583	0.00707	0.00676	0.00829	0.00522	0.00507	0.00998	0.01520	0.02059	0.54015	0.04659	0.27557	0.01257	0.00675	0.00184	0.00276	0.01089	0.00599	0.00522
38	0.01188	0.08581	0.65404	0.01608	0.02382	0.01420	0.04909	0.01787	0.01197	0.01760	0.01003	0.01201	0.00732	0.00556	0.00590	0.00180	0.04005	0.00427	0.00244	0.00825
39	0.02072	0.02591	0.01591	0.01446	0.01743	0.70708	0.01087	0.02352	0.08288	0.01490	0.01015	0.01131	0.00828	0.00606	0.00522	0.00152	0.00979	0.00394	0.00321	0.00685
40	0.02137	0.02726	0.01621	0.01474	0.01768	0.77602	0.01105	0.02284	0.01621	0.01400	0.00884	0.01031	0.00737	0.00589	0.00516	0.00147	0.01031	0.00368	0.00295	0.00663
41	0.83938	0.01106	0.00841	0.00752	0.01106	0.01283	0.00619	0.01681	0.00973	0.02566	0.00796	0.00929	0.00619	0.00531	0.00354	0.00177	0.00442	0.00310	0.00354	0.00619
42	0.00801	0.00580	0.00756	0.00721	0.00852	0.00535	0.00537	0.01060	0.01586	0.02236	0.70913	0.08259	0.06597	0.01207	0.00678	0.00183	0.00273	0.01069	0.00623	0.00535
43	0.00697	0.00498	0.00664	0.00796	0.00830	0.00465	0.00531	0.00796	0.01095	0.01460	0.03153	0.79525	0.03783	0.01792	0.00730	0.00232	0.00332	0.01626	0.00531	0.00465
44	0.02200	0.01561	0.01691	0.01297	0.01753	0.01713	0.01071	0.69767	0.02621	0.08357	0.01431	0.01411	0.01002	0.00688	0.00572	0.00172	0.00620	0.00519	0.00581	0.00973
45	0.00832	0.00555	0.00624	0.00624	0.00624	0.00555	0.00347	0.00832	0.00832	0.01109	0.01802	0.03743	0.02080	0.79898	0.02911	0.00555	0.00555	0.00832	0.00347	0.00347
46	0.00710	0.00581	0.00626	0.00615	0.00793	0.00497	0.00461	0.00886	0.01383	0.01733	0.23443	0.05195	0.58332	0.01378	0.00676	0.00190	0.00285	0.01164	0.00556	0.00497
47	0.01381	0.01323	0.02259	0.11328	0.68786	0.01350	0.01738	0.01725	0.01286	0.01826	0.01070	0.01427	0.00891	0.00516	0.00567	0.00172	0.00688	0.00510	0.00280	0.00878
48	0.01208	0.01188	0.01669	0.01444	0.01454	0.01649	0.01198	0.01341	0.00880	0.01372	0.00829	0.01350	0.00818	0.01328	0.09413	0.00317	0.71159	0.00512	0.00256	0.00614
49	0.00810	0.00585	0.00765	0.00720	0.00855	0.00540	0.00540	0.01079	0.01619	0.02294	0.76028	0.04273	0.05397	0.01169	0.00675	0.00180	0.00270	0.01034	0.00630	0.00540
50	0.00702	0.00501	0.00668	0.00793	0.00831	0.00468	0.00531	0.00808	0.01117	0.01495	0.06186	0.76393	0.03850	0.01766	0.00728	0.00230	0.00329	0.01601	0.00535	0.00468
51	0.00832	0.00555	0.00624	0.00624	0.00624	0.00555	0.00347	0.00832	0.00832	0.01109	0.01802	0.03743	0.02080	0.79898	0.02911	0.00555	0.00555	0.00832	0.00347	0.00347
52	0.01186	0.01017	0.01186	0.00847	0.01356	0.00762	0.00678	0.01440	0.01186	0.01864	0.01017	0.01186	0.00847	0.00424	0.00424	0.00085	0.00424	0.00339	0.00339	0.83395
53	0.00697	0.00498	0.00664	0.00796	0.00830	0.00465	0.00531	0.00796	0.01095	0.01460	0.03153	0.79525	0.03783	0.01792	0.00730	0.00232	0.00332	0.01626	0.00531	0.00465
54	0.01396	0.01381	0.02224	0.11731	0.56498	0.04793	0.04620	0.01722	0.01270	0.01765	0.01041	0.01404	0.00870	0.00554	0.00662	0.00178	0.06264	0.00509	0.00278	0.00839
55	0.15114	0.01512	0.01571	0.01221	0.01662	0.01679	0.01009	0.61594	0.02398	0.04791	0.01298	0.01314	0.00925	0.00662	0.00538	0.00173	0.00597	0.00484	0.00540	0.00917
56	0.04493	0.02884	0.73859	0.01595	0.02420	0.01327	0.02053	0.01806	0.01198	0.01842	0.01017	0.01196	0.00720	0.00543	0.00536	0.00181	0.00829	0.00418	0.00246	0.00836
57	0.00832	0.00555	0.00624	0.00624	0.00624	0.00555	0.00347	0.00832	0.00832	0.01109	0.01802	0.03743	0.02080	0.79898	0.02911	0.00555	0.00555	0.00832	0.00347	0.00347
58	0.01025	0.00746	0.00915	0.00814	0.01000	0.00735	0.00626	0.12680	0.01788	0.02501	0.64220	0.03814	0.04697	0.01093	0.00658	0.00179	0.00327	0.00952	0.00621	0.00608
59	0.00688	0.00580	0.00597	0.00592	0.00780	0.00488	0.00444	0.00845	0.01333	0.01615	0.12333	0.05390	0.69516	0.01423	0.00676	0.00192	0.00288	0.01191	0.00540	0.00488
60	0.00865	0.00711	0.01106	0.01394	0.15549	0.00682	0.04068	0.01029	0.01147	0.01556	0.02661	0.60907	0.03095	0.01485	0.00696	0.00218	0.00427	0.01367	0.00472	0.00564
61	0.01086	0.01028	0.01751	0.76880	0.03919	0.01275	0.03157	0.01469	0.01148	0.01469	0.01020	0.01525	0.00765	0.00570	0.00574	0.00191	0.00767	0.00512	0.00255	0.00638
62	0.01519	0.78268	0.04886	0.00995	0.01494	0.02239	0.01008	0.01715	0.01163	0.01358	0.00801	0.00925	0.00734	0.00491	0.00372	0.00124	0.00618	0.00309	0.00245	0.00737
63	0.01268	0.02579	0.62276	0.01493	0.02267	0.01225	0.01849	0.01850	0.01240	0.07963	0.01126	0.01266	0.00795	0.00544	0.00533	0.00170	0.00769	0.00426	0.00291	0.10071
64	0.01416	0.01359	0.02322	0.03511	0.76330	0.01359	0.01755	0.01755	0.01302	0.01869	0.01076	0.01416	0.00906	0.00510	0.00566	0.00170	0.00680	0.00510	0.00283	0.00906
65	0.00981	0.00501	0.00736	0.00736	0.00736	0.00501	0.00486	0.00752	0.00752	0.01002	0.01054	0.01888	0.01075	0.07809	0.02286	0.77170	0.00501	0.00522	0.00256	0.00256
66	0.83938	0.01106	0.00841	0.00752	0.01106	0.01283	0.00619	0.01681	0.00973	0.02566	0.00796	0.00929	0.00619	0.00531	0.00354	0.00177	0.00442	0.00310	0.00354	0.00619
67	0.83938	0.01106	0.00841	0.00752	0.01106	0.01283	0.00619	0.01681	0.00973	0.02566	0.00796	0.00929	0.00619	0.00531	0.00354	0.00177	0.00442	0.00310	0.00354	0.00619
68	0.01987	0.17678	0.01919	0.01469	0.05048	0.59598	0.01110	0.02150	0.01518	0.01410	0.00876	0.01027	0.00744	0.00566	0.00489	0.00144	0.00934	0.00363	0.00285	0.00688
69	0.01419	0.01379	0.02276	0.06816	0.71148	0.03340	0.01731	0.01756	0.01304	0.01838	0.01068	0.01411	0.00895	0.00515	0.00565	0.00170	0.00692	0.00506	0.00282	0.00888
70	0.01298	0.01104	0.01183	0.01072	0.01361	0.01249	0.00830	0.02649	0.61014	0.02342	0.13679	0.02600	0.05396	0.00864	0.00600	0.00192	0.00418	0.00729	0.00587	0.00832
71	0.00817	0.00613	0.00919	0.00919	0.01021	0.00715	0.00715	0.01021	0.00919	0.01328	0.01532	0.02247	0.01430	0.04290	0.77631	0.00919	0.01532	0.00613	0.00306	0.00511
72	0.01500	0.01233	0.01312	0.01164	0.01498	0.01413	0.00910	0.05914	0.69367	0.05464	0.02287	0.02096	0.01701	0.00770	0.00581	0.00192	0.00461	0.00638	0.00587	0.00911
73	0.01939	0.13978	0.01469	0.00944	0.01319	0.01027	0.00794	0.03433	0.02841	0.43620	0.18650	0.02359	0.03569	0.00790	0.00565	0.00169	0.00457	0.00646	0.00606	0.00826
74	0.00821	0.00599	0.00850	0.00850	0.00929	0.00678	0.00629	0.00977	0.00899	0.01277	0.01595	0.02596	0.01581	0.21899	0.60229	0.00834	0.01304	0.00664	0.00316	0.00472
75	0.01091	0.01533	0.26415	0.01184	0.01604	0.00975	0.02522	0.07931	0.04288	0.01904	0.05516	0.23637	0.02113	0.02595	0.00664	0.00201	0.00572	0.06664	0.00419	0.08171
76	0.01416	0.53543	0.23533	0.01173	0.01751	0.01948	0.01291	0.01826	0.05977	0.01544	0.00959	0.01077	0.00797	0.00523	0.00430	0.00143	0.00667	0.00361	0.00266	0.00776
77	0.00719	0.00515	0.00683	0.00782	0.00834	0.00479	0.00533	0.00851	0.01197	0.01622	0.17267	0.64951	0.04096	0.01671	0.00719	0.00222	0.00320	0.01511	0.00550	0.00479
78	0.01147	0.02959	0.76934	0.01630	0.02476	0.01328	0.02113	0.01811	0.01208	0.01811	0.01026	0.01208	0.00725	0.00543	0.00543	0.00181	0.00845	0.00423	0.00242	0.00845
79	0.01434	0.01395	0.02303	0.03458	0.74389	0.03344	0.01738	0.01769	0.01311	0.01856	0.01071	0.01406	0.00902	0.00512	0.00565	0.00169	0.00689	0.00506	0.00283	0.00900
80	0.01517	0.77827	0.05308	0.00999	0.01500	0.02234	0.01014	0.01716	0.01164	0.01360	0.00802	0.00927	0.00734	0.00491	0.00373	0.00124	0.00619	0.00309	0.00245	0.00738
81	0.00832	0.00555	0.00624	0.00624	0.00624	0.00555	0.00347	0.00832	0.00832	0.01109	0.01802	0.03743	0.02080	0.79898	0.02911	0.00555	0.00555	0.00832	0.00347	0.00347
82	0.02464	0.01064	0.04401	0.01048	0.01503	0.00883	0.00895	0.02758	0.04509	0.70764	0.02209	0.01924	0.01401	0.00704	0.00574	0.00178	0.00500	0.00572	0.00684	0.00966
83	0.08288	0.35010	0.15098	0.01105	0.01624	0.04791	0.01113	0.02054	0.01308	0.22773	0.01251	0.01264	0.00916	0.00568	0.00461	0.00153	0.00621	0.00405	0.00385	0.00809
84	0.01199	0.02595	0.58041	0.01831	0.02608	0.01359	0.20642	0.01817	0.01244	0.01817	0.01060	0.01294	0.00761	0.00528	0.00577	0.00184	0.00876	0.00487	0.00254	0.00826
85	0.00998	0.00768	0.00954	0.00878	0.01052	0.04085	0.03243	0.04248	0.01585	0.04494	0.51833	0.09660	0.05835	0.01170	0.00674	0.00189	0.00376	0.06796	0.00585	0.00577
86	0.00786	0.00584	0.00732	0.00695	0.00840	0.00530	0.00521	0.01033	0.01563	0.02161	0.63530	0.04492	0.17978	0.01219	0.00675	0.00182	0.00273	0.01065	0.00612	0.00530
87	0.01251	0.01251	0.01752	0.01502	0.01502	0.01752	0.01251	0.01377	0.00876	0.01377	0.00751	0.01251	0.00751	0.01001	0.01877	0.00250	0.78851	0.00501	0.00250	0.00626
88	0.01186	0.01017	0.01186	0.00847	0.01356	0.00762	0.00678	0.01440	0.01186	0.01864	0.01017	0.01186	0.00847	0.00424	0.00424	0.00085	0.00424	0.00339	0.00339	0.83395
89	0.83938	0.01106	0.00841	0.00752	0.01106	0.01283	0.00619	0.01681	0.00973	0.02566	0.00796	0.00929	0.00619	0.00531	0.00354	0.00177	0.00442	0.00310	0.00354	0.00619
90	0.01529	0.80242	0.02997	0.00979	0.01468	0.02263	0.00979	0.01713	0.01162	0.01346	0.00795	0.00918	0.00734	0.00489	0.00367	0.00122	0.00612	0.00306	0.00245	0.00734
91	0.00697	0.00498	0.00664	0.00796	0.00830	0.00465	0.00531	0.00796	0.01095	0.01460	0.03153	0.79525	0.03783	0.01792	0.00730	0.00232	0.00332	0.01626	0.00531	0.00465
92	0.01416	0.01359	0.02322	0.03511	0.76330	0.01359	0.01755	0.01755	0.01302	0.01869	0.01076	0.01416	0.00906	0.00510	0.00566	0.00170	0.00680	0.00510	0.00283	0.00906
93	0.02237	0.02318	0.01553	0.01367	0.01697	0.59724	0.01044	0.02401	0.01625	0.18943	0.01204	0.01245	0.00895	0.00617	0.00530	0.00154	0.00905	0.00417	0.00391	0.00735
94	0.02174	0.01602	0.01717	0.01316	0.01774	0.01774	0.01087	0.74423	0.02689	0.03605	0.01373	0.01373	0.00973	0.00687	0.00572	0.00172	0.00629	0.00515	0.00572	0.00973
95	0.00814	0.00587	0.00770	0.00731	0.00866	0.00544	0.00553	0.01083	0.01608	0.02273	0.73439	0.04350	0.05322	0.01184	0.00679	0.00183	0.00279	0.03569	0.00626	0.00539
96	0.01147	0.02959	0.76934	0.01630	0.02476	0.01328	0.02113	0.01811	0.01208	0.01811	0.01026	0.01208	0.00725	0.00543	0.00543	0.00181	0.00845	0.00423	0.00242	0.00845
97	0.00829	0.00612	0.00822	0.00832	0.03814	0.00569	0.00587	0.01096	0.01588	0.02247	0.70501	0.06832	0.05164	0.01166	0.00672	0.00181	0.00288	0.01035	0.00613	0.00551
98	0.02486	0.00969	0.01312	0.01011	0.01441	0.00846	0.00833	0.04101	0.01657	0.72215	0.05310	0.02033	0.01573	0.00727	0.00579	0.00177	0.00480	0.00593	0.00702	0.00955
99	0.00741	0.00545	0.00711	0.00801	0.00877	0.00492	0.00544	0.00855	0.01103	0.01497	0.02959	0.72436	0.03517	0.01668	0.00702	0.00219	0.00340	0.01510	0.00514	0.07969
100	0.02071	0.02602	0.01684	0.01658	0.08516	0.70702	0.01164	0.02236	0.01592	0.01442	0.00901	0.01066	0.00752	0.00582	0.00520	0.00149	0.01000	0.00381	0.00294	0.00685
101	0.01345	0.01369	0.05283	0.03092	0.60481	0.01291	0.07625	0.01703	0.01331	0.01902	0.07863	0.01676	0.01302	0.00568	0.00584	0.00173	0.00673	0.00567	0.00313	0.00859
102	0.00738	0.00720	0.07566	0.00872	0.00979	0.00543	0.00674	0.00888	0.01105	0.01492	0.02960	0.72438	0.03506	0.01679	0.00713	0.00228	0.00378	0.01517	0.00505	0.00499
103	0.00763	0.00564	0.00721	0.00830	0.00889	0.00551	0.00565	0.00999	0.07810	0.01545	0.03078	0.72522	0.03599	0.01700	0.00717	0.00229	0.00343	0.01537	0.00536	0.00504
104	0.01419	0.57891	0.24381	0.01167	0.01759	0.01993	0.01307	0.01741	0.01175	0.01480	0.00862	0.01001	0.00731	0.00505	0.00418	0.00139	0.00679	0.00340	0.00244	0.00766
105	0.01183	0.01192	0.08041	0.00918	0.01457	0.00814	0.00808	0.01474	0.01188	0.01859	0.01018	0.01188	0.00836	0.00434	0.00434	0.00093	0.00462	0.00346	0.00330	0.75925
106	0.00732	0.00619	0.00648	0.00614	0.00832	0.00512	0.00465	0.00897	0.01317	0.01631	0.10701	0.05020	0.63914	0.01335	0.00653	0.00182	0.00300	0.01115	0.00521	0.07990
107	0.01176	0.01171	0.01707	0.71551	0.03743	0.08178	0.01545	0.01536	0.01187	0.01456	0.01005	0.01480	0.00760	0.00573	0.00567	0.00187	0.00787	0.00496	0.00258	0.00638
108	0.01236	0.02405	0.50189	0.02174	0.20148	0.01350	0.10811	0.01801	0.01248	0.01828	0.01054	0.01298	0.00785	0.00528	0.00565	0.00180	0.00820	0.00474	0.00257	0.00851
109	0.01377	0.01319	0.02251	0.12216	0.67929	0.01349	0.01736	0.01721	0.01284	0.01821	0.01069	0.01428	0.00889	0.00517	0.00567	0.00172	0.00689	0.00509	0.00280	0.00875
110	0.00953	0.00649	0.00723	0.00686	0.00728	0.00665	0.00414	0.07491	0.01000	0.01335	0.01763	0.03529	0.01979	0.72730	0.02700	0.00520	0.00561	0.00803	0.00367	0.00403
111	0.01806	0.02522	0.16508	0.01477	0.01865	0.52443	0.04224	0.02033	0.01449	0.01462	0.00933	0.01151	0.00763	0.00702	0.00683	0.07686	0.00944	0.00403	0.00280	0.00666
112	0.01619	0.03012	0.01394	0.01165	0.01497	0.03808	0.00918	0.20008	0.45221	0.04405	0.01896	0.01849	0.01429	0.00850	0.00722	0.07711	0.00522	0.00583	0.00536	0.00853
113	0.08702	0.01024	0.01158	0.00842	0.01335	0.00811	0.00676	0.01489	0.01176	0.03418	0.01021	0.01178	0.00838	0.00439	0.00420	0.00095	0.00427	0.00341	0.00348	0.74263
114	0.02061	0.01645	0.26285	0.01263	0.01842	0.01020	0.03554	0.02436	0.01487	0.49720	0.01817	0.01691	0.01171	0.00647	0.00568	0.00179	0.00620	0.00528	0.00541	0.00925
115	0.00735	0.00521	0.00690	0.00810	0.00852	0.00495	0.00559	0.00844	0.01097	0.01457	0.03016	0.64246	0.03572	0.08836	0.00934	0.00265	0.00374	0.09720	0.00514	0.00461
116	0.01357	0.01322	0.02321	0.15276	0.58243	0.01353	0.08289	0.01716	0.01282	0.01801	0.01074	0.01444	0.00880	0.00517	0.00577	0.00175	0.00718	0.00524	0.00279	0.00851
117	0.01484	0.01381	0.02267	0.03312	0.69583	0.01397	0.01695	0.08331	0.01428	0.02026	0.01103	0.01412	0.00912	0.00526	0.00567	0.00170	0.00675	0.00510	0.00309	0.00912
118	0.00697	0.00498	0.00664	0.00796	0.00830	0.00465	0.00531	0.00796	0.01095	0.01460	0.03153	0.79525	0.03783	0.01792	0.00730	0.00232	0.00332	0.01626	0.00531	0.00465
119	0.02023	0.01163	0.01442	0.01312	0.08265	0.01178	0.00964	0.14982	0.20273	0.35350	0.02174	0.02006	0.04719	0.00737	0.00580	0.00180	0.00511	0.00605	0.00607	0.00928
120	0.02165	0.01876	0.01693	0.01354	0.01772	0.20263	0.01092	0.56833	0.02429	0.03067	0.01254	0.01290	0.00915	0.00663	0.00558	0.00166	0.00727	0.00479	0.00505	0.00897
121	0.02147	0.04226	0.04485	0.08076	0.01728	0.01073	0.00976	0.08021	0.08725	0.48862	0.01965	0.01819	0.01302	0.00684	0.00560	0.00176	0.00532	0.00553	0.03182	0.00908
122	0.02432	0.00977	0.01363	0.08031	0.01685	0.00880	0.00908	0.02668	0.01592	0.69915	0.02144	0.01909	0.01357	0.00696	0.00575	0.00178	0.00512	0.00569	0.00667	0.00943
123	0.00856	0.00671	0.00995	0.00972	0.01065	0.00809	0.00764	0.01054	0.00915	0.01332	0.01461	0.02157	0.01369	0.03992	0.70776	0.00859	0.08529	0.00603	0.00301	0.00521
124	0.01217	0.08186	0.01350	0.00859	0.01366	0.00898	0.00705	0.01465	0.01184	0.01817	0.00997	0.01162	0.00837	0.00430	0.00418	0.00088	0.00441	0.00336	0.00330	0.75915
125	0.04697	0.57740	0.09009	0.01112	0.04827	0.03872	0.01048	0.01702	0.01180	0.01530	0.00927	0.01078	0.00803	0.00515	0.00397	0.00133	0.00608	0.00347	0.07747	0.00727
126	0.01245	0.00953	0.01137	0.00856	0.01303	0.00734	0.00674	0.01479	0.01213	0.08105	0.01369	0.10342	0.01236	0.00606	0.00472	0.00110	0.00418	0.00508	0.00392	0.66848
127	0.01977	0.01466	0.01587	0.01244	0.01662	0.01601	0.01014	0.62669	0.04334	0.03302	0.01543	0.08456	0.01241	0.00777	0.00580	0.00174	0.00589	0.00611	0.00558	0.04614
128	0.01414	0.01269	0.02124	0.03138	0.66128	0.01263	0.01587	0.01718	0.01275	0.05151	0.01194	0.01650	0.01035	0.07703	0.00779	0.00205	0.00660	0.00542	0.00308	0.00858
129	0.01459	0.01503	0.02867	0.02101	0.02622	0.04112	0.55884	0.02093	0.13072	0.06160	0.01395	0.01641	0.01033	0.00545	0.00649	0.00191	0.00859	0.00654	0.00360	0.00800

[dist]
# distance from previous block
# <min> <max>
41	188

# created by:
# /software/SequenceAnalysis/GenePrediction/augustus/3.0.1/scripts/msa2prfl.pl ./fixed/BUSCOvEOG7BCG1T.fas
