[name]
unknown

[dist]
# distance from previous block
# <min> <max>
34	728

[block]
# block no. 0 follows, 41 sequences, length 13
# corresponding to MSA columns:
# 748-760
name=unknown_A
#
# <colnr> <probs for GDERKNQSTAVLIFYWHMCP>
#	G	D	E	R	K	N	Q	S	T	A	V	L	I	F	Y	W	H	M	C	P
0	0.00810	0.00585	0.00765	0.00720	0.00855	0.00540	0.00540	0.01079	0.01619	0.02294	0.76028	0.04273	0.05397	0.01169	0.00675	0.00180	0.00270	0.01034	0.00630	0.00540
1	0.01228	0.00889	0.01116	0.01118	0.01329	0.00931	0.00962	0.19082	0.01652	0.02174	0.02624	0.05211	0.02725	0.01362	0.00737	0.00241	0.00552	0.54894	0.00538	0.00636
2	0.00810	0.00585	0.00765	0.00720	0.00855	0.00540	0.00540	0.01079	0.01619	0.02294	0.76028	0.04273	0.05397	0.01169	0.00675	0.00180	0.00270	0.01034	0.00630	0.00540
3	0.01416	0.01359	0.02322	0.03511	0.76330	0.01359	0.01755	0.01755	0.01302	0.01869	0.01076	0.01416	0.00906	0.00510	0.00566	0.00170	0.00680	0.00510	0.00283	0.00906
4	0.00782	0.00563	0.00740	0.00738	0.00848	0.00521	0.00538	0.01010	0.01491	0.02090	0.58220	0.22662	0.05003	0.01322	0.00688	0.00193	0.00285	0.01179	0.00606	0.00521
5	0.01267	0.01242	0.01845	0.01960	0.19760	0.01598	0.01345	0.01449	0.00983	0.01494	0.00874	0.01347	0.00827	0.01065	0.05797	0.00268	0.55421	0.00509	0.00261	0.00688
6	0.00831	0.00602	0.00795	0.00795	0.00932	0.00566	0.00629	0.01094	0.01532	0.02120	0.55250	0.04857	0.07841	0.01281	0.00703	0.00201	0.00333	0.18500	0.00600	0.00534
7	0.00811	0.00592	0.00802	0.00768	0.00895	0.00583	0.00583	0.01065	0.01448	0.02058	0.57824	0.03778	0.04428	0.01932	0.19480	0.00361	0.00578	0.00931	0.00551	0.00533
8	0.01501	0.60966	0.02832	0.01597	0.19762	0.02042	0.01169	0.01723	0.01196	0.01474	0.00864	0.01039	0.00776	0.00494	0.00416	0.00134	0.00628	0.00356	0.00254	0.00776
9	0.00729	0.00515	0.00650	0.00745	0.00777	0.00487	0.00482	0.00806	0.01039	0.01378	0.02933	0.57909	0.06393	0.20864	0.01261	0.00309	0.00385	0.01414	0.00486	0.00437
10	0.01416	0.01359	0.02322	0.03511	0.76330	0.01359	0.01755	0.01755	0.01302	0.01869	0.01076	0.01416	0.00906	0.00510	0.00566	0.00170	0.00680	0.00510	0.00283	0.00906
11	0.02204	0.01328	0.01513	0.01198	0.01620	0.06375	0.03118	0.23055	0.13955	0.36593	0.01893	0.01741	0.01282	0.00698	0.00574	0.00177	0.00572	0.00559	0.00609	0.00935
12	0.01173	0.08151	0.71967	0.01587	0.02408	0.01391	0.02037	0.01805	0.01205	0.01780	0.01011	0.01188	0.00725	0.00540	0.00532	0.00177	0.00830	0.00415	0.00242	0.00838

[dist]
# distance from previous block
# <min> <max>
8	657

# created by:
# /software/SequenceAnalysis/GenePrediction/augustus/3.0.1/scripts/msa2prfl.pl ./fixed/BUSCOvEOG7MKPVG.fas
