[name]
unknown

[dist]
# distance from previous block
# <min> <max>
0	133

[block]
# block no. 0 follows, 40 sequences, length 13
# corresponding to MSA columns:
# 154-166
name=unknown_A
#
# <colnr> <probs for GDERKNQSTAVLIFYWHMCP>
#	G	D	E	R	K	N	Q	S	T	A	V	L	I	F	Y	W	H	M	C	P
0	0.75628	0.01308	0.08233	0.00852	0.01260	0.01309	0.00778	0.01722	0.01013	0.02534	0.00833	0.00972	0.00640	0.00541	0.00379	0.00180	0.00490	0.00326	0.00349	0.00652
1	0.01555	0.79913	0.03047	0.00995	0.01493	0.02301	0.00995	0.01741	0.01182	0.01368	0.00808	0.00933	0.00746	0.00498	0.00373	0.00124	0.00622	0.00311	0.00249	0.00746
2	0.01421	0.01364	0.02328	0.07460	0.72184	0.01377	0.01776	0.01769	0.01316	0.01878	0.01091	0.01445	0.00914	0.00521	0.00576	0.00174	0.00695	0.00518	0.00286	0.00907
3	0.02609	0.00990	0.01350	0.01035	0.01484	0.00855	0.00855	0.02834	0.01664	0.76338	0.02294	0.01979	0.01439	0.00720	0.00585	0.00180	0.00495	0.00585	0.00720	0.00990
4	0.00824	0.00555	0.00641	0.00662	0.00667	0.00550	0.00382	0.00840	0.00887	0.01183	0.02046	0.15528	0.02384	0.67473	0.02615	0.00513	0.00529	0.00971	0.00382	0.00371
5	0.07843	0.00852	0.01149	0.01242	0.12689	0.00824	0.00813	0.03644	0.01578	0.14184	0.44177	0.03157	0.03611	0.00943	0.00624	0.00180	0.00399	0.00820	0.00574	0.00696
6	0.01506	0.33220	0.35476	0.01346	0.02001	0.01671	0.04088	0.01925	0.01269	0.10870	0.01110	0.01216	0.00833	0.00549	0.00490	0.00160	0.00724	0.00411	0.00307	0.00828
7	0.00975	0.00672	0.00765	0.00718	0.00785	0.00682	0.00456	0.08015	0.01154	0.01562	0.13267	0.03654	0.02529	0.59687	0.02374	0.00467	0.00526	0.00846	0.00419	0.00445
8	0.00714	0.00511	0.00680	0.00806	0.00845	0.00476	0.00540	0.00825	0.01141	0.01529	0.06985	0.75277	0.03932	0.01789	0.00739	0.00233	0.00334	0.01622	0.00545	0.00476
9	0.01826	0.09309	0.01718	0.01372	0.04792	0.15799	0.01065	0.26420	0.23508	0.02500	0.01592	0.01741	0.01252	0.00719	0.00563	0.00176	0.00659	0.03640	0.00485	0.00863
10	0.01634	0.64667	0.05935	0.01101	0.01583	0.13914	0.01064	0.01836	0.01256	0.01397	0.00832	0.00963	0.00746	0.00516	0.00404	0.00131	0.00698	0.00326	0.00257	0.00740
11	0.01166	0.03008	0.76550	0.01657	0.02517	0.01351	0.02149	0.01842	0.01228	0.01842	0.01044	0.01228	0.00737	0.00552	0.00552	0.00184	0.00859	0.00430	0.00246	0.00859
12	0.00805	0.00692	0.00702	0.00682	0.00898	0.00640	0.00516	0.01185	0.12766	0.01705	0.05343	0.05064	0.64203	0.01366	0.00672	0.00197	0.00320	0.01139	0.00548	0.00558

[dist]
# distance from previous block
# <min> <max>
0	4

[block]
# block no. 1 follows, 40 sequences, length 49
# corresponding to MSA columns:
# 171-219
name=unknown_B
#
# <colnr> <probs for GDERKNQSTAVLIFYWHMCP>
#	G	D	E	R	K	N	Q	S	T	A	V	L	I	F	Y	W	H	M	C	P
0	0.01458	0.14249	0.02473	0.03148	0.63738	0.01532	0.01655	0.01778	0.01301	0.01813	0.01047	0.01356	0.00892	0.00515	0.00543	0.00165	0.00680	0.00484	0.00281	0.00892
1	0.00812	0.00697	0.00708	0.00686	0.00905	0.00647	0.00520	0.01204	0.13378	0.01712	0.05314	0.05035	0.63587	0.01361	0.00672	0.00197	0.00322	0.01134	0.00548	0.00561
2	0.01339	0.01804	0.15412	0.02321	0.02954	0.01451	0.62080	0.01859	0.01349	0.01859	0.01155	0.01513	0.00858	0.00500	0.00664	0.00194	0.00961	0.00644	0.00286	0.00797
3	0.01612	0.01431	0.07367	0.03021	0.58618	0.01293	0.01658	0.01961	0.01373	0.14092	0.01287	0.01513	0.00993	0.00554	0.00576	0.00175	0.00670	0.00523	0.00356	0.00928
4	0.01278	0.01229	0.01536	0.01357	0.01422	0.06428	0.01096	0.06528	0.01111	0.01574	0.01267	0.14096	0.01327	0.01309	0.06251	0.00282	0.50254	0.00696	0.00331	0.00630
5	0.01566	0.01422	0.02260	0.03204	0.63789	0.01451	0.01673	0.13616	0.01555	0.02189	0.01143	0.01432	0.00932	0.00548	0.00577	0.00173	0.00682	0.00519	0.00336	0.00932
6	0.01922	0.01474	0.01566	0.01227	0.01672	0.03492	0.00997	0.45581	0.15141	0.05326	0.01523	0.01510	0.01114	0.00668	0.00557	0.00164	0.00580	0.00516	0.00542	0.14425
7	0.00955	0.00690	0.00850	0.00896	0.01001	0.00690	0.00632	0.12801	0.01379	0.01842	0.02909	0.66438	0.03378	0.01638	0.00716	0.00226	0.00387	0.01468	0.00547	0.00557
8	0.01206	0.01034	0.01206	0.00861	0.01378	0.00775	0.00689	0.01464	0.01206	0.01895	0.01034	0.01206	0.00861	0.00431	0.00431	0.00086	0.00431	0.00345	0.00345	0.83118
9	0.01383	0.01325	0.02259	0.15792	0.64150	0.01367	0.01757	0.01736	0.01298	0.01832	0.01084	0.01457	0.00897	0.00528	0.00577	0.00176	0.00705	0.00518	0.00283	0.00876
10	0.00947	0.00639	0.00853	0.00943	0.01078	0.00634	0.00803	0.01216	0.01357	0.01882	0.11701	0.05571	0.03303	0.01403	0.00724	0.00236	0.00460	0.51686	0.14026	0.00538
11	0.01964	0.01445	0.01570	0.01251	0.01646	0.01585	0.01013	0.62005	0.02469	0.03308	0.01693	0.14141	0.01457	0.00882	0.00608	0.00185	0.00590	0.00709	0.00575	0.00904
12	0.70153	0.01433	0.13257	0.00911	0.01353	0.01312	0.00879	0.01731	0.01029	0.02483	0.00848	0.00991	0.00647	0.00542	0.00391	0.00181	0.00517	0.00334	0.00341	0.00667
13	0.58395	0.12265	0.01154	0.00792	0.01135	0.01323	0.00669	0.01614	0.01125	0.02387	0.13068	0.01500	0.01442	0.00640	0.00415	0.00173	0.00446	0.00435	0.00390	0.00633
14	0.01025	0.00592	0.00919	0.13441	0.01290	0.00634	0.00687	0.00877	0.00824	0.01088	0.01014	0.01732	0.00972	0.01784	0.01996	0.69500	0.00549	0.00507	0.00253	0.00317
15	0.02690	0.04953	0.58076	0.01548	0.02309	0.01433	0.01871	0.13697	0.01486	0.04973	0.01138	0.01271	0.00803	0.00581	0.00550	0.00181	0.00796	0.00446	0.00321	0.00879
16	0.00743	0.00543	0.00712	0.00813	0.00881	0.00493	0.00550	0.00855	0.01120	0.01513	0.03054	0.73747	0.03638	0.01725	0.00721	0.00226	0.00344	0.01562	0.00526	0.06234
17	0.10576	0.07652	0.63297	0.01514	0.02294	0.01405	0.01903	0.01820	0.01198	0.01899	0.01002	0.01177	0.00725	0.00548	0.00519	0.00180	0.00798	0.00409	0.00259	0.00826
18	0.00863	0.00627	0.00803	0.00787	0.00924	0.00593	0.00595	0.03891	0.01570	0.02175	0.52897	0.15481	0.08362	0.01310	0.00699	0.00198	0.00320	0.06745	0.00610	0.00551
19	0.02003	0.03737	0.01926	0.01652	0.03175	0.61005	0.11110	0.02224	0.02617	0.01504	0.00956	0.01147	0.00785	0.00597	0.00588	0.00160	0.03391	0.00427	0.00301	0.00697
20	0.81227	0.01122	0.00881	0.03055	0.01210	0.01304	0.00659	0.01703	0.00995	0.02576	0.00816	0.00963	0.00634	0.00541	0.00366	0.00180	0.00459	0.00321	0.00357	0.00630
21	0.01492	0.01239	0.01316	0.01178	0.01511	0.01423	0.00918	0.03080	0.72032	0.05313	0.02364	0.02162	0.01762	0.00786	0.00591	0.00197	0.00462	0.00655	0.00597	0.00923
22	0.01166	0.03008	0.76550	0.01657	0.02517	0.01351	0.02149	0.01842	0.01228	0.01842	0.01044	0.01228	0.00737	0.00552	0.00552	0.00184	0.00859	0.00430	0.00246	0.00859
23	0.02247	0.00909	0.01233	0.00973	0.01360	0.00793	0.00793	0.02482	0.01661	0.61329	0.17168	0.02459	0.02260	0.00815	0.00605	0.00181	0.00450	0.00679	0.00704	0.00900
24	0.01407	0.01348	0.02289	0.05766	0.71509	0.01353	0.01740	0.01747	0.01319	0.01877	0.01234	0.01566	0.03129	0.00548	0.00579	0.00174	0.00682	0.00539	0.00294	0.00900
25	0.00709	0.00506	0.00675	0.00810	0.00843	0.00472	0.00540	0.00810	0.01113	0.01484	0.03205	0.79184	0.03846	0.01822	0.00742	0.00236	0.00337	0.01653	0.00540	0.00472
26	0.01022	0.00714	0.00909	0.00876	0.01052	0.00698	0.00697	0.05334	0.05140	0.05225	0.43695	0.06688	0.06627	0.01248	0.00701	0.00205	0.00376	0.17584	0.00607	0.00602
27	0.01101	0.00948	0.01619	0.54084	0.05141	0.01120	0.05160	0.01344	0.01084	0.01406	0.01037	0.01599	0.00840	0.00911	0.00982	0.19553	0.00721	0.00523	0.00260	0.00569
28	0.01491	0.01564	0.07382	0.12657	0.48139	0.06113	0.03632	0.08473	0.01449	0.01975	0.01101	0.01414	0.00884	0.00550	0.00575	0.00176	0.00739	0.00508	0.00309	0.00869
29	0.00824	0.00585	0.00757	0.00741	0.00869	0.00537	0.00545	0.01059	0.01533	0.03386	0.57201	0.17355	0.09804	0.01309	0.00694	0.00193	0.00290	0.01160	0.00617	0.00539
30	0.04256	0.01085	0.01397	0.01073	0.01523	0.01002	0.00886	0.13164	0.01806	0.64214	0.02132	0.01873	0.01357	0.00713	0.00580	0.00179	0.00515	0.00570	0.00692	0.00982
31	0.70153	0.01433	0.13257	0.00911	0.01353	0.01312	0.00879	0.01731	0.01029	0.02483	0.00848	0.00991	0.00647	0.00542	0.00391	0.00181	0.00517	0.00334	0.00341	0.00667
32	0.06919	0.02877	0.71273	0.01595	0.02420	0.01347	0.02043	0.01832	0.01211	0.01895	0.01027	0.01208	0.00729	0.00552	0.00539	0.00184	0.00831	0.00422	0.00254	0.00843
33	0.01343	0.01586	0.14352	0.14418	0.47954	0.01367	0.01760	0.01837	0.06258	0.01863	0.01163	0.01471	0.00927	0.00552	0.00574	0.00179	0.00716	0.00513	0.00297	0.00869
34	0.00793	0.00626	0.00682	0.00667	0.00843	0.00566	0.00495	0.01015	0.06429	0.01660	0.13591	0.04769	0.53490	0.01453	0.00861	0.09623	0.00328	0.01084	0.00523	0.00501
35	0.01409	0.01137	0.01228	0.01098	0.01407	0.01275	0.00854	0.04430	0.57535	0.05879	0.10858	0.02569	0.06034	0.00865	0.00607	0.00194	0.00436	0.00726	0.00600	0.00861
36	0.10243	0.00655	0.00780	0.00731	0.00895	0.00633	0.00554	0.01158	0.01561	0.02339	0.64852	0.03998	0.07215	0.01124	0.00649	0.00183	0.00295	0.00974	0.00605	0.00556
37	0.01391	0.01179	0.01258	0.01147	0.01447	0.01349	0.00884	0.05498	0.63779	0.02371	0.02426	0.10901	0.01981	0.00903	0.00608	0.00201	0.00453	0.00766	0.00585	0.00872
38	0.00863	0.00619	0.00757	0.09450	0.01028	0.00642	0.00502	0.00918	0.00915	0.01199	0.02024	0.03674	0.07092	0.65134	0.02531	0.00496	0.00569	0.00835	0.00355	0.00395
39	0.02053	0.02494	0.01666	0.10208	0.02049	0.63332	0.01178	0.07224	0.01668	0.01587	0.00949	0.01130	0.00769	0.00604	0.00535	0.00157	0.00989	0.00401	0.00315	0.00693
40	0.00749	0.00618	0.00662	0.00665	0.00843	0.00550	0.00493	0.00991	0.05539	0.01698	0.13445	0.13627	0.55190	0.01441	0.00688	0.00199	0.00307	0.01223	0.00555	0.00520
41	0.02090	0.02598	0.01610	0.01462	0.01765	0.68608	0.01100	0.02409	0.09979	0.01538	0.01066	0.01176	0.00866	0.00621	0.00532	0.00155	0.00982	0.00407	0.00333	0.00702
42	0.11444	0.02557	0.01560	0.01411	0.01721	0.66788	0.01067	0.03967	0.01599	0.01612	0.00901	0.01045	0.00741	0.00595	0.00507	0.00154	0.00971	0.00371	0.00313	0.00677
43	0.02096	0.01561	0.01684	0.01284	0.01755	0.01686	0.01058	0.65746	0.02560	0.03464	0.01355	0.01375	0.00974	0.00668	0.00565	0.00164	0.00616	0.00503	0.00555	0.10331
44	0.00690	0.00580	0.00599	0.00614	0.00792	0.00489	0.00453	0.00832	0.01301	0.01561	0.05585	0.13967	0.67526	0.01512	0.00694	0.00201	0.00299	0.01276	0.00540	0.00489
45	0.10575	0.00999	0.01116	0.00875	0.01291	0.00857	0.00687	0.06442	0.01273	0.02032	0.01389	0.13966	0.01333	0.00690	0.00484	0.00128	0.00432	0.00568	0.00395	0.54468
46	0.01206	0.01034	0.01206	0.00861	0.01378	0.00775	0.00689	0.01464	0.01206	0.01895	0.01034	0.01206	0.00861	0.00431	0.00431	0.00086	0.00431	0.00345	0.00345	0.83118
47	0.11032	0.01403	0.01398	0.01200	0.01563	0.09288	0.03279	0.07947	0.42795	0.09300	0.01892	0.01799	0.01401	0.00710	0.00557	0.00185	0.00553	0.00567	0.00531	0.02597
48	0.01102	0.00793	0.00904	0.00803	0.00950	0.00795	0.00550	0.12918	0.01238	0.01697	0.03982	0.06690	0.01938	0.47350	0.06189	0.00439	0.00596	0.00769	0.00405	0.09892

[dist]
# distance from previous block
# <min> <max>
17	22

[block]
# block no. 2 follows, 40 sequences, length 12
# corresponding to MSA columns:
# 245-256
name=unknown_C
#
# <colnr> <probs for GDERKNQSTAVLIFYWHMCP>
#	G	D	E	R	K	N	Q	S	T	A	V	L	I	F	Y	W	H	M	C	P
0	0.02211	0.01629	0.01745	0.01338	0.01803	0.01803	0.01105	0.73997	0.02734	0.03665	0.01396	0.01396	0.00989	0.00698	0.00582	0.00175	0.00640	0.00524	0.00582	0.00989
1	0.01587	0.01218	0.01319	0.01165	0.01509	0.01375	0.00912	0.03059	0.66029	0.11371	0.02358	0.02147	0.01735	0.00781	0.00591	0.00195	0.00464	0.00649	0.00607	0.00929
2	0.01146	0.00970	0.01142	0.00855	0.01313	0.00739	0.00671	0.01385	0.01195	0.01845	0.01296	0.10637	0.01222	0.00599	0.00468	0.00104	0.00419	0.00503	0.00368	0.73122
3	0.02172	0.02772	0.01648	0.01498	0.01798	0.77228	0.01124	0.02322	0.01648	0.01423	0.00899	0.01049	0.00749	0.00599	0.00524	0.00150	0.01049	0.00375	0.00300	0.00674
4	0.00846	0.00564	0.00634	0.00634	0.00634	0.00564	0.00352	0.00846	0.00846	0.01128	0.01832	0.03805	0.02114	0.79563	0.02960	0.00564	0.00564	0.00846	0.00352	0.00352
5	0.00841	0.00606	0.00803	0.00786	0.00922	0.00568	0.00611	0.01115	0.01597	0.02238	0.64062	0.04697	0.05146	0.01255	0.00705	0.00196	0.00316	0.12366	0.00623	0.00547
6	0.00815	0.00594	0.00766	0.00723	0.00864	0.00545	0.00542	0.01081	0.01627	0.02286	0.71374	0.04420	0.09770	0.01206	0.00686	0.00184	0.00276	0.01062	0.00634	0.00545
7	0.01166	0.03008	0.76550	0.01657	0.02517	0.01351	0.02149	0.01842	0.01228	0.01842	0.01044	0.01228	0.00737	0.00552	0.00552	0.00184	0.00859	0.00430	0.00246	0.00859
8	0.00823	0.00594	0.00777	0.00732	0.00869	0.00549	0.00549	0.01097	0.01646	0.02332	0.75629	0.04344	0.05487	0.01189	0.00686	0.00183	0.00274	0.01052	0.00640	0.00549
9	0.01086	0.00922	0.00979	0.00915	0.01170	0.00979	0.00708	0.01994	0.38046	0.02064	0.09219	0.03831	0.30807	0.01116	0.00644	0.00199	0.00385	0.03654	0.00573	0.00711
10	0.01439	0.01382	0.02360	0.03569	0.75936	0.01382	0.01785	0.01785	0.01324	0.01900	0.01094	0.01439	0.00921	0.00518	0.00576	0.00173	0.00691	0.00518	0.00288	0.00921
11	0.04277	0.19647	0.02172	0.01427	0.01845	0.24572	0.11418	0.17938	0.05220	0.02054	0.01165	0.03563	0.00959	0.00626	0.00531	0.00162	0.00784	0.00488	0.00373	0.00780

[dist]
# distance from previous block
# <min> <max>
0	1

[block]
# block no. 3 follows, 40 sequences, length 19
# corresponding to MSA columns:
# 258-276
name=unknown_D
#
# <colnr> <probs for GDERKNQSTAVLIFYWHMCP>
#	G	D	E	R	K	N	Q	S	T	A	V	L	I	F	Y	W	H	M	C	P
0	0.32061	0.38819	0.01979	0.00916	0.01355	0.01713	0.00839	0.01895	0.01184	0.13204	0.01034	0.01096	0.00808	0.00547	0.00400	0.00153	0.00539	0.00354	0.00361	0.00740
1	0.39958	0.01148	0.01189	0.08227	0.01588	0.01267	0.00853	0.08785	0.10658	0.18965	0.01412	0.01428	0.01001	0.00630	0.00481	0.00183	0.00509	0.00456	0.00480	0.00781
2	0.01519	0.01693	0.09306	0.03027	0.54763	0.08901	0.05165	0.05197	0.01415	0.01927	0.01088	0.01385	0.00888	0.00536	0.00574	0.00173	0.00754	0.00504	0.00299	0.00888
3	0.01420	0.01405	0.02245	0.05773	0.49757	0.04000	0.06839	0.01802	0.05005	0.01812	0.01103	0.01450	0.00925	0.00615	0.00797	0.00189	0.13187	0.00531	0.00298	0.00847
4	0.02330	0.01191	0.01444	0.01134	0.01569	0.01185	0.00928	0.20856	0.13167	0.46637	0.02078	0.01861	0.01377	0.00725	0.00585	0.00181	0.00526	0.00580	0.00665	0.00979
5	0.00709	0.00506	0.00675	0.00810	0.00843	0.00472	0.00540	0.00810	0.01113	0.01484	0.03205	0.79184	0.03846	0.01822	0.00742	0.00236	0.00337	0.01653	0.00540	0.00472
6	0.00850	0.00635	0.00863	0.08028	0.01156	0.00619	0.00642	0.01125	0.01573	0.02210	0.66020	0.04062	0.04925	0.03868	0.00755	0.00197	0.00332	0.00994	0.00594	0.00551
7	0.00743	0.00521	0.00665	0.00765	0.00791	0.00495	0.00492	0.00819	0.01046	0.01394	0.02858	0.60136	0.03408	0.21467	0.01303	0.00319	0.00395	0.01449	0.00492	0.00442
8	0.01555	0.79913	0.03047	0.00995	0.01493	0.02301	0.00995	0.01741	0.01182	0.01368	0.00808	0.00933	0.00746	0.00498	0.00373	0.00124	0.00622	0.00311	0.00249	0.00746
9	0.01084	0.00542	0.00542	0.00542	0.00678	0.00542	0.00407	0.01355	0.01220	0.02168	0.01897	0.02168	0.01491	0.00678	0.00407	0.00136	0.00271	0.00542	0.82791	0.00542
10	0.01256	0.01250	0.01778	0.08751	0.01760	0.01735	0.01305	0.01408	0.00916	0.01408	0.00789	0.01298	0.00764	0.00977	0.01783	0.00249	0.71172	0.00510	0.00255	0.00637
11	0.00964	0.00705	0.00947	0.00908	0.01024	0.00793	0.00682	0.07875	0.01085	0.01521	0.01601	0.02526	0.01551	0.20101	0.54139	0.00784	0.01259	0.00661	0.00346	0.00528
12	0.01258	0.01065	0.01234	0.00886	0.01400	0.00829	0.00711	0.05257	0.01286	0.01987	0.01053	0.01216	0.00868	0.00445	0.00439	0.00091	0.00442	0.00354	0.00357	0.78823
13	0.01166	0.03008	0.76550	0.01657	0.02517	0.01351	0.02149	0.01842	0.01228	0.01842	0.01044	0.01228	0.00737	0.00552	0.00552	0.00184	0.00859	0.00430	0.00246	0.00859
14	0.01555	0.79913	0.03047	0.00995	0.01493	0.02301	0.00995	0.01741	0.01182	0.01368	0.00808	0.00933	0.00746	0.00498	0.00373	0.00124	0.00622	0.00311	0.00249	0.00746
15	0.01178	0.02930	0.72581	0.01701	0.02545	0.01357	0.06039	0.01843	0.01236	0.01843	0.01051	0.01246	0.00745	0.00549	0.00560	0.00185	0.00866	0.00444	0.00248	0.00855
16	0.00797	0.00597	0.00742	0.00715	0.00866	0.00541	0.00543	0.01042	0.01557	0.02128	0.56035	0.04740	0.21606	0.01274	0.00692	0.00190	0.00292	0.04498	0.00612	0.00535
17	0.64376	0.01159	0.00988	0.00847	0.01215	0.01314	0.00696	0.11710	0.01275	0.06484	0.01018	0.01118	0.00762	0.00577	0.00404	0.00177	0.00470	0.00368	0.04348	0.00693
18	0.05259	0.01508	0.06491	0.02012	0.04132	0.01570	0.37791	0.01680	0.01166	0.01726	0.00996	0.01407	0.00819	0.00693	0.01116	0.00216	0.29825	0.00585	0.00280	0.00729

[dist]
# distance from previous block
# <min> <max>
0	3

[block]
# block no. 4 follows, 40 sequences, length 10
# corresponding to MSA columns:
# 280-289
name=unknown_E
#
# <colnr> <probs for GDERKNQSTAVLIFYWHMCP>
#	G	D	E	R	K	N	Q	S	T	A	V	L	I	F	Y	W	H	M	C	P
0	0.13998	0.17678	0.47608	0.01385	0.02074	0.04535	0.01649	0.01821	0.01199	0.01851	0.00956	0.01120	0.00723	0.00542	0.00487	0.00171	0.00758	0.00387	0.00266	0.00795
1	0.01255	0.20469	0.59861	0.01507	0.02284	0.01566	0.01887	0.01819	0.01217	0.01734	0.00990	0.01161	0.00739	0.00540	0.00512	0.00171	0.00805	0.00403	0.00246	0.00834
2	0.04468	0.24715	0.28936	0.01250	0.01849	0.01514	0.01359	0.02139	0.06853	0.19574	0.01366	0.01383	0.00982	0.00594	0.00504	0.00167	0.00659	0.00445	0.00390	0.00854
3	0.01227	0.10332	0.61241	0.01682	0.02475	0.01456	0.10031	0.01834	0.01239	0.01798	0.01036	0.01237	0.00754	0.00540	0.00550	0.00180	0.00850	0.00447	0.00251	0.00840
4	0.10138	0.01580	0.01659	0.01282	0.01737	0.01755	0.01059	0.66962	0.02564	0.03562	0.01339	0.01352	0.00954	0.00683	0.00560	0.00175	0.00621	0.00503	0.00560	0.00954
5	0.01555	0.79913	0.03047	0.00995	0.01493	0.02301	0.00995	0.01741	0.01182	0.01368	0.00808	0.00933	0.00746	0.00498	0.00373	0.00124	0.00622	0.00311	0.00249	0.00746
6	0.00687	0.00589	0.00589	0.00589	0.00785	0.00491	0.00442	0.00835	0.01325	0.01571	0.05891	0.05596	0.75700	0.01473	0.00687	0.00196	0.00295	0.01227	0.00540	0.00491
7	0.00846	0.00564	0.00634	0.00634	0.00634	0.00564	0.00352	0.00846	0.00846	0.01128	0.01832	0.03805	0.02114	0.79563	0.02960	0.00564	0.00564	0.00846	0.00352	0.00352
8	0.02211	0.01496	0.01647	0.01277	0.01729	0.01623	0.01050	0.56800	0.08547	0.15120	0.01619	0.01553	0.01126	0.00709	0.00583	0.00177	0.00602	0.00544	0.00605	0.00983
9	0.00697	0.00583	0.00607	0.00615	0.00795	0.00493	0.00456	0.00849	0.01329	0.01612	0.10027	0.11056	0.65925	0.01481	0.00691	0.00199	0.00297	0.01248	0.00546	0.00493

[dist]
# distance from previous block
# <min> <max>
1	6

[block]
# block no. 5 follows, 40 sequences, length 26
# corresponding to MSA columns:
# 296-321
name=unknown_F
#
# <colnr> <probs for GDERKNQSTAVLIFYWHMCP>
#	G	D	E	R	K	N	Q	S	T	A	V	L	I	F	Y	W	H	M	C	P
0	0.08521	0.01324	0.01450	0.01113	0.01565	0.01350	0.00908	0.37763	0.03807	0.11890	0.01404	0.01469	0.01034	0.02811	0.00593	0.00165	0.00549	0.00482	0.00516	0.21286
1	0.01308	0.01310	0.08905	0.01171	0.01527	0.01248	0.02605	0.03673	0.38638	0.03978	0.07135	0.02391	0.09323	0.00843	0.00699	0.00190	0.06776	0.00679	0.00505	0.07096
2	0.67675	0.06554	0.01040	0.00804	0.01160	0.01335	0.00670	0.04890	0.01134	0.02548	0.06867	0.01238	0.01045	0.00596	0.00397	0.00176	0.00456	0.00383	0.00385	0.00647
3	0.01320	0.24737	0.48711	0.01598	0.07286	0.03474	0.01771	0.01821	0.01232	0.01701	0.00977	0.01154	0.00752	0.00536	0.00502	0.00166	0.00785	0.00401	0.00251	0.00827
4	0.02089	0.01588	0.03650	0.01298	0.01770	0.01678	0.01089	0.61500	0.06432	0.05592	0.01442	0.01438	0.01030	0.00682	0.00572	0.00170	0.00618	0.00519	0.00562	0.06281
5	0.01450	0.29529	0.43269	0.01363	0.02055	0.01630	0.01615	0.01909	0.01257	0.09340	0.01091	0.01203	0.00812	0.00551	0.00493	0.00163	0.00739	0.00404	0.00295	0.00833
6	0.01010	0.00505	0.00758	0.00758	0.00758	0.00505	0.00505	0.00758	0.00758	0.01010	0.01010	0.01768	0.01010	0.02020	0.02273	0.83081	0.00505	0.00505	0.00253	0.00253
7	0.01449	0.01415	0.02245	0.08636	0.64655	0.04823	0.01710	0.01838	0.04143	0.01869	0.01129	0.01457	0.00936	0.00537	0.00574	0.00174	0.00704	0.00517	0.00298	0.00891
8	0.01587	0.49811	0.18034	0.01225	0.01761	0.15851	0.01258	0.01869	0.01277	0.01476	0.00874	0.01015	0.00745	0.00528	0.00438	0.00141	0.00749	0.00347	0.00257	0.00757
9	0.01460	0.01309	0.01321	0.01166	0.01513	0.05504	0.00906	0.02872	0.62911	0.02319	0.02142	0.02004	0.01620	0.00740	0.00571	0.00183	0.00489	0.00608	0.00549	0.09812
10	0.02076	0.02521	0.06878	0.01575	0.05216	0.55114	0.01221	0.15019	0.01797	0.01873	0.01006	0.01141	0.00799	0.00610	0.00539	0.00158	0.00947	0.00411	0.00346	0.00754
11	0.00831	0.00623	0.00935	0.00935	0.01038	0.00727	0.00727	0.01038	0.00935	0.01350	0.01558	0.02285	0.01454	0.04361	0.77259	0.00935	0.01558	0.00623	0.00312	0.00519
12	0.01446	0.01249	0.01315	0.01183	0.01512	0.01446	0.00920	0.03090	0.74885	0.02433	0.02367	0.02170	0.01775	0.00789	0.00592	0.00197	0.00460	0.00657	0.00592	0.00920
13	0.00709	0.00506	0.00675	0.00810	0.00843	0.00472	0.00540	0.00810	0.01113	0.01484	0.03205	0.79184	0.03846	0.01822	0.00742	0.00236	0.00337	0.01653	0.00540	0.00472
14	0.04575	0.02610	0.01634	0.01461	0.01778	0.67557	0.01107	0.09371	0.01736	0.01679	0.00945	0.01080	0.00769	0.00607	0.00525	0.00153	0.00991	0.00387	0.00329	0.00704
15	0.01385	0.01196	0.01256	0.01136	0.01454	0.01369	0.00882	0.02908	0.68955	0.02363	0.02651	0.02446	0.07735	0.00844	0.00599	0.00197	0.00447	0.00703	0.00588	0.00886
16	0.01618	0.71978	0.02903	0.01047	0.01524	0.10008	0.01008	0.01801	0.01230	0.01374	0.00818	0.00945	0.00747	0.00508	0.00389	0.00127	0.00666	0.00317	0.00254	0.00739
17	0.02211	0.01629	0.01745	0.01338	0.01803	0.01803	0.01105	0.73997	0.02734	0.03665	0.01396	0.01396	0.00989	0.00698	0.00582	0.00175	0.00640	0.00524	0.00582	0.00989
18	0.00709	0.00506	0.00675	0.00810	0.00843	0.00472	0.00540	0.00810	0.01113	0.01484	0.03205	0.79184	0.03846	0.01822	0.00742	0.00236	0.00337	0.01653	0.00540	0.00472
19	0.10001	0.71809	0.02822	0.00971	0.01455	0.02199	0.00957	0.01738	0.01162	0.01496	0.00809	0.00934	0.00734	0.00502	0.00372	0.00130	0.00604	0.00311	0.00260	0.00734
20	0.01010	0.00505	0.00758	0.00758	0.00758	0.00505	0.00505	0.00758	0.00758	0.01010	0.01010	0.01768	0.01010	0.02020	0.02273	0.83081	0.00505	0.00505	0.00253	0.00253
21	0.09025	0.01033	0.01305	0.01032	0.01459	0.00966	0.00845	0.02775	0.10838	0.61055	0.02183	0.01920	0.01416	0.00714	0.00567	0.00182	0.00487	0.00572	0.00674	0.00952
22	0.00709	0.00506	0.00675	0.00810	0.00843	0.00472	0.00540	0.00810	0.01113	0.01484	0.03205	0.79184	0.03846	0.01822	0.00742	0.00236	0.00337	0.01653	0.00540	0.00472
23	0.00831	0.00623	0.00935	0.00935	0.01038	0.00727	0.00727	0.01038	0.00935	0.01350	0.01558	0.02285	0.01454	0.04361	0.77259	0.00935	0.01558	0.00623	0.00312	0.00519
24	0.01668	0.65759	0.02791	0.01087	0.01549	0.16048	0.01019	0.01848	0.01267	0.01378	0.00825	0.00954	0.00747	0.00516	0.00401	0.00129	0.00700	0.00323	0.00258	0.00733
25	0.01227	0.01205	0.01694	0.01466	0.01476	0.01673	0.01216	0.01362	0.00895	0.01394	0.00845	0.01376	0.00834	0.01362	0.09659	0.00324	0.70585	0.00521	0.00260	0.00624

[dist]
# distance from previous block
# <min> <max>
0	2

[block]
# block no. 6 follows, 40 sequences, length 11
# corresponding to MSA columns:
# 324-334
name=unknown_G
#
# <colnr> <probs for GDERKNQSTAVLIFYWHMCP>
#	G	D	E	R	K	N	Q	S	T	A	V	L	I	F	Y	W	H	M	C	P
0	0.01555	0.79913	0.03047	0.00995	0.01493	0.02301	0.00995	0.01741	0.01182	0.01368	0.00808	0.00933	0.00746	0.00498	0.00373	0.00124	0.00622	0.00311	0.00249	0.00746
1	0.00846	0.00564	0.00634	0.00634	0.00634	0.00564	0.00352	0.00846	0.00846	0.01128	0.01832	0.03805	0.02114	0.79563	0.02960	0.00564	0.00564	0.00846	0.00352	0.00352
2	0.00721	0.00516	0.00686	0.00801	0.00846	0.00481	0.00541	0.00841	0.01171	0.01576	0.11003	0.71125	0.04023	0.01754	0.00736	0.00230	0.00331	0.01588	0.00551	0.00481
3	0.02469	0.00994	0.01386	0.08199	0.01719	0.00895	0.00925	0.02709	0.01618	0.69385	0.02177	0.01939	0.01378	0.00707	0.00584	0.00181	0.00521	0.00578	0.00677	0.00958
4	0.01668	0.71415	0.02864	0.00999	0.01492	0.02145	0.00980	0.01859	0.01234	0.09440	0.00968	0.01046	0.00821	0.00521	0.00396	0.00130	0.00608	0.00340	0.00299	0.00772
5	0.01098	0.01034	0.01744	0.78165	0.04005	0.01292	0.01615	0.01486	0.01163	0.01486	0.01034	0.01550	0.00775	0.00581	0.00581	0.00194	0.00775	0.00517	0.00258	0.00646
6	0.83671	0.01125	0.00855	0.00765	0.01125	0.01305	0.00630	0.01709	0.00990	0.02609	0.00810	0.00945	0.00630	0.00540	0.00360	0.00180	0.00450	0.00315	0.00360	0.00630
7	0.00848	0.00818	0.07807	0.00811	0.01018	0.00620	0.00692	0.01154	0.01592	0.02249	0.65311	0.04115	0.08458	0.01144	0.00674	0.00184	0.00330	0.01002	0.00599	0.00575
8	0.01555	0.79913	0.03047	0.00995	0.01493	0.02301	0.00995	0.01741	0.01182	0.01368	0.00808	0.00933	0.00746	0.00498	0.00373	0.00124	0.00622	0.00311	0.00249	0.00746
9	0.02172	0.02772	0.01648	0.01498	0.01798	0.77228	0.01124	0.02322	0.01648	0.01423	0.00899	0.01049	0.00749	0.00599	0.00524	0.00150	0.01049	0.00375	0.00300	0.00674
10	0.01446	0.01258	0.01381	0.01335	0.06229	0.01442	0.00975	0.03007	0.70222	0.02399	0.02286	0.02123	0.01721	0.00772	0.00591	0.00196	0.00475	0.00649	0.00572	0.00920

[dist]
# distance from previous block
# <min> <max>
0	1

[block]
# block no. 7 follows, 40 sequences, length 10
# corresponding to MSA columns:
# 336-345
name=unknown_H
#
# <colnr> <probs for GDERKNQSTAVLIFYWHMCP>
#	G	D	E	R	K	N	Q	S	T	A	V	L	I	F	Y	W	H	M	C	P
0	0.02609	0.00990	0.01350	0.01035	0.01484	0.00855	0.00855	0.02834	0.01664	0.76338	0.02294	0.01979	0.01439	0.00720	0.00585	0.00180	0.00495	0.00585	0.00720	0.00990
1	0.07030	0.74660	0.02901	0.00980	0.01468	0.02235	0.00971	0.01739	0.01169	0.01451	0.00809	0.00934	0.00739	0.00500	0.00372	0.00128	0.00610	0.00311	0.00256	0.00739
2	0.01207	0.02768	0.65581	0.01940	0.13372	0.01355	0.02095	0.01833	0.01242	0.01850	0.01051	0.01259	0.00764	0.00547	0.00556	0.00182	0.00834	0.00443	0.00252	0.00869
3	0.00709	0.00506	0.00675	0.00810	0.00843	0.00472	0.00540	0.00810	0.01113	0.01484	0.03205	0.79184	0.03846	0.01822	0.00742	0.00236	0.00337	0.01653	0.00540	0.00472
4	0.00854	0.00629	0.00807	0.00777	0.00924	0.00595	0.00596	0.01181	0.04696	0.02249	0.62779	0.04513	0.08094	0.01223	0.00693	0.00192	0.00308	0.07706	0.00624	0.00561
5	0.01216	0.06672	0.62034	0.01741	0.02542	0.01416	0.12688	0.01840	0.01247	0.01821	0.01051	0.01263	0.00759	0.00541	0.00563	0.00183	0.00865	0.00462	0.00253	0.00843
6	0.00709	0.00506	0.00675	0.00810	0.00843	0.00472	0.00540	0.00810	0.01113	0.01484	0.03205	0.79184	0.03846	0.01822	0.00742	0.00236	0.00337	0.01653	0.00540	0.00472
7	0.02211	0.01629	0.01745	0.01338	0.01803	0.01803	0.01105	0.73997	0.02734	0.03665	0.01396	0.01396	0.00989	0.00698	0.00582	0.00175	0.00640	0.00524	0.00582	0.00989
8	0.01411	0.01217	0.01299	0.01136	0.01492	0.01347	0.00886	0.02850	0.63991	0.02353	0.02170	0.02027	0.01640	0.00736	0.00568	0.00181	0.00456	0.00611	0.00555	0.13073
9	0.02609	0.00990	0.01350	0.01035	0.01484	0.00855	0.00855	0.02834	0.01664	0.76338	0.02294	0.01979	0.01439	0.00720	0.00585	0.00180	0.00495	0.00585	0.00720	0.00990

[dist]
# distance from previous block
# <min> <max>
5	11

[block]
# block no. 8 follows, 40 sequences, length 7
# corresponding to MSA columns:
# 357-363
name=unknown_I
#
# <colnr> <probs for GDERKNQSTAVLIFYWHMCP>
#	G	D	E	R	K	N	Q	S	T	A	V	L	I	F	Y	W	H	M	C	P
0	0.00687	0.00589	0.00589	0.00589	0.00785	0.00491	0.00442	0.00835	0.01325	0.01571	0.05891	0.05596	0.75700	0.01473	0.00687	0.00196	0.00295	0.01227	0.00540	0.00491
1	0.01458	0.01183	0.01430	0.06187	0.12813	0.03757	0.01041	0.07439	0.33191	0.07642	0.02118	0.15546	0.01836	0.00900	0.00612	0.00196	0.00528	0.00780	0.00515	0.00826
2	0.01033	0.00773	0.01007	0.01196	0.14033	0.00783	0.00651	0.05409	0.01044	0.01417	0.01675	0.03242	0.01835	0.60832	0.02395	0.00471	0.00591	0.00768	0.00355	0.00491
3	0.00709	0.00506	0.00675	0.00810	0.00843	0.00472	0.00540	0.00810	0.01113	0.01484	0.03205	0.79184	0.03846	0.01822	0.00742	0.00236	0.00337	0.01653	0.00540	0.00472
4	0.01235	0.16620	0.63540	0.01540	0.02336	0.01519	0.01944	0.01824	0.01220	0.01758	0.01002	0.01176	0.00738	0.00543	0.00521	0.00174	0.00817	0.00409	0.00246	0.00839
5	0.05848	0.54026	0.07131	0.01106	0.01605	0.05340	0.01072	0.14560	0.01470	0.01869	0.00931	0.01038	0.00783	0.00543	0.00427	0.00141	0.00649	0.00359	0.00315	0.00787
6	0.00720	0.00511	0.00671	0.00795	0.00826	0.00480	0.00524	0.00813	0.01091	0.01455	0.03091	0.72902	0.03702	0.08301	0.00927	0.00263	0.00356	0.01586	0.00524	0.00462

[dist]
# distance from previous block
# <min> <max>
0	42

[block]
# block no. 9 follows, 40 sequences, length 6
# corresponding to MSA columns:
# 406-411
name=unknown_J
#
# <colnr> <probs for GDERKNQSTAVLIFYWHMCP>
#	G	D	E	R	K	N	Q	S	T	A	V	L	I	F	Y	W	H	M	C	P
0	0.08693	0.01296	0.02209	0.21612	0.42282	0.01364	0.10725	0.01714	0.01260	0.01856	0.01064	0.01439	0.00854	0.00532	0.00572	0.00182	0.00727	0.00521	0.00288	0.00810
1	0.29280	0.04617	0.01475	0.04729	0.01650	0.01612	0.00955	0.39214	0.06377	0.03042	0.01218	0.01280	0.00897	0.00637	0.00500	0.00177	0.00571	0.00453	0.00479	0.00839
2	0.00910	0.00717	0.01092	0.00953	0.01053	0.00697	0.12241	0.01005	0.00970	0.01299	0.01929	0.14564	0.02171	0.55330	0.02266	0.00456	0.00598	0.00939	0.00371	0.00440
3	0.01024	0.01069	0.13095	0.00910	0.01239	0.00725	0.00840	0.01353	0.01502	0.06056	0.45923	0.03304	0.06642	0.00961	0.00621	0.00169	0.00404	0.00829	0.00533	0.12800
4	0.01462	0.12992	0.02233	0.02630	0.48544	0.05895	0.01452	0.01758	0.01303	0.01792	0.01031	0.01304	0.00876	0.00506	0.00519	0.00150	0.00660	0.00451	0.00292	0.14150
5	0.01560	0.01129	0.01173	0.00980	0.01275	0.03763	0.00780	0.32444	0.05674	0.02794	0.13763	0.02312	0.05393	0.00809	0.00553	0.00166	0.00467	0.00649	0.23561	0.00755

[dist]
# distance from previous block
# <min> <max>
0	1

# created by:
# /software/SequenceAnalysis/GenePrediction/augustus/3.0.1/scripts/msa2prfl.pl ./fixed/BUSCOvEOG7BCG2J.fas
