[name]
unknown

[dist]
# distance from previous block
# <min> <max>
0	257

[block]
# block no. 0 follows, 41 sequences, length 49
# corresponding to MSA columns:
# 317-365
name=unknown_A
#
# <colnr> <probs for GDERKNQSTAVLIFYWHMCP>
#	G	D	E	R	K	N	Q	S	T	A	V	L	I	F	Y	W	H	M	C	P
0	0.00727	0.00516	0.00667	0.00764	0.00800	0.00490	0.00504	0.00820	0.01070	0.01431	0.05774	0.60131	0.04853	0.15042	0.03328	0.00304	0.00401	0.01431	0.00497	0.00449
1	0.01294	0.01214	0.01758	0.20952	0.02331	0.01402	0.12607	0.02247	0.36292	0.01954	0.01725	0.01865	0.02668	0.00713	0.00722	0.00198	0.08245	0.00612	0.00420	0.00781
2	0.01170	0.01155	0.01051	0.01005	0.01126	0.20162	0.00739	0.01305	0.01073	0.01292	0.01409	0.02285	0.01396	0.22461	0.36452	0.00608	0.03886	0.00603	0.00312	0.00512
3	0.01246	0.00996	0.01379	0.04417	0.14678	0.01030	0.03822	0.19672	0.01555	0.02099	0.02171	0.37325	0.02316	0.01180	0.00655	0.00204	0.00517	0.03568	0.00477	0.00692
4	0.01366	0.01816	0.21124	0.07372	0.49415	0.05377	0.01802	0.01780	0.01286	0.01805	0.01050	0.01349	0.00843	0.00526	0.00558	0.00173	0.00745	0.00480	0.00272	0.00862
5	0.01773	0.02110	0.01659	0.21028	0.05112	0.48666	0.01247	0.02062	0.05286	0.01484	0.00995	0.01236	0.00803	0.00607	0.00585	0.00165	0.03779	0.00428	0.00297	0.00676
6	0.00832	0.00597	0.00810	0.00895	0.01003	0.00576	0.00717	0.01053	0.01337	0.01792	0.21579	0.24462	0.05292	0.01528	0.00743	0.00233	0.00408	0.35077	0.00554	0.00513
7	0.01014	0.00923	0.01518	0.50509	0.07706	0.01089	0.02569	0.01316	0.01137	0.01491	0.01555	0.21243	0.01537	0.00887	0.00651	0.00202	0.02919	0.00794	0.00327	0.00612
8	0.01080	0.01017	0.01716	0.78523	0.03940	0.01271	0.01589	0.01461	0.01144	0.01461	0.01017	0.01525	0.00762	0.00572	0.00572	0.00191	0.00762	0.00508	0.00254	0.00635
9	0.00697	0.00520	0.00641	0.00737	0.00808	0.00472	0.00501	0.00804	0.01137	0.01469	0.03758	0.58487	0.21628	0.04500	0.00795	0.00234	0.00329	0.01494	0.00524	0.00465
10	0.00787	0.00584	0.00733	0.00696	0.00841	0.00530	0.00522	0.01035	0.01565	0.02166	0.64077	0.04482	0.17428	0.01217	0.00675	0.00182	0.00273	0.01064	0.00613	0.00530
11	0.02156	0.01572	0.01691	0.01303	0.01755	0.01737	0.01074	0.69908	0.05408	0.05413	0.01432	0.01417	0.01013	0.00691	0.00573	0.00173	0.00619	0.00521	0.00576	0.00970
12	0.04288	0.04914	0.45879	0.21098	0.02806	0.01355	0.08381	0.01716	0.01194	0.01737	0.01019	0.01298	0.00743	0.00543	0.00549	0.00182	0.00812	0.00459	0.00253	0.00773
13	0.01172	0.00621	0.00832	0.00847	0.00989	0.00562	0.00608	0.01306	0.01246	0.20519	0.04371	0.57082	0.04559	0.01499	0.00689	0.00217	0.00369	0.01341	0.00578	0.00595
14	0.00815	0.00606	0.00880	0.00869	0.00979	0.00671	0.00671	0.01036	0.01096	0.01572	0.20378	0.02760	0.02434	0.03500	0.58163	0.00732	0.01213	0.00719	0.00388	0.00518
15	0.00875	0.01184	0.20006	0.00929	0.01252	0.00731	0.00922	0.01225	0.01467	0.02058	0.46339	0.03685	0.15002	0.01054	0.00642	0.00182	0.00418	0.00906	0.00516	0.00608
16	0.01148	0.01150	0.02135	0.59268	0.03699	0.01315	0.19971	0.01555	0.01196	0.01555	0.01052	0.01530	0.00789	0.00549	0.00598	0.00191	0.00814	0.00550	0.00263	0.00670
17	0.01413	0.55941	0.23535	0.01179	0.01750	0.01985	0.01304	0.01728	0.01165	0.01476	0.00858	0.01010	0.00732	0.00522	0.00469	0.00143	0.03438	0.00345	0.00244	0.00761
18	0.01896	0.02294	0.01511	0.01315	0.01664	0.58163	0.00997	0.02071	0.01511	0.01517	0.00918	0.01071	0.00765	0.00547	0.00492	0.00132	0.00878	0.00361	0.00306	0.21593
19	0.01155	0.00742	0.00986	0.01286	0.19808	0.00742	0.00743	0.01440	0.01226	0.02066	0.01666	0.01951	0.01324	0.00627	0.00442	0.00143	0.00371	0.00527	0.62129	0.00627
20	0.01485	0.01340	0.01743	0.01455	0.01571	0.01757	0.01210	0.19856	0.01335	0.01940	0.00908	0.01282	0.00807	0.00922	0.01547	0.00230	0.59063	0.00504	0.00332	0.00713
21	0.22121	0.01039	0.01099	0.00823	0.01292	0.00894	0.00663	0.01501	0.01132	0.02042	0.00961	0.01121	0.00790	0.00451	0.00406	0.00108	0.00428	0.00332	0.00343	0.62454
22	0.00797	0.00541	0.00639	0.00671	0.00684	0.00531	0.00400	0.00831	0.00925	0.01238	0.04683	0.22933	0.02624	0.57446	0.02283	0.00460	0.00488	0.01040	0.00403	0.00383
23	0.01348	0.01764	0.21197	0.03035	0.57646	0.01351	0.01846	0.01770	0.01278	0.01854	0.01063	0.01363	0.00860	0.00518	0.00560	0.00173	0.00721	0.00488	0.00273	0.00891
24	0.02566	0.00973	0.01327	0.01018	0.01460	0.00841	0.00841	0.02788	0.01637	0.76726	0.02257	0.01947	0.01416	0.00708	0.00575	0.00177	0.00487	0.00575	0.00708	0.00973
25	0.01875	0.01245	0.01394	0.01160	0.01542	0.01351	0.00928	0.18426	0.40947	0.21460	0.02103	0.01922	0.01495	0.00739	0.00578	0.00185	0.00500	0.00600	0.00612	0.00937
26	0.00909	0.00800	0.01391	0.01169	0.01386	0.00745	0.19183	0.01178	0.01385	0.01908	0.33493	0.26712	0.04979	0.01192	0.00692	0.00199	0.00465	0.01128	0.00512	0.00574
27	0.01071	0.00777	0.00930	0.00928	0.01068	0.00796	0.00672	0.19423	0.01498	0.02003	0.02702	0.59754	0.03072	0.01512	0.00690	0.00217	0.00407	0.01345	0.00541	0.00593
28	0.00793	0.00584	0.00742	0.00702	0.00844	0.00533	0.00527	0.01047	0.01580	0.02201	0.67320	0.04425	0.14163	0.01204	0.00675	0.00182	0.00272	0.01056	0.00617	0.00533
29	0.00978	0.00539	0.00782	0.00815	0.00853	0.00539	0.00600	0.00879	0.00908	0.01220	0.01542	0.02946	0.01593	0.01833	0.01798	0.59086	0.00495	0.18709	0.03554	0.00330
30	0.00805	0.00569	0.00610	0.00600	0.00765	0.00509	0.00450	0.01010	0.01350	0.01866	0.20959	0.04368	0.40951	0.01186	0.00606	0.00175	0.00279	0.00997	0.21435	0.00509
31	0.01350	0.01543	0.03375	0.02411	0.02989	0.01446	0.74253	0.01832	0.01350	0.01832	0.01157	0.01543	0.00868	0.00482	0.00675	0.00193	0.00964	0.00675	0.00289	0.00771
32	0.00762	0.00557	0.00712	0.00810	0.00892	0.00525	0.00598	0.00902	0.01162	0.01507	0.03438	0.42103	0.15448	0.08602	0.00930	0.00262	0.00394	0.19411	0.00514	0.00473
33	0.01436	0.01165	0.01320	0.00966	0.01461	0.01018	0.00781	0.19903	0.01566	0.02304	0.01107	0.01233	0.00879	0.00490	0.00461	0.00107	0.00476	0.00383	0.00398	0.62544
34	0.01314	0.00726	0.00992	0.00997	0.01200	0.00690	0.00833	0.01574	0.02856	0.20701	0.06584	0.14194	0.02956	0.01349	0.00718	0.00232	0.00478	0.40389	0.00579	0.00640
35	0.00947	0.00519	0.00750	0.00739	0.00773	0.00508	0.00508	0.00830	0.00966	0.01322	0.19976	0.02380	0.02108	0.01780	0.01841	0.62316	0.00439	0.00633	0.00345	0.00322
36	0.00746	0.00582	0.00676	0.00653	0.00815	0.00513	0.00490	0.00956	0.01469	0.01937	0.42545	0.04860	0.39103	0.01302	0.00675	0.00186	0.00279	0.01117	0.00583	0.00513
37	0.04206	0.00659	0.00717	0.00680	0.00747	0.00678	0.00428	0.06806	0.01046	0.01498	0.04354	0.03320	0.01997	0.60666	0.02323	0.00459	0.00521	0.00767	0.07700	0.00431
38	0.00818	0.00598	0.00783	0.00821	0.00949	0.00563	0.00650	0.01052	0.01425	0.01925	0.36159	0.14070	0.12245	0.01406	0.00719	0.00214	0.00362	0.24147	0.00574	0.00520
39	0.02174	0.01602	0.01717	0.01316	0.01774	0.01774	0.01087	0.74423	0.02689	0.03605	0.01373	0.01373	0.00973	0.00687	0.00572	0.00172	0.00629	0.00515	0.00572	0.00973
40	0.21806	0.00698	0.00734	0.00719	0.00886	0.00709	0.00531	0.01132	0.01262	0.02033	0.29987	0.17237	0.11448	0.07472	0.00783	0.00220	0.00350	0.00962	0.00508	0.00524
41	0.02128	0.00867	0.01149	0.00918	0.01249	0.00768	0.00716	0.02293	0.01433	0.57596	0.02142	0.02401	0.01584	0.20742	0.01166	0.00272	0.00504	0.00640	0.00617	0.00815
42	0.00879	0.00716	0.01083	0.01483	0.19930	0.00691	0.00841	0.01039	0.01148	0.01563	0.02627	0.59765	0.03055	0.01468	0.00689	0.00217	0.00420	0.01344	0.00468	0.00576
43	0.01080	0.01017	0.01716	0.78523	0.03940	0.01271	0.01589	0.01461	0.01144	0.01461	0.01017	0.01525	0.00762	0.00572	0.00572	0.00191	0.00762	0.00508	0.00254	0.00635
44	0.01807	0.02177	0.01369	0.01259	0.01479	0.58110	0.00913	0.01917	0.01421	0.01326	0.01116	0.01717	0.01076	0.20653	0.01122	0.00250	0.00911	0.00486	0.00308	0.00583
45	0.00756	0.00522	0.00642	0.00719	0.00751	0.00499	0.00459	0.00830	0.01017	0.01368	0.02741	0.47817	0.05842	0.28519	0.01463	0.00338	0.00404	0.01297	0.03589	0.00427
46	0.01898	0.01454	0.01716	0.20848	0.02322	0.01647	0.01214	0.55965	0.02298	0.03063	0.01283	0.01412	0.00920	0.00658	0.00572	0.00176	0.00663	0.00513	0.00492	0.00887
47	0.01178	0.01013	0.01346	0.01625	0.20202	0.01073	0.01006	0.01939	0.29111	0.02023	0.10196	0.15776	0.04263	0.00996	0.00630	0.00198	0.00471	0.05702	0.00498	0.00755
48	0.50314	0.08527	0.01839	0.01348	0.01776	0.04387	0.19379	0.01863	0.01229	0.02368	0.01080	0.01347	0.00876	0.00639	0.00526	0.00208	0.00675	0.00467	0.00387	0.00764

[dist]
# distance from previous block
# <min> <max>
2	11

[block]
# block no. 1 follows, 41 sequences, length 39
# corresponding to MSA columns:
# 377-415
name=unknown_B
#
# <colnr> <probs for GDERKNQSTAVLIFYWHMCP>
#	G	D	E	R	K	N	Q	S	T	A	V	L	I	F	Y	W	H	M	C	P
0	0.02316	0.07937	0.01886	0.01418	0.01853	0.01717	0.01119	0.44350	0.05002	0.11828	0.05262	0.02178	0.01637	0.03905	0.00808	0.00252	0.00702	0.00662	0.00665	0.04503
1	0.00879	0.00644	0.00800	0.00792	0.00921	0.00582	0.00573	0.01070	0.01535	0.02128	0.52691	0.19834	0.12509	0.01383	0.00727	0.00210	0.00323	0.01197	0.00629	0.00572
2	0.01466	0.01546	0.04990	0.07904	0.02899	0.01440	0.56704	0.01875	0.01377	0.05160	0.01268	0.01659	0.00970	0.00589	0.00742	0.00208	0.04258	0.00661	0.00339	0.03944
3	0.04377	0.09150	0.53480	0.01606	0.05220	0.01445	0.01802	0.02016	0.08127	0.05230	0.01276	0.01440	0.00952	0.00634	0.00571	0.00195	0.00781	0.00473	0.00335	0.00890
4	0.05096	0.05350	0.12162	0.02171	0.02764	0.01489	0.55075	0.01915	0.01378	0.04642	0.01248	0.01596	0.00949	0.00569	0.00668	0.00205	0.00920	0.00637	0.00335	0.00830
5	0.00718	0.00510	0.00672	0.00794	0.00829	0.00481	0.00534	0.00817	0.01084	0.01443	0.03035	0.69919	0.03620	0.08226	0.00913	0.00260	0.00359	0.04813	0.00516	0.00458
6	0.02369	0.01119	0.01397	0.01089	0.01522	0.01078	0.00894	0.16216	0.09822	0.54986	0.02099	0.01860	0.01369	0.00711	0.00575	0.00178	0.00510	0.00572	0.00669	0.00966
7	0.01777	0.01299	0.04361	0.01154	0.01531	0.04506	0.00946	0.07582	0.42545	0.22126	0.04401	0.02015	0.01635	0.00747	0.00578	0.00185	0.00508	0.00610	0.00590	0.00904
8	0.75481	0.09227	0.01062	0.00775	0.01143	0.01384	0.00656	0.01685	0.00993	0.02441	0.00796	0.00928	0.00631	0.00527	0.00355	0.00171	0.00460	0.00309	0.00343	0.00631
9	0.83938	0.01106	0.00841	0.00752	0.01106	0.01283	0.00619	0.01681	0.00973	0.02566	0.00796	0.00929	0.00619	0.00531	0.00354	0.00177	0.00442	0.00310	0.00354	0.00619
10	0.01221	0.00747	0.00904	0.00825	0.01060	0.00703	0.00645	0.01607	0.10724	0.17657	0.23405	0.07034	0.23887	0.01156	0.00653	0.00193	0.00364	0.05959	0.00601	0.00657
11	0.00697	0.00498	0.00664	0.00796	0.00830	0.00465	0.00531	0.00796	0.01095	0.01460	0.03153	0.79525	0.03783	0.01792	0.00730	0.00232	0.00332	0.01626	0.00531	0.00465
12	0.00994	0.00497	0.00745	0.00745	0.00745	0.00497	0.00497	0.00745	0.00745	0.00994	0.00994	0.01739	0.00994	0.01987	0.02235	0.83358	0.00497	0.00497	0.00248	0.00248
13	0.00832	0.00555	0.00624	0.00624	0.00624	0.00555	0.00347	0.00832	0.00832	0.01109	0.01802	0.03743	0.02080	0.79898	0.02911	0.00555	0.00555	0.00832	0.00347	0.00347
14	0.01265	0.01078	0.01279	0.04359	0.01512	0.00929	0.00783	0.06820	0.03920	0.01969	0.01077	0.01252	0.00880	0.00489	0.00516	0.00108	0.04188	0.00378	0.00357	0.66841
15	0.01529	0.80242	0.02997	0.00979	0.01468	0.02263	0.00979	0.01713	0.01162	0.01346	0.00795	0.00918	0.00734	0.00489	0.00367	0.00122	0.00612	0.00306	0.00245	0.00734
16	0.00697	0.00498	0.00664	0.00796	0.00830	0.00465	0.00531	0.00796	0.01095	0.01460	0.03153	0.79525	0.03783	0.01792	0.00730	0.00232	0.00332	0.01626	0.00531	0.00465
17	0.01423	0.01229	0.01293	0.01164	0.01487	0.01423	0.00905	0.03039	0.75297	0.02393	0.02328	0.02134	0.01746	0.00776	0.00582	0.00194	0.00453	0.00647	0.00582	0.00905
18	0.01831	0.00856	0.01119	0.00939	0.01252	0.00781	0.00750	0.05397	0.03868	0.42556	0.17220	0.10858	0.05230	0.00977	0.00624	0.00188	0.00427	0.03683	0.00650	0.00795
19	0.00995	0.00799	0.00965	0.00835	0.01126	0.00659	0.00623	0.03402	0.01213	0.01767	0.05160	0.34148	0.02278	0.01037	0.00567	0.00153	0.00385	0.00914	0.00439	0.42534
20	0.01529	0.80242	0.02997	0.00979	0.01468	0.02263	0.00979	0.01713	0.01162	0.01346	0.00795	0.00918	0.00734	0.00489	0.00367	0.00122	0.00612	0.00306	0.00245	0.00734
21	0.02079	0.01532	0.01674	0.01287	0.01726	0.01683	0.01062	0.64448	0.02481	0.05347	0.01345	0.01371	0.00966	0.00685	0.00623	0.00170	0.04250	0.00505	0.00546	0.06220
22	0.01423	0.01229	0.01293	0.01164	0.01487	0.01423	0.00905	0.03039	0.75297	0.02393	0.02328	0.02134	0.01746	0.00776	0.00582	0.00194	0.00453	0.00647	0.00582	0.00905
23	0.00981	0.00497	0.00742	0.00747	0.00749	0.00495	0.00498	0.00747	0.00760	0.01013	0.01083	0.04960	0.01109	0.01979	0.02173	0.79916	0.00490	0.00544	0.00260	0.00257
24	0.00688	0.00580	0.00596	0.00592	0.00780	0.00488	0.00444	0.00844	0.01332	0.01612	0.12060	0.05395	0.69790	0.01424	0.00676	0.00192	0.00288	0.01192	0.00540	0.00488
25	0.00723	0.00517	0.00694	0.00826	0.00871	0.00487	0.00577	0.00842	0.01121	0.01490	0.03138	0.70984	0.03726	0.01767	0.00737	0.00236	0.00355	0.09908	0.00530	0.00472
26	0.01186	0.01017	0.01186	0.00847	0.01356	0.00762	0.00678	0.01440	0.01186	0.01864	0.01017	0.01186	0.00847	0.00424	0.00424	0.00085	0.00424	0.00339	0.00339	0.83395
27	0.00749	0.00582	0.00681	0.00656	0.00817	0.00514	0.00492	0.00962	0.01476	0.01954	0.44169	0.04832	0.37468	0.01296	0.00675	0.00186	0.00279	0.01113	0.00585	0.00514
28	0.01887	0.01363	0.01457	0.01160	0.01540	0.01502	0.00943	0.54585	0.08022	0.03201	0.01585	0.04098	0.01204	0.00726	0.00550	0.00169	0.00547	0.00564	0.14016	0.00879
29	0.00747	0.00546	0.00702	0.00740	0.00836	0.00501	0.00526	0.00930	0.01358	0.01855	0.37212	0.37508	0.11477	0.01470	0.00699	0.00204	0.00299	0.01311	0.00577	0.00501
30	0.83938	0.01106	0.00841	0.00752	0.01106	0.01283	0.00619	0.01681	0.00973	0.02566	0.00796	0.00929	0.00619	0.00531	0.00354	0.00177	0.00442	0.00310	0.00354	0.00619
31	0.00826	0.00577	0.00729	0.00726	0.00857	0.00523	0.00531	0.01030	0.01436	0.04798	0.43132	0.22987	0.17005	0.01354	0.00685	0.00195	0.00297	0.01193	0.00591	0.00528
32	0.00836	0.00684	0.00752	0.00746	0.00925	0.00659	0.00553	0.01259	0.14807	0.01795	0.15031	0.18081	0.39059	0.01347	0.00668	0.00198	0.00324	0.01155	0.00555	0.00565
33	0.02137	0.02726	0.01621	0.01474	0.01768	0.77602	0.01105	0.02284	0.01621	0.01400	0.00884	0.01031	0.00737	0.00589	0.00516	0.00147	0.01031	0.00368	0.00295	0.00663
34	0.00697	0.00498	0.00664	0.00796	0.00830	0.00465	0.00531	0.00796	0.01095	0.01460	0.03153	0.79525	0.03783	0.01792	0.00730	0.00232	0.00332	0.01626	0.00531	0.00465
35	0.00696	0.00501	0.00660	0.00788	0.00827	0.00465	0.00527	0.00797	0.01103	0.01463	0.03253	0.76702	0.06541	0.01779	0.00728	0.00231	0.00330	0.01610	0.00531	0.00465
36	0.00676	0.00579	0.00579	0.00579	0.00773	0.00483	0.00435	0.00821	0.01304	0.01545	0.05794	0.05505	0.76098	0.01449	0.00676	0.00193	0.00290	0.01207	0.00531	0.00483
37	0.00825	0.00609	0.00775	0.00736	0.00877	0.00573	0.00550	0.01141	0.04812	0.02228	0.66419	0.07450	0.08456	0.01192	0.00673	0.00183	0.00281	0.01051	0.00619	0.00550
38	0.01147	0.02959	0.76934	0.01630	0.02476	0.01328	0.02113	0.01811	0.01208	0.01811	0.01026	0.01208	0.00725	0.00543	0.00543	0.00181	0.00845	0.00423	0.00242	0.00845

[dist]
# distance from previous block
# <min> <max>
0	36

[block]
# block no. 2 follows, 41 sequences, length 10
# corresponding to MSA columns:
# 452-461
name=unknown_C
#
# <colnr> <probs for GDERKNQSTAVLIFYWHMCP>
#	G	D	E	R	K	N	Q	S	T	A	V	L	I	F	Y	W	H	M	C	P
0	0.02230	0.01512	0.01661	0.01273	0.01729	0.01640	0.01052	0.64162	0.02539	0.14079	0.01500	0.01455	0.01036	0.00690	0.00573	0.00172	0.00609	0.00524	0.00592	0.00973
1	0.00757	0.00588	0.00702	0.00758	0.00902	0.00532	0.00593	0.00936	0.01294	0.01629	0.09429	0.18311	0.38683	0.01524	0.00717	0.00218	0.00361	0.21034	0.00537	0.00496
2	0.04885	0.00767	0.00989	0.00833	0.01108	0.00697	0.00660	0.01851	0.01568	0.33993	0.35821	0.02982	0.03204	0.00908	0.00598	0.00175	0.00369	0.00771	0.07093	0.00727
3	0.00712	0.00507	0.00670	0.00782	0.00821	0.00475	0.00523	0.00820	0.01123	0.01508	0.08780	0.69928	0.03826	0.05574	0.00833	0.00244	0.00338	0.01541	0.00530	0.00465
4	0.00817	0.00613	0.00919	0.00919	0.01021	0.00715	0.00715	0.01021	0.00919	0.01328	0.01532	0.02247	0.01430	0.04290	0.77631	0.00919	0.01532	0.00613	0.00306	0.00511
5	0.00994	0.00497	0.00745	0.00745	0.00745	0.00497	0.00497	0.00745	0.00745	0.00994	0.00994	0.01739	0.00994	0.01987	0.02235	0.83358	0.00497	0.00497	0.00248	0.00248
6	0.00726	0.00514	0.00668	0.00765	0.00803	0.00484	0.00506	0.00828	0.01107	0.01489	0.09765	0.61990	0.03697	0.12570	0.01028	0.00272	0.00357	0.01461	0.00515	0.00455
7	0.01425	0.00855	0.00905	0.00787	0.01025	0.00903	0.00620	0.18371	0.07289	0.06270	0.01808	0.01948	0.01372	0.00682	0.00462	0.00149	0.00376	0.00540	0.53528	0.00685
8	0.02174	0.01602	0.01717	0.01316	0.01774	0.01774	0.01087	0.74423	0.02689	0.03605	0.01373	0.01373	0.00973	0.00687	0.00572	0.00172	0.00629	0.00515	0.00572	0.00973
9	0.02174	0.01602	0.01717	0.01316	0.01774	0.01774	0.01087	0.74423	0.02689	0.03605	0.01373	0.01373	0.00973	0.00687	0.00572	0.00172	0.00629	0.00515	0.00572	0.00973

[dist]
# distance from previous block
# <min> <max>
0	52

# created by:
# /software/SequenceAnalysis/GenePrediction/augustus/3.0.1/scripts/msa2prfl.pl ./fixed/BUSCOvEOG79CRP5.fas
