[name]
unknown

[dist]
# distance from previous block
# <min> <max>
37	193

[block]
# block no. 0 follows, 41 sequences, length 24
# corresponding to MSA columns:
# 228-251
name=unknown_A
#
# <colnr> <probs for GDERKNQSTAVLIFYWHMCP>
#	G	D	E	R	K	N	Q	S	T	A	V	L	I	F	Y	W	H	M	C	P
0	0.01601	0.45364	0.22239	0.01254	0.01830	0.03331	0.01321	0.13246	0.01463	0.01886	0.01014	0.01158	0.00830	0.00579	0.00477	0.00158	0.00704	0.00393	0.00319	0.00831
1	0.01706	0.01200	0.01233	0.01060	0.01366	0.09356	0.00825	0.13437	0.11948	0.19532	0.16748	0.06716	0.10387	0.00968	0.00634	0.00192	0.00514	0.00784	0.00598	0.00796
2	0.01473	0.61169	0.02636	0.01131	0.04218	0.02009	0.01002	0.01639	0.01206	0.01488	0.05194	0.05905	0.01243	0.00688	0.00561	0.00156	0.06767	0.00470	0.00307	0.00737
3	0.01082	0.00760	0.00876	0.00863	0.00976	0.00764	0.00595	0.13792	0.01350	0.01835	0.02483	0.37530	0.04291	0.23887	0.01331	0.00318	0.00466	0.01143	0.05098	0.00559
4	0.00925	0.00643	0.00755	0.00747	0.00808	0.00625	0.00481	0.03868	0.01172	0.01601	0.19194	0.15773	0.03117	0.45494	0.01961	0.00410	0.00478	0.01008	0.00471	0.00470
5	0.01402	0.49526	0.16943	0.01134	0.01616	0.04169	0.01156	0.01646	0.01214	0.01517	0.01280	0.13454	0.01274	0.00751	0.00492	0.00164	0.00646	0.00561	0.00313	0.00743
6	0.01029	0.00735	0.00962	0.00952	0.01137	0.00662	0.02173	0.01204	0.01264	0.05227	0.05545	0.26450	0.05800	0.06605	0.00859	0.00245	0.00464	0.24562	0.00514	0.13612
7	0.01483	0.01795	0.23444	0.06905	0.09834	0.01358	0.12981	0.09732	0.11505	0.06758	0.01553	0.01970	0.01228	0.00709	0.00624	0.00201	0.00738	0.05912	0.00408	0.00862
8	0.01671	0.07093	0.15508	0.03181	0.02455	0.10652	0.34533	0.02059	0.01425	0.13595	0.01310	0.01529	0.00963	0.00586	0.00621	0.00189	0.00867	0.00569	0.00366	0.00829
9	0.00931	0.00598	0.00659	0.00661	0.00689	0.00588	0.00392	0.00959	0.00941	0.01345	0.01910	0.05913	0.02084	0.64222	0.02451	0.00486	0.00523	0.00826	0.13409	0.00415
10	0.01569	0.01406	0.02164	0.08886	0.52392	0.01454	0.02767	0.13303	0.06133	0.02198	0.01260	0.01550	0.01016	0.00601	0.00597	0.00185	0.00688	0.00542	0.00367	0.00923
11	0.01483	0.04232	0.30993	0.09104	0.11768	0.07822	0.01592	0.18381	0.01581	0.02132	0.01193	0.04965	0.00953	0.00636	0.00557	0.00176	0.00752	0.00512	0.00342	0.00826
12	0.01829	0.01414	0.02172	0.04810	0.11698	0.01445	0.21482	0.27194	0.05615	0.14267	0.01449	0.01561	0.01036	0.00611	0.00601	0.00180	0.00703	0.00575	0.00466	0.00892
13	0.13921	0.00639	0.00660	0.00651	0.00708	0.00666	0.00397	0.00964	0.00865	0.01353	0.01698	0.06319	0.01917	0.64281	0.02421	0.00482	0.00528	0.00781	0.00355	0.00394
14	0.01328	0.01311	0.07855	0.07683	0.46322	0.01215	0.01516	0.01715	0.04004	0.05505	0.02214	0.01628	0.01079	0.01140	0.12710	0.00292	0.00809	0.00534	0.00318	0.00820
15	0.01516	0.01337	0.06575	0.25862	0.32296	0.01319	0.01544	0.10211	0.01447	0.10550	0.01225	0.01492	0.00917	0.00574	0.00568	0.00178	0.00687	0.00512	0.00354	0.00835
16	0.01097	0.00950	0.01234	0.01046	0.01249	0.01040	0.05635	0.11908	0.01465	0.01954	0.15445	0.03444	0.30781	0.01122	0.00938	0.00201	0.18523	0.00878	0.00473	0.00617
17	0.00716	0.00516	0.00648	0.00745	0.00791	0.00481	0.00491	0.00805	0.01077	0.01414	0.03239	0.59190	0.11716	0.14060	0.01068	0.00279	0.00362	0.01453	0.00502	0.00448
18	0.01372	0.01294	0.02316	0.15595	0.04107	0.01321	0.31529	0.04807	0.01301	0.06236	0.01132	0.01461	0.00869	0.00576	0.00754	0.00180	0.10501	0.00554	0.00323	0.13771
19	0.06015	0.01482	0.14753	0.29194	0.03831	0.01349	0.01381	0.11300	0.15909	0.07083	0.01393	0.01562	0.01014	0.00627	0.00557	0.00185	0.00662	0.00515	0.00393	0.00795
20	0.01746	0.01035	0.01501	0.01198	0.01544	0.03017	0.12343	0.09218	0.01599	0.31729	0.12630	0.15730	0.02249	0.00923	0.00630	0.00188	0.00533	0.00829	0.00575	0.00782
21	0.00914	0.00722	0.00898	0.00889	0.01035	0.00724	0.03249	0.04668	0.12907	0.01744	0.05903	0.41676	0.14588	0.06295	0.00822	0.00234	0.00393	0.01248	0.00524	0.00567
22	0.01255	0.01308	0.05181	0.23334	0.37260	0.01290	0.13060	0.01628	0.01263	0.01729	0.01384	0.01728	0.05843	0.00586	0.00591	0.00181	0.00728	0.00578	0.00291	0.00781
23	0.01987	0.02480	0.01639	0.06050	0.01871	0.65606	0.01148	0.02146	0.01519	0.01401	0.00879	0.01082	0.00740	0.00629	0.00653	0.00160	0.08674	0.00390	0.00288	0.00658

[dist]
# distance from previous block
# <min> <max>
10	12

[block]
# block no. 1 follows, 41 sequences, length 17
# corresponding to MSA columns:
# 264-280
name=unknown_B
#
# <colnr> <probs for GDERKNQSTAVLIFYWHMCP>
#	G	D	E	R	K	N	Q	S	T	A	V	L	I	F	Y	W	H	M	C	P
0	0.02503	0.01075	0.01390	0.01066	0.01511	0.00992	0.00881	0.14397	0.01808	0.64876	0.02113	0.01854	0.01344	0.00704	0.00575	0.00176	0.00510	0.00565	0.00686	0.00973
1	0.00787	0.00583	0.00737	0.00720	0.00859	0.00533	0.00544	0.01025	0.01518	0.02084	0.55628	0.09004	0.17119	0.01277	0.00685	0.00190	0.00292	0.05290	0.00601	0.00525
2	0.01002	0.00503	0.00751	0.00751	0.00752	0.00502	0.00501	0.00752	0.00751	0.01002	0.01002	0.01749	0.01001	0.01991	0.02237	0.83253	0.00500	0.00499	0.00251	0.00253
3	0.00728	0.00624	0.00628	0.00620	0.00821	0.00543	0.00466	0.00957	0.05650	0.01602	0.05593	0.05313	0.71646	0.01413	0.00674	0.00195	0.00302	0.01176	0.00537	0.00512
4	0.01088	0.01022	0.01720	0.78429	0.03942	0.01275	0.01591	0.01467	0.01149	0.01469	0.01025	0.01536	0.00770	0.00577	0.00575	0.00192	0.00765	0.00511	0.00257	0.00640
5	0.00712	0.00587	0.00624	0.00614	0.00796	0.00500	0.00460	0.00881	0.01374	0.01708	0.20335	0.05255	0.61374	0.01395	0.00679	0.00192	0.00289	0.01173	0.00554	0.00499
6	0.02573	0.00979	0.01333	0.01023	0.01466	0.00845	0.00844	0.02791	0.01642	0.76637	0.02263	0.01957	0.01423	0.00713	0.00579	0.00178	0.00489	0.00578	0.00710	0.00977
7	0.01002	0.00503	0.00751	0.00751	0.00752	0.00502	0.00501	0.00752	0.00751	0.01002	0.01002	0.01749	0.01001	0.01991	0.02237	0.83253	0.00500	0.00499	0.00251	0.00253
8	0.83840	0.01112	0.00847	0.00758	0.01112	0.01287	0.00623	0.01687	0.00979	0.02573	0.00805	0.00941	0.00627	0.00536	0.00358	0.00178	0.00445	0.00313	0.00357	0.00624
9	0.01506	0.16531	0.01667	0.01150	0.01497	0.01594	0.00944	0.04623	0.51923	0.05054	0.01922	0.01832	0.01468	0.00733	0.00615	0.00183	0.04819	0.00569	0.00505	0.00865
10	0.05934	0.01415	0.02467	0.05000	0.02360	0.04094	0.39239	0.01858	0.05919	0.05938	0.01185	0.01491	0.00917	0.00618	0.00841	0.00196	0.14740	0.00585	0.00331	0.04872
11	0.01009	0.00831	0.01073	0.01013	0.01106	0.03496	0.00785	0.04111	0.01025	0.01459	0.01498	0.06365	0.01465	0.10554	0.43277	0.00636	0.15311	0.00656	0.03785	0.00542
12	0.01595	0.01269	0.01619	0.18438	0.11437	0.01421	0.01208	0.20669	0.25021	0.06521	0.01664	0.01841	0.01261	0.00700	0.00584	0.00187	0.00601	0.02627	0.00478	0.00860
13	0.01455	0.01417	0.02235	0.13520	0.53603	0.05586	0.06111	0.05726	0.01382	0.01887	0.01086	0.01426	0.00886	0.00536	0.00575	0.00174	0.00728	0.00515	0.00299	0.00855
14	0.01194	0.01022	0.01192	0.00853	0.01361	0.00767	0.00681	0.01446	0.01191	0.01871	0.01025	0.01197	0.00855	0.00429	0.00427	0.00086	0.00426	0.00342	0.00342	0.83292
15	0.02112	0.06778	0.01698	0.01452	0.01758	0.73573	0.01102	0.02259	0.01601	0.01405	0.00888	0.01037	0.00744	0.00590	0.00511	0.00148	0.01012	0.00368	0.00295	0.00671
16	0.01339	0.01491	0.03064	0.02238	0.02705	0.01509	0.60030	0.01749	0.01263	0.01751	0.01086	0.01497	0.00853	0.00588	0.00911	0.00205	0.16044	0.00644	0.00285	0.00747

[dist]
# distance from previous block
# <min> <max>
0	1

[block]
# block no. 2 follows, 41 sequences, length 18
# corresponding to MSA columns:
# 282-299
name=unknown_C
#
# <colnr> <probs for GDERKNQSTAVLIFYWHMCP>
#	G	D	E	R	K	N	Q	S	T	A	V	L	I	F	Y	W	H	M	C	P
0	0.00977	0.00723	0.00990	0.00994	0.01108	0.00783	0.00747	0.04074	0.01105	0.01563	0.01945	0.17058	0.01962	0.03676	0.58416	0.00766	0.01288	0.00838	0.00402	0.00586
1	0.01486	0.01390	0.02300	0.13624	0.65243	0.01407	0.01765	0.01793	0.01354	0.01921	0.01188	0.01594	0.01000	0.00599	0.00618	0.00195	0.00728	0.00548	0.00321	0.00927
2	0.01550	0.01107	0.01298	0.00979	0.01467	0.00889	0.00772	0.01849	0.06129	0.14387	0.01428	0.01541	0.01114	0.00576	0.00513	0.00131	0.00478	0.00439	0.00457	0.62896
3	0.01693	0.01245	0.01364	0.01170	0.01528	0.01316	0.00912	0.11932	0.42749	0.11751	0.06846	0.02352	0.04685	0.00856	0.00628	0.00202	0.00502	0.00679	0.00616	0.06973
4	0.00966	0.00693	0.00951	0.00946	0.01053	0.00760	0.00712	0.01124	0.01016	0.01496	0.01692	0.02498	0.01585	0.09715	0.64064	0.00833	0.01373	0.00659	0.07298	0.00565
5	0.01045	0.00705	0.00893	0.00842	0.01007	0.00640	0.00637	0.01269	0.01653	0.06770	0.62338	0.04447	0.07671	0.01251	0.00726	0.00208	0.00348	0.06266	0.00658	0.00627
6	0.00937	0.00677	0.00855	0.00805	0.00950	0.00615	0.00595	0.01169	0.01686	0.02392	0.74705	0.04381	0.05424	0.01238	0.00724	0.00202	0.00315	0.01063	0.00665	0.00604
7	0.01071	0.00884	0.01216	0.01131	0.01245	0.01031	0.00886	0.01219	0.01016	0.01502	0.01491	0.05648	0.01435	0.03102	0.48613	0.00672	0.20181	0.00649	0.00347	0.06662
8	0.01095	0.00927	0.01305	0.03457	0.01357	0.01146	0.00970	0.01242	0.00992	0.01465	0.01370	0.02044	0.01289	0.03103	0.48915	0.00685	0.27084	0.00609	0.00328	0.00617
9	0.01835	0.01370	0.01503	0.01216	0.01604	0.01414	0.00960	0.47358	0.02190	0.02990	0.01768	0.16373	0.01599	0.00933	0.00629	0.00191	0.00578	0.00736	0.00563	0.14187
10	0.01459	0.01594	0.03289	0.02394	0.02929	0.01528	0.67250	0.01872	0.01385	0.01905	0.01244	0.01681	0.00973	0.00604	0.00817	0.00219	0.07013	0.00697	0.00328	0.00820
11	0.01538	0.01308	0.01373	0.01241	0.01570	0.01481	0.00953	0.03091	0.73945	0.02490	0.02424	0.02283	0.01843	0.00852	0.00633	0.00216	0.00494	0.00682	0.00618	0.00963
12	0.01459	0.01128	0.01306	0.00968	0.01471	0.00893	0.00764	0.05476	0.01373	0.07537	0.01247	0.01419	0.01010	0.00541	0.00496	0.00120	0.00481	0.00407	0.00419	0.71484
13	0.01026	0.00770	0.01051	0.01015	0.01115	0.00885	0.00781	0.01183	0.01022	0.01534	0.01598	0.02322	0.01482	0.06584	0.55147	0.00741	0.10741	0.00635	0.09783	0.00585
14	0.01765	0.00903	0.01148	0.00974	0.01271	0.00822	0.00759	0.02089	0.07877	0.35311	0.35901	0.03173	0.03357	0.01001	0.00672	0.00202	0.00426	0.00827	0.00696	0.00826
15	0.00942	0.00641	0.00716	0.00685	0.00724	0.00655	0.00412	0.07008	0.00993	0.01325	0.01792	0.05003	0.02019	0.71746	0.02673	0.00516	0.00557	0.00821	0.00369	0.00401
16	0.01104	0.00889	0.00995	0.00959	0.02563	0.00935	0.00725	0.01916	0.33308	0.04203	0.14664	0.05946	0.22639	0.01095	0.00639	0.00196	0.00387	0.05569	0.00568	0.00698
17	0.02020	0.01522	0.01574	0.01247	0.01660	0.05131	0.01015	0.55330	0.11844	0.05415	0.01530	0.01519	0.01104	0.00693	0.00560	0.00171	0.00599	0.00528	0.05615	0.00923

[dist]
# distance from previous block
# <min> <max>
5	6

[block]
# block no. 3 follows, 41 sequences, length 6
# corresponding to MSA columns:
# 306-311
name=unknown_D
#
# <colnr> <probs for GDERKNQSTAVLIFYWHMCP>
#	G	D	E	R	K	N	Q	S	T	A	V	L	I	F	Y	W	H	M	C	P
0	0.01550	0.01660	0.01546	0.04194	0.01650	0.28132	0.04795	0.06178	0.07239	0.01691	0.03512	0.01631	0.03326	0.01088	0.08085	0.00253	0.17809	0.00525	0.04469	0.00667
1	0.01084	0.00899	0.01262	0.06587	0.19782	0.00911	0.00975	0.01504	0.11028	0.03879	0.10116	0.08544	0.17474	0.04795	0.00749	0.00213	0.00483	0.08582	0.00464	0.00669
2	0.01106	0.00948	0.01091	0.00805	0.01264	0.00719	0.00640	0.01343	0.01205	0.01814	0.01765	0.01862	0.12632	0.00584	0.00463	0.00102	0.00403	0.00475	0.00369	0.70410
3	0.00752	0.00692	0.06405	0.00832	0.00921	0.00544	0.00621	0.00878	0.01062	0.01432	0.02781	0.61754	0.03286	0.13930	0.01058	0.00279	0.00405	0.01411	0.00480	0.00475
4	0.00697	0.00498	0.00664	0.00796	0.00830	0.00465	0.00531	0.00796	0.01095	0.01460	0.03153	0.79525	0.03783	0.01792	0.00730	0.00232	0.00332	0.01626	0.00531	0.00465
5	0.29009	0.05332	0.00969	0.00779	0.01019	0.01061	0.00625	0.07982	0.01238	0.02263	0.04918	0.04698	0.01358	0.03977	0.00611	0.00181	0.04820	0.00520	0.28031	0.00608

[dist]
# distance from previous block
# <min> <max>
1	35

[block]
# block no. 4 follows, 41 sequences, length 6
# corresponding to MSA columns:
# 347-352
name=unknown_E
#
# <colnr> <probs for GDERKNQSTAVLIFYWHMCP>
#	G	D	E	R	K	N	Q	S	T	A	V	L	I	F	Y	W	H	M	C	P
0	0.01316	0.05584	0.03181	0.01029	0.02765	0.07862	0.00808	0.04773	0.19536	0.06604	0.25567	0.02748	0.07234	0.02443	0.00633	0.00179	0.00469	0.00727	0.00521	0.06025
1	0.01019	0.00688	0.00768	0.00718	0.00791	0.00714	0.00461	0.10173	0.01099	0.01515	0.01741	0.03248	0.01862	0.60175	0.05878	0.00490	0.00587	0.00758	0.06868	0.00448
2	0.01183	0.02078	0.41904	0.01439	0.02072	0.01158	0.08481	0.06284	0.01298	0.01894	0.01328	0.11136	0.01162	0.00683	0.00560	0.00171	0.00703	0.00590	0.00321	0.15555
3	0.01596	0.01404	0.01339	0.01140	0.01499	0.11509	0.00894	0.14322	0.35654	0.05046	0.02078	0.01996	0.07135	0.00742	0.00559	0.00170	0.00544	0.00590	0.00512	0.11270
4	0.01310	0.01416	0.11113	0.03565	0.09169	0.05022	0.01283	0.01555	0.01070	0.05831	0.01065	0.01456	0.00915	0.01184	0.09530	0.00289	0.38089	0.00504	0.04948	0.00686
5	0.01678	0.03967	0.01585	0.01344	0.01592	0.38509	0.05179	0.07513	0.01437	0.01607	0.01100	0.01445	0.00954	0.04031	0.12608	0.00295	0.09750	0.00473	0.04282	0.00650

[dist]
# distance from previous block
# <min> <max>
47	140

[block]
# block no. 5 follows, 41 sequences, length 10
# corresponding to MSA columns:
# 496-505
name=unknown_F
#
# <colnr> <probs for GDERKNQSTAVLIFYWHMCP>
#	G	D	E	R	K	N	Q	S	T	A	V	L	I	F	Y	W	H	M	C	P
0	0.00745	0.00549	0.00715	0.00801	0.00881	0.00494	0.00545	0.00859	0.01104	0.01500	0.02944	0.71860	0.03496	0.01658	0.00700	0.00218	0.00341	0.01500	0.00512	0.08579
1	0.01147	0.02959	0.76934	0.01630	0.02476	0.01328	0.02113	0.01811	0.01208	0.01811	0.01026	0.01208	0.00725	0.00543	0.00543	0.00181	0.00845	0.00423	0.00242	0.00845
2	0.02408	0.01227	0.01484	0.01138	0.01586	0.01216	0.00940	0.31632	0.02061	0.47284	0.01901	0.01716	0.01237	0.00699	0.00574	0.00175	0.00544	0.00551	0.00653	0.00973
3	0.00711	0.00508	0.00655	0.00766	0.00803	0.00476	0.00505	0.00802	0.01075	0.01424	0.03123	0.67327	0.07019	0.10728	0.00978	0.00267	0.00355	0.01515	0.00510	0.00452
4	0.01266	0.01193	0.01950	0.36807	0.36653	0.01326	0.01598	0.01750	0.08471	0.01738	0.01172	0.01535	0.00924	0.00564	0.00570	0.00182	0.00694	0.00522	0.00299	0.00785
5	0.01921	0.01594	0.01657	0.01344	0.01654	0.11541	0.01097	0.40504	0.01989	0.06496	0.01212	0.01351	0.00924	0.00755	0.00892	0.00188	0.20570	0.00496	0.02987	0.00831
6	0.00998	0.00665	0.00784	0.00808	0.00926	0.00669	0.00579	0.11503	0.01349	0.01930	0.02587	0.49657	0.02821	0.01362	0.00628	0.00200	0.00359	0.01203	0.20418	0.00554
7	0.02338	0.00923	0.01254	0.00979	0.01381	0.00802	0.00802	0.02565	0.01635	0.67048	0.11849	0.02249	0.01934	0.00768	0.00588	0.00177	0.00459	0.00635	0.00698	0.00917
8	0.01580	0.01117	0.01296	0.00987	0.01431	0.01010	0.00793	0.20661	0.01630	0.12017	0.01465	0.08430	0.01220	0.00653	0.00510	0.00133	0.00477	0.00532	0.00465	0.43592
9	0.02252	0.01157	0.01405	0.01107	0.01522	0.01148	0.00903	0.23764	0.08591	0.44638	0.02049	0.05776	0.01437	0.00763	0.00583	0.00180	0.00518	0.00618	0.00648	0.00941

[dist]
# distance from previous block
# <min> <max>
0	69

# created by:
# /software/SequenceAnalysis/GenePrediction/augustus/3.0.1/scripts/msa2prfl.pl ./fixed/BUSCOvEOG7K3N9Q.fas
