[name]
unknown

[dist]
# distance from previous block
# <min> <max>
0	110

[block]
# block no. 0 follows, 41 sequences, length 7
# corresponding to MSA columns:
# 111-117
name=unknown_A
#
# <colnr> <probs for GDERKNQSTAVLIFYWHMCP>
#	G	D	E	R	K	N	Q	S	T	A	V	L	I	F	Y	W	H	M	C	P
0	0.01438	0.01120	0.01297	0.00957	0.01459	0.00892	0.00758	0.06352	0.01375	0.06944	0.01219	0.01385	0.00986	0.00527	0.00487	0.00116	0.00476	0.00400	0.00412	0.71401
1	0.02159	0.01567	0.01670	0.01307	0.01739	0.01706	0.01063	0.66881	0.02595	0.03535	0.01510	0.01574	0.01108	0.00749	0.00598	0.00186	0.00629	0.00548	0.07895	0.00980
2	0.02532	0.01029	0.01362	0.01044	0.01488	0.00923	0.00862	0.09124	0.01730	0.70259	0.02178	0.01896	0.01377	0.00706	0.00575	0.00177	0.00499	0.00570	0.00696	0.00973
3	0.01350	0.01543	0.03375	0.02411	0.02989	0.01446	0.74253	0.01832	0.01350	0.01832	0.01157	0.01543	0.00868	0.00482	0.00675	0.00193	0.00964	0.00675	0.00289	0.00771
4	0.01350	0.01543	0.03375	0.02411	0.02989	0.01446	0.74253	0.01832	0.01350	0.01832	0.01157	0.01543	0.00868	0.00482	0.00675	0.00193	0.00964	0.00675	0.00289	0.00771
5	0.01529	0.80242	0.02997	0.00979	0.01468	0.02263	0.00979	0.01713	0.01162	0.01346	0.00795	0.00918	0.00734	0.00489	0.00367	0.00122	0.00612	0.00306	0.00245	0.00734
6	0.02566	0.00973	0.01327	0.01018	0.01460	0.00841	0.00841	0.02788	0.01637	0.76726	0.02257	0.01947	0.01416	0.00708	0.00575	0.00177	0.00487	0.00575	0.00708	0.00973

[dist]
# distance from previous block
# <min> <max>
0	1

[block]
# block no. 1 follows, 41 sequences, length 51
# corresponding to MSA columns:
# 119-169
name=unknown_B
#
# <colnr> <probs for GDERKNQSTAVLIFYWHMCP>
#	G	D	E	R	K	N	Q	S	T	A	V	L	I	F	Y	W	H	M	C	P
0	0.00832	0.00555	0.00624	0.00624	0.00624	0.00555	0.00347	0.00832	0.00832	0.01109	0.01802	0.03743	0.02080	0.79898	0.02911	0.00555	0.00555	0.00832	0.00347	0.00347
1	0.01147	0.02959	0.76934	0.01630	0.02476	0.01328	0.02113	0.01811	0.01208	0.01811	0.01026	0.01208	0.00725	0.00543	0.00543	0.00181	0.00845	0.00423	0.00242	0.00845
2	0.00697	0.00498	0.00664	0.00796	0.00830	0.00465	0.00531	0.00796	0.01095	0.01460	0.03153	0.79525	0.03783	0.01792	0.00730	0.00232	0.00332	0.01626	0.00531	0.00465
3	0.00715	0.00581	0.00634	0.00621	0.00797	0.00500	0.00465	0.00897	0.01396	0.01765	0.26376	0.05144	0.55379	0.01367	0.00676	0.00189	0.00284	0.01157	0.00560	0.00500
4	0.02174	0.01602	0.01717	0.01316	0.01774	0.01774	0.01087	0.74423	0.02689	0.03605	0.01373	0.01373	0.00973	0.00687	0.00572	0.00172	0.00629	0.00515	0.00572	0.00973
5	0.00922	0.00658	0.00922	0.01053	0.01185	0.00658	0.00922	0.01185	0.01317	0.01712	0.03029	0.06452	0.03292	0.01580	0.00790	0.00263	0.00527	0.72480	0.00527	0.00527
6	0.61762	0.01102	0.00993	0.00840	0.01218	0.01210	0.00692	0.05595	0.01207	0.19072	0.01149	0.01177	0.00814	0.00578	0.00414	0.00177	0.00462	0.00379	0.00444	0.00716
7	0.00831	0.00557	0.00639	0.00639	0.00644	0.00563	0.00365	0.00841	0.00836	0.01120	0.01789	0.03668	0.02047	0.76086	0.06679	0.00573	0.00604	0.00821	0.00345	0.00355
8	0.02137	0.02726	0.01621	0.01474	0.01768	0.77602	0.01105	0.02284	0.01621	0.01400	0.00884	0.01031	0.00737	0.00589	0.00516	0.00147	0.01031	0.00368	0.00295	0.00663
9	0.00800	0.00578	0.00756	0.00726	0.00853	0.00534	0.00539	0.01057	0.01577	0.02227	0.70156	0.10337	0.05267	0.01220	0.00679	0.00184	0.00275	0.01082	0.00622	0.00534
10	0.02566	0.00973	0.01327	0.01018	0.01460	0.00841	0.00841	0.02788	0.01637	0.76726	0.02257	0.01947	0.01416	0.00708	0.00575	0.00177	0.00487	0.00575	0.00708	0.00973
11	0.00739	0.00538	0.00691	0.00800	0.00861	0.00495	0.00549	0.00848	0.01166	0.01541	0.06555	0.65487	0.11406	0.01735	0.00736	0.00232	0.00343	0.04245	0.00544	0.00488
12	0.01023	0.00519	0.00767	0.00765	0.00768	0.00515	0.00510	0.00768	0.00765	0.01023	0.01022	0.01776	0.01020	0.02000	0.02240	0.82982	0.00507	0.00506	0.00259	0.00265
13	0.00860	0.00653	0.00964	0.00955	0.01057	0.00762	0.00743	0.01053	0.00937	0.01357	0.01536	0.02254	0.01435	0.04198	0.75134	0.00902	0.03738	0.00618	0.00315	0.00529
14	0.01472	0.01259	0.01325	0.01187	0.01516	0.01447	0.00922	0.05147	0.72843	0.02451	0.02323	0.02147	0.01747	0.00792	0.00594	0.00199	0.00468	0.00651	0.00590	0.00921
15	0.01443	0.01377	0.02336	0.03518	0.76007	0.01373	0.01763	0.01774	0.01320	0.01894	0.01104	0.01455	0.00933	0.00529	0.00578	0.00175	0.00688	0.00519	0.00293	0.00920
16	0.00851	0.00619	0.00863	0.00862	0.00940	0.00690	0.00631	0.00994	0.00915	0.01299	0.01629	0.02673	0.01624	0.24026	0.57788	0.00826	0.01282	0.00679	0.00327	0.00483
17	0.02589	0.00994	0.01346	0.01037	0.01480	0.00857	0.00852	0.02801	0.01653	0.76408	0.02280	0.01983	0.01441	0.00726	0.00587	0.00182	0.00497	0.00584	0.00716	0.00987
18	0.02198	0.01619	0.01734	0.01334	0.01792	0.01786	0.01098	0.74108	0.02700	0.03622	0.01400	0.01412	0.00999	0.00705	0.00584	0.00177	0.00639	0.00524	0.00581	0.00986
19	0.01109	0.01037	0.01733	0.78187	0.03948	0.01285	0.01597	0.01481	0.01162	0.01489	0.01045	0.01563	0.00790	0.00591	0.00584	0.00196	0.00771	0.00517	0.00264	0.00650
20	0.00782	0.00586	0.00840	0.00919	0.00991	0.00549	0.04053	0.00908	0.01149	0.01531	0.03065	0.67899	0.03608	0.01722	0.00745	0.00239	0.00392	0.08991	0.00528	0.00501
21	0.02589	0.00994	0.01346	0.01037	0.01480	0.00857	0.00852	0.02801	0.01653	0.76408	0.02280	0.01983	0.01441	0.00726	0.00587	0.00182	0.00497	0.00584	0.00716	0.00987
22	0.79770	0.01201	0.00898	0.00806	0.01159	0.04859	0.00655	0.01728	0.01022	0.02534	0.00830	0.00975	0.00653	0.00553	0.00375	0.00181	0.00480	0.00322	0.00361	0.00636
23	0.01443	0.01377	0.02336	0.03518	0.76007	0.01373	0.01763	0.01774	0.01320	0.01894	0.01104	0.01455	0.00933	0.00529	0.00578	0.00175	0.00688	0.00519	0.00293	0.00920
24	0.01173	0.02879	0.73096	0.05235	0.02559	0.01340	0.02095	0.01813	0.01222	0.01821	0.01055	0.01262	0.00754	0.00564	0.00557	0.00187	0.00850	0.00436	0.00252	0.00849
25	0.02021	0.11963	0.01759	0.01399	0.01707	0.64600	0.01074	0.02162	0.01557	0.01424	0.01009	0.04722	0.00906	0.00653	0.00520	0.00154	0.00956	0.00429	0.00310	0.00677
26	0.00738	0.00603	0.00644	0.00633	0.00815	0.00514	0.00472	0.00903	0.01394	0.01745	0.22012	0.05240	0.59462	0.01399	0.00687	0.00195	0.00296	0.01173	0.00563	0.00512
27	0.01491	0.01268	0.01335	0.01191	0.01523	0.01456	0.00927	0.06914	0.71046	0.02481	0.02299	0.02128	0.01727	0.00789	0.00594	0.00198	0.00472	0.00648	0.00590	0.00923
28	0.01176	0.02970	0.76607	0.01647	0.02491	0.01343	0.02119	0.01829	0.01225	0.01837	0.01055	0.01247	0.00752	0.00563	0.00556	0.00186	0.00853	0.00432	0.00252	0.00859
29	0.01599	0.56923	0.09939	0.01070	0.01582	0.01933	0.01071	0.01906	0.05243	0.08845	0.01083	0.01165	0.00887	0.00548	0.00432	0.00141	0.00615	0.00373	0.00322	0.04322
30	0.01176	0.02970	0.76607	0.01647	0.02491	0.01343	0.02119	0.01829	0.01225	0.01837	0.01055	0.01247	0.00752	0.00563	0.00556	0.00186	0.00853	0.00432	0.00252	0.00859
31	0.02589	0.00994	0.01346	0.01037	0.01480	0.00857	0.00852	0.02801	0.01653	0.76408	0.02280	0.01983	0.01441	0.00726	0.00587	0.00182	0.00497	0.00584	0.00716	0.00987
32	0.01443	0.01377	0.02336	0.03518	0.76007	0.01373	0.01763	0.01774	0.01320	0.01894	0.01104	0.01455	0.00933	0.00529	0.00578	0.00175	0.00688	0.00519	0.00293	0.00920
33	0.01289	0.25916	0.54654	0.01453	0.02192	0.01620	0.01782	0.01800	0.01212	0.01699	0.00987	0.01161	0.00755	0.00547	0.00503	0.00169	0.00784	0.00397	0.00253	0.00826
34	0.00840	0.00607	0.00786	0.00740	0.00877	0.00558	0.00553	0.01101	0.01635	0.02317	0.75713	0.04298	0.05403	0.01186	0.00686	0.00185	0.00281	0.01041	0.00638	0.00555
35	0.01280	0.01270	0.01769	0.01518	0.01521	0.01764	0.01261	0.01397	0.00895	0.01404	0.00781	0.01291	0.00779	0.01018	0.01883	0.00255	0.78502	0.00510	0.00260	0.00641
36	0.01146	0.01074	0.01799	0.69978	0.11870	0.01295	0.01615	0.01513	0.01179	0.01533	0.01052	0.01551	0.00806	0.00584	0.00583	0.00194	0.00762	0.00518	0.00267	0.00680
37	0.02198	0.01619	0.01734	0.01334	0.01792	0.01786	0.01098	0.74108	0.02700	0.03622	0.01400	0.01412	0.00999	0.00705	0.00584	0.00177	0.00639	0.00524	0.00581	0.00986
38	0.00735	0.00525	0.00694	0.00825	0.00864	0.00489	0.00557	0.00831	0.01120	0.01495	0.03168	0.76885	0.03781	0.01799	0.00743	0.00238	0.00349	0.03880	0.00540	0.00482
39	0.01443	0.01377	0.02336	0.03518	0.76007	0.01373	0.01763	0.01774	0.01320	0.01894	0.01104	0.01455	0.00933	0.00529	0.00578	0.00175	0.00688	0.00519	0.00293	0.00920
40	0.00787	0.00650	0.00691	0.00682	0.00875	0.00581	0.00518	0.01045	0.06385	0.01734	0.14390	0.05187	0.58039	0.01389	0.00687	0.00200	0.00321	0.04747	0.00556	0.00537
41	0.04904	0.00997	0.01332	0.01029	0.01470	0.00870	0.00846	0.02770	0.01634	0.74298	0.02238	0.01954	0.01418	0.00721	0.00581	0.00182	0.00495	0.00576	0.00706	0.00977
42	0.02589	0.00994	0.01346	0.01037	0.01480	0.00857	0.00852	0.02801	0.01653	0.76408	0.02280	0.01983	0.01441	0.00726	0.00587	0.00182	0.00497	0.00584	0.00716	0.00987
43	0.83588	0.01126	0.00862	0.00772	0.01128	0.01298	0.00632	0.01700	0.00992	0.02589	0.00826	0.00970	0.00648	0.00550	0.00367	0.00182	0.00452	0.00320	0.00364	0.00634
44	0.00746	0.00632	0.00641	0.00632	0.00832	0.00547	0.00473	0.00955	0.04811	0.01633	0.07640	0.05331	0.70267	0.01424	0.00683	0.00198	0.00308	0.01182	0.00545	0.00520
45	0.00862	0.00577	0.00646	0.00645	0.00648	0.00572	0.00361	0.00854	0.00851	0.01138	0.01827	0.03771	0.02101	0.79553	0.02913	0.00558	0.00564	0.00839	0.00356	0.00363
46	0.01443	0.01377	0.02336	0.03518	0.76007	0.01373	0.01763	0.01774	0.01320	0.01894	0.01104	0.01455	0.00933	0.00529	0.00578	0.00175	0.00688	0.00519	0.00293	0.00920
47	0.01348	0.01347	0.01707	0.01477	0.01534	0.05829	0.01212	0.01643	0.09762	0.01526	0.00975	0.01384	0.00896	0.00969	0.01656	0.00243	0.64993	0.00520	0.00302	0.00676
48	0.00728	0.00520	0.00686	0.00816	0.00852	0.00483	0.00544	0.00819	0.01113	0.01487	0.03172	0.79206	0.03797	0.01805	0.00741	0.00237	0.00342	0.01630	0.00540	0.00480
49	0.01443	0.01377	0.02336	0.03518	0.76007	0.01373	0.01763	0.01774	0.01320	0.01894	0.01104	0.01455	0.00933	0.00529	0.00578	0.00175	0.00688	0.00519	0.00293	0.00920
50	0.01186	0.10776	0.69456	0.01564	0.02374	0.01423	0.01999	0.01801	0.01203	0.01764	0.01003	0.01178	0.00726	0.00538	0.00526	0.00175	0.00822	0.00411	0.00242	0.00834

[dist]
# distance from previous block
# <min> <max>
0	1

[block]
# block no. 2 follows, 41 sequences, length 33
# corresponding to MSA columns:
# 171-203
name=unknown_C
#
# <colnr> <probs for GDERKNQSTAVLIFYWHMCP>
#	G	D	E	R	K	N	Q	S	T	A	V	L	I	F	Y	W	H	M	C	P
0	0.01255	0.01261	0.01842	0.01536	0.01602	0.01682	0.06503	0.01413	0.00925	0.01433	0.00793	0.01269	0.00764	0.00935	0.01719	0.00238	0.69394	0.00505	0.00257	0.04672
1	0.00705	0.00595	0.00612	0.00610	0.00798	0.00511	0.00456	0.00896	0.03313	0.01612	0.09977	0.07334	0.67766	0.01422	0.00675	0.00193	0.00294	0.01193	0.00539	0.00497
2	0.01186	0.01017	0.01186	0.00847	0.01356	0.00762	0.00678	0.01440	0.01186	0.01864	0.01017	0.01186	0.00847	0.00424	0.00424	0.00085	0.00424	0.00339	0.00339	0.83395
3	0.01357	0.01299	0.02215	0.16714	0.63589	0.01344	0.01726	0.01704	0.01274	0.01797	0.01065	0.01435	0.00881	0.00521	0.00567	0.00174	0.00694	0.00509	0.00278	0.00858
4	0.00697	0.00498	0.00664	0.00796	0.00830	0.00465	0.00531	0.00796	0.01095	0.01460	0.03153	0.79525	0.03783	0.01792	0.00730	0.00232	0.00332	0.01626	0.00531	0.00465
5	0.00677	0.00575	0.00584	0.00591	0.00776	0.00482	0.00440	0.00820	0.01293	0.01541	0.05656	0.09396	0.72296	0.01467	0.00679	0.00195	0.00292	0.01229	0.00531	0.00482
6	0.01423	0.01229	0.01293	0.01164	0.01487	0.01423	0.00905	0.03039	0.75297	0.02393	0.02328	0.02134	0.01746	0.00776	0.00582	0.00194	0.00453	0.00647	0.00582	0.00905
7	0.01186	0.01017	0.01186	0.00847	0.01356	0.00762	0.00678	0.01440	0.01186	0.01864	0.01017	0.01186	0.00847	0.00424	0.00424	0.00085	0.00424	0.00339	0.00339	0.83395
8	0.02373	0.00931	0.01266	0.00985	0.01394	0.00808	0.00808	0.02600	0.01635	0.68553	0.10357	0.02202	0.01853	0.00759	0.00586	0.00177	0.00463	0.00626	0.00699	0.00926
9	0.01147	0.02959	0.76934	0.01630	0.02476	0.01328	0.02113	0.01811	0.01208	0.01811	0.01026	0.01208	0.00725	0.00543	0.00543	0.00181	0.00845	0.00423	0.00242	0.00845
10	0.01416	0.01359	0.02322	0.03511	0.76330	0.01359	0.01755	0.01755	0.01302	0.01869	0.01076	0.01416	0.00906	0.00510	0.00566	0.00170	0.00680	0.00510	0.00283	0.00906
11	0.83938	0.01106	0.00841	0.00752	0.01106	0.01283	0.00619	0.01681	0.00973	0.02566	0.00796	0.00929	0.00619	0.00531	0.00354	0.00177	0.00442	0.00310	0.00354	0.00619
12	0.01097	0.01033	0.01745	0.74866	0.07469	0.01275	0.01597	0.01476	0.01151	0.01481	0.01020	0.01520	0.00769	0.00569	0.00572	0.00190	0.00758	0.00508	0.00256	0.00649
13	0.01529	0.80242	0.02997	0.00979	0.01468	0.02263	0.00979	0.01713	0.01162	0.01346	0.00795	0.00918	0.00734	0.00489	0.00367	0.00122	0.00612	0.00306	0.00245	0.00734
14	0.00697	0.00498	0.00664	0.00796	0.00830	0.00465	0.00531	0.00796	0.01095	0.01460	0.03153	0.79525	0.03783	0.01792	0.00730	0.00232	0.00332	0.01626	0.00531	0.00465
15	0.01147	0.02959	0.76934	0.01630	0.02476	0.01328	0.02113	0.01811	0.01208	0.01811	0.01026	0.01208	0.00725	0.00543	0.00543	0.00181	0.00845	0.00423	0.00242	0.00845
16	0.04018	0.01115	0.01343	0.01046	0.01477	0.01066	0.00852	0.15312	0.10467	0.38777	0.03898	0.01782	0.01373	0.00674	0.00548	0.00163	0.00491	0.00540	0.00598	0.14460
17	0.01080	0.01017	0.01716	0.78523	0.03940	0.01271	0.01589	0.01461	0.01144	0.01461	0.01017	0.01525	0.00762	0.00572	0.00572	0.00191	0.00762	0.00508	0.00254	0.00635
18	0.00723	0.00518	0.00687	0.00779	0.00835	0.00482	0.00533	0.00862	0.01216	0.01653	0.20019	0.62108	0.04157	0.01648	0.00717	0.00220	0.00318	0.01489	0.00554	0.00482
19	0.00692	0.00571	0.00609	0.00630	0.00798	0.00489	0.00468	0.00840	0.01288	0.01567	0.07929	0.15444	0.61251	0.01489	0.00687	0.00200	0.00303	0.03725	0.00535	0.00484
20	0.01336	0.41140	0.40407	0.01308	0.01978	0.01790	0.01553	0.01763	0.01185	0.01581	0.00912	0.01064	0.00729	0.00517	0.00456	0.00152	0.00730	0.00365	0.00243	0.00790
21	0.02368	0.01024	0.01321	0.01036	0.01456	0.00949	0.00848	0.06609	0.10227	0.61961	0.02206	0.01943	0.01432	0.00713	0.00571	0.00177	0.00484	0.00579	0.03144	0.00952
22	0.00817	0.00613	0.00919	0.00919	0.01021	0.00715	0.00715	0.01021	0.00919	0.01328	0.01532	0.02247	0.01430	0.04290	0.77631	0.00919	0.01532	0.00613	0.00306	0.00511
23	0.00756	0.00615	0.00673	0.00657	0.00837	0.00550	0.00493	0.01016	0.05472	0.01801	0.25404	0.06938	0.50067	0.01342	0.00672	0.00190	0.00294	0.01138	0.00562	0.00522
24	0.00708	0.00578	0.00625	0.00620	0.00794	0.00495	0.00462	0.00880	0.01369	0.01715	0.21937	0.07945	0.57088	0.01397	0.00678	0.00192	0.00287	0.01183	0.00554	0.00495
25	0.01350	0.01543	0.03375	0.02411	0.02989	0.01446	0.74253	0.01832	0.01350	0.01832	0.01157	0.01543	0.00868	0.00482	0.00675	0.00193	0.00964	0.00675	0.00289	0.00771
26	0.01112	0.00578	0.00582	0.00566	0.00712	0.00585	0.00428	0.04371	0.01261	0.02194	0.01845	0.02101	0.01446	0.00667	0.00407	0.00135	0.00282	0.00532	0.79644	0.00551
27	0.01350	0.01543	0.03375	0.02411	0.02989	0.01446	0.74253	0.01832	0.01350	0.01832	0.01157	0.01543	0.00868	0.00482	0.00675	0.00193	0.00964	0.00675	0.00289	0.00771
28	0.02566	0.00973	0.01327	0.01018	0.01460	0.00841	0.00841	0.02788	0.01637	0.76726	0.02257	0.01947	0.01416	0.00708	0.00575	0.00177	0.00487	0.00575	0.00708	0.00973
29	0.01147	0.02959	0.76934	0.01630	0.02476	0.01328	0.02113	0.01811	0.01208	0.01811	0.01026	0.01208	0.00725	0.00543	0.00543	0.00181	0.00845	0.00423	0.00242	0.00845
30	0.02566	0.00973	0.01327	0.01018	0.01460	0.00841	0.00841	0.02788	0.01637	0.76726	0.02257	0.01947	0.01416	0.00708	0.00575	0.00177	0.00487	0.00575	0.00708	0.00973
31	0.01350	0.01543	0.03375	0.02411	0.02989	0.01446	0.74253	0.01832	0.01350	0.01832	0.01157	0.01543	0.00868	0.00482	0.00675	0.00193	0.00964	0.00675	0.00289	0.00771
32	0.01147	0.02959	0.76934	0.01630	0.02476	0.01328	0.02113	0.01811	0.01208	0.01811	0.01026	0.01208	0.00725	0.00543	0.00543	0.00181	0.00845	0.00423	0.00242	0.00845

[dist]
# distance from previous block
# <min> <max>
0	2

[block]
# block no. 3 follows, 41 sequences, length 107
# corresponding to MSA columns:
# 206-312
name=unknown_D
#
# <colnr> <probs for GDERKNQSTAVLIFYWHMCP>
#	G	D	E	R	K	N	Q	S	T	A	V	L	I	F	Y	W	H	M	C	P
0	0.00831	0.00600	0.00780	0.00734	0.00871	0.00553	0.00549	0.01095	0.01631	0.02311	0.75802	0.04291	0.05402	0.01181	0.00683	0.00184	0.00278	0.01039	0.00636	0.00551
1	0.01442	0.01242	0.01307	0.01177	0.01502	0.01433	0.00914	0.03048	0.75065	0.02409	0.02344	0.02160	0.01763	0.00789	0.00591	0.00198	0.00460	0.00653	0.00588	0.00915
2	0.00698	0.00595	0.00595	0.00595	0.00789	0.00496	0.00444	0.00837	0.01316	0.01565	0.05799	0.05519	0.75869	0.01459	0.00684	0.00197	0.00297	0.01211	0.00538	0.00494
3	0.02582	0.00988	0.01341	0.01031	0.01474	0.00853	0.00849	0.02797	0.01648	0.76498	0.02273	0.01973	0.01434	0.00721	0.00584	0.00181	0.00494	0.00582	0.00714	0.00983
4	0.01101	0.01031	0.01728	0.78281	0.03946	0.01281	0.01594	0.01476	0.01157	0.01481	0.01037	0.01553	0.00782	0.00586	0.00581	0.00194	0.00769	0.00515	0.00261	0.00646
5	0.02582	0.00988	0.01341	0.01031	0.01474	0.00853	0.00849	0.02797	0.01648	0.76498	0.02273	0.01973	0.01434	0.00721	0.00584	0.00181	0.00494	0.00582	0.00714	0.00983
6	0.00698	0.00595	0.00595	0.00595	0.00789	0.00496	0.00444	0.00837	0.01316	0.01565	0.05799	0.05519	0.75869	0.01459	0.00684	0.00197	0.00297	0.01211	0.00538	0.00494
7	0.01168	0.02967	0.76699	0.01642	0.02487	0.01339	0.02118	0.01824	0.01220	0.01830	0.01047	0.01236	0.00745	0.00557	0.00552	0.00185	0.00851	0.00429	0.00249	0.00855
8	0.00741	0.00540	0.00730	0.00893	0.03143	0.00505	0.00578	0.00842	0.01115	0.01492	0.03103	0.76919	0.03706	0.01763	0.00733	0.00234	0.00350	0.01595	0.00530	0.00489
9	0.01435	0.01372	0.02332	0.03516	0.76097	0.01369	0.01761	0.01769	0.01315	0.01887	0.01096	0.01444	0.00925	0.00524	0.00575	0.00174	0.00686	0.00516	0.00290	0.00916
10	0.01272	0.01265	0.01764	0.01514	0.01516	0.01761	0.01259	0.01391	0.00890	0.01396	0.00772	0.01280	0.00771	0.01013	0.01882	0.00254	0.78600	0.00507	0.00258	0.00636
11	0.02382	0.01711	0.01460	0.01221	0.01601	0.32291	0.00959	0.02597	0.03224	0.44063	0.01713	0.01602	0.01163	0.00674	0.00560	0.00169	0.00716	0.00498	0.00542	0.00854
12	0.01555	0.01039	0.01249	0.00915	0.01407	0.00824	0.00737	0.03988	0.01349	0.19207	0.01334	0.01396	0.01002	0.00511	0.00472	0.00113	0.00452	0.00406	0.00438	0.61606
13	0.63961	0.01152	0.00975	0.00859	0.01210	0.01319	0.00696	0.07315	0.10435	0.02628	0.03998	0.01274	0.00994	0.00612	0.00421	0.00183	0.00458	0.00403	0.00417	0.00689
14	0.00718	0.00517	0.00677	0.00803	0.00844	0.00478	0.00537	0.00814	0.01115	0.01483	0.03257	0.76746	0.06284	0.01790	0.00736	0.00235	0.00338	0.01615	0.00537	0.00476
15	0.00708	0.00596	0.00608	0.00604	0.00795	0.00500	0.00452	0.00855	0.01338	0.01617	0.10717	0.05433	0.70919	0.01440	0.00684	0.00196	0.00296	0.01199	0.00544	0.00498
16	0.02582	0.00988	0.01341	0.01031	0.01474	0.00853	0.00849	0.02797	0.01648	0.76498	0.02273	0.01973	0.01434	0.00721	0.00584	0.00181	0.00494	0.00582	0.00714	0.00983
17	0.02582	0.00988	0.01341	0.01031	0.01474	0.00853	0.00849	0.02797	0.01648	0.76498	0.02273	0.01973	0.01434	0.00721	0.00584	0.00181	0.00494	0.00582	0.00714	0.00983
18	0.00719	0.00514	0.00679	0.00811	0.00846	0.00478	0.00540	0.00813	0.01108	0.01480	0.03166	0.79295	0.03793	0.01802	0.00738	0.00236	0.00339	0.01629	0.00537	0.00476
19	0.02563	0.01020	0.01361	0.01046	0.01490	0.00900	0.00862	0.06415	0.01702	0.72805	0.02229	0.01944	0.01411	0.00720	0.00584	0.00180	0.00501	0.00578	0.00707	0.00983
20	0.00841	0.00620	0.00890	0.00889	0.00978	0.00703	0.00669	0.01009	0.00920	0.01315	0.01592	0.02496	0.01545	0.15617	0.66193	0.00866	0.01389	0.00652	0.00320	0.00497
21	0.01178	0.05042	0.74714	0.01624	0.02460	0.01364	0.02087	0.01822	0.01219	0.01817	0.01041	0.01228	0.00745	0.00556	0.00547	0.00183	0.00845	0.00426	0.00249	0.00852
22	0.01442	0.01242	0.01307	0.01177	0.01502	0.01433	0.00914	0.03048	0.75065	0.02409	0.02344	0.02160	0.01763	0.00789	0.00591	0.00198	0.00460	0.00653	0.00588	0.00915
23	0.02570	0.01007	0.01353	0.01040	0.01484	0.00881	0.00857	0.04979	0.01681	0.74271	0.02246	0.01956	0.01420	0.00721	0.00584	0.00181	0.00498	0.00580	0.00710	0.00983
24	0.02136	0.02639	0.01629	0.01470	0.01774	0.71554	0.01106	0.05861	0.03696	0.01555	0.00969	0.01108	0.00796	0.00613	0.00529	0.00154	0.01001	0.00390	0.00323	0.00696
25	0.00852	0.00575	0.00665	0.00664	0.00675	0.00581	0.00388	0.00864	0.00853	0.01148	0.01797	0.03637	0.02040	0.73249	0.09238	0.00588	0.00644	0.00819	0.00350	0.00372
26	0.00839	0.00629	0.00934	0.00933	0.01037	0.00727	0.00724	0.01037	0.00933	0.01348	0.01551	0.02272	0.01448	0.04291	0.77386	0.00921	0.01536	0.00619	0.00314	0.00522
27	0.01337	0.01500	0.03231	0.04435	0.02940	0.01413	0.69165	0.01795	0.01347	0.01826	0.01251	0.04606	0.00998	0.00550	0.00683	0.00198	0.00940	0.00714	0.00305	0.00766
28	0.01392	0.01345	0.02199	0.17601	0.60416	0.03434	0.01712	0.01728	0.01294	0.01797	0.01080	0.01454	0.00894	0.00537	0.00575	0.00177	0.00711	0.00512	0.00285	0.00858
29	0.02487	0.00967	0.01310	0.01015	0.01442	0.00836	0.00833	0.02705	0.01647	0.72460	0.06275	0.02099	0.01650	0.00746	0.00589	0.00181	0.00482	0.00606	0.00709	0.00959
30	0.01579	0.76080	0.02936	0.01018	0.01498	0.06075	0.00993	0.01755	0.01198	0.01368	0.00821	0.00953	0.00754	0.00508	0.00384	0.00128	0.00640	0.00316	0.00255	0.00741
31	0.01284	0.01300	0.01958	0.01623	0.01694	0.01724	0.09997	0.01445	0.00947	0.01451	0.00821	0.01315	0.00785	0.00951	0.01738	0.00247	0.69277	0.00528	0.00262	0.00654
32	0.01600	0.01194	0.01308	0.01156	0.01493	0.01331	0.00910	0.04710	0.60193	0.12699	0.02338	0.02283	0.01758	0.00809	0.00598	0.00198	0.00472	0.03437	0.00603	0.00911
33	0.00719	0.00514	0.00679	0.00811	0.00846	0.00478	0.00540	0.00813	0.01108	0.01480	0.03166	0.79295	0.03793	0.01802	0.00738	0.00236	0.00339	0.01629	0.00537	0.00476
34	0.02161	0.01731	0.01695	0.01346	0.01755	0.13090	0.01092	0.55815	0.02388	0.07141	0.01336	0.01375	0.00969	0.00702	0.00639	0.00176	0.04639	0.00502	0.00528	0.00918
35	0.02000	0.01520	0.01621	0.01290	0.01714	0.01693	0.01049	0.56026	0.21179	0.03309	0.01636	0.01595	0.01189	0.00723	0.00583	0.00181	0.00591	0.00555	0.00581	0.00965
36	0.00719	0.00514	0.00679	0.00811	0.00846	0.00478	0.00540	0.00813	0.01108	0.01480	0.03166	0.79295	0.03793	0.01802	0.00738	0.00236	0.00339	0.01629	0.00537	0.00476
37	0.01250	0.19607	0.60779	0.01502	0.02270	0.01540	0.01873	0.01803	0.01211	0.01730	0.00997	0.01174	0.00747	0.00546	0.00514	0.00172	0.00801	0.00404	0.00250	0.00831
38	0.01207	0.01031	0.01200	0.00861	0.01370	0.00775	0.00687	0.01454	0.01199	0.01882	0.01037	0.01215	0.00867	0.00438	0.00433	0.00089	0.00431	0.00346	0.00346	0.83133
39	0.02081	0.01382	0.16449	0.01153	0.01645	0.00980	0.01099	0.04011	0.05628	0.49510	0.06037	0.02086	0.01577	0.00743	0.00590	0.00185	0.00556	0.02769	0.00601	0.00916
40	0.00910	0.00644	0.00898	0.00885	0.00990	0.00742	0.00687	0.01117	0.00987	0.01511	0.01580	0.02200	0.01422	0.03404	0.58193	0.00730	0.05082	0.00598	0.16889	0.00532
41	0.02007	0.01473	0.01580	0.01246	0.01666	0.01616	0.01016	0.57716	0.11608	0.05539	0.01788	0.01752	0.05186	0.00753	0.00584	0.00179	0.00584	0.00578	0.02192	0.00939
42	0.08103	0.01132	0.01324	0.01055	0.01461	0.04852	0.00856	0.10438	0.03182	0.53178	0.03869	0.04874	0.01492	0.00755	0.00574	0.00181	0.00522	0.00600	0.00642	0.00910
43	0.01435	0.01372	0.02332	0.03516	0.76097	0.01369	0.01761	0.01769	0.01315	0.01887	0.01096	0.01444	0.00925	0.00524	0.00575	0.00174	0.00686	0.00516	0.00290	0.00916
44	0.01015	0.00513	0.00761	0.00760	0.00762	0.00510	0.00506	0.00762	0.00759	0.01015	0.01014	0.01766	0.01013	0.01996	0.02239	0.83088	0.00504	0.00503	0.00256	0.00260
45	0.01132	0.01063	0.01784	0.71347	0.10638	0.01289	0.01610	0.01503	0.01171	0.01519	0.01043	0.01542	0.00796	0.00580	0.00580	0.00192	0.00761	0.00515	0.00264	0.00671
46	0.01477	0.01385	0.02299	0.03397	0.72053	0.01392	0.01725	0.05710	0.01390	0.01981	0.01113	0.01441	0.00929	0.00533	0.00575	0.00174	0.00683	0.00516	0.00306	0.00919
47	0.00839	0.00629	0.00934	0.00933	0.01037	0.00727	0.00724	0.01037	0.00933	0.01348	0.01551	0.02272	0.01448	0.04291	0.77386	0.00921	0.01536	0.00619	0.00314	0.00522
48	0.00776	0.00561	0.00708	0.00808	0.00855	0.00541	0.00537	0.00939	0.05099	0.01485	0.02947	0.65280	0.03462	0.11865	0.01013	0.00276	0.00375	0.01473	0.00516	0.00484
49	0.01291	0.01345	0.02153	0.01727	0.01905	0.03887	0.22011	0.01511	0.01061	0.01532	0.01046	0.06355	0.00997	0.00904	0.01425	0.00233	0.49036	0.00625	0.00288	0.00669
50	0.00719	0.00514	0.00679	0.00811	0.00846	0.00478	0.00540	0.00813	0.01108	0.01480	0.03166	0.79295	0.03793	0.01802	0.00738	0.00236	0.00339	0.01629	0.00537	0.00476
51	0.01435	0.01372	0.02332	0.03516	0.76097	0.01369	0.01761	0.01769	0.01315	0.01887	0.01096	0.01444	0.00925	0.00524	0.00575	0.00174	0.00686	0.00516	0.00290	0.00916
52	0.01107	0.00899	0.01434	0.01330	0.01566	0.00890	0.14157	0.06385	0.01430	0.01883	0.02591	0.05227	0.02706	0.01331	0.00762	0.00248	0.00620	0.54329	0.00493	0.00613
53	0.01068	0.00615	0.00685	0.00670	0.00785	0.00660	0.00509	0.01301	0.01165	0.02003	0.01866	0.07849	0.01589	0.00915	0.03143	0.00182	0.07586	0.00621	0.66241	0.00547
54	0.00854	0.00570	0.00640	0.00639	0.00641	0.00567	0.00357	0.00848	0.00846	0.01130	0.01820	0.03763	0.02095	0.79650	0.02912	0.00557	0.00561	0.00837	0.00354	0.00358
55	0.00839	0.00629	0.00934	0.00933	0.01037	0.00727	0.00724	0.01037	0.00933	0.01348	0.01551	0.02272	0.01448	0.04291	0.77386	0.00921	0.01536	0.00619	0.00314	0.00522
56	0.01280	0.01024	0.01169	0.01133	0.01388	0.01135	0.00918	0.02350	0.45857	0.03732	0.02605	0.03769	0.02333	0.01088	0.00668	0.00223	0.00488	0.27494	0.00570	0.00775
57	0.02582	0.00988	0.01341	0.01031	0.01474	0.00853	0.00849	0.02797	0.01648	0.76498	0.02273	0.01973	0.01434	0.00721	0.00584	0.00181	0.00494	0.00582	0.00714	0.00983
58	0.00839	0.00629	0.00934	0.00933	0.01037	0.00727	0.00724	0.01037	0.00933	0.01348	0.01551	0.02272	0.01448	0.04291	0.77386	0.00921	0.01536	0.00619	0.00314	0.00522
59	0.02656	0.01108	0.01442	0.01129	0.01576	0.00974	0.00913	0.06741	0.01773	0.71179	0.02324	0.02097	0.01515	0.00799	0.00635	0.00203	0.00543	0.00616	0.00741	0.01040
60	0.00987	0.00745	0.01041	0.01024	0.01129	0.00835	0.00779	0.01134	0.01007	0.01457	0.01646	0.02462	0.01560	0.08303	0.68664	0.00880	0.04747	0.00663	0.00355	0.00583
61	0.01211	0.00643	0.00645	0.00639	0.00783	0.00623	0.00468	0.01433	0.01288	0.02253	0.01990	0.02310	0.01588	0.00759	0.00464	0.00160	0.00320	0.00578	0.81234	0.00609
62	0.00968	0.00721	0.01022	0.01016	0.01130	0.00800	0.00776	0.01129	0.01014	0.01467	0.01664	0.02422	0.01552	0.04300	0.75934	0.00928	0.01557	0.00656	0.00356	0.00587
63	0.01392	0.01345	0.01836	0.01585	0.01600	0.01814	0.01301	0.01476	0.00972	0.01514	0.00900	0.01449	0.00889	0.01086	0.01908	0.00275	0.77112	0.00546	0.00301	0.00700
64	0.82193	0.01203	0.00946	0.00853	0.01213	0.01356	0.00683	0.01774	0.01067	0.02677	0.00945	0.01134	0.00760	0.00627	0.00419	0.00203	0.00492	0.00360	0.00402	0.00694
65	0.01465	0.01792	0.11857	0.02384	0.02995	0.01502	0.64364	0.01919	0.01419	0.01957	0.01282	0.01695	0.00987	0.00586	0.00718	0.00217	0.00989	0.00688	0.00333	0.00851
66	0.01560	0.01323	0.01388	0.01255	0.01586	0.01492	0.00962	0.03101	0.73695	0.02507	0.02441	0.02311	0.01861	0.00866	0.00642	0.00220	0.00502	0.00689	0.00625	0.00973
67	0.00850	0.00609	0.00773	0.00896	0.00943	0.00556	0.00597	0.00909	0.01186	0.01596	0.03247	0.77936	0.03852	0.01859	0.00787	0.00257	0.00384	0.01646	0.00575	0.00542
68	0.00850	0.00609	0.00773	0.00896	0.00943	0.00556	0.00597	0.00909	0.01186	0.01596	0.03247	0.77936	0.03852	0.01859	0.00787	0.00257	0.00384	0.01646	0.00575	0.00542
69	0.02656	0.01108	0.01442	0.01129	0.01576	0.00974	0.00913	0.06741	0.01773	0.71179	0.02324	0.02097	0.01515	0.00799	0.00635	0.00203	0.00543	0.00616	0.00741	0.01040
70	0.09328	0.01611	0.01705	0.01339	0.01791	0.01742	0.01087	0.62731	0.02540	0.07569	0.01507	0.01561	0.01099	0.00767	0.00614	0.00199	0.00651	0.00546	0.00604	0.01009
71	0.01664	0.78534	0.03053	0.01074	0.01567	0.02313	0.01034	0.01805	0.01252	0.01484	0.00944	0.01122	0.00872	0.00586	0.00432	0.00150	0.00658	0.00356	0.00295	0.00806
72	0.01553	0.01450	0.02393	0.03549	0.74721	0.01430	0.01793	0.01846	0.01389	0.01995	0.01218	0.01609	0.01040	0.00606	0.00627	0.00196	0.00724	0.00555	0.00333	0.00974
73	0.01211	0.00643	0.00645	0.00639	0.00783	0.00623	0.00468	0.01433	0.01288	0.02253	0.01990	0.02310	0.01588	0.00759	0.00464	0.00160	0.00320	0.00578	0.81234	0.00609
74	0.82193	0.01203	0.00946	0.00853	0.01213	0.01356	0.00683	0.01774	0.01067	0.02677	0.00945	0.01134	0.00760	0.00627	0.00419	0.00203	0.00492	0.00360	0.00402	0.00694
75	0.01290	0.03014	0.75303	0.01711	0.02551	0.01400	0.02143	0.01901	0.01296	0.01939	0.01170	0.01406	0.00863	0.00639	0.00604	0.00207	0.00886	0.00470	0.00292	0.00914
76	0.02649	0.01119	0.01449	0.01134	0.01582	0.00991	0.00917	0.08030	0.01792	0.69862	0.02308	0.02087	0.01507	0.00798	0.00635	0.00203	0.00546	0.00615	0.00738	0.01040
77	0.00830	0.00689	0.00690	0.00684	0.00887	0.00574	0.00502	0.00933	0.01390	0.01679	0.05829	0.05605	0.74517	0.01524	0.00734	0.00219	0.00343	0.01237	0.00575	0.00560
78	0.01225	0.01116	0.01800	0.76850	0.03982	0.01343	0.01630	0.01559	0.01233	0.01597	0.01160	0.01716	0.00900	0.00667	0.00632	0.00216	0.00805	0.00554	0.00305	0.00709
79	0.02309	0.01664	0.01786	0.01392	0.01853	0.01799	0.01130	0.70067	0.02703	0.06539	0.01543	0.01590	0.01123	0.00780	0.00633	0.00198	0.00669	0.00562	0.00621	0.01039
80	0.00850	0.00609	0.00773	0.00896	0.00943	0.00556	0.00597	0.00909	0.01186	0.01596	0.03247	0.77936	0.03852	0.01859	0.00787	0.00257	0.00384	0.01646	0.00575	0.00542
81	0.01489	0.01630	0.03422	0.02474	0.03053	0.01515	0.72636	0.01921	0.01435	0.01960	0.01297	0.01733	0.01003	0.00579	0.00733	0.00219	0.01002	0.00717	0.00339	0.00842
82	0.01290	0.03014	0.75303	0.01711	0.02551	0.01400	0.02143	0.01901	0.01296	0.01939	0.01170	0.01406	0.00863	0.00639	0.00604	0.00207	0.00886	0.00470	0.00292	0.00914
83	0.02632	0.01147	0.01466	0.01147	0.01595	0.01031	0.00928	0.11158	0.01838	0.66669	0.02269	0.02062	0.01487	0.00797	0.00635	0.00202	0.00552	0.00612	0.00732	0.01040
84	0.01298	0.02957	0.72354	0.01742	0.02572	0.01404	0.05036	0.01902	0.01302	0.01940	0.01175	0.01419	0.00869	0.00637	0.00610	0.00208	0.00891	0.00480	0.00294	0.00911
85	0.01539	0.01437	0.02368	0.06557	0.71818	0.01426	0.01786	0.01834	0.01382	0.01979	0.01216	0.01613	0.01035	0.00609	0.00627	0.00197	0.00727	0.00555	0.00332	0.00963
86	0.01075	0.00720	0.00810	0.00813	0.00890	0.00702	0.00530	0.06300	0.01193	0.01686	0.02293	0.25193	0.02504	0.38232	0.01749	0.00389	0.00500	0.01030	0.12856	0.00534
87	0.00818	0.00608	0.00892	0.00892	0.00985	0.00700	0.00682	0.01004	0.00911	0.01308	0.01557	0.02383	0.01489	0.11139	0.70862	0.00886	0.01444	0.00633	0.00310	0.00496
88	0.06790	0.01119	0.01461	0.01127	0.01567	0.01070	0.04577	0.13426	0.06228	0.53443	0.01994	0.01797	0.01299	0.00688	0.00568	0.00178	0.00528	0.00561	0.00640	0.00940
89	0.01342	0.01378	0.05869	0.15355	0.58103	0.01359	0.01726	0.01696	0.01255	0.01781	0.01051	0.01416	0.00868	0.00541	0.00619	0.00177	0.03836	0.00505	0.00275	0.00848
90	0.02566	0.00973	0.01327	0.01018	0.01460	0.00841	0.00841	0.02788	0.01637	0.76726	0.02257	0.01947	0.01416	0.00708	0.00575	0.00177	0.00487	0.00575	0.00708	0.00973
91	0.01147	0.02959	0.76934	0.01630	0.02476	0.01328	0.02113	0.01811	0.01208	0.01811	0.01026	0.01208	0.00725	0.00543	0.00543	0.00181	0.00845	0.00423	0.00242	0.00845
92	0.02351	0.01076	0.05124	0.01043	0.01486	0.00890	0.00896	0.05106	0.03088	0.64411	0.06688	0.02036	0.01616	0.00729	0.00580	0.00178	0.00496	0.00595	0.00672	0.00939
93	0.00697	0.00498	0.00664	0.00796	0.00830	0.00465	0.00531	0.00796	0.01095	0.01460	0.03153	0.79525	0.03783	0.01792	0.00730	0.00232	0.00332	0.01626	0.00531	0.00465
94	0.01066	0.00533	0.00533	0.00533	0.00666	0.00533	0.00400	0.01333	0.01200	0.02132	0.01866	0.02132	0.01466	0.00666	0.00400	0.00133	0.00267	0.00533	0.83073	0.00533
95	0.01408	0.01351	0.02307	0.05275	0.74628	0.01357	0.01752	0.01749	0.01299	0.01859	0.01075	0.01418	0.00903	0.00511	0.00566	0.00170	0.00681	0.00510	0.00282	0.00900
96	0.01147	0.02959	0.76934	0.01630	0.02476	0.01328	0.02113	0.01811	0.01208	0.01811	0.01026	0.01208	0.00725	0.00543	0.00543	0.00181	0.00845	0.00423	0.00242	0.00845
97	0.00817	0.00613	0.00919	0.00919	0.01021	0.00715	0.00715	0.01021	0.00919	0.01328	0.01532	0.02247	0.01430	0.04290	0.77631	0.00919	0.01532	0.00613	0.00306	0.00511
98	0.67342	0.01088	0.01016	0.16330	0.01674	0.01281	0.00814	0.01637	0.01008	0.02345	0.00841	0.01049	0.00648	0.00539	0.00398	0.00180	0.00507	0.00350	0.00334	0.00623
99	0.01194	0.02632	0.59963	0.01810	0.02594	0.01356	0.18757	0.01816	0.01240	0.01816	0.01057	0.01285	0.00758	0.00529	0.00574	0.00184	0.00873	0.00481	0.00253	0.00828
100	0.01402	0.01205	0.01278	0.01159	0.01475	0.01391	0.00906	0.02962	0.72194	0.02364	0.02357	0.02315	0.01811	0.00810	0.00591	0.00197	0.00456	0.03660	0.00580	0.00889
101	0.01416	0.01359	0.02322	0.03511	0.76330	0.01359	0.01755	0.01755	0.01302	0.01869	0.01076	0.01416	0.00906	0.00510	0.00566	0.00170	0.00680	0.00510	0.00283	0.00906
102	0.83938	0.01106	0.00841	0.00752	0.01106	0.01283	0.00619	0.01681	0.00973	0.02566	0.00796	0.00929	0.00619	0.00531	0.00354	0.00177	0.00442	0.00310	0.00354	0.00619
103	0.01186	0.01017	0.01186	0.00847	0.01356	0.00762	0.00678	0.01440	0.01186	0.01864	0.01017	0.01186	0.00847	0.00424	0.00424	0.00085	0.00424	0.00339	0.00339	0.83395
104	0.83938	0.01106	0.00841	0.00752	0.01106	0.01283	0.00619	0.01681	0.00973	0.02566	0.00796	0.00929	0.00619	0.00531	0.00354	0.00177	0.00442	0.00310	0.00354	0.00619
105	0.01352	0.01138	0.01269	0.00991	0.01436	0.01065	0.00788	0.08694	0.24814	0.02192	0.01465	0.01504	0.01144	0.00560	0.00488	0.00127	0.00452	0.00453	0.00438	0.49630
106	0.01441	0.01238	0.01304	0.01168	0.01494	0.01431	0.00910	0.04766	0.73540	0.02422	0.02305	0.02116	0.01727	0.00774	0.00582	0.00193	0.00457	0.00643	0.00582	0.00907

[dist]
# distance from previous block
# <min> <max>
0	8

[block]
# block no. 4 follows, 41 sequences, length 6
# corresponding to MSA columns:
# 321-326
name=unknown_E
#
# <colnr> <probs for GDERKNQSTAVLIFYWHMCP>
#	G	D	E	R	K	N	Q	S	T	A	V	L	I	F	Y	W	H	M	C	P
0	0.00832	0.00555	0.00624	0.00624	0.00624	0.00555	0.00347	0.00832	0.00832	0.01109	0.01802	0.03743	0.02080	0.79898	0.02911	0.00555	0.00555	0.00832	0.00347	0.00347
1	0.01048	0.00965	0.01603	0.60999	0.09052	0.01156	0.01442	0.01384	0.01149	0.01493	0.01344	0.13298	0.01230	0.00751	0.00595	0.00195	0.00691	0.00677	0.00298	0.00630
2	0.01383	0.01326	0.02263	0.10734	0.69359	0.01351	0.01739	0.01727	0.01287	0.01829	0.01070	0.01426	0.00892	0.00516	0.00567	0.00172	0.00688	0.00510	0.00280	0.00880
3	0.00721	0.00515	0.00692	0.00824	0.00868	0.00486	0.00574	0.00839	0.01119	0.01488	0.03139	0.71561	0.03730	0.01769	0.00737	0.00236	0.00353	0.09348	0.00530	0.00471
4	0.83938	0.01106	0.00841	0.00752	0.01106	0.01283	0.00619	0.01681	0.00973	0.02566	0.00796	0.00929	0.00619	0.00531	0.00354	0.00177	0.00442	0.00310	0.00354	0.00619
5	0.08610	0.01856	0.01450	0.01248	0.01594	0.33902	0.00973	0.14351	0.11821	0.13181	0.04486	0.01501	0.01199	0.00668	0.00537	0.00166	0.00726	0.00484	0.00460	0.00785

[dist]
# distance from previous block
# <min> <max>
0	1

[block]
# block no. 5 follows, 41 sequences, length 19
# corresponding to MSA columns:
# 328-346
name=unknown_F
#
# <colnr> <probs for GDERKNQSTAVLIFYWHMCP>
#	G	D	E	R	K	N	Q	S	T	A	V	L	I	F	Y	W	H	M	C	P
0	0.00787	0.00584	0.00734	0.00696	0.00841	0.00530	0.00522	0.01037	0.01567	0.02170	0.64381	0.04477	0.17122	0.01216	0.00675	0.00182	0.00273	0.01063	0.00613	0.00530
1	0.01403	0.01341	0.02260	0.06240	0.70801	0.01358	0.01717	0.01793	0.04075	0.01873	0.01121	0.01447	0.00932	0.00522	0.00567	0.00172	0.00674	0.00515	0.00293	0.00896
2	0.02028	0.02520	0.01565	0.01431	0.01721	0.68428	0.01082	0.02289	0.07061	0.01488	0.01090	0.01362	0.00929	0.00649	0.00533	0.00156	0.00965	0.03702	0.00327	0.00675
3	0.01423	0.01229	0.01293	0.01164	0.01487	0.01423	0.00905	0.03039	0.75297	0.02393	0.02328	0.02134	0.01746	0.00776	0.00582	0.00194	0.00453	0.00647	0.00582	0.00905
4	0.00697	0.00498	0.00664	0.00796	0.00830	0.00465	0.00531	0.00796	0.01095	0.01460	0.03153	0.79525	0.03783	0.01792	0.00730	0.00232	0.00332	0.01626	0.00531	0.00465
5	0.01183	0.10218	0.69990	0.01569	0.02381	0.01416	0.02007	0.01802	0.01203	0.01768	0.01005	0.01180	0.00725	0.00538	0.00527	0.00176	0.00823	0.00412	0.00242	0.00835
6	0.01416	0.01359	0.02322	0.03511	0.76330	0.01359	0.01755	0.01755	0.01302	0.01869	0.01076	0.01416	0.00906	0.00510	0.00566	0.00170	0.00680	0.00510	0.00283	0.00906
7	0.01117	0.00582	0.00588	0.00569	0.00717	0.00590	0.00432	0.04704	0.01268	0.02200	0.01843	0.02097	0.01443	0.00667	0.00408	0.00135	0.00283	0.00532	0.79269	0.00553
8	0.01350	0.01543	0.03375	0.02411	0.02989	0.01446	0.74253	0.01832	0.01350	0.01832	0.01157	0.01543	0.00868	0.00482	0.00675	0.00193	0.00964	0.00675	0.00289	0.00771
9	0.01080	0.01017	0.01716	0.78523	0.03940	0.01271	0.01589	0.01461	0.01144	0.01461	0.01017	0.01525	0.00762	0.00572	0.00572	0.00191	0.00762	0.00508	0.00254	0.00635
10	0.01147	0.02959	0.76934	0.01630	0.02476	0.01328	0.02113	0.01811	0.01208	0.01811	0.01026	0.01208	0.00725	0.00543	0.00543	0.00181	0.00845	0.00423	0.00242	0.00845
11	0.02137	0.02726	0.01621	0.01474	0.01768	0.77602	0.01105	0.02284	0.01621	0.01400	0.00884	0.01031	0.00737	0.00589	0.00516	0.00147	0.01031	0.00368	0.00295	0.00663
12	0.83938	0.01106	0.00841	0.00752	0.01106	0.01283	0.00619	0.01681	0.00973	0.02566	0.00796	0.00929	0.00619	0.00531	0.00354	0.00177	0.00442	0.00310	0.00354	0.00619
13	0.00832	0.00555	0.00624	0.00624	0.00624	0.00555	0.00347	0.00832	0.00832	0.01109	0.01802	0.03743	0.02080	0.79898	0.02911	0.00555	0.00555	0.00832	0.00347	0.00347
14	0.00872	0.00719	0.00721	0.00713	0.00919	0.00598	0.00521	0.00964	0.01414	0.01716	0.05838	0.05632	0.74082	0.01544	0.00750	0.00226	0.00358	0.01245	0.00587	0.00582
15	0.01009	0.00751	0.01051	0.01043	0.01160	0.00824	0.00793	0.01159	0.01040	0.01505	0.01700	0.02470	0.01586	0.04303	0.75466	0.00931	0.01564	0.00668	0.00369	0.00609
16	0.01023	0.00695	0.00764	0.00756	0.00774	0.00668	0.00436	0.00975	0.00955	0.01293	0.01962	0.03922	0.02217	0.77711	0.02920	0.00577	0.00615	0.00880	0.00408	0.00449
17	0.01515	0.01606	0.03167	0.02404	0.05611	0.01574	0.59192	0.01879	0.01390	0.01932	0.01276	0.01740	0.01025	0.00680	0.00914	0.00233	0.11972	0.00697	0.00347	0.00846
18	0.01590	0.01476	0.02412	0.03559	0.74278	0.01449	0.01803	0.01871	0.01412	0.02030	0.01257	0.01662	0.01077	0.00633	0.00643	0.00203	0.00736	0.00567	0.00347	0.00992

[dist]
# distance from previous block
# <min> <max>
4	5

[block]
# block no. 6 follows, 41 sequences, length 48
# corresponding to MSA columns:
# 352-399
name=unknown_G
#
# <colnr> <probs for GDERKNQSTAVLIFYWHMCP>
#	G	D	E	R	K	N	Q	S	T	A	V	L	I	F	Y	W	H	M	C	P
0	0.01193	0.01022	0.01191	0.00852	0.01361	0.00767	0.00681	0.01445	0.01191	0.01870	0.01024	0.01196	0.00854	0.00428	0.00427	0.00086	0.00426	0.00341	0.00341	0.83305
1	0.01428	0.01514	0.03258	0.02332	0.02903	0.01414	0.69878	0.01893	0.01371	0.06220	0.01228	0.01576	0.00907	0.00500	0.00672	0.00193	0.00938	0.00671	0.00316	0.00787
2	0.00705	0.00503	0.00669	0.00801	0.00835	0.00469	0.00534	0.00802	0.01100	0.01467	0.03157	0.79446	0.03787	0.01795	0.00733	0.00234	0.00334	0.01627	0.00533	0.00468
3	0.01174	0.06971	0.73018	0.01600	0.02427	0.01380	0.02056	0.01811	0.01210	0.01794	0.01022	0.01202	0.00732	0.00545	0.00537	0.00179	0.00835	0.00419	0.00244	0.00843
4	0.00716	0.00512	0.00683	0.00815	0.00854	0.00479	0.00554	0.00822	0.01111	0.01480	0.03151	0.75655	0.03761	0.01784	0.00736	0.00235	0.00345	0.05303	0.00533	0.00472
5	0.01422	0.01364	0.02325	0.03513	0.76250	0.01363	0.01757	0.01760	0.01307	0.01875	0.01083	0.01425	0.00913	0.00514	0.00569	0.00171	0.00682	0.00512	0.00286	0.00909
6	0.02572	0.00978	0.01332	0.01022	0.01465	0.00845	0.00844	0.02791	0.01641	0.76648	0.02262	0.01956	0.01422	0.00713	0.00578	0.00178	0.00489	0.00577	0.00710	0.00977
7	0.02095	0.02371	0.01611	0.01408	0.01735	0.56216	0.01079	0.19371	0.01879	0.01969	0.04218	0.01261	0.00999	0.00642	0.00539	0.00156	0.00905	0.00434	0.00377	0.00735
8	0.00825	0.00618	0.00924	0.00924	0.01027	0.00719	0.00718	0.01027	0.00924	0.01335	0.01539	0.02256	0.01436	0.04290	0.77547	0.00920	0.01533	0.00615	0.00309	0.00515
9	0.83852	0.01111	0.00846	0.00757	0.01111	0.01287	0.00623	0.01686	0.00978	0.02572	0.00804	0.00939	0.00626	0.00536	0.00357	0.00178	0.00445	0.00312	0.00356	0.00623
10	0.00705	0.00503	0.00669	0.00801	0.00835	0.00469	0.00534	0.00802	0.01100	0.01467	0.03157	0.79446	0.03787	0.01795	0.00733	0.00234	0.00334	0.01627	0.00533	0.00468
