[name]
unknown

[dist]
# distance from previous block
# <min> <max>
1	460

[block]
# block no. 0 follows, 40 sequences, length 8
# corresponding to MSA columns:
# 558-565
name=unknown_A
#
# <colnr> <probs for GDERKNQSTAVLIFYWHMCP>
#	G	D	E	R	K	N	Q	S	T	A	V	L	I	F	Y	W	H	M	C	P
0	0.02016	0.01197	0.01392	0.01123	0.01496	0.01248	0.00899	0.28771	0.12477	0.27248	0.01933	0.04304	0.01453	0.07645	0.03851	0.00245	0.00587	0.00629	0.00597	0.00890
1	0.06140	0.01618	0.01566	0.01262	0.01667	0.14814	0.01019	0.34318	0.06379	0.20634	0.01535	0.01496	0.01078	0.00693	0.00603	0.00176	0.03045	0.00509	0.00545	0.00902
2	0.01370	0.01311	0.02235	0.18789	0.61260	0.01363	0.01750	0.01724	0.01291	0.01815	0.01082	0.01462	0.00891	0.00531	0.00577	0.00177	0.00708	0.00518	0.00282	0.00865
3	0.49306	0.01100	0.01021	0.00847	0.01225	0.01163	0.00683	0.07903	0.01231	0.09778	0.01116	0.01333	0.00884	0.06192	0.00598	0.00192	0.00476	0.00402	0.00411	0.14138
4	0.06752	0.29338	0.46264	0.01371	0.02073	0.01674	0.01651	0.01798	0.01196	0.01729	0.00947	0.01108	0.00733	0.00533	0.00478	0.00163	0.00751	0.00381	0.00254	0.00805
5	0.01236	0.00847	0.01032	0.00901	0.01180	0.00758	0.00681	0.09401	0.01426	0.09924	0.08458	0.32747	0.02526	0.01112	0.00610	0.00174	0.00410	0.00974	0.00514	0.25087
6	0.01906	0.01298	0.06303	0.01172	0.01589	0.01251	0.00991	0.08072	0.38167	0.29362	0.02183	0.01982	0.01528	0.00742	0.00586	0.00188	0.00512	0.00606	0.00615	0.00947
7	0.07981	0.00964	0.01204	0.00968	0.01351	0.00894	0.00782	0.02391	0.09441	0.45343	0.14378	0.02265	0.02053	0.00772	0.00575	0.00176	0.00446	0.00634	0.00640	0.06743

[dist]
# distance from previous block
# <min> <max>
0	5

[block]
# block no. 1 follows, 40 sequences, length 53
# corresponding to MSA columns:
# 571-623
name=unknown_B
#
# <colnr> <probs for GDERKNQSTAVLIFYWHMCP>
#	G	D	E	R	K	N	Q	S	T	A	V	L	I	F	Y	W	H	M	C	P
0	0.01483	0.01517	0.03245	0.02324	0.02900	0.01415	0.67284	0.01950	0.01399	0.08537	0.01277	0.01605	0.00932	0.00511	0.00677	0.00195	0.00937	0.00677	0.00332	0.00803
1	0.01276	0.05945	0.68698	0.01590	0.02408	0.01356	0.02018	0.01903	0.01254	0.06696	0.01116	0.01265	0.00783	0.00561	0.00547	0.00182	0.00826	0.00435	0.00277	0.00863
2	0.01351	0.01291	0.02201	0.22922	0.57275	0.01358	0.01741	0.01707	0.01282	0.01792	0.01078	0.01468	0.00883	0.00535	0.00577	0.00178	0.00713	0.00518	0.00280	0.00850
3	0.01344	0.38199	0.42916	0.01354	0.02048	0.01785	0.01621	0.01796	0.01207	0.01625	0.00936	0.01093	0.00741	0.00527	0.00470	0.00157	0.00751	0.00375	0.00247	0.00808
4	0.01406	0.01390	0.02168	0.21131	0.54021	0.06322	0.01701	0.01749	0.01307	0.01770	0.01067	0.01440	0.00875	0.00538	0.00574	0.00176	0.00734	0.00508	0.00282	0.00840
5	0.00756	0.00561	0.00746	0.00851	0.00888	0.00560	0.00588	0.00862	0.01101	0.01476	0.03041	0.67325	0.04712	0.05135	0.00908	0.00252	0.04891	0.04353	0.00515	0.00479
6	0.00722	0.00513	0.00676	0.00796	0.00831	0.00481	0.00528	0.00823	0.01116	0.01492	0.05765	0.71581	0.03794	0.06817	0.00883	0.00255	0.00350	0.01579	0.00531	0.00467
7	0.01961	0.01153	0.01255	0.01041	0.01400	0.07791	0.00830	0.07331	0.13774	0.36878	0.08889	0.02535	0.10855	0.00852	0.00602	0.00182	0.00505	0.00693	0.00623	0.00851
8	0.02219	0.01098	0.01355	0.01091	0.01501	0.01079	0.00884	0.07529	0.22501	0.49205	0.03661	0.02040	0.01583	0.00747	0.00588	0.00185	0.00490	0.00610	0.00673	0.00962
9	0.01106	0.00645	0.00854	0.00843	0.00996	0.00596	0.00625	0.01330	0.03020	0.14870	0.27899	0.34908	0.03921	0.01379	0.00695	0.00209	0.00355	0.04541	0.00607	0.00602
10	0.01351	0.01472	0.07347	0.15496	0.43305	0.01384	0.17562	0.01756	0.01302	0.01820	0.01099	0.01472	0.00877	0.00525	0.00599	0.00182	0.00779	0.00549	0.00282	0.00842
11	0.01189	0.07472	0.72284	0.01619	0.02457	0.01406	0.02082	0.01836	0.01225	0.01814	0.01030	0.01211	0.00737	0.00549	0.00542	0.00181	0.00846	0.00423	0.00246	0.00853
12	0.01367	0.42761	0.38555	0.01315	0.01987	0.01842	0.01552	0.01790	0.01204	0.01597	0.00922	0.01075	0.00742	0.00524	0.00460	0.00153	0.00737	0.00368	0.00247	0.00801
13	0.04263	0.01025	0.01359	0.01044	0.01493	0.00912	0.00863	0.06384	0.01704	0.71167	0.02218	0.01929	0.01400	0.00715	0.00580	0.00180	0.00501	0.00576	0.00705	0.00982
14	0.02277	0.01201	0.01438	0.01121	0.01552	0.01196	0.00920	0.27557	0.06175	0.41760	0.03360	0.02010	0.05157	0.00762	0.00591	0.00180	0.00530	0.00608	0.00654	0.00953
15	0.01503	0.00816	0.01043	0.00986	0.05457	0.00734	0.00716	0.03122	0.03454	0.29052	0.14787	0.06780	0.26989	0.01081	0.00641	0.00188	0.00400	0.00914	0.00609	0.00727
16	0.01888	0.00961	0.01219	0.01040	0.01379	0.00931	0.00850	0.06031	0.13891	0.38561	0.09810	0.04171	0.03338	0.00948	0.00635	0.00198	0.00476	0.12180	0.00648	0.00845
17	0.01439	0.01382	0.02360	0.03569	0.75936	0.01382	0.01785	0.01785	0.01324	0.01900	0.01094	0.01439	0.00921	0.00518	0.00576	0.00173	0.00691	0.00518	0.00288	0.00921
18	0.08797	0.49738	0.24942	0.01173	0.01767	0.01926	0.01309	0.01769	0.01178	0.01622	0.00879	0.01023	0.00733	0.00518	0.00426	0.00147	0.00678	0.00347	0.00258	0.00770
19	0.01266	0.01249	0.02257	0.38780	0.28942	0.01355	0.14404	0.01657	0.01256	0.01697	0.01080	0.01515	0.00845	0.00543	0.00598	0.00187	0.00782	0.00547	0.00275	0.00766
20	0.00997	0.00561	0.00629	0.00616	0.00750	0.00553	0.00463	0.01266	0.01326	0.02173	0.22792	0.02791	0.02622	0.01011	0.04408	0.00190	0.00338	0.00691	0.55282	0.00543
21	0.01439	0.01382	0.02360	0.03569	0.75936	0.01382	0.01785	0.01785	0.01324	0.01900	0.01094	0.01439	0.00921	0.00518	0.00576	0.00173	0.00691	0.00518	0.00288	0.00921
22	0.01369	0.01541	0.03277	0.02437	0.06019	0.01487	0.65976	0.01829	0.01339	0.01834	0.01146	0.01544	0.00876	0.00526	0.00763	0.00199	0.06100	0.00667	0.00291	0.00780
23	0.00718	0.00512	0.00678	0.00800	0.00837	0.00479	0.00533	0.00823	0.01126	0.01507	0.06216	0.73301	0.03853	0.04601	0.00820	0.00246	0.00343	0.01599	0.00537	0.00471
24	0.01874	0.01521	0.01498	0.01257	0.01638	0.09764	0.00999	0.26695	0.36910	0.08671	0.01877	0.01774	0.01374	0.00732	0.00580	0.00183	0.00587	0.00576	0.00567	0.00922
25	0.01373	0.01569	0.03431	0.02451	0.03039	0.01471	0.73824	0.01863	0.01373	0.01863	0.01176	0.01569	0.00882	0.00490	0.00686	0.00196	0.00980	0.00686	0.00294	0.00784
26	0.01222	0.03029	0.75913	0.01689	0.02546	0.01378	0.02160	0.01877	0.01262	0.01892	0.01100	0.01305	0.00791	0.00590	0.00576	0.00194	0.00875	0.00448	0.00265	0.00886
27	0.00858	0.00616	0.00819	0.00947	0.01029	0.00586	0.00720	0.01010	0.01242	0.01640	0.03247	0.48428	0.05136	0.01756	0.00787	0.00258	0.00435	0.29401	0.00555	0.00528
28	0.01058	0.00920	0.01542	0.01356	0.01590	0.00895	0.18357	0.01331	0.01375	0.01846	0.12457	0.13267	0.07084	0.01302	0.00815	0.00240	0.03973	0.29473	0.00497	0.00621
29	0.01738	0.01140	0.01303	0.01119	0.01453	0.01200	0.00877	0.11258	0.34134	0.19859	0.12853	0.06280	0.02284	0.00906	0.00633	0.00200	0.00477	0.00747	0.00642	0.00895
30	0.01222	0.03029	0.75913	0.01689	0.02546	0.01378	0.02160	0.01877	0.01262	0.01892	0.01100	0.01305	0.00791	0.00590	0.00576	0.00194	0.00875	0.00448	0.00265	0.00886
31	0.01493	0.01417	0.02388	0.03584	0.75307	0.01409	0.01799	0.01820	0.01358	0.01949	0.01149	0.01515	0.00974	0.00556	0.00599	0.00183	0.00708	0.00536	0.00307	0.00948
32	0.01326	0.06368	0.42396	0.01978	0.02707	0.01476	0.31279	0.01880	0.01319	0.01876	0.01142	0.01429	0.00851	0.00562	0.00622	0.00196	0.00912	0.00547	0.00285	0.00850
33	0.01294	0.01214	0.02028	0.47144	0.33303	0.01357	0.01700	0.01646	0.01264	0.01707	0.01114	0.01580	0.00889	0.00593	0.00603	0.00195	0.00757	0.00535	0.00290	0.00787
34	0.05418	0.01513	0.01523	0.01266	0.01651	0.07297	0.01006	0.35869	0.22898	0.07762	0.01826	0.06199	0.01426	0.00812	0.00604	0.00194	0.00603	0.00629	0.00577	0.00926
35	0.25633	0.02050	0.01453	0.01277	0.01626	0.38127	0.00989	0.14323	0.05410	0.02248	0.01089	0.01214	0.00862	0.00646	0.00514	0.00176	0.00791	0.00416	0.00399	0.00756
36	0.00946	0.00750	0.01083	0.22764	0.01815	0.00787	0.00895	0.01204	0.01430	0.01958	0.37389	0.16908	0.03764	0.01181	0.00695	0.00210	0.00462	0.04641	0.00525	0.00592
37	0.00990	0.00660	0.00850	0.00809	0.00965	0.00602	0.00609	0.01226	0.01611	0.07034	0.58735	0.10083	0.07423	0.01269	0.00712	0.00202	0.00328	0.04650	0.00645	0.00599
38	0.01049	0.01656	0.31623	0.01125	0.01601	0.00931	0.01212	0.01458	0.04258	0.04467	0.03485	0.06720	0.34313	0.01091	0.00652	0.00204	0.00566	0.02438	0.00446	0.00707
39	0.02337	0.01204	0.01454	0.01160	0.01589	0.01189	0.00939	0.16435	0.16964	0.46705	0.02183	0.01979	0.01471	0.00766	0.00609	0.00193	0.00534	0.00605	0.00683	0.01001
40	0.01172	0.01041	0.01670	0.37558	0.20557	0.01145	0.01414	0.01498	0.01339	0.01811	0.13936	0.02645	0.01955	0.00824	0.00647	0.00205	0.00659	0.08831	0.00382	0.00712
41	0.01042	0.00694	0.00944	0.01048	0.01183	0.00671	0.00867	0.01253	0.01342	0.06065	0.03099	0.22271	0.03377	0.01630	0.00799	0.00265	0.00508	0.51800	0.00564	0.00578
42	0.01329	0.01256	0.02068	0.35904	0.37297	0.01406	0.01679	0.01655	0.01249	0.01724	0.01094	0.01548	0.00896	0.00628	0.00721	0.00200	0.07718	0.00534	0.00292	0.00802
43	0.01375	0.33233	0.47045	0.01429	0.02144	0.01752	0.01707	0.01837	0.01244	0.01706	0.01007	0.01190	0.00795	0.00568	0.00506	0.00171	0.00782	0.00402	0.00267	0.00842
44	0.01224	0.01198	0.02108	0.55954	0.03612	0.01399	0.15609	0.01589	0.01214	0.01604	0.01093	0.01604	0.00849	0.00640	0.00744	0.00210	0.07797	0.00567	0.00285	0.00701
45	0.00973	0.00916	0.01032	0.17745	0.01650	0.05805	0.00824	0.01155	0.01316	0.01584	0.04182	0.04172	0.48928	0.01220	0.00755	0.00207	0.05518	0.00981	0.00461	0.00577
46	0.42202	0.05196	0.01185	0.00941	0.01295	0.04284	0.00762	0.06657	0.05655	0.13164	0.11675	0.01753	0.01581	0.00719	0.00499	0.00187	0.00497	0.00512	0.00490	0.00747
47	0.01770	0.01131	0.01297	0.01127	0.01467	0.01191	0.00880	0.03904	0.42611	0.24129	0.07152	0.06781	0.02069	0.00888	0.00628	0.00203	0.00473	0.00734	0.00646	0.00918
48	0.00848	0.00629	0.00864	0.07832	0.01241	0.00620	0.00739	0.00991	0.01197	0.01587	0.03023	0.57516	0.03501	0.01695	0.00762	0.00248	0.00436	0.15211	0.00531	0.00531
49	0.01270	0.09828	0.64606	0.01681	0.02488	0.01471	0.06683	0.01869	0.01267	0.01851	0.01087	0.01301	0.00801	0.00581	0.00569	0.00190	0.00862	0.00454	0.00269	0.00871
50	0.01493	0.01417	0.02388	0.03584	0.75307	0.01409	0.01799	0.01820	0.01358	0.01949	0.01149	0.01515	0.00974	0.00556	0.00599	0.00183	0.00708	0.00536	0.00307	0.00948
51	0.01257	0.09921	0.69326	0.01630	0.02454	0.01464	0.02056	0.01868	0.01258	0.01849	0.01079	0.01279	0.00792	0.00585	0.00560	0.00189	0.00854	0.00438	0.00266	0.00876
52	0.01108	0.01018	0.01381	0.01261	0.01299	0.01300	0.01002	0.01220	0.01025	0.01486	0.01932	0.20895	0.08333	0.01508	0.06454	0.00299	0.46624	0.00879	0.00373	0.00604

[dist]
# distance from previous block
# <min> <max>
0	2

[block]
# block no. 2 follows, 40 sequences, length 6
# corresponding to MSA columns:
# 626-631
name=unknown_C
#
# <colnr> <probs for GDERKNQSTAVLIFYWHMCP>
#	G	D	E	R	K	N	Q	S	T	A	V	L	I	F	Y	W	H	M	C	P
0	0.00922	0.00661	0.00804	0.00834	0.00911	0.00685	0.00600	0.01175	0.08298	0.01454	0.02275	0.07900	0.02461	0.42286	0.06462	0.00453	0.00594	0.20318	0.00433	0.00474
1	0.01373	0.01569	0.03431	0.02451	0.03039	0.01471	0.73824	0.01863	0.01373	0.01863	0.01176	0.01569	0.00882	0.00490	0.00686	0.00196	0.00980	0.00686	0.00294	0.00784
2	0.11032	0.02086	0.01531	0.01312	0.01674	0.42348	0.01022	0.15685	0.01782	0.14386	0.01213	0.01256	0.00895	0.00631	0.00527	0.00163	0.00816	0.00431	0.00428	0.00780
3	0.01439	0.01382	0.02360	0.03569	0.75936	0.01382	0.01785	0.01785	0.01324	0.01900	0.01094	0.01439	0.00921	0.00518	0.00576	0.00173	0.00691	0.00518	0.00288	0.00921
4	0.01210	0.00734	0.00912	0.00894	0.01116	0.00687	0.00724	0.01513	0.06667	0.16748	0.03767	0.12177	0.25669	0.01348	0.00701	0.00219	0.00427	0.23272	0.00579	0.00634
5	0.01298	0.01366	0.02393	0.07175	0.02261	0.01632	0.28291	0.01578	0.01089	0.01578	0.00936	0.01402	0.00808	0.00791	0.01362	0.00229	0.44277	0.00575	0.00269	0.00692

[dist]
# distance from previous block
# <min> <max>
4	8

[block]
# block no. 3 follows, 40 sequences, length 6
# corresponding to MSA columns:
# 640-645
name=unknown_D
#
# <colnr> <probs for GDERKNQSTAVLIFYWHMCP>
#	G	D	E	R	K	N	Q	S	T	A	V	L	I	F	Y	W	H	M	C	P
0	0.00957	0.00683	0.00951	0.01083	0.01219	0.00681	0.00944	0.01218	0.01350	0.01757	0.03092	0.06570	0.03357	0.01616	0.00810	0.00271	0.00542	0.71813	0.00541	0.00546
1	0.01398	0.01559	0.03319	0.02583	0.11139	0.01470	0.65616	0.01866	0.01378	0.01884	0.01186	0.01579	0.00904	0.00506	0.00682	0.00197	0.00953	0.00673	0.00300	0.00809
2	0.00932	0.00739	0.01020	0.01263	0.11132	0.00707	0.00882	0.01153	0.01318	0.01704	0.03573	0.14317	0.21964	0.01460	0.00742	0.00236	0.00476	0.35295	0.00510	0.00578
3	0.01561	0.01427	0.02287	0.03274	0.65739	0.01448	0.01698	0.11524	0.01525	0.02154	0.01153	0.01459	0.00948	0.00555	0.00584	0.00176	0.00690	0.00525	0.00334	0.00939
4	0.00864	0.00556	0.00626	0.00638	0.00658	0.00553	0.00376	0.00907	0.00916	0.01291	0.01960	0.10144	0.02185	0.62793	0.02443	0.00481	0.00507	0.00877	0.10839	0.00387
5	0.01289	0.01542	0.08026	0.02179	0.02728	0.01345	0.59683	0.01764	0.01398	0.01921	0.10624	0.01898	0.01457	0.00583	0.00677	0.00194	0.00883	0.00715	0.00335	0.00759

[dist]
# distance from previous block
# <min> <max>
0	4

[block]
# block no. 4 follows, 40 sequences, length 21
# corresponding to MSA columns:
# 650-670
name=unknown_E
#
# <colnr> <probs for GDERKNQSTAVLIFYWHMCP>
#	G	D	E	R	K	N	Q	S	T	A	V	L	I	F	Y	W	H	M	C	P
0	0.01377	0.01557	0.03364	0.02522	0.07642	0.01465	0.69275	0.01858	0.01369	0.01865	0.01171	0.01560	0.00885	0.00492	0.00679	0.00195	0.00962	0.00676	0.00294	0.00793
1	0.00871	0.00622	0.00862	0.00996	0.01101	0.00613	0.00823	0.01091	0.01274	0.01667	0.03115	0.27400	0.03490	0.01668	0.00786	0.00259	0.00479	0.51828	0.00537	0.00517
2	0.01213	0.12281	0.67687	0.01578	0.02393	0.01465	0.02009	0.01830	0.01222	0.01785	0.01015	0.01192	0.00738	0.00546	0.00531	0.00177	0.00831	0.00415	0.00246	0.00846
3	0.14668	0.01169	0.01333	0.01050	0.01481	0.04935	0.00862	0.10223	0.01677	0.53730	0.01905	0.01715	0.01235	0.00684	0.00548	0.00178	0.00532	0.00527	0.00630	0.00920
4	0.01237	0.02515	0.51526	0.01929	0.02696	0.01392	0.26678	0.01849	0.01277	0.01849	0.01089	0.01344	0.00787	0.00531	0.00598	0.00188	0.00901	0.00518	0.00262	0.00834
5	0.00740	0.00635	0.00639	0.00630	0.00836	0.00557	0.00475	0.00991	0.06425	0.01631	0.05647	0.05359	0.70575	0.01425	0.00681	0.00196	0.00306	0.01188	0.00544	0.00521
6	0.02422	0.01173	0.01418	0.01112	0.01548	0.03570	0.00909	0.14027	0.08744	0.55477	0.02114	0.01875	0.01378	0.00719	0.00583	0.00180	0.00533	0.00575	0.00672	0.00973
7	0.01216	0.01195	0.01769	0.26348	0.02329	0.01623	0.01383	0.01427	0.00979	0.01427	0.00851	0.01362	0.00767	0.00876	0.01479	0.00235	0.53326	0.00511	0.00256	0.00639
8	0.00709	0.00506	0.00675	0.00810	0.00843	0.00472	0.00540	0.00810	0.01113	0.01484	0.03205	0.79184	0.03846	0.01822	0.00742	0.00236	0.00337	0.01653	0.00540	0.00472
9	0.01423	0.01428	0.02626	0.03292	0.57834	0.01404	0.19674	0.01804	0.01336	0.01891	0.01114	0.01471	0.00911	0.00511	0.00603	0.00179	0.00763	0.00560	0.00289	0.00887
10	0.01373	0.01569	0.03431	0.02451	0.03039	0.01471	0.73824	0.01863	0.01373	0.01863	0.01176	0.01569	0.00882	0.00490	0.00686	0.00196	0.00980	0.00686	0.00294	0.00784
11	0.01166	0.03008	0.76550	0.01657	0.02517	0.01351	0.02149	0.01842	0.01228	0.01842	0.01044	0.01228	0.00737	0.00552	0.00552	0.00184	0.00859	0.00430	0.00246	0.00859
12	0.02172	0.02772	0.01648	0.01498	0.01798	0.77228	0.01124	0.02322	0.01648	0.01423	0.00899	0.01049	0.00749	0.00599	0.00524	0.00150	0.01049	0.00375	0.00300	0.00674
13	0.65950	0.01266	0.00997	0.00880	0.01240	0.06588	0.00713	0.04975	0.06817	0.04618	0.01002	0.01094	0.00764	0.00575	0.00405	0.00179	0.00502	0.00362	0.00393	0.00681
14	0.00687	0.00589	0.00589	0.00589	0.00785	0.00491	0.00442	0.00835	0.01325	0.01571	0.05891	0.05596	0.75700	0.01473	0.00687	0.00196	0.00295	0.01227	0.00540	0.00491
15	0.00709	0.00506	0.00675	0.00810	0.00843	0.00472	0.00540	0.00810	0.01113	0.01484	0.03205	0.79184	0.03846	0.01822	0.00742	0.00236	0.00337	0.01653	0.00540	0.00472
16	0.01098	0.01034	0.01744	0.78165	0.04005	0.01292	0.01615	0.01486	0.01163	0.01486	0.01034	0.01550	0.00775	0.00581	0.00581	0.00194	0.00775	0.00517	0.00258	0.00646
17	0.01555	0.79913	0.03047	0.00995	0.01493	0.02301	0.00995	0.01741	0.01182	0.01368	0.00808	0.00933	0.00746	0.00498	0.00373	0.00124	0.00622	0.00311	0.00249	0.00746
18	0.02609	0.00990	0.01350	0.01035	0.01484	0.00855	0.00855	0.02834	0.01664	0.76338	0.02294	0.01979	0.01439	0.00720	0.00585	0.00180	0.00495	0.00585	0.00720	0.00990
19	0.00823	0.00594	0.00777	0.00732	0.00869	0.00549	0.00549	0.01097	0.01646	0.02332	0.75629	0.04344	0.05487	0.01189	0.00686	0.00183	0.00274	0.01052	0.00640	0.00549
20	0.02138	0.01725	0.06934	0.01360	0.01853	0.01772	0.01178	0.68992	0.02630	0.03538	0.01372	0.01384	0.00971	0.00688	0.00580	0.00175	0.00655	0.00517	0.00558	0.00980

[dist]
# distance from previous block
# <min> <max>
4	7

[block]
# block no. 5 follows, 40 sequences, length 28
# corresponding to MSA columns:
# 678-705
name=unknown_F
#
# <colnr> <probs for GDERKNQSTAVLIFYWHMCP>
#	G	D	E	R	K	N	Q	S	T	A	V	L	I	F	Y	W	H	M	C	P
0	0.00791	0.00568	0.00767	0.00897	0.00972	0.00544	0.00680	0.00954	0.01203	0.01580	0.03255	0.50218	0.06229	0.01731	0.00762	0.00246	0.00408	0.27160	0.00538	0.00496
1	0.01166	0.03008	0.76550	0.01657	0.02517	0.01351	0.02149	0.01842	0.01228	0.01842	0.01044	0.01228	0.00737	0.00552	0.00552	0.00184	0.00859	0.00430	0.00246	0.00859
2	0.02166	0.01647	0.01717	0.01335	0.01787	0.04435	0.01095	0.67436	0.06807	0.03516	0.01434	0.01428	0.01025	0.00700	0.00580	0.00175	0.00644	0.00526	0.00572	0.00974
3	0.01601	0.01689	0.02203	0.03111	0.59536	0.18159	0.01638	0.01904	0.01396	0.01794	0.01051	0.01353	0.00883	0.00536	0.00564	0.00168	0.00770	0.00486	0.00290	0.00866
4	0.01499	0.01759	0.03149	0.02300	0.02843	0.13458	0.62320	0.01935	0.01416	0.01793	0.01133	0.01486	0.00861	0.00507	0.00661	0.00189	0.00991	0.00637	0.00295	0.00767
5	0.01923	0.01370	0.01485	0.01172	0.01533	0.01495	0.00930	0.55277	0.02278	0.05696	0.01525	0.01950	0.01254	0.18144	0.01108	0.00261	0.00618	0.00597	0.00536	0.00848
6	0.02304	0.18562	0.01796	0.01080	0.01543	0.01345	0.00931	0.15350	0.01749	0.46727	0.01805	0.01643	0.01205	0.00667	0.00537	0.00167	0.00549	0.00513	0.00591	0.00936
7	0.01065	0.02455	0.59767	0.01470	0.02147	0.01156	0.01793	0.01613	0.01202	0.01763	0.01522	0.18471	0.01424	0.00833	0.00594	0.00196	0.00744	0.00700	0.00311	0.00774
8	0.00719	0.00516	0.00685	0.00816	0.00859	0.00482	0.00556	0.00829	0.01130	0.01499	0.03279	0.73534	0.05954	0.01801	0.00744	0.00236	0.00346	0.04999	0.00540	0.00476
9	0.02161	0.02425	0.01664	0.01441	0.01790	0.55211	0.01109	0.21578	0.01930	0.02037	0.01036	0.01146	0.00816	0.00622	0.00538	0.00155	0.00925	0.00414	0.00377	0.02629
10	0.01402	0.01357	0.02232	0.03118	0.59476	0.01470	0.01671	0.01699	0.01228	0.01789	0.01021	0.01402	0.00886	0.00629	0.00870	0.00191	0.17902	0.00516	0.00280	0.00858
11	0.00709	0.00506	0.00675	0.00810	0.00843	0.00472	0.00540	0.00810	0.01113	0.01484	0.03205	0.79184	0.03846	0.01822	0.00742	0.00236	0.00337	0.01653	0.00540	0.00472
12	0.01095	0.00925	0.01478	0.60995	0.03269	0.01126	0.01348	0.01457	0.01175	0.01637	0.01225	0.01687	0.00933	0.00603	0.00543	0.00181	0.00664	0.00522	0.18514	0.00623
13	0.01492	0.01463	0.02695	0.18959	0.02987	0.01503	0.42201	0.17303	0.01619	0.02167	0.01192	0.01527	0.00882	0.00555	0.00641	0.00191	0.00862	0.00614	0.00348	0.00798
14	0.01356	0.43170	0.21201	0.18231	0.02305	0.01839	0.01422	0.01710	0.01189	0.01513	0.00917	0.01143	0.00750	0.00530	0.00464	0.00155	0.00715	0.00386	0.00250	0.00752
15	0.00857	0.00608	0.00856	0.00846	0.00960	0.00667	0.00652	0.01087	0.01124	0.01659	0.17980	0.02727	0.02350	0.03247	0.51704	0.00679	0.01130	0.00709	0.09632	0.00528
16	0.05563	0.01059	0.01231	0.01004	0.01359	0.05249	0.00806	0.07938	0.04856	0.41416	0.20480	0.02437	0.02359	0.00824	0.00597	0.00179	0.00479	0.00677	0.00644	0.00842
17	0.14473	0.01214	0.01604	0.44547	0.02937	0.01436	0.01317	0.21692	0.01573	0.02270	0.01099	0.01412	0.00812	0.00607	0.00546	0.00186	0.00686	0.00487	0.00364	0.00739
18	0.00709	0.00506	0.00675	0.00810	0.00843	0.00472	0.00540	0.00810	0.01113	0.01484	0.03205	0.79184	0.03846	0.01822	0.00742	0.00236	0.00337	0.01653	0.00540	0.00472
19	0.19245	0.00747	0.00860	0.00846	0.01042	0.00761	0.00687	0.01325	0.01415	0.04867	0.35958	0.04134	0.03663	0.01147	0.00643	0.00206	0.00395	0.20929	0.00551	0.00579
20	0.01740	0.01818	0.01602	0.01740	0.17533	0.34533	0.01124	0.07439	0.01662	0.05474	0.17575	0.01933	0.01885	0.00726	0.00578	0.00165	0.00743	0.00577	0.00414	0.00739
21	0.01389	0.02956	0.59982	0.01622	0.02358	0.18135	0.01922	0.01948	0.01321	0.01749	0.01012	0.01188	0.00739	0.00563	0.00546	0.00177	0.00901	0.00418	0.00258	0.00818
22	0.01041	0.00754	0.00912	0.00927	0.01056	0.00767	0.00665	0.16998	0.01472	0.01967	0.02805	0.61977	0.03214	0.01573	0.00707	0.00223	0.00404	0.01403	0.00549	0.00587
23	0.04837	0.01257	0.01356	0.01146	0.01524	0.04559	0.00912	0.08218	0.40450	0.25951	0.02152	0.01959	0.01525	0.00743	0.00578	0.00187	0.00510	0.00600	0.00611	0.00927
24	0.01216	0.12787	0.67203	0.01573	0.02387	0.01471	0.02002	0.01829	0.01222	0.01781	0.01014	0.01190	0.00738	0.00545	0.00530	0.00177	0.00829	0.00415	0.00246	0.00845
25	0.01671	0.01579	0.02202	0.03011	0.54813	0.07714	0.01619	0.05342	0.11487	0.02138	0.01405	0.01696	0.01159	0.00665	0.00634	0.00200	0.00730	0.00570	0.00393	0.00971
26	0.01976	0.01856	0.01657	0.01529	0.05994	0.22836	0.01123	0.18540	0.31228	0.03897	0.01778	0.01814	0.01372	0.00788	0.00629	0.00203	0.00728	0.00581	0.00535	0.00935
27	0.38649	0.01417	0.01201	0.01055	0.01381	0.11828	0.00823	0.13869	0.01611	0.02669	0.17617	0.01990	0.01921	0.00813	0.00557	0.00201	0.00575	0.00571	0.00498	0.00752

[dist]
# distance from previous block
# <min> <max>
5	10

[block]
# block no. 6 follows, 40 sequences, length 13
# corresponding to MSA columns:
# 716-728
name=unknown_G
#
# <colnr> <probs for GDERKNQSTAVLIFYWHMCP>
#	G	D	E	R	K	N	Q	S	T	A	V	L	I	F	Y	W	H	M	C	P
0	0.00996	0.01206	0.16327	0.01087	0.01336	0.00938	0.01014	0.01289	0.01317	0.03605	0.30155	0.16136	0.05064	0.01134	0.00899	0.00206	0.15278	0.00921	0.00469	0.00624
1	0.01286	0.01411	0.02962	0.17732	0.03134	0.01388	0.55806	0.01738	0.01318	0.01769	0.01241	0.05136	0.00997	0.00570	0.00668	0.00197	0.00909	0.00696	0.00298	0.00742
2	0.01289	0.01228	0.02088	0.36512	0.44170	0.01342	0.01710	0.01653	0.01253	0.01717	0.01067	0.01488	0.00857	0.00546	0.00578	0.00182	0.00728	0.00518	0.00275	0.00800
3	0.01731	0.01405	0.02103	0.02903	0.55371	0.06865	0.01547	0.02037	0.01417	0.16963	0.01323	0.01520	0.01014	0.00565	0.00574	0.00172	0.00677	0.00521	0.00376	0.00917
4	0.26604	0.02000	0.01404	0.01233	0.01579	0.37735	0.00960	0.13509	0.06243	0.02197	0.01043	0.01143	0.00816	0.00609	0.00488	0.00166	0.00767	0.00398	0.00381	0.00726
5	0.01845	0.00923	0.01184	0.00965	0.01330	0.00807	0.00762	0.06563	0.01507	0.38780	0.02199	0.20221	0.01868	0.00923	0.00591	0.00174	0.00453	0.00787	0.00592	0.17524
6	0.01208	0.02716	0.61720	0.01818	0.02623	0.01375	0.16686	0.01846	0.01257	0.01846	0.01071	0.01297	0.00766	0.00540	0.00580	0.00187	0.00884	0.00482	0.00255	0.00844
7	0.01208	0.01227	0.02346	0.01718	0.02184	0.01109	0.41493	0.01599	0.01404	0.01981	0.18926	0.02158	0.01978	0.00645	0.00634	0.00171	0.00700	0.00704	0.00387	0.17427
8	0.07619	0.01301	0.01373	0.01131	0.01528	0.08457	0.00907	0.09487	0.21966	0.36952	0.01997	0.01819	0.01370	0.00713	0.00566	0.00181	0.00549	0.00561	0.00607	0.00916
9	0.01357	0.00866	0.01091	0.00946	0.01185	0.00889	0.00747	0.16112	0.01699	0.12735	0.32612	0.02923	0.03045	0.01781	0.18935	0.00360	0.00686	0.00777	0.00561	0.00693
10	0.11486	0.01283	0.01565	0.01695	0.19254	0.01388	0.01101	0.16851	0.24029	0.07808	0.06297	0.01815	0.01485	0.00696	0.00564	0.00183	0.00541	0.00576	0.00502	0.00881
11	0.01373	0.01569	0.03431	0.02451	0.03039	0.01471	0.73824	0.01863	0.01373	0.01863	0.01176	0.01569	0.00882	0.00490	0.00686	0.00196	0.00980	0.00686	0.00294	0.00784
12	0.01066	0.01054	0.00915	0.00968	0.01073	0.18806	0.00680	0.01192	0.01280	0.01532	0.07992	0.55010	0.03228	0.01483	0.00686	0.00212	0.00503	0.01304	0.00490	0.00526

[dist]
# distance from previous block
# <min> <max>
5	9

[block]
# block no. 7 follows, 40 sequences, length 21
# corresponding to MSA columns:
# 741-761
name=unknown_H
#
# <colnr> <probs for GDERKNQSTAVLIFYWHMCP>
#	G	D	E	R	K	N	Q	S	T	A	V	L	I	F	Y	W	H	M	C	P
0	0.01283	0.26092	0.54488	0.01459	0.02209	0.01636	0.01802	0.01812	0.01214	0.01700	0.00973	0.01139	0.00740	0.00536	0.00499	0.00166	0.00788	0.00394	0.00247	0.00825
1	0.02420	0.01056	0.01362	0.01070	0.01503	0.00984	0.00875	0.05987	0.12512	0.62255	0.02266	0.01982	0.01469	0.00729	0.00586	0.00182	0.00496	0.00593	0.00695	0.00979
2	0.01300	0.12705	0.44547	0.02144	0.24418	0.01486	0.01887	0.01811	0.01251	0.01796	0.01028	0.01252	0.00793	0.00535	0.00536	0.00173	0.00777	0.00441	0.00259	0.00863
3	0.01111	0.01051	0.01747	0.72663	0.03827	0.01327	0.01590	0.01480	0.01143	0.01480	0.01014	0.01530	0.00774	0.00613	0.00677	0.00198	0.06356	0.00516	0.00258	0.00645
4	0.06155	0.01318	0.01682	0.53808	0.03247	0.11412	0.01440	0.05510	0.01282	0.01655	0.01003	0.01420	0.00774	0.00619	0.00657	0.00190	0.06389	0.00486	0.00287	0.00667
5	0.01013	0.00523	0.00791	0.03418	0.00869	0.00532	0.00543	0.00783	0.00772	0.01026	0.01011	0.01760	0.01002	0.01971	0.02215	0.80232	0.00514	0.00505	0.00253	0.00266
6	0.01203	0.02793	0.66725	0.01911	0.12240	0.01355	0.02100	0.01834	0.01241	0.01849	0.01050	0.01256	0.00761	0.00548	0.00556	0.00183	0.00837	0.00441	0.00251	0.00868
7	0.01224	0.14329	0.65730	0.01560	0.02366	0.01490	0.01979	0.01827	0.01221	0.01772	0.01009	0.01184	0.00738	0.00544	0.00526	0.00175	0.00824	0.00412	0.00246	0.00843
8	0.00807	0.00584	0.00772	0.00823	0.00932	0.00550	0.00627	0.01021	0.01401	0.01906	0.34055	0.27368	0.08163	0.01487	0.00729	0.00219	0.00353	0.17102	0.00581	0.00520
9	0.01345	0.01759	0.13115	0.02346	0.02970	0.01455	0.64331	0.01860	0.01353	0.01860	0.01159	0.01523	0.00863	0.00498	0.00669	0.00195	0.00964	0.00652	0.00288	0.00794
10	0.01968	0.01876	0.01799	0.01827	0.17171	0.24306	0.01229	0.32429	0.05230	0.02536	0.03218	0.01414	0.01058	0.00648	0.00566	0.00168	0.00756	0.00498	0.00438	0.00866
11	0.00833	0.00614	0.00888	0.00888	0.00975	0.00701	0.00668	0.01008	0.00921	0.01315	0.01601	0.02522	0.01557	0.16112	0.65649	0.00877	0.01402	0.00658	0.00318	0.00493
12	0.00743	0.00599	0.00721	0.00766	0.00869	0.00576	0.00551	0.00869	0.01199	0.01534	0.05810	0.40654	0.34141	0.01601	0.00802	0.00219	0.05953	0.01376	0.00522	0.00494
13	0.01119	0.01058	0.01694	0.55119	0.03226	0.01363	0.01473	0.01434	0.01084	0.01456	0.01010	0.01540	0.00821	0.00953	0.06413	0.00261	0.18557	0.00523	0.00261	0.00635
14	0.01778	0.01530	0.02002	0.02568	0.43562	0.11170	0.01447	0.10412	0.05888	0.11931	0.01337	0.01498	0.01025	0.00592	0.00572	0.00172	0.00692	0.00517	0.00398	0.00906
15	0.00986	0.00862	0.01373	0.49090	0.02825	0.01007	0.01214	0.01318	0.01304	0.01740	0.23588	0.08243	0.02421	0.00857	0.00625	0.00194	0.00592	0.00763	0.00394	0.00604
16	0.01664	0.01643	0.01377	0.01227	0.01534	0.24088	0.00945	0.07937	0.36203	0.03783	0.11554	0.02059	0.01892	0.00777	0.00583	0.00179	0.00627	0.00613	0.00512	0.00804
17	0.02357	0.01061	0.01353	0.01074	0.01499	0.01003	0.00875	0.04781	0.16911	0.59043	0.02285	0.02003	0.01497	0.00734	0.00586	0.00183	0.00491	0.00598	0.00689	0.00975
18	0.01166	0.03008	0.76550	0.01657	0.02517	0.01351	0.02149	0.01842	0.01228	0.01842	0.01044	0.01228	0.00737	0.00552	0.00552	0.00184	0.00859	0.00430	0.00246	0.00859
19	0.01344	0.01248	0.01765	0.24505	0.02307	0.01637	0.01353	0.11040	0.01216	0.01725	0.00928	0.01372	0.00797	0.00844	0.01334	0.00226	0.44858	0.00513	0.00299	0.00686
20	0.01183	0.06359	0.73347	0.01629	0.02472	0.01392	0.02098	0.01837	0.01226	0.01821	0.01033	0.01215	0.00737	0.00550	0.00545	0.00182	0.00849	0.00425	0.00246	0.00854

[dist]
# distance from previous block
# <min> <max>
4	7

[block]
# block no. 8 follows, 40 sequences, length 7
# corresponding to MSA columns:
# 769-775
name=unknown_I
#
# <colnr> <probs for GDERKNQSTAVLIFYWHMCP>
#	G	D	E	R	K	N	Q	S	T	A	V	L	I	F	Y	W	H	M	C	P
0	0.18988	0.32894	0.31390	0.01205	0.01815	0.01715	0.01369	0.01774	0.01159	0.01819	0.00901	0.01051	0.00718	0.00528	0.00441	0.00160	0.00678	0.00358	0.00271	0.00766
1	0.00870	0.00702	0.01037	0.01386	0.16923	0.00672	0.00802	0.01034	0.01195	0.01619	0.06436	0.55256	0.06823	0.01495	0.00701	0.00218	0.00408	0.01360	0.00491	0.00573
2	0.01214	0.01294	0.02578	0.01952	0.02328	0.01306	0.46563	0.01563	0.01240	0.01708	0.01545	0.18143	0.01498	0.00859	0.00893	0.00214	0.13201	0.00865	0.00340	0.00694
3	0.07789	0.01882	0.01597	0.01316	0.01713	0.25472	0.01048	0.36629	0.06449	0.08522	0.01327	0.01347	0.00970	0.00663	0.00549	0.00169	0.00734	0.00475	0.00489	0.00861
4	0.01578	0.01731	0.02507	0.02814	0.39728	0.17649	0.21735	0.01922	0.01407	0.01787	0.01075	0.01392	0.00873	0.00528	0.00596	0.00174	0.00848	0.00534	0.00292	0.00830
5	0.00777	0.00554	0.00687	0.00726	0.00789	0.00528	0.00484	0.00893	0.01158	0.01561	0.18471	0.31054	0.09842	0.25133	0.04402	0.00347	0.00436	0.01204	0.00496	0.00456
6	0.00772	0.00562	0.00731	0.00784	0.00880	0.00521	0.00570	0.00959	0.01359	0.01847	0.31930	0.37599	0.10094	0.01526	0.00721	0.00215	0.00326	0.07513	0.00579	0.00509

[dist]
# distance from previous block
# <min> <max>
3	11

[block]
# block no. 9 follows, 40 sequences, length 17
# corresponding to MSA columns:
# 787-803
name=unknown_J
#
# <colnr> <probs for GDERKNQSTAVLIFYWHMCP>
#	G	D	E	R	K	N	Q	S	T	A	V	L	I	F	Y	W	H	M	C	P
0	0.01166	0.03008	0.76550	0.01657	0.02517	0.01351	0.02149	0.01842	0.01228	0.01842	0.01044	0.01228	0.00737	0.00552	0.00552	0.00184	0.00859	0.00430	0.00246	0.00859
1	0.01088	0.00656	0.00808	0.00744	0.00949	0.00578	0.00567	0.01296	0.01498	0.15257	0.33143	0.10471	0.28212	0.01252	0.00673	0.00191	0.00326	0.01076	0.00613	0.00602
2	0.01278	0.01389	0.02931	0.02126	0.02609	0.01308	0.60670	0.01681	0.01278	0.01731	0.01294	0.01969	0.01103	0.14647	0.01093	0.00262	0.00906	0.00715	0.00305	0.00707
3	0.03693	0.01456	0.01498	0.01261	0.01629	0.06636	0.01033	0.41936	0.15124	0.02927	0.01822	0.02424	0.01526	0.00866	0.00614	0.00194	0.00613	0.13333	0.00551	0.00866
4	0.00709	0.00506	0.00675	0.00810	0.00843	0.00472	0.00540	0.00810	0.01113	0.01484	0.03205	0.79184	0.03846	0.01822	0.00742	0.00236	0.00337	0.01653	0.00540	0.00472
5	0.01290	0.01325	0.02077	0.01692	0.01798	0.01726	0.14262	0.01482	0.00977	0.01482	0.00837	0.01325	0.00785	0.00923	0.01690	0.00244	0.64620	0.00541	0.00262	0.00663
6	0.12857	0.01438	0.01546	0.01205	0.01650	0.01558	0.00993	0.49789	0.04415	0.16503	0.01509	0.01464	0.01046	0.00684	0.00554	0.00177	0.00584	0.00511	0.00578	0.00940
7	0.01674	0.01565	0.02226	0.02812	0.48102	0.07697	0.06064	0.18605	0.01681	0.02268	0.01153	0.01405	0.00920	0.00565	0.00580	0.00173	0.00726	0.00518	0.00357	0.00908
8	0.00714	0.00509	0.00673	0.00802	0.00834	0.00476	0.00532	0.00811	0.01102	0.01469	0.03145	0.75909	0.03771	0.05199	0.00839	0.00250	0.00347	0.01618	0.00532	0.00467
9	0.01487	0.01462	0.01937	0.01688	0.07096	0.07655	0.18989	0.02633	0.45621	0.02172	0.01864	0.01879	0.01411	0.00681	0.00608	0.00191	0.00653	0.00632	0.00473	0.00867
10	0.01409	0.47030	0.20792	0.01252	0.01749	0.01976	0.01327	0.01705	0.01141	0.01490	0.00858	0.01066	0.00747	0.00604	0.00692	0.00162	0.14623	0.00375	0.00249	0.00754
11	0.01709	0.01080	0.01249	0.01111	0.01435	0.02815	0.00896	0.02595	0.35313	0.24960	0.04717	0.02939	0.02046	0.00922	0.00629	0.00203	0.00492	0.13418	0.00616	0.00856
12	0.00780	0.00565	0.00751	0.00864	0.00945	0.00535	0.00647	0.00945	0.01229	0.01623	0.08407	0.48191	0.08686	0.01692	0.00752	0.00239	0.00387	0.21719	0.00546	0.00497
13	0.15647	0.00682	0.00788	0.00772	0.00934	0.00681	0.00589	0.01173	0.01430	0.02218	0.46733	0.14685	0.04232	0.01193	0.00644	0.00196	0.00333	0.05950	0.00568	0.00551
14	0.02073	0.01533	0.01644	0.01280	0.01706	0.01697	0.01042	0.64921	0.06653	0.03419	0.01481	0.01607	0.01111	0.06196	0.00748	0.00203	0.00625	0.00554	0.00566	0.00941
15	0.01345	0.01266	0.02172	0.03052	0.58011	0.01260	0.06124	0.01686	0.01330	0.01869	0.01454	0.02364	0.01353	0.00711	0.00623	0.00191	0.00681	0.13330	0.00333	0.00844
16	0.01376	0.15564	0.13457	0.02085	0.02695	0.01600	0.51103	0.01838	0.01319	0.01773	0.01093	0.01410	0.00838	0.00500	0.00613	0.00182	0.00901	0.00585	0.00279	0.00788

[dist]
# distance from previous block
# <min> <max>
0	7

[block]
# block no. 10 follows, 40 sequences, length 16
# corresponding to MSA columns:
# 811-826
name=unknown_K
#
# <colnr> <probs for GDERKNQSTAVLIFYWHMCP>
#	G	D	E	R	K	N	Q	S	T	A	V	L	I	F	Y	W	H	M	C	P
0	0.01288	0.01672	0.13738	0.17368	0.03155	0.01418	0.49055	0.01785	0.01310	0.01785	0.01129	0.01515	0.00840	0.00517	0.00646	0.00194	0.00922	0.00615	0.00280	0.00768
1	0.00811	0.00674	0.01076	0.01024	0.01160	0.00625	0.11198	0.00986	0.01208	0.01608	0.08315	0.56159	0.09765	0.01553	0.00725	0.00223	0.00423	0.01433	0.00511	0.00525
2	0.01206	0.02771	0.65752	0.01936	0.13202	0.01355	0.02096	0.01833	0.01242	0.01850	0.01051	0.01259	0.00763	0.00547	0.00556	0.00182	0.00835	0.00443	0.00252	0.00868
3	0.01342	0.01661	0.09660	0.06386	0.04787	0.01449	0.62091	0.01839	0.01348	0.01842	0.01155	0.01535	0.00865	0.00501	0.00667	0.00194	0.00952	0.00651	0.00288	0.00787
4	0.01239	0.01499	0.12815	0.46078	0.16625	0.05302	0.04997	0.01653	0.01236	0.01626	0.01045	0.01458	0.00799	0.00563	0.00578	0.00186	0.00796	0.00505	0.00266	0.00735
5	0.00831	0.00642	0.00891	0.12061	0.01359	0.00646	0.00748	0.01056	0.01335	0.01784	0.24648	0.26924	0.11422	0.01384	0.00705	0.00215	0.00408	0.11880	0.00528	0.00532
6	0.00909	0.00706	0.01000	0.17039	0.01628	0.00746	0.00904	0.01134	0.01206	0.01555	0.02768	0.12248	0.10008	0.12746	0.01053	0.00285	0.00546	0.32545	0.00452	0.00521
7	0.01321	0.01754	0.16266	0.09039	0.13639	0.01421	0.44198	0.01815	0.01321	0.01832	0.01128	0.01487	0.00853	0.00513	0.00637	0.00190	0.00899	0.00601	0.00281	0.00806
8	0.00846	0.12069	0.01016	0.00818	0.00916	0.00748	0.00586	0.00949	0.01095	0.01430	0.02711	0.59811	0.03212	0.09864	0.00923	0.00255	0.00403	0.01372	0.00478	0.00499
9	0.01822	0.01316	0.01522	0.01591	0.01780	0.01172	0.01192	0.01767	0.01836	0.02507	0.03851	0.21805	0.07356	0.02100	0.01136	0.00411	0.00788	0.44225	0.00817	0.01007
10	0.01241	0.17825	0.62388	0.01530	0.02320	0.01534	0.01926	0.01822	0.01219	0.01750	0.00998	0.01171	0.00739	0.00542	0.00518	0.00173	0.00814	0.00407	0.00246	0.00838
11	0.01965	0.01273	0.01449	0.05205	0.01677	0.04827	0.00998	0.32910	0.02044	0.21629	0.07130	0.03752	0.01752	0.00863	0.00618	0.00189	0.00585	0.09690	0.00584	0.00858
12	0.10161	0.02372	0.46301	0.01457	0.02137	0.01455	0.01665	0.18177	0.06803	0.02376	0.01193	0.01303	0.00856	0.00601	0.00541	0.00182	0.00738	0.00455	0.00358	0.00869
13	0.01378	0.01555	0.03351	0.02535	0.08489	0.01464	0.68438	0.01857	0.01369	0.01866	0.01170	0.01559	0.00885	0.00492	0.00678	0.00194	0.00959	0.00674	0.00294	0.00795
14	0.10081	0.01302	0.02048	0.10171	0.44655	0.01446	0.03043	0.01672	0.01188	0.01834	0.00994	0.01367	0.00844	0.00625	0.00820	0.00192	0.16128	0.00498	0.00286	0.00804
15	0.01475	0.09553	0.01859	0.45346	0.03008	0.01532	0.01372	0.23015	0.01621	0.02109	0.01117	0.01444	0.00841	0.00641	0.00600	0.02157	0.00712	0.00497	0.00353	0.00749

[dist]
# distance from previous block
# <min> <max>
0	9

[block]
# block no. 11 follows, 40 sequences, length 14
# corresponding to MSA columns:
# 836-849
name=unknown_L
#
# <colnr> <probs for GDERKNQSTAVLIFYWHMCP>
#	G	D	E	R	K	N	Q	S	T	A	V	L	I	F	Y	W	H	M	C	P
0	0.01539	0.01543	0.02916	0.19148	0.08013	0.01529	0.45885	0.07327	0.01524	0.02065	0.01317	0.01762	0.01025	0.00639	0.00715	0.00222	0.00934	0.00673	0.00365	0.00860
1	0.01086	0.00734	0.00918	0.00869	0.01029	0.00660	0.00638	0.01286	0.01678	0.06683	0.60700	0.11494	0.07119	0.01323	0.00752	0.00218	0.00356	0.01124	0.00680	0.00653
2	0.01466	0.01564	0.03214	0.02361	0.02896	0.01451	0.64780	0.01861	0.01444	0.01972	0.01537	0.09405	0.01329	0.00732	0.00758	0.00230	0.00960	0.00829	0.00375	0.00835
3	0.01401	0.49377	0.32232	0.01258	0.01899	0.01924	0.01453	0.01781	0.01200	0.01556	0.00902	0.01050	0.00742	0.00519	0.00444	0.00148	0.00716	0.00358	0.00247	0.00791
4	0.00701	0.00536	0.00644	0.00731	0.00823	0.00479	0.00505	0.00819	0.01189	0.01515	0.04163	0.52944	0.29467	0.01697	0.00723	0.00222	0.00322	0.01501	0.00540	0.00479
5	0.00793	0.00586	0.00812	0.00979	0.04865	0.00557	0.00658	0.00953	0.01228	0.01658	0.13210	0.55208	0.03856	0.01636	0.00733	0.00229	0.00373	0.10611	0.00540	0.00515
6	0.01422	0.02662	0.46855	0.01753	0.07806	0.18364	0.01806	0.01901	0.01296	0.01709	0.00988	0.01208	0.00756	0.00606	0.00681	0.00183	0.08509	0.00432	0.00262	0.00801
7	0.01306	0.02032	0.26960	0.02196	0.02871	0.01432	0.50760	0.01856	0.01326	0.01856	0.01134	0.01459	0.00835	0.00510	0.00643	0.00192	0.00941	0.00604	0.00278	0.00808
8	0.02097	0.02628	0.01721	0.01712	0.09446	0.69404	0.01192	0.02267	0.01615	0.01472	0.00919	0.01089	0.00767	0.00591	0.00530	0.00152	0.01012	0.00389	0.00298	0.00700
9	0.01279	0.07434	0.47947	0.02230	0.26076	0.01422	0.01957	0.01817	0.01256	0.01830	0.01045	0.01277	0.00797	0.00538	0.00548	0.00177	0.00790	0.00451	0.00259	0.00872
10	0.14335	0.01087	0.01312	0.01034	0.01464	0.01049	0.00850	0.09392	0.06471	0.53873	0.01998	0.01786	0.01301	0.00696	0.00552	0.00181	0.00500	0.00544	0.00646	0.00932
11	0.00732	0.00523	0.00702	0.00837	0.00881	0.00493	0.00581	0.00850	0.01137	0.01511	0.03192	0.71691	0.03795	0.01800	0.00749	0.00239	0.00358	0.08913	0.00539	0.00479
12	0.01525	0.01624	0.02535	0.02993	0.46889	0.12016	0.20147	0.01880	0.01382	0.01824	0.01088	0.01418	0.00887	0.00522	0.00597	0.00175	0.00815	0.00541	0.00291	0.00852
13	0.04151	0.09029	0.01358	0.00942	0.01310	0.00933	0.00781	0.02225	0.01592	0.46766	0.21822	0.02480	0.02435	0.00818	0.00584	0.00175	0.00447	0.00675	0.00640	0.00837

[dist]
# distance from previous block
# <min> <max>
12	26

[block]
# block no. 12 follows, 40 sequences, length 8
# corresponding to MSA columns:
# 876-883
name=unknown_M
#
# <colnr> <probs for GDERKNQSTAVLIFYWHMCP>
#	G	D	E	R	K	N	Q	S	T	A	V	L	I	F	Y	W	H	M	C	P
0	0.01183	0.03014	0.76356	0.01667	0.02526	0.01359	0.02152	0.01852	0.01238	0.01857	0.01061	0.01251	0.00753	0.00564	0.00560	0.00187	0.00864	0.00435	0.00252	0.00868
1	0.01183	0.03014	0.76356	0.01667	0.02526	0.01359	0.02152	0.01852	0.01238	0.01857	0.01061	0.01251	0.00753	0.00564	0.00560	0.00187	0.00864	0.00435	0.00252	0.00868
2	0.00751	0.00536	0.00715	0.00849	0.00895	0.00504	0.00589	0.00865	0.01148	0.01528	0.03203	0.71379	0.03802	0.01807	0.00755	0.00242	0.00364	0.09034	0.00545	0.00488
3	0.01330	0.01403	0.02460	0.01911	0.02151	0.01663	0.30666	0.01599	0.01097	0.01604	0.00949	0.01416	0.00828	0.00814	0.01417	0.00234	0.46892	0.00586	0.00277	0.00705
4	0.01456	0.01393	0.02369	0.03574	0.75744	0.01390	0.01789	0.01795	0.01334	0.01915	0.01111	0.01462	0.00937	0.00530	0.00583	0.00176	0.00696	0.00524	0.00294	0.00929
5	0.00927	0.00705	0.00863	0.00842	0.00992	0.00703	0.00621	0.01402	0.14665	0.02173	0.45956	0.20868	0.04455	0.01270	0.00689	0.00201	0.00328	0.01121	0.00614	0.00607
6	0.00692	0.00570	0.00608	0.00639	0.00799	0.00487	0.00464	0.00829	0.01278	0.01551	0.05285	0.22212	0.59475	0.01552	0.00700	0.00205	0.00304	0.01323	0.00540	0.00487
7	0.06332	0.01024	0.01319	0.01026	0.01450	0.00938	0.00844	0.09007	0.01726	0.60801	0.07599	0.02053	0.01662	0.00744	0.00581	0.00180	0.00489	0.00601	0.00684	0.00940

[dist]
# distance from previous block
# <min> <max>
0	2

[block]
# block no. 13 follows, 40 sequences, length 33
# corresponding to MSA columns:
# 886-918
name=unknown_N
#
# <colnr> <probs for GDERKNQSTAVLIFYWHMCP>
#	G	D	E	R	K	N	Q	S	T	A	V	L	I	F	Y	W	H	M	C	P
0	0.01238	0.15114	0.62113	0.01625	0.05133	0.01502	0.01952	0.01824	0.01224	0.01769	0.01008	0.01189	0.00745	0.00542	0.00525	0.00174	0.00815	0.00414	0.00248	0.00844
1	0.01439	0.01382	0.02360	0.03569	0.75936	0.01382	0.01785	0.01785	0.01324	0.01900	0.01094	0.01439	0.00921	0.00518	0.00576	0.00173	0.00691	0.00518	0.00288	0.00921
2	0.01464	0.62015	0.20153	0.01149	0.01731	0.02080	0.01263	0.01765	0.01192	0.01478	0.00863	0.01001	0.00744	0.00510	0.00415	0.00138	0.00677	0.00339	0.00248	0.00773
3	0.01269	0.01178	0.01968	0.02927	0.58460	0.01170	0.01495	0.01558	0.01275	0.01803	0.01585	0.19532	0.01602	0.00822	0.00614	0.00187	0.00609	0.00782	0.00346	0.00817
4	0.01317	0.01632	0.11864	0.02154	0.02727	0.01358	0.57491	0.01807	0.01339	0.01893	0.01237	0.01591	0.00929	0.00517	0.00641	0.00188	0.00891	0.00640	0.09016	0.00768
