[name]
unknown

[dist]
# distance from previous block
# <min> <max>
0	31

[block]
# block no. 0 follows, 40 sequences, length 13
# corresponding to MSA columns:
# 31-43
name=unknown_A
#
# <colnr> <probs for GDERKNQSTAVLIFYWHMCP>
#	G	D	E	R	K	N	Q	S	T	A	V	L	I	F	Y	W	H	M	C	P
0	0.00836	0.00624	0.00843	0.00991	0.03810	0.00597	0.00743	0.01032	0.01271	0.01660	0.06751	0.31647	0.13564	0.01604	0.00752	0.00239	0.00426	0.31556	0.00533	0.00522
1	0.01310	0.01375	0.04473	0.17204	0.06995	0.01423	0.29620	0.01998	0.17710	0.01872	0.01417	0.03346	0.01114	0.00648	0.00730	0.00200	0.06795	0.00636	0.00354	0.00779
2	0.01496	0.18695	0.01682	0.08273	0.01669	0.01438	0.00966	0.02344	0.32934	0.10733	0.07603	0.02240	0.01792	0.00775	0.00561	0.00182	0.00520	0.04784	0.00499	0.00813
3	0.02036	0.01489	0.01551	0.01226	0.01641	0.05022	0.00999	0.52703	0.06678	0.08904	0.01863	0.01821	0.06792	0.00759	0.00581	0.00175	0.00597	0.00584	0.03663	0.00916
4	0.07593	0.02314	0.48309	0.01945	0.18692	0.01293	0.01827	0.01762	0.01263	0.01952	0.06742	0.01491	0.01133	0.00593	0.00553	0.00181	0.00745	0.00488	0.00294	0.00832
5	0.00815	0.00551	0.00643	0.00673	0.00681	0.00543	0.00394	0.00838	0.00905	0.01207	0.02139	0.20652	0.02501	0.62188	0.02464	0.00491	0.00513	0.01026	0.00394	0.00379
6	0.01492	0.62337	0.02764	0.01114	0.01500	0.02185	0.01057	0.01665	0.01117	0.01375	0.00798	0.01009	0.00750	0.00614	0.00716	0.00153	0.18027	0.00355	0.00250	0.00722
7	0.02023	0.01615	0.02122	0.01587	0.02080	0.01729	0.17357	0.57875	0.02430	0.03262	0.01347	0.01435	0.00965	0.00652	0.00605	0.00179	0.00716	0.00560	0.00517	0.00943
8	0.02211	0.01629	0.01745	0.01338	0.01803	0.01803	0.01105	0.73997	0.02734	0.03665	0.01396	0.01396	0.00989	0.00698	0.00582	0.00175	0.00640	0.00524	0.00582	0.00989
9	0.01809	0.49583	0.02543	0.01128	0.01613	0.02108	0.01038	0.29736	0.01783	0.02258	0.01036	0.01112	0.00840	0.00575	0.00454	0.00144	0.00629	0.00393	0.00378	0.00840
10	0.01118	0.13119	0.49394	0.01376	0.02001	0.01286	0.01629	0.01597	0.01196	0.01696	0.01494	0.18610	0.01433	0.00829	0.00570	0.00187	0.00710	0.00687	0.00312	0.00757
11	0.01175	0.07354	0.55255	0.18715	0.02786	0.01397	0.01957	0.01756	0.01210	0.01733	0.01027	0.01281	0.00746	0.00556	0.00548	0.00183	0.00826	0.00442	0.00249	0.00805
12	0.01270	0.08763	0.09228	0.00982	0.01496	0.01039	0.00889	0.05803	0.03055	0.01990	0.06845	0.01459	0.01225	0.00533	0.00470	0.00115	0.00494	0.00423	0.00368	0.53552

[dist]
# distance from previous block
# <min> <max>
4	6

[block]
# block no. 1 follows, 40 sequences, length 7
# corresponding to MSA columns:
# 50-56
name=unknown_B
#
# <colnr> <probs for GDERKNQSTAVLIFYWHMCP>
#	G	D	E	R	K	N	Q	S	T	A	V	L	I	F	Y	W	H	M	C	P
0	0.01221	0.01483	0.13609	0.04053	0.02181	0.01147	0.27796	0.01659	0.03427	0.01845	0.01332	0.07617	0.01138	0.00624	0.00615	0.00167	0.02709	0.00615	0.04150	0.22613
1	0.01254	0.01277	0.10105	0.01094	0.01399	0.01201	0.00916	0.02345	0.46447	0.02016	0.02067	0.02492	0.01741	0.21673	0.01216	0.00293	0.00535	0.00680	0.00487	0.00762
2	0.01578	0.01022	0.01244	0.00907	0.01406	0.00796	0.00733	0.01828	0.01328	0.21658	0.01368	0.01411	0.01015	0.00507	0.00472	0.00111	0.00448	0.00408	0.00444	0.61315
3	0.00835	0.00689	0.00933	0.21254	0.01643	0.00718	0.00777	0.01017	0.01162	0.01465	0.03290	0.19550	0.26458	0.13857	0.01040	0.00266	0.00483	0.03620	0.00435	0.00508
4	0.01350	0.01429	0.05006	0.01762	0.02198	0.01422	0.32656	0.02073	0.20793	0.01950	0.01411	0.01630	0.01094	0.00641	0.00803	0.00191	0.11995	0.00603	0.00372	0.10619
5	0.00710	0.00558	0.00642	0.00689	0.00817	0.00490	0.00491	0.00853	0.01279	0.01620	0.12399	0.33771	0.40464	0.01576	0.00708	0.00210	0.00309	0.01372	0.00551	0.00490
6	0.01933	0.01580	0.02163	0.01607	0.02108	0.01659	0.20387	0.50864	0.02289	0.03089	0.01318	0.01431	0.00954	0.00628	0.00601	0.00175	0.00719	0.00557	0.00492	0.05444

[dist]
# distance from previous block
# <min> <max>
0	1

[block]
# block no. 2 follows, 40 sequences, length 7
# corresponding to MSA columns:
# 58-64
name=unknown_C
#
# <colnr> <probs for GDERKNQSTAVLIFYWHMCP>
#	G	D	E	R	K	N	Q	S	T	A	V	L	I	F	Y	W	H	M	C	P
0	0.00709	0.00506	0.00675	0.00810	0.00843	0.00472	0.00540	0.00810	0.01113	0.01484	0.03205	0.79184	0.03846	0.01822	0.00742	0.00236	0.00337	0.01653	0.00540	0.00472
1	0.01531	0.12713	0.01583	0.00979	0.01479	0.01191	0.00820	0.14783	0.01510	0.06995	0.01149	0.01251	0.00905	0.00508	0.00460	0.00114	0.00501	0.00388	0.00398	0.50740
2	0.00781	0.00583	0.00753	0.00817	0.00922	0.00517	0.00562	0.00906	0.01127	0.01545	0.02886	0.67742	0.03408	0.01618	0.00697	0.00214	0.00351	0.01461	0.00511	0.12599
3	0.02211	0.01629	0.01745	0.01338	0.01803	0.01803	0.01105	0.73997	0.02734	0.03665	0.01396	0.01396	0.00989	0.00698	0.00582	0.00175	0.00640	0.00524	0.00582	0.00989
4	0.01081	0.00972	0.01474	0.28740	0.02350	0.00964	0.07162	0.01393	0.01252	0.01732	0.07376	0.04834	0.06988	0.00742	0.00578	0.00166	0.00582	0.04869	0.00365	0.26379
5	0.01002	0.00634	0.00835	0.00762	0.00931	0.00579	0.00579	0.01272	0.01648	0.09755	0.68273	0.04107	0.05081	0.01142	0.00676	0.00183	0.00296	0.01005	0.00648	0.00593
6	0.05421	0.05949	0.10262	0.01369	0.01670	0.37516	0.01169	0.01862	0.01317	0.01508	0.00996	0.01296	0.00861	0.01270	0.13417	0.00299	0.12427	0.00436	0.00289	0.00666

[dist]
# distance from previous block
# <min> <max>
0	1

[block]
# block no. 3 follows, 40 sequences, length 24
# corresponding to MSA columns:
# 66-89
name=unknown_D
#
# <colnr> <probs for GDERKNQSTAVLIFYWHMCP>
#	G	D	E	R	K	N	Q	S	T	A	V	L	I	F	Y	W	H	M	C	P
0	0.02069	0.01486	0.01611	0.01236	0.01688	0.01597	0.01017	0.60127	0.02461	0.06433	0.01426	0.01444	0.01023	0.00672	0.00558	0.00164	0.00594	0.00510	0.05051	0.08833
1	0.01436	0.01539	0.03325	0.02378	0.02960	0.01439	0.70083	0.01913	0.01388	0.05680	0.01234	0.01590	0.00911	0.00502	0.00681	0.00195	0.00956	0.00681	0.00316	0.00795
2	0.00916	0.00624	0.00714	0.00693	0.00724	0.00640	0.00419	0.04671	0.00950	0.01276	0.01790	0.03570	0.02008	0.70034	0.08191	0.00570	0.00639	0.00813	0.00361	0.00398
3	0.00709	0.00506	0.00675	0.00810	0.00843	0.00472	0.00540	0.00810	0.01113	0.01484	0.03205	0.79184	0.03846	0.01822	0.00742	0.00236	0.00337	0.01653	0.00540	0.00472
4	0.83671	0.01125	0.00855	0.00765	0.01125	0.01305	0.00630	0.01709	0.00990	0.02609	0.00810	0.00945	0.00630	0.00540	0.00360	0.00180	0.00450	0.00315	0.00360	0.00630
5	0.00710	0.00539	0.00656	0.00735	0.00827	0.00484	0.00510	0.00839	0.01219	0.01575	0.09429	0.50559	0.26487	0.01665	0.00721	0.00220	0.00319	0.01475	0.00547	0.00484
6	0.01084	0.00542	0.00542	0.00542	0.00678	0.00542	0.00407	0.01355	0.01220	0.02168	0.01897	0.02168	0.01491	0.00678	0.00407	0.00136	0.00271	0.00542	0.82791	0.00542
7	0.02527	0.01122	0.01431	0.01097	0.01550	0.01051	0.00907	0.17565	0.01886	0.61294	0.02108	0.01859	0.01346	0.00715	0.00584	0.00179	0.00525	0.00572	0.00691	0.00990
8	0.00709	0.00506	0.00675	0.00810	0.00843	0.00472	0.00540	0.00810	0.01113	0.01484	0.03205	0.79184	0.03846	0.01822	0.00742	0.00236	0.00337	0.01653	0.00540	0.00472
9	0.01206	0.01034	0.01206	0.00861	0.01378	0.00775	0.00689	0.01464	0.01206	0.01895	0.01034	0.01206	0.00861	0.00431	0.00431	0.00086	0.00431	0.00345	0.00345	0.83118
10	0.83671	0.01125	0.00855	0.00765	0.01125	0.01305	0.00630	0.01709	0.00990	0.02609	0.00810	0.00945	0.00630	0.00540	0.00360	0.00180	0.00450	0.00315	0.00360	0.00630
11	0.01084	0.00542	0.00542	0.00542	0.00678	0.00542	0.00407	0.01355	0.01220	0.02168	0.01897	0.02168	0.01491	0.00678	0.00407	0.00136	0.00271	0.00542	0.82791	0.00542
12	0.01354	0.01295	0.02206	0.22201	0.57969	0.01359	0.01742	0.01710	0.01284	0.01796	0.01079	0.01467	0.00885	0.00534	0.00577	0.00178	0.00712	0.00518	0.00280	0.00852
13	0.00842	0.00576	0.00699	0.00699	0.00721	0.00599	0.00433	0.00887	0.00865	0.01175	0.01773	0.03480	0.01973	0.63463	0.18866	0.00643	0.00777	0.00798	0.00344	0.00388
14	0.01415	0.01357	0.02316	0.08946	0.70751	0.01375	0.01772	0.01763	0.01312	0.01870	0.01089	0.01447	0.00911	0.00523	0.00576	0.00174	0.00697	0.00518	0.00286	0.00901
15	0.05099	0.55207	0.13036	0.01147	0.01662	0.12406	0.01158	0.01834	0.01244	0.01495	0.00854	0.00990	0.00740	0.00521	0.00418	0.00139	0.00706	0.00336	0.00260	0.00747
16	0.00966	0.00840	0.00861	0.00808	0.00983	0.07778	0.00608	0.01296	0.06364	0.02120	0.51596	0.04114	0.17143	0.01157	0.00665	0.00183	0.00363	0.00993	0.00587	0.00575
17	0.05200	0.01038	0.01700	0.74321	0.03862	0.01293	0.01566	0.01497	0.01154	0.01542	0.01022	0.01520	0.00768	0.00579	0.00570	0.00193	0.00759	0.00507	0.00263	0.00645
18	0.01098	0.01034	0.01744	0.78165	0.04005	0.01292	0.01615	0.01486	0.01163	0.01486	0.01034	0.01550	0.00775	0.00581	0.00581	0.00194	0.00775	0.00517	0.00258	0.00646
19	0.02127	0.02536	0.01608	0.01435	0.01747	0.64952	0.01088	0.10581	0.01754	0.01717	0.01003	0.01141	0.00811	0.00614	0.00526	0.00152	0.00965	0.00400	0.04138	0.00705
20	0.00717	0.00554	0.00655	0.00707	0.00823	0.00492	0.00501	0.00863	0.01282	0.01648	0.15247	0.37434	0.33831	0.01582	0.00711	0.00212	0.00310	0.01386	0.00555	0.00492
21	0.03828	0.01683	0.09840	0.02330	0.02935	0.01455	0.65265	0.01856	0.01348	0.01883	0.01154	0.01520	0.00862	0.00497	0.00665	0.00195	0.00954	0.00652	0.00292	0.00786
22	0.01374	0.01315	0.02243	0.17780	0.62233	0.01365	0.01752	0.01728	0.01293	0.01821	0.01082	0.01460	0.00893	0.00530	0.00577	0.00177	0.00707	0.00518	0.00282	0.00869
23	0.01555	0.79913	0.03047	0.00995	0.01493	0.02301	0.00995	0.01741	0.01182	0.01368	0.00808	0.00933	0.00746	0.00498	0.00373	0.00124	0.00622	0.00311	0.00249	0.00746

[dist]
# distance from previous block
# <min> <max>
2	59

[block]
# block no. 4 follows, 40 sequences, length 10
# corresponding to MSA columns:
# 149-158
name=unknown_E
#
# <colnr> <probs for GDERKNQSTAVLIFYWHMCP>
#	G	D	E	R	K	N	Q	S	T	A	V	L	I	F	Y	W	H	M	C	P
0	0.00707	0.00575	0.00627	0.00646	0.00806	0.00495	0.00472	0.00862	0.01326	0.01647	0.13820	0.18677	0.54310	0.01501	0.00697	0.00202	0.00300	0.01283	0.00552	0.00495
1	0.00932	0.00729	0.01083	0.01411	0.14491	0.00715	0.00924	0.01144	0.01242	0.01662	0.02775	0.35968	0.03119	0.01501	0.00737	0.00237	0.00481	0.29777	0.00493	0.00578
2	0.01446	0.11020	0.47017	0.01560	0.02229	0.18079	0.04116	0.01985	0.04160	0.01723	0.01042	0.01205	0.00785	0.00564	0.00533	0.00171	0.00864	0.00422	0.00273	0.00807
3	0.01250	0.02890	0.72171	0.01621	0.02457	0.01322	0.02073	0.01899	0.01253	0.06179	0.01116	0.01272	0.00778	0.00562	0.00554	0.00184	0.00838	0.00439	0.00273	0.00867
4	0.00724	0.00517	0.00692	0.00827	0.00868	0.00486	0.00566	0.00836	0.01128	0.01502	0.03197	0.74315	0.03813	0.01807	0.00746	0.00238	0.00351	0.06370	0.00540	0.00477
5	0.01812	0.01269	0.05772	0.11372	0.06459	0.01199	0.10822	0.02480	0.19886	0.29848	0.01863	0.01845	0.01296	0.00668	0.00597	0.00188	0.00618	0.00596	0.00521	0.00890
6	0.01335	0.05823	0.01159	0.00939	0.01215	0.14626	0.00736	0.08094	0.08049	0.06085	0.12658	0.03461	0.31456	0.01050	0.00616	0.00179	0.00504	0.00848	0.00511	0.00657
7	0.01167	0.00681	0.00727	0.00697	0.00858	0.00699	0.00524	0.10991	0.01403	0.02246	0.02065	0.15912	0.01847	0.00886	0.00490	0.00159	0.00332	0.00739	0.56986	0.00589
8	0.00979	0.00708	0.00867	0.00905	0.01016	0.00712	0.00641	0.13969	0.01405	0.01877	0.02880	0.65197	0.03332	0.01620	0.00713	0.00225	0.00392	0.01450	0.00547	0.00565
9	0.01356	0.04893	0.19404	0.05688	0.44453	0.01401	0.08789	0.01784	0.01292	0.01846	0.01075	0.01381	0.00861	0.00523	0.00570	0.00174	0.00751	0.00501	0.00278	0.02981

[dist]
# distance from previous block
# <min> <max>
0	6

[block]
# block no. 5 follows, 40 sequences, length 7
# corresponding to MSA columns:
# 165-171
name=unknown_F
#
# <colnr> <probs for GDERKNQSTAVLIFYWHMCP>
#	G	D	E	R	K	N	Q	S	T	A	V	L	I	F	Y	W	H	M	C	P
0	0.00731	0.00588	0.00637	0.00626	0.00794	0.00510	0.00460	0.00898	0.01366	0.01718	0.22114	0.05166	0.53569	0.07234	0.00857	0.00221	0.00310	0.01157	0.00550	0.00494
1	0.01275	0.01299	0.02163	0.01681	0.01936	0.01489	0.23756	0.01527	0.01082	0.01600	0.00979	0.01472	0.00876	0.04395	0.01371	0.00227	0.39908	0.00557	0.00284	0.12123
2	0.01067	0.01134	0.18586	0.00833	0.01140	0.00735	0.00839	0.01435	0.01281	0.02113	0.11933	0.02247	0.01867	0.00719	0.00480	0.00154	0.00411	0.00586	0.51823	0.00618
3	0.01060	0.00893	0.00992	0.00971	0.01077	0.11297	0.00729	0.01150	0.00992	0.01280	0.01336	0.01990	0.01251	0.03284	0.48834	0.20292	0.01238	0.00561	0.00296	0.00478
4	0.64185	0.01186	0.01212	0.01429	0.18852	0.01323	0.00903	0.01727	0.01069	0.02441	0.00877	0.01062	0.00699	0.00535	0.00411	0.00178	0.00507	0.00363	0.00343	0.00699
5	0.83671	0.01125	0.00855	0.00765	0.01125	0.01305	0.00630	0.01709	0.00990	0.02609	0.00810	0.00945	0.00630	0.00540	0.00360	0.00180	0.00450	0.00315	0.00360	0.00630
6	0.00714	0.00516	0.00676	0.00792	0.00842	0.00478	0.00535	0.00828	0.01156	0.01538	0.07544	0.70608	0.08092	0.01765	0.00736	0.00231	0.00331	0.01594	0.00546	0.00478

[dist]
# distance from previous block
# <min> <max>
1	71

# created by:
# /software/SequenceAnalysis/GenePrediction/augustus/3.0.1/scripts/msa2prfl.pl ./fixed/BUSCOvEOG7X0P7D.fas
