[name]
unknown

[dist]
# distance from previous block
# <min> <max>
0	193

[block]
# block no. 0 follows, 40 sequences, length 19
# corresponding to MSA columns:
# 219-237
name=unknown_A
#
# <colnr> <probs for GDERKNQSTAVLIFYWHMCP>
#	G	D	E	R	K	N	Q	S	T	A	V	L	I	F	Y	W	H	M	C	P
0	0.01098	0.01034	0.01744	0.78165	0.04005	0.01292	0.01615	0.01486	0.01163	0.01486	0.01034	0.01550	0.00775	0.00581	0.00581	0.00194	0.00775	0.00517	0.00258	0.00646
1	0.01555	0.79913	0.03047	0.00995	0.01493	0.02301	0.00995	0.01741	0.01182	0.01368	0.00808	0.00933	0.00746	0.00498	0.00373	0.00124	0.00622	0.00311	0.00249	0.00746
2	0.01253	0.20099	0.60215	0.01510	0.02289	0.01562	0.01892	0.01819	0.01217	0.01736	0.00991	0.01162	0.00739	0.00540	0.00513	0.00171	0.00807	0.00403	0.00246	0.00834
3	0.01166	0.03008	0.76550	0.01657	0.02517	0.01351	0.02149	0.01842	0.01228	0.01842	0.01044	0.01228	0.00737	0.00552	0.00552	0.00184	0.00859	0.00430	0.00246	0.00859
4	0.00753	0.00542	0.00723	0.00853	0.00913	0.00512	0.00615	0.00889	0.01167	0.01539	0.03292	0.61657	0.06741	0.01764	0.00752	0.00241	0.00375	0.15646	0.00539	0.00486
5	0.01191	0.07864	0.71909	0.01616	0.02452	0.01411	0.02076	0.01835	0.01225	0.01812	0.01029	0.01209	0.00737	0.00549	0.00541	0.00180	0.00844	0.00422	0.00246	0.00852
6	0.01272	0.01272	0.01781	0.01527	0.01527	0.01781	0.01272	0.01399	0.00891	0.01399	0.00763	0.01272	0.00763	0.01018	0.01908	0.00254	0.78499	0.00509	0.00254	0.00636
7	0.01244	0.01234	0.01775	0.13820	0.01924	0.01703	0.01327	0.01413	0.00934	0.01413	0.00807	0.01317	0.00765	0.00948	0.01696	0.00245	0.66032	0.00510	0.00255	0.00638
8	0.01555	0.79913	0.03047	0.00995	0.01493	0.02301	0.00995	0.01741	0.01182	0.01368	0.00808	0.00933	0.00746	0.00498	0.00373	0.00124	0.00622	0.00311	0.00249	0.00746
9	0.01136	0.00972	0.01023	0.00954	0.01217	0.01052	0.00730	0.02161	0.44642	0.02073	0.03631	0.08610	0.27240	0.01094	0.00635	0.00200	0.00395	0.00921	0.00570	0.00743
10	0.83671	0.01125	0.00855	0.00765	0.01125	0.01305	0.00630	0.01709	0.00990	0.02609	0.00810	0.00945	0.00630	0.00540	0.00360	0.00180	0.00450	0.00315	0.00360	0.00630
11	0.00731	0.00515	0.00668	0.00782	0.00810	0.00487	0.00510	0.00815	0.01070	0.01427	0.02985	0.67093	0.03568	0.14292	0.01098	0.00289	0.00374	0.01524	0.00510	0.00453
12	0.01300	0.22161	0.43719	0.01393	0.02054	0.01589	0.01619	0.01994	0.13023	0.01803	0.01211	0.01334	0.00926	0.00683	0.02668	0.00192	0.00755	0.00442	0.00304	0.00831
13	0.01262	0.01254	0.01710	0.01491	0.01551	0.04899	0.04275	0.01428	0.01016	0.01475	0.01158	0.02123	0.01182	0.01072	0.01619	0.00250	0.59324	0.11981	0.00303	0.00628
14	0.01577	0.60867	0.02991	0.01271	0.01766	0.08461	0.12688	0.01810	0.01251	0.01452	0.00875	0.01045	0.00768	0.00505	0.00436	0.00138	0.00715	0.00376	0.00260	0.00746
15	0.02411	0.01083	0.01683	0.01262	0.01734	0.00953	0.12559	0.02678	0.01618	0.64392	0.02115	0.01913	0.01350	0.00683	0.00601	0.00183	0.00573	0.00601	0.00651	0.00957
16	0.01175	0.02552	0.57490	0.14006	0.02806	0.01353	0.08984	0.01787	0.01231	0.01787	0.01055	0.01312	0.00757	0.00551	0.00570	0.00187	0.00858	0.00468	0.00252	0.00818
17	0.01082	0.00820	0.00993	0.04671	0.03675	0.03950	0.00734	0.11690	0.01326	0.01740	0.02317	0.45776	0.02598	0.01535	0.00942	0.13508	0.00471	0.01158	0.00468	0.00545
18	0.02206	0.00907	0.01225	0.00974	0.01357	0.00787	0.00789	0.02431	0.01614	0.59435	0.12268	0.07153	0.02124	0.00845	0.00604	0.00181	0.00453	0.00709	0.00687	0.03250

[dist]
# distance from previous block
# <min> <max>
3	83

[block]
# block no. 1 follows, 40 sequences, length 7
# corresponding to MSA columns:
# 321-327
name=unknown_B
#
# <colnr> <probs for GDERKNQSTAVLIFYWHMCP>
#	G	D	E	R	K	N	Q	S	T	A	V	L	I	F	Y	W	H	M	C	P
0	0.11848	0.01024	0.01201	0.01008	0.01344	0.01042	0.00804	0.08464	0.15421	0.32073	0.04109	0.02128	0.01540	0.03563	0.00818	0.08401	0.00494	0.03341	0.00572	0.00808
1	0.01204	0.00664	0.00866	0.00810	0.01000	0.00595	0.00608	0.01405	0.01470	0.19719	0.30660	0.24409	0.11716	0.01281	0.00677	0.00198	0.00347	0.01124	0.00621	0.00627
2	0.00709	0.00506	0.00675	0.00810	0.00843	0.00472	0.00540	0.00810	0.01113	0.01484	0.03205	0.79184	0.03846	0.01822	0.00742	0.00236	0.00337	0.01653	0.00540	0.00472
3	0.01581	0.01334	0.02238	0.03262	0.66908	0.01318	0.01672	0.01912	0.01365	0.10926	0.01239	0.01505	0.00984	0.00543	0.00577	0.00174	0.00667	0.00526	0.00340	0.00929
4	0.01798	0.01632	0.01523	0.05523	0.05393	0.18874	0.01049	0.25701	0.15362	0.05178	0.01989	0.01986	0.09891	0.00769	0.00583	0.00177	0.00665	0.00598	0.00487	0.00823
5	0.01174	0.00702	0.00882	0.00805	0.01013	0.00647	0.00614	0.01487	0.06107	0.16430	0.38843	0.11731	0.14894	0.01182	0.00667	0.00191	0.00338	0.01026	0.00627	0.00640
6	0.00690	0.00579	0.00599	0.00615	0.00792	0.00489	0.00453	0.00832	0.01300	0.01561	0.05574	0.14275	0.67225	0.01514	0.00694	0.00201	0.00300	0.01278	0.00540	0.00489

[dist]
# distance from previous block
# <min> <max>
0	54

# created by:
# /software/SequenceAnalysis/GenePrediction/augustus/3.0.1/scripts/msa2prfl.pl ./fixed/BUSCOvEOG7HQG06.fas
