[name]
unknown

[dist]
# distance from previous block
# <min> <max>
0	92

[block]
# block no. 0 follows, 38 sequences, length 29
# corresponding to MSA columns:
# 99-127
name=unknown_A
#
# <colnr> <probs for GDERKNQSTAVLIFYWHMCP>
#	G	D	E	R	K	N	Q	S	T	A	V	L	I	F	Y	W	H	M	C	P
0	0.01307	0.01395	0.02837	0.04015	0.14689	0.01326	0.47245	0.01720	0.01371	0.01862	0.01683	0.11514	0.04606	0.00734	0.00696	0.00204	0.00844	0.00829	0.00346	0.00777
1	0.00860	0.00640	0.00946	0.00946	0.01046	0.00741	0.00726	0.01061	0.00961	0.01381	0.01630	0.02468	0.01549	0.09446	0.71603	0.00941	0.01543	0.00660	0.00325	0.00526
2	0.01316	0.01316	0.01843	0.01579	0.01579	0.01843	0.01316	0.01448	0.00921	0.01448	0.00790	0.01316	0.00790	0.01053	0.01974	0.00263	0.77757	0.00526	0.00263	0.00658
3	0.01247	0.01069	0.01247	0.00891	0.01426	0.00802	0.00713	0.01515	0.01247	0.01960	0.01069	0.01247	0.00891	0.00446	0.00446	0.00089	0.00446	0.00356	0.00356	0.82536
4	0.01608	0.79220	0.03152	0.01029	0.01544	0.02380	0.01029	0.01801	0.01222	0.01415	0.00836	0.00965	0.00772	0.00515	0.00386	0.00129	0.00643	0.00322	0.00257	0.00772
5	0.16531	0.01528	0.01571	0.01235	0.01677	0.01702	0.01017	0.55217	0.04258	0.03491	0.01387	0.01420	0.01003	0.00695	0.00553	0.00180	0.00604	0.00508	0.04490	0.00933
6	0.72038	0.03205	0.01044	0.00863	0.01251	0.01433	0.00716	0.09711	0.01230	0.02788	0.00905	0.01029	0.00696	0.00576	0.00398	0.00184	0.00492	0.00350	0.00395	0.00696
7	0.02221	0.01610	0.05246	0.01316	0.01796	0.01650	0.01124	0.57084	0.02531	0.12444	0.01570	0.01554	0.01096	0.00716	0.00591	0.00179	0.00633	0.00546	0.05100	0.00991
8	0.06999	0.06118	0.01493	0.01191	0.04121	0.13502	0.00912	0.16818	0.03572	0.07981	0.07534	0.01937	0.05154	0.04125	0.00657	0.00177	0.00610	0.00559	0.00466	0.16074
9	0.01705	0.04456	0.01497	0.01226	0.01603	0.01535	0.00976	0.12786	0.55567	0.08388	0.02239	0.02067	0.01654	0.00785	0.00601	0.00196	0.00511	0.00641	0.00607	0.00960
10	0.02699	0.01024	0.01396	0.01070	0.01536	0.00884	0.00884	0.02932	0.01722	0.75522	0.02373	0.02048	0.01489	0.00745	0.00605	0.00186	0.00512	0.00605	0.00745	0.01024
11	0.01675	0.71264	0.03001	0.01084	0.01577	0.10098	0.01043	0.01864	0.01273	0.01421	0.00846	0.00977	0.00772	0.00526	0.00402	0.00131	0.00689	0.00329	0.00263	0.00764
12	0.02201	0.01507	0.01667	0.01279	0.01749	0.01601	0.01052	0.55384	0.02514	0.12966	0.04510	0.01631	0.01262	0.00724	0.00594	0.00174	0.00610	0.00557	0.00604	0.07413
13	0.16502	0.04003	0.01366	0.04347	0.01560	0.01042	0.00872	0.02558	0.03149	0.52217	0.04928	0.01904	0.01463	0.00718	0.00560	0.00185	0.00511	0.00564	0.00634	0.00914
14	0.01439	0.01174	0.01450	0.04206	0.13190	0.01289	0.01054	0.04829	0.41459	0.05978	0.02303	0.15117	0.01983	0.00941	0.00635	0.00205	0.00511	0.00820	0.00547	0.00869
15	0.00875	0.00583	0.00656	0.00656	0.00656	0.00583	0.00365	0.00875	0.00875	0.01166	0.01895	0.03937	0.02187	0.78858	0.03062	0.00583	0.00583	0.00875	0.00365	0.00365
16	0.01086	0.00717	0.00829	0.00783	0.01016	0.00641	0.00620	0.03958	0.01512	0.11671	0.12754	0.05112	0.45062	0.01375	0.00708	0.00208	0.00376	0.10365	0.00596	0.00609
17	0.01221	0.01336	0.08087	0.37995	0.20184	0.01307	0.10203	0.01622	0.01269	0.01714	0.01309	0.08612	0.01139	0.00690	0.00626	0.00199	0.00772	0.00657	0.00305	0.00753
18	0.00743	0.00611	0.00654	0.00643	0.00832	0.00521	0.00482	0.00925	0.01447	0.01804	0.21744	0.05494	0.59099	0.01457	0.00711	0.00200	0.00300	0.01228	0.00582	0.00521
19	0.01265	0.11753	0.63320	0.01683	0.02513	0.01517	0.06100	0.01894	0.01273	0.01850	0.01059	0.01255	0.00772	0.00561	0.00558	0.00184	0.00868	0.00446	0.00257	0.00871
20	0.01235	0.02940	0.68270	0.01916	0.09993	0.01400	0.02184	0.01899	0.01280	0.01911	0.01085	0.01292	0.00782	0.00568	0.00574	0.00189	0.00871	0.00454	0.00258	0.00896
21	0.02699	0.01024	0.01396	0.01070	0.01536	0.00884	0.00884	0.02932	0.01722	0.75522	0.02373	0.02048	0.01489	0.00745	0.00605	0.00186	0.00512	0.00605	0.00745	0.01024
22	0.00859	0.00645	0.00967	0.00967	0.01074	0.00752	0.00752	0.01074	0.00967	0.01396	0.01611	0.02363	0.01504	0.04512	0.76474	0.00967	0.01611	0.00645	0.00322	0.00537
23	0.01185	0.01089	0.01776	0.63648	0.09627	0.01319	0.01588	0.01650	0.05353	0.01659	0.01192	0.01659	0.00906	0.00613	0.00593	0.00196	0.00753	0.00544	0.03946	0.00703
24	0.01883	0.01397	0.01777	0.02130	0.29562	0.10687	0.01281	0.02291	0.08068	0.23771	0.05447	0.02116	0.01547	0.00731	0.00612	0.00186	0.00649	0.04472	0.00493	0.00900
25	0.00842	0.00607	0.00795	0.00763	0.00897	0.00561	0.00567	0.01111	0.01658	0.02341	0.68963	0.10522	0.05538	0.01283	0.00714	0.00194	0.00289	0.01139	0.00654	0.00561
26	0.00732	0.00527	0.00695	0.00829	0.00870	0.00489	0.00555	0.00839	0.01160	0.01539	0.03415	0.75864	0.06516	0.01872	0.00766	0.00243	0.00347	0.01694	0.00558	0.00489
27	0.02288	0.05494	0.01730	0.01285	0.01742	0.05853	0.01059	0.42355	0.08210	0.21235	0.01697	0.01614	0.01178	0.00719	0.00589	0.00180	0.00633	0.00549	0.00604	0.00986
28	0.01348	0.09697	0.01983	0.01520	0.01576	0.01900	0.01285	0.01486	0.00954	0.01444	0.00795	0.01278	0.00788	0.00995	0.01803	0.00249	0.69462	0.00504	0.00263	0.00670

[dist]
# distance from previous block
# <min> <max>
5	20

[block]
# block no. 1 follows, 38 sequences, length 58
# corresponding to MSA columns:
# 149-206
name=unknown_B
#
# <colnr> <probs for GDERKNQSTAVLIFYWHMCP>
#	G	D	E	R	K	N	Q	S	T	A	V	L	I	F	Y	W	H	M	C	P
0	0.01273	0.06724	0.57878	0.01577	0.03840	0.01329	0.01892	0.01865	0.01343	0.05839	0.09505	0.01666	0.01363	0.00652	0.00580	0.00187	0.00784	0.00522	0.00327	0.00855
1	0.03493	0.34419	0.37652	0.01451	0.04540	0.01809	0.01614	0.01920	0.04805	0.01755	0.01041	0.01191	0.00822	0.00558	0.00492	0.00165	0.00750	0.00405	0.00277	0.00840
2	0.01497	0.01507	0.02377	0.07000	0.55872	0.07382	0.08118	0.01850	0.01408	0.01921	0.04434	0.01610	0.01140	0.00575	0.00607	0.00181	0.00756	0.00565	0.00314	0.00888
3	0.01211	0.00890	0.00993	0.00888	0.01059	0.00922	0.00622	0.14371	0.09343	0.01945	0.05822	0.09967	0.02202	0.39831	0.01841	0.00384	0.00540	0.00847	0.00468	0.05854
4	0.01432	0.01478	0.05981	0.11600	0.55542	0.01427	0.06568	0.01881	0.04618	0.01937	0.01187	0.01534	0.00964	0.00556	0.00603	0.00184	0.00742	0.00550	0.00307	0.00909
5	0.18261	0.00849	0.01026	0.00968	0.01165	0.00979	0.00767	0.07806	0.01149	0.01889	0.01434	0.01988	0.01281	0.03335	0.53557	0.00731	0.01284	0.00568	0.00358	0.00606
6	0.01798	0.01734	0.02096	0.07323	0.43688	0.20753	0.01552	0.02092	0.01485	0.09987	0.01214	0.01454	0.00957	0.00585	0.00583	0.00175	0.00793	0.00505	0.00349	0.00877
7	0.01875	0.01140	0.01322	0.01126	0.01498	0.01198	0.00893	0.02926	0.42000	0.28921	0.06075	0.02395	0.04211	0.00833	0.00617	0.00197	0.00474	0.00692	0.00661	0.00945
8	0.01176	0.00987	0.01159	0.00871	0.01325	0.00759	0.00676	0.01411	0.01215	0.01870	0.01330	0.08569	0.01260	0.05620	0.00644	0.00135	0.00445	0.00515	0.00376	0.69657
9	0.01409	0.01587	0.03402	0.02430	0.03034	0.01475	0.68279	0.01900	0.01409	0.01929	0.01208	0.01599	0.00911	0.00503	0.00693	0.00196	0.00978	0.00687	0.00308	0.06065
10	0.01316	0.01316	0.01843	0.01579	0.01579	0.01843	0.01316	0.01448	0.00921	0.01448	0.00790	0.01316	0.00790	0.01053	0.01974	0.00263	0.77757	0.00526	0.00263	0.00658
11	0.01136	0.01069	0.01804	0.77412	0.04143	0.01337	0.01671	0.01537	0.01203	0.01537	0.01069	0.01604	0.00802	0.00601	0.00601	0.00200	0.00802	0.00535	0.00267	0.00668
12	0.01328	0.01351	0.02037	0.01688	0.01757	0.01806	0.09467	0.01502	0.00978	0.01502	0.00838	0.01351	0.00804	0.00991	0.01830	0.00256	0.69021	0.00547	0.00268	0.00676
13	0.00859	0.00645	0.00967	0.00967	0.01074	0.00752	0.00752	0.01074	0.00967	0.01396	0.01611	0.02363	0.01504	0.04512	0.76474	0.00967	0.01611	0.00645	0.00322	0.00537
14	0.00733	0.00524	0.00698	0.00838	0.00873	0.00489	0.00558	0.00838	0.01152	0.01536	0.03316	0.78466	0.03979	0.01885	0.00768	0.00244	0.00349	0.01710	0.00558	0.00489
15	0.02284	0.01761	0.01799	0.01395	0.01865	0.06660	0.01145	0.68555	0.02756	0.03642	0.01411	0.01421	0.01007	0.00716	0.00598	0.00179	0.00689	0.00532	0.00583	0.01002
16	0.00871	0.00597	0.00727	0.00727	0.00751	0.00622	0.00453	0.00920	0.00896	0.01219	0.01831	0.03578	0.02031	0.61921	0.19786	0.00671	0.00817	0.00822	0.00355	0.00404
17	0.01207	0.03112	0.75741	0.01715	0.02604	0.01397	0.02223	0.01905	0.01270	0.01905	0.01080	0.01270	0.00762	0.00572	0.00572	0.00191	0.00889	0.00445	0.00254	0.00889
18	0.83108	0.01163	0.00884	0.00791	0.01163	0.01350	0.00651	0.01768	0.01024	0.02699	0.00838	0.00977	0.00651	0.00558	0.00372	0.00186	0.00465	0.00326	0.00372	0.00651
19	0.00775	0.00608	0.00691	0.00676	0.00841	0.00534	0.00499	0.00971	0.01475	0.01915	0.33096	0.07078	0.42295	0.04896	0.00818	0.00216	0.00310	0.01191	0.00591	0.00525
20	0.83108	0.01163	0.00884	0.00791	0.01163	0.01350	0.00651	0.01768	0.01024	0.02699	0.00838	0.00977	0.00651	0.00558	0.00372	0.00186	0.00465	0.00326	0.00372	0.00651
21	0.01127	0.00804	0.00928	0.00858	0.00971	0.00860	0.00588	0.12798	0.04644	0.01707	0.01847	0.05556	0.01927	0.47951	0.14388	0.00551	0.00750	0.00800	0.00414	0.00531
22	0.83108	0.01163	0.00884	0.00791	0.01163	0.01350	0.00651	0.01768	0.01024	0.02699	0.00838	0.00977	0.00651	0.00558	0.00372	0.00186	0.00465	0.00326	0.00372	0.00651
23	0.01508	0.01296	0.01367	0.01220	0.01568	0.01488	0.00951	0.04691	0.70715	0.02531	0.02393	0.02203	0.01796	0.00805	0.00608	0.00201	0.00479	0.00669	0.00606	0.02905
24	0.01247	0.01069	0.01247	0.00891	0.01426	0.00802	0.00713	0.01515	0.01247	0.01960	0.01069	0.01247	0.00891	0.00446	0.00446	0.00089	0.00446	0.00356	0.00356	0.82536
25	0.02101	0.01575	0.01682	0.01319	0.01767	0.01741	0.01080	0.60777	0.10823	0.03515	0.01841	0.01799	0.05599	0.00781	0.00610	0.00185	0.00619	0.00602	0.00600	0.00984
26	0.01420	0.01623	0.03550	0.02535	0.03144	0.01521	0.72921	0.01927	0.01420	0.01927	0.01217	0.01623	0.00913	0.00507	0.00710	0.00203	0.01014	0.00710	0.00304	0.00811
27	0.01136	0.01069	0.01804	0.77412	0.04143	0.01337	0.01671	0.01537	0.01203	0.01537	0.01069	0.01604	0.00802	0.00601	0.00601	0.00200	0.00802	0.00535	0.00267	0.00668
28	0.01217	0.03037	0.72103	0.01756	0.02631	0.01403	0.05786	0.01906	0.01278	0.01906	0.01086	0.01288	0.00770	0.00568	0.00579	0.00191	0.00895	0.00458	0.00257	0.00885
29	0.01393	0.01332	0.02269	0.23649	0.55896	0.01404	0.01799	0.01763	0.01325	0.01849	0.01115	0.01520	0.00912	0.00554	0.00597	0.00185	0.00738	0.00536	0.00290	0.00876
30	0.01417	0.01615	0.03506	0.02511	0.03104	0.01529	0.71105	0.01915	0.01407	0.01915	0.01206	0.01615	0.00910	0.00521	0.00742	0.00204	0.02961	0.00705	0.00303	0.00807
31	0.00859	0.00645	0.00967	0.00967	0.01074	0.00752	0.00752	0.01074	0.00967	0.01396	0.01611	0.02363	0.01504	0.04512	0.76474	0.00967	0.01611	0.00645	0.00322	0.00537
32	0.01191	0.01118	0.01847	0.60406	0.05405	0.01339	0.05901	0.01721	0.08458	0.01679	0.01303	0.01879	0.01024	0.00659	0.00618	0.00204	0.00770	0.03454	0.00316	0.00707
33	0.01424	0.01611	0.03482	0.02606	0.07513	0.01516	0.68605	0.01922	0.01417	0.01929	0.01212	0.01615	0.00915	0.00509	0.00703	0.00201	0.00996	0.00699	0.00304	0.00820
34	0.00852	0.00586	0.00659	0.00660	0.00690	0.00572	0.00389	0.00884	0.00975	0.01284	0.05733	0.06102	0.10470	0.64716	0.02634	0.00514	0.00532	0.00950	0.00405	0.00393
35	0.01136	0.01069	0.01804	0.77412	0.04143	0.01337	0.01671	0.01537	0.01203	0.01537	0.01069	0.01604	0.00802	0.00601	0.00601	0.00200	0.00802	0.00535	0.00267	0.00668
36	0.01940	0.00856	0.01153	0.00941	0.01274	0.00754	0.00754	0.02193	0.01714	0.45471	0.32139	0.03053	0.03210	0.00944	0.00648	0.00187	0.00418	0.00803	0.00711	0.00836
37	0.01608	0.79220	0.03152	0.01029	0.01544	0.02380	0.01029	0.01801	0.01222	0.01415	0.00836	0.00965	0.00772	0.00515	0.00386	0.00129	0.00643	0.00322	0.00257	0.00772
38	0.01136	0.01069	0.01804	0.77412	0.04143	0.01337	0.01671	0.01537	0.01203	0.01537	0.01069	0.01604	0.00802	0.00601	0.00601	0.00200	0.00802	0.00535	0.00267	0.00668
39	0.02699	0.01024	0.01396	0.01070	0.01536	0.00884	0.00884	0.02932	0.01722	0.75522	0.02373	0.02048	0.01489	0.00745	0.00605	0.00186	0.00512	0.00605	0.00745	0.01024
40	0.01809	0.01312	0.01436	0.01226	0.01607	0.01459	0.00972	0.14197	0.51508	0.14094	0.02278	0.02087	0.01654	0.00790	0.00609	0.00198	0.00511	0.00647	0.00631	0.00975
41	0.01248	0.10876	0.68336	0.01645	0.02496	0.01497	0.02101	0.01895	0.01265	0.01855	0.01055	0.01239	0.00763	0.00566	0.00553	0.00184	0.00864	0.00432	0.00254	0.00877
42	0.01410	0.01704	0.07883	0.02538	0.06349	0.01510	0.65430	0.01922	0.01409	0.01927	0.01205	0.01595	0.00905	0.00512	0.00696	0.00201	0.00993	0.00686	0.00301	0.00822
43	0.00851	0.00615	0.00804	0.00757	0.00899	0.00568	0.00568	0.01135	0.01703	0.02412	0.74788	0.04494	0.05676	0.01230	0.00710	0.00189	0.00284	0.01088	0.00662	0.00568
44	0.00893	0.00640	0.00880	0.01016	0.01125	0.00627	0.00835	0.01115	0.01315	0.01717	0.03288	0.28263	0.05172	0.01726	0.00809	0.00266	0.00487	0.48738	0.00555	0.00533
45	0.01433	0.02934	0.61081	0.01655	0.02443	0.09738	0.02001	0.05259	0.01408	0.04965	0.01133	0.01289	0.00805	0.00591	0.00571	0.00186	0.00885	0.00449	0.00296	0.00879
46	0.00860	0.00642	0.00952	0.00952	0.01054	0.00744	0.00733	0.01064	0.00962	0.01385	0.01625	0.02440	0.01537	0.08148	0.72884	0.00948	0.01561	0.00656	0.00324	0.00529
47	0.01298	0.01386	0.02803	0.34572	0.03572	0.01442	0.42436	0.01760	0.01327	0.01760	0.01154	0.01615	0.00865	0.00547	0.00664	0.00202	0.00923	0.00635	0.00288	0.00750
48	0.01443	0.01418	0.02508	0.10756	0.53727	0.01437	0.12942	0.01884	0.04343	0.01939	0.01193	0.01552	0.00968	0.00549	0.00615	0.00186	0.00761	0.00569	0.00309	0.00902
49	0.01358	0.01480	0.03038	0.18408	0.07102	0.01493	0.50570	0.01817	0.01347	0.01823	0.01160	0.01597	0.00885	0.00555	0.00742	0.00204	0.04689	0.00655	0.00294	0.00781
50	0.01397	0.01742	0.17751	0.03129	0.56142	0.01379	0.01861	0.01823	0.01366	0.01975	0.04833	0.01594	0.01151	0.00578	0.00596	0.00182	0.00730	0.00545	0.00307	0.00920
51	0.00849	0.00665	0.00906	0.00982	0.01022	0.00722	0.00720	0.00976	0.01140	0.01549	0.02906	0.58944	0.03425	0.01731	0.00964	0.00251	0.12513	0.08703	0.00512	0.00522
52	0.01294	0.02294	0.38175	0.02041	0.02737	0.01454	0.32848	0.01865	0.01307	0.01875	0.01141	0.01460	0.00852	0.00693	0.03108	0.00224	0.04951	0.00570	0.00278	0.00832
53	0.01840	0.01509	0.01834	0.28120	0.06552	0.05013	0.01366	0.41091	0.02132	0.02801	0.01273	0.01486	0.00931	0.00665	0.00599	0.00186	0.00733	0.00532	0.00455	0.00881
54	0.01679	0.01566	0.06457	0.02190	0.02781	0.01382	0.54504	0.02137	0.01476	0.17380	0.01453	0.01696	0.01027	0.00560	0.00681	0.00199	0.00903	0.00676	0.00394	0.00860
55	0.01288	0.00788	0.01097	0.00996	0.01195	0.00830	0.00784	0.01491	0.01164	0.17011	0.01976	0.06186	0.04857	0.04868	0.41627	0.00620	0.06473	0.00698	0.00433	0.05618
56	0.01416	0.00780	0.00946	0.00844	0.01013	0.00769	0.00590	0.01685	0.09152	0.20737	0.05059	0.03211	0.02079	0.43433	0.05360	0.00439	0.00587	0.00782	0.00501	0.00617
57	0.05579	0.06020	0.09023	0.01205	0.04869	0.01116	0.01024	0.04426	0.08552	0.25251	0.04224	0.02138	0.04207	0.00738	0.00567	0.00172	0.00542	0.04106	0.00520	0.15720

[dist]
# distance from previous block
# <min> <max>
0	1

[block]
# block no. 2 follows, 38 sequences, length 10
# corresponding to MSA columns:
# 208-217
name=unknown_C
#
# <colnr> <probs for GDERKNQSTAVLIFYWHMCP>
#	G	D	E	R	K	N	Q	S	T	A	V	L	I	F	Y	W	H	M	C	P
0	0.26470	0.24440	0.06247	0.01168	0.01588	0.19006	0.01037	0.06961	0.01376	0.02016	0.00913	0.01064	0.00754	0.00595	0.00517	0.00166	0.04245	0.00370	0.00329	0.00738
1	0.02237	0.01447	0.01622	0.01273	0.01717	0.01546	0.01040	0.48643	0.07525	0.19468	0.01824	0.05865	0.01346	0.00798	0.00612	0.00187	0.00598	0.00630	0.00632	0.00989
2	0.00839	0.00616	0.00800	0.00856	0.00981	0.00577	0.00666	0.01061	0.01438	0.01924	0.28113	0.22246	0.14394	0.01546	0.00758	0.00229	0.00380	0.21446	0.00593	0.00537
3	0.01137	0.00852	0.01000	0.05099	0.01300	0.00870	0.00749	0.01755	0.20916	0.07480	0.16974	0.07087	0.25073	0.01196	0.00681	0.00206	0.00409	0.05941	0.00590	0.00687
4	0.01355	0.01096	0.12420	0.00980	0.01314	0.00771	0.00898	0.01689	0.01641	0.20091	0.45916	0.03406	0.03907	0.01011	0.00663	0.00189	0.00432	0.00872	0.00620	0.00728
5	0.01400	0.01356	0.02365	0.21281	0.53171	0.01413	0.06671	0.01778	0.01333	0.01860	0.01122	0.01526	0.00914	0.00550	0.00605	0.00186	0.00756	0.00548	0.00291	0.00875
6	0.07196	0.61104	0.02756	0.01101	0.01572	0.14792	0.01026	0.01900	0.01290	0.01511	0.00852	0.00986	0.00764	0.00535	0.00411	0.00137	0.00706	0.00333	0.00274	0.00751
7	0.01050	0.00668	0.00837	0.00779	0.00976	0.00599	0.00603	0.01293	0.01602	0.11145	0.44133	0.04661	0.22580	0.01271	0.00704	0.00198	0.00333	0.05320	0.00639	0.00608
8	0.06659	0.01070	0.01730	0.66326	0.06745	0.01311	0.01566	0.01537	0.01182	0.01614	0.01055	0.01565	0.00807	0.00652	0.00652	0.03304	0.00765	0.00520	0.00275	0.00664
9	0.01337	0.01587	0.07948	0.02167	0.02631	0.01508	0.48436	0.01753	0.01289	0.01800	0.01264	0.06794	0.01087	0.00718	0.00964	0.00217	0.16706	0.00723	0.00310	0.00763

[dist]
# distance from previous block
# <min> <max>
0	1

[block]
# block no. 3 follows, 38 sequences, length 17
# corresponding to MSA columns:
# 219-235
name=unknown_D
#
# <colnr> <probs for GDERKNQSTAVLIFYWHMCP>
#	G	D	E	R	K	N	Q	S	T	A	V	L	I	F	Y	W	H	M	C	P
0	0.02249	0.01666	0.01784	0.01376	0.01851	0.01848	0.01134	0.69733	0.06258	0.03730	0.01493	0.01483	0.01062	0.00727	0.00602	0.00182	0.00653	0.00548	0.00602	0.01020
1	0.01417	0.01359	0.02299	0.16982	0.58953	0.01431	0.01791	0.01772	0.01320	0.01865	0.01105	0.01502	0.00918	0.00571	0.00658	0.00186	0.04156	0.00535	0.00291	0.00888
2	0.04026	0.02138	0.28899	0.02413	0.22850	0.04276	0.19102	0.05521	0.01422	0.02032	0.01133	0.01409	0.00862	0.00555	0.00606	0.00188	0.00853	0.00533	0.00302	0.00880
3	0.01287	0.01330	0.02692	0.07896	0.02647	0.01261	0.48601	0.01707	0.01428	0.04174	0.07970	0.02480	0.12149	0.00730	0.00698	0.00201	0.00818	0.00806	0.00382	0.00742
4	0.01489	0.01429	0.02442	0.03692	0.75106	0.01429	0.01846	0.01846	0.01370	0.01965	0.01132	0.01489	0.00953	0.00536	0.00596	0.00179	0.00715	0.00536	0.00298	0.00953
5	0.00731	0.00614	0.00637	0.00642	0.00839	0.00520	0.00488	0.00896	0.01388	0.01672	0.09233	0.05778	0.67928	0.01517	0.00717	0.00206	0.00316	0.04802	0.00563	0.00513
6	0.01496	0.01292	0.01360	0.01224	0.01564	0.01496	0.00952	0.03197	0.74019	0.02516	0.02448	0.02244	0.01836	0.00816	0.00612	0.00204	0.00476	0.00680	0.00612	0.00952
7	0.01405	0.01593	0.03457	0.06524	0.03197	0.01511	0.69126	0.01906	0.01408	0.01906	0.01209	0.01622	0.00907	0.00512	0.00704	0.00203	0.01003	0.00701	0.00302	0.00804
8	0.02699	0.01024	0.01396	0.01070	0.01536	0.00884	0.00884	0.02932	0.01722	0.75522	0.02373	0.02048	0.01489	0.00745	0.00605	0.00186	0.00512	0.00605	0.00745	0.01024
9	0.00755	0.00617	0.00670	0.00672	0.00860	0.00532	0.00515	0.00939	0.01430	0.01774	0.17760	0.05640	0.57520	0.01483	0.00720	0.00206	0.00320	0.06489	0.00576	0.00522
10	0.01246	0.10567	0.68630	0.01647	0.02500	0.01493	0.02106	0.01895	0.01265	0.01857	0.01056	0.01240	0.00763	0.00566	0.00553	0.00184	0.00865	0.00432	0.00254	0.00878
11	0.01136	0.01069	0.01804	0.77412	0.04143	0.01337	0.01671	0.01537	0.01203	0.01537	0.01069	0.01604	0.00802	0.00601	0.00601	0.00200	0.00802	0.00535	0.00267	0.00668
12	0.00733	0.00524	0.00698	0.00838	0.00873	0.00489	0.00558	0.00838	0.01152	0.01536	0.03316	0.78466	0.03979	0.01885	0.00768	0.00244	0.00349	0.01710	0.00558	0.00489
13	0.00851	0.00615	0.00804	0.00757	0.00899	0.00568	0.00568	0.01135	0.01703	0.02412	0.74788	0.04494	0.05676	0.01230	0.00710	0.00189	0.00284	0.01088	0.00662	0.00568
14	0.01207	0.03112	0.75741	0.01715	0.02604	0.01397	0.02223	0.01905	0.01270	0.01905	0.01080	0.01270	0.00762	0.00572	0.00572	0.00191	0.00889	0.00445	0.00254	0.00889
15	0.01608	0.79220	0.03152	0.01029	0.01544	0.02380	0.01029	0.01801	0.01222	0.01415	0.00836	0.00965	0.00772	0.00515	0.00386	0.00129	0.00643	0.00322	0.00257	0.00772
16	0.00733	0.00524	0.00698	0.00838	0.00873	0.00489	0.00558	0.00838	0.01152	0.01536	0.03316	0.78466	0.03979	0.01885	0.00768	0.00244	0.00349	0.01710	0.00558	0.00489

[dist]
# distance from previous block
# <min> <max>
0	1

[block]
# block no. 4 follows, 38 sequences, length 17
# corresponding to MSA columns:
# 237-253
name=unknown_E
#
# <colnr> <probs for GDERKNQSTAVLIFYWHMCP>
#	G	D	E	R	K	N	Q	S	T	A	V	L	I	F	Y	W	H	M	C	P
0	0.01420	0.01623	0.03550	0.02535	0.03144	0.01521	0.72921	0.01927	0.01420	0.01927	0.01217	0.01623	0.00913	0.00507	0.00710	0.00203	0.01014	0.00710	0.00304	0.00811
1	0.01207	0.03112	0.75741	0.01715	0.02604	0.01397	0.02223	0.01905	0.01270	0.01905	0.01080	0.01270	0.00762	0.00572	0.00572	0.00191	0.00889	0.00445	0.00254	0.00889
2	0.02303	0.01696	0.01817	0.01396	0.01878	0.01874	0.01150	0.72891	0.02835	0.03803	0.01462	0.01470	0.01041	0.00735	0.00610	0.00184	0.00668	0.00548	0.00608	0.01032
3	0.00989	0.00707	0.00983	0.01120	0.01260	0.00704	0.00977	0.01260	0.01396	0.01818	0.03198	0.06795	0.03472	0.01671	0.00838	0.00280	0.00560	0.70844	0.00560	0.00564
4	0.02714	0.01037	0.01409	0.01083	0.01549	0.00895	0.00892	0.02940	0.01732	0.75312	0.02389	0.02072	0.01506	0.00757	0.00613	0.00190	0.00518	0.00611	0.00750	0.01033
5	0.01414	0.01346	0.02282	0.23194	0.56123	0.01414	0.01805	0.01776	0.01337	0.01869	0.01134	0.01545	0.00931	0.00566	0.00605	0.00188	0.00744	0.00542	0.00296	0.00887
6	0.82873	0.01176	0.00898	0.00805	0.01178	0.01359	0.00660	0.01781	0.01036	0.02714	0.00858	0.01005	0.00671	0.00571	0.00381	0.00190	0.00472	0.00332	0.00379	0.00661
7	0.01626	0.78992	0.03159	0.01042	0.01557	0.02387	0.01037	0.01814	0.01234	0.01434	0.00856	0.00993	0.00791	0.00528	0.00395	0.00132	0.00649	0.00328	0.00264	0.00782
8	0.00895	0.00598	0.00671	0.00670	0.00672	0.00595	0.00374	0.00890	0.00888	0.01186	0.01912	0.03955	0.02201	0.78629	0.03062	0.00586	0.00590	0.00880	0.00371	0.00375
9	0.01592	0.60560	0.02931	0.10824	0.01992	0.06314	0.05112	0.01820	0.01270	0.01481	0.00912	0.01117	0.00802	0.00544	0.00449	0.00147	0.00715	0.00381	0.00271	0.00767
10	0.02263	0.02875	0.01716	0.01561	0.01872	0.76220	0.01169	0.02412	0.01715	0.01491	0.00950	0.01112	0.00794	0.00633	0.00551	0.00159	0.01090	0.00394	0.00317	0.00707
11	0.00754	0.00539	0.00713	0.00851	0.00888	0.00501	0.00567	0.00853	0.01164	0.01554	0.03328	0.78253	0.03988	0.01894	0.00775	0.00248	0.00356	0.01713	0.00564	0.00499
12	0.06706	0.01651	0.01747	0.01357	0.01827	0.01830	0.01115	0.66035	0.05731	0.03689	0.01471	0.01478	0.01055	0.00730	0.00598	0.00185	0.00649	0.00542	0.00595	0.01009
13	0.82873	0.01176	0.00898	0.00805	0.01178	0.01359	0.00660	0.01781	0.01036	0.02714	0.00858	0.01005	0.00671	0.00571	0.00381	0.00190	0.00472	0.00332	0.00379	0.00661
14	0.01641	0.01363	0.02223	0.07317	0.57563	0.01368	0.01670	0.02053	0.05446	0.11301	0.01377	0.01634	0.01080	0.00595	0.00606	0.00186	0.00687	0.00559	0.00377	0.00955
15	0.82873	0.01176	0.00898	0.00805	0.01178	0.01359	0.00660	0.01781	0.01036	0.02714	0.00858	0.01005	0.00671	0.00571	0.00381	0.00190	0.00472	0.00332	0.00379	0.00661
16	0.01507	0.01442	0.02451	0.03697	0.74891	0.01439	0.01851	0.01858	0.01381	0.01982	0.01151	0.01515	0.00971	0.00549	0.00604	0.00182	0.00721	0.00542	0.00304	0.00962

[dist]
# distance from previous block
# <min> <max>
0	64

[block]
# block no. 5 follows, 38 sequences, length 10
# corresponding to MSA columns:
# 318-327
name=unknown_F
#
# <colnr> <probs for GDERKNQSTAVLIFYWHMCP>
#	G	D	E	R	K	N	Q	S	T	A	V	L	I	F	Y	W	H	M	C	P
0	0.02002	0.01938	0.08232	0.07779	0.04843	0.01735	0.36087	0.11792	0.01889	0.02618	0.01974	0.09288	0.01737	0.01086	0.00951	0.00309	0.03182	0.00904	0.00563	0.01093
1	0.01412	0.01303	0.02096	0.16449	0.48294	0.01372	0.01626	0.05473	0.06274	0.01988	0.01382	0.07114	0.01207	0.00673	0.00610	0.00189	0.00685	0.00630	0.00348	0.00872
2	0.01383	0.01752	0.11415	0.02328	0.02894	0.01546	0.56321	0.01866	0.01343	0.01866	0.01150	0.01546	0.00881	0.00581	0.00848	0.00209	0.10318	0.00658	0.00294	0.00801
3	0.01045	0.00522	0.00784	0.00784	0.00784	0.00522	0.00522	0.00784	0.00784	0.01045	0.01045	0.01829	0.01045	0.02090	0.02351	0.82497	0.00522	0.00522	0.00261	0.00261
4	0.07201	0.07189	0.22573	0.01750	0.11621	0.23860	0.01484	0.06811	0.06723	0.03642	0.01162	0.01304	0.00895	0.00608	0.00547	0.00174	0.00828	0.00451	0.00344	0.00833
5	0.01239	0.01760	0.20949	0.08980	0.02535	0.01415	0.26112	0.01665	0.01234	0.01747	0.01330	0.10404	0.01197	0.00798	0.00916	0.00216	0.15737	0.00707	0.00310	0.00750
6	0.01038	0.00756	0.00966	0.00912	0.01057	0.00787	0.00693	0.01349	0.06637	0.06940	0.33310	0.19370	0.11767	0.01315	0.00861	0.00212	0.09726	0.01108	0.00583	0.00614
7	0.01121	0.00561	0.00561	0.00561	0.00701	0.00561	0.00421	0.01402	0.01262	0.02243	0.01962	0.02243	0.01542	0.00701	0.00421	0.00140	0.00280	0.00561	0.82198	0.00561
8	0.01645	0.09424	0.41192	0.01580	0.02290	0.01447	0.08656	0.08778	0.01511	0.15808	0.01347	0.01438	0.00938	0.00607	0.00577	0.00184	0.00787	0.00498	0.00384	0.00909
9	0.01586	0.01599	0.08072	0.02127	0.05673	0.01419	0.44634	0.10134	0.01618	0.09090	0.06649	0.01818	0.01314	0.00612	0.00673	0.00196	0.00852	0.00682	0.00402	0.00850

[dist]
# distance from previous block
# <min> <max>
0	1

[block]
# block no. 6 follows, 38 sequences, length 19
# corresponding to MSA columns:
# 329-347
name=unknown_G
#
# <colnr> <probs for GDERKNQSTAVLIFYWHMCP>
#	G	D	E	R	K	N	Q	S	T	A	V	L	I	F	Y	W	H	M	C	P
0	0.01406	0.01653	0.12362	0.07525	0.09149	0.01392	0.42292	0.01879	0.01406	0.05836	0.06245	0.01776	0.01241	0.00598	0.00696	0.00198	0.02525	0.00664	0.00342	0.00815
1	0.01226	0.02995	0.70637	0.01852	0.07653	0.01399	0.02196	0.01901	0.01277	0.01909	0.01083	0.01285	0.00775	0.00569	0.00573	0.00190	0.00877	0.00451	0.00257	0.00894
2	0.01849	0.20207	0.18634	0.01526	0.03918	0.40822	0.01388	0.02140	0.01489	0.01570	0.00948	0.01110	0.00776	0.00583	0.00515	0.00158	0.00931	0.00389	0.00285	0.00764
3	0.00716	0.00590	0.00629	0.00661	0.00826	0.00504	0.00480	0.00858	0.01322	0.01605	0.05472	0.22065	0.58987	0.01604	0.00724	0.00212	0.00315	0.01368	0.00559	0.00504
4	0.04364	0.01138	0.01799	0.31853	0.24303	0.01228	0.01455	0.01866	0.02921	0.13830	0.05895	0.01965	0.01353	0.00678	0.00606	0.00193	0.00671	0.02678	0.00398	0.00806
5	0.01574	0.01394	0.02312	0.03379	0.66097	0.01395	0.01732	0.01993	0.05232	0.07117	0.01288	0.01568	0.01037	0.00565	0.00597	0.00181	0.00688	0.00548	0.00345	0.00958
6	0.00733	0.00524	0.00698	0.00838	0.00873	0.00489	0.00558	0.00838	0.01152	0.01536	0.03316	0.78466	0.03979	0.01885	0.00768	0.00244	0.00349	0.01710	0.00558	0.00489
7	0.02247	0.02867	0.01705	0.01550	0.01860	0.76443	0.01162	0.02402	0.01705	0.01472	0.00930	0.01085	0.00775	0.00620	0.00542	0.00155	0.01085	0.00387	0.00310	0.00697
8	0.01489	0.01429	0.02442	0.03692	0.75106	0.01429	0.01846	0.01846	0.01370	0.01965	0.01132	0.01489	0.00953	0.00536	0.00596	0.00179	0.00715	0.00536	0.00298	0.00953
9	0.01142	0.01048	0.01701	0.60451	0.07416	0.01265	0.01534	0.01591	0.05399	0.01630	0.01400	0.06608	0.01203	0.00744	0.00624	0.00206	0.00738	0.04295	0.00321	0.00683
10	0.00745	0.00611	0.00657	0.00645	0.00834	0.00522	0.00484	0.00930	0.01452	0.01817	0.22835	0.05474	0.58001	0.01452	0.00711	0.00200	0.00300	0.01225	0.00584	0.00522
11	0.02071	0.24054	0.02112	0.01397	0.01772	0.52421	0.01124	0.05475	0.01622	0.01563	0.00927	0.01068	0.00785	0.00595	0.00502	0.00149	0.00943	0.00376	0.00309	0.00733
12	0.01723	0.61016	0.02793	0.01130	0.01597	0.15038	0.01049	0.04575	0.01359	0.01514	0.00897	0.01042	0.00802	0.00651	0.02516	0.00158	0.00747	0.00350	0.00281	0.00762
13	0.00872	0.00594	0.00709	0.00709	0.00728	0.00612	0.00431	0.00909	0.00891	0.01206	0.01847	0.03668	0.02070	0.66161	0.15600	0.00649	0.00759	0.00835	0.00357	0.00394
14	0.02098	0.02619	0.01591	0.01453	0.01729	0.68205	0.01076	0.02236	0.01615	0.01439	0.01035	0.01395	0.00928	0.09116	0.00816	0.00201	0.01030	0.00440	0.00316	0.00661
15	0.00897	0.00778	0.00807	0.00915	0.00980	0.08737	0.00624	0.01008	0.01212	0.01529	0.03057	0.70063	0.03631	0.01747	0.00743	0.00235	0.00429	0.01567	0.00531	0.00511
16	0.00779	0.00605	0.00637	0.00629	0.00815	0.00524	0.00472	0.00967	0.01415	0.01824	0.17156	0.05187	0.55306	0.01385	0.00679	0.00194	0.00299	0.01162	0.09442	0.00524
17	0.01007	0.00731	0.00913	0.00825	0.01004	0.00709	0.00630	0.08950	0.01825	0.02562	0.66824	0.04162	0.05171	0.01175	0.00698	0.00188	0.00325	0.01029	0.00656	0.00617
18	0.01247	0.01069	0.01247	0.00891	0.01426	0.00802	0.00713	0.01515	0.01247	0.01960	0.01069	0.01247	0.00891	0.00446	0.00446	0.00089	0.00446	0.00356	0.00356	0.82536

[dist]
# distance from previous block
# <min> <max>
8	73

# created by:
# /software/SequenceAnalysis/GenePrediction/augustus/3.0.1/scripts/msa2prfl.pl ./fixed/BUSCOvEOG75MPKZ.fas
