[name]
unknown

[dist]
# distance from previous block
# <min> <max>
4	124

[block]
# block no. 0 follows, 41 sequences, length 30
# corresponding to MSA columns:
# 125-154
name=unknown_A
#
# <colnr> <probs for GDERKNQSTAVLIFYWHMCP>
#	G	D	E	R	K	N	Q	S	T	A	V	L	I	F	Y	W	H	M	C	P
0	0.02566	0.00973	0.01327	0.01018	0.01460	0.00841	0.00841	0.02788	0.01637	0.76726	0.02257	0.01947	0.01416	0.00708	0.00575	0.00177	0.00487	0.00575	0.00708	0.00973
1	0.00697	0.00498	0.00664	0.00796	0.00830	0.00465	0.00531	0.00796	0.01095	0.01460	0.03153	0.79525	0.03783	0.01792	0.00730	0.00232	0.00332	0.01626	0.00531	0.00465
2	0.02054	0.10832	0.01787	0.01472	0.03733	0.65537	0.01109	0.04189	0.01593	0.01467	0.00893	0.01039	0.00747	0.00579	0.00503	0.00146	0.00967	0.00370	0.00297	0.00686
3	0.01066	0.00533	0.00533	0.00533	0.00666	0.00533	0.00400	0.01333	0.01200	0.02132	0.01866	0.02132	0.01466	0.00666	0.00400	0.00133	0.00267	0.00533	0.83073	0.00533
4	0.01350	0.01206	0.01569	0.10923	0.01791	0.01542	0.01152	0.05018	0.23273	0.03754	0.01348	0.01594	0.01094	0.00852	0.01203	0.00218	0.38474	0.00549	0.02362	0.00732
5	0.00681	0.00580	0.00586	0.00584	0.00775	0.00485	0.00438	0.00830	0.01315	0.01572	0.08278	0.05461	0.73598	0.01439	0.00676	0.00193	0.00289	0.01201	0.00535	0.00485
6	0.02137	0.02726	0.01621	0.01474	0.01768	0.77602	0.01105	0.02284	0.01621	0.01400	0.00884	0.01031	0.00737	0.00589	0.00516	0.00147	0.01031	0.00368	0.00295	0.00663
7	0.01370	0.01319	0.02273	0.13329	0.64663	0.01350	0.03870	0.01719	0.01283	0.01814	0.01071	0.01434	0.00886	0.00517	0.00570	0.00173	0.00699	0.00514	0.00280	0.00867
8	0.01395	0.01338	0.02285	0.08058	0.71942	0.01354	0.01745	0.01738	0.01293	0.01844	0.01072	0.01422	0.00897	0.00513	0.00567	0.00171	0.00685	0.00510	0.00281	0.00890
9	0.02174	0.01602	0.01717	0.01316	0.01774	0.01774	0.01087	0.74423	0.02689	0.03605	0.01373	0.01373	0.00973	0.00687	0.00572	0.00172	0.00629	0.00515	0.00572	0.00973
10	0.00743	0.00531	0.00694	0.00804	0.00850	0.00504	0.00541	0.02777	0.01145	0.01531	0.05052	0.73319	0.03705	0.03872	0.00784	0.00238	0.00344	0.01559	0.00530	0.00477
11	0.00832	0.00555	0.00624	0.00624	0.00624	0.00555	0.00347	0.00832	0.00832	0.01109	0.01802	0.03743	0.02080	0.79898	0.02911	0.00555	0.00555	0.00832	0.00347	0.00347
12	0.01529	0.80242	0.02997	0.00979	0.01468	0.02263	0.00979	0.01713	0.01162	0.01346	0.00795	0.00918	0.00734	0.00489	0.00367	0.00122	0.00612	0.00306	0.00245	0.00734
13	0.01080	0.01017	0.01716	0.78523	0.03940	0.01271	0.01589	0.01461	0.01144	0.01461	0.01017	0.01525	0.00762	0.00572	0.00572	0.00191	0.00762	0.00508	0.00254	0.00635
14	0.01416	0.01359	0.02322	0.03511	0.76330	0.01359	0.01755	0.01755	0.01302	0.01869	0.01076	0.01416	0.00906	0.00510	0.00566	0.00170	0.00680	0.00510	0.00283	0.00906
15	0.01251	0.01251	0.01752	0.01502	0.01502	0.01752	0.01251	0.01377	0.00876	0.01377	0.00751	0.01251	0.00751	0.01001	0.01877	0.00250	0.78851	0.00501	0.00250	0.00626
16	0.00817	0.00613	0.00919	0.00919	0.01021	0.00715	0.00715	0.01021	0.00919	0.01328	0.01532	0.02247	0.01430	0.04290	0.77631	0.00919	0.01532	0.00613	0.00306	0.00511
17	0.00832	0.00555	0.00624	0.00624	0.00624	0.00555	0.00347	0.00832	0.00832	0.01109	0.01802	0.03743	0.02080	0.79898	0.02911	0.00555	0.00555	0.00832	0.00347	0.00347
18	0.00817	0.00613	0.00919	0.00919	0.01021	0.00715	0.00715	0.01021	0.00919	0.01328	0.01532	0.02247	0.01430	0.04290	0.77631	0.00919	0.01532	0.00613	0.00306	0.00511
19	0.02545	0.01007	0.01348	0.01034	0.01477	0.00890	0.00854	0.06595	0.01693	0.72840	0.02210	0.01916	0.01392	0.00707	0.00575	0.00177	0.00494	0.00572	0.00701	0.00973
20	0.01529	0.80242	0.02997	0.00979	0.01468	0.02263	0.00979	0.01713	0.01162	0.01346	0.00795	0.00918	0.00734	0.00489	0.00367	0.00122	0.00612	0.00306	0.00245	0.00734
21	0.00705	0.00503	0.00673	0.00806	0.00842	0.00471	0.00545	0.00810	0.01103	0.01469	0.03148	0.76941	0.03766	0.01785	0.00732	0.00233	0.00339	0.04131	0.00531	0.00467
22	0.01186	0.01017	0.01186	0.00847	0.01356	0.00762	0.00678	0.01440	0.01186	0.01864	0.01017	0.01186	0.00847	0.00424	0.00424	0.00085	0.00424	0.00339	0.00339	0.83395
23	0.02362	0.00928	0.01262	0.00983	0.01390	0.00806	0.00806	0.02588	0.01635	0.68051	0.10855	0.02218	0.01880	0.00762	0.00587	0.00177	0.00461	0.00629	0.00699	0.00923
24	0.83938	0.01106	0.00841	0.00752	0.01106	0.01283	0.00619	0.01681	0.00973	0.02566	0.00796	0.00929	0.00619	0.00531	0.00354	0.00177	0.00442	0.00310	0.00354	0.00619
25	0.00975	0.00728	0.01012	0.00966	0.01109	0.00838	0.00758	0.09577	0.01126	0.01593	0.01514	0.02145	0.01377	0.03870	0.68650	0.00832	0.01427	0.00601	0.00337	0.00565
26	0.01290	0.01428	0.03054	0.02203	0.02714	0.01343	0.65638	0.01716	0.01290	0.01748	0.01232	0.01799	0.01009	0.09739	0.00936	0.00235	0.00917	0.00693	0.00296	0.00722
27	0.00692	0.00580	0.00601	0.00596	0.00782	0.00489	0.00447	0.00851	0.01341	0.01632	0.13981	0.05361	0.67857	0.01416	0.00676	0.00192	0.00287	0.01187	0.00543	0.00489
28	0.01354	0.01150	0.01215	0.01101	0.01387	0.01322	0.00840	0.02782	0.66617	0.02243	0.02267	0.02322	0.01785	0.09998	0.00854	0.00236	0.00465	0.00668	0.00555	0.00840
29	0.01446	0.01550	0.03182	0.02283	0.02848	0.01485	0.65725	0.10293	0.01506	0.02039	0.01182	0.01523	0.00880	0.00506	0.00663	0.00190	0.00925	0.00656	0.00322	0.00795

[dist]
# distance from previous block
# <min> <max>
0	2

[block]
# block no. 1 follows, 41 sequences, length 15
# corresponding to MSA columns:
# 157-171
name=unknown_B
#
# <colnr> <probs for GDERKNQSTAVLIFYWHMCP>
#	G	D	E	R	K	N	Q	S	T	A	V	L	I	F	Y	W	H	M	C	P
0	0.00977	0.00736	0.00977	0.12220	0.01444	0.00715	0.00779	0.01067	0.01255	0.01691	0.06156	0.62645	0.03513	0.01684	0.00786	0.00260	0.00467	0.01466	0.00558	0.00604
1	0.01404	0.01072	0.01230	0.00957	0.01373	0.00850	0.00716	0.01547	0.01274	0.06191	0.01436	0.01981	0.01299	0.15104	0.00978	0.00216	0.00523	0.00513	0.00431	0.60905
2	0.00726	0.00576	0.00617	0.00610	0.00759	0.00505	0.00435	0.00864	0.01268	0.01585	0.16310	0.04986	0.51252	0.15740	0.01084	0.00257	0.00335	0.01111	0.00513	0.00467
3	0.02249	0.00897	0.01199	0.00946	0.01307	0.00788	0.00750	0.02430	0.01490	0.62908	0.02174	0.02275	0.01537	0.15179	0.01002	0.00246	0.00499	0.00622	0.00642	0.00859
4	0.00914	0.00627	0.00808	0.00753	0.00911	0.00585	0.00573	0.01222	0.04043	0.05873	0.65783	0.04187	0.07300	0.01154	0.00670	0.00183	0.00294	0.02925	0.00626	0.00571
5	0.01760	0.12460	0.01681	0.03144	0.04724	0.46112	0.01023	0.04303	0.01570	0.01649	0.14632	0.01647	0.01603	0.00682	0.00530	0.00153	0.00803	0.00496	0.00357	0.00670
6	0.68748	0.01016	0.00855	0.00783	0.01091	0.01179	0.00637	0.01561	0.00964	0.02340	0.00931	0.01170	0.00768	0.01218	0.14476	0.00313	0.00642	0.00365	0.00345	0.00600
7	0.01858	0.01468	0.01701	0.03857	0.01800	0.03124	0.05243	0.49512	0.09081	0.03032	0.06996	0.01662	0.01345	0.00734	0.00671	0.00181	0.05758	0.00571	0.00524	0.00882
8	0.00697	0.00498	0.00664	0.00796	0.00830	0.00465	0.00531	0.00796	0.01095	0.01460	0.03153	0.79525	0.03783	0.01792	0.00730	0.00232	0.00332	0.01626	0.00531	0.00465
9	0.01588	0.01053	0.02562	0.01005	0.01306	0.01074	0.00788	0.09018	0.29397	0.19856	0.04599	0.02561	0.06139	0.15258	0.01013	0.00253	0.00488	0.00692	0.00560	0.00788
10	0.00820	0.00602	0.00865	0.00865	0.00949	0.00686	0.00648	0.00987	0.00903	0.01288	0.01581	0.02520	0.01549	0.18107	0.63977	0.00853	0.01353	0.00653	0.00314	0.00481
11	0.32624	0.01361	0.01317	0.04398	0.01553	0.03635	0.00894	0.37781	0.01864	0.02976	0.01157	0.01249	0.00854	0.00620	0.00479	0.00172	0.00555	0.00435	0.05285	0.00792
12	0.00807	0.00617	0.00781	0.00796	0.00884	0.00617	0.00573	0.02432	0.01272	0.01723	0.23943	0.35231	0.13993	0.06705	0.00935	0.00234	0.06189	0.01239	0.00527	0.00503
13	0.06381	0.00698	0.00865	0.04861	0.01061	0.00731	0.03728	0.04746	0.01138	0.01790	0.01826	0.12594	0.01774	0.19892	0.07076	0.00318	0.00527	0.00744	0.28729	0.00521
14	0.12197	0.00871	0.03334	0.00830	0.01135	0.00750	0.00675	0.01527	0.01390	0.15739	0.27743	0.08705	0.06015	0.00906	0.00568	0.00166	0.00384	0.00762	0.00530	0.15772

[dist]
# distance from previous block
# <min> <max>
6	7

[block]
# block no. 2 follows, 41 sequences, length 77
# corresponding to MSA columns:
# 179-255
name=unknown_C
#
# <colnr> <probs for GDERKNQSTAVLIFYWHMCP>
#	G	D	E	R	K	N	Q	S	T	A	V	L	I	F	Y	W	H	M	C	P
0	0.01219	0.00878	0.01056	0.00918	0.01181	0.00865	0.03381	0.14365	0.06923	0.08378	0.18131	0.06593	0.27718	0.01131	0.00650	0.00191	0.00413	0.04775	0.00567	0.00665
1	0.01415	0.01229	0.01348	0.05291	0.03408	0.03812	0.00911	0.09142	0.36746	0.02255	0.03538	0.01752	0.01395	0.00651	0.00534	0.00157	0.00498	0.00534	0.00477	0.24908
2	0.01281	0.01222	0.02079	0.33595	0.47297	0.01324	0.01688	0.01638	0.01239	0.01705	0.01052	0.01460	0.00848	0.00535	0.00569	0.00178	0.00713	0.00509	0.00272	0.00797
3	0.01435	0.01315	0.01621	0.03031	0.01760	0.05452	0.12558	0.05584	0.48505	0.02236	0.02016	0.02157	0.01568	0.00748	0.00597	0.00192	0.00576	0.04293	0.03521	0.00835
4	0.01036	0.00694	0.00974	0.13095	0.01407	0.00687	0.00738	0.01319	0.01546	0.09953	0.56405	0.03593	0.04245	0.01026	0.00648	0.00181	0.00371	0.00903	0.00578	0.00600
5	0.02792	0.00980	0.01522	0.56008	0.05668	0.01187	0.01347	0.03253	0.03016	0.01676	0.01182	0.01609	0.00905	0.00604	0.00578	0.00182	0.02922	0.00512	0.13413	0.00643
6	0.00940	0.00743	0.00797	0.00724	0.00948	0.00699	0.00559	0.12550	0.01586	0.02020	0.19007	0.04605	0.50172	0.01272	0.00659	0.00187	0.00340	0.01063	0.00557	0.00572
7	0.01417	0.01338	0.02159	0.03139	0.64456	0.01369	0.01621	0.01959	0.13042	0.01952	0.01275	0.01530	0.01039	0.00552	0.00569	0.00174	0.00644	0.00531	0.00331	0.00906
8	0.01324	0.01459	0.03028	0.02163	0.02730	0.01338	0.62580	0.01770	0.01324	0.01837	0.01135	0.01486	0.00865	0.00473	0.00635	0.00176	0.00879	0.00622	0.00297	0.13880
9	0.00706	0.00576	0.00593	0.00592	0.00752	0.00496	0.00424	0.00832	0.01240	0.01503	0.07725	0.05180	0.61773	0.13885	0.01031	0.00250	0.00331	0.01141	0.00505	0.00463
10	0.01543	0.01453	0.03050	0.02190	0.02747	0.01350	0.62605	0.01984	0.01396	0.13715	0.01332	0.01607	0.00955	0.00518	0.00659	0.00190	0.00889	0.00659	0.00356	0.00804
11	0.00697	0.00498	0.00664	0.00796	0.00830	0.00465	0.00531	0.00796	0.01095	0.01460	0.03153	0.79525	0.03783	0.01792	0.00730	0.00232	0.00332	0.01626	0.00531	0.00465
12	0.01164	0.02688	0.65006	0.01610	0.02321	0.01396	0.01977	0.01742	0.01155	0.01742	0.00983	0.01215	0.00729	0.00616	0.00755	0.00192	0.13221	0.00435	0.00243	0.00810
13	0.01362	0.01493	0.03045	0.02213	0.02751	0.01443	0.62616	0.02024	0.13082	0.01921	0.01343	0.01637	0.01007	0.00529	0.00660	0.00193	0.00883	0.00671	0.00336	0.00793
14	0.01469	0.67981	0.14728	0.01082	0.01628	0.02115	0.01159	0.01728	0.01169	0.01420	0.00832	0.00964	0.00733	0.00498	0.00395	0.00132	0.00649	0.00324	0.00244	0.00752
15	0.01959	0.01445	0.01590	0.01253	0.01654	0.01606	0.01028	0.62777	0.02408	0.03244	0.01398	0.01512	0.01045	0.01258	0.12798	0.00290	0.00773	0.00531	0.00530	0.00899
16	0.83938	0.01106	0.00841	0.00752	0.01106	0.01283	0.00619	0.01681	0.00973	0.02566	0.00796	0.00929	0.00619	0.00531	0.00354	0.00177	0.00442	0.00310	0.00354	0.00619
17	0.01302	0.01222	0.02059	0.03080	0.64351	0.01217	0.01561	0.01603	0.01270	0.01804	0.01405	0.13808	0.01362	0.00713	0.00592	0.00180	0.00624	0.00687	0.00322	0.00836
18	0.02041	0.01536	0.01641	0.01289	0.01723	0.01711	0.01055	0.61733	0.15597	0.03389	0.01543	0.01509	0.01110	0.00703	0.00574	0.00176	0.00598	0.00538	0.00574	0.00961
19	0.00715	0.00512	0.00680	0.00784	0.00834	0.00477	0.00532	0.00841	0.01178	0.01592	0.14715	0.67586	0.04039	0.01693	0.00721	0.00224	0.00322	0.01532	0.00547	0.00477
20	0.01251	0.01251	0.01752	0.01502	0.01502	0.01752	0.01251	0.01377	0.00876	0.01377	0.00751	0.01251	0.00751	0.01001	0.01877	0.00250	0.78851	0.00501	0.00250	0.00626
21	0.01456	0.67596	0.02606	0.00908	0.01341	0.01989	0.00887	0.01652	0.01168	0.01471	0.00965	0.01110	0.00850	0.00517	0.00372	0.00124	0.00557	0.00342	0.13386	0.00702
22	0.01466	0.51312	0.11762	0.13399	0.02011	0.05713	0.01225	0.04501	0.01246	0.01511	0.00885	0.01073	0.00747	0.00522	0.00436	0.00144	0.00686	0.00363	0.00261	0.00738
23	0.00879	0.00720	0.04824	0.00894	0.01046	0.00591	0.03352	0.01077	0.01279	0.05764	0.20241	0.45298	0.06392	0.01453	0.00697	0.00212	0.00381	0.03815	0.00540	0.00544
24	0.01154	0.01150	0.01976	0.64219	0.03726	0.03506	0.13103	0.01544	0.01190	0.01518	0.01035	0.01514	0.00778	0.00558	0.00587	0.00190	0.00802	0.00531	0.00261	0.00658
25	0.01976	0.01410	0.01508	0.04000	0.01662	0.03396	0.00985	0.55043	0.02321	0.06638	0.01467	0.01517	0.01058	0.00678	0.00544	0.00166	0.00580	0.00517	0.13649	0.00883
26	0.01307	0.01459	0.03112	0.14487	0.03140	0.01419	0.62724	0.01773	0.01317	0.01773	0.01135	0.01540	0.00851	0.00496	0.00659	0.00193	0.00932	0.00649	0.00284	0.00750
27	0.01423	0.01229	0.01293	0.01164	0.01487	0.01423	0.00905	0.03039	0.75297	0.02393	0.02328	0.02134	0.01746	0.00776	0.00582	0.00194	0.00453	0.00647	0.00582	0.00905
28	0.00785	0.00617	0.00836	0.00908	0.00936	0.00669	0.00645	0.00888	0.01060	0.01447	0.02772	0.67106	0.03302	0.01667	0.00912	0.00235	0.12789	0.01448	0.00486	0.00490
29	0.00687	0.00580	0.00595	0.00591	0.00780	0.00488	0.00444	0.00843	0.01331	0.01610	0.11832	0.05399	0.70020	0.01425	0.00676	0.00192	0.00288	0.01192	0.00540	0.00488
30	0.01397	0.67590	0.02627	0.00950	0.01367	0.01978	0.00908	0.01567	0.01152	0.01364	0.01169	0.13389	0.01218	0.00696	0.00425	0.00140	0.00567	0.00515	0.00290	0.00691
31	0.00715	0.00512	0.00680	0.00784	0.00834	0.00477	0.00532	0.00841	0.01178	0.01592	0.14715	0.67586	0.04039	0.01693	0.00721	0.00224	0.00322	0.01532	0.00547	0.00477
32	0.01967	0.02378	0.01448	0.01324	0.01593	0.65374	0.00993	0.02133	0.01554	0.01516	0.01040	0.01206	0.00852	0.00602	0.00497	0.00145	0.00910	0.00395	0.13428	0.00642
33	0.01037	0.00948	0.01565	0.66179	0.03450	0.01155	0.01422	0.01401	0.01219	0.01593	0.12918	0.01961	0.01498	0.00667	0.00588	0.00189	0.00684	0.00592	0.00314	0.00620
34	0.02566	0.00973	0.01327	0.01018	0.01460	0.00841	0.00841	0.02788	0.01637	0.76726	0.02257	0.01947	0.01416	0.00708	0.00575	0.00177	0.00487	0.00575	0.00708	0.00973
35	0.83387	0.01137	0.00874	0.00784	0.01140	0.01306	0.00640	0.01711	0.01003	0.02601	0.00843	0.00994	0.00664	0.00561	0.00375	0.00185	0.00458	0.00325	0.00369	0.00643
36	0.00841	0.00618	0.00775	0.00734	0.00880	0.00561	0.00547	0.01081	0.01605	0.02238	0.66803	0.04466	0.14196	0.01230	0.00693	0.00190	0.00289	0.01066	0.00631	0.00557
37	0.83387	0.01137	0.00874	0.00784	0.01140	0.01306	0.00640	0.01711	0.01003	0.02601	0.00843	0.00994	0.00664	0.00561	0.00375	0.00185	0.00458	0.00325	0.00369	0.00643
38	0.00745	0.00533	0.00698	0.00828	0.00865	0.00493	0.00552	0.00832	0.01124	0.01503	0.03182	0.79023	0.03805	0.01813	0.00748	0.00240	0.00348	0.01632	0.00545	0.00489
39	0.00829	0.00594	0.00790	0.00891	0.00973	0.00562	0.00667	0.00991	0.01272	0.01709	0.14708	0.45702	0.03917	0.01652	0.00757	0.00241	0.00396	0.22271	0.00559	0.00519
40	0.01192	0.02976	0.76420	0.01656	0.02500	0.01351	0.02123	0.01840	0.01235	0.01852	0.01072	0.01270	0.00768	0.00574	0.00563	0.00189	0.00858	0.00438	0.00258	0.00867
41	0.00812	0.00603	0.00746	0.00747	0.00877	0.00545	0.00547	0.01010	0.01473	0.02008	0.45919	0.19306	0.18842	0.01381	0.00707	0.00203	0.00309	0.02828	0.00602	0.00538
42	0.00857	0.00619	0.00798	0.00752	0.00890	0.00568	0.00560	0.01113	0.01644	0.02331	0.75533	0.04313	0.05407	0.01195	0.00693	0.00188	0.00287	0.01045	0.00643	0.00564
43	0.00860	0.00615	0.00830	0.00959	0.01047	0.00592	0.00751	0.01031	0.01237	0.01632	0.03119	0.41659	0.03554	0.01705	0.00779	0.00256	0.00448	0.37862	0.00543	0.00521
44	0.01192	0.02976	0.76420	0.01656	0.02500	0.01351	0.02123	0.01840	0.01235	0.01852	0.01072	0.01270	0.00768	0.00574	0.00563	0.00189	0.00858	0.00438	0.00258	0.00867
45	0.01231	0.01048	0.01217	0.00878	0.01388	0.00789	0.00697	0.01471	0.01214	0.01904	0.01062	0.01249	0.00890	0.00455	0.00444	0.00094	0.00439	0.00354	0.00354	0.82822
46	0.01559	0.77046	0.05556	0.01031	0.01534	0.02247	0.01035	0.01745	0.01192	0.01405	0.00850	0.00992	0.00777	0.00522	0.00394	0.00133	0.00634	0.00326	0.00261	0.00760
47	0.00930	0.00665	0.00909	0.01033	0.01153	0.00652	0.00867	0.01154	0.01318	0.01730	0.05188	0.17891	0.03455	0.01624	0.00795	0.00264	0.00504	0.58784	0.00544	0.00541
48	0.01846	0.01297	0.01375	0.01108	0.01465	0.01413	0.00894	0.48479	0.06636	0.03133	0.01616	0.01700	0.01204	0.00715	0.00542	0.00170	0.00528	0.00542	0.24474	0.00862
49	0.01112	0.00568	0.00568	0.00566	0.00703	0.00561	0.00421	0.01365	0.01227	0.02171	0.01905	0.02188	0.01504	0.00696	0.00420	0.00142	0.00284	0.00547	0.82493	0.00557
50	0.83387	0.01137	0.00874	0.00784	0.01140	0.01306	0.00640	0.01711	0.01003	0.02601	0.00843	0.00994	0.00664	0.00561	0.00375	0.00185	0.00458	0.00325	0.00369	0.00643
51	0.01206	0.05702	0.73812	0.01633	0.02464	0.01384	0.02083	0.01836	0.01234	0.01835	0.01063	0.01260	0.00769	0.00572	0.00556	0.00187	0.00850	0.00433	0.00258	0.00863
52	0.01200	0.02924	0.73717	0.01684	0.02518	0.01355	0.04774	0.01840	0.01241	0.01853	0.01076	0.01282	0.00774	0.00571	0.00567	0.00190	0.00863	0.00447	0.00259	0.00864
53	0.02601	0.01005	0.01357	0.01048	0.01491	0.00867	0.00859	0.02809	0.01662	0.76227	0.02293	0.02004	0.01455	0.00737	0.00594	0.00185	0.00502	0.00589	0.00721	0.00994
54	0.05398	0.01010	0.01340	0.01038	0.01479	0.00882	0.00852	0.02771	0.01639	0.73678	0.02243	0.01969	0.01427	0.00731	0.00587	0.00185	0.00501	0.00580	0.00708	0.00982
55	0.01961	0.01104	0.01311	0.01110	0.01476	0.01125	0.00882	0.04196	0.34642	0.36439	0.02365	0.05491	0.01741	0.00835	0.00609	0.00197	0.00484	0.02451	0.00649	0.00931
56	0.02487	0.00980	0.01321	0.01028	0.01452	0.00847	0.00840	0.02698	0.01661	0.71401	0.07076	0.02155	0.01713	0.00767	0.00601	0.00185	0.00488	0.00619	0.00716	0.00966
57	0.00857	0.00619	0.00798	0.00752	0.00890	0.00568	0.00560	0.01113	0.01644	0.02331	0.75533	0.04313	0.05407	0.01195	0.00693	0.00188	0.00287	0.01045	0.00643	0.00564
58	0.01138	0.01060	0.01764	0.75349	0.06506	0.01297	0.01607	0.01503	0.01178	0.01519	0.01064	0.01581	0.00811	0.00600	0.00591	0.00198	0.00773	0.00523	0.00271	0.00668
59	0.01192	0.02976	0.76420	0.01656	0.02500	0.01351	0.02123	0.01840	0.01235	0.01852	0.01072	0.01270	0.00768	0.00574	0.00563	0.00189	0.00858	0.00438	0.00258	0.00867
60	0.00745	0.00533	0.00698	0.00828	0.00865	0.00493	0.00552	0.00832	0.01124	0.01503	0.03182	0.79023	0.03805	0.01813	0.00748	0.00240	0.00348	0.01632	0.00545	0.00489
61	0.01394	0.01570	0.03390	0.02431	0.03010	0.01468	0.73743	0.01860	0.01377	0.01872	0.01201	0.01603	0.00911	0.00513	0.00693	0.00201	0.00976	0.00688	0.00305	0.00794
62	0.00745	0.00533	0.00698	0.00828	0.00865	0.00493	0.00552	0.00832	0.01124	0.01503	0.03182	0.79023	0.03805	0.01813	0.00748	0.00240	0.00348	0.01632	0.00545	0.00489
63	0.00729	0.00614	0.00621	0.00618	0.00812	0.00514	0.00460	0.00866	0.01343	0.01615	0.08386	0.05491	0.73001	0.01462	0.00694	0.00201	0.00306	0.01210	0.00549	0.00509
64	0.00745	0.00533	0.00698	0.00828	0.00865	0.00493	0.00552	0.00832	0.01124	0.01503	0.03182	0.79023	0.03805	0.01813	0.00748	0.00240	0.00348	0.01632	0.00545	0.00489
65	0.01395	0.01523	0.03164	0.05290	0.14679	0.01448	0.59677	0.01835	0.01362	0.01865	0.01184	0.01582	0.00913	0.00520	0.00672	0.00197	0.00924	0.00656	0.00303	0.00810
66	0.02540	0.01019	0.01355	0.01055	0.01493	0.00898	0.00863	0.02822	0.05635	0.72218	0.02297	0.02014	0.01472	0.00741	0.00595	0.00186	0.00500	0.00593	0.00714	0.00991
67	0.00745	0.00533	0.00698	0.00828	0.00865	0.00493	0.00552	0.00832	0.01124	0.01503	0.03182	0.79023	0.03805	0.01813	0.00748	0.00240	0.00348	0.01632	0.00545	0.00489
68	0.83387	0.01137	0.00874	0.00784	0.01140	0.01306	0.00640	0.01711	0.01003	0.02601	0.00843	0.00994	0.00664	0.00561	0.00375	0.00185	0.00458	0.00325	0.00369	0.00643
69	0.01533	0.01273	0.01347	0.01198	0.01533	0.01450	0.00932	0.06903	0.69152	0.04233	0.02311	0.02145	0.01733	0.00798	0.00600	0.00201	0.00479	0.00651	0.00598	0.00932
70	0.02007	0.01431	0.01524	0.01199	0.01597	0.01563	0.00976	0.60378	0.02430	0.03359	0.01507	0.01575	0.01106	0.00712	0.00559	0.00173	0.00577	0.00533	0.15881	0.00912
71	0.01370	0.01497	0.02917	0.17073	0.06028	0.04220	0.52079	0.01789	0.01331	0.01774	0.01149	0.01567	0.00884	0.00550	0.00698	0.00200	0.03178	0.00633	0.00297	0.00765
72	0.11919	0.01020	0.01301	0.01017	0.01451	0.00917	0.00834	0.02682	0.01586	0.67735	0.02126	0.01888	0.01363	0.00717	0.00569	0.00185	0.00497	0.00559	0.00680	0.00954
73	0.04495	0.02636	0.01596	0.01453	0.01749	0.72624	0.01088	0.02249	0.01618	0.01481	0.01071	0.01223	0.02973	0.00643	0.00535	0.00158	0.01004	0.00406	0.00319	0.00680
74	0.00969	0.00692	0.00954	0.01083	0.01218	0.00686	0.00940	0.01218	0.01344	0.01753	0.03059	0.06477	0.03317	0.01603	0.00807	0.00271	0.00542	0.71976	0.00541	0.00551
75	0.02542	0.01100	0.01416	0.01093	0.01539	0.01008	0.00896	0.13627	0.01821	0.65184	0.02159	0.01917	0.01388	0.00734	0.00594	0.00184	0.00524	0.00580	0.00700	0.00994
76	0.01348	0.03036	0.74643	0.01744	0.02582	0.01429	0.02155	0.01937	0.01332	0.01991	0.01228	0.01486	0.00919	0.00678	0.00629	0.00218	0.00902	0.00489	0.00313	0.00942

[dist]
# distance from previous block
# <min> <max>
0	51

[block]
# block no. 3 follows, 41 sequences, length 39
# corresponding to MSA columns:
# 307-345
name=unknown_D
#
# <colnr> <probs for GDERKNQSTAVLIFYWHMCP>
#	G	D	E	R	K	N	Q	S	T	A	V	L	I	F	Y	W	H	M	C	P
0	0.83924	0.01107	0.00842	0.00753	0.01107	0.01284	0.00620	0.01682	0.00974	0.02567	0.00798	0.00931	0.00621	0.00532	0.00355	0.00177	0.00443	0.00310	0.00354	0.00620
1	0.01351	0.01544	0.03376	0.02411	0.02990	0.01447	0.74239	0.01833	0.01351	0.01833	0.01158	0.01544	0.00869	0.00483	0.00676	0.00193	0.00965	0.00675	0.00290	0.00772
2	0.00706	0.00504	0.00674	0.00806	0.00843	0.00472	0.00545	0.00811	0.01104	0.01470	0.03149	0.76955	0.03766	0.01785	0.00733	0.00234	0.00339	0.04105	0.00531	0.00467
3	0.01081	0.01017	0.01716	0.78509	0.03940	0.01271	0.01589	0.01462	0.01144	0.01463	0.01018	0.01527	0.00764	0.00573	0.00572	0.00191	0.00763	0.00509	0.00255	0.00636
4	0.00811	0.00586	0.00765	0.00720	0.00855	0.00540	0.00540	0.01080	0.01620	0.02295	0.76015	0.04274	0.05397	0.01170	0.00675	0.00180	0.00270	0.01035	0.00630	0.00540
5	0.01530	0.80228	0.02998	0.00980	0.01469	0.02264	0.00979	0.01714	0.01163	0.01347	0.00796	0.00919	0.00735	0.00490	0.00368	0.00123	0.00612	0.00306	0.00245	0.00735
6	0.02567	0.00974	0.01328	0.01018	0.01461	0.00841	0.00841	0.02788	0.01638	0.76713	0.02258	0.01948	0.01417	0.00709	0.00576	0.00177	0.00487	0.00576	0.00708	0.00974
7	0.02138	0.02727	0.01622	0.01474	0.01769	0.77588	0.01106	0.02285	0.01622	0.01401	0.00885	0.01033	0.00738	0.00590	0.00516	0.00148	0.01032	0.00369	0.00295	0.00664
8	0.00732	0.00582	0.00656	0.00637	0.00807	0.00507	0.00478	0.00927	0.01433	0.01851	0.34430	0.05003	0.47259	0.01335	0.00676	0.00188	0.00282	0.01137	0.00572	0.00507
9	0.02175	0.01603	0.01717	0.01317	0.01775	0.01774	0.01088	0.74410	0.02690	0.03606	0.01374	0.01375	0.00974	0.00687	0.00573	0.00172	0.00630	0.00515	0.00573	0.00973
10	0.00811	0.00586	0.00765	0.00720	0.00855	0.00540	0.00540	0.01080	0.01620	0.02295	0.76015	0.04274	0.05397	0.01170	0.00675	0.00180	0.00270	0.01035	0.00630	0.00540
11	0.01253	0.01252	0.01753	0.01502	0.01502	0.01752	0.01252	0.01377	0.00877	0.01378	0.00752	0.01253	0.00752	0.01002	0.01877	0.00250	0.78837	0.00501	0.00251	0.00626
12	0.01261	0.01292	0.01896	0.20722	0.02266	0.05171	0.08467	0.01486	0.01025	0.01444	0.00864	0.01339	0.00766	0.00825	0.01372	0.00225	0.48163	0.00514	0.00258	0.00645
13	0.01197	0.01026	0.01191	0.00861	0.01362	0.00790	0.00687	0.01506	0.04185	0.01886	0.01071	0.01226	0.00885	0.00439	0.00431	0.00089	0.00425	0.00352	0.00349	0.80043
14	0.83924	0.01107	0.00842	0.00753	0.01107	0.01284	0.00620	0.01682	0.00974	0.02567	0.00798	0.00931	0.00621	0.00532	0.00355	0.00177	0.00443	0.00310	0.00354	0.00620
15	0.01160	0.02882	0.72898	0.01674	0.02504	0.01335	0.06059	0.01813	0.01216	0.01814	0.01035	0.01228	0.00734	0.00541	0.00551	0.00182	0.00852	0.00437	0.00245	0.00842
16	0.01227	0.01092	0.04158	0.00884	0.01403	0.00788	0.00739	0.01496	0.01201	0.04123	0.01056	0.01212	0.00861	0.00438	0.00433	0.00092	0.00442	0.00350	0.00347	0.77658
17	0.00729	0.00517	0.00700	0.00804	0.00845	0.00504	0.00547	0.00828	0.01050	0.01413	0.02809	0.63310	0.03305	0.05702	0.11247	0.02817	0.00509	0.01420	0.00484	0.00460
18	0.83924	0.01107	0.00842	0.00753	0.01107	0.01284	0.00620	0.01682	0.00974	0.02567	0.00798	0.00931	0.00621	0.00532	0.00355	0.00177	0.00443	0.00310	0.00354	0.00620
19	0.00810	0.00608	0.00753	0.00713	0.00865	0.00563	0.00536	0.01108	0.04252	0.02171	0.61415	0.04405	0.17257	0.01203	0.00672	0.00183	0.00280	0.01050	0.00612	0.00544
20	0.01081	0.01017	0.01716	0.78509	0.03940	0.01271	0.01589	0.01462	0.01144	0.01463	0.01018	0.01527	0.00764	0.00573	0.00572	0.00191	0.00763	0.00509	0.00255	0.00636
21	0.01424	0.01229	0.01294	0.01165	0.01488	0.01423	0.00906	0.03040	0.75283	0.02394	0.02329	0.02136	0.01747	0.00777	0.00583	0.00194	0.00453	0.00647	0.00582	0.00906
22	0.01148	0.02959	0.76921	0.01631	0.02476	0.01329	0.02114	0.01812	0.01208	0.01812	0.01028	0.01209	0.00726	0.00544	0.00544	0.00181	0.00846	0.00423	0.00242	0.00846
23	0.00811	0.00586	0.00765	0.00720	0.00855	0.00540	0.00540	0.01080	0.01620	0.02295	0.76015	0.04274	0.05397	0.01170	0.00675	0.00180	0.00270	0.01035	0.00630	0.00540
24	0.01417	0.01360	0.02322	0.03511	0.76317	0.01360	0.01756	0.01756	0.01303	0.01870	0.01077	0.01417	0.00907	0.00510	0.00567	0.00170	0.00680	0.00510	0.00284	0.00907
25	0.02138	0.02727	0.01622	0.01474	0.01769	0.77588	0.01106	0.02285	0.01622	0.01401	0.00885	0.01033	0.00738	0.00590	0.00516	0.00148	0.01032	0.00369	0.00295	0.00664
26	0.00692	0.00524	0.00639	0.00731	0.00813	0.00471	0.00502	0.00805	0.01160	0.01487	0.03964	0.56798	0.25974	0.01687	0.00714	0.00220	0.00319	0.01498	0.00531	0.00471
27	0.02138	0.02727	0.01622	0.01474	0.01769	0.77588	0.01106	0.02285	0.01622	0.01401	0.00885	0.01033	0.00738	0.00590	0.00516	0.00148	0.01032	0.00369	0.00295	0.00664
28	0.02175	0.01603	0.01717	0.01317	0.01775	0.01774	0.01088	0.74410	0.02690	0.03606	0.01374	0.01375	0.00974	0.00687	0.00573	0.00172	0.00630	0.00515	0.00573	0.00973
29	0.01520	0.00775	0.00952	0.00819	0.01109	0.00686	0.00645	0.01782	0.05262	0.33104	0.10904	0.07577	0.30317	0.01095	0.00632	0.00187	0.00381	0.00919	0.00618	0.00715
30	0.01100	0.01036	0.01749	0.74413	0.07893	0.01276	0.01598	0.01478	0.01153	0.01485	0.01021	0.01521	0.00771	0.00569	0.00572	0.00190	0.00758	0.00509	0.00256	0.00651
31	0.00844	0.00583	0.00690	0.00682	0.00692	0.00608	0.00413	0.00869	0.00843	0.01141	0.01743	0.03515	0.01973	0.69741	0.10505	0.00583	0.03063	0.00800	0.00340	0.00373
32	0.00698	0.00499	0.00665	0.00797	0.00831	0.00465	0.00532	0.00797	0.01096	0.01461	0.03153	0.79512	0.03784	0.01793	0.00731	0.00233	0.00332	0.01626	0.00531	0.00465
33	0.02502	0.01010	0.01342	0.01036	0.01474	0.00903	0.00854	0.05605	0.04867	0.70632	0.02226	0.01934	0.01414	0.00711	0.00576	0.00178	0.00491	0.00576	0.00698	0.00971
34	0.01329	0.01270	0.02163	0.23186	0.57330	0.01336	0.01712	0.01679	0.01262	0.01763	0.01062	0.01446	0.00869	0.00527	0.00568	0.00176	0.00702	0.00510	0.00276	0.00836
35	0.02567	0.00974	0.01328	0.01018	0.01461	0.00841	0.00841	0.02788	0.01638	0.76713	0.02258	0.01948	0.01417	0.00709	0.00576	0.00177	0.00487	0.00576	0.00708	0.00974
36	0.00683	0.00581	0.00588	0.00586	0.00777	0.00486	0.00440	0.00833	0.01318	0.01579	0.08835	0.05452	0.73025	0.01437	0.00676	0.00193	0.00289	0.01200	0.00536	0.00486
37	0.01530	0.80228	0.02998	0.00980	0.01469	0.02264	0.00979	0.01714	0.01163	0.01347	0.00796	0.00919	0.00735	0.00490	0.00368	0.00123	0.00612	0.00306	0.00245	0.00735
38	0.00959	0.00721	0.01000	0.00954	0.01080	0.00835	0.00742	0.07940	0.01079	0.01529	0.01512	0.02234	0.01410	0.08861	0.63166	0.00805	0.03679	0.00615	0.00332	0.00547

[dist]
# distance from previous block
# <min> <max>
0	1

[block]
# block no. 4 follows, 41 sequences, length 54
# corresponding to MSA columns:
# 347-400
name=unknown_E
#
# <colnr> <probs for GDERKNQSTAVLIFYWHMCP>
#	G	D	E	R	K	N	Q	S	T	A	V	L	I	F	Y	W	H	M	C	P
0	0.00684	0.00580	0.00591	0.00588	0.00778	0.00486	0.00441	0.00837	0.01323	0.01592	0.10163	0.05428	0.71700	0.01431	0.00676	0.00192	0.00288	0.01196	0.00537	0.00486
1	0.01322	0.01587	0.07555	0.07492	0.04657	0.01426	0.63535	0.01804	0.01327	0.01807	0.01138	0.01519	0.00853	0.00492	0.00658	0.00192	0.00937	0.00645	0.00284	0.00770
2	0.01080	0.01017	0.01716	0.78523	0.03940	0.01271	0.01589	0.01461	0.01144	0.01461	0.01017	0.01525	0.00762	0.00572	0.00572	0.00191	0.00762	0.00508	0.00254	0.00635
3	0.01350	0.01543	0.03375	0.02411	0.02989	0.01446	0.74253	0.01832	0.01350	0.01832	0.01157	0.01543	0.00868	0.00482	0.00675	0.00193	0.00964	0.00675	0.00289	0.00771
4	0.00766	0.00644	0.00675	0.00671	0.00870	0.00583	0.00516	0.01057	0.08028	0.01659	0.07603	0.05226	0.61811	0.01388	0.00676	0.00198	0.00321	0.06247	0.00539	0.00526
5	0.01768	0.07464	0.16676	0.01585	0.07396	0.29227	0.02621	0.09409	0.04447	0.06467	0.01107	0.01248	0.00856	0.00622	0.00633	0.00169	0.06743	0.00440	0.00342	0.00781
6	0.01138	0.02319	0.55837	0.01392	0.02055	0.01124	0.01691	0.01690	0.01323	0.05511	0.18292	0.01946	0.01830	0.00695	0.00575	0.00181	0.00696	0.00570	0.00353	0.00781
7	0.00704	0.00503	0.00670	0.00792	0.00831	0.00469	0.00532	0.00814	0.01128	0.01512	0.07686	0.74844	0.03883	0.01753	0.00727	0.00229	0.00328	0.01589	0.00537	0.00469
8	0.05131	0.02600	0.60838	0.06454	0.02555	0.01335	0.09631	0.01786	0.01207	0.01828	0.01029	0.01249	0.00737	0.00538	0.00550	0.00183	0.00833	0.00449	0.00253	0.00814
9	0.01907	0.02306	0.03787	0.15352	0.02175	0.54163	0.01216	0.07833	0.03072	0.01617	0.00979	0.01174	0.00780	0.00596	0.00532	0.00159	0.00934	0.00412	0.00314	0.00693
10	0.83938	0.01106	0.00841	0.00752	0.01106	0.01283	0.00619	0.01681	0.00973	0.02566	0.00796	0.00929	0.00619	0.00531	0.00354	0.00177	0.00442	0.00310	0.00354	0.00619
11	0.71590	0.01176	0.04551	0.07084	0.01392	0.01269	0.00765	0.01663	0.01003	0.02432	0.00847	0.01015	0.00653	0.00538	0.00382	0.00177	0.00484	0.00336	0.02014	0.00630
12	0.01382	0.02157	0.43169	0.01684	0.11223	0.01279	0.01661	0.02132	0.15526	0.10190	0.03104	0.01562	0.01125	0.00616	0.00560	0.00182	0.00697	0.00507	0.00372	0.00872
13	0.00764	0.00652	0.00669	0.00651	0.00830	0.03048	0.00488	0.00946	0.01408	0.01763	0.26556	0.04990	0.52544	0.01337	0.00670	0.00188	0.00308	0.01128	0.00553	0.00506
14	0.00745	0.00575	0.00854	0.00902	0.00980	0.00536	0.05703	0.00876	0.01131	0.01508	0.04737	0.70237	0.05677	0.01676	0.00723	0.00227	0.00374	0.01534	0.00516	0.00488
15	0.02137	0.02726	0.01621	0.01474	0.01768	0.77602	0.01105	0.02284	0.01621	0.01400	0.00884	0.01031	0.00737	0.00589	0.00516	0.00147	0.01031	0.00368	0.00295	0.00663
16	0.01147	0.02959	0.76934	0.01630	0.02476	0.01328	0.02113	0.01811	0.01208	0.01811	0.01026	0.01208	0.00725	0.00543	0.00543	0.00181	0.00845	0.00423	0.00242	0.00845
17	0.01423	0.01229	0.01293	0.01164	0.01487	0.01423	0.00905	0.03039	0.75297	0.02393	0.02328	0.02134	0.01746	0.00776	0.00582	0.00194	0.00453	0.00647	0.00582	0.00905
18	0.01080	0.01017	0.01716	0.78523	0.03940	0.01271	0.01589	0.01461	0.01144	0.01461	0.01017	0.01525	0.00762	0.00572	0.00572	0.00191	0.00762	0.00508	0.00254	0.00635
19	0.02229	0.01389	0.01570	0.01217	0.01660	0.01474	0.01001	0.47891	0.08112	0.24841	0.01706	0.01601	0.01163	0.00700	0.00574	0.00175	0.00574	0.00543	0.00613	0.00968
20	0.00829	0.00565	0.00677	0.00677	0.00696	0.00583	0.00413	0.00866	0.00848	0.01149	0.01754	0.03473	0.01962	0.66266	0.16384	0.00620	0.00731	0.00792	0.00339	0.00376
21	0.01486	0.67827	0.02802	0.01061	0.01473	0.02183	0.01022	0.01660	0.01117	0.01351	0.00788	0.00970	0.00737	0.00570	0.00604	0.00142	0.12908	0.00336	0.00246	0.00717
22	0.01336	0.01153	0.06100	0.01136	0.01390	0.01187	0.02378	0.24909	0.01512	0.02104	0.01405	0.01953	0.01235	0.10746	0.29296	0.00496	0.08257	0.00582	0.02143	0.00680
23	0.01397	0.01343	0.02292	0.07325	0.69466	0.01358	0.03305	0.01768	0.02798	0.01857	0.01100	0.01439	0.00915	0.00518	0.00569	0.00172	0.00685	0.00516	0.00288	0.00889
24	0.01024	0.00748	0.00915	0.02679	0.01104	0.00765	0.00675	0.16698	0.01440	0.01923	0.02720	0.60885	0.03108	0.01526	0.00692	0.00218	0.00406	0.01361	0.00534	0.00578
25	0.83938	0.01106	0.00841	0.00752	0.01106	0.01283	0.00619	0.01681	0.00973	0.02566	0.00796	0.00929	0.00619	0.00531	0.00354	0.00177	0.00442	0.00310	0.00354	0.00619
26	0.01197	0.00963	0.10793	0.00798	0.01037	0.00752	0.00719	0.01481	0.01250	0.04561	0.01918	0.02174	0.04043	0.00744	0.00539	0.00163	0.04145	0.00566	0.61528	0.00632
27	0.01494	0.01278	0.01343	0.01212	0.01539	0.01459	0.00935	0.03072	0.74459	0.02453	0.02387	0.02227	0.01806	0.00823	0.00613	0.00207	0.00479	0.00669	0.00604	0.00941
28	0.00885	0.00655	0.00818	0.00825	0.00973	0.00600	0.00641	0.01100	0.01513	0.02051	0.42664	0.07642	0.18314	0.01380	0.00733	0.00217	0.00363	0.17456	0.00606	0.00563
29	0.01563	0.01167	0.01343	0.00997	0.01492	0.00992	0.00797	0.14450	0.01539	0.09214	0.01270	0.01394	0.00993	0.00548	0.00497	0.00123	0.00492	0.00418	0.00440	0.60271
30	0.00999	0.00715	0.00976	0.01102	0.01240	0.00704	0.00951	0.01239	0.01362	0.01780	0.03079	0.06493	0.03334	0.01618	0.00819	0.00276	0.00552	0.71645	0.00550	0.00567
31	0.01156	0.01069	0.01760	0.77648	0.03962	0.01309	0.01610	0.01512	0.01191	0.01533	0.01092	0.01625	0.00835	0.00622	0.00603	0.00204	0.00785	0.00532	0.00281	0.00674
32	0.01600	0.79349	0.03026	0.01029	0.01520	0.02289	0.01008	0.01761	0.01209	0.01418	0.00873	0.01025	0.00806	0.00540	0.00401	0.00137	0.00636	0.00332	0.00271	0.00772
33	0.01487	0.01407	0.02359	0.03531	0.75489	0.01396	0.01775	0.01803	0.01347	0.01935	0.01150	0.01517	0.00976	0.00560	0.00598	0.00184	0.00703	0.00533	0.00309	0.00941
34	0.01222	0.02987	0.76081	0.01672	0.02515	0.01366	0.02129	0.01858	0.01254	0.01878	0.01101	0.01311	0.00797	0.00593	0.00575	0.00195	0.00867	0.00447	0.00268	0.00881
35	0.79366	0.01151	0.00917	0.00817	0.01178	0.01301	0.00663	0.01780	0.01052	0.05959	0.00940	0.01082	0.00729	0.00589	0.00398	0.00191	0.00470	0.00348	0.00395	0.00674
36	0.01332	0.01221	0.02001	0.02945	0.59198	0.01203	0.01511	0.01596	0.01303	0.01847	0.01598	0.18371	0.01597	0.00837	0.00633	0.00197	0.00628	0.00774	0.00363	0.00846
37	0.01422	0.01589	0.03400	0.02444	0.03023	0.01482	0.73407	0.01879	0.01395	0.01899	0.01230	0.01643	0.00939	0.00533	0.00705	0.00206	0.00984	0.00697	0.00315	0.00808
38	0.01600	0.79349	0.03026	0.01029	0.01520	0.02289	0.01008	0.01761	0.01209	0.01418	0.00873	0.01025	0.00806	0.00540	0.00401	0.00137	0.00636	0.00332	0.00271	0.00772
39	0.00896	0.00670	0.00973	0.00970	0.01078	0.00760	0.00747	0.01078	0.00969	0.01400	0.01601	0.02338	0.01494	0.04295	0.76744	0.00924	0.01545	0.00635	0.00332	0.00551
40	0.01156	0.01069	0.01760	0.77648	0.03962	0.01309	0.01610	0.01512	0.01191	0.01533	0.01092	0.01625	0.00835	0.00622	0.00603	0.00204	0.00785	0.00532	0.00281	0.00674
41	0.00826	0.00552	0.00625	0.00631	0.00632	0.00551	0.00354	0.00830	0.00843	0.01124	0.01858	0.06865	0.02150	0.76681	0.02821	0.00541	0.00545	0.00865	0.00354	0.00351
42	0.00907	0.00654	0.00902	0.01026	0.01161	0.00648	0.00893	0.01164	0.01316	0.01702	0.03190	0.06397	0.07541	0.01572	0.00783	0.00259	0.00513	0.68320	0.00527	0.00524
43	0.01186	0.01017	0.01186	0.00847	0.01356	0.00762	0.00678	0.01440	0.01186	0.01864	0.01017	0.01186	0.00847	0.00424	0.00424	0.00085	0.00424	0.00339	0.00339	0.83395
44	0.01259	0.02802	0.70958	0.01582	0.02395	0.01290	0.02013	0.01889	0.01242	0.07734	0.01124	0.01266	0.00779	0.00556	0.00546	0.00181	0.00817	0.00435	0.00278	0.00855
45	0.01199	0.01058	0.01359	0.00971	0.01485	0.00817	0.06494	0.01471	0.01199	0.01861	0.01028	0.01214	0.00849	0.00428	0.00443	0.00093	0.00466	0.00365	0.00335	0.76863
46	0.02062	0.02591	0.01587	0.01424	0.01736	0.71527	0.01071	0.02217	0.01587	0.01437	0.00895	0.01044	0.00746	0.00576	0.00508	0.00142	0.00983	0.00366	0.00298	0.07203
47	0.00845	0.00535	0.00716	0.00814	0.00879	0.00494	0.00555	0.00954	0.01138	0.07410	0.03082	0.73392	0.03596	0.01706	0.00718	0.00228	0.00344	0.01543	0.00545	0.00505
48	0.01186	0.01017	0.01186	0.00847	0.01356	0.00762	0.00678	0.01440	0.01186	0.01864	0.01017	0.01186	0.00847	0.00424	0.00424	0.00085	0.00424	0.00339	0.00339	0.83395
49	0.01295	0.01013	0.01197	0.00861	0.01364	0.00769	0.00691	0.01547	0.01222	0.07782	0.01115	0.01246	0.00892	0.00446	0.00436	0.00092	0.00429	0.00358	0.00368	0.76879
50	0.00845	0.00535	0.00716	0.00814	0.00879	0.00494	0.00555	0.00954	0.01138	0.07410	0.03082	0.73392	0.03596	0.01706	0.00718	0.00228	0.00344	0.01543	0.00545	0.00505
51	0.00887	0.00583	0.00737	0.00743	0.00871	0.00528	0.00536	0.01062	0.01355	0.07716	0.30033	0.30634	0.16490	0.04191	0.00766	0.00214	0.00322	0.01228	0.00574	0.00531
52	0.00717	0.00514	0.00682	0.00782	0.00834	0.00478	0.00533	0.00848	0.01190	0.01612	0.16388	0.65857	0.04076	0.01679	0.00720	0.00223	0.00321	0.01519	0.00549	0.00478
53	0.00852	0.00661	0.00990	0.07054	0.01242	0.00781	0.00778	0.01055	0.00930	0.01326	0.01484	0.02252	0.01397	0.08597	0.64543	0.00818	0.03808	0.00615	0.00303	0.00514

[dist]
# distance from previous block
# <min> <max>
0	13

[block]
# block no. 5 follows, 41 sequences, length 14
# corresponding to MSA columns:
# 414-427
name=unknown_F
#
# <colnr> <probs for GDERKNQSTAVLIFYWHMCP>
#	G	D	E	R	K	N	Q	S	T	A	V	L	I	F	Y	W	H	M	C	P
0	0.01582	0.73795	0.02892	0.01006	0.01493	0.02223	0.00988	0.07674	0.01287	0.01531	0.00843	0.00955	0.00754	0.00506	0.00384	0.00126	0.00613	0.00323	0.00272	0.00754
1	0.01753	0.06082	0.12483	0.07628	0.02122	0.06058	0.11626	0.20710	0.10559	0.13080	0.01445	0.01514	0.01035	0.00625	0.00569	0.00177	0.00700	0.00528	0.00446	0.00859
2	0.12114	0.01321	0.06365	0.01338	0.07384	0.04874	0.01051	0.02326	0.14992	0.28642	0.01634	0.01622	0.01165	0.00708	0.00729	0.00189	0.11696	0.00520	0.00492	0.00839
3	0.01968	0.01494	0.01688	0.12298	0.02063	0.01679	0.01146	0.59270	0.07316	0.03219	0.01386	0.01446	0.00994	0.00676	0.00573	0.00176	0.00637	0.00523	0.00528	0.00920
4	0.00789	0.00589	0.00758	0.00789	0.00909	0.00522	0.00554	0.00943	0.01211	0.01681	0.17104	0.53651	0.03681	0.01475	0.00676	0.00201	0.00333	0.01327	0.00523	0.12286
5	0.01383	0.01010	0.01206	0.00871	0.01370	0.00774	0.00701	0.01632	0.01250	0.12522	0.01193	0.01294	0.00928	0.00464	0.00445	0.00098	0.00433	0.00373	0.00391	0.71660
6	0.02178	0.00998	0.01302	0.02752	0.01491	0.00890	0.00839	0.04473	0.06245	0.54412	0.03971	0.01976	0.01471	0.00698	0.00561	0.00167	0.00481	0.01969	0.00629	0.12498
7	0.65489	0.03991	0.01058	0.00891	0.01230	0.11805	0.00723	0.01791	0.02953	0.02327	0.00846	0.00983	0.00672	0.00557	0.00426	0.00174	0.02772	0.00332	0.00345	0.00637
8	0.01952	0.00847	0.01111	0.00902	0.01239	0.00757	0.00726	0.02232	0.04105	0.49125	0.18215	0.02614	0.05366	0.00837	0.00587	0.00175	0.00413	0.00699	0.07275	0.00822
9	0.01613	0.47771	0.08746	0.01109	0.01571	0.06637	0.01064	0.15294	0.01447	0.01783	0.00944	0.01100	0.00799	0.00657	0.00579	0.06804	0.00652	0.00374	0.00309	0.00745
10	0.08141	0.01112	0.01270	0.00964	0.01406	0.01020	0.00780	0.14983	0.01493	0.11129	0.02584	0.03495	0.01077	0.00584	0.00525	0.00130	0.03100	0.00450	0.00434	0.45321
11	0.06133	0.05183	0.05934	0.15245	0.02729	0.01401	0.41527	0.01831	0.07333	0.01845	0.01214	0.01532	0.00919	0.00535	0.00599	0.00185	0.00806	0.00588	0.03721	0.00742
12	0.08125	0.01510	0.07188	0.02034	0.02591	0.01340	0.53680	0.01955	0.01352	0.12553	0.01277	0.01532	0.00918	0.00522	0.00627	0.00189	0.00848	0.00617	0.00351	0.00792
13	0.01147	0.00655	0.00861	0.00779	0.00970	0.00591	0.00594	0.01387	0.01565	0.17145	0.51874	0.10034	0.07843	0.01141	0.00659	0.00184	0.00319	0.00999	0.00633	0.00618

[dist]
# distance from previous block
# <min> <max>
0	6

[block]
# block no. 6 follows, 41 sequences, length 18
# corresponding to MSA columns:
# 434-451
name=unknown_G
#
# <colnr> <probs for GDERKNQSTAVLIFYWHMCP>
#	G	D	E	R	K	N	Q	S	T	A	V	L	I	F	Y	W	H	M	C	P
0	0.01188	0.01095	0.01717	0.48705	0.07271	0.01223	0.04562	0.04739	0.01228	0.01674	0.01031	0.01433	0.00801	0.00557	0.00599	0.00170	0.03843	0.00481	0.00288	0.17394
1	0.01328	0.11152	0.41206	0.17136	0.06353	0.01414	0.01731	0.05026	0.01288	0.06597	0.01095	0.01304	0.00798	0.00558	0.00533	0.00175	0.00761	0.00445	0.00291	0.00807
2	0.06664	0.17361	0.05349	0.18925	0.02298	0.08177	0.12108	0.03090	0.10417	0.04296	0.01282	0.01653	0.01038	0.00624	0.00539	0.00176	0.00707	0.04223	0.00342	0.00731
3	0.00829	0.00656	0.00909	0.00890	0.01047	0.00575	0.04348	0.00980	0.01127	0.01561	0.02618	0.59689	0.03040	0.01448	0.00665	0.00200	0.00383	0.01317	0.00480	0.17238
4	0.01186	0.01017	0.01186	0.00847	0.01356	0.00762	0.00678	0.01440	0.01186	0.01864	0.01017	0.01186	0.00847	0.00424	0.00424	0.00085	0.00424	0.00339	0.00339	0.83395
