[name]
unknown

[dist]
# distance from previous block
# <min> <max>
0	35

[block]
# block no. 0 follows, 41 sequences, length 10
# corresponding to MSA columns:
# 38-47
name=unknown_A
#
# <colnr> <probs for GDERKNQSTAVLIFYWHMCP>
#	G	D	E	R	K	N	Q	S	T	A	V	L	I	F	Y	W	H	M	C	P
0	0.01222	0.01439	0.09396	0.28322	0.03100	0.01305	0.35046	0.01663	0.01249	0.01706	0.01082	0.01469	0.00816	0.00513	0.00602	0.00180	0.00828	0.00560	0.00278	0.09224
1	0.01145	0.00838	0.01044	0.00882	0.01127	0.00789	0.04297	0.09300	0.03102	0.03450	0.08326	0.13864	0.02062	0.16306	0.01010	0.00233	0.00452	0.00764	0.11988	0.19020
2	0.06492	0.01092	0.01256	0.08192	0.01592	0.06040	0.00871	0.09677	0.04213	0.23666	0.01758	0.11491	0.01454	0.01093	0.07353	0.00237	0.00624	0.00641	0.00492	0.11768
3	0.01165	0.00872	0.00947	0.00900	0.01097	0.06285	0.00671	0.08162	0.01423	0.08436	0.10524	0.35595	0.09699	0.01286	0.00652	0.00195	0.00429	0.03765	0.00528	0.07368
4	0.01294	0.00721	0.00957	0.00876	0.01106	0.00645	0.00693	0.01522	0.01452	0.21054	0.26701	0.15452	0.03366	0.01153	0.00656	0.00193	0.00393	0.13231	0.00591	0.07944
5	0.01348	0.01169	0.01717	0.19199	0.02263	0.01114	0.12303	0.10600	0.01401	0.04063	0.01117	0.01364	0.00862	0.00508	0.00520	0.00139	0.00613	0.00459	0.00351	0.38891
6	0.01132	0.01078	0.01886	0.59991	0.07001	0.01251	0.10577	0.01516	0.01180	0.01566	0.01072	0.01537	0.00814	0.00557	0.00573	0.00184	0.00753	0.00525	0.03661	0.03143
7	0.23272	0.01047	0.01305	0.01206	0.09065	0.01007	0.00878	0.02398	0.01433	0.50054	0.01762	0.01632	0.01160	0.00642	0.00518	0.00176	0.00495	0.00501	0.00574	0.00876
8	0.00810	0.00546	0.00630	0.00651	0.00657	0.00540	0.00376	0.00826	0.00874	0.01165	0.02017	0.15780	0.02350	0.67492	0.02565	0.00503	0.00519	0.00958	0.00376	0.00365
9	0.01185	0.01130	0.01752	0.22641	0.02198	0.01469	0.06392	0.01367	0.00969	0.01392	0.00877	0.01397	0.00787	0.00948	0.01471	0.08772	0.43882	0.00515	0.00254	0.00600

[dist]
# distance from previous block
# <min> <max>
3	5

[block]
# block no. 1 follows, 41 sequences, length 8
# corresponding to MSA columns:
# 53-60
name=unknown_B
#
# <colnr> <probs for GDERKNQSTAVLIFYWHMCP>
#	G	D	E	R	K	N	Q	S	T	A	V	L	I	F	Y	W	H	M	C	P
0	0.06285	0.00614	0.00813	0.10779	0.01234	0.00634	0.00659	0.00959	0.01103	0.01554	0.06715	0.54252	0.03145	0.07484	0.00848	0.00245	0.00408	0.01301	0.00475	0.00492
1	0.01179	0.01104	0.01791	0.56248	0.17746	0.01303	0.01553	0.01676	0.08570	0.01633	0.01159	0.01565	0.00888	0.00580	0.00572	0.00187	0.00715	0.00522	0.00292	0.00715
2	0.01814	0.01208	0.01372	0.01115	0.01473	0.01267	0.00892	0.39476	0.05703	0.14158	0.06791	0.14830	0.01839	0.00901	0.00600	0.00180	0.00516	0.00744	0.00580	0.04540
3	0.01826	0.01518	0.06839	0.01439	0.04215	0.01502	0.08187	0.45702	0.05781	0.06240	0.01592	0.09627	0.01296	0.00773	0.00597	0.00182	0.00632	0.00650	0.00515	0.00886
4	0.09683	0.59173	0.15389	0.01067	0.01604	0.02006	0.01136	0.01726	0.01151	0.01547	0.00835	0.00968	0.00721	0.00503	0.00396	0.00138	0.00635	0.00326	0.00255	0.00742
5	0.14160	0.09003	0.44699	0.01550	0.02227	0.04404	0.12678	0.01804	0.01205	0.01877	0.00985	0.01184	0.00731	0.00529	0.00518	0.00176	0.00788	0.00431	0.00269	0.00782
6	0.01476	0.01485	0.02779	0.02135	0.07555	0.01449	0.48078	0.13989	0.01541	0.02119	0.01161	0.01465	0.00882	0.00533	0.00674	0.00181	0.03742	0.00602	0.00339	0.07819
7	0.01366	0.01441	0.06328	0.09199	0.56900	0.01362	0.11477	0.01745	0.01291	0.01829	0.01080	0.01430	0.00880	0.00513	0.00580	0.00175	0.00733	0.00527	0.00279	0.00863

[dist]
# distance from previous block
# <min> <max>
21	62

[block]
# block no. 2 follows, 41 sequences, length 46
# corresponding to MSA columns:
# 123-168
name=unknown_C
#
# <colnr> <probs for GDERKNQSTAVLIFYWHMCP>
#	G	D	E	R	K	N	Q	S	T	A	V	L	I	F	Y	W	H	M	C	P
0	0.01423	0.01218	0.01299	0.01007	0.01472	0.05531	0.00787	0.01862	0.13342	0.04581	0.01360	0.01489	0.01096	0.00566	0.00502	0.00128	0.00500	0.00431	0.00421	0.60983
1	0.08145	0.01282	0.01702	0.45795	0.03029	0.01486	0.01374	0.25562	0.01698	0.02345	0.01211	0.01554	0.00912	0.00669	0.00595	0.00200	0.00721	0.00525	0.00400	0.00794
2	0.00862	0.05375	0.01006	0.00885	0.00997	0.00787	0.00683	0.01038	0.00923	0.01301	0.01523	0.02360	0.01472	0.13812	0.63368	0.00824	0.01351	0.00623	0.00308	0.00503
3	0.01500	0.01270	0.01706	0.01398	0.01781	0.01381	0.15354	0.02781	0.54849	0.08211	0.02092	0.02003	0.01547	0.00713	0.00600	0.00192	0.00556	0.00647	0.00534	0.00884
4	0.04749	0.69163	0.04558	0.01098	0.01597	0.02139	0.06834	0.01723	0.01171	0.01443	0.00829	0.00974	0.00740	0.00492	0.00395	0.00131	0.00638	0.00338	0.00252	0.00735
5	0.01416	0.01548	0.03243	0.02323	0.02892	0.01473	0.68417	0.07622	0.01457	0.01974	0.01174	0.01529	0.00876	0.00498	0.00667	0.00191	0.00938	0.00662	0.00312	0.00788
6	0.44518	0.10626	0.01363	0.00943	0.01349	0.01451	0.00798	0.18362	0.01476	0.12708	0.01125	0.01167	0.00821	0.00585	0.00435	0.00169	0.00511	0.00392	0.00439	0.00761
7	0.72388	0.01136	0.01095	0.05543	0.01426	0.01295	0.06550	0.01680	0.01014	0.02442	0.00838	0.01014	0.00648	0.00530	0.00393	0.00179	0.00503	0.00351	0.00343	0.00633
8	0.01201	0.10035	0.64441	0.01669	0.05095	0.01421	0.04833	0.01801	0.01212	0.01771	0.01012	0.01201	0.00738	0.00535	0.00533	0.00176	0.00822	0.00425	0.00245	0.00834
9	0.01199	0.02552	0.56492	0.01802	0.02545	0.01376	0.18492	0.01795	0.01224	0.01795	0.01043	0.01286	0.00758	0.00552	0.00639	0.00187	0.04710	0.00484	0.00253	0.00818
10	0.11532	0.14567	0.42926	0.01366	0.02028	0.01547	0.01574	0.14459	0.01431	0.02144	0.01023	0.01157	0.00757	0.00558	0.00498	0.00170	0.00722	0.00407	0.00314	0.00823
11	0.01151	0.02787	0.69535	0.06267	0.02584	0.01330	0.04920	0.01791	0.01209	0.01791	0.01031	0.01240	0.00732	0.00543	0.00550	0.00182	0.00845	0.00438	0.00244	0.00830
12	0.11146	0.48681	0.24001	0.01139	0.01715	0.01879	0.01263	0.01737	0.01153	0.01624	0.00862	0.01002	0.00718	0.00510	0.00416	0.00146	0.00659	0.00340	0.00257	0.00753
13	0.00904	0.00740	0.01086	0.01036	0.01117	0.00922	0.00822	0.01092	0.00911	0.01338	0.01376	0.02048	0.01294	0.03633	0.62494	0.00786	0.16982	0.00590	0.00295	0.00534
14	0.01147	0.02959	0.76934	0.01630	0.02476	0.01328	0.02113	0.01811	0.01208	0.01811	0.01026	0.01208	0.00725	0.00543	0.00543	0.00181	0.00845	0.00423	0.00242	0.00845
15	0.01966	0.01499	0.01599	0.01274	0.01695	0.01677	0.01037	0.54662	0.22789	0.03269	0.01638	0.01584	0.01187	0.00711	0.00575	0.00178	0.00580	0.00551	0.00575	0.00954
16	0.01147	0.02959	0.76934	0.01630	0.02476	0.01328	0.02113	0.01811	0.01208	0.01811	0.01026	0.01208	0.00725	0.00543	0.00543	0.00181	0.00845	0.00423	0.00242	0.00845
17	0.01147	0.02959	0.76934	0.01630	0.02476	0.01328	0.02113	0.01811	0.01208	0.01811	0.01026	0.01208	0.00725	0.00543	0.00543	0.00181	0.00845	0.00423	0.00242	0.00845
18	0.01350	0.01543	0.03375	0.02411	0.02989	0.01446	0.74253	0.01832	0.01350	0.01832	0.01157	0.01543	0.00868	0.00482	0.00675	0.00193	0.00964	0.00675	0.00289	0.00771
19	0.00696	0.00500	0.00661	0.00791	0.00828	0.00465	0.00528	0.00797	0.01101	0.01462	0.03224	0.77520	0.05742	0.01783	0.00729	0.00231	0.00331	0.01615	0.00531	0.00465
20	0.01350	0.01543	0.03375	0.02411	0.02989	0.01446	0.74253	0.01832	0.01350	0.01832	0.01157	0.01543	0.00868	0.00482	0.00675	0.00193	0.00964	0.00675	0.00289	0.00771
21	0.01637	0.06879	0.01827	0.01392	0.01623	0.04008	0.07281	0.01969	0.08585	0.19351	0.01307	0.01498	0.01016	0.00815	0.01185	0.00210	0.37733	0.00529	0.00396	0.00757
22	0.01080	0.01017	0.01716	0.78523	0.03940	0.01271	0.01589	0.01461	0.01144	0.01461	0.01017	0.01525	0.00762	0.00572	0.00572	0.00191	0.00762	0.00508	0.00254	0.00635
23	0.00686	0.00580	0.00593	0.00590	0.00779	0.00487	0.00442	0.00840	0.01327	0.01600	0.10946	0.05414	0.70912	0.01428	0.00676	0.00192	0.00288	0.01195	0.00538	0.00487
24	0.00697	0.00498	0.00664	0.00796	0.00830	0.00465	0.00531	0.00796	0.01095	0.01460	0.03153	0.79525	0.03783	0.01792	0.00730	0.00232	0.00332	0.01626	0.00531	0.00465
25	0.01507	0.01211	0.01301	0.01158	0.01488	0.01378	0.00910	0.05997	0.65367	0.06874	0.02306	0.02233	0.01744	0.00795	0.00588	0.00194	0.00465	0.02999	0.00587	0.00900
26	0.02494	0.01011	0.01341	0.01037	0.01474	0.00907	0.00854	0.05674	0.05303	0.70135	0.02225	0.01933	0.01414	0.00710	0.00575	0.00178	0.00491	0.00576	0.00696	0.00970
27	0.02566	0.00973	0.01327	0.01018	0.01460	0.00841	0.00841	0.02788	0.01637	0.76726	0.02257	0.01947	0.01416	0.00708	0.00575	0.00177	0.00487	0.00575	0.00708	0.00973
28	0.00697	0.00498	0.00664	0.00796	0.00830	0.00465	0.00531	0.00796	0.01095	0.01460	0.03153	0.79525	0.03783	0.01792	0.00730	0.00232	0.00332	0.01626	0.00531	0.00465
29	0.03220	0.06834	0.68120	0.01608	0.02412	0.01380	0.05084	0.01804	0.01206	0.01807	0.01014	0.01200	0.00729	0.00538	0.00535	0.00179	0.00828	0.00425	0.00246	0.00831
30	0.00842	0.00554	0.00620	0.00620	0.00626	0.00554	0.00349	0.00853	0.00847	0.01152	0.01805	0.03675	0.02054	0.76551	0.02805	0.00537	0.00542	0.00819	0.03841	0.00354
31	0.00810	0.00585	0.00765	0.00720	0.00855	0.00540	0.00540	0.01079	0.01619	0.02294	0.76028	0.04273	0.05397	0.01169	0.00675	0.00180	0.00270	0.01034	0.00630	0.00540
32	0.01186	0.01017	0.01186	0.00847	0.01356	0.00762	0.00678	0.01440	0.01186	0.01864	0.01017	0.01186	0.00847	0.00424	0.00424	0.00085	0.00424	0.00339	0.00339	0.83395
33	0.01772	0.06534	0.04425	0.01216	0.05913	0.00986	0.04500	0.04438	0.05087	0.35334	0.03982	0.19501	0.01923	0.00924	0.00602	0.00187	0.00507	0.00804	0.00558	0.00808
34	0.01192	0.01164	0.01655	0.01425	0.01447	0.01591	0.02678	0.01327	0.00888	0.01370	0.00882	0.01463	0.00878	0.04672	0.09473	0.00329	0.66170	0.00529	0.00261	0.00605
35	0.83938	0.01106	0.00841	0.00752	0.01106	0.01283	0.00619	0.01681	0.00973	0.02566	0.00796	0.00929	0.00619	0.00531	0.00354	0.00177	0.00442	0.00310	0.00354	0.00619
36	0.00994	0.00497	0.00745	0.00745	0.00745	0.00497	0.00497	0.00745	0.00745	0.00994	0.00994	0.01739	0.00994	0.01987	0.02235	0.83358	0.00497	0.00497	0.00248	0.00248
37	0.01626	0.01330	0.01408	0.01205	0.01565	0.01518	0.00954	0.22322	0.55684	0.02720	0.02070	0.01929	0.01537	0.00752	0.00579	0.00188	0.00500	0.00611	0.00579	0.00924
38	0.01996	0.01002	0.05725	0.01035	0.01409	0.00818	0.00897	0.03699	0.01543	0.50006	0.05979	0.08390	0.02024	0.00934	0.00623	0.00195	0.00495	0.11758	0.00632	0.00838
39	0.01204	0.14453	0.65938	0.01533	0.02326	0.01467	0.01945	0.01797	0.01201	0.01742	0.00992	0.01164	0.00726	0.00535	0.00517	0.00172	0.00811	0.00405	0.00242	0.00829
40	0.02566	0.00973	0.01327	0.01018	0.01460	0.00841	0.00841	0.02788	0.01637	0.76726	0.02257	0.01947	0.01416	0.00708	0.00575	0.00177	0.00487	0.00575	0.00708	0.00973
41	0.00686	0.00580	0.00593	0.00590	0.00779	0.00487	0.00442	0.00840	0.01327	0.01600	0.10946	0.05414	0.70912	0.01428	0.00676	0.00192	0.00288	0.01195	0.00538	0.00487
42	0.02535	0.01024	0.01358	0.01041	0.01485	0.00915	0.00860	0.08501	0.01721	0.70894	0.02186	0.01901	0.01381	0.00706	0.00575	0.00177	0.00498	0.00570	0.00697	0.00973
43	0.01545	0.02377	0.54356	0.01478	0.02206	0.01196	0.03378	0.02082	0.01330	0.22550	0.01370	0.01420	0.00919	0.00588	0.00555	0.00180	0.00749	0.00471	0.00372	0.00879
44	0.77970	0.01096	0.00876	0.00772	0.01132	0.01251	0.00636	0.01763	0.01022	0.08006	0.00904	0.01004	0.00678	0.00544	0.00370	0.00177	0.00446	0.00329	0.00380	0.00645
45	0.02566	0.00973	0.01327	0.01018	0.01460	0.00841	0.00841	0.02788	0.01637	0.76726	0.02257	0.01947	0.01416	0.00708	0.00575	0.00177	0.00487	0.00575	0.00708	0.00973

[dist]
# distance from previous block
# <min> <max>
0	76

[block]
# block no. 3 follows, 41 sequences, length 36
# corresponding to MSA columns:
# 245-280
name=unknown_D
#
# <colnr> <probs for GDERKNQSTAVLIFYWHMCP>
#	G	D	E	R	K	N	Q	S	T	A	V	L	I	F	Y	W	H	M	C	P
0	0.01179	0.01209	0.02323	0.50659	0.03592	0.01335	0.28191	0.01597	0.01219	0.01597	0.01068	0.01532	0.00801	0.00539	0.00610	0.00191	0.00836	0.00569	0.00267	0.00685
1	0.02566	0.00973	0.01327	0.01018	0.01460	0.00841	0.00841	0.02788	0.01637	0.76726	0.02257	0.01947	0.01416	0.00708	0.00575	0.00177	0.00487	0.00575	0.00708	0.00973
2	0.00766	0.00546	0.00737	0.00861	0.00923	0.00522	0.00635	0.00913	0.01166	0.01546	0.05287	0.55271	0.03655	0.03603	0.00798	0.00247	0.00389	0.21126	0.00528	0.00481
3	0.15205	0.01523	0.01577	0.01226	0.01667	0.01696	0.01013	0.62830	0.02416	0.03439	0.01281	0.01302	0.00916	0.00662	0.00537	0.00173	0.00600	0.00482	0.00537	0.00916
4	0.00722	0.00594	0.00640	0.00651	0.00824	0.00521	0.00488	0.00923	0.03514	0.01636	0.11667	0.12724	0.57296	0.01443	0.00683	0.00199	0.00307	0.04127	0.00541	0.00501
5	0.00697	0.00498	0.00664	0.00796	0.00830	0.00465	0.00531	0.00796	0.01095	0.01460	0.03153	0.79525	0.03783	0.01792	0.00730	0.00232	0.00332	0.01626	0.00531	0.00465
6	0.00801	0.00572	0.00782	0.00909	0.00989	0.00554	0.00706	0.00979	0.01210	0.01597	0.05211	0.44627	0.03610	0.01679	0.00755	0.00245	0.00417	0.33331	0.00532	0.00495
7	0.00697	0.00498	0.00664	0.00796	0.00830	0.00465	0.00531	0.00796	0.01095	0.01460	0.03153	0.79525	0.03783	0.01792	0.00730	0.00232	0.00332	0.01626	0.00531	0.00465
8	0.01186	0.01017	0.01186	0.00847	0.01356	0.00762	0.00678	0.01440	0.01186	0.01864	0.01017	0.01186	0.00847	0.00424	0.00424	0.00085	0.00424	0.00339	0.00339	0.83395
9	0.01250	0.01257	0.01856	0.04697	0.01707	0.01686	0.06608	0.01415	0.00929	0.01425	0.00798	0.01282	0.00762	0.00931	0.01700	0.00240	0.68016	0.00510	0.00255	0.02675
10	0.02137	0.02726	0.01621	0.01474	0.01768	0.77602	0.01105	0.02284	0.01621	0.01400	0.00884	0.01031	0.00737	0.00589	0.00516	0.00147	0.01031	0.00368	0.00295	0.00663
11	0.00676	0.00579	0.00579	0.00579	0.00773	0.00483	0.00435	0.00821	0.01304	0.01545	0.05794	0.05505	0.76098	0.01449	0.00676	0.00193	0.00290	0.01207	0.00531	0.00483
12	0.01170	0.00999	0.01169	0.00846	0.01338	0.00753	0.00673	0.01419	0.01183	0.01850	0.01088	0.03801	0.00945	0.00469	0.00434	0.00090	0.00421	0.00382	0.00345	0.80626
13	0.01810	0.14318	0.07572	0.01115	0.01618	0.01400	0.01003	0.25888	0.01761	0.15599	0.01319	0.01340	0.00961	0.00581	0.00500	0.00143	0.00566	0.00440	0.00458	0.21608
14	0.02174	0.01602	0.01717	0.01316	0.01774	0.01774	0.01087	0.74423	0.02689	0.03605	0.01373	0.01373	0.00973	0.00687	0.00572	0.00172	0.00629	0.00515	0.00572	0.00973
15	0.00697	0.00498	0.00664	0.00796	0.00830	0.00465	0.00531	0.00796	0.01095	0.01460	0.03153	0.79525	0.03783	0.01792	0.00730	0.00232	0.00332	0.01626	0.00531	0.00465
16	0.05351	0.01880	0.01820	0.01963	0.22785	0.26398	0.01262	0.27330	0.01878	0.02352	0.01106	0.01255	0.00862	0.00598	0.00543	0.00163	0.00767	0.00457	0.00391	0.00838
17	0.00812	0.00654	0.00890	0.00943	0.00969	0.00732	0.00681	0.00917	0.01050	0.01443	0.02653	0.63253	0.03153	0.01628	0.00969	0.00236	0.16654	0.01392	0.00473	0.00498
18	0.00695	0.00505	0.00657	0.00778	0.00825	0.00466	0.00523	0.00798	0.01113	0.01467	0.03373	0.73349	0.09816	0.01763	0.00726	0.00229	0.00328	0.01591	0.00531	0.00466
19	0.01555	0.01295	0.01368	0.01191	0.01538	0.01485	0.00937	0.15628	0.62492	0.02606	0.02160	0.02000	0.01610	0.00760	0.00580	0.00190	0.00484	0.00623	0.00580	0.00917
20	0.02073	0.01553	0.01632	0.01285	0.01717	0.04016	0.01050	0.58266	0.13814	0.06336	0.01542	0.01504	0.01103	0.00698	0.00572	0.00175	0.00609	0.00533	0.00571	0.00953
21	0.00875	0.00625	0.00868	0.01000	0.01111	0.00618	0.00840	0.01104	0.01270	0.01659	0.03054	0.21735	0.03395	0.01624	0.00778	0.00257	0.00486	0.57661	0.00528	0.00514
22	0.00804	0.00588	0.00756	0.00723	0.00863	0.00540	0.00549	0.01063	0.01579	0.02204	0.66764	0.04477	0.11227	0.01212	0.00680	0.00185	0.00283	0.04353	0.00617	0.00534
23	0.01529	0.80242	0.02997	0.00979	0.01468	0.02263	0.00979	0.01713	0.01162	0.01346	0.00795	0.00918	0.00734	0.00489	0.00367	0.00122	0.00612	0.00306	0.00245	0.00734
24	0.01506	0.75564	0.07473	0.01018	0.01529	0.02207	0.01047	0.01719	0.01165	0.01374	0.00809	0.00935	0.00733	0.00493	0.00378	0.00126	0.00626	0.00313	0.00244	0.00741
25	0.00841	0.00631	0.00810	0.00893	0.01044	0.00599	0.00755	0.01069	0.01326	0.01686	0.07107	0.06065	0.25713	0.01522	0.00750	0.00238	0.00443	0.47462	0.00533	0.00514
26	0.00994	0.00497	0.00745	0.00745	0.00745	0.00497	0.00497	0.00745	0.00745	0.00994	0.00994	0.01739	0.00994	0.01987	0.02235	0.83358	0.00497	0.00497	0.00248	0.00248
27	0.01147	0.01097	0.01551	0.01361	0.01386	0.01502	0.01122	0.01291	0.00886	0.01365	0.00939	0.01492	0.00915	0.01795	0.20163	0.00412	0.60188	0.00528	0.00264	0.00598
28	0.00840	0.00647	0.00964	0.00950	0.01047	0.00771	0.00744	0.01040	0.00917	0.01330	0.01490	0.02194	0.01394	0.04114	0.73569	0.00883	0.05678	0.00607	0.00303	0.00517
29	0.02566	0.00973	0.01327	0.01018	0.01460	0.00841	0.00841	0.02788	0.01637	0.76726	0.02257	0.01947	0.01416	0.00708	0.00575	0.00177	0.00487	0.00575	0.00708	0.00973
30	0.83938	0.01106	0.00841	0.00752	0.01106	0.01283	0.00619	0.01681	0.00973	0.02566	0.00796	0.00929	0.00619	0.00531	0.00354	0.00177	0.00442	0.00310	0.00354	0.00619
31	0.01529	0.80242	0.02997	0.00979	0.01468	0.02263	0.00979	0.01713	0.01162	0.01346	0.00795	0.00918	0.00734	0.00489	0.00367	0.00122	0.00612	0.00306	0.00245	0.00734
32	0.01285	0.01416	0.02975	0.20783	0.03219	0.01404	0.56713	0.01743	0.01300	0.01743	0.01123	0.01539	0.00842	0.00504	0.00650	0.00192	0.00916	0.00635	0.00281	0.00739
33	0.02174	0.01602	0.01717	0.01316	0.01774	0.01774	0.01087	0.74423	0.02689	0.03605	0.01373	0.01373	0.00973	0.00687	0.00572	0.00172	0.00629	0.00515	0.00572	0.00973
34	0.01423	0.01229	0.01293	0.01164	0.01487	0.01423	0.00905	0.03039	0.75297	0.02393	0.02328	0.02134	0.01746	0.00776	0.00582	0.00194	0.00453	0.00647	0.00582	0.00905
35	0.01550	0.77580	0.02950	0.00996	0.01478	0.04851	0.00983	0.01732	0.01178	0.01348	0.00798	0.00921	0.00734	0.00493	0.00372	0.00123	0.00626	0.00308	0.00246	0.00732

[dist]
# distance from previous block
# <min> <max>
2	84

# created by:
# /software/SequenceAnalysis/GenePrediction/augustus/3.0.1/scripts/msa2prfl.pl ./fixed/BUSCOvEOG7XD560.fas
