[name]
unknown

[dist]
# distance from previous block
# <min> <max>
3	20

[block]
# block no. 0 follows, 40 sequences, length 6
# corresponding to MSA columns:
# 26-31
name=unknown_A
#
# <colnr> <probs for GDERKNQSTAVLIFYWHMCP>
#	G	D	E	R	K	N	Q	S	T	A	V	L	I	F	Y	W	H	M	C	P
0	0.01374	0.01315	0.02242	0.17860	0.62155	0.01365	0.01752	0.01727	0.01293	0.01821	0.01082	0.01461	0.00893	0.00530	0.00577	0.00177	0.00707	0.00518	0.00282	0.00868
1	0.01535	0.01158	0.01544	0.01123	0.01633	0.00985	0.09171	0.10110	0.01465	0.12349	0.01266	0.01376	0.00958	0.00508	0.00499	0.00122	0.00527	0.00438	0.00418	0.52814
2	0.01084	0.00542	0.00542	0.00542	0.00678	0.00542	0.00407	0.01355	0.01220	0.02168	0.01897	0.02168	0.01491	0.00678	0.00407	0.00136	0.00271	0.00542	0.82791	0.00542
3	0.00951	0.00787	0.01201	0.01622	0.23375	0.00761	0.00915	0.01161	0.01286	0.01783	0.17402	0.40537	0.03305	0.01301	0.00681	0.00206	0.00431	0.01190	0.00485	0.00623
4	0.00761	0.00547	0.00722	0.00774	0.00855	0.00508	0.00544	0.00943	0.01360	0.01876	0.36673	0.44599	0.04604	0.01529	0.00716	0.00212	0.00308	0.01375	0.00586	0.00508
5	0.01209	0.00909	0.01289	0.40731	0.02514	0.01061	0.01104	0.08997	0.01348	0.01972	0.01399	0.01768	0.01069	0.00630	0.00515	0.00170	0.00570	0.00527	0.31576	0.00642

[dist]
# distance from previous block
# <min> <max>
0	3

[block]
# block no. 1 follows, 40 sequences, length 28
# corresponding to MSA columns:
# 35-62
name=unknown_B
#
# <colnr> <probs for GDERKNQSTAVLIFYWHMCP>
#	G	D	E	R	K	N	Q	S	T	A	V	L	I	F	Y	W	H	M	C	P
0	0.06833	0.01339	0.01689	0.34661	0.02717	0.01550	0.01297	0.37981	0.01943	0.02653	0.01202	0.01435	0.00874	0.00637	0.00568	0.00183	0.00687	0.00508	0.00427	0.00818
1	0.01221	0.01253	0.02441	0.34426	0.08448	0.01318	0.32900	0.01633	0.01264	0.01693	0.01229	0.05549	0.01005	0.00603	0.00631	0.00194	0.00825	0.00649	0.02003	0.00714
2	0.01301	0.14432	0.41345	0.02012	0.20225	0.01538	0.01814	0.01779	0.01219	0.01749	0.00998	0.01237	0.00785	0.00571	0.00633	0.00177	0.06648	0.00439	0.00257	0.00840
3	0.01526	0.01407	0.02381	0.07220	0.02393	0.01457	0.34739	0.20370	0.06758	0.02325	0.01412	0.04552	0.01111	0.00654	0.00677	0.00190	0.03786	0.00651	0.05586	0.00804
4	0.01102	0.01036	0.01450	0.01287	0.01332	0.01383	0.01054	0.01254	0.00936	0.01398	0.01377	0.01887	0.06622	0.02004	0.23273	0.00444	0.50680	0.00596	0.00292	0.00592
5	0.83671	0.01125	0.00855	0.00765	0.01125	0.01305	0.00630	0.01709	0.00990	0.02609	0.00810	0.00945	0.00630	0.00540	0.00360	0.00180	0.00450	0.00315	0.00360	0.00630
6	0.00878	0.00599	0.00787	0.00753	0.00890	0.00551	0.00559	0.01129	0.01580	0.05102	0.63681	0.13653	0.05124	0.01250	0.00689	0.00189	0.00291	0.01109	0.00631	0.00556
7	0.02150	0.00888	0.01202	0.00957	0.01326	0.00776	0.00776	0.02388	0.01660	0.57318	0.21142	0.02587	0.02480	0.00840	0.00611	0.00181	0.00438	0.00705	0.00699	0.00876
8	0.02083	0.00873	0.01181	0.00945	0.01303	0.00765	0.00765	0.02322	0.01659	0.54536	0.23899	0.02676	0.02632	0.00858	0.00615	0.00181	0.00430	0.00722	0.00696	0.00860
9	0.07608	0.01359	0.01480	0.01155	0.01602	0.01423	0.00942	0.37767	0.12205	0.11519	0.01528	0.01505	0.01102	0.00654	0.00541	0.00163	0.00547	0.00502	0.00541	0.15857
10	0.03708	0.01218	0.01282	0.01039	0.01380	0.01333	0.00841	0.43026	0.06278	0.03050	0.01611	0.01697	0.01199	0.00692	0.00516	0.00162	0.00497	0.00533	0.29115	0.00821
11	0.00706	0.00517	0.00663	0.00780	0.00836	0.00475	0.00527	0.00813	0.01142	0.01496	0.03562	0.69417	0.13382	0.01776	0.00735	0.00231	0.00332	0.01597	0.00540	0.00475
12	0.01411	0.21350	0.40120	0.06364	0.05897	0.01541	0.04926	0.01883	0.01263	0.08484	0.01108	0.01270	0.00821	0.00552	0.00521	0.00170	0.00760	0.00436	0.00295	0.00830
13	0.01290	0.21611	0.48453	0.01605	0.02339	0.01600	0.11794	0.01820	0.01237	0.01729	0.01005	0.01203	0.00759	0.00530	0.00527	0.00171	0.00818	0.00436	0.00253	0.00821
14	0.00709	0.00506	0.00675	0.00810	0.00843	0.00472	0.00540	0.00810	0.01113	0.01484	0.03205	0.79184	0.03846	0.01822	0.00742	0.00236	0.00337	0.01653	0.00540	0.00472
15	0.01195	0.01123	0.01893	0.45453	0.30043	0.01267	0.01601	0.01547	0.01218	0.01637	0.01209	0.07007	0.01046	0.00646	0.00591	0.00189	0.00713	0.00598	0.00289	0.00734
16	0.01535	0.06491	0.11715	0.04036	0.06001	0.05022	0.03986	0.25730	0.06852	0.02362	0.02035	0.06717	0.11484	0.00829	0.00622	0.00183	0.02476	0.00672	0.00448	0.00804
17	0.01439	0.01382	0.02360	0.03569	0.75936	0.01382	0.01785	0.01785	0.01324	0.01900	0.01094	0.01439	0.00921	0.00518	0.00576	0.00173	0.00691	0.00518	0.00288	0.00921
18	0.28544	0.01033	0.01191	0.00948	0.01369	0.00999	0.00783	0.02474	0.01449	0.52749	0.01819	0.01648	0.01180	0.00662	0.00513	0.00180	0.00480	0.00498	0.00605	0.00875
19	0.12645	0.00754	0.00815	0.05609	0.01096	0.00803	0.00608	0.05909	0.01296	0.06899	0.03268	0.01955	0.01377	0.00893	0.05151	0.00201	0.00443	0.00527	0.49136	0.00615
20	0.01440	0.33689	0.27118	0.01688	0.12372	0.01775	0.06117	0.06317	0.01326	0.01774	0.00986	0.01170	0.00791	0.00531	0.00494	0.00159	0.00734	0.00416	0.00277	0.00826
21	0.01185	0.00871	0.01069	0.01169	0.11489	0.00851	0.00752	0.11306	0.03003	0.06590	0.03369	0.09086	0.30034	0.10356	0.00903	0.00231	0.00447	0.00921	0.05723	0.00646
22	0.00724	0.00513	0.00670	0.00789	0.00819	0.00483	0.00518	0.00814	0.01082	0.01443	0.03046	0.70451	0.03646	0.10828	0.00999	0.00274	0.00364	0.01560	0.00518	0.00458
23	0.23991	0.01153	0.04157	0.00995	0.01443	0.01055	0.00850	0.07432	0.01509	0.43051	0.01692	0.01575	0.01121	0.00642	0.00512	0.00173	0.00502	0.00484	0.00567	0.07095
24	0.00837	0.00652	0.00701	0.00683	0.00845	0.00601	0.00494	0.05922	0.01337	0.01673	0.08548	0.10128	0.46229	0.16065	0.01112	0.00267	0.00376	0.02517	0.00513	0.00502
25	0.13034	0.44619	0.02242	0.01051	0.01467	0.16236	0.00939	0.06228	0.01341	0.01741	0.00930	0.01062	0.00792	0.00546	0.00415	0.00141	0.00658	0.00351	0.05489	0.00718
26	0.01517	0.01518	0.06535	0.02205	0.33773	0.06534	0.01351	0.11501	0.04813	0.02123	0.01160	0.01366	0.00930	0.00540	0.00535	0.00151	0.00642	0.00465	0.00354	0.21989
27	0.07000	0.12313	0.01779	0.01205	0.01638	0.01707	0.01011	0.51330	0.02253	0.06405	0.01445	0.06716	0.01152	0.00739	0.00551	0.00172	0.00598	0.00562	0.00525	0.00898

[dist]
# distance from previous block
# <min> <max>
0	1

[block]
# block no. 2 follows, 40 sequences, length 40
# corresponding to MSA columns:
# 64-103
name=unknown_C
#
# <colnr> <probs for GDERKNQSTAVLIFYWHMCP>
#	G	D	E	R	K	N	Q	S	T	A	V	L	I	F	Y	W	H	M	C	P
0	0.01930	0.10677	0.10721	0.03876	0.01827	0.01267	0.07018	0.02511	0.15945	0.35359	0.01849	0.01755	0.01271	0.00664	0.00565	0.00179	0.00596	0.00554	0.00532	0.00903
1	0.01327	0.01105	0.01271	0.00919	0.01429	0.00899	0.00739	0.10200	0.01390	0.02108	0.01077	0.01229	0.00877	0.00463	0.00449	0.00097	0.00456	0.00366	0.00373	0.73227
2	0.00788	0.00589	0.00731	0.00704	0.00849	0.00533	0.00525	0.01027	0.01551	0.02126	0.57003	0.08038	0.20833	0.01280	0.00689	0.00188	0.00282	0.01118	0.00614	0.00533
3	0.01458	0.01251	0.01375	0.01317	0.06228	0.01421	0.00965	0.07270	0.62406	0.02435	0.02387	0.02232	0.05050	0.00797	0.00594	0.00194	0.00478	0.00666	0.00569	0.00905
4	0.00748	0.00536	0.00710	0.00783	0.00852	0.00499	0.00543	0.00909	0.01297	0.01776	0.28116	0.53442	0.04411	0.01604	0.00723	0.00218	0.00316	0.01446	0.00574	0.00499
5	0.00823	0.00594	0.00777	0.00732	0.00869	0.00549	0.00549	0.01097	0.01646	0.02332	0.75629	0.04344	0.05487	0.01189	0.00686	0.00183	0.00274	0.01052	0.00640	0.00549
6	0.00709	0.00506	0.00675	0.00810	0.00843	0.00472	0.00540	0.00810	0.01113	0.01484	0.03205	0.79184	0.03846	0.01822	0.00742	0.00236	0.00337	0.01653	0.00540	0.00472
7	0.02200	0.05799	0.19758	0.01184	0.01736	0.01055	0.01178	0.02533	0.01532	0.54092	0.01908	0.01739	0.01230	0.00667	0.00565	0.00178	0.00591	0.00532	0.00578	0.00945
8	0.06256	0.02854	0.58923	0.01576	0.02308	0.14638	0.01879	0.01918	0.01287	0.01814	0.01004	0.01180	0.00732	0.00560	0.00536	0.00178	0.00868	0.00413	0.00262	0.00813
9	0.01555	0.79913	0.03047	0.00995	0.01493	0.02301	0.00995	0.01741	0.01182	0.01368	0.00808	0.00933	0.00746	0.00498	0.00373	0.00124	0.00622	0.00311	0.00249	0.00746
10	0.83671	0.01125	0.00855	0.00765	0.01125	0.01305	0.00630	0.01709	0.00990	0.02609	0.00810	0.00945	0.00630	0.00540	0.00360	0.00180	0.00450	0.00315	0.00360	0.00630
11	0.01446	0.01249	0.01315	0.01183	0.01512	0.01446	0.00920	0.03090	0.74885	0.02433	0.02367	0.02170	0.01775	0.00789	0.00592	0.00197	0.00460	0.00657	0.00592	0.00920
12	0.00695	0.00589	0.00600	0.00597	0.00790	0.00494	0.00448	0.00850	0.01344	0.01616	0.09996	0.05523	0.71567	0.01456	0.00687	0.00196	0.00293	0.01217	0.00546	0.00494
13	0.00823	0.00594	0.00777	0.00732	0.00869	0.00549	0.00549	0.01097	0.01646	0.02332	0.75629	0.04344	0.05487	0.01189	0.00686	0.00183	0.00274	0.01052	0.00640	0.00549
14	0.01407	0.50758	0.30913	0.01246	0.01881	0.01941	0.01432	0.01779	0.01199	0.01548	0.00898	0.01045	0.00743	0.00518	0.00441	0.00147	0.00712	0.00356	0.00248	0.00789
15	0.01555	0.79913	0.03047	0.00995	0.01493	0.02301	0.00995	0.01741	0.01182	0.01368	0.00808	0.00933	0.00746	0.00498	0.00373	0.00124	0.00622	0.00311	0.00249	0.00746
16	0.01398	0.41647	0.26723	0.01460	0.02089	0.01852	0.13974	0.01795	0.01229	0.01606	0.00948	0.01138	0.00767	0.00514	0.00485	0.00156	0.00760	0.00414	0.00256	0.00789
17	0.01747	0.56347	0.02493	0.00979	0.01446	0.01846	0.00927	0.01940	0.01304	0.18977	0.01480	0.01475	0.05674	0.00612	0.00443	0.00142	0.00571	0.00433	0.00378	0.00787
18	0.00848	0.00612	0.00918	0.00918	0.01012	0.00706	0.00706	0.01012	0.00918	0.01318	0.01505	0.02235	0.01411	0.04138	0.70101	0.08775	0.01457	0.00612	0.00306	0.00494
19	0.00976	0.00665	0.00740	0.00701	0.00746	0.00682	0.00424	0.07828	0.01026	0.01370	0.01791	0.03576	0.02007	0.72036	0.02733	0.00527	0.00571	0.00815	0.00374	0.00413
20	0.00760	0.00566	0.00793	0.08209	0.01167	0.00563	0.00667	0.00899	0.01132	0.01500	0.02990	0.67302	0.03522	0.01690	0.00731	0.00234	0.00391	0.05878	0.00513	0.00493
21	0.01230	0.00585	0.00619	0.00589	0.00755	0.00572	0.00449	0.01496	0.01262	0.09247	0.01935	0.02150	0.01486	0.00682	0.00424	0.00140	0.00292	0.00546	0.74958	0.00585
22	0.00779	0.00577	0.00736	0.00845	0.00907	0.00565	0.00576	0.01027	0.08155	0.01575	0.03125	0.71833	0.03648	0.01723	0.00728	0.00232	0.00349	0.01558	0.00545	0.00515
23	0.01228	0.01067	0.01316	0.01120	0.08494	0.00833	0.00794	0.01495	0.01217	0.01895	0.01039	0.01228	0.00867	0.00439	0.00445	0.00094	0.00455	0.00361	0.00339	0.75273
24	0.02006	0.04962	0.01596	0.01183	0.01600	0.01495	0.00967	0.48767	0.02231	0.12441	0.01586	0.05837	0.01251	0.05433	0.00714	0.00194	0.00587	0.00592	0.00553	0.06006
25	0.02036	0.06826	0.01734	0.08788	0.01992	0.65881	0.01163	0.02210	0.01576	0.01426	0.00907	0.01090	0.00751	0.00592	0.00522	0.00153	0.00999	0.00385	0.00293	0.00675
26	0.01446	0.01249	0.01315	0.01183	0.01512	0.01446	0.00920	0.03090	0.74885	0.02433	0.02367	0.02170	0.01775	0.00789	0.00592	0.00197	0.00460	0.00657	0.00592	0.00920
27	0.01409	0.01339	0.02276	0.03421	0.71485	0.01339	0.01734	0.01750	0.01325	0.01890	0.01212	0.01744	0.01066	0.00583	0.00589	0.00178	0.00682	0.04776	0.00303	0.00898
28	0.00846	0.00564	0.00634	0.00634	0.00634	0.00564	0.00352	0.00846	0.00846	0.01128	0.01832	0.03805	0.02114	0.79563	0.02960	0.00564	0.00564	0.00846	0.00352	0.00352
29	0.00862	0.00620	0.00832	0.00848	0.00984	0.00590	0.00682	0.01134	0.01540	0.02128	0.50675	0.05106	0.04751	0.01332	0.00726	0.00212	0.00364	0.25462	0.00604	0.00544
30	0.01801	0.00793	0.01066	0.00922	0.01209	0.00698	0.00716	0.01991	0.01486	0.44179	0.09832	0.25364	0.05162	0.01121	0.00645	0.00198	0.00419	0.00971	0.00652	0.00775
31	0.00709	0.00506	0.00675	0.00810	0.00843	0.00472	0.00540	0.00810	0.01113	0.01484	0.03205	0.79184	0.03846	0.01822	0.00742	0.00236	0.00337	0.01653	0.00540	0.00472
32	0.07379	0.06026	0.01485	0.01116	0.01489	0.05644	0.00920	0.02532	0.10259	0.45224	0.01860	0.01736	0.01268	0.00730	0.00706	0.00185	0.09441	0.00538	0.00575	0.00885
33	0.16364	0.10891	0.08267	0.03995	0.03676	0.09480	0.01061	0.21301	0.01656	0.06965	0.01175	0.01280	0.00885	0.00597	0.00490	0.00161	0.00632	0.00430	0.04660	0.06035
34	0.04697	0.05746	0.05340	0.01878	0.14709	0.49989	0.05884	0.02132	0.01513	0.01591	0.00950	0.01149	0.00783	0.00570	0.00533	0.00158	0.00935	0.00417	0.00295	0.00734
35	0.01189	0.02859	0.69294	0.01775	0.05131	0.01359	0.06692	0.01841	0.01240	0.01845	0.01054	0.01257	0.00752	0.00547	0.00562	0.00185	0.00861	0.00449	0.00250	0.00857
36	0.01350	0.01260	0.02016	0.05485	0.55296	0.01286	0.01540	0.01834	0.10030	0.01918	0.01664	0.02111	0.05776	0.00680	0.00599	0.00184	0.00632	0.05123	0.00354	0.00861
37	0.01010	0.00505	0.00758	0.00758	0.00758	0.00505	0.00505	0.00758	0.00758	0.01010	0.01010	0.01768	0.01010	0.02020	0.02273	0.83081	0.00505	0.00505	0.00253	0.00253
38	0.01898	0.01132	0.02871	0.01093	0.01465	0.01127	0.00903	0.13104	0.22496	0.29945	0.03533	0.02406	0.03036	0.00821	0.00595	0.00188	0.00496	0.06155	0.05851	0.00887
39	0.03890	0.08399	0.01292	0.00958	0.01230	0.01010	0.00782	0.01307	0.01050	0.01594	0.01226	0.01666	0.01104	0.02189	0.33497	0.00474	0.08537	0.00481	0.02529	0.26785

[dist]
# distance from previous block
# <min> <max>
2	4

[block]
# block no. 3 follows, 40 sequences, length 11
# corresponding to MSA columns:
# 108-118
name=unknown_D
#
# <colnr> <probs for GDERKNQSTAVLIFYWHMCP>
#	G	D	E	R	K	N	Q	S	T	A	V	L	I	F	Y	W	H	M	C	P
0	0.01584	0.55607	0.18229	0.01138	0.01706	0.01951	0.01221	0.01876	0.01242	0.09290	0.01013	0.01104	0.00817	0.00532	0.00433	0.00143	0.00658	0.00364	0.00297	0.00795
1	0.53138	0.17671	0.01459	0.00907	0.01313	0.01595	0.00784	0.13584	0.01316	0.02523	0.00906	0.01016	0.00713	0.00557	0.00399	0.00167	0.00517	0.00348	0.00373	0.00713
2	0.52917	0.01202	0.01539	0.13825	0.01998	0.01337	0.16086	0.01705	0.01098	0.02269	0.00923	0.01174	0.00706	0.00536	0.00464	0.00186	0.00614	0.00426	0.00329	0.00665
3	0.01413	0.01174	0.01234	0.01085	0.01408	0.01305	0.00851	0.14260	0.47668	0.02455	0.02944	0.02759	0.17093	0.00917	0.00610	0.00193	0.00455	0.00755	0.00579	0.00842
4	0.02268	0.00933	0.01204	0.00949	0.01334	0.00844	0.00775	0.06614	0.01633	0.56664	0.02160	0.01985	0.01424	0.00710	0.00547	0.00170	0.00456	0.00572	0.17861	0.00896
5	0.01048	0.00616	0.01037	0.00934	0.00996	0.00606	0.08156	0.00873	0.00822	0.01099	0.01027	0.01747	0.00997	0.01861	0.02107	0.74432	0.00555	0.00524	0.00257	0.00308
6	0.00993	0.00772	0.00911	0.00855	0.01084	0.00703	0.00653	0.08640	0.01386	0.01865	0.04791	0.28719	0.18687	0.01298	0.00654	0.00192	0.00400	0.09083	0.00505	0.17809
7	0.06205	0.17907	0.05754	0.01139	0.01570	0.05956	0.01004	0.30238	0.04999	0.07959	0.01361	0.01414	0.01018	0.00637	0.00501	0.00160	0.00599	0.00467	0.10273	0.00838
8	0.09968	0.01520	0.14414	0.35722	0.03178	0.01354	0.22247	0.01676	0.01215	0.01771	0.01052	0.01438	0.00784	0.00546	0.00583	0.00191	0.00813	0.00529	0.00277	0.00719
9	0.01356	0.28371	0.35639	0.01297	0.01949	0.05604	0.01469	0.01772	0.01231	0.01670	0.00956	0.01116	0.00761	0.00517	0.00471	0.00146	0.00720	0.00373	0.00266	0.14317
10	0.01951	0.01234	0.01422	0.01135	0.01483	0.01310	0.00909	0.43130	0.02088	0.14971	0.05413	0.01726	0.01307	0.01004	0.00941	0.17500	0.00568	0.00558	0.00539	0.00812

[dist]
# distance from previous block
# <min> <max>
6	14

[block]
# block no. 4 follows, 40 sequences, length 10
# corresponding to MSA columns:
# 136-145
name=unknown_E
#
# <colnr> <probs for GDERKNQSTAVLIFYWHMCP>
#	G	D	E	R	K	N	Q	S	T	A	V	L	I	F	Y	W	H	M	C	P
0	0.23675	0.01320	0.11387	0.01005	0.01413	0.01122	0.00909	0.13573	0.01453	0.08885	0.08571	0.04751	0.01522	0.07174	0.00711	0.00202	0.00527	0.00559	0.00444	0.10796
1	0.01598	0.07642	0.10465	0.01059	0.01435	0.01043	0.00944	0.03529	0.13216	0.25022	0.05862	0.18137	0.02040	0.00940	0.00595	0.00188	0.00496	0.00796	0.02531	0.02463
2	0.01507	0.01465	0.01936	0.11944	0.38287	0.10564	0.01428	0.07686	0.01438	0.01934	0.01076	0.01359	0.00877	0.00535	0.00544	0.00157	0.00694	0.00469	0.00320	0.15778
3	0.01100	0.13623	0.01136	0.00797	0.00879	0.00802	0.00586	0.00920	0.00828	0.01069	0.00977	0.01630	0.00967	0.01769	0.01959	0.69377	0.00524	0.00473	0.00252	0.00334
4	0.01239	0.01454	0.14283	0.13580	0.36817	0.01218	0.04453	0.01584	0.01211	0.01709	0.01206	0.05507	0.01053	0.00915	0.04676	0.06709	0.00754	0.00573	0.00288	0.00769
5	0.01989	0.06208	0.05583	0.04449	0.01865	0.43211	0.03774	0.08081	0.01625	0.10802	0.01232	0.04827	0.01001	0.00674	0.00574	0.00165	0.02327	0.00490	0.00377	0.00745
6	0.00741	0.00547	0.00692	0.00749	0.00842	0.00499	0.00526	0.00903	0.01314	0.01762	0.26138	0.43787	0.16226	0.01568	0.00716	0.00213	0.00311	0.01396	0.00571	0.00499
7	0.02543	0.01095	0.01415	0.01085	0.01537	0.01011	0.00896	0.14590	0.01841	0.64333	0.02146	0.01883	0.01365	0.00716	0.00584	0.00179	0.00519	0.00575	0.00697	0.00990
8	0.03715	0.01197	0.07938	0.43244	0.03082	0.01190	0.12239	0.01496	0.01212	0.01638	0.01452	0.07608	0.01315	0.00777	0.00626	0.00205	0.00742	0.09347	0.00320	0.00658
9	0.01339	0.01503	0.03225	0.11704	0.03157	0.01449	0.64999	0.01817	0.01347	0.01817	0.01159	0.01566	0.00869	0.00501	0.00673	0.00196	0.00955	0.00666	0.00290	0.00767

[dist]
# distance from previous block
# <min> <max>
0	1

[block]
# block no. 5 follows, 40 sequences, length 72
# corresponding to MSA columns:
# 147-218
name=unknown_F
#
# <colnr> <probs for GDERKNQSTAVLIFYWHMCP>
#	G	D	E	R	K	N	Q	S	T	A	V	L	I	F	Y	W	H	M	C	P
0	0.00709	0.00506	0.00675	0.00810	0.00843	0.00472	0.00540	0.00810	0.01113	0.01484	0.03205	0.79184	0.03846	0.01822	0.00742	0.00236	0.00337	0.01653	0.00540	0.00472
1	0.07153	0.01323	0.02183	0.12055	0.62329	0.01366	0.01684	0.01745	0.01282	0.01901	0.01067	0.01418	0.00884	0.00527	0.00561	0.00176	0.00684	0.00504	0.00289	0.00869
2	0.05210	0.06008	0.41974	0.04893	0.02887	0.01402	0.22133	0.01868	0.01273	0.05330	0.01117	0.01345	0.00808	0.00541	0.00575	0.00185	0.00842	0.00502	0.00288	0.00820
3	0.01686	0.63517	0.02750	0.01102	0.01557	0.18226	0.01022	0.01865	0.01281	0.01380	0.00828	0.00957	0.00747	0.00519	0.00405	0.00130	0.00713	0.00324	0.00260	0.00731
4	0.00731	0.00528	0.00690	0.00809	0.00863	0.00493	0.00560	0.00849	0.01147	0.01515	0.04522	0.64913	0.08812	0.03930	0.00804	0.00244	0.00355	0.07221	0.00536	0.00477
5	0.02130	0.01509	0.01674	0.01308	0.01729	0.01676	0.01077	0.56174	0.07870	0.11032	0.01518	0.01506	0.01079	0.00729	0.00676	0.00182	0.06059	0.00539	0.00574	0.00959
6	0.02144	0.01814	0.06371	0.01354	0.01816	0.11961	0.01150	0.52546	0.04660	0.08292	0.01399	0.01403	0.00996	0.00680	0.00573	0.00173	0.00694	0.00506	0.00532	0.00936
7	0.00794	0.00662	0.00670	0.00642	0.00857	0.00583	0.00488	0.05954	0.01424	0.01717	0.05577	0.05303	0.70472	0.01419	0.00680	0.00195	0.00319	0.01178	0.00543	0.00526
8	0.00695	0.00584	0.00603	0.00611	0.00793	0.00492	0.00453	0.00844	0.01325	0.01598	0.08755	0.10690	0.67599	0.01485	0.00691	0.00199	0.00297	0.01249	0.00544	0.00492
9	0.00782	0.00576	0.00742	0.00856	0.00920	0.00563	0.00595	0.01017	0.07030	0.01576	0.03130	0.68478	0.03649	0.01726	0.00734	0.00235	0.00360	0.05976	0.00544	0.00512
10	0.00864	0.00632	0.00839	0.00955	0.01055	0.00630	0.00747	0.01149	0.06378	0.01667	0.03089	0.40703	0.03474	0.01651	0.00759	0.00248	0.00436	0.33647	0.00541	0.00532
11	0.02117	0.01533	0.01659	0.01293	0.01727	0.01684	0.01059	0.66898	0.02591	0.05532	0.01548	0.06855	0.01201	0.00777	0.00593	0.00179	0.00615	0.00604	0.00583	0.00953
12	0.01255	0.06034	0.68331	0.01608	0.02425	0.01421	0.02029	0.06886	0.01331	0.01950	0.01059	0.01228	0.00755	0.00560	0.00547	0.00181	0.00834	0.00431	0.00269	0.00864
13	0.04303	0.04970	0.41435	0.01527	0.03335	0.01349	0.06681	0.07147	0.07300	0.14335	0.01375	0.01446	0.00963	0.00602	0.00560	0.00182	0.00736	0.00491	0.00383	0.00879
14	0.03074	0.63754	0.11730	0.01094	0.01630	0.02134	0.01134	0.06808	0.01292	0.01609	0.00878	0.01001	0.00760	0.00519	0.00409	0.00136	0.00648	0.00340	0.00274	0.00775
15	0.00717	0.00514	0.00693	0.00818	0.00857	0.00490	0.00553	0.00826	0.01101	0.01475	0.03090	0.73803	0.03679	0.02000	0.06096	0.00285	0.00423	0.01581	0.00524	0.00476
16	0.01373	0.01569	0.03431	0.02451	0.03039	0.01471	0.73824	0.01863	0.01373	0.01863	0.01176	0.01569	0.00882	0.00490	0.00686	0.00196	0.00980	0.00686	0.00294	0.00784
17	0.01302	0.00867	0.01052	0.00966	0.01206	0.00868	0.00772	0.07423	0.13500	0.11696	0.29376	0.04002	0.08523	0.01142	0.00684	0.00207	0.00424	0.14665	0.00619	0.00708
18	0.00738	0.00528	0.00696	0.00829	0.00865	0.00490	0.00553	0.00832	0.01131	0.01511	0.03223	0.78877	0.03859	0.01835	0.00753	0.00241	0.00348	0.01657	0.00548	0.00487
19	0.00984	0.00706	0.00790	0.00739	0.00953	0.00640	0.00561	0.02462	0.06616	0.07861	0.22572	0.06109	0.44207	0.01302	0.00683	0.00197	0.00334	0.01094	0.00592	0.00598
20	0.01552	0.70136	0.10643	0.01092	0.01624	0.03652	0.01128	0.01781	0.01213	0.01445	0.00863	0.01005	0.00772	0.00524	0.00407	0.00136	0.00664	0.00334	0.00259	0.00770
21	0.01289	0.00715	0.00921	0.00812	0.01037	0.00637	0.00627	0.01528	0.01630	0.20993	0.48877	0.03912	0.12417	0.01118	0.00672	0.00189	0.00343	0.00960	0.00657	0.00668
22	0.01314	0.01128	0.01402	0.01013	0.01531	0.00907	0.05306	0.06584	0.01340	0.02041	0.01096	0.01280	0.00898	0.00472	0.00470	0.00105	0.00489	0.00388	0.00367	0.71868
23	0.01141	0.00647	0.00718	0.06327	0.01004	0.00666	0.00547	0.04316	0.01324	0.02213	0.06997	0.02278	0.01721	0.00725	0.00458	0.00150	0.00334	0.00584	0.67267	0.00583
24	0.01969	0.06980	0.06339	0.01215	0.01683	0.01491	0.01052	0.40715	0.03530	0.13696	0.01716	0.04063	0.04174	0.00741	0.00574	0.00173	0.00595	0.00571	0.00542	0.08185
25	0.01457	0.51740	0.23709	0.01316	0.01923	0.01977	0.07156	0.01797	0.01227	0.01567	0.00933	0.01106	0.00781	0.00531	0.00461	0.00152	0.00726	0.00384	0.00261	0.00795
26	0.00738	0.00528	0.00696	0.00829	0.00865	0.00490	0.00553	0.00832	0.01131	0.01511	0.03223	0.78877	0.03859	0.01835	0.00753	0.00241	0.00348	0.01657	0.00548	0.00487
27	0.02537	0.01030	0.01365	0.01065	0.01506	0.00918	0.00871	0.02867	0.07538	0.70120	0.02322	0.02030	0.01490	0.00743	0.00597	0.00186	0.00501	0.00599	0.00717	0.00997
28	0.07372	0.01657	0.05895	0.05773	0.02517	0.06254	0.37757	0.19207	0.01684	0.02317	0.01247	0.03273	0.00965	0.00608	0.00629	0.00192	0.00842	0.00612	0.00380	0.00819
29	0.01517	0.02364	0.52841	0.01458	0.02168	0.01189	0.01731	0.02046	0.01379	0.19823	0.06592	0.01665	0.01265	0.00656	0.00581	0.00188	0.00739	0.00520	0.00397	0.00882
30	0.00765	0.00548	0.00724	0.00837	0.00891	0.00511	0.00578	0.00888	0.01204	0.01621	0.11225	0.66056	0.04009	0.01751	0.00751	0.00237	0.00353	0.05993	0.00559	0.00500
31	0.31966	0.01316	0.04594	0.08675	0.01600	0.07320	0.00911	0.11824	0.01402	0.06200	0.01250	0.02716	0.00974	0.00659	0.00524	0.00180	0.03145	0.00463	0.13570	0.00712
32	0.01227	0.03801	0.07144	0.01811	0.02240	0.01219	0.43960	0.01577	0.01266	0.01727	0.06552	0.02297	0.01514	0.19585	0.01226	0.00286	0.00819	0.00730	0.00338	0.00681
33	0.01984	0.01596	0.01935	0.01584	0.06558	0.03787	0.09492	0.50840	0.04589	0.03120	0.01365	0.01455	0.01006	0.00659	0.00592	0.00175	0.00680	0.00536	0.00512	0.07534
34	0.01181	0.01260	0.15883	0.04634	0.01571	0.00940	0.08581	0.01541	0.01232	0.01996	0.01498	0.01790	0.01173	0.00644	0.00571	0.00162	0.04902	0.00523	0.41805	0.08115
35	0.03027	0.01266	0.08841	0.01437	0.10149	0.01056	0.04374	0.07936	0.04816	0.32516	0.15003	0.02279	0.03054	0.00780	0.00613	0.00186	0.00552	0.00662	0.00574	0.00879
36	0.01686	0.01283	0.01845	0.02327	0.37505	0.01318	0.01337	0.02423	0.25347	0.15992	0.01760	0.01815	0.01322	0.00663	0.00594	0.00187	0.00588	0.00585	0.00477	0.00947
37	0.01125	0.00742	0.00916	0.00831	0.01035	0.00708	0.00634	0.01545	0.10768	0.10826	0.52077	0.03927	0.10275	0.01124	0.00674	0.00190	0.00335	0.00969	0.00643	0.00656
38	0.01383	0.01611	0.05792	0.03684	0.02982	0.01491	0.66578	0.01852	0.01359	0.01859	0.01178	0.01580	0.00896	0.00537	0.00747	0.00203	0.04502	0.00675	0.00300	0.00791
39	0.35892	0.06823	0.07028	0.05931	0.01678	0.07447	0.04956	0.06918	0.05938	0.04616	0.06594	0.01476	0.01185	0.00641	0.00494	0.00182	0.00602	0.00469	0.00400	0.00731
40	0.00738	0.00528	0.00696	0.00829	0.00865	0.00490	0.00553	0.00832	0.01131	0.01511	0.03223	0.78877	0.03859	0.01835	0.00753	0.00241	0.00348	0.01657	0.00548	0.00487
41	0.01399	0.01585	0.03440	0.02463	0.03051	0.01484	0.73512	0.01880	0.01389	0.01887	0.01204	0.01606	0.00909	0.00509	0.00697	0.00201	0.00988	0.00694	0.00304	0.00798
42	0.01771	0.09107	0.12861	0.01788	0.12428	0.35893	0.01386	0.04396	0.01450	0.01645	0.00967	0.01201	0.00808	0.00649	0.00721	0.00176	0.11262	0.00430	0.00299	0.00762
43	0.01420	0.01221	0.01282	0.01159	0.01480	0.01393	0.00898	0.02944	0.69428	0.02394	0.02635	0.02444	0.06971	0.00854	0.00610	0.00202	0.00458	0.00705	0.00596	0.00903
44	0.00737	0.00533	0.00690	0.00814	0.00861	0.00491	0.00546	0.00833	0.01146	0.01517	0.03411	0.73727	0.08888	0.01810	0.00749	0.00238	0.00345	0.01627	0.00548	0.00489
45	0.01399	0.01585	0.03440	0.02463	0.03051	0.01484	0.73512	0.01880	0.01389	0.01887	0.01204	0.01606	0.00909	0.00509	0.00697	0.00201	0.00988	0.00694	0.00304	0.00798
46	0.13064	0.01388	0.02651	0.21155	0.03020	0.01415	0.45021	0.01764	0.01282	0.01900	0.01116	0.01512	0.00846	0.00539	0.00625	0.00198	0.00861	0.00599	0.00304	0.00741
47	0.00995	0.00647	0.00844	0.00775	0.00940	0.00590	0.00586	0.01257	0.01663	0.08275	0.69459	0.04179	0.05169	0.01167	0.00689	0.00188	0.00302	0.01021	0.00655	0.00599
48	0.00754	0.00539	0.00714	0.00847	0.00891	0.00504	0.00580	0.00859	0.01147	0.01529	0.03214	0.73794	0.03824	0.01820	0.00757	0.00243	0.00361	0.06581	0.00548	0.00492
49	0.01581	0.79583	0.03058	0.01014	0.01512	0.02311	0.01006	0.01759	0.01199	0.01395	0.00837	0.00973	0.00773	0.00516	0.00386	0.00130	0.00631	0.00321	0.00259	0.00760
50	0.01296	0.01369	0.02689	0.29100	0.04963	0.01444	0.40586	0.01708	0.01275	0.01718	0.01118	0.01572	0.00862	0.00584	0.00756	0.00204	0.07111	0.00616	0.00288	0.00741
51	0.01126	0.01053	0.01761	0.77842	0.04013	0.01306	0.01623	0.01505	0.01180	0.01512	0.01061	0.01587	0.00802	0.00600	0.00593	0.00199	0.00783	0.00526	0.00268	0.00660
52	0.01194	0.03018	0.76235	0.01673	0.02531	0.01364	0.02154	0.01859	0.01245	0.01866	0.01071	0.01266	0.00764	0.00571	0.00564	0.00189	0.00867	0.00439	0.00255	0.00873
53	0.01203	0.02959	0.73241	0.01705	0.02553	0.01369	0.05089	0.01860	0.01251	0.01867	0.01077	0.01280	0.00769	0.00568	0.00570	0.00190	0.00872	0.00449	0.00257	0.00870
54	0.01770	0.01643	0.27759	0.01213	0.01746	0.00985	0.01262	0.02155	0.01522	0.35214	0.16307	0.02215	0.02012	0.00771	0.00605	0.00187	0.00589	0.00630	0.00545	0.00870
55	0.01126	0.01053	0.01761	0.77842	0.04013	0.01306	0.01623	0.01505	0.01180	0.01512	0.01061	0.01587	0.00802	0.00600	0.00593	0.00199	0.00783	0.00526	0.00268	0.00660
56	0.01390	0.01567	0.03381	0.05116	0.03085	0.01478	0.70982	0.01867	0.01382	0.01874	0.01199	0.01605	0.00905	0.00512	0.00694	0.00201	0.00980	0.00688	0.00302	0.00793
57	0.02266	0.01594	0.01730	0.01331	0.01796	0.01739	0.01095	0.68001	0.02659	0.09496	0.01494	0.01480	0.01051	0.00718	0.00594	0.00180	0.00637	0.00537	0.00601	0.01002
58	0.01396	0.01328	0.02247	0.18924	0.60825	0.01377	0.01757	0.01741	0.01308	0.01839	0.01109	0.01500	0.00917	0.00550	0.00589	0.00182	0.00717	0.00527	0.00291	0.00878
59	0.06516	0.05398	0.17530	0.02137	0.02759	0.01488	0.51637	0.01861	0.01328	0.01907	0.01138	0.01471	0.00858	0.00525	0.00637	0.00194	0.00915	0.00604	0.00296	0.00801
60	0.00737	0.00533	0.00691	0.00815	0.00862	0.00491	0.00546	0.00833	0.01144	0.01516	0.03391	0.74273	0.08355	0.01813	0.00750	0.00238	0.00345	0.01630	0.00548	0.00489
61	0.00738	0.00528	0.00696	0.00829	0.00865	0.00490	0.00553	0.00832	0.01131	0.01511	0.03223	0.78877	0.03859	0.01835	0.00753	0.00241	0.00348	0.01657	0.00548	0.00487
62	0.01277	0.02326	0.42204	0.05482	0.02818	0.01412	0.32157	0.01852	0.01303	0.01859	0.01127	0.01424	0.00826	0.00546	0.00622	0.00195	0.00914	0.00550	0.00276	0.00832
63	0.00738	0.00528	0.00696	0.00829	0.00865	0.00490	0.00553	0.00832	0.01131	0.01511	0.03223	0.78877	0.03859	0.01835	0.00753	0.00241	0.00348	0.01657	0.00548	0.00487
64	0.00860	0.00644	0.00955	0.00953	0.01060	0.00743	0.00739	0.01059	0.00953	0.01377	0.01583	0.02318	0.01477	0.04363	0.76931	0.00936	0.01562	0.00631	0.00321	0.00534
65	0.00746	0.00540	0.00698	0.00807	0.00863	0.00497	0.00546	0.00856	0.01188	0.01585	0.09206	0.67740	0.09018	0.01760	0.00745	0.00234	0.00339	0.01579	0.00556	0.00495
66	0.01350	0.01605	0.11255	0.15398	0.25251	0.01413	0.31318	0.01791	0.01322	0.01833	0.01139	0.01524	0.00886	0.00540	0.00631	0.00192	0.00852	0.00585	0.00290	0.00825
67	0.02583	0.01020	0.01366	0.01059	0.01505	0.00895	0.00869	0.02857	0.04677	0.73007	0.02319	0.02022	0.01477	0.00740	0.00597	0.00186	0.00503	0.00596	0.00722	0.01000
68	0.00862	0.00583	0.00768	0.00825	0.00916	0.00539	0.00586	0.01023	0.01333	0.04832	0.26223	0.48631	0.04261	0.01579	0.00732	0.00223	0.00343	0.04619	0.00587	0.00536
69	0.02799	0.06030	0.60686	0.01890	0.11965	0.01410	0.03397	0.01845	0.01254	0.01868	0.01066	0.01282	0.00789	0.00563	0.00559	0.00185	0.00830	0.00448	0.00264	0.00870
70	0.01511	0.01532	0.02391	0.06658	0.57923	0.08447	0.09179	0.01847	0.01369	0.01857	0.01109	0.01459	0.00921	0.00544	0.00594	0.00179	0.00766	0.00531	0.00298	0.00885
71	0.01218	0.04357	0.68996	0.01724	0.02554	0.01392	0.07867	0.01859	0.01256	0.01859	0.01077	0.01288	0.00775	0.00565	0.00572	0.00189	0.00872	0.00457	0.00259	0.00865

[dist]
# distance from previous block
# <min> <max>
19	30

[block]
# block no. 6 follows, 40 sequences, length 16
# corresponding to MSA columns:
# 252-267
name=unknown_G
#
# <colnr> <probs for GDERKNQSTAVLIFYWHMCP>
#	G	D	E	R	K	N	Q	S	T	A	V	L	I	F	Y	W	H	M	C	P
0	0.06477	0.01041	0.01201	0.04532	0.01426	0.01092	0.00831	0.21770	0.08738	0.08741	0.19861	0.10216	0.04445	0.00958	0.00613	0.00186	0.00466	0.02683	0.00564	0.04156
1	0.02038	0.12121	0.06109	0.01190	0.01645	0.01531	0.01039	0.35423	0.05589	0.20226	0.01581	0.01639	0.01152	0.05257	0.00691	0.00193	0.00603	0.00529	0.00537	0.00908
2	0.04541	0.01543	0.07615	0.01237	0.01697	0.01516	0.01080	0.48899	0.04299	0.12480	0.01532	0.01529	0.01078	0.00685	0.00559	0.00173	0.00598	0.00523	0.07489	0.00928
3	0.08331	0.09574	0.21262	0.08409	0.13891	0.01415	0.01451	0.01936	0.03988	0.13715	0.01226	0.01397	0.00916	0.00630	0.00683	0.00184	0.09349	0.00472	0.00353	0.00818
4	0.01317	0.00929	0.01038	0.00894	0.01162	0.00948	0.00703	0.19070	0.09177	0.06799	0.24138	0.03379	0.19398	0.01025	0.00623	0.00181	0.00399	0.00855	0.07258	0.00705
5	0.14873	0.01082	0.03738	0.01004	0.01379	0.01022	0.00828	0.02270	0.18011	0.27303	0.02020	0.10423	0.01617	0.00815	0.00556	0.00183	0.00469	0.02453	0.00553	0.09399
6	0.00779	0.00554	0.00697	0.00757	0.00813	0.00518	0.00496	0.00874	0.01089	0.01477	0.08825	0.48482	0.03368	0.23109	0.01334	0.00315	0.00399	0.01319	0.00488	0.04308
7	0.01812	0.01246	0.01471	0.09324	0.01827	0.01359	0.01042	0.29335	0.18105	0.14652	0.04448	0.02302	0.01607	0.00818	0.00610	0.00192	0.00568	0.07835	0.00569	0.00877
8	0.10563	0.11417	0.01796	0.01234	0.01682	0.04094	0.01035	0.52428	0.05186	0.03150	0.01285	0.01311	0.00945	0.00657	0.00531	0.00169	0.00623	0.00476	0.00509	0.00909
9	0.01287	0.01343	0.02437	0.18523	0.02697	0.01525	0.31726	0.01711	0.05470	0.01673	0.01089	0.01509	0.00875	0.00689	0.01032	0.00213	0.24599	0.00594	0.00292	0.00717
10	0.00886	0.00746	0.00788	0.00754	0.00971	0.00727	0.00572	0.01406	0.19017	0.01865	0.13165	0.06616	0.47761	0.01285	0.00666	0.00196	0.00333	0.01081	0.00564	0.00600
11	0.00743	0.00530	0.00703	0.00818	0.00867	0.00499	0.00566	0.00868	0.01164	0.01559	0.09001	0.63655	0.03860	0.05207	0.00841	0.00249	0.00359	0.07495	0.00539	0.00479
12	0.01523	0.01360	0.07633	0.01212	0.01563	0.04676	0.01043	0.13604	0.31192	0.07506	0.02209	0.06357	0.01897	0.00948	0.00631	0.00205	0.00560	0.14514	0.00543	0.00824
13	0.01534	0.00803	0.01025	0.00875	0.01152	0.00743	0.00689	0.01910	0.08592	0.29760	0.35555	0.03364	0.09544	0.01001	0.00639	0.00184	0.00376	0.00856	0.00657	0.00743
14	0.00709	0.00506	0.00675	0.00810	0.00843	0.00472	0.00540	0.00810	0.01113	0.01484	0.03205	0.79184	0.03846	0.01822	0.00742	0.00236	0.00337	0.01653	0.00540	0.00472
15	0.01315	0.01256	0.02161	0.16882	0.53415	0.01296	0.04949	0.01655	0.01280	0.01789	0.01258	0.07764	0.01130	0.00634	0.00595	0.00183	0.00691	0.00618	0.00303	0.00828

[dist]
# distance from previous block
# <min> <max>
0	1

[block]
# block no. 7 follows, 40 sequences, length 14
# corresponding to MSA columns:
# 269-282
name=unknown_H
#
# <colnr> <probs for GDERKNQSTAVLIFYWHMCP>
#	G	D	E	R	K	N	Q	S	T	A	V	L	I	F	Y	W	H	M	C	P
0	0.01439	0.01382	0.02360	0.03569	0.75936	0.01382	0.01785	0.01785	0.01324	0.01900	0.01094	0.01439	0.00921	0.00518	0.00576	0.00173	0.00691	0.00518	0.00288	0.00921
1	0.01320	0.07804	0.01481	0.05474	0.01617	0.01157	0.02575	0.04466	0.20725	0.02020	0.01434	0.03321	0.01164	0.00584	0.00496	0.00134	0.00493	0.00480	0.00409	0.42847
2	0.02128	0.01062	0.01326	0.01063	0.01436	0.01036	0.00857	0.20455	0.01817	0.42348	0.04325	0.08536	0.01678	0.03808	0.05111	0.00241	0.00575	0.00686	0.00631	0.00883
3	0.01206	0.01034	0.01206	0.00861	0.01378	0.00775	0.00689	0.01464	0.01206	0.01895	0.01034	0.01206	0.00861	0.00431	0.00431	0.00086	0.00431	0.00345	0.00345	0.83118
4	0.01175	0.02861	0.70207	0.01646	0.02433	0.01387	0.02074	0.01804	0.01199	0.01804	0.01020	0.01232	0.00739	0.00592	0.00668	0.00190	0.07446	0.00436	0.00246	0.00840
5	0.00873	0.00679	0.00813	0.00878	0.00990	0.00693	0.00619	0.01325	0.17744	0.01704	0.03205	0.56665	0.08430	0.01565	0.00704	0.00225	0.00362	0.01399	0.00552	0.00575
6	0.07618	0.01394	0.01611	0.18554	0.02184	0.01578	0.01145	0.48244	0.02167	0.03010	0.01303	0.01445	0.00946	0.00659	0.00556	0.00177	0.00635	0.00508	0.05405	0.00860
7	0.00709	0.00506	0.00675	0.00810	0.00843	0.00472	0.00540	0.00810	0.01113	0.01484	0.03205	0.79184	0.03846	0.01822	0.00742	0.00236	0.00337	0.01653	0.00540	0.00472
8	0.02109	0.08333	0.01809	0.01277	0.01731	0.01796	0.01068	0.64858	0.02540	0.03407	0.01366	0.01387	0.00988	0.00680	0.00557	0.00169	0.00624	0.00506	0.03848	0.00950
9	0.02073	0.01843	0.01649	0.01351	0.01753	0.20102	0.01079	0.44674	0.14555	0.02913	0.01438	0.01441	0.01062	0.00689	0.00569	0.00172	0.00709	0.00510	0.00515	0.00901
10	0.05239	0.01620	0.11698	0.13330	0.11851	0.01412	0.42610	0.01789	0.01301	0.01846	0.01112	0.01480	0.00842	0.00517	0.00626	0.00191	0.00876	0.00593	0.00286	0.00783
11	0.01495	0.58492	0.16582	0.01145	0.01694	0.04411	0.01209	0.01859	0.05608	0.01522	0.00948	0.01065	0.00806	0.00528	0.00424	0.00141	0.00670	0.00356	0.00270	0.00775
12	0.00709	0.00506	0.00675	0.00810	0.00843	0.00472	0.00540	0.00810	0.01113	0.01484	0.03205	0.79184	0.03846	0.01822	0.00742	0.00236	0.00337	0.01653	0.00540	0.00472
13	0.01227	0.02583	0.54942	0.01892	0.02671	0.01386	0.23330	0.01848	0.01271	0.01848	0.01083	0.01328	0.00780	0.00534	0.00592	0.00188	0.00895	0.00506	0.00260	0.00837

[dist]
# distance from previous block
# <min> <max>
0	170

# created by:
# /software/SequenceAnalysis/GenePrediction/augustus/3.0.1/scripts/msa2prfl.pl ./fixed/BUSCOvEOG7T79J4.fas
