[name]
unknown

[dist]
# distance from previous block
# <min> <max>
0	176

[block]
# block no. 0 follows, 41 sequences, length 6
# corresponding to MSA columns:
# 185-190
name=unknown_A
#
# <colnr> <probs for GDERKNQSTAVLIFYWHMCP>
#	G	D	E	R	K	N	Q	S	T	A	V	L	I	F	Y	W	H	M	C	P
0	0.00767	0.00548	0.00744	0.00876	0.00940	0.00525	0.00652	0.00917	0.01164	0.01538	0.03114	0.56819	0.03630	0.01726	0.00749	0.00242	0.00392	0.23643	0.00530	0.00484
1	0.01266	0.26973	0.53960	0.01428	0.02163	0.01619	0.01761	0.01781	0.01194	0.01667	0.00955	0.01117	0.00728	0.00527	0.00489	0.00163	0.00773	0.00386	0.00243	0.00811
2	0.01066	0.00533	0.00533	0.00533	0.00666	0.00533	0.00400	0.01333	0.01200	0.02132	0.01866	0.02132	0.01466	0.00666	0.00400	0.00133	0.00267	0.00533	0.83073	0.00533
3	0.01871	0.00809	0.01074	0.00877	0.01193	0.00717	0.00703	0.02112	0.01588	0.46178	0.25141	0.02688	0.02658	0.00847	0.00589	0.00174	0.00397	0.00714	0.08876	0.00795
4	0.02020	0.00853	0.01153	0.00925	0.01272	0.00747	0.00747	0.02257	0.01632	0.53598	0.25180	0.02670	0.02653	0.00851	0.00606	0.00178	0.00419	0.00718	0.00684	0.00839
5	0.01837	0.01368	0.01476	0.01187	0.01559	0.01501	0.00954	0.54604	0.08300	0.03086	0.01848	0.09504	0.04774	0.04432	0.00700	0.00198	0.00567	0.00682	0.00557	0.00866

[dist]
# distance from previous block
# <min> <max>
0	1

[block]
# block no. 1 follows, 41 sequences, length 41
# corresponding to MSA columns:
# 192-232
name=unknown_B
#
# <colnr> <probs for GDERKNQSTAVLIFYWHMCP>
#	G	D	E	R	K	N	Q	S	T	A	V	L	I	F	Y	W	H	M	C	P
0	0.00791	0.00565	0.00727	0.00851	0.00892	0.00521	0.00565	0.00864	0.01143	0.01532	0.03175	0.76704	0.03782	0.03767	0.00818	0.00255	0.00368	0.01618	0.00553	0.00508
1	0.01432	0.01595	0.03403	0.02448	0.03027	0.01487	0.73293	0.01885	0.01401	0.01908	0.01240	0.01656	0.00948	0.00540	0.00709	0.00208	0.00987	0.00700	0.00319	0.00814
2	0.01178	0.01084	0.01773	0.77394	0.03968	0.01320	0.01616	0.01527	0.01204	0.01553	0.01113	0.01654	0.00855	0.00636	0.00613	0.00208	0.00791	0.00539	0.00288	0.00685
3	0.01550	0.01310	0.01377	0.01233	0.01567	0.01486	0.00952	0.06448	0.70791	0.02527	0.02360	0.02218	0.01787	0.00833	0.00622	0.00210	0.00494	0.00669	0.00611	0.00954
4	0.01653	0.01123	0.01409	0.01097	0.01482	0.01051	0.00884	0.01841	0.01296	0.21199	0.01377	0.01531	0.01065	0.00687	0.00816	0.00163	0.17202	0.00468	0.00448	0.43208
5	0.01290	0.00820	0.01036	0.09016	0.01336	0.00810	0.00719	0.06684	0.01484	0.12069	0.29925	0.03334	0.03078	0.21400	0.01251	0.00293	0.00487	0.00832	0.03495	0.00641
6	0.05203	0.00701	0.00822	0.00770	0.00946	0.00657	0.00576	0.01380	0.01502	0.08921	0.40667	0.07255	0.04929	0.01058	0.00621	0.00188	0.00336	0.00884	0.21959	0.00627
7	0.00930	0.00667	0.00919	0.00904	0.01009	0.00702	0.00674	0.01078	0.01147	0.01635	0.20857	0.02937	0.02544	0.07626	0.46871	0.06691	0.01092	0.00755	0.00421	0.00542
8	0.01164	0.00608	0.00609	0.00604	0.00745	0.00594	0.00446	0.01401	0.01259	0.02214	0.01950	0.02252	0.01548	0.00729	0.00443	0.00152	0.00303	0.00563	0.81832	0.00585
9	0.00911	0.00658	0.00837	0.00788	0.00931	0.00600	0.00584	0.01151	0.01672	0.02373	0.74970	0.04359	0.05419	0.01224	0.00714	0.00197	0.00306	0.01057	0.00658	0.00591
10	0.01265	0.01172	0.01930	0.58001	0.22683	0.01343	0.01660	0.01603	0.01245	0.01658	0.01129	0.01626	0.00893	0.00620	0.00611	0.00203	0.00770	0.00539	0.00296	0.00755
11	0.00859	0.00614	0.00804	0.00930	0.00998	0.00576	0.00676	0.00973	0.01214	0.01617	0.03184	0.59561	0.03703	0.01783	0.00784	0.00257	0.00418	0.19957	0.00560	0.00533
12	0.02240	0.00948	0.01198	0.00966	0.01332	0.00848	0.00774	0.04873	0.01612	0.53909	0.02203	0.02098	0.01497	0.00759	0.00570	0.00183	0.00468	0.00592	0.22024	0.00904
13	0.01224	0.01146	0.01998	0.27828	0.14997	0.01185	0.17581	0.01560	0.01400	0.01919	0.20547	0.02350	0.02101	0.00760	0.00661	0.00202	0.00695	0.00712	0.00398	0.00736
14	0.01787	0.00825	0.01031	0.00873	0.01160	0.00736	0.00684	0.02000	0.01562	0.36801	0.19240	0.02770	0.04942	0.00890	0.00597	0.00185	0.00406	0.00720	0.22005	0.00788
15	0.00830	0.00595	0.00763	0.00844	0.00913	0.00545	0.00577	0.00946	0.01292	0.01767	0.22057	0.58998	0.04247	0.01676	0.00754	0.00236	0.00351	0.01486	0.00586	0.00537
16	0.01374	0.00764	0.00993	0.00889	0.01111	0.00686	0.00689	0.01600	0.01655	0.21573	0.50605	0.03916	0.04237	0.01135	0.00696	0.00203	0.00381	0.06119	0.00671	0.00702
17	0.01543	0.49151	0.11992	0.01778	0.21013	0.01948	0.01357	0.01798	0.01264	0.01632	0.00996	0.01220	0.00871	0.00567	0.00484	0.00160	0.00689	0.00407	0.00288	0.00841
18	0.01787	0.58759	0.02704	0.01130	0.01614	0.02170	0.01044	0.20572	0.01617	0.02023	0.01045	0.01174	0.00889	0.00606	0.00464	0.00154	0.00647	0.00394	0.00364	0.00844
19	0.01270	0.00942	0.01195	0.01087	0.01289	0.01046	0.00853	0.20070	0.01441	0.02010	0.01580	0.02139	0.01394	0.03365	0.56564	0.00732	0.01316	0.00616	0.00408	0.00682
20	0.01451	0.00884	0.00915	0.00807	0.01032	0.00914	0.00624	0.20296	0.01644	0.02595	0.01822	0.02056	0.01421	0.00734	0.00488	0.00161	0.00397	0.00559	0.60503	0.00698
21	0.03789	0.00981	0.00983	0.00867	0.01110	0.02639	0.00671	0.19294	0.06996	0.02586	0.01813	0.02011	0.01409	0.00736	0.00499	0.00167	0.00426	0.00557	0.51742	0.00723
22	0.22359	0.00763	0.00826	0.00878	0.01029	0.00766	0.00640	0.01160	0.01149	0.01876	0.02520	0.48520	0.02862	0.01443	0.00666	0.00232	0.00417	0.07887	0.00508	0.03498
23	0.00923	0.00708	0.00888	0.00773	0.01005	0.00609	0.00594	0.01185	0.01503	0.02171	0.53926	0.03562	0.04149	0.00998	0.00618	0.00160	0.00323	0.03386	0.00554	0.21966
24	0.01198	0.01025	0.01194	0.00855	0.01364	0.00769	0.00683	0.01448	0.01193	0.01874	0.01028	0.01202	0.00858	0.00432	0.00429	0.00087	0.00428	0.00343	0.00343	0.83248
25	0.77788	0.01072	0.00827	0.00744	0.01083	0.01235	0.00609	0.01664	0.00997	0.02544	0.00886	0.01033	0.00692	0.00549	0.00363	0.00176	0.00434	0.00330	0.06356	0.00619
26	0.01930	0.01412	0.01695	0.21262	0.02318	0.01581	0.01203	0.50239	0.02218	0.08360	0.01356	0.01470	0.00961	0.00666	0.00577	0.00179	0.00657	0.00521	0.00503	0.00891
27	0.09320	0.00649	0.00739	0.00710	0.00883	0.00614	0.00543	0.01086	0.01461	0.02104	0.46041	0.04371	0.23634	0.01204	0.00652	0.00189	0.00309	0.04379	0.00574	0.00538
28	0.01445	0.01508	0.02975	0.02138	0.02696	0.01427	0.58477	0.10490	0.01502	0.02058	0.01181	0.01505	0.00889	0.00509	0.00644	0.00182	0.00877	0.00628	0.00332	0.08537
29	0.01246	0.01047	0.01138	0.01076	0.01325	0.01181	0.00813	0.02465	0.55984	0.02161	0.02550	0.22156	0.02282	0.01046	0.00625	0.00206	0.00425	0.00903	0.00572	0.00797
30	0.01193	0.00630	0.00844	0.00862	0.01002	0.00569	0.00616	0.01320	0.01243	0.20930	0.02929	0.59340	0.03177	0.01517	0.00695	0.00220	0.00376	0.01356	0.00580	0.00602
31	0.01387	0.01373	0.02454	0.08208	0.55716	0.01388	0.14605	0.01743	0.01292	0.01828	0.01086	0.01455	0.00895	0.00534	0.00638	0.00180	0.03530	0.00542	0.00285	0.00860
32	0.01459	0.01666	0.02576	0.21893	0.02980	0.17651	0.39734	0.01840	0.01361	0.01654	0.01074	0.01445	0.00824	0.00536	0.00619	0.00185	0.00930	0.00570	0.00285	0.00719
33	0.00845	0.01231	0.20363	0.00887	0.01254	0.00750	0.00896	0.01186	0.04478	0.01675	0.05719	0.04234	0.51969	0.01187	0.00642	0.00192	0.00444	0.00979	0.00464	0.00602
34	0.00890	0.00656	0.00812	0.00814	0.00847	0.00714	0.00557	0.01939	0.00997	0.01394	0.02218	0.28187	0.04462	0.34002	0.01774	0.00362	0.11481	0.01034	0.06404	0.00457
35	0.02913	0.01357	0.01427	0.01148	0.01466	0.03971	0.00900	0.49429	0.02094	0.02804	0.01450	0.01980	0.01250	0.21178	0.01221	0.00275	0.03262	0.00592	0.00494	0.00789
36	0.02025	0.00877	0.01166	0.00974	0.01303	0.00786	0.00769	0.05609	0.01552	0.51619	0.04510	0.22055	0.02128	0.01007	0.00623	0.00193	0.00451	0.00860	0.00657	0.00835
37	0.01831	0.01346	0.01477	0.01169	0.01544	0.01460	0.00950	0.55335	0.02417	0.03273	0.20685	0.02139	0.02127	0.00819	0.00604	0.00176	0.00540	0.00653	0.00591	0.00866
38	0.01066	0.00912	0.01037	0.00786	0.01213	0.00697	0.00620	0.01288	0.01224	0.01792	0.02263	0.02319	0.20313	0.00697	0.00494	0.00115	0.00393	0.00567	0.00393	0.61813
39	0.01119	0.01025	0.01586	0.58306	0.03275	0.01145	0.01356	0.01464	0.01162	0.01576	0.01028	0.01453	0.00796	0.00541	0.00538	0.00165	0.00678	0.00468	0.00280	0.22037
40	0.00804	0.00570	0.00621	0.00621	0.00672	0.00543	0.00375	0.00838	0.00962	0.01233	0.02844	0.04210	0.21224	0.59478	0.02334	0.00463	0.00490	0.00932	0.00398	0.00388

[dist]
# distance from previous block
# <min> <max>
0	2

[block]
# block no. 2 follows, 41 sequences, length 8
# corresponding to MSA columns:
# 235-242
name=unknown_C
#
# <colnr> <probs for GDERKNQSTAVLIFYWHMCP>
#	G	D	E	R	K	N	Q	S	T	A	V	L	I	F	Y	W	H	M	C	P
0	0.01658	0.01629	0.03025	0.02206	0.02757	0.01580	0.55740	0.18943	0.01735	0.02354	0.01324	0.01661	0.01005	0.00611	0.00699	0.00209	0.00917	0.00672	0.00397	0.00877
1	0.00940	0.00654	0.00788	0.00796	0.00835	0.00657	0.00509	0.00966	0.00958	0.01314	0.01974	0.10884	0.02182	0.53129	0.20241	0.00623	0.00801	0.00889	0.00395	0.00463
2	0.20359	0.00794	0.00752	0.00721	0.00954	0.00752	0.00545	0.01142	0.01330	0.01973	0.11860	0.04387	0.49814	0.01267	0.00648	0.00209	0.00368	0.01003	0.00536	0.00585
3	0.01382	0.01106	0.01173	0.01061	0.01365	0.01200	0.00818	0.02533	0.52690	0.06767	0.03191	0.02998	0.19231	0.00973	0.00632	0.00205	0.00440	0.00794	0.00598	0.00843
4	0.02017	0.01182	0.01354	0.01080	0.01473	0.01173	0.00873	0.31275	0.02021	0.28812	0.02785	0.02637	0.18823	0.00917	0.00626	0.00191	0.00521	0.00720	0.00631	0.00890
5	0.00810	0.00585	0.00765	0.00720	0.00855	0.00540	0.00540	0.01079	0.01619	0.02294	0.76028	0.04273	0.05397	0.01169	0.00675	0.00180	0.00270	0.01034	0.00630	0.00540
6	0.01509	0.01209	0.01296	0.01153	0.01485	0.01379	0.00900	0.03020	0.69711	0.08029	0.02323	0.02120	0.01721	0.00771	0.00581	0.00193	0.00455	0.00641	0.00592	0.00911
7	0.02251	0.00978	0.01279	0.01027	0.01424	0.00901	0.00840	0.02673	0.12045	0.59450	0.05638	0.02282	0.01727	0.00778	0.00590	0.00183	0.00474	0.03858	0.00678	0.00924

[dist]
# distance from previous block
# <min> <max>
0	1

[block]
# block no. 3 follows, 41 sequences, length 26
# corresponding to MSA columns:
# 244-269
name=unknown_D
#
# <colnr> <probs for GDERKNQSTAVLIFYWHMCP>
#	G	D	E	R	K	N	Q	S	T	A	V	L	I	F	Y	W	H	M	C	P
0	0.00827	0.00604	0.00897	0.00897	0.00989	0.00696	0.00687	0.00999	0.00906	0.01301	0.01516	0.02288	0.01436	0.07559	0.70365	0.05186	0.01434	0.00617	0.00305	0.00490
1	0.01529	0.80242	0.02997	0.00979	0.01468	0.02263	0.00979	0.01713	0.01162	0.01346	0.00795	0.00918	0.00734	0.00489	0.00367	0.00122	0.00612	0.00306	0.00245	0.00734
2	0.00732	0.00524	0.00680	0.00792	0.00840	0.00494	0.00545	0.00839	0.01100	0.01452	0.03136	0.60570	0.07313	0.09965	0.00962	0.00267	0.00372	0.08446	0.00511	0.00459
3	0.02006	0.01526	0.01676	0.01404	0.05598	0.01692	0.01091	0.58423	0.15051	0.03307	0.01521	0.01506	0.01102	0.00693	0.00574	0.00175	0.00602	0.00537	0.00559	0.00958
4	0.01993	0.01490	0.01598	0.01269	0.01692	0.01659	0.01034	0.54226	0.21226	0.05280	0.01641	0.01583	0.01182	0.00710	0.00575	0.00178	0.00580	0.00550	0.00578	0.00956
5	0.01457	0.62749	0.19577	0.01134	0.01704	0.02059	0.01239	0.01744	0.01181	0.01464	0.00862	0.01003	0.00746	0.00511	0.00413	0.00138	0.00669	0.00337	0.00249	0.00766
6	0.04237	0.59534	0.20023	0.01131	0.01699	0.02019	0.01234	0.01744	0.01175	0.01508	0.00863	0.01005	0.00742	0.00513	0.00414	0.00140	0.00665	0.00338	0.00253	0.00763
7	0.00712	0.00509	0.00674	0.00806	0.00841	0.00474	0.00537	0.00808	0.01104	0.01474	0.03162	0.79368	0.03790	0.01799	0.00736	0.00235	0.00337	0.01628	0.00535	0.00472
8	0.00876	0.00738	0.00774	0.00747	0.00960	0.00715	0.00564	0.01367	0.18668	0.01801	0.09370	0.08562	0.50130	0.01299	0.00662	0.00197	0.00334	0.01090	0.00554	0.00592
9	0.01200	0.01026	0.01196	0.00857	0.01366	0.00771	0.00684	0.01450	0.01195	0.01876	0.01031	0.01206	0.00861	0.00433	0.00430	0.00088	0.00429	0.00344	0.00344	0.83215
10	0.01200	0.01026	0.01196	0.00857	0.01366	0.00771	0.00684	0.01450	0.01195	0.01876	0.01031	0.01206	0.00861	0.00433	0.00430	0.00088	0.00429	0.00344	0.00344	0.83215
11	0.00904	0.00691	0.00897	0.00930	0.01056	0.00684	0.00704	0.03203	0.02719	0.01640	0.02630	0.44197	0.02972	0.01635	0.04541	0.00257	0.04612	0.15760	0.00490	0.09477
12	0.01575	0.57728	0.15486	0.01128	0.01666	0.06005	0.01176	0.01837	0.01233	0.06205	0.00947	0.01059	0.00789	0.00527	0.00425	0.00140	0.00671	0.00351	0.00281	0.00772
13	0.00712	0.00509	0.00674	0.00806	0.00841	0.00474	0.00537	0.00808	0.01104	0.01474	0.03162	0.79368	0.03790	0.01799	0.00736	0.00235	0.00337	0.01628	0.00535	0.00472
14	0.00712	0.00509	0.00674	0.00806	0.00841	0.00474	0.00537	0.00808	0.01104	0.01474	0.03162	0.79368	0.03790	0.01799	0.00736	0.00235	0.00337	0.01628	0.00535	0.00472
15	0.01196	0.02722	0.64176	0.01772	0.02571	0.01356	0.14470	0.01824	0.01241	0.01828	0.01063	0.01285	0.00763	0.00542	0.00572	0.00186	0.00870	0.00471	0.00255	0.00840
16	0.00954	0.00693	0.00940	0.01053	0.01193	0.00699	0.00906	0.01281	0.05299	0.01768	0.04786	0.08317	0.03283	0.01540	0.00780	0.00259	0.00515	0.64643	0.00537	0.00553
17	0.00705	0.00586	0.00613	0.00617	0.00795	0.00496	0.00457	0.00855	0.01329	0.01623	0.12225	0.10076	0.64735	0.01452	0.00685	0.00197	0.00296	0.01220	0.00545	0.00495
18	0.00855	0.00627	0.00801	0.00751	0.00897	0.00592	0.00564	0.01186	0.05242	0.02310	0.72257	0.04180	0.05221	0.01158	0.00676	0.00183	0.00284	0.01019	0.00631	0.00565
19	0.08796	0.01763	0.01575	0.01292	0.01688	0.18109	0.01033	0.43043	0.12116	0.02887	0.01362	0.01385	0.01010	0.00674	0.00549	0.00172	0.00682	0.00489	0.00500	0.00874
20	0.01008	0.00508	0.00756	0.00755	0.00757	0.00506	0.00503	0.00756	0.00755	0.01008	0.01008	0.01757	0.01007	0.01993	0.02238	0.83173	0.00502	0.00501	0.00253	0.00257
21	0.00692	0.00586	0.00595	0.00602	0.00787	0.00491	0.00447	0.00831	0.01301	0.01554	0.05649	0.09672	0.71880	0.01475	0.00685	0.00198	0.00297	0.01234	0.00536	0.00489
22	0.00957	0.00771	0.01153	0.00994	0.01119	0.00760	0.13067	0.01150	0.05666	0.01369	0.01896	0.12156	0.02061	0.51980	0.02126	0.00434	0.00597	0.00890	0.00378	0.00476
23	0.01234	0.17557	0.62812	0.01515	0.02293	0.01512	0.01902	0.01802	0.01208	0.01736	0.00997	0.01172	0.00740	0.00543	0.00516	0.00173	0.00805	0.00405	0.00247	0.00831
24	0.01543	0.80073	0.03003	0.00988	0.01478	0.02268	0.00984	0.01722	0.01171	0.01359	0.00810	0.00938	0.00748	0.00499	0.00373	0.00125	0.00616	0.00311	0.00250	0.00741
25	0.01233	0.01046	0.01213	0.00873	0.01380	0.00805	0.00698	0.03890	0.01245	0.01935	0.01043	0.01212	0.00865	0.00442	0.00435	0.00090	0.00435	0.00350	0.00351	0.80460

[dist]
# distance from previous block
# <min> <max>
0	79

[block]
# block no. 4 follows, 41 sequences, length 22
# corresponding to MSA columns:
# 349-370
name=unknown_E
#
# <colnr> <probs for GDERKNQSTAVLIFYWHMCP>
#	G	D	E	R	K	N	Q	S	T	A	V	L	I	F	Y	W	H	M	C	P
0	0.02181	0.01650	0.01719	0.01328	0.01780	0.04633	0.01091	0.71603	0.02653	0.03528	0.01364	0.01373	0.00973	0.00689	0.00574	0.00172	0.00648	0.00512	0.00565	0.00965
1	0.00820	0.00596	0.00772	0.00739	0.00877	0.00550	0.00561	0.01081	0.01592	0.02233	0.68425	0.04465	0.08552	0.01212	0.00685	0.00187	0.00289	0.05201	0.00622	0.00541
2	0.00707	0.00505	0.00671	0.00803	0.00837	0.00471	0.00535	0.00804	0.01101	0.01469	0.03159	0.79421	0.03788	0.01796	0.00734	0.00234	0.00335	0.01627	0.00534	0.00470
3	0.01359	0.01549	0.03378	0.02415	0.02994	0.01451	0.74147	0.01838	0.01356	0.01841	0.01166	0.01555	0.00877	0.00489	0.00679	0.00195	0.00967	0.00678	0.00293	0.00776
4	0.05655	0.00622	0.00776	0.00728	0.00877	0.00589	0.00549	0.01121	0.01587	0.02317	0.71549	0.04087	0.05121	0.01138	0.00660	0.00181	0.00283	0.00994	0.00616	0.00549
5	0.00728	0.00514	0.00665	0.00776	0.00805	0.00485	0.00506	0.00809	0.01060	0.01414	0.02947	0.67530	0.03520	0.14052	0.01076	0.00284	0.00370	0.01503	0.00505	0.00451
6	0.00901	0.00652	0.00887	0.01007	0.01130	0.00648	0.00847	0.01167	0.03258	0.01692	0.03110	0.18389	0.05278	0.01595	0.00775	0.00256	0.00489	0.56854	0.00532	0.00530
7	0.00997	0.00767	0.00949	0.00993	0.01157	0.00800	0.00799	0.01558	0.19392	0.01908	0.11448	0.17568	0.05003	0.01374	0.00716	0.00231	0.00443	0.32730	0.00556	0.00614
8	0.00711	0.00509	0.00675	0.00800	0.00838	0.00474	0.00536	0.00815	0.01122	0.01503	0.06087	0.76397	0.03852	0.01771	0.00732	0.00232	0.00333	0.01604	0.00538	0.00473
9	0.01326	0.01441	0.02931	0.02095	0.02660	0.01311	0.59105	0.01758	0.01322	0.01847	0.01138	0.01482	0.00873	0.00477	0.00627	0.00172	0.00856	0.00609	0.00303	0.17668
10	0.09895	0.00981	0.00941	0.00902	0.01088	0.10609	0.00672	0.01501	0.08793	0.05043	0.30143	0.21585	0.03374	0.01127	0.00624	0.00191	0.00432	0.00961	0.00534	0.00605
11	0.01163	0.01143	0.01558	0.01350	0.01384	0.01540	0.01116	0.01288	0.00955	0.01414	0.01619	0.01989	0.13589	0.01083	0.01675	0.00242	0.65360	0.00624	0.00301	0.00606
12	0.00707	0.00505	0.00671	0.00803	0.00837	0.00471	0.00535	0.00804	0.01101	0.01469	0.03159	0.79421	0.03788	0.01796	0.00734	0.00234	0.00335	0.01627	0.00534	0.00470
13	0.01577	0.01502	0.01369	0.01227	0.01551	0.14409	0.00949	0.05142	0.60381	0.02269	0.02060	0.01934	0.01558	0.00747	0.00574	0.00187	0.00560	0.00598	0.00536	0.00871
14	0.01157	0.02962	0.76827	0.01636	0.02481	0.01333	0.02115	0.01817	0.01213	0.01820	0.01036	0.01221	0.00734	0.00550	0.00547	0.00183	0.00848	0.00426	0.00245	0.00850
15	0.01425	0.01365	0.02326	0.03513	0.76224	0.01364	0.01758	0.01761	0.01308	0.01877	0.01085	0.01428	0.00915	0.00516	0.00570	0.00172	0.00682	0.00513	0.00286	0.00910
16	0.16073	0.02454	0.01494	0.01356	0.01662	0.64497	0.01026	0.02187	0.01516	0.01608	0.00879	0.01027	0.00726	0.00586	0.00492	0.00154	0.00934	0.00362	0.00308	0.00660
17	0.00723	0.00517	0.00689	0.00822	0.00863	0.00485	0.00563	0.00832	0.01117	0.01487	0.03150	0.74145	0.03752	0.01781	0.00738	0.00236	0.00349	0.06743	0.00534	0.00474
18	0.00831	0.00606	0.00854	0.00854	0.00932	0.00682	0.00630	0.00982	0.00904	0.01284	0.01606	0.02621	0.01595	0.22623	0.59403	0.00831	0.01297	0.00669	0.00319	0.00476
19	0.77841	0.01071	0.00825	0.00743	0.01081	0.01234	0.00608	0.01662	0.00996	0.02542	0.00883	0.01029	0.00690	0.00547	0.00362	0.00176	0.00433	0.00329	0.06329	0.00618
20	0.01080	0.01017	0.01716	0.78523	0.03940	0.01271	0.01589	0.01461	0.01144	0.01461	0.01017	0.01525	0.00762	0.00572	0.00572	0.00191	0.00762	0.00508	0.00254	0.00635
21	0.00704	0.00506	0.00669	0.00797	0.00840	0.00472	0.00541	0.00811	0.01110	0.01472	0.03247	0.74272	0.06459	0.01772	0.00730	0.00232	0.00337	0.04032	0.00531	0.00467

[dist]
# distance from previous block
# <min> <max>
0	1

[block]
# block no. 5 follows, 41 sequences, length 22
# corresponding to MSA columns:
# 372-393
name=unknown_F
#
# <colnr> <probs for GDERKNQSTAVLIFYWHMCP>
#	G	D	E	R	K	N	Q	S	T	A	V	L	I	F	Y	W	H	M	C	P
0	0.00712	0.00510	0.00678	0.00786	0.00833	0.00475	0.00532	0.00835	0.01167	0.01575	0.13169	0.69182	0.04005	0.01706	0.00722	0.00225	0.00323	0.01545	0.00545	0.00475
1	0.00717	0.00544	0.00647	0.00696	0.00798	0.00489	0.00485	0.00851	0.01229	0.01592	0.15140	0.36398	0.29310	0.07347	0.00864	0.00234	0.00324	0.01330	0.00533	0.00474
2	0.01028	0.00962	0.01627	0.01318	0.01606	0.00903	0.21569	0.01272	0.01171	0.01646	0.01950	0.34772	0.02101	0.01068	0.00733	0.00191	0.06333	0.00996	0.00400	0.18354
3	0.00820	0.00566	0.00698	0.00725	0.00775	0.00553	0.00489	0.00924	0.01095	0.01481	0.17339	0.14919	0.03160	0.42345	0.01864	0.00394	0.00461	0.10511	0.00454	0.00427
4	0.01368	0.47654	0.34174	0.01253	0.01893	0.01869	0.01457	0.01754	0.01181	0.01542	0.00893	0.01040	0.00730	0.00512	0.00441	0.00147	0.00710	0.00355	0.00243	0.00781
5	0.01585	0.01389	0.01821	0.01478	0.01702	0.01709	0.06560	0.26204	0.07786	0.02248	0.01124	0.01388	0.00918	0.00838	0.01239	0.00215	0.40098	0.00531	0.00390	0.00777
6	0.00818	0.00586	0.00793	0.00864	0.00968	0.00561	0.00677	0.01035	0.01355	0.01837	0.27982	0.27064	0.04154	0.01502	0.00733	0.00226	0.00382	0.27386	0.00563	0.00513
7	0.01550	0.00749	0.01002	0.00845	0.01110	0.00667	0.00667	0.01800	0.01627	0.33679	0.44921	0.03292	0.03718	0.00975	0.00633	0.00179	0.00361	0.00841	0.00663	0.00723
8	0.01728	0.01053	0.01273	0.00958	0.01426	0.00902	0.00775	0.06200	0.07661	0.27275	0.01566	0.01533	0.01122	0.00564	0.00497	0.00130	0.00459	0.00455	0.00497	0.43925
9	0.00696	0.00502	0.00660	0.00786	0.00827	0.00465	0.00526	0.00798	0.01105	0.01464	0.03279	0.75980	0.07247	0.01776	0.00727	0.00230	0.00330	0.01606	0.00531	0.00465
10	0.00965	0.00767	0.00889	0.00827	0.01023	0.00783	0.00629	0.01601	0.22516	0.02219	0.45428	0.03834	0.14077	0.01096	0.00648	0.00186	0.00325	0.00948	0.00603	0.00636
11	0.01439	0.02573	0.55556	0.01541	0.02276	0.01455	0.01822	0.22449	0.01629	0.02321	0.01125	0.01255	0.00795	0.00584	0.00552	0.00178	0.00784	0.00449	0.00336	0.00882
12	0.01278	0.29340	0.51695	0.01408	0.02132	0.01648	0.01726	0.01778	0.01192	0.01652	0.00948	0.01109	0.00728	0.00525	0.00483	0.00161	0.00766	0.00383	0.00243	0.00807
13	0.00715	0.00550	0.00645	0.00685	0.00801	0.00490	0.00484	0.00860	0.01264	0.01630	0.17413	0.31703	0.33816	0.05278	0.00802	0.00222	0.00314	0.01308	0.00540	0.00480
14	0.24112	0.01887	0.01446	0.01223	0.01593	0.29815	0.00968	0.28091	0.01832	0.02507	0.01037	0.01127	0.00790	0.00609	0.00493	0.00164	0.00729	0.00405	0.00411	0.00763
15	0.01110	0.01069	0.01840	0.68499	0.03730	0.01311	0.06938	0.01484	0.01144	0.01484	0.01012	0.01511	0.00770	0.00590	0.00654	0.00194	0.05239	0.00520	0.00257	0.00645
16	0.00697	0.00498	0.00664	0.00796	0.00830	0.00465	0.00531	0.00796	0.01095	0.01460	0.03153	0.79525	0.03783	0.01792	0.00730	0.00232	0.00332	0.01626	0.00531	0.00465
17	0.01698	0.00777	0.00991	0.00868	0.01129	0.00716	0.00672	0.05557	0.01444	0.35852	0.02384	0.24006	0.02077	0.01006	0.00582	0.00183	0.00403	0.00862	0.18057	0.00736
18	0.01477	0.69620	0.13160	0.01068	0.01607	0.02135	0.01135	0.01726	0.01168	0.01410	0.00827	0.00957	0.00733	0.00497	0.00391	0.00130	0.00644	0.00322	0.00244	0.00749
19	0.01242	0.02336	0.45772	0.02111	0.12773	0.01366	0.22567	0.01810	0.01261	0.01825	0.01070	0.01332	0.00790	0.00521	0.00584	0.00183	0.00856	0.00506	0.00261	0.00833
20	0.01228	0.00633	0.00852	0.00859	0.01009	0.00571	0.00619	0.01362	0.01249	0.22852	0.02898	0.57476	0.03110	0.01484	0.00686	0.00217	0.00376	0.01327	0.00581	0.00609
21	0.02023	0.24517	0.01972	0.01270	0.01641	0.45639	0.01033	0.02191	0.01493	0.11738	0.01048	0.01125	0.00829	0.00577	0.00482	0.00144	0.00837	0.00379	0.00337	0.00726

[dist]
# distance from previous block
# <min> <max>
0	6

[block]
# block no. 6 follows, 41 sequences, length 33
# corresponding to MSA columns:
# 400-432
name=unknown_G
#
# <colnr> <probs for GDERKNQSTAVLIFYWHMCP>
#	G	D	E	R	K	N	Q	S	T	A	V	L	I	F	Y	W	H	M	C	P
0	0.01370	0.01130	0.01284	0.00947	0.01435	0.00976	0.00762	0.14078	0.05846	0.02194	0.01156	0.01275	0.00922	0.00490	0.00459	0.00106	0.00461	0.00387	0.00393	0.64330
1	0.01023	0.00706	0.00870	0.00891	0.01019	0.00706	0.00638	0.10633	0.05175	0.05516	0.05418	0.58850	0.03252	0.01520	0.00692	0.00218	0.00382	0.01358	0.00551	0.00581
2	0.01878	0.20465	0.01886	0.01319	0.01633	0.52815	0.01046	0.02030	0.01457	0.01390	0.00996	0.05769	0.00921	0.00654	0.00543	0.00150	0.03652	0.00435	0.00296	0.00666
3	0.02359	0.05837	0.01445	0.01047	0.01480	0.01038	0.00869	0.06444	0.09657	0.60321	0.02130	0.01875	0.01388	0.00701	0.00563	0.00175	0.00498	0.00564	0.00659	0.00952
4	0.01909	0.01499	0.05394	0.01303	0.01687	0.01588	0.01112	0.50685	0.02187	0.07482	0.01474	0.05403	0.01178	0.00808	0.00757	0.00189	0.10826	0.03119	0.00518	0.00880
5	0.01506	0.05440	0.02675	0.03723	0.12090	0.01363	0.41878	0.06257	0.01461	0.10072	0.06586	0.01722	0.01252	0.00574	0.00626	0.00182	0.00783	0.00636	0.00372	0.00802
6	0.01160	0.02314	0.54780	0.01443	0.02073	0.01177	0.01714	0.01669	0.01194	0.06175	0.01448	0.14714	0.01293	0.00796	0.00658	0.00194	0.05462	0.00643	0.00320	0.00774
7	0.01006	0.00811	0.00856	0.00769	0.01028	0.00767	0.00604	0.13613	0.04463	0.01960	0.04475	0.04452	0.52120	0.01237	0.00645	0.00187	0.00374	0.04593	0.00529	0.05511
8	0.01196	0.02618	0.59259	0.01818	0.02599	0.01357	0.19447	0.01816	0.01242	0.01816	0.01058	0.01288	0.00759	0.00529	0.00575	0.00184	0.00874	0.00483	0.00253	0.00828
9	0.00697	0.00498	0.00664	0.00796	0.00830	0.00465	0.00531	0.00796	0.01095	0.01460	0.03153	0.79525	0.03783	0.01792	0.00730	0.00232	0.00332	0.01626	0.00531	0.00465
10	0.02271	0.01219	0.01457	0.01126	0.01554	0.01226	0.00927	0.33853	0.02094	0.39595	0.07122	0.01863	0.01506	0.00732	0.00581	0.00175	0.00533	0.00582	0.00643	0.00942
11	0.00697	0.00498	0.00664	0.00796	0.00830	0.00465	0.00531	0.00796	0.01095	0.01460	0.03153	0.79525	0.03783	0.01792	0.00730	0.00232	0.00332	0.01626	0.00531	0.00465
12	0.01529	0.80242	0.02997	0.00979	0.01468	0.02263	0.00979	0.01713	0.01162	0.01346	0.00795	0.00918	0.00734	0.00489	0.00367	0.00122	0.00612	0.00306	0.00245	0.00734
13	0.01080	0.01017	0.01716	0.78523	0.03940	0.01271	0.01589	0.01461	0.01144	0.01461	0.01017	0.01525	0.00762	0.00572	0.00572	0.00191	0.00762	0.00508	0.00254	0.00635
14	0.00697	0.00498	0.00664	0.00796	0.00830	0.00465	0.00531	0.00796	0.01095	0.01460	0.03153	0.79525	0.03783	0.01792	0.00730	0.00232	0.00332	0.01626	0.00531	0.00465
15	0.02566	0.00973	0.01327	0.01018	0.01460	0.00841	0.00841	0.02788	0.01637	0.76726	0.02257	0.01947	0.01416	0.00708	0.00575	0.00177	0.00487	0.00575	0.00708	0.00973
16	0.01350	0.01543	0.03375	0.02411	0.02989	0.01446	0.74253	0.01832	0.01350	0.01832	0.01157	0.01543	0.00868	0.00482	0.00675	0.00193	0.00964	0.00675	0.00289	0.00771
17	0.02566	0.00973	0.01327	0.01018	0.01460	0.00841	0.00841	0.02788	0.01637	0.76726	0.02257	0.01947	0.01416	0.00708	0.00575	0.00177	0.00487	0.00575	0.00708	0.00973
18	0.00697	0.00498	0.00664	0.00796	0.00830	0.00465	0.00531	0.00796	0.01095	0.01460	0.03153	0.79525	0.03783	0.01792	0.00730	0.00232	0.00332	0.01626	0.00531	0.00465
19	0.01350	0.01543	0.03375	0.02411	0.02989	0.01446	0.74253	0.01832	0.01350	0.01832	0.01157	0.01543	0.00868	0.00482	0.00675	0.00193	0.00964	0.00675	0.00289	0.00771
20	0.00810	0.00585	0.00765	0.00720	0.00855	0.00540	0.00540	0.01079	0.01619	0.02294	0.76028	0.04273	0.05397	0.01169	0.00675	0.00180	0.00270	0.01034	0.00630	0.00540
21	0.02547	0.01005	0.01347	0.01033	0.01476	0.00888	0.00853	0.06384	0.01690	0.73055	0.02212	0.01918	0.01394	0.00707	0.00575	0.00177	0.00494	0.00572	0.00701	0.00973
22	0.00906	0.00647	0.00903	0.01035	0.01160	0.00645	0.00894	0.01157	0.01301	0.01694	0.03037	0.11652	0.03327	0.01595	0.00786	0.00261	0.00513	0.67438	0.00527	0.00522
23	0.02511	0.00986	0.01326	0.01025	0.01461	0.00869	0.00844	0.02800	0.05170	0.73161	0.02260	0.01956	0.01432	0.00711	0.00576	0.00178	0.00485	0.00579	0.00702	0.00970
24	0.02071	0.01691	0.01649	0.01315	0.01736	0.11034	0.01066	0.56204	0.12083	0.03175	0.01438	0.01431	0.01045	0.00686	0.00567	0.00172	0.00656	0.00514	0.00539	0.00926
25	0.83938	0.01106	0.00841	0.00752	0.01106	0.01283	0.00619	0.01681	0.00973	0.02566	0.00796	0.00929	0.00619	0.00531	0.00354	0.00177	0.00442	0.00310	0.00354	0.00619
26	0.02566	0.00973	0.01327	0.01018	0.01460	0.00841	0.00841	0.02788	0.01637	0.76726	0.02257	0.01947	0.01416	0.00708	0.00575	0.00177	0.00487	0.00575	0.00708	0.00973
27	0.00697	0.00498	0.00664	0.00796	0.00830	0.00465	0.00531	0.00796	0.01095	0.01460	0.03153	0.79525	0.03783	0.01792	0.00730	0.00232	0.00332	0.01626	0.00531	0.00465
28	0.00697	0.00498	0.00664	0.00796	0.00830	0.00465	0.00531	0.00796	0.01095	0.01460	0.03153	0.79525	0.03783	0.01792	0.00730	0.00232	0.00332	0.01626	0.00531	0.00465
29	0.01063	0.00532	0.00542	0.00542	0.00670	0.00532	0.00404	0.01310	0.01182	0.02087	0.01831	0.02117	0.01447	0.00719	0.00472	0.03426	0.00276	0.00532	0.79797	0.00522
30	0.01723	0.01287	0.01395	0.01183	0.01551	0.01439	0.00940	0.19520	0.50344	0.10909	0.02099	0.01937	0.01531	0.00748	0.00579	0.00187	0.00497	0.00608	0.00594	0.00928
31	0.01080	0.01017	0.01716	0.78523	0.03940	0.01271	0.01589	0.01461	0.01144	0.01461	0.01017	0.01525	0.00762	0.00572	0.00572	0.00191	0.00762	0.00508	0.00254	0.00635
32	0.03577	0.52541	0.27444	0.01189	0.01792	0.01928	0.01345	0.01745	0.01172	0.01532	0.00872	0.01014	0.00728	0.00508	0.00425	0.00143	0.00685	0.00345	0.00247	0.00768

[dist]
# distance from previous block
# <min> <max>
0	2

[block]
# block no. 7 follows, 41 sequences, length 12
# corresponding to MSA columns:
# 435-446
name=unknown_H
#
# <colnr> <probs for GDERKNQSTAVLIFYWHMCP>
#	G	D	E	R	K	N	Q	S	T	A	V	L	I	F	Y	W	H	M	C	P
0	0.01529	0.80242	0.02997	0.00979	0.01468	0.02263	0.00979	0.01713	0.01162	0.01346	0.00795	0.00918	0.00734	0.00489	0.00367	0.00122	0.00612	0.00306	0.00245	0.00734
1	0.00734	0.00533	0.00742	0.00834	0.00888	0.00541	0.00587	0.00865	0.01041	0.01420	0.02657	0.55914	0.03064	0.02555	0.24225	0.00442	0.00699	0.01317	0.00462	0.00479
2	0.01080	0.01017	0.01716	0.78523	0.03940	0.01271	0.01589	0.01461	0.01144	0.01461	0.01017	0.01525	0.00762	0.00572	0.00572	0.00191	0.00762	0.00508	0.00254	0.00635
3	0.01492	0.01156	0.01450	0.24791	0.02250	0.01330	0.01117	0.06599	0.40050	0.10705	0.01865	0.01883	0.01364	0.00701	0.00578	0.00190	0.00561	0.00589	0.00496	0.00835
4	0.00704	0.00513	0.00663	0.00769	0.00826	0.00472	0.00522	0.00821	0.01156	0.01534	0.09139	0.66451	0.10902	0.01710	0.00720	0.00224	0.00323	0.01539	0.00539	0.00472
5	0.01103	0.00681	0.00733	0.00629	0.00877	0.00603	0.00485	0.01366	0.01195	0.02050	0.01606	0.01843	0.01277	0.00592	0.00407	0.00118	0.00315	0.00474	0.57796	0.25849
6	0.01889	0.01397	0.01538	0.01160	0.01633	0.01426	0.00952	0.49147	0.02186	0.06113	0.01301	0.01340	0.00953	0.00607	0.00527	0.00145	0.00561	0.00464	0.00507	0.26155
7	0.01080	0.01017	0.01716	0.78523	0.03940	0.01271	0.01589	0.01461	0.01144	0.01461	0.01017	0.01525	0.00762	0.00572	0.00572	0.00191	0.00762	0.00508	0.00254	0.00635
8	0.00846	0.00656	0.00823	0.00812	0.00990	0.00556	0.00576	0.00993	0.01123	0.01583	0.02500	0.55590	0.02886	0.01374	0.00636	0.00187	0.00360	0.01233	0.00472	0.25802
9	0.01608	0.01003	0.01229	0.00899	0.01387	0.00786	0.00728	0.01852	0.01324	0.24736	0.01395	0.01419	0.01021	0.00510	0.00470	0.00113	0.00443	0.00411	0.00452	0.58213
10	0.01522	0.01702	0.01712	0.01493	0.01583	0.24926	0.01207	0.01654	0.01104	0.01384	0.00792	0.01184	0.00747	0.00875	0.01461	0.00219	0.55075	0.00460	0.00264	0.00637
11	0.01738	0.02063	0.01316	0.01214	0.01419	0.54062	0.00873	0.01840	0.01380	0.01311	0.01165	0.01860	0.01147	0.24820	0.01248	0.00272	0.00886	0.00510	0.00311	0.00566

[dist]
# distance from previous block
# <min> <max>
0	82

# created by:
# /software/SequenceAnalysis/GenePrediction/augustus/3.0.1/scripts/msa2prfl.pl ./fixed/BUSCOvEOG7NS4RF.fas
