[name]
unknown

[dist]
# distance from previous block
# <min> <max>
18	424

[block]
# block no. 0 follows, 38 sequences, length 11
# corresponding to MSA columns:
# 469-479
name=unknown_A
#
# <colnr> <probs for GDERKNQSTAVLIFYWHMCP>
#	G	D	E	R	K	N	Q	S	T	A	V	L	I	F	Y	W	H	M	C	P
0	0.14926	0.00836	0.00957	0.00904	0.01129	0.00827	0.00677	0.07464	0.01392	0.11692	0.07450	0.38912	0.02768	0.01278	0.00642	0.00208	0.00418	0.01105	0.00550	0.05865
1	0.01432	0.01605	0.13344	0.01854	0.02379	0.01305	0.35959	0.09573	0.01576	0.06400	0.09593	0.08820	0.01738	0.00758	0.00677	0.00200	0.00788	0.00778	0.00417	0.00802
2	0.01054	0.00844	0.01154	0.27092	0.02060	0.00899	0.00950	0.05661	0.01430	0.04655	0.11934	0.08366	0.27260	0.03155	0.00728	0.00211	0.00513	0.00942	0.00476	0.00617
3	0.01968	0.01660	0.01758	0.01429	0.01847	0.12645	0.07529	0.25881	0.26922	0.09290	0.01777	0.01737	0.01298	0.00722	0.00607	0.00187	0.00679	0.00587	0.00548	0.00932
4	0.01238	0.09152	0.53968	0.15005	0.05399	0.01471	0.02011	0.01830	0.01258	0.01801	0.01059	0.01311	0.00777	0.00571	0.00562	0.00187	0.00847	0.00453	0.00258	0.00843
5	0.14839	0.06117	0.09349	0.07505	0.01562	0.01087	0.00966	0.01372	0.01148	0.01811	0.01860	0.27348	0.03493	0.01060	0.00709	0.00199	0.07475	0.00866	0.00398	0.10837
6	0.01440	0.06293	0.01507	0.03599	0.09521	0.01167	0.00930	0.12809	0.07648	0.02199	0.01368	0.03159	0.01127	0.00709	0.00638	0.05872	0.00523	0.00496	0.08286	0.30707
7	0.11059	0.01243	0.09393	0.06396	0.01650	0.01095	0.01022	0.09329	0.01620	0.21747	0.21994	0.02386	0.02345	0.00845	0.00682	0.00192	0.04985	0.00674	0.00549	0.00793
8	0.03365	0.01470	0.12716	0.13309	0.05610	0.01281	0.01302	0.13565	0.11754	0.10293	0.01765	0.02356	0.01438	0.00797	0.00615	0.00196	0.00644	0.10522	0.00471	0.06532
9	0.02119	0.07522	0.01856	0.01447	0.01826	0.38067	0.07527	0.08671	0.01713	0.16098	0.01433	0.06461	0.01160	0.00719	0.00579	0.00172	0.00849	0.00555	0.00433	0.00792
10	0.11371	0.01103	0.01187	0.09282	0.01590	0.07687	0.00829	0.01721	0.01430	0.13770	0.16357	0.03976	0.06852	0.00799	0.00565	0.00165	0.00511	0.00650	0.00485	0.19671

[dist]
# distance from previous block
# <min> <max>
22	30

[block]
# block no. 1 follows, 38 sequences, length 12
# corresponding to MSA columns:
# 516-527
name=unknown_B
#
# <colnr> <probs for GDERKNQSTAVLIFYWHMCP>
#	G	D	E	R	K	N	Q	S	T	A	V	L	I	F	Y	W	H	M	C	P
0	0.01880	0.01849	0.14542	0.01387	0.01813	0.10052	0.01259	0.28390	0.03171	0.10472	0.01395	0.01647	0.01083	0.07316	0.00975	0.00225	0.10683	0.00543	0.00460	0.00859
1	0.12182	0.01115	0.01285	0.01003	0.01444	0.01045	0.00811	0.02077	0.10744	0.18494	0.01492	0.01524	0.01110	0.00612	0.00587	0.00149	0.05187	0.00460	0.00472	0.38206
2	0.07155	0.01242	0.02010	0.38465	0.18011	0.01398	0.09655	0.01876	0.10655	0.01879	0.01260	0.01620	0.00968	0.00602	0.00598	0.00196	0.00742	0.00559	0.00330	0.00778
3	0.10850	0.01729	0.16064	0.07334	0.20066	0.02792	0.01451	0.15914	0.05447	0.02386	0.01205	0.01395	0.00922	0.00594	0.00551	0.00175	0.00681	0.00481	0.00379	0.09584
4	0.01246	0.00927	0.01129	0.07709	0.01451	0.00985	0.00825	0.22837	0.01653	0.02205	0.02489	0.45127	0.02726	0.04744	0.00802	0.00236	0.00494	0.01216	0.00538	0.00661
5	0.43776	0.01192	0.01261	0.01045	0.01372	0.01339	0.05166	0.09396	0.01235	0.02392	0.01061	0.01466	0.00919	0.09537	0.00912	0.00232	0.09291	0.00461	0.00379	0.07570
6	0.00972	0.00955	0.09047	0.09607	0.01396	0.00797	0.00817	0.04896	0.01144	0.01542	0.02123	0.26068	0.02361	0.33683	0.01677	0.00372	0.00574	0.01027	0.00413	0.00529
7	0.01269	0.18358	0.01644	0.14301	0.01763	0.01324	0.00972	0.10631	0.01364	0.01825	0.01730	0.02079	0.07341	0.01876	0.23675	0.00411	0.00909	0.00586	0.07267	0.00675
8	0.01300	0.06085	0.27220	0.02138	0.15105	0.01388	0.23571	0.01763	0.01280	0.01801	0.01223	0.01745	0.01026	0.10656	0.00930	0.00240	0.00845	0.00591	0.00292	0.00802
9	0.01227	0.01356	0.07494	0.01682	0.02123	0.01166	0.32798	0.01615	0.03391	0.01787	0.01516	0.10214	0.01419	0.10805	0.01016	0.00238	0.04077	0.00751	0.00353	0.14973
10	0.01295	0.01719	0.18433	0.01629	0.01966	0.01572	0.09578	0.01613	0.01098	0.01670	0.00939	0.01332	0.00811	0.00805	0.01320	0.00218	0.41913	0.00507	0.00278	0.11304
11	0.01584	0.01350	0.01678	0.07365	0.25036	0.09354	0.01214	0.02045	0.10848	0.11397	0.01993	0.02082	0.09515	0.00714	0.00587	0.00173	0.00623	0.00608	0.00433	0.11402

[dist]
# distance from previous block
# <min> <max>
5	501

# created by:
# /software/SequenceAnalysis/GenePrediction/augustus/3.0.1/scripts/msa2prfl.pl ./fixed/BUSCOvEOG72576J.fas
