[name]
unknown

[dist]
# distance from previous block
# <min> <max>
0	51

[block]
# block no. 0 follows, 41 sequences, length 11
# corresponding to MSA columns:
# 52-62
name=unknown_A
#
# <colnr> <probs for GDERKNQSTAVLIFYWHMCP>
#	G	D	E	R	K	N	Q	S	T	A	V	L	I	F	Y	W	H	M	C	P
0	0.01342	0.03957	0.06683	0.10712	0.02666	0.09029	0.43764	0.01754	0.01357	0.01770	0.07350	0.01668	0.01209	0.00562	0.00622	0.00180	0.00854	0.00619	0.00312	0.03589
1	0.01142	0.01080	0.01827	0.64685	0.17295	0.01287	0.01619	0.01516	0.01173	0.01537	0.01028	0.01505	0.00789	0.00560	0.00571	0.00187	0.00747	0.00509	0.00260	0.00685
2	0.66713	0.04033	0.01037	0.07286	0.01388	0.01279	0.00734	0.01762	0.01054	0.09019	0.00945	0.01069	0.00706	0.00549	0.00392	0.00176	0.00479	0.00350	0.00373	0.00657
3	0.00793	0.00746	0.07105	0.00922	0.01052	0.00586	0.00755	0.00987	0.01183	0.01591	0.06672	0.52005	0.03495	0.01606	0.00726	0.00233	0.00417	0.18100	0.00511	0.00515
4	0.00861	0.00592	0.00770	0.00732	0.00872	0.00543	0.00546	0.01110	0.01564	0.04970	0.64570	0.10523	0.07748	0.01215	0.00676	0.00185	0.00284	0.01073	0.00621	0.00547
5	0.00686	0.00580	0.00594	0.00590	0.00779	0.00487	0.00443	0.00841	0.01328	0.01602	0.11128	0.05411	0.70729	0.01427	0.00676	0.00192	0.00288	0.01194	0.00539	0.00487
6	0.01369	0.01010	0.01297	0.01274	0.01421	0.01028	0.00940	0.01416	0.01267	0.01837	0.02014	0.02886	0.01879	0.04327	0.71410	0.00953	0.01623	0.00770	0.00487	0.00792
7	0.01343	0.00980	0.01131	0.01080	0.01258	0.00858	0.00768	0.01429	0.01852	0.02607	0.59675	0.08225	0.12852	0.01525	0.00890	0.00279	0.00471	0.01201	0.00768	0.00809
8	0.01678	0.00999	0.01006	0.00980	0.01161	0.00911	0.00689	0.01757	0.01573	0.02642	0.02389	0.02880	0.01980	0.01059	0.00671	0.00248	0.00494	0.00722	0.75306	0.00855
9	0.01383	0.00957	0.01026	0.01004	0.01056	0.00881	0.00602	0.01242	0.01187	0.01637	0.02262	0.04257	0.02474	0.73615	0.02937	0.00619	0.00727	0.00971	0.00524	0.00642
10	0.01383	0.00957	0.01026	0.01004	0.01056	0.00881	0.00602	0.01242	0.01187	0.01637	0.02262	0.04257	0.02474	0.73615	0.02937	0.00619	0.00727	0.00971	0.00524	0.00642

[dist]
# distance from previous block
# <min> <max>
0	1

[block]
# block no. 1 follows, 41 sequences, length 28
# corresponding to MSA columns:
# 64-91
name=unknown_B
#
# <colnr> <probs for GDERKNQSTAVLIFYWHMCP>
#	G	D	E	R	K	N	Q	S	T	A	V	L	I	F	Y	W	H	M	C	P
0	0.01545	0.01541	0.02272	0.03304	0.67659	0.09640	0.01699	0.01846	0.01369	0.01865	0.01108	0.01446	0.00938	0.00554	0.00583	0.00177	0.00734	0.00511	0.00303	0.00905
1	0.79526	0.04757	0.00978	0.00800	0.01162	0.01355	0.00659	0.01717	0.01017	0.02552	0.00852	0.01005	0.00677	0.00565	0.00379	0.00184	0.00469	0.00328	0.00367	0.00652
2	0.02536	0.01027	0.01360	0.01062	0.01499	0.00908	0.00866	0.02828	0.06294	0.71468	0.02304	0.02026	0.01482	0.00746	0.00598	0.00188	0.00503	0.00596	0.00715	0.00994
3	0.05438	0.32048	0.10240	0.01229	0.01678	0.16859	0.01122	0.06297	0.16123	0.01852	0.01231	0.01316	0.00995	0.00621	0.00494	0.00163	0.00699	0.00429	0.00364	0.00801
4	0.01491	0.13195	0.23128	0.02297	0.33065	0.01554	0.01648	0.09722	0.04656	0.02035	0.01161	0.01385	0.00924	0.00583	0.00555	0.00177	0.00717	0.00479	0.00329	0.00897
5	0.01450	0.30740	0.41485	0.01391	0.02064	0.01741	0.01603	0.09671	0.01384	0.01885	0.01034	0.01194	0.00806	0.00575	0.00505	0.00169	0.00753	0.00408	0.00297	0.00845
6	0.00769	0.00566	0.00708	0.00797	0.00875	0.00515	0.00551	0.00883	0.01225	0.01621	0.11500	0.56910	0.15602	0.01689	0.00738	0.00230	0.00343	0.03413	0.00558	0.00506
7	0.00800	0.00600	0.00733	0.00814	0.00902	0.00561	0.00562	0.00990	0.05448	0.01635	0.08524	0.57314	0.15598	0.01660	0.00730	0.00229	0.00347	0.01469	0.00557	0.00527
8	0.01471	0.01082	0.01271	0.00932	0.01430	0.00862	0.00745	0.05828	0.01363	0.11553	0.01248	0.01368	0.00977	0.00511	0.00475	0.00112	0.00462	0.00397	0.00417	0.67494
9	0.01467	0.01393	0.02348	0.03525	0.75732	0.01385	0.01769	0.01789	0.01334	0.01916	0.01129	0.01488	0.00956	0.00545	0.00589	0.00180	0.00696	0.00526	0.00302	0.00931
10	0.00960	0.00693	0.00937	0.01056	0.01196	0.00679	0.00910	0.01199	0.01348	0.01749	0.03253	0.06417	0.08269	0.01598	0.00803	0.00268	0.00528	0.67043	0.00543	0.00552
11	0.01172	0.00798	0.00983	0.00914	0.01086	0.00713	0.00671	0.01361	0.01759	0.06642	0.69169	0.04368	0.05232	0.01287	0.00771	0.00225	0.00376	0.01067	0.00707	0.00697
12	0.02320	0.02327	0.01782	0.01523	0.01898	0.42765	0.01170	0.33338	0.02188	0.02536	0.01297	0.01458	0.01029	0.00762	0.00625	0.00195	0.00909	0.00498	0.00482	0.00897
13	0.01652	0.01356	0.01434	0.01277	0.01611	0.01496	0.00979	0.10720	0.60211	0.02676	0.07390	0.02442	0.02070	0.00918	0.00670	0.00226	0.00528	0.00717	0.00644	0.00982
14	0.00909	0.00652	0.00814	0.00934	0.00986	0.00591	0.00622	0.00952	0.01221	0.01648	0.03284	0.77326	0.03878	0.01885	0.00809	0.00267	0.00404	0.01653	0.00592	0.00572
15	0.00909	0.00652	0.00814	0.00934	0.00986	0.00591	0.00622	0.00952	0.01221	0.01648	0.03284	0.77326	0.03878	0.01885	0.00809	0.00267	0.00404	0.01653	0.00592	0.00572
16	0.02308	0.02688	0.01752	0.01573	0.01896	0.67082	0.01176	0.10204	0.01846	0.01829	0.01140	0.01348	0.00954	0.00731	0.00607	0.00187	0.01038	0.00451	0.00393	0.00798
17	0.01006	0.00726	0.00905	0.00894	0.01027	0.00658	0.00653	0.01185	0.01620	0.02277	0.56866	0.17397	0.05034	0.01414	0.00772	0.00230	0.00371	0.05670	0.00664	0.00631
18	0.01557	0.01436	0.02333	0.14343	0.63700	0.01444	0.01784	0.01839	0.01399	0.01985	0.01264	0.01699	0.01071	0.00652	0.00651	0.00209	0.00753	0.00572	0.00348	0.00961
19	0.00909	0.00652	0.00814	0.00934	0.00986	0.00591	0.00622	0.00952	0.01221	0.01648	0.03284	0.77326	0.03878	0.01885	0.00809	0.00267	0.00404	0.01653	0.00592	0.00572
20	0.02097	0.01516	0.01648	0.06166	0.01863	0.01632	0.01084	0.56171	0.02433	0.03359	0.01615	0.01771	0.01221	0.00804	0.00628	0.00203	0.00644	0.00580	0.13592	0.00974
21	0.01345	0.03035	0.74677	0.01742	0.02581	0.01427	0.02154	0.01935	0.01330	0.01989	0.01225	0.01482	0.00916	0.00676	0.00628	0.00217	0.00901	0.00488	0.00312	0.00941
22	0.01771	0.06807	0.01583	0.01274	0.01629	0.05026	0.00995	0.19261	0.38786	0.04034	0.02330	0.05883	0.05959	0.00937	0.00657	0.00219	0.00585	0.00715	0.00600	0.00948
23	0.06670	0.15415	0.51112	0.01518	0.02235	0.01531	0.01755	0.01934	0.01324	0.05050	0.01222	0.01446	0.00946	0.00667	0.00583	0.00203	0.00803	0.00464	0.00343	0.04778
24	0.06964	0.02458	0.01699	0.01508	0.01846	0.54563	0.01138	0.14802	0.05081	0.02079	0.01229	0.01412	0.01006	0.00742	0.00604	0.00192	0.00954	0.00469	0.00427	0.00826
25	0.83586	0.01126	0.00862	0.00773	0.01128	0.01298	0.00632	0.01700	0.00992	0.02589	0.00826	0.00970	0.00648	0.00550	0.00367	0.00182	0.00453	0.00320	0.00364	0.00634
26	0.03649	0.01484	0.07394	0.03288	0.67054	0.01371	0.03638	0.01778	0.01306	0.01908	0.01096	0.01431	0.00912	0.00531	0.00574	0.00177	0.00701	0.00512	0.00292	0.00904
27	0.01087	0.00988	0.01463	0.14423	0.01786	0.01243	0.03429	0.01278	0.01027	0.01459	0.01456	0.10157	0.01484	0.03801	0.12924	0.00353	0.33084	0.07633	0.00329	0.00595

[dist]
# distance from previous block
# <min> <max>
0	2

[block]
# block no. 2 follows, 41 sequences, length 25
# corresponding to MSA columns:
# 94-118
name=unknown_C
#
# <colnr> <probs for GDERKNQSTAVLIFYWHMCP>
#	G	D	E	R	K	N	Q	S	T	A	V	L	I	F	Y	W	H	M	C	P
0	0.00914	0.00716	0.00783	0.00759	0.00944	0.00615	0.00556	0.01052	0.01523	0.01979	0.31029	0.05186	0.48786	0.01441	0.00747	0.00220	0.00348	0.01181	0.00621	0.00599
1	0.00979	0.00704	0.00864	0.00952	0.01029	0.00659	0.00647	0.05564	0.01308	0.01763	0.03158	0.72650	0.03691	0.01805	0.00790	0.00259	0.00415	0.01581	0.00588	0.00593
2	0.08612	0.55480	0.15211	0.01242	0.01787	0.02054	0.04067	0.01845	0.01271	0.01717	0.01031	0.01244	0.00899	0.00621	0.00488	0.00173	0.00707	0.00402	0.00318	0.00833
3	0.00886	0.00635	0.00798	0.00920	0.00970	0.00577	0.00612	0.00936	0.01207	0.01628	0.03269	0.77563	0.03868	0.01875	0.00800	0.00263	0.00396	0.01651	0.00585	0.00561
4	0.01423	0.01179	0.01371	0.05197	0.01649	0.00963	0.00832	0.06544	0.01396	0.02117	0.01218	0.01462	0.01019	0.00571	0.00520	0.00131	0.00518	0.00421	0.00410	0.71058
5	0.74795	0.07936	0.01153	0.00896	0.01269	0.01456	0.00728	0.01798	0.01105	0.02600	0.00980	0.01181	0.00803	0.00646	0.00436	0.00205	0.00518	0.00371	0.00404	0.00721
6	0.02111	0.25760	0.02158	0.01399	0.01793	0.38394	0.01129	0.16121	0.01787	0.01978	0.01133	0.01313	0.00952	0.00695	0.00558	0.00178	0.00873	0.00438	0.00394	0.00835
7	0.00916	0.00705	0.00793	0.00788	0.00951	0.00612	0.00568	0.01046	0.01491	0.01960	0.30002	0.15534	0.39350	0.01492	0.00755	0.00226	0.00354	0.01242	0.00620	0.00596
8	0.00886	0.00635	0.00798	0.00920	0.00970	0.00577	0.00612	0.00936	0.01207	0.01628	0.03269	0.77563	0.03868	0.01875	0.00800	0.00263	0.00396	0.01651	0.00585	0.00561
9	0.00924	0.00759	0.00775	0.00756	0.00967	0.00662	0.00556	0.01125	0.06478	0.01809	0.09394	0.05332	0.65251	0.01480	0.00741	0.00224	0.00366	0.01196	0.00594	0.00610
10	0.00906	0.00716	0.00772	0.00751	0.00939	0.00612	0.00550	0.01037	0.01505	0.01936	0.26984	0.05257	0.52857	0.01457	0.00747	0.00221	0.00349	0.01191	0.00615	0.00596
11	0.01362	0.01139	0.01306	0.00969	0.01481	0.00867	0.00755	0.01561	0.01296	0.02020	0.01194	0.01431	0.01015	0.00545	0.00502	0.00120	0.00486	0.00400	0.00399	0.81154
12	0.01521	0.01651	0.03433	0.02488	0.03069	0.01531	0.72257	0.01942	0.01455	0.01990	0.01330	0.01778	0.01035	0.00602	0.00747	0.00225	0.01011	0.00726	0.00351	0.00859
13	0.02703	0.01097	0.01443	0.01135	0.01582	0.00943	0.00913	0.02871	0.01734	0.74774	0.02399	0.02171	0.01568	0.00821	0.00650	0.00209	0.00547	0.00629	0.00757	0.01055
14	0.01592	0.01345	0.01410	0.01277	0.01609	0.01508	0.00976	0.03115	0.73318	0.02534	0.02468	0.02353	0.01888	0.00888	0.00656	0.00226	0.00514	0.00699	0.00635	0.00989
15	0.00928	0.00679	0.00842	0.00924	0.01014	0.00602	0.00624	0.00990	0.01215	0.01662	0.03088	0.70921	0.03619	0.01759	0.00774	0.00250	0.00404	0.01541	0.00569	0.07592
16	0.76228	0.01217	0.01003	0.00895	0.01263	0.01342	0.00713	0.01871	0.01134	0.07765	0.01079	0.01251	0.00848	0.00662	0.00450	0.00209	0.00507	0.00389	0.00438	0.00735
17	0.81783	0.01226	0.00970	0.00877	0.01238	0.01373	0.00698	0.01796	0.01089	0.02703	0.00980	0.01182	0.00794	0.00649	0.00435	0.00209	0.00504	0.00371	0.00413	0.00711
18	0.01211	0.01151	0.01953	0.49170	0.32267	0.01305	0.01654	0.01576	0.01206	0.01621	0.01040	0.01482	0.00819	0.00548	0.00570	0.00183	0.00730	0.00509	0.00265	0.00741
19	0.01232	0.00684	0.00901	0.00813	0.01023	0.00611	0.00623	0.01459	0.01510	0.20161	0.40439	0.15447	0.05663	0.01142	0.00652	0.00186	0.00344	0.02625	0.00617	0.03867
20	0.01406	0.01349	0.02305	0.05624	0.74291	0.01357	0.01751	0.01747	0.01298	0.01857	0.01074	0.01419	0.00902	0.00511	0.00566	0.00170	0.00682	0.00510	0.00282	0.00898
21	0.77039	0.01095	0.00882	0.00775	0.01136	0.01246	0.00638	0.01775	0.01030	0.08854	0.00920	0.01015	0.00687	0.00546	0.00373	0.00177	0.00446	0.00332	0.00384	0.00649
22	0.01097	0.01034	0.01746	0.74799	0.07533	0.01275	0.01597	0.01476	0.01152	0.01482	0.01020	0.01520	0.00770	0.00569	0.00572	0.00190	0.00758	0.00508	0.00256	0.00649
23	0.17054	0.01856	0.01432	0.01267	0.03374	0.33822	0.00969	0.16297	0.01676	0.10878	0.01173	0.01259	0.00883	0.00716	0.02675	0.00183	0.00767	0.00425	0.02544	0.00750
24	0.00897	0.00641	0.00891	0.01006	0.01132	0.00635	0.00861	0.01151	0.01331	0.01750	0.09861	0.10842	0.03520	0.01555	0.00775	0.00254	0.00490	0.61346	0.00537	0.00524

[dist]
# distance from previous block
# <min> <max>
0	1

[block]
# block no. 3 follows, 41 sequences, length 6
# corresponding to MSA columns:
# 120-125
name=unknown_D
#
# <colnr> <probs for GDERKNQSTAVLIFYWHMCP>
#	G	D	E	R	K	N	Q	S	T	A	V	L	I	F	Y	W	H	M	C	P
0	0.00817	0.00613	0.00919	0.00919	0.01021	0.00715	0.00715	0.01021	0.00919	0.01328	0.01532	0.02247	0.01430	0.04290	0.77631	0.00919	0.01532	0.00613	0.00306	0.00511
1	0.01251	0.01251	0.01752	0.01502	0.01502	0.01752	0.01251	0.01377	0.00876	0.01377	0.00751	0.01251	0.00751	0.01001	0.01877	0.00250	0.78851	0.00501	0.00250	0.00626
2	0.07353	0.05278	0.01573	0.01206	0.01598	0.12201	0.00981	0.45017	0.07040	0.02914	0.01347	0.01393	0.01000	0.00658	0.00526	0.00164	0.00629	0.00482	0.07788	0.00852
3	0.02137	0.02726	0.01621	0.01474	0.01768	0.77602	0.01105	0.02284	0.01621	0.01400	0.00884	0.01031	0.00737	0.00589	0.00516	0.00147	0.01031	0.00368	0.00295	0.00663
4	0.01625	0.01115	0.01206	0.00979	0.01322	0.01155	0.00791	0.37147	0.02007	0.09879	0.02972	0.02867	0.26111	0.00941	0.00593	0.00176	0.00474	0.00753	0.07111	0.00775
5	0.59384	0.09009	0.09185	0.00921	0.01350	0.01430	0.00857	0.08652	0.01181	0.02468	0.00876	0.01000	0.00675	0.00543	0.00396	0.00172	0.00519	0.00341	0.00352	0.00688

[dist]
# distance from previous block
# <min> <max>
2	3

[block]
# block no. 4 follows, 41 sequences, length 16
# corresponding to MSA columns:
# 129-144
name=unknown_E
#
# <colnr> <probs for GDERKNQSTAVLIFYWHMCP>
#	G	D	E	R	K	N	Q	S	T	A	V	L	I	F	Y	W	H	M	C	P
0	0.71374	0.01268	0.01088	0.00966	0.01342	0.01364	0.00761	0.01977	0.01220	0.11324	0.01235	0.01419	0.00968	0.00726	0.00498	0.00225	0.00538	0.00431	0.00482	0.00795
1	0.01082	0.00774	0.00943	0.01028	0.01116	0.00720	0.00726	0.03632	0.01333	0.01796	0.03114	0.53164	0.03560	0.09120	0.01042	0.00311	0.00495	0.14826	0.00595	0.00624
2	0.04775	0.02386	0.45560	0.12634	0.09756	0.01434	0.05987	0.01964	0.01388	0.05718	0.01349	0.01676	0.01037	0.00722	0.00662	0.00229	0.00865	0.00546	0.00370	0.00941
3	0.00703	0.00500	0.00662	0.00789	0.00821	0.00469	0.00523	0.00798	0.01084	0.01445	0.03093	0.76186	0.03708	0.05234	0.00826	0.00246	0.00342	0.01591	0.00523	0.00459
4	0.00817	0.00613	0.00919	0.00919	0.01021	0.00715	0.00715	0.01021	0.00919	0.01328	0.01532	0.02247	0.01430	0.04290	0.77631	0.00919	0.01532	0.00613	0.00306	0.00511
5	0.02070	0.01650	0.06324	0.01401	0.01891	0.01680	0.06503	0.61454	0.02454	0.06734	0.01377	0.01402	0.00971	0.00664	0.00578	0.00174	0.00660	0.00524	0.00538	0.00950
6	0.01520	0.01420	0.02599	0.07578	0.02559	0.01439	0.43129	0.12817	0.05951	0.07002	0.01339	0.03111	0.01016	0.00607	0.00708	0.00193	0.05196	0.00640	0.00377	0.00799
7	0.00816	0.00548	0.00628	0.00644	0.00648	0.00544	0.00368	0.00828	0.00862	0.01150	0.01958	0.12486	0.02276	0.70887	0.02660	0.00517	0.00529	0.00923	0.00368	0.00360
8	0.00789	0.00584	0.00737	0.00699	0.00842	0.00531	0.00524	0.01041	0.01572	0.02181	0.65460	0.04458	0.16035	0.01211	0.00675	0.00182	0.00273	0.01060	0.00615	0.00531
9	0.01866	0.01337	0.03212	0.01164	0.01550	0.04120	0.00952	0.24717	0.27852	0.17847	0.05549	0.01905	0.01552	0.00739	0.00574	0.00179	0.00530	0.00592	0.02861	0.00901
10	0.01107	0.00891	0.01335	0.01262	0.01415	0.00816	0.12800	0.01197	0.01303	0.01777	0.02916	0.59286	0.03304	0.01846	0.05147	0.00312	0.00604	0.01451	0.00564	0.00668
11	0.01066	0.00533	0.00533	0.00533	0.00666	0.00533	0.00400	0.01333	0.01200	0.02132	0.01866	0.02132	0.01466	0.00666	0.00400	0.00133	0.00267	0.00533	0.83073	0.00533
12	0.01231	0.02434	0.51462	0.02129	0.18058	0.01351	0.11648	0.01802	0.01247	0.01826	0.01054	0.01296	0.00782	0.00528	0.00566	0.00180	0.00826	0.00475	0.00257	0.00848
13	0.01479	0.01582	0.14203	0.06500	0.47787	0.01353	0.01677	0.06161	0.01369	0.07412	0.01156	0.01417	0.00905	0.00564	0.00618	0.00177	0.03938	0.00500	0.00322	0.00880
14	0.01245	0.02561	0.60248	0.08382	0.02578	0.01302	0.07278	0.01843	0.01239	0.06445	0.01112	0.01306	0.00781	0.00552	0.00558	0.00183	0.00824	0.00458	0.00275	0.00830
15	0.00745	0.00550	0.00747	0.00891	0.03967	0.00515	0.00581	0.00884	0.01197	0.01619	0.15314	0.61804	0.05791	0.01626	0.00713	0.00220	0.00335	0.01470	0.00537	0.00496

[dist]
# distance from previous block
# <min> <max>
2	12

[block]
# block no. 5 follows, 41 sequences, length 11
# corresponding to MSA columns:
# 157-167
name=unknown_F
#
# <colnr> <probs for GDERKNQSTAVLIFYWHMCP>
#	G	D	E	R	K	N	Q	S	T	A	V	L	I	F	Y	W	H	M	C	P
0	0.01003	0.00651	0.00846	0.00780	0.00951	0.00610	0.00599	0.01325	0.04729	0.09179	0.62979	0.04058	0.04784	0.01127	0.00666	0.00184	0.00309	0.03993	0.00631	0.00595
1	0.01031	0.00863	0.06165	0.00857	0.01087	0.00729	0.00714	0.03861	0.08213	0.06724	0.52253	0.05697	0.07385	0.01075	0.00649	0.00183	0.00354	0.00935	0.00594	0.00630
2	0.00831	0.00819	0.08488	0.00813	0.01014	0.00612	0.00695	0.01123	0.01526	0.02155	0.60370	0.09675	0.07367	0.01163	0.00666	0.00184	0.00334	0.01023	0.00579	0.00563
3	0.01309	0.02058	0.38086	0.12902	0.26213	0.01301	0.01850	0.01803	0.01255	0.06276	0.01115	0.01363	0.00829	0.00546	0.00557	0.00179	0.00759	0.00472	0.00285	0.00843
4	0.01251	0.01251	0.01752	0.01502	0.01502	0.01752	0.01251	0.01377	0.00876	0.01377	0.00751	0.01251	0.00751	0.01001	0.01877	0.00250	0.78851	0.00501	0.00250	0.00626
5	0.83938	0.01106	0.00841	0.00752	0.01106	0.01283	0.00619	0.01681	0.00973	0.02566	0.00796	0.00929	0.00619	0.00531	0.00354	0.00177	0.00442	0.00310	0.00354	0.00619
6	0.01321	0.01140	0.01196	0.01084	0.01390	0.01294	0.00841	0.02736	0.65179	0.02277	0.02802	0.02595	0.11913	0.00868	0.00595	0.00194	0.00430	0.00723	0.00575	0.00848
7	0.00817	0.00613	0.00919	0.00919	0.01021	0.00715	0.00715	0.01021	0.00919	0.01328	0.01532	0.02247	0.01430	0.04290	0.77631	0.00919	0.01532	0.00613	0.00306	0.00511
8	0.75521	0.01097	0.00930	0.08653	0.01394	0.01282	0.00718	0.01659	0.00991	0.02454	0.00819	0.00990	0.00634	0.00535	0.00376	0.00178	0.00475	0.00330	0.00344	0.00621
9	0.07386	0.02558	0.01664	0.01477	0.01791	0.68586	0.04992	0.02221	0.01565	0.01498	0.00893	0.01052	0.00736	0.00580	0.00514	0.00152	0.00990	0.00381	0.00298	0.00666
10	0.01114	0.01051	0.01776	0.71034	0.11167	0.01280	0.01605	0.01491	0.01160	0.01502	0.01023	0.01514	0.00777	0.00566	0.00571	0.00189	0.00754	0.00508	0.00257	0.00662

[dist]
# distance from previous block
# <min> <max>
11	69

# created by:
# /software/SequenceAnalysis/GenePrediction/augustus/3.0.1/scripts/msa2prfl.pl ./fixed/BUSCOvEOG7Q2FWM.fas
