[name]
unknown

[dist]
# distance from previous block
# <min> <max>
6	152

[block]
# block no. 0 follows, 39 sequences, length 9
# corresponding to MSA columns:
# 152-160
name=unknown_A
#
# <colnr> <probs for GDERKNQSTAVLIFYWHMCP>
#	G	D	E	R	K	N	Q	S	T	A	V	L	I	F	Y	W	H	M	C	P
0	0.01497	0.02648	0.54380	0.01590	0.02347	0.01508	0.01874	0.22857	0.01697	0.02416	0.01166	0.01299	0.00824	0.00605	0.00571	0.00184	0.00809	0.00465	0.00350	0.00913
1	0.01001	0.00894	0.01455	0.55263	0.03132	0.01070	0.01322	0.01310	0.01168	0.01511	0.01698	0.24192	0.01703	0.00961	0.00639	0.00210	0.00658	0.00864	0.00347	0.00605
2	0.01226	0.01051	0.01226	0.00876	0.01401	0.00788	0.00701	0.01489	0.01226	0.01927	0.01051	0.01226	0.00876	0.00438	0.00438	0.00088	0.00438	0.00350	0.00350	0.82832
3	0.01161	0.01004	0.01376	0.23367	0.02105	0.01071	0.01042	0.06219	0.01275	0.01799	0.03812	0.16513	0.01585	0.00873	0.00747	0.00179	0.10082	0.00715	0.00378	0.24697
4	0.01744	0.02036	0.01421	0.01400	0.04648	0.48153	0.00996	0.04887	0.01549	0.01582	0.01630	0.23862	0.01701	0.00974	0.00603	0.00180	0.00822	0.00774	0.00388	0.00650
5	0.01226	0.01051	0.01226	0.00876	0.01401	0.00788	0.00701	0.01489	0.01226	0.01927	0.01051	0.01226	0.00876	0.00438	0.00438	0.00088	0.00438	0.00350	0.00350	0.82832
6	0.01531	0.01696	0.01713	0.01503	0.01600	0.23703	0.01212	0.01673	0.01134	0.01427	0.00871	0.01297	0.00820	0.01140	0.06595	0.00274	0.50399	0.00485	0.00276	0.00650
7	0.01399	0.01415	0.02639	0.12786	0.45181	0.01420	0.22742	0.01799	0.01340	0.01867	0.01129	0.01517	0.00906	0.00527	0.00619	0.00185	0.00800	0.00577	0.00291	0.00860
8	0.00739	0.00601	0.00655	0.00642	0.00824	0.00516	0.00481	0.00927	0.01443	0.01824	0.26255	0.05318	0.54882	0.01413	0.00699	0.00196	0.00294	0.01196	0.00579	0.00516

[dist]
# distance from previous block
# <min> <max>
8	80

[block]
# block no. 1 follows, 39 sequences, length 8
# corresponding to MSA columns:
# 243-250
name=unknown_B
#
# <colnr> <probs for GDERKNQSTAVLIFYWHMCP>
#	G	D	E	R	K	N	Q	S	T	A	V	L	I	F	Y	W	H	M	C	P
0	0.01226	0.01051	0.01226	0.00876	0.01401	0.00788	0.00701	0.01489	0.01226	0.01927	0.01051	0.01226	0.00876	0.00438	0.00438	0.00088	0.00438	0.00350	0.00350	0.82832
1	0.04021	0.01235	0.01744	0.30597	0.05008	0.01553	0.01371	0.13380	0.01346	0.01897	0.01080	0.03920	0.00921	0.00806	0.01069	0.00216	0.28237	0.00555	0.00329	0.00714
2	0.01279	0.00657	0.00884	0.00889	0.01046	0.00593	0.00641	0.01418	0.01294	0.22997	0.02992	0.56653	0.03205	0.01529	0.00709	0.00224	0.00389	0.01368	0.00602	0.00632
3	0.01582	0.01187	0.01279	0.01064	0.01395	0.01255	0.00847	0.42136	0.02131	0.02794	0.03003	0.13753	0.22868	0.01101	0.00646	0.00193	0.00505	0.00904	0.00573	0.00784
4	0.01751	0.01331	0.01475	0.01132	0.01573	0.01349	0.00921	0.42363	0.02173	0.03013	0.11895	0.01794	0.01624	0.00703	0.00562	0.00153	0.00536	0.00557	0.00530	0.24565
5	0.01003	0.00784	0.00933	0.00888	0.01069	0.00810	0.00666	0.01659	0.22610	0.02277	0.43878	0.14449	0.04251	0.01184	0.00678	0.00198	0.00343	0.01041	0.00622	0.00656
6	0.01169	0.00896	0.01095	0.00845	0.01219	0.00709	0.00647	0.01282	0.01095	0.01667	0.01044	0.01391	0.00920	0.00905	0.00979	0.23965	0.00460	0.00397	0.00323	0.58992
7	0.01818	0.01506	0.22823	0.01160	0.01659	0.00945	0.01169	0.02177	0.01523	0.37762	0.15205	0.02314	0.02038	0.04345	0.00714	0.00203	0.00573	0.00648	0.00561	0.00857

[dist]
# distance from previous block
# <min> <max>
57	242

# created by:
# /software/SequenceAnalysis/GenePrediction/augustus/3.0.1/scripts/msa2prfl.pl ./fixed/BUSCOvEOG72V9W9.fas
