[name]
unknown

[dist]
# distance from previous block
# <min> <max>
0	89

[block]
# block no. 0 follows, 41 sequences, length 14
# corresponding to MSA columns:
# 104-117
name=unknown_A
#
# <colnr> <probs for GDERKNQSTAVLIFYWHMCP>
#	G	D	E	R	K	N	Q	S	T	A	V	L	I	F	Y	W	H	M	C	P
0	0.07741	0.01248	0.01949	0.21169	0.30057	0.03811	0.08414	0.03368	0.01265	0.04714	0.01212	0.06436	0.01038	0.00645	0.00634	0.00185	0.04457	0.00579	0.00320	0.00759
1	0.01646	0.01985	0.34109	0.01387	0.01986	0.07004	0.06250	0.02067	0.01371	0.24353	0.01497	0.05211	0.01100	0.00644	0.00560	0.00173	0.00703	0.00533	0.00411	0.07011
2	0.83938	0.01106	0.00841	0.00752	0.01106	0.01283	0.00619	0.01681	0.00973	0.02566	0.00796	0.00929	0.00619	0.00531	0.00354	0.00177	0.00442	0.00310	0.00354	0.00619
3	0.01012	0.16403	0.01255	0.00820	0.01045	0.00977	0.00664	0.01408	0.10062	0.02045	0.46019	0.07009	0.07074	0.01031	0.00606	0.00173	0.00363	0.00881	0.00539	0.00615
4	0.00899	0.00730	0.01060	0.01013	0.01091	0.00901	0.00797	0.01078	0.00907	0.01326	0.01399	0.02138	0.01336	0.07618	0.59499	0.00775	0.16008	0.00603	0.00298	0.00524
5	0.01140	0.05730	0.69243	0.01547	0.02333	0.01313	0.01969	0.01761	0.01232	0.01825	0.05838	0.01394	0.01025	0.00582	0.00545	0.00179	0.00800	0.00458	0.00267	0.00821
6	0.00678	0.00573	0.00586	0.00596	0.00777	0.00482	0.00442	0.00819	0.01288	0.01539	0.05597	0.11032	0.70698	0.01474	0.00680	0.00196	0.00293	0.01238	0.00531	0.00482
7	0.02174	0.01602	0.01717	0.01316	0.01774	0.01774	0.01087	0.74423	0.02689	0.03605	0.01373	0.01373	0.00973	0.00687	0.00572	0.00172	0.00629	0.00515	0.00572	0.00973
8	0.01063	0.00945	0.01127	0.01062	0.01217	0.05817	0.04531	0.01511	0.15987	0.01726	0.08606	0.30666	0.02676	0.06167	0.00922	0.00233	0.07996	0.04731	0.00479	0.02541
9	0.24109	0.01431	0.07010	0.04864	0.01680	0.01441	0.01025	0.36090	0.01871	0.07563	0.01350	0.03313	0.01051	0.00698	0.00525	0.00181	0.00581	0.03919	0.00479	0.00818
10	0.01293	0.01013	0.01197	0.00860	0.01364	0.00769	0.00690	0.01544	0.01221	0.07653	0.01113	0.01245	0.00891	0.00446	0.00435	0.00092	0.00428	0.00357	0.00367	0.77021
11	0.01726	0.01379	0.01464	0.01225	0.01603	0.01564	0.00979	0.31807	0.46036	0.02881	0.01943	0.01827	0.01434	0.00740	0.00578	0.00185	0.00524	0.00594	0.00578	0.00933
12	0.83938	0.01106	0.00841	0.00752	0.01106	0.01283	0.00619	0.01681	0.00973	0.02566	0.00796	0.00929	0.00619	0.00531	0.00354	0.00177	0.00442	0.00310	0.00354	0.00619
13	0.00784	0.00584	0.00730	0.00693	0.00839	0.00529	0.00520	0.01031	0.01560	0.02152	0.62773	0.04505	0.18740	0.01222	0.00675	0.00182	0.00274	0.01067	0.00611	0.00529

[dist]
# distance from previous block
# <min> <max>
1	3

[block]
# block no. 1 follows, 41 sequences, length 6
# corresponding to MSA columns:
# 123-128
name=unknown_B
#
# <colnr> <probs for GDERKNQSTAVLIFYWHMCP>
#	G	D	E	R	K	N	Q	S	T	A	V	L	I	F	Y	W	H	M	C	P
0	0.01413	0.01222	0.01819	0.54599	0.10488	0.01421	0.01524	0.16488	0.01523	0.02012	0.01171	0.01584	0.00892	0.00640	0.00603	0.00198	0.00750	0.00534	0.00349	0.00770
1	0.00829	0.00645	0.00788	0.00746	0.00936	0.00552	0.00547	0.01022	0.01315	0.01821	0.26231	0.27086	0.15974	0.01256	0.00641	0.00179	0.00324	0.01104	0.00523	0.17481
2	0.01162	0.00967	0.01440	0.13662	0.01785	0.01032	0.10319	0.01448	0.01150	0.01797	0.01267	0.01609	0.01022	0.00636	0.00728	0.00161	0.14301	0.00502	0.27440	0.17572
3	0.00806	0.00611	0.00779	0.00801	0.00939	0.00532	0.00562	0.00951	0.01155	0.01608	0.08447	0.57557	0.03309	0.01463	0.00663	0.00198	0.00346	0.01316	0.00499	0.17460
4	0.00995	0.02908	0.01085	0.03389	0.07049	0.00885	0.00781	0.01484	0.16323	0.01737	0.09322	0.15349	0.06330	0.05074	0.21570	0.00404	0.00728	0.00848	0.03120	0.00620
5	0.11853	0.01028	0.01142	0.00835	0.01323	0.00830	0.00670	0.01471	0.01159	0.01954	0.00988	0.01153	0.00818	0.00437	0.00415	0.00097	0.00426	0.00335	0.00341	0.72725

[dist]
# distance from previous block
# <min> <max>
5	11

[block]
# block no. 2 follows, 41 sequences, length 14
# corresponding to MSA columns:
# 140-153
name=unknown_C
#
# <colnr> <probs for GDERKNQSTAVLIFYWHMCP>
#	G	D	E	R	K	N	Q	S	T	A	V	L	I	F	Y	W	H	M	C	P
0	0.02144	0.01002	0.01250	0.00984	0.01382	0.00927	0.00804	0.14205	0.01747	0.50462	0.02781	0.02526	0.15478	0.00845	0.00594	0.00179	0.00473	0.00685	0.00652	0.00880
1	0.01666	0.63409	0.02717	0.01059	0.01533	0.05964	0.01003	0.13708	0.01437	0.01720	0.00895	0.00998	0.00773	0.00527	0.00408	0.00132	0.00636	0.00343	0.00301	0.00770
2	0.03061	0.00796	0.00974	0.03677	0.01080	0.00848	0.00642	0.17777	0.01248	0.01718	0.01269	0.02026	0.01199	0.16293	0.01798	0.40011	0.00536	0.00562	0.04016	0.00468
3	0.01199	0.00844	0.01349	0.01131	0.01410	0.00774	0.14599	0.01476	0.01451	0.14198	0.21746	0.04047	0.16654	0.01099	0.00682	0.00201	0.00493	0.15467	0.00539	0.00642
4	0.00751	0.00520	0.00648	0.00727	0.00747	0.00501	0.00457	0.00811	0.00990	0.01320	0.02612	0.49207	0.03102	0.33039	0.01603	0.00361	0.00421	0.01308	0.00457	0.00417
5	0.01323	0.03624	0.35406	0.01368	0.01985	0.01292	0.04451	0.10023	0.13577	0.02120	0.03048	0.01455	0.01060	0.00586	0.00535	0.00163	0.00663	0.00476	0.00364	0.16481
6	0.01562	0.01349	0.02548	0.04619	0.10665	0.01367	0.37873	0.01917	0.01314	0.15925	0.01285	0.01557	0.00953	0.00616	0.00838	0.00197	0.13654	0.00604	0.00360	0.00796
7	0.00767	0.00504	0.00639	0.00747	0.00799	0.00478	0.00506	0.00898	0.01115	0.01587	0.02909	0.64876	0.03345	0.01579	0.00668	0.00214	0.00319	0.01419	0.16154	0.00478
8	0.01455	0.00821	0.00956	0.03677	0.01152	0.00835	0.00665	0.15306	0.01521	0.14517	0.02011	0.14467	0.01734	0.03741	0.00612	0.00181	0.00411	0.00723	0.34540	0.00675
9	0.01280	0.01338	0.11343	0.13249	0.15549	0.01128	0.18300	0.01666	0.01361	0.08587	0.15449	0.04898	0.01855	0.00707	0.00617	0.00185	0.00671	0.00683	0.00388	0.00748
10	0.01361	0.42074	0.16792	0.01114	0.01604	0.01745	0.01140	0.01918	0.15250	0.01732	0.08890	0.01550	0.01405	0.00624	0.00474	0.00153	0.00592	0.00468	0.00348	0.00768
11	0.00783	0.00569	0.00706	0.00694	0.00803	0.00526	0.00493	0.00973	0.01390	0.01908	0.46487	0.12739	0.13930	0.14232	0.01049	0.00249	0.00326	0.01090	0.00559	0.00492
12	0.01180	0.01336	0.13652	0.00976	0.01540	0.00856	0.00914	0.01501	0.01190	0.01855	0.01018	0.01190	0.00827	0.00443	0.00443	0.00101	0.00493	0.00353	0.00323	0.69809
13	0.00963	0.00508	0.00722	0.00722	0.00722	0.00508	0.00468	0.00762	0.00762	0.01015	0.01147	0.02118	0.01199	0.16734	0.02363	0.67686	0.00508	0.00560	0.00267	0.00267

[dist]
# distance from previous block
# <min> <max>
6	13

[block]
# block no. 3 follows, 41 sequences, length 18
# corresponding to MSA columns:
# 173-190
name=unknown_D
#
# <colnr> <probs for GDERKNQSTAVLIFYWHMCP>
#	G	D	E	R	K	N	Q	S	T	A	V	L	I	F	Y	W	H	M	C	P
0	0.04178	0.06764	0.04305	0.02049	0.01264	0.01021	0.02356	0.17566	0.02927	0.02182	0.16452	0.20858	0.13579	0.01120	0.00622	0.00189	0.00448	0.00956	0.00511	0.00653
1	0.04296	0.01570	0.01390	0.01215	0.01556	0.18464	0.00948	0.10774	0.40893	0.08488	0.01906	0.01809	0.02697	0.00723	0.00560	0.00179	0.00602	0.00563	0.00519	0.00848
2	0.00918	0.00740	0.01026	0.00970	0.01021	0.00904	0.00735	0.01050	0.00886	0.01279	0.01430	0.02430	0.01454	0.24060	0.40388	0.00670	0.18594	0.00647	0.00305	0.00492
3	0.01156	0.04777	0.11650	0.02041	0.23068	0.01134	0.17273	0.01489	0.01231	0.01712	0.01674	0.23974	0.01697	0.00875	0.00621	0.00189	0.00651	0.00843	0.00351	0.03594
4	0.01339	0.01724	0.17988	0.02227	0.19777	0.01396	0.25751	0.02080	0.17881	0.01962	0.01373	0.01576	0.01044	0.00567	0.00601	0.00185	0.00758	0.00577	0.00343	0.00848
5	0.01433	0.01207	0.01438	0.01104	0.01487	0.01222	0.00903	0.18573	0.01470	0.02164	0.01041	0.01245	0.00855	0.00615	0.00784	0.00142	0.18048	0.00416	0.00374	0.45481
6	0.01490	0.01124	0.01996	0.43256	0.03144	0.01209	0.17697	0.01856	0.01306	0.19228	0.01339	0.01628	0.00940	0.00584	0.00596	0.00188	0.00743	0.00561	0.00369	0.00745
7	0.00958	0.00854	0.01394	0.01170	0.01437	0.00755	0.17087	0.01180	0.01174	0.01638	0.02204	0.43643	0.02440	0.01177	0.00646	0.00189	0.00495	0.01111	0.00432	0.20018
8	0.19771	0.01050	0.01068	0.00967	0.01253	0.01184	0.00755	0.02275	0.41330	0.02408	0.19301	0.02367	0.02351	0.00814	0.00553	0.00187	0.00407	0.00662	0.00542	0.00755
9	0.02289	0.01094	0.01342	0.01043	0.01455	0.01059	0.00857	0.22051	0.01873	0.48377	0.01972	0.01812	0.01301	0.00697	0.00554	0.00171	0.00500	0.00554	0.10074	0.00923
10	0.39070	0.00777	0.00789	0.00748	0.00911	0.00858	0.00553	0.01175	0.00850	0.01716	0.00903	0.01367	0.00822	0.01319	0.01372	0.45173	0.00472	0.00411	0.00297	0.00419
11	0.00963	0.00741	0.00925	0.00894	0.01020	0.00837	0.00657	0.01443	0.18370	0.01517	0.01794	0.02638	0.01685	0.24551	0.38690	0.00647	0.01006	0.00682	0.00382	0.00558
12	0.64820	0.01075	0.00955	0.00815	0.01189	0.01179	0.00671	0.01941	0.01129	0.19990	0.01140	0.01168	0.00807	0.00573	0.00406	0.00177	0.00453	0.00372	0.00437	0.00703
13	0.01456	0.05057	0.39619	0.01427	0.02050	0.01484	0.01558	0.18369	0.18946	0.02333	0.01402	0.01452	0.01021	0.00628	0.00553	0.00180	0.00696	0.00492	0.00396	0.00884
14	0.01166	0.00622	0.00811	0.00810	0.00932	0.00573	0.00562	0.01272	0.01163	0.19066	0.02639	0.44315	0.02845	0.19041	0.01183	0.00292	0.00418	0.01201	0.00531	0.00558
15	0.01162	0.01017	0.01305	0.18255	0.01935	0.00876	0.00882	0.01445	0.01177	0.01774	0.01017	0.01262	0.00828	0.00457	0.00457	0.00108	0.00500	0.00377	0.00320	0.64848
16	0.01078	0.00969	0.01580	0.01325	0.01588	0.01045	0.18036	0.01664	0.17689	0.01685	0.01622	0.02056	0.01369	0.02608	0.42283	0.00586	0.01157	0.00635	0.00364	0.00660
17	0.01606	0.01313	0.01389	0.01190	0.01546	0.01493	0.00942	0.22346	0.53604	0.02699	0.02162	0.02019	0.03541	0.00770	0.00582	0.00188	0.00496	0.00626	0.00578	0.00912

[dist]
# distance from previous block
# <min> <max>
10	14

[block]
# block no. 4 follows, 41 sequences, length 7
# corresponding to MSA columns:
# 207-213
name=unknown_E
#
# <colnr> <probs for GDERKNQSTAVLIFYWHMCP>
#	G	D	E	R	K	N	Q	S	T	A	V	L	I	F	Y	W	H	M	C	P
0	0.01097	0.00990	0.01319	0.01157	0.01274	0.01215	0.00936	0.04531	0.01065	0.01544	0.01730	0.07367	0.10226	0.01657	0.15713	0.00348	0.37863	0.00669	0.00338	0.08962
1	0.01326	0.01012	0.01200	0.00864	0.01366	0.00770	0.00694	0.01577	0.01232	0.09435	0.01142	0.01263	0.00905	0.00452	0.00439	0.00094	0.00430	0.00363	0.00376	0.75060
2	0.11015	0.00792	0.00891	0.00842	0.01034	0.00828	0.00637	0.04170	0.15366	0.02250	0.37761	0.16305	0.03691	0.01107	0.00624	0.00191	0.00349	0.00956	0.00568	0.00621
3	0.00781	0.00571	0.00719	0.00770	0.00855	0.00518	0.00514	0.00881	0.01057	0.01443	0.02640	0.55773	0.03107	0.16336	0.01104	0.00275	0.00385	0.01321	0.00473	0.10478
4	0.03114	0.00899	0.01215	0.17425	0.01798	0.00970	0.00969	0.10341	0.04182	0.12066	0.07644	0.13901	0.02181	0.01092	0.00740	0.03816	0.02225	0.14273	0.00488	0.00663
5	0.01363	0.01128	0.01176	0.01070	0.01361	0.04073	0.00844	0.06953	0.44651	0.05057	0.04909	0.03030	0.12820	0.00952	0.00616	0.00197	0.00465	0.07978	0.00564	0.00792
6	0.00834	0.00635	0.00782	0.00866	0.00954	0.00645	0.00601	0.01219	0.15070	0.01636	0.02997	0.64950	0.03399	0.01601	0.00702	0.00225	0.00355	0.01442	0.00541	0.00548

[dist]
# distance from previous block
# <min> <max>
8	135

# created by:
# /software/SequenceAnalysis/GenePrediction/augustus/3.0.1/scripts/msa2prfl.pl ./fixed/BUSCOvEOG7THX7V.fas
