[name]
unknown

[dist]
# distance from previous block
# <min> <max>
0	82

[block]
# block no. 0 follows, 40 sequences, length 24
# corresponding to MSA columns:
# 98-121
name=unknown_A
#
# <colnr> <probs for GDERKNQSTAVLIFYWHMCP>
#	G	D	E	R	K	N	Q	S	T	A	V	L	I	F	Y	W	H	M	C	P
0	0.01670	0.00869	0.01094	0.00923	0.01229	0.00822	0.00731	0.02140	0.13703	0.33544	0.27376	0.03080	0.08409	0.00946	0.00628	0.00185	0.00400	0.00803	0.00658	0.00792
1	0.02108	0.02674	0.01792	0.01575	0.01898	0.71117	0.06988	0.02285	0.01626	0.01459	0.00921	0.01091	0.00760	0.00590	0.00537	0.00154	0.01043	0.00400	0.00299	0.00683
2	0.01523	0.73709	0.08977	0.01048	0.01575	0.02224	0.01088	0.01749	0.01185	0.01406	0.00827	0.00957	0.00745	0.00502	0.00388	0.00129	0.00641	0.00321	0.00248	0.00755
3	0.01059	0.00688	0.00859	0.00814	0.00992	0.00653	0.00609	0.01417	0.08823	0.10814	0.38150	0.18895	0.11446	0.01249	0.00676	0.00196	0.00334	0.01095	0.00615	0.00617
4	0.01287	0.01226	0.02085	0.36959	0.43739	0.01342	0.01709	0.01651	0.01252	0.01714	0.01067	0.01489	0.00856	0.00546	0.00578	0.00182	0.00729	0.00518	0.00275	0.00798
5	0.01094	0.05216	0.01093	0.00912	0.01149	0.00994	0.00709	0.01889	0.30690	0.02215	0.33002	0.05298	0.11334	0.01038	0.00633	0.00188	0.00371	0.00888	0.00586	0.00699
6	0.83671	0.01125	0.00855	0.00765	0.01125	0.01305	0.00630	0.01709	0.00990	0.02609	0.00810	0.00945	0.00630	0.00540	0.00360	0.00180	0.00450	0.00315	0.00360	0.00630
7	0.01573	0.01333	0.06984	0.01326	0.05669	0.01328	0.01051	0.02830	0.52722	0.12742	0.02210	0.02170	0.01653	0.00772	0.00594	0.00195	0.00510	0.02861	0.00565	0.00914
8	0.00709	0.00506	0.00675	0.00810	0.00843	0.00472	0.00540	0.00810	0.01113	0.01484	0.03205	0.79184	0.03846	0.01822	0.00742	0.00236	0.00337	0.01653	0.00540	0.00472
9	0.01164	0.00855	0.01005	0.00953	0.01127	0.00754	0.00689	0.01312	0.01786	0.02497	0.61400	0.04836	0.16111	0.01426	0.00825	0.00247	0.00406	0.01157	0.00725	0.00722
10	0.83671	0.01125	0.00855	0.00765	0.01125	0.01305	0.00630	0.01709	0.00990	0.02609	0.00810	0.00945	0.00630	0.00540	0.00360	0.00180	0.00450	0.00315	0.00360	0.00630
11	0.01090	0.02077	0.44494	0.01371	0.01960	0.01120	0.04693	0.01710	0.07291	0.02012	0.21208	0.02299	0.04652	0.00770	0.00602	0.00186	0.00657	0.00652	0.00391	0.00766
12	0.01555	0.79913	0.03047	0.00995	0.01493	0.02301	0.00995	0.01741	0.01182	0.01368	0.00808	0.00933	0.00746	0.00498	0.00373	0.00124	0.00622	0.00311	0.00249	0.00746
13	0.01436	0.01392	0.02418	0.03510	0.72039	0.01386	0.05635	0.01789	0.01327	0.01898	0.01098	0.01446	0.00919	0.00517	0.00582	0.00174	0.00706	0.00527	0.00288	0.00914
14	0.00879	0.00693	0.01026	0.00999	0.01091	0.00841	0.00786	0.01078	0.00930	0.01355	0.01472	0.02175	0.01379	0.03999	0.69099	0.00861	0.09890	0.00611	0.00305	0.00532
15	0.83671	0.01125	0.00855	0.00765	0.01125	0.01305	0.00630	0.01709	0.00990	0.02609	0.00810	0.00945	0.00630	0.00540	0.00360	0.00180	0.00450	0.00315	0.00360	0.00630
16	0.02172	0.02772	0.01648	0.01498	0.01798	0.77228	0.01124	0.02322	0.01648	0.01423	0.00899	0.01049	0.00749	0.00599	0.00524	0.00150	0.01049	0.00375	0.00300	0.00674
17	0.01424	0.01366	0.02333	0.06826	0.72796	0.01378	0.01777	0.01772	0.01317	0.01882	0.01091	0.01444	0.00915	0.00521	0.00576	0.00174	0.00695	0.00518	0.00287	0.00909
18	0.00856	0.00655	0.00964	0.00951	0.01043	0.00776	0.00736	0.01048	0.00927	0.01340	0.01529	0.02313	0.01452	0.08316	0.69038	0.00877	0.05723	0.00629	0.00311	0.00516
19	0.00981	0.00793	0.01000	0.00970	0.01098	0.04985	0.00747	0.05099	0.01067	0.01468	0.01529	0.02259	0.01429	0.08474	0.64365	0.00827	0.01420	0.00617	0.00328	0.00543
20	0.01166	0.03008	0.76550	0.01657	0.02517	0.01351	0.02149	0.01842	0.01228	0.01842	0.01044	0.01228	0.00737	0.00552	0.00552	0.00184	0.00859	0.00430	0.00246	0.00859
21	0.01601	0.74152	0.02943	0.01033	0.01515	0.07896	0.01005	0.01785	0.01216	0.01372	0.00815	0.00941	0.00746	0.00505	0.00384	0.00126	0.00654	0.00316	0.00253	0.00741
22	0.01987	0.02295	0.01738	0.01785	0.13680	0.50772	0.01208	0.08786	0.08902	0.01802	0.01120	0.01253	0.00899	0.00614	0.00544	0.00160	0.00896	0.00439	0.00352	0.00767
23	0.01432	0.01334	0.02198	0.17484	0.56822	0.01396	0.01702	0.07121	0.01399	0.01953	0.01105	0.01457	0.00899	0.00544	0.00577	0.00177	0.00703	0.00518	0.00304	0.00874

[dist]
# distance from previous block
# <min> <max>
7	93

# created by:
# /software/SequenceAnalysis/GenePrediction/augustus/3.0.1/scripts/msa2prfl.pl ./fixed/BUSCOvEOG7Q2FWP.fas
