[name]
unknown

[dist]
# distance from previous block
# <min> <max>
0	393

[block]
# block no. 0 follows, 41 sequences, length 17
# corresponding to MSA columns:
# 431-447
name=unknown_A
#
# <colnr> <probs for GDERKNQSTAVLIFYWHMCP>
#	G	D	E	R	K	N	Q	S	T	A	V	L	I	F	Y	W	H	M	C	P
0	0.00900	0.00643	0.00897	0.01029	0.01151	0.00640	0.00885	0.01148	0.01296	0.01688	0.03040	0.13402	0.03339	0.01600	0.00784	0.00260	0.00508	0.65741	0.00527	0.00521
1	0.00697	0.00498	0.00664	0.00796	0.00830	0.00465	0.00531	0.00796	0.01095	0.01460	0.03153	0.79525	0.03783	0.01792	0.00730	0.00232	0.00332	0.01626	0.00531	0.00465
2	0.83938	0.01106	0.00841	0.00752	0.01106	0.01283	0.00619	0.01681	0.00973	0.02566	0.00796	0.00929	0.00619	0.00531	0.00354	0.00177	0.00442	0.00310	0.00354	0.00619
3	0.01665	0.01818	0.01806	0.23046	0.19439	0.31334	0.01380	0.07485	0.03493	0.01720	0.01041	0.01311	0.00828	0.00579	0.00549	0.00168	0.00831	0.00458	0.00310	0.00741
4	0.01290	0.01247	0.02170	0.30658	0.45337	0.01333	0.06367	0.01654	0.01248	0.01719	0.01060	0.01464	0.00851	0.00530	0.00575	0.00179	0.00728	0.00520	0.00273	0.00799
5	0.00907	0.00548	0.00595	0.00595	0.00638	0.00548	0.00364	0.00993	0.00950	0.01438	0.01823	0.03225	0.01882	0.54428	0.02104	0.00419	0.00462	0.00736	0.26940	0.00407
6	0.01399	0.01342	0.02291	0.07306	0.72668	0.01355	0.01747	0.01741	0.01294	0.01848	0.01073	0.01421	0.00899	0.00513	0.00567	0.00171	0.00684	0.00510	0.00282	0.00892
7	0.03691	0.01068	0.01773	0.55811	0.19541	0.01252	0.01541	0.01497	0.01153	0.01561	0.01022	0.01493	0.00801	0.00628	0.00647	0.04360	0.00721	0.00502	0.00263	0.00675
8	0.01080	0.01017	0.01716	0.78523	0.03940	0.01271	0.01589	0.01461	0.01144	0.01461	0.01017	0.01525	0.00762	0.00572	0.00572	0.00191	0.00762	0.00508	0.00254	0.00635
9	0.02075	0.01458	0.01594	0.01244	0.01672	0.01591	0.01020	0.57485	0.09077	0.10396	0.05291	0.01642	0.01307	0.00721	0.00579	0.00175	0.00582	0.00559	0.00589	0.00945
10	0.14110	0.00831	0.01026	0.00906	0.01128	0.02385	0.07595	0.01182	0.01303	0.01902	0.20864	0.08723	0.28036	0.01128	0.00688	0.00194	0.04372	0.02587	0.00484	0.00557
11	0.00706	0.00518	0.00640	0.00737	0.00810	0.00471	0.00504	0.00823	0.01146	0.01505	0.03702	0.59772	0.20089	0.01671	0.00705	0.00220	0.00320	0.01489	0.03700	0.00471
12	0.00697	0.00498	0.00664	0.00796	0.00830	0.00465	0.00531	0.00796	0.01095	0.01460	0.03153	0.79525	0.03783	0.01792	0.00730	0.00232	0.00332	0.01626	0.00531	0.00465
13	0.01330	0.01272	0.02167	0.22611	0.57898	0.01337	0.01713	0.01681	0.01262	0.01765	0.01061	0.01443	0.00869	0.00525	0.00568	0.00175	0.00701	0.00509	0.00276	0.00837
14	0.01396	0.01136	0.01224	0.01112	0.01420	0.01282	0.00873	0.02759	0.61966	0.05906	0.02595	0.02633	0.06626	0.00870	0.00602	0.00198	0.00449	0.05516	0.00581	0.00856
15	0.00702	0.00502	0.00668	0.00793	0.00831	0.00468	0.00531	0.00809	0.01118	0.01497	0.06396	0.76175	0.03855	0.01764	0.00728	0.00230	0.00329	0.01600	0.00535	0.00468
16	0.00849	0.00588	0.00794	0.00794	0.00871	0.00650	0.00577	0.01004	0.00927	0.01358	0.01645	0.02648	0.01614	0.24817	0.48216	0.00729	0.01118	0.00664	0.09668	0.00468

[dist]
# distance from previous block
# <min> <max>
12	17

[block]
# block no. 1 follows, 41 sequences, length 36
# corresponding to MSA columns:
# 465-500
name=unknown_B
#
# <colnr> <probs for GDERKNQSTAVLIFYWHMCP>
#	G	D	E	R	K	N	Q	S	T	A	V	L	I	F	Y	W	H	M	C	P
0	0.00730	0.00573	0.00573	0.00573	0.00758	0.00490	0.00430	0.00891	0.01289	0.01626	0.05253	0.05040	0.65809	0.01341	0.00638	0.00185	0.00287	0.01114	0.11911	0.00490
1	0.00697	0.00498	0.00664	0.00796	0.00830	0.00465	0.00531	0.00796	0.01095	0.01460	0.03153	0.79525	0.03783	0.01792	0.00730	0.00232	0.00332	0.01626	0.00531	0.00465
2	0.02483	0.03300	0.01429	0.01058	0.01504	0.01010	0.00879	0.12706	0.01770	0.64442	0.02093	0.01838	0.01335	0.00699	0.00569	0.00175	0.00510	0.00559	0.00676	0.00967
3	0.00729	0.00521	0.00697	0.00829	0.00874	0.00490	0.00576	0.00844	0.01124	0.01495	0.03145	0.71674	0.03735	0.01773	0.00740	0.00237	0.00356	0.09152	0.00533	0.00476
4	0.01399	0.01300	0.02038	0.04517	0.61261	0.04417	0.01540	0.01718	0.01303	0.01885	0.01184	0.01512	0.00981	0.00541	0.00545	0.00166	0.00641	0.00510	0.11700	0.00843
5	0.00805	0.00599	0.00744	0.00707	0.00854	0.00541	0.00528	0.01044	0.01569	0.02165	0.62229	0.04529	0.19075	0.01235	0.00683	0.00186	0.00281	0.01072	0.00616	0.00539
6	0.17934	0.09906	0.01692	0.01189	0.01625	0.04236	0.00993	0.50042	0.02168	0.03104	0.01203	0.01255	0.00890	0.00645	0.00515	0.00170	0.00611	0.00454	0.00492	0.00878
7	0.43195	0.01189	0.01285	0.24049	0.02094	0.01384	0.01007	0.15697	0.01369	0.02453	0.00994	0.01221	0.00750	0.00587	0.00470	0.00184	0.00581	0.00415	0.00373	0.00703
8	0.01510	0.01933	0.16607	0.05212	0.45122	0.16020	0.01699	0.01871	0.01352	0.01772	0.01047	0.01332	0.00852	0.00547	0.00561	0.00172	0.00788	0.00472	0.00283	0.00848
9	0.02015	0.02445	0.01570	0.01425	0.01727	0.62638	0.01074	0.02441	0.15880	0.01611	0.01184	0.01273	0.00951	0.00639	0.00537	0.00160	0.00925	0.00429	0.00357	0.00720
10	0.00718	0.00513	0.00679	0.00810	0.00845	0.00477	0.00540	0.00812	0.01108	0.01479	0.03166	0.79305	0.03793	0.01801	0.00738	0.00236	0.00339	0.01629	0.00537	0.00475
11	0.00790	0.00520	0.00654	0.00759	0.00814	0.00490	0.00515	0.00916	0.01128	0.01609	0.02917	0.64338	0.03345	0.01584	0.00674	0.00217	0.00326	0.01417	0.16501	0.00489
12	0.10848	0.02345	0.01569	0.01378	0.01712	0.54602	0.01057	0.16182	0.01770	0.01969	0.00990	0.01115	0.00789	0.00615	0.00518	0.00159	0.00896	0.00397	0.00362	0.00728
13	0.01042	0.00653	0.00810	0.00739	0.00934	0.00579	0.00563	0.01266	0.01550	0.12536	0.47193	0.04286	0.23256	0.01189	0.00669	0.00187	0.00313	0.01020	0.00621	0.00596
14	0.01376	0.00634	0.00702	0.00641	0.00836	0.00605	0.00495	0.01628	0.01296	0.16575	0.01959	0.02121	0.01473	0.00687	0.00443	0.00145	0.00317	0.00547	0.66890	0.00629
15	0.01581	0.01419	0.02214	0.03092	0.61689	0.01449	0.01631	0.15822	0.01583	0.02222	0.01153	0.01434	0.00938	0.00557	0.00576	0.00174	0.00676	0.00517	0.00346	0.00928
16	0.00844	0.00715	0.01203	0.01122	0.01263	0.00667	0.14798	0.01012	0.01157	0.01551	0.02780	0.64224	0.03229	0.01548	0.00727	0.00228	0.00461	0.01445	0.00490	0.00535
17	0.01197	0.01052	0.00898	0.00831	0.01064	0.15455	0.00630	0.01360	0.01451	0.09612	0.13131	0.04124	0.44659	0.01180	0.00642	0.00185	0.00459	0.00961	0.00522	0.00588
18	0.00852	0.00572	0.00652	0.00651	0.00657	0.00574	0.00372	0.00855	0.00849	0.01138	0.01808	0.03699	0.02067	0.76436	0.06099	0.00573	0.00603	0.00828	0.00352	0.00365
19	0.01361	0.01227	0.02067	0.02792	0.53111	0.01219	0.08385	0.01717	0.02664	0.01943	0.01279	0.01606	0.01045	0.00556	0.00553	0.00169	0.00629	0.00539	0.16307	0.00830
20	0.00711	0.00595	0.00614	0.00609	0.00797	0.00501	0.00455	0.00864	0.01349	0.01643	0.13258	0.05388	0.68371	0.01429	0.00684	0.00195	0.00295	0.01193	0.00548	0.00500
21	0.01862	0.01387	0.01602	0.16177	0.02088	0.01553	0.01118	0.52334	0.02240	0.03046	0.01375	0.01510	0.01003	0.00675	0.00562	0.00175	0.00623	0.00522	0.09278	0.00870
22	0.01108	0.01045	0.01773	0.76218	0.03919	0.01286	0.03574	0.01485	0.01162	0.01490	0.01040	0.01552	0.00784	0.00583	0.00583	0.00194	0.00774	0.00519	0.00262	0.00649
23	0.01995	0.01891	0.01615	0.04043	0.01805	0.26621	0.01083	0.34146	0.16334	0.02583	0.01403	0.01440	0.01056	0.00681	0.00564	0.00172	0.00738	0.00498	0.00478	0.00855
24	0.09954	0.02233	0.50784	0.01385	0.02017	0.01195	0.01635	0.01698	0.01157	0.04930	0.01171	0.01437	0.00898	0.01287	0.15442	0.00327	0.00926	0.00460	0.00292	0.00772
25	0.01534	0.01461	0.01992	0.02696	0.50257	0.09051	0.01462	0.11741	0.01538	0.02044	0.01618	0.01832	0.08902	0.00655	0.00582	0.00174	0.00673	0.00576	0.00357	0.00855
26	0.02153	0.02734	0.01633	0.01485	0.01781	0.77371	0.01112	0.02295	0.01632	0.01419	0.00904	0.01059	0.00756	0.00603	0.00524	0.00151	0.01037	0.00375	0.00302	0.00673
27	0.01673	0.64797	0.02757	0.01057	0.01541	0.02176	0.01007	0.15787	0.01470	0.01802	0.00928	0.01034	0.00799	0.00541	0.00416	0.00136	0.00621	0.00353	0.00315	0.00790
28	0.01760	0.01276	0.01425	0.04443	0.01610	0.01394	0.00954	0.44247	0.07379	0.05961	0.01946	0.02012	0.08284	0.01156	0.08765	0.00257	0.00667	0.00610	0.05010	0.00843
29	0.00718	0.00513	0.00679	0.00810	0.00845	0.00477	0.00540	0.00812	0.01108	0.01479	0.03166	0.79305	0.03793	0.01801	0.00738	0.00236	0.00339	0.01629	0.00537	0.00475
30	0.00859	0.00720	0.00849	0.00809	0.00911	0.00766	0.00603	0.00962	0.01109	0.01426	0.03636	0.05883	0.37854	0.21255	0.01489	0.00303	0.15569	0.04073	0.00436	0.00488
31	0.01475	0.01642	0.09909	0.03285	0.02600	0.01473	0.46762	0.15820	0.01580	0.02157	0.01276	0.04738	0.01009	0.00611	0.00684	0.00194	0.02965	0.00658	0.00355	0.00808
32	0.02075	0.02323	0.03351	0.03634	0.05842	0.49481	0.01178	0.21340	0.01876	0.02039	0.01051	0.01188	0.00828	0.00623	0.00544	0.00161	0.00900	0.00426	0.00372	0.00771
33	0.07133	0.44647	0.05990	0.01126	0.01510	0.01935	0.01056	0.06278	0.04372	0.01671	0.01081	0.01253	0.03227	0.00663	0.00708	0.00166	0.15733	0.00413	0.00304	0.00735
34	0.05774	0.01607	0.04010	0.03461	0.01753	0.08443	0.01067	0.38452	0.24180	0.02887	0.01585	0.01575	0.01171	0.00702	0.00567	0.00181	0.00621	0.00535	0.00526	0.00903
35	0.00734	0.00587	0.00651	0.00653	0.00816	0.00508	0.00481	0.00900	0.01374	0.01747	0.23533	0.13063	0.50066	0.01424	0.00689	0.00197	0.00296	0.01211	0.00562	0.00506

[dist]
# distance from previous block
# <min> <max>
5	34

[block]
# block no. 2 follows, 41 sequences, length 44
# corresponding to MSA columns:
# 535-578
name=unknown_C
#
# <colnr> <probs for GDERKNQSTAVLIFYWHMCP>
#	G	D	E	R	K	N	Q	S	T	A	V	L	I	F	Y	W	H	M	C	P
0	0.00797	0.00581	0.00744	0.00725	0.00852	0.00536	0.00540	0.01033	0.01511	0.02098	0.58698	0.09456	0.11081	0.04481	0.00776	0.00204	0.00300	0.04468	0.00598	0.00521
1	0.00948	0.00685	0.00842	0.00885	0.00990	0.00687	0.00625	0.13291	0.01366	0.01824	0.02851	0.66262	0.03306	0.01604	0.00703	0.00222	0.00382	0.01438	0.00538	0.00551
2	0.04262	0.01382	0.02140	0.33339	0.05291	0.05509	0.20691	0.16647	0.01541	0.02048	0.01115	0.01448	0.00832	0.00569	0.00589	0.00184	0.00789	0.00540	0.00335	0.00750
3	0.01827	0.03114	0.01515	0.04270	0.02789	0.09659	0.00995	0.40043	0.08590	0.04673	0.04205	0.01635	0.01243	0.00882	0.04675	0.00208	0.00663	0.00534	0.07646	0.00835
4	0.01165	0.02669	0.64175	0.01608	0.02310	0.01400	0.01967	0.01738	0.01151	0.01738	0.00980	0.01215	0.00729	0.00621	0.00770	0.00193	0.14083	0.00436	0.00243	0.00808
5	0.01576	0.56243	0.07436	0.01123	0.01570	0.14919	0.01075	0.01784	0.01241	0.01411	0.02798	0.01060	0.00857	0.00552	0.00483	0.00138	0.04400	0.00352	0.00263	0.00719
6	0.00751	0.00536	0.00682	0.00736	0.00800	0.00502	0.00498	0.00885	0.01209	0.01643	0.23929	0.42052	0.06921	0.14855	0.01082	0.00270	0.00350	0.01304	0.00528	0.00467
7	0.07325	0.01307	0.03092	0.01659	0.02072	0.01317	0.34912	0.08041	0.13917	0.02063	0.01549	0.01776	0.04125	0.00722	0.00758	0.05711	0.03542	0.00623	0.04750	0.00737
8	0.01456	0.03144	0.01277	0.01110	0.03493	0.01175	0.00854	0.13328	0.30637	0.09067	0.22471	0.02687	0.02608	0.00877	0.00607	0.00185	0.00446	0.03189	0.00585	0.00803
9	0.01975	0.02166	0.01630	0.01526	0.06673	0.45097	0.01111	0.16185	0.14308	0.02022	0.01236	0.01310	0.00964	0.00634	0.00541	0.00161	0.00833	0.00453	0.00396	0.00780
10	0.22712	0.01234	0.01339	0.01452	0.14071	0.04545	0.00985	0.08019	0.24641	0.02307	0.01740	0.03192	0.03095	0.00759	0.00541	0.00189	0.00529	0.07425	0.00452	0.00775
11	0.01147	0.02959	0.76934	0.01630	0.02476	0.01328	0.02113	0.01811	0.01208	0.01811	0.01026	0.01208	0.00725	0.00543	0.00543	0.00181	0.00845	0.00423	0.00242	0.00845
12	0.02371	0.01039	0.01496	0.01441	0.14166	0.00929	0.00996	0.02612	0.01580	0.64022	0.02056	0.01857	0.01329	0.00674	0.00574	0.00176	0.00519	0.00564	0.00636	0.00962
13	0.00796	0.00548	0.00644	0.00665	0.00695	0.00532	0.00407	0.00851	0.00989	0.01324	0.10220	0.18319	0.06271	0.52845	0.02150	0.00436	0.00469	0.01023	0.00421	0.00396
14	0.00716	0.00513	0.00681	0.00783	0.00834	0.00477	0.00532	0.00844	0.01184	0.01602	0.15520	0.66754	0.04057	0.01686	0.00721	0.00223	0.00321	0.01526	0.00548	0.00477
15	0.00797	0.00593	0.00876	0.00898	0.00989	0.00672	0.00684	0.00983	0.00949	0.01350	0.01807	0.15362	0.01829	0.03866	0.64581	0.00803	0.01328	0.00785	0.00345	0.00503
16	0.01125	0.00590	0.00596	0.00575	0.00725	0.00599	0.00436	0.05198	0.01278	0.02210	0.01840	0.02092	0.01440	0.00667	0.00409	0.00135	0.00286	0.00532	0.78711	0.00556
17	0.00920	0.00710	0.01006	0.14085	0.01539	0.00746	0.00890	0.01253	0.04596	0.01860	0.25100	0.09851	0.03476	0.01262	0.00704	0.00220	0.00471	0.30233	0.00515	0.00561
18	0.65532	0.01006	0.00830	0.00744	0.01043	0.01136	0.00585	0.01596	0.00984	0.06241	0.01044	0.01461	0.00909	0.14009	0.00800	0.00241	0.00464	0.00412	0.00371	0.00592
19	0.01904	0.01045	0.01262	0.01054	0.01398	0.01051	0.00837	0.15385	0.16183	0.34039	0.04375	0.15112	0.01916	0.00915	0.00605	0.00189	0.00473	0.00770	0.00626	0.00861
20	0.00687	0.00536	0.00624	0.00694	0.00803	0.00473	0.00486	0.00808	0.01193	0.01500	0.04398	0.44643	0.37861	0.01630	0.00705	0.00214	0.00312	0.01429	0.00531	0.00473
21	0.01416	0.01359	0.02322	0.03511	0.76330	0.01359	0.01755	0.01755	0.01302	0.01869	0.01076	0.01416	0.00906	0.00510	0.00566	0.00170	0.00680	0.00510	0.00283	0.00906
22	0.00796	0.00555	0.00619	0.00628	0.00663	0.00536	0.00374	0.00828	0.00929	0.01206	0.02569	0.09074	0.14754	0.61398	0.02387	0.00472	0.00495	0.00948	0.00390	0.00378
23	0.00721	0.00557	0.00687	0.00738	0.00852	0.00523	0.00537	0.00869	0.01177	0.01518	0.07422	0.32411	0.31043	0.02049	0.13759	0.00332	0.00522	0.03301	0.00498	0.00485
24	0.02174	0.01602	0.01717	0.01316	0.01774	0.01774	0.01087	0.74423	0.02689	0.03605	0.01373	0.01373	0.00973	0.00687	0.00572	0.00172	0.00629	0.00515	0.00572	0.00973
25	0.68495	0.01081	0.00933	0.00803	0.01173	0.01199	0.00661	0.01891	0.01099	0.16641	0.01074	0.01122	0.00771	0.00565	0.00396	0.00177	0.00451	0.00360	0.00421	0.00687
26	0.02035	0.15829	0.01859	0.01382	0.01718	0.61288	0.01083	0.05544	0.01593	0.01493	0.00892	0.01028	0.00747	0.00577	0.00493	0.00144	0.00942	0.00365	0.00299	0.00690
27	0.01389	0.05210	0.01262	0.00939	0.01332	0.01020	0.00753	0.06710	0.17829	0.09168	0.04875	0.04609	0.05443	0.00692	0.00514	0.00142	0.00437	0.00567	0.03578	0.33531
28	0.28346	0.01476	0.18541	0.10103	0.01833	0.01175	0.01135	0.03337	0.05226	0.16036	0.06484	0.01558	0.01208	0.00632	0.00503	0.00181	0.00573	0.00481	0.00418	0.00756
29	0.00786	0.00561	0.00657	0.00697	0.00753	0.00537	0.00448	0.02510	0.01053	0.01372	0.02971	0.32584	0.15093	0.35460	0.01660	0.00364	0.00428	0.01187	0.00452	0.00428
30	0.00802	0.00580	0.00752	0.02213	0.00948	0.00566	0.00587	0.05697	0.01202	0.01603	0.02996	0.72948	0.03543	0.01697	0.00717	0.00228	0.00359	0.01532	0.00529	0.00501
31	0.01610	0.04732	0.01820	0.17326	0.06171	0.27682	0.04252	0.06403	0.04816	0.01632	0.00999	0.01289	0.00821	0.00675	0.00824	0.00184	0.17292	0.00465	0.00305	0.00700
32	0.01315	0.04287	0.42435	0.01356	0.01958	0.01104	0.05345	0.01770	0.01285	0.14449	0.01938	0.09921	0.08776	0.00788	0.00583	0.00186	0.00675	0.00663	0.00383	0.00784
33	0.00931	0.00705	0.00895	0.00977	0.01115	0.00724	0.00784	0.01371	0.13807	0.01747	0.03073	0.26629	0.06544	0.01498	0.00732	0.00239	0.00447	0.36670	0.00538	0.00571
34	0.00702	0.00539	0.00643	0.00704	0.00811	0.00480	0.00495	0.00839	0.01237	0.01590	0.12696	0.42181	0.31855	0.01587	0.00703	0.00211	0.00308	0.01395	0.00543	0.00480
35	0.05276	0.13767	0.04585	0.03444	0.01706	0.08869	0.01049	0.28722	0.14390	0.10446	0.01446	0.01440	0.01062	0.00649	0.00527	0.00167	0.00624	0.00485	0.00481	0.00866
36	0.01305	0.01336	0.06014	0.05235	0.55498	0.03062	0.01547	0.01647	0.01354	0.01914	0.13787	0.01883	0.01650	0.00627	0.00582	0.00172	0.00630	0.00591	0.00339	0.00826
37	0.53333	0.04316	0.01249	0.01004	0.01379	0.11980	0.02910	0.14115	0.01372	0.02515	0.00917	0.01036	0.00707	0.00563	0.00423	0.00170	0.00577	0.00363	0.00377	0.00694
38	0.01915	0.01006	0.01196	0.00968	0.01298	0.01001	0.00768	0.18730	0.06328	0.32706	0.05172	0.02160	0.01592	0.09735	0.00820	0.00214	0.00484	0.00609	0.12484	0.00815
39	0.00822	0.00565	0.00688	0.00678	0.00809	0.00522	0.00501	0.01054	0.01445	0.02068	0.45448	0.12707	0.14248	0.01194	0.00635	0.00180	0.00279	0.01041	0.14596	0.00522
40	0.18063	0.02083	0.44430	0.01365	0.05841	0.01186	0.01498	0.01701	0.01163	0.02023	0.01125	0.01319	0.00839	0.00560	0.00482	0.00172	0.00656	0.00423	0.14324	0.00749
41	0.00837	0.00665	0.00774	0.00781	0.02719	0.00622	0.00586	0.01010	0.01321	0.04458	0.12076	0.04942	0.53388	0.01351	0.00758	0.00200	0.05541	0.06918	0.00523	0.00530
42	0.01101	0.00661	0.00886	0.00979	0.05950	0.00601	0.00652	0.01246	0.01243	0.15903	0.03268	0.45614	0.15382	0.02794	0.00718	0.00217	0.00381	0.01266	0.00545	0.00592
43	0.00964	0.00796	0.01289	0.01147	0.01361	0.00756	0.14743	0.01267	0.04147	0.03696	0.15298	0.23334	0.10521	0.01288	0.00708	0.00216	0.00490	0.16890	0.00507	0.00581

[dist]
# distance from previous block
# <min> <max>
0	1

[block]
# block no. 3 follows, 41 sequences, length 6
# corresponding to MSA columns:
# 580-585
name=unknown_D
#
# <colnr> <probs for GDERKNQSTAVLIFYWHMCP>
#	G	D	E	R	K	N	Q	S	T	A	V	L	I	F	Y	W	H	M	C	P
0	0.00720	0.00508	0.00657	0.00767	0.00794	0.00480	0.00499	0.00803	0.01049	0.01399	0.02919	0.66392	0.03488	0.15328	0.01108	0.00288	0.00370	0.01488	0.00499	0.00444
1	0.00850	0.00690	0.00774	0.00788	0.00966	0.00670	0.00604	0.01267	0.14116	0.01749	0.08918	0.16671	0.37456	0.01386	0.00684	0.00208	0.00355	0.10740	0.00546	0.00563
2	0.01382	0.01774	0.16826	0.07187	0.34239	0.06732	0.16097	0.01864	0.04930	0.01819	0.01127	0.01415	0.00884	0.00533	0.00581	0.00177	0.00787	0.00522	0.00290	0.00834
3	0.01241	0.01478	0.11272	0.06426	0.14035	0.01246	0.34869	0.01670	0.01302	0.01795	0.01440	0.02320	0.01270	0.00687	0.00647	0.00196	0.00798	0.13041	0.00324	0.03944
4	0.00768	0.00623	0.00691	0.00713	0.00877	0.00573	0.00533	0.01042	0.07470	0.01656	0.09042	0.19886	0.46234	0.01453	0.00687	0.00205	0.00327	0.06159	0.00541	0.00521
5	0.01653	0.01731	0.01565	0.01697	0.16710	0.29585	0.01112	0.04590	0.15740	0.01860	0.01343	0.01497	0.01074	0.00649	0.00611	0.00166	0.05649	0.00487	0.11531	0.00750

[dist]
# distance from previous block
# <min> <max>
10	19

[block]
# block no. 4 follows, 41 sequences, length 131
# corresponding to MSA columns:
# 605-735
name=unknown_E
#
# <colnr> <probs for GDERKNQSTAVLIFYWHMCP>
#	G	D	E	R	K	N	Q	S	T	A	V	L	I	F	Y	W	H	M	C	P
0	0.00892	0.00652	0.00822	0.00857	0.00991	0.00641	0.00654	0.01247	0.09543	0.03418	0.23746	0.28128	0.08856	0.01414	0.00703	0.00216	0.00368	0.15725	0.00567	0.00559
1	0.01412	0.01230	0.01321	0.01185	0.01488	0.01443	0.00926	0.02938	0.70756	0.02331	0.02232	0.02080	0.01685	0.00790	0.00661	0.00197	0.05236	0.00638	0.00562	0.00888
2	0.02490	0.01022	0.01349	0.01042	0.01480	0.00923	0.00858	0.07010	0.05154	0.68942	0.02208	0.01922	0.01405	0.00710	0.00575	0.00177	0.00494	0.00575	0.00694	0.00970
3	0.01422	0.01112	0.01203	0.01074	0.01386	0.01238	0.00837	0.02709	0.58060	0.08836	0.06955	0.02537	0.08406	0.00852	0.00595	0.00192	0.00431	0.00712	0.00591	0.00853
4	0.00703	0.00506	0.00669	0.00797	0.00839	0.00472	0.00540	0.00810	0.01110	0.01471	0.03246	0.74452	0.06423	0.01773	0.00730	0.00232	0.00337	0.03894	0.00531	0.00467
5	0.01080	0.01017	0.01716	0.78523	0.03940	0.01271	0.01589	0.01461	0.01144	0.01461	0.01017	0.01525	0.00762	0.00572	0.00572	0.00191	0.00762	0.00508	0.00254	0.00635
6	0.02137	0.02707	0.01623	0.01471	0.01768	0.76318	0.01105	0.03505	0.01639	0.01437	0.00892	0.01037	0.00741	0.00591	0.00517	0.00148	0.01025	0.00371	0.00299	0.00668
7	0.00696	0.00503	0.00659	0.00783	0.00826	0.00466	0.00525	0.00798	0.01108	0.01465	0.03314	0.75009	0.08195	0.01771	0.00727	0.00230	0.00329	0.01601	0.00531	0.00466
8	0.01587	0.00757	0.01014	0.00852	0.01123	0.00673	0.00673	0.01835	0.01627	0.35239	0.43376	0.03243	0.03635	0.00965	0.00631	0.00179	0.00366	0.00831	0.00664	0.00732
9	0.01549	0.77738	0.02953	0.00995	0.01478	0.04698	0.00983	0.01731	0.01177	0.01347	0.00798	0.00921	0.00734	0.00493	0.00372	0.00123	0.00625	0.00308	0.00246	0.00732
10	0.04881	0.01215	0.01469	0.01221	0.01513	0.01339	0.05380	0.38340	0.01896	0.02609	0.01816	0.24850	0.01777	0.01029	0.00735	0.00198	0.07617	0.00849	0.00505	0.00762
11	0.01318	0.01095	0.01271	0.00946	0.01404	0.00949	0.00760	0.12391	0.01394	0.02087	0.01144	0.04365	0.00980	0.00545	0.00526	0.00111	0.04129	0.00425	0.00378	0.63782
12	0.00998	0.08328	0.14088	0.01244	0.01559	0.00995	0.12553	0.01275	0.01174	0.01605	0.03923	0.37288	0.02351	0.01164	0.00695	0.00204	0.03705	0.03340	0.00404	0.03110
13	0.02016	0.01164	0.01371	0.01094	0.01479	0.01191	0.00888	0.27397	0.11303	0.30527	0.13312	0.02130	0.01917	0.00780	0.00590	0.00178	0.00499	0.00634	0.00633	0.00898
14	0.01080	0.01017	0.01716	0.78523	0.03940	0.01271	0.01589	0.01461	0.01144	0.01461	0.01017	0.01525	0.00762	0.00572	0.00572	0.00191	0.00762	0.00508	0.00254	0.00635
15	0.01574	0.01193	0.01341	0.04557	0.01549	0.01231	0.00876	0.32371	0.08155	0.02657	0.05022	0.01654	0.01283	0.00776	0.03352	0.00176	0.00544	0.00512	0.09554	0.21622
16	0.01343	0.01295	0.03320	0.05701	0.44736	0.02527	0.06455	0.06070	0.03181	0.01875	0.01390	0.12142	0.01302	0.00734	0.00673	0.00186	0.05249	0.00674	0.00339	0.00808
17	0.00788	0.00534	0.00643	0.00696	0.00717	0.00521	0.00431	0.00843	0.00964	0.01303	0.03347	0.33023	0.02782	0.44864	0.01924	0.00407	0.00455	0.02258	0.03097	0.00404
18	0.00710	0.00513	0.00673	0.00777	0.00830	0.00475	0.00528	0.00834	0.01172	0.01571	0.12635	0.66527	0.07242	0.01697	0.00721	0.00224	0.00322	0.01531	0.00544	0.00475
19	0.06711	0.01701	0.04702	0.05498	0.01827	0.13254	0.01096	0.46087	0.02177	0.06501	0.01292	0.01352	0.00934	0.00651	0.00544	0.00169	0.00677	0.00480	0.03483	0.00865
20	0.01212	0.01050	0.00984	0.00891	0.01097	0.10792	0.00677	0.10384	0.03283	0.04203	0.04439	0.04743	0.31002	0.11911	0.01006	0.00237	0.05098	0.02517	0.03887	0.00587
21	0.26741	0.01481	0.01415	0.05824	0.06190	0.11313	0.00987	0.29463	0.01744	0.02639	0.01113	0.01261	0.00850	0.00772	0.03989	0.00204	0.00669	0.00438	0.02134	0.00772
22	0.02141	0.00910	0.01187	0.00946	0.01331	0.00804	0.00769	0.02427	0.05495	0.58081	0.06138	0.02598	0.12865	0.00844	0.00595	0.00180	0.00445	0.00695	0.00671	0.00876
23	0.00714	0.00516	0.00654	0.00752	0.00802	0.00479	0.00501	0.00813	0.01106	0.01460	0.05916	0.60765	0.11105	0.10396	0.00964	0.00262	0.00350	0.01473	0.00514	0.00456
24	0.01397	0.01118	0.01277	0.00951	0.01424	0.00972	0.00763	0.16149	0.03343	0.03623	0.01230	0.04409	0.01024	0.00546	0.00473	0.00113	0.00463	0.00438	0.00407	0.59883
25	0.01367	0.04683	0.25003	0.01808	0.02396	0.01379	0.32641	0.05183	0.05880	0.05448	0.03659	0.01564	0.01063	0.00578	0.00630	0.00185	0.02617	0.00576	0.02539	0.00802
26	0.00701	0.00500	0.00662	0.00791	0.00823	0.00467	0.00525	0.00798	0.01087	0.01449	0.03109	0.77083	0.03728	0.04308	0.00800	0.00243	0.00339	0.01600	0.00525	0.00461
27	0.01112	0.00577	0.00582	0.00566	0.00712	0.00584	0.00428	0.04357	0.01261	0.02193	0.01846	0.02101	0.01446	0.00667	0.00407	0.00135	0.00282	0.00532	0.79660	0.00551
28	0.03807	0.00953	0.01860	0.02504	0.01331	0.01009	0.04211	0.02972	0.32547	0.03322	0.16591	0.19355	0.02818	0.01067	0.00635	0.00200	0.00430	0.03131	0.00550	0.00708
29	0.01165	0.00662	0.00867	0.00777	0.00975	0.00596	0.00596	0.01409	0.01578	0.17838	0.52725	0.07501	0.08796	0.01120	0.00657	0.00183	0.00320	0.00977	0.00635	0.00624
30	0.00834	0.00605	0.00813	0.00934	0.01029	0.00595	0.00738	0.01069	0.03803	0.01620	0.03107	0.39031	0.04713	0.01645	0.00754	0.00246	0.00433	0.36988	0.00531	0.00511
31	0.16012	0.02249	0.47322	0.13084	0.02429	0.01334	0.02941	0.05001	0.01225	0.01975	0.01002	0.01219	0.00725	0.00551	0.00517	0.00182	0.00753	0.00424	0.00279	0.00778
32	0.01349	0.01523	0.03672	0.08645	0.02554	0.09473	0.42921	0.01703	0.01264	0.01651	0.01165	0.05893	0.00994	0.00679	0.00854	0.01631	0.12384	0.00650	0.00293	0.00701
33	0.01013	0.00891	0.01284	0.03964	0.01318	0.01161	0.00962	0.01192	0.00916	0.01373	0.01197	0.01805	0.01125	0.02700	0.41480	0.00596	0.33569	0.00560	0.02330	0.00564
34	0.01055	0.00917	0.04747	0.09421	0.06907	0.00858	0.05271	0.01442	0.06009	0.03600	0.12998	0.06447	0.06641	0.01069	0.00653	0.00206	0.00517	0.22525	0.08090	0.00627
35	0.26925	0.10305	0.16233	0.01149	0.01599	0.16341	0.01090	0.06940	0.01325	0.07649	0.01019	0.01150	0.00778	0.00635	0.00547	0.04191	0.00674	0.00386	0.00345	0.00718
36	0.01539	0.79008	0.02975	0.00987	0.01473	0.03463	0.00981	0.01722	0.01170	0.01347	0.00797	0.00919	0.00734	0.00491	0.00369	0.00123	0.00618	0.00307	0.00245	0.00733
37	0.01426	0.01277	0.02160	0.03027	0.60512	0.01251	0.04979	0.01747	0.01306	0.06242	0.01273	0.06208	0.01107	0.00594	0.00575	0.00171	0.00649	0.00582	0.00326	0.04586
38	0.01517	0.77805	0.05329	0.00999	0.01500	0.02234	0.01014	0.01716	0.01164	0.01360	0.00802	0.00927	0.00734	0.00491	0.00373	0.00124	0.00619	0.00310	0.00245	0.00738
39	0.00832	0.00596	0.00735	0.00693	0.00853	0.00535	0.00522	0.01068	0.01539	0.04506	0.55568	0.04515	0.23465	0.01226	0.00672	0.00183	0.00282	0.01064	0.00607	0.00539
40	0.01066	0.00533	0.00533	0.00533	0.00666	0.00533	0.00400	0.01333	0.01200	0.02132	0.01866	0.02132	0.01466	0.00666	0.00400	0.00133	0.00267	0.00533	0.83073	0.00533
41	0.01367	0.01190	0.01238	0.01129	0.01435	0.02748	0.00881	0.02803	0.65941	0.02291	0.02546	0.02522	0.06336	0.00851	0.00596	0.00196	0.00457	0.04045	0.00571	0.00857
42	0.02089	0.02650	0.01595	0.01453	0.01741	0.74815	0.01091	0.02238	0.01595	0.01397	0.00908	0.01076	0.00762	0.00724	0.03310	0.00175	0.01050	0.00377	0.00295	0.00658
43	0.00725	0.00581	0.00647	0.00631	0.00803	0.00504	0.00473	0.00915	0.01419	0.01819	0.31481	0.05054	0.50240	0.01346	0.00676	0.00188	0.00282	0.01144	0.00567	0.00504
44	0.02344	0.01057	0.01352	0.01048	0.01467	0.00988	0.00861	0.15938	0.01831	0.56836	0.08355	0.02038	0.01672	0.00743	0.00583	0.00176	0.00495	0.00603	0.00676	0.00936
45	0.01080	0.01017	0.01716	0.78523	0.03940	0.01271	0.01589	0.01461	0.01144	0.01461	0.01017	0.01525	0.00762	0.00572	0.00572	0.00191	0.00762	0.00508	0.00254	0.00635
46	0.00680	0.00580	0.00584	0.00583	0.00775	0.00484	0.00437	0.00828	0.01312	0.01565	0.07666	0.05472	0.74214	0.01441	0.00676	0.00193	0.00289	0.01203	0.00534	0.00484
47	0.00814	0.00557	0.00673	0.00688	0.00707	0.00569	0.00423	0.00856	0.00875	0.01182	0.01914	0.12075	0.02174	0.59688	0.13921	0.00573	0.00677	0.00889	0.00361	0.00385
48	0.02174	0.01602	0.01717	0.01316	0.01774	0.01774	0.01087	0.74423	0.02689	0.03605	0.01373	0.01373	0.00973	0.00687	0.00572	0.00172	0.00629	0.00515	0.00572	0.00973
49	0.01416	0.01359	0.02322	0.03511	0.76330	0.01359	0.01755	0.01755	0.01302	0.01869	0.01076	0.01416	0.00906	0.00510	0.00566	0.00170	0.00680	0.00510	0.00283	0.00906
50	0.00700	0.00501	0.00667	0.00794	0.00830	0.00467	0.00531	0.00805	0.01112	0.01486	0.05451	0.77151	0.03834	0.01772	0.00728	0.00231	0.00330	0.01607	0.00534	0.00467
51	0.01793	0.01412	0.01502	0.01239	0.01628	0.01595	0.00995	0.38169	0.39565	0.02989	0.01858	0.01760	0.01365	0.00732	0.00577	0.00183	0.00540	0.00582	0.00577	0.00939
52	0.02004	0.01500	0.01613	0.01261	0.01689	0.01655	0.01032	0.61408	0.10836	0.03371	0.05088	0.01596	0.01272	0.00715	0.00575	0.00173	0.00588	0.00552	0.00572	0.02499
53	0.00818	0.00610	0.00907	0.00907	0.01005	0.00708	0.00700	0.01014	0.00916	0.01319	0.01543	0.02309	0.01457	0.07418	0.74540	0.00904	0.01492	0.00622	0.00308	0.00504
54	0.01564	0.01460	0.01662	0.23335	0.02274	0.14149	0.01255	0.11759	0.05910	0.06201	0.01119	0.01404	0.00882	0.00736	0.00945	0.00198	0.23581	0.00496	0.00350	0.00720
55	0.01431	0.60380	0.21999	0.01146	0.01727	0.02023	0.01270	0.01738	0.01174	0.01465	0.00855	0.00992	0.00732	0.00503	0.00412	0.00137	0.00672	0.00336	0.00244	0.00763
56	0.02778	0.00546	0.00543	0.00541	0.00674	0.00549	0.00402	0.01322	0.01182	0.02104	0.01841	0.02166	0.01471	0.03535	0.00490	0.00149	0.00281	0.00539	0.78358	0.00528
57	0.01068	0.00606	0.00711	0.12282	0.01159	0.00644	0.00579	0.01352	0.01191	0.02031	0.01738	0.02041	0.01360	0.00652	0.00426	0.00142	0.00341	0.00529	0.70597	0.00549
58	0.04137	0.00846	0.01092	0.00960	0.01219	0.00828	0.00758	0.01943	0.07836	0.33092	0.12835	0.17708	0.03906	0.01060	0.00705	0.00199	0.05201	0.04331	0.00600	0.00744
59	0.02566	0.00973	0.01327	0.01018	0.01460	0.00841	0.00841	0.02788	0.01637	0.76726	0.02257	0.01947	0.01416	0.00708	0.00575	0.00177	0.00487	0.00575	0.00708	0.00973
60	0.00697	0.00498	0.00664	0.00796	0.00830	0.00465	0.00531	0.00796	0.01095	0.01460	0.03153	0.79525	0.03783	0.01792	0.00730	0.00232	0.00332	0.01626	0.00531	0.00465
61	0.02388	0.05606	0.01388	0.00995	0.01420	0.00904	0.00829	0.02610	0.01608	0.67322	0.07100	0.02042	0.01642	0.00726	0.00570	0.00174	0.00480	0.00590	0.00675	0.00930
62	0.03096	0.18853	0.06676	0.04892	0.01937	0.24941	0.07860	0.18607	0.01686	0.04746	0.01066	0.01198	0.00826	0.00580	0.00515	0.00157	0.00790	0.00433	0.00358	0.00780
63	0.01023	0.00755	0.00937	0.00904	0.01069	0.00860	0.00700	0.01603	0.20091	0.01765	0.01805	0.02195	0.01519	0.02649	0.42105	0.00573	0.00997	0.00605	0.17229	0.00617
64	0.01849	0.01398	0.01529	0.01170	0.01621	0.01451	0.00955	0.52103	0.02226	0.03054	0.01368	0.05107	0.01076	0.00673	0.00542	0.00152	0.00562	0.00523	0.00510	0.22130
65	0.01207	0.04897	0.01785	0.56842	0.03320	0.08192	0.04956	0.01598	0.03908	0.01495	0.01080	0.01518	0.00839	0.00791	0.05092	0.00227	0.00823	0.00505	0.00274	0.00652
66	0.01066	0.00533	0.00533	0.00533	0.00666	0.00533	0.00400	0.01333	0.01200	0.02132	0.01866	0.02132	0.01466	0.00666	0.00400	0.00133	0.00267	0.00533	0.83073	0.00533
67	0.00850	0.00634	0.00929	0.00919	0.01019	0.00746	0.00717	0.01055	0.00935	0.01379	0.01521	0.02200	0.01405	0.03937	0.69876	0.00844	0.04561	0.00603	0.05354	0.00517
68	0.02113	0.01107	0.01615	0.01229	0.01657	0.01035	0.11893	0.13494	0.01695	0.45251	0.02178	0.02065	0.07044	0.00780	0.00664	0.03522	0.00566	0.00627	0.00592	0.00876
69	0.00751	0.00538	0.00702	0.00816	0.00864	0.00513	0.00551	0.03501	0.01154	0.01539	0.03087	0.76654	0.03680	0.01751	0.00724	0.00230	0.00343	0.01585	0.00532	0.00483
70	0.00820	0.00554	0.00623	0.00628	0.00638	0.00548	0.00357	0.00830	0.00863	0.01142	0.02033	0.06606	0.05498	0.73473	0.02730	0.00526	0.00534	0.00878	0.00362	0.00357
71	0.00697	0.00498	0.00664	0.00796	0.00830	0.00465	0.00531	0.00796	0.01095	0.01460	0.03153	0.79525	0.03783	0.01792	0.00730	0.00232	0.00332	0.01626	0.00531	0.00465
72	0.01878	0.10252	0.13302	0.01525	0.08129	0.26385	0.01257	0.13951	0.05636	0.10522	0.01227	0.01299	0.00920	0.00605	0.00528	0.00162	0.00770	0.00445	0.00388	0.00818
73	0.00703	0.00507	0.00667	0.00783	0.00829	0.00470	0.00528	0.00816	0.01137	0.01517	0.07960	0.71696	0.06792	0.01738	0.00724	0.00227	0.00326	0.01571	0.00537	0.00470
74	0.00687	0.00538	0.00622	0.00690	0.00802	0.00474	0.00484	0.00808	0.01197	0.01502	0.04448	0.43240	0.39232	0.01624	0.00704	0.00213	0.00311	0.01421	0.00531	0.00474
75	0.07094	0.07289	0.01667	0.01385	0.01710	0.61319	0.01066	0.08866	0.01652	0.01671	0.00918	0.01050	0.00751	0.00589	0.00502	0.00150	0.00933	0.00374	0.00321	0.00693
76	0.01436	0.01416	0.02283	0.06094	0.66484	0.05049	0.04040	0.01794	0.02516	0.01838	0.01087	0.01417	0.00905	0.00519	0.00568	0.00171	0.00705	0.00510	0.00288	0.00880
77	0.01001	0.00883	0.01272	0.01166	0.01225	0.01154	0.00942	0.01172	0.00901	0.01348	0.01201	0.01826	0.01143	0.02898	0.45574	0.00636	0.34252	0.00565	0.00283	0.00559
78	0.01350	0.01455	0.04994	0.01904	0.02360	0.01419	0.42014	0.06112	0.01309	0.01855	0.01065	0.01411	0.00844	0.00589	0.00862	0.00186	0.16123	0.00572	0.00305	0.13271
79	0.01368	0.01494	0.07841	0.10400	0.48067	0.02947	0.12805	0.01805	0.04267	0.01830	0.01125	0.01451	0.00903	0.00526	0.00581	0.00177	0.00742	0.00531	0.00290	0.00849
80	0.01439	0.01487	0.04625	0.03285	0.65886	0.05167	0.06156	0.01788	0.01318	0.01841	0.01070	0.01398	0.00890	0.00513	0.00570	0.00171	0.00720	0.00510	0.00283	0.00884
81	0.01350	0.01543	0.03375	0.02411	0.02989	0.01446	0.74253	0.01832	0.01350	0.01832	0.01157	0.01543	0.00868	0.00482	0.00675	0.00193	0.00964	0.00675	0.00289	0.00771
82	0.01585	0.79531	0.03020	0.01019	0.01509	0.02284	0.01002	0.01751	0.01199	0.01403	0.00857	0.01003	0.00792	0.00530	0.00394	0.00134	0.00631	0.00327	0.00266	0.00764
83	0.00763	0.00549	0.00709	0.00829	0.00876	0.00505	0.00556	0.00851	0.01152	0.01540	0.05076	0.74744	0.06056	0.01794	0.00751	0.00240	0.00351	0.01607	0.00552	0.00499
84	0.00868	0.00630	0.00803	0.00757	0.00899	0.00575	0.00564	0.01115	0.01642	0.02318	0.73112	0.04366	0.07688	0.01212	0.00699	0.00191	0.00293	0.01054	0.00644	0.00570
85	0.00848	0.00627	0.00777	0.00741	0.00888	0.00566	0.00550	0.01075	0.01589	0.02203	0.62384	0.06400	0.16617	0.01263	0.00700	0.00194	0.00297	0.01091	0.00629	0.00560
86	0.01140	0.01058	0.01751	0.77826	0.03957	0.01301	0.01606	0.01502	0.01181	0.01518	0.01076	0.01604	0.00820	0.00611	0.00597	0.00201	0.00780	0.00527	0.00275	0.00666
87	0.00793	0.00626	0.00703	0.00723	0.00873	0.00556	0.00522	0.00979	0.03733	0.01741	0.17589	0.24240	0.41797	0.01496	0.00711	0.00212	0.00324	0.01278	0.00569	0.00534
88	0.00833	0.00607	0.00769	0.00771	0.00889	0.00553	0.00557	0.01031	0.01493	0.02070	0.51195	0.23761	0.10483	0.01385	0.00713	0.00205	0.00310	0.01214	0.00614	0.00548
89	0.00894	0.00600	0.00670	0.00667	0.00673	0.00592	0.00376	0.00878	0.00872	0.01169	0.01854	0.03802	0.02124	0.79184	0.02914	0.00562	0.00574	0.00848	0.00367	0.00380
90	0.00987	0.00833	0.00865	0.00819	0.01054	0.00825	0.00620	0.01593	0.25009	0.01918	0.09033	0.04393	0.47313	0.01248	0.00670	0.00203	0.00363	0.01030	0.00572	0.00654
91	0.00761	0.00544	0.00709	0.00838	0.00877	0.00503	0.00558	0.00843	0.01133	0.01517	0.03192	0.78863	0.03812	0.01820	0.00754	0.00243	0.00354	0.01634	0.00549	0.00497
92	0.83211	0.01147	0.00884	0.00794	0.01151	0.01313	0.00646	0.01720	0.01012	0.02612	0.00858	0.01014	0.00678	0.00571	0.00381	0.00188	0.00463	0.00330	0.00374	0.00650
93	0.02187	0.02751	0.01657	0.01509	0.01807	0.76907	0.01127	0.02317	0.01654	0.01457	0.00945	0.01116	0.00794	0.00629	0.00541	0.00159	0.01047	0.00389	0.00315	0.00694
94	0.00761	0.00544	0.00709	0.00838	0.00877	0.00503	0.00558	0.00843	0.01133	0.01517	0.03192	0.78863	0.03812	0.01820	0.00754	0.00243	0.00354	0.01634	0.00549	0.00497
95	0.01523	0.01248	0.01329	0.01194	0.01523	0.01414	0.00926	0.03025	0.70190	0.05773	0.02383	0.02265	0.01803	0.00823	0.00610	0.00205	0.00476	0.01755	0.00605	0.00931
96	0.02589	0.01052	0.01389	0.01075	0.01520	0.00930	0.00880	0.07026	0.01732	0.71770	0.02253	0.01989	0.01441	0.00745	0.00600	0.00188	0.00515	0.00590	0.00717	0.01001
97	0.01441	0.01444	0.05633	0.07765	0.65335	0.01384	0.01746	0.01826	0.04042	0.01914	0.01175	0.01520	0.00976	0.00565	0.00591	0.00183	0.00702	0.00530	0.00311	0.00916
98	0.05881	0.02286	0.01638	0.01417	0.01768	0.47916	0.01092	0.23944	0.04651	0.02207	0.01141	0.01254	0.00897	0.00662	0.00553	0.00169	0.00878	0.00440	0.00412	0.00793
99	0.01993	0.14324	0.05261	0.01423	0.01772	0.56228	0.01144	0.02241	0.06049	0.01528	0.01024	0.01177	0.00855	0.00630	0.00546	0.00161	0.02194	0.00401	0.00322	0.00727
100	0.01434	0.01874	0.20760	0.02222	0.06353	0.01407	0.48558	0.01917	0.01366	0.06284	0.01245	0.01560	0.00924	0.00552	0.00657	0.00199	0.00910	0.00618	0.00323	0.00837
101	0.02430	0.01032	0.01352	0.01048	0.01493	0.00896	0.00853	0.02703	0.05193	0.65565	0.02194	0.01961	0.01431	0.00723	0.00587	0.00180	0.00500	0.00575	0.00684	0.08600
102	0.01140	0.01058	0.01751	0.77826	0.03957	0.01301	0.01606	0.01502	0.01181	0.01518	0.01076	0.01604	0.00820	0.00611	0.00597	0.00201	0.00780	0.00527	0.00275	0.00666
103	0.01242	0.02527	0.61350	0.01511	0.02218	0.01212	0.01832	0.01765	0.01238	0.06199	0.01353	0.08582	0.01117	0.00773	0.00664	0.03937	0.00778	0.00566	0.00317	0.00820
104	0.01290	0.01589	0.12330	0.12527	0.02853	0.01355	0.45685	0.01724	0.01315	0.01798	0.01361	0.05699	0.01152	0.00672	0.00701	0.00208	0.02501	0.04156	0.00322	0.00762
105	0.00863	0.00590	0.00687	0.00711	0.00733	0.00571	0.00428	0.00886	0.00978	0.01319	0.06681	0.20562	0.02703	0.57139	0.02296	0.00468	0.00508	0.01035	0.00425	0.00418
106	0.01494	0.01027	0.01180	0.01011	0.01240	0.01099	0.00765	0.28566	0.01644	0.06206	0.01659	0.02413	0.01502	0.24879	0.18935	0.00465	0.00811	0.00653	0.03758	0.00693
107	0.08445	0.01614	0.13571	0.08881	0.42222	0.01382	0.11662	0.01782	0.01290	0.01935	0.01110	0.01450	0.00893	0.00558	0.00585	0.00188	0.00748	0.00521	0.00302	0.00860
108	0.01185	0.02351	0.55175	0.01443	0.02106	0.01174	0.04623	0.01725	0.01266	0.01948	0.04359	0.01612	0.01127	0.00631	0.00551	0.00183	0.00730	0.00499	0.16515	0.00797
109	0.06330	0.01794	0.15818	0.08284	0.35116	0.08425	0.08167	0.03798	0.03081	0.01933	0.01132	0.01429	0.00904	0.00578	0.00581	0.00185	0.00772	0.00506	0.00315	0.00853
110	0.69158	0.04759	0.02498	0.06579	0.01414	0.01343	0.00769	0.01743	0.01059	0.04857	0.00926	0.01096	0.00722	0.00578	0.00409	0.00186	0.00504	0.00356	0.00371	0.00672
111	0.08014	0.01299	0.01356	0.01094	0.01446	0.01412	0.00876	0.47573	0.02140	0.03086	0.01522	0.01731	0.01178	0.05365	0.00680	0.00197	0.00548	0.00541	0.19105	0.00838
112	0.00867	0.00690	0.00784	0.00775	0.00971	0.00616	0.00602	0.01102	0.04445	0.01809	0.16754	0.06956	0.41471	0.01376	0.00702	0.00208	0.00365	0.13529	0.00556	0.05422
113	0.04066	0.13175	0.10505	0.04995	0.08063	0.04184	0.16701	0.01801	0.05614	0.01825	0.01132	0.01386	0.00916	0.00571	0.00605	0.00167	0.04372	0.00482	0.00325	0.19118
114	0.01579	0.01241	0.01374	0.01269	0.04514	0.01377	0.00949	0.07852	0.56657	0.07990	0.06750	0.02243	0.01905	0.00816	0.00611	0.00200	0.00486	0.00668	0.00599	0.00921
115	0.00760	0.00548	0.00705	0.00827	0.00874	0.00503	0.00554	0.00845	0.01143	0.01521	0.03320	0.75281	0.07311	0.01803	0.00751	0.00241	0.00352	0.01614	0.00549	0.00498
116	0.00771	0.00554	0.00714	0.00835	0.00884	0.00512	0.00565	0.00859	0.01145	0.01523	0.03272	0.71742	0.06754	0.03252	0.00794	0.00248	0.00363	0.04170	0.00546	0.00498
117	0.01919	0.06223	0.01807	0.13098	0.02091	0.01586	0.04413	0.42185	0.05770	0.08773	0.01431	0.01558	0.01052	0.00754	0.00668	0.04087	0.00656	0.00538	0.00505	0.00888
118	0.00761	0.00544	0.00709	0.00838	0.00877	0.00503	0.00558	0.00843	0.01133	0.01517	0.03192	0.78863	0.03812	0.01820	0.00754	0.00243	0.00354	0.01634	0.00549	0.00497
119	0.00885	0.00609	0.00729	0.00733	0.00761	0.00619	0.00457	0.00914	0.00902	0.01229	0.01867	0.07176	0.02079	0.60586	0.17453	0.00618	0.00755	0.00843	0.00368	0.00418
120	0.02664	0.08721	0.02504	0.12533	0.02484	0.07456	0.31866	0.01725	0.01251	0.01684	0.01080	0.01477	0.00883	0.00660	0.00877	0.00203	0.17020	0.00564	0.03620	0.00728
121	0.01551	0.01154	0.01232	0.01088	0.01397	0.03237	0.00847	0.07457	0.42089	0.11185	0.06044	0.02479	0.07712	0.01006	0.03793	0.00226	0.00517	0.00694	0.05442	0.00850
122	0.00904	0.00658	0.00862	0.00848	0.00907	0.00718	0.00596	0.00999	0.00936	0.01315	0.03533	0.02989	0.01838	0.37431	0.38910	0.00716	0.04279	0.00733	0.00350	0.00476
123	0.01159	0.01043	0.01709	0.01420	0.01620	0.01174	0.17800	0.03352	0.01128	0.01647	0.01426	0.06422	0.01313	0.02081	0.27938	0.00469	0.20196	0.00668	0.06794	0.00643
124	0.06218	0.05131	0.22306	0.15722	0.11435	0.06087	0.17341	0.01780	0.01269	0.01792	0.01073	0.01407	0.00838	0.00593	0.00649	0.00193	0.04576	0.00511	0.00291	0.00788
125	0.01023	0.00893	0.05507	0.10031	0.04984	0.00808	0.00900	0.01291	0.05709	0.04747	0.02507	0.46969	0.02745	0.01370	0.00720	0.00224	0.02298	0.03494	0.00486	0.03293
126	0.09146	0.60117	0.04638	0.01117	0.03276	0.05535	0.01030	0.06214	0.01301	0.01679	0.00909	0.01056	0.00800	0.00552	0.00421	0.00146	0.00643	0.00350	0.00299	0.00772
127	0.09808	0.04433	0.04774	0.00927	0.01125	0.00834	0.01861	0.05642	0.01289	0.04945	0.07735	0.42010	0.06417	0.04511	0.00753	0.00230	0.00441	0.01156	0.00509	0.00603
128	0.04906	0.01516	0.01633	0.03388	0.07973	0.14549	0.03283	0.12871	0.01465	0.02028	0.01100	0.01371	0.00914	0.00695	0.00835	0.00178	0.18267	0.00467	0.05351	0.17210
129	0.05384	0.04582	0.04303	0.01167	0.01647	0.01387	0.00986	0.35952	0.01997	0.15730	0.01441	0.01468	0.01043	0.00649	0.00545	0.00162	0.00576	0.00483	0.00526	0.19972
130	0.03396	0.01648	0.16393	0.04175	0.08954	0.01374	0.16163	0.12165	0.04459	0.02151	0.05660	0.01793	0.01273	0.00701	0.00728	0.00194	0.07900	0.02882	0.00381	0.07611

[dist]
# distance from previous block
# <min> <max>
3	19

[block]
# block no. 5 follows, 41 sequences, length 42
# corresponding to MSA columns:
# 756-797
name=unknown_F
#
# <colnr> <probs for GDERKNQSTAVLIFYWHMCP>
#	G	D	E	R	K	N	Q	S	T	A	V	L	I	F	Y	W	H	M	C	P
0	0.06810	0.01065	0.01410	0.11896	0.01824	0.00950	0.06343	0.04088	0.01265	0.04866	0.03941	0.01398	0.01022	0.00505	0.00479	0.00124	0.00517	0.00428	0.00358	0.50710
