[name]
unknown

[dist]
# distance from previous block
# <min> <max>
0	107

[block]
# block no. 0 follows, 41 sequences, length 35
# corresponding to MSA columns:
# 108-142
name=unknown_A
#
# <colnr> <probs for GDERKNQSTAVLIFYWHMCP>
#	G	D	E	R	K	N	Q	S	T	A	V	L	I	F	Y	W	H	M	C	P
0	0.00775	0.00606	0.00717	0.00754	0.00919	0.00548	0.00608	0.00976	0.01353	0.01706	0.14900	0.05638	0.42313	0.01452	0.00713	0.00214	0.00364	0.24395	0.00544	0.00505
1	0.01860	0.01340	0.01513	0.01283	0.04630	0.01435	0.00997	0.39407	0.17150	0.10161	0.01736	0.04668	0.01342	0.00751	0.00576	0.00176	0.00552	0.02891	0.00556	0.06978
2	0.00806	0.00618	0.00761	0.00819	0.00978	0.00572	0.00677	0.01020	0.01340	0.01696	0.11190	0.05840	0.34543	0.01485	0.00730	0.00225	0.00401	0.35251	0.00538	0.00509
3	0.01360	0.01120	0.01279	0.00930	0.01429	0.00940	0.00750	0.14275	0.01450	0.02170	0.01079	0.01219	0.00869	0.00470	0.00450	0.00100	0.00460	0.00370	0.00380	0.68900
4	0.00832	0.00555	0.00624	0.00624	0.00624	0.00555	0.00347	0.00832	0.00832	0.01109	0.01802	0.03743	0.02080	0.79898	0.02911	0.00555	0.00555	0.00832	0.00347	0.00347
5	0.04653	0.01483	0.06356	0.01997	0.02429	0.01459	0.46174	0.01681	0.01204	0.01747	0.01079	0.03117	0.00886	0.00636	0.00930	0.00202	0.19237	0.00615	0.00288	0.03827
6	0.01351	0.11610	0.12120	0.02186	0.06013	0.01531	0.53123	0.01811	0.01307	0.01770	0.01092	0.01418	0.00836	0.00492	0.00616	0.00182	0.00893	0.00591	0.00278	0.00782
7	0.00994	0.00497	0.00745	0.00745	0.00745	0.00497	0.00497	0.00745	0.00745	0.00994	0.00994	0.01739	0.00994	0.01987	0.02235	0.83358	0.00497	0.00497	0.00248	0.00248
8	0.01167	0.02625	0.61662	0.07877	0.02657	0.01339	0.11150	0.01786	0.01220	0.01786	0.01042	0.01275	0.00746	0.00538	0.00562	0.00183	0.00854	0.00461	0.00249	0.00819
9	0.02417	0.00972	0.01300	0.01013	0.01435	0.00863	0.00831	0.02727	0.06225	0.68770	0.05557	0.02062	0.01614	0.00733	0.00580	0.00178	0.00475	0.00600	0.00697	0.00950
10	0.00697	0.00498	0.00664	0.00796	0.00830	0.00465	0.00531	0.00796	0.01095	0.01460	0.03153	0.79525	0.03783	0.01792	0.00730	0.00232	0.00332	0.01626	0.00531	0.00465
11	0.02098	0.01824	0.01728	0.01453	0.04629	0.21738	0.03835	0.41094	0.05648	0.08304	0.01335	0.01370	0.00973	0.00652	0.00562	0.00167	0.00731	0.00493	0.00488	0.00878
12	0.01595	0.72015	0.02856	0.01025	0.01500	0.07166	0.00991	0.04674	0.01254	0.01440	0.00824	0.00943	0.00744	0.00504	0.00385	0.00126	0.00640	0.00318	0.00261	0.00739
13	0.02133	0.01581	0.01693	0.01308	0.01758	0.01754	0.01077	0.70462	0.06718	0.03538	0.01426	0.01415	0.01016	0.00692	0.00573	0.00173	0.00620	0.00522	0.00573	0.00969
14	0.00808	0.00587	0.00763	0.00724	0.00861	0.00541	0.00547	0.01073	0.01599	0.02249	0.71282	0.04383	0.07918	0.01192	0.00678	0.00183	0.00278	0.03174	0.00623	0.00537
15	0.01416	0.01359	0.02322	0.03511	0.76330	0.01359	0.01755	0.01755	0.01302	0.01869	0.01076	0.01416	0.00906	0.00510	0.00566	0.00170	0.00680	0.00510	0.00283	0.00906
16	0.01332	0.01125	0.01226	0.01144	0.01433	0.01284	0.00908	0.02703	0.61880	0.02269	0.02455	0.02917	0.02026	0.00922	0.00620	0.00207	0.00466	0.13674	0.00572	0.00837
17	0.02228	0.01641	0.01755	0.01356	0.01815	0.01801	0.01111	0.73715	0.02714	0.03644	0.01434	0.01461	0.01033	0.00728	0.00599	0.00184	0.00650	0.00535	0.00592	0.01003
18	0.00989	0.00707	0.00968	0.01096	0.01233	0.00697	0.00947	0.01232	0.01355	0.01771	0.03073	0.06487	0.03328	0.01613	0.00815	0.00274	0.00548	0.71759	0.00547	0.00561
19	0.01315	0.01294	0.01790	0.01539	0.01546	0.01780	0.01274	0.01421	0.00919	0.01439	0.00818	0.01340	0.00813	0.01040	0.01891	0.00261	0.78066	0.00521	0.00273	0.00659
20	0.01060	0.00547	0.00793	0.00791	0.00797	0.00538	0.00527	0.00797	0.00790	0.01060	0.01059	0.01823	0.01053	0.02015	0.02246	0.82513	0.00519	0.00517	0.00271	0.00286
21	0.02513	0.00996	0.01337	0.01043	0.01469	0.00860	0.00849	0.02717	0.01672	0.71631	0.06651	0.02166	0.01706	0.00777	0.00608	0.00189	0.00496	0.00622	0.00721	0.00978
22	0.00888	0.00652	0.00818	0.00780	0.00923	0.00605	0.00577	0.01171	0.04280	0.02270	0.65470	0.08483	0.08348	0.01239	0.00701	0.00196	0.00305	0.01076	0.00637	0.00581
23	0.01239	0.01177	0.02014	0.55595	0.19574	0.01336	0.07291	0.01598	0.01235	0.01640	0.01105	0.01589	0.00864	0.00594	0.00606	0.00198	0.00779	0.00542	0.00286	0.00738
24	0.40033	0.01478	0.01276	0.01080	0.01460	0.11171	0.00864	0.19956	0.07019	0.08558	0.01244	0.01313	0.00931	0.00652	0.00492	0.00185	0.00591	0.00436	0.00467	0.00795
25	0.01468	0.01391	0.02336	0.05680	0.73527	0.01388	0.01768	0.01788	0.01337	0.01914	0.01138	0.01506	0.00963	0.00555	0.00594	0.00182	0.00702	0.00530	0.00305	0.00929
26	0.01478	0.01400	0.02354	0.03528	0.75603	0.01391	0.01772	0.01796	0.01341	0.01926	0.01140	0.01503	0.00967	0.00553	0.00594	0.00182	0.00700	0.00530	0.00306	0.00937
27	0.01442	0.49541	0.31656	0.01274	0.01903	0.01924	0.01443	0.01792	0.01220	0.01589	0.00952	0.01122	0.00793	0.00554	0.00465	0.00157	0.00723	0.00374	0.00266	0.00809
28	0.00992	0.00812	0.01103	0.06105	0.03511	0.00717	0.03676	0.01162	0.01184	0.01675	0.02245	0.43718	0.02494	0.01223	0.00642	0.00191	0.00448	0.01087	0.00456	0.26559
29	0.00989	0.00707	0.00968	0.01096	0.01233	0.00697	0.00947	0.01232	0.01355	0.01771	0.03073	0.06487	0.03328	0.01613	0.00815	0.00274	0.00548	0.71759	0.00547	0.00561
30	0.00766	0.00548	0.00713	0.00841	0.00881	0.00506	0.00561	0.00847	0.01136	0.01522	0.03195	0.78808	0.03814	0.01822	0.00756	0.00244	0.00355	0.01635	0.00551	0.00500
31	0.01222	0.02925	0.73476	0.01735	0.05204	0.01362	0.02114	0.01850	0.01251	0.01871	0.01093	0.01305	0.00794	0.00585	0.00572	0.00192	0.00858	0.00447	0.00266	0.00879
32	0.05721	0.02203	0.45222	0.01409	0.02085	0.01217	0.01599	0.04968	0.01417	0.23497	0.01446	0.01502	0.00994	0.00635	0.00568	0.00188	0.00718	0.00483	0.00420	0.03708
33	0.01991	0.01408	0.01548	0.01201	0.01641	0.01455	0.00973	0.49766	0.02252	0.08970	0.01521	0.04154	0.01160	0.00720	0.00572	0.00169	0.00578	0.00547	0.03804	0.15570
34	0.06609	0.49117	0.09407	0.01408	0.09833	0.11604	0.01187	0.01839	0.01269	0.01589	0.00926	0.01106	0.00808	0.00555	0.00452	0.00152	0.00704	0.00370	0.00284	0.00779

[dist]
# distance from previous block
# <min> <max>
25	57

[block]
# block no. 1 follows, 41 sequences, length 9
# corresponding to MSA columns:
# 203-211
name=unknown_B
#
# <colnr> <probs for GDERKNQSTAVLIFYWHMCP>
#	G	D	E	R	K	N	Q	S	T	A	V	L	I	F	Y	W	H	M	C	P
0	0.07614	0.00710	0.00805	0.00785	0.00858	0.05801	0.00554	0.01006	0.00923	0.01336	0.05782	0.01844	0.01284	0.01739	0.05624	0.54977	0.00550	0.00516	0.06931	0.00361
1	0.01179	0.01148	0.01611	0.01407	0.01417	0.01580	0.01159	0.01308	0.00894	0.01378	0.00977	0.06637	0.01012	0.01322	0.07954	0.00303	0.67248	0.00586	0.00274	0.00605
2	0.00822	0.00674	0.01034	0.07198	0.01285	0.00694	0.06608	0.00972	0.01093	0.01467	0.02601	0.58231	0.03029	0.05474	0.00895	0.00243	0.05361	0.01349	0.00462	0.00507
3	0.01158	0.01101	0.01836	0.58123	0.17813	0.01324	0.01595	0.01512	0.01154	0.01534	0.01008	0.01483	0.00789	0.00592	0.00670	0.00191	0.06660	0.00508	0.00259	0.00687
4	0.00932	0.00746	0.01158	0.00971	0.01083	0.00728	0.14699	0.01026	0.00932	0.01250	0.01677	0.03316	0.01844	0.64475	0.02477	0.00484	0.00634	0.00801	0.00335	0.00429
5	0.01100	0.00977	0.01517	0.57103	0.03172	0.01112	0.01315	0.01447	0.01156	0.01594	0.01086	0.01509	0.00836	0.00551	0.00529	0.00165	0.00656	0.00477	0.06999	0.16699
6	0.01008	0.00504	0.00704	0.00704	0.00730	0.00504	0.00478	0.00859	0.00833	0.01215	0.01163	0.01815	0.01085	0.01731	0.01879	0.67196	0.00452	0.00504	0.16333	0.00304
7	0.02262	0.01461	0.01629	0.01249	0.01704	0.01565	0.01032	0.58388	0.02454	0.19972	0.01571	0.01502	0.01072	0.00691	0.00573	0.00173	0.00597	0.00528	0.00603	0.00973
8	0.36740	0.01313	0.03462	0.03070	0.06483	0.01389	0.00940	0.24312	0.03426	0.11981	0.01223	0.01277	0.00880	0.00607	0.00479	0.00176	0.00541	0.00436	0.00460	0.00805

[dist]
# distance from previous block
# <min> <max>
0	1

[block]
# block no. 2 follows, 41 sequences, length 15
# corresponding to MSA columns:
# 213-227
name=unknown_C
#
# <colnr> <probs for GDERKNQSTAVLIFYWHMCP>
#	G	D	E	R	K	N	Q	S	T	A	V	L	I	F	Y	W	H	M	C	P
0	0.03349	0.42470	0.10701	0.01027	0.01542	0.04432	0.01012	0.01651	0.01181	0.01576	0.00905	0.01062	0.00779	0.00572	0.02241	0.00139	0.00618	0.00338	0.00277	0.24129
1	0.02255	0.01547	0.01433	0.01181	0.01564	0.22704	0.00938	0.11049	0.06857	0.38911	0.04471	0.01718	0.01340	0.00694	0.00562	0.00169	0.00647	0.00531	0.00563	0.00865
2	0.01186	0.01017	0.01186	0.00847	0.01356	0.00762	0.00678	0.01440	0.01186	0.01864	0.01017	0.01186	0.00847	0.00424	0.00424	0.00085	0.00424	0.00339	0.00339	0.83395
3	0.01854	0.01416	0.01544	0.01175	0.01640	0.01469	0.00962	0.49952	0.06146	0.03047	0.01323	0.01361	0.00979	0.00617	0.00531	0.00148	0.00562	0.00472	0.00507	0.24295
4	0.05675	0.07873	0.37012	0.01251	0.01884	0.03051	0.01395	0.04003	0.03564	0.01907	0.01069	0.01224	0.00818	0.00522	0.00483	0.00147	0.00654	0.00396	0.02894	0.24178
5	0.01226	0.00632	0.00852	0.00859	0.01008	0.00571	0.00619	0.01360	0.01249	0.22761	0.02899	0.57570	0.03113	0.01485	0.00686	0.00217	0.00376	0.01329	0.00581	0.00609
6	0.00882	0.00794	0.01431	0.01253	0.01441	0.00742	0.21394	0.01090	0.01167	0.01565	0.02588	0.57456	0.02958	0.01421	0.00714	0.00221	0.00511	0.01357	0.00463	0.00551
7	0.01120	0.01094	0.01960	0.67296	0.03799	0.01297	0.12307	0.01516	0.01174	0.01516	0.01037	0.01528	0.00778	0.00559	0.00587	0.00191	0.00792	0.00533	0.00259	0.00655
8	0.01369	0.01329	0.02160	0.02942	0.55154	0.01470	0.01613	0.01648	0.01182	0.01729	0.00984	0.01369	0.00862	0.00649	0.00937	0.00193	0.22802	0.00507	0.00274	0.00827
9	0.00832	0.00555	0.00624	0.00624	0.00624	0.00555	0.00347	0.00832	0.00832	0.01109	0.01802	0.03743	0.02080	0.79898	0.02911	0.00555	0.00555	0.00832	0.00347	0.00347
10	0.01076	0.00880	0.01381	0.56452	0.03013	0.01062	0.01252	0.01425	0.01160	0.01651	0.01257	0.01697	0.00962	0.00599	0.00523	0.00174	0.00622	0.00515	0.23692	0.00606
11	0.01935	0.02302	0.01528	0.01386	0.01689	0.56043	0.01049	0.02498	0.22471	0.01681	0.01293	0.01344	0.01022	0.00642	0.00535	0.00161	0.00868	0.00447	0.00376	0.00732
12	0.00817	0.00613	0.00919	0.00919	0.01021	0.00715	0.00715	0.01021	0.00919	0.01328	0.01532	0.02247	0.01430	0.04290	0.77631	0.00919	0.01532	0.00613	0.00306	0.00511
13	0.01174	0.05538	0.52504	0.01382	0.02118	0.01206	0.01661	0.01702	0.01200	0.01807	0.01014	0.01190	0.00760	0.00507	0.00502	0.00151	0.00717	0.00394	0.00269	0.24202
14	0.00887	0.00763	0.00781	0.00745	0.00975	0.00749	0.00568	0.01449	0.22244	0.01785	0.04813	0.04551	0.55056	0.01258	0.00649	0.00193	0.00336	0.01049	0.00546	0.00602

[dist]
# distance from previous block
# <min> <max>
0	0

# created by:
# /software/SequenceAnalysis/GenePrediction/augustus/3.0.1/scripts/msa2prfl.pl ./fixed/BUSCOvEOG7CNS6B.fas
