[name]
unknown

[dist]
# distance from previous block
# <min> <max>
0	357

[block]
# block no. 0 follows, 39 sequences, length 21
# corresponding to MSA columns:
# 546-566
name=unknown_A
#
# <colnr> <probs for GDERKNQSTAVLIFYWHMCP>
#	G	D	E	R	K	N	Q	S	T	A	V	L	I	F	Y	W	H	M	C	P
0	0.00911	0.00651	0.00905	0.01041	0.01158	0.00644	0.00880	0.01152	0.01320	0.01723	0.03154	0.19778	0.03496	0.01673	0.00806	0.00266	0.00508	0.58856	0.00545	0.00533
1	0.01271	0.01091	0.01246	0.00935	0.01426	0.00912	0.00743	0.01789	0.14529	0.02026	0.01297	0.01404	0.01045	0.00504	0.00468	0.00108	0.00443	0.00408	0.00396	0.67956
2	0.02258	0.20027	0.01797	0.01067	0.01523	0.01314	0.00918	0.04571	0.09301	0.48191	0.01951	0.01760	0.01317	0.00684	0.00543	0.00171	0.00535	0.00534	0.00599	0.00939
3	0.00893	0.00668	0.00978	0.00964	0.01082	0.00776	0.00752	0.03520	0.01013	0.01453	0.01578	0.02293	0.01462	0.04309	0.74280	0.00924	0.01552	0.00630	0.00326	0.00544
4	0.01532	0.01625	0.05219	0.05635	0.02891	0.01545	0.54968	0.14894	0.01633	0.02209	0.01227	0.01552	0.00908	0.00543	0.00670	0.00195	0.00921	0.00653	0.00349	0.00831
5	0.13716	0.06931	0.42438	0.01569	0.05141	0.01436	0.05419	0.01782	0.01189	0.01929	0.00994	0.01217	0.00759	0.00587	0.00645	0.00184	0.07668	0.00431	0.00279	0.05687
6	0.00721	0.00515	0.00686	0.00823	0.00858	0.00480	0.00549	0.00823	0.01132	0.01510	0.03259	0.78831	0.03911	0.01853	0.00755	0.00240	0.00343	0.01681	0.00549	0.00480
7	0.00830	0.00603	0.00814	0.00796	0.00920	0.00587	0.00599	0.01081	0.01487	0.02099	0.53790	0.10802	0.04637	0.01862	0.14542	0.00332	0.00528	0.02567	0.00579	0.00545
8	0.02849	0.18710	0.43117	0.15422	0.05251	0.01566	0.01796	0.01781	0.01226	0.01723	0.01006	0.01247	0.00763	0.00554	0.00526	0.00176	0.00793	0.00429	0.00257	0.00808
9	0.01258	0.13052	0.42349	0.15531	0.02765	0.01513	0.11925	0.01796	0.01251	0.01744	0.01045	0.01315	0.00778	0.00551	0.00561	0.00182	0.00842	0.00473	0.00259	0.00808
10	0.02459	0.15278	0.01686	0.01045	0.01511	0.01136	0.00895	0.02680	0.01603	0.62396	0.02059	0.01820	0.01336	0.00691	0.00556	0.00173	0.00527	0.00544	0.00645	0.00961
11	0.00841	0.00726	0.00868	0.00823	0.00968	0.00754	0.00643	0.01012	0.01317	0.01703	0.16790	0.07143	0.44725	0.01381	0.00930	0.00212	0.14445	0.03668	0.00514	0.00537
12	0.02021	0.03150	0.03692	0.02092	0.27530	0.01228	0.06311	0.06719	0.04296	0.34270	0.01709	0.01720	0.01191	0.00636	0.00593	0.00181	0.00627	0.00567	0.00512	0.00956
13	0.00875	0.00672	0.00987	0.00970	0.01063	0.00798	0.00752	0.01068	0.00942	0.01362	0.01549	0.02352	0.01474	0.08788	0.67552	0.00883	0.06433	0.00640	0.00316	0.00525
14	0.63647	0.01245	0.01062	0.00910	0.01293	0.01428	0.00746	0.14870	0.05818	0.02837	0.01029	0.01120	0.00778	0.00594	0.00421	0.00183	0.00493	0.00380	0.00421	0.00725
15	0.01138	0.01094	0.04134	0.23873	0.20676	0.01105	0.05675	0.01477	0.03488	0.01659	0.03870	0.02613	0.07393	0.14994	0.01057	0.00263	0.00669	0.03799	0.00347	0.00677
16	0.01775	0.01280	0.01968	0.15715	0.34004	0.03990	0.03871	0.02136	0.03639	0.23460	0.01493	0.01656	0.01083	0.00608	0.00592	0.00182	0.00676	0.00551	0.00426	0.00894
17	0.00952	0.00742	0.00916	0.01108	0.07187	0.04914	0.00703	0.01084	0.01206	0.04817	0.02906	0.64559	0.03376	0.01622	0.00721	0.00227	0.00421	0.01463	0.00522	0.00553
18	0.68728	0.01119	0.00961	0.00828	0.01210	0.01244	0.00682	0.01946	0.01131	0.15965	0.01098	0.01152	0.00790	0.00582	0.00408	0.00183	0.00466	0.00370	0.00432	0.00707
19	0.76712	0.01113	0.00895	0.03629	0.01239	0.01289	0.00673	0.01690	0.01018	0.02561	0.00939	0.04411	0.00790	0.00608	0.00391	0.00186	0.00465	0.00388	0.00370	0.00634
20	0.02006	0.01528	0.01641	0.01289	0.01738	0.01675	0.01051	0.53313	0.17266	0.03324	0.01591	0.01564	0.01158	0.00707	0.00581	0.00175	0.00596	0.00545	0.00574	0.07677

[dist]
# distance from previous block
# <min> <max>
0	2

[block]
# block no. 1 follows, 39 sequences, length 13
# corresponding to MSA columns:
# 569-581
name=unknown_B
#
# <colnr> <probs for GDERKNQSTAVLIFYWHMCP>
#	G	D	E	R	K	N	Q	S	T	A	V	L	I	F	Y	W	H	M	C	P
0	0.01274	0.11918	0.56727	0.01513	0.02285	0.04157	0.01848	0.01837	0.01256	0.01806	0.01026	0.01204	0.00764	0.00544	0.00526	0.00168	0.00805	0.00411	0.00263	0.09665
1	0.01245	0.01384	0.06228	0.01983	0.05186	0.01256	0.42931	0.01784	0.09183	0.01871	0.01779	0.18963	0.01665	0.00839	0.00689	0.00207	0.00776	0.00896	0.00385	0.00751
2	0.00933	0.00798	0.01082	0.01348	0.17609	0.00748	0.00805	0.01208	0.03695	0.01905	0.23379	0.07955	0.33892	0.01198	0.00673	0.00193	0.00392	0.01042	0.00521	0.00626
3	0.19906	0.01353	0.01806	0.04772	0.20643	0.04588	0.08499	0.02067	0.13834	0.06498	0.01305	0.01494	0.01017	0.00649	0.00695	0.00193	0.08969	0.00519	0.00385	0.00808
4	0.01974	0.10754	0.01991	0.01941	0.18326	0.51912	0.01279	0.02175	0.01551	0.01550	0.00949	0.01143	0.00801	0.00580	0.00528	0.00155	0.00938	0.00407	0.00296	0.00750
5	0.01877	0.01031	0.01457	0.01581	0.17979	0.00974	0.01016	0.02261	0.08862	0.36896	0.04138	0.10488	0.07014	0.00879	0.00620	0.00191	0.00507	0.00762	0.00586	0.00880
6	0.01119	0.00912	0.01231	0.01507	0.17792	0.00906	0.00974	0.06239	0.05798	0.01979	0.06016	0.04287	0.22293	0.01169	0.00678	0.00209	0.00491	0.20781	0.04944	0.00675
7	0.01501	0.61960	0.02679	0.00981	0.01492	0.01992	0.00942	0.01708	0.01207	0.01512	0.00874	0.01011	0.00785	0.00491	0.00393	0.00118	0.00589	0.00324	0.00275	0.19168
8	0.01325	0.01232	0.02075	0.03029	0.58824	0.01256	0.01574	0.01645	0.01258	0.01807	0.01218	0.01656	0.01058	0.01404	0.17697	0.00349	0.00900	0.00551	0.00298	0.00845
9	0.00721	0.00515	0.00686	0.00823	0.00858	0.00480	0.00549	0.00823	0.01132	0.01510	0.03259	0.78831	0.03911	0.01853	0.00755	0.00240	0.00343	0.01681	0.00549	0.00480
10	0.00859	0.00576	0.00661	0.00661	0.00666	0.00582	0.00378	0.00870	0.00865	0.01158	0.01849	0.03789	0.02115	0.75314	0.06865	0.00593	0.00626	0.00848	0.00356	0.00367
11	0.01244	0.00695	0.00921	0.00813	0.01024	0.00628	0.00628	0.01512	0.01678	0.18872	0.58868	0.03878	0.04657	0.01102	0.00674	0.00185	0.00329	0.00963	0.00669	0.00659
12	0.01116	0.00944	0.01004	0.01007	0.01148	0.08933	0.00746	0.10537	0.01373	0.01771	0.02387	0.40513	0.02629	0.02141	0.17785	0.00383	0.00747	0.03776	0.00476	0.00584

[dist]
# distance from previous block
# <min> <max>
2	4

[block]
# block no. 2 follows, 39 sequences, length 8
# corresponding to MSA columns:
# 586-593
name=unknown_C
#
# <colnr> <probs for GDERKNQSTAVLIFYWHMCP>
#	G	D	E	R	K	N	Q	S	T	A	V	L	I	F	Y	W	H	M	C	P
0	0.00706	0.00572	0.00627	0.00671	0.00818	0.00493	0.00481	0.00841	0.01279	0.01570	0.05120	0.29016	0.52525	0.01611	0.00717	0.00213	0.00313	0.01386	0.00549	0.00493
1	0.00721	0.00515	0.00686	0.00823	0.00858	0.00480	0.00549	0.00823	0.01132	0.01510	0.03259	0.78831	0.03911	0.01853	0.00755	0.00240	0.00343	0.01681	0.00549	0.00480
2	0.01464	0.01405	0.02400	0.03630	0.75528	0.01405	0.01815	0.01815	0.01347	0.01932	0.01112	0.01464	0.00937	0.00527	0.00585	0.00176	0.00703	0.00527	0.00293	0.00937
3	0.01324	0.01108	0.01767	0.07775	0.46721	0.01126	0.01356	0.01655	0.01301	0.01990	0.01369	0.01708	0.01111	0.00583	0.00531	0.00165	0.00572	0.00535	0.26507	0.00794
4	0.01196	0.01307	0.00964	0.00910	0.01136	0.24852	0.00682	0.01360	0.01488	0.01635	0.11973	0.04077	0.43866	0.01183	0.00646	0.00183	0.00542	0.00952	0.00482	0.00565
5	0.01122	0.00914	0.01084	0.00886	0.01252	0.00748	0.00676	0.05272	0.01282	0.01894	0.01776	0.25986	0.01851	0.00904	0.00548	0.00141	0.00420	0.00785	0.00427	0.52033
6	0.57211	0.01192	0.01170	0.01025	0.01274	0.01481	0.00849	0.01638	0.00974	0.02261	0.00808	0.01067	0.00684	0.00704	0.00868	0.00207	0.25229	0.00383	0.00332	0.00643
7	0.01139	0.01691	0.25494	0.53523	0.03590	0.01333	0.01815	0.01626	0.01204	0.01626	0.01054	0.01472	0.00776	0.00582	0.00582	0.00194	0.00816	0.00497	0.00259	0.00726

[dist]
# distance from previous block
# <min> <max>
0	5

[block]
# block no. 3 follows, 39 sequences, length 11
# corresponding to MSA columns:
# 599-609
name=unknown_D
#
# <colnr> <probs for GDERKNQSTAVLIFYWHMCP>
#	G	D	E	R	K	N	Q	S	T	A	V	L	I	F	Y	W	H	M	C	P
0	0.00808	0.00588	0.00760	0.00748	0.00874	0.00541	0.00549	0.01048	0.01558	0.02171	0.58160	0.17501	0.09803	0.01340	0.00708	0.00196	0.00292	0.01188	0.00627	0.00541
1	0.01908	0.01487	0.01583	0.01292	0.01704	0.01675	0.01042	0.42722	0.34168	0.03178	0.01852	0.01764	0.01356	0.00750	0.00596	0.00188	0.00571	0.00592	0.00596	0.00975
2	0.01374	0.01081	0.01130	0.01032	0.01314	0.01229	0.00798	0.02678	0.55190	0.02403	0.02281	0.02206	0.01729	0.00772	0.00552	0.00184	0.00417	0.00638	0.22156	0.00835
3	0.01246	0.02150	0.43254	0.01360	0.01964	0.01255	0.01547	0.02121	0.20515	0.02089	0.01567	0.01668	0.01161	0.00647	0.00546	0.00182	0.00663	0.00518	0.14713	0.00834
4	0.01004	0.00777	0.01017	0.00923	0.01026	0.00887	0.00726	0.01243	0.01396	0.02093	0.42820	0.03209	0.03606	0.01072	0.00975	0.00197	0.20768	0.00834	0.14848	0.00580
5	0.23091	0.40241	0.02093	0.00960	0.01419	0.06627	0.00868	0.01751	0.01185	0.01821	0.00868	0.01008	0.00748	0.00512	0.00396	0.00136	0.00581	0.00327	0.00303	0.15063
6	0.01976	0.00885	0.01188	0.00947	0.01296	0.00761	0.00746	0.02083	0.01368	0.43292	0.01765	0.01819	0.01246	0.01029	0.01019	0.21908	0.00495	0.00531	0.00540	0.15106
7	0.01157	0.01078	0.01797	0.77335	0.04084	0.01334	0.01654	0.01538	0.01207	0.01548	0.01091	0.01629	0.00826	0.00617	0.00608	0.00204	0.00800	0.00538	0.00277	0.00677
8	0.00959	0.00780	0.01167	0.01590	0.20541	0.00749	0.00900	0.01115	0.01214	0.01658	0.02720	0.58033	0.03147	0.01522	0.00726	0.00230	0.00452	0.01383	0.00494	0.00622
9	0.02281	0.01680	0.01798	0.01385	0.01859	0.01851	0.01138	0.73126	0.02795	0.03750	0.01457	0.01473	0.01042	0.00735	0.00608	0.00185	0.00663	0.00545	0.00603	0.01024
10	0.00945	0.00591	0.00721	0.00720	0.00728	0.00589	0.00435	0.00876	0.00867	0.01165	0.01666	0.03297	0.01855	0.55248	0.05978	0.22233	0.00614	0.00770	0.00343	0.00361

[dist]
# distance from previous block
# <min> <max>
0	18

[block]
# block no. 4 follows, 39 sequences, length 7
# corresponding to MSA columns:
# 628-634
name=unknown_E
#
# <colnr> <probs for GDERKNQSTAVLIFYWHMCP>
#	G	D	E	R	K	N	Q	S	T	A	V	L	I	F	Y	W	H	M	C	P
0	0.02319	0.01301	0.05801	0.01164	0.01629	0.01177	0.01004	0.24681	0.02004	0.44206	0.06904	0.01947	0.01558	0.00747	0.00599	0.00182	0.00555	0.00598	0.00655	0.00968
1	0.57843	0.01115	0.00980	0.00808	0.01224	0.01159	0.00659	0.01661	0.01075	0.02427	0.00894	0.01043	0.00714	0.00514	0.00388	0.00153	0.00451	0.00330	0.00361	0.26199
2	0.00717	0.00595	0.00627	0.00629	0.00812	0.00505	0.00468	0.00880	0.01375	0.01687	0.14259	0.09687	0.62755	0.01483	0.00702	0.00200	0.00300	0.01251	0.00562	0.00505
3	0.12234	0.09640	0.01663	0.01201	0.01621	0.01710	0.00992	0.35020	0.24680	0.02956	0.01588	0.01557	0.01182	0.00697	0.00544	0.00180	0.00567	0.00525	0.00531	0.00912
4	0.01411	0.01371	0.02217	0.02984	0.52524	0.01531	0.01653	0.01693	0.01209	0.01774	0.01008	0.01411	0.00887	0.00685	0.01007	0.00201	0.24781	0.00524	0.00282	0.00847
5	0.01260	0.37272	0.19381	0.01149	0.01616	0.01618	0.01199	0.01572	0.01134	0.01497	0.01115	0.01446	0.00980	0.01741	0.24209	0.00397	0.00984	0.00443	0.00272	0.00714
6	0.01167	0.01082	0.01701	0.49591	0.03186	0.01161	0.05432	0.01526	0.01208	0.01662	0.01059	0.01469	0.00822	0.00538	0.00550	0.00163	0.00691	0.00481	0.00292	0.26219

[dist]
# distance from previous block
# <min> <max>
0	1

[block]
# block no. 5 follows, 39 sequences, length 10
# corresponding to MSA columns:
# 636-645
name=unknown_F
#
# <colnr> <probs for GDERKNQSTAVLIFYWHMCP>
#	G	D	E	R	K	N	Q	S	T	A	V	L	I	F	Y	W	H	M	C	P
0	0.00855	0.00697	0.01056	0.26979	0.01950	0.00764	0.00921	0.01057	0.01149	0.01510	0.02509	0.52579	0.02850	0.01424	0.00699	0.00226	0.00494	0.01288	0.00452	0.00540
1	0.00970	0.00828	0.00862	0.00813	0.01055	0.00833	0.00621	0.01645	0.26212	0.01943	0.09071	0.04428	0.45990	0.01243	0.00666	0.00199	0.00356	0.01040	0.00573	0.00651
2	0.01211	0.01103	0.01818	0.02676	0.50154	0.01091	0.01385	0.01478	0.01274	0.01788	0.01842	0.27754	0.01948	0.00977	0.00643	0.00198	0.00580	0.00919	0.00380	0.00782
3	0.00721	0.00515	0.00686	0.00823	0.00858	0.00480	0.00549	0.00823	0.01132	0.01510	0.03259	0.78831	0.03911	0.01853	0.00755	0.00240	0.00343	0.01681	0.00549	0.00480
4	0.02280	0.01606	0.01743	0.01337	0.01809	0.01759	0.01104	0.68050	0.02696	0.09352	0.01491	0.01466	0.01041	0.00712	0.00592	0.00178	0.00639	0.00537	0.00603	0.01006
5	0.01924	0.01533	0.01787	0.01426	0.01738	0.01826	0.01182	0.49044	0.02143	0.02944	0.01201	0.01377	0.00928	0.00820	0.01050	0.00205	0.26981	0.00527	0.00478	0.00884
6	0.01351	0.01196	0.01486	0.27230	0.02399	0.01418	0.01176	0.02588	0.49559	0.02147	0.01946	0.01992	0.01460	0.00731	0.00598	0.00199	0.00577	0.00620	0.00487	0.00841
7	0.01027	0.00514	0.00770	0.00770	0.00770	0.00514	0.00514	0.00770	0.00770	0.01027	0.01027	0.01798	0.01027	0.02054	0.02311	0.82794	0.00514	0.00514	0.00257	0.00257
8	0.01257	0.02562	0.51461	0.01960	0.02740	0.01415	0.26378	0.01880	0.01299	0.01880	0.01107	0.01366	0.00799	0.00540	0.00608	0.00191	0.00916	0.00526	0.00266	0.00848
9	0.55472	0.01112	0.00991	0.00811	0.01231	0.01144	0.00661	0.01654	0.01081	0.02407	0.00901	0.01051	0.00720	0.00511	0.00390	0.00151	0.00451	0.00330	0.00361	0.28570

[dist]
# distance from previous block
# <min> <max>
4	22

[block]
# block no. 6 follows, 39 sequences, length 23
# corresponding to MSA columns:
# 670-692
name=unknown_G
#
# <colnr> <probs for GDERKNQSTAVLIFYWHMCP>
#	G	D	E	R	K	N	Q	S	T	A	V	L	I	F	Y	W	H	M	C	P
0	0.01447	0.03811	0.39564	0.01484	0.02124	0.01417	0.05098	0.21190	0.03299	0.02412	0.08008	0.01790	0.04319	0.00699	0.00591	0.00185	0.00729	0.00568	0.00400	0.00861
1	0.00721	0.00515	0.00686	0.00823	0.00858	0.00480	0.00549	0.00823	0.01132	0.01510	0.03259	0.78831	0.03911	0.01853	0.00755	0.00240	0.00343	0.01681	0.00549	0.00480
2	0.01243	0.02663	0.56487	0.01904	0.02703	0.01406	0.21453	0.01879	0.01288	0.01879	0.01098	0.01342	0.00789	0.00545	0.00599	0.00191	0.00907	0.00508	0.00263	0.00853
3	0.01207	0.02195	0.48069	0.01443	0.04235	0.01117	0.01637	0.01740	0.01399	0.07415	0.21225	0.02168	0.02114	0.00748	0.00602	0.00186	0.00681	0.00622	0.00395	0.00800
4	0.01295	0.08080	0.27701	0.10429	0.06858	0.01483	0.28252	0.01796	0.01290	0.01789	0.01187	0.01493	0.02337	0.00567	0.00643	0.00190	0.02971	0.00557	0.00278	0.00802
5	0.01185	0.01008	0.01360	0.01205	0.01255	0.01333	0.00985	0.01364	0.01002	0.01628	0.01192	0.01672	0.01066	0.01376	0.11101	0.00314	0.47282	0.00541	0.22524	0.00606
6	0.61433	0.01282	0.01114	0.00935	0.01330	0.01464	0.00771	0.21175	0.01487	0.02944	0.00985	0.01085	0.00739	0.00593	0.00427	0.00181	0.00510	0.00378	0.00427	0.00739
7	0.00757	0.00601	0.00679	0.00660	0.00834	0.00524	0.00495	0.00961	0.01484	0.01922	0.34975	0.05158	0.46101	0.01377	0.00698	0.00194	0.00291	0.01173	0.00592	0.00524
8	0.01161	0.01095	0.01533	0.05102	0.01496	0.01448	0.01112	0.01344	0.01127	0.01684	0.20936	0.02153	0.02077	0.01060	0.01538	0.00236	0.53241	0.00667	0.00365	0.00623
9	0.01102	0.00551	0.00551	0.00551	0.00689	0.00551	0.00413	0.01378	0.01240	0.02205	0.01929	0.02205	0.01516	0.00689	0.00413	0.00138	0.00276	0.00551	0.82500	0.00551
10	0.02329	0.02328	0.01594	0.01396	0.01742	0.56281	0.01069	0.02502	0.01680	0.21607	0.01298	0.01323	0.00952	0.00643	0.00550	0.00161	0.00914	0.00439	0.00420	0.00772
11	0.00880	0.00629	0.00870	0.01006	0.01110	0.00618	0.00827	0.01100	0.01290	0.01688	0.03171	0.29245	0.03562	0.01702	0.00797	0.00262	0.00482	0.49691	0.00546	0.00524
12	0.01405	0.01211	0.01307	0.01115	0.01501	0.01286	0.00872	0.02695	0.54640	0.02326	0.02040	0.01941	0.01554	0.00704	0.00557	0.00170	0.00460	0.00582	0.00534	0.23100
13	0.00721	0.00515	0.00686	0.00823	0.00858	0.00480	0.00549	0.00823	0.01132	0.01510	0.03259	0.78831	0.03911	0.01853	0.00755	0.00240	0.00343	0.01681	0.00549	0.00480
14	0.00721	0.00515	0.00686	0.00823	0.00858	0.00480	0.00549	0.00823	0.01132	0.01510	0.03259	0.78831	0.03911	0.01853	0.00755	0.00240	0.00343	0.01681	0.00549	0.00480
15	0.00926	0.00567	0.00620	0.00620	0.00657	0.00567	0.00373	0.01000	0.00963	0.01433	0.01881	0.03419	0.01978	0.57964	0.02307	0.00455	0.00493	0.00776	0.22589	0.00411
16	0.01972	0.01493	0.01626	0.01229	0.01717	0.01551	0.01009	0.54052	0.02360	0.03240	0.01320	0.01367	0.00971	0.00636	0.00550	0.00153	0.00593	0.00483	0.00526	0.23151
17	0.00860	0.00573	0.00645	0.00645	0.00645	0.00573	0.00358	0.00860	0.00860	0.01147	0.01863	0.03870	0.02150	0.79217	0.03010	0.00573	0.00573	0.00860	0.00358	0.00358
18	0.02248	0.01092	0.01490	0.01192	0.01522	0.01143	0.00986	0.02495	0.03765	0.53464	0.01914	0.01824	0.01289	0.00816	0.00959	0.00204	0.21512	0.00576	0.00600	0.00907
19	0.01350	0.01448	0.02877	0.02055	0.02634	0.01304	0.53710	0.01785	0.01350	0.01903	0.01157	0.01495	0.00892	0.00482	0.00628	0.00169	0.00846	0.00604	0.00313	0.22999
20	0.06517	0.01013	0.01348	0.01039	0.01492	0.00891	0.00858	0.02827	0.01660	0.72430	0.02261	0.01963	0.01424	0.00723	0.00584	0.00183	0.00501	0.00582	0.00714	0.00989
21	0.00888	0.00580	0.00785	0.00751	0.00853	0.00546	0.00546	0.01022	0.01429	0.02008	0.55137	0.03708	0.04348	0.01438	0.01134	0.22543	0.00342	0.00919	0.00544	0.00476
22	0.02257	0.01061	0.01338	0.01080	0.01491	0.01019	0.00874	0.02878	0.21385	0.52951	0.05428	0.02167	0.01730	0.00771	0.00601	0.00188	0.00484	0.00635	0.00693	0.00968

[dist]
# distance from previous block
# <min> <max>
0	3

[block]
# block no. 7 follows, 39 sequences, length 8
# corresponding to MSA columns:
# 696-703
name=unknown_H
#
# <colnr> <probs for GDERKNQSTAVLIFYWHMCP>
#	G	D	E	R	K	N	Q	S	T	A	V	L	I	F	Y	W	H	M	C	P
0	0.02070	0.01023	0.01525	0.30171	0.02482	0.01038	0.01163	0.02362	0.01499	0.47698	0.01847	0.01847	0.01208	0.00679	0.00593	0.00188	0.00611	0.00568	0.00554	0.00874
1	0.71192	0.01163	0.01063	0.05262	0.08293	0.01333	0.00806	0.01733	0.01048	0.02523	0.00863	0.01042	0.00676	0.00549	0.00399	0.00183	0.00499	0.00351	0.00353	0.00669
2	0.00938	0.00584	0.00700	0.00671	0.00810	0.00555	0.00503	0.01215	0.01509	0.02308	0.47409	0.03578	0.04038	0.01012	0.00590	0.00168	0.00278	0.00873	0.31707	0.00555
3	0.01230	0.01018	0.01130	0.01029	0.01290	0.01125	0.00793	0.02374	0.46842	0.02435	0.30033	0.03045	0.03237	0.00957	0.00638	0.00195	0.00396	0.00821	0.00620	0.00793
4	0.00765	0.00549	0.00726	0.00793	0.00868	0.00510	0.00552	0.00934	0.01338	0.01837	0.30562	0.50596	0.04544	0.01608	0.00733	0.00220	0.00319	0.01449	0.00588	0.00510
5	0.00707	0.00567	0.00632	0.00684	0.00821	0.00492	0.00487	0.00839	0.01266	0.01564	0.04954	0.33443	0.48205	0.01632	0.00720	0.00215	0.00316	0.01412	0.00549	0.00492
6	0.01813	0.01237	0.01311	0.01054	0.01400	0.01347	0.00854	0.46169	0.02196	0.03149	0.01613	0.01718	0.01199	0.00702	0.00524	0.00162	0.00508	0.00540	0.31670	0.00833
7	0.01226	0.01051	0.01226	0.00876	0.01401	0.00788	0.00701	0.01489	0.01226	0.01927	0.01051	0.01226	0.00876	0.00438	0.00438	0.00088	0.00438	0.00350	0.00350	0.82832

[dist]
# distance from previous block
# <min> <max>
0	5

[block]
# block no. 8 follows, 39 sequences, length 19
# corresponding to MSA columns:
# 709-727
name=unknown_I
#
# <colnr> <probs for GDERKNQSTAVLIFYWHMCP>
#	G	D	E	R	K	N	Q	S	T	A	V	L	I	F	Y	W	H	M	C	P
0	0.00721	0.00515	0.00686	0.00823	0.00858	0.00480	0.00549	0.00823	0.01132	0.01510	0.03259	0.78831	0.03911	0.01853	0.00755	0.00240	0.00343	0.01681	0.00549	0.00480
1	0.01731	0.62005	0.02800	0.01091	0.01589	0.02226	0.01037	0.17956	0.01558	0.01918	0.00957	0.01055	0.00815	0.00552	0.00427	0.00138	0.00637	0.00365	0.00329	0.00815
2	0.01027	0.00514	0.00770	0.00770	0.00770	0.00514	0.00514	0.00770	0.00770	0.01027	0.01027	0.01798	0.01027	0.02054	0.02311	0.82794	0.00514	0.00514	0.00257	0.00257
3	0.01529	0.01121	0.01563	0.01332	0.01449	0.01421	0.01096	0.01686	0.01087	0.18208	0.01267	0.01675	0.01068	0.04124	0.11096	0.00340	0.48298	0.00561	0.00376	0.00703
4	0.01063	0.00916	0.01336	0.01491	0.15632	0.01006	0.00970	0.01322	0.01437	0.02072	0.43940	0.03136	0.03589	0.01036	0.00956	0.00200	0.17915	0.00839	0.00492	0.00652
5	0.02100	0.01467	0.15989	0.01210	0.01721	0.01103	0.01142	0.02743	0.18012	0.44889	0.02101	0.01907	0.01401	0.00715	0.00590	0.00188	0.00568	0.00581	0.00608	0.00965
6	0.02028	0.02480	0.02090	0.01733	0.02113	0.55779	0.17429	0.06124	0.01673	0.01672	0.01005	0.01205	0.00806	0.00590	0.00574	0.00164	0.01028	0.00461	0.00319	0.00728
7	0.04604	0.01393	0.01465	0.01240	0.01622	0.01586	0.00988	0.26353	0.48202	0.02894	0.02025	0.01903	0.01500	0.00763	0.00590	0.00192	0.00528	0.00611	0.00590	0.00949
8	0.13911	0.45225	0.05545	0.01093	0.01585	0.02022	0.01034	0.19658	0.01568	0.02182	0.00981	0.01081	0.00802	0.00566	0.00438	0.00150	0.00621	0.00376	0.00354	0.00808
9	0.19838	0.01254	0.01928	0.14309	0.39332	0.01328	0.05651	0.01701	0.01236	0.02004	0.01159	0.05579	0.01006	0.00612	0.00553	0.00186	0.00658	0.00553	0.00319	0.00793
10	0.01439	0.01307	0.02213	0.20236	0.56094	0.01360	0.01734	0.01794	0.01325	0.05159	0.01153	0.01514	0.00927	0.00551	0.00587	0.00181	0.00713	0.00530	0.00306	0.00877
11	0.02187	0.01571	0.01700	0.01323	0.01780	0.01731	0.01087	0.61112	0.10755	0.08227	0.01589	0.01546	0.01125	0.00722	0.00593	0.00180	0.00621	0.00552	0.00602	0.00998
12	0.00819	0.00600	0.00855	0.00886	0.00963	0.00662	0.00652	0.00981	0.00981	0.01377	0.01994	0.19753	0.02105	0.12573	0.51099	0.00746	0.01186	0.00896	0.00374	0.00497
13	0.01167	0.02494	0.59107	0.01430	0.02138	0.01188	0.01786	0.01761	0.01247	0.01948	0.01257	0.01464	0.00922	0.00591	0.00528	0.00176	0.00739	0.00463	0.18794	0.00801
14	0.01226	0.01051	0.01226	0.00876	0.01401	0.00788	0.00701	0.01489	0.01226	0.01927	0.01051	0.01226	0.00876	0.00438	0.00438	0.00088	0.00438	0.00350	0.00350	0.82832
15	0.01449	0.01197	0.01606	0.01345	0.01584	0.01351	0.08496	0.26383	0.01683	0.02302	0.01855	0.26705	0.01893	0.01133	0.00954	0.00218	0.17716	0.00922	0.00474	0.00733
16	0.01182	0.02942	0.71835	0.06104	0.02647	0.01370	0.02153	0.01852	0.01245	0.01852	0.01061	0.01268	0.00751	0.00564	0.00564	0.00188	0.00869	0.00442	0.00250	0.00861
17	0.01486	0.57776	0.19468	0.01175	0.01754	0.02072	0.01272	0.01873	0.05465	0.01563	0.00968	0.01089	0.00817	0.00536	0.00433	0.00144	0.00677	0.00364	0.00272	0.00795
18	0.01202	0.01051	0.01350	0.18219	0.02004	0.00907	0.00913	0.01494	0.01216	0.01833	0.01051	0.01305	0.00856	0.00473	0.00473	0.00112	0.00517	0.00390	0.00331	0.64304

[dist]
# distance from previous block
# <min> <max>
1	125

# created by:
# /software/SequenceAnalysis/GenePrediction/augustus/3.0.1/scripts/msa2prfl.pl ./fixed/BUSCOvEOG741RRP.fas
