[name]
unknown

[dist]
# distance from previous block
# <min> <max>
0	240

[block]
# block no. 0 follows, 41 sequences, length 21
# corresponding to MSA columns:
# 252-272
name=unknown_A
#
# <colnr> <probs for GDERKNQSTAVLIFYWHMCP>
#	G	D	E	R	K	N	Q	S	T	A	V	L	I	F	Y	W	H	M	C	P
0	0.01001	0.00716	0.00977	0.01103	0.01241	0.00705	0.00952	0.01240	0.01362	0.01781	0.03080	0.06494	0.03334	0.01618	0.00820	0.00276	0.00552	0.71629	0.00550	0.00567
1	0.00897	0.00671	0.00974	0.00971	0.01079	0.00760	0.00748	0.01079	0.00970	0.01402	0.01602	0.02340	0.01495	0.04295	0.76727	0.00924	0.01545	0.00636	0.00333	0.00552
2	0.00779	0.00557	0.00722	0.00850	0.00890	0.00513	0.00566	0.00857	0.01144	0.01533	0.03203	0.78678	0.03820	0.01828	0.00760	0.00246	0.00360	0.01637	0.00554	0.00506
3	0.02300	0.01549	0.01701	0.01316	0.01773	0.01659	0.01077	0.62304	0.02553	0.15169	0.01584	0.01567	0.01113	0.00739	0.00605	0.00186	0.00631	0.00549	0.00617	0.01008
4	0.01318	0.22049	0.57829	0.01513	0.02268	0.01597	0.01849	0.01835	0.01243	0.01765	0.01046	0.01242	0.00801	0.00581	0.00532	0.00181	0.00809	0.00419	0.00269	0.00855
5	0.02398	0.02884	0.04043	0.01091	0.01558	0.00984	0.00919	0.07112	0.01676	0.59947	0.02070	0.01887	0.01361	0.00718	0.00587	0.00181	0.00531	0.00561	0.00659	0.08833
6	0.01017	0.00818	0.01119	0.01068	0.01180	0.00969	0.00831	0.01315	0.08031	0.01504	0.01575	0.02231	0.01448	0.05640	0.56603	0.00751	0.12319	0.00629	0.00352	0.00601
7	0.01012	0.00697	0.00800	0.00790	0.00849	0.00694	0.00503	0.07875	0.01121	0.01504	0.02129	0.21810	0.02409	0.50231	0.02146	0.02983	0.00531	0.01003	0.00435	0.00474
8	0.01306	0.01080	0.01771	0.68117	0.03700	0.01274	0.03589	0.01650	0.01244	0.08698	0.01215	0.01667	0.00901	0.00633	0.00607	0.00203	0.00765	0.00544	0.00325	0.00711
9	0.01482	0.01425	0.02460	0.03426	0.68501	0.01405	0.08666	0.01811	0.01353	0.01933	0.01159	0.01531	0.00974	0.00558	0.00609	0.00186	0.00730	0.00549	0.00310	0.00929
10	0.01509	0.01423	0.01329	0.01204	0.01518	0.12144	0.00934	0.02879	0.62768	0.02233	0.02145	0.02103	0.01648	0.00773	0.00579	0.00189	0.00536	0.02684	0.00540	0.00860
11	0.72197	0.01032	0.00804	0.00728	0.01059	0.01170	0.00593	0.01560	0.01020	0.02422	0.01501	0.01574	0.11264	0.00660	0.00399	0.00179	0.00421	0.00436	0.00379	0.00600
12	0.01416	0.01359	0.02322	0.03511	0.76330	0.01359	0.01755	0.01755	0.01302	0.01869	0.01076	0.01416	0.00906	0.00510	0.00566	0.00170	0.00680	0.00510	0.00283	0.00906
13	0.01043	0.00960	0.01603	0.67579	0.03528	0.01192	0.01465	0.01399	0.01112	0.01443	0.01089	0.01627	0.00857	0.01096	0.11439	0.00293	0.00871	0.00523	0.00262	0.00618
14	0.01836	0.01553	0.08639	0.01193	0.01693	0.04399	0.01047	0.37518	0.01987	0.09719	0.01304	0.01345	0.00946	0.00598	0.00526	0.00148	0.00595	0.00457	0.00477	0.24020
15	0.01460	0.01443	0.02279	0.03386	0.71746	0.06047	0.01715	0.01788	0.01322	0.01840	0.01064	0.01392	0.00896	0.00515	0.00563	0.00168	0.00701	0.00501	0.00284	0.00891
16	0.02388	0.01053	0.01483	0.01381	0.12031	0.00951	0.00980	0.05512	0.01632	0.63240	0.02055	0.01849	0.01326	0.00679	0.00574	0.00176	0.00520	0.00564	0.00643	0.00964
17	0.02097	0.02482	0.01678	0.01579	0.06426	0.62146	0.01143	0.12424	0.01752	0.01740	0.00965	0.01104	0.00781	0.00598	0.00527	0.00152	0.00953	0.00398	0.00333	0.00722
18	0.00748	0.00576	0.00597	0.00599	0.00778	0.00500	0.00454	0.00923	0.01309	0.01681	0.09535	0.04987	0.58494	0.01326	0.00641	0.00186	0.00294	0.03699	0.12177	0.00495
19	0.00901	0.00727	0.00759	0.00707	0.00933	0.00674	0.00550	0.11222	0.01507	0.01861	0.06762	0.04933	0.60670	0.01340	0.00666	0.00193	0.00347	0.04153	0.00539	0.00555
20	0.00829	0.00564	0.00672	0.00672	0.00688	0.00580	0.00406	0.00862	0.00846	0.01144	0.01759	0.03502	0.01975	0.67688	0.14978	0.00613	0.00712	0.00796	0.00340	0.00373

[dist]
# distance from previous block
# <min> <max>
0	1

[block]
# block no. 1 follows, 41 sequences, length 49
# corresponding to MSA columns:
# 274-322
name=unknown_B
#
# <colnr> <probs for GDERKNQSTAVLIFYWHMCP>
#	G	D	E	R	K	N	Q	S	T	A	V	L	I	F	Y	W	H	M	C	P
0	0.01932	0.02385	0.01651	0.01480	0.01707	0.60033	0.01139	0.02074	0.01448	0.01394	0.00853	0.01082	0.00740	0.00685	0.00831	0.00171	0.19057	0.00399	0.00284	0.00654
1	0.01250	0.01078	0.01128	0.01029	0.01322	0.01205	0.00796	0.02526	0.58158	0.02196	0.03131	0.02915	0.18968	0.00932	0.00604	0.00194	0.00415	0.00777	0.00570	0.00807
2	0.01958	0.01408	0.01680	0.19172	0.02246	0.01570	0.01180	0.50824	0.02233	0.09946	0.01373	0.01462	0.00965	0.00662	0.00572	0.00177	0.00647	0.00519	0.00511	0.00895
3	0.00697	0.00498	0.00664	0.00796	0.00830	0.00465	0.00531	0.00796	0.01095	0.01460	0.03153	0.79525	0.03783	0.01792	0.00730	0.00232	0.00332	0.01626	0.00531	0.00465
4	0.52235	0.01207	0.01097	0.00897	0.01299	0.01316	0.00737	0.18493	0.01404	0.02699	0.00964	0.01072	0.00736	0.00550	0.00415	0.00162	0.00483	0.00362	0.00402	0.13470
5	0.01610	0.00990	0.01195	0.01061	0.03172	0.01017	0.00812	0.04454	0.29473	0.24157	0.22573	0.02629	0.02613	0.00855	0.00605	0.00184	0.00423	0.00725	0.00624	0.00826
6	0.00835	0.00790	0.01240	0.01037	0.01295	0.00703	0.17548	0.01051	0.01282	0.01599	0.04313	0.16005	0.47518	0.01278	0.00684	0.00199	0.00452	0.01149	0.00475	0.00547
7	0.00827	0.00562	0.00656	0.00646	0.00677	0.00551	0.00391	0.00889	0.01014	0.01383	0.18995	0.03866	0.02848	0.61662	0.02393	0.00468	0.00489	0.00879	0.00412	0.00391
8	0.61963	0.01203	0.01445	0.01146	0.01555	0.01306	0.17683	0.01755	0.01084	0.04989	0.00931	0.01107	0.00705	0.00526	0.00436	0.00181	0.00565	0.00404	0.00351	0.00667
9	0.20056	0.00705	0.00771	0.00718	0.00908	0.00708	0.00552	0.01203	0.01450	0.02310	0.54249	0.03575	0.08673	0.01039	0.00600	0.00180	0.00311	0.00877	0.00560	0.00555
10	0.01272	0.01201	0.02083	0.02820	0.52877	0.01217	0.07454	0.01592	0.01218	0.01740	0.01188	0.01619	0.01024	0.01383	0.18426	0.00345	0.00900	0.00547	0.00289	0.00803
11	0.01416	0.01359	0.02322	0.03511	0.76330	0.01359	0.01755	0.01755	0.01302	0.01869	0.01076	0.01416	0.00906	0.00510	0.00566	0.00170	0.00680	0.00510	0.00283	0.00906
12	0.00817	0.00613	0.00919	0.00919	0.01021	0.00715	0.00715	0.01021	0.00919	0.01328	0.01532	0.02247	0.01430	0.04290	0.77631	0.00919	0.01532	0.00613	0.00306	0.00511
13	0.02133	0.00863	0.01174	0.00966	0.01314	0.00754	0.00769	0.02326	0.01512	0.59292	0.02464	0.19916	0.01964	0.00959	0.00611	0.00190	0.00451	0.00819	0.00667	0.00856
14	0.01422	0.52289	0.03570	0.00968	0.01348	0.04367	0.00890	0.01596	0.01196	0.06553	0.01449	0.19205	0.01487	0.00811	0.00474	0.00153	0.00557	0.00634	0.00344	0.00687
15	0.02159	0.01052	0.01309	0.01058	0.01455	0.01026	0.00856	0.05054	0.22850	0.50224	0.05046	0.02071	0.01648	0.00744	0.00581	0.00182	0.00473	0.00611	0.00664	0.00937
16	0.00697	0.00498	0.00664	0.00796	0.00830	0.00465	0.00531	0.00796	0.01095	0.01460	0.03153	0.79525	0.03783	0.01792	0.00730	0.00232	0.00332	0.01626	0.00531	0.00465
17	0.01216	0.19554	0.08633	0.01507	0.03095	0.01316	0.26071	0.01469	0.01163	0.01533	0.01372	0.12565	0.01327	0.00938	0.00843	0.13011	0.00694	0.02745	0.00310	0.00640
18	0.01270	0.05816	0.44174	0.01766	0.12168	0.01400	0.03525	0.02084	0.18383	0.01933	0.01327	0.01445	0.00990	0.00589	0.00551	0.00180	0.00724	0.00487	0.00327	0.00861
19	0.00809	0.00735	0.00851	0.00793	0.00941	0.00777	0.00624	0.00950	0.01205	0.01506	0.04626	0.04520	0.58645	0.01345	0.00954	0.00206	0.18487	0.01044	0.00466	0.00516
20	0.00737	0.00575	0.00625	0.00616	0.00754	0.00510	0.00434	0.00872	0.01254	0.01586	0.18159	0.04864	0.45575	0.19567	0.01194	0.00274	0.00347	0.01088	0.00507	0.00462
21	0.01570	0.01264	0.03849	0.22436	0.18522	0.01238	0.20982	0.01939	0.01349	0.19089	0.01354	0.01597	0.00972	0.00565	0.00599	0.00183	0.00737	0.00567	0.00375	0.00813
22	0.01528	0.03733	0.42710	0.01658	0.06660	0.19008	0.03533	0.04760	0.03648	0.05881	0.01116	0.01258	0.00820	0.00571	0.00543	0.00172	0.00838	0.00439	0.00306	0.00817
23	0.01080	0.01017	0.01716	0.78523	0.03940	0.01271	0.01589	0.01461	0.01144	0.01461	0.01017	0.01525	0.00762	0.00572	0.00572	0.00191	0.00762	0.00508	0.00254	0.00635
24	0.04456	0.22895	0.02357	0.01520	0.01939	0.34763	0.17990	0.02026	0.01416	0.04221	0.00970	0.01149	0.00787	0.00540	0.00510	0.00153	0.00866	0.00428	0.00297	0.00717
25	0.00694	0.00531	0.00638	0.00716	0.00810	0.00474	0.00497	0.00818	0.01192	0.01527	0.07291	0.49841	0.29629	0.01642	0.00708	0.00216	0.00314	0.01451	0.00535	0.00474
26	0.01448	0.01283	0.01669	0.01381	0.04132	0.03477	0.12252	0.05483	0.33555	0.05005	0.01661	0.01696	0.01264	0.00636	0.00602	0.00167	0.03300	0.00554	0.00455	0.19980
27	0.00772	0.00583	0.00713	0.00680	0.00832	0.00524	0.00510	0.01007	0.01531	0.02085	0.56428	0.04616	0.25128	0.01247	0.00675	0.00184	0.00275	0.01083	0.00602	0.00524
28	0.01803	0.02210	0.01399	0.01317	0.01551	0.59734	0.00972	0.01939	0.01499	0.01414	0.01410	0.19213	0.01442	0.00868	0.00565	0.00167	0.00869	0.00660	0.00349	0.00617
29	0.00958	0.00797	0.01246	0.01527	0.18461	0.00874	0.00955	0.01179	0.01027	0.01470	0.01585	0.11007	0.01557	0.02999	0.47962	0.00640	0.04126	0.00703	0.00325	0.00601
30	0.01605	0.01191	0.01953	0.20088	0.42433	0.01219	0.01505	0.01927	0.01344	0.19115	0.01336	0.01564	0.00991	0.00570	0.00570	0.00176	0.00654	0.00525	0.00375	0.00860
31	0.02706	0.02338	0.05615	0.04106	0.07923	0.02171	0.28111	0.02582	0.02071	0.03004	0.02491	0.03413	0.02234	0.01691	0.03247	0.00482	0.20743	0.01026	0.02595	0.01452
32	0.02138	0.02693	0.01624	0.01469	0.01768	0.75375	0.01105	0.04402	0.01652	0.01465	0.00899	0.01042	0.00744	0.00592	0.00517	0.00148	0.01020	0.00373	0.00303	0.00672
33	0.00782	0.00506	0.00633	0.00735	0.00792	0.00480	0.00501	0.00921	0.01119	0.01616	0.02855	0.61598	0.03246	0.01531	0.00654	0.00209	0.00317	0.01373	0.19650	0.00480
34	0.00738	0.00594	0.00659	0.00641	0.00815	0.00521	0.00481	0.00955	0.02813	0.01828	0.30796	0.05001	0.49461	0.01336	0.00674	0.00188	0.00286	0.01135	0.00567	0.00511
35	0.01043	0.02389	0.59268	0.01437	0.02094	0.01128	0.01747	0.01576	0.01182	0.01730	0.01519	0.19348	0.01433	0.00833	0.00587	0.00193	0.00726	0.00701	0.00309	0.00757
36	0.20065	0.00705	0.00782	0.00727	0.00913	0.00712	0.00558	0.01219	0.01470	0.02357	0.58602	0.03498	0.04290	0.01021	0.00600	0.00179	0.00310	0.00867	0.00566	0.00558
37	0.01158	0.01096	0.01856	0.61148	0.20707	0.01291	0.01627	0.01530	0.01180	0.01556	0.01030	0.01500	0.00796	0.00557	0.00571	0.00186	0.00743	0.00509	0.00261	0.00698
38	0.02404	0.00979	0.01311	0.00998	0.01448	0.00831	0.00821	0.02629	0.01584	0.67904	0.02110	0.01857	0.01349	0.00674	0.00557	0.00166	0.00479	0.00547	0.00664	0.10686
39	0.01769	0.61881	0.02611	0.00988	0.01466	0.01934	0.00947	0.01962	0.01272	0.18806	0.01134	0.01156	0.00892	0.00540	0.00415	0.00135	0.00583	0.00368	0.00352	0.00789
40	0.01218	0.01126	0.01888	0.11043	0.45839	0.01139	0.04168	0.01549	0.01369	0.01933	0.20634	0.02178	0.02061	0.00688	0.00599	0.00176	0.00593	0.00653	0.00371	0.00775
41	0.01283	0.01828	0.20256	0.07025	0.02882	0.01418	0.50575	0.01789	0.01289	0.01789	0.01105	0.01455	0.00824	0.00519	0.00677	0.00192	0.03445	0.00600	0.00275	0.00775
42	0.01147	0.02959	0.76934	0.01630	0.02476	0.01328	0.02113	0.01811	0.01208	0.01811	0.01026	0.01208	0.00725	0.00543	0.00543	0.00181	0.00845	0.00423	0.00242	0.00845
43	0.02566	0.00973	0.01327	0.01018	0.01460	0.00841	0.00841	0.02788	0.01637	0.76726	0.02257	0.01947	0.01416	0.00708	0.00575	0.00177	0.00487	0.00575	0.00708	0.00973
44	0.00803	0.00582	0.00758	0.00719	0.00852	0.00536	0.00537	0.01066	0.01597	0.02254	0.72433	0.06473	0.06851	0.01193	0.00676	0.00182	0.00272	0.01055	0.00625	0.00536
45	0.00832	0.00555	0.00624	0.00624	0.00624	0.00555	0.00347	0.00832	0.00832	0.01109	0.01802	0.03743	0.02080	0.79898	0.02911	0.00555	0.00555	0.00832	0.00347	0.00347
46	0.01209	0.02588	0.59652	0.02066	0.19583	0.01335	0.02030	0.01798	0.01230	0.01825	0.01038	0.01256	0.00767	0.00536	0.00549	0.00179	0.00807	0.00443	0.00251	0.00859
47	0.01869	0.02282	0.01649	0.01528	0.04288	0.55388	0.01145	0.02018	0.01429	0.01415	0.00986	0.01211	0.02680	0.00704	0.00837	0.00173	0.19026	0.00425	0.00290	0.00658
48	0.00703	0.00502	0.00671	0.00804	0.00840	0.00470	0.00542	0.00808	0.01102	0.01467	0.03149	0.77416	0.03769	0.01786	0.00732	0.00233	0.00337	0.03671	0.00531	0.00466

[dist]
# distance from previous block
# <min> <max>
11	173

# created by:
# /software/SequenceAnalysis/GenePrediction/augustus/3.0.1/scripts/msa2prfl.pl ./fixed/BUSCOvEOG7VQC34.fas
