[name]
unknown

[dist]
# distance from previous block
# <min> <max>
7	163

[block]
# block no. 0 follows, 40 sequences, length 9
# corresponding to MSA columns:
# 230-238
name=unknown_A
#
# <colnr> <probs for GDERKNQSTAVLIFYWHMCP>
#	G	D	E	R	K	N	Q	S	T	A	V	L	I	F	Y	W	H	M	C	P
0	0.14308	0.01468	0.01649	0.01457	0.01724	0.01532	0.01107	0.06020	0.07893	0.02558	0.12448	0.02620	0.02152	0.01455	0.07029	0.00352	0.20551	0.00742	0.00596	0.12339
1	0.21869	0.01683	0.01650	0.01417	0.01822	0.05859	0.01077	0.26080	0.02126	0.13362	0.02550	0.02746	0.12269	0.01145	0.00786	0.00285	0.00732	0.00759	0.00701	0.01083
2	0.01344	0.43846	0.13325	0.01281	0.01773	0.01768	0.11162	0.01647	0.01170	0.01501	0.01027	0.01305	0.00890	0.01195	0.14178	0.00288	0.00873	0.00436	0.00266	0.00727
3	0.01947	0.01488	0.01745	0.19563	0.02326	0.01682	0.01226	0.56796	0.02361	0.03148	0.01310	0.01433	0.00938	0.00670	0.00582	0.00179	0.00672	0.00522	0.00505	0.00908
4	0.01372	0.16282	0.50716	0.01421	0.02151	0.01428	0.01711	0.01887	0.01258	0.08689	0.01117	0.01244	0.00813	0.00549	0.00514	0.00166	0.00750	0.00417	0.00298	0.07216
5	0.25005	0.01233	0.01316	0.08108	0.01685	0.01379	0.00929	0.16800	0.22141	0.13304	0.01598	0.01583	0.01153	0.00671	0.00522	0.00185	0.00527	0.00510	0.00512	0.00837
6	0.01301	0.01096	0.13677	0.01052	0.01353	0.00776	0.00958	0.03335	0.01366	0.18857	0.06942	0.30755	0.02722	0.01256	0.00676	0.00215	0.00495	0.11945	0.00538	0.00683
7	0.30232	0.01260	0.01244	0.01044	0.01409	0.01408	0.00860	0.32383	0.06242	0.02933	0.01444	0.01817	0.01166	0.00730	0.00512	0.00183	0.00525	0.06993	0.06831	0.00784
8	0.08643	0.12711	0.07363	0.01100	0.01513	0.01458	0.00980	0.31687	0.01930	0.02721	0.19406	0.01994	0.02002	0.00756	0.00551	0.00168	0.00542	0.00592	0.00496	0.03390

[dist]
# distance from previous block
# <min> <max>
0	5

[block]
# block no. 1 follows, 40 sequences, length 33
# corresponding to MSA columns:
# 244-276
name=unknown_B
#
# <colnr> <probs for GDERKNQSTAVLIFYWHMCP>
#	G	D	E	R	K	N	Q	S	T	A	V	L	I	F	Y	W	H	M	C	P
0	0.01187	0.01509	0.14890	0.40050	0.03236	0.01401	0.16003	0.01610	0.01180	0.01610	0.01028	0.01463	0.00788	0.00615	0.00770	0.00201	0.10953	0.00535	0.00263	0.00709
1	0.01152	0.01018	0.01369	0.01036	0.01468	0.00839	0.07859	0.01404	0.01196	0.01812	0.01356	0.12713	0.01299	0.00664	0.00560	0.00126	0.03560	0.00577	0.00365	0.59628
2	0.01167	0.01128	0.01672	0.26074	0.02263	0.01509	0.01318	0.01375	0.00998	0.01435	0.01065	0.08203	0.01038	0.00948	0.01380	0.00233	0.46677	0.00612	0.00281	0.00625
3	0.00709	0.00506	0.00675	0.00810	0.00843	0.00472	0.00540	0.00810	0.01113	0.01484	0.03205	0.79184	0.03846	0.01822	0.00742	0.00236	0.00337	0.01653	0.00540	0.00472
4	0.00709	0.00506	0.00675	0.00810	0.00843	0.00472	0.00540	0.00810	0.01113	0.01484	0.03205	0.79184	0.03846	0.01822	0.00742	0.00236	0.00337	0.01653	0.00540	0.00472
5	0.02211	0.01629	0.01745	0.01338	0.01803	0.01803	0.01105	0.73997	0.02734	0.03665	0.01396	0.01396	0.00989	0.00698	0.00582	0.00175	0.00640	0.00524	0.00582	0.00989
6	0.00807	0.00587	0.00759	0.00730	0.00862	0.00540	0.00542	0.01061	0.01587	0.02224	0.66146	0.10236	0.09233	0.01254	0.00690	0.00188	0.00280	0.01108	0.00627	0.00540
7	0.01204	0.01151	0.05672	0.00909	0.01446	0.00809	0.00776	0.01487	0.01207	0.01892	0.01034	0.01207	0.00854	0.00438	0.00438	0.00092	0.00456	0.00350	0.00339	0.78242
8	0.01255	0.02987	0.69973	0.01643	0.02454	0.08013	0.02059	0.01884	0.01265	0.01805	0.01031	0.01212	0.00738	0.00557	0.00550	0.00181	0.00876	0.00425	0.00250	0.00843
9	0.00709	0.00506	0.00675	0.00810	0.00843	0.00472	0.00540	0.00810	0.01113	0.01484	0.03205	0.79184	0.03846	0.01822	0.00742	0.00236	0.00337	0.01653	0.00540	0.00472
10	0.01345	0.00836	0.00925	0.07541	0.01229	0.00899	0.00674	0.18108	0.01564	0.02453	0.01706	0.01936	0.01312	0.00674	0.00462	0.00150	0.00400	0.00536	0.56598	0.00654
11	0.01166	0.01126	0.01759	0.48445	0.03044	0.01482	0.01482	0.01452	0.01057	0.01452	0.00929	0.01443	0.00771	0.00751	0.01096	0.00217	0.30917	0.00514	0.00257	0.00642
12	0.00990	0.00816	0.01159	0.01081	0.01155	0.01035	0.00865	0.01179	0.00947	0.01441	0.01344	0.01962	0.01244	0.02989	0.46899	0.00651	0.25157	0.00580	0.07947	0.00557
13	0.00709	0.00506	0.00675	0.00810	0.00843	0.00472	0.00540	0.00810	0.01113	0.01484	0.03205	0.79184	0.03846	0.01822	0.00742	0.00236	0.00337	0.01653	0.00540	0.00472
14	0.02609	0.00990	0.01350	0.01035	0.01484	0.00855	0.00855	0.02834	0.01664	0.76338	0.02294	0.01979	0.01439	0.00720	0.00585	0.00180	0.00495	0.00585	0.00720	0.00990
15	0.01166	0.03008	0.76550	0.01657	0.02517	0.01351	0.02149	0.01842	0.01228	0.01842	0.01044	0.01228	0.00737	0.00552	0.00552	0.00184	0.00859	0.00430	0.00246	0.00859
16	0.02077	0.01538	0.01644	0.01272	0.01714	0.01688	0.01047	0.67572	0.02610	0.03481	0.01791	0.01765	0.07549	0.00766	0.00591	0.00176	0.00610	0.00585	0.00578	0.00945
17	0.00969	0.00532	0.00798	0.00798	0.00822	0.00556	0.00556	0.00822	0.00798	0.01088	0.01136	0.01887	0.01112	0.02560	0.19554	0.64149	0.00748	0.00532	0.00266	0.00314
18	0.00726	0.00524	0.00687	0.00787	0.00845	0.00485	0.00537	0.00856	0.01207	0.01622	0.14727	0.63937	0.07494	0.01706	0.00731	0.00226	0.00325	0.01538	0.00556	0.00485
19	0.01446	0.01249	0.01315	0.01183	0.01512	0.01446	0.00920	0.03090	0.74885	0.02433	0.02367	0.02170	0.01775	0.00789	0.00592	0.00197	0.00460	0.00657	0.00592	0.00920
20	0.00966	0.00618	0.00686	0.00665	0.00722	0.00631	0.00419	0.04794	0.01026	0.01485	0.01811	0.03276	0.01898	0.55944	0.05492	0.00471	0.00550	0.00757	0.17358	0.00432
21	0.01421	0.01450	0.02519	0.10314	0.09049	0.07230	0.39639	0.06057	0.01427	0.01940	0.01244	0.01587	0.00954	0.00549	0.00608	0.00181	0.00820	0.00599	0.11659	0.00752
22	0.00744	0.00618	0.00785	0.00786	0.00946	0.00546	0.04348	0.00901	0.01259	0.01567	0.04609	0.29529	0.44261	0.01543	0.00712	0.00213	0.00358	0.05245	0.00527	0.00503
23	0.01081	0.00985	0.01390	0.01246	0.01283	0.01310	0.01006	0.01227	0.00903	0.01361	0.01130	0.01831	0.01115	0.08323	0.28904	0.00521	0.44953	0.00576	0.00282	0.00572
24	0.00750	0.00575	0.00751	0.00841	0.00890	0.00576	0.00586	0.00858	0.01120	0.01488	0.03315	0.64902	0.11632	0.01720	0.00827	0.00233	0.06414	0.01517	0.00518	0.00487
25	0.01360	0.01543	0.03352	0.06023	0.03085	0.01462	0.70417	0.01845	0.01363	0.01845	0.01170	0.01568	0.00877	0.00494	0.00681	0.00196	0.00971	0.00678	0.00292	0.00778
26	0.01166	0.03008	0.76550	0.01657	0.02517	0.01351	0.02149	0.01842	0.01228	0.01842	0.01044	0.01228	0.00737	0.00552	0.00552	0.00184	0.00859	0.00430	0.00246	0.00859
27	0.00820	0.00611	0.00779	0.00883	0.00962	0.00608	0.00629	0.01119	0.09698	0.01624	0.03093	0.61937	0.03549	0.01677	0.00732	0.00235	0.00374	0.09591	0.00545	0.00532
28	0.00726	0.00519	0.00695	0.00830	0.00872	0.00488	0.00571	0.00840	0.01131	0.01504	0.03195	0.73533	0.03807	0.01805	0.00747	0.00239	0.00353	0.07128	0.00539	0.00477
29	0.01373	0.01569	0.03431	0.02451	0.03039	0.01471	0.73824	0.01863	0.01373	0.01863	0.01176	0.01569	0.00882	0.00490	0.00686	0.00196	0.00980	0.00686	0.00294	0.00784
30	0.00831	0.00623	0.00935	0.00935	0.01038	0.00727	0.00727	0.01038	0.00935	0.01350	0.01558	0.02285	0.01454	0.04361	0.77259	0.00935	0.01558	0.00623	0.00312	0.00519
31	0.01504	0.01504	0.02298	0.03388	0.69426	0.08042	0.01727	0.01832	0.01353	0.01858	0.01077	0.01405	0.00906	0.00525	0.00571	0.00171	0.00722	0.00506	0.00289	0.00899
32	0.01124	0.01060	0.01790	0.72566	0.09404	0.01299	0.01628	0.01508	0.01175	0.01517	0.01038	0.01542	0.00786	0.00577	0.00581	0.00192	0.00769	0.00517	0.00261	0.00667

[dist]
# distance from previous block
# <min> <max>
0	1

[block]
# block no. 2 follows, 40 sequences, length 15
# corresponding to MSA columns:
# 278-292
name=unknown_C
#
# <colnr> <probs for GDERKNQSTAVLIFYWHMCP>
#	G	D	E	R	K	N	Q	S	T	A	V	L	I	F	Y	W	H	M	C	P
0	0.02064	0.02591	0.01664	0.01502	0.01765	0.68145	0.01141	0.02211	0.01557	0.01420	0.00883	0.01076	0.00751	0.00650	0.00691	0.00162	0.10373	0.00391	0.00294	0.00670
1	0.01256	0.01118	0.01382	0.01060	0.01433	0.01086	0.00863	0.03751	0.01167	0.01814	0.00971	0.01230	0.00838	0.00601	0.00843	0.00135	0.21992	0.00396	0.00327	0.57734
2	0.20898	0.00962	0.01155	0.00946	0.01325	0.00911	0.00765	0.02333	0.01444	0.50484	0.02065	0.11038	0.01544	0.00811	0.00552	0.00187	0.00466	0.00652	0.00616	0.00845
3	0.01386	0.01472	0.02925	0.05917	0.27853	0.01432	0.43821	0.01862	0.03854	0.01879	0.01183	0.01544	0.00922	0.00514	0.00641	0.00188	0.00856	0.00621	0.00301	0.00830
4	0.00841	0.00570	0.00664	0.00655	0.00683	0.00561	0.00393	0.00898	0.01013	0.01379	0.17236	0.03918	0.02818	0.63204	0.02485	0.00484	0.00503	0.00889	0.00412	0.00393
5	0.01160	0.00690	0.00703	0.00676	0.00852	0.00731	0.00514	0.01717	0.16595	0.02223	0.01995	0.02168	0.01550	0.00701	0.00445	0.00148	0.00310	0.00566	0.65634	0.00621
6	0.01460	0.00729	0.00946	0.00830	0.01050	0.00661	0.00629	0.01646	0.01436	0.28427	0.24620	0.06333	0.06703	0.17436	0.01132	0.00268	0.00428	0.04014	0.00595	0.00659
7	0.01115	0.00949	0.01381	0.31781	0.05218	0.00998	0.01135	0.04598	0.01350	0.01854	0.12894	0.02679	0.01937	0.00806	0.00600	0.00179	0.00579	0.11698	0.00394	0.17854
8	0.05211	0.00658	0.00859	0.00898	0.01045	0.00647	0.00741	0.01181	0.01463	0.02060	0.36541	0.05240	0.04195	0.01357	0.00726	0.00224	0.00410	0.35422	0.00575	0.00547
9	0.01153	0.00730	0.00774	0.00686	0.00924	0.00700	0.00527	0.01587	0.10085	0.02143	0.01773	0.01967	0.01393	0.00639	0.00434	0.00133	0.00327	0.00515	0.55686	0.17823
10	0.01959	0.01361	0.01540	0.01226	0.01615	0.01492	0.01004	0.52297	0.02261	0.09790	0.01512	0.01635	0.01127	0.01465	0.16587	0.00334	0.00818	0.00550	0.00538	0.00891
11	0.60776	0.01459	0.01056	0.00937	0.01291	0.17119	0.00749	0.01919	0.01176	0.07713	0.00936	0.01041	0.00713	0.00565	0.00411	0.00174	0.00578	0.00347	0.00373	0.00665
12	0.01455	0.00900	0.00938	0.00804	0.01048	0.00957	0.00636	0.25263	0.01718	0.02661	0.01732	0.01914	0.01325	0.00684	0.00464	0.00148	0.00392	0.00536	0.55735	0.00689
13	0.01827	0.00950	0.01167	0.00978	0.01266	0.00924	0.00750	0.16921	0.01625	0.32515	0.02188	0.16691	0.01928	0.16245	0.01075	0.00264	0.00509	0.00823	0.00586	0.00769
14	0.00824	0.00610	0.00774	0.00769	0.00898	0.00577	0.00567	0.01122	0.05180	0.02096	0.50506	0.19990	0.09624	0.01329	0.00696	0.00198	0.00304	0.02782	0.00608	0.00547

[dist]
# distance from previous block
# <min> <max>
0	1

[block]
# block no. 3 follows, 40 sequences, length 13
# corresponding to MSA columns:
# 294-306
name=unknown_D
#
# <colnr> <probs for GDERKNQSTAVLIFYWHMCP>
#	G	D	E	R	K	N	Q	S	T	A	V	L	I	F	Y	W	H	M	C	P
0	0.00851	0.00552	0.00691	0.00791	0.00863	0.00527	0.00563	0.01005	0.01180	0.01702	0.02890	0.52097	0.03231	0.01532	0.00678	0.00220	0.00353	0.09304	0.20459	0.00510
1	0.22173	0.01052	0.01242	0.00987	0.01406	0.01006	0.00810	0.05446	0.01558	0.52617	0.04500	0.01819	0.01388	0.00708	0.00544	0.00184	0.00491	0.00541	0.00631	0.00898
2	0.01013	0.01214	0.19158	0.00996	0.01322	0.00770	0.00968	0.01358	0.01503	0.05928	0.43883	0.08188	0.07310	0.01088	0.00665	0.00194	0.00448	0.02800	0.00542	0.00652
3	0.00811	0.00587	0.00771	0.00860	0.00951	0.00552	0.00642	0.00981	0.01300	0.01738	0.17214	0.41855	0.09108	0.01636	0.00752	0.00235	0.00379	0.18547	0.00565	0.00517
4	0.83372	0.01141	0.00873	0.00782	0.01143	0.01317	0.00641	0.01725	0.01006	0.02628	0.00835	0.00980	0.00654	0.00556	0.00371	0.00184	0.00458	0.00323	0.00368	0.00643
5	0.01271	0.01709	0.19896	0.01573	0.01783	0.01687	0.01493	0.01524	0.00989	0.01530	0.00857	0.01295	0.00781	0.00920	0.01585	0.00242	0.59406	0.00498	0.00261	0.00703
6	0.02452	0.01790	0.02042	0.01976	0.02209	0.01644	0.01386	0.02194	0.01954	0.02843	0.02970	0.04156	0.02769	0.04454	0.59043	0.01030	0.01820	0.01083	0.00841	0.01345
7	0.00807	0.00612	0.00738	0.00705	0.00863	0.00546	0.00527	0.01035	0.01561	0.02118	0.53943	0.04750	0.27056	0.01290	0.00696	0.00192	0.00290	0.01111	0.00617	0.00544
8	0.21188	0.01073	0.01165	0.04823	0.01469	0.00944	0.00733	0.01541	0.01166	0.02068	0.01004	0.01194	0.00824	0.00482	0.00432	0.00119	0.00462	0.00355	0.00352	0.58605
9	0.63315	0.01013	0.00854	0.00774	0.01081	0.01134	0.00621	0.01577	0.01165	0.02561	0.18948	0.01803	0.01830	0.00713	0.00450	0.00185	0.00416	0.00502	0.00436	0.00623
10	0.00700	0.00590	0.00607	0.00603	0.00794	0.00497	0.00452	0.00860	0.01357	0.01645	0.12670	0.05475	0.68875	0.01445	0.00687	0.00195	0.00293	0.01210	0.00550	0.00497
11	0.00976	0.00758	0.01132	0.19735	0.01883	0.00820	0.01101	0.01273	0.01296	0.01679	0.02584	0.05347	0.02724	0.01358	0.00750	0.00250	0.00594	0.54711	0.00468	0.00562
12	0.00687	0.00589	0.00589	0.00589	0.00785	0.00491	0.00442	0.00835	0.01325	0.01571	0.05891	0.05596	0.75700	0.01473	0.00687	0.00196	0.00295	0.01227	0.00540	0.00491

[dist]
# distance from previous block
# <min> <max>
0	1

[block]
# block no. 4 follows, 40 sequences, length 40
# corresponding to MSA columns:
# 308-347
name=unknown_E
#
# <colnr> <probs for GDERKNQSTAVLIFYWHMCP>
#	G	D	E	R	K	N	Q	S	T	A	V	L	I	F	Y	W	H	M	C	P
0	0.00843	0.00615	0.00923	0.00923	0.01020	0.00712	0.00712	0.01020	0.00923	0.01328	0.01522	0.02250	0.01425	0.04207	0.72320	0.06345	0.01488	0.00615	0.00308	0.00502
1	0.00689	0.00584	0.00595	0.00604	0.00789	0.00490	0.00448	0.00833	0.01312	0.01565	0.05714	0.10443	0.70967	0.01496	0.00691	0.00199	0.00297	0.01255	0.00540	0.00490
2	0.00807	0.00752	0.05714	0.00752	0.00953	0.00585	0.00623	0.01071	0.01526	0.02081	0.50671	0.04499	0.25356	0.01229	0.00677	0.00187	0.00319	0.01061	0.00585	0.00553
3	0.00912	0.00565	0.00750	0.00815	0.00899	0.00522	0.00563	0.01039	0.01210	0.08869	0.10622	0.60325	0.03702	0.05252	0.00824	0.00240	0.00357	0.01449	0.00559	0.00525
4	0.00719	0.00514	0.00687	0.00822	0.00860	0.00481	0.00558	0.00828	0.01124	0.01496	0.03199	0.75817	0.03823	0.01812	0.00745	0.00238	0.00347	0.04915	0.00540	0.00475
5	0.02160	0.01613	0.01786	0.01485	0.06686	0.01776	0.01150	0.69240	0.02641	0.03549	0.01376	0.01399	0.00984	0.00686	0.00581	0.00174	0.00643	0.00523	0.00562	0.00984
6	0.01169	0.00905	0.00962	0.00931	0.01139	0.00769	0.00667	0.01232	0.01664	0.02173	0.25875	0.05522	0.51135	0.01607	0.00853	0.00267	0.00442	0.01261	0.00695	0.00730
7	0.01151	0.00826	0.00988	0.01097	0.01170	0.00735	0.00728	0.01134	0.01374	0.01875	0.03475	0.74620	0.04041	0.02014	0.00905	0.00308	0.00488	0.01709	0.00666	0.00696
8	0.01156	0.00830	0.00993	0.01093	0.01171	0.00738	0.00729	0.01147	0.01399	0.01914	0.06787	0.71197	0.04116	0.01985	0.00902	0.00305	0.00485	0.01681	0.00671	0.00700
9	0.01010	0.00505	0.00758	0.00758	0.00758	0.00505	0.00505	0.00758	0.00758	0.01010	0.01010	0.01768	0.01010	0.02020	0.02273	0.83081	0.00505	0.00505	0.00253	0.00253
10	0.01206	0.01034	0.01206	0.00861	0.01378	0.00775	0.00689	0.01464	0.01206	0.01895	0.01034	0.01206	0.00861	0.00431	0.00431	0.00086	0.00431	0.00345	0.00345	0.83118
11	0.00717	0.00512	0.00682	0.00804	0.00845	0.00478	0.00540	0.00831	0.01152	0.01546	0.08440	0.73774	0.03965	0.01776	0.00738	0.00232	0.00333	0.01610	0.00547	0.00478
12	0.00823	0.00594	0.00777	0.00732	0.00869	0.00549	0.00549	0.01097	0.01646	0.02332	0.75629	0.04344	0.05487	0.01189	0.00686	0.00183	0.00274	0.01052	0.00640	0.00549
13	0.00823	0.00594	0.00777	0.00732	0.00869	0.00549	0.00549	0.01097	0.01646	0.02332	0.75629	0.04344	0.05487	0.01189	0.00686	0.00183	0.00274	0.01052	0.00640	0.00549
14	0.00831	0.00623	0.00935	0.00935	0.01038	0.00727	0.00727	0.01038	0.00935	0.01350	0.01558	0.02285	0.01454	0.04361	0.77259	0.00935	0.01558	0.00623	0.00312	0.00519
15	0.01260	0.01255	0.01778	0.07067	0.01706	0.01746	0.01297	0.01406	0.00910	0.01406	0.00783	0.01292	0.00764	0.00986	0.01812	0.00250	0.72880	0.00509	0.00255	0.00637
16	0.01166	0.03008	0.76550	0.01657	0.02517	0.01351	0.02149	0.01842	0.01228	0.01842	0.01044	0.01228	0.00737	0.00552	0.00552	0.00184	0.00859	0.00430	0.00246	0.00859
17	0.00709	0.00506	0.00675	0.00810	0.00843	0.00472	0.00540	0.00810	0.01113	0.01484	0.03205	0.79184	0.03846	0.01822	0.00742	0.00236	0.00337	0.01653	0.00540	0.00472
18	0.00687	0.00589	0.00589	0.00589	0.00785	0.00491	0.00442	0.00835	0.01325	0.01571	0.05891	0.05596	0.75700	0.01473	0.00687	0.00196	0.00295	0.01227	0.00540	0.00491
19	0.01373	0.01569	0.03431	0.02451	0.03039	0.01471	0.73824	0.01863	0.01373	0.01863	0.01176	0.01569	0.00882	0.00490	0.00686	0.00196	0.00980	0.00686	0.00294	0.00784
20	0.01150	0.01086	0.01837	0.66943	0.14826	0.01305	0.01641	0.01531	0.01187	0.01548	0.01043	0.01534	0.00797	0.00572	0.00581	0.00191	0.00763	0.00517	0.00263	0.00687
21	0.00937	0.00669	0.00937	0.01071	0.01205	0.00669	0.00937	0.01205	0.01339	0.01740	0.03079	0.06560	0.03347	0.01606	0.00803	0.00268	0.00535	0.72021	0.00535	0.00535
22	0.00831	0.00623	0.00935	0.00935	0.01038	0.00727	0.00727	0.01038	0.00935	0.01350	0.01558	0.02285	0.01454	0.04361	0.77259	0.00935	0.01558	0.00623	0.00312	0.00519
23	0.01446	0.01249	0.01315	0.01183	0.01512	0.01446	0.00920	0.03090	0.74885	0.02433	0.02367	0.02170	0.01775	0.00789	0.00592	0.00197	0.00460	0.00657	0.00592	0.00920
24	0.16293	0.01047	0.01553	0.58449	0.03297	0.01263	0.01380	0.01624	0.01167	0.07102	0.01084	0.01471	0.00797	0.00584	0.00541	0.00190	0.00695	0.00485	0.00310	0.00668
25	0.00709	0.00506	0.00675	0.00810	0.00843	0.00472	0.00540	0.00810	0.01113	0.01484	0.03205	0.79184	0.03846	0.01822	0.00742	0.00236	0.00337	0.01653	0.00540	0.00472
26	0.01166	0.03008	0.76550	0.01657	0.02517	0.01351	0.02149	0.01842	0.01228	0.01842	0.01044	0.01228	0.00737	0.00552	0.00552	0.00184	0.00859	0.00430	0.00246	0.00859
27	0.01206	0.01034	0.01206	0.00861	0.01378	0.00775	0.00689	0.01464	0.01206	0.01895	0.01034	0.01206	0.00861	0.00431	0.00431	0.00086	0.00431	0.00345	0.00345	0.83118
28	0.00715	0.00535	0.00664	0.00748	0.00832	0.00485	0.00517	0.00845	0.01218	0.01591	0.11128	0.53817	0.21443	0.01674	0.00723	0.00221	0.00321	0.01489	0.00550	0.00485
29	0.00709	0.00506	0.00675	0.00810	0.00843	0.00472	0.00540	0.00810	0.01113	0.01484	0.03205	0.79184	0.03846	0.01822	0.00742	0.00236	0.00337	0.01653	0.00540	0.00472
30	0.00937	0.00669	0.00937	0.01071	0.01205	0.00669	0.00937	0.01205	0.01339	0.01740	0.03079	0.06560	0.03347	0.01606	0.00803	0.00268	0.00535	0.72021	0.00535	0.00535
31	0.01395	0.01505	0.03064	0.02835	0.28043	0.01440	0.49114	0.01836	0.01356	0.01875	0.01148	0.01524	0.00896	0.00500	0.00648	0.00188	0.00881	0.00629	0.00292	0.00831
32	0.00709	0.00506	0.00675	0.00810	0.00843	0.00472	0.00540	0.00810	0.01113	0.01484	0.03205	0.79184	0.03846	0.01822	0.00742	0.00236	0.00337	0.01653	0.00540	0.00472
33	0.01555	0.79913	0.03047	0.00995	0.01493	0.02301	0.00995	0.01741	0.01182	0.01368	0.00808	0.00933	0.00746	0.00498	0.00373	0.00124	0.00622	0.00311	0.00249	0.00746
34	0.00831	0.00623	0.00935	0.00935	0.01038	0.00727	0.00727	0.01038	0.00935	0.01350	0.01558	0.02285	0.01454	0.04361	0.77259	0.00935	0.01558	0.00623	0.00312	0.00519
35	0.02155	0.01601	0.01714	0.01327	0.01782	0.01778	0.01092	0.68871	0.07950	0.03576	0.01466	0.01452	0.01046	0.00705	0.00582	0.00176	0.00627	0.00533	0.00582	0.00984
36	0.00937	0.00669	0.00937	0.01071	0.01205	0.00669	0.00937	0.01205	0.01339	0.01740	0.03079	0.06560	0.03347	0.01606	0.00803	0.00268	0.00535	0.72021	0.00535	0.00535
37	0.01439	0.01382	0.02360	0.03569	0.75936	0.01382	0.01785	0.01785	0.01324	0.01900	0.01094	0.01439	0.00921	0.00518	0.00576	0.00173	0.00691	0.00518	0.00288	0.00921
38	0.25677	0.01016	0.01191	0.00949	0.01364	0.00974	0.00781	0.02462	0.01471	0.53114	0.04046	0.01754	0.01329	0.00682	0.00524	0.00180	0.00475	0.00522	0.00615	0.00874
39	0.01220	0.13665	0.66364	0.01566	0.02375	0.01482	0.01989	0.01828	0.01221	0.01776	0.01011	0.01187	0.00738	0.00545	0.00528	0.00176	0.00827	0.00413	0.00246	0.00844

[dist]
# distance from previous block
# <min> <max>
0	2

[block]
# block no. 5 follows, 40 sequences, length 6
# corresponding to MSA columns:
# 350-355
name=unknown_F
#
# <colnr> <probs for GDERKNQSTAVLIFYWHMCP>
#	G	D	E	R	K	N	Q	S	T	A	V	L	I	F	Y	W	H	M	C	P
0	0.01728	0.01106	0.01369	0.11748	0.01829	0.01141	0.00962	0.02549	0.30880	0.25434	0.01964	0.01883	0.01397	0.00686	0.00565	0.00175	0.00510	0.00569	0.00550	0.12955
1	0.00974	0.10192	0.09078	0.01215	0.01487	0.00955	0.14088	0.01213	0.01180	0.01576	0.02340	0.48120	0.02634	0.01298	0.00670	0.00211	0.00540	0.01198	0.00432	0.00600
2	0.01220	0.01201	0.01770	0.24390	0.02266	0.01635	0.01375	0.01425	0.00972	0.01425	0.00844	0.01355	0.00767	0.00888	0.01513	0.00236	0.55312	0.00511	0.00256	0.00639
3	0.01137	0.01087	0.01685	0.44248	0.02863	0.01419	0.01413	0.01407	0.01058	0.01453	0.01081	0.06758	0.00981	0.00829	0.01088	0.00219	0.29775	0.00592	0.00276	0.00630
4	0.01546	0.01416	0.02275	0.03260	0.65671	0.01440	0.01691	0.11783	0.01519	0.02144	0.01136	0.01433	0.00931	0.00543	0.00577	0.00173	0.00684	0.00519	0.00329	0.00931
5	0.01192	0.01154	0.01627	0.01419	0.01438	0.01589	0.01173	0.01334	0.00899	0.01390	0.00908	0.01456	0.00889	0.01626	0.15618	0.00378	0.64499	0.00530	0.00265	0.00615

[dist]
# distance from previous block
# <min> <max>
7	9

[block]
# block no. 6 follows, 40 sequences, length 12
# corresponding to MSA columns:
# 365-376
name=unknown_G
#
# <colnr> <probs for GDERKNQSTAVLIFYWHMCP>
#	G	D	E	R	K	N	Q	S	T	A	V	L	I	F	Y	W	H	M	C	P
0	0.08888	0.01859	0.33936	0.01270	0.01863	0.01109	0.01385	0.02176	0.04007	0.29096	0.03476	0.01850	0.02994	0.00690	0.00563	0.00186	0.00639	0.02684	0.00466	0.00863
1	0.04010	0.00954	0.01213	0.00947	0.01359	0.00779	0.04033	0.01524	0.01263	0.09852	0.04030	0.12318	0.01586	0.00734	0.00524	0.00136	0.00450	0.03672	0.00428	0.50187
2	0.01270	0.01778	0.29713	0.01172	0.01815	0.00997	0.01250	0.01684	0.01240	0.06063	0.01108	0.01258	0.00847	0.00493	0.00485	0.00128	0.00596	0.00390	0.00328	0.47383
3	0.45604	0.05023	0.12254	0.01130	0.01608	0.01299	0.08753	0.01935	0.01187	0.14699	0.01131	0.01225	0.00813	0.00564	0.00461	0.00180	0.00581	0.00416	0.00391	0.00745
4	0.69699	0.03728	0.01014	0.00829	0.01197	0.01361	0.00687	0.09055	0.01197	0.02666	0.03570	0.01113	0.00845	0.00578	0.00395	0.00178	0.00468	0.00363	0.00389	0.00667
5	0.07942	0.59292	0.13304	0.01094	0.01624	0.05477	0.01137	0.01779	0.01194	0.01535	0.00846	0.00981	0.00736	0.00513	0.00405	0.00138	0.00662	0.00331	0.00259	0.00750
6	0.01166	0.03008	0.76550	0.01657	0.02517	0.01351	0.02149	0.01842	0.01228	0.01842	0.01044	0.01228	0.00737	0.00552	0.00552	0.00184	0.00859	0.00430	0.00246	0.00859
7	0.01153	0.00977	0.01149	0.00856	0.01321	0.00743	0.00673	0.01394	0.01196	0.01851	0.01266	0.09568	0.01181	0.00580	0.00464	0.00102	0.00421	0.00485	0.00365	0.74255
8	0.00907	0.00710	0.00983	0.15576	0.01547	0.00753	0.00817	0.03729	0.05405	0.01726	0.10437	0.43810	0.03182	0.01404	0.00696	0.00220	0.00447	0.06589	0.00501	0.00562
9	0.02609	0.00990	0.01350	0.01035	0.01484	0.00855	0.00855	0.02834	0.01664	0.76338	0.02294	0.01979	0.01439	0.00720	0.00585	0.00180	0.00495	0.00585	0.00720	0.00990
10	0.01192	0.08116	0.71668	0.01613	0.02449	0.01414	0.02072	0.01835	0.01225	0.01810	0.01028	0.01208	0.00737	0.00549	0.00541	0.00180	0.00844	0.00422	0.00246	0.00852
11	0.01446	0.01249	0.01315	0.01183	0.01512	0.01446	0.00920	0.03090	0.74885	0.02433	0.02367	0.02170	0.01775	0.00789	0.00592	0.00197	0.00460	0.00657	0.00592	0.00920

[dist]
# distance from previous block
# <min> <max>
4	7

[block]
# block no. 7 follows, 40 sequences, length 13
# corresponding to MSA columns:
# 386-398
name=unknown_H
#
# <colnr> <probs for GDERKNQSTAVLIFYWHMCP>
#	G	D	E	R	K	N	Q	S	T	A	V	L	I	F	Y	W	H	M	C	P
0	0.01166	0.03008	0.76550	0.01657	0.02517	0.01351	0.02149	0.01842	0.01228	0.01842	0.01044	0.01228	0.00737	0.00552	0.00552	0.00184	0.00859	0.00430	0.00246	0.00859
1	0.02015	0.01492	0.21574	0.01155	0.01689	0.00950	0.01160	0.02353	0.01510	0.48261	0.02340	0.02162	0.09158	0.00755	0.00587	0.00183	0.00572	0.00611	0.00573	0.00901
2	0.01166	0.03008	0.76550	0.01657	0.02517	0.01351	0.02149	0.01842	0.01228	0.01842	0.01044	0.01228	0.00737	0.00552	0.00552	0.00184	0.00859	0.00430	0.00246	0.00859
3	0.00709	0.00506	0.00675	0.00810	0.00843	0.00472	0.00540	0.00810	0.01113	0.01484	0.03205	0.79184	0.03846	0.01822	0.00742	0.00236	0.00337	0.01653	0.00540	0.00472
4	0.02429	0.01279	0.01529	0.01172	0.01629	0.01284	0.00968	0.35037	0.02148	0.43452	0.01888	0.01715	0.01236	0.00710	0.00583	0.00177	0.00560	0.00557	0.00657	0.00989
5	0.59353	0.00953	0.00763	0.00699	0.00993	0.01080	0.00564	0.01605	0.01057	0.02479	0.01130	0.01305	0.00883	0.00580	0.00374	0.00167	0.00397	0.00382	0.24632	0.00604
6	0.00845	0.00567	0.00651	0.00651	0.00657	0.00573	0.00374	0.00857	0.00851	0.01140	0.01817	0.03719	0.02077	0.75296	0.07176	0.00585	0.00620	0.00833	0.00350	0.00362
7	0.02318	0.01456	0.01638	0.01256	0.01717	0.01547	0.01038	0.54782	0.02445	0.23288	0.01639	0.01554	0.01111	0.00704	0.00583	0.00176	0.00601	0.00540	0.00619	0.00989
8	0.01233	0.01058	0.01218	0.00898	0.01393	0.00852	0.00715	0.01650	0.09603	0.01956	0.01186	0.01316	0.00965	0.00471	0.00449	0.00099	0.00434	0.00380	0.00373	0.73751
9	0.01043	0.01044	0.09005	0.00963	0.01234	0.00898	0.00829	0.01763	0.23167	0.02309	0.46114	0.03372	0.03888	0.01003	0.00644	0.00187	0.00391	0.00869	0.00584	0.00691
10	0.00835	0.00602	0.00794	0.00768	0.00905	0.00562	0.00590	0.01109	0.01613	0.02269	0.67903	0.04580	0.05259	0.01233	0.00698	0.00192	0.00302	0.08610	0.00629	0.00547
11	0.01517	0.75696	0.02919	0.00976	0.01447	0.02209	0.00961	0.01694	0.01164	0.01355	0.00863	0.01085	0.00819	0.04699	0.00511	0.00148	0.00619	0.00339	0.00254	0.00725
12	0.01027	0.00639	0.00843	0.00766	0.00939	0.00584	0.00584	0.01295	0.01648	0.10766	0.67271	0.04074	0.05026	0.01135	0.00674	0.00183	0.00299	0.00998	0.00649	0.00599

[dist]
# distance from previous block
# <min> <max>
45	297

# created by:
# /software/SequenceAnalysis/GenePrediction/augustus/3.0.1/scripts/msa2prfl.pl ./fixed/BUSCOvEOG7PNZX4.fas
