[name]
unknown

[dist]
# distance from previous block
# <min> <max>
0	249

[block]
# block no. 0 follows, 41 sequences, length 59
# corresponding to MSA columns:
# 254-312
name=unknown_A
#
# <colnr> <probs for GDERKNQSTAVLIFYWHMCP>
#	G	D	E	R	K	N	Q	S	T	A	V	L	I	F	Y	W	H	M	C	P
0	0.00873	0.00647	0.00930	0.00928	0.01025	0.00731	0.00704	0.01043	0.00946	0.01358	0.01603	0.02443	0.01532	0.11017	0.70377	0.00890	0.01454	0.00648	0.00328	0.00524
1	0.01391	0.01339	0.02319	0.18532	0.54652	0.01374	0.08182	0.01736	0.01306	0.01829	0.01122	0.01518	0.00922	0.00554	0.00599	0.00186	0.00737	0.00540	0.00296	0.00864
2	0.00866	0.00614	0.00777	0.00884	0.03576	0.00555	0.00590	0.00983	0.01234	0.05134	0.06900	0.51365	0.21102	0.01609	0.00722	0.00225	0.00357	0.01417	0.00551	0.00540
3	0.00886	0.00594	0.00663	0.00661	0.00666	0.00587	0.00372	0.00872	0.00867	0.01161	0.01847	0.03794	0.02118	0.79282	0.02914	0.00561	0.00571	0.00845	0.00364	0.00376
4	0.00871	0.00652	0.00956	0.00954	0.01061	0.00746	0.00737	0.01060	0.00953	0.01378	0.01579	0.02310	0.01474	0.04294	0.77021	0.00923	0.01541	0.00628	0.00324	0.00538
5	0.03114	0.06754	0.01802	0.37964	0.07430	0.17622	0.01366	0.10508	0.01478	0.01804	0.01145	0.01600	0.00933	0.00652	0.00572	0.00185	0.00789	0.03222	0.00333	0.00728
6	0.01132	0.01052	0.01746	0.77922	0.03955	0.01297	0.01603	0.01496	0.01176	0.01510	0.01068	0.01594	0.00812	0.00606	0.00594	0.00200	0.00778	0.00525	0.00272	0.00662
7	0.01455	0.01381	0.02328	0.05843	0.73514	0.01382	0.01764	0.01779	0.01328	0.01902	0.01125	0.01489	0.00950	0.00546	0.00588	0.00180	0.00698	0.00526	0.00300	0.00922
8	0.01237	0.01052	0.01221	0.00883	0.01392	0.00793	0.00700	0.01475	0.01218	0.01909	0.01068	0.01257	0.00896	0.00459	0.00446	0.00095	0.00442	0.00357	0.00356	0.82743
9	0.01462	0.01400	0.02393	0.03476	0.72539	0.01388	0.04945	0.01791	0.01335	0.01913	0.01130	0.01491	0.00953	0.00543	0.00593	0.00180	0.00708	0.00533	0.00301	0.00924
10	0.83311	0.01141	0.00878	0.00788	0.01145	0.01309	0.00642	0.01715	0.01007	0.02606	0.00850	0.01003	0.00670	0.00565	0.00377	0.00186	0.00460	0.00328	0.00371	0.00646
11	0.00752	0.00538	0.00703	0.00832	0.00870	0.00497	0.00555	0.00837	0.01128	0.01509	0.03187	0.78954	0.03808	0.01816	0.00750	0.00241	0.00351	0.01633	0.00547	0.00493
12	0.02055	0.01786	0.01754	0.10015	0.05312	0.17097	0.01195	0.47979	0.02261	0.02876	0.01270	0.01392	0.00946	0.00680	0.00582	0.00178	0.00744	0.00501	0.00484	0.00894
13	0.83311	0.01141	0.00878	0.00788	0.01145	0.01309	0.00642	0.01715	0.01007	0.02606	0.00850	0.01003	0.00670	0.00565	0.00377	0.00186	0.00460	0.00328	0.00371	0.00646
14	0.02606	0.01009	0.01361	0.01052	0.01496	0.00870	0.00862	0.02812	0.01665	0.76158	0.02298	0.02012	0.01460	0.00741	0.00597	0.00186	0.00504	0.00591	0.00722	0.00997
15	0.00752	0.00538	0.00703	0.00832	0.00870	0.00497	0.00555	0.00837	0.01128	0.01509	0.03187	0.78954	0.03808	0.01816	0.00750	0.00241	0.00351	0.01633	0.00547	0.00493
16	0.01342	0.01481	0.03151	0.02290	0.02820	0.01384	0.67116	0.01772	0.01358	0.01845	0.01385	0.08546	0.01176	0.00634	0.00701	0.00206	0.00922	0.00775	0.00329	0.00770
17	0.01326	0.31743	0.45135	0.01382	0.02058	0.01674	0.01634	0.01769	0.01209	0.01661	0.01015	0.01220	0.00811	0.00734	0.04139	0.00203	0.00805	0.00405	0.00264	0.00813
18	0.00824	0.00594	0.00768	0.00783	0.00886	0.00546	0.00560	0.01019	0.01464	0.02044	0.49996	0.30618	0.04844	0.01416	0.00715	0.00208	0.00311	0.01253	0.00610	0.00541
19	0.83311	0.01141	0.00878	0.00788	0.01145	0.01309	0.00642	0.01715	0.01007	0.02606	0.00850	0.01003	0.00670	0.00565	0.00377	0.00186	0.00460	0.00328	0.00371	0.00646
20	0.00744	0.00613	0.00643	0.00661	0.00837	0.00521	0.00490	0.00874	0.01312	0.01591	0.05394	0.13906	0.64345	0.01520	0.00708	0.00210	0.00324	0.04252	0.00547	0.00510
21	0.01296	0.02437	0.51890	0.01812	0.05298	0.01319	0.16393	0.01848	0.01296	0.05389	0.01373	0.01577	0.04145	0.00612	0.00600	0.00193	0.00836	0.00535	0.00306	0.00848
22	0.00886	0.00594	0.00663	0.00661	0.00666	0.00587	0.00372	0.00872	0.00867	0.01161	0.01847	0.03794	0.02118	0.79282	0.02914	0.00561	0.00571	0.00845	0.00364	0.00376
23	0.01778	0.01281	0.01416	0.01178	0.01516	0.01377	0.00931	0.44693	0.08718	0.06198	0.05462	0.18887	0.01937	0.00995	0.00634	0.00197	0.00541	0.00815	0.00588	0.00858
24	0.83311	0.01141	0.00878	0.00788	0.01145	0.01309	0.00642	0.01715	0.01007	0.02606	0.00850	0.01003	0.00670	0.00565	0.00377	0.00186	0.00460	0.00328	0.00371	0.00646
25	0.01149	0.01085	0.01848	0.73262	0.03897	0.01308	0.06052	0.01519	0.01189	0.01533	0.01077	0.01595	0.00818	0.00601	0.00600	0.00200	0.00790	0.00535	0.00274	0.00670
26	0.01199	0.02978	0.76348	0.01659	0.02503	0.01354	0.02124	0.01844	0.01239	0.01857	0.01078	0.01279	0.00774	0.00578	0.00565	0.00190	0.00860	0.00440	0.00260	0.00870
27	0.01302	0.01285	0.01782	0.01532	0.01537	0.01774	0.01269	0.01412	0.00910	0.01426	0.00805	0.01322	0.00800	0.01032	0.01888	0.00259	0.78226	0.00517	0.00268	0.00652
28	0.02088	0.01528	0.01636	0.01276	0.01693	0.01673	0.01033	0.66505	0.02531	0.03409	0.01466	0.01645	0.01118	0.06891	0.00772	0.00210	0.00632	0.00556	0.02399	0.00938
29	0.83311	0.01141	0.00878	0.00788	0.01145	0.01309	0.00642	0.01715	0.01007	0.02606	0.00850	0.01003	0.00670	0.00565	0.00377	0.00186	0.00460	0.00328	0.00371	0.00646
30	0.00697	0.00498	0.00664	0.00796	0.00830	0.00465	0.00531	0.00796	0.01095	0.01460	0.03153	0.79525	0.03783	0.01792	0.00730	0.00232	0.00332	0.01626	0.00531	0.00465
31	0.01465	0.73159	0.02799	0.00956	0.01414	0.02110	0.00940	0.01656	0.01203	0.01430	0.07485	0.01216	0.01149	0.00550	0.00394	0.00127	0.00581	0.00371	0.00279	0.00717
32	0.01529	0.80242	0.02997	0.00979	0.01468	0.02263	0.00979	0.01713	0.01162	0.01346	0.00795	0.00918	0.00734	0.00489	0.00367	0.00122	0.00612	0.00306	0.00245	0.00734
33	0.02236	0.01504	0.01656	0.01269	0.01725	0.01628	0.01049	0.63240	0.02525	0.15019	0.01511	0.01463	0.01042	0.00690	0.00573	0.00172	0.00607	0.00524	0.00593	0.00973
34	0.01080	0.01017	0.01716	0.78523	0.03940	0.01271	0.01589	0.01461	0.01144	0.01461	0.01017	0.01525	0.00762	0.00572	0.00572	0.00191	0.00762	0.00508	0.00254	0.00635
35	0.02137	0.02726	0.01621	0.01474	0.01768	0.77602	0.01105	0.02284	0.01621	0.01400	0.00884	0.01031	0.00737	0.00589	0.00516	0.00147	0.01031	0.00368	0.00295	0.00663
36	0.01423	0.01229	0.01293	0.01164	0.01487	0.01423	0.00905	0.03039	0.75297	0.02393	0.02328	0.02134	0.01746	0.00776	0.00582	0.00194	0.00453	0.00647	0.00582	0.00905
37	0.02557	0.00989	0.01337	0.01025	0.01468	0.00864	0.00847	0.04562	0.01663	0.74915	0.02235	0.01933	0.01405	0.00707	0.00575	0.00177	0.00490	0.00574	0.00705	0.00973
38	0.00926	0.00817	0.01283	0.07848	0.03778	0.00905	0.08004	0.01105	0.01091	0.01497	0.02228	0.44961	0.02527	0.01423	0.02587	0.00242	0.14996	0.02809	0.00419	0.00555
39	0.00697	0.00498	0.00664	0.00796	0.00830	0.00465	0.00531	0.00796	0.01095	0.01460	0.03153	0.79525	0.03783	0.01792	0.00730	0.00232	0.00332	0.01626	0.00531	0.00465
40	0.02566	0.00973	0.01327	0.01018	0.01460	0.00841	0.00841	0.02788	0.01637	0.76726	0.02257	0.01947	0.01416	0.00708	0.00575	0.00177	0.00487	0.00575	0.00708	0.00973
41	0.01100	0.00622	0.01011	0.00910	0.00995	0.00602	0.07079	0.00978	0.00899	0.05630	0.04063	0.04811	0.01284	0.01738	0.01880	0.64631	0.00523	0.00581	0.00305	0.00357
42	0.01268	0.01208	0.02055	0.36555	0.44441	0.01320	0.01682	0.01626	0.01233	0.01689	0.01050	0.01464	0.00843	0.00537	0.00569	0.00179	0.00716	0.00509	0.00270	0.00787
43	0.00904	0.00648	0.00899	0.01027	0.01156	0.00644	0.00888	0.01156	0.01306	0.01695	0.03119	0.09873	0.05555	0.01586	0.00784	0.00260	0.00510	0.66942	0.00527	0.00522
44	0.00731	0.00597	0.00657	0.00686	0.00865	0.00522	0.00544	0.00903	0.01307	0.01583	0.05172	0.05718	0.59704	0.01478	0.00702	0.00209	0.00343	0.17256	0.00530	0.00493
45	0.04280	0.01011	0.01569	0.59476	0.05991	0.01227	0.01398	0.01610	0.07742	0.01657	0.01197	0.01603	0.00908	0.00594	0.00550	0.00185	0.00679	0.00515	0.07147	0.00660
46	0.01529	0.80242	0.02997	0.00979	0.01468	0.02263	0.00979	0.01713	0.01162	0.01346	0.00795	0.00918	0.00734	0.00489	0.00367	0.00122	0.00612	0.00306	0.00245	0.00734
47	0.83938	0.01106	0.00841	0.00752	0.01106	0.01283	0.00619	0.01681	0.00973	0.02566	0.00796	0.00929	0.00619	0.00531	0.00354	0.00177	0.00442	0.00310	0.00354	0.00619
48	0.01066	0.00533	0.00533	0.00533	0.00666	0.00533	0.00400	0.01333	0.01200	0.02132	0.01866	0.02132	0.01466	0.00666	0.00400	0.00133	0.00267	0.00533	0.83073	0.00533
49	0.00845	0.00678	0.01005	0.00924	0.01080	0.00633	0.08393	0.02750	0.01370	0.01861	0.30295	0.31280	0.11774	0.03478	0.00753	0.00212	0.00385	0.01211	0.00538	0.00536
50	0.00882	0.00630	0.00877	0.01008	0.01123	0.00625	0.00853	0.01117	0.01278	0.01668	0.03050	0.19221	0.03378	0.01617	0.00780	0.00258	0.00493	0.60098	0.00527	0.00516
51	0.01471	0.01368	0.02246	0.05987	0.67122	0.01393	0.01690	0.08207	0.01420	0.02009	0.01100	0.01416	0.00907	0.00528	0.00567	0.00171	0.00678	0.00510	0.00308	0.00902
52	0.00706	0.00601	0.00610	0.00610	0.00802	0.00518	0.00456	0.00906	0.04153	0.01575	0.05559	0.08210	0.70458	0.01436	0.00674	0.00195	0.00298	0.01202	0.00533	0.00498
53	0.01423	0.01229	0.01293	0.01164	0.01487	0.01423	0.00905	0.03039	0.75297	0.02393	0.02328	0.02134	0.01746	0.00776	0.00582	0.00194	0.00453	0.00647	0.00582	0.00905
54	0.01259	0.01152	0.01862	0.53498	0.21272	0.01337	0.01584	0.08021	0.01320	0.01751	0.01063	0.01485	0.00816	0.00567	0.00571	0.00184	0.00731	0.00509	0.00289	0.00731
55	0.01972	0.01478	0.01592	0.01231	0.01676	0.01598	0.01009	0.58368	0.08442	0.03269	0.01422	0.01432	0.01033	0.00663	0.00552	0.00162	0.00582	0.00506	0.02490	0.10524
56	0.00771	0.00758	0.07551	0.00928	0.01053	0.00581	0.03491	0.00926	0.01103	0.01489	0.02817	0.66518	0.03310	0.03176	0.00785	0.01900	0.00409	0.01444	0.00487	0.00504
57	0.01767	0.13553	0.14787	0.08338	0.04065	0.44968	0.01321	0.02034	0.01434	0.01481	0.00913	0.01100	0.00741	0.00564	0.00506	0.00154	0.00907	0.00385	0.00275	0.00709
58	0.01348	0.01294	0.02202	0.17965	0.56792	0.01347	0.04272	0.01750	0.04094	0.01808	0.01115	0.01469	0.00909	0.00531	0.00572	0.00176	0.00697	0.00520	0.00289	0.00849

[dist]
# distance from previous block
# <min> <max>
2	489

# created by:
# /software/SequenceAnalysis/GenePrediction/augustus/3.0.1/scripts/msa2prfl.pl ./fixed/BUSCOvEOG73BP34.fas
