[name]
unknown

[dist]
# distance from previous block
# <min> <max>
0	432

[block]
# block no. 0 follows, 41 sequences, length 22
# corresponding to MSA columns:
# 668-689
name=unknown_A
#
# <colnr> <probs for GDERKNQSTAVLIFYWHMCP>
#	G	D	E	R	K	N	Q	S	T	A	V	L	I	F	Y	W	H	M	C	P
0	0.00996	0.00712	0.00973	0.01100	0.01238	0.00702	0.00950	0.01237	0.01360	0.01777	0.03077	0.06491	0.03332	0.01616	0.00818	0.00275	0.00551	0.71682	0.00549	0.00565
1	0.01419	0.01586	0.03399	0.02442	0.03021	0.01481	0.73445	0.01877	0.01393	0.01896	0.01227	0.01638	0.00935	0.00531	0.00704	0.00206	0.00983	0.00696	0.00314	0.00807
2	0.02234	0.01645	0.01759	0.01360	0.01820	0.01804	0.01114	0.73640	0.02717	0.03648	0.01441	0.01470	0.01039	0.00733	0.00602	0.00185	0.00652	0.00538	0.00594	0.01006
3	0.01322	0.01298	0.01794	0.01543	0.01551	0.01783	0.01276	0.01426	0.00924	0.01445	0.00825	0.01350	0.00820	0.01044	0.01892	0.00262	0.77982	0.00523	0.00276	0.00663
4	0.02622	0.01024	0.01374	0.01065	0.01510	0.00882	0.00870	0.02821	0.01676	0.75936	0.02314	0.02037	0.01477	0.00754	0.00605	0.00190	0.00511	0.00597	0.00728	0.01006
5	0.02649	0.01048	0.01398	0.01089	0.01534	0.00902	0.00884	0.02838	0.01696	0.75543	0.02343	0.02083	0.01508	0.00777	0.00620	0.00197	0.00523	0.00608	0.00738	0.01023
6	0.01563	0.79817	0.03011	0.01003	0.01493	0.02276	0.00992	0.01736	0.01184	0.01380	0.00832	0.00969	0.00768	0.00513	0.00383	0.00129	0.00623	0.00318	0.00257	0.00752
7	0.02167	0.02741	0.01643	0.01495	0.01791	0.77186	0.01118	0.02304	0.01641	0.01434	0.00921	0.01082	0.00771	0.00613	0.00531	0.00154	0.01041	0.00380	0.00307	0.00681
8	0.01183	0.02972	0.76528	0.01650	0.02494	0.01346	0.02121	0.01834	0.01230	0.01843	0.01062	0.01257	0.00759	0.00567	0.00559	0.00188	0.00855	0.00434	0.00254	0.00863
9	0.02167	0.02741	0.01643	0.01495	0.01791	0.77186	0.01118	0.02304	0.01641	0.01434	0.00921	0.01082	0.00771	0.00613	0.00531	0.00154	0.01041	0.00380	0.00307	0.00681
10	0.01930	0.02308	0.01681	0.01497	0.01720	0.54321	0.01157	0.04458	0.01476	0.01501	0.00901	0.01152	0.00783	0.00727	0.00898	0.00182	0.21900	0.00421	0.00304	0.00682
11	0.00935	0.00785	0.00827	0.00794	0.01018	0.00770	0.00607	0.01480	0.21271	0.01864	0.09418	0.04583	0.47697	0.01274	0.00670	0.00202	0.00356	0.04265	0.00562	0.00622
12	0.01950	0.01108	0.01556	0.01690	0.21518	0.01043	0.01073	0.02358	0.10449	0.38410	0.02154	0.02075	0.06369	0.00722	0.00588	0.00180	0.00530	0.00608	0.00558	0.05063
13	0.12935	0.01654	0.11586	0.01248	0.01730	0.01547	0.01119	0.44210	0.05767	0.03007	0.01317	0.01424	0.00983	0.02612	0.00602	0.00185	0.00620	0.00489	0.00489	0.06477
14	0.01931	0.18202	0.07024	0.01536	0.06818	0.48122	0.01204	0.05585	0.01550	0.01588	0.00949	0.01113	0.00793	0.00589	0.00509	0.00154	0.00901	0.00388	0.00306	0.00739
15	0.01606	0.01581	0.02942	0.02133	0.02679	0.01551	0.54226	0.21324	0.01730	0.02339	0.01250	0.01545	0.00930	0.00561	0.00662	0.00194	0.00884	0.00642	0.00378	0.00843
16	0.01843	0.01351	0.01503	0.01134	0.01611	0.01329	0.00923	0.40530	0.02041	0.07885	0.01327	0.01387	0.00986	0.00608	0.00529	0.00144	0.00550	0.00461	0.00500	0.33357
17	0.01224	0.01169	0.02011	0.52843	0.23339	0.01324	0.06518	0.01590	0.01223	0.01630	0.01078	0.01544	0.00842	0.00573	0.00592	0.00192	0.00764	0.00531	0.00277	0.00736
18	0.01980	0.01506	0.01613	0.01275	0.01709	0.01648	0.01035	0.54146	0.17891	0.03255	0.01584	0.01569	0.01160	0.00711	0.00579	0.00177	0.00590	0.00542	0.00569	0.06459
19	0.01358	0.01041	0.01195	0.00921	0.01353	0.00891	0.00726	0.08401	0.06337	0.05837	0.01437	0.06713	0.01221	0.00619	0.00491	0.00125	0.00444	0.00500	0.05925	0.54466
20	0.01409	0.01142	0.01298	0.00969	0.01445	0.00985	0.00774	0.17025	0.01525	0.02248	0.01231	0.05037	0.01049	0.00570	0.00486	0.00117	0.00476	0.00451	0.00410	0.61352
21	0.02298	0.00967	0.01285	0.00997	0.01419	0.00826	0.00812	0.02516	0.01611	0.62173	0.08914	0.02130	0.01755	0.00745	0.00584	0.00175	0.00473	0.00605	0.00675	0.09040

[dist]
# distance from previous block
# <min> <max>
0	4

[block]
# block no. 1 follows, 41 sequences, length 7
# corresponding to MSA columns:
# 694-700
name=unknown_B
#
# <colnr> <probs for GDERKNQSTAVLIFYWHMCP>
#	G	D	E	R	K	N	Q	S	T	A	V	L	I	F	Y	W	H	M	C	P
0	0.01151	0.01030	0.01792	0.01395	0.01730	0.00992	0.27243	0.01664	0.11026	0.05161	0.33537	0.02965	0.06024	0.00863	0.00659	0.00187	0.00554	0.00843	0.00500	0.00686
1	0.01147	0.02959	0.76934	0.01630	0.02476	0.01328	0.02113	0.01811	0.01208	0.01811	0.01026	0.01208	0.00725	0.00543	0.00543	0.00181	0.00845	0.00423	0.00242	0.00845
2	0.01200	0.02382	0.50072	0.01719	0.02459	0.01287	0.19101	0.01771	0.01239	0.01823	0.01056	0.01285	0.00774	0.00514	0.00560	0.00172	0.00822	0.00472	0.00265	0.11029
3	0.01204	0.01104	0.01744	0.02386	0.43506	0.01102	0.01293	0.01460	0.01207	0.01734	0.01538	0.19960	0.01572	0.00841	0.00686	0.00180	0.06410	0.00754	0.00347	0.10973
4	0.00994	0.00497	0.00745	0.00745	0.00745	0.00497	0.00497	0.00745	0.00745	0.00994	0.00994	0.01739	0.00994	0.01987	0.02235	0.83358	0.00497	0.00497	0.00248	0.00248
5	0.01311	0.01252	0.02133	0.26881	0.53777	0.01332	0.01703	0.01664	0.01253	0.01742	0.01057	0.01450	0.00861	0.00529	0.00568	0.00176	0.00705	0.00509	0.00274	0.00822
6	0.21787	0.01121	0.01239	0.01040	0.05432	0.01048	0.00786	0.10104	0.01360	0.09838	0.01133	0.01234	0.00867	0.00514	0.00447	0.00131	0.00472	0.00385	0.00404	0.40657

[dist]
# distance from previous block
# <min> <max>
1	578

# created by:
# /software/SequenceAnalysis/GenePrediction/augustus/3.0.1/scripts/msa2prfl.pl ./fixed/BUSCOvEOG74TQN6.fas
