[name]
unknown

[dist]
# distance from previous block
# <min> <max>
0	514

[block]
# block no. 0 follows, 40 sequences, length 15
# corresponding to MSA columns:
# 634-648
name=unknown_A
#
# <colnr> <probs for GDERKNQSTAVLIFYWHMCP>
#	G	D	E	R	K	N	Q	S	T	A	V	L	I	F	Y	W	H	M	C	P
0	0.00889	0.00635	0.00882	0.01016	0.01129	0.00628	0.00854	0.01122	0.01291	0.01687	0.03105	0.21794	0.03451	0.01652	0.00790	0.00261	0.00494	0.57260	0.00536	0.00522
1	0.83671	0.01125	0.00855	0.00765	0.01125	0.01305	0.00630	0.01709	0.00990	0.02609	0.00810	0.00945	0.00630	0.00540	0.00360	0.00180	0.00450	0.00315	0.00360	0.00630
2	0.00836	0.00560	0.00637	0.00647	0.00649	0.00557	0.00366	0.00843	0.00865	0.01153	0.01931	0.09248	0.02239	0.73950	0.02800	0.00540	0.00547	0.00904	0.00366	0.00361
3	0.00966	0.00669	0.00894	0.05605	0.01198	0.00614	0.00686	0.01133	0.01190	0.06975	0.02660	0.50507	0.02980	0.01433	0.00678	0.00209	0.00407	0.07411	0.00505	0.13280
4	0.01252	0.01217	0.02147	0.42859	0.30302	0.01344	0.09240	0.01635	0.01244	0.01677	0.01071	0.01512	0.00840	0.00549	0.00590	0.00186	0.00766	0.00535	0.00273	0.00761
5	0.00977	0.00667	0.00860	0.00879	0.01031	0.00626	0.00659	0.01249	0.05875	0.06799	0.14847	0.39385	0.03507	0.01433	0.00697	0.00214	0.00383	0.12104	0.00555	0.07251
6	0.69438	0.01063	0.00870	0.00768	0.01115	0.01190	0.00625	0.01629	0.01073	0.02532	0.08661	0.01318	0.01154	0.00600	0.00399	0.00174	0.00430	0.00394	0.00388	0.06178
7	0.02113	0.01482	0.01599	0.01239	0.01669	0.01623	0.01019	0.62753	0.02521	0.07220	0.01494	0.01507	0.01064	0.00697	0.00564	0.00171	0.00594	0.00529	0.09200	0.00942
8	0.23055	0.00775	0.00757	0.00706	0.00890	0.00872	0.00558	0.01432	0.01128	0.02180	0.01659	0.01894	0.04334	0.00710	0.00563	0.00162	0.08513	0.00507	0.48730	0.00573
9	0.02164	0.01606	0.01719	0.01329	0.01785	0.01781	0.01094	0.69644	0.07163	0.03589	0.01456	0.01444	0.01037	0.00704	0.00582	0.00176	0.00629	0.00532	0.00582	0.00985
10	0.01206	0.01034	0.01206	0.00861	0.01378	0.00775	0.00689	0.01464	0.01206	0.01895	0.01034	0.01206	0.00861	0.00431	0.00431	0.00086	0.00431	0.00345	0.00345	0.83118
11	0.07149	0.00964	0.01132	0.00949	0.01257	0.00967	0.00756	0.13179	0.09434	0.21949	0.28989	0.02862	0.06120	0.00916	0.00611	0.00183	0.00421	0.00764	0.00624	0.00775
12	0.01430	0.01167	0.01326	0.00968	0.01473	0.01005	0.00782	0.17681	0.01548	0.02291	0.01115	0.01248	0.00890	0.00490	0.00464	0.00106	0.00477	0.00385	0.00398	0.64755
13	0.08212	0.01021	0.01329	0.01027	0.01471	0.00919	0.00848	0.05246	0.01655	0.68687	0.02160	0.01887	0.01368	0.00707	0.00569	0.00180	0.00497	0.00564	0.00690	0.00965
14	0.01555	0.79913	0.03047	0.00995	0.01493	0.02301	0.00995	0.01741	0.01182	0.01368	0.00808	0.00933	0.00746	0.00498	0.00373	0.00124	0.00622	0.00311	0.00249	0.00746

[dist]
# distance from previous block
# <min> <max>
8	12

[block]
# block no. 1 follows, 40 sequences, length 23
# corresponding to MSA columns:
# 662-684
name=unknown_B
#
# <colnr> <probs for GDERKNQSTAVLIFYWHMCP>
#	G	D	E	R	K	N	Q	S	T	A	V	L	I	F	Y	W	H	M	C	P
0	0.02211	0.01629	0.01745	0.01338	0.01803	0.01803	0.01105	0.73997	0.02734	0.03665	0.01396	0.01396	0.00989	0.00698	0.00582	0.00175	0.00640	0.00524	0.00582	0.00989
1	0.02211	0.01629	0.01745	0.01338	0.01803	0.01803	0.01105	0.73997	0.02734	0.03665	0.01396	0.01396	0.00989	0.00698	0.00582	0.00175	0.00640	0.00524	0.00582	0.00989
2	0.01124	0.01060	0.01791	0.72459	0.09508	0.01299	0.01628	0.01509	0.01175	0.01517	0.01038	0.01542	0.00786	0.00577	0.00581	0.00192	0.00769	0.00517	0.00261	0.00667
3	0.01313	0.01030	0.01217	0.00875	0.01386	0.00781	0.00702	0.01569	0.01241	0.07590	0.01130	0.01265	0.00906	0.00453	0.00442	0.00093	0.00436	0.00363	0.00373	0.76835
4	0.00831	0.00623	0.00935	0.00935	0.01038	0.00727	0.00727	0.01038	0.00935	0.01350	0.01558	0.02285	0.01454	0.04361	0.77259	0.00935	0.01558	0.00623	0.00312	0.00519
5	0.02211	0.01629	0.01745	0.01338	0.01803	0.01803	0.01105	0.73997	0.02734	0.03665	0.01396	0.01396	0.00989	0.00698	0.00582	0.00175	0.00640	0.00524	0.00582	0.00989
6	0.01196	0.00995	0.01153	0.00836	0.01323	0.00757	0.00667	0.01456	0.01207	0.01917	0.01102	0.01282	0.00911	0.00450	0.00429	0.00090	0.00418	0.00360	0.06863	0.76590
7	0.02211	0.01629	0.01745	0.01338	0.01803	0.01803	0.01105	0.73997	0.02734	0.03665	0.01396	0.01396	0.00989	0.00698	0.00582	0.00175	0.00640	0.00524	0.00582	0.00989
8	0.01206	0.01034	0.01206	0.00861	0.01378	0.00775	0.00689	0.01464	0.01206	0.01895	0.01034	0.01206	0.00861	0.00431	0.00431	0.00086	0.00431	0.00345	0.00345	0.83118
9	0.00906	0.00654	0.00816	0.00879	0.00970	0.00647	0.00614	0.10435	0.01327	0.01771	0.02967	0.68953	0.03470	0.01674	0.00721	0.00228	0.00377	0.01505	0.00545	0.00540
10	0.00823	0.00594	0.00777	0.00732	0.00869	0.00549	0.00549	0.01097	0.01646	0.02332	0.75629	0.04344	0.05487	0.01189	0.00686	0.00183	0.00274	0.01052	0.00640	0.00549
11	0.83671	0.01125	0.00855	0.00765	0.01125	0.01305	0.00630	0.01709	0.00990	0.02609	0.00810	0.00945	0.00630	0.00540	0.00360	0.00180	0.00450	0.00315	0.00360	0.00630
12	0.01468	0.01181	0.01262	0.01128	0.01455	0.01333	0.00879	0.02900	0.64222	0.07450	0.02631	0.02419	0.07407	0.00837	0.00599	0.00196	0.00450	0.00696	0.00597	0.00892
13	0.00687	0.00589	0.00589	0.00589	0.00785	0.00491	0.00442	0.00835	0.01325	0.01571	0.05891	0.05596	0.75700	0.01473	0.00687	0.00196	0.00295	0.01227	0.00540	0.00491
14	0.01285	0.01081	0.01248	0.00899	0.01412	0.00856	0.00722	0.07199	0.01327	0.02035	0.01062	0.01221	0.00871	0.00452	0.00443	0.00093	0.00447	0.00359	0.00363	0.76625
15	0.01166	0.03008	0.76550	0.01657	0.02517	0.01351	0.02149	0.01842	0.01228	0.01842	0.01044	0.01228	0.00737	0.00552	0.00552	0.00184	0.00859	0.00430	0.00246	0.00859
16	0.01361	0.01532	0.03278	0.02342	0.02925	0.01423	0.68794	0.01835	0.01361	0.01865	0.01167	0.01544	0.00881	0.00486	0.00669	0.00189	0.00943	0.00663	0.00298	0.06447
17	0.00808	0.00539	0.00657	0.00706	0.00718	0.00527	0.00430	0.00827	0.00936	0.01248	0.02269	0.30734	0.02660	0.46313	0.02116	0.06121	0.00478	0.01112	0.00413	0.00389
18	0.20314	0.01437	0.01516	0.04967	0.01735	0.01592	0.01005	0.48717	0.02184	0.09068	0.01319	0.01349	0.00934	0.00659	0.00533	0.00177	0.00593	0.00482	0.00527	0.00892
19	0.01352	0.01509	0.03098	0.02264	0.02734	0.01533	0.59181	0.01769	0.01275	0.01769	0.01093	0.01509	0.00858	0.00597	0.00933	0.00208	0.16625	0.00650	0.00286	0.00754
20	0.01084	0.00542	0.00542	0.00542	0.00678	0.00542	0.00407	0.01355	0.01220	0.02168	0.01897	0.02168	0.01491	0.00678	0.00407	0.00136	0.00271	0.00542	0.82791	0.00542
21	0.01084	0.00542	0.00542	0.00542	0.00678	0.00542	0.00407	0.01355	0.01220	0.02168	0.01897	0.02168	0.01491	0.00678	0.00407	0.00136	0.00271	0.00542	0.82791	0.00542
22	0.01084	0.00542	0.00542	0.00542	0.00678	0.00542	0.00407	0.01355	0.01220	0.02168	0.01897	0.02168	0.01491	0.00678	0.00407	0.00136	0.00271	0.00542	0.82791	0.00542

[dist]
# distance from previous block
# <min> <max>
0	1

[block]
# block no. 2 follows, 40 sequences, length 13
# corresponding to MSA columns:
# 686-698
name=unknown_C
#
# <colnr> <probs for GDERKNQSTAVLIFYWHMCP>
#	G	D	E	R	K	N	Q	S	T	A	V	L	I	F	Y	W	H	M	C	P
0	0.01260	0.01370	0.05364	0.07997	0.02076	0.01622	0.16612	0.01512	0.01031	0.01522	0.00911	0.01389	0.00811	0.00960	0.03947	0.00256	0.49874	0.00547	0.00265	0.00674
1	0.01187	0.00911	0.01086	0.00872	0.01251	0.00741	0.00672	0.04654	0.01280	0.05946	0.01807	0.21273	0.03724	0.00842	0.00533	0.00137	0.00416	0.00724	0.00431	0.51513
2	0.01367	0.01552	0.03339	0.02399	0.02955	0.01488	0.69765	0.01837	0.01346	0.01837	0.01153	0.01552	0.00876	0.00520	0.00755	0.00199	0.05317	0.00676	0.00292	0.00776
3	0.65244	0.01245	0.00933	0.00842	0.01169	0.09571	0.00675	0.01707	0.01137	0.02447	0.09364	0.01344	0.01198	0.00620	0.00415	0.00177	0.00496	0.00406	0.00385	0.00625
4	0.01297	0.01344	0.02183	0.01752	0.01895	0.01706	0.18942	0.01512	0.01008	0.01512	0.00864	0.01344	0.00792	0.00889	0.01611	0.00240	0.59619	0.00552	0.00264	0.00672
5	0.01215	0.12650	0.67334	0.01574	0.02388	0.01470	0.02004	0.01829	0.01222	0.01782	0.01014	0.01191	0.00738	0.00546	0.00530	0.00177	0.00830	0.00415	0.00246	0.00845
6	0.02128	0.01519	0.01658	0.01264	0.01734	0.01624	0.01042	0.61064	0.02492	0.08528	0.01419	0.01416	0.01006	0.00670	0.00565	0.00165	0.00607	0.00508	0.00565	0.10024
7	0.07893	0.01060	0.01705	0.67759	0.07679	0.01298	0.01543	0.01520	0.01157	0.01600	0.01018	0.01495	0.00771	0.00575	0.00563	0.00192	0.00744	0.00500	0.00268	0.00660
8	0.02063	0.01552	0.01713	0.07631	0.01962	0.01735	0.01133	0.62780	0.07964	0.03395	0.01439	0.01466	0.01030	0.00695	0.00582	0.00178	0.00638	0.00533	0.00556	0.00956
9	0.05244	0.01038	0.01700	0.74279	0.03861	0.01293	0.01566	0.01497	0.01154	0.01542	0.01022	0.01520	0.00768	0.00579	0.00570	0.00193	0.00759	0.00507	0.00263	0.00645
10	0.02116	0.02466	0.01674	0.01472	0.01780	0.58713	0.01131	0.14862	0.01786	0.01816	0.00977	0.01125	0.00792	0.00646	0.00631	0.00161	0.06367	0.00410	0.00346	0.00727
11	0.02005	0.01453	0.01577	0.01235	0.01626	0.01599	0.00997	0.62245	0.02424	0.03248	0.01397	0.01612	0.01077	0.06866	0.00906	0.07147	0.00623	0.00547	0.00537	0.00878
12	0.02241	0.01580	0.01715	0.01315	0.01779	0.01731	0.01086	0.68531	0.02652	0.09247	0.01465	0.01441	0.01024	0.00700	0.00582	0.00175	0.00629	0.00528	0.00592	0.00989

[dist]
# distance from previous block
# <min> <max>
0	1

[block]
# block no. 3 follows, 40 sequences, length 8
# corresponding to MSA columns:
# 700-707
name=unknown_D
#
# <colnr> <probs for GDERKNQSTAVLIFYWHMCP>
#	G	D	E	R	K	N	Q	S	T	A	V	L	I	F	Y	W	H	M	C	P
0	0.83671	0.01125	0.00855	0.00765	0.01125	0.01305	0.00630	0.01709	0.00990	0.02609	0.00810	0.00945	0.00630	0.00540	0.00360	0.00180	0.00450	0.00315	0.00360	0.00630
1	0.02108	0.01549	0.01662	0.01285	0.01716	0.01711	0.01049	0.68519	0.02593	0.03475	0.01429	0.01577	0.01073	0.06603	0.00760	0.00204	0.00634	0.00548	0.00565	0.00941
2	0.01297	0.01088	0.01255	0.00905	0.01417	0.00869	0.00727	0.08071	0.01345	0.02056	0.01067	0.01223	0.00873	0.00455	0.00444	0.00094	0.00450	0.00361	0.00366	0.75637
3	0.00998	0.00636	0.00818	0.00748	0.00925	0.00575	0.00570	0.01253	0.01613	0.10096	0.60299	0.04229	0.12663	0.01170	0.00675	0.00184	0.00300	0.01021	0.00638	0.00589
4	0.01206	0.01034	0.01206	0.00861	0.01378	0.00775	0.00689	0.01464	0.01206	0.01895	0.01034	0.01206	0.00861	0.00431	0.00431	0.00086	0.00431	0.00345	0.00345	0.83118
5	0.01601	0.01465	0.02775	0.02002	0.02552	0.01385	0.49431	0.11671	0.01572	0.10005	0.01311	0.01555	0.00954	0.00537	0.00638	0.00181	0.00832	0.00622	0.00383	0.08528
6	0.05891	0.01244	0.01447	0.01131	0.01572	0.01258	0.00926	0.26592	0.10682	0.35015	0.01853	0.01710	0.01254	0.00694	0.00564	0.00174	0.00533	0.00545	0.00618	0.06298
7	0.01331	0.01438	0.02828	0.02057	0.02547	0.01404	0.51272	0.01730	0.01274	0.01799	0.01092	0.01466	0.00861	0.00559	0.00826	0.00187	0.12372	0.00605	0.00296	0.14054

[dist]
# distance from previous block
# <min> <max>
11	17

[block]
# block no. 4 follows, 40 sequences, length 10
# corresponding to MSA columns:
# 725-734
name=unknown_E
#
# <colnr> <probs for GDERKNQSTAVLIFYWHMCP>
#	G	D	E	R	K	N	Q	S	T	A	V	L	I	F	Y	W	H	M	C	P
0	0.00709	0.00506	0.00675	0.00810	0.00843	0.00472	0.00540	0.00810	0.01113	0.01484	0.03205	0.79184	0.03846	0.01822	0.00742	0.00236	0.00337	0.01653	0.00540	0.00472
1	0.01446	0.01249	0.01315	0.01183	0.01512	0.01446	0.00920	0.03090	0.74885	0.02433	0.02367	0.02170	0.01775	0.00789	0.00592	0.00197	0.00460	0.00657	0.00592	0.00920
2	0.01584	0.56115	0.14966	0.01153	0.01705	0.02074	0.01201	0.12034	0.01410	0.01773	0.00931	0.01047	0.00779	0.00535	0.00432	0.00141	0.00664	0.00361	0.00296	0.00799
3	0.00929	0.00898	0.00765	0.00739	0.00924	0.11418	0.00542	0.01076	0.01359	0.01589	0.12433	0.04634	0.50002	0.09095	0.00890	0.00225	0.00426	0.01049	0.00498	0.00510
4	0.00894	0.00715	0.01055	0.01019	0.01108	0.00877	0.00804	0.01090	0.00928	0.01357	0.01445	0.02141	0.01356	0.03886	0.66542	0.00838	0.12500	0.00607	0.00303	0.00536
5	0.01373	0.01569	0.03431	0.02451	0.03039	0.01471	0.73824	0.01863	0.01373	0.01863	0.01176	0.01569	0.00882	0.00490	0.00686	0.00196	0.00980	0.00686	0.00294	0.00784
6	0.01901	0.13308	0.01787	0.01353	0.01685	0.43883	0.01067	0.06210	0.16947	0.01746	0.01215	0.01294	0.00977	0.00645	0.00571	0.00161	0.03694	0.00438	0.00367	0.00751
7	0.01368	0.01309	0.02231	0.19189	0.60874	0.01363	0.01749	0.01722	0.01290	0.01813	0.01081	0.01463	0.00891	0.00531	0.00577	0.00177	0.00709	0.00518	0.00282	0.00864
8	0.01373	0.01569	0.03431	0.02451	0.03039	0.01471	0.73824	0.01863	0.01373	0.01863	0.01176	0.01569	0.00882	0.00490	0.00686	0.00196	0.00980	0.00686	0.00294	0.00784
9	0.01439	0.01382	0.02360	0.03569	0.75936	0.01382	0.01785	0.01785	0.01324	0.01900	0.01094	0.01439	0.00921	0.00518	0.00576	0.00173	0.00691	0.00518	0.00288	0.00921

[dist]
# distance from previous block
# <min> <max>
0	1

[block]
# block no. 5 follows, 40 sequences, length 11
# corresponding to MSA columns:
# 736-746
name=unknown_F
#
# <colnr> <probs for GDERKNQSTAVLIFYWHMCP>
#	G	D	E	R	K	N	Q	S	T	A	V	L	I	F	Y	W	H	M	C	P
0	0.00709	0.00506	0.00675	0.00810	0.00843	0.00472	0.00540	0.00810	0.01113	0.01484	0.03205	0.79184	0.03846	0.01822	0.00742	0.00236	0.00337	0.01653	0.00540	0.00472
1	0.01137	0.01087	0.01752	0.61160	0.03455	0.01401	0.01539	0.01467	0.01102	0.01467	0.00974	0.01489	0.00773	0.00678	0.00876	0.00207	0.18021	0.00515	0.00258	0.00644
2	0.01439	0.01382	0.02360	0.03569	0.75936	0.01382	0.01785	0.01785	0.01324	0.01900	0.01094	0.01439	0.00921	0.00518	0.00576	0.00173	0.00691	0.00518	0.00288	0.00921
3	0.01373	0.01569	0.03431	0.02451	0.03039	0.01471	0.73824	0.01863	0.01373	0.01863	0.01176	0.01569	0.00882	0.00490	0.00686	0.00196	0.00980	0.00686	0.00294	0.00784
4	0.01147	0.01102	0.01536	0.01368	0.01375	0.01491	0.01110	0.01269	0.00940	0.01418	0.01305	0.18560	0.01447	0.01196	0.01650	0.00250	0.61156	0.00763	0.00318	0.00600
5	0.02211	0.01629	0.01745	0.01338	0.01803	0.01803	0.01105	0.73997	0.02734	0.03665	0.01396	0.01396	0.00989	0.00698	0.00582	0.00175	0.00640	0.00524	0.00582	0.00989
6	0.01555	0.79913	0.03047	0.00995	0.01493	0.02301	0.00995	0.01741	0.01182	0.01368	0.00808	0.00933	0.00746	0.00498	0.00373	0.00124	0.00622	0.00311	0.00249	0.00746
7	0.01206	0.01034	0.01206	0.00861	0.01378	0.00775	0.00689	0.01464	0.01206	0.01895	0.01034	0.01206	0.00861	0.00431	0.00431	0.00086	0.00431	0.00345	0.00345	0.83118
8	0.00893	0.00668	0.00838	0.00783	0.00941	0.00650	0.00591	0.01322	0.09917	0.02343	0.67355	0.04098	0.05068	0.01144	0.00675	0.00185	0.00295	0.01007	0.00635	0.00591
9	0.01148	0.00770	0.01183	0.00966	0.01202	0.00748	0.16697	0.01468	0.01253	0.02100	0.01737	0.02035	0.01356	0.00636	0.00469	0.00149	0.00428	0.00574	0.64486	0.00596
10	0.01174	0.01000	0.01172	0.00858	0.01344	0.00756	0.00679	0.01422	0.01200	0.01869	0.01173	0.06202	0.01053	0.00520	0.00451	0.00096	0.00425	0.00428	0.00357	0.77822

[dist]
# distance from previous block
# <min> <max>
16	26

[block]
# block no. 6 follows, 40 sequences, length 28
# corresponding to MSA columns:
# 780-807
name=unknown_G
#
# <colnr> <probs for GDERKNQSTAVLIFYWHMCP>
#	G	D	E	R	K	N	Q	S	T	A	V	L	I	F	Y	W	H	M	C	P
0	0.01439	0.01382	0.02360	0.03569	0.75936	0.01382	0.01785	0.01785	0.01324	0.01900	0.01094	0.01439	0.00921	0.00518	0.00576	0.00173	0.00691	0.00518	0.00288	0.00921
1	0.01188	0.01157	0.01615	0.01419	0.01424	0.01585	0.01162	0.01311	0.00924	0.01412	0.01130	0.12968	0.01226	0.01139	0.01733	0.00252	0.66765	0.00681	0.00297	0.00612
2	0.01054	0.00769	0.00962	0.00997	0.01170	0.00786	0.00792	0.01571	0.17153	0.04951	0.06612	0.25374	0.03107	0.01398	0.00715	0.00231	0.00446	0.28368	0.00556	0.02988
3	0.76416	0.01117	0.00933	0.07565	0.01378	0.01303	0.00716	0.01690	0.01005	0.02510	0.00829	0.00998	0.00643	0.00543	0.00379	0.00181	0.00478	0.00333	0.00351	0.00631
4	0.02211	0.01629	0.01745	0.01338	0.01803	0.01803	0.01105	0.73997	0.02734	0.03665	0.01396	0.01396	0.00989	0.00698	0.00582	0.00175	0.00640	0.00524	0.00582	0.00989
5	0.02091	0.01535	0.01648	0.01276	0.01701	0.01694	0.01039	0.67570	0.02568	0.03442	0.01434	0.01608	0.01088	0.07627	0.00791	0.00209	0.00633	0.00552	0.00562	0.00933
6	0.01206	0.01034	0.01206	0.00861	0.01378	0.00775	0.00689	0.01464	0.01206	0.01895	0.01034	0.01206	0.00861	0.00431	0.00431	0.00086	0.00431	0.00345	0.00345	0.83118
7	0.01090	0.00987	0.01658	0.71364	0.03720	0.01223	0.01517	0.01422	0.01127	0.01444	0.01032	0.01569	0.00796	0.00708	0.00730	0.07476	0.00751	0.00516	0.00258	0.00611
8	0.08112	0.01561	0.01566	0.01258	0.01670	0.06284	0.01020	0.49651	0.14724	0.03193	0.04075	0.01575	0.01238	0.00713	0.00567	0.00178	0.00608	0.00540	0.00552	0.00916
9	0.02211	0.01629	0.01745	0.01338	0.01803	0.01803	0.01105	0.73997	0.02734	0.03665	0.01396	0.01396	0.00989	0.00698	0.00582	0.00175	0.00640	0.00524	0.00582	0.00989
10	0.01536	0.76298	0.06502	0.01026	0.01541	0.02256	0.01049	0.01746	0.01184	0.01390	0.00820	0.00947	0.00746	0.00500	0.00382	0.00127	0.00633	0.00317	0.00249	0.00752
11	0.01010	0.00505	0.00758	0.00758	0.00758	0.00505	0.00505	0.00758	0.00758	0.01010	0.01010	0.01768	0.01010	0.02020	0.02273	0.83081	0.00505	0.00505	0.00253	0.00253
12	0.00807	0.00547	0.00646	0.00684	0.00694	0.00538	0.00406	0.00835	0.00922	0.01229	0.02223	0.25286	0.02608	0.57410	0.02328	0.00470	0.00499	0.01076	0.00406	0.00387
13	0.00939	0.00742	0.01108	0.00952	0.01045	0.00750	0.11432	0.01027	0.00931	0.01258	0.01684	0.03310	0.01851	0.61418	0.06074	0.00515	0.03391	0.00800	0.00338	0.00435
14	0.01414	0.01356	0.02315	0.09085	0.70617	0.01375	0.01772	0.01763	0.01312	0.01869	0.01089	0.01447	0.00910	0.00523	0.00576	0.00174	0.00697	0.00518	0.00286	0.00901
15	0.01561	0.01306	0.01380	0.01207	0.01556	0.01500	0.00948	0.13735	0.64054	0.02618	0.02221	0.02054	0.01657	0.00775	0.00590	0.00194	0.00487	0.00637	0.00590	0.00931
16	0.01219	0.01046	0.01212	0.00879	0.01386	0.00813	0.00702	0.01555	0.05318	0.01925	0.01108	0.01260	0.00912	0.00451	0.00440	0.00092	0.00432	0.00362	0.00358	0.78530
17	0.00709	0.00506	0.00675	0.00810	0.00843	0.00472	0.00540	0.00810	0.01113	0.01484	0.03205	0.79184	0.03846	0.01822	0.00742	0.00236	0.00337	0.01653	0.00540	0.00472
18	0.01206	0.01034	0.01206	0.00861	0.01378	0.00775	0.00689	0.01464	0.01206	0.01895	0.01034	0.01206	0.00861	0.00431	0.00431	0.00086	0.00431	0.00345	0.00345	0.83118
19	0.01446	0.01249	0.01315	0.01183	0.01512	0.01446	0.00920	0.03090	0.74885	0.02433	0.02367	0.02170	0.01775	0.00789	0.00592	0.00197	0.00460	0.00657	0.00592	0.00920
20	0.00754	0.00647	0.00653	0.00641	0.00849	0.00575	0.00484	0.01033	0.07788	0.01647	0.05581	0.05295	0.69205	0.01413	0.00679	0.00196	0.00309	0.01177	0.00545	0.00529
21	0.00687	0.00589	0.00589	0.00589	0.00785	0.00491	0.00442	0.00835	0.01325	0.01571	0.05891	0.05596	0.75700	0.01473	0.00687	0.00196	0.00295	0.01227	0.00540	0.00491
22	0.83671	0.01125	0.00855	0.00765	0.01125	0.01305	0.00630	0.01709	0.00990	0.02609	0.00810	0.00945	0.00630	0.00540	0.00360	0.00180	0.00450	0.00315	0.00360	0.00630
23	0.02211	0.01629	0.01745	0.01338	0.01803	0.01803	0.01105	0.73997	0.02734	0.03665	0.01396	0.01396	0.00989	0.00698	0.00582	0.00175	0.00640	0.00524	0.00582	0.00989
24	0.01206	0.01034	0.01206	0.00861	0.01378	0.00775	0.00689	0.01464	0.01206	0.01895	0.01034	0.01206	0.00861	0.00431	0.00431	0.00086	0.00431	0.00345	0.00345	0.83118
25	0.01446	0.01249	0.01315	0.01183	0.01512	0.01446	0.00920	0.03090	0.74885	0.02433	0.02367	0.02170	0.01775	0.00789	0.00592	0.00197	0.00460	0.00657	0.00592	0.00920
26	0.01419	0.01361	0.02324	0.07921	0.71739	0.01376	0.01775	0.01767	0.01315	0.01876	0.01090	0.01446	0.00913	0.00522	0.00576	0.00174	0.00696	0.00518	0.00286	0.00905
27	0.02115	0.01531	0.01640	0.01475	0.01842	0.01560	0.01100	0.03150	0.52646	0.14745	0.02994	0.03017	0.06475	0.01164	0.00827	0.00293	0.00646	0.00840	0.00774	0.01166

[dist]
# distance from previous block
# <min> <max>
0	1

[block]
# block no. 7 follows, 40 sequences, length 27
# corresponding to MSA columns:
# 809-835
name=unknown_H
#
# <colnr> <probs for GDERKNQSTAVLIFYWHMCP>
#	G	D	E	R	K	N	Q	S	T	A	V	L	I	F	Y	W	H	M	C	P
0	0.01653	0.01357	0.01433	0.01256	0.01606	0.01517	0.00976	0.15429	0.57310	0.02714	0.04219	0.02315	0.03682	0.00872	0.00642	0.00213	0.00522	0.00692	0.00624	0.00966
1	0.02551	0.01003	0.01348	0.01042	0.01486	0.00884	0.00858	0.02847	0.05301	0.72667	0.02298	0.01989	0.01456	0.00723	0.00585	0.00181	0.00493	0.00588	0.00713	0.00986
2	0.01206	0.01034	0.01206	0.00861	0.01378	0.00775	0.00689	0.01464	0.01206	0.01895	0.01034	0.01206	0.00861	0.00431	0.00431	0.00086	0.00431	0.00345	0.00345	0.83118
3	0.00899	0.00605	0.00678	0.00662	0.00680	0.00612	0.00382	0.03705	0.00919	0.01227	0.01815	0.03711	0.02070	0.76480	0.02867	0.00549	0.00567	0.00833	0.00361	0.00377
4	0.01439	0.01382	0.02360	0.03569	0.75936	0.01382	0.01785	0.01785	0.01324	0.01900	0.01094	0.01439	0.00921	0.00518	0.00576	0.00173	0.00691	0.00518	0.00288	0.00921
5	0.00687	0.00589	0.00589	0.00589	0.00785	0.00491	0.00442	0.00835	0.01325	0.01571	0.05891	0.05596	0.75700	0.01473	0.00687	0.00196	0.00295	0.01227	0.00540	0.00491
6	0.01206	0.01034	0.01206	0.00861	0.01378	0.00775	0.00689	0.01464	0.01206	0.01895	0.01034	0.01206	0.00861	0.00431	0.00431	0.00086	0.00431	0.00345	0.00345	0.83118
7	0.01439	0.01382	0.02360	0.03569	0.75936	0.01382	0.01785	0.01785	0.01324	0.01900	0.01094	0.01439	0.00921	0.00518	0.00576	0.00173	0.00691	0.00518	0.00288	0.00921
8	0.01446	0.01249	0.01315	0.01183	0.01512	0.01446	0.00920	0.03090	0.74885	0.02433	0.02367	0.02170	0.01775	0.00789	0.00592	0.00197	0.00460	0.00657	0.00592	0.00920
9	0.01373	0.01569	0.03431	0.02451	0.03039	0.01471	0.73824	0.01863	0.01373	0.01863	0.01176	0.01569	0.00882	0.00490	0.00686	0.00196	0.00980	0.00686	0.00294	0.00784
10	0.07157	0.00997	0.01322	0.01019	0.01464	0.00880	0.00842	0.02771	0.01627	0.72202	0.02211	0.01921	0.01394	0.00710	0.00572	0.00180	0.00492	0.00570	0.00700	0.00969
11	0.02168	0.01608	0.01721	0.01329	0.01787	0.01783	0.01095	0.70018	0.06782	0.03596	0.01451	0.01440	0.01033	0.00703	0.00582	0.00176	0.00630	0.00531	0.00582	0.00985
12	0.02014	0.01439	0.01535	0.01199	0.01607	0.01583	0.00983	0.61295	0.02469	0.03403	0.01484	0.01531	0.01077	0.00694	0.00551	0.00168	0.00575	0.00527	0.14956	0.00911
13	0.02172	0.02772	0.01648	0.01498	0.01798	0.77228	0.01124	0.02322	0.01648	0.01423	0.00899	0.01049	0.00749	0.00599	0.00524	0.00150	0.01049	0.00375	0.00300	0.00674
14	0.00709	0.00506	0.00675	0.00810	0.00843	0.00472	0.00540	0.00810	0.01113	0.01484	0.03205	0.79184	0.03846	0.01822	0.00742	0.00236	0.00337	0.01653	0.00540	0.00472
15	0.00781	0.00567	0.00754	0.00853	0.00935	0.00527	0.00617	0.00931	0.01193	0.01606	0.07859	0.57581	0.03716	0.01672	0.00733	0.00231	0.00373	0.13851	0.00536	0.04684
16	0.07966	0.00999	0.01317	0.01017	0.01461	0.00884	0.00840	0.02760	0.01620	0.71466	0.02196	0.01911	0.01386	0.00708	0.00570	0.00180	0.00492	0.00567	0.00696	0.00966
17	0.00709	0.00506	0.00675	0.00810	0.00843	0.00472	0.00540	0.00810	0.01113	0.01484	0.03205	0.79184	0.03846	0.01822	0.00742	0.00236	0.00337	0.01653	0.00540	0.00472
18	0.01293	0.00694	0.00924	0.00818	0.01032	0.00625	0.00630	0.01543	0.01616	0.22070	0.51228	0.08657	0.04296	0.01105	0.00663	0.00186	0.00337	0.00967	0.00655	0.00662
19	0.01634	0.15084	0.01642	0.01142	0.01521	0.07457	0.00930	0.02678	0.44398	0.10042	0.01899	0.01792	0.01429	0.00696	0.00539	0.00173	0.00537	0.00550	0.00509	0.05350
20	0.01279	0.01162	0.01817	0.56236	0.03395	0.01422	0.04459	0.11303	0.01354	0.01787	0.01059	0.01500	0.00807	0.00642	0.00732	0.00198	0.09325	0.00524	0.00303	0.00697
21	0.01284	0.01313	0.02225	0.05598	0.02138	0.01448	0.25873	0.01575	0.01132	0.01661	0.00972	0.01374	0.00824	0.00698	0.01127	0.00198	0.32439	0.00537	0.00286	0.17298
22	0.69228	0.01096	0.00972	0.00854	0.01197	0.01244	0.03761	0.01702	0.03967	0.02509	0.04759	0.04490	0.01066	0.00634	0.00416	0.00184	0.00459	0.00438	0.00388	0.00637
23	0.01313	0.01090	0.01254	0.00920	0.01410	0.00902	0.00737	0.09887	0.03301	0.02132	0.04158	0.01381	0.01089	0.00502	0.00463	0.00103	0.00449	0.00402	0.00390	0.68117
24	0.01988	0.01210	0.01385	0.01116	0.01511	0.01256	0.00904	0.26957	0.17143	0.26583	0.04488	0.02250	0.08904	0.00816	0.00598	0.00183	0.00511	0.00657	0.00626	0.00912
25	0.01255	0.19194	0.47718	0.11133	0.06183	0.01549	0.01816	0.01773	0.01215	0.01699	0.00994	0.01215	0.00753	0.00543	0.00519	0.00172	0.00789	0.00420	0.00250	0.00812
26	0.29885	0.01412	0.12267	0.01070	0.01508	0.01257	0.00983	0.07632	0.16374	0.15195	0.05762	0.01643	0.01325	0.00673	0.00510	0.00184	0.00524	0.00506	0.00485	0.00807

[dist]
# distance from previous block
# <min> <max>
0	8

[block]
# block no. 8 follows, 40 sequences, length 6
# corresponding to MSA columns:
# 844-849
name=unknown_I
#
# <colnr> <probs for GDERKNQSTAVLIFYWHMCP>
#	G	D	E	R	K	N	Q	S	T	A	V	L	I	F	Y	W	H	M	C	P
0	0.38775	0.01097	0.07269	0.02974	0.01290	0.01039	0.00809	0.01531	0.05471	0.02150	0.03791	0.15279	0.04793	0.00936	0.00531	0.00198	0.00471	0.07890	0.00424	0.03282
1	0.02076	0.04177	0.07460	0.01279	0.01683	0.26584	0.01074	0.13222	0.06091	0.23402	0.01608	0.06058	0.01227	0.00726	0.00565	0.00172	0.00723	0.00552	0.00489	0.00832
2	0.01447	0.46416	0.23025	0.01223	0.01776	0.07780	0.01318	0.01772	0.01243	0.01532	0.01060	0.01468	0.00949	0.00608	0.00468	0.00154	0.00714	0.06016	0.00275	0.00755
3	0.01497	0.00940	0.01148	0.00880	0.01308	0.00750	0.00698	0.01732	0.01311	0.20368	0.01619	0.09343	0.01345	0.00658	0.00499	0.00128	0.00428	0.00549	0.05432	0.49369
4	0.01159	0.01144	0.02034	0.58932	0.03635	0.01363	0.13852	0.01543	0.01176	0.01543	0.01035	0.01530	0.00792	0.00602	0.00710	0.00199	0.07272	0.00545	0.00264	0.00669
5	0.05031	0.29199	0.34379	0.01523	0.07800	0.01650	0.03991	0.01866	0.01244	0.06837	0.01046	0.01193	0.00803	0.00540	0.00491	0.00163	0.00725	0.00410	0.00289	0.00822

[dist]
# distance from previous block
# <min> <max>
2	4

[block]
# block no. 9 follows, 40 sequences, length 14
# corresponding to MSA columns:
# 854-867
name=unknown_J
#
# <colnr> <probs for GDERKNQSTAVLIFYWHMCP>
#	G	D	E	R	K	N	Q	S	T	A	V	L	I	F	Y	W	H	M	C	P
0	0.01323	0.01339	0.01850	0.04664	0.01744	0.04573	0.06436	0.01627	0.07789	0.01532	0.00957	0.01379	0.00865	0.00925	0.01593	0.00239	0.59669	0.00531	0.00290	0.00675
1	0.01022	0.00667	0.00789	0.00750	0.00820	0.00753	0.00545	0.01181	0.01033	0.01669	0.01678	0.02549	0.01571	0.25667	0.06531	0.00341	0.12579	0.00637	0.38722	0.00496
2	0.00977	0.00727	0.00923	0.00911	0.00991	0.00807	0.00676	0.05541	0.01239	0.01792	0.10250	0.37691	0.02870	0.04071	0.00955	0.00225	0.14058	0.01112	0.13635	0.00548
3	0.05766	0.01031	0.01121	0.00983	0.01241	0.01103	0.00758	0.30165	0.04562	0.02554	0.02025	0.24474	0.01959	0.03817	0.00671	0.00200	0.00467	0.00861	0.14007	0.02237
4	0.04069	0.00815	0.00966	0.00831	0.01111	0.00744	0.00642	0.01546	0.09518	0.09219	0.31180	0.07093	0.09886	0.00968	0.00601	0.00167	0.00362	0.00829	0.00553	0.18901
5	0.01183	0.01222	0.02467	0.01847	0.02264	0.01171	0.45969	0.01551	0.01221	0.01687	0.01370	0.04608	0.01194	0.06300	0.18522	0.00385	0.01037	0.00698	0.00313	0.04991
6	0.54981	0.01069	0.03528	0.00833	0.01172	0.01096	0.00691	0.01653	0.01092	0.09155	0.01371	0.14273	0.01263	0.00768	0.00456	0.00185	0.00448	0.00571	0.00419	0.04976
7	0.10108	0.04583	0.01591	0.05225	0.01753	0.01583	0.01021	0.39865	0.15198	0.10867	0.01564	0.01541	0.01121	0.00687	0.00553	0.00179	0.00580	0.00524	0.00546	0.00913
8	0.19533	0.02406	0.50261	0.01498	0.04751	0.01383	0.01703	0.08465	0.01317	0.02182	0.01026	0.01188	0.00743	0.00562	0.00513	0.00182	0.00743	0.00416	0.00303	0.00823
9	0.01191	0.01128	0.01911	0.57969	0.23480	0.01316	0.01661	0.01567	0.01206	0.01598	0.01050	0.01520	0.00815	0.00564	0.00580	0.00188	0.00752	0.00517	0.00266	0.00720
10	0.01412	0.01396	0.02677	0.01952	0.02438	0.01350	0.46253	0.01794	0.01297	0.06740	0.01169	0.01492	0.00899	0.00567	0.00801	0.00184	0.11389	0.00595	0.00326	0.15270
11	0.01902	0.01195	0.01610	0.19722	0.13990	0.06528	0.01205	0.02255	0.05302	0.34151	0.01709	0.01851	0.01212	0.00670	0.00582	0.00182	0.00630	0.02552	0.00493	0.02259
12	0.05152	0.01178	0.01465	0.01106	0.01571	0.01100	0.04121	0.19456	0.01742	0.30956	0.01620	0.01609	0.01132	0.02240	0.00587	0.00162	0.00534	0.00504	0.00544	0.23221
13	0.01137	0.02073	0.42406	0.01448	0.03820	0.01104	0.04802	0.01625	0.01234	0.01821	0.01391	0.07310	0.01238	0.00710	0.00569	0.00174	0.00699	0.07115	0.00318	0.19007

[dist]
# distance from previous block
# <min> <max>
18	22

[block]
# block no. 10 follows, 40 sequences, length 7
# corresponding to MSA columns:
# 892-898
name=unknown_K
#
# <colnr> <probs for GDERKNQSTAVLIFYWHMCP>
#	G	D	E	R	K	N	Q	S	T	A	V	L	I	F	Y	W	H	M	C	P
0	0.33946	0.00835	0.00826	0.00760	0.01016	0.00868	0.00604	0.01423	0.01324	0.07207	0.27201	0.03124	0.13474	0.00961	0.00555	0.00188	0.00375	0.04199	0.00514	0.00601
1	0.01381	0.01322	0.02255	0.16293	0.63666	0.01366	0.01756	0.01734	0.01297	0.01829	0.01084	0.01458	0.00896	0.00529	0.00577	0.00176	0.00705	0.00518	0.00283	0.00874
2	0.01473	0.01054	0.01161	0.01028	0.01345	0.01123	0.00811	0.05551	0.40758	0.13951	0.03134	0.03048	0.18391	0.00960	0.00620	0.00196	0.00439	0.03537	0.00598	0.00823
3	0.01435	0.01103	0.01266	0.00973	0.01429	0.00981	0.00775	0.08710	0.13906	0.08091	0.01480	0.04495	0.01192	0.00594	0.00497	0.00127	0.00457	0.00485	0.00447	0.51557
4	0.04617	0.00558	0.00661	0.00745	0.00831	0.00521	0.00510	0.00860	0.01143	0.01538	0.03652	0.53802	0.20632	0.06064	0.00836	0.00243	0.00345	0.01444	0.00521	0.00477
5	0.66810	0.01006	0.00791	0.00719	0.01033	0.01149	0.00584	0.01637	0.01037	0.02519	0.01032	0.01194	0.00806	0.00568	0.00369	0.00171	0.00413	0.00361	0.17189	0.00612
6	0.66813	0.01106	0.01036	0.16567	0.01713	0.01302	0.00831	0.01664	0.01025	0.02380	0.00855	0.01068	0.00659	0.00548	0.00405	0.00183	0.00516	0.00356	0.00339	0.00633

[dist]
# distance from previous block
# <min> <max>
0	2

[block]
# block no. 11 follows, 40 sequences, length 16
# corresponding to MSA columns:
# 901-916
name=unknown_L
#
# <colnr> <probs for GDERKNQSTAVLIFYWHMCP>
#	G	D	E	R	K	N	Q	S	T	A	V	L	I	F	Y	W	H	M	C	P
0	0.01102	0.01022	0.01454	0.01298	0.01338	0.01374	0.01062	0.01260	0.00908	0.01380	0.01070	0.01663	0.01030	0.02308	0.30995	0.00517	0.48798	0.00553	0.00276	0.00591
1	0.01373	0.01569	0.03431	0.02451	0.03039	0.01471	0.73824	0.01863	0.01373	0.01863	0.01176	0.01569	0.00882	0.00490	0.00686	0.00196	0.00980	0.00686	0.00294	0.00784
2	0.83671	0.01125	0.00855	0.00765	0.01125	0.01305	0.00630	0.01709	0.00990	0.02609	0.00810	0.00945	0.00630	0.00540	0.00360	0.00180	0.00450	0.00315	0.00360	0.00630
3	0.02211	0.01629	0.01745	0.01338	0.01803	0.01803	0.01105	0.73997	0.02734	0.03665	0.01396	0.01396	0.00989	0.00698	0.00582	0.00175	0.00640	0.00524	0.00582	0.00989
4	0.01528	0.01340	0.01358	0.01207	0.01544	0.04759	0.00941	0.07735	0.66945	0.02470	0.02239	0.02070	0.01679	0.00775	0.00588	0.00194	0.00498	0.00636	0.00578	0.00914
5	0.01526	0.74303	0.08409	0.01043	0.01567	0.02232	0.01079	0.01749	0.01185	0.01403	0.00826	0.00954	0.00746	0.00502	0.00386	0.00129	0.00639	0.00320	0.00249	0.00755
6	0.02211	0.01629	0.01745	0.01338	0.01803	0.01803	0.01105	0.73997	0.02734	0.03665	0.01396	0.01396	0.00989	0.00698	0.00582	0.00175	0.00640	0.00524	0.00582	0.00989
7	0.00709	0.00506	0.00675	0.00810	0.00843	0.00472	0.00540	0.00810	0.01113	0.01484	0.03205	0.79184	0.03846	0.01822	0.00742	0.00236	0.00337	0.01653	0.00540	0.00472
8	0.02174	0.02713	0.01653	0.01490	0.01798	0.73364	0.01123	0.05994	0.01704	0.01538	0.00924	0.01066	0.00761	0.00604	0.00527	0.00151	0.01028	0.00382	0.00314	0.00690
9	0.01564	0.01247	0.01336	0.01179	0.01523	0.01419	0.00924	0.06150	0.66411	0.07877	0.02319	0.02122	0.01717	0.00780	0.00591	0.00195	0.00471	0.00646	0.00601	0.00928
10	0.01166	0.03008	0.76550	0.01657	0.02517	0.01351	0.02149	0.01842	0.01228	0.01842	0.01044	0.01228	0.00737	0.00552	0.00552	0.00184	0.00859	0.00430	0.00246	0.00859
11	0.01098	0.01034	0.01744	0.78165	0.04005	0.01292	0.01615	0.01486	0.01163	0.01486	0.01034	0.01550	0.00775	0.00581	0.00581	0.00194	0.00775	0.00517	0.00258	0.00646
12	0.01206	0.01034	0.01206	0.00861	0.01378	0.00775	0.00689	0.01464	0.01206	0.01895	0.01034	0.01206	0.00861	0.00431	0.00431	0.00086	0.00431	0.00345	0.00345	0.83118
13	0.00937	0.00669	0.00937	0.01071	0.01205	0.00669	0.00937	0.01205	0.01339	0.01740	0.03079	0.06560	0.03347	0.01606	0.00803	0.00268	0.00535	0.72021	0.00535	0.00535
14	0.01555	0.79913	0.03047	0.00995	0.01493	0.02301	0.00995	0.01741	0.01182	0.01368	0.00808	0.00933	0.00746	0.00498	0.00373	0.00124	0.00622	0.00311	0.00249	0.00746
15	0.00949	0.00810	0.00843	0.00796	0.01033	0.00813	0.00608	0.01603	0.25891	0.01905	0.08953	0.04377	0.46765	0.01227	0.00655	0.00196	0.00349	0.01026	0.00563	0.00638

[dist]
# distance from previous block
# <min> <max>
1	52

[block]
# block no. 12 follows, 40 sequences, length 11
# corresponding to MSA columns:
# 971-981
name=unknown_M
#
# <colnr> <probs for GDERKNQSTAVLIFYWHMCP>
#	G	D	E	R	K	N	Q	S	T	A	V	L	I	F	Y	W	H	M	C	P
0	0.55115	0.01098	0.00972	0.00882	0.01206	0.01273	0.00709	0.01958	0.18323	0.02427	0.01259	0.01382	0.00991	0.01026	0.09012	0.00268	0.00576	0.00430	0.00409	0.00686
1	0.01715	0.01350	0.01619	0.19255	0.02221	0.01444	0.01128	0.40070	0.02009	0.02741	0.01227	0.01388	0.00909	0.00608	0.00546	0.00158	0.00623	0.00480	0.00451	0.20057
2	0.21153	0.01535	0.01404	0.01165	0.01536	0.11418	0.00933	0.39462	0.02001	0.02880	0.01396	0.09942	0.01193	0.00774	0.00540	0.00179	0.00615	0.00581	0.00488	0.00806
3	0.31160	0.01731	0.01405	0.01174	0.01561	0.20170	0.00941	0.30677	0.01847	0.02738	0.01065	0.01150	0.00802	0.00618	0.00489	0.00170	0.00673	0.00413	0.00434	0.00784
4	0.01796	0.01329	0.01461	0.01185	0.01552	0.01428	0.00947	0.52348	0.02260	0.03044	0.01798	0.19638	0.01652	0.00945	0.00610	0.00184	0.00556	0.00778	0.00557	0.05934
5	0.57796	0.01148	0.01112	0.00965	0.01248	0.01380	0.00799	0.01727	0.01021	0.08273	0.00919	0.01105	0.00726	0.00666	0.00741	0.00197	0.18768	0.00382	0.00364	0.00660
6	0.74408	0.01065	0.00846	0.00761	0.01096	0.01220	0.00621	0.01641	0.01063	0.02578	0.09175	0.01325	0.01173	0.00612	0.00396	0.00180	0.00430	0.00397	0.00391	0.00621
7	0.02245	0.01433	0.01604	0.01236	0.01678	0.01527	0.01014	0.54117	0.02401	0.20608	0.01626	0.01638	0.01144	0.04132	0.00686	0.00193	0.00603	0.00552	0.00604	0.00961
8	0.00715	0.00511	0.00680	0.00805	0.00845	0.00476	0.00540	0.00825	0.01142	0.01531	0.07143	0.75114	0.03935	0.01787	0.00739	0.00233	0.00334	0.01620	0.00545	0.00476
9	0.05178	0.00691	0.00737	0.00652	0.00886	0.00646	0.00504	0.01379	0.01187	0.02075	0.01620	0.01889	0.01298	0.00840	0.05151	0.00175	0.00397	0.00489	0.54284	0.19922
10	0.02250	0.01819	0.01674	0.01339	0.01763	0.19387	0.01079	0.48542	0.02349	0.11958	0.01388	0.01385	0.00987	0.00678	0.00569	0.00169	0.00718	0.00496	0.00532	0.00915

[dist]
# distance from previous block
# <min> <max>
28	50

[block]
# block no. 13 follows, 40 sequences, length 13
# corresponding to MSA columns:
# 1034-1046
name=unknown_N
#
# <colnr> <probs for GDERKNQSTAVLIFYWHMCP>
#	G	D	E	R	K	N	Q	S	T	A	V	L	I	F	Y	W	H	M	C	P
0	0.26662	0.00706	0.00742	0.00806	0.00946	0.00740	0.00584	0.01107	0.01084	0.01846	0.02451	0.51818	0.02820	0.01412	0.00625	0.00220	0.00380	0.04043	0.00483	0.00524
1	0.01187	0.07039	0.72698	0.01623	0.02463	0.01400	0.02088	0.01836	0.01225	0.01817	0.01031	0.01212	0.00737	0.00550	0.00543	0.00181	0.00847	0.00423	0.00246	0.00853
2	0.79367	0.05254	0.00970	0.00777	0.01144	0.01357	0.00649	0.01711	0.01000	0.02544	0.00810	0.00944	0.00636	0.00538	0.00361	0.00177	0.00459	0.00315	0.00354	0.00636
3	0.01203	0.01230	0.00968	0.00979	0.01087	0.24500	0.00673	0.01292	0.01210	0.01371	0.02121	0.34818	0.02420	0.21995	0.01260	0.00296	0.00620	0.01040	0.00415	0.00504
4	0.00757	0.00582	0.00632	0.00625	0.00751	0.00522	0.00430	0.00878	0.01224	0.01547	0.15172	0.04847	0.42065	0.25851	0.01398	0.00309	0.00376	0.01081	0.00496	0.00456
5	0.01527	0.01231	0.01317	0.01173	0.01510	0.01405	0.00916	0.03072	0.69817	0.07548	0.02362	0.02156	0.01752	0.00784	0.00591	0.00196	0.00463	0.00652	0.00601	0.00925
6	0.00946	0.01328	0.24375	0.00954	0.01223	0.00810	0.00914	0.01157	0.00965	0.01351	0.01586	0.02999	0.01683	0.54854	0.02207	0.00445	0.00656	0.00716	0.00319	0.00511
7	0.01199	0.02465	0.53168	0.01617	0.02207	0.01485	0.01875	0.01703	0.01122	0.01703	0.00956	0.01242	0.00745	0.00698	0.00977	0.00206	0.25139	0.00454	0.00248	0.00790
8	0.02109	0.00838	0.01164	0.00948	0.01257	0.00745	0.00745	0.02185	0.01381	0.52781	0.01893	0.01913	0.01305	0.01126	0.01113	0.26105	0.00498	0.00560	0.00574	0.00759
9	0.01258	0.01201	0.01902	0.01358	0.01898	0.00993	0.23560	0.01589	0.01258	0.01885	0.01078	0.01319	0.00868	0.00449	0.00511	0.00121	0.00603	0.00451	0.00329	0.57370
10	0.01199	0.02465	0.53168	0.01617	0.02207	0.01485	0.01875	0.01703	0.01122	0.01703	0.00956	0.01242	0.00745	0.00698	0.00977	0.00206	0.25139	0.00454	0.00248	0.00790
11	0.00709	0.00506	0.00675	0.00810	0.00843	0.00472	0.00540	0.00810	0.01113	0.01484	0.03205	0.79184	0.03846	0.01822	0.00742	0.00236	0.00337	0.01653	0.00540	0.00472
12	0.01279	0.01142	0.01567	0.01708	0.24694	0.00965	0.01032	0.01564	0.01243	0.01896	0.01052	0.01279	0.00880	0.00458	0.00476	0.00113	0.00512	0.00399	0.00327	0.57413

[dist]
# distance from previous block
# <min> <max>
0	1

[block]
# block no. 14 follows, 40 sequences, length 24
# corresponding to MSA columns:
# 1048-1071
name=unknown_O
#
# <colnr> <probs for GDERKNQSTAVLIFYWHMCP>
#	G	D	E	R	K	N	Q	S	T	A	V	L	I	F	Y	W	H	M	C	P
0	0.01233	0.05540	0.73539	0.01666	0.02512	0.01408	0.02122	0.01872	0.01259	0.01874	0.01090	0.01292	0.00789	0.00587	0.00569	0.00192	0.00867	0.00444	0.00265	0.00882
1	0.01791	0.01208	0.01355	0.01165	0.01536	0.01289	0.00915	0.02976	0.52009	0.21758	0.02333	0.02145	0.01691	0.00789	0.00606	0.00198	0.00487	0.00641	0.00631	0.04479
2	0.00782	0.00592	0.00716	0.00792	0.00894	0.00524	0.00545	0.00886	0.01207	0.01576	0.03849	0.56032	0.22513	0.01696	0.00736	0.00229	0.00350	0.01493	0.00548	0.04041
3	0.00924	0.00684	0.00872	0.00962	0.01110	0.00651	0.00804	0.01132	0.01346	0.01719	0.03796	0.06219	0.22223	0.04932	0.00886	0.00271	0.00492	0.49889	0.00545	0.00545
4	0.01291	0.02603	0.56560	0.02187	0.21723	0.01385	0.02064	0.01860	0.01286	0.01905	0.01110	0.01357	0.00837	0.00579	0.00581	0.00191	0.00831	0.00471	0.00276	0.00901
5	0.01307	0.01025	0.01546	0.36566	0.02598	0.01091	0.04769	0.01423	0.01325	0.01793	0.15287	0.02489	0.01983	0.01244	0.01161	0.21891	0.00700	0.00707	0.00424	0.00670
6	0.01811	0.02582	0.53865	0.01645	0.02387	0.01354	0.01864	0.02267	0.01506	0.21540	0.01638	0.01795	0.01179	0.00775	0.00675	0.00232	0.00840	0.00558	0.00464	0.01022
7	0.01640	0.22010	0.02377	0.01926	0.15650	0.01956	0.01387	0.01746	0.01227	0.01743	0.01117	0.01584	0.01047	0.00947	0.01313	0.00251	0.40324	0.00544	0.00354	0.00857
8	0.01603	0.01316	0.01686	0.35888	0.02813	0.01477	0.01335	0.02471	0.35204	0.05872	0.01976	0.02213	0.01525	0.00861	0.00699	0.00243	0.00696	0.00669	0.00529	0.00927
9	0.01911	0.41488	0.02464	0.01238	0.01736	0.01977	0.01070	0.20734	0.01758	0.02326	0.01282	0.01488	0.01090	0.00719	0.00560	0.00182	0.00676	0.00466	0.00448	0.16386
10	0.01401	0.01115	0.01231	0.01166	0.01402	0.01158	0.00858	0.02255	0.38938	0.02442	0.21872	0.17506	0.03348	0.01256	0.00757	0.00249	0.00481	0.01026	0.00675	0.00866
11	0.01159	0.00854	0.01172	0.21187	0.01858	0.00866	0.00930	0.01189	0.01220	0.01637	0.02354	0.38841	0.02579	0.04328	0.01169	0.15814	0.00589	0.01149	0.00488	0.00618
12	0.01383	0.01237	0.01808	0.45920	0.03083	0.01483	0.01497	0.01588	0.01264	0.01727	0.01511	0.05575	0.02972	0.00993	0.01076	0.00263	0.22138	0.03333	0.00381	0.00766
13	0.01450	0.01358	0.02129	0.01739	0.01951	0.01519	0.20146	0.01627	0.01340	0.01950	0.15234	0.02356	0.01980	0.01274	0.05987	0.00313	0.35672	0.00749	0.00435	0.00790
14	0.01346	0.00826	0.00983	0.00981	0.01160	0.00719	0.00696	0.01406	0.01442	0.15794	0.03911	0.42524	0.22290	0.01649	0.00804	0.00262	0.00453	0.01378	0.00656	0.00720
15	0.01840	0.01929	0.01843	0.10084	0.21392	0.31974	0.01338	0.02011	0.01659	0.01981	0.15248	0.02199	0.01944	0.00864	0.00689	0.00217	0.00849	0.00644	0.00449	0.00849
16	0.01329	0.00946	0.01182	0.01170	0.01359	0.00944	0.00921	0.05129	0.06968	0.04980	0.14818	0.05532	0.03059	0.02254	0.20822	0.00459	0.00843	0.25950	0.00590	0.00744
17	0.01567	0.01285	0.01933	0.01657	0.01993	0.01253	0.20113	0.15217	0.01769	0.02376	0.02447	0.04430	0.02409	0.01278	0.00834	0.00277	0.00761	0.37010	0.00564	0.00828
18	0.01170	0.00951	0.01358	0.35705	0.02474	0.01010	0.01145	0.01324	0.01305	0.01739	0.02406	0.41387	0.02595	0.01390	0.00776	0.00264	0.00632	0.01179	0.00496	0.00696
19	0.01761	0.01143	0.01363	0.01195	0.01549	0.01033	0.00945	0.09473	0.04915	0.17383	0.02369	0.09718	0.02183	0.01140	0.00727	0.00232	0.00580	0.19276	0.00613	0.22402
