[name]
unknown

[dist]
# distance from previous block
# <min> <max>
18	189

[block]
# block no. 0 follows, 40 sequences, length 48
# corresponding to MSA columns:
# 227-274
name=unknown_A
#
# <colnr> <probs for GDERKNQSTAVLIFYWHMCP>
#	G	D	E	R	K	N	Q	S	T	A	V	L	I	F	Y	W	H	M	C	P
0	0.00811	0.00594	0.00760	0.00719	0.00861	0.00543	0.00539	0.01073	0.01617	0.02262	0.69251	0.04458	0.11908	0.01215	0.00686	0.00184	0.00276	0.01068	0.00631	0.00543
1	0.00830	0.00557	0.00639	0.00655	0.00658	0.00553	0.00374	0.00842	0.00877	0.01169	0.01991	0.12529	0.02315	0.70566	0.02703	0.00526	0.00538	0.00939	0.00374	0.00366
2	0.67332	0.05366	0.01091	0.00876	0.01244	0.08327	0.00721	0.05895	0.01159	0.02497	0.00851	0.00979	0.00667	0.00552	0.00388	0.00174	0.00524	0.00332	0.00361	0.00660
3	0.09032	0.01254	0.01336	0.01083	0.01415	0.01396	0.00877	0.43172	0.02026	0.02947	0.01447	0.01664	0.01125	0.04671	0.04553	0.00227	0.03696	0.00529	0.16749	0.00801
4	0.00942	0.00623	0.00760	0.03763	0.00966	0.00613	0.02244	0.03520	0.01248	0.01842	0.06904	0.23134	0.12080	0.08094	0.00793	0.00216	0.00367	0.00983	0.30382	0.00525
5	0.04630	0.01353	0.05594	0.03391	0.08695	0.01146	0.27664	0.01724	0.01288	0.05049	0.01136	0.01390	0.00882	0.00486	0.00550	0.00149	0.00686	0.00502	0.00331	0.33356
6	0.01291	0.01207	0.01932	0.27485	0.23197	0.01349	0.07847	0.01880	0.15853	0.01795	0.01313	0.01641	0.01035	0.00692	0.00745	0.04372	0.04701	0.00559	0.00336	0.00769
7	0.01377	0.01364	0.05092	0.22316	0.48412	0.01379	0.01692	0.05084	0.04158	0.01894	0.01139	0.01485	0.00912	0.00554	0.00577	0.00180	0.00708	0.00520	0.00304	0.00852
8	0.30517	0.08619	0.05443	0.01252	0.01637	0.34874	0.04659	0.03693	0.01368	0.01929	0.00893	0.01046	0.00719	0.00564	0.00465	0.00163	0.00781	0.00370	0.00320	0.00687
9	0.00816	0.00584	0.00796	0.00914	0.01000	0.00563	0.00710	0.01004	0.01258	0.01671	0.09774	0.41405	0.03783	0.01672	0.00763	0.00245	0.00416	0.31572	0.00547	0.00506
10	0.01624	0.01763	0.02535	0.01929	0.02400	0.17035	0.39345	0.08568	0.14783	0.02035	0.01353	0.01555	0.01025	0.00585	0.00627	0.00185	0.00871	0.00603	0.00374	0.00804
11	0.00802	0.00594	0.00748	0.00709	0.00856	0.00540	0.00532	0.01056	0.01596	0.02213	0.64732	0.04540	0.16457	0.01233	0.00686	0.00185	0.00278	0.01079	0.00625	0.00540
12	0.01404	0.01209	0.01277	0.01158	0.01473	0.01392	0.00897	0.02961	0.70707	0.02380	0.02464	0.05179	0.03217	0.00841	0.00599	0.00199	0.00452	0.00706	0.00589	0.00895
13	0.00757	0.00588	0.00688	0.00672	0.00830	0.00519	0.00501	0.00966	0.01477	0.01951	0.40957	0.08682	0.36627	0.01347	0.00689	0.00192	0.00287	0.01160	0.00591	0.00519
14	0.00709	0.00506	0.00675	0.00810	0.00843	0.00472	0.00540	0.00810	0.01113	0.01484	0.03205	0.79184	0.03846	0.01822	0.00742	0.00236	0.00337	0.01653	0.00540	0.00472
15	0.01839	0.01444	0.01536	0.01263	0.01662	0.01630	0.01015	0.39507	0.37829	0.03066	0.01868	0.01772	0.01371	0.00742	0.00587	0.00186	0.00553	0.00589	0.00587	0.00956
16	0.01499	0.24501	0.01626	0.00915	0.01248	0.01430	0.00785	0.16746	0.09848	0.02270	0.01522	0.01640	0.01197	0.00641	0.00454	0.00147	0.00474	0.00482	0.31836	0.00738
17	0.01316	0.01020	0.01414	0.38502	0.02560	0.01189	0.01162	0.15207	0.05234	0.02027	0.01325	0.01685	0.01018	0.00763	0.00705	0.07759	0.00617	0.00529	0.15295	0.00670
18	0.01487	0.01297	0.01619	0.01303	0.01556	0.01519	0.01076	0.19397	0.01431	0.02092	0.00992	0.01285	0.00845	0.00782	0.01187	0.00190	0.38455	0.00469	0.00359	0.22657
19	0.00890	0.00653	0.00815	0.00753	0.00914	0.00615	0.00571	0.05236	0.01679	0.02338	0.64925	0.04292	0.11738	0.01187	0.00680	0.00184	0.00297	0.01038	0.00628	0.00568
20	0.01981	0.01155	0.01350	0.01127	0.01514	0.01209	0.00901	0.06243	0.40130	0.34218	0.02291	0.02052	0.01595	0.00755	0.00588	0.00189	0.00483	0.00620	0.00646	0.00953
21	0.01422	0.53689	0.28111	0.01221	0.01842	0.01977	0.01388	0.01776	0.01197	0.01530	0.00889	0.01033	0.00743	0.00516	0.00434	0.00145	0.00703	0.00351	0.00248	0.00785
22	0.00831	0.00623	0.00935	0.00935	0.01038	0.00727	0.00727	0.01038	0.00935	0.01350	0.01558	0.02285	0.01454	0.04361	0.77259	0.00935	0.01558	0.00623	0.00312	0.00519
23	0.01397	0.01338	0.02284	0.12876	0.66961	0.01371	0.01764	0.01747	0.01304	0.01848	0.01086	0.01453	0.00903	0.00526	0.00576	0.00175	0.00701	0.00518	0.00284	0.00887
24	0.01511	0.01384	0.01344	0.01211	0.01537	0.08160	0.00938	0.03022	0.68397	0.02343	0.02237	0.02070	0.01684	0.00772	0.00586	0.00193	0.00512	0.00632	0.00566	0.00899
25	0.01921	0.01229	0.01497	0.01167	0.01599	0.01213	0.03824	0.30700	0.01944	0.20732	0.01725	0.03125	0.01333	0.00741	0.00576	0.00168	0.00556	0.06862	0.02580	0.16508
26	0.01414	0.25742	0.47769	0.01403	0.02117	0.01588	0.01686	0.01902	0.01254	0.08513	0.01088	0.01209	0.00804	0.00551	0.00502	0.00166	0.00755	0.00409	0.00290	0.00838
27	0.01724	0.01311	0.01505	0.01211	0.01557	0.01457	0.00989	0.44214	0.02024	0.02788	0.01351	0.01569	0.01065	0.01469	0.16739	0.00332	0.07703	0.00527	0.02104	0.08361
28	0.01321	0.00987	0.01109	0.01023	0.01280	0.01067	0.00781	0.04645	0.39768	0.08765	0.09399	0.18644	0.06593	0.01071	0.00636	0.00202	0.00417	0.00923	0.00593	0.00777
29	0.20241	0.01070	0.01083	0.00937	0.01234	0.01183	0.00747	0.23264	0.08334	0.02615	0.01758	0.06957	0.04164	0.01030	0.05929	0.00229	0.00536	0.00602	0.17367	0.00722
30	0.10944	0.01564	0.01548	0.01234	0.01650	0.06538	0.01005	0.52301	0.08034	0.03233	0.01401	0.01424	0.01021	0.00681	0.00546	0.00173	0.00613	0.00503	0.04686	0.00902
31	0.01156	0.00841	0.00994	0.00967	0.01130	0.00869	0.00708	0.22620	0.01596	0.02134	0.02666	0.56002	0.02995	0.01487	0.00694	0.00218	0.00428	0.01317	0.00552	0.00626
32	0.01613	0.01345	0.01702	0.01290	0.01714	0.01384	0.07625	0.29012	0.01753	0.02487	0.01143	0.01321	0.00897	0.00628	0.00738	0.00156	0.12559	0.00469	0.00416	0.31749
33	0.02005	0.01339	0.01500	0.01187	0.01590	0.01433	0.00967	0.44429	0.10143	0.15545	0.11856	0.01982	0.01767	0.00779	0.00598	0.00179	0.00546	0.00621	0.00614	0.00921
34	0.01206	0.01034	0.01206	0.00861	0.01378	0.00775	0.00689	0.01464	0.01206	0.01895	0.01034	0.01206	0.00861	0.00431	0.00431	0.00086	0.00431	0.00345	0.00345	0.83118
35	0.00846	0.00564	0.00634	0.00634	0.00634	0.00564	0.00352	0.00846	0.00846	0.01128	0.01832	0.03805	0.02114	0.79563	0.02960	0.00564	0.00564	0.00846	0.00352	0.00352
36	0.00709	0.00506	0.00675	0.00810	0.00843	0.00472	0.00540	0.00810	0.01113	0.01484	0.03205	0.79184	0.03846	0.01822	0.00742	0.00236	0.00337	0.01653	0.00540	0.00472
37	0.01257	0.01207	0.02108	0.27610	0.39101	0.01280	0.08207	0.01608	0.01257	0.01724	0.01269	0.08375	0.01129	0.00652	0.00602	0.00187	0.00714	0.00634	0.00301	0.00779
38	0.02326	0.01022	0.01292	0.01009	0.01415	0.00954	0.00828	0.13457	0.01763	0.54463	0.02100	0.01918	0.01378	0.00710	0.00558	0.00173	0.00484	0.00569	0.12656	0.00924
39	0.00709	0.00506	0.00675	0.00810	0.00843	0.00472	0.00540	0.00810	0.01113	0.01484	0.03205	0.79184	0.03846	0.01822	0.00742	0.00236	0.00337	0.01653	0.00540	0.00472
40	0.01367	0.01312	0.02238	0.06478	0.53171	0.01365	0.08008	0.01696	0.01272	0.01833	0.01209	0.01565	0.02536	0.00598	0.00716	0.00183	0.08626	0.00549	0.04440	0.00839
41	0.01485	0.01268	0.01337	0.01191	0.01527	0.01464	0.00930	0.06658	0.71255	0.02495	0.02318	0.02131	0.01736	0.00784	0.00591	0.00196	0.00469	0.00651	0.00591	0.00924
42	0.05621	0.01456	0.05105	0.08998	0.10239	0.01419	0.31948	0.16532	0.01627	0.02280	0.07772	0.01720	0.01288	0.00611	0.00622	0.00187	0.00768	0.00624	0.00381	0.00802
43	0.01818	0.09099	0.10944	0.01394	0.05122	0.27181	0.01154	0.05705	0.09435	0.13126	0.01517	0.08280	0.01257	0.00732	0.00555	0.00171	0.00739	0.00565	0.00418	0.00787
44	0.00867	0.00600	0.00740	0.00732	0.00770	0.00633	0.00472	0.02247	0.00906	0.01237	0.01746	0.03330	0.01906	0.56816	0.23955	0.00662	0.00847	0.00777	0.00345	0.00411
45	0.05823	0.01516	0.01987	0.11379	0.34085	0.10231	0.03857	0.12102	0.05706	0.02087	0.01151	0.01413	0.00918	0.00601	0.00632	0.00179	0.04643	0.00505	0.00347	0.00836
46	0.16936	0.33969	0.21250	0.01379	0.08281	0.01759	0.01306	0.01745	0.01153	0.01772	0.00891	0.01075	0.00738	0.00551	0.00522	0.00162	0.05104	0.00372	0.00273	0.00762
47	0.01441	0.01401	0.08216	0.02901	0.01935	0.01200	0.15934	0.07557	0.16633	0.06350	0.01439	0.01547	0.01085	0.00567	0.00550	0.00154	0.00613	0.00518	0.00415	0.29543

[dist]
# distance from previous block
# <min> <max>
0	1

[block]
# block no. 1 follows, 40 sequences, length 56
# corresponding to MSA columns:
# 276-331
name=unknown_B
#
# <colnr> <probs for GDERKNQSTAVLIFYWHMCP>
#	G	D	E	R	K	N	Q	S	T	A	V	L	I	F	Y	W	H	M	C	P
0	0.01092	0.00734	0.00942	0.00825	0.01023	0.00738	0.06023	0.01478	0.07346	0.02100	0.13154	0.02438	0.02050	0.03387	0.02883	0.00190	0.02418	0.00641	0.45414	0.05123
1	0.01084	0.00542	0.00542	0.00542	0.00678	0.00542	0.00407	0.01355	0.01220	0.02168	0.01897	0.02168	0.01491	0.00678	0.00407	0.00136	0.00271	0.00542	0.82791	0.00542
2	0.01529	0.01271	0.01614	0.05844	0.01826	0.01203	0.07720	0.23737	0.03591	0.02423	0.01192	0.01344	0.00921	0.00536	0.00514	0.00133	0.00568	0.00450	0.00414	0.43170
3	0.00981	0.00723	0.00884	0.00895	0.01035	0.00702	0.00639	0.12141	0.01371	0.01854	0.02747	0.60763	0.03160	0.01534	0.00692	0.00214	0.00392	0.01371	0.00530	0.07372
4	0.00709	0.00506	0.00675	0.00810	0.00843	0.00472	0.00540	0.00810	0.01113	0.01484	0.03205	0.79184	0.03846	0.01822	0.00742	0.00236	0.00337	0.01653	0.00540	0.00472
5	0.01180	0.02922	0.72875	0.01634	0.02468	0.01355	0.02089	0.01903	0.04826	0.01870	0.01108	0.01274	0.00787	0.00564	0.00554	0.00185	0.00840	0.00441	0.00262	0.00862
6	0.01373	0.01569	0.03431	0.02451	0.03039	0.01471	0.73824	0.01863	0.01373	0.01863	0.01176	0.01569	0.00882	0.00490	0.00686	0.00196	0.00980	0.00686	0.00294	0.00784
7	0.01206	0.01034	0.01206	0.00861	0.01378	0.00775	0.00689	0.01464	0.01206	0.01895	0.01034	0.01206	0.00861	0.00431	0.00431	0.00086	0.00431	0.00345	0.00345	0.83118
8	0.02172	0.02772	0.01648	0.01498	0.01798	0.77228	0.01124	0.02322	0.01648	0.01423	0.00899	0.01049	0.00749	0.00599	0.00524	0.00150	0.01049	0.00375	0.00300	0.00674
9	0.00694	0.00589	0.00598	0.00596	0.00790	0.00494	0.00447	0.00847	0.01341	0.01608	0.09298	0.05535	0.72270	0.01459	0.00687	0.00196	0.00294	0.01219	0.00545	0.00494
10	0.00958	0.00616	0.00763	0.00711	0.00869	0.00564	0.00530	0.01190	0.01507	0.07554	0.48810	0.04127	0.14489	0.07031	0.00826	0.00209	0.00315	0.00985	0.07390	0.00558
11	0.01402	0.05619	0.01820	0.04881	0.01729	0.01698	0.04722	0.07823	0.18046	0.01848	0.01218	0.01496	0.01019	0.00865	0.01294	0.00222	0.42650	0.00542	0.00361	0.00744
12	0.39509	0.43497	0.02034	0.00889	0.01322	0.01840	0.00826	0.01727	0.01093	0.01942	0.00809	0.00938	0.00692	0.00517	0.00367	0.00150	0.00542	0.00313	0.00300	0.00692
13	0.00707	0.00512	0.00668	0.00793	0.00839	0.00474	0.00532	0.00812	0.01129	0.01491	0.03407	0.73664	0.09236	0.01796	0.00738	0.00233	0.00334	0.01621	0.00540	0.00474
14	0.01384	0.01100	0.01412	0.01019	0.01533	0.00885	0.06209	0.05220	0.01332	0.08124	0.01166	0.01306	0.00917	0.00472	0.00470	0.00107	0.00488	0.00399	0.00384	0.66074
15	0.02609	0.00990	0.01350	0.01035	0.01484	0.00855	0.00855	0.02834	0.01664	0.76338	0.02294	0.01979	0.01439	0.00720	0.00585	0.00180	0.00495	0.00585	0.00720	0.00990
16	0.02609	0.00990	0.01350	0.01035	0.01484	0.00855	0.00855	0.02834	0.01664	0.76338	0.02294	0.01979	0.01439	0.00720	0.00585	0.00180	0.00495	0.00585	0.00720	0.00990
17	0.00823	0.00594	0.00777	0.00732	0.00869	0.00549	0.00549	0.01097	0.01646	0.02332	0.75629	0.04344	0.05487	0.01189	0.00686	0.00183	0.00274	0.01052	0.00640	0.00549
18	0.00709	0.00506	0.00675	0.00810	0.00843	0.00472	0.00540	0.00810	0.01113	0.01484	0.03205	0.79184	0.03846	0.01822	0.00742	0.00236	0.00337	0.01653	0.00540	0.00472
19	0.02163	0.01784	0.01707	0.01354	0.01787	0.13406	0.01098	0.59058	0.06529	0.03252	0.01373	0.01385	0.00995	0.00688	0.00573	0.00172	0.00693	0.00508	0.00539	0.00937
20	0.01006	0.00880	0.01270	0.01169	0.01232	0.01144	0.00943	0.01181	0.00917	0.01370	0.01243	0.01884	0.01180	0.03038	0.47431	0.00665	0.32015	0.00578	0.00289	0.00565
21	0.01084	0.00542	0.00542	0.00542	0.00678	0.00542	0.00407	0.01355	0.01220	0.02168	0.01897	0.02168	0.01491	0.00678	0.00407	0.00136	0.00271	0.00542	0.82791	0.00542
22	0.01360	0.01656	0.07858	0.02403	0.03008	0.01463	0.69484	0.01861	0.01364	0.01861	0.01168	0.01548	0.00874	0.00494	0.00678	0.00195	0.00973	0.00671	0.00291	0.00789
23	0.00823	0.00594	0.00777	0.00732	0.00869	0.00549	0.00549	0.01097	0.01646	0.02332	0.75629	0.04344	0.05487	0.01189	0.00686	0.00183	0.00274	0.01052	0.00640	0.00549
24	0.01159	0.00857	0.01067	0.00995	0.01018	0.06562	0.00733	0.01027	0.00856	0.01133	0.00943	0.01597	0.00932	0.01676	0.02055	0.57263	0.19000	0.00496	0.00257	0.00375
25	0.02914	0.01370	0.02459	0.19983	0.29210	0.01425	0.23441	0.06936	0.01388	0.01924	0.01115	0.01488	0.00872	0.00548	0.00635	0.00187	0.02425	0.00565	0.00305	0.00811
26	0.00693	0.00583	0.00601	0.00609	0.00792	0.00491	0.00452	0.00841	0.01320	0.01587	0.07761	0.10900	0.68406	0.01490	0.00691	0.00199	0.00297	0.01253	0.00543	0.00491
27	0.01555	0.01106	0.01299	0.00951	0.01451	0.00923	0.00770	0.11269	0.01479	0.13600	0.01276	0.01350	0.00967	0.00511	0.00474	0.00112	0.00468	0.00405	0.00434	0.59600
28	0.02539	0.01005	0.01347	0.01044	0.01486	0.00891	0.00859	0.02850	0.06097	0.71864	0.02299	0.01991	0.01460	0.00724	0.00585	0.00181	0.00493	0.00589	0.00712	0.00985
29	0.00884	0.00614	0.00761	0.00712	0.00881	0.00550	0.00538	0.01124	0.01567	0.06063	0.54322	0.04531	0.22813	0.01235	0.00681	0.00186	0.00291	0.01071	0.00619	0.00558
30	0.00876	0.00559	0.00739	0.00805	0.00884	0.00518	0.00555	0.01008	0.01222	0.07210	0.14221	0.57721	0.03823	0.05911	0.00844	0.00242	0.00352	0.01436	0.00558	0.00516
31	0.00831	0.00623	0.00935	0.00935	0.01038	0.00727	0.00727	0.01038	0.00935	0.01350	0.01558	0.02285	0.01454	0.04361	0.77259	0.00935	0.01558	0.00623	0.00312	0.00519
32	0.01016	0.00988	0.01903	0.05748	0.01946	0.00943	0.31559	0.01305	0.01251	0.01685	0.05683	0.38561	0.02504	0.01161	0.00707	0.00214	0.00630	0.01154	0.00425	0.00617
33	0.01084	0.00542	0.00542	0.00542	0.00678	0.00542	0.00407	0.01355	0.01220	0.02168	0.01897	0.02168	0.01491	0.00678	0.00407	0.00136	0.00271	0.00542	0.82791	0.00542
34	0.00831	0.00623	0.00935	0.00935	0.01038	0.00727	0.00727	0.01038	0.00935	0.01350	0.01558	0.02285	0.01454	0.04361	0.77259	0.00935	0.01558	0.00623	0.00312	0.00519
35	0.01698	0.01374	0.01456	0.01234	0.01608	0.01564	0.00981	0.26406	0.51160	0.02838	0.02048	0.01915	0.01517	0.00759	0.00588	0.00190	0.00519	0.00613	0.00588	0.00943
36	0.01544	0.77819	0.05048	0.01013	0.01520	0.02275	0.01026	0.01744	0.01183	0.01381	0.00815	0.00941	0.00746	0.00499	0.00378	0.00126	0.00628	0.00314	0.00249	0.00749
37	0.00972	0.00651	0.00829	0.00771	0.00940	0.00608	0.00582	0.01292	0.05175	0.07791	0.58004	0.08253	0.09511	0.01187	0.00677	0.00187	0.00305	0.01042	0.00632	0.00592
38	0.00994	0.00756	0.00932	0.00981	0.01156	0.00766	0.00810	0.05306	0.09739	0.01866	0.03448	0.13116	0.16707	0.01461	0.00739	0.00238	0.00467	0.39384	0.00546	0.00589
39	0.14154	0.01348	0.02006	0.02736	0.50681	0.01436	0.01490	0.07193	0.03345	0.02115	0.01080	0.01366	0.00892	0.00584	0.00653	0.00181	0.07064	0.00490	0.00327	0.00858
40	0.00863	0.00670	0.00840	0.00826	0.01010	0.00567	0.00586	0.01014	0.01142	0.01612	0.02528	0.54884	0.02916	0.01388	0.00645	0.00189	0.00366	0.01245	0.00479	0.26226
41	0.01555	0.79913	0.03047	0.00995	0.01493	0.02301	0.00995	0.01741	0.01182	0.01368	0.00808	0.00933	0.00746	0.00498	0.00373	0.00124	0.00622	0.00311	0.00249	0.00746
42	0.01351	0.00981	0.01146	0.02576	0.01316	0.01010	0.00788	0.27748	0.01729	0.04096	0.02307	0.41175	0.02446	0.01250	0.00652	0.00200	0.00468	0.01089	0.00539	0.07134
43	0.00897	0.00622	0.00724	0.00690	0.00881	0.00543	0.00524	0.01094	0.01454	0.07997	0.28909	0.07498	0.42128	0.01330	0.00682	0.00193	0.00310	0.02384	0.00588	0.00552
44	0.01509	0.01281	0.01350	0.01196	0.01536	0.01476	0.00936	0.08941	0.68931	0.02534	0.02287	0.02106	0.01710	0.00781	0.00591	0.00195	0.00475	0.00646	0.00591	0.00926
45	0.00935	0.00638	0.00836	0.00837	0.00996	0.00596	0.00674	0.01191	0.01516	0.05873	0.41500	0.05052	0.12410	0.01326	0.00717	0.00211	0.00369	0.23162	0.00601	0.00561
46	0.01321	0.19969	0.51462	0.01553	0.02295	0.01555	0.07760	0.01856	0.01245	0.04374	0.01046	0.01217	0.00776	0.00541	0.00525	0.00172	0.00804	0.00430	0.00267	0.00833
47	0.02204	0.01030	0.01363	0.01198	0.05411	0.00972	0.00922	0.02689	0.14515	0.53223	0.02308	0.02362	0.01629	0.00794	0.00604	0.00190	0.00502	0.06489	0.00659	0.00936
48	0.00843	0.00574	0.00685	0.00685	0.00702	0.00591	0.00415	0.00878	0.00861	0.01165	0.01786	0.03549	0.02003	0.66887	0.15483	0.00626	0.00731	0.00808	0.00345	0.00380
49	0.01493	0.01315	0.02242	0.12193	0.58657	0.01331	0.04237	0.01838	0.01335	0.07992	0.01189	0.01502	0.00945	0.00541	0.00581	0.00177	0.00695	0.00529	0.00320	0.00889
50	0.01284	0.00990	0.01178	0.00872	0.01347	0.00759	0.00692	0.01528	0.01237	0.08007	0.01300	0.07118	0.01133	0.00559	0.00467	0.00105	0.00429	0.00463	0.00390	0.70142
51	0.01062	0.00690	0.00830	0.00775	0.00977	0.00638	0.00587	0.01384	0.07534	0.12043	0.30099	0.12749	0.25887	0.01251	0.00671	0.00194	0.00333	0.01078	0.00605	0.00613
52	0.00728	0.00516	0.00676	0.00788	0.00823	0.00486	0.00521	0.00828	0.01111	0.01489	0.06599	0.67642	0.03745	0.09924	0.00971	0.00268	0.00358	0.01539	0.00525	0.00464
53	0.02021	0.01491	0.01602	0.01271	0.01696	0.01655	0.01036	0.53357	0.19186	0.05916	0.01663	0.01614	0.01198	0.00719	0.00580	0.00179	0.00584	0.00557	0.02714	0.00962
54	0.01926	0.01479	0.01715	0.01617	0.13125	0.01620	0.01146	0.49212	0.12272	0.03143	0.01509	0.01551	0.01113	0.00682	0.00573	0.00175	0.00603	0.00542	0.05053	0.00945
55	0.01049	0.00953	0.01591	0.41288	0.11265	0.01069	0.05267	0.01376	0.01261	0.01687	0.13134	0.13941	0.02013	0.00856	0.00628	0.00196	0.00630	0.00786	0.00367	0.00643

[dist]
# distance from previous block
# <min> <max>
10	40

# created by:
# /software/SequenceAnalysis/GenePrediction/augustus/3.0.1/scripts/msa2prfl.pl ./fixed/BUSCOvEOG7T79J5.fas
