[name]
unknown

[dist]
# distance from previous block
# <min> <max>
0	80

[block]
# block no. 0 follows, 41 sequences, length 35
# corresponding to MSA columns:
# 88-122
name=unknown_A
#
# <colnr> <probs for GDERKNQSTAVLIFYWHMCP>
#	G	D	E	R	K	N	Q	S	T	A	V	L	I	F	Y	W	H	M	C	P
0	0.00817	0.00614	0.00781	0.00861	0.01003	0.00578	0.00710	0.01028	0.01308	0.01667	0.07849	0.12925	0.26454	0.01536	0.00742	0.00234	0.00420	0.39430	0.00534	0.00508
1	0.01320	0.01388	0.02759	0.02685	0.30014	0.01332	0.41232	0.01718	0.01311	0.01815	0.01293	0.07979	0.01124	0.00601	0.00639	0.00188	0.00806	0.00693	0.00307	0.00796
2	0.83938	0.01106	0.00841	0.00752	0.01106	0.01283	0.00619	0.01681	0.00973	0.02566	0.00796	0.00929	0.00619	0.00531	0.00354	0.00177	0.00442	0.00310	0.00354	0.00619
3	0.00695	0.00504	0.00657	0.00779	0.00825	0.00466	0.00523	0.00798	0.01112	0.01467	0.03368	0.73501	0.09668	0.01764	0.00726	0.00229	0.00328	0.01592	0.00531	0.00466
4	0.00776	0.00608	0.00719	0.00763	0.00929	0.00551	0.00620	0.00975	0.01335	0.01668	0.10669	0.05745	0.43783	0.01473	0.00717	0.00217	0.00374	0.27035	0.00538	0.00504
5	0.01558	0.69447	0.07056	0.01057	0.01550	0.08463	0.01053	0.01766	0.01203	0.01377	0.00816	0.00943	0.00734	0.00501	0.00389	0.00128	0.00660	0.00318	0.00249	0.00734
6	0.01313	0.08596	0.38065	0.07294	0.25981	0.05531	0.01818	0.01788	0.01252	0.01746	0.01015	0.01262	0.00786	0.00533	0.00537	0.00172	0.00778	0.00444	0.00259	0.00832
7	0.01331	0.00975	0.01109	0.00992	0.01205	0.05201	0.00770	0.01884	0.19551	0.12879	0.25861	0.02880	0.02780	0.06394	0.05224	0.00256	0.07018	0.02460	0.00540	0.00692
8	0.01744	0.42639	0.07355	0.01226	0.01657	0.30591	0.01109	0.03734	0.01372	0.01454	0.00858	0.00997	0.00741	0.00544	0.00464	0.00139	0.02042	0.00346	0.00272	0.00719
9	0.01293	0.01410	0.04411	0.06563	0.11556	0.01507	0.33795	0.01631	0.01167	0.01657	0.01036	0.02798	0.00876	0.00688	0.01052	0.00209	0.26748	0.00598	0.00277	0.00728
10	0.07048	0.52351	0.14080	0.01132	0.01641	0.12436	0.01147	0.01805	0.01220	0.01506	0.00843	0.00979	0.00725	0.00514	0.00414	0.00139	0.00694	0.00333	0.00258	0.00734
11	0.00909	0.00639	0.00764	0.00770	0.00842	0.00650	0.00531	0.05798	0.01085	0.01439	0.02286	0.12237	0.06307	0.44741	0.08180	0.00463	0.00596	0.10901	0.00414	0.00447
12	0.01447	0.01077	0.01169	0.01077	0.01342	0.04503	0.00835	0.08107	0.33582	0.11353	0.02427	0.20362	0.02200	0.01055	0.00629	0.00203	0.00475	0.06814	0.00567	0.00774
13	0.03287	0.07329	0.06188	0.02285	0.30597	0.26181	0.07343	0.06803	0.01481	0.01805	0.01013	0.01244	0.00825	0.00546	0.00540	0.00162	0.00813	0.00455	0.00303	0.00800
14	0.01164	0.01102	0.01867	0.59838	0.21972	0.01293	0.01630	0.01535	0.01183	0.01563	0.01031	0.01498	0.00798	0.00556	0.00570	0.00185	0.00742	0.00509	0.00261	0.00703
15	0.00703	0.00582	0.00617	0.00613	0.00796	0.00496	0.00463	0.00871	0.01355	0.01670	0.17053	0.05329	0.62959	0.01407	0.00679	0.00193	0.00292	0.02881	0.00547	0.00493
16	0.01720	0.19532	0.21674	0.01401	0.03129	0.31740	0.01329	0.02092	0.05086	0.05743	0.01054	0.01165	0.00824	0.00570	0.00498	0.00155	0.00826	0.00397	0.00307	0.00760
17	0.01447	0.01433	0.02143	0.09418	0.59045	0.07560	0.01630	0.01863	0.06456	0.01833	0.01142	0.01443	0.00939	0.00540	0.00564	0.00171	0.00699	0.00508	0.00302	0.00864
18	0.00684	0.00547	0.00613	0.00666	0.00795	0.00476	0.00473	0.00811	0.01221	0.01511	0.04744	0.34950	0.47331	0.01585	0.00698	0.00209	0.00306	0.01374	0.00531	0.00476
19	0.01214	0.01150	0.01928	0.48498	0.30682	0.01308	0.01631	0.01616	0.03351	0.01639	0.01077	0.01502	0.00844	0.00555	0.00570	0.00183	0.00723	0.00513	0.00274	0.00743
20	0.01805	0.06108	0.02023	0.05890	0.09397	0.30585	0.12203	0.15045	0.07815	0.01988	0.01154	0.01320	0.00901	0.00592	0.00555	0.00166	0.00830	0.00482	0.00361	0.00781
21	0.01370	0.01071	0.03558	0.01298	0.06604	0.01045	0.06834	0.22797	0.01622	0.06734	0.02132	0.33626	0.02193	0.05388	0.00771	0.00219	0.00532	0.01002	0.00499	0.00706
22	0.00697	0.00498	0.00664	0.00796	0.00830	0.00465	0.00531	0.00796	0.01095	0.01460	0.03153	0.79525	0.03783	0.01792	0.00730	0.00232	0.00332	0.01626	0.00531	0.00465
23	0.01322	0.16160	0.07693	0.01071	0.06382	0.01091	0.00828	0.04717	0.01202	0.11691	0.05580	0.04875	0.01721	0.31643	0.01455	0.00316	0.00570	0.00662	0.00394	0.00628
24	0.01447	0.37247	0.19071	0.01623	0.08205	0.07165	0.14396	0.01800	0.01250	0.01582	0.00940	0.01142	0.00770	0.00509	0.00488	0.00154	0.00761	0.00419	0.00259	0.00774
25	0.11499	0.01244	0.01289	0.01158	0.01322	0.13067	0.00922	0.07358	0.01166	0.01684	0.01135	0.01608	0.01028	0.04011	0.28643	0.00467	0.20965	0.00506	0.00319	0.00611
26	0.01325	0.01586	0.08257	0.07554	0.11235	0.01417	0.56273	0.01797	0.01321	0.01810	0.01130	0.01504	0.00855	0.00495	0.00647	0.00189	0.00911	0.00628	0.00283	0.00783
27	0.01878	0.01500	0.01855	0.07087	0.33530	0.14982	0.01342	0.07151	0.01534	0.21481	0.01367	0.01490	0.01005	0.00592	0.00560	0.00169	0.00694	0.00502	0.00415	0.00867
28	0.01767	0.01913	0.01874	0.06187	0.17178	0.33205	0.07311	0.13024	0.03059	0.01894	0.01177	0.05488	0.01004	0.00652	0.00582	0.00169	0.01880	0.00528	0.00350	0.00761
29	0.01600	0.01733	0.01501	0.01335	0.01524	0.32190	0.01050	0.08948	0.01368	0.01597	0.01050	0.01408	0.00926	0.01573	0.18928	0.00357	0.21474	0.00475	0.00314	0.00649
30	0.01401	0.01300	0.02130	0.20779	0.53292	0.01373	0.01661	0.07728	0.01381	0.01918	0.01087	0.01438	0.00878	0.00539	0.00568	0.00175	0.00695	0.00510	0.00300	0.00849
31	0.01799	0.35738	0.02266	0.01255	0.04955	0.01939	0.01055	0.33761	0.07872	0.02447	0.01186	0.01239	0.00929	0.00600	0.00484	0.00152	0.00610	0.00435	0.00418	0.00861
32	0.01946	0.01315	0.01457	0.01160	0.01559	0.01410	0.00944	0.42762	0.13237	0.15227	0.06121	0.02030	0.06626	0.00783	0.00587	0.00178	0.00536	0.00622	0.00596	0.00905
33	0.01880	0.32253	0.02180	0.01244	0.01644	0.26801	0.01057	0.20164	0.01686	0.01932	0.00968	0.01081	0.00796	0.00590	0.00521	0.00148	0.03556	0.00386	0.00344	0.00767
34	0.01391	0.01200	0.05393	0.13848	0.01842	0.01226	0.01029	0.26574	0.11874	0.02348	0.02080	0.21652	0.05112	0.00989	0.00617	0.00195	0.00547	0.00842	0.00491	0.00749

[dist]
# distance from previous block
# <min> <max>
0	1

[block]
# block no. 1 follows, 41 sequences, length 107
# corresponding to MSA columns:
# 124-230
name=unknown_B
#
# <colnr> <probs for GDERKNQSTAVLIFYWHMCP>
#	G	D	E	R	K	N	Q	S	T	A	V	L	I	F	Y	W	H	M	C	P
0	0.01439	0.01203	0.01323	0.01237	0.05265	0.01350	0.00920	0.13425	0.50447	0.02442	0.03822	0.02351	0.08838	0.00897	0.02247	0.00205	0.00495	0.00681	0.00555	0.00859
1	0.05830	0.01167	0.01855	0.32399	0.27191	0.01293	0.05171	0.01764	0.10256	0.01829	0.04780	0.01662	0.01149	0.00598	0.00569	0.00183	0.00666	0.00548	0.00329	0.00759
2	0.01709	0.02292	0.12352	0.01779	0.02241	0.38476	0.24791	0.02117	0.05619	0.01651	0.01072	0.01282	0.00834	0.00559	0.00575	0.00169	0.00952	0.00490	0.00302	0.00736
3	0.01008	0.00853	0.00907	0.00865	0.01099	0.00890	0.00663	0.01785	0.32830	0.01927	0.06013	0.09387	0.34577	0.01184	0.00644	0.00198	0.00370	0.03579	0.00555	0.00665
4	0.00904	0.00704	0.00954	0.00984	0.01110	0.00771	0.00807	0.01190	0.04944	0.01596	0.04851	0.07047	0.10267	0.02289	0.23917	0.00445	0.06899	0.29334	0.00446	0.00542
5	0.01390	0.26732	0.39261	0.01410	0.02058	0.05301	0.04538	0.05585	0.05459	0.01772	0.01044	0.01183	0.00804	0.00547	0.00496	0.00162	0.00753	0.00411	0.00283	0.00809
6	0.00871	0.00678	0.00861	0.00825	0.00977	0.00675	0.02705	0.06651	0.01244	0.01628	0.05713	0.17819	0.26555	0.09348	0.20347	0.00415	0.00682	0.01025	0.00457	0.00522
7	0.00710	0.00518	0.00674	0.00777	0.00837	0.00482	0.00534	0.00831	0.01151	0.01526	0.08356	0.63275	0.11282	0.01783	0.02946	0.00245	0.00361	0.02707	0.00531	0.00474
8	0.01182	0.01209	0.05680	0.52569	0.20862	0.01303	0.01617	0.01636	0.05278	0.01627	0.01104	0.01517	0.00849	0.00567	0.00570	0.00185	0.00730	0.00512	0.00278	0.00725
9	0.42120	0.04934	0.20815	0.07275	0.01767	0.07267	0.01140	0.01734	0.01116	0.02108	0.00891	0.01069	0.00683	0.00535	0.00437	0.00170	0.00625	0.00361	0.00307	0.04648
10	0.11028	0.33809	0.03343	0.01603	0.17503	0.12427	0.01140	0.01894	0.07014	0.01695	0.00990	0.01150	0.00837	0.00550	0.00492	0.00152	0.02920	0.00393	0.00299	0.00760
11	0.00757	0.00527	0.00654	0.00731	0.00757	0.00506	0.00467	0.00822	0.01001	0.01329	0.02659	0.45823	0.04415	0.32895	0.01600	0.00361	0.00426	0.03392	0.00457	0.00420
12	0.01741	0.01132	0.04858	0.01067	0.01423	0.01077	0.00886	0.12817	0.20832	0.26444	0.12968	0.08273	0.02172	0.00867	0.00602	0.00186	0.00472	0.00727	0.00608	0.00846
13	0.12118	0.09394	0.01752	0.02990	0.06518	0.10617	0.05414	0.25924	0.10000	0.03343	0.01360	0.05653	0.01108	0.00681	0.00533	0.00172	0.00640	0.00537	0.00437	0.00809
14	0.07179	0.21561	0.07223	0.01121	0.01579	0.11652	0.01009	0.07802	0.02619	0.30724	0.01455	0.01404	0.01023	0.00613	0.00498	0.00159	0.00625	0.00448	0.00467	0.00839
15	0.05083	0.04987	0.07761	0.01557	0.04102	0.30977	0.11374	0.11064	0.05677	0.07980	0.01180	0.01303	0.00895	0.00606	0.00585	0.00168	0.03084	0.00469	0.00372	0.00776
16	0.23096	0.08145	0.08260	0.01334	0.01724	0.31609	0.07544	0.03424	0.03521	0.01845	0.00938	0.01105	0.00752	0.00577	0.00538	0.00166	0.04018	0.00397	0.00313	0.00695
17	0.07123	0.02809	0.01450	0.10542	0.03259	0.27872	0.01033	0.13174	0.01498	0.01832	0.01276	0.09112	0.01176	0.03439	0.07494	0.00253	0.05055	0.00573	0.00360	0.00667
18	0.01536	0.75683	0.05131	0.01012	0.01507	0.04458	0.01016	0.01733	0.01177	0.01361	0.00805	0.00929	0.00734	0.00494	0.00377	0.00125	0.00631	0.00311	0.00246	0.00735
19	0.05337	0.02434	0.05200	0.07450	0.01940	0.58370	0.01166	0.07017	0.02992	0.01638	0.00958	0.01118	0.00768	0.00593	0.00520	0.00156	0.00940	0.00395	0.00315	0.00693
20	0.05773	0.01322	0.01518	0.05686	0.04779	0.07933	0.06700	0.10196	0.30742	0.07574	0.01934	0.04881	0.02923	0.00782	0.00588	0.00189	0.00587	0.04586	0.00494	0.00811
21	0.00816	0.00601	0.00869	0.00873	0.00958	0.00684	0.00656	0.00987	0.00912	0.01300	0.01619	0.04742	0.01593	0.15125	0.64582	0.00846	0.01356	0.00674	0.00319	0.00486
22	0.16463	0.01556	0.01261	0.01158	0.02646	0.25306	0.00882	0.14596	0.01493	0.01994	0.01303	0.01938	0.01187	0.09550	0.10493	0.00307	0.00822	0.06015	0.00379	0.00651
23	0.01430	0.13183	0.02857	0.10957	0.02669	0.05784	0.43254	0.05854	0.01366	0.01771	0.01065	0.01397	0.00829	0.00536	0.00660	0.00181	0.04600	0.00567	0.00293	0.00748
24	0.00805	0.00569	0.00737	0.00736	0.00854	0.00522	0.00536	0.01021	0.01462	0.03458	0.50932	0.23832	0.09707	0.01341	0.00687	0.00194	0.00291	0.01191	0.00599	0.00525
25	0.02070	0.01359	0.01522	0.01193	0.01607	0.01453	0.00976	0.49044	0.07078	0.17460	0.07463	0.03080	0.01501	0.00753	0.00584	0.00176	0.00557	0.00594	0.00603	0.00926
26	0.01215	0.09410	0.44201	0.01674	0.03786	0.01381	0.16481	0.01807	0.04811	0.01840	0.06950	0.01537	0.01172	0.00585	0.00567	0.00178	0.00781	0.00524	0.00299	0.00800
27	0.04978	0.48559	0.07471	0.01162	0.01632	0.07860	0.05156	0.01983	0.13160	0.01628	0.01085	0.01178	0.00900	0.00548	0.00442	0.00146	0.00647	0.00394	0.00310	0.00761
28	0.00699	0.00500	0.00666	0.00795	0.00830	0.00466	0.00531	0.00803	0.01106	0.01478	0.04720	0.77907	0.03818	0.01779	0.00729	0.00231	0.00331	0.01613	0.00533	0.00466
29	0.01101	0.01058	0.01845	0.72582	0.03865	0.01285	0.07261	0.01490	0.01160	0.01490	0.01028	0.01526	0.00771	0.00565	0.00580	0.00191	0.00778	0.00521	0.00257	0.00646
30	0.01560	0.01382	0.02034	0.29282	0.05808	0.03680	0.15362	0.27718	0.01761	0.02318	0.01269	0.01538	0.02426	0.00612	0.00592	0.00182	0.00748	0.00553	0.00383	0.00791
31	0.01125	0.01063	0.01797	0.68428	0.13682	0.01283	0.01611	0.01501	0.01165	0.01516	0.01025	0.01510	0.00782	0.00563	0.00571	0.00188	0.00751	0.00509	0.00258	0.00672
32	0.00679	0.00567	0.00593	0.00614	0.00782	0.00480	0.00450	0.00817	0.01271	0.01532	0.05377	0.17207	0.64665	0.01503	0.00685	0.00199	0.00296	0.01273	0.00531	0.00480
33	0.01256	0.02142	0.43886	0.01371	0.01974	0.01265	0.01547	0.10586	0.12607	0.02194	0.13708	0.01875	0.01683	0.00699	0.00574	0.00182	0.00665	0.00569	0.00397	0.00819
34	0.01066	0.17117	0.05512	0.00934	0.02737	0.01108	0.00788	0.01555	0.15062	0.01842	0.19349	0.03211	0.22276	0.01112	0.03728	0.00204	0.00471	0.00798	0.00474	0.00655
35	0.00741	0.00535	0.00711	0.00836	0.00899	0.00505	0.00605	0.00877	0.01152	0.01516	0.03276	0.60516	0.07748	0.01730	0.00739	0.00236	0.00369	0.16000	0.00530	0.00478
36	0.01378	0.01348	0.02196	0.13289	0.57291	0.03585	0.03036	0.01703	0.01258	0.01762	0.01039	0.01409	0.00869	0.00558	0.00670	0.00179	0.06808	0.00508	0.00277	0.00838
37	0.01018	0.00968	0.01679	0.40517	0.02787	0.01060	0.14106	0.01355	0.01258	0.01640	0.10980	0.06757	0.11855	0.00817	0.00626	0.00192	0.00649	0.00760	0.00360	0.00617
38	0.01333	0.01275	0.02172	0.22020	0.58468	0.01337	0.01714	0.01683	0.01263	0.01768	0.01061	0.01443	0.00871	0.00525	0.00568	0.00175	0.00700	0.00509	0.00276	0.00839
39	0.00775	0.00583	0.00717	0.00683	0.00833	0.00525	0.00512	0.01012	0.01537	0.02100	0.57810	0.04592	0.23737	0.01242	0.00675	0.00183	0.00275	0.01079	0.00604	0.00525
40	0.01249	0.21457	0.01465	0.00876	0.01188	0.01237	0.00730	0.07228	0.14903	0.05380	0.03079	0.05088	0.27866	0.05001	0.00682	0.00192	0.00453	0.00779	0.00468	0.00679
41	0.01359	0.04999	0.38295	0.21468	0.02627	0.08327	0.01686	0.01895	0.04806	0.07542	0.01161	0.01365	0.00839	0.00577	0.00546	0.00179	0.00786	0.00458	0.00303	0.00783
42	0.01363	0.01507	0.03168	0.02627	0.17380	0.01429	0.60027	0.01817	0.01341	0.01839	0.01141	0.01518	0.00875	0.00488	0.00654	0.00188	0.00908	0.00643	0.00288	0.00798
43	0.00984	0.00640	0.00851	0.00812	0.00945	0.00619	0.00607	0.01199	0.01452	0.09546	0.46715	0.22168	0.04347	0.01265	0.00744	0.00196	0.04645	0.01102	0.00593	0.00570
44	0.01414	0.07747	0.05687	0.06296	0.06573	0.08975	0.39383	0.04864	0.04288	0.01809	0.01450	0.01703	0.05911	0.00587	0.00610	0.00180	0.00832	0.00615	0.00322	0.00755
45	0.01223	0.01134	0.01823	0.33066	0.02653	0.03520	0.13047	0.01522	0.01186	0.05693	0.04304	0.06138	0.04321	0.00783	0.00874	0.00203	0.16882	0.00646	0.00327	0.00655
46	0.00696	0.00569	0.00619	0.00653	0.00811	0.00491	0.00486	0.00841	0.01264	0.01540	0.05101	0.19813	0.57307	0.01523	0.00694	0.00205	0.00314	0.06060	0.00531	0.00482
47	0.01492	0.05783	0.02266	0.14421	0.15170	0.05165	0.22513	0.06647	0.01414	0.08897	0.03564	0.01696	0.03759	0.00619	0.00649	0.00181	0.04045	0.00586	0.00356	0.00774
48	0.01460	0.00875	0.01106	0.01132	0.07018	0.03553	0.00781	0.03860	0.06349	0.23973	0.08578	0.33880	0.02662	0.01175	0.00644	0.00199	0.00442	0.01035	0.00568	0.00708
49	0.00712	0.00509	0.00681	0.00814	0.00853	0.00478	0.00557	0.00822	0.01110	0.01477	0.03144	0.74632	0.03750	0.01778	0.00734	0.00234	0.00345	0.06370	0.00531	0.00469
50	0.01333	0.01441	0.02949	0.11573	0.19256	0.01407	0.49768	0.01772	0.01315	0.01797	0.01123	0.01513	0.00864	0.00499	0.00639	0.00188	0.00878	0.00619	0.00284	0.00785
51	0.01808	0.04785	0.02006	0.03262	0.26742	0.18532	0.05702	0.18431	0.05134	0.06285	0.01217	0.01373	0.00939	0.00589	0.00556	0.00167	0.00742	0.00491	0.00387	0.00852
52	0.01741	0.03161	0.01787	0.11997	0.02123	0.40403	0.10121	0.08098	0.05330	0.01702	0.01227	0.07373	0.01066	0.00684	0.00566	0.00170	0.00862	0.00549	0.00344	0.00697
53	0.00778	0.00583	0.00721	0.00686	0.00835	0.00526	0.00515	0.01018	0.01545	0.02117	0.59436	0.04564	0.22100	0.01235	0.00675	0.00183	0.00275	0.01075	0.00606	0.00526
54	0.04665	0.01166	0.02028	0.48298	0.20476	0.01314	0.10735	0.01585	0.01199	0.01649	0.01039	0.01477	0.00803	0.00544	0.00574	0.00186	0.00755	0.00521	0.00269	0.00715
55	0.01818	0.42870	0.05849	0.01091	0.01540	0.13945	0.01005	0.02984	0.01363	0.17865	0.02438	0.01291	0.00991	0.02096	0.00502	0.00151	0.00656	0.00405	0.00366	0.00773
56	0.01350	0.01543	0.03375	0.02411	0.02989	0.01446	0.74253	0.01832	0.01350	0.01832	0.01157	0.01543	0.00868	0.00482	0.00675	0.00193	0.00964	0.00675	0.00289	0.00771
57	0.00740	0.00539	0.00697	0.00749	0.00835	0.00496	0.00527	0.00911	0.01321	0.01800	0.32450	0.43706	0.10072	0.01517	0.00704	0.00208	0.00304	0.01357	0.00570	0.00496
58	0.05068	0.00655	0.00772	0.00733	0.00903	0.00637	0.00557	0.01175	0.06390	0.02061	0.44733	0.04093	0.21409	0.01420	0.06660	0.00242	0.00394	0.00980	0.00564	0.00552
59	0.01298	0.38085	0.37826	0.01272	0.01904	0.01702	0.01487	0.01714	0.01206	0.01619	0.05143	0.01262	0.01001	0.00606	0.01549	0.00165	0.00716	0.00406	0.00266	0.00773
60	0.00894	0.00645	0.00886	0.01009	0.01139	0.00637	0.00869	0.01141	0.01305	0.01688	0.03220	0.10124	0.08192	0.01582	0.00779	0.00257	0.00501	0.64086	0.00527	0.00521
61	0.01394	0.01421	0.02677	0.03140	0.51580	0.01389	0.26221	0.01781	0.01318	0.01856	0.01103	0.01459	0.00893	0.00500	0.00603	0.00178	0.00776	0.00565	0.00285	0.00861
62	0.01108	0.01053	0.01805	0.71801	0.07904	0.01282	0.04062	0.01490	0.01159	0.01496	0.01025	0.01520	0.00774	0.00565	0.00575	0.00190	0.00765	0.00514	0.00257	0.00655
63	0.00710	0.00515	0.00674	0.00797	0.00849	0.00479	0.00550	0.00824	0.01126	0.01484	0.03351	0.68854	0.09395	0.01751	0.00730	0.00231	0.00342	0.06337	0.00531	0.00470
64	0.01147	0.02959	0.76934	0.01630	0.02476	0.01328	0.02113	0.01811	0.01208	0.01811	0.01026	0.01208	0.00725	0.00543	0.00543	0.00181	0.00845	0.00423	0.00242	0.00845
65	0.00802	0.00584	0.00754	0.00712	0.00850	0.00537	0.00534	0.01065	0.01602	0.02252	0.72151	0.04341	0.09300	0.01185	0.00675	0.00181	0.00271	0.01044	0.00624	0.00537
66	0.01529	0.80242	0.02997	0.00979	0.01468	0.02263	0.00979	0.01713	0.01162	0.01346	0.00795	0.00918	0.00734	0.00489	0.00367	0.00122	0.00612	0.00306	0.00245	0.00734
67	0.00678	0.00580	0.00583	0.00582	0.00774	0.00484	0.00437	0.00826	0.01310	0.01559	0.07081	0.05482	0.74803	0.01443	0.00676	0.00193	0.00289	0.01204	0.00533	0.00484
68	0.01529	0.80242	0.02997	0.00979	0.01468	0.02263	0.00979	0.01713	0.01162	0.01346	0.00795	0.00918	0.00734	0.00489	0.00367	0.00122	0.00612	0.00306	0.00245	0.00734
69	0.00692	0.00585	0.00602	0.00611	0.00800	0.00495	0.00467	0.00845	0.01305	0.01556	0.05609	0.05568	0.71223	0.01457	0.00684	0.00198	0.00306	0.05979	0.00531	0.00486
70	0.01416	0.01359	0.02322	0.03511	0.76330	0.01359	0.01755	0.01755	0.01302	0.01869	0.01076	0.01416	0.00906	0.00510	0.00566	0.00170	0.00680	0.00510	0.00283	0.00906
71	0.00686	0.00558	0.00608	0.00641	0.00790	0.00480	0.00463	0.00824	0.01261	0.01550	0.07657	0.24661	0.54775	0.01528	0.00690	0.00203	0.00300	0.01310	0.00535	0.00480
72	0.01080	0.01017	0.01716	0.78523	0.03940	0.01271	0.01589	0.01461	0.01144	0.01461	0.01017	0.01525	0.00762	0.00572	0.00572	0.00191	0.00762	0.00508	0.00254	0.00635
73	0.02252	0.01389	0.01574	0.01216	0.01662	0.01469	0.01002	0.48522	0.06449	0.25879	0.01697	0.01591	0.01152	0.00698	0.00574	0.00175	0.00576	0.00541	0.00614	0.00969
74	0.01066	0.00533	0.00533	0.00533	0.00666	0.00533	0.00400	0.01333	0.01200	0.02132	0.01866	0.02132	0.01466	0.00666	0.00400	0.00133	0.00267	0.00533	0.83073	0.00533
75	0.01371	0.01349	0.02407	0.11248	0.58308	0.01362	0.12023	0.01735	0.01292	0.01821	0.01081	0.01445	0.00886	0.00512	0.00582	0.00175	0.00729	0.00533	0.00281	0.00858
76	0.83938	0.01106	0.00841	0.00752	0.01106	0.01283	0.00619	0.01681	0.00973	0.02566	0.00796	0.00929	0.00619	0.00531	0.00354	0.00177	0.00442	0.00310	0.00354	0.00619
77	0.02174	0.01602	0.01717	0.01316	0.01774	0.01774	0.01087	0.74423	0.02689	0.03605	0.01373	0.01373	0.00973	0.00687	0.00572	0.00172	0.00629	0.00515	0.00572	0.00973
78	0.01066	0.00533	0.00533	0.00533	0.00666	0.00533	0.00400	0.01333	0.01200	0.02132	0.01866	0.02132	0.01466	0.00666	0.00400	0.00133	0.00267	0.00533	0.83073	0.00533
79	0.06587	0.01405	0.01595	0.01365	0.06616	0.06694	0.04058	0.34866	0.01978	0.20201	0.01519	0.01655	0.01118	0.06839	0.00743	0.00202	0.00625	0.00539	0.00524	0.00870
80	0.04574	0.01130	0.01704	0.49528	0.11923	0.01318	0.01434	0.08843	0.06300	0.05981	0.01206	0.01538	0.00897	0.00595	0.00564	0.00185	0.00691	0.00514	0.00340	0.00737
81	0.01885	0.01129	0.01342	0.01106	0.01432	0.04235	0.00895	0.19076	0.05459	0.29579	0.05284	0.01918	0.01457	0.01471	0.16384	0.00331	0.05070	0.00582	0.00542	0.00823
82	0.01086	0.00895	0.01021	0.00985	0.01128	0.04112	0.00733	0.08334	0.13363	0.01850	0.08534	0.33306	0.02668	0.05311	0.07591	0.00289	0.06649	0.01043	0.00491	0.00611
83	0.01525	0.11056	0.23472	0.01263	0.01754	0.06317	0.03880	0.09188	0.06062	0.13013	0.09085	0.07782	0.01636	0.00752	0.00563	0.00175	0.00637	0.00616	0.00432	0.00792
84	0.00971	0.00832	0.01263	0.28015	0.02040	0.01025	0.01033	0.01192	0.00977	0.01345	0.01289	0.02105	0.01211	0.15021	0.27990	0.00513	0.11751	0.00597	0.00287	0.00543
85	0.01488	0.01965	0.24630	0.07139	0.09821	0.07365	0.16752	0.10820	0.03601	0.05121	0.01165	0.01387	0.00867	0.00587	0.00647	0.00183	0.04797	0.00514	0.00331	0.00819
86	0.00829	0.00624	0.00772	0.00735	0.00886	0.00589	0.00551	0.01166	0.06587	0.02162	0.58268	0.07954	0.14303	0.01209	0.00671	0.00185	0.00288	0.01059	0.00609	0.00554
87	0.01604	0.70727	0.02828	0.01039	0.01505	0.11511	0.00994	0.01783	0.01219	0.01352	0.00806	0.00932	0.00734	0.00502	0.00385	0.00125	0.00663	0.00314	0.00251	0.00725
88	0.00950	0.00799	0.01156	0.15004	0.08087	0.00885	0.00946	0.01258	0.07102	0.01584	0.02316	0.40400	0.02541	0.01299	0.00775	0.00220	0.06961	0.06689	0.00441	0.00587
89	0.01478	0.09491	0.27064	0.03814	0.26561	0.03018	0.05756	0.07521	0.01394	0.06927	0.01134	0.01333	0.00860	0.00547	0.00546	0.00171	0.00736	0.00472	0.00317	0.00861
90	0.05635	0.32006	0.02045	0.01094	0.01508	0.01797	0.00956	0.29427	0.07493	0.02336	0.01222	0.01380	0.00995	0.03729	0.05833	0.00219	0.00659	0.00452	0.00409	0.00804
91	0.00817	0.00613	0.00919	0.00919	0.01021	0.00715	0.00715	0.01021	0.00919	0.01328	0.01532	0.02247	0.01430	0.04290	0.77631	0.00919	0.01532	0.00613	0.00306	0.00511
92	0.01183	0.09698	0.32977	0.01587	0.09949	0.04344	0.07144	0.01627	0.01348	0.01881	0.20469	0.02015	0.01969	0.00694	0.00572	0.00173	0.00672	0.00597	0.00353	0.00748
93	0.10053	0.30165	0.03632	0.01148	0.01566	0.15588	0.03618	0.02179	0.13329	0.11722	0.01273	0.01303	0.00983	0.00588	0.00471	0.00155	0.00647	0.00425	0.00383	0.00773
94	0.01039	0.01037	0.01965	0.01558	0.01869	0.00999	0.34099	0.01335	0.01243	0.01654	0.02455	0.22705	0.12334	0.01134	0.02060	0.00224	0.04675	0.06591	0.00403	0.00621
95	0.01387	0.15746	0.12048	0.02956	0.02621	0.01589	0.48772	0.04644	0.01349	0.01808	0.01084	0.01384	0.00830	0.00500	0.00599	0.00178	0.00872	0.00571	0.00286	0.00780
96	0.01394	0.01326	0.02201	0.08272	0.65716	0.01358	0.01678	0.01836	0.07068	0.01883	0.01170	0.01479	0.00962	0.00535	0.00568	0.00173	0.00667	0.00520	0.00305	0.00888
97	0.01284	0.01408	0.02937	0.08226	0.04995	0.01376	0.57285	0.01713	0.01298	0.01763	0.01274	0.04887	0.01062	0.00608	0.00728	0.00199	0.04625	0.03292	0.00303	0.00736
98	0.00743	0.00532	0.00712	0.00815	0.00878	0.00501	0.00581	0.00891	0.01209	0.01629	0.15174	0.58096	0.03989	0.01663	0.00728	0.00227	0.00346	0.10255	0.00547	0.00485
99	0.01356	0.12008	0.37611	0.01480	0.02071	0.14741	0.07853	0.01851	0.04832	0.01684	0.01377	0.04633	0.04767	0.00648	0.00545	0.00172	0.00791	0.00521	0.00298	0.00762
100	0.01413	0.10029	0.03236	0.02205	0.02758	0.05814	0.62302	0.01845	0.01345	0.01756	0.01103	0.01447	0.00846	0.00489	0.00633	0.00183	0.00930	0.00618	0.00285	0.00761
101	0.01010	0.00654	0.00843	0.00815	0.00969	0.00617	0.00615	0.04908	0.01512	0.08690	0.40287	0.23483	0.05992	0.01299	0.00683	0.00199	0.00341	0.05907	0.00599	0.00579
102	0.05557	0.17231	0.04519	0.00941	0.01292	0.05537	0.00818	0.13310	0.06159	0.04168	0.02960	0.02943	0.29152	0.00936	0.00559	0.00172	0.00503	0.02103	0.00454	0.00687
103	0.02283	0.01204	0.01477	0.01214	0.04273	0.01203	0.00955	0.24336	0.09882	0.43993	0.01956	0.01775	0.01300	0.00702	0.00575	0.00177	0.00533	0.00562	0.00638	0.00963
104	0.01157	0.06377	0.01886	0.03554	0.27818	0.01129	0.13040	0.01495	0.04304	0.01728	0.02450	0.08731	0.18129	0.00887	0.00621	0.00187	0.00591	0.04817	0.00382	0.00717
105	0.01739	0.35630	0.06019	0.05503	0.01715	0.21409	0.01070	0.04978	0.01422	0.09534	0.05175	0.01310	0.01076	0.00592	0.00474	0.00147	0.00710	0.00417	0.00342	0.00741
106	0.01014	0.00651	0.00837	0.00863	0.00993	0.00614	0.00623	0.05979	0.01298	0.08988	0.06953	0.55968	0.03317	0.01514	0.00692	0.00216	0.00376	0.04756	0.00549	0.03800

[dist]
# distance from previous block
# <min> <max>
0	2

[block]
# block no. 2 follows, 41 sequences, length 9
# corresponding to MSA columns:
# 233-241
name=unknown_C
#
# <colnr> <probs for GDERKNQSTAVLIFYWHMCP>
#	G	D	E	R	K	N	Q	S	T	A	V	L	I	F	Y	W	H	M	C	P
0	0.01559	0.05660	0.01449	0.06375	0.01623	0.08606	0.00912	0.23080	0.07995	0.04091	0.10945	0.01934	0.05215	0.00711	0.00544	0.00154	0.00554	0.00565	0.00467	0.17559
1	0.06956	0.01445	0.14811	0.20486	0.18610	0.01248	0.01393	0.08639	0.03786	0.03169	0.01212	0.01681	0.01005	0.10289	0.00834	0.00224	0.00675	0.00522	0.00328	0.02684
2	0.01473	0.39097	0.06810	0.01280	0.01763	0.04533	0.12122	0.05448	0.10642	0.01726	0.01129	0.01272	0.00925	0.00664	0.03062	0.00173	0.00693	0.00437	0.00320	0.06432
3	0.01170	0.00978	0.01356	0.23002	0.05454	0.01087	0.02514	0.07977	0.14915	0.02053	0.16776	0.03054	0.03707	0.00917	0.00634	0.00199	0.00548	0.12500	0.00469	0.00689
4	0.11465	0.04049	0.02359	0.07139	0.07355	0.08758	0.33032	0.05968	0.05475	0.07068	0.01212	0.01441	0.00908	0.00549	0.00579	0.00180	0.00784	0.00550	0.00354	0.00774
5	0.01322	0.01009	0.01285	0.01093	0.01357	0.02258	0.03491	0.06896	0.14246	0.09109	0.06634	0.02012	0.01554	0.03179	0.22508	0.00391	0.08683	0.00591	0.00433	0.11949
6	0.00736	0.00552	0.00745	0.06085	0.01060	0.00534	0.00620	0.00870	0.01134	0.01485	0.03254	0.62143	0.10521	0.01662	0.00718	0.00228	0.00370	0.06290	0.00512	0.00482
7	0.05827	0.01060	0.01345	0.18958	0.01959	0.01071	0.00962	0.11272	0.01331	0.01969	0.01154	0.03938	0.00972	0.00879	0.06763	0.00205	0.03714	0.00471	0.00352	0.35797
8	0.01022	0.00799	0.01042	0.06183	0.01285	0.02703	0.04259	0.03736	0.07280	0.05025	0.35926	0.17292	0.08874	0.01148	0.00659	0.00192	0.00404	0.01018	0.00552	0.00603

[dist]
# distance from previous block
# <min> <max>
0	669

# created by:
# /software/SequenceAnalysis/GenePrediction/augustus/3.0.1/scripts/msa2prfl.pl ./fixed/BUSCOvEOG7PK3NR.fas
