[name]
unknown

[dist]
# distance from previous block
# <min> <max>
12	219

[block]
# block no. 0 follows, 39 sequences, length 74
# corresponding to MSA columns:
# 339-412
name=unknown_A
#
# <colnr> <probs for GDERKNQSTAVLIFYWHMCP>
#	G	D	E	R	K	N	Q	S	T	A	V	L	I	F	Y	W	H	M	C	P
0	0.06601	0.01130	0.01264	0.04054	0.01523	0.01231	0.00881	0.07612	0.37630	0.15751	0.02172	0.07064	0.01678	0.00814	0.00579	0.00191	0.00477	0.00672	0.06162	0.02515
1	0.04673	0.00914	0.01188	0.05590	0.01393	0.00932	0.08421	0.11910	0.01492	0.02361	0.06048	0.02006	0.01499	0.00675	0.00497	0.00155	0.00456	0.00571	0.43152	0.06066
2	0.06570	0.01243	0.01736	0.11371	0.01982	0.03183	0.10173	0.07977	0.05728	0.06414	0.01337	0.05853	0.01131	0.00808	0.00977	0.00205	0.23306	0.00601	0.05084	0.04321
3	0.00836	0.00531	0.00702	0.00777	0.00819	0.00509	0.00525	0.00875	0.01072	0.01468	0.06097	0.43658	0.04518	0.07945	0.01260	0.18832	0.00396	0.02857	0.05893	0.00431
4	0.01404	0.11525	0.13450	0.09146	0.44621	0.01517	0.06428	0.01798	0.01303	0.01817	0.01068	0.01385	0.00871	0.00533	0.00564	0.00174	0.00746	0.00498	0.00279	0.00872
5	0.01102	0.00551	0.00551	0.00551	0.00689	0.00551	0.00413	0.01378	0.01240	0.02205	0.01929	0.02205	0.01516	0.00689	0.00413	0.00138	0.00276	0.00551	0.82500	0.00551
6	0.00837	0.00604	0.00790	0.00744	0.00883	0.00558	0.00558	0.01116	0.01674	0.02371	0.75216	0.04417	0.05580	0.01209	0.00697	0.00186	0.00279	0.01069	0.00651	0.00558
7	0.01102	0.00551	0.00551	0.00551	0.00689	0.00551	0.00413	0.01378	0.01240	0.02205	0.01929	0.02205	0.01516	0.00689	0.00413	0.00138	0.00276	0.00551	0.82500	0.00551
8	0.00845	0.00634	0.00950	0.00950	0.01056	0.00739	0.00739	0.01056	0.00950	0.01373	0.01584	0.02323	0.01478	0.04435	0.76873	0.00950	0.01584	0.00634	0.00317	0.00528
9	0.83394	0.01144	0.00869	0.00778	0.01144	0.01327	0.00640	0.01738	0.01006	0.02653	0.00823	0.00961	0.00640	0.00549	0.00366	0.00183	0.00457	0.00320	0.00366	0.00640
10	0.00719	0.00563	0.00651	0.00706	0.00831	0.00496	0.00500	0.00859	0.01282	0.01621	0.10314	0.36796	0.39308	0.01626	0.00723	0.00216	0.00316	0.01419	0.00557	0.00496
11	0.83394	0.01144	0.00869	0.00778	0.01144	0.01327	0.00640	0.01738	0.01006	0.02653	0.00823	0.00961	0.00640	0.00549	0.00366	0.00183	0.00457	0.00320	0.00366	0.00640
12	0.02001	0.02222	0.01720	0.06203	0.06480	0.44927	0.01194	0.15183	0.05306	0.01959	0.01097	0.01256	0.00873	0.00643	0.00609	0.00166	0.04071	0.00445	0.00367	0.03279
13	0.00860	0.00573	0.00645	0.00645	0.00645	0.00573	0.00358	0.00860	0.00860	0.01147	0.01863	0.03870	0.02150	0.79217	0.03010	0.00573	0.00573	0.00860	0.00358	0.00358
14	0.02485	0.01263	0.04552	0.01160	0.01639	0.01146	0.00991	0.21590	0.01963	0.53736	0.02039	0.01824	0.01313	0.00719	0.00593	0.00182	0.00558	0.00572	0.00675	0.01001
15	0.01787	0.01350	0.01462	0.01229	0.01603	0.01506	0.00977	0.29592	0.38112	0.07327	0.02086	0.06965	0.01622	0.00833	0.00608	0.00193	0.00531	0.00680	0.00602	0.00937
16	0.01145	0.00593	0.00597	0.00582	0.00732	0.00599	0.00440	0.04084	0.01298	0.02262	0.01910	0.02175	0.01497	0.00690	0.00420	0.00139	0.00290	0.00550	0.79429	0.00568
17	0.00902	0.00687	0.00822	0.00732	0.00960	0.00587	0.00558	0.01141	0.01506	0.03621	0.41561	0.04187	0.24401	0.01150	0.00652	0.00173	0.00316	0.00988	0.00573	0.14482
18	0.01420	0.00977	0.01078	0.00930	0.01238	0.00981	0.00737	0.15336	0.14374	0.12938	0.07286	0.03702	0.33030	0.01106	0.00649	0.00194	0.00428	0.02250	0.00598	0.00748
19	0.02540	0.01052	0.01390	0.01062	0.01525	0.00928	0.00876	0.07472	0.01736	0.66691	0.02195	0.01926	0.01398	0.00713	0.00585	0.00177	0.00509	0.00576	0.00700	0.05950
20	0.01138	0.01072	0.01812	0.73315	0.08390	0.01319	0.01653	0.01529	0.01192	0.01536	0.01055	0.01570	0.00797	0.00587	0.00591	0.00196	0.00783	0.00526	0.00265	0.00674
21	0.01438	0.01487	0.01244	0.01148	0.01348	0.26299	0.00871	0.07715	0.02923	0.01640	0.01909	0.06871	0.09219	0.07974	0.20420	0.00410	0.05405	0.00681	0.00381	0.00618
22	0.01396	0.01595	0.03490	0.02493	0.03091	0.01496	0.73380	0.01894	0.01396	0.01894	0.01196	0.01595	0.00897	0.00499	0.00698	0.00199	0.00997	0.00698	0.00299	0.00798
23	0.00721	0.00515	0.00686	0.00823	0.00858	0.00480	0.00549	0.00823	0.01132	0.01510	0.03259	0.78831	0.03911	0.01853	0.00755	0.00240	0.00343	0.01681	0.00549	0.00480
24	0.07564	0.01122	0.01335	0.01094	0.01502	0.01133	0.00883	0.04319	0.27552	0.43509	0.02241	0.02000	0.01522	0.00744	0.00582	0.00189	0.00491	0.00602	0.00659	0.00957
25	0.00869	0.00590	0.00706	0.00740	0.00768	0.00588	0.00483	0.00927	0.00971	0.01287	0.02188	0.08929	0.02494	0.59844	0.02458	0.00496	0.00554	0.14302	0.00405	0.00401
26	0.00736	0.00526	0.00704	0.00841	0.00882	0.00494	0.00576	0.00850	0.01147	0.01527	0.03251	0.74043	0.03878	0.01838	0.00759	0.00242	0.00356	0.06317	0.00549	0.00485
27	0.00721	0.00515	0.00686	0.00823	0.00858	0.00480	0.00549	0.00823	0.01132	0.01510	0.03259	0.78831	0.03911	0.01853	0.00755	0.00240	0.00343	0.01681	0.00549	0.00480
28	0.00721	0.00515	0.00686	0.00823	0.00858	0.00480	0.00549	0.00823	0.01132	0.01510	0.03259	0.78831	0.03911	0.01853	0.00755	0.00240	0.00343	0.01681	0.00549	0.00480
29	0.00791	0.00544	0.00665	0.00733	0.00750	0.00528	0.00452	0.00842	0.00994	0.01325	0.02551	0.40802	0.03018	0.41101	0.01899	0.00409	0.00460	0.01265	0.00452	0.00418
30	0.00721	0.00515	0.00686	0.00823	0.00858	0.00480	0.00549	0.00823	0.01132	0.01510	0.03259	0.78831	0.03911	0.01853	0.00755	0.00240	0.00343	0.01681	0.00549	0.00480
31	0.01252	0.15724	0.64061	0.01574	0.02387	0.01533	0.01991	0.01856	0.01241	0.01793	0.01022	0.01199	0.00751	0.00553	0.00532	0.00177	0.00834	0.00417	0.00250	0.00855
32	0.01534	0.01296	0.05207	0.05724	0.45987	0.01218	0.01512	0.01917	0.04379	0.12877	0.01606	0.07002	0.01382	0.00727	0.00612	0.00189	0.00641	0.04910	0.00400	0.00879
33	0.09783	0.00607	0.00624	0.00648	0.00776	0.00618	0.00467	0.01248	0.01164	0.02014	0.02130	0.20787	0.02046	0.06150	0.00663	0.00196	0.00331	0.00821	0.48397	0.00531
34	0.01364	0.01677	0.10574	0.05475	0.12129	0.01488	0.48905	0.01832	0.01330	0.01847	0.01135	0.01520	0.00874	0.00552	0.00757	0.00199	0.06616	0.00630	0.00289	0.00806
35	0.00731	0.00615	0.00636	0.00628	0.00825	0.00528	0.00472	0.00930	0.03074	0.01699	0.13166	0.05477	0.66279	0.01451	0.00697	0.00198	0.00301	0.01216	0.00561	0.00516
36	0.01226	0.01051	0.01226	0.00876	0.01401	0.00788	0.00701	0.01489	0.01226	0.01927	0.01051	0.01226	0.00876	0.00438	0.00438	0.00088	0.00438	0.00350	0.00350	0.82832
37	0.01095	0.00997	0.01599	0.54078	0.07643	0.01146	0.01395	0.01437	0.01212	0.01614	0.04339	0.09902	0.01337	0.00732	0.00597	0.00189	0.00679	0.00654	0.00320	0.09036
38	0.01772	0.01553	0.06250	0.18515	0.10169	0.04505	0.01331	0.38028	0.02035	0.02742	0.01297	0.01487	0.00959	0.00650	0.00575	0.00179	0.00692	0.00520	0.05872	0.00870
39	0.01331	0.09624	0.01979	0.06100	0.01765	0.01732	0.05993	0.04435	0.01081	0.01573	0.00983	0.04544	0.00941	0.00928	0.01469	0.00230	0.51780	0.00558	0.02278	0.00675
40	0.01178	0.00624	0.00632	0.00605	0.00765	0.00636	0.00460	0.06151	0.01342	0.02305	0.01895	0.02153	0.01482	0.00690	0.00425	0.00140	0.00300	0.00550	0.77083	0.00581
41	0.01130	0.00682	0.00908	0.03512	0.01029	0.00728	0.00634	0.08697	0.01092	0.01540	0.01323	0.02012	0.01219	0.06755	0.14241	0.42476	0.00690	0.00561	0.10332	0.00438
42	0.00811	0.00595	0.00760	0.00737	0.00872	0.00544	0.00546	0.01059	0.01586	0.02204	0.60779	0.11936	0.12761	0.01303	0.00703	0.00193	0.00288	0.01149	0.00630	0.00544
43	0.00849	0.00617	0.00869	0.00869	0.00946	0.00695	0.00637	0.01004	0.00926	0.01312	0.01659	0.02738	0.01658	0.24465	0.57089	0.00849	0.01313	0.00694	0.00328	0.00483
44	0.01581	0.79572	0.03099	0.01012	0.01518	0.02340	0.01012	0.01771	0.01202	0.01391	0.00822	0.00949	0.00759	0.00506	0.00379	0.00126	0.00632	0.00316	0.00253	0.00759
45	0.01226	0.01051	0.01226	0.00876	0.01401	0.00788	0.00701	0.01489	0.01226	0.01927	0.01051	0.01226	0.00876	0.00438	0.00438	0.00088	0.00438	0.00350	0.00350	0.82832
46	0.00999	0.00599	0.00788	0.00829	0.00946	0.00545	0.00587	0.01145	0.01295	0.11805	0.12833	0.53646	0.08518	0.01591	0.00722	0.00223	0.00354	0.01423	0.00587	0.00564
47	0.00860	0.00573	0.00645	0.00645	0.00645	0.00573	0.00358	0.00860	0.00860	0.01147	0.01863	0.03870	0.02150	0.79217	0.03010	0.00573	0.00573	0.00860	0.00358	0.00358
48	0.02247	0.01702	0.01771	0.01367	0.01834	0.04779	0.01125	0.70761	0.02737	0.03638	0.01400	0.01406	0.00996	0.00706	0.00589	0.00176	0.00667	0.00526	0.00580	0.00993
49	0.01382	0.01519	0.09827	0.06489	0.06906	0.01279	0.33248	0.03973	0.01385	0.05019	0.04053	0.01591	0.01080	0.00556	0.00640	0.00174	0.02577	0.00582	0.00342	0.17379
50	0.10167	0.00847	0.00962	0.00942	0.01125	0.00884	0.00694	0.13360	0.06426	0.04974	0.03998	0.47661	0.02860	0.01391	0.00667	0.00217	0.00421	0.01216	0.00549	0.00639
51	0.01186	0.03059	0.76153	0.01686	0.02560	0.01373	0.02185	0.01873	0.01249	0.01873	0.01061	0.01249	0.00749	0.00562	0.00562	0.00187	0.00874	0.00437	0.00250	0.00874
52	0.00883	0.00751	0.00914	0.03379	0.09760	0.00707	0.00692	0.01186	0.06751	0.01756	0.08021	0.09028	0.48089	0.01278	0.00667	0.00196	0.00375	0.01087	0.03887	0.00592
53	0.03680	0.12437	0.11730	0.01186	0.01697	0.01349	0.01107	0.13461	0.07550	0.37116	0.01787	0.01665	0.01210	0.00676	0.00556	0.00176	0.00590	0.00526	0.00561	0.00941
54	0.01014	0.00643	0.00829	0.00760	0.00927	0.00587	0.00571	0.01263	0.01606	0.09722	0.59088	0.04219	0.09278	0.05891	0.00827	0.00210	0.00321	0.01020	0.00635	0.00588
55	0.00721	0.00515	0.00686	0.00823	0.00858	0.00480	0.00549	0.00823	0.01132	0.01510	0.03259	0.78831	0.03911	0.01853	0.00755	0.00240	0.00343	0.01681	0.00549	0.00480
56	0.03093	0.05403	0.06382	0.18113	0.11070	0.30192	0.03883	0.04884	0.06543	0.01739	0.01101	0.01343	0.00872	0.00610	0.00586	0.00174	0.02466	0.00469	0.00321	0.00756
57	0.01746	0.08783	0.18404	0.02720	0.01835	0.01435	0.01246	0.16662	0.17850	0.15959	0.03489	0.01867	0.02536	0.00723	0.00577	0.00184	0.00618	0.01958	0.00505	0.00904
58	0.00726	0.00517	0.00685	0.00816	0.00849	0.00484	0.00541	0.00825	0.01122	0.01495	0.03205	0.75888	0.03842	0.04890	0.00843	0.00253	0.00352	0.01649	0.00541	0.00476
59	0.78270	0.04401	0.00981	0.02402	0.01221	0.01369	0.00677	0.01735	0.01018	0.02577	0.00828	0.00973	0.00648	0.00548	0.00371	0.00181	0.00472	0.00324	0.00359	0.00646
60	0.00799	0.00570	0.00739	0.00761	0.00849	0.00533	0.00533	0.00987	0.01398	0.01940	0.42277	0.30288	0.04631	0.09798	0.00965	0.00246	0.00333	0.01260	0.00584	0.00510
61	0.01451	0.01278	0.01304	0.01164	0.01458	0.06329	0.00908	0.05562	0.49201	0.03699	0.08017	0.02499	0.08050	0.00887	0.00693	0.00198	0.05185	0.00712	0.00563	0.00841
62	0.00830	0.00599	0.00784	0.00749	0.00882	0.00553	0.00557	0.01098	0.01641	0.02319	0.70864	0.08918	0.05479	0.01248	0.00701	0.00189	0.00283	0.01106	0.00645	0.00553
63	0.00719	0.00522	0.00679	0.00805	0.00853	0.00482	0.00541	0.00826	0.01150	0.01517	0.03488	0.72711	0.09884	0.01823	0.00750	0.00237	0.00339	0.01645	0.00549	0.00482
64	0.05311	0.01425	0.01531	0.04394	0.01723	0.05858	0.02750	0.35338	0.13588	0.02776	0.01698	0.11297	0.01446	0.00837	0.00622	0.00185	0.02212	0.00674	0.00519	0.05816
65	0.02733	0.06171	0.71745	0.01641	0.02490	0.01412	0.02108	0.01866	0.01242	0.01868	0.01047	0.01231	0.00748	0.00559	0.00551	0.00185	0.00856	0.00430	0.00252	0.00865
66	0.02209	0.02819	0.01676	0.01524	0.01828	0.76843	0.01143	0.02361	0.01676	0.01447	0.00914	0.01066	0.00762	0.00609	0.00533	0.00152	0.01066	0.00381	0.00305	0.00686
67	0.01186	0.03059	0.76153	0.01686	0.02560	0.01373	0.02185	0.01873	0.01249	0.01873	0.01061	0.01249	0.00749	0.00562	0.00562	0.00187	0.00874	0.00437	0.00250	0.00874
68	0.01237	0.02987	0.73547	0.01663	0.02523	0.01356	0.02139	0.01908	0.01264	0.04453	0.01106	0.01275	0.00774	0.00568	0.00563	0.00187	0.00861	0.00442	0.00267	0.00879
69	0.80528	0.01140	0.00901	0.03461	0.01246	0.01326	0.00675	0.01730	0.01013	0.02614	0.00831	0.00982	0.00646	0.00550	0.00374	0.00183	0.00469	0.00327	0.00362	0.00641
70	0.01437	0.01368	0.02327	0.07694	0.69999	0.01382	0.01776	0.01789	0.01335	0.01914	0.01126	0.01485	0.00940	0.00534	0.00582	0.00176	0.00698	0.00527	0.01996	0.00913
71	0.01143	0.01088	0.01779	0.66340	0.03694	0.01389	0.01590	0.01498	0.01141	0.01498	0.01010	0.01534	0.00787	0.00658	0.00794	0.00206	0.12410	0.00524	0.00262	0.00655
72	0.02024	0.01473	0.01591	0.01390	0.06098	0.07038	0.01048	0.43866	0.02224	0.12612	0.01757	0.12959	0.01475	0.00864	0.00612	0.00186	0.00620	0.00699	0.00564	0.00900
73	0.00994	0.00701	0.00826	0.00766	0.00969	0.00655	0.00584	0.01367	0.08992	0.07730	0.38924	0.04437	0.28349	0.01228	0.00680	0.00192	0.00322	0.01053	0.00618	0.00611

[dist]
# distance from previous block
# <min> <max>
0	1

[block]
# block no. 1 follows, 39 sequences, length 61
# corresponding to MSA columns:
# 414-474
name=unknown_B
#
# <colnr> <probs for GDERKNQSTAVLIFYWHMCP>
#	G	D	E	R	K	N	Q	S	T	A	V	L	I	F	Y	W	H	M	C	P
0	0.49214	0.04818	0.05282	0.01116	0.05646	0.01395	0.00893	0.03494	0.10962	0.02383	0.01124	0.01279	0.00890	0.00840	0.05141	0.00232	0.03775	0.00417	0.00380	0.00717
1	0.01315	0.02267	0.40324	0.06721	0.21595	0.01409	0.11975	0.04006	0.01337	0.01926	0.01104	0.01377	0.00828	0.00550	0.00590	0.00186	0.00835	0.00505	0.00279	0.00871
2	0.01245	0.01024	0.01212	0.00893	0.01377	0.00795	0.00710	0.01495	0.01229	0.04342	0.01216	0.05780	0.01070	0.00543	0.00494	0.00103	0.02095	0.00440	0.00373	0.73563
3	0.01471	0.01270	0.01337	0.01203	0.01538	0.01471	0.00936	0.03142	0.74459	0.02474	0.02407	0.02206	0.01805	0.00802	0.00602	0.00201	0.00468	0.00669	0.00602	0.00936
4	0.00753	0.00580	0.00677	0.00695	0.00829	0.00516	0.00499	0.00921	0.01367	0.01778	0.25247	0.22013	0.34674	0.05723	0.00837	0.00225	0.00318	0.01275	0.00568	0.00504
5	0.00860	0.00573	0.00645	0.00645	0.00645	0.00573	0.00358	0.00860	0.00860	0.01147	0.01863	0.03870	0.02150	0.79217	0.03010	0.00573	0.00573	0.00860	0.00358	0.00358
6	0.00845	0.00634	0.00950	0.00950	0.01056	0.00739	0.00739	0.01056	0.00950	0.01373	0.01584	0.02323	0.01478	0.04435	0.76873	0.00950	0.01584	0.00634	0.00317	0.00528
7	0.00887	0.00633	0.00877	0.01013	0.01120	0.00623	0.00837	0.01110	0.01296	0.01695	0.03168	0.27301	0.03549	0.01696	0.00799	0.00263	0.00487	0.51573	0.00546	0.00526
8	0.00922	0.00708	0.00901	0.00891	0.01095	0.00622	0.00697	0.01135	0.01294	0.01788	0.10949	0.26766	0.07254	0.01353	0.00686	0.00204	0.00414	0.21238	0.00511	0.20573
9	0.01294	0.01294	0.01811	0.01553	0.01553	0.01811	0.01294	0.01423	0.00906	0.01423	0.00776	0.01294	0.00776	0.01035	0.01941	0.00259	0.78134	0.00518	0.00259	0.00647
10	0.01102	0.00551	0.00551	0.00551	0.00689	0.00551	0.00413	0.01378	0.01240	0.02205	0.01929	0.02205	0.01516	0.00689	0.00413	0.00138	0.00276	0.00551	0.82500	0.00551
11	0.83394	0.01144	0.00869	0.00778	0.01144	0.01327	0.00640	0.01738	0.01006	0.02653	0.00823	0.00961	0.00640	0.00549	0.00366	0.00183	0.00457	0.00320	0.00366	0.00640
12	0.01499	0.01381	0.01718	0.02055	0.27102	0.04551	0.01248	0.02652	0.46214	0.02244	0.01898	0.01903	0.01462	0.00699	0.00593	0.00190	0.00574	0.00608	0.00483	0.00926
13	0.02653	0.01006	0.01372	0.01052	0.01510	0.00869	0.00869	0.02882	0.01693	0.75937	0.02333	0.02013	0.01464	0.00732	0.00595	0.00183	0.00503	0.00595	0.00732	0.01006
14	0.00721	0.00515	0.00686	0.00823	0.00858	0.00480	0.00549	0.00823	0.01132	0.01510	0.03259	0.78831	0.03911	0.01853	0.00755	0.00240	0.00343	0.01681	0.00549	0.00480
15	0.00845	0.00634	0.00950	0.00950	0.01056	0.00739	0.00739	0.01056	0.00950	0.01373	0.01584	0.02323	0.01478	0.04435	0.76873	0.00950	0.01584	0.00634	0.00317	0.00528
16	0.02209	0.02819	0.01676	0.01524	0.01828	0.76843	0.01143	0.02361	0.01676	0.01447	0.00914	0.01066	0.00762	0.00609	0.00533	0.00152	0.01066	0.00381	0.00305	0.00686
17	0.02209	0.02819	0.01676	0.01524	0.01828	0.76843	0.01143	0.02361	0.01676	0.01447	0.00914	0.01066	0.00762	0.00609	0.00533	0.00152	0.01066	0.00381	0.00305	0.00686
18	0.00721	0.00515	0.00686	0.00823	0.00858	0.00480	0.00549	0.00823	0.01132	0.01510	0.03259	0.78831	0.03911	0.01853	0.00755	0.00240	0.00343	0.01681	0.00549	0.00480
19	0.00721	0.00515	0.00686	0.00823	0.00858	0.00480	0.00549	0.00823	0.01132	0.01510	0.03259	0.78831	0.03911	0.01853	0.00755	0.00240	0.00343	0.01681	0.00549	0.00480
20	0.01029	0.00515	0.00765	0.00765	0.00768	0.00515	0.00511	0.00786	0.00783	0.01058	0.01051	0.01808	0.01040	0.02018	0.02261	0.80616	0.00507	0.00515	0.02424	0.00265
21	0.03551	0.01396	0.01883	0.30770	0.06754	0.01581	0.05366	0.36496	0.01974	0.02656	0.01236	0.01482	0.00905	0.00639	0.00592	0.00186	0.00721	0.00534	0.00428	0.00849
22	0.02209	0.02819	0.01676	0.01524	0.01828	0.76843	0.01143	0.02361	0.01676	0.01447	0.00914	0.01066	0.00762	0.00609	0.00533	0.00152	0.01066	0.00381	0.00305	0.00686
23	0.01027	0.00514	0.00770	0.00770	0.00770	0.00514	0.00514	0.00770	0.00770	0.01027	0.01027	0.01798	0.01027	0.02054	0.02311	0.82794	0.00514	0.00514	0.00257	0.00257
24	0.02137	0.01779	0.06071	0.01379	0.01858	0.05956	0.01175	0.61147	0.06986	0.03416	0.01431	0.01438	0.01026	0.00701	0.00587	0.00178	0.00676	0.00527	0.00556	0.00976
25	0.01188	0.00746	0.00984	0.05291	0.01228	0.00675	0.00684	0.01454	0.01569	0.14291	0.45634	0.05615	0.06711	0.01034	0.00646	0.00177	0.00367	0.00900	0.00600	0.10207
26	0.05697	0.44332	0.13160	0.14417	0.04254	0.01915	0.01309	0.01721	0.01183	0.01565	0.00902	0.01135	0.00763	0.00561	0.00534	0.00159	0.04996	0.00387	0.00262	0.00751
27	0.06605	0.02536	0.04491	0.05567	0.01670	0.01126	0.00984	0.08929	0.06049	0.43925	0.01908	0.01808	0.01281	0.00720	0.00644	0.00185	0.04953	0.00556	0.05155	0.00906
28	0.00721	0.00515	0.00686	0.00823	0.00858	0.00480	0.00549	0.00823	0.01132	0.01510	0.03259	0.78831	0.03911	0.01853	0.00755	0.00240	0.00343	0.01681	0.00549	0.00480
29	0.02058	0.01494	0.01751	0.01320	0.01809	0.01552	0.05421	0.50843	0.02338	0.09585	0.01423	0.01449	0.01017	0.00653	0.00572	0.00164	0.00623	0.00517	0.00545	0.14865
30	0.01283	0.01218	0.01962	0.10143	0.47490	0.03470	0.03493	0.01581	0.01294	0.01780	0.01586	0.18884	0.01586	0.00833	0.00626	0.00192	0.00649	0.00787	0.00348	0.00795
31	0.00887	0.00642	0.00865	0.00944	0.01078	0.00621	0.00784	0.01139	0.01424	0.01894	0.22065	0.11512	0.09139	0.01530	0.00773	0.00242	0.00443	0.42904	0.00573	0.00540
32	0.00958	0.00747	0.00882	0.00854	0.01025	0.00757	0.00638	0.01510	0.18370	0.02124	0.35675	0.14291	0.11597	0.04460	0.00783	0.00217	0.00355	0.03536	0.00599	0.00620
33	0.00704	0.00592	0.00610	0.00621	0.00806	0.00499	0.00460	0.00852	0.01336	0.01606	0.07199	0.11873	0.67779	0.01522	0.00704	0.00203	0.00303	0.01281	0.00551	0.00499
34	0.00708	0.00597	0.00613	0.00615	0.00806	0.00502	0.00459	0.00864	0.01361	0.01642	0.10091	0.07854	0.68889	0.01491	0.00701	0.00200	0.00300	0.01251	0.00555	0.00502
35	0.83394	0.01144	0.00869	0.00778	0.01144	0.01327	0.00640	0.01738	0.01006	0.02653	0.00823	0.00961	0.00640	0.00549	0.00366	0.00183	0.00457	0.00320	0.00366	0.00640
36	0.02209	0.02819	0.01676	0.01524	0.01828	0.76843	0.01143	0.02361	0.01676	0.01447	0.00914	0.01066	0.00762	0.00609	0.00533	0.00152	0.01066	0.00381	0.00305	0.00686
37	0.02184	0.01595	0.01707	0.01316	0.01770	0.01763	0.01085	0.69543	0.02695	0.03642	0.01448	0.01463	0.01034	0.00709	0.00582	0.00175	0.00630	0.00533	0.05146	0.00980
38	0.00860	0.00573	0.00645	0.00645	0.00645	0.00573	0.00358	0.00860	0.00860	0.01147	0.01863	0.03870	0.02150	0.79217	0.03010	0.00573	0.00573	0.00860	0.00358	0.00358
39	0.03076	0.01379	0.01903	0.27696	0.23985	0.06018	0.03079	0.10118	0.12936	0.02064	0.01314	0.01582	0.01014	0.00617	0.00586	0.00186	0.00713	0.00540	0.00367	0.00826
40	0.80922	0.01139	0.00885	0.00786	0.01155	0.01313	0.00647	0.01773	0.01027	0.04897	0.00870	0.00993	0.00666	0.00555	0.00373	0.00183	0.00459	0.00329	0.00377	0.00652
41	0.00740	0.00559	0.00689	0.00783	0.00880	0.00509	0.00563	0.00876	0.01225	0.01566	0.04092	0.48111	0.25994	0.01718	0.00744	0.00231	0.00352	0.09325	0.00549	0.00493
42	0.01200	0.02458	0.51552	0.10159	0.02739	0.01348	0.13947	0.01800	0.01272	0.01831	0.01201	0.01651	0.00929	0.00616	0.00602	0.00195	0.00866	0.04538	0.00276	0.00819
43	0.01260	0.07343	0.69378	0.01625	0.02464	0.01411	0.02072	0.01902	0.01261	0.04437	0.01092	0.01258	0.00775	0.00565	0.00553	0.00184	0.00847	0.00436	0.00267	0.00872
44	0.01129	0.01063	0.01796	0.75201	0.06573	0.01317	0.01648	0.01522	0.01188	0.01526	0.01053	0.01573	0.00794	0.00589	0.00591	0.00196	0.00785	0.00526	0.00264	0.00667
45	0.00907	0.00696	0.00848	0.00921	0.01029	0.00718	0.00657	0.01371	0.17648	0.01735	0.03030	0.55576	0.03368	0.03275	0.00773	0.00240	0.00388	0.05681	0.00556	0.00584
46	0.00757	0.00549	0.00708	0.00790	0.00859	0.00506	0.00538	0.00888	0.01216	0.01638	0.14527	0.57307	0.07889	0.06002	0.00861	0.00245	0.00346	0.01486	0.00550	0.02340
47	0.04053	0.01642	0.18333	0.01347	0.01861	0.01308	0.05605	0.06858	0.27823	0.21969	0.01908	0.01820	0.01341	0.00698	0.00590	0.00191	0.00612	0.00581	0.00532	0.00928
48	0.01143	0.01078	0.01821	0.72198	0.09466	0.01321	0.01655	0.01534	0.01195	0.01543	0.01056	0.01568	0.00800	0.00586	0.00591	0.00195	0.00782	0.00526	0.00265	0.00678
49	0.00861	0.01320	0.22222	0.00928	0.01323	0.00776	0.00960	0.01206	0.03232	0.01714	0.05800	0.04306	0.50741	0.01207	0.00657	0.00196	0.00468	0.00998	0.00467	0.00619
50	0.00736	0.00521	0.00682	0.00804	0.00834	0.00491	0.00528	0.00828	0.01102	0.01469	0.03104	0.70485	0.03715	0.10466	0.01006	0.00277	0.00369	0.01590	0.00528	0.00467
51	0.01365	0.01636	0.09638	0.06786	0.10870	0.01485	0.45581	0.01899	0.05489	0.01874	0.01205	0.01561	0.00925	0.00568	0.00750	0.00200	0.06423	0.00631	0.00306	0.00809
52	0.01304	0.01468	0.10773	0.30647	0.40767	0.01368	0.01795	0.01710	0.01275	0.01770	0.01084	0.01480	0.00860	0.00555	0.00585	0.00185	0.00754	0.00516	0.00277	0.00827
53	0.01912	0.29160	0.02182	0.01345	0.01697	0.42516	0.01110	0.03931	0.01473	0.01485	0.00883	0.01055	0.00768	0.00614	0.00606	0.00153	0.07728	0.00375	0.00290	0.00716
54	0.00845	0.00634	0.00950	0.00950	0.01056	0.00739	0.00739	0.01056	0.00950	0.01373	0.01584	0.02323	0.01478	0.04435	0.76873	0.00950	0.01584	0.00634	0.00317	0.00528
55	0.03341	0.01218	0.01436	0.05533	0.04699	0.01184	0.00935	0.24524	0.03780	0.05981	0.01458	0.08162	0.01229	0.00687	0.00540	0.00149	0.00533	0.00562	0.00463	0.33586
56	0.00847	0.00626	0.00914	0.00914	0.01007	0.00719	0.00694	0.01033	0.00940	0.01346	0.01617	0.02507	0.01558	0.13332	0.68086	0.00906	0.01464	0.00661	0.00322	0.00508
57	0.00732	0.00590	0.00652	0.00658	0.00825	0.00510	0.00485	0.00905	0.01395	0.01760	0.21088	0.14108	0.51266	0.01476	0.00705	0.00201	0.00300	0.01260	0.00572	0.00510
58	0.02322	0.01204	0.01442	0.01150	0.01534	0.05309	0.00934	0.10797	0.05856	0.49703	0.01998	0.01917	0.01360	0.03985	0.00808	0.00204	0.07340	0.00584	0.00628	0.00926
59	0.01411	0.01557	0.09661	0.07880	0.59812	0.01402	0.06006	0.01807	0.01330	0.01898	0.01109	0.01457	0.00907	0.00533	0.00590	0.00179	0.00742	0.00528	0.00287	0.00905
60	0.01221	0.00728	0.00859	0.00776	0.01028	0.00642	0.00611	0.03497	0.01519	0.18526	0.15571	0.04601	0.41342	0.01266	0.00679	0.00198	0.00367	0.05324	0.00607	0.00640

[dist]
# distance from previous block
# <min> <max>
1	110

# created by:
# /software/SequenceAnalysis/GenePrediction/augustus/3.0.1/scripts/msa2prfl.pl ./fixed/BUSCOvEOG7K0S34.fas
