[name]
unknown

[dist]
# distance from previous block
# <min> <max>
0	102

[block]
# block no. 0 follows, 39 sequences, length 56
# corresponding to MSA columns:
# 132-187
name=unknown_A
#
# <colnr> <probs for GDERKNQSTAVLIFYWHMCP>
#	G	D	E	R	K	N	Q	S	T	A	V	L	I	F	Y	W	H	M	C	P
0	0.01565	0.01408	0.01869	0.01550	0.01689	0.06694	0.06174	0.06066	0.01189	0.09528	0.01019	0.01384	0.00871	0.00918	0.01536	0.00235	0.54721	0.00530	0.00335	0.00720
1	0.01004	0.00769	0.01202	0.01109	0.01287	0.00731	0.11435	0.02799	0.03778	0.05863	0.07073	0.48429	0.05881	0.01468	0.00726	0.00225	0.00464	0.04634	0.00530	0.00592
2	0.00862	0.00584	0.00689	0.00695	0.00712	0.00595	0.00423	0.00896	0.00891	0.01196	0.01888	0.03830	0.02134	0.68261	0.10492	0.00599	0.00676	0.03831	0.00362	0.00384
3	0.01399	0.01586	0.03435	0.02549	0.06719	0.01491	0.69795	0.01890	0.01393	0.01896	0.01192	0.01589	0.00899	0.00500	0.00692	0.00198	0.00982	0.00689	0.00299	0.00805
4	0.00721	0.00515	0.00686	0.00823	0.00858	0.00480	0.00549	0.00823	0.01132	0.01510	0.03259	0.78831	0.03911	0.01853	0.00755	0.00240	0.00343	0.01681	0.00549	0.00480
5	0.01569	0.76377	0.03046	0.01034	0.01519	0.02318	0.01023	0.01757	0.01190	0.01393	0.00820	0.00963	0.00760	0.00528	0.00443	0.00132	0.03796	0.00324	0.00253	0.00754
6	0.00699	0.00599	0.00599	0.00599	0.00799	0.00499	0.00449	0.00849	0.01348	0.01598	0.05991	0.05691	0.75288	0.01498	0.00699	0.00200	0.00300	0.01248	0.00549	0.00499
7	0.06237	0.01364	0.01460	0.01296	0.04103	0.01540	0.00993	0.21492	0.47356	0.02782	0.01984	0.01882	0.01479	0.00746	0.00582	0.00190	0.00523	0.00601	0.00570	0.02819
8	0.00964	0.00738	0.00900	0.00836	0.01014	0.00741	0.00634	0.01522	0.16239	0.02392	0.60645	0.03975	0.04825	0.01128	0.00678	0.00189	0.00317	0.00989	0.00641	0.00634
9	0.01410	0.01365	0.02371	0.14273	0.61174	0.01397	0.05780	0.01775	0.01326	0.01869	0.01108	0.01487	0.00913	0.00535	0.00593	0.00180	0.00731	0.00536	0.00289	0.00889
10	0.01334	0.01457	0.03104	0.02272	0.02802	0.01372	0.62644	0.01799	0.01388	0.01886	0.01454	0.02241	0.01224	0.00644	0.00706	0.00207	0.00924	0.09509	0.02273	0.00760
11	0.75655	0.01105	0.00871	0.00776	0.01133	0.01266	0.00637	0.01763	0.01046	0.05488	0.00944	0.01071	0.00721	0.00564	0.00378	0.00180	0.00449	0.00344	0.04959	0.00650
12	0.01143	0.01090	0.01879	0.71377	0.06815	0.01326	0.05007	0.01541	0.01199	0.01545	0.01060	0.01573	0.00799	0.00584	0.00596	0.00196	0.00795	0.00534	0.00266	0.00674
13	0.01588	0.71714	0.07105	0.01073	0.01590	0.05773	0.01083	0.01804	0.01226	0.01421	0.00840	0.00971	0.00759	0.00514	0.00397	0.00131	0.00666	0.00326	0.00255	0.00762
14	0.01464	0.01405	0.02400	0.03630	0.75528	0.01405	0.01815	0.01815	0.01347	0.01932	0.01112	0.01464	0.00937	0.00527	0.00585	0.00176	0.00703	0.00527	0.00293	0.00937
15	0.00837	0.00604	0.00790	0.00744	0.00883	0.00558	0.00558	0.01116	0.01674	0.02371	0.75216	0.04417	0.05580	0.01209	0.00697	0.00186	0.00279	0.01069	0.00651	0.00558
16	0.01117	0.01051	0.01774	0.77795	0.04073	0.01314	0.01642	0.01511	0.01182	0.01511	0.01051	0.01577	0.00788	0.00591	0.00591	0.00197	0.00788	0.00526	0.00263	0.00657
17	0.01197	0.05218	0.74091	0.01667	0.02530	0.01401	0.02152	0.01870	0.01247	0.01859	0.01055	0.01240	0.00749	0.00560	0.00557	0.00186	0.00867	0.00434	0.00250	0.00871
18	0.00953	0.00681	0.00953	0.01089	0.01225	0.00681	0.00953	0.01225	0.01361	0.01770	0.03131	0.06671	0.03403	0.01634	0.00817	0.00272	0.00545	0.71547	0.00545	0.00545
19	0.00860	0.00573	0.00645	0.00645	0.00645	0.00573	0.00358	0.00860	0.00860	0.01147	0.01863	0.03870	0.02150	0.79217	0.03010	0.00573	0.00573	0.00860	0.00358	0.00358
20	0.01072	0.13434	0.01406	0.01188	0.04822	0.00985	0.02702	0.01337	0.01365	0.01781	0.10582	0.06641	0.03050	0.01329	0.00718	0.00232	0.00544	0.45716	0.00491	0.00604
21	0.01431	0.01372	0.02342	0.10578	0.68834	0.01397	0.01799	0.01786	0.01331	0.01893	0.01107	0.01474	0.00923	0.00533	0.00586	0.00178	0.00711	0.00527	0.00290	0.00911
22	0.02209	0.02819	0.01676	0.01524	0.01828	0.76843	0.01143	0.02361	0.01676	0.01447	0.00914	0.01066	0.00762	0.00609	0.00533	0.00152	0.01066	0.00381	0.00305	0.00686
23	0.02374	0.01068	0.01528	0.08523	0.09635	0.00989	0.01048	0.04218	0.01632	0.59476	0.02063	0.01900	0.01334	0.00696	0.00593	0.00183	0.00554	0.00580	0.00638	0.00966
24	0.01299	0.01308	0.01890	0.01597	0.01625	0.01797	0.04668	0.01445	0.00929	0.01445	0.00796	0.01308	0.00782	0.01010	0.01883	0.00256	0.74524	0.00526	0.00261	0.00654
25	0.00833	0.00604	0.00785	0.00740	0.00881	0.00556	0.00555	0.01108	0.01665	0.02350	0.73266	0.04453	0.07544	0.01217	0.00698	0.00186	0.00280	0.01075	0.00648	0.00556
26	0.01457	0.01254	0.01327	0.01200	0.01529	0.01450	0.00937	0.03091	0.72484	0.02455	0.02427	0.02327	0.01848	0.00825	0.00608	0.00203	0.00470	0.02584	0.00600	0.00925
27	0.01581	0.79572	0.03099	0.01012	0.01518	0.02340	0.01012	0.01771	0.01202	0.01391	0.00822	0.00949	0.00759	0.00506	0.00379	0.00126	0.00632	0.00316	0.00253	0.00759
28	0.01226	0.01051	0.01226	0.00876	0.01401	0.00788	0.00701	0.01489	0.01226	0.01927	0.01051	0.01226	0.00876	0.00438	0.00438	0.00088	0.00438	0.00350	0.00350	0.82832
29	0.01117	0.01051	0.01774	0.77795	0.04073	0.01314	0.01642	0.01511	0.01182	0.01511	0.01051	0.01577	0.00788	0.00591	0.00591	0.00197	0.00788	0.00526	0.00263	0.00657
30	0.00984	0.00637	0.00837	0.00769	0.00934	0.00583	0.00583	0.01259	0.01675	0.08310	0.69332	0.04223	0.05248	0.01170	0.00689	0.00186	0.00297	0.01031	0.00658	0.00594
31	0.00795	0.00603	0.00732	0.00699	0.00857	0.00540	0.00525	0.01034	0.01574	0.02133	0.53912	0.04809	0.27032	0.01298	0.00698	0.00190	0.00285	0.01124	0.00620	0.00540
32	0.01581	0.79572	0.03099	0.01012	0.01518	0.02340	0.01012	0.01771	0.01202	0.01391	0.00822	0.00949	0.00759	0.00506	0.00379	0.00126	0.00632	0.00316	0.00253	0.00759
33	0.00792	0.00566	0.00768	0.00905	0.00971	0.00542	0.00673	0.00947	0.01203	0.01590	0.03220	0.56624	0.03755	0.01785	0.00774	0.00250	0.00405	0.23182	0.00548	0.00500
34	0.00721	0.00515	0.00686	0.00823	0.00858	0.00480	0.00549	0.00823	0.01132	0.01510	0.03259	0.78831	0.03911	0.01853	0.00755	0.00240	0.00343	0.01681	0.00549	0.00480
35	0.00837	0.00604	0.00790	0.00744	0.00883	0.00558	0.00558	0.01116	0.01674	0.02371	0.75216	0.04417	0.05580	0.01209	0.00697	0.00186	0.00279	0.01069	0.00651	0.00558
36	0.00703	0.00599	0.00605	0.00604	0.00801	0.00501	0.00453	0.00857	0.01358	0.01621	0.08112	0.05652	0.73152	0.01489	0.00699	0.00199	0.00299	0.01243	0.00552	0.00501
37	0.01464	0.01405	0.02400	0.03630	0.75528	0.01405	0.01815	0.01815	0.01347	0.01932	0.01112	0.01464	0.00937	0.00527	0.00585	0.00176	0.00703	0.00527	0.00293	0.00937
38	0.83394	0.01144	0.00869	0.00778	0.01144	0.01327	0.00640	0.01738	0.01006	0.02653	0.00823	0.00961	0.00640	0.00549	0.00366	0.00183	0.00457	0.00320	0.00366	0.00640
39	0.01464	0.01405	0.02400	0.03630	0.75528	0.01405	0.01815	0.01815	0.01347	0.01932	0.01112	0.01464	0.00937	0.00527	0.00585	0.00176	0.00703	0.00527	0.00293	0.00937
40	0.00921	0.00668	0.00909	0.01031	0.01171	0.00657	0.00890	0.01176	0.01354	0.01745	0.03436	0.08316	0.11000	0.01625	0.00803	0.00264	0.00514	0.62437	0.00545	0.00538
41	0.01201	0.05864	0.73475	0.01661	0.02521	0.01409	0.02142	0.01869	0.01247	0.01855	0.01053	0.01238	0.00749	0.00560	0.00555	0.00185	0.00865	0.00433	0.00250	0.00870
42	0.00721	0.00515	0.00686	0.00823	0.00858	0.00480	0.00549	0.00823	0.01132	0.01510	0.03259	0.78831	0.03911	0.01853	0.00755	0.00240	0.00343	0.01681	0.00549	0.00480
43	0.01267	0.02509	0.49202	0.02031	0.05713	0.01415	0.25627	0.01878	0.01301	0.01882	0.01108	0.01372	0.00806	0.00540	0.00608	0.00191	0.00908	0.00527	0.00268	0.00851
44	0.01186	0.03059	0.76153	0.01686	0.02560	0.01373	0.02185	0.01873	0.01249	0.01873	0.01061	0.01249	0.00749	0.00562	0.00562	0.00187	0.00874	0.00437	0.00250	0.00874
45	0.01471	0.01270	0.01337	0.01203	0.01538	0.01471	0.00936	0.03142	0.74459	0.02474	0.02407	0.02206	0.01805	0.00802	0.00602	0.00201	0.00468	0.00669	0.00602	0.00936
46	0.00699	0.00599	0.00599	0.00599	0.00799	0.00499	0.00449	0.00849	0.01348	0.01598	0.05991	0.05691	0.75288	0.01498	0.00699	0.00200	0.00300	0.01248	0.00549	0.00499
47	0.01632	0.01770	0.02209	0.02663	0.38997	0.20932	0.08164	0.01976	0.04374	0.01772	0.01086	0.01386	0.00906	0.00610	0.00726	0.00182	0.08971	0.00510	0.00305	0.00828
48	0.00826	0.00604	0.00775	0.00733	0.00877	0.00553	0.00549	0.01095	0.01648	0.02311	0.69765	0.04518	0.11069	0.01232	0.00698	0.00187	0.00281	0.01084	0.00643	0.00553
49	0.01027	0.00514	0.00770	0.00770	0.00770	0.00514	0.00514	0.00770	0.00770	0.01027	0.01027	0.01798	0.01027	0.02054	0.02311	0.82794	0.00514	0.00514	0.00257	0.00257
50	0.01464	0.01405	0.02400	0.03630	0.75528	0.01405	0.01815	0.01815	0.01347	0.01932	0.01112	0.01464	0.00937	0.00527	0.00585	0.00176	0.00703	0.00527	0.00293	0.00937
51	0.01396	0.01595	0.03490	0.02493	0.03091	0.01496	0.73380	0.01894	0.01396	0.01894	0.01196	0.01595	0.00897	0.00499	0.00698	0.00199	0.00997	0.00698	0.00299	0.00798
52	0.01174	0.01116	0.01909	0.65144	0.14363	0.01332	0.03520	0.01565	0.01212	0.01582	0.01064	0.01561	0.00813	0.00580	0.00593	0.00194	0.00781	0.00530	0.00268	0.00701
53	0.01471	0.01270	0.01337	0.01203	0.01538	0.01471	0.00936	0.03142	0.74459	0.02474	0.02407	0.02206	0.01805	0.00802	0.00602	0.00201	0.00468	0.00669	0.00602	0.00936
54	0.01294	0.01294	0.01811	0.01553	0.01553	0.01811	0.01294	0.01423	0.00906	0.01423	0.00776	0.01294	0.00776	0.01035	0.01941	0.00259	0.78134	0.00518	0.00259	0.00647
55	0.00797	0.00602	0.00738	0.00717	0.00870	0.00543	0.00540	0.01033	0.01551	0.02100	0.50491	0.07583	0.25258	0.01329	0.00704	0.00195	0.00296	0.03501	0.00615	0.00538

[dist]
# distance from previous block
# <min> <max>
0	4

[block]
# block no. 1 follows, 39 sequences, length 21
# corresponding to MSA columns:
# 192-212
name=unknown_B
#
# <colnr> <probs for GDERKNQSTAVLIFYWHMCP>
#	G	D	E	R	K	N	Q	S	T	A	V	L	I	F	Y	W	H	M	C	P
0	0.01468	0.01395	0.01951	0.01674	0.01731	0.01807	0.04814	0.01562	0.01069	0.01639	0.01068	0.01663	0.01029	0.01371	0.07228	0.00340	0.66502	0.00599	0.00337	0.00752
1	0.01186	0.03059	0.76153	0.01686	0.02560	0.01373	0.02185	0.01873	0.01249	0.01873	0.01061	0.01249	0.00749	0.00562	0.00562	0.00187	0.00874	0.00437	0.00250	0.00874
2	0.01564	0.01377	0.01386	0.01231	0.01574	0.05355	0.00960	0.08088	0.65657	0.02510	0.02261	0.02092	0.01695	0.00786	0.00598	0.00196	0.00512	0.00644	0.00586	0.00928
3	0.01186	0.03059	0.76153	0.01686	0.02560	0.01373	0.02185	0.01873	0.01249	0.01873	0.01061	0.01249	0.00749	0.00562	0.00562	0.00187	0.00874	0.00437	0.00250	0.00874
4	0.02041	0.01637	0.14412	0.01314	0.01810	0.08545	0.04518	0.04498	0.16838	0.35215	0.01914	0.01794	0.01305	0.00694	0.00589	0.00185	0.00642	0.00565	0.00556	0.00928
5	0.01243	0.01104	0.01447	0.01034	0.01566	0.00857	0.07788	0.01529	0.01243	0.01924	0.01065	0.01262	0.00878	0.00444	0.00463	0.00098	0.00492	0.00384	0.00345	0.74832
6	0.01130	0.01065	0.01798	0.74877	0.06885	0.01317	0.01649	0.01523	0.01189	0.01528	0.01054	0.01572	0.00794	0.00589	0.00591	0.00196	0.00785	0.00526	0.00264	0.00668
7	0.01366	0.01047	0.01241	0.00893	0.01412	0.00796	0.00717	0.01625	0.01272	0.09161	0.01176	0.01303	0.00933	0.00467	0.00453	0.00097	0.00444	0.00374	0.00388	0.74834
8	0.01639	0.01314	0.01993	0.02666	0.46814	0.01343	0.01464	0.02292	0.19096	0.12863	0.01604	0.01724	0.01224	0.00624	0.00591	0.00183	0.00617	0.00571	0.00432	0.00947
9	0.01581	0.79572	0.03099	0.01012	0.01518	0.02340	0.01012	0.01771	0.01202	0.01391	0.00822	0.00949	0.00759	0.00506	0.00379	0.00126	0.00632	0.00316	0.00253	0.00759
10	0.00860	0.00573	0.00645	0.00645	0.00645	0.00573	0.00358	0.00860	0.00860	0.01147	0.01863	0.03870	0.02150	0.79217	0.03010	0.00573	0.00573	0.00860	0.00358	0.00358
11	0.00721	0.00515	0.00686	0.00823	0.00858	0.00480	0.00549	0.00823	0.01132	0.01510	0.03259	0.78831	0.03911	0.01853	0.00755	0.00240	0.00343	0.01681	0.00549	0.00480
12	0.05545	0.01636	0.01738	0.01337	0.01806	0.01813	0.01104	0.70638	0.02708	0.03683	0.01396	0.01401	0.00991	0.00703	0.00582	0.00178	0.00643	0.00524	0.00582	0.00991
13	0.01430	0.01371	0.02339	0.10862	0.68559	0.01396	0.01798	0.01785	0.01331	0.01891	0.01106	0.01475	0.00922	0.00533	0.00586	0.00178	0.00711	0.00527	0.00290	0.00909
14	0.00860	0.00573	0.00645	0.00645	0.00645	0.00573	0.00358	0.00860	0.00860	0.01147	0.01863	0.03870	0.02150	0.79217	0.03010	0.00573	0.00573	0.00860	0.00358	0.00358
15	0.00845	0.00634	0.00950	0.00950	0.01056	0.00739	0.00739	0.01056	0.00950	0.01373	0.01584	0.02323	0.01478	0.04435	0.76873	0.00950	0.01584	0.00634	0.00317	0.00528
16	0.01218	0.00996	0.04849	0.06659	0.05361	0.00915	0.07973	0.03382	0.01537	0.10299	0.34791	0.03318	0.07308	0.00992	0.00729	0.00195	0.04251	0.04012	0.00530	0.00684
17	0.83394	0.01144	0.00869	0.00778	0.01144	0.01327	0.00640	0.01738	0.01006	0.02653	0.00823	0.00961	0.00640	0.00549	0.00366	0.00183	0.00457	0.00320	0.00366	0.00640
18	0.01295	0.01296	0.01850	0.01563	0.01601	0.01768	0.03746	0.01441	0.00933	0.01455	0.00799	0.01302	0.00784	0.00998	0.01851	0.00251	0.73034	0.00518	0.00263	0.03250
19	0.01629	0.62648	0.02801	0.01127	0.01559	0.11307	0.01055	0.01808	0.01230	0.01401	0.00829	0.00997	0.00761	0.00570	0.00550	0.00143	0.08243	0.00344	0.00260	0.00739
20	0.01241	0.01098	0.01406	0.01013	0.01526	0.00872	0.05867	0.01516	0.01228	0.01908	0.01052	0.01255	0.00874	0.00462	0.00506	0.00101	0.03026	0.00380	0.00344	0.74327

[dist]
# distance from previous block
# <min> <max>
0	9

# created by:
# /software/SequenceAnalysis/GenePrediction/augustus/3.0.1/scripts/msa2prfl.pl ./fixed/BUSCOvEOG79KH5W.fas
