[name]
unknown

[dist]
# distance from previous block
# <min> <max>
4	274

[block]
# block no. 0 follows, 41 sequences, length 13
# corresponding to MSA columns:
# 341-353
name=unknown_A
#
# <colnr> <probs for GDERKNQSTAVLIFYWHMCP>
#	G	D	E	R	K	N	Q	S	T	A	V	L	I	F	Y	W	H	M	C	P
0	0.03837	0.62497	0.11371	0.01084	0.01600	0.05859	0.01110	0.04291	0.01238	0.01515	0.00847	0.00973	0.00738	0.00509	0.00402	0.00134	0.00655	0.00330	0.00261	0.00749
1	0.00820	0.00603	0.00867	0.00867	0.00951	0.00687	0.00650	0.00988	0.00904	0.01289	0.01580	0.02512	0.01545	0.17663	0.64415	0.00855	0.01359	0.00652	0.00314	0.00482
2	0.00844	0.00824	0.08446	0.00811	0.01018	0.00619	0.00698	0.01153	0.01578	0.02245	0.68465	0.03964	0.04926	0.01106	0.00661	0.00180	0.00328	0.00973	0.00591	0.00571
3	0.00817	0.00613	0.00919	0.00919	0.01021	0.00715	0.00715	0.01021	0.00919	0.01328	0.01532	0.02247	0.01430	0.04290	0.77631	0.00919	0.01532	0.00613	0.00306	0.00511
4	0.01529	0.80242	0.02997	0.00979	0.01468	0.02263	0.00979	0.01713	0.01162	0.01346	0.00795	0.00918	0.00734	0.00489	0.00367	0.00122	0.00612	0.00306	0.00245	0.00734
5	0.00679	0.00569	0.00590	0.00607	0.00780	0.00481	0.00447	0.00818	0.01278	0.01535	0.05463	0.14783	0.67033	0.01492	0.00683	0.00198	0.00295	0.01260	0.00531	0.00481
6	0.00817	0.00613	0.00919	0.00919	0.01021	0.00715	0.00715	0.01021	0.00919	0.01328	0.01532	0.02247	0.01430	0.04290	0.77631	0.00919	0.01532	0.00613	0.00306	0.00511
7	0.00842	0.00605	0.00880	0.00880	0.00986	0.00697	0.00683	0.01053	0.00948	0.01409	0.01566	0.02236	0.01434	0.03925	0.69845	0.00840	0.01405	0.00605	0.08650	0.00513
8	0.01039	0.00833	0.01275	0.08932	0.01572	0.00852	0.09999	0.09588	0.01330	0.01766	0.02338	0.37444	0.02553	0.01356	0.00785	0.05020	0.00528	0.11754	0.00461	0.00576
9	0.01219	0.11277	0.54759	0.06208	0.09909	0.01436	0.03933	0.01775	0.01212	0.01746	0.01009	0.01224	0.00750	0.00534	0.00531	0.00174	0.00801	0.00430	0.00248	0.00825
10	0.01299	0.01018	0.01270	0.11535	0.03773	0.01137	0.01021	0.02226	0.36788	0.06654	0.02322	0.03305	0.02031	0.00976	0.00642	0.00212	0.00524	0.21983	0.00521	0.00761
11	0.04753	0.01016	0.01256	0.01013	0.01395	0.00981	0.00819	0.07582	0.13555	0.41072	0.07489	0.02035	0.01664	0.00946	0.05336	0.00219	0.00534	0.00592	0.00607	0.07137
12	0.01354	0.01104	0.01305	0.01241	0.06045	0.01186	0.03058	0.04292	0.44383	0.06175	0.02536	0.06944	0.09248	0.00879	0.00600	0.00190	0.00466	0.03150	0.00538	0.05305

[dist]
# distance from previous block
# <min> <max>
0	1

[block]
# block no. 1 follows, 41 sequences, length 21
# corresponding to MSA columns:
# 355-375
name=unknown_B
#
# <colnr> <probs for GDERKNQSTAVLIFYWHMCP>
#	G	D	E	R	K	N	Q	S	T	A	V	L	I	F	Y	W	H	M	C	P
0	0.70065	0.01036	0.00839	0.02939	0.01147	0.01177	0.00627	0.01567	0.01035	0.02417	0.03096	0.01557	0.09400	0.00656	0.00407	0.00180	0.00432	0.00437	0.00380	0.00606
1	0.01000	0.00502	0.00750	0.00750	0.00750	0.00501	0.00500	0.00750	0.00750	0.01000	0.01000	0.01747	0.01000	0.01990	0.02236	0.83273	0.00499	0.00499	0.00251	0.00252
2	0.00731	0.00626	0.00630	0.00622	0.00824	0.00547	0.00468	0.00968	0.06054	0.01606	0.05574	0.05293	0.71257	0.01409	0.00673	0.00194	0.00303	0.01173	0.00536	0.00513
3	0.01261	0.11383	0.45197	0.01805	0.02525	0.01476	0.24716	0.01811	0.01251	0.01770	0.01048	0.01289	0.00777	0.00522	0.00567	0.00179	0.00858	0.00491	0.00259	0.00812
4	0.11357	0.24538	0.01929	0.01249	0.01611	0.45140	0.01015	0.04168	0.01451	0.01589	0.00870	0.01007	0.00736	0.00561	0.00459	0.00146	0.00834	0.00350	0.00298	0.00691
5	0.00698	0.00585	0.00606	0.00600	0.00787	0.00493	0.00450	0.00856	0.01344	0.01637	0.13855	0.05368	0.67913	0.01420	0.00678	0.00193	0.00290	0.01189	0.00544	0.00493
6	0.00712	0.00508	0.00678	0.00810	0.00847	0.00475	0.00547	0.00815	0.01107	0.01475	0.03153	0.76940	0.03769	0.01788	0.00735	0.00234	0.00341	0.04064	0.00533	0.00470
7	0.02082	0.01535	0.01663	0.01291	0.01724	0.01700	0.01063	0.69067	0.02564	0.03445	0.01391	0.01445	0.01012	0.00950	0.06123	0.00227	0.00696	0.00524	0.00555	0.00942
8	0.00809	0.00589	0.00759	0.00716	0.00855	0.00541	0.00537	0.01070	0.01605	0.02257	0.72056	0.04347	0.09325	0.01189	0.00677	0.00182	0.00273	0.01046	0.00626	0.00540
9	0.01255	0.01354	0.02788	0.23505	0.03153	0.01357	0.50372	0.01696	0.01310	0.01757	0.04774	0.01680	0.01065	0.00545	0.00649	0.00193	0.00876	0.00648	0.00298	0.00726
10	0.01380	0.01015	0.01272	0.09790	0.01672	0.00836	0.00809	0.01642	0.01251	0.12668	0.01203	0.01344	0.00926	0.00486	0.00465	0.00112	0.00474	0.00395	0.00385	0.61877
11	0.00825	0.00614	0.00905	0.00905	0.01001	0.00709	0.00694	0.01014	0.00918	0.01320	0.01555	0.02351	0.01477	0.09140	0.72761	0.00896	0.01471	0.00629	0.00311	0.00504
12	0.06522	0.01409	0.01561	0.05049	0.04050	0.01556	0.01041	0.47290	0.12314	0.07788	0.01527	0.01537	0.01100	0.00684	0.00557	0.00176	0.00581	0.00528	0.03818	0.00911
13	0.01324	0.13311	0.22847	0.01957	0.02568	0.01550	0.41055	0.01793	0.01267	0.01741	0.01058	0.01358	0.00811	0.00527	0.00652	0.00183	0.04394	0.00548	0.00271	0.00782
14	0.07138	0.07601	0.66815	0.01530	0.02318	0.01386	0.01937	0.01800	0.01192	0.01843	0.01002	0.01179	0.00724	0.00544	0.00522	0.00178	0.00804	0.00409	0.00252	0.00825
15	0.14608	0.00721	0.00957	0.00867	0.01005	0.00755	0.05843	0.01185	0.04534	0.01557	0.01184	0.01691	0.01046	0.01469	0.03809	0.45338	0.00521	0.00497	0.11981	0.00431
16	0.01175	0.07324	0.72686	0.01597	0.02422	0.01384	0.02051	0.01810	0.01209	0.01791	0.01020	0.01200	0.00731	0.00545	0.00536	0.00179	0.00834	0.00418	0.00244	0.00842
17	0.00704	0.00503	0.00669	0.00801	0.00835	0.00469	0.00534	0.00802	0.01099	0.01466	0.03157	0.79453	0.03786	0.01795	0.00733	0.00233	0.00334	0.01627	0.00533	0.00468
18	0.00799	0.00587	0.00750	0.00718	0.00860	0.00538	0.00545	0.01054	0.01569	0.02182	0.64703	0.04512	0.13416	0.01220	0.00680	0.00185	0.00284	0.04250	0.00614	0.00533
19	0.01660	0.19170	0.01754	0.01168	0.01505	0.32309	0.00949	0.01843	0.01332	0.03695	0.01008	0.01209	0.00858	0.00840	0.06104	0.00194	0.05817	0.00389	0.04004	0.14190
20	0.01349	0.46606	0.29062	0.04670	0.01915	0.01829	0.01393	0.01715	0.01193	0.01548	0.03444	0.01162	0.00890	0.00535	0.00449	0.00148	0.00690	0.00381	0.00257	0.00762

[dist]
# distance from previous block
# <min> <max>
0	90

# created by:
# /software/SequenceAnalysis/GenePrediction/augustus/3.0.1/scripts/msa2prfl.pl ./fixed/BUSCOvEOG78D297.fas
