[name]
unknown

[dist]
# distance from previous block
# <min> <max>
0	59

[block]
# block no. 0 follows, 39 sequences, length 7
# corresponding to MSA columns:
# 59-65
name=unknown_A
#
# <colnr> <probs for GDERKNQSTAVLIFYWHMCP>
#	G	D	E	R	K	N	Q	S	T	A	V	L	I	F	Y	W	H	M	C	P
0	0.01407	0.06990	0.14162	0.01881	0.02420	0.01436	0.35709	0.10799	0.01528	0.02066	0.01512	0.02351	0.01311	0.00732	0.00662	0.00202	0.00831	0.12843	0.00367	0.00789
1	0.01497	0.01224	0.01403	0.06489	0.05632	0.01358	0.00991	0.19767	0.33426	0.02589	0.09682	0.02498	0.09137	0.00860	0.00617	0.00192	0.00512	0.00715	0.00559	0.00853
2	0.01253	0.13162	0.55415	0.01504	0.02242	0.01479	0.01829	0.01954	0.08626	0.01890	0.04402	0.01443	0.01068	0.00607	0.00547	0.00180	0.00774	0.00472	0.00303	0.00851
3	0.01391	0.01371	0.06264	0.05432	0.34638	0.01259	0.17496	0.01810	0.03328	0.06171	0.11216	0.02069	0.01652	0.00664	0.00631	0.00187	0.00702	0.02504	0.00378	0.00835
4	0.00721	0.00515	0.00686	0.00823	0.00858	0.00480	0.00549	0.00823	0.01132	0.01510	0.03259	0.78831	0.03911	0.01853	0.00755	0.00240	0.00343	0.01681	0.00549	0.00480
5	0.00791	0.00621	0.00868	0.14090	0.01407	0.00630	0.00726	0.00958	0.01190	0.01558	0.06344	0.53560	0.11912	0.01565	0.00717	0.00226	0.00412	0.01403	0.00504	0.00516
6	0.01367	0.01362	0.02340	0.16604	0.32012	0.03880	0.19225	0.04136	0.01411	0.01911	0.06611	0.01836	0.03357	0.00618	0.00624	0.00186	0.00759	0.00624	0.00332	0.00805

[dist]
# distance from previous block
# <min> <max>
0	1

[block]
# block no. 1 follows, 39 sequences, length 12
# corresponding to MSA columns:
# 67-78
name=unknown_B
#
# <colnr> <probs for GDERKNQSTAVLIFYWHMCP>
#	G	D	E	R	K	N	Q	S	T	A	V	L	I	F	Y	W	H	M	C	P
0	0.01143	0.01078	0.01822	0.72137	0.09525	0.01321	0.01656	0.01534	0.01195	0.01543	0.01056	0.01568	0.00800	0.00586	0.00591	0.00195	0.00782	0.00526	0.00265	0.00678
1	0.00793	0.00594	0.00736	0.00719	0.00862	0.00536	0.00532	0.01024	0.01543	0.02104	0.51856	0.12579	0.21261	0.01343	0.00704	0.00195	0.00290	0.01175	0.00617	0.00536
2	0.01375	0.01437	0.02791	0.14767	0.23627	0.01440	0.37780	0.01878	0.05310	0.01875	0.01215	0.01588	0.00940	0.00538	0.00644	0.00192	0.00852	0.00620	0.00308	0.00822
3	0.01255	0.07565	0.64333	0.01577	0.02368	0.01377	0.01977	0.01866	0.01249	0.05014	0.01130	0.01321	0.00820	0.00776	0.04690	0.00225	0.00882	0.00447	0.00274	0.00854
4	0.00721	0.00515	0.00686	0.00823	0.00858	0.00480	0.00549	0.00823	0.01132	0.01510	0.03259	0.78831	0.03911	0.01853	0.00755	0.00240	0.00343	0.01681	0.00549	0.00480
5	0.01210	0.02915	0.69753	0.01854	0.08891	0.01376	0.02153	0.01868	0.01257	0.01878	0.01066	0.01267	0.00765	0.00559	0.00564	0.00186	0.00859	0.00445	0.00253	0.00879
6	0.01475	0.06204	0.23440	0.04943	0.16626	0.01430	0.23156	0.01938	0.01341	0.09406	0.01219	0.01468	0.00905	0.00567	0.00646	0.00188	0.03323	0.00548	0.00323	0.00855
7	0.01247	0.07516	0.61884	0.01715	0.06462	0.01442	0.01997	0.01960	0.06837	0.01892	0.01152	0.01315	0.00841	0.00575	0.00555	0.00184	0.00819	0.00452	0.00279	0.00875
8	0.00838	0.00606	0.00800	0.00817	0.00943	0.00568	0.00629	0.01086	0.01524	0.02105	0.48578	0.15712	0.07230	0.01394	0.00729	0.00211	0.00340	0.14735	0.00612	0.00542
9	0.01238	0.01789	0.22125	0.02119	0.09518	0.01291	0.35990	0.01708	0.01310	0.01830	0.01485	0.13942	0.01348	0.00736	0.00660	0.00201	0.00831	0.00771	0.00326	0.00780
10	0.01162	0.01074	0.01857	0.58881	0.11029	0.01265	0.05993	0.01501	0.01177	0.01536	0.01064	0.01585	0.00831	0.00706	0.00746	0.07362	0.00769	0.00535	0.00268	0.00660
11	0.00792	0.00629	0.00983	0.01000	0.01094	0.00588	0.08253	0.00937	0.01160	0.01550	0.03041	0.70660	0.03593	0.01709	0.00749	0.00236	0.00412	0.01577	0.00523	0.00514

[dist]
# distance from previous block
# <min> <max>
24	36

[block]
# block no. 2 follows, 39 sequences, length 19
# corresponding to MSA columns:
# 125-143
name=unknown_C
#
# <colnr> <probs for GDERKNQSTAVLIFYWHMCP>
#	G	D	E	R	K	N	Q	S	T	A	V	L	I	F	Y	W	H	M	C	P
0	0.01679	0.67574	0.02876	0.01092	0.01566	0.13986	0.01032	0.01863	0.01276	0.01400	0.00837	0.00967	0.00759	0.00522	0.00403	0.00131	0.00700	0.00326	0.00261	0.00747
1	0.00860	0.00573	0.00645	0.00645	0.00645	0.00573	0.00358	0.00860	0.00860	0.01147	0.01863	0.03870	0.02150	0.79217	0.03010	0.00573	0.00573	0.00860	0.00358	0.00358
2	0.05116	0.04438	0.01790	0.01327	0.01798	0.01834	0.01103	0.68417	0.02661	0.03605	0.01377	0.01387	0.00984	0.00697	0.00576	0.00176	0.00643	0.00517	0.00571	0.00984
3	0.02599	0.01038	0.01385	0.01068	0.01522	0.00922	0.00880	0.05293	0.04212	0.70977	0.02305	0.01999	0.01460	0.00734	0.00595	0.00183	0.00507	0.00595	0.00723	0.01004
4	0.01270	0.01265	0.01695	0.01474	0.01499	0.04443	0.01217	0.01410	0.00940	0.01418	0.00886	0.01419	0.00867	0.01459	0.11581	0.00344	0.65388	0.00528	0.00268	0.00633
5	0.62852	0.01217	0.01004	0.00852	0.01247	0.04029	0.00694	0.05532	0.01161	0.02549	0.00895	0.01032	0.00702	0.00542	0.00396	0.00166	0.00487	0.00339	0.00373	0.13932
6	0.01223	0.01223	0.02264	0.51271	0.11499	0.01368	0.19348	0.01638	0.01253	0.01651	0.01094	0.01569	0.00831	0.00561	0.00617	0.00195	0.00831	0.00568	0.00275	0.00722
7	0.01131	0.01079	0.01861	0.73972	0.04023	0.01323	0.05285	0.01530	0.01193	0.01530	0.01058	0.01578	0.00794	0.00587	0.00597	0.00197	0.00799	0.00534	0.00265	0.00664
8	0.01284	0.01281	0.01809	0.05598	0.01686	0.01785	0.01312	0.01428	0.00920	0.01428	0.00791	0.01309	0.00777	0.01012	0.01869	0.00255	0.74030	0.00518	0.00259	0.00647
9	0.01114	0.00667	0.00872	0.00785	0.00977	0.00604	0.00601	0.01379	0.01661	0.13833	0.60425	0.04104	0.08357	0.01149	0.00681	0.00186	0.00315	0.01004	0.00659	0.00625
10	0.02653	0.01006	0.01372	0.01052	0.01510	0.00869	0.00869	0.02882	0.01693	0.75937	0.02333	0.02013	0.01464	0.00732	0.00595	0.00183	0.00503	0.00595	0.00732	0.01006
11	0.00721	0.00515	0.00686	0.00823	0.00858	0.00480	0.00549	0.00823	0.01132	0.01510	0.03259	0.78831	0.03911	0.01853	0.00755	0.00240	0.00343	0.01681	0.00549	0.00480
12	0.01286	0.01202	0.01912	0.41400	0.27207	0.01368	0.01589	0.01866	0.12691	0.01800	0.01283	0.01638	0.00996	0.00603	0.00591	0.00191	0.00710	0.00548	0.00326	0.00793
13	0.00718	0.00579	0.00641	0.00687	0.00836	0.00503	0.00502	0.00860	0.01287	0.01581	0.05075	0.26496	0.51503	0.01605	0.00721	0.00215	0.00324	0.04821	0.00549	0.00496
14	0.02369	0.00944	0.01281	0.01004	0.01412	0.00821	0.00821	0.02606	0.01690	0.64437	0.13726	0.02389	0.02107	0.00807	0.00611	0.00183	0.00468	0.00669	0.00719	0.00936
15	0.00885	0.00621	0.00888	0.00888	0.00999	0.00710	0.00688	0.01106	0.00996	0.01503	0.01638	0.02305	0.01484	0.03850	0.64921	0.00823	0.01379	0.00621	0.13164	0.00532
16	0.00760	0.00543	0.00731	0.00868	0.00920	0.00514	0.00617	0.00891	0.01171	0.01553	0.03238	0.66684	0.03826	0.01816	0.00765	0.00246	0.00377	0.13442	0.00548	0.00491
17	0.70489	0.01059	0.00857	0.00772	0.01103	0.01206	0.00628	0.01641	0.01111	0.02609	0.12452	0.01501	0.01413	0.00652	0.00418	0.00183	0.00430	0.00437	0.00411	0.00628
18	0.01027	0.00514	0.00770	0.00770	0.00770	0.00514	0.00514	0.00770	0.00770	0.01027	0.01027	0.01798	0.01027	0.02054	0.02311	0.82794	0.00514	0.00514	0.00257	0.00257

[dist]
# distance from previous block
# <min> <max>
0	1

[block]
# block no. 3 follows, 39 sequences, length 9
# corresponding to MSA columns:
# 145-153
name=unknown_D
#
# <colnr> <probs for GDERKNQSTAVLIFYWHMCP>
#	G	D	E	R	K	N	Q	S	T	A	V	L	I	F	Y	W	H	M	C	P
0	0.61598	0.01350	0.06955	0.01005	0.01437	0.01353	0.04888	0.07394	0.01223	0.06741	0.00994	0.01113	0.00738	0.00570	0.00430	0.00184	0.00538	0.00382	0.00391	0.00716
1	0.00845	0.00634	0.00950	0.00950	0.01056	0.00739	0.00739	0.01056	0.00950	0.01373	0.01584	0.02323	0.01478	0.04435	0.76873	0.00950	0.01584	0.00634	0.00317	0.00528
2	0.01396	0.01595	0.03490	0.02493	0.03091	0.01496	0.73380	0.01894	0.01396	0.01894	0.01196	0.01595	0.00897	0.00499	0.00698	0.00199	0.00997	0.00698	0.00299	0.00798
3	0.83394	0.01144	0.00869	0.00778	0.01144	0.01327	0.00640	0.01738	0.01006	0.02653	0.00823	0.00961	0.00640	0.00549	0.00366	0.00183	0.00457	0.00320	0.00366	0.00640
4	0.00860	0.00573	0.00645	0.00645	0.00645	0.00573	0.00358	0.00860	0.00860	0.01147	0.01863	0.03870	0.02150	0.79217	0.03010	0.00573	0.00573	0.00860	0.00358	0.00358
5	0.02653	0.01006	0.01372	0.01052	0.01510	0.00869	0.00869	0.02882	0.01693	0.75937	0.02333	0.02013	0.01464	0.00732	0.00595	0.00183	0.00503	0.00595	0.00732	0.01006
6	0.01963	0.01444	0.01576	0.01236	0.01642	0.01576	0.01010	0.58923	0.02557	0.03453	0.16326	0.02025	0.01930	0.00811	0.00613	0.00179	0.00576	0.00641	0.00604	0.00915
7	0.01396	0.01595	0.03490	0.02493	0.03091	0.01496	0.73380	0.01894	0.01396	0.01894	0.01196	0.01595	0.00897	0.00499	0.00698	0.00199	0.00997	0.00698	0.00299	0.00798
8	0.01186	0.03059	0.76153	0.01686	0.02560	0.01373	0.02185	0.01873	0.01249	0.01873	0.01061	0.01249	0.00749	0.00562	0.00562	0.00187	0.00874	0.00437	0.00250	0.00874

[dist]
# distance from previous block
# <min> <max>
0	3

[block]
# block no. 4 follows, 39 sequences, length 8
# corresponding to MSA columns:
# 157-164
name=unknown_E
#
# <colnr> <probs for GDERKNQSTAVLIFYWHMCP>
#	G	D	E	R	K	N	Q	S	T	A	V	L	I	F	Y	W	H	M	C	P
0	0.02136	0.02680	0.01747	0.01730	0.09069	0.69431	0.01209	0.02308	0.01644	0.01495	0.00934	0.01105	0.00779	0.00601	0.00538	0.00155	0.01031	0.00395	0.00304	0.00710
1	0.01471	0.01270	0.01337	0.01203	0.01538	0.01471	0.00936	0.03142	0.74459	0.02474	0.02407	0.02206	0.01805	0.00802	0.00602	0.00201	0.00468	0.00669	0.00602	0.00936
2	0.00741	0.00601	0.00658	0.00643	0.00825	0.00517	0.00482	0.00930	0.01447	0.01834	0.27118	0.05303	0.54013	0.01410	0.00698	0.00196	0.00293	0.01194	0.00580	0.00517
3	0.01238	0.02698	0.58258	0.01884	0.02690	0.01403	0.19718	0.01878	0.01285	0.01878	0.01095	0.01334	0.00786	0.00546	0.00595	0.00190	0.00904	0.00501	0.00262	0.00855
4	0.01380	0.02000	0.41832	0.01340	0.01920	0.01047	0.01505	0.01827	0.01313	0.17368	0.01870	0.20516	0.01678	0.00916	0.00616	0.00199	0.00665	0.00777	0.00425	0.00805
5	0.01563	0.01654	0.01967	0.21088	0.32823	0.19967	0.01524	0.02001	0.08317	0.01761	0.01171	0.01464	0.00940	0.00589	0.00576	0.00178	0.00791	0.00504	0.00318	0.00806
6	0.00829	0.00655	0.00964	0.19772	0.01652	0.00693	0.00819	0.01020	0.01196	0.01592	0.09536	0.52752	0.03300	0.01481	0.00709	0.00224	0.00447	0.01339	0.00488	0.00531
7	0.01192	0.01126	0.00899	0.00861	0.00936	0.19356	0.00551	0.01230	0.01061	0.01221	0.01630	0.03180	0.01808	0.59858	0.02400	0.00470	0.00695	0.00742	0.00345	0.00439

[dist]
# distance from previous block
# <min> <max>
4	6

[block]
# block no. 5 follows, 39 sequences, length 35
# corresponding to MSA columns:
# 171-205
name=unknown_F
#
# <colnr> <probs for GDERKNQSTAVLIFYWHMCP>
#	G	D	E	R	K	N	Q	S	T	A	V	L	I	F	Y	W	H	M	C	P
0	0.01133	0.01067	0.01803	0.74387	0.07357	0.01318	0.01650	0.01525	0.01190	0.01530	0.01054	0.01571	0.00795	0.00588	0.00591	0.00196	0.00784	0.00526	0.00264	0.00670
1	0.00721	0.00515	0.00686	0.00823	0.00858	0.00480	0.00549	0.00823	0.01132	0.01510	0.03259	0.78831	0.03911	0.01853	0.00755	0.00240	0.00343	0.01681	0.00549	0.00480
2	0.10855	0.00669	0.00752	0.00712	0.00894	0.00637	0.00541	0.01125	0.01511	0.02212	0.48841	0.04315	0.22416	0.01201	0.00657	0.00189	0.00306	0.01023	0.00591	0.00553
3	0.01241	0.04796	0.59334	0.01862	0.04552	0.01422	0.14807	0.01872	0.01276	0.01865	0.01080	0.01308	0.00781	0.00548	0.00582	0.00188	0.00885	0.00483	0.00260	0.00859
4	0.02057	0.14955	0.04753	0.03516	0.01871	0.17133	0.01163	0.42362	0.02189	0.02741	0.01193	0.01267	0.00899	0.00646	0.00543	0.00165	0.00744	0.00462	0.00455	0.00885
5	0.01117	0.01051	0.01774	0.77795	0.04073	0.01314	0.01642	0.01511	0.01182	0.01511	0.01051	0.01577	0.00788	0.00591	0.00591	0.00197	0.00788	0.00526	0.00263	0.00657
6	0.01439	0.01622	0.03504	0.02512	0.03110	0.01517	0.72874	0.01922	0.01422	0.01934	0.01241	0.01655	0.00940	0.00529	0.00716	0.00208	0.01009	0.00711	0.00315	0.00820
7	0.01550	0.01318	0.01387	0.01240	0.01582	0.01510	0.00963	0.06467	0.70593	0.02568	0.02396	0.02225	0.01804	0.00826	0.00620	0.00208	0.00492	0.00675	0.00615	0.00961
8	0.02316	0.01634	0.01771	0.01365	0.01838	0.01779	0.01121	0.67665	0.02714	0.09271	0.01532	0.01526	0.01083	0.00741	0.00611	0.00186	0.00654	0.00551	0.00616	0.01027
9	0.02150	0.02609	0.01642	0.01527	0.03571	0.67066	0.01122	0.04113	0.01689	0.01615	0.01051	0.01231	0.00870	0.00646	0.00547	0.00161	0.01001	0.00416	0.06261	0.00713
10	0.00939	0.00719	0.01016	0.00972	0.01132	0.00772	0.00754	0.01143	0.01014	0.01484	0.01560	0.02244	0.01444	0.03951	0.67034	0.00848	0.01452	0.00613	0.00336	0.10574
11	0.01343	0.01338	0.01917	0.01623	0.01657	0.01815	0.04742	0.01477	0.00959	0.01489	0.00843	0.01370	0.00826	0.01036	0.01891	0.00264	0.73915	0.00540	0.00277	0.00677
12	0.01930	0.01608	0.02246	0.68427	0.04296	0.01719	0.01870	0.02056	0.01685	0.02273	0.01857	0.02649	0.01564	0.01126	0.00930	0.00342	0.01025	0.00779	0.00547	0.01072
13	0.01148	0.00586	0.00587	0.00585	0.00726	0.00579	0.00435	0.01409	0.01268	0.02242	0.01968	0.02260	0.01554	0.00718	0.00434	0.00146	0.00293	0.00565	0.81921	0.00575
14	0.82845	0.01174	0.00902	0.00809	0.01177	0.01349	0.00660	0.01767	0.01036	0.02688	0.00870	0.01025	0.00685	0.00579	0.00387	0.00191	0.00473	0.00336	0.00381	0.00664
15	0.01930	0.01608	0.02246	0.68427	0.04296	0.01719	0.01870	0.02056	0.01685	0.02273	0.01857	0.02649	0.01564	0.01126	0.00930	0.00342	0.01025	0.00779	0.00547	0.01072
16	0.01514	0.01300	0.01367	0.01232	0.01569	0.01493	0.00954	0.03161	0.73958	0.02510	0.02442	0.02262	0.01841	0.00831	0.00621	0.00209	0.00484	0.00682	0.00615	0.00957
17	0.01700	0.69690	0.02943	0.01104	0.01587	0.11427	0.01045	0.01871	0.01287	0.01442	0.00880	0.01028	0.00803	0.00549	0.00419	0.00138	0.00700	0.00340	0.00275	0.00773
18	0.01487	0.01414	0.02387	0.07814	0.71003	0.01422	0.01817	0.01826	0.01364	0.01948	0.01154	0.01531	0.00971	0.00561	0.00605	0.00185	0.00721	0.00541	0.00307	0.00942
19	0.72883	0.10724	0.01174	0.00838	0.01223	0.01473	0.00706	0.01771	0.01060	0.02534	0.00870	0.01024	0.00699	0.00574	0.00388	0.00184	0.00494	0.00335	0.00367	0.00678
20	0.00868	0.00638	0.00801	0.00758	0.00909	0.00579	0.00565	0.01117	0.01659	0.02314	0.66296	0.04612	0.14077	0.01270	0.00716	0.00196	0.00298	0.01102	0.00652	0.00575
21	0.02281	0.01825	0.01789	0.01408	0.01862	0.10986	0.01143	0.64397	0.02663	0.03476	0.01401	0.01438	0.01018	0.00727	0.00603	0.00183	0.00716	0.00528	0.00570	0.00987
22	0.02557	0.10605	0.01612	0.01077	0.01542	0.01074	0.00905	0.02767	0.01657	0.66365	0.02185	0.01940	0.01417	0.00733	0.00587	0.00184	0.00534	0.00575	0.00686	0.00997
23	0.00900	0.00605	0.00682	0.00688	0.00694	0.00596	0.00391	0.00893	0.00906	0.01212	0.01981	0.08131	0.02283	0.74325	0.02885	0.00560	0.00575	0.00918	0.00384	0.00391
24	0.68412	0.01265	0.01063	0.00913	0.01300	0.01440	0.00746	0.14541	0.01351	0.02879	0.00976	0.01107	0.00750	0.00608	0.00427	0.00190	0.00508	0.00374	0.00421	0.00729
25	0.01439	0.01622	0.03504	0.02512	0.03110	0.01517	0.72874	0.01922	0.01422	0.01934	0.01241	0.01655	0.00940	0.00529	0.00716	0.00208	0.01009	0.00711	0.00315	0.00820
26	0.00837	0.00604	0.00790	0.00744	0.00883	0.00558	0.00558	0.01116	0.01674	0.02371	0.75216	0.04417	0.05580	0.01209	0.00697	0.00186	0.00279	0.01069	0.00651	0.00558
27	0.00699	0.00599	0.00599	0.00599	0.00799	0.00499	0.00449	0.00849	0.01348	0.01598	0.05991	0.05691	0.75288	0.01498	0.00699	0.00200	0.00300	0.01248	0.00549	0.00499
28	0.02146	0.01606	0.01717	0.01340	0.01795	0.01786	0.01099	0.64268	0.12235	0.03562	0.01550	0.01524	0.01111	0.00722	0.00593	0.00181	0.00627	0.00550	0.00593	0.00997
29	0.00717	0.00530	0.00671	0.00784	0.00847	0.00484	0.00531	0.00828	0.01171	0.01525	0.03745	0.65822	0.16606	0.01790	0.00745	0.00233	0.00335	0.01604	0.00549	0.00484
30	0.01601	0.77165	0.03054	0.01028	0.01528	0.04677	0.01016	0.01789	0.01216	0.01393	0.00825	0.00952	0.00759	0.00509	0.00384	0.00127	0.00646	0.00318	0.00255	0.00757
31	0.00721	0.00515	0.00686	0.00823	0.00858	0.00480	0.00549	0.00823	0.01132	0.01510	0.03259	0.78831	0.03911	0.01853	0.00755	0.00240	0.00343	0.01681	0.00549	0.00480
32	0.01884	0.01577	0.02220	0.68952	0.04283	0.01696	0.01857	0.02026	0.01657	0.02230	0.01812	0.02589	0.01520	0.01096	0.00911	0.00334	0.01012	0.00765	0.00531	0.01049
33	0.02015	0.01462	0.01568	0.01228	0.01625	0.01608	0.00991	0.60643	0.02460	0.03327	0.01502	0.01762	0.01174	0.10268	0.00876	0.00223	0.00620	0.00573	0.05172	0.00901
34	0.01459	0.01449	0.02102	0.03296	0.02028	0.07489	0.21449	0.09305	0.10890	0.01930	0.01289	0.01624	0.01053	0.01191	0.10260	0.00301	0.21181	0.00593	0.00360	0.00753

[dist]
# distance from previous block
# <min> <max>
2	23

[block]
# block no. 6 follows, 39 sequences, length 96
# corresponding to MSA columns:
# 231-326
name=unknown_G
#
# <colnr> <probs for GDERKNQSTAVLIFYWHMCP>
#	G	D	E	R	K	N	Q	S	T	A	V	L	I	F	Y	W	H	M	C	P
0	0.06512	0.04135	0.01470	0.03285	0.01587	0.04731	0.03292	0.11420	0.04590	0.35462	0.07789	0.03562	0.03328	0.00757	0.00579	0.00177	0.00545	0.00616	0.00586	0.05577
1	0.10875	0.01140	0.03523	0.01201	0.05548	0.01047	0.00942	0.05065	0.08903	0.50422	0.03839	0.01908	0.01447	0.00715	0.00572	0.00184	0.00516	0.00574	0.00636	0.00942
2	0.01458	0.04610	0.22158	0.02273	0.32120	0.01368	0.01608	0.08717	0.04180	0.04201	0.01324	0.01524	0.02288	0.00590	0.00559	0.00172	0.00685	0.00507	0.04285	0.05375
3	0.01186	0.03059	0.76153	0.01686	0.02560	0.01373	0.02185	0.01873	0.01249	0.01873	0.01061	0.01249	0.00749	0.00562	0.00562	0.00187	0.00874	0.00437	0.00250	0.00874
4	0.00703	0.00581	0.00617	0.00646	0.00811	0.00495	0.00470	0.00843	0.01303	0.01579	0.05421	0.20945	0.60402	0.01572	0.00711	0.00208	0.00309	0.01338	0.00549	0.00495
5	0.01158	0.01187	0.05948	0.51665	0.03231	0.01302	0.01480	0.01514	0.01155	0.01588	0.01036	0.01492	0.00813	0.00634	0.00751	0.00190	0.11337	0.00499	0.02294	0.10726
6	0.00845	0.00634	0.00950	0.00950	0.01056	0.00739	0.00739	0.01056	0.00950	0.01373	0.01584	0.02323	0.01478	0.04435	0.76873	0.00950	0.01584	0.00634	0.00317	0.00528
7	0.01465	0.01076	0.01207	0.01081	0.01379	0.01177	0.00838	0.02618	0.48186	0.11664	0.15343	0.06968	0.02552	0.00926	0.00627	0.00198	0.00432	0.00788	0.00624	0.00852
8	0.01324	0.01314	0.01917	0.01926	0.14852	0.01738	0.01388	0.01494	0.00985	0.01515	0.00837	0.01324	0.00805	0.00944	0.01697	0.00244	0.64213	0.00519	0.00265	0.00699
9	0.00735	0.00611	0.00650	0.00669	0.00860	0.00525	0.00522	0.00903	0.01350	0.01622	0.05580	0.05832	0.64960	0.01517	0.00716	0.00210	0.00335	0.11348	0.00548	0.00506
10	0.00878	0.00632	0.00798	0.00879	0.00958	0.00620	0.00608	0.08312	0.01302	0.01738	0.03070	0.70860	0.03612	0.01735	0.00738	0.00234	0.00375	0.01563	0.00553	0.00534
11	0.02209	0.02819	0.01676	0.01524	0.01828	0.76843	0.01143	0.02361	0.01676	0.01447	0.00914	0.01066	0.00762	0.00609	0.00533	0.00152	0.01066	0.00381	0.00305	0.00686
12	0.01155	0.01126	0.02009	0.67476	0.03938	0.01339	0.11473	0.01564	0.01212	0.01564	0.01071	0.01579	0.00803	0.00579	0.00606	0.00197	0.00817	0.00549	0.00268	0.00676
13	0.00837	0.00604	0.00790	0.00744	0.00883	0.00558	0.00558	0.01116	0.01674	0.02371	0.75216	0.04417	0.05580	0.01209	0.00697	0.00186	0.00279	0.01069	0.00651	0.00558
14	0.00721	0.00515	0.00686	0.00823	0.00858	0.00480	0.00549	0.00823	0.01132	0.01510	0.03259	0.78831	0.03911	0.01853	0.00755	0.00240	0.00343	0.01681	0.00549	0.00480
15	0.01226	0.01051	0.01226	0.00876	0.01401	0.00788	0.00701	0.01489	0.01226	0.01927	0.01051	0.01226	0.00876	0.00438	0.00438	0.00088	0.00438	0.00350	0.00350	0.82832
16	0.01312	0.01199	0.04049	0.01156	0.01675	0.00954	0.10364	0.01612	0.01254	0.05107	0.01113	0.01313	0.00895	0.00491	0.00555	0.00118	0.04258	0.00418	0.00352	0.61803
17	0.01581	0.79572	0.03099	0.01012	0.01518	0.02340	0.01012	0.01771	0.01202	0.01391	0.00822	0.00949	0.00759	0.00506	0.00379	0.00126	0.00632	0.00316	0.00253	0.00759
18	0.00716	0.00596	0.00604	0.00604	0.00783	0.00507	0.00440	0.00850	0.01298	0.01551	0.05566	0.05504	0.67757	0.09500	0.00937	0.00238	0.00328	0.01208	0.00530	0.00485
19	0.01233	0.01113	0.01774	0.69926	0.03843	0.01367	0.01589	0.08929	0.01347	0.01739	0.01089	0.01561	0.00811	0.00603	0.00591	0.00195	0.00774	0.00526	0.00297	0.00693
20	0.00892	0.00617	0.00761	0.00731	0.00894	0.00552	0.00546	0.01115	0.01531	0.06293	0.44921	0.12285	0.24009	0.01326	0.00698	0.00195	0.00304	0.01154	0.00618	0.00560
21	0.00721	0.00515	0.00686	0.00823	0.00858	0.00480	0.00549	0.00823	0.01132	0.01510	0.03259	0.78831	0.03911	0.01853	0.00755	0.00240	0.00343	0.01681	0.00549	0.00480
22	0.02432	0.12351	0.01719	0.01115	0.01586	0.01156	0.03522	0.06552	0.01671	0.58604	0.02025	0.01812	0.01317	0.00690	0.00567	0.00175	0.00548	0.00555	0.00640	0.00963
23	0.01027	0.00514	0.00770	0.00770	0.00770	0.00514	0.00514	0.00770	0.00770	0.01027	0.01027	0.01798	0.01027	0.02054	0.02311	0.82794	0.00514	0.00514	0.00257	0.00257
24	0.02653	0.01006	0.01372	0.01052	0.01510	0.00869	0.00869	0.02882	0.01693	0.75937	0.02333	0.02013	0.01464	0.00732	0.00595	0.00183	0.00503	0.00595	0.00732	0.01006
25	0.01333	0.01067	0.01249	0.00904	0.01420	0.00832	0.00725	0.03174	0.03086	0.06027	0.01163	0.01298	0.00934	0.00469	0.00454	0.00098	0.00447	0.00376	0.00383	0.74563
26	0.01070	0.00656	0.00865	0.00784	0.00964	0.00598	0.00598	0.01343	0.01676	0.11823	0.65852	0.04109	0.05051	0.01148	0.00684	0.00186	0.00308	0.01008	0.00661	0.00616
27	0.03746	0.04193	0.57648	0.01510	0.02283	0.01288	0.01846	0.01991	0.01303	0.12529	0.01232	0.01343	0.00856	0.00578	0.00550	0.00180	0.00780	0.00449	0.00328	0.05366
28	0.01376	0.05789	0.07857	0.01013	0.01554	0.01048	0.00897	0.08057	0.04110	0.03752	0.01151	0.01284	0.00918	0.00497	0.00469	0.00113	0.00508	0.00390	0.00376	0.58841
29	0.20769	0.06381	0.01620	0.01198	0.01637	0.04271	0.00994	0.45920	0.05111	0.04704	0.01288	0.01317	0.00940	0.00661	0.00525	0.00176	0.00609	0.00472	0.00512	0.00893
30	0.00860	0.00573	0.00645	0.00645	0.00645	0.00573	0.00358	0.00860	0.00860	0.01147	0.01863	0.03870	0.02150	0.79217	0.03010	0.00573	0.00573	0.00860	0.00358	0.00358
31	0.02248	0.01656	0.01775	0.01361	0.01834	0.01834	0.01124	0.73556	0.02780	0.03727	0.01420	0.01420	0.01006	0.00710	0.00592	0.00177	0.00651	0.00532	0.00592	0.01006
32	0.02653	0.01006	0.01372	0.01052	0.01510	0.00869	0.00869	0.02882	0.01693	0.75937	0.02333	0.02013	0.01464	0.00732	0.00595	0.00183	0.00503	0.00595	0.00732	0.01006
33	0.01117	0.01051	0.01774	0.77795	0.04073	0.01314	0.01642	0.01511	0.01182	0.01511	0.01051	0.01577	0.00788	0.00591	0.00591	0.00197	0.00788	0.00526	0.00263	0.00657
34	0.00860	0.00573	0.00645	0.00645	0.00645	0.00573	0.00358	0.00860	0.00860	0.01147	0.01863	0.03870	0.02150	0.79217	0.03010	0.00573	0.00573	0.00860	0.00358	0.00358
35	0.02126	0.15737	0.02007	0.01308	0.01777	0.06615	0.01105	0.56199	0.02428	0.03165	0.01281	0.01313	0.00946	0.00667	0.00550	0.00167	0.00673	0.00484	0.00513	0.00941
36	0.01076	0.00560	0.00592	0.00592	0.00727	0.00571	0.00447	0.01345	0.01210	0.02119	0.01894	0.02217	0.01512	0.01075	0.08286	0.00221	0.00410	0.00560	0.74038	0.00549
37	0.00936	0.00836	0.01402	0.07967	0.01613	0.00873	0.13816	0.01138	0.01161	0.01570	0.02439	0.50169	0.02772	0.01414	0.00852	0.00231	0.08509	0.01283	0.00449	0.00570
38	0.01474	0.04200	0.48006	0.01767	0.06985	0.01512	0.06279	0.18676	0.01622	0.02302	0.01152	0.01317	0.00830	0.00589	0.00575	0.00184	0.00813	0.00478	0.00336	0.00902
39	0.01146	0.01107	0.01950	0.70042	0.03972	0.01333	0.09029	0.01550	0.01204	0.01550	0.01066	0.01579	0.00800	0.00582	0.00602	0.00197	0.00810	0.00543	0.00267	0.00671
40	0.01471	0.01270	0.01337	0.01203	0.01538	0.01471	0.00936	0.03142	0.74459	0.02474	0.02407	0.02206	0.01805	0.00802	0.00602	0.00201	0.00468	0.00669	0.00602	0.00936
41	0.00845	0.00634	0.00950	0.00950	0.01056	0.00739	0.00739	0.01056	0.00950	0.01373	0.01584	0.02323	0.01478	0.04435	0.76873	0.00950	0.01584	0.00634	0.00317	0.00528
42	0.01125	0.01013	0.01650	0.65720	0.03588	0.01262	0.01497	0.01493	0.01173	0.01578	0.01127	0.01626	0.00863	0.00625	0.00646	0.00194	0.04917	0.00528	0.08730	0.00646
43	0.00891	0.00702	0.01039	0.01012	0.01107	0.00850	0.00796	0.01094	0.00946	0.01378	0.01501	0.02217	0.01406	0.04085	0.69158	0.00879	0.09466	0.00622	0.00311	0.00540
44	0.00850	0.00581	0.00702	0.00710	0.00731	0.00598	0.00437	0.00893	0.00891	0.01207	0.01889	0.07692	0.02126	0.61541	0.16166	0.00623	0.00742	0.00864	0.00361	0.00396
45	0.01535	0.01067	0.01138	0.01111	0.01176	0.00973	0.00672	0.01362	0.01294	0.01793	0.02423	0.04490	0.02629	0.71548	0.03031	0.00650	0.00784	0.01028	0.00575	0.00720
46	0.01174	0.00996	0.01171	0.00871	0.01345	0.00757	0.00685	0.01421	0.01217	0.01884	0.01278	0.09217	0.01188	0.00584	0.00471	0.00103	0.00428	0.00487	0.00371	0.74353
47	0.01108	0.00892	0.01378	0.50913	0.02917	0.01074	0.01236	0.01454	0.01193	0.01721	0.01360	0.03417	0.01077	0.00658	0.00570	0.00181	0.02314	0.00558	0.25358	0.00621
48	0.19853	0.01036	0.01265	0.00994	0.01432	0.00967	0.00820	0.02638	0.01546	0.60326	0.02011	0.01789	0.01288	0.00693	0.00546	0.00183	0.00493	0.00536	0.00654	0.00928
49	0.01643	0.56657	0.02750	0.01153	0.01644	0.06745	0.04967	0.08041	0.03876	0.01692	0.00967	0.01091	0.00830	0.00536	0.00436	0.00137	0.00664	0.00374	0.00305	0.05491
50	0.00721	0.00515	0.00686	0.00823	0.00858	0.00480	0.00549	0.00823	0.01132	0.01510	0.03259	0.78831	0.03911	0.01853	0.00755	0.00240	0.00343	0.01681	0.00549	0.00480
51	0.01581	0.79572	0.03099	0.01012	0.01518	0.02340	0.01012	0.01771	0.01202	0.01391	0.00822	0.00949	0.00759	0.00506	0.00379	0.00126	0.00632	0.00316	0.00253	0.00759
52	0.00741	0.00595	0.00661	0.00656	0.00828	0.00515	0.00488	0.00926	0.01430	0.01820	0.26198	0.10038	0.50154	0.01436	0.00702	0.00198	0.00296	0.01223	0.00579	0.00515
53	0.01297	0.01297	0.17758	0.01055	0.01435	0.00893	0.01013	0.04107	0.06732	0.14410	0.33854	0.05671	0.06061	0.00974	0.00642	0.00189	0.00478	0.00832	0.00562	0.00739
54	0.01376	0.00977	0.01129	0.02686	0.01357	0.01050	0.00807	0.02290	0.37927	0.12492	0.02760	0.25176	0.05187	0.01128	0.00650	0.00210	0.00436	0.00980	0.00595	0.00787
55	0.00953	0.00681	0.00953	0.01089	0.01225	0.00681	0.00953	0.01225	0.01361	0.01770	0.03131	0.06671	0.03403	0.01634	0.00817	0.00272	0.00545	0.71547	0.00545	0.00545
56	0.02109	0.21359	0.01978	0.01310	0.01687	0.41092	0.01065	0.03758	0.01563	0.14872	0.01153	0.01221	0.00893	0.00620	0.00548	0.00155	0.03067	0.00410	0.00373	0.00767
57	0.01156	0.08132	0.11222	0.06014	0.05593	0.02448	0.01077	0.02712	0.03247	0.04078	0.01433	0.01916	0.01235	0.03770	0.36593	0.00546	0.02439	0.00557	0.05168	0.00664
58	0.02532	0.01034	0.01369	0.01068	0.01513	0.00931	0.00876	0.02909	0.09185	0.68373	0.02341	0.02033	0.01499	0.00739	0.00595	0.00185	0.00500	0.00602	0.00719	0.00999
59	0.02653	0.01006	0.01372	0.01052	0.01510	0.00869	0.00869	0.02882	0.01693	0.75937	0.02333	0.02013	0.01464	0.00732	0.00595	0.00183	0.00503	0.00595	0.00732	0.01006
60	0.01389	0.01542	0.03262	0.06750	0.12013	0.01475	0.60695	0.01864	0.01378	0.01878	0.01178	0.01578	0.00896	0.00507	0.00678	0.00196	0.00950	0.00668	0.00296	0.00807
61	0.01339	0.01271	0.02155	0.21409	0.54167	0.01332	0.01704	0.01687	0.01295	0.01807	0.01215	0.05722	0.01064	0.00615	0.00596	0.00184	0.00704	0.00590	0.00300	0.00844
62	0.00839	0.00622	0.00908	0.00916	0.01008	0.00710	0.00694	0.01025	0.00952	0.01360	0.01701	0.06649	0.01673	0.11131	0.65957	0.00877	0.01424	0.00712	0.00333	0.00510
63	0.00975	0.09170	0.14377	0.00938	0.01246	0.00886	0.00893	0.01317	0.01550	0.02182	0.54422	0.03499	0.04228	0.01022	0.00641	0.00180	0.00421	0.00880	0.00539	0.00635
64	0.74970	0.09219	0.01099	0.00802	0.01182	0.01431	0.00679	0.01742	0.01027	0.02523	0.00823	0.00959	0.00653	0.00545	0.00367	0.00177	0.00475	0.00320	0.00354	0.00653
65	0.01471	0.01270	0.01337	0.01203	0.01538	0.01471	0.00936	0.03142	0.74459	0.02474	0.02407	0.02206	0.01805	0.00802	0.00602	0.00201	0.00468	0.00669	0.00602	0.00936
66	0.01903	0.01682	0.02143	0.01896	0.01966	0.02032	0.01485	0.01850	0.01337	0.02038	0.01487	0.02229	0.01430	0.01579	0.05668	0.00401	0.66686	0.00727	0.00489	0.00974
67	0.01581	0.79572	0.03099	0.01012	0.01518	0.02340	0.01012	0.01771	0.01202	0.01391	0.00822	0.00949	0.00759	0.00506	0.00379	0.00126	0.00632	0.00316	0.00253	0.00759
68	0.00860	0.00573	0.00645	0.00645	0.00645	0.00573	0.00358	0.00860	0.00860	0.01147	0.01863	0.03870	0.02150	0.79217	0.03010	0.00573	0.00573	0.00860	0.00358	0.00358
69	0.01117	0.01051	0.01774	0.77795	0.04073	0.01314	0.01642	0.01511	0.01182	0.01511	0.01051	0.01577	0.00788	0.00591	0.00591	0.00197	0.00788	0.00526	0.00263	0.00657
70	0.02209	0.02819	0.01676	0.01524	0.01828	0.76843	0.01143	0.02361	0.01676	0.01447	0.00914	0.01066	0.00762	0.00609	0.00533	0.00152	0.01066	0.00381	0.00305	0.00686
71	0.00730	0.00521	0.00691	0.00815	0.00855	0.00487	0.00545	0.00841	0.01157	0.01551	0.07356	0.72923	0.03969	0.03508	0.00801	0.00244	0.00344	0.01628	0.00551	0.00482
72	0.01102	0.00551	0.00551	0.00551	0.00689	0.00551	0.00413	0.01378	0.01240	0.02205	0.01929	0.02205	0.01516	0.00689	0.00413	0.00138	0.00276	0.00551	0.82500	0.00551
73	0.01464	0.01405	0.02400	0.03630	0.75528	0.01405	0.01815	0.01815	0.01347	0.01932	0.01112	0.01464	0.00937	0.00527	0.00585	0.00176	0.00703	0.00527	0.00293	0.00937
74	0.00927	0.00672	0.00917	0.01039	0.01181	0.00662	0.00901	0.01186	0.01360	0.01752	0.03426	0.06570	0.10805	0.01620	0.00805	0.00265	0.00519	0.64309	0.00545	0.00540
75	0.01552	0.71513	0.02966	0.01068	0.01521	0.02286	0.01041	0.01735	0.01171	0.01395	0.00817	0.00984	0.00761	0.00560	0.00540	0.00140	0.08612	0.00337	0.00254	0.00747
76	0.00837	0.00604	0.00790	0.00744	0.00883	0.00558	0.00558	0.01116	0.01674	0.02371	0.75216	0.04417	0.05580	0.01209	0.00697	0.00186	0.00279	0.01069	0.00651	0.00558
77	0.17169	0.01031	0.01282	0.01003	0.01444	0.00951	0.00828	0.02676	0.01569	0.62762	0.02062	0.01824	0.01316	0.00699	0.00554	0.00183	0.00495	0.00545	0.00666	0.00941
78	0.02209	0.02819	0.01676	0.01524	0.01828	0.76843	0.01143	0.02361	0.01676	0.01447	0.00914	0.01066	0.00762	0.00609	0.00533	0.00152	0.01066	0.00381	0.00305	0.00686
79	0.74923	0.01134	0.00962	0.08707	0.01445	0.01325	0.00744	0.01715	0.01025	0.02536	0.00847	0.01024	0.00656	0.00553	0.00389	0.00184	0.00492	0.00341	0.00355	0.00642
80	0.00837	0.00604	0.00790	0.00744	0.00883	0.00558	0.00558	0.01116	0.01674	0.02371	0.75216	0.04417	0.05580	0.01209	0.00697	0.00186	0.00279	0.01069	0.00651	0.00558
81	0.00805	0.00658	0.00716	0.00734	0.00906	0.00611	0.00545	0.01110	0.08949	0.01681	0.06049	0.18447	0.47178	0.04074	0.00782	0.00223	0.00347	0.05094	0.00550	0.00540
82	0.02066	0.02500	0.02010	0.01684	0.02056	0.56904	0.14128	0.08344	0.01720	0.01722	0.01008	0.01192	0.00807	0.00598	0.00568	0.00163	0.01019	0.00451	0.00328	0.00733
83	0.00860	0.00573	0.00645	0.00645	0.00645	0.00573	0.00358	0.00860	0.00860	0.01147	0.01863	0.03870	0.02150	0.79217	0.03010	0.00573	0.00573	0.00860	0.00358	0.00358
84	0.01334	0.01650	0.09510	0.02267	0.02834	0.01448	0.59221	0.01809	0.01353	0.01850	0.01424	0.01772	0.04946	0.00589	0.00756	0.00202	0.05255	0.00695	0.00306	0.00779
85	0.01108	0.00996	0.01670	0.69865	0.03733	0.01231	0.01526	0.01435	0.01140	0.01461	0.01049	0.01599	0.00813	0.00742	0.00768	0.08701	0.00760	0.00524	0.00262	0.00616
86	0.01471	0.01270	0.01337	0.01203	0.01538	0.01471	0.00936	0.03142	0.74459	0.02474	0.02407	0.02206	0.01805	0.00802	0.00602	0.00201	0.00468	0.00669	0.00602	0.00936
87	0.00789	0.00669	0.00690	0.00672	0.00881	0.00604	0.00508	0.01105	0.08900	0.01747	0.10911	0.05235	0.62396	0.01404	0.00689	0.00199	0.00315	0.01175	0.00562	0.00549
88	0.00721	0.00515	0.00686	0.00823	0.00858	0.00480	0.00549	0.00823	0.01132	0.01510	0.03259	0.78831	0.03911	0.01853	0.00755	0.00240	0.00343	0.01681	0.00549	0.00480
89	0.02232	0.01551	0.01689	0.01301	0.01755	0.01692	0.01070	0.64055	0.02608	0.10242	0.01523	0.01543	0.01083	0.02416	0.00641	0.00186	0.00628	0.00546	0.02257	0.00983
90	0.02653	0.01006	0.01372	0.01052	0.01510	0.00869	0.00869	0.02882	0.01693	0.75937	0.02333	0.02013	0.01464	0.00732	0.00595	0.00183	0.00503	0.00595	0.00732	0.01006
91	0.01488	0.01626	0.08607	0.06333	0.06086	0.01477	0.45221	0.08047	0.08487	0.04544	0.01346	0.01619	0.00996	0.00564	0.00655	0.00195	0.00866	0.00640	0.00361	0.00840
92	0.00829	0.00604	0.00780	0.00736	0.00879	0.00555	0.00552	0.01101	0.01655	0.02327	0.71245	0.04491	0.09578	0.01226	0.00698	0.00187	0.00280	0.01080	0.00645	0.00555
93	0.01344	0.01596	0.08616	0.14348	0.09413	0.01449	0.48384	0.01861	0.03449	0.01852	0.01191	0.01572	0.00898	0.00529	0.00658	0.00196	0.00914	0.00635	0.00298	0.00797
94	0.00934	0.00738	0.00947	0.05911	0.01255	0.00657	0.00677	0.01132	0.02851	0.01651	0.02328	0.45090	0.02609	0.01302	0.00685	0.02563	0.00410	0.01125	0.00460	0.26675
95	0.09542	0.00720	0.00875	0.00807	0.01003	0.00698	0.00620	0.01415	0.03988	0.09933	0.51851	0.08059	0.04376	0.01125	0.00656	0.00191	0.00336	0.02564	0.00620	0.00621

[dist]
# distance from previous block
# <min> <max>
6	11

[block]
# block no. 7 follows, 39 sequences, length 116
# corresponding to MSA columns:
# 338-453
name=unknown_H
#
# <colnr> <probs for GDERKNQSTAVLIFYWHMCP>
#	G	D	E	R	K	N	Q	S	T	A	V	L	I	F	Y	W	H	M	C	P
0	0.01409	0.01707	0.08854	0.06250	0.02581	0.11249	0.40091	0.01912	0.05723	0.01864	0.05513	0.02067	0.01363	0.00666	0.00662	0.00197	0.00879	0.05906	0.00349	0.00757
1	0.08780	0.29986	0.39021	0.01332	0.01991	0.03888	0.01551	0.01817	0.01235	0.01775	0.03119	0.01203	0.00884	0.00561	0.00482	0.00164	0.00739	0.00400	0.00275	0.00797
2	0.01393	0.01146	0.01536	0.01112	0.01628	0.00948	0.09108	0.05196	0.01347	0.06964	0.01166	0.01332	0.00922	0.00490	0.00517	0.00115	0.02101	0.00419	0.00380	0.62179
3	0.00883	0.00628	0.00772	0.00756	0.00776	0.00679	0.00485	0.00930	0.00880	0.01205	0.01746	0.03427	0.01942	0.60593	0.16708	0.00625	0.05415	0.00797	0.00345	0.00407
4	0.01938	0.10903	0.08524	0.08833	0.03094	0.01778	0.44302	0.02213	0.01662	0.06159	0.01691	0.02197	0.01375	0.00871	0.00843	0.00281	0.01036	0.00762	0.00487	0.01050
5	0.00739	0.00530	0.00706	0.00841	0.00887	0.00497	0.00580	0.00857	0.01155	0.01533	0.03298	0.71621	0.05141	0.01828	0.00759	0.00242	0.00359	0.07393	0.00549	0.00486
6	0.01002	0.00570	0.00637	0.00637	0.00735	0.00586	0.00451	0.01200	0.01101	0.01814	0.01859	0.02633	0.01666	0.20616	0.12991	0.00372	0.00553	0.00640	0.49436	0.00500
7	0.01199	0.01364	0.06439	0.07568	0.02541	0.01222	0.44253	0.01620	0.01368	0.01833	0.06363	0.02584	0.11001	0.00860	0.02909	0.00224	0.00833	0.04743	0.00362	0.00716
8	0.00870	0.00567	0.00640	0.00651	0.00664	0.00565	0.00377	0.00900	0.00911	0.01260	0.01972	0.09301	0.02229	0.67035	0.02630	0.00513	0.00532	0.00896	0.07104	0.00383
9	0.01196	0.02733	0.62423	0.01744	0.02542	0.01347	0.11658	0.01836	0.01291	0.01902	0.04989	0.01462	0.01024	0.00587	0.00587	0.00189	0.00859	0.00505	0.00277	0.00847
10	0.00801	0.00603	0.00741	0.00706	0.00861	0.00543	0.00530	0.01046	0.01589	0.02170	0.57176	0.04749	0.23745	0.01284	0.00698	0.00190	0.00284	0.01116	0.00624	0.00543
11	0.01400	0.01218	0.01509	0.01711	0.19659	0.01316	0.01085	0.08190	0.37839	0.02302	0.03657	0.02548	0.13301	0.00844	0.00614	0.00192	0.00511	0.00721	0.00517	0.00867
12	0.83394	0.01144	0.00869	0.00778	0.01144	0.01327	0.00640	0.01738	0.01006	0.02653	0.00823	0.00961	0.00640	0.00549	0.00366	0.00183	0.00457	0.00320	0.00366	0.00640
13	0.01144	0.01192	0.02443	0.01869	0.02257	0.01117	0.46192	0.01495	0.01297	0.01751	0.01967	0.30428	0.02022	0.01004	0.00719	0.00215	0.00753	0.01065	0.00392	0.00679
14	0.07040	0.00981	0.01296	0.01011	0.01438	0.00869	0.00831	0.02673	0.01653	0.65792	0.08221	0.02151	0.01755	0.00761	0.00590	0.00183	0.00482	0.00618	0.00705	0.00949
15	0.00860	0.00573	0.00645	0.00645	0.00645	0.00573	0.00358	0.00860	0.00860	0.01147	0.01863	0.03870	0.02150	0.79217	0.03010	0.00573	0.00573	0.00860	0.00358	0.00358
16	0.00721	0.00515	0.00686	0.00823	0.00858	0.00480	0.00549	0.00823	0.01132	0.01510	0.03259	0.78831	0.03911	0.01853	0.00755	0.00240	0.00343	0.01681	0.00549	0.00480
17	0.00845	0.00634	0.00950	0.00950	0.01056	0.00739	0.00739	0.01056	0.00950	0.01373	0.01584	0.02323	0.01478	0.04435	0.76873	0.00950	0.01584	0.00634	0.00317	0.00528
18	0.01279	0.01274	0.01808	0.07801	0.01759	0.01771	0.01322	0.01430	0.00928	0.01430	0.00799	0.01317	0.00777	0.00999	0.01830	0.00254	0.71796	0.00518	0.00259	0.00648
19	0.01396	0.01595	0.03490	0.02493	0.03091	0.01496	0.73380	0.01894	0.01396	0.01894	0.01196	0.01595	0.00897	0.00499	0.00698	0.00199	0.00997	0.00698	0.00299	0.00798
20	0.00837	0.00604	0.00790	0.00744	0.00883	0.00558	0.00558	0.01116	0.01674	0.02371	0.75216	0.04417	0.05580	0.01209	0.00697	0.00186	0.00279	0.01069	0.00651	0.00558
21	0.01116	0.01010	0.01674	0.71465	0.03796	0.01251	0.01542	0.01500	0.01187	0.01568	0.01123	0.01628	0.00848	0.00599	0.00577	0.00192	0.00746	0.00528	0.07002	0.00648
22	0.01102	0.00551	0.00551	0.00551	0.00689	0.00551	0.00413	0.01378	0.01240	0.02205	0.01929	0.02205	0.01516	0.00689	0.00413	0.00138	0.00276	0.00551	0.82500	0.00551
23	0.00977	0.00723	0.00958	0.01062	0.01219	0.00732	0.00914	0.01354	0.07351	0.01815	0.03284	0.06232	0.08612	0.01555	0.00790	0.00261	0.00520	0.60517	0.00550	0.00573
24	0.00947	0.00677	0.00944	0.01071	0.01207	0.00674	0.00932	0.01219	0.01378	0.01802	0.06932	0.06552	0.03518	0.01611	0.00811	0.00268	0.00531	0.67831	0.00550	0.00545
25	0.08650	0.01017	0.01335	0.01032	0.01482	0.00903	0.00852	0.02797	0.01642	0.70494	0.02221	0.01935	0.01403	0.00718	0.00578	0.00183	0.00500	0.00574	0.00705	0.00979
26	0.01284	0.00975	0.01054	0.01048	0.01238	0.00833	0.00734	0.01304	0.01685	0.02230	0.20939	0.19461	0.40837	0.01766	0.00915	0.00296	0.00494	0.01392	0.00729	0.00785
27	0.00721	0.00515	0.00686	0.00823	0.00858	0.00480	0.00549	0.00823	0.01132	0.01510	0.03259	0.78831	0.03911	0.01853	0.00755	0.00240	0.00343	0.01681	0.00549	0.00480
28	0.00826	0.00559	0.00655	0.00689	0.00697	0.00550	0.00405	0.00851	0.00927	0.01236	0.02207	0.22333	0.02584	0.60161	0.02455	0.00491	0.00517	0.01062	0.00405	0.00388
29	0.00721	0.00515	0.00686	0.00823	0.00858	0.00480	0.00549	0.00823	0.01132	0.01510	0.03259	0.78831	0.03911	0.01853	0.00755	0.00240	0.00343	0.01681	0.00549	0.00480
30	0.00714	0.00600	0.00620	0.00615	0.00808	0.00506	0.00461	0.00877	0.01383	0.01680	0.13391	0.05555	0.67836	0.01467	0.00699	0.00198	0.00297	0.01229	0.00560	0.00506
31	0.76777	0.01132	0.00910	0.00800	0.01174	0.01289	0.00659	0.01832	0.01063	0.08659	0.00947	0.01047	0.00708	0.00564	0.00385	0.00183	0.00461	0.00343	0.00396	0.00670
32	0.01401	0.01580	0.03400	0.02586	0.09027	0.01488	0.67515	0.01888	0.01392	0.01897	0.01190	0.01584	0.00901	0.00501	0.00689	0.00197	0.00973	0.00684	0.00299	0.00809
33	0.50389	0.01194	0.01387	0.13485	0.19922	0.01344	0.01086	0.01722	0.01118	0.02298	0.00930	0.01181	0.00736	0.00550	0.00455	0.00183	0.00569	0.00403	0.00332	0.00716
34	0.00916	0.00681	0.00975	0.01193	0.06626	0.00670	0.00888	0.01140	0.01287	0.01699	0.03022	0.29395	0.03383	0.01622	0.00780	0.00255	0.00492	0.43896	0.00527	0.00553
35	0.01186	0.03059	0.76153	0.01686	0.02560	0.01373	0.02185	0.01873	0.01249	0.01873	0.01061	0.01249	0.00749	0.00562	0.00562	0.00187	0.00874	0.00437	0.00250	0.00874
36	0.06297	0.01345	0.03638	0.08886	0.45708	0.01329	0.01528	0.07086	0.01475	0.15020	0.01326	0.01533	0.01001	0.00583	0.00575	0.00179	0.00661	0.00526	0.00392	0.00913
37	0.01222	0.01019	0.01197	0.00876	0.01371	0.00772	0.00695	0.01475	0.01229	0.03221	0.01204	0.05810	0.01065	0.00527	0.00459	0.00098	0.00434	0.00433	0.00369	0.76525
38	0.01222	0.09092	0.68786	0.01650	0.02488	0.01453	0.03636	0.01865	0.01248	0.01835	0.01045	0.01232	0.00753	0.00556	0.00550	0.00183	0.00858	0.00433	0.00251	0.00863
39	0.00741	0.00599	0.00658	0.00646	0.00825	0.00517	0.00484	0.00929	0.01443	0.01829	0.26777	0.06514	0.53134	0.01417	0.00699	0.00196	0.00294	0.01201	0.00580	0.00517
40	0.00699	0.00599	0.00599	0.00599	0.00799	0.00499	0.00449	0.00849	0.01348	0.01598	0.05991	0.05691	0.75288	0.01498	0.00699	0.00200	0.00300	0.01248	0.00549	0.00499
41	0.01690	0.59456	0.02703	0.01121	0.01577	0.16156	0.01031	0.01983	0.06731	0.01482	0.00957	0.01064	0.00837	0.00547	0.00425	0.00137	0.00701	0.00354	0.00289	0.00758
42	0.01265	0.02549	0.52133	0.02125	0.13831	0.01400	0.14591	0.01868	0.01289	0.01886	0.01093	0.01342	0.00804	0.00545	0.00589	0.00188	0.00869	0.00496	0.00265	0.00870
43	0.00721	0.00515	0.00686	0.00823	0.00858	0.00480	0.00549	0.00823	0.01132	0.01510	0.03259	0.78831	0.03911	0.01853	0.00755	0.00240	0.00343	0.01681	0.00549	0.00480
44	0.00721	0.00515	0.00686	0.00823	0.00858	0.00480	0.00549	0.00823	0.01132	0.01510	0.03259	0.78831	0.03911	0.01853	0.00755	0.00240	0.00343	0.01681	0.00549	0.00480
45	0.01954	0.33974	0.02253	0.01316	0.01702	0.46601	0.01090	0.02122	0.01483	0.01425	0.00877	0.01019	0.00761	0.00567	0.00471	0.00142	0.00890	0.00355	0.00284	0.00715
46	0.00861	0.00623	0.00722	0.00685	0.00873	0.00544	0.00518	0.01070	0.01506	0.05849	0.35473	0.04951	0.41513	0.01334	0.00693	0.00193	0.00301	0.01137	0.00602	0.00551
