[name]
unknown

[dist]
# distance from previous block
# <min> <max>
0	413

[block]
# block no. 0 follows, 41 sequences, length 56
# corresponding to MSA columns:
# 426-481
name=unknown_A
#
# <colnr> <probs for GDERKNQSTAVLIFYWHMCP>
#	G	D	E	R	K	N	Q	S	T	A	V	L	I	F	Y	W	H	M	C	P
0	0.00922	0.00658	0.00922	0.01053	0.01185	0.00658	0.00922	0.01185	0.01317	0.01712	0.03029	0.06452	0.03292	0.01580	0.00790	0.00263	0.00527	0.72480	0.00527	0.00527
1	0.01529	0.80242	0.02997	0.00979	0.01468	0.02263	0.00979	0.01713	0.01162	0.01346	0.00795	0.00918	0.00734	0.00489	0.00367	0.00122	0.00612	0.00306	0.00245	0.00734
2	0.00676	0.00579	0.00579	0.00579	0.00773	0.00483	0.00435	0.00821	0.01304	0.01545	0.05794	0.05505	0.76098	0.01449	0.00676	0.00193	0.00290	0.01207	0.00531	0.00483
3	0.83938	0.01106	0.00841	0.00752	0.01106	0.01283	0.00619	0.01681	0.00973	0.02566	0.00796	0.00929	0.00619	0.00531	0.00354	0.00177	0.00442	0.00310	0.00354	0.00619
4	0.01080	0.01017	0.01716	0.78523	0.03940	0.01271	0.01589	0.01461	0.01144	0.01461	0.01017	0.01525	0.00762	0.00572	0.00572	0.00191	0.00762	0.00508	0.00254	0.00635
5	0.01423	0.01229	0.01293	0.01164	0.01487	0.01423	0.00905	0.03039	0.75297	0.02393	0.02328	0.02134	0.01746	0.00776	0.00582	0.00194	0.00453	0.00647	0.00582	0.00905
6	0.00839	0.00604	0.00805	0.00806	0.00940	0.00570	0.00638	0.01107	0.01541	0.02144	0.57187	0.04835	0.04854	0.01275	0.00704	0.00201	0.00336	0.19474	0.00603	0.00536
7	0.00695	0.00503	0.00658	0.00782	0.00826	0.00466	0.00524	0.00798	0.01109	0.01466	0.03331	0.74529	0.08664	0.01769	0.00726	0.00230	0.00329	0.01598	0.00531	0.00466
8	0.01370	0.01576	0.04478	0.02074	0.02605	0.07843	0.55217	0.01787	0.01342	0.01785	0.01189	0.04351	0.00960	0.00535	0.00632	0.00178	0.00882	0.00640	0.00303	0.10256
9	0.02137	0.02726	0.01621	0.01474	0.01768	0.77602	0.01105	0.02284	0.01621	0.01400	0.00884	0.01031	0.00737	0.00589	0.00516	0.00147	0.01031	0.00368	0.00295	0.00663
10	0.00959	0.00657	0.00877	0.00850	0.00967	0.00753	0.00664	0.03460	0.01056	0.01642	0.01582	0.02129	0.01388	0.02911	0.47907	0.00624	0.05522	0.00580	0.24936	0.00539
11	0.00738	0.00550	0.00745	0.02210	0.00922	0.00554	0.00589	0.00846	0.01075	0.01446	0.02918	0.70424	0.03471	0.03078	0.03334	0.00260	0.04360	0.01503	0.00502	0.00475
12	0.01186	0.01017	0.01186	0.00847	0.01356	0.00762	0.00678	0.01440	0.01186	0.01864	0.01017	0.01186	0.00847	0.00424	0.00424	0.00085	0.00424	0.00339	0.00339	0.83395
13	0.01080	0.01017	0.01716	0.78523	0.03940	0.01271	0.01589	0.01461	0.01144	0.01461	0.01017	0.01525	0.00762	0.00572	0.00572	0.00191	0.00762	0.00508	0.00254	0.00635
14	0.01232	0.01229	0.01756	0.03014	0.01564	0.01693	0.03029	0.01370	0.00900	0.01392	0.00845	0.03822	0.00853	0.01006	0.01784	0.00247	0.72837	0.00542	0.00260	0.00624
15	0.01367	0.01170	0.01716	0.58286	0.03372	0.01403	0.01457	0.20586	0.01549	0.02023	0.01110	0.01485	0.00818	0.00602	0.00572	0.00186	0.00728	0.00510	0.00338	0.00724
16	0.00726	0.00521	0.00690	0.00776	0.00836	0.00484	0.00533	0.00871	0.01232	0.01679	0.22254	0.59800	0.04206	0.01629	0.00716	0.00219	0.00316	0.01471	0.00557	0.00484
17	0.01499	0.59566	0.02820	0.01642	0.21090	0.02026	0.01182	0.01724	0.01199	0.01483	0.00869	0.01048	0.00779	0.00495	0.00419	0.00135	0.00629	0.00359	0.00255	0.00779
18	0.02267	0.01040	0.01318	0.01056	0.01467	0.00993	0.00858	0.02854	0.20944	0.57242	0.02275	0.01996	0.01502	0.00726	0.00577	0.00181	0.00478	0.00594	0.00675	0.00956
19	0.62114	0.00968	0.00772	0.00707	0.01019	0.01073	0.00571	0.01456	0.01060	0.02299	0.02106	0.02128	0.20403	0.00771	0.00438	0.00181	0.00402	0.00545	0.00400	0.00584
20	0.01259	0.01050	0.01143	0.01073	0.01325	0.01184	0.00814	0.04931	0.53325	0.02190	0.02511	0.22393	0.02253	0.01039	0.00620	0.00203	0.00427	0.00899	0.00568	0.00792
21	0.00893	0.00549	0.00600	0.00600	0.00635	0.00549	0.00361	0.00963	0.00928	0.01377	0.01819	0.03321	0.01919	0.59130	0.02253	0.00444	0.00479	0.00754	0.22030	0.00395
22	0.62151	0.00977	0.00861	0.00796	0.01084	0.01134	0.00644	0.01508	0.00959	0.02242	0.00989	0.01275	0.00832	0.01516	0.20609	0.00372	0.00728	0.00389	0.00342	0.00591
23	0.01262	0.01060	0.01155	0.01048	0.01321	0.01191	0.00810	0.02526	0.55985	0.02367	0.21646	0.02695	0.02703	0.00879	0.00606	0.00190	0.00405	0.00748	0.00595	0.00810
24	0.00898	0.00631	0.00844	0.00941	0.01038	0.00631	0.00771	0.01092	0.01190	0.01554	0.02707	0.05742	0.02974	0.22108	0.01346	0.00340	0.00534	0.53700	0.00479	0.00479
25	0.62155	0.00962	0.00784	0.00719	0.00980	0.01092	0.00548	0.01459	0.00936	0.02184	0.01060	0.01667	0.01002	0.21334	0.01024	0.00276	0.00472	0.00447	0.00352	0.00548
26	0.00946	0.00836	0.01442	0.01158	0.01411	0.00775	0.19857	0.01267	0.01537	0.02146	0.53852	0.03602	0.06779	0.00999	0.00675	0.00184	0.00453	0.00947	0.00537	0.00598
27	0.62217	0.00956	0.00760	0.00695	0.00991	0.01087	0.00562	0.01590	0.01033	0.02453	0.01077	0.01245	0.00841	0.00566	0.00366	0.00166	0.00396	0.00368	0.22036	0.00597
28	0.00905	0.00709	0.00848	0.00895	0.01022	0.00727	0.00635	0.01408	0.20548	0.01720	0.02857	0.56326	0.03140	0.01475	0.00680	0.00217	0.00367	0.01321	0.00537	0.03665
29	0.62497	0.01531	0.01045	0.00941	0.01280	0.21287	0.00747	0.01839	0.01143	0.02261	0.00819	0.00956	0.00650	0.00546	0.00396	0.00169	0.00597	0.00325	0.00338	0.00631
30	0.00914	0.01185	0.20626	0.00888	0.01109	0.00757	0.00810	0.01089	0.00930	0.01293	0.01599	0.03079	0.01724	0.59098	0.02291	0.00457	0.00631	0.00725	0.00319	0.00477
31	0.02265	0.01075	0.01588	0.01671	0.21085	0.00977	0.01080	0.02517	0.01549	0.57105	0.01947	0.01808	0.01282	0.00656	0.00573	0.00175	0.00537	0.00558	0.00597	0.00956
32	0.00694	0.00558	0.00620	0.00662	0.00805	0.00485	0.00481	0.00833	0.01252	0.01547	0.06946	0.27320	0.50442	0.01546	0.00696	0.00207	0.00309	0.03584	0.00534	0.00481
33	0.02076	0.00849	0.01153	0.00960	0.01295	0.00742	0.00760	0.02266	0.01495	0.56998	0.02491	0.22281	0.02036	0.00992	0.00616	0.00191	0.00446	0.00851	0.00662	0.00840
34	0.02160	0.00879	0.01132	0.00901	0.01263	0.00791	0.00733	0.04790	0.01557	0.54740	0.02125	0.01976	0.01414	0.00696	0.00529	0.00165	0.00434	0.00562	0.22293	0.00858
35	0.02177	0.00985	0.01429	0.21333	0.02110	0.00953	0.01037	0.02440	0.01508	0.56998	0.01932	0.01836	0.01245	0.00672	0.00574	0.00181	0.00559	0.00558	0.00589	0.00885
36	0.00956	0.00623	0.00798	0.00827	0.00964	0.00581	0.00623	0.03177	0.01342	0.08399	0.15685	0.35354	0.14260	0.01476	0.00704	0.00216	0.00368	0.12532	0.00564	0.00549
37	0.00824	0.00595	0.00791	0.00811	0.00937	0.00562	0.00636	0.01073	0.01480	0.02040	0.47916	0.12256	0.06531	0.01345	0.00710	0.00207	0.00344	0.19824	0.00590	0.00527
38	0.01777	0.01109	0.10640	0.00985	0.01340	0.00846	0.00860	0.02081	0.05699	0.39359	0.05692	0.02452	0.01722	0.21471	0.01189	0.00278	0.00537	0.00651	0.00543	0.00767
39	0.01402	0.01374	0.02533	0.08783	0.44563	0.01366	0.23391	0.01822	0.03532	0.03875	0.01165	0.01498	0.00923	0.00520	0.00600	0.00179	0.00759	0.00565	0.00303	0.00847
40	0.25833	0.40818	0.05502	0.00969	0.01425	0.01774	0.00919	0.05867	0.03452	0.07492	0.00993	0.01073	0.00794	0.00540	0.00405	0.00150	0.00560	0.00354	0.00339	0.00742
41	0.01023	0.01060	0.05746	0.41948	0.02846	0.01100	0.10395	0.01350	0.01151	0.01524	0.01586	0.21946	0.01565	0.00893	0.00667	0.00203	0.03231	0.00817	0.00330	0.00619
42	0.04225	0.01556	0.03438	0.06176	0.01544	0.23863	0.00926	0.15220	0.03399	0.02100	0.01444	0.01618	0.03273	0.00676	0.00565	0.00160	0.04432	0.00490	0.24212	0.00684
43	0.22923	0.01066	0.01136	0.00942	0.03538	0.00999	0.00723	0.05048	0.06720	0.02177	0.03912	0.03030	0.01095	0.00551	0.00444	0.00130	0.00440	0.00421	0.00385	0.44321
44	0.45780	0.01193	0.09247	0.00841	0.01150	0.03226	0.00727	0.01458	0.00991	0.02015	0.01162	0.03966	0.01115	0.21370	0.01063	0.00274	0.00529	0.00499	0.00343	0.03052
45	0.01556	0.01818	0.02754	0.04353	0.10816	0.21393	0.45080	0.01932	0.01410	0.01713	0.01073	0.01394	0.00835	0.00516	0.00618	0.00178	0.00945	0.00572	0.00289	0.00754
46	0.01123	0.01542	0.21505	0.45855	0.05993	0.01254	0.06459	0.01545	0.01156	0.01564	0.01029	0.01452	0.00779	0.00642	0.00672	0.05216	0.00778	0.00496	0.00254	0.00686
47	0.00799	0.00584	0.00751	0.00709	0.00848	0.00535	0.00532	0.01060	0.01595	0.02237	0.70723	0.04366	0.10738	0.01190	0.00675	0.00181	0.00271	0.01047	0.00622	0.00535
48	0.00752	0.00574	0.00639	0.00628	0.00755	0.00516	0.00439	0.00891	0.01262	0.01626	0.23030	0.04722	0.38293	0.21939	0.01262	0.00284	0.00354	0.01064	0.00508	0.00462
49	0.01005	0.00539	0.00557	0.00557	0.00655	0.00539	0.00386	0.01201	0.01103	0.01864	0.01849	0.02555	0.01627	0.21434	0.01058	0.00244	0.00342	0.00611	0.61390	0.00484
50	0.00765	0.00561	0.00717	0.00724	0.00839	0.00514	0.00526	0.00976	0.01446	0.01991	0.49056	0.24135	0.12897	0.01364	0.00689	0.00195	0.00288	0.01209	0.00593	0.00514
51	0.01519	0.02438	0.57117	0.01470	0.02209	0.01201	0.01780	0.02067	0.01320	0.21448	0.01349	0.01401	0.00906	0.00587	0.00552	0.00180	0.00751	0.00463	0.00364	0.00879
52	0.62507	0.01236	0.01070	0.00900	0.01281	0.01412	0.00742	0.20748	0.01423	0.02839	0.00948	0.01046	0.00712	0.00572	0.00411	0.00176	0.00491	0.00364	0.00411	0.00712
53	0.01439	0.59476	0.02523	0.00944	0.01439	0.01870	0.00900	0.01641	0.01168	0.01482	0.00853	0.00988	0.00764	0.00472	0.00382	0.00112	0.00562	0.00315	0.00269	0.22401
54	0.02174	0.01602	0.01717	0.01316	0.01774	0.01774	0.01087	0.74423	0.02689	0.03605	0.01373	0.01373	0.00973	0.00687	0.00572	0.00172	0.00629	0.00515	0.00572	0.00973
55	0.02076	0.00849	0.01153	0.00960	0.01295	0.00742	0.00760	0.02266	0.01495	0.56998	0.02491	0.22281	0.02036	0.00992	0.00616	0.00191	0.00446	0.00851	0.00662	0.00840

[dist]
# distance from previous block
# <min> <max>
0	5

[block]
# block no. 1 follows, 41 sequences, length 7
# corresponding to MSA columns:
# 487-493
name=unknown_B
#
# <colnr> <probs for GDERKNQSTAVLIFYWHMCP>
#	G	D	E	R	K	N	Q	S	T	A	V	L	I	F	Y	W	H	M	C	P
0	0.01274	0.00719	0.00996	0.01030	0.01225	0.00687	0.00880	0.01518	0.01375	0.18405	0.02864	0.09901	0.02904	0.01399	0.00739	0.00242	0.00506	0.52146	0.00567	0.00622
1	0.01376	0.02657	0.60180	0.01560	0.02319	0.01428	0.01885	0.17985	0.01538	0.02211	0.01104	0.01245	0.00780	0.00575	0.00550	0.00179	0.00797	0.00443	0.00315	0.00874
2	0.00985	0.00636	0.00852	0.00831	0.00991	0.00596	0.00664	0.01249	0.01542	0.08324	0.50936	0.04646	0.04519	0.01238	0.00696	0.00201	0.00355	0.19558	0.00609	0.00572
3	0.01072	0.02430	0.59968	0.01427	0.02115	0.01153	0.01763	0.01648	0.01299	0.01919	0.17733	0.01890	0.01765	0.00683	0.00573	0.00181	0.00717	0.00559	0.00328	0.00777
4	0.01423	0.01229	0.01293	0.01164	0.01487	0.01423	0.00905	0.03039	0.75297	0.02393	0.02328	0.02134	0.01746	0.00776	0.00582	0.00194	0.00453	0.00647	0.00582	0.00905
5	0.00733	0.00595	0.00658	0.00681	0.00859	0.00521	0.00537	0.00908	0.01325	0.01623	0.09510	0.05617	0.57462	0.01458	0.00698	0.00206	0.00335	0.15241	0.00536	0.00495
6	0.01066	0.00533	0.00533	0.00533	0.00666	0.00533	0.00400	0.01333	0.01200	0.02132	0.01866	0.02132	0.01466	0.00666	0.00400	0.00133	0.00267	0.00533	0.83073	0.00533

[dist]
# distance from previous block
# <min> <max>
0	1

[block]
# block no. 2 follows, 41 sequences, length 98
# corresponding to MSA columns:
# 495-592
name=unknown_C
#
# <colnr> <probs for GDERKNQSTAVLIFYWHMCP>
#	G	D	E	R	K	N	Q	S	T	A	V	L	I	F	Y	W	H	M	C	P
0	0.00843	0.00651	0.00969	0.00954	0.01050	0.00777	0.00747	0.01043	0.00917	0.01331	0.01485	0.02187	0.01389	0.04093	0.73087	0.00879	0.06171	0.00606	0.00303	0.00518
1	0.02038	0.02461	0.01725	0.01749	0.12217	0.61948	0.01195	0.06938	0.01646	0.01610	0.00943	0.01108	0.00776	0.00585	0.00527	0.00152	0.00956	0.00398	0.00311	0.00717
2	0.00697	0.00498	0.00664	0.00796	0.00830	0.00465	0.00531	0.00796	0.01095	0.01460	0.03153	0.79525	0.03783	0.01792	0.00730	0.00232	0.00332	0.01626	0.00531	0.00465
3	0.01254	0.01015	0.01193	0.00856	0.01361	0.00766	0.00686	0.01507	0.01208	0.05560	0.01078	0.01224	0.00875	0.00438	0.00431	0.00089	0.00427	0.00351	0.00357	0.79325
4	0.00697	0.00580	0.00608	0.00601	0.00785	0.00492	0.00451	0.00861	0.01353	0.01661	0.16704	0.05313	0.65116	0.01405	0.00676	0.00191	0.00287	0.01180	0.00546	0.00492
5	0.00724	0.00573	0.00652	0.00650	0.00807	0.00501	0.00480	0.00907	0.01391	0.01794	0.29689	0.12533	0.44496	0.01387	0.00681	0.00193	0.00287	0.01190	0.00565	0.00501
6	0.00700	0.00538	0.00641	0.00706	0.00810	0.00479	0.00495	0.00833	0.01226	0.01573	0.11148	0.43829	0.31771	0.01600	0.00704	0.00212	0.00310	0.01408	0.00540	0.00479
7	0.00688	0.00532	0.00629	0.00707	0.00806	0.00472	0.00491	0.00807	0.01181	0.01495	0.04244	0.48949	0.33655	0.01650	0.00708	0.00216	0.00314	0.01453	0.00531	0.00472
8	0.00802	0.00584	0.00754	0.00712	0.00850	0.00537	0.00534	0.01065	0.01602	0.02253	0.72203	0.04340	0.09248	0.01185	0.00675	0.00181	0.00271	0.01044	0.00624	0.00537
9	0.00804	0.00584	0.00756	0.00713	0.00851	0.00537	0.00535	0.01068	0.01605	0.02260	0.72905	0.04327	0.08541	0.01182	0.00675	0.00180	0.00271	0.01042	0.00625	0.00537
10	0.02137	0.02726	0.01621	0.01474	0.01768	0.77602	0.01105	0.02284	0.01621	0.01400	0.00884	0.01031	0.00737	0.00589	0.00516	0.00147	0.01031	0.00368	0.00295	0.00663
11	0.02137	0.02726	0.01621	0.01474	0.01768	0.77602	0.01105	0.02284	0.01621	0.01400	0.00884	0.01031	0.00737	0.00589	0.00516	0.00147	0.01031	0.00368	0.00295	0.00663
12	0.02137	0.02726	0.01621	0.01474	0.01768	0.77602	0.01105	0.02284	0.01621	0.01400	0.00884	0.01031	0.00737	0.00589	0.00516	0.00147	0.01031	0.00368	0.00295	0.00663
13	0.83938	0.01106	0.00841	0.00752	0.01106	0.01283	0.00619	0.01681	0.00973	0.02566	0.00796	0.00929	0.00619	0.00531	0.00354	0.00177	0.00442	0.00310	0.00354	0.00619
14	0.00676	0.00579	0.00579	0.00579	0.00773	0.00483	0.00435	0.00821	0.01304	0.01545	0.05794	0.05505	0.76098	0.01449	0.00676	0.00193	0.00290	0.01207	0.00531	0.00483
15	0.00817	0.00613	0.00919	0.00919	0.01021	0.00715	0.00715	0.01021	0.00919	0.01328	0.01532	0.02247	0.01430	0.04290	0.77631	0.00919	0.01532	0.00613	0.00306	0.00511
16	0.01606	0.01595	0.02736	0.02008	0.02518	0.05065	0.46915	0.21204	0.04458	0.02294	0.01236	0.01489	0.00920	0.00565	0.00666	0.00187	0.02730	0.00613	0.00375	0.00821
17	0.83938	0.01106	0.00841	0.00752	0.01106	0.01283	0.00619	0.01681	0.00973	0.02566	0.00796	0.00929	0.00619	0.00531	0.00354	0.00177	0.00442	0.00310	0.00354	0.00619
18	0.00803	0.00557	0.00672	0.00676	0.00727	0.00536	0.00434	0.00904	0.01124	0.01536	0.25142	0.14400	0.05124	0.42786	0.01862	0.00385	0.00429	0.01013	0.00464	0.00426
19	0.01546	0.78089	0.02959	0.00992	0.01476	0.04356	0.00982	0.01729	0.01175	0.01347	0.00798	0.00921	0.00734	0.00492	0.00371	0.00123	0.00623	0.00308	0.00246	0.00732
20	0.01858	0.01203	0.07130	0.01139	0.03317	0.01030	0.00958	0.05263	0.17651	0.34390	0.03214	0.02001	0.01462	0.00704	0.00561	0.00170	0.00505	0.03437	0.00564	0.13442
21	0.12017	0.49089	0.17466	0.01112	0.01646	0.05648	0.01169	0.03350	0.01203	0.01647	0.00859	0.00993	0.00723	0.00515	0.00413	0.00143	0.00658	0.00337	0.00268	0.00743
22	0.01636	0.01303	0.01390	0.01193	0.01551	0.01479	0.00944	0.19057	0.56155	0.05530	0.02111	0.01956	0.01560	0.00753	0.00580	0.00188	0.00494	0.00614	0.00585	0.00923
23	0.00994	0.00497	0.00745	0.00745	0.00745	0.00497	0.00497	0.00745	0.00745	0.00994	0.00994	0.01739	0.00994	0.01987	0.02235	0.83358	0.00497	0.00497	0.00248	0.00248
24	0.03603	0.01518	0.04189	0.03118	0.62749	0.07528	0.01651	0.05386	0.01386	0.01933	0.01067	0.01365	0.00884	0.00526	0.00556	0.00169	0.00704	0.00491	0.00299	0.00881
25	0.01329	0.02615	0.62842	0.01697	0.07742	0.01275	0.01942	0.01919	0.01264	0.10391	0.01171	0.01307	0.00817	0.00560	0.00549	0.00180	0.00792	0.00446	0.00298	0.00864
26	0.00920	0.00674	0.00906	0.01016	0.01161	0.00673	0.00878	0.01227	0.04289	0.01724	0.03246	0.06194	0.09703	0.01536	0.00772	0.00254	0.00503	0.63256	0.00529	0.00538
27	0.01045	0.00764	0.04265	0.01005	0.04015	0.00665	0.00733	0.03467	0.03749	0.10347	0.04297	0.54016	0.03115	0.01469	0.00689	0.00218	0.00407	0.04607	0.00534	0.00593
28	0.01463	0.01736	0.11061	0.02859	0.48214	0.10975	0.09702	0.01827	0.01325	0.01786	0.01046	0.01353	0.00855	0.00534	0.00604	0.00173	0.02861	0.00500	0.00280	0.00846
29	0.00978	0.00648	0.00786	0.00788	0.00869	0.00652	0.00552	0.05629	0.01130	0.04084	0.04529	0.13745	0.02478	0.41658	0.04692	0.00418	0.00544	0.12929	0.02421	0.00470
30	0.58571	0.01202	0.01497	0.06849	0.01754	0.01320	0.17884	0.01700	0.01074	0.02314	0.00897	0.01116	0.00688	0.00523	0.00445	0.00182	0.00588	0.00410	0.00332	0.00656
31	0.05109	0.63430	0.15637	0.01081	0.01626	0.02059	0.01158	0.01728	0.01162	0.01480	0.00835	0.00968	0.00727	0.00501	0.00397	0.00135	0.00644	0.00326	0.00249	0.00748
32	0.01791	0.00911	0.01165	0.00959	0.01317	0.00808	0.00764	0.03403	0.06855	0.38210	0.04677	0.14134	0.01910	0.00881	0.00584	0.00173	0.00445	0.03911	0.00588	0.16514
33	0.01708	0.01160	0.01302	0.01116	0.01466	0.01263	0.00883	0.07831	0.49042	0.19818	0.06270	0.02154	0.01815	0.00775	0.00585	0.00188	0.00463	0.00642	0.00613	0.00906
34	0.01790	0.01171	0.02638	0.01169	0.01548	0.01186	0.05606	0.11440	0.29322	0.25481	0.06133	0.02189	0.03887	0.02960	0.00657	0.00195	0.00513	0.00649	0.00590	0.00878
35	0.00916	0.00681	0.00838	0.02277	0.00998	0.00670	0.00614	0.03946	0.07318	0.02162	0.47793	0.05925	0.11068	0.03574	0.00730	0.00199	0.00337	0.05854	0.03529	0.00572
36	0.04825	0.00884	0.01156	0.00929	0.01288	0.00790	0.00752	0.02303	0.03525	0.52957	0.18161	0.02575	0.05609	0.00836	0.00594	0.00179	0.00429	0.00695	0.00668	0.00845
37	0.01186	0.01017	0.01186	0.00847	0.01356	0.00762	0.00678	0.01440	0.01186	0.01864	0.01017	0.01186	0.00847	0.00424	0.00424	0.00085	0.00424	0.00339	0.00339	0.83395
38	0.01186	0.01017	0.01186	0.00847	0.01356	0.00762	0.00678	0.01440	0.01186	0.01864	0.01017	0.01186	0.00847	0.00424	0.00424	0.00085	0.00424	0.00339	0.00339	0.83395
39	0.00888	0.00644	0.00838	0.00864	0.01003	0.00623	0.00697	0.03604	0.01458	0.01970	0.33230	0.08550	0.08883	0.04509	0.00809	0.00231	0.00401	0.29700	0.00564	0.00534
40	0.01552	0.00957	0.01025	0.00868	0.01141	0.01018	0.00690	0.23831	0.08640	0.08344	0.01790	0.01887	0.01338	0.00686	0.00483	0.00154	0.00411	0.00541	0.43907	0.00736
41	0.00702	0.00500	0.00662	0.00791	0.00823	0.00468	0.00525	0.00798	0.01086	0.01448	0.03106	0.76919	0.03725	0.04478	0.00805	0.00243	0.00340	0.01599	0.00525	0.00461
42	0.00707	0.00505	0.00676	0.00808	0.00846	0.00474	0.00549	0.00814	0.01105	0.01472	0.03147	0.76142	0.03760	0.01782	0.00733	0.00234	0.00341	0.04906	0.00531	0.00467
43	0.01186	0.01017	0.01186	0.00847	0.01356	0.00762	0.00678	0.01440	0.01186	0.01864	0.01017	0.01186	0.00847	0.00424	0.00424	0.00085	0.00424	0.00339	0.00339	0.83395
44	0.01879	0.07222	0.14141	0.01472	0.01850	0.55594	0.01274	0.02113	0.01477	0.01463	0.00894	0.01068	0.00736	0.00603	0.00601	0.00158	0.06098	0.00382	0.00280	0.00695
45	0.02291	0.01295	0.01514	0.01171	0.01607	0.01330	0.00963	0.41260	0.02185	0.34798	0.01812	0.04306	0.01259	0.00734	0.00579	0.00176	0.00558	0.00579	0.00629	0.00956
46	0.01217	0.01205	0.01745	0.16890	0.01989	0.01656	0.01319	0.01394	0.00929	0.01394	0.00804	0.01306	0.00753	0.00915	0.01616	0.00238	0.63250	0.00502	0.00251	0.00628
47	0.00817	0.00613	0.00919	0.00919	0.01021	0.00715	0.00715	0.01021	0.00919	0.01328	0.01532	0.02247	0.01430	0.04290	0.77631	0.00919	0.01532	0.00613	0.00306	0.00511
48	0.01207	0.14963	0.65450	0.01529	0.02319	0.01474	0.01937	0.01796	0.01201	0.01739	0.00991	0.01163	0.00726	0.00535	0.00516	0.00172	0.00809	0.00405	0.00242	0.00828
49	0.01305	0.01796	0.17430	0.02201	0.02793	0.01444	0.55559	0.01798	0.01291	0.01798	0.01105	0.01459	0.00833	0.00528	0.00729	0.00194	0.06067	0.00615	0.00278	0.00776
50	0.00792	0.00584	0.00741	0.00702	0.00844	0.00532	0.00526	0.01046	0.01579	0.02198	0.67046	0.04430	0.14439	0.01205	0.00675	0.00182	0.00272	0.01057	0.00617	0.00532
51	0.00918	0.00656	0.00916	0.01041	0.01173	0.00654	0.00908	0.01181	0.01328	0.01733	0.05631	0.06374	0.03367	0.01565	0.00786	0.00260	0.00518	0.69933	0.00530	0.00527
52	0.01539	0.01242	0.01437	0.05179	0.08031	0.01390	0.01021	0.13299	0.47338	0.06013	0.02135	0.02105	0.03923	0.00762	0.00585	0.00189	0.00511	0.01874	0.00542	0.00885
53	0.02566	0.00973	0.01327	0.01018	0.01460	0.00841	0.00841	0.02788	0.01637	0.76726	0.02257	0.01947	0.01416	0.00708	0.00575	0.00177	0.00487	0.00575	0.00708	0.00973
54	0.00832	0.00555	0.00624	0.00624	0.00624	0.00555	0.00347	0.00832	0.00832	0.01109	0.01802	0.03743	0.02080	0.79898	0.02911	0.00555	0.00555	0.00832	0.00347	0.00347
55	0.83938	0.01106	0.00841	0.00752	0.01106	0.01283	0.00619	0.01681	0.00973	0.02566	0.00796	0.00929	0.00619	0.00531	0.00354	0.00177	0.00442	0.00310	0.00354	0.00619
56	0.83938	0.01106	0.00841	0.00752	0.01106	0.01283	0.00619	0.01681	0.00973	0.02566	0.00796	0.00929	0.00619	0.00531	0.00354	0.00177	0.00442	0.00310	0.00354	0.00619
57	0.01404	0.01363	0.02254	0.11217	0.58286	0.03052	0.05264	0.03469	0.01309	0.01833	0.01062	0.01417	0.00880	0.00543	0.00630	0.00176	0.04185	0.00514	0.00286	0.00855
58	0.83938	0.01106	0.00841	0.00752	0.01106	0.01283	0.00619	0.01681	0.00973	0.02566	0.00796	0.00929	0.00619	0.00531	0.00354	0.00177	0.00442	0.00310	0.00354	0.00619
59	0.00814	0.00602	0.00875	0.00880	0.00968	0.00687	0.00665	0.00991	0.00916	0.01308	0.01627	0.05461	0.01598	0.12960	0.65940	0.00850	0.01371	0.00678	0.00320	0.00490
60	0.00805	0.00543	0.00632	0.00658	0.00665	0.00537	0.00383	0.00825	0.00884	0.01179	0.02072	0.18884	0.02420	0.64293	0.02476	0.00490	0.00510	0.00990	0.00383	0.00370
61	0.00891	0.00603	0.00791	0.00733	0.00883	0.00554	0.00554	0.01158	0.01620	0.05739	0.72613	0.04165	0.05213	0.01148	0.00670	0.00180	0.00280	0.01013	0.00633	0.00560
62	0.01299	0.01497	0.05795	0.23125	0.04462	0.04225	0.47547	0.01746	0.01297	0.01715	0.01102	0.01503	0.00829	0.00514	0.00634	0.00190	0.00902	0.00605	0.00278	0.00736
63	0.01423	0.01229	0.01293	0.01164	0.01487	0.01423	0.00905	0.03039	0.75297	0.02393	0.02328	0.02134	0.01746	0.00776	0.00582	0.00194	0.00453	0.00647	0.00582	0.00905
64	0.01169	0.00944	0.01134	0.02699	0.01339	0.00741	0.00683	0.01428	0.01272	0.04526	0.13441	0.01730	0.01616	0.00560	0.00474	0.00106	0.00409	0.00466	0.00398	0.64867
65	0.03988	0.02802	0.70199	0.01608	0.02418	0.01318	0.04171	0.01833	0.01215	0.03800	0.01055	0.01228	0.00743	0.00545	0.00542	0.00181	0.00826	0.00430	0.00259	0.00839
66	0.01147	0.02959	0.76934	0.01630	0.02476	0.01328	0.02113	0.01811	0.01208	0.01811	0.01026	0.01208	0.00725	0.00543	0.00543	0.00181	0.00845	0.00423	0.00242	0.00845
67	0.00697	0.00498	0.00664	0.00796	0.00830	0.00465	0.00531	0.00796	0.01095	0.01460	0.03153	0.79525	0.03783	0.01792	0.00730	0.00232	0.00332	0.01626	0.00531	0.00465
68	0.01299	0.01438	0.03009	0.15483	0.03080	0.01431	0.58126	0.01746	0.01291	0.01746	0.01113	0.01525	0.00844	0.00523	0.00717	0.00195	0.04775	0.00638	0.00281	0.00741
69	0.01619	0.11122	0.07848	0.02321	0.36274	0.10139	0.01451	0.10661	0.04772	0.04637	0.01142	0.01338	0.00912	0.00572	0.00572	0.00166	0.02787	0.00471	0.00339	0.00856
70	0.02305	0.01313	0.01523	0.01171	0.01613	0.01354	0.00966	0.42802	0.02213	0.33769	0.01752	0.01631	0.01169	0.00695	0.00569	0.00173	0.00560	0.00540	0.02920	0.00961
71	0.00701	0.00501	0.00667	0.00794	0.00831	0.00467	0.00531	0.00807	0.01115	0.01491	0.05864	0.76725	0.03843	0.01769	0.00728	0.00230	0.00330	0.01604	0.00535	0.00467
72	0.01269	0.01235	0.02168	0.37862	0.21215	0.01351	0.16089	0.03736	0.06046	0.01755	0.01154	0.01537	0.00888	0.00555	0.00592	0.00186	0.00759	0.00551	0.00298	0.00755
73	0.01481	0.04848	0.04957	0.04501	0.06763	0.01271	0.38399	0.05180	0.01399	0.12838	0.01549	0.11333	0.01307	0.00696	0.00634	0.00190	0.00756	0.00732	0.00389	0.00776
74	0.04548	0.01458	0.01575	0.01224	0.01655	0.01594	0.01007	0.58897	0.05432	0.10184	0.01503	0.01484	0.01061	0.00687	0.00557	0.00171	0.00584	0.00521	0.04921	0.00936
75	0.00703	0.00500	0.00662	0.00788	0.00820	0.00469	0.00522	0.00798	0.01083	0.01444	0.03090	0.76017	0.03704	0.05408	0.00831	0.00247	0.00342	0.01589	0.00522	0.00459
76	0.02269	0.01201	0.04912	0.01372	0.09041	0.01063	0.02980	0.11263	0.04263	0.52519	0.01951	0.01787	0.01278	0.00675	0.00575	0.00177	0.00551	0.00560	0.00613	0.00953
77	0.01456	0.59600	0.15523	0.01110	0.01632	0.05376	0.01166	0.01721	0.01178	0.01427	0.00875	0.01038	0.00767	0.00691	0.04219	0.00173	0.00716	0.00344	0.00249	0.00739
78	0.01377	0.01185	0.01406	0.01537	0.15049	0.03603	0.01003	0.02425	0.47945	0.02049	0.01848	0.01908	0.01445	0.00910	0.00834	0.13106	0.00519	0.00590	0.00467	0.00796
79	0.01583	0.01519	0.13296	0.01413	0.04076	0.01364	0.07126	0.07811	0.37216	0.12715	0.01856	0.01807	0.01352	0.00700	0.00628	0.00189	0.03375	0.00585	0.00501	0.00890
80	0.05427	0.01253	0.01812	0.10500	0.38940	0.05365	0.02686	0.01801	0.08842	0.03186	0.07481	0.02074	0.01506	0.00685	0.00583	0.00182	0.00630	0.05889	0.00368	0.00791
81	0.01186	0.01017	0.01186	0.00847	0.01356	0.00762	0.00678	0.01440	0.01186	0.01864	0.01017	0.01186	0.00847	0.00424	0.00424	0.00085	0.00424	0.00339	0.00339	0.83395
82	0.02095	0.01526	0.01632	0.01260	0.01695	0.01685	0.01038	0.69205	0.02583	0.03500	0.01408	0.01427	0.01008	0.00685	0.00560	0.00169	0.00604	0.00516	0.06461	0.00941
83	0.00697	0.00498	0.00664	0.00796	0.00830	0.00465	0.00531	0.00796	0.01095	0.01460	0.03153	0.79525	0.03783	0.01792	0.00730	0.00232	0.00332	0.01626	0.00531	0.00465
84	0.00679	0.00567	0.00592	0.00613	0.00781	0.00480	0.00449	0.00817	0.01272	0.01532	0.05390	0.16835	0.65029	0.01501	0.00684	0.00199	0.00296	0.01271	0.00531	0.00480
85	0.02137	0.02726	0.01621	0.01474	0.01768	0.77602	0.01105	0.02284	0.01621	0.01400	0.00884	0.01031	0.00737	0.00589	0.00516	0.00147	0.01031	0.00368	0.00295	0.00663
86	0.00738	0.00582	0.00665	0.00644	0.00811	0.00509	0.00483	0.00941	0.01450	0.01892	0.38297	0.04935	0.43379	0.01319	0.00675	0.00187	0.00281	0.01127	0.00577	0.00509
87	0.00868	0.00620	0.00860	0.00992	0.01100	0.00612	0.00828	0.01092	0.01264	0.01651	0.03058	0.23975	0.03410	0.01631	0.00776	0.00256	0.00480	0.55489	0.00528	0.00512
88	0.00676	0.00579	0.00579	0.00579	0.00773	0.00483	0.00435	0.00821	0.01304	0.01545	0.05794	0.05505	0.76098	0.01449	0.00676	0.00193	0.00290	0.01207	0.00531	0.00483
89	0.01281	0.29977	0.51086	0.01402	0.02123	0.01655	0.01717	0.01777	0.01192	0.01649	0.00946	0.01106	0.00728	0.00525	0.00482	0.00161	0.00764	0.00382	0.00243	0.00806
90	0.01194	0.01024	0.01190	0.00858	0.01360	0.00785	0.00686	0.01495	0.03734	0.01882	0.01062	0.01219	0.00878	0.00436	0.00429	0.00088	0.00425	0.00349	0.00347	0.80558
91	0.01501	0.01465	0.02834	0.02059	0.02582	0.01418	0.53959	0.11815	0.04848	0.05818	0.04759	0.01692	0.01158	0.00566	0.00652	0.00189	0.00840	0.00664	0.00377	0.00804
92	0.05752	0.01283	0.01496	0.01151	0.01597	0.01310	0.00951	0.37398	0.02119	0.38275	0.01769	0.01627	0.01168	0.00690	0.00565	0.00174	0.00554	0.00535	0.00628	0.00958
93	0.01462	0.25900	0.04606	0.01106	0.01486	0.01563	0.00977	0.04444	0.33790	0.05843	0.01860	0.02249	0.01553	0.00776	0.00540	0.00179	0.00534	0.09865	0.00463	0.00806
94	0.01080	0.01017	0.01716	0.78523	0.03940	0.01271	0.01589	0.01461	0.01144	0.01461	0.01017	0.01525	0.00762	0.00572	0.00572	0.00191	0.00762	0.00508	0.00254	0.00635
95	0.01416	0.01359	0.02322	0.03511	0.76330	0.01359	0.01755	0.01755	0.01302	0.01869	0.01076	0.01416	0.00906	0.00510	0.00566	0.00170	0.00680	0.00510	0.00283	0.00906
96	0.01957	0.03314	0.04208	0.01776	0.15546	0.01143	0.15719	0.03530	0.04111	0.37871	0.01699	0.01696	0.01163	0.00610	0.00583	0.00175	0.00631	0.00566	0.00503	0.03197
97	0.01350	0.01543	0.03375	0.02411	0.02989	0.01446	0.74253	0.01832	0.01350	0.01832	0.01157	0.01543	0.00868	0.00482	0.00675	0.00193	0.00964	0.00675	0.00289	0.00771

[dist]
# distance from previous block
# <min> <max>
0	192

# created by:
# /software/SequenceAnalysis/GenePrediction/augustus/3.0.1/scripts/msa2prfl.pl ./fixed/BUSCOvEOG73V185.fas
