[name]
unknown

[dist]
# distance from previous block
# <min> <max>
0	249

[block]
# block no. 0 follows, 39 sequences, length 37
# corresponding to MSA columns:
# 286-322
name=unknown_A
#
# <colnr> <probs for GDERKNQSTAVLIFYWHMCP>
#	G	D	E	R	K	N	Q	S	T	A	V	L	I	F	Y	W	H	M	C	P
0	0.01443	0.01060	0.01185	0.01048	0.01350	0.01145	0.00818	0.04984	0.42376	0.11019	0.18403	0.02887	0.07864	0.00929	0.00628	0.00194	0.00425	0.00784	0.00623	0.00833
1	0.01186	0.03059	0.76153	0.01686	0.02560	0.01373	0.02185	0.01873	0.01249	0.01873	0.01061	0.01249	0.00749	0.00562	0.00562	0.00187	0.00874	0.00437	0.00250	0.00874
2	0.01195	0.08451	0.66740	0.01585	0.02392	0.01398	0.02011	0.01824	0.01269	0.01865	0.05114	0.01401	0.01015	0.00593	0.00556	0.00183	0.00824	0.00463	0.00272	0.00848
3	0.02653	0.01006	0.01372	0.01052	0.01510	0.00869	0.00869	0.02882	0.01693	0.75937	0.02333	0.02013	0.01464	0.00732	0.00595	0.00183	0.00503	0.00595	0.00732	0.01006
4	0.01214	0.08528	0.70930	0.01637	0.02485	0.01443	0.02101	0.01866	0.01245	0.01838	0.01044	0.01227	0.00750	0.00558	0.00549	0.00183	0.00857	0.00428	0.00250	0.00866
5	0.83394	0.01144	0.00869	0.00778	0.01144	0.01327	0.00640	0.01738	0.01006	0.02653	0.00823	0.00961	0.00640	0.00549	0.00366	0.00183	0.00457	0.00320	0.00366	0.00640
6	0.00740	0.00597	0.00659	0.00652	0.00826	0.00515	0.00486	0.00925	0.01432	0.01817	0.25863	0.08872	0.51680	0.01432	0.00701	0.00198	0.00296	0.01218	0.00579	0.00515
7	0.24611	0.00696	0.00739	0.00810	0.00940	0.00725	0.00575	0.01088	0.01096	0.01840	0.02555	0.56328	0.02966	0.01476	0.00642	0.00224	0.00376	0.01288	0.00496	0.00527
8	0.01422	0.47386	0.23293	0.01334	0.04933	0.01936	0.01374	0.01757	0.01220	0.01585	0.03515	0.01197	0.00934	0.00579	0.00545	0.00156	0.05382	0.00398	0.00268	0.00785
9	0.01274	0.01079	0.01252	0.00898	0.01422	0.00837	0.00720	0.04831	0.01298	0.02011	0.01068	0.01235	0.00882	0.00451	0.00445	0.00092	0.00448	0.00359	0.00362	0.79038
10	0.01304	0.01279	0.02517	0.11767	0.10547	0.01258	0.40689	0.01725	0.01330	0.01917	0.01328	0.01711	0.01022	0.00555	0.00610	0.00183	0.00782	0.00626	0.18110	0.00741
11	0.01323	0.26843	0.49788	0.01570	0.05776	0.01676	0.01801	0.01838	0.01239	0.01726	0.00989	0.01165	0.00761	0.00543	0.00506	0.00168	0.00790	0.00404	0.00253	0.00841
12	0.02023	0.01545	0.01648	0.01315	0.01748	0.01729	0.01070	0.53208	0.23494	0.03365	0.01705	0.01647	0.01237	0.00737	0.00595	0.00184	0.00598	0.00572	0.00595	0.00986
13	0.01382	0.23922	0.47108	0.01536	0.05516	0.01598	0.01742	0.01883	0.01273	0.05817	0.02473	0.01278	0.00891	0.00566	0.00517	0.00170	0.00768	0.00428	0.00287	0.00846
14	0.01387	0.01376	0.02539	0.03029	0.47104	0.01349	0.21539	0.01771	0.01362	0.01903	0.01363	0.02086	0.01203	0.00644	0.00643	0.00193	0.00766	0.08566	0.00323	0.00854
15	0.00721	0.00515	0.00686	0.00823	0.00858	0.00480	0.00549	0.00823	0.01132	0.01510	0.03259	0.78831	0.03911	0.01853	0.00755	0.00240	0.00343	0.01681	0.00549	0.00480
16	0.02176	0.02482	0.01705	0.01488	0.01817	0.56202	0.01145	0.18606	0.01893	0.01968	0.01023	0.01158	0.00818	0.00652	0.00612	0.00163	0.04545	0.00422	0.00368	0.00757
17	0.00830	0.00561	0.00654	0.00684	0.00691	0.00553	0.00400	0.00852	0.00919	0.01225	0.02166	0.20117	0.02532	0.62449	0.02521	0.00501	0.00523	0.01038	0.00400	0.00385
18	0.02156	0.02708	0.01652	0.01501	0.01807	0.71455	0.01128	0.02417	0.06879	0.01521	0.01021	0.01148	0.00836	0.00623	0.00538	0.00156	0.01024	0.00401	0.00326	0.00703
19	0.01238	0.02002	0.34722	0.12496	0.02465	0.01267	0.09184	0.05105	0.05760	0.01948	0.03188	0.05242	0.01140	0.00644	0.00581	0.00180	0.00743	0.00561	0.00332	0.11201
20	0.07594	0.01593	0.02073	0.02597	0.41616	0.13646	0.05400	0.05076	0.03340	0.09617	0.01236	0.01444	0.00964	0.00576	0.00569	0.00175	0.00732	0.00509	0.00366	0.00877
21	0.01103	0.00579	0.00618	0.04790	0.00875	0.00593	0.00481	0.01385	0.01237	0.02167	0.01881	0.02170	0.01476	0.00684	0.00423	0.00141	0.00304	0.00550	0.77987	0.00557
22	0.01555	0.01095	0.01218	0.01039	0.01365	0.01156	0.00822	0.16780	0.26264	0.12345	0.13577	0.02972	0.15344	0.00959	0.00630	0.00191	0.00452	0.00794	0.00615	0.00825
23	0.01277	0.20544	0.05459	0.25487	0.02597	0.01475	0.17598	0.01553	0.01175	0.01510	0.01062	0.02765	0.00894	0.00793	0.00827	0.12775	0.00751	0.00527	0.00272	0.00659
24	0.02248	0.01656	0.01775	0.01361	0.01834	0.01834	0.01124	0.73556	0.02780	0.03727	0.01420	0.01420	0.01006	0.00710	0.00592	0.00177	0.00651	0.00532	0.00592	0.01006
25	0.01268	0.01116	0.01507	0.06981	0.17698	0.00967	0.01012	0.03004	0.01277	0.01916	0.01174	0.04905	0.01026	0.00539	0.00499	0.00123	0.00521	0.00467	0.00346	0.53654
26	0.00743	0.00531	0.00709	0.00826	0.00876	0.00497	0.00567	0.00872	0.01200	0.01613	0.10983	0.67808	0.04069	0.01774	0.00751	0.00236	0.00345	0.04548	0.00560	0.00491
27	0.00737	0.00527	0.00705	0.00843	0.00884	0.00495	0.00578	0.00852	0.01149	0.01528	0.03250	0.73618	0.03875	0.01837	0.00759	0.00242	0.00358	0.06728	0.00549	0.00485
28	0.01365	0.01202	0.01513	0.17939	0.05183	0.01425	0.01171	0.04894	0.40100	0.02127	0.01908	0.02239	0.01529	0.00826	0.00752	0.00209	0.08590	0.05731	0.00475	0.00820
29	0.29035	0.01373	0.02386	0.11545	0.02559	0.01415	0.39654	0.01793	0.01237	0.02101	0.01052	0.01379	0.00797	0.00527	0.00572	0.00194	0.00788	0.00548	0.00317	0.00727
30	0.00721	0.00515	0.00686	0.00823	0.00858	0.00480	0.00549	0.00823	0.01132	0.01510	0.03259	0.78831	0.03911	0.01853	0.00755	0.00240	0.00343	0.01681	0.00549	0.00480
31	0.01027	0.00514	0.00770	0.00770	0.00770	0.00514	0.00514	0.00770	0.00770	0.01027	0.01027	0.01798	0.01027	0.02054	0.02311	0.82794	0.00514	0.00514	0.00257	0.00257
32	0.02414	0.00952	0.01294	0.01014	0.01427	0.00827	0.00828	0.02645	0.01678	0.66319	0.10229	0.03995	0.01964	0.00809	0.00609	0.00185	0.00475	0.00670	0.00719	0.00946
33	0.06763	0.01363	0.01447	0.01210	0.01599	0.01526	0.00969	0.26920	0.39301	0.07985	0.02035	0.01913	0.02763	0.00763	0.00585	0.00190	0.00529	0.00607	0.00592	0.00939
34	0.04699	0.01065	0.01394	0.01071	0.01528	0.00963	0.00885	0.08847	0.01767	0.67925	0.02217	0.01935	0.01404	0.00725	0.00589	0.00183	0.00515	0.00582	0.00711	0.00997
35	0.05865	0.00635	0.00785	0.00754	0.00898	0.00602	0.00557	0.01144	0.01522	0.04082	0.54819	0.12698	0.07052	0.05025	0.00794	0.00211	0.00318	0.01078	0.00607	0.00554
36	0.00846	0.00548	0.00725	0.00826	0.00884	0.00510	0.00557	0.00950	0.01149	0.05993	0.03117	0.69522	0.03654	0.06593	0.00885	0.00257	0.00367	0.01564	0.00548	0.00505

[dist]
# distance from previous block
# <min> <max>
4	6

[block]
# block no. 1 follows, 39 sequences, length 21
# corresponding to MSA columns:
# 330-350
name=unknown_B
#
# <colnr> <probs for GDERKNQSTAVLIFYWHMCP>
#	G	D	E	R	K	N	Q	S	T	A	V	L	I	F	Y	W	H	M	C	P
0	0.70279	0.04998	0.00972	0.00786	0.01134	0.01293	0.00650	0.01672	0.01089	0.02560	0.08962	0.01338	0.01187	0.00619	0.00403	0.00180	0.00447	0.00402	0.00392	0.00637
1	0.01479	0.01133	0.01246	0.01092	0.01401	0.01234	0.00871	0.20113	0.28633	0.02613	0.07902	0.05796	0.02081	0.00912	0.00607	0.00191	0.00479	0.08021	0.09543	0.04653
2	0.01363	0.02545	0.53977	0.01593	0.02341	0.01372	0.05239	0.06580	0.08852	0.05520	0.01287	0.01409	0.00919	0.00596	0.00571	0.00185	0.00790	0.00483	0.00336	0.04043
3	0.01511	0.57714	0.08279	0.01071	0.01556	0.02031	0.01059	0.04031	0.08736	0.01641	0.01151	0.04151	0.01019	0.00605	0.00438	0.00145	0.00612	0.00428	0.03047	0.00776
4	0.00791	0.00597	0.00735	0.00748	0.00890	0.00542	0.00565	0.01005	0.01465	0.01953	0.36721	0.16084	0.25687	0.01433	0.00719	0.00207	0.00322	0.08414	0.00595	0.00528
5	0.01277	0.01225	0.02090	0.36355	0.08315	0.01365	0.17639	0.05159	0.09323	0.01835	0.01386	0.06539	0.01143	0.00688	0.00666	0.00200	0.03053	0.00654	0.00344	0.00744
6	0.00776	0.00593	0.00642	0.00643	0.00764	0.00537	0.00442	0.00885	0.01196	0.01497	0.09368	0.04978	0.41422	0.29476	0.01535	0.00336	0.00405	0.03562	0.00488	0.00454
7	0.01593	0.65338	0.10444	0.01123	0.01650	0.08471	0.01143	0.01831	0.01246	0.01445	0.00854	0.00989	0.00758	0.00520	0.00411	0.00135	0.00693	0.00334	0.00257	0.00765
8	0.01248	0.02600	0.56927	0.01794	0.09848	0.01360	0.01941	0.01988	0.09267	0.01947	0.01213	0.01374	0.00890	0.00579	0.00563	0.00183	0.00792	0.00467	0.00297	0.04721
9	0.01240	0.01204	0.02121	0.49755	0.23576	0.01357	0.09019	0.01634	0.01249	0.01666	0.01083	0.01548	0.00840	0.00564	0.00601	0.00191	0.00786	0.00544	0.00275	0.00748
10	0.01471	0.01270	0.01337	0.01203	0.01538	0.01471	0.00936	0.03142	0.74459	0.02474	0.02407	0.02206	0.01805	0.00802	0.00602	0.00201	0.00468	0.00669	0.00602	0.00936
11	0.00876	0.00622	0.00798	0.00770	0.00925	0.00571	0.00595	0.01136	0.01598	0.03992	0.56562	0.04771	0.14302	0.01281	0.00708	0.00197	0.00316	0.08792	0.00628	0.00560
12	0.13929	0.01583	0.01644	0.01277	0.01735	0.01761	0.01054	0.63218	0.02525	0.03572	0.01334	0.01354	0.00953	0.00687	0.00559	0.00178	0.00623	0.00502	0.00559	0.00953
13	0.01226	0.01051	0.01226	0.00876	0.01401	0.00788	0.00701	0.01489	0.01226	0.01927	0.01051	0.01226	0.00876	0.00438	0.00438	0.00088	0.00438	0.00350	0.00350	0.82832
14	0.00897	0.00629	0.00762	0.00795	0.00850	0.00631	0.00521	0.06219	0.01132	0.01516	0.02462	0.38241	0.02847	0.34148	0.05284	0.00408	0.00521	0.01204	0.00462	0.00471
15	0.00721	0.00515	0.00686	0.00823	0.00858	0.00480	0.00549	0.00823	0.01132	0.01510	0.03259	0.78831	0.03911	0.01853	0.00755	0.00240	0.00343	0.01681	0.00549	0.00480
16	0.01772	0.01548	0.03700	0.03827	0.03572	0.04112	0.29128	0.20160	0.10993	0.10490	0.01500	0.01638	0.01088	0.00639	0.00671	0.00192	0.03020	0.00613	0.00455	0.00882
17	0.00725	0.00518	0.00691	0.00820	0.00859	0.00484	0.00549	0.00836	0.01155	0.01546	0.06261	0.75726	0.03981	0.01826	0.00752	0.00238	0.00340	0.01656	0.00553	0.00484
18	0.02163	0.01614	0.01727	0.01343	0.01802	0.01794	0.01103	0.65852	0.10622	0.03590	0.01528	0.01506	0.01093	0.00720	0.00593	0.00180	0.00631	0.00547	0.00593	0.00998
19	0.01483	0.40239	0.33022	0.01341	0.01978	0.09554	0.01508	0.01873	0.01269	0.01595	0.00930	0.01084	0.00755	0.00540	0.00470	0.00154	0.00776	0.00373	0.00257	0.00799
20	0.01581	0.79572	0.03099	0.01012	0.01518	0.02340	0.01012	0.01771	0.01202	0.01391	0.00822	0.00949	0.00759	0.00506	0.00379	0.00126	0.00632	0.00316	0.00253	0.00759

[dist]
# distance from previous block
# <min> <max>
3	4

[block]
# block no. 2 follows, 39 sequences, length 10
# corresponding to MSA columns:
# 355-364
name=unknown_C
#
# <colnr> <probs for GDERKNQSTAVLIFYWHMCP>
#	G	D	E	R	K	N	Q	S	T	A	V	L	I	F	Y	W	H	M	C	P
0	0.01471	0.01270	0.01337	0.01203	0.01538	0.01471	0.00936	0.03142	0.74459	0.02474	0.02407	0.02206	0.01805	0.00802	0.00602	0.00201	0.00468	0.00669	0.00602	0.00936
1	0.00860	0.00573	0.00645	0.00645	0.00645	0.00573	0.00358	0.00860	0.00860	0.01147	0.01863	0.03870	0.02150	0.79217	0.03010	0.00573	0.00573	0.00860	0.00358	0.00358
2	0.01785	0.01653	0.01672	0.03333	0.01788	0.19005	0.07971	0.31562	0.02011	0.02510	0.06219	0.12351	0.03755	0.00874	0.00620	0.00184	0.00709	0.00725	0.00485	0.00787
3	0.01805	0.01211	0.01707	0.01551	0.11681	0.01163	0.07387	0.06659	0.10984	0.24558	0.01647	0.01672	0.01188	0.00639	0.00634	0.00167	0.04445	0.00540	0.00497	0.19864
4	0.01417	0.01357	0.02315	0.13682	0.65843	0.01393	0.01792	0.01774	0.01324	0.01875	0.01104	0.01479	0.00917	0.00536	0.00586	0.00179	0.00714	0.00527	0.00289	0.00899
5	0.01407	0.01356	0.02260	0.10495	0.58616	0.01451	0.01728	0.01733	0.01271	0.01822	0.01061	0.01452	0.00901	0.00602	0.00770	0.00189	0.11205	0.00526	0.00285	0.00870
6	0.01821	0.01355	0.01673	0.01266	0.01739	0.01352	0.07908	0.34184	0.05637	0.09930	0.01729	0.01750	0.05641	0.00679	0.00572	0.00161	0.00587	0.00561	0.00516	0.20940
7	0.01339	0.01278	0.02175	0.30267	0.49864	0.01372	0.01753	0.01706	0.01288	0.01781	0.01090	0.01504	0.00883	0.00550	0.00588	0.00183	0.00733	0.00526	0.00282	0.00836
8	0.01776	0.11873	0.02024	0.01379	0.01813	0.04702	0.17089	0.05495	0.09287	0.22797	0.07163	0.05866	0.01635	0.00733	0.00597	0.00179	0.00632	0.00658	0.00501	0.03800
9	0.01299	0.04917	0.01043	0.00858	0.01073	0.00957	0.00675	0.17761	0.01531	0.02290	0.01876	0.11998	0.01667	0.01419	0.12380	0.00286	0.00592	0.00695	0.36031	0.00653

[dist]
# distance from previous block
# <min> <max>
0	1

[block]
# block no. 3 follows, 39 sequences, length 48
# corresponding to MSA columns:
# 366-413
name=unknown_D
#
# <colnr> <probs for GDERKNQSTAVLIFYWHMCP>
#	G	D	E	R	K	N	Q	S	T	A	V	L	I	F	Y	W	H	M	C	P
0	0.02133	0.01137	0.01632	0.01230	0.01699	0.01025	0.10103	0.10202	0.01684	0.43385	0.03237	0.04182	0.01400	0.00697	0.00590	0.00171	0.00563	0.00605	0.00595	0.13731
1	0.01334	0.53063	0.02377	0.00991	0.01363	0.01802	0.00920	0.01531	0.01117	0.01385	0.01078	0.01410	0.01001	0.01826	0.26068	0.00403	0.00952	0.00423	0.00274	0.00681
2	0.41015	0.23241	0.07469	0.00905	0.01326	0.01504	0.00853	0.01744	0.01149	0.04741	0.03726	0.01250	0.00967	0.00581	0.00410	0.00164	0.00519	0.00385	0.07357	0.00694
3	0.01288	0.01082	0.01253	0.00910	0.01419	0.00856	0.00728	0.06674	0.01336	0.02047	0.01132	0.03132	0.00959	0.00492	0.00457	0.00098	0.00451	0.00396	0.00373	0.74919
4	0.01448	0.02693	0.62818	0.01573	0.02372	0.01283	0.01950	0.02053	0.01328	0.15080	0.01288	0.01385	0.00877	0.00592	0.00568	0.00187	0.00808	0.00465	0.00336	0.00898
5	0.01117	0.01051	0.01774	0.77795	0.04073	0.01314	0.01642	0.01511	0.01182	0.01511	0.01051	0.01577	0.00788	0.00591	0.00591	0.00197	0.00788	0.00526	0.00263	0.00657
6	0.00860	0.00573	0.00645	0.00645	0.00645	0.00573	0.00358	0.00860	0.00860	0.01147	0.01863	0.03870	0.02150	0.79217	0.03010	0.00573	0.00573	0.00860	0.00358	0.00358
7	0.01669	0.68833	0.02900	0.01083	0.01561	0.12764	0.01030	0.01853	0.01268	0.01399	0.00835	0.00965	0.00759	0.00520	0.00401	0.00130	0.00693	0.00325	0.00260	0.00749
8	0.01430	0.01423	0.01797	0.04752	0.01702	0.07207	0.01284	0.07369	0.01126	0.01616	0.00850	0.01300	0.00794	0.00959	0.01672	0.00242	0.62998	0.00509	0.00289	0.00679
9	0.01005	0.00514	0.00764	0.00774	0.00777	0.00511	0.00516	0.00774	0.00797	0.01062	0.01188	0.07357	0.01235	0.02040	0.02199	0.76836	0.00501	0.00598	0.00278	0.00273
10	0.01226	0.01051	0.01226	0.00876	0.01401	0.00788	0.00701	0.01489	0.01226	0.01927	0.01051	0.01226	0.00876	0.00438	0.00438	0.00088	0.00438	0.00350	0.00350	0.82832
11	0.02209	0.02819	0.01676	0.01524	0.01828	0.76843	0.01143	0.02361	0.01676	0.01447	0.00914	0.01066	0.00762	0.00609	0.00533	0.00152	0.01066	0.00381	0.00305	0.00686
12	0.02435	0.01015	0.01330	0.01034	0.01458	0.00917	0.00849	0.08734	0.01760	0.61728	0.06218	0.02104	0.01653	0.00754	0.00590	0.00180	0.00491	0.00613	0.05179	0.00957
13	0.00738	0.00526	0.00693	0.00807	0.00848	0.00492	0.00539	0.00850	0.01164	0.01563	0.09323	0.68389	0.03958	0.06021	0.00873	0.00254	0.00350	0.01584	0.00547	0.00480
14	0.16939	0.00998	0.01223	0.00967	0.01385	0.00928	0.00796	0.02570	0.01538	0.57548	0.02035	0.01839	0.01321	0.00696	0.00541	0.00180	0.00479	0.00543	0.06568	0.00908
15	0.02046	0.03953	0.01511	0.01177	0.01588	0.01378	0.00957	0.22015	0.26951	0.26384	0.04266	0.01955	0.01557	0.00757	0.00592	0.00186	0.00529	0.00608	0.00630	0.00960
16	0.05974	0.01193	0.01336	0.01317	0.07748	0.03514	0.00938	0.05042	0.37463	0.08561	0.02143	0.11481	0.01800	0.00869	0.00596	0.00192	0.00499	0.02028	0.00539	0.06768
17	0.02155	0.01442	0.01588	0.01234	0.01655	0.01555	0.01003	0.55414	0.02421	0.13624	0.01600	0.01734	0.01182	0.07412	0.00793	0.00211	0.00613	0.00570	0.02855	0.00938
18	0.00878	0.00599	0.00726	0.00753	0.00791	0.00601	0.00505	0.00954	0.01002	0.01336	0.05213	0.04420	0.02531	0.57028	0.05158	0.00508	0.00592	0.15584	0.00408	0.00412
19	0.01561	0.01679	0.09076	0.04825	0.02664	0.01548	0.42550	0.19788	0.01701	0.02313	0.01274	0.03431	0.00979	0.00610	0.00695	0.00196	0.03252	0.00647	0.00372	0.00839
20	0.08267	0.04058	0.02865	0.01242	0.01660	0.14390	0.01016	0.24483	0.13571	0.20040	0.01637	0.01573	0.01160	0.00692	0.00560	0.00177	0.00647	0.00519	0.00544	0.00902
21	0.83394	0.01144	0.00869	0.00778	0.01144	0.01327	0.00640	0.01738	0.01006	0.02653	0.00823	0.00961	0.00640	0.00549	0.00366	0.00183	0.00457	0.00320	0.00366	0.00640
22	0.01086	0.00755	0.00920	0.00940	0.01094	0.00771	0.00684	0.01606	0.19583	0.08156	0.06892	0.47227	0.03253	0.01453	0.00701	0.00223	0.00390	0.03037	0.00583	0.00645
23	0.01294	0.01294	0.01811	0.01553	0.01553	0.01811	0.01294	0.01423	0.00906	0.01423	0.00776	0.01294	0.00776	0.01035	0.01941	0.00259	0.78134	0.00518	0.00259	0.00647
24	0.04559	0.01218	0.01449	0.01138	0.01572	0.01223	0.00932	0.24356	0.09389	0.41190	0.03900	0.01952	0.02831	0.00754	0.00593	0.00183	0.00534	0.00600	0.00660	0.00968
25	0.01027	0.00514	0.00770	0.00770	0.00770	0.00514	0.00514	0.00770	0.00770	0.01027	0.01027	0.01798	0.01027	0.02054	0.02311	0.82794	0.00514	0.00514	0.00257	0.00257
26	0.01035	0.00804	0.01120	0.01350	0.13761	0.00781	0.00894	0.01366	0.05485	0.04173	0.19824	0.10230	0.14883	0.01268	0.00707	0.00215	0.00450	0.20478	0.00536	0.00638
27	0.00872	0.00641	0.00820	0.00769	0.00919	0.00608	0.00579	0.01227	0.05654	0.02377	0.71234	0.04297	0.05374	0.01187	0.00692	0.00187	0.00289	0.01048	0.00648	0.00579
28	0.01960	0.24300	0.06158	0.01378	0.01776	0.45153	0.01165	0.06948	0.01578	0.01608	0.00928	0.01072	0.00777	0.00593	0.00525	0.00151	0.02510	0.00379	0.00306	0.00737
29	0.00825	0.00604	0.00774	0.00732	0.00876	0.00553	0.00549	0.01093	0.01646	0.02305	0.69309	0.04526	0.11528	0.01234	0.00698	0.00187	0.00281	0.01085	0.00642	0.00553
30	0.31906	0.01612	0.12384	0.01788	0.06262	0.01417	0.31209	0.01820	0.01219	0.02167	0.01026	0.01298	0.00781	0.00538	0.00573	0.00191	0.02229	0.00509	0.00316	0.00754
31	0.01782	0.02063	0.02144	0.02193	0.20486	0.35719	0.13408	0.02151	0.06757	0.01717	0.01111	0.01349	0.00904	0.00608	0.00657	0.00175	0.05175	0.00499	0.00320	0.00783
32	0.02248	0.01656	0.01775	0.01361	0.01834	0.01834	0.01124	0.73556	0.02780	0.03727	0.01420	0.01420	0.01006	0.00710	0.00592	0.00177	0.00651	0.00532	0.00592	0.01006
33	0.23823	0.04458	0.00760	0.00635	0.00854	0.00850	0.00504	0.01496	0.01174	0.02290	0.01572	0.01802	0.01238	0.00642	0.00399	0.00150	0.00343	0.00476	0.55949	0.00586
34	0.02653	0.01006	0.01372	0.01052	0.01510	0.00869	0.00869	0.02882	0.01693	0.75937	0.02333	0.02013	0.01464	0.00732	0.00595	0.00183	0.00503	0.00595	0.00732	0.01006
35	0.00849	0.00617	0.00865	0.00865	0.00940	0.00693	0.00632	0.01001	0.00925	0.01309	0.01663	0.02758	0.01667	0.25460	0.56107	0.00844	0.01300	0.00697	0.00328	0.00480
36	0.01464	0.01405	0.02400	0.03630	0.75528	0.01405	0.01815	0.01815	0.01347	0.01932	0.01112	0.01464	0.00937	0.00527	0.00585	0.00176	0.00703	0.00527	0.00293	0.00937
37	0.00811	0.00589	0.00764	0.00751	0.00875	0.00542	0.00551	0.01053	0.01566	0.02188	0.59651	0.17182	0.08597	0.01333	0.00707	0.00196	0.00291	0.01182	0.00629	0.00542
38	0.83394	0.01144	0.00869	0.00778	0.01144	0.01327	0.00640	0.01738	0.01006	0.02653	0.00823	0.00961	0.00640	0.00549	0.00366	0.00183	0.00457	0.00320	0.00366	0.00640
39	0.00815	0.00604	0.00760	0.00721	0.00870	0.00549	0.00541	0.01074	0.01623	0.02250	0.64313	0.04618	0.16559	0.01254	0.00698	0.00188	0.00282	0.01098	0.00635	0.00549
40	0.02062	0.00877	0.01094	0.00886	0.01227	0.00808	0.00717	0.06365	0.01589	0.44782	0.02133	0.02049	0.01457	0.00715	0.00528	0.00166	0.00428	0.00575	0.30702	0.00839
41	0.01281	0.00957	0.01167	0.01063	0.01278	0.01060	0.00827	0.23046	0.06088	0.02182	0.01945	0.18472	0.01878	0.02530	0.32758	0.00518	0.00967	0.00830	0.00467	0.00687
42	0.52039	0.03132	0.01250	0.00989	0.01385	0.01313	0.04719	0.08059	0.01321	0.15740	0.02977	0.01313	0.00959	0.00616	0.00481	0.00183	0.01899	0.00430	0.00449	0.00747
43	0.01622	0.01446	0.02333	0.01807	0.04203	0.01526	0.29771	0.25824	0.01779	0.02468	0.01358	0.04376	0.01084	0.00699	0.00783	0.00195	0.09850	0.00640	0.07416	0.00821
44	0.00793	0.00605	0.00805	0.00898	0.00953	0.00617	0.00649	0.00920	0.01154	0.01537	0.03231	0.59051	0.08739	0.01733	0.00859	0.00242	0.07000	0.09185	0.00524	0.00503
45	0.01400	0.01614	0.20060	0.01139	0.01742	0.01048	0.01126	0.09124	0.01418	0.06140	0.01162	0.01295	0.00890	0.00513	0.00493	0.00127	0.00573	0.00404	0.00371	0.49362
46	0.01117	0.01051	0.01774	0.77795	0.04073	0.01314	0.01642	0.01511	0.01182	0.01511	0.01051	0.01577	0.00788	0.00591	0.00591	0.00197	0.00788	0.00526	0.00263	0.00657
47	0.01464	0.01405	0.02400	0.03630	0.75528	0.01405	0.01815	0.01815	0.01347	0.01932	0.01112	0.01464	0.00937	0.00527	0.00585	0.00176	0.00703	0.00527	0.00293	0.00937

[dist]
# distance from previous block
# <min> <max>
0	1

[block]
# block no. 4 follows, 39 sequences, length 29
# corresponding to MSA columns:
# 415-443
name=unknown_E
#
# <colnr> <probs for GDERKNQSTAVLIFYWHMCP>
#	G	D	E	R	K	N	Q	S	T	A	V	L	I	F	Y	W	H	M	C	P
0	0.02102	0.01570	0.01696	0.01291	0.01772	0.01684	0.01063	0.63226	0.02558	0.03469	0.01367	0.01392	0.00987	0.00671	0.00570	0.00165	0.00620	0.00506	0.00557	0.12735
1	0.77701	0.01276	0.06083	0.00841	0.01242	0.01330	0.00747	0.01748	0.01023	0.02599	0.00840	0.00981	0.00648	0.00550	0.00380	0.00183	0.00486	0.00328	0.00358	0.00657
2	0.02188	0.07128	0.01813	0.01414	0.01811	0.36593	0.01126	0.36049	0.02169	0.02524	0.01148	0.01226	0.00877	0.00650	0.00551	0.00163	0.00842	0.00449	0.00437	0.00842
3	0.06644	0.54997	0.21695	0.01170	0.01761	0.02028	0.01289	0.01795	0.01201	0.01595	0.00884	0.01026	0.00749	0.00523	0.00425	0.00146	0.00683	0.00347	0.00259	0.00781
4	0.01918	0.01166	0.01315	0.01047	0.01424	0.01200	0.00849	0.31202	0.05293	0.18748	0.04747	0.01871	0.01434	0.00717	0.00547	0.00165	0.00497	0.00567	0.19246	0.06046
5	0.01117	0.01051	0.01774	0.77795	0.04073	0.01314	0.01642	0.01511	0.01182	0.01511	0.01051	0.01577	0.00788	0.00591	0.00591	0.00197	0.00788	0.00526	0.00263	0.00657
6	0.00734	0.00520	0.00682	0.00806	0.00837	0.00489	0.00531	0.00827	0.01106	0.01475	0.03125	0.71621	0.03742	0.09293	0.00972	0.00272	0.00365	0.01602	0.00531	0.00469
7	0.83394	0.01144	0.00869	0.00778	0.01144	0.01327	0.00640	0.01738	0.01006	0.02653	0.00823	0.00961	0.00640	0.00549	0.00366	0.00183	0.00457	0.00320	0.00366	0.00640
8	0.01092	0.00982	0.01463	0.01284	0.01372	0.01248	0.05554	0.01280	0.00969	0.01459	0.01228	0.01876	0.01158	0.05526	0.32046	0.00541	0.35505	0.00591	0.04232	0.00592
9	0.02209	0.02819	0.01676	0.01524	0.01828	0.76843	0.01143	0.02361	0.01676	0.01447	0.00914	0.01066	0.00762	0.00609	0.00533	0.00152	0.01066	0.00381	0.00305	0.00686
10	0.02200	0.06211	0.06248	0.01141	0.01612	0.01193	0.00993	0.10331	0.13640	0.43886	0.02021	0.01835	0.01358	0.00705	0.00574	0.00178	0.00542	0.00563	0.00620	0.04150
11	0.01115	0.03889	0.01125	0.05884	0.06283	0.04243	0.03431	0.01233	0.01046	0.04385	0.01663	0.02987	0.01720	0.47950	0.05171	0.00444	0.00657	0.00727	0.05537	0.00510
12	0.02248	0.01656	0.01775	0.01361	0.01834	0.01834	0.01124	0.73556	0.02780	0.03727	0.01420	0.01420	0.01006	0.00710	0.00592	0.00177	0.00651	0.00532	0.00592	0.01006
13	0.01027	0.00514	0.00770	0.00770	0.00770	0.00514	0.00514	0.00770	0.00770	0.01027	0.01027	0.01798	0.01027	0.02054	0.02311	0.82794	0.00514	0.00514	0.00257	0.00257
14	0.00837	0.00604	0.00790	0.00744	0.00883	0.00558	0.00558	0.01116	0.01674	0.02371	0.75216	0.04417	0.05580	0.01209	0.00697	0.00186	0.00279	0.01069	0.00651	0.00558
15	0.00821	0.00557	0.00656	0.00695	0.00704	0.00547	0.00412	0.00850	0.00936	0.01248	0.02253	0.24788	0.02642	0.57628	0.02381	0.00480	0.00509	0.01089	0.00412	0.00392
16	0.02173	0.01619	0.01733	0.01346	0.01805	0.01799	0.01106	0.66784	0.09674	0.03607	0.01515	0.01495	0.01083	0.00719	0.00593	0.00180	0.00633	0.00546	0.00593	0.00999
17	0.01171	0.01125	0.01785	0.54467	0.03302	0.01466	0.01536	0.01484	0.01098	0.01484	0.00967	0.01490	0.00785	0.00727	0.01004	0.00216	0.24455	0.00523	0.00262	0.00654
18	0.00846	0.00628	0.00921	0.00921	0.01016	0.00723	0.00703	0.01037	0.00942	0.01351	0.01611	0.02472	0.01543	0.11627	0.69769	0.00914	0.01487	0.00655	0.00321	0.00512
19	0.07358	0.74034	0.02941	0.00995	0.01491	0.02268	0.00986	0.01769	0.01188	0.01480	0.00822	0.00949	0.00751	0.00509	0.00379	0.00130	0.00620	0.00316	0.00261	0.00751
20	0.19234	0.01588	0.02494	0.03760	0.09687	0.08714	0.37447	0.06413	0.01416	0.02126	0.01091	0.01383	0.00837	0.00538	0.00590	0.00188	0.00831	0.00555	0.00331	0.00777
21	0.01354	0.35565	0.45116	0.01399	0.02117	0.01784	0.01687	0.01829	0.01229	0.01668	0.00960	0.01121	0.00753	0.00538	0.00484	0.00161	0.00771	0.00386	0.00251	0.00825
22	0.00849	0.00591	0.00748	0.00754	0.00790	0.00624	0.00493	0.00923	0.00902	0.01238	0.01834	0.06745	0.02008	0.51040	0.27288	0.00683	0.00897	0.00822	0.00353	0.00420
23	0.01539	0.01195	0.01569	0.36181	0.02666	0.01381	0.01242	0.28522	0.01792	0.02459	0.01336	0.01623	0.00992	0.00652	0.00562	0.00180	0.00651	0.00532	0.14156	0.00770
24	0.00859	0.00578	0.00666	0.00666	0.00673	0.00585	0.00385	0.00874	0.00866	0.01162	0.01844	0.03763	0.02103	0.74038	0.08125	0.00599	0.00643	0.00844	0.00355	0.00370
25	0.01640	0.01129	0.01231	0.01027	0.01309	0.01219	0.00802	0.39225	0.01974	0.02761	0.01729	0.09468	0.01513	0.08453	0.00911	0.05444	0.00523	0.00680	0.18214	0.00746
26	0.01294	0.01294	0.01811	0.01553	0.01553	0.01811	0.01294	0.01423	0.00906	0.01423	0.00776	0.01294	0.00776	0.01035	0.01941	0.00259	0.78134	0.00518	0.00259	0.00647
27	0.04096	0.22463	0.01906	0.01192	0.01597	0.28606	0.00988	0.02335	0.01529	0.25767	0.01376	0.01370	0.01006	0.00623	0.00506	0.00156	0.00733	0.00436	0.02510	0.00805
28	0.72362	0.01189	0.01052	0.01075	0.08324	0.01354	0.00772	0.04536	0.01108	0.02626	0.00874	0.01027	0.00683	0.00553	0.00396	0.00182	0.00489	0.00348	0.00368	0.00683

[dist]
# distance from previous block
# <min> <max>
0	1

[block]
# block no. 5 follows, 39 sequences, length 47
# corresponding to MSA columns:
# 445-491
name=unknown_F
#
# <colnr> <probs for GDERKNQSTAVLIFYWHMCP>
#	G	D	E	R	K	N	Q	S	T	A	V	L	I	F	Y	W	H	M	C	P
0	0.01470	0.01417	0.01977	0.01848	0.11128	0.04500	0.06930	0.06791	0.01231	0.01785	0.01025	0.01471	0.00923	0.01035	0.04572	0.00264	0.45013	0.00545	0.00324	0.05751
1	0.01169	0.02008	0.36778	0.01701	0.04931	0.01186	0.18342	0.01651	0.01327	0.01906	0.14698	0.01962	0.01699	0.00781	0.00756	0.06635	0.00759	0.00623	0.00337	0.00752
2	0.01605	0.01084	0.01291	0.00961	0.01455	0.00905	0.00775	0.05034	0.07111	0.18417	0.01456	0.01485	0.01084	0.00543	0.00492	0.00121	0.00464	0.00437	0.00465	0.54815
3	0.00743	0.00539	0.00701	0.00791	0.00859	0.00498	0.00544	0.00885	0.01259	0.01692	0.18192	0.58309	0.09409	0.01695	0.00739	0.00226	0.00327	0.01525	0.00570	0.00498
4	0.28436	0.01545	0.13849	0.06731	0.07734	0.01321	0.10372	0.07097	0.01358	0.11758	0.01193	0.01347	0.00864	0.00577	0.00521	0.00183	0.00655	0.00469	0.00388	0.03602
5	0.00740	0.00529	0.00703	0.00810	0.00862	0.00493	0.00550	0.00872	0.01222	0.01652	0.15137	0.66548	0.04187	0.01746	0.00745	0.00231	0.00333	0.01580	0.00566	0.00493
6	0.01035	0.00599	0.00803	0.00853	0.00963	0.00548	0.00600	0.01171	0.01264	0.13315	0.08841	0.60793	0.03658	0.01625	0.00725	0.00227	0.00363	0.01461	0.00586	0.00569
7	0.01201	0.01148	0.01959	0.58665	0.14642	0.01346	0.06201	0.01649	0.04279	0.01639	0.01126	0.01587	0.00860	0.00584	0.00598	0.00194	0.00775	0.00543	0.00284	0.00720
8	0.10345	0.00976	0.01205	0.16468	0.10223	0.03033	0.00940	0.06372	0.01356	0.06648	0.01502	0.01764	0.01151	0.00637	0.00490	0.00165	0.00507	0.00515	0.35016	0.00688
9	0.01236	0.01040	0.01212	0.00894	0.01382	0.00813	0.00709	0.04693	0.01290	0.01978	0.01227	0.06841	0.01101	0.00552	0.00468	0.00103	0.00441	0.00455	0.00376	0.73190
10	0.02075	0.04512	0.04975	0.01612	0.11958	0.01143	0.09974	0.04168	0.05343	0.41524	0.05179	0.01913	0.01454	0.00683	0.00601	0.00183	0.00604	0.00603	0.00564	0.00931
11	0.01262	0.01441	0.07092	0.33362	0.03361	0.01434	0.34783	0.01704	0.01267	0.01704	0.01101	0.01547	0.00835	0.00576	0.00728	0.00202	0.05991	0.00599	0.00278	0.00734
12	0.00735	0.00560	0.00677	0.00734	0.00843	0.00501	0.00518	0.00887	0.01306	0.01702	0.17774	0.40501	0.27899	0.01613	0.00725	0.00217	0.00317	0.01422	0.00568	0.00501
13	0.83394	0.01144	0.00869	0.00778	0.01144	0.01327	0.00640	0.01738	0.01006	0.02653	0.00823	0.00961	0.00640	0.00549	0.00366	0.00183	0.00457	0.00320	0.00366	0.00640
14	0.00815	0.00587	0.00773	0.00774	0.00889	0.00545	0.00569	0.01054	0.01541	0.02157	0.56525	0.21278	0.05129	0.01369	0.00714	0.00201	0.00303	0.03613	0.00624	0.00540
15	0.00737	0.00527	0.00701	0.00812	0.00861	0.00491	0.00550	0.00864	0.01207	0.01629	0.13249	0.68500	0.04143	0.01763	0.00747	0.00233	0.00334	0.01596	0.00563	0.00491
16	0.00742	0.00531	0.00705	0.00809	0.00862	0.00494	0.00551	0.00877	0.01231	0.01667	0.16371	0.65271	0.04215	0.01735	0.00744	0.00230	0.00331	0.01570	0.00568	0.00494
17	0.01581	0.79572	0.03099	0.01012	0.01518	0.02340	0.01012	0.01771	0.01202	0.01391	0.00822	0.00949	0.00759	0.00506	0.00379	0.00126	0.00632	0.00316	0.00253	0.00759
18	0.00819	0.00533	0.00729	0.00802	0.00839	0.00517	0.00542	0.00851	0.01060	0.01431	0.08149	0.45141	0.03090	0.06725	0.06276	0.19893	0.00474	0.01237	0.00461	0.00429
19	0.01493	0.06633	0.10121	0.06445	0.02355	0.01289	0.29304	0.01946	0.04528	0.12178	0.01424	0.04767	0.01107	0.00604	0.00600	0.00176	0.00743	0.00607	0.00380	0.13301
20	0.15191	0.01149	0.01340	0.01056	0.01477	0.01145	0.00868	0.19325	0.01841	0.41094	0.07925	0.01905	0.01566	0.00737	0.00566	0.00182	0.00512	0.00576	0.00634	0.00911
21	0.29560	0.01385	0.02366	0.06604	0.04343	0.01440	0.38270	0.01790	0.01222	0.02108	0.01035	0.01357	0.00797	0.00550	0.00638	0.00196	0.04746	0.00543	0.00318	0.00731
22	0.01270	0.02520	0.52729	0.01634	0.02359	0.01406	0.07444	0.02176	0.18633	0.02017	0.01391	0.01503	0.01011	0.00614	0.00582	0.00191	0.00787	0.00512	0.00337	0.00883
23	0.00728	0.00520	0.00693	0.00819	0.00859	0.00485	0.00550	0.00841	0.01165	0.01562	0.07635	0.74306	0.04013	0.01814	0.00751	0.00237	0.00339	0.01644	0.00555	0.00485
24	0.00723	0.00525	0.00682	0.00800	0.00853	0.00485	0.00540	0.00836	0.01171	0.01547	0.05967	0.69557	0.10539	0.01798	0.00748	0.00235	0.00337	0.01620	0.00552	0.00485
25	0.00860	0.00573	0.00645	0.00645	0.00645	0.00573	0.00358	0.00860	0.00860	0.01147	0.01863	0.03870	0.02150	0.79217	0.03010	0.00573	0.00573	0.00860	0.00358	0.00358
26	0.00846	0.00629	0.00928	0.00928	0.01027	0.00727	0.00712	0.01042	0.00944	0.01357	0.01604	0.02434	0.01527	0.09804	0.71570	0.00923	0.01511	0.00650	0.00320	0.00516
27	0.01323	0.29649	0.50765	0.01451	0.02198	0.01709	0.01777	0.01837	0.01232	0.01706	0.00978	0.01144	0.00753	0.00542	0.00498	0.00166	0.00790	0.00395	0.00251	0.00834
28	0.01303	0.01024	0.01212	0.00886	0.01384	0.00780	0.00706	0.01556	0.01255	0.07078	0.01240	0.04783	0.01054	0.00522	0.00463	0.00101	0.00438	0.00427	0.00386	0.73400
29	0.12552	0.23347	0.07242	0.01102	0.01568	0.01517	0.01015	0.07664	0.04522	0.28451	0.01489	0.01455	0.01058	0.00646	0.00559	0.00171	0.03837	0.00465	0.00479	0.00862
30	0.02275	0.01614	0.01748	0.01340	0.01813	0.01770	0.01107	0.68895	0.02709	0.08489	0.01480	0.01459	0.01036	0.00711	0.00592	0.00178	0.00641	0.00537	0.00601	0.01006
31	0.49154	0.00973	0.00840	0.00771	0.01062	0.01091	0.00628	0.05963	0.01206	0.02527	0.01340	0.01754	0.01111	0.00677	0.00426	0.00176	0.00424	0.05544	0.23702	0.00630
32	0.01704	0.01218	0.01351	0.01165	0.01519	0.01341	0.00922	0.10962	0.48437	0.14658	0.07095	0.02299	0.01931	0.00820	0.00609	0.00195	0.00483	0.01743	0.00624	0.00925
33	0.00808	0.00600	0.00752	0.00722	0.00868	0.00544	0.00539	0.01057	0.01594	0.02199	0.60043	0.07749	0.17763	0.01287	0.00700	0.00191	0.00285	0.01126	0.00629	0.00544
34	0.00719	0.00521	0.00679	0.00806	0.00853	0.00482	0.00541	0.00825	0.01149	0.01517	0.03473	0.73124	0.09481	0.01825	0.00750	0.00237	0.00340	0.01647	0.00549	0.00482
35	0.01139	0.01020	0.01415	0.01259	0.01298	0.01359	0.01021	0.01294	0.00944	0.01463	0.01145	0.01787	0.01099	0.06603	0.20468	0.00439	0.47533	0.00570	0.07553	0.00591
36	0.01738	0.01295	0.01403	0.01160	0.01532	0.01414	0.00930	0.32486	0.26444	0.07261	0.07644	0.02410	0.09902	0.00866	0.00615	0.00189	0.00515	0.00700	0.00603	0.00894
37	0.01269	0.01100	0.01439	0.01271	0.01357	0.04717	0.01030	0.01440	0.01112	0.06921	0.10610	0.04863	0.01688	0.01689	0.15726	0.00369	0.41746	0.00653	0.00367	0.00635
38	0.01287	0.01225	0.01866	0.34567	0.02773	0.01531	0.07018	0.04745	0.10188	0.01724	0.01156	0.01557	0.00927	0.00759	0.01038	0.00217	0.25834	0.00554	0.00320	0.00714
39	0.09312	0.01255	0.07960	0.01237	0.01628	0.01146	0.07052	0.02265	0.12881	0.28089	0.07224	0.01987	0.01582	0.01019	0.06208	0.00249	0.06936	0.00608	0.00525	0.00836
40	0.01846	0.01347	0.01735	0.06494	0.07651	0.04432	0.07202	0.21850	0.01801	0.16877	0.03401	0.01586	0.01149	0.00621	0.00566	0.00160	0.00623	0.00524	0.00484	0.19652
41	0.00855	0.00571	0.00647	0.00652	0.00653	0.00570	0.00365	0.00859	0.00870	0.01160	0.01915	0.06638	0.02215	0.76359	0.02927	0.00561	0.00565	0.00890	0.00365	0.00363
42	0.05150	0.01332	0.04538	0.06664	0.01739	0.04358	0.00992	0.14460	0.08185	0.09458	0.01409	0.04162	0.01114	0.00665	0.00622	0.00159	0.05675	0.00509	0.00442	0.28367
43	0.34537	0.01284	0.06807	0.03196	0.01668	0.01203	0.08164	0.02186	0.03271	0.28032	0.01452	0.01471	0.01000	0.00629	0.00547	0.00188	0.02595	0.00482	0.00479	0.00809
44	0.01256	0.01063	0.01250	0.02902	0.01473	0.00841	0.00740	0.04729	0.01311	0.02013	0.03600	0.01353	0.01040	0.00481	0.00458	0.00098	0.00451	0.00388	0.00369	0.74184
45	0.00736	0.00531	0.00698	0.00803	0.00859	0.00492	0.00546	0.00867	0.01219	0.01637	0.13733	0.65063	0.07132	0.01745	0.00744	0.00231	0.00332	0.01575	0.00564	0.00492
46	0.00831	0.00581	0.00730	0.02789	0.00849	0.00594	0.00495	0.00901	0.00962	0.01298	0.03564	0.21393	0.02505	0.46858	0.12620	0.00529	0.00659	0.01019	0.00401	0.00423

[dist]
# distance from previous block
# <min> <max>
0	1

[block]
# block no. 6 follows, 39 sequences, length 12
# corresponding to MSA columns:
# 493-504
name=unknown_G
#
# <colnr> <probs for GDERKNQSTAVLIFYWHMCP>
#	G	D	E	R	K	N	Q	S	T	A	V	L	I	F	Y	W	H	M	C	P
0	0.01462	0.00743	0.00991	0.00850	0.01099	0.00665	0.00665	0.01724	0.01680	0.27687	0.50135	0.03590	0.04164	0.01045	0.00662	0.00185	0.00356	0.00906	0.00679	0.00712
1	0.00891	0.00571	0.00633	0.00633	0.00651	0.00571	0.00365	0.00926	0.00909	0.01282	0.01872	0.03657	0.02069	0.69191	0.02678	0.00518	0.00535	0.00821	0.10845	0.00383
2	0.02653	0.01006	0.01372	0.01052	0.01510	0.00869	0.00869	0.02882	0.01693	0.75937	0.02333	0.02013	0.01464	0.00732	0.00595	0.00183	0.00503	0.00595	0.00732	0.01006
3	0.00837	0.00604	0.00790	0.00744	0.00883	0.00558	0.00558	0.01116	0.01674	0.02371	0.75216	0.04417	0.05580	0.01209	0.00697	0.00186	0.00279	0.01069	0.00651	0.00558
4	0.02481	0.01045	0.01367	0.01074	0.01514	0.00957	0.00879	0.02920	0.12309	0.65219	0.02344	0.02041	0.01514	0.00742	0.00596	0.00186	0.00498	0.00605	0.00713	0.00996
5	0.01539	0.68055	0.02909	0.01091	0.01523	0.02262	0.01053	0.01720	0.01158	0.01396	0.00815	0.00999	0.00761	0.00584	0.00609	0.00146	0.12036	0.00346	0.00254	0.00742
6	0.01326	0.07089	0.08969	0.19961	0.03167	0.01503	0.45681	0.01794	0.01320	0.01767	0.01125	0.01517	0.00850	0.00526	0.00639	0.00193	0.00912	0.00609	0.00283	0.00768
7	0.01828	0.01499	0.01551	0.01335	0.03598	0.05869	0.01036	0.34817	0.32117	0.02940	0.03778	0.03839	0.01516	0.00781	0.00599	0.00187	0.00583	0.00624	0.00572	0.00931
8	0.00873	0.00631	0.00671	0.00650	0.00864	0.00531	0.00491	0.01027	0.01368	0.08161	0.05541	0.08753	0.65461	0.01447	0.00692	0.00200	0.00320	0.01210	0.00565	0.00543
9	0.02044	0.01486	0.01609	0.01288	0.01717	0.01645	0.01046	0.46347	0.24539	0.09217	0.01795	0.01708	0.01287	0.00740	0.00595	0.00185	0.00583	0.00579	0.00606	0.00985
10	0.00720	0.00586	0.00621	0.00639	0.00797	0.00505	0.00459	0.00855	0.01289	0.01574	0.07574	0.15603	0.57169	0.07857	0.00895	0.00235	0.00327	0.01270	0.00537	0.00487
11	0.00925	0.00711	0.00897	0.06242	0.01183	0.00710	0.00672	0.04783	0.06373	0.02086	0.35935	0.21510	0.13104	0.01300	0.00692	0.00202	0.00364	0.01143	0.00581	0.00587

[dist]
# distance from previous block
# <min> <max>
0	37

# created by:
# /software/SequenceAnalysis/GenePrediction/augustus/3.0.1/scripts/msa2prfl.pl ./fixed/BUSCOvEOG7V9W50.fas
