[name]
unknown

[dist]
# distance from previous block
# <min> <max>
3	220

[block]
# block no. 0 follows, 41 sequences, length 17
# corresponding to MSA columns:
# 246-262
name=unknown_A
#
# <colnr> <probs for GDERKNQSTAVLIFYWHMCP>
#	G	D	E	R	K	N	Q	S	T	A	V	L	I	F	Y	W	H	M	C	P
0	0.01032	0.00969	0.01438	0.01217	0.01335	0.01143	0.10232	0.01185	0.01024	0.01419	0.02140	0.05188	0.16505	0.16348	0.04517	0.00315	0.32328	0.00771	0.00342	0.00552
1	0.10195	0.01106	0.01323	0.01040	0.01449	0.01087	0.00848	0.17199	0.05250	0.47335	0.01916	0.01831	0.01298	0.04663	0.00671	0.00196	0.00513	0.00554	0.00622	0.00904
2	0.01333	0.41957	0.08735	0.01000	0.01389	0.01670	0.00936	0.01797	0.15355	0.01540	0.01316	0.01753	0.01202	0.16738	0.00943	0.00229	0.00590	0.00489	0.00330	0.00698
3	0.01791	0.01262	0.01394	0.01112	0.01469	0.01364	0.00903	0.49149	0.02263	0.05938	0.15809	0.02044	0.01896	0.00893	0.03029	0.00194	0.00553	0.00622	0.07477	0.00838
4	0.02092	0.01158	0.01558	0.01569	0.16748	0.01131	0.01056	0.13519	0.08676	0.40368	0.02021	0.01903	0.04112	0.00699	0.00577	0.00177	0.00537	0.00583	0.00582	0.00935
5	0.18107	0.01133	0.01658	0.06777	0.42206	0.01184	0.01243	0.01546	0.01136	0.01841	0.01155	0.01770	0.01065	0.15784	0.00974	0.00247	0.00612	0.00531	0.00308	0.00724
6	0.01698	0.01211	0.01352	0.01115	0.01443	0.01315	0.00879	0.32781	0.21197	0.06536	0.01587	0.01706	0.01216	0.02330	0.00928	0.16177	0.00538	0.00546	0.00504	0.04941
7	0.01349	0.01028	0.01271	0.16848	0.01860	0.01153	0.00967	0.05831	0.33844	0.09241	0.02225	0.16894	0.03164	0.00930	0.00609	0.00198	0.00502	0.00803	0.00516	0.00768
8	0.17483	0.01263	0.01417	0.16873	0.01968	0.01432	0.01020	0.31684	0.08877	0.02633	0.01303	0.01554	0.01011	0.06193	0.00691	0.00203	0.00593	0.00505	0.00445	0.02853
9	0.01768	0.01357	0.01680	0.17064	0.02126	0.01587	0.01196	0.39888	0.01933	0.06971	0.01267	0.02929	0.00968	0.00746	0.00826	0.00192	0.15684	0.00536	0.00453	0.00827
10	0.01116	0.03869	0.45392	0.01807	0.16320	0.01179	0.01697	0.01592	0.01202	0.01740	0.01464	0.17207	0.01383	0.00790	0.00582	0.00188	0.00704	0.00682	0.00309	0.00777
11	0.01344	0.01177	0.01375	0.16923	0.01982	0.01367	0.01036	0.02657	0.57360	0.02183	0.02011	0.01974	0.01511	0.00721	0.00574	0.00189	0.00515	0.00607	0.00506	0.03988
12	0.01595	0.48975	0.02388	0.01022	0.01509	0.01875	0.00943	0.16483	0.01478	0.01906	0.00956	0.01062	0.00804	0.00517	0.00420	0.00125	0.00579	0.00355	0.00330	0.16678
13	0.00969	0.00622	0.00809	0.16504	0.01378	0.00665	0.00678	0.01214	0.01160	0.01814	0.02040	0.22880	0.01948	0.00951	0.00524	0.00172	0.00385	0.00823	0.43929	0.00535
14	0.01998	0.02463	0.01756	0.01865	0.16106	0.62940	0.01230	0.02182	0.01560	0.01490	0.00921	0.01105	0.00769	0.00574	0.00525	0.00152	0.00964	0.00396	0.00292	0.00710
15	0.01391	0.64924	0.02568	0.00929	0.01350	0.01932	0.00894	0.01591	0.01250	0.01528	0.15262	0.01563	0.01631	0.00620	0.00426	0.00133	0.00546	0.00446	0.00319	0.00697
16	0.01889	0.02305	0.01478	0.01388	0.01649	0.61916	0.01068	0.02060	0.01559	0.01463	0.01321	0.02137	0.01258	0.00791	0.00572	0.00171	0.00929	0.15069	0.00342	0.00635

[dist]
# distance from previous block
# <min> <max>
32	56

[block]
# block no. 1 follows, 41 sequences, length 6
# corresponding to MSA columns:
# 320-325
name=unknown_B
#
# <colnr> <probs for GDERKNQSTAVLIFYWHMCP>
#	G	D	E	R	K	N	Q	S	T	A	V	L	I	F	Y	W	H	M	C	P
0	0.18307	0.20519	0.01858	0.01151	0.01587	0.01795	0.00978	0.36028	0.07703	0.02797	0.01256	0.01324	0.00967	0.00658	0.00508	0.00175	0.00595	0.00455	0.00470	0.00870
1	0.00710	0.00515	0.00648	0.00747	0.00798	0.00478	0.00496	0.00804	0.01091	0.01430	0.03341	0.60755	0.13133	0.11014	0.00982	0.00265	0.00353	0.01476	0.00509	0.00453
2	0.00946	0.00838	0.01513	0.01280	0.01497	0.00892	0.18487	0.01217	0.01023	0.01450	0.01441	0.02077	0.01294	0.03370	0.59033	0.00744	0.01395	0.00628	0.00302	0.00574
3	0.01671	0.01886	0.01651	0.20136	0.05106	0.37525	0.01239	0.06567	0.01438	0.01576	0.01041	0.04816	0.00906	0.00699	0.00728	0.00178	0.11364	0.00493	0.00307	0.00672
4	0.00815	0.00623	0.00790	0.00809	0.00957	0.00537	0.00566	0.00952	0.01117	0.01558	0.02636	0.60592	0.03074	0.01461	0.00656	0.00197	0.00354	0.01315	0.00485	0.20507
5	0.01186	0.01017	0.01186	0.00847	0.01356	0.00762	0.00678	0.01440	0.01186	0.01864	0.01017	0.01186	0.00847	0.00424	0.00424	0.00085	0.00424	0.00339	0.00339	0.83395

[dist]
# distance from previous block
# <min> <max>
1	28

[block]
# block no. 2 follows, 41 sequences, length 7
# corresponding to MSA columns:
# 354-360
name=unknown_C
#
# <colnr> <probs for GDERKNQSTAVLIFYWHMCP>
#	G	D	E	R	K	N	Q	S	T	A	V	L	I	F	Y	W	H	M	C	P
0	0.07064	0.19769	0.34722	0.22002	0.02543	0.01521	0.01611	0.01686	0.01164	0.01666	0.00955	0.01207	0.00729	0.00538	0.00498	0.00170	0.00742	0.00411	0.00254	0.00748
1	0.00959	0.00765	0.01142	0.01059	0.01210	0.00749	0.10475	0.09148	0.01288	0.01724	0.02590	0.54922	0.02957	0.07080	0.00861	0.00243	0.00466	0.01318	0.00490	0.00554
2	0.01093	0.01042	0.01322	0.21831	0.01950	0.09577	0.01064	0.01328	0.01052	0.01378	0.01217	0.01785	0.01083	0.02441	0.38238	0.00548	0.11648	0.00543	0.00284	0.00577
3	0.00912	0.00606	0.00731	0.00694	0.00839	0.00586	0.00522	0.01254	0.05529	0.02256	0.52154	0.03583	0.04146	0.01013	0.00596	0.00168	0.00279	0.00879	0.22694	0.00558
4	0.00944	0.00741	0.00926	0.00859	0.00859	0.00875	0.00589	0.00978	0.00844	0.01181	0.01521	0.03076	0.01724	0.58781	0.02634	0.00473	0.21511	0.00743	0.00321	0.00421
5	0.01888	0.02084	0.01520	0.01280	0.01659	0.44615	0.00988	0.13874	0.01680	0.01885	0.01000	0.01129	0.00805	0.00561	0.00500	0.00135	0.00803	0.00385	0.00352	0.22858
6	0.01621	0.01196	0.01318	0.01138	0.01477	0.01311	0.00917	0.21759	0.35590	0.09440	0.02389	0.02633	0.06933	0.00883	0.00609	0.00194	0.00500	0.08655	0.00581	0.00858

[dist]
# distance from previous block
# <min> <max>
5	7

[block]
# block no. 3 follows, 41 sequences, length 15
# corresponding to MSA columns:
# 369-383
name=unknown_D
#
# <colnr> <probs for GDERKNQSTAVLIFYWHMCP>
#	G	D	E	R	K	N	Q	S	T	A	V	L	I	F	Y	W	H	M	C	P
0	0.00749	0.00542	0.00707	0.00751	0.00839	0.00501	0.00531	0.00931	0.01351	0.01856	0.37565	0.40847	0.07731	0.01484	0.00702	0.00206	0.00301	0.01329	0.00577	0.00501
1	0.01279	0.29615	0.51433	0.01406	0.02128	0.01651	0.01722	0.01777	0.01192	0.01651	0.00947	0.01108	0.00728	0.00525	0.00483	0.00161	0.00765	0.00382	0.00243	0.00807
2	0.01452	0.01027	0.01140	0.00991	0.01263	0.01098	0.00745	0.07448	0.35968	0.11781	0.02031	0.02436	0.01686	0.22203	0.01203	0.00282	0.00496	0.00660	0.00520	0.05571
3	0.01268	0.01374	0.02779	0.22975	0.03114	0.01426	0.47990	0.01691	0.01252	0.01691	0.01083	0.01512	0.00829	0.00553	0.00755	0.00197	0.07900	0.00614	0.00276	0.00721
4	0.00831	0.00594	0.00816	0.00942	0.01036	0.00579	0.00757	0.01031	0.01241	0.01633	0.05507	0.34757	0.03553	0.01649	0.00763	0.00249	0.00442	0.42586	0.00532	0.00503
5	0.01080	0.01017	0.01716	0.78523	0.03940	0.01271	0.01589	0.01461	0.01144	0.01461	0.01017	0.01525	0.00762	0.00572	0.00572	0.00191	0.00762	0.00508	0.00254	0.00635
6	0.01336	0.01367	0.01710	0.01391	0.01605	0.09540	0.06703	0.01526	0.01076	0.01546	0.00868	0.01233	0.00785	0.00761	0.01245	0.00190	0.43289	0.00456	0.00282	0.23093
7	0.00848	0.00588	0.00756	0.00732	0.00860	0.00543	0.00541	0.01074	0.01487	0.04234	0.55267	0.11075	0.09167	0.06756	0.00837	0.00215	0.00312	0.03585	0.00594	0.00528
8	0.02281	0.01432	0.01611	0.01235	0.01689	0.01521	0.01020	0.54991	0.02404	0.23440	0.01613	0.01529	0.01093	0.00692	0.00573	0.00173	0.00591	0.00531	0.00609	0.00973
9	0.00697	0.00574	0.00612	0.00615	0.00788	0.00490	0.00457	0.00857	0.01335	0.01648	0.15786	0.10520	0.60779	0.01432	0.00680	0.00194	0.00290	0.01212	0.00545	0.00490
10	0.01906	0.01443	0.01573	0.01189	0.01660	0.01499	0.00976	0.54626	0.02282	0.03133	0.01277	0.01322	0.00939	0.00615	0.00532	0.00148	0.00574	0.00467	0.00509	0.23330
11	0.00785	0.00582	0.00850	0.00886	0.00969	0.00647	0.00665	0.00960	0.00967	0.01364	0.01972	0.23209	0.02068	0.03612	0.56771	0.00733	0.01207	0.00888	0.00367	0.00498
12	0.01704	0.58910	0.02650	0.01070	0.01551	0.02131	0.01008	0.21436	0.01576	0.01959	0.00952	0.01041	0.00799	0.00543	0.00423	0.00136	0.00617	0.00363	0.00334	0.00799
13	0.01189	0.00686	0.00782	0.00698	0.00959	0.00580	0.00545	0.01354	0.01394	0.21939	0.04835	0.04540	0.55840	0.01248	0.00649	0.00189	0.00343	0.01036	0.00579	0.00616
14	0.01560	0.01005	0.01224	0.00893	0.01384	0.00784	0.00722	0.01806	0.01308	0.22171	0.01353	0.01392	0.01001	0.00501	0.00465	0.00110	0.00441	0.00403	0.00439	0.61037

[dist]
# distance from previous block
# <min> <max>
4	9

[block]
# block no. 4 follows, 41 sequences, length 8
# corresponding to MSA columns:
# 395-402
name=unknown_E
#
# <colnr> <probs for GDERKNQSTAVLIFYWHMCP>
#	G	D	E	R	K	N	Q	S	T	A	V	L	I	F	Y	W	H	M	C	P
0	0.28397	0.02048	0.01384	0.01220	0.01557	0.42444	0.00947	0.12235	0.01563	0.02084	0.00925	0.01047	0.00732	0.00584	0.00472	0.00160	0.00786	0.00370	0.00353	0.00693
1	0.12621	0.01262	0.01289	0.01129	0.01475	0.01451	0.00891	0.12457	0.55536	0.02579	0.01994	0.01870	0.01491	0.00731	0.00550	0.00189	0.00475	0.00584	0.00550	0.00876
2	0.00817	0.00613	0.00919	0.00919	0.01021	0.00715	0.00715	0.01021	0.00919	0.01328	0.01532	0.02247	0.01430	0.04290	0.77631	0.00919	0.01532	0.00613	0.00306	0.00511
3	0.01337	0.01504	0.03157	0.02289	0.02789	0.01488	0.64435	0.01771	0.01286	0.01771	0.01103	0.01504	0.00852	0.00552	0.00837	0.00201	0.11439	0.00652	0.00284	0.00752
4	0.00731	0.00582	0.00655	0.00637	0.00806	0.00506	0.00478	0.00927	0.01433	0.01852	0.34569	0.05000	0.47132	0.01334	0.00675	0.00188	0.00282	0.01136	0.00572	0.00506
5	0.01186	0.01017	0.01186	0.00847	0.01356	0.00762	0.00678	0.01440	0.01186	0.01864	0.01017	0.01186	0.00847	0.00424	0.00424	0.00085	0.00424	0.00339	0.00339	0.83395
6	0.01080	0.01017	0.01716	0.78523	0.03940	0.01271	0.01589	0.01461	0.01144	0.01461	0.01017	0.01525	0.00762	0.00572	0.00572	0.00191	0.00762	0.00508	0.00254	0.00635
7	0.01377	0.01200	0.01350	0.11568	0.01817	0.01402	0.00997	0.02827	0.65324	0.02267	0.02152	0.02052	0.01614	0.00749	0.00581	0.00194	0.00494	0.00628	0.00538	0.00869

[dist]
# distance from previous block
# <min> <max>
9	18

[block]
# block no. 5 follows, 41 sequences, length 6
# corresponding to MSA columns:
# 423-428
name=unknown_F
#
# <colnr> <probs for GDERKNQSTAVLIFYWHMCP>
#	G	D	E	R	K	N	Q	S	T	A	V	L	I	F	Y	W	H	M	C	P
0	0.01027	0.00801	0.00862	0.00775	0.01009	0.00775	0.00599	0.17110	0.01642	0.02102	0.14659	0.08743	0.45220	0.01261	0.00656	0.00189	0.00364	0.01054	0.00554	0.00598
1	0.01186	0.01017	0.01186	0.00847	0.01356	0.00762	0.00678	0.01440	0.01186	0.01864	0.01017	0.01186	0.00847	0.00424	0.00424	0.00085	0.00424	0.00339	0.00339	0.83395
2	0.01078	0.00902	0.01071	0.00836	0.01239	0.00697	0.00645	0.01298	0.01166	0.01775	0.01488	0.18486	0.01496	0.00726	0.00491	0.00117	0.00403	0.00623	0.00381	0.65081
3	0.01186	0.01017	0.01186	0.00847	0.01356	0.00762	0.00678	0.01440	0.01186	0.01864	0.01017	0.01186	0.00847	0.00424	0.00424	0.00085	0.00424	0.00339	0.00339	0.83395
4	0.01080	0.01017	0.01716	0.78523	0.03940	0.01271	0.01589	0.01461	0.01144	0.01461	0.01017	0.01525	0.00762	0.00572	0.00572	0.00191	0.00762	0.00508	0.00254	0.00635
5	0.19461	0.01036	0.01110	0.00826	0.01300	0.00877	0.00665	0.01493	0.01139	0.02019	0.00968	0.01129	0.00797	0.00447	0.00408	0.00105	0.00428	0.00332	0.00342	0.65115

[dist]
# distance from previous block
# <min> <max>
0	1

[block]
# block no. 6 follows, 41 sequences, length 6
# corresponding to MSA columns:
# 430-435
name=unknown_G
#
# <colnr> <probs for GDERKNQSTAVLIFYWHMCP>
#	G	D	E	R	K	N	Q	S	T	A	V	L	I	F	Y	W	H	M	C	P
0	0.01186	0.01017	0.01186	0.00847	0.01356	0.00762	0.00678	0.01440	0.01186	0.01864	0.01017	0.01186	0.00847	0.00424	0.00424	0.00085	0.00424	0.00339	0.00339	0.83395
1	0.01372	0.01330	0.02169	0.02971	0.56216	0.01465	0.01620	0.01654	0.01188	0.01736	0.00989	0.01372	0.00864	0.00642	0.00919	0.00191	0.21692	0.00507	0.00274	0.00831
2	0.01154	0.00887	0.01011	0.00763	0.01170	0.00701	0.00603	0.01411	0.01190	0.01936	0.01245	0.01440	0.01014	0.00489	0.00417	0.00098	0.00381	0.00391	0.22578	0.61122
3	0.01300	0.01126	0.01443	0.01233	0.01313	0.01434	0.00979	0.14030	0.01182	0.01695	0.01143	0.01943	0.01147	0.22153	0.01926	0.00318	0.44098	0.00592	0.00333	0.00611
4	0.01165	0.01001	0.01295	0.00986	0.01401	0.00848	0.05545	0.04601	0.01257	0.01888	0.05322	0.08102	0.01373	0.00780	0.03794	0.00154	0.03262	0.00534	0.00374	0.56319
5	0.01978	0.01668	0.21729	0.01261	0.01803	0.01232	0.01242	0.17742	0.09687	0.33070	0.01746	0.01647	0.01172	0.00667	0.00567	0.00179	0.00610	0.00529	0.00540	0.00932

[dist]
# distance from previous block
# <min> <max>
8	18

[block]
# block no. 7 follows, 41 sequences, length 10
# corresponding to MSA columns:
# 456-465
name=unknown_H
#
# <colnr> <probs for GDERKNQSTAVLIFYWHMCP>
#	G	D	E	R	K	N	Q	S	T	A	V	L	I	F	Y	W	H	M	C	P
0	0.23368	0.01363	0.01339	0.01081	0.01464	0.03513	0.00882	0.42485	0.04011	0.03067	0.05066	0.01472	0.01156	0.00669	0.00507	0.00171	0.00542	0.00489	0.06541	0.00816
1	0.00759	0.00612	0.00682	0.00696	0.00854	0.00561	0.00509	0.01028	0.07060	0.01706	0.15682	0.21834	0.43093	0.01431	0.00681	0.00200	0.00309	0.01232	0.00550	0.00520
2	0.01266	0.01078	0.01241	0.01034	0.04472	0.00970	0.00777	0.06036	0.17534	0.02057	0.01699	0.01750	0.06907	0.00600	0.00493	0.00126	0.00442	0.00491	0.00419	0.50609
3	0.01099	0.01043	0.01720	0.69955	0.03668	0.01324	0.01551	0.01452	0.01114	0.01452	0.00987	0.01495	0.00761	0.00620	0.00717	0.00197	0.09450	0.00507	0.00254	0.00634
4	0.10882	0.01286	0.01354	0.01134	0.01514	0.01428	0.00907	0.21864	0.38768	0.08495	0.01842	0.01742	0.01350	0.00705	0.00547	0.00180	0.00500	0.00555	0.00554	0.04393
5	0.02314	0.01270	0.01354	0.01087	0.01480	0.13361	0.00875	0.07780	0.01710	0.52614	0.08446	0.01960	0.01623	0.00728	0.00574	0.00172	0.00567	0.00578	0.00624	0.00885
6	0.01888	0.01419	0.01531	0.01234	0.01622	0.01571	0.00996	0.54628	0.14315	0.03169	0.01726	0.10191	0.01411	0.00824	0.00591	0.00182	0.00568	0.00660	0.00569	0.00905
7	0.01312	0.47074	0.21978	0.01107	0.01632	0.01739	0.01204	0.01636	0.01248	0.01622	0.13086	0.01539	0.01490	0.00614	0.00463	0.00147	0.00617	0.00455	0.00306	0.00732
8	0.01423	0.01229	0.01293	0.01164	0.01487	0.01423	0.00905	0.03039	0.75297	0.02393	0.02328	0.02134	0.01746	0.00776	0.00582	0.00194	0.00453	0.00647	0.00582	0.00905
9	0.01634	0.67459	0.02789	0.01034	0.01518	0.02184	0.00996	0.13532	0.01410	0.01713	0.00889	0.00992	0.00773	0.00521	0.00400	0.00130	0.00615	0.00340	0.00298	0.00773

[dist]
# distance from previous block
# <min> <max>
9	12

[block]
# block no. 8 follows, 41 sequences, length 18
# corresponding to MSA columns:
# 480-497
name=unknown_I
#
# <colnr> <probs for GDERKNQSTAVLIFYWHMCP>
#	G	D	E	R	K	N	Q	S	T	A	V	L	I	F	Y	W	H	M	C	P
0	0.01207	0.01018	0.01338	0.01253	0.11189	0.00899	0.04083	0.05904	0.02685	0.01805	0.01262	0.01859	0.01169	0.18997	0.01046	0.00218	0.00526	0.00509	0.00350	0.42683
1	0.01531	0.01130	0.01728	0.01250	0.01760	0.00939	0.17874	0.01831	0.01324	0.18469	0.01325	0.01438	0.00978	0.00500	0.00516	0.00130	0.00564	0.00470	0.00409	0.45835
2	0.01996	0.01429	0.01560	0.01234	0.01635	0.01560	0.01003	0.61557	0.02433	0.06528	0.01647	0.11721	0.01363	0.00834	0.00593	0.00180	0.00584	0.00664	0.00573	0.00906
3	0.00986	0.00915	0.01451	0.60344	0.03201	0.01087	0.01319	0.01312	0.01181	0.01481	0.02131	0.02453	0.18333	0.00776	0.00596	0.00191	0.00652	0.00671	0.00319	0.00600
4	0.02174	0.01602	0.01717	0.01316	0.01774	0.01774	0.01087	0.74423	0.02689	0.03605	0.01373	0.01373	0.00973	0.00687	0.00572	0.00172	0.00629	0.00515	0.00572	0.00973
5	0.01866	0.02714	0.19192	0.01511	0.01921	0.56400	0.01347	0.02133	0.01491	0.01495	0.00911	0.01082	0.00735	0.00597	0.00583	0.00160	0.04489	0.00387	0.00280	0.00704
6	0.01343	0.01179	0.01392	0.19207	0.02059	0.01387	0.01065	0.02671	0.58002	0.02176	0.02022	0.01992	0.01517	0.00728	0.00580	0.00193	0.00525	0.00614	0.00506	0.00842
7	0.00693	0.00561	0.00616	0.00643	0.00793	0.00484	0.00467	0.00838	0.01283	0.01593	0.11487	0.22658	0.52881	0.01504	0.00689	0.00201	0.00298	0.01289	0.00540	0.00484
8	0.12773	0.01434	0.01488	0.01194	0.01608	0.01601	0.00972	0.46280	0.19358	0.03140	0.01511	0.01487	0.01103	0.00680	0.00542	0.00175	0.00558	0.00514	0.00540	0.03041
9	0.01423	0.01229	0.01293	0.01164	0.01487	0.01423	0.00905	0.03039	0.75297	0.02393	0.02328	0.02134	0.01746	0.00776	0.00582	0.00194	0.00453	0.00647	0.00582	0.00905
10	0.00817	0.00578	0.00740	0.00740	0.00834	0.00549	0.00535	0.01008	0.01356	0.01880	0.44284	0.11144	0.04251	0.19632	0.01214	0.00281	0.00370	0.08759	0.00544	0.00487
11	0.01277	0.49949	0.13641	0.01035	0.01472	0.01702	0.01046	0.01514	0.01153	0.01443	0.01380	0.19295	0.01444	0.00801	0.00478	0.00157	0.00582	0.00631	0.00311	0.00688
12	0.01145	0.00808	0.00939	0.00905	0.01062	0.00836	0.00661	0.21099	0.01527	0.02090	0.02467	0.46524	0.02699	0.06044	0.00787	0.00226	0.00421	0.01174	0.07980	0.00604
13	0.02145	0.02477	0.01642	0.01439	0.01770	0.60775	0.01101	0.18292	0.01858	0.01889	0.00993	0.01107	0.00789	0.00611	0.00528	0.00153	0.00942	0.00401	0.00356	0.00732
14	0.01127	0.01026	0.01660	0.22061	0.33833	0.01074	0.01321	0.01446	0.01335	0.01836	0.18925	0.02442	0.08021	0.00756	0.00602	0.00179	0.00574	0.00688	0.00377	0.00716
15	0.00760	0.00533	0.00685	0.00764	0.00798	0.00524	0.00507	0.00845	0.01006	0.01349	0.02577	0.45551	0.03015	0.26565	0.08326	0.00397	0.00518	0.04393	0.00453	0.00434
16	0.01021	0.00926	0.01525	0.53657	0.09717	0.01091	0.01357	0.01333	0.01147	0.01498	0.01520	0.19707	0.01480	0.00851	0.00608	0.00198	0.00655	0.00769	0.00321	0.00620
17	0.01259	0.01151	0.01890	0.07311	0.54356	0.01166	0.01417	0.01522	0.01183	0.01667	0.01242	0.01965	0.01171	0.19029	0.01114	0.00261	0.00655	0.00585	0.00296	0.00759

[dist]
# distance from previous block
# <min> <max>
0	2

[block]
# block no. 9 follows, 41 sequences, length 8
# corresponding to MSA columns:
# 500-507
name=unknown_J
#
# <colnr> <probs for GDERKNQSTAVLIFYWHMCP>
#	G	D	E	R	K	N	Q	S	T	A	V	L	I	F	Y	W	H	M	C	P
0	0.01870	0.54285	0.06968	0.01098	0.01599	0.01884	0.01052	0.02060	0.01352	0.20623	0.01291	0.01349	0.01010	0.00620	0.00479	0.00160	0.00628	0.00418	0.00400	0.00855
1	0.04618	0.00907	0.01103	0.00888	0.01254	0.00796	0.00699	0.01889	0.06221	0.28337	0.02127	0.07458	0.07387	0.05827	0.02886	0.00200	0.00471	0.00639	0.00514	0.25777
2	0.39933	0.01404	0.01290	0.01056	0.01453	0.04664	0.00864	0.34875	0.04851	0.02984	0.01126	0.01185	0.00832	0.00614	0.00469	0.00174	0.00552	0.00419	0.00460	0.00794
3	0.22874	0.01436	0.01457	0.01140	0.01575	0.01579	0.00940	0.50903	0.02150	0.03221	0.01202	0.01248	0.00874	0.00629	0.00507	0.00167	0.00568	0.00451	0.00501	0.06579
4	0.01396	0.21532	0.03279	0.02047	0.02603	0.01654	0.55642	0.01802	0.01302	0.01709	0.01065	0.01384	0.00834	0.00484	0.00597	0.00175	0.00875	0.00581	0.00278	0.00762
5	0.01793	0.60109	0.02573	0.00989	0.01466	0.01902	0.00944	0.01986	0.01283	0.20492	0.01166	0.01179	0.00907	0.00545	0.00420	0.00136	0.00580	0.00374	0.00362	0.00795
6	0.01037	0.00600	0.00657	0.00626	0.00765	0.00597	0.00465	0.04788	0.01350	0.02165	0.20674	0.02765	0.02488	0.06988	0.00674	0.00180	0.00308	0.00683	0.51650	0.00542
7	0.00817	0.00613	0.00919	0.00919	0.01021	0.00715	0.00715	0.01021	0.00919	0.01328	0.01532	0.02247	0.01430	0.04290	0.77631	0.00919	0.01532	0.00613	0.00306	0.00511

[dist]
# distance from previous block
# <min> <max>
5	7

[block]
# block no. 10 follows, 41 sequences, length 7
# corresponding to MSA columns:
# 515-521
name=unknown_K
#
# <colnr> <probs for GDERKNQSTAVLIFYWHMCP>
#	G	D	E	R	K	N	Q	S	T	A	V	L	I	F	Y	W	H	M	C	P
0	0.02101	0.01694	0.01667	0.01320	0.01747	0.10251	0.01072	0.59759	0.09250	0.03246	0.01406	0.01405	0.01017	0.00684	0.00567	0.00171	0.00658	0.00511	0.00542	0.00932
1	0.01540	0.56039	0.08891	0.01112	0.01557	0.01997	0.01102	0.01759	0.01163	0.07420	0.00925	0.01072	0.00790	0.00585	0.00616	0.00150	0.11887	0.00365	0.00282	0.00747
2	0.01170	0.01108	0.01877	0.58551	0.23214	0.01294	0.01633	0.01540	0.01186	0.01570	0.01032	0.01496	0.00801	0.00555	0.00570	0.00185	0.00740	0.00509	0.00262	0.00707
3	0.02095	0.01368	0.01514	0.01185	0.01603	0.01472	0.00971	0.49267	0.08468	0.16979	0.01657	0.01604	0.01159	0.00696	0.00560	0.00171	0.00559	0.00539	0.07199	0.00932
4	0.01876	0.01407	0.01394	0.01120	0.01479	0.07452	0.00906	0.49245	0.02208	0.03038	0.01466	0.01548	0.01085	0.00674	0.00522	0.00160	0.00565	0.00508	0.22517	0.00831
5	0.01994	0.01466	0.01602	0.01278	0.01689	0.01613	0.01063	0.63877	0.02492	0.03332	0.01612	0.02105	0.01307	0.00815	0.00604	0.00185	0.00615	0.10877	0.00566	0.00909
6	0.00752	0.00521	0.00647	0.00726	0.00745	0.00501	0.00455	0.00811	0.00987	0.01316	0.02599	0.48435	0.03084	0.33835	0.01625	0.00364	0.00423	0.01300	0.00455	0.00416

[dist]
# distance from previous block
# <min> <max>
0	3

[block]
# block no. 11 follows, 41 sequences, length 21
# corresponding to MSA columns:
# 525-545
name=unknown_L
#
# <colnr> <probs for GDERKNQSTAVLIFYWHMCP>
#	G	D	E	R	K	N	Q	S	T	A	V	L	I	F	Y	W	H	M	C	P
0	0.01214	0.02984	0.76170	0.01668	0.02511	0.01362	0.02127	0.01853	0.01249	0.01871	0.01094	0.01300	0.00790	0.00588	0.00572	0.00193	0.00864	0.00445	0.00265	0.00878
1	0.59487	0.01244	0.01142	0.07610	0.01535	0.01415	0.00827	0.16384	0.01378	0.02733	0.01001	0.01166	0.00769	0.00611	0.00447	0.00189	0.00531	0.00392	0.00412	0.00727
2	0.00902	0.00606	0.00675	0.00672	0.00679	0.00596	0.00379	0.00884	0.00877	0.01177	0.01861	0.03809	0.02130	0.79095	0.02915	0.00563	0.00577	0.00850	0.00369	0.00384
3	0.01647	0.01849	0.01796	0.01560	0.01694	0.29734	0.03592	0.01773	0.01211	0.01465	0.00883	0.01272	0.00814	0.00872	0.01350	0.00222	0.46816	0.00479	0.00292	0.00679
4	0.06342	0.02270	0.01620	0.01409	0.01755	0.48290	0.01083	0.19904	0.05750	0.04262	0.01182	0.01288	0.00925	0.00668	0.00555	0.00171	0.00875	0.00444	0.00415	0.00792
5	0.01166	0.01087	0.01636	0.01411	0.01510	0.01370	0.07916	0.01335	0.00981	0.01466	0.01147	0.01738	0.01077	0.02205	0.29707	0.00503	0.42235	0.00580	0.00298	0.00632
6	0.00881	0.00600	0.00696	0.00713	0.00730	0.00590	0.00426	0.00888	0.00922	0.01241	0.02057	0.15447	0.02362	0.63361	0.06198	0.00531	0.00590	0.00962	0.00396	0.00410
7	0.01354	0.01285	0.02179	0.03277	0.69829	0.01282	0.01650	0.01673	0.01285	0.01834	0.01255	0.08142	0.01154	0.00620	0.00580	0.00175	0.00650	0.00606	0.00304	0.00868
8	0.01482	0.01604	0.01171	0.01057	0.01319	0.33019	0.00805	0.10337	0.01634	0.01803	0.09782	0.03013	0.28773	0.00970	0.00596	0.00170	0.00640	0.00755	0.00446	0.00623
9	0.01403	0.01346	0.02299	0.06336	0.73603	0.01356	0.01749	0.01744	0.01296	0.01853	0.01074	0.01420	0.00901	0.00512	0.00566	0.00171	0.00683	0.00510	0.00282	0.00896
10	0.32302	0.01881	0.01354	0.01173	0.01525	0.32766	0.00922	0.17949	0.01618	0.02315	0.00960	0.01069	0.00745	0.00589	0.00469	0.00164	0.00726	0.00379	0.00378	0.00715
11	0.00823	0.00598	0.00793	0.00849	0.00970	0.00568	0.00676	0.01052	0.01390	0.01872	0.30293	0.17958	0.09814	0.01454	0.00728	0.00222	0.00380	0.28476	0.00566	0.00518
12	0.00790	0.00565	0.00746	0.00828	0.00905	0.00540	0.00602	0.02391	0.01264	0.01707	0.18171	0.48476	0.03935	0.03766	0.00785	0.00234	0.00363	0.12888	0.00546	0.00497
13	0.05700	0.01129	0.01244	0.01033	0.01427	0.01152	0.00817	0.02478	0.40896	0.11615	0.01864	0.01776	0.01388	0.00654	0.00524	0.00160	0.00448	0.00532	0.00516	0.24648
14	0.01010	0.00620	0.00825	0.00799	0.00950	0.00571	0.00605	0.01238	0.01489	0.11150	0.46185	0.19606	0.04410	0.01274	0.00683	0.00197	0.00330	0.06870	0.00611	0.00576
15	0.78365	0.01140	0.00900	0.00791	0.01152	0.01317	0.00651	0.06640	0.01090	0.02637	0.00836	0.00959	0.00644	0.00542	0.00369	0.00177	0.00455	0.00324	0.00369	0.00644
16	0.09324	0.01526	0.01543	0.01214	0.01633	0.05056	0.00994	0.58746	0.02376	0.03246	0.01657	0.01652	0.06998	0.00730	0.00559	0.00173	0.00604	0.00546	0.00537	0.00888
17	0.00873	0.00700	0.00966	0.00868	0.01001	0.00717	0.03606	0.01106	0.01441	0.02025	0.52835	0.05537	0.10158	0.05166	0.00935	0.00210	0.09794	0.00972	0.00545	0.00543
18	0.02111	0.01459	0.01583	0.01225	0.01653	0.01592	0.01008	0.62343	0.02476	0.09384	0.01487	0.01485	0.01051	0.00687	0.00558	0.00169	0.00587	0.00521	0.07687	0.00935
19	0.16288	0.01497	0.01428	0.01186	0.01565	0.10415	0.00969	0.38636	0.04999	0.06745	0.01480	0.01869	0.01190	0.00750	0.00552	0.00181	0.00618	0.08304	0.00504	0.00823
20	0.01161	0.05718	0.74295	0.01607	0.02440	0.01362	0.02073	0.01808	0.01206	0.01795	0.01018	0.01197	0.00725	0.00541	0.00537	0.00179	0.00837	0.00418	0.00242	0.00841

[dist]
# distance from previous block
# <min> <max>
0	2

[block]
# block no. 12 follows, 41 sequences, length 10
# corresponding to MSA columns:
# 548-557
name=unknown_M
#
# <colnr> <probs for GDERKNQSTAVLIFYWHMCP>
#	G	D	E	R	K	N	Q	S	T	A	V	L	I	F	Y	W	H	M	C	P
0	0.01177	0.08967	0.71186	0.01580	0.02397	0.01401	0.02025	0.01804	0.01204	0.01775	0.01008	0.01185	0.00725	0.00539	0.00530	0.00177	0.00827	0.00414	0.00242	0.00837
1	0.00838	0.00569	0.00753	0.00805	0.00905	0.00522	0.00576	0.01000	0.01263	0.05005	0.20751	0.50440	0.03933	0.01529	0.00702	0.00214	0.00339	0.05716	0.00555	0.03585
2	0.01551	0.67819	0.08559	0.01070	0.01571	0.08499	0.01076	0.01768	0.01204	0.01386	0.00820	0.00949	0.00734	0.00502	0.00393	0.00129	0.00665	0.00320	0.00249	0.00737
3	0.01181	0.02724	0.64763	0.01759	0.02561	0.01348	0.14050	0.01815	0.01231	0.01815	0.01048	0.01263	0.00748	0.00533	0.00565	0.00183	0.00865	0.00464	0.00249	0.00833
4	0.02137	0.02726	0.01621	0.01474	0.01768	0.77602	0.01105	0.02284	0.01621	0.01400	0.00884	0.01031	0.00737	0.00589	0.00516	0.00147	0.01031	0.00368	0.00295	0.00663
5	0.00817	0.00613	0.00919	0.00919	0.01021	0.00715	0.00715	0.01021	0.00919	0.01328	0.01532	0.02247	0.01430	0.04290	0.77631	0.00919	0.01532	0.00613	0.00306	0.00511
6	0.00810	0.00585	0.00765	0.00720	0.00855	0.00540	0.00540	0.01079	0.01619	0.02294	0.76028	0.04273	0.05397	0.01169	0.00675	0.00180	0.00270	0.01034	0.00630	0.00540
7	0.01186	0.01017	0.01186	0.00847	0.01356	0.00762	0.00678	0.01440	0.01186	0.01864	0.01017	0.01186	0.00847	0.00424	0.00424	0.00085	0.00424	0.00339	0.00339	0.83395
8	0.00922	0.00658	0.00922	0.01053	0.01185	0.00658	0.00922	0.01185	0.01317	0.01712	0.03029	0.06452	0.03292	0.01580	0.00790	0.00263	0.00527	0.72480	0.00527	0.00527
9	0.02149	0.02365	0.01652	0.01423	0.01770	0.53245	0.01099	0.25455	0.01964	0.02108	0.01041	0.01141	0.00813	0.00621	0.00534	0.00155	0.00902	0.00415	0.00384	0.00763

[dist]
# distance from previous block
# <min> <max>
0	5

[block]
# block no. 13 follows, 41 sequences, length 15
# corresponding to MSA columns:
# 563-577
name=unknown_N
#
# <colnr> <probs for GDERKNQSTAVLIFYWHMCP>
#	G	D	E	R	K	N	Q	S	T	A	V	L	I	F	Y	W	H	M	C	P
0	0.01349	0.00958	0.01157	0.00858	0.01311	0.00748	0.00686	0.01600	0.01306	0.13179	0.10204	0.01671	0.01479	0.00556	0.00477	0.00110	0.00415	0.00458	0.00429	0.61052
1	0.01809	0.02150	0.01535	0.01331	0.01640	0.50576	0.01023	0.01978	0.01430	0.01505	0.00899	0.01094	0.00764	0.00600	0.00658	0.00145	0.10227	0.00377	0.00300	0.19958
2	0.01856	0.01365	0.01495	0.01177	0.01559	0.01486	0.00959	0.57313	0.02440	0.03299	0.18789	0.02050	0.02005	0.00799	0.00596	0.00174	0.00546	0.00636	0.00586	0.00872
3	0.01449	0.00944	0.01156	0.00881	0.01317	0.00745	0.00698	0.01677	0.01280	0.19279	0.01562	0.10763	0.01332	0.00654	0.00496	0.00124	0.00427	0.00548	0.00448	0.54217
4	0.01457	0.01177	0.01331	0.00976	0.01470	0.01040	0.00790	0.21444	0.01598	0.02341	0.01114	0.01237	0.00882	0.00496	0.00464	0.00109	0.00480	0.00387	0.00403	0.60803
5	0.01124	0.01077	0.01725	0.58849	0.03317	0.01394	0.01502	0.01440	0.01075	0.01440	0.00949	0.01455	0.00760	0.00682	0.00905	0.00206	0.20710	0.00506	0.00253	0.00633
6	0.01206	0.01266	0.02470	0.01850	0.02220	0.01291	0.43737	0.01573	0.01326	0.01857	0.18549	0.02127	0.01903	0.00737	0.00894	0.00200	0.15014	0.00727	0.00362	0.00691
7	0.01216	0.01168	0.01616	0.10591	0.01760	0.01463	0.01158	0.01402	0.00980	0.01500	0.00845	0.01269	0.00775	0.00815	0.01381	0.00205	0.51186	0.00464	0.00271	0.19935
8	0.01897	0.01438	0.01568	0.01185	0.01657	0.01490	0.00972	0.53967	0.02268	0.03117	0.01273	0.01321	0.00938	0.00613	0.00531	0.00147	0.00572	0.00466	0.00507	0.24074
9	0.23803	0.01360	0.01336	0.01055	0.01484	0.04361	0.00859	0.31907	0.05079	0.02780	0.01159	0.01231	0.00874	0.00584	0.00477	0.00153	0.00539	0.00419	0.00449	0.20090
10	0.05594	0.01443	0.01554	0.01182	0.01646	0.01516	0.00971	0.54150	0.02262	0.03152	0.01264	0.01310	0.00928	0.00618	0.00528	0.00152	0.00573	0.00465	0.00508	0.20184
11	0.00887	0.00646	0.00762	0.00720	0.00853	0.00578	0.00476	0.00984	0.01001	0.01421	0.01992	0.23855	0.02235	0.36847	0.01635	0.00340	0.00452	0.00923	0.03636	0.19760
12	0.01753	0.01345	0.01453	0.01188	0.01588	0.01474	0.00953	0.31188	0.36211	0.06319	0.01825	0.01736	0.01341	0.00705	0.00563	0.00174	0.00522	0.00563	0.00562	0.08537
13	0.01236	0.20987	0.59687	0.01478	0.02241	0.01546	0.01849	0.01788	0.01197	0.01703	0.00973	0.01140	0.00727	0.00531	0.00502	0.00167	0.00791	0.00395	0.00242	0.00819
14	0.01182	0.01017	0.01209	0.04154	0.01466	0.00784	0.00717	0.01441	0.01184	0.01847	0.01017	0.01201	0.00844	0.00430	0.00430	0.00089	0.00438	0.00346	0.00335	0.79872

[dist]
# distance from previous block
# <min> <max>
3	6

[block]
# block no. 14 follows, 41 sequences, length 6
# corresponding to MSA columns:
# 585-590
name=unknown_O
#
# <colnr> <probs for GDERKNQSTAVLIFYWHMCP>
#	G	D	E	R	K	N	Q	S	T	A	V	L	I	F	Y	W	H	M	C	P
0	0.02126	0.01148	0.05994	0.01065	0.01517	0.00970	0.00915	0.02635	0.15113	0.50725	0.02066	0.01857	0.01375	0.00681	0.00559	0.00171	0.00496	0.00555	0.00618	0.09413
1	0.02137	0.02726	0.01621	0.01474	0.01768	0.77602	0.01105	0.02284	0.01621	0.01400	0.00884	0.01031	0.00737	0.00589	0.00516	0.00147	0.01031	0.00368	0.00295	0.00663
2	0.00817	0.00613	0.00919	0.00919	0.01021	0.00715	0.00715	0.01021	0.00919	0.01328	0.01532	0.02247	0.01430	0.04290	0.77631	0.00919	0.01532	0.00613	0.00306	0.00511
3	0.00810	0.00585	0.00765	0.00720	0.00855	0.00540	0.00540	0.01079	0.01619	0.02294	0.76028	0.04273	0.05397	0.01169	0.00675	0.00180	0.00270	0.01034	0.00630	0.00540
4	0.01186	0.01017	0.01186	0.00847	0.01356	0.00762	0.00678	0.01440	0.01186	0.01864	0.01017	0.01186	0.00847	0.00424	0.00424	0.00085	0.00424	0.00339	0.00339	0.83395
5	0.00922	0.00658	0.00922	0.01053	0.01185	0.00658	0.00922	0.01185	0.01317	0.01712	0.03029	0.06452	0.03292	0.01580	0.00790	0.00263	0.00527	0.72480	0.00527	0.00527

[dist]
# distance from previous block
# <min> <max>
0	11

[block]
# block no. 15 follows, 41 sequences, length 12
# corresponding to MSA columns:
# 602-613
name=unknown_P
#
# <colnr> <probs for GDERKNQSTAVLIFYWHMCP>
#	G	D	E	R	K	N	Q	S	T	A	V	L	I	F	Y	W	H	M	C	P
0	0.01423	0.01229	0.01293	0.01164	0.01487	0.01423	0.00905	0.03039	0.75297	0.02393	0.02328	0.02134	0.01746	0.00776	0.00582	0.00194	0.00453	0.00647	0.00582	0.00905
1	0.01186	0.01017	0.01186	0.00847	0.01356	0.00762	0.00678	0.01440	0.01186	0.01864	0.01017	0.01186	0.00847	0.00424	0.00424	0.00085	0.00424	0.00339	0.00339	0.83395
2	0.66514	0.01132	0.00978	0.00835	0.01209	0.01269	0.00688	0.08124	0.01206	0.12080	0.01032	0.01097	0.00751	0.00567	0.00401	0.00177	0.00464	0.00361	0.00418	0.00695
3	0.01395	0.01197	0.01273	0.01158	0.01471	0.01380	0.00906	0.02937	0.71193	0.02355	0.02367	0.02374	0.01832	0.00821	0.00594	0.00198	0.00457	0.04631	0.00579	0.00884
4	0.11400	0.00638	0.00695	0.00694	0.00765	0.00657	0.00459	0.00999	0.00972	0.01465	0.08554	0.03716	0.02322	0.54497	0.02162	0.00442	0.00512	0.08244	0.00392	0.00418
5	0.01455	0.65165	0.17421	0.01106	0.01665	0.02081	0.01200	0.01732	0.01171	0.01437	0.00840	0.00974	0.00732	0.00500	0.00401	0.00134	0.00657	0.00329	0.00244	0.00756
6	0.00877	0.00613	0.00695	0.00652	0.00717	0.00581	0.00389	0.00909	0.00877	0.01205	0.01702	0.03418	0.01923	0.69799	0.02595	0.00495	0.00538	0.00769	0.00346	0.10900
7	0.01970	0.01481	0.01607	0.01219	0.01687	0.01564	0.01002	0.59316	0.02378	0.03244	0.01299	0.01335	0.00947	0.00632	0.00541	0.00154	0.00587	0.00479	0.00524	0.18033
8	0.02086	0.01485	0.01616	0.01261	0.01686	0.01624	0.01032	0.64928	0.02512	0.07537	0.01555	0.07229	0.01207	0.00770	0.00584	0.00176	0.00599	0.00601	0.00577	0.00935
9	0.00784	0.00534	0.00638	0.00685	0.00697	0.00523	0.00412	0.00819	0.00925	0.01234	0.02282	0.30687	0.02685	0.52128	0.02136	0.00440	0.00475	0.01114	0.00412	0.00389
10	0.83938	0.01106	0.00841	0.00752	0.01106	0.01283	0.00619	0.01681	0.00973	0.02566	0.00796	0.00929	0.00619	0.00531	0.00354	0.00177	0.00442	0.00310	0.00354	0.00619
11	0.01104	0.00917	0.01438	0.01959	0.28890	0.00917	0.01229	0.01395	0.01311	0.01770	0.02309	0.04595	0.02412	0.01185	0.00708	0.00229	0.00583	0.45946	0.00437	0.00667

[dist]
# distance from previous block
# <min> <max>
0	11

[block]
# block no. 16 follows, 41 sequences, length 6
# corresponding to MSA columns:
# 625-630
name=unknown_Q
#
# <colnr> <probs for GDERKNQSTAVLIFYWHMCP>
#	G	D	E	R	K	N	Q	S	T	A	V	L	I	F	Y	W	H	M	C	P
0	0.02174	0.01602	0.01717	0.01316	0.01774	0.01774	0.01087	0.74423	0.02689	0.03605	0.01373	0.01373	0.00973	0.00687	0.00572	0.00172	0.00629	0.00515	0.00572	0.00973
1	0.02006	0.01538	0.01723	0.01350	0.01724	0.01770	0.01117	0.61061	0.02358	0.03197	0.01259	0.01351	0.00932	0.00744	0.00811	0.00186	0.14938	0.00512	0.00513	0.00909
2	0.01186	0.01017	0.01186	0.00847	0.01356	0.00762	0.00678	0.01440	0.01186	0.01864	0.01017	0.01186	0.00847	0.00424	0.00424	0.00085	0.00424	0.00339	0.00339	0.83395
3	0.01284	0.01201	0.02018	0.03014	0.62519	0.01195	0.01531	0.01580	0.01264	0.01794	0.01456	0.15704	0.01432	0.00744	0.00596	0.00181	0.00616	0.00714	0.00328	0.00825
4	0.01423	0.01229	0.01293	0.01164	0.01487	0.01423	0.00905	0.03039	0.75297	0.02393	0.02328	0.02134	0.01746	0.00776	0.00582	0.00194	0.00453	0.00647	0.00582	0.00905
5	0.01186	0.01017	0.01186	0.00847	0.01356	0.00762	0.00678	0.01440	0.01186	0.01864	0.01017	0.01186	0.00847	0.00424	0.00424	0.00085	0.00424	0.00339	0.00339	0.83395

[dist]
# distance from previous block
# <min> <max>
0	2

[block]
# block no. 17 follows, 41 sequences, length 6
# corresponding to MSA columns:
# 633-638
name=unknown_R
#
# <colnr> <probs for GDERKNQSTAVLIFYWHMCP>
#	G	D	E	R	K	N	Q	S	T	A	V	L	I	F	Y	W	H	M	C	P
0	0.01186	0.01017	0.01186	0.00847	0.01356	0.00762	0.00678	0.01440	0.01186	0.01864	0.01017	0.01186	0.00847	0.00424	0.00424	0.00085	0.00424	0.00339	0.00339	0.83395
1	0.01001	0.00909	0.01497	0.62382	0.03294	0.01103	0.01369	0.01323	0.01134	0.01461	0.01460	0.17723	0.01390	0.00825	0.00605	0.00199	0.00673	0.00740	0.00312	0.00600
2	0.01151	0.01061	0.01628	0.62459	0.03430	0.01302	0.01447	0.01789	0.16543	0.01655	0.01289	0.01651	0.00967	0.00614	0.00574	0.00191	0.00698	0.00537	0.00322	0.00691
3	0.01263	0.01047	0.01210	0.00896	0.01367	0.00854	0.00713	0.09466	0.01346	0.02029	0.01199	0.06444	0.01057	0.00544	0.00461	0.00104	0.00440	0.00444	0.00378	0.68739
4	0.00873	0.00672	0.00837	0.00763	0.00972	0.00583	0.00585	0.01113	0.01433	0.02020	0.42282	0.10280	0.10989	0.01124	0.00636	0.00172	0.00327	0.06064	0.00544	0.17733
5	0.01111	0.00937	0.01106	0.00839	0.01275	0.00717	0.00655	0.01342	0.01172	0.01802	0.01343	0.13150	0.01296	0.00633	0.00470	0.00107	0.00410	0.00535	0.00368	0.70730

[dist]
# distance from previous block
# <min> <max>
0	13

[block]
# block no. 18 follows, 41 sequences, length 15
# corresponding to MSA columns:
# 652-666
name=unknown_S
#
# <colnr> <probs for GDERKNQSTAVLIFYWHMCP>
#	G	D	E	R	K	N	Q	S	T	A	V	L	I	F	Y	W	H	M	C	P
0	0.18447	0.01211	0.04888	0.01034	0.01464	0.03656	0.00884	0.09265	0.03526	0.45061	0.03725	0.01691	0.01274	0.00673	0.00530	0.00176	0.00521	0.00517	0.00583	0.00874
1	0.01400	0.51453	0.26889	0.01311	0.05384	0.01917	0.01383	0.01747	0.01184	0.01521	0.00883	0.01035	0.00739	0.00508	0.00434	0.00144	0.00691	0.00353	0.00246	0.00778
2	0.01363	0.00620	0.00690	0.00629	0.00823	0.00594	0.00487	0.01620	0.01286	0.16870	0.01943	0.02096	0.01456	0.00675	0.00434	0.00142	0.00310	0.00541	0.66800	0.00620
3	0.01232	0.02405	0.50969	0.01655	0.02357	0.01365	0.12683	0.02057	0.15867	0.01929	0.01303	0.01441	0.00948	0.00580	0.00571	0.00185	0.00786	0.00505	0.00316	0.00846
4	0.01186	0.01017	0.01186	0.00847	0.01356	0.00762	0.00678	0.01440	0.01186	0.01864	0.01017	0.01186	0.00847	0.00424	0.00424	0.00085	0.00424	0.00339	0.00339	0.83395
5	0.01186	0.01017	0.01186	0.00847	0.01356	0.00762	0.00678	0.01440	0.01186	0.01864	0.01017	0.01186	0.00847	0.00424	0.00424	0.00085	0.00424	0.00339	0.00339	0.83395
6	0.01186	0.01017	0.01186	0.00847	0.01356	0.00762	0.00678	0.01440	0.01186	0.01864	0.01017	0.01186	0.00847	0.00424	0.00424	0.00085	0.00424	0.00339	0.00339	0.83395
7	0.00777	0.00583	0.00720	0.00686	0.00835	0.00526	0.00514	0.01017	0.01543	0.02113	0.59101	0.04570	0.22437	0.01237	0.00675	0.00183	0.00275	0.01076	0.00606	0.00526
8	0.01474	0.64636	0.02751	0.01082	0.01475	0.02162	0.01033	0.01646	0.01106	0.01352	0.00786	0.00984	0.00737	0.00590	0.00665	0.00148	0.16070	0.00344	0.00246	0.00713
9	0.01080	0.01017	0.01716	0.78523	0.03940	0.01271	0.01589	0.01461	0.01144	0.01461	0.01017	0.01525	0.00762	0.00572	0.00572	0.00191	0.00762	0.00508	0.00254	0.00635
10	0.02017	0.18041	0.01893	0.01376	0.01709	0.62717	0.01080	0.02171	0.01530	0.01389	0.00867	0.01009	0.00736	0.00570	0.00486	0.00142	0.00949	0.00356	0.00285	0.00677
11	0.00697	0.00498	0.00664	0.00796	0.00830	0.00465	0.00531	0.00796	0.01095	0.01460	0.03153	0.79525	0.03783	0.01792	0.00730	0.00232	0.00332	0.01626	0.00531	0.00465
12	0.01416	0.01359	0.02322	0.03511	0.76330	0.01359	0.01755	0.01755	0.01302	0.01869	0.01076	0.01416	0.00906	0.00510	0.00566	0.00170	0.00680	0.00510	0.00283	0.00906
13	0.01186	0.01017	0.01186	0.00847	0.01356	0.00762	0.00678	0.01440	0.01186	0.01864	0.01017	0.01186	0.00847	0.00424	0.00424	0.00085	0.00424	0.00339	0.00339	0.83395
14	0.01494	0.64693	0.03072	0.01262	0.01769	0.02102	0.15456	0.01736	0.01199	0.01442	0.00867	0.01041	0.00760	0.00488	0.00428	0.00136	0.00681	0.00379	0.00253	0.00741

[dist]
# distance from previous block
# <min> <max>
2	201

# created by:
# /software/SequenceAnalysis/GenePrediction/augustus/3.0.1/scripts/msa2prfl.pl ./fixed/BUSCOvEOG7XSN3B.fas
