[name]
unknown

[dist]
# distance from previous block
# <min> <max>
0	78

[block]
# block no. 0 follows, 38 sequences, length 110
# corresponding to MSA columns:
# 80-189
name=unknown_A
#
# <colnr> <probs for GDERKNQSTAVLIFYWHMCP>
#	G	D	E	R	K	N	Q	S	T	A	V	L	I	F	Y	W	H	M	C	P
0	0.01269	0.00674	0.00675	0.00669	0.00821	0.00652	0.00491	0.01504	0.01351	0.02365	0.02088	0.02423	0.01666	0.00796	0.00486	0.00168	0.00335	0.00606	0.80323	0.00639
1	0.01636	0.01388	0.01456	0.01317	0.01664	0.01566	0.01010	0.03256	0.72398	0.02632	0.02563	0.02424	0.01953	0.00908	0.00673	0.00230	0.00527	0.00723	0.00656	0.01021
2	0.02368	0.01752	0.01869	0.01465	0.01943	0.01908	0.01187	0.68023	0.06438	0.03813	0.01632	0.01683	0.01200	0.00821	0.00664	0.00209	0.00699	0.00594	0.00646	0.01087
3	0.00890	0.00637	0.00809	0.00939	0.00988	0.00582	0.00625	0.00953	0.01244	0.01674	0.03409	0.76853	0.04045	0.01952	0.00825	0.00270	0.00402	0.01729	0.00603	0.00568
4	0.01604	0.01352	0.01432	0.01310	0.01645	0.01517	0.01011	0.03138	0.67990	0.02588	0.02607	0.02700	0.02052	0.00960	0.00687	0.00235	0.00531	0.04993	0.00652	0.00997
5	0.01379	0.01155	0.01331	0.00990	0.01513	0.00879	0.00772	0.01596	0.01335	0.02077	0.01277	0.03563	0.01114	0.00586	0.00519	0.00122	0.00494	0.00444	0.00411	0.78442
6	0.81328	0.01262	0.00991	0.00894	0.01272	0.01423	0.00716	0.01862	0.01119	0.02810	0.00990	0.01187	0.00796	0.00657	0.00439	0.00213	0.00516	0.00377	0.00421	0.00727
7	0.01393	0.01170	0.01346	0.00992	0.01528	0.00888	0.00776	0.01614	0.01337	0.02089	0.01216	0.01451	0.01030	0.00546	0.00511	0.00118	0.00497	0.00407	0.00406	0.80686
8	0.02107	0.02205	0.01536	0.01376	0.01678	0.45798	0.01036	0.12611	0.01844	0.02135	0.01400	0.01620	0.01135	0.00751	0.00585	0.00183	0.00868	0.00501	0.19844	0.00787
9	0.01269	0.00674	0.00675	0.00669	0.00821	0.00652	0.00491	0.01504	0.01351	0.02365	0.02088	0.02423	0.01666	0.00796	0.00486	0.00168	0.00335	0.00606	0.80323	0.00639
10	0.01745	0.77484	0.03206	0.01127	0.01644	0.02429	0.01085	0.01894	0.01313	0.01557	0.00988	0.01175	0.00914	0.00614	0.00453	0.00157	0.00690	0.00373	0.00309	0.00845
11	0.01284	0.01170	0.01890	0.75714	0.04182	0.01410	0.01711	0.01636	0.01294	0.01675	0.01216	0.01799	0.00943	0.00699	0.00663	0.00227	0.00845	0.00581	0.00319	0.00744
12	0.01029	0.00696	0.00769	0.00762	0.00777	0.00674	0.00436	0.00989	0.00974	0.01313	0.02023	0.04077	0.02296	0.77115	0.03065	0.00601	0.00631	0.00913	0.00414	0.00447
13	0.01628	0.01522	0.02512	0.03727	0.73476	0.01501	0.01883	0.01938	0.01457	0.02094	0.01277	0.01687	0.01090	0.00635	0.00657	0.00206	0.00760	0.00582	0.00349	0.01022
14	0.00890	0.00637	0.00809	0.00939	0.00988	0.00582	0.00625	0.00953	0.01244	0.01674	0.03409	0.76853	0.04045	0.01952	0.00825	0.00270	0.00402	0.01729	0.00603	0.00568
15	0.01460	0.01411	0.01927	0.01664	0.01679	0.01904	0.01365	0.01549	0.01019	0.01588	0.00943	0.01518	0.00931	0.01140	0.02003	0.00288	0.75991	0.00573	0.00315	0.00734
16	0.00869	0.00721	0.00723	0.00717	0.00930	0.00601	0.00526	0.00978	0.01458	0.01761	0.06122	0.05886	0.73261	0.01599	0.00770	0.00229	0.00359	0.01298	0.00603	0.00587
17	0.01393	0.01170	0.01346	0.00992	0.01528	0.00888	0.00776	0.01614	0.01337	0.02089	0.01216	0.01451	0.01030	0.00546	0.00511	0.00118	0.00497	0.00407	0.00406	0.80686
18	0.01014	0.00756	0.01072	0.01066	0.01185	0.00839	0.00814	0.01184	0.01063	0.01538	0.01745	0.02540	0.01628	0.04517	0.74752	0.00975	0.01635	0.00688	0.00373	0.00616
19	0.02810	0.01126	0.01491	0.01167	0.01636	0.00968	0.00943	0.02998	0.01801	0.73921	0.02489	0.02232	0.01614	0.00838	0.00666	0.00213	0.00562	0.00649	0.00785	0.01091
20	0.81328	0.01262	0.00991	0.00894	0.01272	0.01423	0.00716	0.01862	0.01119	0.02810	0.00990	0.01187	0.00796	0.00657	0.00439	0.00213	0.00516	0.00377	0.00421	0.00727
21	0.01353	0.03165	0.74088	0.01796	0.02679	0.01469	0.02250	0.01995	0.01360	0.02035	0.01226	0.01473	0.00904	0.00669	0.00634	0.00217	0.00930	0.00493	0.00306	0.00959
22	0.01636	0.01388	0.01456	0.01317	0.01664	0.01566	0.01010	0.03256	0.72398	0.02632	0.02563	0.02424	0.01953	0.00908	0.00673	0.00230	0.00527	0.00723	0.00656	0.01021
23	0.00890	0.00637	0.00809	0.00939	0.00988	0.00582	0.00625	0.00953	0.01244	0.01674	0.03409	0.76853	0.04045	0.01952	0.00825	0.00270	0.00402	0.01729	0.00603	0.00568
24	0.01628	0.01522	0.02512	0.03727	0.73476	0.01501	0.01883	0.01938	0.01457	0.02094	0.01277	0.01687	0.01090	0.00635	0.00657	0.00206	0.00760	0.00582	0.00349	0.01022
25	0.01290	0.00709	0.00963	0.00952	0.00977	0.00674	0.00633	0.00974	0.00949	0.01290	0.01286	0.02139	0.01266	0.02192	0.02384	0.79375	0.00603	0.00598	0.00346	0.00400
26	0.01695	0.78116	0.03186	0.01091	0.01608	0.02411	0.01065	0.01860	0.01280	0.01505	0.00933	0.01098	0.00862	0.00578	0.00428	0.00147	0.00673	0.00354	0.00290	0.00818
27	0.00811	0.00681	0.00682	0.00678	0.00887	0.00567	0.00501	0.00936	0.01427	0.01712	0.06112	0.05851	0.73844	0.01572	0.00748	0.00220	0.00339	0.01288	0.00587	0.00558
28	0.00811	0.00681	0.00682	0.00678	0.00887	0.00567	0.00501	0.00936	0.01427	0.01712	0.06112	0.05851	0.73844	0.01572	0.00748	0.00220	0.00339	0.01288	0.00587	0.00558
29	0.00973	0.00655	0.00728	0.00724	0.00733	0.00641	0.00410	0.00948	0.00938	0.01260	0.01976	0.04026	0.02256	0.77750	0.03064	0.00594	0.00614	0.00899	0.00396	0.00417
30	0.02325	0.02904	0.01761	0.01604	0.01919	0.75367	0.01196	0.02452	0.01755	0.01561	0.01025	0.01217	0.00865	0.00681	0.00582	0.00172	0.01108	0.00419	0.00342	0.00745
31	0.02770	0.01089	0.01456	0.01132	0.01599	0.00938	0.00922	0.02974	0.01772	0.74504	0.02447	0.02165	0.01569	0.00804	0.00644	0.00203	0.00543	0.00633	0.00770	0.01066
32	0.01457	0.01528	0.02994	0.10625	0.02963	0.01540	0.50470	0.01909	0.03884	0.01946	0.01317	0.01757	0.01033	0.00661	0.00862	0.00224	0.09582	0.00689	0.03744	0.00819
33	0.01003	0.05483	0.01166	0.01033	0.01173	0.00906	0.00808	0.01188	0.01044	0.01488	0.01649	0.02391	0.01539	0.04273	0.70762	0.00921	0.01568	0.00653	0.00350	0.00601
34	0.01340	0.01133	0.01310	0.00955	0.01491	0.00857	0.00753	0.01578	0.01305	0.02042	0.01162	0.01377	0.00979	0.00510	0.00487	0.00108	0.00478	0.00388	0.00388	0.81360
35	0.01310	0.05188	0.72742	0.01748	0.02623	0.01469	0.02208	0.01960	0.01326	0.01974	0.01166	0.01391	0.00853	0.00632	0.00606	0.00206	0.00908	0.00472	0.00287	0.00931
36	0.00833	0.00596	0.00769	0.00902	0.00946	0.00548	0.00601	0.00911	0.01210	0.01624	0.03375	0.77441	0.04021	0.01927	0.00804	0.00260	0.00383	0.01722	0.00587	0.00539
37	0.01340	0.01133	0.01310	0.00955	0.01491	0.00857	0.00753	0.01578	0.01305	0.02042	0.01162	0.01377	0.00979	0.00510	0.00487	0.00108	0.00478	0.00388	0.00388	0.81360
38	0.01340	0.01133	0.01310	0.00955	0.01491	0.00857	0.00753	0.01578	0.01305	0.02042	0.01162	0.01377	0.00979	0.00510	0.00487	0.00108	0.00478	0.00388	0.00388	0.81360
39	0.01695	0.78116	0.03186	0.01091	0.01608	0.02411	0.01065	0.01860	0.01280	0.01505	0.00933	0.01098	0.00862	0.00578	0.00428	0.00147	0.00673	0.00354	0.00290	0.00818
40	0.00973	0.00655	0.00728	0.00724	0.00733	0.00641	0.00410	0.00948	0.00938	0.01260	0.01976	0.04026	0.02256	0.77750	0.03064	0.00594	0.00614	0.00899	0.00396	0.00417
41	0.00811	0.00681	0.00682	0.00678	0.00887	0.00567	0.00501	0.00936	0.01427	0.01712	0.06112	0.05851	0.73844	0.01572	0.00748	0.00220	0.00339	0.01288	0.00587	0.00558
42	0.00973	0.00655	0.00728	0.00724	0.00733	0.00641	0.00410	0.00948	0.00938	0.01260	0.01976	0.04026	0.02256	0.77750	0.03064	0.00594	0.00614	0.00899	0.00396	0.00417
43	0.81976	0.01226	0.00952	0.00857	0.01233	0.01396	0.00693	0.01828	0.01084	0.02770	0.00934	0.01111	0.00743	0.00621	0.00415	0.00203	0.00498	0.00358	0.00404	0.00700
44	0.01299	0.03145	0.74690	0.01766	0.02651	0.01443	0.02240	0.01962	0.01327	0.01988	0.01173	0.01399	0.00852	0.00634	0.00611	0.00207	0.00915	0.00475	0.00287	0.00934
45	0.01695	0.78116	0.03186	0.01091	0.01608	0.02411	0.01065	0.01860	0.01280	0.01505	0.00933	0.01098	0.00862	0.00578	0.00428	0.00147	0.00673	0.00354	0.00290	0.00818
46	0.02721	0.01078	0.01441	0.01123	0.01583	0.00929	0.00914	0.02927	0.01771	0.72592	0.04342	0.02229	0.01678	0.00817	0.00647	0.00203	0.00537	0.00646	0.00768	0.01054
47	0.01324	0.07764	0.70286	0.01725	0.02587	0.01502	0.02168	0.01956	0.01324	0.01958	0.01158	0.01380	0.00853	0.00630	0.00600	0.00204	0.00900	0.00468	0.00287	0.00927
48	0.00973	0.00655	0.00728	0.00724	0.00733	0.00641	0.00410	0.00948	0.00938	0.01260	0.01976	0.04026	0.02256	0.77750	0.03064	0.00594	0.00614	0.00899	0.00396	0.00417
49	0.00832	0.00600	0.00764	0.00891	0.00943	0.00549	0.00596	0.00912	0.01221	0.01628	0.03514	0.73809	0.07563	0.01909	0.00802	0.00258	0.00381	0.01700	0.00587	0.00540
50	0.01340	0.01133	0.01310	0.00955	0.01491	0.00857	0.00753	0.01578	0.01305	0.02042	0.01162	0.01377	0.00979	0.00510	0.00487	0.00108	0.00478	0.00388	0.00388	0.81360
51	0.01600	0.60047	0.20420	0.01254	0.01859	0.02178	0.01348	0.01885	0.01291	0.01621	0.00991	0.01171	0.00860	0.00591	0.00472	0.00161	0.00731	0.00383	0.00290	0.00846
52	0.01340	0.01133	0.01310	0.00955	0.01491	0.00857	0.00753	0.01578	0.01305	0.02042	0.01162	0.01377	0.00979	0.00510	0.00487	0.00108	0.00478	0.00388	0.00388	0.81360
53	0.02304	0.01667	0.01791	0.01399	0.01862	0.01813	0.01138	0.66782	0.02754	0.05466	0.01616	0.03659	0.01212	0.00813	0.00641	0.00198	0.00670	0.00604	0.02569	0.01040
54	0.02415	0.01584	0.19107	0.01285	0.01853	0.01059	0.01240	0.02730	0.01665	0.57027	0.02140	0.01980	0.01396	0.00763	0.00636	0.00204	0.00633	0.00595	0.00654	0.01034
55	0.00833	0.00596	0.00769	0.00902	0.00946	0.00548	0.00601	0.00911	0.01210	0.01624	0.03375	0.77441	0.04021	0.01927	0.00804	0.00260	0.00383	0.01722	0.00587	0.00539
56	0.01413	0.01382	0.02112	0.01669	0.01933	0.01567	0.16164	0.01628	0.01165	0.01759	0.01043	0.01492	0.00929	0.00850	0.01366	0.00225	0.42246	0.00554	0.00327	0.20177
57	0.02084	0.02558	0.01732	0.01550	0.01810	0.61042	0.01189	0.04335	0.01600	0.01537	0.00920	0.01136	0.00785	0.00699	0.00797	0.00175	0.14622	0.00417	0.00310	0.00700
58	0.00733	0.00524	0.00698	0.00838	0.00873	0.00489	0.00558	0.00838	0.01152	0.01536	0.03316	0.78466	0.03979	0.01885	0.00768	0.00244	0.00349	0.01710	0.00558	0.00489
59	0.02260	0.00927	0.01256	0.00996	0.01384	0.00809	0.00809	0.02505	0.01717	0.58165	0.19565	0.02628	0.02483	0.00860	0.00630	0.00187	0.00458	0.00720	0.00725	0.00915
60	0.02061	0.01646	0.04350	0.08522	0.02080	0.01798	0.01244	0.57998	0.02464	0.03321	0.01342	0.01443	0.00974	0.00733	0.00715	0.00190	0.07097	0.00536	0.00530	0.00955
61	0.01045	0.00522	0.00784	0.00784	0.00784	0.00522	0.00522	0.00784	0.00784	0.01045	0.01045	0.01829	0.01045	0.02090	0.02351	0.82497	0.00522	0.00522	0.00261	0.00261
62	0.02077	0.23159	0.02089	0.01411	0.01776	0.56760	0.01127	0.02242	0.01577	0.01457	0.00905	0.01053	0.00774	0.00592	0.00501	0.00148	0.00968	0.00370	0.00296	0.00717
63	0.01567	0.01099	0.01308	0.00953	0.01472	0.00881	0.00769	0.06109	0.01427	0.15072	0.01322	0.01401	0.01005	0.00515	0.00483	0.00112	0.00470	0.00412	0.00440	0.63184
64	0.21486	0.01544	0.01576	0.01235	0.01690	0.01717	0.01020	0.54293	0.02370	0.05446	0.01325	0.01350	0.00947	0.00684	0.00547	0.00182	0.00611	0.00492	0.00551	0.00935
65	0.02087	0.16429	0.02008	0.01587	0.06248	0.58651	0.01180	0.02261	0.01598	0.01492	0.00925	0.01088	0.00785	0.00596	0.00518	0.00152	0.00983	0.00385	0.00300	0.00726
66	0.01247	0.01069	0.01247	0.00891	0.01426	0.00802	0.00713	0.01515	0.01247	0.01960	0.01069	0.01247	0.00891	0.00446	0.00446	0.00089	0.00446	0.00356	0.00356	0.82536
67	0.01218	0.05269	0.73684	0.01695	0.02574	0.01425	0.02189	0.01902	0.01269	0.01891	0.01073	0.01261	0.00762	0.00570	0.00566	0.00189	0.00882	0.00441	0.00254	0.00886
68	0.01170	0.00607	0.00613	0.00595	0.00749	0.00615	0.00451	0.04386	0.01327	0.02307	0.01941	0.02210	0.01520	0.00702	0.00428	0.00142	0.00296	0.00560	0.78802	0.00580
69	0.00733	0.00524	0.00698	0.00838	0.00873	0.00489	0.00558	0.00838	0.01152	0.01536	0.03316	0.78466	0.03979	0.01885	0.00768	0.00244	0.00349	0.01710	0.00558	0.00489
70	0.00733	0.00524	0.00698	0.00838	0.00873	0.00489	0.00558	0.00838	0.01152	0.01536	0.03316	0.78466	0.03979	0.01885	0.00768	0.00244	0.00349	0.01710	0.00558	0.00489
71	0.00861	0.00723	0.01210	0.01146	0.01285	0.00677	0.13359	0.01042	0.01206	0.01613	0.02941	0.62755	0.03422	0.01635	0.00759	0.00238	0.00473	0.03595	0.00513	0.00548
72	0.00823	0.00593	0.00779	0.00776	0.00893	0.00549	0.00565	0.01065	0.01572	0.02204	0.57820	0.22055	0.05273	0.01385	0.00723	0.00202	0.00299	0.01236	0.00638	0.00549
73	0.00851	0.00615	0.00804	0.00757	0.00899	0.00568	0.00568	0.01135	0.01703	0.02412	0.74788	0.04494	0.05676	0.01230	0.00710	0.00189	0.00284	0.01088	0.00662	0.00568
74	0.01489	0.01429	0.02442	0.03692	0.75106	0.01429	0.01846	0.01846	0.01370	0.01965	0.01132	0.01489	0.00953	0.00536	0.00596	0.00179	0.00715	0.00536	0.00298	0.00953
75	0.01216	0.04901	0.74034	0.01698	0.02579	0.01420	0.02195	0.01903	0.01269	0.01894	0.01074	0.01263	0.00762	0.00570	0.00567	0.00189	0.00883	0.00442	0.00254	0.00886
76	0.00747	0.00534	0.00714	0.00854	0.00895	0.00501	0.00583	0.00862	0.01166	0.01552	0.03308	0.74116	0.03947	0.01871	0.00772	0.00246	0.00361	0.05918	0.00558	0.00493
77	0.00820	0.00605	0.00767	0.00746	0.00885	0.00551	0.00552	0.01068	0.01601	0.02216	0.58190	0.12377	0.14713	0.01337	0.00716	0.00197	0.00293	0.01177	0.00638	0.00551
78	0.01420	0.01623	0.03550	0.02535	0.03144	0.01521	0.72921	0.01927	0.01420	0.01927	0.01217	0.01623	0.00913	0.00507	0.00710	0.00203	0.01014	0.00710	0.00304	0.00811
79	0.01420	0.01623	0.03550	0.02535	0.03144	0.01521	0.72921	0.01927	0.01420	0.01927	0.01217	0.01623	0.00913	0.00507	0.00710	0.00203	0.01014	0.00710	0.00304	0.00811
80	0.00859	0.00645	0.00967	0.00967	0.01074	0.00752	0.00752	0.01074	0.00967	0.01396	0.01611	0.02363	0.01504	0.04512	0.76474	0.00967	0.01611	0.00645	0.00322	0.00537
81	0.01316	0.01316	0.01843	0.01579	0.01579	0.01843	0.01316	0.01448	0.00921	0.01448	0.00790	0.01316	0.00790	0.01053	0.01974	0.00263	0.77757	0.00526	0.00263	0.00658
82	0.01360	0.01514	0.03184	0.02324	0.02834	0.01475	0.61063	0.01803	0.01355	0.01854	0.01332	0.07226	0.01126	0.00658	0.00830	0.00211	0.07991	0.00766	0.00319	0.00774
83	0.00870	0.00601	0.00747	0.00747	0.00779	0.00633	0.00478	0.00933	0.00902	0.01234	0.01812	0.03474	0.01986	0.57013	0.24632	0.00696	0.00885	0.00807	0.00352	0.00415
84	0.01420	0.01623	0.03550	0.02535	0.03144	0.01521	0.72921	0.01927	0.01420	0.01927	0.01217	0.01623	0.00913	0.00507	0.00710	0.00203	0.01014	0.00710	0.00304	0.00811
85	0.01121	0.00561	0.00561	0.00561	0.00701	0.00561	0.00421	0.01402	0.01262	0.02243	0.01962	0.02243	0.01542	0.00701	0.00421	0.00140	0.00280	0.00561	0.82198	0.00561
86	0.07935	0.01587	0.02034	0.01544	0.02024	0.01703	0.15139	0.50965	0.02352	0.03253	0.01433	0.04648	0.01097	0.00716	0.00613	0.00188	0.00704	0.00607	0.00525	0.00932
87	0.01136	0.01069	0.01804	0.77412	0.04143	0.01337	0.01671	0.01537	0.01203	0.01537	0.01069	0.01604	0.00802	0.00601	0.00601	0.00200	0.00802	0.00535	0.00267	0.00668
88	0.00733	0.00524	0.00698	0.00838	0.00873	0.00489	0.00558	0.00838	0.01152	0.01536	0.03316	0.78466	0.03979	0.01885	0.00768	0.00244	0.00349	0.01710	0.00558	0.00489
89	0.01180	0.01096	0.01805	0.73016	0.04005	0.01367	0.01644	0.03995	0.01252	0.01612	0.01076	0.01592	0.00809	0.00616	0.00634	0.00201	0.02607	0.00535	0.00279	0.00680
90	0.01251	0.11533	0.67710	0.01639	0.02486	0.01506	0.02091	0.01894	0.01265	0.01851	0.01053	0.01236	0.00763	0.00565	0.00551	0.00184	0.00862	0.00431	0.00254	0.00876
91	0.02287	0.01685	0.01805	0.01384	0.01866	0.01866	0.01143	0.73100	0.02828	0.03791	0.01444	0.01444	0.01023	0.00722	0.00602	0.00181	0.00662	0.00542	0.00602	0.01023
92	0.02287	0.01685	0.01805	0.01384	0.01866	0.01866	0.01143	0.73100	0.02828	0.03791	0.01444	0.01444	0.01023	0.00722	0.00602	0.00181	0.00662	0.00542	0.00602	0.01023
93	0.01136	0.01069	0.01804	0.77412	0.04143	0.01337	0.01671	0.01537	0.01203	0.01537	0.01069	0.01604	0.00802	0.00601	0.00601	0.00200	0.00802	0.00535	0.00267	0.00668
94	0.00733	0.00524	0.00698	0.00838	0.00873	0.00489	0.00558	0.00838	0.01152	0.01536	0.03316	0.78466	0.03979	0.01885	0.00768	0.00244	0.00349	0.01710	0.00558	0.00489
95	0.00913	0.00652	0.00905	0.01044	0.01158	0.00644	0.00872	0.01149	0.01330	0.01737	0.03216	0.23803	0.03585	0.01715	0.00816	0.00269	0.00505	0.54593	0.00555	0.00538
96	0.00875	0.00583	0.00656	0.00656	0.00656	0.00583	0.00365	0.00875	0.00875	0.01166	0.01895	0.03937	0.02187	0.78858	0.03062	0.00583	0.00583	0.00875	0.00365	0.00365
97	0.01207	0.03112	0.75741	0.01715	0.02604	0.01397	0.02223	0.01905	0.01270	0.01905	0.01080	0.01270	0.00762	0.00572	0.00572	0.00191	0.00889	0.00445	0.00254	0.00889
98	0.00859	0.00645	0.00967	0.00967	0.01074	0.00752	0.00752	0.01074	0.00967	0.01396	0.01611	0.02363	0.01504	0.04512	0.76474	0.00967	0.01611	0.00645	0.00322	0.00537
99	0.01465	0.20045	0.03455	0.02178	0.02764	0.01725	0.55853	0.01897	0.01373	0.01806	0.01127	0.01467	0.00879	0.00509	0.00633	0.00185	0.00926	0.00618	0.00293	0.00802
100	0.01684	0.01386	0.01466	0.01262	0.01636	0.01584	0.00998	0.19792	0.57118	0.02819	0.02210	0.02054	0.01643	0.00794	0.00610	0.00198	0.00520	0.00647	0.00610	0.00969
101	0.00733	0.00524	0.00698	0.00838	0.00873	0.00489	0.00558	0.00838	0.01152	0.01536	0.03316	0.78466	0.03979	0.01885	0.00768	0.00244	0.00349	0.01710	0.00558	0.00489
102	0.00757	0.00561	0.00796	0.00896	0.00951	0.00524	0.03046	0.00875	0.01161	0.01549	0.03244	0.75824	0.03873	0.01837	0.00766	0.00243	0.00372	0.01676	0.00550	0.00500
103	0.01224	0.06427	0.72579	0.01685	0.02558	0.01440	0.02171	0.01901	0.01268	0.01884	0.01069	0.01257	0.00762	0.00569	0.00563	0.00188	0.00878	0.00439	0.00254	0.00884
104	0.01282	0.17378	0.62135	0.01586	0.02405	0.01581	0.01999	0.01886	0.01261	0.01813	0.01034	0.01213	0.00764	0.00561	0.00537	0.00179	0.00843	0.00421	0.00255	0.00867
105	0.01247	0.01069	0.01247	0.00891	0.01426	0.00802	0.00713	0.01515	0.01247	0.01960	0.01069	0.01247	0.00891	0.00446	0.00446	0.00089	0.00446	0.00356	0.00356	0.82536
106	0.01620	0.01810	0.03121	0.02286	0.02840	0.12478	0.55883	0.08515	0.01590	0.02031	0.01196	0.01528	0.00903	0.00543	0.00676	0.00194	0.00992	0.00647	0.00332	0.00814
107	0.00859	0.00645	0.00967	0.00967	0.01074	0.00752	0.00752	0.01074	0.00967	0.01396	0.01611	0.02363	0.01504	0.04512	0.76474	0.00967	0.01611	0.00645	0.00322	0.00537
108	0.83108	0.01163	0.00884	0.00791	0.01163	0.01350	0.00651	0.01768	0.01024	0.02699	0.00838	0.00977	0.00651	0.00558	0.00372	0.00186	0.00465	0.00326	0.00372	0.00651
109	0.01190	0.02627	0.58188	0.19686	0.02969	0.01383	0.02092	0.01818	0.01254	0.01818	0.01077	0.01349	0.00772	0.00579	0.00579	0.00193	0.00868	0.00466	0.00257	0.00837

[dist]
# distance from previous block
# <min> <max>
0	262

# created by:
# /software/SequenceAnalysis/GenePrediction/augustus/3.0.1/scripts/msa2prfl.pl ./fixed/BUSCOvEOG74QVDT.fas
