[name]
unknown

[dist]
# distance from previous block
# <min> <max>
0	103

[block]
# block no. 0 follows, 41 sequences, length 10
# corresponding to MSA columns:
# 128-137
name=unknown_A
#
# <colnr> <probs for GDERKNQSTAVLIFYWHMCP>
#	G	D	E	R	K	N	Q	S	T	A	V	L	I	F	Y	W	H	M	C	P
0	0.01331	0.01272	0.02168	0.22474	0.58030	0.01337	0.01713	0.01681	0.01262	0.01766	0.01061	0.01443	0.00870	0.00525	0.00568	0.00175	0.00700	0.00509	0.00276	0.00838
1	0.02234	0.01044	0.01435	0.01140	0.01471	0.01071	0.00945	0.02431	0.01445	0.57678	0.01876	0.01771	0.01248	0.00782	0.00904	0.00196	0.20297	0.00556	0.00592	0.00886
2	0.01033	0.02337	0.57654	0.01419	0.02060	0.01110	0.01713	0.01555	0.01179	0.01723	0.01564	0.21006	0.01498	0.00859	0.00591	0.00194	0.00716	0.00727	0.00315	0.00749
3	0.00800	0.00584	0.00751	0.00709	0.00849	0.00536	0.00532	0.01060	0.01596	0.02239	0.70886	0.04363	0.10573	0.01190	0.00675	0.00181	0.00271	0.01047	0.00622	0.00536
4	0.01017	0.00900	0.01440	0.58831	0.03101	0.01090	0.01275	0.01302	0.01065	0.01372	0.01215	0.02086	0.01095	0.20625	0.01163	0.00283	0.00710	0.00590	0.00278	0.00562
5	0.00832	0.00555	0.00624	0.00624	0.00624	0.00555	0.00347	0.00832	0.00832	0.01109	0.01802	0.03743	0.02080	0.79898	0.02911	0.00555	0.00555	0.00832	0.00347	0.00347
6	0.01251	0.01251	0.01752	0.01502	0.01502	0.01752	0.01251	0.01377	0.00876	0.01377	0.00751	0.01251	0.00751	0.01001	0.01877	0.00250	0.78851	0.00501	0.00250	0.00626
7	0.00752	0.00532	0.00670	0.00729	0.00780	0.00503	0.00482	0.00862	0.01140	0.01539	0.17322	0.42649	0.06446	0.21401	0.01268	0.00302	0.00374	0.01292	0.00504	0.00450
8	0.01820	0.00936	0.01379	0.01087	0.01451	0.00844	0.09708	0.02045	0.01469	0.42881	0.02994	0.05703	0.20293	0.00920	0.00668	0.00188	0.03451	0.00784	0.00588	0.00792
9	0.01563	0.01298	0.01372	0.01192	0.01541	0.01488	0.00939	0.16373	0.61735	0.02619	0.02150	0.01992	0.01602	0.00759	0.00580	0.00190	0.00486	0.00622	0.00580	0.00918

[dist]
# distance from previous block
# <min> <max>
14	21

[block]
# block no. 1 follows, 41 sequences, length 64
# corresponding to MSA columns:
# 161-224
name=unknown_B
#
# <colnr> <probs for GDERKNQSTAVLIFYWHMCP>
#	G	D	E	R	K	N	Q	S	T	A	V	L	I	F	Y	W	H	M	C	P
0	0.01236	0.01182	0.04698	0.04020	0.22473	0.01166	0.07570	0.01923	0.21637	0.01937	0.02000	0.06829	0.01844	0.00907	0.00642	0.00205	0.00596	0.17930	0.00435	0.00770
1	0.01372	0.01386	0.01734	0.01460	0.01578	0.10833	0.07313	0.04981	0.01112	0.01557	0.00959	0.01429	0.00881	0.03871	0.03834	0.00254	0.49188	0.00517	0.05102	0.00640
2	0.01374	0.01340	0.02354	0.11365	0.61914	0.01358	0.08399	0.01731	0.01290	0.01822	0.01077	0.01439	0.00887	0.00514	0.00577	0.00174	0.00714	0.00525	0.00281	0.00865
3	0.02111	0.02561	0.01616	0.01446	0.01757	0.67501	0.01095	0.08944	0.04750	0.01643	0.00988	0.01108	0.00800	0.00606	0.00524	0.00152	0.00971	0.00393	0.00332	0.00702
4	0.01286	0.01226	0.02087	0.32582	0.48275	0.01325	0.01691	0.01641	0.01241	0.01711	0.01053	0.01458	0.00850	0.00534	0.00568	0.00178	0.00712	0.00509	0.00272	0.00801
5	0.00676	0.00579	0.00579	0.00579	0.00773	0.00483	0.00435	0.00821	0.01304	0.01545	0.05794	0.05505	0.76098	0.01449	0.00676	0.00193	0.00290	0.01207	0.00531	0.00483
6	0.02077	0.02557	0.01596	0.01441	0.01744	0.68296	0.01087	0.04997	0.07967	0.01566	0.01026	0.01138	0.00832	0.00609	0.00523	0.00152	0.00967	0.00398	0.00329	0.00695
7	0.01253	0.01193	0.02028	0.39799	0.41310	0.01316	0.01675	0.01613	0.01226	0.01672	0.01047	0.01469	0.00837	0.00540	0.00569	0.00180	0.00720	0.00509	0.00269	0.00775
8	0.02036	0.01099	0.02584	0.01057	0.01423	0.01057	0.00859	0.24135	0.01824	0.36992	0.02067	0.13089	0.01643	0.04376	0.00695	0.00199	0.00511	0.00717	0.02778	0.00858
9	0.83938	0.01106	0.00841	0.00752	0.01106	0.01283	0.00619	0.01681	0.00973	0.02566	0.00796	0.00929	0.00619	0.00531	0.00354	0.00177	0.00442	0.00310	0.00354	0.00619
10	0.01147	0.02959	0.76934	0.01630	0.02476	0.01328	0.02113	0.01811	0.01208	0.01811	0.01026	0.01208	0.00725	0.00543	0.00543	0.00181	0.00845	0.00423	0.00242	0.00845
11	0.00697	0.00498	0.00664	0.00796	0.00830	0.00465	0.00531	0.00796	0.01095	0.01460	0.03153	0.79525	0.03783	0.01792	0.00730	0.00232	0.00332	0.01626	0.00531	0.00465
12	0.00701	0.00564	0.00607	0.00628	0.00773	0.00489	0.00448	0.00831	0.01241	0.01529	0.08597	0.17844	0.53380	0.08701	0.00891	0.00232	0.00320	0.01235	0.00519	0.00470
13	0.00753	0.00546	0.00710	0.00746	0.00839	0.00503	0.00530	0.00940	0.01371	0.01885	0.40030	0.37525	0.08572	0.01459	0.00699	0.00204	0.00298	0.01305	0.00581	0.00503
14	0.01423	0.01302	0.01350	0.10397	0.01773	0.07916	0.00986	0.04107	0.54360	0.02215	0.06320	0.02076	0.01739	0.00757	0.00580	0.00188	0.00532	0.00626	0.00521	0.00832
15	0.02174	0.01602	0.01717	0.01316	0.01774	0.01774	0.01087	0.74423	0.02689	0.03605	0.01373	0.01373	0.00973	0.00687	0.00572	0.00172	0.00629	0.00515	0.00572	0.00973
16	0.01161	0.05796	0.74220	0.01606	0.02439	0.01363	0.02072	0.01808	0.01206	0.01794	0.01018	0.01197	0.00725	0.00541	0.00537	0.00179	0.00837	0.00418	0.00242	0.00841
17	0.01313	0.01041	0.04617	0.01001	0.01286	0.00997	0.05033	0.23889	0.01706	0.02416	0.10135	0.12742	0.08835	0.00994	0.01864	0.00188	0.00479	0.00794	0.19987	0.00684
18	0.02174	0.01602	0.01717	0.01316	0.01774	0.01774	0.01087	0.74423	0.02689	0.03605	0.01373	0.01373	0.00973	0.00687	0.00572	0.00172	0.00629	0.00515	0.00572	0.00973
19	0.01080	0.01017	0.01716	0.78523	0.03940	0.01271	0.01589	0.01461	0.01144	0.01461	0.01017	0.01525	0.00762	0.00572	0.00572	0.00191	0.00762	0.00508	0.00254	0.00635
20	0.01172	0.00872	0.01128	0.01023	0.01218	0.00992	0.00812	0.20225	0.01382	0.01924	0.01491	0.02018	0.01310	0.03347	0.57471	0.00724	0.01296	0.00587	0.00376	0.00632
21	0.01350	0.01543	0.03375	0.02411	0.02989	0.01446	0.74253	0.01832	0.01350	0.01832	0.01157	0.01543	0.00868	0.00482	0.00675	0.00193	0.00964	0.00675	0.00289	0.00771
22	0.00938	0.00755	0.01167	0.11805	0.01486	0.00777	0.09647	0.01102	0.01039	0.01372	0.01905	0.07887	0.02056	0.40981	0.01816	0.00390	0.00616	0.13415	0.00369	0.00477
23	0.01084	0.01130	0.06096	0.74046	0.03854	0.01274	0.01619	0.01482	0.01147	0.01482	0.01017	0.01506	0.00760	0.00570	0.00570	0.00190	0.00767	0.00503	0.00253	0.00648
24	0.02137	0.02726	0.01621	0.01474	0.01768	0.77602	0.01105	0.02284	0.01621	0.01400	0.00884	0.01031	0.00737	0.00589	0.00516	0.00147	0.01031	0.00368	0.00295	0.00663
25	0.00697	0.00498	0.00664	0.00796	0.00830	0.00465	0.00531	0.00796	0.01095	0.01460	0.03153	0.79525	0.03783	0.01792	0.00730	0.00232	0.00332	0.01626	0.00531	0.00465
26	0.02286	0.01158	0.05136	0.01193	0.01654	0.00987	0.07657	0.08768	0.01662	0.57271	0.02052	0.04589	0.01379	0.00716	0.00588	0.00180	0.00555	0.00609	0.00629	0.00931
27	0.01527	0.55875	0.15147	0.01074	0.01605	0.01886	0.01131	0.01793	0.01223	0.08789	0.01206	0.01277	0.04250	0.00564	0.00431	0.00141	0.00624	0.00393	0.00302	0.00765
28	0.01066	0.00533	0.00533	0.00533	0.00666	0.00533	0.00400	0.01333	0.01200	0.02132	0.01866	0.02132	0.01466	0.00666	0.00400	0.00133	0.00267	0.00533	0.83073	0.00533
29	0.00704	0.00517	0.00662	0.00760	0.00824	0.00474	0.00519	0.00826	0.01171	0.01548	0.10203	0.62683	0.13630	0.01689	0.00718	0.00222	0.00321	0.01516	0.00540	0.00474
30	0.01320	0.05461	0.12908	0.04196	0.02807	0.01479	0.56064	0.01793	0.01296	0.01776	0.01101	0.01455	0.00835	0.00516	0.00695	0.00190	0.04449	0.00612	0.00278	0.00769
31	0.01416	0.01359	0.02322	0.03511	0.76330	0.01359	0.01755	0.01755	0.01302	0.01869	0.01076	0.01416	0.00906	0.00510	0.00566	0.00170	0.00680	0.00510	0.00283	0.00906
32	0.00678	0.00572	0.00587	0.00599	0.00778	0.00481	0.00443	0.00819	0.01285	0.01537	0.05552	0.12306	0.69453	0.01480	0.00681	0.00197	0.00294	0.01246	0.00531	0.00481
33	0.01297	0.01136	0.01677	0.58310	0.03347	0.01370	0.01441	0.13991	0.08220	0.01911	0.01198	0.01555	0.00889	0.00610	0.00573	0.00188	0.00711	0.00522	0.00338	0.00717
34	0.06539	0.49181	0.02287	0.00972	0.01418	0.01746	0.00901	0.02003	0.04827	0.19609	0.04664	0.01377	0.01153	0.00589	0.00441	0.00145	0.00549	0.00420	0.00396	0.00784
35	0.00825	0.00617	0.00794	0.00888	0.01025	0.00585	0.00737	0.01035	0.01287	0.01635	0.03832	0.14813	0.24119	0.01568	0.00750	0.00240	0.00436	0.43779	0.00528	0.00507
36	0.00699	0.00577	0.00614	0.00613	0.00789	0.00492	0.00457	0.00863	0.01347	0.01666	0.17408	0.08646	0.61017	0.01417	0.00678	0.00193	0.00288	0.01197	0.00548	0.00492
37	0.02091	0.01094	0.01498	0.01179	0.01593	0.01058	0.07598	0.05568	0.18997	0.46086	0.05417	0.02034	0.01602	0.00723	0.00590	0.00182	0.00519	0.00619	0.00631	0.00920
38	0.01195	0.07289	0.64137	0.01724	0.05256	0.01393	0.07588	0.01805	0.01220	0.01788	0.01025	0.01224	0.00743	0.00534	0.00544	0.00178	0.00835	0.00439	0.00247	0.00835
39	0.02566	0.00973	0.01327	0.01018	0.01460	0.00841	0.00841	0.02788	0.01637	0.76726	0.02257	0.01947	0.01416	0.00708	0.00575	0.00177	0.00487	0.00575	0.00708	0.00973
40	0.02035	0.01656	0.08567	0.01314	0.01794	0.01647	0.01151	0.57137	0.09045	0.07588	0.01479	0.01460	0.01046	0.00683	0.00571	0.00175	0.00625	0.00522	0.00551	0.00955
41	0.01361	0.01837	0.20360	0.02231	0.07072	0.01387	0.49960	0.01865	0.01327	0.05160	0.01171	0.01475	0.00861	0.00508	0.00634	0.00188	0.00899	0.00602	0.00296	0.00805
42	0.01331	0.01253	0.04756	0.04594	0.21552	0.01203	0.07885	0.02055	0.23285	0.04200	0.06980	0.01989	0.01549	0.00666	0.00576	0.00173	0.00573	0.02888	0.00423	0.12070
43	0.01417	0.01188	0.08170	0.00948	0.01476	0.00828	0.00837	0.01704	0.01265	0.14598	0.01229	0.01318	0.00933	0.00483	0.00460	0.00109	0.00473	0.00387	0.00393	0.61784
44	0.01420	0.01326	0.07248	0.14411	0.42594	0.01266	0.01544	0.01812	0.03994	0.08688	0.01271	0.01598	0.01005	0.00594	0.00617	0.00179	0.03872	0.01655	0.04072	0.00832
45	0.01189	0.02384	0.57522	0.01444	0.02128	0.01157	0.01762	0.01748	0.01290	0.06927	0.09479	0.02004	0.01484	0.00704	0.00579	0.00187	0.00733	0.06145	0.00338	0.00796
46	0.01140	0.00967	0.01136	0.00838	0.01302	0.00735	0.00663	0.01386	0.01201	0.01860	0.04575	0.05889	0.01226	0.00537	0.00453	0.00098	0.00411	0.00446	0.00363	0.74772
47	0.02007	0.01519	0.01622	0.01282	0.01710	0.01696	0.01047	0.58502	0.18883	0.03335	0.01586	0.01543	0.01145	0.00707	0.00574	0.00177	0.00590	0.00544	0.00574	0.00958
48	0.01477	0.04078	0.02083	0.05144	0.54498	0.01260	0.01493	0.01790	0.01305	0.08301	0.01158	0.01415	0.00931	0.00516	0.00540	0.00158	0.00627	0.00484	0.00325	0.12416
49	0.01147	0.02959	0.76934	0.01630	0.02476	0.01328	0.02113	0.01811	0.01208	0.01811	0.01026	0.01208	0.00725	0.00543	0.00543	0.00181	0.00845	0.00423	0.00242	0.00845
50	0.01515	0.69928	0.02775	0.01003	0.01471	0.02154	0.00969	0.01886	0.10839	0.01482	0.00995	0.01076	0.00866	0.00527	0.00395	0.00132	0.00591	0.00350	0.00289	0.00756
51	0.01767	0.00964	0.01368	0.01152	0.04420	0.02122	0.07525	0.05224	0.01610	0.36636	0.21202	0.02758	0.08969	0.00860	0.00617	0.00180	0.00481	0.00749	0.00604	0.00793
52	0.01450	0.01569	0.22759	0.03013	0.10940	0.01065	0.11511	0.01856	0.01413	0.18723	0.16152	0.03621	0.01905	0.00717	0.00602	0.00181	0.00636	0.00649	0.00440	0.00800
53	0.00774	0.00603	0.00918	0.00940	0.01034	0.00565	0.06894	0.00929	0.01176	0.01582	0.09815	0.62501	0.03662	0.01611	0.00723	0.00225	0.00389	0.04640	0.00519	0.00501
54	0.01150	0.01099	0.01976	0.28504	0.03980	0.01240	0.20681	0.01425	0.01118	0.01510	0.01198	0.05300	0.01069	0.00883	0.01019	0.10029	0.13112	0.03802	0.00288	0.00617
55	0.01357	0.01032	0.01657	0.44720	0.16369	0.01143	0.01388	0.01682	0.01271	0.14319	0.01669	0.01936	0.07699	0.00663	0.00581	0.00185	0.00658	0.00583	0.00361	0.00728
56	0.01388	0.00887	0.00941	0.02190	0.01137	0.07688	0.00659	0.01558	0.01407	0.23857	0.07092	0.17170	0.29376	0.01183	0.00639	0.00190	0.00431	0.00997	0.00562	0.00647
57	0.01080	0.01017	0.01716	0.78523	0.03940	0.01271	0.01589	0.01461	0.01144	0.01461	0.01017	0.01525	0.00762	0.00572	0.00572	0.00191	0.00762	0.00508	0.00254	0.00635
58	0.00730	0.00575	0.00661	0.00677	0.00821	0.00512	0.00493	0.00926	0.02763	0.01739	0.23608	0.21844	0.39724	0.01440	0.00686	0.00199	0.00297	0.01246	0.00558	0.00502
59	0.01251	0.02861	0.66451	0.01706	0.05938	0.08338	0.02004	0.01852	0.01250	0.01776	0.01016	0.01201	0.00734	0.00546	0.00542	0.00178	0.00855	0.00422	0.00248	0.00831
60	0.01752	0.01937	0.01944	0.02434	0.37999	0.33984	0.01405	0.06211	0.01528	0.01781	0.03066	0.01327	0.00961	0.00572	0.00548	0.00161	0.00816	0.00464	0.00314	0.00796
61	0.04881	0.00808	0.01133	0.16144	0.01761	0.00861	0.01038	0.04075	0.01343	0.07603	0.02415	0.04705	0.02447	0.01236	0.00703	0.00235	0.00570	0.46958	0.00482	0.00603
62	0.02137	0.02726	0.01621	0.01474	0.01768	0.77602	0.01105	0.02284	0.01621	0.01400	0.00884	0.01031	0.00737	0.00589	0.00516	0.00147	0.01031	0.00368	0.00295	0.00663
63	0.01084	0.01005	0.01687	0.57210	0.12527	0.01183	0.02750	0.01431	0.01170	0.01530	0.01314	0.08902	0.01174	0.00720	0.00597	0.00195	0.00705	0.03869	0.00296	0.00651

[dist]
# distance from previous block
# <min> <max>
0	21

# created by:
# /software/SequenceAnalysis/GenePrediction/augustus/3.0.1/scripts/msa2prfl.pl ./fixed/BUSCOvEOG7RNCQK.fas
