[name]
unknown

[dist]
# distance from previous block
# <min> <max>
0	840

[block]
# block no. 0 follows, 38 sequences, length 67
# corresponding to MSA columns:
# 1142-1208
name=unknown_A
#
# <colnr> <probs for GDERKNQSTAVLIFYWHMCP>
#	G	D	E	R	K	N	Q	S	T	A	V	L	I	F	Y	W	H	M	C	P
0	0.01026	0.00757	0.01046	0.01039	0.01148	0.00827	0.00777	0.01170	0.01060	0.01523	0.01785	0.02722	0.01711	0.12527	0.66724	0.00934	0.01526	0.00716	0.00381	0.00602
1	0.01036	0.00702	0.00777	0.00774	0.00791	0.00678	0.00446	0.00996	0.00988	0.01333	0.02069	0.06052	0.02350	0.74965	0.03005	0.00593	0.00628	0.00938	0.00422	0.00456
2	0.01571	0.11660	0.07646	0.07562	0.11134	0.01674	0.44918	0.01970	0.01457	0.01976	0.01293	0.01709	0.01031	0.00628	0.00703	0.00218	0.00952	0.00658	0.00346	0.00894
3	0.01456	0.01422	0.02228	0.15096	0.02430	0.01726	0.15391	0.01715	0.03558	0.01741	0.01155	0.01691	0.01014	0.01016	0.02840	0.00278	0.43506	0.00620	0.00340	0.00778
4	0.00900	0.00649	0.00813	0.00936	0.00994	0.00589	0.00625	0.00962	0.01260	0.01688	0.03543	0.73421	0.07288	0.01940	0.00827	0.00270	0.00404	0.01710	0.00606	0.00575
5	0.04554	0.00949	0.01009	0.00887	0.01146	0.00945	0.00683	0.13677	0.01669	0.12008	0.02023	0.02233	0.01550	0.00806	0.00543	0.00184	0.00439	0.00604	0.53306	0.00783
6	0.06843	0.40484	0.08440	0.01344	0.01821	0.24096	0.01207	0.05341	0.01527	0.01808	0.01074	0.01272	0.00928	0.00669	0.00527	0.00177	0.00833	0.00416	0.00351	0.00842
7	0.01754	0.77364	0.03210	0.01133	0.01651	0.02433	0.01089	0.01900	0.01319	0.01566	0.00999	0.01189	0.00924	0.00621	0.00457	0.00159	0.00693	0.00376	0.00313	0.00850
8	0.00901	0.00645	0.00817	0.00946	0.00996	0.00588	0.00630	0.00961	0.01250	0.01684	0.03416	0.76742	0.04050	0.01956	0.00829	0.00271	0.00406	0.01730	0.00606	0.00574
9	0.01418	0.06615	0.61107	0.01871	0.07411	0.01530	0.02093	0.02070	0.05746	0.02061	0.01310	0.01545	0.00992	0.00686	0.00633	0.00216	0.00884	0.00510	0.00334	0.00967
10	0.01577	0.00945	0.01159	0.01027	0.01292	0.00895	0.00786	0.02026	0.13384	0.20554	0.42300	0.03709	0.04015	0.01140	0.00733	0.00221	0.00435	0.02259	0.00718	0.00825
11	0.01035	0.00721	0.00866	0.00859	0.00906	0.00729	0.00552	0.01054	0.01007	0.01390	0.01950	0.03633	0.02106	0.55590	0.24202	0.00712	0.00931	0.00849	0.00405	0.00502
12	0.02749	0.01185	0.01523	0.01199	0.01665	0.01058	0.00967	0.07500	0.04415	0.66659	0.02440	0.02213	0.01605	0.00846	0.00671	0.00215	0.00573	0.00651	0.00774	0.01093
13	0.02322	0.01336	0.01608	0.01313	0.01714	0.06195	0.04287	0.11500	0.05287	0.40259	0.08072	0.02553	0.01940	0.00931	0.00738	0.00222	0.03148	0.04912	0.00681	0.00984
14	0.01470	0.01418	0.01933	0.01670	0.01685	0.01908	0.01369	0.01556	0.01026	0.01598	0.00953	0.01532	0.00941	0.01146	0.02005	0.00290	0.75868	0.00576	0.00319	0.00739
15	0.02818	0.01133	0.01498	0.01173	0.01643	0.00974	0.00948	0.03002	0.01806	0.73810	0.02497	0.02245	0.01623	0.00845	0.00671	0.00215	0.00565	0.00652	0.00788	0.01095
16	0.61481	0.01420	0.01332	0.01475	0.14785	0.05959	0.00969	0.01920	0.01230	0.02610	0.01059	0.01301	0.00868	0.00663	0.00495	0.00211	0.00602	0.00422	0.00408	0.00790
17	0.01294	0.01177	0.01896	0.75596	0.04185	0.01415	0.01714	0.01643	0.01300	0.01685	0.01226	0.01812	0.00953	0.00705	0.00667	0.00229	0.00848	0.00584	0.00323	0.00749
18	0.01628	0.01519	0.02500	0.05725	0.71442	0.01503	0.01881	0.01936	0.01458	0.02091	0.01285	0.01703	0.01096	0.00643	0.00662	0.00208	0.00765	0.00585	0.00351	0.01019
19	0.01616	0.01370	0.01435	0.01301	0.01643	0.01534	0.00996	0.03175	0.69608	0.02607	0.02705	0.02567	0.04652	0.00941	0.00681	0.00232	0.00524	0.00747	0.00657	0.01009
20	0.01106	0.00760	0.00913	0.00853	0.01044	0.00672	0.00633	0.01305	0.01709	0.07229	0.51618	0.04780	0.22183	0.01357	0.00766	0.00221	0.00363	0.01135	0.00688	0.00667
21	0.01479	0.02004	0.26404	0.17585	0.25594	0.02857	0.01852	0.03303	0.05793	0.02041	0.01410	0.04200	0.01156	0.00732	0.00660	0.00219	0.00817	0.00599	0.00365	0.00929
22	0.01360	0.01051	0.01274	0.01126	0.05384	0.00859	0.00813	0.01574	0.01426	0.04718	0.11001	0.07662	0.02049	0.00841	0.00601	0.00164	0.00485	0.03860	0.05405	0.48349
23	0.01714	0.05156	0.50966	0.01702	0.04252	0.01489	0.01895	0.10289	0.01608	0.12465	0.01451	0.01610	0.01050	0.00715	0.00641	0.00215	0.00842	0.00528	0.00419	0.00996
24	0.01754	0.77364	0.03210	0.01133	0.01651	0.02433	0.01089	0.01900	0.01319	0.01566	0.00999	0.01189	0.00924	0.00621	0.00457	0.00159	0.00693	0.00376	0.00313	0.00850
25	0.01048	0.00706	0.00883	0.00942	0.01048	0.00642	0.00661	0.01153	0.01386	0.05850	0.15010	0.47966	0.08333	0.05377	0.00920	0.00275	0.00427	0.06133	0.00624	0.00615
26	0.01345	0.03073	0.71208	0.01769	0.02620	0.01441	0.02191	0.01962	0.01361	0.02030	0.01318	0.04332	0.01032	0.00725	0.00645	0.00221	0.00913	0.00543	0.00321	0.00949
27	0.00901	0.00645	0.00817	0.00946	0.00996	0.00588	0.00630	0.00961	0.01250	0.01684	0.03416	0.76742	0.04050	0.01956	0.00829	0.00271	0.00406	0.01730	0.00606	0.00574
28	0.00733	0.00524	0.00698	0.00838	0.00873	0.00489	0.00558	0.00838	0.01152	0.01536	0.03316	0.78466	0.03979	0.01885	0.00768	0.00244	0.00349	0.01710	0.00558	0.00489
29	0.00929	0.00664	0.00923	0.01062	0.01182	0.00658	0.00899	0.01177	0.01345	0.01755	0.03207	0.19038	0.03550	0.01700	0.00820	0.00271	0.00519	0.59204	0.00555	0.00543
30	0.01165	0.01098	0.01856	0.71466	0.09867	0.01344	0.01685	0.01562	0.01216	0.01572	0.01074	0.01595	0.00814	0.00596	0.00601	0.00199	0.00795	0.00535	0.00270	0.00691
31	0.01136	0.01069	0.01804	0.77412	0.04143	0.01337	0.01671	0.01537	0.01203	0.01537	0.01069	0.01604	0.00802	0.00601	0.00601	0.00200	0.00802	0.00535	0.00267	0.00668
32	0.01420	0.01623	0.03550	0.02535	0.03144	0.01521	0.72921	0.01927	0.01420	0.01927	0.01217	0.01623	0.00913	0.00507	0.00710	0.00203	0.01014	0.00710	0.00304	0.00811
33	0.81076	0.01177	0.00907	0.00806	0.01181	0.01363	0.00664	0.03562	0.01069	0.02727	0.00853	0.00989	0.00661	0.00563	0.00378	0.00186	0.00470	0.00331	0.00378	0.00661
34	0.00765	0.00547	0.00732	0.00837	0.00879	0.00535	0.00566	0.00875	0.01098	0.01479	0.02932	0.60192	0.03449	0.10061	0.11660	0.00380	0.00551	0.01475	0.00506	0.00483
35	0.00839	0.00614	0.00787	0.00744	0.00891	0.00562	0.00558	0.01112	0.01674	0.02344	0.68838	0.04606	0.11669	0.01255	0.00710	0.00190	0.00286	0.01104	0.00653	0.00562
36	0.01652	0.01570	0.01435	0.01285	0.01625	0.14024	0.00995	0.05731	0.59229	0.02391	0.02157	0.02020	0.01628	0.00780	0.00600	0.00195	0.00585	0.00626	0.00561	0.00912
37	0.01550	0.68091	0.13767	0.01130	0.01699	0.02237	0.01204	0.01817	0.01229	0.01487	0.00872	0.01010	0.00771	0.00523	0.00413	0.00138	0.00679	0.00340	0.00257	0.00789
38	0.01545	0.04328	0.06584	0.04220	0.20732	0.01496	0.40044	0.05305	0.01473	0.06423	0.01253	0.01566	0.00948	0.00544	0.00650	0.00192	0.00869	0.00622	0.00338	0.00868
39	0.00915	0.00676	0.00871	0.00857	0.01013	0.00654	0.00674	0.01289	0.06457	0.02273	0.53392	0.04851	0.06700	0.01299	0.00728	0.00209	0.00353	0.15566	0.00634	0.00589
40	0.01918	0.01467	0.01607	0.01209	0.01710	0.01488	0.00991	0.47711	0.02268	0.03142	0.01311	0.01374	0.00976	0.00624	0.00546	0.00148	0.00585	0.00476	0.00515	0.29933
41	0.00773	0.00576	0.00817	0.00890	0.00960	0.00537	0.03226	0.00916	0.01232	0.01662	0.12369	0.66184	0.04083	0.01750	0.00758	0.00236	0.00365	0.01594	0.00562	0.00511
42	0.01485	0.01764	0.07711	0.03015	0.01741	0.18755	0.01322	0.01679	0.01137	0.01488	0.00907	0.01337	0.00833	0.01144	0.06617	0.00280	0.47334	0.00496	0.00277	0.00678
43	0.00851	0.00615	0.00804	0.00757	0.00899	0.00568	0.00568	0.01135	0.01703	0.02412	0.74788	0.04494	0.05676	0.01230	0.00710	0.00189	0.00284	0.01088	0.00662	0.00568
44	0.00733	0.00524	0.00698	0.00838	0.00873	0.00489	0.00558	0.00838	0.01152	0.01536	0.03316	0.78466	0.03979	0.01885	0.00768	0.00244	0.00349	0.01710	0.00558	0.00489
45	0.00808	0.00613	0.00744	0.00711	0.00872	0.00549	0.00533	0.01051	0.01600	0.02169	0.53563	0.04894	0.27053	0.01321	0.00710	0.00194	0.00290	0.01144	0.00630	0.00549
46	0.01207	0.03112	0.75741	0.01715	0.02604	0.01397	0.02223	0.01905	0.01270	0.01905	0.01080	0.01270	0.00762	0.00572	0.00572	0.00191	0.00889	0.00445	0.00254	0.00889
47	0.01221	0.01194	0.02134	0.57360	0.13067	0.01375	0.11813	0.01632	0.01255	0.01647	0.01098	0.01592	0.00837	0.00580	0.00616	0.00198	0.00821	0.00560	0.00276	0.00725
48	0.01179	0.01115	0.01580	0.01396	0.01428	0.01516	0.01147	0.01336	0.00935	0.01432	0.01036	0.01630	0.01004	0.02089	0.24281	0.00474	0.54957	0.00562	0.00281	0.00622
49	0.00749	0.00535	0.00716	0.00856	0.00897	0.00502	0.00586	0.00865	0.01167	0.01553	0.03307	0.73680	0.03944	0.01870	0.00772	0.00246	0.00363	0.06340	0.00558	0.00493
50	0.01238	0.01069	0.01292	0.07063	0.01645	0.00845	0.00790	0.01517	0.01244	0.01926	0.01069	0.01276	0.00884	0.00458	0.00458	0.00098	0.00474	0.00371	0.00349	0.75933
51	0.00782	0.00556	0.00743	0.00875	0.00927	0.00530	0.00620	0.00912	0.01178	0.01562	0.03216	0.61807	0.03791	0.06027	0.00904	0.00268	0.00398	0.13864	0.00547	0.00493
52	0.01261	0.13385	0.65943	0.01622	0.02461	0.01530	0.02062	0.01891	0.01264	0.01839	0.01047	0.01229	0.00763	0.00564	0.00546	0.00182	0.00856	0.00428	0.00254	0.00873
53	0.00905	0.00723	0.01175	0.01093	0.01241	0.00814	0.06573	0.01143	0.01003	0.01439	0.01580	0.02304	0.01456	0.04189	0.70363	0.00905	0.01563	0.00650	0.00321	0.00559
54	0.01136	0.01069	0.01804	0.77412	0.04143	0.01337	0.01671	0.01537	0.01203	0.01537	0.01069	0.01604	0.00802	0.00601	0.00601	0.00200	0.00802	0.00535	0.00267	0.00668
55	0.01357	0.01578	0.07843	0.18266	0.13902	0.01461	0.42887	0.01832	0.01357	0.01850	0.01164	0.01576	0.00885	0.00535	0.00661	0.00198	0.00918	0.00630	0.00292	0.00808
56	0.00809	0.00641	0.01000	0.01016	0.01113	0.00608	0.07830	0.00961	0.01168	0.01567	0.03003	0.66180	0.03522	0.01904	0.05315	0.00284	0.00492	0.01546	0.00519	0.00524
57	0.00733	0.00524	0.00698	0.00838	0.00873	0.00489	0.00558	0.00838	0.01152	0.01536	0.03316	0.78466	0.03979	0.01885	0.00768	0.00244	0.00349	0.01710	0.00558	0.00489
58	0.00712	0.00604	0.00615	0.00625	0.00817	0.00507	0.00464	0.00862	0.01357	0.01619	0.05909	0.10642	0.70129	0.01548	0.00715	0.00206	0.00308	0.01299	0.00559	0.00507
59	0.01247	0.01069	0.01247	0.00891	0.01426	0.00802	0.00713	0.01515	0.01247	0.01960	0.01069	0.01247	0.00891	0.00446	0.00446	0.00089	0.00446	0.00356	0.00356	0.82536
60	0.01015	0.00576	0.00595	0.00590	0.00743	0.00551	0.00442	0.01271	0.01327	0.02141	0.10146	0.03156	0.16120	0.00913	0.00506	0.00157	0.00285	0.00751	0.58163	0.00551
61	0.02699	0.01024	0.01396	0.01070	0.01536	0.00884	0.00884	0.02932	0.01722	0.75522	0.02373	0.02048	0.01489	0.00745	0.00605	0.00186	0.00512	0.00605	0.00745	0.01024
62	0.01250	0.00907	0.01036	0.00948	0.01124	0.00980	0.00691	0.10237	0.18008	0.04333	0.05356	0.03208	0.02103	0.33756	0.09270	0.00439	0.00654	0.04580	0.00482	0.00637
63	0.03898	0.01659	0.01787	0.03297	0.01909	0.01842	0.01147	0.69840	0.02751	0.03712	0.01422	0.01439	0.01010	0.00716	0.00597	0.00181	0.00662	0.00537	0.00589	0.01007
64	0.83108	0.01163	0.00884	0.00791	0.01163	0.01350	0.00651	0.01768	0.01024	0.02699	0.00838	0.00977	0.00651	0.00558	0.00372	0.00186	0.00465	0.00326	0.00372	0.00651
65	0.02247	0.02867	0.01705	0.01550	0.01860	0.76443	0.01162	0.02402	0.01705	0.01472	0.00930	0.01085	0.00775	0.00620	0.00542	0.00155	0.01085	0.00387	0.00310	0.00697
66	0.01843	0.01563	0.05903	0.04438	0.13638	0.01574	0.05582	0.38168	0.07683	0.04801	0.07364	0.01780	0.01432	0.00716	0.00615	0.00185	0.00660	0.00602	0.00514	0.00937

[dist]
# distance from previous block
# <min> <max>
0	7

# created by:
# /software/SequenceAnalysis/GenePrediction/augustus/3.0.1/scripts/msa2prfl.pl ./fixed/BUSCOvEOG73V19X.fas
