[name]
unknown

[dist]
# distance from previous block
# <min> <max>
3	104

[block]
# block no. 0 follows, 41 sequences, length 19
# corresponding to MSA columns:
# 114-132
name=unknown_A
#
# <colnr> <probs for GDERKNQSTAVLIFYWHMCP>
#	G	D	E	R	K	N	Q	S	T	A	V	L	I	F	Y	W	H	M	C	P
0	0.03608	0.57857	0.02411	0.00992	0.01386	0.01829	0.00954	0.01578	0.01196	0.01472	0.01363	0.02325	0.01381	0.00768	0.00474	0.00160	0.00585	0.18662	0.00319	0.00678
1	0.00701	0.00559	0.00628	0.00655	0.00799	0.00486	0.00474	0.00852	0.01296	0.01631	0.15249	0.24153	0.47512	0.01496	0.00690	0.00201	0.00298	0.01289	0.00545	0.00486
2	0.01001	0.00546	0.00592	0.00581	0.00714	0.00535	0.00435	0.01268	0.01306	0.02173	0.20728	0.02677	0.02466	0.00794	0.00470	0.00145	0.00267	0.00661	0.62105	0.00535
3	0.01685	0.01745	0.01372	0.01227	0.01523	0.30723	0.00940	0.12493	0.24132	0.02055	0.04180	0.07660	0.06161	0.00821	0.00575	0.00175	0.00676	0.00641	0.00464	0.00751
4	0.02566	0.00973	0.01327	0.01018	0.01460	0.00841	0.00841	0.02788	0.01637	0.76726	0.02257	0.01947	0.01416	0.00708	0.00575	0.00177	0.00487	0.00575	0.00708	0.00973
5	0.01589	0.01401	0.02133	0.07302	0.53171	0.01459	0.01576	0.20220	0.01646	0.02287	0.01148	0.01411	0.00915	0.00558	0.00568	0.00172	0.00672	0.00511	0.00355	0.00907
6	0.01332	0.01121	0.01259	0.00969	0.01425	0.01018	0.00771	0.08188	0.20165	0.02150	0.01381	0.01443	0.01087	0.00536	0.00477	0.00120	0.00449	0.00432	0.00421	0.55254
7	0.08350	0.01096	0.01767	0.55988	0.18920	0.01290	0.01539	0.01542	0.01162	0.01643	0.01010	0.01450	0.00780	0.00555	0.00552	0.00185	0.00717	0.00491	0.00269	0.00691
8	0.01421	0.51009	0.28175	0.01219	0.01823	0.04726	0.01371	0.01768	0.01195	0.01507	0.00877	0.01021	0.00731	0.00512	0.00433	0.00143	0.00707	0.00348	0.00245	0.00769
9	0.00726	0.00568	0.00654	0.00659	0.00804	0.00500	0.00481	0.00902	0.01365	0.01767	0.28271	0.16130	0.40419	0.03259	0.00736	0.00203	0.00296	0.01204	0.00559	0.00496
10	0.01302	0.01535	0.20484	0.01078	0.01666	0.00958	0.01071	0.05024	0.01288	0.06272	0.01108	0.01244	0.00855	0.00483	0.00470	0.00119	0.00544	0.00382	0.00346	0.53768
11	0.04250	0.00589	0.00713	0.00741	0.00871	0.00550	0.00554	0.00971	0.01325	0.01809	0.27063	0.22881	0.22422	0.01435	0.00736	0.02763	0.00332	0.08949	0.00546	0.00500
12	0.01602	0.02604	0.34824	0.01528	0.02048	0.31712	0.01555	0.05045	0.03836	0.01704	0.01003	0.01179	0.00776	0.00615	0.00651	0.00174	0.07675	0.00419	0.00288	0.00761
13	0.01273	0.21166	0.01647	0.00881	0.01384	0.01144	0.00754	0.01510	0.01180	0.01732	0.00960	0.01118	0.00818	0.00440	0.00409	0.00094	0.00471	0.00330	0.00315	0.62371
14	0.00966	0.00789	0.01202	0.28092	0.02124	0.00892	0.01127	0.01256	0.01220	0.01585	0.02286	0.06540	0.04502	0.01342	0.04328	0.00265	0.02637	0.37868	0.00414	0.00563
15	0.01348	0.00805	0.00834	0.00732	0.00948	0.00849	0.00575	0.19922	0.01578	0.02507	0.01741	0.01939	0.01341	0.00672	0.00444	0.00143	0.00359	0.00529	0.62091	0.00645
16	0.00700	0.00559	0.00626	0.00654	0.00798	0.00486	0.00474	0.00850	0.01294	0.01627	0.14782	0.24161	0.47982	0.01498	0.00690	0.00201	0.00298	0.01290	0.00545	0.00486
17	0.01262	0.00705	0.01023	0.00944	0.01133	0.00747	0.00747	0.01471	0.01102	0.20504	0.01716	0.02171	0.01426	0.03379	0.58033	0.00730	0.01266	0.00603	0.00409	0.00628
18	0.22177	0.01085	0.01637	0.52131	0.03136	0.01289	0.07655	0.01550	0.01118	0.01775	0.00973	0.01375	0.00735	0.00554	0.00525	0.00187	0.00699	0.00472	0.00283	0.00643

[dist]
# distance from previous block
# <min> <max>
23	32

[block]
# block no. 1 follows, 41 sequences, length 14
# corresponding to MSA columns:
# 173-186
name=unknown_B
#
# <colnr> <probs for GDERKNQSTAVLIFYWHMCP>
#	G	D	E	R	K	N	Q	S	T	A	V	L	I	F	Y	W	H	M	C	P
0	0.00697	0.00498	0.00664	0.00796	0.00830	0.00465	0.00531	0.00796	0.01095	0.01460	0.03153	0.79525	0.03783	0.01792	0.00730	0.00232	0.00332	0.01626	0.00531	0.00465
1	0.02011	0.01521	0.01625	0.01283	0.01712	0.01698	0.01048	0.58952	0.18426	0.03342	0.01580	0.01538	0.01140	0.00706	0.00574	0.00177	0.00591	0.00544	0.00574	0.00958
2	0.01354	0.01466	0.06552	0.09594	0.45998	0.01374	0.21648	0.01754	0.01297	0.01820	0.01090	0.01449	0.00873	0.00509	0.00595	0.00179	0.00774	0.00550	0.00280	0.00842
3	0.02566	0.00973	0.01327	0.01018	0.01460	0.00841	0.00841	0.02788	0.01637	0.76726	0.02257	0.01947	0.01416	0.00708	0.00575	0.00177	0.00487	0.00575	0.00708	0.00973
4	0.02061	0.02614	0.01567	0.01427	0.01716	0.73583	0.01070	0.02208	0.01604	0.01407	0.01140	0.01265	0.04664	0.00634	0.00524	0.00150	0.00993	0.00412	0.00307	0.00654
5	0.09311	0.01372	0.01517	0.01179	0.01618	0.01461	0.00972	0.45559	0.05234	0.23525	0.01605	0.01524	0.01096	0.00683	0.00555	0.00174	0.00567	0.00519	0.00591	0.00940
6	0.01046	0.00945	0.01506	0.47753	0.07105	0.01131	0.01294	0.01364	0.01221	0.01644	0.17285	0.02176	0.01825	0.03774	0.00795	0.00206	0.07337	0.00634	0.00340	0.00618
7	0.00886	0.00655	0.00860	0.17507	0.01342	0.00710	0.00616	0.00968	0.00899	0.01185	0.01632	0.03262	0.01794	0.62706	0.02404	0.00476	0.00600	0.00762	0.00327	0.00409
8	0.02210	0.00905	0.01239	0.01025	0.01401	0.00801	0.00858	0.02440	0.01568	0.60468	0.02424	0.02923	0.01822	0.00897	0.00622	0.00196	0.00495	0.16159	0.00669	0.00877
9	0.01103	0.00851	0.00972	0.00946	0.01143	0.00908	0.00703	0.01890	0.33617	0.05128	0.10102	0.30731	0.07118	0.01221	0.00650	0.00206	0.00383	0.01071	0.00570	0.00687
10	0.01711	0.01180	0.03601	0.01063	0.01410	0.04025	0.00871	0.16571	0.17906	0.21074	0.19905	0.02458	0.04007	0.00837	0.00599	0.00180	0.00483	0.00691	0.00600	0.00827
11	0.00943	0.00695	0.00784	0.00779	0.00858	0.00732	0.00512	0.01315	0.17024	0.01457	0.02152	0.14663	0.02294	0.48919	0.02022	0.00420	0.00499	0.03012	0.00430	0.00490
12	0.00875	0.00698	0.01079	0.17726	0.01637	0.00829	0.00889	0.01109	0.00964	0.01348	0.01432	0.02154	0.01313	0.06678	0.57774	0.00746	0.01324	0.00599	0.00297	0.00531
13	0.01314	0.01366	0.02653	0.19286	0.28447	0.01378	0.33543	0.01725	0.01289	0.01764	0.01099	0.01495	0.00858	0.00511	0.00615	0.00184	0.00823	0.00582	0.00280	0.00788

[dist]
# distance from previous block
# <min> <max>
0	10

[block]
# block no. 2 follows, 41 sequences, length 9
# corresponding to MSA columns:
# 197-205
name=unknown_C
#
# <colnr> <probs for GDERKNQSTAVLIFYWHMCP>
#	G	D	E	R	K	N	Q	S	T	A	V	L	I	F	Y	W	H	M	C	P
0	0.01823	0.02083	0.01302	0.01198	0.01445	0.55010	0.00898	0.02005	0.01497	0.01615	0.01172	0.01354	0.00951	0.00612	0.00482	0.00143	0.00807	0.00417	0.24560	0.00625
1	0.00904	0.00770	0.00801	0.00760	0.00987	0.00762	0.00579	0.01488	0.23014	0.01842	0.09346	0.04437	0.49705	0.01233	0.00648	0.00193	0.00336	0.01032	0.00552	0.00610
2	0.00786	0.00562	0.00611	0.00611	0.00667	0.00534	0.00372	0.00829	0.00970	0.01237	0.02973	0.04260	0.23777	0.56902	0.02256	0.00449	0.00477	0.00942	0.00401	0.00387
3	0.00749	0.00535	0.00723	0.00855	0.00911	0.00509	0.00621	0.00886	0.01146	0.01518	0.03124	0.62739	0.03670	0.01743	0.00744	0.00239	0.00377	0.17902	0.00530	0.00479
4	0.26143	0.01457	0.01460	0.01151	0.01578	0.01630	0.00950	0.53100	0.02186	0.03300	0.01204	0.01243	0.00869	0.00641	0.00508	0.00173	0.00575	0.00455	0.00508	0.00869
5	0.01186	0.01017	0.01186	0.00847	0.01356	0.00762	0.00678	0.01440	0.01186	0.01864	0.01017	0.01186	0.00847	0.00424	0.00424	0.00085	0.00424	0.00339	0.00339	0.83395
6	0.00693	0.00512	0.00649	0.00758	0.00820	0.00468	0.00514	0.00801	0.01132	0.01475	0.03617	0.66520	0.16488	0.01732	0.00721	0.00225	0.00324	0.01552	0.00531	0.00468
7	0.26143	0.01457	0.01460	0.01151	0.01578	0.01630	0.00950	0.53100	0.02186	0.03300	0.01204	0.01243	0.00869	0.00641	0.00508	0.00173	0.00575	0.00455	0.00508	0.00869
8	0.00721	0.00581	0.00641	0.00626	0.00800	0.00502	0.00470	0.00907	0.01409	0.01795	0.29231	0.05094	0.52506	0.01355	0.00676	0.00189	0.00283	0.01150	0.00564	0.00502

[dist]
# distance from previous block
# <min> <max>
0	3

[block]
# block no. 3 follows, 41 sequences, length 21
# corresponding to MSA columns:
# 209-229
name=unknown_D
#
# <colnr> <probs for GDERKNQSTAVLIFYWHMCP>
#	G	D	E	R	K	N	Q	S	T	A	V	L	I	F	Y	W	H	M	C	P
0	0.01896	0.01582	0.02277	0.01686	0.02185	0.01663	0.25807	0.49897	0.02237	0.03006	0.01300	0.01431	0.00937	0.00618	0.00607	0.00179	0.00743	0.00569	0.00477	0.00905
1	0.01325	0.01833	0.26980	0.01399	0.01915	0.01392	0.05893	0.02549	0.45648	0.02161	0.01815	0.01784	0.01346	0.00679	0.00575	0.00190	0.00617	0.00573	0.00449	0.00877
2	0.02216	0.27755	0.01892	0.01005	0.01463	0.01321	0.00887	0.02424	0.01477	0.51258	0.01763	0.01599	0.01186	0.00634	0.00505	0.00159	0.00529	0.00484	0.00551	0.00893
3	0.00779	0.00563	0.00609	0.00609	0.00674	0.00530	0.00376	0.00828	0.00991	0.01256	0.03151	0.04338	0.27088	0.53393	0.02156	0.00432	0.00465	0.00959	0.00409	0.00393
4	0.02362	0.01202	0.01457	0.01128	0.01568	0.01192	0.00928	0.27006	0.06591	0.47381	0.01963	0.01765	0.01287	0.00705	0.00575	0.00176	0.00533	0.00559	0.00654	0.00969
5	0.00846	0.00604	0.00835	0.00967	0.01065	0.00593	0.00790	0.01054	0.01242	0.01627	0.03070	0.31141	0.03458	0.01652	0.00770	0.00253	0.00461	0.48541	0.00528	0.00506
6	0.01748	0.01339	0.01438	0.01206	0.01582	0.01505	0.00963	0.27142	0.46167	0.07443	0.02001	0.01865	0.01464	0.00742	0.00578	0.00185	0.00515	0.00598	0.00587	0.00932
7	0.01672	0.01441	0.02117	0.02769	0.51140	0.01499	0.01530	0.26307	0.01771	0.02455	0.01176	0.01401	0.00929	0.00569	0.00568	0.00170	0.00663	0.00511	0.00381	0.00929
8	0.00849	0.01329	0.26433	0.01078	0.01386	0.00756	0.01066	0.01139	0.01133	0.01579	0.02434	0.53064	0.02750	0.01370	0.00667	0.00215	0.00505	0.01219	0.00433	0.00593
9	0.56057	0.01192	0.01341	0.01684	0.26522	0.01309	0.01003	0.01706	0.01085	0.02331	0.00891	0.01094	0.00716	0.00524	0.00426	0.00175	0.00523	0.00377	0.00330	0.00716
10	0.02566	0.00973	0.01327	0.01018	0.01460	0.00841	0.00841	0.02788	0.01637	0.76726	0.02257	0.01947	0.01416	0.00708	0.00575	0.00177	0.00487	0.00575	0.00708	0.00973
11	0.01107	0.00696	0.00754	0.00639	0.00899	0.00611	0.00494	0.01369	0.01195	0.02042	0.01579	0.01813	0.01257	0.00584	0.00408	0.00117	0.00320	0.00467	0.55120	0.28529
12	0.06743	0.14564	0.01430	0.01030	0.01306	0.34513	0.00816	0.01832	0.01363	0.01711	0.01196	0.01379	0.00975	0.00595	0.00442	0.00140	0.00668	0.00410	0.28258	0.00628
13	0.01408	0.18049	0.03864	0.01136	0.01475	0.25725	0.06464	0.01643	0.03391	0.01510	0.02589	0.02593	0.26235	0.00854	0.00554	0.00163	0.00667	0.00671	0.00370	0.00637
14	0.01307	0.01157	0.01436	0.27301	0.02316	0.01371	0.01136	0.02506	0.50243	0.02078	0.01885	0.01928	0.01414	0.00707	0.00579	0.00193	0.00557	0.00600	0.00471	0.00814
15	0.00697	0.00498	0.00664	0.00796	0.00830	0.00465	0.00531	0.00796	0.01095	0.01460	0.03153	0.79525	0.03783	0.01792	0.00730	0.00232	0.00332	0.01626	0.00531	0.00465
16	0.01350	0.01552	0.08594	0.06148	0.34234	0.01392	0.34560	0.01782	0.01310	0.01830	0.01106	0.01462	0.00868	0.00503	0.00614	0.00182	0.00825	0.00578	0.00281	0.00829
17	0.01606	0.01721	0.11025	0.01954	0.02521	0.01544	0.41481	0.26356	0.01787	0.02429	0.01216	0.01448	0.00887	0.00558	0.00626	0.00184	0.00838	0.00593	0.00380	0.00848
18	0.00695	0.00506	0.00655	0.00774	0.00824	0.00467	0.00521	0.00799	0.01117	0.01469	0.03431	0.71724	0.11404	0.01756	0.00724	0.00228	0.00327	0.01582	0.00531	0.00467
19	0.00998	0.01436	0.26604	0.01248	0.01621	0.00885	0.01324	0.01397	0.01280	0.01745	0.02352	0.04680	0.02424	0.01230	0.00707	0.00236	0.00634	0.48134	0.00430	0.00634
20	0.01307	0.28887	0.43563	0.01554	0.08269	0.01650	0.01666	0.01809	0.03322	0.01676	0.00990	0.01153	0.00772	0.00529	0.00487	0.00161	0.00741	0.00397	0.00256	0.00815

[dist]
# distance from previous block
# <min> <max>
0	1

[block]
# block no. 4 follows, 41 sequences, length 8
# corresponding to MSA columns:
# 231-238
name=unknown_E
#
# <colnr> <probs for GDERKNQSTAVLIFYWHMCP>
#	G	D	E	R	K	N	Q	S	T	A	V	L	I	F	Y	W	H	M	C	P
0	0.00774	0.00557	0.00733	0.00744	0.00847	0.00516	0.00537	0.00990	0.01454	0.02031	0.53032	0.28018	0.04888	0.01366	0.00692	0.00196	0.00289	0.01221	0.00599	0.00516
1	0.00827	0.00573	0.00717	0.00717	0.00749	0.00605	0.00463	0.00892	0.00859	0.01178	0.01717	0.03271	0.01875	0.56040	0.26489	0.00670	0.00863	0.00763	0.00334	0.00398
2	0.06748	0.01269	0.10285	0.02077	0.31917	0.01077	0.05950	0.01525	0.01360	0.02024	0.24722	0.02295	0.02297	0.00840	0.03013	0.00200	0.00598	0.00666	0.00394	0.00743
3	0.00827	0.00573	0.00717	0.00717	0.00749	0.00605	0.00463	0.00892	0.00859	0.01178	0.01717	0.03271	0.01875	0.56040	0.26489	0.00670	0.00863	0.00763	0.00334	0.00398
4	0.01779	0.43297	0.02357	0.01141	0.01592	0.08651	0.01019	0.24796	0.06695	0.02134	0.01089	0.01154	0.00878	0.00580	0.00459	0.00145	0.00643	0.00400	0.00375	0.00815
5	0.08453	0.01003	0.01073	0.01018	0.01258	0.01123	0.00770	0.05187	0.42347	0.02164	0.02414	0.26417	0.02258	0.01071	0.00608	0.00204	0.00421	0.00921	0.00546	0.00744
6	0.00676	0.00579	0.00579	0.00579	0.00773	0.00483	0.00435	0.00821	0.01304	0.01545	0.05794	0.05505	0.76098	0.01449	0.00676	0.00193	0.00290	0.01207	0.00531	0.00483
7	0.02112	0.01344	0.01742	0.01761	0.19973	0.01378	0.01173	0.33984	0.02017	0.26252	0.01579	0.01565	0.01096	0.00650	0.00572	0.00173	0.00597	0.00533	0.00544	0.00957

[dist]
# distance from previous block
# <min> <max>
0	2

[block]
# block no. 5 follows, 41 sequences, length 17
# corresponding to MSA columns:
# 241-257
name=unknown_F
#
# <colnr> <probs for GDERKNQSTAVLIFYWHMCP>
#	G	D	E	R	K	N	Q	S	T	A	V	L	I	F	Y	W	H	M	C	P
0	0.01209	0.02872	0.73638	0.01604	0.02431	0.01307	0.02058	0.01854	0.01226	0.05078	0.01080	0.01240	0.00755	0.00551	0.00545	0.00181	0.00830	0.00429	0.00262	0.00851
1	0.01385	0.01328	0.02266	0.10366	0.69715	0.01351	0.01740	0.01729	0.01288	0.01831	0.01070	0.01426	0.00893	0.00515	0.00567	0.00172	0.00687	0.00510	0.00280	0.00881
2	0.01699	0.01565	0.01375	0.01225	0.01552	0.19666	0.00947	0.02835	0.50870	0.08947	0.01975	0.01852	0.01473	0.00725	0.00565	0.00181	0.00595	0.00573	0.00525	0.00853
3	0.02174	0.01602	0.01717	0.01316	0.01774	0.01774	0.01087	0.74423	0.02689	0.03605	0.01373	0.01373	0.00973	0.00687	0.00572	0.00172	0.00629	0.00515	0.00572	0.00973
4	0.01442	0.58576	0.02643	0.19620	0.02072	0.04589	0.01129	0.01672	0.01173	0.01375	0.00851	0.01067	0.00741	0.00513	0.00421	0.00140	0.00662	0.00357	0.00249	0.00708
5	0.01168	0.01270	0.02583	0.04157	0.02432	0.01187	0.52254	0.01560	0.01332	0.01749	0.02322	0.02637	0.19004	0.00749	0.00676	0.00195	0.00784	0.02898	0.00353	0.00691
6	0.00739	0.00582	0.00667	0.00646	0.00811	0.00510	0.00484	0.00943	0.01453	0.01900	0.39084	0.04921	0.42587	0.01316	0.00675	0.00187	0.00280	0.01125	0.00578	0.00510
7	0.01151	0.01084	0.01481	0.01291	0.01291	0.01464	0.01034	0.01246	0.00865	0.01312	0.01003	0.01850	0.01070	0.19950	0.02126	0.00323	0.60046	0.00580	0.00273	0.00559
8	0.00830	0.00560	0.00651	0.00651	0.00660	0.00569	0.00380	0.00849	0.00840	0.01129	0.01778	0.03606	0.02020	0.72989	0.09739	0.00588	0.00644	0.00812	0.00343	0.00362
9	0.00832	0.00555	0.00624	0.00624	0.00624	0.00555	0.00347	0.00832	0.00832	0.01109	0.01802	0.03743	0.02080	0.79898	0.02911	0.00555	0.00555	0.00832	0.00347	0.00347
10	0.00832	0.00555	0.00624	0.00624	0.00624	0.00555	0.00347	0.00832	0.00832	0.01109	0.01802	0.03743	0.02080	0.79898	0.02911	0.00555	0.00555	0.00832	0.00347	0.00347
11	0.02150	0.00873	0.01158	0.00923	0.01259	0.00772	0.00722	0.02318	0.01444	0.58565	0.02147	0.02378	0.01575	0.19727	0.01136	0.00268	0.00503	0.00637	0.00621	0.00823
12	0.01416	0.01359	0.02322	0.03511	0.76330	0.01359	0.01755	0.01755	0.01302	0.01869	0.01076	0.01416	0.00906	0.00510	0.00566	0.00170	0.00680	0.00510	0.00283	0.00906
13	0.00692	0.00517	0.00643	0.00744	0.00816	0.00469	0.00508	0.00802	0.01145	0.01481	0.03787	0.61747	0.21151	0.01710	0.00717	0.00223	0.00322	0.01525	0.00531	0.00469
14	0.02146	0.02456	0.01644	0.01436	0.01770	0.59390	0.01101	0.19610	0.01878	0.01929	0.01002	0.01114	0.00793	0.00613	0.00529	0.00153	0.00935	0.00404	0.00361	0.00737
15	0.01010	0.00538	0.00555	0.00555	0.00656	0.00538	0.00387	0.01212	0.01111	0.01887	0.01851	0.02519	0.01613	0.19696	0.01003	0.00234	0.00336	0.00605	0.63205	0.00488
16	0.01161	0.01099	0.01861	0.60507	0.21326	0.01292	0.01629	0.01532	0.01182	0.01559	0.01031	0.01499	0.00797	0.00557	0.00571	0.00186	0.00743	0.00509	0.00261	0.00700

[dist]
# distance from previous block
# <min> <max>
0	1

[block]
# block no. 6 follows, 41 sequences, length 16
# corresponding to MSA columns:
# 259-274
name=unknown_G
#
# <colnr> <probs for GDERKNQSTAVLIFYWHMCP>
#	G	D	E	R	K	N	Q	S	T	A	V	L	I	F	Y	W	H	M	C	P
0	0.00725	0.00519	0.00689	0.00777	0.00836	0.00483	0.00533	0.00866	0.01225	0.01666	0.21183	0.60906	0.04182	0.01638	0.00716	0.00219	0.00317	0.01480	0.00555	0.00483
1	0.00821	0.00596	0.00832	0.00832	0.00905	0.00668	0.00607	0.00966	0.00894	0.01264	0.01612	0.02687	0.01621	0.26519	0.55664	0.00812	0.01245	0.00677	0.00318	0.00462
2	0.01194	0.01133	0.01921	0.53114	0.28461	0.01301	0.01645	0.01561	0.01197	0.01599	0.01037	0.01488	0.00811	0.00551	0.00570	0.00184	0.00734	0.00509	0.00264	0.00727
3	0.01238	0.01146	0.01911	0.02839	0.57650	0.01138	0.01452	0.01518	0.01251	0.01768	0.01590	0.20741	0.01618	0.00827	0.00607	0.00185	0.00594	0.00786	0.00344	0.00797
4	0.01792	0.00917	0.01314	0.01357	0.14542	0.00833	0.00901	0.02043	0.01556	0.39540	0.22080	0.02662	0.06251	0.00835	0.00606	0.00177	0.00452	0.00720	0.00602	0.00819
5	0.01657	0.11578	0.01560	0.01247	0.01485	0.45125	0.00956	0.01796	0.01394	0.01407	0.01427	0.20450	0.01491	0.00897	0.00625	0.00171	0.05089	0.00679	0.00345	0.00621
6	0.01389	0.01516	0.09658	0.03326	0.69068	0.01356	0.01791	0.01761	0.01293	0.01863	0.01071	0.01395	0.00888	0.00513	0.00564	0.00171	0.00696	0.00501	0.00279	0.00900
7	0.01871	0.01451	0.01546	0.01255	0.01658	0.01632	0.01014	0.45589	0.32018	0.03115	0.01759	0.01681	0.01285	0.00723	0.00576	0.00181	0.00558	0.00568	0.00576	0.00946
8	0.01874	0.01443	0.01771	0.01817	0.20153	0.01561	0.01208	0.40085	0.15171	0.06734	0.01515	0.01548	0.01116	0.00660	0.00573	0.00175	0.00603	0.00540	0.00509	0.00944
9	0.01431	0.04891	0.38138	0.01742	0.10821	0.21367	0.03088	0.01885	0.02805	0.01685	0.01154	0.06271	0.00971	0.00634	0.00549	0.00173	0.00829	0.00502	0.00287	0.00776
10	0.00729	0.00522	0.00692	0.00775	0.00837	0.00486	0.00533	0.00876	0.01243	0.01696	0.23734	0.58272	0.04239	0.01616	0.00714	0.00217	0.00314	0.01459	0.00559	0.00486
11	0.01215	0.00680	0.00863	0.00762	0.00986	0.00602	0.00591	0.01445	0.01554	0.20544	0.42229	0.03970	0.20062	0.01117	0.00650	0.00182	0.00328	0.00959	0.00627	0.00634
12	0.01936	0.01405	0.01684	0.20393	0.02284	0.01572	0.01191	0.50405	0.02219	0.09164	0.01359	0.01459	0.00958	0.00660	0.00572	0.00177	0.00650	0.00518	0.00505	0.00889
13	0.02022	0.00838	0.01137	0.00949	0.01276	0.00734	0.00750	0.02215	0.01502	0.54637	0.05915	0.21249	0.02187	0.00998	0.00618	0.00191	0.00438	0.00857	0.00661	0.00827
14	0.01892	0.02784	0.20255	0.01512	0.01943	0.58731	0.01355	0.02167	0.01519	0.01502	0.00919	0.01075	0.00734	0.00578	0.00523	0.00156	0.00985	0.00382	0.00282	0.00708
15	0.01080	0.01017	0.01716	0.78523	0.03940	0.01271	0.01589	0.01461	0.01144	0.01461	0.01017	0.01525	0.00762	0.00572	0.00572	0.00191	0.00762	0.00508	0.00254	0.00635

[dist]
# distance from previous block
# <min> <max>
0	4

[block]
# block no. 7 follows, 41 sequences, length 14
# corresponding to MSA columns:
# 279-292
name=unknown_H
#
# <colnr> <probs for GDERKNQSTAVLIFYWHMCP>
#	G	D	E	R	K	N	Q	S	T	A	V	L	I	F	Y	W	H	M	C	P
0	0.00697	0.00498	0.00664	0.00796	0.00830	0.00465	0.00531	0.00796	0.01095	0.01460	0.03153	0.79525	0.03783	0.01792	0.00730	0.00232	0.00332	0.01626	0.00531	0.00465
1	0.00962	0.15441	0.01067	0.00690	0.00782	0.00874	0.00465	0.00996	0.00894	0.01153	0.01614	0.03215	0.01828	0.65064	0.02436	0.00474	0.00565	0.00734	0.00328	0.00419
2	0.83938	0.01106	0.00841	0.00752	0.01106	0.01283	0.00619	0.01681	0.00973	0.02566	0.00796	0.00929	0.00619	0.00531	0.00354	0.00177	0.00442	0.00310	0.00354	0.00619
3	0.01363	0.46663	0.35122	0.01262	0.01906	0.01857	0.01472	0.01756	0.01182	0.01548	0.00896	0.01044	0.00730	0.00513	0.00444	0.00148	0.00713	0.00357	0.00243	0.00782
4	0.01397	0.01411	0.02620	0.03200	0.55584	0.01384	0.22263	0.01777	0.01316	0.01858	0.01099	0.01452	0.00895	0.00502	0.00597	0.00176	0.00760	0.00556	0.00285	0.00868
5	0.02174	0.01602	0.01717	0.01316	0.01774	0.01774	0.01087	0.74423	0.02689	0.03605	0.01373	0.01373	0.00973	0.00687	0.00572	0.00172	0.00629	0.00515	0.00572	0.00973
6	0.00739	0.00545	0.00697	0.00808	0.00866	0.00523	0.00549	0.00931	0.05529	0.01520	0.03233	0.71281	0.07207	0.01715	0.00719	0.00228	0.00337	0.01547	0.00534	0.00492
7	0.01720	0.01116	0.01288	0.01094	0.01439	0.01193	0.00868	0.05876	0.41526	0.23426	0.08067	0.02170	0.01861	0.00780	0.00615	0.00186	0.02396	0.00640	0.00606	0.03133
8	0.00805	0.00550	0.00660	0.00684	0.00700	0.00553	0.00416	0.00843	0.00889	0.01196	0.02029	0.17756	0.02335	0.58044	0.09682	0.00529	0.00607	0.00959	0.00377	0.00384
9	0.02145	0.02478	0.01642	0.01439	0.01770	0.60839	0.01101	0.18232	0.01857	0.01887	0.00992	0.01107	0.00789	0.00611	0.00528	0.00153	0.00943	0.00401	0.00356	0.00732
10	0.01163	0.04194	0.49829	0.01473	0.02102	0.01207	0.08621	0.01685	0.03000	0.03738	0.01244	0.01750	0.01036	0.15370	0.00996	0.00251	0.00777	0.00530	0.00287	0.00747
11	0.01703	0.01478	0.01444	0.01236	0.01595	0.08840	0.00976	0.23027	0.47815	0.02638	0.01921	0.01814	0.01432	0.00733	0.00573	0.00183	0.00558	0.00583	0.00552	0.00901
12	0.00899	0.00729	0.01057	0.01010	0.01087	0.00899	0.00793	0.01076	0.00906	0.01324	0.01402	0.02150	0.01342	0.08183	0.59025	0.00773	0.15917	0.00605	0.00298	0.00522
13	0.01362	0.01509	0.03178	0.02616	0.16690	0.01430	0.60710	0.01818	0.01341	0.01839	0.01142	0.01519	0.00875	0.00487	0.00655	0.00189	0.00911	0.00644	0.00288	0.00797

[dist]
# distance from previous block
# <min> <max>
0	9

[block]
# block no. 8 follows, 41 sequences, length 6
# corresponding to MSA columns:
# 302-307
name=unknown_I
#
# <colnr> <probs for GDERKNQSTAVLIFYWHMCP>
#	G	D	E	R	K	N	Q	S	T	A	V	L	I	F	Y	W	H	M	C	P
0	0.01384	0.01326	0.02264	0.10657	0.69433	0.01351	0.01740	0.01727	0.01287	0.01830	0.01070	0.01426	0.00892	0.00516	0.00567	0.00172	0.00687	0.00510	0.00280	0.00880
1	0.00725	0.00518	0.00696	0.00829	0.00875	0.00489	0.00581	0.00846	0.01123	0.01492	0.03137	0.70250	0.03721	0.01765	0.00738	0.00236	0.00357	0.10619	0.00530	0.00472
2	0.01178	0.01173	0.02316	0.02004	0.12524	0.01115	0.38426	0.01516	0.01312	0.01799	0.10946	0.09919	0.01888	0.00864	0.00771	0.05482	0.00718	0.05000	0.00367	0.00683
3	0.01186	0.01017	0.01186	0.00847	0.01356	0.00762	0.00678	0.01440	0.01186	0.01864	0.01017	0.01186	0.00847	0.00424	0.00424	0.00085	0.00424	0.00339	0.00339	0.83395
4	0.00748	0.00776	0.09285	0.00891	0.01016	0.00562	0.00710	0.00911	0.01108	0.01500	0.02912	0.70673	0.03437	0.01651	0.00709	0.00227	0.00390	0.01490	0.00498	0.00508
5	0.01816	0.43634	0.02347	0.01212	0.01610	0.37843	0.01038	0.01983	0.01379	0.01371	0.00837	0.00971	0.00735	0.00537	0.00437	0.00134	0.00810	0.00335	0.00268	0.00701

[dist]
# distance from previous block
# <min> <max>
0	6

[block]
# block no. 9 follows, 41 sequences, length 42
# corresponding to MSA columns:
# 314-355
name=unknown_J
#
# <colnr> <probs for GDERKNQSTAVLIFYWHMCP>
#	G	D	E	R	K	N	Q	S	T	A	V	L	I	F	Y	W	H	M	C	P
0	0.01184	0.08920	0.69358	0.01626	0.04215	0.01402	0.02016	0.01802	0.01206	0.01777	0.01010	0.01190	0.00730	0.00538	0.00530	0.00176	0.00823	0.00416	0.00243	0.00838
1	0.01135	0.04295	0.01766	0.05389	0.05624	0.00984	0.22040	0.04051	0.01273	0.05523	0.02118	0.37661	0.02242	0.01114	0.00664	0.00204	0.00587	0.01067	0.00430	0.01835
2	0.02257	0.01470	0.01635	0.01253	0.01708	0.01578	0.01035	0.59368	0.02468	0.18972	0.01559	0.01494	0.01066	0.00691	0.00573	0.00173	0.00599	0.00528	0.00601	0.00973
3	0.20243	0.01054	0.01481	0.54556	0.03095	0.01285	0.01312	0.01635	0.06862	0.01789	0.01068	0.01435	0.00806	0.00578	0.00522	0.00188	0.00665	0.00473	0.00303	0.00653
4	0.01517	0.00978	0.06108	0.01224	0.08884	0.00804	0.02628	0.01796	0.01507	0.28114	0.25099	0.05314	0.06564	0.00946	0.00630	0.00186	0.00462	0.05916	0.00573	0.00748
5	0.01327	0.01028	0.01104	0.00995	0.01278	0.01122	0.00764	0.02412	0.48820	0.08387	0.02960	0.02903	0.16306	0.07045	0.00781	0.00220	0.00432	0.00765	0.00564	0.00785
6	0.00681	0.00561	0.00599	0.00630	0.00786	0.00479	0.00457	0.00815	0.01256	0.01526	0.05184	0.22599	0.59397	0.01528	0.00689	0.00202	0.00299	0.01304	0.00531	0.00479
7	0.02137	0.02726	0.01621	0.01474	0.01768	0.77602	0.01105	0.02284	0.01621	0.01400	0.00884	0.01031	0.00737	0.00589	0.00516	0.00147	0.01031	0.00368	0.00295	0.00663
8	0.01526	0.19104	0.07906	0.02286	0.31708	0.14116	0.08701	0.01829	0.01304	0.01648	0.00973	0.01233	0.00817	0.00539	0.00578	0.00162	0.04048	0.00451	0.00273	0.00799
9	0.01038	0.00617	0.00847	0.00769	0.00886	0.00558	0.00539	0.00906	0.00847	0.01195	0.00999	0.01611	0.00960	0.01626	0.01817	0.64126	0.00480	0.00460	0.00269	0.19451
10	0.00919	0.00762	0.01082	0.01332	0.18267	0.00716	0.00796	0.01176	0.01474	0.02024	0.42597	0.03896	0.20588	0.01081	0.00650	0.00181	0.00369	0.00953	0.00527	0.00611
11	0.01937	0.01180	0.01370	0.01117	0.01472	0.01224	0.00893	0.38401	0.02042	0.22522	0.02019	0.19574	0.01739	0.00948	0.00609	0.00187	0.00523	0.00788	0.00599	0.00856
12	0.01870	0.05542	0.07449	0.01394	0.01746	0.51031	0.01132	0.02399	0.18585	0.01659	0.01225	0.01295	0.00969	0.00625	0.00527	0.00160	0.00866	0.00434	0.00355	0.00736
13	0.01387	0.01340	0.02319	0.09289	0.67628	0.01356	0.04789	0.01736	0.01292	0.01836	0.01075	0.01430	0.00893	0.00513	0.00571	0.00172	0.00698	0.00516	0.00281	0.00879
14	0.01423	0.01229	0.01293	0.01164	0.01487	0.01423	0.00905	0.03039	0.75297	0.02393	0.02328	0.02134	0.01746	0.00776	0.00582	0.00194	0.00453	0.00647	0.00582	0.00905
15	0.01398	0.04873	0.56006	0.01536	0.02266	0.01466	0.01827	0.18570	0.01542	0.02204	0.01095	0.01238	0.00783	0.00583	0.00570	0.00179	0.02237	0.00442	0.00318	0.00867
16	0.39106	0.04639	0.01263	0.02885	0.04412	0.11070	0.00829	0.01679	0.01124	0.02056	0.00872	0.01060	0.00717	0.00549	0.00523	0.00155	0.06626	0.00351	0.00325	0.19759
17	0.01022	0.00918	0.01450	0.44008	0.05799	0.01098	0.01244	0.01330	0.01229	0.01662	0.18467	0.07666	0.02052	0.00838	0.00740	0.00196	0.08599	0.00708	0.00361	0.00612
18	0.00712	0.00574	0.00590	0.00590	0.00738	0.00499	0.00414	0.00823	0.01195	0.01444	0.04872	0.05098	0.59004	0.19566	0.01192	0.00277	0.00351	0.01120	0.00489	0.00451
19	0.01330	0.01226	0.01453	0.06545	0.07645	0.08928	0.06600	0.02137	0.32095	0.03941	0.02092	0.19746	0.01904	0.00932	0.00615	0.00195	0.00563	0.00825	0.00476	0.00752
20	0.01493	0.50465	0.05918	0.01029	0.01520	0.09497	0.00975	0.01712	0.01216	0.01493	0.00866	0.01005	0.00760	0.00487	0.00403	0.00119	0.00622	0.00325	0.00271	0.19822
21	0.20064	0.00766	0.00830	0.00780	0.00977	0.00799	0.00596	0.01403	0.09192	0.02302	0.45231	0.09118	0.03784	0.01029	0.00595	0.00185	0.00334	0.00872	0.00553	0.00591
22	0.00690	0.00564	0.00609	0.00632	0.00790	0.00483	0.00461	0.00835	0.01286	0.01582	0.10310	0.19840	0.56943	0.01496	0.00686	0.00200	0.00297	0.01276	0.00538	0.00483
23	0.01099	0.00917	0.01089	0.00818	0.01240	0.00711	0.00646	0.01357	0.01286	0.01963	0.18340	0.01899	0.01898	0.00596	0.00482	0.00107	0.00388	0.00500	0.00406	0.64260
24	0.01596	0.01475	0.15073	0.03361	0.03507	0.02868	0.06259	0.06854	0.04547	0.19270	0.04430	0.01580	0.01184	0.00595	0.00554	0.00154	0.01636	0.00497	0.00435	0.24125
25	0.28035	0.13264	0.29341	0.07310	0.04672	0.03076	0.03488	0.01737	0.01137	0.01955	0.00920	0.01114	0.00706	0.00532	0.00463	0.00171	0.00676	0.00385	0.00283	0.00736
26	0.24935	0.01057	0.01255	0.01139	0.07154	0.01052	0.00846	0.06433	0.03221	0.39507	0.06484	0.01744	0.01395	0.00674	0.00519	0.00177	0.00483	0.00524	0.00561	0.00840
27	0.00772	0.00671	0.00852	0.18606	0.01511	0.00663	0.00713	0.00966	0.01242	0.01516	0.04377	0.13397	0.50091	0.01287	0.00658	0.00197	0.00404	0.01096	0.00467	0.00516
28	0.01683	0.47650	0.02379	0.01138	0.01554	0.21128	0.01003	0.03801	0.11773	0.01562	0.01048	0.01129	0.00883	0.00560	0.00440	0.00140	0.00696	0.00375	0.00313	0.00746
29	0.01438	0.23929	0.33581	0.03622	0.02044	0.01635	0.03187	0.13933	0.03542	0.01992	0.01059	0.01197	0.00809	0.00552	0.00498	0.00159	0.00710	0.00416	0.00314	0.05383
30	0.01034	0.10265	0.01089	0.00906	0.01035	0.11619	0.00657	0.01185	0.03333	0.01428	0.02386	0.48827	0.02752	0.09718	0.00884	0.00240	0.00491	0.01179	0.00446	0.00525
31	0.01283	0.01086	0.01207	0.01108	0.01380	0.01259	0.00861	0.02573	0.58119	0.02147	0.02144	0.02160	0.01673	0.01588	0.18376	0.00362	0.00702	0.00639	0.00518	0.00814
32	0.00881	0.00617	0.00790	0.00736	0.00888	0.00572	0.00555	0.02787	0.01616	0.04385	0.66939	0.05811	0.08899	0.01173	0.00671	0.00181	0.00287	0.01031	0.00623	0.00557
33	0.01038	0.00753	0.00907	0.00916	0.01048	0.00767	0.00659	0.17800	0.01463	0.01955	0.02742	0.61476	0.03134	0.01537	0.00694	0.00218	0.00401	0.01369	0.00540	0.00582
34	0.00976	0.18981	0.01280	0.00779	0.00996	0.00938	0.00641	0.01226	0.01514	0.02075	0.58653	0.03498	0.04320	0.01012	0.00604	0.00167	0.00349	0.00866	0.00541	0.00585
35	0.01129	0.00608	0.00817	0.00848	0.00975	0.00551	0.00602	0.01256	0.01220	0.18843	0.02946	0.61608	0.03236	0.01542	0.00694	0.00220	0.00368	0.01383	0.00572	0.00582
36	0.00809	0.00578	0.00725	0.00692	0.00798	0.00541	0.00491	0.01012	0.01424	0.01990	0.56038	0.04200	0.07498	0.19363	0.01191	0.00267	0.00336	0.00995	0.00560	0.00493
37	0.01932	0.02386	0.01651	0.01480	0.01707	0.60085	0.01139	0.02074	0.01449	0.01394	0.00853	0.01082	0.00740	0.00685	0.00830	0.00171	0.19004	0.00399	0.00284	0.00654
38	0.01616	0.01215	0.01537	0.01681	0.18767	0.01309	0.01091	0.02700	0.45635	0.14960	0.02027	0.01936	0.01496	0.00703	0.00577	0.00186	0.00511	0.00603	0.00534	0.00917
39	0.01113	0.00670	0.00752	0.00681	0.00931	0.00566	0.00528	0.01275	0.01381	0.18908	0.04977	0.04683	0.58850	0.01278	0.00653	0.00189	0.00335	0.01061	0.00572	0.00596
40	0.00821	0.00599	0.00851	0.00851	0.00930	0.00678	0.00630	0.00978	0.00899	0.01277	0.01594	0.02593	0.01580	0.21751	0.60375	0.00835	0.01306	0.00663	0.00316	0.00473
41	0.00800	0.00543	0.00639	0.00669	0.00679	0.00537	0.00396	0.00827	0.00894	0.01194	0.02109	0.21216	0.02461	0.60420	0.03830	0.00487	0.00522	0.01011	0.00388	0.00377

[dist]
# distance from previous block
# <min> <max>
0	1

[block]
# block no. 10 follows, 41 sequences, length 44
# corresponding to MSA columns:
# 357-400
name=unknown_K
#
# <colnr> <probs for GDERKNQSTAVLIFYWHMCP>
#	G	D	E	R	K	N	Q	S	T	A	V	L	I	F	Y	W	H	M	C	P
0	0.01554	0.01778	0.16113	0.03217	0.60576	0.01450	0.01873	0.01890	0.01403	0.02031	0.01261	0.01642	0.01056	0.00648	0.00645	0.00208	0.00771	0.00556	0.00343	0.00987
1	0.68740	0.01134	0.01009	0.00891	0.01180	0.01370	0.00736	0.01627	0.00957	0.02349	0.00790	0.00991	0.00645	0.00618	0.00634	0.00191	0.14834	0.00345	0.00336	0.00622
2	0.00961	0.00867	0.01290	0.05164	0.01474	0.04685	0.12310	0.01168	0.01197	0.01560	0.02485	0.42328	0.02790	0.01389	0.00765	0.00226	0.04029	0.14310	0.00454	0.00551
3	0.00995	0.00498	0.00747	0.00746	0.00747	0.00498	0.00498	0.00747	0.00746	0.00995	0.00995	0.01741	0.00995	0.01988	0.02236	0.83334	0.00497	0.00497	0.00249	0.00249
4	0.01423	0.05419	0.02357	0.03381	0.72457	0.01406	0.01716	0.01754	0.01296	0.01843	0.01063	0.01393	0.00899	0.00510	0.00557	0.00168	0.00677	0.00500	0.00282	0.00898
5	0.01969	0.01675	0.01702	0.15513	0.02172	0.13785	0.01183	0.49498	0.02236	0.02861	0.01231	0.01349	0.00898	0.00651	0.00564	0.00172	0.00719	0.00491	0.00470	0.00862
6	0.01370	0.01313	0.02205	0.02928	0.56240	0.01258	0.07794	0.01705	0.01286	0.01866	0.01074	0.01387	0.00894	0.00493	0.00550	0.00157	0.00658	0.00493	0.00295	0.16035
7	0.00830	0.00561	0.00651	0.00643	0.00668	0.00553	0.00383	0.00879	0.00978	0.01328	0.15427	0.03842	0.02690	0.65426	0.02501	0.00486	0.00503	0.00869	0.00399	0.00383
8	0.01854	0.13975	0.05305	0.01214	0.01685	0.05188	0.01058	0.44147	0.02086	0.02772	0.01239	0.01389	0.00958	0.00633	0.00522	0.00154	0.00625	0.02348	0.00459	0.12389
9	0.01512	0.01213	0.01565	0.01614	0.19971	0.01140	0.01037	0.19110	0.01603	0.05604	0.01444	0.02499	0.04789	0.00591	0.00519	0.00139	0.00532	0.00495	0.00410	0.34214
10	0.03431	0.13012	0.35404	0.01313	0.01867	0.04831	0.04214	0.01680	0.01295	0.04158	0.14781	0.01753	0.01617	0.00670	0.00593	0.00170	0.03910	0.00528	0.00340	0.04435
11	0.01905	0.02304	0.01781	0.01845	0.15462	0.55254	0.04391	0.03461	0.01557	0.01555	0.01170	0.01341	0.04272	0.00613	0.00541	0.00156	0.00922	0.00450	0.00309	0.00711
12	0.01511	0.01054	0.01195	0.01049	0.01356	0.01139	0.00821	0.02600	0.46947	0.16018	0.17131	0.02532	0.02421	0.00844	0.00600	0.00188	0.00423	0.00712	0.00615	0.00845
13	0.01088	0.00909	0.01467	0.29695	0.13584	0.01010	0.04883	0.01399	0.01163	0.01656	0.01453	0.02213	0.01267	0.04578	0.10021	0.00288	0.00735	0.06467	0.15495	0.00629
14	0.01334	0.03018	0.03618	0.02451	0.41862	0.04345	0.06126	0.01640	0.01339	0.05097	0.07293	0.08203	0.01744	0.00789	0.00613	0.00186	0.00632	0.08553	0.00374	0.00782
15	0.05145	0.07323	0.39414	0.15548	0.02401	0.01333	0.01618	0.05003	0.04515	0.07466	0.01246	0.04350	0.00954	0.00622	0.00541	0.00181	0.00723	0.00497	0.00325	0.00793
16	0.01175	0.16866	0.01584	0.01075	0.04805	0.01085	0.04188	0.03035	0.02871	0.01706	0.01577	0.21593	0.01618	0.00815	0.00518	0.00144	0.00480	0.00703	0.00376	0.33784
17	0.00809	0.00546	0.00633	0.00657	0.00663	0.00539	0.00381	0.00827	0.00881	0.01175	0.02052	0.17654	0.02394	0.65541	0.02511	0.00496	0.00514	0.00978	0.00381	0.00369
18	0.01168	0.01152	0.01655	0.01377	0.01575	0.08102	0.16784	0.01440	0.04136	0.01467	0.01311	0.02003	0.01220	0.13383	0.24764	0.00476	0.16465	0.00616	0.00308	0.00597
19	0.01428	0.01039	0.01625	0.07701	0.33680	0.01010	0.01207	0.01717	0.01401	0.15642	0.16487	0.06176	0.02072	0.00761	0.00596	0.00176	0.00537	0.01664	0.00448	0.04635
20	0.01964	0.08956	0.01446	0.01101	0.05204	0.01123	0.00856	0.13592	0.05411	0.34403	0.03753	0.01832	0.01382	0.00681	0.00525	0.00164	0.00484	0.00544	0.15728	0.00851
21	0.02421	0.30016	0.12416	0.01117	0.01554	0.11993	0.01065	0.01738	0.01225	0.07309	0.01110	0.01324	0.00924	0.01221	0.14615	0.00282	0.00843	0.00412	0.00309	0.08106
22	0.28595	0.01675	0.06783	0.02280	0.09819	0.15405	0.01076	0.18364	0.04416	0.04935	0.01103	0.01212	0.00833	0.00593	0.00489	0.00171	0.00654	0.00422	0.00397	0.00779
23	0.01344	0.06759	0.28094	0.10771	0.07100	0.05008	0.04945	0.05339	0.14870	0.01883	0.01248	0.01432	0.00952	0.00629	0.00661	0.00185	0.07152	0.00493	0.00330	0.00805
24	0.01949	0.03134	0.01656	0.01383	0.05935	0.01499	0.02976	0.33433	0.19260	0.16442	0.01696	0.01650	0.01215	0.00707	0.00634	0.00181	0.04213	0.00556	0.00554	0.00927
25	0.01035	0.00561	0.00595	0.00607	0.00732	0.00560	0.00446	0.03514	0.01228	0.02057	0.02088	0.16316	0.01878	0.00875	0.00467	0.00153	0.00291	0.00734	0.65328	0.00535
26	0.01539	0.01330	0.04688	0.01126	0.01531	0.04584	0.02550	0.30883	0.01802	0.02469	0.01564	0.16089	0.01445	0.00804	0.00557	0.00158	0.00548	0.00667	0.00463	0.25204
27	0.01219	0.01098	0.14857	0.00947	0.01273	0.00745	0.00889	0.01551	0.01548	0.16846	0.47733	0.03254	0.03757	0.00965	0.00632	0.00180	0.00419	0.00832	0.00574	0.00682
28	0.01667	0.01384	0.01455	0.01222	0.04055	0.07967	0.00940	0.23246	0.15271	0.05873	0.01438	0.02385	0.01121	0.02140	0.00635	0.00161	0.04191	0.00498	0.00462	0.23889
29	0.00934	0.00683	0.00867	0.00937	0.01057	0.00696	0.00755	0.01258	0.08409	0.01626	0.02807	0.07645	0.06127	0.19507	0.01251	0.00320	0.00510	0.43599	0.00492	0.00519
30	0.00924	0.00660	0.00923	0.01055	0.01186	0.00659	0.00922	0.01186	0.01318	0.01713	0.03030	0.06453	0.03293	0.01581	0.00791	0.00264	0.00527	0.72460	0.00527	0.00528
31	0.00917	0.00783	0.01359	0.01182	0.01368	0.00844	0.14198	0.01164	0.00996	0.01413	0.01476	0.02182	0.01355	0.06721	0.60392	0.00771	0.01388	0.00634	0.00306	0.00553
32	0.01542	0.01386	0.02862	0.02074	0.02599	0.01286	0.57002	0.01956	0.01391	0.15561	0.01462	0.05593	0.01119	0.00592	0.00660	0.00192	0.00845	0.00706	0.00379	0.00794
33	0.01195	0.02638	0.60197	0.01809	0.02593	0.01356	0.18508	0.01817	0.01241	0.01818	0.01058	0.01286	0.00759	0.00531	0.00574	0.00184	0.00873	0.00481	0.00253	0.00829
34	0.44220	0.01303	0.01175	0.01069	0.04219	0.07223	0.00820	0.09910	0.13370	0.09787	0.01270	0.01302	0.00941	0.00610	0.00458	0.00177	0.00524	0.00425	0.00443	0.00754
35	0.01289	0.01561	0.15822	0.06229	0.52153	0.01269	0.01681	0.01663	0.01255	0.01788	0.01323	0.01694	0.04426	0.04608	0.00688	0.00194	0.00690	0.00543	0.00290	0.00835
36	0.00830	0.00561	0.00651	0.00643	0.00668	0.00553	0.00383	0.00879	0.00978	0.01328	0.15427	0.03842	0.02690	0.65426	0.02501	0.00486	0.00503	0.00869	0.00399	0.00383
37	0.01107	0.01063	0.01682	0.46790	0.08335	0.04487	0.07166	0.01424	0.01180	0.01526	0.01425	0.15817	0.01345	0.00796	0.00632	0.00196	0.02324	0.00721	0.01348	0.00635
38	0.00868	0.00687	0.01058	0.15155	0.01546	0.00813	0.00865	0.01098	0.00959	0.01347	0.01448	0.02163	0.01329	0.05965	0.61137	0.00774	0.01361	0.00601	0.00299	0.00529
39	0.01545	0.01113	0.01761	0.30867	0.25187	0.01185	0.01396	0.05206	0.01372	0.18377	0.01438	0.05594	0.01118	0.00652	0.00580	0.00183	0.00648	0.00582	0.00393	0.00801
40	0.01288	0.04599	0.01595	0.28865	0.08990	0.07633	0.03676	0.06798	0.04660	0.01594	0.01148	0.01637	0.00969	0.04541	0.04341	0.15494	0.00730	0.00518	0.00305	0.00620
41	0.00859	0.00594	0.00702	0.00675	0.00811	0.00538	0.00481	0.01022	0.01331	0.05601	0.31010	0.07729	0.26870	0.17924	0.01146	0.00266	0.00351	0.01049	0.00539	0.00501
42	0.07358	0.01114	0.03238	0.04682	0.07144	0.00977	0.07242	0.02254	0.01439	0.42506	0.01693	0.01647	0.01142	0.00607	0.00543	0.00163	0.00549	0.00516	0.00526	0.14656
43	0.03696	0.15283	0.37770	0.01460	0.02103	0.05128	0.05312	0.18842	0.01569	0.02159	0.01065	0.01203	0.00791	0.00568	0.00522	0.00168	0.00761	0.00433	0.00328	0.00839

[dist]
# distance from previous block
# <min> <max>
2	5

[block]
# block no. 11 follows, 41 sequences, length 25
# corresponding to MSA columns:
# 407-431
name=unknown_L
#
# <colnr> <probs for GDERKNQSTAVLIFYWHMCP>
#	G	D	E	R	K	N	Q	S	T	A	V	L	I	F	Y	W	H	M	C	P
0	0.00949	0.00742	0.00881	0.00836	0.01012	0.00758	0.00628	0.01544	0.20718	0.02187	0.45002	0.12125	0.08059	0.01151	0.00657	0.00190	0.00325	0.01008	0.00601	0.00623
1	0.00796	0.00635	0.00935	0.21019	0.01638	0.00675	0.00804	0.00970	0.01113	0.01462	0.02658	0.57503	0.04680	0.01466	0.00688	0.00221	0.00443	0.01325	0.00459	0.00509
2	0.01130	0.02453	0.57359	0.21641	0.02857	0.01313	0.01977	0.01720	0.01191	0.01720	0.01024	0.01290	0.00734	0.00551	0.00551	0.00184	0.00824	0.00445	0.00245	0.00791
3	0.00736	0.00526	0.00708	0.00841	0.00891	0.00498	0.00599	0.00864	0.01134	0.01504	0.03131	0.66861	0.03698	0.01755	0.00740	0.00238	0.00366	0.13906	0.00530	0.00475
4	0.01186	0.01017	0.01186	0.00847	0.01356	0.00762	0.00678	0.01440	0.01186	0.01864	0.01017	0.01186	0.00847	0.00424	0.00424	0.00085	0.00424	0.00339	0.00339	0.83395
5	0.00786	0.00582	0.00717	0.00717	0.00804	0.00593	0.00501	0.00896	0.00986	0.01300	0.02745	0.03669	0.21111	0.32559	0.28937	0.00590	0.00834	0.00852	0.00380	0.00440
6	0.22884	0.01319	0.01815	0.13089	0.42713	0.05416	0.01402	0.01724	0.01212	0.01969	0.00985	0.01284	0.00802	0.00528	0.00509	0.00173	0.00648	0.00450	0.00298	0.00781
7	0.62445	0.01220	0.01500	0.01184	0.01596	0.01326	0.19782	0.01721	0.01071	0.02375	0.00890	0.01089	0.00684	0.00518	0.00438	0.00181	0.00578	0.00405	0.00337	0.00659
8	0.06082	0.50824	0.07308	0.01138	0.01592	0.21757	0.01066	0.01866	0.01274	0.01455	0.00833	0.00967	0.00728	0.00521	0.00416	0.00136	0.00727	0.00330	0.00263	0.00717
9	0.01697	0.59777	0.02664	0.01067	0.01548	0.02136	0.01007	0.20635	0.01560	0.01934	0.00946	0.01036	0.00796	0.00541	0.00420	0.00135	0.00616	0.00360	0.00330	0.00796
10	0.00711	0.00581	0.00628	0.00616	0.00794	0.00498	0.00462	0.00888	0.01386	0.01740	0.24072	0.05184	0.57698	0.01376	0.00676	0.00190	0.00285	0.01162	0.00557	0.00498
11	0.01791	0.01173	0.01324	0.01129	0.01493	0.01271	0.00895	0.06444	0.50411	0.23996	0.02261	0.02043	0.01613	0.00752	0.00580	0.00188	0.00471	0.00620	0.00618	0.00928
12	0.01052	0.00807	0.01018	0.01082	0.01264	0.00857	0.00917	0.01668	0.20570	0.01889	0.02846	0.05328	0.02890	0.01371	0.00736	0.00245	0.00507	0.53786	0.00541	0.00625
13	0.00894	0.00590	0.00720	0.00684	0.00824	0.00564	0.00514	0.01203	0.03690	0.02255	0.54547	0.03652	0.04266	0.01027	0.00600	0.00168	0.00274	0.00892	0.22084	0.00549
14	0.00694	0.00509	0.00652	0.00766	0.00822	0.00467	0.00518	0.00800	0.01124	0.01472	0.03519	0.69257	0.13814	0.01744	0.00723	0.00227	0.00326	0.01568	0.00531	0.00467
15	0.00685	0.00580	0.00592	0.00589	0.00778	0.00487	0.00442	0.00839	0.01325	0.01596	0.10587	0.05421	0.71273	0.01430	0.00676	0.00192	0.00288	0.01195	0.00538	0.00487
16	0.00691	0.00519	0.00642	0.00740	0.00815	0.00469	0.00506	0.00803	0.01149	0.01482	0.03840	0.60261	0.22603	0.01703	0.00716	0.00222	0.00321	0.01517	0.00531	0.00469
