[name]
unknown

[dist]
# distance from previous block
# <min> <max>
4	121

[block]
# block no. 0 follows, 41 sequences, length 96
# corresponding to MSA columns:
# 122-217
name=unknown_A
#
# <colnr> <probs for GDERKNQSTAVLIFYWHMCP>
#	G	D	E	R	K	N	Q	S	T	A	V	L	I	F	Y	W	H	M	C	P
0	0.01494	0.01677	0.15114	0.01650	0.01995	0.01529	0.12146	0.04634	0.01284	0.03054	0.01231	0.01664	0.01054	0.01010	0.04112	0.00267	0.32611	0.00572	0.02755	0.10147
1	0.01466	0.01365	0.03625	0.24290	0.23082	0.01393	0.09581	0.01994	0.15133	0.02049	0.05432	0.04597	0.01546	0.00800	0.00687	0.00226	0.00733	0.00685	0.00433	0.00884
2	0.01523	0.01612	0.03275	0.02405	0.02951	0.01490	0.67037	0.01904	0.01466	0.02006	0.01502	0.06816	0.01264	0.00716	0.00768	0.00235	0.00983	0.00800	0.00382	0.00862
3	0.01571	0.01454	0.02383	0.15685	0.58659	0.01459	0.05178	0.01852	0.01413	0.01998	0.01291	0.01740	0.01090	0.00668	0.00666	0.00215	0.00775	0.00587	0.00356	0.00961
4	0.01474	0.01599	0.06913	0.25019	0.03343	0.01495	0.46331	0.01860	0.01413	0.01919	0.01326	0.01815	0.01039	0.00663	0.00727	0.00232	0.00957	0.00676	0.00353	0.00845
5	0.01221	0.00669	0.00911	0.00902	0.00924	0.00637	0.00600	0.00922	0.00899	0.01221	0.01217	0.02028	0.01199	0.02084	0.02270	0.80452	0.00572	0.00567	0.00327	0.00377
6	0.01065	0.00727	0.00806	0.00796	0.00823	0.00699	0.00469	0.01013	0.00986	0.01341	0.01986	0.03902	0.02221	0.74276	0.05847	0.00596	0.00666	0.00882	0.00420	0.00478
7	0.01461	0.01345	0.02196	0.40038	0.34462	0.01431	0.05801	0.01758	0.01362	0.01865	0.01272	0.01776	0.01043	0.00688	0.00669	0.00222	0.00805	0.00589	0.00347	0.00872
8	0.01494	0.16802	0.54323	0.01720	0.05836	0.04995	0.01894	0.01951	0.01359	0.01911	0.01203	0.01465	0.00950	0.00683	0.00606	0.00209	0.00867	0.00477	0.00325	0.00927
9	0.01792	0.01453	0.01529	0.01338	0.01700	0.01604	0.01032	0.18052	0.57636	0.02824	0.02305	0.02250	0.01763	0.00898	0.00673	0.00229	0.00567	0.00685	0.00647	0.01025
10	0.01065	0.00725	0.00794	0.00785	0.00807	0.00693	0.00455	0.01006	0.00982	0.01333	0.01997	0.03961	0.02247	0.77236	0.02922	0.00582	0.00628	0.00891	0.00422	0.00472
11	0.01824	0.49799	0.08353	0.01323	0.01798	0.17711	0.02942	0.02051	0.05206	0.01673	0.01149	0.01359	0.01004	0.00679	0.00530	0.00180	0.00787	0.00431	0.00352	0.00849
12	0.01404	0.01299	0.01760	0.05693	0.01707	0.01680	0.01261	0.01482	0.01041	0.01580	0.01110	0.01761	0.01080	0.04500	0.08836	0.00358	0.61795	0.00595	0.00338	0.00720
13	0.00935	0.00670	0.00833	0.00951	0.01006	0.00606	0.00633	0.00971	0.01236	0.01671	0.03299	0.77058	0.03890	0.01896	0.00818	0.00271	0.00413	0.01657	0.00599	0.00585
14	0.01235	0.00875	0.00988	0.00957	0.01065	0.00862	0.00640	0.12710	0.01364	0.01847	0.02354	0.27791	0.02600	0.37879	0.03597	0.00426	0.00591	0.01089	0.00516	0.00613
15	0.02397	0.04861	0.07787	0.01351	0.05718	0.01154	0.01092	0.07160	0.02927	0.52001	0.02290	0.02200	0.04393	0.00846	0.00660	0.00216	0.00608	0.00637	0.00671	0.01031
16	0.00919	0.00749	0.00757	0.00746	0.00953	0.00625	0.00543	0.01003	0.01446	0.01775	0.07875	0.05625	0.71603	0.01557	0.00766	0.00233	0.00372	0.01248	0.00602	0.00605
17	0.02519	0.01138	0.01426	0.01143	0.01558	0.01019	0.00908	0.09277	0.01821	0.58947	0.05170	0.02280	0.01723	0.00863	0.00659	0.00214	0.00550	0.00652	0.07107	0.01025
18	0.02104	0.06094	0.02099	0.03606	0.03597	0.51251	0.13053	0.04853	0.01689	0.01788	0.01199	0.01481	0.01002	0.00718	0.00632	0.00197	0.01012	0.00506	0.02310	0.00810
19	0.02360	0.01736	0.01848	0.01452	0.01916	0.01869	0.01169	0.71990	0.02774	0.03740	0.01583	0.01675	0.01179	0.00830	0.00666	0.00212	0.00700	0.00585	0.00639	0.01076
20	0.02249	0.04545	0.01738	0.04727	0.01862	0.01212	0.06584	0.10496	0.05027	0.40198	0.01967	0.01974	0.01393	0.00779	0.00646	0.00204	0.00622	0.00600	0.00627	0.12548
21	0.01472	0.02745	0.55838	0.01768	0.02476	0.07813	0.08342	0.01957	0.01378	0.01970	0.01266	0.01564	0.00980	0.00714	0.00698	0.00221	0.04193	0.00521	0.03173	0.00911
22	0.02704	0.01183	0.01507	0.01190	0.01641	0.01049	0.00953	0.09084	0.01850	0.67950	0.02359	0.02179	0.01568	0.00849	0.00668	0.00217	0.00575	0.00638	0.00758	0.01076
23	0.19147	0.01524	0.11767	0.02868	0.02968	0.01281	0.01080	0.15766	0.01670	0.11662	0.09228	0.01904	0.01559	0.00782	0.00603	0.00203	0.00606	0.00562	0.00521	0.14299
24	0.01689	0.45375	0.24565	0.01331	0.01917	0.01926	0.01384	0.02027	0.05334	0.06792	0.01274	0.01455	0.01046	0.00686	0.00545	0.00190	0.00735	0.00454	0.00371	0.00903
25	0.02738	0.01129	0.01473	0.01165	0.01614	0.00969	0.00932	0.02892	0.01759	0.74271	0.02435	0.02228	0.01607	0.00851	0.00669	0.00218	0.00562	0.00643	0.00770	0.01076
26	0.78883	0.01253	0.01018	0.00916	0.01283	0.01383	0.00724	0.01857	0.01138	0.04875	0.01069	0.01276	0.00861	0.00685	0.00462	0.00218	0.00521	0.00395	0.00439	0.00745
27	0.01011	0.00753	0.00885	0.00843	0.01010	0.00665	0.00616	0.01182	0.01665	0.02295	0.56635	0.04769	0.22518	0.01363	0.00765	0.00224	0.00358	0.01128	0.00671	0.00644
28	0.01352	0.01179	0.01587	0.04526	0.01630	0.01401	0.03521	0.05341	0.01252	0.01781	0.01928	0.06400	0.07586	0.01617	0.10499	0.00355	0.37551	0.09352	0.00423	0.00720
29	0.00935	0.00670	0.00833	0.00951	0.01006	0.00606	0.00633	0.00971	0.01236	0.01671	0.03299	0.77058	0.03890	0.01896	0.00818	0.00271	0.00413	0.01657	0.00599	0.00585
30	0.01308	0.00958	0.01105	0.00998	0.01213	0.00925	0.00746	0.16525	0.01892	0.02613	0.45723	0.10870	0.09993	0.01274	0.00748	0.00224	0.00436	0.01046	0.00666	0.00737
31	0.02360	0.01736	0.01848	0.01452	0.01916	0.01869	0.01169	0.71990	0.02774	0.03740	0.01583	0.01675	0.01179	0.00830	0.00666	0.00212	0.00700	0.00585	0.00639	0.01076
32	0.81228	0.01257	0.01004	0.00909	0.01272	0.01396	0.00718	0.01825	0.01119	0.02738	0.01027	0.01247	0.00838	0.00680	0.00455	0.00218	0.00520	0.00387	0.00429	0.00735
33	0.00991	0.00505	0.00736	0.00736	0.00752	0.00510	0.00499	0.00807	0.00791	0.01104	0.01092	0.01795	0.01053	0.01985	0.05609	0.72557	0.00526	0.00505	0.07163	0.00284
34	0.01350	0.01543	0.03375	0.02411	0.02989	0.01446	0.74253	0.01832	0.01350	0.01832	0.01157	0.01543	0.00868	0.00482	0.00675	0.00193	0.00964	0.00675	0.00289	0.00771
35	0.00680	0.00580	0.00585	0.00583	0.00775	0.00485	0.00438	0.00828	0.01313	0.01567	0.07818	0.05469	0.74061	0.01441	0.00676	0.00193	0.00289	0.01202	0.00534	0.00485
36	0.00831	0.00560	0.00649	0.00649	0.00658	0.00568	0.00378	0.00848	0.00839	0.01128	0.01779	0.03614	0.02023	0.73353	0.09379	0.00586	0.00639	0.00813	0.00343	0.00361
37	0.01265	0.01264	0.02323	0.33590	0.29914	0.01344	0.18631	0.01654	0.01249	0.01695	0.01071	0.01490	0.00839	0.00528	0.00594	0.00184	0.00780	0.00548	0.00273	0.00765
38	0.01864	0.09056	0.13491	0.01333	0.01821	0.09453	0.01218	0.40816	0.10651	0.02753	0.01328	0.01359	0.00978	0.00647	0.00544	0.00169	0.00682	0.00482	0.00464	0.00892
39	0.00939	0.00729	0.00858	0.00807	0.01000	0.00705	0.00615	0.05191	0.10027	0.02082	0.33899	0.12673	0.18166	0.01206	0.00658	0.00189	0.00342	0.04507	0.00570	0.04835
40	0.01237	0.01047	0.01213	0.00871	0.01377	0.00814	0.00699	0.05184	0.01263	0.01953	0.01035	0.01196	0.00854	0.00437	0.00431	0.00089	0.00434	0.00348	0.00351	0.79167
41	0.01643	0.04300	0.05286	0.04853	0.05634	0.01220	0.01006	0.02546	0.35684	0.21197	0.02157	0.02101	0.04330	0.00741	0.00571	0.00182	0.00509	0.01919	0.00541	0.03580
42	0.01257	0.09636	0.55611	0.01504	0.02223	0.01354	0.05044	0.01864	0.04369	0.05664	0.05287	0.01443	0.01069	0.00589	0.00544	0.00177	0.00763	0.00474	0.00304	0.00824
43	0.01201	0.02341	0.49758	0.01995	0.17907	0.01300	0.06058	0.01798	0.04310	0.01834	0.01355	0.01540	0.04868	0.00591	0.00565	0.00181	0.00771	0.00507	0.00283	0.00837
44	0.00994	0.00832	0.04211	0.03625	0.07990	0.00763	0.00805	0.01381	0.06987	0.04733	0.47494	0.04556	0.03837	0.01314	0.07709	0.00249	0.00486	0.00869	0.00537	0.00628
45	0.01186	0.01017	0.01186	0.00847	0.01356	0.00762	0.00678	0.01440	0.01186	0.01864	0.01017	0.01186	0.00847	0.00424	0.00424	0.00085	0.00424	0.00339	0.00339	0.83395
46	0.00830	0.00561	0.00659	0.00659	0.00671	0.00574	0.00390	0.00854	0.00842	0.01135	0.01770	0.03566	0.02002	0.70932	0.11772	0.00598	0.00670	0.00806	0.00342	0.00366
47	0.00994	0.00497	0.00745	0.00745	0.00745	0.00497	0.00497	0.00745	0.00745	0.00994	0.00994	0.01739	0.00994	0.01987	0.02235	0.83358	0.00497	0.00497	0.00248	0.00248
48	0.02448	0.01164	0.01445	0.01108	0.01555	0.01123	0.00915	0.24492	0.01956	0.54571	0.01989	0.01773	0.01282	0.00701	0.00574	0.00175	0.00530	0.00557	0.00667	0.00973
49	0.01499	0.74156	0.08820	0.01030	0.01547	0.02190	0.01068	0.01721	0.01166	0.01382	0.00813	0.00940	0.00733	0.00494	0.00381	0.00127	0.00630	0.00315	0.00244	0.00743
50	0.00792	0.00584	0.00737	0.00736	0.00854	0.00547	0.00533	0.01047	0.03858	0.01997	0.47982	0.21487	0.11273	0.04028	0.00761	0.00206	0.00302	0.01166	0.00587	0.00523
51	0.00810	0.00585	0.00765	0.00720	0.00855	0.00540	0.00540	0.01079	0.01619	0.02294	0.76028	0.04273	0.05397	0.01169	0.00675	0.00180	0.00270	0.01034	0.00630	0.00540
52	0.00724	0.00542	0.00697	0.00791	0.00841	0.00524	0.00541	0.00825	0.01099	0.01451	0.03309	0.63798	0.12312	0.05371	0.00873	0.00243	0.03590	0.01492	0.00511	0.00468
53	0.80833	0.01125	0.00874	0.00774	0.01132	0.01302	0.00637	0.04444	0.01039	0.02606	0.00818	0.00946	0.00633	0.00537	0.00362	0.00177	0.00450	0.00318	0.00362	0.00633
54	0.00829	0.00553	0.00625	0.00628	0.00629	0.00552	0.00351	0.00831	0.00838	0.01117	0.01834	0.05510	0.02119	0.78077	0.02860	0.00547	0.00549	0.00850	0.00351	0.00349
55	0.01087	0.01026	0.01717	0.75417	0.03841	0.01290	0.01575	0.01458	0.01133	0.01458	0.01006	0.01514	0.00762	0.00589	0.00625	0.00193	0.03912	0.00508	0.00254	0.00635
56	0.01414	0.01255	0.03651	0.05008	0.38788	0.01230	0.03031	0.07835	0.07473	0.05101	0.01326	0.01700	0.01105	0.07030	0.04349	0.00232	0.00670	0.00542	0.00359	0.07901
57	0.00912	0.00652	0.00911	0.01043	0.01170	0.00650	0.00906	0.01169	0.01308	0.01701	0.03034	0.09479	0.03312	0.01589	0.00788	0.00262	0.00519	0.69545	0.00527	0.00524
58	0.01461	0.01248	0.01315	0.01172	0.01502	0.01441	0.00915	0.06701	0.71572	0.02455	0.02279	0.02095	0.01706	0.00771	0.00582	0.00193	0.00462	0.00640	0.00582	0.00909
59	0.01331	0.19799	0.48722	0.01612	0.07172	0.01517	0.04682	0.01837	0.01232	0.05556	0.01047	0.01209	0.00780	0.00535	0.00513	0.00168	0.00769	0.00421	0.00271	0.00828
60	0.02228	0.06540	0.01508	0.04105	0.01566	0.01101	0.00925	0.08165	0.01600	0.53494	0.04436	0.01831	0.01385	0.00728	0.00679	0.00180	0.07469	0.00558	0.00604	0.00898
61	0.01147	0.02959	0.76934	0.01630	0.02476	0.01328	0.02113	0.01811	0.01208	0.01811	0.01026	0.01208	0.00725	0.00543	0.00543	0.00181	0.00845	0.00423	0.00242	0.00845
62	0.00697	0.00498	0.00664	0.00796	0.00830	0.00465	0.00531	0.00796	0.01095	0.01460	0.03153	0.79525	0.03783	0.01792	0.00730	0.00232	0.00332	0.01626	0.00531	0.00465
63	0.01468	0.01336	0.02270	0.04604	0.64192	0.01337	0.05388	0.01861	0.04304	0.05907	0.01193	0.01482	0.00963	0.00531	0.00573	0.00173	0.00676	0.00527	0.00318	0.00898
64	0.01331	0.01272	0.02168	0.22481	0.58023	0.01337	0.01713	0.01681	0.01262	0.01766	0.01061	0.01443	0.00870	0.00525	0.00568	0.00175	0.00701	0.00509	0.00276	0.00838
65	0.00832	0.00555	0.00624	0.00624	0.00624	0.00555	0.00347	0.00832	0.00832	0.01109	0.01802	0.03743	0.02080	0.79898	0.02911	0.00555	0.00555	0.00832	0.00347	0.00347
66	0.01186	0.01017	0.01186	0.00847	0.01356	0.00762	0.00678	0.01440	0.01186	0.01864	0.01017	0.01186	0.00847	0.00424	0.00424	0.00085	0.00424	0.00339	0.00339	0.83395
67	0.05807	0.14746	0.06145	0.03421	0.02586	0.01575	0.51588	0.01783	0.01275	0.01769	0.01057	0.01382	0.00821	0.00505	0.00633	0.00181	0.03113	0.00575	0.00282	0.00753
68	0.01142	0.01091	0.01542	0.01355	0.01381	0.01491	0.01116	0.01287	0.00887	0.01364	0.00947	0.01502	0.00922	0.01829	0.20940	0.00419	0.59394	0.00529	0.00264	0.00597
69	0.01125	0.00971	0.04193	0.01493	0.19473	0.00900	0.00950	0.08991	0.01621	0.02302	0.43860	0.03061	0.03489	0.00912	0.00621	0.00175	0.00430	0.00807	0.03939	0.00686
70	0.00853	0.00590	0.00682	0.00669	0.00669	0.00616	0.00393	0.00860	0.00834	0.01123	0.01748	0.03615	0.02011	0.75851	0.02858	0.00539	0.04571	0.00815	0.00342	0.00361
71	0.83938	0.01106	0.00841	0.00752	0.01106	0.01283	0.00619	0.01681	0.00973	0.02566	0.00796	0.00929	0.00619	0.00531	0.00354	0.00177	0.00442	0.00310	0.00354	0.00619
72	0.01327	0.01486	0.03113	0.02262	0.02755	0.01473	0.63174	0.01756	0.01279	0.01762	0.01111	0.01518	0.00863	0.00624	0.02315	0.00214	0.11286	0.00651	0.00284	0.00747
73	0.05758	0.00968	0.01285	0.00998	0.01423	0.00857	0.00821	0.02681	0.02961	0.69458	0.05087	0.02000	0.01546	0.00720	0.00570	0.00177	0.00476	0.00584	0.00688	0.00941
74	0.00823	0.00554	0.00623	0.00626	0.00634	0.00550	0.00354	0.00831	0.00856	0.01134	0.01985	0.05577	0.04930	0.75098	0.02776	0.00533	0.00539	0.00865	0.00358	0.00355
75	0.01423	0.01229	0.01293	0.01164	0.01487	0.01423	0.00905	0.03039	0.75297	0.02393	0.02328	0.02134	0.01746	0.00776	0.00582	0.00194	0.00453	0.00647	0.00582	0.00905
76	0.01423	0.01229	0.01293	0.01164	0.01487	0.01423	0.00905	0.03039	0.75297	0.02393	0.02328	0.02134	0.01746	0.00776	0.00582	0.00194	0.00453	0.00647	0.00582	0.00905
77	0.00707	0.00514	0.00669	0.00783	0.00837	0.00476	0.00536	0.00823	0.01142	0.01511	0.06438	0.67614	0.10042	0.01729	0.00725	0.00228	0.00332	0.03887	0.00535	0.00471
78	0.01416	0.01359	0.02322	0.03511	0.76330	0.01359	0.01755	0.01755	0.01302	0.01869	0.01076	0.01416	0.00906	0.00510	0.00566	0.00170	0.00680	0.00510	0.00283	0.00906
79	0.01066	0.00533	0.00533	0.00533	0.00666	0.00533	0.00400	0.01333	0.01200	0.02132	0.01866	0.02132	0.01466	0.00666	0.00400	0.00133	0.00267	0.00533	0.83073	0.00533
80	0.01198	0.10900	0.65308	0.01605	0.02399	0.01432	0.05876	0.01802	0.01211	0.01764	0.01010	0.01196	0.00733	0.00535	0.00532	0.00176	0.00827	0.00424	0.00244	0.00830
81	0.19576	0.01056	0.01040	0.00884	0.01184	0.01166	0.00709	0.24180	0.08734	0.02708	0.01524	0.01635	0.01155	0.00654	0.00461	0.00161	0.00435	0.00490	0.31527	0.00724
82	0.01515	0.01180	0.01327	0.01028	0.01451	0.01126	0.00822	0.30523	0.01775	0.02505	0.01449	0.11877	0.01295	0.00714	0.00525	0.00139	0.00493	0.00584	0.00458	0.39214
83	0.01736	0.00991	0.01192	0.00995	0.01319	0.00977	0.00783	0.14093	0.12320	0.28143	0.08987	0.12383	0.04216	0.04099	0.00694	0.00197	0.00459	0.00771	0.00598	0.05046
84	0.00817	0.00613	0.00919	0.00919	0.01021	0.00715	0.00715	0.01021	0.00919	0.01328	0.01532	0.02247	0.01430	0.04290	0.77631	0.00919	0.01532	0.00613	0.00306	0.00511
85	0.00697	0.00498	0.00664	0.00796	0.00830	0.00465	0.00531	0.00796	0.01095	0.01460	0.03153	0.79525	0.03783	0.01792	0.00730	0.00232	0.00332	0.01626	0.00531	0.00465
86	0.01278	0.00974	0.01147	0.00874	0.01307	0.00789	0.00690	0.06252	0.01313	0.07526	0.01569	0.10546	0.04185	0.00662	0.00490	0.00119	0.00426	0.00552	0.00412	0.58888
87	0.00994	0.00497	0.00745	0.00745	0.00745	0.00497	0.00497	0.00745	0.00745	0.00994	0.00994	0.01739	0.00994	0.01987	0.02235	0.83358	0.00497	0.00497	0.00248	0.00248
88	0.00714	0.00510	0.00684	0.00816	0.00857	0.00480	0.00561	0.00826	0.01112	0.01480	0.03143	0.73890	0.03745	0.01776	0.00735	0.00235	0.00347	0.07089	0.00531	0.00469
89	0.01165	0.02649	0.63678	0.01733	0.06373	0.01326	0.04791	0.01765	0.01208	0.01792	0.01103	0.01445	0.00845	0.00601	0.00619	0.00187	0.04292	0.03347	0.00257	0.00823
90	0.01386	0.01430	0.05531	0.06196	0.63774	0.01362	0.08375	0.01754	0.01297	0.01847	0.01079	0.01423	0.00889	0.00511	0.00575	0.00173	0.00716	0.00521	0.00281	0.00881
91	0.01131	0.01044	0.01716	0.74912	0.03838	0.01294	0.01565	0.04874	0.01216	0.01562	0.01033	0.01518	0.00772	0.00577	0.00572	0.00190	0.00756	0.00509	0.00269	0.00651
92	0.00740	0.00544	0.00652	0.00696	0.00776	0.00501	0.00470	0.00857	0.01175	0.01544	0.15673	0.33256	0.20595	0.18478	0.01179	0.00284	0.00360	0.01258	0.00508	0.00456
93	0.01305	0.01264	0.02189	0.19547	0.52001	0.01307	0.06895	0.01656	0.01272	0.01763	0.01278	0.01630	0.04211	0.00563	0.00580	0.00177	0.00701	0.00552	0.00288	0.00819
94	0.37563	0.03858	0.10761	0.05786	0.10660	0.11858	0.01097	0.01882	0.01210	0.09087	0.01021	0.01166	0.00770	0.00556	0.00459	0.00172	0.00630	0.00392	0.00348	0.00726
95	0.02091	0.01607	0.01664	0.05837	0.04664	0.12974	0.01113	0.41063	0.02119	0.14824	0.01378	0.01419	0.00983	0.00679	0.00634	0.00174	0.04884	0.00501	0.00506	0.00886

[dist]
# distance from previous block
# <min> <max>
0	1

[block]
# block no. 1 follows, 41 sequences, length 125
# corresponding to MSA columns:
# 219-343
name=unknown_B
#
# <colnr> <probs for GDERKNQSTAVLIFYWHMCP>
#	G	D	E	R	K	N	Q	S	T	A	V	L	I	F	Y	W	H	M	C	P
0	0.83938	0.01106	0.00841	0.00752	0.01106	0.01283	0.00619	0.01681	0.00973	0.02566	0.00796	0.00929	0.00619	0.00531	0.00354	0.00177	0.00442	0.00310	0.00354	0.00619
1	0.70499	0.01022	0.00828	0.00747	0.01065	0.01163	0.00607	0.01584	0.01078	0.02522	0.12959	0.01470	0.01392	0.00634	0.00406	0.00177	0.00415	0.00427	0.00399	0.00607
2	0.01021	0.01020	0.05860	0.06690	0.05670	0.00895	0.20102	0.01259	0.01161	0.01586	0.03321	0.29692	0.02050	0.01168	0.00844	0.09766	0.00600	0.02312	0.00380	0.04603
3	0.00816	0.00644	0.00742	0.00729	0.00896	0.00607	0.00550	0.01152	0.08729	0.01888	0.29991	0.09547	0.33019	0.03239	0.00731	0.00204	0.00321	0.05086	0.00566	0.00543
4	0.00890	0.00976	0.09291	0.01120	0.01304	0.00841	0.07542	0.01103	0.01122	0.01545	0.04825	0.41483	0.07605	0.01527	0.05177	0.00260	0.11247	0.01151	0.00430	0.00562
5	0.01421	0.01223	0.01703	0.06804	0.04847	0.01342	0.12719	0.05593	0.36323	0.06338	0.04823	0.02045	0.04007	0.00744	0.00687	0.00192	0.05889	0.00645	0.00481	0.02175
6	0.05816	0.01291	0.10196	0.57683	0.05917	0.01310	0.02762	0.05344	0.01231	0.01695	0.01028	0.01444	0.00768	0.00569	0.00558	0.00187	0.00747	0.00491	0.00277	0.00687
7	0.01203	0.01145	0.01923	0.49109	0.28313	0.01326	0.01627	0.01556	0.01183	0.01595	0.01023	0.01474	0.00810	0.00573	0.00638	0.00187	0.04817	0.00508	0.00264	0.00726
8	0.00737	0.00572	0.00670	0.00667	0.00815	0.00505	0.00492	0.00930	0.01415	0.01860	0.35977	0.14154	0.36412	0.01370	0.00682	0.00192	0.00286	0.01184	0.00574	0.00505
9	0.09679	0.03623	0.44737	0.01400	0.02028	0.10785	0.01579	0.04526	0.06342	0.04667	0.01342	0.01442	0.04197	0.00615	0.00529	0.00177	0.00752	0.00462	0.00325	0.00795
10	0.01644	0.59979	0.02658	0.01091	0.01532	0.09628	0.01017	0.09586	0.01357	0.01596	0.00864	0.00995	0.00761	0.00547	0.00483	0.00137	0.04746	0.00345	0.00285	0.00747
11	0.00710	0.00505	0.00666	0.00783	0.00819	0.00473	0.00521	0.00811	0.01104	0.01478	0.06343	0.71895	0.03760	0.06152	0.00850	0.00248	0.00342	0.01555	0.00525	0.00461
12	0.01068	0.00715	0.01234	0.01063	0.01156	0.00734	0.12352	0.00962	0.00851	0.01154	0.01003	0.01674	0.00957	0.01679	0.01961	0.64402	0.05895	0.00526	0.00255	0.00358
13	0.01183	0.06313	0.68552	0.01729	0.07448	0.01372	0.02038	0.01803	0.01212	0.01794	0.01019	0.01209	0.00737	0.00539	0.00537	0.00178	0.00824	0.00423	0.00244	0.00844
14	0.00697	0.00498	0.00664	0.00796	0.00830	0.00465	0.00531	0.00796	0.01095	0.01460	0.03153	0.79525	0.03783	0.01792	0.00730	0.00232	0.00332	0.01626	0.00531	0.00465
15	0.04379	0.01162	0.01698	0.01396	0.01578	0.01414	0.09321	0.06820	0.01172	0.10709	0.01166	0.01527	0.00970	0.01294	0.11452	0.00312	0.39277	0.00539	0.03124	0.00690
16	0.19022	0.03866	0.01204	0.00913	0.01330	0.09221	0.00726	0.04224	0.01236	0.01983	0.01106	0.06435	0.00987	0.00569	0.00443	0.00126	0.00501	0.00429	0.00356	0.45325
17	0.01982	0.01575	0.04401	0.05721	0.05186	0.06725	0.01132	0.45526	0.08516	0.09525	0.01463	0.01519	0.01061	0.02277	0.00616	0.00181	0.00645	0.00524	0.00519	0.00907
18	0.00826	0.00577	0.00739	0.00739	0.00779	0.00617	0.00490	0.00906	0.00866	0.01194	0.01697	0.03159	0.01826	0.50371	0.32091	0.00697	0.00936	0.00746	0.00331	0.00411
19	0.01529	0.80242	0.02997	0.00979	0.01468	0.02263	0.00979	0.01713	0.01162	0.01346	0.00795	0.00918	0.00734	0.00489	0.00367	0.00122	0.00612	0.00306	0.00245	0.00734
20	0.00831	0.00600	0.00672	0.00654	0.00839	0.00516	0.00490	0.01000	0.01366	0.06784	0.18267	0.11552	0.51626	0.01377	0.00674	0.00193	0.00303	0.01169	0.00561	0.00525
21	0.00773	0.00583	0.00714	0.00681	0.00832	0.00524	0.00511	0.01009	0.01533	0.02090	0.56869	0.04609	0.24684	0.01246	0.00675	0.00184	0.00275	0.01082	0.00603	0.00524
22	0.00798	0.00584	0.00748	0.00707	0.00847	0.00535	0.00530	0.01057	0.01591	0.02228	0.69869	0.04381	0.11597	0.01194	0.00675	0.00181	0.00272	0.01050	0.00621	0.00535
23	0.02137	0.02726	0.01621	0.01474	0.01768	0.77602	0.01105	0.02284	0.01621	0.01400	0.00884	0.01031	0.00737	0.00589	0.00516	0.00147	0.01031	0.00368	0.00295	0.00663
24	0.01066	0.00533	0.00533	0.00533	0.00666	0.00533	0.00400	0.01333	0.01200	0.02132	0.01866	0.02132	0.01466	0.00666	0.00400	0.00133	0.00267	0.00533	0.83073	0.00533
25	0.02114	0.01572	0.01683	0.01304	0.01751	0.01746	0.01073	0.68673	0.08537	0.03507	0.01450	0.01435	0.01035	0.00694	0.00573	0.00173	0.00615	0.00526	0.00573	0.00967
26	0.83938	0.01106	0.00841	0.00752	0.01106	0.01283	0.00619	0.01681	0.00973	0.02566	0.00796	0.00929	0.00619	0.00531	0.00354	0.00177	0.00442	0.00310	0.00354	0.00619
27	0.00694	0.00510	0.00651	0.00763	0.00821	0.00467	0.00516	0.00800	0.01127	0.01473	0.03560	0.68114	0.14931	0.01739	0.00722	0.00226	0.00325	0.01561	0.00531	0.00467
28	0.83938	0.01106	0.00841	0.00752	0.01106	0.01283	0.00619	0.01681	0.00973	0.02566	0.00796	0.00929	0.00619	0.00531	0.00354	0.00177	0.00442	0.00310	0.00354	0.00619
29	0.02209	0.01546	0.01682	0.01290	0.01746	0.01691	0.01065	0.68052	0.02596	0.10108	0.01452	0.01424	0.01012	0.00689	0.00572	0.00172	0.00617	0.00520	0.00584	0.00973
30	0.01107	0.01041	0.01755	0.68531	0.11663	0.01261	0.01581	0.01477	0.01160	0.01505	0.01075	0.03429	0.00852	0.00595	0.00575	0.00189	0.00743	0.00536	0.00264	0.00660
31	0.01485	0.01692	0.14444	0.06892	0.05485	0.04748	0.38099	0.05682	0.01423	0.09636	0.01394	0.01627	0.03437	0.00570	0.00620	0.00185	0.00835	0.00603	0.00346	0.00797
32	0.00697	0.00498	0.00664	0.00796	0.00830	0.00465	0.00531	0.00796	0.01095	0.01460	0.03153	0.79525	0.03783	0.01792	0.00730	0.00232	0.00332	0.01626	0.00531	0.00465
33	0.01712	0.00781	0.01041	0.00881	0.01164	0.00693	0.00695	0.01928	0.01535	0.40713	0.24318	0.08278	0.05770	0.04525	0.00731	0.00202	0.00409	0.03233	0.00644	0.00748
34	0.68621	0.04693	0.01135	0.02517	0.06349	0.01352	0.02226	0.04128	0.01073	0.02463	0.00846	0.01001	0.00664	0.00533	0.00387	0.00174	0.00489	0.00341	0.00348	0.00659
35	0.01529	0.80242	0.02997	0.00979	0.01468	0.02263	0.00979	0.01713	0.01162	0.01346	0.00795	0.00918	0.00734	0.00489	0.00367	0.00122	0.00612	0.00306	0.00245	0.00734
36	0.01584	0.04347	0.08441	0.01230	0.01623	0.01242	0.07482	0.26714	0.04231	0.09916	0.01774	0.16775	0.01605	0.05305	0.00726	0.00203	0.00585	0.00748	0.00486	0.04981
37	0.04349	0.01743	0.19617	0.02232	0.26407	0.02572	0.13288	0.05229	0.11658	0.03472	0.01321	0.01591	0.01031	0.00589	0.00578	0.00182	0.00720	0.02223	0.00346	0.00851
38	0.00746	0.00581	0.00680	0.00676	0.00833	0.00515	0.00511	0.00946	0.01422	0.01858	0.34387	0.09226	0.38810	0.01361	0.00685	0.00194	0.00297	0.05191	0.00571	0.00508
39	0.00940	0.00697	0.00883	0.00846	0.00907	0.00778	0.00596	0.05707	0.01005	0.01388	0.01729	0.09943	0.01864	0.39420	0.23205	0.00574	0.07897	0.00794	0.00358	0.00469
40	0.01186	0.01017	0.01186	0.00847	0.01356	0.00762	0.00678	0.01440	0.01186	0.01864	0.01017	0.01186	0.00847	0.00424	0.00424	0.00085	0.00424	0.00339	0.00339	0.83395
41	0.00794	0.00583	0.00745	0.00713	0.00852	0.00534	0.00536	0.01046	0.01566	0.02180	0.65093	0.06300	0.13046	0.01223	0.00678	0.00184	0.00279	0.02503	0.00614	0.00531
42	0.01119	0.01060	0.01806	0.69628	0.11234	0.01283	0.02865	0.01498	0.01163	0.01509	0.01025	0.01514	0.00779	0.00564	0.00573	0.00189	0.00758	0.00511	0.00258	0.00665
43	0.83938	0.01106	0.00841	0.00752	0.01106	0.01283	0.00619	0.01681	0.00973	0.02566	0.00796	0.00929	0.00619	0.00531	0.00354	0.00177	0.00442	0.00310	0.00354	0.00619
44	0.01350	0.01543	0.03375	0.02411	0.02989	0.01446	0.74253	0.01832	0.01350	0.01832	0.01157	0.01543	0.00868	0.00482	0.00675	0.00193	0.00964	0.00675	0.00289	0.00771
45	0.00789	0.00581	0.00738	0.00705	0.00843	0.00530	0.00526	0.01036	0.01559	0.02168	0.64453	0.07376	0.14110	0.01228	0.00677	0.00184	0.00275	0.01079	0.00614	0.00530
46	0.00722	0.00636	0.04949	0.00843	0.00922	0.00513	0.00620	0.00853	0.01101	0.01480	0.03033	0.75125	0.03611	0.01722	0.00720	0.00229	0.00361	0.01558	0.00515	0.00486
47	0.01402	0.01440	0.02526	0.09155	0.47554	0.04695	0.21199	0.01775	0.01316	0.01806	0.01085	0.01442	0.00877	0.00511	0.00594	0.00177	0.00778	0.00548	0.00283	0.00838
48	0.00880	0.00596	0.00783	0.00738	0.00880	0.00548	0.00552	0.01136	0.01584	0.05547	0.67796	0.09282	0.05110	0.01191	0.00674	0.00183	0.00284	0.01054	0.00626	0.00554
49	0.01291	0.01593	0.10796	0.06111	0.04106	0.01498	0.43342	0.01697	0.01207	0.01700	0.01035	0.01432	0.00819	0.00621	0.00947	0.00205	0.19995	0.00593	0.00273	0.00739
50	0.02566	0.00973	0.01327	0.01018	0.01460	0.00841	0.00841	0.02788	0.01637	0.76726	0.02257	0.01947	0.01416	0.00708	0.00575	0.00177	0.00487	0.00575	0.00708	0.00973
51	0.01186	0.01017	0.01186	0.00847	0.01356	0.00762	0.00678	0.01440	0.01186	0.01864	0.01017	0.01186	0.00847	0.00424	0.00424	0.00085	0.00424	0.00339	0.00339	0.83395
52	0.00994	0.00497	0.00745	0.00745	0.00745	0.00497	0.00497	0.00745	0.00745	0.00994	0.00994	0.01739	0.00994	0.01987	0.02235	0.83358	0.00497	0.00497	0.00248	0.00248
53	0.00769	0.00561	0.00723	0.00737	0.00848	0.00516	0.00536	0.00979	0.01437	0.01980	0.47726	0.25786	0.10963	0.01379	0.00693	0.00198	0.00295	0.02770	0.00591	0.00513
54	0.01455	0.01642	0.10777	0.04378	0.50267	0.07018	0.04108	0.04333	0.06899	0.01915	0.01161	0.01422	0.00934	0.00546	0.00565	0.00173	0.00717	0.00505	0.00311	0.00873
55	0.01344	0.01406	0.01738	0.01499	0.01530	0.09686	0.01236	0.01471	0.00954	0.01379	0.00765	0.01228	0.00749	0.00958	0.01735	0.00240	0.70711	0.00487	0.00255	0.00630
56	0.00832	0.00555	0.00624	0.00624	0.00624	0.00555	0.00347	0.00832	0.00832	0.01109	0.01802	0.03743	0.02080	0.79898	0.02911	0.00555	0.00555	0.00832	0.00347	0.00347
57	0.00679	0.00580	0.00583	0.00582	0.00774	0.00484	0.00437	0.00826	0.01310	0.01560	0.07219	0.05480	0.74664	0.01443	0.00676	0.00193	0.00289	0.01204	0.00533	0.00484
58	0.01080	0.01017	0.01716	0.78523	0.03940	0.01271	0.01589	0.01461	0.01144	0.01461	0.01017	0.01525	0.00762	0.00572	0.00572	0.00191	0.00762	0.00508	0.00254	0.00635
59	0.01535	0.74582	0.06585	0.01012	0.01517	0.02184	0.01031	0.01743	0.01176	0.03147	0.00841	0.00956	0.00750	0.00497	0.00381	0.00127	0.00620	0.00318	0.00255	0.00745
60	0.79565	0.01165	0.02662	0.00790	0.01158	0.01299	0.00669	0.03838	0.01030	0.02579	0.00819	0.00949	0.00632	0.00536	0.00365	0.00177	0.00458	0.00318	0.00358	0.00635
61	0.05601	0.27964	0.02080	0.01193	0.01632	0.12971	0.01026	0.34324	0.01917	0.04587	0.01109	0.01168	0.00856	0.00600	0.00486	0.00152	0.00670	0.00416	0.00417	0.00832
62	0.83938	0.01106	0.00841	0.00752	0.01106	0.01283	0.00619	0.01681	0.00973	0.02566	0.00796	0.00929	0.00619	0.00531	0.00354	0.00177	0.00442	0.00310	0.00354	0.00619
63	0.00938	0.00791	0.00955	0.01158	0.09071	0.05861	0.00727	0.04300	0.01225	0.01596	0.02695	0.62273	0.03140	0.01523	0.00691	0.00217	0.00430	0.01371	0.00490	0.00548
64	0.01475	0.01201	0.01287	0.01153	0.01479	0.01372	0.00902	0.02982	0.69423	0.06553	0.02340	0.02225	0.01764	0.00791	0.00587	0.00195	0.00456	0.02327	0.00588	0.00900
65	0.00817	0.00613	0.00919	0.00919	0.01021	0.00715	0.00715	0.01021	0.00919	0.01328	0.01532	0.02247	0.01430	0.04290	0.77631	0.00919	0.01532	0.00613	0.00306	0.00511
66	0.00697	0.00579	0.00600	0.00595	0.00773	0.00492	0.00440	0.00847	0.01310	0.01596	0.12456	0.05292	0.65312	0.05523	0.00793	0.00211	0.00302	0.01171	0.00531	0.00481
67	0.00818	0.00611	0.00908	0.00908	0.01006	0.00709	0.00701	0.01014	0.00916	0.01319	0.01543	0.02306	0.01455	0.07247	0.74709	0.00905	0.01494	0.00621	0.00308	0.00504
68	0.01186	0.01017	0.01186	0.00847	0.01356	0.00762	0.00678	0.01440	0.01186	0.01864	0.01017	0.01186	0.00847	0.00424	0.00424	0.00085	0.00424	0.00339	0.00339	0.83395
69	0.83938	0.01106	0.00841	0.00752	0.01106	0.01283	0.00619	0.01681	0.00973	0.02566	0.00796	0.00929	0.00619	0.00531	0.00354	0.00177	0.00442	0.00310	0.00354	0.00619
70	0.01174	0.00778	0.00894	0.00822	0.01070	0.00747	0.00647	0.01643	0.15764	0.14399	0.13260	0.04174	0.34288	0.01169	0.00650	0.00195	0.00371	0.06714	0.00583	0.00658
71	0.01730	0.08689	0.01759	0.09124	0.01829	0.01663	0.01107	0.38365	0.03321	0.04000	0.01222	0.01495	0.00977	0.05604	0.00957	0.00209	0.16192	0.00515	0.00434	0.00807
72	0.01761	0.07843	0.01684	0.01295	0.01576	0.19014	0.01046	0.27675	0.03224	0.02175	0.01145	0.01450	0.00966	0.06257	0.04394	0.00238	0.16626	0.00491	0.00391	0.00748
73	0.00831	0.00609	0.00783	0.00744	0.00882	0.00575	0.00556	0.01152	0.04893	0.02255	0.68915	0.08111	0.05149	0.01184	0.00673	0.00183	0.00281	0.01048	0.00622	0.00552
74	0.01445	0.01210	0.01280	0.01128	0.01453	0.01374	0.00884	0.11685	0.58861	0.02480	0.04579	0.02343	0.07084	0.00824	0.00590	0.00191	0.00458	0.00682	0.00579	0.00873
75	0.00708	0.00517	0.00667	0.00764	0.00826	0.00476	0.00522	0.00833	0.01181	0.01570	0.12199	0.62502	0.11769	0.01680	0.00718	0.00222	0.00320	0.01510	0.00543	0.00476
76	0.83938	0.01106	0.00841	0.00752	0.01106	0.01283	0.00619	0.01681	0.00973	0.02566	0.00796	0.00929	0.00619	0.00531	0.00354	0.00177	0.00442	0.00310	0.00354	0.00619
77	0.83938	0.01106	0.00841	0.00752	0.01106	0.01283	0.00619	0.01681	0.00973	0.02566	0.00796	0.00929	0.00619	0.00531	0.00354	0.00177	0.00442	0.00310	0.00354	0.00619
78	0.01470	0.01252	0.01320	0.01174	0.01506	0.01445	0.00917	0.07557	0.70702	0.02469	0.02268	0.02086	0.01697	0.00770	0.00581	0.00193	0.00464	0.00638	0.00581	0.00910
79	0.01087	0.01023	0.01728	0.77049	0.05362	0.01273	0.01592	0.01467	0.01147	0.01469	0.01018	0.01523	0.00765	0.00571	0.00572	0.00190	0.00761	0.00508	0.00255	0.00641
80	0.01326	0.01714	0.12245	0.02317	0.02927	0.01432	0.65554	0.01830	0.01333	0.01830	0.01141	0.01502	0.00851	0.00490	0.00659	0.00191	0.00950	0.00645	0.00284	0.00780
81	0.01428	0.01677	0.18139	0.02757	0.46937	0.01314	0.07260	0.01864	0.02854	0.06951	0.01177	0.01428	0.00916	0.00532	0.00568	0.00173	0.00714	0.00508	0.00311	0.02494
82	0.56263	0.14186	0.06785	0.00927	0.01319	0.05754	0.00842	0.01716	0.01053	0.02195	0.00816	0.00968	0.00658	0.00549	0.00447	0.00170	0.04046	0.00329	0.00320	0.00657
83	0.01611	0.69972	0.02819	0.01038	0.01508	0.09425	0.00995	0.04433	0.01262	0.01434	0.00825	0.00945	0.00743	0.00506	0.00389	0.00127	0.00652	0.00319	0.00261	0.00736
84	0.00998	0.00524	0.00796	0.04812	0.00912	0.00537	0.00554	0.00783	0.00766	0.01018	0.00995	0.01728	0.00981	0.01913	0.02148	0.79010	0.00511	0.00497	0.00249	0.00269
85	0.01768	0.02092	0.03416	0.24431	0.02420	0.45366	0.01263	0.06114	0.04831	0.01596	0.01019	0.01251	0.00803	0.00597	0.00539	0.00165	0.00898	0.00432	0.00310	0.00687
86	0.00721	0.00521	0.00706	0.02646	0.00927	0.00497	0.00582	0.00839	0.01111	0.01477	0.03094	0.72722	0.03679	0.01749	0.00730	0.00233	0.00355	0.06414	0.00524	0.00473
87	0.01918	0.01685	0.10787	0.01388	0.01840	0.01651	0.03678	0.51442	0.02201	0.05911	0.01299	0.01405	0.00950	0.01926	0.00749	0.00188	0.09072	0.00515	0.00490	0.00904
88	0.01163	0.00908	0.01089	0.00832	0.01243	0.00710	0.00654	0.01408	0.01274	0.05821	0.13524	0.07055	0.01822	0.00654	0.00494	0.00115	0.00395	0.00553	0.00419	0.59868
89	0.01529	0.80242	0.02997	0.00979	0.01468	0.02263	0.00979	0.01713	0.01162	0.01346	0.00795	0.00918	0.00734	0.00489	0.00367	0.00122	0.00612	0.00306	0.00245	0.00734
90	0.04709	0.01227	0.09328	0.03808	0.01628	0.00937	0.00959	0.05024	0.01466	0.39745	0.01650	0.01583	0.01116	0.00599	0.00522	0.00152	0.00521	0.00479	0.00522	0.24026
91	0.16702	0.02084	0.40133	0.06730	0.05515	0.01287	0.04648	0.04708	0.01275	0.10127	0.01138	0.01288	0.00807	0.00562	0.00521	0.00180	0.00715	0.00442	0.00331	0.00808
92	0.01389	0.20809	0.04460	0.01037	0.01361	0.17247	0.00885	0.02901	0.09143	0.03802	0.05617	0.06050	0.16770	0.00905	0.00557	0.00171	0.00590	0.05226	0.00415	0.00667
93	0.02035	0.01499	0.01657	0.06534	0.01879	0.01667	0.01093	0.59147	0.10254	0.06126	0.01484	0.01486	0.01058	0.00689	0.00573	0.00176	0.00614	0.00531	0.00557	0.00943
94	0.01266	0.01380	0.10988	0.38394	0.29678	0.01297	0.02787	0.01662	0.01229	0.04346	0.01086	0.01463	0.00834	0.00550	0.00568	0.00182	0.00736	0.00503	0.00280	0.00772
95	0.13763	0.36210	0.24907	0.01186	0.01753	0.04745	0.01282	0.07139	0.01279	0.01838	0.00912	0.01045	0.00732	0.00530	0.00439	0.00153	0.00675	0.00360	0.00286	0.00766
96	0.00676	0.00579	0.00579	0.00579	0.00773	0.00483	0.00435	0.00821	0.01304	0.01545	0.05794	0.05505	0.76098	0.01449	0.00676	0.00193	0.00290	0.01207	0.00531	0.00483
97	0.00754	0.00523	0.00652	0.00726	0.00750	0.00503	0.00459	0.00821	0.01012	0.01355	0.05411	0.47018	0.03179	0.32307	0.01581	0.00356	0.00417	0.01293	0.00463	0.00421
98	0.01825	0.09186	0.18395	0.05383	0.01996	0.04621	0.01318	0.40946	0.03766	0.05228	0.01257	0.01326	0.00909	0.00630	0.00545	0.00170	0.00689	0.00474	0.00446	0.00891
99	0.01099	0.01036	0.01750	0.74309	0.08007	0.01276	0.01598	0.01478	0.01153	0.01484	0.01020	0.01519	0.00771	0.00568	0.00572	0.00189	0.00758	0.00508	0.00256	0.00651
100	0.01142	0.00606	0.00614	0.00586	0.00742	0.00617	0.00447	0.06299	0.01301	0.02233	0.01832	0.02081	0.01433	0.00668	0.00412	0.00136	0.00291	0.00532	0.77468	0.00563
101	0.07195	0.00619	0.00636	0.00616	0.00773	0.00640	0.00469	0.03781	0.01244	0.02165	0.06818	0.03851	0.01702	0.00919	0.04767	0.00187	0.00365	0.00578	0.62122	0.00552
102	0.02082	0.00997	0.01346	0.11676	0.01762	0.00968	0.00934	0.08257	0.05171	0.48890	0.06048	0.06033	0.01645	0.00772	0.00588	0.00182	0.00515	0.00644	0.00615	0.00874
103	0.00697	0.00498	0.00664	0.00796	0.00830	0.00465	0.00531	0.00796	0.01095	0.01460	0.03153	0.79525	0.03783	0.01792	0.00730	0.00232	0.00332	0.01626	0.00531	0.00465
104	0.01147	0.02959	0.76934	0.01630	0.02476	0.01328	0.02113	0.01811	0.01208	0.01811	0.01026	0.01208	0.00725	0.00543	0.00543	0.00181	0.00845	0.00423	0.00242	0.00845
105	0.01186	0.01017	0.01186	0.00847	0.01356	0.00762	0.00678	0.01440	0.01186	0.01864	0.01017	0.01186	0.00847	0.00424	0.00424	0.00085	0.00424	0.00339	0.00339	0.83395
106	0.02174	0.01602	0.01717	0.01316	0.01774	0.01774	0.01087	0.74423	0.02689	0.03605	0.01373	0.01373	0.00973	0.00687	0.00572	0.00172	0.00629	0.00515	0.00572	0.00973
107	0.00701	0.00501	0.00668	0.00794	0.00831	0.00467	0.00531	0.00807	0.01115	0.01492	0.05939	0.76648	0.03845	0.01768	0.00728	0.00230	0.00329	0.01603	0.00535	0.00467
108	0.01384	0.01302	0.02047	0.15282	0.09088	0.04046	0.15600	0.04411	0.01200	0.05577	0.01051	0.01435	0.00857	0.00727	0.01079	0.00207	0.30378	0.00538	0.03080	0.00711
109	0.36574	0.01111	0.01409	0.23765	0.15352	0.01246	0.01126	0.01749	0.01152	0.10062	0.01066	0.01297	0.00797	0.00558	0.00478	0.00180	0.00582	0.00431	0.00350	0.00713
110	0.06705	0.01035	0.01322	0.01026	0.01453	0.00957	0.00845	0.09911	0.02807	0.61856	0.04569	0.01917	0.01468	0.00713	0.00567	0.00177	0.00491	0.00572	0.00671	0.00939
111	0.01328	0.00879	0.01263	0.07735	0.13418	0.00911	0.03571	0.07305	0.01306	0.09162	0.01531	0.01853	0.01211	0.01224	0.11134	0.06438	0.00639	0.00543	0.27885	0.00664
112	0.06509	0.31636	0.01877	0.01112	0.05508	0.10888	0.00892	0.03334	0.01332	0.01702	0.14315	0.02124	0.10747	0.00772	0.00575	0.00158	0.04910	0.00576	0.00369	0.00664
113	0.00707	0.00567	0.00635	0.00680	0.00818	0.00501	0.00491	0.00872	0.02752	0.01555	0.06410	0.30784	0.46432	0.01549	0.00695	0.00208	0.00313	0.03007	0.00534	0.00488
114	0.15940	0.01347	0.08126	0.28461	0.19664	0.01334	0.04272	0.08096	0.01318	0.04674	0.01074	0.01370	0.00813	0.00559	0.00534	0.00181	0.00680	0.00476	0.00323	0.00760
115	0.01201	0.02667	0.66915	0.01527	0.02296	0.01241	0.01923	0.01811	0.01263	0.06057	0.06779	0.01481	0.01117	0.00600	0.00555	0.00181	0.00782	0.00478	0.00297	0.00829
116	0.01261	0.01088	0.01848	0.09726	0.43046	0.01111	0.04865	0.01469	0.02532	0.01590	0.01075	0.01538	0.00931	0.00939	0.01047	0.23812	0.00645	0.00516	0.00276	0.00687
117	0.00810	0.00585	0.00765	0.00720	0.00855	0.00540	0.00540	0.01079	0.01619	0.02294	0.76028	0.04273	0.05397	0.01169	0.00675	0.00180	0.00270	0.01034	0.00630	0.00540
118	0.83938	0.01106	0.00841	0.00752	0.01106	0.01283	0.00619	0.01681	0.00973	0.02566	0.00796	0.00929	0.00619	0.00531	0.00354	0.00177	0.00442	0.00310	0.00354	0.00619
119	0.00697	0.00498	0.00664	0.00796	0.00830	0.00465	0.00531	0.00796	0.01095	0.01460	0.03153	0.79525	0.03783	0.01792	0.00730	0.00232	0.00332	0.01626	0.00531	0.00465
120	0.01080	0.01017	0.01716	0.78523	0.03940	0.01271	0.01589	0.01461	0.01144	0.01461	0.01017	0.01525	0.00762	0.00572	0.00572	0.00191	0.00762	0.00508	0.00254	0.00635
121	0.01186	0.01017	0.01186	0.00847	0.01356	0.00762	0.00678	0.01440	0.01186	0.01864	0.01017	0.01186	0.00847	0.00424	0.00424	0.00085	0.00424	0.00339	0.00339	0.83395
122	0.14081	0.02972	0.01170	0.00974	0.01250	0.01146	0.00774	0.20843	0.07539	0.07403	0.06461	0.02315	0.01643	0.11676	0.11180	0.00329	0.00650	0.04626	0.02269	0.00700
123	0.03442	0.00995	0.01627	0.71906	0.03680	0.01227	0.01496	0.01432	0.01148	0.01498	0.01279	0.01731	0.04991	0.00620	0.00571	0.00190	0.00727	0.00542	0.00273	0.00626
124	0.01360	0.01220	0.06506	0.13092	0.04399	0.01033	0.01005	0.11574	0.01410	0.04983	0.01150	0.01340	0.00892	0.00514	0.00485	0.00128	0.00538	0.00418	0.03600	0.44351

[dist]
# distance from previous block
# <min> <max>
0	1

[block]
# block no. 2 follows, 41 sequences, length 8
# corresponding to MSA columns:
# 345-352
name=unknown_C
#
# <colnr> <probs for GDERKNQSTAVLIFYWHMCP>
#	G	D	E	R	K	N	Q	S	T	A	V	L	I	F	Y	W	H	M	C	P
0	0.41604	0.03767	0.03997	0.01010	0.01388	0.16282	0.00843	0.08139	0.01359	0.12490	0.01106	0.01176	0.00817	0.00584	0.00444	0.00168	0.00594	0.00386	0.03130	0.00715
1	0.00852	0.00645	0.00817	0.00773	0.00953	0.00569	0.00587	0.01083	0.01418	0.01993	0.41602	0.16758	0.08234	0.01207	0.00654	0.00182	0.00328	0.07117	0.00552	0.13676
2	0.01083	0.01019	0.01739	0.63358	0.08808	0.01216	0.04553	0.01441	0.01160	0.01506	0.01209	0.08159	0.01034	0.00668	0.00589	0.00193	0.00728	0.00611	0.00281	0.00646
3	0.00723	0.00518	0.00687	0.00779	0.00835	0.00482	0.00533	0.00862	0.01216	0.01652	0.19929	0.62201	0.04155	0.01649	0.00717	0.00220	0.00318	0.01490	0.00554	0.00482
4	0.01287	0.01982	0.26198	0.02169	0.02830	0.01410	0.51871	0.01826	0.01306	0.01826	0.01117	0.01439	0.00823	0.00501	0.00634	0.00189	0.00927	0.00597	0.00274	0.00794
5	0.01379	0.01219	0.01907	0.23975	0.38076	0.01321	0.01502	0.01969	0.15449	0.05472	0.01356	0.01610	0.01051	0.00588	0.00571	0.00181	0.00650	0.00539	0.00353	0.00833
6	0.01147	0.02959	0.76934	0.01630	0.02476	0.01328	0.02113	0.01811	0.01208	0.01811	0.01026	0.01208	0.00725	0.00543	0.00543	0.00181	0.00845	0.00423	0.00242	0.00845
7	0.00830	0.00635	0.00827	0.07917	0.01160	0.00642	0.00645	0.01118	0.06545	0.01752	0.21458	0.33033	0.10801	0.03623	0.03655	0.00241	0.00410	0.01169	0.03007	0.00533

[dist]
# distance from previous block
# <min> <max>
0	25

[block]
# block no. 3 follows, 41 sequences, length 19
# corresponding to MSA columns:
# 378-396
name=unknown_D
#
# <colnr> <probs for GDERKNQSTAVLIFYWHMCP>
#	G	D	E	R	K	N	Q	S	T	A	V	L	I	F	Y	W	H	M	C	P
0	0.01635	0.01241	0.01621	0.01348	0.01519	0.01542	0.01114	0.16754	0.01390	0.14412	0.01248	0.05209	0.01056	0.00925	0.01333	0.00221	0.45706	0.00571	0.00407	0.00748
1	0.00949	0.00542	0.00804	0.03977	0.00924	0.00564	0.00574	0.00824	0.00824	0.01101	0.01373	0.02041	0.05601	0.02272	0.14389	0.61421	0.00664	0.00559	0.00275	0.00321
2	0.70645	0.01084	0.00920	0.00796	0.01164	0.01211	0.00656	0.01862	0.01082	0.14681	0.01035	0.01095	0.00750	0.00560	0.00390	0.00177	0.00450	0.00353	0.00412	0.00677
3	0.01392	0.01103	0.01181	0.01054	0.01361	0.01219	0.00828	0.08545	0.48911	0.05949	0.02825	0.02770	0.13861	0.00902	0.00599	0.00192	0.00440	0.03355	0.02691	0.00822
4	0.02290	0.00926	0.01251	0.00988	0.01359	0.00830	0.00797	0.05947	0.01543	0.60789	0.02007	0.01885	0.01325	0.00916	0.00846	0.13765	0.00495	0.00559	0.00626	0.00855
5	0.00910	0.00833	0.04254	0.01543	0.20716	0.00742	0.00926	0.01103	0.01169	0.01593	0.02618	0.50725	0.05676	0.01384	0.00679	0.00213	0.00449	0.03416	0.00454	0.00599
6	0.01245	0.19170	0.56747	0.01465	0.02203	0.01531	0.01801	0.01865	0.05682	0.01748	0.01056	0.01202	0.00788	0.00546	0.00509	0.00170	0.00772	0.00412	0.00263	0.00825
7	0.02345	0.13935	0.01599	0.01018	0.01463	0.01100	0.00866	0.02623	0.04916	0.61025	0.02021	0.01787	0.01320	0.00675	0.00542	0.00169	0.00506	0.00534	0.00627	0.00931
8	0.01806	0.01028	0.01383	0.01425	0.13591	0.01007	0.00956	0.09108	0.10601	0.32470	0.02177	0.18206	0.01830	0.00911	0.00607	0.00189	0.00495	0.00789	0.00573	0.00847
9	0.16806	0.01176	0.03290	0.28043	0.07022	0.01381	0.06206	0.02761	0.01094	0.01744	0.01033	0.05132	0.00899	0.00722	0.00869	0.00203	0.20133	0.00533	0.00295	0.00658
