[name]
unknown

[dist]
# distance from previous block
# <min> <max>
0	434

[block]
# block no. 0 follows, 39 sequences, length 76
# corresponding to MSA columns:
# 465-540
name=unknown_A
#
# <colnr> <probs for GDERKNQSTAVLIFYWHMCP>
#	G	D	E	R	K	N	Q	S	T	A	V	L	I	F	Y	W	H	M	C	P
0	0.01399	0.01585	0.03431	0.02554	0.07004	0.01491	0.69514	0.01890	0.01393	0.01896	0.01192	0.01588	0.00899	0.00500	0.00692	0.00198	0.00981	0.00689	0.00299	0.00805
1	0.83394	0.01144	0.00869	0.00778	0.01144	0.01327	0.00640	0.01738	0.01006	0.02653	0.00823	0.00961	0.00640	0.00549	0.00366	0.00183	0.00457	0.00320	0.00366	0.00640
2	0.00860	0.00573	0.00645	0.00645	0.00645	0.00573	0.00358	0.00860	0.00860	0.01147	0.01863	0.03870	0.02150	0.79217	0.03010	0.00573	0.00573	0.00860	0.00358	0.00358
3	0.01294	0.01294	0.01811	0.01553	0.01553	0.01811	0.01294	0.01423	0.00906	0.01423	0.00776	0.01294	0.00776	0.01035	0.01941	0.00259	0.78134	0.00518	0.00259	0.00647
4	0.01126	0.01063	0.01776	0.73969	0.03947	0.01339	0.01625	0.01507	0.01169	0.01507	0.01037	0.01562	0.00788	0.00614	0.00659	0.00200	0.04670	0.00525	0.00263	0.00656
5	0.00845	0.00634	0.00950	0.00950	0.01056	0.00739	0.00739	0.01056	0.00950	0.01373	0.01584	0.02323	0.01478	0.04435	0.76873	0.00950	0.01584	0.00634	0.00317	0.00528
6	0.02248	0.01656	0.01775	0.01361	0.01834	0.01834	0.01124	0.73556	0.02780	0.03727	0.01420	0.01420	0.01006	0.00710	0.00592	0.00177	0.00651	0.00532	0.00592	0.01006
7	0.01471	0.01270	0.01337	0.01203	0.01538	0.01471	0.00936	0.03142	0.74459	0.02474	0.02407	0.02206	0.01805	0.00802	0.00602	0.00201	0.00468	0.00669	0.00602	0.00936
8	0.01581	0.79572	0.03099	0.01012	0.01518	0.02340	0.01012	0.01771	0.01202	0.01391	0.00822	0.00949	0.00759	0.00506	0.00379	0.00126	0.00632	0.00316	0.00253	0.00759
9	0.05552	0.01191	0.01931	0.48948	0.03329	0.01367	0.12253	0.10275	0.01410	0.03302	0.01163	0.01561	0.00864	0.00596	0.00589	0.00192	0.00761	0.00544	0.03450	0.00722
10	0.05620	0.01509	0.02744	0.05550	0.02636	0.01536	0.45758	0.11940	0.09241	0.02211	0.01312	0.01590	0.00985	0.00589	0.00703	0.00198	0.04047	0.00637	0.00372	0.00821
11	0.01027	0.00514	0.00770	0.00770	0.00770	0.00514	0.00514	0.00770	0.00770	0.01027	0.01027	0.01798	0.01027	0.02054	0.02311	0.82794	0.00514	0.00514	0.00257	0.00257
12	0.01320	0.01347	0.01800	0.01545	0.01576	0.05517	0.02968	0.01458	0.00965	0.01439	0.00890	0.04316	0.00901	0.01033	0.01794	0.00251	0.69400	0.00560	0.00273	0.00646
13	0.00810	0.00603	0.00753	0.00715	0.00867	0.00546	0.00537	0.01063	0.01610	0.02219	0.61593	0.04668	0.19298	0.01266	0.00698	0.00189	0.00283	0.01105	0.00631	0.00546
14	0.01226	0.01051	0.01226	0.00876	0.01401	0.00788	0.00701	0.01489	0.01226	0.01927	0.01051	0.01226	0.00876	0.00438	0.00438	0.00088	0.00438	0.00350	0.00350	0.82832
15	0.01294	0.01294	0.01811	0.01553	0.01553	0.01811	0.01294	0.01423	0.00906	0.01423	0.00776	0.01294	0.00776	0.01035	0.01941	0.00259	0.78134	0.00518	0.00259	0.00647
16	0.00860	0.00573	0.00645	0.00645	0.00645	0.00573	0.00358	0.00860	0.00860	0.01147	0.01863	0.03870	0.02150	0.79217	0.03010	0.00573	0.00573	0.00860	0.00358	0.00358
17	0.01186	0.03059	0.76153	0.01686	0.02560	0.01373	0.02185	0.01873	0.01249	0.01873	0.01061	0.01249	0.00749	0.00562	0.00562	0.00187	0.00874	0.00437	0.00250	0.00874
18	0.01464	0.01405	0.02400	0.03630	0.75528	0.01405	0.01815	0.01815	0.01347	0.01932	0.01112	0.01464	0.00937	0.00527	0.00585	0.00176	0.00703	0.00527	0.00293	0.00937
19	0.00953	0.00681	0.00953	0.01089	0.01225	0.00681	0.00953	0.01225	0.01361	0.01770	0.03131	0.06671	0.03403	0.01634	0.00817	0.00272	0.00545	0.71547	0.00545	0.00545
20	0.00721	0.00515	0.00686	0.00823	0.00858	0.00480	0.00549	0.00823	0.01132	0.01510	0.03259	0.78831	0.03911	0.01853	0.00755	0.00240	0.00343	0.01681	0.00549	0.00480
21	0.00915	0.00685	0.00992	0.00971	0.01095	0.00794	0.00759	0.04694	0.01042	0.01491	0.01576	0.02278	0.01455	0.04248	0.73045	0.00912	0.01537	0.00629	0.00331	0.00552
22	0.01581	0.79572	0.03099	0.01012	0.01518	0.02340	0.01012	0.01771	0.01202	0.01391	0.00822	0.00949	0.00759	0.00506	0.00379	0.00126	0.00632	0.00316	0.00253	0.00759
23	0.01396	0.01595	0.03490	0.02493	0.03091	0.01496	0.73380	0.01894	0.01396	0.01894	0.01196	0.01595	0.00897	0.00499	0.00698	0.00199	0.00997	0.00698	0.00299	0.00798
24	0.29894	0.01053	0.01203	0.00960	0.01386	0.01024	0.00792	0.02496	0.01461	0.51212	0.01824	0.01658	0.01186	0.00670	0.00518	0.00183	0.00488	0.00502	0.00608	0.00883
25	0.01396	0.01595	0.03490	0.02493	0.03091	0.01496	0.73380	0.01894	0.01396	0.01894	0.01196	0.01595	0.00897	0.00499	0.00698	0.00199	0.00997	0.00698	0.00299	0.00798
26	0.00721	0.00515	0.00686	0.00823	0.00858	0.00480	0.00549	0.00823	0.01132	0.01510	0.03259	0.78831	0.03911	0.01853	0.00755	0.00240	0.00343	0.01681	0.00549	0.00480
27	0.02434	0.01042	0.01359	0.01065	0.01496	0.00955	0.00872	0.06306	0.08283	0.61988	0.06041	0.02125	0.01684	0.00762	0.00600	0.00184	0.00496	0.00623	0.00709	0.00977
28	0.00843	0.00608	0.00799	0.00762	0.00901	0.00564	0.00578	0.01122	0.01658	0.02341	0.71510	0.04533	0.05468	0.01231	0.00704	0.00190	0.00293	0.04692	0.00646	0.00557
29	0.02283	0.00980	0.01294	0.01018	0.01417	0.00883	0.00830	0.07862	0.01771	0.56747	0.15901	0.02418	0.02200	0.00820	0.00614	0.00183	0.00472	0.00679	0.00706	0.00922
30	0.00846	0.00631	0.00936	0.00936	0.01037	0.00732	0.00722	0.01047	0.00946	0.01362	0.01597	0.02395	0.01509	0.07887	0.73464	0.00933	0.01537	0.00644	0.00319	0.00520
31	0.01891	0.01275	0.01398	0.01117	0.01511	0.01341	0.00908	0.40710	0.06849	0.13999	0.02637	0.02517	0.17464	0.00892	0.00612	0.00184	0.00531	0.00708	0.02575	0.00879
32	0.01432	0.05578	0.06862	0.05381	0.09730	0.01505	0.43372	0.02012	0.09270	0.04171	0.01307	0.01598	0.00993	0.00568	0.00689	0.00194	0.03549	0.00628	0.00337	0.00823
33	0.02653	0.01006	0.01372	0.01052	0.01510	0.00869	0.00869	0.02882	0.01693	0.75937	0.02333	0.02013	0.01464	0.00732	0.00595	0.00183	0.00503	0.00595	0.00732	0.01006
34	0.00945	0.00646	0.00741	0.00715	0.00754	0.00666	0.00438	0.05385	0.00987	0.01326	0.01812	0.03587	0.02022	0.68002	0.09128	0.00581	0.00664	0.00820	0.00369	0.00413
35	0.01396	0.01595	0.03490	0.02493	0.03091	0.01496	0.73380	0.01894	0.01396	0.01894	0.01196	0.01595	0.00897	0.00499	0.00698	0.00199	0.00997	0.00698	0.00299	0.00798
36	0.00848	0.00685	0.00725	0.00718	0.00908	0.00582	0.00527	0.00984	0.01464	0.01834	0.17715	0.08485	0.59262	0.01523	0.00748	0.00220	0.00341	0.01258	0.00602	0.00571
37	0.02344	0.01725	0.01843	0.01431	0.01908	0.01883	0.01166	0.72297	0.02823	0.03796	0.01529	0.01577	0.01113	0.00785	0.00640	0.00199	0.00687	0.00569	0.00626	0.01059
38	0.81984	0.01222	0.00954	0.00859	0.01230	0.01385	0.00692	0.01813	0.01082	0.02742	0.00944	0.01127	0.00755	0.00627	0.00419	0.00204	0.00498	0.00361	0.00405	0.00701
39	0.01628	0.63289	0.13305	0.01324	0.05741	0.02194	0.01263	0.01861	0.01288	0.01600	0.00991	0.01184	0.00879	0.00593	0.00469	0.00160	0.00707	0.00385	0.00296	0.00842
40	0.01320	0.02726	0.58570	0.01839	0.02624	0.01410	0.14269	0.01909	0.01367	0.02005	0.05012	0.01631	0.01135	0.00662	0.00641	0.00210	0.00897	0.00552	0.00320	0.00900
41	0.00960	0.00661	0.00733	0.00737	0.00766	0.00634	0.00434	0.00947	0.00993	0.01321	0.02370	0.08927	0.07955	0.66917	0.02692	0.00537	0.00576	0.00973	0.00424	0.00442
42	0.00973	0.00696	0.00903	0.00898	0.00969	0.00737	0.00626	0.01059	0.00988	0.01389	0.01809	0.03124	0.01864	0.36365	0.43974	0.00796	0.01172	0.00765	0.00374	0.00518
43	0.02501	0.01474	0.01687	0.01312	0.01782	0.01509	0.01068	0.44954	0.02402	0.31733	0.01882	0.01807	0.01291	0.00793	0.00641	0.00201	0.00630	0.00593	0.00681	0.01059
44	0.01634	0.67479	0.13374	0.01183	0.01743	0.02244	0.01221	0.01859	0.01280	0.01571	0.00976	0.01157	0.00870	0.00592	0.00458	0.00157	0.00703	0.00374	0.00294	0.00833
45	0.01049	0.00716	0.00897	0.00839	0.01009	0.00645	0.00628	0.01279	0.01707	0.06368	0.63260	0.04533	0.10601	0.01280	0.00741	0.00210	0.00342	0.02577	0.00679	0.00639
46	0.02658	0.01069	0.01421	0.01114	0.01560	0.00921	0.00902	0.02854	0.01755	0.71270	0.05789	0.02270	0.01753	0.00828	0.00648	0.00204	0.00532	0.00652	0.00760	0.01039
47	0.01600	0.01416	0.04090	0.16528	0.49141	0.01420	0.01712	0.01907	0.01390	0.08406	0.01304	0.01674	0.01052	0.00663	0.00709	0.00206	0.04923	0.00566	0.00363	0.00930
48	0.50883	0.31036	0.01802	0.00948	0.01372	0.01770	0.00833	0.01825	0.01156	0.02262	0.00943	0.01122	0.00800	0.00610	0.00424	0.00183	0.00564	0.00359	0.00362	0.00746
49	0.00833	0.00688	0.00701	0.00693	0.00897	0.00576	0.00511	0.00957	0.01438	0.01756	0.10502	0.05687	0.69499	0.01539	0.00746	0.00220	0.00341	0.01260	0.00591	0.00566
50	0.00845	0.00605	0.00774	0.00904	0.00949	0.00554	0.00602	0.00915	0.01205	0.01619	0.03334	0.77551	0.03965	0.01906	0.00800	0.00260	0.00385	0.01696	0.00584	0.00543
51	0.01299	0.01331	0.02658	0.02026	0.02450	0.01236	0.49539	0.01634	0.01383	0.01878	0.01948	0.25654	0.01940	0.00996	0.00762	0.00233	0.00825	0.01036	0.00417	0.00757
52	0.00967	0.00721	0.01034	0.01029	0.01144	0.00808	0.00789	0.01143	0.01027	0.01485	0.01690	0.02464	0.01577	0.04441	0.75506	0.00957	0.01603	0.00668	0.00357	0.00590
53	0.01118	0.00728	0.00928	0.00853	0.01030	0.00658	0.00638	0.01356	0.01739	0.08903	0.67576	0.04309	0.05242	0.01233	0.00735	0.00207	0.00342	0.01054	0.00692	0.00659
54	0.02264	0.01415	0.01602	0.01284	0.01710	0.01469	0.01031	0.39263	0.09939	0.24050	0.03623	0.06076	0.01586	0.00873	0.00653	0.00206	0.00601	0.00675	0.00666	0.01014
55	0.01263	0.01188	0.02020	0.68620	0.04003	0.01391	0.09132	0.01629	0.01277	0.01661	0.01182	0.01733	0.00911	0.00659	0.00651	0.00218	0.00844	0.00580	0.00307	0.00731
56	0.02106	0.26194	0.02211	0.01370	0.01800	0.25414	0.01133	0.26099	0.03807	0.02330	0.01211	0.01341	0.00981	0.00693	0.00557	0.00176	0.00807	0.00458	0.00432	0.00881
57	0.00845	0.00605	0.00774	0.00904	0.00949	0.00554	0.00602	0.00915	0.01205	0.01619	0.03334	0.77551	0.03965	0.01906	0.00800	0.00260	0.00385	0.01696	0.00584	0.00543
58	0.05674	0.01691	0.01790	0.01402	0.01869	0.01849	0.01140	0.66873	0.05247	0.03708	0.01539	0.01586	0.01126	0.00781	0.00631	0.00200	0.00673	0.00565	0.00617	0.01041
59	0.01557	0.18729	0.02154	0.01491	0.01650	0.05835	0.01256	0.04612	0.01166	0.01624	0.00941	0.01371	0.00893	0.00952	0.01492	0.00240	0.52471	0.00503	0.00315	0.00748
60	0.01350	0.05569	0.05900	0.46916	0.19237	0.01434	0.03777	0.01698	0.01303	0.01753	0.01173	0.01642	0.00935	0.00639	0.00623	0.00205	0.00791	0.00544	0.00314	0.04197
61	0.02259	0.01523	0.01676	0.01290	0.01745	0.01648	0.01060	0.60649	0.02554	0.14237	0.01569	0.01592	0.01113	0.03448	0.00676	0.00192	0.00626	0.00553	0.00604	0.00983
62	0.83394	0.01144	0.00869	0.00778	0.01144	0.01327	0.00640	0.01738	0.01006	0.02653	0.00823	0.00961	0.00640	0.00549	0.00366	0.00183	0.00457	0.00320	0.00366	0.00640
63	0.83394	0.01144	0.00869	0.00778	0.01144	0.01327	0.00640	0.01738	0.01006	0.02653	0.00823	0.00961	0.00640	0.00549	0.00366	0.00183	0.00457	0.00320	0.00366	0.00640
64	0.00860	0.00573	0.00645	0.00645	0.00645	0.00573	0.00358	0.00860	0.00860	0.01147	0.01863	0.03870	0.02150	0.79217	0.03010	0.00573	0.00573	0.00860	0.00358	0.00358
65	0.00859	0.00626	0.00915	0.00915	0.01017	0.00721	0.00704	0.01062	0.00961	0.01403	0.01615	0.02395	0.01514	0.07999	0.69307	0.00890	0.01467	0.00641	0.04467	0.00521
66	0.02208	0.01618	0.01732	0.01332	0.01794	0.01789	0.01099	0.71041	0.02727	0.03674	0.01438	0.01447	0.01023	0.00709	0.00585	0.00176	0.00638	0.00533	0.03445	0.00990
67	0.02653	0.01006	0.01372	0.01052	0.01510	0.00869	0.00869	0.02882	0.01693	0.75937	0.02333	0.02013	0.01464	0.00732	0.00595	0.00183	0.00503	0.00595	0.00732	0.01006
68	0.01186	0.03059	0.76153	0.01686	0.02560	0.01373	0.02185	0.01873	0.01249	0.01873	0.01061	0.01249	0.00749	0.00562	0.00562	0.00187	0.00874	0.00437	0.00250	0.00874
69	0.01581	0.79572	0.03099	0.01012	0.01518	0.02340	0.01012	0.01771	0.01202	0.01391	0.00822	0.00949	0.00759	0.00506	0.00379	0.00126	0.00632	0.00316	0.00253	0.00759
70	0.06535	0.01013	0.01348	0.01039	0.01492	0.00891	0.00858	0.02827	0.01660	0.72414	0.02260	0.01962	0.01424	0.00723	0.00584	0.00183	0.00501	0.00582	0.00714	0.00989
71	0.01581	0.79572	0.03099	0.01012	0.01518	0.02340	0.01012	0.01771	0.01202	0.01391	0.00822	0.00949	0.00759	0.00506	0.00379	0.00126	0.00632	0.00316	0.00253	0.00759
72	0.02248	0.01656	0.01775	0.01361	0.01834	0.01834	0.01124	0.73556	0.02780	0.03727	0.01420	0.01420	0.01006	0.00710	0.00592	0.00177	0.00651	0.00532	0.00592	0.01006
73	0.01099	0.00862	0.01044	0.00845	0.01182	0.00713	0.00646	0.01315	0.01209	0.03468	0.09243	0.06386	0.01849	0.11626	0.07534	0.00255	0.00539	0.02691	0.00405	0.47090
74	0.01226	0.01051	0.01226	0.00876	0.01401	0.00788	0.00701	0.01489	0.01226	0.01927	0.01051	0.01226	0.00876	0.00438	0.00438	0.00088	0.00438	0.00350	0.00350	0.82832
75	0.01458	0.06373	0.47684	0.01499	0.02187	0.05480	0.01720	0.03531	0.13956	0.08404	0.01391	0.01458	0.00999	0.00621	0.00561	0.00184	0.00766	0.00483	0.00362	0.00883

[dist]
# distance from previous block
# <min> <max>
3	5

[block]
# block no. 1 follows, 39 sequences, length 23
# corresponding to MSA columns:
# 546-568
name=unknown_B
#
# <colnr> <probs for GDERKNQSTAVLIFYWHMCP>
#	G	D	E	R	K	N	Q	S	T	A	V	L	I	F	Y	W	H	M	C	P
0	0.01296	0.01169	0.01676	0.05734	0.29034	0.01036	0.01157	0.01594	0.01266	0.01897	0.01130	0.03315	0.00972	0.00515	0.00508	0.00130	0.00551	0.00459	0.00330	0.46231
1	0.01377	0.01342	0.02361	0.20630	0.52043	0.01393	0.08691	0.01752	0.01313	0.01831	0.01106	0.01502	0.00899	0.00539	0.00598	0.00183	0.00751	0.00543	0.00286	0.00859
2	0.01186	0.03059	0.76153	0.01686	0.02560	0.01373	0.02185	0.01873	0.01249	0.01873	0.01061	0.01249	0.00749	0.00562	0.00562	0.00187	0.00874	0.00437	0.00250	0.00874
3	0.83394	0.01144	0.00869	0.00778	0.01144	0.01327	0.00640	0.01738	0.01006	0.02653	0.00823	0.00961	0.00640	0.00549	0.00366	0.00183	0.00457	0.00320	0.00366	0.00640
4	0.02559	0.01028	0.01370	0.01064	0.01512	0.00917	0.00875	0.02903	0.07519	0.70055	0.02339	0.02028	0.01491	0.00738	0.00595	0.00184	0.00500	0.00601	0.00722	0.01001
5	0.00851	0.00583	0.00707	0.00713	0.00735	0.00602	0.00442	0.00897	0.00889	0.01206	0.01866	0.06670	0.02090	0.61209	0.17537	0.00634	0.00764	0.00849	0.00358	0.00397
6	0.01037	0.00631	0.00854	0.00834	0.00971	0.00689	0.00647	0.01269	0.01086	0.06286	0.01737	0.02267	0.01489	0.03047	0.48505	0.00652	0.01113	0.00606	0.25715	0.00565
7	0.00864	0.00637	0.00814	0.00781	0.00922	0.00607	0.00581	0.01212	0.06161	0.02287	0.63052	0.12156	0.05168	0.01252	0.00698	0.00193	0.00298	0.01109	0.00637	0.00573
8	0.01027	0.00514	0.00770	0.00770	0.00770	0.00514	0.00514	0.00770	0.00770	0.01027	0.01027	0.01798	0.01027	0.02054	0.02311	0.82794	0.00514	0.00514	0.00257	0.00257
9	0.01540	0.01276	0.01428	0.04693	0.05037	0.01456	0.01014	0.06513	0.61499	0.05316	0.02236	0.02098	0.01668	0.00773	0.00600	0.00197	0.00503	0.00646	0.00577	0.00930
10	0.01685	0.00793	0.01058	0.00885	0.01175	0.00702	0.00701	0.01937	0.01674	0.36843	0.39140	0.03325	0.05567	0.00993	0.00649	0.00185	0.00385	0.00852	0.00686	0.00767
11	0.04601	0.01658	0.10783	0.02743	0.46537	0.04106	0.01637	0.13069	0.01575	0.05906	0.01198	0.01427	0.00935	0.00573	0.00574	0.00177	0.00709	0.00508	0.00359	0.00924
12	0.01186	0.03059	0.76153	0.01686	0.02560	0.01373	0.02185	0.01873	0.01249	0.01873	0.01061	0.01249	0.00749	0.00562	0.00562	0.00187	0.00874	0.00437	0.00250	0.00874
13	0.00783	0.00595	0.00715	0.00700	0.00847	0.00533	0.00516	0.00997	0.01502	0.02015	0.44642	0.10784	0.28453	0.03352	0.00762	0.00205	0.00298	0.01172	0.00602	0.00527
14	0.01305	0.01405	0.02848	0.22393	0.06535	0.01434	0.46293	0.01744	0.01309	0.01765	0.01183	0.03332	0.00934	0.00579	0.00721	0.00201	0.04314	0.00659	0.00293	0.00753
15	0.01382	0.05340	0.17048	0.07649	0.02778	0.01504	0.41324	0.01849	0.01307	0.04662	0.01146	0.01485	0.00865	0.00579	0.00766	0.00199	0.08430	0.00596	0.00298	0.00794
16	0.00721	0.00515	0.00686	0.00823	0.00858	0.00480	0.00549	0.00823	0.01132	0.01510	0.03259	0.78831	0.03911	0.01853	0.00755	0.00240	0.00343	0.01681	0.00549	0.00480
17	0.00721	0.00515	0.00686	0.00823	0.00858	0.00480	0.00549	0.00823	0.01132	0.01510	0.03259	0.78831	0.03911	0.01853	0.00755	0.00240	0.00343	0.01681	0.00549	0.00480
18	0.07835	0.01076	0.01213	0.00882	0.01393	0.00861	0.00708	0.03546	0.01253	0.02036	0.01043	0.01210	0.00861	0.00455	0.00437	0.00098	0.00446	0.00353	0.00358	0.73937
19	0.01309	0.26793	0.53492	0.01477	0.02236	0.01673	0.01821	0.01841	0.01234	0.01723	0.00987	0.01156	0.00752	0.00545	0.00505	0.00168	0.00799	0.00400	0.00251	0.00838
20	0.01149	0.00914	0.01093	0.00871	0.01259	0.00739	0.00688	0.03152	0.01351	0.03726	0.13126	0.08303	0.04711	0.00795	0.00544	0.00135	0.00414	0.05055	0.00447	0.51530
21	0.00835	0.00750	0.05468	0.00794	0.00977	0.00597	0.00648	0.01112	0.01571	0.02192	0.57731	0.10309	0.12287	0.01250	0.00694	0.00192	0.00323	0.01097	0.00607	0.00565
22	0.04508	0.01526	0.23125	0.01217	0.01663	0.00992	0.05344	0.04600	0.01300	0.01922	0.06952	0.23023	0.02011	0.00957	0.00637	0.00185	0.02489	0.00827	0.00403	0.16319

[dist]
# distance from previous block
# <min> <max>
0	2

[block]
# block no. 2 follows, 39 sequences, length 73
# corresponding to MSA columns:
# 571-643
name=unknown_C
#
# <colnr> <probs for GDERKNQSTAVLIFYWHMCP>
#	G	D	E	R	K	N	Q	S	T	A	V	L	I	F	Y	W	H	M	C	P
0	0.01672	0.01250	0.01333	0.01139	0.01495	0.04651	0.00897	0.09485	0.40698	0.13587	0.10120	0.02230	0.01984	0.00795	0.00597	0.00185	0.00495	0.00655	0.00596	0.06137
1	0.17308	0.02672	0.57596	0.01500	0.02245	0.05256	0.01829	0.01872	0.01223	0.02003	0.01007	0.01183	0.00729	0.00562	0.00522	0.00185	0.00802	0.00411	0.00275	0.00819
2	0.14028	0.01134	0.01308	0.08270	0.05733	0.03621	0.00870	0.01696	0.01252	0.08826	0.01171	0.02629	0.00937	0.00532	0.00473	0.00131	0.00515	0.00418	0.00378	0.46078
3	0.01277	0.00840	0.01029	0.01104	0.05855	0.04621	0.00749	0.01534	0.06027	0.16192	0.06750	0.45811	0.03037	0.01382	0.00688	0.00215	0.00439	0.01229	0.00565	0.00657
4	0.01544	0.01307	0.01378	0.01218	0.01566	0.01505	0.00954	0.09750	0.67733	0.02591	0.02314	0.02133	0.01730	0.00794	0.00601	0.00198	0.00485	0.00656	0.00601	0.00943
5	0.01552	0.01130	0.01421	0.01193	0.01491	0.01179	0.06391	0.32270	0.01921	0.06260	0.06788	0.23245	0.02299	0.05139	0.00788	0.00223	0.00552	0.04846	0.00554	0.00759
6	0.57978	0.01100	0.01028	0.00864	0.01259	0.01183	0.00712	0.02098	0.01222	0.25722	0.01299	0.01292	0.00900	0.00607	0.00438	0.00183	0.00472	0.00407	0.00481	0.00756
7	0.01476	0.35176	0.03321	0.01855	0.02413	0.01859	0.42215	0.01841	0.01312	0.01678	0.01035	0.01317	0.00838	0.00502	0.00561	0.00168	0.00840	0.00534	0.00279	0.00781
8	0.00732	0.00556	0.00675	0.00740	0.00843	0.00499	0.00519	0.00878	0.01286	0.01674	0.15506	0.43817	0.26862	0.01638	0.00728	0.00219	0.00319	0.01447	0.00565	0.00499
9	0.00846	0.00562	0.00682	0.00732	0.00770	0.00539	0.00460	0.00904	0.01025	0.03560	0.02668	0.36311	0.06206	0.39894	0.01858	0.00401	0.00459	0.01225	0.00461	0.00437
10	0.01014	0.00698	0.00924	0.01008	0.01170	0.00688	0.00863	0.01321	0.03943	0.04661	0.05065	0.05976	0.10707	0.01503	0.00767	0.00251	0.00496	0.54102	0.04272	0.00572
11	0.01383	0.01352	0.02120	0.02641	0.40317	0.01598	0.01567	0.01628	0.01137	0.01690	0.00952	0.01383	0.00860	0.00769	0.01231	0.00215	0.37558	0.00522	0.00277	0.00799
12	0.01294	0.01294	0.01811	0.01553	0.01553	0.01811	0.01294	0.01423	0.00906	0.01423	0.00776	0.01294	0.00776	0.01035	0.01941	0.00259	0.78134	0.00518	0.00259	0.00647
13	0.00845	0.00634	0.00950	0.00950	0.01056	0.00739	0.00739	0.01056	0.00950	0.01373	0.01584	0.02323	0.01478	0.04435	0.76873	0.00950	0.01584	0.00634	0.00317	0.00528
14	0.80934	0.01141	0.00896	0.03080	0.01231	0.01326	0.00670	0.01732	0.01012	0.02619	0.00830	0.00979	0.00645	0.00550	0.00373	0.00183	0.00467	0.00326	0.00363	0.00641
15	0.00781	0.00565	0.00740	0.00793	0.00885	0.00524	0.00569	0.00969	0.01384	0.01893	0.33914	0.40248	0.07794	0.01552	0.00731	0.00217	0.00324	0.05005	0.00592	0.00517
16	0.01499	0.01345	0.01848	0.04584	0.34634	0.01456	0.01359	0.06273	0.35816	0.02270	0.01736	0.01814	0.01345	0.00668	0.00594	0.00188	0.00592	0.00594	0.00453	0.00932
17	0.01186	0.03059	0.76153	0.01686	0.02560	0.01373	0.02185	0.01873	0.01249	0.01873	0.01061	0.01249	0.00749	0.00562	0.00562	0.00187	0.00874	0.00437	0.00250	0.00874
18	0.02013	0.11494	0.05877	0.01413	0.01892	0.08859	0.15154	0.02419	0.07175	0.33114	0.03522	0.01735	0.01284	0.00654	0.00583	0.00178	0.00684	0.00567	0.00506	0.00878
19	0.83394	0.01144	0.00869	0.00778	0.01144	0.01327	0.00640	0.01738	0.01006	0.02653	0.00823	0.00961	0.00640	0.00549	0.00366	0.00183	0.00457	0.00320	0.00366	0.00640
20	0.02209	0.02819	0.01676	0.01524	0.01828	0.76843	0.01143	0.02361	0.01676	0.01447	0.00914	0.01066	0.00762	0.00609	0.00533	0.00152	0.01066	0.00381	0.00305	0.00686
21	0.00772	0.00602	0.00701	0.00676	0.00844	0.00530	0.00507	0.00991	0.01521	0.02008	0.42742	0.05015	0.38280	0.01344	0.00698	0.00192	0.00289	0.01153	0.00603	0.00530
22	0.07137	0.04803	0.03921	0.01319	0.01759	0.18400	0.01094	0.39465	0.02183	0.12223	0.01354	0.01366	0.00971	0.00668	0.00556	0.00171	0.00719	0.00483	0.00509	0.00899
23	0.01468	0.01093	0.01279	0.00952	0.01439	0.00912	0.00763	0.08919	0.03774	0.09931	0.01355	0.04450	0.01102	0.00564	0.00488	0.00116	0.00463	0.00458	0.00431	0.60043
24	0.04739	0.01722	0.13265	0.06229	0.01926	0.08323	0.01229	0.26639	0.10556	0.09464	0.01600	0.01864	0.01223	0.00735	0.00584	0.00186	0.00672	0.05059	0.03117	0.00868
25	0.01408	0.01560	0.03290	0.02701	0.16390	0.01479	0.60240	0.01880	0.01387	0.01901	0.01181	0.01571	0.00905	0.00504	0.00677	0.00195	0.00943	0.00667	0.00298	0.00823
26	0.01756	0.77354	0.03169	0.01136	0.01646	0.02403	0.01083	0.01889	0.01317	0.01572	0.01016	0.01216	0.00940	0.00632	0.00464	0.00162	0.00692	0.00381	0.00319	0.00852
27	0.01383	0.01139	0.01300	0.00999	0.01476	0.00896	0.00771	0.03850	0.01406	0.02126	0.03738	0.05332	0.05167	0.00716	0.00561	0.00143	0.00494	0.00548	0.00449	0.67505
28	0.01666	0.01639	0.02135	0.02468	0.30715	0.10241	0.01541	0.03189	0.01326	0.01849	0.01131	0.01594	0.01022	0.00892	0.01262	0.00244	0.35303	0.00565	0.00350	0.00868
29	0.70664	0.01394	0.01156	0.01140	0.06109	0.06254	0.00831	0.01903	0.01193	0.02672	0.01041	0.01267	0.00851	0.00677	0.00476	0.00215	0.00577	0.00402	0.00420	0.00759
30	0.01394	0.07365	0.69993	0.01752	0.02599	0.01519	0.02156	0.01983	0.01360	0.02012	0.01235	0.01490	0.00931	0.00684	0.00631	0.00218	0.00913	0.00492	0.00316	0.00957
31	0.00928	0.00665	0.00836	0.00961	0.01016	0.00605	0.00646	0.00982	0.01257	0.01694	0.03377	0.74694	0.03983	0.01933	0.00830	0.00273	0.00417	0.03715	0.00606	0.00584
32	0.01573	0.01646	0.03201	0.02614	0.12752	0.01609	0.53048	0.01942	0.01441	0.02008	0.01317	0.01790	0.01065	0.00693	0.00906	0.00237	0.10202	0.00707	0.00358	0.00890
33	0.81122	0.01270	0.01006	0.00909	0.01283	0.01420	0.00723	0.01858	0.01128	0.02796	0.01017	0.01228	0.00825	0.00674	0.00451	0.00217	0.00522	0.00385	0.00429	0.00737
34	0.01583	0.01663	0.03318	0.04168	0.16399	0.01564	0.56915	0.01988	0.01493	0.02059	0.01361	0.01819	0.01079	0.00632	0.00751	0.00229	0.00988	0.00717	0.00362	0.00912
35	0.02366	0.02853	0.01792	0.01627	0.01947	0.71990	0.01210	0.05014	0.01817	0.01708	0.01123	0.01343	0.00951	0.00736	0.00615	0.00188	0.01098	0.00449	0.00380	0.00792
36	0.01034	0.00747	0.00929	0.00876	0.01030	0.00675	0.00643	0.01254	0.01776	0.02522	0.73185	0.04581	0.05616	0.01314	0.00773	0.00220	0.00349	0.01112	0.00705	0.00657
37	0.00921	0.00660	0.00828	0.00953	0.01005	0.00599	0.00634	0.00970	0.01250	0.01686	0.03380	0.76769	0.03998	0.01939	0.00828	0.00273	0.00411	0.01705	0.00606	0.00582
38	0.01358	0.01175	0.01169	0.01090	0.01374	0.04334	0.00824	0.02220	0.38200	0.02210	0.03944	0.03895	0.31398	0.01211	0.00721	0.00233	0.00492	0.02700	0.00622	0.00829
39	0.01230	0.00791	0.00989	0.00907	0.01097	0.00707	0.00675	0.01441	0.01770	0.10568	0.63518	0.04348	0.06855	0.01269	0.00762	0.00220	0.00374	0.01064	0.00712	0.00705
40	0.01343	0.01242	0.01997	0.62451	0.03786	0.01474	0.06244	0.01652	0.01282	0.01703	0.01217	0.01795	0.00974	0.00758	0.00824	0.00238	0.09335	0.00595	0.00330	0.00761
41	0.01204	0.00894	0.01180	0.01124	0.01288	0.00977	0.00863	0.09595	0.01286	0.01826	0.01736	0.02445	0.01583	0.04013	0.65833	0.00872	0.01507	0.00677	0.00413	0.00683
42	0.02403	0.01767	0.01884	0.01474	0.01952	0.01912	0.01192	0.71528	0.02849	0.03837	0.01596	0.01673	0.01179	0.00830	0.00670	0.00212	0.00710	0.00591	0.00648	0.01092
43	0.01125	0.00801	0.01036	0.01042	0.01174	0.00750	0.02028	0.01228	0.01349	0.05851	0.11028	0.50415	0.03606	0.01636	0.00860	0.00255	0.04747	0.04544	0.00594	0.05931
44	0.01390	0.06559	0.70762	0.01759	0.02610	0.01509	0.02169	0.01984	0.01361	0.02017	0.01237	0.01494	0.00930	0.00684	0.00633	0.00218	0.00915	0.00493	0.00316	0.00959
45	0.00921	0.00660	0.00828	0.00953	0.01005	0.00599	0.00634	0.00970	0.01250	0.01686	0.03380	0.76769	0.03998	0.01939	0.00828	0.00273	0.00411	0.01705	0.00606	0.00582
46	0.01649	0.01393	0.01460	0.01322	0.01665	0.01560	0.01010	0.03220	0.72385	0.02622	0.02553	0.02436	0.01955	0.00920	0.00680	0.00234	0.00532	0.00723	0.00657	0.01024
47	0.02796	0.01137	0.01494	0.01175	0.01638	0.00976	0.00945	0.02967	0.01794	0.73889	0.02482	0.02248	0.01623	0.00852	0.00673	0.00217	0.00567	0.00651	0.00784	0.01092
48	0.02796	0.01137	0.01494	0.01175	0.01638	0.00976	0.00945	0.02967	0.01794	0.73889	0.02482	0.02248	0.01623	0.00852	0.00673	0.00217	0.00567	0.00651	0.00784	0.01092
49	0.01370	0.01256	0.01956	0.55768	0.11372	0.01495	0.01659	0.01656	0.01273	0.01719	0.01202	0.01769	0.00982	0.00778	0.00880	0.00238	0.12931	0.00583	0.00331	0.00782
50	0.01053	0.00729	0.00849	0.00841	0.00881	0.00722	0.00525	0.01045	0.01004	0.01379	0.01970	0.03742	0.02155	0.62101	0.17722	0.00671	0.00836	0.00864	0.00413	0.00497
51	0.81122	0.01270	0.01006	0.00909	0.01283	0.01420	0.00723	0.01858	0.01128	0.02796	0.01017	0.01228	0.00825	0.00674	0.00451	0.00217	0.00522	0.00385	0.00429	0.00737
52	0.00918	0.00670	0.00817	0.00925	0.00998	0.00602	0.00622	0.00974	0.01278	0.01698	0.03728	0.67470	0.13073	0.01894	0.00821	0.00267	0.00406	0.01650	0.00606	0.00584
53	0.12020	0.31367	0.24720	0.01354	0.01939	0.01867	0.01393	0.07524	0.07959	0.02152	0.01275	0.01456	0.01034	0.00697	0.00554	0.00198	0.00730	0.00466	0.00389	0.00907
54	0.01141	0.00790	0.00978	0.00917	0.01096	0.00706	0.00677	0.01331	0.01652	0.05638	0.52587	0.09121	0.04717	0.05530	0.00887	0.00243	0.00404	0.04975	0.00661	0.05950
55	0.06824	0.13027	0.52834	0.01603	0.02345	0.04432	0.01859	0.02037	0.01380	0.05828	0.01261	0.01481	0.00962	0.00689	0.00605	0.00211	0.00856	0.00481	0.00351	0.00933
56	0.03453	0.01273	0.01941	0.11537	0.12845	0.01190	0.10462	0.02401	0.01608	0.38443	0.03114	0.02047	0.01416	0.00766	0.00675	0.00216	0.00688	0.00638	0.00580	0.04707
57	0.01072	0.00737	0.00913	0.00902	0.01033	0.00666	0.00640	0.01226	0.01583	0.05041	0.46092	0.24342	0.05951	0.05694	0.00909	0.00255	0.00391	0.01249	0.00664	0.00642
58	0.01582	0.01557	0.04927	0.43999	0.12095	0.08221	0.06625	0.09158	0.01543	0.01999	0.01281	0.01739	0.01012	0.00714	0.00670	0.00222	0.00861	0.00581	0.00372	0.00843
59	0.01834	0.01675	0.14027	0.01517	0.05850	0.01461	0.01264	0.06493	0.40677	0.14544	0.02196	0.02164	0.01635	0.00849	0.00671	0.00226	0.00628	0.00658	0.00603	0.01029
60	0.00941	0.00685	0.00843	0.00941	0.01024	0.00619	0.00650	0.01018	0.01323	0.01768	0.08290	0.59550	0.11706	0.01846	0.00823	0.00267	0.00415	0.06087	0.00612	0.00593
61	0.00933	0.00669	0.00843	0.00968	0.01025	0.00610	0.00656	0.00992	0.01263	0.01700	0.03373	0.72864	0.03970	0.01927	0.00832	0.00274	0.00422	0.05487	0.00606	0.00585
62	0.02184	0.05492	0.01864	0.01498	0.01888	0.28667	0.05754	0.17972	0.09308	0.11160	0.06299	0.01877	0.01501	0.00815	0.00654	0.00205	0.00821	0.00593	0.00532	0.00916
63	0.01709	0.01581	0.12036	0.01508	0.06497	0.01398	0.01235	0.15421	0.25179	0.07542	0.02370	0.05966	0.05136	0.01011	0.00705	0.00235	0.00636	0.08300	0.00584	0.00952
64	0.53765	0.01217	0.01113	0.00967	0.01339	0.01294	0.00768	0.06601	0.01380	0.14950	0.01423	0.01564	0.01078	0.00730	0.00509	0.00212	0.00523	0.00469	0.09287	0.00812
65	0.01132	0.00951	0.01443	0.35324	0.02540	0.01019	0.04423	0.01335	0.01302	0.01732	0.04607	0.36462	0.02523	0.01295	0.00751	0.00250	0.00637	0.01126	0.00471	0.00677
66	0.09160	0.15069	0.41577	0.06531	0.05684	0.01580	0.01740	0.02007	0.01366	0.07420	0.01281	0.01518	0.00985	0.00689	0.00599	0.00211	0.00808	0.00489	0.00365	0.00922
67	0.01533	0.01438	0.02425	0.18875	0.46533	0.01458	0.10317	0.01844	0.01412	0.01979	0.01316	0.01794	0.01101	0.00840	0.04137	0.00252	0.00853	0.00611	0.00353	0.00931
68	0.00950	0.00681	0.00862	0.00987	0.01052	0.00625	0.00686	0.01022	0.01279	0.01720	0.03364	0.67563	0.03933	0.01911	0.00836	0.00277	0.00437	0.10619	0.00606	0.00590
69	0.01373	0.00864	0.01143	0.01022	0.01183	0.00820	0.05304	0.01439	0.01204	0.13836	0.02243	0.05814	0.05316	0.40193	0.14914	0.00544	0.00803	0.00860	0.00487	0.00638
70	0.01635	0.01883	0.15716	0.02579	0.18141	0.01504	0.39367	0.02052	0.01489	0.06824	0.01411	0.01783	0.01093	0.00657	0.00720	0.00225	0.00931	0.00664	0.00382	0.00945
71	0.02296	0.01050	0.01349	0.01106	0.01485	0.00927	0.00871	0.02545	0.05052	0.52509	0.20402	0.02848	0.02651	0.00972	0.00699	0.00219	0.00510	0.00772	0.00758	0.00979
72	0.01305	0.01180	0.01883	0.75624	0.04125	0.01408	0.01695	0.01637	0.01299	0.01688	0.01238	0.01825	0.00968	0.00715	0.00670	0.00231	0.00843	0.00584	0.00329	0.00753

[dist]
# distance from previous block
# <min> <max>
0	1

[block]
# block no. 3 follows, 39 sequences, length 68
# corresponding to MSA columns:
# 645-712
name=unknown_D
#
# <colnr> <probs for GDERKNQSTAVLIFYWHMCP>
#	G	D	E	R	K	N	Q	S	T	A	V	L	I	F	Y	W	H	M	C	P
0	0.01560	0.01350	0.02098	0.06051	0.02083	0.01511	0.18017	0.04420	0.01344	0.08382	0.01753	0.09309	0.05231	0.01058	0.01266	0.00259	0.32301	0.00775	0.00431	0.00801
1	0.01305	0.01180	0.01883	0.75628	0.04125	0.01408	0.01695	0.01637	0.01299	0.01687	0.01238	0.01825	0.00968	0.00715	0.00670	0.00231	0.00843	0.00584	0.00328	0.00753
2	0.01411	0.01180	0.01352	0.01004	0.01533	0.00898	0.00781	0.01616	0.01341	0.02091	0.01238	0.01485	0.01053	0.00566	0.00521	0.00124	0.00503	0.00414	0.00413	0.80476
3	0.01473	0.01329	0.02040	0.29137	0.33788	0.01343	0.01582	0.01761	0.01377	0.01947	0.01263	0.01708	0.01048	0.00658	0.00637	0.00200	0.00738	0.00550	0.00358	0.17064
4	0.01484	0.01178	0.01359	0.01013	0.01538	0.00902	0.00790	0.01687	0.01365	0.05856	0.01303	0.01525	0.01083	0.00581	0.00529	0.00129	0.00506	0.00427	0.00433	0.76313
5	0.01472	0.01425	0.02076	0.07832	0.02027	0.01821	0.08241	0.01604	0.01099	0.01654	0.01033	0.01602	0.00968	0.01059	0.01753	0.00280	0.62374	0.00594	0.00329	0.00758
6	0.00958	0.00710	0.00931	0.08274	0.01311	0.00678	0.00738	0.01035	0.01255	0.01686	0.03170	0.69426	0.03700	0.01819	0.00813	0.00268	0.00453	0.01596	0.00579	0.00598
7	0.01755	0.77358	0.03169	0.01136	0.01646	0.02403	0.01083	0.01889	0.01317	0.01571	0.01015	0.01216	0.00939	0.00632	0.00464	0.00162	0.00692	0.00381	0.00319	0.00852
8	0.02066	0.01762	0.01684	0.01429	0.01825	0.12028	0.01114	0.31751	0.33270	0.02991	0.01947	0.01960	0.01486	0.00856	0.00666	0.00218	0.00689	0.00628	0.00612	0.01018
9	0.01712	0.01658	0.02422	0.03475	0.66437	0.08671	0.01798	0.01984	0.01489	0.02050	0.01278	0.01677	0.01095	0.00660	0.00659	0.00208	0.00794	0.00572	0.00359	0.01001
10	0.01109	0.00809	0.01035	0.01139	0.01299	0.00767	0.00952	0.01304	0.01470	0.01913	0.03676	0.06623	0.14084	0.01706	0.00871	0.00293	0.00571	0.59141	0.00602	0.00637
11	0.00920	0.00659	0.00828	0.00953	0.01005	0.00599	0.00634	0.00970	0.01250	0.01686	0.03380	0.76774	0.03998	0.01939	0.00828	0.00272	0.00411	0.01705	0.00606	0.00582
12	0.02732	0.01151	0.01492	0.01183	0.01639	0.01008	0.00948	0.02981	0.05694	0.69955	0.02485	0.02258	0.01641	0.00855	0.00673	0.00218	0.00565	0.00655	0.00777	0.01088
13	0.02612	0.01431	0.01676	0.01315	0.01784	0.01413	0.01060	0.34939	0.02286	0.41226	0.02068	0.01980	0.01416	0.00841	0.00671	0.00214	0.00633	0.00623	0.00720	0.01092
14	0.01218	0.00658	0.00910	0.00902	0.00920	0.00631	0.00600	0.00919	0.00899	0.01218	0.01214	0.02039	0.01199	0.02134	0.02338	0.80363	0.00577	0.00573	0.00323	0.00365
15	0.02365	0.02895	0.01788	0.01632	0.01947	0.74683	0.01210	0.02462	0.01777	0.01626	0.01105	0.01330	0.00942	0.00733	0.00613	0.00187	0.01113	0.00444	0.00369	0.00781
16	0.80809	0.01287	0.01025	0.00927	0.01302	0.01433	0.00734	0.01874	0.01145	0.02815	0.01044	0.01265	0.00850	0.00691	0.00463	0.00222	0.00531	0.00394	0.00437	0.00751
17	0.00749	0.00535	0.00706	0.00842	0.00878	0.00497	0.00561	0.00844	0.01149	0.01534	0.03276	0.78542	0.03923	0.01865	0.00765	0.00245	0.00353	0.01685	0.00557	0.00495
18	0.00953	0.00692	0.00934	0.01054	0.01199	0.00677	0.00910	0.01204	0.01376	0.01775	0.03451	0.06581	0.11013	0.01632	0.00814	0.00269	0.00527	0.63831	0.00553	0.00554
19	0.00801	0.00596	0.00739	0.00757	0.00879	0.00539	0.00545	0.00991	0.01457	0.01971	0.38802	0.27226	0.19532	0.01478	0.00726	0.00210	0.00312	0.01298	0.00607	0.00536
20	0.02270	0.01672	0.01790	0.01377	0.01851	0.01845	0.01134	0.73272	0.02790	0.03742	0.01444	0.01455	0.01030	0.00727	0.00603	0.00182	0.00659	0.00541	0.00599	0.01018
21	0.72630	0.01144	0.00953	0.00832	0.01210	0.01281	0.00682	0.01903	0.01112	0.12154	0.01046	0.01134	0.00773	0.00590	0.00407	0.00188	0.00472	0.00365	0.00422	0.00701
22	0.00868	0.00613	0.00797	0.00809	0.00860	0.00650	0.00549	0.00959	0.00942	0.01302	0.01902	0.10375	0.02055	0.40123	0.33834	0.00703	0.00985	0.00850	0.00368	0.00456
23	0.02673	0.01025	0.01389	0.01069	0.01528	0.00884	0.00880	0.02894	0.01707	0.75650	0.02354	0.02046	0.01486	0.00749	0.00606	0.00188	0.00512	0.00603	0.00739	0.01018
24	0.01045	0.00906	0.01438	0.26333	0.02215	0.00960	0.09024	0.01426	0.04357	0.02015	0.33581	0.03104	0.06866	0.00925	0.00661	0.00196	0.00545	0.00833	0.02927	0.00643
25	0.01583	0.01055	0.01197	0.01044	0.01351	0.01119	0.00817	0.06431	0.35152	0.15605	0.17424	0.02619	0.02477	0.00875	0.00613	0.00192	0.00436	0.00728	0.08432	0.00850
26	0.83076	0.01161	0.00888	0.00796	0.01163	0.01340	0.00652	0.01755	0.01023	0.02673	0.00851	0.00998	0.00666	0.00566	0.00378	0.00188	0.00467	0.00329	0.00375	0.00654
27	0.02392	0.00982	0.01313	0.01032	0.01443	0.00863	0.00840	0.04497	0.01733	0.62803	0.13169	0.02388	0.02086	0.00819	0.00621	0.00188	0.00483	0.00672	0.00723	0.00952
28	0.00960	0.00670	0.00825	0.00768	0.00946	0.00614	0.00580	0.01255	0.04333	0.06242	0.54887	0.04474	0.18693	0.01239	0.00699	0.00194	0.00312	0.01069	0.00641	0.00599
29	0.00749	0.00535	0.00706	0.00842	0.00878	0.00497	0.00561	0.00844	0.01149	0.01534	0.03276	0.78542	0.03923	0.01865	0.00765	0.00245	0.00353	0.01685	0.00557	0.00495
30	0.70764	0.01145	0.01002	0.08137	0.01462	0.01313	0.00760	0.01797	0.01078	0.06636	0.00956	0.01115	0.00726	0.00581	0.00412	0.00189	0.00501	0.00364	0.00385	0.00676
31	0.01415	0.25167	0.02381	0.01670	0.10013	0.08247	0.17199	0.01705	0.02530	0.01677	0.01759	0.07970	0.05811	0.00831	0.00601	0.00187	0.00714	0.09025	0.00361	0.00735
32	0.01372	0.18760	0.39071	0.02059	0.19517	0.01605	0.05811	0.01855	0.01286	0.01809	0.01056	0.01291	0.00829	0.00556	0.00548	0.00177	0.00797	0.00456	0.00273	0.00873
33	0.05818	0.07874	0.19932	0.26385	0.11781	0.01344	0.01551	0.01829	0.01313	0.10547	0.05068	0.01633	0.01141	0.00633	0.00571	0.00188	0.00716	0.00521	0.00353	0.00801
34	0.00793	0.00575	0.00788	0.00882	0.00944	0.00574	0.00626	0.00929	0.01128	0.01536	0.05169	0.53566	0.03326	0.02507	0.20545	0.00429	0.00681	0.03990	0.00500	0.00512
35	0.00775	0.00606	0.00695	0.00703	0.00857	0.00531	0.00513	0.00950	0.01431	0.01854	0.27669	0.17731	0.40580	0.01479	0.00718	0.00207	0.00310	0.01270	0.00590	0.00529
36	0.01724	0.06675	0.22324	0.01710	0.04892	0.24934	0.10540	0.07335	0.06726	0.03720	0.01193	0.01363	0.00916	0.00626	0.00613	0.00181	0.02870	0.00487	0.00346	0.00826
37	0.01120	0.00983	0.01623	0.40287	0.02799	0.01149	0.07606	0.03274	0.01190	0.01629	0.01306	0.01862	0.01076	0.01736	0.22825	0.00418	0.02319	0.00582	0.05569	0.00647
38	0.02673	0.01025	0.01389	0.01069	0.01528	0.00884	0.00880	0.02894	0.01707	0.75650	0.02354	0.02046	0.01486	0.00749	0.00606	0.00188	0.00512	0.00603	0.00739	0.01018
39	0.01230	0.01243	0.11047	0.01283	0.08436	0.01038	0.01010	0.01944	0.23141	0.06236	0.17540	0.03226	0.18168	0.00989	0.00646	0.00197	0.00481	0.00834	0.00540	0.00774
40	0.01798	0.04867	0.02004	0.07729	0.08825	0.32961	0.11832	0.11191	0.01653	0.01885	0.01296	0.08695	0.01156	0.00729	0.00601	0.00180	0.00869	0.00602	0.00367	0.00761
41	0.40545	0.01078	0.01103	0.00920	0.01310	0.01115	0.00750	0.02283	0.05401	0.32817	0.01624	0.01572	0.01120	0.00664	0.00488	0.00186	0.00476	0.00475	0.05258	0.00816
42	0.13119	0.01042	0.01324	0.01034	0.01480	0.00943	0.00850	0.02746	0.01618	0.66170	0.02159	0.01910	0.01380	0.00725	0.00576	0.00188	0.00506	0.00567	0.00692	0.00971
43	0.09239	0.05847	0.02088	0.04716	0.37638	0.08391	0.05266	0.08726	0.04595	0.02140	0.01204	0.01461	0.00973	0.00590	0.00559	0.00178	0.00700	0.00508	0.04321	0.00861
44	0.00887	0.00593	0.00665	0.00664	0.00667	0.00590	0.00371	0.00880	0.00878	0.01173	0.01886	0.03895	0.02169	0.78905	0.03011	0.00576	0.00582	0.00867	0.00367	0.00373
45	0.00755	0.00540	0.00712	0.00837	0.00880	0.00501	0.00561	0.00860	0.01179	0.01582	0.07274	0.74408	0.04016	0.01829	0.00762	0.00242	0.00349	0.01651	0.00563	0.00499
46	0.01395	0.01356	0.02328	0.18499	0.47005	0.01446	0.08243	0.01739	0.01291	0.01817	0.01101	0.01518	0.00912	0.00603	0.00737	0.00195	0.08120	0.00550	0.00293	0.00852
47	0.01251	0.09554	0.16913	0.46021	0.03223	0.05601	0.01611	0.01655	0.01267	0.01638	0.04909	0.01601	0.01050	0.00627	0.00577	0.00190	0.00786	0.00515	0.00291	0.00721
48	0.01382	0.01419	0.01766	0.01531	0.01569	0.08900	0.01257	0.01510	0.00999	0.01448	0.00862	0.01365	0.00839	0.01199	0.05976	0.00292	0.66235	0.00519	0.00276	0.00657
49	0.00900	0.00643	0.00880	0.01015	0.01118	0.00628	0.00825	0.01106	0.01298	0.01704	0.03193	0.31426	0.03592	0.01722	0.00806	0.00266	0.00484	0.47303	0.00554	0.00536
50	0.00989	0.00630	0.00775	0.00756	0.00789	0.00643	0.00481	0.03971	0.00944	0.01273	0.01621	0.03099	0.01761	0.48148	0.09750	0.22227	0.00666	0.00740	0.00346	0.00390
51	0.01618	0.70746	0.07089	0.01095	0.01611	0.06435	0.01094	0.01826	0.01247	0.01446	0.00868	0.01009	0.00784	0.00533	0.00410	0.00136	0.00678	0.00336	0.00265	0.00774
52	0.01245	0.00891	0.04625	0.00893	0.01190	0.00704	0.00727	0.01507	0.01528	0.14167	0.37529	0.10324	0.03564	0.01019	0.00637	0.00175	0.00393	0.00879	0.00581	0.17421
53	0.10075	0.09192	0.06879	0.01452	0.11401	0.01305	0.01109	0.12514	0.01669	0.31687	0.05579	0.01753	0.01370	0.00691	0.00563	0.00181	0.00582	0.00544	0.00539	0.00915
54	0.08416	0.01615	0.01778	0.08496	0.02053	0.05886	0.04895	0.49194	0.06523	0.03158	0.01381	0.01469	0.01008	0.00692	0.00588	0.00186	0.00687	0.00531	0.00521	0.00924
55	0.64454	0.01265	0.01450	0.01163	0.01581	0.01385	0.15758	0.03207	0.01139	0.02537	0.00940	0.01139	0.00727	0.00559	0.00451	0.00191	0.00582	0.00412	0.00365	0.00694
56	0.01218	0.01161	0.01660	0.53850	0.07350	0.05203	0.01444	0.01702	0.09102	0.01667	0.01689	0.02037	0.08015	0.00715	0.00610	0.00199	0.00725	0.00610	0.00339	0.00702
57	0.00775	0.00562	0.00731	0.00855	0.00918	0.00523	0.00601	0.00895	0.01195	0.01574	0.03495	0.63482	0.09994	0.01808	0.00768	0.00245	0.00373	0.10144	0.00556	0.00504
58	0.00908	0.00687	0.00957	0.03117	0.07370	0.00671	0.00804	0.01080	0.01229	0.01625	0.03013	0.35981	0.07042	0.08731	0.00971	0.00277	0.00478	0.24003	0.00509	0.00548
59	0.01152	0.01081	0.01791	0.73807	0.03958	0.01351	0.01633	0.01524	0.01185	0.01531	0.01064	0.01598	0.00813	0.00630	0.00667	0.00205	0.04534	0.00533	0.00272	0.00670
60	0.04890	0.01433	0.01508	0.01250	0.01643	0.01609	0.01001	0.35936	0.34818	0.03075	0.01887	0.01825	0.01397	0.00761	0.00591	0.00191	0.00554	0.00595	0.04084	0.00954
61	0.01167	0.00633	0.00646	0.00623	0.00768	0.00638	0.00459	0.05216	0.01303	0.02208	0.01918	0.02353	0.01571	0.08176	0.00682	0.00186	0.00334	0.00588	0.69961	0.00571
62	0.00872	0.00653	0.00969	0.00968	0.01076	0.00755	0.00750	0.01076	0.00968	0.01398	0.01608	0.02355	0.01501	0.04437	0.76565	0.00952	0.01588	0.00641	0.00326	0.00542
63	0.01779	0.01158	0.01794	0.21670	0.09392	0.01190	0.09085	0.02284	0.11463	0.27762	0.04890	0.01962	0.01418	0.00697	0.00620	0.00195	0.00646	0.00620	0.00505	0.00868
64	0.80251	0.01179	0.00920	0.00816	0.01187	0.01357	0.00669	0.04255	0.01085	0.02711	0.00871	0.01014	0.00679	0.00572	0.00386	0.00188	0.00473	0.00337	0.00383	0.00667
65	0.01768	0.13993	0.06018	0.01400	0.05771	0.06510	0.01145	0.20747	0.05377	0.08244	0.05242	0.01566	0.01238	0.00727	0.00744	0.00179	0.11311	0.00516	0.00442	0.07062
66	0.41345	0.04957	0.12822	0.01361	0.01861	0.05050	0.16545	0.01904	0.01222	0.06354	0.01054	0.01240	0.00794	0.00569	0.00500	0.00188	0.00684	0.00446	0.00356	0.00750
