[name]
unknown

[dist]
# distance from previous block
# <min> <max>
0	283

[block]
# block no. 0 follows, 40 sequences, length 11
# corresponding to MSA columns:
# 375-385
name=unknown_A
#
# <colnr> <probs for GDERKNQSTAVLIFYWHMCP>
#	G	D	E	R	K	N	Q	S	T	A	V	L	I	F	Y	W	H	M	C	P
0	0.01031	0.00824	0.00973	0.00956	0.01171	0.00836	0.00755	0.01647	0.22044	0.01955	0.10728	0.15692	0.10720	0.01245	0.00676	0.00210	0.00421	0.19531	0.00546	0.08040
1	0.07261	0.01675	0.14270	0.06489	0.02543	0.01382	0.36080	0.09732	0.01440	0.02092	0.01128	0.01407	0.00844	0.00525	0.00593	0.00177	0.00807	0.00550	0.00327	0.10679
2	0.01292	0.00826	0.01019	0.00876	0.01110	0.00807	0.00685	0.14090	0.01839	0.11913	0.53359	0.03529	0.04188	0.01044	0.00655	0.00181	0.00366	0.00900	0.00640	0.00682
3	0.00819	0.00590	0.00778	0.00770	0.00894	0.00550	0.00581	0.01071	0.01554	0.02176	0.60448	0.13792	0.05100	0.01303	0.00703	0.00197	0.00305	0.07212	0.00619	0.00538
4	0.02033	0.09777	0.02185	0.01487	0.01972	0.03619	0.22892	0.07732	0.01604	0.36102	0.03560	0.01730	0.01245	0.00633	0.00593	0.00178	0.00677	0.00587	0.00515	0.00880
5	0.00998	0.00687	0.00816	0.00772	0.00893	0.00676	0.02117	0.01236	0.09256	0.06212	0.02821	0.10560	0.16984	0.38489	0.01811	0.03295	0.00480	0.00943	0.00452	0.00501
6	0.00709	0.00506	0.00675	0.00810	0.00843	0.00472	0.00540	0.00810	0.01113	0.01484	0.03205	0.79184	0.03846	0.01822	0.00742	0.00236	0.00337	0.01653	0.00540	0.00472
7	0.01706	0.01241	0.01367	0.01142	0.01462	0.01344	0.00903	0.48601	0.02176	0.02939	0.01965	0.24887	0.01873	0.01036	0.00622	0.00191	0.00532	0.00865	0.04335	0.00813
8	0.06640	0.01612	0.10229	0.10352	0.06855	0.01458	0.42522	0.06931	0.01389	0.01983	0.01121	0.01463	0.00846	0.00544	0.00669	0.00193	0.03510	0.00592	0.00308	0.00784
9	0.01742	0.07784	0.07458	0.01466	0.01736	0.31710	0.01241	0.09564	0.01434	0.01682	0.00909	0.01169	0.00778	0.00745	0.01004	0.00190	0.27932	0.00437	0.00306	0.00714
10	0.12860	0.01342	0.01683	0.20168	0.14054	0.05604	0.03681	0.16182	0.03244	0.02235	0.01113	0.01355	0.00859	0.00570	0.00528	0.00167	0.00654	0.00466	0.00366	0.12869

[dist]
# distance from previous block
# <min> <max>
0	1

[block]
# block no. 1 follows, 40 sequences, length 6
# corresponding to MSA columns:
# 387-392
name=unknown_B
#
# <colnr> <probs for GDERKNQSTAVLIFYWHMCP>
#	G	D	E	R	K	N	Q	S	T	A	V	L	I	F	Y	W	H	M	C	P
0	0.01178	0.00748	0.00935	0.00875	0.01080	0.00700	0.00643	0.01503	0.09286	0.13519	0.10793	0.32679	0.02857	0.06752	0.03066	0.00241	0.00432	0.01055	0.00541	0.11116
1	0.01353	0.01002	0.01201	0.01058	0.01303	0.01130	0.00842	0.24251	0.09686	0.02263	0.01623	0.01983	0.01346	0.02522	0.38577	0.00551	0.01046	0.00589	0.06962	0.00713
2	0.01394	0.01734	0.10962	0.06486	0.10609	0.08149	0.35090	0.01792	0.01281	0.01725	0.01049	0.01419	0.00832	0.00605	0.00849	0.00198	0.14210	0.00572	0.00280	0.00765
3	0.01775	0.01539	0.08777	0.13012	0.23077	0.01477	0.01442	0.29647	0.01868	0.09724	0.01313	0.01471	0.00959	0.00619	0.00578	0.00178	0.00680	0.00518	0.00435	0.00909
4	0.00975	0.00765	0.00912	0.00943	0.01091	0.00806	0.00698	0.01598	0.24476	0.01901	0.10923	0.39921	0.03328	0.01406	0.00694	0.00221	0.00387	0.07760	0.00567	0.00628
5	0.01630	0.02401	0.40607	0.01589	0.02250	0.09665	0.08015	0.15566	0.01612	0.09357	0.01227	0.01343	0.00866	0.00596	0.00570	0.00179	0.00814	0.00479	0.00365	0.00870

[dist]
# distance from previous block
# <min> <max>
0	142

# created by:
# /software/SequenceAnalysis/GenePrediction/augustus/3.0.1/scripts/msa2prfl.pl ./fixed/BUSCOvEOG77M3C1.fas
