[name]
unknown

[dist]
# distance from previous block
# <min> <max>
14	266

[block]
# block no. 0 follows, 41 sequences, length 58
# corresponding to MSA columns:
# 273-330
name=unknown_A
#
# <colnr> <probs for GDERKNQSTAVLIFYWHMCP>
#	G	D	E	R	K	N	Q	S	T	A	V	L	I	F	Y	W	H	M	C	P
0	0.04962	0.02873	0.73428	0.01590	0.02413	0.01326	0.02044	0.01805	0.01197	0.01846	0.01016	0.01195	0.00720	0.00543	0.00535	0.00181	0.00827	0.00417	0.00247	0.00835
1	0.00697	0.00498	0.00664	0.00796	0.00830	0.00465	0.00531	0.00796	0.01095	0.01460	0.03153	0.79525	0.03783	0.01792	0.00730	0.00232	0.00332	0.01626	0.00531	0.00465
2	0.02067	0.08267	0.01746	0.01511	0.04440	0.69414	0.01120	0.02224	0.01576	0.01413	0.00885	0.01037	0.00743	0.00579	0.00507	0.00146	0.00989	0.00369	0.00291	0.00677
3	0.01550	0.77602	0.02950	0.00996	0.01478	0.04829	0.00983	0.01732	0.01178	0.01348	0.00798	0.00921	0.00734	0.00493	0.00372	0.00123	0.00626	0.00308	0.00246	0.00732
4	0.02566	0.00973	0.01327	0.01018	0.01460	0.00841	0.00841	0.02788	0.01637	0.76726	0.02257	0.01947	0.01416	0.00708	0.00575	0.00177	0.00487	0.00575	0.00708	0.00973
5	0.00810	0.00585	0.00765	0.00720	0.00855	0.00540	0.00540	0.01079	0.01619	0.02294	0.76028	0.04273	0.05397	0.01169	0.00675	0.00180	0.00270	0.01034	0.00630	0.00540
6	0.83938	0.01106	0.00841	0.00752	0.01106	0.01283	0.00619	0.01681	0.00973	0.02566	0.00796	0.00929	0.00619	0.00531	0.00354	0.00177	0.00442	0.00310	0.00354	0.00619
7	0.00832	0.00555	0.00624	0.00624	0.00624	0.00555	0.00347	0.00832	0.00832	0.01109	0.01802	0.03743	0.02080	0.79898	0.02911	0.00555	0.00555	0.00832	0.00347	0.00347
8	0.02174	0.01602	0.01717	0.01316	0.01774	0.01774	0.01087	0.74423	0.02689	0.03605	0.01373	0.01373	0.00973	0.00687	0.00572	0.00172	0.00629	0.00515	0.00572	0.00973
9	0.01093	0.01030	0.01739	0.75570	0.06789	0.01274	0.01595	0.01473	0.01150	0.01477	0.01019	0.01521	0.00768	0.00569	0.00572	0.00190	0.00759	0.00508	0.00255	0.00646
10	0.00800	0.00584	0.00751	0.00709	0.00849	0.00536	0.00532	0.01061	0.01596	0.02240	0.70963	0.04362	0.10496	0.01189	0.00675	0.00181	0.00271	0.01047	0.00623	0.00536
11	0.00680	0.00580	0.00585	0.00584	0.00775	0.00485	0.00438	0.00829	0.01313	0.01568	0.07947	0.05467	0.73931	0.01440	0.00676	0.00193	0.00289	0.01202	0.00534	0.00485
12	0.01250	0.01261	0.01867	0.05209	0.01724	0.01707	0.06532	0.01413	0.00923	0.01413	0.00793	0.01285	0.00760	0.00943	0.01729	0.00243	0.69542	0.00514	0.00253	0.00637
13	0.02566	0.00973	0.01327	0.01018	0.01460	0.00841	0.00841	0.02788	0.01637	0.76726	0.02257	0.01947	0.01416	0.00708	0.00575	0.00177	0.00487	0.00575	0.00708	0.00973
14	0.00688	0.00582	0.00596	0.00599	0.00789	0.00490	0.00454	0.00839	0.01311	0.01567	0.07130	0.05514	0.72023	0.01448	0.00680	0.00195	0.00298	0.03778	0.00533	0.00486
15	0.02459	0.01145	0.01434	0.01099	0.01546	0.01095	0.00908	0.22322	0.01924	0.56787	0.02016	0.01790	0.01295	0.00702	0.00574	0.00176	0.00526	0.00559	0.00671	0.00973
16	0.01995	0.02371	0.01768	0.01871	0.16723	0.56841	0.01234	0.07381	0.01634	0.01653	0.00958	0.01133	0.00788	0.00580	0.00530	0.00154	0.00932	0.00407	0.00312	0.00734
17	0.02174	0.01602	0.01717	0.01316	0.01774	0.01774	0.01087	0.74423	0.02689	0.03605	0.01373	0.01373	0.00973	0.00687	0.00572	0.00172	0.00629	0.00515	0.00572	0.00973
18	0.83938	0.01106	0.00841	0.00752	0.01106	0.01283	0.00619	0.01681	0.00973	0.02566	0.00796	0.00929	0.00619	0.00531	0.00354	0.00177	0.00442	0.00310	0.00354	0.00619
19	0.01416	0.01359	0.02322	0.03511	0.76330	0.01359	0.01755	0.01755	0.01302	0.01869	0.01076	0.01416	0.00906	0.00510	0.00566	0.00170	0.00680	0.00510	0.00283	0.00906
20	0.00697	0.00498	0.00664	0.00796	0.00830	0.00465	0.00531	0.00796	0.01095	0.01460	0.03153	0.79525	0.03783	0.01792	0.00730	0.00232	0.00332	0.01626	0.00531	0.00465
21	0.00802	0.00584	0.00754	0.00712	0.00850	0.00537	0.00534	0.01065	0.01601	0.02252	0.72077	0.04342	0.09374	0.01185	0.00675	0.00181	0.00271	0.01044	0.00624	0.00537
22	0.00726	0.00581	0.00649	0.00632	0.00803	0.00504	0.00474	0.00918	0.01422	0.01827	0.32212	0.05041	0.49505	0.01344	0.00675	0.00188	0.00282	0.01142	0.00568	0.00504
23	0.83938	0.01106	0.00841	0.00752	0.01106	0.01283	0.00619	0.01681	0.00973	0.02566	0.00796	0.00929	0.00619	0.00531	0.00354	0.00177	0.00442	0.00310	0.00354	0.00619
24	0.01251	0.01251	0.01752	0.01502	0.01502	0.01752	0.01251	0.01377	0.00876	0.01377	0.00751	0.01251	0.00751	0.01001	0.01877	0.00250	0.78851	0.00501	0.00250	0.00626
25	0.02137	0.02726	0.01621	0.01474	0.01768	0.77602	0.01105	0.02284	0.01621	0.01400	0.00884	0.01031	0.00737	0.00589	0.00516	0.00147	0.01031	0.00368	0.00295	0.00663
26	0.00922	0.00658	0.00922	0.01053	0.01185	0.00658	0.00922	0.01185	0.01317	0.01712	0.03029	0.06452	0.03292	0.01580	0.00790	0.00263	0.00527	0.72480	0.00527	0.00527
27	0.00697	0.00498	0.00664	0.00796	0.00830	0.00465	0.00531	0.00796	0.01095	0.01460	0.03153	0.79525	0.03783	0.01792	0.00730	0.00232	0.00332	0.01626	0.00531	0.00465
28	0.00697	0.00498	0.00664	0.00796	0.00830	0.00465	0.00531	0.00796	0.01095	0.01460	0.03153	0.79525	0.03783	0.01792	0.00730	0.00232	0.00332	0.01626	0.00531	0.00465
29	0.01529	0.80242	0.02997	0.00979	0.01468	0.02263	0.00979	0.01713	0.01162	0.01346	0.00795	0.00918	0.00734	0.00489	0.00367	0.00122	0.00612	0.00306	0.00245	0.00734
30	0.00800	0.00584	0.00751	0.00709	0.00849	0.00536	0.00532	0.01061	0.01596	0.02240	0.70963	0.04362	0.10496	0.01189	0.00675	0.00181	0.00271	0.01047	0.00623	0.00536
31	0.00922	0.00658	0.00922	0.01053	0.01185	0.00658	0.00922	0.01185	0.01317	0.01712	0.03029	0.06452	0.03292	0.01580	0.00790	0.00263	0.00527	0.72480	0.00527	0.00527
32	0.01251	0.01251	0.01752	0.01502	0.01502	0.01752	0.01251	0.01377	0.00876	0.01377	0.00751	0.01251	0.00751	0.01001	0.01877	0.00250	0.78851	0.00501	0.00250	0.00626
33	0.01423	0.01229	0.01293	0.01164	0.01487	0.01423	0.00905	0.03039	0.75297	0.02393	0.02328	0.02134	0.01746	0.00776	0.00582	0.00194	0.00453	0.00647	0.00582	0.00905
34	0.00750	0.00582	0.00681	0.00657	0.00818	0.00514	0.00493	0.00963	0.01478	0.01958	0.44497	0.04826	0.37138	0.01295	0.00675	0.00186	0.00279	0.01112	0.00585	0.00514
35	0.01251	0.01251	0.01752	0.01502	0.01502	0.01752	0.01251	0.01377	0.00876	0.01377	0.00751	0.01251	0.00751	0.01001	0.01877	0.00250	0.78851	0.00501	0.00250	0.00626
36	0.01350	0.01543	0.03375	0.02411	0.02989	0.01446	0.74253	0.01832	0.01350	0.01832	0.01157	0.01543	0.00868	0.00482	0.00675	0.00193	0.00964	0.00675	0.00289	0.00771
37	0.00832	0.00555	0.00624	0.00624	0.00624	0.00555	0.00347	0.00832	0.00832	0.01109	0.01802	0.03743	0.02080	0.79898	0.02911	0.00555	0.00555	0.00832	0.00347	0.00347
38	0.00844	0.00601	0.00859	0.00859	0.00957	0.00685	0.00656	0.01039	0.00942	0.01394	0.01586	0.02343	0.01480	0.09373	0.64362	0.00813	0.01332	0.00620	0.08754	0.00501
39	0.05005	0.00591	0.00593	0.00578	0.00729	0.00608	0.00440	0.03285	0.01219	0.02164	0.01791	0.02059	0.01412	0.00787	0.03095	0.00164	0.00329	0.00525	0.74079	0.00548
40	0.01237	0.01078	0.01365	0.00978	0.01490	0.00852	0.06000	0.04342	0.01257	0.01930	0.01041	0.01219	0.00854	0.00438	0.00448	0.00096	0.00471	0.00370	0.00344	0.74191
41	0.00697	0.00498	0.00664	0.00796	0.00830	0.00465	0.00531	0.00796	0.01095	0.01460	0.03153	0.79525	0.03783	0.01792	0.00730	0.00232	0.00332	0.01626	0.00531	0.00465
42	0.01186	0.01017	0.01186	0.00847	0.01356	0.00762	0.00678	0.01440	0.01186	0.01864	0.01017	0.01186	0.00847	0.00424	0.00424	0.00085	0.00424	0.00339	0.00339	0.83395
43	0.01883	0.09711	0.22725	0.01230	0.01776	0.01185	0.03560	0.07005	0.01527	0.35922	0.06464	0.01734	0.01364	0.00661	0.00554	0.00173	0.00611	0.00534	0.00502	0.00878
44	0.01591	0.66917	0.14331	0.01164	0.01710	0.02165	0.01201	0.01810	0.01249	0.01541	0.00963	0.01145	0.00857	0.00584	0.00452	0.00156	0.00688	0.00368	0.00290	0.00815
45	0.00834	0.00597	0.00761	0.00886	0.00931	0.00546	0.00590	0.00897	0.01176	0.01582	0.03237	0.78102	0.03845	0.01852	0.00781	0.00255	0.00379	0.01644	0.00570	0.00534
46	0.05046	0.05982	0.01956	0.01616	0.03651	0.44153	0.09467	0.14214	0.04354	0.02022	0.01175	0.01366	0.00949	0.00676	0.00589	0.00183	0.00920	0.00479	0.00394	0.00808
47	0.01365	0.21203	0.58066	0.01549	0.02306	0.01612	0.01873	0.01868	0.01276	0.01816	0.01100	0.01317	0.00851	0.00616	0.00556	0.00191	0.00827	0.00437	0.00288	0.00881
48	0.00966	0.00653	0.00722	0.00717	0.00730	0.00634	0.00409	0.00932	0.00919	0.01238	0.01915	0.03869	0.02176	0.78362	0.02917	0.00570	0.00597	0.00866	0.00390	0.00419
49	0.01538	0.01441	0.02385	0.03545	0.74889	0.01422	0.01789	0.01837	0.01380	0.01982	0.01203	0.01589	0.01026	0.00596	0.00620	0.00193	0.00719	0.00550	0.00328	0.00967
50	0.01285	0.02952	0.72872	0.01768	0.05118	0.01393	0.02127	0.01890	0.01290	0.01928	0.01156	0.01392	0.00855	0.00628	0.00599	0.00204	0.00876	0.00468	0.00288	0.00909
51	0.01002	0.00719	0.00944	0.01006	0.01143	0.00683	0.00816	0.01217	0.01484	0.02014	0.28345	0.10356	0.04122	0.01516	0.00796	0.00254	0.00469	0.41918	0.00602	0.00596
52	0.01690	0.01298	0.01395	0.01235	0.01582	0.01435	0.00955	0.05356	0.63786	0.10354	0.02392	0.02249	0.01790	0.00847	0.00635	0.00215	0.00506	0.00673	0.00633	0.00975
53	0.01533	0.01298	0.01322	0.01226	0.01518	0.06801	0.00955	0.06217	0.46618	0.03966	0.02504	0.05993	0.03833	0.01023	0.00672	0.00225	0.00552	0.12287	0.00590	0.00865
54	0.01250	0.00700	0.00709	0.00684	0.00847	0.00697	0.00508	0.03931	0.04831	0.02302	0.01982	0.02266	0.01572	0.00755	0.00472	0.00162	0.00336	0.00578	0.74786	0.00634
55	0.00945	0.00682	0.00860	0.00810	0.00956	0.00620	0.00598	0.01175	0.01690	0.02398	0.74624	0.04388	0.05426	0.01242	0.00727	0.00203	0.00318	0.01064	0.00667	0.00608
56	0.00966	0.00653	0.00722	0.00717	0.00730	0.00634	0.00409	0.00932	0.00919	0.01238	0.01915	0.03869	0.02176	0.78362	0.02917	0.00570	0.00597	0.00866	0.00390	0.00419
57	0.01313	0.01106	0.01273	0.00935	0.01446	0.00838	0.00733	0.01528	0.01266	0.01977	0.01145	0.01364	0.00969	0.00512	0.00481	0.00110	0.00469	0.00383	0.00382	0.81770

[dist]
# distance from previous block
# <min> <max>
0	42

[block]
# block no. 1 follows, 41 sequences, length 36
# corresponding to MSA columns:
# 373-408
name=unknown_B
#
# <colnr> <probs for GDERKNQSTAVLIFYWHMCP>
#	G	D	E	R	K	N	Q	S	T	A	V	L	I	F	Y	W	H	M	C	P
0	0.01958	0.01447	0.01543	0.01221	0.01628	0.01606	0.00996	0.56845	0.13584	0.03285	0.01564	0.01559	0.01136	0.00698	0.00558	0.00172	0.00569	0.00537	0.08173	0.00922
1	0.02439	0.00977	0.01314	0.01002	0.01451	0.00833	0.00826	0.02663	0.01596	0.69831	0.02142	0.01877	0.01364	0.00682	0.00561	0.00168	0.00481	0.00553	0.00674	0.08565
2	0.01147	0.02959	0.76934	0.01630	0.02476	0.01328	0.02113	0.01811	0.01208	0.01811	0.01026	0.01208	0.00725	0.00543	0.00543	0.00181	0.00845	0.00423	0.00242	0.00845
3	0.81283	0.03656	0.00910	0.00759	0.01118	0.01315	0.00631	0.01682	0.00980	0.02527	0.00796	0.00929	0.00623	0.00530	0.00354	0.00175	0.00448	0.00310	0.00350	0.00623
4	0.00819	0.00549	0.00628	0.00640	0.00643	0.00546	0.00364	0.00829	0.00856	0.01141	0.01927	0.10723	0.02236	0.72704	0.02710	0.00525	0.00534	0.00905	0.00364	0.00357
5	0.01203	0.01072	0.01405	0.01012	0.01511	0.00856	0.07473	0.01474	0.01191	0.01846	0.01021	0.01221	0.00846	0.00447	0.00492	0.00100	0.02929	0.00375	0.00332	0.73193
6	0.02113	0.01569	0.01717	0.05655	0.01896	0.01746	0.01115	0.70323	0.02602	0.03484	0.01353	0.01382	0.00961	0.00680	0.00572	0.00173	0.00637	0.00515	0.00554	0.00954
7	0.00817	0.00613	0.00919	0.00919	0.01021	0.00715	0.00715	0.01021	0.00919	0.01328	0.01532	0.02247	0.01430	0.04290	0.77631	0.00919	0.01532	0.00613	0.00306	0.00511
8	0.01549	0.77745	0.02953	0.00995	0.01478	0.04691	0.00983	0.01731	0.01177	0.01347	0.00798	0.00921	0.00734	0.00493	0.00372	0.00123	0.00625	0.00308	0.00246	0.00732
9	0.01423	0.01229	0.01293	0.01164	0.01487	0.01423	0.00905	0.03039	0.75297	0.02393	0.02328	0.02134	0.01746	0.00776	0.00582	0.00194	0.00453	0.00647	0.00582	0.00905
10	0.02530	0.01031	0.01363	0.01045	0.01489	0.00927	0.00863	0.09386	0.01734	0.69991	0.02175	0.01894	0.01375	0.00706	0.00575	0.00176	0.00500	0.00570	0.00695	0.00973
11	0.01915	0.01519	0.01850	0.01430	0.01876	0.01660	0.10685	0.50535	0.17089	0.03128	0.01536	0.01548	0.01114	0.00678	0.00588	0.00179	0.00638	0.00562	0.00537	0.00933
12	0.01193	0.02895	0.74498	0.01611	0.02443	0.01313	0.02072	0.01843	0.01221	0.04225	0.01066	0.01231	0.00747	0.00549	0.00544	0.00181	0.00834	0.00428	0.00257	0.00849
13	0.01350	0.01543	0.03375	0.02411	0.02989	0.01446	0.74253	0.01832	0.01350	0.01832	0.01157	0.01543	0.00868	0.00482	0.00675	0.00193	0.00964	0.00675	0.00289	0.00771
14	0.00697	0.00498	0.00664	0.00796	0.00830	0.00465	0.00531	0.00796	0.01095	0.01460	0.03153	0.79525	0.03783	0.01792	0.00730	0.00232	0.00332	0.01626	0.00531	0.00465
15	0.01251	0.01251	0.01752	0.01502	0.01502	0.01752	0.01251	0.01377	0.00876	0.01377	0.00751	0.01251	0.00751	0.01001	0.01877	0.00250	0.78851	0.00501	0.00250	0.00626
16	0.01147	0.02959	0.76934	0.01630	0.02476	0.01328	0.02113	0.01811	0.01208	0.01811	0.01026	0.01208	0.00725	0.00543	0.00543	0.00181	0.00845	0.00423	0.00242	0.00845
17	0.02566	0.00973	0.01327	0.01018	0.01460	0.00841	0.00841	0.02788	0.01637	0.76726	0.02257	0.01947	0.01416	0.00708	0.00575	0.00177	0.00487	0.00575	0.00708	0.00973
18	0.83938	0.01106	0.00841	0.00752	0.01106	0.01283	0.00619	0.01681	0.00973	0.02566	0.00796	0.00929	0.00619	0.00531	0.00354	0.00177	0.00442	0.00310	0.00354	0.00619
19	0.00817	0.00613	0.00919	0.00919	0.01021	0.00715	0.00715	0.01021	0.00919	0.01328	0.01532	0.02247	0.01430	0.04290	0.77631	0.00919	0.01532	0.00613	0.00306	0.00511
20	0.01529	0.80242	0.02997	0.00979	0.01468	0.02263	0.00979	0.01713	0.01162	0.01346	0.00795	0.00918	0.00734	0.00489	0.00367	0.00122	0.00612	0.00306	0.00245	0.00734
21	0.02566	0.00973	0.01327	0.01018	0.01460	0.00841	0.00841	0.02788	0.01637	0.76726	0.02257	0.01947	0.01416	0.00708	0.00575	0.00177	0.00487	0.00575	0.00708	0.00973
22	0.00818	0.00607	0.00892	0.00892	0.00985	0.00700	0.00681	0.01004	0.00911	0.01308	0.01557	0.02385	0.01490	0.11254	0.70749	0.00886	0.01442	0.00633	0.00310	0.00496
23	0.00676	0.00579	0.00579	0.00579	0.00773	0.00483	0.00435	0.00821	0.01304	0.01545	0.05794	0.05505	0.76098	0.01449	0.00676	0.00193	0.00290	0.01207	0.00531	0.00483
24	0.01423	0.01229	0.01293	0.01164	0.01487	0.01423	0.00905	0.03039	0.75297	0.02393	0.02328	0.02134	0.01746	0.00776	0.00582	0.00194	0.00453	0.00647	0.00582	0.00905
25	0.83938	0.01106	0.00841	0.00752	0.01106	0.01283	0.00619	0.01681	0.00973	0.02566	0.00796	0.00929	0.00619	0.00531	0.00354	0.00177	0.00442	0.00310	0.00354	0.00619
26	0.00697	0.00498	0.00664	0.00796	0.00830	0.00465	0.00531	0.00796	0.01095	0.01460	0.03153	0.79525	0.03783	0.01792	0.00730	0.00232	0.00332	0.01626	0.00531	0.00465
27	0.01066	0.00533	0.00533	0.00533	0.00666	0.00533	0.00400	0.01333	0.01200	0.02132	0.01866	0.02132	0.01466	0.00666	0.00400	0.00133	0.00267	0.00533	0.83073	0.00533
28	0.00832	0.00555	0.00624	0.00624	0.00624	0.00555	0.00347	0.00832	0.00832	0.01109	0.01802	0.03743	0.02080	0.79898	0.02911	0.00555	0.00555	0.00832	0.00347	0.00347
29	0.00684	0.00577	0.00593	0.00594	0.00779	0.00486	0.00444	0.00835	0.01316	0.01587	0.09843	0.07575	0.69852	0.01442	0.00678	0.00194	0.00290	0.01209	0.00537	0.00486
30	0.02188	0.01580	0.01703	0.01305	0.01763	0.01740	0.01078	0.71856	0.02652	0.06224	0.01405	0.01394	0.00989	0.00687	0.00572	0.00172	0.00624	0.00517	0.00577	0.00973
31	0.00922	0.00658	0.00922	0.01053	0.01185	0.00658	0.00922	0.01185	0.01317	0.01712	0.03029	0.06452	0.03292	0.01580	0.00790	0.00263	0.00527	0.72480	0.00527	0.00527
32	0.02529	0.00982	0.01326	0.01022	0.01461	0.00859	0.00843	0.02796	0.04011	0.74331	0.02259	0.01953	0.01427	0.00710	0.00575	0.00178	0.00486	0.00578	0.00704	0.00971
33	0.02117	0.05224	0.01665	0.01458	0.01759	0.75174	0.01101	0.02266	0.01606	0.01398	0.00881	0.01028	0.00737	0.00586	0.00511	0.00147	0.01018	0.00366	0.00293	0.00665
34	0.00834	0.00630	0.00923	0.00914	0.01003	0.00738	0.00701	0.01017	0.00910	0.01310	0.01528	0.02346	0.01464	0.10942	0.68239	0.00863	0.04203	0.00628	0.00308	0.00500
35	0.00697	0.00498	0.00664	0.00796	0.00830	0.00465	0.00531	0.00796	0.01095	0.01460	0.03153	0.79525	0.03783	0.01792	0.00730	0.00232	0.00332	0.01626	0.00531	0.00465

[dist]
# distance from previous block
# <min> <max>
0	1

[block]
# block no. 2 follows, 41 sequences, length 24
# corresponding to MSA columns:
# 410-433
name=unknown_C
#
# <colnr> <probs for GDERKNQSTAVLIFYWHMCP>
#	G	D	E	R	K	N	Q	S	T	A	V	L	I	F	Y	W	H	M	C	P
0	0.83938	0.01106	0.00841	0.00752	0.01106	0.01283	0.00619	0.01681	0.00973	0.02566	0.00796	0.00929	0.00619	0.00531	0.00354	0.00177	0.00442	0.00310	0.00354	0.00619
1	0.02143	0.01587	0.01699	0.01310	0.01762	0.01759	0.01080	0.71490	0.05672	0.03555	0.01412	0.01405	0.01005	0.00690	0.00573	0.00173	0.00622	0.00520	0.00573	0.00970
2	0.00822	0.00550	0.00627	0.00636	0.00639	0.00548	0.00360	0.00829	0.00851	0.01134	0.01899	0.09163	0.02201	0.74312	0.02755	0.00531	0.00539	0.00889	0.00360	0.00355
3	0.00697	0.00498	0.00664	0.00796	0.00830	0.00465	0.00531	0.00796	0.01095	0.01460	0.03153	0.79525	0.03783	0.01792	0.00730	0.00232	0.00332	0.01626	0.00531	0.00465
4	0.01974	0.01485	0.01599	0.01275	0.01691	0.01651	0.01046	0.57953	0.15224	0.03289	0.01631	0.01788	0.01236	0.00752	0.00586	0.00181	0.00593	0.04539	0.00571	0.00936
5	0.01186	0.01017	0.01186	0.00847	0.01356	0.00762	0.00678	0.01440	0.01186	0.01864	0.01017	0.01186	0.00847	0.00424	0.00424	0.00085	0.00424	0.00339	0.00339	0.83395
6	0.01186	0.01017	0.01186	0.00847	0.01356	0.00762	0.00678	0.01440	0.01186	0.01864	0.01017	0.01186	0.00847	0.00424	0.00424	0.00085	0.00424	0.00339	0.00339	0.83395
7	0.01367	0.01363	0.04434	0.03292	0.69942	0.01309	0.01693	0.01705	0.01300	0.01849	0.01337	0.01637	0.05081	0.00563	0.00572	0.00172	0.00663	0.00546	0.00296	0.00881
8	0.06502	0.00997	0.01012	0.00894	0.01179	0.04775	0.00705	0.13462	0.08419	0.11528	0.03512	0.07153	0.32745	0.01089	0.00616	0.00189	0.00443	0.03556	0.00542	0.00683
9	0.01173	0.01105	0.01540	0.01345	0.01370	0.01510	0.01110	0.01320	0.00906	0.01423	0.00947	0.01463	0.00904	0.01469	0.13097	0.00342	0.61671	0.00520	0.06182	0.00602
10	0.00779	0.00583	0.00722	0.00687	0.00836	0.00527	0.00516	0.01020	0.01547	0.02122	0.59925	0.04555	0.21608	0.01233	0.00675	0.00183	0.00274	0.01074	0.00607	0.00527
11	0.02174	0.01602	0.01717	0.01316	0.01774	0.01774	0.01087	0.74423	0.02689	0.03605	0.01373	0.01373	0.00973	0.00687	0.00572	0.00172	0.00629	0.00515	0.00572	0.00973
12	0.02380	0.01024	0.01337	0.01024	0.01470	0.00907	0.00842	0.07130	0.03652	0.63056	0.02086	0.01844	0.01343	0.00681	0.00561	0.00168	0.00489	0.00551	0.00661	0.08792
13	0.01143	0.01059	0.01718	0.70286	0.03692	0.01323	0.01545	0.04968	0.01202	0.01560	0.01018	0.01502	0.00772	0.00603	0.00648	0.00193	0.05340	0.00508	0.00269	0.00651
14	0.02174	0.01602	0.01717	0.01316	0.01774	0.01774	0.01087	0.74423	0.02689	0.03605	0.01373	0.01373	0.00973	0.00687	0.00572	0.00172	0.00629	0.00515	0.00572	0.00973
15	0.01441	0.01483	0.04988	0.03345	0.70069	0.05027	0.01737	0.01783	0.01314	0.01844	0.01065	0.01390	0.00891	0.00515	0.00563	0.00169	0.00702	0.00500	0.00282	0.00892
16	0.00701	0.00511	0.00661	0.00771	0.00825	0.00471	0.00522	0.00815	0.01146	0.01517	0.07691	0.67817	0.11000	0.01722	0.00721	0.00225	0.00324	0.01550	0.00537	0.00471
17	0.00707	0.00580	0.00626	0.00630	0.00804	0.00498	0.00475	0.00874	0.01343	0.01664	0.16474	0.08845	0.58838	0.01427	0.00683	0.00196	0.00298	0.04001	0.00546	0.00493
18	0.01143	0.02838	0.72248	0.06421	0.02567	0.01325	0.02081	0.01790	0.01204	0.01790	0.01026	0.01227	0.00727	0.00545	0.00545	0.00182	0.00840	0.00428	0.00242	0.00832
19	0.01186	0.01017	0.01186	0.00847	0.01356	0.00762	0.00678	0.01440	0.01186	0.01864	0.01017	0.01186	0.00847	0.00424	0.00424	0.00085	0.00424	0.00339	0.00339	0.83395
20	0.00832	0.00555	0.00624	0.00624	0.00624	0.00555	0.00347	0.00832	0.00832	0.01109	0.01802	0.03743	0.02080	0.79898	0.02911	0.00555	0.00555	0.00832	0.00347	0.00347
21	0.00826	0.00558	0.00636	0.00636	0.00647	0.00560	0.00367	0.00840	0.00851	0.01133	0.01917	0.03729	0.04417	0.73819	0.06367	0.00560	0.00592	0.00833	0.00351	0.00359
22	0.02137	0.02726	0.01621	0.01474	0.01768	0.77602	0.01105	0.02284	0.01621	0.01400	0.00884	0.01031	0.00737	0.00589	0.00516	0.00147	0.01031	0.00368	0.00295	0.00663
23	0.01506	0.01419	0.02368	0.03536	0.75270	0.01406	0.01780	0.01815	0.01359	0.01952	0.01169	0.01543	0.00995	0.00573	0.00606	0.00187	0.00709	0.00539	0.00316	0.00951

[dist]
# distance from previous block
# <min> <max>
0	258

# created by:
# /software/SequenceAnalysis/GenePrediction/augustus/3.0.1/scripts/msa2prfl.pl ./fixed/BUSCOvEOG7M3BP8.fas
