[name]
unknown

[dist]
# distance from previous block
# <min> <max>
0	637

[block]
# block no. 0 follows, 39 sequences, length 25
# corresponding to MSA columns:
# 742-766
name=unknown_A
#
# <colnr> <probs for GDERKNQSTAVLIFYWHMCP>
#	G	D	E	R	K	N	Q	S	T	A	V	L	I	F	Y	W	H	M	C	P
0	0.00975	0.00736	0.01075	0.12858	0.01654	0.00775	0.01049	0.01266	0.01342	0.01746	0.04677	0.05830	0.03058	0.01463	0.00779	0.00258	0.00575	0.58819	0.00504	0.00562
1	0.14662	0.02245	0.46393	0.01373	0.02050	0.01230	0.01610	0.01993	0.01313	0.15433	0.05295	0.01513	0.01124	0.00626	0.00544	0.00186	0.00707	0.00481	0.00378	0.00843
2	0.01388	0.15070	0.27911	0.02522	0.38005	0.01551	0.01808	0.01827	0.01289	0.01821	0.01046	0.01303	0.00842	0.00535	0.00543	0.00171	0.00750	0.00461	0.00271	0.00885
3	0.01917	0.02306	0.01813	0.01853	0.13091	0.50724	0.01275	0.02096	0.01476	0.01517	0.00918	0.01171	0.00791	0.00679	0.00814	0.00177	0.15941	0.00430	0.00294	0.00717
4	0.01175	0.00996	0.01171	0.00871	0.01346	0.00757	0.00685	0.01421	0.01217	0.01884	0.01277	0.09167	0.01186	0.00583	0.00470	0.00103	0.00428	0.00487	0.00371	0.74406
5	0.01485	0.59560	0.17236	0.01178	0.01723	0.02117	0.01259	0.01768	0.01191	0.01487	0.00866	0.01030	0.00758	0.00551	0.00517	0.00147	0.05747	0.00353	0.00253	0.00774
6	0.01991	0.01156	0.01802	0.13759	0.28424	0.01129	0.01327	0.02289	0.01490	0.37994	0.01699	0.01749	0.01171	0.00637	0.00591	0.00183	0.00618	0.00560	0.00503	0.00928
7	0.00885	0.00656	0.00930	0.00916	0.01002	0.00763	0.00695	0.01062	0.00949	0.01383	0.01600	0.02499	0.01545	0.15544	0.57606	0.00814	0.05535	0.00658	0.04449	0.00510
8	0.01678	0.67788	0.02880	0.01090	0.01565	0.13779	0.01032	0.01861	0.01274	0.01400	0.00836	0.00967	0.00759	0.00522	0.00403	0.00130	0.00699	0.00326	0.00261	0.00748
9	0.00845	0.00634	0.00950	0.00950	0.01056	0.00739	0.00739	0.01056	0.00950	0.01373	0.01584	0.02323	0.01478	0.04435	0.76873	0.00950	0.01584	0.00634	0.00317	0.00528
10	0.05820	0.03169	0.01612	0.01335	0.02916	0.16954	0.01051	0.37699	0.06859	0.02726	0.01626	0.04778	0.05119	0.00788	0.00650	0.00181	0.04801	0.00581	0.00490	0.00845
11	0.01430	0.01371	0.02340	0.10722	0.68694	0.01396	0.01798	0.01786	0.01331	0.01892	0.01107	0.01474	0.00923	0.00533	0.00586	0.00178	0.00711	0.00527	0.00290	0.00910
12	0.02591	0.01106	0.01434	0.01100	0.01559	0.01017	0.00908	0.13733	0.01860	0.64850	0.02193	0.01922	0.01394	0.00729	0.00594	0.00182	0.00526	0.00585	0.00710	0.01006
13	0.01385	0.01556	0.03340	0.06491	0.07090	0.01481	0.65729	0.01870	0.01382	0.01876	0.01184	0.01587	0.00894	0.00505	0.00686	0.00198	0.00970	0.00680	0.00297	0.00798
14	0.00809	0.00603	0.00751	0.00714	0.00866	0.00546	0.00536	0.01061	0.01607	0.02213	0.61015	0.04679	0.19880	0.01268	0.00698	0.00189	0.00283	0.01106	0.00630	0.00546
15	0.01226	0.01051	0.01226	0.00876	0.01401	0.00788	0.00701	0.01489	0.01226	0.01927	0.01051	0.01226	0.00876	0.00438	0.00438	0.00088	0.00438	0.00350	0.00350	0.82832
16	0.79017	0.01136	0.00896	0.00793	0.01164	0.01302	0.00653	0.01800	0.01044	0.06626	0.00905	0.01018	0.00685	0.00559	0.00378	0.00183	0.00460	0.00335	0.00386	0.00660
17	0.01226	0.01051	0.01226	0.00876	0.01401	0.00788	0.00701	0.01489	0.01226	0.01927	0.01051	0.01226	0.00876	0.00438	0.00438	0.00088	0.00438	0.00350	0.00350	0.82832
18	0.00752	0.00547	0.00740	0.03505	0.00974	0.00521	0.00589	0.00892	0.01217	0.01642	0.14230	0.64701	0.04058	0.01710	0.00740	0.00230	0.00349	0.01547	0.00555	0.00498
19	0.01651	0.01316	0.01406	0.01220	0.01582	0.01496	0.00961	0.13940	0.59699	0.06457	0.02252	0.02076	0.01665	0.00785	0.00600	0.00196	0.00498	0.00644	0.00607	0.00950
20	0.01574	0.01578	0.19930	0.01248	0.01795	0.01077	0.04935	0.05633	0.07589	0.18203	0.01629	0.06944	0.01271	0.00679	0.00560	0.00164	0.00596	0.00573	0.00453	0.23569
21	0.01212	0.08062	0.71376	0.01642	0.02491	0.01437	0.02108	0.01866	0.01245	0.01841	0.01046	0.01229	0.00750	0.00558	0.00550	0.00183	0.00858	0.00429	0.00250	0.00866
22	0.00893	0.00663	0.00862	0.00938	0.01086	0.00642	0.00780	0.01177	0.03591	0.01839	0.14694	0.09928	0.16542	0.01531	0.00768	0.00242	0.00447	0.42267	0.00564	0.00547
23	0.01186	0.03059	0.76153	0.01686	0.02560	0.01373	0.02185	0.01873	0.01249	0.01873	0.01061	0.01249	0.00749	0.00562	0.00562	0.00187	0.00874	0.00437	0.00250	0.00874
24	0.02437	0.01064	0.01378	0.01080	0.01506	0.00982	0.00882	0.13292	0.01810	0.59155	0.02271	0.08093	0.01592	0.00819	0.00607	0.00187	0.00512	0.00673	0.00696	0.00964

[dist]
# distance from previous block
# <min> <max>
0	4

[block]
# block no. 1 follows, 39 sequences, length 11
# corresponding to MSA columns:
# 771-781
name=unknown_B
#
# <colnr> <probs for GDERKNQSTAVLIFYWHMCP>
#	G	D	E	R	K	N	Q	S	T	A	V	L	I	F	Y	W	H	M	C	P
0	0.01239	0.01198	0.02059	0.48004	0.22414	0.01384	0.06679	0.01611	0.01221	0.01641	0.01058	0.01529	0.00834	0.00599	0.00690	0.00196	0.06095	0.00537	0.00273	0.00739
1	0.07024	0.01475	0.02910	0.08682	0.20474	0.01448	0.45406	0.01834	0.01340	0.01925	0.01139	0.01518	0.00880	0.00516	0.00639	0.00192	0.00872	0.00617	0.00299	0.00809
2	0.02271	0.00955	0.01270	0.01019	0.01410	0.00857	0.00824	0.02598	0.06835	0.58891	0.08934	0.07632	0.02029	0.00858	0.00616	0.00189	0.00469	0.00719	0.00703	0.00924
3	0.01419	0.01695	0.26933	0.01264	0.01760	0.01136	0.01297	0.02184	0.20828	0.14122	0.04008	0.05182	0.07340	0.00883	0.00622	0.00201	0.00599	0.07203	0.00492	0.00832
4	0.01222	0.01159	0.01964	0.55229	0.25814	0.01342	0.01695	0.01603	0.01232	0.01639	0.01070	0.01542	0.00833	0.00572	0.00589	0.00191	0.00762	0.00526	0.00272	0.00742
5	0.01411	0.01352	0.02306	0.14806	0.64760	0.01391	0.01789	0.01769	0.01322	0.01869	0.01103	0.01481	0.00914	0.00537	0.00586	0.00179	0.00715	0.00527	0.00288	0.00895
6	0.01211	0.01148	0.01944	0.57597	0.23533	0.01339	0.01689	0.01594	0.01227	0.01626	0.01068	0.01546	0.00829	0.00574	0.00590	0.00191	0.00765	0.00526	0.00271	0.00733
7	0.01632	0.02217	0.45170	0.01457	0.02143	0.01192	0.03711	0.02195	0.04295	0.24314	0.04780	0.01667	0.01225	0.00650	0.00583	0.00187	0.00723	0.00529	0.00429	0.00900
8	0.01374	0.01553	0.03358	0.08279	0.03166	0.01482	0.67867	0.01865	0.01379	0.01865	0.01185	0.01594	0.00889	0.00506	0.00690	0.00199	0.00981	0.00685	0.00296	0.00787
9	0.01438	0.01390	0.02405	0.08501	0.67724	0.01403	0.04831	0.01798	0.01338	0.01903	0.01112	0.01477	0.00925	0.00530	0.00591	0.00178	0.00721	0.00534	0.00291	0.00912
10	0.02546	0.00983	0.01338	0.01034	0.01473	0.00851	0.00851	0.02778	0.01692	0.71596	0.06634	0.02155	0.01707	0.00760	0.00601	0.00183	0.00490	0.00623	0.00727	0.00980

[dist]
# distance from previous block
# <min> <max>
37	105

# created by:
# /software/SequenceAnalysis/GenePrediction/augustus/3.0.1/scripts/msa2prfl.pl ./fixed/BUSCOvEOG7GTMT5.fas
