[name]
unknown

[dist]
# distance from previous block
# <min> <max>
0	94

[block]
# block no. 0 follows, 39 sequences, length 27
# corresponding to MSA columns:
# 94-120
name=unknown_A
#
# <colnr> <probs for GDERKNQSTAVLIFYWHMCP>
#	G	D	E	R	K	N	Q	S	T	A	V	L	I	F	Y	W	H	M	C	P
0	0.08108	0.25735	0.36708	0.01441	0.03977	0.11299	0.01566	0.01892	0.01272	0.01739	0.00953	0.01118	0.00750	0.00549	0.00488	0.00164	0.00788	0.00387	0.00268	0.00798
1	0.31779	0.15474	0.24929	0.01400	0.06980	0.03713	0.04566	0.01816	0.01177	0.02071	0.00937	0.01115	0.00731	0.00543	0.00464	0.00174	0.00677	0.00389	0.00300	0.00763
2	0.00828	0.00600	0.00780	0.00743	0.00880	0.00553	0.00554	0.01095	0.01640	0.02310	0.69967	0.07813	0.07520	0.01246	0.00700	0.00189	0.00282	0.01102	0.00643	0.00553
3	0.12532	0.01451	0.01539	0.01206	0.01638	0.01582	0.00985	0.50191	0.04785	0.10069	0.01475	0.01556	0.01081	0.04458	0.00676	0.00196	0.00597	0.00527	0.00559	0.02897
4	0.00849	0.00616	0.00862	0.00862	0.00937	0.00691	0.00628	0.00999	0.00924	0.01307	0.01665	0.02773	0.01674	0.26174	0.55401	0.00841	0.01290	0.00699	0.00329	0.00479
5	0.01206	0.02943	0.70974	0.01822	0.07683	0.01376	0.02159	0.01869	0.01255	0.01877	0.01065	0.01264	0.00762	0.00559	0.00564	0.00186	0.00862	0.00443	0.00253	0.00878
6	0.01067	0.02313	0.53250	0.01386	0.02042	0.01120	0.01680	0.01617	0.01346	0.01949	0.16821	0.02335	0.09021	0.00787	0.00603	0.00188	0.00695	0.00646	0.00362	0.00772
7	0.01117	0.01051	0.01774	0.77795	0.04073	0.01314	0.01642	0.01511	0.01182	0.01511	0.01051	0.01577	0.00788	0.00591	0.00591	0.00197	0.00788	0.00526	0.00263	0.00657
8	0.01744	0.01316	0.09897	0.24529	0.04476	0.01201	0.01292	0.02377	0.16583	0.27723	0.01783	0.01820	0.01235	0.00679	0.00591	0.00191	0.00630	0.00569	0.00496	0.00869
9	0.00991	0.00587	0.00723	0.00723	0.00847	0.00632	0.00554	0.01239	0.01115	0.01846	0.01780	0.02256	0.01500	0.02303	0.33360	0.00488	0.00839	0.00587	0.47087	0.00541
10	0.01306	0.26292	0.53970	0.01481	0.02243	0.01667	0.01829	0.01842	0.01234	0.01727	0.00989	0.01157	0.00752	0.00545	0.00506	0.00169	0.00801	0.00400	0.00251	0.00839
11	0.58877	0.01102	0.01022	0.00861	0.01255	0.01188	0.00710	0.02086	0.01215	0.24906	0.01282	0.01280	0.00890	0.00605	0.00435	0.00183	0.00471	0.00404	0.00477	0.00752
12	0.66759	0.01115	0.00973	0.00834	0.01219	0.01232	0.00688	0.01974	0.01148	0.17752	0.01134	0.01177	0.00810	0.00587	0.00413	0.00183	0.00467	0.00377	0.00441	0.00716
13	0.01410	0.01367	0.02381	0.14167	0.60641	0.01398	0.06398	0.01777	0.01326	0.01869	0.01109	0.01488	0.00913	0.00534	0.00594	0.00180	0.00734	0.00538	0.00289	0.00888
14	0.00857	0.00587	0.00714	0.00714	0.00738	0.00611	0.00444	0.00904	0.00880	0.01198	0.01800	0.03521	0.01999	0.62366	0.19654	0.00658	0.00801	0.00809	0.00349	0.00397
15	0.02532	0.00980	0.01333	0.01032	0.01468	0.00848	0.00848	0.02764	0.01691	0.71012	0.07212	0.02174	0.01739	0.00764	0.00602	0.00183	0.00488	0.00626	0.00727	0.00976
16	0.01836	0.01167	0.01337	0.01135	0.01501	0.01246	0.00901	0.07629	0.42250	0.24857	0.07636	0.02256	0.01924	0.00804	0.00606	0.00193	0.00477	0.00666	0.00644	0.00934
17	0.06663	0.00686	0.00814	0.00763	0.00937	0.00667	0.00578	0.01269	0.06468	0.02323	0.58360	0.04151	0.11785	0.01164	0.00668	0.00188	0.00306	0.01007	0.00618	0.00583
18	0.01329	0.02502	0.53463	0.01535	0.02240	0.01373	0.01814	0.14379	0.01480	0.02135	0.01191	0.01416	0.00887	0.01083	0.10314	0.00283	0.00925	0.00479	0.00318	0.00853
19	0.01262	0.00921	0.01086	0.00934	0.01171	0.00943	0.00730	0.23103	0.01992	0.02755	0.50476	0.05919	0.04137	0.01078	0.00667	0.00185	0.00394	0.00926	0.00630	0.00691
20	0.01407	0.01807	0.24072	0.01374	0.03087	0.01414	0.01321	0.08300	0.40860	0.02362	0.04853	0.01996	0.03013	0.00747	0.00594	0.00194	0.00599	0.00612	0.00490	0.00899
21	0.38572	0.38449	0.07470	0.00956	0.01425	0.01810	0.00930	0.01764	0.01117	0.01998	0.00840	0.00976	0.00705	0.00530	0.00387	0.00157	0.00571	0.00327	0.00304	0.00714
22	0.01354	0.01311	0.02287	0.26070	0.48744	0.01384	0.06788	0.01728	0.01300	0.01802	0.01100	0.01507	0.00889	0.00544	0.00595	0.00184	0.00749	0.00539	0.00284	0.00842
23	0.01383	0.01161	0.01306	0.00999	0.01475	0.01049	0.00797	0.08908	0.18411	0.02230	0.01402	0.01473	0.01105	0.00549	0.00491	0.00123	0.00466	0.00442	0.00432	0.55797
24	0.00847	0.00597	0.00757	0.00733	0.00817	0.00587	0.00507	0.01013	0.01278	0.01788	0.38495	0.03946	0.03779	0.30671	0.11288	0.00428	0.00555	0.00936	0.00499	0.00480
25	0.07275	0.64293	0.12273	0.01081	0.01625	0.02145	0.01136	0.01782	0.01194	0.01541	0.00853	0.00988	0.00749	0.00516	0.00402	0.00138	0.00651	0.00332	0.00260	0.00765
26	0.01250	0.02614	0.54089	0.01931	0.02721	0.01410	0.23803	0.01879	0.01293	0.01879	0.01102	0.01354	0.00794	0.00543	0.00603	0.00191	0.00911	0.00516	0.00265	0.00851

[dist]
# distance from previous block
# <min> <max>
0	1

[block]
# block no. 1 follows, 39 sequences, length 59
# corresponding to MSA columns:
# 122-180
name=unknown_B
#
# <colnr> <probs for GDERKNQSTAVLIFYWHMCP>
#	G	D	E	R	K	N	Q	S	T	A	V	L	I	F	Y	W	H	M	C	P
0	0.01124	0.00862	0.01023	0.04607	0.01281	0.00909	0.00754	0.14632	0.11619	0.02060	0.02889	0.45065	0.07973	0.01411	0.00692	0.00218	0.00435	0.01243	0.00551	0.00650
1	0.18418	0.01176	0.01595	0.37563	0.13843	0.04836	0.01323	0.01697	0.01206	0.06815	0.01092	0.01449	0.00837	0.00662	0.00634	0.04666	0.00686	0.00480	0.00322	0.00699
2	0.01186	0.03059	0.76153	0.01686	0.02560	0.01373	0.02185	0.01873	0.01249	0.01873	0.01061	0.01249	0.00749	0.00562	0.00562	0.00187	0.00874	0.00437	0.00250	0.00874
3	0.02249	0.00904	0.01229	0.01004	0.01373	0.00788	0.00802	0.02451	0.01575	0.60365	0.02527	0.18085	0.01976	0.00966	0.00628	0.00195	0.00470	0.00822	0.00694	0.00896
4	0.01130	0.00735	0.00979	0.01000	0.01184	0.00723	0.00837	0.01499	0.06670	0.09478	0.22427	0.05276	0.03681	0.01369	0.00747	0.00235	0.00463	0.40349	0.00596	0.00623
5	0.01080	0.00926	0.01245	0.21128	0.01979	0.00855	0.00914	0.01340	0.01193	0.01720	0.01564	0.19350	0.01558	0.00807	0.00552	0.00152	0.00508	0.00706	0.00373	0.42048
6	0.01435	0.01375	0.02348	0.09853	0.69532	0.01397	0.01800	0.01789	0.01333	0.01897	0.01107	0.01473	0.00924	0.00532	0.00586	0.00177	0.00710	0.00527	0.00290	0.00913
7	0.00780	0.00565	0.00737	0.00774	0.00869	0.00522	0.00550	0.00977	0.01423	0.01962	0.40899	0.37324	0.07403	0.01504	0.00723	0.00210	0.00308	0.01346	0.00602	0.00522
8	0.01021	0.00632	0.00859	0.00931	0.01054	0.00596	0.00720	0.01208	0.01315	0.09874	0.08992	0.40211	0.03608	0.01603	0.00753	0.00240	0.00423	0.24816	0.00576	0.00566
9	0.01393	0.01295	0.02125	0.03106	0.60004	0.01309	0.01633	0.01827	0.06511	0.01948	0.01484	0.02238	0.01340	0.00700	0.00619	0.00191	0.00664	0.10382	0.00349	0.00882
10	0.00845	0.00634	0.00950	0.00950	0.01056	0.00739	0.00739	0.01056	0.00950	0.01373	0.01584	0.02323	0.01478	0.04435	0.76873	0.00950	0.01584	0.00634	0.00317	0.00528
11	0.01068	0.00661	0.00834	0.00758	0.00955	0.00590	0.00580	0.01313	0.01608	0.12728	0.50311	0.04340	0.19576	0.01201	0.00683	0.00188	0.00315	0.01039	0.00641	0.00610
12	0.83394	0.01144	0.00869	0.00778	0.01144	0.01327	0.00640	0.01738	0.01006	0.02653	0.00823	0.00961	0.00640	0.00549	0.00366	0.00183	0.00457	0.00320	0.00366	0.00640
13	0.83394	0.01144	0.00869	0.00778	0.01144	0.01327	0.00640	0.01738	0.01006	0.02653	0.00823	0.00961	0.00640	0.00549	0.00366	0.00183	0.00457	0.00320	0.00366	0.00640
14	0.01765	0.01628	0.06460	0.01311	0.01725	0.06908	0.01096	0.26639	0.40413	0.02782	0.01881	0.01798	0.01393	0.00742	0.00591	0.00189	0.00598	0.00587	0.00554	0.00938
15	0.02211	0.02756	0.01681	0.01515	0.01829	0.72776	0.01142	0.06221	0.01736	0.01571	0.00942	0.01086	0.00775	0.00615	0.00536	0.00154	0.01044	0.00389	0.00320	0.00703
16	0.01471	0.54627	0.20702	0.01298	0.01900	0.02037	0.07366	0.01806	0.01229	0.01549	0.00911	0.01075	0.00768	0.00519	0.00450	0.00147	0.00721	0.00377	0.00256	0.00790
17	0.01489	0.01461	0.02622	0.05193	0.50129	0.01454	0.20129	0.06576	0.01450	0.02030	0.01153	0.01498	0.00927	0.00533	0.00615	0.00182	0.00777	0.00571	0.00313	0.00898
18	0.67917	0.01176	0.03410	0.00863	0.01231	0.01264	0.00729	0.01783	0.01077	0.07500	0.01030	0.01201	0.00801	0.00909	0.06822	0.00253	0.00580	0.00380	0.00393	0.00680
19	0.01180	0.01256	0.16625	0.00990	0.01369	0.00852	0.00944	0.01604	0.08794	0.11584	0.08823	0.07061	0.34247	0.01143	0.00662	0.00202	0.00476	0.00947	0.00533	0.00709
20	0.61647	0.01102	0.00992	0.00857	0.01224	0.01203	0.00696	0.01946	0.01158	0.17922	0.01183	0.01272	0.00865	0.00690	0.00534	0.04668	0.00481	0.00399	0.00447	0.00713
21	0.00986	0.00705	0.00976	0.01110	0.01249	0.00700	0.00965	0.01248	0.01380	0.01799	0.03152	0.06687	0.03421	0.01649	0.00829	0.00278	0.00555	0.71195	0.00554	0.00562
22	0.83006	0.01165	0.00892	0.00800	0.01167	0.01343	0.00655	0.01759	0.01027	0.02678	0.00856	0.01006	0.00672	0.00570	0.00381	0.00189	0.00469	0.00331	0.00377	0.00657
23	0.01036	0.00786	0.00993	0.01070	0.01247	0.00801	0.00903	0.01500	0.12680	0.01887	0.03378	0.05881	0.11656	0.01505	0.00782	0.00258	0.00514	0.51942	0.00564	0.00617
24	0.01750	0.01221	0.01362	0.01192	0.01549	0.01335	0.00942	0.05313	0.53072	0.17877	0.02419	0.02391	0.01809	0.00844	0.00623	0.00205	0.00496	0.04017	0.00635	0.00949
25	0.01507	0.00830	0.01047	0.00895	0.01148	0.00773	0.00692	0.07698	0.01721	0.23518	0.40299	0.03507	0.06072	0.06565	0.00835	0.00218	0.00408	0.00886	0.00654	0.00725
26	0.01258	0.01073	0.01248	0.00898	0.01424	0.00807	0.00715	0.01511	0.01246	0.01955	0.01083	0.01271	0.00906	0.00460	0.00452	0.00094	0.00449	0.00361	0.00361	0.82429
27	0.00776	0.00625	0.00683	0.00667	0.00850	0.00538	0.00498	0.00956	0.01467	0.01865	0.27298	0.05321	0.53489	0.01425	0.00711	0.00201	0.00305	0.01199	0.00590	0.00535
28	0.01755	0.01319	0.01457	0.06231	0.01702	0.01431	0.00981	0.43885	0.07164	0.03027	0.08355	0.02420	0.12002	0.00881	0.00621	0.00188	0.00559	0.00698	0.04461	0.00862
29	0.00869	0.00641	0.00698	0.00687	0.00780	0.00611	0.00445	0.01008	0.04585	0.01474	0.08459	0.04449	0.26038	0.44464	0.01986	0.00411	0.00469	0.01000	0.00463	0.00463
30	0.02058	0.01090	0.01330	0.01125	0.01502	0.01088	0.00902	0.02817	0.28985	0.40667	0.02469	0.04947	0.01828	0.00875	0.00631	0.00203	0.00498	0.05364	0.00674	0.00947
31	0.01173	0.00758	0.00956	0.00849	0.01052	0.00716	0.00651	0.07396	0.01786	0.09946	0.61312	0.03951	0.04786	0.01137	0.00691	0.00191	0.00345	0.00984	0.00663	0.00658
32	0.00919	0.00659	0.00816	0.00797	0.00824	0.00712	0.00522	0.00966	0.00905	0.01248	0.01756	0.03381	0.01931	0.56797	0.19598	0.00641	0.05946	0.00795	0.00353	0.00434
33	0.01258	0.01073	0.01248	0.00898	0.01424	0.00807	0.00715	0.01511	0.01246	0.01955	0.01083	0.01271	0.00906	0.00460	0.00452	0.00094	0.00449	0.00361	0.00361	0.82429
34	0.06733	0.01858	0.05229	0.17397	0.02307	0.25625	0.03610	0.14624	0.01717	0.13278	0.01289	0.01443	0.00944	0.00653	0.00576	0.00182	0.00812	0.00490	0.00422	0.00810
35	0.01541	0.22690	0.42519	0.01474	0.02149	0.12300	0.01673	0.01987	0.01339	0.05539	0.01076	0.01229	0.00821	0.00584	0.00526	0.00172	0.00829	0.00416	0.00295	0.00840
36	0.03875	0.70634	0.02931	0.01070	0.01556	0.08574	0.01025	0.01840	0.01256	0.01461	0.00863	0.01004	0.00787	0.00537	0.00406	0.00136	0.00674	0.00333	0.00272	0.00765
37	0.76109	0.01326	0.07209	0.00876	0.01286	0.01347	0.00784	0.01770	0.01048	0.02612	0.00876	0.01030	0.00681	0.00571	0.00397	0.00189	0.00503	0.00341	0.00367	0.00677
38	0.01900	0.02981	0.01574	0.01235	0.01624	0.03371	0.01000	0.49018	0.08517	0.03256	0.16949	0.02138	0.02049	0.00836	0.00622	0.00185	0.00577	0.00658	0.00601	0.00908
39	0.00795	0.00561	0.00721	0.00832	0.00871	0.00530	0.00558	0.00882	0.01120	0.01494	0.03028	0.60533	0.03585	0.15339	0.01165	0.00306	0.00408	0.06266	0.00525	0.00481
40	0.01931	0.01832	0.03246	0.02414	0.02988	0.01742	0.54111	0.17116	0.01904	0.02606	0.01605	0.02051	0.01270	0.00794	0.00825	0.00261	0.01021	0.00770	0.00489	0.01024
41	0.01383	0.01353	0.02264	0.24675	0.36797	0.03176	0.11237	0.01743	0.01323	0.01821	0.01128	0.01527	0.00909	0.00558	0.00602	0.00183	0.00763	0.00541	0.00301	0.07717
42	0.01476	0.01461	0.02209	0.20769	0.52313	0.07729	0.01726	0.01810	0.01355	0.01821	0.01113	0.01500	0.00917	0.00570	0.00596	0.00185	0.00763	0.00524	0.00298	0.00865
43	0.00887	0.00717	0.00796	0.00860	0.00941	0.05579	0.00593	0.01021	0.01303	0.01717	0.19772	0.50801	0.05200	0.05825	0.00861	0.00245	0.00400	0.01406	0.00556	0.00523
44	0.01492	0.01277	0.02050	0.02895	0.54701	0.01270	0.01524	0.01901	0.06275	0.07282	0.11588	0.02004	0.01705	0.00676	0.00616	0.00185	0.00624	0.00626	0.00405	0.00904
45	0.00871	0.00629	0.00814	0.00767	0.00909	0.00578	0.00573	0.01140	0.01691	0.02397	0.74869	0.04445	0.05586	0.01227	0.00710	0.00192	0.00291	0.01077	0.00660	0.00575
46	0.12495	0.00666	0.00833	0.00823	0.00925	0.00674	0.00583	0.01120	0.00984	0.06750	0.01614	0.16983	0.01636	0.01765	0.04156	0.43233	0.00512	0.00739	0.03067	0.00445
47	0.00827	0.00590	0.00669	0.00700	0.00753	0.00556	0.00437	0.00874	0.01047	0.01357	0.03079	0.21699	0.17885	0.44600	0.02003	0.00422	0.00473	0.01140	0.00453	0.00434
48	0.01164	0.01103	0.01885	0.73342	0.04029	0.01340	0.05541	0.01553	0.01214	0.01562	0.01091	0.01620	0.00825	0.00607	0.00610	0.00203	0.00809	0.00545	0.00276	0.00681
49	0.00733	0.00623	0.00624	0.00622	0.00824	0.00519	0.00464	0.00874	0.01367	0.01627	0.05998	0.05713	0.74938	0.01514	0.00712	0.00205	0.00311	0.01254	0.00559	0.00516
50	0.01258	0.01073	0.01248	0.00898	0.01424	0.00807	0.00715	0.01511	0.01246	0.01955	0.01083	0.01271	0.00906	0.00460	0.00452	0.00094	0.00449	0.00361	0.00361	0.82429
51	0.02090	0.04384	0.01683	0.01439	0.01780	0.46677	0.01119	0.18743	0.07082	0.02096	0.01317	0.01650	0.01101	0.00734	0.00580	0.00175	0.00889	0.05257	0.00418	0.00786
52	0.01678	0.01559	0.05252	0.02151	0.05807	0.01472	0.45268	0.09447	0.01560	0.12316	0.01372	0.01640	0.01006	0.00613	0.00758	0.00203	0.05990	0.00648	0.00396	0.00862
53	0.00881	0.00613	0.00766	0.00772	0.00810	0.00639	0.00502	0.00944	0.00924	0.01268	0.01880	0.07487	0.02062	0.51522	0.25725	0.00676	0.00884	0.00843	0.00367	0.00435
54	0.01427	0.01614	0.03499	0.02506	0.03105	0.01511	0.73023	0.01914	0.01415	0.01923	0.01228	0.01638	0.00927	0.00520	0.00711	0.00205	0.01005	0.00707	0.00310	0.00813
55	0.05009	0.06605	0.01972	0.06591	0.02047	0.01564	0.11312	0.30617	0.09401	0.16329	0.01600	0.01640	0.01141	0.00687	0.00599	0.00188	0.00665	0.00569	0.00534	0.00931
56	0.01842	0.36099	0.07746	0.01361	0.01849	0.18489	0.05949	0.16347	0.01659	0.01971	0.01037	0.01179	0.00848	0.00595	0.00504	0.00158	0.00783	0.00419	0.00346	0.00819
57	0.01260	0.01080	0.01281	0.05079	0.01573	0.00858	0.00773	0.01566	0.03652	0.01950	0.01128	0.01322	0.00932	0.00480	0.00466	0.00104	0.00469	0.00381	0.00365	0.75280
58	0.01258	0.01073	0.01248	0.00898	0.01424	0.00807	0.00715	0.01511	0.01246	0.01955	0.01083	0.01271	0.00906	0.00460	0.00452	0.00094	0.00449	0.00361	0.00361	0.82429

[dist]
# distance from previous block
# <min> <max>
0	1

[block]
# block no. 2 follows, 39 sequences, length 18
# corresponding to MSA columns:
# 182-199
name=unknown_C
#
# <colnr> <probs for GDERKNQSTAVLIFYWHMCP>
#	G	D	E	R	K	N	Q	S	T	A	V	L	I	F	Y	W	H	M	C	P
0	0.01226	0.01051	0.01226	0.00876	0.01401	0.00788	0.00701	0.01489	0.01226	0.01927	0.01051	0.01226	0.00876	0.00438	0.00438	0.00088	0.00438	0.00350	0.00350	0.82832
1	0.01893	0.01478	0.01596	0.03915	0.01790	0.01668	0.01065	0.42399	0.31931	0.03141	0.01809	0.01746	0.01324	0.00744	0.00596	0.00188	0.00581	0.00588	0.00584	0.00965
2	0.01581	0.79572	0.03099	0.01012	0.01518	0.02340	0.01012	0.01771	0.01202	0.01391	0.00822	0.00949	0.00759	0.00506	0.00379	0.00126	0.00632	0.00316	0.00253	0.00759
3	0.01647	0.25114	0.20103	0.01723	0.12913	0.06498	0.04047	0.17438	0.01614	0.02116	0.01072	0.01230	0.00842	0.00573	0.00521	0.00164	0.00745	0.00441	0.00337	0.00863
4	0.02243	0.03619	0.01708	0.01286	0.01747	0.01653	0.01063	0.54138	0.07848	0.16112	0.01635	0.01568	0.01138	0.00715	0.00587	0.00179	0.00611	0.00547	0.00608	0.00994
5	0.00728	0.00600	0.00639	0.00630	0.00817	0.00512	0.00472	0.00905	0.01417	0.01760	0.20550	0.05423	0.60627	0.01437	0.00699	0.00197	0.00295	0.01211	0.00571	0.00512
6	0.01335	0.01288	0.02208	0.17799	0.45335	0.01367	0.07182	0.01685	0.01308	0.01838	0.06105	0.01684	0.01207	0.00621	0.00703	0.00189	0.06438	0.00576	0.00309	0.00824
7	0.00743	0.00607	0.00663	0.00685	0.00864	0.00527	0.00529	0.00916	0.01362	0.01669	0.10178	0.09013	0.57739	0.01512	0.00717	0.00210	0.00333	0.10668	0.00555	0.00508
8	0.01186	0.03059	0.76153	0.01686	0.02560	0.01373	0.02185	0.01873	0.01249	0.01873	0.01061	0.01249	0.00749	0.00562	0.00562	0.00187	0.00874	0.00437	0.00250	0.00874
9	0.01275	0.17013	0.57112	0.01624	0.02409	0.01561	0.07465	0.01856	0.01251	0.01786	0.01028	0.01220	0.00762	0.00547	0.00539	0.00177	0.00839	0.00435	0.00254	0.00847
10	0.01081	0.01002	0.01675	0.70786	0.03780	0.01238	0.01543	0.01448	0.01178	0.01511	0.01252	0.08611	0.01073	0.00706	0.00606	0.00201	0.00748	0.00631	0.00289	0.00641
11	0.04883	0.02636	0.59519	0.01562	0.02354	0.01294	0.04619	0.01814	0.01240	0.01916	0.01054	0.01246	0.00768	0.00542	0.00541	0.00174	0.00799	0.00430	0.00271	0.12339
12	0.46497	0.01457	0.08010	0.01034	0.01489	0.01434	0.00923	0.22147	0.01550	0.02831	0.01032	0.01138	0.00772	0.00587	0.00454	0.00174	0.00549	0.00394	0.00418	0.07111
13	0.00775	0.00617	0.00707	0.00742	0.00916	0.00549	0.00589	0.00964	0.01368	0.01696	0.10287	0.08306	0.49381	0.01523	0.00731	0.00219	0.00362	0.19199	0.00556	0.00515
14	0.01542	0.01306	0.01377	0.01218	0.01565	0.01504	0.00953	0.09554	0.67932	0.02588	0.02317	0.02135	0.01732	0.00794	0.00601	0.00198	0.00485	0.00656	0.00601	0.00942
15	0.00830	0.00602	0.00768	0.00728	0.00861	0.00556	0.00537	0.01081	0.01594	0.02234	0.65632	0.04454	0.09516	0.06993	0.00869	0.00215	0.00302	0.01065	0.00623	0.00540
16	0.00906	0.00673	0.00962	0.00944	0.01058	0.00773	0.00726	0.04146	0.01022	0.01456	0.01599	0.02404	0.01510	0.10049	0.67904	0.00888	0.01466	0.00647	0.00332	0.00535
17	0.02292	0.01632	0.01764	0.01377	0.01842	0.01774	0.01123	0.62793	0.07591	0.08908	0.01629	0.01626	0.01168	0.00770	0.00627	0.00194	0.00653	0.00572	0.00627	0.01038

[dist]
# distance from previous block
# <min> <max>
0	64

# created by:
# /software/SequenceAnalysis/GenePrediction/augustus/3.0.1/scripts/msa2prfl.pl ./fixed/BUSCOvEOG7S4QX5.fas
