[name]
unknown

[dist]
# distance from previous block
# <min> <max>
0	257

[block]
# block no. 0 follows, 41 sequences, length 41
# corresponding to MSA columns:
# 268-308
name=unknown_A
#
# <colnr> <probs for GDERKNQSTAVLIFYWHMCP>
#	G	D	E	R	K	N	Q	S	T	A	V	L	I	F	Y	W	H	M	C	P
0	0.83938	0.01106	0.00841	0.00752	0.01106	0.01283	0.00619	0.01681	0.00973	0.02566	0.00796	0.00929	0.00619	0.00531	0.00354	0.00177	0.00442	0.00310	0.00354	0.00619
1	0.00850	0.00582	0.00737	0.00723	0.00848	0.00533	0.00524	0.01049	0.01420	0.05156	0.44813	0.18777	0.12838	0.07522	0.00858	0.00221	0.00316	0.01133	0.00580	0.00522
2	0.01251	0.01251	0.01752	0.01502	0.01502	0.01752	0.01251	0.01377	0.00876	0.01377	0.00751	0.01251	0.00751	0.01001	0.01877	0.00250	0.78851	0.00501	0.00250	0.00626
3	0.00707	0.00505	0.00675	0.00807	0.00845	0.00473	0.00548	0.00813	0.01105	0.01471	0.03147	0.76381	0.03762	0.01783	0.00733	0.00234	0.00340	0.04675	0.00531	0.00467
4	0.01147	0.02959	0.76934	0.01630	0.02476	0.01328	0.02113	0.01811	0.01208	0.01811	0.01026	0.01208	0.00725	0.00543	0.00543	0.00181	0.00845	0.00423	0.00242	0.00845
5	0.83938	0.01106	0.00841	0.00752	0.01106	0.01283	0.00619	0.01681	0.00973	0.02566	0.00796	0.00929	0.00619	0.00531	0.00354	0.00177	0.00442	0.00310	0.00354	0.00619
6	0.01186	0.01017	0.01186	0.00847	0.01356	0.00762	0.00678	0.01440	0.01186	0.01864	0.01017	0.01186	0.00847	0.00424	0.00424	0.00085	0.00424	0.00339	0.00339	0.83395
7	0.00831	0.00559	0.00647	0.00647	0.00654	0.00567	0.00375	0.00846	0.00839	0.01126	0.01781	0.03628	0.02029	0.74076	0.08665	0.00583	0.00630	0.00815	0.00343	0.00359
8	0.00676	0.00579	0.00579	0.00579	0.00773	0.00483	0.00435	0.00821	0.01304	0.01545	0.05794	0.05505	0.76098	0.01449	0.00676	0.00193	0.00290	0.01207	0.00531	0.00483
9	0.02174	0.01602	0.01717	0.01316	0.01774	0.01774	0.01087	0.74423	0.02689	0.03605	0.01373	0.01373	0.00973	0.00687	0.00572	0.00172	0.00629	0.00515	0.00572	0.00973
10	0.01324	0.01193	0.05922	0.43411	0.06151	0.01250	0.05294	0.08703	0.01333	0.07552	0.01240	0.04839	0.00981	0.00688	0.00671	0.02597	0.03305	0.00561	0.00336	0.02648
11	0.01163	0.02847	0.71114	0.01692	0.02516	0.01338	0.07821	0.01813	0.01219	0.01813	0.01037	0.01234	0.00736	0.00539	0.00554	0.00182	0.00855	0.00443	0.00245	0.00839
12	0.01416	0.01359	0.02322	0.03511	0.76330	0.01359	0.01755	0.01755	0.01302	0.01869	0.01076	0.01416	0.00906	0.00510	0.00566	0.00170	0.00680	0.00510	0.00283	0.00906
13	0.01178	0.01117	0.01893	0.56583	0.25112	0.01297	0.01637	0.01547	0.01190	0.01581	0.01034	0.01493	0.00804	0.00554	0.00570	0.00185	0.00738	0.00509	0.00263	0.00715
14	0.83938	0.01106	0.00841	0.00752	0.01106	0.01283	0.00619	0.01681	0.00973	0.02566	0.00796	0.00929	0.00619	0.00531	0.00354	0.00177	0.00442	0.00310	0.00354	0.00619
15	0.02566	0.00973	0.01327	0.01018	0.01460	0.00841	0.00841	0.02788	0.01637	0.76726	0.02257	0.01947	0.01416	0.00708	0.00575	0.00177	0.00487	0.00575	0.00708	0.00973
16	0.01251	0.01251	0.01752	0.01502	0.01502	0.01752	0.01251	0.01377	0.00876	0.01377	0.00751	0.01251	0.00751	0.01001	0.01877	0.00250	0.78851	0.00501	0.00250	0.00626
17	0.01186	0.01017	0.01186	0.00847	0.01356	0.00762	0.00678	0.01440	0.01186	0.01864	0.01017	0.01186	0.00847	0.00424	0.00424	0.00085	0.00424	0.00339	0.00339	0.83395
18	0.01149	0.02850	0.72699	0.01587	0.02413	0.01297	0.02033	0.01791	0.01206	0.01814	0.01026	0.01206	0.00731	0.00537	0.00537	0.00176	0.00822	0.00418	0.00247	0.05461
19	0.02046	0.01137	0.01721	0.07229	0.09080	0.01122	0.08560	0.06766	0.01525	0.43201	0.01719	0.01707	0.01162	0.00673	0.00696	0.00183	0.07524	0.00558	0.00532	0.02859
20	0.01079	0.00910	0.01257	0.01112	0.01170	0.01152	0.03153	0.01232	0.00948	0.01472	0.01270	0.02008	0.01221	0.15101	0.13856	0.00387	0.36447	0.00587	0.15091	0.00547
21	0.00700	0.00510	0.00660	0.00772	0.00825	0.00470	0.00522	0.00812	0.01140	0.01507	0.06811	0.68764	0.10941	0.01729	0.00722	0.00226	0.00325	0.01557	0.00536	0.00470
22	0.01080	0.01017	0.01716	0.78523	0.03940	0.01271	0.01589	0.01461	0.01144	0.01461	0.01017	0.01525	0.00762	0.00572	0.00572	0.00191	0.00762	0.00508	0.00254	0.00635
23	0.01937	0.01553	0.01579	0.01278	0.01684	0.06203	0.01031	0.47803	0.25309	0.03094	0.01642	0.01590	0.01200	0.00709	0.00572	0.00177	0.00598	0.00547	0.00559	0.00933
24	0.00831	0.00556	0.00633	0.00633	0.00637	0.00560	0.00359	0.00838	0.00835	0.01116	0.01793	0.03695	0.02058	0.77443	0.05337	0.00566	0.00586	0.00825	0.00345	0.00352
25	0.07903	0.02425	0.52361	0.04601	0.05436	0.01358	0.08538	0.05132	0.03524	0.01963	0.01077	0.01272	0.00781	0.00550	0.00545	0.00182	0.00792	0.00455	0.00283	0.00822
26	0.02138	0.01370	0.08090	0.01165	0.01601	0.05698	0.01016	0.12285	0.10906	0.42403	0.03640	0.01806	0.01369	0.00712	0.00611	0.00179	0.02945	0.00559	0.00592	0.00914
27	0.31430	0.09867	0.01486	0.04674	0.01593	0.37471	0.00943	0.01953	0.01304	0.01816	0.00847	0.01010	0.00696	0.00566	0.00474	0.00160	0.02399	0.00350	0.00308	0.00653
28	0.29946	0.01018	0.01164	0.00928	0.01341	0.00990	0.00766	0.02415	0.01414	0.51774	0.01765	0.01604	0.01148	0.00648	0.00501	0.00177	0.00472	0.00486	0.00589	0.00854
29	0.00865	0.00594	0.00680	0.00670	0.00710	0.00590	0.00410	0.03649	0.01016	0.01362	0.09346	0.09184	0.05184	0.60688	0.02365	0.00467	0.00504	0.00910	0.00403	0.00403
30	0.01473	0.07351	0.05584	0.05676	0.02315	0.04760	0.32933	0.01803	0.01239	0.09241	0.01114	0.01426	0.00867	0.00650	0.00932	0.00198	0.20818	0.00561	0.00315	0.00743
31	0.01492	0.72235	0.07346	0.01012	0.01524	0.02143	0.01034	0.01707	0.01166	0.01396	0.00818	0.00946	0.00738	0.00490	0.00380	0.00124	0.00618	0.00314	0.00249	0.04268
32	0.00757	0.00543	0.00720	0.00776	0.00858	0.00507	0.00554	0.00938	0.01333	0.01833	0.34712	0.43369	0.04458	0.01512	0.00709	0.00211	0.00314	0.04823	0.00574	0.00500
33	0.00735	0.00525	0.00708	0.00840	0.00891	0.00498	0.00598	0.00863	0.01133	0.01503	0.03131	0.67002	0.03699	0.01756	0.00740	0.00238	0.00365	0.13769	0.00530	0.00475
34	0.02173	0.08261	0.14916	0.01154	0.01660	0.05658	0.01096	0.02497	0.03227	0.50699	0.01832	0.01677	0.01201	0.00654	0.00548	0.00172	0.00593	0.00514	0.00558	0.00910
35	0.01416	0.01141	0.01230	0.01101	0.01412	0.01288	0.00857	0.02797	0.62740	0.06644	0.08593	0.02400	0.04187	0.00825	0.00592	0.00192	0.00435	0.00691	0.00592	0.00866
36	0.00817	0.00613	0.00919	0.00919	0.01021	0.00715	0.00715	0.01021	0.00919	0.01328	0.01532	0.02247	0.01430	0.04290	0.77631	0.00919	0.01532	0.00613	0.00306	0.00511
37	0.83938	0.01106	0.00841	0.00752	0.01106	0.01283	0.00619	0.01681	0.00973	0.02566	0.00796	0.00929	0.00619	0.00531	0.00354	0.00177	0.00442	0.00310	0.00354	0.00619
38	0.12898	0.01359	0.01498	0.01156	0.01605	0.03665	0.04981	0.30746	0.07594	0.04414	0.01264	0.01333	0.00948	0.00585	0.00506	0.00151	0.00561	0.00454	0.00457	0.23824
39	0.00705	0.00501	0.00661	0.00786	0.00817	0.00470	0.00520	0.00799	0.01079	0.01439	0.03072	0.74988	0.03681	0.06468	0.00861	0.00252	0.00345	0.01579	0.00520	0.00458
40	0.01490	0.72401	0.10499	0.01045	0.01570	0.02168	0.01094	0.01723	0.01167	0.01393	0.00819	0.00947	0.00733	0.00495	0.00385	0.00128	0.00635	0.00318	0.00244	0.00745

[dist]
# distance from previous block
# <min> <max>
0	1

[block]
# block no. 1 follows, 41 sequences, length 14
# corresponding to MSA columns:
# 310-323
name=unknown_B
#
# <colnr> <probs for GDERKNQSTAVLIFYWHMCP>
#	G	D	E	R	K	N	Q	S	T	A	V	L	I	F	Y	W	H	M	C	P
0	0.00810	0.00585	0.00765	0.00720	0.00855	0.00540	0.00540	0.01079	0.01619	0.02294	0.76028	0.04273	0.05397	0.01169	0.00675	0.00180	0.00270	0.01034	0.00630	0.00540
1	0.01460	0.01036	0.01514	0.42087	0.05913	0.01174	0.01246	0.11665	0.01443	0.12895	0.01372	0.01649	0.00995	0.00619	0.00547	0.00177	0.00629	0.00523	0.12329	0.00728
2	0.00715	0.00586	0.00637	0.00666	0.00839	0.00509	0.00515	0.00875	0.01293	0.01565	0.05204	0.10330	0.60389	0.01490	0.00697	0.00206	0.00329	0.12136	0.00530	0.00488
3	0.00787	0.00578	0.00738	0.00711	0.00844	0.00528	0.00528	0.01031	0.01547	0.02153	0.63271	0.10104	0.12555	0.01245	0.00679	0.00185	0.00277	0.01097	0.00612	0.00528
4	0.01423	0.01229	0.01293	0.01164	0.01487	0.01423	0.00905	0.03039	0.75297	0.02393	0.02328	0.02134	0.01746	0.00776	0.00582	0.00194	0.00453	0.00647	0.00582	0.00905
5	0.00697	0.00498	0.00664	0.00796	0.00830	0.00465	0.00531	0.00796	0.01095	0.01460	0.03153	0.79525	0.03783	0.01792	0.00730	0.00232	0.00332	0.01626	0.00531	0.00465
6	0.02566	0.00973	0.01327	0.01018	0.01460	0.00841	0.00841	0.02788	0.01637	0.76726	0.02257	0.01947	0.01416	0.00708	0.00575	0.00177	0.00487	0.00575	0.00708	0.00973
7	0.01186	0.01017	0.01186	0.00847	0.01356	0.00762	0.00678	0.01440	0.01186	0.01864	0.01017	0.01186	0.00847	0.00424	0.00424	0.00085	0.00424	0.00339	0.00339	0.83395
8	0.01147	0.02959	0.76934	0.01630	0.02476	0.01328	0.02113	0.01811	0.01208	0.01811	0.01026	0.01208	0.00725	0.00543	0.00543	0.00181	0.00845	0.00423	0.00242	0.00845
9	0.00729	0.00526	0.00697	0.00823	0.00879	0.00494	0.00583	0.00855	0.01138	0.01501	0.03271	0.64969	0.07452	0.01743	0.00736	0.00235	0.00358	0.12006	0.00530	0.00475
10	0.42174	0.08706	0.09364	0.01187	0.08317	0.01352	0.00967	0.04416	0.05265	0.07157	0.01060	0.01167	0.00808	0.00551	0.00434	0.00167	0.00532	0.00385	0.00368	0.05624
11	0.10638	0.01160	0.01614	0.56176	0.03213	0.05543	0.01406	0.03694	0.01173	0.01640	0.00971	0.01401	0.00750	0.00610	0.00661	0.00191	0.07761	0.00477	0.00277	0.00644
12	0.02174	0.01602	0.01717	0.01316	0.01774	0.01774	0.01087	0.74423	0.02689	0.03605	0.01373	0.01373	0.00973	0.00687	0.00572	0.00172	0.00629	0.00515	0.00572	0.00973
13	0.13442	0.01258	0.01863	0.06010	0.01881	0.01492	0.15819	0.05465	0.05849	0.05987	0.01129	0.03292	0.00941	0.00775	0.01087	0.00212	0.31898	0.00550	0.00343	0.00706

[dist]
# distance from previous block
# <min> <max>
0	2

[block]
# block no. 2 follows, 41 sequences, length 13
# corresponding to MSA columns:
# 326-338
name=unknown_C
#
# <colnr> <probs for GDERKNQSTAVLIFYWHMCP>
#	G	D	E	R	K	N	Q	S	T	A	V	L	I	F	Y	W	H	M	C	P
0	0.00715	0.00581	0.00633	0.00620	0.00796	0.00499	0.00465	0.00895	0.01395	0.01761	0.26060	0.05149	0.55697	0.01368	0.00676	0.00189	0.00284	0.01157	0.00560	0.00499
1	0.01265	0.01300	0.05930	0.34670	0.08535	0.01337	0.17375	0.09445	0.01371	0.01826	0.01430	0.01768	0.06352	0.00642	0.00659	0.00190	0.04274	0.00592	0.00318	0.00721
2	0.01685	0.02018	0.38885	0.01435	0.02077	0.01172	0.06870	0.02254	0.07207	0.28299	0.01573	0.01566	0.01060	0.00615	0.00567	0.00182	0.00697	0.00513	0.00436	0.00890
3	0.00697	0.00498	0.00664	0.00796	0.00830	0.00465	0.00531	0.00796	0.01095	0.01460	0.03153	0.79525	0.03783	0.01792	0.00730	0.00232	0.00332	0.01626	0.00531	0.00465
4	0.01490	0.01184	0.01318	0.07220	0.01644	0.01347	0.00937	0.11924	0.50025	0.05307	0.05436	0.02078	0.01708	0.00758	0.00574	0.00186	0.00483	0.00628	0.04891	0.00859
5	0.02043	0.01178	0.01826	0.07987	0.05593	0.01131	0.14669	0.09875	0.04307	0.40695	0.01771	0.01739	0.01186	0.00638	0.00589	0.00179	0.00621	0.00576	0.00544	0.02853
6	0.01124	0.01075	0.01878	0.56029	0.13292	0.01243	0.08313	0.01489	0.01181	0.01550	0.01186	0.06921	0.01001	0.00640	0.00592	0.00191	0.00740	0.00602	0.00280	0.00672
7	0.73817	0.04936	0.00924	0.00747	0.01092	0.01276	0.00621	0.01657	0.00999	0.02475	0.00875	0.01017	0.00687	0.00539	0.00358	0.00171	0.00438	0.00326	0.06427	0.00619
8	0.00700	0.00580	0.00613	0.00605	0.00788	0.00493	0.00454	0.00868	0.01361	0.01682	0.18643	0.05279	0.63164	0.01398	0.00676	0.00191	0.00286	0.01176	0.00549	0.00493
9	0.01171	0.00777	0.00858	0.07588	0.01193	0.00856	0.00651	0.01839	0.22667	0.02149	0.01925	0.02079	0.01485	0.00690	0.00468	0.00156	0.00364	0.00564	0.51870	0.00650
10	0.00810	0.00585	0.00765	0.00720	0.00855	0.00540	0.00540	0.01079	0.01619	0.02294	0.76028	0.04273	0.05397	0.01169	0.00675	0.00180	0.00270	0.01034	0.00630	0.00540
11	0.02174	0.01602	0.01717	0.01316	0.01774	0.01774	0.01087	0.74423	0.02689	0.03605	0.01373	0.01373	0.00973	0.00687	0.00572	0.00172	0.00629	0.00515	0.00572	0.00973
12	0.00708	0.00507	0.00674	0.00789	0.00832	0.00472	0.00532	0.00826	0.01149	0.01546	0.10637	0.71796	0.03949	0.01728	0.00724	0.00227	0.00325	0.01565	0.00541	0.00472

[dist]
# distance from previous block
# <min> <max>
0	3

[block]
# block no. 3 follows, 41 sequences, length 32
# corresponding to MSA columns:
# 342-373
name=unknown_D
#
# <colnr> <probs for GDERKNQSTAVLIFYWHMCP>
#	G	D	E	R	K	N	Q	S	T	A	V	L	I	F	Y	W	H	M	C	P
0	0.83938	0.01106	0.00841	0.00752	0.01106	0.01283	0.00619	0.01681	0.00973	0.02566	0.00796	0.00929	0.00619	0.00531	0.00354	0.00177	0.00442	0.00310	0.00354	0.00619
1	0.01251	0.01251	0.01752	0.01502	0.01502	0.01752	0.01251	0.01377	0.00876	0.01377	0.00751	0.01251	0.00751	0.01001	0.01877	0.00250	0.78851	0.00501	0.00250	0.00626
2	0.02174	0.01602	0.01717	0.01316	0.01774	0.01774	0.01087	0.74423	0.02689	0.03605	0.01373	0.01373	0.00973	0.00687	0.00572	0.00172	0.00629	0.00515	0.00572	0.00973
3	0.00874	0.00604	0.00797	0.00761	0.00905	0.00561	0.00586	0.01142	0.01590	0.04518	0.66611	0.04415	0.05069	0.01195	0.00683	0.00188	0.00302	0.08024	0.00622	0.00552
4	0.02566	0.00973	0.01327	0.01018	0.01460	0.00841	0.00841	0.02788	0.01637	0.76726	0.02257	0.01947	0.01416	0.00708	0.00575	0.00177	0.00487	0.00575	0.00708	0.00973
5	0.01730	0.51689	0.02500	0.01154	0.01571	0.24335	0.01028	0.05280	0.01361	0.01468	0.00847	0.00981	0.00746	0.00542	0.00461	0.00135	0.02835	0.00339	0.00275	0.00722
6	0.00697	0.00498	0.00664	0.00796	0.00830	0.00465	0.00531	0.00796	0.01095	0.01460	0.03153	0.79525	0.03783	0.01792	0.00730	0.00232	0.00332	0.01626	0.00531	0.00465
7	0.10802	0.01359	0.05468	0.32980	0.02853	0.01428	0.15633	0.18759	0.01532	0.02181	0.01104	0.01410	0.00815	0.00575	0.00566	0.00185	0.00738	0.00516	0.00347	0.00750
8	0.01850	0.01289	0.07555	0.01406	0.01871	0.01120	0.18224	0.02446	0.16123	0.34630	0.05890	0.01957	0.01514	0.00681	0.00603	0.00185	0.00608	0.00626	0.00545	0.00879
9	0.02566	0.00973	0.01327	0.01018	0.01460	0.00841	0.00841	0.02788	0.01637	0.76726	0.02257	0.01947	0.01416	0.00708	0.00575	0.00177	0.00487	0.00575	0.00708	0.00973
10	0.01147	0.02959	0.76934	0.01630	0.02476	0.01328	0.02113	0.01811	0.01208	0.01811	0.01026	0.01208	0.00725	0.00543	0.00543	0.00181	0.00845	0.00423	0.00242	0.00845
11	0.01354	0.23245	0.44085	0.01469	0.05524	0.03956	0.01628	0.01818	0.01254	0.05671	0.04229	0.01305	0.00972	0.00564	0.00504	0.00164	0.00738	0.00428	0.00287	0.00806
12	0.02552	0.00997	0.01342	0.01029	0.01472	0.00875	0.00850	0.05417	0.01676	0.74042	0.02224	0.01926	0.01400	0.00707	0.00575	0.00177	0.00492	0.00573	0.00703	0.00973
13	0.00816	0.00589	0.00774	0.00739	0.00874	0.00547	0.00562	0.01086	0.01601	0.02259	0.71712	0.04401	0.05273	0.01194	0.00681	0.00185	0.00285	0.05259	0.00624	0.00539
14	0.01275	0.03460	0.02658	0.08913	0.02569	0.01277	0.49409	0.03524	0.01255	0.01684	0.01172	0.03861	0.00964	0.00782	0.00912	0.13849	0.00832	0.00644	0.00293	0.00668
15	0.01888	0.01555	0.01772	0.01395	0.01756	0.07176	0.06899	0.47095	0.02121	0.02854	0.01252	0.01391	0.00943	0.00712	0.00774	0.00182	0.13153	0.00516	0.05715	0.00851
16	0.83938	0.01106	0.00841	0.00752	0.01106	0.01283	0.00619	0.01681	0.00973	0.02566	0.00796	0.00929	0.00619	0.00531	0.00354	0.00177	0.00442	0.00310	0.00354	0.00619
17	0.02566	0.00973	0.01327	0.01018	0.01460	0.00841	0.00841	0.02788	0.01637	0.76726	0.02257	0.01947	0.01416	0.00708	0.00575	0.00177	0.00487	0.00575	0.00708	0.00973
18	0.04286	0.01309	0.01390	0.01183	0.01548	0.01482	0.00940	0.21375	0.50808	0.06168	0.02030	0.01891	0.01496	0.00742	0.00572	0.00187	0.00499	0.00599	0.00578	0.00917
19	0.00832	0.00555	0.00624	0.00624	0.00624	0.00555	0.00347	0.00832	0.00832	0.01109	0.01802	0.03743	0.02080	0.79898	0.02911	0.00555	0.00555	0.00832	0.00347	0.00347
20	0.00676	0.00579	0.00579	0.00579	0.00773	0.00483	0.00435	0.00821	0.01304	0.01545	0.05794	0.05505	0.76098	0.01449	0.00676	0.00193	0.00290	0.01207	0.00531	0.00483
21	0.01423	0.01229	0.01293	0.01164	0.01487	0.01423	0.00905	0.03039	0.75297	0.02393	0.02328	0.02134	0.01746	0.00776	0.00582	0.00194	0.00453	0.00647	0.00582	0.00905
22	0.01251	0.01251	0.01752	0.01502	0.01502	0.01752	0.01251	0.01377	0.00876	0.01377	0.00751	0.01251	0.00751	0.01001	0.01877	0.00250	0.78851	0.00501	0.00250	0.00626
23	0.00697	0.00498	0.00664	0.00796	0.00830	0.00465	0.00531	0.00796	0.01095	0.01460	0.03153	0.79525	0.03783	0.01792	0.00730	0.00232	0.00332	0.01626	0.00531	0.00465
24	0.00832	0.00555	0.00624	0.00624	0.00624	0.00555	0.00347	0.00832	0.00832	0.01109	0.01802	0.03743	0.02080	0.79898	0.02911	0.00555	0.00555	0.00832	0.00347	0.00347
25	0.02137	0.02726	0.01621	0.01474	0.01768	0.77602	0.01105	0.02284	0.01621	0.01400	0.00884	0.01031	0.00737	0.00589	0.00516	0.00147	0.01031	0.00368	0.00295	0.00663
26	0.02566	0.00973	0.01327	0.01018	0.01460	0.00841	0.00841	0.02788	0.01637	0.76726	0.02257	0.01947	0.01416	0.00708	0.00575	0.00177	0.00487	0.00575	0.00708	0.00973
27	0.00922	0.00658	0.00922	0.01053	0.01185	0.00658	0.00922	0.01185	0.01317	0.01712	0.03029	0.06452	0.03292	0.01580	0.00790	0.00263	0.00527	0.72480	0.00527	0.00527
28	0.00697	0.00498	0.00664	0.00796	0.00830	0.00465	0.00531	0.00796	0.01095	0.01460	0.03153	0.79525	0.03783	0.01792	0.00730	0.00232	0.00332	0.01626	0.00531	0.00465
29	0.01186	0.01017	0.01186	0.00847	0.01356	0.00762	0.00678	0.01440	0.01186	0.01864	0.01017	0.01186	0.00847	0.00424	0.00424	0.00085	0.00424	0.00339	0.00339	0.83395
30	0.00831	0.00556	0.00631	0.00629	0.00636	0.00554	0.00356	0.00844	0.00872	0.01170	0.05606	0.03770	0.02249	0.75864	0.02797	0.00535	0.00540	0.00842	0.00361	0.00356
31	0.01299	0.01269	0.01750	0.01492	0.01516	0.01753	0.01243	0.05119	0.00969	0.01491	0.00783	0.01258	0.00762	0.00985	0.01810	0.00246	0.74843	0.00501	0.00267	0.00643

[dist]
# distance from previous block
# <min> <max>
0	3

[block]
# block no. 4 follows, 41 sequences, length 11
# corresponding to MSA columns:
# 377-387
name=unknown_E
#
# <colnr> <probs for GDERKNQSTAVLIFYWHMCP>
#	G	D	E	R	K	N	Q	S	T	A	V	L	I	F	Y	W	H	M	C	P
0	0.01679	0.01161	0.01614	0.01344	0.01488	0.01456	0.01118	0.01835	0.01123	0.25853	0.01240	0.01477	0.00967	0.00906	0.01454	0.00226	0.53396	0.00525	0.00399	0.00739
1	0.01080	0.01017	0.01716	0.78523	0.03940	0.01271	0.01589	0.01461	0.01144	0.01461	0.01017	0.01525	0.00762	0.00572	0.00572	0.00191	0.00762	0.00508	0.00254	0.00635
2	0.01405	0.55138	0.27015	0.01190	0.01795	0.01960	0.01347	0.01745	0.01177	0.01497	0.00870	0.01012	0.00731	0.00507	0.00424	0.00141	0.00688	0.00344	0.00244	0.00770
3	0.01173	0.01647	0.25792	0.01102	0.01719	0.00946	0.01144	0.01561	0.01193	0.01847	0.01020	0.01193	0.00807	0.00463	0.00463	0.00116	0.00561	0.00366	0.00307	0.56580
4	0.83938	0.01106	0.00841	0.00752	0.01106	0.01283	0.00619	0.01681	0.00973	0.02566	0.00796	0.00929	0.00619	0.00531	0.00354	0.00177	0.00442	0.00310	0.00354	0.00619
5	0.02867	0.02135	0.02157	0.02070	0.02405	0.01773	0.01399	0.02418	0.02529	0.03453	0.06283	0.06930	0.53587	0.02517	0.01500	0.00560	0.01048	0.01625	0.01159	0.01585
6	0.27813	0.00754	0.00789	0.00730	0.00936	0.00781	0.00566	0.01275	0.01409	0.02382	0.51590	0.03187	0.03845	0.00962	0.00570	0.00179	0.00326	0.00799	0.00540	0.00566
7	0.57506	0.01063	0.00999	0.00838	0.01221	0.01139	0.00691	0.02041	0.01189	0.26656	0.01271	0.01260	0.00878	0.00588	0.00426	0.00177	0.00457	0.00396	0.00469	0.00734
8	0.00697	0.00498	0.00664	0.00796	0.00830	0.00465	0.00531	0.00796	0.01095	0.01460	0.03153	0.79525	0.03783	0.01792	0.00730	0.00232	0.00332	0.01626	0.00531	0.00465
9	0.00909	0.00837	0.01544	0.01321	0.01531	0.00784	0.24478	0.01133	0.01178	0.01581	0.02504	0.54194	0.02836	0.01367	0.00712	0.00219	0.00537	0.01317	0.00452	0.00564
10	0.01667	0.01350	0.01431	0.01213	0.01580	0.01537	0.00964	0.26227	0.51711	0.02786	0.02018	0.01887	0.01495	0.00747	0.00579	0.00187	0.00510	0.00604	0.00579	0.00927

[dist]
# distance from previous block
# <min> <max>
0	5

[block]
# block no. 5 follows, 41 sequences, length 66
# corresponding to MSA columns:
# 393-458
name=unknown_F
#
# <colnr> <probs for GDERKNQSTAVLIFYWHMCP>
#	G	D	E	R	K	N	Q	S	T	A	V	L	I	F	Y	W	H	M	C	P
0	0.01625	0.06177	0.01372	0.02528	0.04067	0.00925	0.00810	0.04246	0.01380	0.24551	0.02967	0.06142	0.01320	0.00644	0.00508	0.00137	0.00471	0.01870	0.00469	0.37791
1	0.74048	0.03814	0.05912	0.00829	0.01222	0.01329	0.00739	0.03281	0.01032	0.02500	0.00824	0.00957	0.00638	0.00534	0.00372	0.00175	0.00478	0.00321	0.00348	0.00646
2	0.01133	0.01084	0.01851	0.64350	0.11094	0.01308	0.04780	0.01504	0.01157	0.01515	0.01018	0.01503	0.00781	0.00580	0.00631	0.00191	0.04077	0.00515	0.00258	0.00668
3	0.01277	0.01079	0.01506	0.11065	0.01759	0.01266	0.08310	0.06389	0.13164	0.01948	0.01412	0.01687	0.01124	0.00734	0.00875	0.00188	0.20911	0.00547	0.21379	0.03379
4	0.00724	0.00581	0.00646	0.00630	0.00802	0.00503	0.00472	0.00913	0.01417	0.01813	0.30907	0.05064	0.50819	0.01349	0.00676	0.00188	0.00283	0.01145	0.00566	0.00503
5	0.00830	0.00560	0.00654	0.00654	0.00664	0.00571	0.00384	0.00851	0.00841	0.01131	0.01775	0.03591	0.02013	0.72200	0.10519	0.00592	0.00654	0.00810	0.00342	0.00363
6	0.00818	0.00609	0.00900	0.00900	0.00995	0.00704	0.00691	0.01009	0.00914	0.01313	0.01550	0.02345	0.01472	0.09240	0.72740	0.00895	0.01468	0.00627	0.00309	0.00500
7	0.83938	0.01106	0.00841	0.00752	0.01106	0.01283	0.00619	0.01681	0.00973	0.02566	0.00796	0.00929	0.00619	0.00531	0.00354	0.00177	0.00442	0.00310	0.00354	0.00619
8	0.00922	0.00658	0.00922	0.01053	0.01185	0.00658	0.00922	0.01185	0.01317	0.01712	0.03029	0.06452	0.03292	0.01580	0.00790	0.00263	0.00527	0.72480	0.00527	0.00527
9	0.00676	0.00579	0.00579	0.00579	0.00773	0.00483	0.00435	0.00821	0.01304	0.01545	0.05794	0.05505	0.76098	0.01449	0.00676	0.00193	0.00290	0.01207	0.00531	0.00483
10	0.02522	0.01045	0.01372	0.01052	0.01496	0.00947	0.00869	0.10955	0.01757	0.68389	0.02156	0.01881	0.01365	0.00706	0.00575	0.00176	0.00503	0.00568	0.00692	0.00973
11	0.01529	0.80242	0.02997	0.00979	0.01468	0.02263	0.00979	0.01713	0.01162	0.01346	0.00795	0.00918	0.00734	0.00489	0.00367	0.00122	0.00612	0.00306	0.00245	0.00734
12	0.83938	0.01106	0.00841	0.00752	0.01106	0.01283	0.00619	0.01681	0.00973	0.02566	0.00796	0.00929	0.00619	0.00531	0.00354	0.00177	0.00442	0.00310	0.00354	0.00619
13	0.00879	0.00742	0.00783	0.00761	0.00978	0.00724	0.00588	0.01391	0.19101	0.01788	0.07194	0.04723	0.50266	0.01287	0.00662	0.00198	0.00346	0.06453	0.00546	0.00590
14	0.01251	0.01251	0.01752	0.01502	0.01502	0.01752	0.01251	0.01377	0.00876	0.01377	0.00751	0.01251	0.00751	0.01001	0.01877	0.00250	0.78851	0.00501	0.00250	0.00626
15	0.01423	0.01229	0.01293	0.01164	0.01487	0.01423	0.00905	0.03039	0.75297	0.02393	0.02328	0.02134	0.01746	0.00776	0.00582	0.00194	0.00453	0.00647	0.00582	0.00905
16	0.02101	0.02666	0.01626	0.01475	0.01757	0.74531	0.01111	0.02247	0.01591	0.01399	0.00879	0.01040	0.00737	0.00606	0.00571	0.00152	0.04182	0.00374	0.00293	0.00662
17	0.01186	0.01017	0.01186	0.00847	0.01356	0.00762	0.00678	0.01440	0.01186	0.01864	0.01017	0.01186	0.00847	0.00424	0.00424	0.00085	0.00424	0.00339	0.00339	0.83395
18	0.02566	0.00973	0.01327	0.01018	0.01460	0.00841	0.00841	0.02788	0.01637	0.76726	0.02257	0.01947	0.01416	0.00708	0.00575	0.00177	0.00487	0.00575	0.00708	0.00973
19	0.02566	0.00973	0.01327	0.01018	0.01460	0.00841	0.00841	0.02788	0.01637	0.76726	0.02257	0.01947	0.01416	0.00708	0.00575	0.00177	0.00487	0.00575	0.00708	0.00973
20	0.00697	0.00498	0.00664	0.00796	0.00830	0.00465	0.00531	0.00796	0.01095	0.01460	0.03153	0.79525	0.03783	0.01792	0.00730	0.00232	0.00332	0.01626	0.00531	0.00465
21	0.01080	0.01017	0.01716	0.78523	0.03940	0.01271	0.01589	0.01461	0.01144	0.01461	0.01017	0.01525	0.00762	0.00572	0.00572	0.00191	0.00762	0.00508	0.00254	0.00635
22	0.00679	0.00580	0.00584	0.00583	0.00775	0.00484	0.00437	0.00827	0.01312	0.01564	0.07563	0.05474	0.74317	0.01442	0.00676	0.00193	0.00289	0.01203	0.00534	0.00484
23	0.02566	0.00973	0.01327	0.01018	0.01460	0.00841	0.00841	0.02788	0.01637	0.76726	0.02257	0.01947	0.01416	0.00708	0.00575	0.00177	0.00487	0.00575	0.00708	0.00973
24	0.01227	0.01215	0.01705	0.01469	0.01475	0.01694	0.01221	0.01357	0.00878	0.01374	0.00795	0.01307	0.00789	0.01186	0.06138	0.00288	0.74502	0.00507	0.00253	0.00619
25	0.01138	0.01058	0.01755	0.71099	0.08608	0.01293	0.01583	0.03855	0.01204	0.01558	0.01032	0.01513	0.00779	0.00572	0.00572	0.00189	0.00753	0.00509	0.00266	0.00664
26	0.02451	0.00948	0.01291	0.00998	0.01420	0.00821	0.00821	0.02676	0.01636	0.71853	0.07086	0.02099	0.01677	0.00738	0.00582	0.00177	0.00473	0.00605	0.00703	0.00945
27	0.01270	0.06438	0.01834	0.01467	0.01499	0.01786	0.01234	0.01399	0.00895	0.01375	0.00754	0.01229	0.00750	0.00968	0.01778	0.00242	0.73714	0.00488	0.00250	0.00633
28	0.01186	0.01017	0.01186	0.00847	0.01356	0.00762	0.00678	0.01440	0.01186	0.01864	0.01017	0.01186	0.00847	0.00424	0.00424	0.00085	0.00424	0.00339	0.00339	0.83395
29	0.01434	0.01497	0.07792	0.11449	0.20057	0.01385	0.33428	0.05607	0.01380	0.06441	0.01180	0.01496	0.00890	0.00542	0.00649	0.00186	0.02878	0.00580	0.00320	0.00811
30	0.82373	0.01193	0.00935	0.00843	0.01202	0.01348	0.00676	0.01764	0.01057	0.02666	0.00930	0.01113	0.00746	0.00617	0.00412	0.00200	0.00487	0.00354	0.00397	0.00686
31	0.00852	0.00610	0.00781	0.00906	0.00959	0.00561	0.00620	0.00928	0.01194	0.01602	0.03228	0.72451	0.03807	0.01836	0.00786	0.00257	0.00394	0.07121	0.00570	0.00539
32	0.00945	0.00683	0.00860	0.00811	0.00956	0.00620	0.00598	0.01175	0.01690	0.02399	0.74622	0.04388	0.05426	0.01242	0.00727	0.00203	0.00318	0.01064	0.00667	0.00608
33	0.00834	0.00597	0.00761	0.00886	0.00931	0.00546	0.00590	0.00898	0.01177	0.01582	0.03237	0.78100	0.03845	0.01852	0.00781	0.00255	0.00379	0.01644	0.00570	0.00534
34	0.00939	0.00682	0.00852	0.00804	0.00952	0.00617	0.00594	0.01163	0.01676	0.02366	0.71540	0.04442	0.08529	0.01255	0.00727	0.00204	0.00319	0.01072	0.00663	0.00605
35	0.01545	0.01313	0.01378	0.01246	0.01576	0.01485	0.00956	0.03095	0.73860	0.02496	0.02430	0.02293	0.01849	0.00857	0.00636	0.00217	0.00497	0.00684	0.00621	0.00966
36	0.01650	0.78710	0.03047	0.01064	0.01557	0.02308	0.01028	0.01795	0.01242	0.01470	0.00928	0.01101	0.00858	0.00576	0.00425	0.00147	0.00653	0.00351	0.00290	0.00798
37	0.02666	0.01063	0.01411	0.01103	0.01549	0.00915	0.00893	0.02848	0.01708	0.75308	0.02360	0.02109	0.01526	0.00790	0.00629	0.00200	0.00530	0.00614	0.00744	0.01033
38	0.00885	0.00688	0.00774	0.00756	0.00927	0.00606	0.00554	0.01071	0.03057	0.01979	0.33819	0.09874	0.39946	0.01412	0.00729	0.00213	0.00336	0.01180	0.00611	0.00583
39	0.01402	0.01133	0.01356	0.01061	0.01518	0.00963	0.03351	0.01838	0.13002	0.05401	0.01541	0.01897	0.01294	0.00656	0.00545	0.00147	0.00501	0.05071	0.00448	0.56877
40	0.06208	0.00979	0.01306	0.01006	0.01444	0.00860	0.00831	0.02738	0.01607	0.73407	0.02191	0.01901	0.01380	0.00700	0.00565	0.00177	0.00485	0.00563	0.00692	0.00958
41	0.00769	0.00549	0.00747	0.00879	0.00944	0.00527	0.00657	0.00922	0.01166	0.01541	0.03113	0.56003	0.03625	0.01724	0.00749	0.00242	0.00395	0.24434	0.00530	0.00485
42	0.83938	0.01106	0.00841	0.00752	0.01106	0.01283	0.00619	0.01681	0.00973	0.02566	0.00796	0.00929	0.00619	0.00531	0.00354	0.00177	0.00442	0.00310	0.00354	0.00619
43	0.00697	0.00498	0.00664	0.00796	0.00830	0.00465	0.00531	0.00796	0.01095	0.01460	0.03153	0.79525	0.03783	0.01792	0.00730	0.00232	0.00332	0.01626	0.00531	0.00465
44	0.63166	0.01082	0.00934	0.00784	0.01174	0.01156	0.00641	0.01681	0.01047	0.05740	0.00907	0.01028	0.00702	0.00517	0.00378	0.00158	0.00441	0.00328	0.00367	0.17770
45	0.01850	0.03950	0.01527	0.01283	0.01643	0.53873	0.00980	0.02029	0.01486	0.01532	0.00920	0.01073	0.00768	0.00540	0.00486	0.00129	0.00848	0.00359	0.00306	0.24419
46	0.83938	0.01106	0.00841	0.00752	0.01106	0.01283	0.00619	0.01681	0.00973	0.02566	0.00796	0.00929	0.00619	0.00531	0.00354	0.00177	0.00442	0.00310	0.00354	0.00619
47	0.01120	0.01073	0.01864	0.68651	0.08595	0.01288	0.06357	0.01505	0.01168	0.01512	0.01030	0.01519	0.00779	0.00562	0.00578	0.00189	0.00770	0.00519	0.00258	0.00662
48	0.01246	0.01244	0.01751	0.04053	0.01582	0.01736	0.01263	0.01379	0.00885	0.01379	0.00760	0.01260	0.00751	0.00987	0.01834	0.00248	0.76265	0.00501	0.00250	0.00626
49	0.01423	0.01229	0.01293	0.01164	0.01487	0.01423	0.00905	0.03039	0.75297	0.02393	0.02328	0.02134	0.01746	0.00776	0.00582	0.00194	0.00453	0.00647	0.00582	0.00905
50	0.00697	0.00498	0.00664	0.00796	0.00830	0.00465	0.00531	0.00796	0.01095	0.01460	0.03153	0.79525	0.03783	0.01792	0.00730	0.00232	0.00332	0.01626	0.00531	0.00465
51	0.83938	0.01106	0.00841	0.00752	0.01106	0.01283	0.00619	0.01681	0.00973	0.02566	0.00796	0.00929	0.00619	0.00531	0.00354	0.00177	0.00442	0.00310	0.00354	0.00619
52	0.01350	0.01543	0.03375	0.02411	0.02989	0.01446	0.74253	0.01832	0.01350	0.01832	0.01157	0.01543	0.00868	0.00482	0.00675	0.00193	0.00964	0.00675	0.00289	0.00771
53	0.01331	0.01504	0.03267	0.02351	0.02910	0.01412	0.71034	0.01804	0.01349	0.01827	0.01239	0.01758	0.00974	0.00530	0.00680	0.00196	0.00945	0.03826	0.00300	0.00761
54	0.01037	0.04043	0.43066	0.01299	0.01854	0.01058	0.04406	0.01532	0.01368	0.01983	0.29517	0.02378	0.02506	0.00777	0.00594	0.00180	0.00625	0.00662	0.00391	0.00723
55	0.00785	0.00584	0.00730	0.00694	0.00839	0.00529	0.00520	0.01032	0.01561	0.02155	0.63020	0.04501	0.18491	0.01221	0.00675	0.00182	0.00274	0.01066	0.00611	0.00529
56	0.01152	0.05963	0.69311	0.01595	0.02390	0.01339	0.03907	0.01772	0.01206	0.01781	0.01096	0.03974	0.00837	0.00584	0.00546	0.00181	0.00821	0.00467	0.00253	0.00825
57	0.00767	0.00583	0.00705	0.00675	0.00828	0.00521	0.00506	0.00996	0.01518	0.02053	0.53433	0.04669	0.28142	0.01259	0.00675	0.00184	0.00276	0.01090	0.00598	0.00521
58	0.01471	0.58526	0.07827	0.01396	0.06657	0.02024	0.11824	0.01739	0.01202	0.01481	0.00882	0.01061	0.00764	0.00493	0.00437	0.00140	0.00683	0.00381	0.00254	0.00758
59	0.83938	0.01106	0.00841	0.00752	0.01106	0.01283	0.00619	0.01681	0.00973	0.02566	0.00796	0.00929	0.00619	0.00531	0.00354	0.00177	0.00442	0.00310	0.00354	0.00619
60	0.00697	0.00498	0.00664	0.00796	0.00830	0.00465	0.00531	0.00796	0.01095	0.01460	0.03153	0.79525	0.03783	0.01792	0.00730	0.00232	0.00332	0.01626	0.00531	0.00465
61	0.01469	0.01380	0.01460	0.01392	0.06397	0.09883	0.01037	0.07283	0.37816	0.02086	0.01921	0.02090	0.04575	0.00835	0.00814	0.00199	0.14348	0.03748	0.00467	0.00799
62	0.02382	0.00964	0.01273	0.00997	0.01410	0.00865	0.00817	0.02711	0.07180	0.66220	0.02236	0.01973	0.01444	0.00710	0.00564	0.00175	0.00470	0.00578	0.06091	0.00939
63	0.00829	0.00607	0.00892	0.00892	0.00992	0.00701	0.00688	0.01028	0.00929	0.01356	0.01556	0.02294	0.01454	0.06760	0.71644	0.00872	0.01443	0.00617	0.03940	0.00506
64	0.00788	0.00584	0.00735	0.00697	0.00841	0.00530	0.00523	0.01038	0.01568	0.02172	0.64652	0.04472	0.16849	0.01215	0.00675	0.00182	0.00273	0.01062	0.00614	0.00530
65	0.02566	0.00973	0.01327	0.01018	0.01460	0.00841	0.00841	0.02788	0.01637	0.76726	0.02257	0.01947	0.01416	0.00708	0.00575	0.00177	0.00487	0.00575	0.00708	0.00973

[dist]
# distance from previous block
# <min> <max>
23	271

# created by:
# /software/SequenceAnalysis/GenePrediction/augustus/3.0.1/scripts/msa2prfl.pl ./fixed/BUSCOvEOG75X992.fas
