[name]
unknown

[dist]
# distance from previous block
# <min> <max>
0	749

[block]
# block no. 0 follows, 41 sequences, length 7
# corresponding to MSA columns:
# 749-755
name=unknown_A
#
# <colnr> <probs for GDERKNQSTAVLIFYWHMCP>
#	G	D	E	R	K	N	Q	S	T	A	V	L	I	F	Y	W	H	M	C	P
0	0.00804	0.00596	0.00773	0.00876	0.00994	0.00565	0.00704	0.00996	0.01253	0.01605	0.03687	0.26344	0.19856	0.01609	0.00748	0.00239	0.00420	0.36902	0.00529	0.00500
1	0.01232	0.20047	0.60586	0.01486	0.02253	0.01535	0.01862	0.01790	0.01198	0.01708	0.00975	0.01143	0.00727	0.00531	0.00504	0.00168	0.00794	0.00397	0.00242	0.00821
2	0.01230	0.01269	0.02357	0.32984	0.08652	0.01420	0.27377	0.01601	0.01184	0.01610	0.01027	0.01478	0.00809	0.00607	0.00825	0.00200	0.13833	0.00566	0.00268	0.00703
3	0.00692	0.00516	0.00645	0.00747	0.00817	0.00469	0.00509	0.00802	0.01142	0.01479	0.03749	0.62822	0.20101	0.01715	0.00718	0.00223	0.00322	0.01532	0.00531	0.00469
4	0.01147	0.02959	0.76934	0.01630	0.02476	0.01328	0.02113	0.01811	0.01208	0.01811	0.01026	0.01208	0.00725	0.00543	0.00543	0.00181	0.00845	0.00423	0.00242	0.00845
5	0.01511	0.01624	0.01961	0.24539	0.35696	0.21599	0.01535	0.01811	0.01341	0.01627	0.01008	0.01345	0.00820	0.00549	0.00554	0.00170	0.00797	0.00472	0.00278	0.00764
6	0.00835	0.00601	0.00800	0.00795	0.00929	0.00566	0.00626	0.01103	0.01551	0.02162	0.59556	0.04764	0.04922	0.01262	0.00701	0.00199	0.00328	0.17156	0.00606	0.00537

[dist]
# distance from previous block
# <min> <max>
0	1

[block]
# block no. 1 follows, 41 sequences, length 14
# corresponding to MSA columns:
# 757-770
name=unknown_B
#
# <colnr> <probs for GDERKNQSTAVLIFYWHMCP>
#	G	D	E	R	K	N	Q	S	T	A	V	L	I	F	Y	W	H	M	C	P
0	0.02049	0.01605	0.01642	0.01300	0.01727	0.06012	0.01058	0.58634	0.14532	0.03281	0.01502	0.01479	0.01086	0.00696	0.00571	0.00174	0.00623	0.00528	0.00558	0.00944
1	0.00832	0.00555	0.00624	0.00624	0.00624	0.00555	0.00347	0.00832	0.00832	0.01109	0.01802	0.03743	0.02080	0.79898	0.02911	0.00555	0.00555	0.00832	0.00347	0.00347
2	0.01332	0.01491	0.03084	0.02248	0.02722	0.01501	0.61141	0.01750	0.01265	0.01750	0.01084	0.01491	0.00847	0.00575	0.00891	0.00203	0.14953	0.00644	0.00282	0.00745
3	0.01177	0.09080	0.71078	0.01579	0.02396	0.01402	0.02023	0.01804	0.01204	0.01775	0.01008	0.01185	0.00725	0.00539	0.00529	0.00176	0.00827	0.00413	0.00242	0.00837
4	0.00832	0.00555	0.00624	0.00624	0.00624	0.00555	0.00347	0.00832	0.00832	0.01109	0.01802	0.03743	0.02080	0.79898	0.02911	0.00555	0.00555	0.00832	0.00347	0.00347
5	0.00810	0.00585	0.00765	0.00720	0.00855	0.00540	0.00540	0.01079	0.01619	0.02294	0.76028	0.04273	0.05397	0.01169	0.00675	0.00180	0.00270	0.01034	0.00630	0.00540
6	0.01354	0.01487	0.03057	0.02536	0.16044	0.01455	0.55450	0.01782	0.01304	0.01803	0.01110	0.01497	0.00865	0.00528	0.00751	0.00193	0.07082	0.00632	0.00285	0.00784
7	0.00676	0.00579	0.00579	0.00579	0.00773	0.00483	0.00435	0.00821	0.01304	0.01545	0.05794	0.05505	0.76098	0.01449	0.00676	0.00193	0.00290	0.01207	0.00531	0.00483
8	0.00895	0.00638	0.00725	0.00664	0.00755	0.00592	0.00406	0.00941	0.00895	0.01245	0.01661	0.03284	0.01858	0.65624	0.02465	0.00470	0.00531	0.00743	0.00345	0.15263
9	0.01978	0.01497	0.01716	0.15183	0.02163	0.01683	0.01177	0.61319	0.02412	0.03220	0.01309	0.01401	0.00935	0.00666	0.00572	0.00175	0.00653	0.00514	0.00515	0.00912
10	0.01350	0.01543	0.03375	0.02411	0.02989	0.01446	0.74253	0.01832	0.01350	0.01832	0.01157	0.01543	0.00868	0.00482	0.00675	0.00193	0.00964	0.00675	0.00289	0.00771
11	0.00804	0.00559	0.00616	0.00616	0.00651	0.00542	0.00362	0.00830	0.00917	0.01187	0.02519	0.04060	0.15374	0.65808	0.02510	0.00490	0.00507	0.00899	0.00380	0.00371
12	0.83938	0.01106	0.00841	0.00752	0.01106	0.01283	0.00619	0.01681	0.00973	0.02566	0.00796	0.00929	0.00619	0.00531	0.00354	0.00177	0.00442	0.00310	0.00354	0.00619
13	0.02061	0.02615	0.01567	0.01427	0.01717	0.73596	0.01070	0.02208	0.01604	0.01407	0.01139	0.01264	0.04651	0.00634	0.00524	0.00150	0.00993	0.00412	0.00307	0.00654

[dist]
# distance from previous block
# <min> <max>
0	1

[block]
# block no. 2 follows, 41 sequences, length 10
# corresponding to MSA columns:
# 772-781
name=unknown_C
#
# <colnr> <probs for GDERKNQSTAVLIFYWHMCP>
#	G	D	E	R	K	N	Q	S	T	A	V	L	I	F	Y	W	H	M	C	P
0	0.00922	0.00658	0.00922	0.01053	0.01185	0.00658	0.00922	0.01185	0.01317	0.01712	0.03029	0.06452	0.03292	0.01580	0.00790	0.00263	0.00527	0.72480	0.00527	0.00527
1	0.00777	0.00559	0.00735	0.00742	0.00847	0.00518	0.00537	0.00997	0.01466	0.02050	0.54736	0.26259	0.04925	0.01351	0.00691	0.00195	0.00288	0.01207	0.00601	0.00518
2	0.01562	0.02379	0.54845	0.01451	0.02179	0.01186	0.01742	0.02097	0.01333	0.23699	0.01386	0.01424	0.00927	0.00591	0.00553	0.00180	0.00741	0.00467	0.00378	0.00883
3	0.00825	0.00563	0.00665	0.00652	0.00691	0.00550	0.00403	0.00904	0.01062	0.01455	0.23489	0.03898	0.03049	0.56896	0.02258	0.00445	0.00471	0.00891	0.00429	0.00403
4	0.02014	0.00858	0.01109	0.00890	0.01259	0.00736	0.00722	0.02213	0.01540	0.54761	0.03290	0.02986	0.23235	0.00924	0.00605	0.00182	0.00429	0.00760	0.00656	0.00830
5	0.01500	0.01323	0.01701	0.01419	0.01558	0.01708	0.01177	0.22701	0.01408	0.02025	0.00971	0.01335	0.00849	0.01068	0.05164	0.00260	0.52254	0.00510	0.00347	0.00722
6	0.00697	0.00498	0.00664	0.00796	0.00830	0.00465	0.00531	0.00796	0.01095	0.01460	0.03153	0.79525	0.03783	0.01792	0.00730	0.00232	0.00332	0.01626	0.00531	0.00465
7	0.01547	0.01290	0.01363	0.01189	0.01535	0.01481	0.00935	0.14844	0.63289	0.02593	0.02170	0.02008	0.01618	0.00761	0.00580	0.00190	0.00482	0.00625	0.00580	0.00917
8	0.83938	0.01106	0.00841	0.00752	0.01106	0.01283	0.00619	0.01681	0.00973	0.02566	0.00796	0.00929	0.00619	0.00531	0.00354	0.00177	0.00442	0.00310	0.00354	0.00619
9	0.25606	0.57121	0.02367	0.00913	0.01362	0.01977	0.00874	0.01704	0.01107	0.01702	0.00796	0.00921	0.00701	0.00502	0.00363	0.00138	0.00562	0.00307	0.00277	0.00701

[dist]
# distance from previous block
# <min> <max>
0	1

[block]
# block no. 3 follows, 41 sequences, length 97
# corresponding to MSA columns:
# 783-879
name=unknown_D
#
# <colnr> <probs for GDERKNQSTAVLIFYWHMCP>
#	G	D	E	R	K	N	Q	S	T	A	V	L	I	F	Y	W	H	M	C	P
0	0.01349	0.01551	0.03773	0.02407	0.02987	0.01446	0.73863	0.01832	0.01349	0.01832	0.01156	0.01541	0.00867	0.00482	0.00674	0.00193	0.00964	0.00674	0.00289	0.00772
1	0.02137	0.02726	0.01621	0.01474	0.01768	0.77602	0.01105	0.02284	0.01621	0.01400	0.00884	0.01031	0.00737	0.00589	0.00516	0.00147	0.01031	0.00368	0.00295	0.00663
2	0.01561	0.79837	0.03010	0.01001	0.01491	0.02275	0.00992	0.01735	0.01183	0.01379	0.00830	0.00966	0.00767	0.00512	0.00382	0.00129	0.00623	0.00318	0.00257	0.00751
3	0.00733	0.00524	0.00690	0.00820	0.00856	0.00486	0.00546	0.00823	0.01117	0.01492	0.03175	0.79148	0.03799	0.01808	0.00744	0.00238	0.00344	0.01631	0.00541	0.00483
4	0.01448	0.01381	0.02339	0.03520	0.75949	0.01376	0.01764	0.01777	0.01323	0.01899	0.01110	0.01461	0.00938	0.00532	0.00581	0.00176	0.00690	0.00520	0.00295	0.00922
5	0.01588	0.76454	0.02950	0.01023	0.01505	0.05563	0.00997	0.01759	0.01203	0.01381	0.00834	0.00971	0.00767	0.00517	0.00389	0.00130	0.00641	0.00320	0.00259	0.00748
6	0.01181	0.02972	0.76548	0.01649	0.02494	0.01345	0.02120	0.01833	0.01229	0.01842	0.01060	0.01255	0.00757	0.00566	0.00558	0.00187	0.00855	0.00434	0.00254	0.00862
7	0.01475	0.01431	0.02313	0.03445	0.73196	0.04190	0.01740	0.01796	0.01335	0.01881	0.01102	0.01447	0.00932	0.00535	0.00579	0.00175	0.00703	0.00515	0.00295	0.00913
8	0.01448	0.01381	0.02339	0.03520	0.75949	0.01376	0.01764	0.01777	0.01323	0.01899	0.01110	0.01461	0.00938	0.00532	0.00581	0.00176	0.00690	0.00520	0.00295	0.00922
9	0.01410	0.01342	0.02269	0.12085	0.67683	0.01366	0.01745	0.01743	0.01305	0.01852	0.01103	0.01474	0.00921	0.00540	0.00581	0.00178	0.00700	0.00520	0.00292	0.00891
10	0.02593	0.00997	0.01350	0.01040	0.01484	0.00860	0.00855	0.02803	0.01656	0.76352	0.02284	0.01990	0.01445	0.00730	0.00589	0.00183	0.00498	0.00586	0.00717	0.00989
11	0.01363	0.01314	0.03816	0.28430	0.46833	0.01364	0.01688	0.04852	0.01328	0.01837	0.01102	0.01491	0.00889	0.00562	0.00582	0.00183	0.00719	0.00518	0.00297	0.00833
12	0.00957	0.00684	0.00946	0.01076	0.01210	0.00679	0.00935	0.01210	0.01337	0.01743	0.03052	0.06471	0.03311	0.01597	0.00803	0.00269	0.00538	0.72102	0.00537	0.00545
13	0.02593	0.00997	0.01350	0.01040	0.01484	0.00860	0.00855	0.02803	0.01656	0.76352	0.02284	0.01990	0.01445	0.00730	0.00589	0.00183	0.00498	0.00586	0.00717	0.00989
14	0.02468	0.00970	0.01310	0.01019	0.01441	0.00839	0.00833	0.02683	0.01654	0.71089	0.07499	0.02154	0.01726	0.00762	0.00597	0.00183	0.00483	0.00618	0.00712	0.00958
15	0.02581	0.01015	0.01361	0.01049	0.01493	0.00887	0.00862	0.04860	0.01686	0.74252	0.02258	0.01973	0.01432	0.00729	0.00589	0.00183	0.00502	0.00584	0.00714	0.00989
16	0.01114	0.01040	0.01736	0.78127	0.03950	0.01288	0.01598	0.01485	0.01165	0.01494	0.01051	0.01570	0.00795	0.00594	0.00586	0.00197	0.00773	0.00519	0.00266	0.00653
17	0.02511	0.01038	0.01364	0.01061	0.01498	0.00933	0.00869	0.05804	0.05924	0.69041	0.02251	0.01977	0.01445	0.00733	0.00590	0.00184	0.00502	0.00587	0.00705	0.00985
18	0.00840	0.00610	0.00783	0.00738	0.00878	0.00559	0.00551	0.01095	0.01626	0.02293	0.72950	0.04350	0.08129	0.01199	0.00688	0.00187	0.00283	0.01049	0.00636	0.00556
19	0.00733	0.00524	0.00690	0.00820	0.00856	0.00486	0.00546	0.00823	0.01117	0.01492	0.03175	0.79148	0.03799	0.01808	0.00744	0.00238	0.00344	0.01631	0.00541	0.00483
20	0.01181	0.02972	0.76548	0.01649	0.02494	0.01345	0.02120	0.01833	0.01229	0.01842	0.01060	0.01255	0.00757	0.00566	0.00558	0.00187	0.00855	0.00434	0.00254	0.00862
21	0.01448	0.01381	0.02339	0.03520	0.75949	0.01376	0.01764	0.01777	0.01323	0.01899	0.01110	0.01461	0.00938	0.00532	0.00581	0.00176	0.00690	0.00520	0.00295	0.00922
22	0.09088	0.00614	0.00589	0.00579	0.00737	0.00627	0.00437	0.01390	0.01199	0.02203	0.01792	0.02058	0.01413	0.00675	0.00411	0.00144	0.00296	0.00522	0.74665	0.00560
23	0.01455	0.01251	0.01316	0.01186	0.01511	0.01439	0.00919	0.03054	0.74917	0.02420	0.02355	0.02176	0.01773	0.00797	0.00596	0.00200	0.00464	0.00657	0.00592	0.00921
24	0.00957	0.00684	0.00946	0.01076	0.01210	0.00679	0.00935	0.01210	0.01337	0.01743	0.03052	0.06471	0.03311	0.01597	0.00803	0.00269	0.00538	0.72102	0.00537	0.00545
25	0.00957	0.00684	0.00946	0.01076	0.01210	0.00679	0.00935	0.01210	0.01337	0.01743	0.03052	0.06471	0.03311	0.01597	0.00803	0.00269	0.00538	0.72102	0.00537	0.00545
26	0.00733	0.00524	0.00690	0.00820	0.00856	0.00486	0.00546	0.00823	0.01117	0.01492	0.03175	0.79148	0.03799	0.01808	0.00744	0.00238	0.00344	0.01631	0.00541	0.00483
27	0.00733	0.00524	0.00690	0.00820	0.00856	0.00486	0.00546	0.00823	0.01117	0.01492	0.03175	0.79148	0.03799	0.01808	0.00744	0.00238	0.00344	0.01631	0.00541	0.00483
28	0.01455	0.01251	0.01316	0.01186	0.01511	0.01439	0.00919	0.03054	0.74917	0.02420	0.02355	0.02176	0.01773	0.00797	0.00596	0.00200	0.00464	0.00657	0.00592	0.00921
29	0.02593	0.00997	0.01350	0.01040	0.01484	0.00860	0.00855	0.02803	0.01656	0.76352	0.02284	0.01990	0.01445	0.00730	0.00589	0.00183	0.00498	0.00586	0.00717	0.00989
30	0.02203	0.01623	0.01737	0.01337	0.01796	0.01788	0.01100	0.74051	0.02702	0.03625	0.01405	0.01419	0.01004	0.00709	0.00586	0.00178	0.00640	0.00526	0.00582	0.00988
31	0.01448	0.01381	0.02339	0.03520	0.75949	0.01376	0.01764	0.01777	0.01323	0.01899	0.01110	0.01461	0.00938	0.00532	0.00581	0.00176	0.00690	0.00520	0.00295	0.00922
32	0.01455	0.01251	0.01316	0.01186	0.01511	0.01439	0.00919	0.03054	0.74917	0.02420	0.02355	0.02176	0.01773	0.00797	0.00596	0.00200	0.00464	0.00657	0.00592	0.00921
33	0.01101	0.00559	0.00560	0.00558	0.00694	0.00554	0.00416	0.01357	0.01220	0.02161	0.01895	0.02174	0.01495	0.00688	0.00415	0.00140	0.00279	0.00544	0.82638	0.00551
34	0.00733	0.00524	0.00690	0.00820	0.00856	0.00486	0.00546	0.00823	0.01117	0.01492	0.03175	0.79148	0.03799	0.01808	0.00744	0.00238	0.00344	0.01631	0.00541	0.00483
35	0.01114	0.01040	0.01736	0.78127	0.03950	0.01288	0.01598	0.01485	0.01165	0.01494	0.01051	0.01570	0.00795	0.00594	0.00586	0.00197	0.00773	0.00519	0.00266	0.00653
36	0.01285	0.01274	0.01772	0.01522	0.01525	0.01767	0.01263	0.01400	0.00899	0.01409	0.00786	0.01298	0.00784	0.01021	0.01884	0.00256	0.78439	0.00511	0.00262	0.00643
37	0.01220	0.01040	0.01209	0.00871	0.01380	0.00782	0.00693	0.01463	0.01207	0.01894	0.01051	0.01233	0.00879	0.00447	0.00439	0.00091	0.00435	0.00351	0.00350	0.82965
38	0.01919	0.29363	0.02118	0.01304	0.01673	0.42111	0.01071	0.07204	0.03436	0.01595	0.00957	0.01098	0.00812	0.00598	0.00516	0.00150	0.02648	0.00379	0.00315	0.00732
39	0.01101	0.00559	0.00560	0.00558	0.00694	0.00554	0.00416	0.01357	0.01220	0.02161	0.01895	0.02174	0.01495	0.00688	0.00415	0.00140	0.00279	0.00544	0.82638	0.00551
40	0.01192	0.05254	0.74364	0.01630	0.02464	0.01373	0.02087	0.01830	0.01227	0.01828	0.01054	0.01246	0.00758	0.00564	0.00553	0.00186	0.00848	0.00430	0.00254	0.00858
41	0.02203	0.01623	0.01737	0.01337	0.01796	0.01788	0.01100	0.74051	0.02702	0.03625	0.01405	0.01419	0.01004	0.00709	0.00586	0.00178	0.00640	0.00526	0.00582	0.00988
42	0.02593	0.00997	0.01350	0.01040	0.01484	0.00860	0.00855	0.02803	0.01656	0.76352	0.02284	0.01990	0.01445	0.00730	0.00589	0.00183	0.00498	0.00586	0.00717	0.00989
43	0.01221	0.01166	0.01707	0.26483	0.02280	0.01557	0.01335	0.01426	0.01000	0.01470	0.00921	0.01425	0.00819	0.00867	0.01396	0.00232	0.49659	0.00515	0.03878	0.00642
44	0.01205	0.01106	0.01713	0.02440	0.47478	0.01080	0.01281	0.01505	0.03657	0.01813	0.05311	0.02772	0.20982	0.04278	0.00716	0.00200	0.00559	0.00743	0.00386	0.00772
45	0.02165	0.02740	0.01642	0.01494	0.01790	0.77206	0.01118	0.02303	0.01640	0.01432	0.00919	0.01079	0.00770	0.00612	0.00530	0.00154	0.01040	0.00380	0.00306	0.00680
46	0.01448	0.01381	0.02339	0.03520	0.75949	0.01376	0.01764	0.01777	0.01323	0.01899	0.01110	0.01461	0.00938	0.00532	0.00581	0.00176	0.00690	0.00520	0.00295	0.00922
47	0.08245	0.15189	0.55838	0.01531	0.04586	0.01493	0.01800	0.01804	0.01204	0.01832	0.01005	0.01191	0.00756	0.00555	0.00514	0.00177	0.00778	0.00408	0.00265	0.00827
48	0.66907	0.01102	0.00965	0.00830	0.01204	0.01210	0.00680	0.01929	0.01131	0.17738	0.01130	0.01185	0.00816	0.00590	0.00415	0.00183	0.00463	0.00376	0.00438	0.00709
49	0.00845	0.00611	0.00790	0.00744	0.00881	0.00561	0.00555	0.01105	0.01638	0.02321	0.75657	0.04303	0.05405	0.01189	0.00688	0.00186	0.00283	0.01042	0.00640	0.00558
50	0.00867	0.00581	0.00650	0.00648	0.00652	0.00576	0.00363	0.00858	0.00855	0.01143	0.01832	0.03776	0.02105	0.79492	0.02913	0.00559	0.00566	0.00841	0.00358	0.00366
51	0.01461	0.38799	0.03977	0.06879	0.01855	0.08871	0.09448	0.01685	0.01215	0.01499	0.03942	0.01331	0.01001	0.00775	0.03656	0.00197	0.11962	0.00452	0.00286	0.00712
52	0.01114	0.01040	0.01736	0.78127	0.03950	0.01288	0.01598	0.01485	0.01165	0.01494	0.01051	0.01570	0.00795	0.00594	0.00586	0.00197	0.00773	0.00519	0.00266	0.00653
53	0.00957	0.00684	0.00946	0.01076	0.01210	0.00679	0.00935	0.01210	0.01337	0.01743	0.03052	0.06471	0.03311	0.01597	0.00803	0.00269	0.00538	0.72102	0.00537	0.00545
54	0.01309	0.01238	0.02086	0.34733	0.45826	0.01339	0.01695	0.01655	0.01257	0.01729	0.01085	0.01507	0.00878	0.00558	0.00583	0.00185	0.00725	0.00520	0.00283	0.00809
55	0.00922	0.00602	0.00756	0.00741	0.00873	0.00555	0.00543	0.01142	0.01472	0.05021	0.46625	0.18423	0.06797	0.01233	0.00659	0.00190	0.00303	0.01078	0.11509	0.00557
56	0.02593	0.00997	0.01350	0.01040	0.01484	0.00860	0.00855	0.02803	0.01656	0.76352	0.02284	0.01990	0.01445	0.00730	0.00589	0.00183	0.00498	0.00586	0.00717	0.00989
57	0.00733	0.00524	0.00690	0.00820	0.00856	0.00486	0.00546	0.00823	0.01117	0.01492	0.03175	0.79148	0.03799	0.01808	0.00744	0.00238	0.00344	0.01631	0.00541	0.00483
58	0.03082	0.44290	0.35423	0.01283	0.01926	0.01845	0.01483	0.01777	0.01199	0.01608	0.00932	0.01094	0.00760	0.00537	0.00460	0.00156	0.00722	0.00369	0.00258	0.00798
59	0.01424	0.01448	0.02726	0.03115	0.48939	0.01408	0.28463	0.01805	0.01340	0.01885	0.01139	0.01508	0.00924	0.00522	0.00621	0.00185	0.00795	0.00581	0.00297	0.00873
60	0.00845	0.00611	0.00790	0.00744	0.00881	0.00561	0.00555	0.01105	0.01638	0.02321	0.75657	0.04303	0.05405	0.01189	0.00688	0.00186	0.00283	0.01042	0.00640	0.00558
61	0.00742	0.00626	0.00636	0.00629	0.00826	0.00537	0.00470	0.00929	0.03680	0.01636	0.08758	0.05368	0.70284	0.01433	0.00687	0.00199	0.00307	0.01189	0.00548	0.00517
62	0.01203	0.07441	0.72272	0.01612	0.02435	0.01399	0.02055	0.01827	0.01226	0.01815	0.01047	0.01238	0.00758	0.00563	0.00548	0.00184	0.00841	0.00427	0.00254	0.00855
63	0.00712	0.00605	0.00606	0.00604	0.00800	0.00504	0.00451	0.00847	0.01324	0.01577	0.05803	0.05528	0.75723	0.01466	0.00690	0.00199	0.00302	0.01214	0.00542	0.00501
64	0.00845	0.00611	0.00790	0.00744	0.00881	0.00561	0.00555	0.01105	0.01638	0.02321	0.75657	0.04303	0.05405	0.01189	0.00688	0.00186	0.00283	0.01042	0.00640	0.00558
65	0.01455	0.01251	0.01316	0.01186	0.01511	0.01439	0.00919	0.03054	0.74917	0.02420	0.02355	0.02176	0.01773	0.00797	0.00596	0.00200	0.00464	0.00657	0.00592	0.00921
66	0.01481	0.63637	0.18510	0.01138	0.01703	0.02079	0.01230	0.01755	0.01193	0.01476	0.00879	0.01027	0.00765	0.00524	0.00419	0.00141	0.00672	0.00342	0.00256	0.00774
67	0.01514	0.00800	0.00878	0.00766	0.01004	0.00802	0.00600	0.11451	0.03985	0.14960	0.01911	0.02041	0.01430	0.00702	0.00474	0.00154	0.00371	0.00552	0.54907	0.00697
68	0.01301	0.01230	0.02072	0.36448	0.44171	0.01337	0.01691	0.01648	0.01253	0.01720	0.01084	0.01509	0.00875	0.00560	0.00583	0.00185	0.00726	0.00520	0.00282	0.00803
69	0.01359	0.01093	0.01250	0.00960	0.01397	0.00952	0.00758	0.16401	0.01505	0.02199	0.01403	0.11516	0.01289	0.00680	0.00509	0.00129	0.00466	0.00555	0.00424	0.55155
70	0.03671	0.02197	0.01584	0.01372	0.01696	0.46695	0.01060	0.22710	0.01880	0.02131	0.01119	0.01256	0.00884	0.00656	0.00576	0.00163	0.03161	0.00435	0.05997	0.00758
71	0.74688	0.01117	0.00933	0.03831	0.01267	0.01269	0.00688	0.01771	0.01048	0.07655	0.00941	0.01071	0.00713	0.00567	0.00393	0.00184	0.00470	0.00348	0.00386	0.00662
72	0.01203	0.05951	0.71866	0.01669	0.04231	0.01383	0.02067	0.01827	0.01229	0.01825	0.01053	0.01248	0.00762	0.00563	0.00552	0.00185	0.00842	0.00431	0.00255	0.00859
73	0.04746	0.01562	0.01363	0.01212	0.01537	0.18948	0.00936	0.05949	0.43848	0.07124	0.01898	0.01831	0.01430	0.00732	0.00564	0.00184	0.00600	0.00565	0.04126	0.00846
74	0.01468	0.49175	0.17798	0.06375	0.09446	0.01896	0.01336	0.01769	0.01217	0.03353	0.00955	0.01139	0.00801	0.00536	0.00457	0.00151	0.00683	0.00382	0.00272	0.00790
75	0.02979	0.00773	0.00813	0.00758	0.00983	0.02435	0.00584	0.06252	0.01470	0.04401	0.15136	0.06506	0.45238	0.01281	0.00665	0.00194	0.00370	0.04851	0.00548	0.03765
76	0.05033	0.01321	0.01447	0.01170	0.01541	0.01412	0.00938	0.49380	0.02214	0.06973	0.04970	0.14501	0.01668	0.00898	0.00603	0.00186	0.00553	0.00721	0.00568	0.03901
77	0.01836	0.01378	0.01516	0.01150	0.01614	0.01385	0.00933	0.45223	0.02110	0.04725	0.01314	0.01429	0.01000	0.02653	0.00595	0.00158	0.00564	0.00474	0.00499	0.29442
78	0.01107	0.00781	0.00858	0.00786	0.01008	0.03124	0.00600	0.01421	0.07856	0.11330	0.29089	0.04224	0.33192	0.01192	0.00663	0.00191	0.00358	0.01000	0.00594	0.00624
79	0.02184	0.01659	0.01723	0.01340	0.01789	0.04824	0.01096	0.69513	0.04330	0.03509	0.01408	0.01423	0.01013	0.00707	0.00584	0.00177	0.00652	0.00523	0.00572	0.00974
80	0.00720	0.00600	0.00619	0.00624	0.00807	0.00506	0.00461	0.00858	0.01325	0.01605	0.08797	0.10107	0.68015	0.01475	0.00693	0.00201	0.00304	0.01233	0.00546	0.00503
81	0.00868	0.00601	0.00756	0.00755	0.00799	0.00634	0.00500	0.00941	0.00896	0.01250	0.01734	0.03184	0.01850	0.49607	0.30366	0.00682	0.00918	0.00752	0.02473	0.00431
82	0.01626	0.01469	0.01382	0.01235	0.01553	0.13219	0.00956	0.02874	0.57128	0.06450	0.02081	0.01968	0.01569	0.00771	0.00624	0.00194	0.02872	0.00605	0.00545	0.00879
83	0.75592	0.01137	0.00926	0.00812	0.01176	0.01288	0.00664	0.04134	0.01094	0.07440	0.00945	0.01058	0.00716	0.00570	0.00391	0.00183	0.00463	0.00345	0.00395	0.00671
84	0.00717	0.00606	0.00613	0.00609	0.00803	0.00506	0.00455	0.00857	0.01336	0.01604	0.08384	0.05483	0.73125	0.01456	0.00690	0.00199	0.00302	0.01208	0.00545	0.00503
85	0.01471	0.01436	0.02352	0.03407	0.70616	0.04076	0.04406	0.01798	0.01336	0.01881	0.01106	0.01453	0.00930	0.00534	0.00583	0.00176	0.00713	0.00521	0.00296	0.00909
86	0.01301	0.10857	0.63845	0.01557	0.02332	0.04124	0.01927	0.01871	0.01252	0.04183	0.01071	0.01242	0.00781	0.00567	0.00540	0.00180	0.00826	0.00425	0.00271	0.00848
87	0.00855	0.00575	0.00653	0.00664	0.00671	0.00567	0.00380	0.00855	0.00879	0.01175	0.01955	0.10663	0.02260	0.72394	0.02715	0.00529	0.00545	0.00913	0.00375	0.00376
88	0.01448	0.01381	0.02339	0.03520	0.75949	0.01376	0.01764	0.01777	0.01323	0.01899	0.01110	0.01461	0.00938	0.00532	0.00581	0.00176	0.00690	0.00520	0.00295	0.00922
89	0.03891	0.00978	0.01073	0.01073	0.01276	0.06416	0.00887	0.10983	0.04399	0.02062	0.09625	0.07669	0.06051	0.01306	0.00714	0.00231	0.00540	0.39664	0.00533	0.00628
90	0.04194	0.02227	0.01771	0.04734	0.17752	0.48937	0.01255	0.07053	0.03501	0.01742	0.01032	0.01228	0.00845	0.00604	0.00544	0.00164	0.00897	0.00431	0.00330	0.00757
91	0.00760	0.00610	0.00672	0.00663	0.00839	0.00528	0.00500	0.00936	0.01415	0.01799	0.25893	0.05211	0.52548	0.01391	0.00694	0.00198	0.00306	0.03947	0.00570	0.00519
92	0.01181	0.02972	0.76548	0.01649	0.02494	0.01345	0.02120	0.01833	0.01229	0.01842	0.01060	0.01255	0.00757	0.00566	0.00558	0.00187	0.00855	0.00434	0.00254	0.00862
93	0.11302	0.01048	0.01245	0.01005	0.01395	0.01021	0.00814	0.07851	0.10726	0.46453	0.02029	0.01876	0.01370	0.00713	0.00549	0.00181	0.00479	0.00557	0.08490	0.00900
94	0.00736	0.00526	0.00692	0.00818	0.00857	0.00488	0.00547	0.00830	0.01129	0.01512	0.04851	0.77417	0.03837	0.01794	0.00742	0.00237	0.00343	0.01617	0.00544	0.00485
95	0.01111	0.01039	0.01746	0.74617	0.03854	0.01272	0.03138	0.01477	0.01168	0.01502	0.01105	0.03447	0.00870	0.00622	0.00592	0.00198	0.00767	0.00550	0.00274	0.00652
96	0.01239	0.14761	0.65269	0.01550	0.02340	0.01488	0.01947	0.01818	0.01222	0.01771	0.01025	0.01210	0.00759	0.00558	0.00531	0.00178	0.00819	0.00416	0.00254	0.00845

[dist]
# distance from previous block
# <min> <max>
4	5

[block]
# block no. 4 follows, 41 sequences, length 55
# corresponding to MSA columns:
# 886-940
name=unknown_E
#
# <colnr> <probs for GDERKNQSTAVLIFYWHMCP>
#	G	D	E	R	K	N	Q	S	T	A	V	L	I	F	Y	W	H	M	C	P
0	0.01177	0.01242	0.05596	0.01683	0.02086	0.01108	0.37999	0.06371	0.01383	0.01893	0.07680	0.21859	0.01984	0.00890	0.00666	0.00195	0.00695	0.00913	0.00398	0.04184
1	0.02015	0.01513	0.01630	0.01254	0.01709	0.01639	0.01030	0.61618	0.07410	0.03332	0.01398	0.01404	0.01011	0.00664	0.00557	0.00164	0.00595	0.00505	0.00547	0.10004
2	0.01343	0.01226	0.01958	0.02754	0.55689	0.01177	0.01437	0.01660	0.01272	0.01889	0.01128	0.01429	0.00940	0.00505	0.00525	0.00150	0.00597	0.00478	0.06933	0.16909
3	0.01199	0.02595	0.58059	0.01831	0.02607	0.01359	0.20625	0.01817	0.01244	0.01817	0.01060	0.01294	0.00761	0.00528	0.00577	0.00184	0.00876	0.00487	0.00254	0.00826
4	0.02012	0.04731	0.01569	0.01312	0.01649	0.45211	0.01018	0.15098	0.06642	0.07907	0.01504	0.01536	0.05971	0.00683	0.00541	0.00159	0.00814	0.00484	0.00410	0.00749
5	0.00719	0.00518	0.00679	0.00785	0.00838	0.00483	0.00538	0.00842	0.01160	0.01551	0.10777	0.64025	0.06948	0.03602	0.00777	0.00234	0.00336	0.04178	0.00537	0.00473
6	0.05520	0.01360	0.01498	0.01176	0.01578	0.01466	0.00958	0.50279	0.04716	0.14081	0.05047	0.01678	0.01289	0.02871	0.00692	0.03209	0.00571	0.00552	0.00568	0.00892
7	0.11406	0.01038	0.01223	0.01008	0.01376	0.01042	0.00817	0.08188	0.16090	0.37641	0.10152	0.02196	0.01841	0.00773	0.00568	0.00183	0.00464	0.02516	0.00618	0.00860
8	0.01355	0.01099	0.01736	0.01440	0.01780	0.01115	0.21018	0.02075	0.23830	0.10035	0.02226	0.07853	0.01985	0.00953	0.00668	0.00212	0.00608	0.18761	0.00498	0.00753
9	0.00697	0.00498	0.00664	0.00796	0.00830	0.00465	0.00531	0.00796	0.01095	0.01460	0.03153	0.79525	0.03783	0.01792	0.00730	0.00232	0.00332	0.01626	0.00531	0.00465
10	0.01190	0.10187	0.64665	0.04427	0.04908	0.01416	0.01974	0.01787	0.01204	0.01756	0.01006	0.01199	0.00733	0.00538	0.00528	0.00176	0.00815	0.00418	0.00244	0.00829
11	0.01457	0.00758	0.00983	0.00849	0.01092	0.00702	0.00656	0.01779	0.06516	0.28004	0.38431	0.05812	0.03511	0.05904	0.00775	0.00205	0.00377	0.00856	0.00633	0.00700
12	0.00712	0.00567	0.00641	0.00679	0.00816	0.00503	0.00487	0.00886	0.02982	0.01600	0.10818	0.30533	0.43691	0.01526	0.00692	0.00205	0.00306	0.01322	0.00541	0.00491
13	0.00735	0.00527	0.00698	0.00771	0.00838	0.00490	0.00534	0.00892	0.01272	0.01741	0.27697	0.54180	0.04327	0.01582	0.00711	0.00215	0.00311	0.01427	0.00564	0.00490
14	0.01147	0.02959	0.76934	0.01630	0.02476	0.01328	0.02113	0.01811	0.01208	0.01811	0.01026	0.01208	0.00725	0.00543	0.00543	0.00181	0.00845	0.00423	0.00242	0.00845
15	0.01168	0.01141	0.01916	0.49150	0.09132	0.01398	0.07816	0.01499	0.01116	0.01508	0.00976	0.01458	0.00781	0.00653	0.00865	0.00202	0.17778	0.00521	0.00259	0.00667
16	0.01378	0.01181	0.01257	0.01140	0.01449	0.01358	0.00889	0.02890	0.69533	0.02366	0.05692	0.02372	0.01962	0.00820	0.00593	0.00196	0.00447	0.03018	0.00582	0.00876
17	0.01147	0.02959	0.76934	0.01630	0.02476	0.01328	0.02113	0.01811	0.01208	0.01811	0.01026	0.01208	0.00725	0.00543	0.00543	0.00181	0.00845	0.00423	0.00242	0.00845
18	0.01546	0.78143	0.02963	0.00988	0.01476	0.02250	0.00982	0.03654	0.01203	0.01406	0.00811	0.00930	0.00740	0.00495	0.00372	0.00124	0.00612	0.00311	0.00253	0.00740
19	0.00832	0.00555	0.00624	0.00624	0.00624	0.00555	0.00347	0.00832	0.00832	0.01109	0.01802	0.03743	0.02080	0.79898	0.02911	0.00555	0.00555	0.00832	0.00347	0.00347
20	0.01423	0.01229	0.01293	0.01164	0.01487	0.01423	0.00905	0.03039	0.75297	0.02393	0.02328	0.02134	0.01746	0.00776	0.00582	0.00194	0.00453	0.00647	0.00582	0.00905
21	0.01529	0.80242	0.02997	0.00979	0.01468	0.02263	0.00979	0.01713	0.01162	0.01346	0.00795	0.00918	0.00734	0.00489	0.00367	0.00122	0.00612	0.00306	0.00245	0.00734
22	0.02074	0.01506	0.01610	0.01245	0.01674	0.01662	0.01025	0.67820	0.02555	0.03472	0.01418	0.01442	0.01017	0.00685	0.00557	0.00168	0.00597	0.00517	0.08025	0.00933
23	0.02473	0.00976	0.01318	0.01006	0.01453	0.00835	0.00830	0.02697	0.01607	0.71689	0.02173	0.01896	0.01378	0.00689	0.00565	0.00171	0.00482	0.00559	0.00683	0.06519
24	0.00850	0.00637	0.00939	0.00929	0.01040	0.00741	0.00724	0.02800	0.00962	0.01383	0.01528	0.02226	0.01419	0.04203	0.75764	0.00901	0.01510	0.00610	0.00313	0.00522
25	0.01359	0.01173	0.01232	0.01114	0.01426	0.01342	0.00865	0.02850	0.68969	0.02320	0.02624	0.02422	0.08104	0.00834	0.00590	0.00194	0.00439	0.00695	0.00578	0.00869
26	0.02087	0.01555	0.01717	0.07508	0.01947	0.01733	0.01127	0.68572	0.02565	0.03433	0.01345	0.01385	0.00956	0.00677	0.00572	0.00173	0.00640	0.00514	0.00547	0.00946
27	0.01251	0.01251	0.01752	0.01502	0.01502	0.01752	0.01251	0.01377	0.00876	0.01377	0.00751	0.01251	0.00751	0.01001	0.01877	0.00250	0.78851	0.00501	0.00250	0.00626
28	0.01189	0.07659	0.67199	0.01719	0.07494	0.01389	0.02018	0.01801	0.01211	0.01786	0.01015	0.01204	0.00738	0.00538	0.00534	0.00177	0.00819	0.00421	0.00245	0.00843
29	0.01333	0.01431	0.02290	0.03862	0.02084	0.06170	0.25839	0.01587	0.01087	0.01534	0.00903	0.01344	0.00790	0.00790	0.01356	0.00223	0.45882	0.00552	0.00266	0.00677
30	0.01080	0.01017	0.01716	0.78523	0.03940	0.01271	0.01589	0.01461	0.01144	0.01461	0.01017	0.01525	0.00762	0.00572	0.00572	0.00191	0.00762	0.00508	0.00254	0.00635
31	0.03952	0.02622	0.60095	0.01753	0.02530	0.01350	0.16085	0.01811	0.01227	0.01841	0.01044	0.01263	0.00749	0.00531	0.00563	0.00183	0.00855	0.00468	0.00255	0.00823
32	0.01409	0.01043	0.01609	0.51481	0.03078	0.01235	0.01363	0.01839	0.07166	0.16159	0.01343	0.01635	0.00967	0.00647	0.00671	0.00193	0.06538	0.00532	0.00368	0.00722
33	0.00676	0.00579	0.00579	0.00579	0.00773	0.00483	0.00435	0.00821	0.01304	0.01545	0.05794	0.05505	0.76098	0.01449	0.00676	0.00193	0.00290	0.01207	0.00531	0.00483
34	0.00695	0.00504	0.00657	0.00779	0.00825	0.00466	0.00523	0.00798	0.01112	0.01467	0.03364	0.73589	0.09583	0.01764	0.00726	0.00229	0.00328	0.01592	0.00531	0.00466
35	0.11764	0.04533	0.54376	0.01543	0.02269	0.01386	0.07610	0.06680	0.01288	0.02018	0.01025	0.01203	0.00740	0.00545	0.00527	0.00179	0.00783	0.00432	0.00282	0.00816
36	0.00704	0.00504	0.00670	0.00791	0.00831	0.00470	0.00532	0.00815	0.01130	0.01516	0.08056	0.74461	0.03892	0.01750	0.00726	0.00229	0.00328	0.01586	0.00538	0.00470
37	0.01821	0.01220	0.01312	0.01054	0.01405	0.01322	0.00855	0.43620	0.06697	0.07700	0.01636	0.01684	0.01196	0.00687	0.00521	0.00162	0.00501	0.00532	0.25237	0.00837
38	0.03657	0.01463	0.01978	0.04228	0.06080	0.10422	0.21125	0.04074	0.25919	0.12502	0.01653	0.01708	0.01215	0.00634	0.00592	0.00183	0.00693	0.00588	0.00452	0.00835
39	0.01131	0.01194	0.02418	0.01822	0.02220	0.01129	0.47513	0.01487	0.01293	0.01741	0.05485	0.18297	0.07723	0.00880	0.00718	0.00202	0.02775	0.00929	0.00374	0.00669
40	0.02362	0.01010	0.01320	0.01044	0.01462	0.00929	0.00858	0.04602	0.10617	0.63291	0.02269	0.02106	0.01508	0.00745	0.00583	0.00182	0.00488	0.02992	0.00683	0.00950
41	0.01138	0.01076	0.01821	0.65504	0.16504	0.01286	0.01617	0.01512	0.01171	0.01532	0.01027	0.01506	0.00787	0.00561	0.00571	0.00187	0.00748	0.00509	0.00259	0.00682
42	0.01099	0.00954	0.01634	0.02511	0.03446	0.00935	0.21009	0.01511	0.07315	0.03734	0.04244	0.13036	0.04911	0.01162	0.00714	0.00225	0.00609	0.29848	0.00464	0.00638
43	0.01207	0.13002	0.62252	0.01574	0.03688	0.01472	0.01917	0.01777	0.01188	0.01731	0.00984	0.01175	0.00730	0.00557	0.00584	0.00176	0.04509	0.00413	0.00243	0.00821
44	0.01030	0.00706	0.00867	0.00894	0.01033	0.00714	0.00642	0.01483	0.17584	0.08451	0.06008	0.52225	0.03189	0.01443	0.00681	0.00217	0.00370	0.01290	0.00562	0.00611
45	0.06468	0.01650	0.11285	0.03569	0.08712	0.01413	0.54631	0.01808	0.01304	0.01872	0.01111	0.01457	0.00838	0.00496	0.00630	0.00189	0.00892	0.00608	0.00287	0.00779
46	0.01331	0.01612	0.07845	0.02301	0.02858	0.01460	0.64878	0.01800	0.01309	0.01800	0.01122	0.01503	0.00851	0.00521	0.00747	0.00196	0.06169	0.00648	0.00284	0.00766
47	0.00705	0.00501	0.00661	0.00787	0.00818	0.00470	0.00520	0.00798	0.01080	0.01440	0.03075	0.75176	0.03685	0.06274	0.00855	0.00251	0.00345	0.01580	0.00520	0.00458
48	0.00889	0.00619	0.00735	0.00709	0.00885	0.00554	0.00534	0.01118	0.03215	0.07357	0.30753	0.12226	0.34196	0.01313	0.00674	0.00193	0.00310	0.02590	0.00581	0.00549
49	0.02001	0.01650	0.01861	0.01446	0.01854	0.07823	0.07667	0.54480	0.02294	0.03036	0.01250	0.01348	0.00921	0.00693	0.00714	0.00180	0.08881	0.00516	0.00491	0.00894
50	0.01225	0.00737	0.00940	0.00838	0.01055	0.00704	0.00651	0.01643	0.10202	0.16757	0.51150	0.03629	0.04141	0.01045	0.00648	0.00183	0.00340	0.02807	0.00637	0.00666
51	0.00995	0.00498	0.00740	0.00740	0.00743	0.00498	0.00494	0.00760	0.00757	0.01023	0.01016	0.01749	0.01006	0.01953	0.02188	0.81224	0.00491	0.00498	0.02372	0.00256
52	0.04924	0.00754	0.00905	0.07085	0.01279	0.00718	0.00753	0.01194	0.01353	0.04929	0.06712	0.07034	0.34560	0.02509	0.00756	0.00236	0.00456	0.22716	0.00538	0.00589
53	0.01367	0.01818	0.18583	0.02075	0.02592	0.01496	0.42368	0.01780	0.01280	0.01818	0.01169	0.01579	0.00932	0.00792	0.03697	0.00245	0.14681	0.00618	0.00307	0.00801
54	0.02425	0.01081	0.01383	0.01096	0.01515	0.00987	0.00885	0.07793	0.07014	0.60545	0.06871	0.02191	0.01741	0.00804	0.00624	0.00196	0.00515	0.00635	0.00712	0.00988

[dist]
# distance from previous block
# <min> <max>
0	2

[block]
# block no. 5 follows, 41 sequences, length 85
# corresponding to MSA columns:
# 943-1027
name=unknown_F
#
# <colnr> <probs for GDERKNQSTAVLIFYWHMCP>
#	G	D	E	R	K	N	Q	S	T	A	V	L	I	F	Y	W	H	M	C	P
0	0.01353	0.01535	0.03333	0.02455	0.05955	0.01443	0.71321	0.01829	0.01348	0.01834	0.01154	0.01538	0.00869	0.00483	0.00671	0.00192	0.00953	0.00668	0.00289	0.00777
1	0.02143	0.01626	0.01656	0.04146	0.01814	0.09533	0.01078	0.55147	0.04794	0.10157	0.01424	0.01422	0.01008	0.00677	0.00567	0.00171	0.00657	0.00509	0.00545	0.00926
2	0.01303	0.01162	0.02043	0.08830	0.36495	0.01149	0.14040	0.01631	0.01333	0.06452	0.09544	0.09189	0.02798	0.00728	0.00615	0.00183	0.00641	0.00715	0.00373	0.00777
3	0.01388	0.01359	0.02362	0.05255	0.61814	0.01395	0.08547	0.01726	0.01270	0.01817	0.01057	0.01418	0.00887	0.00546	0.00676	0.00179	0.06634	0.00525	0.00280	0.00865
4	0.01691	0.06077	0.01476	0.01250	0.05363	0.01368	0.00948	0.05726	0.49057	0.17387	0.02116	0.01953	0.01542	0.00727	0.00566	0.00184	0.00488	0.00599	0.00571	0.00911
5	0.01401	0.01427	0.04895	0.03360	0.68004	0.01365	0.07562	0.01763	0.01303	0.01864	0.01081	0.01419	0.00897	0.00509	0.00574	0.00172	0.00708	0.00520	0.00282	0.00893
6	0.01826	0.11153	0.21717	0.01372	0.01923	0.07436	0.01347	0.41387	0.02041	0.02703	0.01178	0.01251	0.00862	0.00619	0.00537	0.00167	0.00715	0.00455	0.00426	0.00888
7	0.01170	0.00697	0.00809	0.00730	0.00975	0.00612	0.00565	0.01405	0.04404	0.19475	0.12701	0.06715	0.45100	0.01225	0.00650	0.00189	0.00342	0.01028	0.00586	0.00622
8	0.01930	0.03953	0.01333	0.01064	0.01439	0.01071	0.00871	0.02631	0.26709	0.38698	0.02263	0.02395	0.01671	0.00800	0.00586	0.00186	0.00482	0.07710	0.00618	0.03590
9	0.01182	0.07626	0.69237	0.01670	0.05549	0.01387	0.02029	0.01803	0.01209	0.01785	0.01014	0.01199	0.00733	0.00539	0.00534	0.00177	0.00824	0.00419	0.00243	0.00841
10	0.07532	0.25921	0.49069	0.01369	0.02071	0.01604	0.01661	0.01772	0.01176	0.01729	0.00940	0.01100	0.00719	0.00526	0.00476	0.00163	0.00745	0.00379	0.00251	0.00795
11	0.00742	0.00530	0.00714	0.00835	0.00891	0.00502	0.00598	0.00880	0.01165	0.01554	0.07630	0.62535	0.03800	0.01718	0.00737	0.00234	0.00361	0.13559	0.00536	0.00480
12	0.01147	0.02959	0.76934	0.01630	0.02476	0.01328	0.02113	0.01811	0.01208	0.01811	0.01026	0.01208	0.00725	0.00543	0.00543	0.00181	0.00845	0.00423	0.00242	0.00845
13	0.00720	0.00515	0.00684	0.00781	0.00835	0.00480	0.00533	0.00853	0.01201	0.01628	0.17840	0.64358	0.04108	0.01667	0.00719	0.00222	0.00319	0.01507	0.00551	0.00480
14	0.03620	0.01209	0.01404	0.01110	0.01521	0.01244	0.00907	0.28325	0.12155	0.34388	0.01901	0.01761	0.01292	0.00704	0.00560	0.00175	0.00519	0.00556	0.05720	0.00930
15	0.00707	0.00592	0.00616	0.00608	0.00796	0.00507	0.00457	0.00894	0.02666	0.01658	0.14907	0.05284	0.65535	0.01400	0.00674	0.00191	0.00290	0.01175	0.00545	0.00498
16	0.00695	0.00505	0.00656	0.00776	0.00824	0.00466	0.00522	0.00799	0.01115	0.01468	0.03402	0.72537	0.10610	0.01760	0.00725	0.00229	0.00328	0.01587	0.00531	0.00466
17	0.01416	0.01355	0.02287	0.03433	0.73833	0.01361	0.01727	0.01798	0.03771	0.01886	0.01118	0.01440	0.00934	0.00519	0.00567	0.00171	0.00672	0.00514	0.00293	0.00906
18	0.00952	0.00807	0.00848	0.00805	0.01035	0.00819	0.00617	0.01615	0.27001	0.01870	0.07570	0.04278	0.43398	0.02634	0.00688	0.00202	0.00358	0.03323	0.00550	0.00631
19	0.03069	0.01098	0.01152	0.00954	0.01259	0.01194	0.00765	0.35573	0.07706	0.02827	0.01791	0.01875	0.03858	0.00709	0.00503	0.00159	0.00454	0.00553	0.33732	0.00767
20	0.01286	0.01369	0.02472	0.01902	0.02168	0.01589	0.34477	0.01576	0.01093	0.01583	0.00954	0.01407	0.00820	0.00841	0.03078	0.00240	0.41604	0.00583	0.00269	0.00689
21	0.04076	0.01376	0.01392	0.01113	0.01479	0.05150	0.00904	0.50676	0.02219	0.03101	0.01457	0.01535	0.01075	0.00673	0.00521	0.00161	0.00553	0.00507	0.21194	0.00838
22	0.00944	0.00608	0.00794	0.00848	0.00966	0.00573	0.00629	0.01154	0.03849	0.08719	0.10753	0.45390	0.08351	0.01534	0.00710	0.00223	0.00372	0.12478	0.00559	0.00547
23	0.01987	0.08999	0.01691	0.01375	0.03107	0.49537	0.01054	0.14426	0.04134	0.01856	0.01071	0.01191	0.00858	0.00607	0.00509	0.00150	0.00854	0.00410	0.05457	0.00726
24	0.01223	0.18324	0.62235	0.01501	0.02275	0.01514	0.01888	0.01792	0.01199	0.01719	0.00980	0.01150	0.00726	0.00533	0.00508	0.00169	0.00799	0.00399	0.00242	0.00823
25	0.00702	0.00500	0.00662	0.00790	0.00822	0.00468	0.00525	0.00798	0.01086	0.01448	0.03105	0.76870	0.03723	0.04529	0.00806	0.00244	0.00340	0.01598	0.00525	0.00460
26	0.01374	0.01353	0.02126	0.18603	0.53068	0.05308	0.01657	0.01699	0.01260	0.01731	0.01034	0.01408	0.00858	0.00557	0.00646	0.00178	0.05540	0.00502	0.00276	0.00821
27	0.01274	0.01230	0.02137	0.34267	0.42090	0.01328	0.06129	0.01639	0.01240	0.01699	0.01057	0.01468	0.00845	0.00534	0.00575	0.00180	0.00731	0.00519	0.00272	0.00787
28	0.01147	0.02959	0.76934	0.01630	0.02476	0.01328	0.02113	0.01811	0.01208	0.01811	0.01026	0.01208	0.00725	0.00543	0.00543	0.00181	0.00845	0.00423	0.00242	0.00845
29	0.00700	0.00504	0.00663	0.00785	0.00828	0.00468	0.00527	0.00806	0.01120	0.01490	0.05553	0.74164	0.06758	0.01759	0.00726	0.00229	0.00328	0.01591	0.00534	0.00468
30	0.01251	0.01251	0.01752	0.01502	0.01502	0.01752	0.01251	0.01377	0.00876	0.01377	0.00751	0.01251	0.00751	0.01001	0.01877	0.00250	0.78851	0.00501	0.00250	0.00626
31	0.08708	0.01438	0.01706	0.09536	0.19119	0.05409	0.01212	0.35875	0.01924	0.02679	0.01331	0.01481	0.02937	0.00636	0.00546	0.00172	0.00638	0.00508	0.03298	0.00849
32	0.01463	0.01011	0.01159	0.01016	0.01310	0.01080	0.00795	0.04023	0.40146	0.15195	0.23156	0.02690	0.02706	0.00874	0.00607	0.00187	0.00411	0.00741	0.00617	0.00815
33	0.02566	0.00973	0.01327	0.01018	0.01460	0.00841	0.00841	0.02788	0.01637	0.76726	0.02257	0.01947	0.01416	0.00708	0.00575	0.00177	0.00487	0.00575	0.00708	0.00973
34	0.01398	0.00975	0.01130	0.01014	0.01291	0.01040	0.00799	0.02339	0.38780	0.13758	0.22136	0.02995	0.02788	0.00930	0.00621	0.00193	0.00414	0.06000	0.00610	0.00790
35	0.12685	0.01316	0.02324	0.01740	0.02182	0.01306	0.40780	0.12170	0.01482	0.02180	0.06233	0.10045	0.01459	0.00705	0.00622	0.00191	0.00731	0.00728	0.00387	0.00732
36	0.00806	0.00645	0.00972	0.18810	0.01598	0.00677	0.02409	0.00988	0.01139	0.01512	0.06383	0.55860	0.03103	0.01449	0.00689	0.00219	0.00442	0.01316	0.00467	0.00515
37	0.02513	0.00971	0.01317	0.01015	0.01450	0.00847	0.00837	0.02762	0.03061	0.73950	0.03585	0.01992	0.01494	0.00718	0.00577	0.00177	0.00482	0.00585	0.00704	0.00964
38	0.02353	0.01067	0.01387	0.01146	0.04110	0.01003	0.00900	0.08213	0.10940	0.59242	0.02157	0.01908	0.01406	0.00708	0.00576	0.00178	0.00500	0.00577	0.00667	0.00962
39	0.01484	0.71153	0.11693	0.01055	0.01587	0.02153	0.01112	0.01724	0.01168	0.01401	0.00822	0.00952	0.00733	0.00496	0.00388	0.00129	0.00639	0.00320	0.00244	0.00747
40	0.00697	0.00498	0.00664	0.00796	0.00830	0.00465	0.00531	0.00796	0.01095	0.01460	0.03153	0.79525	0.03783	0.01792	0.00730	0.00232	0.00332	0.01626	0.00531	0.00465
41	0.00700	0.00505	0.00663	0.00782	0.00828	0.00468	0.00526	0.00808	0.01125	0.01495	0.05976	0.72922	0.07582	0.01751	0.00725	0.00228	0.00327	0.01583	0.00535	0.00468
42	0.01380	0.01323	0.02257	0.11514	0.68606	0.01350	0.01738	0.01724	0.01285	0.01825	0.01070	0.01427	0.00891	0.00516	0.00567	0.00172	0.00688	0.00510	0.00280	0.00877
43	0.00957	0.00707	0.00991	0.02345	0.01092	0.00819	0.00743	0.02303	0.01057	0.04016	0.07258	0.11785	0.01935	0.05494	0.40470	0.00586	0.11016	0.00753	0.05129	0.00543
44	0.01281	0.01301	0.01748	0.01501	0.01511	0.04282	0.01247	0.01407	0.00901	0.01377	0.00755	0.01244	0.00750	0.00987	0.01832	0.00247	0.76255	0.00496	0.00252	0.00627
45	0.16200	0.01082	0.01270	0.01013	0.01422	0.01071	0.00829	0.10672	0.08945	0.46475	0.03905	0.01790	0.01370	0.00695	0.00541	0.00178	0.00486	0.00543	0.00618	0.00895
46	0.01452	0.64577	0.17984	0.01111	0.01672	0.02074	0.01209	0.01733	0.01171	0.01440	0.00842	0.00976	0.00732	0.00500	0.00403	0.00134	0.00659	0.00330	0.00244	0.00757
47	0.01252	0.01274	0.01957	0.03693	0.01761	0.01678	0.11230	0.01432	0.00951	0.01442	0.00850	0.02475	0.00813	0.00930	0.01660	0.00241	0.64917	0.00542	0.00260	0.00643
48	0.00880	0.00646	0.02826	0.00805	0.00943	0.00560	0.00619	0.01104	0.01424	0.05786	0.42545	0.27971	0.04423	0.01352	0.00691	0.00202	0.00332	0.05761	0.00585	0.00546
49	0.00901	0.00666	0.00833	0.00736	0.00946	0.00580	0.00561	0.01157	0.01520	0.03807	0.55794	0.03799	0.10416	0.01056	0.00630	0.00165	0.00302	0.00920	0.00574	0.14636
50	0.00697	0.00498	0.00664	0.00796	0.00830	0.00465	0.00531	0.00796	0.01095	0.01460	0.03153	0.79525	0.03783	0.01792	0.00730	0.00232	0.00332	0.01626	0.00531	0.00465
51	0.01355	0.01312	0.02283	0.16201	0.59524	0.01349	0.06169	0.01710	0.01278	0.01797	0.01071	0.01442	0.00879	0.00519	0.00574	0.00175	0.00711	0.00520	0.00279	0.00852
52	0.02540	0.00979	0.01327	0.01021	0.01461	0.00854	0.00842	0.02793	0.03337	0.75011	0.02258	0.01951	0.01424	0.00710	0.00575	0.00177	0.00486	0.00577	0.00705	0.00972
