[name]
unknown

[dist]
# distance from previous block
# <min> <max>
0	60

[block]
# block no. 0 follows, 41 sequences, length 26
# corresponding to MSA columns:
# 63-88
name=unknown_A
#
# <colnr> <probs for GDERKNQSTAVLIFYWHMCP>
#	G	D	E	R	K	N	Q	S	T	A	V	L	I	F	Y	W	H	M	C	P
0	0.01174	0.08272	0.71851	0.01585	0.02406	0.01393	0.02035	0.01805	0.01204	0.01779	0.01011	0.01188	0.00725	0.00540	0.00531	0.00177	0.00829	0.00415	0.00242	0.00838
1	0.01232	0.02447	0.52812	0.02204	0.24060	0.01341	0.04297	0.01796	0.01240	0.01829	0.01045	0.01279	0.00782	0.00532	0.00554	0.00178	0.00801	0.00456	0.00255	0.00861
2	0.01097	0.01034	0.01746	0.74810	0.07523	0.01275	0.01597	0.01476	0.01152	0.01482	0.01020	0.01520	0.00770	0.00569	0.00572	0.00190	0.00758	0.00508	0.00256	0.00649
3	0.01163	0.01140	0.02049	0.57578	0.12494	0.01309	0.12995	0.01555	0.01195	0.01568	0.01046	0.01515	0.00796	0.00550	0.00587	0.00188	0.00784	0.00535	0.00263	0.00689
4	0.02107	0.01616	0.25805	0.01216	0.01789	0.00999	0.01253	0.02472	0.01498	0.52473	0.01858	0.01708	0.01192	0.00655	0.00565	0.00178	0.00603	0.00526	0.00557	0.00932
5	0.01147	0.02959	0.76934	0.01630	0.02476	0.01328	0.02113	0.01811	0.01208	0.01811	0.01026	0.01208	0.00725	0.00543	0.00543	0.00181	0.00845	0.00423	0.00242	0.00845
6	0.01350	0.01543	0.03375	0.02411	0.02989	0.01446	0.74253	0.01832	0.01350	0.01832	0.01157	0.01543	0.00868	0.00482	0.00675	0.00193	0.00964	0.00675	0.00289	0.00771
7	0.01097	0.01034	0.01747	0.74694	0.07635	0.01275	0.01597	0.01476	0.01152	0.01482	0.01020	0.01519	0.00770	0.00569	0.00572	0.00190	0.00758	0.00508	0.00256	0.00649
8	0.01459	0.08047	0.07115	0.03038	0.60159	0.06824	0.01669	0.01793	0.01307	0.01789	0.01036	0.01334	0.00868	0.00516	0.00545	0.00165	0.00709	0.00477	0.00278	0.00871
9	0.00821	0.00596	0.00833	0.00833	0.00906	0.00668	0.00608	0.00966	0.00894	0.01264	0.01611	0.02683	0.01619	0.26300	0.55879	0.00813	0.01248	0.00677	0.00318	0.00463
10	0.76979	0.01099	0.00914	0.07284	0.01344	0.01282	0.00701	0.01663	0.00988	0.02474	0.00815	0.00979	0.00631	0.00534	0.00372	0.00178	0.00469	0.00326	0.00346	0.00621
11	0.00957	0.00617	0.00812	0.00745	0.00905	0.00565	0.00565	0.01223	0.01621	0.08545	0.69832	0.04077	0.05063	0.01131	0.00666	0.00180	0.00288	0.00996	0.00636	0.00576
12	0.00832	0.00555	0.00624	0.00624	0.00624	0.00555	0.00347	0.00832	0.00832	0.01109	0.01802	0.03743	0.02080	0.79898	0.02911	0.00555	0.00555	0.00832	0.00347	0.00347
13	0.00832	0.00555	0.00624	0.00624	0.00624	0.00555	0.00347	0.00832	0.00832	0.01109	0.01802	0.03743	0.02080	0.79898	0.02911	0.00555	0.00555	0.00832	0.00347	0.00347
14	0.01529	0.80242	0.02997	0.00979	0.01468	0.02263	0.00979	0.01713	0.01162	0.01346	0.00795	0.00918	0.00734	0.00489	0.00367	0.00122	0.00612	0.00306	0.00245	0.00734
15	0.01529	0.80242	0.02997	0.00979	0.01468	0.02263	0.00979	0.01713	0.01162	0.01346	0.00795	0.00918	0.00734	0.00489	0.00367	0.00122	0.00612	0.00306	0.00245	0.00734
16	0.04103	0.67382	0.02746	0.01039	0.01498	0.12407	0.00985	0.01789	0.01218	0.01390	0.00807	0.00933	0.00731	0.00504	0.00387	0.00127	0.00663	0.00314	0.00255	0.00721
17	0.00838	0.00606	0.00887	0.00887	0.00992	0.00700	0.00689	0.01048	0.00943	0.01395	0.01560	0.02237	0.01433	0.03986	0.71145	0.00853	0.01426	0.00606	0.07258	0.00513
18	0.01597	0.71616	0.02844	0.01034	0.01501	0.10648	0.00993	0.01776	0.01213	0.01352	0.00805	0.00930	0.00734	0.00500	0.00384	0.00125	0.00658	0.00313	0.00250	0.00726
19	0.00817	0.00613	0.00919	0.00919	0.01021	0.00715	0.00715	0.01021	0.00919	0.01328	0.01532	0.02247	0.01430	0.04290	0.77631	0.00919	0.01532	0.00613	0.00306	0.00511
20	0.00697	0.00498	0.00664	0.00796	0.00830	0.00465	0.00531	0.00796	0.01095	0.01460	0.03153	0.79525	0.03783	0.01792	0.00730	0.00232	0.00332	0.01626	0.00531	0.00465
21	0.01350	0.01543	0.03375	0.02411	0.02989	0.01446	0.74253	0.01832	0.01350	0.01832	0.01157	0.01543	0.00868	0.00482	0.00675	0.00193	0.00964	0.00675	0.00289	0.00771
22	0.01251	0.01251	0.01752	0.01502	0.01502	0.01752	0.01251	0.01377	0.00876	0.01377	0.00751	0.01251	0.00751	0.01001	0.01877	0.00250	0.78851	0.00501	0.00250	0.00626
23	0.00697	0.00498	0.00664	0.00796	0.00830	0.00465	0.00531	0.00796	0.01095	0.01460	0.03153	0.79525	0.03783	0.01792	0.00730	0.00232	0.00332	0.01626	0.00531	0.00465
24	0.01374	0.01317	0.02247	0.12730	0.67433	0.01348	0.01735	0.01719	0.01283	0.01819	0.01069	0.01429	0.00888	0.00517	0.00567	0.00172	0.00690	0.00509	0.00280	0.00873
25	0.01147	0.02959	0.76934	0.01630	0.02476	0.01328	0.02113	0.01811	0.01208	0.01811	0.01026	0.01208	0.00725	0.00543	0.00543	0.00181	0.00845	0.00423	0.00242	0.00845

[dist]
# distance from previous block
# <min> <max>
0	1

[block]
# block no. 1 follows, 41 sequences, length 9
# corresponding to MSA columns:
# 90-98
name=unknown_B
#
# <colnr> <probs for GDERKNQSTAVLIFYWHMCP>
#	G	D	E	R	K	N	Q	S	T	A	V	L	I	F	Y	W	H	M	C	P
0	0.01826	0.01289	0.01461	0.05000	0.01654	0.01400	0.00971	0.44249	0.08851	0.09569	0.12465	0.05211	0.01834	0.00808	0.00595	0.00179	0.00543	0.00654	0.00576	0.00866
1	0.57121	0.01125	0.01150	0.00924	0.01335	0.01176	0.07280	0.01639	0.01057	0.02336	0.00881	0.01045	0.00695	0.00501	0.00399	0.00157	0.00485	0.00350	0.00345	0.20000
2	0.01324	0.01086	0.01226	0.00969	0.01398	0.01002	0.00765	0.04356	0.25277	0.04515	0.01564	0.04089	0.01257	0.00600	0.00495	0.00131	0.00439	0.00494	0.00444	0.48569
3	0.01938	0.01225	0.01403	0.01138	0.01500	0.01286	0.00913	0.42861	0.02114	0.18996	0.01952	0.18508	0.01681	0.00932	0.00607	0.00186	0.00534	0.00770	0.00593	0.00862
4	0.01147	0.02959	0.76934	0.01630	0.02476	0.01328	0.02113	0.01811	0.01208	0.01811	0.01026	0.01208	0.00725	0.00543	0.00543	0.00181	0.00845	0.00423	0.00242	0.00845
5	0.00740	0.00498	0.00676	0.00789	0.00817	0.00469	0.00526	0.00789	0.01044	0.01392	0.02838	0.68198	0.03377	0.01820	0.00949	0.12336	0.00356	0.01462	0.00490	0.00433
6	0.00741	0.00582	0.00670	0.00648	0.00813	0.00511	0.00486	0.00947	0.01458	0.01911	0.40083	0.04903	0.41581	0.01312	0.00675	0.00187	0.00280	0.01123	0.00579	0.00511
7	0.01659	0.01053	0.01265	0.00967	0.01404	0.00927	0.00778	0.13692	0.01533	0.21414	0.01555	0.06650	0.01230	0.00767	0.03225	0.00162	0.00507	0.00524	0.00484	0.40205
8	0.01950	0.08497	0.01620	0.01202	0.01597	0.12590	0.00978	0.28110	0.18068	0.13912	0.01764	0.01696	0.04036	0.00707	0.00552	0.00170	0.00613	0.00540	0.00524	0.00873

[dist]
# distance from previous block
# <min> <max>
10	34

[block]
# block no. 2 follows, 41 sequences, length 33
# corresponding to MSA columns:
# 138-170
name=unknown_C
#
# <colnr> <probs for GDERKNQSTAVLIFYWHMCP>
#	G	D	E	R	K	N	Q	S	T	A	V	L	I	F	Y	W	H	M	C	P
0	0.04064	0.01011	0.05462	0.02938	0.06505	0.00947	0.05853	0.12444	0.01372	0.01927	0.02173	0.41077	0.02358	0.01210	0.00690	0.00205	0.03398	0.01072	0.02413	0.02879
1	0.01176	0.09261	0.03282	0.07003	0.01367	0.00963	0.00803	0.04080	0.05596	0.08668	0.35584	0.04508	0.05847	0.01025	0.02720	0.00194	0.02507	0.00782	0.00515	0.04119
2	0.00901	0.00766	0.00774	0.00740	0.00936	0.03364	0.00553	0.05062	0.08320	0.01750	0.09693	0.09262	0.46724	0.05787	0.02606	0.00229	0.00395	0.01067	0.00521	0.00551
3	0.01480	0.01164	0.01411	0.01101	0.03530	0.01048	0.03557	0.20000	0.01591	0.05407	0.01281	0.05498	0.01063	0.00580	0.00497	0.00125	0.00501	0.00480	0.00420	0.49266
4	0.04948	0.01453	0.06644	0.01195	0.01615	0.04564	0.01018	0.27804	0.20399	0.17328	0.05735	0.01790	0.01451	0.00719	0.00568	0.00179	0.00563	0.00568	0.00562	0.00898
5	0.01588	0.01202	0.01327	0.01097	0.01492	0.01258	0.00871	0.11817	0.41599	0.10342	0.01905	0.01805	0.01411	0.00679	0.00545	0.00165	0.00472	0.00553	0.00540	0.19330
6	0.55716	0.01195	0.01095	0.04155	0.01392	0.01358	0.00777	0.15415	0.05772	0.06844	0.01086	0.01166	0.00803	0.00586	0.00430	0.00178	0.00494	0.00391	0.00424	0.00723
7	0.00676	0.00579	0.00579	0.00579	0.00773	0.00483	0.00435	0.00821	0.01304	0.01545	0.05794	0.05505	0.76098	0.01449	0.00676	0.00193	0.00290	0.01207	0.00531	0.00483
8	0.01585	0.01696	0.02159	0.02914	0.53555	0.20084	0.03534	0.01875	0.01368	0.01736	0.01020	0.01319	0.00858	0.00545	0.00601	0.00168	0.03386	0.00479	0.00285	0.00833
9	0.00697	0.00498	0.00664	0.00796	0.00830	0.00465	0.00531	0.00796	0.01095	0.01460	0.03153	0.79525	0.03783	0.01792	0.00730	0.00232	0.00332	0.01626	0.00531	0.00465
10	0.01186	0.01017	0.01186	0.00847	0.01356	0.00762	0.00678	0.01440	0.01186	0.01864	0.01017	0.01186	0.00847	0.00424	0.00424	0.00085	0.00424	0.00339	0.00339	0.83395
11	0.02174	0.01602	0.01717	0.01316	0.01774	0.01774	0.01087	0.74423	0.02689	0.03605	0.01373	0.01373	0.00973	0.00687	0.00572	0.00172	0.00629	0.00515	0.00572	0.00973
12	0.02174	0.01602	0.01717	0.01316	0.01774	0.01774	0.01087	0.74423	0.02689	0.03605	0.01373	0.01373	0.00973	0.00687	0.00572	0.00172	0.00629	0.00515	0.00572	0.00973
13	0.00810	0.00585	0.00765	0.00720	0.00855	0.00540	0.00540	0.01079	0.01619	0.02294	0.76028	0.04273	0.05397	0.01169	0.00675	0.00180	0.00270	0.01034	0.00630	0.00540
14	0.00832	0.00555	0.00624	0.00624	0.00624	0.00555	0.00347	0.00832	0.00832	0.01109	0.01802	0.03743	0.02080	0.79898	0.02911	0.00555	0.00555	0.00832	0.00347	0.00347
15	0.02566	0.00973	0.01327	0.01018	0.01460	0.00841	0.00841	0.02788	0.01637	0.76726	0.02257	0.01947	0.01416	0.00708	0.00575	0.00177	0.00487	0.00575	0.00708	0.00973
16	0.02143	0.01587	0.01699	0.01310	0.01762	0.01759	0.01080	0.71444	0.05719	0.03554	0.01413	0.01405	0.01005	0.00690	0.00573	0.00173	0.00622	0.00520	0.00573	0.00970
17	0.01217	0.04974	0.71759	0.01587	0.02406	0.01333	0.02029	0.01850	0.01224	0.04937	0.01072	0.01231	0.00754	0.00549	0.00540	0.00179	0.00824	0.00426	0.00261	0.00848
18	0.00824	0.00551	0.00626	0.00633	0.00635	0.00550	0.00357	0.00830	0.00847	0.01129	0.01878	0.07973	0.02175	0.75538	0.02790	0.00537	0.00542	0.00876	0.00357	0.00353
19	0.01147	0.02959	0.76934	0.01630	0.02476	0.01328	0.02113	0.01811	0.01208	0.01811	0.01026	0.01208	0.00725	0.00543	0.00543	0.00181	0.00845	0.00423	0.00242	0.00845
20	0.01147	0.02959	0.76934	0.01630	0.02476	0.01328	0.02113	0.01811	0.01208	0.01811	0.01026	0.01208	0.00725	0.00543	0.00543	0.00181	0.00845	0.00423	0.00242	0.00845
21	0.01466	0.63296	0.13690	0.01257	0.07042	0.02062	0.01200	0.01730	0.01179	0.01451	0.00849	0.00996	0.00745	0.00499	0.00407	0.00134	0.00651	0.00338	0.00247	0.00763
22	0.00805	0.00585	0.00759	0.00715	0.00852	0.00538	0.00536	0.01071	0.01609	0.02270	0.73765	0.04312	0.07675	0.01178	0.00675	0.00180	0.00270	0.01040	0.00626	0.00538
23	0.83938	0.01106	0.00841	0.00752	0.01106	0.01283	0.00619	0.01681	0.00973	0.02566	0.00796	0.00929	0.00619	0.00531	0.00354	0.00177	0.00442	0.00310	0.00354	0.00619
24	0.00709	0.00506	0.00678	0.00810	0.00849	0.00475	0.00552	0.00817	0.01107	0.01474	0.03146	0.75595	0.03757	0.01781	0.00733	0.00234	0.00342	0.05437	0.00531	0.00468
25	0.00697	0.00498	0.00664	0.00796	0.00830	0.00465	0.00531	0.00796	0.01095	0.01460	0.03153	0.79525	0.03783	0.01792	0.00730	0.00232	0.00332	0.01626	0.00531	0.00465
26	0.02137	0.02726	0.01621	0.01474	0.01768	0.77602	0.01105	0.02284	0.01621	0.01400	0.00884	0.01031	0.00737	0.00589	0.00516	0.00147	0.01031	0.00368	0.00295	0.00663
27	0.01416	0.01359	0.02322	0.03511	0.76330	0.01359	0.01755	0.01755	0.01302	0.01869	0.01076	0.01416	0.00906	0.00510	0.00566	0.00170	0.00680	0.00510	0.00283	0.00906
28	0.02566	0.00973	0.01327	0.01018	0.01460	0.00841	0.00841	0.02788	0.01637	0.76726	0.02257	0.01947	0.01416	0.00708	0.00575	0.00177	0.00487	0.00575	0.00708	0.00973
29	0.02566	0.00973	0.01327	0.01018	0.01460	0.00841	0.00841	0.02788	0.01637	0.76726	0.02257	0.01947	0.01416	0.00708	0.00575	0.00177	0.00487	0.00575	0.00708	0.00973
30	0.01186	0.01017	0.01186	0.00847	0.01356	0.00762	0.00678	0.01440	0.01186	0.01864	0.01017	0.01186	0.00847	0.00424	0.00424	0.00085	0.00424	0.00339	0.00339	0.83395
31	0.00788	0.00584	0.00735	0.00697	0.00841	0.00530	0.00523	0.01038	0.01568	0.02173	0.64654	0.04472	0.16847	0.01215	0.00675	0.00182	0.00273	0.01062	0.00614	0.00530
32	0.02073	0.01548	0.01716	0.08488	0.01975	0.01727	0.01134	0.67645	0.02546	0.03406	0.01340	0.01387	0.00953	0.00676	0.00572	0.00173	0.00642	0.00514	0.00543	0.00941

[dist]
# distance from previous block
# <min> <max>
0	2

[block]
# block no. 3 follows, 41 sequences, length 38
# corresponding to MSA columns:
# 173-210
name=unknown_D
#
# <colnr> <probs for GDERKNQSTAVLIFYWHMCP>
#	G	D	E	R	K	N	Q	S	T	A	V	L	I	F	Y	W	H	M	C	P
0	0.01152	0.00980	0.01149	0.00844	0.01318	0.00741	0.00667	0.01395	0.01180	0.01835	0.01168	0.06719	0.01055	0.00520	0.00445	0.00095	0.00417	0.00430	0.00352	0.77537
1	0.01094	0.01011	0.01723	0.68865	0.03657	0.01228	0.05467	0.01473	0.01159	0.01529	0.01084	0.01569	0.00818	0.00574	0.00565	0.00187	0.00738	0.00519	0.06106	0.00636
2	0.00697	0.00498	0.00664	0.00796	0.00830	0.00465	0.00531	0.00796	0.01095	0.01460	0.03153	0.79525	0.03783	0.01792	0.00730	0.00232	0.00332	0.01626	0.00531	0.00465
3	0.01529	0.80242	0.02997	0.00979	0.01468	0.02263	0.00979	0.01713	0.01162	0.01346	0.00795	0.00918	0.00734	0.00489	0.00367	0.00122	0.00612	0.00306	0.00245	0.00734
4	0.00824	0.00562	0.00677	0.00720	0.00746	0.00556	0.00468	0.00882	0.00952	0.01262	0.02217	0.16594	0.02550	0.54731	0.02219	0.00456	0.00514	0.12271	0.00405	0.00394
5	0.01529	0.80242	0.02997	0.00979	0.01468	0.02263	0.00979	0.01713	0.01162	0.01346	0.00795	0.00918	0.00734	0.00489	0.00367	0.00122	0.00612	0.00306	0.00245	0.00734
6	0.01186	0.01017	0.01186	0.00847	0.01356	0.00762	0.00678	0.01440	0.01186	0.01864	0.01017	0.01186	0.00847	0.00424	0.00424	0.00085	0.00424	0.00339	0.00339	0.83395
7	0.01529	0.80242	0.02997	0.00979	0.01468	0.02263	0.00979	0.01713	0.01162	0.01346	0.00795	0.00918	0.00734	0.00489	0.00367	0.00122	0.00612	0.00306	0.00245	0.00734
8	0.00676	0.00579	0.00579	0.00579	0.00773	0.00483	0.00435	0.00821	0.01304	0.01545	0.05794	0.05505	0.76098	0.01449	0.00676	0.00193	0.00290	0.01207	0.00531	0.00483
9	0.00797	0.00584	0.00747	0.00706	0.00847	0.00534	0.00529	0.01054	0.01588	0.02221	0.69185	0.04393	0.12285	0.01197	0.00675	0.00181	0.00272	0.01051	0.00620	0.00534
10	0.02566	0.00973	0.01327	0.01018	0.01460	0.00841	0.00841	0.02788	0.01637	0.76726	0.02257	0.01947	0.01416	0.00708	0.00575	0.00177	0.00487	0.00575	0.00708	0.00973
11	0.05097	0.00978	0.01312	0.01009	0.01449	0.00854	0.00834	0.02753	0.01616	0.74420	0.02211	0.01915	0.01391	0.00702	0.00568	0.00177	0.00485	0.00567	0.00697	0.00962
12	0.00697	0.00498	0.00664	0.00796	0.00830	0.00465	0.00531	0.00796	0.01095	0.01460	0.03153	0.79525	0.03783	0.01792	0.00730	0.00232	0.00332	0.01626	0.00531	0.00465
13	0.01529	0.80242	0.02997	0.00979	0.01468	0.02263	0.00979	0.01713	0.01162	0.01346	0.00795	0.00918	0.00734	0.00489	0.00367	0.00122	0.00612	0.00306	0.00245	0.00734
14	0.01450	0.64240	0.18306	0.01114	0.01677	0.02070	0.01214	0.01733	0.01172	0.01442	0.00843	0.00978	0.00732	0.00501	0.00404	0.00135	0.00660	0.00330	0.00244	0.00757
15	0.01529	0.80242	0.02997	0.00979	0.01468	0.02263	0.00979	0.01713	0.01162	0.01346	0.00795	0.00918	0.00734	0.00489	0.00367	0.00122	0.00612	0.00306	0.00245	0.00734
16	0.00832	0.00555	0.00624	0.00624	0.00624	0.00555	0.00347	0.00832	0.00832	0.01109	0.01802	0.03743	0.02080	0.79898	0.02911	0.00555	0.00555	0.00832	0.00347	0.00347
17	0.01572	0.74767	0.02900	0.01014	0.01489	0.07584	0.00988	0.01753	0.01195	0.01350	0.00801	0.00926	0.00734	0.00496	0.00378	0.00124	0.00641	0.00310	0.00248	0.00729
18	0.00831	0.00559	0.00647	0.00647	0.00655	0.00567	0.00375	0.00847	0.00839	0.01126	0.01781	0.03627	0.02029	0.74019	0.08722	0.00583	0.00631	0.00815	0.00343	0.00359
19	0.07350	0.56712	0.08800	0.01166	0.04320	0.07717	0.01095	0.01751	0.01182	0.01495	0.00830	0.00981	0.00732	0.00523	0.00453	0.00139	0.03428	0.00335	0.00258	0.00732
20	0.01796	0.46143	0.02392	0.01196	0.01600	0.35405	0.01034	0.01964	0.01364	0.01370	0.00834	0.00968	0.00735	0.00533	0.00432	0.00133	0.00796	0.00333	0.00267	0.00703
21	0.01186	0.01017	0.01186	0.00847	0.01356	0.00762	0.00678	0.01440	0.01186	0.01864	0.01017	0.01186	0.00847	0.00424	0.00424	0.00085	0.00424	0.00339	0.00339	0.83395
22	0.01505	0.59813	0.17391	0.01129	0.01679	0.05369	0.01203	0.01783	0.01203	0.03210	0.00879	0.01004	0.00748	0.00510	0.00413	0.00136	0.00673	0.00338	0.00257	0.00758
23	0.02137	0.02726	0.01621	0.01474	0.01768	0.77602	0.01105	0.02284	0.01621	0.01400	0.00884	0.01031	0.00737	0.00589	0.00516	0.00147	0.01031	0.00368	0.00295	0.00663
24	0.00771	0.00605	0.00877	0.00899	0.01011	0.00561	0.05763	0.00934	0.01207	0.01594	0.09629	0.50627	0.13366	0.01580	0.00720	0.00223	0.00384	0.08225	0.00522	0.00501
25	0.00697	0.00498	0.00664	0.00796	0.00830	0.00465	0.00531	0.00796	0.01095	0.01460	0.03153	0.79525	0.03783	0.01792	0.00730	0.00232	0.00332	0.01626	0.00531	0.00465
26	0.01221	0.17857	0.62682	0.01505	0.02281	0.01509	0.01895	0.01792	0.01199	0.01722	0.00982	0.01152	0.00726	0.00533	0.00509	0.00170	0.00800	0.00400	0.00242	0.00824
27	0.01515	0.77383	0.05733	0.01003	0.01505	0.02229	0.01021	0.01716	0.01164	0.01363	0.00804	0.00928	0.00734	0.00491	0.00374	0.00125	0.00620	0.00310	0.00245	0.00738
28	0.01529	0.80242	0.02997	0.00979	0.01468	0.02263	0.00979	0.01713	0.01162	0.01346	0.00795	0.00918	0.00734	0.00489	0.00367	0.00122	0.00612	0.00306	0.00245	0.00734
29	0.00832	0.00555	0.00624	0.00624	0.00624	0.00555	0.00347	0.00832	0.00832	0.01109	0.01802	0.03743	0.02080	0.79898	0.02911	0.00555	0.00555	0.00832	0.00347	0.00347
30	0.00687	0.00580	0.00595	0.00591	0.00779	0.00488	0.00443	0.00842	0.01330	0.01607	0.11635	0.05402	0.70219	0.01425	0.00676	0.00192	0.00288	0.01193	0.00539	0.00488
31	0.00769	0.00523	0.00683	0.00788	0.00850	0.00481	0.00535	0.00877	0.01133	0.04422	0.03328	0.70587	0.09447	0.01722	0.00720	0.00227	0.00335	0.01551	0.00538	0.00486
32	0.01311	0.01414	0.02888	0.16836	0.15473	0.01399	0.48492	0.01750	0.01303	0.01769	0.01117	0.01518	0.00855	0.00504	0.00637	0.00189	0.00879	0.00616	0.00282	0.00769
33	0.02566	0.00973	0.01327	0.01018	0.01460	0.00841	0.00841	0.02788	0.01637	0.76726	0.02257	0.01947	0.01416	0.00708	0.00575	0.00177	0.00487	0.00575	0.00708	0.00973
34	0.02113	0.02624	0.01613	0.01456	0.01759	0.71609	0.01097	0.05442	0.04280	0.01531	0.00957	0.01085	0.00783	0.00600	0.00521	0.00150	0.00994	0.00385	0.00317	0.00685
35	0.01481	0.14504	0.03827	0.07239	0.46319	0.05683	0.02997	0.05017	0.04252	0.01827	0.01078	0.01344	0.00891	0.00533	0.00534	0.00164	0.00691	0.00475	0.00299	0.00847
36	0.04987	0.01013	0.01174	0.00890	0.01336	0.00850	0.00709	0.05583	0.04200	0.08968	0.03973	0.05674	0.01254	0.00584	0.00475	0.00118	0.00432	0.00476	0.00417	0.56890
37	0.04465	0.01335	0.04254	0.01225	0.03641	0.06671	0.00974	0.08155	0.41575	0.08158	0.02196	0.02396	0.04375	0.00822	0.00588	0.00192	0.00532	0.07074	0.00534	0.00837

[dist]
# distance from previous block
# <min> <max>
9	21

[block]
# block no. 4 follows, 41 sequences, length 6
# corresponding to MSA columns:
# 232-237
name=unknown_E
#
# <colnr> <probs for GDERKNQSTAVLIFYWHMCP>
#	G	D	E	R	K	N	Q	S	T	A	V	L	I	F	Y	W	H	M	C	P
0	0.01259	0.25525	0.55345	0.01440	0.02181	0.01601	0.01782	0.01783	0.01194	0.01675	0.00959	0.01123	0.00727	0.00528	0.00492	0.00164	0.00777	0.00389	0.00242	0.00813
1	0.18301	0.00624	0.00765	0.00747	0.00820	0.00661	0.00522	0.00941	0.00793	0.01322	0.00952	0.01570	0.00915	0.01683	0.01843	0.66002	0.00485	0.00458	0.00270	0.00326
2	0.01292	0.02756	0.69219	0.01568	0.02372	0.01279	0.01983	0.01911	0.01251	0.09456	0.01152	0.01283	0.00795	0.00560	0.00547	0.00181	0.00809	0.00438	0.00289	0.00858
3	0.18724	0.63730	0.02547	0.00931	0.01393	0.02059	0.00904	0.01706	0.01123	0.01600	0.00795	0.00920	0.00710	0.00498	0.00364	0.00134	0.00576	0.00307	0.00267	0.00710
4	0.00898	0.00776	0.04765	0.00851	0.01039	0.00677	0.00704	0.01310	0.08292	0.02202	0.55902	0.04203	0.04548	0.01155	0.00674	0.00192	0.00350	0.10285	0.00592	0.00587
5	0.05693	0.48842	0.25031	0.01294	0.05643	0.01885	0.01341	0.01743	0.01173	0.01576	0.00879	0.01031	0.00734	0.00509	0.00430	0.00145	0.00677	0.00352	0.00251	0.00770

[dist]
# distance from previous block
# <min> <max>
2	12

[block]
# block no. 5 follows, 41 sequences, length 8
# corresponding to MSA columns:
# 250-257
name=unknown_F
#
# <colnr> <probs for GDERKNQSTAVLIFYWHMCP>
#	G	D	E	R	K	N	Q	S	T	A	V	L	I	F	Y	W	H	M	C	P
0	0.14426	0.46922	0.07781	0.01160	0.01644	0.04947	0.08156	0.01827	0.05518	0.01681	0.00941	0.01077	0.00788	0.00520	0.00426	0.00147	0.00644	0.00373	0.00288	0.00735
1	0.04568	0.47226	0.04393	0.08689	0.05591	0.07687	0.01077	0.01665	0.01172	0.01466	0.00927	0.01161	0.00814	0.00821	0.06443	0.00202	0.02683	0.00379	0.02334	0.00702
2	0.01020	0.00679	0.00948	0.06634	0.01182	0.00756	0.00710	0.01212	0.01040	0.07285	0.05174	0.02456	0.01650	0.15399	0.38323	0.00598	0.04364	0.00645	0.09386	0.00538
3	0.13042	0.56367	0.02478	0.01018	0.01468	0.08952	0.00949	0.07178	0.01292	0.01688	0.00847	0.00963	0.00736	0.00519	0.00394	0.00136	0.00628	0.00328	0.00289	0.00729
4	0.01991	0.01474	0.01606	0.04217	0.01761	0.01617	0.01039	0.61159	0.04870	0.03305	0.01401	0.01439	0.01013	0.00670	0.00555	0.00166	0.00597	0.00511	0.05383	0.05226
5	0.01890	0.07980	0.20579	0.01271	0.01809	0.01145	0.06854	0.02319	0.05537	0.38567	0.05003	0.01759	0.01338	0.00655	0.00563	0.00176	0.00613	0.00547	0.00510	0.00883
6	0.75996	0.01093	0.00888	0.00778	0.01141	0.01240	0.00641	0.01789	0.01038	0.09805	0.00939	0.01029	0.00697	0.00548	0.00376	0.00177	0.00447	0.00336	0.00389	0.00654
7	0.17326	0.01143	0.01195	0.00978	0.01337	0.01182	0.00772	0.24354	0.07327	0.02485	0.01479	0.10000	0.01324	0.06625	0.00688	0.00189	0.00494	0.00589	0.00455	0.20058

[dist]
# distance from previous block
# <min> <max>
5	15

[block]
# block no. 6 follows, 41 sequences, length 84
# corresponding to MSA columns:
# 273-356
name=unknown_G
#
# <colnr> <probs for GDERKNQSTAVLIFYWHMCP>
#	G	D	E	R	K	N	Q	S	T	A	V	L	I	F	Y	W	H	M	C	P
0	0.62589	0.01316	0.06267	0.12337	0.01728	0.01358	0.00932	0.01778	0.02770	0.02456	0.01023	0.01261	0.00810	0.00636	0.00467	0.00205	0.00565	0.00402	0.00383	0.00716
1	0.09084	0.01203	0.01504	0.12815	0.04028	0.03156	0.01058	0.04286	0.07293	0.37248	0.01811	0.01852	0.01280	0.00768	0.00703	0.00206	0.06352	0.00567	0.00564	0.04221
2	0.09533	0.05500	0.01117	0.08417	0.01402	0.00906	0.00791	0.01355	0.02739	0.04206	0.17009	0.11443	0.17537	0.01209	0.00677	0.00218	0.00469	0.10884	0.00529	0.04059
3	0.07496	0.01967	0.31778	0.14503	0.12011	0.01327	0.06893	0.01967	0.01350	0.12754	0.01340	0.01589	0.00991	0.00655	0.00610	0.00206	0.00778	0.00526	0.00377	0.00882
4	0.01669	0.15745	0.30205	0.03908	0.10649	0.23896	0.01600	0.02004	0.01416	0.01733	0.01090	0.01332	0.00886	0.00637	0.00568	0.00186	0.00879	0.00445	0.00312	0.00841
5	0.01317	0.04823	0.01459	0.03106	0.01356	0.06644	0.00947	0.02890	0.01069	0.01468	0.01355	0.04313	0.01429	0.28521	0.02014	0.00363	0.35293	0.00671	0.00350	0.00611
6	0.00932	0.00667	0.00828	0.00920	0.00988	0.00627	0.00630	0.04162	0.01249	0.01678	0.03073	0.65564	0.03590	0.06758	0.00920	0.00276	0.00421	0.05595	0.00564	0.00558
7	0.00978	0.00661	0.00730	0.00724	0.00738	0.00641	0.00414	0.00940	0.00926	0.01249	0.01924	0.03879	0.02184	0.78235	0.02918	0.00572	0.00600	0.00869	0.00393	0.00425
8	0.01189	0.00679	0.00929	0.00951	0.01030	0.00649	0.00706	0.01103	0.01077	0.05698	0.01914	0.07480	0.01965	0.01846	0.01660	0.48127	0.00543	0.21570	0.00420	0.00463
9	0.01561	0.19121	0.40432	0.01590	0.02254	0.06731	0.07665	0.09796	0.01484	0.02006	0.01155	0.01372	0.00901	0.00638	0.00577	0.00192	0.00834	0.00471	0.00335	0.00884
10	0.01281	0.02873	0.70986	0.01646	0.02446	0.01352	0.02044	0.01871	0.01293	0.01954	0.01213	0.01453	0.00901	0.00643	0.00594	0.00204	0.00852	0.00475	0.05025	0.00895
11	0.01286	0.03012	0.75353	0.01709	0.02549	0.01398	0.02142	0.01898	0.01293	0.01935	0.01165	0.01400	0.00859	0.00636	0.00603	0.00206	0.00885	0.00468	0.00291	0.00912
12	0.01555	0.01320	0.01385	0.01253	0.01583	0.01490	0.00961	0.03099	0.73743	0.02504	0.02438	0.02306	0.01858	0.00864	0.00640	0.00219	0.00501	0.00688	0.00624	0.00971
13	0.01534	0.01433	0.02365	0.06751	0.71678	0.01424	0.01785	0.01831	0.01379	0.01974	0.01211	0.01608	0.01030	0.00606	0.00625	0.00196	0.00726	0.00553	0.00330	0.00960
14	0.02247	0.01664	0.01775	0.01393	0.01846	0.01813	0.01128	0.68824	0.06892	0.03620	0.01559	0.01605	0.01146	0.00781	0.00631	0.00198	0.00663	0.00566	0.00615	0.01033
15	0.01220	0.01113	0.01798	0.76901	0.03981	0.01341	0.01629	0.01556	0.01231	0.01593	0.01156	0.01710	0.00896	0.00664	0.00630	0.00216	0.00804	0.00552	0.00303	0.00707
16	0.00978	0.00661	0.00730	0.00724	0.00738	0.00641	0.00414	0.00940	0.00926	0.01249	0.01924	0.03879	0.02184	0.78235	0.02918	0.00572	0.00600	0.00869	0.00393	0.00425
17	0.01555	0.01320	0.01385	0.01253	0.01583	0.01490	0.00961	0.03099	0.73743	0.02504	0.02438	0.02306	0.01858	0.00864	0.00640	0.00219	0.00501	0.00688	0.00624	0.00971
18	0.01353	0.07670	0.67580	0.01662	0.02457	0.04802	0.02029	0.01913	0.01309	0.01889	0.01145	0.01375	0.00860	0.00635	0.00591	0.00201	0.00879	0.00459	0.00293	0.00898
19	0.00963	0.00718	0.01019	0.01013	0.01127	0.00798	0.00774	0.01126	0.01011	0.01463	0.01660	0.02416	0.01549	0.04300	0.75985	0.00928	0.01556	0.00654	0.00354	0.00585
20	0.02290	0.01685	0.01799	0.01401	0.01863	0.01833	0.01138	0.72903	0.02742	0.03689	0.01504	0.01562	0.01102	0.00776	0.00631	0.00197	0.00674	0.00559	0.00614	0.01037
21	0.00966	0.00706	0.00899	0.01003	0.01127	0.00662	0.00795	0.01123	0.01336	0.01743	0.03566	0.26843	0.14252	0.01690	0.00810	0.00268	0.00484	0.40579	0.00571	0.00577
22	0.01555	0.01320	0.01385	0.01253	0.01583	0.01490	0.00961	0.03099	0.73743	0.02504	0.02438	0.02306	0.01858	0.00864	0.00640	0.00219	0.00501	0.00688	0.00624	0.00971
23	0.02290	0.01685	0.01799	0.01401	0.01863	0.01833	0.01138	0.72903	0.02742	0.03689	0.01504	0.01562	0.01102	0.00776	0.00631	0.00197	0.00674	0.00559	0.00614	0.01037
24	0.02290	0.01685	0.01799	0.01401	0.01863	0.01833	0.01138	0.72903	0.02742	0.03689	0.01504	0.01562	0.01102	0.00776	0.00631	0.00197	0.00674	0.00559	0.00614	0.01037
25	0.00952	0.00690	0.00863	0.00814	0.00962	0.00625	0.00600	0.01176	0.01688	0.02388	0.72756	0.04428	0.07192	0.01255	0.00731	0.00205	0.00322	0.01071	0.00668	0.00612
26	0.01056	0.00759	0.01008	0.01126	0.01271	0.00735	0.00957	0.01271	0.01399	0.01831	0.03233	0.06491	0.06257	0.01645	0.00839	0.00284	0.00564	0.68105	0.00570	0.00599
27	0.01220	0.01113	0.01798	0.76901	0.03981	0.01341	0.01629	0.01556	0.01231	0.01593	0.01156	0.01710	0.00896	0.00664	0.00630	0.00216	0.00804	0.00552	0.00303	0.00707
28	0.01220	0.01113	0.01798	0.76901	0.03981	0.01341	0.01629	0.01556	0.01231	0.01593	0.01156	0.01710	0.00896	0.00664	0.00630	0.00216	0.00804	0.00552	0.00303	0.00707
29	0.02254	0.02785	0.01705	0.01555	0.01857	0.75984	0.01156	0.02360	0.01697	0.01533	0.01026	0.01228	0.00871	0.00681	0.00575	0.00173	0.01067	0.00415	0.00343	0.00734
30	0.01319	0.02966	0.73614	0.01694	0.02526	0.01386	0.02113	0.01921	0.01303	0.03659	0.01194	0.01417	0.00875	0.00640	0.00603	0.00206	0.00876	0.00472	0.00301	0.00915
31	0.01467	0.01600	0.03349	0.02429	0.02994	0.01487	0.70724	0.01891	0.01426	0.01946	0.01346	0.03803	0.01077	0.00611	0.00733	0.00219	0.00984	0.00741	0.00344	0.00832
32	0.00846	0.00605	0.00769	0.00893	0.00940	0.00553	0.00595	0.00906	0.01183	0.01592	0.03244	0.77984	0.03850	0.01857	0.00785	0.00256	0.00383	0.01645	0.00574	0.00540
33	0.01610	0.01347	0.01416	0.01264	0.01603	0.01515	0.00974	0.08244	0.68510	0.02591	0.02369	0.02251	0.01802	0.00857	0.00640	0.00217	0.00513	0.00678	0.00623	0.00976
34	0.00846	0.00605	0.00769	0.00893	0.00940	0.00553	0.00595	0.00906	0.01183	0.01592	0.03244	0.77984	0.03850	0.01857	0.00785	0.00256	0.00383	0.01645	0.00574	0.00540
35	0.01165	0.01039	0.01396	0.01299	0.01327	0.01294	0.01009	0.01240	0.01057	0.01544	0.01861	0.32914	0.02104	0.01402	0.01446	0.00267	0.45595	0.00997	0.00412	0.00633
36	0.01660	0.78586	0.03051	0.01071	0.01564	0.02312	0.01032	0.01802	0.01249	0.01480	0.00939	0.01116	0.00868	0.00583	0.00430	0.00149	0.00656	0.00354	0.00294	0.00804
37	0.01407	0.27590	0.51839	0.01501	0.02229	0.01695	0.01781	0.01867	0.01279	0.01787	0.01092	0.01308	0.00862	0.00619	0.00546	0.00188	0.00810	0.00431	0.00292	0.00877
38	0.01220	0.01113	0.01798	0.76901	0.03981	0.01341	0.01629	0.01556	0.01231	0.01593	0.01156	0.01710	0.00896	0.00664	0.00630	0.00216	0.00804	0.00552	0.00303	0.00707
39	0.00978	0.00661	0.00730	0.00724	0.00738	0.00641	0.00414	0.00940	0.00926	0.01249	0.01924	0.03879	0.02184	0.78235	0.02918	0.00572	0.00600	0.00869	0.00393	0.00425
40	0.01308	0.07429	0.71127	0.01671	0.02492	0.01451	0.02077	0.01893	0.01291	0.01909	0.01152	0.01383	0.00859	0.00633	0.00592	0.00203	0.00871	0.00462	0.00291	0.00906
41	0.01524	0.01538	0.06676	0.04987	0.66633	0.01427	0.04170	0.01843	0.01379	0.01978	0.01212	0.01598	0.01022	0.00605	0.00627	0.00197	0.00743	0.00554	0.00329	0.00958
42	0.00832	0.00555	0.00624	0.00624	0.00624	0.00555	0.00347	0.00832	0.00832	0.01109	0.01802	0.03743	0.02080	0.79898	0.02911	0.00555	0.00555	0.00832	0.00347	0.00347
43	0.00820	0.00601	0.00860	0.00860	0.00941	0.00683	0.00641	0.00983	0.00902	0.01284	0.01586	0.02548	0.01561	0.19494	0.62605	0.00846	0.01336	0.00657	0.00314	0.00478
44	0.01215	0.02759	0.67940	0.01742	0.06679	0.01318	0.04275	0.01841	0.01231	0.04256	0.01073	0.01254	0.00762	0.00545	0.00550	0.00181	0.00828	0.00440	0.00261	0.00851
45	0.01350	0.01543	0.03375	0.02411	0.02989	0.01446	0.74253	0.01832	0.01350	0.01832	0.01157	0.01543	0.00868	0.00482	0.00675	0.00193	0.00964	0.00675	0.00289	0.00771
46	0.00823	0.00589	0.00800	0.00800	0.00862	0.00650	0.00567	0.00945	0.00884	0.01240	0.01641	0.02849	0.01691	0.34690	0.47589	0.00773	0.01139	0.00701	0.00323	0.00445
47	0.01529	0.80242	0.02997	0.00979	0.01468	0.02263	0.00979	0.01713	0.01162	0.01346	0.00795	0.00918	0.00734	0.00489	0.00367	0.00122	0.00612	0.00306	0.00245	0.00734
48	0.01496	0.73549	0.09400	0.01035	0.01555	0.02182	0.01077	0.01721	0.01166	0.01386	0.00815	0.00943	0.00733	0.00494	0.00382	0.00127	0.00632	0.00316	0.00244	0.00744
49	0.01483	0.75148	0.02855	0.00962	0.01429	0.02153	0.00951	0.01672	0.01191	0.01406	0.05606	0.01132	0.01032	0.00533	0.00387	0.00126	0.00590	0.00352	0.00269	0.00722
50	0.01147	0.02959	0.76934	0.01630	0.02476	0.01328	0.02113	0.01811	0.01208	0.01811	0.01026	0.01208	0.00725	0.00543	0.00543	0.00181	0.00845	0.00423	0.00242	0.00845
51	0.00676	0.00579	0.00579	0.00579	0.00773	0.00483	0.00435	0.00821	0.01304	0.01545	0.05794	0.05505	0.76098	0.01449	0.00676	0.00193	0.00290	0.01207	0.00531	0.00483
52	0.83938	0.01106	0.00841	0.00752	0.01106	0.01283	0.00619	0.01681	0.00973	0.02566	0.00796	0.00929	0.00619	0.00531	0.00354	0.00177	0.00442	0.00310	0.00354	0.00619
53	0.02519	0.00975	0.01323	0.01012	0.01457	0.00838	0.00835	0.02741	0.01622	0.74136	0.02214	0.01921	0.01396	0.00698	0.00570	0.00174	0.00485	0.00567	0.00695	0.03825
54	0.00697	0.00498	0.00664	0.00796	0.00830	0.00465	0.00531	0.00796	0.01095	0.01460	0.03153	0.79525	0.03783	0.01792	0.00730	0.00232	0.00332	0.01626	0.00531	0.00465
55	0.01529	0.80242	0.02997	0.00979	0.01468	0.02263	0.00979	0.01713	0.01162	0.01346	0.00795	0.00918	0.00734	0.00489	0.00367	0.00122	0.00612	0.00306	0.00245	0.00734
56	0.02123	0.04521	0.01653	0.01462	0.01761	0.75857	0.01102	0.02271	0.01610	0.01399	0.00882	0.01029	0.00737	0.00587	0.00512	0.00147	0.01022	0.00367	0.00294	0.00665
57	0.02338	0.00957	0.01276	0.01002	0.01410	0.00853	0.00819	0.02656	0.06517	0.65354	0.08650	0.02161	0.01783	0.00752	0.00584	0.00178	0.00466	0.00620	0.00693	0.00931
58	0.01147	0.02959	0.76934	0.01630	0.02476	0.01328	0.02113	0.01811	0.01208	0.01811	0.01026	0.01208	0.00725	0.00543	0.00543	0.00181	0.00845	0.00423	0.00242	0.00845
59	0.00699	0.00500	0.00666	0.00795	0.00830	0.00466	0.00531	0.00803	0.01107	0.01479	0.04765	0.77860	0.03819	0.01778	0.00729	0.00231	0.00330	0.01613	0.00533	0.00466
60	0.01147	0.02959	0.76934	0.01630	0.02476	0.01328	0.02113	0.01811	0.01208	0.01811	0.01026	0.01208	0.00725	0.00543	0.00543	0.00181	0.00845	0.00423	0.00242	0.00845
61	0.83938	0.01106	0.00841	0.00752	0.01106	0.01283	0.00619	0.01681	0.00973	0.02566	0.00796	0.00929	0.00619	0.00531	0.00354	0.00177	0.00442	0.00310	0.00354	0.00619
62	0.01629	0.01171	0.01303	0.01072	0.01362	0.01284	0.00838	0.41129	0.04976	0.04246	0.01563	0.02103	0.01344	0.19490	0.11983	0.00366	0.00722	0.00609	0.02058	0.00752
63	0.00679	0.00580	0.00584	0.00583	0.00775	0.00484	0.00437	0.00827	0.01311	0.01563	0.07506	0.05475	0.74375	0.01442	0.00676	0.00193	0.00289	0.01203	0.00534	0.00484
64	0.01338	0.01787	0.15151	0.02123	0.02678	0.04693	0.50868	0.01797	0.01290	0.01769	0.01083	0.01431	0.00827	0.00544	0.00753	0.00192	0.08207	0.00597	0.00279	0.02593
65	0.01197	0.00802	0.00992	0.00822	0.01106	0.00711	0.00643	0.06341	0.01583	0.11083	0.42628	0.03097	0.05307	0.00912	0.00596	0.00157	0.00357	0.00784	0.00563	0.20320
66	0.01553	0.77168	0.02943	0.00998	0.01480	0.05251	0.00984	0.01735	0.01180	0.01348	0.00799	0.00922	0.00734	0.00493	0.00373	0.00123	0.00628	0.00308	0.00247	0.00731
67	0.02171	0.01699	0.01708	0.01330	0.01773	0.08341	0.01089	0.68175	0.02597	0.03414	0.01331	0.01344	0.00952	0.00678	0.00567	0.00170	0.00664	0.00502	0.00548	0.00946
68	0.05247	0.01775	0.01416	0.01211	0.01548	0.31781	0.00946	0.16911	0.07014	0.14050	0.05734	0.01669	0.03205	0.00697	0.00543	0.00164	0.00703	0.00515	0.04099	0.00774
69	0.01080	0.01017	0.01716	0.78523	0.03940	0.01271	0.01589	0.01461	0.01144	0.01461	0.01017	0.01525	0.00762	0.00572	0.00572	0.00191	0.00762	0.00508	0.00254	0.00635
70	0.00697	0.00498	0.00664	0.00796	0.00830	0.00465	0.00531	0.00796	0.01095	0.01460	0.03153	0.79525	0.03783	0.01792	0.00730	0.00232	0.00332	0.01626	0.00531	0.00465
71	0.01270	0.04870	0.34754	0.02028	0.02717	0.01424	0.40931	0.01819	0.01283	0.01807	0.01089	0.01378	0.00802	0.00509	0.00608	0.00185	0.00901	0.00555	0.00267	0.00802
72	0.03874	0.08939	0.68677	0.01551	0.02352	0.01400	0.01976	0.01799	0.01196	0.01800	0.01001	0.01176	0.00722	0.00539	0.00523	0.00176	0.00814	0.00410	0.00245	0.00829
73	0.00800	0.00584	0.00752	0.00710	0.00849	0.00536	0.00532	0.01061	0.01597	0.02242	0.71149	0.04358	0.10309	0.01189	0.00675	0.00181	0.00271	0.01046	0.00623	0.00536
74	0.00703	0.00518	0.00659	0.00756	0.00823	0.00474	0.00517	0.00824	0.01173	0.01545	0.09774	0.61445	0.15324	0.01685	0.00717	0.00222	0.00320	0.01510	0.00539	0.00474
75	0.02015	0.02445	0.01745	0.01815	0.14509	0.61336	0.01216	0.05274	0.01612	0.01574	0.00938	0.01112	0.00776	0.00580	0.00527	0.00152	0.00954	0.00399	0.00305	0.00718
76	0.01497	0.73662	0.09293	0.01034	0.01554	0.02184	0.01075	0.01721	0.01166	0.01385	0.00815	0.00942	0.00733	0.00494	0.00382	0.00127	0.00632	0.00316	0.00244	0.00744
77	0.00817	0.00613	0.00919	0.00919	0.01021	0.00715	0.00715	0.01021	0.00919	0.01328	0.01532	0.02247	0.01430	0.04290	0.77631	0.00919	0.01532	0.00613	0.00306	0.00511
78	0.00851	0.00648	0.00922	0.00904	0.00979	0.00759	0.00682	0.01010	0.00899	0.01289	0.01528	0.02465	0.01507	0.18711	0.57672	0.00800	0.06928	0.00647	0.00310	0.00487
79	0.01343	0.01290	0.02204	0.05329	0.64480	0.01286	0.04821	0.01677	0.01310	0.01850	0.03600	0.01744	0.05333	0.00584	0.00581	0.00173	0.00660	0.00572	0.00307	0.00857
80	0.01211	0.04039	0.53381	0.01814	0.02548	0.01395	0.20690	0.01797	0.01230	0.01790	0.01044	0.01290	0.00763	0.00545	0.00629	0.00186	0.04089	0.00489	0.00254	0.00815
81	0.01416	0.01359	0.02322	0.03511	0.76330	0.01359	0.01755	0.01755	0.01302	0.01869	0.01076	0.01416	0.00906	0.00510	0.00566	0.00170	0.00680	0.00510	0.00283	0.00906
82	0.02397	0.01164	0.08277	0.01088	0.01555	0.00913	0.00970	0.02656	0.01575	0.67588	0.02098	0.01858	0.01332	0.00702	0.00611	0.00180	0.02875	0.00559	0.00651	0.00951
83	0.01264	0.04020	0.45257	0.02275	0.29061	0.01364	0.01909	0.01840	0.04297	0.01846	0.01093	0.01314	0.00832	0.00540	0.00549	0.00176	0.00764	0.00461	0.00271	0.00867

[dist]
# distance from previous block
# <min> <max>
0	5

[block]
# block no. 7 follows, 41 sequences, length 14
# corresponding to MSA columns:
# 362-375
name=unknown_H
#
# <colnr> <probs for GDERKNQSTAVLIFYWHMCP>
#	G	D	E	R	K	N	Q	S	T	A	V	L	I	F	Y	W	H	M	C	P
0	0.01743	0.33825	0.13653	0.01295	0.01756	0.33795	0.01208	0.03852	0.01402	0.01498	0.00883	0.01021	0.00740	0.00545	0.00462	0.00143	0.00824	0.00355	0.00274	0.00727
1	0.01221	0.00767	0.00864	0.00782	0.00953	0.00845	0.00615	0.12839	0.01372	0.02198	0.01659	0.01962	0.01330	0.01192	0.11129	0.00256	0.06388	0.00539	0.52484	0.00606
2	0.00879	0.00752	0.01233	0.01051	0.01256	0.00695	0.14814	0.01143	0.01428	0.01962	0.39909	0.19743	0.10441	0.01192	0.00687	0.00195	0.00419	0.01105	0.00534	0.00564
3	0.01370	0.01312	0.02239	0.13728	0.66470	0.01347	0.01733	0.01715	0.01281	0.01813	0.01068	0.01431	0.00886	0.00518	0.00567	0.00173	0.00691	0.00509	0.00279	0.00869
4	0.00858	0.00669	0.00836	0.00813	0.01003	0.00563	0.00579	0.01009	0.01125	0.01593	0.02448	0.53673	0.02814	0.01340	0.00629	0.00184	0.00362	0.01201	0.00468	0.27832
5	0.01729	0.32519	0.07922	0.01477	0.09023	0.26768	0.01194	0.07273	0.02802	0.01636	0.00939	0.01088	0.00788	0.00557	0.00496	0.00147	0.02213	0.00380	0.00295	0.00755
6	0.01521	0.18521	0.10950	0.01301	0.01732	0.13676	0.05254	0.02421	0.34694	0.01910	0.01549	0.01555	0.01197	0.00641	0.00526	0.00170	0.00655	0.00505	0.00407	0.00816
7	0.00712	0.00518	0.00675	0.00794	0.00851	0.00481	0.00551	0.00828	0.01132	0.01487	0.03402	0.66793	0.10834	0.01742	0.00729	0.00231	0.00342	0.06896	0.00531	0.00471
8	0.34701	0.02038	0.38687	0.01229	0.01824	0.01319	0.01390	0.01879	0.08393	0.02174	0.01061	0.01186	0.00782	0.00561	0.00470	0.00181	0.00644	0.00399	0.00321	0.00760
9	0.01147	0.00980	0.01142	0.00833	0.01312	0.00740	0.00662	0.01391	0.01189	0.01836	0.01303	0.03876	0.04377	0.00514	0.00445	0.00094	0.00415	0.00419	0.00354	0.76970
10	0.01187	0.00938	0.01417	0.19784	0.20982	0.00995	0.01092	0.05023	0.01202	0.05847	0.01625	0.13064	0.01615	0.21377	0.01201	0.00284	0.00604	0.00754	0.00366	0.00642
11	0.07541	0.10411	0.63827	0.01499	0.02271	0.01417	0.01887	0.01792	0.01185	0.01824	0.00986	0.01158	0.00717	0.00537	0.00512	0.00175	0.00791	0.00403	0.00250	0.00817
12	0.13433	0.36194	0.01732	0.00871	0.01156	0.01389	0.00744	0.01337	0.01107	0.01573	0.01750	0.32752	0.01952	0.01023	0.00512	0.00175	0.00473	0.00841	0.00377	0.00608
13	0.01303	0.01250	0.03469	0.01502	0.01973	0.01116	0.27407	0.09301	0.02837	0.02011	0.01436	0.05809	0.01271	0.00664	0.00587	0.00162	0.00656	0.07641	0.00377	0.29230

[dist]
# distance from previous block
# <min> <max>
6	24

[block]
# block no. 8 follows, 41 sequences, length 27
# corresponding to MSA columns:
# 400-426
name=unknown_I
#
# <colnr> <probs for GDERKNQSTAVLIFYWHMCP>
#	G	D	E	R	K	N	Q	S	T	A	V	L	I	F	Y	W	H	M	C	P
0	0.01650	0.02075	0.42211	0.01522	0.07458	0.01138	0.01587	0.02121	0.01359	0.27247	0.01447	0.01473	0.00978	0.00591	0.00550	0.00174	0.00691	0.00477	0.00408	0.04842
1	0.01637	0.01003	0.01308	0.00974	0.01437	0.00818	0.04199	0.01915	0.02762	0.27111	0.04915	0.01699	0.02725	0.00582	0.00506	0.00129	0.00461	0.00488	0.00482	0.44849
2	0.01448	0.05331	0.15594	0.06045	0.47125	0.01355	0.05021	0.01837	0.01301	0.07836	0.01150	0.01408	0.00899	0.00532	0.00559	0.00172	0.00707	0.00497	0.00307	0.00875
3	0.01128	0.02693	0.66871	0.01640	0.04994	0.01271	0.03787	0.01738	0.01222	0.01795	0.01379	0.01536	0.06226	0.00607	0.00557	0.00182	0.00802	0.00489	0.00265	0.00819
4	0.01380	0.01454	0.07687	0.06868	0.64489	0.01355	0.01739	0.01797	0.04251	0.01866	0.01120	0.01435	0.00920	0.00526	0.00566	0.00173	0.00686	0.00509	0.00291	0.00889
5	0.00994	0.00497	0.00745	0.00745	0.00745	0.00497	0.00497	0.00745	0.00745	0.00994	0.00994	0.01739	0.00994	0.01987	0.02235	0.83358	0.00497	0.00497	0.00248	0.00248
6	0.01529	0.80242	0.02997	0.00979	0.01468	0.02263	0.00979	0.01713	0.01162	0.01346	0.00795	0.00918	0.00734	0.00489	0.00367	0.00122	0.00612	0.00306	0.00245	0.00734
7	0.01066	0.00533	0.00533	0.00533	0.00666	0.00533	0.00400	0.01333	0.01200	0.02132	0.01866	0.02132	0.01466	0.00666	0.00400	0.00133	0.00267	0.00533	0.83073	0.00533
8	0.01137	0.02885	0.74577	0.01602	0.02425	0.01304	0.02065	0.01789	0.01220	0.01826	0.03348	0.01302	0.00869	0.00563	0.00547	0.00181	0.00828	0.00442	0.00254	0.00836
9	0.01910	0.01471	0.01568	0.01263	0.01673	0.01650	0.01023	0.49319	0.28223	0.03179	0.01709	0.01641	0.01245	0.00718	0.00576	0.00180	0.00567	0.00561	0.00576	0.00949
10	0.00676	0.00579	0.00579	0.00579	0.00773	0.00483	0.00435	0.00821	0.01304	0.01545	0.05794	0.05505	0.76098	0.01449	0.00676	0.00193	0.00290	0.01207	0.00531	0.00483
11	0.00864	0.00545	0.00573	0.00593	0.00727	0.00506	0.00430	0.01052	0.01207	0.01786	0.03444	0.15330	0.28092	0.03937	0.00637	0.00185	0.00295	0.00950	0.38350	0.00498
12	0.02021	0.01528	0.01746	0.15108	0.02192	0.01706	0.01195	0.60871	0.02433	0.03253	0.01357	0.01468	0.00982	0.00698	0.00593	0.00184	0.00669	0.00530	0.00531	0.00936
