[name]
unknown

[dist]
# distance from previous block
# <min> <max>
5	169

[block]
# block no. 0 follows, 41 sequences, length 40
# corresponding to MSA columns:
# 193-232
name=unknown_A
#
# <colnr> <probs for GDERKNQSTAVLIFYWHMCP>
#	G	D	E	R	K	N	Q	S	T	A	V	L	I	F	Y	W	H	M	C	P
0	0.05611	0.46222	0.04062	0.00894	0.01262	0.01585	0.00837	0.01493	0.01313	0.01753	0.27060	0.02097	0.02355	0.00730	0.00478	0.00147	0.00490	0.00563	0.00385	0.00663
1	0.45662	0.01196	0.01099	0.00921	0.01303	0.06918	0.00750	0.03699	0.03036	0.28380	0.01361	0.01330	0.00940	0.00606	0.00453	0.00175	0.00507	0.00419	0.00483	0.00761
2	0.14113	0.01296	0.01445	0.01124	0.01561	0.01355	0.00928	0.37246	0.02050	0.30694	0.01619	0.01523	0.01087	0.00672	0.00542	0.00174	0.00549	0.00508	0.00591	0.00922
3	0.43263	0.00971	0.00882	0.00782	0.01027	0.01080	0.00586	0.10284	0.01147	0.03726	0.01248	0.01987	0.01189	0.28255	0.01278	0.00308	0.00505	0.00523	0.00385	0.00575
4	0.83938	0.01106	0.00841	0.00752	0.01106	0.01283	0.00619	0.01681	0.00973	0.02566	0.00796	0.00929	0.00619	0.00531	0.00354	0.00177	0.00442	0.00310	0.00354	0.00619
5	0.49829	0.01051	0.01045	0.00863	0.01255	0.01098	0.00712	0.02145	0.01252	0.33653	0.01409	0.01356	0.00953	0.00605	0.00447	0.00177	0.00461	0.00421	0.00502	0.00768
6	0.01893	0.01462	0.01558	0.01259	0.01667	0.01642	0.01019	0.47707	0.29863	0.03151	0.01731	0.01658	0.01262	0.00720	0.00576	0.00180	0.00563	0.00564	0.00576	0.00948
7	0.01080	0.01017	0.01716	0.78523	0.03940	0.01271	0.01589	0.01461	0.01144	0.01461	0.01017	0.01525	0.00762	0.00572	0.00572	0.00191	0.00762	0.00508	0.00254	0.00635
8	0.01599	0.01002	0.01580	0.51472	0.03074	0.01121	0.01327	0.01924	0.01316	0.27731	0.01449	0.01672	0.00991	0.00619	0.00573	0.00186	0.00666	0.00532	0.00413	0.00753
9	0.00868	0.00679	0.00846	0.00814	0.01013	0.00569	0.00582	0.01021	0.01127	0.01601	0.02407	0.52182	0.02758	0.01314	0.00623	0.00181	0.00364	0.01177	0.00464	0.29410
10	0.01200	0.01091	0.01568	0.51523	0.03084	0.01324	0.01350	0.02012	0.27025	0.01786	0.01474	0.01738	0.01106	0.00643	0.00575	0.00192	0.00654	0.00557	0.00369	0.00730
11	0.01672	0.01751	0.01408	0.01272	0.01585	0.28011	0.00975	0.02776	0.49582	0.02046	0.01824	0.01749	0.01394	0.00711	0.00559	0.00178	0.00655	0.00550	0.00482	0.00821
12	0.02430	0.01193	0.01463	0.01122	0.01570	0.01166	0.00927	0.27790	0.02004	0.51205	0.01948	0.01747	0.01261	0.00701	0.00574	0.00175	0.00537	0.00554	0.00661	0.00973
13	0.00969	0.00836	0.01210	0.01123	0.01189	0.01077	0.00902	0.01145	0.00904	0.01345	0.01259	0.01900	0.01193	0.03142	0.51191	0.00686	0.28519	0.00574	0.00287	0.00551
14	0.01423	0.01229	0.01293	0.01164	0.01487	0.01423	0.00905	0.03039	0.75297	0.02393	0.02328	0.02134	0.01746	0.00776	0.00582	0.00194	0.00453	0.00647	0.00582	0.00905
15	0.01768	0.02129	0.01654	0.28366	0.02526	0.50960	0.01274	0.01997	0.01454	0.01421	0.00930	0.01204	0.00746	0.00583	0.00535	0.00162	0.00938	0.00417	0.00281	0.00653
16	0.01248	0.01030	0.01164	0.01125	0.01382	0.01156	0.00911	0.02392	0.49475	0.02155	0.02573	0.03641	0.02286	0.01057	0.00655	0.00218	0.00479	0.25719	0.00563	0.00773
17	0.01413	0.29011	0.03243	0.01911	0.02458	0.01732	0.48678	0.01791	0.01284	0.01662	0.01031	0.01325	0.00821	0.00485	0.00568	0.00168	0.00841	0.00546	0.00274	0.00758
18	0.00697	0.00498	0.00664	0.00796	0.00830	0.00465	0.00531	0.00796	0.01095	0.01460	0.03153	0.79525	0.03783	0.01792	0.00730	0.00232	0.00332	0.01626	0.00531	0.00465
19	0.01213	0.00883	0.01031	0.00978	0.01159	0.00922	0.00725	0.26494	0.01652	0.02209	0.02532	0.52248	0.02802	0.01406	0.00675	0.00211	0.00436	0.01238	0.00545	0.00642
20	0.01029	0.02130	0.50349	0.01312	0.01910	0.01053	0.01564	0.01556	0.01351	0.01980	0.27204	0.02277	0.02355	0.00762	0.00589	0.00181	0.00644	0.00636	0.00377	0.00739
21	0.00697	0.00498	0.00664	0.00796	0.00830	0.00465	0.00531	0.00796	0.01095	0.01460	0.03153	0.79525	0.03783	0.01792	0.00730	0.00232	0.00332	0.01626	0.00531	0.00465
22	0.30044	0.02312	0.50375	0.01324	0.01998	0.01313	0.01592	0.01766	0.01126	0.02075	0.00946	0.01110	0.00688	0.00539	0.00477	0.00180	0.00705	0.00383	0.00281	0.00766
23	0.01299	0.01240	0.02110	0.29692	0.51064	0.01328	0.01697	0.01653	0.01247	0.01727	0.01055	0.01454	0.00856	0.00531	0.00568	0.00177	0.00708	0.00509	0.00273	0.00812
24	0.01037	0.02120	0.50300	0.01279	0.01829	0.01058	0.01497	0.01470	0.01076	0.01566	0.01297	0.02093	0.01197	0.28241	0.01370	0.00311	0.00744	0.00565	0.00278	0.00671
25	0.01038	0.00790	0.00858	0.00812	0.00925	0.00858	0.00542	0.01602	0.26822	0.01557	0.01986	0.03182	0.01963	0.52282	0.02098	0.00429	0.00519	0.00767	0.00429	0.00542
26	0.01251	0.01251	0.01752	0.01502	0.01502	0.01752	0.01251	0.01377	0.00876	0.01377	0.00751	0.01251	0.00751	0.01001	0.01877	0.00250	0.78851	0.00501	0.00250	0.00626
27	0.00863	0.00591	0.00728	0.00774	0.00820	0.00591	0.00547	0.00955	0.01001	0.01319	0.02230	0.04689	0.02503	0.52563	0.02171	0.00453	0.00545	0.25839	0.00409	0.00409
28	0.01885	0.02249	0.01866	0.02185	0.27793	0.50991	0.01332	0.02100	0.01510	0.01564	0.00951	0.01166	0.00796	0.00562	0.00533	0.00155	0.00909	0.00418	0.00291	0.00748
29	0.01817	0.01224	0.01975	0.02641	0.50198	0.01178	0.01436	0.02116	0.01419	0.27996	0.01488	0.01601	0.01084	0.00579	0.00569	0.00172	0.00612	0.00533	0.00431	0.00930
30	0.00946	0.00754	0.01012	0.00894	0.01138	0.00732	0.00702	0.01168	0.01012	0.01515	0.01352	0.01877	0.01227	0.02940	0.50684	0.00628	0.01145	0.00517	0.00318	0.29440
31	0.00690	0.00526	0.00634	0.00721	0.00810	0.00471	0.00497	0.00805	0.01168	0.01490	0.04075	0.53690	0.29023	0.01672	0.00711	0.00219	0.00317	0.01480	0.00531	0.00471
32	0.00937	0.00521	0.00579	0.00625	0.00723	0.00509	0.00446	0.01146	0.01163	0.01898	0.02315	0.29145	0.02275	0.01059	0.00515	0.00168	0.00289	0.00915	0.54264	0.00509
33	0.00993	0.00855	0.01335	0.51334	0.02782	0.01021	0.01155	0.01242	0.01035	0.01338	0.01291	0.02299	0.01222	0.28259	0.01388	0.00318	0.00690	0.00621	0.00286	0.00535
34	0.01186	0.01017	0.01186	0.00847	0.01356	0.00762	0.00678	0.01440	0.01186	0.01864	0.01017	0.01186	0.00847	0.00424	0.00424	0.00085	0.00424	0.00339	0.00339	0.83395
35	0.01197	0.01136	0.01927	0.52342	0.29206	0.01302	0.01647	0.01564	0.01199	0.01604	0.01037	0.01487	0.00813	0.00550	0.00570	0.00183	0.00734	0.00509	0.00264	0.00730
36	0.01080	0.01017	0.01716	0.78523	0.03940	0.01271	0.01589	0.01461	0.01144	0.01461	0.01017	0.01525	0.00762	0.00572	0.00572	0.00191	0.00762	0.00508	0.00254	0.00635
37	0.00763	0.00583	0.00700	0.00671	0.00826	0.00520	0.00503	0.00989	0.01509	0.02032	0.51515	0.04703	0.30074	0.01267	0.00675	0.00185	0.00277	0.01095	0.00595	0.00520
38	0.01241	0.02400	0.50892	0.02287	0.28253	0.01339	0.01988	0.01792	0.01241	0.01831	0.01044	0.01280	0.00788	0.00532	0.00551	0.00177	0.00787	0.00453	0.00256	0.00867
39	0.00676	0.00579	0.00579	0.00579	0.00773	0.00483	0.00435	0.00821	0.01304	0.01545	0.05794	0.05505	0.76098	0.01449	0.00676	0.00193	0.00290	0.01207	0.00531	0.00483

[dist]
# distance from previous block
# <min> <max>
0	1

[block]
# block no. 1 follows, 41 sequences, length 31
# corresponding to MSA columns:
# 234-264
name=unknown_B
#
# <colnr> <probs for GDERKNQSTAVLIFYWHMCP>
#	G	D	E	R	K	N	Q	S	T	A	V	L	I	F	Y	W	H	M	C	P
0	0.04547	0.01176	0.01438	0.01105	0.01550	0.01147	0.00913	0.25413	0.01953	0.51684	0.01939	0.01739	0.01255	0.00697	0.00569	0.00175	0.00531	0.00549	0.00656	0.00964
1	0.00697	0.00498	0.00664	0.00796	0.00830	0.00465	0.00531	0.00796	0.01095	0.01460	0.03153	0.79525	0.03783	0.01792	0.00730	0.00232	0.00332	0.01626	0.00531	0.00465
2	0.00697	0.00498	0.00664	0.00796	0.00830	0.00465	0.00531	0.00796	0.01095	0.01460	0.03153	0.79525	0.03783	0.01792	0.00730	0.00232	0.00332	0.01626	0.00531	0.00465
3	0.01309	0.55042	0.02247	0.00866	0.01201	0.01723	0.00779	0.01434	0.01058	0.01271	0.01114	0.01811	0.01160	0.25602	0.01172	0.00259	0.00594	0.00472	0.00277	0.00612
4	0.00690	0.00524	0.00637	0.00728	0.00812	0.00470	0.00500	0.00804	0.01161	0.01487	0.03988	0.56117	0.26652	0.01683	0.00713	0.00220	0.00319	0.01494	0.00531	0.00470
5	0.01236	0.01016	0.01082	0.00993	0.01214	0.01148	0.00729	0.02341	0.51748	0.01987	0.02162	0.02643	0.01852	0.25798	0.01319	0.00308	0.00485	0.00705	0.00508	0.00729
6	0.01211	0.02511	0.53672	0.01877	0.02638	0.01366	0.24927	0.01818	0.01253	0.01818	0.01068	0.01314	0.00770	0.00524	0.00585	0.00185	0.00883	0.00502	0.00257	0.00822
7	0.00995	0.00880	0.01415	0.53919	0.02964	0.01040	0.01257	0.01341	0.01294	0.01725	0.24738	0.02394	0.02228	0.00761	0.00604	0.00187	0.00607	0.00675	0.00373	0.00605
8	0.01265	0.01376	0.02850	0.26481	0.03290	0.01391	0.51273	0.01715	0.01285	0.01715	0.01113	0.01537	0.00835	0.00511	0.00642	0.00192	0.00900	0.00622	0.00278	0.00728
9	0.00774	0.00557	0.00733	0.00744	0.00847	0.00516	0.00537	0.00990	0.01453	0.02030	0.52982	0.28070	0.04887	0.01366	0.00692	0.00196	0.00289	0.01222	0.00598	0.00516
10	0.01310	0.01251	0.02130	0.27233	0.53437	0.01331	0.01703	0.01662	0.01252	0.01740	0.01057	0.01450	0.00861	0.00529	0.00568	0.00176	0.00706	0.00509	0.00274	0.00820
11	0.01241	0.00906	0.01066	0.00908	0.01145	0.00930	0.00713	0.24274	0.01958	0.02708	0.52419	0.03356	0.03998	0.01017	0.00642	0.00177	0.00384	0.00870	0.00611	0.00677
12	0.00994	0.00497	0.00745	0.00745	0.00745	0.00497	0.00497	0.00745	0.00745	0.00994	0.00994	0.01739	0.00994	0.01987	0.02235	0.83358	0.00497	0.00497	0.00248	0.00248
13	0.00910	0.00701	0.00969	0.25259	0.01672	0.00781	0.00739	0.01031	0.00930	0.01221	0.01554	0.03042	0.01663	0.54812	0.02171	0.00439	0.00620	0.00730	0.00317	0.00438
14	0.01286	0.01991	0.26638	0.02164	0.02827	0.01409	0.51439	0.01826	0.01305	0.01826	0.01116	0.01437	0.00823	0.00502	0.00633	0.00189	0.00927	0.00595	0.00274	0.00795
15	0.01803	0.02186	0.01651	0.25840	0.02455	0.53463	0.01258	0.02024	0.01470	0.01419	0.00926	0.01188	0.00745	0.00584	0.00533	0.00161	0.00946	0.00413	0.00282	0.00654
16	0.00959	0.00853	0.01383	0.53943	0.02956	0.01016	0.01254	0.01251	0.01128	0.01461	0.01692	0.26192	0.01718	0.00958	0.00622	0.00204	0.00626	0.00862	0.00342	0.00581
17	0.01101	0.01631	0.25503	0.54207	0.03477	0.01289	0.01754	0.01572	0.01164	0.01572	0.01020	0.01425	0.00750	0.00563	0.00563	0.00188	0.00789	0.00481	0.00250	0.00702
18	0.01442	0.00758	0.01050	0.01042	0.01272	0.00716	0.00896	0.01692	0.01418	0.25434	0.02784	0.05027	0.02699	0.01304	0.00722	0.00236	0.00514	0.49741	0.00584	0.00668
19	0.01331	0.01865	0.25917	0.02916	0.52974	0.01349	0.01869	0.01773	0.01272	0.01851	0.01060	0.01350	0.00849	0.00520	0.00559	0.00173	0.00732	0.00482	0.00270	0.00887
20	0.01339	0.26232	0.02146	0.01336	0.01491	0.01914	0.01165	0.01483	0.00967	0.01367	0.00765	0.01146	0.00746	0.00839	0.01400	0.00210	0.54109	0.00439	0.00249	0.00660
21	0.01310	0.01251	0.02130	0.27233	0.53437	0.01331	0.01703	0.01662	0.01252	0.01740	0.01057	0.01450	0.00861	0.00529	0.00568	0.00176	0.00706	0.00509	0.00274	0.00820
22	0.01080	0.01017	0.01716	0.78523	0.03940	0.01271	0.01589	0.01461	0.01144	0.01461	0.01017	0.01525	0.00762	0.00572	0.00572	0.00191	0.00762	0.00508	0.00254	0.00635
23	0.01350	0.01543	0.03375	0.02411	0.02989	0.01446	0.74253	0.01832	0.01350	0.01832	0.01157	0.01543	0.00868	0.00482	0.00675	0.00193	0.00964	0.00675	0.00289	0.00771
24	0.01461	0.01310	0.01311	0.01181	0.01503	0.05548	0.00916	0.02999	0.71307	0.02339	0.02250	0.02074	0.01691	0.00766	0.00578	0.00191	0.00484	0.00632	0.00566	0.00892
25	0.01345	0.01527	0.03287	0.02362	0.02909	0.01463	0.70300	0.01808	0.01324	0.01808	0.01135	0.01527	0.00862	0.00510	0.00740	0.00196	0.05182	0.00666	0.00287	0.00764
26	0.01272	0.00851	0.00882	0.00807	0.01030	0.00930	0.00624	0.07528	0.26428	0.02334	0.01985	0.02075	0.01523	0.00705	0.00475	0.00157	0.00358	0.00570	0.48774	0.00693
27	0.01416	0.01359	0.02322	0.03511	0.76330	0.01359	0.01755	0.01755	0.01302	0.01869	0.01076	0.01416	0.00906	0.00510	0.00566	0.00170	0.00680	0.00510	0.00283	0.00906
28	0.01147	0.02959	0.76934	0.01630	0.02476	0.01328	0.02113	0.01811	0.01208	0.01811	0.01026	0.01208	0.00725	0.00543	0.00543	0.00181	0.00845	0.00423	0.00242	0.00845
29	0.02137	0.02726	0.01621	0.01474	0.01768	0.77602	0.01105	0.02284	0.01621	0.01400	0.00884	0.01031	0.00737	0.00589	0.00516	0.00147	0.01031	0.00368	0.00295	0.00663
30	0.01306	0.01411	0.02643	0.02001	0.02318	0.01584	0.41328	0.01627	0.01136	0.01627	0.00974	0.01411	0.00815	0.00716	0.01217	0.00219	0.36093	0.00596	0.00272	0.00706

[dist]
# distance from previous block
# <min> <max>
0	1

[block]
# block no. 2 follows, 41 sequences, length 11
# corresponding to MSA columns:
# 266-276
name=unknown_C
#
# <colnr> <probs for GDERKNQSTAVLIFYWHMCP>
#	G	D	E	R	K	N	Q	S	T	A	V	L	I	F	Y	W	H	M	C	P
0	0.10730	0.02279	0.01533	0.01380	0.01647	0.55388	0.01058	0.02157	0.06137	0.01585	0.00950	0.01117	0.00790	0.00645	0.00668	0.00166	0.10390	0.00396	0.00314	0.00669
1	0.36756	0.01430	0.06584	0.08416	0.01744	0.01487	0.01007	0.31529	0.01710	0.02835	0.01070	0.01187	0.00785	0.00600	0.00477	0.00176	0.00578	0.00421	0.00426	0.00782
2	0.01282	0.24950	0.48679	0.01622	0.09186	0.01599	0.01754	0.01778	0.01204	0.01683	0.00965	0.01144	0.00744	0.00525	0.00495	0.00163	0.00763	0.00397	0.00246	0.00819
3	0.68673	0.01239	0.06927	0.00850	0.01253	0.01239	0.00762	0.01810	0.01063	0.10435	0.00971	0.01060	0.00713	0.00551	0.00393	0.00177	0.00479	0.00347	0.00383	0.00675
4	0.01416	0.01359	0.02322	0.03511	0.76330	0.01359	0.01755	0.01755	0.01302	0.01869	0.01076	0.01416	0.00906	0.00510	0.00566	0.00170	0.00680	0.00510	0.00283	0.00906
5	0.21010	0.00752	0.00771	0.00703	0.00873	0.00770	0.00491	0.01271	0.00985	0.06885	0.01528	0.02545	0.01509	0.39214	0.04694	0.00379	0.00526	0.00616	0.07789	0.06692
6	0.01314	0.01241	0.02029	0.02606	0.47547	0.01167	0.07167	0.01630	0.01266	0.01842	0.01181	0.05630	0.01045	0.00556	0.00548	0.00154	0.00619	0.00541	0.00311	0.21608
7	0.28602	0.01517	0.01345	0.01115	0.01472	0.12389	0.00903	0.32169	0.01794	0.02747	0.01116	0.01222	0.00844	0.00637	0.00548	0.00171	0.04532	0.00428	0.05681	0.00768
8	0.01292	0.00720	0.00927	0.00901	0.01074	0.00683	0.00660	0.08486	0.01382	0.19793	0.02763	0.53193	0.02938	0.01423	0.00677	0.00213	0.00398	0.01264	0.00578	0.00637
9	0.01232	0.20008	0.60623	0.01487	0.02253	0.01535	0.01863	0.01790	0.01198	0.01709	0.00975	0.01144	0.00727	0.00532	0.00505	0.00168	0.00794	0.00397	0.00242	0.00821
10	0.09311	0.66961	0.08324	0.01006	0.01509	0.02100	0.01030	0.01717	0.01148	0.01496	0.00813	0.00940	0.00722	0.00497	0.00379	0.00132	0.00613	0.00315	0.00255	0.00732

[dist]
# distance from previous block
# <min> <max>
9	32

[block]
# block no. 3 follows, 41 sequences, length 16
# corresponding to MSA columns:
# 311-326
name=unknown_D
#
# <colnr> <probs for GDERKNQSTAVLIFYWHMCP>
#	G	D	E	R	K	N	Q	S	T	A	V	L	I	F	Y	W	H	M	C	P
0	0.02025	0.01602	0.01630	0.01259	0.01711	0.07495	0.01028	0.57990	0.02383	0.03175	0.01282	0.01319	0.00936	0.00640	0.00546	0.00157	0.00630	0.00477	0.00516	0.13199
1	0.80190	0.01190	0.04286	0.00792	0.01168	0.01285	0.00687	0.01687	0.00984	0.02532	0.00807	0.00942	0.00624	0.00532	0.00363	0.00177	0.00461	0.00315	0.00349	0.00630
2	0.02286	0.00982	0.01299	0.00983	0.01439	0.00825	0.00808	0.02514	0.01546	0.61533	0.02005	0.01792	0.01300	0.00650	0.00544	0.00158	0.00474	0.00527	0.00633	0.17700
3	0.00697	0.00498	0.00664	0.00796	0.00830	0.00465	0.00531	0.00796	0.01095	0.01460	0.03153	0.79525	0.03783	0.01792	0.00730	0.00232	0.00332	0.01626	0.00531	0.00465
4	0.00697	0.00498	0.00664	0.00796	0.00830	0.00465	0.00531	0.00796	0.01095	0.01460	0.03153	0.79525	0.03783	0.01792	0.00730	0.00232	0.00332	0.01626	0.00531	0.00465
5	0.01147	0.02959	0.76934	0.01630	0.02476	0.01328	0.02113	0.01811	0.01208	0.01811	0.01026	0.01208	0.00725	0.00543	0.00543	0.00181	0.00845	0.00423	0.00242	0.00845
6	0.01080	0.01017	0.01716	0.78523	0.03940	0.01271	0.01589	0.01461	0.01144	0.01461	0.01017	0.01525	0.00762	0.00572	0.00572	0.00191	0.00762	0.00508	0.00254	0.00635
7	0.01298	0.33464	0.47750	0.01373	0.02078	0.01697	0.01665	0.01772	0.01190	0.01628	0.00935	0.01093	0.00728	0.00522	0.00474	0.00158	0.00753	0.00377	0.00243	0.00801
8	0.60653	0.01166	0.00998	0.00879	0.01234	0.01347	0.00713	0.06943	0.17033	0.02600	0.01164	0.01218	0.00885	0.00594	0.00418	0.00180	0.00457	0.00396	0.00418	0.00705
9	0.00873	0.00587	0.00793	0.00793	0.00886	0.00652	0.00593	0.01060	0.00966	0.01468	0.01644	0.02445	0.01534	0.14750	0.49960	0.00696	0.01115	0.00628	0.18065	0.00491
10	0.01601	0.01276	0.01380	0.01142	0.01534	0.01378	0.00909	0.20322	0.42411	0.04827	0.01864	0.01777	0.01390	0.00691	0.00552	0.00169	0.00492	0.00559	0.00541	0.15184
11	0.00832	0.00555	0.00624	0.00624	0.00624	0.00555	0.00347	0.00832	0.00832	0.01109	0.01802	0.03743	0.02080	0.79898	0.02911	0.00555	0.00555	0.00832	0.00347	0.00347
12	0.01326	0.01465	0.03050	0.02178	0.02747	0.01345	0.63318	0.01774	0.01326	0.01837	0.01136	0.01490	0.00865	0.00473	0.00638	0.00177	0.00884	0.00625	0.00297	0.13051
13	0.01407	0.01624	0.02925	0.02157	0.02655	0.11808	0.58518	0.01814	0.01367	0.01744	0.01274	0.07511	0.01076	0.00598	0.00657	0.00190	0.00925	0.00707	0.00309	0.00733
14	0.02201	0.02466	0.01577	0.01406	0.01722	0.66193	0.01066	0.02359	0.01623	0.12595	0.01088	0.01168	0.00838	0.00607	0.00525	0.00152	0.00951	0.00399	0.00356	0.00709
15	0.05044	0.01067	0.01297	0.01011	0.01448	0.00987	0.00821	0.07058	0.12765	0.41118	0.01877	0.01729	0.01280	0.00646	0.00534	0.00158	0.00475	0.00519	0.00584	0.19582

[dist]
# distance from previous block
# <min> <max>
3	12

[block]
# block no. 4 follows, 41 sequences, length 8
# corresponding to MSA columns:
# 339-346
name=unknown_E
#
# <colnr> <probs for GDERKNQSTAVLIFYWHMCP>
#	G	D	E	R	K	N	Q	S	T	A	V	L	I	F	Y	W	H	M	C	P
0	0.01406	0.01509	0.01729	0.01497	0.01548	0.14998	0.01226	0.01535	0.01006	0.01381	0.00774	0.01213	0.00748	0.00929	0.01639	0.00232	0.65261	0.00477	0.00258	0.00632
1	0.02137	0.02726	0.01621	0.01474	0.01768	0.77602	0.01105	0.02284	0.01621	0.01400	0.00884	0.01031	0.00737	0.00589	0.00516	0.00147	0.01031	0.00368	0.00295	0.00663
2	0.66839	0.01210	0.01024	0.00870	0.01246	0.01386	0.00717	0.16894	0.01332	0.02784	0.00917	0.01022	0.00693	0.00564	0.00400	0.00176	0.00482	0.00353	0.00400	0.00693
3	0.01338	0.41519	0.40044	0.01305	0.01973	0.01795	0.01547	0.01762	0.01185	0.01579	0.00911	0.01063	0.00729	0.00516	0.00455	0.00152	0.00729	0.00364	0.00243	0.00790
4	0.02069	0.01363	0.01528	0.01188	0.01602	0.01454	0.00975	0.52596	0.02370	0.16208	0.11011	0.01842	0.01612	0.00752	0.00586	0.00174	0.00559	0.00591	0.00603	0.00918
5	0.01665	0.01248	0.02356	0.01739	0.02231	0.01136	0.39425	0.02030	0.01420	0.24417	0.01644	0.02073	0.01248	0.00643	0.00634	0.00185	0.00736	0.07028	0.00441	0.07699
6	0.12370	0.01426	0.01516	0.05578	0.01738	0.01589	0.01009	0.52689	0.06546	0.03163	0.01587	0.01605	0.05227	0.00709	0.00551	0.00176	0.00584	0.00536	0.00525	0.00877
7	0.00972	0.00599	0.00733	0.00708	0.00762	0.00606	0.00451	0.01025	0.00913	0.07355	0.01792	0.03334	0.01912	0.60193	0.15768	0.00587	0.00720	0.00772	0.00369	0.00427

[dist]
# distance from previous block
# <min> <max>
0	8

[block]
# block no. 5 follows, 41 sequences, length 31
# corresponding to MSA columns:
# 355-385
name=unknown_F
#
# <colnr> <probs for GDERKNQSTAVLIFYWHMCP>
#	G	D	E	R	K	N	Q	S	T	A	V	L	I	F	Y	W	H	M	C	P
0	0.01266	0.27014	0.53921	0.01427	0.02162	0.01619	0.01760	0.01781	0.01193	0.01666	0.00954	0.01117	0.00728	0.00527	0.00489	0.00163	0.00773	0.00386	0.00243	0.00811
1	0.01416	0.01359	0.02322	0.03511	0.76330	0.01359	0.01755	0.01755	0.01302	0.01869	0.01076	0.01416	0.00906	0.00510	0.00566	0.00170	0.00680	0.00510	0.00283	0.00906
2	0.02045	0.02573	0.01635	0.01476	0.01741	0.69722	0.01120	0.02190	0.01544	0.01397	0.00870	0.01054	0.00738	0.00632	0.00657	0.00158	0.09116	0.00382	0.00290	0.00659
3	0.00714	0.00516	0.00682	0.00798	0.00848	0.00475	0.00536	0.00818	0.01098	0.01474	0.03080	0.76845	0.03683	0.01745	0.00720	0.00227	0.00335	0.01582	0.00524	0.03302
4	0.01391	0.01333	0.02276	0.09130	0.70907	0.01352	0.01743	0.01733	0.01291	0.01838	0.01071	0.01424	0.00895	0.00514	0.00567	0.00171	0.00686	0.00510	0.00281	0.00886
5	0.01251	0.01251	0.01752	0.01502	0.01502	0.01752	0.01251	0.01377	0.00876	0.01377	0.00751	0.01251	0.00751	0.01001	0.01877	0.00250	0.78851	0.00501	0.00250	0.00626
6	0.00832	0.00555	0.00624	0.00624	0.00624	0.00555	0.00347	0.00832	0.00832	0.01109	0.01802	0.03743	0.02080	0.79898	0.02911	0.00555	0.00555	0.00832	0.00347	0.00347
7	0.01370	0.01421	0.02732	0.01958	0.02511	0.01306	0.51381	0.06927	0.01406	0.01967	0.01139	0.01445	0.00870	0.00483	0.00607	0.00165	0.00811	0.00583	0.00321	0.20597
8	0.01534	0.01732	0.01833	0.01561	0.01696	0.25338	0.06674	0.01693	0.01143	0.01418	0.00823	0.01205	0.00755	0.00834	0.01363	0.00214	0.48795	0.00472	0.00267	0.00648
9	0.01296	0.01370	0.02655	0.01897	0.02452	0.01222	0.50060	0.01703	0.01296	0.01843	0.01111	0.01426	0.00861	0.00463	0.00592	0.00157	0.00787	0.00564	0.00306	0.27939
10	0.02174	0.01602	0.01717	0.01316	0.01774	0.01774	0.01087	0.74423	0.02689	0.03605	0.01373	0.01373	0.00973	0.00687	0.00572	0.00172	0.00629	0.00515	0.00572	0.00973
11	0.01186	0.01017	0.01186	0.00847	0.01356	0.00762	0.00678	0.01440	0.01186	0.01864	0.01017	0.01186	0.00847	0.00424	0.00424	0.00085	0.00424	0.00339	0.00339	0.83395
12	0.01423	0.01229	0.01293	0.01164	0.01487	0.01423	0.00905	0.03039	0.75297	0.02393	0.02328	0.02134	0.01746	0.00776	0.00582	0.00194	0.00453	0.00647	0.00582	0.00905
13	0.00941	0.00614	0.00807	0.00742	0.00900	0.00562	0.00562	0.01207	0.01620	0.07869	0.70502	0.04098	0.05099	0.01135	0.00667	0.00180	0.00286	0.01000	0.00636	0.00572
14	0.01307	0.01154	0.01570	0.01130	0.01644	0.00965	0.11873	0.08618	0.01358	0.02029	0.01073	0.01258	0.00863	0.00458	0.00476	0.00110	0.00526	0.00407	0.00354	0.62829
15	0.18948	0.02167	0.01351	0.01231	0.01528	0.53764	0.00935	0.02007	0.01454	0.01657	0.01376	0.01475	0.08542	0.00667	0.00499	0.00158	0.00832	0.00443	0.00332	0.00635
16	0.01058	0.00536	0.00545	0.00545	0.00678	0.00539	0.00410	0.01323	0.01191	0.02107	0.01855	0.02136	0.01465	0.00780	0.02820	0.00158	0.00306	0.00536	0.80480	0.00532
17	0.00819	0.00607	0.00783	0.00888	0.00972	0.00604	0.00651	0.01110	0.08850	0.01609	0.03041	0.56332	0.03470	0.01643	0.00727	0.00235	0.00385	0.16217	0.00535	0.00523
18	0.02069	0.01547	0.01658	0.01287	0.01732	0.01709	0.01057	0.64971	0.10191	0.03430	0.01463	0.01447	0.01050	0.00689	0.00569	0.00172	0.00605	0.00524	0.00567	0.03264
19	0.01423	0.01229	0.01293	0.01164	0.01487	0.01423	0.00905	0.03039	0.75297	0.02393	0.02328	0.02134	0.01746	0.00776	0.00582	0.00194	0.00453	0.00647	0.00582	0.00905
20	0.00886	0.00647	0.00872	0.00984	0.01125	0.00633	0.00850	0.01132	0.01315	0.01687	0.03433	0.06313	0.13950	0.01561	0.00773	0.00253	0.00492	0.62046	0.00527	0.00520
21	0.61874	0.01070	0.00973	0.00824	0.01202	0.01163	0.00679	0.01981	0.01153	0.22675	0.01192	0.01205	0.00835	0.00579	0.00414	0.00177	0.00454	0.00382	0.00450	0.00715
22	0.01299	0.01379	0.02694	0.01924	0.02481	0.01234	0.51352	0.01710	0.01299	0.01842	0.01113	0.01432	0.00861	0.00464	0.00597	0.00159	0.00796	0.00570	0.00305	0.26489
23	0.18991	0.16250	0.01705	0.01235	0.01577	0.48305	0.00982	0.02057	0.01405	0.01632	0.00850	0.00990	0.00712	0.00559	0.00456	0.00149	0.00834	0.00345	0.00298	0.00667
24	0.01296	0.00755	0.00779	0.00695	0.00896	0.00790	0.00542	0.16489	0.01508	0.02438	0.01764	0.01975	0.01364	0.00671	0.00436	0.00141	0.00342	0.00529	0.65965	0.00624
25	0.43490	0.01040	0.01083	0.00884	0.01282	0.01063	0.00729	0.02231	0.01303	0.39430	0.01522	0.01435	0.01015	0.00619	0.00464	0.00177	0.00464	0.00442	0.00530	0.00795
26	0.02357	0.01309	0.01535	0.01177	0.01628	0.01339	0.00972	0.41024	0.02199	0.37696	0.01785	0.01641	0.01179	0.00697	0.00574	0.00174	0.00563	0.00543	0.00635	0.00973
27	0.69560	0.01051	0.00869	0.00764	0.01112	0.01184	0.00627	0.01771	0.01059	0.10240	0.01025	0.01121	0.00763	0.00559	0.00380	0.00174	0.00434	0.00353	0.06304	0.00650
28	0.00866	0.00714	0.01054	0.00975	0.01163	0.00628	0.08220	0.01038	0.01140	0.01583	0.02502	0.55178	0.02871	0.01372	0.00661	0.00198	0.00417	0.01260	0.00466	0.17694
29	0.02011	0.18800	0.01906	0.01371	0.01706	0.61979	0.01079	0.02166	0.01526	0.01389	0.00866	0.01008	0.00736	0.00569	0.00485	0.00142	0.00944	0.00355	0.00284	0.00678
30	0.02137	0.02726	0.01621	0.01474	0.01768	0.77602	0.01105	0.02284	0.01621	0.01400	0.00884	0.01031	0.00737	0.00589	0.00516	0.00147	0.01031	0.00368	0.00295	0.00663

[dist]
# distance from previous block
# <min> <max>
0	1

[block]
# block no. 6 follows, 41 sequences, length 8
# corresponding to MSA columns:
# 387-394
name=unknown_G
#
# <colnr> <probs for GDERKNQSTAVLIFYWHMCP>
#	G	D	E	R	K	N	Q	S	T	A	V	L	I	F	Y	W	H	M	C	P
0	0.09075	0.72997	0.02800	0.00958	0.01435	0.02174	0.00946	0.01710	0.01145	0.01457	0.00795	0.00919	0.00724	0.00493	0.00366	0.00127	0.00596	0.00306	0.00255	0.00724
1	0.01943	0.01379	0.01470	0.01153	0.01543	0.01515	0.00944	0.59167	0.02378	0.03298	0.01476	0.01532	0.01076	0.00682	0.00536	0.00164	0.00554	0.00519	0.17792	0.00881
2	0.01186	0.01017	0.01186	0.00847	0.01356	0.00762	0.00678	0.01440	0.01186	0.01864	0.01017	0.01186	0.00847	0.00424	0.00424	0.00085	0.00424	0.00339	0.00339	0.83395
3	0.01332	0.02319	0.47566	0.01449	0.02119	0.01370	0.01653	0.10918	0.16851	0.02155	0.01340	0.01420	0.00975	0.00603	0.00548	0.00177	0.00713	0.00476	0.00359	0.05658
4	0.02424	0.01118	0.01407	0.01088	0.01527	0.01066	0.00896	0.17753	0.05774	0.57511	0.02076	0.01837	0.01341	0.00707	0.00575	0.00177	0.00515	0.00566	0.00673	0.00970
5	0.00695	0.00504	0.00658	0.00780	0.00825	0.00466	0.00524	0.00798	0.01110	0.01466	0.03347	0.74083	0.09099	0.01767	0.00726	0.00229	0.00329	0.01595	0.00531	0.00466
6	0.05695	0.36931	0.40314	0.01297	0.01959	0.01738	0.01534	0.01761	0.01175	0.01646	0.00912	0.01065	0.00723	0.00519	0.00456	0.00155	0.00721	0.00365	0.00249	0.00784
7	0.00786	0.00567	0.00744	0.00736	0.00849	0.00524	0.00538	0.01020	0.01510	0.02120	0.60818	0.19979	0.05060	0.01299	0.00686	0.00191	0.00283	0.01158	0.00609	0.00524

[dist]
# distance from previous block
# <min> <max>
1	2

[block]
# block no. 7 follows, 41 sequences, length 50
# corresponding to MSA columns:
# 397-446
name=unknown_H
#
# <colnr> <probs for GDERKNQSTAVLIFYWHMCP>
#	G	D	E	R	K	N	Q	S	T	A	V	L	I	F	Y	W	H	M	C	P
0	0.00695	0.00506	0.00655	0.00774	0.00824	0.00466	0.00521	0.00799	0.01116	0.01469	0.03422	0.71963	0.11171	0.01757	0.00725	0.00228	0.00328	0.01583	0.00531	0.00466
1	0.01334	0.01479	0.03009	0.02203	0.02667	0.01502	0.58452	0.01788	0.03671	0.01767	0.01121	0.01509	0.00875	0.00587	0.00893	0.00203	0.15257	0.00642	0.00292	0.00749
2	0.01529	0.80242	0.02997	0.00979	0.01468	0.02263	0.00979	0.01713	0.01162	0.01346	0.00795	0.00918	0.00734	0.00489	0.00367	0.00122	0.00612	0.00306	0.00245	0.00734
3	0.00832	0.00555	0.00624	0.00624	0.00624	0.00555	0.00347	0.00832	0.00832	0.01109	0.01802	0.03743	0.02080	0.79898	0.02911	0.00555	0.00555	0.00832	0.00347	0.00347
4	0.01998	0.02327	0.01959	0.01620	0.01994	0.51329	0.14541	0.13885	0.01744	0.01836	0.01014	0.01181	0.00799	0.00585	0.00554	0.00160	0.00954	0.00448	0.00339	0.00733
5	0.00957	0.00662	0.00850	0.00753	0.00952	0.00585	0.00574	0.01222	0.01565	0.06443	0.62317	0.03749	0.04593	0.01048	0.00637	0.00168	0.00302	0.00920	0.00597	0.11106
6	0.00832	0.00555	0.00624	0.00624	0.00624	0.00555	0.00347	0.00832	0.00832	0.01109	0.01802	0.03743	0.02080	0.79898	0.02911	0.00555	0.00555	0.00832	0.00347	0.00347
7	0.02144	0.01573	0.01684	0.01295	0.01744	0.01740	0.01068	0.72437	0.02649	0.03565	0.01387	0.01394	0.00986	0.00686	0.00568	0.00171	0.00620	0.00515	0.02814	0.00961
8	0.01727	0.01442	0.01419	0.01218	0.01575	0.08986	0.00960	0.18388	0.47751	0.07164	0.01975	0.01849	0.01459	0.00734	0.00573	0.00184	0.00550	0.00586	0.00559	0.00900
9	0.01529	0.80242	0.02997	0.00979	0.01468	0.02263	0.00979	0.01713	0.01162	0.01346	0.00795	0.00918	0.00734	0.00489	0.00367	0.00122	0.00612	0.00306	0.00245	0.00734
10	0.02174	0.01602	0.01717	0.01316	0.01774	0.01774	0.01087	0.74423	0.02689	0.03605	0.01373	0.01373	0.00973	0.00687	0.00572	0.00172	0.00629	0.00515	0.00572	0.00973
11	0.01066	0.00533	0.00533	0.00533	0.00666	0.00533	0.00400	0.01333	0.01200	0.02132	0.01866	0.02132	0.01466	0.00666	0.00400	0.00133	0.00267	0.00533	0.83073	0.00533
12	0.00697	0.00498	0.00664	0.00796	0.00830	0.00465	0.00531	0.00796	0.01095	0.01460	0.03153	0.79525	0.03783	0.01792	0.00730	0.00232	0.00332	0.01626	0.00531	0.00465
13	0.01340	0.01514	0.03215	0.02321	0.02842	0.01477	0.67043	0.01787	0.01303	0.01787	0.01117	0.01514	0.00856	0.00533	0.00794	0.00199	0.08656	0.00658	0.00285	0.00757
14	0.00697	0.00498	0.00664	0.00796	0.00830	0.00465	0.00531	0.00796	0.01095	0.01460	0.03153	0.79525	0.03783	0.01792	0.00730	0.00232	0.00332	0.01626	0.00531	0.00465
15	0.02174	0.01602	0.01717	0.01316	0.01774	0.01774	0.01087	0.74423	0.02689	0.03605	0.01373	0.01373	0.00973	0.00687	0.00572	0.00172	0.00629	0.00515	0.00572	0.00973
16	0.01515	0.77403	0.05713	0.01003	0.01505	0.02229	0.01020	0.01716	0.01164	0.01363	0.00804	0.00928	0.00734	0.00491	0.00373	0.00124	0.00620	0.00310	0.00245	0.00738
17	0.02455	0.00998	0.01324	0.01032	0.01463	0.00897	0.00847	0.02812	0.08787	0.69511	0.02264	0.01965	0.01448	0.00715	0.00576	0.00179	0.00483	0.00582	0.00696	0.00967
18	0.01128	0.00653	0.00864	0.00778	0.00965	0.00592	0.00595	0.01382	0.01601	0.15934	0.59477	0.06941	0.04599	0.01110	0.00659	0.00182	0.00312	0.00974	0.00640	0.00616
19	0.02174	0.01602	0.01717	0.01316	0.01774	0.01774	0.01087	0.74423	0.02689	0.03605	0.01373	0.01373	0.00973	0.00687	0.00572	0.00172	0.00629	0.00515	0.00572	0.00973
20	0.01186	0.01017	0.01186	0.00847	0.01356	0.00762	0.00678	0.01440	0.01186	0.01864	0.01017	0.01186	0.00847	0.00424	0.00424	0.00085	0.00424	0.00339	0.00339	0.83395
21	0.02138	0.06044	0.01789	0.01297	0.01757	0.01801	0.01081	0.70316	0.02603	0.03477	0.01341	0.01348	0.00959	0.00675	0.00561	0.00169	0.00628	0.00503	0.00554	0.00959
22	0.00701	0.00499	0.00663	0.00792	0.00824	0.00467	0.00526	0.00797	0.01088	0.01451	0.03116	0.77465	0.03737	0.03915	0.00789	0.00241	0.00338	0.01604	0.00526	0.00461
23	0.01465	0.01182	0.01336	0.00980	0.01474	0.01048	0.00793	0.22056	0.01611	0.02356	0.01117	0.01239	0.00883	0.00498	0.00466	0.00109	0.00482	0.00389	0.00405	0.60113
24	0.60552	0.01629	0.22335	0.01000	0.01493	0.01296	0.01041	0.01718	0.01040	0.02353	0.00861	0.01008	0.00649	0.00534	0.00407	0.00178	0.00556	0.00342	0.00322	0.00683
25	0.02174	0.01602	0.01717	0.01316	0.01774	0.01774	0.01087	0.74423	0.02689	0.03605	0.01373	0.01373	0.00973	0.00687	0.00572	0.00172	0.00629	0.00515	0.00572	0.00973
26	0.00708	0.00506	0.00674	0.00789	0.00832	0.00472	0.00532	0.00824	0.01147	0.01542	0.10350	0.72093	0.03942	0.01731	0.00725	0.00227	0.00326	0.01568	0.00541	0.00472
27	0.01529	0.80242	0.02997	0.00979	0.01468	0.02263	0.00979	0.01713	0.01162	0.01346	0.00795	0.00918	0.00734	0.00489	0.00367	0.00122	0.00612	0.00306	0.00245	0.00734
28	0.02174	0.01602	0.01717	0.01316	0.01774	0.01774	0.01087	0.74423	0.02689	0.03605	0.01373	0.01373	0.00973	0.00687	0.00572	0.00172	0.00629	0.00515	0.00572	0.00973
29	0.01186	0.01017	0.01186	0.00847	0.01356	0.00762	0.00678	0.01440	0.01186	0.01864	0.01017	0.01186	0.00847	0.00424	0.00424	0.00085	0.00424	0.00339	0.00339	0.83395
30	0.00796	0.00584	0.00746	0.00706	0.00846	0.00534	0.00529	0.01054	0.01588	0.02220	0.69092	0.04394	0.12379	0.01197	0.00675	0.00181	0.00272	0.01051	0.00620	0.00534
31	0.09668	0.72427	0.02784	0.00956	0.01432	0.02166	0.00943	0.01710	0.01144	0.01466	0.00795	0.00919	0.00723	0.00493	0.00366	0.00128	0.00595	0.00306	0.00255	0.00723
32	0.00679	0.00569	0.00590	0.00606	0.00780	0.00481	0.00447	0.00818	0.01278	0.01535	0.05467	0.14683	0.67131	0.01491	0.00683	0.00198	0.00295	0.01259	0.00531	0.00481
33	0.02100	0.01565	0.01675	0.01301	0.01746	0.01739	0.01069	0.67373	0.09860	0.03485	0.01468	0.01448	0.01049	0.00695	0.00573	0.00174	0.00612	0.00528	0.00573	0.00966
34	0.02274	0.01029	0.01315	0.01042	0.01462	0.00961	0.00848	0.02791	0.17214	0.58240	0.02226	0.01959	0.01465	0.00712	0.00571	0.00177	0.00477	0.00582	0.00668	0.03987
35	0.01492	0.72610	0.10299	0.01043	0.01568	0.02171	0.01091	0.01722	0.01167	0.01392	0.00818	0.00946	0.00733	0.00495	0.00384	0.00128	0.00635	0.00317	0.00244	0.00745
36	0.02178	0.01575	0.01655	0.01287	0.01730	0.05130	0.01056	0.60912	0.05732	0.10672	0.01480	0.01448	0.01040	0.00688	0.00570	0.00172	0.00626	0.00520	0.00573	0.00956
37	0.00823	0.00551	0.00626	0.00635	0.00637	0.00549	0.00358	0.00830	0.00849	0.01131	0.01888	0.08569	0.02188	0.74925	0.02772	0.00534	0.00540	0.00882	0.00358	0.00354
38	0.01398	0.65613	0.02616	0.00968	0.01386	0.01979	0.00930	0.01586	0.01118	0.01342	0.00931	0.01162	0.00862	0.01188	0.14562	0.00269	0.00781	0.00362	0.00256	0.00693
39	0.00832	0.00555	0.00624	0.00624	0.00624	0.00555	0.00347	0.00832	0.00832	0.01109	0.01802	0.03743	0.02080	0.79898	0.02911	0.00555	0.00555	0.00832	0.00347	0.00347
40	0.00832	0.00555	0.00624	0.00624	0.00624	0.00555	0.00347	0.00832	0.00832	0.01109	0.01802	0.03743	0.02080	0.79898	0.02911	0.00555	0.00555	0.00832	0.00347	0.00347
41	0.01635	0.01334	0.01413	0.01207	0.01568	0.01522	0.00957	0.23203	0.54787	0.02735	0.02058	0.01919	0.01528	0.00751	0.00579	0.00188	0.00503	0.00609	0.00579	0.00924
42	0.01421	0.58412	0.23883	0.01163	0.01753	0.01999	0.01299	0.01741	0.01175	0.01477	0.00861	0.00999	0.00731	0.00505	0.00417	0.00139	0.00678	0.00339	0.00244	0.00765
43	0.01561	0.01297	0.01371	0.01192	0.01540	0.01487	0.00939	0.16154	0.61957	0.02615	0.02153	0.01994	0.01604	0.00760	0.00580	0.00190	0.00485	0.00622	0.00580	0.00918
44	0.00704	0.00501	0.00662	0.00787	0.00818	0.00470	0.00521	0.00798	0.01081	0.01441	0.03079	0.75377	0.03690	0.06067	0.00849	0.00250	0.00344	0.01583	0.00521	0.00458
45	0.01423	0.01229	0.01293	0.01164	0.01487	0.01423	0.00905	0.03039	0.75297	0.02393	0.02328	0.02134	0.01746	0.00776	0.00582	0.00194	0.00453	0.00647	0.00582	0.00905
46	0.01423	0.01229	0.01293	0.01164	0.01487	0.01423	0.00905	0.03039	0.75297	0.02393	0.02328	0.02134	0.01746	0.00776	0.00582	0.00194	0.00453	0.00647	0.00582	0.00905
47	0.00676	0.00579	0.00579	0.00579	0.00773	0.00483	0.00435	0.00821	0.01304	0.01545	0.05794	0.05505	0.76098	0.01449	0.00676	0.00193	0.00290	0.01207	0.00531	0.00483
48	0.01529	0.80242	0.02997	0.00979	0.01468	0.02263	0.00979	0.01713	0.01162	0.01346	0.00795	0.00918	0.00734	0.00489	0.00367	0.00122	0.00612	0.00306	0.00245	0.00734
49	0.00697	0.00498	0.00664	0.00796	0.00830	0.00465	0.00531	0.00796	0.01095	0.01460	0.03153	0.79525	0.03783	0.01792	0.00730	0.00232	0.00332	0.01626	0.00531	0.00465

[dist]
# distance from previous block
# <min> <max>
0	5

# created by:
# /software/SequenceAnalysis/GenePrediction/augustus/3.0.1/scripts/msa2prfl.pl ./fixed/BUSCOvEOG7908Q5.fas
