[name]
unknown

[dist]
# distance from previous block
# <min> <max>
0	125

[block]
# block no. 0 follows, 39 sequences, length 10
# corresponding to MSA columns:
# 125-134
name=unknown_A
#
# <colnr> <probs for GDERKNQSTAVLIFYWHMCP>
#	G	D	E	R	K	N	Q	S	T	A	V	L	I	F	Y	W	H	M	C	P
0	0.00893	0.00699	0.01018	0.00991	0.01078	0.00840	0.00769	0.01080	0.00939	0.01361	0.01520	0.02330	0.01454	0.09654	0.63462	0.00849	0.09582	0.00638	0.00314	0.00528
1	0.01294	0.01294	0.01811	0.01553	0.01553	0.01811	0.01294	0.01423	0.00906	0.01423	0.00776	0.01294	0.00776	0.01035	0.01941	0.00259	0.78134	0.00518	0.00259	0.00647
2	0.01226	0.01051	0.01226	0.00876	0.01401	0.00788	0.00701	0.01489	0.01226	0.01927	0.01051	0.01226	0.00876	0.00438	0.00438	0.00088	0.00438	0.00350	0.00350	0.82832
3	0.01581	0.79572	0.03099	0.01012	0.01518	0.02340	0.01012	0.01771	0.01202	0.01391	0.00822	0.00949	0.00759	0.00506	0.00379	0.00126	0.00632	0.00316	0.00253	0.00759
4	0.01332	0.01271	0.02162	0.31808	0.48380	0.01370	0.01749	0.01699	0.01284	0.01772	0.01089	0.01507	0.00880	0.00551	0.00588	0.00184	0.00735	0.00526	0.00281	0.00830
5	0.01222	0.01301	0.02625	0.01984	0.02379	0.01287	0.47679	0.01583	0.01277	0.01748	0.01645	0.20132	0.01608	0.00885	0.00853	0.00216	0.09602	0.00914	0.00355	0.00704
6	0.13017	0.01396	0.01627	0.15084	0.04550	0.01548	0.01146	0.40485	0.02082	0.11326	0.01366	0.01455	0.00967	0.00663	0.00561	0.00182	0.00634	0.00509	0.00508	0.00891
7	0.30826	0.01082	0.01131	0.00942	0.01331	0.01119	0.00763	0.02338	0.14905	0.26714	0.01694	0.01628	0.01195	0.00656	0.00493	0.00177	0.00463	0.00491	0.05111	0.06941
8	0.01594	0.51774	0.08542	0.01089	0.01568	0.01926	0.01063	0.09895	0.01405	0.05867	0.01251	0.09300	0.01158	0.00688	0.00470	0.00152	0.00616	0.00510	0.00349	0.00781
9	0.01366	0.00945	0.01009	0.00893	0.01120	0.06949	0.00695	0.09697	0.01724	0.10969	0.38493	0.03240	0.03478	0.00978	0.00619	0.00177	0.00419	0.02919	0.13643	0.00670

[dist]
# distance from previous block
# <min> <max>
0	3

[block]
# block no. 1 follows, 39 sequences, length 32
# corresponding to MSA columns:
# 138-169
name=unknown_B
#
# <colnr> <probs for GDERKNQSTAVLIFYWHMCP>
#	G	D	E	R	K	N	Q	S	T	A	V	L	I	F	Y	W	H	M	C	P
0	0.01647	0.01790	0.23386	0.01407	0.01945	0.01356	0.05687	0.08670	0.28459	0.15160	0.01856	0.01869	0.01342	0.00708	0.00598	0.00193	0.00642	0.01863	0.00501	0.00921
1	0.01538	0.00760	0.01019	0.00885	0.01142	0.00681	0.00699	0.01790	0.01642	0.30638	0.40221	0.06700	0.03806	0.01075	0.00667	0.00192	0.00383	0.04763	0.00672	0.00727
2	0.06157	0.02943	0.71600	0.01631	0.02474	0.01371	0.02092	0.01865	0.01234	0.01920	0.01047	0.01231	0.00743	0.00561	0.00550	0.00187	0.00849	0.00430	0.00257	0.00860
3	0.01598	0.02371	0.45117	0.01649	0.03749	0.01394	0.07978	0.14427	0.01590	0.12528	0.01313	0.01419	0.00910	0.00605	0.00584	0.00186	0.00791	0.00500	0.00381	0.00910
4	0.16292	0.00975	0.01114	0.12069	0.01529	0.01138	0.00843	0.11010	0.01349	0.02285	0.01382	0.01664	0.01086	0.00697	0.00654	0.00176	0.10611	0.00498	0.33974	0.00655
5	0.00922	0.00641	0.00826	0.03983	0.01075	0.00598	0.00647	0.01142	0.01445	0.06377	0.29704	0.17175	0.21054	0.01387	0.00713	0.00210	0.00365	0.10592	0.00584	0.00561
6	0.01397	0.01516	0.03115	0.07083	0.21556	0.01462	0.51095	0.01852	0.01371	0.01882	0.01167	0.01561	0.00901	0.00511	0.00663	0.00193	0.00910	0.00645	0.00295	0.00825
7	0.01317	0.01248	0.02080	0.34942	0.41451	0.01370	0.01697	0.01754	0.05021	0.01781	0.01153	0.01550	0.00918	0.00568	0.00589	0.00186	0.00727	0.00534	0.00296	0.00818
8	0.00860	0.00573	0.00645	0.00645	0.00645	0.00573	0.00358	0.00860	0.00860	0.01147	0.01863	0.03870	0.02150	0.79217	0.03010	0.00573	0.00573	0.00860	0.00358	0.00358
9	0.00704	0.00578	0.00621	0.00656	0.00814	0.00494	0.00475	0.00842	0.01293	0.01575	0.05297	0.24279	0.57148	0.01588	0.00713	0.00210	0.00311	0.01358	0.00549	0.00494
10	0.01230	0.08361	0.66683	0.01752	0.06755	0.01443	0.02081	0.01862	0.01251	0.01842	0.01047	0.01240	0.00761	0.00556	0.00550	0.00182	0.00847	0.00434	0.00252	0.00870
11	0.00898	0.00634	0.00718	0.00679	0.00881	0.00547	0.00515	0.01092	0.01472	0.07847	0.26153	0.05017	0.48708	0.01350	0.00690	0.00194	0.00310	0.01142	0.00594	0.00558
12	0.01587	0.68735	0.08929	0.01097	0.01621	0.06767	0.01115	0.01815	0.01234	0.01434	0.00847	0.00980	0.00758	0.00517	0.00404	0.00133	0.00678	0.00330	0.00256	0.00764
13	0.01597	0.01461	0.03023	0.06649	0.02874	0.01376	0.56627	0.02043	0.01435	0.14693	0.01385	0.01666	0.00989	0.00544	0.00674	0.00196	0.00899	0.00670	0.00372	0.00826
14	0.02653	0.01006	0.01372	0.01052	0.01510	0.00869	0.00869	0.02882	0.01693	0.75937	0.02333	0.02013	0.01464	0.00732	0.00595	0.00183	0.00503	0.00595	0.00732	0.01006
15	0.01027	0.00514	0.00770	0.00770	0.00770	0.00514	0.00514	0.00770	0.00770	0.01027	0.01027	0.01798	0.01027	0.02054	0.02311	0.82794	0.00514	0.00514	0.00257	0.00257
16	0.01393	0.01333	0.02273	0.18680	0.61027	0.01387	0.01780	0.01753	0.01313	0.01847	0.01100	0.01487	0.00907	0.00540	0.00587	0.00180	0.00720	0.00527	0.00287	0.00880
17	0.00716	0.00600	0.00622	0.00617	0.00809	0.00506	0.00463	0.00881	0.01388	0.01692	0.14433	0.05536	0.66787	0.01463	0.00699	0.00198	0.00297	0.01226	0.00562	0.00506
18	0.00721	0.00515	0.00686	0.00823	0.00858	0.00480	0.00549	0.00823	0.01132	0.01510	0.03259	0.78831	0.03911	0.01853	0.00755	0.00240	0.00343	0.01681	0.00549	0.00480
19	0.72277	0.01214	0.00993	0.00858	0.01238	0.01396	0.00707	0.11578	0.01249	0.02800	0.00905	0.01024	0.00690	0.00571	0.00397	0.00182	0.00484	0.00349	0.00397	0.00690
20	0.02052	0.17594	0.01956	0.01426	0.01757	0.59511	0.01123	0.02211	0.01554	0.01436	0.00891	0.01053	0.00762	0.00606	0.00559	0.00152	0.03994	0.00374	0.00293	0.00698
21	0.01239	0.02687	0.57686	0.01891	0.02695	0.01404	0.20278	0.01878	0.01286	0.01878	0.01096	0.01337	0.00787	0.00546	0.00596	0.00190	0.00905	0.00503	0.00262	0.00855
22	0.01247	0.02678	0.59881	0.01666	0.04126	0.01394	0.03494	0.02092	0.13931	0.01979	0.01298	0.01427	0.00940	0.00601	0.00572	0.00190	0.00802	0.00485	0.00313	0.00885
23	0.01749	0.01271	0.01392	0.01197	0.01566	0.01414	0.00946	0.10988	0.54673	0.14484	0.02284	0.02087	0.01661	0.00781	0.00599	0.00195	0.00494	0.00641	0.00622	0.00955
24	0.01351	0.01290	0.02197	0.27711	0.52327	0.01375	0.01759	0.01716	0.01293	0.01795	0.01092	0.01500	0.00889	0.00548	0.00587	0.00183	0.00730	0.00526	0.00283	0.00846
25	0.01488	0.01422	0.02062	0.22790	0.40508	0.06743	0.01607	0.07671	0.06301	0.01968	0.01193	0.01511	0.00948	0.00583	0.00585	0.00181	0.00731	0.00526	0.00330	0.00850
26	0.01335	0.02393	0.48262	0.01818	0.05272	0.01312	0.16419	0.01911	0.01342	0.07772	0.05530	0.01573	0.01126	0.00599	0.00601	0.00189	0.00828	0.00543	0.00323	0.00853
27	0.00845	0.00634	0.00950	0.00950	0.01056	0.00739	0.00739	0.01056	0.00950	0.01373	0.01584	0.02323	0.01478	0.04435	0.76873	0.00950	0.01584	0.00634	0.00317	0.00528
28	0.01688	0.69561	0.02898	0.01050	0.01539	0.07510	0.01013	0.01877	0.01264	0.05757	0.00917	0.01019	0.00800	0.00526	0.00403	0.00132	0.00655	0.00337	0.00285	0.00768
29	0.00721	0.00515	0.00686	0.00823	0.00858	0.00480	0.00549	0.00823	0.01132	0.01510	0.03259	0.78831	0.03911	0.01853	0.00755	0.00240	0.00343	0.01681	0.00549	0.00480
30	0.01361	0.01529	0.03244	0.02351	0.02879	0.01481	0.64696	0.01814	0.01346	0.01841	0.01243	0.04589	0.01005	0.00595	0.00801	0.00206	0.07218	0.00722	0.00306	0.00773
31	0.01123	0.01065	0.01890	0.58876	0.03575	0.01247	0.11325	0.01484	0.01191	0.01543	0.01226	0.07039	0.01033	0.00728	0.00689	0.03625	0.00774	0.00630	0.00288	0.00647

[dist]
# distance from previous block
# <min> <max>
3	92

# created by:
# /software/SequenceAnalysis/GenePrediction/augustus/3.0.1/scripts/msa2prfl.pl ./fixed/BUSCOvEOG7CJWZC.fas
