[name]
unknown

[dist]
# distance from previous block
# <min> <max>
0	7

[block]
# block no. 0 follows, 41 sequences, length 40
# corresponding to MSA columns:
# 7-46
name=unknown_A
#
# <colnr> <probs for GDERKNQSTAVLIFYWHMCP>
#	G	D	E	R	K	N	Q	S	T	A	V	L	I	F	Y	W	H	M	C	P
0	0.01251	0.01135	0.01881	0.08831	0.49497	0.01156	0.01509	0.01572	0.01294	0.01792	0.01618	0.02834	0.01562	0.00814	0.00629	0.00198	0.00643	0.20656	0.00349	0.00778
1	0.01291	0.00693	0.00907	0.00792	0.01017	0.00619	0.00616	0.01537	0.01599	0.23069	0.49753	0.03720	0.09945	0.01063	0.00647	0.00180	0.00332	0.00920	0.00644	0.00657
2	0.01096	0.00803	0.00960	0.00841	0.01048	0.00802	0.00652	0.16807	0.01833	0.02537	0.56453	0.03713	0.08025	0.01080	0.00653	0.00179	0.00348	0.00932	0.00612	0.00630
3	0.01175	0.01033	0.01395	0.11862	0.01809	0.00896	0.05622	0.02957	0.01202	0.01802	0.01072	0.01340	0.00883	0.00741	0.06203	0.00170	0.00593	0.00409	0.00326	0.58512
4	0.01251	0.02466	0.50004	0.01663	0.02275	0.06407	0.08286	0.01755	0.01179	0.01697	0.00972	0.01235	0.00744	0.00635	0.00828	0.00194	0.16919	0.00458	0.00251	0.00782
5	0.01322	0.01263	0.02152	0.24509	0.56066	0.01334	0.01709	0.01673	0.01258	0.01755	0.01059	0.01446	0.00866	0.00527	0.00568	0.00176	0.00703	0.00509	0.00275	0.00830
6	0.02140	0.02636	0.01629	0.01461	0.01769	0.71529	0.01104	0.08061	0.01706	0.01576	0.00923	0.01059	0.00756	0.00597	0.00520	0.00149	0.00999	0.00380	0.00317	0.00688
7	0.02457	0.01149	0.01436	0.01101	0.01548	0.01102	0.00910	0.22840	0.01932	0.56258	0.02009	0.01786	0.01292	0.00702	0.00574	0.00175	0.00527	0.00558	0.00670	0.00973
8	0.00810	0.00585	0.00765	0.00720	0.00855	0.00540	0.00540	0.01079	0.01619	0.02294	0.76028	0.04273	0.05397	0.01169	0.00675	0.00180	0.00270	0.01034	0.00630	0.00540
9	0.01077	0.01025	0.01780	0.67351	0.03660	0.01232	0.07339	0.01448	0.01157	0.01491	0.01167	0.06621	0.00968	0.00644	0.00590	0.00194	0.00751	0.00595	0.00275	0.00635
10	0.00676	0.00579	0.00579	0.00579	0.00773	0.00483	0.00435	0.00821	0.01304	0.01545	0.05794	0.05505	0.76098	0.01449	0.00676	0.00193	0.00290	0.01207	0.00531	0.00483
11	0.00697	0.00498	0.00664	0.00796	0.00830	0.00465	0.00531	0.00796	0.01095	0.01460	0.03153	0.79525	0.03783	0.01792	0.00730	0.00232	0.00332	0.01626	0.00531	0.00465
12	0.01357	0.00831	0.01035	0.00925	0.01078	0.00877	0.00682	0.17869	0.07220	0.05313	0.01358	0.05691	0.01212	0.01522	0.01567	0.49475	0.00515	0.00575	0.00385	0.00512
13	0.66391	0.01213	0.01029	0.00873	0.01249	0.01388	0.00720	0.17293	0.01342	0.02789	0.00920	0.01024	0.00695	0.00564	0.00401	0.00176	0.00483	0.00354	0.00401	0.00695
14	0.01080	0.01017	0.01716	0.78523	0.03940	0.01271	0.01589	0.01461	0.01144	0.01461	0.01017	0.01525	0.00762	0.00572	0.00572	0.00191	0.00762	0.00508	0.00254	0.00635
15	0.01147	0.02959	0.76934	0.01630	0.02476	0.01328	0.02113	0.01811	0.01208	0.01811	0.01026	0.01208	0.00725	0.00543	0.00543	0.00181	0.00845	0.00423	0.00242	0.00845
16	0.01068	0.01000	0.01681	0.75965	0.03837	0.01244	0.01554	0.01440	0.01142	0.01461	0.01087	0.04092	0.00862	0.00612	0.00577	0.00192	0.00748	0.00545	0.00263	0.00630
17	0.83938	0.01106	0.00841	0.00752	0.01106	0.01283	0.00619	0.01681	0.00973	0.02566	0.00796	0.00929	0.00619	0.00531	0.00354	0.00177	0.00442	0.00310	0.00354	0.00619
18	0.01805	0.01217	0.01362	0.01147	0.01512	0.01323	0.00912	0.18197	0.39726	0.19233	0.02146	0.05594	0.01603	0.00790	0.00585	0.00187	0.00492	0.00649	0.00606	0.00914
19	0.01237	0.01347	0.08135	0.45138	0.03340	0.01340	0.19637	0.07004	0.01316	0.01754	0.01079	0.01482	0.00804	0.00551	0.00590	0.00186	0.00798	0.00538	0.00288	0.03435
20	0.02219	0.01157	0.01337	0.01093	0.01486	0.06678	0.00889	0.06365	0.13766	0.50266	0.02171	0.02174	0.01519	0.00766	0.00586	0.00183	0.00532	0.05265	0.00638	0.00910
21	0.00841	0.00610	0.00834	0.00854	0.00920	0.00597	0.04029	0.00952	0.01038	0.01376	0.02414	0.24391	0.02755	0.37270	0.01735	0.00384	0.00508	0.17617	0.00435	0.00440
22	0.77861	0.01143	0.00906	0.00794	0.01156	0.01320	0.00654	0.07088	0.01101	0.02644	0.00839	0.00962	0.00646	0.00543	0.00370	0.00177	0.00456	0.00325	0.00370	0.00646
23	0.02333	0.01177	0.01433	0.01117	0.01551	0.01165	0.00917	0.22867	0.09860	0.48256	0.02017	0.01806	0.01327	0.00709	0.00575	0.00177	0.00523	0.00566	0.00656	0.00966
24	0.01355	0.01528	0.03291	0.02499	0.08863	0.01439	0.68446	0.01826	0.01346	0.01835	0.01151	0.01533	0.00871	0.00484	0.00666	0.00191	0.00942	0.00662	0.00289	0.00782
25	0.01080	0.01017	0.01716	0.78523	0.03940	0.01271	0.01589	0.01461	0.01144	0.01461	0.01017	0.01525	0.00762	0.00572	0.00572	0.00191	0.00762	0.00508	0.00254	0.00635
26	0.00697	0.00498	0.00664	0.00796	0.00830	0.00465	0.00531	0.00796	0.01095	0.01460	0.03153	0.79525	0.03783	0.01792	0.00730	0.00232	0.00332	0.01626	0.00531	0.00465
27	0.00697	0.00498	0.00664	0.00796	0.00830	0.00465	0.00531	0.00796	0.01095	0.01460	0.03153	0.79525	0.03783	0.01792	0.00730	0.00232	0.00332	0.01626	0.00531	0.00465
28	0.01350	0.01543	0.03375	0.02411	0.02989	0.01446	0.74253	0.01832	0.01350	0.01832	0.01157	0.01543	0.00868	0.00482	0.00675	0.00193	0.00964	0.00675	0.00289	0.00771
29	0.01109	0.02301	0.52344	0.01570	0.02231	0.01186	0.11883	0.01649	0.01211	0.01780	0.01383	0.12285	0.01209	0.00716	0.00581	0.00188	0.00763	0.00632	0.04212	0.00767
30	0.00697	0.00498	0.00664	0.00796	0.00830	0.00465	0.00531	0.00796	0.01095	0.01460	0.03153	0.79525	0.03783	0.01792	0.00730	0.00232	0.00332	0.01626	0.00531	0.00465
31	0.00810	0.00585	0.00765	0.00720	0.00855	0.00540	0.00540	0.01079	0.01619	0.02294	0.76028	0.04273	0.05397	0.01169	0.00675	0.00180	0.00270	0.01034	0.00630	0.00540
32	0.01147	0.02959	0.76934	0.01630	0.02476	0.01328	0.02113	0.01811	0.01208	0.01811	0.01026	0.01208	0.00725	0.00543	0.00543	0.00181	0.00845	0.00423	0.00242	0.00845
33	0.01447	0.63656	0.18865	0.01119	0.01684	0.02063	0.01222	0.01734	0.01172	0.01446	0.00845	0.00980	0.00732	0.00501	0.00405	0.00135	0.00662	0.00331	0.00244	0.00758
34	0.01394	0.01337	0.02282	0.08410	0.71602	0.01353	0.01745	0.01736	0.01292	0.01842	0.01072	0.01423	0.00897	0.00514	0.00567	0.00171	0.00685	0.00510	0.00281	0.00888
35	0.01283	0.01084	0.01172	0.01074	0.01350	0.01228	0.00826	0.02598	0.59445	0.02310	0.12729	0.08186	0.02410	0.00907	0.00606	0.00195	0.00418	0.00774	0.00585	0.00821
36	0.01080	0.01017	0.01716	0.78523	0.03940	0.01271	0.01589	0.01461	0.01144	0.01461	0.01017	0.01525	0.00762	0.00572	0.00572	0.00191	0.00762	0.00508	0.00254	0.00635
37	0.00991	0.00502	0.00725	0.00725	0.00734	0.00502	0.00483	0.00790	0.00781	0.01078	0.01093	0.01861	0.01078	0.05585	0.02140	0.73635	0.00483	0.00515	0.06027	0.00273
38	0.00922	0.00658	0.00922	0.01053	0.01185	0.00658	0.00922	0.01185	0.01317	0.01712	0.03029	0.06452	0.03292	0.01580	0.00790	0.00263	0.00527	0.72480	0.00527	0.00527
39	0.01416	0.01359	0.02322	0.03511	0.76330	0.01359	0.01755	0.01755	0.01302	0.01869	0.01076	0.01416	0.00906	0.00510	0.00566	0.00170	0.00680	0.00510	0.00283	0.00906

[dist]
# distance from previous block
# <min> <max>
4	7

[block]
# block no. 1 follows, 41 sequences, length 29
# corresponding to MSA columns:
# 55-83
name=unknown_B
#
# <colnr> <probs for GDERKNQSTAVLIFYWHMCP>
#	G	D	E	R	K	N	Q	S	T	A	V	L	I	F	Y	W	H	M	C	P
0	0.01204	0.01642	0.21946	0.34284	0.26473	0.01314	0.01781	0.01648	0.01211	0.01684	0.01038	0.01406	0.00798	0.00545	0.00563	0.00182	0.00758	0.00486	0.00260	0.00777
1	0.00839	0.00604	0.00806	0.00809	0.00943	0.00571	0.00641	0.01108	0.01539	0.02139	0.56581	0.04853	0.04836	0.01279	0.00705	0.00202	0.00338	0.20068	0.00602	0.00536
2	0.01147	0.02959	0.76934	0.01630	0.02476	0.01328	0.02113	0.01811	0.01208	0.01811	0.01026	0.01208	0.00725	0.00543	0.00543	0.00181	0.00845	0.00423	0.00242	0.00845
3	0.00799	0.00636	0.00944	0.21504	0.01658	0.00679	0.00813	0.00974	0.01108	0.01460	0.02584	0.58745	0.02978	0.01467	0.00688	0.00221	0.00447	0.01328	0.00457	0.00510
4	0.01439	0.01472	0.01302	0.01014	0.01465	0.21233	0.00792	0.01665	0.01302	0.01740	0.00981	0.01145	0.00818	0.00468	0.00448	0.00101	0.00586	0.00347	0.00327	0.61354
5	0.01499	0.59227	0.02817	0.01653	0.21412	0.02022	0.01186	0.01724	0.01200	0.01485	0.00870	0.01050	0.00780	0.00495	0.00420	0.00135	0.00630	0.00360	0.00255	0.00780
6	0.01779	0.01359	0.01432	0.01185	0.01522	0.04894	0.00940	0.51508	0.02216	0.02933	0.01825	0.22178	0.01711	0.00977	0.00612	0.00187	0.00569	0.00804	0.00549	0.00823
7	0.01186	0.01017	0.01186	0.00847	0.01356	0.00762	0.00678	0.01440	0.01186	0.01864	0.01017	0.01186	0.00847	0.00424	0.00424	0.00085	0.00424	0.00339	0.00339	0.83395
8	0.01372	0.01173	0.01716	0.57955	0.03363	0.01405	0.01455	0.20899	0.01555	0.02032	0.01112	0.01485	0.00818	0.00602	0.00572	0.00186	0.00727	0.00510	0.00339	0.00725
9	0.01883	0.01446	0.01716	0.21885	0.02351	0.01640	0.01221	0.54985	0.02278	0.03034	0.01278	0.01414	0.00917	0.00656	0.00572	0.00177	0.00665	0.00513	0.00487	0.00883
10	0.01261	0.01065	0.01194	0.01099	0.01363	0.01234	0.00855	0.02502	0.55482	0.02109	0.02116	0.02164	0.01662	0.01712	0.21109	0.00387	0.00740	0.00638	0.00509	0.00800
11	0.00989	0.00734	0.00802	0.00768	0.00854	0.00786	0.00495	0.01420	0.20670	0.01451	0.01942	0.03314	0.01991	0.58819	0.02291	0.00458	0.00527	0.00782	0.00409	0.00495
12	0.00697	0.00498	0.00664	0.00796	0.00830	0.00465	0.00531	0.00796	0.01095	0.01460	0.03153	0.79525	0.03783	0.01792	0.00730	0.00232	0.00332	0.01626	0.00531	0.00465
13	0.00691	0.00520	0.00641	0.00739	0.00814	0.00469	0.00505	0.00803	0.01151	0.01483	0.03856	0.59805	0.23048	0.01701	0.00716	0.00222	0.00321	0.01514	0.00531	0.00469
14	0.02462	0.01141	0.01431	0.01097	0.01544	0.01089	0.00906	0.21872	0.01917	0.57246	0.02021	0.01794	0.01298	0.00702	0.00574	0.00176	0.00525	0.00559	0.00672	0.00973
15	0.00832	0.00555	0.00624	0.00624	0.00624	0.00555	0.00347	0.00832	0.00832	0.01109	0.01802	0.03743	0.02080	0.79898	0.02911	0.00555	0.00555	0.00832	0.00347	0.00347
16	0.01775	0.01330	0.01414	0.01120	0.01507	0.01430	0.00913	0.54815	0.02320	0.03056	0.02551	0.02474	0.20987	0.00890	0.00600	0.00177	0.00539	0.00699	0.00561	0.00842
17	0.01449	0.01173	0.01327	0.00972	0.01467	0.01032	0.00787	0.20883	0.01587	0.02328	0.01112	0.01236	0.00881	0.00494	0.00463	0.00108	0.00478	0.00386	0.00401	0.61437
18	0.01356	0.56912	0.02406	0.00976	0.01357	0.03908	0.00912	0.01544	0.01110	0.01342	0.00994	0.01275	0.00920	0.01505	0.20955	0.00335	0.00868	0.00389	0.00262	0.00673
19	0.01057	0.00878	0.01457	0.57803	0.03089	0.01065	0.01298	0.01271	0.01038	0.01337	0.01010	0.01582	0.00824	0.00949	0.01015	0.22347	0.00692	0.00505	0.00253	0.00532
20	0.01409	0.01240	0.01279	0.01156	0.01457	0.04841	0.00898	0.04537	0.62154	0.02263	0.02153	0.02077	0.01647	0.01143	0.08859	0.00269	0.00599	0.00627	0.00539	0.00854
21	0.00697	0.00498	0.00664	0.00796	0.00830	0.00465	0.00531	0.00796	0.01095	0.01460	0.03153	0.79525	0.03783	0.01792	0.00730	0.00232	0.00332	0.01626	0.00531	0.00465
22	0.00735	0.00526	0.00707	0.00831	0.00884	0.00497	0.00589	0.00867	0.01152	0.01536	0.06469	0.65237	0.03784	0.01732	0.00736	0.00235	0.00358	0.12115	0.00535	0.00477
23	0.02524	0.01041	0.01369	0.01050	0.01494	0.00941	0.00867	0.10486	0.01750	0.68868	0.02162	0.01885	0.01368	0.00706	0.00575	0.00176	0.00502	0.00569	0.00693	0.00973
24	0.02057	0.01539	0.01716	0.09614	0.02007	0.01720	0.01141	0.66582	0.02523	0.03374	0.01335	0.01390	0.00950	0.00674	0.00572	0.00174	0.00644	0.00514	0.00538	0.00936
25	0.01342	0.01159	0.01217	0.01101	0.01411	0.01322	0.00855	0.02801	0.67345	0.02302	0.02701	0.02496	0.09737	0.00848	0.00592	0.00194	0.00435	0.00707	0.00577	0.00860
26	0.01393	0.01222	0.01706	0.01450	0.01497	0.01654	0.01207	0.01528	0.00958	0.09474	0.00913	0.01326	0.00822	0.00970	0.01737	0.00242	0.70429	0.00509	0.00299	0.00663
27	0.00956	0.00694	0.00867	0.00784	0.00953	0.00672	0.00599	0.08962	0.01734	0.02435	0.68005	0.03961	0.04922	0.01117	0.00664	0.00179	0.00308	0.00979	0.00623	0.00586
28	0.02137	0.02726	0.01621	0.01474	0.01768	0.77602	0.01105	0.02284	0.01621	0.01400	0.00884	0.01031	0.00737	0.00589	0.00516	0.00147	0.01031	0.00368	0.00295	0.00663

[dist]
# distance from previous block
# <min> <max>
0	12

[block]
# block no. 2 follows, 41 sequences, length 10
# corresponding to MSA columns:
# 96-105
name=unknown_C
#
# <colnr> <probs for GDERKNQSTAVLIFYWHMCP>
#	G	D	E	R	K	N	Q	S	T	A	V	L	I	F	Y	W	H	M	C	P
0	0.00932	0.00520	0.00581	0.00629	0.00726	0.00508	0.00447	0.01138	0.01162	0.01888	0.02333	0.30242	0.02308	0.01075	0.00520	0.00169	0.00290	0.00930	0.53093	0.00508
1	0.00801	0.00565	0.00696	0.00687	0.00765	0.00535	0.00464	0.00950	0.01267	0.01748	0.38794	0.11809	0.06884	0.29839	0.01493	0.00322	0.00380	0.01028	0.00513	0.00460
2	0.01099	0.00998	0.01342	0.01183	0.01183	0.01317	0.00923	0.01179	0.00860	0.01279	0.01133	0.02156	0.01233	0.29657	0.02253	0.00361	0.50413	0.00621	0.00285	0.00524
3	0.02174	0.01602	0.01717	0.01316	0.01774	0.01774	0.01087	0.74423	0.02689	0.03605	0.01373	0.01373	0.00973	0.00687	0.00572	0.00172	0.00629	0.00515	0.00572	0.00973
4	0.00746	0.00518	0.00649	0.00734	0.00755	0.00497	0.00464	0.00809	0.00999	0.01333	0.02662	0.52000	0.03164	0.30161	0.01522	0.00349	0.00413	0.01338	0.00464	0.00422
5	0.00713	0.00551	0.00651	0.00690	0.00812	0.00489	0.00493	0.00870	0.01298	0.01681	0.20509	0.32115	0.34054	0.01511	0.00695	0.00204	0.00301	0.01321	0.00553	0.00489
6	0.54241	0.01286	0.01159	0.00957	0.01349	0.01461	0.00789	0.28102	0.01597	0.02944	0.01006	0.01090	0.00748	0.00588	0.00433	0.00175	0.00510	0.00384	0.00433	0.00748
7	0.01099	0.00998	0.01342	0.01183	0.01183	0.01317	0.00923	0.01179	0.00860	0.01279	0.01133	0.02156	0.01233	0.29657	0.02253	0.00361	0.50413	0.00621	0.00285	0.00524
8	0.01080	0.01017	0.01716	0.78523	0.03940	0.01271	0.01589	0.01461	0.01144	0.01461	0.01017	0.01525	0.00762	0.00572	0.00572	0.00191	0.00762	0.00508	0.00254	0.00635
9	0.01202	0.01141	0.01936	0.51278	0.30233	0.01303	0.01649	0.01568	0.01201	0.01609	0.01038	0.01485	0.00815	0.00549	0.00570	0.00183	0.00732	0.00509	0.00265	0.00734

[dist]
# distance from previous block
# <min> <max>
0	20

[block]
# block no. 3 follows, 41 sequences, length 48
# corresponding to MSA columns:
# 126-173
name=unknown_D
#
# <colnr> <probs for GDERKNQSTAVLIFYWHMCP>
#	G	D	E	R	K	N	Q	S	T	A	V	L	I	F	Y	W	H	M	C	P
0	0.01511	0.72219	0.03036	0.01125	0.01623	0.02180	0.08449	0.01725	0.01181	0.01395	0.00832	0.00981	0.00748	0.00489	0.00398	0.00130	0.00648	0.00343	0.00249	0.00738
1	0.83938	0.01106	0.00841	0.00752	0.01106	0.01283	0.00619	0.01681	0.00973	0.02566	0.00796	0.00929	0.00619	0.00531	0.00354	0.00177	0.00442	0.00310	0.00354	0.00619
2	0.01151	0.02761	0.69212	0.01550	0.02361	0.01271	0.01967	0.01774	0.01205	0.01817	0.01025	0.01205	0.00737	0.00531	0.00531	0.00171	0.00802	0.00414	0.00251	0.09261
3	0.00810	0.00585	0.00765	0.00720	0.00855	0.00540	0.00540	0.01079	0.01619	0.02294	0.76028	0.04273	0.05397	0.01169	0.00675	0.00180	0.00270	0.01034	0.00630	0.00540
4	0.01041	0.00964	0.01608	0.70599	0.03622	0.01189	0.01481	0.01394	0.01139	0.01461	0.01234	0.09477	0.01070	0.00696	0.00588	0.00195	0.00719	0.00622	0.00282	0.00618
5	0.00676	0.00579	0.00579	0.00579	0.00773	0.00483	0.00435	0.00821	0.01304	0.01545	0.05794	0.05505	0.76098	0.01449	0.00676	0.00193	0.00290	0.01207	0.00531	0.00483
6	0.00977	0.00503	0.00733	0.00733	0.00733	0.00503	0.00481	0.00754	0.00754	0.01005	0.01076	0.01943	0.01104	0.09930	0.02304	0.74916	0.00503	0.00531	0.00258	0.00258
7	0.01458	0.72118	0.02755	0.00943	0.01382	0.02089	0.00914	0.01623	0.01129	0.01322	0.00898	0.01206	0.00871	0.08585	0.00626	0.00166	0.00606	0.00359	0.00255	0.00695
8	0.00711	0.00504	0.00660	0.00779	0.00809	0.00474	0.00512	0.00800	0.01068	0.01424	0.03015	0.71799	0.03609	0.09755	0.00952	0.00265	0.00355	0.01545	0.00512	0.00453
9	0.01346	0.01287	0.01748	0.01483	0.01529	0.01754	0.01235	0.08824	0.01061	0.01604	0.00814	0.01264	0.00773	0.00969	0.01744	0.00242	0.70877	0.00502	0.00283	0.00661
10	0.83938	0.01106	0.00841	0.00752	0.01106	0.01283	0.00619	0.01681	0.00973	0.02566	0.00796	0.00929	0.00619	0.00531	0.00354	0.00177	0.00442	0.00310	0.00354	0.00619
11	0.83938	0.01106	0.00841	0.00752	0.01106	0.01283	0.00619	0.01681	0.00973	0.02566	0.00796	0.00929	0.00619	0.00531	0.00354	0.00177	0.00442	0.00310	0.00354	0.00619
12	0.02174	0.01602	0.01717	0.01316	0.01774	0.01774	0.01087	0.74423	0.02689	0.03605	0.01373	0.01373	0.00973	0.00687	0.00572	0.00172	0.00629	0.00515	0.00572	0.00973
13	0.01147	0.02959	0.76934	0.01630	0.02476	0.01328	0.02113	0.01811	0.01208	0.01811	0.01026	0.01208	0.00725	0.00543	0.00543	0.00181	0.00845	0.00423	0.00242	0.00845
14	0.02173	0.01644	0.01713	0.01322	0.01774	0.04598	0.01088	0.71736	0.02650	0.03523	0.01355	0.01361	0.00964	0.00683	0.00570	0.00171	0.00644	0.00510	0.00562	0.00961
15	0.00994	0.00497	0.00745	0.00745	0.00745	0.00497	0.00497	0.00745	0.00745	0.00994	0.00994	0.01739	0.00994	0.01987	0.02235	0.83358	0.00497	0.00497	0.00248	0.00248
16	0.00832	0.00555	0.00624	0.00624	0.00624	0.00555	0.00347	0.00832	0.00832	0.01109	0.01802	0.03743	0.02080	0.79898	0.02911	0.00555	0.00555	0.00832	0.00347	0.00347
17	0.01423	0.01229	0.01293	0.01164	0.01487	0.01423	0.00905	0.03039	0.75297	0.02393	0.02328	0.02134	0.01746	0.00776	0.00582	0.00194	0.00453	0.00647	0.00582	0.00905
18	0.01445	0.63202	0.19299	0.01122	0.01690	0.02057	0.01229	0.01735	0.01172	0.01448	0.00846	0.00982	0.00732	0.00501	0.00406	0.00135	0.00663	0.00332	0.00244	0.00759
19	0.02174	0.01602	0.01717	0.01316	0.01774	0.01774	0.01087	0.74423	0.02689	0.03605	0.01373	0.01373	0.00973	0.00687	0.00572	0.00172	0.00629	0.00515	0.00572	0.00973
20	0.02137	0.02726	0.01621	0.01474	0.01768	0.77602	0.01105	0.02284	0.01621	0.01400	0.00884	0.01031	0.00737	0.00589	0.00516	0.00147	0.01031	0.00368	0.00295	0.00663
21	0.01810	0.02200	0.01410	0.01288	0.01544	0.58661	0.00966	0.01988	0.01620	0.01620	0.19353	0.01828	0.01882	0.00732	0.00555	0.00155	0.00844	0.00532	0.00377	0.00633
22	0.02566	0.00973	0.01327	0.01018	0.01460	0.00841	0.00841	0.02788	0.01637	0.76726	0.02257	0.01947	0.01416	0.00708	0.00575	0.00177	0.00487	0.00575	0.00708	0.00973
23	0.00676	0.00579	0.00579	0.00579	0.00773	0.00483	0.00435	0.00821	0.01304	0.01545	0.05794	0.05505	0.76098	0.01449	0.00676	0.00193	0.00290	0.01207	0.00531	0.00483
24	0.02566	0.00973	0.01327	0.01018	0.01460	0.00841	0.00841	0.02788	0.01637	0.76726	0.02257	0.01947	0.01416	0.00708	0.00575	0.00177	0.00487	0.00575	0.00708	0.00973
25	0.02174	0.01602	0.01717	0.01316	0.01774	0.01774	0.01087	0.74423	0.02689	0.03605	0.01373	0.01373	0.00973	0.00687	0.00572	0.00172	0.00629	0.00515	0.00572	0.00973
26	0.00697	0.00498	0.00664	0.00796	0.00830	0.00465	0.00531	0.00796	0.01095	0.01460	0.03153	0.79525	0.03783	0.01792	0.00730	0.00232	0.00332	0.01626	0.00531	0.00465
27	0.02566	0.00973	0.01327	0.01018	0.01460	0.00841	0.00841	0.02788	0.01637	0.76726	0.02257	0.01947	0.01416	0.00708	0.00575	0.00177	0.00487	0.00575	0.00708	0.00973
28	0.00832	0.00555	0.00624	0.00624	0.00624	0.00555	0.00347	0.00832	0.00832	0.01109	0.01802	0.03743	0.02080	0.79898	0.02911	0.00555	0.00555	0.00832	0.00347	0.00347
29	0.01251	0.01251	0.01752	0.01502	0.01502	0.01752	0.01251	0.01377	0.00876	0.01377	0.00751	0.01251	0.00751	0.01001	0.01877	0.00250	0.78851	0.00501	0.00250	0.00626
30	0.01186	0.01017	0.01186	0.00847	0.01356	0.00762	0.00678	0.01440	0.01186	0.01864	0.01017	0.01186	0.00847	0.00424	0.00424	0.00085	0.00424	0.00339	0.00339	0.83395
31	0.01423	0.01229	0.01293	0.01164	0.01487	0.01423	0.00905	0.03039	0.75297	0.02393	0.02328	0.02134	0.01746	0.00776	0.00582	0.00194	0.00453	0.00647	0.00582	0.00905
32	0.02506	0.00960	0.01308	0.01007	0.01439	0.00830	0.00830	0.02729	0.01637	0.74171	0.04789	0.02027	0.01553	0.00724	0.00579	0.00177	0.00479	0.00591	0.00705	0.00959
33	0.01350	0.01543	0.03375	0.02411	0.02989	0.01446	0.74253	0.01832	0.01350	0.01832	0.01157	0.01543	0.00868	0.00482	0.00675	0.00193	0.00964	0.00675	0.00289	0.00771
34	0.00697	0.00498	0.00664	0.00796	0.00830	0.00465	0.00531	0.00796	0.01095	0.01460	0.03153	0.79525	0.03783	0.01792	0.00730	0.00232	0.00332	0.01626	0.00531	0.00465
35	0.00697	0.00498	0.00664	0.00796	0.00830	0.00465	0.00531	0.00796	0.01095	0.01460	0.03153	0.79525	0.03783	0.01792	0.00730	0.00232	0.00332	0.01626	0.00531	0.00465
36	0.00697	0.00498	0.00664	0.00796	0.00830	0.00465	0.00531	0.00796	0.01095	0.01460	0.03153	0.79525	0.03783	0.01792	0.00730	0.00232	0.00332	0.01626	0.00531	0.00465
37	0.00676	0.00579	0.00579	0.00579	0.00773	0.00483	0.00435	0.00821	0.01304	0.01545	0.05794	0.05505	0.76098	0.01449	0.00676	0.00193	0.00290	0.01207	0.00531	0.00483
38	0.02566	0.00973	0.01327	0.01018	0.01460	0.00841	0.00841	0.02788	0.01637	0.76726	0.02257	0.01947	0.01416	0.00708	0.00575	0.00177	0.00487	0.00575	0.00708	0.00973
39	0.01423	0.01229	0.01293	0.01164	0.01487	0.01423	0.00905	0.03039	0.75297	0.02393	0.02328	0.02134	0.01746	0.00776	0.00582	0.00194	0.00453	0.00647	0.00582	0.00905
40	0.02465	0.01290	0.01409	0.01114	0.01536	0.11977	0.00904	0.10018	0.01742	0.58437	0.01969	0.01757	0.01273	0.00689	0.00566	0.00172	0.00580	0.00539	0.00635	0.00929
41	0.02114	0.02620	0.01630	0.01465	0.01761	0.71070	0.01108	0.06478	0.01663	0.01528	0.00909	0.01058	0.00751	0.00606	0.00557	0.00152	0.03159	0.00381	0.00310	0.00680
42	0.01147	0.02959	0.76934	0.01630	0.02476	0.01328	0.02113	0.01811	0.01208	0.01811	0.01026	0.01208	0.00725	0.00543	0.00543	0.00181	0.00845	0.00423	0.00242	0.00845
43	0.00679	0.00568	0.00592	0.00611	0.00781	0.00480	0.00448	0.00817	0.01274	0.01533	0.05414	0.16151	0.65697	0.01498	0.00684	0.00199	0.00296	0.01267	0.00531	0.00480
44	0.01251	0.01251	0.01752	0.01502	0.01502	0.01752	0.01251	0.01377	0.00876	0.01377	0.00751	0.01251	0.00751	0.01001	0.01877	0.00250	0.78851	0.00501	0.00250	0.00626
45	0.00832	0.00555	0.00624	0.00624	0.00624	0.00555	0.00347	0.00832	0.00832	0.01109	0.01802	0.03743	0.02080	0.79898	0.02911	0.00555	0.00555	0.00832	0.00347	0.00347
46	0.00994	0.00497	0.00745	0.00745	0.00745	0.00497	0.00497	0.00745	0.00745	0.00994	0.00994	0.01739	0.00994	0.01987	0.02235	0.83358	0.00497	0.00497	0.00248	0.00248
47	0.01529	0.80242	0.02997	0.00979	0.01468	0.02263	0.00979	0.01713	0.01162	0.01346	0.00795	0.00918	0.00734	0.00489	0.00367	0.00122	0.00612	0.00306	0.00245	0.00734

[dist]
# distance from previous block
# <min> <max>
0	1

[block]
# block no. 4 follows, 41 sequences, length 23
# corresponding to MSA columns:
# 175-197
name=unknown_E
#
# <colnr> <probs for GDERKNQSTAVLIFYWHMCP>
#	G	D	E	R	K	N	Q	S	T	A	V	L	I	F	Y	W	H	M	C	P
0	0.02174	0.01602	0.01717	0.01316	0.01774	0.01774	0.01087	0.74423	0.02689	0.03605	0.01373	0.01373	0.00973	0.00687	0.00572	0.00172	0.00629	0.00515	0.00572	0.00973
1	0.01080	0.01017	0.01716	0.78523	0.03940	0.01271	0.01589	0.01461	0.01144	0.01461	0.01017	0.01525	0.00762	0.00572	0.00572	0.00191	0.00762	0.00508	0.00254	0.00635
2	0.01107	0.01030	0.01632	0.61707	0.03387	0.01215	0.01423	0.01453	0.01136	0.01522	0.01002	0.01455	0.00776	0.00571	0.00620	0.00177	0.05006	0.00480	0.00268	0.14034
3	0.01147	0.02959	0.76934	0.01630	0.02476	0.01328	0.02113	0.01811	0.01208	0.01811	0.01026	0.01208	0.00725	0.00543	0.00543	0.00181	0.00845	0.00423	0.00242	0.00845
4	0.01186	0.01017	0.01186	0.00847	0.01356	0.00762	0.00678	0.01440	0.01186	0.01864	0.01017	0.01186	0.00847	0.00424	0.00424	0.00085	0.00424	0.00339	0.00339	0.83395
5	0.00832	0.00555	0.00624	0.00624	0.00624	0.00555	0.00347	0.00832	0.00832	0.01109	0.01802	0.03743	0.02080	0.79898	0.02911	0.00555	0.00555	0.00832	0.00347	0.00347
6	0.02461	0.00950	0.01294	0.01000	0.01424	0.00823	0.00823	0.02685	0.01636	0.72247	0.06696	0.02087	0.01655	0.00736	0.00581	0.00177	0.00474	0.00603	0.00703	0.00947
7	0.00882	0.00601	0.00788	0.00732	0.00879	0.00552	0.00552	0.01149	0.01620	0.05343	0.73006	0.04177	0.05234	0.01150	0.00671	0.00180	0.00279	0.01016	0.00633	0.00557
8	0.00810	0.00585	0.00765	0.00720	0.00855	0.00540	0.00540	0.01079	0.01619	0.02294	0.76028	0.04273	0.05397	0.01169	0.00675	0.00180	0.00270	0.01034	0.00630	0.00540
9	0.01416	0.01359	0.02322	0.03511	0.76330	0.01359	0.01755	0.01755	0.01302	0.01869	0.01076	0.01416	0.00906	0.00510	0.00566	0.00170	0.00680	0.00510	0.00283	0.00906
10	0.01423	0.01229	0.01293	0.01164	0.01487	0.01423	0.00905	0.03039	0.75297	0.02393	0.02328	0.02134	0.01746	0.00776	0.00582	0.00194	0.00453	0.00647	0.00582	0.00905
11	0.08965	0.00984	0.01289	0.00997	0.01432	0.00875	0.00823	0.02701	0.01585	0.70895	0.02142	0.01867	0.01353	0.00694	0.00558	0.00177	0.00483	0.00554	0.00680	0.00946
12	0.02174	0.01602	0.01717	0.01316	0.01774	0.01774	0.01087	0.74423	0.02689	0.03605	0.01373	0.01373	0.00973	0.00687	0.00572	0.00172	0.00629	0.00515	0.00572	0.00973
13	0.01208	0.15336	0.65093	0.01526	0.02314	0.01478	0.01932	0.01796	0.01200	0.01737	0.00989	0.01161	0.00726	0.00535	0.00515	0.00172	0.00808	0.00404	0.00242	0.00828
14	0.01014	0.00764	0.00990	0.01074	0.01241	0.00800	0.00919	0.01528	0.14979	0.01838	0.02899	0.05655	0.03006	0.01432	0.00752	0.00251	0.00513	0.59214	0.00537	0.00597
15	0.01147	0.02959	0.76934	0.01630	0.02476	0.01328	0.02113	0.01811	0.01208	0.01811	0.01026	0.01208	0.00725	0.00543	0.00543	0.00181	0.00845	0.00423	0.00242	0.00845
16	0.01080	0.01017	0.01716	0.78523	0.03940	0.01271	0.01589	0.01461	0.01144	0.01461	0.01017	0.01525	0.00762	0.00572	0.00572	0.00191	0.00762	0.00508	0.00254	0.00635
17	0.00803	0.00580	0.00759	0.00724	0.00853	0.00536	0.00539	0.01064	0.01590	0.02248	0.72017	0.08415	0.05308	0.01204	0.00678	0.00183	0.00273	0.01067	0.00624	0.00536
18	0.01080	0.01017	0.01716	0.78523	0.03940	0.01271	0.01589	0.01461	0.01144	0.01461	0.01017	0.01525	0.00762	0.00572	0.00572	0.00191	0.00762	0.00508	0.00254	0.00635
19	0.00697	0.00498	0.00664	0.00796	0.00830	0.00465	0.00531	0.00796	0.01095	0.01460	0.03153	0.79525	0.03783	0.01792	0.00730	0.00232	0.00332	0.01626	0.00531	0.00465
20	0.00831	0.00732	0.05500	0.00776	0.00955	0.00589	0.00638	0.01125	0.01594	0.02264	0.71366	0.04082	0.05107	0.01130	0.00666	0.00180	0.00306	0.00996	0.00606	0.00559
21	0.01173	0.01014	0.01691	0.73705	0.03785	0.01244	0.01542	0.01544	0.01174	0.06140	0.01094	0.01551	0.00803	0.00580	0.00572	0.00190	0.00745	0.00512	0.00282	0.00656
22	0.00832	0.00555	0.00624	0.00624	0.00624	0.00555	0.00347	0.00832	0.00832	0.01109	0.01802	0.03743	0.02080	0.79898	0.02911	0.00555	0.00555	0.00832	0.00347	0.00347

[dist]
# distance from previous block
# <min> <max>
0	1

[block]
# block no. 5 follows, 41 sequences, length 15
# corresponding to MSA columns:
# 199-213
name=unknown_F
#
# <colnr> <probs for GDERKNQSTAVLIFYWHMCP>
#	G	D	E	R	K	N	Q	S	T	A	V	L	I	F	Y	W	H	M	C	P
0	0.01035	0.00852	0.01077	0.00877	0.01219	0.00743	0.00693	0.01269	0.01077	0.01645	0.01227	0.01620	0.01085	0.02004	0.31987	0.00426	0.00877	0.00451	0.00326	0.49511
1	0.00697	0.00498	0.00664	0.00796	0.00830	0.00465	0.00531	0.00796	0.01095	0.01460	0.03153	0.79525	0.03783	0.01792	0.00730	0.00232	0.00332	0.01626	0.00531	0.00465
2	0.50205	0.01156	0.01026	0.00921	0.01262	0.01340	0.00736	0.02237	0.31357	0.02495	0.01423	0.01422	0.01080	0.00631	0.00447	0.00184	0.00447	0.00447	0.00447	0.00736
3	0.01629	0.01395	0.01738	0.01426	0.01613	0.01761	0.01184	0.31238	0.01617	0.02287	0.01005	0.01301	0.00842	0.00873	0.01344	0.00218	0.46874	0.00506	0.00382	0.00768
4	0.00905	0.00782	0.00878	0.00918	0.01008	0.08547	0.00669	0.01054	0.01061	0.01383	0.02136	0.33758	0.02340	0.05129	0.36015	0.00548	0.00961	0.01008	0.00398	0.00503
5	0.00697	0.00498	0.00664	0.00796	0.00830	0.00465	0.00531	0.00796	0.01095	0.01460	0.03153	0.79525	0.03783	0.01792	0.00730	0.00232	0.00332	0.01626	0.00531	0.00465
6	0.00746	0.00545	0.00768	0.00847	0.00908	0.00567	0.00606	0.00888	0.01023	0.01406	0.02490	0.47933	0.02821	0.02813	0.32168	0.00513	0.00823	0.01212	0.00439	0.00483
7	0.01730	0.01381	0.01466	0.01226	0.01604	0.01566	0.00980	0.32221	0.45614	0.02888	0.01938	0.01823	0.01430	0.00739	0.00578	0.00185	0.00525	0.00593	0.00578	0.00933
8	0.01802	0.00779	0.01056	0.00927	0.01202	0.00687	0.00714	0.01974	0.01416	0.45957	0.02623	0.33661	0.02384	0.01151	0.00639	0.00200	0.00423	0.01005	0.00636	0.00765
9	0.00913	0.00783	0.00855	0.00711	0.01038	0.00633	0.00552	0.01158	0.04065	0.01708	0.03710	0.03611	0.42511	0.01004	0.00569	0.00149	0.00351	0.00831	0.00454	0.34394
10	0.00990	0.00857	0.01168	0.01039	0.01119	0.01035	0.00831	0.01201	0.01315	0.01919	0.45254	0.03038	0.03498	0.01101	0.01166	0.00209	0.32395	0.00816	0.00475	0.00575
11	0.02312	0.02010	0.01501	0.01287	0.01642	0.46221	0.00997	0.02490	0.01628	0.32194	0.01445	0.01406	0.01014	0.00638	0.00540	0.00159	0.00809	0.00453	0.00464	0.00790
12	0.35016	0.01053	0.01045	0.00808	0.01254	0.00975	0.00654	0.01539	0.01099	0.02151	0.00927	0.01081	0.00754	0.00467	0.00395	0.00122	0.00431	0.00327	0.00345	0.49556
13	0.01770	0.01363	0.01500	0.01124	0.01603	0.01360	0.00920	0.44587	0.02075	0.02893	0.01227	0.01297	0.00921	0.00579	0.00511	0.00136	0.00545	0.00443	0.00477	0.34667
14	0.01775	0.02123	0.01674	0.01485	0.01659	0.46594	0.01165	0.01913	0.01316	0.01390	0.00830	0.01121	0.00743	0.00758	0.01072	0.00189	0.32845	0.00422	0.00277	0.00648

[dist]
# distance from previous block
# <min> <max>
0	1

[block]
# block no. 6 follows, 41 sequences, length 14
# corresponding to MSA columns:
# 215-228
name=unknown_G
#
# <colnr> <probs for GDERKNQSTAVLIFYWHMCP>
#	G	D	E	R	K	N	Q	S	T	A	V	L	I	F	Y	W	H	M	C	P
0	0.01320	0.01495	0.03250	0.02336	0.02889	0.01401	0.70842	0.01784	0.01338	0.01815	0.01249	0.05150	0.01003	0.00543	0.00678	0.00195	0.00935	0.00719	0.00300	0.00757
1	0.01350	0.01543	0.03375	0.02411	0.02989	0.01446	0.74253	0.01832	0.01350	0.01832	0.01157	0.01543	0.00868	0.00482	0.00675	0.00193	0.00964	0.00675	0.00289	0.00771
2	0.36165	0.01446	0.01264	0.01052	0.01439	0.13262	0.00849	0.17252	0.01589	0.18685	0.01264	0.01282	0.00901	0.00622	0.00480	0.00174	0.00589	0.00425	0.00473	0.00786
3	0.01389	0.46467	0.18309	0.01100	0.01669	0.01745	0.01161	0.01685	0.01187	0.01573	0.00909	0.01061	0.00773	0.00498	0.00424	0.00130	0.00626	0.00344	0.00270	0.18679
4	0.01557	0.37131	0.27478	0.01281	0.01883	0.01850	0.01388	0.17513	0.01519	0.02007	0.01015	0.01137	0.00799	0.00561	0.00478	0.00156	0.00699	0.00396	0.00320	0.00831
5	0.01478	0.21136	0.42780	0.01416	0.02092	0.01657	0.01623	0.17534	0.01528	0.02104	0.01063	0.01197	0.00797	0.00573	0.00515	0.00168	0.00747	0.00420	0.00320	0.00854
6	0.01446	0.01110	0.01278	0.00953	0.01416	0.00966	0.00766	0.16544	0.01567	0.06170	0.07532	0.01549	0.01304	0.00567	0.00491	0.00119	0.00462	0.00452	0.00436	0.54871
7	0.01471	0.02535	0.60361	0.01507	0.02264	0.01231	0.01841	0.02033	0.01311	0.18061	0.01310	0.01391	0.00890	0.00590	0.00557	0.00183	0.00772	0.00461	0.00348	0.00881
8	0.01132	0.00679	0.00794	0.00716	0.00952	0.00583	0.00553	0.01315	0.01453	0.18012	0.19943	0.04484	0.44720	0.01237	0.00661	0.00190	0.00334	0.01037	0.00595	0.00610
9	0.01247	0.01480	0.17641	0.01053	0.01632	0.00949	0.01018	0.05440	0.01281	0.01960	0.01054	0.01224	0.00843	0.00475	0.00465	0.00114	0.00532	0.00372	0.00336	0.60883
10	0.00804	0.00610	0.00748	0.00771	0.00921	0.00557	0.00607	0.01016	0.01419	0.01864	0.29820	0.08722	0.29219	0.01407	0.00713	0.00211	0.00351	0.19148	0.00570	0.00522
11	0.01522	0.62922	0.02634	0.01030	0.01484	0.02087	0.00969	0.02011	0.17238	0.01589	0.01145	0.01205	0.00969	0.00563	0.00421	0.00141	0.00583	0.00385	0.00324	0.00779
12	0.53509	0.01301	0.01177	0.00972	0.01365	0.01473	0.00800	0.28584	0.01619	0.02963	0.01027	0.01117	0.00766	0.00600	0.00442	0.00178	0.00517	0.00391	0.00440	0.00759
13	0.01367	0.01066	0.01184	0.01065	0.01358	0.01166	0.00832	0.02517	0.50250	0.07318	0.16385	0.02728	0.02480	0.00885	0.00611	0.00193	0.00428	0.04175	0.00594	0.03399

[dist]
# distance from previous block
# <min> <max>
8	12

[block]
# block no. 7 follows, 41 sequences, length 17
# corresponding to MSA columns:
# 241-257
name=unknown_H
#
# <colnr> <probs for GDERKNQSTAVLIFYWHMCP>
#	G	D	E	R	K	N	Q	S	T	A	V	L	I	F	Y	W	H	M	C	P
0	0.02105	0.01564	0.01679	0.01291	0.01746	0.01720	0.01064	0.68688	0.05514	0.03488	0.01397	0.01396	0.00998	0.00680	0.00567	0.00169	0.00614	0.00513	0.00563	0.04244
1	0.01340	0.01512	0.03245	0.02318	0.02892	0.01406	0.69884	0.01809	0.01340	0.01834	0.01149	0.01522	0.00867	0.00479	0.00660	0.00186	0.00932	0.00655	0.00292	0.05677
2	0.01186	0.01017	0.01186	0.00847	0.01356	0.00762	0.00678	0.01440	0.01186	0.01864	0.01017	0.01186	0.00847	0.00424	0.00424	0.00085	0.00424	0.00339	0.00339	0.83395
3	0.00810	0.00585	0.00765	0.00720	0.00855	0.00540	0.00540	0.01079	0.01619	0.02294	0.76028	0.04273	0.05397	0.01169	0.00675	0.00180	0.00270	0.01034	0.00630	0.00540
4	0.01080	0.01017	0.01716	0.78523	0.03940	0.01271	0.01589	0.01461	0.01144	0.01461	0.01017	0.01525	0.00762	0.00572	0.00572	0.00191	0.00762	0.00508	0.00254	0.00635
5	0.01080	0.01017	0.01716	0.78523	0.03940	0.01271	0.01589	0.01461	0.01144	0.01461	0.01017	0.01525	0.00762	0.00572	0.00572	0.00191	0.00762	0.00508	0.00254	0.00635
6	0.01423	0.01229	0.01293	0.01164	0.01487	0.01423	0.00905	0.03039	0.75297	0.02393	0.02328	0.02134	0.01746	0.00776	0.00582	0.00194	0.00453	0.00647	0.00582	0.00905
7	0.01186	0.01017	0.01186	0.00847	0.01356	0.00762	0.00678	0.01440	0.01186	0.01864	0.01017	0.01186	0.00847	0.00424	0.00424	0.00085	0.00424	0.00339	0.00339	0.83395
8	0.00693	0.00513	0.00648	0.00757	0.00819	0.00468	0.00513	0.00801	0.01133	0.01476	0.03634	0.66034	0.16963	0.01729	0.00720	0.00225	0.00324	0.01550	0.00531	0.00468
9	0.00697	0.00498	0.00664	0.00796	0.00830	0.00465	0.00531	0.00796	0.01095	0.01460	0.03153	0.79525	0.03783	0.01792	0.00730	0.00232	0.00332	0.01626	0.00531	0.00465
10	0.01251	0.01251	0.01752	0.01502	0.01502	0.01752	0.01251	0.01377	0.00876	0.01377	0.00751	0.01251	0.00751	0.01001	0.01877	0.00250	0.78851	0.00501	0.00250	0.00626
11	0.02137	0.02726	0.01621	0.01474	0.01768	0.77602	0.01105	0.02284	0.01621	0.01400	0.00884	0.01031	0.00737	0.00589	0.00516	0.00147	0.01031	0.00368	0.00295	0.00663
12	0.00832	0.00555	0.00624	0.00624	0.00624	0.00555	0.00347	0.00832	0.00832	0.01109	0.01802	0.03743	0.02080	0.79898	0.02911	0.00555	0.00555	0.00832	0.00347	0.00347
13	0.00812	0.00584	0.00746	0.00837	0.00903	0.00567	0.00574	0.06536	0.01219	0.01627	0.03014	0.73433	0.03564	0.01706	0.00718	0.00228	0.00355	0.01539	0.00534	0.00504
14	0.01259	0.01274	0.01878	0.01573	0.01618	0.01728	0.06942	0.01412	0.00913	0.01412	0.00783	0.01274	0.00760	0.00961	0.01783	0.00246	0.72780	0.00514	0.00253	0.00637
15	0.00877	0.00644	0.00859	0.00967	0.01110	0.00626	0.00833	0.01119	0.01314	0.01681	0.03533	0.06279	0.16561	0.01556	0.00769	0.00251	0.00484	0.59490	0.00528	0.00519
16	0.00697	0.00498	0.00664	0.00796	0.00830	0.00465	0.00531	0.00796	0.01095	0.01460	0.03153	0.79525	0.03783	0.01792	0.00730	0.00232	0.00332	0.01626	0.00531	0.00465

[dist]
# distance from previous block
# <min> <max>
0	1

[block]
# block no. 8 follows, 41 sequences, length 7
# corresponding to MSA columns:
# 259-265
name=unknown_I
#
# <colnr> <probs for GDERKNQSTAVLIFYWHMCP>
#	G	D	E	R	K	N	Q	S	T	A	V	L	I	F	Y	W	H	M	C	P
0	0.02174	0.01602	0.01717	0.01316	0.01774	0.01774	0.01087	0.74423	0.02689	0.03605	0.01373	0.01373	0.00973	0.00687	0.00572	0.00172	0.00629	0.00515	0.00572	0.00973
1	0.02083	0.01514	0.01619	0.01251	0.01682	0.01671	0.01030	0.68393	0.02566	0.03483	0.01414	0.01436	0.01013	0.00685	0.00558	0.00168	0.00599	0.00516	0.07379	0.00936
2	0.01080	0.01017	0.01716	0.78523	0.03940	0.01271	0.01589	0.01461	0.01144	0.01461	0.01017	0.01525	0.00762	0.00572	0.00572	0.00191	0.00762	0.00508	0.00254	0.00635
3	0.01904	0.01751	0.13073	0.01341	0.01837	0.01653	0.01215	0.52560	0.13488	0.03149	0.01466	0.01464	0.01052	0.00678	0.00569	0.00176	0.00635	0.00521	0.00523	0.00943
4	0.01790	0.01449	0.01918	0.13161	0.02248	0.01553	0.12234	0.45477	0.02110	0.02847	0.01253	0.01405	0.00913	0.00613	0.00574	0.00170	0.00681	0.00522	0.00459	0.08623
5	0.54844	0.01052	0.01011	0.12564	0.01553	0.01166	0.00765	0.01595	0.01042	0.02271	0.00914	0.01116	0.00716	0.00527	0.00400	0.00163	0.00480	0.00355	0.04279	0.13186
6	0.01011	0.00828	0.01045	0.12625	0.01474	0.00879	0.00796	0.01270	0.04795	0.06455	0.03654	0.03633	0.40802	0.01113	0.00818	0.00195	0.12317	0.00880	0.00450	0.04963

[dist]
# distance from previous block
# <min> <max>
24	126

[block]
# block no. 9 follows, 41 sequences, length 12
# corresponding to MSA columns:
# 406-417
name=unknown_J
#
# <colnr> <probs for GDERKNQSTAVLIFYWHMCP>
#	G	D	E	R	K	N	Q	S	T	A	V	L	I	F	Y	W	H	M	C	P
0	0.01838	0.01422	0.01716	0.25077	0.02440	0.01619	0.01241	0.51968	0.02214	0.02945	0.01264	0.01420	0.00908	0.00651	0.00572	0.00177	0.00670	0.00513	0.00474	0.00869
1	0.01976	0.00850	0.01138	0.00961	0.01278	0.00760	0.00755	0.04832	0.01509	0.50849	0.02500	0.25801	0.02128	0.01041	0.00623	0.00194	0.00444	0.00896	0.00648	0.00817
2	0.00784	0.00562	0.00610	0.00610	0.00670	0.00532	0.00374	0.00828	0.00977	0.01243	0.03031	0.04285	0.24860	0.55754	0.02223	0.00443	0.00473	0.00947	0.00403	0.00389
3	0.01588	0.01197	0.01319	0.01130	0.01433	0.01310	0.00884	0.39297	0.14879	0.02733	0.02088	0.25558	0.01973	0.01042	0.00622	0.00194	0.00507	0.00880	0.00561	0.00805
4	0.01375	0.01091	0.01199	0.01087	0.01352	0.01210	0.00833	0.19074	0.35448	0.02390	0.02358	0.25774	0.02192	0.01068	0.00625	0.00201	0.00457	0.00917	0.00564	0.00785
5	0.00889	0.00569	0.00693	0.00662	0.00797	0.00538	0.00497	0.01157	0.01490	0.02244	0.53204	0.03614	0.04187	0.01015	0.00590	0.00166	0.00269	0.00880	0.26003	0.00538
6	0.01152	0.01172	0.02088	0.01640	0.01892	0.01311	0.28745	0.01423	0.01095	0.01544	0.01477	0.01963	0.06892	0.04338	0.14595	0.00352	0.26726	0.00654	0.00301	0.00639
7	0.01706	0.01314	0.01447	0.01200	0.01554	0.01481	0.00966	0.39635	0.24726	0.02834	0.01695	0.01760	0.01291	0.01343	0.14033	0.00309	0.00733	0.00573	0.00529	0.00871
8	0.13951	0.01348	0.01587	0.24994	0.02341	0.01546	0.01172	0.41191	0.01959	0.02791	0.01178	0.01354	0.00856	0.00628	0.00540	0.00178	0.00643	0.00483	0.00442	0.00817
9	0.01469	0.01010	0.01113	0.00968	0.01285	0.01051	0.00763	0.07926	0.32868	0.16298	0.03306	0.03076	0.24505	0.00963	0.00609	0.00189	0.00423	0.00795	0.00589	0.00794
10	0.16626	0.01240	0.01393	0.01087	0.01520	0.01279	0.00897	0.30278	0.01928	0.35517	0.01660	0.01547	0.01106	0.00669	0.00535	0.00175	0.00534	0.00506	0.00594	0.00911
11	0.61401	0.01133	0.01015	0.00856	0.01236	0.01256	0.00706	0.09282	0.01264	0.15623	0.01110	0.01152	0.00795	0.00578	0.00415	0.00176	0.00469	0.00377	0.00438	0.00717

[dist]
# distance from previous block
# <min> <max>
0	30

[block]
# block no. 10 follows, 41 sequences, length 7
# corresponding to MSA columns:
# 451-457
name=unknown_K
#
# <colnr> <probs for GDERKNQSTAVLIFYWHMCP>
#	G	D	E	R	K	N	Q	S	T	A	V	L	I	F	Y	W	H	M	C	P
0	0.01089	0.01636	0.25578	0.33896	0.02950	0.01210	0.11538	0.01538	0.01186	0.01622	0.01312	0.11399	0.01151	0.00707	0.00597	0.00193	0.00761	0.00647	0.00290	0.00698
1	0.01366	0.05649	0.39621	0.01480	0.02158	0.01217	0.11475	0.01850	0.01271	0.10562	0.01176	0.01322	0.00850	0.00528	0.00533	0.00160	0.00725	0.00453	0.00322	0.17281
2	0.01241	0.00902	0.01128	0.00984	0.01203	0.00943	0.00786	0.06756	0.01321	0.11333	0.04483	0.13569	0.18736	0.01110	0.00892	0.00196	0.17184	0.04829	0.00473	0.11932
3	0.10475	0.01111	0.01309	0.01016	0.01439	0.01071	0.00833	0.19105	0.01756	0.36990	0.07212	0.01784	0.01454	0.00683	0.00540	0.00164	0.00491	0.00538	0.00587	0.11443
4	0.12184	0.01197	0.01290	0.01040	0.01454	0.01229	0.00836	0.15699	0.24293	0.11193	0.01603	0.01569	0.01184	0.00628	0.00509	0.00157	0.00481	0.00490	0.00502	0.22462
5	0.28253	0.11855	0.01445	0.16545	0.01825	0.01249	0.00904	0.01726	0.01161	0.11136	0.01067	0.01228	0.00811	0.00532	0.00442	0.00153	0.00532	0.00388	0.00359	0.18390
6	0.00818	0.00662	0.00996	0.25360	0.01812	0.00719	0.00865	0.01007	0.01110	0.01461	0.02478	0.54875	0.02829	0.01406	0.00680	0.00219	0.00468	0.01273	0.00443	0.00519

[dist]
# distance from previous block
# <min> <max>
0	1

[block]
# block no. 11 follows, 41 sequences, length 8
# corresponding to MSA columns:
# 459-466
name=unknown_L
#
# <colnr> <probs for GDERKNQSTAVLIFYWHMCP>
#	G	D	E	R	K	N	Q	S	T	A	V	L	I	F	Y	W	H	M	C	P
0	0.83938	0.01106	0.00841	0.00752	0.01106	0.01283	0.00619	0.01681	0.00973	0.02566	0.00796	0.00929	0.00619	0.00531	0.00354	0.00177	0.00442	0.00310	0.00354	0.00619
1	0.02067	0.01366	0.01539	0.01168	0.01632	0.01396	0.00961	0.46307	0.02195	0.17965	0.01484	0.01453	0.01038	0.00641	0.00545	0.00156	0.00562	0.00494	0.00556	0.16475
2	0.01347	0.43343	0.38299	0.01290	0.01949	0.01817	0.01520	0.01760	0.01184	0.01568	0.00906	0.01056	0.00730	0.00515	0.00451	0.00150	0.00723	0.00362	0.00243	0.00787
3	0.00994	0.00497	0.00745	0.00745	0.00745	0.00497	0.00497	0.00745	0.00745	0.00994	0.00994	0.01739	0.00994	0.01987	0.02235	0.83358	0.00497	0.00497	0.00248	0.00248
4	0.01581	0.01307	0.01383	0.01196	0.01548	0.01497	0.00944	0.18088	0.59990	0.02648	0.02127	0.01974	0.01583	0.00757	0.00580	0.00189	0.00490	0.00619	0.00580	0.00920
