[name]
unknown

[dist]
# distance from previous block
# <min> <max>
73	163

[block]
# block no. 0 follows, 39 sequences, length 17
# corresponding to MSA columns:
# 163-179
name=unknown_A
#
# <colnr> <probs for GDERKNQSTAVLIFYWHMCP>
#	G	D	E	R	K	N	Q	S	T	A	V	L	I	F	Y	W	H	M	C	P
0	0.23472	0.00738	0.00790	0.00762	0.00949	0.00755	0.00576	0.01233	0.01395	0.02290	0.41384	0.15490	0.05791	0.01139	0.00616	0.00194	0.00339	0.00967	0.00554	0.00567
1	0.00854	0.00582	0.00685	0.00672	0.00710	0.00569	0.00413	0.00930	0.01083	0.01483	0.21995	0.04020	0.03091	0.57807	0.02375	0.00467	0.00493	0.00917	0.00439	0.00413
2	0.01979	0.01523	0.01624	0.01306	0.01732	0.01708	0.01059	0.49218	0.27555	0.03294	0.01761	0.01692	0.01282	0.00742	0.00595	0.00185	0.00588	0.00579	0.00595	0.00982
3	0.01626	0.03733	0.06630	0.03643	0.01742	0.04761	0.01022	0.26209	0.01770	0.02475	0.01158	0.01292	0.00898	0.00570	0.00546	0.00137	0.02598	0.00429	0.00416	0.38346
4	0.01444	0.33625	0.07709	0.01251	0.01788	0.01649	0.10919	0.04146	0.06624	0.01796	0.01088	0.01242	0.00893	0.00518	0.00475	0.00137	0.00635	0.00419	0.00322	0.23318
5	0.68638	0.01277	0.04399	0.01108	0.06716	0.01353	0.03721	0.03445	0.01099	0.02561	0.00884	0.01046	0.00686	0.00550	0.00409	0.00183	0.00520	0.00361	0.00358	0.00687
6	0.04183	0.13140	0.07669	0.01175	0.01589	0.11476	0.03891	0.22556	0.01771	0.02236	0.02462	0.02454	0.21287	0.00857	0.00577	0.00175	0.00633	0.00669	0.00445	0.00757
7	0.01088	0.01033	0.01468	0.51117	0.03027	0.06585	0.01306	0.01384	0.01205	0.01506	0.01647	0.22742	0.01644	0.00939	0.00632	0.00206	0.00686	0.00832	0.00344	0.00611
8	0.00759	0.00531	0.00675	0.00774	0.00799	0.00506	0.00497	0.00833	0.01058	0.01410	0.02876	0.58258	0.03428	0.23085	0.01374	0.00332	0.00406	0.01456	0.00497	0.00447
9	0.01263	0.00962	0.01239	0.01107	0.01306	0.01118	0.00885	0.20980	0.01449	0.02023	0.01480	0.02000	0.01298	0.03165	0.50481	0.00688	0.06902	0.00597	0.00388	0.00668
10	0.02004	0.01302	0.01464	0.01204	0.01610	0.01403	0.00968	0.21983	0.35237	0.22972	0.02122	0.01942	0.01497	0.00758	0.00597	0.00190	0.00527	0.00612	0.00635	0.00974
11	0.01294	0.01294	0.01811	0.01553	0.01553	0.01811	0.01294	0.01423	0.00906	0.01423	0.00776	0.01294	0.00776	0.01035	0.01941	0.00259	0.78134	0.00518	0.00259	0.00647
12	0.01346	0.01436	0.02813	0.02018	0.02577	0.01312	0.51063	0.01768	0.01333	0.01888	0.01143	0.01484	0.00887	0.00500	0.00667	0.00171	0.03380	0.00597	0.00312	0.23307
13	0.00805	0.00580	0.00762	0.00766	0.00876	0.00537	0.00556	0.01036	0.01525	0.02135	0.55467	0.24840	0.05122	0.01386	0.00713	0.00201	0.00297	0.01237	0.00623	0.00537
14	0.02262	0.01019	0.01332	0.01004	0.01480	0.00847	0.00823	0.02500	0.01565	0.55625	0.01981	0.01797	0.01303	0.00651	0.00552	0.00157	0.00485	0.00528	0.00627	0.23463
15	0.01374	0.01210	0.01457	0.22224	0.02234	0.01428	0.01130	0.02695	0.54348	0.02210	0.02035	0.02034	0.01526	0.00744	0.00599	0.00200	0.00556	0.00629	0.00509	0.00859
16	0.01117	0.01051	0.01774	0.77795	0.04073	0.01314	0.01642	0.01511	0.01182	0.01511	0.01051	0.01577	0.00788	0.00591	0.00591	0.00197	0.00788	0.00526	0.00263	0.00657

[dist]
# distance from previous block
# <min> <max>
0	21

[block]
# block no. 1 follows, 39 sequences, length 24
# corresponding to MSA columns:
# 201-224
name=unknown_B
#
# <colnr> <probs for GDERKNQSTAVLIFYWHMCP>
#	G	D	E	R	K	N	Q	S	T	A	V	L	I	F	Y	W	H	M	C	P
0	0.02614	0.01069	0.01411	0.01082	0.01541	0.00962	0.00894	0.09670	0.01797	0.69001	0.02245	0.01956	0.01420	0.00730	0.00594	0.00182	0.00517	0.00589	0.00718	0.01006
1	0.00837	0.00604	0.00790	0.00744	0.00883	0.00558	0.00558	0.01116	0.01674	0.02371	0.75216	0.04417	0.05580	0.01209	0.00697	0.00186	0.00279	0.01069	0.00651	0.00558
2	0.83394	0.01144	0.00869	0.00778	0.01144	0.01327	0.00640	0.01738	0.01006	0.02653	0.00823	0.00961	0.00640	0.00549	0.00366	0.00183	0.00457	0.00320	0.00366	0.00640
3	0.01102	0.00551	0.00551	0.00551	0.00689	0.00551	0.00413	0.01378	0.01240	0.02205	0.01929	0.02205	0.01516	0.00689	0.00413	0.00138	0.00276	0.00551	0.82500	0.00551
4	0.00708	0.00599	0.00612	0.00609	0.00804	0.00503	0.00456	0.00866	0.01369	0.01649	0.10557	0.05607	0.70689	0.01479	0.00699	0.00199	0.00298	0.01236	0.00556	0.00503
5	0.00861	0.00605	0.00798	0.00901	0.00973	0.00595	0.00687	0.01016	0.01170	0.01539	0.02858	0.27459	0.03247	0.20752	0.01337	0.00337	0.00492	0.33395	0.00500	0.00480
6	0.79706	0.01137	0.00892	0.00790	0.01160	0.01306	0.00651	0.01791	0.01038	0.06001	0.00892	0.01009	0.00678	0.00557	0.00376	0.00183	0.00460	0.00333	0.00383	0.00657
7	0.01186	0.03059	0.76153	0.01686	0.02560	0.01373	0.02185	0.01873	0.01249	0.01873	0.01061	0.01249	0.00749	0.00562	0.00562	0.00187	0.00874	0.00437	0.00250	0.00874
8	0.00721	0.00515	0.00686	0.00823	0.00858	0.00480	0.00549	0.00823	0.01132	0.01510	0.03259	0.78831	0.03911	0.01853	0.00755	0.00240	0.00343	0.01681	0.00549	0.00480
9	0.00728	0.00521	0.00693	0.00818	0.00859	0.00485	0.00550	0.00843	0.01168	0.01566	0.08006	0.73922	0.04021	0.01810	0.00751	0.00237	0.00339	0.01641	0.00556	0.00485
10	0.02209	0.02819	0.01676	0.01524	0.01828	0.76843	0.01143	0.02361	0.01676	0.01447	0.00914	0.01066	0.00762	0.00609	0.00533	0.00152	0.01066	0.00381	0.00305	0.00686
11	0.63413	0.01345	0.01047	0.00919	0.01281	0.08644	0.00742	0.10154	0.01282	0.02625	0.00981	0.03543	0.00801	0.00616	0.00421	0.00181	0.00535	0.00395	0.00392	0.00682
12	0.02248	0.01656	0.01775	0.01361	0.01834	0.01834	0.01124	0.73556	0.02780	0.03727	0.01420	0.01420	0.01006	0.00710	0.00592	0.00177	0.00651	0.00532	0.00592	0.01006
13	0.01285	0.01049	0.01232	0.00883	0.01406	0.00792	0.00708	0.01547	0.01246	0.04985	0.01104	0.01259	0.00900	0.00450	0.00444	0.00092	0.00441	0.00360	0.00366	0.79451
14	0.00721	0.00515	0.00686	0.00823	0.00858	0.00480	0.00549	0.00823	0.01132	0.01510	0.03259	0.78831	0.03911	0.01853	0.00755	0.00240	0.00343	0.01681	0.00549	0.00480
15	0.00860	0.00573	0.00645	0.00645	0.00645	0.00573	0.00358	0.00860	0.00860	0.01147	0.01863	0.03870	0.02150	0.79217	0.03010	0.00573	0.00573	0.00860	0.00358	0.00358
16	0.01226	0.01051	0.01226	0.00876	0.01401	0.00788	0.00701	0.01489	0.01226	0.01927	0.01051	0.01226	0.00876	0.00438	0.00438	0.00088	0.00438	0.00350	0.00350	0.82832
17	0.83394	0.01144	0.00869	0.00778	0.01144	0.01327	0.00640	0.01738	0.01006	0.02653	0.00823	0.00961	0.00640	0.00549	0.00366	0.00183	0.00457	0.00320	0.00366	0.00640
18	0.01220	0.02858	0.67177	0.01922	0.11440	0.01377	0.02140	0.01866	0.01260	0.01880	0.01067	0.01275	0.00772	0.00558	0.00565	0.00186	0.00853	0.00448	0.00255	0.00882
19	0.02209	0.02819	0.01676	0.01524	0.01828	0.76843	0.01143	0.02361	0.01676	0.01447	0.00914	0.01066	0.00762	0.00609	0.00533	0.00152	0.01066	0.00381	0.00305	0.00686
20	0.01607	0.76401	0.03040	0.01033	0.01531	0.05419	0.01017	0.01795	0.01221	0.01394	0.00826	0.00954	0.00759	0.00510	0.00386	0.00128	0.00650	0.00319	0.00255	0.00756
21	0.00699	0.00599	0.00599	0.00599	0.00799	0.00499	0.00449	0.00849	0.01348	0.01598	0.05991	0.05691	0.75288	0.01498	0.00699	0.00200	0.00300	0.01248	0.00549	0.00499
22	0.01186	0.03059	0.76153	0.01686	0.02560	0.01373	0.02185	0.01873	0.01249	0.01873	0.01061	0.01249	0.00749	0.00562	0.00562	0.00187	0.00874	0.00437	0.00250	0.00874
23	0.01396	0.01595	0.03490	0.02493	0.03091	0.01496	0.73380	0.01894	0.01396	0.01894	0.01196	0.01595	0.00897	0.00499	0.00698	0.00199	0.00997	0.00698	0.00299	0.00798

[dist]
# distance from previous block
# <min> <max>
1	2

[block]
# block no. 2 follows, 39 sequences, length 15
# corresponding to MSA columns:
# 227-241
name=unknown_C
#
# <colnr> <probs for GDERKNQSTAVLIFYWHMCP>
#	G	D	E	R	K	N	Q	S	T	A	V	L	I	F	Y	W	H	M	C	P
0	0.01064	0.00564	0.00611	0.00611	0.00744	0.00579	0.00462	0.01330	0.01197	0.02080	0.01878	0.02222	0.01510	0.01250	0.11854	0.00259	0.00471	0.00564	0.70203	0.00548
1	0.00837	0.00604	0.00790	0.00744	0.00883	0.00558	0.00558	0.01116	0.01674	0.02371	0.75216	0.04417	0.05580	0.01209	0.00697	0.00186	0.00279	0.01069	0.00651	0.00558
2	0.00771	0.00571	0.00762	0.00876	0.00910	0.00565	0.00598	0.00870	0.01130	0.01521	0.03132	0.74313	0.03744	0.01815	0.00828	0.00244	0.04696	0.01618	0.00538	0.00499
3	0.01142	0.01075	0.01785	0.73862	0.03954	0.01347	0.01630	0.01518	0.01179	0.01523	0.01054	0.01585	0.00804	0.00624	0.00664	0.00203	0.04585	0.00530	0.00268	0.00665
4	0.00755	0.00613	0.00665	0.00651	0.00835	0.00526	0.00487	0.00935	0.01447	0.01825	0.24965	0.05354	0.56000	0.01427	0.00705	0.00199	0.00300	0.01203	0.00582	0.00524
5	0.00739	0.00528	0.00699	0.00835	0.00871	0.00491	0.00557	0.00837	0.01143	0.01526	0.03270	0.78645	0.03919	0.01860	0.00761	0.00243	0.00349	0.01683	0.00554	0.00489
6	0.83190	0.01155	0.00881	0.00789	0.01156	0.01335	0.00648	0.01749	0.01017	0.02666	0.00841	0.00985	0.00657	0.00560	0.00374	0.00186	0.00463	0.00326	0.00372	0.00649
7	0.01487	0.01281	0.01348	0.01214	0.01549	0.01479	0.00943	0.03149	0.74273	0.02487	0.02420	0.02227	0.01819	0.00813	0.00609	0.00204	0.00474	0.00674	0.00607	0.00944
8	0.01243	0.01063	0.01238	0.00887	0.01413	0.00798	0.00708	0.01501	0.01237	0.01942	0.01068	0.01250	0.00892	0.00450	0.00445	0.00091	0.00444	0.00356	0.00356	0.82619
9	0.02163	0.01817	0.01638	0.01349	0.01755	0.20484	0.01073	0.35252	0.14851	0.11140	0.01584	0.01558	0.01151	0.00714	0.00586	0.00179	0.00712	0.00530	0.00542	0.00921
10	0.01181	0.01161	0.06336	0.04413	0.01645	0.00883	0.07445	0.01455	0.01205	0.01805	0.01298	0.05953	0.01196	0.09487	0.00794	0.00176	0.00549	0.00534	0.00353	0.52131
11	0.01403	0.07458	0.10340	0.07441	0.20127	0.01521	0.39164	0.01850	0.01351	0.01854	0.01142	0.01503	0.00890	0.00529	0.00634	0.00190	0.00879	0.00597	0.00293	0.00834
12	0.01203	0.00897	0.01043	0.00910	0.01145	0.00909	0.00707	0.17968	0.05990	0.02628	0.47098	0.03740	0.11146	0.01109	0.00675	0.00189	0.00384	0.00944	0.00629	0.00686
13	0.10389	0.00598	0.00794	0.00783	0.00826	0.00616	0.00536	0.00894	0.00809	0.01229	0.01021	0.01724	0.00999	0.01891	0.02093	0.73202	0.00513	0.00497	0.00275	0.00310
14	0.01231	0.01063	0.01300	0.09614	0.01716	0.00858	0.00815	0.01503	0.01232	0.01895	0.01068	0.01289	0.00882	0.00467	0.00463	0.00103	0.00484	0.00376	0.00346	0.73296

[dist]
# distance from previous block
# <min> <max>
10	88

[block]
# block no. 3 follows, 39 sequences, length 13
# corresponding to MSA columns:
# 337-349
name=unknown_D
#
# <colnr> <probs for GDERKNQSTAVLIFYWHMCP>
#	G	D	E	R	K	N	Q	S	T	A	V	L	I	F	Y	W	H	M	C	P
0	0.01226	0.01051	0.01226	0.00876	0.01401	0.00788	0.00701	0.01489	0.01226	0.01927	0.01051	0.01226	0.00876	0.00438	0.00438	0.00088	0.00438	0.00350	0.00350	0.82832
1	0.00844	0.00533	0.00635	0.00717	0.00798	0.00505	0.00497	0.01007	0.01184	0.01744	0.03027	0.48205	0.08468	0.01444	0.00639	0.00204	0.00318	0.01278	0.27447	0.00505
2	0.01060	0.00875	0.01049	0.00859	0.01223	0.00687	0.00651	0.01271	0.01195	0.01790	0.01776	0.26698	0.01872	0.00902	0.00542	0.00138	0.00407	0.00787	0.00416	0.55802
3	0.02091	0.01000	0.01294	0.00978	0.01442	0.00827	0.00798	0.02333	0.01539	0.47835	0.05687	0.01879	0.01484	0.00660	0.00549	0.00152	0.00470	0.00539	0.00603	0.27840
4	0.01352	0.01286	0.01656	0.01438	0.01548	0.01700	0.01176	0.01988	0.25048	0.01768	0.01312	0.01593	0.01114	0.00959	0.01501	0.00240	0.52642	0.00567	0.00371	0.00742
5	0.01238	0.01095	0.01332	0.00998	0.01429	0.00973	0.00808	0.01477	0.01169	0.01836	0.01002	0.01238	0.00858	0.00546	0.00709	0.00118	0.14439	0.00380	0.00334	0.68022
6	0.01877	0.01458	0.01774	0.26448	0.02569	0.01663	0.01294	0.49909	0.02256	0.03000	0.01299	0.01471	0.00934	0.00671	0.00591	0.00184	0.00696	0.00530	0.00484	0.00891
7	0.01535	0.02599	0.51740	0.01579	0.02321	0.01525	0.01837	0.25401	0.01751	0.02481	0.01179	0.01305	0.00833	0.00610	0.00572	0.00184	0.00801	0.00468	0.00362	0.00917
8	0.00846	0.00527	0.00642	0.00734	0.00802	0.00504	0.00504	0.01005	0.01168	0.01738	0.02823	0.53680	0.03125	0.01471	0.00643	0.00207	0.00321	0.01310	0.27447	0.00504
9	0.01190	0.01051	0.01406	0.26123	0.02278	0.00961	0.01010	0.01496	0.01212	0.01790	0.01051	0.01341	0.00847	0.00488	0.00488	0.00124	0.00553	0.00408	0.00322	0.55860
10	0.00757	0.00591	0.00622	0.00620	0.00752	0.00526	0.00424	0.00863	0.01200	0.01480	0.07318	0.05044	0.48582	0.26996	0.01457	0.00322	0.00389	0.01114	0.00490	0.00455
11	0.01226	0.01051	0.01226	0.00876	0.01401	0.00788	0.00701	0.01489	0.01226	0.01927	0.01051	0.01226	0.00876	0.00438	0.00438	0.00088	0.00438	0.00350	0.00350	0.82832
12	0.28285	0.01530	0.07946	0.01789	0.02312	0.01417	0.39706	0.01815	0.01237	0.02129	0.01047	0.01340	0.00798	0.00533	0.00606	0.00191	0.03008	0.00538	0.00318	0.03456

[dist]
# distance from previous block
# <min> <max>
0	4

[block]
# block no. 4 follows, 39 sequences, length 7
# corresponding to MSA columns:
# 354-360
name=unknown_E
#
# <colnr> <probs for GDERKNQSTAVLIFYWHMCP>
#	G	D	E	R	K	N	Q	S	T	A	V	L	I	F	Y	W	H	M	C	P
0	0.01153	0.01002	0.01313	0.01277	0.10688	0.00896	0.00865	0.01380	0.01191	0.01790	0.01512	0.18107	0.01533	0.00812	0.00667	0.00148	0.07748	0.00677	0.00378	0.46864
1	0.06897	0.01105	0.01314	0.01017	0.01469	0.01017	0.00826	0.09001	0.09258	0.32288	0.04048	0.01751	0.01357	0.00652	0.00537	0.00156	0.00484	0.00521	0.00565	0.25739
2	0.01157	0.01014	0.01405	0.28510	0.02309	0.01039	0.01072	0.03982	0.01232	0.01750	0.01356	0.12257	0.01269	0.00741	0.00643	0.00163	0.05741	0.00618	0.00349	0.33394
3	0.01435	0.01486	0.02864	0.03146	0.44724	0.01444	0.32248	0.01849	0.01368	0.01916	0.01148	0.01520	0.00920	0.00515	0.00633	0.00186	0.00828	0.00600	0.00295	0.00878
4	0.07708	0.01022	0.01443	0.28123	0.02356	0.01040	0.01098	0.02115	0.01417	0.34464	0.04263	0.01792	0.01256	0.00657	0.00565	0.00179	0.00586	0.00544	0.00499	0.08872
5	0.01144	0.00986	0.01325	0.05822	0.01480	0.01151	0.00994	0.04920	0.01182	0.01681	0.01764	0.14755	0.01873	0.05103	0.01234	0.00243	0.27685	0.14340	0.00394	0.11924
6	0.01337	0.01326	0.02338	0.09185	0.02454	0.01208	0.34039	0.04759	0.01366	0.01948	0.01133	0.01438	0.00883	0.00492	0.00578	0.00153	0.00737	0.00534	0.00329	0.33762

[dist]
# distance from previous block
# <min> <max>
6	138

# created by:
# /software/SequenceAnalysis/GenePrediction/augustus/3.0.1/scripts/msa2prfl.pl ./fixed/BUSCOvEOG7B2VBH.fas
