[name]
unknown

[dist]
# distance from previous block
# <min> <max>
45	187

[block]
# block no. 0 follows, 41 sequences, length 10
# corresponding to MSA columns:
# 236-245
name=unknown_A
#
# <colnr> <probs for GDERKNQSTAVLIFYWHMCP>
#	G	D	E	R	K	N	Q	S	T	A	V	L	I	F	Y	W	H	M	C	P
0	0.02326	0.01099	0.01366	0.01068	0.01489	0.01060	0.00875	0.16797	0.08116	0.52772	0.02072	0.01858	0.01359	0.00708	0.00568	0.00175	0.00502	0.00568	0.04273	0.00948
1	0.83877	0.01110	0.00844	0.00756	0.01110	0.01286	0.00622	0.01685	0.00977	0.02570	0.00802	0.00936	0.00624	0.00534	0.00356	0.00178	0.00444	0.00311	0.00356	0.00622
2	0.00701	0.00508	0.00661	0.00782	0.00829	0.00469	0.00525	0.00802	0.01115	0.01472	0.03371	0.73444	0.09672	0.01766	0.00728	0.00230	0.00330	0.01593	0.00533	0.00469
3	0.01305	0.01426	0.02917	0.14989	0.06646	0.01441	0.52605	0.01733	0.01278	0.01740	0.01102	0.01516	0.00848	0.00544	0.00753	0.00197	0.07307	0.00626	0.00282	0.00746
4	0.00927	0.00613	0.00804	0.00742	0.00897	0.00562	0.00561	0.01192	0.01623	0.07038	0.71274	0.04129	0.05145	0.01143	0.00670	0.00181	0.00286	0.01006	0.00636	0.00570
5	0.33024	0.49943	0.02175	0.00896	0.01333	0.01891	0.00843	0.01704	0.01093	0.01817	0.00801	0.00929	0.00695	0.00509	0.00364	0.00144	0.00549	0.00309	0.00288	0.00693
6	0.01534	0.80182	0.02999	0.00982	0.01472	0.02265	0.00981	0.01716	0.01165	0.01351	0.00800	0.00925	0.00739	0.00493	0.00369	0.00123	0.00613	0.00308	0.00246	0.00737
7	0.01215	0.09367	0.60878	0.01733	0.06047	0.01422	0.07917	0.01805	0.01223	0.01781	0.01025	0.01228	0.00751	0.00536	0.00542	0.00177	0.00828	0.00439	0.00250	0.00835
8	0.00773	0.00636	0.00685	0.00672	0.00857	0.00577	0.00503	0.01064	0.07679	0.01766	0.19247	0.08783	0.51997	0.01356	0.00673	0.00194	0.00304	0.01148	0.00557	0.00532
9	0.00813	0.00691	0.03351	0.00759	0.00937	0.00588	0.00609	0.01094	0.03762	0.01993	0.42456	0.07702	0.24713	0.01276	0.00681	0.00194	0.00326	0.06935	0.00576	0.00544

[dist]
# distance from previous block
# <min> <max>
0	2

[block]
# block no. 1 follows, 41 sequences, length 25
# corresponding to MSA columns:
# 248-272
name=unknown_B
#
# <colnr> <probs for GDERKNQSTAVLIFYWHMCP>
#	G	D	E	R	K	N	Q	S	T	A	V	L	I	F	Y	W	H	M	C	P
0	0.83907	0.01108	0.00843	0.00754	0.01108	0.01284	0.00621	0.01683	0.00975	0.02568	0.00799	0.00933	0.00622	0.00533	0.00355	0.00177	0.00443	0.00311	0.00355	0.00621
1	0.02140	0.01585	0.01697	0.01310	0.01761	0.01758	0.01079	0.70894	0.06251	0.03547	0.01423	0.01414	0.01013	0.00693	0.00574	0.00173	0.00622	0.00522	0.00573	0.00971
2	0.00914	0.00609	0.00799	0.00739	0.00892	0.00559	0.00558	0.01180	0.01622	0.06602	0.71732	0.04140	0.05167	0.01144	0.00670	0.00180	0.00283	0.01008	0.00635	0.00566
3	0.02139	0.02727	0.01622	0.01475	0.01770	0.77572	0.01106	0.02285	0.01622	0.01402	0.00887	0.01035	0.00739	0.00591	0.00517	0.00148	0.01032	0.00369	0.00296	0.00664
4	0.01596	0.01125	0.01256	0.01099	0.01429	0.01234	0.00862	0.02822	0.54477	0.16928	0.08699	0.02286	0.02000	0.00798	0.00590	0.00190	0.00444	0.00667	0.00612	0.00888
5	0.06125	0.05287	0.04639	0.02047	0.02536	0.03913	0.50852	0.05342	0.01339	0.01876	0.01076	0.01417	0.00834	0.00560	0.00764	0.00193	0.09551	0.00595	0.00300	0.00754
6	0.02139	0.02727	0.01622	0.01475	0.01770	0.77572	0.01106	0.02285	0.01622	0.01402	0.00887	0.01035	0.00739	0.00591	0.00517	0.00148	0.01032	0.00369	0.00296	0.00664
7	0.00835	0.00557	0.00626	0.00626	0.00626	0.00556	0.00348	0.00834	0.00834	0.01112	0.01805	0.03746	0.02081	0.79867	0.02911	0.00555	0.00555	0.00832	0.00347	0.00348
8	0.01330	0.01484	0.03133	0.08095	0.05763	0.01446	0.62492	0.01781	0.01311	0.01786	0.01126	0.01526	0.00858	0.00517	0.00723	0.00195	0.04738	0.00649	0.00285	0.00761
9	0.02134	0.01805	0.01679	0.01341	0.01761	0.16554	0.01083	0.56939	0.05919	0.03119	0.01325	0.01346	0.00966	0.00674	0.00563	0.00168	0.00700	0.00493	0.00519	0.00910
10	0.00704	0.00503	0.00669	0.00795	0.00833	0.00469	0.00532	0.00809	0.01116	0.01494	0.05895	0.76666	0.03845	0.01770	0.00729	0.00231	0.00330	0.01604	0.00535	0.00469
11	0.01393	0.01411	0.02645	0.06081	0.02479	0.01524	0.42191	0.05253	0.01274	0.04479	0.01081	0.01464	0.00855	0.00663	0.01023	0.00209	0.24329	0.00603	0.00306	0.00739
12	0.02107	0.06848	0.01696	0.01449	0.01754	0.73567	0.01099	0.02255	0.01598	0.01399	0.00882	0.01029	0.00739	0.00586	0.00509	0.00147	0.01010	0.00366	0.00293	0.00668
13	0.00711	0.00587	0.00626	0.00628	0.00809	0.00502	0.00478	0.00879	0.01348	0.01657	0.15035	0.05396	0.62395	0.01420	0.00683	0.00196	0.00302	0.05308	0.00545	0.00494
14	0.48226	0.01136	0.01109	0.00911	0.01306	0.01219	0.00751	0.12003	0.01410	0.24998	0.01317	0.01300	0.00910	0.00607	0.00452	0.00177	0.00482	0.00419	0.00491	0.00776
15	0.01911	0.01648	0.05260	0.01294	0.01714	0.08933	0.01078	0.40410	0.24064	0.05239	0.01623	0.01580	0.01184	0.00699	0.00569	0.00177	0.00623	0.00538	0.00537	0.00918
16	0.00812	0.00587	0.00767	0.00721	0.00857	0.00541	0.00541	0.01081	0.01621	0.02296	0.76000	0.04275	0.05398	0.01171	0.00676	0.00180	0.00271	0.01035	0.00630	0.00541
17	0.00812	0.00587	0.00767	0.00721	0.00857	0.00541	0.00541	0.01081	0.01621	0.02296	0.76000	0.04275	0.05398	0.01171	0.00676	0.00180	0.00271	0.01035	0.00630	0.00541
18	0.01704	0.01766	0.03495	0.02571	0.03153	0.01622	0.70125	0.02060	0.01567	0.02158	0.01515	0.02029	0.01213	0.00730	0.00823	0.00259	0.01061	0.00781	0.00416	0.00952
19	0.01254	0.01253	0.01753	0.01503	0.01503	0.01753	0.01252	0.01378	0.00878	0.01379	0.00754	0.01255	0.00753	0.01003	0.01878	0.00251	0.78820	0.00501	0.00251	0.00627
20	0.02177	0.01604	0.01718	0.01318	0.01775	0.01775	0.01088	0.74394	0.02690	0.03606	0.01376	0.01377	0.00975	0.00688	0.00573	0.00172	0.00630	0.00516	0.00573	0.00974
21	0.01159	0.02899	0.73730	0.01665	0.02499	0.01335	0.05228	0.01814	0.01215	0.01815	0.01035	0.01226	0.00733	0.00543	0.00550	0.00182	0.00851	0.00434	0.00245	0.00843
22	0.81008	0.01173	0.03507	0.00785	0.01156	0.01286	0.00673	0.01688	0.00983	0.02542	0.00807	0.00943	0.00626	0.00533	0.00362	0.00178	0.00457	0.00315	0.00351	0.00629
23	0.01407	0.01315	0.02160	0.09314	0.61974	0.01349	0.01643	0.05198	0.04047	0.01950	0.03366	0.01534	0.01062	0.00552	0.00571	0.00173	0.00663	0.00530	0.00316	0.00876
24	0.05313	0.01044	0.01189	0.00891	0.01353	0.00874	0.00710	0.07543	0.03292	0.03681	0.01222	0.05763	0.01053	0.00546	0.00458	0.00110	0.00438	0.00440	0.00385	0.63696

[dist]
# distance from previous block
# <min> <max>
4	65

# created by:
# /software/SequenceAnalysis/GenePrediction/augustus/3.0.1/scripts/msa2prfl.pl ./fixed/BUSCOvEOG72BZQB.fas
