[name]
unknown

[dist]
# distance from previous block
# <min> <max>
0	169

[block]
# block no. 0 follows, 41 sequences, length 18
# corresponding to MSA columns:
# 197-214
name=unknown_A
#
# <colnr> <probs for GDERKNQSTAVLIFYWHMCP>
#	G	D	E	R	K	N	Q	S	T	A	V	L	I	F	Y	W	H	M	C	P
0	0.01084	0.00782	0.01017	0.01121	0.01268	0.00747	0.00934	0.01278	0.01432	0.01885	0.06529	0.08751	0.08095	0.01653	0.00847	0.00285	0.00555	0.60531	0.00588	0.00620
1	0.01544	0.01613	0.10308	0.14952	0.48168	0.01456	0.04958	0.05403	0.01448	0.02044	0.01261	0.01661	0.01038	0.00654	0.00647	0.00209	0.00777	0.00566	0.00352	0.00941
2	0.24019	0.34019	0.11563	0.01166	0.01651	0.06856	0.01097	0.03836	0.01336	0.07425	0.01141	0.01313	0.00935	0.00659	0.00499	0.00186	0.00674	0.00414	0.00384	0.00828
3	0.01781	0.40877	0.11254	0.03989	0.05543	0.10238	0.01265	0.11304	0.04432	0.01944	0.01177	0.01376	0.00990	0.00671	0.00538	0.00181	0.00748	0.00447	0.00372	0.00874
4	0.01701	0.78058	0.03068	0.01101	0.01594	0.02327	0.01049	0.01830	0.01276	0.01523	0.00985	0.01179	0.00911	0.00613	0.00450	0.00157	0.00670	0.00370	0.00309	0.00826
5	0.01172	0.11917	0.01257	0.00926	0.01147	0.00982	0.00717	0.04239	0.05728	0.02252	0.45962	0.08494	0.10394	0.01200	0.00700	0.00210	0.00416	0.00985	0.00610	0.00692
6	0.00874	0.00713	0.00728	0.00730	0.00924	0.00597	0.00529	0.00962	0.01398	0.01710	0.05633	0.11395	0.68447	0.01571	0.00754	0.00229	0.00361	0.01277	0.00587	0.00580
7	0.01546	0.02694	0.56491	0.01705	0.02454	0.01514	0.05118	0.16525	0.01625	0.02336	0.01285	0.01509	0.00958	0.00692	0.00633	0.00213	0.00859	0.00513	0.00375	0.00956
8	0.00994	0.00724	0.00889	0.00841	0.00994	0.00650	0.00617	0.01199	0.01700	0.02397	0.69682	0.04513	0.09808	0.01291	0.00749	0.00214	0.00340	0.01088	0.00677	0.00633
9	0.01009	0.00705	0.00843	0.00846	0.00893	0.00702	0.00545	0.01021	0.00999	0.01377	0.02002	0.09620	0.02188	0.52080	0.21877	0.00644	0.00847	0.00888	0.00413	0.00501
10	0.01265	0.01144	0.01824	0.76384	0.03994	0.01364	0.01641	0.01586	0.01258	0.01635	0.01200	0.01769	0.00939	0.00693	0.00649	0.00224	0.00817	0.00566	0.00319	0.00730
11	0.00893	0.00640	0.00803	0.00924	0.00975	0.00581	0.00615	0.00941	0.01211	0.01634	0.03274	0.77494	0.03871	0.01878	0.00803	0.00264	0.00399	0.01651	0.00587	0.00564
12	0.01527	0.01654	0.03435	0.02491	0.03071	0.01534	0.72186	0.01946	0.01459	0.01995	0.01336	0.01786	0.01041	0.00606	0.00749	0.00226	0.01013	0.00728	0.00353	0.00862
13	0.02438	0.01162	0.01439	0.01173	0.01593	0.01083	0.00931	0.02933	0.19093	0.57191	0.02421	0.02223	0.01651	0.00841	0.00654	0.00214	0.00541	0.00648	0.00729	0.01042
14	0.01368	0.01144	0.01310	0.00973	0.01485	0.00870	0.00757	0.01566	0.01300	0.02026	0.01200	0.01440	0.01021	0.00549	0.00505	0.00121	0.00488	0.00402	0.00401	0.81075
15	0.00995	0.00724	0.00891	0.00842	0.00994	0.00651	0.00618	0.01201	0.01703	0.02403	0.70256	0.04503	0.09231	0.01288	0.00749	0.00214	0.00340	0.01086	0.00678	0.00634
16	0.00994	0.00497	0.00745	0.00745	0.00745	0.00497	0.00497	0.00745	0.00745	0.00994	0.00994	0.01739	0.00994	0.01987	0.02235	0.83358	0.00497	0.00497	0.00248	0.00248
17	0.01158	0.05213	0.74778	0.01611	0.02446	0.01356	0.02080	0.01809	0.01206	0.01798	0.01020	0.01199	0.00725	0.00542	0.00538	0.00179	0.00839	0.00419	0.00242	0.00842

[dist]
# distance from previous block
# <min> <max>
0	2

[block]
# block no. 1 follows, 41 sequences, length 83
# corresponding to MSA columns:
# 217-299
name=unknown_B
#
# <colnr> <probs for GDERKNQSTAVLIFYWHMCP>
#	G	D	E	R	K	N	Q	S	T	A	V	L	I	F	Y	W	H	M	C	P
0	0.00817	0.00612	0.00912	0.00910	0.01014	0.00707	0.00707	0.01024	0.00951	0.01371	0.04899	0.02339	0.01609	0.04149	0.74153	0.00886	0.01475	0.00632	0.00321	0.00512
1	0.83938	0.01106	0.00841	0.00752	0.01106	0.01283	0.00619	0.01681	0.00973	0.02566	0.00796	0.00929	0.00619	0.00531	0.00354	0.00177	0.00442	0.00310	0.00354	0.00619
2	0.04392	0.62703	0.02657	0.01046	0.01504	0.11529	0.00982	0.04423	0.01282	0.03819	0.00872	0.00980	0.00760	0.00517	0.00399	0.00131	0.00655	0.00330	0.00281	0.00737
3	0.00781	0.00523	0.00690	0.00796	0.00855	0.00483	0.00540	0.00888	0.01130	0.04877	0.03240	0.72427	0.07173	0.01726	0.00720	0.00228	0.00337	0.01558	0.00539	0.00489
4	0.00723	0.00515	0.00685	0.00812	0.00852	0.00486	0.00558	0.00833	0.01103	0.01467	0.03080	0.69530	0.03662	0.05303	0.00834	0.00250	0.00359	0.07961	0.00522	0.00465
5	0.81979	0.01150	0.02641	0.00773	0.01139	0.01284	0.00655	0.01684	0.00979	0.02548	0.00802	0.00936	0.00622	0.00531	0.00358	0.00177	0.00452	0.00312	0.00351	0.00625
6	0.01280	0.01264	0.01875	0.05422	0.17965	0.01644	0.01377	0.01463	0.00981	0.01488	0.00834	0.01300	0.00785	0.00874	0.01532	0.00230	0.58238	0.00503	0.00258	0.00687
7	0.00766	0.00535	0.00678	0.00758	0.00794	0.00515	0.00505	0.00855	0.01053	0.01406	0.06154	0.44659	0.03256	0.27451	0.01451	0.00339	0.00419	0.07498	0.00475	0.00435
8	0.01421	0.01392	0.02183	0.03009	0.57300	0.03981	0.01629	0.01702	0.01231	0.01762	0.01017	0.01392	0.00884	0.00632	0.00859	0.00190	0.17781	0.00509	0.00283	0.00845
9	0.00696	0.00591	0.00596	0.00600	0.00789	0.00494	0.00446	0.00834	0.01308	0.01559	0.05713	0.07927	0.73543	0.01469	0.00685	0.00198	0.00298	0.01225	0.00537	0.00492
10	0.00941	0.00672	0.00935	0.01065	0.01198	0.00669	0.00929	0.01198	0.01328	0.01728	0.03041	0.06462	0.03302	0.01589	0.00797	0.00266	0.00533	0.72277	0.00532	0.00536
11	0.01269	0.01263	0.01763	0.01512	0.01514	0.01760	0.01258	0.01389	0.00888	0.01394	0.00770	0.01276	0.00768	0.01012	0.01881	0.00253	0.78630	0.00506	0.00257	0.00635
12	0.01546	0.80025	0.03004	0.00991	0.01481	0.02270	0.00986	0.01724	0.01174	0.01363	0.00814	0.00944	0.00752	0.00502	0.00375	0.00126	0.00618	0.00312	0.00251	0.00743
13	0.02580	0.00986	0.01339	0.01030	0.01473	0.00851	0.00848	0.02796	0.01647	0.76525	0.02271	0.01970	0.01432	0.00720	0.00583	0.00180	0.00493	0.00581	0.00713	0.00982
14	0.00736	0.00593	0.00651	0.00641	0.00813	0.00511	0.00477	0.00912	0.01403	0.01785	0.26813	0.07235	0.52629	0.01384	0.00684	0.00194	0.00292	0.01171	0.00566	0.00509
15	0.83716	0.01119	0.00854	0.00765	0.01120	0.01292	0.00628	0.01693	0.00985	0.02580	0.00815	0.00955	0.00637	0.00543	0.00362	0.00180	0.00449	0.00316	0.00360	0.00629
16	0.00851	0.00568	0.00638	0.00637	0.00639	0.00566	0.00355	0.00846	0.00844	0.01127	0.01818	0.03761	0.02093	0.79680	0.02912	0.00557	0.00561	0.00837	0.00353	0.00357
17	0.01405	0.01176	0.01795	0.50628	0.13874	0.01358	0.01496	0.13998	0.01465	0.05542	0.01164	0.01528	0.00868	0.00601	0.00579	0.00187	0.00720	0.00519	0.00341	0.00758
18	0.02188	0.01674	0.01722	0.01336	0.01785	0.05896	0.01095	0.70310	0.02638	0.03496	0.01364	0.01379	0.00977	0.00693	0.00577	0.00174	0.00657	0.00513	0.00563	0.00964
19	0.01684	0.01203	0.01327	0.01150	0.01495	0.01324	0.00904	0.10394	0.51350	0.15367	0.02267	0.05554	0.01715	0.00812	0.00594	0.00194	0.00478	0.00670	0.00606	0.00913
20	0.00875	0.00966	0.10321	0.01069	0.04519	0.04355	0.00820	0.01053	0.01156	0.01537	0.02695	0.62208	0.03132	0.01528	0.00696	0.00222	0.00452	0.01367	0.00478	0.00552
21	0.01443	0.01225	0.01297	0.01166	0.01484	0.01405	0.00904	0.06332	0.68296	0.02423	0.02334	0.05618	0.01816	0.00829	0.00596	0.00198	0.00462	0.00690	0.00585	0.00897
22	0.70377	0.01340	0.09726	0.00901	0.01297	0.01319	0.00829	0.01694	0.01008	0.02439	0.00840	0.01002	0.00656	0.00566	0.00453	0.00184	0.04034	0.00338	0.00342	0.00655
23	0.01578	0.01308	0.02174	0.10061	0.52922	0.01315	0.05263	0.04896	0.01402	0.11546	0.01257	0.01523	0.00976	0.00559	0.00581	0.00177	0.00680	0.00532	0.00354	0.00894
24	0.02152	0.02734	0.01632	0.01484	0.01780	0.77390	0.01112	0.02294	0.01631	0.01417	0.00903	0.01057	0.00754	0.00601	0.00524	0.00151	0.01036	0.00375	0.00301	0.00672
25	0.00837	0.00625	0.00925	0.00925	0.01026	0.00722	0.00714	0.01031	0.00929	0.01340	0.01555	0.02305	0.01461	0.06086	0.75642	0.00912	0.01512	0.00623	0.00314	0.00517
26	0.01440	0.01241	0.01305	0.01176	0.01500	0.01432	0.00913	0.03047	0.75093	0.02407	0.02342	0.02157	0.01761	0.00788	0.00590	0.00197	0.00459	0.00652	0.00587	0.00914
27	0.00978	0.00675	0.00923	0.01024	0.01171	0.00661	0.00883	0.01227	0.01350	0.04281	0.06027	0.06169	0.07538	0.01536	0.00779	0.00256	0.00508	0.62923	0.00543	0.00550
28	0.01165	0.02966	0.76727	0.01641	0.02485	0.01337	0.02117	0.01823	0.01219	0.01828	0.01045	0.01233	0.00742	0.00556	0.00551	0.00184	0.00850	0.00429	0.00248	0.00854
29	0.01012	0.00511	0.00759	0.00758	0.00760	0.00508	0.00505	0.00760	0.00758	0.01012	0.01012	0.01762	0.01010	0.01995	0.02238	0.83120	0.00503	0.00503	0.00255	0.00259
30	0.00836	0.00627	0.00932	0.00932	0.01035	0.00726	0.00723	0.01035	0.00931	0.01345	0.01549	0.02269	0.01446	0.04291	0.77416	0.00920	0.01535	0.00618	0.00313	0.00520
31	0.01165	0.02966	0.76727	0.01641	0.02485	0.01337	0.02117	0.01823	0.01219	0.01828	0.01045	0.01233	0.00742	0.00556	0.00551	0.00184	0.00850	0.00429	0.00248	0.00854
32	0.00716	0.00512	0.00678	0.00809	0.00844	0.00476	0.00539	0.00811	0.01107	0.01477	0.03165	0.79323	0.03792	0.01801	0.00737	0.00235	0.00338	0.01629	0.00537	0.00474
33	0.00851	0.00568	0.00638	0.00637	0.00639	0.00566	0.00355	0.00846	0.00844	0.01127	0.01818	0.03761	0.02093	0.79680	0.02912	0.00557	0.00561	0.00837	0.00353	0.00357
34	0.01368	0.01554	0.03381	0.02419	0.02998	0.01455	0.74047	0.01844	0.01361	0.01848	0.01175	0.01567	0.00885	0.00494	0.00682	0.00196	0.00969	0.00680	0.00296	0.00780
35	0.00716	0.00512	0.00678	0.00809	0.00844	0.00476	0.00539	0.00811	0.01107	0.01477	0.03165	0.79323	0.03792	0.01801	0.00737	0.00235	0.00338	0.01629	0.00537	0.00474
36	0.83716	0.01119	0.00854	0.00765	0.01120	0.01292	0.00628	0.01693	0.00985	0.02580	0.00815	0.00955	0.00637	0.00543	0.00362	0.00180	0.00449	0.00316	0.00360	0.00629
37	0.02152	0.02734	0.01632	0.01484	0.01780	0.77390	0.01112	0.02294	0.01631	0.01417	0.00903	0.01057	0.00754	0.00601	0.00524	0.00151	0.01036	0.00375	0.00301	0.00672
38	0.01085	0.00547	0.00547	0.00547	0.00681	0.00544	0.00409	0.01346	0.01211	0.02148	0.01882	0.02155	0.01482	0.00678	0.00408	0.00137	0.00273	0.00539	0.82840	0.00543
39	0.01440	0.01241	0.01305	0.01176	0.01500	0.01432	0.00913	0.03047	0.75093	0.02407	0.02342	0.02157	0.01761	0.00788	0.00590	0.00197	0.00459	0.00652	0.00587	0.00914
40	0.00851	0.00568	0.00638	0.00637	0.00639	0.00566	0.00355	0.00846	0.00844	0.01127	0.01818	0.03761	0.02093	0.79680	0.02912	0.00557	0.00561	0.00837	0.00353	0.00357
41	0.01204	0.01029	0.01198	0.00860	0.01368	0.00773	0.00686	0.01453	0.01197	0.01880	0.01035	0.01211	0.00864	0.00436	0.00432	0.00088	0.00430	0.00345	0.00345	0.83164
42	0.01274	0.01277	0.01836	0.01554	0.01582	0.01746	0.04568	0.01410	0.00910	0.01415	0.00788	0.01290	0.00774	0.00988	0.01826	0.00251	0.75098	0.00514	0.00258	0.00642
43	0.00744	0.00635	0.04371	0.00846	0.00925	0.00521	0.00616	0.00873	0.01137	0.01534	0.06518	0.71966	0.03720	0.01711	0.00726	0.00230	0.00360	0.01542	0.00527	0.00496
44	0.01099	0.01029	0.01726	0.78311	0.03945	0.01280	0.01594	0.01474	0.01155	0.01479	0.01035	0.01549	0.00780	0.00584	0.00580	0.00194	0.00768	0.00514	0.00261	0.00645
45	0.01328	0.01138	0.04952	0.00968	0.01490	0.00832	0.03407	0.01602	0.01243	0.08371	0.01148	0.01291	0.00909	0.00469	0.00460	0.00105	0.00475	0.00382	0.00371	0.69060
46	0.07470	0.08981	0.56074	0.01504	0.02218	0.10608	0.01794	0.01862	0.01248	0.01797	0.00992	0.01168	0.00737	0.00556	0.00520	0.00175	0.00824	0.00404	0.00263	0.00806
47	0.00993	0.00690	0.00952	0.01074	0.03577	0.00677	0.00857	0.01258	0.02951	0.04894	0.10880	0.15914	0.03410	0.01485	0.00755	0.00245	0.00480	0.47795	0.00545	0.00568
48	0.01776	0.16489	0.11271	0.01323	0.01723	0.28324	0.01170	0.17064	0.01622	0.01903	0.01065	0.01307	0.00888	0.04346	0.03450	0.00207	0.04539	0.00437	0.00344	0.00751
49	0.02434	0.01131	0.06404	0.01077	0.01542	0.00910	0.00936	0.02742	0.04942	0.68151	0.02192	0.01929	0.01400	0.00712	0.00581	0.00181	0.00515	0.00574	0.00676	0.00970
50	0.01204	0.01029	0.01198	0.00860	0.01368	0.00773	0.00686	0.01453	0.01197	0.01880	0.01035	0.01211	0.00864	0.00436	0.00432	0.00088	0.00430	0.00345	0.00345	0.83164
51	0.00851	0.00568	0.00638	0.00637	0.00639	0.00566	0.00355	0.00846	0.00844	0.01127	0.01818	0.03761	0.02093	0.79680	0.02912	0.00557	0.00561	0.00837	0.00353	0.00357
52	0.01012	0.00511	0.00759	0.00758	0.00760	0.00508	0.00505	0.00760	0.00758	0.01012	0.01012	0.01762	0.01010	0.01995	0.02238	0.83120	0.00503	0.00503	0.00255	0.00259
53	0.01085	0.00547	0.00547	0.00547	0.00681	0.00544	0.00409	0.01346	0.01211	0.02148	0.01882	0.02155	0.01482	0.00678	0.00408	0.00137	0.00273	0.00539	0.82840	0.00543
54	0.02152	0.02734	0.01632	0.01484	0.01780	0.77390	0.01112	0.02294	0.01631	0.01417	0.00903	0.01057	0.00754	0.00601	0.00524	0.00151	0.01036	0.00375	0.00301	0.00672
55	0.01368	0.01554	0.03381	0.02419	0.02998	0.01455	0.74047	0.01844	0.01361	0.01848	0.01175	0.01567	0.00885	0.00494	0.00682	0.00196	0.00969	0.00680	0.00296	0.00780
56	0.83716	0.01119	0.00854	0.00765	0.01120	0.01292	0.00628	0.01693	0.00985	0.02580	0.00815	0.00955	0.00637	0.00543	0.00362	0.00180	0.00449	0.00316	0.00360	0.00629
57	0.02580	0.00986	0.01339	0.01030	0.01473	0.00851	0.00848	0.02796	0.01647	0.76525	0.02271	0.01970	0.01432	0.00720	0.00583	0.00180	0.00493	0.00581	0.00713	0.00982
58	0.02580	0.00986	0.01339	0.01030	0.01473	0.00851	0.00848	0.02796	0.01647	0.76525	0.02271	0.01970	0.01432	0.00720	0.00583	0.00180	0.00493	0.00581	0.00713	0.00982
59	0.01085	0.00547	0.00547	0.00547	0.00681	0.00544	0.00409	0.01346	0.01211	0.02148	0.01882	0.02155	0.01482	0.00678	0.00408	0.00137	0.00273	0.00539	0.82840	0.00543
60	0.00851	0.00568	0.00638	0.00637	0.00639	0.00566	0.00355	0.00846	0.00844	0.01127	0.01818	0.03761	0.02093	0.79680	0.02912	0.00557	0.00561	0.00837	0.00353	0.00357
61	0.00893	0.00612	0.00719	0.00705	0.00738	0.00631	0.00437	0.03315	0.00919	0.01244	0.01763	0.03453	0.01957	0.65457	0.14295	0.00600	0.00713	0.00793	0.00354	0.00403
62	0.01175	0.02899	0.73238	0.01678	0.02510	0.01343	0.05539	0.01824	0.01226	0.01829	0.01051	0.01249	0.00749	0.00553	0.00557	0.00185	0.00856	0.00441	0.00250	0.00851
63	0.79998	0.04690	0.00951	0.00775	0.01136	0.01337	0.00644	0.01695	0.00994	0.02525	0.00815	0.00955	0.00643	0.00541	0.00363	0.00178	0.00456	0.00316	0.00355	0.00634
64	0.00701	0.00594	0.00601	0.00599	0.00791	0.00497	0.00448	0.00846	0.01328	0.01593	0.08717	0.05466	0.72959	0.01447	0.00683	0.00196	0.00296	0.01204	0.00541	0.00495
65	0.01520	0.76314	0.04569	0.01004	0.01491	0.02210	0.01004	0.01709	0.01168	0.01373	0.00838	0.00984	0.00769	0.00599	0.02340	0.00147	0.00646	0.00323	0.00253	0.00740
66	0.01546	0.80025	0.03004	0.00991	0.01481	0.02270	0.00986	0.01724	0.01174	0.01363	0.00814	0.00944	0.00752	0.00502	0.00375	0.00126	0.00618	0.00312	0.00251	0.00743
67	0.02765	0.05735	0.01085	0.00981	0.05408	0.02310	0.00701	0.06513	0.01452	0.10295	0.15852	0.19847	0.22422	0.01198	0.00641	0.00192	0.00409	0.01021	0.00536	0.00635
68	0.01269	0.01263	0.01763	0.01512	0.01514	0.01760	0.01258	0.01389	0.00888	0.01394	0.00770	0.01276	0.00768	0.01012	0.01881	0.00253	0.78630	0.00506	0.00257	0.00635
69	0.01012	0.00511	0.00759	0.00758	0.00760	0.00508	0.00505	0.00760	0.00758	0.01012	0.01012	0.01762	0.01010	0.01995	0.02238	0.83120	0.00503	0.00503	0.00255	0.00259
70	0.01555	0.01404	0.02214	0.04799	0.61837	0.01437	0.01643	0.14128	0.01546	0.02171	0.01143	0.01435	0.00931	0.00553	0.00575	0.00174	0.00678	0.00516	0.00338	0.00920
71	0.01285	0.02502	0.53097	0.01822	0.02574	0.01373	0.21075	0.04308	0.01316	0.03567	0.01118	0.01343	0.00804	0.00548	0.00588	0.00187	0.00867	0.00502	0.00282	0.00842
72	0.02152	0.02734	0.01632	0.01484	0.01780	0.77390	0.01112	0.02294	0.01631	0.01417	0.00903	0.01057	0.00754	0.00601	0.00524	0.00151	0.01036	0.00375	0.00301	0.00672
73	0.83716	0.01119	0.00854	0.00765	0.01120	0.01292	0.00628	0.01693	0.00985	0.02580	0.00815	0.00955	0.00637	0.00543	0.00362	0.00180	0.00449	0.00316	0.00360	0.00629
74	0.01510	0.01276	0.01345	0.01190	0.01527	0.01464	0.00930	0.09720	0.68305	0.02521	0.02253	0.02085	0.01688	0.00779	0.00589	0.00195	0.00475	0.00640	0.00587	0.00920
75	0.00737	0.00526	0.00701	0.00832	0.00876	0.00494	0.00575	0.00846	0.01127	0.01500	0.03153	0.72723	0.03747	0.01781	0.00743	0.00238	0.00356	0.08028	0.00536	0.00480
76	0.00993	0.01194	0.17487	0.00972	0.01291	0.00817	0.00929	0.05545	0.03665	0.02248	0.49864	0.03446	0.07211	0.01016	0.00645	0.00184	0.00429	0.00872	0.00541	0.00649
77	0.01096	0.01023	0.01792	0.01947	0.22615	0.00985	0.17347	0.01354	0.01238	0.01715	0.04387	0.33287	0.02225	0.01065	0.00689	0.00203	0.02132	0.01017	0.00404	0.03480
78	0.00782	0.00597	0.00714	0.00684	0.00840	0.00531	0.00512	0.01003	0.01520	0.02049	0.51481	0.04716	0.29911	0.01277	0.00682	0.00188	0.00284	0.01099	0.00601	0.00530
79	0.20283	0.01033	0.01231	0.00982	0.01397	0.00989	0.00804	0.02572	0.06745	0.55027	0.01957	0.01761	0.01281	0.00686	0.00535	0.00182	0.00481	0.00528	0.00627	0.00900
80	0.01405	0.01442	0.11808	0.01269	0.03541	0.01348	0.01079	0.05103	0.53122	0.03962	0.07801	0.02145	0.01846	0.00774	0.00591	0.00193	0.00512	0.00641	0.00539	0.00881
81	0.00722	0.00590	0.00636	0.00658	0.00827	0.00508	0.00494	0.00871	0.01307	0.01599	0.08488	0.13783	0.59334	0.01493	0.00698	0.00205	0.00318	0.06433	0.00541	0.00496
82	0.02028	0.01533	0.01636	0.01294	0.01724	0.01706	0.01055	0.58853	0.18330	0.03355	0.01596	0.01562	0.01156	0.00718	0.00582	0.00180	0.00597	0.00549	0.00580	0.00967

[dist]
# distance from previous block
# <min> <max>
0	1

[block]
# block no. 2 follows, 41 sequences, length 61
# corresponding to MSA columns:
# 301-361
name=unknown_C
#
# <colnr> <probs for GDERKNQSTAVLIFYWHMCP>
#	G	D	E	R	K	N	Q	S	T	A	V	L	I	F	Y	W	H	M	C	P
0	0.81012	0.01269	0.01016	0.00921	0.01286	0.01404	0.00726	0.01836	0.01130	0.02752	0.01045	0.01272	0.00856	0.00692	0.00463	0.00221	0.00526	0.00393	0.00435	0.00744
1	0.05803	0.06140	0.01722	0.01547	0.08375	0.41903	0.03586	0.09317	0.04900	0.05048	0.05379	0.01404	0.01130	0.00638	0.00538	0.00162	0.00820	0.00465	0.00377	0.00747
2	0.01099	0.00891	0.01254	0.01169	0.01401	0.00910	0.09043	0.01686	0.18950	0.03334	0.08951	0.09054	0.07396	0.01229	0.00710	0.00227	0.00515	0.30994	0.00531	0.00656
3	0.00850	0.00568	0.00637	0.00636	0.00638	0.00565	0.00355	0.00845	0.00844	0.01127	0.01818	0.03760	0.02093	0.79689	0.02912	0.00557	0.00560	0.00836	0.00352	0.00356
4	0.02151	0.02733	0.01632	0.01484	0.01779	0.77399	0.01112	0.02294	0.01631	0.01417	0.00902	0.01056	0.00754	0.00601	0.00523	0.00151	0.01036	0.00374	0.00301	0.00672
5	0.01439	0.07982	0.20081	0.04183	0.30565	0.01453	0.15422	0.05965	0.01375	0.04399	0.01130	0.01393	0.00876	0.00541	0.00574	0.00177	0.00765	0.00512	0.00307	0.00861
6	0.00934	0.00667	0.00926	0.01046	0.01180	0.00662	0.00907	0.01192	0.01344	0.01760	0.07094	0.06341	0.03418	0.01566	0.00790	0.00262	0.00518	0.68318	0.00538	0.00537
7	0.02525	0.00973	0.01321	0.01020	0.01453	0.00841	0.00838	0.02742	0.01646	0.74205	0.04579	0.02042	0.01555	0.00734	0.00586	0.00180	0.00486	0.00595	0.00710	0.00968
8	0.01379	0.01444	0.06515	0.10485	0.58168	0.01366	0.08622	0.01749	0.01297	0.01838	0.01092	0.01450	0.00895	0.00527	0.00583	0.00178	0.00729	0.00526	0.00285	0.00872
9	0.01011	0.00510	0.00758	0.00757	0.00759	0.00508	0.00505	0.00759	0.00757	0.01011	0.01011	0.01761	0.01010	0.01995	0.02238	0.83130	0.00503	0.00502	0.00255	0.00258
10	0.00820	0.00599	0.00767	0.00729	0.00869	0.00549	0.00548	0.01075	0.01598	0.02239	0.68942	0.04429	0.10688	0.01209	0.00684	0.00186	0.00284	0.02615	0.00625	0.00544
11	0.01421	0.01402	0.02513	0.03325	0.63415	0.01383	0.14333	0.01780	0.01321	0.01878	0.01107	0.01461	0.00916	0.00517	0.00592	0.00177	0.00734	0.00544	0.00290	0.00891
12	0.01244	0.07789	0.18393	0.08560	0.02566	0.01364	0.36546	0.01671	0.01235	0.01694	0.01170	0.02934	0.00941	0.00921	0.07354	0.03091	0.00921	0.00589	0.00283	0.00735
13	0.01546	0.80034	0.03004	0.00990	0.01480	0.02269	0.00985	0.01724	0.01173	0.01363	0.00813	0.00942	0.00751	0.00501	0.00375	0.00126	0.00617	0.00312	0.00251	0.00743
14	0.02151	0.02733	0.01632	0.01484	0.01779	0.77399	0.01112	0.02294	0.01631	0.01417	0.00902	0.01056	0.00754	0.00601	0.00523	0.00151	0.01036	0.00374	0.00301	0.00672
15	0.01274	0.10509	0.62881	0.01529	0.02299	0.01414	0.01898	0.01907	0.04530	0.04896	0.01130	0.01275	0.00816	0.00567	0.00536	0.00179	0.00795	0.00433	0.00282	0.00851
16	0.01439	0.01240	0.01305	0.01175	0.01499	0.01431	0.00912	0.03047	0.75102	0.02407	0.02342	0.02156	0.01760	0.00787	0.00589	0.00197	0.00459	0.00652	0.00587	0.00914
17	0.83726	0.01118	0.00853	0.00764	0.01119	0.01292	0.00627	0.01693	0.00985	0.02580	0.00814	0.00954	0.00637	0.00543	0.00362	0.00180	0.00449	0.00316	0.00360	0.00628
18	0.00703	0.00593	0.00604	0.00601	0.00792	0.00497	0.00449	0.00850	0.01334	0.01608	0.10119	0.05441	0.71556	0.01441	0.00683	0.00195	0.00295	0.01200	0.00543	0.00496
19	0.00835	0.00626	0.00932	0.00931	0.01035	0.00725	0.00722	0.01034	0.00931	0.01345	0.01548	0.02268	0.01445	0.04291	0.77425	0.00920	0.01535	0.00618	0.00312	0.00520
20	0.00835	0.00626	0.00932	0.00931	0.01035	0.00725	0.00722	0.01034	0.00931	0.01345	0.01548	0.02268	0.01445	0.04291	0.77425	0.00920	0.01535	0.00618	0.00312	0.00520
21	0.01176	0.02885	0.72538	0.01685	0.02514	0.01344	0.06234	0.01824	0.01226	0.01828	0.01051	0.01251	0.00750	0.00552	0.00558	0.00185	0.00857	0.00443	0.00250	0.00850
22	0.01439	0.01240	0.01305	0.01175	0.01499	0.01431	0.00912	0.03047	0.75102	0.02407	0.02342	0.02156	0.01760	0.00787	0.00589	0.00197	0.00459	0.00652	0.00587	0.00914
23	0.01011	0.00510	0.00758	0.00757	0.00759	0.00508	0.00505	0.00759	0.00757	0.01011	0.01011	0.01761	0.01010	0.01995	0.02238	0.83130	0.00503	0.00502	0.00255	0.00258
24	0.01628	0.01524	0.01371	0.01230	0.01553	0.16384	0.00949	0.02888	0.57478	0.05378	0.02055	0.01931	0.01548	0.00747	0.00576	0.00187	0.00574	0.00594	0.00536	0.00869
25	0.00828	0.00598	0.00778	0.00732	0.00868	0.00551	0.00548	0.01092	0.01629	0.02308	0.75837	0.04288	0.05401	0.01179	0.00682	0.00183	0.00276	0.01038	0.00635	0.00549
26	0.01305	0.01428	0.05715	0.22380	0.22022	0.01382	0.33678	0.01726	0.01289	0.01760	0.01112	0.01515	0.00861	0.00527	0.00622	0.00189	0.00839	0.00584	0.00283	0.00782
27	0.02468	0.04471	0.01477	0.01079	0.01527	0.01073	0.00896	0.15173	0.01809	0.60642	0.02055	0.01826	0.01325	0.00706	0.00573	0.00177	0.00523	0.00559	0.00670	0.00971
28	0.07005	0.11755	0.05172	0.01251	0.01724	0.01756	0.01087	0.54287	0.02286	0.06198	0.01301	0.01328	0.00944	0.00658	0.00539	0.00169	0.00625	0.00480	0.00513	0.00923
29	0.01264	0.01065	0.01231	0.00888	0.01394	0.00835	0.00711	0.05942	0.01289	0.01986	0.01056	0.01222	0.00871	0.00452	0.00440	0.00094	0.00442	0.00356	0.00359	0.78103
30	0.19387	0.05676	0.42676	0.01392	0.03782	0.01395	0.01544	0.09699	0.02693	0.03582	0.01157	0.01291	0.02175	0.00589	0.00509	0.00180	0.00700	0.00432	0.00330	0.00812
31	0.01392	0.01255	0.03405	0.10247	0.42620	0.01194	0.05819	0.01705	0.01274	0.06401	0.01196	0.01584	0.00992	0.05056	0.00693	0.00186	0.00655	0.00520	0.00324	0.13483
32	0.47462	0.01743	0.05183	0.01245	0.07076	0.25290	0.00944	0.01894	0.01225	0.02121	0.00875	0.01037	0.00701	0.00560	0.00439	0.00171	0.00673	0.00355	0.00330	0.00676
33	0.02493	0.01125	0.01425	0.01095	0.01542	0.01058	0.00903	0.18705	0.01880	0.60294	0.02074	0.01842	0.01332	0.00714	0.00582	0.00179	0.00524	0.00567	0.00683	0.00981
34	0.01284	0.02202	0.43431	0.04788	0.02224	0.01355	0.05679	0.06218	0.19308	0.02078	0.04700	0.01634	0.01220	0.00645	0.00576	0.00188	0.00720	0.00533	0.00370	0.00849
35	0.01198	0.00996	0.01137	0.02842	0.03126	0.01093	0.00809	0.02238	0.43906	0.02321	0.28610	0.02952	0.04473	0.00929	0.00624	0.00191	0.00403	0.00794	0.00588	0.00769
36	0.01011	0.00510	0.00758	0.00757	0.00759	0.00508	0.00505	0.00759	0.00757	0.01011	0.01011	0.01761	0.01010	0.01995	0.02238	0.83130	0.00503	0.00502	0.00255	0.00258
37	0.00850	0.00568	0.00637	0.00636	0.00638	0.00565	0.00355	0.00845	0.00844	0.01127	0.01818	0.03760	0.02093	0.79689	0.02912	0.00557	0.00560	0.00836	0.00352	0.00356
38	0.01298	0.29974	0.50897	0.01412	0.02133	0.01664	0.01720	0.01788	0.01202	0.01664	0.00963	0.01130	0.00745	0.00536	0.00489	0.00164	0.00769	0.00388	0.00249	0.00815
39	0.02189	0.01613	0.01727	0.01327	0.01785	0.01781	0.01094	0.74232	0.02696	0.03615	0.01390	0.01397	0.00989	0.00698	0.00580	0.00175	0.00635	0.00520	0.00577	0.00981
40	0.00836	0.00625	0.00924	0.00924	0.01025	0.00721	0.00713	0.01030	0.00929	0.01339	0.01555	0.02306	0.01461	0.06206	0.75532	0.00911	0.01510	0.00624	0.00313	0.00516
41	0.01512	0.73328	0.09420	0.01047	0.01568	0.02188	0.01084	0.01732	0.01177	0.01403	0.00833	0.00968	0.00750	0.00506	0.00390	0.00131	0.00638	0.00322	0.00251	0.00752
42	0.01084	0.00547	0.00547	0.00546	0.00681	0.00544	0.00408	0.01345	0.01210	0.02147	0.01881	0.02154	0.01481	0.00678	0.00408	0.00137	0.00273	0.00539	0.82850	0.00542
43	0.02211	0.01577	0.01705	0.01310	0.01767	0.01728	0.01080	0.70144	0.02636	0.07788	0.01440	0.01430	0.01014	0.00699	0.00580	0.00175	0.00627	0.00524	0.00585	0.00981
44	0.01489	0.01481	0.02435	0.06159	0.50617	0.05638	0.15653	0.05945	0.01412	0.01933	0.01113	0.01444	0.00904	0.00533	0.00592	0.00177	0.00760	0.00539	0.00306	0.00867
45	0.00850	0.00568	0.00637	0.00636	0.00638	0.00565	0.00355	0.00845	0.00844	0.01127	0.01818	0.03760	0.02093	0.79689	0.02912	0.00557	0.00560	0.00836	0.00352	0.00356
46	0.00822	0.00598	0.00769	0.00726	0.00865	0.00548	0.00543	0.01081	0.01615	0.02275	0.72735	0.04343	0.08524	0.01192	0.00682	0.00184	0.00277	0.01046	0.00630	0.00546
47	0.00812	0.00642	0.00866	0.00931	0.00960	0.00699	0.00664	0.00911	0.01068	0.01462	0.02748	0.65757	0.03266	0.01663	0.00936	0.00238	0.13955	0.01433	0.00488	0.00502
48	0.01098	0.01029	0.01726	0.78320	0.03945	0.01280	0.01594	0.01473	0.01155	0.01478	0.01034	0.01548	0.00779	0.00583	0.00579	0.00194	0.00768	0.00514	0.00260	0.00644
49	0.01465	0.01202	0.01285	0.01150	0.01472	0.01369	0.00894	0.02955	0.68784	0.05712	0.05378	0.02235	0.01896	0.00800	0.00593	0.00196	0.00453	0.00665	0.00595	0.00902
50	0.00838	0.00617	0.00886	0.00885	0.00973	0.00700	0.00665	0.01005	0.00917	0.01311	0.01590	0.02502	0.01546	0.16088	0.65766	0.00863	0.01383	0.00652	0.00319	0.00494
51	0.01458	0.03307	0.12497	0.08369	0.25639	0.11297	0.17303	0.04658	0.02689	0.01835	0.01193	0.01631	0.00980	0.00596	0.00595	0.00182	0.00807	0.03848	0.00311	0.00806
52	0.01432	0.01370	0.02330	0.03515	0.76134	0.01368	0.01760	0.01766	0.01313	0.01884	0.01093	0.01439	0.00922	0.00521	0.00574	0.00173	0.00685	0.00515	0.00289	0.00914
53	0.00716	0.00511	0.00677	0.00809	0.00843	0.00476	0.00539	0.00810	0.01106	0.01477	0.03164	0.79331	0.03791	0.01800	0.00737	0.00235	0.00338	0.01628	0.00536	0.00474
54	0.02252	0.00971	0.01270	0.01025	0.01411	0.00888	0.00832	0.02614	0.09824	0.59286	0.02300	0.02370	0.01621	0.05299	0.00730	0.00209	0.00495	0.05027	0.00667	0.00911
55	0.01205	0.11134	0.68921	0.01571	0.02378	0.01436	0.01997	0.01812	0.01214	0.01778	0.01019	0.01201	0.00742	0.00549	0.00532	0.00178	0.00826	0.00416	0.00248	0.00842
56	0.00755	0.00528	0.00665	0.00758	0.00784	0.00502	0.00485	0.00820	0.01030	0.01375	0.02772	0.57333	0.03297	0.24473	0.01370	0.00329	0.00403	0.01398	0.00483	0.00440
57	0.83938	0.01106	0.00841	0.00752	0.01106	0.01283	0.00619	0.01681	0.00973	0.02566	0.00796	0.00929	0.00619	0.00531	0.00354	0.00177	0.00442	0.00310	0.00354	0.00619
58	0.02354	0.00999	0.01307	0.01030	0.01447	0.00915	0.00841	0.02776	0.12124	0.64056	0.04335	0.02039	0.01575	0.00731	0.00579	0.00179	0.00476	0.00598	0.00688	0.00952
59	0.01288	0.08652	0.43774	0.01723	0.10680	0.01369	0.06171	0.01921	0.08746	0.04919	0.01407	0.01536	0.04098	0.00600	0.00551	0.00177	0.00736	0.00501	0.00316	0.00835
60	0.00808	0.00545	0.00631	0.00654	0.00660	0.00539	0.00379	0.00826	0.00878	0.01171	0.02040	0.17096	0.02380	0.66136	0.02527	0.00498	0.00515	0.00972	0.00379	0.00367

[dist]
# distance from previous block
# <min> <max>
0	1

[block]
# block no. 3 follows, 41 sequences, length 23
# corresponding to MSA columns:
# 363-385
name=unknown_D
#
# <colnr> <probs for GDERKNQSTAVLIFYWHMCP>
#	G	D	E	R	K	N	Q	S	T	A	V	L	I	F	Y	W	H	M	C	P
0	0.01635	0.01501	0.02073	0.08344	0.46760	0.07406	0.01527	0.19717	0.01658	0.02231	0.01130	0.01383	0.00899	0.00564	0.00564	0.00170	0.00701	0.00500	0.00353	0.00884
1	0.01463	0.01462	0.02243	0.14369	0.47482	0.08219	0.08961	0.05543	0.01384	0.01852	0.01073	0.01408	0.00869	0.00533	0.00574	0.00173	0.00750	0.00514	0.00295	0.00833
2	0.00986	0.00791	0.00842	0.00772	0.01003	0.00772	0.00594	0.11810	0.09006	0.02010	0.12466	0.08102	0.46185	0.01256	0.00654	0.00191	0.00356	0.01051	0.00553	0.00602
3	0.01208	0.02221	0.43371	0.01686	0.02398	0.01252	0.20713	0.01747	0.01241	0.01827	0.01059	0.01291	0.00785	0.00505	0.00555	0.00166	0.00797	0.00473	0.00272	0.16433
4	0.01349	0.01155	0.01230	0.01127	0.01421	0.01326	0.00868	0.02813	0.67801	0.02299	0.02411	0.09952	0.01952	0.00879	0.00597	0.00198	0.00440	0.00746	0.00577	0.00861
5	0.02026	0.02517	0.01728	0.01785	0.13176	0.65937	0.01205	0.02203	0.01572	0.01472	0.00913	0.01090	0.00763	0.00577	0.00523	0.00151	0.00978	0.00390	0.00293	0.00700
6	0.00817	0.00613	0.00919	0.00919	0.01021	0.00715	0.00715	0.01021	0.00919	0.01328	0.01532	0.02247	0.01430	0.04290	0.77631	0.00919	0.01532	0.00613	0.00306	0.00511
7	0.01404	0.01208	0.01280	0.01160	0.01476	0.01394	0.00906	0.02971	0.72560	0.02368	0.02354	0.02294	0.01803	0.00806	0.00590	0.00197	0.00455	0.03304	0.00580	0.00891
8	0.01261	0.01167	0.01887	0.46592	0.26832	0.01333	0.01581	0.05367	0.05123	0.01749	0.01122	0.01514	0.00870	0.00568	0.00571	0.00183	0.00713	0.00516	0.00297	0.00753
9	0.00691	0.00574	0.00605	0.00610	0.00785	0.00487	0.00453	0.00846	0.01321	0.01617	0.12895	0.10838	0.63418	0.01445	0.00680	0.00195	0.00291	0.01220	0.00541	0.00487
10	0.00841	0.00601	0.00732	0.00735	0.00790	0.00629	0.00485	0.00990	0.04762	0.01278	0.02067	0.08971	0.05811	0.47350	0.20964	0.00584	0.00761	0.00846	0.00372	0.00432
11	0.00697	0.00498	0.00664	0.00796	0.00830	0.00465	0.00531	0.00796	0.01095	0.01460	0.03153	0.79525	0.03783	0.01792	0.00730	0.00232	0.00332	0.01626	0.00531	0.00465
12	0.00819	0.00607	0.00889	0.00889	0.00980	0.00698	0.00677	0.01002	0.00910	0.01305	0.01560	0.02401	0.01497	0.12080	0.69933	0.00882	0.01431	0.00635	0.00311	0.00494
13	0.02174	0.01602	0.01717	0.01316	0.01774	0.01774	0.01087	0.74423	0.02689	0.03605	0.01373	0.01373	0.00973	0.00687	0.00572	0.00172	0.00629	0.00515	0.00572	0.00973
14	0.80931	0.01111	0.00857	0.00767	0.01120	0.01288	0.00630	0.01731	0.03682	0.02560	0.00852	0.00973	0.00661	0.00540	0.00362	0.00178	0.00443	0.00322	0.00362	0.00630
15	0.01147	0.02959	0.76934	0.01630	0.02476	0.01328	0.02113	0.01811	0.01208	0.01811	0.01026	0.01208	0.00725	0.00543	0.00543	0.00181	0.00845	0.00423	0.00242	0.00845
16	0.01186	0.01017	0.01186	0.00847	0.01356	0.00762	0.00678	0.01440	0.01186	0.01864	0.01017	0.01186	0.00847	0.00424	0.00424	0.00085	0.00424	0.00339	0.00339	0.83395
17	0.01347	0.01013	0.01130	0.03519	0.01377	0.01098	0.00803	0.03828	0.42687	0.10309	0.02955	0.10493	0.15037	0.00982	0.00612	0.00195	0.00429	0.00830	0.00571	0.00786
18	0.00819	0.00604	0.00875	0.00875	0.00961	0.00691	0.00659	0.00993	0.00906	0.01295	0.01573	0.02473	0.01528	0.15725	0.66330	0.00864	0.01384	0.00646	0.00312	0.00486
19	0.00701	0.00501	0.00667	0.00794	0.00831	0.00467	0.00531	0.00807	0.01114	0.01490	0.05775	0.76817	0.03841	0.01770	0.00728	0.00230	0.00330	0.01605	0.00535	0.00467
20	0.83938	0.01106	0.00841	0.00752	0.01106	0.01283	0.00619	0.01681	0.00973	0.02566	0.00796	0.00929	0.00619	0.00531	0.00354	0.00177	0.00442	0.00310	0.00354	0.00619
21	0.02075	0.10557	0.01760	0.01424	0.01738	0.69991	0.01092	0.02226	0.01575	0.01394	0.00875	0.01020	0.00737	0.00579	0.00501	0.00145	0.00989	0.00362	0.00290	0.00670
22	0.07360	0.23986	0.51073	0.01387	0.02099	0.01581	0.01692	0.01775	0.01178	0.01740	0.00946	0.01108	0.00719	0.00528	0.00481	0.00165	0.00752	0.00382	0.00251	0.00798

[dist]
# distance from previous block
# <min> <max>
0	1

[block]
# block no. 4 follows, 41 sequences, length 38
# corresponding to MSA columns:
# 387-424
name=unknown_E
#
# <colnr> <probs for GDERKNQSTAVLIFYWHMCP>
#	G	D	E	R	K	N	Q	S	T	A	V	L	I	F	Y	W	H	M	C	P
0	0.02084	0.01534	0.05688	0.01269	0.01729	0.01565	0.01083	0.50774	0.11476	0.14415	0.01607	0.01546	0.01122	0.00693	0.00572	0.00176	0.00598	0.00535	0.00576	0.00958
1	0.00706	0.00581	0.00621	0.00611	0.00791	0.00496	0.00458	0.00879	0.01375	0.01713	0.21577	0.05228	0.60210	0.01386	0.00676	0.00190	0.00285	0.01168	0.00553	0.00496
2	0.00832	0.00555	0.00624	0.00624	0.00624	0.00555	0.00347	0.00832	0.00832	0.01109	0.01802	0.03743	0.02080	0.79898	0.02911	0.00555	0.00555	0.00832	0.00347	0.00347
3	0.77354	0.01141	0.01043	0.00884	0.01256	0.01296	0.06490	0.01693	0.01003	0.02508	0.00825	0.00978	0.00639	0.00527	0.00380	0.00178	0.00484	0.00339	0.00349	0.00632
4	0.01242	0.01197	0.01935	0.01382	0.01915	0.00997	0.25853	0.01574	0.01242	0.01853	0.01065	0.01308	0.00854	0.00444	0.00510	0.00122	0.00609	0.00454	0.00322	0.55124
5	0.01434	0.01184	0.01431	0.05335	0.06637	0.01280	0.00987	0.09604	0.29043	0.05417	0.03605	0.01790	0.02677	0.00708	0.00690	0.00172	0.08963	0.00554	0.00463	0.18026
6	0.60459	0.01154	0.01034	0.00869	0.01251	0.01283	0.00717	0.11790	0.01308	0.13924	0.01096	0.01144	0.00788	0.00579	0.00417	0.00176	0.00475	0.00378	0.00437	0.00721
7	0.01775	0.04478	0.01452	0.01308	0.01562	0.53222	0.00988	0.02040	0.07384	0.01504	0.01462	0.13295	0.01423	0.00840	0.00565	0.00170	0.00838	0.04685	0.00365	0.00647
8	0.01399	0.01340	0.02282	0.03339	0.69821	0.01343	0.03827	0.01778	0.03439	0.01878	0.01172	0.01588	0.00999	0.00548	0.00576	0.00174	0.00677	0.02629	0.00299	0.00891
9	0.01586	0.12273	0.01599	0.01194	0.01543	0.13077	0.00955	0.06618	0.50083	0.02165	0.01848	0.01760	0.01413	0.00704	0.00542	0.00176	0.00572	0.00551	0.00492	0.00849
10	0.00712	0.00509	0.00677	0.00786	0.00833	0.00474	0.00532	0.00833	0.01163	0.01569	0.12662	0.69706	0.03994	0.01711	0.00723	0.00225	0.00324	0.01549	0.00544	0.00474
11	0.09149	0.00984	0.01288	0.00996	0.01432	0.00876	0.00823	0.02698	0.01583	0.70727	0.02138	0.01865	0.01351	0.00694	0.00557	0.00177	0.00483	0.00554	0.00679	0.00945
12	0.01225	0.00816	0.04542	0.00925	0.01126	0.00709	0.00721	0.04485	0.06471	0.17324	0.06654	0.46973	0.02973	0.01357	0.00669	0.00210	0.00406	0.01204	0.00564	0.00644
13	0.02170	0.31266	0.01966	0.01003	0.01463	0.01384	0.00893	0.02377	0.01456	0.47920	0.01698	0.01554	0.01155	0.00624	0.00496	0.00156	0.00534	0.00472	0.00531	0.00882
14	0.00680	0.00578	0.00587	0.00588	0.00776	0.00484	0.00440	0.00828	0.01309	0.01565	0.07795	0.06985	0.72548	0.01447	0.00677	0.00194	0.00290	0.01211	0.00534	0.00484
15	0.01256	0.01210	0.02099	0.38371	0.38452	0.01323	0.05806	0.01623	0.01231	0.01677	0.01053	0.01474	0.00837	0.00537	0.00575	0.00181	0.00734	0.00518	0.00270	0.00772
16	0.01384	0.04699	0.02270	0.23835	0.37035	0.05475	0.11818	0.01736	0.01284	0.03467	0.01077	0.01435	0.00857	0.00531	0.00572	0.00176	0.00754	0.00518	0.00285	0.00793
17	0.00832	0.00555	0.00624	0.00624	0.00624	0.00555	0.00347	0.00832	0.00832	0.01109	0.01802	0.03743	0.02080	0.79898	0.02911	0.00555	0.00555	0.00832	0.00347	0.00347
18	0.00817	0.00613	0.00919	0.00919	0.01021	0.00715	0.00715	0.01021	0.00919	0.01328	0.01532	0.02247	0.01430	0.04290	0.77631	0.00919	0.01532	0.00613	0.00306	0.00511
19	0.06571	0.00790	0.01055	0.00990	0.01108	0.00953	0.00780	0.05068	0.01015	0.01553	0.01380	0.02038	0.01284	0.07340	0.50444	0.00684	0.13012	0.00580	0.02801	0.00552
20	0.01324	0.01049	0.01211	0.00925	0.01372	0.00901	0.00734	0.07460	0.09767	0.05615	0.01403	0.06805	0.01191	0.00594	0.00482	0.00119	0.00440	0.00489	0.00416	0.57702
21	0.00824	0.00553	0.00632	0.00637	0.00644	0.00549	0.00364	0.00840	0.00878	0.01176	0.04878	0.07878	0.02306	0.72474	0.02702	0.00522	0.00531	0.00883	0.00368	0.00361
22	0.01282	0.01230	0.02115	0.32938	0.45750	0.01327	0.03816	0.01642	0.01241	0.01708	0.01055	0.01462	0.00849	0.00533	0.00572	0.00179	0.00720	0.00514	0.00272	0.00796
23	0.01261	0.01063	0.01250	0.04027	0.01493	0.00864	0.00747	0.07259	0.01304	0.01986	0.01045	0.01215	0.00854	0.00451	0.00441	0.00096	0.00454	0.00360	0.00354	0.73476
24	0.01193	0.01161	0.01622	0.01406	0.01415	0.01602	0.01158	0.01318	0.00877	0.01358	0.00872	0.01468	0.00879	0.05518	0.08210	0.00322	0.68232	0.00528	0.00260	0.00601
25	0.01139	0.01055	0.01889	0.05731	0.05079	0.01036	0.27656	0.08449	0.01365	0.01840	0.04114	0.32434	0.02159	0.01070	0.00702	0.01552	0.00631	0.01027	0.00419	0.00653
26	0.02034	0.01526	0.01639	0.01270	0.01717	0.01671	0.01042	0.62446	0.09808	0.03368	0.01444	0.01436	0.01041	0.00678	0.00563	0.00168	0.00598	0.00516	0.00558	0.06477
27	0.01159	0.00932	0.01053	0.00994	0.01211	0.01031	0.00761	0.03355	0.39753	0.02035	0.09528	0.08428	0.05760	0.05758	0.05232	0.04776	0.00498	0.06505	0.00529	0.00700
28	0.01328	0.01142	0.01873	0.05900	0.51556	0.01137	0.01407	0.01634	0.01351	0.06164	0.15002	0.02086	0.01812	0.04327	0.00696	0.00191	0.00591	0.00625	0.00373	0.00805
29	0.01253	0.24260	0.56556	0.01451	0.02198	0.01586	0.01801	0.01784	0.01195	0.01683	0.00963	0.01128	0.00727	0.00529	0.00495	0.00165	0.00781	0.00390	0.00242	0.00815
30	0.00924	0.00581	0.00692	0.00698	0.00737	0.00570	0.00439	0.00968	0.00943	0.05505	0.02062	0.11484	0.02310	0.61277	0.02389	0.00477	0.00526	0.06609	0.00400	0.00409
31	0.01004	0.00591	0.00768	0.00811	0.00921	0.00543	0.00575	0.01125	0.01181	0.12823	0.03091	0.50442	0.08998	0.09102	0.00916	0.00254	0.00384	0.05398	0.00540	0.00535
32	0.00797	0.00600	0.00802	0.00958	0.06826	0.00565	0.00604	0.00926	0.01172	0.01563	0.12522	0.40081	0.13408	0.10917	0.01009	0.02692	0.00383	0.03188	0.00493	0.00493
33	0.02140	0.05143	0.01753	0.01331	0.01760	0.15753	0.01086	0.58061	0.02428	0.03103	0.01259	0.01291	0.00919	0.00660	0.00553	0.00165	0.00703	0.00479	0.00507	0.00906
34	0.00708	0.00512	0.00651	0.00756	0.00803	0.00475	0.00503	0.00803	0.01093	0.01436	0.03313	0.64043	0.11584	0.09308	0.00935	0.00259	0.00349	0.01503	0.00513	0.00455
35	0.00712	0.00504	0.00673	0.00790	0.00829	0.00471	0.00531	0.00816	0.01125	0.01510	0.08448	0.72199	0.03837	0.01751	0.00761	0.02158	0.00331	0.01556	0.00532	0.00465
36	0.01317	0.10589	0.21747	0.06376	0.17970	0.01480	0.28779	0.01778	0.01272	0.01760	0.01059	0.01361	0.00819	0.00509	0.00579	0.00177	0.00825	0.00526	0.00269	0.00807
37	0.01115	0.00671	0.00756	0.00684	0.00933	0.00567	0.00531	0.01280	0.01387	0.18924	0.06412	0.04658	0.57406	0.01272	0.00653	0.00189	0.00335	0.01058	0.00574	0.00597

[dist]
# distance from previous block
# <min> <max>
0	116

# created by:
# /software/SequenceAnalysis/GenePrediction/augustus/3.0.1/scripts/msa2prfl.pl ./fixed/BUSCOvEOG72FTXT.fas
