[name]
unknown

[dist]
# distance from previous block
# <min> <max>
0	138

[block]
# block no. 0 follows, 41 sequences, length 33
# corresponding to MSA columns:
# 153-185
name=unknown_A
#
# <colnr> <probs for GDERKNQSTAVLIFYWHMCP>
#	G	D	E	R	K	N	Q	S	T	A	V	L	I	F	Y	W	H	M	C	P
0	0.01567	0.01262	0.01346	0.01176	0.01521	0.01438	0.00924	0.11678	0.63075	0.05994	0.02209	0.02033	0.01637	0.00762	0.00581	0.00191	0.00476	0.00627	0.00587	0.00917
1	0.04699	0.01463	0.01574	0.04065	0.01739	0.02888	0.01032	0.53155	0.10677	0.06652	0.05104	0.01612	0.01272	0.00710	0.00570	0.00175	0.00591	0.00548	0.00559	0.00915
2	0.01186	0.01017	0.01186	0.00847	0.01356	0.00762	0.00678	0.01440	0.01186	0.01864	0.01017	0.01186	0.00847	0.00424	0.00424	0.00085	0.00424	0.00339	0.00339	0.83395
3	0.01442	0.05289	0.07276	0.02107	0.02645	0.05154	0.54186	0.01921	0.04048	0.05404	0.01200	0.01500	0.00901	0.00532	0.00682	0.00188	0.03815	0.00616	0.00314	0.00778
4	0.00893	0.15049	0.01076	0.00706	0.00951	0.03641	0.00576	0.01049	0.01265	0.01490	0.04435	0.04301	0.54877	0.01428	0.05614	0.00226	0.00456	0.00975	0.00456	0.00537
5	0.00981	0.01007	0.09126	0.01281	0.06565	0.00822	0.05233	0.01346	0.04827	0.01760	0.05641	0.08381	0.12324	0.01273	0.00710	0.00227	0.00542	0.36871	0.00473	0.00610
6	0.01516	0.74539	0.08292	0.01035	0.01550	0.02202	0.01066	0.01729	0.01175	0.01393	0.00827	0.00959	0.00748	0.00503	0.00386	0.00129	0.00633	0.00319	0.00250	0.00749
7	0.01454	0.32942	0.02196	0.01256	0.01497	0.07056	0.01095	0.04994	0.01147	0.01489	0.00938	0.04905	0.00914	0.00801	0.01067	0.00190	0.34614	0.00473	0.00285	0.00688
8	0.01081	0.00544	0.00545	0.00544	0.00678	0.00542	0.00407	0.01343	0.01209	0.02145	0.01879	0.02151	0.01479	0.00676	0.00406	0.00136	0.00272	0.00538	0.82884	0.00541
9	0.00833	0.00621	0.00916	0.00915	0.01013	0.00716	0.00703	0.01023	0.00925	0.01331	0.01559	0.02338	0.01474	0.07959	0.73832	0.00903	0.01487	0.00628	0.00313	0.00511
10	0.00833	0.00624	0.00930	0.00929	0.01033	0.00724	0.00721	0.01032	0.00929	0.01342	0.01546	0.02265	0.01443	0.04291	0.77457	0.00920	0.01535	0.00617	0.00311	0.00519
11	0.04665	0.01561	0.07979	0.02073	0.02519	0.01514	0.48180	0.01722	0.01217	0.01762	0.01048	0.01443	0.00833	0.00626	0.00954	0.00208	0.20067	0.00604	0.00284	0.00742
12	0.83759	0.01116	0.00851	0.00763	0.01117	0.01291	0.00626	0.01691	0.00983	0.02578	0.00812	0.00950	0.00634	0.00541	0.00361	0.00180	0.00448	0.00315	0.00359	0.00627
13	0.06005	0.01164	0.01687	0.10102	0.08165	0.01471	0.04161	0.04803	0.01068	0.01625	0.00994	0.01470	0.00893	0.01371	0.13264	0.00334	0.39950	0.00521	0.00290	0.00662
14	0.00716	0.00592	0.00624	0.00616	0.00799	0.00503	0.00461	0.00879	0.01370	0.01695	0.18564	0.05291	0.63085	0.01406	0.00682	0.00193	0.00292	0.01179	0.00554	0.00501
15	0.00912	0.00884	0.05496	0.01026	0.01276	0.00728	0.10543	0.02742	0.01374	0.01850	0.21880	0.20376	0.19993	0.01225	0.00678	0.00198	0.00444	0.03944	0.00505	0.03926
16	0.02108	0.08078	0.01728	0.01444	0.01757	0.70267	0.01101	0.04098	0.01625	0.01467	0.00906	0.01053	0.00757	0.00595	0.00513	0.00149	0.00996	0.00373	0.00303	0.00683
17	0.01298	0.27123	0.46522	0.01358	0.02034	0.01566	0.01623	0.01768	0.01240	0.03677	0.05873	0.01355	0.01064	0.00581	0.00503	0.00165	0.00729	0.00434	0.00285	0.00801
18	0.01674	0.06672	0.10013	0.02134	0.30780	0.01465	0.01404	0.21834	0.04685	0.07523	0.01383	0.01518	0.02627	0.00613	0.00558	0.00171	0.00645	0.00514	0.00409	0.03379
19	0.01229	0.20594	0.08155	0.01062	0.01421	0.01200	0.06963	0.05656	0.01469	0.05551	0.26086	0.04110	0.09683	0.00902	0.00588	0.00174	0.00511	0.03502	0.00463	0.00680
20	0.02187	0.01611	0.01725	0.01325	0.01783	0.01780	0.01093	0.74262	0.02695	0.03614	0.01387	0.01393	0.00986	0.00696	0.00578	0.00174	0.00634	0.00520	0.00577	0.00980
21	0.01663	0.31958	0.05131	0.01104	0.01525	0.01681	0.00986	0.18664	0.12268	0.08659	0.01552	0.09644	0.01332	0.00745	0.00516	0.00166	0.00567	0.00577	0.00445	0.00818
22	0.02104	0.00875	0.01182	0.00953	0.01308	0.00765	0.00766	0.02324	0.01610	0.56729	0.17679	0.06921	0.02394	0.00876	0.00611	0.00183	0.00438	0.00736	0.00686	0.00861
23	0.02187	0.01611	0.01725	0.01325	0.01783	0.01780	0.01093	0.74262	0.02695	0.03614	0.01387	0.01393	0.00986	0.00696	0.00578	0.00174	0.00634	0.00520	0.00577	0.00980
24	0.00714	0.00596	0.00622	0.00629	0.00816	0.00507	0.00480	0.00868	0.01326	0.01599	0.08310	0.05534	0.68114	0.01455	0.00690	0.00200	0.00311	0.06194	0.00539	0.00496
25	0.02111	0.01570	0.01725	0.06678	0.01933	0.01745	0.01127	0.69203	0.02588	0.03465	0.01362	0.01404	0.00972	0.00688	0.00578	0.00176	0.00643	0.00519	0.00555	0.00956
26	0.01614	0.01179	0.01298	0.01146	0.01484	0.01311	0.00901	0.02951	0.60686	0.14828	0.02348	0.02244	0.01747	0.00797	0.00593	0.00196	0.00466	0.02693	0.00606	0.00913
27	0.01081	0.00544	0.00545	0.00544	0.00678	0.00542	0.00407	0.01343	0.01209	0.02145	0.01879	0.02151	0.01479	0.00676	0.00406	0.00136	0.00272	0.00538	0.82884	0.00541
28	0.01441	0.20634	0.05022	0.32475	0.07866	0.01594	0.07607	0.10852	0.01400	0.04275	0.01080	0.01373	0.00835	0.00567	0.00535	0.00172	0.00719	0.00478	0.00317	0.00759
29	0.83759	0.01116	0.00851	0.00763	0.01117	0.01291	0.00626	0.01691	0.00983	0.02578	0.00812	0.00950	0.00634	0.00541	0.00361	0.00180	0.00448	0.00315	0.00359	0.00627
30	0.00720	0.00515	0.00681	0.00802	0.00843	0.00479	0.00538	0.00826	0.01138	0.01528	0.07897	0.74473	0.03895	0.01758	0.00732	0.00231	0.00333	0.01590	0.00542	0.00477
31	0.01244	0.01111	0.01743	0.66303	0.05837	0.01345	0.01534	0.10744	0.01354	0.01760	0.01078	0.01522	0.00808	0.00594	0.00578	0.00190	0.00747	0.00514	0.00301	0.00694
32	0.83938	0.01106	0.00841	0.00752	0.01106	0.01283	0.00619	0.01681	0.00973	0.02566	0.00796	0.00929	0.00619	0.00531	0.00354	0.00177	0.00442	0.00310	0.00354	0.00619

[dist]
# distance from previous block
# <min> <max>
5	41

[block]
# block no. 1 follows, 41 sequences, length 6
# corresponding to MSA columns:
# 231-236
name=unknown_B
#
# <colnr> <probs for GDERKNQSTAVLIFYWHMCP>
#	G	D	E	R	K	N	Q	S	T	A	V	L	I	F	Y	W	H	M	C	P
0	0.01066	0.00533	0.00533	0.00533	0.00666	0.00533	0.00400	0.01333	0.01200	0.02132	0.01866	0.02132	0.01466	0.00666	0.00400	0.00133	0.00267	0.00533	0.83073	0.00533
1	0.55788	0.01131	0.03848	0.04112	0.09091	0.01189	0.00821	0.01712	0.01084	0.06588	0.01037	0.01196	0.00792	0.00555	0.00409	0.00172	0.00479	0.00381	0.08945	0.00669
2	0.00951	0.00662	0.00867	0.00890	0.01036	0.00648	0.00709	0.01292	0.06919	0.05085	0.32090	0.15502	0.04009	0.01350	0.00711	0.00217	0.00389	0.25524	0.00580	0.00570
3	0.01514	0.42184	0.02346	0.01358	0.09292	0.07855	0.01074	0.04261	0.10167	0.01649	0.04270	0.01319	0.01084	0.00623	0.00602	0.00155	0.08740	0.00432	0.00321	0.00755
4	0.12360	0.36976	0.09999	0.01371	0.09378	0.15191	0.01151	0.01805	0.01244	0.01632	0.00947	0.01227	0.00831	0.00561	0.00446	0.00150	0.00692	0.03029	0.00282	0.00728
5	0.01148	0.00832	0.01014	0.08952	0.01365	0.00873	0.00757	0.08789	0.12044	0.05005	0.26656	0.05317	0.09747	0.00986	0.00610	0.00183	0.00406	0.04049	0.10616	0.00652

[dist]
# distance from previous block
# <min> <max>
15	24

[block]
# block no. 2 follows, 41 sequences, length 32
# corresponding to MSA columns:
# 264-295
name=unknown_C
#
# <colnr> <probs for GDERKNQSTAVLIFYWHMCP>
#	G	D	E	R	K	N	Q	S	T	A	V	L	I	F	Y	W	H	M	C	P
0	0.08697	0.02036	0.18599	0.08702	0.17791	0.22524	0.01458	0.05324	0.01403	0.05581	0.01051	0.01252	0.00807	0.00572	0.00550	0.00170	0.01953	0.00437	0.00315	0.00779
1	0.16973	0.33338	0.02165	0.01617	0.20681	0.01697	0.01110	0.05065	0.04860	0.01883	0.01089	0.01426	0.00955	0.00584	0.00458	0.00158	0.00586	0.04269	0.00322	0.00765
2	0.07276	0.04896	0.02171	0.09412	0.10352	0.01204	0.29246	0.01566	0.01293	0.01850	0.08526	0.02048	0.08358	0.00648	0.00591	0.00174	0.00677	0.00647	0.00347	0.08719
3	0.01556	0.01699	0.12732	0.02124	0.26998	0.10248	0.05930	0.08823	0.08646	0.06037	0.01368	0.01707	0.01100	0.00630	0.00573	0.00175	0.00707	0.04405	0.00373	0.04171
4	0.06504	0.03852	0.00900	0.00780	0.00951	0.00709	0.00588	0.01242	0.01250	0.10475	0.21742	0.11710	0.11037	0.11996	0.13393	0.00353	0.00571	0.00894	0.00494	0.00559
5	0.00992	0.00871	0.02633	0.03382	0.03026	0.00822	0.14754	0.01244	0.04764	0.01586	0.05534	0.20702	0.06336	0.08862	0.01088	0.09790	0.01718	0.07154	0.00410	0.04333
6	0.01357	0.05926	0.25790	0.03811	0.20246	0.04462	0.18977	0.05827	0.01356	0.01869	0.01157	0.04485	0.00941	0.00579	0.00580	0.00179	0.00795	0.00551	0.00296	0.00817
7	0.01557	0.01337	0.02073	0.13587	0.09155	0.03650	0.17034	0.11247	0.01416	0.10513	0.01177	0.01459	0.00901	0.00671	0.00886	0.00194	0.18603	0.00541	0.00361	0.03639
8	0.01377	0.01672	0.12517	0.13264	0.36355	0.07390	0.15597	0.01779	0.01302	0.01760	0.01061	0.01396	0.00841	0.00524	0.00581	0.00177	0.00796	0.00518	0.00276	0.00815
9	0.01416	0.01359	0.02322	0.03511	0.76330	0.01359	0.01755	0.01755	0.01302	0.01869	0.01076	0.01416	0.00906	0.00510	0.00566	0.00170	0.00680	0.00510	0.00283	0.00906
10	0.00818	0.00608	0.00897	0.00897	0.00991	0.00703	0.00687	0.01007	0.00913	0.01311	0.01552	0.02360	0.01479	0.09997	0.71992	0.00892	0.01458	0.00629	0.00309	0.00498
11	0.00777	0.00669	0.00682	0.00685	0.00846	0.04096	0.00504	0.00943	0.01357	0.01691	0.20689	0.16093	0.46140	0.01398	0.00676	0.00194	0.00326	0.01192	0.00542	0.00501
12	0.01147	0.02959	0.76934	0.01630	0.02476	0.01328	0.02113	0.01811	0.01208	0.01811	0.01026	0.01208	0.00725	0.00543	0.00543	0.00181	0.00845	0.00423	0.00242	0.00845
13	0.00776	0.00564	0.00788	0.00833	0.00901	0.00599	0.00600	0.00924	0.01010	0.01403	0.06146	0.29981	0.02551	0.11506	0.37988	0.00595	0.00931	0.01020	0.00408	0.00478
14	0.00820	0.00598	0.00841	0.00837	0.00919	0.00664	0.00619	0.00984	0.00960	0.01362	0.07984	0.02752	0.01914	0.20736	0.54511	0.00775	0.01208	0.00697	0.00343	0.00477
15	0.00718	0.00526	0.00677	0.00774	0.00844	0.00485	0.00540	0.00849	0.01188	0.01570	0.10938	0.58216	0.13418	0.01672	0.00721	0.00223	0.00330	0.05293	0.00541	0.00478
16	0.00917	0.00608	0.00799	0.00738	0.00892	0.00558	0.00558	0.01184	0.01620	0.06854	0.71509	0.04130	0.05153	0.01141	0.00669	0.00180	0.00283	0.01006	0.00634	0.00566
17	0.01443	0.00692	0.00933	0.00878	0.01080	0.00619	0.00654	0.01604	0.01350	0.31227	0.08432	0.43094	0.02974	0.01316	0.00665	0.00206	0.00388	0.01166	0.00608	0.00671
18	0.01529	0.80242	0.02997	0.00979	0.01468	0.02263	0.00979	0.01713	0.01162	0.01346	0.00795	0.00918	0.00734	0.00489	0.00367	0.00122	0.00612	0.00306	0.00245	0.00734
19	0.02059	0.02589	0.01664	0.01584	0.05737	0.70215	0.01146	0.02216	0.01571	0.01424	0.00889	0.01062	0.00746	0.00603	0.00578	0.00153	0.04415	0.00382	0.00292	0.00674
20	0.36662	0.01172	0.01324	0.23755	0.05087	0.01365	0.01043	0.11893	0.08759	0.02342	0.01107	0.01306	0.00836	0.00588	0.00480	0.00182	0.00573	0.00438	0.00375	0.00714
21	0.01259	0.02089	0.47309	0.01355	0.01959	0.01070	0.01581	0.01754	0.01314	0.11918	0.09112	0.05851	0.01710	0.00799	0.00596	0.00192	0.00680	0.08286	0.00388	0.00780
22	0.00826	0.00578	0.00742	0.00742	0.00783	0.00619	0.00494	0.00908	0.00867	0.01197	0.01694	0.03145	0.01820	0.49666	0.32788	0.00700	0.00945	0.00744	0.00331	0.00412
23	0.01332	0.01271	0.01941	0.10328	0.43840	0.05288	0.04839	0.05290	0.01395	0.01895	0.08445	0.05765	0.04480	0.00692	0.00592	0.00177	0.00646	0.00644	0.00351	0.00789
24	0.01387	0.05320	0.02293	0.11174	0.65018	0.01396	0.01699	0.01723	0.01279	0.01800	0.01056	0.01402	0.00882	0.00515	0.00557	0.00170	0.00685	0.00499	0.00278	0.00869
25	0.00879	0.00704	0.01077	0.01039	0.01169	0.00784	0.04872	0.01097	0.01042	0.01447	0.02033	0.06702	0.05596	0.03120	0.47127	0.00649	0.05798	0.13969	0.00365	0.00532
26	0.10191	0.10697	0.05407	0.01449	0.05448	0.49726	0.01124	0.06533	0.01536	0.01690	0.00912	0.01058	0.00747	0.00573	0.00491	0.00152	0.00876	0.00375	0.00309	0.00706
27	0.05905	0.01502	0.12783	0.24372	0.20412	0.01332	0.14722	0.05069	0.01293	0.01856	0.01062	0.01401	0.00816	0.00533	0.00566	0.00178	0.00751	0.00508	0.00290	0.04648
28	0.01845	0.40465	0.02308	0.01209	0.01622	0.29832	0.01041	0.12407	0.01551	0.01691	0.00911	0.01025	0.00769	0.00555	0.00451	0.00139	0.00768	0.00359	0.00310	0.00742
29	0.05324	0.01075	0.01773	0.02621	0.05517	0.01006	0.23462	0.01537	0.06088	0.01860	0.05853	0.12694	0.05900	0.00830	0.00609	0.00178	0.00590	0.05152	0.00400	0.17531
30	0.01369	0.15542	0.32092	0.01420	0.05271	0.05545	0.01445	0.05628	0.12475	0.03325	0.05095	0.01766	0.01292	0.00670	0.00541	0.00175	0.00684	0.04503	0.00359	0.00804
31	0.06472	0.02128	0.33665	0.05700	0.18421	0.09251	0.04580	0.01939	0.05268	0.05603	0.01145	0.01334	0.00856	0.00560	0.00544	0.00176	0.00765	0.00463	0.00307	0.00822

[dist]
# distance from previous block
# <min> <max>
5	6

[block]
# block no. 3 follows, 41 sequences, length 45
# corresponding to MSA columns:
# 302-346
name=unknown_D
#
# <colnr> <probs for GDERKNQSTAVLIFYWHMCP>
#	G	D	E	R	K	N	Q	S	T	A	V	L	I	F	Y	W	H	M	C	P
0	0.05841	0.10699	0.65151	0.01515	0.02296	0.01421	0.01914	0.01794	0.01190	0.01807	0.00990	0.01163	0.00720	0.00537	0.00515	0.00175	0.00799	0.00404	0.00248	0.00821
1	0.00817	0.00623	0.00776	0.00846	0.01003	0.00582	0.00707	0.01033	0.01326	0.01671	0.07548	0.05967	0.32844	0.01508	0.00739	0.00231	0.00419	0.40319	0.00533	0.00510
2	0.01463	0.00731	0.00965	0.00823	0.01078	0.00650	0.00647	0.01707	0.01607	0.30260	0.44046	0.03471	0.08146	0.01012	0.00637	0.00180	0.00353	0.00872	0.00653	0.00700
3	0.02137	0.02726	0.01621	0.01474	0.01768	0.77602	0.01105	0.02284	0.01621	0.01400	0.00884	0.01031	0.00737	0.00589	0.00516	0.00147	0.01031	0.00368	0.00295	0.00663
4	0.00835	0.00598	0.00787	0.00781	0.00828	0.00658	0.00538	0.00932	0.00873	0.01216	0.01652	0.02996	0.01749	0.43297	0.37132	0.00714	0.02936	0.00723	0.00326	0.00429
5	0.00757	0.00583	0.00692	0.00665	0.00822	0.00517	0.00499	0.00978	0.01496	0.02000	0.48502	0.04756	0.33106	0.01279	0.00675	0.00185	0.00278	0.01102	0.00591	0.00517
6	0.02200	0.02684	0.01671	0.01506	0.01815	0.71852	0.01131	0.06988	0.01730	0.01612	0.00990	0.01156	0.00822	0.00644	0.00551	0.00163	0.01024	0.00402	0.00338	0.00720
7	0.01081	0.00857	0.01015	0.01096	0.01251	0.05351	0.00916	0.01386	0.05555	0.01836	0.08837	0.08351	0.03280	0.01486	0.00778	0.00257	0.00549	0.54976	0.00547	0.00594
8	0.05315	0.00591	0.00749	0.00772	0.00886	0.00559	0.00555	0.01063	0.01338	0.05595	0.33986	0.39447	0.04183	0.01406	0.00679	0.00204	0.00319	0.01252	0.00572	0.00530
9	0.00817	0.00613	0.00919	0.00919	0.01021	0.00715	0.00715	0.01021	0.00919	0.01328	0.01532	0.02247	0.01430	0.04290	0.77631	0.00919	0.01532	0.00613	0.00306	0.00511
10	0.01439	0.01410	0.02280	0.04963	0.71693	0.04581	0.01725	0.01772	0.01313	0.01841	0.01067	0.01402	0.00896	0.00514	0.00564	0.00169	0.00696	0.00504	0.00283	0.00890
11	0.01547	0.01374	0.06516	0.02363	0.37900	0.01216	0.07303	0.06536	0.01412	0.11485	0.01238	0.01436	0.00950	0.00530	0.00549	0.00158	0.00638	0.00495	0.00364	0.15988
12	0.00708	0.00533	0.00658	0.00744	0.00832	0.00483	0.00523	0.00837	0.01193	0.01542	0.07975	0.51409	0.23860	0.01652	0.00715	0.00220	0.00326	0.04777	0.00536	0.00477
13	0.01965	0.08305	0.01769	0.07902	0.05935	0.61573	0.01171	0.02145	0.01530	0.01426	0.00899	0.01084	0.00748	0.00576	0.00512	0.00150	0.00959	0.00383	0.00287	0.00679
14	0.01327	0.01030	0.01119	0.01006	0.01297	0.01122	0.00781	0.02436	0.48834	0.08475	0.10403	0.02919	0.14952	0.00927	0.00607	0.00191	0.00409	0.00777	0.00589	0.00801
15	0.01027	0.00906	0.01273	0.02418	0.01210	0.01135	0.03542	0.01137	0.00903	0.01308	0.01362	0.07256	0.01465	0.26996	0.11335	0.00426	0.34775	0.00701	0.00308	0.00516
16	0.00791	0.00584	0.00739	0.00701	0.00843	0.00532	0.00525	0.01044	0.01576	0.02192	0.66457	0.04441	0.15032	0.01207	0.00675	0.00182	0.00273	0.01058	0.00616	0.00532
17	0.06820	0.01102	0.06179	0.01038	0.01496	0.00891	0.00906	0.02635	0.01573	0.66586	0.03395	0.01885	0.01398	0.00696	0.00563	0.00177	0.00504	0.00559	0.00657	0.00938
18	0.00697	0.00498	0.00664	0.00796	0.00830	0.00465	0.00531	0.00796	0.01095	0.01460	0.03153	0.79525	0.03783	0.01792	0.00730	0.00232	0.00332	0.01626	0.00531	0.00465
19	0.00874	0.00675	0.00809	0.00760	0.00931	0.00655	0.00574	0.01314	0.11972	0.02186	0.54180	0.04171	0.16399	0.01159	0.00662	0.00184	0.00299	0.01008	0.00607	0.00582
20	0.83938	0.01106	0.00841	0.00752	0.01106	0.01283	0.00619	0.01681	0.00973	0.02566	0.00796	0.00929	0.00619	0.00531	0.00354	0.00177	0.00442	0.00310	0.00354	0.00619
21	0.00787	0.00584	0.00739	0.00821	0.00933	0.00549	0.00638	0.00960	0.01239	0.01594	0.07367	0.26016	0.21801	0.06289	0.00866	0.00250	0.00402	0.27153	0.00523	0.00488
22	0.01147	0.02959	0.76934	0.01630	0.02476	0.01328	0.02113	0.01811	0.01208	0.01811	0.01026	0.01208	0.00725	0.00543	0.00543	0.00181	0.00845	0.00423	0.00242	0.00845
23	0.00757	0.00623	0.00670	0.00651	0.00839	0.00557	0.00490	0.01027	0.06164	0.01781	0.22537	0.04989	0.54211	0.01338	0.00670	0.00190	0.00295	0.01129	0.00558	0.00524
24	0.00994	0.00497	0.00745	0.00745	0.00745	0.00497	0.00497	0.00745	0.00745	0.00994	0.00994	0.01739	0.00994	0.01987	0.02235	0.83358	0.00497	0.00497	0.00248	0.00248
25	0.01779	0.08046	0.01612	0.01253	0.01620	0.17164	0.01001	0.21955	0.34709	0.02430	0.01652	0.01605	0.01250	0.00691	0.00548	0.00173	0.00631	0.00527	0.00493	0.00860
26	0.01565	0.55532	0.07515	0.01297	0.07646	0.11410	0.01128	0.01855	0.04686	0.01474	0.00915	0.01048	0.00795	0.00520	0.00423	0.00136	0.00677	0.00354	0.00269	0.00754
27	0.13440	0.03242	0.19031	0.05645	0.19039	0.14321	0.02510	0.07796	0.01412	0.06827	0.01086	0.01262	0.00822	0.00564	0.00522	0.00171	0.00734	0.00441	0.00335	0.00801
28	0.01552	0.77385	0.02947	0.00997	0.01479	0.05040	0.00983	0.01734	0.01179	0.01348	0.00798	0.00922	0.00734	0.00493	0.00372	0.00123	0.00627	0.00308	0.00247	0.00731
29	0.07980	0.01181	0.01898	0.02791	0.56421	0.01189	0.01439	0.01574	0.01238	0.01851	0.01433	0.15659	0.01409	0.00746	0.00579	0.00182	0.00597	0.00698	0.00334	0.00802
30	0.00718	0.00574	0.00583	0.00583	0.00747	0.00495	0.00421	0.00851	0.01236	0.01521	0.05052	0.05085	0.62238	0.11647	0.00952	0.00237	0.00323	0.01120	0.05148	0.00468
31	0.01553	0.04647	0.04505	0.02195	0.34295	0.03511	0.01325	0.12405	0.15623	0.06109	0.03348	0.05245	0.01329	0.00675	0.00570	0.00176	0.00606	0.00589	0.00421	0.00873
32	0.00739	0.00577	0.00669	0.00656	0.00813	0.00508	0.00488	0.00938	0.01437	0.01884	0.37922	0.09100	0.39541	0.01340	0.00678	0.00189	0.00283	0.01151	0.00576	0.00508
33	0.01680	0.04217	0.01477	0.01193	0.01551	0.06426	0.00953	0.27171	0.37109	0.02697	0.07834	0.01933	0.01677	0.00755	0.00574	0.00180	0.00541	0.00603	0.00552	0.00877
34	0.01590	0.01226	0.01335	0.00997	0.01476	0.05114	0.00803	0.16827	0.01571	0.10186	0.01216	0.01298	0.00928	0.00518	0.00476	0.00116	0.00506	0.00402	0.00424	0.52991
35	0.01785	0.10223	0.01609	0.01222	0.03059	0.32156	0.00951	0.11611	0.01612	0.06348	0.03971	0.01522	0.05233	0.00636	0.00510	0.00142	0.00713	0.00462	0.00384	0.15850
36	0.02529	0.01033	0.01364	0.01046	0.01490	0.00930	0.00864	0.09612	0.01737	0.69760	0.02172	0.01892	0.01374	0.00706	0.00575	0.00176	0.00500	0.00569	0.00695	0.00973
37	0.27954	0.07989	0.01542	0.01180	0.03117	0.13015	0.00947	0.33170	0.01833	0.02726	0.01064	0.01146	0.00805	0.00603	0.00478	0.00166	0.00630	0.00411	0.00429	0.00794
38	0.01477	0.01040	0.07192	0.00953	0.01240	0.00901	0.00786	0.11230	0.07181	0.20108	0.07592	0.09486	0.06813	0.20043	0.01166	0.00275	0.00506	0.00789	0.00522	0.00698
39	0.01529	0.07844	0.01476	0.01191	0.01524	0.11873	0.00939	0.02829	0.59241	0.02172	0.02007	0.01885	0.01526	0.00727	0.00556	0.00182	0.00544	0.00581	0.00515	0.00858
40	0.00697	0.00498	0.00664	0.00796	0.00830	0.00465	0.00531	0.00796	0.01095	0.01460	0.03153	0.79525	0.03783	0.01792	0.00730	0.00232	0.00332	0.01626	0.00531	0.00465
41	0.01340	0.27592	0.43456	0.01566	0.08110	0.05401	0.01671	0.01799	0.01221	0.01646	0.00949	0.01123	0.00743	0.00526	0.00487	0.00160	0.00766	0.00390	0.00249	0.00806
42	0.01909	0.01847	0.01463	0.06807	0.04208	0.39823	0.01028	0.06417	0.01567	0.15335	0.01511	0.12710	0.01327	0.00788	0.00567	0.00170	0.00775	0.00613	0.00418	0.00716
43	0.00832	0.00555	0.00624	0.00624	0.00624	0.00555	0.00347	0.00832	0.00832	0.01109	0.01802	0.03743	0.02080	0.79898	0.02911	0.00555	0.00555	0.00832	0.00347	0.00347
44	0.01886	0.01430	0.01609	0.01495	0.10463	0.05016	0.01091	0.43551	0.06575	0.07840	0.01731	0.02049	0.03883	0.02058	0.00629	0.00187	0.00612	0.06486	0.00526	0.00882

[dist]
# distance from previous block
# <min> <max>
0	1

[block]
# block no. 4 follows, 41 sequences, length 18
# corresponding to MSA columns:
# 348-365
name=unknown_E
#
# <colnr> <probs for GDERKNQSTAVLIFYWHMCP>
#	G	D	E	R	K	N	Q	S	T	A	V	L	I	F	Y	W	H	M	C	P
0	0.00994	0.00497	0.00745	0.00745	0.00745	0.00497	0.00497	0.00745	0.00745	0.00994	0.00994	0.01739	0.00994	0.01987	0.02235	0.83358	0.00497	0.00497	0.00248	0.00248
1	0.01080	0.01017	0.01716	0.78523	0.03940	0.01271	0.01589	0.01461	0.01144	0.01461	0.01017	0.01525	0.00762	0.00572	0.00572	0.00191	0.00762	0.00508	0.00254	0.00635
2	0.41747	0.01649	0.03397	0.03174	0.01539	0.23174	0.03974	0.02030	0.09251	0.03751	0.01047	0.01161	0.00810	0.00578	0.00455	0.00171	0.00655	0.00393	0.00361	0.00684
3	0.07619	0.05403	0.04895	0.04336	0.06099	0.06617	0.01137	0.46014	0.05450	0.04973	0.01295	0.01349	0.00946	0.00644	0.00543	0.00170	0.00647	0.00484	0.00485	0.00892
4	0.01124	0.11527	0.13680	0.01100	0.04916	0.06748	0.00964	0.04169	0.01484	0.01974	0.34372	0.02978	0.10906	0.00915	0.00592	0.00171	0.00501	0.00764	0.00462	0.00652
5	0.00697	0.00498	0.00664	0.00796	0.00830	0.00465	0.00531	0.00796	0.01095	0.01460	0.03153	0.79525	0.03783	0.01792	0.00730	0.00232	0.00332	0.01626	0.00531	0.00465
6	0.01017	0.00837	0.00957	0.04987	0.01214	0.04387	0.00682	0.07474	0.01328	0.01786	0.08600	0.38856	0.06339	0.02843	0.00678	0.00194	0.00428	0.01086	0.00478	0.15830
7	0.04071	0.01185	0.01872	0.35665	0.31718	0.01303	0.01518	0.04434	0.04690	0.01805	0.01107	0.01465	0.00872	0.00551	0.00554	0.00175	0.00680	0.00499	0.00301	0.05534
8	0.03867	0.01015	0.01691	0.66446	0.03574	0.01226	0.04971	0.01450	0.01160	0.01528	0.01290	0.01831	0.04212	0.00635	0.00581	0.00193	0.00733	0.02686	0.00280	0.00631
9	0.01341	0.01293	0.02210	0.05327	0.64347	0.01287	0.05197	0.01672	0.01300	0.01828	0.01474	0.01768	0.07211	0.00589	0.00581	0.00174	0.00663	0.00576	0.00303	0.00856
10	0.01299	0.01185	0.01916	0.28649	0.14089	0.01407	0.07460	0.01587	0.01131	0.05881	0.01025	0.01434	0.00831	0.00693	0.00987	0.00202	0.25456	0.00517	0.00290	0.03964
11	0.01351	0.01418	0.01737	0.01499	0.01532	0.10317	0.01235	0.01479	0.00960	0.01379	0.00766	0.01227	0.00749	0.00955	0.01723	0.00239	0.70063	0.00486	0.00255	0.00630
12	0.01529	0.80242	0.02997	0.00979	0.01468	0.02263	0.00979	0.01713	0.01162	0.01346	0.00795	0.00918	0.00734	0.00489	0.00367	0.00122	0.00612	0.00306	0.00245	0.00734
13	0.01263	0.01410	0.01013	0.00949	0.01171	0.30302	0.00712	0.01430	0.01480	0.01616	0.15764	0.03567	0.35021	0.01069	0.00614	0.00173	0.00573	0.00854	0.00456	0.00562
14	0.02566	0.00973	0.01327	0.01018	0.01460	0.00841	0.00841	0.02788	0.01637	0.76726	0.02257	0.01947	0.01416	0.00708	0.00575	0.00177	0.00487	0.00575	0.00708	0.00973
15	0.01337	0.01504	0.03159	0.02290	0.02792	0.01487	0.64543	0.01772	0.01287	0.01772	0.01103	0.01504	0.00852	0.00551	0.00835	0.00201	0.11323	0.00652	0.00284	0.00752
16	0.00709	0.00503	0.00660	0.00780	0.00811	0.00473	0.00514	0.00800	0.01071	0.01428	0.03028	0.72505	0.03625	0.09027	0.00932	0.00262	0.00352	0.01552	0.00514	0.00454
17	0.00681	0.00559	0.00600	0.00633	0.00787	0.00478	0.00458	0.00815	0.01253	0.01524	0.05148	0.23624	0.58396	0.01533	0.00689	0.00203	0.00300	0.01310	0.00531	0.00478

[dist]
# distance from previous block
# <min> <max>
0	1

[block]
# block no. 5 follows, 41 sequences, length 19
# corresponding to MSA columns:
# 367-385
name=unknown_F
#
# <colnr> <probs for GDERKNQSTAVLIFYWHMCP>
#	G	D	E	R	K	N	Q	S	T	A	V	L	I	F	Y	W	H	M	C	P
0	0.21870	0.04691	0.01221	0.00945	0.01305	0.03550	0.00775	0.09777	0.05177	0.26588	0.02249	0.02147	0.13613	0.00784	0.00563	0.00179	0.02677	0.00592	0.00524	0.00771
1	0.01365	0.01026	0.03684	0.01056	0.03361	0.01020	0.00832	0.04089	0.24899	0.14571	0.14051	0.03006	0.17691	0.00962	0.00695	0.00191	0.05402	0.00787	0.00559	0.00755
2	0.01391	0.29850	0.35240	0.01383	0.05768	0.01564	0.01477	0.01804	0.01261	0.07956	0.06321	0.01393	0.01124	0.00580	0.00494	0.00159	0.00684	0.00442	0.00311	0.00798
3	0.00775	0.00541	0.00689	0.00743	0.00773	0.00545	0.00482	0.00849	0.00952	0.01287	0.02301	0.34000	0.02657	0.35807	0.14533	0.00486	0.00628	0.01115	0.00414	0.00422
4	0.01945	0.08513	0.13201	0.01300	0.01809	0.01648	0.01201	0.46482	0.07094	0.09046	0.01407	0.01407	0.01002	0.00656	0.00551	0.00171	0.00637	0.00497	0.00505	0.00928
5	0.64192	0.01148	0.06144	0.00785	0.01147	0.01152	0.00694	0.01547	0.01045	0.02342	0.01649	0.01714	0.13253	0.00685	0.00421	0.00180	0.00445	0.00468	0.00376	0.00612
6	0.01651	0.01332	0.06655	0.01172	0.01575	0.01309	0.00992	0.12930	0.41208	0.13712	0.02025	0.02011	0.01505	0.00740	0.00573	0.00182	0.00511	0.02945	0.00558	0.06416
7	0.01267	0.01060	0.01165	0.01078	0.01349	0.01193	0.00846	0.02514	0.55078	0.02304	0.14732	0.02953	0.02522	0.00928	0.00620	0.00199	0.00430	0.08376	0.00584	0.00804
8	0.00902	0.00714	0.01013	0.01178	0.13475	0.00673	0.00736	0.01176	0.01546	0.02175	0.59027	0.03873	0.09138	0.01077	0.00657	0.00179	0.00340	0.00958	0.00565	0.00597
9	0.83938	0.01106	0.00841	0.00752	0.01106	0.01283	0.00619	0.01681	0.00973	0.02566	0.00796	0.00929	0.00619	0.00531	0.00354	0.00177	0.00442	0.00310	0.00354	0.00619
10	0.00697	0.00498	0.00664	0.00796	0.00830	0.00465	0.00531	0.00796	0.01095	0.01460	0.03153	0.79525	0.03783	0.01792	0.00730	0.00232	0.00332	0.01626	0.00531	0.00465
11	0.02291	0.00921	0.01260	0.01024	0.01414	0.00810	0.00854	0.02519	0.01584	0.64178	0.02386	0.02700	0.01730	0.00854	0.00611	0.00191	0.00493	0.12604	0.00678	0.00899
12	0.00829	0.00567	0.00689	0.00689	0.00711	0.00590	0.00427	0.00873	0.00851	0.01157	0.01743	0.03416	0.01937	0.63342	0.19273	0.00634	0.00769	0.00784	0.00338	0.00383
13	0.00842	0.00620	0.00813	0.00887	0.01024	0.00592	0.00735	0.01075	0.01360	0.01781	0.17889	0.10301	0.16858	0.01489	0.00743	0.00232	0.00422	0.41272	0.00548	0.00518
14	0.25694	0.01368	0.01498	0.14210	0.06679	0.03119	0.01078	0.34949	0.01822	0.02788	0.01117	0.01265	0.00826	0.00609	0.00507	0.00176	0.00609	0.00451	0.00431	0.00803
15	0.01551	0.01292	0.01366	0.01190	0.01536	0.01483	0.00936	0.15228	0.62899	0.02600	0.02165	0.02004	0.01614	0.00761	0.00580	0.00190	0.00483	0.00624	0.00580	0.00917
16	0.00851	0.00622	0.00827	0.00929	0.01043	0.00610	0.00749	0.01108	0.03967	0.01693	0.08345	0.27488	0.08154	0.01576	0.00750	0.00241	0.00434	0.39558	0.00537	0.00520
17	0.01125	0.00671	0.00832	0.01031	0.13324	0.00671	0.00627	0.01403	0.01217	0.02088	0.01734	0.02013	0.01372	0.00640	0.00428	0.00139	0.00336	0.00529	0.69224	0.00596
18	0.08796	0.01373	0.01464	0.01162	0.01551	0.01510	0.00948	0.52781	0.05670	0.03243	0.13857	0.01856	0.01718	0.00758	0.00571	0.00175	0.00545	0.00591	0.00564	0.00867

[dist]
# distance from previous block
# <min> <max>
8	9

[block]
# block no. 6 follows, 41 sequences, length 10
# corresponding to MSA columns:
# 395-404
name=unknown_G
#
# <colnr> <probs for GDERKNQSTAVLIFYWHMCP>
#	G	D	E	R	K	N	Q	S	T	A	V	L	I	F	Y	W	H	M	C	P
0	0.01529	0.80242	0.02997	0.00979	0.01468	0.02263	0.00979	0.01713	0.01162	0.01346	0.00795	0.00918	0.00734	0.00489	0.00367	0.00122	0.00612	0.00306	0.00245	0.00734
1	0.01251	0.01251	0.01752	0.01502	0.01502	0.01752	0.01251	0.01377	0.00876	0.01377	0.00751	0.01251	0.00751	0.01001	0.01877	0.00250	0.78851	0.00501	0.00250	0.00626
2	0.02128	0.01765	0.01678	0.01333	0.01757	0.14092	0.01080	0.58844	0.06424	0.03181	0.01345	0.01359	0.00976	0.00676	0.00564	0.00169	0.00685	0.00498	0.00528	0.00919
3	0.01566	0.32392	0.06496	0.04304	0.01840	0.07882	0.08801	0.12649	0.06818	0.01846	0.01077	0.01253	0.00879	0.00702	0.02793	0.00183	0.06977	0.00444	0.00329	0.00768
4	0.01791	0.05711	0.01733	0.12108	0.02058	0.45798	0.05311	0.07252	0.01547	0.01606	0.01103	0.01518	0.00944	0.00805	0.03959	0.00197	0.00934	0.04624	0.00321	0.00677
5	0.01406	0.00921	0.04046	0.04726	0.01388	0.00851	0.00863	0.05737	0.01394	0.20940	0.08629	0.21986	0.02405	0.01110	0.00729	0.00200	0.06106	0.09323	0.00528	0.06712
6	0.00763	0.00597	0.00708	0.00756	0.00856	0.00578	0.00531	0.00961	0.05452	0.01506	0.03739	0.40008	0.26985	0.08359	0.03017	0.00264	0.02621	0.01304	0.00504	0.00492
7	0.04860	0.01059	0.01559	0.30900	0.04424	0.01117	0.04009	0.07808	0.01471	0.30669	0.01751	0.01842	0.04652	0.00669	0.00574	0.00183	0.00617	0.00567	0.00473	0.00797
8	0.00837	0.00635	0.00777	0.00733	0.00892	0.00601	0.00552	0.01194	0.07462	0.02181	0.58791	0.04301	0.16522	0.01183	0.00667	0.00183	0.00288	0.01031	0.00610	0.00560
9	0.33882	0.01025	0.01140	0.00916	0.01324	0.01011	0.00756	0.02362	0.01382	0.48186	0.01695	0.01555	0.01109	0.00640	0.00490	0.00177	0.00470	0.00473	0.00572	0.00837

[dist]
# distance from previous block
# <min> <max>
0	1

[block]
# block no. 7 follows, 41 sequences, length 14
# corresponding to MSA columns:
# 406-419
name=unknown_H
#
# <colnr> <probs for GDERKNQSTAVLIFYWHMCP>
#	G	D	E	R	K	N	Q	S	T	A	V	L	I	F	Y	W	H	M	C	P
0	0.01423	0.01229	0.01293	0.01164	0.01487	0.01423	0.00905	0.03039	0.75297	0.02393	0.02328	0.02134	0.01746	0.00776	0.00582	0.00194	0.00453	0.00647	0.00582	0.00905
1	0.00871	0.00629	0.00856	0.00961	0.01087	0.00615	0.00810	0.01110	0.01323	0.01732	0.10480	0.13649	0.08570	0.01552	0.00765	0.00247	0.00465	0.53223	0.00538	0.00519
2	0.02566	0.00973	0.01327	0.01018	0.01460	0.00841	0.00841	0.02788	0.01637	0.76726	0.02257	0.01947	0.01416	0.00708	0.00575	0.00177	0.00487	0.00575	0.00708	0.00973
3	0.01251	0.01251	0.01752	0.01502	0.01502	0.01752	0.01251	0.01377	0.00876	0.01377	0.00751	0.01251	0.00751	0.01001	0.01877	0.00250	0.78851	0.00501	0.00250	0.00626
4	0.01147	0.02959	0.76934	0.01630	0.02476	0.01328	0.02113	0.01811	0.01208	0.01811	0.01026	0.01208	0.00725	0.00543	0.00543	0.00181	0.00845	0.00423	0.00242	0.00845
5	0.00922	0.00658	0.00922	0.01053	0.01185	0.00658	0.00922	0.01185	0.01317	0.01712	0.03029	0.06452	0.03292	0.01580	0.00790	0.00263	0.00527	0.72480	0.00527	0.00527
6	0.83938	0.01106	0.00841	0.00752	0.01106	0.01283	0.00619	0.01681	0.00973	0.02566	0.00796	0.00929	0.00619	0.00531	0.00354	0.00177	0.00442	0.00310	0.00354	0.00619
7	0.01251	0.01251	0.01752	0.01502	0.01502	0.01752	0.01251	0.01377	0.00876	0.01377	0.00751	0.01251	0.00751	0.01001	0.01877	0.00250	0.78851	0.00501	0.00250	0.00626
8	0.02137	0.02726	0.01621	0.01474	0.01768	0.77602	0.01105	0.02284	0.01621	0.01400	0.00884	0.01031	0.00737	0.00589	0.00516	0.00147	0.01031	0.00368	0.00295	0.00663
9	0.00775	0.00533	0.00653	0.00709	0.00727	0.00524	0.00440	0.00825	0.00946	0.01266	0.02356	0.35411	0.02765	0.43936	0.05216	0.00435	0.00503	0.01155	0.00422	0.00403
10	0.83938	0.01106	0.00841	0.00752	0.01106	0.01283	0.00619	0.01681	0.00973	0.02566	0.00796	0.00929	0.00619	0.00531	0.00354	0.00177	0.00442	0.00310	0.00354	0.00619
11	0.00906	0.00653	0.00899	0.01022	0.01158	0.00647	0.00890	0.01161	0.01316	0.01701	0.03209	0.06390	0.08050	0.01571	0.00783	0.00259	0.00511	0.67822	0.00527	0.00524
12	0.01196	0.03515	0.00993	0.00873	0.01009	0.15784	0.00606	0.05613	0.04014	0.01422	0.01940	0.03011	0.08473	0.43221	0.05653	0.00410	0.00674	0.00723	0.00371	0.00500
13	0.01251	0.01251	0.01752	0.01502	0.01502	0.01752	0.01251	0.01377	0.00876	0.01377	0.00751	0.01251	0.00751	0.01001	0.01877	0.00250	0.78851	0.00501	0.00250	0.00626

[dist]
# distance from previous block
# <min> <max>
3	5

[block]
# block no. 8 follows, 41 sequences, length 14
# corresponding to MSA columns:
# 425-438
name=unknown_I
#
# <colnr> <probs for GDERKNQSTAVLIFYWHMCP>
#	G	D	E	R	K	N	Q	S	T	A	V	L	I	F	Y	W	H	M	C	P
0	0.01066	0.00533	0.00533	0.00533	0.00666	0.00533	0.00400	0.01333	0.01200	0.02132	0.01866	0.02132	0.01466	0.00666	0.00400	0.00133	0.00267	0.00533	0.83073	0.00533
1	0.01371	0.01355	0.08302	0.02566	0.46295	0.01228	0.01493	0.04563	0.06805	0.04825	0.04699	0.05010	0.01480	0.00715	0.00596	0.00184	0.00624	0.06676	0.00374	0.00841
2	0.01066	0.00533	0.00533	0.00533	0.00666	0.00533	0.00400	0.01333	0.01200	0.02132	0.01866	0.02132	0.01466	0.00666	0.00400	0.00133	0.00267	0.00533	0.83073	0.00533
3	0.01493	0.01215	0.01396	0.01045	0.01495	0.01154	0.00851	0.23669	0.01618	0.02353	0.01103	0.01249	0.00877	0.00553	0.00592	0.00125	0.07129	0.00406	0.00402	0.51274
4	0.08117	0.07898	0.01698	0.01215	0.01657	0.01686	0.01013	0.52858	0.07745	0.08354	0.01416	0.01400	0.01015	0.00667	0.00540	0.00170	0.00591	0.00497	0.00540	0.00922
5	0.07575	0.13239	0.09568	0.07684	0.01749	0.01451	0.01064	0.07018	0.29975	0.03948	0.04483	0.01911	0.04880	0.00723	0.00545	0.00181	0.00552	0.00568	0.00457	0.02428
6	0.01288	0.01091	0.04696	0.04236	0.03484	0.01042	0.00856	0.23516	0.04480	0.02450	0.22477	0.03338	0.22613	0.01029	0.00640	0.00187	0.00462	0.00851	0.00549	0.00714
7	0.01098	0.00557	0.00557	0.00556	0.00692	0.00552	0.00415	0.01355	0.01219	0.02159	0.01893	0.02171	0.01492	0.00687	0.00414	0.00139	0.00278	0.00543	0.82675	0.00550
8	0.00790	0.00606	0.00716	0.00687	0.00847	0.00537	0.00513	0.01002	0.01513	0.02028	0.48343	0.04780	0.32932	0.01296	0.00688	0.00191	0.00289	0.01109	0.00600	0.00534
9	0.00954	0.00682	0.00944	0.01074	0.01208	0.00677	0.00934	0.01208	0.01335	0.01740	0.03050	0.06469	0.03309	0.01596	0.00802	0.00269	0.00537	0.72134	0.00536	0.00543
10	0.01709	0.34348	0.11405	0.01331	0.05967	0.05393	0.03813	0.02150	0.10791	0.15712	0.01358	0.01402	0.01035	0.00600	0.00499	0.00161	0.00644	0.00453	0.00391	0.00838
11	0.11379	0.07918	0.01894	0.16085	0.19586	0.03683	0.07337	0.01847	0.01286	0.13650	0.01220	0.01451	0.00930	0.00602	0.00575	0.02109	0.00652	0.00485	0.00365	0.06946
12	0.02252	0.01164	0.01502	0.04468	0.01702	0.01144	0.03634	0.15217	0.12259	0.47144	0.02045	0.01880	0.01364	0.00720	0.00592	0.00185	0.00547	0.00585	0.00640	0.00956
13	0.00743	0.00538	0.00695	0.00796	0.00854	0.00495	0.00541	0.00858	0.01193	0.01601	0.12605	0.65362	0.08141	0.01708	0.00732	0.00229	0.00333	0.01531	0.00553	0.00492

[dist]
# distance from previous block
# <min> <max>
0	62

[block]
# block no. 9 follows, 41 sequences, length 9
# corresponding to MSA columns:
# 501-509
name=unknown_J
#
# <colnr> <probs for GDERKNQSTAVLIFYWHMCP>
#	G	D	E	R	K	N	Q	S	T	A	V	L	I	F	Y	W	H	M	C	P
0	0.01053	0.02299	0.55779	0.01377	0.02025	0.01109	0.01676	0.01608	0.01322	0.01945	0.21858	0.02059	0.02022	0.00717	0.00580	0.00181	0.00685	0.00593	0.00349	0.00760
1	0.00964	0.00523	0.00569	0.00606	0.00712	0.00514	0.00436	0.01184	0.01171	0.01946	0.02223	0.23627	0.02110	0.00979	0.00492	0.00161	0.00285	0.00837	0.60148	0.00514
2	0.01441	0.01198	0.01332	0.01280	0.05537	0.01359	0.00950	0.02868	0.64791	0.05155	0.02292	0.02303	0.01765	0.00799	0.00591	0.00196	0.00470	0.04216	0.00568	0.00889
3	0.02137	0.02726	0.01621	0.01474	0.01768	0.77602	0.01105	0.02284	0.01621	0.01400	0.00884	0.01031	0.00737	0.00589	0.00516	0.00147	0.01031	0.00368	0.00295	0.00663
4	0.01087	0.01012	0.04793	0.02915	0.03755	0.04118	0.00740	0.01319	0.01288	0.05201	0.06089	0.04910	0.27636	0.00886	0.00557	0.00148	0.00436	0.00735	0.00431	0.31946
5	0.01001	0.00539	0.00558	0.00558	0.00655	0.00539	0.00385	0.01194	0.01097	0.01848	0.01848	0.02580	0.01636	0.22672	0.01097	0.00250	0.00347	0.00616	0.60097	0.00481
6	0.01163	0.00763	0.01030	0.01360	0.21681	0.00763	0.00776	0.01450	0.01228	0.02059	0.01647	0.01933	0.01311	0.00623	0.00446	0.00143	0.00381	0.00527	0.60079	0.00637
7	0.01530	0.42454	0.04939	0.01754	0.22304	0.11465	0.01228	0.01772	0.01281	0.01555	0.04227	0.01229	0.00989	0.00540	0.00461	0.00143	0.00676	0.00406	0.00279	0.00768
8	0.01929	0.00853	0.01134	0.00953	0.01280	0.00754	0.00748	0.02172	0.04262	0.48963	0.02441	0.23460	0.02055	0.00996	0.00610	0.00188	0.00439	0.00857	0.00634	0.05271

[dist]
# distance from previous block
# <min> <max>
10	14

[block]
# block no. 10 follows, 41 sequences, length 33
# corresponding to MSA columns:
# 524-556
name=unknown_K
#
# <colnr> <probs for GDERKNQSTAVLIFYWHMCP>
#	G	D	E	R	K	N	Q	S	T	A	V	L	I	F	Y	W	H	M	C	P
0	0.01196	0.06280	0.63837	0.01785	0.07977	0.01380	0.06108	0.01804	0.01221	0.01796	0.01027	0.01229	0.00747	0.00535	0.00545	0.00178	0.00829	0.00438	0.00247	0.00841
1	0.01066	0.00533	0.00533	0.00533	0.00666	0.00533	0.00400	0.01333	0.01200	0.02132	0.01866	0.02132	0.01466	0.00666	0.00400	0.00133	0.00267	0.00533	0.83073	0.00533
2	0.01055	0.00542	0.00562	0.00572	0.00705	0.00542	0.00439	0.01322	0.01208	0.02101	0.01953	0.02455	0.01603	0.00735	0.00429	0.00143	0.00286	0.05909	0.76906	0.00533
3	0.01216	0.13866	0.58886	0.01574	0.04076	0.01495	0.01878	0.01763	0.01179	0.01714	0.00974	0.01174	0.00732	0.00569	0.00618	0.00178	0.06636	0.00414	0.00244	0.00814
4	0.01600	0.13270	0.02194	0.08332	0.39927	0.17466	0.01454	0.05941	0.01415	0.01760	0.01007	0.01268	0.00838	0.00538	0.00527	0.00160	0.00747	0.00450	0.00294	0.00813
5	0.01055	0.00542	0.00562	0.00572	0.00705	0.00542	0.00439	0.01322	0.01208	0.02101	0.01953	0.02455	0.01603	0.00735	0.00429	0.00143	0.00286	0.05909	0.76906	0.00533
6	0.01463	0.01438	0.02866	0.02679	0.27683	0.01372	0.44244	0.01878	0.01355	0.07441	0.01212	0.01530	0.00922	0.00508	0.00631	0.00184	0.00832	0.00612	0.00318	0.00832
7	0.00774	0.00560	0.00662	0.00694	0.00773	0.00523	0.00465	0.00850	0.01094	0.01418	0.07776	0.24113	0.23978	0.23873	0.04923	0.05037	0.00448	0.01137	0.00463	0.00439
8	0.01306	0.01190	0.01924	0.09704	0.44085	0.01222	0.04353	0.04660	0.05514	0.01886	0.01576	0.10135	0.01486	0.00784	0.00617	0.00192	0.00637	0.07563	0.00364	0.00803
9	0.01448	0.01264	0.01932	0.08511	0.44952	0.01250	0.01420	0.05223	0.06138	0.05265	0.01222	0.01470	0.00978	0.00543	0.00548	0.00160	0.00618	0.00495	0.00348	0.16215
10	0.02036	0.00988	0.01343	0.11991	0.01779	0.00910	0.00918	0.02344	0.04738	0.48406	0.05549	0.01922	0.01466	0.00684	0.00565	0.00170	0.00510	0.00563	0.00586	0.12531
11	0.64734	0.01232	0.01056	0.00894	0.01273	0.01405	0.00735	0.18612	0.01383	0.02820	0.00946	0.01054	0.00717	0.00577	0.00412	0.00179	0.00491	0.00363	0.00410	0.00710
12	0.01419	0.01082	0.05886	0.09209	0.03027	0.01040	0.01004	0.02035	0.19988	0.16976	0.11442	0.02968	0.06697	0.00936	0.00688	0.00201	0.04182	0.09927	0.00531	0.00761
13	0.00922	0.01009	0.11768	0.01075	0.04901	0.00738	0.04059	0.01247	0.01517	0.02157	0.54783	0.07177	0.04241	0.01056	0.00659	0.00185	0.00411	0.00938	0.00542	0.00616
14	0.01082	0.00545	0.00545	0.00544	0.00679	0.00543	0.00407	0.01343	0.01209	0.02145	0.01879	0.02151	0.01479	0.00676	0.00407	0.00136	0.00272	0.00538	0.82878	0.00541
15	0.01096	0.01027	0.01725	0.78346	0.03944	0.01279	0.01593	0.01472	0.01153	0.01476	0.01032	0.01545	0.00777	0.00582	0.00578	0.00193	0.00767	0.00513	0.00260	0.00643
16	0.01516	0.01237	0.04813	0.13109	0.01888	0.04743	0.00969	0.07185	0.01393	0.13456	0.01244	0.01385	0.00934	0.00534	0.00498	0.00132	0.00556	0.00425	0.00399	0.43583
17	0.02028	0.01078	0.01663	0.05470	0.18738	0.01002	0.05522	0.02299	0.01526	0.45250	0.07784	0.01986	0.01566	0.00689	0.00593	0.00180	0.00561	0.00604	0.00561	0.00901
18	0.01475	0.01408	0.02422	0.07366	0.52625	0.03720	0.15148	0.01828	0.01337	0.05351	0.01152	0.01479	0.00924	0.00530	0.00592	0.00178	0.00744	0.00544	0.00308	0.00869
19	0.01517	0.64725	0.02757	0.01090	0.01493	0.04523	0.01033	0.01685	0.01139	0.01367	0.00806	0.00997	0.00752	0.00587	0.00626	0.00147	0.13436	0.00345	0.00253	0.00722
20	0.01275	0.25735	0.54977	0.01447	0.02187	0.01611	0.01782	0.01792	0.01204	0.01688	0.00974	0.01143	0.00742	0.00538	0.00498	0.00167	0.00781	0.00393	0.00248	0.00820
21	0.01082	0.00545	0.00545	0.00544	0.00679	0.00543	0.00407	0.01343	0.01209	0.02145	0.01879	0.02151	0.01479	0.00676	0.00407	0.00136	0.00272	0.00538	0.82878	0.00541
22	0.01544	0.80061	0.03003	0.00989	0.01479	0.02269	0.00985	0.01722	0.01172	0.01360	0.00811	0.00939	0.00749	0.00500	0.00374	0.00125	0.00617	0.00311	0.00250	0.00742
23	0.00713	0.00510	0.00675	0.00807	0.00842	0.00474	0.00538	0.00808	0.01105	0.01475	0.03163	0.79356	0.03790	0.01799	0.00736	0.00235	0.00337	0.01628	0.00536	0.00473
24	0.01488	0.01036	0.01236	0.00910	0.01394	0.00827	0.00730	0.05148	0.01347	0.15538	0.01320	0.03056	0.01035	0.00528	0.00472	0.00112	0.00448	0.00423	0.00426	0.62527
25	0.01162	0.02965	0.76761	0.01639	0.02484	0.01336	0.02116	0.01821	0.01217	0.01825	0.01042	0.01229	0.00739	0.00554	0.00550	0.00184	0.00850	0.00428	0.00247	0.00853
26	0.00984	0.00712	0.00941	0.00999	0.01135	0.00734	0.00827	0.04628	0.03655	0.01750	0.06152	0.05156	0.02878	0.10442	0.10613	0.00369	0.00651	0.46334	0.00493	0.00547
27	0.01082	0.00545	0.00545	0.00544	0.00679	0.00543	0.00407	0.01343	0.01209	0.02145	0.01879	0.02151	0.01479	0.00676	0.00407	0.00136	0.00272	0.00538	0.82878	0.00541
