[name]
unknown

[dist]
# distance from previous block
# <min> <max>
21	224

[block]
# block no. 0 follows, 40 sequences, length 74
# corresponding to MSA columns:
# 266-339
name=unknown_A
#
# <colnr> <probs for GDERKNQSTAVLIFYWHMCP>
#	G	D	E	R	K	N	Q	S	T	A	V	L	I	F	Y	W	H	M	C	P
0	0.72356	0.01076	0.00879	0.00779	0.01127	0.01219	0.00637	0.01731	0.01081	0.07081	0.06657	0.01269	0.01053	0.00601	0.00399	0.00180	0.00439	0.00388	0.00403	0.00645
1	0.00880	0.00776	0.01370	0.01220	0.01393	0.00727	0.19057	0.01077	0.01172	0.01570	0.02655	0.57535	0.03050	0.03580	0.00788	0.00235	0.00506	0.01387	0.00473	0.00548
2	0.36474	0.01086	0.01145	0.00933	0.01326	0.01120	0.00766	0.09517	0.01489	0.33157	0.06350	0.01639	0.01317	0.00673	0.00497	0.00180	0.00476	0.00496	0.00549	0.00810
3	0.00781	0.00562	0.00740	0.00760	0.00860	0.00521	0.00545	0.00992	0.01451	0.02022	0.49135	0.31722	0.04887	0.01420	0.00706	0.00202	0.00297	0.01272	0.00603	0.00521
4	0.01999	0.01701	0.21374	0.01355	0.01917	0.01250	0.05697	0.16745	0.06446	0.32902	0.01722	0.01652	0.01152	0.00662	0.00582	0.00182	0.00647	0.00543	0.00533	0.00938
5	0.01869	0.01362	0.01581	0.01288	0.01614	0.01543	0.01060	0.44953	0.02104	0.08501	0.01613	0.07775	0.01373	0.00908	0.00843	0.00200	0.14286	0.05744	0.00528	0.00855
6	0.01076	0.00545	0.00555	0.00555	0.00689	0.00548	0.00417	0.01345	0.01210	0.02141	0.01886	0.02172	0.01489	0.00800	0.02954	0.00162	0.00314	0.00545	0.80057	0.00541
7	0.02032	0.01557	0.01848	0.10231	0.02132	0.01724	0.05596	0.61271	0.02471	0.03305	0.01341	0.01424	0.00958	0.00672	0.00588	0.00178	0.00676	0.00533	0.00527	0.00937
8	0.01358	0.01543	0.03364	0.02410	0.02985	0.01451	0.71859	0.01841	0.01361	0.01849	0.01187	0.01588	0.00898	0.00594	0.02744	0.00216	0.00996	0.00685	0.00295	0.00777
9	0.01478	0.01265	0.01333	0.01190	0.01524	0.01461	0.00928	0.06019	0.71905	0.02484	0.02327	0.02138	0.01743	0.00785	0.00591	0.00196	0.00468	0.00652	0.00591	0.00923
10	0.00801	0.00594	0.00746	0.00708	0.00855	0.00539	0.00531	0.01054	0.01593	0.02207	0.64184	0.04549	0.17010	0.01235	0.00686	0.00185	0.00278	0.01080	0.00624	0.00539
11	0.01094	0.00886	0.00999	0.00960	0.01171	0.00953	0.00739	0.01928	0.33964	0.02062	0.15009	0.09142	0.10783	0.07119	0.00837	0.00235	0.00421	0.10451	0.00565	0.00685
12	0.01579	0.00687	0.00804	0.00702	0.00939	0.00643	0.00552	0.01835	0.01364	0.26238	0.02026	0.02107	0.01474	0.00691	0.00464	0.00150	0.00344	0.00556	0.56157	0.00687
13	0.00745	0.00564	0.00687	0.00714	0.00835	0.00506	0.00514	0.00924	0.01375	0.01826	0.30938	0.29202	0.26094	0.01481	0.00705	0.00204	0.00301	0.01301	0.00577	0.00506
14	0.01263	0.01068	0.01237	0.00889	0.01402	0.00834	0.00713	0.05620	0.01293	0.01996	0.01054	0.01217	0.00869	0.00446	0.00439	0.00091	0.00443	0.00355	0.00358	0.78412
15	0.03492	0.07785	0.02030	0.01582	0.01893	0.39113	0.11892	0.06939	0.01487	0.01658	0.00939	0.01183	0.00785	0.00663	0.00808	0.00178	0.16105	0.00451	0.00307	0.00709
16	0.07535	0.01068	0.01123	0.03612	0.01309	0.01165	0.00765	0.32568	0.01851	0.02819	0.01573	0.01727	0.01188	0.00673	0.00484	0.00157	0.00460	0.00517	0.38661	0.00744
17	0.01446	0.01249	0.01315	0.01183	0.01512	0.01446	0.00920	0.03090	0.74885	0.02433	0.02367	0.02170	0.01775	0.00789	0.00592	0.00197	0.00460	0.00657	0.00592	0.00920
18	0.01010	0.00505	0.00758	0.00758	0.00758	0.00505	0.00505	0.00758	0.00758	0.01010	0.01010	0.01768	0.01010	0.02020	0.02273	0.83081	0.00505	0.00505	0.00253	0.00253
19	0.01098	0.01034	0.01744	0.78165	0.04005	0.01292	0.01615	0.01486	0.01163	0.01486	0.01034	0.01550	0.00775	0.00581	0.00581	0.00194	0.00775	0.00517	0.00258	0.00646
20	0.01874	0.02065	0.01705	0.07376	0.01901	0.39401	0.01195	0.14673	0.01615	0.01818	0.00963	0.01204	0.00797	0.00719	0.00882	0.00183	0.20130	0.00445	0.00335	0.00718
21	0.00831	0.00623	0.00935	0.00935	0.01038	0.00727	0.00727	0.01038	0.00935	0.01350	0.01558	0.02285	0.01454	0.04361	0.77259	0.00935	0.01558	0.00623	0.00312	0.00519
22	0.01375	0.01307	0.02217	0.09817	0.65453	0.01326	0.01699	0.01720	0.01329	0.01889	0.05360	0.01615	0.01170	0.00562	0.00583	0.00175	0.00674	0.00549	0.00306	0.00876
23	0.02232	0.01074	0.01338	0.01083	0.01493	0.01047	0.00876	0.02917	0.25426	0.52354	0.02318	0.02041	0.01548	0.00742	0.00587	0.00186	0.00484	0.00608	0.00678	0.00967
24	0.01238	0.02526	0.52739	0.02001	0.08295	0.01383	0.19866	0.01842	0.01271	0.01851	0.01080	0.01328	0.00787	0.00534	0.00587	0.00186	0.00876	0.00500	0.00261	0.00846
25	0.00770	0.00557	0.00728	0.00760	0.00855	0.00515	0.00541	0.00967	0.01411	0.01949	0.42699	0.35898	0.07250	0.01465	0.00710	0.00206	0.00302	0.01311	0.00594	0.00515
26	0.01265	0.12047	0.11575	0.39492	0.02896	0.06151	0.01509	0.01602	0.01154	0.01497	0.00948	0.01345	0.00763	0.00646	0.00784	0.00191	0.14723	0.00468	0.00257	0.00687
27	0.00834	0.00559	0.00638	0.00649	0.00651	0.00556	0.00368	0.00843	0.00868	0.01157	0.01945	0.10015	0.02257	0.73159	0.02777	0.00537	0.00545	0.00912	0.00368	0.00362
28	0.07162	0.02300	0.43004	0.01874	0.04489	0.01409	0.23384	0.01812	0.01237	0.01879	0.01052	0.01317	0.00779	0.00559	0.00657	0.00191	0.05310	0.00505	0.00270	0.00809
29	0.01207	0.01063	0.01365	0.00982	0.01494	0.00822	0.06313	0.01480	0.01217	0.01883	0.01094	0.03011	0.00931	0.00467	0.00457	0.00098	0.00471	0.00401	0.00345	0.74899
30	0.01112	0.01035	0.01737	0.72999	0.06887	0.01276	0.01590	0.01495	0.01171	0.01521	0.01059	0.01562	0.00800	0.00581	0.00576	0.00191	0.00758	0.00518	0.02477	0.00655
31	0.01466	0.01612	0.01990	0.01647	0.01803	0.16789	0.12021	0.01654	0.01119	0.01482	0.00857	0.01271	0.00780	0.00846	0.01425	0.00222	0.50146	0.00506	0.00271	0.02096
32	0.01302	0.01247	0.02092	0.30533	0.44059	0.01380	0.01684	0.01646	0.01232	0.01711	0.01047	0.01467	0.00856	0.00580	0.00680	0.00187	0.06708	0.00517	0.00275	0.00799
33	0.01472	0.01041	0.01239	0.00915	0.01391	0.00850	0.00737	0.07230	0.01426	0.13539	0.06609	0.01565	0.01292	0.00550	0.00484	0.00114	0.00445	0.00446	0.00442	0.58212
34	0.01757	0.01338	0.01965	0.01634	0.06178	0.05866	0.20967	0.05963	0.18256	0.21130	0.01869	0.06141	0.01435	0.00729	0.00622	0.00190	0.00665	0.01932	0.00503	0.00858
35	0.01198	0.01081	0.01772	0.63501	0.03590	0.01298	0.05644	0.07028	0.01298	0.01713	0.01119	0.01575	0.00839	0.00591	0.00577	0.00189	0.00748	0.00528	0.05036	0.00674
36	0.00844	0.00572	0.00674	0.00674	0.00688	0.00585	0.00402	0.00871	0.00857	0.01157	0.01796	0.03604	0.02027	0.69583	0.12820	0.00613	0.00696	0.00816	0.00347	0.00375
37	0.01021	0.00890	0.01387	0.07517	0.17617	0.00905	0.06191	0.01384	0.08793	0.01700	0.02348	0.42815	0.02548	0.01241	0.00674	0.00212	0.00507	0.01147	0.00451	0.00652
38	0.02211	0.01629	0.01745	0.01338	0.01803	0.01803	0.01105	0.73997	0.02734	0.03665	0.01396	0.01396	0.00989	0.00698	0.00582	0.00175	0.00640	0.00524	0.00582	0.00989
39	0.01446	0.01249	0.01315	0.01183	0.01512	0.01446	0.00920	0.03090	0.74885	0.02433	0.02367	0.02170	0.01775	0.00789	0.00592	0.00197	0.00460	0.00657	0.00592	0.00920
40	0.01497	0.01174	0.01262	0.01124	0.01454	0.01317	0.00877	0.02892	0.62348	0.09308	0.02631	0.02415	0.07432	0.00835	0.00598	0.00196	0.00451	0.00694	0.00600	0.00894
41	0.00687	0.00589	0.00589	0.00589	0.00785	0.00491	0.00442	0.00835	0.01325	0.01571	0.05891	0.05596	0.75700	0.01473	0.00687	0.00196	0.00295	0.01227	0.00540	0.00491
42	0.00793	0.00591	0.00722	0.00691	0.00831	0.00536	0.00509	0.01016	0.01510	0.02061	0.53599	0.04597	0.21745	0.07231	0.00860	0.00215	0.00301	0.01077	0.00595	0.00520
43	0.00831	0.00623	0.00935	0.00935	0.01038	0.00727	0.00727	0.01038	0.00935	0.01350	0.01558	0.02285	0.01454	0.04361	0.77259	0.00935	0.01558	0.00623	0.00312	0.00519
44	0.04594	0.01037	0.01191	0.00857	0.01368	0.00797	0.00687	0.01474	0.01197	0.01924	0.01024	0.01195	0.00852	0.00435	0.00428	0.00090	0.00431	0.00343	0.00345	0.79729
45	0.01394	0.01319	0.02229	0.03346	0.70195	0.01319	0.01675	0.01713	0.01288	0.01841	0.01150	0.01620	0.01012	0.06544	0.00757	0.00203	0.00681	0.00543	0.00293	0.00878
46	0.01081	0.00955	0.01424	0.01557	0.14326	0.01158	0.01053	0.01275	0.00988	0.01460	0.01251	0.01920	0.01189	0.07699	0.33857	0.00549	0.25439	0.00583	0.01620	0.00616
47	0.01577	0.01106	0.01279	0.01009	0.01450	0.01028	0.00804	0.03477	0.25499	0.16702	0.01724	0.01677	0.01277	0.00609	0.00516	0.00142	0.00456	0.00497	0.00503	0.38666
48	0.01529	0.01372	0.02067	0.10201	0.44403	0.01483	0.01543	0.14521	0.07131	0.02171	0.01213	0.01485	0.00972	0.00615	0.00681	0.00183	0.06659	0.00529	0.00357	0.00884
49	0.01554	0.01207	0.01305	0.01144	0.01482	0.01354	0.00898	0.08367	0.57597	0.08827	0.05429	0.02297	0.04289	0.00815	0.00597	0.00193	0.00464	0.00676	0.00602	0.00902
50	0.00792	0.00586	0.00726	0.00702	0.00835	0.00534	0.00514	0.01013	0.01497	0.02053	0.52975	0.08850	0.18429	0.06904	0.00853	0.00216	0.00303	0.01105	0.00595	0.00519
51	0.00830	0.00611	0.00901	0.00911	0.01011	0.00701	0.00701	0.01032	0.00958	0.01389	0.01695	0.08143	0.01637	0.04039	0.68739	0.00853	0.01420	0.00699	0.03211	0.00516
52	0.01449	0.01178	0.01264	0.01114	0.01456	0.01303	0.00870	0.02814	0.60570	0.06594	0.02476	0.02294	0.06191	0.00799	0.00585	0.00188	0.00450	0.00664	0.00577	0.07165
53	0.01428	0.01233	0.01307	0.01159	0.01502	0.01395	0.00903	0.02966	0.69268	0.02392	0.02265	0.02096	0.01705	0.00762	0.00579	0.00189	0.00458	0.00634	0.00573	0.07187
54	0.01412	0.01541	0.15848	0.01314	0.01746	0.01326	0.06341	0.02576	0.45374	0.06683	0.01982	0.02059	0.01517	0.06724	0.00771	0.00222	0.00584	0.00626	0.00494	0.00860
55	0.00718	0.00515	0.00695	0.00819	0.00858	0.00492	0.00554	0.00827	0.01100	0.01474	0.03080	0.73321	0.03664	0.02015	0.06576	0.00289	0.00430	0.01575	0.00522	0.00476
56	0.03203	0.47442	0.02468	0.01162	0.01610	0.17845	0.01037	0.15721	0.01574	0.01841	0.00940	0.01046	0.00791	0.00558	0.00445	0.00140	0.00712	0.00365	0.00325	0.00776
57	0.00831	0.00623	0.00935	0.00935	0.01038	0.00727	0.00727	0.01038	0.00935	0.01350	0.01558	0.02285	0.01454	0.04361	0.77259	0.00935	0.01558	0.00623	0.00312	0.00519
58	0.02000	0.24385	0.02044	0.01352	0.01712	0.53699	0.01087	0.04535	0.01553	0.01482	0.00890	0.01028	0.00756	0.00574	0.00484	0.00143	0.00915	0.00362	0.00295	0.00705
59	0.07071	0.00653	0.00651	0.00620	0.00790	0.00680	0.00476	0.05797	0.01286	0.02264	0.01777	0.02037	0.01397	0.00791	0.02961	0.00168	0.00349	0.00527	0.69132	0.00575
60	0.01170	0.01127	0.01782	0.49809	0.06159	0.01457	0.01509	0.01470	0.01080	0.01474	0.00947	0.01454	0.00777	0.00723	0.01019	0.00213	0.26405	0.00514	0.00258	0.00654
61	0.01353	0.01294	0.02205	0.22424	0.57755	0.01359	0.01742	0.01709	0.01283	0.01795	0.01079	0.01467	0.00884	0.00534	0.00577	0.00178	0.00712	0.00518	0.00280	0.00852
62	0.01246	0.00989	0.01205	0.01243	0.06911	0.01096	0.00875	0.05360	0.29414	0.04624	0.02365	0.27073	0.02272	0.01124	0.00735	0.00209	0.06391	0.02207	0.03924	0.00737
63	0.01235	0.00851	0.01036	0.02371	0.01232	0.00880	0.00770	0.14143	0.09306	0.07788	0.05205	0.38864	0.02883	0.01360	0.00688	0.00218	0.00445	0.09497	0.00564	0.00664
64	0.01163	0.01100	0.01861	0.63972	0.17692	0.01309	0.01647	0.01543	0.01193	0.01565	0.01045	0.01529	0.00803	0.00569	0.00580	0.00190	0.00759	0.00517	0.00264	0.00698
65	0.01124	0.01060	0.01791	0.72478	0.09489	0.01299	0.01628	0.01509	0.01175	0.01517	0.01038	0.01542	0.00786	0.00577	0.00581	0.00192	0.00769	0.00517	0.00261	0.00667
66	0.00846	0.00564	0.00634	0.00634	0.00634	0.00564	0.00352	0.00846	0.00846	0.01128	0.01832	0.03805	0.02114	0.79563	0.02960	0.00564	0.00564	0.00846	0.00352	0.00352
67	0.00761	0.00553	0.00709	0.00819	0.00867	0.00535	0.00548	0.00944	0.05341	0.01513	0.03058	0.69341	0.03603	0.07342	0.00893	0.00257	0.00361	0.01538	0.00529	0.00490
68	0.02241	0.01580	0.01715	0.01315	0.01779	0.01730	0.01086	0.68521	0.02652	0.09257	0.01465	0.01441	0.01024	0.00700	0.00582	0.00175	0.00629	0.00528	0.00592	0.00989
69	0.02239	0.01583	0.01717	0.01316	0.01780	0.01735	0.01087	0.68889	0.02657	0.08880	0.01461	0.01438	0.01021	0.00700	0.00582	0.00175	0.00629	0.00528	0.00592	0.00989
70	0.00823	0.00594	0.00777	0.00732	0.00869	0.00549	0.00549	0.01097	0.01646	0.02332	0.75629	0.04344	0.05487	0.01189	0.00686	0.00183	0.00274	0.01052	0.00640	0.00549
71	0.01166	0.03008	0.76550	0.01657	0.02517	0.01351	0.02149	0.01842	0.01228	0.01842	0.01044	0.01228	0.00737	0.00552	0.00552	0.00184	0.00859	0.00430	0.00246	0.00859
72	0.00722	0.00515	0.00690	0.00825	0.00864	0.00484	0.00563	0.00832	0.01126	0.01499	0.03198	0.75003	0.03817	0.01809	0.00746	0.00238	0.00349	0.05704	0.00540	0.00476
73	0.01203	0.07311	0.67091	0.01676	0.02496	0.01414	0.07226	0.01837	0.01235	0.01816	0.01040	0.01235	0.00748	0.00545	0.00552	0.00182	0.00854	0.00441	0.00249	0.00848

[dist]
# distance from previous block
# <min> <max>
0	15

# created by:
# /software/SequenceAnalysis/GenePrediction/augustus/3.0.1/scripts/msa2prfl.pl ./fixed/BUSCOvEOG76MD0T.fas
