[name]
unknown

[dist]
# distance from previous block
# <min> <max>
0	128

[block]
# block no. 0 follows, 41 sequences, length 6
# corresponding to MSA columns:
# 129-134
name=unknown_A
#
# <colnr> <probs for GDERKNQSTAVLIFYWHMCP>
#	G	D	E	R	K	N	Q	S	T	A	V	L	I	F	Y	W	H	M	C	P
0	0.01724	0.17164	0.02082	0.01968	0.24942	0.24954	0.01261	0.08167	0.09048	0.01823	0.01115	0.01271	0.00912	0.00572	0.00514	0.00156	0.00747	0.00441	0.00334	0.00804
1	0.09746	0.48282	0.25592	0.01164	0.01750	0.01880	0.01296	0.01747	0.01164	0.01623	0.00878	0.01023	0.00730	0.00517	0.00425	0.00148	0.00670	0.00346	0.00258	0.00762
2	0.00708	0.00506	0.00672	0.00804	0.00838	0.00471	0.00536	0.00805	0.01102	0.01470	0.03159	0.79409	0.03788	0.01797	0.00734	0.00234	0.00336	0.01628	0.00534	0.00470
3	0.01376	0.01361	0.02451	0.11786	0.54613	0.01370	0.15007	0.01743	0.01299	0.01825	0.01094	0.01465	0.00893	0.00519	0.00591	0.00178	0.00744	0.00543	0.00285	0.00856
4	0.01589	0.06958	0.32966	0.01734	0.11419	0.10912	0.04126	0.10202	0.04777	0.08120	0.01214	0.01341	0.00895	0.00587	0.00549	0.00173	0.00769	0.00465	0.00350	0.00854
5	0.06552	0.01201	0.01469	0.07005	0.01743	0.01215	0.00973	0.26603	0.01923	0.42573	0.01799	0.01683	0.01186	0.00688	0.00567	0.00178	0.00557	0.00539	0.00613	0.00934

[dist]
# distance from previous block
# <min> <max>
0	1

[block]
# block no. 1 follows, 41 sequences, length 32
# corresponding to MSA columns:
# 136-167
name=unknown_B
#
# <colnr> <probs for GDERKNQSTAVLIFYWHMCP>
#	G	D	E	R	K	N	Q	S	T	A	V	L	I	F	Y	W	H	M	C	P
0	0.00697	0.00498	0.00664	0.00796	0.00830	0.00465	0.00531	0.00796	0.01095	0.01460	0.03153	0.79525	0.03783	0.01792	0.00730	0.00232	0.00332	0.01626	0.00531	0.00465
1	0.04642	0.01328	0.01393	0.01216	0.05276	0.04867	0.00921	0.40152	0.08256	0.04323	0.01528	0.01662	0.01161	0.03768	0.00620	0.00180	0.00552	0.00529	0.16800	0.00826
2	0.01541	0.01491	0.02704	0.08882	0.06071	0.04414	0.44789	0.10732	0.01505	0.07163	0.01217	0.01511	0.00901	0.00556	0.00682	0.00188	0.03901	0.00607	0.00348	0.00794
3	0.01168	0.00635	0.00764	0.00709	0.00798	0.00607	0.00452	0.01216	0.01002	0.16035	0.01950	0.06646	0.02022	0.60925	0.02357	0.00466	0.00532	0.00815	0.00426	0.00475
4	0.00749	0.00586	0.00682	0.00674	0.00836	0.00518	0.00514	0.00953	0.01433	0.01867	0.34802	0.06276	0.40435	0.01347	0.00684	0.00193	0.00299	0.06072	0.00572	0.00509
5	0.01100	0.02380	0.56460	0.01489	0.02148	0.01185	0.07087	0.01620	0.01144	0.01674	0.01189	0.01732	0.01002	0.16187	0.01020	0.00256	0.00797	0.00522	0.00266	0.00742
6	0.02592	0.05849	0.41361	0.05817	0.04693	0.01494	0.01656	0.21524	0.05636	0.02300	0.01179	0.01310	0.00855	0.00593	0.00545	0.00177	0.00739	0.00461	0.00353	0.00865
7	0.01511	0.02384	0.44606	0.01670	0.05459	0.05552	0.07638	0.16209	0.01562	0.06313	0.01168	0.01308	0.00832	0.00577	0.00561	0.00178	0.00795	0.00471	0.00341	0.00864
8	0.01972	0.01727	0.01588	0.01308	0.01698	0.16635	0.01044	0.41675	0.21319	0.02856	0.01525	0.01503	0.01127	0.00691	0.00564	0.00173	0.00663	0.00520	0.00520	0.00894
9	0.06553	0.00588	0.00690	0.00748	0.00869	0.00547	0.00529	0.00975	0.01172	0.05745	0.03644	0.50040	0.22712	0.01553	0.00681	0.00215	0.00337	0.01365	0.00529	0.00508
10	0.17539	0.01143	0.04725	0.27298	0.07212	0.01207	0.05227	0.05730	0.05026	0.04519	0.01413	0.12445	0.01260	0.00755	0.00580	0.00192	0.02033	0.00642	0.00367	0.00687
11	0.05294	0.74889	0.04553	0.00983	0.01474	0.02197	0.00988	0.01714	0.01155	0.01412	0.00800	0.00925	0.00729	0.00492	0.00370	0.00126	0.00609	0.00309	0.00250	0.00731
12	0.01118	0.01084	0.01113	0.01061	0.01185	0.15960	0.00815	0.01290	0.01048	0.01331	0.01352	0.02020	0.01276	0.08490	0.50356	0.00681	0.08409	0.00570	0.00302	0.00540
13	0.01508	0.64662	0.02661	0.01015	0.01472	0.02098	0.00964	0.01974	0.15781	0.01552	0.01097	0.01157	0.00934	0.00546	0.00409	0.00136	0.00580	0.00373	0.00311	0.00768
14	0.02735	0.01136	0.01815	0.52923	0.19554	0.01326	0.01550	0.05749	0.04451	0.01733	0.01102	0.01508	0.00846	0.00573	0.00567	0.00185	0.00718	0.00511	0.00295	0.00725
15	0.01553	0.28116	0.37583	0.01294	0.01942	0.01541	0.01487	0.01971	0.01277	0.16430	0.01193	0.01257	0.00864	0.00558	0.00491	0.00161	0.00697	0.00414	0.00335	0.00834
16	0.02271	0.00887	0.01171	0.00922	0.01304	0.00780	0.00754	0.02501	0.01551	0.62017	0.02180	0.01983	0.01426	0.00700	0.00541	0.00168	0.00443	0.00567	0.16950	0.00887
17	0.01131	0.02480	0.61869	0.01414	0.02119	0.01172	0.01775	0.01717	0.01206	0.01875	0.01192	0.01390	0.00871	0.00568	0.00515	0.00172	0.00731	0.00444	0.16575	0.00784
18	0.01651	0.00762	0.01023	0.00923	0.01174	0.00687	0.00711	0.01865	0.03309	0.38597	0.05817	0.32744	0.02612	0.01195	0.00650	0.00203	0.00417	0.04302	0.00623	0.00733
19	0.07941	0.01250	0.01434	0.01113	0.01541	0.01285	0.00917	0.35514	0.02053	0.34407	0.01731	0.01622	0.01160	0.00684	0.00550	0.00172	0.00538	0.00527	0.04633	0.00927
20	0.01066	0.00592	0.00795	0.00840	0.00954	0.00539	0.00592	0.01189	0.01202	0.16302	0.02976	0.64227	0.03316	0.01578	0.00700	0.00221	0.00362	0.01419	0.00566	0.00565
21	0.01355	0.07661	0.37615	0.01838	0.02524	0.01445	0.28857	0.05799	0.01353	0.04492	0.01121	0.01347	0.00816	0.00530	0.00583	0.00181	0.00849	0.00519	0.00294	0.00821
22	0.02096	0.01148	0.01620	0.16408	0.04681	0.01158	0.04828	0.16569	0.01722	0.41141	0.01742	0.01712	0.01155	0.00659	0.00579	0.00179	0.00600	0.00553	0.00556	0.00894
23	0.00748	0.00561	0.00693	0.00704	0.00828	0.00506	0.00511	0.00943	0.01406	0.01894	0.39908	0.23861	0.22546	0.01398	0.00689	0.00197	0.00291	0.01229	0.00580	0.00506
24	0.01524	0.01368	0.02318	0.02751	0.44634	0.01370	0.15861	0.05935	0.09317	0.07189	0.01324	0.01552	0.01027	0.00556	0.00590	0.00178	0.00695	0.00562	0.00361	0.00888
25	0.01726	0.01216	0.01316	0.01077	0.01382	0.03247	0.00854	0.41712	0.05451	0.04075	0.04324	0.01687	0.01247	0.00962	0.00882	0.16571	0.00545	0.00537	0.10438	0.00749
26	0.67524	0.00986	0.00806	0.00761	0.01052	0.01122	0.00602	0.01507	0.00997	0.02348	0.01261	0.16427	0.01243	0.00780	0.00428	0.00188	0.00421	0.00569	0.00389	0.00589
27	0.01231	0.12180	0.43332	0.05767	0.02169	0.01534	0.01687	0.01779	0.06257	0.01687	0.01032	0.01261	0.00804	0.00645	0.00788	0.00189	0.16166	0.00443	0.00268	0.00780
28	0.00821	0.00603	0.00773	0.00759	0.00884	0.00573	0.00558	0.01130	0.05526	0.02135	0.57646	0.18995	0.04880	0.01271	0.00681	0.00191	0.00292	0.01130	0.00608	0.00545
29	0.01666	0.56466	0.06787	0.01107	0.01600	0.05974	0.01070	0.16085	0.01489	0.01820	0.00927	0.01029	0.00781	0.00536	0.00425	0.00137	0.00650	0.00357	0.00312	0.00784
30	0.00719	0.00528	0.00674	0.00750	0.00827	0.00483	0.00520	0.00862	0.01238	0.01654	0.19422	0.53108	0.13890	0.01610	0.00711	0.00216	0.00313	0.01440	0.00553	0.00483
31	0.01548	0.05768	0.01774	0.01466	0.01585	0.25991	0.01191	0.01683	0.01128	0.01382	0.00796	0.01164	0.00745	0.00843	0.01365	0.00211	0.50002	0.00448	0.00264	0.00643

[dist]
# distance from previous block
# <min> <max>
0	2

[block]
# block no. 2 follows, 41 sequences, length 14
# corresponding to MSA columns:
# 170-183
name=unknown_C
#
# <colnr> <probs for GDERKNQSTAVLIFYWHMCP>
#	G	D	E	R	K	N	Q	S	T	A	V	L	I	F	Y	W	H	M	C	P
0	0.04330	0.01429	0.02919	0.02314	0.10197	0.01388	0.55570	0.01732	0.01293	0.01820	0.01246	0.06465	0.01047	0.00601	0.00721	0.00196	0.04973	0.00698	0.00306	0.00755
1	0.00770	0.00574	0.00740	0.00807	0.00907	0.00509	0.00554	0.00890	0.01111	0.01521	0.02859	0.68571	0.03377	0.01604	0.00689	0.00213	0.00346	0.01448	0.00506	0.12003
2	0.01950	0.01003	0.01222	0.01015	0.01356	0.00996	0.00795	0.02601	0.25910	0.41547	0.02221	0.02265	0.01622	0.11749	0.00905	0.00236	0.00487	0.00636	0.00617	0.00866
3	0.04203	0.01870	0.04571	0.12099	0.02086	0.22395	0.01191	0.39725	0.02080	0.02610	0.01166	0.01289	0.00865	0.00638	0.00552	0.00169	0.00763	0.00466	0.00435	0.00829
4	0.01751	0.01098	0.01278	0.01059	0.01436	0.01109	0.00841	0.07407	0.31765	0.25480	0.03973	0.05582	0.01658	0.00761	0.00569	0.00174	0.00463	0.00630	0.00587	0.12378
5	0.00999	0.00501	0.00749	0.00749	0.00749	0.00500	0.00499	0.00749	0.00749	0.00999	0.00999	0.01745	0.00998	0.01989	0.02236	0.83292	0.00498	0.00498	0.00250	0.00251
6	0.02434	0.01007	0.01327	0.01038	0.01467	0.00913	0.00850	0.02820	0.10399	0.67831	0.02269	0.01976	0.01459	0.00719	0.00578	0.00180	0.00484	0.00585	0.00694	0.00968
7	0.01396	0.01152	0.01919	0.15959	0.47139	0.01184	0.01479	0.01650	0.01227	0.07723	0.01154	0.01529	0.00939	0.00745	0.00802	0.11747	0.00655	0.00515	0.00309	0.00775
8	0.02397	0.01124	0.01406	0.01093	0.01529	0.01078	0.00897	0.17111	0.07986	0.55881	0.02090	0.01854	0.01359	0.00713	0.00577	0.00178	0.00514	0.00571	0.00672	0.00970
9	0.00822	0.00617	0.00923	0.00923	0.01025	0.00718	0.00717	0.01025	0.00923	0.01333	0.01537	0.02253	0.01434	0.04290	0.77571	0.00920	0.01533	0.00614	0.00308	0.00513
10	0.02165	0.01005	0.01316	0.01113	0.04297	0.00939	0.00861	0.05935	0.10247	0.52852	0.10955	0.02204	0.01892	0.00765	0.00589	0.00180	0.00473	0.00634	0.00663	0.00914
11	0.01169	0.02846	0.70940	0.01696	0.02520	0.01340	0.07937	0.01816	0.01222	0.01818	0.01042	0.01242	0.00741	0.00542	0.00556	0.00183	0.00856	0.00445	0.00247	0.00842
12	0.01676	0.01584	0.05389	0.01285	0.01647	0.12036	0.01034	0.04760	0.54238	0.06368	0.02102	0.02014	0.01587	0.00789	0.00608	0.00202	0.00592	0.00616	0.00558	0.00917
13	0.01537	0.05422	0.01449	0.01162	0.01530	0.01412	0.00915	0.11047	0.47559	0.02473	0.06030	0.02077	0.01749	0.00780	0.00591	0.00188	0.00499	0.00618	0.00559	0.12402

[dist]
# distance from previous block
# <min> <max>
0	1

[block]
# block no. 3 follows, 41 sequences, length 10
# corresponding to MSA columns:
# 185-194
name=unknown_D
#
# <colnr> <probs for GDERKNQSTAVLIFYWHMCP>
#	G	D	E	R	K	N	Q	S	T	A	V	L	I	F	Y	W	H	M	C	P
0	0.00694	0.00511	0.00651	0.00763	0.00821	0.00467	0.00516	0.00800	0.01128	0.01473	0.03565	0.67974	0.15068	0.01738	0.00722	0.00226	0.00325	0.01561	0.00531	0.00467
1	0.01339	0.02388	0.50375	0.13568	0.02566	0.01407	0.01829	0.16064	0.01490	0.02110	0.01093	0.01290	0.00779	0.00576	0.00554	0.00181	0.00790	0.00454	0.00309	0.00838
2	0.01454	0.01149	0.01525	0.01310	0.01452	0.01457	0.01074	0.01894	0.15663	0.13331	0.01363	0.01618	0.01108	0.01189	0.07831	0.00284	0.44629	0.00551	0.00392	0.00725
3	0.01944	0.00935	0.01277	0.16226	0.01827	0.00926	0.00925	0.02320	0.07618	0.44053	0.01957	0.01908	0.01323	0.00680	0.00548	0.00174	0.00504	0.00561	0.13461	0.00832
4	0.01174	0.01091	0.01744	0.46834	0.19241	0.01190	0.01446	0.01521	0.01187	0.01630	0.01030	0.01434	0.00811	0.00529	0.00541	0.00165	0.00678	0.00475	0.00277	0.17002
5	0.01186	0.01017	0.01186	0.00847	0.01356	0.00762	0.00678	0.01440	0.01186	0.01864	0.01017	0.01186	0.00847	0.00424	0.00424	0.00085	0.00424	0.00339	0.00339	0.83395
6	0.01103	0.02505	0.61957	0.01517	0.02221	0.01196	0.01879	0.01688	0.01229	0.01792	0.01421	0.02241	0.01230	0.00748	0.00592	0.00197	0.00783	0.14621	0.00298	0.00783
7	0.01250	0.09059	0.52142	0.01543	0.02164	0.05347	0.01798	0.01741	0.01159	0.01666	0.00946	0.01183	0.00731	0.00631	0.00790	0.00188	0.16206	0.00426	0.00246	0.00784
8	0.01389	0.01170	0.01264	0.00933	0.01421	0.05642	0.00746	0.07642	0.01359	0.05317	0.01093	0.01226	0.00876	0.00469	0.00449	0.00100	0.00481	0.00366	0.00372	0.67684
9	0.02144	0.05063	0.01764	0.01314	0.01760	0.07620	0.01084	0.65761	0.02542	0.03338	0.01311	0.01327	0.00944	0.00671	0.00559	0.00168	0.00660	0.00495	0.00537	0.00939

[dist]
# distance from previous block
# <min> <max>
0	2

[block]
# block no. 4 follows, 41 sequences, length 115
# corresponding to MSA columns:
# 197-311
name=unknown_E
#
# <colnr> <probs for GDERKNQSTAVLIFYWHMCP>
#	G	D	E	R	K	N	Q	S	T	A	V	L	I	F	Y	W	H	M	C	P
0	0.01192	0.02695	0.64623	0.01941	0.14662	0.01333	0.02054	0.01802	0.01223	0.01821	0.01035	0.01242	0.00755	0.00538	0.00547	0.00179	0.00818	0.00437	0.00248	0.00855
1	0.01504	0.65663	0.04192	0.01022	0.01491	0.02106	0.00989	0.01934	0.13395	0.01528	0.01053	0.01124	0.00901	0.00538	0.00406	0.00135	0.00590	0.00364	0.00300	0.00765
2	0.00870	0.00551	0.00609	0.00609	0.00631	0.00551	0.00355	0.00914	0.00892	0.01278	0.01813	0.03477	0.01978	0.66825	0.02497	0.00485	0.00507	0.00783	0.13996	0.00377
3	0.02502	0.01077	0.01392	0.01067	0.01512	0.00995	0.00881	0.14607	0.01811	0.64661	0.02111	0.01852	0.01343	0.00704	0.00575	0.00176	0.00510	0.00565	0.00686	0.00973
4	0.03154	0.52890	0.07578	0.01029	0.01453	0.06282	0.00987	0.04024	0.01228	0.01501	0.01225	0.13930	0.01242	0.00721	0.00454	0.00149	0.00603	0.00543	0.00308	0.00699
5	0.00810	0.00585	0.00765	0.00720	0.00855	0.00540	0.00540	0.01079	0.01619	0.02294	0.76028	0.04273	0.05397	0.01169	0.00675	0.00180	0.00270	0.01034	0.00630	0.00540
6	0.01041	0.00776	0.01051	0.00985	0.01146	0.00890	0.00776	0.13133	0.01211	0.01704	0.01506	0.02103	0.01355	0.03695	0.64917	0.00796	0.01383	0.00597	0.00350	0.00587
7	0.01251	0.01251	0.01752	0.01502	0.01502	0.01752	0.01251	0.01377	0.00876	0.01377	0.00751	0.01251	0.00751	0.01001	0.01877	0.00250	0.78851	0.00501	0.00250	0.00626
8	0.03007	0.59806	0.21064	0.01134	0.01708	0.02016	0.01250	0.01736	0.01170	0.01483	0.00852	0.00989	0.00730	0.00503	0.00410	0.00138	0.00666	0.00335	0.00246	0.00759
9	0.00815	0.00640	0.00937	0.01244	0.13287	0.00612	0.00733	0.00955	0.01129	0.01528	0.02810	0.66637	0.03308	0.01580	0.00703	0.00222	0.00389	0.01442	0.00490	0.00537
10	0.14414	0.00666	0.00623	0.00608	0.00828	0.00615	0.00465	0.00963	0.01249	0.01714	0.04970	0.04750	0.63644	0.01297	0.00623	0.00190	0.00315	0.01059	0.00502	0.00505
11	0.01223	0.01213	0.01746	0.14210	0.01904	0.01673	0.01307	0.01391	0.00920	0.01391	0.00795	0.01297	0.00753	0.00930	0.01662	0.00240	0.65967	0.00502	0.00251	0.00627
12	0.01931	0.01420	0.01543	0.01230	0.01618	0.01558	0.00995	0.62274	0.02426	0.03251	0.01667	0.14268	0.01436	0.00869	0.00598	0.00182	0.00580	0.00698	0.00565	0.00889
13	0.01105	0.00931	0.01100	0.00839	0.01269	0.00713	0.00654	0.01334	0.01171	0.01797	0.01369	0.14112	0.01332	0.00649	0.00474	0.00109	0.00408	0.00551	0.00371	0.69711
14	0.02366	0.01067	0.01665	0.01248	0.01712	0.00941	0.12954	0.02630	0.01590	0.64369	0.02075	0.01880	0.01325	0.00671	0.00592	0.00180	0.00566	0.00592	0.00639	0.00940
15	0.02038	0.01592	0.01990	0.01497	0.01974	0.01720	0.13159	0.62445	0.02468	0.03312	0.01338	0.01401	0.00955	0.00653	0.00589	0.00175	0.00685	0.00541	0.00526	0.00940
16	0.14868	0.14938	0.52626	0.01382	0.02089	0.01470	0.01686	0.01774	0.01162	0.01862	0.00952	0.01116	0.00709	0.00533	0.00484	0.00171	0.00742	0.00385	0.00261	0.00790
17	0.01364	0.01114	0.01168	0.01060	0.01352	0.01276	0.00822	0.02758	0.63071	0.02350	0.02252	0.02134	0.01700	0.00758	0.00552	0.00184	0.00422	0.00628	0.14193	0.00844
18	0.00697	0.00498	0.00664	0.00796	0.00830	0.00465	0.00531	0.00796	0.01095	0.01460	0.03153	0.79525	0.03783	0.01792	0.00730	0.00232	0.00332	0.01626	0.00531	0.00465
19	0.00693	0.00511	0.00650	0.00761	0.00820	0.00468	0.00515	0.00800	0.01130	0.01474	0.03588	0.67312	0.15715	0.01735	0.00721	0.00226	0.00325	0.01557	0.00531	0.00468
20	0.02143	0.02541	0.01637	0.01448	0.01769	0.65090	0.01102	0.14187	0.01797	0.01764	0.00965	0.01088	0.00776	0.00605	0.00525	0.00151	0.00965	0.00393	0.00340	0.00714
21	0.00941	0.00680	0.00837	0.00882	0.00985	0.00681	0.00623	0.12945	0.01358	0.01814	0.02859	0.66630	0.03319	0.01610	0.00704	0.00222	0.00381	0.01443	0.00538	0.00548
22	0.01147	0.02959	0.76934	0.01630	0.02476	0.01328	0.02113	0.01811	0.01208	0.01811	0.01026	0.01208	0.00725	0.00543	0.00543	0.00181	0.00845	0.00423	0.00242	0.00845
23	0.01297	0.14285	0.01957	0.01415	0.01496	0.01836	0.01206	0.01432	0.00923	0.01371	0.00758	0.01196	0.00748	0.00917	0.01628	0.00229	0.65942	0.00468	0.00249	0.00644
24	0.02138	0.02679	0.01625	0.01467	0.01769	0.74398	0.01104	0.05332	0.01666	0.01493	0.00905	0.01046	0.00747	0.00594	0.00518	0.00148	0.01015	0.00375	0.00306	0.00676
25	0.01106	0.00672	0.00987	0.00935	0.01094	0.00736	0.00736	0.01313	0.01038	0.13768	0.01652	0.02198	0.01428	0.03699	0.64917	0.00797	0.01360	0.00607	0.00373	0.00587
26	0.00944	0.00686	0.00898	0.01094	0.13118	0.00686	0.00583	0.01019	0.00935	0.01305	0.01687	0.03247	0.01843	0.61297	0.02350	0.00462	0.00555	0.00758	0.06081	0.00452
27	0.00802	0.00579	0.00758	0.00725	0.00853	0.00534	0.00539	0.01060	0.01583	0.02236	0.70967	0.09498	0.05285	0.01213	0.00678	0.00184	0.00274	0.01076	0.00623	0.00534
28	0.02050	0.01541	0.01647	0.01291	0.01727	0.01716	0.01057	0.62645	0.14669	0.03405	0.01531	0.01499	0.01100	0.00701	0.00574	0.00175	0.00600	0.00537	0.00574	0.00962
29	0.00812	0.00687	0.00715	0.00689	0.00898	0.00643	0.00522	0.01212	0.13543	0.01757	0.12005	0.04830	0.57002	0.01311	0.00660	0.00192	0.00315	0.01098	0.00549	0.00558
30	0.02049	0.01501	0.01695	0.01326	0.01707	0.01705	0.01097	0.57396	0.02317	0.08315	0.01332	0.01393	0.00967	0.00740	0.00788	0.00185	0.13526	0.00517	0.00529	0.00916
31	0.01192	0.02695	0.64623	0.01941	0.14662	0.01333	0.02054	0.01802	0.01223	0.01821	0.01035	0.01242	0.00755	0.00538	0.00547	0.00179	0.00818	0.00437	0.00248	0.00855
32	0.00697	0.00498	0.00664	0.00796	0.00830	0.00465	0.00531	0.00796	0.01095	0.01460	0.03153	0.79525	0.03783	0.01792	0.00730	0.00232	0.00332	0.01626	0.00531	0.00465
33	0.00679	0.00566	0.00593	0.00615	0.00782	0.00480	0.00450	0.00817	0.01269	0.01531	0.05359	0.17718	0.64166	0.01505	0.00685	0.00200	0.00297	0.01276	0.00531	0.00480
34	0.51933	0.01118	0.01016	0.00867	0.01207	0.01251	0.00706	0.16355	0.01442	0.04290	0.13357	0.01592	0.01496	0.00672	0.00456	0.00176	0.00453	0.00476	0.00451	0.00685
35	0.14808	0.02653	0.64379	0.01485	0.02250	0.01321	0.01867	0.01790	0.01169	0.01936	0.00989	0.01162	0.00707	0.00541	0.00512	0.00180	0.00779	0.00404	0.00260	0.00808
36	0.01261	0.01113	0.01716	0.65784	0.03582	0.01354	0.01506	0.13500	0.01399	0.01815	0.01075	0.01500	0.00797	0.00591	0.00572	0.00187	0.00741	0.00509	0.00307	0.00691
37	0.01429	0.67111	0.02655	0.00991	0.01421	0.01998	0.00969	0.01626	0.01188	0.01406	0.01164	0.01831	0.01156	0.00669	0.00437	0.00146	0.00598	0.12215	0.00291	0.00700
38	0.00810	0.00599	0.00766	0.00764	0.00908	0.00554	0.00600	0.01058	0.01506	0.02052	0.49646	0.04918	0.16636	0.01299	0.00698	0.00199	0.00325	0.15541	0.00593	0.00528
39	0.01095	0.02562	0.64343	0.01464	0.02170	0.01201	0.01822	0.01650	0.01146	0.01696	0.01154	0.01626	0.00948	0.13637	0.00934	0.00243	0.00797	0.00490	0.00259	0.00763
40	0.00732	0.00531	0.00700	0.00822	0.00884	0.00498	0.00588	0.00862	0.01148	0.01508	0.03337	0.61727	0.09311	0.01730	0.00736	0.00234	0.00361	0.13284	0.00530	0.00476
41	0.01390	0.01233	0.02001	0.02927	0.60695	0.01240	0.01504	0.04756	0.01344	0.01986	0.01219	0.01532	0.01001	0.00543	0.00539	0.00164	0.00609	0.00514	0.13956	0.00847
42	0.01411	0.01372	0.02395	0.03434	0.71237	0.01365	0.06790	0.01761	0.01306	0.01866	0.01082	0.01425	0.00903	0.00508	0.00574	0.00171	0.00699	0.00521	0.00284	0.00897
43	0.00697	0.00498	0.00664	0.00796	0.00830	0.00465	0.00531	0.00796	0.01095	0.01460	0.03153	0.79525	0.03783	0.01792	0.00730	0.00232	0.00332	0.01626	0.00531	0.00465
44	0.01080	0.01074	0.01935	0.46997	0.03184	0.01184	0.19218	0.01447	0.01221	0.01566	0.01839	0.02186	0.13219	0.00695	0.00614	0.00192	0.00734	0.00665	0.00308	0.00644
45	0.01069	0.02566	0.64336	0.01457	0.02195	0.01189	0.01836	0.01648	0.01223	0.01767	0.01813	0.01917	0.13161	0.00693	0.00565	0.00183	0.00754	0.00552	0.00289	0.00786
46	0.01080	0.01017	0.01716	0.78523	0.03940	0.01271	0.01589	0.01461	0.01144	0.01461	0.01017	0.01525	0.00762	0.00572	0.00572	0.00191	0.00762	0.00508	0.00254	0.00635
47	0.01350	0.01543	0.03375	0.02411	0.02989	0.01446	0.74253	0.01832	0.01350	0.01832	0.01157	0.01543	0.00868	0.00482	0.00675	0.00193	0.00964	0.00675	0.00289	0.00771
48	0.60824	0.01068	0.00979	0.00828	0.01207	0.01157	0.00682	0.01996	0.01162	0.23632	0.01211	0.01218	0.00846	0.00581	0.00417	0.00177	0.00455	0.00385	0.00455	0.00720
49	0.01268	0.00831	0.00935	0.00824	0.01096	0.00800	0.00645	0.06691	0.13706	0.15799	0.12235	0.03865	0.36792	0.01116	0.00635	0.00187	0.00374	0.00930	0.00586	0.00684
50	0.01147	0.02959	0.76934	0.01630	0.02476	0.01328	0.02113	0.01811	0.01208	0.01811	0.01026	0.01208	0.00725	0.00543	0.00543	0.00181	0.00845	0.00423	0.00242	0.00845
51	0.00922	0.00658	0.00922	0.01053	0.01185	0.00658	0.00922	0.01185	0.01317	0.01712	0.03029	0.06452	0.03292	0.01580	0.00790	0.00263	0.00527	0.72480	0.00527	0.00527
52	0.01442	0.18956	0.41282	0.01431	0.02056	0.16657	0.01592	0.01970	0.06425	0.01673	0.01040	0.01176	0.00800	0.00557	0.00504	0.00163	0.00806	0.00403	0.00276	0.00790
53	0.01466	0.01383	0.02321	0.03315	0.68282	0.01391	0.04547	0.06805	0.01401	0.01988	0.01100	0.01418	0.00909	0.00521	0.00571	0.00171	0.00687	0.00516	0.00303	0.00905
54	0.00810	0.00585	0.00765	0.00720	0.00855	0.00540	0.00540	0.01079	0.01619	0.02294	0.76028	0.04273	0.05397	0.01169	0.00675	0.00180	0.00270	0.01034	0.00630	0.00540
55	0.00922	0.00658	0.00922	0.01053	0.01185	0.00658	0.00922	0.01185	0.01317	0.01712	0.03029	0.06452	0.03292	0.01580	0.00790	0.00263	0.00527	0.72480	0.00527	0.00527
56	0.01328	0.01487	0.03116	0.05281	0.02848	0.01476	0.62661	0.01763	0.01285	0.01763	0.01103	0.01507	0.00850	0.00548	0.00815	0.00200	0.10289	0.00648	0.00283	0.00749
57	0.01147	0.02959	0.76934	0.01630	0.02476	0.01328	0.02113	0.01811	0.01208	0.01811	0.01026	0.01208	0.00725	0.00543	0.00543	0.00181	0.00845	0.00423	0.00242	0.00845
58	0.00697	0.00498	0.00664	0.00796	0.00830	0.00465	0.00531	0.00796	0.01095	0.01460	0.03153	0.79525	0.03783	0.01792	0.00730	0.00232	0.00332	0.01626	0.00531	0.00465
59	0.83938	0.01106	0.00841	0.00752	0.01106	0.01283	0.00619	0.01681	0.00973	0.02566	0.00796	0.00929	0.00619	0.00531	0.00354	0.00177	0.00442	0.00310	0.00354	0.00619
60	0.01552	0.01618	0.02189	0.03125	0.62218	0.15789	0.01632	0.01855	0.01363	0.01780	0.01040	0.01343	0.00874	0.00525	0.00557	0.00166	0.00746	0.00483	0.00285	0.00860
61	0.01970	0.01501	0.01602	0.01275	0.01696	0.01678	0.01038	0.55014	0.22431	0.03275	0.01633	0.01580	0.01183	0.00711	0.00575	0.00178	0.00581	0.00551	0.00575	0.00954
62	0.00697	0.00498	0.00664	0.00796	0.00830	0.00465	0.00531	0.00796	0.01095	0.01460	0.03153	0.79525	0.03783	0.01792	0.00730	0.00232	0.00332	0.01626	0.00531	0.00465
63	0.01573	0.01286	0.01360	0.01176	0.01522	0.01469	0.00928	0.18419	0.57127	0.02646	0.02106	0.01969	0.01569	0.00753	0.00574	0.00187	0.00485	0.00614	0.03328	0.00908
64	0.01529	0.80242	0.02997	0.00979	0.01468	0.02263	0.00979	0.01713	0.01162	0.01346	0.00795	0.00918	0.00734	0.00489	0.00367	0.00122	0.00612	0.00306	0.00245	0.00734
65	0.01339	0.01511	0.03196	0.02310	0.02825	0.01480	0.66186	0.01782	0.01298	0.01782	0.01112	0.01511	0.00855	0.00540	0.00808	0.00199	0.09571	0.00656	0.00285	0.00755
66	0.01529	0.80242	0.02997	0.00979	0.01468	0.02263	0.00979	0.01713	0.01162	0.01346	0.00795	0.00918	0.00734	0.00489	0.00367	0.00122	0.00612	0.00306	0.00245	0.00734
67	0.00810	0.00585	0.00765	0.00720	0.00855	0.00540	0.00540	0.01079	0.01619	0.02294	0.76028	0.04273	0.05397	0.01169	0.00675	0.00180	0.00270	0.01034	0.00630	0.00540
68	0.02137	0.02726	0.01621	0.01474	0.01768	0.77602	0.01105	0.02284	0.01621	0.01400	0.00884	0.01031	0.00737	0.00589	0.00516	0.00147	0.01031	0.00368	0.00295	0.00663
69	0.02038	0.01461	0.01590	0.01259	0.01683	0.01608	0.01031	0.54166	0.15440	0.09084	0.01657	0.01690	0.01207	0.00728	0.00580	0.00179	0.00584	0.02485	0.00583	0.00949
70	0.00743	0.00533	0.00705	0.00765	0.00840	0.00495	0.00535	0.00912	0.01310	0.01802	0.33025	0.48678	0.04445	0.01537	0.00707	0.00211	0.00306	0.01384	0.00571	0.00495
71	0.02566	0.00973	0.01327	0.01018	0.01460	0.00841	0.00841	0.02788	0.01637	0.76726	0.02257	0.01947	0.01416	0.00708	0.00575	0.00177	0.00487	0.00575	0.00708	0.00973
72	0.02492	0.01092	0.01401	0.01074	0.01520	0.01017	0.00887	0.16345	0.01836	0.62887	0.02089	0.01838	0.01332	0.00704	0.00575	0.00176	0.00514	0.00564	0.00682	0.00973
73	0.01344	0.01531	0.03338	0.04135	0.03011	0.01443	0.72607	0.01824	0.01345	0.01824	0.01154	0.01543	0.00866	0.00484	0.00673	0.00193	0.00960	0.00671	0.00289	0.00768
74	0.01251	0.01251	0.01752	0.01502	0.01502	0.01752	0.01251	0.01377	0.00876	0.01377	0.00751	0.01251	0.00751	0.01001	0.01877	0.00250	0.78851	0.00501	0.00250	0.00626
75	0.00832	0.00555	0.00624	0.00624	0.00624	0.00555	0.00347	0.00832	0.00832	0.01109	0.01802	0.03743	0.02080	0.79898	0.02911	0.00555	0.00555	0.00832	0.00347	0.00347
76	0.01193	0.12219	0.68075	0.01552	0.02355	0.01440	0.01977	0.01800	0.01202	0.01756	0.00999	0.01173	0.00726	0.00537	0.00522	0.00174	0.00817	0.00409	0.00242	0.00832
77	0.02262	0.01423	0.01599	0.01227	0.01677	0.01513	0.01013	0.54681	0.02394	0.22722	0.01611	0.01534	0.01095	0.00692	0.00571	0.00173	0.00587	0.00531	0.01729	0.00967
78	0.01331	0.01506	0.03260	0.07696	0.03055	0.01434	0.69207	0.01806	0.01336	0.01806	0.01147	0.01542	0.00861	0.00488	0.00668	0.00193	0.00950	0.00663	0.00287	0.00762
79	0.01339	0.01522	0.03310	0.05390	0.03027	0.01440	0.71408	0.01818	0.01342	0.01818	0.01152	0.01542	0.00864	0.00486	0.00671	0.00193	0.00956	0.00668	0.00288	0.00766
80	0.01254	0.39922	0.01929	0.00908	0.01224	0.01443	0.00795	0.01455	0.01441	0.01896	0.38003	0.02695	0.03117	0.00883	0.00557	0.00167	0.00470	0.00695	0.00465	0.00681
81	0.00788	0.00564	0.00729	0.00856	0.00897	0.00519	0.00570	0.00864	0.01149	0.01541	0.03209	0.78579	0.03824	0.01832	0.00764	0.00247	0.00363	0.01638	0.00557	0.00511
82	0.01232	0.02991	0.75963	0.01678	0.02521	0.01371	0.02131	0.01865	0.01260	0.01888	0.01112	0.01326	0.00807	0.00600	0.00580	0.00197	0.00869	0.00451	0.00272	0.00887
83	0.02179	0.02678	0.01745	0.01555	0.01871	0.71100	0.03999	0.04717	0.01693	0.01572	0.00998	0.01183	0.00832	0.00645	0.00561	0.00166	0.01037	0.00414	0.00333	0.00721
84	0.01437	0.01425	0.05195	0.14562	0.61766	0.01387	0.01767	0.01768	0.01327	0.01882	0.01150	0.01539	0.00958	0.00578	0.00602	0.00189	0.00725	0.00533	0.00307	0.00904
85	0.01081	0.00563	0.00809	0.00805	0.00814	0.00551	0.00536	0.00813	0.00804	0.01081	0.01079	0.01850	0.01072	0.02024	0.02249	0.82243	0.00526	0.00524	0.00278	0.00298
86	0.02252	0.01486	0.01619	0.01282	0.01718	0.03587	0.01037	0.45591	0.10987	0.21362	0.01769	0.01710	0.01245	0.00755	0.00608	0.00191	0.00612	0.00568	0.00625	0.00996
87	0.02100	0.02243	0.01642	0.01435	0.01778	0.45703	0.01099	0.19899	0.14083	0.02179	0.01328	0.01416	0.01043	0.00700	0.00577	0.00177	0.00860	0.00479	0.00439	0.00822
88	0.01232	0.02991	0.75963	0.01678	0.02521	0.01371	0.02131	0.01865	0.01260	0.01888	0.01112	0.01326	0.00807	0.00600	0.00580	0.00197	0.00869	0.00451	0.00272	0.00887
89	0.00788	0.00564	0.00729	0.00856	0.00897	0.00519	0.00570	0.00864	0.01149	0.01541	0.03209	0.78579	0.03824	0.01832	0.00764	0.00247	0.00363	0.01638	0.00557	0.00511
90	0.01486	0.01444	0.02538	0.03352	0.63270	0.01416	0.13740	0.01822	0.01362	0.01938	0.01174	0.01552	0.00980	0.00563	0.00620	0.00189	0.00753	0.00564	0.00314	0.00924
91	0.01426	0.01575	0.03290	0.02385	0.02924	0.01509	0.68220	0.01854	0.01368	0.01876	0.01212	0.01636	0.00940	0.00576	0.00793	0.00212	0.06396	0.00688	0.00316	0.00804
92	0.01653	0.01215	0.01358	0.01157	0.01462	0.01289	0.00914	0.41453	0.04123	0.02890	0.13360	0.16946	0.02438	0.01087	0.00669	0.00207	0.00534	0.05831	0.00596	0.00818
93	0.01710	0.01387	0.01465	0.01260	0.01624	0.01560	0.00989	0.22606	0.54478	0.02793	0.02134	0.02031	0.01603	0.00805	0.00615	0.00203	0.00531	0.00636	0.00605	0.00964
94	0.13493	0.01247	0.06559	0.01113	0.01547	0.01116	0.00948	0.02664	0.18245	0.43523	0.02055	0.01906	0.01406	0.00742	0.00580	0.00197	0.00527	0.00570	0.00622	0.00940
95	0.00768	0.00645	0.00645	0.00642	0.00841	0.00537	0.00475	0.00888	0.01355	0.01625	0.05815	0.05564	0.75156	0.01493	0.00711	0.00208	0.00321	0.01225	0.00557	0.00529
96	0.01433	0.01595	0.03403	0.02448	0.03028	0.01487	0.73290	0.01885	0.01401	0.01908	0.01241	0.01656	0.00948	0.00540	0.00710	0.00208	0.00987	0.00700	0.00319	0.00814
97	0.01497	0.01414	0.02364	0.03533	0.75372	0.01401	0.01778	0.01810	0.01354	0.01944	0.01160	0.01531	0.00986	0.00567	0.00602	0.00186	0.00706	0.00537	0.00313	0.00946
98	0.01429	0.01559	0.03204	0.02454	0.08005	0.01505	0.62593	0.01845	0.01361	0.01875	0.01203	0.01625	0.00942	0.00582	0.00795	0.00211	0.07008	0.00675	0.00315	0.00812
99	0.01232	0.02991	0.75963	0.01678	0.02521	0.01371	0.02131	0.01865	0.01260	0.01888	0.01112	0.01326	0.00807	0.00600	0.00580	0.00197	0.00869	0.00451	0.00272	0.00887
100	0.00907	0.00677	0.00981	0.00977	0.01086	0.00766	0.00752	0.01085	0.00976	0.01411	0.01610	0.02351	0.01503	0.04296	0.76620	0.00925	0.01547	0.00638	0.00336	0.00556
101	0.01433	0.01595	0.03403	0.02448	0.03028	0.01487	0.73290	0.01885	0.01401	0.01908	0.01241	0.01656	0.00948	0.00540	0.00710	0.00208	0.00987	0.00700	0.00319	0.00814
102	0.01257	0.06199	0.69804	0.01683	0.02499	0.01415	0.05059	0.01861	0.01264	0.01869	0.01107	0.01327	0.00813	0.00596	0.00578	0.00195	0.00865	0.00456	0.00274	0.00879
103	0.01081	0.00563	0.00809	0.00805	0.00814	0.00551	0.00536	0.00813	0.00804	0.01081	0.01079	0.01850	0.01072	0.02024	0.02249	0.82243	0.00526	0.00524	0.00278	0.00298
104	0.00899	0.00650	0.00828	0.00780	0.00922	0.00593	0.00579	0.01143	0.01666	0.02363	0.75094	0.04349	0.05416	0.01218	0.00709	0.00195	0.00302	0.01054	0.00655	0.00585
105	0.00795	0.00650	0.00684	0.00686	0.00876	0.00554	0.00517	0.00933	0.01380	0.01693	0.10919	0.05538	0.64696	0.01481	0.00718	0.00212	0.00337	0.06230	0.00565	0.00536
106	0.01529	0.01424	0.02339	0.03443	0.72296	0.01418	0.01750	0.04807	0.01411	0.02016	0.01173	0.01529	0.00989	0.00574	0.00602	0.00186	0.00704	0.00537	0.00325	0.00949
107	0.00788	0.00564	0.00729	0.00856	0.00897	0.00519	0.00570	0.00864	0.01149	0.01541	0.03209	0.78579	0.03824	0.01832	0.00764	0.00247	0.00363	0.01638	0.00557	0.00511
108	0.01335	0.01307	0.01802	0.01551	0.01560	0.01789	0.01281	0.01436	0.00933	0.01459	0.00840	0.01369	0.00833	0.01052	0.01895	0.00265	0.77815	0.00528	0.00280	0.00670
109	0.01365	0.01524	0.06117	0.13028	0.02835	0.01520	0.44827	0.01739	0.01268	0.01761	0.01132	0.01579	0.00903	0.00662	0.00935	0.00219	0.16885	0.00629	0.00304	0.00768
110	0.01609	0.79225	0.03030	0.01036	0.01527	0.02293	0.01012	0.01767	0.01215	0.01428	0.00884	0.01040	0.00816	0.00547	0.00406	0.00139	0.00639	0.00336	0.00275	0.00777
111	0.00788	0.00564	0.00729	0.00856	0.00897	0.00519	0.00570	0.00864	0.01149	0.01541	0.03209	0.78579	0.03824	0.01832	0.00764	0.00247	0.00363	0.01638	0.00557	0.00511
112	0.01480	0.01462	0.02640	0.03245	0.56177	0.01424	0.20752	0.01830	0.01366	0.01935	0.01182	0.01564	0.00976	0.00560	0.00631	0.00192	0.00780	0.00580	0.00314	0.00911
113	0.02049	0.02479	0.01763	0.07119	0.10908	0.62172	0.01248	0.02210	0.01597	0.01542	0.01003	0.01232	0.00841	0.00635	0.00562	0.00169	0.00992	0.00424	0.00320	0.00734
114	0.01485	0.01143	0.01317	0.00974	0.01473	0.00939	0.00775	0.10337	0.01450	0.07347	0.01231	0.01380	0.00983	0.00533	0.00490	0.00118	0.00483	0.00406	0.00421	0.66715

[dist]
# distance from previous block
# <min> <max>
8	101

[block]
# block no. 5 follows, 41 sequences, length 6
# corresponding to MSA columns:
# 413-418
name=unknown_F
#
# <colnr> <probs for GDERKNQSTAVLIFYWHMCP>
#	G	D	E	R	K	N	Q	S	T	A	V	L	I	F	Y	W	H	M	C	P
0	0.01893	0.01582	0.02283	0.01690	0.02189	0.01662	0.26071	0.49636	0.02232	0.03000	0.01299	0.01431	0.00937	0.00617	0.00607	0.00179	0.00744	0.00570	0.00476	0.00904
1	0.00907	0.00751	0.01191	0.27418	0.02018	0.00905	0.01013	0.01172	0.00996	0.01373	0.01356	0.02001	0.01202	0.03020	0.51318	0.00670	0.01269	0.00577	0.00289	0.00553
2	0.02174	0.01602	0.01717	0.01316	0.01774	0.01774	0.01087	0.74423	0.02689	0.03605	0.01373	0.01373	0.00973	0.00687	0.00572	0.00172	0.00629	0.00515	0.00572	0.00973
3	0.83938	0.01106	0.00841	0.00752	0.01106	0.01283	0.00619	0.01681	0.00973	0.02566	0.00796	0.00929	0.00619	0.00531	0.00354	0.00177	0.00442	0.00310	0.00354	0.00619
4	0.00683	0.00552	0.00608	0.00654	0.00792	0.00477	0.00467	0.00813	0.01233	0.01516	0.04892	0.30780	0.51405	0.01566	0.00694	0.00207	0.00304	0.01350	0.00531	0.00477
5	0.01324	0.01905	0.27799	0.02869	0.51111	0.01349	0.01878	0.01775	0.01270	0.01849	0.01059	0.01345	0.00844	0.00521	0.00558	0.00174	0.00736	0.00480	0.00269	0.00885

[dist]
# distance from previous block
# <min> <max>
21	119

[block]
# block no. 6 follows, 41 sequences, length 6
# corresponding to MSA columns:
# 540-545
name=unknown_G
#
# <colnr> <probs for GDERKNQSTAVLIFYWHMCP>
#	G	D	E	R	K	N	Q	S	T	A	V	L	I	F	Y	W	H	M	C	P
0	0.01066	0.00533	0.00533	0.00533	0.00666	0.00533	0.00400	0.01333	0.01200	0.02132	0.01866	0.02132	0.01466	0.00666	0.00400	0.00133	0.00267	0.00533	0.83073	0.00533
1	0.01785	0.01409	0.01498	0.01237	0.01626	0.01592	0.00993	0.37477	0.40268	0.02977	0.01867	0.01767	0.01373	0.00733	0.00577	0.00183	0.00538	0.00583	0.00577	0.00938
2	0.01233	0.01185	0.01592	0.01317	0.01460	0.01473	0.01090	0.01395	0.00963	0.01514	0.00826	0.01233	0.00778	0.00838	0.01467	0.00204	0.56747	0.00455	0.00275	0.23954
3	0.24666	0.42046	0.02132	0.16470	0.01862	0.01788	0.01000	0.01653	0.01105	0.01713	0.00840	0.01043	0.00707	0.00518	0.00404	0.00151	0.00594	0.00348	0.00277	0.00682
4	0.00803	0.00687	0.00928	0.22600	0.01682	0.00705	0.00786	0.01013	0.01237	0.01552	0.08408	0.19152	0.35839	0.01253	0.00657	0.00199	0.00430	0.01083	0.00459	0.00526
5	0.01778	0.01634	0.01478	0.01269	0.01624	0.16803	0.00997	0.23007	0.40054	0.02535	0.01769	0.01698	0.01326	0.00713	0.00566	0.00178	0.00619	0.00554	0.00522	0.00876

[dist]
# distance from previous block
# <min> <max>
0	4

[block]
# block no. 7 follows, 41 sequences, length 6
# corresponding to MSA columns:
# 550-555
name=unknown_H
#
# <colnr> <probs for GDERKNQSTAVLIFYWHMCP>
#	G	D	E	R	K	N	Q	S	T	A	V	L	I	F	Y	W	H	M	C	P
0	0.01492	0.01198	0.01350	0.00992	0.01485	0.01076	0.00805	0.24045	0.01652	0.02403	0.01127	0.01244	0.00886	0.00505	0.00470	0.00112	0.00487	0.00393	0.00411	0.57867
1	0.00732	0.00525	0.00695	0.00773	0.00837	0.00488	0.00534	0.00884	0.01257	0.01718	0.25724	0.56218	0.04283	0.01599	0.00713	0.00216	0.00313	0.01443	0.00562	0.00488
2	0.00742	0.00530	0.00715	0.00848	0.00901	0.00503	0.00609	0.00874	0.01140	0.01511	0.03128	0.64859	0.03685	0.01749	0.00742	0.00239	0.00371	0.15846	0.00530	0.00477
3	0.00993	0.00719	0.00875	0.00901	0.01019	0.00727	0.00643	0.15573	0.01415	0.01891	0.02795	0.63840	0.03219	0.01570	0.00698	0.00220	0.00392	0.01403	0.00539	0.00567
4	0.01417	0.00917	0.01381	0.01655	0.24376	0.00865	0.00988	0.01697	0.01525	0.19943	0.35191	0.02832	0.03055	0.00855	0.00617	0.00176	0.00449	0.00762	0.00541	0.00757
5	0.01080	0.01018	0.01415	0.01283	0.01294	0.01353	0.01028	0.01197	0.00944	0.01402	0.01495	0.25494	0.01690	0.01246	0.01522	0.00245	0.54532	0.00849	0.00337	0.00576

[dist]
# distance from previous block
# <min> <max>
6	76

# created by:
# /software/SequenceAnalysis/GenePrediction/augustus/3.0.1/scripts/msa2prfl.pl ./fixed/BUSCOvEOG7BZPGB.fas
