[name]
unknown

[dist]
# distance from previous block
# <min> <max>
0	112

[block]
# block no. 0 follows, 40 sequences, length 19
# corresponding to MSA columns:
# 140-158
name=unknown_A
#
# <colnr> <probs for GDERKNQSTAVLIFYWHMCP>
#	G	D	E	R	K	N	Q	S	T	A	V	L	I	F	Y	W	H	M	C	P
0	0.01730	0.01264	0.02069	0.06192	0.49623	0.01243	0.03262	0.02079	0.03124	0.21445	0.01438	0.01606	0.01070	0.00580	0.00581	0.00177	0.00645	0.00543	0.00407	0.00923
1	0.01128	0.01001	0.01790	0.01420	0.01755	0.00902	0.26935	0.01401	0.01250	0.05500	0.02065	0.34256	0.02157	0.01053	0.00662	0.00194	0.00592	0.01031	0.00428	0.14479
2	0.02311	0.01580	0.01631	0.01275	0.01719	0.09444	0.01041	0.47807	0.02340	0.22519	0.01580	0.01513	0.01082	0.00693	0.00577	0.00173	0.00645	0.00524	0.00588	0.00956
3	0.01357	0.01798	0.21828	0.05443	0.54360	0.01371	0.01875	0.01790	0.01294	0.01871	0.01079	0.01387	0.00868	0.00529	0.00570	0.00176	0.00738	0.00495	0.00276	0.00896
4	0.01873	0.01390	0.01506	0.01228	0.01624	0.01542	0.00990	0.38560	0.30258	0.07777	0.05604	0.01880	0.01548	0.00759	0.00591	0.00184	0.00543	0.00606	0.00597	0.00940
5	0.01697	0.01417	0.02885	0.02079	0.02631	0.01309	0.54657	0.02118	0.01449	0.21425	0.01470	0.01676	0.01029	0.00550	0.00660	0.00192	0.00853	0.00660	0.00406	0.00838
6	0.01697	0.01417	0.02885	0.02079	0.02631	0.01309	0.54657	0.02118	0.01449	0.21425	0.01470	0.01676	0.01029	0.00550	0.00660	0.00192	0.00853	0.00660	0.00406	0.00838
7	0.00709	0.00506	0.00675	0.00810	0.00843	0.00472	0.00540	0.00810	0.01113	0.01484	0.03205	0.79184	0.03846	0.01822	0.00742	0.00236	0.00337	0.01653	0.00540	0.00472
8	0.22961	0.01236	0.01826	0.19667	0.40053	0.01341	0.01443	0.01697	0.01200	0.01993	0.01006	0.01334	0.00812	0.00538	0.00520	0.00179	0.00647	0.00464	0.00300	0.00783
9	0.01382	0.01326	0.02088	0.04347	0.45396	0.02949	0.07237	0.01744	0.03083	0.01888	0.01110	0.01400	0.00916	0.00503	0.00546	0.00152	0.00650	0.00486	0.00310	0.22488
10	0.00806	0.00612	0.00754	0.00771	0.00928	0.00560	0.00613	0.01034	0.01453	0.01911	0.32205	0.05364	0.29458	0.01398	0.00717	0.00210	0.00350	0.19754	0.00578	0.00525
11	0.00804	0.00570	0.00622	0.00622	0.00674	0.00545	0.00376	0.00843	0.00972	0.01244	0.02898	0.04276	0.21442	0.59052	0.02363	0.00467	0.00493	0.00946	0.00402	0.00389
12	0.23006	0.01404	0.02482	0.02292	0.21062	0.01404	0.36290	0.01803	0.01260	0.02068	0.01059	0.01372	0.00826	0.00510	0.00572	0.00186	0.00767	0.00546	0.00310	0.00778
13	0.01237	0.02514	0.51478	0.01930	0.02696	0.01392	0.26726	0.01849	0.01277	0.01849	0.01089	0.01345	0.00787	0.00531	0.00598	0.00188	0.00901	0.00518	0.00262	0.00834
14	0.01183	0.01187	0.01122	0.01083	0.01238	0.20821	0.00831	0.01376	0.01122	0.01369	0.01385	0.01960	0.01269	0.03373	0.57103	0.00728	0.01424	0.00558	0.00308	0.00560
15	0.83671	0.01125	0.00855	0.00765	0.01125	0.01305	0.00630	0.01709	0.00990	0.02609	0.00810	0.00945	0.00630	0.00540	0.00360	0.00180	0.00450	0.00315	0.00360	0.00630
16	0.02400	0.00998	0.01311	0.01029	0.01455	0.00899	0.00842	0.02767	0.09170	0.65264	0.02469	0.02167	0.04933	0.00762	0.00590	0.00182	0.00482	0.00622	0.00698	0.00959
17	0.01181	0.00866	0.01023	0.00884	0.01110	0.00876	0.00690	0.20233	0.01917	0.02647	0.52882	0.03628	0.07576	0.01073	0.00659	0.00181	0.00371	0.00921	0.00620	0.00662
18	0.53525	0.01242	0.01142	0.00944	0.01342	0.01387	0.00779	0.20818	0.01521	0.10844	0.01124	0.01175	0.00812	0.00601	0.00442	0.00179	0.00505	0.00399	0.00457	0.00763

[dist]
# distance from previous block
# <min> <max>
0	1

[block]
# block no. 1 follows, 40 sequences, length 51
# corresponding to MSA columns:
# 160-210
name=unknown_B
#
# <colnr> <probs for GDERKNQSTAVLIFYWHMCP>
#	G	D	E	R	K	N	Q	S	T	A	V	L	I	F	Y	W	H	M	C	P
0	0.00811	0.00589	0.00767	0.00754	0.00883	0.00545	0.00567	0.01060	0.01553	0.02165	0.59727	0.12699	0.08693	0.01298	0.00699	0.00195	0.00298	0.05545	0.00618	0.00537
1	0.02275	0.01525	0.01681	0.01289	0.01751	0.01649	0.01065	0.62414	0.02560	0.15493	0.01542	0.01491	0.01062	0.00702	0.00582	0.00175	0.00616	0.00534	0.00604	0.00989
2	0.00760	0.00531	0.00673	0.00757	0.00788	0.00508	0.00491	0.00844	0.01067	0.01429	0.06858	0.50979	0.03408	0.25188	0.01408	0.00332	0.00406	0.02642	0.00489	0.00442
3	0.01272	0.01272	0.01781	0.01527	0.01527	0.01781	0.01272	0.01399	0.00891	0.01399	0.00763	0.01272	0.00763	0.01018	0.01908	0.00254	0.78499	0.00509	0.00254	0.00636
4	0.00705	0.00581	0.00619	0.00629	0.00801	0.00495	0.00464	0.00861	0.01338	0.01646	0.13307	0.13476	0.60109	0.01479	0.00693	0.00199	0.00297	0.01254	0.00551	0.00495
5	0.67080	0.01024	0.00838	0.00753	0.01076	0.01160	0.00612	0.01647	0.01094	0.04407	0.09072	0.01423	0.01237	0.00624	0.00404	0.00177	0.00420	0.00417	0.05911	0.00624
6	0.00795	0.00680	0.00695	0.00681	0.00893	0.00623	0.00518	0.01146	0.11194	0.01691	0.05350	0.05160	0.64019	0.01384	0.00677	0.00198	0.00323	0.02876	0.00547	0.00550
7	0.02127	0.01602	0.01812	0.01581	0.09881	0.01757	0.01179	0.66129	0.02581	0.03473	0.01363	0.01401	0.00982	0.00678	0.00581	0.00174	0.00645	0.00523	0.00550	0.00982
8	0.00709	0.00506	0.00675	0.00810	0.00843	0.00472	0.00540	0.00810	0.01113	0.01484	0.03205	0.79184	0.03846	0.01822	0.00742	0.00236	0.00337	0.01653	0.00540	0.00472
9	0.00966	0.00639	0.00761	0.00749	0.00932	0.00570	0.00579	0.01147	0.01368	0.09822	0.14846	0.09587	0.37259	0.06253	0.00839	0.00229	0.00370	0.11973	0.00562	0.00551
10	0.02119	0.01622	0.01929	0.01459	0.01938	0.01767	0.09028	0.66137	0.02586	0.03469	0.01372	0.01415	0.00977	0.00675	0.00593	0.00177	0.00677	0.00541	0.00550	0.00967
11	0.00795	0.00591	0.00750	0.00847	0.00918	0.00582	0.00582	0.01073	0.09178	0.01630	0.06742	0.67043	0.03703	0.01678	0.00723	0.00229	0.00348	0.01515	0.00550	0.00525
12	0.69602	0.01146	0.01007	0.09234	0.01481	0.01334	0.00767	0.06186	0.01117	0.02552	0.00871	0.01039	0.00668	0.00554	0.00398	0.00181	0.00497	0.00350	0.00363	0.00654
13	0.00742	0.00589	0.00676	0.00726	0.00879	0.00523	0.00558	0.00907	0.01294	0.01602	0.06133	0.19464	0.46999	0.01558	0.00720	0.00217	0.00349	0.15025	0.00541	0.00497
14	0.00892	0.00642	0.00703	0.00688	0.00749	0.00651	0.00425	0.01089	0.08972	0.01325	0.02393	0.03849	0.11190	0.61309	0.02420	0.00478	0.00519	0.00872	0.00402	0.00431
15	0.00910	0.09262	0.01165	0.00941	0.01088	0.00898	0.00756	0.01115	0.00961	0.01352	0.01476	0.02137	0.01377	0.03940	0.68881	0.00846	0.01456	0.00589	0.00305	0.00544
16	0.01050	0.00730	0.00913	0.00951	0.01094	0.00746	0.00731	0.01484	0.14533	0.06385	0.05224	0.27192	0.03033	0.09949	0.00964	0.00269	0.00453	0.23160	0.00542	0.00595
17	0.01109	0.00652	0.00822	0.00758	0.00936	0.00588	0.00563	0.01308	0.01459	0.15123	0.36238	0.10979	0.15990	0.09751	0.00921	0.00231	0.00354	0.01031	0.00597	0.00589
18	0.00852	0.00642	0.00806	0.00732	0.00916	0.00568	0.00554	0.01112	0.01567	0.02211	0.60772	0.04123	0.11758	0.01134	0.00658	0.00174	0.00293	0.00992	0.00598	0.09540
19	0.02101	0.01564	0.01686	0.01286	0.01757	0.01691	0.01060	0.66094	0.02568	0.03472	0.01357	0.01375	0.00975	0.00669	0.00565	0.00165	0.00617	0.00504	0.00556	0.09937
20	0.02211	0.01629	0.01745	0.01338	0.01803	0.01803	0.01105	0.73997	0.02734	0.03665	0.01396	0.01396	0.00989	0.00698	0.00582	0.00175	0.00640	0.00524	0.00582	0.00989
21	0.83671	0.01125	0.00855	0.00765	0.01125	0.01305	0.00630	0.01709	0.00990	0.02609	0.00810	0.00945	0.00630	0.00540	0.00360	0.00180	0.00450	0.00315	0.00360	0.00630
22	0.00799	0.00592	0.00746	0.00721	0.00864	0.00539	0.00542	0.01044	0.01559	0.02147	0.58350	0.07880	0.17289	0.01278	0.00692	0.00190	0.00289	0.03328	0.00615	0.00535
23	0.01555	0.79913	0.03047	0.00995	0.01493	0.02301	0.00995	0.01741	0.01182	0.01368	0.00808	0.00933	0.00746	0.00498	0.00373	0.00124	0.00622	0.00311	0.00249	0.00746
24	0.00914	0.00654	0.00905	0.01003	0.01138	0.00645	0.00860	0.01183	0.01400	0.01858	0.17499	0.06119	0.03772	0.01523	0.00780	0.00251	0.00484	0.57915	0.00556	0.00538
25	0.02071	0.01476	0.01609	0.01261	0.01704	0.01606	0.01031	0.51822	0.14925	0.10200	0.01630	0.01575	0.01160	0.00703	0.00577	0.00175	0.00586	0.00544	0.00585	0.04759
26	0.02448	0.01074	0.01384	0.01070	0.01516	0.00989	0.00880	0.10281	0.06321	0.61618	0.02162	0.01904	0.01394	0.00712	0.00580	0.00177	0.00506	0.00575	0.00685	0.03725
27	0.00741	0.00572	0.00652	0.00666	0.00796	0.00509	0.00472	0.00890	0.01299	0.01670	0.20399	0.18223	0.38174	0.11143	0.00978	0.00246	0.00331	0.01217	0.00539	0.00483
28	0.00709	0.00506	0.00675	0.00810	0.00843	0.00472	0.00540	0.00810	0.01113	0.01484	0.03205	0.79184	0.03846	0.01822	0.00742	0.00236	0.00337	0.01653	0.00540	0.00472
29	0.00786	0.00524	0.00653	0.00741	0.00786	0.00500	0.00490	0.00899	0.01099	0.01543	0.05071	0.53542	0.03283	0.14885	0.01073	0.00277	0.00365	0.01346	0.11675	0.00464
30	0.01497	0.01436	0.02382	0.03314	0.64900	0.02863	0.06674	0.06297	0.01421	0.01998	0.01115	0.01438	0.00919	0.00529	0.00583	0.00174	0.00714	0.00527	0.00307	0.00911
31	0.00711	0.00511	0.00675	0.00801	0.00842	0.00475	0.00537	0.00818	0.01134	0.01510	0.05252	0.74842	0.06150	0.01794	0.00739	0.00233	0.00334	0.01623	0.00543	0.00475
32	0.83671	0.01125	0.00855	0.00765	0.01125	0.01305	0.00630	0.01709	0.00990	0.02609	0.00810	0.00945	0.00630	0.00540	0.00360	0.00180	0.00450	0.00315	0.00360	0.00630
33	0.00840	0.00558	0.00636	0.00647	0.00653	0.00555	0.00370	0.00855	0.00878	0.01184	0.01953	0.10306	0.02249	0.70891	0.02705	0.00525	0.00537	0.00908	0.02381	0.00367
34	0.01624	0.07403	0.06182	0.04507	0.43942	0.01490	0.05177	0.14056	0.01566	0.06727	0.01197	0.01425	0.00936	0.00561	0.00566	0.00172	0.00690	0.00511	0.00359	0.00907
35	0.01200	0.07730	0.68616	0.01653	0.02477	0.01415	0.05368	0.01836	0.01232	0.01813	0.01035	0.01225	0.00744	0.00546	0.00547	0.00181	0.00850	0.00434	0.00248	0.00849
36	0.02196	0.01571	0.03412	0.01304	0.01771	0.01670	0.01093	0.61059	0.05892	0.11748	0.01534	0.01493	0.01070	0.00701	0.00582	0.00176	0.00620	0.00534	0.00590	0.00983
37	0.00783	0.00563	0.00714	0.00792	0.00856	0.00535	0.00538	0.03288	0.01212	0.01623	0.11294	0.57772	0.07074	0.08928	0.00934	0.00257	0.00359	0.01453	0.00535	0.00488
38	0.00841	0.00633	0.00827	0.00777	0.00905	0.00619	0.00588	0.01094	0.01567	0.02211	0.65400	0.06709	0.08366	0.01212	0.00763	0.00190	0.05094	0.01046	0.00608	0.00549
39	0.01362	0.01512	0.03151	0.02383	0.07351	0.01450	0.61206	0.01809	0.01331	0.01838	0.01139	0.01524	0.00876	0.00522	0.00743	0.00193	0.05762	0.00648	0.00294	0.04908
40	0.02211	0.01629	0.01745	0.01338	0.01803	0.01803	0.01105	0.73997	0.02734	0.03665	0.01396	0.01396	0.00989	0.00698	0.00582	0.00175	0.00640	0.00524	0.00582	0.00989
41	0.01463	0.01392	0.02260	0.10084	0.64245	0.02976	0.01722	0.05387	0.01387	0.01941	0.01100	0.01439	0.00908	0.00534	0.00575	0.00174	0.00703	0.00515	0.00300	0.00895
42	0.00879	0.00635	0.00861	0.00953	0.01082	0.00618	0.00796	0.01126	0.01377	0.01821	0.17236	0.12548	0.08259	0.01537	0.00768	0.00244	0.00453	0.47720	0.00556	0.00530
43	0.02499	0.00965	0.01314	0.01016	0.01447	0.00836	0.00836	0.02727	0.01663	0.71781	0.06810	0.02125	0.01689	0.00749	0.00591	0.00180	0.00481	0.00614	0.00715	0.00962
44	0.02407	0.01035	0.01344	0.01061	0.01489	0.00958	0.00866	0.02879	0.14401	0.63483	0.02307	0.02012	0.01498	0.00732	0.00586	0.00183	0.00489	0.00597	0.00697	0.00978
45	0.79590	0.01150	0.00899	0.00793	0.01159	0.01330	0.00654	0.05331	0.01077	0.02662	0.00839	0.00967	0.00648	0.00548	0.00371	0.00180	0.00459	0.00325	0.00371	0.00648
46	0.01473	0.01243	0.01316	0.01180	0.01512	0.01433	0.00919	0.03084	0.73222	0.04111	0.02365	0.02165	0.01768	0.00787	0.00592	0.00197	0.00461	0.00656	0.00595	0.00922
47	0.04115	0.01617	0.01724	0.01325	0.01788	0.01792	0.01094	0.72307	0.02693	0.03640	0.01382	0.01386	0.00981	0.00694	0.00577	0.00175	0.00635	0.00519	0.00577	0.00981
48	0.01419	0.01221	0.01292	0.01164	0.01484	0.01407	0.00904	0.03003	0.71700	0.02428	0.05552	0.02264	0.01937	0.00806	0.00596	0.00197	0.00452	0.00675	0.00594	0.00904
49	0.00846	0.00564	0.00634	0.00634	0.00634	0.00564	0.00352	0.00846	0.00846	0.01128	0.01832	0.03805	0.02114	0.79563	0.02960	0.00564	0.00564	0.00846	0.00352	0.00352
50	0.00825	0.00595	0.00782	0.00749	0.00883	0.00552	0.00566	0.01094	0.01616	0.02280	0.70166	0.06648	0.05340	0.01227	0.00693	0.00188	0.00288	0.04328	0.00632	0.00546

[dist]
# distance from previous block
# <min> <max>
0	64

# created by:
# /software/SequenceAnalysis/GenePrediction/augustus/3.0.1/scripts/msa2prfl.pl ./fixed/BUSCOvEOG7BGBB8.fas
