[name]
unknown

[dist]
# distance from previous block
# <min> <max>
0	672

[block]
# block no. 0 follows, 39 sequences, length 24
# corresponding to MSA columns:
# 720-743
name=unknown_A
#
# <colnr> <probs for GDERKNQSTAVLIFYWHMCP>
#	G	D	E	R	K	N	Q	S	T	A	V	L	I	F	Y	W	H	M	C	P
0	0.00909	0.00651	0.00897	0.00996	0.01124	0.00638	0.00838	0.01168	0.01405	0.01869	0.17743	0.12506	0.03889	0.01567	0.00787	0.00252	0.00473	0.51180	0.00566	0.00542
1	0.83394	0.01144	0.00869	0.00778	0.01144	0.01327	0.00640	0.01738	0.01006	0.02653	0.00823	0.00961	0.00640	0.00549	0.00366	0.00183	0.00457	0.00320	0.00366	0.00640
2	0.02248	0.01656	0.01775	0.01361	0.01834	0.01834	0.01124	0.73556	0.02780	0.03727	0.01420	0.01420	0.01006	0.00710	0.00592	0.00177	0.00651	0.00532	0.00592	0.01006
3	0.00845	0.00634	0.00950	0.00950	0.01056	0.00739	0.00739	0.01056	0.00950	0.01373	0.01584	0.02323	0.01478	0.04435	0.76873	0.00950	0.01584	0.00634	0.00317	0.00528
4	0.01117	0.01051	0.01774	0.77795	0.04073	0.01314	0.01642	0.01511	0.01182	0.01511	0.01051	0.01577	0.00788	0.00591	0.00591	0.00197	0.00788	0.00526	0.00263	0.00657
5	0.01102	0.00551	0.00551	0.00551	0.00689	0.00551	0.00413	0.01378	0.01240	0.02205	0.01929	0.02205	0.01516	0.00689	0.00413	0.00138	0.00276	0.00551	0.82500	0.00551
6	0.01349	0.01160	0.01332	0.07137	0.05625	0.01305	0.00985	0.05262	0.49012	0.02271	0.02682	0.02767	0.10909	0.00900	0.00624	0.00202	0.00495	0.04595	0.00549	0.00841
7	0.01102	0.00551	0.00551	0.00551	0.00689	0.00551	0.00413	0.01378	0.01240	0.02205	0.01929	0.02205	0.01516	0.00689	0.00413	0.00138	0.00276	0.00551	0.82500	0.00551
8	0.01517	0.01506	0.02349	0.03480	0.70288	0.06768	0.01767	0.01854	0.01370	0.01898	0.01098	0.01435	0.00924	0.00533	0.00582	0.00174	0.00728	0.00517	0.00294	0.00919
9	0.01063	0.00754	0.00935	0.00883	0.01141	0.00657	0.00723	0.01293	0.01369	0.07488	0.08600	0.07136	0.20971	0.01247	0.00677	0.00200	0.00430	0.25483	0.00526	0.18424
10	0.83394	0.01144	0.00869	0.00778	0.01144	0.01327	0.00640	0.01738	0.01006	0.02653	0.00823	0.00961	0.00640	0.00549	0.00366	0.00183	0.00457	0.00320	0.00366	0.00640
11	0.00856	0.00588	0.00718	0.00718	0.00743	0.00613	0.00449	0.00907	0.00881	0.01200	0.01797	0.03503	0.01991	0.61456	0.20552	0.00663	0.00813	0.00806	0.00348	0.00399
12	0.43375	0.00887	0.00828	0.00775	0.01035	0.00958	0.00620	0.01424	0.01283	0.02415	0.26463	0.02894	0.08230	0.00921	0.00535	0.00192	0.00391	0.05690	0.00489	0.00595
13	0.01264	0.01073	0.01247	0.00894	0.01417	0.00827	0.00716	0.04149	0.01284	0.01993	0.01065	0.01233	0.00881	0.00448	0.00444	0.00091	0.00446	0.00357	0.00359	0.79812
14	0.01581	0.79572	0.03099	0.01012	0.01518	0.02340	0.01012	0.01771	0.01202	0.01391	0.00822	0.00949	0.00759	0.00506	0.00379	0.00126	0.00632	0.00316	0.00253	0.00759
15	0.01180	0.01002	0.01177	0.00871	0.01352	0.00760	0.00687	0.01428	0.01218	0.01889	0.01253	0.08320	0.01153	0.00567	0.00467	0.00102	0.00429	0.00472	0.00369	0.75304
16	0.01628	0.01348	0.01425	0.01235	0.01598	0.01544	0.00974	0.17349	0.59997	0.02727	0.02208	0.02048	0.01644	0.00784	0.00600	0.00196	0.00505	0.00641	0.00600	0.00950
17	0.00805	0.00553	0.00673	0.00727	0.00745	0.00544	0.00448	0.00854	0.00970	0.01298	0.02397	0.33074	0.02810	0.45979	0.05125	0.00459	0.00524	0.01171	0.00431	0.00413
18	0.02110	0.01523	0.01649	0.01303	0.01745	0.01681	0.01064	0.52812	0.18292	0.08996	0.01705	0.01636	0.01215	0.00732	0.00594	0.00183	0.00600	0.00567	0.00605	0.00991
19	0.01934	0.01509	0.01631	0.06132	0.01876	0.03512	0.01106	0.47731	0.18496	0.03148	0.01695	0.01878	0.01292	0.00770	0.00604	0.00188	0.00623	0.04374	0.00564	0.00936
20	0.01102	0.00551	0.00551	0.00551	0.00689	0.00551	0.00413	0.01378	0.01240	0.02205	0.01929	0.02205	0.01516	0.00689	0.00413	0.00138	0.00276	0.00551	0.82500	0.00551
21	0.00791	0.00603	0.00715	0.00696	0.00848	0.00542	0.00519	0.01002	0.01481	0.01969	0.41010	0.04950	0.31497	0.06880	0.00867	0.00222	0.00318	0.03980	0.00588	0.00521
22	0.01395	0.01119	0.01290	0.00983	0.01457	0.00918	0.00770	0.05517	0.05411	0.04343	0.05353	0.04209	0.01398	0.00637	0.00527	0.00131	0.00475	0.00501	0.00444	0.63121
23	0.01600	0.58616	0.12011	0.01184	0.01696	0.06205	0.01182	0.01822	0.01274	0.01546	0.01016	0.01236	0.00907	0.00886	0.06325	0.00217	0.00790	0.00393	0.00295	0.00800

[dist]
# distance from previous block
# <min> <max>
7	9

[block]
# block no. 1 follows, 39 sequences, length 32
# corresponding to MSA columns:
# 754-785
name=unknown_B
#
# <colnr> <probs for GDERKNQSTAVLIFYWHMCP>
#	G	D	E	R	K	N	Q	S	T	A	V	L	I	F	Y	W	H	M	C	P
0	0.80188	0.01138	0.00889	0.00789	0.01158	0.01308	0.00650	0.01784	0.01034	0.05563	0.00883	0.01002	0.00673	0.00556	0.00375	0.00183	0.00459	0.00331	0.00381	0.00655
1	0.01471	0.01043	0.01251	0.00906	0.01420	0.00802	0.00730	0.01728	0.01306	0.14621	0.01271	0.01361	0.00977	0.00488	0.00465	0.00104	0.00449	0.00392	0.00416	0.68798
2	0.01102	0.00551	0.00551	0.00551	0.00689	0.00551	0.00413	0.01378	0.01240	0.02205	0.01929	0.02205	0.01516	0.00689	0.00413	0.00138	0.00276	0.00551	0.82500	0.00551
3	0.00848	0.00621	0.00889	0.00889	0.00973	0.00706	0.00663	0.01017	0.00932	0.01327	0.01640	0.02634	0.01614	0.19482	0.62012	0.00875	0.01381	0.00679	0.00325	0.00494
4	0.01117	0.01051	0.01774	0.77795	0.04073	0.01314	0.01642	0.01511	0.01182	0.01511	0.01051	0.01577	0.00788	0.00591	0.00591	0.00197	0.00788	0.00526	0.00263	0.00657
5	0.00754	0.00529	0.00676	0.00781	0.00807	0.00502	0.00504	0.00832	0.01068	0.01424	0.02929	0.61099	0.03495	0.20153	0.01288	0.00319	0.00398	0.01487	0.00504	0.00451
6	0.00839	0.00601	0.00775	0.00734	0.00859	0.00560	0.00537	0.01090	0.01590	0.02245	0.67653	0.04361	0.05226	0.09252	0.00936	0.00226	0.00309	0.01048	0.00621	0.00537
7	0.06132	0.01638	0.01698	0.01326	0.01780	0.03872	0.01088	0.63294	0.07544	0.03526	0.01444	0.01441	0.01036	0.00706	0.00580	0.00179	0.00641	0.00527	0.00573	0.00974
8	0.02074	0.01528	0.01625	0.01252	0.01720	0.04538	0.01024	0.49475	0.05548	0.09409	0.01459	0.01458	0.01048	0.00666	0.00564	0.00163	0.00611	0.00507	0.00552	0.14778
9	0.80447	0.01162	0.00902	0.00799	0.01169	0.01345	0.00658	0.04346	0.01071	0.02692	0.00845	0.00977	0.00654	0.00555	0.00374	0.00183	0.00464	0.00328	0.00374	0.00654
10	0.01206	0.01142	0.01934	0.58814	0.22360	0.01337	0.01687	0.01589	0.01224	0.01619	0.01067	0.01548	0.00826	0.00575	0.00590	0.00192	0.00766	0.00526	0.00270	0.00729
11	0.01392	0.01583	0.03422	0.02455	0.03029	0.01508	0.70475	0.01875	0.01376	0.01875	0.01179	0.01583	0.00892	0.00520	0.00748	0.00202	0.04106	0.00691	0.00297	0.00792
12	0.01102	0.00551	0.00551	0.00551	0.00689	0.00551	0.00413	0.01378	0.01240	0.02205	0.01929	0.02205	0.01516	0.00689	0.00413	0.00138	0.00276	0.00551	0.82500	0.00551
13	0.00905	0.00646	0.00898	0.01034	0.01149	0.00639	0.00869	0.01142	0.01314	0.01716	0.03158	0.21668	0.03509	0.01679	0.00804	0.00266	0.00503	0.57027	0.00545	0.00531
14	0.01294	0.01294	0.01811	0.01553	0.01553	0.01811	0.01294	0.01423	0.00906	0.01423	0.00776	0.01294	0.00776	0.01035	0.01941	0.00259	0.78134	0.00518	0.00259	0.00647
15	0.01226	0.01051	0.01226	0.00876	0.01401	0.00788	0.00701	0.01489	0.01226	0.01927	0.01051	0.01226	0.00876	0.00438	0.00438	0.00088	0.00438	0.00350	0.00350	0.82832
16	0.00738	0.00539	0.00695	0.00787	0.00856	0.00496	0.00540	0.00876	0.01247	0.01667	0.15882	0.58527	0.11557	0.01706	0.00739	0.00227	0.00328	0.01532	0.00566	0.00496
17	0.02290	0.01589	0.01733	0.01329	0.01801	0.01734	0.01098	0.66269	0.02668	0.11172	0.01514	0.01481	0.01053	0.00712	0.00592	0.00178	0.00636	0.00539	0.00606	0.01006
18	0.01097	0.00711	0.00906	0.00821	0.01014	0.00678	0.00628	0.01501	0.08477	0.10530	0.60339	0.03945	0.04771	0.01118	0.00677	0.00187	0.00321	0.00979	0.00655	0.00643
19	0.01316	0.01377	0.02388	0.01876	0.02101	0.01645	0.27689	0.01587	0.01106	0.01611	0.01036	0.01646	0.00939	0.00865	0.01435	0.00238	0.46389	0.03773	0.00286	0.00698
20	0.00721	0.00515	0.00686	0.00823	0.00858	0.00480	0.00549	0.00823	0.01132	0.01510	0.03259	0.78831	0.03911	0.01853	0.00755	0.00240	0.00343	0.01681	0.00549	0.00480
21	0.01791	0.01429	0.01517	0.01268	0.01660	0.01620	0.01013	0.32102	0.44979	0.02989	0.02001	0.01883	0.01476	0.00764	0.00598	0.00191	0.00543	0.00613	0.00598	0.00965
22	0.01457	0.01425	0.02513	0.03513	0.68059	0.01414	0.09193	0.01823	0.01352	0.01928	0.01121	0.01477	0.00933	0.00524	0.00597	0.00178	0.00733	0.00545	0.00293	0.00922
23	0.01396	0.01595	0.03490	0.02493	0.03091	0.01496	0.73380	0.01894	0.01396	0.01894	0.01196	0.01595	0.00897	0.00499	0.00698	0.00199	0.00997	0.00698	0.00299	0.00798
24	0.00717	0.00529	0.00672	0.00786	0.00848	0.00484	0.00532	0.00828	0.01169	0.01524	0.03720	0.66507	0.15938	0.01793	0.00745	0.00233	0.00336	0.01608	0.00549	0.00484
25	0.01102	0.00551	0.00551	0.00551	0.00689	0.00551	0.00413	0.01378	0.01240	0.02205	0.01929	0.02205	0.01516	0.00689	0.00413	0.00138	0.00276	0.00551	0.82500	0.00551
26	0.01102	0.00551	0.00551	0.00551	0.00689	0.00551	0.00413	0.01378	0.01240	0.02205	0.01929	0.02205	0.01516	0.00689	0.00413	0.00138	0.00276	0.00551	0.82500	0.00551
27	0.01102	0.00551	0.00551	0.00551	0.00689	0.00551	0.00413	0.01378	0.01240	0.02205	0.01929	0.02205	0.01516	0.00689	0.00413	0.00138	0.00276	0.00551	0.82500	0.00551
28	0.02168	0.01617	0.01730	0.01344	0.01803	0.01797	0.01105	0.66296	0.10171	0.03598	0.01522	0.01501	0.01088	0.00719	0.00593	0.00180	0.00632	0.00546	0.00593	0.00999
29	0.00837	0.00604	0.00790	0.00744	0.00883	0.00558	0.00558	0.01116	0.01674	0.02371	0.75216	0.04417	0.05580	0.01209	0.00697	0.00186	0.00279	0.01069	0.00651	0.00558
30	0.83394	0.01144	0.00869	0.00778	0.01144	0.01327	0.00640	0.01738	0.01006	0.02653	0.00823	0.00961	0.00640	0.00549	0.00366	0.00183	0.00457	0.00320	0.00366	0.00640
31	0.01464	0.01405	0.02400	0.03630	0.75528	0.01405	0.01815	0.01815	0.01347	0.01932	0.01112	0.01464	0.00937	0.00527	0.00585	0.00176	0.00703	0.00527	0.00293	0.00937

[dist]
# distance from previous block
# <min> <max>
0	1

[block]
# block no. 2 follows, 39 sequences, length 13
# corresponding to MSA columns:
# 787-799
name=unknown_C
#
# <colnr> <probs for GDERKNQSTAVLIFYWHMCP>
#	G	D	E	R	K	N	Q	S	T	A	V	L	I	F	Y	W	H	M	C	P
0	0.01027	0.00514	0.00770	0.00770	0.00770	0.00514	0.00514	0.00770	0.00770	0.01027	0.01027	0.01798	0.01027	0.02054	0.02311	0.82794	0.00514	0.00514	0.00257	0.00257
1	0.83394	0.01144	0.00869	0.00778	0.01144	0.01327	0.00640	0.01738	0.01006	0.02653	0.00823	0.00961	0.00640	0.00549	0.00366	0.00183	0.00457	0.00320	0.00366	0.00640
2	0.01197	0.01020	0.01195	0.00873	0.01370	0.00771	0.00692	0.01451	0.01221	0.01903	0.01179	0.05704	0.01051	0.00520	0.00456	0.00096	0.00432	0.00427	0.00362	0.78080
3	0.01249	0.01243	0.01754	0.12269	0.01907	0.04058	0.03628	0.01434	0.00997	0.01451	0.00976	0.03949	0.00937	0.01227	0.07335	0.00297	0.53806	0.00567	0.00276	0.00640
4	0.01102	0.00551	0.00551	0.00551	0.00689	0.00551	0.00413	0.01378	0.01240	0.02205	0.01929	0.02205	0.01516	0.00689	0.00413	0.00138	0.00276	0.00551	0.82500	0.00551
5	0.01287	0.22660	0.57438	0.01513	0.02293	0.01621	0.01884	0.01847	0.01237	0.01749	0.01000	0.01172	0.00752	0.00548	0.00515	0.00172	0.00812	0.00406	0.00251	0.00845
6	0.01411	0.01345	0.02263	0.12013	0.63184	0.01360	0.01733	0.01762	0.01321	0.01883	0.01102	0.01463	0.00916	0.00529	0.00578	0.00173	0.00698	0.00517	0.00292	0.05456
7	0.01102	0.00551	0.00551	0.00551	0.00689	0.00551	0.00413	0.01378	0.01240	0.02205	0.01929	0.02205	0.01516	0.00689	0.00413	0.00138	0.00276	0.00551	0.82500	0.00551
8	0.01226	0.01051	0.01226	0.00876	0.01401	0.00788	0.00701	0.01489	0.01226	0.01927	0.01051	0.01226	0.00876	0.00438	0.00438	0.00088	0.00438	0.00350	0.00350	0.82832
9	0.00773	0.00567	0.00740	0.00822	0.00906	0.00513	0.00563	0.00903	0.01182	0.01611	0.08554	0.66524	0.03779	0.01683	0.00723	0.00223	0.00346	0.01521	0.00540	0.07528
10	0.01226	0.01051	0.01226	0.00876	0.01401	0.00788	0.00701	0.01489	0.01226	0.01927	0.01051	0.01226	0.00876	0.00438	0.00438	0.00088	0.00438	0.00350	0.00350	0.82832
11	0.83394	0.01144	0.00869	0.00778	0.01144	0.01327	0.00640	0.01738	0.01006	0.02653	0.00823	0.00961	0.00640	0.00549	0.00366	0.00183	0.00457	0.00320	0.00366	0.00640
12	0.01471	0.01270	0.01337	0.01203	0.01538	0.01471	0.00936	0.03142	0.74459	0.02474	0.02407	0.02206	0.01805	0.00802	0.00602	0.00201	0.00468	0.00669	0.00602	0.00936

[dist]
# distance from previous block
# <min> <max>
3	5

[block]
# block no. 3 follows, 39 sequences, length 12
# corresponding to MSA columns:
# 806-817
name=unknown_D
#
# <colnr> <probs for GDERKNQSTAVLIFYWHMCP>
#	G	D	E	R	K	N	Q	S	T	A	V	L	I	F	Y	W	H	M	C	P
0	0.01429	0.01353	0.02227	0.03222	0.64559	0.01314	0.01650	0.01767	0.01329	0.01931	0.01103	0.01429	0.00928	0.00514	0.00564	0.00163	0.00663	0.00501	0.00301	0.13055
1	0.04687	0.10229	0.54908	0.01490	0.02246	0.01392	0.01814	0.02007	0.01300	0.12815	0.01216	0.01321	0.00852	0.00581	0.00541	0.00180	0.00779	0.00444	0.00326	0.00873
2	0.00719	0.00600	0.00627	0.00621	0.00811	0.00508	0.00465	0.00888	0.01396	0.01712	0.16234	0.05503	0.64973	0.01455	0.00699	0.00198	0.00297	0.01222	0.00564	0.00508
3	0.01102	0.00551	0.00551	0.00551	0.00689	0.00551	0.00413	0.01378	0.01240	0.02205	0.01929	0.02205	0.01516	0.00689	0.00413	0.00138	0.00276	0.00551	0.82500	0.00551
4	0.01437	0.01044	0.01248	0.00902	0.01417	0.00800	0.00726	0.01695	0.01295	0.12878	0.01241	0.01343	0.00963	0.00481	0.00461	0.00102	0.00448	0.00387	0.00407	0.70724
5	0.72152	0.01769	0.01545	0.01427	0.01832	0.01790	0.01049	0.02330	0.01609	0.03359	0.01782	0.02282	0.01552	0.01169	0.00787	0.00351	0.00778	0.00642	0.00676	0.01119
6	0.72152	0.01769	0.01545	0.01427	0.01832	0.01790	0.01049	0.02330	0.01609	0.03359	0.01782	0.02282	0.01552	0.01169	0.00787	0.00351	0.00778	0.00642	0.00676	0.01119
7	0.01895	0.01369	0.01595	0.01663	0.01876	0.01228	0.01286	0.01870	0.01910	0.02596	0.03919	0.07089	0.08203	0.02085	0.01165	0.00423	0.00838	0.57127	0.00829	0.01035
8	0.72152	0.01769	0.01545	0.01427	0.01832	0.01790	0.01049	0.02330	0.01609	0.03359	0.01782	0.02282	0.01552	0.01169	0.00787	0.00351	0.00778	0.00642	0.00676	0.01119
9	0.01818	0.01334	0.01614	0.01574	0.01758	0.01289	0.01134	0.01749	0.01561	0.02268	0.02430	0.03443	0.02266	0.04480	0.65974	0.01005	0.01738	0.00909	0.00634	0.01023
10	0.02339	0.01878	0.01977	0.01814	0.02169	0.01936	0.01326	0.03407	0.59073	0.03133	0.03017	0.03280	0.02473	0.01401	0.01082	0.00371	0.06193	0.00928	0.00853	0.01351
11	0.01811	0.01309	0.01478	0.01398	0.01611	0.01135	0.00979	0.01800	0.02177	0.03118	0.65166	0.05228	0.05760	0.01731	0.01070	0.00354	0.00626	0.01280	0.00919	0.01049

[dist]
# distance from previous block
# <min> <max>
0	20

[block]
# block no. 4 follows, 39 sequences, length 6
# corresponding to MSA columns:
# 842-847
name=unknown_E
#
# <colnr> <probs for GDERKNQSTAVLIFYWHMCP>
#	G	D	E	R	K	N	Q	S	T	A	V	L	I	F	Y	W	H	M	C	P
0	0.21665	0.01070	0.01150	0.00866	0.01346	0.00928	0.00699	0.01663	0.01210	0.08092	0.01098	0.01224	0.00865	0.00489	0.00433	0.00119	0.00448	0.00363	0.00385	0.55886
1	0.01089	0.01014	0.00975	0.00916	0.01081	0.14549	0.00690	0.01336	0.01573	0.02062	0.51284	0.03510	0.04123	0.01552	0.11353	0.00287	0.00606	0.00882	0.00541	0.00577
2	0.01548	0.01512	0.01354	0.01366	0.09266	0.22791	0.00918	0.14715	0.01555	0.01853	0.01831	0.02428	0.08853	0.20221	0.06965	0.00328	0.00792	0.00649	0.00395	0.00660
3	0.07601	0.01145	0.01170	0.01294	0.12042	0.11527	0.00846	0.01596	0.09289	0.02027	0.23948	0.03308	0.19914	0.00998	0.00622	0.00184	0.00491	0.00834	0.00498	0.00664
4	0.01234	0.01103	0.01624	0.02031	0.32645	0.00993	0.01144	0.01505	0.01260	0.01853	0.01481	0.15534	0.01457	0.00735	0.00558	0.00153	0.00532	0.00669	0.00362	0.33128
5	0.01205	0.01080	0.01548	0.01215	0.01607	0.01003	0.14021	0.01811	0.17326	0.02098	0.15612	0.07061	0.02170	0.00765	0.00591	0.00161	0.00511	0.00705	0.00466	0.29045

[dist]
# distance from previous block
# <min> <max>
0	2

[block]
# block no. 5 follows, 39 sequences, length 6
# corresponding to MSA columns:
# 850-855
name=unknown_F
#
# <colnr> <probs for GDERKNQSTAVLIFYWHMCP>
#	G	D	E	R	K	N	Q	S	T	A	V	L	I	F	Y	W	H	M	C	P
0	0.01341	0.00912	0.01153	0.01058	0.01267	0.01011	0.00825	0.01909	0.20380	0.14592	0.02343	0.14290	0.05810	0.01932	0.19997	0.00399	0.08733	0.00821	0.00506	0.00721
1	0.01364	0.01819	0.14603	0.02369	0.03009	0.01477	0.62491	0.01891	0.01373	0.01891	0.01176	0.01542	0.00875	0.00508	0.00677	0.00198	0.00978	0.00658	0.00292	0.00809
2	0.01287	0.01538	0.13958	0.01503	0.13171	0.07412	0.01160	0.01618	0.01321	0.01896	0.08754	0.03915	0.01428	0.00627	0.00571	0.00143	0.02919	0.00514	0.00355	0.35910
3	0.00988	0.00754	0.00868	0.00731	0.01020	0.00627	0.00564	0.01234	0.01380	0.02028	0.23116	0.03200	0.17655	0.00913	0.00561	0.00146	0.00339	0.00770	0.13337	0.29769
4	0.02063	0.01160	0.01306	0.01082	0.01447	0.07369	0.00881	0.13416	0.01801	0.38305	0.09334	0.02816	0.07288	0.00912	0.00629	0.00190	0.00542	0.07974	0.00634	0.00852
5	0.01382	0.21601	0.02169	0.13915	0.26676	0.01564	0.01325	0.01893	0.12497	0.01850	0.08257	0.01741	0.01441	0.00638	0.00546	0.00171	0.00622	0.00545	0.00359	0.00811

[dist]
# distance from previous block
# <min> <max>
6	11

[block]
# block no. 6 follows, 39 sequences, length 16
# corresponding to MSA columns:
# 867-882
name=unknown_G
#
# <colnr> <probs for GDERKNQSTAVLIFYWHMCP>
#	G	D	E	R	K	N	Q	S	T	A	V	L	I	F	Y	W	H	M	C	P
0	0.01192	0.01062	0.01658	0.05678	0.34239	0.01046	0.01232	0.01473	0.01206	0.01744	0.01409	0.08963	0.01324	0.01528	0.17936	0.00343	0.00823	0.00627	0.00332	0.16185
1	0.01200	0.02395	0.48956	0.19121	0.02979	0.01377	0.12123	0.01794	0.01254	0.01794	0.01078	0.01372	0.00779	0.00560	0.00588	0.00191	0.00872	0.00494	0.00260	0.00814
2	0.01474	0.07210	0.33881	0.10839	0.07631	0.18615	0.08543	0.01933	0.01356	0.01710	0.01028	0.01275	0.00784	0.00564	0.00562	0.00177	0.00893	0.00458	0.00272	0.00795
3	0.01286	0.01116	0.01287	0.00992	0.01442	0.01006	0.00791	0.01861	0.17873	0.02021	0.01343	0.01453	0.01081	0.00558	0.00567	0.00124	0.05215	0.00433	0.00402	0.59149
4	0.00837	0.00604	0.00790	0.00744	0.00883	0.00558	0.00558	0.01116	0.01674	0.02371	0.75216	0.04417	0.05580	0.01209	0.00697	0.00186	0.00279	0.01069	0.00651	0.00558
5	0.01080	0.02480	0.58978	0.01489	0.02172	0.01170	0.01813	0.01634	0.01222	0.01790	0.01562	0.18905	0.01469	0.00856	0.00606	0.00199	0.00753	0.00720	0.00318	0.00784
6	0.02304	0.01017	0.01464	0.18517	0.02093	0.00970	0.01045	0.02570	0.01577	0.58999	0.02041	0.01914	0.01310	0.00700	0.00594	0.00186	0.00568	0.00579	0.00625	0.00927
7	0.00862	0.00648	0.00801	0.00802	0.00941	0.00568	0.00548	0.00982	0.01102	0.01536	0.02494	0.47075	0.02889	0.16077	0.01107	0.00268	0.00408	0.01224	0.00468	0.19199
8	0.16804	0.01132	0.01166	0.01034	0.01343	0.01270	0.00812	0.09100	0.37281	0.02603	0.18585	0.02401	0.02369	0.00838	0.00578	0.00192	0.00440	0.00681	0.00568	0.00801
9	0.01007	0.00933	0.06119	0.00982	0.05794	0.00804	0.00707	0.06872	0.05248	0.01705	0.04490	0.03905	0.27878	0.29292	0.01502	0.00330	0.00501	0.00914	0.00451	0.00567
10	0.01830	0.19238	0.01931	0.01175	0.01653	0.01718	0.01001	0.36986	0.08932	0.02738	0.01308	0.01351	0.01001	0.00621	0.00515	0.00151	0.00589	0.00462	0.00470	0.16328
11	0.01133	0.06979	0.21142	0.24956	0.02594	0.01232	0.09608	0.01561	0.01328	0.01826	0.17932	0.02101	0.01884	0.00739	0.00642	0.01953	0.00702	0.00631	0.00351	0.00705
12	0.06576	0.01955	0.31014	0.08997	0.13798	0.01356	0.01601	0.02086	0.17902	0.02038	0.01359	0.01512	0.01024	0.00605	0.00557	0.00183	0.00693	0.00499	0.00351	0.05894
13	0.01504	0.01610	0.01899	0.01708	0.08408	0.18583	0.11506	0.04687	0.01361	0.01735	0.05315	0.01753	0.05873	0.00800	0.01012	0.00196	0.24717	0.00579	0.00338	0.06416
14	0.45586	0.05951	0.04127	0.02902	0.01244	0.04660	0.00733	0.01515	0.01140	0.02150	0.02046	0.09273	0.15007	0.00853	0.00488	0.00187	0.00482	0.00637	0.00400	0.00618
15	0.01097	0.00939	0.01093	0.03016	0.01336	0.00735	0.00676	0.01338	0.01256	0.01836	0.02225	0.02383	0.17869	0.00712	0.00511	0.00121	0.00419	0.02262	0.00398	0.59778

[dist]
# distance from previous block
# <min> <max>
14	33

[block]
# block no. 7 follows, 39 sequences, length 6
# corresponding to MSA columns:
# 924-929
name=unknown_H
#
# <colnr> <probs for GDERKNQSTAVLIFYWHMCP>
#	G	D	E	R	K	N	Q	S	T	A	V	L	I	F	Y	W	H	M	C	P
0	0.38755	0.01067	0.01016	0.00876	0.01192	0.01168	0.00705	0.16340	0.01575	0.02725	0.21115	0.02314	0.07365	0.00826	0.00525	0.00184	0.00439	0.00630	0.00502	0.00684
1	0.01380	0.01547	0.03223	0.02343	0.02846	0.01546	0.61928	0.01819	0.01318	0.01819	0.01130	0.01547	0.00878	0.00584	0.00895	0.00209	0.13252	0.00669	0.00293	0.00774
2	0.01627	0.01003	0.01235	0.00926	0.01399	0.00793	0.00742	0.01869	0.01362	0.24370	0.01584	0.06528	0.01252	0.00620	0.00506	0.00127	0.00452	0.00511	0.00479	0.52616
3	0.01500	0.01513	0.02708	0.02027	0.02424	0.01645	0.40015	0.13136	0.01467	0.02042	0.01104	0.01476	0.00878	0.00695	0.01058	0.00214	0.24361	0.00617	0.00333	0.00785
4	0.00752	0.00539	0.00714	0.00802	0.00865	0.00501	0.00551	0.00901	0.01276	0.01739	0.22410	0.59026	0.04355	0.01681	0.00740	0.00226	0.00326	0.01518	0.00576	0.00501
5	0.01976	0.01495	0.01629	0.01232	0.01719	0.01556	0.01011	0.54376	0.02367	0.03248	0.01322	0.01368	0.00971	0.00638	0.00551	0.00154	0.00594	0.00484	0.00527	0.22783

[dist]
# distance from previous block
# <min> <max>
0	5

[block]
# block no. 8 follows, 39 sequences, length 8
# corresponding to MSA columns:
# 935-942
name=unknown_I
#
# <colnr> <probs for GDERKNQSTAVLIFYWHMCP>
#	G	D	E	R	K	N	Q	S	T	A	V	L	I	F	Y	W	H	M	C	P
0	0.00757	0.00594	0.00641	0.00633	0.00779	0.00525	0.00447	0.00895	0.01294	0.01625	0.16464	0.05079	0.47636	0.18649	0.01210	0.00280	0.00357	0.01133	0.00524	0.00478
1	0.01391	0.01744	0.15932	0.10530	0.12924	0.13035	0.01426	0.01716	0.01239	0.01717	0.01108	0.01445	0.00906	0.00700	0.00871	0.00191	0.19212	0.00488	0.12700	0.00726
2	0.00872	0.01057	0.15211	0.01009	0.01255	0.00705	0.00935	0.01151	0.01302	0.01770	0.13943	0.31527	0.10110	0.01431	0.00716	0.00224	0.00471	0.15221	0.00506	0.00582
3	0.01277	0.06544	0.21486	0.19279	0.02413	0.04458	0.01587	0.01619	0.01108	0.01561	0.00923	0.01318	0.00770	0.00759	0.01114	0.00213	0.32114	0.00481	0.00259	0.00717
4	0.13834	0.01077	0.01306	0.15654	0.01900	0.01036	0.00913	0.01848	0.07091	0.11861	0.01296	0.01436	0.00976	0.00552	0.00490	0.00145	0.00519	0.00437	0.00407	0.37221
5	0.01439	0.01082	0.01916	0.06154	0.02021	0.01011	0.24953	0.01786	0.01477	0.16400	0.15879	0.02958	0.02276	0.00853	0.00671	0.00197	0.00644	0.11423	0.00489	0.06370
6	0.00824	0.00582	0.00754	0.00773	0.00832	0.00591	0.00526	0.00948	0.01092	0.01509	0.16138	0.18741	0.03003	0.30846	0.19693	0.00522	0.00711	0.01012	0.00443	0.00462
7	0.01256	0.01469	0.15604	0.01081	0.01644	0.01004	0.01021	0.01813	0.12299	0.01999	0.01258	0.01379	0.00992	0.00517	0.00486	0.00124	0.00526	0.00415	0.00369	0.54745

[dist]
# distance from previous block
# <min> <max>
0	1

[block]
# block no. 9 follows, 39 sequences, length 16
# corresponding to MSA columns:
# 944-959
name=unknown_J
#
# <colnr> <probs for GDERKNQSTAVLIFYWHMCP>
#	G	D	E	R	K	N	Q	S	T	A	V	L	I	F	Y	W	H	M	C	P
0	0.00996	0.12564	0.17722	0.00964	0.01329	0.00985	0.00963	0.01328	0.01451	0.01976	0.35218	0.03453	0.16779	0.01018	0.00622	0.00180	0.00465	0.00854	0.00486	0.00646
1	0.00820	0.00592	0.00775	0.00755	0.00880	0.00547	0.00557	0.01074	0.01596	0.02247	0.64811	0.15178	0.05339	0.01302	0.00706	0.00194	0.00288	0.01158	0.00636	0.00547
2	0.00768	0.00604	0.00704	0.00684	0.00851	0.00540	0.00514	0.00977	0.01464	0.01919	0.35699	0.04931	0.40516	0.01555	0.05426	0.00240	0.00370	0.01133	0.00579	0.00526
3	0.01119	0.02691	0.65240	0.01561	0.02313	0.01244	0.01948	0.01721	0.01232	0.01820	0.01379	0.12467	0.01206	0.00749	0.00590	0.00195	0.00797	0.00617	0.00293	0.00817
4	0.01288	0.01283	0.04341	0.15133	0.50880	0.01258	0.01601	0.01628	0.01317	0.01814	0.01806	0.02087	0.11658	0.00679	0.00602	0.00183	0.00664	0.00628	0.00324	0.00826
5	0.01510	0.01254	0.01332	0.01169	0.01506	0.01422	0.00917	0.13404	0.55745	0.02610	0.06730	0.02398	0.05670	0.00848	0.00611	0.00196	0.00476	0.00702	0.00600	0.00902
6	0.02248	0.01656	0.01775	0.01361	0.01834	0.01834	0.01124	0.73556	0.02780	0.03727	0.01420	0.01420	0.01006	0.00710	0.00592	0.00177	0.00651	0.00532	0.00592	0.01006
7	0.01226	0.01051	0.01226	0.00876	0.01401	0.00788	0.00701	0.01489	0.01226	0.01927	0.01051	0.01226	0.00876	0.00438	0.00438	0.00088	0.00438	0.00350	0.00350	0.82832
8	0.01226	0.01051	0.01226	0.00876	0.01401	0.00788	0.00701	0.01489	0.01226	0.01927	0.01051	0.01226	0.00876	0.00438	0.00438	0.00088	0.00438	0.00350	0.00350	0.82832
9	0.03675	0.00780	0.01008	0.00882	0.01135	0.00725	0.00694	0.01788	0.05170	0.25635	0.41514	0.05499	0.03820	0.01056	0.00658	0.00191	0.00377	0.04016	0.00659	0.00718
10	0.01226	0.01051	0.01226	0.00876	0.01401	0.00788	0.00701	0.01489	0.01226	0.01927	0.01051	0.01226	0.00876	0.00438	0.00438	0.00088	0.00438	0.00350	0.00350	0.82832
11	0.00837	0.00604	0.00790	0.00744	0.00883	0.00558	0.00558	0.01116	0.01674	0.02371	0.75216	0.04417	0.05580	0.01209	0.00697	0.00186	0.00279	0.01069	0.00651	0.00558
12	0.01369	0.02620	0.58210	0.01905	0.13009	0.01329	0.02003	0.01963	0.01306	0.09089	0.01192	0.01354	0.00846	0.00573	0.00568	0.00185	0.00813	0.00465	0.00303	0.00896
13	0.00781	0.00581	0.00727	0.00735	0.00860	0.00527	0.00534	0.00991	0.01477	0.02007	0.43891	0.22909	0.18954	0.01424	0.00712	0.00202	0.00299	0.01255	0.00606	0.00527
14	0.04696	0.00940	0.01215	0.00970	0.01370	0.00805	0.00776	0.02228	0.01485	0.46431	0.02173	0.14250	0.01713	0.00848	0.00581	0.00173	0.00463	0.00712	0.00613	0.17559
15	0.01226	0.01051	0.01226	0.00876	0.01401	0.00788	0.00701	0.01489	0.01226	0.01927	0.01051	0.01226	0.00876	0.00438	0.00438	0.00088	0.00438	0.00350	0.00350	0.82832

[dist]
# distance from previous block
# <min> <max>
0	4

[block]
# block no. 10 follows, 39 sequences, length 13
# corresponding to MSA columns:
# 964-976
name=unknown_K
#
# <colnr> <probs for GDERKNQSTAVLIFYWHMCP>
#	G	D	E	R	K	N	Q	S	T	A	V	L	I	F	Y	W	H	M	C	P
0	0.02202	0.01597	0.01722	0.01335	0.01796	0.01763	0.01098	0.64784	0.08586	0.06713	0.01539	0.01509	0.01091	0.00718	0.00593	0.00180	0.00630	0.00546	0.00598	0.01000
1	0.02235	0.02056	0.01741	0.01417	0.01832	0.27617	0.01130	0.49084	0.02401	0.02943	0.01246	0.01298	0.00922	0.00675	0.00572	0.00169	0.00794	0.00480	0.00493	0.00896
2	0.02435	0.01312	0.12489	0.01146	0.01666	0.00944	0.01065	0.02732	0.01627	0.64927	0.02144	0.01899	0.01358	0.00707	0.00590	0.00184	0.00558	0.00571	0.00660	0.00987
3	0.30092	0.01454	0.01463	0.04424	0.01692	0.01637	0.00980	0.45793	0.02102	0.03263	0.01199	0.01269	0.00871	0.00650	0.00514	0.00180	0.00590	0.00459	0.00500	0.00865
4	0.01396	0.01595	0.03490	0.02493	0.03091	0.01496	0.73380	0.01894	0.01396	0.01894	0.01196	0.01595	0.00897	0.00499	0.00698	0.00199	0.00997	0.00698	0.00299	0.00798
5	0.01093	0.27748	0.01584	0.00836	0.01102	0.01171	0.00714	0.01341	0.01512	0.02035	0.49644	0.03225	0.03923	0.00967	0.00588	0.00166	0.00400	0.00811	0.00514	0.00627
6	0.00699	0.00599	0.00599	0.00599	0.00799	0.00499	0.00449	0.00849	0.01348	0.01598	0.05991	0.05691	0.75288	0.01498	0.00699	0.00200	0.00300	0.01248	0.00549	0.00499
7	0.02478	0.01046	0.01367	0.01075	0.01514	0.00959	0.00879	0.02921	0.12510	0.65017	0.02344	0.02042	0.01515	0.00742	0.00596	0.00186	0.00498	0.00606	0.00713	0.00996
8	0.01226	0.01051	0.01226	0.00876	0.01401	0.00788	0.00701	0.01489	0.01226	0.01927	0.01051	0.01226	0.00876	0.00438	0.00438	0.00088	0.00438	0.00350	0.00350	0.82832
9	0.01471	0.01270	0.01337	0.01203	0.01538	0.01471	0.00936	0.03142	0.74459	0.02474	0.02407	0.02206	0.01805	0.00802	0.00602	0.00201	0.00468	0.00669	0.00602	0.00936
10	0.01396	0.01595	0.03490	0.02493	0.03091	0.01496	0.73380	0.01894	0.01396	0.01894	0.01196	0.01595	0.00897	0.00499	0.00698	0.00199	0.00997	0.00698	0.00299	0.00798
11	0.01095	0.00796	0.00967	0.00876	0.01065	0.00795	0.00667	0.15204	0.01809	0.02508	0.50123	0.14895	0.04440	0.01207	0.00685	0.00192	0.00361	0.01056	0.00624	0.00634
12	0.01877	0.01180	0.01349	0.01151	0.01528	0.01264	0.00913	0.03053	0.49447	0.27726	0.02382	0.02140	0.01688	0.00778	0.00599	0.00195	0.00480	0.00643	0.00646	0.00960

[dist]
# distance from previous block
# <min> <max>
0	6

[block]
# block no. 11 follows, 39 sequences, length 51
# corresponding to MSA columns:
# 983-1033
name=unknown_L
#
# <colnr> <probs for GDERKNQSTAVLIFYWHMCP>
#	G	D	E	R	K	N	Q	S	T	A	V	L	I	F	Y	W	H	M	C	P
0	0.01260	0.03086	0.75319	0.01727	0.02598	0.01410	0.02199	0.01918	0.01294	0.01938	0.01135	0.01350	0.00820	0.00611	0.00593	0.00201	0.00895	0.00461	0.00276	0.00909
1	0.00730	0.00600	0.00643	0.00632	0.00818	0.00513	0.00474	0.00910	0.01422	0.01774	0.21756	0.05401	0.59413	0.01432	0.00699	0.00197	0.00295	0.01207	0.00572	0.00513
2	0.02072	0.19590	0.01987	0.01412	0.01760	0.60563	0.01114	0.02232	0.01572	0.01435	0.00894	0.01041	0.00761	0.00587	0.00500	0.00147	0.00972	0.00367	0.00293	0.00702
3	0.01186	0.03059	0.76153	0.01686	0.02560	0.01373	0.02185	0.01873	0.01249	0.01873	0.01061	0.01249	0.00749	0.00562	0.00562	0.00187	0.00874	0.00437	0.00250	0.00874
4	0.01102	0.00551	0.00551	0.00551	0.00689	0.00551	0.00413	0.01378	0.01240	0.02205	0.01929	0.02205	0.01516	0.00689	0.00413	0.00138	0.00276	0.00551	0.82500	0.00551
5	0.01495	0.01232	0.01616	0.01334	0.01697	0.01328	0.11886	0.07085	0.43726	0.07236	0.12543	0.02367	0.02133	0.00804	0.00629	0.00196	0.00535	0.00717	0.00571	0.00870
6	0.00816	0.00604	0.00761	0.00722	0.00871	0.00549	0.00541	0.01075	0.01624	0.02254	0.64708	0.04611	0.16161	0.01253	0.00698	0.00188	0.00282	0.01097	0.00636	0.00549
7	0.02098	0.07613	0.01783	0.06567	0.01958	0.61253	0.01166	0.07673	0.01696	0.01621	0.00956	0.01120	0.00782	0.00609	0.00532	0.00156	0.00988	0.00398	0.00320	0.00713
8	0.01195	0.01022	0.01229	0.05268	0.01521	0.00803	0.00745	0.01466	0.01253	0.01932	0.05883	0.01454	0.01177	0.00497	0.00464	0.00100	0.00448	0.00407	0.00365	0.72770
9	0.01487	0.55099	0.02551	0.06877	0.01668	0.08356	0.01030	0.01693	0.01202	0.01402	0.00963	0.01215	0.00871	0.01118	0.12020	0.00259	0.00826	0.00386	0.00268	0.00710
10	0.00699	0.00599	0.00599	0.00599	0.00799	0.00499	0.00449	0.00849	0.01348	0.01598	0.05991	0.05691	0.75288	0.01498	0.00699	0.00200	0.00300	0.01248	0.00549	0.00499
11	0.01102	0.00551	0.00551	0.00551	0.00689	0.00551	0.00413	0.01378	0.01240	0.02205	0.01929	0.02205	0.01516	0.00689	0.00413	0.00138	0.00276	0.00551	0.82500	0.00551
12	0.83394	0.01144	0.00869	0.00778	0.01144	0.01327	0.00640	0.01738	0.01006	0.02653	0.00823	0.00961	0.00640	0.00549	0.00366	0.00183	0.00457	0.00320	0.00366	0.00640
13	0.02181	0.01239	0.06534	0.05825	0.07464	0.01088	0.06378	0.02470	0.01524	0.49957	0.01878	0.01809	0.01243	0.00704	0.00706	0.00191	0.06733	0.00577	0.00571	0.00929
14	0.83394	0.01144	0.00869	0.00778	0.01144	0.01327	0.00640	0.01738	0.01006	0.02653	0.00823	0.00961	0.00640	0.00549	0.00366	0.00183	0.00457	0.00320	0.00366	0.00640
15	0.01153	0.01151	0.01396	0.01235	0.01320	0.06252	0.01004	0.01294	0.01089	0.01473	0.02367	0.02633	0.22756	0.01338	0.05771	0.00274	0.45815	0.00730	0.00351	0.00599
16	0.01102	0.00551	0.00551	0.00551	0.00689	0.00551	0.00413	0.01378	0.01240	0.02205	0.01929	0.02205	0.01516	0.00689	0.00413	0.00138	0.00276	0.00551	0.82500	0.00551
17	0.00754	0.00610	0.00719	0.00715	0.00882	0.00575	0.00544	0.00933	0.01259	0.01597	0.10601	0.04591	0.47606	0.02338	0.23129	0.00420	0.00676	0.01052	0.00489	0.00513
18	0.02209	0.02819	0.01676	0.01524	0.01828	0.76843	0.01143	0.02361	0.01676	0.01447	0.00914	0.01066	0.00762	0.00609	0.00533	0.00152	0.01066	0.00381	0.00305	0.00686
19	0.00884	0.00680	0.00828	0.00906	0.01006	0.00697	0.00634	0.01330	0.17155	0.01720	0.03073	0.62087	0.03451	0.01623	0.00721	0.00232	0.00370	0.01460	0.00560	0.00580
20	0.01509	0.01007	0.01225	0.00904	0.01386	0.00789	0.00727	0.01765	0.01362	0.18133	0.06964	0.01641	0.01362	0.00561	0.00492	0.00116	0.00440	0.00458	0.00457	0.58704
21	0.00940	0.01327	0.22981	0.01021	0.01377	0.00798	0.01037	0.01339	0.01549	0.02225	0.53381	0.03484	0.04158	0.01018	0.00658	0.00186	0.00454	0.00883	0.00533	0.00651
22	0.30321	0.01172	0.01455	0.39470	0.02713	0.01394	0.01213	0.12094	0.01353	0.02237	0.01025	0.01336	0.00768	0.00594	0.00512	0.00189	0.00652	0.00454	0.00347	0.00702
23	0.00845	0.00634	0.00950	0.00950	0.01056	0.00739	0.00739	0.01056	0.00950	0.01373	0.01584	0.02323	0.01478	0.04435	0.76873	0.00950	0.01584	0.00634	0.00317	0.00528
24	0.01410	0.01217	0.01279	0.01156	0.01479	0.01394	0.00898	0.02961	0.68679	0.02405	0.02690	0.02482	0.07615	0.00857	0.00609	0.00201	0.00455	0.00714	0.00598	0.00902
25	0.01102	0.00551	0.00551	0.00551	0.00689	0.00551	0.00413	0.01378	0.01240	0.02205	0.01929	0.02205	0.01516	0.00689	0.00413	0.00138	0.00276	0.00551	0.82500	0.00551
26	0.00852	0.00749	0.00885	0.00835	0.00959	0.00804	0.00639	0.00979	0.01185	0.01507	0.04215	0.09274	0.46394	0.09145	0.01215	0.00253	0.18055	0.01071	0.00464	0.00518
27	0.01102	0.00551	0.00551	0.00551	0.00689	0.00551	0.00413	0.01378	0.01240	0.02205	0.01929	0.02205	0.01516	0.00689	0.00413	0.00138	0.00276	0.00551	0.82500	0.00551
28	0.01101	0.23936	0.01584	0.00965	0.01187	0.03358	0.00806	0.01291	0.01039	0.01366	0.01359	0.01984	0.01290	0.08042	0.47373	0.00661	0.01223	0.00548	0.00300	0.00589
29	0.01355	0.15663	0.54742	0.01505	0.02258	0.01513	0.01831	0.01996	0.06036	0.06069	0.01182	0.01304	0.00860	0.00578	0.00536	0.00178	0.00786	0.00441	0.00301	0.00866
30	0.83394	0.01144	0.00869	0.00778	0.01144	0.01327	0.00640	0.01738	0.01006	0.02653	0.00823	0.00961	0.00640	0.00549	0.00366	0.00183	0.00457	0.00320	0.00366	0.00640
31	0.00879	0.00684	0.01016	0.00996	0.01094	0.00821	0.00781	0.01084	0.00947	0.01377	0.01523	0.02245	0.01425	0.04177	0.71183	0.00898	0.07398	0.00625	0.00312	0.00537
32	0.01347	0.01421	0.06505	0.20805	0.43343	0.01420	0.06959	0.01721	0.01271	0.01786	0.01075	0.01474	0.00875	0.00582	0.00701	0.00190	0.06876	0.00533	0.00281	0.00834
33	0.00843	0.00598	0.00705	0.00748	0.00790	0.00596	0.00472	0.00998	0.05890	0.01388	0.02564	0.32256	0.05190	0.42092	0.01918	0.00410	0.00470	0.01171	0.00453	0.00448
34	0.01987	0.24882	0.02096	0.01276	0.01703	0.22546	0.01073	0.30320	0.01962	0.02339	0.01264	0.01333	0.03457	0.00650	0.00517	0.00156	0.00747	0.00452	0.00412	0.00827
35	0.01390	0.13124	0.51405	0.01527	0.02251	0.05860	0.01802	0.06766	0.06929	0.01953	0.01147	0.01282	0.00848	0.00585	0.00541	0.00177	0.00807	0.00441	0.00303	0.00861
36	0.01471	0.01562	0.07740	0.02068	0.02608	0.01411	0.48728	0.02117	0.12255	0.07814	0.01508	0.03880	0.01150	0.00615	0.00691	0.00200	0.02279	0.00693	0.00381	0.00828
37	0.06836	0.01489	0.03056	0.08137	0.07709	0.01444	0.56922	0.01828	0.01345	0.01910	0.01197	0.03128	0.00936	0.00539	0.00662	0.00197	0.00913	0.00669	0.00306	0.00779
38	0.01286	0.01156	0.01565	0.41122	0.02859	0.01389	0.01304	0.02292	0.36269	0.01972	0.01700	0.01878	0.01275	0.00692	0.00596	0.00199	0.00635	0.00594	0.00425	0.00791
39	0.01446	0.01345	0.02051	0.07159	0.49653	0.01419	0.01546	0.02188	0.22866	0.02067	0.01490	0.01689	0.01184	0.00612	0.00591	0.00184	0.00638	0.00569	0.00382	0.00921
40	0.01102	0.00551	0.00551	0.00551	0.00689	0.00551	0.00413	0.01378	0.01240	0.02205	0.01929	0.02205	0.01516	0.00689	0.00413	0.00138	0.00276	0.00551	0.82500	0.00551
41	0.00926	0.00685	0.00846	0.00779	0.00949	0.00653	0.00591	0.05629	0.03410	0.02383	0.62243	0.04303	0.11953	0.01196	0.00689	0.00187	0.00308	0.01044	0.00636	0.00589
42	0.01650	0.78698	0.03126	0.01061	0.01568	0.02365	0.01040	0.01818	0.01247	0.01462	0.00899	0.01054	0.00830	0.00556	0.00413	0.00141	0.00656	0.00342	0.00279	0.00796
43	0.00805	0.00656	0.00694	0.00681	0.00874	0.00557	0.00506	0.00959	0.01456	0.01818	0.19620	0.05490	0.60771	0.01479	0.00728	0.00210	0.00323	0.01228	0.00592	0.00551
44	0.01755	0.65849	0.02888	0.01147	0.01620	0.14837	0.01062	0.01916	0.01327	0.01472	0.00914	0.01074	0.00831	0.00573	0.00439	0.00145	0.00729	0.00353	0.00288	0.00783
45	0.01260	0.03086	0.75319	0.01727	0.02598	0.01410	0.02199	0.01918	0.01294	0.01938	0.01135	0.01350	0.00820	0.00611	0.00593	0.00201	0.00895	0.00461	0.00276	0.00909
46	0.01177	0.00608	0.00609	0.00606	0.00749	0.00597	0.00449	0.01429	0.01285	0.02266	0.01992	0.02295	0.01578	0.00737	0.00446	0.00152	0.00303	0.00574	0.81556	0.00590
47	0.01738	0.01333	0.07231	0.01197	0.01571	0.03409	0.00996	0.02661	0.36367	0.21050	0.07887	0.07879	0.02103	0.00913	0.00644	0.00209	0.00529	0.00749	0.00620	0.00914
48	0.07498	0.02078	0.18175	0.02100	0.02699	0.11761	0.42625	0.01987	0.01418	0.01949	0.01175	0.01503	0.00899	0.00580	0.00653	0.00203	0.00961	0.00594	0.00320	0.00823
49	0.01620	0.09229	0.01529	0.11555	0.01780	0.11979	0.00980	0.07134	0.07667	0.12089	0.23011	0.02577	0.04543	0.00884	0.00628	0.00191	0.00598	0.00706	0.00529	0.00772
50	0.01329	0.01280	0.02134	0.04725	0.02168	0.01171	0.28527	0.01748	0.06642	0.01947	0.01488	0.09194	0.01314	0.00701	0.00662	0.00177	0.02887	0.00674	0.00387	0.30845

[dist]
# distance from previous block
# <min> <max>
0	1

[block]
# block no. 12 follows, 39 sequences, length 16
# corresponding to MSA columns:
# 1035-1050
name=unknown_M
#
# <colnr> <probs for GDERKNQSTAVLIFYWHMCP>
#	G	D	E	R	K	N	Q	S	T	A	V	L	I	F	Y	W	H	M	C	P
0	0.00778	0.00570	0.00744	0.00813	0.00901	0.00517	0.00561	0.00925	0.01239	0.01698	0.16333	0.59591	0.04001	0.01633	0.00722	0.00219	0.00338	0.01473	0.00554	0.06391
1	0.01102	0.00551	0.00551	0.00551	0.00689	0.00551	0.00413	0.01378	0.01240	0.02205	0.01929	0.02205	0.01516	0.00689	0.00413	0.00138	0.00276	0.00551	0.82500	0.00551
2	0.02020	0.01444	0.01588	0.01213	0.01671	0.01509	0.00989	0.51538	0.02320	0.08495	0.01440	0.01550	0.01072	0.04602	0.00685	0.00181	0.00597	0.00520	0.00546	0.16020
3	0.05740	0.01668	0.02462	0.06182	0.04123	0.12367	0.33642	0.15041	0.01621	0.02144	0.01223	0.04365	0.00987	0.00643	0.00700	0.00192	0.05135	0.00617	0.00362	0.00787
4	0.83394	0.01144	0.00869	0.00778	0.01144	0.01327	0.00640	0.01738	0.01006	0.02653	0.00823	0.00961	0.00640	0.00549	0.00366	0.00183	0.00457	0.00320	0.00366	0.00640
5	0.01046	0.00977	0.01559	0.60886	0.03381	0.01182	0.01411	0.01386	0.01203	0.01524	0.01950	0.02323	0.14487	0.00774	0.00659	0.00200	0.03452	0.00658	0.00315	0.00628
6	0.01102	0.00551	0.00551	0.00551	0.00689	0.00551	0.00413	0.01378	0.01240	0.02205	0.01929	0.02205	0.01516	0.00689	0.00413	0.00138	0.00276	0.00551	0.82500	0.00551
7	0.01153	0.02339	0.50555	0.04464	0.05964	0.01235	0.06966	0.01672	0.01190	0.01730	0.01221	0.01779	0.01028	0.15020	0.01024	0.00259	0.00816	0.00541	0.00276	0.00769
8	0.02209	0.02819	0.01676	0.01524	0.01828	0.76843	0.01143	0.02361	0.01676	0.01447	0.00914	0.01066	0.00762	0.00609	0.00533	0.00152	0.01066	0.00381	0.00305	0.00686
9	0.01419	0.01599	0.15095	0.01292	0.01726	0.01453	0.01166	0.02909	0.60997	0.02363	0.02160	0.02030	0.01611	0.00758	0.00594	0.00198	0.00543	0.00626	0.00537	0.00925
10	0.01095	0.02104	0.44609	0.01478	0.06032	0.01089	0.01585	0.01580	0.01261	0.01851	0.06777	0.15751	0.01701	0.00830	0.00595	0.00185	0.00677	0.00707	0.00347	0.09747
11	0.83394	0.01144	0.00869	0.00778	0.01144	0.01327	0.00640	0.01738	0.01006	0.02653	0.00823	0.00961	0.00640	0.00549	0.00366	0.00183	0.00457	0.00320	0.00366	0.00640
12	0.08061	0.01586	0.01709	0.05542	0.01908	0.01768	0.01118	0.64375	0.02564	0.03527	0.01356	0.01395	0.00967	0.00692	0.00575	0.00179	0.00644	0.00517	0.00557	0.00960
13	0.00857	0.00584	0.00701	0.00701	0.00721	0.00604	0.00428	0.00896	0.00877	0.01188	0.01812	0.03586	0.02027	0.65466	0.16592	0.00643	0.00759	0.00818	0.00351	0.00390
14	0.00900	0.00709	0.00886	0.00946	0.01033	0.00758	0.00673	0.01293	0.14600	0.01681	0.02925	0.59189	0.03300	0.01601	0.00812	0.00234	0.05936	0.01412	0.00538	0.00576
15	0.01102	0.00551	0.00551	0.00551	0.00689	0.00551	0.00413	0.01378	0.01240	0.02205	0.01929	0.02205	0.01516	0.00689	0.00413	0.00138	0.00276	0.00551	0.82500	0.00551

[dist]
# distance from previous block
# <min> <max>
0	83

[block]
# block no. 13 follows, 39 sequences, length 9
# corresponding to MSA columns:
# 1137-1145
name=unknown_N
#
# <colnr> <probs for GDERKNQSTAVLIFYWHMCP>
#	G	D	E	R	K	N	Q	S	T	A	V	L	I	F	Y	W	H	M	C	P
0	0.10937	0.00882	0.00969	0.00850	0.01077	0.00909	0.00652	0.16118	0.01703	0.02476	0.36266	0.03454	0.10624	0.09497	0.00887	0.00227	0.00411	0.00864	0.00563	0.00633
1	0.01385	0.01178	0.01474	0.01363	0.13002	0.01009	0.00925	0.10112	0.01430	0.02142	0.01105	0.01286	0.00901	0.00484	0.00479	0.00112	0.00504	0.00400	0.00370	0.60340
2	0.01102	0.00551	0.00551	0.00551	0.00689	0.00551	0.00413	0.01378	0.01240	0.02205	0.01929	0.02205	0.01516	0.00689	0.00413	0.00138	0.00276	0.00551	0.82500	0.00551
3	0.01349	0.01231	0.01677	0.08353	0.01970	0.01243	0.12213	0.02271	0.32979	0.02121	0.01661	0.01741	0.01274	0.00619	0.00564	0.00164	0.00570	0.00559	0.00443	0.27000
