[name]
unknown

[dist]
# distance from previous block
# <min> <max>
0	121

[block]
# block no. 0 follows, 38 sequences, length 55
# corresponding to MSA columns:
# 121-175
name=unknown_A
#
# <colnr> <probs for GDERKNQSTAVLIFYWHMCP>
#	G	D	E	R	K	N	Q	S	T	A	V	L	I	F	Y	W	H	M	C	P
0	0.00776	0.00555	0.00748	0.00887	0.00941	0.00526	0.00634	0.00913	0.01195	0.01584	0.03292	0.65287	0.03884	0.01844	0.00779	0.00250	0.00387	0.14460	0.00558	0.00501
1	0.00737	0.00549	0.00677	0.00773	0.00848	0.00500	0.00525	0.00851	0.01200	0.01554	0.05272	0.56010	0.20639	0.05804	0.00873	0.00251	0.00350	0.01551	0.00550	0.00488
2	0.02142	0.01597	0.01715	0.01340	0.01791	0.01770	0.01098	0.62802	0.09952	0.03600	0.04861	0.01663	0.01315	0.00755	0.00608	0.00183	0.00626	0.00580	0.00606	0.00995
3	0.01136	0.01069	0.01804	0.77412	0.04143	0.01337	0.01671	0.01537	0.01203	0.01537	0.01069	0.01604	0.00802	0.00601	0.00601	0.00200	0.00802	0.00535	0.00267	0.00668
4	0.01791	0.50715	0.02644	0.01194	0.01644	0.11835	0.01085	0.14379	0.01547	0.01842	0.00952	0.01087	0.00818	0.00599	0.00546	0.00150	0.05664	0.00382	0.00325	0.00799
5	0.83108	0.01163	0.00884	0.00791	0.01163	0.01350	0.00651	0.01768	0.01024	0.02699	0.00838	0.00977	0.00651	0.00558	0.00372	0.00186	0.00465	0.00326	0.00372	0.00651
6	0.48345	0.01377	0.07547	0.07243	0.10599	0.01356	0.05674	0.01885	0.03634	0.05854	0.01063	0.01247	0.00805	0.00574	0.00474	0.00188	0.00594	0.00427	0.00367	0.00747
7	0.01172	0.01059	0.01775	0.59977	0.09155	0.01261	0.04244	0.01560	0.01231	0.01667	0.01183	0.01670	0.00904	0.00604	0.00584	0.00192	0.00743	0.00544	0.09793	0.00683
8	0.00744	0.00561	0.00689	0.00762	0.00860	0.00506	0.00532	0.00889	0.01294	0.01690	0.14600	0.47319	0.23998	0.01688	0.00743	0.00225	0.00327	0.01496	0.00574	0.00506
9	0.00733	0.00524	0.00698	0.00838	0.00873	0.00489	0.00558	0.00838	0.01152	0.01536	0.03316	0.78466	0.03979	0.01885	0.00768	0.00244	0.00349	0.01710	0.00558	0.00489
10	0.06365	0.02240	0.39648	0.07974	0.07308	0.01433	0.04448	0.06664	0.12784	0.03449	0.01334	0.01486	0.00975	0.00620	0.00578	0.00192	0.00763	0.00507	0.00354	0.00879
11	0.02571	0.01122	0.01444	0.01119	0.01578	0.01043	0.00920	0.11510	0.06508	0.62074	0.02265	0.01987	0.01455	0.00746	0.00605	0.00187	0.00528	0.00602	0.00719	0.01019
12	0.00733	0.00524	0.00698	0.00838	0.00873	0.00489	0.00558	0.00838	0.01152	0.01536	0.03316	0.78466	0.03979	0.01885	0.00768	0.00244	0.00349	0.01710	0.00558	0.00489
13	0.01351	0.01402	0.01680	0.09779	0.01811	0.11686	0.01242	0.01512	0.01086	0.01472	0.01147	0.10729	0.01178	0.01047	0.01484	0.00239	0.49553	0.00653	0.00306	0.00644
14	0.00739	0.00531	0.00701	0.00827	0.00872	0.00493	0.00556	0.00854	0.01186	0.01584	0.07120	0.72646	0.05979	0.01841	0.00763	0.00240	0.00344	0.01666	0.00564	0.00493
15	0.01351	0.28946	0.48572	0.01510	0.02262	0.01736	0.04247	0.01871	0.01259	0.01739	0.01002	0.01178	0.00771	0.00550	0.00513	0.00170	0.00810	0.00412	0.00257	0.00847
16	0.01396	0.01347	0.01840	0.01563	0.01603	0.01844	0.01302	0.07374	0.01079	0.01642	0.00844	0.01327	0.00809	0.01026	0.01861	0.00256	0.71380	0.00528	0.00291	0.00688
17	0.01247	0.01069	0.01247	0.00891	0.01426	0.00802	0.00713	0.01515	0.01247	0.01960	0.01069	0.01247	0.00891	0.00446	0.00446	0.00089	0.00446	0.00356	0.00356	0.82536
18	0.00895	0.00668	0.00782	0.00789	0.00958	0.00623	0.00591	0.01203	0.07415	0.04371	0.19353	0.21003	0.31697	0.01464	0.00719	0.00213	0.00347	0.05745	0.00591	0.00574
19	0.02699	0.01024	0.01396	0.01070	0.01536	0.00884	0.00884	0.02932	0.01722	0.75522	0.02373	0.02048	0.01489	0.00745	0.00605	0.00186	0.00512	0.00605	0.00745	0.01024
20	0.01136	0.01069	0.01804	0.77412	0.04143	0.01337	0.01671	0.01537	0.01203	0.01537	0.01069	0.01604	0.00802	0.00601	0.00601	0.00200	0.00802	0.00535	0.00267	0.00668
21	0.00917	0.00669	0.00898	0.01004	0.01148	0.00651	0.00855	0.01171	0.01398	0.01812	0.08849	0.08919	0.13552	0.01619	0.00803	0.00259	0.00493	0.53875	0.00563	0.00546
22	0.00830	0.00630	0.00775	0.00784	0.00945	0.00575	0.00618	0.01069	0.01523	0.02017	0.36369	0.05422	0.28286	0.01421	0.00736	0.00213	0.00349	0.16289	0.00604	0.00545
23	0.00829	0.00606	0.00778	0.00752	0.00889	0.00555	0.00558	0.01086	0.01625	0.02267	0.62581	0.11354	0.11244	0.01314	0.00715	0.00195	0.00291	0.01160	0.00644	0.00555
24	0.01883	0.16579	0.14011	0.04102	0.01819	0.01448	0.01206	0.02420	0.13172	0.28772	0.01704	0.01669	0.01207	0.00701	0.00663	0.00185	0.06537	0.00527	0.00493	0.00900
25	0.01202	0.00650	0.00670	0.00638	0.00803	0.00667	0.00487	0.06897	0.01372	0.02333	0.01911	0.02186	0.01501	0.00832	0.03023	0.00171	0.00355	0.00562	0.73145	0.00595
26	0.00984	0.00639	0.00841	0.00788	0.00945	0.00585	0.00591	0.01249	0.01659	0.07955	0.63315	0.10424	0.05214	0.01247	0.00706	0.00194	0.00307	0.01102	0.00660	0.00596
27	0.01913	0.01344	0.01465	0.01176	0.01536	0.01469	0.00946	0.51638	0.02304	0.03165	0.01562	0.05253	0.01239	0.00924	0.00776	0.09188	0.00578	0.00598	0.12078	0.00849
28	0.02069	0.01601	0.01770	0.01700	0.13262	0.08733	0.01202	0.37939	0.08184	0.10931	0.01622	0.01828	0.01234	0.00742	0.00608	0.00185	0.00673	0.04224	0.00540	0.00951
29	0.01365	0.01397	0.01835	0.01578	0.01594	0.05736	0.01308	0.01498	0.00962	0.01449	0.00797	0.01304	0.00789	0.01030	0.01899	0.00258	0.73756	0.00519	0.00266	0.00660
30	0.01340	0.00838	0.01102	0.01009	0.01218	0.00824	0.04455	0.12600	0.01523	0.12442	0.02606	0.41836	0.02692	0.01318	0.00671	0.00211	0.00447	0.01172	0.11022	0.00674
31	0.01621	0.01630	0.04782	0.20323	0.27893	0.11599	0.01541	0.13075	0.07775	0.02126	0.01248	0.01511	0.00972	0.00617	0.00591	0.00184	0.00764	0.00525	0.00365	0.00859
32	0.01388	0.01362	0.05304	0.03768	0.37075	0.05515	0.01371	0.08631	0.01565	0.02135	0.14345	0.08505	0.04788	0.00832	0.00631	0.00187	0.00620	0.00744	0.00421	0.00815
33	0.01547	0.01234	0.01333	0.01182	0.01519	0.01395	0.00923	0.05627	0.60893	0.07079	0.08390	0.02388	0.02102	0.00842	0.00619	0.00201	0.00469	0.00704	0.00624	0.00927
34	0.83108	0.01163	0.00884	0.00791	0.01163	0.01350	0.00651	0.01768	0.01024	0.02699	0.00838	0.00977	0.00651	0.00558	0.00372	0.00186	0.00465	0.00326	0.00372	0.00651
35	0.01608	0.79220	0.03152	0.01029	0.01544	0.02380	0.01029	0.01801	0.01222	0.01415	0.00836	0.00965	0.00772	0.00515	0.00386	0.00129	0.00643	0.00322	0.00257	0.00772
36	0.83108	0.01163	0.00884	0.00791	0.01163	0.01350	0.00651	0.01768	0.01024	0.02699	0.00838	0.00977	0.00651	0.00558	0.00372	0.00186	0.00465	0.00326	0.00372	0.00651
37	0.02415	0.01113	0.01413	0.01105	0.01540	0.01053	0.00905	0.13820	0.06545	0.53957	0.07794	0.02153	0.01760	0.00783	0.00613	0.00187	0.00516	0.00637	0.00707	0.00984
38	0.01489	0.01429	0.02442	0.03692	0.75106	0.01429	0.01846	0.01846	0.01370	0.01965	0.01132	0.01489	0.00953	0.00536	0.00596	0.00179	0.00715	0.00536	0.00298	0.00953
39	0.01644	0.01365	0.01443	0.01254	0.01620	0.01565	0.00988	0.16222	0.60754	0.02754	0.02261	0.02095	0.01685	0.00799	0.00610	0.00200	0.00511	0.00654	0.00610	0.00965
40	0.00875	0.00583	0.00656	0.00656	0.00656	0.00583	0.00365	0.00875	0.00875	0.01166	0.01895	0.03937	0.02187	0.78858	0.03062	0.00583	0.00583	0.00875	0.00365	0.00365
41	0.00734	0.00610	0.00642	0.00634	0.00827	0.00518	0.00475	0.00909	0.01426	0.01756	0.17519	0.05574	0.63355	0.01475	0.00711	0.00201	0.00301	0.01239	0.00576	0.00518
42	0.00737	0.00585	0.00662	0.00697	0.00842	0.00510	0.00502	0.00893	0.01351	0.01706	0.14604	0.27111	0.44496	0.01590	0.00728	0.00213	0.00315	0.01375	0.00573	0.00510
43	0.00795	0.00554	0.00699	0.00776	0.00802	0.00541	0.00496	0.00867	0.01034	0.01385	0.02664	0.45085	0.03136	0.31661	0.06333	0.00419	0.00517	0.01323	0.00469	0.00444
44	0.00744	0.00532	0.00711	0.00850	0.00890	0.00498	0.00578	0.00857	0.01163	0.01548	0.03309	0.75066	0.03954	0.01874	0.00771	0.00246	0.00359	0.05000	0.00558	0.00492
45	0.01638	0.00893	0.00979	0.00831	0.01100	0.00912	0.00660	0.18176	0.01695	0.14097	0.01907	0.02028	0.01414	0.00713	0.00491	0.00157	0.00405	0.00563	0.50602	0.00740
46	0.08028	0.05367	0.01745	0.02798	0.01631	0.01643	0.01147	0.13019	0.01403	0.16152	0.01208	0.01438	0.00949	0.00867	0.01264	0.00221	0.39394	0.00518	0.00417	0.00791
47	0.00742	0.00531	0.00706	0.00831	0.00875	0.00495	0.00559	0.00860	0.01194	0.01603	0.08805	0.72785	0.04109	0.01834	0.00763	0.00240	0.00344	0.01662	0.00566	0.00495
48	0.00733	0.00524	0.00698	0.00838	0.00873	0.00489	0.00558	0.00838	0.01152	0.01536	0.03316	0.78466	0.03979	0.01885	0.00768	0.00244	0.00349	0.01710	0.00558	0.00489
49	0.01160	0.01115	0.01949	0.71219	0.04061	0.01352	0.07564	0.01569	0.01221	0.01569	0.01081	0.01605	0.00811	0.00594	0.00610	0.00201	0.00819	0.00549	0.00270	0.00680
50	0.52563	0.01456	0.15121	0.00971	0.01422	0.01228	0.00946	0.01761	0.01149	0.07102	0.01513	0.04139	0.07148	0.00700	0.00467	0.00190	0.00531	0.00493	0.00396	0.00703
51	0.00733	0.00552	0.00669	0.00760	0.00845	0.00499	0.00519	0.00847	0.01206	0.01546	0.04096	0.53008	0.25442	0.05255	0.00854	0.00247	0.00346	0.01539	0.00550	0.00489
52	0.01352	0.04468	0.08392	0.06010	0.05984	0.03471	0.17470	0.01645	0.01138	0.01627	0.01039	0.01464	0.02092	0.00817	0.01312	0.00227	0.39920	0.00564	0.00280	0.00730
53	0.02299	0.06214	0.04319	0.01335	0.07671	0.01148	0.01036	0.04097	0.11702	0.50484	0.02117	0.01919	0.01411	0.00716	0.00590	0.00184	0.00549	0.00584	0.00637	0.00987
54	0.01325	0.00816	0.00962	0.00866	0.01116	0.00774	0.00668	0.06183	0.07720	0.16997	0.14636	0.10197	0.26331	0.05279	0.00805	0.00222	0.00408	0.03400	0.00609	0.00686

[dist]
# distance from previous block
# <min> <max>
12	24

[block]
# block no. 1 follows, 38 sequences, length 29
# corresponding to MSA columns:
# 200-228
name=unknown_B
#
# <colnr> <probs for GDERKNQSTAVLIFYWHMCP>
#	G	D	E	R	K	N	Q	S	T	A	V	L	I	F	Y	W	H	M	C	P
0	0.07813	0.01270	0.02107	0.08279	0.02261	0.01284	0.27507	0.06626	0.10387	0.09982	0.05715	0.02394	0.05643	0.00765	0.00652	0.00202	0.00703	0.05158	0.00459	0.00794
1	0.01411	0.00666	0.00939	0.00892	0.01031	0.00622	0.00654	0.01393	0.01149	0.20911	0.02021	0.18692	0.01947	0.01662	0.01452	0.37791	0.00484	0.05280	0.00472	0.00531
2	0.01388	0.01355	0.02391	0.23081	0.48662	0.01415	0.09367	0.01773	0.01331	0.01848	0.01124	0.01534	0.00909	0.00550	0.00609	0.00187	0.00770	0.00554	0.00290	0.00862
3	0.01304	0.01225	0.01571	0.11162	0.01813	0.09195	0.09568	0.06291	0.01243	0.01638	0.01411	0.04916	0.01376	0.22490	0.03933	0.00335	0.15193	0.00679	0.04046	0.00611
4	0.00797	0.00631	0.00713	0.00748	0.00888	0.00586	0.00532	0.01053	0.06904	0.01687	0.08977	0.30490	0.36188	0.05933	0.00855	0.00238	0.00348	0.01343	0.00558	0.00531
5	0.02417	0.01418	0.01629	0.01251	0.01720	0.01476	0.01033	0.45650	0.02387	0.30384	0.01799	0.01684	0.01206	0.00730	0.00599	0.00182	0.00599	0.00565	0.02257	0.01014
6	0.01529	0.16402	0.08559	0.04434	0.02515	0.13523	0.36153	0.01916	0.01384	0.01714	0.01107	0.01428	0.00882	0.00760	0.04878	0.00223	0.00973	0.00556	0.00292	0.00772
7	0.01874	0.01246	0.07304	0.09714	0.15590	0.01099	0.01206	0.06174	0.03472	0.31865	0.01860	0.05971	0.01433	0.07487	0.00821	0.00224	0.00615	0.00652	0.00518	0.00875
8	0.00763	0.00547	0.00726	0.00859	0.00911	0.00515	0.00600	0.00887	0.01181	0.01563	0.03362	0.66425	0.06118	0.03230	0.00815	0.00253	0.00376	0.09821	0.00554	0.00495
9	0.00894	0.00666	0.00909	0.00967	0.01072	0.00646	0.03167	0.05535	0.01318	0.01749	0.04183	0.56528	0.05536	0.01709	0.00763	0.00242	0.00422	0.12595	0.00553	0.00546
10	0.01793	0.01266	0.06118	0.03752	0.02870	0.01217	0.01031	0.04221	0.35002	0.24862	0.06869	0.02368	0.01894	0.00820	0.00620	0.00198	0.00523	0.03039	0.00614	0.00924
11	0.00860	0.00577	0.00661	0.00675	0.00679	0.00573	0.00385	0.00871	0.00904	0.01206	0.02047	0.11872	0.02378	0.70663	0.02818	0.00547	0.00558	0.00964	0.00385	0.00378
12	0.12760	0.01473	0.02628	0.01933	0.02444	0.01471	0.42146	0.09586	0.01527	0.11692	0.01315	0.01554	0.00956	0.00598	0.00710	0.00199	0.05162	0.00616	0.00400	0.00831
13	0.01417	0.01106	0.02565	0.09235	0.01694	0.01188	0.00954	0.06918	0.34881	0.08695	0.06973	0.17450	0.02296	0.01016	0.00646	0.00207	0.00496	0.00876	0.00573	0.00815
14	0.01443	0.02170	0.25735	0.02089	0.06833	0.09475	0.29268	0.02014	0.06005	0.01878	0.01187	0.01465	0.00903	0.00599	0.00724	0.00197	0.06313	0.00567	0.00305	0.00830
15	0.00991	0.01607	0.28613	0.02852	0.01629	0.00948	0.01198	0.01501	0.07456	0.01917	0.13920	0.03529	0.29375	0.01047	0.00648	0.00196	0.00544	0.00871	0.00459	0.00699
16	0.00733	0.00524	0.00698	0.00838	0.00873	0.00489	0.00558	0.00838	0.01152	0.01536	0.03316	0.78466	0.03979	0.01885	0.00768	0.00244	0.00349	0.01710	0.00558	0.00489
17	0.07207	0.63890	0.06663	0.01052	0.01573	0.02143	0.01055	0.01892	0.01250	0.07256	0.00968	0.01065	0.00819	0.00538	0.00412	0.00140	0.00634	0.00350	0.00303	0.00789
18	0.09239	0.14769	0.11765	0.02667	0.06310	0.05237	0.05132	0.02751	0.01230	0.01831	0.01233	0.01565	0.01033	0.01434	0.17231	0.00337	0.00873	0.00484	0.08973	0.05907
19	0.00758	0.00587	0.00670	0.00696	0.00826	0.00521	0.00492	0.00906	0.01325	0.01695	0.17080	0.23056	0.38008	0.09464	0.00965	0.00250	0.00340	0.01304	0.00557	0.00499
20	0.00825	0.00639	0.00768	0.00808	0.00978	0.00582	0.00654	0.01043	0.01433	0.01822	0.16899	0.05913	0.38104	0.01521	0.00752	0.00226	0.00388	0.25533	0.00575	0.00534
21	0.03840	0.30279	0.01837	0.00977	0.01331	0.01464	0.00844	0.01892	0.12356	0.10917	0.10619	0.08214	0.09725	0.00898	0.00582	0.00176	0.02109	0.00713	0.00477	0.00751
22	0.01384	0.01362	0.04472	0.04539	0.06069	0.01395	0.29737	0.01811	0.05563	0.06641	0.07077	0.06734	0.01535	0.00812	0.00967	0.00215	0.17809	0.00731	0.00383	0.00765
23	0.12477	0.01204	0.01726	0.01517	0.06343	0.05965	0.16392	0.04139	0.01273	0.06681	0.01374	0.01772	0.01132	0.01866	0.24980	0.00438	0.04499	0.00576	0.04942	0.00704
24	0.00777	0.00557	0.00737	0.00808	0.00882	0.00518	0.00562	0.00948	0.01356	0.01861	0.29843	0.51011	0.04609	0.01642	0.00746	0.00224	0.00325	0.01479	0.00597	0.00518
25	0.06910	0.01368	0.01422	0.03572	0.01603	0.05631	0.00956	0.35823	0.09846	0.02964	0.16316	0.07019	0.02188	0.00888	0.00617	0.00188	0.00562	0.00718	0.00571	0.00837
26	0.03441	0.01123	0.01634	0.32500	0.12963	0.01124	0.01262	0.01578	0.01241	0.01808	0.01072	0.01420	0.00857	0.00525	0.00528	0.00150	0.00630	0.00454	0.00312	0.35379
27	0.01211	0.01162	0.01641	0.01439	0.01463	0.01592	0.01186	0.01362	0.00932	0.01436	0.00979	0.01557	0.00954	0.01848	0.19105	0.00425	0.60248	0.00554	0.00277	0.00630
28	0.16525	0.00798	0.00853	0.00791	0.00943	0.00841	0.00545	0.01454	0.06653	0.09491	0.01772	0.02943	0.01752	0.44788	0.07093	0.00463	0.00615	0.00713	0.00423	0.00546

[dist]
# distance from previous block
# <min> <max>
0	19

[block]
# block no. 2 follows, 38 sequences, length 39
# corresponding to MSA columns:
# 248-286
name=unknown_C
#
# <colnr> <probs for GDERKNQSTAVLIFYWHMCP>
#	G	D	E	R	K	N	Q	S	T	A	V	L	I	F	Y	W	H	M	C	P
0	0.01142	0.00820	0.01133	0.01047	0.01254	0.00780	0.06103	0.06102	0.05766	0.07914	0.04239	0.48462	0.02989	0.01408	0.00701	0.00215	0.00448	0.01275	0.00546	0.07658
1	0.01488	0.07953	0.11326	0.01081	0.01400	0.15503	0.00976	0.06986	0.01434	0.02037	0.01427	0.01657	0.01132	0.00681	0.00592	0.00161	0.06400	0.00488	0.36588	0.00690
2	0.01562	0.01556	0.01744	0.34465	0.02780	0.16629	0.01364	0.12125	0.01507	0.01875	0.01058	0.01407	0.00834	0.00671	0.00762	0.00188	0.11194	0.00490	0.00331	0.07457
3	0.02866	0.07985	0.01588	0.06954	0.01718	0.03098	0.00990	0.33143	0.06577	0.02684	0.01671	0.11962	0.01458	0.00838	0.00594	0.00179	0.01542	0.00672	0.07221	0.06260
4	0.01674	0.01276	0.01439	0.01313	0.07783	0.01346	0.00960	0.33591	0.10991	0.02837	0.02204	0.02219	0.11137	0.00801	0.00581	0.00174	0.00529	0.00644	0.10918	0.07583
5	0.00823	0.00597	0.00761	0.00826	0.00911	0.00568	0.00586	0.01839	0.02650	0.01765	0.18887	0.42577	0.08312	0.08827	0.00966	0.00263	0.00378	0.07384	0.00564	0.00516
6	0.01355	0.12689	0.33455	0.02045	0.07273	0.01569	0.28288	0.01887	0.01327	0.01850	0.01129	0.01447	0.00867	0.00552	0.00603	0.00187	0.00887	0.01466	0.00280	0.00844
7	0.01288	0.01075	0.01266	0.07515	0.05985	0.06038	0.00952	0.14514	0.06975	0.02033	0.02164	0.27360	0.02217	0.01666	0.10928	0.01452	0.00708	0.04700	0.00478	0.00685
8	0.00758	0.00543	0.00720	0.00821	0.00878	0.00505	0.00560	0.00900	0.01267	0.01719	0.18293	0.62965	0.04334	0.01747	0.00756	0.00233	0.00335	0.01580	0.00580	0.00505
9	0.00730	0.00535	0.00686	0.00807	0.00864	0.00491	0.00545	0.00841	0.01181	0.01548	0.03691	0.68659	0.13544	0.01836	0.00760	0.00239	0.00343	0.01651	0.00558	0.00491
10	0.07011	0.14852	0.26368	0.05904	0.02022	0.01471	0.01396	0.11575	0.01559	0.14264	0.06828	0.01614	0.01283	0.00661	0.00549	0.00178	0.00677	0.00510	0.00422	0.00857
11	0.13272	0.01215	0.01402	0.01115	0.01554	0.01231	0.00912	0.16982	0.12123	0.39616	0.01968	0.01796	0.01322	0.00720	0.00571	0.00186	0.00530	0.00561	0.00640	0.02283
12	0.00865	0.00621	0.00848	0.00848	0.00914	0.00687	0.00604	0.00998	0.00932	0.01308	0.01720	0.02965	0.01765	0.32956	0.48388	0.00820	0.01218	0.00733	0.00338	0.00471
13	0.00853	0.00587	0.00650	0.00650	0.00677	0.00573	0.00377	0.00873	0.00942	0.01228	0.02462	0.04187	0.11994	0.68423	0.02745	0.00532	0.00546	0.00928	0.00391	0.00384
14	0.04138	0.00980	0.01220	0.01032	0.01256	0.01095	0.05537	0.15401	0.01499	0.02361	0.01586	0.01887	0.01264	0.01049	0.06939	0.00238	0.11040	0.00561	0.40234	0.00682
15	0.59942	0.01226	0.01049	0.00925	0.01297	0.01416	0.00750	0.06821	0.17059	0.02732	0.01229	0.01285	0.00935	0.00626	0.00440	0.00190	0.00481	0.00417	0.00440	0.00742
16	0.01189	0.01123	0.01900	0.66383	0.14760	0.01350	0.01697	0.01583	0.01228	0.01601	0.01079	0.01587	0.00825	0.00592	0.00601	0.00197	0.00789	0.00535	0.00272	0.00711
17	0.00916	0.00688	0.00819	0.00799	0.00960	0.00671	0.00593	0.01343	0.11300	0.02163	0.39353	0.15888	0.14720	0.01288	0.00688	0.00199	0.00323	0.01125	0.05565	0.00598
18	0.83108	0.01163	0.00884	0.00791	0.01163	0.01350	0.00651	0.01768	0.01024	0.02699	0.00838	0.00977	0.00651	0.00558	0.00372	0.00186	0.00465	0.00326	0.00372	0.00651
19	0.01328	0.07660	0.01620	0.34536	0.03643	0.01179	0.01210	0.01631	0.01219	0.11508	0.01367	0.01781	0.01082	0.01617	0.20269	0.00384	0.00934	0.00543	0.00351	0.06137
20	0.12906	0.01968	0.01412	0.01282	0.01595	0.38428	0.00977	0.02389	0.16701	0.07431	0.01548	0.08021	0.01309	0.00771	0.00558	0.00179	0.00768	0.00570	0.00436	0.00751
21	0.01686	0.01960	0.01945	0.06492	0.02037	0.33834	0.10893	0.01901	0.01348	0.01525	0.00987	0.01355	0.00854	0.01024	0.06701	0.00257	0.23719	0.00501	0.00294	0.00687
22	0.01561	0.01098	0.01692	0.13637	0.02000	0.01254	0.09965	0.01834	0.01271	0.17770	0.01469	0.01747	0.01111	0.00774	0.00984	0.00204	0.23371	0.00574	0.16946	0.00738
23	0.01607	0.19702	0.12497	0.04960	0.19914	0.07957	0.13492	0.04102	0.01413	0.06224	0.01141	0.01374	0.00899	0.00606	0.01463	0.00182	0.00804	0.00496	0.00320	0.00848
24	0.00812	0.00574	0.00681	0.00720	0.00764	0.00558	0.00455	0.00876	0.01024	0.01345	0.02837	0.24710	0.12446	0.42375	0.06797	0.00463	0.00546	0.01145	0.00442	0.00429
25	0.01044	0.00706	0.00829	0.00817	0.00991	0.00662	0.00618	0.05477	0.01389	0.07794	0.05591	0.14858	0.29923	0.13923	0.01101	0.00279	0.00434	0.12452	0.00547	0.00565
26	0.02018	0.01532	0.01812	0.07361	0.11846	0.01684	0.01232	0.53525	0.02409	0.03276	0.01407	0.01513	0.01030	0.00687	0.00589	0.00179	0.00655	0.00542	0.05746	0.00957
27	0.01431	0.01577	0.02455	0.21359	0.02870	0.12131	0.29159	0.01780	0.01302	0.01662	0.01094	0.02906	0.00898	0.00680	0.00907	0.00208	0.15964	0.00602	0.00292	0.00723
28	0.00750	0.00550	0.00709	0.00830	0.00897	0.00509	0.00580	0.00876	0.01201	0.01570	0.03679	0.62512	0.13500	0.01817	0.00766	0.00242	0.00361	0.07598	0.00558	0.00497
29	0.01317	0.00860	0.01063	0.01041	0.01255	0.00884	0.00827	0.01908	0.19970	0.12966	0.07088	0.14236	0.02857	0.07118	0.00893	0.00258	0.00486	0.23679	0.00590	0.00704
30	0.01178	0.00643	0.00774	0.06972	0.01090	0.00673	0.00601	0.01456	0.01240	0.06451	0.01861	0.02197	0.01472	0.01265	0.11825	0.00272	0.00536	0.00574	0.58329	0.00594
31	0.01604	0.38222	0.27350	0.01350	0.01965	0.10429	0.01457	0.08019	0.01431	0.01791	0.00981	0.01123	0.00791	0.00564	0.00485	0.00157	0.00778	0.00389	0.00292	0.00825
32	0.00828	0.00592	0.00797	0.00837	0.00891	0.00626	0.00580	0.00947	0.00992	0.01367	0.02182	0.24487	0.02413	0.26117	0.32864	0.00646	0.00943	0.01017	0.00402	0.00471
33	0.00823	0.00581	0.00713	0.00745	0.00793	0.00575	0.00484	0.00907	0.01045	0.01400	0.06829	0.22390	0.08720	0.38828	0.12068	0.00497	0.00623	0.01096	0.00440	0.00442
34	0.01366	0.01120	0.01163	0.01033	0.01204	0.07531	0.00759	0.16973	0.06251	0.01908	0.01640	0.02633	0.01598	0.33640	0.13558	0.00474	0.05423	0.00691	0.00415	0.00620
35	0.01443	0.01439	0.02138	0.07393	0.47475	0.07555	0.02867	0.01738	0.01309	0.01793	0.01246	0.07772	0.01155	0.00727	0.00795	0.00195	0.11188	0.00622	0.00314	0.00834
36	0.01314	0.00780	0.00879	0.00801	0.00970	0.00823	0.00602	0.13060	0.06028	0.02173	0.01648	0.01995	0.01335	0.01107	0.01012	0.23581	0.00424	0.00554	0.40341	0.00576
37	0.01200	0.01034	0.01549	0.08208	0.26364	0.01077	0.01240	0.01703	0.11694	0.01986	0.10575	0.09491	0.02467	0.01043	0.00682	0.00214	0.00569	0.17687	0.00465	0.00751
38	0.01526	0.00936	0.01252	0.11286	0.01672	0.00906	0.02384	0.01913	0.09182	0.22098	0.08595	0.08960	0.03197	0.10764	0.00922	0.00233	0.00520	0.00754	0.00527	0.12374

[dist]
# distance from previous block
# <min> <max>
5	6

[block]
# block no. 3 follows, 38 sequences, length 10
# corresponding to MSA columns:
# 293-302
name=unknown_D
#
# <colnr> <probs for GDERKNQSTAVLIFYWHMCP>
#	G	D	E	R	K	N	Q	S	T	A	V	L	I	F	Y	W	H	M	C	P
0	0.05981	0.11267	0.37060	0.01353	0.01933	0.04872	0.01489	0.09979	0.01399	0.01982	0.01332	0.07363	0.01188	0.09304	0.00830	0.00228	0.00744	0.00575	0.00339	0.00781
1	0.01297	0.00993	0.01132	0.00995	0.01257	0.01044	0.00783	0.17803	0.16067	0.02658	0.35601	0.03566	0.08956	0.01076	0.00672	0.00195	0.00421	0.04117	0.00626	0.00741
2	0.00830	0.00595	0.00700	0.00736	0.00813	0.00563	0.00488	0.02589	0.01192	0.01577	0.09393	0.31065	0.16546	0.26530	0.01480	0.00337	0.00417	0.01252	0.02422	0.00473
3	0.01368	0.08716	0.29665	0.07423	0.05690	0.01618	0.04799	0.06933	0.01292	0.01856	0.01015	0.01319	0.00812	0.00700	0.00938	0.00201	0.21392	0.00483	0.00291	0.03488
4	0.00829	0.00602	0.00745	0.00831	0.00884	0.00595	0.00550	0.01047	0.07306	0.01539	0.02932	0.55712	0.03405	0.18579	0.01255	0.00315	0.00411	0.01440	0.00521	0.00501
5	0.00801	0.00599	0.00745	0.00755	0.00890	0.00544	0.00559	0.01018	0.01501	0.02026	0.41145	0.19389	0.21573	0.01448	0.00727	0.00207	0.00314	0.04608	0.00612	0.00537
6	0.02966	0.38411	0.07856	0.09977	0.01855	0.06757	0.01145	0.04829	0.01315	0.01657	0.01413	0.01589	0.07141	0.00680	0.00590	0.00163	0.06295	0.00477	0.04153	0.00732
7	0.01644	0.45737	0.05944	0.07032	0.04258	0.09139	0.01181	0.07164	0.07593	0.01739	0.01064	0.01209	0.00890	0.00589	0.00507	0.00155	0.02629	0.00408	0.00320	0.00799
8	0.01455	0.01237	0.01198	0.01084	0.01265	0.15457	0.00851	0.06336	0.01348	0.05256	0.01482	0.01843	0.01231	0.01652	0.18822	0.00364	0.12902	0.00543	0.25024	0.00648
9	0.00858	0.00576	0.00661	0.00677	0.00681	0.00572	0.00387	0.00871	0.00907	0.01209	0.02060	0.12589	0.02395	0.69922	0.02796	0.00544	0.00556	0.00972	0.00387	0.00379

[dist]
# distance from previous block
# <min> <max>
3	508

# created by:
# /software/SequenceAnalysis/GenePrediction/augustus/3.0.1/scripts/msa2prfl.pl ./fixed/BUSCOvEOG7K3N9D.fas
