[name]
unknown

[dist]
# distance from previous block
# <min> <max>
9	212

[block]
# block no. 0 follows, 41 sequences, length 16
# corresponding to MSA columns:
# 212-227
name=unknown_A
#
# <colnr> <probs for GDERKNQSTAVLIFYWHMCP>
#	G	D	E	R	K	N	Q	S	T	A	V	L	I	F	Y	W	H	M	C	P
0	0.01291	0.22614	0.54541	0.01457	0.02186	0.05191	0.01777	0.01809	0.01216	0.01673	0.00961	0.01125	0.00728	0.00532	0.00497	0.00165	0.00795	0.00390	0.00245	0.00808
1	0.07416	0.01554	0.05664	0.03018	0.59897	0.09056	0.01625	0.01806	0.01306	0.01869	0.01034	0.01332	0.00860	0.00521	0.00545	0.00169	0.00706	0.00477	0.00287	0.00858
2	0.00697	0.00498	0.00664	0.00796	0.00830	0.00465	0.00531	0.00796	0.01095	0.01460	0.03153	0.79525	0.03783	0.01792	0.00730	0.00232	0.00332	0.01626	0.00531	0.00465
3	0.22517	0.00669	0.00772	0.00749	0.00861	0.00726	0.00544	0.01059	0.00855	0.01519	0.01061	0.01609	0.00975	0.01745	0.09231	0.47347	0.00570	0.00463	0.06335	0.00392
4	0.02161	0.01995	0.01683	0.01371	0.01772	0.28296	0.01093	0.49191	0.02316	0.02834	0.01202	0.01254	0.00890	0.00653	0.00552	0.00163	0.00770	0.00464	0.00475	0.00864
5	0.00832	0.00555	0.00624	0.00624	0.00624	0.00555	0.00347	0.00832	0.00832	0.01109	0.01802	0.03743	0.02080	0.79898	0.02911	0.00555	0.00555	0.00832	0.00347	0.00347
6	0.01474	0.01336	0.01317	0.01186	0.01508	0.06906	0.00920	0.02985	0.69993	0.02321	0.02224	0.02055	0.01673	0.00763	0.00577	0.00191	0.00494	0.00627	0.00561	0.00888
7	0.01482	0.01515	0.02355	0.03196	0.61553	0.09072	0.08849	0.01816	0.01339	0.01818	0.01065	0.01389	0.00885	0.00515	0.00572	0.00170	0.00743	0.00512	0.00285	0.00868
8	0.01416	0.01359	0.02322	0.03511	0.76330	0.01359	0.01755	0.01755	0.01302	0.01869	0.01076	0.01416	0.00906	0.00510	0.00566	0.00170	0.00680	0.00510	0.00283	0.00906
9	0.02566	0.00973	0.01327	0.01018	0.01460	0.00841	0.00841	0.02788	0.01637	0.76726	0.02257	0.01947	0.01416	0.00708	0.00575	0.00177	0.00487	0.00575	0.00708	0.00973
10	0.01536	0.01098	0.01249	0.01082	0.01359	0.01169	0.00850	0.39101	0.01978	0.04813	0.06107	0.28712	0.02316	0.01142	0.00644	0.00198	0.00498	0.04835	0.00563	0.00750
11	0.01694	0.01558	0.02145	0.05971	0.02060	0.01896	0.07242	0.01731	0.01231	0.01852	0.01269	0.01911	0.01196	0.01206	0.01808	0.00320	0.62967	0.00658	0.00413	0.00872
12	0.01309	0.01141	0.01034	0.01000	0.01235	0.08562	0.00716	0.01323	0.01607	0.01953	0.05407	0.05369	0.63494	0.01598	0.00843	0.00270	0.00533	0.01215	0.00646	0.00745
13	0.01787	0.01818	0.03524	0.02609	0.03192	0.01663	0.69153	0.02113	0.01618	0.02234	0.01599	0.02144	0.01295	0.00788	0.00858	0.00274	0.01084	0.00806	0.00446	0.00995
14	0.01181	0.00848	0.01007	0.01111	0.01187	0.00752	0.00738	0.01152	0.01382	0.01889	0.03451	0.74512	0.04000	0.02004	0.00909	0.00311	0.00497	0.01688	0.00670	0.00710
15	0.01953	0.74852	0.03173	0.01280	0.01780	0.02421	0.01153	0.02002	0.01444	0.01783	0.01263	0.01564	0.01171	0.00795	0.00572	0.00209	0.00757	0.00463	0.00404	0.00960

[dist]
# distance from previous block
# <min> <max>
0	5

[block]
# block no. 1 follows, 41 sequences, length 22
# corresponding to MSA columns:
# 233-254
name=unknown_B
#
# <colnr> <probs for GDERKNQSTAVLIFYWHMCP>
#	G	D	E	R	K	N	Q	S	T	A	V	L	I	F	Y	W	H	M	C	P
0	0.02110	0.01546	0.01670	0.01392	0.01766	0.01620	0.01080	0.55023	0.02459	0.03325	0.02051	0.18805	0.01870	0.01126	0.00736	0.00241	0.00662	0.00854	0.00656	0.01005
1	0.00963	0.00924	0.01769	0.01454	0.01710	0.00865	0.30580	0.01219	0.01199	0.01612	0.02339	0.47739	0.02595	0.01258	0.00708	0.00216	0.00590	0.01238	0.00432	0.00590
2	0.01162	0.00991	0.01160	0.00845	0.01330	0.00748	0.00671	0.01409	0.01182	0.01844	0.01121	0.05030	0.00991	0.00491	0.00439	0.00092	0.00419	0.00402	0.00348	0.79325
3	0.01257	0.02307	0.46522	0.02397	0.32579	0.01341	0.01967	0.01789	0.01246	0.01835	0.01047	0.01292	0.00799	0.00530	0.00553	0.00177	0.00778	0.00458	0.00258	0.00870
4	0.00755	0.00583	0.00689	0.00662	0.00821	0.00517	0.00497	0.00974	0.01491	0.01989	0.47401	0.04775	0.34215	0.01283	0.00675	0.00185	0.00278	0.01105	0.00590	0.00517
5	0.01120	0.00962	0.01074	0.00849	0.01254	0.00827	0.00668	0.01609	0.15285	0.01895	0.02306	0.02306	0.17400	0.00714	0.00509	0.00129	0.00400	0.00586	0.00427	0.49680
6	0.35061	0.00949	0.00957	0.00873	0.01145	0.01014	0.00678	0.10725	0.01319	0.12187	0.01848	0.27302	0.01824	0.00994	0.00536	0.00195	0.00435	0.00809	0.00488	0.00660
7	0.01044	0.00749	0.00885	0.00877	0.00996	0.00767	0.00617	0.16832	0.01392	0.01860	0.02509	0.48120	0.02848	0.16383	0.01110	0.00280	0.00439	0.01233	0.00505	0.00553
8	0.01366	0.00999	0.01153	0.00963	0.01229	0.01043	0.00763	0.30974	0.02055	0.02828	0.45599	0.03091	0.03594	0.00973	0.00633	0.00177	0.00416	0.00823	0.00606	0.00716
9	0.01476	0.43034	0.06950	0.01007	0.01407	0.01739	0.00934	0.15335	0.01383	0.01753	0.01139	0.01638	0.01072	0.17818	0.00971	0.00230	0.00618	0.00468	0.00329	0.00702
10	0.00810	0.00585	0.00765	0.00720	0.00855	0.00540	0.00540	0.01079	0.01619	0.02294	0.76028	0.04273	0.05397	0.01169	0.00675	0.00180	0.00270	0.01034	0.00630	0.00540
11	0.01683	0.01710	0.01374	0.01116	0.01532	0.32088	0.00865	0.01891	0.01399	0.07588	0.01061	0.01183	0.00847	0.00514	0.00473	0.00118	0.00676	0.00370	0.00350	0.43162
12	0.00937	0.00535	0.00606	0.00626	0.00738	0.00519	0.00455	0.01168	0.01256	0.02017	0.16229	0.19388	0.02717	0.01007	0.00524	0.00164	0.00281	0.00866	0.49448	0.00519
13	0.00712	0.00509	0.00677	0.00786	0.00833	0.00475	0.00532	0.00834	0.01165	0.01571	0.12840	0.69521	0.03998	0.01709	0.00723	0.00225	0.00324	0.01547	0.00544	0.00475
14	0.01838	0.01578	0.02393	0.01762	0.02269	0.01640	0.30909	0.44835	0.02143	0.02882	0.01285	0.01442	0.00930	0.00603	0.00614	0.00180	0.00766	0.00580	0.00457	0.00891
15	0.01796	0.00813	0.01023	0.00839	0.01180	0.00695	0.00675	0.01986	0.01501	0.46082	0.03699	0.03397	0.31856	0.01010	0.00616	0.00184	0.00406	0.00833	0.00636	0.00773
16	0.01075	0.01150	0.02236	0.01664	0.02086	0.01054	0.44164	0.01420	0.01331	0.01715	0.03047	0.03158	0.31532	0.00876	0.00675	0.00193	0.00689	0.00892	0.00388	0.00654
17	0.00703	0.00500	0.00662	0.00789	0.00821	0.00468	0.00523	0.00798	0.01084	0.01445	0.03095	0.76280	0.03710	0.05136	0.00823	0.00246	0.00341	0.01592	0.00523	0.00460
18	0.01346	0.47950	0.02475	0.32586	0.02475	0.01859	0.01227	0.01610	0.01155	0.01393	0.00885	0.01165	0.00746	0.00523	0.00451	0.00150	0.00673	0.00388	0.00249	0.00694
19	0.01377	0.47912	0.02222	0.01030	0.01410	0.01754	0.00952	0.01850	0.15274	0.01624	0.01572	0.02353	0.01483	0.00781	0.00500	0.00167	0.00563	0.16083	0.00370	0.00721
20	0.01596	0.01128	0.01256	0.01040	0.01344	0.01239	0.00840	0.40610	0.01944	0.02730	0.01661	0.01863	0.03716	0.01493	0.17316	0.00327	0.00738	0.00563	0.17833	0.00763
21	0.00805	0.00601	0.00754	0.00817	0.00948	0.00564	0.00651	0.00999	0.01294	0.01666	0.12611	0.13985	0.24988	0.06508	0.00871	0.00248	0.00406	0.30261	0.00529	0.00497

[dist]
# distance from previous block
# <min> <max>
0	312

# created by:
# /software/SequenceAnalysis/GenePrediction/augustus/3.0.1/scripts/msa2prfl.pl ./fixed/BUSCOvEOG718D2C.fas
