[name]
unknown

[dist]
# distance from previous block
# <min> <max>
41	116

[block]
# block no. 0 follows, 41 sequences, length 17
# corresponding to MSA columns:
# 117-133
name=unknown_A
#
# <colnr> <probs for GDERKNQSTAVLIFYWHMCP>
#	G	D	E	R	K	N	Q	S	T	A	V	L	I	F	Y	W	H	M	C	P
0	0.01423	0.01360	0.02189	0.06254	0.65405	0.03356	0.01657	0.03984	0.02785	0.01891	0.01166	0.03820	0.01003	0.00564	0.00571	0.00173	0.00675	0.00543	0.00305	0.00877
1	0.04070	0.00996	0.01202	0.00982	0.01324	0.02775	0.00788	0.06809	0.07979	0.36583	0.16396	0.04009	0.04434	0.00831	0.00624	0.00176	0.02855	0.00679	0.00608	0.05880
2	0.01450	0.01724	0.04401	0.04172	0.02636	0.16097	0.52080	0.01845	0.01378	0.01715	0.01220	0.06223	0.01016	0.00587	0.00642	0.00186	0.00930	0.00664	0.00303	0.00730
3	0.01964	0.01429	0.01532	0.01546	0.01717	0.01224	0.01023	0.01727	0.01842	0.02540	0.04255	0.42105	0.18093	0.12723	0.01474	0.00471	0.00781	0.01600	0.00866	0.01088
4	0.01073	0.00781	0.00949	0.00835	0.01032	0.00778	0.00646	0.15254	0.01826	0.02547	0.61601	0.03712	0.04542	0.01076	0.00655	0.00178	0.00339	0.00934	0.00619	0.00623
5	0.16897	0.01258	0.01659	0.33928	0.02643	0.01449	0.05876	0.25387	0.01631	0.02392	0.01101	0.01365	0.00811	0.00596	0.00538	0.00182	0.00672	0.00484	0.00379	0.00751
6	0.01046	0.00774	0.00917	0.00812	0.01015	0.00762	0.00628	0.14714	0.01776	0.02438	0.52720	0.03897	0.14030	0.01117	0.00656	0.00180	0.00340	0.00961	0.00606	0.00613
7	0.18953	0.02208	0.02241	0.01925	0.02395	0.02179	0.01429	0.47564	0.02803	0.04115	0.02366	0.02875	0.01990	0.01411	0.01022	0.00387	0.00965	0.00844	0.00882	0.01445
8	0.02499	0.02070	0.02838	0.11759	0.55523	0.01927	0.02045	0.02466	0.01989	0.02860	0.02230	0.03007	0.01989	0.01304	0.01060	0.00387	0.01051	0.00879	0.00686	0.01431
9	0.01897	0.02110	0.01480	0.01303	0.01599	0.48585	0.00996	0.16001	0.01827	0.01993	0.14983	0.01702	0.01651	0.00716	0.00556	0.00158	0.00812	0.00521	0.00411	0.00700
10	0.00879	0.00715	0.01033	0.01009	0.01078	0.00869	0.00784	0.01048	0.00944	0.01362	0.01683	0.16457	0.01737	0.03189	0.48659	0.00662	0.16251	0.00780	0.00337	0.00524
11	0.01143	0.01080	0.01829	0.64543	0.17431	0.01287	0.01620	0.01516	0.01173	0.01537	0.01028	0.01505	0.00789	0.00560	0.00571	0.00187	0.00747	0.00509	0.00260	0.00686
12	0.02174	0.01602	0.01717	0.01316	0.01774	0.01774	0.01087	0.74423	0.02689	0.03605	0.01373	0.01373	0.00973	0.00687	0.00572	0.00172	0.00629	0.00515	0.00572	0.00973
13	0.00902	0.00688	0.00844	0.00817	0.00968	0.00690	0.00606	0.01390	0.15249	0.02151	0.48209	0.18417	0.04405	0.01216	0.00668	0.00193	0.00316	0.01077	0.00602	0.00593
14	0.01331	0.00846	0.00952	0.00827	0.01110	0.00799	0.00657	0.14931	0.01619	0.16461	0.04084	0.06846	0.42226	0.01181	0.00643	0.00190	0.00402	0.03653	0.00573	0.00670
15	0.17156	0.01098	0.01659	0.49513	0.16883	0.01290	0.01432	0.01559	0.01140	0.01751	0.00985	0.01389	0.00762	0.00552	0.00529	0.00184	0.00685	0.00470	0.00279	0.00683
16	0.02218	0.00885	0.01204	0.00976	0.01343	0.00771	0.00783	0.02416	0.01536	0.62699	0.02424	0.16405	0.01857	0.00910	0.00604	0.00187	0.00458	0.00771	0.00675	0.00879

[dist]
# distance from previous block
# <min> <max>
7	9

[block]
# block no. 1 follows, 41 sequences, length 23
# corresponding to MSA columns:
# 144-166
name=unknown_B
#
# <colnr> <probs for GDERKNQSTAVLIFYWHMCP>
#	G	D	E	R	K	N	Q	S	T	A	V	L	I	F	Y	W	H	M	C	P
0	0.02270	0.00972	0.01269	0.01011	0.01401	0.00888	0.00819	0.08126	0.04240	0.58929	0.02267	0.09529	0.01627	0.00814	0.00585	0.00181	0.00475	0.00675	0.03013	0.00909
1	0.00789	0.00781	0.06607	0.00738	0.00953	0.00598	0.00618	0.01058	0.03423	0.01863	0.32175	0.06344	0.37155	0.03487	0.00727	0.00198	0.00338	0.01064	0.00543	0.00540
2	0.03701	0.01173	0.01421	0.01108	0.01535	0.01161	0.00909	0.25899	0.04967	0.46154	0.01980	0.04436	0.01354	0.00738	0.00576	0.00178	0.00525	0.00591	0.00647	0.00947
3	0.07469	0.04004	0.01347	0.01046	0.01446	0.01109	0.00852	0.02756	0.25179	0.45273	0.02130	0.01902	0.01444	0.00710	0.00555	0.00180	0.00478	0.00571	0.00627	0.00920
4	0.01343	0.01335	0.02250	0.23547	0.46114	0.04022	0.09671	0.01703	0.01276	0.01738	0.01062	0.01446	0.00857	0.00526	0.00578	0.00177	0.00746	0.00523	0.00276	0.00810
5	0.01517	0.67480	0.11345	0.01078	0.01598	0.06009	0.01114	0.01753	0.01191	0.01402	0.00826	0.00956	0.00733	0.00501	0.00395	0.00130	0.00660	0.00322	0.00247	0.00743
6	0.06687	0.01067	0.01273	0.00951	0.01416	0.00915	0.03714	0.05768	0.05938	0.04769	0.04991	0.01439	0.01150	0.00518	0.00466	0.00115	0.00455	0.00424	0.00395	0.57549
7	0.03662	0.02522	0.10005	0.01150	0.01621	0.04246	0.01032	0.18074	0.01791	0.43515	0.03975	0.01793	0.02545	0.00699	0.00566	0.00175	0.00572	0.00551	0.00591	0.00916
8	0.01530	0.01223	0.01461	0.02714	0.03641	0.04495	0.06600	0.32119	0.05379	0.02531	0.04637	0.16598	0.03907	0.00955	0.00615	0.00188	0.00562	0.04523	0.05563	0.00758
9	0.43523	0.04595	0.04328	0.01006	0.01381	0.07266	0.00861	0.09084	0.01312	0.14490	0.01104	0.01181	0.00812	0.00612	0.00542	0.00177	0.06189	0.00396	0.00412	0.00730
10	0.01305	0.01087	0.01433	0.32865	0.02418	0.01282	0.01153	0.11741	0.21246	0.02065	0.01602	0.05781	0.01281	0.00730	0.00612	0.00188	0.03340	0.00607	0.08529	0.00734
11	0.01319	0.01464	0.03080	0.02372	0.08508	0.01409	0.61318	0.01753	0.01310	0.01794	0.01224	0.05219	0.01003	0.00573	0.00732	0.00196	0.04970	0.00698	0.00298	0.00760
12	0.00857	0.00609	0.00783	0.00774	0.00817	0.00670	0.00531	0.00952	0.00891	0.01262	0.01693	0.05077	0.01797	0.42982	0.28975	0.00637	0.04957	0.00744	0.04563	0.00432
13	0.20995	0.01461	0.01421	0.01136	0.01541	0.05158	0.00929	0.48431	0.02134	0.03100	0.01560	0.01575	0.06717	0.00705	0.00527	0.00173	0.00579	0.00514	0.00505	0.00838
14	0.02010	0.04965	0.01659	0.01280	0.01684	0.16655	0.01037	0.49001	0.06114	0.02888	0.01573	0.01579	0.05542	0.00711	0.00560	0.00167	0.00678	0.00527	0.00502	0.00868
15	0.01350	0.01543	0.03375	0.02411	0.02989	0.01446	0.74253	0.01832	0.01350	0.01832	0.01157	0.01543	0.00868	0.00482	0.00675	0.00193	0.00964	0.00675	0.00289	0.00771
16	0.00786	0.00584	0.00732	0.00695	0.00840	0.00530	0.00521	0.01034	0.01564	0.02162	0.63677	0.04489	0.17830	0.01218	0.00675	0.00182	0.00273	0.01065	0.00612	0.00530
17	0.02104	0.01637	0.01689	0.07351	0.01928	0.09133	0.01116	0.58241	0.02414	0.06691	0.01339	0.01379	0.00954	0.00669	0.00567	0.00171	0.00673	0.00503	0.00527	0.00916
18	0.07323	0.00727	0.00724	0.00686	0.00913	0.00693	0.00526	0.04138	0.08610	0.01823	0.07749	0.04596	0.56931	0.01268	0.00637	0.00191	0.00331	0.01047	0.00528	0.00557
19	0.00742	0.00508	0.00659	0.00765	0.00816	0.00477	0.00519	0.00871	0.01146	0.01591	0.08721	0.66048	0.03682	0.01633	0.00693	0.00218	0.00321	0.01473	0.08641	0.00477
20	0.01711	0.01270	0.01405	0.01179	0.01513	0.01387	0.00951	0.47608	0.07925	0.02915	0.01950	0.16843	0.01797	0.00992	0.00624	0.00194	0.00549	0.07801	0.00561	0.00827
21	0.02354	0.01015	0.01317	0.01027	0.01438	0.00934	0.00838	0.09693	0.04607	0.61076	0.04746	0.02049	0.01551	0.03797	0.00669	0.00192	0.00494	0.00598	0.00673	0.00931
22	0.00850	0.00623	0.00805	0.00873	0.01004	0.00598	0.00718	0.01066	0.01310	0.01704	0.13846	0.05695	0.17365	0.09184	0.00960	0.00267	0.00448	0.41660	0.00525	0.00503

[dist]
# distance from previous block
# <min> <max>
15	27

[block]
# block no. 2 follows, 41 sequences, length 43
# corresponding to MSA columns:
# 197-239
name=unknown_C
#
# <colnr> <probs for GDERKNQSTAVLIFYWHMCP>
#	G	D	E	R	K	N	Q	S	T	A	V	L	I	F	Y	W	H	M	C	P
0	0.06389	0.00980	0.01305	0.01005	0.01444	0.00861	0.00830	0.02736	0.01606	0.73242	0.02188	0.01899	0.01378	0.00700	0.00565	0.00177	0.00485	0.00563	0.00691	0.00957
1	0.83938	0.01106	0.00841	0.00752	0.01106	0.01283	0.00619	0.01681	0.00973	0.02566	0.00796	0.00929	0.00619	0.00531	0.00354	0.00177	0.00442	0.00310	0.00354	0.00619
2	0.01483	0.01179	0.01347	0.00994	0.01474	0.01062	0.00807	0.21042	0.01591	0.03929	0.01132	0.01254	0.00891	0.00516	0.00506	0.00115	0.02603	0.00396	0.00407	0.57274
3	0.00697	0.00498	0.00664	0.00796	0.00830	0.00465	0.00531	0.00796	0.01095	0.01460	0.03153	0.79525	0.03783	0.01792	0.00730	0.00232	0.00332	0.01626	0.00531	0.00465
4	0.00697	0.00498	0.00664	0.00796	0.00830	0.00465	0.00531	0.00796	0.01095	0.01460	0.03153	0.79525	0.03783	0.01792	0.00730	0.00232	0.00332	0.01626	0.00531	0.00465
5	0.00710	0.00503	0.00655	0.00776	0.00821	0.00468	0.00521	0.00818	0.01109	0.01490	0.03226	0.73077	0.07072	0.01732	0.00715	0.00227	0.00327	0.01564	0.03720	0.00468
6	0.01157	0.01122	0.01580	0.04583	0.01499	0.01529	0.01153	0.01292	0.00917	0.01389	0.01102	0.11510	0.01170	0.01199	0.04260	0.00268	0.62728	0.00652	0.00289	0.00601
7	0.00697	0.00498	0.00664	0.00796	0.00830	0.00465	0.00531	0.00796	0.01095	0.01460	0.03153	0.79525	0.03783	0.01792	0.00730	0.00232	0.00332	0.01626	0.00531	0.00465
8	0.00697	0.00498	0.00664	0.00796	0.00830	0.00465	0.00531	0.00796	0.01095	0.01460	0.03153	0.79525	0.03783	0.01792	0.00730	0.00232	0.00332	0.01626	0.00531	0.00465
9	0.01562	0.76078	0.02923	0.01005	0.01484	0.06311	0.00986	0.01743	0.01187	0.01349	0.00800	0.00924	0.00734	0.00495	0.00375	0.00124	0.00634	0.00309	0.00247	0.00730
10	0.00994	0.00497	0.00745	0.00745	0.00745	0.00497	0.00497	0.00745	0.00745	0.00994	0.00994	0.01739	0.00994	0.01987	0.02235	0.83358	0.00497	0.00497	0.00248	0.00248
11	0.00803	0.00584	0.00756	0.00713	0.00851	0.00537	0.00535	0.01067	0.01604	0.02258	0.72704	0.04331	0.08743	0.01183	0.00675	0.00181	0.00271	0.01043	0.00625	0.00537
12	0.01108	0.01071	0.01886	0.70729	0.03842	0.01289	0.09030	0.01499	0.01165	0.01499	0.01031	0.01527	0.00773	0.00563	0.00582	0.00191	0.00783	0.00525	0.00258	0.00649
13	0.00697	0.00498	0.00664	0.00796	0.00830	0.00465	0.00531	0.00796	0.01095	0.01460	0.03153	0.79525	0.03783	0.01792	0.00730	0.00232	0.00332	0.01626	0.00531	0.00465
14	0.01251	0.01251	0.01752	0.01502	0.01502	0.01752	0.01251	0.01377	0.00876	0.01377	0.00751	0.01251	0.00751	0.01001	0.01877	0.00250	0.78851	0.00501	0.00250	0.00626
15	0.00922	0.00744	0.01067	0.01283	0.16257	0.00704	0.00786	0.01193	0.01513	0.02113	0.51451	0.03875	0.11892	0.01075	0.00656	0.00181	0.00362	0.02771	0.00546	0.00608
16	0.01349	0.00656	0.00722	0.00653	0.00847	0.00645	0.00506	0.05463	0.01334	0.13398	0.01876	0.02054	0.01420	0.00707	0.00482	0.02256	0.00325	0.00538	0.64153	0.00616
17	0.01256	0.24921	0.55923	0.01445	0.02189	0.01594	0.01791	0.01783	0.01195	0.01679	0.00961	0.01125	0.00727	0.00528	0.00493	0.00164	0.00779	0.00389	0.00242	0.00814
18	0.00819	0.00591	0.00778	0.00749	0.00883	0.00550	0.00573	0.01089	0.01593	0.02243	0.69674	0.04462	0.05214	0.01205	0.00685	0.00187	0.00292	0.07254	0.00621	0.00539
19	0.01568	0.75271	0.02909	0.01010	0.01487	0.07095	0.00987	0.01749	0.01192	0.01349	0.00801	0.00925	0.00734	0.00496	0.00377	0.00124	0.00639	0.00310	0.00248	0.00729
20	0.05151	0.02012	0.12899	0.01348	0.01800	0.20901	0.01194	0.33825	0.08785	0.02569	0.01374	0.01419	0.02841	0.00662	0.00548	0.00170	0.00732	0.00485	0.00443	0.00842
21	0.00856	0.00673	0.00989	0.07930	0.09971	0.00672	0.00824	0.01030	0.01162	0.01543	0.02784	0.46767	0.06427	0.01489	0.00734	0.01865	0.00443	0.12830	0.00472	0.00538
22	0.01889	0.01142	0.01337	0.01084	0.01434	0.01175	0.00870	0.35099	0.02037	0.22735	0.11339	0.13369	0.02065	0.00916	0.00609	0.00183	0.00502	0.00760	0.00610	0.00843
23	0.02034	0.01067	0.01719	0.13880	0.04797	0.01013	0.12564	0.02328	0.01483	0.47094	0.01824	0.01803	0.01207	0.00641	0.00583	0.00180	0.00605	0.00576	0.03735	0.00867
24	0.01389	0.52522	0.24574	0.06142	0.01922	0.01926	0.01350	0.01726	0.01174	0.01490	0.00877	0.01041	0.00733	0.00510	0.00432	0.00144	0.00690	0.00353	0.00244	0.00760
25	0.00810	0.00585	0.00765	0.00720	0.00855	0.00540	0.00540	0.01079	0.01619	0.02294	0.76028	0.04273	0.05397	0.01169	0.00675	0.00180	0.00270	0.01034	0.00630	0.00540
26	0.00697	0.00498	0.00664	0.00796	0.00830	0.00465	0.00531	0.00796	0.01095	0.01460	0.03153	0.79525	0.03783	0.01792	0.00730	0.00232	0.00332	0.01626	0.00531	0.00465
27	0.54768	0.01219	0.01489	0.07765	0.01775	0.01347	0.15759	0.06358	0.01175	0.02389	0.00926	0.01134	0.00705	0.00534	0.00452	0.00181	0.00588	0.00414	0.00346	0.00674
28	0.03816	0.01631	0.01683	0.01322	0.01734	0.06620	0.01084	0.61672	0.04404	0.03266	0.01315	0.01354	0.00957	0.00700	0.00648	0.00176	0.05663	0.00504	0.00529	0.00921
29	0.03427	0.17594	0.60857	0.01483	0.02248	0.01505	0.01858	0.01789	0.01193	0.01743	0.00976	0.01145	0.00724	0.00533	0.00505	0.00170	0.00790	0.00397	0.00245	0.00818
30	0.02078	0.02350	0.01651	0.05037	0.01865	0.54515	0.01127	0.19274	0.01835	0.01923	0.01003	0.01140	0.00794	0.00620	0.00560	0.00157	0.02566	0.00412	0.00357	0.00734
31	0.01186	0.01017	0.01186	0.00847	0.01356	0.00762	0.00678	0.01440	0.01186	0.01864	0.01017	0.01186	0.00847	0.00424	0.00424	0.00085	0.00424	0.00339	0.00339	0.83395
32	0.01967	0.01459	0.01547	0.02828	0.01700	0.04574	0.01019	0.41420	0.24109	0.10672	0.01722	0.01648	0.01235	0.00709	0.00573	0.00178	0.00581	0.00554	0.00572	0.00934
33	0.01367	0.05557	0.21880	0.02786	0.47537	0.03462	0.05690	0.01786	0.01282	0.01814	0.01049	0.01334	0.00844	0.00518	0.00555	0.00171	0.00744	0.00482	0.00271	0.00868
34	0.01251	0.01251	0.01752	0.01502	0.01502	0.01752	0.01251	0.01377	0.00876	0.01377	0.00751	0.01251	0.00751	0.01001	0.01877	0.00250	0.78851	0.00501	0.00250	0.00626
35	0.03462	0.11499	0.39283	0.09087	0.05373	0.01459	0.05108	0.01690	0.01160	0.01697	0.00967	0.01225	0.00751	0.00582	0.00677	0.00178	0.09896	0.00434	0.00256	0.05214
36	0.07276	0.06951	0.06545	0.04802	0.08483	0.11880	0.01163	0.33736	0.01920	0.06562	0.01287	0.04538	0.01011	0.00667	0.00541	0.00169	0.00675	0.00510	0.00443	0.00842
37	0.00828	0.00570	0.00703	0.00703	0.00730	0.00598	0.00445	0.00883	0.00855	0.01168	0.01730	0.03342	0.01905	0.59619	0.22952	0.00652	0.00817	0.00773	0.00336	0.00391
38	0.00994	0.00497	0.00745	0.00745	0.00745	0.00497	0.00497	0.00745	0.00745	0.00994	0.00994	0.01739	0.00994	0.01987	0.02235	0.83358	0.00497	0.00497	0.00248	0.00248
39	0.01825	0.32291	0.02225	0.01507	0.09828	0.40362	0.01128	0.02007	0.01410	0.01431	0.00871	0.01030	0.00754	0.00542	0.00464	0.00140	0.00832	0.00360	0.00274	0.00717
40	0.04664	0.00598	0.00741	0.00796	0.00892	0.00586	0.00562	0.01062	0.05997	0.01809	0.23699	0.49505	0.03963	0.01491	0.00687	0.00212	0.00327	0.01334	0.00554	0.00521
41	0.01048	0.00722	0.00906	0.00845	0.01005	0.00652	0.00625	0.01266	0.01708	0.05381	0.71342	0.04324	0.05275	0.01242	0.00736	0.00209	0.00339	0.01053	0.00680	0.00642
42	0.01518	0.04527	0.01406	0.01203	0.01514	0.01415	0.00925	0.06124	0.55890	0.02481	0.10004	0.06102	0.02270	0.00949	0.00656	0.00219	0.00499	0.00760	0.00618	0.00919

[dist]
# distance from previous block
# <min> <max>
0	3

[block]
# block no. 3 follows, 41 sequences, length 131
# corresponding to MSA columns:
# 243-373
name=unknown_D
#
# <colnr> <probs for GDERKNQSTAVLIFYWHMCP>
#	G	D	E	R	K	N	Q	S	T	A	V	L	I	F	Y	W	H	M	C	P
0	0.07670	0.00563	0.00698	0.00811	0.00877	0.00548	0.00562	0.00897	0.01101	0.01573	0.02954	0.68955	0.03496	0.01678	0.00705	0.00231	0.00354	0.05326	0.00518	0.00485
1	0.01426	0.01552	0.03239	0.02322	0.02891	0.01477	0.68063	0.07901	0.01466	0.01986	0.01182	0.01538	0.00883	0.00504	0.00669	0.00192	0.00938	0.00664	0.00315	0.00792
2	0.83855	0.01111	0.00846	0.00757	0.01111	0.01287	0.00622	0.01686	0.00978	0.02572	0.00804	0.00939	0.00626	0.00536	0.00357	0.00178	0.00445	0.00312	0.00356	0.00623
3	0.01092	0.01002	0.01679	0.72030	0.03717	0.01231	0.02965	0.01465	0.01156	0.01517	0.01080	0.01573	0.00815	0.00581	0.00566	0.00188	0.00737	0.00515	0.05456	0.00635
4	0.07720	0.00598	0.00753	0.00855	0.00946	0.00589	0.00637	0.00988	0.01176	0.01673	0.07505	0.50396	0.03504	0.01599	0.00712	0.00233	0.00387	0.18704	0.00523	0.00501
5	0.01461	0.60223	0.11712	0.01082	0.01573	0.05838	0.01103	0.01700	0.01175	0.01410	0.00896	0.01079	0.00798	0.00823	0.06854	0.00199	0.00740	0.00351	0.00254	0.00729
6	0.01157	0.02799	0.70528	0.01569	0.02386	0.01285	0.01995	0.01785	0.01210	0.01822	0.01032	0.01215	0.00741	0.00538	0.00536	0.00174	0.00812	0.00418	0.00252	0.07745
7	0.02391	0.01008	0.01478	0.01125	0.01566	0.00882	0.06963	0.02635	0.01616	0.67068	0.05466	0.02026	0.01554	0.00714	0.00591	0.00180	0.00519	0.00606	0.00671	0.00940
8	0.01087	0.01021	0.01720	0.78443	0.03942	0.01274	0.01590	0.01466	0.01148	0.01468	0.01023	0.01534	0.00769	0.00576	0.00575	0.00192	0.00765	0.00510	0.00257	0.00639
9	0.01359	0.01510	0.03145	0.02277	0.02813	0.01459	0.65410	0.01921	0.07515	0.01869	0.01247	0.01591	0.00943	0.00530	0.00713	0.00196	0.03738	0.00668	0.00315	0.00781
10	0.00874	0.00613	0.00838	0.00946	0.01052	0.00599	0.00775	0.01054	0.01237	0.01614	0.04774	0.19818	0.07786	0.01640	0.00892	0.07194	0.00469	0.46823	0.00509	0.00493
11	0.07658	0.00554	0.00684	0.00798	0.00858	0.00537	0.00541	0.00876	0.01089	0.01559	0.02960	0.72883	0.03522	0.01690	0.00701	0.00229	0.00344	0.01517	0.00518	0.00481
12	0.08823	0.01304	0.01430	0.01130	0.01521	0.01398	0.00923	0.46054	0.02223	0.12879	0.14503	0.01928	0.01781	0.00765	0.00575	0.00175	0.00534	0.00599	0.00584	0.00871
13	0.01395	0.01326	0.02215	0.05172	0.68174	0.01310	0.01663	0.01726	0.01293	0.01864	0.01076	0.01408	0.00904	0.00509	0.00557	0.00165	0.00662	0.00498	0.00289	0.07794
14	0.01219	0.02336	0.48329	0.01740	0.02430	0.01324	0.19691	0.01866	0.07412	0.01827	0.01172	0.01406	0.00866	0.00630	0.00673	0.04657	0.00825	0.00510	0.00285	0.00803
15	0.10581	0.00991	0.01284	0.00996	0.01430	0.00888	0.00822	0.02682	0.01576	0.69351	0.02118	0.01855	0.01343	0.00695	0.00556	0.00178	0.00485	0.00551	0.00675	0.00942
16	0.01656	0.44042	0.02257	0.01076	0.01491	0.12125	0.00956	0.10093	0.07309	0.04929	0.05287	0.01480	0.03850	0.00633	0.00467	0.00146	0.00625	0.00450	0.00368	0.00759
17	0.08754	0.00950	0.01156	0.00983	0.01306	0.00925	0.00775	0.08421	0.08737	0.37889	0.03405	0.20278	0.01971	0.00967	0.00598	0.00193	0.00454	0.00813	0.00613	0.00813
18	0.01987	0.01777	0.01907	0.06403	0.06047	0.19667	0.10008	0.35440	0.02039	0.07233	0.01254	0.01370	0.00921	0.00628	0.00574	0.00171	0.00770	0.00505	0.00447	0.00853
19	0.01163	0.00997	0.01200	0.00913	0.01337	0.00831	0.00737	0.01405	0.01194	0.01841	0.04925	0.01686	0.01228	0.00586	0.00584	0.00116	0.06977	0.04888	0.00360	0.67032
20	0.01988	0.01261	0.06077	0.01122	0.01569	0.01148	0.00957	0.12851	0.20475	0.34624	0.01945	0.01794	0.01339	0.00686	0.00561	0.00172	0.00516	0.00552	0.00590	0.09773
21	0.08973	0.01356	0.01486	0.01170	0.01584	0.01453	0.00956	0.48662	0.02221	0.17340	0.01621	0.06374	0.01219	0.00751	0.00564	0.00178	0.00564	0.00582	0.02039	0.00907
22	0.03900	0.00977	0.01390	0.24959	0.02163	0.01007	0.01054	0.06565	0.01469	0.36513	0.04703	0.02007	0.01374	0.00795	0.00687	0.05407	0.00575	0.03158	0.00514	0.00784
23	0.45544	0.03440	0.01277	0.01030	0.01416	0.09923	0.00841	0.25941	0.01625	0.02757	0.01005	0.01098	0.00760	0.00593	0.00448	0.00172	0.00576	0.00387	0.00420	0.00748
24	0.00925	0.00654	0.00866	0.00960	0.01101	0.00647	0.00820	0.01205	0.02804	0.01790	0.07683	0.05801	0.08752	0.01456	0.00740	0.00242	0.00472	0.55115	0.07433	0.00536
25	0.01131	0.00593	0.00692	0.00666	0.00811	0.00603	0.00503	0.01362	0.01158	0.08136	0.01830	0.02250	0.01498	0.06379	0.16870	0.00330	0.00573	0.00574	0.53483	0.00557
26	0.01348	0.01159	0.01928	0.40310	0.32361	0.01285	0.01586	0.01691	0.01245	0.07915	0.01144	0.01519	0.00880	0.00574	0.00606	0.00184	0.02667	0.00516	0.00306	0.00774
27	0.01038	0.00862	0.01157	0.05790	0.01374	0.00846	0.07910	0.11826	0.02737	0.02051	0.19950	0.09594	0.30301	0.01144	0.00659	0.00191	0.00439	0.00996	0.00521	0.00614
28	0.00816	0.00601	0.00791	0.00878	0.00990	0.00556	0.00667	0.00981	0.01187	0.01584	0.03050	0.46486	0.06429	0.01599	0.00724	0.00229	0.00402	0.24097	0.00516	0.07417
29	0.48668	0.34901	0.01767	0.00854	0.01266	0.01705	0.00776	0.01699	0.01059	0.02050	0.00803	0.00934	0.00675	0.00518	0.00363	0.00155	0.00517	0.00310	0.00310	0.00672
30	0.01452	0.44406	0.12423	0.01104	0.01580	0.05898	0.01089	0.04381	0.12317	0.01669	0.01504	0.01553	0.07195	0.00636	0.00467	0.00151	0.00618	0.00461	0.00335	0.00761
31	0.00837	0.00602	0.00765	0.00838	0.00916	0.00584	0.00581	0.06975	0.01274	0.01712	0.08806	0.66933	0.03680	0.01653	0.00715	0.00224	0.00354	0.01487	0.00544	0.00517
32	0.00900	0.00691	0.01057	0.01097	0.01239	0.00673	0.06938	0.01132	0.01260	0.01656	0.02913	0.27080	0.03235	0.01553	0.00766	0.00250	0.00509	0.46009	0.00510	0.00533
33	0.08281	0.01229	0.01865	0.39465	0.17004	0.01391	0.05984	0.14322	0.01447	0.02035	0.01087	0.01438	0.00828	0.00576	0.00562	0.00184	0.00711	0.00506	0.00328	0.00756
34	0.01475	0.01298	0.01683	0.05195	0.25759	0.01428	0.01226	0.08525	0.42167	0.02291	0.01795	0.01822	0.01375	0.00678	0.00579	0.00185	0.00556	0.00588	0.00473	0.00903
35	0.00965	0.00737	0.01132	0.01171	0.01341	0.00728	0.07051	0.01244	0.01324	0.01728	0.02877	0.06046	0.03093	0.01492	0.00783	0.00259	0.00566	0.66405	0.00509	0.00551
36	0.01193	0.01021	0.01191	0.00852	0.01360	0.00767	0.00681	0.01445	0.01190	0.01870	0.01023	0.01196	0.00854	0.00428	0.00427	0.00086	0.00426	0.00341	0.00341	0.83308
37	0.00888	0.00673	0.00770	0.00726	0.00894	0.00633	0.00545	0.07089	0.01482	0.01952	0.30373	0.04550	0.31354	0.10795	0.00946	0.00235	0.00357	0.04651	0.00550	0.00534
38	0.00779	0.00570	0.00748	0.00805	0.00883	0.00547	0.00554	0.00895	0.01043	0.01430	0.02542	0.50472	0.02938	0.11900	0.14430	0.00383	0.00579	0.01252	0.00456	0.06794
39	0.02031	0.01857	0.01666	0.07806	0.01940	0.23540	0.01125	0.43006	0.06813	0.02719	0.01269	0.01345	0.00942	0.00659	0.00559	0.00169	0.00747	0.00483	0.00468	0.00854
40	0.01168	0.00993	0.01156	0.00864	0.01327	0.00777	0.00681	0.01477	0.04936	0.01866	0.01253	0.07225	0.01123	0.00551	0.00458	0.00103	0.00420	0.00455	0.00368	0.72799
41	0.71371	0.01161	0.00932	0.00816	0.01178	0.04307	0.00667	0.01835	0.01079	0.10903	0.00972	0.01058	0.00721	0.00558	0.00389	0.00177	0.00474	0.00344	0.00394	0.00665
42	0.25682	0.02123	0.01405	0.01249	0.01578	0.46509	0.00963	0.09557	0.02743	0.01985	0.00940	0.01065	0.00750	0.00590	0.00479	0.00160	0.00813	0.00373	0.00347	0.00690
43	0.01499	0.01227	0.01277	0.01148	0.01464	0.04514	0.00905	0.06588	0.54466	0.06965	0.02415	0.02540	0.04767	0.00858	0.00602	0.00197	0.00491	0.06649	0.00573	0.00858
44	0.01357	0.01547	0.03377	0.02414	0.02992	0.01450	0.74175	0.01836	0.01354	0.01838	0.01164	0.01552	0.00874	0.00487	0.00678	0.00194	0.00966	0.00677	0.00292	0.00775
45	0.01476	0.01257	0.01324	0.01178	0.01510	0.01448	0.00919	0.07523	0.70662	0.02474	0.02274	0.02095	0.01703	0.00775	0.00584	0.00194	0.00466	0.00640	0.00583	0.00913
46	0.00704	0.00503	0.00669	0.00801	0.00835	0.00469	0.00534	0.00802	0.01099	0.01467	0.03157	0.79449	0.03786	0.01795	0.00733	0.00233	0.00334	0.01627	0.00533	0.00468
47	0.01429	0.01233	0.01298	0.01168	0.01492	0.01426	0.00908	0.03042	0.75220	0.02398	0.02333	0.02143	0.01752	0.00780	0.00585	0.00195	0.00455	0.00649	0.00584	0.00909
48	0.01216	0.02947	0.72129	0.01624	0.02435	0.06120	0.02051	0.01845	0.01238	0.01792	0.01024	0.01206	0.00732	0.00551	0.00545	0.00180	0.00859	0.00422	0.00247	0.00837
49	0.00760	0.00529	0.00664	0.00750	0.00776	0.00507	0.00484	0.00828	0.01015	0.01353	0.02679	0.50237	0.03171	0.29174	0.01500	0.00348	0.00419	0.03909	0.00468	0.00429
50	0.01245	0.21295	0.59317	0.01480	0.02240	0.01554	0.01846	0.01792	0.01201	0.01707	0.00978	0.01148	0.00733	0.00535	0.00504	0.00168	0.00792	0.00397	0.00245	0.00822
51	0.00731	0.00524	0.00693	0.00783	0.00841	0.00487	0.00536	0.00869	0.01224	0.01664	0.20445	0.61598	0.04169	0.01647	0.00720	0.00221	0.00320	0.01487	0.00556	0.00486
52	0.01401	0.01342	0.02287	0.08167	0.71761	0.01357	0.01747	0.01742	0.01297	0.01849	0.01079	0.01432	0.00904	0.00518	0.00569	0.00172	0.00687	0.00512	0.00284	0.00892
53	0.01001	0.00502	0.00750	0.00750	0.00751	0.00501	0.00500	0.00751	0.00750	0.01001	0.01000	0.01748	0.01000	0.01990	0.02237	0.83269	0.00499	0.00499	0.00251	0.00252
54	0.01293	0.01422	0.02984	0.20469	0.03218	0.01408	0.56938	0.01749	0.01305	0.01750	0.01131	0.01548	0.00849	0.00508	0.00653	0.00194	0.00918	0.00637	0.00283	0.00743
55	0.01289	0.01307	0.01751	0.01505	0.01516	0.04360	0.01249	0.01412	0.00906	0.01384	0.00763	0.01253	0.00757	0.00991	0.01832	0.00248	0.76096	0.00498	0.00254	0.00631
56	0.01001	0.00502	0.00750	0.00750	0.00751	0.00501	0.00500	0.00751	0.00750	0.01001	0.01000	0.01748	0.01000	0.01990	0.02237	0.83269	0.00499	0.00499	0.00251	0.00252
57	0.01237	0.01227	0.01751	0.11113	0.01810	0.01695	0.01296	0.01392	0.00914	0.01394	0.00791	0.01295	0.00759	0.00952	0.01716	0.00244	0.69028	0.00504	0.00253	0.00630
58	0.01191	0.10369	0.69770	0.01572	0.02383	0.01421	0.02006	0.01806	0.01207	0.01773	0.01011	0.01189	0.00732	0.00543	0.00529	0.00177	0.00825	0.00414	0.00244	0.00838
59	0.03822	0.02778	0.70308	0.01575	0.02366	0.01294	0.02002	0.01778	0.01210	0.01837	0.01133	0.01490	0.00866	0.00603	0.00553	0.00187	0.00817	0.04294	0.00263	0.00824
60	0.01028	0.00547	0.00579	0.00571	0.00705	0.00539	0.00428	0.01293	0.01277	0.02166	0.14841	0.02515	0.02159	0.00759	0.00451	0.00143	0.00270	0.00623	0.68568	0.00538
61	0.03231	0.17879	0.51855	0.01539	0.02260	0.04733	0.07324	0.01815	0.01226	0.01729	0.00987	0.01172	0.00742	0.00534	0.00516	0.00170	0.00809	0.00416	0.00253	0.00808
62	0.01096	0.01034	0.01722	0.74303	0.03810	0.01300	0.01572	0.01462	0.01134	0.01463	0.01009	0.01519	0.00768	0.00599	0.00645	0.00195	0.04962	0.00510	0.00256	0.00638
63	0.01152	0.00975	0.01313	0.01166	0.01238	0.01260	0.00944	0.05188	0.01036	0.01592	0.01201	0.01755	0.01104	0.04957	0.21100	0.00414	0.39822	0.00551	0.12640	0.00593
64	0.00714	0.00510	0.00680	0.00813	0.00851	0.00478	0.00552	0.00819	0.01109	0.01478	0.03152	0.76184	0.03764	0.01786	0.00735	0.00235	0.00343	0.04793	0.00533	0.00471
65	0.01321	0.01468	0.03129	0.02394	0.08325	0.01382	0.64142	0.01766	0.01335	0.01818	0.01283	0.06438	0.01060	0.00571	0.00673	0.00195	0.00905	0.00724	0.00306	0.00766
66	0.01566	0.76236	0.02930	0.01008	0.01488	0.06080	0.00988	0.01746	0.01190	0.01355	0.00807	0.00933	0.00741	0.00499	0.00378	0.00125	0.00635	0.00311	0.00250	0.00734
67	0.43499	0.01562	0.01219	0.01058	0.01386	0.19232	0.00845	0.13707	0.01412	0.02381	0.00950	0.01094	0.00747	0.00608	0.00527	0.00174	0.05496	0.00379	0.03036	0.00689
68	0.01535	0.01286	0.01357	0.01190	0.01532	0.01475	0.00934	0.13074	0.65016	0.02569	0.02199	0.02036	0.01643	0.00768	0.00584	0.00192	0.00480	0.00630	0.00583	0.00918
69	0.00839	0.00560	0.00629	0.00629	0.00629	0.00559	0.00350	0.00837	0.00836	0.01116	0.01808	0.03750	0.02085	0.79816	0.02912	0.00555	0.00557	0.00834	0.00349	0.00350
70	0.02498	0.01043	0.01367	0.01051	0.01491	0.00946	0.00867	0.10887	0.01760	0.67143	0.03366	0.01928	0.01436	0.00717	0.00579	0.00178	0.00502	0.00578	0.00693	0.00969
71	0.02164	0.01431	0.01590	0.01234	0.01678	0.01532	0.01013	0.51577	0.09090	0.18096	0.01635	0.01562	0.01135	0.00697	0.00573	0.00174	0.00581	0.00537	0.00596	0.03104
72	0.02051	0.06322	0.01748	0.01390	0.01736	0.36775	0.01106	0.31065	0.01966	0.02284	0.01071	0.01190	0.00839	0.00662	0.00647	0.00166	0.07351	0.00437	0.00402	0.00791
73	0.03445	0.01042	0.01274	0.10285	0.01689	0.00883	0.00814	0.04175	0.01262	0.06570	0.01108	0.01284	0.00878	0.00476	0.00458	0.00110	0.00479	0.00382	0.00363	0.63024
74	0.01366	0.01494	0.06400	0.10431	0.01877	0.10465	0.01306	0.01561	0.01046	0.03324	0.00866	0.01280	0.00774	0.00858	0.01418	0.00222	0.51957	0.00481	0.00271	0.02601
75	0.00733	0.00523	0.00702	0.00834	0.00880	0.00494	0.00584	0.00851	0.01128	0.01499	0.03141	0.70169	0.03724	0.01768	0.00740	0.00237	0.00359	0.10625	0.00533	0.00476
76	0.01154	0.02961	0.76857	0.01634	0.02479	0.01332	0.02115	0.01816	0.01212	0.01818	0.01033	0.01217	0.00731	0.00548	0.00546	0.00182	0.00847	0.00425	0.00244	0.00849
77	0.01609	0.01223	0.01336	0.01123	0.01447	0.01335	0.00889	0.38442	0.17252	0.02824	0.09147	0.13780	0.05147	0.00954	0.00615	0.00188	0.00502	0.00791	0.00574	0.00823
78	0.00706	0.00525	0.00656	0.00752	0.00824	0.00477	0.00514	0.00821	0.01170	0.01527	0.07405	0.60020	0.19127	0.01691	0.00719	0.00223	0.00322	0.01509	0.00538	0.00476
79	0.01039	0.00535	0.00550	0.00562	0.00687	0.00531	0.00415	0.01288	0.01194	0.02077	0.01990	0.09227	0.01684	0.00774	0.00433	0.00144	0.00275	0.00635	0.75428	0.00530
80	0.01384	0.01325	0.02256	0.12020	0.68044	0.01352	0.01738	0.01726	0.01289	0.01829	0.01076	0.01437	0.00896	0.00521	0.00570	0.00173	0.00691	0.00512	0.00282	0.00879
81	0.00698	0.00585	0.00606	0.00600	0.00787	0.00494	0.00450	0.00855	0.01343	0.01636	0.13710	0.05371	0.68056	0.01421	0.00679	0.00193	0.00290	0.01189	0.00544	0.00493
82	0.00802	0.00573	0.00781	0.00913	0.00990	0.00553	0.00704	0.00971	0.01196	0.01576	0.03103	0.47648	0.03573	0.01703	0.00759	0.00247	0.00419	0.32462	0.00531	0.00495
83	0.00816	0.00548	0.00729	0.00810	0.00885	0.00509	0.00570	0.00958	0.01230	0.04801	0.16448	0.58485	0.03956	0.01624	0.00719	0.00223	0.00340	0.05283	0.00558	0.00507
84	0.83855	0.01111	0.00846	0.00757	0.01111	0.01287	0.00622	0.01686	0.00978	0.02572	0.00804	0.00939	0.00626	0.00536	0.00357	0.00178	0.00445	0.00312	0.00356	0.00623
85	0.01536	0.80161	0.03000	0.00983	0.01473	0.02266	0.00981	0.01717	0.01166	0.01352	0.00802	0.00927	0.00741	0.00494	0.00370	0.00124	0.00614	0.00308	0.00247	0.00737
86	0.01175	0.07196	0.72805	0.01598	0.02424	0.01383	0.02053	0.01810	0.01209	0.01792	0.01021	0.01201	0.00732	0.00545	0.00537	0.00179	0.00834	0.00419	0.00244	0.00843
87	0.01943	0.25182	0.13566	0.01294	0.06590	0.05400	0.01155	0.02223	0.01409	0.33598	0.01484	0.01450	0.01041	0.00602	0.00507	0.00160	0.00623	0.00458	0.00449	0.00864
88	0.02141	0.00986	0.01261	0.01018	0.01402	0.00929	0.00823	0.02649	0.16578	0.53166	0.10611	0.02256	0.01939	0.00778	0.00591	0.00182	0.00458	0.00644	0.00675	0.00914
89	0.00699	0.00523	0.00648	0.00748	0.00821	0.00473	0.00511	0.00808	0.01150	0.01487	0.03799	0.61455	0.21365	0.01712	0.00720	0.00224	0.00324	0.01525	0.00533	0.00473
90	0.00704	0.00503	0.00669	0.00801	0.00835	0.00469	0.00534	0.00802	0.01099	0.01467	0.03157	0.79449	0.03786	0.01795	0.00733	0.00233	0.00334	0.01627	0.00533	0.00468
91	0.09771	0.06176	0.63903	0.01500	0.02269	0.01357	0.01880	0.01821	0.01196	0.03635	0.01028	0.01193	0.00737	0.00548	0.00520	0.00179	0.00787	0.00412	0.00267	0.00823
92	0.01356	0.01474	0.02967	0.02504	0.16717	0.01473	0.50934	0.01763	0.01283	0.01786	0.01096	0.01490	0.00866	0.00559	0.00813	0.00197	0.11031	0.00623	0.00285	0.00781
93	0.01384	0.01325	0.02256	0.12020	0.68044	0.01352	0.01738	0.01726	0.01289	0.01829	0.01076	0.01437	0.00896	0.00521	0.00570	0.00173	0.00691	0.00512	0.00282	0.00879
94	0.01250	0.21569	0.45804	0.07869	0.02298	0.01523	0.03571	0.01740	0.01198	0.01678	0.00979	0.01180	0.00748	0.00528	0.00501	0.00163	0.00760	0.00405	0.00253	0.05984
95	0.00721	0.00530	0.00739	0.00843	0.00891	0.00494	0.02443	0.00829	0.01106	0.01476	0.03105	0.77430	0.03711	0.01761	0.00731	0.00232	0.00351	0.01602	0.00527	0.00476
96	0.00750	0.00536	0.00722	0.00854	0.00908	0.00509	0.00614	0.00882	0.01145	0.01518	0.03132	0.64417	0.03685	0.01752	0.00745	0.00240	0.00374	0.16203	0.00532	0.00481
97	0.05686	0.01642	0.01590	0.01284	0.01693	0.10348	0.01036	0.49313	0.16271	0.03081	0.01479	0.01468	0.01083	0.00690	0.00561	0.00175	0.00636	0.00516	0.00535	0.00912
98	0.01778	0.01965	0.01458	0.01320	0.01629	0.38631	0.01006	0.02673	0.39238	0.01913	0.01628	0.01604	0.01259	0.00689	0.00553	0.00172	0.00738	0.00513	0.00444	0.00790
99	0.01001	0.00502	0.00750	0.00750	0.00751	0.00501	0.00500	0.00751	0.00750	0.01001	0.01000	0.01748	0.01000	0.01990	0.02237	0.83269	0.00499	0.00499	0.00251	0.00252
100	0.00824	0.00618	0.00924	0.00924	0.01027	0.00719	0.00718	0.01027	0.00924	0.01334	0.01538	0.02255	0.01436	0.04290	0.77550	0.00920	0.01533	0.00615	0.00309	0.00514
101	0.01258	0.01256	0.01756	0.01506	0.01506	0.01755	0.01254	0.01381	0.00881	0.01383	0.00758	0.01261	0.00757	0.01005	0.01879	0.00251	0.78768	0.00503	0.00253	0.00629
102	0.00839	0.00560	0.00629	0.00629	0.00629	0.00559	0.00350	0.00837	0.00836	0.01116	0.01808	0.03750	0.02085	0.79816	0.02912	0.00555	0.00557	0.00834	0.00349	0.00350
103	0.00704	0.00503	0.00669	0.00801	0.00835	0.00469	0.00534	0.00802	0.01099	0.01467	0.03157	0.79449	0.03786	0.01795	0.00733	0.00233	0.00334	0.01627	0.00533	0.00468
104	0.00817	0.00590	0.00770	0.00724	0.00860	0.00544	0.00543	0.01084	0.01623	0.02299	0.75953	0.04279	0.05399	0.01173	0.00677	0.00181	0.00272	0.01036	0.00632	0.00543
105	0.01561	0.01299	0.01372	0.01195	0.01542	0.01488	0.00940	0.15588	0.62459	0.02611	0.02166	0.02009	0.01616	0.00765	0.00583	0.00191	0.00486	0.00626	0.00582	0.00920
106	0.01087	0.01021	0.01720	0.78443	0.03942	0.01274	0.01590	0.01466	0.01148	0.01468	0.01023	0.01534	0.00769	0.00576	0.00575	0.00192	0.00765	0.00510	0.00257	0.00639
107	0.00704	0.00503	0.00669	0.00801	0.00835	0.00469	0.00534	0.00802	0.01099	0.01467	0.03157	0.79449	0.03786	0.01795	0.00733	0.00233	0.00334	0.01627	0.00533	0.00468
108	0.00704	0.00503	0.00669	0.00801	0.00835	0.00469	0.00534	0.00802	0.01099	0.01467	0.03157	0.79449	0.03786	0.01795	0.00733	0.00233	0.00334	0.01627	0.00533	0.00468
109	0.00828	0.00603	0.00849	0.00849	0.00926	0.00678	0.00625	0.00978	0.00902	0.01279	0.01607	0.02635	0.01600	0.23458	0.58608	0.00827	0.01285	0.00670	0.00319	0.00473
110	0.02033	0.01427	0.01592	0.01330	0.05415	0.01551	0.01033	0.54028	0.06934	0.09429	0.01540	0.01545	0.01103	0.00688	0.00561	0.00171	0.00580	0.00532	0.07576	0.00931
111	0.01422	0.01535	0.01795	0.01536	0.01612	0.15497	0.04042	0.01563	0.01034	0.01405	0.00798	0.01232	0.00759	0.00911	0.01585	0.00231	0.61654	0.00485	0.00262	0.00642
112	0.01193	0.01021	0.01191	0.00852	0.01360	0.00767	0.00681	0.01445	0.01190	0.01870	0.01023	0.01196	0.00854	0.00428	0.00427	0.00086	0.00426	0.00341	0.00341	0.83308
113	0.01476	0.01257	0.01324	0.01178	0.01510	0.01448	0.00919	0.07523	0.70662	0.02474	0.02274	0.02095	0.01703	0.00775	0.00584	0.00194	0.00466	0.00640	0.00583	0.00913
114	0.00808	0.00590	0.00758	0.00716	0.00855	0.00540	0.00536	0.01068	0.01603	0.02253	0.71574	0.04356	0.09807	0.01191	0.00677	0.00182	0.00274	0.01047	0.00626	0.00540
115	0.01422	0.01363	0.02325	0.03513	0.76253	0.01362	0.01757	0.01760	0.01307	0.01875	0.01083	0.01425	0.00912	0.00514	0.00569	0.00171	0.00682	0.00512	0.00286	0.00909
116	0.01196	0.01031	0.01213	0.00878	0.01366	0.00806	0.00704	0.01442	0.01178	0.01850	0.01013	0.01198	0.00850	0.00452	0.00485	0.00093	0.03581	0.00348	0.00338	0.79979
117	0.01120	0.00840	0.00935	0.00862	0.01125	0.00826	0.00679	0.01717	0.22631	0.08144	0.06734	0.04025	0.33061	0.01136	0.00640	0.00193	0.00389	0.08564	0.00554	0.05825
118	0.01378	0.48233	0.33546	0.01252	0.01889	0.01879	0.01450	0.01758	0.01185	0.01545	0.00898	0.01047	0.00737	0.00516	0.00443	0.00148	0.00710	0.00356	0.00246	0.00783
119	0.00704	0.00503	0.00669	0.00801	0.00835	0.00469	0.00534	0.00802	0.01099	0.01467	0.03157	0.79449	0.03786	0.01795	0.00733	0.00233	0.00334	0.01627	0.00533	0.00468
120	0.01228	0.01217	0.01755	0.04281	0.01612	0.01663	0.03584	0.01377	0.00908	0.01398	0.00830	0.01343	0.00804	0.01179	0.06548	0.00289	0.68584	0.00516	0.00258	0.00627
121	0.00836	0.00605	0.00780	0.00772	0.00855	0.00617	0.00534	0.00949	0.00963	0.01340	0.04899	0.11651	0.03955	0.33601	0.29337	0.00597	0.00858	0.00831	0.00371	0.05647
122	0.00824	0.00618	0.00924	0.00924	0.01027	0.00719	0.00718	0.01027	0.00924	0.01334	0.01538	0.02255	0.01436	0.04290	0.77550	0.00920	0.01533	0.00615	0.00309	0.00514
123	0.02572	0.00978	0.01332	0.01022	0.01465	0.00845	0.00843	0.02791	0.01641	0.76651	0.02262	0.01956	0.01422	0.00712	0.00578	0.00178	0.00489	0.00577	0.00710	0.00977
124	0.01361	0.01536	0.03311	0.02483	0.07596	0.01444	0.69625	0.01832	0.01351	0.01841	0.01159	0.01544	0.00877	0.00489	0.00671	0.00193	0.00948	0.00667	0.00291	0.00783
125	0.02172	0.01672	0.01711	0.01326	0.01773	0.06501	0.01088	0.69925	0.02623	0.03467	0.01343	0.01352	0.00958	0.00681	0.00569	0.00170	0.00654	0.00506	0.00555	0.00953
126	0.01978	0.01485	0.01504	0.01189	0.01580	0.06285	0.00968	0.57144	0.02362	0.03210	0.01429	0.01485	0.01044	0.00677	0.00539	0.00163	0.00591	0.00509	0.14982	0.00877
127	0.00848	0.00645	0.00920	0.00951	0.01053	0.00624	0.05225	0.05483	0.01228	0.01638	0.02906	0.63852	0.03385	0.01624	0.00722	0.00229	0.00406	0.07223	0.00518	0.00521
128	0.01610	0.61578	0.02615	0.01034	0.01489	0.06782	0.00970	0.01967	0.10196	0.05528	0.01065	0.01127	0.00893	0.00542	0.00414	0.00136	0.00612	0.00366	0.00314	0.00763
129	0.00796	0.00575	0.00794	0.02911	0.01052	0.00563	0.00714	0.00968	0.01185	0.01560	0.03048	0.48416	0.03509	0.01676	0.00750	0.00244	0.00421	0.29803	0.00522	0.00494
130	0.00832	0.00555	0.00624	0.00624	0.00624	0.00555	0.00347	0.00832	0.00832	0.01109	0.01802	0.03743	0.02080	0.79898	0.02911	0.00555	0.00555	0.00832	0.00347	0.00347

[dist]
# distance from previous block
# <min> <max>
1	325

# created by:
# /software/SequenceAnalysis/GenePrediction/augustus/3.0.1/scripts/msa2prfl.pl ./fixed/BUSCOvEOG7RJHF2.fas
