[name]
unknown

[dist]
# distance from previous block
# <min> <max>
0	306

[block]
# block no. 0 follows, 41 sequences, length 30
# corresponding to MSA columns:
# 323-352
name=unknown_A
#
# <colnr> <probs for GDERKNQSTAVLIFYWHMCP>
#	G	D	E	R	K	N	Q	S	T	A	V	L	I	F	Y	W	H	M	C	P
0	0.00959	0.00697	0.00902	0.00975	0.01130	0.00696	0.00809	0.01323	0.08089	0.01777	0.02787	0.16388	0.02954	0.01407	0.00713	0.00233	0.00466	0.45965	0.06745	0.04985
1	0.02566	0.00973	0.01327	0.01018	0.01460	0.00841	0.00841	0.02788	0.01637	0.76726	0.02257	0.01947	0.01416	0.00708	0.00575	0.00177	0.00487	0.00575	0.00708	0.00973
2	0.00703	0.00580	0.00616	0.00607	0.00789	0.00494	0.00456	0.00872	0.01367	0.01694	0.19803	0.05259	0.61997	0.01393	0.00676	0.00191	0.00286	0.01173	0.00551	0.00494
3	0.83938	0.01106	0.00841	0.00752	0.01106	0.01283	0.00619	0.01681	0.00973	0.02566	0.00796	0.00929	0.00619	0.00531	0.00354	0.00177	0.00442	0.00310	0.00354	0.00619
4	0.06488	0.01063	0.01327	0.01029	0.01453	0.01005	0.00848	0.14862	0.01760	0.56533	0.02012	0.01808	0.01303	0.00693	0.00554	0.00174	0.00497	0.00549	0.05109	0.00932
5	0.00827	0.00612	0.00776	0.00738	0.00880	0.00577	0.00552	0.01148	0.05259	0.02214	0.64657	0.08257	0.08941	0.01198	0.00673	0.00184	0.00283	0.01056	0.00617	0.00551
6	0.02174	0.01602	0.01717	0.01316	0.01774	0.01774	0.01087	0.74423	0.02689	0.03605	0.01373	0.01373	0.00973	0.00687	0.00572	0.00172	0.00629	0.00515	0.00572	0.00973
7	0.00697	0.00498	0.00664	0.00796	0.00830	0.00465	0.00531	0.00796	0.01095	0.01460	0.03153	0.79525	0.03783	0.01792	0.00730	0.00232	0.00332	0.01626	0.00531	0.00465
8	0.02566	0.00973	0.01327	0.01018	0.01460	0.00841	0.00841	0.02788	0.01637	0.76726	0.02257	0.01947	0.01416	0.00708	0.00575	0.00177	0.00487	0.00575	0.00708	0.00973
9	0.00803	0.00585	0.00758	0.00739	0.00873	0.00541	0.00561	0.01055	0.01547	0.02154	0.61855	0.08579	0.09922	0.01253	0.00686	0.00190	0.00294	0.06464	0.00610	0.00531
10	0.02537	0.01021	0.01357	0.01040	0.01484	0.00911	0.00859	0.08188	0.01716	0.71214	0.02190	0.01904	0.01382	0.00706	0.00575	0.00177	0.00497	0.00571	0.00698	0.00973
11	0.01411	0.01373	0.02401	0.03428	0.70801	0.01366	0.07221	0.01761	0.01306	0.01866	0.01082	0.01425	0.00903	0.00508	0.00574	0.00172	0.00701	0.00522	0.00284	0.00896
12	0.01747	0.01158	0.01296	0.01109	0.01463	0.01259	0.00879	0.07635	0.48486	0.21333	0.02226	0.02036	0.01598	0.00748	0.00572	0.00186	0.00465	0.00615	0.04281	0.00911
13	0.24060	0.01211	0.01227	0.02325	0.01404	0.02697	0.00821	0.29614	0.01782	0.13675	0.01507	0.01540	0.02800	0.00659	0.00491	0.00169	0.00508	0.00485	0.12233	0.00792
14	0.05501	0.01012	0.01331	0.01024	0.01464	0.00907	0.00846	0.06579	0.01669	0.70122	0.02156	0.01879	0.01363	0.00700	0.00567	0.00177	0.00493	0.00562	0.00688	0.00961
15	0.01130	0.01157	0.08429	0.01144	0.04356	0.06620	0.04599	0.05064	0.05120	0.04434	0.12599	0.07519	0.21997	0.01114	0.00654	0.00197	0.00518	0.12223	0.00486	0.00639
16	0.00696	0.00526	0.00635	0.00719	0.00803	0.00474	0.00492	0.00806	0.01152	0.01474	0.03953	0.52526	0.27109	0.04828	0.00800	0.00233	0.00327	0.01459	0.00524	0.00466
17	0.16997	0.08160	0.01724	0.05245	0.09444	0.05126	0.10193	0.11968	0.01409	0.05797	0.01462	0.15285	0.01363	0.00792	0.00582	0.00184	0.02476	0.00672	0.00399	0.00722
18	0.22012	0.05797	0.05644	0.01452	0.08609	0.29844	0.01100	0.11766	0.01495	0.02047	0.00944	0.01104	0.00756	0.00594	0.00551	0.00166	0.04660	0.00394	0.00338	0.00729
19	0.01392	0.03534	0.01317	0.02578	0.08174	0.21732	0.00919	0.05455	0.13545	0.01846	0.09676	0.08474	0.13964	0.00946	0.00601	0.00181	0.00598	0.03938	0.00452	0.00679
20	0.01181	0.01017	0.01213	0.04776	0.01486	0.00788	0.00724	0.01441	0.01184	0.01844	0.01017	0.01203	0.00843	0.00431	0.00431	0.00090	0.00441	0.00347	0.00335	0.79209
21	0.00697	0.00498	0.00664	0.00796	0.00830	0.00465	0.00531	0.00796	0.01095	0.01460	0.03153	0.79525	0.03783	0.01792	0.00730	0.00232	0.00332	0.01626	0.00531	0.00465
22	0.00817	0.00613	0.00919	0.00919	0.01021	0.00715	0.00715	0.01021	0.00919	0.01328	0.01532	0.02247	0.01430	0.04290	0.77631	0.00919	0.01532	0.00613	0.00306	0.00511
23	0.00899	0.00810	0.04864	0.05324	0.13833	0.00722	0.00877	0.01095	0.01149	0.01583	0.03901	0.45071	0.02793	0.06201	0.00808	0.00234	0.00459	0.05035	0.03776	0.00568
24	0.01525	0.01625	0.01475	0.01318	0.01498	0.27222	0.01039	0.06376	0.07574	0.01601	0.01149	0.01488	0.01001	0.01579	0.18644	0.00359	0.23048	0.00495	0.00327	0.00658
25	0.00683	0.00577	0.00592	0.00601	0.00785	0.00486	0.00451	0.00828	0.01294	0.01545	0.05599	0.09214	0.70804	0.01469	0.00681	0.00197	0.00297	0.02884	0.00531	0.00483
26	0.02297	0.00998	0.01330	0.05176	0.01578	0.00928	0.00881	0.05821	0.06797	0.60537	0.02200	0.05725	0.01501	0.00758	0.00583	0.00181	0.00498	0.00626	0.00660	0.00926
27	0.01580	0.00826	0.01050	0.00946	0.01186	0.00787	0.00717	0.11948	0.01510	0.28782	0.02550	0.39008	0.02499	0.02879	0.00698	0.00211	0.00434	0.01075	0.00596	0.00717
28	0.00703	0.00502	0.00669	0.00792	0.00831	0.00468	0.00531	0.00811	0.01122	0.01503	0.06936	0.75618	0.03867	0.01760	0.00727	0.00230	0.00329	0.01595	0.00536	0.00468
29	0.01347	0.01289	0.02197	0.18898	0.61481	0.01341	0.01721	0.01695	0.01270	0.01785	0.01064	0.01438	0.00877	0.00522	0.00567	0.00174	0.00697	0.00509	0.00277	0.00851

[dist]
# distance from previous block
# <min> <max>
3	15

[block]
# block no. 1 follows, 41 sequences, length 8
# corresponding to MSA columns:
# 369-376
name=unknown_B
#
# <colnr> <probs for GDERKNQSTAVLIFYWHMCP>
#	G	D	E	R	K	N	Q	S	T	A	V	L	I	F	Y	W	H	M	C	P
0	0.01186	0.01017	0.01186	0.00847	0.01356	0.00762	0.00678	0.01440	0.01186	0.01864	0.01017	0.01186	0.00847	0.00424	0.00424	0.00085	0.00424	0.00339	0.00339	0.83395
1	0.00739	0.00530	0.00681	0.00744	0.00822	0.00487	0.00517	0.00865	0.01230	0.01645	0.20994	0.45954	0.14382	0.01604	0.00801	0.05318	0.00321	0.01354	0.00537	0.00472
2	0.01046	0.00891	0.01281	0.01068	0.01363	0.00795	0.11193	0.06812	0.01296	0.01803	0.02291	0.34079	0.07429	0.01093	0.00616	0.00176	0.00469	0.00997	0.00443	0.24858
3	0.00847	0.00615	0.00808	0.00903	0.01031	0.00590	0.00748	0.01038	0.01258	0.01608	0.03544	0.13696	0.19454	0.01596	0.00840	0.04921	0.00452	0.45045	0.00512	0.00495
4	0.06279	0.00645	0.00773	0.00715	0.00898	0.00598	0.00546	0.01189	0.01517	0.07456	0.52083	0.04134	0.18737	0.01150	0.00647	0.00182	0.00300	0.00989	0.00598	0.00564
5	0.01685	0.01283	0.01372	0.01138	0.01505	0.01411	0.00912	0.33000	0.30616	0.06064	0.02417	0.02287	0.12077	0.00832	0.00591	0.00184	0.00506	0.00668	0.00576	0.00876
6	0.00753	0.00547	0.00719	0.00812	0.00892	0.00513	0.00594	0.00913	0.01237	0.01648	0.15235	0.48401	0.09709	0.01625	0.00727	0.00226	0.00353	0.14059	0.00546	0.00489
7	0.00879	0.00572	0.00722	0.00756	0.00874	0.00535	0.00564	0.01079	0.01326	0.04728	0.24129	0.28767	0.10112	0.01355	0.00663	0.00201	0.00330	0.09471	0.12415	0.00524

[dist]
# distance from previous block
# <min> <max>
0	3

[block]
# block no. 2 follows, 41 sequences, length 19
# corresponding to MSA columns:
# 380-398
name=unknown_C
#
# <colnr> <probs for GDERKNQSTAVLIFYWHMCP>
#	G	D	E	R	K	N	Q	S	T	A	V	L	I	F	Y	W	H	M	C	P
0	0.01323	0.01265	0.02155	0.24124	0.56437	0.01335	0.01710	0.01675	0.01259	0.01757	0.01060	0.01446	0.00867	0.00527	0.00568	0.00176	0.00702	0.00509	0.00275	0.00832
1	0.01594	0.01268	0.01337	0.01213	0.06136	0.05944	0.00900	0.34050	0.06675	0.05030	0.02730	0.06955	0.21821	0.00947	0.00606	0.00181	0.00531	0.00769	0.00528	0.00782
2	0.01892	0.01975	0.22387	0.01402	0.01967	0.01651	0.01369	0.54469	0.02282	0.03112	0.01278	0.01328	0.00905	0.00647	0.00564	0.00174	0.00689	0.00490	0.00481	0.00938
3	0.01325	0.00921	0.01122	0.00873	0.01232	0.00783	0.00676	0.07646	0.01229	0.07570	0.01137	0.01413	0.00942	0.00898	0.00946	0.22983	0.00466	0.00416	0.00363	0.47059
4	0.56891	0.01235	0.01109	0.00922	0.01310	0.01393	0.00760	0.21733	0.01482	0.07025	0.01037	0.01108	0.00761	0.00584	0.00426	0.00176	0.00496	0.00381	0.00434	0.00736
5	0.01447	0.23036	0.02507	0.02815	0.55758	0.01608	0.01542	0.01744	0.01264	0.01725	0.00999	0.01279	0.00859	0.00504	0.00512	0.00157	0.00661	0.00454	0.00273	0.00859
6	0.00730	0.00529	0.00734	0.00830	0.00882	0.00533	0.00582	0.00858	0.01047	0.01424	0.02707	0.58289	0.03136	0.02478	0.21863	0.00421	0.00662	0.01348	0.00469	0.00477
7	0.01996	0.02412	0.01600	0.01524	0.05884	0.62672	0.01102	0.04900	0.01589	0.01556	0.00971	0.01144	0.00802	0.00609	0.00565	0.00153	0.03904	0.00397	0.05543	0.00679
8	0.00728	0.00522	0.00691	0.00775	0.00836	0.00485	0.00533	0.00874	0.01239	0.01689	0.23179	0.58845	0.04227	0.01621	0.00715	0.00218	0.00315	0.01463	0.00558	0.00485
9	0.00812	0.00580	0.00795	0.00928	0.01011	0.00563	0.00730	0.00995	0.01208	0.01589	0.03089	0.42231	0.03532	0.01684	0.00761	0.00248	0.00431	0.37788	0.00529	0.00496
10	0.01556	0.02078	0.18158	0.02547	0.39974	0.22304	0.01654	0.01913	0.01370	0.01728	0.01013	0.01265	0.00821	0.00539	0.00547	0.00166	0.00812	0.00452	0.00277	0.00826
11	0.01129	0.02425	0.56264	0.22761	0.02878	0.01313	0.01969	0.01715	0.01190	0.01715	0.01024	0.01295	0.00735	0.00551	0.00551	0.00184	0.00823	0.00446	0.00245	0.00788
12	0.00820	0.00601	0.00781	0.00796	0.00934	0.00563	0.00631	0.01067	0.01479	0.02012	0.44761	0.07532	0.13603	0.01338	0.00708	0.00206	0.00345	0.20709	0.00586	0.00527
13	0.00715	0.00592	0.00634	0.00655	0.00839	0.00511	0.00513	0.00879	0.01306	0.01572	0.05351	0.05656	0.64435	0.01470	0.00694	0.00204	0.00328	0.12624	0.00530	0.00490
14	0.03241	0.00554	0.00602	0.00637	0.00764	0.00521	0.00460	0.01034	0.01207	0.01792	0.06167	0.25899	0.22785	0.01228	0.00582	0.00182	0.00297	0.01053	0.30492	0.00502
15	0.00696	0.00585	0.00608	0.00614	0.00801	0.00496	0.00469	0.00853	0.01317	0.01584	0.08345	0.05515	0.68867	0.01446	0.00683	0.00197	0.00304	0.05598	0.00535	0.00488
16	0.01147	0.00943	0.01146	0.00897	0.01290	0.00813	0.00714	0.05945	0.01208	0.01827	0.01181	0.01490	0.01015	0.01503	0.21650	0.00320	0.00741	0.00425	0.00345	0.55400
17	0.01242	0.01104	0.01568	0.03595	0.13872	0.01313	0.01134	0.08630	0.01171	0.01708	0.01110	0.01566	0.00993	0.01735	0.22197	0.00398	0.28562	0.00522	0.00310	0.07269
18	0.01550	0.01153	0.01323	0.01010	0.01433	0.01095	0.00817	0.26028	0.01777	0.07098	0.12127	0.01746	0.01585	0.00650	0.00548	0.00137	0.02026	0.00517	0.00481	0.36903

[dist]
# distance from previous block
# <min> <max>
8	333

# created by:
# /software/SequenceAnalysis/GenePrediction/augustus/3.0.1/scripts/msa2prfl.pl ./fixed/BUSCOvEOG7THX70.fas
