[name]
unknown

[dist]
# distance from previous block
# <min> <max>
8	222

[block]
# block no. 0 follows, 40 sequences, length 10
# corresponding to MSA columns:
# 224-233
name=unknown_A
#
# <colnr> <probs for GDERKNQSTAVLIFYWHMCP>
#	G	D	E	R	K	N	Q	S	T	A	V	L	I	F	Y	W	H	M	C	P
0	0.01871	0.25714	0.02181	0.01674	0.13421	0.42746	0.01189	0.02063	0.01457	0.01482	0.00903	0.01076	0.00775	0.00556	0.00487	0.00146	0.00864	0.00378	0.00282	0.00735
1	0.14530	0.67463	0.02701	0.00959	0.01434	0.02144	0.00937	0.01736	0.01151	0.01564	0.00809	0.00935	0.00728	0.00504	0.00371	0.00133	0.00595	0.00312	0.00266	0.00728
2	0.23202	0.01246	0.01842	0.17208	0.42208	0.01344	0.01445	0.01707	0.01204	0.02008	0.01007	0.01329	0.00816	0.00536	0.00520	0.00179	0.00643	0.00464	0.00301	0.00791
3	0.01335	0.01453	0.02862	0.02097	0.02555	0.01465	0.51276	0.01726	0.01255	0.01769	0.01076	0.01470	0.00855	0.00594	0.00915	0.00197	0.17099	0.00615	0.00291	0.09096
4	0.13358	0.01560	0.01623	0.01260	0.01710	0.01735	0.01040	0.64104	0.02495	0.03520	0.01316	0.01334	0.00940	0.00676	0.00551	0.00175	0.00614	0.00495	0.00551	0.00940
5	0.01192	0.01229	0.02374	0.01789	0.02149	0.01243	0.40358	0.01560	0.01379	0.01930	0.23466	0.02355	0.02246	0.00783	0.00879	0.00201	0.13017	0.00768	0.00392	0.00690
6	0.02214	0.01169	0.08909	0.01076	0.01528	0.00909	0.00959	0.02573	0.05913	0.56965	0.09594	0.02154	0.01798	0.00754	0.00592	0.00182	0.00507	0.00621	0.00656	0.00928
7	0.00775	0.00613	0.00712	0.00746	0.00918	0.00550	0.00599	0.00972	0.01364	0.01703	0.12557	0.05745	0.46874	0.01482	0.00721	0.00216	0.00363	0.22032	0.00549	0.00510
8	0.01705	0.01730	0.02066	0.07132	0.43415	0.19618	0.01520	0.12153	0.01593	0.02012	0.01087	0.01346	0.00881	0.00567	0.00565	0.00169	0.00774	0.00484	0.00331	0.00855
9	0.01412	0.51715	0.29998	0.01238	0.01868	0.01952	0.01418	0.01778	0.01199	0.01542	0.00895	0.01041	0.00743	0.00518	0.00439	0.00146	0.00709	0.00354	0.00248	0.00788

[dist]
# distance from previous block
# <min> <max>
0	1

[block]
# block no. 1 follows, 40 sequences, length 8
# corresponding to MSA columns:
# 235-242
name=unknown_B
#
# <colnr> <probs for GDERKNQSTAVLIFYWHMCP>
#	G	D	E	R	K	N	Q	S	T	A	V	L	I	F	Y	W	H	M	C	P
0	0.00725	0.00519	0.00690	0.00798	0.00847	0.00483	0.00541	0.00851	0.01190	0.01607	0.13670	0.68369	0.04083	0.01730	0.00734	0.00228	0.00328	0.01566	0.00554	0.00483
1	0.01361	0.08151	0.46457	0.01747	0.02474	0.01499	0.17706	0.10175	0.01430	0.02022	0.01096	0.01301	0.00799	0.00552	0.00572	0.00181	0.00843	0.00488	0.00295	0.00850
2	0.02344	0.01245	0.10035	0.01119	0.01606	0.00962	0.01010	0.02741	0.07808	0.61480	0.02156	0.01909	0.01387	0.00706	0.00582	0.00182	0.00534	0.00573	0.00654	0.00969
3	0.00717	0.00581	0.00639	0.00659	0.00822	0.00503	0.00490	0.00878	0.01332	0.01654	0.13434	0.16128	0.53978	0.01496	0.00700	0.00204	0.00309	0.04426	0.00551	0.00497
4	0.00831	0.00623	0.00935	0.00935	0.01038	0.00727	0.00727	0.01038	0.00935	0.01350	0.01558	0.02285	0.01454	0.04361	0.77259	0.00935	0.01558	0.00623	0.00312	0.00519
5	0.01206	0.01034	0.01206	0.00861	0.01378	0.00775	0.00689	0.01464	0.01206	0.01895	0.01034	0.01206	0.00861	0.00431	0.00431	0.00086	0.00431	0.00345	0.00345	0.83118
6	0.01597	0.01412	0.01918	0.35001	0.09124	0.05991	0.06870	0.26695	0.01765	0.02300	0.01167	0.01459	0.00868	0.00611	0.00586	0.00183	0.00753	0.00524	0.00378	0.00800
7	0.01136	0.00718	0.00966	0.00985	0.06628	0.00656	0.00689	0.01389	0.01567	0.13835	0.45710	0.04014	0.14572	0.01121	0.00666	0.00187	0.00353	0.03564	0.00608	0.00637

[dist]
# distance from previous block
# <min> <max>
2	5

[block]
# block no. 2 follows, 40 sequences, length 22
# corresponding to MSA columns:
# 248-269
name=unknown_C
#
# <colnr> <probs for GDERKNQSTAVLIFYWHMCP>
#	G	D	E	R	K	N	Q	S	T	A	V	L	I	F	Y	W	H	M	C	P
0	0.00819	0.00667	0.00734	0.00704	0.00896	0.00619	0.00532	0.01179	0.09862	0.01919	0.28327	0.04793	0.44231	0.01301	0.00676	0.00192	0.00307	0.01104	0.00579	0.00559
1	0.00729	0.00591	0.00647	0.00633	0.00811	0.00509	0.00475	0.00915	0.01424	0.01804	0.27230	0.05213	0.54216	0.01386	0.00687	0.00192	0.00288	0.01174	0.00571	0.00509
2	0.01313	0.01296	0.02335	0.28543	0.39275	0.01367	0.13978	0.01697	0.01278	0.01754	0.01088	0.01499	0.00865	0.00535	0.00596	0.00184	0.00769	0.00546	0.00279	0.00805
3	0.00709	0.00506	0.00675	0.00810	0.00843	0.00472	0.00540	0.00810	0.01113	0.01484	0.03205	0.79184	0.03846	0.01822	0.00742	0.00236	0.00337	0.01653	0.00540	0.00472
4	0.01166	0.03008	0.76550	0.01657	0.02517	0.01351	0.02149	0.01842	0.01228	0.01842	0.01044	0.01228	0.00737	0.00552	0.00552	0.00184	0.00859	0.00430	0.00246	0.00859
5	0.01367	0.01029	0.01222	0.00881	0.01390	0.00784	0.00708	0.01621	0.01258	0.10428	0.01178	0.01295	0.00928	0.00464	0.00448	0.00097	0.00438	0.00372	0.00388	0.73704
6	0.00687	0.00589	0.00589	0.00589	0.00785	0.00491	0.00442	0.00835	0.01325	0.01571	0.05891	0.05596	0.75700	0.01473	0.00687	0.00196	0.00295	0.01227	0.00540	0.00491
7	0.06977	0.02502	0.54079	0.07182	0.02610	0.01363	0.13599	0.01810	0.01230	0.01873	0.01048	0.01286	0.00755	0.00544	0.00563	0.00186	0.00844	0.00469	0.00262	0.00816
8	0.01446	0.01249	0.01315	0.01183	0.01512	0.01446	0.00920	0.03090	0.74885	0.02433	0.02367	0.02170	0.01775	0.00789	0.00592	0.00197	0.00460	0.00657	0.00592	0.00920
9	0.02046	0.02421	0.01596	0.01431	0.01747	0.58477	0.01086	0.07482	0.14737	0.01760	0.01195	0.01272	0.00948	0.00640	0.00540	0.00160	0.00915	0.00435	0.00371	0.00740
10	0.01469	0.01601	0.02592	0.02100	0.09405	0.10870	0.40585	0.02018	0.10388	0.01885	0.01263	0.01523	0.00976	0.00536	0.00615	0.00176	0.00835	0.00589	0.00336	0.10237
11	0.01991	0.02427	0.01824	0.02011	0.20167	0.58436	0.01287	0.02189	0.01568	0.01541	0.00947	0.01145	0.00792	0.00579	0.00537	0.00155	0.00960	0.00410	0.00297	0.00735
12	0.02609	0.00990	0.01350	0.01035	0.01484	0.00855	0.00855	0.02834	0.01664	0.76338	0.02294	0.01979	0.01439	0.00720	0.00585	0.00180	0.00495	0.00585	0.00720	0.00990
13	0.00823	0.00594	0.00777	0.00732	0.00869	0.00549	0.00549	0.01097	0.01646	0.02332	0.75629	0.04344	0.05487	0.01189	0.00686	0.00183	0.00274	0.01052	0.00640	0.00549
14	0.00846	0.00564	0.00634	0.00634	0.00634	0.00564	0.00352	0.00846	0.00846	0.01128	0.01832	0.03805	0.02114	0.79563	0.02960	0.00564	0.00564	0.00846	0.00352	0.00352
15	0.01373	0.01569	0.03431	0.02451	0.03039	0.01471	0.73824	0.01863	0.01373	0.01863	0.01176	0.01569	0.00882	0.00490	0.00686	0.00196	0.00980	0.00686	0.00294	0.00784
16	0.00881	0.00697	0.01032	0.01002	0.01094	0.00848	0.00789	0.01080	0.00930	0.01356	0.01467	0.02169	0.01375	0.03978	0.68622	0.00857	0.10377	0.00610	0.00305	0.00533
17	0.00727	0.00570	0.00658	0.00680	0.00821	0.00501	0.00493	0.00896	0.01355	0.01744	0.23063	0.23509	0.39937	0.01487	0.00701	0.00203	0.00300	0.01288	0.00566	0.00501
18	0.02062	0.01495	0.01617	0.01281	0.01713	0.01653	0.01045	0.52479	0.19386	0.08564	0.01685	0.01617	0.01203	0.00721	0.00584	0.00180	0.00588	0.00559	0.00594	0.00973
19	0.01172	0.01052	0.01516	0.43033	0.05707	0.01248	0.01288	0.01906	0.23516	0.01789	0.01689	0.10632	0.01436	0.00784	0.00603	0.00199	0.00626	0.00690	0.00393	0.00720
20	0.10935	0.07705	0.15985	0.01199	0.01658	0.01422	0.01125	0.02560	0.39441	0.09249	0.01803	0.01732	0.01330	0.00685	0.00540	0.00185	0.00552	0.00540	0.00483	0.00868
21	0.01490	0.45498	0.29551	0.01251	0.01872	0.03984	0.01409	0.01855	0.01238	0.05697	0.00979	0.01101	0.00781	0.00533	0.00454	0.00150	0.00713	0.00371	0.00275	0.00799

[dist]
# distance from previous block
# <min> <max>
0	2

[block]
# block no. 3 follows, 40 sequences, length 10
# corresponding to MSA columns:
# 272-281
name=unknown_D
#
# <colnr> <probs for GDERKNQSTAVLIFYWHMCP>
#	G	D	E	R	K	N	Q	S	T	A	V	L	I	F	Y	W	H	M	C	P
0	0.01654	0.17821	0.31909	0.01444	0.02027	0.22991	0.01506	0.10768	0.01521	0.01854	0.01000	0.01140	0.00773	0.00573	0.00513	0.00162	0.00840	0.00402	0.00302	0.00801
1	0.01072	0.00850	0.01007	0.00884	0.01180	0.00743	0.00684	0.08077	0.01351	0.01892	0.02442	0.25051	0.10085	0.01099	0.00603	0.00169	0.00420	0.08385	0.00465	0.33541
2	0.01917	0.08194	0.01452	0.01028	0.01436	0.01137	0.00847	0.10953	0.12445	0.32772	0.08759	0.02103	0.04258	0.00746	0.00563	0.00168	0.00485	0.00603	0.00589	0.09545
3	0.01164	0.01937	0.37074	0.14551	0.02304	0.01260	0.01591	0.01719	0.09094	0.01721	0.03729	0.01562	0.01055	0.00825	0.00897	0.10230	0.07758	0.00507	0.00300	0.00725
4	0.01162	0.01018	0.00993	0.00872	0.01104	0.10064	0.00657	0.08898	0.01571	0.02061	0.30971	0.03383	0.14195	0.09588	0.00873	0.00210	0.00461	0.00832	0.00510	0.10577
5	0.11554	0.01357	0.01306	0.01082	0.01484	0.09418	0.00856	0.08785	0.26604	0.06888	0.01559	0.01552	0.01181	0.00627	0.00511	0.00156	0.00533	0.00482	0.00471	0.23593
6	0.01522	0.03829	0.37015	0.01412	0.02019	0.01374	0.01537	0.14203	0.01492	0.09944	0.01199	0.01331	0.00872	0.00629	0.00689	0.00176	0.09106	0.00458	0.00366	0.10828
7	0.01602	0.01478	0.08402	0.01291	0.01729	0.01387	0.05567	0.31723	0.01863	0.02613	0.08260	0.01615	0.01334	0.00693	0.00706	0.00166	0.09114	0.00533	0.00450	0.19473
8	0.01935	0.01491	0.01511	0.01222	0.01638	0.08653	0.00981	0.31132	0.22283	0.11719	0.01687	0.01627	0.01224	0.00688	0.00563	0.00170	0.00589	0.00534	0.00549	0.09804
9	0.04011	0.01409	0.01377	0.01120	0.01515	0.12116	0.00889	0.18535	0.13582	0.11392	0.08554	0.01767	0.01525	0.00684	0.00546	0.00156	0.00565	0.00536	0.00506	0.19216

[dist]
# distance from previous block
# <min> <max>
0	44

[block]
# block no. 4 follows, 40 sequences, length 10
# corresponding to MSA columns:
# 331-340
name=unknown_E
#
# <colnr> <probs for GDERKNQSTAVLIFYWHMCP>
#	G	D	E	R	K	N	Q	S	T	A	V	L	I	F	Y	W	H	M	C	P
0	0.13309	0.01084	0.01209	0.00900	0.01383	0.00933	0.00728	0.06767	0.01334	0.10409	0.01167	0.01268	0.00901	0.00497	0.00448	0.00116	0.00455	0.00380	0.00405	0.56304
1	0.01516	0.01412	0.01652	0.01385	0.07019	0.09607	0.08281	0.12561	0.07561	0.02147	0.01201	0.01349	0.00949	0.00531	0.00513	0.00133	0.00607	0.00447	0.00386	0.40741
2	0.01189	0.09269	0.09784	0.10923	0.08340	0.01045	0.01056	0.01540	0.03529	0.07278	0.23901	0.06471	0.05848	0.00856	0.00591	0.00174	0.00512	0.00734	0.00450	0.06509
3	0.10507	0.06271	0.30409	0.14743	0.02438	0.09255	0.07492	0.01929	0.08192	0.01854	0.01124	0.01335	0.00843	0.00575	0.00538	0.00181	0.00778	0.00462	0.00303	0.00771
4	0.01348	0.00897	0.01044	0.00874	0.01186	0.00828	0.00683	0.09016	0.07796	0.12495	0.02800	0.02868	0.22636	0.01082	0.00829	0.12106	0.00438	0.02103	0.00491	0.18481
5	0.01234	0.01429	0.17576	0.01553	0.15307	0.01079	0.01211	0.13233	0.01665	0.02344	0.31875	0.02685	0.04649	0.00854	0.00620	0.00180	0.00538	0.00737	0.00478	0.00755
6	0.01833	0.01029	0.01399	0.01431	0.15175	0.00960	0.00950	0.02252	0.09728	0.33198	0.05214	0.01932	0.01498	0.00670	0.00549	0.00164	0.00484	0.00567	0.09710	0.11256
7	0.01545	0.36488	0.29108	0.01324	0.01922	0.11973	0.01433	0.06951	0.01370	0.01707	0.00946	0.01087	0.00760	0.00545	0.00472	0.00153	0.00766	0.00377	0.00278	0.00794
8	0.01365	0.07927	0.44141	0.01814	0.15211	0.01325	0.01743	0.01867	0.01275	0.07943	0.01137	0.01303	0.00841	0.00544	0.00534	0.00167	0.00738	0.00441	0.00302	0.09383
9	0.01410	0.06944	0.12342	0.01192	0.01605	0.01109	0.09079	0.09212	0.05531	0.13004	0.21966	0.02700	0.09700	0.00857	0.00614	0.00181	0.00544	0.00742	0.00510	0.00758

[dist]
# distance from previous block
# <min> <max>
0	4

[block]
# block no. 5 follows, 40 sequences, length 6
# corresponding to MSA columns:
# 345-350
name=unknown_F
#
# <colnr> <probs for GDERKNQSTAVLIFYWHMCP>
#	G	D	E	R	K	N	Q	S	T	A	V	L	I	F	Y	W	H	M	C	P
0	0.01430	0.00855	0.01024	0.00902	0.01186	0.00807	0.00710	0.01865	0.13860	0.21822	0.05647	0.03538	0.17297	0.09625	0.00884	0.00231	0.00446	0.09449	0.00563	0.07860
1	0.01690	0.01579	0.09969	0.09278	0.16875	0.01489	0.01346	0.33775	0.05201	0.02666	0.01292	0.01445	0.00967	0.00618	0.00561	0.00170	0.00653	0.00505	0.02859	0.07062
2	0.13310	0.22465	0.32324	0.01167	0.01733	0.01440	0.01318	0.01628	0.01218	0.01827	0.06045	0.01829	0.10134	0.00687	0.00502	0.00169	0.00633	0.00516	0.00323	0.00732
3	0.01352	0.10505	0.58347	0.01569	0.02311	0.12591	0.01885	0.01902	0.01285	0.01734	0.00999	0.01173	0.00739	0.00554	0.00531	0.00173	0.00864	0.00410	0.00254	0.00821
4	0.11675	0.01380	0.02167	0.01665	0.04509	0.01375	0.27667	0.16838	0.01600	0.10474	0.01264	0.01441	0.00929	0.00578	0.00625	0.00176	0.03652	0.00542	0.00413	0.11032
5	0.01232	0.01251	0.10347	0.00989	0.01464	0.00911	0.00885	0.09373	0.01436	0.02128	0.12133	0.05247	0.01676	0.00650	0.00514	0.00129	0.00479	0.00538	0.00411	0.48209

[dist]
# distance from previous block
# <min> <max>
10	14

[block]
# block no. 6 follows, 40 sequences, length 49
# corresponding to MSA columns:
# 369-417
name=unknown_G
#
# <colnr> <probs for GDERKNQSTAVLIFYWHMCP>
#	G	D	E	R	K	N	Q	S	T	A	V	L	I	F	Y	W	H	M	C	P
0	0.01466	0.48130	0.02277	0.00979	0.01380	0.01781	0.00898	0.12273	0.01530	0.01954	0.19945	0.01870	0.01989	0.00703	0.00484	0.00147	0.00536	0.00531	0.00398	0.00732
1	0.08101	0.01286	0.14626	0.01176	0.06846	0.01030	0.00942	0.13389	0.01293	0.01882	0.01553	0.06720	0.01561	0.35322	0.01610	0.00351	0.00617	0.00693	0.00378	0.00622
2	0.45815	0.15639	0.07081	0.01005	0.01435	0.07904	0.00909	0.10738	0.01313	0.02360	0.00907	0.01028	0.00713	0.00558	0.00418	0.00167	0.00585	0.00354	0.00354	0.00716
3	0.01228	0.01123	0.01515	0.01314	0.01380	0.01464	0.01073	0.07378	0.01197	0.01763	0.14467	0.07656	0.01862	0.01082	0.01490	0.00234	0.52071	0.00693	0.00373	0.00638
4	0.01345	0.01405	0.02649	0.07682	0.02631	0.01367	0.46248	0.02006	0.14561	0.01941	0.01362	0.01630	0.01032	0.00543	0.00630	0.00182	0.00803	0.00626	0.00351	0.11006
5	0.00718	0.00541	0.00641	0.00713	0.00798	0.00490	0.00483	0.00823	0.01152	0.01469	0.03944	0.44944	0.27940	0.11342	0.00999	0.00263	0.00351	0.01409	0.00517	0.00464
6	0.01337	0.07622	0.01233	0.00907	0.01230	0.01139	0.00739	0.28608	0.01847	0.02347	0.03764	0.03616	0.41142	0.01098	0.00621	0.00182	0.00453	0.00884	0.00531	0.00701
7	0.01084	0.00542	0.00542	0.00542	0.00678	0.00542	0.00407	0.01355	0.01220	0.02168	0.01897	0.02168	0.01491	0.00678	0.00407	0.00136	0.00271	0.00542	0.82791	0.00542
8	0.02966	0.00663	0.00750	0.10204	0.01149	0.00706	0.00591	0.04512	0.01273	0.02158	0.01744	0.02031	0.01361	0.00663	0.00435	0.00145	0.00353	0.00533	0.67185	0.00576
9	0.00723	0.00517	0.00687	0.00800	0.00847	0.00482	0.00541	0.00845	0.01179	0.01590	0.12184	0.69905	0.04050	0.01743	0.00735	0.00230	0.00330	0.01579	0.00552	0.00482
10	0.01084	0.00542	0.00542	0.00542	0.00678	0.00542	0.00407	0.01355	0.01220	0.02168	0.01897	0.02168	0.01491	0.00678	0.00407	0.00136	0.00271	0.00542	0.82791	0.00542
11	0.29090	0.01123	0.01546	0.39515	0.15051	0.01311	0.01310	0.01611	0.01131	0.01935	0.00968	0.01327	0.00750	0.00557	0.00506	0.00186	0.00651	0.00449	0.00298	0.00686
12	0.01430	0.01407	0.02503	0.03420	0.66218	0.01394	0.11388	0.01795	0.01331	0.01895	0.01105	0.01457	0.00916	0.00514	0.00590	0.00176	0.00729	0.00541	0.00289	0.00903
13	0.01444	0.22360	0.48492	0.01411	0.02128	0.01531	0.01694	0.01939	0.01270	0.10957	0.01139	0.01246	0.00826	0.00559	0.00511	0.00168	0.00754	0.00419	0.00305	0.00847
14	0.00846	0.00564	0.00634	0.00634	0.00634	0.00564	0.00352	0.00846	0.00846	0.01128	0.01832	0.03805	0.02114	0.79563	0.02960	0.00564	0.00564	0.00846	0.00352	0.00352
15	0.08046	0.02226	0.01529	0.01380	0.01669	0.50485	0.01055	0.02371	0.16755	0.01720	0.01187	0.01290	0.00954	0.00664	0.00624	0.00169	0.06357	0.00438	0.00362	0.00719
16	0.02071	0.01494	0.01596	0.01239	0.01664	0.01647	0.01019	0.64991	0.02546	0.03479	0.01458	0.01492	0.01051	0.00696	0.00560	0.00170	0.00594	0.00526	0.10774	0.00934
17	0.01098	0.01034	0.01744	0.78165	0.04005	0.01292	0.01615	0.01486	0.01163	0.01486	0.01034	0.01550	0.00775	0.00581	0.00581	0.00194	0.00775	0.00517	0.00258	0.00646
18	0.01098	0.01034	0.01744	0.78165	0.04005	0.01292	0.01615	0.01486	0.01163	0.01486	0.01034	0.01550	0.00775	0.00581	0.00581	0.00194	0.00775	0.00517	0.00258	0.00646
19	0.45114	0.01363	0.01276	0.01036	0.01446	0.01541	0.00855	0.35925	0.01815	0.03109	0.01087	0.01158	0.00800	0.00615	0.00465	0.00177	0.00540	0.00414	0.00465	0.00800
20	0.00776	0.00593	0.00712	0.00682	0.00840	0.00529	0.00512	0.01006	0.01535	0.02068	0.51430	0.04779	0.29851	0.01287	0.00686	0.00188	0.00281	0.01113	0.00605	0.00529
21	0.01098	0.01034	0.01744	0.78165	0.04005	0.01292	0.01615	0.01486	0.01163	0.01486	0.01034	0.01550	0.00775	0.00581	0.00581	0.00194	0.00775	0.00517	0.00258	0.00646
22	0.01098	0.01034	0.01744	0.78165	0.04005	0.01292	0.01615	0.01486	0.01163	0.01486	0.01034	0.01550	0.00775	0.00581	0.00581	0.00194	0.00775	0.00517	0.00258	0.00646
23	0.01272	0.01272	0.01781	0.01527	0.01527	0.01781	0.01272	0.01399	0.00891	0.01399	0.00763	0.01272	0.00763	0.01018	0.01908	0.00254	0.78499	0.00509	0.00254	0.00636
24	0.00788	0.00577	0.00577	0.00577	0.00758	0.00504	0.00433	0.00967	0.01298	0.01723	0.04874	0.04724	0.56806	0.01270	0.00616	0.00181	0.00289	0.01053	0.21481	0.00504
25	0.01169	0.01106	0.01872	0.62674	0.18943	0.01311	0.01650	0.01548	0.01196	0.01572	0.01046	0.01527	0.00806	0.00568	0.00580	0.00189	0.00758	0.00517	0.00265	0.00703
26	0.01439	0.01382	0.02360	0.03569	0.75936	0.01382	0.01785	0.01785	0.01324	0.01900	0.01094	0.01439	0.00921	0.00518	0.00576	0.00173	0.00691	0.00518	0.00288	0.00921
27	0.00847	0.00610	0.00811	0.00803	0.00940	0.00574	0.00631	0.01120	0.01581	0.02207	0.60333	0.04811	0.05036	0.01277	0.00711	0.00201	0.00329	0.16014	0.00618	0.00546
28	0.01272	0.01272	0.01781	0.01527	0.01527	0.01781	0.01272	0.01399	0.00891	0.01399	0.00763	0.01272	0.00763	0.01018	0.01908	0.00254	0.78499	0.00509	0.00254	0.00636
29	0.01353	0.01307	0.02357	0.12406	0.48288	0.01321	0.14628	0.01685	0.01271	0.01775	0.01095	0.01501	0.00903	0.00633	0.00723	0.06373	0.00740	0.00547	0.00283	0.00812
30	0.01503	0.01456	0.02287	0.03078	0.57127	0.04734	0.07028	0.05296	0.07993	0.02006	0.01220	0.01495	0.00990	0.00552	0.00583	0.00176	0.00705	0.00537	0.00330	0.00903
31	0.01414	0.01356	0.02314	0.09142	0.70562	0.01375	0.01772	0.01762	0.01312	0.01869	0.01089	0.01448	0.00910	0.00523	0.00576	0.00174	0.00697	0.00518	0.00286	0.00901
32	0.00868	0.00620	0.00857	0.00992	0.01095	0.00609	0.00816	0.01085	0.01270	0.01663	0.03117	0.28628	0.03498	0.01672	0.00785	0.00258	0.00475	0.50639	0.00537	0.00516
33	0.01189	0.02872	0.70340	0.01817	0.08662	0.01353	0.02118	0.01837	0.01236	0.01846	0.01048	0.01245	0.00752	0.00550	0.00554	0.00183	0.00845	0.00437	0.00249	0.00865
34	0.01215	0.12542	0.67438	0.01575	0.02390	0.01468	0.02006	0.01829	0.01222	0.01783	0.01014	0.01191	0.00738	0.00546	0.00530	0.00177	0.00830	0.00415	0.00246	0.00845
35	0.00715	0.00524	0.00673	0.00776	0.00838	0.00481	0.00528	0.00837	0.01184	0.01566	0.09600	0.63797	0.12891	0.01726	0.00731	0.00227	0.00327	0.01550	0.00548	0.00481
36	0.01352	0.01293	0.02204	0.22562	0.57622	0.01359	0.01741	0.01709	0.01283	0.01794	0.01079	0.01468	0.00884	0.00534	0.00577	0.00178	0.00712	0.00518	0.00280	0.00851
37	0.01439	0.01382	0.02360	0.03569	0.75936	0.01382	0.01785	0.01785	0.01324	0.01900	0.01094	0.01439	0.00921	0.00518	0.00576	0.00173	0.00691	0.00518	0.00288	0.00921
38	0.00837	0.00597	0.00801	0.00801	0.00858	0.00654	0.00560	0.00952	0.00895	0.01251	0.01680	0.02963	0.01748	0.37884	0.44139	0.00769	0.01115	0.00722	0.00330	0.00445
39	0.00881	0.00757	0.00774	0.00740	0.00970	0.00734	0.00564	0.01409	0.20054	0.01790	0.04994	0.04724	0.56878	0.01299	0.00663	0.00197	0.00337	0.01082	0.00553	0.00600
40	0.01254	0.02893	0.70289	0.01631	0.02457	0.01388	0.02061	0.07881	0.01354	0.01994	0.01073	0.01242	0.00758	0.00565	0.00555	0.00183	0.00841	0.00438	0.00274	0.00870
41	0.01284	0.01088	0.01171	0.01073	0.01358	0.01222	0.00835	0.02573	0.56476	0.02318	0.11775	0.02915	0.08491	0.00931	0.00621	0.00198	0.00427	0.03832	0.00591	0.00822
42	0.01185	0.01154	0.02048	0.57262	0.14991	0.01328	0.10593	0.01579	0.01214	0.01596	0.01061	0.01535	0.00811	0.00560	0.00594	0.00191	0.00788	0.00538	0.00267	0.00706
43	0.01370	0.01276	0.01966	0.18454	0.42049	0.01380	0.01529	0.02055	0.20019	0.01949	0.01405	0.01648	0.01108	0.00600	0.00581	0.00183	0.00650	0.00553	0.00359	0.00864
44	0.01516	0.01723	0.01294	0.04531	0.03550	0.37341	0.00918	0.01790	0.05628	0.01709	0.17385	0.02608	0.14582	0.00885	0.00617	0.00172	0.02001	0.00689	0.00425	0.00635
45	0.01206	0.01034	0.01206	0.00861	0.01378	0.00775	0.00689	0.01464	0.01206	0.01895	0.01034	0.01206	0.00861	0.00431	0.00431	0.00086	0.00431	0.00345	0.00345	0.83118
46	0.01705	0.01909	0.01543	0.04883	0.10892	0.37537	0.01095	0.03407	0.17436	0.01739	0.01672	0.01836	0.06661	0.04376	0.00674	0.00188	0.00779	0.00548	0.00385	0.00734
47	0.01467	0.01532	0.08642	0.01859	0.04068	0.01399	0.34863	0.20055	0.01656	0.02253	0.01518	0.13248	0.01345	0.00763	0.00681	0.00196	0.02499	0.00762	0.00399	0.00795
48	0.01671	0.01248	0.01369	0.01151	0.01479	0.01361	0.00908	0.41997	0.12497	0.02862	0.02002	0.21329	0.01840	0.00992	0.00616	0.00191	0.00523	0.00827	0.02834	0.02303

[dist]
# distance from previous block
# <min> <max>
11	17

[block]
# block no. 7 follows, 40 sequences, length 57
# corresponding to MSA columns:
# 436-492
name=unknown_H
#
# <colnr> <probs for GDERKNQSTAVLIFYWHMCP>
#	G	D	E	R	K	N	Q	S	T	A	V	L	I	F	Y	W	H	M	C	P
0	0.01344	0.01380	0.01885	0.47986	0.21773	0.12618	0.01585	0.01685	0.01276	0.01581	0.01029	0.01448	0.00808	0.00568	0.00571	0.00182	0.00795	0.00496	0.00272	0.00719
1	0.02211	0.01629	0.01745	0.01338	0.01803	0.01803	0.01105	0.73997	0.02734	0.03665	0.01396	0.01396	0.00989	0.00698	0.00582	0.00175	0.00640	0.00524	0.00582	0.00989
2	0.01084	0.00542	0.00542	0.00542	0.00678	0.00542	0.00407	0.01355	0.01220	0.02168	0.01897	0.02168	0.01491	0.00678	0.00407	0.00136	0.00271	0.00542	0.82791	0.00542
3	0.01224	0.01077	0.01295	0.00972	0.01405	0.00949	0.00784	0.01512	0.03778	0.01840	0.01041	0.01250	0.00879	0.00531	0.00656	0.00115	0.12052	0.00380	0.00340	0.67918
4	0.00823	0.00594	0.00777	0.00732	0.00869	0.00549	0.00549	0.01097	0.01646	0.02332	0.75629	0.04344	0.05487	0.01189	0.00686	0.00183	0.00274	0.01052	0.00640	0.00549
5	0.01084	0.00542	0.00542	0.00542	0.00678	0.00542	0.00407	0.01355	0.01220	0.02168	0.01897	0.02168	0.01491	0.00678	0.00407	0.00136	0.00271	0.00542	0.82791	0.00542
6	0.01084	0.00757	0.00975	0.01037	0.07110	0.00859	0.00714	0.01292	0.01108	0.01806	0.01699	0.08757	0.01555	0.07502	0.05281	0.00251	0.15627	0.00659	0.41359	0.00569
7	0.01439	0.01382	0.02360	0.03569	0.75936	0.01382	0.01785	0.01785	0.01324	0.01900	0.01094	0.01439	0.00921	0.00518	0.00576	0.00173	0.00691	0.00518	0.00288	0.00921
8	0.02144	0.01617	0.01706	0.01327	0.01778	0.03138	0.01090	0.66546	0.08975	0.03517	0.01471	0.01457	0.01053	0.00704	0.00582	0.00176	0.00632	0.00532	0.00577	0.00977
9	0.00846	0.00564	0.00634	0.00634	0.00634	0.00564	0.00352	0.00846	0.00846	0.01128	0.01832	0.03805	0.02114	0.79563	0.02960	0.00564	0.00564	0.00846	0.00352	0.00352
10	0.02609	0.00990	0.01350	0.01035	0.01484	0.00855	0.00855	0.02834	0.01664	0.76338	0.02294	0.01979	0.01439	0.00720	0.00585	0.00180	0.00495	0.00585	0.00720	0.00990
11	0.01446	0.01249	0.01315	0.01183	0.01512	0.01446	0.00920	0.03090	0.74885	0.02433	0.02367	0.02170	0.01775	0.00789	0.00592	0.00197	0.00460	0.00657	0.00592	0.00920
12	0.01439	0.01382	0.02360	0.03569	0.75936	0.01382	0.01785	0.01785	0.01324	0.01900	0.01094	0.01439	0.00921	0.00518	0.00576	0.00173	0.00691	0.00518	0.00288	0.00921
13	0.02609	0.00990	0.01350	0.01035	0.01484	0.00855	0.00855	0.02834	0.01664	0.76338	0.02294	0.01979	0.01439	0.00720	0.00585	0.00180	0.00495	0.00585	0.00720	0.00990
14	0.02172	0.02772	0.01648	0.01498	0.01798	0.77228	0.01124	0.02322	0.01648	0.01423	0.00899	0.01049	0.00749	0.00599	0.00524	0.00150	0.01049	0.00375	0.00300	0.00674
15	0.00823	0.00594	0.00777	0.00732	0.00869	0.00549	0.00549	0.01097	0.01646	0.02332	0.75629	0.04344	0.05487	0.01189	0.00686	0.00183	0.00274	0.01052	0.00640	0.00549
16	0.01098	0.01034	0.01744	0.78165	0.04005	0.01292	0.01615	0.01486	0.01163	0.01486	0.01034	0.01550	0.00775	0.00581	0.00581	0.00194	0.00775	0.00517	0.00258	0.00646
17	0.01098	0.01034	0.01744	0.78165	0.04005	0.01292	0.01615	0.01486	0.01163	0.01486	0.01034	0.01550	0.00775	0.00581	0.00581	0.00194	0.00775	0.00517	0.00258	0.00646
18	0.01272	0.01272	0.01781	0.01527	0.01527	0.01781	0.01272	0.01399	0.00891	0.01399	0.00763	0.01272	0.00763	0.01018	0.01908	0.00254	0.78499	0.00509	0.00254	0.00636
19	0.00822	0.00568	0.00628	0.00628	0.00657	0.00553	0.00366	0.00844	0.00917	0.01194	0.02436	0.04072	0.13068	0.67939	0.02622	0.00509	0.00524	0.00902	0.00380	0.00373
20	0.01555	0.79913	0.03047	0.00995	0.01493	0.02301	0.00995	0.01741	0.01182	0.01368	0.00808	0.00933	0.00746	0.00498	0.00373	0.00124	0.00622	0.00311	0.00249	0.00746
21	0.01166	0.03008	0.76550	0.01657	0.02517	0.01351	0.02149	0.01842	0.01228	0.01842	0.01044	0.01228	0.00737	0.00552	0.00552	0.00184	0.00859	0.00430	0.00246	0.00859
22	0.00823	0.00594	0.00777	0.00732	0.00869	0.00549	0.00549	0.01097	0.01646	0.02332	0.75629	0.04344	0.05487	0.01189	0.00686	0.00183	0.00274	0.01052	0.00640	0.00549
23	0.01272	0.01272	0.01781	0.01527	0.01527	0.01781	0.01272	0.01399	0.00891	0.01399	0.00763	0.01272	0.00763	0.01018	0.01908	0.00254	0.78499	0.00509	0.00254	0.00636
24	0.01149	0.01085	0.01836	0.67062	0.14712	0.01305	0.01640	0.01530	0.01187	0.01547	0.01043	0.01534	0.00797	0.00572	0.00581	0.00191	0.00763	0.00517	0.00263	0.00687
25	0.83671	0.01125	0.00855	0.00765	0.01125	0.01305	0.00630	0.01709	0.00990	0.02609	0.00810	0.00945	0.00630	0.00540	0.00360	0.00180	0.00450	0.00315	0.00360	0.00630
26	0.00743	0.00530	0.00714	0.00849	0.00897	0.00502	0.00599	0.00869	0.01147	0.01523	0.03186	0.68373	0.03772	0.01790	0.00751	0.00241	0.00367	0.12128	0.00539	0.00482
27	0.01120	0.01056	0.01784	0.73335	0.08663	0.01298	0.01626	0.01505	0.01173	0.01513	0.01037	0.01543	0.00785	0.00577	0.00581	0.00192	0.00770	0.00517	0.00260	0.00664
28	0.01213	0.01112	0.01811	0.76843	0.04038	0.01349	0.01647	0.01563	0.01234	0.01593	0.01147	0.01701	0.00884	0.00657	0.00629	0.00214	0.00809	0.00553	0.00298	0.00704
29	0.01661	0.78563	0.03091	0.01071	0.01571	0.02340	0.01039	0.01814	0.01252	0.01478	0.00926	0.01095	0.00856	0.00574	0.00425	0.00146	0.00658	0.00350	0.00289	0.00803
30	0.02160	0.01561	0.01687	0.01346	0.01773	0.01690	0.01083	0.58567	0.08882	0.06857	0.01746	0.06681	0.01368	0.00853	0.00641	0.00202	0.00634	0.00647	0.00620	0.01002
31	0.01036	0.00830	0.00849	0.00783	0.01028	0.00758	0.00594	0.11814	0.01603	0.01989	0.05247	0.05049	0.63331	0.01417	0.00717	0.00213	0.00388	0.01145	0.00581	0.00626
32	0.01442	0.01225	0.01282	0.01167	0.01482	0.01359	0.00894	0.02802	0.62671	0.02395	0.02981	0.02820	0.12870	0.00962	0.00653	0.00217	0.00475	0.00776	0.00618	0.00910
33	0.01318	0.01112	0.01282	0.00939	0.01458	0.00842	0.00738	0.01542	0.01276	0.01995	0.01147	0.01363	0.00969	0.00509	0.00481	0.00109	0.00470	0.00383	0.00383	0.81683
34	0.01689	0.56740	0.13854	0.01222	0.01764	0.05409	0.01226	0.08337	0.01419	0.01757	0.01018	0.01186	0.00876	0.00605	0.00477	0.00161	0.00714	0.00390	0.00320	0.00838
35	0.00829	0.00676	0.00705	0.00693	0.00889	0.00571	0.00511	0.00962	0.01441	0.01790	0.16297	0.05488	0.64000	0.01490	0.00733	0.00215	0.00334	0.01224	0.00590	0.00561
36	0.02523	0.01108	0.01418	0.01132	0.01567	0.01008	0.00911	0.02925	0.12625	0.64089	0.02396	0.02151	0.01587	0.00803	0.00633	0.00203	0.00528	0.00630	0.00732	0.01032
37	0.01829	0.01336	0.01452	0.01254	0.01624	0.01460	0.00980	0.12542	0.53113	0.13688	0.02316	0.02178	0.01711	0.00838	0.00637	0.00212	0.00528	0.00662	0.00643	0.00993
38	0.01452	0.01357	0.02244	0.24423	0.54585	0.01412	0.01767	0.01773	0.01347	0.01884	0.01189	0.01623	0.00987	0.00612	0.00625	0.00199	0.00749	0.00554	0.00319	0.00898
39	0.01318	0.01112	0.01282	0.00939	0.01458	0.00842	0.00738	0.01542	0.01276	0.01995	0.01147	0.01363	0.00969	0.00509	0.00481	0.00109	0.00470	0.00383	0.00383	0.81683
40	0.82290	0.01201	0.00938	0.00844	0.01209	0.01362	0.00680	0.01782	0.01064	0.02696	0.00927	0.01107	0.00742	0.00616	0.00412	0.00201	0.00489	0.00354	0.00398	0.00689
41	0.01492	0.01610	0.03308	0.02667	0.13940	0.01511	0.61825	0.01921	0.01432	0.01969	0.01275	0.01700	0.00995	0.00571	0.00716	0.00213	0.00967	0.00694	0.00332	0.00861
42	0.01354	0.01144	0.01299	0.00987	0.01478	0.00942	0.00773	0.01784	0.12243	0.02075	0.01346	0.01507	0.01105	0.00562	0.00505	0.00125	0.00475	0.00430	0.00420	0.69448
43	0.01072	0.00769	0.00915	0.00944	0.01048	0.00755	0.00651	0.11798	0.01391	0.01869	0.02827	0.56312	0.03244	0.12060	0.01058	0.00290	0.00454	0.01393	0.00556	0.00595
44	0.01449	0.00890	0.01018	0.00906	0.01065	0.00881	0.00622	0.13570	0.01380	0.12888	0.02015	0.08118	0.02021	0.48132	0.02066	0.00433	0.00589	0.00835	0.00496	0.00626
45	0.01054	0.00761	0.00920	0.00967	0.01076	0.00743	0.00676	0.11793	0.01426	0.01917	0.03010	0.66350	0.03474	0.01707	0.00763	0.00247	0.00424	0.01500	0.00581	0.00611
46	0.05290	0.50540	0.26333	0.01270	0.01879	0.01993	0.01388	0.01844	0.01258	0.01685	0.01001	0.01189	0.00848	0.00594	0.00481	0.00168	0.00726	0.00388	0.00293	0.00834
47	0.01754	0.01338	0.01470	0.01266	0.04192	0.01411	0.00968	0.39606	0.11061	0.02997	0.12157	0.02659	0.12904	0.00951	0.00657	0.00201	0.00552	0.00747	0.00603	0.02506
48	0.01415	0.01048	0.01178	0.01011	0.01302	0.01045	0.00783	0.18270	0.11639	0.05288	0.30410	0.03361	0.13263	0.01060	0.00675	0.00199	0.00447	0.00865	0.00623	0.06114
49	0.02171	0.01617	0.01740	0.01344	0.01819	0.01714	0.01092	0.63101	0.02573	0.03497	0.01455	0.01525	0.01077	0.00736	0.00609	0.00184	0.00648	0.00535	0.00584	0.11978
50	0.01494	0.01135	0.01320	0.00977	0.01487	0.00896	0.00773	0.04983	0.01388	0.08966	0.01280	0.01443	0.01028	0.00548	0.00502	0.00121	0.00486	0.00414	0.00428	0.70329
51	0.01499	0.01409	0.02335	0.10065	0.60053	0.01394	0.05019	0.01812	0.01372	0.01961	0.01201	0.01593	0.01009	0.00593	0.00620	0.00191	0.00730	0.00550	0.00329	0.06266
52	0.01598	0.01470	0.02376	0.03454	0.69865	0.01465	0.01770	0.06532	0.01483	0.02114	0.01226	0.01590	0.01032	0.00606	0.00624	0.00194	0.00723	0.00554	0.00346	0.00979
53	0.02126	0.01601	0.01713	0.01353	0.01805	0.01732	0.01092	0.57509	0.13417	0.03435	0.01624	0.01653	0.01203	0.00767	0.00621	0.00193	0.00636	0.00568	0.00602	0.06349
54	0.01249	0.00875	0.00934	0.00866	0.00983	0.04312	0.00579	0.07514	0.01308	0.06541	0.12928	0.06985	0.02576	0.47377	0.02051	0.00428	0.00572	0.00876	0.00483	0.00562
55	0.01666	0.01550	0.02260	0.03192	0.61377	0.07997	0.01674	0.02011	0.04797	0.05437	0.01303	0.01617	0.01076	0.00623	0.00620	0.00193	0.00737	0.00551	0.00362	0.00956
56	0.01748	0.01295	0.01399	0.01201	0.01551	0.01405	0.00940	0.19754	0.39715	0.08783	0.07066	0.02372	0.04506	0.00878	0.00637	0.00207	0.00519	0.00693	0.04391	0.00939

[dist]
# distance from previous block
# <min> <max>
10	13

[block]
# block no. 8 follows, 40 sequences, length 36
# corresponding to MSA columns:
# 506-541
name=unknown_I
#
# <colnr> <probs for GDERKNQSTAVLIFYWHMCP>
#	G	D	E	R	K	N	Q	S	T	A	V	L	I	F	Y	W	H	M	C	P
0	0.02214	0.02369	0.01649	0.01426	0.01776	0.53686	0.01099	0.19391	0.01907	0.07469	0.01120	0.01200	0.00857	0.00632	0.00542	0.00158	0.00911	0.00425	0.00398	0.00772
1	0.00872	0.00649	0.00797	0.00838	0.00960	0.00610	0.00590	0.07122	0.01279	0.01709	0.03141	0.59926	0.10084	0.01591	0.00700	0.00216	0.00366	0.01421	0.00529	0.06600
2	0.01710	0.01301	0.01412	0.01184	0.01569	0.01431	0.00942	0.19798	0.46054	0.09009	0.02032	0.01899	0.01492	0.00735	0.00577	0.00182	0.00504	0.00596	0.00582	0.06991
3	0.02385	0.01295	0.01532	0.01180	0.01633	0.01315	0.00973	0.35852	0.04654	0.40111	0.01880	0.01715	0.01242	0.00712	0.00584	0.00178	0.00561	0.00559	0.00651	0.00987
4	0.01167	0.00622	0.00631	0.00601	0.00760	0.00635	0.00458	0.06700	0.01331	0.02278	0.01860	0.02111	0.01454	0.00679	0.00419	0.00138	0.00298	0.00541	0.76742	0.00575
5	0.01330	0.01270	0.02164	0.27404	0.52953	0.01353	0.01730	0.01689	0.01273	0.01768	0.01075	0.01475	0.00875	0.00538	0.00578	0.00179	0.00718	0.00518	0.00278	0.00833
6	0.01084	0.00542	0.00542	0.00542	0.00678	0.00542	0.00407	0.01355	0.01220	0.02168	0.01897	0.02168	0.01491	0.00678	0.00407	0.00136	0.00271	0.00542	0.82791	0.00542
7	0.01054	0.00755	0.00993	0.01075	0.06097	0.00707	0.00738	0.01351	0.07514	0.07185	0.02600	0.43667	0.02818	0.01344	0.00667	0.00206	0.00415	0.07788	0.00512	0.12514
8	0.00762	0.00572	0.00812	0.08043	0.01167	0.00586	0.00667	0.00906	0.01092	0.01465	0.02765	0.60842	0.03214	0.02073	0.11772	0.00333	0.00554	0.01398	0.00481	0.00495
9	0.01084	0.00542	0.00542	0.00542	0.00678	0.00542	0.00407	0.01355	0.01220	0.02168	0.01897	0.02168	0.01491	0.00678	0.00407	0.00136	0.00271	0.00542	0.82791	0.00542
10	0.01439	0.01382	0.02360	0.03569	0.75936	0.01382	0.01785	0.01785	0.01324	0.01900	0.01094	0.01439	0.00921	0.00518	0.00576	0.00173	0.00691	0.00518	0.00288	0.00921
11	0.01130	0.01066	0.01802	0.71207	0.10715	0.01300	0.01631	0.01514	0.01178	0.01524	0.01039	0.01540	0.00789	0.00575	0.00581	0.00192	0.00767	0.00517	0.00261	0.00672
12	0.01454	0.01428	0.02036	0.13762	0.46791	0.07869	0.01559	0.02005	0.13603	0.01888	0.01281	0.01544	0.01028	0.00579	0.00575	0.00178	0.00695	0.00529	0.00335	0.00860
13	0.00831	0.00623	0.00935	0.00935	0.01038	0.00727	0.00727	0.01038	0.00935	0.01350	0.01558	0.02285	0.01454	0.04361	0.77259	0.00935	0.01558	0.00623	0.00312	0.00519
14	0.02100	0.01574	0.01683	0.01316	0.01761	0.01752	0.01079	0.63761	0.13149	0.03487	0.01536	0.01508	0.01102	0.00711	0.00583	0.00178	0.00614	0.00543	0.00583	0.00979
15	0.02211	0.01629	0.01745	0.01338	0.01803	0.01803	0.01105	0.73997	0.02734	0.03665	0.01396	0.01396	0.00989	0.00698	0.00582	0.00175	0.00640	0.00524	0.00582	0.00989
16	0.01336	0.01483	0.03142	0.13428	0.06321	0.01441	0.60295	0.01805	0.01340	0.01810	0.01152	0.01560	0.00869	0.00505	0.00666	0.00195	0.00938	0.00655	0.00289	0.00770
17	0.00737	0.00576	0.00694	0.00730	0.00863	0.00533	0.00540	0.00898	0.01244	0.01595	0.10950	0.24197	0.36611	0.01960	0.11759	0.00315	0.00497	0.04286	0.00516	0.00497
18	0.00904	0.00646	0.00899	0.01033	0.01153	0.00641	0.00880	0.01148	0.01306	0.01703	0.03097	0.17043	0.03419	0.01638	0.00794	0.00263	0.00507	0.61864	0.00536	0.00526
19	0.00709	0.00506	0.00675	0.00810	0.00843	0.00472	0.00540	0.00810	0.01113	0.01484	0.03205	0.79184	0.03846	0.01822	0.00742	0.00236	0.00337	0.01653	0.00540	0.00472
20	0.01416	0.01358	0.02319	0.08574	0.71109	0.01376	0.01773	0.01765	0.01313	0.01872	0.01090	0.01447	0.00911	0.00522	0.00576	0.00174	0.00697	0.00518	0.00286	0.00903
21	0.01147	0.01084	0.01833	0.67398	0.14388	0.01305	0.01639	0.01529	0.01186	0.01546	0.01042	0.01534	0.00796	0.00572	0.00581	0.00191	0.00763	0.00517	0.00263	0.00686
22	0.01272	0.01272	0.01781	0.01527	0.01527	0.01781	0.01272	0.01399	0.00891	0.01399	0.00763	0.01272	0.00763	0.01018	0.01908	0.00254	0.78499	0.00509	0.00254	0.00636
23	0.00901	0.00658	0.00887	0.01001	0.01144	0.00644	0.00866	0.01151	0.01337	0.01716	0.03485	0.06421	0.13791	0.01587	0.00786	0.00257	0.00501	0.61803	0.00536	0.00529
24	0.01219	0.01273	0.02441	0.26383	0.02960	0.01381	0.34625	0.01594	0.01216	0.01646	0.01228	0.07509	0.01060	0.00698	0.00833	0.00207	0.12055	0.00681	0.00296	0.00695
25	0.00697	0.00592	0.00603	0.00609	0.00802	0.00498	0.00462	0.00850	0.01326	0.01578	0.05778	0.05635	0.72780	0.01478	0.00692	0.00199	0.00304	0.04084	0.00540	0.00493
26	0.00895	0.00610	0.00800	0.00744	0.00894	0.00561	0.00561	0.01167	0.01647	0.05318	0.72669	0.04248	0.05324	0.01170	0.00682	0.00183	0.00283	0.01033	0.00643	0.00566
27	0.01272	0.01272	0.01781	0.01527	0.01527	0.01781	0.01272	0.01399	0.00891	0.01399	0.00763	0.01272	0.00763	0.01018	0.01908	0.00254	0.78499	0.00509	0.00254	0.00636
28	0.01439	0.01382	0.02360	0.03569	0.75936	0.01382	0.01785	0.01785	0.01324	0.01900	0.01094	0.01439	0.00921	0.00518	0.00576	0.00173	0.00691	0.00518	0.00288	0.00921
29	0.00977	0.00647	0.00716	0.00667	0.00894	0.00549	0.00511	0.01148	0.01404	0.12434	0.11877	0.04957	0.58431	0.01338	0.00672	0.00193	0.00322	0.01118	0.00575	0.00568
30	0.01334	0.01094	0.01259	0.01138	0.01416	0.01228	0.00912	0.10019	0.36522	0.02214	0.02077	0.02634	0.01760	0.01451	0.12868	0.00317	0.04027	0.10911	0.00507	0.06311
31	0.01024	0.00756	0.00912	0.00900	0.01047	0.00768	0.00657	0.12678	0.06448	0.02096	0.20071	0.43853	0.03642	0.01423	0.00693	0.00211	0.00379	0.01264	0.00574	0.00603
32	0.07814	0.01285	0.01376	0.01123	0.01466	0.01405	0.00901	0.47580	0.02150	0.03001	0.04856	0.07185	0.01576	0.08177	0.00804	0.00218	0.00562	0.03626	0.04086	0.00811
33	0.54578	0.01320	0.06329	0.01547	0.20115	0.01332	0.01033	0.01784	0.03606	0.02373	0.00950	0.01130	0.00749	0.00544	0.00435	0.00179	0.00539	0.00386	0.00342	0.00729
34	0.01568	0.01387	0.01674	0.05192	0.22911	0.06487	0.01209	0.10670	0.32008	0.04513	0.01887	0.01914	0.04554	0.00707	0.00585	0.00184	0.00594	0.00600	0.00471	0.00883
35	0.02089	0.13723	0.01866	0.01400	0.01755	0.54317	0.01102	0.13733	0.01755	0.01775	0.00966	0.01088	0.00787	0.00600	0.00512	0.00150	0.00922	0.00389	0.00338	0.00735

[dist]
# distance from previous block
# <min> <max>
29	105

[block]
# block no. 9 follows, 40 sequences, length 30
# corresponding to MSA columns:
# 672-701
name=unknown_J
#
# <colnr> <probs for GDERKNQSTAVLIFYWHMCP>
#	G	D	E	R	K	N	Q	S	T	A	V	L	I	F	Y	W	H	M	C	P
0	0.01667	0.01669	0.02268	0.09082	0.56802	0.13653	0.01702	0.01938	0.01449	0.01917	0.01199	0.01578	0.01016	0.00632	0.00628	0.00197	0.00799	0.00540	0.00337	0.00927
1	0.00968	0.00788	0.01227	0.01173	0.01310	0.00724	0.12401	0.01091	0.01245	0.01681	0.02972	0.65112	0.03436	0.01674	0.00790	0.00254	0.00493	0.01517	0.00544	0.00600
2	0.02270	0.01684	0.01796	0.01413	0.01872	0.01836	0.01143	0.66920	0.08406	0.03654	0.01606	0.01650	0.01183	0.00797	0.00642	0.00202	0.00671	0.00579	0.00625	0.01049
3	0.02114	0.00983	0.01273	0.01031	0.01404	0.00846	0.00815	0.02312	0.01701	0.48444	0.22650	0.02755	0.02639	0.00919	0.00661	0.00199	0.00477	0.00739	0.00708	0.07329
4	0.68821	0.01302	0.01102	0.00957	0.01340	0.01457	0.00770	0.13437	0.01364	0.02889	0.01052	0.01221	0.00828	0.00661	0.00461	0.00205	0.00530	0.00398	0.00444	0.00762
5	0.00995	0.00673	0.00744	0.00738	0.00752	0.00652	0.00422	0.00957	0.00942	0.01271	0.01957	0.03944	0.02221	0.77858	0.02966	0.00581	0.00611	0.00883	0.00400	0.00433
6	0.01688	0.78215	0.03102	0.01090	0.01591	0.02350	0.01050	0.01832	0.01270	0.01506	0.00956	0.01137	0.00884	0.00594	0.00438	0.00152	0.00667	0.00361	0.00299	0.00818
7	0.00995	0.00673	0.00744	0.00738	0.00752	0.00652	0.00422	0.00957	0.00942	0.01271	0.01957	0.03944	0.02221	0.77858	0.02966	0.00581	0.00611	0.00883	0.00400	0.00433
8	0.01439	0.01382	0.02360	0.03569	0.75936	0.01382	0.01785	0.01785	0.01324	0.01900	0.01094	0.01439	0.00921	0.00518	0.00576	0.00173	0.00691	0.00518	0.00288	0.00921
9	0.01334	0.01468	0.03076	0.14725	0.08872	0.01435	0.56590	0.01796	0.01335	0.01805	0.01147	0.01556	0.00868	0.00507	0.00661	0.00194	0.00925	0.00646	0.00288	0.00773
10	0.00705	0.00519	0.00661	0.00774	0.00834	0.00475	0.00524	0.00814	0.01148	0.01498	0.03637	0.67339	0.15412	0.01766	0.00733	0.00230	0.00330	0.01585	0.00540	0.00475
11	0.00832	0.00617	0.00901	0.00901	0.00994	0.00709	0.00686	0.01017	0.00925	0.01325	0.01588	0.02452	0.01527	0.12659	0.69061	0.00894	0.01448	0.00648	0.00316	0.00501
12	0.01084	0.00542	0.00542	0.00542	0.00678	0.00542	0.00407	0.01355	0.01220	0.02168	0.01897	0.02168	0.01491	0.00678	0.00407	0.00136	0.00271	0.00542	0.82791	0.00542
13	0.01370	0.01241	0.02102	0.03117	0.63834	0.01241	0.01579	0.01619	0.01233	0.01757	0.01080	0.01492	0.00935	0.00760	0.00849	0.13518	0.00661	0.00516	0.00282	0.00814
14	0.00709	0.00506	0.00675	0.00810	0.00843	0.00472	0.00540	0.00810	0.01113	0.01484	0.03205	0.79184	0.03846	0.01822	0.00742	0.00236	0.00337	0.01653	0.00540	0.00472
15	0.01084	0.00542	0.00542	0.00542	0.00678	0.00542	0.00407	0.01355	0.01220	0.02168	0.01897	0.02168	0.01491	0.00678	0.00407	0.00136	0.00271	0.00542	0.82791	0.00542
16	0.01439	0.01382	0.02360	0.03569	0.75936	0.01382	0.01785	0.01785	0.01324	0.01900	0.01094	0.01439	0.00921	0.00518	0.00576	0.00173	0.00691	0.00518	0.00288	0.00921
17	0.01098	0.01034	0.01744	0.78165	0.04005	0.01292	0.01615	0.01486	0.01163	0.01486	0.01034	0.01550	0.00775	0.00581	0.00581	0.00194	0.00775	0.00517	0.00258	0.00646
18	0.01373	0.01569	0.03431	0.02451	0.03039	0.01471	0.73824	0.01863	0.01373	0.01863	0.01176	0.01569	0.00882	0.00490	0.00686	0.00196	0.00980	0.00686	0.00294	0.00784
19	0.00846	0.00564	0.00634	0.00634	0.00634	0.00564	0.00352	0.00846	0.00846	0.01128	0.01832	0.03805	0.02114	0.79563	0.02960	0.00564	0.00564	0.00846	0.00352	0.00352
20	0.01713	0.01382	0.01465	0.01237	0.01614	0.01571	0.00985	0.27849	0.49691	0.02863	0.02028	0.01900	0.01501	0.00757	0.00588	0.00189	0.00523	0.00611	0.00588	0.00944
21	0.02088	0.01568	0.01676	0.01313	0.01756	0.01746	0.01076	0.62583	0.14348	0.03467	0.01552	0.01521	0.01115	0.00713	0.00583	0.00178	0.00611	0.00545	0.00583	0.00978
