[name]
unknown

[dist]
# distance from previous block
# <min> <max>
0	135

[block]
# block no. 0 follows, 40 sequences, length 36
# corresponding to MSA columns:
# 145-180
name=unknown_A
#
# <colnr> <probs for GDERKNQSTAVLIFYWHMCP>
#	G	D	E	R	K	N	Q	S	T	A	V	L	I	F	Y	W	H	M	C	P
0	0.02002	0.02269	0.01552	0.01376	0.01690	0.51994	0.01049	0.15607	0.05468	0.01902	0.01416	0.05108	0.04611	0.00728	0.00557	0.00163	0.00873	0.00519	0.00390	0.00727
1	0.01373	0.01569	0.03431	0.02451	0.03039	0.01471	0.73824	0.01863	0.01373	0.01863	0.01176	0.01569	0.00882	0.00490	0.00686	0.00196	0.00980	0.00686	0.00294	0.00784
2	0.00724	0.00591	0.00641	0.00628	0.00808	0.00507	0.00471	0.00906	0.01413	0.01779	0.24936	0.05254	0.56525	0.01395	0.00687	0.00193	0.00289	0.01179	0.00567	0.00507
3	0.01333	0.02770	0.57475	0.01668	0.05806	0.13212	0.01883	0.01890	0.01298	0.01795	0.01066	0.01257	0.00785	0.00564	0.00542	0.00176	0.00852	0.00431	0.04379	0.00817
4	0.00962	0.00655	0.00819	0.00762	0.00940	0.00608	0.00582	0.01279	0.05126	0.07442	0.54410	0.04320	0.15634	0.01190	0.00677	0.00188	0.00309	0.02882	0.00625	0.00589
5	0.00709	0.00506	0.00675	0.00810	0.00843	0.00472	0.00540	0.00810	0.01113	0.01484	0.03205	0.79184	0.03846	0.01822	0.00742	0.00236	0.00337	0.01653	0.00540	0.00472
6	0.01166	0.03008	0.76550	0.01657	0.02517	0.01351	0.02149	0.01842	0.01228	0.01842	0.01044	0.01228	0.00737	0.00552	0.00552	0.00184	0.00859	0.00430	0.00246	0.00859
7	0.02009	0.04372	0.01623	0.01408	0.01731	0.53864	0.01077	0.07929	0.16863	0.01801	0.01238	0.01304	0.00979	0.00643	0.00539	0.00161	0.00885	0.00443	0.00380	0.00751
8	0.00949	0.00622	0.00818	0.00753	0.00912	0.00570	0.00570	0.01220	0.01647	0.07568	0.70440	0.04177	0.05201	0.01156	0.00679	0.00183	0.00290	0.01019	0.00646	0.00580
9	0.00846	0.00564	0.00634	0.00634	0.00634	0.00564	0.00352	0.00846	0.00846	0.01128	0.01832	0.03805	0.02114	0.79563	0.02960	0.00564	0.00564	0.00846	0.00352	0.00352
10	0.01176	0.01160	0.02104	0.58266	0.09610	0.01332	0.14888	0.01579	0.01214	0.01588	0.01065	0.01545	0.00807	0.00560	0.00600	0.00193	0.00806	0.00548	0.00267	0.00694
11	0.00830	0.00599	0.00787	0.00751	0.00888	0.00556	0.00571	0.01104	0.01628	0.02297	0.71374	0.04474	0.05361	0.01213	0.00693	0.00188	0.00290	0.05213	0.00634	0.00548
12	0.02129	0.08230	0.01747	0.01463	0.01776	0.71927	0.01114	0.02281	0.01615	0.01419	0.00892	0.01040	0.00749	0.00592	0.00514	0.00148	0.01018	0.00370	0.00296	0.00679
13	0.01344	0.00793	0.00820	0.00726	0.00937	0.00833	0.00568	0.18125	0.01569	0.02514	0.01781	0.01990	0.01375	0.00682	0.00447	0.00145	0.00356	0.00538	0.63813	0.00645
14	0.00831	0.00623	0.00935	0.00935	0.01038	0.00727	0.00727	0.01038	0.00935	0.01350	0.01558	0.02285	0.01454	0.04361	0.77259	0.00935	0.01558	0.00623	0.00312	0.00519
15	0.01206	0.01034	0.01206	0.00861	0.01378	0.00775	0.00689	0.01464	0.01206	0.01895	0.01034	0.01206	0.00861	0.00431	0.00431	0.00086	0.00431	0.00345	0.00345	0.83118
16	0.83671	0.01125	0.00855	0.00765	0.01125	0.01305	0.00630	0.01709	0.00990	0.02609	0.00810	0.00945	0.00630	0.00540	0.00360	0.00180	0.00450	0.00315	0.00360	0.00630
17	0.00687	0.00589	0.00589	0.00589	0.00785	0.00491	0.00442	0.00835	0.01325	0.01571	0.05891	0.05596	0.75700	0.01473	0.00687	0.00196	0.00295	0.01227	0.00540	0.00491
18	0.01498	0.60000	0.06675	0.01328	0.01862	0.02083	0.16110	0.01771	0.01223	0.01493	0.00896	0.01079	0.00774	0.00499	0.00447	0.00142	0.00707	0.00394	0.00258	0.00760
19	0.00714	0.00577	0.00635	0.00648	0.00809	0.00498	0.00475	0.00876	0.01347	0.01688	0.17402	0.16923	0.52417	0.01479	0.00696	0.00200	0.00298	0.01264	0.00557	0.00498
20	0.01098	0.01034	0.01744	0.78165	0.04005	0.01292	0.01615	0.01486	0.01163	0.01486	0.01034	0.01550	0.00775	0.00581	0.00581	0.00194	0.00775	0.00517	0.00258	0.00646
21	0.01166	0.03008	0.76550	0.01657	0.02517	0.01351	0.02149	0.01842	0.01228	0.01842	0.01044	0.01228	0.00737	0.00552	0.00552	0.00184	0.00859	0.00430	0.00246	0.00859
22	0.01415	0.45681	0.24082	0.01412	0.02027	0.01900	0.12746	0.01789	0.01225	0.01581	0.00933	0.01117	0.00765	0.00512	0.00473	0.00153	0.00746	0.00404	0.00255	0.00785
23	0.00709	0.00506	0.00675	0.00810	0.00843	0.00472	0.00540	0.00810	0.01113	0.01484	0.03205	0.79184	0.03846	0.01822	0.00742	0.00236	0.00337	0.01653	0.00540	0.00472
24	0.02609	0.00990	0.01350	0.01035	0.01484	0.00855	0.00855	0.02834	0.01664	0.76338	0.02294	0.01979	0.01439	0.00720	0.00585	0.00180	0.00495	0.00585	0.00720	0.00990
25	0.16989	0.01338	0.05579	0.30209	0.08383	0.01361	0.24515	0.01687	0.01212	0.01868	0.01041	0.01418	0.00791	0.00538	0.00571	0.00190	0.00776	0.00528	0.00291	0.00717
26	0.01369	0.01310	0.02233	0.18995	0.61061	0.01363	0.01750	0.01723	0.01291	0.01814	0.01081	0.01462	0.00891	0.00531	0.00577	0.00177	0.00708	0.00518	0.00282	0.00864
27	0.00709	0.00506	0.00675	0.00810	0.00843	0.00472	0.00540	0.00810	0.01113	0.01484	0.03205	0.79184	0.03846	0.01822	0.00742	0.00236	0.00337	0.01653	0.00540	0.00472
28	0.01925	0.24832	0.02141	0.01384	0.01749	0.44216	0.04716	0.03733	0.01489	0.03726	0.00933	0.01088	0.00782	0.00590	0.00558	0.00151	0.04582	0.00388	0.00302	0.00715
29	0.00709	0.00506	0.00675	0.00810	0.00843	0.00472	0.00540	0.00810	0.01113	0.01484	0.03205	0.79184	0.03846	0.01822	0.00742	0.00236	0.00337	0.01653	0.00540	0.00472
30	0.01307	0.30792	0.49996	0.01418	0.02147	0.01694	0.01732	0.01805	0.01211	0.01671	0.00959	0.01121	0.00740	0.00533	0.00488	0.00163	0.00774	0.00387	0.00247	0.00819
31	0.01166	0.03008	0.76550	0.01657	0.02517	0.01351	0.02149	0.01842	0.01228	0.01842	0.01044	0.01228	0.00737	0.00552	0.00552	0.00184	0.00859	0.00430	0.00246	0.00859
32	0.01555	0.79913	0.03047	0.00995	0.01493	0.02301	0.00995	0.01741	0.01182	0.01368	0.00808	0.00933	0.00746	0.00498	0.00373	0.00124	0.00622	0.00311	0.00249	0.00746
33	0.01098	0.01034	0.01744	0.78165	0.04005	0.01292	0.01615	0.01486	0.01163	0.01486	0.01034	0.01550	0.00775	0.00581	0.00581	0.00194	0.00775	0.00517	0.00258	0.00646
34	0.00687	0.00589	0.00589	0.00589	0.00785	0.00491	0.00442	0.00835	0.01325	0.01571	0.05891	0.05596	0.75700	0.01473	0.00687	0.00196	0.00295	0.01227	0.00540	0.00491
35	0.01373	0.01569	0.03431	0.02451	0.03039	0.01471	0.73824	0.01863	0.01373	0.01863	0.01176	0.01569	0.00882	0.00490	0.00686	0.00196	0.00980	0.00686	0.00294	0.00784

[dist]
# distance from previous block
# <min> <max>
0	36

# created by:
# /software/SequenceAnalysis/GenePrediction/augustus/3.0.1/scripts/msa2prfl.pl ./fixed/BUSCOvEOG779GPN.fas
