[name]
unknown

[dist]
# distance from previous block
# <min> <max>
0	224

[block]
# block no. 0 follows, 41 sequences, length 12
# corresponding to MSA columns:
# 228-239
name=unknown_A
#
# <colnr> <probs for GDERKNQSTAVLIFYWHMCP>
#	G	D	E	R	K	N	Q	S	T	A	V	L	I	F	Y	W	H	M	C	P
0	0.00820	0.00596	0.00779	0.00764	0.00902	0.00555	0.00594	0.01081	0.01553	0.02159	0.60457	0.04688	0.09143	0.01250	0.00693	0.00194	0.00312	0.12319	0.00608	0.00534
1	0.01335	0.01277	0.02176	0.21510	0.58960	0.01338	0.01715	0.01685	0.01264	0.01771	0.01062	0.01442	0.00872	0.00525	0.00568	0.00175	0.00699	0.00509	0.00276	0.00841
2	0.83938	0.01106	0.00841	0.00752	0.01106	0.01283	0.00619	0.01681	0.00973	0.02566	0.00796	0.00929	0.00619	0.00531	0.00354	0.00177	0.00442	0.00310	0.00354	0.00619
3	0.00810	0.00585	0.00765	0.00720	0.00855	0.00540	0.00540	0.01079	0.01619	0.02294	0.76028	0.04273	0.05397	0.01169	0.00675	0.00180	0.00270	0.01034	0.00630	0.00540
4	0.02137	0.02726	0.01621	0.01474	0.01768	0.77602	0.01105	0.02284	0.01621	0.01400	0.00884	0.01031	0.00737	0.00589	0.00516	0.00147	0.01031	0.00368	0.00295	0.00663
5	0.00826	0.00562	0.00658	0.00647	0.00680	0.00551	0.00393	0.00892	0.01023	0.01396	0.19788	0.03871	0.02883	0.60821	0.02369	0.00464	0.00486	0.00881	0.00415	0.00393
6	0.01147	0.02959	0.76934	0.01630	0.02476	0.01328	0.02113	0.01811	0.01208	0.01811	0.01026	0.01208	0.00725	0.00543	0.00543	0.00181	0.00845	0.00423	0.00242	0.00845
7	0.02566	0.00973	0.01327	0.01018	0.01460	0.00841	0.00841	0.02788	0.01637	0.76726	0.02257	0.01947	0.01416	0.00708	0.00575	0.00177	0.00487	0.00575	0.00708	0.00973
8	0.00810	0.00585	0.00765	0.00720	0.00855	0.00540	0.00540	0.01079	0.01619	0.02294	0.76028	0.04273	0.05397	0.01169	0.00675	0.00180	0.00270	0.01034	0.00630	0.00540
9	0.00697	0.00498	0.00664	0.00796	0.00830	0.00465	0.00531	0.00796	0.01095	0.01460	0.03153	0.79525	0.03783	0.01792	0.00730	0.00232	0.00332	0.01626	0.00531	0.00465
10	0.01080	0.01017	0.01716	0.78523	0.03940	0.01271	0.01589	0.01461	0.01144	0.01461	0.01017	0.01525	0.00762	0.00572	0.00572	0.00191	0.00762	0.00508	0.00254	0.00635
11	0.00810	0.00585	0.00765	0.00720	0.00855	0.00540	0.00540	0.01079	0.01619	0.02294	0.76028	0.04273	0.05397	0.01169	0.00675	0.00180	0.00270	0.01034	0.00630	0.00540

[dist]
# distance from previous block
# <min> <max>
10	16

[block]
# block no. 1 follows, 41 sequences, length 45
# corresponding to MSA columns:
# 256-300
name=unknown_B
#
# <colnr> <probs for GDERKNQSTAVLIFYWHMCP>
#	G	D	E	R	K	N	Q	S	T	A	V	L	I	F	Y	W	H	M	C	P
0	0.01379	0.01377	0.02264	0.20127	0.48455	0.05281	0.09289	0.01730	0.01293	0.01757	0.01070	0.01445	0.00869	0.00531	0.00580	0.00177	0.00749	0.00522	0.00281	0.00823
1	0.04437	0.01060	0.01693	0.60745	0.09507	0.01253	0.01482	0.01496	0.01152	0.01579	0.01015	0.01469	0.00784	0.00569	0.00587	0.00183	0.02697	0.00489	0.00271	0.07533
2	0.01219	0.11152	0.61515	0.01669	0.04197	0.01443	0.07419	0.01806	0.01221	0.01772	0.01021	0.01219	0.00749	0.00538	0.00539	0.00177	0.00828	0.00434	0.00250	0.00833
3	0.01096	0.00653	0.00856	0.00770	0.00956	0.00592	0.00589	0.01352	0.01618	0.14192	0.62282	0.03941	0.06621	0.01108	0.00662	0.00181	0.00308	0.00967	0.00642	0.00612
4	0.01184	0.05107	0.68550	0.01681	0.02493	0.01370	0.08085	0.01816	0.01223	0.01807	0.01039	0.01239	0.00745	0.00543	0.00553	0.00182	0.00851	0.00443	0.00249	0.00840
5	0.15005	0.54500	0.12484	0.01049	0.01558	0.04264	0.01079	0.01744	0.01157	0.01618	0.00838	0.00974	0.00722	0.00512	0.00397	0.00142	0.00631	0.00327	0.00267	0.00732
6	0.12789	0.61075	0.02560	0.01007	0.01457	0.10222	0.00947	0.01775	0.01191	0.01526	0.00814	0.00944	0.00727	0.00512	0.00385	0.00134	0.00637	0.00316	0.00268	0.00715
7	0.00706	0.00504	0.00670	0.00802	0.00836	0.00470	0.00535	0.00803	0.01101	0.01468	0.03158	0.79429	0.03787	0.01796	0.00733	0.00234	0.00335	0.01627	0.00534	0.00469
8	0.83833	0.01112	0.00847	0.00758	0.01113	0.01288	0.00623	0.01687	0.00979	0.02573	0.00805	0.00942	0.00628	0.00537	0.00358	0.00179	0.00445	0.00313	0.00357	0.00624
9	0.00706	0.00504	0.00670	0.00802	0.00836	0.00470	0.00535	0.00803	0.01101	0.01468	0.03158	0.79429	0.03787	0.01796	0.00733	0.00234	0.00335	0.01627	0.00534	0.00469
10	0.02182	0.01607	0.01722	0.01321	0.01779	0.01778	0.01090	0.74328	0.02693	0.03610	0.01381	0.01385	0.00981	0.00692	0.00576	0.00173	0.00632	0.00518	0.00575	0.00977
11	0.00931	0.00665	0.00928	0.01059	0.01191	0.00664	0.00925	0.01191	0.01322	0.01720	0.03034	0.06457	0.03297	0.01584	0.00793	0.00265	0.00530	0.72384	0.00529	0.00531
12	0.00706	0.00504	0.00670	0.00802	0.00836	0.00470	0.00535	0.00803	0.01101	0.01468	0.03158	0.79429	0.03787	0.01796	0.00733	0.00234	0.00335	0.01627	0.00534	0.00469
13	0.00685	0.00586	0.00586	0.00586	0.00780	0.00488	0.00439	0.00828	0.01309	0.01553	0.05797	0.05511	0.76002	0.01453	0.00680	0.00195	0.00293	0.01209	0.00534	0.00488
14	0.01537	0.80139	0.03001	0.00984	0.01474	0.02266	0.00982	0.01718	0.01168	0.01354	0.00804	0.00930	0.00742	0.00495	0.00371	0.00124	0.00614	0.00309	0.00248	0.00738
15	0.02182	0.01607	0.01722	0.01321	0.01779	0.01778	0.01090	0.74328	0.02693	0.03610	0.01381	0.01385	0.00981	0.00692	0.00576	0.00173	0.00632	0.00518	0.00575	0.00977
16	0.01358	0.01548	0.03378	0.02415	0.02993	0.01451	0.74155	0.01838	0.01355	0.01840	0.01166	0.01554	0.00876	0.00488	0.00679	0.00194	0.00967	0.00678	0.00292	0.00776
17	0.02144	0.02730	0.01626	0.01479	0.01774	0.77501	0.01108	0.02289	0.01626	0.01408	0.00893	0.01044	0.00745	0.00595	0.00519	0.00149	0.01034	0.00371	0.00298	0.00668
18	0.02144	0.02730	0.01626	0.01479	0.01774	0.77501	0.01108	0.02289	0.01626	0.01408	0.00893	0.01044	0.00745	0.00595	0.00519	0.00149	0.01034	0.00371	0.00298	0.00668
19	0.01322	0.01478	0.03156	0.12608	0.03121	0.01427	0.64423	0.01788	0.01328	0.01790	0.01147	0.01552	0.00862	0.00500	0.00665	0.00194	0.00940	0.00655	0.00288	0.00758
20	0.00826	0.00619	0.00925	0.00925	0.01028	0.00720	0.00719	0.01028	0.00925	0.01336	0.01540	0.02258	0.01437	0.04290	0.77529	0.00920	0.01534	0.00615	0.00309	0.00515
21	0.00715	0.00587	0.00627	0.00617	0.00798	0.00501	0.00462	0.00885	0.01379	0.01720	0.21425	0.05237	0.60270	0.01391	0.00679	0.00192	0.00289	0.01171	0.00556	0.00500
22	0.00706	0.00504	0.00670	0.00802	0.00836	0.00470	0.00535	0.00803	0.01101	0.01468	0.03158	0.79429	0.03787	0.01796	0.00733	0.00234	0.00335	0.01627	0.00534	0.00469
23	0.01431	0.01234	0.01299	0.01170	0.01493	0.01427	0.00909	0.03043	0.75200	0.02400	0.02335	0.02145	0.01753	0.00781	0.00586	0.00196	0.00456	0.00649	0.00585	0.00909
24	0.01405	0.01345	0.02291	0.07833	0.72064	0.01358	0.01748	0.01744	0.01298	0.01853	0.01081	0.01434	0.00906	0.00519	0.00570	0.00173	0.00687	0.00512	0.00284	0.00895
25	0.01195	0.01023	0.01192	0.00853	0.01362	0.00768	0.00682	0.01446	0.01191	0.01872	0.01025	0.01198	0.00855	0.00430	0.00427	0.00086	0.00427	0.00342	0.00342	0.83285
26	0.01089	0.01023	0.01721	0.78422	0.03942	0.01275	0.01591	0.01467	0.01149	0.01470	0.01025	0.01536	0.00771	0.00578	0.00576	0.00192	0.00765	0.00511	0.00257	0.00640
27	0.01537	0.80139	0.03001	0.00984	0.01474	0.02266	0.00982	0.01718	0.01168	0.01354	0.00804	0.00930	0.00742	0.00495	0.00371	0.00124	0.00614	0.00309	0.00248	0.00738
28	0.02353	0.01333	0.01552	0.01191	0.01642	0.01370	0.00983	0.43016	0.02233	0.35571	0.01768	0.01636	0.01174	0.00702	0.00577	0.00176	0.00570	0.00544	0.00634	0.00977
29	0.01431	0.01234	0.01299	0.01170	0.01493	0.01427	0.00909	0.03043	0.75200	0.02400	0.02335	0.02145	0.01753	0.00781	0.00586	0.00196	0.00456	0.00649	0.00585	0.00909
30	0.00728	0.00599	0.00646	0.00664	0.00847	0.00518	0.00518	0.00893	0.01321	0.01604	0.07651	0.05619	0.62311	0.01465	0.00697	0.00205	0.00329	0.12352	0.00536	0.00496
31	0.01195	0.01023	0.01192	0.00853	0.01362	0.00768	0.00682	0.01446	0.01191	0.01872	0.01025	0.01198	0.00855	0.00430	0.00427	0.00086	0.00427	0.00342	0.00342	0.83285
32	0.01089	0.01023	0.01721	0.78422	0.03942	0.01275	0.01591	0.01467	0.01149	0.01470	0.01025	0.01536	0.00771	0.00578	0.00576	0.00192	0.00765	0.00511	0.00257	0.00640
33	0.02556	0.01007	0.01350	0.01036	0.01480	0.00886	0.00855	0.05922	0.01688	0.73436	0.02225	0.01933	0.01404	0.00713	0.00579	0.00178	0.00496	0.00575	0.00704	0.00977
34	0.01537	0.80139	0.03001	0.00984	0.01474	0.02266	0.00982	0.01718	0.01168	0.01354	0.00804	0.00930	0.00742	0.00495	0.00371	0.00124	0.00614	0.00309	0.00248	0.00738
35	0.01246	0.01221	0.01686	0.03842	0.01566	0.01618	0.01194	0.01393	0.00929	0.01448	0.00801	0.01264	0.00771	0.00921	0.01658	0.00229	0.66592	0.00484	0.00264	0.10872
36	0.01260	0.01257	0.01757	0.01507	0.01508	0.01756	0.01254	0.01383	0.00882	0.01385	0.00760	0.01263	0.00759	0.01006	0.01879	0.00252	0.78746	0.00503	0.00253	0.00630
37	0.00816	0.00551	0.00638	0.00662	0.00669	0.00543	0.00385	0.00832	0.00886	0.01182	0.02057	0.17642	0.02398	0.65478	0.02512	0.00497	0.00517	0.00980	0.00383	0.00373
38	0.00688	0.00575	0.00597	0.00615	0.00787	0.00486	0.00452	0.00824	0.01281	0.01542	0.05443	0.15424	0.66318	0.01499	0.00687	0.00200	0.00299	0.01265	0.00534	0.00485
39	0.01424	0.01365	0.02326	0.03513	0.76233	0.01363	0.01758	0.01761	0.01308	0.01876	0.01084	0.01427	0.00914	0.00515	0.00570	0.00171	0.00682	0.00512	0.00286	0.00910
40	0.01714	0.73557	0.06981	0.01159	0.01672	0.02290	0.01123	0.01858	0.01301	0.01582	0.01034	0.01246	0.00945	0.00640	0.00476	0.00167	0.00694	0.00388	0.00322	0.00849
41	0.00917	0.00724	0.00772	0.00799	0.00964	0.00616	0.00565	0.00985	0.01377	0.01726	0.05115	0.26176	0.53638	0.01658	0.00779	0.00243	0.00383	0.01368	0.00598	0.00596
42	0.01110	0.00768	0.00958	0.00897	0.01060	0.00697	0.00661	0.01307	0.01703	0.05393	0.66760	0.04269	0.05078	0.01440	0.04817	0.00259	0.00427	0.01045	0.00680	0.00672
43	0.01785	0.01394	0.01475	0.01295	0.01648	0.01524	0.00998	0.14780	0.54739	0.05723	0.02321	0.02272	0.01770	0.00892	0.00664	0.00226	0.00551	0.00682	0.04256	0.01006
44	0.00942	0.00747	0.00791	0.00771	0.00966	0.00634	0.00562	0.01051	0.01507	0.01921	0.21933	0.05375	0.57490	0.01499	0.00764	0.00229	0.00367	0.01212	0.00621	0.00614

[dist]
# distance from previous block
# <min> <max>
0	2

[block]
# block no. 2 follows, 41 sequences, length 35
# corresponding to MSA columns:
# 303-337
name=unknown_C
#
# <colnr> <probs for GDERKNQSTAVLIFYWHMCP>
#	G	D	E	R	K	N	Q	S	T	A	V	L	I	F	Y	W	H	M	C	P
0	0.00695	0.00505	0.00657	0.00778	0.00825	0.00466	0.00523	0.00799	0.01113	0.01467	0.03377	0.73251	0.09912	0.01763	0.00725	0.00229	0.00328	0.01591	0.00531	0.00466
1	0.02087	0.01717	0.08092	0.01343	0.01833	0.01736	0.01174	0.68268	0.02564	0.03453	0.01344	0.01359	0.00952	0.00674	0.00570	0.00172	0.00648	0.00507	0.00544	0.00962
2	0.00704	0.00501	0.00661	0.00787	0.00818	0.00470	0.00521	0.00798	0.01080	0.01440	0.03077	0.75279	0.03688	0.06168	0.00852	0.00250	0.00344	0.01582	0.00521	0.00458
3	0.01267	0.01162	0.01223	0.00900	0.01391	0.07275	0.00714	0.01512	0.01223	0.01825	0.01005	0.01173	0.00838	0.00438	0.00431	0.00090	0.00475	0.00341	0.00335	0.76383
4	0.01193	0.00570	0.00600	0.00574	0.00734	0.00559	0.00437	0.01456	0.01237	0.08455	0.01899	0.02117	0.01462	0.00670	0.00415	0.00137	0.00285	0.00537	0.76092	0.00570
5	0.83938	0.01106	0.00841	0.00752	0.01106	0.01283	0.00619	0.01681	0.00973	0.02566	0.00796	0.00929	0.00619	0.00531	0.00354	0.00177	0.00442	0.00310	0.00354	0.00619
6	0.00994	0.00497	0.00745	0.00745	0.00745	0.00497	0.00497	0.00745	0.00745	0.00994	0.00994	0.01739	0.00994	0.01987	0.02235	0.83358	0.00497	0.00497	0.00248	0.00248
7	0.00700	0.00510	0.00660	0.00772	0.00825	0.00470	0.00522	0.00812	0.01140	0.01508	0.06831	0.68833	0.10851	0.01730	0.00722	0.00226	0.00325	0.01558	0.00536	0.00470
8	0.01066	0.00533	0.00533	0.00533	0.00666	0.00533	0.00400	0.01333	0.01200	0.02132	0.01866	0.02132	0.01466	0.00666	0.00400	0.00133	0.00267	0.00533	0.83073	0.00533
9	0.01497	0.01255	0.01332	0.01179	0.01512	0.01440	0.00928	0.11594	0.64087	0.02517	0.02236	0.02185	0.01704	0.00792	0.00588	0.00194	0.00476	0.03006	0.00579	0.00901
10	0.01481	0.00883	0.01084	0.01011	0.01264	0.00897	0.00793	0.02111	0.24377	0.22893	0.02626	0.22742	0.02412	0.01140	0.00650	0.00210	0.00442	0.11635	0.00596	0.00754
11	0.00774	0.00597	0.00657	0.00656	0.00841	0.00516	0.00504	0.00945	0.01348	0.04055	0.13853	0.07315	0.57056	0.01412	0.00684	0.00198	0.00315	0.07218	0.00548	0.00509
12	0.83938	0.01106	0.00841	0.00752	0.01106	0.01283	0.00619	0.01681	0.00973	0.02566	0.00796	0.00929	0.00619	0.00531	0.00354	0.00177	0.00442	0.00310	0.00354	0.00619
13	0.00697	0.00498	0.00664	0.00796	0.00830	0.00465	0.00531	0.00796	0.01095	0.01460	0.03153	0.79525	0.03783	0.01792	0.00730	0.00232	0.00332	0.01626	0.00531	0.00465
14	0.01186	0.01017	0.01186	0.00847	0.01356	0.00762	0.00678	0.01440	0.01186	0.01864	0.01017	0.01186	0.00847	0.00424	0.00424	0.00085	0.00424	0.00339	0.00339	0.83395
15	0.01367	0.01178	0.01268	0.01089	0.01456	0.01266	0.00851	0.02660	0.57697	0.02267	0.02017	0.01909	0.01533	0.00692	0.00544	0.00168	0.00446	0.00574	0.00524	0.20494
16	0.00922	0.00658	0.00922	0.01053	0.01185	0.00658	0.00922	0.01185	0.01317	0.01712	0.03029	0.06452	0.03292	0.01580	0.00790	0.00263	0.00527	0.72480	0.00527	0.00527
17	0.00832	0.00555	0.00624	0.00624	0.00624	0.00555	0.00347	0.00832	0.00832	0.01109	0.01802	0.03743	0.02080	0.79898	0.02911	0.00555	0.00555	0.00832	0.00347	0.00347
18	0.83938	0.01106	0.00841	0.00752	0.01106	0.01283	0.00619	0.01681	0.00973	0.02566	0.00796	0.00929	0.00619	0.00531	0.00354	0.00177	0.00442	0.00310	0.00354	0.00619
19	0.00817	0.00613	0.00919	0.00919	0.01021	0.00715	0.00715	0.01021	0.00919	0.01328	0.01532	0.02247	0.01430	0.04290	0.77631	0.00919	0.01532	0.00613	0.00306	0.00511
20	0.00681	0.00580	0.00586	0.00584	0.00775	0.00485	0.00438	0.00830	0.01315	0.01571	0.08211	0.05462	0.73665	0.01439	0.00676	0.00193	0.00289	0.01201	0.00535	0.00485
21	0.00697	0.00580	0.00609	0.00602	0.00786	0.00492	0.00451	0.00862	0.01354	0.01664	0.16984	0.05308	0.64834	0.01404	0.00676	0.00191	0.00287	0.01180	0.00547	0.00492
22	0.01066	0.00533	0.00533	0.00533	0.00666	0.00533	0.00400	0.01333	0.01200	0.02132	0.01866	0.02132	0.01466	0.00666	0.00400	0.00133	0.00267	0.00533	0.83073	0.00533
23	0.83938	0.01106	0.00841	0.00752	0.01106	0.01283	0.00619	0.01681	0.00973	0.02566	0.00796	0.00929	0.00619	0.00531	0.00354	0.00177	0.00442	0.00310	0.00354	0.00619
24	0.00810	0.00585	0.00765	0.00720	0.00855	0.00540	0.00540	0.01079	0.01619	0.02294	0.76028	0.04273	0.05397	0.01169	0.00675	0.00180	0.00270	0.01034	0.00630	0.00540
25	0.00697	0.00498	0.00664	0.00796	0.00830	0.00465	0.00531	0.00796	0.01095	0.01460	0.03153	0.79525	0.03783	0.01792	0.00730	0.00232	0.00332	0.01626	0.00531	0.00465
26	0.00707	0.00505	0.00676	0.00809	0.00846	0.00474	0.00549	0.00815	0.01106	0.01472	0.03147	0.76092	0.03760	0.01782	0.00733	0.00234	0.00341	0.04955	0.00531	0.00468
27	0.83938	0.01106	0.00841	0.00752	0.01106	0.01283	0.00619	0.01681	0.00973	0.02566	0.00796	0.00929	0.00619	0.00531	0.00354	0.00177	0.00442	0.00310	0.00354	0.00619
28	0.01186	0.01017	0.01186	0.00847	0.01356	0.00762	0.00678	0.01440	0.01186	0.01864	0.01017	0.01186	0.00847	0.00424	0.00424	0.00085	0.00424	0.00339	0.00339	0.83395
29	0.02174	0.01602	0.01717	0.01316	0.01774	0.01774	0.01087	0.74423	0.02689	0.03605	0.01373	0.01373	0.00973	0.00687	0.00572	0.00172	0.00629	0.00515	0.00572	0.00973
30	0.83938	0.01106	0.00841	0.00752	0.01106	0.01283	0.00619	0.01681	0.00973	0.02566	0.00796	0.00929	0.00619	0.00531	0.00354	0.00177	0.00442	0.00310	0.00354	0.00619
31	0.00697	0.00498	0.00664	0.00796	0.00830	0.00465	0.00531	0.00796	0.01095	0.01460	0.03153	0.79525	0.03783	0.01792	0.00730	0.00232	0.00332	0.01626	0.00531	0.00465
32	0.02137	0.02726	0.01621	0.01474	0.01768	0.77602	0.01105	0.02284	0.01621	0.01400	0.00884	0.01031	0.00737	0.00589	0.00516	0.00147	0.01031	0.00368	0.00295	0.00663
33	0.02132	0.01581	0.01693	0.01308	0.01758	0.01754	0.01077	0.70423	0.06758	0.03537	0.01427	0.01416	0.01016	0.00692	0.00573	0.00173	0.00620	0.00522	0.00573	0.00969
34	0.00676	0.00579	0.00579	0.00579	0.00773	0.00483	0.00435	0.00821	0.01304	0.01545	0.05794	0.05505	0.76098	0.01449	0.00676	0.00193	0.00290	0.01207	0.00531	0.00483

[dist]
# distance from previous block
# <min> <max>
0	4

[block]
# block no. 3 follows, 41 sequences, length 32
# corresponding to MSA columns:
# 342-373
name=unknown_D
#
# <colnr> <probs for GDERKNQSTAVLIFYWHMCP>
#	G	D	E	R	K	N	Q	S	T	A	V	L	I	F	Y	W	H	M	C	P
0	0.01665	0.01538	0.02513	0.03518	0.69154	0.01494	0.05982	0.01928	0.01464	0.02100	0.01343	0.01780	0.01152	0.00686	0.00684	0.00220	0.00778	0.00603	0.00375	0.01023
1	0.02174	0.01602	0.01717	0.01316	0.01774	0.01774	0.01087	0.74423	0.02689	0.03605	0.01373	0.01373	0.00973	0.00687	0.00572	0.00172	0.00629	0.00515	0.00572	0.00973
2	0.00747	0.00594	0.00678	0.00692	0.00862	0.00526	0.00542	0.00938	0.01371	0.01729	0.19764	0.05418	0.48698	0.01414	0.00696	0.00203	0.00327	0.13747	0.00551	0.00502
3	0.00810	0.00585	0.00765	0.00720	0.00855	0.00540	0.00540	0.01079	0.01619	0.02294	0.76028	0.04273	0.05397	0.01169	0.00675	0.00180	0.00270	0.01034	0.00630	0.00540
4	0.01350	0.01543	0.03375	0.02411	0.02989	0.01446	0.74253	0.01832	0.01350	0.01832	0.01157	0.01543	0.00868	0.00482	0.00675	0.00193	0.00964	0.00675	0.00289	0.00771
5	0.00810	0.00585	0.00765	0.00720	0.00855	0.00540	0.00540	0.01079	0.01619	0.02294	0.76028	0.04273	0.05397	0.01169	0.00675	0.00180	0.00270	0.01034	0.00630	0.00540
6	0.01147	0.02959	0.76934	0.01630	0.02476	0.01328	0.02113	0.01811	0.01208	0.01811	0.01026	0.01208	0.00725	0.00543	0.00543	0.00181	0.00845	0.00423	0.00242	0.00845
7	0.01466	0.01250	0.01318	0.01173	0.01504	0.01443	0.00916	0.07133	0.71133	0.02462	0.02273	0.02090	0.01702	0.00771	0.00581	0.00193	0.00463	0.00639	0.00581	0.00909
8	0.00697	0.00498	0.00664	0.00796	0.00830	0.00465	0.00531	0.00796	0.01095	0.01460	0.03153	0.79525	0.03783	0.01792	0.00730	0.00232	0.00332	0.01626	0.00531	0.00465
9	0.83938	0.01106	0.00841	0.00752	0.01106	0.01283	0.00619	0.01681	0.00973	0.02566	0.00796	0.00929	0.00619	0.00531	0.00354	0.00177	0.00442	0.00310	0.00354	0.00619
10	0.01147	0.02959	0.76934	0.01630	0.02476	0.01328	0.02113	0.01811	0.01208	0.01811	0.01026	0.01208	0.00725	0.00543	0.00543	0.00181	0.00845	0.00423	0.00242	0.00845
11	0.00805	0.00548	0.00648	0.00666	0.00689	0.00537	0.00403	0.00856	0.00976	0.01318	0.11204	0.17331	0.02793	0.56244	0.02246	0.00451	0.00480	0.00999	0.00414	0.00391
12	0.83938	0.01106	0.00841	0.00752	0.01106	0.01283	0.00619	0.01681	0.00973	0.02566	0.00796	0.00929	0.00619	0.00531	0.00354	0.00177	0.00442	0.00310	0.00354	0.00619
13	0.00810	0.00585	0.00765	0.00720	0.00855	0.00540	0.00540	0.01079	0.01619	0.02294	0.76028	0.04273	0.05397	0.01169	0.00675	0.00180	0.00270	0.01034	0.00630	0.00540
14	0.00832	0.00555	0.00624	0.00624	0.00624	0.00555	0.00347	0.00832	0.00832	0.01109	0.01802	0.03743	0.02080	0.79898	0.02911	0.00555	0.00555	0.00832	0.00347	0.00347
15	0.00832	0.00555	0.00624	0.00624	0.00624	0.00555	0.00347	0.00832	0.00832	0.01109	0.01802	0.03743	0.02080	0.79898	0.02911	0.00555	0.00555	0.00832	0.00347	0.00347
16	0.01451	0.01243	0.01309	0.01170	0.01498	0.01436	0.00912	0.05726	0.72564	0.02438	0.02292	0.02105	0.01717	0.00773	0.00582	0.00193	0.00459	0.00642	0.00582	0.00908
17	0.00697	0.00498	0.00664	0.00796	0.00830	0.00465	0.00531	0.00796	0.01095	0.01460	0.03153	0.79525	0.03783	0.01792	0.00730	0.00232	0.00332	0.01626	0.00531	0.00465
18	0.00832	0.00555	0.00624	0.00624	0.00624	0.00555	0.00347	0.00832	0.00832	0.01109	0.01802	0.03743	0.02080	0.79898	0.02911	0.00555	0.00555	0.00832	0.00347	0.00347
19	0.03393	0.00535	0.00690	0.00780	0.00844	0.00506	0.00536	0.00882	0.01197	0.01664	0.17789	0.61809	0.04007	0.01626	0.00707	0.00220	0.00323	0.01464	0.00545	0.00485
20	0.00810	0.00585	0.00765	0.00720	0.00855	0.00540	0.00540	0.01079	0.01619	0.02294	0.76028	0.04273	0.05397	0.01169	0.00675	0.00180	0.00270	0.01034	0.00630	0.00540
21	0.83938	0.01106	0.00841	0.00752	0.01106	0.01283	0.00619	0.01681	0.00973	0.02566	0.00796	0.00929	0.00619	0.00531	0.00354	0.00177	0.00442	0.00310	0.00354	0.00619
22	0.00697	0.00498	0.00664	0.00796	0.00830	0.00465	0.00531	0.00796	0.01095	0.01460	0.03153	0.79525	0.03783	0.01792	0.00730	0.00232	0.00332	0.01626	0.00531	0.00465
23	0.01147	0.02959	0.76934	0.01630	0.02476	0.01328	0.02113	0.01811	0.01208	0.01811	0.01026	0.01208	0.00725	0.00543	0.00543	0.00181	0.00845	0.00423	0.00242	0.00845
24	0.00832	0.00555	0.00624	0.00624	0.00624	0.00555	0.00347	0.00832	0.00832	0.01109	0.01802	0.03743	0.02080	0.79898	0.02911	0.00555	0.00555	0.00832	0.00347	0.00347
25	0.02174	0.01602	0.01717	0.01316	0.01774	0.01774	0.01087	0.74423	0.02689	0.03605	0.01373	0.01373	0.00973	0.00687	0.00572	0.00172	0.00629	0.00515	0.00572	0.00973
26	0.01186	0.01017	0.01186	0.00847	0.01356	0.00762	0.00678	0.01440	0.01186	0.01864	0.01017	0.01186	0.00847	0.00424	0.00424	0.00085	0.00424	0.00339	0.00339	0.83395
27	0.01147	0.02959	0.76934	0.01630	0.02476	0.01328	0.02113	0.01811	0.01208	0.01811	0.01026	0.01208	0.00725	0.00543	0.00543	0.00181	0.00845	0.00423	0.00242	0.00845
28	0.01281	0.01222	0.02078	0.33623	0.47271	0.01324	0.01688	0.01637	0.01239	0.01705	0.01052	0.01460	0.00848	0.00535	0.00569	0.00178	0.00713	0.00509	0.00272	0.00797
29	0.00697	0.00498	0.00664	0.00796	0.00830	0.00465	0.00531	0.00796	0.01095	0.01460	0.03153	0.79525	0.03783	0.01792	0.00730	0.00232	0.00332	0.01626	0.00531	0.00465
30	0.01087	0.01027	0.01717	0.75278	0.03837	0.01291	0.01574	0.01458	0.01132	0.01458	0.01005	0.01513	0.00762	0.00590	0.00627	0.00193	0.04052	0.00508	0.00254	0.00635
31	0.01416	0.01359	0.02322	0.03511	0.76330	0.01359	0.01755	0.01755	0.01302	0.01869	0.01076	0.01416	0.00906	0.00510	0.00566	0.00170	0.00680	0.00510	0.00283	0.00906

[dist]
# distance from previous block
# <min> <max>
0	105

[block]
# block no. 4 follows, 41 sequences, length 58
# corresponding to MSA columns:
# 484-541
name=unknown_E
#
# <colnr> <probs for GDERKNQSTAVLIFYWHMCP>
#	G	D	E	R	K	N	Q	S	T	A	V	L	I	F	Y	W	H	M	C	P
0	0.00807	0.00590	0.00683	0.00655	0.00806	0.00526	0.00477	0.00985	0.01377	0.03975	0.33710	0.04659	0.35039	0.12052	0.00979	0.00237	0.00324	0.01067	0.00551	0.00502
1	0.01045	0.06538	0.00944	0.00778	0.00941	0.00681	0.00581	0.01217	0.01334	0.11301	0.26859	0.25350	0.09941	0.08824	0.00870	0.00227	0.00370	0.01087	0.00547	0.00564
2	0.00879	0.00660	0.00946	0.06800	0.04126	0.00673	0.00840	0.01102	0.01238	0.01649	0.09645	0.22641	0.03176	0.04785	0.05101	0.00287	0.00537	0.33898	0.00488	0.00528
3	0.20076	0.02390	0.54004	0.01385	0.02089	0.01282	0.01679	0.01855	0.01186	0.07562	0.01066	0.01199	0.00752	0.00553	0.00503	0.00180	0.00727	0.00408	0.00302	0.00804
4	0.13925	0.00821	0.00900	0.00815	0.01067	0.00822	0.00641	0.04525	0.08893	0.11831	0.22147	0.05700	0.20626	0.01055	0.00606	0.00188	0.00375	0.03859	0.00559	0.00646
5	0.00805	0.00525	0.00702	0.00809	0.00866	0.00486	0.00549	0.00912	0.01127	0.05826	0.03101	0.75025	0.03646	0.01729	0.00721	0.00229	0.00341	0.01565	0.00541	0.00494
6	0.01110	0.01069	0.01841	0.68570	0.03733	0.01311	0.06981	0.01484	0.01144	0.01484	0.01012	0.01511	0.00770	0.00589	0.00652	0.00194	0.05122	0.00520	0.00257	0.00645
7	0.00751	0.00598	0.00676	0.00662	0.00829	0.00533	0.00494	0.00987	0.03810	0.01845	0.31526	0.09035	0.43520	0.01342	0.00675	0.00190	0.00290	0.01148	0.00569	0.00517
8	0.00713	0.00508	0.00678	0.00807	0.00845	0.00478	0.00549	0.00820	0.01102	0.01466	0.03113	0.73475	0.03714	0.03646	0.00786	0.00242	0.00348	0.05717	0.00526	0.00465
9	0.05654	0.00784	0.00991	0.00946	0.04090	0.00768	0.00690	0.07140	0.01492	0.15096	0.28410	0.10459	0.08469	0.04028	0.08139	0.00268	0.00501	0.00876	0.00553	0.00648
10	0.00697	0.00498	0.00664	0.00796	0.00830	0.00465	0.00531	0.00796	0.01095	0.01460	0.03153	0.79525	0.03783	0.01792	0.00730	0.00232	0.00332	0.01626	0.00531	0.00465
11	0.00864	0.00610	0.00726	0.00726	0.00881	0.00554	0.00533	0.01095	0.04448	0.06378	0.22960	0.24763	0.30549	0.01395	0.00680	0.00199	0.00315	0.01213	0.00570	0.00541
12	0.61902	0.01073	0.00955	0.00818	0.01179	0.01184	0.00672	0.04770	0.01194	0.15275	0.05433	0.01315	0.01047	0.00605	0.00419	0.00177	0.00448	0.00405	0.00439	0.00690
13	0.01293	0.01442	0.03080	0.10807	0.03007	0.01387	0.63158	0.01749	0.01317	0.01776	0.01223	0.04731	0.00975	0.00546	0.00666	0.00194	0.00916	0.00695	0.00295	0.00744
14	0.00832	0.00634	0.00715	0.00681	0.00869	0.00573	0.00515	0.01115	0.05982	0.04297	0.31079	0.04733	0.43330	0.01281	0.00666	0.00188	0.00299	0.01089	0.00576	0.00545
15	0.00697	0.00498	0.00664	0.00796	0.00830	0.00465	0.00531	0.00796	0.01095	0.01460	0.03153	0.79525	0.03783	0.01792	0.00730	0.00232	0.00332	0.01626	0.00531	0.00465
16	0.00819	0.00562	0.00661	0.00652	0.00694	0.00547	0.00405	0.00897	0.01063	0.01448	0.21942	0.05379	0.05239	0.54839	0.02200	0.00437	0.00466	0.00913	0.00432	0.00405
17	0.02174	0.01602	0.01717	0.01316	0.01774	0.01774	0.01087	0.74423	0.02689	0.03605	0.01373	0.01373	0.00973	0.00687	0.00572	0.00172	0.00629	0.00515	0.00572	0.00973
18	0.00697	0.00498	0.00664	0.00796	0.00830	0.00465	0.00531	0.00796	0.01095	0.01460	0.03153	0.79525	0.03783	0.01792	0.00730	0.00232	0.00332	0.01626	0.00531	0.00465
19	0.02341	0.00921	0.01253	0.00983	0.01383	0.00800	0.00802	0.02562	0.01616	0.67331	0.08863	0.05002	0.01858	0.00789	0.00590	0.00179	0.00462	0.00655	0.00694	0.00916
20	0.02532	0.00981	0.01326	0.01022	0.01461	0.00858	0.00843	0.02795	0.03860	0.74483	0.02259	0.01953	0.01426	0.00710	0.00575	0.00178	0.00486	0.00577	0.00704	0.00971
21	0.01012	0.00651	0.00843	0.00768	0.00942	0.00607	0.00585	0.01334	0.04706	0.09806	0.65501	0.03948	0.04843	0.01106	0.00661	0.00180	0.00299	0.00972	0.00636	0.00599
22	0.00803	0.00538	0.00641	0.00679	0.00708	0.00524	0.00422	0.00872	0.00996	0.01373	0.07754	0.27254	0.02817	0.44583	0.01903	0.00399	0.00445	0.01075	0.05805	0.00410
23	0.00697	0.00498	0.00664	0.00796	0.00830	0.00465	0.00531	0.00796	0.01095	0.01460	0.03153	0.79525	0.03783	0.01792	0.00730	0.00232	0.00332	0.01626	0.00531	0.00465
24	0.00724	0.00520	0.00677	0.00765	0.00821	0.00484	0.00519	0.00851	0.01185	0.01597	0.16480	0.58918	0.06762	0.05823	0.00834	0.00238	0.00331	0.01460	0.00539	0.00473
25	0.01066	0.00533	0.00533	0.00533	0.00666	0.00533	0.00400	0.01333	0.01200	0.02132	0.01866	0.02132	0.01466	0.00666	0.00400	0.00133	0.00267	0.00533	0.83073	0.00533
26	0.00724	0.00501	0.00674	0.00789	0.00824	0.00470	0.00529	0.00804	0.01091	0.01460	0.06044	0.70581	0.03643	0.01780	0.00840	0.06421	0.00342	0.01517	0.00514	0.00452
27	0.00770	0.00565	0.00712	0.00711	0.00826	0.00518	0.00513	0.00974	0.01427	0.01960	0.47822	0.19640	0.14272	0.05713	0.00810	0.00213	0.00301	0.01166	0.00581	0.00506
28	0.00747	0.00573	0.00679	0.00717	0.00840	0.00522	0.00522	0.00929	0.02633	0.01657	0.17014	0.26971	0.31262	0.05862	0.00823	0.00228	0.00334	0.06657	0.00539	0.00491
29	0.01316	0.01257	0.02142	0.25766	0.54853	0.01333	0.01706	0.01668	0.01255	0.01748	0.01058	0.01448	0.00863	0.00528	0.00568	0.00176	0.00704	0.00509	0.00275	0.00826
30	0.01640	0.01320	0.01518	0.01481	0.10758	0.01471	0.01049	0.19179	0.46594	0.05646	0.01953	0.01864	0.01453	0.00720	0.00578	0.00185	0.00522	0.00597	0.00548	0.00924
31	0.00851	0.00651	0.00932	0.00911	0.00993	0.00760	0.00694	0.01025	0.00945	0.01358	0.05832	0.02495	0.01698	0.14214	0.57297	0.00777	0.07083	0.00659	0.00326	0.00498
32	0.00697	0.00498	0.00664	0.00796	0.00830	0.00465	0.00531	0.00796	0.01095	0.01460	0.03153	0.79525	0.03783	0.01792	0.00730	0.00232	0.00332	0.01626	0.00531	0.00465
33	0.00706	0.00582	0.00621	0.00615	0.00796	0.00497	0.00464	0.00877	0.01363	0.01689	0.18962	0.05292	0.61321	0.01399	0.00678	0.00192	0.00291	0.02610	0.00550	0.00494
34	0.80951	0.01101	0.00859	0.00762	0.01119	0.01267	0.00628	0.01722	0.00998	0.05289	0.00850	0.00967	0.00649	0.00537	0.00362	0.00177	0.00444	0.00319	0.00367	0.00632
35	0.01186	0.01017	0.01186	0.00847	0.01356	0.00762	0.00678	0.01440	0.01186	0.01864	0.01017	0.01186	0.00847	0.00424	0.00424	0.00085	0.00424	0.00339	0.00339	0.83395
36	0.00820	0.00600	0.00854	0.00854	0.00934	0.00680	0.00634	0.00980	0.00900	0.01280	0.01592	0.02577	0.01573	0.20967	0.61150	0.00839	0.01316	0.00661	0.00315	0.00475
37	0.00852	0.00602	0.00865	0.00865	0.00971	0.00689	0.00671	0.01065	0.00959	0.01441	0.01579	0.02231	0.01435	0.03779	0.66739	0.00808	0.01354	0.00602	0.11979	0.00514
38	0.01126	0.01064	0.01799	0.68255	0.13849	0.01283	0.01611	0.01502	0.01165	0.01517	0.01025	0.01510	0.00782	0.00563	0.00571	0.00188	0.00751	0.00509	0.00258	0.00672
39	0.01387	0.01330	0.02270	0.09948	0.70118	0.01351	0.01741	0.01730	0.01289	0.01834	0.01071	0.01425	0.00894	0.00515	0.00567	0.00172	0.00687	0.00510	0.00281	0.00883
40	0.00697	0.00498	0.00664	0.00796	0.00830	0.00465	0.00531	0.00796	0.01095	0.01460	0.03153	0.79525	0.03783	0.01792	0.00730	0.00232	0.00332	0.01626	0.00531	0.00465
41	0.01246	0.01244	0.01751	0.04011	0.01581	0.01736	0.01262	0.01379	0.00885	0.01379	0.00760	0.01260	0.00751	0.00987	0.01835	0.00248	0.76307	0.00501	0.00250	0.00626
42	0.01593	0.00827	0.01084	0.00971	0.01242	0.00784	0.00794	0.04820	0.06087	0.30474	0.18565	0.07457	0.02874	0.01084	0.00659	0.00203	0.00445	0.18676	0.00624	0.00738
43	0.01147	0.02959	0.76934	0.01630	0.02476	0.01328	0.02113	0.01811	0.01208	0.01811	0.01026	0.01208	0.00725	0.00543	0.00543	0.00181	0.00845	0.00423	0.00242	0.00845
44	0.11958	0.01543	0.01612	0.01249	0.01694	0.01715	0.01031	0.65719	0.02484	0.03481	0.01304	0.01320	0.00930	0.00668	0.00546	0.00172	0.00607	0.00490	0.00546	0.00930
45	0.01416	0.01359	0.02322	0.03511	0.76330	0.01359	0.01755	0.01755	0.01302	0.01869	0.01076	0.01416	0.00906	0.00510	0.00566	0.00170	0.00680	0.00510	0.00283	0.00906
46	0.83938	0.01106	0.00841	0.00752	0.01106	0.01283	0.00619	0.01681	0.00973	0.02566	0.00796	0.00929	0.00619	0.00531	0.00354	0.00177	0.00442	0.00310	0.00354	0.00619
47	0.04780	0.02606	0.01602	0.01441	0.01747	0.70542	0.01088	0.06637	0.01665	0.01571	0.00911	0.01049	0.00747	0.00593	0.00514	0.00150	0.00988	0.00375	0.00313	0.00680
48	0.01397	0.01340	0.02288	0.07684	0.72302	0.01354	0.01746	0.01739	0.01294	0.01846	0.01073	0.01422	0.00898	0.00513	0.00567	0.00171	0.00684	0.00510	0.00282	0.00891
49	0.01147	0.02959	0.76934	0.01630	0.02476	0.01328	0.02113	0.01811	0.01208	0.01811	0.01026	0.01208	0.00725	0.00543	0.00543	0.00181	0.00845	0.00423	0.00242	0.00845
50	0.00690	0.00580	0.00599	0.00594	0.00781	0.00489	0.00445	0.00848	0.01336	0.01623	0.13081	0.05377	0.68763	0.01420	0.00676	0.00192	0.00288	0.01189	0.00541	0.00489
51	0.00718	0.00514	0.00686	0.00806	0.00852	0.00481	0.00554	0.00840	0.01147	0.01537	0.08572	0.69682	0.03875	0.01733	0.00729	0.00230	0.00339	0.05692	0.00538	0.00474
52	0.00753	0.00582	0.00685	0.00660	0.00820	0.00515	0.00495	0.00969	0.01484	0.01974	0.46025	0.04799	0.35600	0.01289	0.00675	0.00186	0.00278	0.01108	0.00588	0.00515
53	0.00709	0.00506	0.00677	0.00806	0.00845	0.00474	0.00548	0.00819	0.01115	0.01488	0.04681	0.74881	0.03797	0.01770	0.00731	0.00232	0.00339	0.04581	0.00533	0.00469
54	0.83938	0.01106	0.00841	0.00752	0.01106	0.01283	0.00619	0.01681	0.00973	0.02566	0.00796	0.00929	0.00619	0.00531	0.00354	0.00177	0.00442	0.00310	0.00354	0.00619
55	0.00846	0.00679	0.00773	0.00765	0.00951	0.00649	0.00598	0.01236	0.11187	0.01871	0.22509	0.04895	0.37324	0.01310	0.00681	0.00201	0.00343	0.12061	0.00562	0.00560
56	0.02035	0.01385	0.01505	0.01177	0.01585	0.01505	0.00965	0.54944	0.05320	0.10421	0.01562	0.01560	0.01112	0.00690	0.00550	0.00168	0.00560	0.00529	0.11515	0.00912
57	0.02489	0.06877	0.01452	0.01015	0.01461	0.00947	0.00851	0.02708	0.01602	0.71113	0.02148	0.01870	0.01365	0.00692	0.00560	0.00173	0.00496	0.00555	0.00673	0.00956

[dist]
# distance from previous block
# <min> <max>
2	24

[block]
# block no. 5 follows, 41 sequences, length 6
# corresponding to MSA columns:
# 566-571
name=unknown_F
#
# <colnr> <probs for GDERKNQSTAVLIFYWHMCP>
#	G	D	E	R	K	N	Q	S	T	A	V	L	I	F	Y	W	H	M	C	P
0	0.01415	0.01261	0.01650	0.01463	0.05294	0.01387	0.11950	0.06381	0.51581	0.02298	0.02093	0.02281	0.01645	0.00772	0.00610	0.00196	0.00555	0.05787	0.00519	0.00862
1	0.00762	0.00565	0.00710	0.00711	0.00835	0.00514	0.00519	0.00973	0.01451	0.01983	0.48049	0.20552	0.17560	0.01352	0.00687	0.00193	0.00287	0.01191	0.00591	0.00514
2	0.01263	0.01090	0.01141	0.01039	0.01335	0.01222	0.00805	0.02566	0.59507	0.02212	0.03068	0.02853	0.17612	0.00920	0.00602	0.00194	0.00418	0.00766	0.00571	0.00815
3	0.01051	0.02434	0.60659	0.01452	0.02124	0.01144	0.01776	0.01595	0.01184	0.01736	0.01480	0.17920	0.01377	0.00810	0.00583	0.00192	0.00736	0.00679	0.00303	0.00764
4	0.00900	0.00707	0.01024	0.01348	0.16911	0.00691	0.00770	0.01036	0.01086	0.01473	0.02353	0.38524	0.02697	0.21661	0.01262	0.00304	0.00476	0.05814	0.00430	0.00532
5	0.00731	0.00522	0.00702	0.00835	0.00883	0.00494	0.00590	0.00855	0.01128	0.01498	0.03134	0.68573	0.03709	0.01760	0.00739	0.00237	0.00361	0.12245	0.00530	0.00474

[dist]
# distance from previous block
# <min> <max>
2	27

[block]
# block no. 6 follows, 41 sequences, length 6
# corresponding to MSA columns:
# 599-604
name=unknown_G
#
# <colnr> <probs for GDERKNQSTAVLIFYWHMCP>
#	G	D	E	R	K	N	Q	S	T	A	V	L	I	F	Y	W	H	M	C	P
0	0.08811	0.01206	0.01376	0.01106	0.01508	0.01254	0.00898	0.25291	0.14381	0.31721	0.01909	0.05055	0.01369	0.00745	0.00564	0.00181	0.00516	0.00592	0.00607	0.00911
1	0.01126	0.00701	0.00816	0.00761	0.00928	0.00752	0.00592	0.10903	0.01335	0.02096	0.05444	0.02174	0.01588	0.01773	0.23417	0.00375	0.00691	0.00580	0.43364	0.00585
2	0.00845	0.00624	0.00728	0.00708	0.00885	0.00564	0.00541	0.01099	0.04235	0.04907	0.29987	0.07845	0.37737	0.01317	0.00677	0.00194	0.00314	0.05678	0.00575	0.00541
3	0.01111	0.02385	0.59172	0.01424	0.02072	0.01135	0.01736	0.01563	0.01100	0.01621	0.01019	0.01331	0.00787	0.00880	0.00938	0.19573	0.00764	0.00440	0.00243	0.00706
4	0.01158	0.00904	0.01034	0.00774	0.01195	0.00709	0.00613	0.01415	0.01189	0.01926	0.01215	0.01407	0.00991	0.00480	0.00418	0.00096	0.00387	0.00384	0.19627	0.64077
5	0.00700	0.00561	0.00626	0.00650	0.00798	0.00487	0.00472	0.00852	0.01300	0.01633	0.15271	0.22584	0.49079	0.01489	0.00688	0.00200	0.00297	0.01280	0.00545	0.00487

[dist]
# distance from previous block
# <min> <max>
0	4

[block]
# block no. 7 follows, 41 sequences, length 10
# corresponding to MSA columns:
# 609-618
name=unknown_H
#
# <colnr> <probs for GDERKNQSTAVLIFYWHMCP>
#	G	D	E	R	K	N	Q	S	T	A	V	L	I	F	Y	W	H	M	C	P
0	0.01820	0.00853	0.01123	0.00936	0.01239	0.00750	0.00736	0.02038	0.01675	0.41386	0.36424	0.03129	0.03329	0.00976	0.00657	0.00194	0.00415	0.00813	0.00695	0.00812
1	0.00684	0.00550	0.00610	0.00658	0.00793	0.00476	0.00469	0.00812	0.01228	0.01514	0.04841	0.32214	0.50004	0.01573	0.00696	0.00207	0.00305	0.01358	0.00531	0.00476
2	0.00709	0.00551	0.00646	0.00685	0.00809	0.00487	0.00490	0.00862	0.01290	0.01660	0.18488	0.31974	0.36266	0.01518	0.00695	0.00205	0.00301	0.01325	0.00550	0.00487
3	0.00916	0.00547	0.00591	0.00591	0.00639	0.00547	0.00366	0.01013	0.00964	0.01478	0.01825	0.03162	0.01858	0.51309	0.02005	0.00403	0.00451	0.00724	0.30197	0.00414
4	0.00776	0.00564	0.00608	0.00608	0.00678	0.00529	0.00378	0.00828	0.01002	0.01266	0.03243	0.04379	0.28788	0.51591	0.02105	0.00424	0.00459	0.00967	0.00413	0.00396
5	0.02356	0.01216	0.01466	0.01134	0.01575	0.01212	0.00934	0.28651	0.06436	0.45882	0.01942	0.01751	0.01276	0.00704	0.00575	0.00176	0.00536	0.00558	0.00651	0.00969
6	0.01641	0.01204	0.01337	0.01129	0.01433	0.01301	0.00886	0.47856	0.02114	0.02831	0.02015	0.29573	0.01987	0.01085	0.00629	0.00194	0.00522	0.00916	0.00557	0.00789
7	0.00724	0.00581	0.00646	0.00630	0.00802	0.00503	0.00473	0.00914	0.01418	0.01815	0.31137	0.05060	0.50587	0.01348	0.00676	0.00188	0.00283	0.01145	0.00567	0.00503
8	0.83938	0.01106	0.00841	0.00752	0.01106	0.01283	0.00619	0.01681	0.00973	0.02566	0.00796	0.00929	0.00619	0.00531	0.00354	0.00177	0.00442	0.00310	0.00354	0.00619
9	0.00745	0.00532	0.00698	0.00759	0.00827	0.00497	0.00523	0.00901	0.01269	0.01740	0.29370	0.47941	0.04266	0.06133	0.00838	0.00232	0.00322	0.01366	0.00556	0.00485

[dist]
# distance from previous block
# <min> <max>
0	5

[block]
# block no. 8 follows, 41 sequences, length 11
# corresponding to MSA columns:
# 624-634
name=unknown_I
#
# <colnr> <probs for GDERKNQSTAVLIFYWHMCP>
#	G	D	E	R	K	N	Q	S	T	A	V	L	I	F	Y	W	H	M	C	P
0	0.01205	0.01187	0.01742	0.22553	0.02168	0.01620	0.01344	0.01400	0.00949	0.01400	0.00823	0.01326	0.00754	0.00884	0.01520	0.00234	0.57508	0.00503	0.00251	0.00628
1	0.01183	0.00863	0.01025	0.00883	0.01106	0.00877	0.00689	0.21125	0.01912	0.02652	0.55624	0.03480	0.04188	0.01037	0.00647	0.00178	0.00368	0.00892	0.00614	0.00658
2	0.00826	0.00563	0.00662	0.00650	0.00687	0.00550	0.00399	0.00899	0.01047	0.01433	0.22090	0.03888	0.02986	0.58380	0.02300	0.00452	0.00477	0.00887	0.00424	0.00399
3	0.01186	0.01017	0.01186	0.00847	0.01356	0.00762	0.00678	0.01440	0.01186	0.01864	0.01017	0.01186	0.00847	0.00424	0.00424	0.00085	0.00424	0.00339	0.00339	0.83395
4	0.01227	0.01015	0.01134	0.00996	0.01294	0.01069	0.00777	0.04380	0.39553	0.02302	0.22268	0.02688	0.02634	0.00853	0.00590	0.00175	0.00406	0.02945	0.00557	0.13135
5	0.01027	0.00719	0.00826	0.00754	0.00859	0.00733	0.00510	0.11907	0.01325	0.01806	0.22025	0.03533	0.02821	0.46531	0.01950	0.00395	0.00488	0.00840	0.00458	0.00493
6	0.00918	0.00563	0.00667	0.00641	0.00775	0.00537	0.00481	0.01187	0.01442	0.02226	0.44665	0.03368	0.03735	0.00957	0.00558	0.00160	0.00268	0.00822	0.35495	0.00537
7	0.00962	0.00595	0.00764	0.00770	0.00908	0.00536	0.00558	0.01133	0.01345	0.11200	0.24432	0.37064	0.14694	0.01425	0.00687	0.00204	0.00327	0.01261	0.00582	0.00553
8	0.23587	0.00826	0.01052	0.15901	0.01610	0.00978	0.00858	0.01287	0.00978	0.01692	0.01231	0.01747	0.01079	0.02543	0.41588	0.00575	0.01085	0.00510	0.00309	0.00565
9	0.01640	0.02291	0.45067	0.01453	0.02132	0.01377	0.01643	0.21803	0.01677	0.13508	0.01305	0.01363	0.00896	0.00607	0.00556	0.00178	0.00733	0.00471	0.00402	0.00899
10	0.00779	0.00614	0.00823	0.00893	0.00928	0.00658	0.00635	0.00884	0.01071	0.01451	0.02906	0.64653	0.06420	0.01659	0.00899	0.00233	0.12075	0.01440	0.00489	0.00489

[dist]
# distance from previous block
# <min> <max>
0	44

[block]
# block no. 9 follows, 41 sequences, length 8
# corresponding to MSA columns:
# 681-688
name=unknown_J
#
# <colnr> <probs for GDERKNQSTAVLIFYWHMCP>
#	G	D	E	R	K	N	Q	S	T	A	V	L	I	F	Y	W	H	M	C	P
0	0.00868	0.00690	0.00985	0.19658	0.01601	0.00714	0.00789	0.01158	0.01485	0.02048	0.53712	0.03675	0.08345	0.01040	0.00650	0.00183	0.00391	0.00916	0.00533	0.00560
1	0.02357	0.01310	0.01536	0.01177	0.01628	0.01340	0.00973	0.41131	0.02200	0.37587	0.01784	0.01640	0.01179	0.00697	0.00574	0.00174	0.00563	0.00543	0.00635	0.00973
2	0.02566	0.00973	0.01327	0.01018	0.01460	0.00841	0.00841	0.02788	0.01637	0.76726	0.02257	0.01947	0.01416	0.00708	0.00575	0.00177	0.00487	0.00575	0.00708	0.00973
3	0.83938	0.01106	0.00841	0.00752	0.01106	0.01283	0.00619	0.01681	0.00973	0.02566	0.00796	0.00929	0.00619	0.00531	0.00354	0.00177	0.00442	0.00310	0.00354	0.00619
4	0.01152	0.00614	0.00825	0.00850	0.00983	0.00556	0.00606	0.01281	0.01227	0.19789	0.02934	0.60633	0.03207	0.01528	0.00692	0.00219	0.00370	0.01370	0.00574	0.00589
5	0.02246	0.01041	0.01431	0.01136	0.01470	0.01063	0.00941	0.02444	0.01452	0.58377	0.01890	0.01778	0.01254	0.00779	0.00892	0.00195	0.19570	0.00557	0.00596	0.00889
6	0.01310	0.01415	0.02842	0.02030	0.02592	0.01280	0.56336	0.01737	0.01310	0.01840	0.01123	0.01456	0.00863	0.00468	0.00614	0.00167	0.00833	0.00593	0.00301	0.20892
7	0.00810	0.00585	0.00765	0.00720	0.00855	0.00540	0.00540	0.01079	0.01619	0.02294	0.76028	0.04273	0.05397	0.01169	0.00675	0.00180	0.00270	0.01034	0.00630	0.00540

[dist]
# distance from previous block
# <min> <max>
0	1

[block]
# block no. 10 follows, 41 sequences, length 9
# corresponding to MSA columns:
# 690-698
name=unknown_K
#
# <colnr> <probs for GDERKNQSTAVLIFYWHMCP>
#	G	D	E	R	K	N	Q	S	T	A	V	L	I	F	Y	W	H	M	C	P
0	0.29872	0.01434	0.01420	0.01125	0.01548	0.01608	0.00929	0.49781	0.02108	0.03253	0.01178	0.01223	0.00853	0.00634	0.00498	0.00173	0.00566	0.00445	0.00498	0.00853
1	0.01277	0.29139	0.51888	0.01410	0.02134	0.01645	0.01729	0.01778	0.01192	0.01654	0.00948	0.01109	0.00728	0.00525	0.00484	0.00161	0.00766	0.00383	0.00243	0.00808
2	0.00962	0.00786	0.01010	0.00937	0.00940	0.00952	0.00669	0.01013	0.00870	0.01231	0.01566	0.09640	0.01781	0.46224	0.02367	0.00423	0.27058	0.00790	0.00330	0.00452
3	0.01858	0.02012	0.27166	0.01399	0.01987	0.01549	0.01415	0.44126	0.02104	0.08815	0.01326	0.01363	0.00924	0.00640	0.00563	0.00175	0.00691	0.00488	0.00471	0.00930
4	0.00808	0.00558	0.00676	0.00678	0.00728	0.00538	0.00435	0.00911	0.01131	0.01554	0.27114	0.13323	0.03415	0.43540	0.01883	0.00388	0.00430	0.00999	0.00465	0.00427
