[name]
unknown

[dist]
# distance from previous block
# <min> <max>
0	10

[block]
# block no. 0 follows, 38 sequences, length 7
# corresponding to MSA columns:
# 10-16
name=unknown_A
#
# <colnr> <probs for GDERKNQSTAVLIFYWHMCP>
#	G	D	E	R	K	N	Q	S	T	A	V	L	I	F	Y	W	H	M	C	P
0	0.11468	0.01028	0.01535	0.50003	0.03062	0.01265	0.01344	0.01455	0.01132	0.01646	0.01299	0.04361	0.03964	0.00819	0.00823	0.05744	0.07547	0.00578	0.00302	0.00625
1	0.01766	0.01245	0.01496	0.01468	0.10797	0.01322	0.01027	0.22471	0.20727	0.13066	0.02182	0.10341	0.04115	0.00879	0.00618	0.00193	0.00536	0.00739	0.04112	0.00900
2	0.00860	0.00634	0.00912	0.00906	0.01006	0.00710	0.00686	0.01060	0.01050	0.01499	0.10886	0.02807	0.02107	0.12337	0.58768	0.00826	0.01330	0.00726	0.00370	0.00522
3	0.01671	0.01220	0.01353	0.03761	0.01530	0.04122	0.00912	0.32741	0.04236	0.07818	0.20921	0.12429	0.02667	0.01004	0.00650	0.00192	0.00527	0.00840	0.00599	0.00807
4	0.01093	0.01002	0.01688	0.50710	0.06751	0.01164	0.06190	0.01418	0.01183	0.01544	0.01456	0.11563	0.01369	0.09306	0.00898	0.00247	0.00731	0.00732	0.00319	0.00636
5	0.00772	0.00552	0.00739	0.00858	0.00916	0.00520	0.00604	0.00915	0.01238	0.01662	0.11223	0.62434	0.04110	0.01788	0.00768	0.00242	0.00364	0.09219	0.00569	0.00505
6	0.01121	0.00561	0.00561	0.00561	0.00701	0.00561	0.00421	0.01402	0.01262	0.02243	0.01962	0.02243	0.01542	0.00701	0.00421	0.00140	0.00280	0.00561	0.82198	0.00561

[dist]
# distance from previous block
# <min> <max>
0	4

[block]
# block no. 1 follows, 38 sequences, length 13
# corresponding to MSA columns:
# 21-33
name=unknown_B
#
# <colnr> <probs for GDERKNQSTAVLIFYWHMCP>
#	G	D	E	R	K	N	Q	S	T	A	V	L	I	F	Y	W	H	M	C	P
0	0.10727	0.00996	0.01218	0.00990	0.01357	0.00956	0.00800	0.08039	0.04684	0.39843	0.21054	0.02531	0.02470	0.00853	0.00607	0.00187	0.00458	0.00699	0.00666	0.00862
1	0.01320	0.09611	0.61933	0.01706	0.04425	0.01466	0.04295	0.01939	0.01293	0.05014	0.01119	0.01294	0.00804	0.00571	0.00562	0.00185	0.00851	0.00451	0.00278	0.00884
2	0.01264	0.01084	0.01255	0.00913	0.01435	0.00848	0.00729	0.01626	0.06071	0.01997	0.01161	0.01314	0.00954	0.00470	0.00457	0.00097	0.00448	0.00378	0.00373	0.77128
3	0.01420	0.01623	0.03550	0.02535	0.03144	0.01521	0.72921	0.01927	0.01420	0.01927	0.01217	0.01623	0.00913	0.00507	0.00710	0.00203	0.01014	0.00710	0.00304	0.00811
4	0.01234	0.08220	0.70869	0.01669	0.02533	0.01463	0.02143	0.01898	0.01267	0.01872	0.01063	0.01250	0.00763	0.00568	0.00559	0.00186	0.00873	0.00436	0.00254	0.00881
5	0.06950	0.01352	0.01527	0.01211	0.01654	0.01425	0.00989	0.31621	0.15453	0.28522	0.01918	0.01775	0.01314	0.00738	0.00592	0.00187	0.00564	0.00577	0.00640	0.00989
6	0.00836	0.00614	0.00783	0.00741	0.00890	0.00561	0.00556	0.01106	0.01667	0.02328	0.67447	0.04632	0.13070	0.01261	0.00710	0.00191	0.00286	0.01107	0.00651	0.00561
7	0.00749	0.00536	0.00712	0.00827	0.00876	0.00499	0.00560	0.00877	0.01225	0.01653	0.12873	0.68574	0.04206	0.01797	0.00760	0.00237	0.00340	0.01627	0.00572	0.00499
8	0.01736	0.01387	0.02494	0.11180	0.04681	0.01415	0.32425	0.07883	0.01522	0.18577	0.01430	0.01665	0.01026	0.00649	0.00796	0.00203	0.09039	0.00627	0.00419	0.00847
9	0.01372	0.01508	0.03094	0.12662	0.05457	0.01527	0.53255	0.01820	0.01335	0.01824	0.01148	0.01583	0.00886	0.00579	0.00827	0.00208	0.09177	0.00661	0.00295	0.00780
10	0.00756	0.00540	0.00724	0.00864	0.00909	0.00508	0.00598	0.00877	0.01174	0.01561	0.03303	0.71566	0.03929	0.01863	0.00774	0.00247	0.00369	0.08385	0.00558	0.00495
11	0.01318	0.03793	0.10273	0.05178	0.05639	0.01609	0.23296	0.01648	0.01163	0.01674	0.01096	0.04950	0.00978	0.00814	0.01215	0.00226	0.33479	0.00623	0.00290	0.00739
12	0.03694	0.11836	0.32634	0.01932	0.02626	0.04250	0.30772	0.01915	0.01334	0.01861	0.01093	0.01361	0.00822	0.00540	0.00598	0.00187	0.00905	0.00532	0.00280	0.00829

[dist]
# distance from previous block
# <min> <max>
4	12

[block]
# block no. 2 follows, 38 sequences, length 39
# corresponding to MSA columns:
# 47-85
name=unknown_C
#
# <colnr> <probs for GDERKNQSTAVLIFYWHMCP>
#	G	D	E	R	K	N	Q	S	T	A	V	L	I	F	Y	W	H	M	C	P
0	0.00733	0.00524	0.00698	0.00838	0.00873	0.00489	0.00558	0.00838	0.01152	0.01536	0.03316	0.78466	0.03979	0.01885	0.00768	0.00244	0.00349	0.01710	0.00558	0.00489
1	0.01643	0.75117	0.03075	0.01057	0.01561	0.06361	0.01036	0.01834	0.01248	0.01418	0.00841	0.00971	0.00772	0.00520	0.00394	0.00130	0.00667	0.00325	0.00260	0.00768
2	0.00740	0.00526	0.00696	0.00829	0.00862	0.00493	0.00549	0.00839	0.01139	0.01518	0.03249	0.74980	0.03895	0.05485	0.00875	0.00260	0.00360	0.01671	0.00549	0.00483
3	0.02490	0.01210	0.01494	0.01161	0.01619	0.01180	0.00954	0.20214	0.08455	0.51355	0.02152	0.01917	0.01406	0.00745	0.00605	0.00186	0.00546	0.00596	0.00698	0.01017
4	0.17978	0.01397	0.06203	0.01173	0.01564	0.01463	0.00982	0.05650	0.50183	0.04010	0.01991	0.01888	0.01487	0.00743	0.00561	0.00198	0.00509	0.00586	0.00542	0.00892
5	0.01383	0.01555	0.03327	0.04089	0.03010	0.01492	0.65405	0.01856	0.01383	0.01882	0.01275	0.04532	0.01022	0.00586	0.00766	0.00207	0.04395	0.00736	0.00311	0.00789
6	0.02246	0.01665	0.01782	0.01376	0.01850	0.01847	0.01134	0.69495	0.06500	0.03726	0.01496	0.01486	0.01065	0.00727	0.00602	0.00182	0.00652	0.00549	0.00602	0.01019
7	0.00731	0.00532	0.00689	0.00814	0.00866	0.00491	0.00548	0.00840	0.01175	0.01545	0.03604	0.70923	0.11336	0.01847	0.00762	0.00240	0.00344	0.01664	0.00558	0.00491
8	0.01890	0.01443	0.01549	0.01283	0.01689	0.01619	0.01029	0.32471	0.40463	0.06816	0.02024	0.01899	0.01478	0.00773	0.00607	0.00193	0.00556	0.00618	0.00615	0.00986
9	0.01178	0.00809	0.01128	0.00973	0.01212	0.00764	0.05685	0.01595	0.08576	0.10977	0.46741	0.08563	0.04194	0.01097	0.00682	0.00191	0.00390	0.00980	0.00624	0.03638
10	0.01569	0.55647	0.20048	0.01222	0.01824	0.02053	0.02750	0.01889	0.01264	0.05523	0.00984	0.01108	0.00811	0.00540	0.00448	0.00148	0.00701	0.00373	0.00284	0.00814
11	0.01588	0.01338	0.01412	0.01243	0.01599	0.01539	0.00974	0.11334	0.65731	0.02665	0.02332	0.02151	0.01742	0.00805	0.00611	0.00201	0.00498	0.00664	0.00611	0.00960
12	0.01121	0.00561	0.00561	0.00561	0.00701	0.00561	0.00421	0.01402	0.01262	0.02243	0.01962	0.02243	0.01542	0.00701	0.00421	0.00140	0.00280	0.00561	0.82198	0.00561
13	0.15702	0.01401	0.09477	0.29318	0.03932	0.01360	0.06325	0.12071	0.01454	0.06910	0.01250	0.03882	0.00964	0.00688	0.00615	0.02266	0.00705	0.00543	0.00376	0.00762
14	0.02303	0.00936	0.01269	0.01003	0.01399	0.00816	0.00816	0.02546	0.01718	0.59834	0.17912	0.02572	0.02388	0.00849	0.00627	0.00187	0.00463	0.00709	0.00727	0.00926
15	0.00733	0.00524	0.00698	0.00838	0.00873	0.00489	0.00558	0.00838	0.01152	0.01536	0.03316	0.78466	0.03979	0.01885	0.00768	0.00244	0.00349	0.01710	0.00558	0.00489
16	0.71453	0.01143	0.00958	0.00832	0.01217	0.01282	0.00685	0.01937	0.01125	0.13254	0.01060	0.01132	0.00773	0.00585	0.00406	0.00186	0.00472	0.00366	0.00426	0.00705
17	0.01302	0.01315	0.04893	0.26070	0.40020	0.01321	0.05347	0.01667	0.01305	0.01786	0.01459	0.01830	0.06046	0.00657	0.00647	0.01898	0.00731	0.00592	0.00304	0.00810
18	0.01014	0.00599	0.00802	0.00865	0.00967	0.00549	0.00604	0.01149	0.01267	0.11895	0.07868	0.62978	0.03743	0.01683	0.00741	0.00233	0.00367	0.01516	0.00591	0.00568
19	0.00749	0.00530	0.00693	0.00817	0.00848	0.00499	0.00536	0.00842	0.01120	0.01494	0.03154	0.69979	0.03775	0.10650	0.01029	0.00283	0.00376	0.01615	0.00536	0.00474
20	0.01339	0.01403	0.02644	0.09927	0.02676	0.01376	0.40664	0.01736	0.01300	0.01838	0.01118	0.01500	0.00882	0.00567	0.00786	0.00184	0.09801	0.00590	0.00307	0.19364
21	0.07090	0.05359	0.01946	0.12812	0.23876	0.19864	0.01391	0.08221	0.06040	0.01973	0.01131	0.01382	0.00912	0.00628	0.00634	0.00180	0.04918	0.00485	0.00344	0.00812
22	0.01460	0.28212	0.36432	0.01511	0.02191	0.01683	0.09649	0.01911	0.01288	0.06591	0.01098	0.01274	0.00838	0.00597	0.00574	0.02333	0.00786	0.00446	0.00293	0.00834
23	0.01748	0.01043	0.01238	0.01062	0.01394	0.01066	0.00840	0.06756	0.26767	0.26005	0.14564	0.06296	0.05400	0.00950	0.00641	0.00198	0.00455	0.02052	0.00657	0.00869
24	0.00913	0.00732	0.01008	0.00976	0.01110	0.00733	0.04031	0.01202	0.06362	0.01851	0.20166	0.42409	0.03720	0.01455	0.00803	0.00219	0.05499	0.01290	0.00545	0.04976
25	0.00867	0.00564	0.00655	0.00693	0.00733	0.00549	0.00434	0.00936	0.01029	0.01441	0.02495	0.23991	0.06459	0.40801	0.01921	0.02470	0.00460	0.01070	0.12002	0.00431
26	0.01663	0.01275	0.01435	0.03307	0.04429	0.01431	0.01005	0.05902	0.57800	0.11274	0.02313	0.02143	0.01701	0.00788	0.00610	0.00200	0.00506	0.00656	0.00607	0.00956
27	0.04543	0.02903	0.66440	0.01748	0.02592	0.01406	0.08299	0.01901	0.01273	0.01939	0.01082	0.01289	0.00771	0.00565	0.00575	0.00191	0.00883	0.00463	0.00263	0.00873
28	0.00768	0.00568	0.00717	0.00771	0.00871	0.00518	0.00544	0.00939	0.01370	0.01837	0.27117	0.41605	0.16949	0.01608	0.00739	0.00219	0.00320	0.01430	0.00592	0.00518
29	0.01327	0.00845	0.01010	0.00886	0.01136	0.00812	0.00688	0.13381	0.01772	0.13299	0.30614	0.11128	0.18288	0.01197	0.00682	0.00196	0.00392	0.01023	0.00633	0.00692
30	0.00733	0.00524	0.00698	0.00838	0.00873	0.00489	0.00558	0.00838	0.01152	0.01536	0.03316	0.78466	0.03979	0.01885	0.00768	0.00244	0.00349	0.01710	0.00558	0.00489
31	0.07574	0.01619	0.01744	0.05266	0.01937	0.01804	0.01138	0.64691	0.02625	0.03603	0.01385	0.01422	0.00987	0.00705	0.00587	0.00182	0.00656	0.00527	0.00569	0.00980
32	0.01608	0.79220	0.03152	0.01029	0.01544	0.02380	0.01029	0.01801	0.01222	0.01415	0.00836	0.00965	0.00772	0.00515	0.00386	0.00129	0.00643	0.00322	0.00257	0.00772
33	0.01121	0.00561	0.00561	0.00561	0.00701	0.00561	0.00421	0.01402	0.01262	0.02243	0.01962	0.02243	0.01542	0.00701	0.00421	0.00140	0.00280	0.00561	0.82198	0.00561
34	0.06403	0.00724	0.00964	0.01087	0.01241	0.00736	0.00948	0.01281	0.01361	0.01860	0.03030	0.06402	0.03276	0.01589	0.00801	0.00271	0.00548	0.66378	0.00542	0.00560
35	0.00731	0.00530	0.00692	0.00822	0.00868	0.00490	0.00551	0.00839	0.01167	0.01542	0.03509	0.73405	0.08915	0.01860	0.00764	0.00241	0.00346	0.01679	0.00558	0.00490
36	0.02221	0.01674	0.01768	0.01366	0.01840	0.03326	0.01123	0.66528	0.05925	0.03636	0.01468	0.01467	0.01050	0.00716	0.00597	0.00178	0.00656	0.00539	0.00589	0.03332
37	0.01261	0.03036	0.73050	0.01691	0.02565	0.01379	0.02174	0.01942	0.01286	0.04570	0.01126	0.01298	0.00788	0.00578	0.00573	0.00190	0.00875	0.00450	0.00272	0.00894
38	0.01273	0.15611	0.63820	0.01602	0.02430	0.01559	0.02027	0.01888	0.01262	0.01825	0.01040	0.01220	0.00764	0.00562	0.00541	0.00180	0.00849	0.00424	0.00255	0.00870

[dist]
# distance from previous block
# <min> <max>
0	3

[block]
# block no. 3 follows, 38 sequences, length 49
# corresponding to MSA columns:
# 89-137
name=unknown_D
#
# <colnr> <probs for GDERKNQSTAVLIFYWHMCP>
#	G	D	E	R	K	N	Q	S	T	A	V	L	I	F	Y	W	H	M	C	P
0	0.82288	0.01209	0.00933	0.00838	0.01214	0.01383	0.00681	0.01811	0.01068	0.02750	0.00908	0.01074	0.00718	0.00604	0.00403	0.00198	0.00489	0.00349	0.00395	0.00686
1	0.02240	0.01056	0.01343	0.01098	0.01481	0.00981	0.00874	0.09189	0.06481	0.48133	0.09655	0.10477	0.02207	0.00960	0.00661	0.00206	0.00507	0.00790	0.00713	0.00947
2	0.03207	0.01373	0.01947	0.07379	0.37848	0.01459	0.01449	0.04275	0.26881	0.02271	0.04279	0.01947	0.01480	0.00714	0.00630	0.00202	0.00636	0.00623	0.00452	0.00948
3	0.03812	0.00662	0.00847	0.00924	0.01030	0.00621	0.00666	0.01147	0.01311	0.06913	0.10098	0.53949	0.03823	0.01700	0.00771	0.00249	0.00407	0.09891	0.00595	0.00584
4	0.00819	0.00588	0.00746	0.00858	0.00909	0.00542	0.00571	0.00905	0.01206	0.01610	0.06027	0.66389	0.07274	0.07239	0.00949	0.00276	0.00385	0.01617	0.00569	0.00520
5	0.00808	0.00582	0.00744	0.00868	0.00917	0.00535	0.00579	0.00893	0.01199	0.01595	0.03469	0.72077	0.07668	0.03807	0.00848	0.00262	0.00377	0.01675	0.00574	0.00523
6	0.01517	0.01466	0.03963	0.10563	0.02576	0.04162	0.32971	0.08711	0.01492	0.05445	0.01427	0.04377	0.01170	0.01224	0.11038	0.00318	0.05717	0.00685	0.00381	0.00799
7	0.82288	0.01209	0.00933	0.00838	0.01214	0.01383	0.00681	0.01811	0.01068	0.02750	0.00908	0.01074	0.00718	0.00604	0.00403	0.00198	0.00489	0.00349	0.00395	0.00686
8	0.00827	0.00590	0.00767	0.00897	0.00944	0.00549	0.00611	0.00920	0.01201	0.01605	0.03301	0.70167	0.03912	0.04544	0.00878	0.00270	0.00396	0.06523	0.00572	0.00526
9	0.01175	0.00690	0.00836	0.00762	0.00920	0.00673	0.05498	0.01409	0.01258	0.02122	0.01959	0.02526	0.01648	0.11981	0.00851	0.00221	0.00400	0.00637	0.63847	0.00586
10	0.02226	0.06251	0.01696	0.01257	0.01680	0.01494	0.01032	0.31502	0.08116	0.26361	0.06687	0.01962	0.01584	0.00817	0.00690	0.00198	0.04212	0.00616	0.00635	0.00985
11	0.02281	0.02858	0.01748	0.01590	0.01896	0.73912	0.01190	0.02416	0.01723	0.01536	0.00996	0.01186	0.00840	0.00675	0.00605	0.00170	0.02902	0.00414	0.00332	0.00731
12	0.01647	0.01379	0.01453	0.01284	0.01643	0.01569	0.01000	0.10857	0.65498	0.02709	0.02391	0.02240	0.01801	0.00848	0.00639	0.00214	0.00520	0.00685	0.00631	0.00992
13	0.01365	0.01049	0.01172	0.01047	0.01322	0.01105	0.00806	0.08455	0.30912	0.05255	0.29760	0.03399	0.09618	0.01064	0.00684	0.00208	0.00430	0.00889	0.00650	0.00810
14	0.00959	0.00672	0.00845	0.00819	0.00973	0.00609	0.00609	0.01183	0.01625	0.04731	0.52413	0.13169	0.13702	0.01378	0.00744	0.00213	0.00337	0.03761	0.00656	0.00602
15	0.01357	0.01287	0.02192	0.43744	0.31589	0.01417	0.05881	0.01725	0.01322	0.01789	0.01169	0.01650	0.00932	0.00615	0.00634	0.00204	0.00800	0.00567	0.00305	0.00822
16	0.01236	0.00906	0.01072	0.00981	0.01115	0.00974	0.00713	0.14492	0.01466	0.02037	0.11723	0.14913	0.02570	0.26129	0.05539	0.00379	0.07876	0.00930	0.04330	0.00618
17	0.00810	0.00579	0.00753	0.00882	0.00927	0.00534	0.00590	0.00902	0.01215	0.01632	0.05996	0.74994	0.04072	0.01891	0.00792	0.00254	0.00371	0.01696	0.00583	0.00528
18	0.01705	0.74431	0.03101	0.01101	0.01607	0.06272	0.01062	0.01875	0.01289	0.01483	0.00911	0.01068	0.00837	0.00566	0.00425	0.00143	0.00688	0.00349	0.00284	0.00802
19	0.00813	0.00579	0.00747	0.00875	0.00915	0.00537	0.00579	0.00893	0.01180	0.01580	0.03285	0.73829	0.03916	0.05937	0.00914	0.00274	0.00386	0.01675	0.00569	0.00519
20	0.01553	0.01472	0.02474	0.03708	0.74355	0.01462	0.01863	0.01888	0.01410	0.02024	0.01198	0.01580	0.01016	0.00581	0.00624	0.00191	0.00735	0.00557	0.00321	0.00985
21	0.71169	0.01134	0.00922	0.00833	0.01177	0.01277	0.00669	0.01725	0.01159	0.02710	0.10919	0.01548	0.01397	0.00694	0.00448	0.00199	0.00464	0.00452	0.00434	0.00674
22	0.02307	0.02734	0.01758	0.01566	0.01902	0.65584	0.01184	0.12010	0.01893	0.01849	0.01067	0.01227	0.00872	0.00677	0.00579	0.00171	0.01044	0.00431	0.00372	0.00775
23	0.02152	0.02650	0.01758	0.11860	0.02211	0.65512	0.01255	0.02320	0.01673	0.01544	0.01016	0.01248	0.00842	0.00661	0.00579	0.00173	0.01063	0.00430	0.00327	0.00727
24	0.01087	0.00654	0.00862	0.00934	0.01041	0.00599	0.00662	0.01202	0.01287	0.11634	0.03221	0.62328	0.03635	0.01745	0.00776	0.00250	0.00410	0.06469	0.00603	0.00602
25	0.01304	0.01290	0.02387	0.48854	0.06180	0.01414	0.24116	0.01712	0.01319	0.01752	0.01204	0.01708	0.00922	0.00615	0.00659	0.00211	0.00874	0.00611	0.02114	0.00755
26	0.07220	0.01217	0.01462	0.01168	0.01611	0.01191	0.00946	0.13037	0.13755	0.48199	0.02214	0.02013	0.01486	0.00784	0.00620	0.00200	0.00547	0.00612	0.00699	0.01020
27	0.02225	0.01179	0.01496	0.01349	0.06708	0.01153	0.01009	0.07556	0.18710	0.42297	0.03919	0.02398	0.01752	0.00846	0.00647	0.00206	0.00547	0.04325	0.00679	0.00998
28	0.82306	0.01208	0.00932	0.00837	0.01212	0.01382	0.00681	0.01810	0.01067	0.02749	0.00906	0.01072	0.00717	0.00603	0.00402	0.00198	0.00488	0.00349	0.00394	0.00686
29	0.19211	0.01105	0.01333	0.01060	0.01505	0.01032	0.00865	0.02729	0.03366	0.58097	0.02112	0.01916	0.01382	0.00750	0.00585	0.00199	0.00524	0.00570	0.00683	0.00976
30	0.12367	0.02839	0.63416	0.01665	0.03872	0.01424	0.02015	0.01926	0.01279	0.02072	0.01114	0.01326	0.00815	0.00613	0.00573	0.00202	0.00847	0.00452	0.00294	0.00890
31	0.13251	0.01023	0.01259	0.01024	0.01414	0.00950	0.00824	0.02483	0.04359	0.48767	0.15541	0.02443	0.02215	0.00854	0.00621	0.00199	0.00485	0.00679	0.00692	0.00917
32	0.00858	0.00649	0.00898	0.11251	0.01368	0.00645	0.00739	0.00984	0.01200	0.01598	0.03054	0.67333	0.03579	0.01741	0.00771	0.00250	0.00434	0.01559	0.00539	0.00549
33	0.65836	0.01120	0.00935	0.00838	0.01168	0.01248	0.00657	0.01767	0.01093	0.07374	0.01151	0.01543	0.00980	0.11216	0.00782	0.00252	0.00507	0.00442	0.00418	0.00671
34	0.01628	0.01506	0.02486	0.03970	0.52259	0.01509	0.11245	0.11518	0.01606	0.02250	0.01303	0.03456	0.01091	0.00635	0.00644	0.00196	0.00760	0.00609	0.00369	0.00960
35	0.00837	0.00589	0.00738	0.00840	0.00873	0.00553	0.00543	0.00898	0.01128	0.01510	0.03021	0.60076	0.03584	0.20158	0.01337	0.00336	0.00429	0.01520	0.00533	0.00495
36	0.00823	0.00583	0.00743	0.00859	0.00895	0.00543	0.00562	0.00895	0.01156	0.01548	0.03166	0.67649	0.03766	0.12337	0.01104	0.00302	0.00405	0.01605	0.00552	0.00508
37	0.05233	0.01438	0.11934	0.44023	0.03326	0.01327	0.09746	0.01807	0.01338	0.08958	0.03974	0.01768	0.01111	0.00665	0.00631	0.00209	0.00794	0.00581	0.00359	0.00778
38	0.01391	0.01449	0.02838	0.20132	0.03132	0.01497	0.44460	0.01800	0.01348	0.01858	0.01237	0.01703	0.00966	0.00640	0.00828	0.00217	0.08902	0.00661	0.04157	0.00782
39	0.02109	0.02795	0.11746	0.01585	0.01982	0.58941	0.01315	0.03711	0.06742	0.01709	0.01133	0.01291	0.00915	0.00672	0.00581	0.00176	0.01025	0.00441	0.00352	0.00781
40	0.01584	0.01405	0.02375	0.13443	0.55700	0.01416	0.05660	0.01926	0.01414	0.07090	0.01280	0.01640	0.01030	0.00602	0.00631	0.00196	0.00749	0.00571	0.00348	0.00942
41	0.01953	0.01503	0.01697	0.11645	0.02098	0.01671	0.01165	0.46271	0.14324	0.03196	0.04456	0.01933	0.03630	0.00807	0.00638	0.00200	0.00646	0.00627	0.00579	0.00961
42	0.00808	0.00635	0.00714	0.00747	0.00895	0.00552	0.00534	0.00944	0.01389	0.01766	0.14568	0.27620	0.43353	0.01627	0.00754	0.00226	0.00340	0.01391	0.00593	0.00546
43	0.01411	0.01453	0.02710	0.21237	0.08474	0.01533	0.36181	0.01899	0.06406	0.01879	0.01277	0.01705	0.01001	0.00659	0.00832	0.00219	0.09329	0.00650	0.00334	0.00811
44	0.02002	0.01563	0.01849	0.15184	0.02280	0.01794	0.01286	0.49759	0.02300	0.03105	0.01350	0.01545	0.01013	0.00788	0.00815	0.00207	0.11146	0.00559	0.00515	0.00940
45	0.00803	0.00577	0.00746	0.00877	0.00923	0.00531	0.00586	0.00890	0.01199	0.01600	0.03434	0.75740	0.05959	0.01905	0.00792	0.00255	0.00372	0.01706	0.00579	0.00525
46	0.01386	0.01158	0.01252	0.01139	0.01432	0.01283	0.00874	0.02676	0.54347	0.02518	0.19452	0.02952	0.04895	0.00974	0.00665	0.00212	0.00449	0.00811	0.00642	0.00881
47	0.00804	0.00575	0.00748	0.00883	0.00925	0.00531	0.00589	0.00890	0.01193	0.01598	0.03358	0.77740	0.04009	0.01915	0.00794	0.00256	0.00373	0.01718	0.00579	0.00524
48	0.01272	0.03136	0.74997	0.01751	0.02637	0.01429	0.02235	0.01946	0.01310	0.01963	0.01145	0.01361	0.00826	0.00616	0.00600	0.00202	0.00907	0.00466	0.00277	0.00921

[dist]
# distance from previous block
# <min> <max>
0	2

[block]
# block no. 4 follows, 38 sequences, length 12
# corresponding to MSA columns:
# 140-151
name=unknown_E
#
# <colnr> <probs for GDERKNQSTAVLIFYWHMCP>
#	G	D	E	R	K	N	Q	S	T	A	V	L	I	F	Y	W	H	M	C	P
0	0.08319	0.02040	0.01596	0.01344	0.01735	0.36085	0.01056	0.18871	0.01919	0.19284	0.01377	0.01384	0.00989	0.00668	0.00558	0.00170	0.00808	0.00469	0.00483	0.00845
1	0.00733	0.00524	0.00698	0.00838	0.00873	0.00489	0.00558	0.00838	0.01152	0.01536	0.03316	0.78466	0.03979	0.01885	0.00768	0.00244	0.00349	0.01710	0.00558	0.00489
2	0.83108	0.01163	0.00884	0.00791	0.01163	0.01350	0.00651	0.01768	0.01024	0.02699	0.00838	0.00977	0.00651	0.00558	0.00372	0.00186	0.00465	0.00326	0.00372	0.00651
3	0.01477	0.01051	0.01201	0.01078	0.01387	0.01110	0.00860	0.05686	0.34400	0.12296	0.09986	0.03339	0.09462	0.01016	0.00655	0.00205	0.00464	0.10366	0.00614	0.03347
4	0.01045	0.00522	0.00784	0.00784	0.00784	0.00522	0.00522	0.00784	0.00784	0.01045	0.01045	0.01829	0.01045	0.02090	0.02351	0.82497	0.00522	0.00522	0.00261	0.00261
5	0.01328	0.26065	0.53850	0.01508	0.02284	0.01694	0.01863	0.01874	0.01256	0.01757	0.01006	0.01178	0.00765	0.00554	0.00516	0.00172	0.00815	0.00407	0.00255	0.00854
6	0.01439	0.35967	0.40197	0.01409	0.02104	0.06074	0.01647	0.01888	0.01274	0.01669	0.00966	0.01128	0.00767	0.00550	0.00490	0.00162	0.00794	0.00388	0.00259	0.00828
7	0.21852	0.01126	0.01317	0.01037	0.01481	0.01098	0.00856	0.10012	0.01671	0.50615	0.01909	0.01729	0.01240	0.00698	0.00549	0.00186	0.00517	0.00532	0.00641	0.00935
8	0.00875	0.00583	0.00656	0.00656	0.00656	0.00583	0.00365	0.00875	0.00875	0.01166	0.01895	0.03937	0.02187	0.78858	0.03062	0.00583	0.00583	0.00875	0.00365	0.00365
9	0.02431	0.01227	0.01480	0.01145	0.01591	0.01213	0.00942	0.28068	0.02085	0.44148	0.02008	0.01845	0.01325	0.00733	0.00590	0.00181	0.00548	0.00579	0.06874	0.00988
10	0.01375	0.00975	0.01104	0.01014	0.01268	0.01039	0.00765	0.02267	0.36154	0.11718	0.07841	0.14636	0.07804	0.08186	0.00873	0.00242	0.00445	0.00920	0.00598	0.00776
11	0.00857	0.00579	0.00672	0.00684	0.00699	0.00571	0.00402	0.00890	0.00969	0.01303	0.07587	0.12408	0.02654	0.64262	0.02624	0.00515	0.00534	0.00985	0.00409	0.00394

[dist]
# distance from previous block
# <min> <max>
0	5

[block]
# block no. 5 follows, 38 sequences, length 9
# corresponding to MSA columns:
# 157-165
name=unknown_F
#
# <colnr> <probs for GDERKNQSTAVLIFYWHMCP>
#	G	D	E	R	K	N	Q	S	T	A	V	L	I	F	Y	W	H	M	C	P
0	0.10135	0.01111	0.01344	0.01070	0.01481	0.01080	0.00872	0.16685	0.01840	0.44362	0.07123	0.06757	0.01760	0.00827	0.00599	0.00189	0.00512	0.00668	0.00663	0.00923
1	0.02150	0.02628	0.01647	0.01482	0.01791	0.66128	0.01118	0.06925	0.01778	0.01691	0.06267	0.01353	0.01143	0.00670	0.00558	0.00159	0.01000	0.00448	0.00354	0.00709
2	0.34347	0.01432	0.01384	0.01139	0.01541	0.09533	0.05335	0.13685	0.07863	0.09793	0.01316	0.01383	0.00973	0.00630	0.00498	0.00179	0.00596	0.00461	0.03744	0.04168
3	0.01847	0.01130	0.01318	0.01097	0.01439	0.01181	0.00869	0.14774	0.21398	0.24797	0.07275	0.02552	0.07084	0.06945	0.00857	0.00225	0.03006	0.00713	0.00620	0.00873
4	0.00733	0.00524	0.00698	0.00838	0.00873	0.00489	0.00558	0.00838	0.01152	0.01536	0.03316	0.78466	0.03979	0.01885	0.00768	0.00244	0.00349	0.01710	0.00558	0.00489
5	0.01333	0.01340	0.02464	0.19660	0.06468	0.01394	0.33758	0.01990	0.15121	0.01901	0.01476	0.04341	0.01174	0.00700	0.00729	0.03526	0.00805	0.00681	0.00361	0.00779
6	0.01353	0.01438	0.02858	0.14830	0.09347	0.01486	0.43651	0.01756	0.01296	0.01776	0.01127	0.01578	0.00888	0.00648	0.00894	0.03173	0.10211	0.00637	0.00291	0.00762
7	0.00733	0.00524	0.00698	0.00838	0.00873	0.00489	0.00558	0.00838	0.01152	0.01536	0.03316	0.78466	0.03979	0.01885	0.00768	0.00244	0.00349	0.01710	0.00558	0.00489
8	0.01608	0.79220	0.03152	0.01029	0.01544	0.02380	0.01029	0.01801	0.01222	0.01415	0.00836	0.00965	0.00772	0.00515	0.00386	0.00129	0.00643	0.00322	0.00257	0.00772

[dist]
# distance from previous block
# <min> <max>
0	1

[block]
# block no. 6 follows, 38 sequences, length 24
# corresponding to MSA columns:
# 167-190
name=unknown_G
#
# <colnr> <probs for GDERKNQSTAVLIFYWHMCP>
#	G	D	E	R	K	N	Q	S	T	A	V	L	I	F	Y	W	H	M	C	P
0	0.01136	0.01069	0.01804	0.77412	0.04143	0.01337	0.01671	0.01537	0.01203	0.01537	0.01069	0.01604	0.00802	0.00601	0.00601	0.00200	0.00802	0.00535	0.00267	0.00668
1	0.02249	0.02822	0.01709	0.01543	0.01860	0.73584	0.01162	0.05112	0.01748	0.01561	0.00950	0.01099	0.00784	0.00624	0.00545	0.00156	0.01069	0.00393	0.00321	0.00710
2	0.02307	0.02896	0.01748	0.01592	0.01905	0.75612	0.01188	0.02441	0.01744	0.01541	0.01003	0.01187	0.00844	0.00667	0.00573	0.00168	0.01103	0.00412	0.00335	0.00734
3	0.01489	0.01666	0.03571	0.02566	0.03175	0.01555	0.72118	0.01971	0.01462	0.01990	0.01287	0.01718	0.00981	0.00556	0.00739	0.00216	0.01033	0.00731	0.00329	0.00847
4	0.00808	0.00665	0.00693	0.00683	0.00882	0.00562	0.00507	0.00958	0.01461	0.01804	0.15882	0.05652	0.64232	0.01519	0.00740	0.00214	0.00328	0.01258	0.00595	0.00555
5	0.02206	0.10615	0.01929	0.01439	0.01854	0.29065	0.01151	0.34255	0.06895	0.02647	0.01323	0.01411	0.01025	0.00715	0.00587	0.00180	0.00824	0.00493	0.00480	0.00905
6	0.01387	0.01363	0.01884	0.01621	0.01628	0.01873	0.01340	0.01497	0.00969	0.01517	0.00865	0.01415	0.00859	0.01095	0.01989	0.00275	0.76890	0.00549	0.00289	0.00695
7	0.01503	0.01476	0.02565	0.07177	0.47655	0.01531	0.14728	0.01836	0.01353	0.01930	0.01170	0.01594	0.00983	0.00651	0.00829	0.00209	0.10997	0.00589	0.00318	0.00907
8	0.82234	0.01212	0.00937	0.00842	0.01217	0.01385	0.00683	0.01814	0.01071	0.02754	0.00912	0.01080	0.00722	0.00607	0.00405	0.00199	0.00490	0.00351	0.00396	0.00689
9	0.02754	0.01074	0.01443	0.01118	0.01585	0.00925	0.00913	0.02964	0.01761	0.74736	0.02430	0.02138	0.01550	0.00791	0.00635	0.00199	0.00536	0.00627	0.00764	0.01057
10	0.08283	0.02570	0.51554	0.01566	0.02313	0.01424	0.01827	0.10419	0.01529	0.10734	0.01323	0.01456	0.00937	0.00656	0.00593	0.00202	0.00804	0.00488	0.00387	0.00935
11	0.01308	0.05712	0.68301	0.01841	0.06642	0.01469	0.02173	0.01942	0.01318	0.01955	0.01146	0.01371	0.00843	0.00616	0.00597	0.00201	0.00891	0.00469	0.00282	0.00923
12	0.00810	0.00579	0.00753	0.00888	0.00929	0.00534	0.00591	0.00894	0.01197	0.01604	0.03362	0.77674	0.04011	0.01918	0.00796	0.00257	0.00375	0.01719	0.00580	0.00528
13	0.02660	0.01046	0.01393	0.01087	0.01535	0.00906	0.00886	0.02873	0.01733	0.70379	0.02406	0.02150	0.01554	0.00788	0.00624	0.00197	0.00522	0.00624	0.05608	0.01029
14	0.01063	0.00715	0.00913	0.00976	0.01093	0.00684	0.00715	0.05787	0.01408	0.05819	0.07418	0.52280	0.03701	0.01705	0.00784	0.00252	0.00434	0.13048	0.00599	0.00607
15	0.02520	0.01022	0.01368	0.01078	0.01504	0.00885	0.00873	0.02737	0.01758	0.65505	0.11574	0.02447	0.02079	0.00852	0.00648	0.00200	0.00507	0.00688	0.00754	0.00999
16	0.00810	0.00579	0.00753	0.00888	0.00929	0.00534	0.00591	0.00894	0.01197	0.01604	0.03362	0.77674	0.04011	0.01918	0.00796	0.00257	0.00375	0.01719	0.00580	0.00528
17	0.01554	0.01422	0.02324	0.10651	0.57221	0.01449	0.03664	0.02006	0.07538	0.03988	0.01343	0.01679	0.01093	0.00619	0.00631	0.00197	0.00728	0.00577	0.00358	0.00957
18	0.19400	0.01301	0.01575	0.28128	0.06628	0.04046	0.01232	0.14131	0.01539	0.06287	0.01275	0.01568	0.00970	0.00687	0.00613	0.00201	0.03232	0.00513	0.05880	0.00792
19	0.02250	0.02801	0.01756	0.01593	0.01888	0.71039	0.01198	0.02382	0.01696	0.01539	0.00995	0.01201	0.00845	0.00694	0.00661	0.00175	0.05802	0.00420	0.00332	0.00732
20	0.07375	0.01389	0.01525	0.01241	0.01672	0.01468	0.00995	0.26131	0.24747	0.18815	0.01966	0.01881	0.01414	0.00775	0.00611	0.00197	0.00568	0.00596	0.00628	0.06006
21	0.02000	0.01554	0.01643	0.05439	0.01886	0.06081	0.01111	0.30650	0.28889	0.09141	0.01895	0.01873	0.01398	0.00801	0.00667	0.00205	0.02579	0.00611	0.00595	0.00982
22	0.00905	0.00651	0.00822	0.00914	0.00987	0.00617	0.00625	0.05029	0.01323	0.01781	0.07237	0.69164	0.03937	0.01815	0.00783	0.00250	0.00389	0.01618	0.00589	0.00563
23	0.01457	0.01835	0.12516	0.02409	0.03018	0.01558	0.59183	0.01941	0.01415	0.01960	0.01246	0.01657	0.00955	0.00595	0.00794	0.00218	0.05391	0.00687	0.00321	0.00848

[dist]
# distance from previous block
# <min> <max>
0	3

[block]
# block no. 7 follows, 38 sequences, length 39
# corresponding to MSA columns:
# 194-232
name=unknown_H
#
# <colnr> <probs for GDERKNQSTAVLIFYWHMCP>
#	G	D	E	R	K	N	Q	S	T	A	V	L	I	F	Y	W	H	M	C	P
0	0.00733	0.00524	0.00698	0.00838	0.00873	0.00489	0.00558	0.00838	0.01152	0.01536	0.03316	0.78466	0.03979	0.01885	0.00768	0.00244	0.00349	0.01710	0.00558	0.00489
1	0.01136	0.01069	0.01804	0.77412	0.04143	0.01337	0.01671	0.01537	0.01203	0.01537	0.01069	0.01604	0.00802	0.00601	0.00601	0.00200	0.00802	0.00535	0.00267	0.00668
2	0.01045	0.00522	0.00784	0.00784	0.00784	0.00522	0.00522	0.00784	0.00784	0.01045	0.01045	0.01829	0.01045	0.02090	0.02351	0.82497	0.00522	0.00522	0.00261	0.00261
3	0.02247	0.02867	0.01705	0.01550	0.01860	0.76443	0.01162	0.02402	0.01705	0.01472	0.00930	0.01085	0.00775	0.00620	0.00542	0.00155	0.01085	0.00387	0.00310	0.00697
4	0.02161	0.04556	0.01758	0.01528	0.01830	0.63835	0.01170	0.06955	0.01705	0.01621	0.00950	0.01124	0.00792	0.00658	0.00655	0.00165	0.07088	0.00407	0.00324	0.00718
5	0.00766	0.00613	0.00691	0.00710	0.00882	0.00538	0.00543	0.00952	0.01412	0.01774	0.17411	0.11529	0.49090	0.01518	0.00729	0.00212	0.00333	0.09201	0.00576	0.00522
6	0.83108	0.01163	0.00884	0.00791	0.01163	0.01350	0.00651	0.01768	0.01024	0.02699	0.00838	0.00977	0.00651	0.00558	0.00372	0.00186	0.00465	0.00326	0.00372	0.00651
7	0.00733	0.00524	0.00698	0.00838	0.00873	0.00489	0.00558	0.00838	0.01152	0.01536	0.03316	0.78466	0.03979	0.01885	0.00768	0.00244	0.00349	0.01710	0.00558	0.00489
8	0.00733	0.00524	0.00698	0.00838	0.00873	0.00489	0.00558	0.00838	0.01152	0.01536	0.03316	0.78466	0.03979	0.01885	0.00768	0.00244	0.00349	0.01710	0.00558	0.00489
9	0.76515	0.01320	0.06910	0.00865	0.01279	0.01353	0.00778	0.01779	0.01044	0.02635	0.00857	0.01001	0.00660	0.00559	0.00388	0.00186	0.00499	0.00335	0.00363	0.00671
10	0.76602	0.01205	0.00958	0.00839	0.01220	0.01391	0.00691	0.07510	0.01169	0.02787	0.00886	0.01015	0.00681	0.00572	0.00391	0.00186	0.00481	0.00343	0.00391	0.00681
11	0.01136	0.01069	0.01804	0.77412	0.04143	0.01337	0.01671	0.01537	0.01203	0.01537	0.01069	0.01604	0.00802	0.00601	0.00601	0.00200	0.00802	0.00535	0.00267	0.00668
12	0.02495	0.01149	0.01452	0.01127	0.01578	0.01091	0.00926	0.16404	0.05406	0.55553	0.04811	0.02029	0.01567	0.00761	0.00608	0.00186	0.00531	0.00614	0.00708	0.01004
13	0.00783	0.00582	0.00746	0.00833	0.00928	0.00524	0.00579	0.00912	0.01189	0.01589	0.03376	0.62720	0.10004	0.01727	0.00740	0.00230	0.00362	0.04537	0.00542	0.07098
14	0.00979	0.00694	0.01024	0.01000	0.01156	0.00653	0.05426	0.01219	0.01442	0.05810	0.27199	0.27027	0.04093	0.01459	0.00751	0.00228	0.00429	0.18246	0.00585	0.00580
15	0.02015	0.06051	0.14362	0.03803	0.02041	0.47283	0.01349	0.12594	0.01759	0.01884	0.01031	0.01179	0.00810	0.00621	0.00551	0.00165	0.00962	0.00421	0.00339	0.00780
16	0.01532	0.00777	0.00855	0.00748	0.00985	0.00775	0.00588	0.10429	0.01531	0.14879	0.01969	0.02112	0.01470	0.00711	0.00474	0.00153	0.00366	0.00566	0.58385	0.00696
17	0.00756	0.00536	0.00705	0.00831	0.00866	0.00506	0.00556	0.00857	0.01134	0.01510	0.03174	0.68510	0.03786	0.09277	0.00991	0.00278	0.00380	0.04329	0.00540	0.00479
18	0.01294	0.01361	0.06780	0.01414	0.01977	0.01067	0.20568	0.01651	0.01287	0.01933	0.01102	0.01353	0.00886	0.00488	0.00569	0.00132	0.02794	0.00464	0.00333	0.52547
19	0.01995	0.01667	0.02048	0.10163	0.08708	0.07985	0.09809	0.42347	0.02224	0.05111	0.01333	0.01475	0.00972	0.00659	0.00609	0.00183	0.00755	0.00549	0.00482	0.00925
20	0.02247	0.02867	0.01705	0.01550	0.01860	0.76443	0.01162	0.02402	0.01705	0.01472	0.00930	0.01085	0.00775	0.00620	0.00542	0.00155	0.01085	0.00387	0.00310	0.00697
21	0.01249	0.01196	0.02063	0.53074	0.24346	0.01371	0.04865	0.01642	0.01260	0.01676	0.01094	0.01572	0.00850	0.00579	0.00605	0.00194	0.00786	0.00543	0.00278	0.00756
22	0.03639	0.01280	0.01411	0.04867	0.01700	0.01446	0.00988	0.08849	0.54619	0.10911	0.02252	0.02094	0.01651	0.00784	0.00604	0.00199	0.00511	0.00645	0.00604	0.00945
23	0.00736	0.00535	0.00694	0.00814	0.00868	0.00494	0.00550	0.00852	0.01194	0.01579	0.06429	0.68898	0.10490	0.01826	0.00760	0.00238	0.00342	0.01645	0.00563	0.00494
24	0.01039	0.00650	0.00923	0.07079	0.02861	0.00669	0.00687	0.01116	0.03959	0.01609	0.18148	0.02700	0.02269	0.01554	0.01497	0.41293	0.00475	0.04049	0.06978	0.00446
25	0.01287	0.01277	0.02327	0.42729	0.22692	0.01399	0.16184	0.01698	0.01291	0.01729	0.01116	0.01577	0.00864	0.00565	0.00622	0.00195	0.00822	0.00571	0.00283	0.00773
26	0.00733	0.00524	0.00698	0.00838	0.00873	0.00489	0.00558	0.00838	0.01152	0.01536	0.03316	0.78466	0.03979	0.01885	0.00768	0.00244	0.00349	0.01710	0.00558	0.00489
27	0.01308	0.21069	0.56366	0.01578	0.02370	0.01633	0.04100	0.01881	0.01263	0.01790	0.01026	0.01209	0.00769	0.00556	0.00532	0.00176	0.00835	0.00424	0.00256	0.00859
28	0.00774	0.00553	0.00746	0.00885	0.00938	0.00524	0.00630	0.00909	0.01193	0.01582	0.03293	0.65917	0.03888	0.01846	0.00779	0.00250	0.00385	0.13850	0.00558	0.00500
29	0.02672	0.01067	0.01423	0.01091	0.01557	0.00949	0.00901	0.07535	0.01794	0.70817	0.02312	0.02008	0.01459	0.00743	0.00605	0.00186	0.00522	0.00601	0.00735	0.01024
30	0.83108	0.01163	0.00884	0.00791	0.01163	0.01350	0.00651	0.01768	0.01024	0.02699	0.00838	0.00977	0.00651	0.00558	0.00372	0.00186	0.00465	0.00326	0.00372	0.00651
31	0.02247	0.02867	0.01705	0.01550	0.01860	0.76443	0.01162	0.02402	0.01705	0.01472	0.00930	0.01085	0.00775	0.00620	0.00542	0.00155	0.01085	0.00387	0.00310	0.00697
32	0.02251	0.02767	0.01713	0.01536	0.01860	0.70122	0.01161	0.08395	0.01800	0.01669	0.00973	0.01115	0.00796	0.00629	0.00547	0.00157	0.01049	0.00401	0.00335	0.00725
33	0.00750	0.00611	0.00664	0.00651	0.00837	0.00525	0.00488	0.00939	0.01464	0.01845	0.25289	0.05427	0.55529	0.01441	0.00711	0.00199	0.00299	0.01219	0.00588	0.00525
34	0.01316	0.01110	0.01284	0.00923	0.01455	0.00872	0.00741	0.06211	0.01351	0.02080	0.01094	0.01260	0.00900	0.00464	0.00456	0.00095	0.00460	0.00369	0.00373	0.77188
35	0.43549	0.01533	0.07286	0.01107	0.01566	0.01564	0.00979	0.30875	0.01780	0.03081	0.01105	0.01191	0.00812	0.00626	0.00482	0.00184	0.00580	0.00423	0.00456	0.00822
36	0.01660	0.73074	0.03036	0.01071	0.01569	0.08342	0.01040	0.01850	0.01261	0.01420	0.00844	0.00975	0.00772	0.00523	0.00399	0.00131	0.00679	0.00327	0.00262	0.00766
37	0.00901	0.00730	0.00814	0.00773	0.00976	0.00703	0.00585	0.01373	0.14135	0.02080	0.31653	0.04679	0.35778	0.01288	0.00693	0.00198	0.00327	0.01098	0.00607	0.00608
38	0.00745	0.00532	0.00711	0.00845	0.00887	0.00498	0.00574	0.00860	0.01175	0.01569	0.05225	0.73899	0.04006	0.01859	0.00769	0.00244	0.00355	0.04196	0.00561	0.00493

[dist]
# distance from previous block
# <min> <max>
3	6

[block]
# block no. 8 follows, 38 sequences, length 15
# corresponding to MSA columns:
# 242-256
name=unknown_I
#
# <colnr> <probs for GDERKNQSTAVLIFYWHMCP>
#	G	D	E	R	K	N	Q	S	T	A	V	L	I	F	Y	W	H	M	C	P
0	0.01482	0.09651	0.55018	0.02088	0.14584	0.01584	0.02091	0.02005	0.01400	0.02043	0.01260	0.01547	0.00982	0.00690	0.00641	0.00218	0.00892	0.00512	0.00330	0.00982
1	0.01569	0.01424	0.02936	0.02140	0.02673	0.01323	0.54479	0.01994	0.01445	0.14047	0.01598	0.08642	0.01285	0.00671	0.00698	0.00204	0.00871	0.00783	0.00400	0.00817
2	0.02177	0.01365	0.13610	0.01148	0.01640	0.01011	0.01074	0.07319	0.03612	0.47244	0.06139	0.02035	0.01586	0.00741	0.00592	0.00184	0.00554	0.00600	0.06429	0.00941
3	0.00942	0.00716	0.00901	0.00978	0.01134	0.00714	0.00796	0.01332	0.09684	0.01830	0.06154	0.17850	0.15833	0.01562	0.00770	0.00247	0.00458	0.36950	0.00566	0.00581
4	0.34198	0.33173	0.03778	0.01161	0.06652	0.04511	0.00961	0.01885	0.01203	0.06479	0.00960	0.01085	0.00780	0.00553	0.00419	0.00161	0.00592	0.00361	0.00337	0.00752
5	0.14819	0.01282	0.01683	0.04153	0.01602	0.01743	0.01219	0.01504	0.00948	0.01658	0.00808	0.01270	0.00767	0.00955	0.01661	0.00248	0.62248	0.00494	0.00281	0.00657
6	0.02080	0.02767	0.13945	0.01557	0.01983	0.55197	0.01335	0.10711	0.01766	0.01819	0.01016	0.01158	0.00802	0.00624	0.00554	0.00164	0.01002	0.00415	0.00335	0.00768
7	0.01347	0.01327	0.02455	0.24151	0.02985	0.01372	0.34053	0.09839	0.01511	0.02010	0.04224	0.06193	0.04288	0.00705	0.00669	0.00201	0.00818	0.00732	0.00365	0.00754
8	0.01443	0.45877	0.31539	0.01367	0.02032	0.01956	0.04830	0.01848	0.01250	0.01630	0.00949	0.01115	0.00775	0.00537	0.00474	0.00156	0.00757	0.00388	0.00258	0.00820
9	0.01348	0.01201	0.01881	0.59873	0.06355	0.01433	0.03743	0.13380	0.01484	0.01937	0.01138	0.01574	0.00847	0.00616	0.00605	0.00196	0.00782	0.00541	0.00325	0.00742
10	0.01440	0.01509	0.06042	0.06289	0.02566	0.01449	0.39599	0.13487	0.01570	0.02131	0.01535	0.10237	0.02584	0.00759	0.00769	0.00207	0.05887	0.00770	0.00379	0.00790
11	0.01797	0.03717	0.01477	0.01181	0.01544	0.01459	0.00937	0.26696	0.29957	0.09874	0.04973	0.02178	0.01686	0.08749	0.00855	0.00230	0.00551	0.00651	0.00587	0.00902
12	0.01591	0.01035	0.01224	0.01072	0.01381	0.01101	0.00845	0.05331	0.31284	0.19017	0.09280	0.02612	0.06449	0.01488	0.13155	0.00324	0.00651	0.00725	0.00596	0.00840
13	0.01059	0.00804	0.01085	0.01110	0.06281	0.00806	0.04693	0.08750	0.01255	0.01691	0.04420	0.24591	0.02521	0.36197	0.01765	0.00381	0.00549	0.01050	0.00446	0.00544
14	0.01213	0.01168	0.02117	0.35627	0.09393	0.01289	0.18754	0.03575	0.01269	0.01704	0.01228	0.01744	0.00987	0.01349	0.15621	0.00350	0.01002	0.00599	0.00299	0.00712

[dist]
# distance from previous block
# <min> <max>
0	2

[block]
# block no. 9 follows, 38 sequences, length 11
# corresponding to MSA columns:
# 259-269
name=unknown_J
#
# <colnr> <probs for GDERKNQSTAVLIFYWHMCP>
#	G	D	E	R	K	N	Q	S	T	A	V	L	I	F	Y	W	H	M	C	P
0	0.01491	0.01416	0.02502	0.14789	0.04959	0.01478	0.32924	0.15910	0.01634	0.02196	0.01435	0.02145	0.01197	0.00723	0.00741	0.00209	0.04540	0.08531	0.00383	0.00797
1	0.01995	0.01448	0.01348	0.01171	0.01492	0.19616	0.00906	0.09676	0.06302	0.27115	0.05322	0.17061	0.01966	0.00964	0.00627	0.00191	0.00625	0.00790	0.00573	0.00812
2	0.01178	0.01134	0.01998	0.62819	0.07125	0.01337	0.09652	0.01584	0.01242	0.01610	0.01168	0.01795	0.00921	0.00628	0.00622	0.00203	0.00813	0.03197	0.00284	0.00693
3	0.01621	0.01300	0.01610	0.01354	0.01738	0.01431	0.09025	0.03025	0.57852	0.10545	0.02302	0.02153	0.01694	0.00774	0.00622	0.00202	0.00540	0.00675	0.00592	0.00944
4	0.01547	0.01695	0.02267	0.04557	0.06637	0.16523	0.19748	0.03728	0.01296	0.01673	0.00997	0.01400	0.00853	0.00857	0.03070	0.00234	0.31341	0.00550	0.00296	0.00731
5	0.01184	0.00691	0.00876	0.00791	0.01006	0.00615	0.00607	0.01423	0.01614	0.16746	0.42921	0.07191	0.19543	0.01222	0.00691	0.00194	0.00336	0.01055	0.00652	0.00642
6	0.00813	0.00632	0.00918	0.16063	0.01523	0.00657	0.00780	0.00977	0.01162	0.01536	0.02869	0.63184	0.03347	0.01630	0.00735	0.00236	0.00439	0.01476	0.00501	0.00524
7	0.01969	0.01518	0.01755	0.16482	0.02285	0.01719	0.01227	0.51023	0.10498	0.03200	0.01482	0.01566	0.01070	0.00709	0.00603	0.00187	0.00669	0.00556	0.00536	0.00945
8	0.01448	0.01359	0.02150	0.12067	0.51950	0.01431	0.01647	0.02078	0.15794	0.02023	0.01386	0.01653	0.01110	0.00600	0.00600	0.00186	0.00678	0.00564	0.00357	0.00919
9	0.01207	0.03112	0.75741	0.01715	0.02604	0.01397	0.02223	0.01905	0.01270	0.01905	0.01080	0.01270	0.00762	0.00572	0.00572	0.00191	0.00889	0.00445	0.00254	0.00889
10	0.00956	0.00751	0.00883	0.00834	0.01027	0.00745	0.00637	0.01496	0.16005	0.02257	0.44370	0.04383	0.18357	0.01221	0.00695	0.00198	0.00336	0.03589	0.00628	0.00632

[dist]
# distance from previous block
# <min> <max>
0	1

[block]
# block no. 10 follows, 38 sequences, length 41
# corresponding to MSA columns:
# 271-311
name=unknown_K
#
# <colnr> <probs for GDERKNQSTAVLIFYWHMCP>
#	G	D	E	R	K	N	Q	S	T	A	V	L	I	F	Y	W	H	M	C	P
0	0.01834	0.01668	0.01712	0.01432	0.01699	0.13823	0.01158	0.30383	0.06281	0.02459	0.01299	0.04771	0.01095	0.00928	0.02254	0.00219	0.25149	0.00573	0.00442	0.00819
1	0.00733	0.00524	0.00698	0.00838	0.00873	0.00489	0.00558	0.00838	0.01152	0.01536	0.03316	0.78466	0.03979	0.01885	0.00768	0.00244	0.00349	0.01710	0.00558	0.00489
2	0.01396	0.01345	0.02242	0.20585	0.33066	0.01434	0.12186	0.02050	0.15619	0.01966	0.01388	0.01685	0.01085	0.00602	0.00617	0.00192	0.00733	0.00590	0.00353	0.00864
3	0.08586	0.08293	0.36811	0.01696	0.04812	0.01579	0.11344	0.15882	0.01575	0.02312	0.01132	0.01311	0.00832	0.00586	0.00565	0.00185	0.00800	0.00483	0.00341	0.00877
4	0.01282	0.09123	0.55537	0.01819	0.02622	0.01503	0.16022	0.01901	0.01296	0.01869	0.01086	0.01314	0.00793	0.00554	0.00583	0.00188	0.00893	0.00487	0.00264	0.00864
5	0.17522	0.01365	0.02114	0.05651	0.58136	0.01410	0.01605	0.01820	0.01296	0.02095	0.01072	0.01392	0.00888	0.00543	0.00552	0.00181	0.00669	0.00495	0.00311	0.00884
6	0.11106	0.01675	0.01659	0.16278	0.02215	0.14305	0.01182	0.34812	0.04488	0.04707	0.01274	0.01405	0.00936	0.00666	0.00566	0.00182	0.00729	0.00496	0.00465	0.00854
7	0.01259	0.01163	0.01931	0.24911	0.39538	0.01233	0.01543	0.01615	0.01386	0.01927	0.15593	0.02114	0.01837	0.00692	0.00620	0.00187	0.00656	0.00644	0.00360	0.00793
8	0.17478	0.01532	0.03026	0.02193	0.02755	0.01488	0.58714	0.01896	0.01342	0.02079	0.01142	0.01496	0.00861	0.00517	0.00644	0.00200	0.00906	0.00634	0.00318	0.00780
9	0.00874	0.00588	0.00682	0.00682	0.00690	0.00597	0.00396	0.00891	0.00882	0.01185	0.01872	0.03808	0.02131	0.72758	0.09085	0.00615	0.00668	0.00856	0.00361	0.00379
