[name]
unknown

[dist]
# distance from previous block
# <min> <max>
0	217

[block]
# block no. 0 follows, 38 sequences, length 9
# corresponding to MSA columns:
# 256-264
name=unknown_A
#
# <colnr> <probs for GDERKNQSTAVLIFYWHMCP>
#	G	D	E	R	K	N	Q	S	T	A	V	L	I	F	Y	W	H	M	C	P
0	0.01619	0.00938	0.01166	0.00951	0.01308	0.00849	0.00754	0.02082	0.11751	0.25810	0.25755	0.02704	0.02778	0.00850	0.00606	0.00169	0.00418	0.00720	0.00617	0.18153
1	0.00987	0.00779	0.01116	0.01062	0.01175	0.00941	0.00840	0.04728	0.01055	0.01523	0.01503	0.02190	0.01393	0.03900	0.63585	0.00842	0.10853	0.00625	0.00329	0.00576
2	0.01288	0.06538	0.56329	0.01576	0.02330	0.01467	0.01893	0.02174	0.16698	0.02010	0.01358	0.01461	0.00990	0.00621	0.00571	0.00190	0.00789	0.00488	0.00330	0.00897
3	0.01094	0.00997	0.01647	0.52178	0.12106	0.01168	0.01456	0.01426	0.01212	0.01589	0.01553	0.17892	0.01494	0.00866	0.00636	0.00207	0.00695	0.00784	0.00333	0.00665
4	0.01348	0.01117	0.01288	0.00949	0.01452	0.00916	0.00758	0.10213	0.01436	0.02162	0.01228	0.05140	0.01062	0.00551	0.00481	0.00108	0.00467	0.00447	0.00396	0.68482
5	0.01396	0.01398	0.02700	0.02014	0.02483	0.01351	0.47509	0.11675	0.01560	0.02105	0.01694	0.17896	0.01579	0.00829	0.00707	0.00209	0.00824	0.00898	0.00400	0.00773
6	0.01650	0.01734	0.02285	0.03238	0.59570	0.17340	0.01701	0.01964	0.01441	0.01861	0.01089	0.01403	0.00915	0.00554	0.00584	0.00174	0.00793	0.00504	0.00300	0.00899
7	0.01234	0.01205	0.01682	0.01475	0.01480	0.01653	0.01210	0.01362	0.00954	0.01460	0.01144	0.12133	0.01237	0.01170	0.01805	0.00261	0.66904	0.00692	0.00305	0.00634
8	0.02087	0.01309	0.01501	0.01199	0.01604	0.01361	0.00967	0.41544	0.02224	0.20506	0.01966	0.14470	0.01624	0.00912	0.00624	0.00189	0.00566	0.00745	0.00620	0.03982

[dist]
# distance from previous block
# <min> <max>
0	10

[block]
# block no. 1 follows, 38 sequences, length 14
# corresponding to MSA columns:
# 275-288
name=unknown_B
#
# <colnr> <probs for GDERKNQSTAVLIFYWHMCP>
#	G	D	E	R	K	N	Q	S	T	A	V	L	I	F	Y	W	H	M	C	P
0	0.44539	0.01384	0.01292	0.01062	0.01477	0.01569	0.00872	0.30820	0.06914	0.03129	0.01198	0.01256	0.00886	0.00643	0.00482	0.00185	0.00546	0.00438	0.00482	0.00824
1	0.01000	0.00843	0.01125	0.01323	0.12774	0.00819	0.00828	0.01325	0.08220	0.01757	0.02975	0.36432	0.13754	0.01322	0.00721	0.00207	0.03052	0.01165	0.00490	0.09869
2	0.01407	0.01284	0.01854	0.01375	0.01889	0.01172	0.17910	0.07076	0.14265	0.02183	0.01375	0.01527	0.01073	0.00546	0.00549	0.00143	0.00601	0.00511	0.00407	0.42852
3	0.01453	0.01817	0.14554	0.02148	0.02695	0.01584	0.43803	0.08684	0.01455	0.02029	0.01151	0.01503	0.00881	0.00622	0.00872	0.00208	0.12780	0.00623	0.00319	0.00820
4	0.06244	0.42138	0.10706	0.01206	0.01695	0.13806	0.01152	0.02121	0.12505	0.01722	0.01127	0.01216	0.00928	0.00587	0.00466	0.00155	0.00705	0.00401	0.00326	0.00794
5	0.01072	0.00762	0.00860	0.00785	0.00909	0.00770	0.00536	0.12053	0.01399	0.01879	0.17697	0.03849	0.09726	0.42926	0.01958	0.00401	0.00505	0.00907	0.00483	0.00523
6	0.01430	0.13199	0.01574	0.01176	0.01511	0.01505	0.00967	0.02673	0.51302	0.02233	0.02317	0.02767	0.01930	0.00904	0.00612	0.00204	0.00514	0.11772	0.00548	0.00861
7	0.32434	0.01324	0.01202	0.01062	0.01393	0.08499	0.00867	0.19876	0.01683	0.02685	0.09713	0.02423	0.01770	0.00857	0.00558	0.00196	0.00569	0.11676	0.00486	0.00726
8	0.01721	0.46612	0.14279	0.01251	0.01797	0.10498	0.01251	0.12866	0.01532	0.01865	0.00979	0.01101	0.00809	0.00568	0.00466	0.00149	0.00735	0.00382	0.00316	0.00821
9	0.01691	0.01579	0.01458	0.01291	0.01640	0.13403	0.01004	0.09783	0.55729	0.02474	0.02112	0.01984	0.01590	0.00776	0.00600	0.00194	0.00590	0.00620	0.00563	0.00919
10	0.01210	0.12822	0.01260	0.00955	0.01160	0.00984	0.00730	0.01596	0.12769	0.10017	0.02690	0.45838	0.02865	0.01376	0.00666	0.00214	0.00433	0.01209	0.00542	0.00666
11	0.01489	0.01429	0.02442	0.03692	0.75106	0.01429	0.01846	0.01846	0.01370	0.01965	0.01132	0.01489	0.00953	0.00536	0.00596	0.00179	0.00715	0.00536	0.00298	0.00953
12	0.01301	0.01076	0.01250	0.00923	0.01408	0.00876	0.00737	0.08261	0.01449	0.02185	0.09419	0.01632	0.01443	0.00560	0.00490	0.00109	0.00448	0.00456	0.00414	0.65560
13	0.01420	0.01663	0.13686	0.08597	0.58925	0.01418	0.01892	0.01833	0.01343	0.01926	0.01119	0.01463	0.00913	0.00546	0.00592	0.00182	0.00748	0.00522	0.00289	0.00923

[dist]
# distance from previous block
# <min> <max>
4	5

[block]
# block no. 2 follows, 38 sequences, length 14
# corresponding to MSA columns:
# 294-307
name=unknown_C
#
# <colnr> <probs for GDERKNQSTAVLIFYWHMCP>
#	G	D	E	R	K	N	Q	S	T	A	V	L	I	F	Y	W	H	M	C	P
0	0.20418	0.01673	0.01520	0.01232	0.01654	0.13443	0.00998	0.38159	0.02116	0.09328	0.01415	0.01435	0.02650	0.00690	0.00544	0.00179	0.00664	0.00491	0.00515	0.00876
1	0.02189	0.11376	0.01920	0.01416	0.01825	0.35136	0.01138	0.33191	0.02138	0.02478	0.01143	0.01228	0.00883	0.00652	0.00550	0.00163	0.00848	0.00447	0.00431	0.00848
2	0.01512	0.01646	0.09050	0.01978	0.02535	0.01468	0.42137	0.17773	0.01717	0.02308	0.01833	0.02045	0.09665	0.00681	0.00674	0.00197	0.00840	0.00715	0.00397	0.00830
3	0.01909	0.02216	0.01619	0.01456	0.01695	0.47904	0.01116	0.08246	0.01601	0.01679	0.01232	0.10303	0.01178	0.00854	0.00824	0.00187	0.14348	0.00582	0.00357	0.00694
4	0.01525	0.01664	0.01812	0.01573	0.01642	0.18585	0.01282	0.01662	0.01097	0.01453	0.00821	0.01264	0.00786	0.00956	0.01653	0.00239	0.60550	0.00495	0.00274	0.00667
5	0.00989	0.00757	0.00942	0.01006	0.01151	0.00786	0.00781	0.01521	0.17621	0.01905	0.08264	0.32783	0.03454	0.01525	0.00749	0.00242	0.00439	0.23888	0.00577	0.00620
6	0.01566	0.58440	0.05889	0.01103	0.01594	0.02139	0.01064	0.02119	0.17562	0.01684	0.01209	0.01265	0.01010	0.00585	0.00445	0.00148	0.00616	0.00407	0.00337	0.00818
7	0.19462	0.00666	0.00806	0.00785	0.00869	0.00708	0.00551	0.01005	0.00838	0.01416	0.00998	0.01638	0.00957	0.01746	0.01907	0.64024	0.00510	0.00478	0.00286	0.00349
8	0.02058	0.01796	0.01618	0.01336	0.01726	0.18433	0.01062	0.42156	0.10838	0.02944	0.01554	0.04761	0.01216	0.00758	0.00587	0.00178	0.00702	0.00574	0.04810	0.00895
9	0.01648	0.01240	0.01662	0.18690	0.13799	0.01357	0.01250	0.06953	0.28182	0.13861	0.01817	0.01872	0.01332	0.00696	0.00601	0.00192	0.00604	0.00595	0.00498	0.03152
10	0.01852	0.19368	0.02097	0.01702	0.13495	0.26619	0.01203	0.09683	0.14582	0.01967	0.01266	0.01367	0.01018	0.00629	0.00534	0.00164	0.00774	0.00465	0.00381	0.00835
11	0.02061	0.01299	0.01487	0.01202	0.01588	0.01364	0.00966	0.42566	0.02237	0.19428	0.02036	0.17340	0.01732	0.00965	0.00636	0.00195	0.00564	0.00795	0.00625	0.00914
12	0.01738	0.61027	0.07065	0.01120	0.01634	0.09016	0.01098	0.01960	0.01313	0.07854	0.00992	0.01087	0.00834	0.00548	0.00430	0.00140	0.00687	0.00359	0.00304	0.00794
13	0.27241	0.01536	0.01417	0.01180	0.01583	0.07639	0.00952	0.30526	0.17149	0.02997	0.01425	0.01438	0.01059	0.00683	0.00528	0.00185	0.00596	0.00491	0.00509	0.00866

[dist]
# distance from previous block
# <min> <max>
5	10

[block]
# block no. 3 follows, 38 sequences, length 12
# corresponding to MSA columns:
# 319-330
name=unknown_D
#
# <colnr> <probs for GDERKNQSTAVLIFYWHMCP>
#	G	D	E	R	K	N	Q	S	T	A	V	L	I	F	Y	W	H	M	C	P
0	0.00913	0.00697	0.00947	0.18849	0.01537	0.00747	0.00720	0.01057	0.01095	0.01452	0.10360	0.10959	0.05336	0.40681	0.01887	0.00399	0.00566	0.00918	0.00403	0.00478
1	0.01032	0.00719	0.00799	0.00759	0.00985	0.00655	0.00575	0.01356	0.08853	0.10231	0.10018	0.12155	0.46869	0.01377	0.00694	0.00204	0.00349	0.01164	0.00593	0.00615
2	0.04403	0.10737	0.09718	0.01513	0.02044	0.06155	0.10855	0.39439	0.02139	0.05334	0.01290	0.01381	0.00943	0.00644	0.00578	0.00177	0.00744	0.00516	0.00468	0.00922
3	0.01494	0.01261	0.01647	0.01254	0.01714	0.01208	0.10521	0.17876	0.11830	0.02497	0.09812	0.01853	0.01604	0.00658	0.00570	0.00152	0.00556	0.00575	0.00475	0.32443
4	0.01293	0.12140	0.57074	0.01897	0.12209	0.01521	0.02027	0.01885	0.01278	0.01854	0.01057	0.01262	0.00789	0.00560	0.00552	0.00181	0.00836	0.00442	0.00260	0.00883
5	0.01888	0.01462	0.01837	0.01428	0.01870	0.01548	0.10668	0.42575	0.09631	0.05535	0.01713	0.09244	0.01395	0.00803	0.00625	0.00187	0.00641	0.00686	0.00549	0.05714
6	0.34699	0.01652	0.11329	0.01583	0.16353	0.11979	0.01150	0.01851	0.01251	0.02217	0.01072	0.01280	0.00847	0.00581	0.00474	0.00176	0.00640	0.00420	0.09707	0.00740
7	0.01213	0.01147	0.01943	0.61417	0.19540	0.01357	0.01709	0.01604	0.01239	0.01630	0.01083	0.01579	0.00835	0.00587	0.00600	0.00196	0.00783	0.00535	0.00274	0.00730
8	0.01376	0.08720	0.60421	0.01642	0.02425	0.11545	0.01992	0.01964	0.01325	0.01811	0.01041	0.01223	0.00765	0.00574	0.00554	0.00181	0.00897	0.00428	0.00262	0.00855
9	0.01924	0.01199	0.01385	0.01144	0.01534	0.01251	0.00916	0.14453	0.30024	0.25144	0.09425	0.02238	0.01942	0.00806	0.00612	0.00189	0.00498	0.00663	0.00647	0.04008
10	0.06164	0.01209	0.01406	0.01126	0.01549	0.01225	0.00913	0.17769	0.17408	0.31567	0.06272	0.01996	0.01627	0.00754	0.00590	0.00182	0.00516	0.00605	0.00636	0.06486
11	0.04420	0.01431	0.01535	0.01198	0.01626	0.01538	0.00979	0.51379	0.03909	0.03321	0.05128	0.01662	0.01302	0.00715	0.00566	0.00168	0.00573	0.00549	0.08929	0.09073

[dist]
# distance from previous block
# <min> <max>
0	4

[block]
# block no. 4 follows, 38 sequences, length 9
# corresponding to MSA columns:
# 335-343
name=unknown_E
#
# <colnr> <probs for GDERKNQSTAVLIFYWHMCP>
#	G	D	E	R	K	N	Q	S	T	A	V	L	I	F	Y	W	H	M	C	P
0	0.01339	0.01137	0.01293	0.00974	0.01471	0.00976	0.00776	0.05044	0.14491	0.02143	0.01336	0.01437	0.01068	0.00525	0.00483	0.00114	0.00461	0.00423	0.00414	0.64096
1	0.01903	0.01114	0.01331	0.01082	0.01483	0.01086	0.00864	0.10801	0.18726	0.29295	0.06127	0.07413	0.01829	0.00819	0.00599	0.00179	0.00487	0.00681	0.00619	0.13563
2	0.01427	0.00993	0.01160	0.01036	0.01320	0.00998	0.00789	0.12286	0.17307	0.10859	0.02442	0.31292	0.02374	0.01155	0.00647	0.00199	0.00455	0.01004	0.00571	0.11684
3	0.01191	0.02668	0.59680	0.18159	0.02938	0.01384	0.02103	0.01825	0.01255	0.01825	0.01077	0.01343	0.00771	0.00578	0.00578	0.00193	0.00870	0.00464	0.00257	0.00841
4	0.01410	0.01115	0.01597	0.17686	0.02187	0.00994	0.07562	0.01724	0.01310	0.10538	0.01237	0.01454	0.00944	0.00520	0.00522	0.00135	0.00583	0.00457	0.00378	0.47647
5	0.24464	0.01123	0.01089	0.00963	0.01261	0.07896	0.00767	0.06803	0.01557	0.15074	0.22627	0.05129	0.02568	0.00915	0.00584	0.00192	0.00494	0.05237	0.00548	0.00710
6	0.05554	0.01097	0.01335	0.01082	0.01481	0.01083	0.00875	0.09160	0.16725	0.42190	0.10791	0.02277	0.01978	0.00807	0.00609	0.00190	0.00489	0.00660	0.00679	0.00940
7	0.19605	0.01430	0.01477	0.01142	0.01612	0.01509	0.00937	0.41135	0.02073	0.03133	0.01226	0.01298	0.00912	0.00623	0.00516	0.00161	0.00569	0.00452	0.00495	0.19696
8	0.00844	0.00570	0.00665	0.00696	0.00703	0.00563	0.00407	0.00867	0.00935	0.01247	0.02204	0.20127	0.02576	0.62137	0.02564	0.00510	0.00532	0.01056	0.00407	0.00391

[dist]
# distance from previous block
# <min> <max>
1	3

[block]
# block no. 5 follows, 38 sequences, length 14
# corresponding to MSA columns:
# 347-360
name=unknown_F
#
# <colnr> <probs for GDERKNQSTAVLIFYWHMCP>
#	G	D	E	R	K	N	Q	S	T	A	V	L	I	F	Y	W	H	M	C	P
0	0.02202	0.01213	0.01449	0.01147	0.01587	0.01205	0.00932	0.17582	0.17054	0.37611	0.03803	0.01957	0.01516	0.00743	0.00596	0.00181	0.00525	0.00599	0.00654	0.07445
1	0.01359	0.01503	0.03174	0.18673	0.03359	0.01481	0.57565	0.01843	0.01373	0.01843	0.01185	0.01619	0.00889	0.00527	0.00687	0.00202	0.00968	0.00672	0.00296	0.00781
2	0.48247	0.01153	0.01067	0.00918	0.01273	0.01285	0.00744	0.11643	0.07190	0.07126	0.12403	0.01741	0.01611	0.00715	0.00488	0.00187	0.00468	0.00516	0.00489	0.00736
3	0.01474	0.01471	0.02681	0.03443	0.59597	0.01449	0.17164	0.01864	0.01381	0.01957	0.01150	0.01518	0.00944	0.00530	0.00620	0.00184	0.00779	0.00573	0.00299	0.00922
4	0.01326	0.01234	0.02066	0.03077	0.59107	0.01227	0.01569	0.01629	0.01323	0.01873	0.01602	0.18079	0.01605	0.00827	0.00633	0.00193	0.00636	0.00789	0.00354	0.00853
5	0.31665	0.01245	0.01631	0.01268	0.01689	0.01286	0.16301	0.12436	0.01525	0.05040	0.12344	0.01779	0.01576	0.00672	0.00544	0.00182	0.00586	0.00569	0.00447	0.07218
6	0.08669	0.01568	0.01588	0.01253	0.01690	0.07421	0.01023	0.46983	0.02336	0.14357	0.01528	0.01519	0.01076	0.00703	0.00569	0.00177	0.00634	0.00523	0.05440	0.00941
7	0.01969	0.12834	0.01444	0.00950	0.01321	0.01080	0.00793	0.02346	0.08249	0.37243	0.06446	0.02091	0.01677	0.00736	0.00539	0.00169	0.00465	0.00589	0.18208	0.00851
8	0.55514	0.01200	0.01111	0.00927	0.01333	0.01315	0.00764	0.11078	0.01403	0.18533	0.01246	0.01267	0.00879	0.00619	0.00452	0.00185	0.00500	0.00413	0.00482	0.00779
9	0.04903	0.01640	0.01964	0.01550	0.01963	0.11972	0.16508	0.34199	0.02045	0.02681	0.01586	0.13146	0.01401	0.00832	0.00633	0.00192	0.00742	0.00726	0.00482	0.00837
10	0.19272	0.01288	0.01319	0.01118	0.01511	0.01422	0.00893	0.13384	0.36537	0.07908	0.01834	0.01757	0.01358	0.00712	0.00545	0.00186	0.00502	0.00552	0.00548	0.07356
11	0.13544	0.00620	0.00799	0.00785	0.00842	0.00648	0.00542	0.00934	0.00820	0.01297	0.01013	0.01699	0.00985	0.01857	0.02050	0.69961	0.00514	0.00493	0.00278	0.00321
12	0.10516	0.02084	0.01673	0.01387	0.01792	0.30343	0.01100	0.38778	0.02214	0.02793	0.01186	0.01259	0.00890	0.00666	0.00556	0.00171	0.00804	0.00461	0.00467	0.00861
13	0.01419	0.01534	0.03051	0.02639	0.18415	0.01550	0.46697	0.01837	0.01333	0.01862	0.01134	0.01547	0.00903	0.00596	0.00878	0.00207	0.12638	0.00645	0.00297	0.00819

[dist]
# distance from previous block
# <min> <max>
4	9

[block]
# block no. 6 follows, 38 sequences, length 9
# corresponding to MSA columns:
# 371-379
name=unknown_G
#
# <colnr> <probs for GDERKNQSTAVLIFYWHMCP>
#	G	D	E	R	K	N	Q	S	T	A	V	L	I	F	Y	W	H	M	C	P
0	0.01543	0.01572	0.01996	0.02698	0.45531	0.15048	0.01474	0.01968	0.07661	0.01982	0.11042	0.01881	0.01626	0.00668	0.00602	0.00178	0.00705	0.00595	0.00375	0.00855
1	0.12398	0.40886	0.15540	0.01156	0.01687	0.01905	0.01179	0.02071	0.14527	0.01876	0.01175	0.01255	0.00949	0.00586	0.00459	0.00161	0.00633	0.00410	0.00337	0.00810
2	0.00853	0.00637	0.00805	0.00878	0.00972	0.00630	0.00621	0.01186	0.09891	0.01821	0.16288	0.53406	0.04018	0.01631	0.00741	0.00231	0.00359	0.03888	0.00584	0.00560
3	0.01291	0.00755	0.00967	0.00877	0.01125	0.00648	0.00657	0.01481	0.01386	0.18646	0.12392	0.32832	0.07127	0.01253	0.00661	0.00193	0.00393	0.01102	0.00578	0.15638
4	0.01257	0.01009	0.01014	0.01006	0.01184	0.09721	0.00733	0.05074	0.11092	0.08075	0.02914	0.44399	0.07274	0.01416	0.00695	0.00218	0.00480	0.01238	0.00554	0.00648
5	0.36756	0.00926	0.00900	0.00789	0.01075	0.00976	0.00611	0.01798	0.01189	0.18267	0.01555	0.01965	0.01265	0.14952	0.00923	0.00251	0.00466	0.00527	0.14145	0.00665
6	0.19956	0.01639	0.01582	0.01256	0.01700	0.07517	0.01028	0.49508	0.02307	0.05937	0.01305	0.01336	0.00939	0.00679	0.00547	0.00180	0.00647	0.00485	0.00534	0.00917
7	0.01342	0.00859	0.01058	0.00937	0.01187	0.00867	0.00734	0.07760	0.10188	0.14486	0.25293	0.03341	0.12599	0.01696	0.14537	0.00334	0.00623	0.00855	0.00589	0.00715
8	0.01238	0.00711	0.00916	0.00839	0.01062	0.00640	0.00663	0.01486	0.01609	0.17964	0.38118	0.04475	0.17172	0.01230	0.00702	0.00201	0.00369	0.09304	0.00648	0.00653

[dist]
# distance from previous block
# <min> <max>
7	13

[block]
# block no. 7 follows, 38 sequences, length 8
# corresponding to MSA columns:
# 393-400
name=unknown_H
#
# <colnr> <probs for GDERKNQSTAVLIFYWHMCP>
#	G	D	E	R	K	N	Q	S	T	A	V	L	I	F	Y	W	H	M	C	P
0	0.02079	0.01771	0.01705	0.01388	0.01792	0.13221	0.01118	0.45106	0.16447	0.03072	0.01529	0.01539	0.01132	0.00741	0.00662	0.00185	0.04484	0.00544	0.00542	0.00941
1	0.02005	0.16707	0.02128	0.01366	0.01836	0.01815	0.06953	0.46046	0.02253	0.05736	0.01467	0.06313	0.01177	0.00743	0.00582	0.00178	0.00663	0.00591	0.00515	0.00925
2	0.04474	0.01109	0.01317	0.01035	0.01443	0.01072	0.00843	0.19745	0.01863	0.35242	0.04380	0.01925	0.01457	0.00722	0.00560	0.00171	0.00499	0.00572	0.13972	0.07598
3	0.01513	0.12987	0.39545	0.01694	0.02406	0.01646	0.13400	0.15784	0.01596	0.02215	0.01146	0.01328	0.00845	0.00587	0.00577	0.00183	0.00833	0.00492	0.00333	0.00889
4	0.11943	0.00861	0.01032	0.01221	0.13040	0.00891	0.00766	0.06632	0.01344	0.02237	0.01911	0.16770	0.01772	0.00892	0.00526	0.00177	0.00419	0.00751	0.36158	0.00659
5	0.01818	0.01869	0.01537	0.01338	0.01575	0.31126	0.01023	0.17077	0.03911	0.01942	0.01259	0.01800	0.01145	0.15982	0.01285	0.00264	0.13405	0.00549	0.00387	0.00707
6	0.53879	0.01254	0.01219	0.13428	0.01792	0.01451	0.00917	0.15647	0.01409	0.02727	0.01000	0.01179	0.00755	0.00601	0.00457	0.00189	0.00561	0.00404	0.00402	0.00730
7	0.01072	0.00777	0.00929	0.00912	0.01032	0.00800	0.00657	0.12729	0.01418	0.01901	0.07863	0.30816	0.05435	0.21524	0.01367	0.00320	0.02476	0.06890	0.00517	0.00563

[dist]
# distance from previous block
# <min> <max>
0	4

[block]
# block no. 8 follows, 38 sequences, length 6
# corresponding to MSA columns:
# 405-410
name=unknown_I
#
# <colnr> <probs for GDERKNQSTAVLIFYWHMCP>
#	G	D	E	R	K	N	Q	S	T	A	V	L	I	F	Y	W	H	M	C	P
0	0.01868	0.54234	0.02656	0.01133	0.01610	0.12911	0.01040	0.06815	0.01456	0.09829	0.01062	0.01135	0.00869	0.00569	0.00448	0.00142	0.00694	0.00378	0.00342	0.00806
1	0.01358	0.01454	0.02965	0.02421	0.13234	0.01365	0.50858	0.01806	0.01435	0.01988	0.09383	0.01903	0.01447	0.00589	0.00680	0.00192	0.00860	0.00709	0.00346	0.05007
2	0.01683	0.46461	0.11078	0.01494	0.09409	0.17626	0.01279	0.01943	0.01344	0.01541	0.00914	0.01080	0.00790	0.00545	0.00462	0.00146	0.00771	0.00372	0.00272	0.00789
3	0.54814	0.01394	0.08407	0.12046	0.01809	0.01406	0.01004	0.09194	0.01262	0.02567	0.00958	0.01145	0.00723	0.00583	0.00449	0.00188	0.00576	0.00390	0.00370	0.00716
4	0.83108	0.01163	0.00884	0.00791	0.01163	0.01350	0.00651	0.01768	0.01024	0.02699	0.00838	0.00977	0.00651	0.00558	0.00372	0.00186	0.00465	0.00326	0.00372	0.00651
5	0.35410	0.00944	0.00983	0.08301	0.01394	0.01033	0.00746	0.05496	0.01280	0.02291	0.11839	0.20882	0.02227	0.00992	0.00556	0.00198	0.00454	0.00811	0.00461	0.03700

[dist]
# distance from previous block
# <min> <max>
11	14

[block]
# block no. 9 follows, 38 sequences, length 7
# corresponding to MSA columns:
# 425-431
name=unknown_J
#
# <colnr> <probs for GDERKNQSTAVLIFYWHMCP>
#	G	D	E	R	K	N	Q	S	T	A	V	L	I	F	Y	W	H	M	C	P
0	0.01433	0.01372	0.02340	0.15465	0.63773	0.01415	0.01818	0.01797	0.01343	0.01897	0.01122	0.01507	0.00929	0.00546	0.00596	0.00182	0.00729	0.00536	0.00293	0.00907
1	0.01450	0.01390	0.02372	0.11756	0.67344	0.01419	0.01827	0.01812	0.01352	0.01918	0.01125	0.01501	0.00936	0.00543	0.00596	0.00181	0.00724	0.00536	0.00294	0.00922
2	0.01742	0.01382	0.01726	0.01379	0.01771	0.01511	0.08865	0.37322	0.14953	0.02900	0.05782	0.01926	0.01496	0.01349	0.12738	0.00313	0.00798	0.00632	0.00530	0.00884
3	0.19569	0.01531	0.01600	0.14764	0.02118	0.05988	0.01132	0.40856	0.02084	0.03020	0.01217	0.01351	0.00889	0.00659	0.00549	0.00184	0.00669	0.00485	0.00476	0.00861
4	0.01370	0.01308	0.02227	0.28554	0.51174	0.01398	0.01787	0.01742	0.01313	0.01821	0.01111	0.01528	0.00902	0.00558	0.00598	0.00186	0.00744	0.00536	0.00288	0.00857
5	0.01426	0.01365	0.02329	0.16782	0.62506	0.01413	0.01815	0.01791	0.01340	0.01889	0.01120	0.01509	0.00926	0.00548	0.00597	0.00183	0.00730	0.00536	0.00292	0.00902
6	0.01576	0.73002	0.09083	0.01085	0.01631	0.02300	0.01127	0.01810	0.01226	0.01455	0.00856	0.00990	0.00771	0.00519	0.00401	0.00134	0.00663	0.00332	0.00257	0.00782

[dist]
# distance from previous block
# <min> <max>
1	3

[block]
# block no. 10 follows, 38 sequences, length 10
# corresponding to MSA columns:
# 435-444
name=unknown_K
#
# <colnr> <probs for GDERKNQSTAVLIFYWHMCP>
#	G	D	E	R	K	N	Q	S	T	A	V	L	I	F	Y	W	H	M	C	P
0	0.15446	0.01559	0.01444	0.01203	0.01590	0.10194	0.00964	0.32472	0.17067	0.02932	0.01634	0.01643	0.02871	0.00720	0.00550	0.00181	0.00608	0.00535	0.05519	0.00869
1	0.01604	0.01435	0.02782	0.02025	0.02543	0.01370	0.46356	0.02004	0.01403	0.14119	0.01352	0.01624	0.00994	0.00593	0.00787	0.00194	0.08320	0.00637	0.00379	0.09476
2	0.01636	0.01081	0.01242	0.01075	0.01403	0.01142	0.00846	0.05220	0.37323	0.19094	0.17216	0.02770	0.05477	0.00909	0.00634	0.00196	0.00445	0.00765	0.00650	0.00875
3	0.00872	0.00734	0.00906	0.00905	0.01040	0.00768	0.00722	0.01046	0.01284	0.01647	0.06461	0.13665	0.37269	0.01507	0.00952	0.00233	0.13238	0.15698	0.00512	0.00542
4	0.01439	0.01356	0.02196	0.01953	0.14177	0.01365	0.19698	0.05731	0.01346	0.03677	0.01113	0.01428	0.00908	0.00622	0.00861	0.00176	0.16333	0.00528	0.00337	0.24754
5	0.02079	0.02118	0.01515	0.01345	0.01668	0.46035	0.01027	0.02468	0.11452	0.14020	0.08915	0.01749	0.01537	0.00729	0.00579	0.00170	0.00826	0.00535	0.00459	0.00773
6	0.01631	0.01156	0.01416	0.01341	0.08985	0.01138	0.00948	0.08056	0.22796	0.15159	0.01977	0.09889	0.01617	0.00791	0.00585	0.00173	0.00501	0.00672	0.00535	0.20636
7	0.15053	0.46446	0.21657	0.01168	0.01756	0.01953	0.01277	0.01823	0.01202	0.01756	0.00900	0.01046	0.00749	0.00537	0.00432	0.00154	0.00678	0.00354	0.00276	0.00782
8	0.01033	0.00797	0.00957	0.00889	0.01117	0.00718	0.00653	0.08413	0.01395	0.01937	0.07060	0.41317	0.07301	0.01325	0.00659	0.00191	0.00400	0.01170	0.00516	0.22154
9	0.01375	0.36849	0.28272	0.01401	0.02020	0.01771	0.09005	0.01786	0.01307	0.01737	0.08140	0.01483	0.01259	0.00603	0.00516	0.00164	0.00733	0.00480	0.00300	0.00797

[dist]
# distance from previous block
# <min> <max>
0	1

[block]
# block no. 11 follows, 38 sequences, length 6
# corresponding to MSA columns:
# 446-451
name=unknown_L
#
# <colnr> <probs for GDERKNQSTAVLIFYWHMCP>
#	G	D	E	R	K	N	Q	S	T	A	V	L	I	F	Y	W	H	M	C	P
0	0.08349	0.15232	0.01348	0.00908	0.01164	0.11222	0.00733	0.01468	0.01538	0.02086	0.41167	0.03156	0.07469	0.00975	0.00599	0.00174	0.00474	0.00798	0.00510	0.00626
1	0.01547	0.01366	0.02105	0.02877	0.51779	0.01392	0.01546	0.14681	0.01680	0.02357	0.11149	0.01887	0.01604	0.00664	0.00612	0.00180	0.00647	0.00612	0.00402	0.00914
2	0.01871	0.02032	0.01730	0.01870	0.16182	0.37977	0.01260	0.11504	0.01730	0.01938	0.01447	0.02247	0.01331	0.00806	0.00613	0.00185	0.00859	0.13262	0.00391	0.00765
3	0.04716	0.01075	0.01210	0.01067	0.01381	0.07458	0.00866	0.02211	0.08418	0.31828	0.15502	0.03322	0.02578	0.01003	0.00655	0.00204	0.00524	0.14553	0.00629	0.00800
4	0.01667	0.16855	0.02691	0.01707	0.02253	0.01686	0.29699	0.20975	0.01736	0.02332	0.01183	0.01394	0.00912	0.00558	0.00581	0.00167	0.00770	0.00540	0.00382	0.11912
5	0.01419	0.01358	0.02316	0.18218	0.61123	0.01411	0.01812	0.01785	0.01337	0.01881	0.01119	0.01512	0.00923	0.00549	0.00597	0.00183	0.00732	0.00536	0.00292	0.00897

[dist]
# distance from previous block
# <min> <max>
2	7

[block]
# block no. 12 follows, 38 sequences, length 9
# corresponding to MSA columns:
# 459-467
name=unknown_M
#
# <colnr> <probs for GDERKNQSTAVLIFYWHMCP>
#	G	D	E	R	K	N	Q	S	T	A	V	L	I	F	Y	W	H	M	C	P
0	0.01513	0.46508	0.10657	0.01690	0.08856	0.01995	0.17569	0.01845	0.01286	0.01633	0.00975	0.01195	0.00820	0.00521	0.00498	0.00157	0.00760	0.00443	0.00271	0.00810
1	0.01905	0.01748	0.01549	0.01315	0.01662	0.20357	0.01033	0.32765	0.12012	0.02630	0.01873	0.08869	0.05565	0.00873	0.00651	0.00187	0.02980	0.00672	0.00513	0.00841
2	0.01444	0.01507	0.18132	0.01208	0.01645	0.01165	0.01147	0.02359	0.30003	0.12756	0.11136	0.04604	0.06292	0.00895	0.00630	0.00200	0.00541	0.02933	0.00550	0.00852
3	0.19871	0.05108	0.47068	0.01727	0.11273	0.01425	0.01777	0.01863	0.01225	0.02076	0.01023	0.01220	0.00761	0.00562	0.00523	0.00186	0.00762	0.00425	0.00286	0.00839
4	0.41141	0.01477	0.17211	0.01031	0.01438	0.01207	0.00997	0.06424	0.01145	0.02225	0.00979	0.01266	0.00790	0.00920	0.00881	0.18895	0.00584	0.00411	0.00337	0.00640
5	0.01409	0.01347	0.02297	0.20448	0.58976	0.01408	0.01806	0.01776	0.01332	0.01868	0.01117	0.01515	0.00919	0.00551	0.00597	0.00184	0.00735	0.00536	0.00291	0.00888
6	0.01298	0.01716	0.19028	0.27688	0.25991	0.01403	0.10729	0.01767	0.01298	0.01804	0.01110	0.01494	0.00854	0.00562	0.00606	0.00192	0.00821	0.00536	0.00278	0.00826
7	0.01169	0.14519	0.37719	0.01302	0.01893	0.01275	0.01464	0.01597	0.01233	0.01749	0.01547	0.18764	0.01511	0.00845	0.00571	0.00180	0.00671	0.00701	0.00336	0.10953
8	0.23444	0.00959	0.01044	0.00900	0.01205	0.00995	0.00718	0.07482	0.03611	0.12894	0.18139	0.02268	0.02152	0.01252	0.09998	0.00275	0.00578	0.00622	0.05192	0.06272

[dist]
# distance from previous block
# <min> <max>
0	4

[block]
# block no. 13 follows, 38 sequences, length 21
# corresponding to MSA columns:
# 472-492
name=unknown_N
#
# <colnr> <probs for GDERKNQSTAVLIFYWHMCP>
#	G	D	E	R	K	N	Q	S	T	A	V	L	I	F	Y	W	H	M	C	P
0	0.02301	0.01997	0.01695	0.01400	0.01790	0.29979	0.01112	0.30270	0.02113	0.15730	0.01386	0.01411	0.01002	0.00703	0.00644	0.00176	0.04415	0.00494	0.00501	0.00883
1	0.03712	0.00996	0.01333	0.01195	0.06564	0.00918	0.00887	0.02490	0.07768	0.48172	0.14891	0.02526	0.04133	0.00837	0.00621	0.00188	0.00477	0.00702	0.00676	0.00913
2	0.01322	0.01228	0.02328	0.01773	0.02160	0.01186	0.39050	0.01767	0.07380	0.06605	0.01806	0.13591	0.01680	0.12663	0.01083	0.00267	0.02115	0.00873	0.00405	0.00718
3	0.02597	0.06024	0.39516	0.01829	0.07169	0.01439	0.14611	0.07801	0.01440	0.02079	0.03475	0.01445	0.00988	0.00579	0.00584	0.00181	0.00813	0.00513	0.00317	0.06600
4	0.02035	0.01662	0.12678	0.01208	0.01701	0.14562	0.01092	0.02362	0.03243	0.34055	0.03761	0.01825	0.03614	0.00691	0.00571	0.00168	0.00649	0.00540	0.00523	0.13061
5	0.02046	0.01983	0.12984	0.01417	0.01946	0.09550	0.01279	0.49843	0.02363	0.03133	0.01309	0.01366	0.00948	0.00669	0.00580	0.00173	0.00726	0.00498	0.00501	0.06688
6	0.01263	0.01039	0.01214	0.00908	0.01367	0.00849	0.00723	0.07434	0.01462	0.02195	0.14388	0.01849	0.01765	0.00610	0.00506	0.00115	0.00434	0.00504	0.00432	0.60944
7	0.01845	0.01417	0.12780	0.01256	0.01753	0.01082	0.06110	0.10901	0.03313	0.28463	0.03319	0.09782	0.01544	0.00785	0.00602	0.00179	0.00591	0.00670	0.00539	0.13068
8	0.01145	0.01054	0.01753	0.46523	0.20002	0.01205	0.01511	0.01483	0.01232	0.01636	0.01489	0.15431	0.01410	0.00818	0.00630	0.00203	0.00700	0.00747	0.00327	0.00702
9	0.01321	0.01373	0.02581	0.15582	0.02817	0.01340	0.38393	0.01728	0.01308	0.01833	0.01128	0.01511	0.00880	0.00545	0.00711	0.00180	0.05859	0.00583	0.00307	0.20022
10	0.03075	0.13795	0.01787	0.01297	0.01591	0.28383	0.01051	0.11814	0.01585	0.01828	0.01745	0.01871	0.12061	0.00832	0.00808	0.00182	0.14649	0.00557	0.00373	0.00718
11	0.05140	0.01232	0.01163	0.01017	0.01322	0.12386	0.00788	0.03785	0.15265	0.02204	0.25220	0.02782	0.05192	0.00883	0.00599	0.00170	0.00502	0.03000	0.00517	0.16832
12	0.11993	0.01590	0.07144	0.12824	0.02082	0.06405	0.01184	0.33975	0.02019	0.06355	0.07430	0.01658	0.01319	0.00709	0.00576	0.00184	0.00665	0.00545	0.00489	0.00853
13	0.01928	0.01391	0.01507	0.01215	0.01592	0.01519	0.00979	0.54598	0.02409	0.03286	0.01783	0.13225	0.01526	0.00896	0.00608	0.00186	0.00574	0.00721	0.09162	0.00893
14	0.07219	0.12786	0.01371	0.00917	0.01233	0.01099	0.00757	0.09893	0.01690	0.15276	0.31822	0.03027	0.08638	0.00952	0.00606	0.00179	0.00437	0.00784	0.00580	0.00733
15	0.13642	0.13797	0.01844	0.01304	0.01715	0.27801	0.01063	0.27565	0.01938	0.02469	0.01087	0.01180	0.00846	0.00632	0.00516	0.00165	0.00778	0.00424	0.00415	0.00819
16	0.02117	0.14303	0.01915	0.01443	0.01798	0.56357	0.01131	0.07310	0.05190	0.01677	0.01025	0.01148	0.00843	0.00621	0.00526	0.00155	0.00959	0.00402	0.00337	0.00744
17	0.01474	0.01347	0.01318	0.06804	0.01648	0.12491	0.00887	0.06613	0.15142	0.02099	0.01510	0.04024	0.01229	0.00648	0.00521	0.00146	0.00567	0.00515	0.10094	0.30923
18	0.01164	0.02390	0.51084	0.01857	0.13302	0.01238	0.01866	0.01704	0.01264	0.01848	0.01490	0.15217	0.01371	0.00803	0.00611	0.00198	0.00765	0.00687	0.00316	0.00827
19	0.04416	0.01919	0.01559	0.01472	0.06453	0.33124	0.01069	0.09842	0.14948	0.02016	0.01357	0.01507	0.01090	0.01053	0.08524	0.00249	0.00886	0.00490	0.00403	0.07623
20	0.01496	0.45320	0.10297	0.01230	0.01665	0.02045	0.01195	0.01960	0.12228	0.01640	0.01098	0.01255	0.00936	0.00663	0.00726	0.00171	0.14543	0.00426	0.00312	0.00791

[dist]
# distance from previous block
# <min> <max>
11	23

[block]
# block no. 14 follows, 38 sequences, length 7
# corresponding to MSA columns:
# 518-524
name=unknown_O
#
# <colnr> <probs for GDERKNQSTAVLIFYWHMCP>
#	G	D	E	R	K	N	Q	S	T	A	V	L	I	F	Y	W	H	M	C	P
0	0.11401	0.01287	0.01311	0.13906	0.01841	0.09612	0.00960	0.16686	0.03162	0.09443	0.02619	0.02625	0.20942	0.00891	0.00598	0.00189	0.00594	0.00703	0.00488	0.00741
1	0.01602	0.01444	0.01660	0.01489	0.01651	0.08906	0.01221	0.13655	0.01530	0.02062	0.01694	0.02969	0.01673	0.01194	0.01319	0.00264	0.34830	0.19627	0.00448	0.00761
2	0.01509	0.01376	0.02115	0.10458	0.46554	0.01312	0.01554	0.01805	0.01395	0.02032	0.01234	0.01607	0.01040	0.00604	0.00609	0.00180	0.00690	0.00527	0.00355	0.23044
3	0.01387	0.01815	0.22059	0.33796	0.24623	0.01444	0.01907	0.01813	0.01349	0.01883	0.01217	0.01649	0.00958	0.00658	0.00645	0.00214	0.00837	0.00551	0.00317	0.00877
4	0.01496	0.01465	0.02630	0.23332	0.35055	0.01491	0.21050	0.01864	0.01414	0.01951	0.01264	0.01728	0.01021	0.00632	0.00682	0.00214	0.00858	0.00623	0.00335	0.00897
5	0.01455	0.01352	0.02223	0.36086	0.42539	0.01450	0.01801	0.01790	0.01372	0.01889	0.01230	0.01711	0.01006	0.00650	0.00652	0.00212	0.00792	0.00575	0.00329	0.00888
6	0.01505	0.02048	0.21917	0.35448	0.10336	0.14088	0.01787	0.01898	0.01401	0.01788	0.01182	0.01584	0.00924	0.00674	0.00636	0.00211	0.00902	0.00526	0.00319	0.00826

[dist]
# distance from previous block
# <min> <max>
0	8

[block]
# block no. 15 follows, 38 sequences, length 8
# corresponding to MSA columns:
# 533-540
name=unknown_P
#
# <colnr> <probs for GDERKNQSTAVLIFYWHMCP>
#	G	D	E	R	K	N	Q	S	T	A	V	L	I	F	Y	W	H	M	C	P
0	0.01371	0.36251	0.30192	0.15321	0.02420	0.01819	0.01596	0.01792	0.01237	0.01622	0.00971	0.01197	0.00774	0.00552	0.00495	0.00165	0.00765	0.00407	0.00258	0.00797
1	0.01459	0.01410	0.02338	0.03327	0.62378	0.01501	0.01754	0.01777	0.01292	0.01876	0.01072	0.01459	0.00925	0.00625	0.00834	0.00193	0.14051	0.00534	0.00292	0.00902
2	0.01163	0.01094	0.01331	0.01285	0.07151	0.06817	0.07678	0.01726	0.16849	0.02037	0.19257	0.03675	0.23569	0.01067	0.00670	0.00196	0.00503	0.02708	0.00529	0.00695
3	0.01075	0.00854	0.00986	0.00990	0.02985	0.00868	0.00741	0.08278	0.14853	0.02085	0.10521	0.17199	0.24744	0.01344	0.00704	0.00216	0.00418	0.09906	0.00575	0.00658
4	0.01364	0.01631	0.15556	0.01494	0.02108	0.01175	0.19155	0.07264	0.01418	0.02084	0.01137	0.01361	0.00883	0.00506	0.00547	0.00143	0.00687	0.00476	0.00344	0.40667
5	0.01329	0.16804	0.49716	0.01931	0.14960	0.01583	0.01938	0.01876	0.01279	0.01826	0.01044	0.01252	0.00797	0.00555	0.00542	0.00177	0.00814	0.00438	0.00262	0.00879
6	0.01588	0.07737	0.09271	0.02504	0.36217	0.01653	0.01597	0.14871	0.01539	0.02162	0.01102	0.01389	0.00905	0.00661	0.00817	0.00191	0.14053	0.00510	0.00340	0.00894
7	0.01727	0.01234	0.01812	0.01451	0.01837	0.06900	0.19024	0.04785	0.03301	0.23390	0.09137	0.03095	0.04866	0.00921	0.00682	0.00206	0.00666	0.13630	0.00541	0.00793

[dist]
# distance from previous block
# <min> <max>
0	2

[block]
# block no. 16 follows, 38 sequences, length 14
# corresponding to MSA columns:
# 543-556
name=unknown_Q
#
# <colnr> <probs for GDERKNQSTAVLIFYWHMCP>
#	G	D	E	R	K	N	Q	S	T	A	V	L	I	F	Y	W	H	M	C	P
0	0.01820	0.01219	0.01505	0.12799	0.01972	0.01208	0.01017	0.21456	0.04296	0.18217	0.04179	0.01680	0.01248	0.00651	0.00562	0.00160	0.00569	0.00525	0.00513	0.24404
1	0.02017	0.01626	0.01577	0.01276	0.01682	0.12941	0.01018	0.42343	0.02233	0.07340	0.01611	0.10705	0.01357	0.00821	0.00598	0.00176	0.00659	0.00645	0.00537	0.08837
2	0.50603	0.01208	0.01153	0.00952	0.01364	0.01312	0.00785	0.12992	0.01475	0.21086	0.01315	0.01317	0.00918	0.00630	0.00466	0.00185	0.00507	0.00429	0.00501	0.00802
3	0.00945	0.00856	0.01365	0.10371	0.01681	0.00887	0.11822	0.01166	0.01234	0.01617	0.03092	0.31708	0.18341	0.01354	0.00841	0.00227	0.07724	0.03729	0.00457	0.00582
4	0.01444	0.01109	0.01259	0.01106	0.01451	0.01146	0.00876	0.06846	0.34168	0.07326	0.02269	0.09636	0.01965	0.00932	0.00618	0.00191	0.00482	0.09193	0.00557	0.17426
5	0.00963	0.00936	0.08195	0.00998	0.01252	0.00710	0.00878	0.01250	0.01389	0.01938	0.20309	0.17841	0.03444	0.01303	0.00705	0.00212	0.00466	0.23544	0.00522	0.13143
6	0.01856	0.01596	0.01874	0.01475	0.01898	0.08557	0.12023	0.36218	0.13284	0.02928	0.10370	0.01929	0.01669	0.00755	0.00627	0.00186	0.00681	0.00640	0.00538	0.00894
7	0.04764	0.01672	0.02039	0.01626	0.01936	0.10790	0.12163	0.26443	0.01756	0.02381	0.01100	0.01367	0.00882	0.00785	0.01075	0.00209	0.27267	0.00536	0.00396	0.00812
8	0.01315	0.21329	0.39180	0.01378	0.02018	0.01574	0.01573	0.02003	0.12451	0.01928	0.08399	0.01658	0.01407	0.00659	0.00545	0.00177	0.00706	0.00513	0.00349	0.00839
9	0.00980	0.01151	0.12667	0.01163	0.01496	0.00835	0.11900	0.01350	0.01564	0.02191	0.46151	0.03676	0.10327	0.01044	0.00689	0.00193	0.00490	0.00948	0.00536	0.00649
10	0.01466	0.08781	0.01935	0.01649	0.12898	0.01296	0.12029	0.10430	0.08417	0.06233	0.21103	0.02345	0.02312	0.00770	0.00617	0.00178	0.00582	0.00697	0.00486	0.05774
11	0.06826	0.01888	0.01458	0.01287	0.01620	0.30624	0.00995	0.13163	0.23933	0.02288	0.01563	0.01596	0.01201	0.00699	0.00551	0.00174	0.00722	0.00513	0.08089	0.00809
12	0.01270	0.13125	0.02227	0.45069	0.03232	0.01596	0.10120	0.01611	0.01189	0.01552	0.01009	0.01464	0.00809	0.00646	0.00792	0.00199	0.12598	0.00522	0.00270	0.00700
13	0.01325	0.01266	0.01223	0.01117	0.01343	0.12607	0.00889	0.08563	0.10924	0.01922	0.03215	0.03622	0.26901	0.01160	0.00870	0.00212	0.12382	0.09299	0.00486	0.00673

[dist]
# distance from previous block
# <min> <max>
0	9

[block]
# block no. 17 follows, 38 sequences, length 7
# corresponding to MSA columns:
# 566-572
name=unknown_R
#
# <colnr> <probs for GDERKNQSTAVLIFYWHMCP>
#	G	D	E	R	K	N	Q	S	T	A	V	L	I	F	Y	W	H	M	C	P
0	0.06355	0.01574	0.01471	0.01286	0.01548	0.16463	0.01019	0.11204	0.23085	0.02210	0.01637	0.01740	0.03161	0.00809	0.00853	0.00197	0.16695	0.00557	0.07348	0.00787
1	0.01471	0.18638	0.02776	0.09084	0.37865	0.01651	0.16454	0.01827	0.01334	0.01800	0.01079	0.01411	0.00892	0.00531	0.00574	0.00174	0.00769	0.00525	0.00288	0.00859
2	0.01312	0.01301	0.02305	0.02795	0.43722	0.01258	0.17271	0.01659	0.01381	0.01886	0.02184	0.02414	0.16337	0.00735	0.00645	0.00189	0.00696	0.00727	0.00354	0.00829
3	0.19760	0.46060	0.02349	0.01085	0.01526	0.17578	0.00974	0.01919	0.01279	0.01711	0.00856	0.00993	0.00746	0.00546	0.00416	0.00147	0.00696	0.00336	0.00294	0.00730
4	0.07437	0.00930	0.01026	0.00834	0.01207	0.00817	0.00669	0.05400	0.01342	0.02141	0.01840	0.02279	0.07004	0.00713	0.00496	0.00138	0.00421	0.06447	0.18498	0.40362
5	0.01353	0.17436	0.02058	0.36470	0.10915	0.01600	0.01398	0.01993	0.17324	0.01776	0.01333	0.01600	0.01041	0.00624	0.00558	0.00184	0.00687	0.00523	0.00345	0.00784
6	0.07409	0.00860	0.01213	0.01441	0.17355	0.00852	0.00873	0.01423	0.03473	0.06240	0.29265	0.02838	0.04937	0.01173	0.00992	0.17330	0.00462	0.00756	0.00476	0.00631

[dist]
# distance from previous block
# <min> <max>
0	2

[block]
# block no. 18 follows, 38 sequences, length 10
# corresponding to MSA columns:
# 575-584
name=unknown_S
#
# <colnr> <probs for GDERKNQSTAVLIFYWHMCP>
#	G	D	E	R	K	N	Q	S	T	A	V	L	I	F	Y	W	H	M	C	P
0	0.01440	0.01152	0.01555	0.01403	0.01653	0.01004	0.11286	0.01504	0.01621	0.02245	0.13493	0.35600	0.11749	0.01644	0.00912	0.00298	0.00625	0.01360	0.00671	0.08783
1	0.39471	0.01614	0.01546	0.01365	0.01772	0.01699	0.01041	0.13869	0.20235	0.06710	0.01943	0.02150	0.01552	0.00998	0.00712	0.00282	0.00677	0.00640	0.00658	0.01067
2	0.01644	0.01479	0.02318	0.03243	0.60841	0.01514	0.01709	0.15724	0.01654	0.02321	0.01192	0.01480	0.00967	0.00572	0.00597	0.00179	0.00704	0.00537	0.00357	0.00967
3	0.01177	0.00893	0.01197	0.01323	0.11611	0.00819	0.00921	0.01488	0.04130	0.06825	0.05067	0.05729	0.15658	0.01139	0.00672	0.00201	0.00491	0.23546	0.00499	0.16614
4	0.01341	0.00866	0.00998	0.00918	0.01176	0.00856	0.00717	0.01890	0.19254	0.16210	0.03656	0.04116	0.25817	0.09501	0.00933	0.00250	0.00448	0.09758	0.00587	0.00708
5	0.16697	0.13226	0.42965	0.01351	0.02049	0.01459	0.01587	0.01820	0.01214	0.01992	0.00999	0.01169	0.00757	0.00547	0.00494	0.00169	0.00724	0.00395	0.00288	0.10096
6	0.01984	0.01984	0.01575	0.01348	0.01695	0.32654	0.01050	0.26083	0.09830	0.02496	0.11662	0.01810	0.01662	0.00761	0.00593	0.00174	0.00765	0.00569	0.00490	0.00816
7	0.01573	0.05712	0.46354	0.01510	0.02217	0.11884	0.01723	0.02077	0.01388	0.11706	0.01221	0.01334	0.00872	0.00589	0.00554	0.00174	0.00820	0.00446	0.00336	0.07509
8	0.01881	0.01279	0.01453	0.01151	0.01564	0.01301	0.00927	0.36290	0.04433	0.13203	0.06681	0.09979	0.01722	0.00840	0.00601	0.00174	0.00539	0.00686	0.00580	0.14716
9	0.01285	0.01049	0.01220	0.00942	0.01383	0.00877	0.00739	0.10157	0.01424	0.02110	0.01507	0.14743	0.01446	0.00730	0.00521	0.00127	0.00455	0.00615	0.00422	0.58247

[dist]
# distance from previous block
# <min> <max>
0	1

[block]
# block no. 19 follows, 38 sequences, length 11
# corresponding to MSA columns:
# 586-596
name=unknown_T
#
# <colnr> <probs for GDERKNQSTAVLIFYWHMCP>
#	G	D	E	R	K	N	Q	S	T	A	V	L	I	F	Y	W	H	M	C	P
0	0.09602	0.01320	0.01682	0.01327	0.01738	0.01373	0.09940	0.33111	0.02010	0.15888	0.01831	0.14155	0.01542	0.00874	0.00622	0.00195	0.00609	0.00745	0.00561	0.00874
1	0.01482	0.01061	0.01229	0.01210	0.07358	0.08564	0.00843	0.01690	0.01478	0.17690	0.25271	0.04293	0.05976	0.10730	0.01075	0.00242	0.07780	0.00805	0.00532	0.00690
2	0.31081	0.01170	0.01231	0.07872	0.01611	0.01264	0.00869	0.16400	0.04486	0.07997	0.04612	0.07909	0.01372	0.00749	0.00522	0.00182	0.00520	0.00576	0.00474	0.09103
3	0.01155	0.00754	0.00938	0.00918	0.01100	0.00711	0.00693	0.06716	0.01371	0.09299	0.02892	0.30438	0.08149	0.11127	0.01006	0.00266	0.00461	0.14035	0.00539	0.07431
4	0.01512	0.36301	0.34790	0.01395	0.02048	0.11220	0.01569	0.01922	0.01304	0.01637	0.00955	0.01114	0.00768	0.00553	0.00487	0.00159	0.00806	0.00384	0.00262	0.00814
5	0.05148	0.01386	0.01522	0.01250	0.01640	0.08047	0.06403	0.16162	0.19781	0.03936	0.01785	0.11221	0.01533	0.00805	0.00588	0.00176	0.00587	0.00677	0.00495	0.16860
6	0.23021	0.01829	0.16179	0.01392	0.01901	0.07709	0.10159	0.19567	0.01671	0.02558	0.04320	0.01593	0.04243	0.00670	0.00553	0.00186	0.00703	0.00528	0.00412	0.00805
7	0.40191	0.08209	0.01551	0.01117	0.01493	0.01372	0.09797	0.01696	0.01182	0.03607	0.07961	0.01470	0.01226	0.00650	0.00610	0.00181	0.07804	0.00473	0.00376	0.09033
8	0.14883	0.01579	0.01405	0.08062	0.01757	0.20034	0.00992	0.18292	0.01718	0.09771	0.01594	0.14283	0.01425	0.00857	0.00578	0.00188	0.00681	0.00671	0.00469	0.00761
9	0.08612	0.01305	0.01507	0.09207	0.10966	0.06983	0.01080	0.11750	0.11100	0.18781	0.03479	0.02150	0.08932	0.00775	0.00593	0.00188	0.00596	0.00629	0.00518	0.00851
10	0.15961	0.09938	0.43231	0.01458	0.02124	0.13988	0.01654	0.01954	0.01294	0.01928	0.00989	0.01158	0.00746	0.00572	0.00514	0.00178	0.00823	0.00402	0.00285	0.00804

[dist]
# distance from previous block
# <min> <max>
0	4

[block]
# block no. 20 follows, 38 sequences, length 25
# corresponding to MSA columns:
# 601-625
name=unknown_U
#
# <colnr> <probs for GDERKNQSTAVLIFYWHMCP>
#	G	D	E	R	K	N	Q	S	T	A	V	L	I	F	Y	W	H	M	C	P
0	0.01178	0.00992	0.05895	0.00952	0.01223	0.00864	0.00777	0.08086	0.09913	0.06225	0.22118	0.16467	0.10240	0.05539	0.00798	0.00216	0.00435	0.00985	0.00561	0.06537
1	0.01243	0.00754	0.00952	0.00873	0.01093	0.00687	0.00660	0.05353	0.01545	0.15128	0.25220	0.24989	0.09697	0.01278	0.00685	0.00199	0.00381	0.02138	0.00612	0.06514
2	0.01519	0.01127	0.01293	0.01036	0.01448	0.01068	0.00819	0.13552	0.15173	0.08902	0.06547	0.08864	0.01741	0.00771	0.00563	0.00155	0.00473	0.00642	0.00517	0.33787
3	0.26945	0.10557	0.01585	0.01133	0.01551	0.14811	0.00935	0.17427	0.01686	0.16203	0.01272	0.01296	0.00924	0.00634	0.00497	0.00173	0.00647	0.00435	0.00467	0.00823
4	0.31673	0.10655	0.01574	0.01143	0.01544	0.17483	0.00937	0.21132	0.01704	0.03688	0.02758	0.01222	0.00921	0.00629	0.00483	0.00171	0.00667	0.00418	0.00420	0.00779
5	0.01600	0.00943	0.01280	0.14440	0.01813	0.00963	0.00973	0.06613	0.06819	0.23797	0.19701	0.04500	0.02681	0.00983	0.00663	0.00203	0.00518	0.10143	0.00593	0.00774
6	0.09063	0.01624	0.10106	0.01279	0.01778	0.01522	0.01140	0.35255	0.12330	0.13485	0.01606	0.01574	0.01136	0.00694	0.00573	0.00182	0.00613	0.00531	0.00552	0.04958
7	0.01395	0.01109	0.01720	0.24781	0.25513	0.01195	0.01398	0.01858	0.07809	0.08267	0.01651	0.02320	0.01376	0.00744	0.00611	0.00196	0.00643	0.08692	0.07930	0.00791
