[name]
unknown

[dist]
# distance from previous block
# <min> <max>
0	374

[block]
# block no. 0 follows, 40 sequences, length 29
# corresponding to MSA columns:
# 594-622
name=unknown_A
#
# <colnr> <probs for GDERKNQSTAVLIFYWHMCP>
#	G	D	E	R	K	N	Q	S	T	A	V	L	I	F	Y	W	H	M	C	P
0	0.00789	0.00506	0.00697	0.00796	0.00820	0.00481	0.00531	0.00796	0.01018	0.01358	0.02618	0.58486	0.03088	0.01875	0.01151	0.22385	0.00382	0.01346	0.00463	0.00414
1	0.01075	0.02363	0.56292	0.01410	0.02076	0.01136	0.01721	0.01643	0.01340	0.01973	0.20985	0.02061	0.02007	0.00723	0.00588	0.00184	0.00703	0.00596	0.00351	0.00776
2	0.01022	0.00574	0.00628	0.00647	0.00762	0.00574	0.00475	0.02958	0.01210	0.01967	0.02150	0.13649	0.02013	0.09147	0.00754	0.00205	0.00339	0.05848	0.54556	0.00523
3	0.01217	0.00635	0.00855	0.00870	0.01015	0.00575	0.00624	0.01351	0.01261	0.21497	0.02962	0.58542	0.03203	0.01527	0.00700	0.00221	0.00379	0.01368	0.00588	0.00611
4	0.00976	0.00876	0.01602	0.01340	0.01573	0.00926	0.20270	0.01259	0.01052	0.01487	0.01456	0.02093	0.01301	0.03326	0.56786	0.00737	0.01403	0.00640	0.00307	0.00590
5	0.00770	0.00550	0.00745	0.00880	0.00940	0.00525	0.00646	0.00915	0.01174	0.01553	0.03171	0.59767	0.03713	0.01764	0.00759	0.00245	0.00390	0.20467	0.00539	0.00489
6	0.83671	0.01125	0.00855	0.00765	0.01125	0.01305	0.00630	0.01709	0.00990	0.02609	0.00810	0.00945	0.00630	0.00540	0.00360	0.00180	0.00450	0.00315	0.00360	0.00630
7	0.83671	0.01125	0.00855	0.00765	0.01125	0.01305	0.00630	0.01709	0.00990	0.02609	0.00810	0.00945	0.00630	0.00540	0.00360	0.00180	0.00450	0.00315	0.00360	0.00630
8	0.01885	0.02307	0.01674	0.21996	0.02388	0.56926	0.01255	0.02099	0.01518	0.01440	0.00935	0.01183	0.00756	0.00594	0.00540	0.00162	0.00976	0.00413	0.00289	0.00667
9	0.23012	0.00774	0.00855	0.00794	0.00920	0.00829	0.03722	0.01135	0.00936	0.01601	0.01637	0.10523	0.01798	0.44688	0.01907	0.00402	0.02864	0.00769	0.00368	0.00466
10	0.00693	0.00567	0.00612	0.00648	0.00801	0.00486	0.00468	0.00828	0.01269	0.01548	0.05173	0.25271	0.56489	0.01566	0.00702	0.00207	0.00306	0.01341	0.00540	0.00486
11	0.01453	0.01282	0.01793	0.05437	0.32872	0.01274	0.01273	0.10249	0.12761	0.02167	0.01306	0.01489	0.01038	0.00560	0.00540	0.00154	0.00584	0.00494	0.00382	0.22893
12	0.01796	0.05301	0.36291	0.01366	0.02004	0.01288	0.01494	0.11147	0.04813	0.26456	0.01545	0.01524	0.01044	0.00633	0.00561	0.00180	0.00685	0.00497	0.00458	0.00916
13	0.00797	0.00577	0.00582	0.00581	0.00759	0.00506	0.00435	0.00981	0.01306	0.01753	0.06838	0.04644	0.53830	0.01252	0.00612	0.00180	0.00288	0.01039	0.22533	0.00506
14	0.01206	0.01034	0.01206	0.00861	0.01378	0.00775	0.00689	0.01464	0.01206	0.01895	0.01034	0.01206	0.00861	0.00431	0.00431	0.00086	0.00431	0.00345	0.00345	0.83118
15	0.01322	0.01030	0.01218	0.00876	0.01387	0.00782	0.00703	0.01578	0.01244	0.08076	0.01138	0.01270	0.00909	0.00455	0.00443	0.00094	0.00436	0.00364	0.00376	0.76299
16	0.01177	0.02480	0.56406	0.01445	0.02212	0.01197	0.01758	0.01741	0.01222	0.01856	0.01041	0.01222	0.00770	0.00520	0.00520	0.00158	0.00745	0.00407	0.00272	0.22852
17	0.00848	0.00654	0.00821	0.00814	0.00987	0.00558	0.00578	0.01003	0.01175	0.01647	0.07028	0.52149	0.04808	0.01404	0.00654	0.00192	0.00358	0.01257	0.00494	0.22573
18	0.16556	0.00884	0.01081	0.00926	0.01249	0.00833	0.00730	0.02092	0.01397	0.43178	0.02273	0.22436	0.01939	0.00982	0.00587	0.00195	0.00445	0.00822	0.00607	0.00787
19	0.01876	0.02244	0.01535	0.01329	0.01674	0.53646	0.01014	0.02054	0.01498	0.01548	0.00929	0.01100	0.00780	0.00572	0.00557	0.00137	0.04109	0.00372	0.00310	0.22715
20	0.00709	0.00506	0.00675	0.00810	0.00843	0.00472	0.00540	0.00810	0.01113	0.01484	0.03205	0.79184	0.03846	0.01822	0.00742	0.00236	0.00337	0.01653	0.00540	0.00472
21	0.01206	0.01034	0.01206	0.00861	0.01378	0.00775	0.00689	0.01464	0.01206	0.01895	0.01034	0.01206	0.00861	0.00431	0.00431	0.00086	0.00431	0.00345	0.00345	0.83118
22	0.05194	0.01134	0.01263	0.03348	0.01383	0.01247	0.00820	0.37061	0.01802	0.02478	0.01493	0.02192	0.01346	0.24112	0.09778	0.02861	0.00711	0.00618	0.00456	0.00703
23	0.00703	0.00528	0.00652	0.00751	0.00828	0.00477	0.00514	0.00816	0.01170	0.01508	0.03923	0.59509	0.23057	0.01729	0.00728	0.00226	0.00326	0.01539	0.00540	0.00477
24	0.01830	0.01803	0.01533	0.01291	0.03127	0.26597	0.00993	0.21486	0.09892	0.02274	0.01235	0.01316	0.00960	0.00600	0.00523	0.00145	0.00701	0.00441	0.00420	0.22833
25	0.01023	0.00919	0.01646	0.01366	0.01606	0.00982	0.20294	0.03172	0.01097	0.01549	0.01431	0.02043	0.01271	0.03143	0.52801	0.00699	0.03406	0.00634	0.00312	0.00605
26	0.00703	0.00528	0.00652	0.00751	0.00828	0.00477	0.00514	0.00816	0.01170	0.01508	0.03923	0.59509	0.23057	0.01729	0.00728	0.00226	0.00326	0.01539	0.00540	0.00477
27	0.04007	0.00591	0.00753	0.00754	0.00872	0.00558	0.00549	0.01044	0.01478	0.02116	0.53363	0.24221	0.04860	0.01333	0.00688	0.00197	0.00298	0.01184	0.00602	0.00531
28	0.00709	0.00506	0.00675	0.00810	0.00843	0.00472	0.00540	0.00810	0.01113	0.01484	0.03205	0.79184	0.03846	0.01822	0.00742	0.00236	0.00337	0.01653	0.00540	0.00472

[dist]
# distance from previous block
# <min> <max>
4	6

[block]
# block no. 1 follows, 40 sequences, length 14
# corresponding to MSA columns:
# 629-642
name=unknown_B
#
# <colnr> <probs for GDERKNQSTAVLIFYWHMCP>
#	G	D	E	R	K	N	Q	S	T	A	V	L	I	F	Y	W	H	M	C	P
0	0.29295	0.01418	0.02557	0.01879	0.02390	0.01414	0.48990	0.01811	0.01243	0.02116	0.01052	0.01357	0.00797	0.00507	0.00576	0.00191	0.00800	0.00560	0.00316	0.00732
1	0.06856	0.01470	0.01546	0.01251	0.01664	0.01652	0.01014	0.45587	0.27109	0.03183	0.01690	0.01631	0.01234	0.00719	0.00572	0.00183	0.00567	0.00556	0.00572	0.00944
2	0.00775	0.00564	0.00730	0.00749	0.00855	0.00519	0.00539	0.00983	0.01444	0.01995	0.46486	0.29818	0.09532	0.01422	0.00705	0.00202	0.00297	0.01267	0.00600	0.00519
3	0.01206	0.01034	0.01206	0.00861	0.01378	0.00775	0.00689	0.01464	0.01206	0.01895	0.01034	0.01206	0.00861	0.00431	0.00431	0.00086	0.00431	0.00345	0.00345	0.83118
4	0.01206	0.01034	0.01206	0.00861	0.01378	0.00775	0.00689	0.01464	0.01206	0.01895	0.01034	0.01206	0.00861	0.00431	0.00431	0.00086	0.00431	0.00345	0.00345	0.83118
5	0.29295	0.01418	0.02557	0.01879	0.02390	0.01414	0.48990	0.01811	0.01243	0.02116	0.01052	0.01357	0.00797	0.00507	0.00576	0.00191	0.00800	0.00560	0.00316	0.00732
6	0.28856	0.00716	0.00736	0.00794	0.00939	0.00755	0.00570	0.01115	0.01071	0.01866	0.02392	0.52638	0.02755	0.01387	0.00613	0.00217	0.00376	0.01199	0.00479	0.00526
7	0.29842	0.01395	0.01349	0.01097	0.01505	0.05199	0.00895	0.30438	0.07619	0.13222	0.01374	0.01368	0.00980	0.00650	0.00505	0.00178	0.00561	0.00464	0.00513	0.00846
8	0.01239	0.01308	0.02609	0.39360	0.03510	0.01384	0.38623	0.01679	0.01270	0.01679	0.01107	0.01560	0.00830	0.00535	0.00635	0.00195	0.00880	0.00604	0.00277	0.00717
9	0.01218	0.00887	0.01038	0.00989	0.01169	0.00924	0.00732	0.25641	0.01663	0.02224	0.02591	0.52791	0.02877	0.01441	0.00688	0.00215	0.00440	0.01270	0.00554	0.00648
10	0.01257	0.01208	0.01540	0.01271	0.01461	0.03845	0.01043	0.01434	0.01024	0.01566	0.00899	0.01292	0.00830	0.00970	0.05083	0.00228	0.45689	0.00454	0.00289	0.28617
11	0.02346	0.01412	0.01611	0.01235	0.01695	0.01482	0.01020	0.49852	0.02371	0.28322	0.01701	0.01594	0.01142	0.00705	0.00583	0.00176	0.00591	0.00544	0.00629	0.00989
12	0.00747	0.00536	0.00710	0.00783	0.00852	0.00498	0.00543	0.00907	0.01294	0.01772	0.27777	0.53791	0.04403	0.01607	0.00723	0.00218	0.00316	0.01449	0.00574	0.00498
13	0.01214	0.01152	0.01953	0.52856	0.28410	0.01322	0.01673	0.01587	0.01218	0.01626	0.01054	0.01513	0.00825	0.00560	0.00579	0.00187	0.00747	0.00517	0.00268	0.00739

[dist]
# distance from previous block
# <min> <max>
0	4

[block]
# block no. 2 follows, 40 sequences, length 12
# corresponding to MSA columns:
# 647-658
name=unknown_C
#
# <colnr> <probs for GDERKNQSTAVLIFYWHMCP>
#	G	D	E	R	K	N	Q	S	T	A	V	L	I	F	Y	W	H	M	C	P
0	0.01272	0.01272	0.01781	0.01527	0.01527	0.01781	0.01272	0.01399	0.00891	0.01399	0.00763	0.01272	0.00763	0.01018	0.01908	0.00254	0.78499	0.00509	0.00254	0.00636
1	0.02172	0.02772	0.01648	0.01498	0.01798	0.77228	0.01124	0.02322	0.01648	0.01423	0.00899	0.01049	0.00749	0.00599	0.00524	0.00150	0.01049	0.00375	0.00300	0.00674
2	0.02005	0.02455	0.01810	0.01970	0.18685	0.59952	0.01274	0.02200	0.01574	0.01532	0.00943	0.01138	0.00788	0.00581	0.00536	0.00155	0.00967	0.00407	0.00297	0.00730
3	0.00777	0.00506	0.00694	0.00798	0.00824	0.00480	0.00532	0.00798	0.01032	0.01376	0.02705	0.61550	0.03200	0.01867	0.01091	0.19106	0.00376	0.01392	0.00474	0.00422
4	0.00709	0.00506	0.00675	0.00810	0.00843	0.00472	0.00540	0.00810	0.01113	0.01484	0.03205	0.79184	0.03846	0.01822	0.00742	0.00236	0.00337	0.01653	0.00540	0.00472
5	0.01418	0.01667	0.18471	0.01298	0.01754	0.01441	0.01209	0.06042	0.54814	0.02354	0.02021	0.01920	0.01503	0.00731	0.00582	0.00193	0.00559	0.00599	0.00512	0.00910
6	0.00835	0.00607	0.00855	0.00855	0.00931	0.00683	0.00627	0.00987	0.00911	0.01291	0.01631	0.02689	0.01630	0.24374	0.57487	0.00836	0.01293	0.00682	0.00322	0.00475
7	0.00736	0.00533	0.00734	0.00838	0.00888	0.00530	0.00582	0.00862	0.01073	0.01454	0.02830	0.61668	0.03301	0.02400	0.18171	0.00395	0.00615	0.01419	0.00488	0.00483
8	0.01206	0.01034	0.01206	0.00861	0.01378	0.00775	0.00689	0.01464	0.01206	0.01895	0.01034	0.01206	0.00861	0.00431	0.00431	0.00086	0.00431	0.00345	0.00345	0.83118
9	0.01098	0.01034	0.01744	0.78165	0.04005	0.01292	0.01615	0.01486	0.01163	0.01486	0.01034	0.01550	0.00775	0.00581	0.00581	0.00194	0.00775	0.00517	0.00258	0.00646
10	0.01166	0.03008	0.76550	0.01657	0.02517	0.01351	0.02149	0.01842	0.01228	0.01842	0.01044	0.01228	0.00737	0.00552	0.00552	0.00184	0.00859	0.00430	0.00246	0.00859
11	0.00692	0.00570	0.00609	0.00639	0.00799	0.00487	0.00464	0.00829	0.01277	0.01551	0.05279	0.22358	0.59333	0.01552	0.00700	0.00205	0.00304	0.01324	0.00540	0.00487

[dist]
# distance from previous block
# <min> <max>
0	2

[block]
# block no. 3 follows, 40 sequences, length 23
# corresponding to MSA columns:
# 661-683
name=unknown_D
#
# <colnr> <probs for GDERKNQSTAVLIFYWHMCP>
#	G	D	E	R	K	N	Q	S	T	A	V	L	I	F	Y	W	H	M	C	P
0	0.00904	0.00703	0.00845	0.00909	0.01021	0.00731	0.00641	0.01415	0.20689	0.01736	0.02983	0.58748	0.03297	0.01548	0.00702	0.00226	0.00370	0.01389	0.00554	0.00591
1	0.01878	0.02058	0.01665	0.01445	0.01680	0.39485	0.01139	0.14409	0.01600	0.01830	0.00980	0.01213	0.00821	0.00741	0.00934	0.00184	0.23559	0.00445	0.03220	0.00713
2	0.00709	0.00506	0.00675	0.00810	0.00843	0.00472	0.00540	0.00810	0.01113	0.01484	0.03205	0.79184	0.03846	0.01822	0.00742	0.00236	0.00337	0.01653	0.00540	0.00472
3	0.00764	0.00592	0.00696	0.00670	0.00833	0.00524	0.00502	0.00983	0.01507	0.02002	0.45360	0.04888	0.35962	0.01312	0.00686	0.00189	0.00283	0.01128	0.00597	0.00524
4	0.01274	0.01289	0.01927	0.04654	0.01760	0.01734	0.07745	0.01444	0.00944	0.01444	0.00811	0.01310	0.00774	0.00953	0.01747	0.00247	0.68509	0.00525	0.00258	0.00650
5	0.00789	0.00506	0.00697	0.00796	0.00821	0.00481	0.00531	0.00796	0.01019	0.01359	0.02623	0.58641	0.03094	0.01874	0.01148	0.22219	0.00382	0.01349	0.00464	0.00414
6	0.01215	0.02666	0.59191	0.01846	0.02641	0.01379	0.19164	0.01847	0.01262	0.01847	0.01075	0.01309	0.00771	0.00538	0.00584	0.00187	0.00888	0.00491	0.00257	0.00842
7	0.01443	0.02642	0.56701	0.01573	0.02328	0.01471	0.01872	0.20988	0.01627	0.02325	0.01137	0.01272	0.00804	0.00591	0.00560	0.00182	0.00801	0.00455	0.00335	0.00894
8	0.00709	0.00506	0.00675	0.00810	0.00843	0.00472	0.00540	0.00810	0.01113	0.01484	0.03205	0.79184	0.03846	0.01822	0.00742	0.00236	0.00337	0.01653	0.00540	0.00472
9	0.01944	0.01471	0.01602	0.01212	0.01691	0.01531	0.00995	0.54750	0.02329	0.03195	0.01300	0.01346	0.00955	0.00627	0.00542	0.00151	0.00584	0.00476	0.00519	0.22782
10	0.00709	0.00506	0.00675	0.00810	0.00843	0.00472	0.00540	0.00810	0.01113	0.01484	0.03205	0.79184	0.03846	0.01822	0.00742	0.00236	0.00337	0.01653	0.00540	0.00472
11	0.23009	0.01058	0.01508	0.57627	0.03241	0.01295	0.01354	0.01545	0.01117	0.01784	0.00974	0.01390	0.00737	0.00570	0.00523	0.00190	0.00689	0.00463	0.00285	0.00642
12	0.61851	0.01193	0.01254	0.01509	0.20976	0.01325	0.00936	0.01729	0.01078	0.02421	0.00885	0.01076	0.00707	0.00534	0.00417	0.00178	0.00514	0.00369	0.00341	0.00707
13	0.01916	0.02310	0.01531	0.01329	0.01686	0.56942	0.01008	0.02094	0.01531	0.01548	0.00935	0.01090	0.00779	0.00555	0.00499	0.00133	0.00885	0.00367	0.00312	0.22551
14	0.01206	0.01034	0.01206	0.00861	0.01378	0.00775	0.00689	0.01464	0.01206	0.01895	0.01034	0.01206	0.00861	0.00431	0.00431	0.00086	0.00431	0.00345	0.00345	0.83118
15	0.00709	0.00506	0.00675	0.00810	0.00843	0.00472	0.00540	0.00810	0.01113	0.01484	0.03205	0.79184	0.03846	0.01822	0.00742	0.00236	0.00337	0.01653	0.00540	0.00472
16	0.01297	0.00699	0.00929	0.00812	0.01032	0.00630	0.00630	0.01558	0.01651	0.21969	0.56169	0.03716	0.04413	0.01064	0.00659	0.00182	0.00333	0.00928	0.00661	0.00666
17	0.01191	0.00869	0.01034	0.00893	0.01117	0.00882	0.00696	0.20441	0.01935	0.02686	0.55931	0.03562	0.04293	0.01059	0.00658	0.00181	0.00371	0.00912	0.00625	0.00666
18	0.01127	0.01034	0.01601	0.57653	0.03308	0.01155	0.01369	0.01480	0.01174	0.01594	0.01034	0.01459	0.00798	0.00541	0.00541	0.00165	0.00684	0.00471	0.00281	0.22530
19	0.00885	0.00549	0.00666	0.00666	0.00672	0.00546	0.00396	0.00822	0.00837	0.01110	0.01736	0.03318	0.04025	0.56648	0.02709	0.22449	0.00540	0.00767	0.00331	0.00330
20	0.00823	0.00594	0.00777	0.00732	0.00869	0.00549	0.00549	0.01097	0.01646	0.02332	0.75629	0.04344	0.05487	0.01189	0.00686	0.00183	0.00274	0.01052	0.00640	0.00549
21	0.01444	0.01243	0.01836	0.46742	0.14064	0.01441	0.01505	0.20771	0.01604	0.02125	0.01139	0.01493	0.00854	0.00603	0.00581	0.00186	0.00727	0.00519	0.00349	0.00778
22	0.01403	0.49814	0.31815	0.01254	0.01893	0.01929	0.01446	0.01781	0.01200	0.01553	0.00900	0.01048	0.00743	0.00519	0.00443	0.00148	0.00715	0.00357	0.00248	0.00791

[dist]
# distance from previous block
# <min> <max>
0	1

[block]
# block no. 4 follows, 40 sequences, length 21
# corresponding to MSA columns:
# 685-705
name=unknown_E
#
# <colnr> <probs for GDERKNQSTAVLIFYWHMCP>
#	G	D	E	R	K	N	Q	S	T	A	V	L	I	F	Y	W	H	M	C	P
0	0.01622	0.01327	0.01404	0.01205	0.01565	0.01509	0.00953	0.21636	0.53554	0.02728	0.02226	0.02078	0.03966	0.00787	0.00592	0.00191	0.00502	0.00641	0.00587	0.00925
1	0.01183	0.01187	0.01122	0.01083	0.01238	0.20815	0.00831	0.01375	0.01122	0.01369	0.01385	0.01960	0.01269	0.03374	0.57110	0.00729	0.01424	0.00558	0.00308	0.00560
2	0.01396	0.48269	0.02233	0.01017	0.01358	0.10384	0.00897	0.01555	0.01210	0.01406	0.01447	0.21502	0.01561	0.00870	0.00526	0.00160	0.02540	0.00676	0.00331	0.00663
3	0.01206	0.01034	0.01206	0.00861	0.01378	0.00775	0.00689	0.01464	0.01206	0.01895	0.01034	0.01206	0.00861	0.00431	0.00431	0.00086	0.00431	0.00345	0.00345	0.83118
4	0.01206	0.01034	0.01206	0.00861	0.01378	0.00775	0.00689	0.01464	0.01206	0.01895	0.01034	0.01206	0.00861	0.00431	0.00431	0.00086	0.00431	0.00345	0.00345	0.83118
5	0.01521	0.01196	0.01308	0.01113	0.01434	0.01322	0.00881	0.24709	0.33123	0.02791	0.21301	0.02499	0.02504	0.00866	0.00613	0.00186	0.00468	0.00719	0.00601	0.00844
6	0.00709	0.00506	0.00675	0.00810	0.00843	0.00472	0.00540	0.00810	0.01113	0.01484	0.03205	0.79184	0.03846	0.01822	0.00742	0.00236	0.00337	0.01653	0.00540	0.00472
7	0.00942	0.00764	0.01006	0.01005	0.01149	0.00787	0.04973	0.01471	0.20500	0.01756	0.02865	0.54372	0.03127	0.01472	0.00699	0.00224	0.00408	0.01335	0.00539	0.00608
8	0.01221	0.02630	0.57350	0.01866	0.02654	0.01382	0.20969	0.01847	0.01266	0.01847	0.01078	0.01317	0.00775	0.00536	0.00588	0.00187	0.00891	0.00497	0.00258	0.00840
9	0.00753	0.00539	0.00713	0.00796	0.00861	0.00504	0.00555	0.00905	0.01256	0.01709	0.22177	0.53988	0.04204	0.03866	0.00794	0.00233	0.00337	0.04758	0.00561	0.00492
10	0.02281	0.01094	0.01363	0.01091	0.01510	0.01064	0.00886	0.06968	0.20952	0.52779	0.02262	0.01996	0.01502	0.00737	0.00586	0.00184	0.00494	0.00600	0.00678	0.00971
11	0.29437	0.01202	0.01289	0.01025	0.01449	0.01253	0.00846	0.21146	0.01721	0.32759	0.01565	0.01482	0.01052	0.00654	0.00509	0.00179	0.00518	0.00479	0.00564	0.00870
12	0.01126	0.01034	0.01603	0.57867	0.03315	0.01156	0.01372	0.01480	0.01174	0.01593	0.01034	0.01460	0.00798	0.00542	0.00542	0.00166	0.00685	0.00472	0.00281	0.22302
13	0.01386	0.01042	0.01170	0.01065	0.01313	0.01172	0.00808	0.02466	0.52001	0.05510	0.02007	0.02055	0.01559	0.01109	0.01033	0.21960	0.00474	0.00614	0.00509	0.00748
14	0.00727	0.00591	0.00644	0.00631	0.00810	0.00508	0.00473	0.00912	0.01420	0.01794	0.26360	0.05229	0.55091	0.01389	0.00687	0.00192	0.00289	0.01176	0.00569	0.00508
15	0.01642	0.01447	0.02199	0.02983	0.56470	0.01492	0.01606	0.20746	0.01694	0.02363	0.01173	0.01428	0.00939	0.00565	0.00577	0.00173	0.00677	0.00520	0.00365	0.00939
16	0.01282	0.01566	0.20920	0.01145	0.01596	0.01170	0.01128	0.17722	0.13729	0.02253	0.02972	0.02976	0.25502	0.00950	0.00616	0.00190	0.00553	0.02481	0.00480	0.00770
17	0.01410	0.01210	0.01780	0.53729	0.07538	0.01431	0.01491	0.20543	0.01585	0.02082	0.01132	0.01504	0.00840	0.00608	0.00581	0.00188	0.00735	0.00519	0.00345	0.00752
18	0.02175	0.02691	0.01655	0.01487	0.01798	0.71904	0.01122	0.07381	0.01725	0.01581	0.00934	0.01073	0.00766	0.00606	0.00528	0.00152	0.01020	0.00385	0.00320	0.00696
19	0.00715	0.00561	0.00648	0.00687	0.00818	0.00493	0.00492	0.00866	0.01301	0.01657	0.15621	0.30864	0.40109	0.01550	0.00706	0.00208	0.00306	0.01348	0.00555	0.00493
20	0.01630	0.01221	0.01380	0.01053	0.01506	0.01157	0.00848	0.29889	0.01820	0.06359	0.01421	0.07822	0.01190	0.00666	0.00524	0.00138	0.00508	0.00536	0.00473	0.39861

[dist]
# distance from previous block
# <min> <max>
0	2

[block]
# block no. 5 follows, 40 sequences, length 21
# corresponding to MSA columns:
# 708-728
name=unknown_F
#
# <colnr> <probs for GDERKNQSTAVLIFYWHMCP>
#	G	D	E	R	K	N	Q	S	T	A	V	L	I	F	Y	W	H	M	C	P
0	0.00808	0.00601	0.00886	0.00911	0.01002	0.00679	0.00692	0.00996	0.00968	0.01375	0.01865	0.16638	0.01900	0.03887	0.62977	0.00804	0.01330	0.00815	0.00354	0.00510
1	0.01498	0.01211	0.01300	0.01143	0.01462	0.01373	0.00891	0.12421	0.53942	0.04321	0.02284	0.02259	0.04028	0.04997	0.03991	0.00244	0.00532	0.00664	0.00568	0.00871
2	0.01238	0.01151	0.01684	0.04161	0.01799	0.00998	0.14417	0.01535	0.01212	0.01837	0.01041	0.01292	0.00855	0.00490	0.00591	0.00123	0.06209	0.00427	0.00325	0.58615
3	0.04506	0.00763	0.01011	0.05251	0.06583	0.00823	0.00770	0.05303	0.01178	0.01695	0.02307	0.02743	0.15204	0.05625	0.35129	0.00533	0.00952	0.00705	0.08343	0.00577
4	0.01535	0.65230	0.02724	0.01030	0.01496	0.02141	0.00981	0.01993	0.14938	0.01567	0.01099	0.01164	0.00938	0.00552	0.00414	0.00138	0.00592	0.00376	0.00313	0.00779
5	0.00743	0.00536	0.00737	0.00846	0.00898	0.00530	0.00595	0.00873	0.01092	0.01473	0.02891	0.61099	0.03374	0.02285	0.15027	0.00368	0.00575	0.05076	0.00497	0.00484
6	0.01206	0.01034	0.01206	0.00861	0.01378	0.00775	0.00689	0.01464	0.01206	0.01895	0.01034	0.01206	0.00861	0.00431	0.00431	0.00086	0.00431	0.00345	0.00345	0.83118
7	0.50937	0.01494	0.13923	0.01017	0.01484	0.01327	0.00971	0.10808	0.01318	0.10406	0.01079	0.01158	0.00778	0.00581	0.00444	0.00180	0.00548	0.00389	0.00406	0.00751
8	0.01857	0.02262	0.01524	0.01395	0.01636	0.57477	0.01060	0.02016	0.01460	0.01408	0.01012	0.01296	0.00882	0.01332	0.14947	0.00304	0.06762	0.00431	0.00299	0.00642
9	0.00709	0.00506	0.00675	0.00810	0.00843	0.00472	0.00540	0.00810	0.01113	0.01484	0.03205	0.79184	0.03846	0.01822	0.00742	0.00236	0.00337	0.01653	0.00540	0.00472
10	0.00826	0.00627	0.00794	0.00794	0.00947	0.00547	0.00566	0.00997	0.01257	0.01753	0.19017	0.45282	0.06280	0.01409	0.00670	0.00195	0.00339	0.01259	0.00526	0.15916
11	0.01179	0.01088	0.01741	0.57173	0.05804	0.01311	0.04119	0.04686	0.06578	0.01672	0.01254	0.05564	0.01023	0.00676	0.00645	0.00197	0.03700	0.00592	0.00313	0.00685
12	0.00831	0.00623	0.00935	0.00935	0.01038	0.00727	0.00727	0.01038	0.00935	0.01350	0.01558	0.02285	0.01454	0.04361	0.77259	0.00935	0.01558	0.00623	0.00312	0.00519
13	0.00709	0.00506	0.00675	0.00810	0.00843	0.00472	0.00540	0.00810	0.01113	0.01484	0.03205	0.79184	0.03846	0.01822	0.00742	0.00236	0.00337	0.01653	0.00540	0.00472
14	0.20813	0.24910	0.01824	0.01018	0.01472	0.04057	0.00884	0.19651	0.01542	0.02328	0.01000	0.01105	0.00801	0.00548	0.00437	0.00143	0.00564	0.00373	0.00377	0.16152
15	0.01158	0.15554	0.01318	0.00931	0.01133	0.01092	0.00716	0.12017	0.06689	0.01816	0.02278	0.39177	0.02503	0.09860	0.00882	0.00239	0.00469	0.01074	0.00475	0.00619
16	0.02508	0.01152	0.01450	0.01112	0.01565	0.01095	0.00918	0.20882	0.01936	0.57908	0.02066	0.01831	0.01325	0.00714	0.00584	0.00179	0.00532	0.00569	0.00685	0.00989
17	0.01846	0.01401	0.01642	0.01308	0.01696	0.01519	0.05862	0.52852	0.05042	0.03091	0.01755	0.15956	0.01545	0.00897	0.00619	0.00188	0.00600	0.00750	0.00555	0.00876
18	0.01931	0.02108	0.01975	0.02083	0.21619	0.37886	0.06164	0.15526	0.01746	0.01998	0.01062	0.01252	0.00849	0.00589	0.00560	0.00164	0.00873	0.00461	0.00349	0.00806
19	0.01324	0.00816	0.00862	0.00796	0.01015	0.00730	0.00583	0.01506	0.01357	0.02272	0.02030	0.07441	0.01734	0.00863	0.00541	0.00178	0.00395	0.00654	0.58824	0.16078
20	0.01443	0.01199	0.01368	0.01026	0.01547	0.00916	0.00793	0.01628	0.01354	0.02106	0.01273	0.01538	0.01088	0.00595	0.00537	0.00133	0.00514	0.00427	0.00426	0.80089

[dist]
# distance from previous block
# <min> <max>
9	74

# created by:
# /software/SequenceAnalysis/GenePrediction/augustus/3.0.1/scripts/msa2prfl.pl ./fixed/BUSCOvEOG73V18V.fas
