[name]
unknown

[dist]
# distance from previous block
# <min> <max>
7	98

[block]
# block no. 0 follows, 39 sequences, length 10
# corresponding to MSA columns:
# 102-111
name=unknown_A
#
# <colnr> <probs for GDERKNQSTAVLIFYWHMCP>
#	G	D	E	R	K	N	Q	S	T	A	V	L	I	F	Y	W	H	M	C	P
0	0.01186	0.01086	0.01447	0.01206	0.01407	0.01256	0.00985	0.01377	0.01025	0.01588	0.01023	0.01464	0.00943	0.01469	0.15518	0.00330	0.36909	0.00482	0.00301	0.28999
1	0.55378	0.01321	0.01182	0.00979	0.01382	0.01502	0.00807	0.26533	0.01619	0.03024	0.01029	0.01119	0.00767	0.00605	0.00444	0.00181	0.00524	0.00393	0.00444	0.00767
2	0.01344	0.01283	0.02184	0.29236	0.50858	0.01374	0.01755	0.01710	0.01290	0.01787	0.01091	0.01503	0.00886	0.00549	0.00587	0.00183	0.00732	0.00526	0.00282	0.00840
3	0.01278	0.00972	0.01058	0.00926	0.01200	0.00987	0.00739	0.26009	0.01840	0.02377	0.08242	0.04150	0.33765	0.05181	0.00792	0.00218	0.00460	0.08571	0.00560	0.00676
4	0.54851	0.00926	0.00806	0.00793	0.01045	0.01034	0.00609	0.01422	0.01050	0.02258	0.01664	0.27845	0.01770	0.00999	0.00500	0.00203	0.00418	0.00790	0.00429	0.00585
5	0.01226	0.01051	0.01226	0.00876	0.01401	0.00788	0.00701	0.01489	0.01226	0.01927	0.01051	0.01226	0.00876	0.00438	0.00438	0.00088	0.00438	0.00350	0.00350	0.82832
6	0.01156	0.00809	0.00834	0.00754	0.00988	0.00812	0.00586	0.13694	0.06456	0.02232	0.03562	0.03519	0.32114	0.01036	0.00575	0.00175	0.00363	0.00846	0.28853	0.00634
7	0.55518	0.01096	0.01043	0.00872	0.01270	0.01169	0.00719	0.02133	0.01243	0.27955	0.01345	0.01324	0.00925	0.00612	0.00445	0.00183	0.00473	0.00415	0.00492	0.00767
8	0.01442	0.01000	0.01173	0.01043	0.01311	0.01020	0.00815	0.25965	0.01767	0.07774	0.02477	0.28861	0.06033	0.01349	0.03628	0.00232	0.00529	0.06801	0.00554	0.06225
9	0.01382	0.01283	0.01995	0.02679	0.49936	0.01192	0.01430	0.01702	0.01305	0.01930	0.01091	0.01382	0.00916	0.00496	0.00535	0.00145	0.00611	0.00466	0.00313	0.29211

[dist]
# distance from previous block
# <min> <max>
0	1

[block]
# block no. 1 follows, 39 sequences, length 49
# corresponding to MSA columns:
# 113-161
name=unknown_B
#
# <colnr> <probs for GDERKNQSTAVLIFYWHMCP>
#	G	D	E	R	K	N	Q	S	T	A	V	L	I	F	Y	W	H	M	C	P
0	0.01117	0.04489	0.53159	0.01468	0.02134	0.01205	0.04438	0.01666	0.01301	0.01897	0.13280	0.04553	0.01715	0.04210	0.00700	0.00205	0.00743	0.00608	0.00332	0.00780
1	0.01446	0.01387	0.02368	0.07498	0.71800	0.01400	0.01806	0.01799	0.01338	0.01910	0.01109	0.01470	0.00929	0.00530	0.00586	0.00177	0.00707	0.00527	0.00291	0.00922
2	0.83394	0.01144	0.00869	0.00778	0.01144	0.01327	0.00640	0.01738	0.01006	0.02653	0.00823	0.00961	0.00640	0.00549	0.00366	0.00183	0.00457	0.00320	0.00366	0.00640
3	0.01629	0.71014	0.06479	0.01047	0.01567	0.02202	0.01059	0.01845	0.01235	0.06069	0.00928	0.01029	0.00802	0.00523	0.00402	0.00133	0.00636	0.00339	0.00283	0.00780
4	0.01719	0.04915	0.01515	0.01207	0.01569	0.06991	0.01000	0.35913	0.04081	0.02742	0.07586	0.02762	0.01875	0.00916	0.00623	0.00188	0.00607	0.16036	0.00531	0.07225
5	0.83394	0.01144	0.00869	0.00778	0.01144	0.01327	0.00640	0.01738	0.01006	0.02653	0.00823	0.00961	0.00640	0.00549	0.00366	0.00183	0.00457	0.00320	0.00366	0.00640
6	0.01575	0.67468	0.10515	0.01109	0.01642	0.06371	0.01139	0.01814	0.01233	0.01444	0.00852	0.00986	0.00758	0.00517	0.00407	0.00134	0.00681	0.00332	0.00256	0.00767
7	0.00920	0.00706	0.00791	0.00720	0.00979	0.00585	0.00555	0.01106	0.01348	0.05455	0.08310	0.08684	0.45968	0.01267	0.00653	0.00182	0.00350	0.04578	0.00526	0.16316
8	0.83394	0.01144	0.00869	0.00778	0.01144	0.01327	0.00640	0.01738	0.01006	0.02653	0.00823	0.00961	0.00640	0.00549	0.00366	0.00183	0.00457	0.00320	0.00366	0.00640
9	0.01242	0.01065	0.01233	0.00896	0.01410	0.00831	0.00715	0.01592	0.05799	0.01961	0.01136	0.01287	0.00934	0.00461	0.00448	0.00095	0.00440	0.00370	0.00366	0.77719
10	0.01220	0.01070	0.01364	0.08444	0.08804	0.00906	0.00893	0.01546	0.03701	0.01890	0.01352	0.01541	0.04657	0.00527	0.00485	0.00116	0.00491	0.00440	0.00355	0.60199
11	0.83394	0.01144	0.00869	0.00778	0.01144	0.01327	0.00640	0.01738	0.01006	0.02653	0.00823	0.00961	0.00640	0.00549	0.00366	0.00183	0.00457	0.00320	0.00366	0.00640
12	0.01278	0.01028	0.01213	0.00883	0.01386	0.00780	0.00703	0.01533	0.01246	0.05643	0.01202	0.04300	0.01024	0.00508	0.00458	0.00098	0.00438	0.00415	0.00377	0.75486
13	0.02020	0.13852	0.01851	0.01389	0.01723	0.51722	0.01093	0.09640	0.01701	0.01729	0.05069	0.01278	0.01054	0.00650	0.00564	0.00156	0.03014	0.00429	0.00345	0.00722
14	0.83394	0.01144	0.00869	0.00778	0.01144	0.01327	0.00640	0.01738	0.01006	0.02653	0.00823	0.00961	0.00640	0.00549	0.00366	0.00183	0.00457	0.00320	0.00366	0.00640
15	0.01278	0.20848	0.59168	0.01529	0.02317	0.01598	0.01912	0.01849	0.01238	0.01761	0.01006	0.01179	0.00751	0.00549	0.00519	0.00173	0.00818	0.00409	0.00250	0.00847
16	0.01226	0.01051	0.01226	0.00876	0.01401	0.00788	0.00701	0.01489	0.01226	0.01927	0.01051	0.01226	0.00876	0.00438	0.00438	0.00088	0.00438	0.00350	0.00350	0.82832
17	0.78034	0.04625	0.01076	0.00894	0.01272	0.01446	0.00723	0.01836	0.01113	0.02714	0.00980	0.01176	0.00794	0.00648	0.00435	0.00208	0.00517	0.00373	0.00412	0.00724
18	0.00899	0.00700	0.00769	0.00776	0.00938	0.00607	0.00553	0.01015	0.01441	0.01850	0.18646	0.17295	0.45026	0.05497	0.00885	0.00250	0.00373	0.01294	0.00605	0.00582
19	0.01376	0.01155	0.01328	0.00980	0.01508	0.00877	0.00766	0.01592	0.01319	0.02060	0.01202	0.01436	0.01019	0.00542	0.00505	0.00117	0.00491	0.00402	0.00401	0.80925
20	0.01119	0.00581	0.00601	0.00600	0.00738	0.00583	0.00449	0.01380	0.01242	0.02180	0.01935	0.02252	0.01541	0.00944	0.05202	0.00195	0.00369	0.00566	0.76956	0.00567
21	0.01218	0.03071	0.75788	0.01703	0.02576	0.01389	0.02191	0.01893	0.01268	0.01901	0.01093	0.01293	0.00780	0.00583	0.00576	0.00193	0.00883	0.00448	0.00261	0.00889
22	0.01135	0.00576	0.00576	0.00575	0.00715	0.00571	0.00429	0.01400	0.01260	0.02232	0.01957	0.02244	0.01543	0.00710	0.00428	0.00144	0.00288	0.00561	0.82087	0.00568
23	0.22551	0.01439	0.01488	0.01185	0.01621	0.01573	0.00970	0.41729	0.06684	0.12737	0.01481	0.01475	0.01053	0.00699	0.00550	0.00187	0.00582	0.00506	0.00564	0.00925
24	0.01432	0.01497	0.02886	0.02087	0.02632	0.01410	0.51444	0.05424	0.01425	0.01995	0.01188	0.01542	0.00922	0.00549	0.00725	0.00186	0.05157	0.00622	0.00333	0.16545
25	0.00790	0.00570	0.00748	0.00875	0.00938	0.00533	0.00622	0.00913	0.01201	0.01586	0.03411	0.63063	0.07803	0.01813	0.00774	0.00249	0.00384	0.12658	0.00558	0.00509
26	0.01149	0.01073	0.01793	0.77421	0.04082	0.01330	0.01651	0.01533	0.01203	0.01541	0.01083	0.01620	0.00819	0.00613	0.00605	0.00203	0.00798	0.00536	0.00274	0.00674
27	0.01479	0.01404	0.02340	0.06830	0.68639	0.01420	0.01776	0.01882	0.04667	0.01966	0.01200	0.01546	0.01000	0.00564	0.00600	0.00184	0.00706	0.00543	0.00317	0.00939
28	0.02167	0.00999	0.01297	0.01083	0.01461	0.00930	0.00886	0.02602	0.12137	0.50450	0.06522	0.02873	0.02043	0.00917	0.00646	0.00204	0.00502	0.10668	0.00691	0.00921
29	0.00749	0.00624	0.00645	0.00638	0.00834	0.00526	0.00476	0.00903	0.01403	0.01712	0.13516	0.05575	0.67364	0.01483	0.00712	0.00204	0.00309	0.01235	0.00570	0.00523
30	0.79460	0.01248	0.04137	0.00839	0.01229	0.01345	0.00721	0.01765	0.01038	0.02644	0.00867	0.01019	0.00677	0.00571	0.00389	0.00189	0.00487	0.00336	0.00372	0.00667
31	0.01231	0.02996	0.72451	0.01791	0.05878	0.01391	0.02175	0.01890	0.01273	0.01904	0.01096	0.01303	0.00789	0.00582	0.00577	0.00193	0.00875	0.00452	0.00263	0.00892
32	0.01014	0.00745	0.00989	0.01097	0.01254	0.00751	0.00943	0.01375	0.06814	0.01844	0.03222	0.06313	0.06400	0.01582	0.00808	0.00269	0.00539	0.62893	0.00559	0.00589
33	0.01611	0.79190	0.03111	0.01033	0.01540	0.02351	0.01024	0.01791	0.01222	0.01422	0.00856	0.00995	0.00790	0.00528	0.00394	0.00133	0.00643	0.00327	0.00264	0.00775
34	0.01654	0.05124	0.01356	0.01181	0.01457	0.45302	0.00893	0.01797	0.01553	0.01531	0.02815	0.02812	0.28271	0.00954	0.00602	0.00175	0.00774	0.00709	0.00404	0.00636
35	0.01255	0.01335	0.02767	0.02063	0.02518	0.01247	0.53846	0.01647	0.01373	0.01865	0.05400	0.18218	0.01805	0.00844	0.00723	0.00213	0.00830	0.00935	0.00381	0.00734
36	0.00871	0.00629	0.00814	0.00767	0.00909	0.00578	0.00573	0.01140	0.01692	0.02397	0.74866	0.04446	0.05586	0.01227	0.00710	0.00192	0.00291	0.01077	0.00660	0.00575
37	0.02127	0.01225	0.01433	0.01171	0.01578	0.01262	0.00941	0.15651	0.27467	0.34250	0.04724	0.02097	0.01670	0.00790	0.00614	0.00194	0.00521	0.00636	0.00667	0.00981
38	0.01391	0.01551	0.03288	0.02383	0.02926	0.01481	0.66088	0.01842	0.01378	0.01882	0.01300	0.05118	0.01058	0.00609	0.00776	0.00210	0.04866	0.00743	0.00320	0.00792
39	0.00754	0.00544	0.00706	0.00833	0.00880	0.00502	0.00558	0.00850	0.01165	0.01545	0.03434	0.74347	0.07956	0.01848	0.00764	0.00243	0.00352	0.01661	0.00559	0.00499
40	0.01710	0.01342	0.01441	0.01246	0.01611	0.01509	0.00985	0.17723	0.53398	0.06572	0.02243	0.02195	0.01691	0.00823	0.00619	0.00203	0.00521	0.02597	0.00614	0.00959
41	0.02029	0.01546	0.01565	0.01294	0.01698	0.08316	0.01032	0.30596	0.29839	0.12678	0.01902	0.01810	0.01379	0.00760	0.00604	0.00191	0.00609	0.00589	0.00598	0.00965
42	0.01218	0.03071	0.75788	0.01703	0.02576	0.01389	0.02191	0.01893	0.01268	0.01901	0.01093	0.01293	0.00780	0.00583	0.00576	0.00193	0.00883	0.00448	0.00261	0.00889
43	0.00760	0.00550	0.00710	0.00826	0.00880	0.00506	0.00557	0.00866	0.01196	0.01591	0.07224	0.69502	0.08982	0.01809	0.00761	0.00240	0.00348	0.01623	0.00564	0.00503
44	0.01519	0.01489	0.02379	0.06002	0.67674	0.05224	0.03143	0.01854	0.01378	0.01921	0.01134	0.01493	0.00952	0.00554	0.00599	0.00182	0.00739	0.00533	0.00304	0.00927
45	0.00894	0.00598	0.00670	0.00668	0.00672	0.00593	0.00374	0.00885	0.00882	0.01179	0.01891	0.03901	0.02174	0.78833	0.03011	0.00577	0.00584	0.00868	0.00369	0.00376
46	0.00741	0.00621	0.00637	0.00638	0.00831	0.00522	0.00474	0.00887	0.01377	0.01665	0.09517	0.08104	0.68901	0.01511	0.00714	0.00206	0.00312	0.01260	0.00564	0.00519
47	0.01494	0.01426	0.02416	0.03638	0.75168	0.01421	0.01823	0.01835	0.01366	0.01960	0.01144	0.01507	0.00967	0.00549	0.00599	0.00182	0.00712	0.00537	0.00304	0.00952
48	0.02077	0.02502	0.01763	0.01737	0.09241	0.59217	0.01221	0.04265	0.04888	0.01634	0.01040	0.01225	0.00864	0.00658	0.00636	0.00170	0.05350	0.00431	0.00333	0.00745

[dist]
# distance from previous block
# <min> <max>
0	6

[block]
# block no. 2 follows, 39 sequences, length 116
# corresponding to MSA columns:
# 168-283
name=unknown_C
#
# <colnr> <probs for GDERKNQSTAVLIFYWHMCP>
#	G	D	E	R	K	N	Q	S	T	A	V	L	I	F	Y	W	H	M	C	P
0	0.02728	0.01117	0.01468	0.01159	0.01611	0.00961	0.00931	0.02904	0.01788	0.71530	0.04911	0.02317	0.01753	0.00862	0.00673	0.00215	0.00556	0.00665	0.00778	0.01073
1	0.00831	0.00604	0.00783	0.00738	0.00880	0.00556	0.00553	0.01105	0.01660	0.02339	0.72331	0.04471	0.08484	0.01221	0.00698	0.00187	0.00280	0.01077	0.00647	0.00556
2	0.02653	0.01006	0.01372	0.01052	0.01510	0.00869	0.00869	0.02882	0.01693	0.75937	0.02333	0.02013	0.01464	0.00732	0.00595	0.00183	0.00503	0.00595	0.00732	0.01006
3	0.80335	0.04076	0.00953	0.00786	0.01158	0.01365	0.00654	0.01740	0.01014	0.02606	0.00823	0.00960	0.00645	0.00547	0.00366	0.00181	0.00464	0.00320	0.00362	0.00645
4	0.00806	0.00606	0.00747	0.00720	0.00874	0.00547	0.00545	0.01051	0.01578	0.02150	0.54680	0.04830	0.23464	0.01299	0.00702	0.00193	0.00294	0.03751	0.00621	0.00542
5	0.01206	0.01142	0.01935	0.58681	0.22489	0.01337	0.01687	0.01589	0.01225	0.01619	0.01067	0.01548	0.00827	0.00575	0.00590	0.00192	0.00766	0.00526	0.00270	0.00729
6	0.01186	0.03059	0.76153	0.01686	0.02560	0.01373	0.02185	0.01873	0.01249	0.01873	0.01061	0.01249	0.00749	0.00562	0.00562	0.00187	0.00874	0.00437	0.00250	0.00874
7	0.01471	0.01270	0.01337	0.01203	0.01538	0.01471	0.00936	0.03142	0.74459	0.02474	0.02407	0.02206	0.01805	0.00802	0.00602	0.00201	0.00468	0.00669	0.00602	0.00936
8	0.01445	0.53262	0.28220	0.01244	0.01876	0.02008	0.01415	0.01806	0.01218	0.01557	0.00904	0.01052	0.00756	0.00525	0.00442	0.00147	0.00715	0.00358	0.00252	0.00798
9	0.02005	0.01805	0.01842	0.01478	0.01879	0.16510	0.07076	0.39629	0.11756	0.02811	0.01389	0.01460	0.01039	0.00706	0.00679	0.00183	0.05837	0.00533	0.00490	0.00893
10	0.01464	0.01405	0.02400	0.03630	0.75528	0.01405	0.01815	0.01815	0.01347	0.01932	0.01112	0.01464	0.00937	0.00527	0.00585	0.00176	0.00703	0.00527	0.00293	0.00937
11	0.00773	0.00622	0.00694	0.00691	0.00867	0.00555	0.00521	0.01012	0.03976	0.01829	0.23427	0.09634	0.47560	0.01426	0.00703	0.00202	0.00313	0.04088	0.00577	0.00530
12	0.00845	0.00634	0.00950	0.00950	0.01056	0.00739	0.00739	0.01056	0.00950	0.01373	0.01584	0.02323	0.01478	0.04435	0.76873	0.00950	0.01584	0.00634	0.00317	0.00528
13	0.00721	0.00515	0.00686	0.00823	0.00858	0.00480	0.00549	0.00823	0.01132	0.01510	0.03259	0.78831	0.03911	0.01853	0.00755	0.00240	0.00343	0.01681	0.00549	0.00480
14	0.00721	0.00515	0.00686	0.00823	0.00858	0.00480	0.00549	0.00823	0.01132	0.01510	0.03259	0.78831	0.03911	0.01853	0.00755	0.00240	0.00343	0.01681	0.00549	0.00480
15	0.00837	0.00604	0.00790	0.00744	0.00883	0.00558	0.00558	0.01116	0.01674	0.02371	0.75216	0.04417	0.05580	0.01209	0.00697	0.00186	0.00279	0.01069	0.00651	0.00558
16	0.01464	0.01405	0.02400	0.03630	0.75528	0.01405	0.01815	0.01815	0.01347	0.01932	0.01112	0.01464	0.00937	0.00527	0.00585	0.00176	0.00703	0.00527	0.00293	0.00937
17	0.01186	0.03059	0.76153	0.01686	0.02560	0.01373	0.02185	0.01873	0.01249	0.01873	0.01061	0.01249	0.00749	0.00562	0.00562	0.00187	0.00874	0.00437	0.00250	0.00874
18	0.01250	0.02970	0.72918	0.01658	0.02514	0.01352	0.02128	0.01916	0.01268	0.05076	0.01116	0.01282	0.00780	0.00569	0.00563	0.00187	0.00858	0.00444	0.00271	0.00880
19	0.01438	0.01379	0.02354	0.09154	0.70206	0.01398	0.01802	0.01792	0.01334	0.01901	0.01108	0.01472	0.00926	0.00532	0.00586	0.00177	0.00709	0.00527	0.00291	0.00916
20	0.01234	0.01130	0.01833	0.65095	0.10657	0.01361	0.01620	0.06906	0.01317	0.01716	0.01084	0.01554	0.00819	0.00594	0.00591	0.00194	0.00770	0.00526	0.00290	0.00709
21	0.00847	0.00627	0.00915	0.00915	0.01008	0.00720	0.00695	0.01033	0.00940	0.01347	0.01616	0.02503	0.01556	0.13121	0.68294	0.00907	0.01467	0.00660	0.00322	0.00508
22	0.01703	0.00910	0.01189	0.04645	0.03153	0.00872	0.00828	0.05483	0.07619	0.31810	0.20819	0.06141	0.07855	0.00977	0.00642	0.00192	0.00450	0.03283	0.00635	0.00796
23	0.01499	0.63715	0.18240	0.01152	0.01734	0.02140	0.01255	0.01792	0.01211	0.01491	0.00872	0.01011	0.00757	0.00518	0.00417	0.00139	0.00682	0.00341	0.00252	0.00783
24	0.02653	0.01006	0.01372	0.01052	0.01510	0.00869	0.00869	0.02882	0.01693	0.75937	0.02333	0.02013	0.01464	0.00732	0.00595	0.00183	0.00503	0.00595	0.00732	0.01006
25	0.01344	0.01967	0.22186	0.02317	0.05013	0.01461	0.52997	0.01887	0.01356	0.01890	0.01159	0.01502	0.00860	0.00516	0.00660	0.00196	0.00957	0.00626	0.00286	0.00821
26	0.08609	0.03297	0.00896	0.00858	0.01009	0.00684	0.00623	0.01275	0.01236	0.13304	0.06206	0.53574	0.03203	0.01483	0.00679	0.00220	0.00385	0.01312	0.00556	0.00590
27	0.01652	0.01135	0.01334	0.01114	0.01407	0.01242	0.00884	0.35090	0.01857	0.08598	0.01603	0.02063	0.01338	0.11487	0.25917	0.00480	0.00935	0.00611	0.00485	0.00770
28	0.01141	0.00563	0.00572	0.00564	0.00709	0.00559	0.00425	0.01415	0.01251	0.04038	0.01939	0.02200	0.01514	0.00690	0.00418	0.00139	0.00281	0.00552	0.80467	0.00563
29	0.01382	0.01561	0.03332	0.04300	0.03010	0.01513	0.66675	0.01853	0.01357	0.01853	0.01164	0.01574	0.00886	0.00537	0.00780	0.00203	0.06259	0.00681	0.00295	0.00784
30	0.60505	0.01130	0.01019	0.03050	0.01322	0.01265	0.00733	0.02045	0.07832	0.14464	0.01219	0.01262	0.00884	0.00603	0.00431	0.00185	0.00475	0.00402	0.00444	0.00727
31	0.01117	0.01051	0.01774	0.77795	0.04073	0.01314	0.01642	0.01511	0.01182	0.01511	0.01051	0.01577	0.00788	0.00591	0.00591	0.00197	0.00788	0.00526	0.00263	0.00657
32	0.83394	0.01144	0.00869	0.00778	0.01144	0.01327	0.00640	0.01738	0.01006	0.02653	0.00823	0.00961	0.00640	0.00549	0.00366	0.00183	0.00457	0.00320	0.00366	0.00640
33	0.83394	0.01144	0.00869	0.00778	0.01144	0.01327	0.00640	0.01738	0.01006	0.02653	0.00823	0.00961	0.00640	0.00549	0.00366	0.00183	0.00457	0.00320	0.00366	0.00640
34	0.01451	0.01350	0.01466	0.01309	0.01548	0.06252	0.01042	0.02575	0.48062	0.02111	0.01922	0.02076	0.01538	0.00883	0.00951	0.00215	0.20525	0.03403	0.00492	0.00830
35	0.00721	0.00515	0.00686	0.00823	0.00858	0.00480	0.00549	0.00823	0.01132	0.01510	0.03259	0.78831	0.03911	0.01853	0.00755	0.00240	0.00343	0.01681	0.00549	0.00480
36	0.22296	0.01279	0.01359	0.01080	0.01495	0.01363	0.00888	0.32309	0.01963	0.21072	0.04710	0.01614	0.01247	0.00696	0.00534	0.00179	0.00535	0.00519	0.03986	0.00877
37	0.00943	0.00678	0.00940	0.01071	0.01209	0.00674	0.00934	0.01211	0.01361	0.01763	0.03238	0.06634	0.06091	0.01629	0.00812	0.00270	0.00535	0.68919	0.00545	0.00543
38	0.01226	0.01051	0.01226	0.00876	0.01401	0.00788	0.00701	0.01489	0.01226	0.01927	0.01051	0.01226	0.00876	0.00438	0.00438	0.00088	0.00438	0.00350	0.00350	0.82832
39	0.01438	0.01379	0.02354	0.09154	0.70206	0.01398	0.01802	0.01792	0.01334	0.01901	0.01108	0.01472	0.00926	0.00532	0.00586	0.00177	0.00709	0.00527	0.00291	0.00916
40	0.01581	0.79572	0.03099	0.01012	0.01518	0.02340	0.01012	0.01771	0.01202	0.01391	0.00822	0.00949	0.00759	0.00506	0.00379	0.00126	0.00632	0.00316	0.00253	0.00759
41	0.01276	0.06233	0.63777	0.01565	0.02377	0.01349	0.01960	0.01887	0.01266	0.05351	0.01110	0.01270	0.00793	0.00558	0.00546	0.00177	0.00813	0.00433	0.00280	0.06979
42	0.13301	0.01138	0.01328	0.03924	0.01575	0.02872	0.00886	0.05118	0.13585	0.43671	0.01972	0.01809	0.01325	0.00697	0.00556	0.00181	0.00518	0.00549	0.00612	0.04382
43	0.02408	0.01087	0.01381	0.01084	0.01519	0.01021	0.00887	0.10090	0.09800	0.57659	0.02384	0.02111	0.04215	0.00766	0.00599	0.00185	0.00507	0.00621	0.00696	0.00980
44	0.02209	0.02819	0.01676	0.01524	0.01828	0.76843	0.01143	0.02361	0.01676	0.01447	0.00914	0.01066	0.00762	0.00609	0.00533	0.00152	0.01066	0.00381	0.00305	0.00686
45	0.45227	0.01264	0.01188	0.04592	0.01492	0.05875	0.00830	0.10041	0.01425	0.21076	0.01286	0.01312	0.00903	0.00619	0.00469	0.00181	0.00543	0.00426	0.00475	0.00777
46	0.00987	0.00585	0.00784	0.00851	0.00947	0.00537	0.00593	0.01116	0.01234	0.11610	0.06595	0.64870	0.03661	0.01670	0.00730	0.00230	0.00362	0.01505	0.00579	0.00555
47	0.00807	0.00616	0.00760	0.00835	0.00978	0.00569	0.00667	0.01002	0.01330	0.01686	0.07730	0.19027	0.31480	0.01600	0.00754	0.00234	0.00401	0.28455	0.00552	0.00516
48	0.02653	0.01006	0.01372	0.01052	0.01510	0.00869	0.00869	0.02882	0.01693	0.75937	0.02333	0.02013	0.01464	0.00732	0.00595	0.00183	0.00503	0.00595	0.00732	0.01006
49	0.13373	0.04997	0.01503	0.01106	0.01555	0.01293	0.00920	0.23182	0.03287	0.40090	0.01793	0.01651	0.01192	0.00691	0.00553	0.00179	0.00545	0.00528	0.00616	0.00944
50	0.00845	0.00634	0.00950	0.00950	0.01056	0.00739	0.00739	0.01056	0.00950	0.01373	0.01584	0.02323	0.01478	0.04435	0.76873	0.00950	0.01584	0.00634	0.00317	0.00528
51	0.00724	0.00572	0.00653	0.00692	0.00829	0.00501	0.00496	0.00876	0.01320	0.01670	0.14181	0.29463	0.42779	0.01576	0.00717	0.00211	0.00311	0.01366	0.00562	0.00501
52	0.02178	0.01443	0.01453	0.01206	0.01604	0.13096	0.00960	0.10615	0.24065	0.33861	0.02033	0.01858	0.01408	0.00732	0.00587	0.00183	0.00597	0.00577	0.00610	0.00934
53	0.01377	0.08893	0.15609	0.02224	0.02860	0.01551	0.54925	0.01880	0.01354	0.01845	0.01140	0.01479	0.00860	0.00510	0.00646	0.00191	0.00943	0.00620	0.00287	0.00807
54	0.02653	0.01006	0.01372	0.01052	0.01510	0.00869	0.00869	0.02882	0.01693	0.75937	0.02333	0.02013	0.01464	0.00732	0.00595	0.00183	0.00503	0.00595	0.00732	0.01006
55	0.83394	0.01144	0.00869	0.00778	0.01144	0.01327	0.00640	0.01738	0.01006	0.02653	0.00823	0.00961	0.00640	0.00549	0.00366	0.00183	0.00457	0.00320	0.00366	0.00640
56	0.00721	0.00515	0.00686	0.00823	0.00858	0.00480	0.00549	0.00823	0.01132	0.01510	0.03259	0.78831	0.03911	0.01853	0.00755	0.00240	0.00343	0.01681	0.00549	0.00480
57	0.02363	0.01235	0.01485	0.01165	0.01609	0.01239	0.00954	0.23649	0.12567	0.44101	0.02076	0.01867	0.01379	0.00736	0.00595	0.00184	0.00541	0.00587	0.00672	0.00996
58	0.01117	0.01051	0.01774	0.77795	0.04073	0.01314	0.01642	0.01511	0.01182	0.01511	0.01051	0.01577	0.00788	0.00591	0.00591	0.00197	0.00788	0.00526	0.00263	0.00657
59	0.00972	0.00634	0.00834	0.00767	0.00930	0.00581	0.00581	0.01248	0.01675	0.07851	0.69787	0.04238	0.05273	0.01173	0.00690	0.00186	0.00296	0.01034	0.00657	0.00591
60	0.00856	0.00589	0.00724	0.00724	0.00751	0.00616	0.00456	0.00911	0.00883	0.01205	0.01791	0.03471	0.01977	0.59944	0.22046	0.00671	0.00834	0.00802	0.00348	0.00402
61	0.00699	0.00599	0.00599	0.00599	0.00799	0.00499	0.00449	0.00849	0.01348	0.01598	0.05991	0.05691	0.75288	0.01498	0.00699	0.00200	0.00300	0.01248	0.00549	0.00499
62	0.83394	0.01144	0.00869	0.00778	0.01144	0.01327	0.00640	0.01738	0.01006	0.02653	0.00823	0.00961	0.00640	0.00549	0.00366	0.00183	0.00457	0.00320	0.00366	0.00640
63	0.00708	0.00590	0.00618	0.00632	0.00809	0.00500	0.00466	0.00858	0.01337	0.01622	0.08768	0.14129	0.63881	0.01526	0.00705	0.00204	0.00304	0.01290	0.00554	0.00500
64	0.02038	0.06285	0.01891	0.01574	0.01883	0.61048	0.06530	0.02216	0.01564	0.01476	0.00919	0.01120	0.00773	0.00634	0.00662	0.00164	0.07819	0.00413	0.00298	0.00694
65	0.01581	0.79572	0.03099	0.01012	0.01518	0.02340	0.01012	0.01771	0.01202	0.01391	0.00822	0.00949	0.00759	0.00506	0.00379	0.00126	0.00632	0.00316	0.00253	0.00759
66	0.00869	0.00555	0.00743	0.00846	0.00914	0.00513	0.00581	0.00985	0.01179	0.07058	0.03188	0.71671	0.03719	0.01765	0.00744	0.00237	0.00359	0.02993	0.00563	0.00521
67	0.01200	0.06383	0.69310	0.05316	0.02586	0.01414	0.02106	0.01851	0.01243	0.01834	0.01050	0.01251	0.00751	0.00561	0.00555	0.00185	0.00859	0.00436	0.00250	0.00858
68	0.01239	0.01195	0.02086	0.50512	0.24786	0.01354	0.07129	0.01628	0.01246	0.01663	0.01080	0.01545	0.00840	0.00566	0.00598	0.00191	0.00779	0.00539	0.00274	0.00749
69	0.01186	0.03059	0.76153	0.01686	0.02560	0.01373	0.02185	0.01873	0.01249	0.01873	0.01061	0.01249	0.00749	0.00562	0.00562	0.00187	0.00874	0.00437	0.00250	0.00874
70	0.83394	0.01144	0.00869	0.00778	0.01144	0.01327	0.00640	0.01738	0.01006	0.02653	0.00823	0.00961	0.00640	0.00549	0.00366	0.00183	0.00457	0.00320	0.00366	0.00640
71	0.01852	0.07021	0.01578	0.01191	0.01540	0.03071	0.03635	0.11515	0.16703	0.25288	0.05155	0.09034	0.01735	0.00864	0.00710	0.00193	0.06791	0.00695	0.00566	0.00861
72	0.00860	0.00573	0.00645	0.00645	0.00645	0.00573	0.00358	0.00860	0.00860	0.01147	0.01863	0.03870	0.02150	0.79217	0.03010	0.00573	0.00573	0.00860	0.00358	0.00358
73	0.00944	0.00728	0.00938	0.06545	0.01210	0.00738	0.00690	0.01421	0.11540	0.02321	0.59786	0.03905	0.04710	0.01108	0.00677	0.00189	0.00343	0.00974	0.00615	0.00617
74	0.00845	0.00634	0.00950	0.00950	0.01056	0.00739	0.00739	0.01056	0.00950	0.01373	0.01584	0.02323	0.01478	0.04435	0.76873	0.00950	0.01584	0.00634	0.00317	0.00528
75	0.01935	0.01305	0.01471	0.01164	0.01549	0.01386	0.00947	0.46148	0.02361	0.12306	0.20552	0.02266	0.02241	0.00841	0.00619	0.00180	0.00537	0.00679	0.00624	0.00890
76	0.01562	0.75961	0.06547	0.01044	0.01567	0.02294	0.01067	0.01776	0.01204	0.01414	0.00833	0.00963	0.00758	0.00509	0.00388	0.00129	0.00644	0.00322	0.00253	0.00764
77	0.01108	0.01019	0.01673	0.66164	0.03622	0.01273	0.01517	0.01467	0.01165	0.01534	0.01177	0.05301	0.00968	0.00683	0.00675	0.00200	0.05525	0.00582	0.03703	0.00643
78	0.02197	0.01631	0.01746	0.01350	0.01814	0.01810	0.01112	0.68905	0.07515	0.03644	0.01485	0.01472	0.01059	0.00716	0.00592	0.00179	0.00639	0.00541	0.00592	0.01001
79	0.01295	0.01049	0.01233	0.00884	0.01407	0.00792	0.00709	0.01556	0.01249	0.05487	0.01113	0.01264	0.00904	0.00452	0.00446	0.00092	0.00441	0.00362	0.00369	0.78896
80	0.00949	0.00678	0.00948	0.01078	0.01215	0.00677	0.00941	0.01222	0.01371	0.01788	0.05372	0.06601	0.03471	0.01620	0.00813	0.00270	0.00536	0.69356	0.00548	0.00545
81	0.01418	0.01467	0.02760	0.10711	0.02815	0.01485	0.46579	0.05320	0.16998	0.02056	0.01448	0.01715	0.01083	0.00583	0.00661	0.00198	0.00845	0.00665	0.00373	0.00820
82	0.01508	0.01262	0.01338	0.01199	0.01537	0.01452	0.00934	0.03134	0.72197	0.04758	0.02405	0.02200	0.01795	0.00800	0.00602	0.00200	0.00469	0.00666	0.00606	0.00938
83	0.00860	0.00573	0.00645	0.00645	0.00645	0.00573	0.00358	0.00860	0.00860	0.01147	0.01863	0.03870	0.02150	0.79217	0.03010	0.00573	0.00573	0.00860	0.00358	0.00358
84	0.08245	0.02195	0.01658	0.01405	0.01772	0.39663	0.01102	0.30214	0.02037	0.02431	0.01102	0.01204	0.00849	0.00656	0.00584	0.00168	0.03049	0.00440	0.00420	0.00807
85	0.01403	0.01354	0.02341	0.15922	0.60631	0.01394	0.04759	0.01768	0.01321	0.01860	0.01106	0.01488	0.00910	0.00536	0.00591	0.00180	0.00729	0.00534	0.00288	0.00884
86	0.01027	0.00514	0.00770	0.00770	0.00770	0.00514	0.00514	0.00770	0.00770	0.01027	0.01027	0.01798	0.01027	0.02054	0.02311	0.82794	0.00514	0.00514	0.00257	0.00257
87	0.01156	0.01072	0.01774	0.75123	0.03995	0.01332	0.01624	0.04030	0.01238	0.01588	0.01064	0.01571	0.00796	0.00595	0.00591	0.00196	0.00784	0.00526	0.00274	0.00669
88	0.04502	0.03679	0.05511	0.01839	0.14157	0.13064	0.06920	0.37971	0.02103	0.02765	0.01225	0.01354	0.00920	0.00631	0.00577	0.00175	0.00753	0.00505	0.00445	0.00906
89	0.83394	0.01144	0.00869	0.00778	0.01144	0.01327	0.00640	0.01738	0.01006	0.02653	0.00823	0.00961	0.00640	0.00549	0.00366	0.00183	0.00457	0.00320	0.00366	0.00640
90	0.01186	0.03059	0.76153	0.01686	0.02560	0.01373	0.02185	0.01873	0.01249	0.01873	0.01061	0.01249	0.00749	0.00562	0.00562	0.00187	0.00874	0.00437	0.00250	0.00874
91	0.01226	0.01051	0.01226	0.00876	0.01401	0.00788	0.00701	0.01489	0.01226	0.01927	0.01051	0.01226	0.00876	0.00438	0.00438	0.00088	0.00438	0.00350	0.00350	0.82832
92	0.02209	0.02819	0.01676	0.01524	0.01828	0.76843	0.01143	0.02361	0.01676	0.01447	0.00914	0.01066	0.00762	0.00609	0.00533	0.00152	0.01066	0.00381	0.00305	0.00686
93	0.02162	0.08535	0.01782	0.01485	0.01805	0.71293	0.01133	0.02317	0.01641	0.01443	0.00907	0.01058	0.00762	0.00602	0.00522	0.00150	0.01034	0.00376	0.00301	0.00691
94	0.02636	0.01034	0.01389	0.01065	0.01523	0.00909	0.00880	0.05827	0.01738	0.72928	0.02295	0.01988	0.01445	0.00731	0.00595	0.00183	0.00509	0.00592	0.00726	0.01006
95	0.00864	0.00661	0.00986	0.00976	0.01077	0.00784	0.00762	0.01071	0.00949	0.01375	0.01550	0.02280	0.01449	0.04294	0.73751	0.00922	0.04774	0.00629	0.00314	0.00533
96	0.07675	0.73731	0.02933	0.00994	0.01490	0.02265	0.00984	0.01768	0.01187	0.01485	0.00822	0.00950	0.00750	0.00509	0.00378	0.00131	0.00619	0.00317	0.00261	0.00750
97	0.01319	0.28817	0.51559	0.01459	0.02209	0.01699	0.01790	0.01838	0.01233	0.01711	0.00981	0.01148	0.00752	0.00543	0.00500	0.00167	0.00793	0.00396	0.00251	0.00835
98	0.01186	0.03059	0.76153	0.01686	0.02560	0.01373	0.02185	0.01873	0.01249	0.01873	0.01061	0.01249	0.00749	0.00562	0.00562	0.00187	0.00874	0.00437	0.00250	0.00874
99	0.01581	0.79572	0.03099	0.01012	0.01518	0.02340	0.01012	0.01771	0.01202	0.01391	0.00822	0.00949	0.00759	0.00506	0.00379	0.00126	0.00632	0.00316	0.00253	0.00759
100	0.01102	0.00551	0.00551	0.00551	0.00689	0.00551	0.00413	0.01378	0.01240	0.02205	0.01929	0.02205	0.01516	0.00689	0.00413	0.00138	0.00276	0.00551	0.82500	0.00551
101	0.01092	0.00684	0.00888	0.00803	0.00991	0.00638	0.00614	0.01427	0.04930	0.11556	0.62867	0.04019	0.04898	0.01131	0.00680	0.00186	0.00315	0.00992	0.00659	0.00631
102	0.01186	0.03059	0.76153	0.01686	0.02560	0.01373	0.02185	0.01873	0.01249	0.01873	0.01061	0.01249	0.00749	0.00562	0.00562	0.00187	0.00874	0.00437	0.00250	0.00874
103	0.00903	0.00649	0.00894	0.01025	0.01146	0.00639	0.00864	0.01141	0.01321	0.01718	0.03254	0.19315	0.06006	0.01667	0.00802	0.00264	0.00501	0.56814	0.00545	0.00532
104	0.00906	0.00677	0.00850	0.00794	0.00955	0.00658	0.00599	0.01338	0.09640	0.02383	0.67247	0.04175	0.05167	0.01164	0.00687	0.00188	0.00300	0.01026	0.00646	0.00599
105	0.02569	0.01070	0.01403	0.01084	0.01537	0.00973	0.00893	0.08592	0.04927	0.66938	0.02263	0.01973	0.01442	0.00733	0.00595	0.00183	0.00514	0.00593	0.00715	0.01003
106	0.02248	0.01656	0.01775	0.01361	0.01834	0.01834	0.01124	0.73556	0.02780	0.03727	0.01420	0.01420	0.01006	0.00710	0.00592	0.00177	0.00651	0.00532	0.00592	0.01006
107	0.83394	0.01144	0.00869	0.00778	0.01144	0.01327	0.00640	0.01738	0.01006	0.02653	0.00823	0.00961	0.00640	0.00549	0.00366	0.00183	0.00457	0.00320	0.00366	0.00640
108	0.62207	0.01637	0.20271	0.01012	0.01509	0.01339	0.01039	0.01773	0.01069	0.02452	0.00885	0.01035	0.00668	0.00552	0.00416	0.00184	0.00565	0.00350	0.00336	0.00701
109	0.01027	0.00514	0.00770	0.00770	0.00770	0.00514	0.00514	0.00770	0.00770	0.01027	0.01027	0.01798	0.01027	0.02054	0.02311	0.82794	0.00514	0.00514	0.00257	0.00257
110	0.01982	0.02388	0.01554	0.01413	0.01718	0.57372	0.01066	0.02454	0.16983	0.01671	0.01468	0.01525	0.04499	0.00692	0.00555	0.00165	0.00904	0.00482	0.00379	0.00730
111	0.01581	0.79572	0.03099	0.01012	0.01518	0.02340	0.01012	0.01771	0.01202	0.01391	0.00822	0.00949	0.00759	0.00506	0.00379	0.00126	0.00632	0.00316	0.00253	0.00759
112	0.00837	0.00604	0.00790	0.00744	0.00883	0.00558	0.00558	0.01116	0.01674	0.02371	0.75216	0.04417	0.05580	0.01209	0.00697	0.00186	0.00279	0.01069	0.00651	0.00558
113	0.02592	0.03289	0.01452	0.01074	0.01534	0.00983	0.00892	0.08158	0.01760	0.68395	0.02222	0.01938	0.01409	0.00724	0.00588	0.00181	0.00518	0.00582	0.00708	0.00999
114	0.01102	0.00551	0.00551	0.00551	0.00689	0.00551	0.00413	0.01378	0.01240	0.02205	0.01929	0.02205	0.01516	0.00689	0.00413	0.00138	0.00276	0.00551	0.82500	0.00551
115	0.01266	0.01264	0.01850	0.07251	0.01790	0.01715	0.04697	0.01432	0.00957	0.01455	0.00900	0.03922	0.00888	0.01004	0.01742	0.00251	0.66132	0.00566	0.00271	0.00649

[dist]
# distance from previous block
# <min> <max>
0	4

[block]
# block no. 3 follows, 39 sequences, length 10
# corresponding to MSA columns:
# 288-297
name=unknown_D
#
# <colnr> <probs for GDERKNQSTAVLIFYWHMCP>
#	G	D	E	R	K	N	Q	S	T	A	V	L	I	F	Y	W	H	M	C	P
0	0.01030	0.00706	0.00783	0.00733	0.00791	0.00728	0.00452	0.09769	0.01095	0.01463	0.01809	0.03570	0.02010	0.69596	0.02714	0.00525	0.00583	0.00820	0.00387	0.00438
1	0.00816	0.00603	0.00776	0.00830	0.00954	0.00562	0.00643	0.01030	0.01406	0.01871	0.26747	0.22605	0.16994	0.01525	0.00743	0.00224	0.00369	0.20196	0.00580	0.00526
2	0.01102	0.00551	0.00551	0.00551	0.00689	0.00551	0.00413	0.01378	0.01240	0.02205	0.01929	0.02205	0.01516	0.00689	0.00413	0.00138	0.00276	0.00551	0.82500	0.00551
3	0.01186	0.03059	0.76153	0.01686	0.02560	0.01373	0.02185	0.01873	0.01249	0.01873	0.01061	0.01249	0.00749	0.00562	0.00562	0.00187	0.00874	0.00437	0.00250	0.00874
4	0.00860	0.00573	0.00645	0.00645	0.00645	0.00573	0.00358	0.00860	0.00860	0.01147	0.01863	0.03870	0.02150	0.79217	0.03010	0.00573	0.00573	0.00860	0.00358	0.00358
5	0.01584	0.65342	0.02855	0.01109	0.01541	0.06777	0.01054	0.01764	0.01194	0.01399	0.00822	0.00998	0.00761	0.00577	0.00580	0.00144	0.10156	0.00345	0.00257	0.00741
6	0.01464	0.01405	0.02400	0.03630	0.75528	0.01405	0.01815	0.01815	0.01347	0.01932	0.01112	0.01464	0.00937	0.00527	0.00585	0.00176	0.00703	0.00527	0.00293	0.00937
7	0.01310	0.26962	0.53330	0.01475	0.02234	0.01675	0.01818	0.01841	0.01234	0.01722	0.00987	0.01155	0.00752	0.00544	0.00505	0.00168	0.00799	0.00399	0.00251	0.00838
8	0.01849	0.05085	0.01760	0.10807	0.02025	0.34464	0.01207	0.13669	0.06633	0.01889	0.01088	0.01299	0.00878	0.00705	0.00789	0.00182	0.14101	0.00464	0.00357	0.00747
9	0.00958	0.00636	0.00840	0.00829	0.00981	0.00591	0.00646	0.01211	0.01555	0.06813	0.47752	0.11175	0.07887	0.01327	0.00718	0.00207	0.00350	0.14325	0.00623	0.00575

[dist]
# distance from previous block
# <min> <max>
0	0

# created by:
# /software/SequenceAnalysis/GenePrediction/augustus/3.0.1/scripts/msa2prfl.pl ./fixed/BUSCOvEOG7TB5S4.fas
