[name]
unknown

[dist]
# distance from previous block
# <min> <max>
0	141

[block]
# block no. 0 follows, 38 sequences, length 25
# corresponding to MSA columns:
# 156-180
name=unknown_A
#
# <colnr> <probs for GDERKNQSTAVLIFYWHMCP>
#	G	D	E	R	K	N	Q	S	T	A	V	L	I	F	Y	W	H	M	C	P
0	0.01543	0.37310	0.11833	0.02008	0.24118	0.01833	0.05429	0.01868	0.01300	0.04671	0.01053	0.01267	0.00875	0.00606	0.01804	0.00172	0.00727	0.00441	0.00293	0.00850
1	0.00822	0.00570	0.00701	0.00739	0.00780	0.00548	0.00473	0.00916	0.01142	0.01552	0.17566	0.29397	0.03523	0.36509	0.01792	0.00386	0.00441	0.01203	0.00492	0.00449
2	0.01464	0.01198	0.01364	0.00994	0.01517	0.01024	0.00803	0.16430	0.01577	0.02342	0.01147	0.01288	0.00919	0.00503	0.00478	0.00108	0.00491	0.00395	0.00408	0.65553
3	0.01750	0.63066	0.02872	0.01103	0.01611	0.02273	0.01053	0.16656	0.01557	0.01910	0.00963	0.01065	0.00824	0.00558	0.00431	0.00139	0.00647	0.00367	0.00329	0.00824
4	0.01624	0.56634	0.03119	0.01379	0.01904	0.04878	0.16018	0.05192	0.01356	0.01635	0.00948	0.01129	0.00813	0.00527	0.00469	0.00148	0.00738	0.00415	0.00285	0.00789
5	0.01247	0.01069	0.01247	0.00891	0.01426	0.00802	0.00713	0.01515	0.01247	0.01960	0.01069	0.01247	0.00891	0.00446	0.00446	0.00089	0.00446	0.00356	0.00356	0.82536
6	0.26013	0.07758	0.03913	0.02542	0.08465	0.05493	0.00957	0.10229	0.01540	0.08998	0.16500	0.01935	0.01869	0.00733	0.00533	0.00179	0.00548	0.00566	0.00467	0.00761
7	0.01244	0.01343	0.20704	0.01078	0.01468	0.00843	0.01076	0.01629	0.01575	0.13814	0.40171	0.03373	0.03601	0.01001	0.00663	0.00194	0.00494	0.04445	0.00562	0.00724
8	0.01327	0.06028	0.15472	0.05618	0.02522	0.01368	0.33070	0.01758	0.01298	0.01837	0.01113	0.01441	0.00868	0.00580	0.00704	0.02781	0.03549	0.00547	0.00299	0.17820
9	0.01009	0.00535	0.00757	0.00757	0.00757	0.00535	0.00490	0.00803	0.00803	0.01070	0.01222	0.02268	0.01283	0.18085	0.02499	0.65430	0.00535	0.00596	0.00283	0.00283
10	0.01691	0.40491	0.02833	0.06219	0.02113	0.08804	0.16076	0.11727	0.01528	0.01863	0.01023	0.01219	0.00838	0.00557	0.00511	0.00158	0.00773	0.00452	0.00320	0.00802
11	0.01171	0.00969	0.01090	0.01014	0.01278	0.01013	0.00774	0.02065	0.35094	0.02145	0.09642	0.18653	0.07181	0.01117	0.00650	0.00200	0.00420	0.04230	0.00568	0.10724
12	0.01701	0.04675	0.35532	0.01633	0.02313	0.01590	0.09283	0.28045	0.01875	0.05725	0.01276	0.01395	0.00905	0.00626	0.00593	0.00186	0.00796	0.00512	0.00408	0.00932
13	0.00935	0.00822	0.01144	0.15151	0.01626	0.00956	0.00915	0.01111	0.01155	0.01535	0.02907	0.31624	0.17437	0.01383	0.00998	0.00232	0.17936	0.01133	0.00438	0.00564
14	0.00924	0.00615	0.00792	0.00786	0.00924	0.00559	0.00574	0.01139	0.01508	0.06910	0.41921	0.26045	0.12186	0.01420	0.00720	0.00207	0.00320	0.01257	0.00626	0.00568
15	0.05066	0.01114	0.01390	0.01117	0.01508	0.01116	0.00913	0.19888	0.01814	0.39723	0.01930	0.01926	0.01347	0.01517	0.16403	0.00347	0.00776	0.00588	0.00608	0.00909
16	0.03350	0.09134	0.01779	0.06012	0.01869	0.03964	0.01097	0.36572	0.24649	0.02934	0.01648	0.01637	0.01224	0.00718	0.00578	0.00183	0.00620	0.00554	0.00538	0.00938
17	0.00976	0.02044	0.03737	0.00831	0.01032	0.00697	0.00652	0.01312	0.07902	0.06097	0.22737	0.20683	0.23390	0.04185	0.00783	0.00220	0.00374	0.01167	0.00578	0.00602
18	0.00905	0.00710	0.00837	0.00870	0.01011	0.00713	0.00625	0.01375	0.16447	0.01878	0.13617	0.40403	0.15280	0.01512	0.00718	0.00222	0.00359	0.01337	0.00584	0.00599
19	0.00821	0.00638	0.00949	0.05707	0.01209	0.00616	0.04670	0.01004	0.01285	0.01740	0.17949	0.53953	0.03962	0.01591	0.00742	0.00228	0.00401	0.01451	0.00548	0.00534
20	0.01331	0.01762	0.17942	0.15497	0.19470	0.01425	0.26732	0.01801	0.01316	0.01834	0.01132	0.01515	0.00872	0.00590	0.00698	0.02125	0.02276	0.00577	0.00284	0.00819
21	0.01485	0.01348	0.01770	0.01496	0.01599	0.01770	0.01237	0.16342	0.01332	0.01941	0.01070	0.05741	0.01020	0.01031	0.01619	0.00245	0.57281	0.00597	0.00351	0.00724
22	0.00753	0.00593	0.00679	0.00696	0.00848	0.00520	0.00507	0.00930	0.01413	0.01815	0.23711	0.20588	0.41767	0.01521	0.00722	0.00208	0.00308	0.01313	0.00586	0.00520
23	0.18325	0.03389	0.34184	0.09323	0.06445	0.01431	0.08026	0.01895	0.05366	0.02050	0.01108	0.01339	0.00830	0.00593	0.00593	0.00193	0.03324	0.00472	0.00308	0.00808
24	0.01823	0.13657	0.03335	0.01095	0.01481	0.04487	0.00925	0.06790	0.16753	0.24328	0.15230	0.02357	0.02173	0.00818	0.00591	0.00181	0.00527	0.02007	0.00581	0.00859

[dist]
# distance from previous block
# <min> <max>
6	127

# created by:
# /software/SequenceAnalysis/GenePrediction/augustus/3.0.1/scripts/msa2prfl.pl ./fixed/BUSCOvEOG7CJWXV.fas
