[name]
unknown

[dist]
# distance from previous block
# <min> <max>
2	250

[block]
# block no. 0 follows, 38 sequences, length 62
# corresponding to MSA columns:
# 292-353
name=unknown_A
#
# <colnr> <probs for GDERKNQSTAVLIFYWHMCP>
#	G	D	E	R	K	N	Q	S	T	A	V	L	I	F	Y	W	H	M	C	P
0	0.00875	0.00583	0.00656	0.00656	0.00656	0.00583	0.00365	0.00875	0.00875	0.01166	0.01895	0.03937	0.02187	0.78858	0.03062	0.00583	0.00583	0.00875	0.00365	0.00365
1	0.00847	0.00611	0.00800	0.00760	0.00898	0.00564	0.00567	0.01123	0.01680	0.02376	0.71840	0.07545	0.05606	0.01257	0.00712	0.00191	0.00286	0.01114	0.00658	0.00564
2	0.00733	0.00524	0.00698	0.00838	0.00873	0.00489	0.00558	0.00838	0.01152	0.01536	0.03316	0.78466	0.03979	0.01885	0.00768	0.00244	0.00349	0.01710	0.00558	0.00489
3	0.02287	0.01685	0.01805	0.01384	0.01866	0.01866	0.01143	0.73100	0.02828	0.03791	0.01444	0.01444	0.01023	0.00722	0.00602	0.00181	0.00662	0.00542	0.00602	0.01023
4	0.78920	0.01156	0.00911	0.00806	0.01183	0.01325	0.00664	0.01829	0.01060	0.06492	0.00918	0.01033	0.00695	0.00568	0.00384	0.00186	0.00468	0.00340	0.00392	0.00671
5	0.02247	0.02867	0.01705	0.01550	0.01860	0.76443	0.01162	0.02402	0.01705	0.01472	0.00930	0.01085	0.00775	0.00620	0.00542	0.00155	0.01085	0.00387	0.00310	0.00697
6	0.00738	0.00526	0.00697	0.00832	0.00865	0.00492	0.00552	0.00839	0.01142	0.01523	0.03268	0.75969	0.03919	0.04464	0.00845	0.00256	0.00357	0.01682	0.00552	0.00484
7	0.01316	0.01316	0.01843	0.01579	0.01579	0.01843	0.01316	0.01448	0.00921	0.01448	0.00790	0.01316	0.00790	0.01053	0.01974	0.00263	0.77757	0.00526	0.00263	0.00658
8	0.83108	0.01163	0.00884	0.00791	0.01163	0.01350	0.00651	0.01768	0.01024	0.02699	0.00838	0.00977	0.00651	0.00558	0.00372	0.00186	0.00465	0.00326	0.00372	0.00651
9	0.83108	0.01163	0.00884	0.00791	0.01163	0.01350	0.00651	0.01768	0.01024	0.02699	0.00838	0.00977	0.00651	0.00558	0.00372	0.00186	0.00465	0.00326	0.00372	0.00651
10	0.02051	0.01568	0.01672	0.01336	0.01776	0.01755	0.01086	0.52226	0.24086	0.03411	0.01744	0.01683	0.01266	0.00750	0.00605	0.00188	0.00606	0.00583	0.00605	0.01002
11	0.00851	0.00615	0.00804	0.00757	0.00899	0.00568	0.00568	0.01135	0.01703	0.02412	0.74788	0.04494	0.05676	0.01230	0.00710	0.00189	0.00284	0.01088	0.00662	0.00568
12	0.00851	0.00615	0.00804	0.00757	0.00899	0.00568	0.00568	0.01135	0.01703	0.02412	0.74788	0.04494	0.05676	0.01230	0.00710	0.00189	0.00284	0.01088	0.00662	0.00568
13	0.02699	0.01024	0.01396	0.01070	0.01536	0.00884	0.00884	0.02932	0.01722	0.75522	0.02373	0.02048	0.01489	0.00745	0.00605	0.00186	0.00512	0.00605	0.00745	0.01024
14	0.02287	0.01685	0.01805	0.01384	0.01866	0.01866	0.01143	0.73100	0.02828	0.03791	0.01444	0.01444	0.01023	0.00722	0.00602	0.00181	0.00662	0.00542	0.00602	0.01023
15	0.00859	0.00645	0.00967	0.00967	0.01074	0.00752	0.00752	0.01074	0.00967	0.01396	0.01611	0.02363	0.01504	0.04512	0.76474	0.00967	0.01611	0.00645	0.00322	0.00537
16	0.01247	0.01069	0.01247	0.00891	0.01426	0.00802	0.00713	0.01515	0.01247	0.01960	0.01069	0.01247	0.00891	0.00446	0.00446	0.00089	0.00446	0.00356	0.00356	0.82536
17	0.00873	0.00592	0.00700	0.00700	0.00715	0.00607	0.00419	0.00903	0.00888	0.01199	0.01855	0.03714	0.02090	0.68320	0.13467	0.00638	0.00729	0.00842	0.00359	0.00389
18	0.01608	0.79220	0.03152	0.01029	0.01544	0.02380	0.01029	0.01801	0.01222	0.01415	0.00836	0.00965	0.00772	0.00515	0.00386	0.00129	0.00643	0.00322	0.00257	0.00772
19	0.01608	0.79220	0.03152	0.01029	0.01544	0.02380	0.01029	0.01801	0.01222	0.01415	0.00836	0.00965	0.00772	0.00515	0.00386	0.00129	0.00643	0.00322	0.00257	0.00772
20	0.02287	0.01685	0.01805	0.01384	0.01866	0.01866	0.01143	0.73100	0.02828	0.03791	0.01444	0.01444	0.01023	0.00722	0.00602	0.00181	0.00662	0.00542	0.00602	0.01023
21	0.01653	0.01031	0.01288	0.03910	0.01539	0.00833	0.00794	0.01908	0.01383	0.23890	0.01561	0.05022	0.01207	0.00606	0.00514	0.00129	0.00475	0.00499	0.00478	0.51279
22	0.06457	0.02357	0.41408	0.01569	0.02219	0.05305	0.07259	0.12085	0.04503	0.02197	0.01371	0.08062	0.01130	0.00714	0.00592	0.00193	0.00786	0.00589	0.00359	0.00845
23	0.01316	0.01316	0.01843	0.01579	0.01579	0.01843	0.01316	0.01448	0.00921	0.01448	0.00790	0.01316	0.00790	0.01053	0.01974	0.00263	0.77757	0.00526	0.00263	0.00658
24	0.01443	0.01422	0.03962	0.02913	0.46671	0.01359	0.13654	0.06157	0.01450	0.02037	0.01453	0.05169	0.03947	0.00638	0.00619	0.00182	0.00719	0.00636	0.00342	0.05226
25	0.01947	0.01084	0.01593	0.01240	0.01662	0.01005	0.11723	0.02429	0.11923	0.38409	0.08634	0.02507	0.08063	0.00814	0.00633	0.00189	0.00543	0.00719	0.00620	0.04261
26	0.01566	0.06328	0.08927	0.01396	0.01841	0.01538	0.08768	0.11937	0.40611	0.03986	0.05251	0.01998	0.01629	0.00746	0.00608	0.00194	0.00600	0.00637	0.00526	0.00913
27	0.78780	0.05308	0.01005	0.00804	0.01184	0.01404	0.00672	0.01770	0.01034	0.02631	0.00838	0.00977	0.00658	0.00556	0.00373	0.00183	0.00475	0.00326	0.00366	0.00658
28	0.00946	0.00770	0.00885	0.00829	0.00991	0.00789	0.00624	0.04876	0.05879	0.01863	0.17021	0.08764	0.34314	0.09968	0.01088	0.00250	0.07970	0.01071	0.00532	0.00571
29	0.00859	0.00645	0.00967	0.00967	0.01074	0.00752	0.00752	0.01074	0.00967	0.01396	0.01611	0.02363	0.01504	0.04512	0.76474	0.00967	0.01611	0.00645	0.00322	0.00537
30	0.02287	0.01685	0.01805	0.01384	0.01866	0.01866	0.01143	0.73100	0.02828	0.03791	0.01444	0.01444	0.01023	0.00722	0.00602	0.00181	0.00662	0.00542	0.00602	0.01023
31	0.01400	0.01347	0.02312	0.19133	0.52958	0.01387	0.05533	0.01770	0.01332	0.01872	0.01120	0.01510	0.00916	0.00544	0.00596	0.00181	0.00737	0.00537	0.00294	0.04521
32	0.01869	0.01431	0.01536	0.01278	0.01680	0.01608	0.01023	0.30474	0.42347	0.06930	0.02052	0.01921	0.01500	0.00776	0.00608	0.00194	0.00551	0.00622	0.00615	0.00984
33	0.02094	0.08828	0.09737	0.01319	0.01848	0.01680	0.01191	0.46175	0.02285	0.11818	0.01437	0.01442	0.01020	0.00673	0.00570	0.00172	0.00653	0.00507	0.00535	0.06016
34	0.01608	0.79220	0.03152	0.01029	0.01544	0.02380	0.01029	0.01801	0.01222	0.01415	0.00836	0.00965	0.00772	0.00515	0.00386	0.00129	0.00643	0.00322	0.00257	0.00772
35	0.01608	0.79220	0.03152	0.01029	0.01544	0.02380	0.01029	0.01801	0.01222	0.01415	0.00836	0.00965	0.00772	0.00515	0.00386	0.00129	0.00643	0.00322	0.00257	0.00772
36	0.05084	0.03994	0.48330	0.01710	0.08974	0.01341	0.01806	0.05727	0.01392	0.09918	0.01343	0.05384	0.01034	0.00661	0.00576	0.00190	0.00768	0.00533	0.00350	0.00883
37	0.00820	0.00591	0.00776	0.00778	0.00892	0.00547	0.00565	0.01056	0.01557	0.02180	0.55841	0.24104	0.05226	0.01403	0.00725	0.00204	0.00301	0.01253	0.00635	0.00547
38	0.00875	0.00583	0.00656	0.00656	0.00656	0.00583	0.00365	0.00875	0.00875	0.01166	0.01895	0.03937	0.02187	0.78858	0.03062	0.00583	0.00583	0.00875	0.00365	0.00365
39	0.01350	0.01288	0.02192	0.32628	0.47252	0.01393	0.01777	0.01725	0.01304	0.01797	0.01107	0.01534	0.00894	0.00562	0.00598	0.00187	0.00749	0.00535	0.00286	0.00841
40	0.00908	0.00716	0.01060	0.01032	0.01128	0.00868	0.00812	0.01114	0.00962	0.01402	0.01524	0.02252	0.01428	0.04144	0.68556	0.00892	0.09704	0.00632	0.00316	0.00550
41	0.00733	0.00524	0.00698	0.00838	0.00873	0.00489	0.00558	0.00838	0.01152	0.01536	0.03316	0.78466	0.03979	0.01885	0.00768	0.00244	0.00349	0.01710	0.00558	0.00489
42	0.02699	0.01024	0.01396	0.01070	0.01536	0.00884	0.00884	0.02932	0.01722	0.75522	0.02373	0.02048	0.01489	0.00745	0.00605	0.00186	0.00512	0.00605	0.00745	0.01024
43	0.01356	0.01242	0.02030	0.14702	0.48191	0.01288	0.01576	0.05459	0.01387	0.01927	0.01487	0.13773	0.01415	0.00771	0.00624	0.00193	0.00667	0.00723	0.00351	0.00838
44	0.02138	0.00954	0.01254	0.01007	0.01381	0.00867	0.00814	0.05245	0.05058	0.49972	0.21537	0.02681	0.02597	0.00876	0.00633	0.00188	0.00456	0.00734	0.00711	0.00900
45	0.00859	0.00645	0.00967	0.00967	0.01074	0.00752	0.00752	0.01074	0.00967	0.01396	0.01611	0.02363	0.01504	0.04512	0.76474	0.00967	0.01611	0.00645	0.00322	0.00537
46	0.02637	0.01124	0.01458	0.01118	0.01586	0.01033	0.00923	0.13549	0.01889	0.64669	0.02233	0.01956	0.01419	0.00741	0.00604	0.00185	0.00535	0.00595	0.00723	0.01024
47	0.02024	0.01775	0.09514	0.01697	0.05933	0.01699	0.12137	0.48265	0.02332	0.06496	0.01399	0.01484	0.00998	0.00666	0.00615	0.00185	0.00734	0.00560	0.00513	0.00974
48	0.02159	0.02713	0.01743	0.01636	0.04742	0.68786	0.01199	0.02320	0.01642	0.01490	0.00929	0.01115	0.00783	0.00644	0.00635	0.00163	0.05888	0.00402	0.00307	0.00705
49	0.01374	0.01412	0.01834	0.01578	0.01597	0.06446	0.01307	0.01507	0.00970	0.01449	0.00798	0.01302	0.00789	0.01026	0.01886	0.00257	0.73026	0.00518	0.00266	0.00660
50	0.01247	0.01069	0.01247	0.00891	0.01426	0.00802	0.00713	0.01515	0.01247	0.01960	0.01069	0.01247	0.00891	0.00446	0.00446	0.00089	0.00446	0.00356	0.00356	0.82536
51	0.05261	0.00662	0.00701	0.00670	0.00885	0.00584	0.00510	0.01070	0.01430	0.05747	0.17842	0.05102	0.54670	0.01378	0.00687	0.00199	0.00321	0.01151	0.00577	0.00554
52	0.00969	0.00692	0.00969	0.01108	0.01246	0.00692	0.00969	0.01246	0.01385	0.01800	0.03185	0.06786	0.03462	0.01662	0.00831	0.00277	0.00554	0.71057	0.00554	0.00554
53	0.01419	0.01358	0.02315	0.18382	0.60966	0.01411	0.01811	0.01785	0.01337	0.01880	0.01119	0.01512	0.00923	0.00549	0.00597	0.00183	0.00732	0.00536	0.00292	0.00896
54	0.01496	0.01292	0.01360	0.01224	0.01564	0.01496	0.00952	0.03197	0.74019	0.02516	0.02448	0.02244	0.01836	0.00816	0.00612	0.00204	0.00476	0.00680	0.00612	0.00952
55	0.83108	0.01163	0.00884	0.00791	0.01163	0.01350	0.00651	0.01768	0.01024	0.02699	0.00838	0.00977	0.00651	0.00558	0.00372	0.00186	0.00465	0.00326	0.00372	0.00651
56	0.01680	0.04788	0.22104	0.01582	0.05050	0.01256	0.12354	0.02167	0.05461	0.23008	0.08839	0.01920	0.01550	0.00711	0.00685	0.00193	0.04704	0.00611	0.00465	0.00873
57	0.01247	0.01069	0.01247	0.00891	0.01426	0.00802	0.00713	0.01515	0.01247	0.01960	0.01069	0.01247	0.00891	0.00446	0.00446	0.00089	0.00446	0.00356	0.00356	0.82536
58	0.01574	0.01757	0.04709	0.06181	0.06387	0.19195	0.01361	0.04986	0.01249	0.01615	0.00901	0.01294	0.00807	0.00859	0.01357	0.00222	0.44050	0.00493	0.00292	0.00712
59	0.01121	0.00561	0.00561	0.00561	0.00701	0.00561	0.00421	0.01402	0.01262	0.02243	0.01962	0.02243	0.01542	0.00701	0.00421	0.00140	0.00280	0.00561	0.82198	0.00561
60	0.01263	0.05466	0.08836	0.00981	0.01550	0.00946	0.00882	0.01569	0.01248	0.01925	0.01058	0.01235	0.00872	0.00462	0.00455	0.00101	0.00501	0.00363	0.00341	0.69945
61	0.58944	0.17756	0.01444	0.00892	0.01304	0.01612	0.00774	0.07852	0.01220	0.02520	0.00889	0.01014	0.00709	0.00563	0.00395	0.00173	0.00520	0.00343	0.00367	0.00709

[dist]
# distance from previous block
# <min> <max>
0	1

[block]
# block no. 1 follows, 38 sequences, length 18
# corresponding to MSA columns:
# 355-372
name=unknown_B
#
# <colnr> <probs for GDERKNQSTAVLIFYWHMCP>
#	G	D	E	R	K	N	Q	S	T	A	V	L	I	F	Y	W	H	M	C	P
0	0.01180	0.02444	0.53067	0.01467	0.02204	0.01196	0.01768	0.01749	0.01298	0.01942	0.05762	0.01747	0.01229	0.00644	0.00569	0.00175	0.00750	0.04065	0.00314	0.16428
1	0.07948	0.58476	0.12346	0.01132	0.01672	0.06771	0.01164	0.01850	0.01243	0.01583	0.00874	0.01013	0.00761	0.00532	0.00419	0.00143	0.00689	0.00342	0.00269	0.00773
2	0.01207	0.03112	0.75741	0.01715	0.02604	0.01397	0.02223	0.01905	0.01270	0.01905	0.01080	0.01270	0.00762	0.00572	0.00572	0.00191	0.00889	0.00445	0.00254	0.00889
3	0.01623	0.01398	0.01418	0.01241	0.01592	0.05324	0.00973	0.13799	0.55688	0.02654	0.05919	0.02177	0.01854	0.00813	0.00612	0.00197	0.00526	0.00665	0.00598	0.00930
4	0.00875	0.00583	0.00656	0.00656	0.00656	0.00583	0.00365	0.00875	0.00875	0.01166	0.01895	0.03937	0.02187	0.78858	0.03062	0.00583	0.00583	0.00875	0.00365	0.00365
5	0.01426	0.01602	0.11230	0.03029	0.52792	0.01367	0.05385	0.01864	0.03532	0.01972	0.01163	0.01467	0.00948	0.00538	0.00583	0.00173	0.00716	0.00520	0.00308	0.09386
6	0.01620	0.66820	0.09463	0.01129	0.01661	0.07794	0.01145	0.01855	0.01262	0.01463	0.00865	0.01001	0.00771	0.00528	0.00414	0.00136	0.00698	0.00337	0.00261	0.00777
7	0.83108	0.01163	0.00884	0.00791	0.01163	0.01350	0.00651	0.01768	0.01024	0.02699	0.00838	0.00977	0.00651	0.00558	0.00372	0.00186	0.00465	0.00326	0.00372	0.00651
8	0.00711	0.00609	0.00609	0.00609	0.00813	0.00508	0.00457	0.00863	0.01371	0.01625	0.06094	0.05789	0.74862	0.01524	0.00711	0.00203	0.00305	0.01270	0.00559	0.00508
9	0.01438	0.01242	0.01304	0.01179	0.01508	0.01423	0.00915	0.03023	0.68623	0.02450	0.02719	0.02508	0.07260	0.00869	0.00619	0.00204	0.00463	0.00724	0.00608	0.00919
10	0.02247	0.02867	0.01705	0.01550	0.01860	0.76443	0.01162	0.02402	0.01705	0.01472	0.00930	0.01085	0.00775	0.00620	0.00542	0.00155	0.01085	0.00387	0.00310	0.00697
11	0.83108	0.01163	0.00884	0.00791	0.01163	0.01350	0.00651	0.01768	0.01024	0.02699	0.00838	0.00977	0.00651	0.00558	0.00372	0.00186	0.00465	0.00326	0.00372	0.00651
12	0.02699	0.01024	0.01396	0.01070	0.01536	0.00884	0.00884	0.02932	0.01722	0.75522	0.02373	0.02048	0.01489	0.00745	0.00605	0.00186	0.00512	0.00605	0.00745	0.01024
13	0.01362	0.01428	0.05939	0.05423	0.06597	0.01638	0.15032	0.01627	0.01103	0.04043	0.01003	0.01459	0.00872	0.00987	0.04185	0.00263	0.45459	0.00565	0.00291	0.00726
14	0.01045	0.00522	0.00784	0.00784	0.00784	0.00522	0.00522	0.00784	0.00784	0.01045	0.01045	0.01829	0.01045	0.02090	0.02351	0.82497	0.00522	0.00522	0.00261	0.00261
15	0.00859	0.00645	0.00967	0.00967	0.01074	0.00752	0.00752	0.01074	0.00967	0.01396	0.01611	0.02363	0.01504	0.04512	0.76474	0.00967	0.01611	0.00645	0.00322	0.00537
16	0.01608	0.79220	0.03152	0.01029	0.01544	0.02380	0.01029	0.01801	0.01222	0.01415	0.00836	0.00965	0.00772	0.00515	0.00386	0.00129	0.00643	0.00322	0.00257	0.00772
17	0.00851	0.00615	0.00804	0.00757	0.00899	0.00568	0.00568	0.01135	0.01703	0.02412	0.74788	0.04494	0.05676	0.01230	0.00710	0.00189	0.00284	0.01088	0.00662	0.00568

[dist]
# distance from previous block
# <min> <max>
0	1

[block]
# block no. 2 follows, 38 sequences, length 31
# corresponding to MSA columns:
# 374-404
name=unknown_C
#
# <colnr> <probs for GDERKNQSTAVLIFYWHMCP>
#	G	D	E	R	K	N	Q	S	T	A	V	L	I	F	Y	W	H	M	C	P
0	0.01301	0.02403	0.49290	0.01493	0.02255	0.01216	0.04437	0.01853	0.01292	0.05634	0.01147	0.01317	0.00839	0.00544	0.00545	0.00164	0.00756	0.00439	0.00308	0.22767
1	0.83108	0.01163	0.00884	0.00791	0.01163	0.01350	0.00651	0.01768	0.01024	0.02699	0.00838	0.00977	0.00651	0.00558	0.00372	0.00186	0.00465	0.00326	0.00372	0.00651
2	0.83108	0.01163	0.00884	0.00791	0.01163	0.01350	0.00651	0.01768	0.01024	0.02699	0.00838	0.00977	0.00651	0.00558	0.00372	0.00186	0.00465	0.00326	0.00372	0.00651
3	0.00969	0.00692	0.00969	0.01108	0.01246	0.00692	0.00969	0.01246	0.01385	0.01800	0.03185	0.06786	0.03462	0.01662	0.00831	0.00277	0.00554	0.71057	0.00554	0.00554
4	0.01420	0.01623	0.03550	0.02535	0.03144	0.01521	0.72921	0.01927	0.01420	0.01927	0.01217	0.01623	0.00913	0.00507	0.00710	0.00203	0.01014	0.00710	0.00304	0.00811
5	0.01608	0.79220	0.03152	0.01029	0.01544	0.02380	0.01029	0.01801	0.01222	0.01415	0.00836	0.00965	0.00772	0.00515	0.00386	0.00129	0.00643	0.00322	0.00257	0.00772
6	0.00861	0.00639	0.00937	0.00937	0.01034	0.00736	0.00714	0.01055	0.00958	0.01374	0.01639	0.02516	0.01570	0.11742	0.69335	0.00930	0.01511	0.00667	0.00326	0.00520
7	0.02247	0.02867	0.01705	0.01550	0.01860	0.76443	0.01162	0.02402	0.01705	0.01472	0.00930	0.01085	0.00775	0.00620	0.00542	0.00155	0.01085	0.00387	0.00310	0.00697
8	0.00859	0.00645	0.00967	0.00967	0.01074	0.00752	0.00752	0.01074	0.00967	0.01396	0.01611	0.02363	0.01504	0.04512	0.76474	0.00967	0.01611	0.00645	0.00322	0.00537
9	0.00807	0.00594	0.00757	0.00771	0.00894	0.00544	0.00566	0.01027	0.01505	0.02059	0.44597	0.23835	0.14288	0.01454	0.00729	0.00209	0.00314	0.03894	0.00618	0.00539
10	0.01090	0.00668	0.01002	0.01038	0.04814	0.00734	0.00695	0.00931	0.00840	0.01158	0.01049	0.01779	0.01034	0.02014	0.06041	0.64507	0.09451	0.00530	0.00267	0.00358
11	0.28282	0.01093	0.01248	0.00993	0.01430	0.01069	0.00820	0.05191	0.01541	0.49650	0.01850	0.01684	0.01205	0.00684	0.00531	0.00186	0.00503	0.00514	0.00621	0.00905
12	0.02217	0.06612	0.01779	0.01519	0.01844	0.70555	0.01155	0.04478	0.01714	0.01539	0.00941	0.01090	0.00782	0.00618	0.00536	0.00154	0.01050	0.00389	0.00316	0.00711
13	0.01121	0.00561	0.00561	0.00561	0.00701	0.00561	0.00421	0.01402	0.01262	0.02243	0.01962	0.02243	0.01542	0.00701	0.00421	0.00140	0.00280	0.00561	0.82198	0.00561
14	0.00844	0.00570	0.00665	0.00696	0.00704	0.00562	0.00407	0.00867	0.00936	0.01247	0.02207	0.20270	0.02580	0.61989	0.02559	0.00509	0.00532	0.01058	0.00407	0.00392
15	0.01207	0.03112	0.75741	0.01715	0.02604	0.01397	0.02223	0.01905	0.01270	0.01905	0.01080	0.01270	0.00762	0.00572	0.00572	0.00191	0.00889	0.00445	0.00254	0.00889
16	0.00723	0.00610	0.00627	0.00622	0.00820	0.00513	0.00467	0.00887	0.01401	0.01695	0.12170	0.05675	0.68743	0.01498	0.00711	0.00202	0.00303	0.01254	0.00568	0.00513
17	0.01496	0.01292	0.01360	0.01224	0.01564	0.01496	0.00952	0.03197	0.74019	0.02516	0.02448	0.02244	0.01836	0.00816	0.00612	0.00204	0.00476	0.00680	0.00612	0.00952
18	0.00799	0.00565	0.00744	0.00856	0.00909	0.00541	0.00604	0.00927	0.01179	0.01570	0.06276	0.52429	0.03718	0.12377	0.01091	0.00294	0.00414	0.13683	0.00536	0.00487
19	0.01207	0.03112	0.75741	0.01715	0.02604	0.01397	0.02223	0.01905	0.01270	0.01905	0.01080	0.01270	0.00762	0.00572	0.00572	0.00191	0.00889	0.00445	0.00254	0.00889
20	0.00733	0.00524	0.00698	0.00838	0.00873	0.00489	0.00558	0.00838	0.01152	0.01536	0.03316	0.78466	0.03979	0.01885	0.00768	0.00244	0.00349	0.01710	0.00558	0.00489
21	0.02287	0.01685	0.01805	0.01384	0.01866	0.01866	0.01143	0.73100	0.02828	0.03791	0.01444	0.01444	0.01023	0.00722	0.00602	0.00181	0.00662	0.00542	0.00602	0.01023
22	0.01121	0.00561	0.00561	0.00561	0.00701	0.00561	0.00421	0.01402	0.01262	0.02243	0.01962	0.02243	0.01542	0.00701	0.00421	0.00140	0.00280	0.00561	0.82198	0.00561
23	0.01121	0.00561	0.00561	0.00561	0.00701	0.00561	0.00421	0.01402	0.01262	0.02243	0.01962	0.02243	0.01542	0.00701	0.00421	0.00140	0.00280	0.00561	0.82198	0.00561
24	0.01489	0.01429	0.02442	0.03692	0.75106	0.01429	0.01846	0.01846	0.01370	0.01965	0.01132	0.01489	0.00953	0.00536	0.00596	0.00179	0.00715	0.00536	0.00298	0.00953
25	0.00905	0.00712	0.01055	0.01028	0.01125	0.00861	0.00809	0.01112	0.00962	0.01402	0.01529	0.02258	0.01432	0.04165	0.68997	0.00896	0.09254	0.00633	0.00316	0.00549
26	0.01247	0.01069	0.01247	0.00891	0.01426	0.00802	0.00713	0.01515	0.01247	0.01960	0.01069	0.01247	0.00891	0.00446	0.00446	0.00089	0.00446	0.00356	0.00356	0.82536
27	0.01249	0.01047	0.01228	0.00919	0.01406	0.00823	0.00735	0.04294	0.01312	0.02003	0.01304	0.05364	0.01182	0.00590	0.00488	0.00110	0.00455	0.04080	0.00386	0.71022
28	0.02618	0.01072	0.01416	0.01095	0.01555	0.00966	0.00901	0.06649	0.05360	0.68121	0.02328	0.02025	0.01482	0.00747	0.00605	0.00187	0.00518	0.00605	0.00730	0.01020
29	0.02307	0.01653	0.01785	0.01369	0.01849	0.01818	0.01131	0.69679	0.02774	0.07288	0.01490	0.01474	0.01046	0.00723	0.00602	0.00181	0.00655	0.00545	0.00609	0.01023
30	0.01367	0.02007	0.22598	0.02377	0.06631	0.01484	0.50627	0.01917	0.01378	0.01923	0.01176	0.01523	0.00875	0.00526	0.00668	0.00198	0.00966	0.00631	0.00291	0.00839

[dist]
# distance from previous block
# <min> <max>
0	1

[block]
# block no. 3 follows, 38 sequences, length 8
# corresponding to MSA columns:
# 406-413
name=unknown_D
#
# <colnr> <probs for GDERKNQSTAVLIFYWHMCP>
#	G	D	E	R	K	N	Q	S	T	A	V	L	I	F	Y	W	H	M	C	P
0	0.01394	0.10850	0.04554	0.40889	0.09032	0.01440	0.10612	0.01770	0.01293	0.07734	0.01172	0.01531	0.00883	0.00578	0.00582	0.00184	0.00768	0.00527	0.00316	0.03890
1	0.01464	0.01678	0.09030	0.06743	0.13009	0.01512	0.44896	0.07263	0.04415	0.02071	0.01252	0.01586	0.00945	0.00550	0.00664	0.00197	0.00902	0.00640	0.00332	0.00851
2	0.01207	0.03112	0.75741	0.01715	0.02604	0.01397	0.02223	0.01905	0.01270	0.01905	0.01080	0.01270	0.00762	0.00572	0.00572	0.00191	0.00889	0.00445	0.00254	0.00889
3	0.01045	0.00522	0.00784	0.00784	0.00784	0.00522	0.00522	0.00784	0.00784	0.01045	0.01045	0.01829	0.01045	0.02090	0.02351	0.82497	0.00522	0.00522	0.00261	0.00261
4	0.01330	0.15903	0.49681	0.10905	0.02566	0.06125	0.01885	0.01872	0.01280	0.01749	0.01027	0.01248	0.00769	0.00568	0.00542	0.00179	0.00848	0.00431	0.00260	0.00830
5	0.01799	0.02152	0.01430	0.01356	0.01593	0.52565	0.01019	0.01960	0.01533	0.01501	0.01531	0.13817	0.01541	0.01218	0.06860	0.00245	0.00973	0.05899	0.00368	0.00641
6	0.02247	0.02867	0.01705	0.01550	0.01860	0.76443	0.01162	0.02402	0.01705	0.01472	0.00930	0.01085	0.00775	0.00620	0.00542	0.00155	0.01085	0.00387	0.00310	0.00697
7	0.01145	0.01321	0.10906	0.68094	0.03954	0.01344	0.01739	0.01582	0.01211	0.01582	0.01071	0.01563	0.00797	0.00598	0.00598	0.00199	0.00813	0.00524	0.00266	0.00695

[dist]
# distance from previous block
# <min> <max>
10	1024

# created by:
# /software/SequenceAnalysis/GenePrediction/augustus/3.0.1/scripts/msa2prfl.pl ./fixed/BUSCOvEOG7WSXPS.fas
