[name]
unknown

[dist]
# distance from previous block
# <min> <max>
1	27

[block]
# block no. 0 follows, 39 sequences, length 12
# corresponding to MSA columns:
# 29-40
name=unknown_A
#
# <colnr> <probs for GDERKNQSTAVLIFYWHMCP>
#	G	D	E	R	K	N	Q	S	T	A	V	L	I	F	Y	W	H	M	C	P
0	0.08329	0.01094	0.05331	0.01130	0.01442	0.01005	0.07360	0.13455	0.04225	0.08299	0.04414	0.30097	0.05234	0.01127	0.00641	0.00202	0.00511	0.00991	0.00512	0.04603
1	0.01296	0.05969	0.01293	0.10649	0.04948	0.08142	0.00878	0.07430	0.01304	0.05689	0.01851	0.24863	0.01925	0.07424	0.01049	0.11628	0.00580	0.00872	0.00415	0.01796
2	0.01561	0.01125	0.01291	0.01126	0.01443	0.01217	0.00881	0.05882	0.38963	0.13945	0.02258	0.12580	0.01866	0.00914	0.00684	0.00196	0.04883	0.00754	0.00574	0.07858
3	0.01309	0.01045	0.01251	0.04479	0.01487	0.00893	0.00766	0.09522	0.01337	0.01987	0.01089	0.01343	0.00907	0.00699	0.00721	0.11520	0.00489	0.00402	0.00361	0.58394
4	0.01225	0.00982	0.04715	0.05246	0.01470	0.00884	0.03779	0.07626	0.07625	0.08679	0.03873	0.35563	0.03803	0.01190	0.00653	0.00200	0.00480	0.01057	0.00512	0.10440
5	0.17159	0.04547	0.21102	0.01361	0.05208	0.01321	0.01285	0.02891	0.04715	0.10855	0.01367	0.01799	0.01114	0.00739	0.00730	0.00195	0.11323	0.06518	0.00385	0.05384
6	0.01555	0.44871	0.17444	0.01362	0.05772	0.10177	0.01299	0.01975	0.07521	0.01616	0.01031	0.01157	0.00856	0.00555	0.00463	0.00151	0.00718	0.00389	0.00290	0.00799
7	0.00811	0.00569	0.00798	0.00965	0.04936	0.00540	0.00614	0.00889	0.01128	0.01521	0.07378	0.59262	0.03456	0.01767	0.00957	0.11629	0.00382	0.01418	0.00501	0.00479
8	0.01439	0.35773	0.19074	0.11777	0.02070	0.01717	0.01330	0.01846	0.05201	0.06621	0.01234	0.05683	0.01045	0.00649	0.00530	0.00167	0.02251	0.00492	0.00322	0.00779
9	0.01174	0.08418	0.26769	0.35219	0.02993	0.01408	0.03157	0.01618	0.01191	0.01624	0.01147	0.05793	0.00952	0.00671	0.00657	0.00194	0.05465	0.00547	0.00274	0.00731
10	0.01017	0.00826	0.01109	0.11532	0.01474	0.04344	0.05303	0.01229	0.01319	0.03847	0.26110	0.14830	0.03217	0.18665	0.01202	0.00283	0.00519	0.02146	0.00478	0.00549
11	0.00921	0.00766	0.01301	0.01163	0.01337	0.00844	0.10766	0.01172	0.01012	0.01445	0.01531	0.02223	0.01398	0.03892	0.66358	0.00847	0.01503	0.00642	0.00314	0.00565

[dist]
# distance from previous block
# <min> <max>
62	444

[block]
# block no. 1 follows, 39 sequences, length 7
# corresponding to MSA columns:
# 520-526
name=unknown_B
#
# <colnr> <probs for GDERKNQSTAVLIFYWHMCP>
#	G	D	E	R	K	N	Q	S	T	A	V	L	I	F	Y	W	H	M	C	P
0	0.17064	0.01007	0.01247	0.00984	0.01406	0.00933	0.00809	0.02570	0.01568	0.58313	0.06465	0.01969	0.01564	0.00728	0.00560	0.00183	0.00481	0.00574	0.00661	0.00914
1	0.01091	0.00794	0.00968	0.00855	0.01054	0.00787	0.00660	0.14144	0.01873	0.02615	0.61944	0.03878	0.04757	0.01119	0.00678	0.00184	0.00346	0.00973	0.00640	0.00639
2	0.01769	0.15705	0.10834	0.04838	0.09251	0.01692	0.05324	0.29926	0.04995	0.05676	0.01426	0.01519	0.03134	0.00649	0.00559	0.00173	0.00680	0.00520	0.00436	0.00895
3	0.83394	0.01144	0.00869	0.00778	0.01144	0.01327	0.00640	0.01738	0.01006	0.02653	0.00823	0.00961	0.00640	0.00549	0.00366	0.00183	0.00457	0.00320	0.00366	0.00640
4	0.01144	0.01105	0.01943	0.70356	0.03976	0.01332	0.08729	0.01549	0.01204	0.01549	0.01065	0.01578	0.00799	0.00582	0.00602	0.00197	0.00809	0.00543	0.00266	0.00671
5	0.15945	0.01112	0.01727	0.56467	0.07161	0.01330	0.04972	0.01586	0.01170	0.01757	0.01020	0.01461	0.00775	0.00576	0.00556	0.00194	0.00735	0.00497	0.00285	0.00675
6	0.83394	0.01144	0.00869	0.00778	0.01144	0.01327	0.00640	0.01738	0.01006	0.02653	0.00823	0.00961	0.00640	0.00549	0.00366	0.00183	0.00457	0.00320	0.00366	0.00640

[dist]
# distance from previous block
# <min> <max>
0	53

# created by:
# /software/SequenceAnalysis/GenePrediction/augustus/3.0.1/scripts/msa2prfl.pl ./fixed/BUSCOvEOG7C8969.fas
