[name]
unknown

[dist]
# distance from previous block
# <min> <max>
0	99

[block]
# block no. 0 follows, 40 sequences, length 55
# corresponding to MSA columns:
# 112-166
name=unknown_A
#
# <colnr> <probs for GDERKNQSTAVLIFYWHMCP>
#	G	D	E	R	K	N	Q	S	T	A	V	L	I	F	Y	W	H	M	C	P
0	0.01456	0.69264	0.02743	0.00960	0.01409	0.02066	0.00935	0.01655	0.01244	0.01498	0.10853	0.01391	0.01383	0.00590	0.00415	0.00132	0.00575	0.00410	0.00301	0.00720
1	0.02182	0.01615	0.01729	0.01332	0.01793	0.01790	0.01098	0.71367	0.05409	0.03619	0.01432	0.01425	0.01018	0.00701	0.00582	0.00175	0.00633	0.00529	0.00582	0.00986
2	0.00811	0.00618	0.00888	0.00888	0.01004	0.00695	0.00689	0.01011	0.00987	0.01380	0.02139	0.02729	0.11422	0.03974	0.66979	0.00835	0.01388	0.00704	0.00342	0.00515
3	0.01610	0.69676	0.05986	0.01051	0.01552	0.06266	0.01045	0.01816	0.01226	0.04091	0.00877	0.00989	0.00771	0.00513	0.00396	0.00130	0.00650	0.00329	0.00268	0.00756
4	0.00797	0.00593	0.00742	0.00705	0.00853	0.00538	0.00528	0.01048	0.01585	0.02188	0.62441	0.04581	0.18764	0.01243	0.00686	0.00185	0.00278	0.01085	0.00621	0.00538
5	0.01387	0.01220	0.01437	0.07301	0.04806	0.01440	0.01042	0.05199	0.49476	0.02221	0.04361	0.02087	0.03271	0.00817	0.00772	0.00202	0.10969	0.00641	0.00508	0.00842
6	0.00849	0.00774	0.06412	0.00800	0.00991	0.00608	0.00668	0.01153	0.01615	0.02295	0.70082	0.04112	0.05134	0.01142	0.00676	0.00183	0.00318	0.01005	0.00611	0.00572
7	0.11820	0.43419	0.16954	0.01130	0.01671	0.01869	0.01176	0.07220	0.04032	0.04526	0.01010	0.01110	0.00811	0.00547	0.00438	0.00151	0.00638	0.00373	0.00316	0.00787
8	0.01215	0.05439	0.71521	0.01631	0.02458	0.04114	0.02075	0.01856	0.01241	0.01812	0.01031	0.01212	0.00737	0.00552	0.00546	0.00181	0.00859	0.00424	0.00248	0.00849
9	0.01356	0.16307	0.44456	0.01459	0.02103	0.07458	0.01663	0.02010	0.11127	0.01786	0.01157	0.01290	0.00880	0.00598	0.00581	0.00176	0.04037	0.00438	0.00297	0.00824
10	0.00707	0.00512	0.00668	0.00793	0.00839	0.00474	0.00533	0.00812	0.01129	0.01491	0.03405	0.73711	0.09190	0.01796	0.00738	0.00233	0.00334	0.01621	0.00540	0.00474
11	0.83671	0.01125	0.00855	0.00765	0.01125	0.01305	0.00630	0.01709	0.00990	0.02609	0.00810	0.00945	0.00630	0.00540	0.00360	0.00180	0.00450	0.00315	0.00360	0.00630
12	0.01316	0.32633	0.48235	0.01402	0.02122	0.01717	0.01704	0.01803	0.01210	0.01659	0.00953	0.01114	0.00740	0.00531	0.00483	0.00161	0.00768	0.00384	0.00247	0.00816
13	0.00690	0.00578	0.00601	0.00619	0.00793	0.00488	0.00455	0.00831	0.01297	0.01559	0.05530	0.15476	0.66053	0.01520	0.00695	0.00202	0.00300	0.01284	0.00540	0.00488
14	0.01128	0.01157	0.02312	0.01767	0.02132	0.01112	0.42290	0.01479	0.01309	0.01795	0.10917	0.18514	0.02118	0.01097	0.05003	0.00246	0.03638	0.00928	0.00389	0.00668
15	0.00707	0.00512	0.00668	0.00793	0.00839	0.00474	0.00533	0.00812	0.01129	0.01491	0.03405	0.73711	0.09190	0.01796	0.00738	0.00233	0.00334	0.01621	0.00540	0.00474
16	0.00781	0.00587	0.00723	0.00702	0.00846	0.00529	0.00522	0.01011	0.01527	0.02081	0.53011	0.10219	0.22714	0.01306	0.00690	0.00190	0.00284	0.01140	0.00608	0.00529
17	0.01389	0.01330	0.02269	0.14670	0.65232	0.01368	0.01759	0.01740	0.01300	0.01838	0.01085	0.01456	0.00899	0.00528	0.00577	0.00176	0.00703	0.00518	0.00283	0.00880
18	0.00690	0.00578	0.00601	0.00619	0.00793	0.00488	0.00455	0.00831	0.01297	0.01559	0.05530	0.15476	0.66053	0.01520	0.00695	0.00202	0.00300	0.01284	0.00540	0.00488
19	0.01166	0.03008	0.76550	0.01657	0.02517	0.01351	0.02149	0.01842	0.01228	0.01842	0.01044	0.01228	0.00737	0.00552	0.00552	0.00184	0.00859	0.00430	0.00246	0.00859
20	0.01439	0.01382	0.02360	0.03569	0.75936	0.01382	0.01785	0.01785	0.01324	0.01900	0.01094	0.01439	0.00921	0.00518	0.00576	0.00173	0.00691	0.00518	0.00288	0.00921
21	0.01205	0.01430	0.11860	0.50103	0.12150	0.04469	0.01661	0.01597	0.01191	0.01574	0.01017	0.01452	0.00786	0.00603	0.00673	0.00193	0.06568	0.00499	0.00262	0.00708
22	0.01439	0.01382	0.02360	0.03569	0.75936	0.01382	0.01785	0.01785	0.01324	0.01900	0.01094	0.01439	0.00921	0.00518	0.00576	0.00173	0.00691	0.00518	0.00288	0.00921
23	0.00833	0.00615	0.00894	0.00894	0.00984	0.00705	0.00677	0.01013	0.00923	0.01320	0.01595	0.02489	0.01542	0.14458	0.67284	0.00885	0.01424	0.00653	0.00317	0.00497
24	0.00970	0.00505	0.00746	0.00765	0.00769	0.00501	0.00510	0.00765	0.00805	0.01074	0.01305	0.12161	0.01391	0.01994	0.02067	0.71959	0.00483	0.00659	0.00291	0.00282
25	0.00759	0.00559	0.00716	0.00783	0.00869	0.00532	0.00560	0.00905	0.01193	0.01580	0.12002	0.38885	0.15835	0.07641	0.08549	0.00320	0.00477	0.06835	0.00515	0.00485
26	0.01522	0.01648	0.02021	0.03498	0.07407	0.17956	0.12185	0.04316	0.01243	0.01613	0.00918	0.01289	0.00802	0.00768	0.01194	0.00206	0.36864	0.00502	0.00288	0.03759
27	0.01555	0.79913	0.03047	0.00995	0.01493	0.02301	0.00995	0.01741	0.01182	0.01368	0.00808	0.00933	0.00746	0.00498	0.00373	0.00124	0.00622	0.00311	0.00249	0.00746
28	0.01555	0.79913	0.03047	0.00995	0.01493	0.02301	0.00995	0.01741	0.01182	0.01368	0.00808	0.00933	0.00746	0.00498	0.00373	0.00124	0.00622	0.00311	0.00249	0.00746
29	0.01010	0.00505	0.00758	0.00758	0.00758	0.00505	0.00505	0.00758	0.00758	0.01010	0.01010	0.01768	0.01010	0.02020	0.02273	0.83081	0.00505	0.00505	0.00253	0.00253
30	0.00831	0.00622	0.00927	0.00927	0.01029	0.00723	0.00718	0.01034	0.00932	0.01345	0.01564	0.02321	0.01470	0.06173	0.75469	0.00926	0.01534	0.00628	0.00313	0.00515
31	0.00861	0.00521	0.00621	0.00701	0.00776	0.00501	0.00486	0.01031	0.01156	0.01762	0.02675	0.47947	0.02891	0.01358	0.00606	0.00195	0.00310	0.01202	0.33900	0.00501
32	0.01325	0.01266	0.02155	0.28451	0.51943	0.01352	0.01728	0.01685	0.01270	0.01762	0.01074	0.01476	0.00872	0.00539	0.00578	0.00180	0.00719	0.00518	0.00278	0.00829
33	0.01060	0.00823	0.01128	0.01048	0.01190	0.00977	0.00832	0.10870	0.01172	0.01666	0.01456	0.02064	0.01322	0.03535	0.59426	0.00764	0.09132	0.00598	0.00342	0.00594
34	0.00707	0.00584	0.00621	0.00625	0.00801	0.00497	0.00464	0.00868	0.01353	0.01667	0.15087	0.10900	0.60897	0.01460	0.00691	0.00198	0.00295	0.01235	0.00553	0.00497
35	0.01549	0.01300	0.01373	0.01204	0.01551	0.01494	0.00945	0.12610	0.65198	0.02598	0.02237	0.02066	0.01670	0.00777	0.00590	0.00194	0.00484	0.00639	0.00590	0.00930
36	0.00757	0.00547	0.00715	0.00767	0.00852	0.00506	0.00539	0.00934	0.01350	0.01850	0.34229	0.44152	0.07563	0.01537	0.00716	0.00212	0.00309	0.01379	0.00583	0.00506
37	0.01440	0.01364	0.02220	0.03249	0.65944	0.01390	0.01669	0.01960	0.11200	0.01971	0.01265	0.01537	0.01036	0.00554	0.00578	0.00176	0.00660	0.00537	0.00329	0.00921
38	0.01592	0.01202	0.01312	0.01161	0.01502	0.01351	0.00912	0.03016	0.63500	0.12340	0.02372	0.02237	0.01763	0.00797	0.00595	0.00196	0.00466	0.02156	0.00608	0.00922
39	0.01206	0.01034	0.01206	0.00861	0.01378	0.00775	0.00689	0.01464	0.01206	0.01895	0.01034	0.01206	0.00861	0.00431	0.00431	0.00086	0.00431	0.00345	0.00345	0.83118
40	0.04942	0.01107	0.01334	0.01191	0.04022	0.03996	0.02129	0.15284	0.01475	0.12105	0.01531	0.04920	0.01252	0.01262	0.10802	0.00284	0.15257	0.00581	0.15801	0.00724
41	0.83671	0.01125	0.00855	0.00765	0.01125	0.01305	0.00630	0.01709	0.00990	0.02609	0.00810	0.00945	0.00630	0.00540	0.00360	0.00180	0.00450	0.00315	0.00360	0.00630
42	0.01528	0.74661	0.08066	0.01040	0.01562	0.02236	0.01074	0.01748	0.01185	0.01400	0.00825	0.00953	0.00746	0.00501	0.00385	0.00128	0.00638	0.00319	0.00249	0.00754
43	0.00865	0.00612	0.00882	0.00882	0.00990	0.00702	0.00684	0.01081	0.00973	0.01460	0.01603	0.02269	0.01459	0.03867	0.66941	0.00827	0.01385	0.00612	0.11385	0.00522
44	0.00727	0.00570	0.00634	0.00664	0.00793	0.00504	0.00469	0.00855	0.01234	0.01543	0.08948	0.21497	0.44046	0.12019	0.01007	0.00255	0.00344	0.02896	0.00521	0.00473
45	0.01166	0.03008	0.76550	0.01657	0.02517	0.01351	0.02149	0.01842	0.01228	0.01842	0.01044	0.01228	0.00737	0.00552	0.00552	0.00184	0.00859	0.00430	0.00246	0.00859
46	0.00846	0.00564	0.00634	0.00634	0.00634	0.00564	0.00352	0.00846	0.00846	0.01128	0.01832	0.03805	0.02114	0.79563	0.02960	0.00564	0.00564	0.00846	0.00352	0.00352
47	0.01206	0.01034	0.01206	0.00861	0.01378	0.00775	0.00689	0.01464	0.01206	0.01895	0.01034	0.01206	0.00861	0.00431	0.00431	0.00086	0.00431	0.00345	0.00345	0.83118
48	0.01084	0.00542	0.00542	0.00542	0.00678	0.00542	0.00407	0.01355	0.01220	0.02168	0.01897	0.02168	0.01491	0.00678	0.00407	0.00136	0.00271	0.00542	0.82791	0.00542
49	0.00833	0.00614	0.00886	0.00886	0.00973	0.00701	0.00667	0.01007	0.00920	0.01314	0.01602	0.02529	0.01560	0.16465	0.65300	0.00875	0.01398	0.00659	0.00318	0.00492
50	0.01091	0.01004	0.01657	0.68980	0.03650	0.01251	0.01512	0.01452	0.01152	0.01511	0.01137	0.04361	0.00915	0.00648	0.00634	0.00195	0.03934	0.00558	0.03721	0.00635
51	0.01010	0.00505	0.00758	0.00758	0.00758	0.00505	0.00505	0.00758	0.00758	0.01010	0.01010	0.01768	0.01010	0.02020	0.02273	0.83081	0.00505	0.00505	0.00253	0.00253
52	0.00696	0.00571	0.00609	0.00637	0.00794	0.00489	0.00460	0.00830	0.01267	0.01540	0.05209	0.21207	0.58410	0.03669	0.00761	0.00215	0.00311	0.01308	0.00535	0.00483
53	0.01565	0.01130	0.01258	0.01088	0.01413	0.01230	0.00856	0.11054	0.42069	0.12454	0.14161	0.02526	0.04897	0.00858	0.00608	0.00190	0.00450	0.00716	0.00614	0.00863
54	0.48241	0.26223	0.01640	0.00923	0.01319	0.10442	0.00803	0.01791	0.01127	0.02079	0.00820	0.00953	0.00680	0.00533	0.00383	0.00159	0.00574	0.00321	0.00318	0.00672

[dist]
# distance from previous block
# <min> <max>
0	1

[block]
# block no. 1 follows, 40 sequences, length 7
# corresponding to MSA columns:
# 168-174
name=unknown_B
#
# <colnr> <probs for GDERKNQSTAVLIFYWHMCP>
#	G	D	E	R	K	N	Q	S	T	A	V	L	I	F	Y	W	H	M	C	P
0	0.01312	0.24445	0.42922	0.01611	0.02320	0.01640	0.14465	0.01817	0.01240	0.01712	0.01001	0.01205	0.00765	0.00526	0.00525	0.00169	0.00814	0.00441	0.00255	0.00814
1	0.31894	0.01275	0.01481	0.01802	0.25893	0.04256	0.01087	0.04601	0.12760	0.02322	0.06291	0.01552	0.01255	0.00624	0.00504	0.00179	0.00549	0.00496	0.00397	0.00781
2	0.01166	0.03008	0.76550	0.01657	0.02517	0.01351	0.02149	0.01842	0.01228	0.01842	0.01044	0.01228	0.00737	0.00552	0.00552	0.00184	0.00859	0.00430	0.00246	0.00859
3	0.00754	0.00577	0.00692	0.00695	0.00835	0.00515	0.00509	0.00953	0.01438	0.01911	0.37962	0.17991	0.30260	0.01402	0.00696	0.00197	0.00293	0.01220	0.00587	0.00515
4	0.00901	0.00683	0.00844	0.00799	0.00964	0.00668	0.00610	0.01345	0.11103	0.02268	0.58101	0.04253	0.09244	0.01176	0.00680	0.00190	0.00313	0.04644	0.00622	0.00593
5	0.00723	0.00518	0.00688	0.00800	0.00847	0.00482	0.00541	0.00847	0.01182	0.01594	0.12592	0.69484	0.04059	0.01740	0.00735	0.00229	0.00329	0.01575	0.00553	0.00482
6	0.01117	0.01034	0.01649	0.64530	0.03542	0.01201	0.01452	0.01482	0.01170	0.01558	0.01034	0.01490	0.00790	0.00555	0.00555	0.00175	0.00714	0.00486	0.00274	0.15193

[dist]
# distance from previous block
# <min> <max>
0	1

[block]
# block no. 2 follows, 40 sequences, length 30
# corresponding to MSA columns:
# 176-205
name=unknown_C
#
# <colnr> <probs for GDERKNQSTAVLIFYWHMCP>
#	G	D	E	R	K	N	Q	S	T	A	V	L	I	F	Y	W	H	M	C	P
0	0.01718	0.60874	0.15829	0.01269	0.01832	0.02191	0.01283	0.04762	0.01387	0.01752	0.01098	0.01314	0.00965	0.00663	0.00511	0.00178	0.00733	0.00416	0.00338	0.00884
1	0.77743	0.01249	0.01002	0.00909	0.01270	0.01384	0.00718	0.01836	0.01141	0.02759	0.01079	0.01305	0.00879	0.00691	0.00461	0.00218	0.00518	0.00400	0.03701	0.00739
2	0.01356	0.01212	0.01919	0.62573	0.03717	0.01389	0.06870	0.01738	0.05133	0.01800	0.01370	0.01902	0.01077	0.00734	0.00673	0.00231	0.00815	0.00606	0.04104	0.00778
3	0.12642	0.01158	0.01432	0.01146	0.01591	0.01035	0.00916	0.02798	0.01701	0.64966	0.02288	0.02129	0.01527	0.00838	0.00649	0.00220	0.00563	0.00618	0.00737	0.01046
4	0.01285	0.01211	0.02021	0.25561	0.45551	0.01310	0.01604	0.01608	0.01221	0.01696	0.01118	0.01644	0.00961	0.06539	0.00815	0.00212	0.04034	0.00542	0.00282	0.00784
5	0.00709	0.00506	0.00675	0.00810	0.00843	0.00472	0.00540	0.00810	0.01113	0.01484	0.03205	0.79184	0.03846	0.01822	0.00742	0.00236	0.00337	0.01653	0.00540	0.00472
6	0.01989	0.00987	0.01233	0.00947	0.01367	0.00860	0.00765	0.07394	0.01544	0.41101	0.01837	0.01822	0.01285	0.03756	0.00620	0.00165	0.00469	0.00523	0.08593	0.22741
7	0.04467	0.01169	0.02159	0.36794	0.04736	0.01260	0.26771	0.01617	0.01241	0.01760	0.01188	0.01610	0.00903	0.00559	0.00587	0.00186	0.00767	0.00572	0.10967	0.00687
8	0.01615	0.72396	0.02911	0.01044	0.01522	0.09602	0.01008	0.01798	0.01227	0.01374	0.00817	0.00944	0.00747	0.00507	0.00388	0.00127	0.00663	0.00317	0.00254	0.00739
9	0.01470	0.63059	0.19156	0.01140	0.01717	0.02093	0.01248	0.01763	0.01192	0.01472	0.00860	0.00997	0.00744	0.00510	0.00412	0.00137	0.00674	0.00337	0.00248	0.00771
10	0.01336	0.01382	0.02696	0.02704	0.32145	0.01329	0.36411	0.01744	0.01384	0.01931	0.09681	0.01835	0.01426	0.00582	0.00642	0.00185	0.00783	0.00660	0.00331	0.00812
11	0.01036	0.00936	0.00908	0.00871	0.01098	0.05634	0.00656	0.01676	0.25797	0.01838	0.04077	0.13126	0.37641	0.01233	0.00652	0.00199	0.00402	0.01036	0.00542	0.00643
12	0.01557	0.01304	0.01791	0.01477	0.01676	0.01596	0.06783	0.18940	0.01463	0.06727	0.01269	0.01885	0.01121	0.00939	0.01304	0.00227	0.41304	0.07499	0.00393	0.00745
13	0.00710	0.00580	0.00628	0.00638	0.00805	0.00497	0.00470	0.00871	0.01347	0.01673	0.15934	0.14512	0.56365	0.01474	0.00694	0.00199	0.00297	0.01254	0.00555	0.00497
14	0.01041	0.00605	0.00808	0.00827	0.00952	0.00552	0.00592	0.01203	0.01330	0.13691	0.20451	0.48831	0.03854	0.01493	0.00703	0.00214	0.00347	0.01337	0.00593	0.00574
15	0.01439	0.01382	0.02360	0.03569	0.75936	0.01382	0.01785	0.01785	0.01324	0.01900	0.01094	0.01439	0.00921	0.00518	0.00576	0.00173	0.00691	0.00518	0.00288	0.00921
16	0.01374	0.01751	0.12085	0.05574	0.10070	0.04437	0.52202	0.01855	0.01352	0.01831	0.01135	0.01493	0.00859	0.00509	0.00648	0.00190	0.00932	0.00619	0.00286	0.00797
17	0.01249	0.01183	0.01630	0.01407	0.01423	0.01630	0.01167	0.01394	0.00931	0.01493	0.00901	0.01381	0.00852	0.00976	0.01726	0.00240	0.68978	0.00513	0.10300	0.00625
18	0.01098	0.01034	0.01744	0.78165	0.04005	0.01292	0.01615	0.01486	0.01163	0.01486	0.01034	0.01550	0.00775	0.00581	0.00581	0.00194	0.00775	0.00517	0.00258	0.00646
19	0.01154	0.01141	0.02040	0.46009	0.03242	0.01337	0.17083	0.01514	0.01160	0.01548	0.01110	0.03197	0.00904	0.00879	0.05593	0.00249	0.10319	0.00583	0.00275	0.00663
20	0.01341	0.01301	0.02304	0.03078	0.56663	0.01283	0.11647	0.01677	0.01305	0.01844	0.01362	0.10919	0.01272	0.00673	0.00611	0.00184	0.00688	0.00680	0.00319	0.00847
21	0.01166	0.03008	0.76550	0.01657	0.02517	0.01351	0.02149	0.01842	0.01228	0.01842	0.01044	0.01228	0.00737	0.00552	0.00552	0.00184	0.00859	0.00430	0.00246	0.00859
22	0.00709	0.00506	0.00675	0.00810	0.00843	0.00472	0.00540	0.00810	0.01113	0.01484	0.03205	0.79184	0.03846	0.01822	0.00742	0.00236	0.00337	0.01653	0.00540	0.00472
23	0.01237	0.18882	0.52610	0.01502	0.02226	0.01505	0.05517	0.01775	0.01252	0.01774	0.05694	0.01380	0.01045	0.00578	0.00530	0.00172	0.00779	0.00457	0.00274	0.00812
24	0.05065	0.01595	0.08392	0.01361	0.01751	0.12491	0.08123	0.03668	0.34603	0.06285	0.01897	0.02212	0.01515	0.00774	0.00598	0.00194	0.00646	0.07531	0.00480	0.00820
25	0.01098	0.01034	0.01744	0.78165	0.04005	0.01292	0.01615	0.01486	0.01163	0.01486	0.01034	0.01550	0.00775	0.00581	0.00581	0.00194	0.00775	0.00517	0.00258	0.00646
26	0.01313	0.01453	0.03067	0.18796	0.03248	0.01432	0.58236	0.01781	0.01327	0.01781	0.01146	0.01565	0.00859	0.00510	0.00664	0.00196	0.00936	0.00650	0.00286	0.00754
27	0.01406	0.01348	0.02300	0.10838	0.68926	0.01373	0.01768	0.01756	0.01308	0.01859	0.01088	0.01450	0.00907	0.00524	0.00576	0.00175	0.00699	0.00518	0.00285	0.00894
28	0.01323	0.01420	0.04367	0.01733	0.02100	0.06116	0.31218	0.01946	0.17162	0.01849	0.01674	0.11826	0.01496	0.00829	0.00811	0.00207	0.10209	0.02580	0.00391	0.00744
29	0.00833	0.00616	0.00898	0.00898	0.00989	0.00707	0.00681	0.01015	0.00924	0.01323	0.01591	0.02470	0.01534	0.13514	0.68216	0.00889	0.01437	0.00650	0.00316	0.00499

[dist]
# distance from previous block
# <min> <max>
1	32

[block]
# block no. 3 follows, 40 sequences, length 42
# corresponding to MSA columns:
# 240-281
name=unknown_D
#
# <colnr> <probs for GDERKNQSTAVLIFYWHMCP>
#	G	D	E	R	K	N	Q	S	T	A	V	L	I	F	Y	W	H	M	C	P
0	0.01010	0.00505	0.00758	0.00758	0.00758	0.00505	0.00505	0.00758	0.00758	0.01010	0.01010	0.01768	0.01010	0.02020	0.02273	0.83081	0.00505	0.00505	0.00253	0.00253
1	0.01207	0.00958	0.01503	0.04076	0.24849	0.00956	0.03395	0.01532	0.02864	0.05857	0.02359	0.04291	0.04293	0.01133	0.00702	0.00225	0.00594	0.38050	0.00454	0.00699
2	0.01166	0.03008	0.76550	0.01657	0.02517	0.01351	0.02149	0.01842	0.01228	0.01842	0.01044	0.01228	0.00737	0.00552	0.00552	0.00184	0.00859	0.00430	0.00246	0.00859
3	0.01010	0.00505	0.00758	0.00758	0.00758	0.00505	0.00505	0.00758	0.00758	0.01010	0.01010	0.01768	0.01010	0.02020	0.02273	0.83081	0.00505	0.00505	0.00253	0.00253
4	0.01796	0.02082	0.01917	0.01872	0.13109	0.41294	0.09033	0.05361	0.01496	0.01640	0.01013	0.01286	0.00850	0.00877	0.05904	0.00223	0.08748	0.00467	0.00307	0.00724
5	0.01206	0.01034	0.01206	0.00861	0.01378	0.00775	0.00689	0.01464	0.01206	0.01895	0.01034	0.01206	0.00861	0.00431	0.00431	0.00086	0.00431	0.00345	0.00345	0.83118
6	0.83671	0.01125	0.00855	0.00765	0.01125	0.01305	0.00630	0.01709	0.00990	0.02609	0.00810	0.00945	0.00630	0.00540	0.00360	0.00180	0.00450	0.00315	0.00360	0.00630
7	0.00846	0.00564	0.00634	0.00634	0.00634	0.00564	0.00352	0.00846	0.00846	0.01128	0.01832	0.03805	0.02114	0.79563	0.02960	0.00564	0.00564	0.00846	0.00352	0.00352
8	0.01206	0.01034	0.01206	0.00861	0.01378	0.00775	0.00689	0.01464	0.01206	0.01895	0.01034	0.01206	0.00861	0.00431	0.00431	0.00086	0.00431	0.00345	0.00345	0.83118
9	0.00770	0.00550	0.00746	0.00880	0.00941	0.00526	0.00647	0.00917	0.01174	0.01554	0.03171	0.59546	0.03711	0.01764	0.00759	0.00245	0.00391	0.20681	0.00539	0.00489
10	0.02209	0.01691	0.01740	0.01347	0.01803	0.05909	0.01106	0.70095	0.02675	0.03543	0.01369	0.01377	0.00976	0.00693	0.00579	0.00173	0.00662	0.00515	0.00566	0.00972
11	0.00687	0.00589	0.00589	0.00589	0.00785	0.00491	0.00442	0.00835	0.01325	0.01571	0.05891	0.05596	0.75700	0.01473	0.00687	0.00196	0.00295	0.01227	0.00540	0.00491
12	0.01555	0.79913	0.03047	0.00995	0.01493	0.02301	0.00995	0.01741	0.01182	0.01368	0.00808	0.00933	0.00746	0.00498	0.00373	0.00124	0.00622	0.00311	0.00249	0.00746
13	0.02338	0.00930	0.01263	0.00989	0.01391	0.00808	0.00808	0.02570	0.01662	0.65102	0.13428	0.02338	0.02054	0.00791	0.00600	0.00180	0.00461	0.00656	0.00708	0.00923
14	0.01581	0.04103	0.04820	0.04370	0.46759	0.18835	0.01579	0.01872	0.01354	0.01725	0.01012	0.01316	0.00854	0.00577	0.00661	0.00173	0.06820	0.00475	0.00285	0.00829
15	0.13781	0.00816	0.00902	0.04933	0.05194	0.00871	0.00667	0.07755	0.01316	0.04922	0.01599	0.01874	0.01257	0.02379	0.03370	0.00191	0.00442	0.00514	0.46586	0.00632
16	0.01387	0.01286	0.01723	0.01461	0.01538	0.01718	0.01213	0.12399	0.01173	0.01740	0.00909	0.01355	0.00841	0.01179	0.06434	0.00285	0.61850	0.00518	0.00308	0.00682
17	0.01591	0.01402	0.02135	0.11824	0.49016	0.01476	0.01596	0.19697	0.01656	0.02290	0.01162	0.01442	0.00921	0.00570	0.00578	0.00176	0.00688	0.00519	0.00357	0.00905
18	0.01457	0.60546	0.21558	0.01162	0.01750	0.02062	0.01286	0.01767	0.01193	0.01487	0.00868	0.01007	0.00744	0.00511	0.00418	0.00139	0.00682	0.00341	0.00248	0.00775
19	0.00709	0.00506	0.00675	0.00810	0.00843	0.00472	0.00540	0.00810	0.01113	0.01484	0.03205	0.79184	0.03846	0.01822	0.00742	0.00236	0.00337	0.01653	0.00540	0.00472
20	0.01206	0.01034	0.01206	0.00861	0.01378	0.00775	0.00689	0.01464	0.01206	0.01895	0.01034	0.01206	0.00861	0.00431	0.00431	0.00086	0.00431	0.00345	0.00345	0.83118
21	0.01049	0.00968	0.01584	0.61851	0.03377	0.01197	0.01431	0.01378	0.01139	0.01480	0.01347	0.13321	0.01241	0.00796	0.00685	0.00204	0.05343	0.00689	0.00301	0.00619
22	0.01588	0.75714	0.02971	0.01022	0.01509	0.06380	0.01002	0.01773	0.01207	0.01371	0.00813	0.00939	0.00746	0.00503	0.00381	0.00126	0.00645	0.00314	0.00252	0.00742
23	0.00708	0.00590	0.00618	0.00611	0.00798	0.00500	0.00458	0.00874	0.01374	0.01686	0.16479	0.05406	0.65039	0.01430	0.00687	0.00194	0.00291	0.01201	0.00555	0.00500
24	0.01383	0.01540	0.03269	0.02621	0.14107	0.01457	0.62886	0.01851	0.01365	0.01868	0.01164	0.01549	0.00888	0.00494	0.00669	0.00193	0.00936	0.00661	0.00293	0.00805
25	0.00846	0.00564	0.00634	0.00634	0.00634	0.00564	0.00352	0.00846	0.00846	0.01128	0.01832	0.03805	0.02114	0.79563	0.02960	0.00564	0.00564	0.00846	0.00352	0.00352
26	0.01555	0.79913	0.03047	0.00995	0.01493	0.02301	0.00995	0.01741	0.01182	0.01368	0.00808	0.00933	0.00746	0.00498	0.00373	0.00124	0.00622	0.00311	0.00249	0.00746
27	0.02063	0.01594	0.01643	0.01300	0.01729	0.05152	0.01059	0.58012	0.13599	0.03335	0.01534	0.01519	0.01111	0.00707	0.00576	0.00176	0.00621	0.00538	0.02780	0.00952
28	0.01166	0.03008	0.76550	0.01657	0.02517	0.01351	0.02149	0.01842	0.01228	0.01842	0.01044	0.01228	0.00737	0.00552	0.00552	0.00184	0.00859	0.00430	0.00246	0.00859
29	0.01439	0.01382	0.02360	0.03569	0.75936	0.01382	0.01785	0.01785	0.01324	0.01900	0.01094	0.01439	0.00921	0.00518	0.00576	0.00173	0.00691	0.00518	0.00288	0.00921
30	0.71092	0.01044	0.00843	0.00760	0.01086	0.01190	0.00617	0.01616	0.01089	0.02567	0.12169	0.01461	0.01367	0.00638	0.00409	0.00180	0.00423	0.00427	0.00402	0.00617
31	0.00817	0.00594	0.00769	0.00725	0.00865	0.00546	0.00544	0.01085	0.01631	0.02297	0.72451	0.04401	0.08686	0.01202	0.00686	0.00184	0.00275	0.01060	0.00636	0.00546
32	0.01555	0.79913	0.03047	0.00995	0.01493	0.02301	0.00995	0.01741	0.01182	0.01368	0.00808	0.00933	0.00746	0.00498	0.00373	0.00124	0.00622	0.00311	0.00249	0.00746
33	0.00846	0.00564	0.00634	0.00634	0.00634	0.00564	0.00352	0.00846	0.00846	0.01128	0.01832	0.03805	0.02114	0.79563	0.02960	0.00564	0.00564	0.00846	0.00352	0.00352
34	0.00893	0.00713	0.00985	0.01138	0.12252	0.00665	0.00718	0.01156	0.01542	0.02134	0.52225	0.04120	0.16963	0.01136	0.00669	0.00184	0.00341	0.01001	0.00569	0.00595
35	0.00709	0.00506	0.00675	0.00810	0.00843	0.00472	0.00540	0.00810	0.01113	0.01484	0.03205	0.79184	0.03846	0.01822	0.00742	0.00236	0.00337	0.01653	0.00540	0.00472
36	0.02036	0.02544	0.01668	0.01502	0.01757	0.65773	0.01146	0.02182	0.01533	0.01420	0.00878	0.01083	0.00751	0.00663	0.00734	0.00166	0.12808	0.00395	0.00293	0.00668
37	0.00833	0.00614	0.00889	0.00889	0.00977	0.00702	0.00670	0.01009	0.00921	0.01316	0.01599	0.02515	0.01554	0.15779	0.65978	0.00878	0.01407	0.00657	0.00318	0.00494
38	0.01889	0.01412	0.01530	0.01239	0.01622	0.01558	0.00997	0.54207	0.11318	0.03183	0.01790	0.13301	0.01519	0.00880	0.00607	0.00187	0.00572	0.00711	0.00577	0.00902
39	0.01418	0.01360	0.02322	0.08265	0.71408	0.01376	0.01774	0.01766	0.01314	0.01874	0.01090	0.01446	0.00912	0.00522	0.00576	0.00174	0.00696	0.00518	0.00286	0.00904
40	0.14917	0.01010	0.01274	0.00994	0.01430	0.00923	0.00821	0.02663	0.01562	0.65144	0.02069	0.01822	0.01317	0.00692	0.00551	0.00180	0.00488	0.00544	0.00665	0.00935
41	0.00857	0.00644	0.00826	0.00917	0.01071	0.00612	0.00779	0.01087	0.01334	0.01686	0.03976	0.06252	0.26431	0.01564	0.00766	0.00245	0.00459	0.49434	0.00537	0.00521

[dist]
# distance from previous block
# <min> <max>
0	1

[block]
# block no. 4 follows, 40 sequences, length 12
# corresponding to MSA columns:
# 283-294
name=unknown_E
#
# <colnr> <probs for GDERKNQSTAVLIFYWHMCP>
#	G	D	E	R	K	N	Q	S	T	A	V	L	I	F	Y	W	H	M	C	P
0	0.02042	0.02448	0.01676	0.01488	0.01758	0.59339	0.01144	0.08532	0.01632	0.01618	0.00923	0.01113	0.00772	0.00670	0.00735	0.00168	0.12521	0.00408	0.00318	0.00696
1	0.00831	0.00650	0.00874	0.00890	0.00954	0.00693	0.00652	0.00995	0.01261	0.01759	0.27348	0.42283	0.03943	0.01488	0.00896	0.00221	0.11930	0.01280	0.00531	0.00523
2	0.21782	0.00861	0.00854	0.00771	0.00960	0.00938	0.00563	0.12033	0.01235	0.02074	0.01509	0.02357	0.01429	0.29885	0.05409	0.00352	0.00546	0.00599	0.15285	0.00559
3	0.00942	0.00724	0.00815	0.00780	0.00966	0.00691	0.00583	0.11745	0.01537	0.01992	0.16565	0.23140	0.34553	0.01396	0.00685	0.00201	0.00353	0.01199	0.00563	0.00570
4	0.02063	0.02565	0.01754	0.01806	0.12814	0.65958	0.01222	0.02242	0.01600	0.01494	0.00928	0.01107	0.00775	0.00587	0.00532	0.00153	0.00996	0.00396	0.00298	0.00711
5	0.20856	0.01197	0.01744	0.28704	0.20966	0.01336	0.05623	0.06566	0.01283	0.02050	0.01059	0.01392	0.00823	0.00562	0.00527	0.00182	0.00662	0.00481	0.03246	0.00739
6	0.00905	0.00558	0.00611	0.00611	0.00645	0.00558	0.00366	0.00973	0.00939	0.01387	0.01848	0.03396	0.01958	0.59856	0.02322	0.00457	0.00491	0.00770	0.20947	0.00400
7	0.01063	0.00847	0.01293	0.01695	0.19874	0.00847	0.01149	0.01350	0.01335	0.01780	0.02583	0.05280	0.02741	0.01335	0.00746	0.00244	0.00574	0.54159	0.00474	0.00632
8	0.21902	0.01311	0.01543	0.01335	0.01440	0.05456	0.01104	0.01523	0.00953	0.01703	0.00782	0.01179	0.00729	0.00877	0.01452	0.00231	0.55106	0.00454	0.00283	0.00636
9	0.00911	0.00658	0.00936	0.01037	0.01163	0.00684	0.00885	0.01163	0.01238	0.01643	0.02699	0.05492	0.02874	0.02295	0.19903	0.00434	0.00791	0.54185	0.00480	0.00531
10	0.00863	0.00577	0.00701	0.00701	0.00739	0.00603	0.00451	0.00939	0.00901	0.01275	0.01769	0.03281	0.01894	0.53791	0.21295	0.00618	0.00786	0.00763	0.07642	0.00411
11	0.01373	0.01569	0.03431	0.02451	0.03039	0.01471	0.73824	0.01863	0.01373	0.01863	0.01176	0.01569	0.00882	0.00490	0.00686	0.00196	0.00980	0.00686	0.00294	0.00784

[dist]
# distance from previous block
# <min> <max>
0	1

[block]
# block no. 5 follows, 40 sequences, length 36
# corresponding to MSA columns:
# 296-331
name=unknown_F
#
# <colnr> <probs for GDERKNQSTAVLIFYWHMCP>
#	G	D	E	R	K	N	Q	S	T	A	V	L	I	F	Y	W	H	M	C	P
0	0.02252	0.01632	0.01755	0.01351	0.01817	0.01791	0.01111	0.71547	0.02717	0.05784	0.01456	0.01462	0.01036	0.00722	0.00597	0.00181	0.00647	0.00537	0.00597	0.01006
1	0.01047	0.00533	0.00785	0.00783	0.00787	0.00528	0.00522	0.00786	0.00783	0.01047	0.01047	0.01815	0.01044	0.02036	0.02278	0.82607	0.00517	0.00517	0.00265	0.00274
2	0.02108	0.02067	0.01789	0.01649	0.08999	0.31943	0.01199	0.34646	0.02093	0.02516	0.01173	0.01305	0.00910	0.00679	0.00634	0.00175	0.04347	0.00474	0.00436	0.00857
3	0.01589	0.79481	0.03061	0.01019	0.01517	0.02313	0.01009	0.01764	0.01204	0.01403	0.00846	0.00985	0.00781	0.00522	0.00390	0.00131	0.00633	0.00324	0.00262	0.00764
4	0.00884	0.00592	0.00662	0.00661	0.00664	0.00586	0.00370	0.00874	0.00870	0.01164	0.01864	0.03841	0.02141	0.79130	0.02961	0.00568	0.00576	0.00855	0.00365	0.00373
5	0.05593	0.01028	0.01352	0.01050	0.01491	0.00911	0.00861	0.04679	0.01687	0.69556	0.03926	0.02025	0.01521	0.00747	0.00594	0.00186	0.00504	0.00595	0.00711	0.00983
6	0.01589	0.79481	0.03061	0.01019	0.01517	0.02313	0.01009	0.01764	0.01204	0.01403	0.00846	0.00985	0.00781	0.00522	0.00390	0.00131	0.00633	0.00324	0.00262	0.00764
7	0.00884	0.00592	0.00662	0.00661	0.00664	0.00586	0.00370	0.00874	0.00870	0.01164	0.01864	0.03841	0.02141	0.79130	0.02961	0.00568	0.00576	0.00855	0.00365	0.00373
8	0.01203	0.03022	0.76138	0.01678	0.02536	0.01369	0.02156	0.01864	0.01250	0.01874	0.01080	0.01278	0.00772	0.00577	0.00568	0.00191	0.00870	0.00442	0.00258	0.00877
9	0.01452	0.01382	0.02338	0.08464	0.70819	0.01394	0.01783	0.01788	0.01335	0.01905	0.01126	0.01496	0.00946	0.00547	0.00591	0.00181	0.00708	0.00529	0.00299	0.00920
10	0.00739	0.00617	0.00635	0.00629	0.00823	0.00519	0.00469	0.00888	0.01378	0.01679	0.12660	0.05500	0.68494	0.01464	0.00702	0.00202	0.00306	0.01218	0.00561	0.00516
11	0.00884	0.00592	0.00662	0.00661	0.00664	0.00586	0.00370	0.00874	0.00870	0.01164	0.01864	0.03841	0.02141	0.79130	0.02961	0.00568	0.00576	0.00855	0.00365	0.00373
12	0.00845	0.00615	0.00768	0.00737	0.00865	0.00564	0.00535	0.01062	0.01534	0.02133	0.58138	0.07625	0.11900	0.08970	0.00927	0.00231	0.00321	0.01082	0.00608	0.00540
13	0.01457	0.01437	0.02045	0.22712	0.42156	0.08840	0.01601	0.01909	0.08467	0.01828	0.01218	0.01550	0.00983	0.00593	0.00589	0.00185	0.00737	0.00529	0.00323	0.00842
14	0.00794	0.00713	0.00897	0.00799	0.01036	0.00610	0.07674	0.00964	0.01352	0.01634	0.05436	0.05225	0.67944	0.01395	0.00702	0.00203	0.00375	0.01181	0.00527	0.00539
15	0.01950	0.01704	0.09076	0.01557	0.07610	0.01629	0.03929	0.51235	0.02292	0.03133	0.01329	0.01420	0.00976	0.00659	0.00583	0.00174	0.00669	0.00514	0.00503	0.09055
16	0.02114	0.02639	0.01683	0.01522	0.01794	0.69389	0.01151	0.02251	0.01593	0.01456	0.00923	0.01122	0.00786	0.00664	0.00676	0.00167	0.08673	0.00400	0.00308	0.00689
17	0.01474	0.01304	0.01547	0.01331	0.01687	0.01466	0.08103	0.02985	0.67253	0.02405	0.02278	0.02155	0.01716	0.00782	0.00616	0.00204	0.00524	0.00671	0.00573	0.00924
18	0.00764	0.00625	0.00670	0.00677	0.00864	0.00537	0.00518	0.00925	0.01380	0.01695	0.12383	0.05595	0.61380	0.01477	0.00713	0.00209	0.00330	0.08178	0.00560	0.00521
19	0.02131	0.01592	0.01766	0.08914	0.02043	0.01768	0.01169	0.66472	0.02593	0.03472	0.01395	0.01461	0.01002	0.00710	0.00597	0.00183	0.00665	0.00534	0.00561	0.00972
20	0.10715	0.02805	0.67411	0.01575	0.02375	0.01363	0.01981	0.01849	0.01223	0.01962	0.01053	0.01245	0.00759	0.00575	0.00546	0.00190	0.00822	0.00428	0.00272	0.00850
21	0.01057	0.01188	0.10209	0.36236	0.02689	0.01189	0.04454	0.01404	0.01086	0.01495	0.01167	0.01701	0.00972	0.01716	0.23011	0.00414	0.08556	0.00544	0.00274	0.00639
22	0.01018	0.00631	0.00833	0.00774	0.00937	0.00577	0.00583	0.01270	0.01597	0.10782	0.60153	0.11327	0.04861	0.01196	0.00680	0.00188	0.00306	0.01056	0.00640	0.00592
23	0.10498	0.00754	0.00992	0.01149	0.04581	0.00775	0.00940	0.01289	0.01298	0.01848	0.02727	0.05680	0.02924	0.01434	0.00742	0.00253	0.00533	0.60515	0.00504	0.00564
24	0.11180	0.02062	0.05964	0.01889	0.07536	0.32429	0.25343	0.02017	0.01420	0.01761	0.01000	0.01251	0.00792	0.00557	0.00593	0.00174	0.02512	0.00487	0.00300	0.00732
25	0.01199	0.01165	0.01661	0.10724	0.01751	0.01580	0.01230	0.01375	0.01011	0.01517	0.09428	0.01660	0.01309	0.00985	0.01607	0.00239	0.60059	0.00572	0.00299	0.00627
26	0.01010	0.00505	0.00758	0.00758	0.00758	0.00505	0.00505	0.00758	0.00758	0.01010	0.01010	0.01768	0.01010	0.02020	0.02273	0.83081	0.00505	0.00505	0.00253	0.00253
27	0.01388	0.01526	0.03186	0.02708	0.19767	0.01450	0.57292	0.01845	0.01361	0.01871	0.01158	0.01539	0.00891	0.00497	0.00661	0.00191	0.00914	0.00648	0.00293	0.00816
28	0.01114	0.02720	0.67802	0.01560	0.02324	0.01249	0.01963	0.01723	0.01215	0.01800	0.01293	0.10215	0.01095	0.00699	0.00574	0.00190	0.00799	0.00571	0.00279	0.00815
29	0.01630	0.70887	0.02897	0.01035	0.01528	0.02244	0.01008	0.10072	0.01361	0.01633	0.00876	0.00986	0.00774	0.00521	0.00397	0.00130	0.00624	0.00335	0.00287	0.00774
30	0.00981	0.00613	0.00782	0.02276	0.00935	0.00585	0.00550	0.02434	0.01135	0.08707	0.04357	0.43504	0.02979	0.24237	0.01358	0.00320	0.00433	0.01232	0.00497	0.02085
31	0.10465	0.00715	0.00912	0.01003	0.01163	0.00731	0.00864	0.01253	0.01328	0.01898	0.09851	0.05697	0.03241	0.01443	0.00741	0.00249	0.00500	0.56874	0.00525	0.00548
32	0.00846	0.00564	0.00634	0.00634	0.00634	0.00564	0.00352	0.00846	0.00846	0.01128	0.01832	0.03805	0.02114	0.79563	0.02960	0.00564	0.00564	0.00846	0.00352	0.00352
33	0.83671	0.01125	0.00855	0.00765	0.01125	0.01305	0.00630	0.01709	0.00990	0.02609	0.00810	0.00945	0.00630	0.00540	0.00360	0.00180	0.00450	0.00315	0.00360	0.00630
34	0.00832	0.00616	0.00900	0.00900	0.00992	0.00708	0.00684	0.01016	0.00924	0.01324	0.01589	0.02460	0.01530	0.13032	0.68692	0.00892	0.01443	0.00649	0.00316	0.00500
35	0.01373	0.01569	0.03431	0.02451	0.03039	0.01471	0.73824	0.01863	0.01373	0.01863	0.01176	0.01569	0.00882	0.00490	0.00686	0.00196	0.00980	0.00686	0.00294	0.00784

[dist]
# distance from previous block
# <min> <max>
0	1

[block]
# block no. 6 follows, 40 sequences, length 10
# corresponding to MSA columns:
# 333-342
name=unknown_G
#
# <colnr> <probs for GDERKNQSTAVLIFYWHMCP>
#	G	D	E	R	K	N	Q	S	T	A	V	L	I	F	Y	W	H	M	C	P
0	0.00797	0.00506	0.00699	0.00794	0.00818	0.00482	0.00530	0.00794	0.01009	0.01346	0.02564	0.56555	0.03017	0.01880	0.01190	0.24452	0.00386	0.01318	0.00456	0.00408
1	0.02183	0.02438	0.01676	0.01451	0.01799	0.55182	0.01118	0.23273	0.01965	0.02078	0.01044	0.01150	0.00819	0.00628	0.00541	0.00157	0.00929	0.00418	0.00382	0.00766
2	0.83671	0.01125	0.00855	0.00765	0.01125	0.01305	0.00630	0.01709	0.00990	0.02609	0.00810	0.00945	0.00630	0.00540	0.00360	0.00180	0.00450	0.00315	0.00360	0.00630
3	0.01084	0.00542	0.00542	0.00542	0.00678	0.00542	0.00407	0.01355	0.01220	0.02168	0.01897	0.02168	0.01491	0.00678	0.00407	0.00136	0.00271	0.00542	0.82791	0.00542
4	0.01744	0.02109	0.01363	0.01297	0.01519	0.54793	0.00953	0.01880	0.01492	0.01441	0.01573	0.23888	0.01654	0.00957	0.00588	0.00175	0.00841	0.00748	0.00370	0.00615
5	0.01225	0.01103	0.01374	0.01056	0.01422	0.01069	0.00860	0.01445	0.01114	0.01750	0.00955	0.01225	0.00833	0.00602	0.00863	0.00135	0.23250	0.00393	0.00318	0.59008
6	0.00790	0.00569	0.00747	0.00754	0.00861	0.00526	0.00546	0.01013	0.01490	0.02084	0.54459	0.26220	0.05007	0.01374	0.00702	0.00198	0.00293	0.01227	0.00611	0.00526
7	0.00753	0.00538	0.00723	0.00841	0.00899	0.00508	0.00599	0.00894	0.01196	0.01600	0.09892	0.61638	0.03925	0.01732	0.00746	0.00236	0.00361	0.11884	0.00548	0.00489
8	0.00942	0.23770	0.01313	0.00722	0.00996	0.01019	0.00610	0.01098	0.01270	0.01506	0.04237	0.08834	0.49298	0.01210	0.00599	0.00178	0.00393	0.00986	0.00455	0.00564
9	0.01329	0.01402	0.05017	0.17741	0.32219	0.01365	0.25992	0.01740	0.01302	0.01813	0.01135	0.01522	0.00892	0.00528	0.00608	0.00184	0.00797	0.00572	0.03038	0.00806

[dist]
# distance from previous block
# <min> <max>
0	2

[block]
# block no. 7 follows, 40 sequences, length 9
# corresponding to MSA columns:
# 345-353
name=unknown_H
#
# <colnr> <probs for GDERKNQSTAVLIFYWHMCP>
#	G	D	E	R	K	N	Q	S	T	A	V	L	I	F	Y	W	H	M	C	P
0	0.01265	0.01066	0.01280	0.04263	0.08378	0.01177	0.00933	0.04253	0.41368	0.02290	0.18235	0.06635	0.02596	0.00916	0.00624	0.00195	0.00454	0.02718	0.00557	0.00797
1	0.01244	0.01750	0.25542	0.04446	0.27913	0.01202	0.08422	0.01669	0.01305	0.04340	0.01973	0.02141	0.14095	0.00704	0.00599	0.00184	0.00697	0.00634	0.00333	0.00807
2	0.00702	0.00530	0.00650	0.00747	0.00827	0.00478	0.00512	0.00817	0.01174	0.01509	0.03969	0.58252	0.24285	0.01723	0.00727	0.00225	0.00325	0.01532	0.00540	0.00478
3	0.01206	0.01034	0.01206	0.00861	0.01378	0.00775	0.00689	0.01464	0.01206	0.01895	0.01034	0.01206	0.00861	0.00431	0.00431	0.00086	0.00431	0.00345	0.00345	0.83118
4	0.08225	0.10171	0.29746	0.01547	0.10913	0.01293	0.03403	0.01781	0.01238	0.06011	0.01076	0.01245	0.00823	0.00521	0.00497	0.00153	0.00663	0.00414	0.00311	0.19968
5	0.01712	0.01683	0.02120	0.02791	0.49084	0.15516	0.01542	0.14653	0.01633	0.02124	0.01111	0.01359	0.00901	0.00565	0.00567	0.00169	0.00748	0.00492	0.00342	0.00887
6	0.00838	0.00617	0.00757	0.00766	0.00875	0.00553	0.00510	0.00936	0.01050	0.01450	0.02410	0.42817	0.02800	0.24862	0.01351	0.00308	0.00422	0.01180	0.00449	0.15050
7	0.01174	0.00997	0.01170	0.00850	0.01336	0.00756	0.00677	0.01434	0.01243	0.01931	0.07262	0.01468	0.01248	0.00494	0.00452	0.00094	0.00418	0.00404	0.00369	0.76223
8	0.00803	0.00579	0.00759	0.00745	0.00864	0.00535	0.00547	0.01047	0.01552	0.02182	0.62823	0.17577	0.05197	0.01301	0.00696	0.00192	0.00285	0.01158	0.00622	0.00535

[dist]
# distance from previous block
# <min> <max>
0	2

[block]
# block no. 8 follows, 40 sequences, length 7
# corresponding to MSA columns:
# 356-362
name=unknown_I
#
# <colnr> <probs for GDERKNQSTAVLIFYWHMCP>
#	G	D	E	R	K	N	Q	S	T	A	V	L	I	F	Y	W	H	M	C	P
0	0.01214	0.08074	0.56864	0.01586	0.02253	0.01501	0.01897	0.01749	0.01159	0.01722	0.00973	0.01216	0.00743	0.00639	0.00803	0.00194	0.15922	0.00437	0.00248	0.00808
1	0.00889	0.00654	0.00869	0.00977	0.01123	0.00635	0.00841	0.01133	0.01336	0.01707	0.03625	0.06373	0.17399	0.01580	0.00781	0.00254	0.00489	0.58272	0.00536	0.00527
2	0.00823	0.00594	0.00777	0.00732	0.00869	0.00549	0.00549	0.01097	0.01646	0.02332	0.75629	0.04344	0.05487	0.01189	0.00686	0.00183	0.00274	0.01052	0.00640	0.00549
3	0.01320	0.04396	0.35833	0.05511	0.01925	0.01122	0.01411	0.05977	0.01439	0.10185	0.15756	0.02018	0.01821	0.00714	0.00566	0.00177	0.00628	0.00584	0.07840	0.00777
4	0.01072	0.00776	0.00905	0.17564	0.01493	0.04953	0.00730	0.01325	0.01229	0.01848	0.08262	0.09240	0.01908	0.07110	0.00710	0.00197	0.00454	0.00697	0.38976	0.00551
5	0.01735	0.01448	0.08188	0.01201	0.01591	0.01403	0.01034	0.47464	0.02162	0.02957	0.01756	0.16550	0.01561	0.00902	0.00596	0.00184	0.00571	0.00736	0.07119	0.00841
6	0.00709	0.00506	0.00675	0.00810	0.00843	0.00472	0.00540	0.00810	0.01113	0.01484	0.03205	0.79184	0.03846	0.01822	0.00742	0.00236	0.00337	0.01653	0.00540	0.00472

[dist]
# distance from previous block
# <min> <max>
17	68

[block]
# block no. 9 follows, 40 sequences, length 25
# corresponding to MSA columns:
# 432-456
name=unknown_J
#
# <colnr> <probs for GDERKNQSTAVLIFYWHMCP>
#	G	D	E	R	K	N	Q	S	T	A	V	L	I	F	Y	W	H	M	C	P
0	0.01117	0.20746	0.14738	0.01211	0.03849	0.01216	0.07117	0.01422	0.01299	0.01763	0.17991	0.18336	0.02471	0.00938	0.00586	0.00178	0.00552	0.00818	0.00404	0.03248
1	0.01817	0.05435	0.24066	0.01428	0.04756	0.07595	0.01371	0.18536	0.01715	0.18714	0.01551	0.01860	0.01177	0.00711	0.00578	0.00182	0.00700	0.06478	0.00458	0.00873
2	0.01923	0.01961	0.01440	0.01256	0.01537	0.40405	0.00943	0.17928	0.01720	0.05699	0.01278	0.01755	0.01126	0.17296	0.01054	0.00244	0.00827	0.00518	0.00395	0.00692
3	0.01449	0.01184	0.01335	0.00994	0.01484	0.01059	0.00801	0.17682	0.07718	0.02332	0.01226	0.01329	0.00966	0.00520	0.00478	0.00115	0.00480	0.00410	0.00418	0.58021
4	0.00818	0.00671	0.00760	0.00708	0.00936	0.00555	0.00526	0.00991	0.01281	0.01688	0.10090	0.20052	0.38056	0.01292	0.00642	0.00179	0.00332	0.01107	0.00505	0.18812
5	0.00842	0.00577	0.00701	0.00701	0.00724	0.00600	0.00435	0.00888	0.00865	0.01177	0.01771	0.03468	0.01968	0.62889	0.19433	0.00646	0.00784	0.00796	0.00343	0.00389
6	0.00791	0.00617	0.00901	0.17139	0.01511	0.00645	0.00767	0.00952	0.01124	0.01485	0.02747	0.62796	0.03198	0.01560	0.00708	0.00227	0.00430	0.01413	0.00480	0.00509
7	0.01170	0.01010	0.01355	0.01404	0.17004	0.00853	0.00889	0.01451	0.01328	0.01993	0.17585	0.01951	0.01900	0.00617	0.00518	0.00126	0.00451	0.00538	0.00398	0.47460
8	0.02129	0.01588	0.01699	0.01321	0.01772	0.01765	0.01086	0.66412	0.10452	0.03533	0.01500	0.01479	0.01073	0.00708	0.00583	0.00177	0.00621	0.00538	0.00583	0.00982
9	0.01653	0.46017	0.02858	0.01390	0.01901	0.02012	0.17166	0.17021	0.01552	0.01963	0.01014	0.01172	0.00828	0.00538	0.00487	0.00151	0.00705	0.00439	0.00329	0.00806
10	0.05566	0.01229	0.01488	0.18199	0.02092	0.07480	0.01066	0.10744	0.01648	0.41921	0.01731	0.01695	0.01148	0.00669	0.00569	0.00180	0.00618	0.00534	0.00551	0.00872
11	0.01423	0.01326	0.04203	0.02069	0.27026	0.01329	0.07997	0.17594	0.02893	0.02184	0.02174	0.02311	0.16714	0.00805	0.00722	0.00188	0.07143	0.00684	0.00408	0.00807
12	0.00937	0.04732	0.01070	0.00981	0.01124	0.00830	0.00800	0.03516	0.01096	0.01514	0.01851	0.03134	0.01822	0.03432	0.53837	0.00720	0.01253	0.16434	0.00367	0.00550
13	0.01301	0.45565	0.01982	0.00818	0.01131	0.01544	0.00729	0.01467	0.01119	0.01495	0.01266	0.01813	0.01200	0.17228	0.00927	0.00220	0.00532	0.00475	0.18572	0.00618
14	0.00936	0.00544	0.00771	0.00771	0.00794	0.00567	0.00522	0.00838	0.00815	0.01110	0.01305	0.02312	0.01342	0.18908	0.19044	0.47449	0.00751	0.00603	0.00287	0.00333
15	0.00709	0.00506	0.00675	0.00810	0.00843	0.00472	0.00540	0.00810	0.01113	0.01484	0.03205	0.79184	0.03846	0.01822	0.00742	0.00236	0.00337	0.01653	0.00540	0.00472
16	0.18220	0.00641	0.00708	0.00789	0.00900	0.00649	0.00554	0.01001	0.01098	0.01726	0.02837	0.58894	0.06852	0.01533	0.00659	0.00222	0.00359	0.01349	0.00502	0.00507
17	0.19366	0.00911	0.01114	0.00916	0.01247	0.00872	0.00730	0.02136	0.01321	0.44073	0.01696	0.01714	0.01173	0.00970	0.00912	0.18561	0.00488	0.00510	0.00540	0.00750
18	0.01596	0.01476	0.02450	0.02839	0.44111	0.01494	0.16841	0.17812	0.01647	0.02283	0.01178	0.01457	0.00928	0.00552	0.00600	0.00178	0.00741	0.00555	0.00354	0.00907
19	0.00770	0.00611	0.00768	0.00779	0.00930	0.00608	0.00607	0.00954	0.01157	0.01489	0.03780	0.04244	0.37503	0.02734	0.33838	0.00522	0.00861	0.06897	0.00441	0.00507
20	0.00974	0.00518	0.00730	0.00730	0.00730	0.00518	0.00471	0.00777	0.00777	0.01036	0.01192	0.02219	0.01255	0.19213	0.02425	0.64785	0.00518	0.00581	0.00275	0.00275
21	0.01416	0.01283	0.01176	0.01028	0.01272	0.17014	0.00793	0.17519	0.01888	0.02436	0.43395	0.02995	0.03490	0.00956	0.00629	0.00174	0.00519	0.00792	0.00555	0.00673
