[name]
unknown

[dist]
# distance from previous block
# <min> <max>
0	286

[block]
# block no. 0 follows, 41 sequences, length 15
# corresponding to MSA columns:
# 300-314
name=unknown_A
#
# <colnr> <probs for GDERKNQSTAVLIFYWHMCP>
#	G	D	E	R	K	N	Q	S	T	A	V	L	I	F	Y	W	H	M	C	P
0	0.01080	0.01017	0.01716	0.78523	0.03940	0.01271	0.01589	0.01461	0.01144	0.01461	0.01017	0.01525	0.00762	0.00572	0.00572	0.00191	0.00762	0.00508	0.00254	0.00635
1	0.01371	0.01484	0.03040	0.02761	0.26308	0.01419	0.51202	0.01808	0.01335	0.01844	0.01131	0.01502	0.00880	0.00491	0.00640	0.00186	0.00874	0.00622	0.00287	0.00814
2	0.01308	0.01316	0.01144	0.01187	0.01371	0.25122	0.00980	0.01534	0.01413	0.01613	0.02347	0.04729	0.02479	0.01265	0.00703	0.00226	0.00687	0.49552	0.00453	0.00570
3	0.01330	0.01249	0.01904	0.01545	0.01923	0.01324	0.24228	0.02398	0.41492	0.02120	0.02053	0.02547	0.01682	0.00794	0.00641	0.00203	0.00626	0.10651	0.00481	0.00810
4	0.00810	0.00585	0.00765	0.00720	0.00855	0.00540	0.00540	0.01079	0.01619	0.02294	0.76028	0.04273	0.05397	0.01169	0.00675	0.00180	0.00270	0.01034	0.00630	0.00540
5	0.01851	0.01638	0.25336	0.01220	0.01757	0.01088	0.01238	0.04629	0.11615	0.36504	0.01928	0.01859	0.03193	0.02749	0.00630	0.00191	0.00597	0.00558	0.00524	0.00894
6	0.28051	0.01354	0.01362	0.01112	0.01505	0.01511	0.00923	0.44252	0.02012	0.03093	0.01349	0.01720	0.01083	0.00723	0.00524	0.00182	0.00560	0.07370	0.00498	0.00818
7	0.83938	0.01106	0.00841	0.00752	0.01106	0.01283	0.00619	0.01681	0.00973	0.02566	0.00796	0.00929	0.00619	0.00531	0.00354	0.00177	0.00442	0.00310	0.00354	0.00619
8	0.28145	0.02211	0.01373	0.01244	0.01558	0.53336	0.00951	0.02092	0.01415	0.01771	0.00856	0.00999	0.00699	0.00571	0.00464	0.00157	0.00844	0.00350	0.00314	0.00649
9	0.01606	0.01542	0.02764	0.02003	0.02540	0.01524	0.48161	0.24897	0.01770	0.02397	0.01220	0.01475	0.00900	0.00545	0.00633	0.00182	0.00837	0.00611	0.00381	0.04012
10	0.00735	0.00534	0.00745	0.00835	0.00891	0.00544	0.00589	0.00868	0.01039	0.01418	0.02637	0.54954	0.03035	0.02586	0.25181	0.00451	0.00713	0.01304	0.00460	0.00479
11	0.00810	0.00585	0.00765	0.00720	0.00855	0.00540	0.00540	0.01079	0.01619	0.02294	0.76028	0.04273	0.05397	0.01169	0.00675	0.00180	0.00270	0.01034	0.00630	0.00540
12	0.01598	0.02327	0.52895	0.01436	0.02153	0.01173	0.01709	0.02122	0.01344	0.25630	0.01418	0.01443	0.00944	0.00596	0.00554	0.00180	0.00731	0.00471	0.00390	0.00886
13	0.00942	0.00548	0.00548	0.00548	0.00700	0.00517	0.00411	0.01170	0.01233	0.01946	0.03115	0.03205	0.25195	0.00915	0.00488	0.00152	0.00274	0.00747	0.56829	0.00517
14	0.01286	0.01993	0.26763	0.02163	0.02826	0.01409	0.51316	0.01826	0.01305	0.01826	0.01116	0.01436	0.00822	0.00502	0.00633	0.00189	0.00926	0.00595	0.00274	0.00795

[dist]
# distance from previous block
# <min> <max>
6	8

[block]
# block no. 1 follows, 41 sequences, length 10
# corresponding to MSA columns:
# 323-332
name=unknown_B
#
# <colnr> <probs for GDERKNQSTAVLIFYWHMCP>
#	G	D	E	R	K	N	Q	S	T	A	V	L	I	F	Y	W	H	M	C	P
0	0.01660	0.52219	0.09893	0.01130	0.01646	0.02044	0.01118	0.20646	0.01564	0.01979	0.00968	0.01065	0.00795	0.00546	0.00438	0.00141	0.00639	0.00372	0.00330	0.00807
1	0.01066	0.00533	0.00533	0.00533	0.00666	0.00533	0.00400	0.01333	0.01200	0.02132	0.01866	0.02132	0.01466	0.00666	0.00400	0.00133	0.00267	0.00533	0.83073	0.00533
2	0.01251	0.01251	0.01752	0.01502	0.01502	0.01752	0.01251	0.01377	0.00876	0.01377	0.00751	0.01251	0.00751	0.01001	0.01877	0.00250	0.78851	0.00501	0.00250	0.00626
3	0.01591	0.01400	0.02125	0.07823	0.52213	0.01461	0.01571	0.20648	0.01653	0.02294	0.01149	0.01412	0.00914	0.00560	0.00568	0.00172	0.00672	0.00511	0.00356	0.00906
4	0.01059	0.00882	0.01050	0.00834	0.01219	0.00685	0.00640	0.01273	0.01162	0.01759	0.01573	0.21574	0.01611	0.00780	0.00503	0.00123	0.00400	0.00674	0.00389	0.61812
5	0.01350	0.01543	0.03375	0.02411	0.02989	0.01446	0.74253	0.01832	0.01350	0.01832	0.01157	0.01543	0.00868	0.00482	0.00675	0.00193	0.00964	0.00675	0.00289	0.00771
6	0.00897	0.01203	0.20588	0.00957	0.01276	0.00745	0.00949	0.01270	0.01512	0.02168	0.56509	0.03475	0.04181	0.01006	0.00640	0.00180	0.00420	0.00875	0.00529	0.00619
7	0.01234	0.01038	0.01129	0.01068	0.01316	0.01173	0.00808	0.02456	0.55985	0.02150	0.02543	0.22275	0.02276	0.01040	0.00621	0.00204	0.00421	0.00902	0.00569	0.00791
8	0.01529	0.80242	0.02997	0.00979	0.01468	0.02263	0.00979	0.01713	0.01162	0.01346	0.00795	0.00918	0.00734	0.00489	0.00367	0.00122	0.00612	0.00306	0.00245	0.00734
9	0.01597	0.01405	0.02134	0.06643	0.53353	0.01463	0.01573	0.20653	0.01656	0.02300	0.01150	0.01410	0.00916	0.00559	0.00568	0.00171	0.00671	0.00511	0.00357	0.00910

[dist]
# distance from previous block
# <min> <max>
5	8

[block]
# block no. 2 follows, 41 sequences, length 7
# corresponding to MSA columns:
# 341-347
name=unknown_C
#
# <colnr> <probs for GDERKNQSTAVLIFYWHMCP>
#	G	D	E	R	K	N	Q	S	T	A	V	L	I	F	Y	W	H	M	C	P
0	0.00764	0.00562	0.00715	0.00720	0.00838	0.00514	0.00524	0.00975	0.01448	0.01989	0.48776	0.23044	0.14289	0.01360	0.00689	0.00195	0.00288	0.01203	0.00592	0.00514
1	0.00976	0.00537	0.00789	0.00821	0.00854	0.00537	0.00602	0.00854	0.00887	0.01171	0.01497	0.02904	0.01562	0.01886	0.01878	0.62809	0.00504	0.18298	0.00317	0.00317
2	0.00874	0.00697	0.01029	0.00996	0.01085	0.00851	0.00785	0.01068	0.00914	0.01334	0.01429	0.02116	0.01341	0.03858	0.67676	0.00831	0.11693	0.00598	0.00299	0.00526
3	0.01066	0.00533	0.00533	0.00533	0.00666	0.00533	0.00400	0.01333	0.01200	0.02132	0.01866	0.02132	0.01466	0.00666	0.00400	0.00133	0.00267	0.00533	0.83073	0.00533
4	0.07230	0.00873	0.01101	0.00881	0.01242	0.00792	0.00718	0.02359	0.01488	0.53691	0.02070	0.01930	0.01379	0.00687	0.00518	0.00166	0.00430	0.00548	0.21055	0.00843
5	0.01163	0.01101	0.01865	0.59973	0.21842	0.01293	0.01630	0.01534	0.01183	0.01562	0.01031	0.01498	0.00798	0.00556	0.00570	0.00185	0.00742	0.00509	0.00261	0.00702
6	0.01066	0.00533	0.00533	0.00533	0.00666	0.00533	0.00400	0.01333	0.01200	0.02132	0.01866	0.02132	0.01466	0.00666	0.00400	0.00133	0.00267	0.00533	0.83073	0.00533

[dist]
# distance from previous block
# <min> <max>
0	1

[block]
# block no. 3 follows, 41 sequences, length 7
# corresponding to MSA columns:
# 349-355
name=unknown_D
#
# <colnr> <probs for GDERKNQSTAVLIFYWHMCP>
#	G	D	E	R	K	N	Q	S	T	A	V	L	I	F	Y	W	H	M	C	P
0	0.01216	0.01148	0.01933	0.52978	0.28345	0.01312	0.01651	0.01576	0.01211	0.01620	0.01059	0.01518	0.00832	0.00566	0.00579	0.00188	0.00741	0.00516	0.00272	0.00738
1	0.01650	0.01577	0.02823	0.02052	0.02590	0.01568	0.49339	0.26313	0.01815	0.02450	0.01252	0.01516	0.00924	0.00566	0.00649	0.00190	0.00857	0.00628	0.00392	0.00850
2	0.00869	0.00621	0.00851	0.00981	0.01082	0.00607	0.00799	0.01070	0.01255	0.01647	0.03086	0.31093	0.03470	0.01663	0.00778	0.00257	0.00469	0.48349	0.00535	0.00518
3	0.29251	0.01288	0.01834	0.02587	0.50724	0.01345	0.01378	0.01745	0.01205	0.02124	0.01004	0.01282	0.00830	0.00532	0.00504	0.00176	0.00607	0.00449	0.00315	0.00820
4	0.01134	0.01064	0.01785	0.71314	0.10650	0.01290	0.01610	0.01504	0.01172	0.01520	0.01045	0.01545	0.00797	0.00581	0.00581	0.00193	0.00761	0.00516	0.00265	0.00672
5	0.00894	0.00641	0.00870	0.00940	0.01069	0.00621	0.00779	0.01143	0.01419	0.01913	0.27656	0.10030	0.04043	0.01465	0.00756	0.00237	0.00436	0.43979	0.00569	0.00539
6	0.02422	0.00941	0.01281	0.00993	0.01410	0.00816	0.00816	0.02647	0.01636	0.70610	0.08318	0.02138	0.01743	0.00746	0.00583	0.00177	0.00469	0.00613	0.00702	0.00938

[dist]
# distance from previous block
# <min> <max>
0	4

[block]
# block no. 4 follows, 41 sequences, length 10
# corresponding to MSA columns:
# 360-369
name=unknown_E
#
# <colnr> <probs for GDERKNQSTAVLIFYWHMCP>
#	G	D	E	R	K	N	Q	S	T	A	V	L	I	F	Y	W	H	M	C	P
0	0.01350	0.01543	0.03375	0.02411	0.02989	0.01446	0.74253	0.01832	0.01350	0.01832	0.01157	0.01543	0.00868	0.00482	0.00675	0.00193	0.00964	0.00675	0.00289	0.00771
1	0.01416	0.01359	0.02322	0.03511	0.76330	0.01359	0.01755	0.01755	0.01302	0.01869	0.01076	0.01416	0.00906	0.00510	0.00566	0.00170	0.00680	0.00510	0.00283	0.00906
2	0.01186	0.01017	0.01186	0.00847	0.01356	0.00762	0.00678	0.01440	0.01186	0.01864	0.01017	0.01186	0.00847	0.00424	0.00424	0.00085	0.00424	0.00339	0.00339	0.83395
3	0.01456	0.01060	0.01249	0.00909	0.01405	0.00857	0.00734	0.07700	0.01373	0.12195	0.01215	0.01305	0.00935	0.00484	0.00457	0.00105	0.00449	0.00386	0.00409	0.65318
4	0.01350	0.01543	0.03375	0.02411	0.02989	0.01446	0.74253	0.01832	0.01350	0.01832	0.01157	0.01543	0.00868	0.00482	0.00675	0.00193	0.00964	0.00675	0.00289	0.00771
5	0.01416	0.01359	0.02322	0.03511	0.76330	0.01359	0.01755	0.01755	0.01302	0.01869	0.01076	0.01416	0.00906	0.00510	0.00566	0.00170	0.00680	0.00510	0.00283	0.00906
6	0.01275	0.01073	0.01232	0.00901	0.01395	0.00878	0.00722	0.07050	0.05642	0.02026	0.01120	0.01256	0.00909	0.00464	0.00444	0.00098	0.00441	0.00370	0.00371	0.72332
7	0.02384	0.01075	0.01371	0.01059	0.01486	0.01007	0.00871	0.16850	0.01844	0.57819	0.06492	0.01972	0.01566	0.00731	0.00581	0.00176	0.00502	0.00591	0.00676	0.00947
8	0.01186	0.01017	0.01186	0.00847	0.01356	0.00762	0.00678	0.01440	0.01186	0.01864	0.01017	0.01186	0.00847	0.00424	0.00424	0.00085	0.00424	0.00339	0.00339	0.83395
9	0.01862	0.01120	0.01308	0.01082	0.01456	0.01159	0.00866	0.10493	0.32480	0.29332	0.07720	0.02110	0.01785	0.00758	0.00580	0.00180	0.00469	0.00624	0.00621	0.03994

[dist]
# distance from previous block
# <min> <max>
2	4

[block]
# block no. 5 follows, 41 sequences, length 20
# corresponding to MSA columns:
# 374-393
name=unknown_F
#
# <colnr> <probs for GDERKNQSTAVLIFYWHMCP>
#	G	D	E	R	K	N	Q	S	T	A	V	L	I	F	Y	W	H	M	C	P
0	0.01248	0.00826	0.01006	0.00873	0.01102	0.00820	0.00680	0.12837	0.06450	0.10409	0.51873	0.03438	0.04052	0.01020	0.00642	0.00179	0.00361	0.00880	0.00626	0.00677
1	0.01966	0.01091	0.04591	0.01053	0.01443	0.00997	0.00881	0.02620	0.23122	0.43080	0.10781	0.02239	0.01944	0.00774	0.00587	0.00182	0.00467	0.00643	0.00641	0.00898
2	0.01186	0.01017	0.01186	0.00847	0.01356	0.00762	0.00678	0.01440	0.01186	0.01864	0.01017	0.01186	0.00847	0.00424	0.00424	0.00085	0.00424	0.00339	0.00339	0.83395
3	0.01829	0.00826	0.01095	0.00908	0.01221	0.00739	0.00722	0.02106	0.04337	0.44921	0.24130	0.07659	0.05103	0.00938	0.00618	0.00182	0.00406	0.00799	0.00663	0.00796
4	0.00940	0.00610	0.00798	0.00744	0.00899	0.00558	0.00560	0.01192	0.01578	0.08234	0.63382	0.08883	0.07060	0.01180	0.00670	0.00183	0.00292	0.01040	0.00627	0.00568
5	0.01416	0.01359	0.02322	0.03511	0.76330	0.01359	0.01755	0.01755	0.01302	0.01869	0.01076	0.01416	0.00906	0.00510	0.00566	0.00170	0.00680	0.00510	0.00283	0.00906
6	0.01529	0.80242	0.02997	0.00979	0.01468	0.02263	0.00979	0.01713	0.01162	0.01346	0.00795	0.00918	0.00734	0.00489	0.00367	0.00122	0.00612	0.00306	0.00245	0.00734
7	0.01332	0.01046	0.01214	0.00910	0.01384	0.00872	0.00726	0.01796	0.12793	0.07842	0.01319	0.01394	0.01032	0.00501	0.00460	0.00109	0.00433	0.00406	0.00406	0.64024
8	0.00825	0.00594	0.00757	0.00832	0.00908	0.00576	0.00577	0.06769	0.01265	0.01698	0.08669	0.67364	0.03681	0.01654	0.00713	0.00223	0.00351	0.01490	0.00542	0.00511
9	0.00801	0.00584	0.00753	0.00711	0.00849	0.00536	0.00533	0.01063	0.01599	0.02245	0.71498	0.04352	0.09958	0.01187	0.00675	0.00181	0.00271	0.01046	0.00623	0.00536
10	0.01474	0.01470	0.02265	0.03346	0.70304	0.07521	0.01703	0.01798	0.01328	0.01831	0.01060	0.01385	0.00892	0.00516	0.00562	0.00168	0.00708	0.00498	0.00284	0.00886
11	0.01416	0.01359	0.02322	0.03511	0.76330	0.01359	0.01755	0.01755	0.01302	0.01869	0.01076	0.01416	0.00906	0.00510	0.00566	0.00170	0.00680	0.00510	0.00283	0.00906
12	0.01400	0.01084	0.01245	0.00950	0.01411	0.00955	0.00758	0.05121	0.17104	0.08529	0.01419	0.01462	0.01094	0.00535	0.00477	0.00120	0.00444	0.00433	0.00433	0.55025
13	0.01177	0.08962	0.71191	0.01580	0.02397	0.01401	0.02025	0.01804	0.01204	0.01775	0.01009	0.01185	0.00725	0.00539	0.00530	0.00177	0.00827	0.00414	0.00242	0.00837
14	0.01099	0.00877	0.00986	0.00969	0.01174	0.00945	0.00729	0.01942	0.36687	0.03687	0.03017	0.28418	0.10583	0.01231	0.00653	0.00210	0.00400	0.05141	0.00559	0.00693
15	0.01416	0.01359	0.02322	0.03511	0.76330	0.01359	0.01755	0.01755	0.01302	0.01869	0.01076	0.01416	0.00906	0.00510	0.00566	0.00170	0.00680	0.00510	0.00283	0.00906
16	0.01113	0.00755	0.01049	0.00964	0.01169	0.00688	0.05375	0.05401	0.01280	0.10681	0.02528	0.50209	0.02756	0.01331	0.00658	0.00200	0.00421	0.01202	0.00513	0.11707
17	0.01416	0.01359	0.02322	0.03511	0.76330	0.01359	0.01755	0.01755	0.01302	0.01869	0.01076	0.01416	0.00906	0.00510	0.00566	0.00170	0.00680	0.00510	0.00283	0.00906
18	0.01278	0.01285	0.02273	0.01686	0.02167	0.01203	0.37731	0.01875	0.14183	0.01914	0.01454	0.06584	0.01204	0.00603	0.00598	0.00168	0.00695	0.00645	0.00369	0.22088
19	0.01260	0.25694	0.55183	0.01439	0.02179	0.01603	0.01780	0.01782	0.01194	0.01674	0.00958	0.01122	0.00727	0.00528	0.00492	0.00164	0.00777	0.00388	0.00242	0.00813

[dist]
# distance from previous block
# <min> <max>
2	4

[block]
# block no. 6 follows, 41 sequences, length 10
# corresponding to MSA columns:
# 400-409
name=unknown_G
#
# <colnr> <probs for GDERKNQSTAVLIFYWHMCP>
#	G	D	E	R	K	N	Q	S	T	A	V	L	I	F	Y	W	H	M	C	P
0	0.00832	0.00555	0.00624	0.00624	0.00624	0.00555	0.00347	0.00832	0.00832	0.01109	0.01802	0.03743	0.02080	0.79898	0.02911	0.00555	0.00555	0.00832	0.00347	0.00347
1	0.00919	0.00853	0.01584	0.01345	0.01563	0.00798	0.25566	0.01148	0.01182	0.01586	0.02475	0.53043	0.02793	0.01347	0.00711	0.00219	0.00547	0.01303	0.00449	0.00569
2	0.02566	0.00973	0.01327	0.01018	0.01460	0.00841	0.00841	0.02788	0.01637	0.76726	0.02257	0.01947	0.01416	0.00708	0.00575	0.00177	0.00487	0.00575	0.00708	0.00973
3	0.00832	0.00555	0.00624	0.00624	0.00624	0.00555	0.00347	0.00832	0.00832	0.01109	0.01802	0.03743	0.02080	0.79898	0.02911	0.00555	0.00555	0.00832	0.00347	0.00347
4	0.01416	0.01359	0.02322	0.03511	0.76330	0.01359	0.01755	0.01755	0.01302	0.01869	0.01076	0.01416	0.00906	0.00510	0.00566	0.00170	0.00680	0.00510	0.00283	0.00906
5	0.01080	0.01017	0.01716	0.78523	0.03940	0.01271	0.01589	0.01461	0.01144	0.01461	0.01017	0.01525	0.00762	0.00572	0.00572	0.00191	0.00762	0.00508	0.00254	0.00635
6	0.01618	0.01247	0.01345	0.01167	0.01517	0.01407	0.00920	0.11128	0.59972	0.09668	0.02213	0.02030	0.01626	0.00759	0.00580	0.00190	0.00476	0.00625	0.00593	0.00920
7	0.01147	0.02959	0.76934	0.01630	0.02476	0.01328	0.02113	0.01811	0.01208	0.01811	0.01026	0.01208	0.00725	0.00543	0.00543	0.00181	0.00845	0.00423	0.00242	0.00845
8	0.00799	0.00576	0.00755	0.00727	0.00852	0.00533	0.00539	0.01053	0.01570	0.02215	0.69146	0.11379	0.05245	0.01228	0.00680	0.00185	0.00276	0.01090	0.00620	0.00533
9	0.01416	0.01359	0.02322	0.03511	0.76330	0.01359	0.01755	0.01755	0.01302	0.01869	0.01076	0.01416	0.00906	0.00510	0.00566	0.00170	0.00680	0.00510	0.00283	0.00906

[dist]
# distance from previous block
# <min> <max>
0	207

# created by:
# /software/SequenceAnalysis/GenePrediction/augustus/3.0.1/scripts/msa2prfl.pl ./fixed/BUSCOvEOG7NGJ2C.fas
