[name]
unknown

[dist]
# distance from previous block
# <min> <max>
0	489

[block]
# block no. 0 follows, 41 sequences, length 14
# corresponding to MSA columns:
# 510-523
name=unknown_A
#
# <colnr> <probs for GDERKNQSTAVLIFYWHMCP>
#	G	D	E	R	K	N	Q	S	T	A	V	L	I	F	Y	W	H	M	C	P
0	0.00922	0.00658	0.00922	0.01053	0.01185	0.00658	0.00922	0.01185	0.01317	0.01712	0.03029	0.06452	0.03292	0.01580	0.00790	0.00263	0.00527	0.72480	0.00527	0.00527
1	0.01147	0.02959	0.76934	0.01630	0.02476	0.01328	0.02113	0.01811	0.01208	0.01811	0.01026	0.01208	0.00725	0.00543	0.00543	0.00181	0.00845	0.00423	0.00242	0.00845
2	0.01366	0.01308	0.02231	0.14684	0.65547	0.01346	0.01731	0.01712	0.01279	0.01808	0.01067	0.01432	0.00885	0.00519	0.00567	0.00173	0.00692	0.00509	0.00279	0.00866
3	0.01080	0.01017	0.01716	0.78523	0.03940	0.01271	0.01589	0.01461	0.01144	0.01461	0.01017	0.01525	0.00762	0.00572	0.00572	0.00191	0.00762	0.00508	0.00254	0.00635
4	0.00697	0.00498	0.00664	0.00796	0.00830	0.00465	0.00531	0.00796	0.01095	0.01460	0.03153	0.79525	0.03783	0.01792	0.00730	0.00232	0.00332	0.01626	0.00531	0.00465
5	0.01416	0.01359	0.02322	0.03511	0.76330	0.01359	0.01755	0.01755	0.01302	0.01869	0.01076	0.01416	0.00906	0.00510	0.00566	0.00170	0.00680	0.00510	0.00283	0.00906
6	0.01423	0.01229	0.01293	0.01164	0.01487	0.01423	0.00905	0.03039	0.75297	0.02393	0.02328	0.02134	0.01746	0.00776	0.00582	0.00194	0.00453	0.00647	0.00582	0.00905
7	0.01186	0.01017	0.01186	0.00847	0.01356	0.00762	0.00678	0.01440	0.01186	0.01864	0.01017	0.01186	0.00847	0.00424	0.00424	0.00085	0.00424	0.00339	0.00339	0.83395
8	0.01529	0.80242	0.02997	0.00979	0.01468	0.02263	0.00979	0.01713	0.01162	0.01346	0.00795	0.00918	0.00734	0.00489	0.00367	0.00122	0.00612	0.00306	0.00245	0.00734
9	0.00697	0.00498	0.00664	0.00796	0.00830	0.00465	0.00531	0.00796	0.01095	0.01460	0.03153	0.79525	0.03783	0.01792	0.00730	0.00232	0.00332	0.01626	0.00531	0.00465
10	0.00832	0.00555	0.00624	0.00624	0.00624	0.00555	0.00347	0.00832	0.00832	0.01109	0.01802	0.03743	0.02080	0.79898	0.02911	0.00555	0.00555	0.00832	0.00347	0.00347
11	0.01416	0.01359	0.02322	0.03511	0.76330	0.01359	0.01755	0.01755	0.01302	0.01869	0.01076	0.01416	0.00906	0.00510	0.00566	0.00170	0.00680	0.00510	0.00283	0.00906
12	0.00832	0.00555	0.00624	0.00624	0.00624	0.00555	0.00347	0.00832	0.00832	0.01109	0.01802	0.03743	0.02080	0.79898	0.02911	0.00555	0.00555	0.00832	0.00347	0.00347
13	0.01186	0.01017	0.01186	0.00847	0.01356	0.00762	0.00678	0.01440	0.01186	0.01864	0.01017	0.01186	0.00847	0.00424	0.00424	0.00085	0.00424	0.00339	0.00339	0.83395

[dist]
# distance from previous block
# <min> <max>
0	1

[block]
# block no. 1 follows, 41 sequences, length 9
# corresponding to MSA columns:
# 525-533
name=unknown_B
#
# <colnr> <probs for GDERKNQSTAVLIFYWHMCP>
#	G	D	E	R	K	N	Q	S	T	A	V	L	I	F	Y	W	H	M	C	P
0	0.00824	0.00551	0.00626	0.00634	0.00636	0.00549	0.00357	0.00830	0.00847	0.01130	0.01881	0.08159	0.02179	0.75347	0.02784	0.00536	0.00542	0.00878	0.00357	0.00353
1	0.01147	0.02959	0.76934	0.01630	0.02476	0.01328	0.02113	0.01811	0.01208	0.01811	0.01026	0.01208	0.00725	0.00543	0.00543	0.00181	0.00845	0.00423	0.00242	0.00845
2	0.02849	0.01229	0.01567	0.01259	0.01713	0.01051	0.00990	0.02959	0.01838	0.72688	0.02550	0.02410	0.01730	0.00943	0.00729	0.00244	0.00611	0.00687	0.00810	0.01142
3	0.01069	0.00858	0.00862	0.00847	0.01065	0.00714	0.00608	0.01107	0.01524	0.01887	0.05882	0.05760	0.72060	0.01640	0.00824	0.00259	0.00426	0.01282	0.00644	0.00681
4	0.01436	0.00815	0.00819	0.00803	0.00965	0.00762	0.00575	0.01589	0.01425	0.02441	0.02183	0.02585	0.01777	0.00904	0.00564	0.00203	0.00404	0.00647	0.78377	0.00728
5	0.01368	0.00781	0.01019	0.01003	0.01040	0.00727	0.00666	0.01036	0.00998	0.01368	0.01361	0.02214	0.01332	0.02147	0.02292	0.78578	0.00621	0.00613	0.00377	0.00460
6	0.01213	0.00844	0.00951	0.00936	0.00989	0.00807	0.00583	0.01148	0.01093	0.01512	0.02079	0.03863	0.02251	0.63468	0.14838	0.00657	0.00831	0.00894	0.00464	0.00578
7	0.01195	0.00863	0.01037	0.00979	0.01143	0.00768	0.00707	0.01351	0.01821	0.02592	0.72024	0.04600	0.05479	0.01377	0.00823	0.00246	0.00407	0.01119	0.00736	0.00734
8	0.02849	0.01229	0.01567	0.01259	0.01713	0.01051	0.00990	0.02959	0.01838	0.72688	0.02550	0.02410	0.01730	0.00943	0.00729	0.00244	0.00611	0.00687	0.00810	0.01142

[dist]
# distance from previous block
# <min> <max>
0	1

[block]
# block no. 2 follows, 41 sequences, length 38
# corresponding to MSA columns:
# 535-572
name=unknown_C
#
# <colnr> <probs for GDERKNQSTAVLIFYWHMCP>
#	G	D	E	R	K	N	Q	S	T	A	V	L	I	F	Y	W	H	M	C	P
0	0.02188	0.02699	0.01661	0.01501	0.01806	0.73424	0.01126	0.05637	0.01703	0.01558	0.00967	0.01131	0.00805	0.00633	0.00544	0.00160	0.01028	0.00395	0.00328	0.00708
1	0.00760	0.00544	0.00709	0.00838	0.00876	0.00502	0.00558	0.00843	0.01133	0.01516	0.03192	0.78870	0.03811	0.01820	0.00753	0.00243	0.00353	0.01634	0.00549	0.00497
2	0.00760	0.00544	0.00709	0.00838	0.00876	0.00502	0.00558	0.00843	0.01133	0.01516	0.03192	0.78870	0.03811	0.01820	0.00753	0.00243	0.00353	0.01634	0.00549	0.00497
3	0.01206	0.02981	0.76262	0.01664	0.02507	0.01358	0.02125	0.01848	0.01244	0.01864	0.01085	0.01289	0.00782	0.00583	0.00569	0.00192	0.00862	0.00442	0.00262	0.00874
4	0.01437	0.01220	0.01301	0.01192	0.01503	0.01388	0.00930	0.02911	0.68481	0.02383	0.02433	0.02566	0.01922	0.00880	0.00624	0.00210	0.00479	0.06641	0.00595	0.00902
5	0.00760	0.00544	0.00709	0.00838	0.00876	0.00502	0.00558	0.00843	0.01133	0.01516	0.03192	0.78870	0.03811	0.01820	0.00753	0.00243	0.00353	0.01634	0.00549	0.00497
6	0.01472	0.01397	0.02351	0.03526	0.75667	0.01388	0.01771	0.01793	0.01338	0.01921	0.01134	0.01495	0.00961	0.00549	0.00591	0.00181	0.00698	0.00528	0.00304	0.00934
7	0.01206	0.02981	0.76262	0.01664	0.02507	0.01358	0.02125	0.01848	0.01244	0.01864	0.01085	0.01289	0.00782	0.00583	0.00569	0.00192	0.00862	0.00442	0.00262	0.00874
8	0.00812	0.00584	0.00746	0.00837	0.00903	0.00567	0.00574	0.06528	0.01219	0.01627	0.03014	0.73441	0.03564	0.01706	0.00718	0.00228	0.00355	0.01540	0.00534	0.00504
9	0.01123	0.01060	0.01792	0.69042	0.13089	0.01282	0.01610	0.01499	0.01164	0.01513	0.01024	0.01511	0.00781	0.00564	0.00571	0.00188	0.00752	0.00508	0.00258	0.00670
10	0.01147	0.02959	0.76934	0.01630	0.02476	0.01328	0.02113	0.01811	0.01208	0.01811	0.01026	0.01208	0.00725	0.00543	0.00543	0.00181	0.00845	0.00423	0.00242	0.00845
11	0.01500	0.74226	0.08753	0.01029	0.01547	0.02190	0.01067	0.01720	0.01166	0.01382	0.00813	0.00940	0.00733	0.00494	0.00381	0.00127	0.00630	0.00315	0.00244	0.00743
12	0.51799	0.14194	0.01377	0.00941	0.01317	0.12425	0.00788	0.08063	0.01245	0.02291	0.00859	0.00980	0.00685	0.00546	0.00398	0.00163	0.00570	0.00335	0.00347	0.00675
13	0.00924	0.00565	0.00634	0.03608	0.00767	0.00575	0.00413	0.01033	0.00974	0.01484	0.01794	0.03089	0.01812	0.48857	0.01934	0.00392	0.00461	0.00714	0.29546	0.00424
14	0.01270	0.01368	0.02756	0.02005	0.02504	0.01280	0.53942	0.01671	0.01283	0.01787	0.01272	0.07546	0.01086	0.00599	0.00697	0.00182	0.04450	0.00690	0.00314	0.13298
15	0.01186	0.01017	0.01186	0.00847	0.01356	0.00762	0.00678	0.01440	0.01186	0.01864	0.01017	0.01186	0.00847	0.00424	0.00424	0.00085	0.00424	0.00339	0.00339	0.83395
16	0.01310	0.01414	0.02839	0.02028	0.02589	0.01279	0.56221	0.01736	0.01310	0.01840	0.01123	0.01455	0.00863	0.00468	0.00613	0.00166	0.00832	0.00593	0.00301	0.21021
17	0.01477	0.01395	0.07158	0.01158	0.01506	0.07320	0.00967	0.08258	0.42166	0.06166	0.13965	0.02250	0.02099	0.00796	0.00588	0.00184	0.00515	0.00656	0.00546	0.00831
18	0.00818	0.00611	0.00909	0.00909	0.01007	0.00709	0.00702	0.01015	0.00916	0.01320	0.01542	0.02301	0.01453	0.07003	0.74950	0.00906	0.01497	0.00621	0.00308	0.00505
19	0.00694	0.00511	0.00650	0.00761	0.00820	0.00468	0.00515	0.00800	0.01129	0.01474	0.03580	0.67540	0.15491	0.01736	0.00721	0.00226	0.00325	0.01558	0.00531	0.00468
20	0.00827	0.00620	0.00822	0.00838	0.04353	0.00573	0.00588	0.01091	0.01580	0.02216	0.67080	0.04236	0.10692	0.01160	0.00670	0.00180	0.00290	0.01024	0.00606	0.00552
21	0.01257	0.10291	0.05486	0.07250	0.08157	0.01383	0.37169	0.01643	0.01327	0.01807	0.13198	0.01876	0.01571	0.00629	0.00675	0.00183	0.04388	0.00649	0.00333	0.00727
22	0.70483	0.01017	0.00806	0.00731	0.01028	0.01165	0.00575	0.01544	0.00950	0.02330	0.00959	0.01385	0.00856	0.13381	0.00768	0.00238	0.00461	0.00394	0.00353	0.00575
23	0.00897	0.00740	0.01187	0.00993	0.01200	0.00687	0.12474	0.01201	0.01576	0.02219	0.63906	0.03831	0.04664	0.01058	0.00675	0.00182	0.00382	0.00976	0.00575	0.00577
24	0.01356	0.01602	0.14373	0.06788	0.60916	0.01350	0.01805	0.01750	0.01279	0.01840	0.01065	0.01387	0.00870	0.00518	0.00563	0.00173	0.00710	0.00495	0.00275	0.00883
25	0.02285	0.00906	0.01213	0.00954	0.01325	0.00794	0.00761	0.02471	0.01507	0.64483	0.02183	0.02238	0.01523	0.13530	0.00953	0.00238	0.00498	0.00617	0.00649	0.00872
26	0.00813	0.00637	0.00932	0.01236	0.13054	0.00609	0.00729	0.00952	0.01129	0.01526	0.02816	0.66878	0.03317	0.01584	0.00704	0.00222	0.00388	0.01445	0.00491	0.00536
27	0.01061	0.01023	0.01366	0.01207	0.01262	0.01328	0.00985	0.01190	0.01007	0.01428	0.02281	0.06873	0.21739	0.01170	0.01480	0.00233	0.52687	0.00760	0.00344	0.00577
28	0.11157	0.01145	0.01223	0.01054	0.01382	0.01265	0.00835	0.13517	0.36909	0.09278	0.13929	0.02206	0.02057	0.00791	0.00568	0.00185	0.00452	0.00644	0.00573	0.00829
29	0.02566	0.00973	0.01327	0.01018	0.01460	0.00841	0.00841	0.02788	0.01637	0.76726	0.02257	0.01947	0.01416	0.00708	0.00575	0.00177	0.00487	0.00575	0.00708	0.00973
30	0.00715	0.00512	0.00680	0.00784	0.00834	0.00477	0.00532	0.00842	0.01180	0.01595	0.14952	0.67341	0.04044	0.01691	0.00721	0.00224	0.00322	0.01530	0.00547	0.00477
31	0.01260	0.01178	0.01989	0.16189	0.51497	0.01239	0.01558	0.01585	0.01213	0.01710	0.01139	0.01569	0.00966	0.01133	0.13045	0.00295	0.00832	0.00526	0.00282	0.00795
32	0.01221	0.01194	0.01038	0.01039	0.01198	0.19165	0.00751	0.04913	0.12572	0.01687	0.02401	0.45315	0.02613	0.01298	0.00649	0.00203	0.00532	0.01124	0.00484	0.00603
33	0.00964	0.00511	0.00748	0.00741	0.00763	0.00504	0.00504	0.00799	0.00887	0.01204	0.13142	0.02149	0.01707	0.01855	0.01983	0.69891	0.00460	0.00584	0.00310	0.00296
34	0.00939	0.00765	0.01260	0.01214	0.01396	0.00741	0.12705	0.01201	0.01271	0.01673	0.02754	0.22451	0.03012	0.01451	0.00758	0.00245	0.00553	0.44570	0.00489	0.00552
35	0.01397	0.01381	0.02479	0.05027	0.62820	0.01371	0.13490	0.01761	0.01307	0.01854	0.01088	0.01439	0.00897	0.00507	0.00584	0.00174	0.00728	0.00536	0.00283	0.00878
36	0.01339	0.01280	0.02182	0.20750	0.59693	0.01339	0.01717	0.01688	0.01266	0.01775	0.01062	0.01441	0.00873	0.00524	0.00568	0.00175	0.00699	0.00509	0.00276	0.00844
37	0.01175	0.08600	0.71538	0.01583	0.02402	0.01397	0.02031	0.01804	0.01204	0.01777	0.01010	0.01186	0.00725	0.00539	0.00531	0.00177	0.00828	0.00414	0.00242	0.00837

[dist]
# distance from previous block
# <min> <max>
0	1

[block]
# block no. 3 follows, 41 sequences, length 29
# corresponding to MSA columns:
# 574-602
name=unknown_D
#
# <colnr> <probs for GDERKNQSTAVLIFYWHMCP>
#	G	D	E	R	K	N	Q	S	T	A	V	L	I	F	Y	W	H	M	C	P
0	0.00810	0.00585	0.00765	0.00720	0.00855	0.00540	0.00540	0.01079	0.01619	0.02294	0.76028	0.04273	0.05397	0.01169	0.00675	0.00180	0.00270	0.01034	0.00630	0.00540
1	0.01949	0.01477	0.01534	0.01246	0.01649	0.05343	0.01005	0.40330	0.27374	0.09306	0.01751	0.01665	0.01263	0.00714	0.00573	0.00179	0.00577	0.00558	0.00573	0.00934
2	0.01147	0.02959	0.76934	0.01630	0.02476	0.01328	0.02113	0.01811	0.01208	0.01811	0.01026	0.01208	0.00725	0.00543	0.00543	0.00181	0.00845	0.00423	0.00242	0.00845
3	0.01232	0.01183	0.01587	0.01311	0.01459	0.01464	0.01085	0.01395	0.00966	0.01518	0.00828	0.01232	0.00779	0.00833	0.01455	0.00202	0.56056	0.00454	0.00276	0.24683
4	0.02364	0.01051	0.01345	0.01058	0.01483	0.00987	0.00865	0.07084	0.13209	0.60766	0.02215	0.01942	0.01441	0.00717	0.00576	0.00179	0.00490	0.00583	0.00680	0.00963
5	0.01222	0.00859	0.00941	0.00825	0.00958	0.00909	0.00562	0.22221	0.01372	0.01834	0.01678	0.03054	0.01758	0.56875	0.02231	0.00443	0.00576	0.00740	0.00412	0.00529
6	0.01147	0.02959	0.76934	0.01630	0.02476	0.01328	0.02113	0.01811	0.01208	0.01811	0.01026	0.01208	0.00725	0.00543	0.00543	0.00181	0.00845	0.00423	0.00242	0.00845
7	0.00715	0.00581	0.00633	0.00620	0.00796	0.00499	0.00465	0.00896	0.01395	0.01763	0.26208	0.05147	0.55548	0.01367	0.00676	0.00189	0.00284	0.01157	0.00560	0.00499
8	0.01186	0.01017	0.01186	0.00847	0.01356	0.00762	0.00678	0.01440	0.01186	0.01864	0.01017	0.01186	0.00847	0.00424	0.00424	0.00085	0.00424	0.00339	0.00339	0.83395
9	0.01529	0.80242	0.02997	0.00979	0.01468	0.02263	0.00979	0.01713	0.01162	0.01346	0.00795	0.00918	0.00734	0.00489	0.00367	0.00122	0.00612	0.00306	0.00245	0.00734
10	0.01839	0.02246	0.01592	0.01429	0.01646	0.54854	0.01102	0.01981	0.01423	0.01403	0.01137	0.01344	0.05110	0.00738	0.00853	0.00175	0.19739	0.00449	0.00298	0.00644
11	0.00751	0.00582	0.00684	0.00658	0.00819	0.00515	0.00494	0.00966	0.01481	0.01966	0.45317	0.04811	0.36312	0.01291	0.00675	0.00186	0.00279	0.01110	0.00587	0.00515
12	0.01100	0.01037	0.01751	0.74174	0.08137	0.01276	0.01598	0.01478	0.01153	0.01485	0.01020	0.01519	0.00771	0.00568	0.00572	0.00189	0.00758	0.00508	0.00256	0.00651
13	0.01186	0.01017	0.01186	0.00847	0.01356	0.00762	0.00678	0.01440	0.01186	0.01864	0.01017	0.01186	0.00847	0.00424	0.00424	0.00085	0.00424	0.00339	0.00339	0.83395
14	0.60162	0.01577	0.01067	0.00962	0.01299	0.23465	0.00761	0.01857	0.01162	0.02227	0.00822	0.00959	0.00654	0.00548	0.00401	0.00168	0.00614	0.00327	0.00337	0.00632
15	0.01255	0.01262	0.01813	0.01536	0.01557	0.01741	0.03982	0.01394	0.00894	0.01394	0.00766	0.01262	0.00755	0.00982	0.01832	0.00248	0.75938	0.00507	0.00252	0.00631
16	0.00697	0.00498	0.00664	0.00796	0.00830	0.00465	0.00531	0.00796	0.01095	0.01460	0.03153	0.79525	0.03783	0.01792	0.00730	0.00232	0.00332	0.01626	0.00531	0.00465
17	0.00681	0.00580	0.00587	0.00585	0.00776	0.00485	0.00439	0.00831	0.01316	0.01575	0.08569	0.05456	0.73305	0.01438	0.00676	0.00193	0.00289	0.01200	0.00535	0.00485
18	0.01416	0.01359	0.02322	0.03511	0.76330	0.01359	0.01755	0.01755	0.01302	0.01869	0.01076	0.01416	0.00906	0.00510	0.00566	0.00170	0.00680	0.00510	0.00283	0.00906
19	0.01130	0.02786	0.71236	0.01587	0.02379	0.01278	0.02024	0.01764	0.01216	0.01804	0.01177	0.01601	0.00917	0.00621	0.00562	0.00187	0.00821	0.05825	0.00263	0.00821
20	0.00697	0.00498	0.00664	0.00796	0.00830	0.00465	0.00531	0.00796	0.01095	0.01460	0.03153	0.79525	0.03783	0.01792	0.00730	0.00232	0.00332	0.01626	0.00531	0.00465
21	0.01912	0.01472	0.01569	0.01263	0.01674	0.01651	0.01024	0.49536	0.28003	0.03182	0.01706	0.01639	0.01242	0.00718	0.00576	0.00179	0.00568	0.00561	0.00576	0.00949
22	0.01416	0.01359	0.02322	0.03511	0.76330	0.01359	0.01755	0.01755	0.01302	0.01869	0.01076	0.01416	0.00906	0.00510	0.00566	0.00170	0.00680	0.00510	0.00283	0.00906
23	0.00927	0.01412	0.27320	0.01037	0.01420	0.00815	0.01088	0.01335	0.01476	0.02126	0.49880	0.03204	0.03768	0.00951	0.00629	0.00180	0.00470	0.00821	0.00494	0.00646
24	0.00684	0.00580	0.00591	0.00588	0.00778	0.00486	0.00441	0.00837	0.01323	0.01591	0.10126	0.05429	0.71737	0.01431	0.00676	0.00192	0.00288	0.01197	0.00537	0.00486
25	0.01100	0.01056	0.01840	0.72817	0.03868	0.01284	0.07036	0.01489	0.01159	0.01489	0.01027	0.01526	0.00770	0.00565	0.00580	0.00191	0.00778	0.00521	0.00257	0.00646
26	0.01925	0.00978	0.01292	0.01062	0.01382	0.00995	0.00865	0.12681	0.01538	0.39737	0.01828	0.01908	0.01316	0.01758	0.22937	0.00395	0.05467	0.00573	0.00545	0.00819
27	0.00695	0.00551	0.00626	0.00668	0.00800	0.00482	0.00478	0.00836	0.01260	0.01583	0.11245	0.31199	0.44472	0.01543	0.00695	0.00206	0.00303	0.01338	0.00540	0.00482
28	0.01147	0.02959	0.76934	0.01630	0.02476	0.01328	0.02113	0.01811	0.01208	0.01811	0.01026	0.01208	0.00725	0.00543	0.00543	0.00181	0.00845	0.00423	0.00242	0.00845

[dist]
# distance from previous block
# <min> <max>
0	482

# created by:
# /software/SequenceAnalysis/GenePrediction/augustus/3.0.1/scripts/msa2prfl.pl ./fixed/BUSCOvEOG7DV70S.fas
