[name]
unknown

[dist]
# distance from previous block
# <min> <max>
0	329

[block]
# block no. 0 follows, 41 sequences, length 45
# corresponding to MSA columns:
# 336-380
name=unknown_A
#
# <colnr> <probs for GDERKNQSTAVLIFYWHMCP>
#	G	D	E	R	K	N	Q	S	T	A	V	L	I	F	Y	W	H	M	C	P
0	0.00870	0.00633	0.00853	0.00957	0.01089	0.00616	0.00811	0.01109	0.01323	0.01718	0.08730	0.11124	0.11882	0.01549	0.00764	0.00247	0.00467	0.54204	0.00535	0.00518
1	0.01321	0.01499	0.06285	0.07438	0.16682	0.01456	0.42182	0.01729	0.01254	0.01750	0.01070	0.01461	0.00845	0.00569	0.00810	0.00196	0.11807	0.00597	0.00278	0.00771
2	0.21093	0.48754	0.09628	0.01011	0.01501	0.01907	0.01011	0.06479	0.01222	0.01829	0.00856	0.00979	0.00722	0.00517	0.00395	0.00144	0.00596	0.00332	0.00292	0.00733
3	0.00938	0.04513	0.01075	0.00966	0.01096	0.05467	0.00761	0.01137	0.00972	0.01334	0.01444	0.02093	0.01343	0.03828	0.67961	0.00823	0.02834	0.00582	0.00302	0.00533
4	0.01973	0.02133	0.01534	0.01339	0.01653	0.46473	0.01028	0.22478	0.01891	0.02085	0.06083	0.06098	0.01293	0.00728	0.00555	0.00161	0.00826	0.00530	0.00409	0.00730
5	0.01268	0.04897	0.00963	0.00780	0.00990	0.00915	0.00615	0.14603	0.05171	0.02228	0.01702	0.02022	0.01378	0.04836	0.09690	0.00256	0.00523	0.00547	0.45987	0.00630
6	0.01352	0.01011	0.01203	0.00868	0.01368	0.00772	0.00697	0.01602	0.01240	0.10873	0.01166	0.01278	0.00916	0.00458	0.00442	0.00096	0.00431	0.00367	0.00383	0.73476
7	0.00803	0.00584	0.00756	0.00713	0.00851	0.00537	0.00535	0.01067	0.01604	0.02258	0.72722	0.04331	0.08725	0.01182	0.00675	0.00181	0.00271	0.01043	0.00625	0.00537
8	0.01190	0.07503	0.65172	0.01668	0.02465	0.01397	0.09184	0.01808	0.01219	0.01785	0.01025	0.01223	0.00739	0.00534	0.00546	0.00179	0.00843	0.00441	0.00246	0.00831
9	0.00994	0.00497	0.00745	0.00745	0.00745	0.00497	0.00497	0.00745	0.00745	0.00994	0.00994	0.01739	0.00994	0.01987	0.02235	0.83358	0.00497	0.00497	0.00248	0.00248
10	0.01315	0.01407	0.02838	0.06315	0.02673	0.01408	0.53884	0.05092	0.01329	0.01816	0.01227	0.05122	0.01011	0.00747	0.03641	0.00226	0.08220	0.00684	0.00309	0.00736
11	0.02129	0.01580	0.01691	0.01307	0.01756	0.01753	0.01076	0.70096	0.07090	0.03531	0.01431	0.01419	0.01020	0.00692	0.00573	0.00173	0.00619	0.00523	0.00573	0.00969
12	0.01384	0.01339	0.02224	0.13821	0.64835	0.02887	0.01719	0.01726	0.01287	0.01803	0.01064	0.01423	0.00883	0.00520	0.00566	0.00172	0.00698	0.00507	0.00279	0.00864
13	0.01491	0.01486	0.01640	0.01407	0.02945	0.23059	0.14165	0.03631	0.06345	0.05980	0.01377	0.01703	0.01131	0.01766	0.24967	0.00405	0.01055	0.00546	0.04225	0.00675
14	0.01282	0.01202	0.06202	0.00945	0.01470	0.00900	0.00812	0.08707	0.01337	0.02033	0.01053	0.01206	0.00852	0.00458	0.00446	0.00100	0.00472	0.00362	0.00356	0.69807
15	0.00936	0.00657	0.00774	0.00814	0.00895	0.00626	0.00547	0.04960	0.01229	0.01672	0.06295	0.42597	0.09045	0.19666	0.01235	0.00308	0.00424	0.01268	0.05527	0.00525
16	0.42395	0.00961	0.00849	0.00781	0.01078	0.01000	0.00611	0.01514	0.04535	0.05640	0.03008	0.02975	0.30663	0.00976	0.00545	0.00201	0.00417	0.00725	0.00482	0.00643
17	0.01251	0.01169	0.01664	0.06232	0.06514	0.01516	0.01222	0.01396	0.00992	0.01494	0.01054	0.01621	0.00998	0.01702	0.17931	0.00401	0.51319	0.00556	0.00298	0.00669
18	0.00797	0.00593	0.00720	0.00809	0.00892	0.00532	0.00552	0.00888	0.01225	0.01603	0.06804	0.58262	0.20642	0.01731	0.00753	0.00237	0.00354	0.01518	0.00564	0.00523
19	0.01618	0.79119	0.03034	0.01042	0.01533	0.02296	0.01015	0.01773	0.01221	0.01437	0.00893	0.01052	0.00825	0.00553	0.00410	0.00140	0.00642	0.00339	0.00278	0.00781
20	0.01335	0.18910	0.56464	0.01651	0.06364	0.01571	0.01878	0.01847	0.01261	0.01802	0.01075	0.01289	0.00828	0.00593	0.00548	0.00185	0.00815	0.00434	0.00278	0.00871
21	0.01618	0.79119	0.03034	0.01042	0.01533	0.02296	0.01015	0.01773	0.01221	0.01437	0.00893	0.01052	0.00825	0.00553	0.00410	0.00140	0.00642	0.00339	0.00278	0.00781
22	0.01162	0.00606	0.00607	0.00603	0.00743	0.00592	0.00445	0.01399	0.01258	0.02212	0.01947	0.02249	0.01546	0.00727	0.00442	0.00151	0.00302	0.00563	0.81864	0.00583
23	0.00841	0.00652	0.00741	0.00719	0.00888	0.00569	0.00531	0.01016	0.01505	0.01985	0.38896	0.06408	0.40323	0.01373	0.00714	0.00205	0.00316	0.01153	0.00607	0.00560
24	0.01464	0.01248	0.01309	0.01186	0.01505	0.01407	0.00912	0.02935	0.69395	0.02413	0.02630	0.02471	0.06694	0.00879	0.00628	0.00211	0.00475	0.00711	0.00607	0.00922
25	0.01241	0.02995	0.75862	0.01683	0.02525	0.01375	0.02133	0.01870	0.01266	0.01896	0.01121	0.01338	0.00816	0.00606	0.00583	0.00198	0.00872	0.00454	0.00275	0.00891
26	0.00850	0.00608	0.00795	0.00922	0.00986	0.00569	0.00665	0.00961	0.01206	0.01608	0.03186	0.61557	0.03715	0.01787	0.00781	0.00256	0.00411	0.18049	0.00559	0.00530
27	0.02392	0.01436	0.01635	0.01268	0.01723	0.01484	0.01035	0.48083	0.02353	0.29496	0.01774	0.01704	0.01217	0.00755	0.00613	0.00191	0.00609	0.00566	0.00649	0.01017
28	0.00909	0.00656	0.00835	0.00786	0.00929	0.00598	0.00583	0.01149	0.01671	0.02371	0.74997	0.04357	0.05418	0.01223	0.00713	0.00197	0.00305	0.01056	0.00657	0.00590
29	0.01372	0.01242	0.01432	0.01267	0.01377	0.07707	0.00987	0.08585	0.04947	0.01681	0.01316	0.02036	0.01264	0.16210	0.13321	0.00406	0.33225	0.00607	0.00362	0.00656
30	0.01251	0.01108	0.01479	0.01330	0.01385	0.01406	0.01073	0.04734	0.01091	0.01588	0.01450	0.05796	0.01515	0.10458	0.04852	0.00326	0.47607	0.10555	0.00362	0.00633
31	0.03170	0.01345	0.02054	0.33899	0.40345	0.05314	0.01654	0.01721	0.01304	0.01777	0.01129	0.01557	0.00921	0.00603	0.00601	0.00195	0.00756	0.00527	0.00306	0.00822
32	0.01676	0.01822	0.01838	0.24246	0.06359	0.32161	0.09389	0.03405	0.02643	0.01706	0.01179	0.01507	0.00944	0.00642	0.00585	0.00184	0.00866	0.00505	0.07616	0.00726
33	0.02220	0.02219	0.01736	0.01494	0.03238	0.39942	0.01144	0.35741	0.02162	0.02520	0.01211	0.01330	0.00940	0.00695	0.00583	0.00177	0.00862	0.00471	0.00456	0.00859
34	0.01230	0.01138	0.01870	0.65194	0.15769	0.01333	0.01643	0.01573	0.01229	0.01617	0.01121	0.01633	0.00876	0.00624	0.00611	0.00204	0.00777	0.00538	0.00292	0.00728
35	0.01395	0.01931	0.21176	0.02212	0.02845	0.01462	0.52683	0.01935	0.04393	0.01934	0.01265	0.01611	0.00958	0.00573	0.00677	0.00207	0.00939	0.00640	0.00322	0.00841
36	0.01726	0.01431	0.01489	0.05185	0.01741	0.05456	0.01023	0.25372	0.39242	0.02696	0.02010	0.06613	0.01599	0.00849	0.00623	0.00204	0.00579	0.00671	0.00573	0.00918
37	0.01213	0.00875	0.01080	0.01114	0.01318	0.00894	0.00926	0.01754	0.18593	0.06057	0.03031	0.05204	0.06650	0.01386	0.00760	0.00255	0.00526	0.47098	0.00579	0.00687
38	0.01551	0.02173	0.43003	0.01421	0.02053	0.01264	0.01573	0.08769	0.07433	0.14400	0.05213	0.01910	0.05072	0.00740	0.00607	0.00198	0.00707	0.00574	0.00442	0.00896
39	0.01770	0.46973	0.02561	0.07794	0.06726	0.03115	0.04806	0.01974	0.01336	0.15809	0.01227	0.01365	0.00975	0.00604	0.00498	0.00164	0.00660	0.00440	0.00372	0.00830
40	0.00803	0.00575	0.00740	0.00858	0.00905	0.00528	0.00574	0.00884	0.01180	0.01589	0.06656	0.74927	0.03905	0.01807	0.00765	0.00246	0.00363	0.01611	0.00565	0.00519
41	0.00810	0.00653	0.00698	0.00683	0.00868	0.00556	0.00505	0.00958	0.01438	0.01818	0.23127	0.05267	0.57633	0.01429	0.00714	0.00207	0.00320	0.01184	0.00584	0.00548
42	0.02122	0.01610	0.01829	0.01644	0.11225	0.01745	0.01198	0.60883	0.05951	0.03386	0.01469	0.01542	0.01088	0.00729	0.00612	0.00190	0.00657	0.00550	0.00565	0.01005
43	0.01106	0.01596	0.28858	0.01357	0.05497	0.00981	0.01278	0.05890	0.01320	0.01849	0.02209	0.36092	0.02352	0.01230	0.00685	0.00225	0.00604	0.05714	0.00443	0.00714
44	0.00990	0.00498	0.00742	0.00742	0.00742	0.00498	0.00493	0.00747	0.00747	0.00996	0.01012	0.01786	0.01019	0.03813	0.02251	0.81417	0.00498	0.00505	0.00251	0.00251

[dist]
# distance from previous block
# <min> <max>
0	8

[block]
# block no. 1 follows, 41 sequences, length 6
# corresponding to MSA columns:
# 389-394
name=unknown_B
#
# <colnr> <probs for GDERKNQSTAVLIFYWHMCP>
#	G	D	E	R	K	N	Q	S	T	A	V	L	I	F	Y	W	H	M	C	P
0	0.00822	0.00595	0.00828	0.00828	0.00898	0.00665	0.00601	0.00963	0.00892	0.01260	0.01616	0.02710	0.01631	0.27700	0.54497	0.00806	0.01229	0.00681	0.00319	0.00460
1	0.00820	0.00512	0.00621	0.00703	0.00765	0.00492	0.00478	0.00965	0.01110	0.01645	0.02665	0.50545	0.02953	0.06615	0.00772	0.00223	0.00326	0.01235	0.26076	0.00478
2	0.00697	0.00498	0.00664	0.00796	0.00830	0.00465	0.00531	0.00796	0.01095	0.01460	0.03153	0.79525	0.03783	0.01792	0.00730	0.00232	0.00332	0.01626	0.00531	0.00465
3	0.00739	0.00515	0.00651	0.00743	0.00766	0.00492	0.00474	0.00807	0.01014	0.01351	0.02734	0.56061	0.03256	0.25975	0.01405	0.00332	0.00401	0.01380	0.00474	0.00428
4	0.00779	0.00657	0.00934	0.00909	0.01036	0.00629	0.06867	0.00927	0.01169	0.01514	0.03659	0.45356	0.25746	0.01527	0.00775	0.00218	0.04948	0.01349	0.00494	0.00506
5	0.01999	0.01710	0.24802	0.01267	0.01830	0.01183	0.01281	0.14857	0.05551	0.37015	0.01727	0.01629	0.01143	0.00657	0.00565	0.00178	0.00621	0.00521	0.00534	0.00930

[dist]
# distance from previous block
# <min> <max>
40	355

# created by:
# /software/SequenceAnalysis/GenePrediction/augustus/3.0.1/scripts/msa2prfl.pl ./fixed/BUSCOvEOG7TQNPK.fas
