[name]
unknown

[dist]
# distance from previous block
# <min> <max>
0	110

[block]
# block no. 0 follows, 41 sequences, length 23
# corresponding to MSA columns:
# 120-142
name=unknown_A
#
# <colnr> <probs for GDERKNQSTAVLIFYWHMCP>
#	G	D	E	R	K	N	Q	S	T	A	V	L	I	F	Y	W	H	M	C	P
0	0.01828	0.01508	0.01574	0.01435	0.01779	0.01628	0.01074	0.03222	0.70549	0.02733	0.02664	0.02659	0.02088	0.01044	0.00760	0.00270	0.00599	0.00772	0.00709	0.01106
1	0.01827	0.01204	0.01433	0.08605	0.01752	0.01292	0.01001	0.34124	0.08246	0.16966	0.01906	0.10232	0.01580	0.00873	0.00607	0.00190	0.00560	0.06194	0.00561	0.00846
2	0.83938	0.01106	0.00841	0.00752	0.01106	0.01283	0.00619	0.01681	0.00973	0.02566	0.00796	0.00929	0.00619	0.00531	0.00354	0.00177	0.00442	0.00310	0.00354	0.00619
3	0.01570	0.75001	0.02904	0.01012	0.01488	0.07357	0.00987	0.01751	0.01193	0.01349	0.00801	0.00925	0.00734	0.00496	0.00377	0.00124	0.00640	0.00310	0.00248	0.00729
4	0.00812	0.00604	0.00778	0.00766	0.00907	0.00538	0.00553	0.01013	0.01360	0.01914	0.38152	0.33361	0.04199	0.01320	0.00665	0.00189	0.00313	0.01180	0.00555	0.10821
5	0.01081	0.00894	0.01430	0.10876	0.01739	0.03622	0.15559	0.01305	0.01216	0.07657	0.02328	0.44881	0.02514	0.01243	0.00679	0.00212	0.00551	0.01163	0.00453	0.00596
6	0.02174	0.01602	0.01717	0.01316	0.01774	0.01774	0.01087	0.74423	0.02689	0.03605	0.01373	0.01373	0.00973	0.00687	0.00572	0.00172	0.00629	0.00515	0.00572	0.00973
7	0.01690	0.02002	0.01602	0.01424	0.01596	0.42617	0.01117	0.01829	0.01307	0.01401	0.01164	0.01420	0.05837	0.00809	0.01061	0.00191	0.31525	0.00477	0.00293	0.00636
8	0.01097	0.01025	0.01725	0.65480	0.11266	0.01242	0.01547	0.01462	0.01145	0.01495	0.01058	0.01562	0.00823	0.00817	0.05781	0.00238	0.00806	0.00516	0.00261	0.00655
9	0.01360	0.01302	0.02221	0.16014	0.64264	0.01344	0.01728	0.01706	0.01276	0.01801	0.01066	0.01434	0.00882	0.00520	0.00567	0.00173	0.00693	0.00509	0.00278	0.00861
10	0.00903	0.00645	0.00901	0.01032	0.01156	0.00643	0.00890	0.01153	0.01299	0.01691	0.03039	0.12398	0.03332	0.01597	0.00785	0.00261	0.00511	0.66715	0.00527	0.00522
11	0.00902	0.00647	0.00752	0.00732	0.00794	0.00679	0.00473	0.01148	0.10173	0.01390	0.07877	0.03419	0.02235	0.55210	0.10775	0.00520	0.00628	0.00801	0.00394	0.00450
12	0.11382	0.01021	0.01126	0.07327	0.01400	0.10550	0.00864	0.01325	0.01029	0.01506	0.01257	0.01795	0.01136	0.02803	0.46250	0.00619	0.07217	0.00527	0.00302	0.00562
13	0.00725	0.00518	0.00696	0.00828	0.00874	0.00489	0.00580	0.00845	0.01123	0.01491	0.03137	0.70431	0.03722	0.01766	0.00738	0.00236	0.00356	0.10444	0.00530	0.00472
14	0.00745	0.00525	0.00675	0.00765	0.00833	0.00486	0.00535	0.00822	0.01108	0.01436	0.03395	0.50223	0.17627	0.01734	0.00911	0.10572	0.00358	0.06310	0.00496	0.00446
15	0.01560	0.01282	0.02089	0.12350	0.53913	0.01307	0.01584	0.05895	0.01402	0.11231	0.01232	0.01493	0.00955	0.00552	0.00568	0.00173	0.00663	0.00518	0.00349	0.00885
16	0.08382	0.01601	0.01420	0.01251	0.01542	0.20266	0.00982	0.06500	0.34633	0.05242	0.01594	0.01604	0.01224	0.00730	0.00707	0.00186	0.10363	0.00522	0.00456	0.00794
17	0.02172	0.01075	0.01326	0.01074	0.01477	0.01060	0.00869	0.04716	0.26389	0.49893	0.02258	0.01995	0.01515	0.00730	0.00577	0.00183	0.00479	0.00598	0.00662	0.00951
18	0.00831	0.00559	0.00644	0.00644	0.00651	0.00566	0.00372	0.00845	0.00838	0.01124	0.01784	0.03640	0.02035	0.74662	0.08086	0.00580	0.00622	0.00817	0.00344	0.00358
19	0.01186	0.01017	0.01186	0.00847	0.01356	0.00762	0.00678	0.01440	0.01186	0.01864	0.01017	0.01186	0.00847	0.00424	0.00424	0.00085	0.00424	0.00339	0.00339	0.83395
20	0.02028	0.06120	0.07423	0.03428	0.01767	0.17329	0.01102	0.23486	0.09959	0.19387	0.01509	0.01483	0.01071	0.00656	0.00549	0.00169	0.00681	0.00494	0.00494	0.00868
21	0.00754	0.00563	0.00696	0.00702	0.00824	0.00510	0.00508	0.00950	0.01408	0.01903	0.41562	0.21252	0.21263	0.03573	0.00750	0.00205	0.00296	0.01200	0.00577	0.00505
22	0.01322	0.01375	0.02653	0.11950	0.18648	0.01375	0.39910	0.01862	0.08406	0.01843	0.01303	0.01750	0.01036	0.00568	0.00634	0.00190	0.00813	0.03255	0.00320	0.00787

[dist]
# distance from previous block
# <min> <max>
0	128

[block]
# block no. 1 follows, 41 sequences, length 9
# corresponding to MSA columns:
# 271-279
name=unknown_B
#
# <colnr> <probs for GDERKNQSTAVLIFYWHMCP>
#	G	D	E	R	K	N	Q	S	T	A	V	L	I	F	Y	W	H	M	C	P
0	0.00774	0.00578	0.00686	0.00662	0.00792	0.00525	0.00476	0.00961	0.01394	0.01873	0.42751	0.04551	0.25868	0.14395	0.01048	0.00246	0.00323	0.01052	0.00553	0.00491
1	0.01723	0.02074	0.01505	0.15690	0.02037	0.51318	0.01114	0.01919	0.01449	0.01415	0.01307	0.01541	0.06041	0.00970	0.07287	0.00226	0.00974	0.00474	0.00305	0.00632
2	0.01641	0.01330	0.01519	0.14134	0.02002	0.01526	0.01086	0.28903	0.36343	0.02681	0.01760	0.01754	0.01299	0.00709	0.00577	0.00185	0.00569	0.00575	0.00524	0.00885
3	0.01107	0.02177	0.50211	0.14302	0.02398	0.01164	0.01725	0.01555	0.01111	0.01601	0.01019	0.01359	0.00781	0.00817	0.00863	0.15649	0.00767	0.00451	0.00245	0.00699
4	0.01338	0.02706	0.62948	0.01572	0.02345	0.01411	0.01923	0.15313	0.01483	0.02145	0.01091	0.01238	0.00771	0.00570	0.00549	0.00179	0.00805	0.00440	0.00303	0.00869
5	0.01728	0.01475	0.01676	0.03738	0.05428	0.14212	0.01172	0.08205	0.01330	0.15614	0.01132	0.01371	0.00900	0.00813	0.01189	0.00207	0.38202	0.00494	0.00373	0.00741
6	0.16747	0.21554	0.01536	0.00907	0.01237	0.01341	0.00771	0.13656	0.01540	0.05211	0.24380	0.05050	0.02341	0.00799	0.00516	0.00165	0.00462	0.00628	0.00468	0.00691
7	0.01639	0.26417	0.05724	0.01153	0.01537	0.13134	0.01004	0.23224	0.01675	0.02070	0.01430	0.15701	0.01372	0.00808	0.00527	0.00164	0.00640	0.00629	0.00403	0.00750
8	0.18956	0.01062	0.01305	0.01192	0.07930	0.01044	0.00878	0.05458	0.06637	0.43555	0.04955	0.01779	0.01381	0.00678	0.00534	0.00177	0.00489	0.00537	0.00580	0.00872

[dist]
# distance from previous block
# <min> <max>
21	24

[block]
# block no. 2 follows, 41 sequences, length 19
# corresponding to MSA columns:
# 311-329
name=unknown_C
#
# <colnr> <probs for GDERKNQSTAVLIFYWHMCP>
#	G	D	E	R	K	N	Q	S	T	A	V	L	I	F	Y	W	H	M	C	P
0	0.01287	0.30927	0.37309	0.01307	0.01901	0.01656	0.01493	0.01757	0.04625	0.01639	0.03397	0.01310	0.00961	0.02620	0.00628	0.00174	0.05536	0.00425	0.00274	0.00771
1	0.00812	0.00574	0.00709	0.00681	0.00773	0.00542	0.00470	0.00985	0.01339	0.01861	0.47993	0.04143	0.07132	0.27902	0.01434	0.00308	0.00367	0.00973	0.00530	0.00472
2	0.01343	0.01123	0.01413	0.01103	0.01433	0.01154	0.00903	0.05155	0.01184	0.06411	0.01021	0.01265	0.00856	0.00650	0.00934	0.00151	0.27057	0.00417	0.00343	0.46084
3	0.01803	0.00853	0.01075	0.00888	0.01157	0.00800	0.00671	0.06448	0.03777	0.39357	0.06823	0.02678	0.01882	0.27617	0.01375	0.00306	0.00503	0.00691	0.00568	0.00730
4	0.01669	0.09618	0.41617	0.01356	0.02001	0.01267	0.01543	0.02118	0.01338	0.27179	0.01412	0.01432	0.00961	0.00610	0.00583	0.00176	0.03382	0.00466	0.00400	0.00871
5	0.01819	0.28228	0.02161	0.06941	0.04836	0.01874	0.01108	0.39005	0.04497	0.02569	0.01172	0.01258	0.00900	0.00607	0.00503	0.00157	0.00629	0.00448	0.00426	0.00862
6	0.29010	0.00781	0.00797	0.04327	0.01067	0.00815	0.00594	0.01249	0.01314	0.02197	0.32860	0.03258	0.17793	0.00981	0.00561	0.00182	0.00355	0.00799	0.00499	0.00560
7	0.01420	0.01273	0.01642	0.01961	0.26890	0.01401	0.01194	0.02604	0.50182	0.02215	0.01903	0.01890	0.01461	0.00686	0.00577	0.00186	0.00530	0.00600	0.00481	0.00906
8	0.00771	0.00587	0.00711	0.00693	0.00847	0.00528	0.00528	0.00998	0.01493	0.02004	0.47680	0.04825	0.29264	0.01290	0.00682	0.00190	0.00292	0.05508	0.00590	0.00520
9	0.01046	0.01332	0.26605	0.01046	0.01332	0.00779	0.01045	0.01107	0.00902	0.01271	0.01005	0.01558	0.00902	0.01497	0.01661	0.55127	0.00615	0.00472	0.00246	0.00451
10	0.00813	0.00728	0.00965	0.27034	0.01847	0.00750	0.00826	0.01038	0.01249	0.01517	0.04173	0.04154	0.50528	0.01151	0.00641	0.00192	0.00450	0.00970	0.00437	0.00535
11	0.01468	0.53531	0.03126	0.01465	0.01984	0.01986	0.25849	0.01753	0.01226	0.01511	0.00918	0.01130	0.00779	0.00487	0.00472	0.00146	0.00731	0.00431	0.00260	0.00747
12	0.01264	0.01133	0.01572	0.01751	0.26803	0.00965	0.01044	0.01547	0.01226	0.01865	0.01037	0.01264	0.00867	0.00453	0.00472	0.00114	0.00510	0.00397	0.00320	0.55397
13	0.00697	0.00498	0.00664	0.00796	0.00830	0.00465	0.00531	0.00796	0.01095	0.01460	0.03153	0.79525	0.03783	0.01792	0.00730	0.00232	0.00332	0.01626	0.00531	0.00465
14	0.01377	0.53352	0.02562	0.27298	0.02307	0.01926	0.01186	0.01627	0.01156	0.01385	0.00870	0.01124	0.00744	0.00517	0.00437	0.00146	0.00663	0.00375	0.00248	0.00701
15	0.02057	0.00824	0.01058	0.00853	0.01191	0.00736	0.00691	0.02294	0.01489	0.51408	0.02124	0.02010	0.01433	0.00694	0.00516	0.00162	0.00412	0.00561	0.28664	0.00824
16	0.01423	0.01229	0.01293	0.01164	0.01487	0.01423	0.00905	0.03039	0.75297	0.02393	0.02328	0.02134	0.01746	0.00776	0.00582	0.00194	0.00453	0.00647	0.00582	0.00905
17	0.01258	0.01364	0.02812	0.28244	0.03312	0.01387	0.49590	0.01706	0.01280	0.01706	0.01109	0.01537	0.00832	0.00513	0.00640	0.00192	0.00896	0.00618	0.00277	0.00725
18	0.01496	0.02498	0.51405	0.01524	0.02237	0.01480	0.01765	0.26456	0.01711	0.02420	0.01144	0.01264	0.00809	0.00592	0.00553	0.00178	0.00772	0.00454	0.00354	0.00889

[dist]
# distance from previous block
# <min> <max>
1	5

[block]
# block no. 3 follows, 41 sequences, length 20
# corresponding to MSA columns:
# 335-354
name=unknown_D
#
# <colnr> <probs for GDERKNQSTAVLIFYWHMCP>
#	G	D	E	R	K	N	Q	S	T	A	V	L	I	F	Y	W	H	M	C	P
0	0.01158	0.02894	0.73896	0.01707	0.05483	0.01330	0.02099	0.01809	0.01211	0.01814	0.01028	0.01216	0.00732	0.00542	0.00544	0.00181	0.00839	0.00426	0.00243	0.00848
1	0.09635	0.50901	0.02453	0.01233	0.06566	0.17978	0.01023	0.01833	0.01250	0.01511	0.00833	0.00976	0.00735	0.00516	0.00411	0.00136	0.00688	0.00333	0.00268	0.00720
2	0.00697	0.00498	0.00664	0.00796	0.00830	0.00465	0.00531	0.00796	0.01095	0.01460	0.03153	0.79525	0.03783	0.01792	0.00730	0.00232	0.00332	0.01626	0.00531	0.00465
3	0.01021	0.00896	0.01418	0.52763	0.02944	0.01059	0.01258	0.03737	0.01266	0.01669	0.13602	0.12454	0.01935	0.00838	0.00610	0.00194	0.00619	0.00745	0.00363	0.00608
4	0.01513	0.01480	0.02405	0.03014	0.53180	0.05139	0.13799	0.08836	0.01460	0.02008	0.01109	0.01414	0.00898	0.00526	0.00583	0.00173	0.00740	0.00531	0.00313	0.00878
5	0.00818	0.00610	0.00905	0.00905	0.01003	0.00707	0.00698	0.01013	0.00915	0.01318	0.01545	0.02317	0.01460	0.07835	0.74128	0.00902	0.01486	0.00623	0.00308	0.00503
6	0.00810	0.00585	0.00765	0.00720	0.00855	0.00540	0.00540	0.01079	0.01619	0.02294	0.76028	0.04273	0.05397	0.01169	0.00675	0.00180	0.00270	0.01034	0.00630	0.00540
7	0.01423	0.01229	0.01293	0.01164	0.01487	0.01423	0.00905	0.03039	0.75297	0.02393	0.02328	0.02134	0.01746	0.00776	0.00582	0.00194	0.00453	0.00647	0.00582	0.00905
8	0.01423	0.01229	0.01293	0.01164	0.01487	0.01423	0.00905	0.03039	0.75297	0.02393	0.02328	0.02134	0.01746	0.00776	0.00582	0.00194	0.00453	0.00647	0.00582	0.00905
9	0.00970	0.00714	0.00958	0.01064	0.01214	0.00732	0.00920	0.01365	0.08486	0.01778	0.02961	0.06034	0.03142	0.01502	0.00770	0.00257	0.00520	0.65519	0.00532	0.00563
10	0.00810	0.00585	0.00765	0.00720	0.00855	0.00540	0.00540	0.01079	0.01619	0.02294	0.76028	0.04273	0.05397	0.01169	0.00675	0.00180	0.00270	0.01034	0.00630	0.00540
11	0.01059	0.00530	0.00554	0.00554	0.00674	0.00530	0.00409	0.01276	0.01155	0.02022	0.01781	0.02094	0.01420	0.00794	0.00578	0.08198	0.00289	0.00530	0.75047	0.00506
12	0.00887	0.00602	0.00789	0.00733	0.00881	0.00553	0.00553	0.01154	0.01620	0.05555	0.72796	0.04171	0.05223	0.01149	0.00670	0.00180	0.00279	0.01014	0.00633	0.00559
13	0.02566	0.00973	0.01327	0.01018	0.01460	0.00841	0.00841	0.02788	0.01637	0.76726	0.02257	0.01947	0.01416	0.00708	0.00575	0.00177	0.00487	0.00575	0.00708	0.00973
14	0.00802	0.00579	0.00758	0.00725	0.00853	0.00535	0.00539	0.01060	0.01584	0.02237	0.71093	0.09369	0.05288	0.01212	0.00678	0.00183	0.00274	0.01074	0.00623	0.00535
15	0.01876	0.22567	0.07055	0.01341	0.01718	0.50920	0.01130	0.02070	0.01455	0.01412	0.00889	0.01049	0.00755	0.00666	0.02675	0.00165	0.00925	0.00363	0.00279	0.00689
16	0.83938	0.01106	0.00841	0.00752	0.01106	0.01283	0.00619	0.01681	0.00973	0.02566	0.00796	0.00929	0.00619	0.00531	0.00354	0.00177	0.00442	0.00310	0.00354	0.00619
17	0.01398	0.01464	0.07225	0.03387	0.71477	0.01357	0.01779	0.01759	0.01296	0.01865	0.01073	0.01402	0.00894	0.00512	0.00565	0.00171	0.00690	0.00504	0.00280	0.00902
18	0.01186	0.01017	0.01186	0.00847	0.01356	0.00762	0.00678	0.01440	0.01186	0.01864	0.01017	0.01186	0.00847	0.00424	0.00424	0.00085	0.00424	0.00339	0.00339	0.83395
19	0.00819	0.00591	0.00778	0.00749	0.00884	0.00550	0.00573	0.01089	0.01593	0.02243	0.69626	0.04464	0.05212	0.01205	0.00685	0.00187	0.00292	0.07300	0.00621	0.00539

[dist]
# distance from previous block
# <min> <max>
0	1

[block]
# block no. 4 follows, 41 sequences, length 12
# corresponding to MSA columns:
# 356-367
name=unknown_E
#
# <colnr> <probs for GDERKNQSTAVLIFYWHMCP>
#	G	D	E	R	K	N	Q	S	T	A	V	L	I	F	Y	W	H	M	C	P
0	0.00688	0.00532	0.00628	0.00705	0.00806	0.00472	0.00490	0.00807	0.01183	0.01496	0.04270	0.48224	0.34363	0.01647	0.00707	0.00216	0.00314	0.01449	0.00531	0.00472
1	0.83938	0.01106	0.00841	0.00752	0.01106	0.01283	0.00619	0.01681	0.00973	0.02566	0.00796	0.00929	0.00619	0.00531	0.00354	0.00177	0.00442	0.00310	0.00354	0.00619
2	0.00810	0.00585	0.00765	0.00720	0.00855	0.00540	0.00540	0.01079	0.01619	0.02294	0.76028	0.04273	0.05397	0.01169	0.00675	0.00180	0.00270	0.01034	0.00630	0.00540
3	0.00688	0.00580	0.00597	0.00593	0.00780	0.00488	0.00444	0.00845	0.01333	0.01615	0.12350	0.05390	0.69498	0.01423	0.00676	0.00192	0.00288	0.01191	0.00540	0.00488
4	0.01251	0.01251	0.01752	0.01502	0.01502	0.01752	0.01251	0.01377	0.00876	0.01377	0.00751	0.01251	0.00751	0.01001	0.01877	0.00250	0.78851	0.00501	0.00250	0.00626
5	0.01402	0.01396	0.02535	0.03288	0.61489	0.01377	0.16426	0.01771	0.01312	0.01861	0.01092	0.01441	0.00898	0.00504	0.00588	0.00175	0.00737	0.00543	0.00284	0.00879
6	0.01186	0.01017	0.01186	0.00847	0.01356	0.00762	0.00678	0.01440	0.01186	0.01864	0.01017	0.01186	0.00847	0.00424	0.00424	0.00085	0.00424	0.00339	0.00339	0.83395
7	0.00832	0.00555	0.00624	0.00624	0.00624	0.00555	0.00347	0.00832	0.00832	0.01109	0.01802	0.03743	0.02080	0.79898	0.02911	0.00555	0.00555	0.00832	0.00347	0.00347
8	0.02098	0.01434	0.01577	0.01241	0.01672	0.01562	0.01015	0.50010	0.15844	0.14934	0.01688	0.01603	0.01185	0.00706	0.00574	0.00177	0.00574	0.00549	0.00595	0.00960
9	0.26401	0.07233	0.41808	0.01350	0.04242	0.01376	0.01501	0.04263	0.01200	0.04409	0.00993	0.01139	0.00729	0.00545	0.00477	0.00175	0.00684	0.00391	0.00303	0.00780
10	0.00859	0.04883	0.00954	0.00845	0.00942	0.00756	0.00633	0.01009	0.00910	0.01272	0.01563	0.02566	0.01562	0.23805	0.53985	0.00781	0.01228	0.00653	0.00314	0.00480
11	0.01423	0.01229	0.01293	0.01164	0.01487	0.01423	0.00905	0.03039	0.75297	0.02393	0.02328	0.02134	0.01746	0.00776	0.00582	0.00194	0.00453	0.00647	0.00582	0.00905

[dist]
# distance from previous block
# <min> <max>
0	231

# created by:
# /software/SequenceAnalysis/GenePrediction/augustus/3.0.1/scripts/msa2prfl.pl ./fixed/BUSCOvEOG7JWWTV.fas
