[name]
unknown

[dist]
# distance from previous block
# <min> <max>
0	153

[block]
# block no. 0 follows, 41 sequences, length 18
# corresponding to MSA columns:
# 154-171
name=unknown_A
#
# <colnr> <probs for GDERKNQSTAVLIFYWHMCP>
#	G	D	E	R	K	N	Q	S	T	A	V	L	I	F	Y	W	H	M	C	P
0	0.02054	0.00843	0.01146	0.00957	0.01287	0.00738	0.00756	0.02242	0.01489	0.56111	0.02502	0.23196	0.02064	0.01005	0.00618	0.00192	0.00444	0.00863	0.00659	0.00834
1	0.01404	0.00853	0.01044	0.00918	0.01175	0.00852	0.00713	0.02024	0.21783	0.20551	0.34859	0.06092	0.03356	0.00973	0.00627	0.00185	0.00376	0.00839	0.00632	0.00743
2	0.00676	0.00579	0.00579	0.00579	0.00773	0.00483	0.00435	0.00821	0.01304	0.01545	0.05794	0.05505	0.76098	0.01449	0.00676	0.00193	0.00290	0.01207	0.00531	0.00483
3	0.23506	0.00671	0.00720	0.00778	0.00907	0.00695	0.00556	0.01061	0.01103	0.01829	0.08266	0.52051	0.03044	0.01397	0.00623	0.00213	0.00357	0.01219	0.00490	0.00513
4	0.00697	0.00498	0.00664	0.00796	0.00830	0.00465	0.00531	0.00796	0.01095	0.01460	0.03153	0.79525	0.03783	0.01792	0.00730	0.00232	0.00332	0.01626	0.00531	0.00465
5	0.01017	0.00639	0.01011	0.22049	0.01620	0.00709	0.00796	0.00941	0.00854	0.01122	0.01000	0.01680	0.00930	0.01599	0.01780	0.60578	0.00570	0.00500	0.00250	0.00354
6	0.01721	0.01243	0.02031	0.05119	0.53612	0.01214	0.01500	0.02029	0.01389	0.22360	0.01397	0.01565	0.01041	0.00566	0.00569	0.00172	0.00629	0.00528	0.00399	0.00916
7	0.00753	0.00540	0.00716	0.00776	0.00855	0.00504	0.00551	0.00929	0.01320	0.01813	0.33082	0.45524	0.04425	0.01527	0.00710	0.00212	0.00315	0.04379	0.00571	0.00498
8	0.01894	0.02322	0.01657	0.01481	0.01695	0.56826	0.01145	0.02035	0.01417	0.01393	0.00848	0.01092	0.00741	0.00702	0.00889	0.00176	0.22347	0.00405	0.00283	0.00653
9	0.01405	0.52435	0.08344	0.00994	0.01517	0.01778	0.00986	0.01646	0.01172	0.01524	0.00874	0.01014	0.00764	0.00476	0.00396	0.00117	0.00579	0.00324	0.00270	0.23384
10	0.01931	0.02001	0.02166	0.01701	0.02128	0.33083	0.24003	0.16061	0.01743	0.07912	0.01172	0.01330	0.00877	0.00584	0.00581	0.00169	0.00890	0.00509	0.00379	0.00781
11	0.01371	0.01330	0.02166	0.02961	0.55834	0.01467	0.01617	0.01652	0.01186	0.01734	0.00987	0.01371	0.00864	0.00644	0.00925	0.00192	0.22091	0.00507	0.00274	0.00829
12	0.01018	0.02307	0.56021	0.01342	0.02009	0.01097	0.01654	0.01540	0.01234	0.01739	0.02332	0.02385	0.21370	0.00791	0.00580	0.00184	0.00693	0.00638	0.00321	0.00746
13	0.01088	0.00844	0.01020	0.00838	0.01187	0.00668	0.00637	0.01289	0.01177	0.05138	0.01777	0.27055	0.01841	0.00888	0.00532	0.00138	0.00396	0.00774	0.00419	0.52296
14	0.23824	0.02451	0.56092	0.01390	0.02101	0.01316	0.01704	0.01776	0.01143	0.02018	0.00963	0.01131	0.00696	0.00540	0.00492	0.00180	0.00735	0.00392	0.00272	0.00783
15	0.01388	0.01181	0.02191	0.01616	0.02051	0.01106	0.39347	0.04604	0.01371	0.07905	0.01435	0.01701	0.01077	0.00554	0.00567	0.00166	0.00678	0.00595	0.23012	0.07456
16	0.01167	0.01033	0.01558	0.01243	0.01571	0.03205	0.20784	0.04408	0.08654	0.06534	0.10066	0.06465	0.28861	0.01004	0.00653	0.00190	0.00538	0.00916	0.00485	0.00663
17	0.03522	0.01021	0.01260	0.00951	0.01409	0.00869	0.00773	0.04996	0.04294	0.35887	0.03153	0.01632	0.01231	0.00594	0.00508	0.00138	0.00459	0.00478	0.00531	0.36295

[dist]
# distance from previous block
# <min> <max>
0	1

[block]
# block no. 1 follows, 41 sequences, length 7
# corresponding to MSA columns:
# 173-179
name=unknown_B
#
# <colnr> <probs for GDERKNQSTAVLIFYWHMCP>
#	G	D	E	R	K	N	Q	S	T	A	V	L	I	F	Y	W	H	M	C	P
0	0.00817	0.00559	0.00663	0.00660	0.00697	0.00545	0.00408	0.00893	0.01052	0.01437	0.21057	0.08714	0.03045	0.54584	0.02195	0.00437	0.00467	0.00935	0.00431	0.00404
1	0.01350	0.01543	0.03375	0.02411	0.02989	0.01446	0.74253	0.01832	0.01350	0.01832	0.01157	0.01543	0.00868	0.00482	0.00675	0.00193	0.00964	0.00675	0.00289	0.00771
2	0.01590	0.38539	0.23135	0.01246	0.01826	0.01878	0.01321	0.20517	0.01569	0.02058	0.01009	0.01116	0.00793	0.00555	0.00469	0.00151	0.00681	0.00392	0.00328	0.00826
3	0.01296	0.14827	0.39643	0.01467	0.02099	0.01512	0.07374	0.02114	0.20345	0.01888	0.01336	0.01427	0.01001	0.00590	0.00536	0.00176	0.00716	0.00482	0.00334	0.00837
4	0.01438	0.46911	0.14924	0.01136	0.01642	0.01890	0.01150	0.02072	0.20315	0.01694	0.01230	0.01280	0.00994	0.00572	0.00452	0.00151	0.00610	0.00413	0.00331	0.00797
5	0.01273	0.17346	0.43824	0.01707	0.02416	0.01537	0.20526	0.01798	0.01236	0.01728	0.01016	0.01239	0.00763	0.00517	0.00544	0.00173	0.00831	0.00466	0.00254	0.00805
6	0.02273	0.01485	0.01419	0.01149	0.01555	0.20748	0.00916	0.07739	0.04519	0.43143	0.01742	0.01616	0.01176	0.00656	0.00548	0.00162	0.00631	0.00501	0.00557	0.07465

[dist]
# distance from previous block
# <min> <max>
0	1

[block]
# block no. 2 follows, 41 sequences, length 104
# corresponding to MSA columns:
# 181-284
name=unknown_C
#
# <colnr> <probs for GDERKNQSTAVLIFYWHMCP>
#	G	D	E	R	K	N	Q	S	T	A	V	L	I	F	Y	W	H	M	C	P
0	0.01277	0.01495	0.08054	0.01968	0.02531	0.01258	0.50965	0.01710	0.01296	0.01824	0.01192	0.04312	0.00961	0.00522	0.00615	0.00171	0.00819	0.00621	0.00305	0.18103
1	0.00729	0.00527	0.00726	0.00830	0.00881	0.00523	0.00582	0.00856	0.01065	0.01440	0.02809	0.60981	0.03274	0.02309	0.16869	0.00377	0.00590	0.03670	0.00484	0.00476
2	0.02137	0.02726	0.01621	0.01474	0.01768	0.77602	0.01105	0.02284	0.01621	0.01400	0.00884	0.01031	0.00737	0.00589	0.00516	0.00147	0.01031	0.00368	0.00295	0.00663
3	0.01567	0.01646	0.02175	0.03083	0.60684	0.17358	0.01619	0.01866	0.01369	0.01770	0.01036	0.01335	0.00871	0.00526	0.00556	0.00165	0.00753	0.00480	0.00286	0.00855
4	0.01355	0.02910	0.61130	0.01597	0.02327	0.17334	0.01902	0.01911	0.01294	0.01725	0.00997	0.01171	0.00727	0.00553	0.00538	0.00174	0.00884	0.00411	0.00253	0.00807
5	0.01865	0.02069	0.01459	0.01286	0.01578	0.47411	0.00983	0.15369	0.01818	0.01995	0.16743	0.01775	0.01758	0.00729	0.00560	0.00159	0.00797	0.00535	0.00416	0.00694
6	0.00960	0.00509	0.00720	0.00720	0.00720	0.00509	0.00465	0.00763	0.00763	0.01018	0.01163	0.02159	0.01221	0.18336	0.02377	0.65982	0.00509	0.00567	0.00269	0.00269
7	0.01600	0.01302	0.01578	0.01673	0.17237	0.01435	0.01109	0.14086	0.44398	0.06359	0.01910	0.01853	0.01430	0.00702	0.00577	0.00185	0.00530	0.00593	0.00524	0.00920
8	0.00937	0.00747	0.01091	0.01305	0.16693	0.00712	0.00795	0.01221	0.01553	0.02205	0.60300	0.03673	0.04455	0.01031	0.00652	0.00178	0.00356	0.00924	0.00557	0.00617
9	0.00765	0.00580	0.00705	0.00680	0.00829	0.00520	0.00507	0.00991	0.01505	0.02036	0.52078	0.07272	0.26892	0.01276	0.00677	0.00186	0.00278	0.01108	0.00596	0.00520
10	0.01416	0.01359	0.02322	0.03511	0.76330	0.01359	0.01755	0.01755	0.01302	0.01869	0.01076	0.01416	0.00906	0.00510	0.00566	0.00170	0.00680	0.00510	0.00283	0.00906
11	0.01663	0.01175	0.01301	0.01133	0.01482	0.01301	0.00892	0.02987	0.59840	0.17991	0.02313	0.02095	0.01677	0.00762	0.00581	0.00190	0.00460	0.00632	0.00608	0.00920
12	0.00693	0.00515	0.00646	0.00751	0.00818	0.00468	0.00511	0.00802	0.01139	0.01478	0.03707	0.63992	0.18958	0.01720	0.00719	0.00224	0.00323	0.01538	0.00531	0.00468
13	0.01369	0.01180	0.01751	0.61632	0.03503	0.01406	0.01500	0.16812	0.01505	0.01967	0.01151	0.01572	0.00863	0.00635	0.00597	0.00197	0.00752	0.00528	0.00342	0.00737
14	0.83218	0.01146	0.00884	0.00794	0.01150	0.01313	0.00646	0.01720	0.01012	0.02612	0.00858	0.01014	0.00678	0.00571	0.00381	0.00188	0.00463	0.00330	0.00374	0.00650
15	0.01309	0.01290	0.01787	0.01536	0.01542	0.01777	0.01272	0.01418	0.00916	0.01433	0.00812	0.01333	0.00808	0.01036	0.01890	0.00260	0.78134	0.00519	0.00271	0.00656
16	0.00753	0.00573	0.00678	0.00759	0.00856	0.00509	0.00523	0.00852	0.01208	0.01547	0.04151	0.51978	0.30084	0.01695	0.00734	0.00228	0.00338	0.01482	0.00549	0.00503
17	0.01206	0.02981	0.76262	0.01664	0.02507	0.01358	0.02125	0.01848	0.01244	0.01864	0.01086	0.01289	0.00782	0.00583	0.00569	0.00192	0.00862	0.00442	0.00262	0.00874
18	0.01585	0.79538	0.03020	0.01018	0.01509	0.02284	0.01002	0.01751	0.01199	0.01403	0.00856	0.01002	0.00791	0.00529	0.00394	0.00134	0.00631	0.00326	0.00266	0.00764
19	0.00868	0.00630	0.00803	0.00757	0.00898	0.00575	0.00563	0.01115	0.01642	0.02318	0.73145	0.04365	0.07662	0.01212	0.00699	0.00191	0.00293	0.01054	0.00644	0.00569
20	0.00882	0.00645	0.00900	0.00897	0.00983	0.00717	0.00663	0.01026	0.00940	0.01339	0.01643	0.02633	0.01617	0.20160	0.61252	0.00847	0.01337	0.00676	0.00335	0.00508
21	0.01585	0.79538	0.03020	0.01018	0.01509	0.02284	0.01002	0.01751	0.01199	0.01403	0.00856	0.01002	0.00791	0.00529	0.00394	0.00134	0.00631	0.00326	0.00266	0.00764
22	0.00750	0.00628	0.00640	0.00643	0.00838	0.00528	0.00484	0.00883	0.01340	0.01608	0.05689	0.05587	0.72297	0.01485	0.00705	0.00207	0.00322	0.04302	0.00549	0.00517
23	0.01219	0.00668	0.00679	0.00643	0.00808	0.00674	0.00486	0.07516	0.01361	0.02306	0.01876	0.02142	0.01475	0.00706	0.00441	0.00148	0.00319	0.00550	0.75382	0.00602
24	0.01054	0.00543	0.00789	0.00787	0.00793	0.00534	0.00524	0.00792	0.00786	0.01054	0.01053	0.01815	0.01048	0.02013	0.02245	0.82586	0.00517	0.00516	0.00269	0.00283
25	0.02032	0.01130	0.01342	0.01127	0.01508	0.01149	0.00897	0.02903	0.36872	0.39013	0.02354	0.02203	0.01663	0.00796	0.00608	0.00198	0.00491	0.02094	0.00661	0.00959
26	0.01572	0.01275	0.01565	0.08593	0.01892	0.01405	0.06725	0.07852	0.49503	0.07807	0.02054	0.02012	0.01531	0.00751	0.00608	0.00199	0.00557	0.00631	0.00548	0.02919
27	0.01590	0.74227	0.05695	0.01058	0.01555	0.04649	0.01047	0.01772	0.01215	0.01422	0.00868	0.01016	0.00791	0.00534	0.00405	0.00137	0.00653	0.00333	0.00267	0.00765
28	0.80368	0.01164	0.00914	0.00813	0.01174	0.01330	0.00662	0.04256	0.01072	0.02648	0.00878	0.01029	0.00690	0.00576	0.00388	0.00188	0.00470	0.00337	0.00381	0.00662
29	0.02137	0.02395	0.01651	0.01450	0.01785	0.54905	0.01107	0.17515	0.07773	0.01999	0.01163	0.01275	0.00924	0.00664	0.00558	0.00167	0.00916	0.00441	0.00396	0.00778
30	0.00885	0.00635	0.00817	0.00863	0.00934	0.00644	0.00602	0.04099	0.01110	0.01512	0.02436	0.39715	0.02748	0.17336	0.21024	0.00479	0.00722	0.02471	0.00458	0.00509
31	0.00976	0.00698	0.00956	0.01084	0.01217	0.00688	0.00933	0.01216	0.01345	0.01757	0.03073	0.08812	0.03341	0.01617	0.00811	0.00272	0.00540	0.69565	0.00545	0.00556
32	0.01910	0.00872	0.01144	0.00942	0.01267	0.00771	0.00748	0.02160	0.03334	0.45896	0.28304	0.02954	0.05218	0.00933	0.00638	0.00190	0.00424	0.00776	0.00689	0.00832
33	0.02209	0.01630	0.01743	0.01349	0.01806	0.01792	0.01105	0.72406	0.04106	0.03617	0.01447	0.01468	0.01042	0.00726	0.00597	0.00183	0.00645	0.00536	0.00590	0.00999
34	0.34732	0.01067	0.01174	0.00952	0.01361	0.01049	0.00777	0.02379	0.01408	0.46801	0.01728	0.01620	0.01152	0.00676	0.00513	0.00188	0.00489	0.00488	0.00585	0.00861
35	0.02224	0.01638	0.01752	0.01352	0.01812	0.01799	0.01109	0.73776	0.02712	0.03641	0.01429	0.01453	0.01028	0.00725	0.00597	0.00182	0.00648	0.00534	0.00590	0.01000
36	0.00872	0.00630	0.00809	0.00761	0.00901	0.00577	0.00567	0.01123	0.01652	0.02342	0.75381	0.04326	0.05410	0.01203	0.00699	0.00191	0.00292	0.01048	0.00647	0.00571
37	0.01585	0.79538	0.03020	0.01018	0.01509	0.02284	0.01002	0.01751	0.01199	0.01403	0.00856	0.01002	0.00791	0.00529	0.00394	0.00134	0.00631	0.00326	0.00266	0.00764
38	0.02186	0.02751	0.01657	0.01508	0.01806	0.76913	0.01127	0.02317	0.01653	0.01457	0.00945	0.01115	0.00794	0.00628	0.00541	0.00158	0.01046	0.00388	0.00315	0.00693
39	0.01479	0.01268	0.01332	0.01202	0.01528	0.01451	0.00929	0.03065	0.74636	0.02440	0.02375	0.02207	0.01794	0.00813	0.00607	0.00205	0.00473	0.00664	0.00600	0.00933
40	0.02540	0.00999	0.01343	0.01044	0.01476	0.00862	0.00852	0.02745	0.01669	0.73011	0.05340	0.02117	0.01630	0.00765	0.00604	0.00188	0.00498	0.00612	0.00721	0.00983
41	0.00739	0.00624	0.00625	0.00623	0.00820	0.00520	0.00463	0.00867	0.01339	0.01600	0.05809	0.05546	0.75446	0.01480	0.00700	0.00204	0.00312	0.01219	0.00549	0.00515
42	0.00856	0.00659	0.00789	0.00853	0.01016	0.00602	0.00695	0.01037	0.01338	0.01676	0.04413	0.08713	0.38614	0.01554	0.00755	0.00238	0.00424	0.34687	0.00547	0.00535
43	0.01054	0.00543	0.00789	0.00787	0.00793	0.00534	0.00524	0.00792	0.00786	0.01054	0.01053	0.01815	0.01048	0.02013	0.02245	0.82586	0.00517	0.00516	0.00269	0.00283
44	0.01585	0.79538	0.03020	0.01018	0.01509	0.02284	0.01002	0.01751	0.01199	0.01403	0.00856	0.01002	0.00791	0.00529	0.00394	0.00134	0.00631	0.00326	0.00266	0.00764
45	0.00858	0.00629	0.00790	0.00747	0.00893	0.00571	0.00556	0.01097	0.01620	0.02266	0.68298	0.04450	0.12541	0.01231	0.00699	0.00192	0.00294	0.01066	0.00637	0.00565
46	0.03446	0.02031	0.01638	0.01373	0.01749	0.33738	0.01076	0.33814	0.04679	0.06800	0.03090	0.01431	0.01081	0.00697	0.00573	0.00174	0.00792	0.00489	0.00479	0.00851
47	0.01472	0.01397	0.02351	0.03526	0.75666	0.01388	0.01771	0.01793	0.01338	0.01921	0.01134	0.01495	0.00961	0.00549	0.00591	0.00181	0.00698	0.00528	0.00304	0.00934
48	0.65925	0.17752	0.01336	0.00841	0.01226	0.01519	0.00721	0.01726	0.01052	0.02356	0.00857	0.01011	0.00702	0.00562	0.00384	0.00176	0.00499	0.00329	0.00351	0.00674
49	0.01364	0.01504	0.03154	0.02642	0.18379	0.01428	0.59040	0.01816	0.01340	0.01840	0.01140	0.01516	0.00876	0.00488	0.00652	0.00188	0.00905	0.00640	0.00288	0.00800
50	0.01575	0.01410	0.02195	0.03050	0.60685	0.01446	0.01615	0.17004	0.01593	0.02233	0.01138	0.01407	0.00920	0.00547	0.00568	0.00170	0.00669	0.00511	0.00344	0.00920
51	0.00706	0.00571	0.00631	0.00657	0.00815	0.00496	0.00490	0.00862	0.01298	0.01607	0.11309	0.17632	0.53519	0.01489	0.00692	0.00203	0.00310	0.05687	0.00539	0.00488
52	0.01869	0.01424	0.01716	0.01698	0.17299	0.01543	0.01157	0.50249	0.02205	0.03026	0.01357	0.01480	0.01017	0.00804	0.03890	0.00201	0.00650	0.00520	0.06992	0.00904
53	0.00720	0.00593	0.00639	0.00665	0.00828	0.00525	0.00490	0.00923	0.04460	0.01569	0.05003	0.20921	0.55419	0.01496	0.00687	0.00204	0.00313	0.03511	0.00533	0.00499
54	0.00787	0.00536	0.00637	0.00682	0.00693	0.00524	0.00408	0.00820	0.00920	0.01227	0.02254	0.29108	0.02650	0.53755	0.02181	0.00447	0.00480	0.01098	0.00408	0.00386
55	0.02098	0.02662	0.01627	0.01475	0.01757	0.74321	0.01112	0.02245	0.01589	0.01399	0.00878	0.01041	0.00737	0.00607	0.00575	0.00152	0.04397	0.00374	0.00293	0.00661
56	0.01218	0.17247	0.63264	0.01510	0.02289	0.01501	0.01904	0.01793	0.01199	0.01725	0.00984	0.01154	0.00726	0.00533	0.00511	0.00170	0.00802	0.00401	0.00242	0.00825
57	0.01437	0.01561	0.01724	0.01496	0.01558	0.17669	0.01221	0.01567	0.01032	0.01381	0.00779	0.01205	0.00748	0.00915	0.01591	0.00229	0.62521	0.00473	0.00260	0.00634
58	0.01416	0.01359	0.02322	0.03511	0.76330	0.01359	0.01755	0.01755	0.01302	0.01869	0.01076	0.01416	0.00906	0.00510	0.00566	0.00170	0.00680	0.00510	0.00283	0.00906
59	0.01860	0.01388	0.01478	0.01161	0.01564	0.01503	0.00950	0.58978	0.02399	0.03173	0.02301	0.02240	0.16737	0.00847	0.00594	0.00176	0.00558	0.00660	0.00564	0.00870
60	0.00872	0.00698	0.01086	0.17204	0.01634	0.00832	0.00898	0.01114	0.00966	0.01356	0.01424	0.02096	0.01290	0.03510	0.61461	0.00766	0.01371	0.00591	0.00295	0.00537
61	0.00814	0.00578	0.00735	0.00700	0.00806	0.00543	0.00499	0.01027	0.01454	0.02045	0.60452	0.04162	0.04701	0.17690	0.01144	0.00259	0.00330	0.00992	0.00570	0.00499
62	0.01237	0.01342	0.02827	0.02056	0.02541	0.01256	0.58784	0.01674	0.01407	0.01929	0.16868	0.02116	0.01818	0.00626	0.00675	0.00190	0.00819	0.00750	0.00361	0.00723
63	0.66781	0.01210	0.01024	0.00871	0.01246	0.01386	0.00718	0.16946	0.01333	0.02784	0.00917	0.01022	0.00694	0.00564	0.00400	0.00176	0.00482	0.00353	0.00400	0.00694
64	0.00781	0.00566	0.00736	0.00730	0.00846	0.00522	0.00534	0.01010	0.01497	0.02089	0.57974	0.20112	0.07838	0.01311	0.00686	0.00191	0.00284	0.01165	0.00605	0.00522
65	0.01648	0.01302	0.01392	0.01192	0.01551	0.01475	0.00944	0.19317	0.55247	0.06182	0.02107	0.01952	0.01554	0.00752	0.00579	0.00188	0.00495	0.00613	0.00586	0.00924
66	0.00994	0.00497	0.00745	0.00745	0.00745	0.00497	0.00497	0.00745	0.00745	0.00994	0.00994	0.01739	0.00994	0.01987	0.02235	0.83358	0.00497	0.00497	0.00248	0.00248
67	0.01657	0.63976	0.02708	0.01083	0.01531	0.18073	0.01005	0.01833	0.01258	0.01357	0.00814	0.00941	0.00735	0.00510	0.00398	0.00128	0.00700	0.00319	0.00255	0.00719
68	0.01107	0.00926	0.01098	0.00820	0.01250	0.00716	0.00649	0.01365	0.01277	0.01954	0.16757	0.01834	0.01802	0.00580	0.00476	0.00105	0.00391	0.00485	0.00400	0.66008
69	0.00818	0.00669	0.01043	0.17198	0.01607	0.00692	0.05000	0.01003	0.01133	0.01502	0.04366	0.56830	0.03021	0.01445	0.00692	0.00220	0.00457	0.01322	0.00461	0.00520
70	0.66863	0.01078	0.00943	0.00808	0.01180	0.01190	0.00666	0.01914	0.01113	0.18128	0.01103	0.01143	0.00787	0.00568	0.00400	0.00177	0.00452	0.00365	0.00428	0.00694
71	0.01213	0.01324	0.02806	0.02072	0.02536	0.01240	0.58783	0.01615	0.01297	0.01754	0.01576	0.17907	0.01480	0.00757	0.00687	0.00201	0.00832	0.00875	0.00340	0.00707
72	0.00817	0.00613	0.00919	0.00919	0.01021	0.00715	0.00715	0.01021	0.00919	0.01328	0.01532	0.02247	0.01430	0.04290	0.77631	0.00919	0.01532	0.00613	0.00306	0.00511
73	0.00742	0.00565	0.00683	0.00690	0.00823	0.00505	0.00504	0.00936	0.01406	0.01875	0.37845	0.20465	0.28101	0.01391	0.00687	0.00195	0.00289	0.01215	0.00577	0.00505
74	0.02548	0.01003	0.01346	0.01032	0.01475	0.00885	0.00852	0.06173	0.01687	0.73271	0.02215	0.01920	0.01395	0.00707	0.00575	0.00177	0.00493	0.00572	0.00702	0.00973
75	0.01387	0.01233	0.01390	0.01235	0.01490	0.01492	0.00978	0.02690	0.59680	0.02179	0.01997	0.01949	0.01537	0.00823	0.00854	0.00206	0.16904	0.00616	0.00512	0.00847
76	0.00697	0.00498	0.00664	0.00796	0.00830	0.00465	0.00531	0.00796	0.01095	0.01460	0.03153	0.79525	0.03783	0.01792	0.00730	0.00232	0.00332	0.01626	0.00531	0.00465
77	0.01927	0.01370	0.01513	0.01196	0.01558	0.01506	0.00963	0.58962	0.02281	0.03057	0.01294	0.01450	0.00977	0.00960	0.00921	0.17628	0.00602	0.00511	0.00504	0.00821
78	0.01069	0.00635	0.00781	0.16899	0.01353	0.00688	0.00649	0.01360	0.01188	0.01992	0.01688	0.02005	0.01318	0.00647	0.00436	0.00145	0.00371	0.00528	0.65694	0.00555
79	0.01529	0.80242	0.02997	0.00979	0.01468	0.02263	0.00979	0.01713	0.01162	0.01346	0.00795	0.00918	0.00734	0.00489	0.00367	0.00122	0.00612	0.00306	0.00245	0.00734
80	0.01025	0.00932	0.01548	0.62239	0.03327	0.01154	0.01405	0.01369	0.01097	0.01433	0.01125	0.01677	0.00903	0.01352	0.16742	0.00344	0.00924	0.00530	0.00265	0.00609
81	0.01094	0.00821	0.00950	0.00836	0.01056	0.00820	0.00649	0.16495	0.04465	0.02437	0.44991	0.03809	0.17113	0.01104	0.00650	0.00181	0.00356	0.00943	0.00598	0.00634
82	0.00745	0.00532	0.00718	0.00851	0.00905	0.00506	0.00614	0.00879	0.01142	0.01513	0.03126	0.64039	0.03679	0.01747	0.00743	0.00239	0.00373	0.16642	0.00530	0.00478
83	0.01023	0.00926	0.01516	0.62197	0.03292	0.01117	0.01368	0.01381	0.01243	0.01636	0.16757	0.02102	0.01735	0.00697	0.00593	0.00188	0.00659	0.00619	0.00333	0.00615
84	0.00783	0.00566	0.00739	0.00733	0.00847	0.00523	0.00535	0.01014	0.01502	0.02102	0.59133	0.20092	0.06672	0.01306	0.00686	0.00191	0.00283	0.01163	0.00607	0.00523
85	0.01102	0.00820	0.01087	0.01003	0.01179	0.00937	0.00793	0.16424	0.01291	0.01806	0.01499	0.02064	0.01334	0.03534	0.61461	0.00762	0.01343	0.00592	0.00362	0.00608
86	0.04879	0.01638	0.01680	0.01372	0.04332	0.07120	0.01084	0.62477	0.03169	0.03309	0.01386	0.01407	0.02116	0.00681	0.00562	0.00171	0.00647	0.00509	0.00534	0.00928
87	0.01340	0.01090	0.01194	0.01035	0.01383	0.01141	0.00815	0.02415	0.46479	0.05690	0.02379	0.02416	0.07990	0.00794	0.00566	0.00173	0.00438	0.03967	0.00530	0.18165
88	0.01309	0.01518	0.05618	0.02201	0.02686	0.01458	0.58715	0.01733	0.01267	0.01753	0.01152	0.03826	0.00933	0.00600	0.00850	0.00202	0.12477	0.00669	0.00289	0.00743
89	0.01399	0.01332	0.01945	0.18641	0.41090	0.04966	0.01506	0.03743	0.15859	0.01906	0.01308	0.01561	0.01035	0.00583	0.00568	0.00178	0.00668	0.00530	0.00343	0.00839
90	0.01386	0.01381	0.02514	0.06825	0.57519	0.01373	0.16961	0.01758	0.01305	0.01842	0.01090	0.01448	0.00891	0.00507	0.00589	0.00176	0.00743	0.00544	0.00283	0.00865
91	0.01142	0.01080	0.01828	0.64655	0.17324	0.01287	0.01619	0.01516	0.01173	0.01537	0.01028	0.01505	0.00789	0.00560	0.00571	0.00187	0.00747	0.00509	0.00260	0.00685
92	0.01200	0.01177	0.01232	0.01394	0.15001	0.16862	0.00883	0.01457	0.01561	0.02028	0.46402	0.03064	0.03589	0.00926	0.00621	0.00171	0.00505	0.00798	0.00495	0.00633
93	0.02202	0.00886	0.01180	0.00935	0.01285	0.00781	0.00737	0.02377	0.01468	0.60858	0.02161	0.02324	0.01555	0.17325	0.01065	0.00256	0.00501	0.00629	0.00632	0.00842
94	0.00830	0.00561	0.00659	0.00659	0.00671	0.00574	0.00390	0.00854	0.00842	0.01135	0.01770	0.03565	0.02002	0.70909	0.11795	0.00598	0.00671	0.00806	0.00342	0.00366
95	0.01840	0.02069	0.01718	0.01819	0.17337	0.44677	0.03820	0.07348	0.01576	0.01758	0.01080	0.01279	0.00876	0.00585	0.00523	0.00154	0.00840	0.00438	0.09538	0.00726
96	0.00835	0.00563	0.00720	0.00694	0.00811	0.00521	0.00508	0.00974	0.01367	0.01887	0.45582	0.03874	0.16415	0.01370	0.00992	0.17635	0.00321	0.00933	0.03529	0.00469
97	0.02047	0.01765	0.01621	0.01317	0.01713	0.17608	0.01055	0.50388	0.08735	0.02959	0.01419	0.04208	0.01093	0.00714	0.00567	0.00171	0.00688	0.00536	0.00513	0.00883
98	0.01406	0.01417	0.05034	0.03443	0.73646	0.01358	0.01768	0.01757	0.01299	0.01867	0.01074	0.01408	0.00899	0.00511	0.00565	0.00170	0.00686	0.00506	0.00282	0.00904
99	0.00999	0.03626	0.01053	0.01007	0.01231	0.00739	0.00873	0.01258	0.01284	0.01730	0.02525	0.05146	0.02686	0.01298	0.00698	0.00221	0.00508	0.54718	0.00477	0.17924
100	0.01087	0.00748	0.00917	0.00882	0.01056	0.00734	0.00650	0.08643	0.07644	0.07309	0.18029	0.40032	0.03356	0.01321	0.00664	0.00201	0.00374	0.01170	0.00563	0.04619
101	0.04953	0.01511	0.01692	0.01335	0.01692	0.01751	0.01105	0.56451	0.02246	0.03100	0.01222	0.01332	0.00913	0.00747	0.00838	0.00188	0.17037	0.00504	0.00497	0.00887
102	0.56665	0.01556	0.18702	0.00997	0.01476	0.01295	0.01002	0.05204	0.01142	0.06128	0.00950	0.01066	0.00700	0.00550	0.00420	0.00178	0.00548	0.00359	0.00356	0.00707
103	0.03147	0.00943	0.01311	0.04220	0.17023	0.00875	0.03894	0.03143	0.02717	0.05412	0.11820	0.03001	0.24246	0.00881	0.00589	0.00166	0.00461	0.00764	0.00444	0.14944

[dist]
# distance from previous block
# <min> <max>
0	3

[block]
# block no. 3 follows, 41 sequences, length 10
# corresponding to MSA columns:
# 288-297
name=unknown_D
#
# <colnr> <probs for GDERKNQSTAVLIFYWHMCP>
#	G	D	E	R	K	N	Q	S	T	A	V	L	I	F	Y	W	H	M	C	P
0	0.01230	0.19774	0.60847	0.01489	0.02256	0.01532	0.01866	0.01790	0.01198	0.01710	0.00976	0.01145	0.00727	0.00532	0.00505	0.00168	0.00794	0.00397	0.00242	0.00821
1	0.76307	0.01277	0.07854	0.00833	0.01232	0.01287	0.00757	0.01693	0.00995	0.02497	0.00818	0.00955	0.00629	0.00532	0.00371	0.00177	0.00480	0.00320	0.00344	0.00640
2	0.01234	0.02797	0.65374	0.01794	0.09239	0.06074	0.02018	0.01836	0.01242	0.01791	0.01022	0.01216	0.00742	0.00543	0.00544	0.00178	0.00842	0.00427	0.00249	0.00840
3	0.02096	0.00914	0.01207	0.00971	0.01335	0.00820	0.00783	0.02413	0.06418	0.54188	0.19605	0.02533	0.02391	0.00835	0.00608	0.00183	0.00441	0.00694	0.00687	0.00877
4	0.01146	0.01051	0.01736	0.35640	0.29436	0.01152	0.01443	0.01449	0.01205	0.01629	0.01488	0.17140	0.01440	0.00808	0.00611	0.00195	0.00653	0.00740	0.00328	0.00710
5	0.01799	0.01858	0.16821	0.01415	0.01947	0.04940	0.05740	0.40974	0.06650	0.02820	0.01317	0.01395	0.00963	0.00637	0.00567	0.00171	0.00689	0.00499	0.00462	0.08336
6	0.00845	0.00611	0.00841	0.00840	0.00912	0.00677	0.00608	0.00978	0.00906	0.01280	0.01638	0.02747	0.01654	0.28215	0.53732	0.00805	0.01227	0.00689	0.00327	0.00470
7	0.01123	0.01032	0.01622	0.62709	0.03428	0.01180	0.01412	0.01472	0.01166	0.01563	0.01038	0.01486	0.00800	0.00557	0.00551	0.00173	0.00701	0.00481	0.00279	0.17226
8	0.00899	0.00642	0.00886	0.01016	0.01130	0.00633	0.00852	0.01123	0.01285	0.01681	0.03068	0.21103	0.03402	0.01633	0.00786	0.00261	0.00495	0.58044	0.00534	0.00526
9	0.00849	0.00581	0.00690	0.00680	0.00717	0.00577	0.00422	0.00912	0.01010	0.01384	0.16672	0.03763	0.02714	0.58425	0.07842	0.00508	0.00575	0.00862	0.00408	0.00409

[dist]
# distance from previous block
# <min> <max>
0	2

[block]
# block no. 4 follows, 41 sequences, length 36
# corresponding to MSA columns:
# 300-335
name=unknown_E
#
# <colnr> <probs for GDERKNQSTAVLIFYWHMCP>
#	G	D	E	R	K	N	Q	S	T	A	V	L	I	F	Y	W	H	M	C	P
0	0.01704	0.62438	0.02706	0.01117	0.01564	0.19102	0.01023	0.01867	0.01290	0.01398	0.00858	0.01002	0.00775	0.00540	0.00419	0.00136	0.00719	0.00334	0.00270	0.00739
1	0.05129	0.01477	0.01707	0.18561	0.02258	0.01660	0.01196	0.54861	0.02293	0.03111	0.01310	0.01446	0.00950	0.00682	0.00581	0.00184	0.00665	0.00519	0.00505	0.00903
2	0.01076	0.00817	0.01034	0.01105	0.01283	0.00854	0.00934	0.01629	0.17863	0.01901	0.02900	0.05510	0.02970	0.01421	0.00760	0.00255	0.00524	0.55978	0.00552	0.00633
3	0.01344	0.01691	0.18913	0.14478	0.48394	0.01359	0.01821	0.01750	0.01282	0.01831	0.01097	0.01442	0.00883	0.00554	0.00579	0.00183	0.00742	0.00503	0.00284	0.00871
4	0.02025	0.01614	0.02111	0.01586	0.02072	0.01718	0.17442	0.57760	0.02406	0.03234	0.01364	0.01467	0.00988	0.00668	0.00613	0.00184	0.00717	0.00564	0.00521	0.00947
5	0.00875	0.00586	0.00656	0.00654	0.00658	0.00580	0.00367	0.00864	0.00860	0.01151	0.01838	0.03784	0.02111	0.79403	0.02913	0.00560	0.00568	0.00843	0.00361	0.00370
6	0.01263	0.00680	0.00813	0.00742	0.00845	0.00644	0.00477	0.01301	0.01040	0.18037	0.01940	0.03382	0.01962	0.61719	0.02392	0.00475	0.00553	0.00785	0.00441	0.00510
7	0.01137	0.01479	0.18538	0.60869	0.03625	0.01305	0.01718	0.01568	0.01184	0.01579	0.01060	0.01509	0.00794	0.00593	0.00583	0.00196	0.00793	0.00502	0.00266	0.00704
8	0.01198	0.01093	0.01646	0.60765	0.03404	0.01326	0.01448	0.01842	0.17729	0.01709	0.01351	0.01716	0.01022	0.00645	0.00592	0.00199	0.00706	0.00552	0.00342	0.00717
9	0.00784	0.00568	0.00736	0.00810	0.00887	0.00518	0.00557	0.00915	0.01242	0.01700	0.19378	0.59472	0.04059	0.01624	0.00723	0.00223	0.00336	0.01454	0.00559	0.03456
10	0.01924	0.01486	0.01581	0.01284	0.01692	0.01659	0.01034	0.46962	0.30177	0.03171	0.01774	0.01717	0.01304	0.00747	0.00593	0.00188	0.00576	0.00578	0.00588	0.00966
11	0.00875	0.00586	0.00656	0.00654	0.00658	0.00580	0.00367	0.00864	0.00860	0.01151	0.01838	0.03784	0.02111	0.79403	0.02913	0.00560	0.00568	0.00843	0.00361	0.00370
12	0.01300	0.01093	0.01180	0.01108	0.01369	0.01229	0.00838	0.02556	0.58264	0.02218	0.02545	0.19468	0.02234	0.01029	0.00632	0.00210	0.00440	0.00878	0.00583	0.00826
13	0.01448	0.01176	0.01333	0.00980	0.01478	0.01013	0.00787	0.17767	0.01547	0.02289	0.01138	0.01285	0.00914	0.00511	0.00475	0.00112	0.00484	0.00392	0.00405	0.64465
14	0.01712	0.62187	0.02727	0.01082	0.01565	0.02168	0.01019	0.17977	0.01529	0.01890	0.00967	0.01078	0.00827	0.00561	0.00432	0.00141	0.00629	0.00367	0.00332	0.00808
15	0.64954	0.01114	0.00948	0.00802	0.01193	0.01188	0.00651	0.01654	0.01048	0.02441	0.00888	0.01046	0.00711	0.00535	0.00388	0.00164	0.00453	0.00331	0.00364	0.19126
16	0.02209	0.01627	0.01741	0.01341	0.01800	0.01791	0.01102	0.73970	0.02705	0.03630	0.01412	0.01429	0.01011	0.00713	0.00590	0.00179	0.00643	0.00528	0.00585	0.00992
17	0.00762	0.00538	0.00689	0.00799	0.00831	0.00505	0.00522	0.00834	0.01081	0.01446	0.02975	0.67573	0.03545	0.13657	0.01077	0.00288	0.00381	0.01511	0.00516	0.00469
18	0.00850	0.00646	0.00812	0.00837	0.00980	0.00557	0.00583	0.00973	0.01142	0.01590	0.02703	0.61572	0.03147	0.01506	0.00678	0.00207	0.00367	0.01344	0.00501	0.19007
19	0.00823	0.00541	0.00662	0.00757	0.00823	0.00507	0.00516	0.00950	0.01154	0.01653	0.03006	0.58609	0.06386	0.01545	0.00670	0.00216	0.00331	0.01370	0.18977	0.00503
20	0.01808	0.01281	0.01408	0.01189	0.01560	0.01401	0.00943	0.18908	0.44391	0.15246	0.03926	0.02036	0.01640	0.00780	0.00598	0.00193	0.00508	0.00627	0.00615	0.00943
21	0.01280	0.01093	0.01238	0.00946	0.01414	0.00934	0.00747	0.01826	0.17762	0.02019	0.01351	0.01455	0.01087	0.00531	0.00477	0.00117	0.00445	0.00422	0.00407	0.64450
22	0.02598	0.01002	0.01354	0.01045	0.01489	0.00864	0.00858	0.02807	0.01660	0.76270	0.02290	0.01999	0.01451	0.00734	0.00593	0.00185	0.00501	0.00588	0.00720	0.00993
23	0.83938	0.01106	0.00841	0.00752	0.01106	0.01283	0.00619	0.01681	0.00973	0.02566	0.00796	0.00929	0.00619	0.00531	0.00354	0.00177	0.00442	0.00310	0.00354	0.00619
24	0.01066	0.00533	0.00533	0.00533	0.00666	0.00533	0.00400	0.01333	0.01200	0.02132	0.01866	0.02132	0.01466	0.00666	0.00400	0.00133	0.00267	0.00533	0.83073	0.00533
25	0.00809	0.00587	0.00764	0.00728	0.00865	0.00542	0.00551	0.01074	0.01596	0.02244	0.70601	0.04404	0.07830	0.01196	0.00679	0.00184	0.00281	0.03905	0.00622	0.00537
26	0.01147	0.02959	0.76934	0.01630	0.02476	0.01328	0.02113	0.01811	0.01208	0.01811	0.01026	0.01208	0.00725	0.00543	0.00543	0.00181	0.00845	0.00423	0.00242	0.00845
27	0.02067	0.01448	0.01584	0.01227	0.01654	0.01571	0.01009	0.61137	0.02485	0.09563	0.06690	0.01748	0.03641	0.00745	0.00583	0.00173	0.00582	0.00577	0.00586	0.00928
28	0.83938	0.01106	0.00841	0.00752	0.01106	0.01283	0.00619	0.01681	0.00973	0.02566	0.00796	0.00929	0.00619	0.00531	0.00354	0.00177	0.00442	0.00310	0.00354	0.00619
29	0.01147	0.02959	0.76934	0.01630	0.02476	0.01328	0.02113	0.01811	0.01208	0.01811	0.01026	0.01208	0.00725	0.00543	0.00543	0.00181	0.00845	0.00423	0.00242	0.00845
30	0.02138	0.02678	0.01625	0.01467	0.01769	0.74350	0.01104	0.05377	0.01667	0.01494	0.00905	0.01046	0.00747	0.00594	0.00518	0.00148	0.01014	0.00375	0.00307	0.00676
31	0.00793	0.00584	0.00741	0.00702	0.00844	0.00532	0.00526	0.01047	0.01579	0.02199	0.67103	0.04429	0.14382	0.01205	0.00675	0.00182	0.00272	0.01056	0.00617	0.00532
32	0.01147	0.00937	0.01071	0.01056	0.01291	0.01024	0.00859	0.02078	0.38557	0.02036	0.02984	0.04173	0.10615	0.01161	0.00673	0.00221	0.00463	0.28388	0.00555	0.00712
33	0.02137	0.02726	0.01621	0.01474	0.01768	0.77602	0.01105	0.02284	0.01621	0.01400	0.00884	0.01031	0.00737	0.00589	0.00516	0.00147	0.01031	0.00368	0.00295	0.00663
34	0.01415	0.01222	0.01290	0.01154	0.01483	0.01402	0.00898	0.02989	0.72976	0.02376	0.02287	0.02104	0.01718	0.00765	0.00577	0.00191	0.00452	0.00637	0.00574	0.03489
35	0.01423	0.01229	0.01293	0.01164	0.01487	0.01423	0.00905	0.03039	0.75297	0.02393	0.02328	0.02134	0.01746	0.00776	0.00582	0.00194	0.00453	0.00647	0.00582	0.00905

[dist]
# distance from previous block
# <min> <max>
0	1

[block]
# block no. 5 follows, 41 sequences, length 36
# corresponding to MSA columns:
# 337-372
name=unknown_F
#
# <colnr> <probs for GDERKNQSTAVLIFYWHMCP>
#	G	D	E	R	K	N	Q	S	T	A	V	L	I	F	Y	W	H	M	C	P
0	0.00783	0.00581	0.00729	0.00698	0.00840	0.00528	0.00521	0.01026	0.01549	0.02139	0.61660	0.06771	0.17584	0.01237	0.00677	0.00184	0.00275	0.01082	0.00610	0.00528
1	0.00832	0.00555	0.00624	0.00624	0.00624	0.00555	0.00347	0.00832	0.00832	0.01109	0.01802	0.03743	0.02080	0.79898	0.02911	0.00555	0.00555	0.00832	0.00347	0.00347
2	0.02139	0.01581	0.01698	0.01299	0.01759	0.01738	0.01073	0.71825	0.02636	0.03543	0.01361	0.01367	0.00968	0.00677	0.00567	0.00169	0.00622	0.00509	0.00564	0.03906
3	0.01080	0.01017	0.01716	0.78523	0.03940	0.01271	0.01589	0.01461	0.01144	0.01461	0.01017	0.01525	0.00762	0.00572	0.00572	0.00191	0.00762	0.00508	0.00254	0.00635
4	0.01406	0.01425	0.04068	0.11867	0.60837	0.05122	0.01694	0.01778	0.02969	0.01809	0.01087	0.01420	0.00896	0.00528	0.00564	0.00172	0.00705	0.00503	0.00286	0.00862
5	0.04401	0.02454	0.01619	0.01432	0.01739	0.61223	0.01096	0.12534	0.01722	0.01747	0.00946	0.01087	0.00768	0.00620	0.00580	0.00156	0.04446	0.00394	0.00334	0.00704
6	0.00703	0.00501	0.00662	0.00788	0.00820	0.00469	0.00522	0.00798	0.01082	0.01443	0.03087	0.75858	0.03701	0.05571	0.00836	0.00248	0.00343	0.01588	0.00522	0.00459
7	0.01406	0.01349	0.02304	0.05761	0.74159	0.01356	0.01750	0.01747	0.01298	0.01856	0.01074	0.01419	0.00902	0.00512	0.00566	0.00171	0.00682	0.00510	0.00282	0.00898
8	0.01080	0.01017	0.01716	0.78523	0.03940	0.01271	0.01589	0.01461	0.01144	0.01461	0.01017	0.01525	0.00762	0.00572	0.00572	0.00191	0.00762	0.00508	0.00254	0.00635
9	0.01244	0.01051	0.01217	0.00875	0.01380	0.00822	0.00702	0.05729	0.01274	0.01966	0.01038	0.01197	0.00855	0.00439	0.00432	0.00090	0.00436	0.00349	0.00353	0.78551
10	0.00714	0.00587	0.00632	0.00637	0.00818	0.00505	0.00489	0.00884	0.01344	0.01653	0.14345	0.05431	0.61094	0.01425	0.00685	0.00197	0.00307	0.07216	0.00543	0.00494
11	0.06593	0.00980	0.01303	0.01005	0.01443	0.00863	0.00830	0.02733	0.01604	0.73057	0.02184	0.01897	0.01376	0.00699	0.00564	0.00177	0.00485	0.00562	0.00690	0.00956
12	0.01251	0.01251	0.01752	0.01502	0.01502	0.01752	0.01251	0.01377	0.00876	0.01377	0.00751	0.01251	0.00751	0.01001	0.01877	0.00250	0.78851	0.00501	0.00250	0.00626
13	0.00697	0.00498	0.00664	0.00796	0.00830	0.00465	0.00531	0.00796	0.01095	0.01460	0.03153	0.79525	0.03783	0.01792	0.00730	0.00232	0.00332	0.01626	0.00531	0.00465
14	0.01155	0.00984	0.01153	0.00844	0.01322	0.00744	0.00668	0.01400	0.01180	0.01838	0.01152	0.06142	0.01033	0.00510	0.00443	0.00094	0.00418	0.00420	0.00351	0.78148
15	0.01066	0.00533	0.00533	0.00533	0.00666	0.00533	0.00400	0.01333	0.01200	0.02132	0.01866	0.02132	0.01466	0.00666	0.00400	0.00133	0.00267	0.00533	0.83073	0.00533
16	0.01186	0.01017	0.01186	0.00847	0.01356	0.00762	0.00678	0.01440	0.01186	0.01864	0.01017	0.01186	0.00847	0.00424	0.00424	0.00085	0.00424	0.00339	0.00339	0.83395
17	0.57284	0.01178	0.01064	0.00894	0.01276	0.01317	0.00735	0.14136	0.03955	0.11814	0.01126	0.01171	0.00816	0.00588	0.00426	0.00177	0.00480	0.00389	0.00442	0.00732
18	0.01416	0.01359	0.02322	0.03511	0.76330	0.01359	0.01755	0.01755	0.01302	0.01869	0.01076	0.01416	0.00906	0.00510	0.00566	0.00170	0.00680	0.00510	0.00283	0.00906
19	0.02566	0.00973	0.01327	0.01018	0.01460	0.00841	0.00841	0.02788	0.01637	0.76726	0.02257	0.01947	0.01416	0.00708	0.00575	0.00177	0.00487	0.00575	0.00708	0.00973
20	0.01470	0.01252	0.01320	0.01174	0.01505	0.01445	0.00917	0.07555	0.70703	0.02469	0.02268	0.02086	0.01697	0.00770	0.00581	0.00193	0.00464	0.00638	0.00581	0.00910
21	0.00784	0.00563	0.00726	0.00827	0.00885	0.00542	0.00564	0.05123	0.01189	0.01586	0.03048	0.74932	0.03618	0.01727	0.00721	0.00229	0.00349	0.01561	0.00533	0.00494
22	0.02566	0.00973	0.01327	0.01018	0.01460	0.00841	0.00841	0.02788	0.01637	0.76726	0.02257	0.01947	0.01416	0.00708	0.00575	0.00177	0.00487	0.00575	0.00708	0.00973
23	0.00810	0.00585	0.00765	0.00720	0.00855	0.00540	0.00540	0.01079	0.01619	0.02294	0.76028	0.04273	0.05397	0.01169	0.00675	0.00180	0.00270	0.01034	0.00630	0.00540
24	0.01080	0.01017	0.01716	0.78523	0.03940	0.01271	0.01589	0.01461	0.01144	0.01461	0.01017	0.01525	0.00762	0.00572	0.00572	0.00191	0.00762	0.00508	0.00254	0.00635
25	0.01066	0.00533	0.00533	0.00533	0.00666	0.00533	0.00400	0.01333	0.01200	0.02132	0.01866	0.02132	0.01466	0.00666	0.00400	0.00133	0.00267	0.00533	0.83073	0.00533
26	0.01120	0.00585	0.00590	0.00571	0.00720	0.00593	0.00433	0.04869	0.01272	0.02204	0.01842	0.02096	0.01442	0.00667	0.00408	0.00135	0.00284	0.00532	0.79082	0.00554
27	0.01186	0.01017	0.01186	0.00847	0.01356	0.00762	0.00678	0.01440	0.01186	0.01864	0.01017	0.01186	0.00847	0.00424	0.00424	0.00085	0.00424	0.00339	0.00339	0.83395
28	0.00794	0.00584	0.00743	0.00703	0.00845	0.00533	0.00527	0.01049	0.01582	0.02205	0.67663	0.04419	0.13818	0.01203	0.00675	0.00181	0.00272	0.01055	0.00618	0.00533
29	0.00824	0.00607	0.00891	0.00891	0.00987	0.00700	0.00684	0.01017	0.00921	0.01334	0.01558	0.02339	0.01472	0.08981	0.70937	0.00876	0.01438	0.00625	0.02417	0.00501
30	0.00831	0.00557	0.00638	0.00638	0.00643	0.00562	0.00364	0.00841	0.00836	0.01120	0.01789	0.03671	0.02048	0.76240	0.06526	0.00572	0.00602	0.00821	0.00345	0.00355
31	0.01157	0.02890	0.73375	0.01668	0.02500	0.01334	0.05604	0.01812	0.01215	0.01812	0.01033	0.01224	0.00732	0.00540	0.00550	0.00182	0.00851	0.00435	0.00244	0.00842
32	0.00697	0.00498	0.00664	0.00796	0.00830	0.00465	0.00531	0.00796	0.01095	0.01460	0.03153	0.79525	0.03783	0.01792	0.00730	0.00232	0.00332	0.01626	0.00531	0.00465
33	0.01100	0.01037	0.01751	0.74115	0.08194	0.01276	0.01598	0.01479	0.01153	0.01485	0.01020	0.01519	0.00771	0.00568	0.00572	0.00189	0.00758	0.00508	0.00256	0.00651
34	0.01235	0.01079	0.01313	0.00979	0.01459	0.00909	0.04357	0.01733	0.13866	0.01953	0.01248	0.01366	0.01002	0.00487	0.00463	0.00109	0.00455	0.00408	0.00378	0.65203
35	0.02962	0.00897	0.03459	0.01288	0.13943	0.00801	0.00856	0.01529	0.04091	0.11463	0.41255	0.04636	0.03438	0.00918	0.00615	0.00173	0.00406	0.00808	0.00540	0.05920

[dist]
# distance from previous block
# <min> <max>
4	17

[block]
# block no. 6 follows, 41 sequences, length 46
# corresponding to MSA columns:
# 390-435
name=unknown_G
#
# <colnr> <probs for GDERKNQSTAVLIFYWHMCP>
#	G	D	E	R	K	N	Q	S	T	A	V	L	I	F	Y	W	H	M	C	P
0	0.05511	0.00961	0.01277	0.01029	0.01384	0.00882	0.07543	0.03480	0.08477	0.08238	0.19088	0.04110	0.02295	0.00792	0.00569	0.00159	0.00458	0.06266	0.00482	0.26999
1	0.07608	0.02503	0.46375	0.01437	0.02061	0.16994	0.01614	0.01867	0.01296	0.04320	0.03000	0.04129	0.00977	0.00616	0.00532	0.00173	0.00797	0.00466	0.00300	0.02939
2	0.00730	0.00537	0.00688	0.00785	0.00850	0.00506	0.00537	0.00901	0.03685	0.01575	0.10028	0.64357	0.09345	0.01674	0.00716	0.00223	0.00327	0.01507	0.00542	0.00488
3	0.00851	0.00597	0.00738	0.00753	0.00869	0.00561	0.00563	0.01021	0.01282	0.03589	0.23676	0.09075	0.17743	0.19539	0.01217	0.00290	0.00403	0.16225	0.00520	0.00488
4	0.01676	0.07609	0.02062	0.12733	0.04072	0.13487	0.13783	0.21784	0.08605	0.02186	0.01210	0.01401	0.00927	0.00627	0.00642	0.00177	0.05326	0.00514	0.00384	0.00794
5	0.00732	0.00554	0.00810	0.00884	0.00946	0.00518	0.04517	0.00852	0.01109	0.01480	0.03045	0.75309	0.03625	0.01721	0.00727	0.00230	0.00366	0.01575	0.00518	0.00481
6	0.01256	0.01014	0.01193	0.00856	0.01361	0.00766	0.00686	0.01508	0.01209	0.05647	0.01079	0.01225	0.00876	0.00438	0.00431	0.00089	0.00427	0.00351	0.00358	0.79230
7	0.00817	0.00613	0.00919	0.00919	0.01021	0.00715	0.00715	0.01021	0.00919	0.01328	0.01532	0.02247	0.01430	0.04290	0.77631	0.00919	0.01532	0.00613	0.00306	0.00511
8	0.01080	0.01017	0.01716	0.78523	0.03940	0.01271	0.01589	0.01461	0.01144	0.01461	0.01017	0.01525	0.00762	0.00572	0.00572	0.00191	0.00762	0.00508	0.00254	0.00635
9	0.00769	0.00549	0.00745	0.00868	0.00935	0.00525	0.00646	0.00925	0.01186	0.01575	0.06706	0.54315	0.03718	0.01699	0.00745	0.00239	0.00386	0.22447	0.00535	0.00487
10	0.00810	0.00585	0.00765	0.00720	0.00855	0.00540	0.00540	0.01079	0.01619	0.02294	0.76028	0.04273	0.05397	0.01169	0.00675	0.00180	0.00270	0.01034	0.00630	0.00540
11	0.00825	0.00552	0.00626	0.00633	0.00635	0.00550	0.00356	0.00830	0.00846	0.01128	0.01874	0.07778	0.02170	0.75739	0.02795	0.00537	0.00543	0.00874	0.00356	0.00353
12	0.02566	0.00973	0.01327	0.01018	0.01460	0.00841	0.00841	0.02788	0.01637	0.76726	0.02257	0.01947	0.01416	0.00708	0.00575	0.00177	0.00487	0.00575	0.00708	0.00973
13	0.00810	0.00585	0.00765	0.00720	0.00855	0.00540	0.00540	0.01079	0.01619	0.02294	0.76028	0.04273	0.05397	0.01169	0.00675	0.00180	0.00270	0.01034	0.00630	0.00540
14	0.02566	0.00973	0.01327	0.01018	0.01460	0.00841	0.00841	0.02788	0.01637	0.76726	0.02257	0.01947	0.01416	0.00708	0.00575	0.00177	0.00487	0.00575	0.00708	0.00973
15	0.02174	0.01602	0.01717	0.01316	0.01774	0.01774	0.01087	0.74423	0.02689	0.03605	0.01373	0.01373	0.00973	0.00687	0.00572	0.00172	0.00629	0.00515	0.00572	0.00973
16	0.01147	0.02959	0.76934	0.01630	0.02476	0.01328	0.02113	0.01811	0.01208	0.01811	0.01026	0.01208	0.00725	0.00543	0.00543	0.00181	0.00845	0.00423	0.00242	0.00845
17	0.01529	0.80242	0.02997	0.00979	0.01468	0.02263	0.00979	0.01713	0.01162	0.01346	0.00795	0.00918	0.00734	0.00489	0.00367	0.00122	0.00612	0.00306	0.00245	0.00734
18	0.02196	0.01568	0.01696	0.01300	0.01757	0.01723	0.01074	0.70550	0.02632	0.07558	0.01421	0.01404	0.00997	0.00688	0.00572	0.00172	0.00622	0.00518	0.00580	0.00973
19	0.00793	0.00584	0.00742	0.00702	0.00844	0.00533	0.00527	0.01048	0.01580	0.02201	0.67368	0.04425	0.14115	0.01204	0.00675	0.00182	0.00272	0.01056	0.00618	0.00533
20	0.00716	0.00514	0.00676	0.00781	0.00826	0.00487	0.00526	0.00823	0.01097	0.01466	0.05899	0.64926	0.06267	0.06888	0.04960	0.00286	0.00406	0.01483	0.00511	0.00463
21	0.00733	0.00513	0.00653	0.00750	0.00774	0.00489	0.00481	0.00806	0.01024	0.01365	0.02788	0.59086	0.03324	0.22857	0.01318	0.00319	0.00392	0.01412	0.00481	0.00433
22	0.00817	0.00613	0.00919	0.00919	0.01021	0.00715	0.00715	0.01021	0.00919	0.01328	0.01532	0.02247	0.01430	0.04290	0.77631	0.00919	0.01532	0.00613	0.00306	0.00511
