[name]
unknown

[dist]
# distance from previous block
# <min> <max>
0	210

[block]
# block no. 0 follows, 38 sequences, length 11
# corresponding to MSA columns:
# 216-226
name=unknown_A
#
# <colnr> <probs for GDERKNQSTAVLIFYWHMCP>
#	G	D	E	R	K	N	Q	S	T	A	V	L	I	F	Y	W	H	M	C	P
0	0.00730	0.00535	0.00686	0.00806	0.00864	0.00491	0.00544	0.00841	0.01182	0.01548	0.03701	0.68387	0.13808	0.01835	0.00760	0.00239	0.00343	0.01649	0.00558	0.00491
1	0.01045	0.00522	0.00784	0.00784	0.00784	0.00522	0.00522	0.00784	0.00784	0.01045	0.01045	0.01829	0.01045	0.02090	0.02351	0.82497	0.00522	0.00522	0.00261	0.00261
2	0.02287	0.01685	0.01805	0.01384	0.01866	0.01866	0.01143	0.73100	0.02828	0.03791	0.01444	0.01444	0.01023	0.00722	0.00602	0.00181	0.00662	0.00542	0.00602	0.01023
3	0.00755	0.00539	0.00724	0.00863	0.00908	0.00508	0.00597	0.00876	0.01174	0.01561	0.03303	0.71707	0.03930	0.01864	0.00774	0.00247	0.00368	0.08249	0.00558	0.00495
4	0.01586	0.01337	0.01411	0.01242	0.01599	0.01538	0.00974	0.11161	0.65908	0.02662	0.02334	0.02153	0.01744	0.00805	0.00611	0.00201	0.00497	0.00664	0.00611	0.00960
5	0.00860	0.00641	0.00947	0.00947	0.01048	0.00741	0.00728	0.01062	0.00961	0.01382	0.01629	0.02461	0.01546	0.09136	0.71908	0.00943	0.01547	0.00659	0.00325	0.00526
6	0.01251	0.02639	0.55582	0.02001	0.10805	0.01383	0.10802	0.01870	0.01317	0.01935	0.04048	0.01467	0.00999	0.00586	0.00597	0.00191	0.00861	0.00513	0.00281	0.00874
7	0.01246	0.02834	0.62291	0.01868	0.02704	0.01420	0.15394	0.01909	0.01298	0.01909	0.01105	0.01336	0.00790	0.00560	0.00597	0.00193	0.00912	0.00494	0.00263	0.00875
8	0.01224	0.03007	0.71182	0.01838	0.07113	0.01399	0.02199	0.01901	0.01276	0.01909	0.01083	0.01284	0.00774	0.00569	0.00573	0.00190	0.00878	0.00450	0.00257	0.00893
9	0.00733	0.00524	0.00698	0.00838	0.00873	0.00489	0.00558	0.00838	0.01152	0.01536	0.03316	0.78466	0.03979	0.01885	0.00768	0.00244	0.00349	0.01710	0.00558	0.00489
10	0.01496	0.01292	0.01360	0.01224	0.01564	0.01496	0.00952	0.03197	0.74019	0.02516	0.02448	0.02244	0.01836	0.00816	0.00612	0.00204	0.00476	0.00680	0.00612	0.00952

[dist]
# distance from previous block
# <min> <max>
0	54

[block]
# block no. 1 follows, 38 sequences, length 19
# corresponding to MSA columns:
# 281-299
name=unknown_B
#
# <colnr> <probs for GDERKNQSTAVLIFYWHMCP>
#	G	D	E	R	K	N	Q	S	T	A	V	L	I	F	Y	W	H	M	C	P
0	0.01236	0.00747	0.00908	0.00812	0.01048	0.00687	0.00625	0.01574	0.07168	0.16959	0.33141	0.04177	0.24020	0.03281	0.00745	0.00204	0.00359	0.01004	0.00638	0.00667
1	0.01260	0.01114	0.01683	0.19906	0.14174	0.01360	0.02829	0.01535	0.01150	0.01742	0.01184	0.01627	0.00990	0.00769	0.01043	0.00205	0.27627	0.00542	0.18569	0.00691
2	0.00904	0.00657	0.02329	0.00844	0.00977	0.00580	0.00641	0.01132	0.01481	0.05132	0.40209	0.30036	0.04648	0.01454	0.00732	0.00215	0.00348	0.06502	0.00613	0.00565
3	0.00820	0.00532	0.00667	0.00776	0.00834	0.00505	0.00528	0.00964	0.01176	0.01694	0.03013	0.61443	0.03435	0.01620	0.00690	0.00221	0.00334	0.01453	0.18790	0.00505
4	0.00759	0.00544	0.00722	0.00820	0.00878	0.00506	0.00560	0.00904	0.01275	0.01731	0.19277	0.61946	0.04358	0.01738	0.00755	0.00232	0.00334	0.01571	0.00582	0.00506
5	0.01057	0.00764	0.00998	0.00925	0.02572	0.00740	0.04749	0.07261	0.01589	0.02277	0.30839	0.07947	0.13036	0.01105	0.00642	0.00186	0.00382	0.03503	0.18814	0.00613
6	0.01761	0.00905	0.01211	0.01015	0.01275	0.00908	0.00804	0.04070	0.01503	0.34215	0.18219	0.02717	0.02404	0.09318	0.07926	0.00307	0.09348	0.00734	0.00590	0.00768
7	0.64802	0.01142	0.01090	0.17902	0.01829	0.01347	0.00879	0.01717	0.01064	0.02440	0.00889	0.01117	0.00685	0.00568	0.00423	0.00189	0.00541	0.00372	0.00349	0.00655
8	0.02262	0.00972	0.01288	0.01019	0.01413	0.00872	0.00829	0.06720	0.01784	0.54912	0.18490	0.02558	0.02396	0.00852	0.00628	0.00186	0.00470	0.00709	0.00718	0.00922
9	0.01775	0.59298	0.02775	0.01165	0.01626	0.21705	0.01064	0.01958	0.01348	0.01430	0.00861	0.00996	0.00773	0.00542	0.00427	0.00136	0.00759	0.00339	0.00271	0.00753
10	0.01424	0.00957	0.01135	0.00865	0.01311	0.00753	0.00691	0.01659	0.01372	0.16921	0.02458	0.02425	0.17533	0.00747	0.00537	0.00134	0.00428	0.00611	0.00481	0.47557
11	0.01916	0.06563	0.05285	0.18472	0.02388	0.52179	0.01319	0.02153	0.01546	0.01504	0.00963	0.01203	0.00780	0.00608	0.00549	0.00165	0.00989	0.00419	0.00295	0.00704
12	0.01368	0.00756	0.00998	0.00991	0.05225	0.00693	0.00692	0.01517	0.03728	0.20175	0.08749	0.10209	0.21391	0.01385	0.01046	0.18578	0.00437	0.00901	0.00534	0.00625
13	0.01290	0.00973	0.01145	0.00972	0.01307	0.00930	0.00755	0.01944	0.21765	0.07845	0.16080	0.08385	0.02410	0.01069	0.04880	0.00210	0.00486	0.00732	0.00532	0.26289
14	0.01758	0.37993	0.02314	0.01185	0.01635	0.06277	0.01041	0.17227	0.20757	0.02209	0.01394	0.01410	0.01105	0.00644	0.00500	0.00161	0.00628	0.00466	0.00426	0.00868
15	0.01278	0.02047	0.29701	0.18955	0.03169	0.01434	0.31017	0.01832	0.01316	0.01832	0.01133	0.01489	0.00833	0.00552	0.00635	0.00198	0.00921	0.00573	0.00278	0.00808
16	0.01656	0.52972	0.02825	0.01685	0.18009	0.10778	0.01227	0.01881	0.01311	0.01545	0.00913	0.01096	0.00813	0.00532	0.00451	0.00143	0.00711	0.00377	0.00272	0.00804
17	0.83108	0.01163	0.00884	0.00791	0.01163	0.01350	0.00651	0.01768	0.01024	0.02699	0.00838	0.00977	0.00651	0.00558	0.00372	0.00186	0.00465	0.00326	0.00372	0.00651
18	0.01429	0.01497	0.01840	0.11223	0.27572	0.17952	0.05426	0.01696	0.01364	0.01688	0.01551	0.17141	0.01535	0.01023	0.04193	0.00228	0.00793	0.00757	0.00351	0.00740

[dist]
# distance from previous block
# <min> <max>
0	1

[block]
# block no. 2 follows, 38 sequences, length 7
# corresponding to MSA columns:
# 301-307
name=unknown_C
#
# <colnr> <probs for GDERKNQSTAVLIFYWHMCP>
#	G	D	E	R	K	N	Q	S	T	A	V	L	I	F	Y	W	H	M	C	P
0	0.01478	0.01062	0.01271	0.00920	0.01443	0.00815	0.00740	0.01740	0.01323	0.13655	0.01277	0.01375	0.00986	0.00493	0.00471	0.00105	0.00456	0.00396	0.00418	0.69577
1	0.00757	0.00534	0.00691	0.00807	0.00836	0.00505	0.00525	0.00844	0.01104	0.01473	0.03073	0.65727	0.03673	0.15041	0.01160	0.00302	0.00389	0.01567	0.00525	0.00467
2	0.01316	0.01316	0.01843	0.01579	0.01579	0.01843	0.01316	0.01448	0.00921	0.01448	0.00790	0.01316	0.00790	0.01053	0.01974	0.00263	0.77757	0.00526	0.00263	0.00658
3	0.00779	0.00560	0.00754	0.00836	0.00897	0.00548	0.00580	0.00922	0.01190	0.01624	0.13670	0.51167	0.03740	0.06461	0.12922	0.00370	0.00553	0.01401	0.00526	0.00501
4	0.01314	0.00955	0.00756	0.00730	0.00899	0.13531	0.00547	0.01573	0.01337	0.02111	0.01786	0.02045	0.01411	0.00687	0.00441	0.00143	0.00418	0.00531	0.68202	0.00584
5	0.10245	0.01046	0.01476	0.16838	0.04688	0.01144	0.09037	0.01781	0.16169	0.02002	0.13207	0.02522	0.02027	0.14103	0.01028	0.00263	0.00599	0.00707	0.00434	0.00683
6	0.45136	0.01313	0.04594	0.01012	0.01410	0.01381	0.00857	0.12689	0.12962	0.07550	0.01412	0.04926	0.01110	0.00698	0.00488	0.00191	0.00514	0.00502	0.00472	0.00783

[dist]
# distance from previous block
# <min> <max>
0	4

[block]
# block no. 3 follows, 38 sequences, length 65
# corresponding to MSA columns:
# 312-376
name=unknown_D
#
# <colnr> <probs for GDERKNQSTAVLIFYWHMCP>
#	G	D	E	R	K	N	Q	S	T	A	V	L	I	F	Y	W	H	M	C	P
0	0.01239	0.02704	0.58272	0.01930	0.07481	0.01385	0.11894	0.01867	0.01293	0.01899	0.01179	0.04002	0.00907	0.00606	0.00599	0.00193	0.00876	0.00531	0.00274	0.00869
1	0.01121	0.00561	0.00561	0.00561	0.00701	0.00561	0.00421	0.01402	0.01262	0.02243	0.01962	0.02243	0.01542	0.00701	0.00421	0.00140	0.00280	0.00561	0.82198	0.00561
2	0.02475	0.00974	0.01324	0.01032	0.01458	0.00846	0.00846	0.02713	0.01720	0.66639	0.11172	0.02345	0.01998	0.00804	0.00618	0.00187	0.00484	0.00664	0.00735	0.00968
3	0.01348	0.06786	0.39689	0.02459	0.29305	0.01474	0.06756	0.01879	0.01314	0.01901	0.01094	0.01357	0.00843	0.00551	0.00579	0.00183	0.00819	0.00489	0.00274	0.00901
4	0.00909	0.00790	0.01031	0.01029	0.01141	0.04872	0.05505	0.01066	0.01189	0.01550	0.02937	0.48816	0.08862	0.01965	0.09933	0.00322	0.04326	0.02733	0.00485	0.00539
5	0.00733	0.00524	0.00698	0.00838	0.00873	0.00489	0.00558	0.00838	0.01152	0.01536	0.03316	0.78466	0.03979	0.01885	0.00768	0.00244	0.00349	0.01710	0.00558	0.00489
6	0.00733	0.00524	0.00698	0.00838	0.00873	0.00489	0.00558	0.00838	0.01152	0.01536	0.03316	0.78466	0.03979	0.01885	0.00768	0.00244	0.00349	0.01710	0.00558	0.00489
7	0.01317	0.01380	0.08157	0.44035	0.13723	0.01365	0.14242	0.01746	0.01295	0.05269	0.01168	0.01585	0.00873	0.00580	0.00617	0.00196	0.00820	0.00562	0.00300	0.00769
8	0.00900	0.00648	0.00815	0.00798	0.00825	0.00711	0.00528	0.00964	0.00902	0.01244	0.01748	0.03357	0.01918	0.54547	0.21843	0.00660	0.06023	0.00792	0.00347	0.00429
9	0.83108	0.01163	0.00884	0.00791	0.01163	0.01350	0.00651	0.01768	0.01024	0.02699	0.00838	0.00977	0.00651	0.00558	0.00372	0.00186	0.00465	0.00326	0.00372	0.00651
10	0.02699	0.01024	0.01396	0.01070	0.01536	0.00884	0.00884	0.02932	0.01722	0.75522	0.02373	0.02048	0.01489	0.00745	0.00605	0.00186	0.00512	0.00605	0.00745	0.01024
11	0.01631	0.01410	0.02017	0.13951	0.27613	0.07430	0.06509	0.05922	0.05601	0.10684	0.01434	0.05297	0.01166	0.00702	0.00703	0.00193	0.05888	0.00609	0.00393	0.00848
12	0.00809	0.00613	0.00745	0.00712	0.00872	0.00549	0.00534	0.01052	0.01602	0.02172	0.53829	0.04889	0.26786	0.01319	0.00710	0.00193	0.00290	0.01143	0.00631	0.00549
13	0.01859	0.49219	0.02584	0.01234	0.01668	0.31482	0.01082	0.02037	0.01412	0.01438	0.00873	0.01012	0.00773	0.00556	0.00447	0.00139	0.00817	0.00348	0.00278	0.00743
14	0.71156	0.01241	0.01020	0.00879	0.01267	0.01426	0.00724	0.12317	0.01291	0.02861	0.00927	0.01046	0.00706	0.00583	0.00406	0.00185	0.00494	0.00358	0.00406	0.00706
15	0.01182	0.01075	0.01826	0.57020	0.09395	0.01263	0.06454	0.01573	0.01238	0.01684	0.01192	0.01673	0.00911	0.00602	0.00587	0.00192	0.00747	0.00550	0.10149	0.00688
16	0.01992	0.01538	0.01639	0.01324	0.01753	0.01728	0.01072	0.47009	0.29400	0.03315	0.01819	0.01743	0.01327	0.00757	0.00606	0.00189	0.00593	0.00593	0.00606	0.00997
17	0.01108	0.02537	0.58916	0.01513	0.02217	0.01198	0.01850	0.01685	0.01279	0.01878	0.06120	0.13887	0.01591	0.00824	0.00612	0.00199	0.00764	0.00689	0.00329	0.00804
18	0.01319	0.24326	0.55508	0.01524	0.02308	0.01671	0.01890	0.01876	0.01257	0.01769	0.01012	0.01185	0.00765	0.00556	0.00520	0.00173	0.00821	0.00410	0.00255	0.00856
19	0.04061	0.02908	0.67230	0.01843	0.08414	0.01398	0.02138	0.01896	0.01270	0.01937	0.01075	0.01278	0.00774	0.00568	0.00567	0.00189	0.00860	0.00448	0.00262	0.00886
20	0.01344	0.07100	0.51726	0.01812	0.09733	0.09201	0.01913	0.01892	0.01303	0.01806	0.01089	0.01325	0.00830	0.00820	0.05381	0.00231	0.00924	0.00454	0.00269	0.00847
21	0.01356	0.31438	0.48725	0.01460	0.02209	0.01763	0.01779	0.01866	0.01252	0.01723	0.00989	0.01157	0.00766	0.00550	0.00502	0.00167	0.00798	0.00399	0.00255	0.00845
22	0.01565	0.01277	0.01362	0.01215	0.01563	0.01461	0.00948	0.03182	0.69895	0.06681	0.02444	0.02233	0.01817	0.00812	0.00612	0.00203	0.00478	0.00676	0.00620	0.00956
23	0.01414	0.01091	0.01283	0.00927	0.01453	0.00854	0.00745	0.04641	0.01354	0.08268	0.01195	0.01323	0.00947	0.00482	0.00466	0.00101	0.00460	0.00385	0.00400	0.72209
24	0.00733	0.00524	0.00698	0.00838	0.00873	0.00489	0.00558	0.00838	0.01152	0.01536	0.03316	0.78466	0.03979	0.01885	0.00768	0.00244	0.00349	0.01710	0.00558	0.00489
25	0.01316	0.01316	0.01843	0.01579	0.01579	0.01843	0.01316	0.01448	0.00921	0.01448	0.00790	0.01316	0.00790	0.01053	0.01974	0.00263	0.77757	0.00526	0.00263	0.00658
26	0.00844	0.00630	0.00785	0.00744	0.00900	0.00580	0.00559	0.01139	0.03345	0.02286	0.61841	0.04653	0.16917	0.01268	0.00707	0.00192	0.00292	0.01108	0.00644	0.00567
27	0.02699	0.01024	0.01396	0.01070	0.01536	0.00884	0.00884	0.02932	0.01722	0.75522	0.02373	0.02048	0.01489	0.00745	0.00605	0.00186	0.00512	0.00605	0.00745	0.01024
28	0.02642	0.01037	0.01394	0.01078	0.01537	0.00913	0.00887	0.02944	0.05173	0.72037	0.02377	0.02057	0.01506	0.00748	0.00605	0.00187	0.00510	0.00609	0.00738	0.01020
29	0.01200	0.01103	0.01804	0.73197	0.04017	0.01366	0.01641	0.05505	0.01293	0.01662	0.01090	0.01595	0.00814	0.00608	0.00601	0.00199	0.00794	0.00535	0.00286	0.00688
30	0.04000	0.01051	0.01144	0.01108	0.01197	0.09919	0.00830	0.01306	0.01177	0.04654	0.03704	0.38722	0.02521	0.05091	0.01134	0.00249	0.20059	0.01106	0.00448	0.00580
31	0.83108	0.01163	0.00884	0.00791	0.01163	0.01350	0.00651	0.01768	0.01024	0.02699	0.00838	0.00977	0.00651	0.00558	0.00372	0.00186	0.00465	0.00326	0.00372	0.00651
32	0.01078	0.01005	0.01408	0.01292	0.01342	0.02674	0.04392	0.01215	0.01064	0.01511	0.01946	0.35947	0.02226	0.01392	0.01345	0.00250	0.37862	0.01064	0.00399	0.00590
33	0.01038	0.01002	0.07050	0.00958	0.01235	0.00844	0.00810	0.01489	0.09407	0.02210	0.40979	0.06795	0.03700	0.01022	0.00719	0.00181	0.04803	0.00867	0.00545	0.14347
34	0.09415	0.20691	0.44716	0.01406	0.02118	0.01579	0.01669	0.01959	0.01275	0.08409	0.01114	0.01239	0.00818	0.00572	0.00511	0.00175	0.00756	0.00418	0.00310	0.00850
35	0.00950	0.00819	0.01124	0.01114	0.01136	0.00993	0.00840	0.01065	0.01066	0.01503	0.02376	0.49752	0.02792	0.01575	0.01217	0.00251	0.29159	0.01270	0.00449	0.00552
36	0.01860	0.00867	0.01144	0.00959	0.01276	0.00788	0.00759	0.02192	0.06261	0.41020	0.26113	0.09035	0.03080	0.01000	0.00653	0.00193	0.00422	0.00857	0.00694	0.00827
37	0.06278	0.35276	0.22859	0.01605	0.07953	0.01816	0.10203	0.01886	0.01277	0.04294	0.01027	0.01210	0.00819	0.00542	0.00500	0.00164	0.00747	0.00430	0.00289	0.00825
38	0.00733	0.00524	0.00698	0.00838	0.00873	0.00489	0.00558	0.00838	0.01152	0.01536	0.03316	0.78466	0.03979	0.01885	0.00768	0.00244	0.00349	0.01710	0.00558	0.00489
39	0.00772	0.00560	0.00780	0.00877	0.00934	0.00569	0.00617	0.00910	0.01095	0.01493	0.02796	0.55246	0.03224	0.02686	0.23867	0.00465	0.00734	0.01385	0.00486	0.00503
40	0.00733	0.00524	0.00698	0.00838	0.00873	0.00489	0.00558	0.00838	0.01152	0.01536	0.03316	0.78466	0.03979	0.01885	0.00768	0.00244	0.00349	0.01710	0.00558	0.00489
41	0.01221	0.01104	0.01904	0.69185	0.03967	0.01330	0.06416	0.01622	0.01239	0.04670	0.01134	0.01624	0.00838	0.00601	0.00609	0.00200	0.00804	0.00549	0.00290	0.00693
42	0.01185	0.01107	0.01736	0.42435	0.05431	0.01423	0.01451	0.01453	0.01084	0.01489	0.01012	0.01563	0.00855	0.01040	0.05338	0.04742	0.25203	0.00538	0.00270	0.00645
43	0.83108	0.01163	0.00884	0.00791	0.01163	0.01350	0.00651	0.01768	0.01024	0.02699	0.00838	0.00977	0.00651	0.00558	0.00372	0.00186	0.00465	0.00326	0.00372	0.00651
44	0.02699	0.01024	0.01396	0.01070	0.01536	0.00884	0.00884	0.02932	0.01722	0.75522	0.02373	0.02048	0.01489	0.00745	0.00605	0.00186	0.00512	0.00605	0.00745	0.01024
45	0.01477	0.02442	0.05915	0.00820	0.01085	0.00780	0.00707	0.01767	0.01386	0.18620	0.07810	0.02251	0.01765	0.00756	0.00560	0.00163	0.03634	0.00599	0.46766	0.00695
46	0.01118	0.00914	0.01077	0.00859	0.01238	0.00744	0.00666	0.04247	0.01391	0.02039	0.14724	0.11102	0.08073	0.00848	0.00557	0.00138	0.00403	0.00723	0.00460	0.48679
47	0.01754	0.50249	0.07573	0.01239	0.01706	0.23295	0.01155	0.01969	0.01354	0.01465	0.00878	0.01029	0.00773	0.00564	0.00488	0.00144	0.02985	0.00354	0.00272	0.00755
48	0.02193	0.01082	0.01599	0.01715	0.20363	0.00988	0.01098	0.02454	0.01603	0.49078	0.06042	0.05728	0.01700	0.00772	0.00616	0.00187	0.00544	0.00667	0.00616	0.00955
49	0.01229	0.01404	0.08317	0.48276	0.03712	0.01398	0.23618	0.01687	0.01275	0.01687	0.01116	0.01583	0.00833	0.00570	0.00632	0.00200	0.00874	0.00581	0.00278	0.00730
50	0.02015	0.30585	0.02230	0.01361	0.01745	0.49557	0.01114	0.02184	0.01530	0.01452	0.00896	0.01041	0.00774	0.00582	0.00486	0.00145	0.00925	0.00364	0.00291	0.00724
51	0.02221	0.09711	0.06647	0.01223	0.01659	0.11507	0.01065	0.07797	0.02898	0.38883	0.04201	0.01744	0.01335	0.00727	0.00662	0.00181	0.05538	0.00543	0.00555	0.00904
52	0.01330	0.09037	0.60792	0.01635	0.02441	0.01460	0.04369	0.02001	0.04348	0.05407	0.01184	0.01335	0.00848	0.00583	0.00564	0.00186	0.00838	0.00461	0.00294	0.00886
53	0.81152	0.01176	0.00906	0.00805	0.01180	0.01362	0.00663	0.03495	0.01067	0.02725	0.00852	0.00989	0.00660	0.00562	0.00378	0.00186	0.00470	0.00331	0.00378	0.00660
54	0.01122	0.00863	0.01279	0.10519	0.01585	0.04436	0.08647	0.02740	0.01108	0.01431	0.01643	0.15623	0.01699	0.01561	0.01428	0.36430	0.00613	0.06448	0.00353	0.00473
55	0.01496	0.01292	0.01360	0.01224	0.01564	0.01496	0.00952	0.03197	0.74019	0.02516	0.02448	0.02244	0.01836	0.00816	0.00612	0.00204	0.00476	0.00680	0.00612	0.00952
56	0.01313	0.01108	0.01283	0.00922	0.01454	0.00869	0.00740	0.06061	0.01348	0.02077	0.01093	0.01260	0.00899	0.00463	0.00455	0.00095	0.00459	0.00368	0.00372	0.77359
57	0.00733	0.00524	0.00698	0.00838	0.00873	0.00489	0.00558	0.00838	0.01152	0.01536	0.03316	0.78466	0.03979	0.01885	0.00768	0.00244	0.00349	0.01710	0.00558	0.00489
58	0.01215	0.01175	0.01020	0.01037	0.01182	0.18519	0.00743	0.07048	0.01430	0.01708	0.02756	0.49956	0.06914	0.01472	0.00698	0.00216	0.00545	0.01279	0.00503	0.00582
59	0.02561	0.01091	0.01419	0.01105	0.01559	0.01004	0.00907	0.07413	0.08540	0.64152	0.02321	0.02028	0.01492	0.00750	0.00605	0.00187	0.00518	0.00608	0.00723	0.01017
60	0.02600	0.01027	0.01381	0.01071	0.01523	0.00906	0.00880	0.02904	0.05173	0.70406	0.03993	0.02112	0.01599	0.00759	0.00608	0.00187	0.00505	0.00619	0.00736	0.01010
61	0.01121	0.00561	0.00561	0.00561	0.00701	0.00561	0.00421	0.01402	0.01262	0.02243	0.01962	0.02243	0.01542	0.00701	0.00421	0.00140	0.00280	0.00561	0.82198	0.00561
62	0.01813	0.37498	0.08880	0.01177	0.01678	0.01850	0.01123	0.19276	0.01660	0.11234	0.01260	0.01356	0.00980	0.00922	0.06632	0.00222	0.00732	0.00447	0.00407	0.00856
63	0.01590	0.01176	0.01942	0.01494	0.01888	0.01152	0.23535	0.05011	0.08606	0.18926	0.14460	0.02620	0.08673	0.00846	0.00744	0.00199	0.05022	0.00780	0.00529	0.00805
64	0.01338	0.01164	0.01621	0.37985	0.02806	0.01254	0.01263	0.11219	0.01424	0.01979	0.01107	0.01450	0.00861	0.00587	0.00615	0.00164	0.04338	0.00476	0.00342	0.28007

[dist]
# distance from previous block
# <min> <max>
0	7

[block]
# block no. 4 follows, 38 sequences, length 14
# corresponding to MSA columns:
# 384-397
name=unknown_E
#
# <colnr> <probs for GDERKNQSTAVLIFYWHMCP>
#	G	D	E	R	K	N	Q	S	T	A	V	L	I	F	Y	W	H	M	C	P
0	0.06730	0.26843	0.07547	0.01622	0.02076	0.06823	0.21769	0.01863	0.03297	0.01717	0.01006	0.01276	0.00837	0.00623	0.00768	0.00184	0.13471	0.00490	0.00292	0.00765
1	0.02039	0.08235	0.16587	0.01465	0.09244	0.01216	0.01261	0.06794	0.01611	0.37385	0.05226	0.01804	0.01385	0.00684	0.00580	0.00179	0.00617	0.00555	0.00538	0.02593
2	0.10730	0.01923	0.32093	0.01316	0.03439	0.01209	0.01388	0.09186	0.01475	0.13308	0.01613	0.01686	0.04681	0.00662	0.00544	0.00178	0.00648	0.00513	0.07450	0.05960
3	0.01950	0.05376	0.17748	0.07277	0.05872	0.01227	0.11246	0.02364	0.02861	0.35402	0.01704	0.01713	0.01147	0.00644	0.00601	0.00188	0.00700	0.00564	0.00494	0.00922
4	0.01738	0.24058	0.07511	0.01197	0.01659	0.01695	0.01077	0.08673	0.31522	0.12122	0.01781	0.01704	0.01330	0.00692	0.00542	0.00177	0.00577	0.00536	0.00499	0.00911
5	0.01446	0.00965	0.01115	0.01027	0.01294	0.01005	0.00782	0.04543	0.29962	0.15699	0.03022	0.24417	0.09810	0.01179	0.00665	0.00211	0.00435	0.01017	0.00615	0.00789
6	0.07122	0.01828	0.25639	0.07081	0.02086	0.03768	0.01391	0.05766	0.06278	0.30567	0.01667	0.01644	0.01123	0.00665	0.00577	0.00188	0.00678	0.00524	0.00495	0.00913
7	0.01245	0.01240	0.01802	0.61051	0.03611	0.07092	0.01583	0.01590	0.01201	0.01520	0.01020	0.01524	0.00798	0.00666	0.00789	0.00206	0.11601	0.00522	0.00270	0.00669
8	0.01005	0.00626	0.00800	0.05635	0.01058	0.00684	0.00621	0.01248	0.01118	0.01798	0.01768	0.02375	0.01529	0.08000	0.29261	0.00488	0.00838	0.00614	0.39990	0.00544
9	0.00918	0.00657	0.00832	0.00868	0.00949	0.00671	0.00602	0.07108	0.01224	0.01654	0.04263	0.42815	0.03002	0.17456	0.13667	0.00424	0.00629	0.01254	0.00487	0.00520
10	0.09718	0.01435	0.02688	0.13657	0.17452	0.01478	0.36142	0.01806	0.01306	0.01925	0.01112	0.01508	0.00870	0.00567	0.00716	0.00200	0.05728	0.00598	0.00302	0.00793
11	0.00976	0.00616	0.00803	0.00822	0.00952	0.00561	0.00596	0.01160	0.01415	0.09384	0.26860	0.38518	0.10367	0.01518	0.00729	0.00218	0.00345	0.02978	0.00611	0.00572
12	0.01121	0.00561	0.00561	0.00561	0.00701	0.00561	0.00421	0.01402	0.01262	0.02243	0.01962	0.02243	0.01542	0.00701	0.00421	0.00140	0.00280	0.00561	0.82198	0.00561
13	0.01421	0.01382	0.02316	0.17220	0.10018	0.01591	0.20275	0.08981	0.01357	0.01901	0.01084	0.01504	0.00880	0.00725	0.01053	0.00215	0.24776	0.00580	0.01955	0.00766

[dist]
# distance from previous block
# <min> <max>
85	191

# created by:
# /software/SequenceAnalysis/GenePrediction/augustus/3.0.1/scripts/msa2prfl.pl ./fixed/BUSCOvEOG741RRB.fas
