[name]
unknown

[dist]
# distance from previous block
# <min> <max>
0	199

[block]
# block no. 0 follows, 40 sequences, length 18
# corresponding to MSA columns:
# 205-222
name=unknown_A
#
# <colnr> <probs for GDERKNQSTAVLIFYWHMCP>
#	G	D	E	R	K	N	Q	S	T	A	V	L	I	F	Y	W	H	M	C	P
0	0.01473	0.63702	0.18541	0.01135	0.01708	0.02101	0.01238	0.01762	0.01191	0.01468	0.00858	0.00995	0.00744	0.00509	0.00411	0.00137	0.00672	0.00336	0.00248	0.00770
1	0.01084	0.00542	0.00542	0.00542	0.00678	0.00542	0.00407	0.01355	0.01220	0.02168	0.01897	0.02168	0.01491	0.00678	0.00407	0.00136	0.00271	0.00542	0.82791	0.00542
2	0.01156	0.00975	0.01152	0.00864	0.01325	0.00748	0.00689	0.01409	0.01228	0.01890	0.04543	0.04725	0.01311	0.00579	0.00473	0.00106	0.00425	0.04021	0.00375	0.72006
3	0.00825	0.00604	0.00859	0.00868	0.00947	0.00678	0.00641	0.00985	0.00930	0.01316	0.01723	0.07832	0.01745	0.18790	0.57606	0.00815	0.01281	0.00737	0.00335	0.00484
4	0.83671	0.01125	0.00855	0.00765	0.01125	0.01305	0.00630	0.01709	0.00990	0.02609	0.00810	0.00945	0.00630	0.00540	0.00360	0.00180	0.00450	0.00315	0.00360	0.00630
5	0.01446	0.01249	0.01315	0.01183	0.01512	0.01446	0.00920	0.03090	0.74885	0.02433	0.02367	0.02170	0.01775	0.00789	0.00592	0.00197	0.00460	0.00657	0.00592	0.00920
6	0.00841	0.00584	0.00736	0.00736	0.00771	0.00619	0.00479	0.00911	0.00876	0.01203	0.01740	0.03292	0.01891	0.54166	0.28052	0.00689	0.00899	0.00770	0.00339	0.00409
7	0.83671	0.01125	0.00855	0.00765	0.01125	0.01305	0.00630	0.01709	0.00990	0.02609	0.00810	0.00945	0.00630	0.00540	0.00360	0.00180	0.00450	0.00315	0.00360	0.00630
8	0.00893	0.00645	0.00878	0.00974	0.01108	0.00630	0.00825	0.01148	0.01380	0.01819	0.15502	0.09253	0.07956	0.01537	0.00774	0.00248	0.00469	0.52874	0.00554	0.00532
9	0.01335	0.22841	0.52463	0.01476	0.02203	0.06778	0.01781	0.01849	0.01245	0.01691	0.00973	0.01139	0.00740	0.00541	0.00504	0.00166	0.00811	0.00395	0.00250	0.00818
10	0.01084	0.00542	0.00542	0.00542	0.00678	0.00542	0.00407	0.01355	0.01220	0.02168	0.01897	0.02168	0.01491	0.00678	0.00407	0.00136	0.00271	0.00542	0.82791	0.00542
11	0.01243	0.01181	0.02005	0.46596	0.34446	0.01330	0.01687	0.01612	0.01231	0.01661	0.01059	0.01503	0.00837	0.00555	0.00579	0.00185	0.00739	0.00517	0.00271	0.00762
12	0.01241	0.02276	0.43574	0.10255	0.15743	0.01369	0.13700	0.01797	0.01261	0.01818	0.01073	0.01355	0.00797	0.00539	0.00581	0.00185	0.00840	0.00496	0.00262	0.00835
13	0.01344	0.01160	0.01217	0.01103	0.01414	0.01317	0.00856	0.02785	0.64951	0.02316	0.02843	0.02632	0.11759	0.00881	0.00605	0.00197	0.00438	0.00734	0.00585	0.00862
14	0.01084	0.00542	0.00542	0.00542	0.00678	0.00542	0.00407	0.01355	0.01220	0.02168	0.01897	0.02168	0.01491	0.00678	0.00407	0.00136	0.00271	0.00542	0.82791	0.00542
15	0.04963	0.06249	0.01717	0.03930	0.01823	0.51026	0.01117	0.16184	0.01771	0.01901	0.00988	0.01131	0.00793	0.00625	0.00571	0.00159	0.03558	0.00408	0.00351	0.00735
16	0.01084	0.00542	0.00542	0.00542	0.00678	0.00542	0.00407	0.01355	0.01220	0.02168	0.01897	0.02168	0.01491	0.00678	0.00407	0.00136	0.00271	0.00542	0.82791	0.00542
17	0.01350	0.01417	0.02744	0.02330	0.17025	0.01304	0.43977	0.01762	0.01327	0.01877	0.01130	0.01465	0.00885	0.00483	0.00610	0.00168	0.00806	0.00580	0.00304	0.18456

[dist]
# distance from previous block
# <min> <max>
0	1

[block]
# block no. 1 follows, 40 sequences, length 12
# corresponding to MSA columns:
# 224-235
name=unknown_B
#
# <colnr> <probs for GDERKNQSTAVLIFYWHMCP>
#	G	D	E	R	K	N	Q	S	T	A	V	L	I	F	Y	W	H	M	C	P
0	0.14249	0.01380	0.01439	0.01179	0.01559	0.01526	0.00948	0.46326	0.09284	0.03110	0.01659	0.11684	0.01406	0.00844	0.00579	0.00189	0.00560	0.00660	0.00550	0.00869
1	0.73796	0.01076	0.00838	0.00758	0.01100	0.01220	0.00617	0.01621	0.01042	0.02504	0.01420	0.01513	0.09365	0.00661	0.00407	0.00185	0.00439	0.00428	0.00387	0.00624
2	0.00717	0.00598	0.00621	0.00628	0.00810	0.00505	0.00464	0.00862	0.01338	0.01623	0.09371	0.11145	0.66309	0.01495	0.00699	0.00202	0.00304	0.01254	0.00551	0.00503
3	0.01104	0.00557	0.00557	0.00557	0.00694	0.00554	0.00416	0.01369	0.01232	0.02185	0.01914	0.02192	0.01507	0.00690	0.00415	0.00139	0.00278	0.00548	0.82538	0.00553
4	0.01608	0.75372	0.02977	0.01036	0.01523	0.06490	0.01010	0.01786	0.01220	0.01390	0.00834	0.00968	0.00766	0.00517	0.00391	0.00130	0.00652	0.00321	0.00259	0.00752
5	0.01158	0.01088	0.01827	0.69275	0.12362	0.01312	0.01640	0.01534	0.01194	0.01553	0.01060	0.01564	0.00811	0.00587	0.00589	0.00195	0.00771	0.00523	0.00269	0.00688
6	0.13368	0.01385	0.22189	0.01024	0.01411	0.00912	0.01033	0.01482	0.01442	0.05180	0.40324	0.02882	0.03267	0.00905	0.00604	0.00186	0.00482	0.00752	0.00496	0.00676
7	0.01620	0.01587	0.01399	0.01263	0.01587	0.17626	0.00972	0.02935	0.59038	0.02233	0.02069	0.01955	0.01572	0.00761	0.00586	0.00191	0.00593	0.00603	0.00535	0.00877
8	0.83430	0.01138	0.00869	0.00779	0.01139	0.01314	0.00639	0.01722	0.01003	0.02624	0.00830	0.00973	0.00649	0.00553	0.00369	0.00184	0.00457	0.00322	0.00367	0.00640
9	0.01595	0.01295	0.02146	0.11887	0.56093	0.01301	0.01630	0.01921	0.01369	0.13104	0.01288	0.01560	0.01001	0.00569	0.00586	0.00180	0.00677	0.00534	0.00356	0.00909
10	0.01084	0.00542	0.00542	0.00542	0.00678	0.00542	0.00407	0.01355	0.01220	0.02168	0.01897	0.02168	0.01491	0.00678	0.00407	0.00136	0.00271	0.00542	0.82791	0.00542
11	0.00731	0.00522	0.00700	0.00835	0.00879	0.00492	0.00578	0.00848	0.01135	0.01509	0.03193	0.72119	0.03798	0.01801	0.00748	0.00239	0.00357	0.08499	0.00539	0.00478

[dist]
# distance from previous block
# <min> <max>
5	7

[block]
# block no. 2 follows, 40 sequences, length 6
# corresponding to MSA columns:
# 243-248
name=unknown_C
#
# <colnr> <probs for GDERKNQSTAVLIFYWHMCP>
#	G	D	E	R	K	N	Q	S	T	A	V	L	I	F	Y	W	H	M	C	P
0	0.01775	0.01205	0.01359	0.01111	0.01492	0.01246	0.00911	0.33547	0.08367	0.13715	0.02390	0.02693	0.11566	0.00897	0.00611	0.00184	0.00528	0.08723	0.00574	0.07106
1	0.08885	0.01021	0.03613	0.00949	0.01280	0.04277	0.00783	0.04428	0.01620	0.33676	0.29733	0.02696	0.02828	0.00870	0.00600	0.00180	0.00450	0.00721	0.00619	0.00773
2	0.11881	0.01114	0.01266	0.01070	0.01427	0.01158	0.00871	0.18041	0.13148	0.23082	0.03945	0.06827	0.01740	0.00873	0.00590	0.00192	0.00504	0.08707	0.00582	0.02981
3	0.01311	0.01219	0.02014	0.06643	0.56563	0.01235	0.01551	0.01679	0.04261	0.01845	0.01497	0.10577	0.01422	0.00743	0.00609	0.00187	0.00637	0.04832	0.00342	0.00834
4	0.01752	0.01281	0.01524	0.01419	0.09958	0.01331	0.01014	0.33451	0.09725	0.09142	0.01746	0.12115	0.01478	0.00810	0.00586	0.00175	0.00548	0.00675	0.00527	0.10745
5	0.01936	0.01348	0.01609	0.04792	0.08572	0.01403	0.01061	0.38189	0.05297	0.14051	0.01506	0.01609	0.01109	0.04025	0.00665	0.00183	0.00592	0.00530	0.00523	0.11001

[dist]
# distance from previous block
# <min> <max>
2	8

[block]
# block no. 3 follows, 40 sequences, length 7
# corresponding to MSA columns:
# 257-263
name=unknown_D
#
# <colnr> <probs for GDERKNQSTAVLIFYWHMCP>
#	G	D	E	R	K	N	Q	S	T	A	V	L	I	F	Y	W	H	M	C	P
0	0.01579	0.01477	0.12224	0.04241	0.01765	0.01335	0.01115	0.08123	0.41728	0.11565	0.01950	0.01861	0.01422	0.00707	0.00573	0.00184	0.00546	0.00579	0.00527	0.06501
1	0.22990	0.10934	0.41074	0.01318	0.01966	0.01489	0.01518	0.08942	0.01309	0.02171	0.00991	0.01137	0.00735	0.00557	0.00485	0.00175	0.00704	0.00396	0.00309	0.00799
2	0.05229	0.01305	0.01561	0.07145	0.01717	0.08485	0.03668	0.05454	0.09985	0.09160	0.01385	0.06649	0.01190	0.00972	0.03516	0.00231	0.27547	0.00594	0.00392	0.03816
3	0.01458	0.60804	0.21311	0.01160	0.01747	0.02065	0.01282	0.01766	0.01193	0.01486	0.00867	0.01006	0.00744	0.00511	0.00418	0.00139	0.00681	0.00340	0.00248	0.00774
4	0.01061	0.00722	0.00939	0.00955	0.01123	0.00716	0.00775	0.04038	0.06469	0.06662	0.23906	0.14307	0.03715	0.01368	0.00725	0.00226	0.00431	0.30675	0.00583	0.00603
5	0.31436	0.01079	0.01190	0.00959	0.01372	0.01086	0.00789	0.05754	0.04755	0.43363	0.01726	0.01592	0.01145	0.00658	0.00505	0.00180	0.00484	0.00489	0.00579	0.00858
6	0.02211	0.01629	0.01745	0.01338	0.01803	0.01803	0.01105	0.73997	0.02734	0.03665	0.01396	0.01396	0.00989	0.00698	0.00582	0.00175	0.00640	0.00524	0.00582	0.00989

[dist]
# distance from previous block
# <min> <max>
8	15

[block]
# block no. 4 follows, 40 sequences, length 6
# corresponding to MSA columns:
# 279-284
name=unknown_E
#
# <colnr> <probs for GDERKNQSTAVLIFYWHMCP>
#	G	D	E	R	K	N	Q	S	T	A	V	L	I	F	Y	W	H	M	C	P
0	0.02151	0.09263	0.01544	0.01105	0.01510	0.12523	0.00906	0.11516	0.05537	0.37675	0.02155	0.02002	0.08022	0.00749	0.00564	0.00172	0.00589	0.00581	0.00569	0.00869
1	0.05771	0.01205	0.05745	0.53467	0.03329	0.01346	0.06180	0.01531	0.01140	0.01596	0.01000	0.01457	0.00773	0.00617	0.00722	0.00196	0.09729	0.00505	0.00268	0.03421
2	0.02035	0.01402	0.01554	0.01214	0.01659	0.01486	0.00991	0.43325	0.14457	0.14430	0.01657	0.01594	0.01176	0.00687	0.00567	0.00170	0.00565	0.00536	0.00579	0.09916
3	0.01603	0.01187	0.01352	0.01028	0.01500	0.01100	0.00829	0.17342	0.12253	0.10182	0.01437	0.01467	0.01082	0.00570	0.00502	0.00131	0.00486	0.00453	0.00470	0.45023
4	0.11273	0.09075	0.01118	0.00817	0.01079	0.00876	0.00657	0.01545	0.01466	0.16756	0.34745	0.07713	0.08650	0.01004	0.00597	0.00180	0.00381	0.00842	0.00567	0.00657
5	0.01063	0.00883	0.01227	0.07793	0.01594	0.00842	0.05293	0.01443	0.06638	0.01802	0.02432	0.04092	0.07635	0.01086	0.00660	0.00201	0.00534	0.33095	0.00453	0.21234

[dist]
# distance from previous block
# <min> <max>
0	1

[block]
# block no. 5 follows, 40 sequences, length 6
# corresponding to MSA columns:
# 286-291
name=unknown_F
#
# <colnr> <probs for GDERKNQSTAVLIFYWHMCP>
#	G	D	E	R	K	N	Q	S	T	A	V	L	I	F	Y	W	H	M	C	P
0	0.01503	0.01522	0.02238	0.08085	0.62682	0.10241	0.01697	0.01828	0.01352	0.01818	0.01067	0.01401	0.00892	0.00532	0.00570	0.00171	0.00738	0.00501	0.00287	0.00875
1	0.00980	0.00588	0.00868	0.10360	0.01160	0.00615	0.00630	0.00898	0.00922	0.01237	0.09828	0.02280	0.01633	0.10808	0.01957	0.53448	0.00519	0.00610	0.00310	0.00348
2	0.00792	0.00584	0.00789	0.09800	0.01155	0.00593	0.00614	0.00899	0.01046	0.01387	0.02574	0.49398	0.03011	0.23040	0.01333	0.00321	0.00451	0.01298	0.00455	0.00460
3	0.01732	0.01901	0.01591	0.19719	0.02252	0.35366	0.01188	0.06421	0.20352	0.01825	0.01335	0.01475	0.01032	0.00649	0.00559	0.00174	0.00809	0.00490	0.00381	0.00749
4	0.01541	0.01023	0.01240	0.00903	0.01404	0.00794	0.00729	0.01791	0.01315	0.19675	0.01335	0.01391	0.00999	0.00500	0.00467	0.00109	0.00446	0.00402	0.00434	0.63503
5	0.01124	0.01034	0.01616	0.59702	0.03378	0.01169	0.01394	0.01481	0.01173	0.01584	0.01034	0.01468	0.00796	0.00545	0.00545	0.00168	0.00693	0.00476	0.00279	0.20343

[dist]
# distance from previous block
# <min> <max>
0	0

# created by:
# /software/SequenceAnalysis/GenePrediction/augustus/3.0.1/scripts/msa2prfl.pl ./fixed/BUSCOvEOG783FKQ.fas
