[name]
unknown

[dist]
# distance from previous block
# <min> <max>
14	176

[block]
# block no. 0 follows, 41 sequences, length 60
# corresponding to MSA columns:
# 181-240
name=unknown_A
#
# <colnr> <probs for GDERKNQSTAVLIFYWHMCP>
#	G	D	E	R	K	N	Q	S	T	A	V	L	I	F	Y	W	H	M	C	P
0	0.06099	0.01578	0.01675	0.01289	0.01742	0.01750	0.01065	0.70931	0.02607	0.03555	0.01346	0.01352	0.00956	0.00679	0.00562	0.00172	0.00620	0.00505	0.00562	0.00956
1	0.02011	0.01483	0.01596	0.01250	0.01659	0.01636	0.01016	0.64963	0.04558	0.03334	0.01506	0.05123	0.01185	0.05111	0.00709	0.00196	0.00607	0.00587	0.00558	0.00913
2	0.83938	0.01106	0.00841	0.00752	0.01106	0.01283	0.00619	0.01681	0.00973	0.02566	0.00796	0.00929	0.00619	0.00531	0.00354	0.00177	0.00442	0.00310	0.00354	0.00619
3	0.02265	0.00927	0.01227	0.00968	0.01366	0.00811	0.00789	0.04501	0.01606	0.63093	0.02663	0.05662	0.09786	0.00836	0.00593	0.00181	0.00462	0.00689	0.00677	0.00897
4	0.01983	0.01476	0.01600	0.01235	0.01675	0.01589	0.01011	0.62267	0.02435	0.03293	0.01432	0.05665	0.01114	0.00718	0.00564	0.00165	0.00590	0.00557	0.00544	0.10084
5	0.01324	0.01450	0.02855	0.02192	0.05709	0.01532	0.49792	0.01696	0.01209	0.01701	0.01035	0.01452	0.00835	0.00635	0.01022	0.00209	0.23723	0.00617	0.00278	0.00735
6	0.00697	0.00498	0.00664	0.00796	0.00830	0.00465	0.00531	0.00796	0.01095	0.01460	0.03153	0.79525	0.03783	0.01792	0.00730	0.00232	0.00332	0.01626	0.00531	0.00465
7	0.02188	0.06472	0.01662	0.01334	0.01697	0.45075	0.01047	0.16081	0.01802	0.15486	0.01221	0.01256	0.00905	0.00624	0.00529	0.00156	0.00833	0.00430	0.00420	0.00782
8	0.01247	0.00751	0.00797	0.00732	0.00919	0.00782	0.00561	0.16484	0.01496	0.02348	0.01938	0.12457	0.01677	0.00823	0.00480	0.00155	0.00351	0.00677	0.54709	0.00615
9	0.00720	0.00514	0.00690	0.00822	0.00866	0.00484	0.00571	0.00836	0.01118	0.01486	0.03140	0.72129	0.03733	0.01771	0.00736	0.00235	0.00352	0.08797	0.00531	0.00471
10	0.76823	0.01095	0.00883	0.00775	0.01137	0.01244	0.00639	0.01778	0.01031	0.09051	0.00924	0.01018	0.00689	0.00546	0.00373	0.00177	0.00446	0.00333	0.00385	0.00650
11	0.00998	0.00750	0.00819	0.00787	0.00903	0.00798	0.00532	0.01503	0.22680	0.01604	0.04339	0.07209	0.06221	0.42799	0.01824	0.00384	0.00478	0.00832	0.04001	0.00537
12	0.00708	0.00581	0.00623	0.00613	0.00792	0.00496	0.00459	0.00882	0.01378	0.01722	0.22416	0.05213	0.59366	0.01383	0.00676	0.00190	0.00285	0.01166	0.00554	0.00496
13	0.01344	0.01524	0.03268	0.02351	0.02892	0.01467	0.69453	0.01802	0.01319	0.01802	0.01130	0.01524	0.00860	0.00516	0.00754	0.00197	0.06085	0.00664	0.00287	0.00762
14	0.01560	0.76259	0.02927	0.01004	0.01483	0.06134	0.00985	0.01742	0.01186	0.01349	0.00800	0.00923	0.00734	0.00494	0.00375	0.00124	0.00633	0.00309	0.00247	0.00730
15	0.01416	0.01359	0.02322	0.03511	0.76330	0.01359	0.01755	0.01755	0.01302	0.01869	0.01076	0.01416	0.00906	0.00510	0.00566	0.00170	0.00680	0.00510	0.00283	0.00906
16	0.00700	0.00580	0.00613	0.00605	0.00787	0.00493	0.00454	0.00868	0.01361	0.01681	0.18540	0.05281	0.63268	0.01398	0.00676	0.00191	0.00286	0.01176	0.00549	0.00493
17	0.01423	0.01229	0.01293	0.01164	0.01487	0.01423	0.00905	0.03039	0.75297	0.02393	0.02328	0.02134	0.01746	0.00776	0.00582	0.00194	0.00453	0.00647	0.00582	0.00905
18	0.00802	0.00584	0.00754	0.00712	0.00850	0.00537	0.00534	0.01065	0.01602	0.02252	0.72152	0.04341	0.09299	0.01185	0.00675	0.00181	0.00271	0.01044	0.00624	0.00537
19	0.01066	0.00533	0.00533	0.00533	0.00666	0.00533	0.00400	0.01333	0.01200	0.02132	0.01866	0.02132	0.01466	0.00666	0.00400	0.00133	0.00267	0.00533	0.83073	0.00533
20	0.02566	0.00973	0.01327	0.01018	0.01460	0.00841	0.00841	0.02788	0.01637	0.76726	0.02257	0.01947	0.01416	0.00708	0.00575	0.00177	0.00487	0.00575	0.00708	0.00973
21	0.01423	0.01229	0.01293	0.01164	0.01487	0.01423	0.00905	0.03039	0.75297	0.02393	0.02328	0.02134	0.01746	0.00776	0.00582	0.00194	0.00453	0.00647	0.00582	0.00905
22	0.02138	0.02697	0.01623	0.01470	0.01768	0.75657	0.01105	0.04135	0.01648	0.01456	0.00897	0.01040	0.00743	0.00592	0.00517	0.00148	0.01021	0.00372	0.00302	0.00671
23	0.01529	0.80242	0.02997	0.00979	0.01468	0.02263	0.00979	0.01713	0.01162	0.01346	0.00795	0.00918	0.00734	0.00489	0.00367	0.00122	0.00612	0.00306	0.00245	0.00734
24	0.02174	0.01602	0.01717	0.01316	0.01774	0.01774	0.01087	0.74423	0.02689	0.03605	0.01373	0.01373	0.00973	0.00687	0.00572	0.00172	0.00629	0.00515	0.00572	0.00973
25	0.00817	0.00613	0.00919	0.00919	0.01021	0.00715	0.00715	0.01021	0.00919	0.01328	0.01532	0.02247	0.01430	0.04290	0.77631	0.00919	0.01532	0.00613	0.00306	0.00511
26	0.01350	0.01543	0.03375	0.02411	0.02989	0.01446	0.74253	0.01832	0.01350	0.01832	0.01157	0.01543	0.00868	0.00482	0.00675	0.00193	0.00964	0.00675	0.00289	0.00771
27	0.00879	0.00630	0.00865	0.00945	0.01073	0.00615	0.00793	0.01137	0.01396	0.01871	0.24376	0.08958	0.03928	0.01469	0.00754	0.00238	0.00443	0.48545	0.00557	0.00528
28	0.01423	0.01229	0.01293	0.01164	0.01487	0.01423	0.00905	0.03039	0.75297	0.02393	0.02328	0.02134	0.01746	0.00776	0.00582	0.00194	0.00453	0.00647	0.00582	0.00905
29	0.01135	0.01072	0.01814	0.66351	0.15686	0.01285	0.01616	0.01509	0.01169	0.01528	0.01026	0.01507	0.00786	0.00562	0.00571	0.00187	0.00749	0.00509	0.00259	0.00679
30	0.01178	0.06194	0.69637	0.01706	0.06508	0.01370	0.02045	0.01804	0.01211	0.01795	0.01019	0.01207	0.00735	0.00539	0.00537	0.00178	0.00826	0.00422	0.00244	0.00844
31	0.01080	0.01017	0.01716	0.78523	0.03940	0.01271	0.01589	0.01461	0.01144	0.01461	0.01017	0.01525	0.00762	0.00572	0.00572	0.00191	0.00762	0.00508	0.00254	0.00635
32	0.00909	0.00650	0.00904	0.01016	0.01148	0.00645	0.00879	0.01173	0.01350	0.01776	0.11123	0.06210	0.03525	0.01535	0.00777	0.00254	0.00498	0.64558	0.00538	0.00528
33	0.01423	0.01229	0.01293	0.01164	0.01487	0.01423	0.00905	0.03039	0.75297	0.02393	0.02328	0.02134	0.01746	0.00776	0.00582	0.00194	0.00453	0.00647	0.00582	0.00905
34	0.01357	0.01523	0.03258	0.02533	0.11122	0.01437	0.66214	0.01824	0.01345	0.01836	0.01148	0.01529	0.00872	0.00485	0.00663	0.00190	0.00933	0.00657	0.00289	0.00786
35	0.02566	0.00973	0.01327	0.01018	0.01460	0.00841	0.00841	0.02788	0.01637	0.76726	0.02257	0.01947	0.01416	0.00708	0.00575	0.00177	0.00487	0.00575	0.00708	0.00973
36	0.01244	0.02563	0.63162	0.01492	0.02236	0.01212	0.01855	0.01832	0.01284	0.08579	0.08016	0.01555	0.01215	0.00616	0.00558	0.00181	0.00760	0.00492	0.00319	0.00829
37	0.01147	0.02959	0.76934	0.01630	0.02476	0.01328	0.02113	0.01811	0.01208	0.01811	0.01026	0.01208	0.00725	0.00543	0.00543	0.00181	0.00845	0.00423	0.00242	0.00845
38	0.01259	0.25553	0.55318	0.01440	0.02181	0.01602	0.01782	0.01783	0.01194	0.01675	0.00959	0.01123	0.00727	0.00528	0.00492	0.00164	0.00777	0.00389	0.00242	0.00813
39	0.01804	0.01414	0.01611	0.01490	0.09912	0.01562	0.01082	0.42619	0.22759	0.02963	0.01699	0.05606	0.01326	0.00749	0.00582	0.00181	0.00570	0.00608	0.00541	0.00920
40	0.01202	0.01082	0.01716	0.69962	0.03699	0.01327	0.01533	0.09552	0.01315	0.01699	0.01056	0.01508	0.00786	0.00585	0.00572	0.00189	0.00748	0.00509	0.00289	0.00673
41	0.01881	0.02506	0.15375	0.01712	0.10165	0.47860	0.01358	0.09223	0.01616	0.01743	0.00979	0.01140	0.00777	0.00582	0.00532	0.00158	0.00919	0.00408	0.00311	0.00754
42	0.01197	0.01206	0.01705	0.69980	0.03699	0.09735	0.01535	0.01553	0.01197	0.01455	0.01002	0.01470	0.00760	0.00574	0.00566	0.00186	0.00792	0.00493	0.00259	0.00638
43	0.17012	0.01512	0.01558	0.01214	0.01653	0.01685	0.01002	0.61222	0.02378	0.03416	0.01269	0.01293	0.00909	0.00658	0.00533	0.00173	0.00595	0.00478	0.00533	0.00909
44	0.01481	0.01216	0.01295	0.01157	0.01486	0.01393	0.00902	0.03026	0.71512	0.06212	0.02324	0.02124	0.01729	0.00773	0.00582	0.00193	0.00454	0.00643	0.00588	0.00909
45	0.01416	0.01359	0.02322	0.03511	0.76330	0.01359	0.01755	0.01755	0.01302	0.01869	0.01076	0.01416	0.00906	0.00510	0.00566	0.00170	0.00680	0.00510	0.00283	0.00906
46	0.00812	0.00581	0.00749	0.00709	0.00829	0.00541	0.00518	0.01052	0.01532	0.02162	0.67798	0.04214	0.05029	0.09899	0.00923	0.00221	0.00301	0.01012	0.00598	0.00518
47	0.00676	0.00579	0.00579	0.00579	0.00773	0.00483	0.00435	0.00821	0.01304	0.01545	0.05794	0.05505	0.76098	0.01449	0.00676	0.00193	0.00290	0.01207	0.00531	0.00483
48	0.01416	0.01359	0.02322	0.03511	0.76330	0.01359	0.01755	0.01755	0.01302	0.01869	0.01076	0.01416	0.00906	0.00510	0.00566	0.00170	0.00680	0.00510	0.00283	0.00906
49	0.01186	0.01017	0.01186	0.00847	0.01356	0.00762	0.00678	0.01440	0.01186	0.01864	0.01017	0.01186	0.00847	0.00424	0.00424	0.00085	0.00424	0.00339	0.00339	0.83395
50	0.83938	0.01106	0.00841	0.00752	0.01106	0.01283	0.00619	0.01681	0.00973	0.02566	0.00796	0.00929	0.00619	0.00531	0.00354	0.00177	0.00442	0.00310	0.00354	0.00619
51	0.83938	0.01106	0.00841	0.00752	0.01106	0.01283	0.00619	0.01681	0.00973	0.02566	0.00796	0.00929	0.00619	0.00531	0.00354	0.00177	0.00442	0.00310	0.00354	0.00619
52	0.01206	0.01078	0.01455	0.04835	0.05073	0.00874	0.07205	0.01490	0.01204	0.01842	0.01032	0.01244	0.00848	0.00440	0.00459	0.00103	0.00499	0.00384	0.00328	0.68401
53	0.00821	0.00598	0.00845	0.00845	0.00921	0.00675	0.00622	0.00974	0.00897	0.01273	0.01600	0.02624	0.01594	0.23363	0.58782	0.00827	0.01285	0.00668	0.00317	0.00469
54	0.00883	0.00707	0.01037	0.23470	0.01755	0.00750	0.00846	0.01177	0.01453	0.02008	0.50354	0.07336	0.03959	0.01027	0.00647	0.00186	0.00417	0.00911	0.00515	0.00564
55	0.74800	0.09881	0.01080	0.00777	0.01146	0.01392	0.00659	0.01685	0.00994	0.02431	0.00796	0.00928	0.00632	0.00526	0.00355	0.00171	0.00461	0.00309	0.00342	0.00632
56	0.01416	0.01359	0.02322	0.03511	0.76330	0.01359	0.01755	0.01755	0.01302	0.01869	0.01076	0.01416	0.00906	0.00510	0.00566	0.00170	0.00680	0.00510	0.00283	0.00906
57	0.01166	0.01150	0.02084	0.56393	0.11794	0.01312	0.14793	0.01561	0.01199	0.01574	0.01049	0.01516	0.00798	0.00549	0.00590	0.00189	0.00790	0.00539	0.00264	0.00690
58	0.00795	0.00584	0.00744	0.00704	0.00845	0.00533	0.00528	0.01051	0.01584	0.02211	0.68240	0.04409	0.13237	0.01200	0.00675	0.00181	0.00272	0.01054	0.00619	0.00533
59	0.01326	0.01471	0.02975	0.02187	0.02623	0.01522	0.56270	0.01720	0.01233	0.01720	0.01057	0.01471	0.00839	0.00610	0.00971	0.00207	0.20150	0.00632	0.00280	0.00736

[dist]
# distance from previous block
# <min> <max>
0	1

[block]
# block no. 1 follows, 41 sequences, length 6
# corresponding to MSA columns:
# 242-247
name=unknown_B
#
# <colnr> <probs for GDERKNQSTAVLIFYWHMCP>
#	G	D	E	R	K	N	Q	S	T	A	V	L	I	F	Y	W	H	M	C	P
0	0.01080	0.01017	0.01716	0.78523	0.03940	0.01271	0.01589	0.01461	0.01144	0.01461	0.01017	0.01525	0.00762	0.00572	0.00572	0.00191	0.00762	0.00508	0.00254	0.00635
1	0.01376	0.01319	0.02251	0.12321	0.67828	0.01349	0.01736	0.01721	0.01284	0.01821	0.01069	0.01429	0.00889	0.00517	0.00567	0.00172	0.00689	0.00509	0.00280	0.00874
2	0.01895	0.00994	0.01259	0.00935	0.01409	0.00803	0.00761	0.02133	0.01418	0.40330	0.01654	0.01577	0.01139	0.00570	0.00502	0.00132	0.00456	0.00460	0.00529	0.41045
3	0.13698	0.01018	0.01174	0.00880	0.01348	0.00860	0.00714	0.01845	0.01279	0.22491	0.01324	0.01357	0.00970	0.00517	0.00455	0.00124	0.00444	0.00399	0.00442	0.48661
4	0.01206	0.01231	0.02360	0.01796	0.02218	0.01173	0.43315	0.01715	0.09207	0.01825	0.01747	0.14382	0.01628	0.00810	0.00666	0.00198	0.00734	0.06862	0.00383	0.06544
5	0.02266	0.01399	0.01489	0.01174	0.01590	0.09422	0.00955	0.32156	0.02068	0.34607	0.05645	0.01736	0.01371	0.00711	0.00573	0.00172	0.00592	0.00553	0.00604	0.00917

[dist]
# distance from previous block
# <min> <max>
0	1

[block]
# block no. 2 follows, 41 sequences, length 121
# corresponding to MSA columns:
# 249-369
name=unknown_C
#
# <colnr> <probs for GDERKNQSTAVLIFYWHMCP>
#	G	D	E	R	K	N	Q	S	T	A	V	L	I	F	Y	W	H	M	C	P
0	0.01734	0.01272	0.01527	0.01153	0.01612	0.01237	0.04928	0.33616	0.01893	0.09653	0.01407	0.05364	0.01107	0.00639	0.00533	0.00145	0.00545	0.00523	0.00483	0.30628
1	0.01511	0.76497	0.06580	0.01010	0.01517	0.02218	0.01034	0.01718	0.01164	0.01368	0.00806	0.00932	0.00734	0.00492	0.00376	0.00125	0.00623	0.00312	0.00245	0.00739
2	0.01782	0.00969	0.01194	0.00982	0.01338	0.00929	0.00783	0.02388	0.21212	0.35043	0.16691	0.02382	0.02233	0.00790	0.00582	0.00173	0.00429	0.00662	0.00623	0.08815
3	0.00939	0.00613	0.00806	0.00742	0.00899	0.00562	0.00562	0.01205	0.01620	0.07774	0.70597	0.04101	0.05104	0.01135	0.00667	0.00180	0.00286	0.01001	0.00635	0.00572
4	0.01186	0.01017	0.01186	0.00847	0.01356	0.00762	0.00678	0.01440	0.01186	0.01864	0.01017	0.01186	0.00847	0.00424	0.00424	0.00085	0.00424	0.00339	0.00339	0.83395
5	0.01147	0.02959	0.76934	0.01630	0.02476	0.01328	0.02113	0.01811	0.01208	0.01811	0.01026	0.01208	0.00725	0.00543	0.00543	0.00181	0.00845	0.00423	0.00242	0.00845
6	0.01080	0.01017	0.01716	0.78523	0.03940	0.01271	0.01589	0.01461	0.01144	0.01461	0.01017	0.01525	0.00762	0.00572	0.00572	0.00191	0.00762	0.00508	0.00254	0.00635
7	0.01416	0.01359	0.02322	0.03511	0.76330	0.01359	0.01755	0.01755	0.01302	0.01869	0.01076	0.01416	0.00906	0.00510	0.00566	0.00170	0.00680	0.00510	0.00283	0.00906
8	0.01094	0.01044	0.01803	0.74526	0.03890	0.01280	0.05405	0.01481	0.01155	0.01481	0.01024	0.01526	0.00768	0.00567	0.00577	0.00191	0.00773	0.00517	0.00256	0.00643
9	0.02135	0.01583	0.01694	0.01308	0.01759	0.01755	0.01078	0.70674	0.06502	0.03541	0.01423	0.01413	0.01013	0.00691	0.00573	0.00173	0.00620	0.00522	0.00573	0.00969
10	0.01423	0.01229	0.01293	0.01164	0.01487	0.01423	0.00905	0.03039	0.75297	0.02393	0.02328	0.02134	0.01746	0.00776	0.00582	0.00194	0.00453	0.00647	0.00582	0.00905
11	0.01186	0.01017	0.01186	0.00847	0.01356	0.00762	0.00678	0.01440	0.01186	0.01864	0.01017	0.01186	0.00847	0.00424	0.00424	0.00085	0.00424	0.00339	0.00339	0.83395
12	0.00808	0.00617	0.00766	0.00844	0.00996	0.00576	0.00699	0.01014	0.01300	0.01630	0.04180	0.09897	0.33465	0.01537	0.00740	0.00233	0.00418	0.39247	0.00529	0.00505
13	0.02137	0.02726	0.01621	0.01474	0.01768	0.77602	0.01105	0.02284	0.01621	0.01400	0.00884	0.01031	0.00737	0.00589	0.00516	0.00147	0.01031	0.00368	0.00295	0.00663
14	0.01186	0.01017	0.01186	0.00847	0.01356	0.00762	0.00678	0.01440	0.01186	0.01864	0.01017	0.01186	0.00847	0.00424	0.00424	0.00085	0.00424	0.00339	0.00339	0.83395
15	0.02566	0.00973	0.01327	0.01018	0.01460	0.00841	0.00841	0.02788	0.01637	0.76726	0.02257	0.01947	0.01416	0.00708	0.00575	0.00177	0.00487	0.00575	0.00708	0.00973
16	0.02203	0.02647	0.01675	0.01502	0.01816	0.69327	0.01131	0.09374	0.01766	0.01687	0.01008	0.01170	0.00832	0.00648	0.00553	0.00164	0.01011	0.00408	0.00347	0.00731
17	0.01494	0.01278	0.01342	0.01211	0.01538	0.01459	0.00935	0.03071	0.74467	0.02452	0.02387	0.02226	0.01806	0.00823	0.00613	0.00207	0.00478	0.00669	0.00604	0.00940
18	0.00757	0.00632	0.00641	0.00644	0.00835	0.00529	0.00474	0.00878	0.01339	0.01611	0.05689	0.09006	0.71909	0.01503	0.00709	0.00208	0.00319	0.01242	0.00554	0.00522
19	0.01155	0.01068	0.01760	0.77656	0.03961	0.01308	0.01610	0.01512	0.01190	0.01532	0.01091	0.01624	0.00834	0.00621	0.00603	0.00204	0.00784	0.00532	0.00280	0.00674
20	0.01472	0.01391	0.02332	0.06823	0.72319	0.01392	0.01768	0.01790	0.01340	0.01916	0.01147	0.01521	0.00969	0.00562	0.00598	0.00184	0.00706	0.00533	0.00308	0.00929
21	0.01440	0.01068	0.01141	0.01025	0.01314	0.01152	0.00796	0.06092	0.41618	0.05174	0.02260	0.02373	0.03295	0.00817	0.00570	0.00188	0.00440	0.03384	0.21179	0.04674
22	0.01264	0.01243	0.01495	0.01355	0.01401	0.08854	0.01072	0.01365	0.01054	0.01470	0.01456	0.20884	0.01591	0.01268	0.02976	0.00262	0.49218	0.00794	0.00352	0.00625
23	0.21514	0.01391	0.01523	0.01219	0.01632	0.01503	0.04682	0.36923	0.08189	0.09752	0.03174	0.03233	0.01217	0.00731	0.00564	0.00191	0.00583	0.00550	0.00542	0.00887
24	0.06780	0.02010	0.01678	0.01396	0.01769	0.29293	0.01102	0.39936	0.02149	0.02688	0.01204	0.01319	0.00926	0.00705	0.00631	0.00180	0.04434	0.00473	0.00467	0.00859
25	0.04007	0.02167	0.01696	0.01424	0.01804	0.37664	0.01113	0.37896	0.02175	0.02584	0.01199	0.01303	0.00922	0.00685	0.00572	0.00174	0.00839	0.00465	0.00459	0.00853
26	0.01883	0.01418	0.01530	0.01194	0.01636	0.03049	0.00961	0.41871	0.07395	0.06224	0.05267	0.01648	0.01306	0.00699	0.00571	0.00165	0.00573	0.00530	0.00540	0.21541
27	0.00868	0.00640	0.00792	0.00751	0.00901	0.00578	0.00558	0.01096	0.01613	0.02243	0.64817	0.04521	0.15881	0.01253	0.00705	0.00195	0.00301	0.01077	0.00637	0.00571
28	0.02256	0.01615	0.01741	0.01346	0.01805	0.01758	0.01102	0.69949	0.02664	0.07388	0.01488	0.01503	0.01064	0.00736	0.00604	0.00186	0.00646	0.00541	0.00601	0.01007
29	0.01422	0.01588	0.03399	0.02443	0.03023	0.01482	0.73415	0.01878	0.01394	0.01898	0.01230	0.01642	0.00938	0.00532	0.00705	0.00206	0.00984	0.00697	0.00315	0.00808
30	0.01190	0.01104	0.01822	0.69880	0.11466	0.01318	0.01627	0.01542	0.01207	0.01574	0.01097	0.01613	0.00849	0.00615	0.00603	0.00202	0.00776	0.00532	0.00283	0.00702
31	0.01314	0.01100	0.01266	0.00924	0.01431	0.00862	0.00733	0.05521	0.01315	0.02026	0.01111	0.01299	0.00924	0.00489	0.00465	0.00104	0.00461	0.00374	0.00377	0.77903
32	0.00910	0.00659	0.00922	0.00919	0.01019	0.00733	0.00693	0.01075	0.00975	0.01422	0.01646	0.02480	0.01560	0.11626	0.65044	0.00844	0.01378	0.00652	0.04906	0.00535
33	0.01155	0.01068	0.01760	0.77656	0.03961	0.01308	0.01610	0.01512	0.01190	0.01532	0.01091	0.01624	0.00834	0.00621	0.00603	0.00204	0.00784	0.00532	0.00280	0.00674
34	0.01579	0.75406	0.06806	0.01062	0.01571	0.02241	0.01065	0.01765	0.01211	0.01441	0.00884	0.01038	0.00805	0.00542	0.00410	0.00140	0.00647	0.00338	0.00271	0.00777
35	0.01155	0.01068	0.01760	0.77656	0.03961	0.01308	0.01610	0.01512	0.01190	0.01532	0.01091	0.01624	0.00834	0.00621	0.00603	0.00204	0.00784	0.00532	0.00280	0.00674
36	0.00861	0.00640	0.00783	0.00745	0.00897	0.00575	0.00553	0.01084	0.01598	0.02207	0.61378	0.04582	0.19343	0.01267	0.00705	0.00196	0.00302	0.01086	0.00632	0.00568
37	0.00765	0.00636	0.00650	0.00643	0.00838	0.00534	0.00477	0.00897	0.01370	0.01666	0.10621	0.05472	0.70438	0.01468	0.00706	0.00206	0.00316	0.01211	0.00561	0.00527
38	0.01324	0.01300	0.01796	0.01545	0.01552	0.01784	0.01277	0.01428	0.00926	0.01448	0.00828	0.01354	0.00822	0.01045	0.01893	0.00263	0.77950	0.00524	0.00276	0.00664
39	0.00776	0.00555	0.00720	0.00848	0.00888	0.00512	0.00565	0.00855	0.01142	0.01531	0.03202	0.78702	0.03819	0.01827	0.00759	0.00245	0.00359	0.01636	0.00554	0.00505
40	0.00776	0.00555	0.00720	0.00848	0.00888	0.00512	0.00565	0.00855	0.01142	0.01531	0.03202	0.78702	0.03819	0.01827	0.00759	0.00245	0.00359	0.01636	0.00554	0.00505
41	0.02624	0.01025	0.01376	0.01067	0.01511	0.00883	0.00871	0.02822	0.01678	0.75907	0.02316	0.02041	0.01480	0.00756	0.00606	0.00191	0.00512	0.00598	0.00729	0.01008
42	0.00776	0.00555	0.00720	0.00848	0.00888	0.00512	0.00565	0.00855	0.01142	0.01531	0.03202	0.78702	0.03819	0.01827	0.00759	0.00245	0.00359	0.01636	0.00554	0.00505
43	0.01420	0.01338	0.02238	0.18412	0.61135	0.01378	0.01742	0.01744	0.01316	0.01854	0.01138	0.01538	0.00947	0.00572	0.00599	0.00188	0.00719	0.00533	0.00303	0.00887
44	0.02163	0.01198	0.01428	0.01125	0.01563	0.01151	0.00907	0.17069	0.13410	0.38568	0.01969	0.01844	0.01359	0.00720	0.00585	0.00179	0.00526	0.00562	0.00628	0.13045
45	0.00895	0.00669	0.00973	0.00969	0.01078	0.00759	0.00747	0.01077	0.00968	0.01400	0.01600	0.02337	0.01493	0.04295	0.76752	0.00924	0.01545	0.00635	0.00332	0.00550
46	0.01487	0.01406	0.02359	0.03530	0.75496	0.01396	0.01775	0.01803	0.01347	0.01934	0.01149	0.01516	0.00976	0.00560	0.00598	0.00183	0.00703	0.00533	0.00309	0.00941
47	0.01487	0.01406	0.02359	0.03530	0.75496	0.01396	0.01775	0.01803	0.01347	0.01934	0.01149	0.01516	0.00976	0.00560	0.00598	0.00183	0.00703	0.00533	0.00309	0.00941
48	0.01064	0.00887	0.01056	0.00835	0.01224	0.00688	0.00641	0.01280	0.01163	0.01763	0.01550	0.20734	0.01580	0.00765	0.00500	0.00122	0.00401	0.00660	0.00387	0.62701
49	0.01147	0.02959	0.76934	0.01630	0.02476	0.01328	0.02113	0.01811	0.01208	0.01811	0.01026	0.01208	0.00725	0.00543	0.00543	0.00181	0.00845	0.00423	0.00242	0.00845
50	0.00723	0.00525	0.00683	0.00761	0.00832	0.00485	0.00526	0.00869	0.01241	0.01674	0.21532	0.55297	0.09510	0.01611	0.00712	0.00216	0.00313	0.01448	0.00556	0.00485
51	0.00697	0.00498	0.00664	0.00796	0.00830	0.00465	0.00531	0.00796	0.01095	0.01460	0.03153	0.79525	0.03783	0.01792	0.00730	0.00232	0.00332	0.01626	0.00531	0.00465
52	0.06647	0.00962	0.01276	0.00990	0.01414	0.00849	0.00815	0.02651	0.01602	0.69464	0.05620	0.02003	0.01561	0.00720	0.00569	0.00177	0.00474	0.00583	0.00686	0.00935
53	0.01080	0.01017	0.01716	0.78523	0.03940	0.01271	0.01589	0.01461	0.01144	0.01461	0.01017	0.01525	0.00762	0.00572	0.00572	0.00191	0.00762	0.00508	0.00254	0.00635
54	0.00697	0.00498	0.00664	0.00796	0.00830	0.00465	0.00531	0.00796	0.01095	0.01460	0.03153	0.79525	0.03783	0.01792	0.00730	0.00232	0.00332	0.01626	0.00531	0.00465
55	0.01319	0.01485	0.03176	0.03709	0.02863	0.01428	0.66865	0.01769	0.01314	0.01790	0.01197	0.03985	0.00952	0.00552	0.00736	0.00197	0.04922	0.00693	0.00294	0.00752
56	0.01317	0.01259	0.02144	0.25521	0.55089	0.01333	0.01706	0.01669	0.01256	0.01749	0.01059	0.01448	0.00864	0.00528	0.00568	0.00176	0.00704	0.00509	0.00275	0.00827
57	0.01529	0.80242	0.02997	0.00979	0.01468	0.02263	0.00979	0.01713	0.01162	0.01346	0.00795	0.00918	0.00734	0.00489	0.00367	0.00122	0.00612	0.00306	0.00245	0.00734
58	0.83938	0.01106	0.00841	0.00752	0.01106	0.01283	0.00619	0.01681	0.00973	0.02566	0.00796	0.00929	0.00619	0.00531	0.00354	0.00177	0.00442	0.00310	0.00354	0.00619
59	0.00789	0.00584	0.00736	0.00698	0.00842	0.00531	0.00523	0.01039	0.01570	0.02178	0.65154	0.04463	0.16344	0.01213	0.00675	0.00182	0.00273	0.01061	0.00614	0.00531
60	0.02142	0.02564	0.01635	0.01451	0.01769	0.66674	0.01103	0.12680	0.01775	0.01718	0.00955	0.01081	0.00771	0.00603	0.00524	0.00151	0.00974	0.00390	0.00335	0.00708
61	0.01321	0.01497	0.03256	0.02340	0.02895	0.01403	0.71017	0.01787	0.01339	0.01816	0.01245	0.04965	0.00996	0.00540	0.00677	0.00195	0.00937	0.00717	0.00300	0.00758
62	0.01416	0.01359	0.02322	0.03511	0.76330	0.01359	0.01755	0.01755	0.01302	0.01869	0.01076	0.01416	0.00906	0.00510	0.00566	0.00170	0.00680	0.00510	0.00283	0.00906
63	0.01529	0.80242	0.02997	0.00979	0.01468	0.02263	0.00979	0.01713	0.01162	0.01346	0.00795	0.00918	0.00734	0.00489	0.00367	0.00122	0.00612	0.00306	0.00245	0.00734
64	0.01307	0.01248	0.02125	0.27885	0.52808	0.01330	0.01701	0.01660	0.01251	0.01736	0.01057	0.01451	0.00859	0.00530	0.00568	0.00177	0.00706	0.00509	0.00274	0.00818
65	0.02140	0.02617	0.01630	0.01458	0.01769	0.70215	0.01103	0.09311	0.01725	0.01615	0.00932	0.01065	0.00760	0.00599	0.00521	0.00150	0.00992	0.00383	0.00322	0.00693
66	0.02174	0.01602	0.01717	0.01316	0.01774	0.01774	0.01087	0.74423	0.02689	0.03605	0.01373	0.01373	0.00973	0.00687	0.00572	0.00172	0.00629	0.00515	0.00572	0.00973
67	0.00697	0.00498	0.00664	0.00796	0.00830	0.00465	0.00531	0.00796	0.01095	0.01460	0.03153	0.79525	0.03783	0.01792	0.00730	0.00232	0.00332	0.01626	0.00531	0.00465
68	0.77753	0.01107	0.00876	0.00779	0.01134	0.01275	0.00639	0.01776	0.04256	0.04895	0.00910	0.01014	0.00694	0.00547	0.00371	0.00178	0.00444	0.00333	0.00375	0.00643
69	0.02179	0.01043	0.01307	0.01051	0.01449	0.01008	0.00852	0.05785	0.19808	0.51543	0.06008	0.02088	0.01682	0.00747	0.00582	0.00181	0.00473	0.00614	0.00667	0.00934
70	0.00879	0.00742	0.00781	0.00743	0.00961	0.00724	0.00565	0.01407	0.19807	0.01850	0.13673	0.04510	0.48743	0.01246	0.00652	0.00192	0.00328	0.01046	0.00556	0.00595
71	0.00697	0.00498	0.00664	0.00796	0.00830	0.00465	0.00531	0.00796	0.01095	0.01460	0.03153	0.79525	0.03783	0.01792	0.00730	0.00232	0.00332	0.01626	0.00531	0.00465
72	0.01345	0.01528	0.03290	0.02363	0.02911	0.01463	0.70419	0.01808	0.01325	0.01808	0.01136	0.01528	0.00862	0.00509	0.00738	0.00196	0.05055	0.00666	0.00287	0.00764
73	0.01350	0.01543	0.03375	0.02411	0.02989	0.01446	0.74253	0.01832	0.01350	0.01832	0.01157	0.01543	0.00868	0.00482	0.00675	0.00193	0.00964	0.00675	0.00289	0.00771
74	0.00810	0.00585	0.00765	0.00720	0.00855	0.00540	0.00540	0.01079	0.01619	0.02294	0.76028	0.04273	0.05397	0.01169	0.00675	0.00180	0.00270	0.01034	0.00630	0.00540
75	0.02566	0.00973	0.01327	0.01018	0.01460	0.00841	0.00841	0.02788	0.01637	0.76726	0.02257	0.01947	0.01416	0.00708	0.00575	0.00177	0.00487	0.00575	0.00708	0.00973
76	0.02062	0.02616	0.01568	0.01428	0.01717	0.73657	0.01071	0.02209	0.01605	0.01407	0.01135	0.01260	0.04592	0.00633	0.00524	0.00150	0.00994	0.00411	0.00307	0.00654
77	0.00697	0.00498	0.00664	0.00796	0.00830	0.00465	0.00531	0.00796	0.01095	0.01460	0.03153	0.79525	0.03783	0.01792	0.00730	0.00232	0.00332	0.01626	0.00531	0.00465
78	0.02137	0.02726	0.01621	0.01474	0.01768	0.77602	0.01105	0.02284	0.01621	0.01400	0.00884	0.01031	0.00737	0.00589	0.00516	0.00147	0.01031	0.00368	0.00295	0.00663
79	0.01240	0.01049	0.01215	0.00873	0.01378	0.00818	0.00700	0.05429	0.01268	0.01959	0.01036	0.01196	0.00854	0.00438	0.00432	0.00089	0.00435	0.00349	0.00352	0.78891
80	0.01400	0.01343	0.02293	0.07007	0.72956	0.01355	0.01748	0.01742	0.01295	0.01850	0.01073	0.01421	0.00899	0.00513	0.00567	0.00171	0.00683	0.00510	0.00282	0.00893
81	0.01529	0.80242	0.02997	0.00979	0.01468	0.02263	0.00979	0.01713	0.01162	0.01346	0.00795	0.00918	0.00734	0.00489	0.00367	0.00122	0.00612	0.00306	0.00245	0.00734
82	0.01264	0.01371	0.01074	0.01084	0.01214	0.29532	0.00780	0.01383	0.01283	0.01434	0.02188	0.46360	0.02496	0.01303	0.00703	0.00201	0.04254	0.01101	0.00429	0.00547
83	0.02113	0.01532	0.01653	0.01285	0.01728	0.01691	0.01056	0.63358	0.10362	0.07019	0.01518	0.01482	0.01076	0.00697	0.00573	0.00174	0.00604	0.00532	0.00580	0.00966
84	0.00817	0.00613	0.00919	0.00919	0.01021	0.00715	0.00715	0.01021	0.00919	0.01328	0.01532	0.02247	0.01430	0.04290	0.77631	0.00919	0.01532	0.00613	0.00306	0.00511
85	0.01545	0.01271	0.01346	0.01168	0.01503	0.01451	0.00915	0.17286	0.57089	0.02574	0.02111	0.02059	0.01607	0.04592	0.00693	0.00207	0.00493	0.00629	0.00569	0.00892
86	0.00697	0.00498	0.00664	0.00796	0.00830	0.00465	0.00531	0.00796	0.01095	0.01460	0.03153	0.79525	0.03783	0.01792	0.00730	0.00232	0.00332	0.01626	0.00531	0.00465
87	0.01416	0.01359	0.02322	0.03511	0.76330	0.01359	0.01755	0.01755	0.01302	0.01869	0.01076	0.01416	0.00906	0.00510	0.00566	0.00170	0.00680	0.00510	0.00283	0.00906
88	0.01498	0.73854	0.09109	0.01033	0.01551	0.02186	0.01073	0.01721	0.01166	0.01384	0.00814	0.00942	0.00733	0.00494	0.00382	0.00127	0.00631	0.00316	0.00244	0.00743
89	0.00903	0.00671	0.00921	0.00893	0.00987	0.00766	0.00670	0.04745	0.00989	0.01398	0.01559	0.02501	0.01529	0.20692	0.54809	0.00779	0.03706	0.00653	0.00327	0.00502
90	0.00795	0.00587	0.00747	0.00734	0.00873	0.00539	0.00561	0.01038	0.01519	0.02087	0.55035	0.07975	0.15877	0.01279	0.00689	0.00192	0.00301	0.08046	0.00600	0.00526
91	0.00828	0.00571	0.00707	0.00707	0.00736	0.00600	0.00450	0.00885	0.00856	0.01171	0.01726	0.03322	0.01897	0.58626	0.23933	0.00657	0.00830	0.00770	0.00335	0.00393
92	0.01332	0.01274	0.02170	0.22229	0.58266	0.01337	0.01714	0.01682	0.01263	0.01767	0.01061	0.01443	0.00870	0.00525	0.00568	0.00175	0.00700	0.00509	0.00276	0.00838
93	0.01239	0.21577	0.59122	0.01473	0.02233	0.01554	0.01840	0.01788	0.01197	0.01699	0.00971	0.01138	0.00727	0.00530	0.00501	0.00167	0.00789	0.00395	0.00242	0.00819
94	0.00720	0.00533	0.00673	0.00739	0.00825	0.00486	0.00516	0.00868	0.01258	0.01674	0.21031	0.48318	0.17096	0.01582	0.00707	0.00213	0.00310	0.01410	0.00555	0.00486
95	0.01345	0.01527	0.03285	0.02361	0.02907	0.01463	0.70222	0.01807	0.01324	0.01807	0.01135	0.01527	0.00861	0.00511	0.00741	0.00196	0.05265	0.00665	0.00287	0.00763
96	0.01157	0.01095	0.01854	0.61453	0.20413	0.01291	0.01626	0.01528	0.01180	0.01554	0.01030	0.01500	0.00795	0.00558	0.00571	0.00186	0.00744	0.00509	0.00261	0.00697
97	0.01529	0.80242	0.02997	0.00979	0.01468	0.02263	0.00979	0.01713	0.01162	0.01346	0.00795	0.00918	0.00734	0.00489	0.00367	0.00122	0.00612	0.00306	0.00245	0.00734
98	0.00994	0.00497	0.00745	0.00745	0.00745	0.00497	0.00497	0.00745	0.00745	0.00994	0.00994	0.01739	0.00994	0.01987	0.02235	0.83358	0.00497	0.00497	0.00248	0.00248
99	0.01186	0.01017	0.01186	0.00847	0.01356	0.00762	0.00678	0.01440	0.01186	0.01864	0.01017	0.01186	0.00847	0.00424	0.00424	0.00085	0.00424	0.00339	0.00339	0.83395
100	0.83938	0.01106	0.00841	0.00752	0.01106	0.01283	0.00619	0.01681	0.00973	0.02566	0.00796	0.00929	0.00619	0.00531	0.00354	0.00177	0.00442	0.00310	0.00354	0.00619
101	0.00817	0.00613	0.00919	0.00919	0.01021	0.00715	0.00715	0.01021	0.00919	0.01328	0.01532	0.02247	0.01430	0.04290	0.77631	0.00919	0.01532	0.00613	0.00306	0.00511
102	0.02043	0.02001	0.01600	0.01348	0.01708	0.33730	0.01057	0.36427	0.05969	0.02500	0.01308	0.05264	0.01057	0.00707	0.00557	0.00166	0.00775	0.00517	0.00453	0.00812
103	0.01169	0.07320	0.72762	0.01594	0.02419	0.01381	0.02049	0.01806	0.01205	0.01785	0.01013	0.01191	0.00725	0.00540	0.00533	0.00178	0.00832	0.00416	0.00242	0.00839
104	0.05275	0.24241	0.01381	0.00771	0.01063	0.01116	0.00657	0.01310	0.05439	0.03100	0.06731	0.06263	0.37256	0.01067	0.00565	0.00173	0.00411	0.02133	0.00448	0.00600
105	0.01470	0.68276	0.14445	0.01080	0.01624	0.02119	0.01154	0.01728	0.01169	0.01418	0.00831	0.00962	0.00733	0.00498	0.00394	0.00131	0.00648	0.00324	0.00244	0.00751
106	0.01185	0.01123	0.01904	0.55165	0.26481	0.01298	0.01640	0.01553	0.01193	0.01588	0.01035	0.01491	0.00807	0.00552	0.00570	0.00184	0.00737	0.00509	0.00263	0.00720
107	0.01174	0.01122	0.01913	0.38401	0.02910	0.01257	0.17405	0.05093	0.05398	0.01777	0.08472	0.02005	0.05142	0.00692	0.00677	0.00193	0.04705	0.00638	0.00345	0.00679
108	0.01781	0.01453	0.02085	0.01580	0.02033	0.01521	0.22691	0.39180	0.08114	0.05665	0.01545	0.06920	0.01217	0.00711	0.00615	0.00184	0.00688	0.00652	0.00492	0.00872
109	0.00808	0.00539	0.00709	0.00786	0.00863	0.00496	0.00543	0.00942	0.01212	0.05439	0.14161	0.60687	0.07408	0.01627	0.00711	0.00220	0.00328	0.01463	0.00555	0.00503
110	0.01265	0.25871	0.53558	0.01452	0.02187	0.01608	0.03179	0.01783	0.01197	0.01674	0.00960	0.01128	0.00730	0.00526	0.00494	0.00164	0.00778	0.00393	0.00243	0.00811
111	0.01544	0.01227	0.01609	0.24138	0.02301	0.01373	0.04871	0.35764	0.01868	0.02483	0.01547	0.13807	0.01374	0.02679	0.00657	0.00197	0.00637	0.00704	0.00452	0.00768
112	0.00905	0.00792	0.00802	0.00758	0.00923	0.08032	0.00569	0.01132	0.01540	0.02020	0.51148	0.04265	0.22620	0.01183	0.00659	0.00180	0.00349	0.01013	0.00572	0.00538
113	0.00702	0.00506	0.00666	0.00783	0.00829	0.00470	0.00527	0.00813	0.01133	0.01510	0.07288	0.72246	0.06923	0.01743	0.00725	0.00228	0.00327	0.01576	0.00536	0.00470
114	0.02137	0.01441	0.01586	0.01230	0.01668	0.01554	0.01012	0.56476	0.05982	0.15077	0.01746	0.01676	0.04250	0.00727	0.00578	0.00174	0.00584	0.00560	0.00593	0.00949
115	0.01088	0.01025	0.01730	0.76759	0.05642	0.01273	0.01592	0.01468	0.01147	0.01471	0.01018	0.01522	0.00766	0.00570	0.00572	0.00190	0.00761	0.00508	0.00255	0.00642
116	0.01400	0.01343	0.02293	0.07007	0.72956	0.01355	0.01748	0.01742	0.01295	0.01850	0.01073	0.01421	0.00899	0.00513	0.00567	0.00171	0.00683	0.00510	0.00282	0.00893
117	0.00702	0.00502	0.00668	0.00793	0.00831	0.00468	0.00531	0.00809	0.01118	0.01497	0.06351	0.76222	0.03854	0.01765	0.00728	0.00230	0.00329	0.01600	0.00535	0.00468
118	0.22549	0.02322	0.01426	0.01294	0.01603	0.58558	0.00984	0.02134	0.01459	0.01691	0.00862	0.01006	0.00708	0.00575	0.00475	0.00155	0.00885	0.00354	0.00310	0.00652
119	0.01205	0.00992	0.01323	0.01035	0.01426	0.00851	0.07873	0.08175	0.01331	0.03683	0.01626	0.20805	0.01607	0.00802	0.00542	0.00142	0.00474	0.00715	0.00412	0.44980
120	0.01978	0.01546	0.01607	0.01232	0.01691	0.05557	0.01007	0.56255	0.02337	0.03146	0.01277	0.01318	0.00936	0.00630	0.00540	0.00153	0.00610	0.00473	0.00512	0.17195

[dist]
# distance from previous block
# <min> <max>
16	25

[block]
# block no. 3 follows, 41 sequences, length 32
# corresponding to MSA columns:
# 397-428
name=unknown_D
#
# <colnr> <probs for GDERKNQSTAVLIFYWHMCP>
#	G	D	E	R	K	N	Q	S	T	A	V	L	I	F	Y	W	H	M	C	P
0	0.01311	0.01480	0.03212	0.02314	0.02860	0.01388	0.69825	0.01770	0.01335	0.01810	0.01277	0.06226	0.01043	0.00561	0.00678	0.00195	0.00926	0.00732	0.00304	0.00753
1	0.01420	0.01362	0.02324	0.03512	0.76275	0.01361	0.01757	0.01759	0.01305	0.01873	0.01081	0.01422	0.00911	0.00513	0.00568	0.00171	0.00681	0.00511	0.00285	0.00908
2	0.01102	0.01044	0.01722	0.70743	0.03697	0.01322	0.01556	0.01456	0.01120	0.01458	0.00995	0.01504	0.00766	0.00618	0.00705	0.00197	0.08594	0.00509	0.00255	0.00637
3	0.00911	0.00795	0.01304	0.01139	0.01357	0.00715	0.15694	0.01111	0.01164	0.01603	0.02421	0.51527	0.02740	0.01317	0.00674	0.00203	0.00477	0.01235	0.00454	0.13160
4	0.01037	0.00670	0.00854	0.00857	0.01008	0.00616	0.00613	0.05386	0.01271	0.09558	0.04581	0.56997	0.03119	0.01463	0.00674	0.00208	0.00375	0.01307	0.00537	0.08870
5	0.01469	0.67047	0.15568	0.01093	0.01643	0.02106	0.01173	0.01733	0.01173	0.01430	0.00840	0.00974	0.00737	0.00502	0.00399	0.00133	0.00653	0.00327	0.00246	0.00755
6	0.05135	0.01336	0.01421	0.01141	0.01488	0.01474	0.00902	0.49657	0.09139	0.02942	0.01533	0.01917	0.01262	0.16832	0.01043	0.00253	0.00591	0.00585	0.00520	0.00827
7	0.01496	0.60750	0.17174	0.01137	0.01683	0.06490	0.01207	0.01768	0.01201	0.01443	0.00850	0.00987	0.00737	0.00509	0.00412	0.00136	0.00683	0.00334	0.00249	0.00754
8	0.00837	0.00558	0.00628	0.00627	0.00628	0.00558	0.00349	0.00836	0.00835	0.01114	0.01807	0.03748	0.02083	0.79839	0.02912	0.00555	0.00556	0.00833	0.00348	0.00349
9	0.00729	0.00625	0.00629	0.00620	0.00822	0.00546	0.00467	0.00967	0.06041	0.01604	0.05574	0.05292	0.71287	0.01408	0.00672	0.00194	0.00302	0.01172	0.00536	0.00513
10	0.01534	0.80184	0.02999	0.00982	0.01471	0.02265	0.00981	0.01716	0.01165	0.01350	0.00800	0.00925	0.00739	0.00493	0.00369	0.00123	0.00613	0.00308	0.00246	0.00736
11	0.01191	0.01020	0.01189	0.00851	0.01359	0.00765	0.00680	0.01444	0.01189	0.01868	0.01022	0.01193	0.00852	0.00427	0.00426	0.00086	0.00425	0.00341	0.00341	0.83333
12	0.00702	0.00502	0.00667	0.00800	0.00834	0.00468	0.00533	0.00800	0.01098	0.01465	0.03156	0.79470	0.03785	0.01794	0.00732	0.00233	0.00334	0.01627	0.00532	0.00467
13	0.01210	0.00721	0.00987	0.01022	0.01211	0.00698	0.00872	0.01493	0.03152	0.14774	0.08188	0.07206	0.03098	0.01388	0.00740	0.00241	0.00496	0.51321	0.00569	0.00615
14	0.01830	0.02194	0.01457	0.01280	0.01613	0.54562	0.00969	0.02038	0.03572	0.01537	0.01280	0.01395	0.05752	0.00620	0.00511	0.00140	0.00843	0.00427	0.00329	0.17649
15	0.01421	0.01354	0.02258	0.03362	0.71486	0.01366	0.01702	0.01841	0.06040	0.01907	0.01161	0.01468	0.00964	0.00530	0.00569	0.00172	0.00667	0.00520	0.00304	0.00908
16	0.01420	0.01362	0.02324	0.03512	0.76275	0.01361	0.01757	0.01759	0.01305	0.01873	0.01081	0.01422	0.00911	0.00513	0.00568	0.00171	0.00681	0.00511	0.00285	0.00908
17	0.02130	0.00973	0.01273	0.00990	0.01424	0.00831	0.00814	0.02399	0.03589	0.53371	0.02040	0.02080	0.01425	0.00706	0.00558	0.00164	0.00476	0.05128	0.00613	0.19017
18	0.01085	0.01020	0.01719	0.78466	0.03941	0.01273	0.01590	0.01465	0.01147	0.01466	0.01022	0.01532	0.00767	0.00575	0.00574	0.00192	0.00764	0.00510	0.00256	0.00638
19	0.00681	0.00583	0.00583	0.00583	0.00777	0.00486	0.00437	0.00825	0.01307	0.01550	0.05796	0.05508	0.76044	0.01451	0.00678	0.00194	0.00292	0.01208	0.00533	0.00486
20	0.02178	0.01605	0.01719	0.01319	0.01777	0.01776	0.01089	0.74369	0.02691	0.03608	0.01378	0.01380	0.00977	0.00690	0.00574	0.00173	0.00631	0.00517	0.00574	0.00975
21	0.01256	0.01255	0.01755	0.01505	0.01505	0.01754	0.01253	0.01380	0.00879	0.01381	0.00756	0.01258	0.00756	0.01004	0.01878	0.00251	0.78792	0.00502	0.00252	0.00628
22	0.00702	0.00502	0.00667	0.00800	0.00834	0.00468	0.00533	0.00800	0.01098	0.01465	0.03156	0.79470	0.03785	0.01794	0.00732	0.00233	0.00334	0.01627	0.00532	0.00467
23	0.01603	0.01305	0.01392	0.01202	0.01553	0.01484	0.00956	0.21791	0.52804	0.02686	0.02111	0.02131	0.01615	0.00791	0.00591	0.00192	0.00504	0.03801	0.00578	0.00909
24	0.02149	0.02490	0.01644	0.01443	0.01773	0.61478	0.01103	0.17572	0.01850	0.01872	0.00993	0.01111	0.00792	0.00613	0.00530	0.00153	0.00948	0.00401	0.00355	0.00731
25	0.01085	0.01020	0.01719	0.78466	0.03941	0.01273	0.01590	0.01465	0.01147	0.01466	0.01022	0.01532	0.00767	0.00575	0.00574	0.00192	0.00764	0.00510	0.00256	0.00638
26	0.17878	0.00690	0.00778	0.00734	0.00909	0.00691	0.00558	0.01190	0.01459	0.02305	0.56265	0.07991	0.04323	0.01077	0.00614	0.00183	0.00311	0.00921	0.00569	0.00554
27	0.01230	0.01147	0.01691	0.01225	0.01716	0.00974	0.16351	0.01523	0.01204	0.01830	0.01034	0.01273	0.00850	0.00476	0.00572	0.00119	0.05558	0.00422	0.00324	0.60480
28	0.01368	0.01051	0.01233	0.00893	0.01393	0.00833	0.00718	0.05929	0.01318	0.08366	0.01149	0.01269	0.00908	0.00467	0.00448	0.00099	0.00443	0.00371	0.00386	0.71358
29	0.01637	0.01249	0.01350	0.01170	0.01522	0.01406	0.00922	0.11476	0.58898	0.10349	0.02211	0.02030	0.01624	0.00761	0.00582	0.00190	0.00479	0.00625	0.00596	0.00923
30	0.01013	0.00734	0.00893	0.00916	0.01040	0.00743	0.00661	0.15933	0.01433	0.01914	0.02786	0.60871	0.03191	0.01560	0.00702	0.00222	0.00402	0.03873	0.00541	0.00574
31	0.02489	0.02601	0.01893	0.01671	0.02031	0.52860	0.01249	0.21539	0.02127	0.02371	0.01429	0.01696	0.01192	0.00884	0.00705	0.00230	0.01029	0.00545	0.00508	0.00953

[dist]
# distance from previous block
# <min> <max>
25	55

[block]
# block no. 4 follows, 41 sequences, length 16
# corresponding to MSA columns:
# 486-501
name=unknown_E
#
# <colnr> <probs for GDERKNQSTAVLIFYWHMCP>
#	G	D	E	R	K	N	Q	S	T	A	V	L	I	F	Y	W	H	M	C	P
0	0.02273	0.01593	0.01728	0.01337	0.01796	0.01725	0.01094	0.67321	0.02627	0.10041	0.01523	0.01528	0.01083	0.00738	0.00605	0.00186	0.00641	0.00544	0.00607	0.01008
1	0.01994	0.02215	0.01865	0.02026	0.21108	0.44867	0.01304	0.11568	0.01698	0.01882	0.01072	0.01291	0.00886	0.00644	0.00609	0.00174	0.03185	0.00454	0.00353	0.00805
2	0.01826	0.01347	0.01472	0.01223	0.01567	0.01454	0.00964	0.51620	0.05261	0.03047	0.01945	0.21735	0.01803	0.01026	0.00646	0.00202	0.00570	0.00832	0.00585	0.00874
3	0.01763	0.02096	0.01417	0.01233	0.01574	0.50977	0.00936	0.01938	0.01481	0.01533	0.01347	0.01462	0.07350	0.00622	0.00506	0.00135	0.00809	0.00434	0.00327	0.22059
4	0.01827	0.01331	0.01434	0.01137	0.01476	0.01458	0.00896	0.55377	0.02209	0.02959	0.01484	0.01987	0.01259	0.21187	0.01178	0.00271	0.00610	0.00597	0.00514	0.00811
5	0.01186	0.01017	0.01186	0.00847	0.01356	0.00762	0.00678	0.01440	0.01186	0.01864	0.01017	0.01186	0.00847	0.00424	0.00424	0.00085	0.00424	0.00339	0.00339	0.83395
6	0.01755	0.01398	0.01417	0.01189	0.01516	0.08045	0.00937	0.45888	0.05414	0.02803	0.01834	0.21604	0.01714	0.00968	0.00609	0.00186	0.00580	0.00796	0.00538	0.00811
7	0.22778	0.01197	0.01176	0.01057	0.01389	0.01387	0.00831	0.02688	0.56061	0.02438	0.01932	0.01822	0.01454	0.00713	0.00523	0.00190	0.00450	0.00559	0.00523	0.00831
8	0.01186	0.01017	0.01186	0.00847	0.01356	0.00762	0.00678	0.01440	0.01186	0.01864	0.01017	0.01186	0.00847	0.00424	0.00424	0.00085	0.00424	0.00339	0.00339	0.83395
9	0.01200	0.02592	0.57897	0.01832	0.02609	0.01359	0.20784	0.01817	0.01244	0.01817	0.01060	0.01294	0.00762	0.00528	0.00577	0.00184	0.00876	0.00488	0.00254	0.00826
10	0.83938	0.01106	0.00841	0.00752	0.01106	0.01283	0.00619	0.01681	0.00973	0.02566	0.00796	0.00929	0.00619	0.00531	0.00354	0.00177	0.00442	0.00310	0.00354	0.00619
11	0.00956	0.00810	0.01280	0.47118	0.02671	0.00951	0.01151	0.01237	0.01133	0.01516	0.01774	0.26708	0.01793	0.00973	0.00609	0.00199	0.00583	0.00871	0.07097	0.00572
12	0.83938	0.01106	0.00841	0.00752	0.01106	0.01283	0.00619	0.01681	0.00973	0.02566	0.00796	0.00929	0.00619	0.00531	0.00354	0.00177	0.00442	0.00310	0.00354	0.00619
13	0.01443	0.01269	0.01573	0.01764	0.20864	0.01392	0.01123	0.05705	0.49727	0.02286	0.01905	0.01873	0.01455	0.00688	0.00570	0.00182	0.00518	0.00592	0.00493	0.04579
14	0.01367	0.01495	0.03102	0.02696	0.21971	0.01424	0.55490	0.01812	0.01338	0.01842	0.01136	0.01510	0.00878	0.00489	0.00647	0.00187	0.00891	0.00632	0.00288	0.00806
15	0.01502	0.59793	0.02556	0.01027	0.01473	0.02046	0.00960	0.02056	0.20349	0.01617	0.01192	0.01232	0.00996	0.00564	0.00423	0.00141	0.00571	0.00394	0.00332	0.00778

[dist]
# distance from previous block
# <min> <max>
0	1

[block]
# block no. 5 follows, 41 sequences, length 9
# corresponding to MSA columns:
# 503-511
name=unknown_F
#
# <colnr> <probs for GDERKNQSTAVLIFYWHMCP>
#	G	D	E	R	K	N	Q	S	T	A	V	L	I	F	Y	W	H	M	C	P
