[name]
unknown

[dist]
# distance from previous block
# <min> <max>
0	121

[block]
# block no. 0 follows, 39 sequences, length 12
# corresponding to MSA columns:
# 141-152
name=unknown_A
#
# <colnr> <probs for GDERKNQSTAVLIFYWHMCP>
#	G	D	E	R	K	N	Q	S	T	A	V	L	I	F	Y	W	H	M	C	P
0	0.00883	0.00638	0.00855	0.00890	0.01030	0.00610	0.00727	0.01154	0.01524	0.02077	0.40873	0.05457	0.07297	0.01407	0.00750	0.00224	0.00397	0.32057	0.00600	0.00550
1	0.00781	0.00599	0.00720	0.00734	0.00883	0.00538	0.00556	0.00987	0.01446	0.01900	0.31770	0.14646	0.32107	0.01447	0.00718	0.00207	0.00323	0.08528	0.00588	0.00524
2	0.00983	0.00647	0.00799	0.00743	0.00934	0.00584	0.00568	0.01208	0.01514	0.09792	0.39012	0.04438	0.28186	0.01490	0.06219	0.00246	0.00404	0.01048	0.00601	0.00583
3	0.00759	0.00541	0.00709	0.00792	0.00849	0.00506	0.00538	0.00897	0.01244	0.01693	0.20583	0.55506	0.04191	0.07175	0.00901	0.00251	0.00344	0.01475	0.00560	0.00491
4	0.76178	0.01136	0.00949	0.07532	0.01401	0.01326	0.00728	0.01718	0.01022	0.02553	0.00843	0.01015	0.00653	0.00553	0.00386	0.00184	0.00486	0.00338	0.00357	0.00642
5	0.00785	0.00571	0.00671	0.00695	0.00775	0.00531	0.00461	0.00895	0.01187	0.01561	0.16499	0.22260	0.20214	0.28501	0.01514	0.00337	0.00401	0.01184	0.00501	0.00457
6	0.01716	0.01296	0.01496	0.09211	0.01832	0.01344	0.00987	0.32852	0.08311	0.05987	0.01446	0.01660	0.01123	0.06338	0.00729	0.00188	0.00582	0.00524	0.00485	0.21892
7	0.02213	0.02696	0.01686	0.01506	0.01829	0.68938	0.01141	0.09864	0.01792	0.01688	0.00967	0.01104	0.00787	0.00620	0.00539	0.00155	0.01023	0.00397	0.00335	0.00719
8	0.01226	0.01051	0.01226	0.00876	0.01401	0.00788	0.00701	0.01489	0.01226	0.01927	0.01051	0.01226	0.00876	0.00438	0.00438	0.00088	0.00438	0.00350	0.00350	0.82832
9	0.00782	0.00616	0.00763	0.07717	0.01107	0.00586	0.00589	0.00943	0.01267	0.01628	0.14593	0.23994	0.30834	0.10726	0.00979	0.00253	0.00385	0.01223	0.00515	0.00501
10	0.01511	0.01486	0.01372	0.01204	0.01485	0.25147	0.07427	0.03688	0.04433	0.08242	0.07977	0.10912	0.18031	0.01028	0.00640	0.00188	0.00655	0.03434	0.00475	0.00666
11	0.00999	0.00514	0.00763	0.00775	0.00778	0.00511	0.00517	0.00775	0.00803	0.01071	0.01231	0.08816	0.01290	0.02036	0.02169	0.75273	0.00498	0.00620	0.00283	0.00277

[dist]
# distance from previous block
# <min> <max>
0	1

[block]
# block no. 1 follows, 39 sequences, length 12
# corresponding to MSA columns:
# 154-165
name=unknown_B
#
# <colnr> <probs for GDERKNQSTAVLIFYWHMCP>
#	G	D	E	R	K	N	Q	S	T	A	V	L	I	F	Y	W	H	M	C	P
0	0.01084	0.00639	0.00816	0.00783	0.00925	0.00586	0.00560	0.01254	0.01377	0.13226	0.28837	0.21843	0.08375	0.15657	0.01121	0.00271	0.00384	0.01116	0.00579	0.00568
1	0.01188	0.13150	0.01978	0.65964	0.03679	0.01472	0.01545	0.01551	0.01185	0.01493	0.01016	0.01480	0.00784	0.00578	0.00559	0.00186	0.00764	0.00493	0.00261	0.00673
2	0.01716	0.01310	0.01375	0.01200	0.01558	0.04521	0.00942	0.05992	0.57252	0.13803	0.02293	0.02097	0.01676	0.00780	0.00597	0.00195	0.00506	0.00640	0.00609	0.00939
3	0.13795	0.01065	0.01634	0.65928	0.03622	0.01316	0.01488	0.01546	0.01155	0.01687	0.01016	0.01482	0.00766	0.00585	0.00557	0.00195	0.00737	0.00494	0.00279	0.00654
4	0.00974	0.00748	0.00820	0.00770	0.00961	0.00717	0.00571	0.12082	0.01527	0.01960	0.12793	0.14998	0.37889	0.09385	0.00928	0.00239	0.00385	0.01137	0.00548	0.00567
5	0.00897	0.00714	0.01099	0.09675	0.06715	0.00805	0.00883	0.01120	0.01037	0.01453	0.01790	0.15823	0.01797	0.03266	0.49318	0.00684	0.01211	0.00801	0.00350	0.00563
6	0.02036	0.00958	0.01252	0.01022	0.01358	0.00922	0.00815	0.10537	0.01575	0.43888	0.02021	0.02216	0.01491	0.10320	0.16411	0.00383	0.00749	0.00625	0.00589	0.00836
7	0.01045	0.00616	0.00730	0.00709	0.00763	0.00597	0.00435	0.01081	0.00981	0.09510	0.02059	0.11373	0.02255	0.62523	0.02509	0.00496	0.00542	0.00915	0.00420	0.00443
8	0.00729	0.00518	0.00684	0.00813	0.00846	0.00486	0.00538	0.00826	0.01117	0.01489	0.03179	0.74530	0.03810	0.06292	0.00884	0.00259	0.00356	0.01634	0.00538	0.00473
9	0.00714	0.00600	0.00620	0.00615	0.00808	0.00506	0.00461	0.00878	0.01384	0.01684	0.13697	0.05550	0.67528	0.01466	0.00699	0.00198	0.00297	0.01228	0.00560	0.00506
10	0.01071	0.00774	0.01257	0.38132	0.02372	0.00902	0.01061	0.01130	0.00970	0.01262	0.01039	0.01690	0.00911	0.01345	0.01477	0.42730	0.00647	0.00519	0.00260	0.00451
11	0.02452	0.00990	0.01325	0.01046	0.01468	0.00881	0.00852	0.02762	0.06151	0.66469	0.02399	0.07112	0.01647	0.00811	0.00606	0.00188	0.00490	0.00671	0.00712	0.00967

[dist]
# distance from previous block
# <min> <max>
0	1

[block]
# block no. 2 follows, 39 sequences, length 41
# corresponding to MSA columns:
# 167-207
name=unknown_C
#
# <colnr> <probs for GDERKNQSTAVLIFYWHMCP>
#	G	D	E	R	K	N	Q	S	T	A	V	L	I	F	Y	W	H	M	C	P
0	0.00870	0.00570	0.00640	0.00646	0.00656	0.00568	0.00369	0.00892	0.00895	0.01229	0.01920	0.06574	0.02175	0.71251	0.02758	0.00533	0.00545	0.00871	0.05663	0.00375
1	0.01581	0.79572	0.03099	0.01012	0.01518	0.02340	0.01012	0.01771	0.01202	0.01391	0.00822	0.00949	0.00759	0.00506	0.00379	0.00126	0.00632	0.00316	0.00253	0.00759
2	0.01455	0.01542	0.05278	0.11776	0.29486	0.05061	0.23581	0.05825	0.01427	0.01944	0.01132	0.01473	0.00891	0.00536	0.00608	0.00179	0.00807	0.00558	0.00310	0.06131
3	0.01212	0.07993	0.71441	0.01642	0.02492	0.01436	0.02109	0.01866	0.01246	0.01842	0.01046	0.01229	0.00750	0.00558	0.00550	0.00183	0.00858	0.00429	0.00250	0.00867
4	0.00860	0.00573	0.00645	0.00645	0.00645	0.00573	0.00358	0.00860	0.00860	0.01147	0.01863	0.03870	0.02150	0.79217	0.03010	0.00573	0.00573	0.00860	0.00358	0.00358
5	0.02192	0.01851	0.01756	0.04686	0.01929	0.16056	0.01150	0.56931	0.02502	0.03199	0.01308	0.01359	0.00950	0.00686	0.00580	0.00174	0.00736	0.00503	0.00523	0.00930
6	0.00709	0.00602	0.00613	0.00619	0.00816	0.00506	0.00469	0.00864	0.01348	0.01604	0.05877	0.05730	0.72426	0.01503	0.00704	0.00203	0.00309	0.04046	0.00549	0.00501
7	0.04908	0.04250	0.25062	0.02653	0.04496	0.01257	0.01362	0.04101	0.09231	0.30035	0.01665	0.01640	0.01144	0.00678	0.00641	0.00188	0.04772	0.00524	0.00485	0.00908
8	0.01190	0.04605	0.69756	0.06579	0.02634	0.01391	0.02124	0.01847	0.01243	0.01839	0.01055	0.01263	0.00752	0.00563	0.00560	0.00187	0.00863	0.00440	0.00251	0.00857
9	0.00909	0.00612	0.00685	0.00670	0.00687	0.00618	0.00385	0.03426	0.00928	0.01238	0.01848	0.03784	0.02110	0.76445	0.02925	0.00559	0.00576	0.00848	0.00367	0.00381
10	0.01901	0.01405	0.01548	0.03346	0.01734	0.01547	0.01035	0.37508	0.26659	0.08372	0.01859	0.01921	0.01387	0.00764	0.00598	0.00187	0.00571	0.03228	0.00586	0.03844
11	0.01374	0.11571	0.47692	0.09793	0.05196	0.01415	0.01808	0.01904	0.01293	0.09146	0.02754	0.01401	0.00936	0.00588	0.00551	0.00180	0.00780	0.00465	0.00310	0.00846
12	0.73969	0.01184	0.02970	0.00827	0.01215	0.01287	0.00703	0.01844	0.01074	0.09148	0.00964	0.01062	0.00717	0.00566	0.00392	0.00183	0.00473	0.00348	0.00395	0.00679
13	0.02653	0.01006	0.01372	0.01052	0.01510	0.00869	0.00869	0.02882	0.01693	0.75937	0.02333	0.02013	0.01464	0.00732	0.00595	0.00183	0.00503	0.00595	0.00732	0.01006
14	0.01436	0.01366	0.02265	0.03360	0.67966	0.01376	0.01707	0.01864	0.06062	0.01954	0.01378	0.01669	0.03769	0.00581	0.00591	0.00178	0.00672	0.00563	0.00322	0.00920
15	0.01396	0.01595	0.03490	0.02493	0.03091	0.01496	0.73380	0.01894	0.01396	0.01894	0.01196	0.01595	0.00897	0.00499	0.00698	0.00199	0.00997	0.00698	0.00299	0.00798
16	0.02653	0.01006	0.01372	0.01052	0.01510	0.00869	0.00869	0.02882	0.01693	0.75937	0.02333	0.02013	0.01464	0.00732	0.00595	0.00183	0.00503	0.00595	0.00732	0.01006
17	0.00860	0.00573	0.00645	0.00645	0.00645	0.00573	0.00358	0.00860	0.00860	0.01147	0.01863	0.03870	0.02150	0.79217	0.03010	0.00573	0.00573	0.00860	0.00358	0.00358
18	0.02452	0.01136	0.01429	0.01117	0.01562	0.01086	0.00916	0.13599	0.10461	0.56333	0.02204	0.01946	0.01435	0.00737	0.00595	0.00184	0.00521	0.00594	0.00695	0.00998
19	0.01191	0.01146	0.01604	0.01406	0.01425	0.01559	0.01154	0.01334	0.00968	0.01478	0.05182	0.06964	0.01322	0.01385	0.08039	0.00311	0.61965	0.00639	0.00306	0.00620
20	0.00837	0.00604	0.00790	0.00744	0.00883	0.00558	0.00558	0.01116	0.01674	0.02371	0.75216	0.04417	0.05580	0.01209	0.00697	0.00186	0.00279	0.01069	0.00651	0.00558
21	0.02248	0.01656	0.01775	0.01361	0.01834	0.01834	0.01124	0.73556	0.02780	0.03727	0.01420	0.01420	0.01006	0.00710	0.00592	0.00177	0.00651	0.00532	0.00592	0.01006
22	0.05406	0.01425	0.02193	0.20107	0.46322	0.06842	0.05675	0.01786	0.01319	0.01834	0.01075	0.01444	0.00874	0.00547	0.00579	0.00181	0.00753	0.00516	0.00291	0.00833
23	0.00721	0.00515	0.00686	0.00823	0.00858	0.00480	0.00549	0.00823	0.01132	0.01510	0.03259	0.78831	0.03911	0.01853	0.00755	0.00240	0.00343	0.01681	0.00549	0.00480
24	0.00719	0.00519	0.00682	0.00811	0.00855	0.00481	0.00544	0.00825	0.01144	0.01514	0.03405	0.74933	0.07716	0.01834	0.00752	0.00238	0.00341	0.01658	0.00549	0.00481
25	0.02270	0.01622	0.01753	0.01344	0.01817	0.01783	0.01110	0.69789	0.02723	0.07576	0.01468	0.01451	0.01030	0.00711	0.00592	0.00178	0.00643	0.00536	0.00599	0.01006
26	0.01364	0.01615	0.06483	0.08519	0.03147	0.01476	0.64537	0.01863	0.01372	0.01863	0.01179	0.01579	0.00882	0.00509	0.00683	0.00199	0.00975	0.00673	0.00294	0.00790
27	0.01146	0.00621	0.00666	0.04904	0.00922	0.00642	0.00509	0.04106	0.01295	0.02223	0.01861	0.02140	0.01456	0.00684	0.00430	0.00143	0.00318	0.00549	0.74811	0.00574
28	0.01472	0.01475	0.02497	0.03298	0.59354	0.04065	0.11667	0.01826	0.01343	0.01885	0.01101	0.01460	0.00917	0.00550	0.00665	0.00182	0.04508	0.00545	0.00292	0.00895
29	0.00851	0.00573	0.00664	0.00671	0.00679	0.00577	0.00389	0.00868	0.00880	0.01179	0.01927	0.07982	0.02213	0.70902	0.06821	0.00575	0.00614	0.00894	0.00367	0.00374
30	0.01524	0.68577	0.13597	0.01109	0.01668	0.02201	0.01180	0.01785	0.01208	0.01461	0.00857	0.00992	0.00758	0.00514	0.00406	0.00135	0.00667	0.00334	0.00253	0.00775
31	0.01284	0.00658	0.00886	0.00890	0.01048	0.00594	0.00642	0.01423	0.01296	0.23199	0.02989	0.56445	0.03198	0.01526	0.00708	0.00224	0.00390	0.01365	0.00602	0.00634
32	0.00721	0.00515	0.00686	0.00823	0.00858	0.00480	0.00549	0.00823	0.01132	0.01510	0.03259	0.78831	0.03911	0.01853	0.00755	0.00240	0.00343	0.01681	0.00549	0.00480
33	0.01201	0.02957	0.71083	0.01742	0.02597	0.01382	0.07152	0.01874	0.01259	0.01874	0.01071	0.01273	0.00759	0.00557	0.00571	0.00188	0.00883	0.00455	0.00253	0.00869
34	0.24078	0.02511	0.50058	0.01422	0.02115	0.06626	0.01683	0.01870	0.01211	0.02060	0.00985	0.01156	0.00720	0.00562	0.00505	0.00184	0.00772	0.00401	0.00286	0.00796
35	0.00724	0.00516	0.00685	0.00819	0.00852	0.00483	0.00544	0.00824	0.01125	0.01500	0.03222	0.76822	0.03864	0.03926	0.00815	0.00249	0.00349	0.01659	0.00544	0.00477
36	0.00827	0.00604	0.00777	0.00734	0.00878	0.00554	0.00550	0.01097	0.01651	0.02317	0.70386	0.04506	0.10444	0.01229	0.00698	0.00187	0.00280	0.01082	0.00644	0.00554
37	0.02444	0.01264	0.01461	0.01152	0.01591	0.05997	0.00939	0.15525	0.08554	0.51475	0.02085	0.01863	0.01368	0.00727	0.00591	0.00182	0.00563	0.00577	0.00667	0.00979
38	0.07244	0.01373	0.02283	0.03238	0.63074	0.01374	0.04765	0.01873	0.01344	0.06122	0.01164	0.01465	0.00944	0.00539	0.00576	0.00178	0.00687	0.00524	0.00323	0.00914
39	0.01260	0.17352	0.62506	0.01560	0.02365	0.01554	0.01966	0.01854	0.01240	0.01783	0.01017	0.01193	0.00751	0.00551	0.00528	0.00176	0.00829	0.00414	0.00250	0.00852
40	0.01011	0.00710	0.00896	0.00902	0.01041	0.00673	0.00667	0.01304	0.06509	0.04704	0.39217	0.26182	0.04511	0.01440	0.00750	0.00226	0.00375	0.07623	0.00636	0.00621

[dist]
# distance from previous block
# <min> <max>
0	42

[block]
# block no. 3 follows, 39 sequences, length 34
# corresponding to MSA columns:
# 250-283
name=unknown_D
#
# <colnr> <probs for GDERKNQSTAVLIFYWHMCP>
#	G	D	E	R	K	N	Q	S	T	A	V	L	I	F	Y	W	H	M	C	P
0	0.01084	0.00969	0.01589	0.57913	0.04797	0.01164	0.01480	0.01448	0.01229	0.01581	0.01552	0.02798	0.01419	0.00840	0.00645	0.00215	0.00728	0.17581	0.00331	0.00635
1	0.01374	0.01208	0.02001	0.02844	0.54583	0.01204	0.04415	0.01713	0.01323	0.01996	0.01312	0.01647	0.01074	0.00565	0.00549	0.00168	0.00612	0.00540	0.20035	0.00838
2	0.01033	0.19545	0.01234	0.00733	0.00855	0.00998	0.00515	0.01079	0.00942	0.01205	0.01613	0.03168	0.01816	0.60314	0.02378	0.00466	0.00588	0.00729	0.00333	0.00455
3	0.00861	0.00623	0.00824	0.00823	0.00963	0.00586	0.00650	0.01135	0.01590	0.02206	0.56050	0.04993	0.06925	0.01319	0.00726	0.00207	0.00343	0.17999	0.00623	0.00553
4	0.02146	0.05541	0.01755	0.01445	0.01800	0.47658	0.01129	0.22872	0.04421	0.02137	0.01103	0.01208	0.00868	0.00652	0.00583	0.00163	0.02903	0.00435	0.00394	0.00788
5	0.00799	0.00708	0.00881	0.19138	0.01585	0.00695	0.00736	0.01008	0.01308	0.01577	0.04805	0.04703	0.57397	0.01280	0.00673	0.00199	0.00417	0.01075	0.00480	0.00537
6	0.01087	0.00789	0.00948	0.00952	0.01092	0.00805	0.00687	0.18290	0.01528	0.02042	0.02818	0.60241	0.03214	0.01578	0.00716	0.00225	0.00417	0.01405	0.00559	0.00607
7	0.00897	0.00641	0.00889	0.01025	0.01137	0.00633	0.00856	0.01129	0.01306	0.01707	0.03162	0.24000	0.03525	0.01686	0.00802	0.00265	0.00496	0.54769	0.00546	0.00529
8	0.03342	0.00848	0.01116	0.25529	0.01963	0.00875	0.00885	0.01457	0.01212	0.01926	0.01406	0.01734	0.01104	0.00593	0.00475	0.00146	0.00485	0.00489	0.34067	0.20347
9	0.00917	0.00571	0.00638	0.00638	0.00676	0.00576	0.00390	0.00994	0.00956	0.01412	0.01865	0.03393	0.01964	0.56652	0.06047	0.00487	0.00552	0.00775	0.20082	0.00413
10	0.01027	0.00514	0.00770	0.00770	0.00770	0.00514	0.00514	0.00770	0.00770	0.01027	0.01027	0.01798	0.01027	0.02054	0.02311	0.82794	0.00514	0.00514	0.00257	0.00257
11	0.00810	0.00625	0.00866	0.00866	0.00994	0.00682	0.00670	0.01006	0.01046	0.01427	0.02642	0.03132	0.19204	0.03730	0.58580	0.00770	0.01276	0.00781	0.00373	0.00521
12	0.00883	0.00774	0.01359	0.01224	0.01394	0.00724	0.18039	0.01081	0.01196	0.01602	0.02764	0.60283	0.03188	0.01528	0.00741	0.00230	0.00500	0.01445	0.00489	0.00557
13	0.01521	0.01376	0.01360	0.01225	0.01558	0.06627	0.00950	0.03089	0.69480	0.02404	0.02305	0.02128	0.01734	0.00789	0.00597	0.00197	0.00509	0.00649	0.00581	0.00919
14	0.07759	0.01642	0.01688	0.01319	0.01772	0.04322	0.01082	0.62741	0.06174	0.03514	0.01411	0.01415	0.01012	0.00700	0.00575	0.00178	0.00643	0.00520	0.00567	0.00966
15	0.02104	0.00869	0.01180	0.00983	0.01324	0.00761	0.00778	0.02305	0.01557	0.54603	0.05984	0.20574	0.02245	0.01024	0.00638	0.00197	0.00454	0.00878	0.00684	0.00859
16	0.05639	0.06099	0.19611	0.09476	0.04429	0.35631	0.01422	0.04063	0.01489	0.05380	0.01045	0.01221	0.00803	0.00595	0.00537	0.00169	0.00892	0.00423	0.00316	0.00762
17	0.00775	0.00589	0.00719	0.00798	0.00918	0.00540	0.00604	0.00936	0.01269	0.01610	0.05594	0.30897	0.29980	0.04024	0.00817	0.00242	0.00381	0.18263	0.00544	0.00500
18	0.01306	0.01102	0.01268	0.00923	0.01437	0.00888	0.00739	0.06487	0.04337	0.02073	0.01132	0.01280	0.00923	0.00472	0.00455	0.00098	0.00454	0.00376	0.00377	0.73874
19	0.01692	0.24074	0.08516	0.19649	0.02343	0.04350	0.01308	0.27074	0.01774	0.02288	0.01112	0.01295	0.00852	0.00607	0.00526	0.00168	0.00712	0.00455	0.00376	0.00829
20	0.01498	0.15803	0.46044	0.01534	0.02210	0.19659	0.01738	0.01973	0.01343	0.01690	0.00986	0.01155	0.00754	0.00564	0.00524	0.00169	0.00880	0.00403	0.00263	0.00809
21	0.01768	0.01394	0.01458	0.01211	0.01591	0.04557	0.00965	0.28861	0.31876	0.05951	0.08714	0.02024	0.01764	0.00779	0.00597	0.00183	0.00543	0.00627	0.00585	0.04554
22	0.00835	0.00634	0.00805	0.00842	0.00987	0.00560	0.00614	0.00996	0.01217	0.01657	0.06464	0.48210	0.09120	0.01534	0.00703	0.00213	0.00376	0.09588	0.00520	0.14124
23	0.07221	0.05880	0.16603	0.10974	0.02127	0.01581	0.01318	0.24439	0.19280	0.02577	0.01466	0.01538	0.01081	0.00666	0.00561	0.00185	0.00655	0.00519	0.00450	0.00880
24	0.57950	0.01138	0.05965	0.00808	0.01121	0.01149	0.00678	0.01537	0.00988	0.02238	0.01089	0.01679	0.01010	0.19442	0.01014	0.00277	0.00514	0.00458	0.00356	0.00589
25	0.01812	0.00977	0.01168	0.00976	0.01329	0.00942	0.00779	0.05501	0.17930	0.34806	0.06800	0.03032	0.19453	0.00954	0.00626	0.00191	0.00442	0.00789	0.00649	0.00847
26	0.06965	0.01229	0.01579	0.15183	0.18258	0.03261	0.01153	0.20769	0.01571	0.02186	0.01340	0.02006	0.01196	0.19488	0.01154	0.00275	0.00666	0.00591	0.00388	0.00740
27	0.00837	0.00601	0.00750	0.00742	0.00850	0.00566	0.00538	0.01031	0.01402	0.01921	0.41970	0.06711	0.11196	0.20029	0.01266	0.00290	0.00379	0.07862	0.00558	0.00501
28	0.00860	0.00573	0.00645	0.00645	0.00645	0.00573	0.00358	0.00860	0.00860	0.01147	0.01863	0.03870	0.02150	0.79217	0.03010	0.00573	0.00573	0.00860	0.00358	0.00358
29	0.01325	0.01307	0.02592	0.03894	0.05680	0.01259	0.47484	0.01816	0.04788	0.01988	0.01422	0.01764	0.01088	0.00562	0.00617	0.00184	0.00781	0.00649	0.20053	0.00748
30	0.00957	0.00845	0.01419	0.01159	0.01417	0.00780	0.18048	0.01270	0.01547	0.02120	0.44348	0.04022	0.14320	0.01098	0.00703	0.00195	0.00466	0.04134	0.00547	0.00607
31	0.01387	0.01062	0.01602	0.02013	0.31780	0.01019	0.03003	0.05005	0.01508	0.11962	0.12883	0.02969	0.19518	0.00891	0.00633	0.00185	0.00525	0.00790	0.00478	0.00787
32	0.00771	0.00549	0.00659	0.00725	0.00769	0.00518	0.00463	0.00841	0.01058	0.01384	0.03103	0.40248	0.13041	0.31259	0.01606	0.00361	0.00425	0.01309	0.00476	0.00436
33	0.63907	0.01267	0.01087	0.00918	0.01309	0.01448	0.00757	0.18985	0.01432	0.02911	0.00967	0.01071	0.00728	0.00588	0.00420	0.00182	0.00504	0.00371	0.00420	0.00728

[dist]
# distance from previous block
# <min> <max>
7	10

[block]
# block no. 4 follows, 39 sequences, length 7
# corresponding to MSA columns:
# 296-302
name=unknown_E
#
# <colnr> <probs for GDERKNQSTAVLIFYWHMCP>
#	G	D	E	R	K	N	Q	S	T	A	V	L	I	F	Y	W	H	M	C	P
0	0.01336	0.01445	0.02879	0.15453	0.07058	0.01507	0.46124	0.01753	0.01282	0.01759	0.01103	0.01539	0.00862	0.00597	0.00860	0.00207	0.12559	0.00631	0.00286	0.00758
1	0.00713	0.00543	0.00657	0.00748	0.00838	0.00487	0.00515	0.00832	0.01205	0.01539	0.04181	0.54151	0.27996	0.01733	0.00736	0.00227	0.00328	0.01535	0.00549	0.00487
2	0.01118	0.01140	0.00945	0.00993	0.01113	0.20980	0.00700	0.01238	0.01296	0.01500	0.02853	0.51991	0.08887	0.01490	0.00691	0.00213	0.00534	0.01297	0.00483	0.00537
3	0.01593	0.01331	0.01320	0.01119	0.01466	0.06274	0.00887	0.27959	0.24130	0.02625	0.02914	0.02783	0.21172	0.00943	0.00620	0.00189	0.00528	0.00756	0.00565	0.00828
4	0.02134	0.00874	0.01188	0.00991	0.01335	0.00765	0.00783	0.02329	0.01542	0.55959	0.02582	0.22633	0.02121	0.01033	0.00638	0.00198	0.00460	0.00886	0.00683	0.00865
5	0.02097	0.02193	0.01623	0.01385	0.01744	0.42078	0.01078	0.29168	0.02066	0.02322	0.01530	0.01587	0.07091	0.00722	0.00569	0.00166	0.00845	0.00511	0.00434	0.00791
6	0.00806	0.00624	0.00856	0.00856	0.00987	0.00675	0.00661	0.01000	0.01057	0.01433	0.02767	0.03227	0.21291	0.03647	0.56426	0.00749	0.01239	0.00799	0.00379	0.00520

[dist]
# distance from previous block
# <min> <max>
0	98

# created by:
# /software/SequenceAnalysis/GenePrediction/augustus/3.0.1/scripts/msa2prfl.pl ./fixed/BUSCOvEOG7H47JM.fas
