[name]
unknown

[dist]
# distance from previous block
# <min> <max>
0	94

[block]
# block no. 0 follows, 41 sequences, length 43
# corresponding to MSA columns:
# 95-137
name=unknown_A
#
# <colnr> <probs for GDERKNQSTAVLIFYWHMCP>
#	G	D	E	R	K	N	Q	S	T	A	V	L	I	F	Y	W	H	M	C	P
0	0.00773	0.00530	0.00641	0.00699	0.00714	0.00515	0.00427	0.00816	0.00947	0.01262	0.02391	0.36778	0.02822	0.45849	0.01960	0.00414	0.00457	0.01178	0.00427	0.00398
1	0.02547	0.01004	0.01346	0.01032	0.01476	0.00886	0.00853	0.06298	0.01689	0.73143	0.02213	0.01919	0.01394	0.00707	0.00575	0.00177	0.00494	0.00572	0.00701	0.00973
2	0.01545	0.78285	0.02963	0.00991	0.01476	0.04165	0.00982	0.01727	0.01174	0.01347	0.00797	0.00920	0.00734	0.00492	0.00371	0.00123	0.00622	0.00307	0.00246	0.00732
3	0.00902	0.00734	0.01124	0.29533	0.02077	0.00816	0.01031	0.01151	0.01175	0.01531	0.02330	0.30179	0.02531	0.01282	0.00689	0.00226	0.00546	0.21170	0.00428	0.00545
4	0.83938	0.01106	0.00841	0.00752	0.01106	0.01283	0.00619	0.01681	0.00973	0.02566	0.00796	0.00929	0.00619	0.00531	0.00354	0.00177	0.00442	0.00310	0.00354	0.00619
5	0.01251	0.01251	0.01752	0.01502	0.01502	0.01752	0.01251	0.01377	0.00876	0.01377	0.00751	0.01251	0.00751	0.01001	0.01877	0.00250	0.78851	0.00501	0.00250	0.00626
6	0.01975	0.01500	0.01630	0.01289	0.01689	0.01693	0.01056	0.57089	0.13627	0.03239	0.01487	0.01497	0.01086	0.00721	0.00658	0.00180	0.05882	0.00534	0.02237	0.00930
7	0.00796	0.00584	0.00746	0.00706	0.00846	0.00534	0.00529	0.01054	0.01588	0.02219	0.69040	0.04395	0.12432	0.01197	0.00675	0.00181	0.00272	0.01052	0.00620	0.00534
8	0.00790	0.00583	0.00730	0.00694	0.00832	0.00532	0.00515	0.01029	0.01537	0.02128	0.62043	0.04441	0.16182	0.04535	0.00769	0.00198	0.00285	0.01053	0.00602	0.00523
9	0.83938	0.01106	0.00841	0.00752	0.01106	0.01283	0.00619	0.01681	0.00973	0.02566	0.00796	0.00929	0.00619	0.00531	0.00354	0.00177	0.00442	0.00310	0.00354	0.00619
10	0.00810	0.00585	0.00765	0.00720	0.00855	0.00540	0.00540	0.01079	0.01619	0.02294	0.76028	0.04273	0.05397	0.01169	0.00675	0.00180	0.00270	0.01034	0.00630	0.00540
11	0.01189	0.11367	0.68890	0.01559	0.02366	0.01430	0.01990	0.01801	0.01203	0.01761	0.01001	0.01176	0.00726	0.00538	0.00524	0.00175	0.00820	0.00410	0.00242	0.00833
12	0.00704	0.00579	0.00611	0.00604	0.00779	0.00495	0.00447	0.00862	0.01333	0.01645	0.16765	0.05231	0.61590	0.04887	0.00775	0.00207	0.00298	0.01163	0.00539	0.00486
13	0.02203	0.01557	0.01688	0.01294	0.01751	0.01706	0.01069	0.69231	0.02613	0.08904	0.01437	0.01415	0.01005	0.00688	0.00572	0.00172	0.00619	0.00519	0.00582	0.00973
14	0.01147	0.02959	0.76934	0.01630	0.02476	0.01328	0.02113	0.01811	0.01208	0.01811	0.01026	0.01208	0.00725	0.00543	0.00543	0.00181	0.00845	0.00423	0.00242	0.00845
15	0.00969	0.00816	0.01197	0.01403	0.14942	0.00796	0.05152	0.04744	0.04511	0.01715	0.02901	0.42851	0.13046	0.01331	0.00675	0.00208	0.00447	0.01207	0.00475	0.00611
16	0.48444	0.01048	0.01053	0.00868	0.01261	0.01090	0.00716	0.02164	0.01263	0.34915	0.01433	0.01373	0.00967	0.00608	0.00450	0.00177	0.00462	0.00426	0.00508	0.00774
17	0.00680	0.00563	0.00596	0.00623	0.00784	0.00479	0.00454	0.00816	0.01262	0.01528	0.05266	0.20309	0.61635	0.01517	0.00687	0.00201	0.00298	0.01291	0.00531	0.00479
18	0.01155	0.01188	0.05626	0.46213	0.22367	0.01246	0.04818	0.01523	0.01194	0.01601	0.01194	0.07134	0.01021	0.00639	0.00585	0.00188	0.00723	0.00593	0.00283	0.00710
19	0.01193	0.04335	0.61848	0.01760	0.02549	0.01370	0.15349	0.01813	0.01233	0.01805	0.01046	0.01263	0.00751	0.00531	0.00564	0.00182	0.00862	0.00467	0.00250	0.00829
20	0.00832	0.00555	0.00624	0.00624	0.00624	0.00555	0.00347	0.00832	0.00832	0.01109	0.01802	0.03743	0.02080	0.79898	0.02911	0.00555	0.00555	0.00832	0.00347	0.00347
21	0.00831	0.00559	0.00645	0.00645	0.00653	0.00566	0.00373	0.00846	0.00838	0.01125	0.01783	0.03635	0.02032	0.74419	0.08326	0.00581	0.00625	0.00816	0.00344	0.00358
22	0.01638	0.01432	0.12941	0.01306	0.01752	0.01233	0.07552	0.04136	0.33790	0.20219	0.02030	0.02133	0.01508	0.00744	0.00595	0.00191	0.00574	0.04815	0.00532	0.00880
23	0.01214	0.16397	0.64078	0.01517	0.02300	0.01491	0.01916	0.01794	0.01200	0.01730	0.00986	0.01157	0.00726	0.00534	0.00513	0.00171	0.00805	0.00402	0.00242	0.00826
24	0.01495	0.01760	0.03053	0.02239	0.02765	0.15445	0.60807	0.01915	0.01400	0.01753	0.01107	0.01449	0.00844	0.00502	0.00646	0.00184	0.00977	0.00619	0.00290	0.00752
25	0.02137	0.02726	0.01621	0.01474	0.01768	0.77602	0.01105	0.02284	0.01621	0.01400	0.00884	0.01031	0.00737	0.00589	0.00516	0.00147	0.01031	0.00368	0.00295	0.00663
26	0.00729	0.00525	0.00697	0.00823	0.00879	0.00494	0.00583	0.00854	0.01138	0.01501	0.03265	0.65193	0.07297	0.01744	0.00736	0.00235	0.00358	0.11943	0.00530	0.00475
27	0.01975	0.01581	0.04971	0.01283	0.01744	0.01650	0.01086	0.57863	0.11704	0.03269	0.01457	0.01451	0.01052	0.00676	0.00563	0.00170	0.00604	0.00517	0.00545	0.05839
28	0.00818	0.00607	0.00892	0.00892	0.00984	0.00700	0.00681	0.01004	0.00911	0.01308	0.01557	0.02386	0.01490	0.11311	0.70692	0.00885	0.01441	0.00633	0.00310	0.00495
29	0.01913	0.01416	0.01480	0.01194	0.01581	0.04866	0.00965	0.43347	0.17394	0.08404	0.05343	0.01745	0.01402	0.00725	0.00567	0.00174	0.00561	0.00567	0.05460	0.00898
30	0.01136	0.02707	0.67689	0.01658	0.06045	0.01273	0.01981	0.01756	0.01242	0.01849	0.06464	0.01440	0.01072	0.00587	0.00554	0.00180	0.00795	0.00471	0.00272	0.00826
31	0.01159	0.02891	0.73786	0.01710	0.05592	0.01330	0.02098	0.01809	0.01212	0.01814	0.01029	0.01216	0.00732	0.00542	0.00544	0.00181	0.00838	0.00426	0.00243	0.00848
32	0.01308	0.04540	0.01385	0.00973	0.01453	0.00947	0.04066	0.03444	0.08553	0.05251	0.01244	0.02724	0.01013	0.00507	0.00464	0.00111	0.00465	0.00421	0.00382	0.60748
33	0.00742	0.00576	0.00676	0.00671	0.00822	0.00510	0.00499	0.00940	0.01425	0.01873	0.36643	0.11715	0.36745	0.01359	0.00683	0.00192	0.00289	0.02559	0.00575	0.00507
34	0.04917	0.01018	0.01190	0.01012	0.02463	0.00964	0.00799	0.03402	0.19808	0.13512	0.03273	0.03840	0.02681	0.00751	0.00544	0.00159	0.00454	0.08496	0.00493	0.30223
35	0.12452	0.05728	0.44671	0.01446	0.02119	0.01350	0.06515	0.07162	0.01339	0.10364	0.01156	0.01275	0.00816	0.00564	0.00525	0.00178	0.00734	0.00443	0.00336	0.00829
36	0.00685	0.00580	0.00592	0.00589	0.00778	0.00487	0.00441	0.00838	0.01324	0.01594	0.10409	0.05424	0.71453	0.01430	0.00676	0.00192	0.00288	0.01196	0.00538	0.00487
37	0.01326	0.01064	0.01236	0.00893	0.01395	0.00850	0.00719	0.07586	0.01330	0.05112	0.01098	0.01233	0.00881	0.00457	0.00442	0.00096	0.00443	0.00363	0.00374	0.73101
38	0.80854	0.01101	0.00859	0.00762	0.01120	0.01266	0.00628	0.01723	0.00999	0.05378	0.00852	0.00968	0.00650	0.00538	0.00362	0.00177	0.00444	0.00320	0.00367	0.00633
39	0.09947	0.01008	0.01280	0.01006	0.01430	0.00933	0.00826	0.02708	0.08056	0.63369	0.02129	0.01870	0.01372	0.00698	0.00555	0.00178	0.00480	0.00557	0.00664	0.00935
40	0.01412	0.01368	0.02374	0.03456	0.72669	0.01363	0.05375	0.01759	0.01305	0.01867	0.01080	0.01422	0.00904	0.00508	0.00572	0.00171	0.00694	0.00518	0.00283	0.00899
41	0.00863	0.00632	0.00851	0.00900	0.05339	0.00587	0.00623	0.01112	0.01519	0.03544	0.55915	0.11250	0.09721	0.01214	0.00676	0.00188	0.00315	0.03603	0.00591	0.00558
42	0.00822	0.00559	0.00668	0.00675	0.00692	0.00572	0.00409	0.00856	0.00860	0.01160	0.01844	0.08021	0.02089	0.64692	0.13239	0.00586	0.00678	0.00848	0.00352	0.00377

[dist]
# distance from previous block
# <min> <max>
4	22

[block]
# block no. 1 follows, 41 sequences, length 14
# corresponding to MSA columns:
# 174-187
name=unknown_B
#
# <colnr> <probs for GDERKNQSTAVLIFYWHMCP>
#	G	D	E	R	K	N	Q	S	T	A	V	L	I	F	Y	W	H	M	C	P
0	0.42738	0.01265	0.04238	0.09430	0.10037	0.01348	0.00995	0.15800	0.01378	0.02491	0.01086	0.04915	0.00892	0.00624	0.00469	0.00179	0.00550	0.00461	0.00382	0.00724
1	0.01948	0.02239	0.02018	0.01749	0.06315	0.46402	0.15390	0.13542	0.01718	0.01859	0.01026	0.01207	0.00809	0.00579	0.00559	0.00161	0.00935	0.00459	0.00337	0.00747
2	0.00686	0.00580	0.00593	0.00590	0.00779	0.00487	0.00442	0.00840	0.01327	0.01601	0.11002	0.05413	0.70856	0.01428	0.00676	0.00192	0.00288	0.01194	0.00538	0.00487
3	0.01940	0.01488	0.01764	0.01705	0.16236	0.01617	0.01180	0.54624	0.04115	0.03142	0.01396	0.03335	0.01062	0.00681	0.00570	0.00172	0.00617	0.00545	0.02876	0.00933
4	0.00769	0.00609	0.00858	0.15911	0.01428	0.00624	0.00725	0.00929	0.01131	0.01471	0.03069	0.55007	0.12303	0.01511	0.00692	0.00219	0.00410	0.01356	0.00477	0.00500
5	0.01075	0.01022	0.01042	0.01013	0.01148	0.15686	0.00773	0.01258	0.01052	0.01331	0.01419	0.02082	0.01326	0.07196	0.59024	0.00751	0.01388	0.00576	0.00306	0.00533
6	0.01357	0.01260	0.01488	0.01228	0.01468	0.15889	0.15991	0.01627	0.01272	0.01833	0.01388	0.01685	0.01110	0.00655	0.00664	0.00163	0.10379	0.00526	0.39396	0.00620
7	0.00994	0.00526	0.00559	0.00584	0.00698	0.00520	0.00425	0.01228	0.01179	0.02002	0.02117	0.17209	0.01917	0.00886	0.00464	0.00153	0.00279	0.00746	0.66993	0.00520
8	0.01952	0.27995	0.02124	0.01235	0.01671	0.17104	0.01055	0.35799	0.01967	0.02412	0.01083	0.01153	0.00846	0.00602	0.00493	0.00150	0.00704	0.00416	0.00408	0.00831
9	0.00707	0.00533	0.00645	0.00728	0.00814	0.00483	0.00505	0.00821	0.01155	0.01477	0.03910	0.48865	0.26626	0.06109	0.00839	0.00239	0.00339	0.04219	0.00520	0.00466
10	0.00897	0.00659	0.00805	0.00739	0.00862	0.00634	0.00500	0.00996	0.00922	0.01309	0.01584	0.02884	0.01683	0.46176	0.20452	0.00551	0.00765	0.00683	0.00335	0.16565
11	0.01721	0.38685	0.02494	0.01551	0.13428	0.01880	0.05285	0.21330	0.01627	0.05404	0.01080	0.01200	0.00863	0.00555	0.00480	0.00150	0.00642	0.00427	0.00362	0.00838
12	0.00750	0.00520	0.00648	0.00728	0.00749	0.00500	0.00458	0.00810	0.00991	0.01322	0.02621	0.49666	0.03112	0.32567	0.01590	0.00359	0.00420	0.01313	0.00458	0.00418
13	0.01525	0.01218	0.01296	0.01023	0.01397	0.06279	0.00804	0.23927	0.03593	0.02214	0.01149	0.01367	0.00931	0.00830	0.00833	0.16341	0.00544	0.00434	0.00397	0.33898

[dist]
# distance from previous block
# <min> <max>
0	1

[block]
# block no. 2 follows, 41 sequences, length 48
# corresponding to MSA columns:
# 189-236
name=unknown_C
#
# <colnr> <probs for GDERKNQSTAVLIFYWHMCP>
#	G	D	E	R	K	N	Q	S	T	A	V	L	I	F	Y	W	H	M	C	P
0	0.05349	0.01343	0.01802	0.49433	0.03226	0.01529	0.01456	0.23461	0.01732	0.02354	0.01326	0.01735	0.01023	0.00745	0.00651	0.00222	0.00771	0.00568	0.00428	0.00845
1	0.01934	0.01042	0.01258	0.01033	0.01393	0.01045	0.00829	0.10201	0.21408	0.36663	0.12027	0.02253	0.01991	0.00784	0.00584	0.00180	0.00457	0.00648	0.03389	0.00883
2	0.01634	0.04706	0.01343	0.01179	0.01430	0.48404	0.00890	0.01799	0.01535	0.01560	0.13284	0.05558	0.12687	0.00854	0.00568	0.00162	0.00760	0.00646	0.00390	0.00611
3	0.03526	0.03220	0.03358	0.00733	0.00996	0.00685	0.00600	0.01283	0.04393	0.10809	0.14218	0.04263	0.45844	0.01186	0.00631	0.00184	0.00353	0.00987	0.00540	0.02191
4	0.78051	0.03267	0.04320	0.00798	0.01177	0.01311	0.00696	0.01688	0.00989	0.02500	0.00807	0.00941	0.00627	0.00530	0.00363	0.00176	0.00465	0.00315	0.00346	0.00633
5	0.01386	0.01372	0.02450	0.06278	0.58725	0.01384	0.13617	0.01743	0.01289	0.01829	0.01075	0.01435	0.00888	0.00525	0.00631	0.00177	0.03516	0.00536	0.00282	0.00863
6	0.00832	0.00555	0.00624	0.00624	0.00624	0.00555	0.00347	0.00832	0.00832	0.01109	0.01802	0.03743	0.02080	0.79898	0.02911	0.00555	0.00555	0.00832	0.00347	0.00347
7	0.15623	0.59719	0.02510	0.00978	0.01434	0.05463	0.00928	0.05021	0.01220	0.01658	0.00826	0.00945	0.00725	0.00510	0.00381	0.00135	0.00603	0.00319	0.00280	0.00722
8	0.21172	0.01002	0.01386	0.42866	0.02693	0.01164	0.01199	0.01670	0.01184	0.11886	0.01300	0.01854	0.01029	0.00665	0.00538	0.00192	0.00629	0.06540	0.00362	0.00668
9	0.00686	0.00579	0.00589	0.00587	0.00772	0.00487	0.00437	0.00832	0.01305	0.01566	0.08712	0.05408	0.71200	0.03409	0.00732	0.00202	0.00296	0.01190	0.00531	0.00482
10	0.00994	0.00497	0.00745	0.00745	0.00745	0.00497	0.00497	0.00745	0.00745	0.00994	0.00994	0.01739	0.00994	0.01987	0.02235	0.83358	0.00497	0.00497	0.00248	0.00248
11	0.01529	0.80242	0.02997	0.00979	0.01468	0.02263	0.00979	0.01713	0.01162	0.01346	0.00795	0.00918	0.00734	0.00489	0.00367	0.00122	0.00612	0.00306	0.00245	0.00734
12	0.01080	0.01017	0.01716	0.78523	0.03940	0.01271	0.01589	0.01461	0.01144	0.01461	0.01017	0.01525	0.00762	0.00572	0.00572	0.00191	0.00762	0.00508	0.00254	0.00635
13	0.83938	0.01106	0.00841	0.00752	0.01106	0.01283	0.00619	0.01681	0.00973	0.02566	0.00796	0.00929	0.00619	0.00531	0.00354	0.00177	0.00442	0.00310	0.00354	0.00619
14	0.02453	0.01155	0.01440	0.01104	0.01551	0.01111	0.00912	0.23531	0.01942	0.55552	0.02001	0.01781	0.01288	0.00702	0.00574	0.00175	0.00528	0.00558	0.00669	0.00973
15	0.00713	0.00507	0.00674	0.00801	0.00837	0.00477	0.00541	0.00816	0.01094	0.01456	0.03089	0.72952	0.03687	0.05151	0.00827	0.00248	0.00350	0.04796	0.00523	0.00462
16	0.00810	0.00585	0.00765	0.00720	0.00855	0.00540	0.00540	0.01079	0.01619	0.02294	0.76028	0.04273	0.05397	0.01169	0.00675	0.00180	0.00270	0.01034	0.00630	0.00540
17	0.02566	0.00973	0.01327	0.01018	0.01460	0.00841	0.00841	0.02788	0.01637	0.76726	0.02257	0.01947	0.01416	0.00708	0.00575	0.00177	0.00487	0.00575	0.00708	0.00973
18	0.00722	0.00581	0.00643	0.00628	0.00801	0.00503	0.00471	0.00910	0.01413	0.01804	0.30084	0.05079	0.51647	0.01352	0.00676	0.00189	0.00283	0.01147	0.00565	0.00503
19	0.02137	0.02726	0.01621	0.01474	0.01768	0.77602	0.01105	0.02284	0.01621	0.01400	0.00884	0.01031	0.00737	0.00589	0.00516	0.00147	0.01031	0.00368	0.00295	0.00663
20	0.01242	0.01015	0.01192	0.00854	0.01360	0.00766	0.00684	0.01494	0.01204	0.04877	0.01067	0.01217	0.00870	0.00435	0.00430	0.00088	0.00426	0.00348	0.00354	0.80077
21	0.42840	0.01219	0.03806	0.08359	0.01667	0.01288	0.07120	0.12728	0.01344	0.06649	0.01109	0.01266	0.00822	0.00575	0.00457	0.00176	0.00548	0.00427	0.06890	0.00708
22	0.01518	0.70865	0.09316	0.01052	0.01565	0.04829	0.01081	0.01741	0.01182	0.01388	0.00818	0.00947	0.00733	0.00498	0.00387	0.00128	0.00647	0.00318	0.00246	0.00741
23	0.01085	0.01023	0.01717	0.76533	0.03877	0.01283	0.01580	0.01459	0.01137	0.01459	0.01010	0.01518	0.00762	0.00583	0.00606	0.00192	0.02780	0.00508	0.00254	0.00635
24	0.03599	0.08590	0.27297	0.02345	0.28073	0.01432	0.15762	0.01799	0.01265	0.02998	0.01062	0.01324	0.00824	0.00518	0.00557	0.00174	0.00774	0.00491	0.00276	0.00839
25	0.01115	0.00952	0.01533	0.52290	0.10408	0.01126	0.01343	0.01460	0.03377	0.01572	0.01165	0.01626	0.00914	0.00707	0.00696	0.07439	0.00660	0.00515	0.10479	0.00624
26	0.00936	0.00699	0.00989	0.00954	0.01087	0.00807	0.00747	0.07427	0.01074	0.01527	0.01518	0.02171	0.01390	0.03975	0.70907	0.00854	0.01453	0.00604	0.00330	0.00551
27	0.02169	0.00976	0.01261	0.01007	0.01394	0.00909	0.00817	0.04976	0.11411	0.54581	0.12032	0.02261	0.01973	0.00778	0.00589	0.00179	0.00458	0.00644	0.00676	0.00907
28	0.03810	0.41559	0.05419	0.01295	0.07551	0.04064	0.04034	0.06805	0.04510	0.07037	0.01260	0.08015	0.01124	0.00652	0.00477	0.00154	0.00610	0.00508	0.00349	0.00766
29	0.00786	0.00608	0.00725	0.00760	0.00884	0.00578	0.00545	0.01081	0.08400	0.01756	0.19898	0.36687	0.22225	0.01469	0.00690	0.00207	0.00319	0.01295	0.00558	0.00528
30	0.00941	0.00804	0.00866	0.00932	0.01089	0.07308	0.00766	0.01151	0.01332	0.01636	0.05532	0.10694	0.23321	0.01461	0.00727	0.00229	0.00485	0.39692	0.00511	0.00523
31	0.00841	0.00608	0.00751	0.00798	0.00884	0.00589	0.00552	0.06729	0.01272	0.01702	0.11842	0.51836	0.08003	0.09655	0.00932	0.00252	0.00369	0.01358	0.00527	0.00503
32	0.02047	0.01528	0.01638	0.01273	0.01710	0.01685	0.01042	0.64144	0.09152	0.03388	0.01458	0.01488	0.01063	0.02421	0.00620	0.00179	0.00606	0.00528	0.00561	0.03469
33	0.00697	0.00498	0.00664	0.00796	0.00830	0.00465	0.00531	0.00796	0.01095	0.01460	0.03153	0.79525	0.03783	0.01792	0.00730	0.00232	0.00332	0.01626	0.00531	0.00465
34	0.01015	0.00943	0.07570	0.01056	0.01269	0.00831	0.00913	0.01558	0.17153	0.03056	0.02725	0.25149	0.02840	0.01361	0.00704	0.00231	0.00484	0.30000	0.00518	0.00626
35	0.13017	0.03822	0.14166	0.28057	0.02434	0.04326	0.02333	0.04319	0.01271	0.11889	0.01343	0.08207	0.01095	0.00687	0.00544	0.00184	0.00661	0.00563	0.00365	0.00717
36	0.01478	0.08425	0.09299	0.02605	0.46902	0.04840	0.01538	0.04414	0.03352	0.04158	0.01114	0.01352	0.00902	0.00528	0.00535	0.00160	0.00673	0.00471	0.00312	0.06942
37	0.27667	0.21860	0.05584	0.03335	0.14832	0.04736	0.01028	0.01631	0.01159	0.01901	0.03715	0.08023	0.01159	0.00653	0.00462	0.00166	0.00567	0.00498	0.00327	0.00698
38	0.01015	0.00621	0.00693	0.00663	0.00739	0.00636	0.00437	0.06388	0.01073	0.01595	0.01714	0.02881	0.01706	0.41991	0.03310	0.07632	0.00486	0.00685	0.25290	0.00443
39	0.01248	0.01219	0.02120	0.28548	0.09214	0.01389	0.19904	0.04676	0.01224	0.01694	0.01113	0.03617	0.00920	0.00672	0.00857	0.00199	0.16436	0.00581	0.03673	0.00697
40	0.00817	0.00600	0.00881	0.00893	0.00990	0.00686	0.00686	0.01015	0.00946	0.01372	0.01687	0.08986	0.01637	0.03924	0.67763	0.00827	0.01376	0.00698	0.03711	0.00508
41	0.00718	0.00507	0.00658	0.00770	0.00798	0.00478	0.00502	0.00802	0.01054	0.01406	0.02944	0.67811	0.03520	0.13865	0.01067	0.00282	0.00366	0.01503	0.00502	0.00446
42	0.00773	0.00527	0.00695	0.00795	0.00846	0.00496	0.00542	0.00884	0.01126	0.03375	0.07048	0.63195	0.03640	0.08536	0.00916	0.00258	0.00361	0.04987	0.00525	0.00474
43	0.01647	0.13012	0.03744	0.00956	0.01310	0.01186	0.00819	0.15097	0.08072	0.18167	0.09644	0.02112	0.04875	0.00744	0.00525	0.00162	0.00467	0.00592	0.16090	0.00778
44	0.01038	0.00832	0.00962	0.00904	0.01114	0.00877	0.00702	0.01803	0.29191	0.02220	0.36361	0.03760	0.09547	0.01080	0.00650	0.00194	0.00362	0.07138	0.00595	0.00671
45	0.00772	0.00526	0.00649	0.00716	0.00765	0.00500	0.00471	0.00879	0.01095	0.01512	0.09591	0.44494	0.05852	0.20955	0.01234	0.00297	0.00374	0.01266	0.07603	0.00449
46	0.01566	0.01271	0.07066	0.01133	0.01465	0.01221	0.00950	0.36956	0.04170	0.05973	0.02011	0.27162	0.01937	0.01099	0.01827	0.00204	0.00545	0.00882	0.01781	0.00780
47	0.00818	0.00608	0.00893	0.00893	0.00987	0.00701	0.00683	0.01005	0.00912	0.01309	0.01556	0.02378	0.01487	0.10888	0.71111	0.00887	0.01447	0.00632	0.00310	0.00496

[dist]
# distance from previous block
# <min> <max>
0	4

[block]
# block no. 3 follows, 41 sequences, length 17
# corresponding to MSA columns:
# 241-257
name=unknown_D
#
# <colnr> <probs for GDERKNQSTAVLIFYWHMCP>
#	G	D	E	R	K	N	Q	S	T	A	V	L	I	F	Y	W	H	M	C	P
0	0.01119	0.01051	0.01474	0.01301	0.01324	0.01422	0.01059	0.01253	0.00883	0.01345	0.01011	0.01670	0.01008	0.07715	0.19460	0.00428	0.55077	0.00552	0.00271	0.00578
1	0.03814	0.01265	0.06324	0.07412	0.17297	0.02763	0.01147	0.06292	0.03097	0.25369	0.01506	0.03234	0.01107	0.00609	0.00539	0.00160	0.00574	0.00512	0.00453	0.16528
2	0.83938	0.01106	0.00841	0.00752	0.01106	0.01283	0.00619	0.01681	0.00973	0.02566	0.00796	0.00929	0.00619	0.00531	0.00354	0.00177	0.00442	0.00310	0.00354	0.00619
3	0.01186	0.01017	0.01186	0.00847	0.01356	0.00762	0.00678	0.01440	0.01186	0.01864	0.01017	0.01186	0.00847	0.00424	0.00424	0.00085	0.00424	0.00339	0.00339	0.83395
4	0.01186	0.01017	0.01186	0.00847	0.01356	0.00762	0.00678	0.01440	0.01186	0.01864	0.01017	0.01186	0.00847	0.00424	0.00424	0.00085	0.00424	0.00339	0.00339	0.83395
5	0.00832	0.00555	0.00624	0.00624	0.00624	0.00555	0.00347	0.00832	0.00832	0.01109	0.01802	0.03743	0.02080	0.79898	0.02911	0.00555	0.00555	0.00832	0.00347	0.00347
6	0.00813	0.00597	0.00856	0.00864	0.00945	0.00674	0.00644	0.00977	0.00915	0.01300	0.01669	0.06916	0.01671	0.16548	0.60974	0.00820	0.01303	0.00707	0.00326	0.00481
7	0.00810	0.00585	0.00765	0.00720	0.00855	0.00540	0.00540	0.01079	0.01619	0.02294	0.76028	0.04273	0.05397	0.01169	0.00675	0.00180	0.00270	0.01034	0.00630	0.00540
8	0.01428	0.01164	0.01314	0.00974	0.01460	0.01035	0.00786	0.18292	0.06105	0.02296	0.01179	0.01288	0.00931	0.00506	0.00467	0.00111	0.00473	0.00398	0.00407	0.59384
9	0.01455	0.45827	0.16375	0.01246	0.01727	0.06269	0.03789	0.03480	0.01202	0.01510	0.00880	0.01078	0.00760	0.00651	0.02252	0.00170	0.09951	0.00379	0.00258	0.00740
10	0.07146	0.08347	0.13540	0.01151	0.01643	0.01234	0.01086	0.11579	0.04263	0.39672	0.01694	0.01592	0.01135	0.00659	0.00571	0.00175	0.02573	0.00504	0.00538	0.00899
11	0.01235	0.09703	0.52722	0.01660	0.02390	0.01440	0.13403	0.01898	0.06817	0.01816	0.01124	0.01304	0.00825	0.00546	0.00551	0.00179	0.00813	0.00469	0.00275	0.00828
12	0.00742	0.00604	0.00722	0.06523	0.01039	0.00554	0.00560	0.00930	0.01344	0.01714	0.22532	0.14086	0.43896	0.01356	0.00675	0.00195	0.00326	0.01164	0.00535	0.00506
13	0.01325	0.01702	0.21058	0.05413	0.36150	0.01302	0.10339	0.01738	0.01263	0.04692	0.01223	0.05868	0.01029	0.00617	0.00634	0.00183	0.03759	0.00573	0.00302	0.00831
14	0.01650	0.01386	0.04243	0.21653	0.12484	0.05008	0.01299	0.23256	0.09350	0.08419	0.01447	0.01739	0.01105	0.00672	0.00578	0.00182	0.00663	0.03599	0.00436	0.00831
15	0.00704	0.00503	0.00670	0.00791	0.00831	0.00470	0.00532	0.00815	0.01129	0.01515	0.07923	0.74599	0.03889	0.01751	0.00726	0.00229	0.00328	0.01587	0.00537	0.00470
16	0.00816	0.00550	0.00639	0.00654	0.00662	0.00550	0.00381	0.00834	0.00866	0.01158	0.01950	0.12500	0.02254	0.68124	0.05320	0.00530	0.00563	0.00916	0.00367	0.00366

[dist]
# distance from previous block
# <min> <max>
0	43

# created by:
# /software/SequenceAnalysis/GenePrediction/augustus/3.0.1/scripts/msa2prfl.pl ./fixed/BUSCOvEOG7R7WRJ.fas
