[name]
unknown

[dist]
# distance from previous block
# <min> <max>
0	148

[block]
# block no. 0 follows, 40 sequences, length 28
# corresponding to MSA columns:
# 154-181
name=unknown_A
#
# <colnr> <probs for GDERKNQSTAVLIFYWHMCP>
#	G	D	E	R	K	N	Q	S	T	A	V	L	I	F	Y	W	H	M	C	P
0	0.00814	0.00594	0.00765	0.00722	0.00863	0.00545	0.00542	0.01080	0.01625	0.02281	0.70957	0.04428	0.10191	0.01208	0.00686	0.00184	0.00276	0.01063	0.00633	0.00545
1	0.00779	0.00578	0.00738	0.00845	0.00921	0.00558	0.00599	0.01001	0.05935	0.01580	0.03337	0.61008	0.08989	0.01706	0.00735	0.00234	0.00363	0.09042	0.00543	0.00509
2	0.01459	0.61043	0.21082	0.01158	0.01744	0.02068	0.01278	0.01766	0.01193	0.01484	0.00866	0.01005	0.00744	0.00511	0.00417	0.00139	0.00680	0.00340	0.00248	0.00774
3	0.01438	0.01440	0.02299	0.13425	0.56537	0.06456	0.06387	0.01785	0.01327	0.01810	0.01078	0.01436	0.00887	0.00530	0.00580	0.00176	0.00745	0.00519	0.00285	0.00859
4	0.02609	0.00990	0.01350	0.01035	0.01484	0.00855	0.00855	0.02834	0.01664	0.76338	0.02294	0.01979	0.01439	0.00720	0.00585	0.00180	0.00495	0.00585	0.00720	0.00990
5	0.01179	0.05493	0.74175	0.01636	0.02484	0.01381	0.02111	0.01838	0.01226	0.01826	0.01036	0.01218	0.00737	0.00551	0.00547	0.00182	0.00852	0.00426	0.00246	0.00856
6	0.00877	0.00724	0.01186	0.09330	0.01493	0.00788	0.07690	0.01102	0.01050	0.01450	0.01917	0.23241	0.01983	0.02892	0.40786	0.00594	0.01084	0.00900	0.00367	0.00545
7	0.00707	0.00511	0.00669	0.00796	0.00840	0.00474	0.00534	0.00811	0.01127	0.01490	0.03376	0.74495	0.08424	0.01800	0.00739	0.00234	0.00335	0.01626	0.00540	0.00474
8	0.01098	0.01034	0.01744	0.78165	0.04005	0.01292	0.01615	0.01486	0.01163	0.01486	0.01034	0.01550	0.00775	0.00581	0.00581	0.00194	0.00775	0.00517	0.00258	0.00646
9	0.01500	0.65381	0.11862	0.01247	0.06603	0.02125	0.01187	0.01756	0.01197	0.01461	0.00856	0.01002	0.00757	0.00506	0.00408	0.00135	0.00655	0.00339	0.00251	0.00772
10	0.01139	0.00734	0.00985	0.01045	0.01216	0.00734	0.00888	0.01477	0.06261	0.09524	0.02866	0.05604	0.02960	0.06682	0.00911	0.00274	0.00528	0.55029	0.00546	0.00596
11	0.01338	0.24012	0.51605	0.01466	0.02190	0.06529	0.01767	0.01845	0.01242	0.01685	0.00970	0.01136	0.00740	0.00540	0.00502	0.00166	0.00807	0.00394	0.00250	0.00816
12	0.02244	0.00961	0.01262	0.00994	0.01377	0.00868	0.00803	0.07769	0.01689	0.56908	0.11362	0.02348	0.01955	0.05800	0.00749	0.00204	0.00482	0.00655	0.00676	0.00894
13	0.02122	0.02534	0.01631	0.01454	0.01767	0.64233	0.01105	0.11632	0.01761	0.01713	0.00991	0.01145	0.00809	0.00767	0.03685	0.00185	0.01016	0.00404	0.00337	0.00709
14	0.00708	0.00522	0.00663	0.00771	0.00834	0.00477	0.00524	0.00822	0.01163	0.01521	0.05573	0.64848	0.15953	0.01746	0.00732	0.00228	0.00329	0.01566	0.00542	0.00477
15	0.00709	0.00506	0.00675	0.00810	0.00843	0.00472	0.00540	0.00810	0.01113	0.01484	0.03205	0.79184	0.03846	0.01822	0.00742	0.00236	0.00337	0.01653	0.00540	0.00472
16	0.01273	0.01073	0.01242	0.00893	0.01407	0.00844	0.00717	0.06318	0.01308	0.02013	0.01058	0.01219	0.00870	0.00449	0.00441	0.00092	0.00445	0.00357	0.00360	0.77622
17	0.54600	0.01047	0.00989	0.00839	0.01207	0.01121	0.00687	0.01982	0.01229	0.23440	0.06779	0.01489	0.01219	0.00639	0.00448	0.00180	0.00450	0.00446	0.00482	0.00726
18	0.00801	0.00545	0.00647	0.00692	0.00703	0.00534	0.00414	0.00834	0.00933	0.01244	0.02280	0.28412	0.02680	0.54185	0.02236	0.00457	0.00490	0.01109	0.00414	0.00392
19	0.00717	0.00513	0.00682	0.00804	0.00845	0.00478	0.00540	0.00831	0.01153	0.01547	0.08577	0.73632	0.03968	0.01775	0.00738	0.00232	0.00333	0.01609	0.00547	0.00478
20	0.01098	0.01034	0.01744	0.78165	0.04005	0.01292	0.01615	0.01486	0.01163	0.01486	0.01034	0.01550	0.00775	0.00581	0.00581	0.00194	0.00775	0.00517	0.00258	0.00646
21	0.00709	0.00506	0.00675	0.00810	0.00843	0.00472	0.00540	0.00810	0.01113	0.01484	0.03205	0.79184	0.03846	0.01822	0.00742	0.00236	0.00337	0.01653	0.00540	0.00472
22	0.01373	0.01569	0.03431	0.02451	0.03039	0.01471	0.73824	0.01863	0.01373	0.01863	0.01176	0.01569	0.00882	0.00490	0.00686	0.00196	0.00980	0.00686	0.00294	0.00784
23	0.01166	0.03008	0.76550	0.01657	0.02517	0.01351	0.02149	0.01842	0.01228	0.01842	0.01044	0.01228	0.00737	0.00552	0.00552	0.00184	0.00859	0.00430	0.00246	0.00859
24	0.00709	0.00506	0.00675	0.00810	0.00843	0.00472	0.00540	0.00810	0.01113	0.01484	0.03205	0.79184	0.03846	0.01822	0.00742	0.00236	0.00337	0.01653	0.00540	0.00472
25	0.01483	0.01063	0.01206	0.01078	0.01362	0.01117	0.00828	0.02428	0.39636	0.11896	0.27212	0.03009	0.03071	0.00981	0.00666	0.00209	0.00438	0.00812	0.00655	0.00853
26	0.04503	0.46217	0.15379	0.01314	0.01840	0.11010	0.04418	0.03990	0.01350	0.01688	0.00999	0.01194	0.00855	0.00607	0.00521	0.00167	0.02427	0.00402	0.00307	0.00811
27	0.01360	0.27863	0.05506	0.47528	0.03120	0.01688	0.01458	0.01658	0.01237	0.01560	0.01062	0.01466	0.00864	0.00621	0.00553	0.00189	0.00758	0.00476	0.00291	0.00743

[dist]
# distance from previous block
# <min> <max>
0	1

[block]
# block no. 1 follows, 40 sequences, length 32
# corresponding to MSA columns:
# 183-214
name=unknown_B
#
# <colnr> <probs for GDERKNQSTAVLIFYWHMCP>
#	G	D	E	R	K	N	Q	S	T	A	V	L	I	F	Y	W	H	M	C	P
0	0.00787	0.00593	0.00727	0.00694	0.00847	0.00533	0.00520	0.01028	0.01561	0.02130	0.57164	0.04676	0.24077	0.01264	0.00686	0.00186	0.00280	0.01098	0.00614	0.00533
1	0.01499	0.22089	0.01787	0.01138	0.01516	0.01684	0.00946	0.04981	0.53083	0.02190	0.01923	0.01818	0.01478	0.00709	0.00534	0.00177	0.00509	0.00561	0.00501	0.00877
2	0.00814	0.00594	0.00765	0.00722	0.00863	0.00545	0.00542	0.01080	0.01625	0.02282	0.71055	0.04426	0.10092	0.01207	0.00686	0.00184	0.00276	0.01063	0.00634	0.00545
3	0.01102	0.00849	0.00921	0.00837	0.01070	0.00838	0.00642	0.20215	0.01676	0.02150	0.07940	0.18314	0.38577	0.01318	0.00670	0.00197	0.00393	0.01112	0.00556	0.00622
4	0.00965	0.00729	0.00826	0.00830	0.00927	0.00771	0.00557	0.01430	0.20526	0.01575	0.02367	0.24979	0.02521	0.36422	0.01697	0.00373	0.00471	0.01027	0.00469	0.00537
5	0.00933	0.21531	0.01303	0.00859	0.01015	0.00957	0.00660	0.01056	0.01131	0.01454	0.02571	0.58465	0.03025	0.01471	0.00645	0.00207	0.00413	0.01298	0.00463	0.00545
6	0.01807	0.01354	0.01439	0.01140	0.01534	0.01456	0.00930	0.54625	0.02361	0.03110	0.02586	0.02508	0.20770	0.00903	0.00610	0.00180	0.00548	0.00710	0.00571	0.00857
7	0.01184	0.02436	0.54080	0.01474	0.02233	0.01202	0.04233	0.01742	0.01227	0.01856	0.01046	0.01234	0.00775	0.00518	0.00525	0.00159	0.00750	0.00416	0.00273	0.22637
8	0.00693	0.00567	0.00612	0.00648	0.00801	0.00486	0.00468	0.00828	0.01269	0.01548	0.05180	0.25080	0.56675	0.01565	0.00702	0.00207	0.00306	0.01340	0.00540	0.00486
9	0.00828	0.00605	0.00723	0.00687	0.00856	0.00536	0.00517	0.01052	0.01524	0.04382	0.46585	0.04749	0.32264	0.01283	0.00683	0.00188	0.00289	0.01104	0.00604	0.00541
10	0.01318	0.01105	0.00993	0.00954	0.01033	0.20819	0.00669	0.01172	0.00993	0.01119	0.00981	0.01577	0.00941	0.01644	0.01810	0.61123	0.00649	0.00470	0.00265	0.00364
11	0.01125	0.12159	0.47130	0.01328	0.01950	0.01259	0.01578	0.01632	0.01333	0.01911	0.20762	0.02015	0.01996	0.00714	0.00565	0.00176	0.00674	0.00579	0.00350	0.00763
12	0.01181	0.01072	0.01764	0.05498	0.47382	0.01071	0.01360	0.01448	0.01251	0.01748	0.01814	0.26333	0.01908	0.00963	0.00635	0.00196	0.00578	0.02668	0.00373	0.00758
13	0.00802	0.00545	0.00647	0.00690	0.00701	0.00535	0.00412	0.00834	0.00931	0.01241	0.02270	0.27813	0.02666	0.54803	0.02254	0.00459	0.00492	0.01103	0.00412	0.00391
14	0.01393	0.01191	0.01744	0.57824	0.03422	0.01427	0.01480	0.20685	0.01579	0.02063	0.01130	0.01510	0.00832	0.00612	0.00581	0.00189	0.00739	0.00519	0.00344	0.00737
15	0.01206	0.01034	0.01206	0.00861	0.01378	0.00775	0.00689	0.01464	0.01206	0.01895	0.01034	0.01206	0.00861	0.00431	0.00431	0.00086	0.00431	0.00345	0.00345	0.83118
16	0.02167	0.04420	0.01709	0.01443	0.01792	0.55363	0.01115	0.21285	0.01924	0.02015	0.01028	0.01138	0.00813	0.00623	0.00536	0.00156	0.00930	0.00412	0.00373	0.00759
17	0.01446	0.01249	0.01315	0.01183	0.01512	0.01446	0.00920	0.03090	0.74885	0.02433	0.02367	0.02170	0.01775	0.00789	0.00592	0.00197	0.00460	0.00657	0.00592	0.00920
18	0.61737	0.00992	0.00876	0.00810	0.01102	0.01152	0.00655	0.01532	0.00975	0.02276	0.01008	0.01299	0.00848	0.01552	0.20721	0.00380	0.00743	0.00396	0.00347	0.00601
19	0.01084	0.00542	0.00542	0.00542	0.00678	0.00542	0.00407	0.01355	0.01220	0.02168	0.01897	0.02168	0.01491	0.00678	0.00407	0.00136	0.00271	0.00542	0.82791	0.00542
20	0.00910	0.00685	0.00928	0.21170	0.01539	0.00751	0.00698	0.01024	0.00952	0.01264	0.01696	0.07222	0.01839	0.52754	0.02155	0.00439	0.00601	0.00795	0.02136	0.00441
21	0.01433	0.02945	0.56718	0.01615	0.02326	0.21441	0.01877	0.01969	0.01339	0.01731	0.01005	0.01180	0.00740	0.00565	0.00545	0.00175	0.00910	0.00415	0.00260	0.00810
22	0.01472	0.01191	0.01349	0.00988	0.01491	0.01047	0.00799	0.20669	0.01611	0.02364	0.01130	0.01256	0.00895	0.00501	0.00471	0.00110	0.00486	0.00392	0.00407	0.61373
23	0.01244	0.01194	0.00970	0.00935	0.01045	0.20911	0.00633	0.05160	0.01211	0.01411	0.01827	0.17486	0.02026	0.39423	0.01759	0.00370	0.00653	0.00859	0.00387	0.00495
24	0.00825	0.00629	0.00834	0.00815	0.00955	0.00579	0.02424	0.01072	0.03509	0.01942	0.36759	0.31431	0.08874	0.01368	0.00690	0.00199	0.00330	0.01224	0.00571	0.04970
25	0.00721	0.00514	0.00682	0.00812	0.00848	0.00482	0.00547	0.00825	0.01111	0.01480	0.03150	0.73906	0.03765	0.04675	0.00826	0.00249	0.00353	0.04050	0.00533	0.00470
26	0.01011	0.00888	0.01280	0.01176	0.01237	0.01157	0.00949	0.01186	0.00917	0.01370	0.01234	0.01872	0.01172	0.02998	0.46540	0.00657	0.32925	0.00577	0.00288	0.00567
27	0.00846	0.00564	0.00634	0.00634	0.00634	0.00564	0.00352	0.00846	0.00846	0.01128	0.01832	0.03805	0.02114	0.79563	0.02960	0.00564	0.00564	0.00846	0.00352	0.00352
28	0.01223	0.01097	0.01358	0.01038	0.01417	0.01042	0.00843	0.01447	0.01122	0.01764	0.00962	0.01223	0.00835	0.00586	0.00822	0.00131	0.21101	0.00388	0.00321	0.61279
29	0.01555	0.79913	0.03047	0.00995	0.01493	0.02301	0.00995	0.01741	0.01182	0.01368	0.00808	0.00933	0.00746	0.00498	0.00373	0.00124	0.00622	0.00311	0.00249	0.00746
30	0.00831	0.00623	0.00935	0.00935	0.01038	0.00727	0.00727	0.01038	0.00935	0.01350	0.01558	0.02285	0.01454	0.04361	0.77259	0.00935	0.01558	0.00623	0.00312	0.00519
31	0.01945	0.01571	0.02145	0.01602	0.02087	0.01667	0.20332	0.52103	0.02315	0.03130	0.01357	0.01472	0.00980	0.00642	0.00603	0.00179	0.00716	0.00567	0.03669	0.00918

[dist]
# distance from previous block
# <min> <max>
1	264

# created by:
# /software/SequenceAnalysis/GenePrediction/augustus/3.0.1/scripts/msa2prfl.pl ./fixed/BUSCOvEOG7Z37TN.fas
