[name]
unknown

[dist]
# distance from previous block
# <min> <max>
5	316

[block]
# block no. 0 follows, 41 sequences, length 16
# corresponding to MSA columns:
# 328-343
name=unknown_A
#
# <colnr> <probs for GDERKNQSTAVLIFYWHMCP>
#	G	D	E	R	K	N	Q	S	T	A	V	L	I	F	Y	W	H	M	C	P
0	0.02037	0.01484	0.01585	0.01235	0.01656	0.01640	0.01014	0.64442	0.05563	0.03413	0.01460	0.01478	0.01052	0.00688	0.00556	0.00169	0.00587	0.00522	0.08490	0.00928
1	0.02057	0.01532	0.01653	0.01260	0.01724	0.01653	0.01038	0.65721	0.02510	0.03397	0.01331	0.01351	0.00958	0.00655	0.00554	0.00161	0.00605	0.00494	0.00544	0.10800
2	0.00822	0.00556	0.00621	0.00621	0.00633	0.00550	0.00352	0.00831	0.00861	0.01136	0.02047	0.03851	0.06619	0.75087	0.02774	0.00532	0.00538	0.00855	0.00358	0.00355
3	0.01161	0.02860	0.71786	0.01685	0.02512	0.01337	0.07162	0.01813	0.01218	0.01813	0.01036	0.01231	0.00735	0.00539	0.00553	0.00182	0.00854	0.00440	0.00245	0.00840
4	0.00832	0.00555	0.00624	0.00624	0.00624	0.00555	0.00347	0.00832	0.00832	0.01109	0.01802	0.03743	0.02080	0.79898	0.02911	0.00555	0.00555	0.00832	0.00347	0.00347
5	0.06778	0.00980	0.01302	0.01004	0.01442	0.00864	0.00829	0.02730	0.01603	0.72888	0.02181	0.01894	0.01375	0.00699	0.00564	0.00177	0.00484	0.00561	0.00690	0.00955
6	0.01416	0.01359	0.02322	0.03511	0.76330	0.01359	0.01755	0.01755	0.01302	0.01869	0.01076	0.01416	0.00906	0.00510	0.00566	0.00170	0.00680	0.00510	0.00283	0.00906
7	0.01147	0.02959	0.76934	0.01630	0.02476	0.01328	0.02113	0.01811	0.01208	0.01811	0.01026	0.01208	0.00725	0.00543	0.00543	0.00181	0.00845	0.00423	0.00242	0.00845
8	0.00697	0.00498	0.00664	0.00796	0.00830	0.00465	0.00531	0.00796	0.01095	0.01460	0.03153	0.79525	0.03783	0.01792	0.00730	0.00232	0.00332	0.01626	0.00531	0.00465
9	0.00676	0.00579	0.00579	0.00579	0.00773	0.00483	0.00435	0.00821	0.01304	0.01545	0.05794	0.05505	0.76098	0.01449	0.00676	0.00193	0.00290	0.01207	0.00531	0.00483
10	0.01187	0.01143	0.01990	0.53603	0.22781	0.01306	0.06718	0.01564	0.01200	0.01594	0.01042	0.01498	0.00807	0.00549	0.00578	0.00185	0.00755	0.00520	0.00264	0.00716
11	0.01251	0.01251	0.01752	0.01502	0.01502	0.01752	0.01251	0.01377	0.00876	0.01377	0.00751	0.01251	0.00751	0.01001	0.01877	0.00250	0.78851	0.00501	0.00250	0.00626
12	0.02137	0.02726	0.01621	0.01474	0.01768	0.77602	0.01105	0.02284	0.01621	0.01400	0.00884	0.01031	0.00737	0.00589	0.00516	0.00147	0.01031	0.00368	0.00295	0.00663
13	0.00697	0.00498	0.00664	0.00796	0.00830	0.00465	0.00531	0.00796	0.01095	0.01460	0.03153	0.79525	0.03783	0.01792	0.00730	0.00232	0.00332	0.01626	0.00531	0.00465
14	0.00810	0.00585	0.00765	0.00720	0.00855	0.00540	0.00540	0.01079	0.01619	0.02294	0.76028	0.04273	0.05397	0.01169	0.00675	0.00180	0.00270	0.01034	0.00630	0.00540
15	0.00876	0.00691	0.00807	0.00757	0.00900	0.04380	0.00568	0.01139	0.01619	0.02249	0.72284	0.04111	0.05165	0.01140	0.00667	0.00178	0.00308	0.01001	0.00613	0.00546

[dist]
# distance from previous block
# <min> <max>
5	289

# created by:
# /software/SequenceAnalysis/GenePrediction/augustus/3.0.1/scripts/msa2prfl.pl ./fixed/BUSCOvEOG7VX3JZ.fas
