[name]
unknown

[dist]
# distance from previous block
# <min> <max>
0	53

[block]
# block no. 0 follows, 40 sequences, length 29
# corresponding to MSA columns:
# 53-81
name=unknown_A
#
# <colnr> <probs for GDERKNQSTAVLIFYWHMCP>
#	G	D	E	R	K	N	Q	S	T	A	V	L	I	F	Y	W	H	M	C	P
0	0.01537	0.01719	0.02688	0.02007	0.02483	0.15678	0.45126	0.05927	0.01456	0.01849	0.01150	0.03215	0.00924	0.00579	0.00702	0.00183	0.05286	0.00607	0.00318	0.06566
1	0.00770	0.00570	0.00745	0.00776	0.00856	0.00531	0.02305	0.00901	0.01198	0.01601	0.17217	0.39813	0.12373	0.16241	0.01140	0.00282	0.00379	0.01310	0.00518	0.00474
2	0.00707	0.00512	0.00669	0.00795	0.00840	0.00474	0.00533	0.00811	0.01127	0.01490	0.03383	0.74315	0.08600	0.01799	0.00739	0.00234	0.00335	0.01625	0.00540	0.00474
3	0.01206	0.01034	0.01206	0.00861	0.01378	0.00775	0.00689	0.01464	0.01206	0.01895	0.01034	0.01206	0.00861	0.00431	0.00431	0.00086	0.00431	0.00345	0.00345	0.83118
4	0.01280	0.01347	0.02687	0.02319	0.16320	0.01265	0.44863	0.01673	0.01315	0.01819	0.01435	0.12384	0.01303	0.00678	0.00655	0.00190	0.00797	0.00766	0.00331	0.06573
5	0.02178	0.00886	0.01175	0.00937	0.01277	0.00784	0.00732	0.02348	0.01464	0.57969	0.02181	0.02425	0.01604	0.19977	0.01165	0.00274	0.00512	0.00649	0.00630	0.00834
6	0.00709	0.00506	0.00675	0.00810	0.00843	0.00472	0.00540	0.00810	0.01113	0.01484	0.03205	0.79184	0.03846	0.01822	0.00742	0.00236	0.00337	0.01653	0.00540	0.00472
7	0.00834	0.00609	0.00861	0.00861	0.00940	0.00687	0.00635	0.00991	0.00913	0.01296	0.01625	0.02656	0.01615	0.22729	0.59112	0.00844	0.01315	0.00677	0.00321	0.00478
8	0.05421	0.00595	0.00796	0.00843	0.00933	0.00569	0.03002	0.00951	0.01209	0.01711	0.16586	0.56307	0.03833	0.03445	0.00761	0.00229	0.00359	0.01413	0.00536	0.00503
9	0.02211	0.01629	0.01745	0.01338	0.01803	0.01803	0.01105	0.73997	0.02734	0.03665	0.01396	0.01396	0.00989	0.00698	0.00582	0.00175	0.00640	0.00524	0.00582	0.00989
10	0.02172	0.02772	0.01648	0.01498	0.01798	0.77228	0.01124	0.02322	0.01648	0.01423	0.00899	0.01049	0.00749	0.00599	0.00524	0.00150	0.01049	0.00375	0.00300	0.00674
11	0.00878	0.00627	0.00869	0.01003	0.01111	0.00618	0.00834	0.01103	0.01280	0.01674	0.03112	0.25335	0.03476	0.01662	0.00787	0.00260	0.00484	0.53829	0.00537	0.00519
12	0.00964	0.00852	0.01376	0.51558	0.02918	0.01010	0.01245	0.01253	0.01146	0.01485	0.01781	0.28253	0.01831	0.01008	0.00637	0.00208	0.00625	0.00908	0.00355	0.00586
13	0.01439	0.01382	0.02360	0.03569	0.75936	0.01382	0.01785	0.01785	0.01324	0.01900	0.01094	0.01439	0.00921	0.00518	0.00576	0.00173	0.00691	0.00518	0.00288	0.00921
14	0.02609	0.00990	0.01350	0.01035	0.01484	0.00855	0.00855	0.02834	0.01664	0.76338	0.02294	0.01979	0.01439	0.00720	0.00585	0.00180	0.00495	0.00585	0.00720	0.00990
15	0.00823	0.00594	0.00777	0.00732	0.00869	0.00549	0.00549	0.01097	0.01646	0.02332	0.75629	0.04344	0.05487	0.01189	0.00686	0.00183	0.00274	0.01052	0.00640	0.00549
16	0.01439	0.01382	0.02360	0.03569	0.75936	0.01382	0.01785	0.01785	0.01324	0.01900	0.01094	0.01439	0.00921	0.00518	0.00576	0.00173	0.00691	0.00518	0.00288	0.00921
17	0.00687	0.00589	0.00589	0.00589	0.00785	0.00491	0.00442	0.00835	0.01325	0.01571	0.05891	0.05596	0.75700	0.01473	0.00687	0.00196	0.00295	0.01227	0.00540	0.00491
18	0.01098	0.01034	0.01744	0.78165	0.04005	0.01292	0.01615	0.01486	0.01163	0.01486	0.01034	0.01550	0.00775	0.00581	0.00581	0.00194	0.00775	0.00517	0.00258	0.00646
19	0.01220	0.07113	0.61270	0.01741	0.02539	0.01422	0.13010	0.01839	0.01247	0.01818	0.01051	0.01263	0.00759	0.00540	0.00563	0.00183	0.00865	0.00462	0.00253	0.00842
20	0.01098	0.01034	0.01744	0.78165	0.04005	0.01292	0.01615	0.01486	0.01163	0.01486	0.01034	0.01550	0.00775	0.00581	0.00581	0.00194	0.00775	0.00517	0.00258	0.00646
21	0.01253	0.01051	0.01148	0.01058	0.01330	0.01172	0.00825	0.02464	0.52113	0.02319	0.16386	0.03062	0.06734	0.00957	0.00629	0.00199	0.00421	0.05485	0.00594	0.00801
22	0.01206	0.01034	0.01206	0.00861	0.01378	0.00775	0.00689	0.01464	0.01206	0.01895	0.01034	0.01206	0.00861	0.00431	0.00431	0.00086	0.00431	0.00345	0.00345	0.83118
23	0.07241	0.02710	0.52142	0.01557	0.02252	0.15595	0.03532	0.01966	0.01312	0.05001	0.01057	0.01215	0.00765	0.00566	0.00538	0.00178	0.00853	0.00424	0.00285	0.00812
24	0.01555	0.79913	0.03047	0.00995	0.01493	0.02301	0.00995	0.01741	0.01182	0.01368	0.00808	0.00933	0.00746	0.00498	0.00373	0.00124	0.00622	0.00311	0.00249	0.00746
25	0.00719	0.00574	0.00645	0.00661	0.00814	0.00499	0.00483	0.00884	0.01351	0.01712	0.19792	0.19540	0.47314	0.01481	0.00698	0.00201	0.00299	0.01273	0.00561	0.00499
26	0.00962	0.00605	0.00737	0.00698	0.00780	0.00579	0.00459	0.01078	0.01195	0.06870	0.28730	0.03873	0.03294	0.45471	0.01964	0.00398	0.00454	0.00902	0.00483	0.00469
27	0.01415	0.01357	0.02317	0.08830	0.70863	0.01375	0.01773	0.01764	0.01313	0.01871	0.01090	0.01447	0.00911	0.00523	0.00576	0.00174	0.00697	0.00518	0.00286	0.00902
28	0.01198	0.01001	0.01162	0.00840	0.01332	0.00760	0.00670	0.01457	0.01207	0.01913	0.01091	0.01270	0.00903	0.00447	0.00429	0.00089	0.00420	0.00358	0.05799	0.77655

[dist]
# distance from previous block
# <min> <max>
0	2

[block]
# block no. 1 follows, 40 sequences, length 104
# corresponding to MSA columns:
# 84-187
name=unknown_B
#
# <colnr> <probs for GDERKNQSTAVLIFYWHMCP>
#	G	D	E	R	K	N	Q	S	T	A	V	L	I	F	Y	W	H	M	C	P
0	0.05414	0.01349	0.01379	0.01180	0.01549	0.04681	0.00933	0.15222	0.47914	0.06804	0.01992	0.01871	0.01477	0.00732	0.00568	0.00184	0.00517	0.00586	0.00562	0.05087
1	0.12902	0.02379	0.01539	0.01368	0.01696	0.57363	0.01046	0.08553	0.01657	0.04985	0.00991	0.01105	0.00784	0.00605	0.00510	0.00157	0.00910	0.00389	0.00350	0.00709
2	0.79956	0.01148	0.00895	0.00791	0.01156	0.01327	0.00651	0.05006	0.01069	0.02657	0.00836	0.00965	0.00646	0.00547	0.00370	0.00180	0.00459	0.00324	0.00370	0.00646
3	0.00692	0.00572	0.00607	0.00636	0.00798	0.00487	0.00463	0.00829	0.01281	0.01553	0.05324	0.21137	0.60525	0.01546	0.00699	0.00205	0.00304	0.01317	0.00540	0.00487
4	0.00729	0.00602	0.00647	0.00669	0.00855	0.00520	0.00524	0.00896	0.01328	0.01599	0.05425	0.05756	0.63719	0.01495	0.00706	0.00208	0.00334	0.12950	0.00539	0.00498
5	0.01246	0.01233	0.01730	0.01491	0.01497	0.01718	0.01239	0.01378	0.00893	0.01397	0.00811	0.01333	0.00805	0.01219	0.06439	0.00295	0.73872	0.00516	0.00258	0.00629
6	0.01272	0.01272	0.01781	0.01527	0.01527	0.01781	0.01272	0.01399	0.00891	0.01399	0.00763	0.01272	0.00763	0.01018	0.01908	0.00254	0.78499	0.00509	0.00254	0.00636
7	0.00803	0.00546	0.00647	0.00689	0.00700	0.00535	0.00411	0.00834	0.00930	0.01240	0.02264	0.27517	0.02659	0.55108	0.02262	0.00461	0.00493	0.01100	0.00411	0.00390
8	0.01342	0.01282	0.02184	0.24885	0.55382	0.01356	0.01736	0.01699	0.01278	0.01782	0.01077	0.01471	0.00879	0.00536	0.00577	0.00179	0.00715	0.00518	0.00279	0.00843
9	0.18979	0.01329	0.01338	0.01138	0.01512	0.01516	0.00911	0.22529	0.39244	0.02813	0.01769	0.01696	0.01315	0.00711	0.00540	0.00187	0.00508	0.00548	0.00540	0.00878
10	0.00937	0.00669	0.00937	0.01071	0.01205	0.00669	0.00937	0.01205	0.01339	0.01740	0.03079	0.06560	0.03347	0.01606	0.00803	0.00268	0.00535	0.72021	0.00535	0.00535
11	0.01272	0.01272	0.01781	0.01527	0.01527	0.01781	0.01272	0.01399	0.00891	0.01399	0.00763	0.01272	0.00763	0.01018	0.01908	0.00254	0.78499	0.00509	0.00254	0.00636
12	0.01098	0.01034	0.01744	0.78165	0.04005	0.01292	0.01615	0.01486	0.01163	0.01486	0.01034	0.01550	0.00775	0.00581	0.00581	0.00194	0.00775	0.00517	0.00258	0.00646
13	0.00840	0.00620	0.00920	0.00920	0.01025	0.00720	0.00715	0.01051	0.00945	0.01381	0.01571	0.02280	0.01455	0.04221	0.74321	0.00904	0.01508	0.00620	0.03464	0.00520
14	0.01476	0.01264	0.01331	0.01189	0.01523	0.01460	0.00927	0.05793	0.72134	0.02480	0.02330	0.02140	0.01745	0.00785	0.00591	0.00196	0.00467	0.00652	0.00591	0.00923
15	0.00711	0.00518	0.00670	0.00785	0.00839	0.00477	0.00530	0.00823	0.01155	0.01525	0.06239	0.69039	0.11021	0.01763	0.00735	0.00230	0.00331	0.01588	0.00544	0.00477
16	0.01166	0.03008	0.76550	0.01657	0.02517	0.01351	0.02149	0.01842	0.01228	0.01842	0.01044	0.01228	0.00737	0.00552	0.00552	0.00184	0.00859	0.00430	0.00246	0.00859
17	0.00937	0.00669	0.00937	0.01071	0.01205	0.00669	0.00937	0.01205	0.01339	0.01740	0.03079	0.06560	0.03347	0.01606	0.00803	0.00268	0.00535	0.72021	0.00535	0.00535
18	0.00812	0.00569	0.00625	0.00625	0.00666	0.00548	0.00371	0.00843	0.00947	0.01221	0.02689	0.04184	0.17654	0.63072	0.02480	0.00486	0.00507	0.00926	0.00392	0.00382
19	0.01348	0.01026	0.01679	0.65394	0.03588	0.01220	0.01489	0.01709	0.01246	0.13880	0.01242	0.01621	0.00885	0.00604	0.00582	0.00192	0.00729	0.00528	0.00335	0.00703
20	0.01273	0.01051	0.01186	0.01145	0.01407	0.01181	0.00926	0.02447	0.49779	0.02196	0.02610	0.03668	0.02312	0.01068	0.00664	0.00221	0.00486	0.25018	0.00573	0.00789
21	0.03942	0.01028	0.00844	0.00779	0.00979	0.13378	0.00596	0.08112	0.01421	0.02194	0.01652	0.01875	0.01295	0.00662	0.00440	0.00143	0.00439	0.00506	0.59108	0.00607
22	0.01356	0.01520	0.03158	0.02298	0.02789	0.01522	0.61810	0.01786	0.01293	0.01786	0.01108	0.01520	0.00863	0.00578	0.00889	0.00206	0.13816	0.00657	0.00288	0.00760
23	0.00846	0.00564	0.00634	0.00634	0.00634	0.00564	0.00352	0.00846	0.00846	0.01128	0.01832	0.03805	0.02114	0.79563	0.02960	0.00564	0.00564	0.00846	0.00352	0.00352
24	0.04247	0.00670	0.00705	0.00626	0.00851	0.00621	0.00481	0.01380	0.01227	0.02135	0.04995	0.02016	0.01505	0.00643	0.00422	0.00129	0.00312	0.00515	0.58535	0.17985
25	0.01222	0.01126	0.01656	0.01195	0.01709	0.00911	0.16128	0.01523	0.01238	0.01872	0.01147	0.04255	0.00980	0.00496	0.00497	0.00115	0.00543	0.00467	0.00341	0.62579
26	0.01627	0.01426	0.02907	0.02091	0.02648	0.01314	0.55625	0.02053	0.01428	0.17592	0.01407	0.01642	0.00999	0.00536	0.00655	0.00188	0.00857	0.00652	0.00386	0.03967
27	0.00845	0.00566	0.00648	0.00648	0.00652	0.00571	0.00369	0.00854	0.00850	0.01138	0.01820	0.03737	0.02084	0.76175	0.06308	0.00580	0.00609	0.00836	0.00351	0.00360
28	0.01111	0.01059	0.01826	0.74516	0.03959	0.01301	0.05096	0.01504	0.01173	0.01504	0.01040	0.01551	0.00780	0.00577	0.00586	0.00194	0.00785	0.00525	0.00260	0.00653
29	0.01184	0.06473	0.73238	0.01628	0.02471	0.01393	0.02097	0.01837	0.01226	0.01820	0.01033	0.01214	0.00737	0.00550	0.00544	0.00181	0.00849	0.00424	0.00246	0.00854
30	0.00801	0.00638	0.00708	0.00694	0.00865	0.00584	0.00513	0.02629	0.05134	0.01826	0.22594	0.11812	0.43277	0.04368	0.00772	0.00210	0.00320	0.01164	0.00561	0.00531
31	0.00712	0.00582	0.00629	0.00635	0.00805	0.00499	0.00469	0.00876	0.01358	0.01688	0.17172	0.12673	0.56961	0.01460	0.00692	0.00198	0.00295	0.01240	0.00557	0.00499
32	0.01259	0.01308	0.02246	0.01779	0.01980	0.01567	0.25694	0.01507	0.01072	0.01563	0.01106	0.07861	0.01060	0.00907	0.01399	0.00233	0.45831	0.00664	0.00292	0.00672
33	0.04840	0.01363	0.02008	0.04026	0.44228	0.06980	0.04689	0.02005	0.01399	0.17586	0.01405	0.04485	0.01114	0.00617	0.00577	0.00177	0.00668	0.00565	0.00392	0.00877
34	0.02609	0.00990	0.01350	0.01035	0.01484	0.00855	0.00855	0.02834	0.01664	0.76338	0.02294	0.01979	0.01439	0.00720	0.00585	0.00180	0.00495	0.00585	0.00720	0.00990
35	0.00704	0.00524	0.00657	0.00763	0.00831	0.00476	0.00519	0.00815	0.01158	0.01503	0.03772	0.63643	0.19021	0.01748	0.00731	0.00228	0.00328	0.01563	0.00540	0.00476
36	0.00739	0.00598	0.00652	0.00683	0.00831	0.00538	0.00489	0.00943	0.04978	0.01569	0.04763	0.25977	0.48244	0.05300	0.00807	0.00225	0.00328	0.01299	0.00534	0.00501
37	0.01555	0.79913	0.03047	0.00995	0.01493	0.02301	0.00995	0.01741	0.01182	0.01368	0.00808	0.00933	0.00746	0.00498	0.00373	0.00124	0.00622	0.00311	0.00249	0.00746
38	0.01132	0.01094	0.01924	0.69174	0.05353	0.01311	0.08766	0.01529	0.01187	0.01531	0.01049	0.01550	0.00789	0.00571	0.00592	0.00194	0.00794	0.00534	0.00263	0.00665
39	0.02225	0.01884	0.01576	0.01402	0.05020	0.34039	0.01052	0.12343	0.07335	0.25065	0.01520	0.01487	0.01082	0.00661	0.00558	0.00167	0.00760	0.00488	0.00490	0.00845
40	0.00854	0.00691	0.00780	0.00800	0.00985	0.00663	0.00627	0.01238	0.11634	0.01752	0.07480	0.11796	0.40748	0.01424	0.00703	0.00215	0.00372	0.16129	0.00550	0.00561
41	0.01373	0.01569	0.03431	0.02451	0.03039	0.01471	0.73824	0.01863	0.01373	0.01863	0.01176	0.01569	0.00882	0.00490	0.00686	0.00196	0.00980	0.00686	0.00294	0.00784
42	0.02339	0.02694	0.01374	0.01054	0.01476	0.00993	0.00865	0.06015	0.11330	0.58553	0.05381	0.02057	0.01622	0.00743	0.00585	0.00181	0.00490	0.00606	0.00683	0.00956
43	0.02121	0.01558	0.01676	0.01308	0.01755	0.01726	0.01073	0.62338	0.12306	0.05768	0.01553	0.01517	0.01108	0.00711	0.00583	0.00178	0.00611	0.00543	0.00587	0.00980
44	0.00709	0.00506	0.00675	0.00810	0.00843	0.00472	0.00540	0.00810	0.01113	0.01484	0.03205	0.79184	0.03846	0.01822	0.00742	0.00236	0.00337	0.01653	0.00540	0.00472
45	0.01166	0.03008	0.76550	0.01657	0.02517	0.01351	0.02149	0.01842	0.01228	0.01842	0.01044	0.01228	0.00737	0.00552	0.00552	0.00184	0.00859	0.00430	0.00246	0.00859
46	0.05580	0.04523	0.02067	0.05493	0.05242	0.01699	0.13385	0.45566	0.02138	0.02931	0.01248	0.01391	0.00921	0.00650	0.00645	0.00181	0.04450	0.00532	0.00466	0.00892
47	0.01327	0.01867	0.18840	0.02265	0.02898	0.01452	0.57216	0.01849	0.01332	0.01849	0.01140	0.01491	0.00849	0.00514	0.00683	0.00195	0.02526	0.00628	0.00283	0.00797
48	0.03186	0.01305	0.02201	0.18779	0.59557	0.01362	0.01724	0.01722	0.01284	0.01831	0.01075	0.01451	0.00885	0.00532	0.00572	0.00177	0.00703	0.00513	0.00283	0.00858
49	0.01417	0.01359	0.02319	0.08538	0.71144	0.01376	0.01773	0.01765	0.01313	0.01872	0.01090	0.01447	0.00911	0.00522	0.00576	0.00174	0.00696	0.00518	0.00286	0.00903
50	0.00709	0.00506	0.00675	0.00810	0.00843	0.00472	0.00540	0.00810	0.01113	0.01484	0.03205	0.79184	0.03846	0.01822	0.00742	0.00236	0.00337	0.01653	0.00540	0.00472
51	0.02172	0.02772	0.01648	0.01498	0.01798	0.77228	0.01124	0.02322	0.01648	0.01423	0.00899	0.01049	0.00749	0.00599	0.00524	0.00150	0.01049	0.00375	0.00300	0.00674
52	0.01010	0.00505	0.00758	0.00758	0.00758	0.00505	0.00505	0.00758	0.00758	0.01010	0.01010	0.01768	0.01010	0.02020	0.02273	0.83081	0.00505	0.00505	0.00253	0.00253
53	0.01084	0.00542	0.00542	0.00542	0.00678	0.00542	0.00407	0.01355	0.01220	0.02168	0.01897	0.02168	0.01491	0.00678	0.00407	0.00136	0.00271	0.00542	0.82791	0.00542
54	0.04626	0.01019	0.01665	0.70935	0.03740	0.01261	0.01538	0.01481	0.01164	0.01547	0.01128	0.01779	0.00900	0.00632	0.00583	0.00197	0.00749	0.04139	0.00277	0.00640
55	0.01166	0.03008	0.76550	0.01657	0.02517	0.01351	0.02149	0.01842	0.01228	0.01842	0.01044	0.01228	0.00737	0.00552	0.00552	0.00184	0.00859	0.00430	0.00246	0.00859
56	0.00813	0.00587	0.00769	0.00738	0.00867	0.00542	0.00548	0.01073	0.01600	0.02259	0.69424	0.10755	0.05346	0.01243	0.00691	0.00187	0.00280	0.01103	0.00632	0.00542
57	0.01187	0.01124	0.01904	0.58816	0.22663	0.01315	0.01659	0.01563	0.01205	0.01593	0.01049	0.01522	0.00813	0.00565	0.00580	0.00188	0.00753	0.00517	0.00266	0.00717
58	0.01396	0.01337	0.02282	0.13060	0.66784	0.01370	0.01763	0.01747	0.01304	0.01847	0.01086	0.01453	0.00903	0.00526	0.00576	0.00175	0.00702	0.00518	0.00284	0.00886
59	0.00746	0.00533	0.00718	0.00853	0.00903	0.00505	0.00606	0.00875	0.01151	0.01527	0.03184	0.67158	0.03763	0.01786	0.00752	0.00241	0.00370	0.13305	0.00539	0.00483
60	0.00829	0.00598	0.00785	0.00748	0.00885	0.00555	0.00567	0.01103	0.01631	0.02303	0.72132	0.04451	0.05384	0.01209	0.00692	0.00187	0.00287	0.04472	0.00635	0.00548
61	0.02159	0.01034	0.01324	0.00996	0.01467	0.00876	0.00816	0.05844	0.01575	0.49979	0.01864	0.01714	0.01240	0.00630	0.00537	0.00151	0.00482	0.00508	0.00598	0.26205
62	0.00709	0.00506	0.00675	0.00810	0.00843	0.00472	0.00540	0.00810	0.01113	0.01484	0.03205	0.79184	0.03846	0.01822	0.00742	0.00236	0.00337	0.01653	0.00540	0.00472
63	0.01352	0.01292	0.02202	0.22684	0.57504	0.01359	0.01741	0.01708	0.01283	0.01794	0.01078	0.01468	0.00884	0.00534	0.00577	0.00178	0.00712	0.00518	0.00280	0.00851
64	0.01446	0.01249	0.01315	0.01183	0.01512	0.01446	0.00920	0.03090	0.74885	0.02433	0.02367	0.02170	0.01775	0.00789	0.00592	0.00197	0.00460	0.00657	0.00592	0.00920
65	0.02172	0.02772	0.01648	0.01498	0.01798	0.77228	0.01124	0.02322	0.01648	0.01423	0.00899	0.01049	0.00749	0.00599	0.00524	0.00150	0.01049	0.00375	0.00300	0.00674
66	0.82902	0.01167	0.00901	0.00809	0.01172	0.01336	0.00658	0.01750	0.01031	0.02658	0.00875	0.01035	0.00692	0.00582	0.00389	0.00191	0.00472	0.00337	0.00381	0.00663
67	0.01614	0.79161	0.03071	0.01037	0.01536	0.02323	0.01019	0.01782	0.01221	0.01429	0.00874	0.01023	0.00807	0.00540	0.00402	0.00136	0.00642	0.00333	0.00271	0.00778
68	0.82902	0.01167	0.00901	0.00809	0.01172	0.01336	0.00658	0.01750	0.01031	0.02658	0.00875	0.01035	0.00692	0.00582	0.00389	0.00191	0.00472	0.00337	0.00381	0.00663
69	0.02225	0.02798	0.01686	0.01535	0.01838	0.76495	0.01147	0.02357	0.01683	0.01484	0.00963	0.01138	0.00810	0.00641	0.00551	0.00162	0.01065	0.00396	0.00321	0.00706
70	0.01148	0.00591	0.00591	0.00589	0.00729	0.00581	0.00437	0.01399	0.01258	0.02221	0.01952	0.02246	0.01544	0.00718	0.00435	0.00147	0.00295	0.00562	0.81981	0.00576
71	0.00776	0.00555	0.00723	0.00854	0.00893	0.00513	0.00569	0.00859	0.01153	0.01544	0.03246	0.78485	0.03876	0.01851	0.00767	0.00247	0.00360	0.01662	0.00559	0.00507
72	0.00944	0.00675	0.00915	0.01045	0.01159	0.00657	0.00860	0.01149	0.01319	0.01732	0.03154	0.25203	0.03510	0.01693	0.00812	0.00270	0.00506	0.53289	0.00556	0.00553
73	0.01334	0.01314	0.01818	0.01563	0.01570	0.01808	0.01294	0.01443	0.00933	0.01460	0.00829	0.01359	0.00824	0.01055	0.01922	0.00265	0.77734	0.00529	0.00277	0.00669
74	0.02658	0.01034	0.01391	0.01076	0.01528	0.00891	0.00880	0.02863	0.01699	0.75643	0.02345	0.02059	0.01494	0.00760	0.00611	0.00191	0.00516	0.00604	0.00737	0.01019
75	0.02250	0.01066	0.01340	0.01089	0.01489	0.01009	0.00873	0.02795	0.19041	0.52656	0.07794	0.02279	0.01873	0.00811	0.00620	0.00196	0.00492	0.00656	0.00701	0.00970
76	0.02153	0.01560	0.01664	0.01299	0.01733	0.01706	0.01060	0.66186	0.02609	0.03556	0.01505	0.01558	0.01097	0.00737	0.00591	0.00182	0.00624	0.00545	0.08661	0.00974
77	0.01434	0.01607	0.03452	0.02478	0.03067	0.01501	0.73113	0.01902	0.01410	0.01919	0.01238	0.01653	0.00942	0.00533	0.00712	0.00207	0.00997	0.00704	0.00316	0.00815
78	0.00897	0.00671	0.00980	0.00977	0.01086	0.00765	0.00754	0.01086	0.00976	0.01411	0.01616	0.02361	0.01508	0.04365	0.76512	0.00938	0.01568	0.00642	0.00333	0.00553
79	0.00975	0.00697	0.00951	0.01081	0.01208	0.00684	0.00914	0.01203	0.01349	0.01767	0.03137	0.15306	0.03441	0.01664	0.00820	0.00275	0.00533	0.62878	0.00555	0.00562
80	0.01011	0.00554	0.00787	0.00813	0.00827	0.00538	0.00542	0.00819	0.00876	0.01175	0.01537	0.18199	0.01667	0.02006	0.01959	0.64761	0.00491	0.00768	0.00335	0.00335
81	0.82902	0.01167	0.00901	0.00809	0.01172	0.01336	0.00658	0.01750	0.01031	0.02658	0.00875	0.01035	0.00692	0.00582	0.00389	0.00191	0.00472	0.00337	0.00381	0.00663
82	0.00871	0.00642	0.00798	0.00757	0.00907	0.00580	0.00563	0.01108	0.01636	0.02277	0.65242	0.04574	0.15264	0.01264	0.00712	0.00196	0.00301	0.01091	0.00645	0.00574
83	0.01416	0.01657	0.07069	0.02369	0.02969	0.01465	0.66313	0.01884	0.01395	0.01919	0.01225	0.01620	0.00934	0.00534	0.00694	0.00202	0.00967	0.00677	0.00316	0.04377
84	0.01614	0.79161	0.03071	0.01037	0.01536	0.02323	0.01019	0.01782	0.01221	0.01429	0.00874	0.01023	0.00807	0.00540	0.00402	0.00136	0.00642	0.00333	0.00271	0.00778
85	0.01481	0.01218	0.01304	0.01174	0.01491	0.01369	0.00907	0.02912	0.64648	0.04778	0.09666	0.02457	0.02183	0.00866	0.00627	0.00207	0.00465	0.00713	0.00619	0.00916
86	0.01614	0.79161	0.03071	0.01037	0.01536	0.02323	0.01019	0.01782	0.01221	0.01429	0.00874	0.01023	0.00807	0.00540	0.00402	0.00136	0.00642	0.00333	0.00271	0.00778
87	0.00776	0.00555	0.00723	0.00854	0.00893	0.00513	0.00569	0.00859	0.01153	0.01544	0.03246	0.78485	0.03876	0.01851	0.00767	0.00247	0.00360	0.01662	0.00559	0.00507
88	0.00890	0.00643	0.00824	0.00776	0.00918	0.00588	0.00577	0.01144	0.01681	0.02383	0.74940	0.04400	0.05500	0.01225	0.00711	0.00194	0.00298	0.01066	0.00659	0.00582
89	0.00776	0.00555	0.00723	0.00854	0.00893	0.00513	0.00569	0.00859	0.01153	0.01544	0.03246	0.78485	0.03876	0.01851	0.00767	0.00247	0.00360	0.01662	0.00559	0.00507
90	0.01162	0.01077	0.01781	0.77429	0.04023	0.01324	0.01633	0.01529	0.01202	0.01546	0.01097	0.01635	0.00836	0.00623	0.00608	0.00205	0.00794	0.00537	0.00281	0.00679
91	0.01500	0.01422	0.02391	0.03585	0.75228	0.01413	0.01801	0.01825	0.01362	0.01955	0.01156	0.01525	0.00980	0.00561	0.00602	0.00184	0.00710	0.00538	0.00310	0.00951
92	0.02396	0.01044	0.01351	0.01080	0.01495	0.00951	0.00871	0.02791	0.11496	0.61428	0.05150	0.03734	0.01740	0.00810	0.00619	0.00195	0.00500	0.00653	0.00714	0.00982
93	0.00776	0.00555	0.00723	0.00854	0.00893	0.00513	0.00569	0.00859	0.01153	0.01544	0.03246	0.78485	0.03876	0.01851	0.00767	0.00247	0.00360	0.01662	0.00559	0.00507
94	0.01066	0.00779	0.00968	0.00902	0.00937	0.00882	0.00627	0.01111	0.00946	0.03656	0.01656	0.03080	0.01774	0.50201	0.08748	0.00507	0.17112	0.00752	0.03807	0.00490
95	0.18780	0.01491	0.01585	0.04717	0.01777	0.01661	0.01051	0.48571	0.02194	0.06594	0.01330	0.01417	0.00974	0.00718	0.00627	0.00192	0.04374	0.00503	0.00531	0.00912
96	0.01609	0.01100	0.01250	0.01098	0.01414	0.01168	0.00854	0.02644	0.43977	0.17337	0.17874	0.02668	0.02542	0.00899	0.00637	0.00202	0.00450	0.00745	0.00647	0.00886
97	0.00776	0.00555	0.00723	0.00854	0.00893	0.00513	0.00569	0.00859	0.01153	0.01544	0.03246	0.78485	0.03876	0.01851	0.00767	0.00247	0.00360	0.01662	0.00559	0.00507
98	0.01482	0.01404	0.02360	0.07374	0.71575	0.01408	0.01792	0.01809	0.01354	0.01934	0.01153	0.01530	0.00973	0.00564	0.00603	0.00185	0.00715	0.00538	0.00308	0.00937
99	0.01246	0.06335	0.72676	0.01664	0.02506	0.01423	0.02112	0.01877	0.01265	0.01878	0.01097	0.01302	0.00798	0.00592	0.00572	0.00193	0.00867	0.00445	0.00268	0.00885
100	0.01438	0.01226	0.01294	0.01172	0.01487	0.01385	0.00903	0.02906	0.66915	0.02434	0.06127	0.02526	0.05759	0.00883	0.00628	0.00208	0.00465	0.00724	0.00610	0.00911
101	0.01614	0.79161	0.03071	0.01037	0.01536	0.02323	0.01019	0.01782	0.01221	0.01429	0.00874	0.01023	0.00807	0.00540	0.00402	0.00136	0.00642	0.00333	0.00271	0.00778
102	0.01478	0.01265	0.01329	0.01201	0.01528	0.01440	0.00927	0.03031	0.71369	0.02450	0.02551	0.02379	0.04652	0.00855	0.00622	0.00209	0.00476	0.00698	0.00609	0.00934
103	0.11384	0.01109	0.01676	0.59314	0.03425	0.01318	0.03165	0.01696	0.04569	0.04943	0.01188	0.01607	0.00895	0.00631	0.00584	0.00203	0.00732	0.00525	0.00329	0.00707

[dist]
# distance from previous block
# <min> <max>
0	1

[block]
# block no. 2 follows, 40 sequences, length 43
# corresponding to MSA columns:
# 189-231
name=unknown_C
#
# <colnr> <probs for GDERKNQSTAVLIFYWHMCP>
#	G	D	E	R	K	N	Q	S	T	A	V	L	I	F	Y	W	H	M	C	P
0	0.00882	0.00592	0.00667	0.00672	0.00677	0.00585	0.00381	0.00876	0.00885	0.01184	0.01930	0.07246	0.02223	0.75571	0.02861	0.00554	0.00567	0.00893	0.00374	0.00381
1	0.01391	0.01321	0.02251	0.10321	0.60108	0.01332	0.04941	0.01716	0.01320	0.01866	0.01282	0.07045	0.01152	0.00643	0.00610	0.00188	0.00699	0.00619	0.00317	0.00876
2	0.01207	0.00707	0.00837	0.00789	0.00894	0.00689	0.00517	0.01361	0.06310	0.13725	0.02138	0.11995	0.02206	0.51611	0.02149	0.00442	0.00533	0.00892	0.00465	0.00535
3	0.01139	0.01062	0.01768	0.77693	0.04017	0.01312	0.01627	0.01513	0.01188	0.01524	0.01074	0.01604	0.00814	0.00608	0.00598	0.00201	0.00787	0.00530	0.00273	0.00667
4	0.01013	0.00550	0.00759	0.00757	0.00761	0.00545	0.00488	0.00811	0.00806	0.01079	0.01245	0.02302	0.01309	0.20367	0.02441	0.63047	0.00533	0.00598	0.00290	0.00300
5	0.01412	0.01593	0.03444	0.02469	0.03057	0.01490	0.73368	0.01888	0.01397	0.01899	0.01216	0.01623	0.00921	0.00518	0.00703	0.00203	0.00991	0.00698	0.00308	0.00804
6	0.01206	0.00797	0.01013	0.09714	0.01416	0.02968	0.00777	0.01459	0.06503	0.13953	0.02707	0.49390	0.02881	0.01408	0.00697	0.00224	0.00458	0.01245	0.00547	0.00637
7	0.01294	0.02902	0.71564	0.01643	0.02476	0.01341	0.02079	0.01927	0.01279	0.06361	0.01159	0.01329	0.00818	0.00590	0.00572	0.00191	0.00849	0.00452	0.00288	0.00887
8	0.01882	0.01327	0.01470	0.01210	0.01567	0.01425	0.00961	0.48178	0.05569	0.08079	0.01967	0.19913	0.01768	0.00995	0.00637	0.00198	0.00563	0.00814	0.00594	0.00882
9	0.00757	0.00551	0.00703	0.00812	0.00871	0.00505	0.00549	0.00861	0.01192	0.01582	0.07852	0.67056	0.10970	0.01769	0.00749	0.00236	0.00344	0.01581	0.00558	0.00501
10	0.01428	0.01397	0.02413	0.07893	0.52380	0.01456	0.11208	0.01755	0.01292	0.01844	0.01101	0.01498	0.00926	0.00606	0.00768	0.00194	0.10122	0.00552	0.00297	0.00871
11	0.02244	0.01653	0.01769	0.01363	0.01829	0.01821	0.01120	0.73554	0.02749	0.03689	0.01434	0.01451	0.01027	0.00724	0.00599	0.00182	0.00653	0.00536	0.00594	0.01008
12	0.01412	0.01593	0.03444	0.02469	0.03057	0.01490	0.73368	0.01888	0.01397	0.01899	0.01216	0.01623	0.00921	0.00518	0.00703	0.00203	0.00991	0.00698	0.00308	0.00804
13	0.01207	0.03023	0.76090	0.01680	0.02538	0.01371	0.02157	0.01867	0.01253	0.01878	0.01084	0.01284	0.00776	0.00580	0.00570	0.00192	0.00871	0.00443	0.00260	0.00879
14	0.00888	0.00595	0.00665	0.00664	0.00668	0.00589	0.00372	0.00877	0.00873	0.01168	0.01868	0.03845	0.02145	0.79079	0.02961	0.00569	0.00577	0.00856	0.00366	0.00375
15	0.01013	0.00780	0.00935	0.00867	0.01053	0.00786	0.00655	0.01598	0.18980	0.02389	0.57869	0.03866	0.04618	0.01117	0.00680	0.00194	0.00333	0.00968	0.00641	0.00658
16	0.01335	0.02493	0.50401	0.01894	0.02650	0.01385	0.23933	0.01918	0.01317	0.05266	0.01181	0.01422	0.00852	0.00568	0.00612	0.00195	0.00891	0.00528	0.00296	0.00862
17	0.01485	0.01276	0.01342	0.01209	0.01540	0.01466	0.00937	0.03107	0.74433	0.02465	0.02399	0.02220	0.01808	0.00815	0.00609	0.00205	0.00474	0.00669	0.00604	0.00940
18	0.83177	0.01152	0.00884	0.00793	0.01155	0.01325	0.00648	0.01735	0.01016	0.02640	0.00852	0.01003	0.00670	0.00567	0.00378	0.00187	0.00464	0.00329	0.00373	0.00651
19	0.00752	0.00538	0.00706	0.00838	0.00876	0.00498	0.00558	0.00842	0.01139	0.01523	0.03232	0.78735	0.03865	0.01841	0.00758	0.00243	0.00352	0.01659	0.00552	0.00494
20	0.01143	0.00801	0.01093	0.28686	0.01971	0.00923	0.00922	0.01434	0.01202	0.01903	0.01543	0.01934	0.01217	0.00692	0.00590	0.00172	0.05809	0.00543	0.46816	0.00608
21	0.00874	0.00650	0.00943	0.00941	0.01042	0.00740	0.00719	0.01056	0.00955	0.01374	0.01614	0.02438	0.01533	0.09497	0.71707	0.00912	0.01497	0.00650	0.00328	0.00530
22	0.01659	0.56222	0.02600	0.01108	0.01564	0.06647	0.01014	0.07169	0.13520	0.01750	0.01155	0.01235	0.00973	0.00594	0.00452	0.00149	0.00635	0.00401	0.00347	0.00808
23	0.01485	0.01276	0.01342	0.01209	0.01540	0.01466	0.00937	0.03107	0.74433	0.02465	0.02399	0.02220	0.01808	0.00815	0.00609	0.00205	0.00474	0.00669	0.00604	0.00940
24	0.01110	0.00993	0.01577	0.59457	0.03344	0.01190	0.01437	0.01512	0.04839	0.01600	0.01532	0.07742	0.01380	0.00826	0.00636	0.00213	0.00713	0.08904	0.00341	0.00655
25	0.02172	0.02772	0.01648	0.01498	0.01798	0.77228	0.01124	0.02322	0.01648	0.01423	0.00899	0.01049	0.00749	0.00599	0.00524	0.00150	0.01049	0.00375	0.00300	0.00674
26	0.01010	0.00505	0.00758	0.00758	0.00758	0.00505	0.00505	0.00758	0.00758	0.01010	0.01010	0.01768	0.01010	0.02020	0.02273	0.83081	0.00505	0.00505	0.00253	0.00253
27	0.01612	0.11092	0.27957	0.01438	0.01961	0.27772	0.01429	0.02238	0.15569	0.01758	0.01223	0.01315	0.00942	0.00608	0.00530	0.00168	0.00822	0.00441	0.00331	0.00794
28	0.01420	0.53220	0.28559	0.01225	0.01848	0.01971	0.01395	0.01776	0.01198	0.01532	0.00890	0.01035	0.00743	0.00517	0.00435	0.00145	0.00704	0.00352	0.00248	0.00786
29	0.01166	0.03008	0.76550	0.01657	0.02517	0.01351	0.02149	0.01842	0.01228	0.01842	0.01044	0.01228	0.00737	0.00552	0.00552	0.00184	0.00859	0.00430	0.00246	0.00859
30	0.01010	0.00505	0.00758	0.00758	0.00758	0.00505	0.00505	0.00758	0.00758	0.01010	0.01010	0.01768	0.01010	0.02020	0.02273	0.83081	0.00505	0.00505	0.00253	0.00253
31	0.01367	0.47332	0.28628	0.01208	0.01807	0.01843	0.01367	0.01731	0.01231	0.01603	0.06218	0.01279	0.01080	0.00566	0.00458	0.00149	0.00680	0.00405	0.00275	0.00772
32	0.01804	0.03578	0.01830	0.02018	0.23705	0.32049	0.01273	0.12045	0.06894	0.01941	0.01174	0.01375	0.00955	0.00857	0.05787	0.00216	0.00869	0.00474	0.00356	0.00800
33	0.00703	0.00526	0.00655	0.00758	0.00830	0.00477	0.00517	0.00816	0.01163	0.01505	0.03840	0.61790	0.20830	0.01739	0.00729	0.00227	0.00327	0.01553	0.00540	0.00477
34	0.00771	0.00592	0.00705	0.00677	0.00837	0.00526	0.00508	0.00996	0.01523	0.02039	0.48827	0.04825	0.32471	0.01298	0.00686	0.00188	0.00282	0.01119	0.00602	0.00526
35	0.01435	0.07236	0.11879	0.05997	0.54698	0.05178	0.01736	0.01804	0.01311	0.01815	0.01055	0.01361	0.00871	0.00528	0.00556	0.00170	0.00729	0.00485	0.00279	0.00878
36	0.00937	0.00669	0.00937	0.01071	0.01205	0.00669	0.00937	0.01205	0.01339	0.01740	0.03079	0.06560	0.03347	0.01606	0.00803	0.00268	0.00535	0.72021	0.00535	0.00535
37	0.02512	0.01036	0.01365	0.01059	0.01501	0.00938	0.00871	0.06082	0.06711	0.67994	0.02258	0.01966	0.01442	0.00723	0.00585	0.00181	0.00499	0.00587	0.00705	0.00985
38	0.02221	0.01611	0.01734	0.01330	0.01795	0.01777	0.01098	0.72054	0.02705	0.05649	0.01421	0.01412	0.01001	0.00699	0.00582	0.00175	0.00636	0.00525	0.00586	0.00989
39	0.01514	0.01095	0.01254	0.01015	0.01427	0.01053	0.00804	0.02335	0.31459	0.14194	0.05149	0.01867	0.01538	0.00658	0.00533	0.00151	0.00446	0.00543	0.00520	0.32442
40	0.01404	0.46340	0.12093	0.01045	0.01508	0.01724	0.01050	0.01761	0.05733	0.05008	0.15363	0.01747	0.01748	0.00665	0.00479	0.00150	0.00571	0.00502	0.00365	0.00744
41	0.01583	0.01291	0.01371	0.01179	0.01529	0.01460	0.00932	0.21007	0.50358	0.02704	0.05075	0.02210	0.05051	0.00812	0.00597	0.00191	0.00492	0.00664	0.00589	0.00904
42	0.01690	0.01268	0.01429	0.01061	0.01554	0.01189	0.00865	0.30416	0.01842	0.07079	0.01254	0.01328	0.00947	0.00554	0.00500	0.00127	0.00518	0.00430	0.00462	0.45487

[dist]
# distance from previous block
# <min> <max>
0	2

[block]
# block no. 3 follows, 40 sequences, length 28
# corresponding to MSA columns:
# 234-261
name=unknown_D
#
# <colnr> <probs for GDERKNQSTAVLIFYWHMCP>
#	G	D	E	R	K	N	Q	S	T	A	V	L	I	F	Y	W	H	M	C	P
0	0.01279	0.01143	0.01845	0.53235	0.03347	0.01332	0.09206	0.12209	0.01418	0.01874	0.01205	0.04020	0.00944	0.00632	0.00591	0.00190	0.00744	0.00573	0.03510	0.00702
1	0.23860	0.01672	0.01374	0.01164	0.01506	0.21217	0.00927	0.25544	0.01772	0.02544	0.04111	0.01414	0.02600	0.00679	0.00565	0.00172	0.04051	0.00464	0.03615	0.00750
2	0.72959	0.01111	0.00955	0.07843	0.01402	0.01286	0.00729	0.01733	0.01032	0.05391	0.00888	0.01040	0.00675	0.00551	0.00389	0.00181	0.00481	0.00344	0.00365	0.00645
3	0.00717	0.00510	0.00672	0.00798	0.00830	0.00478	0.00528	0.00812	0.01096	0.01461	0.03115	0.74256	0.03733	0.06904	0.00887	0.00258	0.00352	0.01600	0.00528	0.00464
4	0.01354	0.01510	0.03186	0.02276	0.02856	0.01394	0.65756	0.01819	0.01354	0.01866	0.01161	0.01529	0.00880	0.00484	0.00658	0.00184	0.00920	0.00649	0.00300	0.09867
5	0.00833	0.00614	0.00890	0.00890	0.00979	0.00703	0.00672	0.01010	0.00921	0.01317	0.01598	0.02509	0.01551	0.15468	0.66285	0.00880	0.01411	0.00656	0.00318	0.00495
6	0.01950	0.13826	0.01923	0.01433	0.01747	0.46909	0.02820	0.09443	0.01586	0.01652	0.00925	0.01108	0.00778	0.00646	0.00691	0.00163	0.10963	0.00405	0.00315	0.00715
7	0.02238	0.01585	0.01718	0.01317	0.01782	0.01739	0.01088	0.69155	0.02661	0.08610	0.01457	0.01436	0.01020	0.00700	0.00582	0.00175	0.00630	0.00528	0.00591	0.00989
8	0.00709	0.00506	0.00675	0.00810	0.00843	0.00472	0.00540	0.00810	0.01113	0.01484	0.03205	0.79184	0.03846	0.01822	0.00742	0.00236	0.00337	0.01653	0.00540	0.00472
9	0.01166	0.03008	0.76550	0.01657	0.02517	0.01351	0.02149	0.01842	0.01228	0.01842	0.01044	0.01228	0.00737	0.00552	0.00552	0.00184	0.00859	0.00430	0.00246	0.00859
10	0.01224	0.14367	0.65694	0.01560	0.02366	0.01491	0.01978	0.01827	0.01221	0.01772	0.01009	0.01184	0.00738	0.00544	0.00526	0.00175	0.00824	0.00412	0.00246	0.00843
11	0.00693	0.00589	0.00597	0.00595	0.00789	0.00493	0.00446	0.00846	0.01339	0.01603	0.08839	0.05544	0.72732	0.01461	0.00687	0.00196	0.00294	0.01220	0.00544	0.00493
12	0.01272	0.01272	0.01781	0.01527	0.01527	0.01781	0.01272	0.01399	0.00891	0.01399	0.00763	0.01272	0.00763	0.01018	0.01908	0.00254	0.78499	0.00509	0.00254	0.00636
13	0.00687	0.00589	0.00589	0.00589	0.00785	0.00491	0.00442	0.00835	0.01325	0.01571	0.05891	0.05596	0.75700	0.01473	0.00687	0.00196	0.00295	0.01227	0.00540	0.00491
14	0.00841	0.00562	0.00636	0.00640	0.00642	0.00561	0.00359	0.00844	0.00855	0.01140	0.01880	0.06433	0.02175	0.76853	0.02883	0.00552	0.00556	0.00874	0.00359	0.00357
15	0.00804	0.00594	0.00751	0.00712	0.00857	0.00541	0.00534	0.01061	0.01601	0.02225	0.65845	0.04520	0.15337	0.01229	0.00686	0.00185	0.00277	0.01076	0.00626	0.00541
16	0.00709	0.00506	0.00675	0.00810	0.00843	0.00472	0.00540	0.00810	0.01113	0.01484	0.03205	0.79184	0.03846	0.01822	0.00742	0.00236	0.00337	0.01653	0.00540	0.00472
17	0.01517	0.00817	0.00901	0.00775	0.01020	0.00827	0.00612	0.15230	0.01591	0.13751	0.05074	0.02089	0.01562	0.00710	0.00479	0.00152	0.00375	0.00567	0.51256	0.00695
18	0.02172	0.02772	0.01648	0.01498	0.01798	0.77228	0.01124	0.02322	0.01648	0.01423	0.00899	0.01049	0.00749	0.00599	0.00524	0.00150	0.01049	0.00375	0.00300	0.00674
19	0.00687	0.00589	0.00589	0.00589	0.00785	0.00491	0.00442	0.00835	0.01325	0.01571	0.05891	0.05596	0.75700	0.01473	0.00687	0.00196	0.00295	0.01227	0.00540	0.00491
20	0.00709	0.00506	0.00675	0.00810	0.00843	0.00472	0.00540	0.00810	0.01113	0.01484	0.03205	0.79184	0.03846	0.01822	0.00742	0.00236	0.00337	0.01653	0.00540	0.00472
21	0.01098	0.01034	0.01744	0.78165	0.04005	0.01292	0.01615	0.01486	0.01163	0.01486	0.01034	0.01550	0.00775	0.00581	0.00581	0.00194	0.00775	0.00517	0.00258	0.00646
22	0.01098	0.01034	0.01744	0.78165	0.04005	0.01292	0.01615	0.01486	0.01163	0.01486	0.01034	0.01550	0.00775	0.00581	0.00581	0.00194	0.00775	0.00517	0.00258	0.00646
23	0.01217	0.01043	0.01211	0.00876	0.01384	0.00805	0.00699	0.01538	0.04529	0.01919	0.01094	0.01249	0.00903	0.00447	0.00438	0.00091	0.00432	0.00359	0.00356	0.79410
24	0.00698	0.00590	0.00604	0.00600	0.00792	0.00495	0.00450	0.00855	0.01350	0.01630	0.11326	0.05499	0.70228	0.01451	0.00687	0.00195	0.00293	0.01214	0.00548	0.00495
25	0.00705	0.00590	0.00613	0.00607	0.00796	0.00498	0.00455	0.00868	0.01366	0.01667	0.14737	0.05438	0.66793	0.01437	0.00687	0.00195	0.00292	0.01205	0.00553	0.00498
26	0.00813	0.00594	0.00764	0.00721	0.00863	0.00545	0.00541	0.01079	0.01623	0.02278	0.70684	0.04433	0.10465	0.01209	0.00686	0.00184	0.00276	0.01064	0.00633	0.00545
27	0.00695	0.00584	0.00603	0.00610	0.00793	0.00492	0.00453	0.00844	0.01325	0.01598	0.08745	0.10549	0.67753	0.01484	0.00691	0.00198	0.00297	0.01249	0.00544	0.00492

[dist]
# distance from previous block
# <min> <max>
1	3

[block]
# block no. 4 follows, 40 sequences, length 102
# corresponding to MSA columns:
# 266-367
name=unknown_E
#
# <colnr> <probs for GDERKNQSTAVLIFYWHMCP>
#	G	D	E	R	K	N	Q	S	T	A	V	L	I	F	Y	W	H	M	C	P
0	0.01555	0.79913	0.03047	0.00995	0.01493	0.02301	0.00995	0.01741	0.01182	0.01368	0.00808	0.00933	0.00746	0.00498	0.00373	0.00124	0.00622	0.00311	0.00249	0.00746
1	0.01469	0.01503	0.02542	0.03212	0.56278	0.05908	0.16818	0.01833	0.01353	0.01864	0.01100	0.01443	0.00903	0.00517	0.00596	0.00176	0.00773	0.00545	0.00290	0.00878
2	0.00908	0.00650	0.00896	0.00984	0.01119	0.00638	0.00837	0.01177	0.01418	0.01892	0.21689	0.05991	0.03896	0.01499	0.00773	0.00246	0.00468	0.53816	0.00562	0.00539
3	0.00731	0.00523	0.00695	0.00795	0.00848	0.00487	0.00542	0.00865	0.01216	0.01648	0.17175	0.64748	0.04163	0.01700	0.00731	0.00226	0.00325	0.01537	0.00559	0.00487
4	0.01098	0.01034	0.01744	0.78165	0.04005	0.01292	0.01615	0.01486	0.01163	0.01486	0.01034	0.01550	0.00775	0.00581	0.00581	0.00194	0.00775	0.00517	0.00258	0.00646
5	0.02211	0.01629	0.01745	0.01338	0.01803	0.01803	0.01105	0.73997	0.02734	0.03665	0.01396	0.01396	0.00989	0.00698	0.00582	0.00175	0.00640	0.00524	0.00582	0.00989
6	0.00756	0.00540	0.00730	0.00864	0.00919	0.00514	0.00623	0.00892	0.01161	0.01538	0.03179	0.63989	0.03742	0.01777	0.00755	0.00243	0.00379	0.16376	0.00539	0.00486
7	0.01244	0.04678	0.55514	0.02078	0.17875	0.01389	0.05498	0.01828	0.01254	0.01842	0.01054	0.01280	0.00783	0.00541	0.00559	0.00181	0.00824	0.00457	0.00257	0.00866
8	0.02211	0.01629	0.01745	0.01338	0.01803	0.01803	0.01105	0.73997	0.02734	0.03665	0.01396	0.01396	0.00989	0.00698	0.00582	0.00175	0.00640	0.00524	0.00582	0.00989
9	0.83671	0.01125	0.00855	0.00765	0.01125	0.01305	0.00630	0.01709	0.00990	0.02609	0.00810	0.00945	0.00630	0.00540	0.00360	0.00180	0.00450	0.00315	0.00360	0.00630
10	0.02177	0.01612	0.01726	0.01331	0.01790	0.01788	0.01097	0.70844	0.05942	0.03610	0.01439	0.01431	0.01024	0.00702	0.00582	0.00176	0.00632	0.00530	0.00582	0.00986
11	0.02187	0.02330	0.01686	0.01436	0.01800	0.48092	0.01117	0.30010	0.02068	0.02289	0.01091	0.01183	0.00842	0.00637	0.00547	0.00159	0.00891	0.00432	0.00409	0.00796
12	0.00826	0.00567	0.00629	0.00629	0.00653	0.00555	0.00364	0.00844	0.00906	0.01183	0.02339	0.04029	0.11302	0.69813	0.02676	0.00518	0.00530	0.00893	0.00376	0.00370
13	0.02498	0.01168	0.01460	0.01119	0.01574	0.01120	0.00925	0.22729	0.01963	0.56021	0.02043	0.01816	0.01314	0.00714	0.00584	0.00178	0.00535	0.00568	0.00681	0.00989
14	0.01206	0.01034	0.01206	0.00861	0.01378	0.00775	0.00689	0.01464	0.01206	0.01895	0.01034	0.01206	0.00861	0.00431	0.00431	0.00086	0.00431	0.00345	0.00345	0.83118
15	0.00715	0.00511	0.00680	0.00805	0.00845	0.00477	0.00540	0.00826	0.01143	0.01531	0.07189	0.75067	0.03936	0.01787	0.00739	0.00233	0.00334	0.01620	0.00545	0.00477
16	0.01696	0.01877	0.02083	0.05041	0.46790	0.29000	0.01539	0.01971	0.01437	0.01714	0.01021	0.01300	0.00854	0.00550	0.00557	0.00165	0.00824	0.00466	0.00291	0.00823
17	0.00812	0.00591	0.00763	0.00725	0.00863	0.00543	0.00542	0.01073	0.01611	0.02261	0.69323	0.06652	0.09611	0.01225	0.00688	0.00185	0.00277	0.01080	0.00631	0.00543
18	0.83671	0.01125	0.00855	0.00765	0.01125	0.01305	0.00630	0.01709	0.00990	0.02609	0.00810	0.00945	0.00630	0.00540	0.00360	0.00180	0.00450	0.00315	0.00360	0.00630
19	0.83671	0.01125	0.00855	0.00765	0.01125	0.01305	0.00630	0.01709	0.00990	0.02609	0.00810	0.00945	0.00630	0.00540	0.00360	0.00180	0.00450	0.00315	0.00360	0.00630
20	0.00700	0.00590	0.00607	0.00603	0.00794	0.00497	0.00452	0.00860	0.01356	0.01645	0.12636	0.05475	0.68908	0.01445	0.00687	0.00195	0.00293	0.01210	0.00550	0.00497
21	0.00831	0.00623	0.00935	0.00935	0.01038	0.00727	0.00727	0.01038	0.00935	0.01350	0.01558	0.02285	0.01454	0.04361	0.77259	0.00935	0.01558	0.00623	0.00312	0.00519
22	0.00709	0.00506	0.00675	0.00810	0.00843	0.00472	0.00540	0.00810	0.01113	0.01484	0.03205	0.79184	0.03846	0.01822	0.00742	0.00236	0.00337	0.01653	0.00540	0.00472
23	0.01206	0.01034	0.01206	0.00861	0.01378	0.00775	0.00689	0.01464	0.01206	0.01895	0.01034	0.01206	0.00861	0.00431	0.00431	0.00086	0.00431	0.00345	0.00345	0.83118
24	0.00709	0.00506	0.00675	0.00810	0.00843	0.00472	0.00540	0.00810	0.01113	0.01484	0.03205	0.79184	0.03846	0.01822	0.00742	0.00236	0.00337	0.01653	0.00540	0.00472
25	0.01251	0.01251	0.01810	0.01538	0.01569	0.01704	0.04824	0.01394	0.00925	0.01426	0.00899	0.04972	0.00915	0.01030	0.01793	0.00251	0.70971	0.00572	0.00270	0.00636
26	0.01010	0.00505	0.00758	0.00758	0.00758	0.00505	0.00505	0.00758	0.00758	0.01010	0.01010	0.01768	0.01010	0.02020	0.02273	0.83081	0.00505	0.00505	0.00253	0.00253
27	0.01222	0.01084	0.01415	0.01011	0.01534	0.00840	0.07556	0.01502	0.01222	0.01892	0.01047	0.01240	0.00863	0.00436	0.00455	0.00096	0.00482	0.00377	0.00340	0.75388
28	0.06010	0.01020	0.01286	0.00982	0.01440	0.00883	0.00803	0.02425	0.05040	0.49288	0.01889	0.01732	0.01262	0.00637	0.00533	0.00156	0.00474	0.00511	0.00596	0.23033
29	0.04240	0.01624	0.09898	0.02098	0.04134	0.01454	0.48615	0.02057	0.14146	0.01977	0.01348	0.01610	0.01013	0.00562	0.00670	0.00195	0.02569	0.00636	0.00343	0.00809
30	0.01186	0.06809	0.72917	0.01625	0.02466	0.01398	0.02092	0.01837	0.01225	0.01818	0.01032	0.01213	0.00737	0.00550	0.00544	0.00181	0.00848	0.00424	0.00246	0.00854
31	0.01084	0.00542	0.00542	0.00542	0.00678	0.00542	0.00407	0.01355	0.01220	0.02168	0.01897	0.02168	0.01491	0.00678	0.00407	0.00136	0.00271	0.00542	0.82791	0.00542
32	0.00838	0.00621	0.00924	0.00924	0.01029	0.00722	0.00718	0.01047	0.00942	0.01372	0.01567	0.02281	0.01455	0.04262	0.75180	0.00913	0.01523	0.00621	0.02542	0.00520
