[name]
unknown

[dist]
# distance from previous block
# <min> <max>
19	61

[block]
# block no. 0 follows, 40 sequences, length 34
# corresponding to MSA columns:
# 65-98
name=unknown_A
#
# <colnr> <probs for GDERKNQSTAVLIFYWHMCP>
#	G	D	E	R	K	N	Q	S	T	A	V	L	I	F	Y	W	H	M	C	P
0	0.00715	0.00583	0.00633	0.00635	0.00806	0.00500	0.00471	0.00883	0.01369	0.01710	0.19101	0.11564	0.56110	0.01448	0.00692	0.00197	0.00294	0.01229	0.00559	0.00500
1	0.00709	0.00506	0.00675	0.00810	0.00843	0.00472	0.00540	0.00810	0.01113	0.01484	0.03205	0.79184	0.03846	0.01822	0.00742	0.00236	0.00337	0.01653	0.00540	0.00472
2	0.73520	0.01164	0.00965	0.03885	0.01296	0.01346	0.00709	0.07799	0.01144	0.02654	0.00868	0.01007	0.00666	0.00555	0.00387	0.00180	0.00479	0.00341	0.00375	0.00661
3	0.01388	0.01337	0.02301	0.14252	0.63639	0.01371	0.03704	0.01744	0.01302	0.01839	0.01087	0.01459	0.00899	0.00526	0.00580	0.00176	0.00711	0.00522	0.00284	0.00878
4	0.01029	0.00631	0.00830	0.00779	0.00941	0.00574	0.00584	0.01267	0.01558	0.11595	0.53431	0.15830	0.06214	0.01235	0.00682	0.00191	0.00313	0.01091	0.00632	0.00592
5	0.00868	0.00678	0.01006	0.00985	0.01080	0.00816	0.00773	0.01069	0.00931	0.01354	0.01491	0.02199	0.01396	0.04079	0.70901	0.00877	0.08049	0.00613	0.00307	0.00529
6	0.02357	0.01254	0.01498	0.01160	0.01600	0.01260	0.00953	0.34276	0.02116	0.41176	0.01933	0.04786	0.01335	0.00754	0.00590	0.00180	0.00553	0.00600	0.00651	0.00969
7	0.00808	0.00594	0.00757	0.00716	0.00860	0.00542	0.00537	0.01069	0.01611	0.02249	0.68057	0.04480	0.13110	0.01220	0.00686	0.00184	0.00277	0.01071	0.00629	0.00542
8	0.00709	0.00506	0.00675	0.00810	0.00843	0.00472	0.00540	0.00810	0.01113	0.01484	0.03205	0.79184	0.03846	0.01822	0.00742	0.00236	0.00337	0.01653	0.00540	0.00472
9	0.02095	0.01511	0.01625	0.01268	0.01702	0.01666	0.01040	0.61267	0.08695	0.06056	0.01539	0.01527	0.01100	0.00705	0.00573	0.00174	0.00598	0.00538	0.05363	0.00957
10	0.01555	0.79913	0.03047	0.00995	0.01493	0.02301	0.00995	0.01741	0.01182	0.01368	0.00808	0.00933	0.00746	0.00498	0.00373	0.00124	0.00622	0.00311	0.00249	0.00746
11	0.03167	0.01292	0.02205	0.15806	0.49155	0.01319	0.07137	0.01844	0.01328	0.09352	0.01205	0.01512	0.00940	0.00548	0.00582	0.00179	0.00703	0.00533	0.00328	0.00865
12	0.01197	0.07370	0.69208	0.01653	0.02480	0.01410	0.05135	0.01837	0.01231	0.01815	0.01036	0.01225	0.00743	0.00547	0.00548	0.00181	0.00851	0.00434	0.00248	0.00850
13	0.01375	0.01562	0.03395	0.02489	0.05498	0.01468	0.71393	0.01860	0.01371	0.01864	0.01174	0.01564	0.00884	0.00491	0.00683	0.00195	0.00971	0.00681	0.00294	0.00789
14	0.01125	0.01061	0.01793	0.72267	0.09693	0.01299	0.01628	0.01509	0.01176	0.01519	0.01038	0.01542	0.00787	0.00576	0.00581	0.00192	0.00769	0.00517	0.00261	0.00668
15	0.02542	0.01005	0.01348	0.01043	0.01486	0.00889	0.00859	0.02849	0.05897	0.72066	0.02298	0.01990	0.01459	0.00724	0.00585	0.00181	0.00493	0.00589	0.00712	0.00986
16	0.00839	0.00586	0.00764	0.00750	0.00876	0.00538	0.00551	0.01072	0.01526	0.03942	0.56532	0.19822	0.07372	0.01318	0.00695	0.00194	0.00293	0.01171	0.00618	0.00542
17	0.01092	0.00811	0.01113	0.01103	0.01227	0.00875	0.00833	0.01225	0.01099	0.01591	0.01786	0.02587	0.01666	0.04376	0.74319	0.00950	0.01600	0.00697	0.00397	0.00652
18	0.01572	0.77710	0.03007	0.01009	0.01501	0.04441	0.00999	0.01758	0.01195	0.01370	0.00811	0.00936	0.00746	0.00500	0.00377	0.00125	0.00634	0.00313	0.00250	0.00744
19	0.01166	0.03008	0.76550	0.01657	0.02517	0.01351	0.02149	0.01842	0.01228	0.01842	0.01044	0.01228	0.00737	0.00552	0.00552	0.00184	0.00859	0.00430	0.00246	0.00859
20	0.01377	0.01550	0.03308	0.02377	0.02951	0.01469	0.69589	0.01934	0.05643	0.01896	0.01246	0.01604	0.00934	0.00508	0.00681	0.00196	0.00950	0.00685	0.00311	0.00792
21	0.83671	0.01125	0.00855	0.00765	0.01125	0.01305	0.00630	0.01709	0.00990	0.02609	0.00810	0.00945	0.00630	0.00540	0.00360	0.00180	0.00450	0.00315	0.00360	0.00630
22	0.01285	0.01042	0.01121	0.01020	0.01305	0.01144	0.00788	0.02437	0.50078	0.05393	0.09700	0.04778	0.15500	0.00970	0.00621	0.00196	0.00412	0.00817	0.00591	0.00801
23	0.00806	0.00594	0.00753	0.00714	0.00858	0.00541	0.00535	0.01064	0.01605	0.02235	0.66775	0.04503	0.14401	0.01225	0.00686	0.00185	0.00277	0.01074	0.00627	0.00541
24	0.01555	0.79913	0.03047	0.00995	0.01493	0.02301	0.00995	0.01741	0.01182	0.01368	0.00808	0.00933	0.00746	0.00498	0.00373	0.00124	0.00622	0.00311	0.00249	0.00746
25	0.01166	0.03008	0.76550	0.01657	0.02517	0.01351	0.02149	0.01842	0.01228	0.01842	0.01044	0.01228	0.00737	0.00552	0.00552	0.00184	0.00859	0.00430	0.00246	0.00859
26	0.01439	0.42807	0.29074	0.01263	0.01859	0.08214	0.01400	0.01801	0.01256	0.01580	0.03870	0.01183	0.00931	0.00553	0.00462	0.00150	0.00729	0.00388	0.00267	0.00773
27	0.05692	0.01519	0.01636	0.01266	0.01715	0.01663	0.01044	0.61382	0.04250	0.09996	0.01484	0.01463	0.01043	0.00695	0.00569	0.00175	0.00607	0.00524	0.02314	0.00963
28	0.03891	0.41039	0.05379	0.01023	0.01490	0.01662	0.00956	0.04626	0.05612	0.15596	0.03942	0.03287	0.01194	0.00618	0.00465	0.00146	0.00560	0.00457	0.00400	0.07655
29	0.07677	0.00763	0.00900	0.00814	0.01029	0.00752	0.00631	0.04033	0.07599	0.08921	0.47309	0.03725	0.10161	0.01077	0.00642	0.00186	0.00343	0.02196	0.00609	0.00635
30	0.00714	0.00508	0.00673	0.00803	0.00836	0.00476	0.00533	0.00811	0.01103	0.01471	0.03154	0.76400	0.03782	0.04693	0.00824	0.00248	0.00346	0.01623	0.00533	0.00468
31	0.01848	0.04555	0.01747	0.06578	0.09757	0.21096	0.01179	0.24716	0.16396	0.02376	0.01368	0.01455	0.01048	0.00665	0.00594	0.00174	0.02660	0.00503	0.00439	0.00847
32	0.01425	0.01520	0.03227	0.02417	0.07167	0.01422	0.64765	0.01890	0.01378	0.05054	0.01216	0.01570	0.00908	0.00500	0.00669	0.00191	0.00930	0.00664	0.00313	0.02771
33	0.01493	0.67601	0.14814	0.01101	0.01657	0.02149	0.01180	0.01757	0.01189	0.01444	0.00846	0.00980	0.00745	0.00506	0.00402	0.00134	0.00660	0.00330	0.00248	0.00764

[dist]
# distance from previous block
# <min> <max>
0	1

[block]
# block no. 1 follows, 40 sequences, length 14
# corresponding to MSA columns:
# 100-113
name=unknown_B
#
# <colnr> <probs for GDERKNQSTAVLIFYWHMCP>
#	G	D	E	R	K	N	Q	S	T	A	V	L	I	F	Y	W	H	M	C	P
0	0.01516	0.51091	0.02265	0.00946	0.01331	0.11079	0.00867	0.01719	0.01248	0.01570	0.01085	0.01248	0.00928	0.00554	0.00400	0.00130	0.00589	0.00375	0.20372	0.00688
1	0.01010	0.00505	0.00758	0.00758	0.00758	0.00505	0.00505	0.00758	0.00758	0.01010	0.01010	0.01768	0.01010	0.02020	0.02273	0.83081	0.00505	0.00505	0.00253	0.00253
2	0.01221	0.06288	0.66170	0.01608	0.02404	0.01355	0.04348	0.01837	0.01240	0.04117	0.01143	0.03663	0.00860	0.00592	0.00556	0.00183	0.00825	0.00475	0.00271	0.00844
3	0.01906	0.14871	0.18996	0.01219	0.01756	0.01379	0.01208	0.08905	0.11438	0.29978	0.01684	0.01602	0.01165	0.00651	0.00542	0.00173	0.00609	0.00507	0.00501	0.00909
4	0.00884	0.00701	0.01037	0.01006	0.01097	0.00854	0.00793	0.01082	0.00929	0.01356	0.01462	0.02163	0.01371	0.03959	0.68185	0.00853	0.10823	0.00609	0.00305	0.00533
5	0.01010	0.00505	0.00758	0.00758	0.00758	0.00505	0.00505	0.00758	0.00758	0.01010	0.01010	0.01768	0.01010	0.02020	0.02273	0.83081	0.00505	0.00505	0.00253	0.00253
6	0.01098	0.01034	0.01744	0.78165	0.04005	0.01292	0.01615	0.01486	0.01163	0.01486	0.01034	0.01550	0.00775	0.00581	0.00581	0.00194	0.00775	0.00517	0.00258	0.00646
7	0.00856	0.00631	0.00839	0.06458	0.01155	0.00603	0.00665	0.00964	0.01229	0.01657	0.09581	0.65771	0.03819	0.01723	0.00766	0.00246	0.00401	0.01531	0.00560	0.00547
8	0.00709	0.00506	0.00675	0.00810	0.00843	0.00472	0.00540	0.00810	0.01113	0.01484	0.03205	0.79184	0.03846	0.01822	0.00742	0.00236	0.00337	0.01653	0.00540	0.00472
9	0.00846	0.00564	0.00634	0.00634	0.00634	0.00564	0.00352	0.00846	0.00846	0.01128	0.01832	0.03805	0.02114	0.79563	0.02960	0.00564	0.00564	0.00846	0.00352	0.00352
10	0.01376	0.01288	0.02049	0.02838	0.55810	0.01218	0.01489	0.01698	0.01292	0.01899	0.01078	0.01376	0.00905	0.00495	0.00537	0.00149	0.00621	0.00471	0.00303	0.23109
11	0.01440	0.01370	0.02267	0.03356	0.69291	0.01387	0.01708	0.01901	0.07891	0.01947	0.01207	0.01504	0.00997	0.00542	0.00577	0.00175	0.00670	0.00531	0.00315	0.00921
12	0.00794	0.00654	0.00675	0.00674	0.00865	0.00551	0.00496	0.00921	0.01391	0.01703	0.10555	0.08955	0.66612	0.01516	0.00726	0.00213	0.00328	0.01253	0.00574	0.00542
13	0.07507	0.01476	0.01542	0.01283	0.01682	0.01645	0.01022	0.35919	0.35374	0.03087	0.01881	0.01837	0.01404	0.00786	0.00609	0.00202	0.00574	0.00598	0.00598	0.00975

[dist]
# distance from previous block
# <min> <max>
0	2

[block]
# block no. 2 follows, 40 sequences, length 6
# corresponding to MSA columns:
# 116-121
name=unknown_C
#
# <colnr> <probs for GDERKNQSTAVLIFYWHMCP>
#	G	D	E	R	K	N	Q	S	T	A	V	L	I	F	Y	W	H	M	C	P
0	0.01555	0.79913	0.03047	0.00995	0.01493	0.02301	0.00995	0.01741	0.01182	0.01368	0.00808	0.00933	0.00746	0.00498	0.00373	0.00124	0.00622	0.00311	0.00249	0.00746
1	0.01117	0.00882	0.00915	0.00800	0.01073	0.00861	0.00629	0.21470	0.01723	0.02162	0.04623	0.04412	0.54627	0.01254	0.00658	0.00190	0.00392	0.01029	0.00552	0.00631
2	0.24457	0.01307	0.06141	0.01758	0.11599	0.01221	0.26101	0.01614	0.01216	0.02012	0.01609	0.10954	0.06081	0.00736	0.00579	0.00193	0.00664	0.00697	0.00355	0.00706
3	0.25216	0.08765	0.07046	0.01045	0.01498	0.05176	0.00932	0.06989	0.01465	0.34224	0.01510	0.01446	0.01028	0.00628	0.00496	0.00173	0.00560	0.00456	0.00507	0.00839
4	0.00806	0.00552	0.00669	0.00707	0.00725	0.00551	0.00435	0.00851	0.00928	0.01246	0.02198	0.24946	0.02550	0.51690	0.08209	0.00501	0.00578	0.01056	0.00402	0.00399
5	0.01037	0.02302	0.55149	0.01418	0.02045	0.01103	0.01695	0.01551	0.01195	0.01741	0.01653	0.23215	0.01614	0.00911	0.00606	0.00199	0.00712	0.00775	0.00329	0.00750

[dist]
# distance from previous block
# <min> <max>
3	5

[block]
# block no. 3 follows, 40 sequences, length 11
# corresponding to MSA columns:
# 127-137
name=unknown_D
#
# <colnr> <probs for GDERKNQSTAVLIFYWHMCP>
#	G	D	E	R	K	N	Q	S	T	A	V	L	I	F	Y	W	H	M	C	P
0	0.02147	0.01597	0.01709	0.01325	0.01779	0.01774	0.01090	0.68111	0.08723	0.03563	0.01477	0.01460	0.01054	0.00706	0.00583	0.00176	0.00625	0.00535	0.00583	0.00983
1	0.01865	0.16522	0.43951	0.01693	0.02369	0.01663	0.01789	0.02181	0.01616	0.09444	0.07880	0.02228	0.01707	0.00959	0.00756	0.00267	0.00879	0.00647	0.00509	0.01076
2	0.01698	0.03116	0.66166	0.01997	0.02821	0.01616	0.06645	0.02166	0.01556	0.02306	0.01571	0.01968	0.01249	0.00896	0.00782	0.00279	0.01013	0.00617	0.00433	0.01105
3	0.01685	0.03204	0.70647	0.01949	0.02789	0.01608	0.02253	0.02165	0.01547	0.02305	0.01563	0.01947	0.01240	0.00900	0.00773	0.00279	0.01006	0.00601	0.00430	0.01110
4	0.01421	0.01101	0.01440	0.20564	0.05764	0.01067	0.01109	0.01491	0.01567	0.02161	0.16802	0.35877	0.03496	0.01569	0.00888	0.00302	0.00642	0.01268	0.00636	0.00835
5	0.02394	0.04847	0.18229	0.01758	0.05547	0.07466	0.05661	0.02699	0.08377	0.31529	0.02162	0.02331	0.01627	0.00983	0.00790	0.00273	0.00833	0.00693	0.00656	0.01146
6	0.08910	0.67135	0.03062	0.01322	0.01819	0.02397	0.01164	0.02070	0.01489	0.01974	0.01347	0.01678	0.01239	0.00853	0.00608	0.00228	0.00774	0.00492	0.00442	0.00996
7	0.00719	0.00576	0.00642	0.00655	0.00812	0.00500	0.00480	0.00885	0.01356	0.01714	0.19834	0.17642	0.49196	0.01473	0.00696	0.00200	0.00298	0.01262	0.00561	0.00500
8	0.01217	0.01137	0.01840	0.02701	0.53500	0.01114	0.01393	0.01499	0.01304	0.01793	0.02267	0.09775	0.16324	0.00837	0.00614	0.00184	0.00577	0.00771	0.00363	0.00791
9	0.01977	0.01808	0.05577	0.11674	0.14312	0.01721	0.28726	0.10116	0.01766	0.05129	0.01684	0.02201	0.01387	0.00938	0.00949	0.00288	0.07423	0.00745	0.00512	0.01068
10	0.08738	0.00852	0.01100	0.00935	0.01251	0.00775	0.00736	0.02113	0.01470	0.46331	0.07589	0.21295	0.02258	0.01013	0.00613	0.00194	0.00436	0.00862	0.00639	0.00800

[dist]
# distance from previous block
# <min> <max>
0	1

[block]
# block no. 4 follows, 40 sequences, length 62
# corresponding to MSA columns:
# 139-200
name=unknown_E
#
# <colnr> <probs for GDERKNQSTAVLIFYWHMCP>
#	G	D	E	R	K	N	Q	S	T	A	V	L	I	F	Y	W	H	M	C	P
0	0.00833	0.00625	0.00936	0.00936	0.01040	0.00728	0.00728	0.01040	0.00936	0.01352	0.01560	0.02288	0.01456	0.04362	0.77228	0.00935	0.01558	0.00624	0.00312	0.00521
1	0.00787	0.00635	0.03416	0.00849	0.00947	0.00545	0.00642	0.00959	0.01263	0.01720	0.20518	0.48763	0.04013	0.01607	0.00765	0.02174	0.00367	0.08974	0.00547	0.00507
2	0.01507	0.55621	0.03051	0.01487	0.06452	0.02039	0.17355	0.01805	0.02969	0.01539	0.00948	0.01139	0.00814	0.00506	0.00462	0.00146	0.00703	0.00417	0.00270	0.00771
3	0.00970	0.00768	0.00964	0.00891	0.00892	0.00913	0.00617	0.01006	0.00860	0.01208	0.01529	0.03084	0.01730	0.57076	0.02659	0.00476	0.22846	0.00750	0.00325	0.00435
4	0.01304	0.02097	0.35587	0.06034	0.39798	0.01365	0.01941	0.01799	0.01275	0.01858	0.01071	0.01353	0.00834	0.00538	0.00567	0.00179	0.00771	0.00479	0.00268	0.00882
5	0.83639	0.01126	0.00857	0.00767	0.01127	0.01306	0.00631	0.01711	0.00991	0.02611	0.00812	0.00948	0.00632	0.00542	0.00361	0.00180	0.00451	0.00316	0.00361	0.00631
6	0.01652	0.68039	0.02833	0.01074	0.01541	0.13805	0.01016	0.01832	0.01255	0.01379	0.00825	0.00954	0.00749	0.00515	0.00398	0.00129	0.00688	0.00322	0.00257	0.00736
7	0.00970	0.00716	0.00953	0.01058	0.01211	0.00727	0.00912	0.01347	0.07534	0.01792	0.03163	0.06143	0.06867	0.01532	0.00781	0.00259	0.00518	0.62410	0.00541	0.00567
8	0.03418	0.74483	0.02933	0.01015	0.01501	0.05817	0.00994	0.01770	0.01201	0.01401	0.00815	0.00942	0.00746	0.00505	0.00381	0.00127	0.00639	0.00315	0.00255	0.00742
9	0.05612	0.01269	0.02404	0.08247	0.05052	0.01226	0.38965	0.01902	0.03087	0.14765	0.01596	0.10344	0.01315	0.00700	0.00645	0.00196	0.00758	0.00739	0.00404	0.00775
10	0.00711	0.00598	0.00620	0.00632	0.00823	0.00508	0.00485	0.00868	0.01328	0.01588	0.05655	0.05679	0.69578	0.01485	0.00698	0.00203	0.00316	0.07190	0.00540	0.00496
11	0.01037	0.00792	0.01000	0.01056	0.01231	0.00833	0.00880	0.01620	0.18669	0.01941	0.09030	0.09351	0.03186	0.01392	0.00741	0.00243	0.00486	0.45329	0.00559	0.00625
12	0.01433	0.07922	0.57872	0.01519	0.02281	0.01385	0.01851	0.06424	0.01372	0.10848	0.01202	0.01312	0.00840	0.00580	0.00547	0.00179	0.00787	0.00447	0.00324	0.00877
13	0.02213	0.01630	0.01747	0.01340	0.01805	0.01804	0.01106	0.73968	0.02735	0.03666	0.01399	0.01400	0.00991	0.00700	0.00583	0.00175	0.00641	0.00524	0.00583	0.00990
14	0.01336	0.00709	0.00943	0.00820	0.01047	0.00638	0.00637	0.01596	0.01653	0.23493	0.54634	0.03670	0.04330	0.01056	0.00658	0.00183	0.00338	0.00919	0.00664	0.00676
15	0.00766	0.00556	0.00737	0.00848	0.00919	0.00515	0.00600	0.00896	0.01149	0.01541	0.03082	0.65809	0.03633	0.01725	0.00736	0.00233	0.00369	0.10741	0.00530	0.04615
16	0.01087	0.00544	0.00544	0.00544	0.00680	0.00544	0.00408	0.01357	0.01221	0.02170	0.01899	0.02171	0.01493	0.00679	0.00408	0.00136	0.00272	0.00543	0.82758	0.00543
17	0.01245	0.00704	0.00869	0.00771	0.00976	0.00667	0.00596	0.05494	0.01613	0.14052	0.42917	0.03308	0.03678	0.00971	0.00601	0.00172	0.00330	0.00832	0.19561	0.00643
18	0.01606	0.07878	0.09789	0.01882	0.02430	0.05781	0.36443	0.18110	0.06218	0.02239	0.01245	0.01460	0.00932	0.00570	0.00612	0.00182	0.00837	0.00578	0.00370	0.00838
19	0.01041	0.00965	0.01405	0.01219	0.01421	0.07281	0.13414	0.01286	0.01112	0.01497	0.06039	0.02263	0.01580	0.06937	0.49022	0.00675	0.01286	0.00652	0.00331	0.00573
20	0.01407	0.07170	0.25736	0.01320	0.01836	0.01454	0.01321	0.02587	0.43453	0.04786	0.01833	0.01778	0.01360	0.00692	0.00565	0.00188	0.00602	0.00558	0.00462	0.00893
21	0.01425	0.45279	0.33876	0.01276	0.01924	0.01861	0.01477	0.01817	0.01217	0.03751	0.00953	0.01091	0.00765	0.00529	0.00456	0.00152	0.00719	0.00370	0.00262	0.00802
22	0.01202	0.09486	0.70330	0.01603	0.02432	0.01432	0.02052	0.01835	0.01225	0.01804	0.01026	0.01206	0.00740	0.00550	0.00538	0.00180	0.00840	0.00421	0.00247	0.00851
23	0.01246	0.05402	0.01319	0.00879	0.01394	0.00880	0.00715	0.02811	0.01234	0.01901	0.01030	0.01198	0.00860	0.00441	0.00431	0.00090	0.00446	0.00347	0.00344	0.77032
24	0.01101	0.01035	0.01746	0.78135	0.04006	0.01293	0.01616	0.01488	0.01164	0.01488	0.01036	0.01554	0.00778	0.00583	0.00582	0.00194	0.00776	0.00518	0.00259	0.00647
25	0.00706	0.00572	0.00626	0.00654	0.00808	0.00493	0.00474	0.00851	0.01302	0.01613	0.10730	0.22825	0.53246	0.01534	0.00701	0.00205	0.00304	0.01314	0.00549	0.00492
26	0.01125	0.00980	0.01593	0.59297	0.09092	0.01175	0.01427	0.01489	0.01187	0.01635	0.01185	0.01648	0.00909	0.00594	0.00553	0.00183	0.00685	0.00522	0.14070	0.00652
27	0.07446	0.01994	0.05864	0.06055	0.15077	0.32244	0.01285	0.09232	0.01550	0.06480	0.01072	0.01262	0.00843	0.00627	0.00640	0.00173	0.06591	0.00446	0.00348	0.00773
28	0.00703	0.00593	0.00610	0.00620	0.00810	0.00501	0.00470	0.00854	0.01323	0.01580	0.05692	0.07288	0.70475	0.01489	0.00695	0.00201	0.00308	0.04753	0.00541	0.00494
29	0.00693	0.00581	0.00602	0.00619	0.00795	0.00490	0.00455	0.00833	0.01300	0.01562	0.05552	0.14897	0.66592	0.01518	0.00695	0.00202	0.00301	0.01282	0.00541	0.00490
30	0.01326	0.01671	0.11381	0.06967	0.02903	0.01476	0.54630	0.01796	0.01301	0.01797	0.01117	0.01506	0.00851	0.00553	0.00778	0.00200	0.08060	0.00631	0.00284	0.00772
31	0.01489	0.05394	0.09065	0.08263	0.18794	0.01357	0.30752	0.01893	0.01352	0.11027	0.01330	0.04278	0.01039	0.00587	0.00617	0.00186	0.00790	0.00617	0.00346	0.00824
32	0.02611	0.00991	0.01351	0.01036	0.01486	0.00856	0.00856	0.02835	0.01666	0.76310	0.02296	0.01983	0.01442	0.00721	0.00586	0.00180	0.00496	0.00586	0.00720	0.00991
33	0.00758	0.00647	0.00658	0.00645	0.00851	0.00575	0.00487	0.01035	0.07532	0.01669	0.07718	0.05271	0.67307	0.01408	0.00680	0.00196	0.00309	0.01174	0.00548	0.00530
34	0.01553	0.53590	0.08767	0.01463	0.09577	0.08382	0.06145	0.01813	0.01254	0.01503	0.00893	0.01067	0.00776	0.00514	0.00444	0.00142	0.00709	0.00374	0.00261	0.00772
35	0.07830	0.01247	0.01440	0.01139	0.01569	0.01283	0.00931	0.25828	0.13000	0.36630	0.01915	0.01752	0.01291	0.00713	0.00571	0.00181	0.00534	0.00558	0.00632	0.00956
36	0.63086	0.01358	0.09544	0.04504	0.08396	0.01318	0.00952	0.01723	0.01057	0.02410	0.00875	0.01053	0.00678	0.00543	0.00413	0.00181	0.00533	0.00356	0.00337	0.00685
37	0.01190	0.07255	0.72462	0.01622	0.02462	0.01404	0.02085	0.01838	0.01227	0.01818	0.01033	0.01215	0.00740	0.00551	0.00544	0.00181	0.00847	0.00424	0.00247	0.00854
38	0.00790	0.00585	0.00736	0.00720	0.00854	0.00532	0.00531	0.01022	0.01532	0.02110	0.55677	0.13424	0.16705	0.01312	0.00694	0.00192	0.00286	0.01152	0.00613	0.00532
39	0.01235	0.01171	0.05418	0.00945	0.01459	0.00888	0.00799	0.01679	0.09888	0.01958	0.01194	0.01324	0.00964	0.00481	0.00458	0.00105	0.00459	0.00387	0.00369	0.68820
40	0.02181	0.01446	0.06652	0.01216	0.01694	0.01364	0.01055	0.39287	0.02166	0.27830	0.04286	0.01680	0.01279	0.00702	0.00579	0.00174	0.00585	0.00549	0.00597	0.04678
41	0.00837	0.00609	0.00857	0.00856	0.00933	0.00685	0.00628	0.00989	0.00913	0.01293	0.01633	0.02692	0.01632	0.24357	0.57473	0.00836	0.01294	0.00683	0.00323	0.00476
42	0.01694	0.06198	0.01862	0.06228	0.23404	0.31653	0.01259	0.03232	0.01443	0.01690	0.00994	0.01222	0.00827	0.00542	0.00519	0.00147	0.00788	0.00419	0.00305	0.15573
43	0.02581	0.00992	0.01348	0.01033	0.01484	0.00855	0.00852	0.02806	0.01656	0.74741	0.02270	0.01966	0.01430	0.00715	0.00583	0.00178	0.00494	0.00581	0.00713	0.02721
44	0.00848	0.00566	0.00636	0.00636	0.00636	0.00565	0.00354	0.00848	0.00847	0.01130	0.01835	0.03808	0.02116	0.79532	0.02960	0.00564	0.00565	0.00846	0.00353	0.00354
45	0.01031	0.00817	0.00954	0.00885	0.01087	0.00853	0.00673	0.01763	0.26605	0.02321	0.46379	0.05820	0.06312	0.01081	0.00656	0.00190	0.00341	0.00941	0.00618	0.00673
46	0.01387	0.01351	0.02316	0.10633	0.56408	0.01420	0.06626	0.01724	0.01270	0.01809	0.01063	0.01446	0.00891	0.00574	0.00718	0.00185	0.08511	0.00529	0.00283	0.00857
47	0.01169	0.03009	0.76521	0.01659	0.02518	0.01352	0.02149	0.01843	0.01229	0.01844	0.01046	0.01231	0.00739	0.00554	0.00554	0.00185	0.00860	0.00431	0.00246	0.00861
48	0.01992	0.01450	0.01577	0.01255	0.01657	0.01604	0.01016	0.53347	0.15019	0.05461	0.01562	0.01583	0.01143	0.00827	0.00727	0.07162	0.00594	0.00548	0.00561	0.00916
49	0.01538	0.06740	0.05954	0.02797	0.50618	0.01345	0.05591	0.01879	0.01370	0.10603	0.04981	0.01615	0.01191	0.00576	0.00575	0.00173	0.00667	0.00545	0.00353	0.00889
50	0.01466	0.01475	0.02957	0.02748	0.27405	0.01408	0.45566	0.01892	0.01374	0.06026	0.01214	0.01552	0.00929	0.00514	0.00645	0.00188	0.00857	0.00625	0.00317	0.00843
51	0.01503	0.01500	0.02302	0.03396	0.69663	0.07771	0.01730	0.01832	0.01353	0.01862	0.01080	0.01410	0.00909	0.00527	0.00572	0.00171	0.00722	0.00507	0.00290	0.00902
52	0.01152	0.00969	0.01399	0.09750	0.18281	0.01028	0.01182	0.01688	0.14307	0.01869	0.02377	0.04084	0.04362	0.01108	0.00689	0.00225	0.00576	0.33791	0.00462	0.00702
53	0.01820	0.02161	0.05422	0.14896	0.06767	0.44226	0.01280	0.02175	0.07595	0.04221	0.01112	0.01306	0.00876	0.00623	0.00590	0.00169	0.03260	0.00447	0.00328	0.00726
54	0.02292	0.00959	0.01360	0.01066	0.01475	0.00836	0.04458	0.02515	0.01588	0.62508	0.02499	0.08647	0.05364	0.00841	0.00609	0.00187	0.00497	0.00713	0.00675	0.00912
55	0.01130	0.01065	0.01798	0.71853	0.10064	0.01301	0.01630	0.01513	0.01178	0.01523	0.01041	0.01544	0.00790	0.00578	0.00582	0.00192	0.00769	0.00518	0.00262	0.00670
56	0.01398	0.01371	0.02181	0.21029	0.55264	0.05155	0.01712	0.01743	0.01304	0.01781	0.01072	0.01449	0.00881	0.00539	0.00576	0.00177	0.00729	0.00511	0.00282	0.00845
57	0.01185	0.01104	0.01854	0.50349	0.24302	0.01266	0.01607	0.01549	0.01225	0.01628	0.01226	0.01944	0.01036	0.00651	0.00600	0.00194	0.00732	0.06540	0.00291	0.00717
58	0.01137	0.01072	0.01811	0.70252	0.11607	0.01303	0.01634	0.01519	0.01181	0.01532	0.01043	0.01542	0.00793	0.00576	0.00582	0.00192	0.00767	0.00518	0.00262	0.00676
59	0.02564	0.00980	0.01335	0.01027	0.01469	0.00847	0.00847	0.02790	0.01664	0.74468	0.04147	0.02039	0.01542	0.00732	0.00587	0.00180	0.00489	0.00597	0.00718	0.00979
60	0.01361	0.20094	0.11338	0.10323	0.06671	0.01643	0.33006	0.01763	0.01261	0.01682	0.01034	0.01356	0.00818	0.00537	0.00641	0.00179	0.04720	0.00532	0.00272	0.00769
61	0.01278	0.02133	0.40966	0.15318	0.19637	0.01304	0.01865	0.01788	0.01250	0.05292	0.01132	0.01433	0.00854	0.02554	0.00625	0.00193	0.00781	0.00483	0.00283	0.00830

[dist]
# distance from previous block
# <min> <max>
0	92

# created by:
# /software/SequenceAnalysis/GenePrediction/augustus/3.0.1/scripts/msa2prfl.pl ./fixed/BUSCOvEOG72JQ69.fas
