[name]
unknown

[dist]
# distance from previous block
# <min> <max>
0	66

[block]
# block no. 0 follows, 41 sequences, length 43
# corresponding to MSA columns:
# 66-108
name=unknown_A
#
# <colnr> <probs for GDERKNQSTAVLIFYWHMCP>
#	G	D	E	R	K	N	Q	S	T	A	V	L	I	F	Y	W	H	M	C	P
0	0.00951	0.00696	0.00969	0.01118	0.03062	0.00702	0.00942	0.01264	0.03886	0.01739	0.02956	0.06177	0.03179	0.01526	0.00777	0.00259	0.00528	0.68198	0.00523	0.00549
1	0.01073	0.00989	0.01571	0.53859	0.03123	0.01106	0.03837	0.01409	0.01162	0.01553	0.01316	0.06162	0.03637	0.00643	0.00560	0.00173	0.00663	0.00572	0.00297	0.16294
2	0.01003	0.00804	0.05669	0.00826	0.01045	0.00662	0.00685	0.01354	0.05845	0.08551	0.49668	0.06736	0.11178	0.01125	0.00657	0.00186	0.00345	0.02457	0.00594	0.00609
3	0.01066	0.00533	0.00533	0.00533	0.00666	0.00533	0.00400	0.01333	0.01200	0.02132	0.01866	0.02132	0.01466	0.00666	0.00400	0.00133	0.00267	0.00533	0.83073	0.00533
4	0.00972	0.00497	0.00739	0.00749	0.00751	0.00494	0.00499	0.00749	0.00771	0.01027	0.01150	0.07393	0.01196	0.01973	0.02126	0.77316	0.00485	0.00579	0.00269	0.00264
5	0.00697	0.00498	0.00664	0.00796	0.00830	0.00465	0.00531	0.00796	0.01095	0.01460	0.03153	0.79525	0.03783	0.01792	0.00730	0.00232	0.00332	0.01626	0.00531	0.00465
6	0.00786	0.00584	0.00732	0.00695	0.00840	0.00530	0.00521	0.01034	0.01564	0.02163	0.63720	0.04489	0.17788	0.01218	0.00675	0.00182	0.00273	0.01065	0.00612	0.00530
7	0.08597	0.01242	0.01662	0.42154	0.05451	0.01451	0.01335	0.27082	0.01677	0.02322	0.01125	0.01417	0.00829	0.00606	0.00553	0.00182	0.00685	0.00494	0.00375	0.00762
8	0.01313	0.01848	0.21315	0.02224	0.10284	0.01406	0.42609	0.01923	0.07665	0.01879	0.01217	0.01498	0.00912	0.00525	0.00623	0.00188	0.00862	0.00593	0.00302	0.00815
9	0.01452	0.64585	0.17977	0.01111	0.01672	0.02074	0.01209	0.01733	0.01171	0.01440	0.00842	0.00976	0.00732	0.00500	0.00403	0.00134	0.00659	0.00330	0.00244	0.00757
10	0.18156	0.07706	0.08029	0.03843	0.01711	0.24378	0.01071	0.21442	0.01681	0.02275	0.01124	0.01236	0.02280	0.00610	0.00493	0.00163	0.00721	0.00421	0.01907	0.00752
11	0.01383	0.01267	0.01671	0.38505	0.07877	0.08593	0.03997	0.12694	0.03899	0.01866	0.01182	0.03032	0.00937	0.00684	0.00646	0.04310	0.00711	0.00524	0.03205	0.03016
12	0.11149	0.01259	0.01642	0.01403	0.01474	0.03773	0.03106	0.01449	0.00932	0.01557	0.00809	0.01244	0.00762	0.00908	0.01575	0.00233	0.62544	0.00480	0.03074	0.00627
13	0.04206	0.01441	0.07009	0.02292	0.16473	0.01310	0.42525	0.01673	0.01274	0.01805	0.01347	0.10783	0.01202	0.00666	0.00681	0.00194	0.03328	0.00724	0.00315	0.00754
14	0.01110	0.01017	0.01567	0.56674	0.03213	0.01128	0.01332	0.01455	0.01156	0.01575	0.01017	0.01430	0.00786	0.00530	0.00530	0.00161	0.00667	0.00461	0.00278	0.23915
15	0.00689	0.00575	0.00600	0.00604	0.00783	0.00487	0.00449	0.00842	0.01319	0.01605	0.11676	0.09725	0.65795	0.01445	0.00679	0.00194	0.00290	0.01217	0.00540	0.00487
16	0.01234	0.01300	0.07368	0.29428	0.29247	0.01223	0.04248	0.01602	0.01220	0.01718	0.01044	0.01403	0.00830	0.00518	0.00545	0.00164	0.00686	0.00479	0.00280	0.15463
17	0.00697	0.00498	0.00664	0.00796	0.00830	0.00465	0.00531	0.00796	0.01095	0.01460	0.03153	0.79525	0.03783	0.01792	0.00730	0.00232	0.00332	0.01626	0.00531	0.00465
18	0.01191	0.01034	0.01227	0.00895	0.01366	0.00834	0.00719	0.01436	0.01164	0.01828	0.00997	0.01191	0.00840	0.00466	0.00529	0.00097	0.06124	0.00351	0.00332	0.77379
19	0.01256	0.01265	0.01826	0.01543	0.01570	0.01738	0.04596	0.01397	0.00898	0.01397	0.00769	0.01265	0.00756	0.00977	0.01822	0.00248	0.75282	0.00509	0.00252	0.00632
20	0.00913	0.00705	0.01093	0.01043	0.01172	0.00693	0.09331	0.03347	0.01177	0.04237	0.02653	0.57919	0.03026	0.01683	0.05246	0.00264	0.03122	0.01344	0.00487	0.00543
21	0.01318	0.02377	0.50147	0.04360	0.04534	0.01311	0.17446	0.01887	0.01275	0.08244	0.01161	0.01359	0.00821	0.00544	0.00576	0.00183	0.00833	0.00495	0.00293	0.00835
22	0.02129	0.01070	0.01357	0.05605	0.01625	0.01063	0.00920	0.07921	0.18799	0.47187	0.02163	0.02077	0.01486	0.00744	0.00584	0.00184	0.00507	0.03022	0.00636	0.00923
23	0.00805	0.00585	0.00759	0.00715	0.00852	0.00538	0.00536	0.01071	0.01609	0.02270	0.73810	0.04312	0.07630	0.01178	0.00675	0.00180	0.00270	0.01040	0.00627	0.00538
24	0.00910	0.00683	0.00863	0.00839	0.00998	0.00677	0.00657	0.01356	0.11225	0.02200	0.53038	0.04390	0.04534	0.01193	0.00684	0.00197	0.00341	0.14025	0.00605	0.00585
25	0.00713	0.00553	0.00650	0.00686	0.00811	0.00489	0.00492	0.00871	0.01303	0.01686	0.20812	0.30699	0.35178	0.01503	0.00694	0.00204	0.00300	0.01312	0.00553	0.00489
26	0.83938	0.01106	0.00841	0.00752	0.01106	0.01283	0.00619	0.01681	0.00973	0.02566	0.00796	0.00929	0.00619	0.00531	0.00354	0.00177	0.00442	0.00310	0.00354	0.00619
27	0.01080	0.01017	0.01716	0.78523	0.03940	0.01271	0.01589	0.01461	0.01144	0.01461	0.01017	0.01525	0.00762	0.00572	0.00572	0.00191	0.00762	0.00508	0.00254	0.00635
28	0.68646	0.01199	0.01005	0.00858	0.01231	0.01375	0.00707	0.15286	0.01294	0.02761	0.00904	0.01012	0.00686	0.00560	0.00395	0.00176	0.00477	0.00348	0.00395	0.00686
29	0.01186	0.01017	0.01186	0.00847	0.01356	0.00762	0.00678	0.01440	0.01186	0.01864	0.01017	0.01186	0.00847	0.00424	0.00424	0.00085	0.00424	0.00339	0.00339	0.83395
30	0.01169	0.08409	0.65096	0.08191	0.02528	0.01391	0.01986	0.01774	0.01199	0.01748	0.01009	0.01214	0.00729	0.00542	0.00533	0.00178	0.00821	0.00422	0.00243	0.00819
31	0.01423	0.01229	0.01293	0.01164	0.01487	0.01423	0.00905	0.03039	0.75297	0.02393	0.02328	0.02134	0.01746	0.00776	0.00582	0.00194	0.00453	0.00647	0.00582	0.00905
32	0.01355	0.01412	0.07022	0.11867	0.45078	0.01363	0.06220	0.01954	0.14237	0.01906	0.01290	0.01549	0.01022	0.00564	0.00575	0.00179	0.00679	0.00538	0.00330	0.00861
33	0.00676	0.00579	0.00579	0.00579	0.00773	0.00483	0.00435	0.00821	0.01304	0.01545	0.05794	0.05505	0.76098	0.01449	0.00676	0.00193	0.00290	0.01207	0.00531	0.00483
34	0.01494	0.01168	0.01492	0.01678	0.19964	0.01249	0.01068	0.02490	0.40975	0.11234	0.05298	0.02203	0.05616	0.00754	0.00586	0.00185	0.00497	0.00650	0.00523	0.00876
35	0.01529	0.80242	0.02997	0.00979	0.01468	0.02263	0.00979	0.01713	0.01162	0.01346	0.00795	0.00918	0.00734	0.00489	0.00367	0.00122	0.00612	0.00306	0.00245	0.00734
36	0.01387	0.01330	0.02270	0.09958	0.70108	0.01351	0.01741	0.01730	0.01289	0.01834	0.01071	0.01425	0.00894	0.00515	0.00567	0.00172	0.00687	0.00510	0.00281	0.00883
37	0.01387	0.01330	0.02270	0.09958	0.70108	0.01351	0.01741	0.01730	0.01289	0.01834	0.01071	0.01425	0.00894	0.00515	0.00567	0.00172	0.00687	0.00510	0.00281	0.00883
38	0.01066	0.00533	0.00533	0.00533	0.00666	0.00533	0.00400	0.01333	0.01200	0.02132	0.01866	0.02132	0.01466	0.00666	0.00400	0.00133	0.00267	0.00533	0.83073	0.00533
39	0.02174	0.01602	0.01717	0.01316	0.01774	0.01774	0.01087	0.74423	0.02689	0.03605	0.01373	0.01373	0.00973	0.00687	0.00572	0.00172	0.00629	0.00515	0.00572	0.00973
40	0.01080	0.01017	0.01716	0.78523	0.03940	0.01271	0.01589	0.01461	0.01144	0.01461	0.01017	0.01525	0.00762	0.00572	0.00572	0.00191	0.00762	0.00508	0.00254	0.00635
41	0.01302	0.01563	0.08339	0.06825	0.02752	0.01480	0.51938	0.01729	0.01245	0.01729	0.01069	0.01467	0.00831	0.00582	0.00868	0.00202	0.14443	0.00616	0.00277	0.00743
42	0.01350	0.01543	0.03375	0.02411	0.02989	0.01446	0.74253	0.01832	0.01350	0.01832	0.01157	0.01543	0.00868	0.00482	0.00675	0.00193	0.00964	0.00675	0.00289	0.00771

[dist]
# distance from previous block
# <min> <max>
0	54

[block]
# block no. 1 follows, 41 sequences, length 8
# corresponding to MSA columns:
# 163-170
name=unknown_B
#
# <colnr> <probs for GDERKNQSTAVLIFYWHMCP>
#	G	D	E	R	K	N	Q	S	T	A	V	L	I	F	Y	W	H	M	C	P
0	0.01233	0.02020	0.32577	0.02004	0.07549	0.01361	0.30547	0.01740	0.01271	0.01821	0.05586	0.01543	0.01078	0.00588	0.00703	0.00190	0.06546	0.00571	0.00287	0.00786
1	0.00832	0.00555	0.00624	0.00624	0.00624	0.00555	0.00347	0.00832	0.00832	0.01109	0.01802	0.03743	0.02080	0.79898	0.02911	0.00555	0.00555	0.00832	0.00347	0.00347
2	0.13648	0.01813	0.26896	0.01453	0.08411	0.05146	0.01341	0.10613	0.06458	0.02159	0.04804	0.06736	0.01419	0.00757	0.00558	0.00187	0.00645	0.05806	0.00385	0.00766
3	0.01186	0.10791	0.69442	0.01564	0.02374	0.01423	0.01998	0.01801	0.01203	0.01764	0.01003	0.01178	0.00726	0.00538	0.00526	0.00175	0.00822	0.00411	0.00242	0.00834
4	0.06476	0.24502	0.47461	0.01345	0.02024	0.01549	0.01620	0.01739	0.01201	0.01752	0.04711	0.01262	0.00955	0.00559	0.00488	0.00164	0.00725	0.00413	0.00269	0.00784
5	0.01711	0.01147	0.05902	0.01057	0.01455	0.01018	0.00887	0.05771	0.21681	0.27721	0.02070	0.10941	0.01632	0.00799	0.00570	0.00174	0.00478	0.00669	0.00560	0.13757
6	0.10061	0.01647	0.18042	0.01728	0.17695	0.01339	0.01344	0.15592	0.09552	0.15269	0.01432	0.01483	0.01029	0.00615	0.00544	0.00177	0.00624	0.00498	0.00441	0.00888
7	0.15198	0.01749	0.09688	0.10584	0.05362	0.15012	0.01200	0.25488	0.01748	0.07027	0.01153	0.01278	0.00846	0.00608	0.00523	0.00172	0.00703	0.00448	0.00409	0.00803

[dist]
# distance from previous block
# <min> <max>
30	61

[block]
# block no. 2 follows, 41 sequences, length 46
# corresponding to MSA columns:
# 243-288
name=unknown_C
#
# <colnr> <probs for GDERKNQSTAVLIFYWHMCP>
#	G	D	E	R	K	N	Q	S	T	A	V	L	I	F	Y	W	H	M	C	P
0	0.37740	0.03519	0.14116	0.05660	0.01703	0.06708	0.03477	0.03763	0.03794	0.02112	0.00941	0.01136	0.00737	0.00594	0.00593	0.00180	0.08592	0.00395	0.00323	0.03916
1	0.03646	0.01842	0.28444	0.02311	0.34593	0.01260	0.01670	0.01844	0.04385	0.06637	0.01257	0.04428	0.01012	0.00593	0.00555	0.00175	0.00687	0.00521	0.00322	0.03819
2	0.05590	0.38231	0.10352	0.01362	0.08653	0.08978	0.01166	0.05965	0.01279	0.01662	0.00928	0.01120	0.00794	0.00715	0.03982	0.00182	0.04668	0.00381	0.00284	0.03709
3	0.05873	0.01156	0.02534	0.01016	0.01405	0.07107	0.00827	0.06287	0.07261	0.38609	0.04119	0.05262	0.06690	0.00773	0.00562	0.00170	0.00508	0.00623	0.00576	0.08642
4	0.04792	0.01293	0.01428	0.01127	0.01550	0.01345	0.00913	0.34777	0.14158	0.12255	0.01627	0.04567	0.01231	0.00694	0.00546	0.00163	0.00526	0.00548	0.00539	0.15921
5	0.01548	0.01359	0.04243	0.01451	0.08777	0.05669	0.04339	0.16133	0.19572	0.07300	0.05090	0.02174	0.08721	0.00808	0.00714	0.00188	0.07963	0.01742	0.00480	0.01729
6	0.01456	0.01504	0.05472	0.09127	0.53104	0.07114	0.01619	0.04260	0.07230	0.01896	0.01164	0.01442	0.00942	0.00549	0.00563	0.00172	0.00701	0.00506	0.00313	0.00865
7	0.01520	0.01549	0.03860	0.02913	0.55003	0.10653	0.03594	0.06780	0.01450	0.01947	0.04443	0.01493	0.01087	0.00561	0.00568	0.00169	0.00712	0.00519	0.00319	0.00859
8	0.01356	0.03946	0.57989	0.01652	0.05638	0.01293	0.03763	0.01901	0.01322	0.08972	0.05549	0.01564	0.01140	0.00638	0.00585	0.00192	0.00789	0.00504	0.00336	0.00872
9	0.01966	0.01561	0.01683	0.01440	0.06063	0.06447	0.01101	0.50971	0.02245	0.03006	0.01362	0.01517	0.01046	0.01055	0.07959	0.00252	0.03753	0.00526	0.00508	0.05537
10	0.01113	0.00778	0.01007	0.00950	0.01110	0.00736	0.03928	0.08072	0.01324	0.06541	0.05205	0.42479	0.04252	0.13588	0.01048	0.00272	0.00461	0.01193	0.00521	0.05421
11	0.73791	0.01187	0.00963	0.00848	0.01212	0.02752	0.00687	0.03633	0.01121	0.07815	0.00987	0.01113	0.00755	0.00595	0.00410	0.00189	0.00486	0.00359	0.00407	0.00690
12	0.01256	0.01213	0.01666	0.01448	0.01473	0.01635	0.01190	0.01368	0.00951	0.01450	0.01173	0.01665	0.05262	0.01299	0.07125	0.00306	0.68007	0.00572	0.00295	0.00645
13	0.01065	0.00551	0.00797	0.00794	0.00801	0.00541	0.00529	0.00801	0.00793	0.01065	0.01064	0.01829	0.01058	0.02018	0.02246	0.82446	0.00520	0.00519	0.00273	0.00289
14	0.02260	0.01600	0.01731	0.01338	0.01797	0.01738	0.01096	0.68645	0.02642	0.08766	0.01501	0.01508	0.01069	0.00733	0.00602	0.00185	0.00642	0.00541	0.00603	0.01005
15	0.01463	0.01654	0.03296	0.02387	0.02949	0.05924	0.69197	0.01902	0.01407	0.01869	0.01210	0.01606	0.00926	0.00536	0.00694	0.00203	0.00987	0.00677	0.00314	0.00800
16	0.83088	0.01154	0.00892	0.00801	0.01158	0.01318	0.00650	0.01726	0.01019	0.02620	0.00869	0.01029	0.00688	0.00578	0.00386	0.00190	0.00467	0.00334	0.00377	0.00656
17	0.00772	0.00552	0.00717	0.00845	0.00885	0.00509	0.00563	0.00851	0.01139	0.01526	0.03199	0.78751	0.03817	0.01825	0.00758	0.00244	0.00357	0.01636	0.00552	0.00503
18	0.01483	0.01391	0.02259	0.03308	0.68477	0.01399	0.01693	0.01921	0.08333	0.01980	0.01263	0.01578	0.01051	0.00582	0.00597	0.00185	0.00680	0.00545	0.00336	0.00939
19	0.01308	0.00837	0.00938	0.00840	0.01113	0.00775	0.00652	0.04403	0.10669	0.17551	0.07140	0.04208	0.43051	0.01210	0.00670	0.00203	0.00395	0.02740	0.00601	0.00698
20	0.02189	0.01622	0.01733	0.01350	0.01802	0.01783	0.01102	0.69494	0.06953	0.03577	0.01495	0.01512	0.01083	0.00737	0.00602	0.00186	0.00641	0.00545	0.00594	0.01001
21	0.00994	0.00711	0.00972	0.01099	0.01236	0.00701	0.00949	0.01236	0.01359	0.01775	0.03076	0.06490	0.03331	0.01615	0.00817	0.00275	0.00550	0.71702	0.00548	0.00564
22	0.01414	0.01649	0.07021	0.02244	0.06202	0.06731	0.54008	0.01826	0.01360	0.01817	0.01231	0.01642	0.00972	0.00901	0.07948	0.00269	0.01021	0.00646	0.00313	0.00784
23	0.01637	0.73984	0.02928	0.01060	0.01537	0.07561	0.01015	0.01797	0.01238	0.01417	0.00874	0.01025	0.00802	0.00544	0.00409	0.00137	0.00663	0.00335	0.00273	0.00764
24	0.01271	0.01080	0.01297	0.08244	0.01660	0.00878	0.00805	0.03395	0.01265	0.01933	0.01096	0.01320	0.00909	0.00492	0.00473	0.00111	0.00485	0.00383	0.00361	0.72543
25	0.01520	0.01432	0.02255	0.10231	0.53592	0.03547	0.06059	0.06936	0.04764	0.02022	0.01216	0.01547	0.00993	0.00587	0.00603	0.00187	0.00722	0.00544	0.00339	0.00903
26	0.00982	0.00703	0.00957	0.01078	0.01212	0.00690	0.00922	0.01219	0.01363	0.01789	0.05879	0.08804	0.03428	0.01606	0.00811	0.00271	0.00534	0.66639	0.00552	0.00562
27	0.01418	0.01585	0.03398	0.02441	0.03021	0.01480	0.73465	0.01876	0.01391	0.01894	0.01225	0.01636	0.00934	0.00529	0.00703	0.00205	0.00983	0.00695	0.00313	0.00806
28	0.00874	0.00633	0.00807	0.00761	0.00903	0.00578	0.00566	0.01120	0.01646	0.02326	0.73481	0.04362	0.07270	0.01213	0.00701	0.00192	0.00294	0.01054	0.00646	0.00572
29	0.00902	0.00684	0.00985	0.00972	0.01071	0.00786	0.00747	0.01075	0.00956	0.01382	0.01573	0.02354	0.01487	0.07565	0.70561	0.00881	0.04512	0.00637	0.00328	0.00542
30	0.01445	0.01368	0.02296	0.10612	0.68773	0.01382	0.01756	0.01768	0.01326	0.01887	0.01134	0.01513	0.00953	0.00559	0.00594	0.00184	0.00707	0.00530	0.00303	0.00911
31	0.01589	0.79478	0.03022	0.01021	0.01512	0.02286	0.01003	0.01754	0.01202	0.01408	0.00862	0.01009	0.00796	0.00533	0.00396	0.00135	0.00632	0.00328	0.00267	0.00766
32	0.01361	0.33348	0.47155	0.01410	0.02114	0.01728	0.01681	0.01813	0.01229	0.01686	0.01000	0.01182	0.00790	0.00565	0.00501	0.00170	0.00772	0.00398	0.00265	0.00833
33	0.01441	0.01465	0.02785	0.10001	0.30551	0.01440	0.36875	0.04409	0.01399	0.01931	0.01184	0.01573	0.00937	0.00552	0.00647	0.00195	0.00843	0.00610	0.00316	0.00848
34	0.01067	0.00676	0.00873	0.00797	0.00971	0.00612	0.00602	0.01312	0.01656	0.10410	0.67335	0.04078	0.04980	0.01156	0.00690	0.00191	0.00317	0.01000	0.00657	0.00621
35	0.00877	0.00633	0.00812	0.00765	0.00905	0.00580	0.00569	0.01127	0.01654	0.02346	0.75327	0.04330	0.05411	0.01206	0.00701	0.00192	0.00294	0.01049	0.00648	0.00574
36	0.00877	0.00633	0.00812	0.00765	0.00905	0.00580	0.00569	0.01127	0.01654	0.02346	0.75327	0.04330	0.05411	0.01206	0.00701	0.00192	0.00294	0.01049	0.00648	0.00574
37	0.00745	0.00628	0.00629	0.00626	0.00824	0.00523	0.00465	0.00871	0.01342	0.01605	0.05810	0.05550	0.75391	0.01482	0.00702	0.00205	0.00314	0.01220	0.00551	0.00517
38	0.01545	0.01524	0.02251	0.03251	0.65891	0.08594	0.01680	0.01892	0.04018	0.01900	0.01166	0.01492	0.00980	0.00570	0.00589	0.00180	0.00724	0.00521	0.00317	0.00913
39	0.01589	0.79478	0.03022	0.01021	0.01512	0.02286	0.01003	0.01754	0.01202	0.01408	0.00862	0.01009	0.00796	0.00533	0.00396	0.00135	0.00632	0.00328	0.00267	0.00766
40	0.01416	0.01359	0.02322	0.03511	0.76330	0.01359	0.01755	0.01755	0.01302	0.01869	0.01076	0.01416	0.00906	0.00510	0.00566	0.00170	0.00680	0.00510	0.00283	0.00906
41	0.00819	0.00607	0.00891	0.00891	0.00984	0.00700	0.00680	0.01003	0.00911	0.01307	0.01558	0.02388	0.01491	0.11431	0.70574	0.00885	0.01440	0.00634	0.00310	0.00495
42	0.01186	0.01017	0.01186	0.00847	0.01356	0.00762	0.00678	0.01440	0.01186	0.01864	0.01017	0.01186	0.00847	0.00424	0.00424	0.00085	0.00424	0.00339	0.00339	0.83395
43	0.01416	0.01359	0.02322	0.03511	0.76330	0.01359	0.01755	0.01755	0.01302	0.01869	0.01076	0.01416	0.00906	0.00510	0.00566	0.00170	0.00680	0.00510	0.00283	0.00906
44	0.02566	0.00973	0.01327	0.01018	0.01460	0.00841	0.00841	0.02788	0.01637	0.76726	0.02257	0.01947	0.01416	0.00708	0.00575	0.00177	0.00487	0.00575	0.00708	0.00973
45	0.01106	0.01066	0.01872	0.71335	0.03850	0.01287	0.08451	0.01496	0.01163	0.01496	0.01030	0.01527	0.00772	0.00563	0.00582	0.00191	0.00782	0.00524	0.00257	0.00648

[dist]
# distance from previous block
# <min> <max>
0	1

[block]
# block no. 3 follows, 41 sequences, length 17
# corresponding to MSA columns:
# 290-306
name=unknown_D
#
# <colnr> <probs for GDERKNQSTAVLIFYWHMCP>
#	G	D	E	R	K	N	Q	S	T	A	V	L	I	F	Y	W	H	M	C	P
0	0.01251	0.01251	0.01752	0.01502	0.01502	0.01752	0.01251	0.01377	0.00876	0.01377	0.00751	0.01251	0.00751	0.01001	0.01877	0.00250	0.78851	0.00501	0.00250	0.00626
1	0.00994	0.00497	0.00745	0.00745	0.00745	0.00497	0.00497	0.00745	0.00745	0.00994	0.00994	0.01739	0.00994	0.01987	0.02235	0.83358	0.00497	0.00497	0.00248	0.00248
2	0.00697	0.00498	0.00664	0.00796	0.00830	0.00465	0.00531	0.00796	0.01095	0.01460	0.03153	0.79525	0.03783	0.01792	0.00730	0.00232	0.00332	0.01626	0.00531	0.00465
3	0.00810	0.00585	0.00765	0.00720	0.00855	0.00540	0.00540	0.01079	0.01619	0.02294	0.76028	0.04273	0.05397	0.01169	0.00675	0.00180	0.00270	0.01034	0.00630	0.00540
4	0.00697	0.00498	0.00664	0.00796	0.00830	0.00465	0.00531	0.00796	0.01095	0.01460	0.03153	0.79525	0.03783	0.01792	0.00730	0.00232	0.00332	0.01626	0.00531	0.00465
5	0.01186	0.01017	0.01186	0.00847	0.01356	0.00762	0.00678	0.01440	0.01186	0.01864	0.01017	0.01186	0.00847	0.00424	0.00424	0.00085	0.00424	0.00339	0.00339	0.83395
6	0.00994	0.00497	0.00745	0.00745	0.00745	0.00497	0.00497	0.00745	0.00745	0.00994	0.00994	0.01739	0.00994	0.01987	0.02235	0.83358	0.00497	0.00497	0.00248	0.00248
7	0.01841	0.06901	0.09900	0.01416	0.04375	0.01259	0.11123	0.02396	0.14902	0.32112	0.01746	0.01711	0.01218	0.00668	0.00656	0.00183	0.05654	0.00560	0.00501	0.00878
8	0.02105	0.01538	0.01661	0.01276	0.01731	0.01677	0.01051	0.65735	0.05046	0.05644	0.01412	0.01406	0.01005	0.00675	0.00564	0.00168	0.00608	0.00511	0.00563	0.05625
9	0.00681	0.00577	0.00589	0.00592	0.00777	0.00484	0.00441	0.00829	0.01307	0.01568	0.08097	0.07984	0.71226	0.01451	0.00678	0.00194	0.00290	0.01216	0.00535	0.00484
10	0.02004	0.01429	0.01575	0.01195	0.01661	0.01487	0.00982	0.53389	0.02292	0.09406	0.01374	0.01383	0.00984	0.00634	0.00542	0.00154	0.00575	0.00484	0.00536	0.17913
11	0.02121	0.01712	0.01678	0.01325	0.01755	0.10769	0.01078	0.61240	0.07245	0.03264	0.01377	0.01382	0.00995	0.00681	0.00566	0.00170	0.00666	0.00506	0.00540	0.00932
12	0.00710	0.00507	0.00679	0.00812	0.00851	0.00476	0.00555	0.00820	0.01108	0.01475	0.03145	0.75119	0.03753	0.01779	0.00734	0.00234	0.00344	0.05898	0.00531	0.00468
13	0.01446	0.01431	0.02248	0.06912	0.68112	0.06272	0.01706	0.01776	0.01315	0.01819	0.01061	0.01396	0.00888	0.00518	0.00563	0.00169	0.00706	0.00500	0.00283	0.00878
14	0.02307	0.02981	0.01340	0.01024	0.01430	0.04114	0.00838	0.04625	0.04856	0.59845	0.08668	0.02081	0.01725	0.00741	0.00577	0.00175	0.00496	0.00602	0.00663	0.00913
15	0.00777	0.00564	0.00732	0.00732	0.00845	0.00519	0.00533	0.01000	0.01480	0.02062	0.55537	0.22332	0.08085	0.01330	0.00688	0.00193	0.00286	0.01184	0.00602	0.00519
16	0.01424	0.01245	0.01417	0.19123	0.02075	0.04570	0.01075	0.04554	0.51079	0.04166	0.01936	0.01921	0.01446	0.00717	0.00576	0.00190	0.00554	0.00597	0.00497	0.00836

[dist]
# distance from previous block
# <min> <max>
0	1

[block]
# block no. 4 follows, 41 sequences, length 21
# corresponding to MSA columns:
# 308-328
name=unknown_E
#
# <colnr> <probs for GDERKNQSTAVLIFYWHMCP>
#	G	D	E	R	K	N	Q	S	T	A	V	L	I	F	Y	W	H	M	C	P
0	0.06774	0.01300	0.08494	0.36341	0.02829	0.01273	0.09602	0.07454	0.05761	0.06766	0.01206	0.01499	0.00890	0.00612	0.00598	0.02091	0.00701	0.00511	0.00342	0.04954
1	0.01170	0.02824	0.70648	0.01789	0.08698	0.01331	0.02083	0.01807	0.01216	0.01816	0.01031	0.01225	0.00740	0.00541	0.00545	0.00180	0.00831	0.00430	0.00245	0.00850
2	0.01266	0.05288	0.01816	0.01475	0.01500	0.01778	0.01237	0.01394	0.00891	0.01375	0.00753	0.01234	0.00750	0.00975	0.01800	0.00244	0.74853	0.00491	0.00250	0.00631
3	0.00784	0.00517	0.00652	0.00733	0.00798	0.00490	0.00503	0.00936	0.01179	0.01690	0.12739	0.53090	0.03528	0.03328	0.00712	0.00214	0.00316	0.01323	0.15981	0.00485
4	0.03971	0.17181	0.52290	0.01659	0.08479	0.01508	0.03805	0.01785	0.01203	0.01755	0.00983	0.01171	0.00742	0.00528	0.00510	0.00169	0.00778	0.00411	0.00251	0.00820
5	0.00697	0.00498	0.00664	0.00796	0.00830	0.00465	0.00531	0.00796	0.01095	0.01460	0.03153	0.79525	0.03783	0.01792	0.00730	0.00232	0.00332	0.01626	0.00531	0.00465
6	0.00717	0.00513	0.00682	0.00783	0.00834	0.00478	0.00533	0.00847	0.01189	0.01610	0.16225	0.66026	0.04073	0.01680	0.00720	0.00223	0.00321	0.01520	0.00549	0.00478
7	0.01311	0.01389	0.06880	0.21748	0.47880	0.01343	0.07743	0.01693	0.01261	0.01762	0.01065	0.01440	0.00856	0.00525	0.00575	0.00178	0.00734	0.00518	0.00274	0.00825
8	0.01251	0.01251	0.01752	0.01502	0.01502	0.01752	0.01251	0.01377	0.00876	0.01377	0.00751	0.01251	0.00751	0.01001	0.01877	0.00250	0.78851	0.00501	0.00250	0.00626
9	0.00922	0.00658	0.00922	0.01053	0.01185	0.00658	0.00922	0.01185	0.01317	0.01712	0.03029	0.06452	0.03292	0.01580	0.00790	0.00263	0.00527	0.72480	0.00527	0.00527
10	0.01287	0.01357	0.02342	0.01832	0.02043	0.01641	0.27800	0.01542	0.01048	0.01542	0.00899	0.01357	0.00793	0.00812	0.01440	0.00229	0.50526	0.00564	0.00264	0.00679
11	0.01719	0.01220	0.01765	0.05437	0.06373	0.01264	0.14042	0.04065	0.32331	0.22497	0.01938	0.01888	0.01383	0.00677	0.00595	0.00187	0.00586	0.00614	0.00529	0.00888
12	0.00810	0.00585	0.00765	0.00720	0.00855	0.00540	0.00540	0.01079	0.01619	0.02294	0.76028	0.04273	0.05397	0.01169	0.00675	0.00180	0.00270	0.01034	0.00630	0.00540
13	0.67477	0.01079	0.00939	0.00806	0.01178	0.01194	0.00664	0.01905	0.01108	0.17568	0.01092	0.01135	0.00781	0.00567	0.00399	0.00177	0.00451	0.00363	0.00426	0.00691
14	0.08218	0.14014	0.46602	0.01642	0.05331	0.01480	0.11480	0.01786	0.01204	0.01811	0.00992	0.01195	0.00744	0.00525	0.00520	0.00173	0.00786	0.00433	0.00260	0.00802
15	0.01352	0.01417	0.06126	0.12822	0.55263	0.01356	0.09805	0.01729	0.01283	0.01810	0.01075	0.01433	0.00874	0.00516	0.00578	0.00176	0.00730	0.00523	0.00278	0.00854
16	0.00861	0.00638	0.00825	0.00861	0.01001	0.00619	0.00690	0.01174	0.05401	0.01936	0.31637	0.12036	0.10948	0.01384	0.00718	0.00218	0.00382	0.27559	0.00571	0.00542
17	0.00856	0.00633	0.00693	0.00659	0.00863	0.00556	0.00501	0.01091	0.04443	0.06642	0.18893	0.04896	0.54577	0.01319	0.00665	0.00190	0.00306	0.01110	0.00564	0.00543
18	0.01715	0.07963	0.08089	0.01586	0.06799	0.01194	0.21290	0.02114	0.04619	0.27548	0.09614	0.01913	0.01562	0.00654	0.00593	0.00178	0.00646	0.00616	0.00474	0.00833
19	0.01406	0.43522	0.09158	0.07996	0.02217	0.01857	0.23108	0.01736	0.01221	0.01540	0.00942	0.01180	0.00776	0.00499	0.00491	0.00154	0.00750	0.00443	0.00259	0.00746
20	0.01049	0.00646	0.00744	0.00702	0.00787	0.00702	0.00505	0.01205	0.01056	0.04160	0.01850	0.02658	0.04075	0.26760	0.01425	0.00290	0.10229	0.00651	0.40009	0.00496

[dist]
# distance from previous block
# <min> <max>
3	5

[block]
# block no. 5 follows, 41 sequences, length 48
# corresponding to MSA columns:
# 334-381
name=unknown_F
#
# <colnr> <probs for GDERKNQSTAVLIFYWHMCP>
#	G	D	E	R	K	N	Q	S	T	A	V	L	I	F	Y	W	H	M	C	P
0	0.00805	0.00549	0.00717	0.00807	0.00873	0.00519	0.00552	0.00971	0.03652	0.04434	0.08777	0.66282	0.03711	0.03478	0.00765	0.00232	0.00342	0.01488	0.00543	0.00502
1	0.01143	0.01168	0.05341	0.61946	0.03562	0.01297	0.06459	0.03628	0.01198	0.01578	0.01028	0.01485	0.00777	0.00577	0.00616	0.00188	0.03395	0.00509	0.00268	0.03836
2	0.00832	0.00555	0.00624	0.00624	0.00624	0.00555	0.00347	0.00832	0.00832	0.01109	0.01802	0.03743	0.02080	0.79898	0.02911	0.00555	0.00555	0.00832	0.00347	0.00347
3	0.01091	0.01037	0.01779	0.75606	0.03903	0.01278	0.04374	0.01476	0.01152	0.01476	0.01022	0.01526	0.00767	0.00568	0.00576	0.00191	0.00770	0.00515	0.00256	0.00641
4	0.00853	0.00625	0.00791	0.00875	0.00961	0.00621	0.00624	0.05607	0.05550	0.01673	0.02981	0.63252	0.03441	0.01643	0.00717	0.00229	0.00376	0.08116	0.00536	0.00528
5	0.83938	0.01106	0.00841	0.00752	0.01106	0.01283	0.00619	0.01681	0.00973	0.02566	0.00796	0.00929	0.00619	0.00531	0.00354	0.00177	0.00442	0.00310	0.00354	0.00619
6	0.00817	0.00613	0.00919	0.00919	0.01021	0.00715	0.00715	0.01021	0.00919	0.01328	0.01532	0.02247	0.01430	0.04290	0.77631	0.00919	0.01532	0.00613	0.00306	0.00511
7	0.01251	0.01251	0.01752	0.01502	0.01502	0.01752	0.01251	0.01377	0.00876	0.01377	0.00751	0.01251	0.00751	0.01001	0.01877	0.00250	0.78851	0.00501	0.00250	0.00626
8	0.02566	0.00973	0.01327	0.01018	0.01460	0.00841	0.00841	0.02788	0.01637	0.76726	0.02257	0.01947	0.01416	0.00708	0.00575	0.00177	0.00487	0.00575	0.00708	0.00973
9	0.00691	0.00580	0.00600	0.00595	0.00782	0.00489	0.00446	0.00849	0.01338	0.01628	0.13525	0.05369	0.68316	0.01418	0.00676	0.00192	0.00288	0.01188	0.00542	0.00489
10	0.01186	0.01017	0.01186	0.00847	0.01356	0.00762	0.00678	0.01440	0.01186	0.01864	0.01017	0.01186	0.00847	0.00424	0.00424	0.00085	0.00424	0.00339	0.00339	0.83395
11	0.02174	0.01602	0.01717	0.01316	0.01774	0.01774	0.01087	0.74423	0.02689	0.03605	0.01373	0.01373	0.00973	0.00687	0.00572	0.00172	0.00629	0.00515	0.00572	0.00973
12	0.00922	0.00658	0.00922	0.01053	0.01185	0.00658	0.00922	0.01185	0.01317	0.01712	0.03029	0.06452	0.03292	0.01580	0.00790	0.00263	0.00527	0.72480	0.00527	0.00527
13	0.02173	0.01656	0.01712	0.01324	0.01774	0.05437	0.01088	0.70938	0.02638	0.03498	0.01350	0.01357	0.00961	0.00682	0.00569	0.00170	0.00649	0.00508	0.00559	0.00958
14	0.01259	0.01273	0.01874	0.01570	0.01613	0.01729	0.06728	0.01411	0.00912	0.01411	0.00781	0.01273	0.00760	0.00962	0.01787	0.00246	0.73008	0.00514	0.00253	0.00637
15	0.00775	0.00571	0.00725	0.00712	0.00840	0.00521	0.00524	0.01003	0.01499	0.02070	0.55815	0.15581	0.14642	0.01299	0.00683	0.00189	0.00282	0.01145	0.00602	0.00521
16	0.01251	0.01251	0.01752	0.01502	0.01502	0.01752	0.01251	0.01377	0.00876	0.01377	0.00751	0.01251	0.00751	0.01001	0.01877	0.00250	0.78851	0.00501	0.00250	0.00626
17	0.00697	0.00498	0.00664	0.00796	0.00830	0.00465	0.00531	0.00796	0.01095	0.01460	0.03153	0.79525	0.03783	0.01792	0.00730	0.00232	0.00332	0.01626	0.00531	0.00465
18	0.01251	0.01251	0.01752	0.01502	0.01502	0.01752	0.01251	0.01377	0.00876	0.01377	0.00751	0.01251	0.00751	0.01001	0.01877	0.00250	0.78851	0.00501	0.00250	0.00626
19	0.00810	0.00585	0.00765	0.00720	0.00855	0.00540	0.00540	0.01079	0.01619	0.02294	0.76028	0.04273	0.05397	0.01169	0.00675	0.00180	0.00270	0.01034	0.00630	0.00540
20	0.00676	0.00579	0.00579	0.00579	0.00773	0.00483	0.00435	0.00821	0.01304	0.01545	0.05794	0.05505	0.76098	0.01449	0.00676	0.00193	0.00290	0.01207	0.00531	0.00483
21	0.02174	0.01602	0.01717	0.01316	0.01774	0.01774	0.01087	0.74423	0.02689	0.03605	0.01373	0.01373	0.00973	0.00687	0.00572	0.00172	0.00629	0.00515	0.00572	0.00973
22	0.01350	0.01543	0.03375	0.02411	0.02989	0.01446	0.74253	0.01832	0.01350	0.01832	0.01157	0.01543	0.00868	0.00482	0.00675	0.00193	0.00964	0.00675	0.00289	0.00771
23	0.01529	0.80242	0.02997	0.00979	0.01468	0.02263	0.00979	0.01713	0.01162	0.01346	0.00795	0.00918	0.00734	0.00489	0.00367	0.00122	0.00612	0.00306	0.00245	0.00734
24	0.00832	0.00555	0.00624	0.00624	0.00624	0.00555	0.00347	0.00832	0.00832	0.01109	0.01802	0.03743	0.02080	0.79898	0.02911	0.00555	0.00555	0.00832	0.00347	0.00347
25	0.01529	0.80242	0.02997	0.00979	0.01468	0.02263	0.00979	0.01713	0.01162	0.01346	0.00795	0.00918	0.00734	0.00489	0.00367	0.00122	0.00612	0.00306	0.00245	0.00734
26	0.02174	0.01602	0.01717	0.01316	0.01774	0.01774	0.01087	0.74423	0.02689	0.03605	0.01373	0.01373	0.00973	0.00687	0.00572	0.00172	0.00629	0.00515	0.00572	0.00973
27	0.01184	0.01119	0.05186	0.00889	0.01415	0.00792	0.00754	0.01460	0.01187	0.01861	0.01017	0.01187	0.00841	0.00430	0.00430	0.00090	0.00446	0.00343	0.00334	0.79036
28	0.01181	0.00566	0.00603	0.00579	0.00731	0.00556	0.00438	0.01424	0.01217	0.07908	0.01864	0.02103	0.01445	0.00719	0.00482	0.03248	0.00292	0.00535	0.73552	0.00557
29	0.00704	0.00501	0.00662	0.00787	0.00819	0.00469	0.00521	0.00798	0.01081	0.01442	0.03081	0.75523	0.03693	0.05916	0.00845	0.00249	0.00344	0.01584	0.00521	0.00458
30	0.01399	0.01343	0.02292	0.07135	0.72833	0.01355	0.01747	0.01741	0.01295	0.01849	0.01073	0.01421	0.00899	0.00513	0.00567	0.00171	0.00684	0.00510	0.00282	0.00893
31	0.02065	0.02577	0.01588	0.01443	0.01740	0.70001	0.01085	0.02359	0.08971	0.01499	0.01028	0.01141	0.00837	0.00608	0.00522	0.00152	0.00974	0.00396	0.00323	0.00687
32	0.01416	0.01359	0.02322	0.03511	0.76330	0.01359	0.01755	0.01755	0.01302	0.01869	0.01076	0.01416	0.00906	0.00510	0.00566	0.00170	0.00680	0.00510	0.00283	0.00906
33	0.01416	0.01359	0.02322	0.03511	0.76330	0.01359	0.01755	0.01755	0.01302	0.01869	0.01076	0.01416	0.00906	0.00510	0.00566	0.00170	0.00680	0.00510	0.00283	0.00906
34	0.01251	0.01251	0.01752	0.01502	0.01502	0.01752	0.01251	0.01377	0.00876	0.01377	0.00751	0.01251	0.00751	0.01001	0.01877	0.00250	0.78851	0.00501	0.00250	0.00626
35	0.00994	0.00497	0.00745	0.00745	0.00745	0.00497	0.00497	0.00745	0.00745	0.00994	0.00994	0.01739	0.00994	0.01987	0.02235	0.83358	0.00497	0.00497	0.00248	0.00248
36	0.02137	0.02726	0.01621	0.01474	0.01768	0.77602	0.01105	0.02284	0.01621	0.01400	0.00884	0.01031	0.00737	0.00589	0.00516	0.00147	0.01031	0.00368	0.00295	0.00663
37	0.02174	0.01602	0.01717	0.01316	0.01774	0.01774	0.01087	0.74423	0.02689	0.03605	0.01373	0.01373	0.00973	0.00687	0.00572	0.00172	0.00629	0.00515	0.00572	0.00973
38	0.00832	0.00555	0.00624	0.00624	0.00624	0.00555	0.00347	0.00832	0.00832	0.01109	0.01802	0.03743	0.02080	0.79898	0.02911	0.00555	0.00555	0.00832	0.00347	0.00347
39	0.01906	0.02243	0.01515	0.01374	0.01678	0.53038	0.01041	0.02528	0.25377	0.01720	0.01350	0.01387	0.01062	0.00650	0.00537	0.00162	0.00845	0.00458	0.00387	0.00741
40	0.01423	0.01229	0.01293	0.01164	0.01487	0.01423	0.00905	0.03039	0.75297	0.02393	0.02328	0.02134	0.01746	0.00776	0.00582	0.00194	0.00453	0.00647	0.00582	0.00905
41	0.01236	0.18736	0.58994	0.01567	0.05030	0.01521	0.01867	0.01789	0.01202	0.01718	0.00981	0.01156	0.00733	0.00531	0.00508	0.00169	0.00791	0.00402	0.00244	0.00825
42	0.00817	0.00613	0.00919	0.00919	0.01021	0.00715	0.00715	0.01021	0.00919	0.01328	0.01532	0.02247	0.01430	0.04290	0.77631	0.00919	0.01532	0.00613	0.00306	0.00511
43	0.00832	0.00555	0.00624	0.00624	0.00624	0.00555	0.00347	0.00832	0.00832	0.01109	0.01802	0.03743	0.02080	0.79898	0.02911	0.00555	0.00555	0.00832	0.00347	0.00347
44	0.00703	0.00518	0.00660	0.00765	0.00831	0.00475	0.00526	0.00820	0.01151	0.01506	0.05714	0.62975	0.15823	0.01711	0.00721	0.00225	0.00329	0.03541	0.00534	0.00472
45	0.01238	0.11902	0.64831	0.01547	0.02326	0.05019	0.01935	0.01822	0.01222	0.01738	0.00993	0.01166	0.00726	0.00539	0.00522	0.00173	0.00827	0.00407	0.00244	0.00824
46	0.02174	0.01602	0.01717	0.01316	0.01774	0.01774	0.01087	0.74423	0.02689	0.03605	0.01373	0.01373	0.00973	0.00687	0.00572	0.00172	0.00629	0.00515	0.00572	0.00973
47	0.01337	0.04214	0.11925	0.02364	0.08964	0.01451	0.57410	0.01820	0.01323	0.01817	0.01123	0.01473	0.00850	0.00492	0.00641	0.00187	0.00915	0.00620	0.00282	0.00790

[dist]
# distance from previous block
# <min> <max>
1	51

# created by:
# /software/SequenceAnalysis/GenePrediction/augustus/3.0.1/scripts/msa2prfl.pl ./fixed/BUSCOvEOG7JT1KT.fas
