[name]
unknown

[dist]
# distance from previous block
# <min> <max>
0	245

[block]
# block no. 0 follows, 41 sequences, length 47
# corresponding to MSA columns:
# 255-301
name=unknown_A
#
# <colnr> <probs for GDERKNQSTAVLIFYWHMCP>
#	G	D	E	R	K	N	Q	S	T	A	V	L	I	F	Y	W	H	M	C	P
0	0.82187	0.01204	0.00946	0.00853	0.01214	0.01356	0.00683	0.01774	0.01067	0.02677	0.00945	0.01134	0.00761	0.00627	0.00419	0.00203	0.00492	0.00360	0.00402	0.00694
1	0.02566	0.00973	0.01327	0.01018	0.01460	0.00841	0.00841	0.02788	0.01637	0.76726	0.02257	0.01947	0.01416	0.00708	0.00575	0.00177	0.00487	0.00575	0.00708	0.00973
2	0.00890	0.00637	0.00877	0.00958	0.01090	0.00624	0.00812	0.01155	0.01403	0.01878	0.23917	0.05828	0.03894	0.01463	0.00757	0.00239	0.00453	0.52036	0.00556	0.00530
3	0.02212	0.01541	0.01679	0.01287	0.01743	0.01683	0.01063	0.67471	0.02587	0.10701	0.01459	0.01429	0.01016	0.00689	0.00572	0.00172	0.00616	0.00521	0.00585	0.00973
4	0.00696	0.00502	0.00659	0.00785	0.00827	0.00466	0.00526	0.00798	0.01106	0.01465	0.03289	0.75711	0.07510	0.01774	0.00727	0.00230	0.00330	0.01604	0.00531	0.00466
5	0.02496	0.00958	0.01305	0.01006	0.01436	0.00829	0.00829	0.02719	0.01636	0.73745	0.05211	0.02040	0.01575	0.00726	0.00579	0.00177	0.00478	0.00594	0.00705	0.00956
6	0.83938	0.01106	0.00841	0.00752	0.01106	0.01283	0.00619	0.01681	0.00973	0.02566	0.00796	0.00929	0.00619	0.00531	0.00354	0.00177	0.00442	0.00310	0.00354	0.00619
7	0.02456	0.00975	0.01305	0.01013	0.01442	0.00860	0.00833	0.02745	0.05334	0.70868	0.02360	0.02057	0.03537	0.00732	0.00578	0.00178	0.00479	0.00597	0.00697	0.00956
8	0.01342	0.01516	0.03265	0.02332	0.02907	0.01412	0.70551	0.01812	0.01342	0.01834	0.01150	0.01525	0.00867	0.00479	0.00662	0.00187	0.00937	0.00658	0.00292	0.04929
9	0.63029	0.01322	0.01004	0.00888	0.01240	0.11700	0.00715	0.01905	0.03886	0.08448	0.00985	0.01071	0.00742	0.00563	0.00403	0.00174	0.00527	0.00352	0.00383	0.00665
10	0.02098	0.02120	0.01630	0.01372	0.01739	0.39080	0.01075	0.35093	0.04185	0.02435	0.01266	0.01326	0.02694	0.00660	0.00547	0.00161	0.00814	0.00463	0.00435	0.00806
11	0.00744	0.00538	0.00711	0.00835	0.00887	0.00516	0.00583	0.00909	0.03547	0.01516	0.03113	0.69549	0.03666	0.01737	0.00731	0.00234	0.00356	0.08810	0.00532	0.00485
12	0.00994	0.00497	0.00745	0.00745	0.00745	0.00497	0.00497	0.00745	0.00745	0.00994	0.00994	0.01739	0.00994	0.01987	0.02235	0.83358	0.00497	0.00497	0.00248	0.00248
13	0.02324	0.01363	0.01568	0.01202	0.01654	0.01419	0.00993	0.47153	0.02289	0.31440	0.01710	0.01592	0.01141	0.00695	0.00573	0.00174	0.00575	0.00538	0.00624	0.00973
14	0.00810	0.00585	0.00765	0.00720	0.00855	0.00540	0.00540	0.01079	0.01619	0.02294	0.76028	0.04273	0.05397	0.01169	0.00675	0.00180	0.00270	0.01034	0.00630	0.00540
15	0.01147	0.02959	0.76934	0.01630	0.02476	0.01328	0.02113	0.01811	0.01208	0.01811	0.01026	0.01208	0.00725	0.00543	0.00543	0.00181	0.00845	0.00423	0.00242	0.00845
16	0.83938	0.01106	0.00841	0.00752	0.01106	0.01283	0.00619	0.01681	0.00973	0.02566	0.00796	0.00929	0.00619	0.00531	0.00354	0.00177	0.00442	0.00310	0.00354	0.00619
17	0.83938	0.01106	0.00841	0.00752	0.01106	0.01283	0.00619	0.01681	0.00973	0.02566	0.00796	0.00929	0.00619	0.00531	0.00354	0.00177	0.00442	0.00310	0.00354	0.00619
18	0.02137	0.02726	0.01621	0.01474	0.01768	0.77602	0.01105	0.02284	0.01621	0.01400	0.00884	0.01031	0.00737	0.00589	0.00516	0.00147	0.01031	0.00368	0.00295	0.00663
19	0.01416	0.01359	0.02322	0.03511	0.76330	0.01359	0.01755	0.01755	0.01302	0.01869	0.01076	0.01416	0.00906	0.00510	0.00566	0.00170	0.00680	0.00510	0.00283	0.00906
20	0.00738	0.00554	0.00801	0.00883	0.00946	0.00519	0.03915	0.00864	0.01118	0.01490	0.03055	0.72201	0.03625	0.01721	0.00731	0.00232	0.00371	0.05234	0.00520	0.00482
21	0.00810	0.00585	0.00765	0.00720	0.00855	0.00540	0.00540	0.01079	0.01619	0.02294	0.76028	0.04273	0.05397	0.01169	0.00675	0.00180	0.00270	0.01034	0.00630	0.00540
22	0.01066	0.00533	0.00533	0.00533	0.00666	0.00533	0.00400	0.01333	0.01200	0.02132	0.01866	0.02132	0.01466	0.00666	0.00400	0.00133	0.00267	0.00533	0.83073	0.00533
23	0.02174	0.01602	0.01717	0.01316	0.01774	0.01774	0.01087	0.74423	0.02689	0.03605	0.01373	0.01373	0.00973	0.00687	0.00572	0.00172	0.00629	0.00515	0.00572	0.00973
24	0.83938	0.01106	0.00841	0.00752	0.01106	0.01283	0.00619	0.01681	0.00973	0.02566	0.00796	0.00929	0.00619	0.00531	0.00354	0.00177	0.00442	0.00310	0.00354	0.00619
25	0.00697	0.00498	0.00664	0.00796	0.00830	0.00465	0.00531	0.00796	0.01095	0.01460	0.03153	0.79525	0.03783	0.01792	0.00730	0.00232	0.00332	0.01626	0.00531	0.00465
26	0.00697	0.00498	0.00664	0.00796	0.00830	0.00465	0.00531	0.00796	0.01095	0.01460	0.03153	0.79525	0.03783	0.01792	0.00730	0.00232	0.00332	0.01626	0.00531	0.00465
27	0.01378	0.01321	0.02254	0.11833	0.68298	0.01349	0.01737	0.01723	0.01285	0.01823	0.01069	0.01428	0.00890	0.00517	0.00567	0.00172	0.00689	0.00509	0.00280	0.00876
28	0.00739	0.00528	0.00712	0.00845	0.00896	0.00501	0.00604	0.00869	0.01137	0.01507	0.03129	0.65845	0.03691	0.01752	0.00741	0.00238	0.00368	0.14891	0.00530	0.00476
29	0.01766	0.01152	0.01304	0.01120	0.01479	0.01248	0.00886	0.02964	0.53203	0.24689	0.02307	0.02078	0.01647	0.00756	0.00580	0.00189	0.00463	0.00625	0.00620	0.00926
30	0.01558	0.01585	0.02151	0.06180	0.57354	0.14162	0.01608	0.05210	0.01414	0.01854	0.01055	0.01354	0.00875	0.00534	0.00558	0.00167	0.00740	0.00486	0.00297	0.00857
31	0.02566	0.00973	0.01327	0.01018	0.01460	0.00841	0.00841	0.02788	0.01637	0.76726	0.02257	0.01947	0.01416	0.00708	0.00575	0.00177	0.00487	0.00575	0.00708	0.00973
32	0.02105	0.02660	0.01606	0.01460	0.01756	0.74232	0.01096	0.02317	0.04880	0.01444	0.00948	0.01080	0.00781	0.00598	0.00519	0.00149	0.01006	0.00381	0.00307	0.00674
33	0.00774	0.00562	0.00729	0.00732	0.00844	0.00518	0.00532	0.00994	0.01469	0.02042	0.53774	0.23579	0.08628	0.01343	0.00689	0.00194	0.00287	0.01195	0.00599	0.00518
34	0.00680	0.00565	0.00594	0.00617	0.00783	0.00480	0.00451	0.00817	0.01267	0.01530	0.05334	0.18396	0.63503	0.01508	0.00685	0.00200	0.00297	0.01280	0.00531	0.00480
35	0.01286	0.01324	0.02155	0.01856	0.07523	0.01654	0.17464	0.01506	0.01013	0.01515	0.00866	0.01328	0.00789	0.00849	0.01511	0.00231	0.55648	0.00540	0.00261	0.00679
36	0.12567	0.01016	0.01284	0.00997	0.01430	0.00934	0.00824	0.05624	0.01599	0.64563	0.02040	0.01798	0.01299	0.00685	0.00548	0.00177	0.00487	0.00540	0.00659	0.00930
37	0.01419	0.01268	0.01803	0.06358	0.10933	0.01362	0.13812	0.02503	0.43302	0.04762	0.01836	0.01861	0.01383	0.00663	0.00589	0.00186	0.00588	0.00611	0.00469	0.04291
38	0.00810	0.00585	0.00765	0.00720	0.00855	0.00540	0.00540	0.01079	0.01619	0.02294	0.76028	0.04273	0.05397	0.01169	0.00675	0.00180	0.00270	0.01034	0.00630	0.00540
39	0.01465	0.01238	0.01266	0.01135	0.01450	0.04869	0.00882	0.02841	0.62772	0.06058	0.05656	0.02265	0.03950	0.00801	0.00585	0.00190	0.00469	0.00663	0.00576	0.00869
40	0.04796	0.03831	0.01610	0.01220	0.01656	0.01579	0.01006	0.49198	0.11804	0.14987	0.01601	0.01535	0.01124	0.00690	0.00561	0.00174	0.00577	0.00529	0.00578	0.00945
41	0.00767	0.00583	0.00706	0.00675	0.00829	0.00522	0.00506	0.00998	0.01519	0.02057	0.53830	0.04662	0.27743	0.01258	0.00675	0.00184	0.00276	0.01089	0.00599	0.00522
42	0.01752	0.01344	0.01443	0.01208	0.01586	0.01511	0.00965	0.27923	0.45654	0.07172	0.01991	0.01858	0.01457	0.00741	0.00578	0.00185	0.00516	0.00597	0.00586	0.00933
43	0.00782	0.00588	0.00755	0.00805	0.00921	0.00516	0.00557	0.00909	0.01111	0.01530	0.02781	0.65881	0.03272	0.01554	0.00677	0.00207	0.00348	0.01402	0.00498	0.14908
44	0.01169	0.01174	0.01894	0.06098	0.01833	0.01441	0.16140	0.01388	0.01061	0.01531	0.04655	0.08149	0.04738	0.00963	0.01348	0.00228	0.44561	0.00687	0.00312	0.00632
45	0.01842	0.01733	0.01766	0.01431	0.01772	0.19493	0.06937	0.32629	0.03829	0.02405	0.01165	0.01340	0.00911	0.00850	0.04213	0.00211	0.12790	0.00493	0.00415	0.03776
46	0.01639	0.01330	0.01434	0.01253	0.03272	0.01506	0.00971	0.25013	0.49233	0.02753	0.03943	0.01939	0.01584	0.00753	0.00581	0.00186	0.00508	0.00613	0.00573	0.00917

[dist]
# distance from previous block
# <min> <max>
0	1

[block]
# block no. 1 follows, 41 sequences, length 18
# corresponding to MSA columns:
# 303-320
name=unknown_B
#
# <colnr> <probs for GDERKNQSTAVLIFYWHMCP>
#	G	D	E	R	K	N	Q	S	T	A	V	L	I	F	Y	W	H	M	C	P
0	0.47841	0.01823	0.29788	0.01242	0.05904	0.01305	0.01251	0.01735	0.01081	0.02240	0.00900	0.01062	0.00676	0.00534	0.00438	0.00178	0.00609	0.00364	0.00307	0.00721
1	0.06416	0.01388	0.08232	0.16514	0.34550	0.04638	0.01475	0.01764	0.07362	0.01873	0.05851	0.01826	0.01289	0.00638	0.00568	0.00181	0.00659	0.03658	0.00336	0.00783
2	0.01533	0.00945	0.01188	0.00968	0.01306	0.00879	0.00768	0.01881	0.08486	0.24112	0.07921	0.11453	0.01832	0.00822	0.00667	0.00163	0.07135	0.00669	0.00512	0.26761
3	0.00923	0.00851	0.01570	0.01328	0.01542	0.00798	0.25219	0.01145	0.01167	0.01566	0.02413	0.49428	0.02717	0.05447	0.00826	0.00236	0.00555	0.01266	0.00440	0.00561
4	0.00818	0.00608	0.00895	0.00895	0.00989	0.00702	0.00685	0.01006	0.00912	0.01310	0.01554	0.02370	0.01483	0.10506	0.71488	0.00889	0.01452	0.00631	0.00310	0.00497
5	0.01234	0.01630	0.15502	0.05916	0.05922	0.01323	0.44730	0.01688	0.01263	0.01751	0.01258	0.06417	0.01049	0.00788	0.04581	0.00231	0.03009	0.00668	0.00294	0.00747
6	0.00772	0.00556	0.00731	0.00745	0.00846	0.00515	0.00537	0.00985	0.01444	0.02014	0.51614	0.29483	0.04856	0.01378	0.00693	0.00197	0.00291	0.01233	0.00597	0.00515
7	0.19841	0.01456	0.09140	0.07088	0.06959	0.06039	0.05274	0.06445	0.10839	0.08674	0.01279	0.01492	0.00990	0.03785	0.00742	0.00201	0.08122	0.00493	0.00387	0.00755
8	0.00821	0.00597	0.00839	0.00839	0.00913	0.00671	0.00614	0.00970	0.00895	0.01268	0.01606	0.02656	0.01607	0.24939	0.57224	0.00820	0.01265	0.00673	0.00317	0.00466
9	0.01316	0.02336	0.48349	0.01467	0.02126	0.01394	0.01672	0.08387	0.23027	0.02135	0.01437	0.01493	0.01045	0.00624	0.00557	0.00184	0.00712	0.00496	0.00370	0.00874
10	0.01817	0.07163	0.01768	0.03307	0.06376	0.23755	0.05234	0.13941	0.21983	0.06728	0.01469	0.01503	0.01112	0.00645	0.00550	0.00169	0.00714	0.00506	0.00438	0.00824
11	0.01498	0.12903	0.44730	0.01493	0.02183	0.01403	0.07878	0.05113	0.01350	0.14353	0.01227	0.01328	0.00864	0.00565	0.00537	0.00173	0.00755	0.00458	0.00338	0.00851
12	0.14856	0.04458	0.11913	0.01158	0.03692	0.01170	0.03099	0.12518	0.06133	0.13138	0.17507	0.03342	0.02011	0.00766	0.00556	0.00179	0.00525	0.01719	0.00492	0.00768
13	0.52468	0.01615	0.20426	0.03355	0.04560	0.01325	0.01101	0.05848	0.01149	0.02373	0.00905	0.01062	0.00682	0.00543	0.00430	0.00178	0.00575	0.00364	0.00332	0.00709
14	0.01488	0.01507	0.01708	0.01427	0.01751	0.17017	0.14249	0.06824	0.22547	0.02001	0.06327	0.02300	0.03263	0.00802	0.00689	0.00190	0.05502	0.07542	0.00440	0.02427
15	0.43276	0.01235	0.01292	0.01071	0.01413	0.01421	0.04082	0.15021	0.07693	0.07156	0.01133	0.01242	0.00856	0.00646	0.00627	0.00187	0.10060	0.00432	0.00419	0.00737
16	0.02119	0.01559	0.01672	0.01288	0.01727	0.01724	0.01057	0.71413	0.02613	0.03503	0.01391	0.01470	0.01018	0.03927	0.00668	0.00187	0.00626	0.00528	0.00563	0.00947
17	0.01459	0.42476	0.31755	0.01253	0.01878	0.01811	0.01422	0.05609	0.01281	0.04916	0.00979	0.01099	0.00772	0.00530	0.00456	0.00150	0.00699	0.00374	0.00281	0.00800

[dist]
# distance from previous block
# <min> <max>
0	1

[block]
# block no. 2 follows, 41 sequences, length 12
# corresponding to MSA columns:
# 322-333
name=unknown_C
#
# <colnr> <probs for GDERKNQSTAVLIFYWHMCP>
#	G	D	E	R	K	N	Q	S	T	A	V	L	I	F	Y	W	H	M	C	P
0	0.01012	0.00689	0.00776	0.00756	0.00833	0.02460	0.00494	0.05891	0.01089	0.05415	0.02158	0.19060	0.04368	0.47470	0.04708	0.00435	0.00548	0.00953	0.00422	0.00463
1	0.00817	0.00613	0.00919	0.00919	0.01021	0.00715	0.00715	0.01021	0.00919	0.01328	0.01532	0.02247	0.01430	0.04290	0.77631	0.00919	0.01532	0.00613	0.00306	0.00511
2	0.01529	0.80242	0.02997	0.00979	0.01468	0.02263	0.00979	0.01713	0.01162	0.01346	0.00795	0.00918	0.00734	0.00489	0.00367	0.00122	0.00612	0.00306	0.00245	0.00734
3	0.00722	0.00587	0.00646	0.00672	0.00843	0.00512	0.00520	0.00889	0.01310	0.01606	0.08971	0.09920	0.57021	0.01474	0.00696	0.00205	0.00327	0.12053	0.00536	0.00491
4	0.00801	0.00584	0.00753	0.00711	0.00849	0.00536	0.00533	0.01063	0.01599	0.02246	0.71544	0.04351	0.09911	0.01187	0.00675	0.00181	0.00271	0.01045	0.00623	0.00536
5	0.00795	0.00584	0.00744	0.00704	0.00845	0.00533	0.00528	0.01050	0.01584	0.02210	0.68137	0.04411	0.13341	0.01201	0.00675	0.00181	0.00272	0.01054	0.00619	0.00533
6	0.00694	0.00565	0.00614	0.00634	0.00792	0.00485	0.00463	0.00843	0.01297	0.01606	0.12521	0.19223	0.55303	0.01484	0.00686	0.00199	0.00296	0.01268	0.00541	0.00485
7	0.02449	0.01000	0.01324	0.01033	0.01463	0.00901	0.00847	0.02813	0.09210	0.69084	0.02264	0.01966	0.01450	0.00715	0.00576	0.00179	0.00483	0.00583	0.00695	0.00966
8	0.01542	0.01176	0.01275	0.01124	0.01447	0.01323	0.00874	0.05209	0.60801	0.10573	0.02261	0.02175	0.01702	0.05020	0.00706	0.00211	0.00468	0.00644	0.00583	0.00885
9	0.01402	0.01031	0.01293	0.00934	0.01436	0.00801	0.03589	0.01660	0.01261	0.13239	0.01211	0.01316	0.00934	0.00469	0.00457	0.00103	0.00454	0.00388	0.00393	0.67628
10	0.00709	0.00506	0.00677	0.00810	0.00848	0.00475	0.00552	0.00817	0.01107	0.01473	0.03146	0.75665	0.03757	0.01781	0.00733	0.00234	0.00342	0.05368	0.00531	0.00468
11	0.01228	0.01245	0.01982	0.01619	0.01740	0.01591	0.15223	0.01429	0.00971	0.01459	0.00906	0.01405	0.00840	0.01225	0.09092	0.00305	0.56289	0.00545	0.00263	0.00642

[dist]
# distance from previous block
# <min> <max>
3	6

[block]
# block no. 3 follows, 41 sequences, length 56
# corresponding to MSA columns:
# 340-395
name=unknown_D
#
# <colnr> <probs for GDERKNQSTAVLIFYWHMCP>
#	G	D	E	R	K	N	Q	S	T	A	V	L	I	F	Y	W	H	M	C	P
0	0.05172	0.01527	0.01609	0.03425	0.01745	0.05161	0.01049	0.58495	0.02369	0.05938	0.01362	0.01427	0.00991	0.00925	0.05938	0.00224	0.00702	0.00509	0.00529	0.00903
1	0.23008	0.01875	0.01348	0.01185	0.01527	0.35072	0.00919	0.07915	0.12643	0.02058	0.01128	0.01210	0.00886	0.00599	0.00482	0.00160	0.00718	0.00405	0.00379	0.06486
2	0.00716	0.00561	0.00630	0.00650	0.00782	0.00495	0.00462	0.00857	0.01262	0.01599	0.15653	0.20446	0.42855	0.09333	0.00911	0.00235	0.00322	0.01230	0.00528	0.00474
3	0.01640	0.01290	0.01588	0.09354	0.01916	0.01437	0.06494	0.18281	0.40145	0.08672	0.01890	0.01845	0.01382	0.00708	0.00585	0.00187	0.00565	0.00600	0.00534	0.00887
4	0.00832	0.00555	0.00624	0.00624	0.00624	0.00555	0.00347	0.00832	0.00832	0.01109	0.01802	0.03743	0.02080	0.79898	0.02911	0.00555	0.00555	0.00832	0.00347	0.00347
5	0.01337	0.02014	0.36407	0.01646	0.02223	0.01289	0.17617	0.01853	0.04062	0.09970	0.01359	0.06867	0.01087	0.00692	0.00730	0.00195	0.08925	0.00596	0.00337	0.00796
6	0.66938	0.07475	0.01110	0.00863	0.01220	0.11236	0.00710	0.01762	0.01072	0.02320	0.00808	0.00942	0.00644	0.00535	0.00376	0.00169	0.00532	0.00317	0.00338	0.00634
7	0.00832	0.00555	0.00624	0.00624	0.00624	0.00555	0.00347	0.00832	0.00832	0.01109	0.01802	0.03743	0.02080	0.79898	0.02911	0.00555	0.00555	0.00832	0.00347	0.00347
8	0.01589	0.21670	0.09096	0.01445	0.04531	0.08247	0.08103	0.10154	0.13092	0.04971	0.01230	0.01359	0.00969	0.00643	0.00686	0.00173	0.10402	0.00477	0.00364	0.00798
9	0.01217	0.01035	0.01203	0.00862	0.01369	0.00794	0.00691	0.03747	0.01234	0.01919	0.01028	0.01192	0.00851	0.00432	0.00428	0.00087	0.00430	0.00344	0.00346	0.80790
10	0.01196	0.01050	0.01323	0.00945	0.01458	0.00805	0.05281	0.01465	0.01196	0.01862	0.01025	0.01208	0.00849	0.00427	0.00439	0.00091	0.00457	0.00360	0.00336	0.78226
11	0.00746	0.00610	0.00633	0.00632	0.00795	0.00549	0.00454	0.00954	0.05631	0.01524	0.04840	0.08755	0.56635	0.13502	0.01017	0.00251	0.00342	0.01137	0.00506	0.00486
12	0.01525	0.45363	0.12997	0.01167	0.01704	0.01756	0.06205	0.01860	0.03962	0.08816	0.01073	0.01173	0.00857	0.00522	0.00447	0.00140	0.00632	0.00390	0.00314	0.09098
13	0.01473	0.23338	0.23364	0.01266	0.01797	0.05142	0.06339	0.01830	0.01326	0.11998	0.09956	0.01605	0.01389	0.00625	0.00541	0.00160	0.02063	0.00496	0.00363	0.04930
14	0.00973	0.00632	0.00791	0.00763	0.00916	0.00571	0.00557	0.01142	0.01295	0.08838	0.23283	0.20426	0.11957	0.13834	0.01024	0.00251	0.00379	0.05529	0.00532	0.06308
15	0.01288	0.01357	0.02317	0.01705	0.02185	0.06455	0.39604	0.01650	0.01338	0.01837	0.07738	0.04615	0.01361	0.00584	0.00597	0.00160	0.00735	0.00629	0.00342	0.23505
16	0.77822	0.05155	0.00962	0.00770	0.01133	0.01323	0.00643	0.01709	0.00999	0.04232	0.00830	0.00952	0.00644	0.00533	0.00360	0.00174	0.00452	0.00316	0.00357	0.00634
17	0.02053	0.01530	0.01595	0.01254	0.01681	0.05702	0.01022	0.53512	0.09716	0.08649	0.03709	0.01553	0.01197	0.00697	0.00568	0.00170	0.00605	0.00534	0.00562	0.03692
18	0.00826	0.00578	0.00743	0.00743	0.00784	0.00619	0.00495	0.00908	0.00867	0.01197	0.01693	0.03140	0.01818	0.49410	0.33041	0.00702	0.00949	0.00744	0.00330	0.00413
19	0.01318	0.01447	0.02843	0.02113	0.02502	0.01547	0.50331	0.01683	0.01195	0.01683	0.01024	0.01447	0.00830	0.00652	0.01069	0.00212	0.26487	0.00618	0.00277	0.00724
20	0.04710	0.01151	0.01461	0.06488	0.01695	0.01097	0.05450	0.09797	0.05167	0.02044	0.01101	0.01297	0.00886	0.00540	0.00598	0.00133	0.07341	0.00420	0.00362	0.48262
21	0.01419	0.01203	0.01279	0.01141	0.01458	0.01379	0.00889	0.06625	0.66369	0.02449	0.07421	0.02244	0.01960	0.00799	0.00588	0.00192	0.00449	0.00667	0.00585	0.00883
22	0.00801	0.00584	0.00753	0.00711	0.00850	0.00536	0.00533	0.01064	0.01600	0.02248	0.71781	0.04347	0.09672	0.01186	0.00675	0.00181	0.00271	0.01045	0.00624	0.00536
23	0.01444	0.00866	0.01052	0.00898	0.01170	0.00848	0.00707	0.09532	0.10758	0.20376	0.35510	0.03238	0.09232	0.00981	0.00628	0.00181	0.00385	0.00834	0.00629	0.00731
24	0.02040	0.01535	0.01641	0.01289	0.01722	0.01711	0.01055	0.61635	0.15696	0.03388	0.01544	0.01510	0.01111	0.00703	0.00574	0.00176	0.00598	0.00539	0.00574	0.00961
25	0.00699	0.00532	0.00644	0.00719	0.00813	0.00477	0.00500	0.00827	0.01206	0.01555	0.09869	0.49228	0.27609	0.01629	0.00708	0.00215	0.00313	0.01441	0.00539	0.00477
26	0.00796	0.00584	0.00746	0.00706	0.00846	0.00534	0.00529	0.01054	0.01588	0.02219	0.69047	0.04395	0.12425	0.01197	0.00675	0.00181	0.00272	0.01052	0.00620	0.00534
27	0.01251	0.01251	0.01752	0.01502	0.01502	0.01752	0.01251	0.01377	0.00876	0.01377	0.00751	0.01251	0.00751	0.01001	0.01877	0.00250	0.78851	0.00501	0.00250	0.00626
28	0.83938	0.01106	0.00841	0.00752	0.01106	0.01283	0.00619	0.01681	0.00973	0.02566	0.00796	0.00929	0.00619	0.00531	0.00354	0.00177	0.00442	0.00310	0.00354	0.00619
29	0.00817	0.00613	0.00919	0.00919	0.01021	0.00715	0.00715	0.01021	0.00919	0.01328	0.01532	0.02247	0.01430	0.04290	0.77631	0.00919	0.01532	0.00613	0.00306	0.00511
30	0.00697	0.00498	0.00664	0.00796	0.00830	0.00465	0.00531	0.00796	0.01095	0.01460	0.03153	0.79525	0.03783	0.01792	0.00730	0.00232	0.00332	0.01626	0.00531	0.00465
31	0.02137	0.02726	0.01621	0.01474	0.01768	0.77602	0.01105	0.02284	0.01621	0.01400	0.00884	0.01031	0.00737	0.00589	0.00516	0.00147	0.01031	0.00368	0.00295	0.00663
32	0.01893	0.01394	0.01484	0.01185	0.01576	0.01547	0.00964	0.51962	0.15499	0.03193	0.01610	0.01610	0.01177	0.00700	0.00551	0.00171	0.00550	0.00541	0.11492	0.00902
33	0.02127	0.01579	0.01690	0.01307	0.01756	0.01752	0.01076	0.69957	0.07232	0.03529	0.01433	0.01421	0.01021	0.00692	0.00573	0.00173	0.00618	0.00523	0.00573	0.00969
34	0.00820	0.00602	0.00866	0.00866	0.00950	0.00686	0.00649	0.00987	0.00904	0.01289	0.01580	0.02515	0.01546	0.17835	0.64246	0.00854	0.01357	0.00652	0.00314	0.00481
35	0.00832	0.00555	0.00624	0.00624	0.00624	0.00555	0.00347	0.00832	0.00832	0.01109	0.01802	0.03743	0.02080	0.79898	0.02911	0.00555	0.00555	0.00832	0.00347	0.00347
36	0.83938	0.01106	0.00841	0.00752	0.01106	0.01283	0.00619	0.01681	0.00973	0.02566	0.00796	0.00929	0.00619	0.00531	0.00354	0.00177	0.00442	0.00310	0.00354	0.00619
37	0.00832	0.00555	0.00624	0.00624	0.00624	0.00555	0.00347	0.00832	0.00832	0.01109	0.01802	0.03743	0.02080	0.79898	0.02911	0.00555	0.00555	0.00832	0.00347	0.00347
38	0.01261	0.01014	0.01194	0.00856	0.01361	0.00767	0.00687	0.01513	0.01210	0.05914	0.01084	0.01227	0.00878	0.00439	0.00432	0.00090	0.00427	0.00352	0.00359	0.78936
39	0.01529	0.80242	0.02997	0.00979	0.01468	0.02263	0.00979	0.01713	0.01162	0.01346	0.00795	0.00918	0.00734	0.00489	0.00367	0.00122	0.00612	0.00306	0.00245	0.00734
40	0.01186	0.01017	0.01186	0.00847	0.01356	0.00762	0.00678	0.01440	0.01186	0.01864	0.01017	0.01186	0.00847	0.00424	0.00424	0.00085	0.00424	0.00339	0.00339	0.83395
41	0.01356	0.01298	0.02213	0.16949	0.63362	0.01343	0.01726	0.01703	0.01274	0.01796	0.01065	0.01435	0.00880	0.00521	0.00567	0.00174	0.00694	0.00509	0.00278	0.00858
42	0.00697	0.00498	0.00664	0.00796	0.00830	0.00465	0.00531	0.00796	0.01095	0.01460	0.03153	0.79525	0.03783	0.01792	0.00730	0.00232	0.00332	0.01626	0.00531	0.00465
43	0.00832	0.00555	0.00624	0.00624	0.00624	0.00555	0.00347	0.00832	0.00832	0.01109	0.01802	0.03743	0.02080	0.79898	0.02911	0.00555	0.00555	0.00832	0.00347	0.00347
44	0.01186	0.01017	0.01186	0.00847	0.01356	0.00762	0.00678	0.01440	0.01186	0.01864	0.01017	0.01186	0.00847	0.00424	0.00424	0.00085	0.00424	0.00339	0.00339	0.83395
45	0.00832	0.00555	0.00624	0.00624	0.00624	0.00555	0.00347	0.00832	0.00832	0.01109	0.01802	0.03743	0.02080	0.79898	0.02911	0.00555	0.00555	0.00832	0.00347	0.00347
46	0.02482	0.01064	0.01378	0.01061	0.01502	0.00980	0.00875	0.12275	0.03839	0.64968	0.02142	0.01876	0.01366	0.00707	0.00575	0.00177	0.00505	0.00569	0.00686	0.00971
47	0.02163	0.01937	0.01688	0.01363	0.01772	0.24390	0.01093	0.52907	0.02371	0.02947	0.01227	0.01271	0.00902	0.00658	0.00555	0.00164	0.00749	0.00471	0.00489	0.00880
48	0.00704	0.00581	0.00618	0.00609	0.00790	0.00495	0.00457	0.00875	0.01370	0.01701	0.20459	0.05247	0.61336	0.01390	0.00676	0.00190	0.00286	0.01171	0.00552	0.00495
49	0.00697	0.00498	0.00664	0.00796	0.00830	0.00465	0.00531	0.00796	0.01095	0.01460	0.03153	0.79525	0.03783	0.01792	0.00730	0.00232	0.00332	0.01626	0.00531	0.00465
50	0.01538	0.01254	0.01335	0.01173	0.01514	0.01434	0.00920	0.09802	0.65606	0.05336	0.02235	0.02055	0.01660	0.00765	0.00581	0.00191	0.00471	0.00631	0.00586	0.00914
51	0.01398	0.01145	0.01239	0.01122	0.01427	0.01301	0.00878	0.02800	0.63633	0.05180	0.07503	0.02493	0.02066	0.00841	0.00599	0.00196	0.00445	0.04284	0.00587	0.00863
52	0.01466	0.67501	0.15187	0.01086	0.01634	0.02109	0.01166	0.01729	0.01170	0.01423	0.00833	0.00965	0.00732	0.00498	0.00396	0.00132	0.00650	0.00325	0.00244	0.00752
53	0.01305	0.00908	0.01009	0.00895	0.01078	0.00974	0.00638	0.12183	0.19858	0.07497	0.01901	0.02832	0.01773	0.41148	0.03253	0.00387	0.00554	0.00716	0.00465	0.00628
54	0.01157	0.01110	0.05897	0.00893	0.01397	0.00782	0.00760	0.01429	0.01183	0.01839	0.01133	0.05425	0.00998	0.00505	0.00448	0.00099	0.00445	0.00414	0.00343	0.73744
55	0.01897	0.17163	0.10386	0.01282	0.01754	0.13709	0.01157	0.31387	0.07120	0.06890	0.01265	0.01300	0.00942	0.00624	0.00521	0.00161	0.00693	0.00454	0.00436	0.00858

[dist]
# distance from previous block
# <min> <max>
0	1

[block]
# block no. 4 follows, 41 sequences, length 11
# corresponding to MSA columns:
# 397-407
name=unknown_E
#
# <colnr> <probs for GDERKNQSTAVLIFYWHMCP>
#	G	D	E	R	K	N	Q	S	T	A	V	L	I	F	Y	W	H	M	C	P
0	0.00898	0.00630	0.00699	0.00684	0.00720	0.00652	0.00409	0.01079	0.09155	0.01253	0.01861	0.03563	0.02042	0.71055	0.02651	0.00514	0.00543	0.00811	0.00373	0.00409
1	0.00832	0.00555	0.00624	0.00624	0.00624	0.00555	0.00347	0.00832	0.00832	0.01109	0.01802	0.03743	0.02080	0.79898	0.02911	0.00555	0.00555	0.00832	0.00347	0.00347
2	0.01388	0.01194	0.01015	0.05115	0.01254	0.19382	0.00737	0.07827	0.01389	0.01937	0.01494	0.01783	0.01204	0.01132	0.10854	0.00249	0.00681	0.00501	0.40259	0.00605
3	0.02101	0.01328	0.01499	0.01192	0.01612	0.01417	0.00971	0.36064	0.20360	0.24421	0.01865	0.01727	0.01292	0.00715	0.00575	0.00179	0.00544	0.00565	0.00614	0.00956
4	0.00870	0.00559	0.00736	0.00805	0.00897	0.00514	0.00570	0.01009	0.01221	0.07623	0.11368	0.56539	0.08312	0.01603	0.00711	0.00221	0.00345	0.05022	0.00556	0.00518
5	0.06886	0.51396	0.10804	0.01045	0.01556	0.01824	0.01056	0.01928	0.01247	0.15942	0.01102	0.01148	0.00857	0.00540	0.00426	0.00143	0.00603	0.00371	0.00340	0.00785
6	0.02144	0.02510	0.01639	0.01443	0.01769	0.63049	0.01102	0.16129	0.01826	0.01823	0.00978	0.01097	0.00782	0.00608	0.00527	0.00152	0.00954	0.00397	0.00348	0.00723
7	0.00729	0.00578	0.00659	0.00675	0.00832	0.00508	0.00510	0.00906	0.01350	0.01714	0.20598	0.13590	0.46302	0.01437	0.00692	0.00201	0.00311	0.07359	0.00552	0.00497
8	0.04773	0.00605	0.00599	0.00577	0.00735	0.00621	0.00440	0.04564	0.01255	0.02216	0.01797	0.02046	0.01407	0.00661	0.00405	0.00137	0.00290	0.00522	0.75792	0.00556
9	0.01186	0.01017	0.01186	0.00847	0.01356	0.00762	0.00678	0.01440	0.01186	0.01864	0.01017	0.01186	0.00847	0.00424	0.00424	0.00085	0.00424	0.00339	0.00339	0.83395
10	0.00810	0.00585	0.00765	0.00720	0.00855	0.00540	0.00540	0.01079	0.01619	0.02294	0.76028	0.04273	0.05397	0.01169	0.00675	0.00180	0.00270	0.01034	0.00630	0.00540

[dist]
# distance from previous block
# <min> <max>
0	1

[block]
# block no. 5 follows, 41 sequences, length 6
# corresponding to MSA columns:
# 409-414
name=unknown_F
#
# <colnr> <probs for GDERKNQSTAVLIFYWHMCP>
#	G	D	E	R	K	N	Q	S	T	A	V	L	I	F	Y	W	H	M	C	P
0	0.00703	0.00580	0.00616	0.00607	0.00789	0.00494	0.00455	0.00872	0.01366	0.01694	0.19749	0.05260	0.62050	0.01393	0.00676	0.00191	0.00286	0.01173	0.00551	0.00494
1	0.02092	0.01561	0.01670	0.01299	0.01742	0.01735	0.01067	0.66605	0.10641	0.03472	0.01478	0.01457	0.01057	0.00696	0.00573	0.00174	0.00610	0.00529	0.00573	0.00965
2	0.08288	0.01084	0.01318	0.01040	0.01450	0.01056	0.00851	0.14628	0.07606	0.48281	0.06790	0.01941	0.01567	0.00727	0.00565	0.00178	0.00491	0.00581	0.00644	0.00914
3	0.23101	0.01573	0.01340	0.01125	0.01488	0.18748	0.00897	0.23225	0.04813	0.10526	0.06745	0.01488	0.01233	0.00666	0.00511	0.00170	0.00624	0.00479	0.00472	0.00777
4	0.00832	0.00555	0.00624	0.00624	0.00624	0.00555	0.00347	0.00832	0.00832	0.01109	0.01802	0.03743	0.02080	0.79898	0.02911	0.00555	0.00555	0.00832	0.00347	0.00347
5	0.01080	0.01017	0.01716	0.78523	0.03940	0.01271	0.01589	0.01461	0.01144	0.01461	0.01017	0.01525	0.00762	0.00572	0.00572	0.00191	0.00762	0.00508	0.00254	0.00635

[dist]
# distance from previous block
# <min> <max>
0	110

# created by:
# /software/SequenceAnalysis/GenePrediction/augustus/3.0.1/scripts/msa2prfl.pl ./fixed/BUSCOvEOG7Q5B3G.fas
