[name]
unknown

[dist]
# distance from previous block
# <min> <max>
0	296

[block]
# block no. 0 follows, 38 sequences, length 76
# corresponding to MSA columns:
# 299-374
name=unknown_A
#
# <colnr> <probs for GDERKNQSTAVLIFYWHMCP>
#	G	D	E	R	K	N	Q	S	T	A	V	L	I	F	Y	W	H	M	C	P
0	0.02263	0.02731	0.01785	0.06483	0.02087	0.65944	0.01239	0.02470	0.05540	0.01677	0.01174	0.01395	0.00980	0.00730	0.00615	0.00189	0.01073	0.00464	0.00376	0.00787
1	0.40581	0.01880	0.01399	0.01251	0.01584	0.28311	0.00970	0.02141	0.01403	0.06941	0.01124	0.01330	0.00911	0.00735	0.00647	0.00209	0.06961	0.00435	0.00416	0.00771
2	0.02413	0.01775	0.01894	0.01477	0.01962	0.01929	0.01199	0.71449	0.02884	0.03880	0.01588	0.01651	0.01165	0.00821	0.00666	0.00209	0.00710	0.00589	0.00647	0.01093
3	0.01355	0.01049	0.01360	0.18451	0.05070	0.03651	0.01050	0.01550	0.01336	0.06047	0.06668	0.11226	0.05139	0.04485	0.02489	0.00259	0.11780	0.00805	0.15519	0.00709
4	0.00906	0.00680	0.00805	0.00887	0.00997	0.00605	0.00621	0.00995	0.01340	0.01741	0.05758	0.48922	0.25753	0.01818	0.00813	0.00259	0.00401	0.05510	0.00607	0.00583
5	0.36530	0.03475	0.01302	0.01095	0.01460	0.01378	0.00878	0.13454	0.07916	0.10998	0.04342	0.05843	0.01621	0.00903	0.00593	0.00223	0.00556	0.06038	0.00553	0.00843
6	0.02322	0.01705	0.01821	0.01430	0.01884	0.01847	0.01149	0.66821	0.02758	0.03712	0.01617	0.01811	0.01239	0.05827	0.00823	0.00234	0.00705	0.00611	0.00632	0.01051
7	0.00949	0.00696	0.00852	0.00876	0.00998	0.00625	0.00619	0.01099	0.01533	0.02099	0.36999	0.32934	0.14069	0.01603	0.00793	0.00240	0.00369	0.01383	0.00653	0.00611
8	0.01290	0.01175	0.01893	0.75642	0.04184	0.01413	0.01713	0.01640	0.01298	0.01681	0.01222	0.01807	0.00949	0.00703	0.00665	0.00228	0.00847	0.00583	0.00321	0.00747
9	0.01608	0.79220	0.03152	0.01029	0.01544	0.02380	0.01029	0.01801	0.01222	0.01415	0.00836	0.00965	0.00772	0.00515	0.00386	0.00129	0.00643	0.00322	0.00257	0.00772
10	0.00733	0.00524	0.00698	0.00838	0.00873	0.00489	0.00558	0.00838	0.01152	0.01536	0.03316	0.78466	0.03979	0.01885	0.00768	0.00244	0.00349	0.01710	0.00558	0.00489
11	0.83108	0.01163	0.00884	0.00791	0.01163	0.01350	0.00651	0.01768	0.01024	0.02699	0.00838	0.00977	0.00651	0.00558	0.00372	0.00186	0.00465	0.00326	0.00372	0.00651
12	0.01541	0.01315	0.01385	0.01233	0.01581	0.01517	0.00963	0.07157	0.69985	0.02589	0.02392	0.02199	0.01790	0.00811	0.00612	0.00203	0.00487	0.00672	0.00612	0.00956
13	0.02089	0.01534	0.01655	0.01320	0.01760	0.01702	0.01074	0.49108	0.22856	0.07787	0.01784	0.01707	0.01281	0.00750	0.00605	0.00188	0.00600	0.00585	0.00613	0.01003
14	0.00732	0.00528	0.00694	0.00827	0.00870	0.00490	0.00553	0.00839	0.01162	0.01540	0.03451	0.74932	0.07425	0.01867	0.00765	0.00242	0.00347	0.01689	0.00558	0.00490
15	0.38833	0.01356	0.01323	0.01073	0.01497	0.01503	0.00883	0.29746	0.04956	0.11518	0.01321	0.01337	0.00944	0.00655	0.00499	0.00185	0.00548	0.00457	0.00515	0.00852
16	0.01323	0.01330	0.01949	0.16149	0.02208	0.04861	0.09197	0.01556	0.01082	0.01560	0.00958	0.01444	0.00845	0.00869	0.01429	0.00233	0.47199	0.00544	0.04591	0.00673
17	0.00733	0.00524	0.00698	0.00838	0.00873	0.00489	0.00558	0.00838	0.01152	0.01536	0.03316	0.78466	0.03979	0.01885	0.00768	0.00244	0.00349	0.01710	0.00558	0.00489
18	0.01385	0.01549	0.03270	0.09792	0.03141	0.01524	0.61370	0.01858	0.01367	0.01858	0.01175	0.01601	0.00894	0.00551	0.00780	0.00206	0.05911	0.00681	0.00298	0.00788
19	0.00840	0.00614	0.00789	0.00745	0.00892	0.00563	0.00559	0.01114	0.01676	0.02350	0.69320	0.04597	0.11184	0.01253	0.00710	0.00190	0.00285	0.01102	0.00654	0.00563
20	0.00733	0.00524	0.00698	0.00838	0.00873	0.00489	0.00558	0.00838	0.01152	0.01536	0.03316	0.78466	0.03979	0.01885	0.00768	0.00244	0.00349	0.01710	0.00558	0.00489
21	0.01097	0.00597	0.00880	0.05148	0.01014	0.00619	0.00611	0.03530	0.00884	0.01175	0.01061	0.01802	0.01030	0.01954	0.02187	0.74757	0.00544	0.00524	0.00274	0.00313
22	0.00822	0.00610	0.00878	0.00974	0.01058	0.00582	0.03374	0.00988	0.01224	0.01621	0.03202	0.56329	0.03725	0.01773	0.00783	0.00252	0.00429	0.20309	0.00548	0.00518
23	0.02528	0.01166	0.01468	0.01140	0.01598	0.01112	0.00937	0.15764	0.07680	0.56613	0.02210	0.01953	0.01432	0.00746	0.00605	0.00187	0.00536	0.00599	0.00708	0.01018
24	0.01158	0.01054	0.01750	0.61302	0.03576	0.01292	0.04651	0.01534	0.01202	0.01624	0.01155	0.01656	0.00885	0.00635	0.00670	0.00198	0.05399	0.00545	0.09053	0.00662
25	0.01121	0.00561	0.00561	0.00561	0.00701	0.00561	0.00421	0.01402	0.01262	0.02243	0.01962	0.02243	0.01542	0.00701	0.00421	0.00140	0.00280	0.00561	0.82198	0.00561
26	0.58600	0.01127	0.00976	0.04126	0.01300	0.01288	0.00715	0.09465	0.01263	0.02700	0.01081	0.01243	0.00831	0.00599	0.00414	0.00179	0.00474	0.00393	0.12547	0.00679
27	0.00733	0.00524	0.00698	0.00838	0.00873	0.00489	0.00558	0.00838	0.01152	0.01536	0.03316	0.78466	0.03979	0.01885	0.00768	0.00244	0.00349	0.01710	0.00558	0.00489
28	0.01643	0.01201	0.01698	0.01350	0.01769	0.01191	0.14012	0.02483	0.29179	0.17878	0.03695	0.06888	0.01689	0.00772	0.00618	0.00187	0.00565	0.00701	0.00547	0.11935
29	0.01608	0.79220	0.03152	0.01029	0.01544	0.02380	0.01029	0.01801	0.01222	0.01415	0.00836	0.00965	0.00772	0.00515	0.00386	0.00129	0.00643	0.00322	0.00257	0.00772
30	0.00733	0.00524	0.00698	0.00838	0.00873	0.00489	0.00558	0.00838	0.01152	0.01536	0.03316	0.78466	0.03979	0.01885	0.00768	0.00244	0.00349	0.01710	0.00558	0.00489
31	0.01604	0.67523	0.08460	0.01103	0.01638	0.02254	0.01121	0.04941	0.03773	0.01592	0.00936	0.01052	0.00818	0.00538	0.00417	0.00138	0.00657	0.00353	0.00284	0.00798
32	0.80086	0.01183	0.00919	0.00813	0.01190	0.01369	0.00670	0.04435	0.01091	0.02740	0.00860	0.00995	0.00665	0.00565	0.00381	0.00186	0.00473	0.00334	0.00381	0.00665
33	0.00726	0.00607	0.00632	0.00633	0.00823	0.00513	0.00472	0.00890	0.01396	0.01701	0.12926	0.08375	0.65227	0.01507	0.00713	0.00203	0.00304	0.01268	0.00569	0.00513
34	0.27098	0.01188	0.01218	0.00991	0.01391	0.01248	0.00807	0.19582	0.05205	0.16558	0.01756	0.01745	0.05249	0.00704	0.00513	0.00176	0.00499	0.00523	0.06761	0.06789
35	0.02201	0.01475	0.01635	0.01269	0.01731	0.01573	0.01041	0.48914	0.09055	0.15957	0.01687	0.01628	0.01182	0.00719	0.00590	0.00178	0.00598	0.00555	0.02386	0.05625
36	0.00860	0.00563	0.00658	0.00699	0.00724	0.00553	0.00427	0.00921	0.00997	0.01389	0.02316	0.25424	0.02639	0.48099	0.02112	0.00437	0.00483	0.01084	0.09194	0.00422
37	0.01323	0.04404	0.01252	0.00945	0.01318	0.01014	0.00753	0.08856	0.07987	0.02159	0.01577	0.08868	0.01386	0.00717	0.00565	0.00141	0.03706	0.00574	0.14440	0.38015
38	0.02334	0.01284	0.03017	0.01200	0.01633	0.01266	0.01005	0.26834	0.02047	0.40631	0.06455	0.01936	0.01536	0.00781	0.00687	0.00189	0.04933	0.00606	0.00653	0.00972
39	0.00739	0.00528	0.00703	0.00834	0.00874	0.00492	0.00559	0.00852	0.01179	0.01578	0.06791	0.74869	0.04061	0.01853	0.00765	0.00242	0.00346	0.01680	0.00563	0.00492
40	0.01470	0.01447	0.04006	0.06153	0.67382	0.01429	0.01805	0.01902	0.04894	0.01976	0.01192	0.01525	0.00986	0.00553	0.00596	0.00181	0.00710	0.00541	0.00311	0.00941
41	0.01207	0.03112	0.75741	0.01715	0.02604	0.01397	0.02223	0.01905	0.01270	0.01905	0.01080	0.01270	0.00762	0.00572	0.00572	0.00191	0.00889	0.00445	0.00254	0.00889
42	0.00737	0.00525	0.00697	0.00832	0.00866	0.00491	0.00553	0.00839	0.01144	0.01525	0.03275	0.76349	0.03928	0.04070	0.00833	0.00254	0.00356	0.01686	0.00553	0.00485
43	0.00859	0.00645	0.00967	0.00967	0.01074	0.00752	0.00752	0.01074	0.00967	0.01396	0.01611	0.02363	0.01504	0.04512	0.76474	0.00967	0.01611	0.00645	0.00322	0.00537
44	0.01071	0.00649	0.00841	0.00823	0.00987	0.00587	0.00614	0.01276	0.01484	0.12607	0.31096	0.26843	0.13020	0.01413	0.00717	0.00211	0.00351	0.04184	0.00625	0.00602
45	0.02372	0.01450	0.01652	0.01264	0.01743	0.01511	0.01043	0.47907	0.02412	0.26300	0.01721	0.01626	0.01164	0.00717	0.00596	0.00178	0.00605	0.00554	0.00636	0.04550
46	0.00860	0.00643	0.00959	0.00959	0.01064	0.00748	0.00742	0.01069	0.00965	0.01391	0.01618	0.02402	0.01521	0.06334	0.74675	0.00957	0.01586	0.00650	0.00323	0.00533
47	0.02247	0.02867	0.01705	0.01550	0.01860	0.76443	0.01162	0.02402	0.01705	0.01472	0.00930	0.01085	0.00775	0.00620	0.00542	0.00155	0.01085	0.00387	0.00310	0.00697
48	0.02099	0.15053	0.01999	0.01583	0.06503	0.50912	0.01182	0.10498	0.01736	0.01765	0.00987	0.01133	0.00815	0.00609	0.00527	0.00155	0.00940	0.00404	0.00335	0.00764
49	0.00757	0.00607	0.00675	0.00666	0.00843	0.00526	0.00497	0.00949	0.01467	0.01871	0.27775	0.08576	0.49783	0.01446	0.00713	0.00201	0.00300	0.01231	0.00592	0.00526
50	0.02182	0.01602	0.01728	0.01343	0.01792	0.01774	0.01100	0.65961	0.05846	0.03581	0.01466	0.01501	0.01060	0.00803	0.00701	0.04806	0.00646	0.00547	0.00583	0.00977
51	0.01608	0.79220	0.03152	0.01029	0.01544	0.02380	0.01029	0.01801	0.01222	0.01415	0.00836	0.00965	0.00772	0.00515	0.00386	0.00129	0.00643	0.00322	0.00257	0.00772
52	0.00733	0.00524	0.00698	0.00838	0.00873	0.00489	0.00558	0.00838	0.01152	0.01536	0.03316	0.78466	0.03979	0.01885	0.00768	0.00244	0.00349	0.01710	0.00558	0.00489
53	0.02212	0.01613	0.01726	0.01331	0.01791	0.01782	0.01097	0.68506	0.02728	0.03692	0.01478	0.01495	0.01056	0.00721	0.00590	0.00178	0.00638	0.00543	0.05830	0.00993
54	0.01298	0.01327	0.05224	0.01426	0.01999	0.01046	0.22698	0.01657	0.01301	0.01948	0.01115	0.01362	0.00892	0.00470	0.00531	0.00128	0.00638	0.00468	0.00336	0.54136
55	0.00757	0.00546	0.00716	0.00811	0.00875	0.00506	0.00556	0.00901	0.01276	0.01722	0.18300	0.60010	0.07325	0.01733	0.00753	0.00231	0.00334	0.01562	0.00580	0.00506
56	0.08280	0.00996	0.01019	0.00860	0.01147	0.01058	0.00686	0.24602	0.01748	0.02769	0.01663	0.01837	0.01273	0.00685	0.00476	0.00155	0.00426	0.00526	0.45531	0.04264
57	0.00842	0.00625	0.00900	0.00980	0.01069	0.00600	0.03790	0.01009	0.01215	0.01608	0.03095	0.48902	0.03577	0.06691	0.00931	0.00274	0.00454	0.22388	0.00534	0.00514
58	0.00733	0.00524	0.00698	0.00838	0.00873	0.00489	0.00558	0.00838	0.01152	0.01536	0.03316	0.78466	0.03979	0.01885	0.00768	0.00244	0.00349	0.01710	0.00558	0.00489
59	0.03020	0.17094	0.58977	0.01589	0.02391	0.01581	0.03702	0.01884	0.01260	0.01832	0.01033	0.01216	0.00765	0.00559	0.00536	0.00179	0.00838	0.00426	0.00258	0.00860
60	0.01562	0.01843	0.04285	0.03710	0.02598	0.17106	0.41858	0.01928	0.01379	0.01735	0.01073	0.01447	0.00856	0.00635	0.00904	0.00204	0.15223	0.00600	0.00296	0.00758
61	0.00733	0.00524	0.00698	0.00838	0.00873	0.00489	0.00558	0.00838	0.01152	0.01536	0.03316	0.78466	0.03979	0.01885	0.00768	0.00244	0.00349	0.01710	0.00558	0.00489
62	0.01246	0.02840	0.62560	0.01864	0.02702	0.01420	0.15131	0.01909	0.01297	0.01909	0.01105	0.01334	0.00790	0.00560	0.00597	0.00193	0.00912	0.00493	0.00263	0.00875
63	0.00823	0.00596	0.00776	0.00768	0.00890	0.00550	0.00562	0.01066	0.01580	0.02208	0.57980	0.19405	0.07799	0.01372	0.00721	0.00201	0.00298	0.01219	0.00638	0.00550
64	0.00733	0.00524	0.00698	0.00838	0.00873	0.00489	0.00558	0.00838	0.01152	0.01536	0.03316	0.78466	0.03979	0.01885	0.00768	0.00244	0.00349	0.01710	0.00558	0.00489
65	0.01608	0.79220	0.03152	0.01029	0.01544	0.02380	0.01029	0.01801	0.01222	0.01415	0.00836	0.00965	0.00772	0.00515	0.00386	0.00129	0.00643	0.00322	0.00257	0.00772
66	0.00740	0.00529	0.00704	0.00833	0.00874	0.00493	0.00559	0.00854	0.01183	0.01585	0.07365	0.74275	0.04075	0.01848	0.00765	0.00241	0.00345	0.01675	0.00564	0.00493
67	0.01207	0.03112	0.75741	0.01715	0.02604	0.01397	0.02223	0.01905	0.01270	0.01905	0.01080	0.01270	0.00762	0.00572	0.00572	0.00191	0.00889	0.00445	0.00254	0.00889
68	0.83108	0.01163	0.00884	0.00791	0.01163	0.01350	0.00651	0.01768	0.01024	0.02699	0.00838	0.00977	0.00651	0.00558	0.00372	0.00186	0.00465	0.00326	0.00372	0.00651
69	0.02232	0.04734	0.01740	0.01537	0.01852	0.74633	0.01159	0.02387	0.01693	0.01471	0.00928	0.01082	0.00775	0.00617	0.00539	0.00154	0.01074	0.00386	0.00309	0.00699
70	0.01949	0.14892	0.01796	0.01217	0.01611	0.18912	0.01001	0.31410	0.02006	0.02560	0.01297	0.01404	0.01004	0.00653	0.00519	0.00157	0.00689	0.00467	0.13631	0.02824
71	0.00817	0.00607	0.00760	0.00735	0.00881	0.00551	0.00546	0.01063	0.01602	0.02203	0.56902	0.10089	0.18356	0.01332	0.00714	0.00196	0.00292	0.01167	0.00636	0.00551
72	0.01347	0.21296	0.53780	0.01566	0.02344	0.01626	0.04584	0.01906	0.01275	0.03550	0.01057	0.01229	0.00788	0.00560	0.00533	0.00176	0.00826	0.00429	0.00268	0.00861
73	0.01596	0.68029	0.05771	0.01137	0.01653	0.05394	0.04233	0.01822	0.01264	0.01480	0.02472	0.01087	0.00884	0.00536	0.00421	0.00137	0.00680	0.00363	0.00270	0.00771
74	0.00768	0.00577	0.00725	0.00812	0.00909	0.00518	0.00567	0.00898	0.01206	0.01587	0.03677	0.58143	0.16380	0.01729	0.00742	0.00230	0.00355	0.04483	0.00547	0.05148
75	0.44675	0.01330	0.05845	0.01065	0.04560	0.06033	0.00858	0.04865	0.03911	0.05214	0.11543	0.01829	0.04680	0.00721	0.00495	0.00186	0.00521	0.00526	0.00438	0.00706

[dist]
# distance from previous block
# <min> <max>
0	1

[block]
# block no. 1 follows, 38 sequences, length 27
# corresponding to MSA columns:
# 376-402
name=unknown_B
#
# <colnr> <probs for GDERKNQSTAVLIFYWHMCP>
#	G	D	E	R	K	N	Q	S	T	A	V	L	I	F	Y	W	H	M	C	P
0	0.00818	0.00606	0.00768	0.00780	0.00914	0.00556	0.00587	0.01047	0.01518	0.02063	0.43433	0.17905	0.17038	0.01437	0.00732	0.00210	0.00325	0.08105	0.00616	0.00542
1	0.01237	0.01208	0.02289	0.38424	0.03274	0.01315	0.27248	0.01622	0.01253	0.01696	0.01176	0.01661	0.00908	0.00674	0.00768	0.05058	0.02894	0.00599	0.06008	0.00688
2	0.00993	0.00818	0.01026	0.01004	0.01131	0.05739	0.00774	0.03273	0.01066	0.01462	0.01574	0.02320	0.01471	0.07343	0.66105	0.00874	0.01505	0.00635	0.00332	0.00554
3	0.00733	0.00524	0.00698	0.00838	0.00873	0.00489	0.00558	0.00838	0.01152	0.01536	0.03316	0.78466	0.03979	0.01885	0.00768	0.00244	0.00349	0.01710	0.00558	0.00489
4	0.27047	0.04781	0.02302	0.05403	0.02260	0.01423	0.33312	0.01915	0.01287	0.09237	0.01217	0.02967	0.00934	0.00593	0.00610	0.00195	0.02817	0.00569	0.00368	0.00763
5	0.00765	0.00530	0.00687	0.00809	0.00848	0.00499	0.00538	0.00873	0.01140	0.01553	0.03143	0.69079	0.03717	0.06861	0.00898	0.00260	0.00360	0.01588	0.05366	0.00485
6	0.01121	0.00561	0.00561	0.00561	0.00701	0.00561	0.00421	0.01402	0.01262	0.02243	0.01962	0.02243	0.01542	0.00701	0.00421	0.00140	0.00280	0.00561	0.82198	0.00561
7	0.04896	0.01253	0.05730	0.04447	0.04057	0.01030	0.00922	0.10832	0.01462	0.04612	0.01207	0.01373	0.00947	0.00528	0.00485	0.00125	0.00517	0.00418	0.05354	0.49805
8	0.01395	0.01436	0.02339	0.31015	0.25223	0.07700	0.16834	0.01770	0.01333	0.01734	0.01107	0.01534	0.00874	0.00596	0.00656	0.01988	0.00838	0.00560	0.00288	0.00779
9	0.00733	0.00524	0.00698	0.00838	0.00873	0.00489	0.00558	0.00838	0.01152	0.01536	0.03316	0.78466	0.03979	0.01885	0.00768	0.00244	0.00349	0.01710	0.00558	0.00489
10	0.02060	0.01367	0.04087	0.05849	0.01928	0.04587	0.07906	0.11461	0.12518	0.32346	0.03243	0.01865	0.01365	0.00740	0.00703	0.00194	0.05687	0.00603	0.00569	0.00920
11	0.01432	0.01195	0.01325	0.03648	0.01599	0.01361	0.00981	0.07018	0.53829	0.02442	0.04010	0.02973	0.02104	0.00952	0.00649	0.00214	0.00507	0.12295	0.00592	0.00873
12	0.00733	0.00524	0.00698	0.00838	0.00873	0.00489	0.00558	0.00838	0.01152	0.01536	0.03316	0.78466	0.03979	0.01885	0.00768	0.00244	0.00349	0.01710	0.00558	0.00489
13	0.01615	0.01342	0.01417	0.01233	0.01595	0.01531	0.00971	0.15959	0.58533	0.02721	0.02385	0.02215	0.04110	0.00822	0.00614	0.00200	0.00505	0.00674	0.00608	0.00950
14	0.00740	0.00529	0.00704	0.00833	0.00874	0.00493	0.00559	0.00856	0.01185	0.01589	0.07651	0.73979	0.04082	0.01845	0.00764	0.00241	0.00345	0.01672	0.00565	0.00493
15	0.01226	0.02978	0.69277	0.01788	0.02652	0.01408	0.08553	0.01907	0.01283	0.01907	0.01092	0.01302	0.00776	0.00566	0.00584	0.00192	0.00900	0.00468	0.00259	0.00882
16	0.83108	0.01163	0.00884	0.00791	0.01163	0.01350	0.00651	0.01768	0.01024	0.02699	0.00838	0.00977	0.00651	0.00558	0.00372	0.00186	0.00465	0.00326	0.00372	0.00651
17	0.02247	0.02867	0.01705	0.01550	0.01860	0.76443	0.01162	0.02402	0.01705	0.01472	0.00930	0.01085	0.00775	0.00620	0.00542	0.00155	0.01085	0.00387	0.00310	0.00697
18	0.00989	0.00795	0.00971	0.00864	0.01148	0.00644	0.00635	0.01174	0.01199	0.01747	0.02198	0.40061	0.02443	0.01169	0.00608	0.00167	0.00397	0.01037	0.00458	0.41295
19	0.00819	0.00606	0.00764	0.00740	0.00883	0.00551	0.00549	0.01067	0.01604	0.02214	0.57901	0.10975	0.16432	0.01332	0.00715	0.00196	0.00293	0.01169	0.00637	0.00551
20	0.01183	0.00620	0.00626	0.00604	0.00762	0.00629	0.00459	0.05182	0.01344	0.02324	0.01935	0.02201	0.01515	0.00702	0.00430	0.00142	0.00300	0.00560	0.77896	0.00585
21	0.00932	0.00672	0.00883	0.01018	0.04876	0.00652	0.00672	0.01214	0.07820	0.04848	0.07890	0.56225	0.06753	0.01610	0.00731	0.00229	0.00380	0.01448	0.00564	0.00584
22	0.01260	0.01206	0.02168	0.37736	0.15881	0.01333	0.16578	0.01629	0.01251	0.01711	0.01151	0.01623	0.00905	0.00658	0.00745	0.03693	0.04055	0.00572	0.05118	0.00724
23	0.01247	0.01069	0.01247	0.00891	0.01426	0.00802	0.00713	0.01515	0.01247	0.01960	0.01069	0.01247	0.00891	0.00446	0.00446	0.00089	0.00446	0.00356	0.00356	0.82536
24	0.20343	0.10934	0.04165	0.01225	0.01640	0.11038	0.04163	0.13234	0.01594	0.17346	0.02928	0.01421	0.01048	0.00670	0.00613	0.00180	0.05707	0.00475	0.00455	0.00820
25	0.01508	0.01138	0.01328	0.00967	0.01488	0.00936	0.00780	0.10178	0.01480	0.09081	0.01236	0.01346	0.00963	0.00507	0.00479	0.00109	0.00478	0.00402	0.00422	0.65174
26	0.48967	0.04074	0.11375	0.01082	0.01549	0.01429	0.03303	0.08431	0.06716	0.06448	0.01139	0.01231	0.00845	0.00601	0.00462	0.00186	0.00568	0.00415	0.00409	0.00769

[dist]
# distance from previous block
# <min> <max>
0	467

# created by:
# /software/SequenceAnalysis/GenePrediction/augustus/3.0.1/scripts/msa2prfl.pl ./fixed/BUSCOvEOG75TF26.fas
