[name]
unknown

[dist]
# distance from previous block
# <min> <max>
3	313

[block]
# block no. 0 follows, 39 sequences, length 94
# corresponding to MSA columns:
# 337-430
name=unknown_A
#
# <colnr> <probs for GDERKNQSTAVLIFYWHMCP>
#	G	D	E	R	K	N	Q	S	T	A	V	L	I	F	Y	W	H	M	C	P
0	0.01239	0.01135	0.01845	0.76383	0.04107	0.01375	0.01677	0.01593	0.01258	0.01626	0.01173	0.01738	0.00905	0.00672	0.00642	0.00219	0.00824	0.00564	0.00306	0.00720
1	0.01530	0.69605	0.12616	0.01100	0.01654	0.02214	0.01165	0.01784	0.01208	0.01454	0.00853	0.00988	0.00758	0.00513	0.00403	0.00134	0.00664	0.00332	0.00253	0.00774
2	0.02175	0.01539	0.01665	0.01287	0.01729	0.01685	0.01054	0.64185	0.02587	0.07629	0.01506	0.01587	0.01098	0.04261	0.00696	0.00195	0.00628	0.00551	0.02980	0.00963
3	0.01482	0.08493	0.05405	0.04158	0.53876	0.01484	0.01626	0.05002	0.05912	0.01986	0.01174	0.01445	0.00965	0.00549	0.00561	0.00170	0.00677	0.00506	0.00321	0.04206
4	0.01260	0.01208	0.01867	0.38502	0.18686	0.03227	0.01534	0.01570	0.01165	0.01607	0.01030	0.01497	0.00846	0.00689	0.00907	0.00204	0.19410	0.00521	0.03558	0.00711
5	0.01226	0.01051	0.01226	0.00876	0.01401	0.00788	0.00701	0.01489	0.01226	0.01927	0.01051	0.01226	0.00876	0.00438	0.00438	0.00088	0.00438	0.00350	0.00350	0.82832
6	0.01454	0.01396	0.02384	0.05612	0.73618	0.01403	0.01810	0.01807	0.01342	0.01921	0.01111	0.01467	0.00933	0.00529	0.00586	0.00176	0.00705	0.00527	0.00292	0.00929
7	0.00845	0.00634	0.00950	0.00950	0.01056	0.00739	0.00739	0.01056	0.00950	0.01373	0.01584	0.02323	0.01478	0.04435	0.76873	0.00950	0.01584	0.00634	0.00317	0.00528
8	0.01183	0.00629	0.00637	0.00608	0.00770	0.00642	0.00464	0.06467	0.01349	0.02312	0.01893	0.02149	0.01480	0.00690	0.00426	0.00141	0.00302	0.00550	0.76724	0.00583
9	0.00699	0.00599	0.00599	0.00599	0.00799	0.00499	0.00449	0.00849	0.01348	0.01598	0.05991	0.05691	0.75288	0.01498	0.00699	0.00200	0.00300	0.01248	0.00549	0.00499
10	0.01186	0.03059	0.76153	0.01686	0.02560	0.01373	0.02185	0.01873	0.01249	0.01873	0.01061	0.01249	0.00749	0.00562	0.00562	0.00187	0.00874	0.00437	0.00250	0.00874
11	0.00721	0.00515	0.00686	0.00823	0.00858	0.00480	0.00549	0.00823	0.01132	0.01510	0.03259	0.78831	0.03911	0.01853	0.00755	0.00240	0.00343	0.01681	0.00549	0.00480
12	0.04323	0.01653	0.01738	0.02675	0.01848	0.03700	0.01116	0.66949	0.04391	0.03573	0.01409	0.01420	0.01005	0.00703	0.00584	0.00178	0.00654	0.00526	0.00573	0.00980
13	0.02509	0.01190	0.01480	0.01140	0.01598	0.01148	0.00940	0.22023	0.04112	0.54243	0.02088	0.01858	0.01350	0.00728	0.00594	0.00182	0.00542	0.00580	0.00690	0.01004
14	0.01374	0.01530	0.03128	0.02290	0.02759	0.01564	0.57833	0.01793	0.01290	0.01793	0.01106	0.01530	0.00871	0.00614	0.00966	0.00212	0.17633	0.00659	0.00290	0.00765
15	0.01402	0.01019	0.01221	0.00893	0.01387	0.00786	0.00716	0.01661	0.01317	0.12248	0.05510	0.01520	0.01229	0.00523	0.00475	0.00107	0.00438	0.00426	0.00421	0.66700
16	0.00829	0.00598	0.00783	0.00750	0.00882	0.00552	0.00557	0.01095	0.01635	0.02310	0.70055	0.09755	0.05460	0.01255	0.00702	0.00190	0.00284	0.01113	0.00644	0.00552
17	0.83394	0.01144	0.00869	0.00778	0.01144	0.01327	0.00640	0.01738	0.01006	0.02653	0.00823	0.00961	0.00640	0.00549	0.00366	0.00183	0.00457	0.00320	0.00366	0.00640
18	0.00721	0.00515	0.00686	0.00823	0.00858	0.00480	0.00549	0.00823	0.01132	0.01510	0.03259	0.78831	0.03911	0.01853	0.00755	0.00240	0.00343	0.01681	0.00549	0.00480
19	0.00822	0.00604	0.00770	0.00728	0.00874	0.00552	0.00546	0.01087	0.01639	0.02288	0.67775	0.04554	0.13073	0.01240	0.00698	0.00187	0.00281	0.01089	0.00640	0.00552
20	0.03246	0.01025	0.01694	0.71702	0.03824	0.01271	0.01557	0.01479	0.01167	0.01529	0.01109	0.03821	0.00881	0.00662	0.00631	0.02171	0.00760	0.00554	0.00274	0.00642
21	0.00879	0.00619	0.00793	0.00751	0.00906	0.00565	0.00571	0.01142	0.01626	0.04409	0.62476	0.04580	0.13142	0.01244	0.00699	0.00191	0.00299	0.03906	0.00638	0.00564
22	0.19051	0.01315	0.01824	0.01500	0.01675	0.01667	0.10477	0.04415	0.01065	0.01841	0.00866	0.01266	0.00772	0.00848	0.01387	0.00232	0.48322	0.00499	0.00300	0.00679
23	0.01441	0.01382	0.02360	0.08389	0.70943	0.01399	0.01804	0.01795	0.01336	0.01905	0.01108	0.01471	0.00927	0.00531	0.00586	0.00177	0.00708	0.00527	0.00291	0.00919
24	0.01395	0.01503	0.01149	0.01061	0.01284	0.29970	0.00798	0.01710	0.06818	0.01938	0.33815	0.03111	0.11139	0.00981	0.00628	0.00176	0.00598	0.00796	0.00503	0.00628
25	0.00756	0.00553	0.00707	0.00784	0.00865	0.00510	0.00550	0.00907	0.01278	0.01706	0.18927	0.48453	0.13438	0.03728	0.00798	0.00234	0.00338	0.04402	0.00565	0.00499
26	0.00844	0.00609	0.00800	0.00764	0.00903	0.00565	0.00581	0.01122	0.01656	0.02337	0.71055	0.04548	0.05454	0.01234	0.00704	0.00191	0.00294	0.05138	0.00645	0.00557
27	0.01044	0.00652	0.00848	0.00772	0.00953	0.00591	0.00588	0.01309	0.01657	0.11020	0.62607	0.04207	0.09117	0.01169	0.00685	0.00186	0.00307	0.01024	0.00655	0.00608
28	0.77603	0.01134	0.00905	0.00797	0.01170	0.01294	0.00657	0.01820	0.01056	0.07909	0.00932	0.01036	0.00700	0.00562	0.00382	0.00183	0.00461	0.00340	0.00392	0.00667
29	0.01808	0.01262	0.01338	0.01083	0.01434	0.01384	0.00876	0.44002	0.08330	0.03123	0.01670	0.01743	0.01240	0.00711	0.00534	0.00166	0.00513	0.00550	0.27382	0.00851
30	0.01710	0.01490	0.01435	0.01255	0.01609	0.10335	0.00982	0.12154	0.53472	0.05715	0.02101	0.01962	0.01564	0.00765	0.00592	0.00191	0.00563	0.00614	0.00571	0.00919
31	0.01434	0.17534	0.06259	0.05523	0.02592	0.04675	0.42285	0.01823	0.01303	0.01709	0.01055	0.01397	0.00840	0.00564	0.00737	0.00188	0.08461	0.00571	0.00282	0.00767
32	0.01377	0.39961	0.40919	0.01361	0.02057	0.01840	0.01619	0.01824	0.01226	0.01641	0.00946	0.01104	0.00754	0.00535	0.00474	0.00158	0.00757	0.00379	0.00251	0.00818
33	0.01936	0.01463	0.01587	0.04622	0.01798	0.03773	0.01081	0.44029	0.16796	0.06479	0.01793	0.02107	0.01401	0.00810	0.00614	0.00192	0.00615	0.07407	0.00573	0.00923
34	0.00721	0.00515	0.00686	0.00823	0.00858	0.00480	0.00549	0.00823	0.01132	0.01510	0.03259	0.78831	0.03911	0.01853	0.00755	0.00240	0.00343	0.01681	0.00549	0.00480
35	0.01297	0.01336	0.02067	0.01688	0.01824	0.03653	0.15918	0.01504	0.01037	0.01521	0.00999	0.04471	0.00956	0.01095	0.04866	0.00273	0.53943	0.00602	0.00282	0.00667
36	0.70391	0.01196	0.00996	0.00857	0.01239	0.01363	0.00706	0.09980	0.01241	0.06179	0.00962	0.01062	0.00720	0.00576	0.00402	0.00182	0.00482	0.00357	0.00409	0.00699
37	0.00857	0.00586	0.00709	0.00709	0.00731	0.00608	0.00438	0.00901	0.00879	0.01194	0.01805	0.03546	0.02009	0.63565	0.18469	0.00652	0.00785	0.00813	0.00350	0.00394
38	0.01516	0.01293	0.01362	0.01213	0.01555	0.01492	0.00947	0.07207	0.70322	0.02546	0.02350	0.02161	0.01759	0.00797	0.00601	0.00199	0.00479	0.00661	0.00601	0.00940
39	0.01306	0.01377	0.02474	0.01915	0.02181	0.01599	0.32341	0.01600	0.01120	0.01623	0.01015	0.01497	0.00879	0.01046	0.06746	0.00282	0.39413	0.00604	0.00280	0.00703
40	0.01464	0.01405	0.02400	0.03630	0.75528	0.01405	0.01815	0.01815	0.01347	0.01932	0.01112	0.01464	0.00937	0.00527	0.00585	0.00176	0.00703	0.00527	0.00293	0.00937
41	0.83394	0.01144	0.00869	0.00778	0.01144	0.01327	0.00640	0.01738	0.01006	0.02653	0.00823	0.00961	0.00640	0.00549	0.00366	0.00183	0.00457	0.00320	0.00366	0.00640
42	0.01456	0.01398	0.02387	0.05203	0.74012	0.01403	0.01811	0.01808	0.01343	0.01923	0.01111	0.01466	0.00934	0.00528	0.00586	0.00176	0.00704	0.00527	0.00292	0.00931
43	0.01382	0.01321	0.02252	0.21160	0.58639	0.01384	0.01774	0.01743	0.01308	0.01833	0.01098	0.01490	0.00902	0.00542	0.00587	0.00181	0.00723	0.00527	0.00286	0.00871
44	0.00721	0.00515	0.00686	0.00823	0.00858	0.00480	0.00549	0.00823	0.01132	0.01510	0.03259	0.78831	0.03911	0.01853	0.00755	0.00240	0.00343	0.01681	0.00549	0.00480
45	0.01027	0.00514	0.00770	0.00770	0.00770	0.00514	0.00514	0.00770	0.00770	0.01027	0.01027	0.01798	0.01027	0.02054	0.02311	0.82794	0.00514	0.00514	0.00257	0.00257
46	0.01447	0.01235	0.01439	0.01488	0.11253	0.01385	0.01024	0.02817	0.58177	0.03823	0.07457	0.02263	0.01955	0.00794	0.00606	0.00196	0.00486	0.00677	0.00567	0.00910
47	0.01156	0.00701	0.00891	0.00800	0.01009	0.00645	0.00615	0.01474	0.04900	0.14693	0.51797	0.04058	0.12639	0.01143	0.00676	0.00188	0.00328	0.00992	0.00651	0.00644
48	0.01317	0.01307	0.02387	0.01779	0.02230	0.01266	0.38824	0.06869	0.05668	0.02038	0.08149	0.02054	0.04539	0.00961	0.06776	0.00247	0.03088	0.00694	0.00385	0.09422
49	0.00858	0.00613	0.00843	0.00971	0.01068	0.00598	0.00779	0.01066	0.01288	0.01698	0.06529	0.34333	0.03700	0.01698	0.00787	0.00256	0.00455	0.41390	0.00551	0.00520
50	0.01301	0.01059	0.01238	0.00899	0.01412	0.00823	0.00719	0.01626	0.04559	0.05267	0.01170	0.01306	0.00944	0.00468	0.00452	0.00097	0.00442	0.00376	0.00379	0.75463
51	0.02653	0.01006	0.01372	0.01052	0.01510	0.00869	0.00869	0.02882	0.01693	0.75937	0.02333	0.02013	0.01464	0.00732	0.00595	0.00183	0.00503	0.00595	0.00732	0.01006
52	0.02016	0.01099	0.01351	0.01031	0.01501	0.00976	0.00838	0.08007	0.08678	0.37658	0.01827	0.01714	0.01259	0.00636	0.00541	0.00151	0.00489	0.00513	0.00577	0.29140
53	0.00751	0.00632	0.00664	0.00634	0.00851	0.00526	0.00479	0.00923	0.01374	0.01703	0.12973	0.05236	0.62563	0.01391	0.00680	0.00190	0.00307	0.01165	0.00546	0.06411
54	0.00934	0.00724	0.00875	0.00930	0.01054	0.00750	0.00672	0.01460	0.19908	0.01833	0.08195	0.49762	0.03464	0.01526	0.00715	0.00228	0.00382	0.05411	0.00570	0.00606
55	0.01548	0.01253	0.01340	0.01194	0.01536	0.01432	0.00932	0.03125	0.69692	0.07287	0.02402	0.02194	0.01783	0.00798	0.00601	0.00199	0.00470	0.00664	0.00610	0.00941
56	0.00937	0.00670	0.00933	0.01061	0.01193	0.00666	0.00916	0.01202	0.01366	0.01786	0.06485	0.09829	0.03528	0.01624	0.00808	0.00267	0.00523	0.65114	0.00550	0.00542
57	0.02314	0.02148	0.01634	0.01383	0.01761	0.42434	0.01079	0.19581	0.01945	0.18060	0.01342	0.01355	0.00972	0.00660	0.00561	0.00165	0.00845	0.00463	0.00466	0.00832
58	0.00981	0.00683	0.00866	0.02640	0.01075	0.00680	0.00656	0.07573	0.04499	0.04872	0.02968	0.63556	0.03385	0.01629	0.00723	0.00229	0.00393	0.01462	0.00556	0.00574
59	0.00784	0.00560	0.00759	0.00896	0.00958	0.00535	0.00659	0.00933	0.01195	0.01581	0.03224	0.59103	0.03772	0.01793	0.00772	0.00249	0.00398	0.20782	0.00548	0.00498
60	0.01315	0.28084	0.52259	0.01465	0.02219	0.01690	0.01801	0.01839	0.01233	0.01715	0.00983	0.01150	0.00752	0.00544	0.00502	0.00167	0.00795	0.00397	0.00251	0.00836
61	0.01231	0.01455	0.08030	0.02037	0.02510	0.01280	0.49706	0.01643	0.01309	0.01791	0.01615	0.18215	0.01532	0.00816	0.00750	0.00210	0.03908	0.00884	0.00348	0.00729
62	0.01264	0.01179	0.01770	0.29976	0.14971	0.01338	0.01379	0.03166	0.01194	0.01702	0.01009	0.01416	0.00835	0.00649	0.00857	0.00183	0.17900	0.00486	0.00293	0.18432
63	0.01929	0.01507	0.03028	0.01276	0.01687	0.01642	0.01042	0.48968	0.20916	0.03186	0.01697	0.01793	0.01287	0.06361	0.00767	0.00212	0.00603	0.00589	0.00571	0.00939
64	0.01137	0.01090	0.01897	0.72394	0.04003	0.01327	0.06788	0.01538	0.01198	0.01538	0.01062	0.01578	0.00796	0.00585	0.00599	0.00197	0.00803	0.00538	0.00265	0.00667
65	0.74125	0.01202	0.00973	0.00844	0.01223	0.01385	0.00696	0.09942	0.01209	0.02776	0.00892	0.01013	0.00682	0.00567	0.00392	0.00182	0.00480	0.00344	0.00392	0.00682
66	0.00754	0.00534	0.00671	0.00767	0.00802	0.00504	0.00496	0.00834	0.01078	0.01426	0.03074	0.56210	0.07599	0.20822	0.01305	0.00320	0.00397	0.01455	0.00502	0.00451
67	0.01396	0.01595	0.03490	0.02493	0.03091	0.01496	0.73380	0.01894	0.01396	0.01894	0.01196	0.01595	0.00897	0.00499	0.00698	0.00199	0.00997	0.00698	0.00299	0.00798
68	0.02653	0.01006	0.01372	0.01052	0.01510	0.00869	0.00869	0.02882	0.01693	0.75937	0.02333	0.02013	0.01464	0.00732	0.00595	0.00183	0.00503	0.00595	0.00732	0.01006
69	0.00837	0.00604	0.00790	0.00744	0.00883	0.00558	0.00558	0.01116	0.01674	0.02371	0.75216	0.04417	0.05580	0.01209	0.00697	0.00186	0.00279	0.01069	0.00651	0.00558
70	0.00861	0.00615	0.00847	0.00979	0.01076	0.00601	0.00789	0.01068	0.01280	0.01683	0.04809	0.34387	0.03648	0.01708	0.00790	0.00258	0.00461	0.43071	0.00549	0.00520
71	0.01886	0.00847	0.01133	0.00929	0.01253	0.00753	0.00743	0.02163	0.03041	0.44400	0.32223	0.03003	0.03158	0.00929	0.00637	0.00185	0.00411	0.00791	0.00696	0.00821
72	0.66995	0.01116	0.00971	0.00833	0.01218	0.01234	0.00687	0.01971	0.01146	0.17538	0.01130	0.01174	0.00808	0.00586	0.00412	0.00183	0.00467	0.00376	0.00440	0.00715
73	0.00721	0.00515	0.00686	0.00823	0.00858	0.00480	0.00549	0.00823	0.01132	0.01510	0.03259	0.78831	0.03911	0.01853	0.00755	0.00240	0.00343	0.01681	0.00549	0.00480
74	0.02566	0.01059	0.01450	0.01215	0.05797	0.00943	0.00935	0.05986	0.01721	0.68431	0.02222	0.01955	0.01413	0.00719	0.00594	0.00182	0.00521	0.00588	0.00700	0.01002
75	0.02209	0.02819	0.01676	0.01524	0.01828	0.76843	0.01143	0.02361	0.01676	0.01447	0.00914	0.01066	0.00762	0.00609	0.00533	0.00152	0.01066	0.00381	0.00305	0.00686
76	0.46128	0.01047	0.02891	0.00869	0.01182	0.01110	0.02540	0.05701	0.01220	0.02464	0.01410	0.02018	0.01217	0.00728	0.00461	0.00185	0.00465	0.09615	0.18111	0.00640
77	0.01195	0.02998	0.73106	0.01719	0.02582	0.01379	0.05170	0.01874	0.01255	0.01874	0.01067	0.01263	0.00755	0.00559	0.00568	0.00188	0.00879	0.00448	0.00252	0.00871
78	0.00840	0.00606	0.00795	0.00753	0.00892	0.00561	0.00568	0.01119	0.01666	0.02357	0.73434	0.04473	0.05526	0.01219	0.00700	0.00188	0.00286	0.02812	0.00648	0.00558
79	0.01193	0.01162	0.01864	0.47188	0.03129	0.01500	0.04731	0.01497	0.01093	0.01497	0.00959	0.01476	0.00789	0.00746	0.01078	0.00219	0.28426	0.00530	0.00263	0.00660
80	0.00743	0.00588	0.00677	0.00736	0.00880	0.00521	0.00554	0.00899	0.01290	0.01599	0.04794	0.26294	0.44430	0.01618	0.00732	0.00222	0.00349	0.12025	0.00548	0.00501
81	0.00845	0.00634	0.00950	0.00950	0.01056	0.00739	0.00739	0.01056	0.00950	0.01373	0.01584	0.02323	0.01478	0.04435	0.76873	0.00950	0.01584	0.00634	0.00317	0.00528
82	0.01159	0.01116	0.01858	0.61781	0.03612	0.01404	0.04829	0.01514	0.01146	0.01514	0.01012	0.01531	0.00791	0.00660	0.00819	0.00207	0.13590	0.00532	0.00264	0.00662
83	0.01581	0.79572	0.03099	0.01012	0.01518	0.02340	0.01012	0.01771	0.01202	0.01391	0.00822	0.00949	0.00759	0.00506	0.00379	0.00126	0.00632	0.00316	0.00253	0.00759
84	0.01464	0.01405	0.02400	0.03630	0.75528	0.01405	0.01815	0.01815	0.01347	0.01932	0.01112	0.01464	0.00937	0.00527	0.00585	0.00176	0.00703	0.00527	0.00293	0.00937
85	0.02263	0.01674	0.01424	0.01203	0.01570	0.30091	0.00942	0.02510	0.04139	0.37747	0.05508	0.01943	0.04834	0.00746	0.00581	0.00173	0.00698	0.00568	0.00551	0.00835
86	0.00721	0.00515	0.00686	0.00823	0.00858	0.00480	0.00549	0.00823	0.01132	0.01510	0.03259	0.78831	0.03911	0.01853	0.00755	0.00240	0.00343	0.01681	0.00549	0.00480
87	0.00738	0.00532	0.00699	0.00802	0.00859	0.00493	0.00546	0.00870	0.01225	0.01647	0.14520	0.64362	0.07037	0.01739	0.00744	0.00230	0.00331	0.01569	0.00565	0.00493
88	0.05451	0.06005	0.01736	0.01426	0.01788	0.50299	0.01111	0.21339	0.01922	0.02103	0.01041	0.01151	0.00822	0.00629	0.00535	0.00159	0.00911	0.00416	0.00381	0.00773
89	0.00953	0.00747	0.00879	0.00821	0.01012	0.00746	0.00623	0.01512	0.17321	0.02275	0.48907	0.04136	0.15446	0.01166	0.00677	0.00191	0.00323	0.01010	0.00625	0.00631
90	0.00716	0.00598	0.00614	0.00611	0.00797	0.00507	0.00452	0.00867	0.01347	0.01628	0.10424	0.05522	0.67233	0.05088	0.00806	0.00216	0.00311	0.01218	0.00547	0.00497
91	0.05168	0.01383	0.01987	0.32929	0.18646	0.08785	0.06673	0.01683	0.01228	0.01662	0.01006	0.01429	0.00817	0.00643	0.00802	0.00198	0.13441	0.00513	0.00280	0.00728
92	0.01576	0.01271	0.01358	0.01201	0.01549	0.01450	0.00940	0.06193	0.66953	0.06955	0.02360	0.02160	0.01750	0.00794	0.00601	0.00199	0.00478	0.00658	0.00609	0.00943
93	0.01245	0.01112	0.01478	0.01056	0.01590	0.00867	0.08798	0.01534	0.01245	0.01923	0.01067	0.01267	0.00878	0.00445	0.00467	0.00100	0.00500	0.00389	0.00345	0.73693

[dist]
# distance from previous block
# <min> <max>
0	234

# created by:
# /software/SequenceAnalysis/GenePrediction/augustus/3.0.1/scripts/msa2prfl.pl ./fixed/BUSCOvEOG7FFFFK.fas
