[name]
unknown

[dist]
# distance from previous block
# <min> <max>
0	574

[block]
# block no. 0 follows, 38 sequences, length 11
# corresponding to MSA columns:
# 615-625
name=unknown_A
#
# <colnr> <probs for GDERKNQSTAVLIFYWHMCP>
#	G	D	E	R	K	N	Q	S	T	A	V	L	I	F	Y	W	H	M	C	P
0	0.00992	0.00743	0.01081	0.11278	0.01632	0.00778	0.01063	0.01285	0.01361	0.01765	0.02903	0.06095	0.03108	0.01520	0.00800	0.00267	0.00587	0.61657	0.00516	0.00569
1	0.14282	0.00692	0.00763	0.00719	0.00897	0.00693	0.00548	0.01298	0.01494	0.02421	0.46476	0.03419	0.03935	0.01002	0.00590	0.00178	0.00313	0.00846	0.18856	0.00580
2	0.00759	0.00544	0.00722	0.00820	0.00878	0.00506	0.00560	0.00904	0.01275	0.01732	0.19305	0.61917	0.04359	0.01738	0.00755	0.00232	0.00334	0.01571	0.00582	0.00506
3	0.00820	0.00614	0.00761	0.00724	0.00879	0.00554	0.00543	0.01074	0.01629	0.02236	0.59420	0.04784	0.21154	0.01296	0.00710	0.00192	0.00288	0.01129	0.00639	0.00554
4	0.02247	0.02867	0.01705	0.01550	0.01860	0.76443	0.01162	0.02402	0.01705	0.01472	0.00930	0.01085	0.00775	0.00620	0.00542	0.00155	0.01085	0.00387	0.00310	0.00697
5	0.02200	0.01093	0.01337	0.01097	0.01469	0.05608	0.00886	0.05819	0.03975	0.48550	0.02072	0.02036	0.01437	0.01581	0.17574	0.00359	0.00799	0.00600	0.00612	0.00892
6	0.00915	0.00657	0.00893	0.00946	0.01086	0.00635	0.00785	0.01195	0.01531	0.02082	0.36123	0.05731	0.04481	0.01463	0.00775	0.00237	0.00430	0.38871	0.00604	0.00560
7	0.14519	0.02795	0.63574	0.01565	0.02370	0.01389	0.01967	0.01883	0.01230	0.02034	0.01040	0.01222	0.00744	0.00569	0.00539	0.00190	0.00820	0.00425	0.00273	0.00850
8	0.00950	0.00680	0.00943	0.01051	0.01190	0.00672	0.00904	0.01228	0.01437	0.01900	0.14824	0.06413	0.03822	0.01592	0.00811	0.00263	0.00510	0.59684	0.00572	0.00556
9	0.15523	0.00992	0.01234	0.00983	0.01390	0.00918	0.00804	0.02503	0.01606	0.53941	0.11776	0.02200	0.01911	0.00779	0.00581	0.00187	0.00474	0.00624	0.00673	0.00902
10	0.01134	0.01001	0.01639	0.67169	0.03684	0.01233	0.01504	0.01519	0.01211	0.01631	0.01188	0.01689	0.00901	0.00615	0.00577	0.00192	0.00732	0.00538	0.11188	0.00654

[dist]
# distance from previous block
# <min> <max>
0	45

[block]
# block no. 1 follows, 38 sequences, length 7
# corresponding to MSA columns:
# 671-677
name=unknown_B
#
# <colnr> <probs for GDERKNQSTAVLIFYWHMCP>
#	G	D	E	R	K	N	Q	S	T	A	V	L	I	F	Y	W	H	M	C	P
0	0.76300	0.01207	0.00962	0.00841	0.01223	0.01393	0.00693	0.07777	0.01176	0.02791	0.00889	0.01017	0.00683	0.00572	0.00392	0.00186	0.00482	0.00344	0.00392	0.00683
1	0.01999	0.00902	0.01193	0.00973	0.01321	0.00814	0.00781	0.02339	0.06128	0.46281	0.26928	0.02889	0.02930	0.00913	0.00641	0.00188	0.00432	0.00773	0.00709	0.00865
2	0.01764	0.01425	0.01511	0.01278	0.01666	0.01621	0.01017	0.26895	0.49884	0.02949	0.02108	0.01973	0.01561	0.00784	0.00609	0.00196	0.00539	0.00633	0.00609	0.00976
3	0.00811	0.00584	0.00768	0.00784	0.00890	0.00541	0.00565	0.01034	0.01516	0.02115	0.50557	0.29572	0.05101	0.01452	0.00729	0.00208	0.00306	0.01299	0.00627	0.00541
4	0.00759	0.00611	0.00675	0.00659	0.00842	0.00528	0.00495	0.00956	0.01484	0.01892	0.29383	0.05350	0.51406	0.01424	0.00710	0.00198	0.00298	0.01208	0.00594	0.00528
5	0.01573	0.02628	0.50675	0.01603	0.02353	0.01556	0.01857	0.26042	0.01798	0.02545	0.01203	0.01329	0.00851	0.00623	0.00582	0.00187	0.00812	0.00477	0.00372	0.00934
6	0.01247	0.01069	0.01247	0.00891	0.01426	0.00802	0.00713	0.01515	0.01247	0.01960	0.01069	0.01247	0.00891	0.00446	0.00446	0.00089	0.00446	0.00356	0.00356	0.82536

[dist]
# distance from previous block
# <min> <max>
0	33

[block]
# block no. 2 follows, 38 sequences, length 14
# corresponding to MSA columns:
# 711-724
name=unknown_C
#
# <colnr> <probs for GDERKNQSTAVLIFYWHMCP>
#	G	D	E	R	K	N	Q	S	T	A	V	L	I	F	Y	W	H	M	C	P
0	0.01247	0.01069	0.01247	0.00891	0.01426	0.00802	0.00713	0.01515	0.01247	0.01960	0.01069	0.01247	0.00891	0.00446	0.00446	0.00089	0.00446	0.00356	0.00356	0.82536
1	0.00875	0.00750	0.00805	0.00696	0.01000	0.00598	0.00535	0.01063	0.01333	0.01728	0.04556	0.04399	0.52219	0.01194	0.00630	0.00168	0.00348	0.00990	0.00497	0.25617
2	0.02171	0.01137	0.01530	0.01240	0.01552	0.01231	0.01022	0.02501	0.07797	0.46466	0.01895	0.01841	0.01305	0.00845	0.01025	0.00211	0.24154	0.00588	0.00586	0.00906
3	0.01473	0.01393	0.02030	0.01626	0.02048	0.01504	0.22982	0.02808	0.51796	0.02336	0.02072	0.02054	0.01554	0.00722	0.00642	0.00204	0.00641	0.00689	0.00518	0.00909
4	0.00967	0.00759	0.00901	0.00956	0.01084	0.00797	0.00679	0.01560	0.23457	0.01836	0.03050	0.55134	0.03323	0.01558	0.00720	0.00232	0.00388	0.01395	0.00575	0.00631
5	0.01551	0.55467	0.03274	0.01490	0.02034	0.02117	0.23036	0.01840	0.01283	0.01572	0.00953	0.01166	0.00815	0.00512	0.00485	0.00151	0.00757	0.00441	0.00272	0.00784
6	0.00875	0.00583	0.00656	0.00656	0.00656	0.00583	0.00365	0.00875	0.00875	0.01166	0.01895	0.03937	0.02187	0.78858	0.03062	0.00583	0.00583	0.00875	0.00365	0.00365
7	0.02287	0.01685	0.01805	0.01384	0.01866	0.01866	0.01143	0.73100	0.02828	0.03791	0.01444	0.01444	0.01023	0.00722	0.00602	0.00181	0.00662	0.00542	0.00602	0.01023
8	0.02021	0.01666	0.02339	0.01737	0.02257	0.01760	0.23115	0.51314	0.02397	0.03221	0.01375	0.01499	0.00989	0.00656	0.00635	0.00187	0.00770	0.00593	0.00511	0.00958
9	0.00733	0.00524	0.00698	0.00838	0.00873	0.00489	0.00558	0.00838	0.01152	0.01536	0.03316	0.78466	0.03979	0.01885	0.00768	0.00244	0.00349	0.01710	0.00558	0.00489
10	0.26036	0.00803	0.00942	0.00913	0.01102	0.00935	0.00721	0.01287	0.00984	0.01795	0.01375	0.01939	0.01243	0.03302	0.53179	0.00728	0.01261	0.00547	0.00338	0.00572
11	0.01175	0.01029	0.01377	0.24310	0.02216	0.00942	0.00995	0.01471	0.01227	0.01799	0.01237	0.07111	0.01094	0.00600	0.00517	0.00135	0.00547	0.00512	0.00344	0.51362
12	0.02275	0.02047	0.01775	0.01435	0.01864	0.24694	0.01149	0.51459	0.02484	0.03081	0.01287	0.01334	0.00947	0.00691	0.00584	0.00173	0.00791	0.00494	0.00512	0.00923
13	0.00828	0.00690	0.00699	0.00667	0.00891	0.00609	0.00508	0.06246	0.01480	0.01787	0.05748	0.05466	0.69359	0.01464	0.00703	0.00201	0.00331	0.01215	0.00562	0.00546

[dist]
# distance from previous block
# <min> <max>
0	5

[block]
# block no. 3 follows, 38 sequences, length 16
# corresponding to MSA columns:
# 730-745
name=unknown_D
#
# <colnr> <probs for GDERKNQSTAVLIFYWHMCP>
#	G	D	E	R	K	N	Q	S	T	A	V	L	I	F	Y	W	H	M	C	P
0	0.00969	0.00692	0.00969	0.01108	0.01246	0.00692	0.00969	0.01246	0.01385	0.01800	0.03185	0.06786	0.03462	0.01662	0.00831	0.00277	0.00554	0.71057	0.00554	0.00554
1	0.00969	0.00692	0.00969	0.01108	0.01246	0.00692	0.00969	0.01246	0.01385	0.01800	0.03185	0.06786	0.03462	0.01662	0.00831	0.00277	0.00554	0.71057	0.00554	0.00554
2	0.02599	0.01185	0.01496	0.01147	0.01616	0.01123	0.00947	0.20029	0.01991	0.58044	0.02147	0.01901	0.01376	0.00739	0.00604	0.00185	0.00548	0.00590	0.00710	0.01024
3	0.01341	0.01391	0.02259	0.01812	0.01961	0.01764	0.18763	0.01565	0.01043	0.01565	0.00894	0.01391	0.00820	0.00920	0.01666	0.00249	0.59058	0.00571	0.00273	0.00695
4	0.01964	0.09240	0.01866	0.01511	0.01764	0.51718	0.01188	0.02116	0.01471	0.01461	0.00887	0.01131	0.00778	0.00716	0.00877	0.00179	0.19728	0.00416	0.00294	0.00694
5	0.00870	0.00626	0.00796	0.00886	0.00960	0.00610	0.00610	0.07227	0.01300	0.01735	0.03150	0.71656	0.03717	0.01782	0.00753	0.00239	0.00377	0.01607	0.00562	0.00536
6	0.01103	0.00551	0.00615	0.00615	0.00721	0.00551	0.00445	0.01251	0.01145	0.01951	0.01739	0.02142	0.01421	0.01039	0.00891	0.20207	0.00339	0.00551	0.62233	0.00488
7	0.00927	0.00748	0.01171	0.19593	0.01822	0.00894	0.00976	0.01187	0.01024	0.01431	0.01479	0.02178	0.01333	0.03559	0.57987	0.00780	0.01414	0.00618	0.00309	0.00569
8	0.01760	0.01630	0.01423	0.01270	0.01609	0.19672	0.00981	0.02904	0.47649	0.08688	0.02190	0.02060	0.03917	0.00785	0.00598	0.00190	0.00622	0.00621	0.00548	0.00882
9	0.01496	0.01292	0.01360	0.01224	0.01564	0.01496	0.00952	0.03197	0.74019	0.02516	0.02448	0.02244	0.01836	0.00816	0.00612	0.00204	0.00476	0.00680	0.00612	0.00952
10	0.00848	0.01154	0.18983	0.01051	0.01294	0.00710	0.00964	0.01098	0.01181	0.01626	0.02771	0.59656	0.03195	0.01565	0.00720	0.00231	0.00481	0.01402	0.00484	0.00586
11	0.00733	0.00524	0.00698	0.00838	0.00873	0.00489	0.00558	0.00838	0.01152	0.01536	0.03316	0.78466	0.03979	0.01885	0.00768	0.00244	0.00349	0.01710	0.00558	0.00489
12	0.01192	0.01156	0.02149	0.33932	0.05249	0.01238	0.23098	0.01594	0.01318	0.01732	0.01631	0.02869	0.01488	0.00829	0.00690	0.00219	0.00803	0.17771	0.00349	0.00692
13	0.01787	0.01131	0.01532	0.03365	0.09886	0.00985	0.02719	0.03930	0.01456	0.26413	0.01516	0.01566	0.01096	0.00583	0.00568	0.00144	0.02422	0.00482	0.00479	0.37941
14	0.58779	0.01050	0.00878	0.00790	0.01077	0.01190	0.00608	0.05338	0.01083	0.02384	0.01128	0.01723	0.01045	0.19646	0.01040	0.00283	0.00505	0.00471	0.00383	0.00601
15	0.02277	0.01337	0.01650	0.01286	0.01744	0.01373	0.04813	0.27916	0.14585	0.33459	0.01994	0.01844	0.01352	0.00736	0.00611	0.00188	0.00586	0.00601	0.00647	0.01000

[dist]
# distance from previous block
# <min> <max>
92	692

# created by:
# /software/SequenceAnalysis/GenePrediction/augustus/3.0.1/scripts/msa2prfl.pl ./fixed/BUSCOvEOG7FTXCV.fas
