[name]
unknown

[dist]
# distance from previous block
# <min> <max>
26	111

[block]
# block no. 0 follows, 39 sequences, length 10
# corresponding to MSA columns:
# 135-144
name=unknown_A
#
# <colnr> <probs for GDERKNQSTAVLIFYWHMCP>
#	G	D	E	R	K	N	Q	S	T	A	V	L	I	F	Y	W	H	M	C	P
0	0.28407	0.07108	0.01188	0.00968	0.01288	0.01118	0.00830	0.06451	0.01310	0.02190	0.01775	0.03202	0.01760	0.00954	0.00564	0.00199	0.00515	0.27443	0.00438	0.12292
1	0.48392	0.05826	0.25716	0.01087	0.01617	0.01360	0.01163	0.01756	0.01126	0.02319	0.04271	0.01211	0.00906	0.00581	0.00446	0.00182	0.00595	0.00392	0.00335	0.00720
2	0.02097	0.01855	0.12321	0.01407	0.01937	0.01769	0.01274	0.63392	0.02563	0.03464	0.01369	0.01396	0.00969	0.00689	0.00587	0.00179	0.00682	0.00519	0.00543	0.00987
3	0.01844	0.31505	0.12825	0.01274	0.01817	0.01961	0.01232	0.36075	0.01962	0.02575	0.01142	0.01216	0.00875	0.00611	0.00507	0.00159	0.00675	0.00437	0.00414	0.00893
4	0.00817	0.00595	0.00774	0.00801	0.00906	0.00563	0.00580	0.01075	0.03852	0.02027	0.43067	0.32736	0.04749	0.01455	0.00720	0.00210	0.00318	0.03608	0.00607	0.00540
5	0.01246	0.02309	0.42082	0.04775	0.02719	0.01395	0.28018	0.01816	0.01286	0.01841	0.01182	0.04216	0.00921	0.00600	0.00658	0.00196	0.03059	0.00583	0.00279	0.00817
6	0.18582	0.01996	0.25159	0.01344	0.01922	0.01584	0.01361	0.36086	0.01931	0.02919	0.01184	0.01271	0.00849	0.00630	0.00536	0.00182	0.00682	0.00459	0.00437	0.00889
7	0.01484	0.06888	0.32896	0.09711	0.13716	0.01375	0.07350	0.02023	0.04659	0.12345	0.01305	0.01476	0.00944	0.00586	0.00574	0.00184	0.00762	0.00506	0.00346	0.00870
8	0.04412	0.01275	0.01655	0.17410	0.16794	0.07481	0.01224	0.02217	0.06984	0.25909	0.01564	0.01654	0.01115	0.00628	0.00568	0.00176	0.00640	0.00527	0.00461	0.07307
9	0.07828	0.25332	0.44023	0.01406	0.02096	0.06506	0.01653	0.01864	0.01243	0.01766	0.00963	0.01126	0.00744	0.00547	0.00491	0.00167	0.00783	0.00389	0.00263	0.00810

[dist]
# distance from previous block
# <min> <max>
0	2

[block]
# block no. 1 follows, 39 sequences, length 21
# corresponding to MSA columns:
# 147-167
name=unknown_B
#
# <colnr> <probs for GDERKNQSTAVLIFYWHMCP>
#	G	D	E	R	K	N	Q	S	T	A	V	L	I	F	Y	W	H	M	C	P
0	0.02169	0.12594	0.08795	0.01118	0.01600	0.01207	0.01019	0.06701	0.05977	0.45601	0.05737	0.01887	0.01501	0.00711	0.00566	0.00176	0.00552	0.00565	0.00596	0.00930
1	0.10038	0.27584	0.06278	0.01182	0.01680	0.01877	0.01078	0.35112	0.01919	0.02655	0.01124	0.01198	0.00867	0.00605	0.00490	0.00157	0.00628	0.00425	0.00426	0.04674
2	0.03143	0.00617	0.00802	0.00811	0.00940	0.00573	0.00586	0.01171	0.01411	0.09157	0.33303	0.38054	0.04287	0.01439	0.00705	0.00210	0.00335	0.01283	0.00605	0.00568
3	0.01419	0.43736	0.02244	0.00950	0.01465	0.01632	0.00870	0.01642	0.01213	0.01636	0.00927	0.01075	0.00812	0.00475	0.00406	0.00109	0.00544	0.00332	0.00297	0.38217
4	0.01577	0.09405	0.01585	0.01112	0.01554	0.20446	0.00894	0.06089	0.01419	0.01839	0.01004	0.01172	0.00839	0.00529	0.00527	0.00120	0.03808	0.00373	0.00340	0.45366
5	0.01770	0.10501	0.27850	0.01429	0.02039	0.01711	0.01473	0.37563	0.05400	0.02771	0.01276	0.01346	0.00927	0.00641	0.00559	0.00176	0.00718	0.00482	0.00436	0.00930
6	0.00784	0.00560	0.00759	0.00896	0.00958	0.00535	0.00659	0.00933	0.01195	0.01581	0.03224	0.59109	0.03773	0.01793	0.00772	0.00249	0.00398	0.20776	0.00548	0.00498
7	0.02416	0.01386	0.01608	0.01232	0.01699	0.01433	0.01018	0.44191	0.02328	0.33730	0.01799	0.01666	0.01196	0.00719	0.00593	0.00180	0.00589	0.00558	0.00650	0.01006
8	0.01027	0.00514	0.00770	0.00770	0.00770	0.00514	0.00514	0.00770	0.00770	0.01027	0.01027	0.01798	0.01027	0.02054	0.02311	0.82794	0.00514	0.00514	0.00257	0.00257
9	0.83394	0.01144	0.00869	0.00778	0.01144	0.01327	0.00640	0.01738	0.01006	0.02653	0.00823	0.00961	0.00640	0.00549	0.00366	0.00183	0.00457	0.00320	0.00366	0.00640
10	0.01436	0.01594	0.02796	0.13140	0.06992	0.09537	0.45362	0.01935	0.05746	0.01819	0.01260	0.03316	0.00992	0.00574	0.00654	0.00194	0.00912	0.00650	0.00318	0.00774
11	0.01205	0.01141	0.01934	0.58880	0.22297	0.01337	0.01686	0.01588	0.01224	0.01618	0.01067	0.01548	0.00826	0.00575	0.00590	0.00192	0.00766	0.00526	0.00270	0.00728
12	0.01464	0.01405	0.02400	0.03630	0.75528	0.01405	0.01815	0.01815	0.01347	0.01932	0.01112	0.01464	0.00937	0.00527	0.00585	0.00176	0.00703	0.00527	0.00293	0.00937
13	0.01517	0.01546	0.02425	0.05289	0.59558	0.08428	0.08880	0.01866	0.01378	0.01872	0.01101	0.01443	0.00913	0.00533	0.00592	0.00176	0.00768	0.00530	0.00294	0.00892
14	0.00753	0.00551	0.00715	0.00834	0.00906	0.00513	0.00597	0.00888	0.01196	0.01561	0.03608	0.58022	0.13452	0.01772	0.00757	0.00240	0.00368	0.12228	0.00548	0.00493
15	0.00849	0.00617	0.00865	0.00865	0.00941	0.00693	0.00633	0.01001	0.00925	0.01310	0.01662	0.02755	0.01666	0.25305	0.56260	0.00845	0.01302	0.00697	0.00328	0.00481
16	0.00845	0.00634	0.00950	0.00950	0.01056	0.00739	0.00739	0.01056	0.00950	0.01373	0.01584	0.02323	0.01478	0.04435	0.76873	0.00950	0.01584	0.00634	0.00317	0.00528
17	0.06446	0.67881	0.02837	0.01045	0.01524	0.09156	0.01002	0.01823	0.01234	0.01471	0.00831	0.00960	0.00752	0.00518	0.00393	0.00132	0.00662	0.00322	0.00264	0.00745
18	0.01605	0.01337	0.01413	0.01231	0.01589	0.01533	0.00968	0.15277	0.62106	0.02690	0.02237	0.02071	0.01667	0.00786	0.00600	0.00197	0.00500	0.00645	0.00600	0.00948
19	0.01581	0.79572	0.03099	0.01012	0.01518	0.02340	0.01012	0.01771	0.01202	0.01391	0.00822	0.00949	0.00759	0.00506	0.00379	0.00126	0.00632	0.00316	0.00253	0.00759
20	0.00845	0.00634	0.00950	0.00950	0.01056	0.00739	0.00739	0.01056	0.00950	0.01373	0.01584	0.02323	0.01478	0.04435	0.76873	0.00950	0.01584	0.00634	0.00317	0.00528

[dist]
# distance from previous block
# <min> <max>
7	27

[block]
# block no. 2 follows, 39 sequences, length 22
# corresponding to MSA columns:
# 196-217
name=unknown_C
#
# <colnr> <probs for GDERKNQSTAVLIFYWHMCP>
#	G	D	E	R	K	N	Q	S	T	A	V	L	I	F	Y	W	H	M	C	P
0	0.02530	0.01010	0.01360	0.01037	0.01500	0.00862	0.00855	0.02762	0.01652	0.69549	0.02222	0.01945	0.01413	0.00707	0.00581	0.00175	0.00498	0.00574	0.00699	0.08069
1	0.01393	0.01482	0.02945	0.09193	0.20836	0.01456	0.45280	0.01917	0.05770	0.01905	0.01236	0.01598	0.00952	0.00532	0.00655	0.00193	0.00875	0.00639	0.00313	0.00828
2	0.01411	0.01266	0.01142	0.01166	0.05694	0.20920	0.00811	0.01592	0.01471	0.10677	0.14242	0.23199	0.11716	0.01159	0.00650	0.00192	0.00561	0.00982	0.00507	0.00641
3	0.00707	0.00599	0.00611	0.00608	0.00804	0.00503	0.00456	0.00865	0.01368	0.01644	0.10168	0.05614	0.71081	0.01480	0.00699	0.00199	0.00298	0.01237	0.00555	0.00503
4	0.01396	0.01595	0.03490	0.02493	0.03091	0.01496	0.73380	0.01894	0.01396	0.01894	0.01196	0.01595	0.00897	0.00499	0.00698	0.00199	0.00997	0.00698	0.00299	0.00798
5	0.01178	0.01103	0.01853	0.50679	0.23520	0.01267	0.01596	0.01536	0.01223	0.01627	0.01259	0.08213	0.01099	0.00682	0.00604	0.00195	0.00726	0.00626	0.00296	0.00719
6	0.01117	0.01051	0.01774	0.77795	0.04073	0.01314	0.01642	0.01511	0.01182	0.01511	0.01051	0.01577	0.00788	0.00591	0.00591	0.00197	0.00788	0.00526	0.00263	0.00657
7	0.00721	0.00515	0.00686	0.00823	0.00858	0.00480	0.00549	0.00823	0.01132	0.01510	0.03259	0.78831	0.03911	0.01853	0.00755	0.00240	0.00343	0.01681	0.00549	0.00480
8	0.02374	0.00987	0.01311	0.01033	0.01449	0.00887	0.00843	0.02725	0.07599	0.62563	0.09680	0.02271	0.01906	0.00786	0.00606	0.00185	0.00478	0.00649	0.00713	0.00956
9	0.05256	0.01598	0.13638	0.08453	0.02624	0.01298	0.37165	0.01971	0.01386	0.14650	0.01573	0.01782	0.04528	0.00607	0.00635	0.00194	0.00817	0.00635	0.00378	0.00811
10	0.05555	0.05833	0.01570	0.01313	0.06024	0.20228	0.00989	0.02546	0.05110	0.40181	0.03612	0.01710	0.01304	0.00684	0.00560	0.00173	0.00656	0.00526	0.00548	0.00878
11	0.00721	0.00515	0.00686	0.00823	0.00858	0.00480	0.00549	0.00823	0.01132	0.01510	0.03259	0.78831	0.03911	0.01853	0.00755	0.00240	0.00343	0.01681	0.00549	0.00480
12	0.09025	0.01672	0.06254	0.01830	0.02306	0.05226	0.31534	0.21796	0.01697	0.02398	0.01158	0.01412	0.00877	0.00630	0.00762	0.00196	0.09455	0.00569	0.00380	0.00823
13	0.01186	0.03059	0.76153	0.01686	0.02560	0.01373	0.02185	0.01873	0.01249	0.01873	0.01061	0.01249	0.00749	0.00562	0.00562	0.00187	0.00874	0.00437	0.00250	0.00874
14	0.01439	0.51969	0.29455	0.01255	0.01894	0.01991	0.01435	0.01808	0.01219	0.01565	0.00908	0.01057	0.00755	0.00526	0.00445	0.00148	0.00720	0.00360	0.00252	0.00800
15	0.01581	0.79572	0.03099	0.01012	0.01518	0.02340	0.01012	0.01771	0.01202	0.01391	0.00822	0.00949	0.00759	0.00506	0.00379	0.00126	0.00632	0.00316	0.00253	0.00759
16	0.00854	0.00598	0.00772	0.00772	0.00816	0.00642	0.00517	0.00942	0.00898	0.01241	0.01747	0.03226	0.01870	0.48081	0.33764	0.00730	0.00994	0.00766	0.00341	0.00429
17	0.64345	0.19405	0.01388	0.00832	0.01231	0.01563	0.00727	0.01746	0.01052	0.02359	0.00823	0.00958	0.00668	0.00539	0.00369	0.00170	0.00498	0.00319	0.00340	0.00668
18	0.00786	0.00565	0.00745	0.00779	0.00872	0.00524	0.00554	0.00988	0.01436	0.01993	0.43656	0.37055	0.04848	0.01491	0.00723	0.00210	0.00307	0.01338	0.00606	0.00524
19	0.09009	0.16021	0.03619	0.01199	0.01604	0.20231	0.01001	0.05305	0.17104	0.16989	0.01520	0.01490	0.01126	0.00654	0.00521	0.00169	0.00671	0.00476	0.00461	0.00831
20	0.00938	0.00532	0.00732	0.00747	0.00759	0.00525	0.00485	0.00817	0.00889	0.01193	0.05609	0.12591	0.01917	0.19658	0.02177	0.48495	0.00492	0.00778	0.00340	0.00326
21	0.00795	0.00582	0.00724	0.00728	0.00839	0.00535	0.00518	0.00987	0.01422	0.01941	0.41795	0.19945	0.15221	0.10138	0.00969	0.00243	0.00328	0.01199	0.00582	0.00511

[dist]
# distance from previous block
# <min> <max>
0	14

[block]
# block no. 3 follows, 39 sequences, length 39
# corresponding to MSA columns:
# 233-271
name=unknown_D
#
# <colnr> <probs for GDERKNQSTAVLIFYWHMCP>
#	G	D	E	R	K	N	Q	S	T	A	V	L	I	F	Y	W	H	M	C	P
0	0.01291	0.02783	0.62376	0.01792	0.05035	0.01418	0.07735	0.07179	0.01377	0.02014	0.01100	0.01296	0.00786	0.00567	0.00576	0.00187	0.00861	0.00468	0.00280	0.00880
1	0.02094	0.01180	0.01664	0.01789	0.22015	0.01140	0.01144	0.11016	0.05074	0.38223	0.06945	0.01965	0.01564	0.00709	0.00599	0.00181	0.00559	0.00605	0.00582	0.00953
2	0.11754	0.06120	0.57971	0.04082	0.02402	0.01413	0.04656	0.01840	0.01219	0.01940	0.01025	0.01222	0.00743	0.00556	0.00535	0.00185	0.00812	0.00430	0.00267	0.00829
3	0.01412	0.01617	0.13607	0.01618	0.05292	0.01457	0.14091	0.02660	0.46570	0.02251	0.01920	0.01913	0.01437	0.00698	0.00612	0.00197	0.00637	0.00631	0.00478	0.00902
4	0.01354	0.01151	0.01923	0.49220	0.24865	0.01302	0.01625	0.01721	0.01276	0.08191	0.01182	0.01582	0.00891	0.00585	0.00590	0.00190	0.00738	0.00532	0.00313	0.00770
5	0.00784	0.00602	0.00717	0.00689	0.00851	0.00536	0.00517	0.01014	0.01550	0.02076	0.48816	0.04903	0.32164	0.01319	0.00698	0.00191	0.00287	0.01138	0.00612	0.00536
6	0.01243	0.00730	0.00943	0.00841	0.01055	0.00683	0.00647	0.01606	0.06881	0.17076	0.53309	0.05950	0.04437	0.01103	0.00672	0.00188	0.00339	0.00964	0.00661	0.00673
7	0.01429	0.01384	0.02404	0.10101	0.65304	0.01402	0.05682	0.01792	0.01335	0.01893	0.01112	0.01481	0.00922	0.00531	0.00592	0.00179	0.00726	0.00536	0.00290	0.00905
8	0.01581	0.79572	0.03099	0.01012	0.01518	0.02340	0.01012	0.01771	0.01202	0.01391	0.00822	0.00949	0.00759	0.00506	0.00379	0.00126	0.00632	0.00316	0.00253	0.00759
9	0.00721	0.00515	0.00686	0.00823	0.00858	0.00480	0.00549	0.00823	0.01132	0.01510	0.03259	0.78831	0.03911	0.01853	0.00755	0.00240	0.00343	0.01681	0.00549	0.00480
10	0.02104	0.07800	0.01963	0.01676	0.13443	0.05004	0.10350	0.02487	0.06961	0.39338	0.01803	0.01751	0.01239	0.00650	0.00586	0.00179	0.00634	0.00569	0.00536	0.00927
11	0.01555	0.01378	0.02342	0.09617	0.47750	0.01395	0.11034	0.05814	0.03934	0.07484	0.01269	0.01554	0.00991	0.00563	0.00602	0.00182	0.00723	0.00559	0.00350	0.00903
12	0.00835	0.00602	0.00802	0.00850	0.00963	0.00569	0.00655	0.01065	0.01451	0.01985	0.37205	0.23659	0.06040	0.01486	0.00743	0.00222	0.00364	0.19375	0.00596	0.00534
13	0.02209	0.01633	0.01754	0.01342	0.01817	0.01794	0.01108	0.70782	0.02721	0.03658	0.01406	0.01412	0.01001	0.00699	0.00586	0.00174	0.00643	0.00525	0.00582	0.04155
14	0.01104	0.01064	0.05299	0.08301	0.13613	0.00972	0.10574	0.04181	0.01542	0.02156	0.37673	0.05873	0.03310	0.00924	0.00661	0.00189	0.00533	0.00856	0.00486	0.00690
15	0.01448	0.01389	0.02372	0.07050	0.72233	0.01401	0.01807	0.01801	0.01339	0.01913	0.01110	0.01469	0.00930	0.00530	0.00586	0.00177	0.00707	0.00527	0.00291	0.00924
16	0.01186	0.03059	0.76153	0.01686	0.02560	0.01373	0.02185	0.01873	0.01249	0.01873	0.01061	0.01249	0.00749	0.00562	0.00562	0.00187	0.00874	0.00437	0.00250	0.00874
17	0.01424	0.01398	0.02485	0.10017	0.59943	0.01409	0.10979	0.01798	0.01338	0.01890	0.01118	0.01490	0.00919	0.00529	0.00600	0.00181	0.00748	0.00549	0.00291	0.00894
18	0.00760	0.00556	0.00764	0.04699	0.01050	0.00539	0.00638	0.00892	0.01154	0.01532	0.03138	0.68748	0.03711	0.01771	0.00752	0.00241	0.00383	0.07641	0.00534	0.00495
19	0.01474	0.08291	0.02462	0.03399	0.69008	0.01487	0.01744	0.01811	0.01334	0.01884	0.01087	0.01418	0.00921	0.00525	0.00567	0.00171	0.00696	0.00508	0.00289	0.00921
20	0.00864	0.00617	0.00851	0.00988	0.01085	0.00604	0.00799	0.01072	0.01274	0.01671	0.03180	0.34190	0.03597	0.01717	0.00793	0.00260	0.00468	0.44903	0.00546	0.00520
21	0.00721	0.00515	0.00686	0.00823	0.00858	0.00480	0.00549	0.00823	0.01132	0.01510	0.03259	0.78831	0.03911	0.01853	0.00755	0.00240	0.00343	0.01681	0.00549	0.00480
22	0.01268	0.01206	0.02047	0.45407	0.35278	0.01354	0.01718	0.01644	0.01254	0.01695	0.01078	0.01527	0.00853	0.00563	0.00589	0.00188	0.00751	0.00526	0.00276	0.00779
23	0.01459	0.01419	0.02481	0.03546	0.70166	0.01412	0.07112	0.01821	0.01350	0.01929	0.01119	0.01473	0.00934	0.00525	0.00594	0.00177	0.00724	0.00540	0.00293	0.00926
24	0.01186	0.03059	0.76153	0.01686	0.02560	0.01373	0.02185	0.01873	0.01249	0.01873	0.01061	0.01249	0.00749	0.00562	0.00562	0.00187	0.00874	0.00437	0.00250	0.00874
25	0.02248	0.01656	0.01775	0.01361	0.01834	0.01834	0.01124	0.73556	0.02780	0.03727	0.01420	0.01420	0.01006	0.00710	0.00592	0.00177	0.00651	0.00532	0.00592	0.01006
26	0.01226	0.01051	0.01226	0.00876	0.01401	0.00788	0.00701	0.01489	0.01226	0.01927	0.01051	0.01226	0.00876	0.00438	0.00438	0.00088	0.00438	0.00350	0.00350	0.82832
27	0.01186	0.03059	0.76153	0.01686	0.02560	0.01373	0.02185	0.01873	0.01249	0.01873	0.01061	0.01249	0.00749	0.00562	0.00562	0.00187	0.00874	0.00437	0.00250	0.00874
28	0.00739	0.00525	0.00696	0.00825	0.00862	0.00495	0.00556	0.00844	0.01127	0.01501	0.03175	0.71361	0.03789	0.06215	0.00885	0.00260	0.00365	0.04766	0.00538	0.00476
29	0.00741	0.00529	0.00710	0.00847	0.00890	0.00498	0.00585	0.00859	0.01152	0.01533	0.03248	0.72474	0.03867	0.01833	0.00760	0.00243	0.00361	0.07835	0.00549	0.00486
30	0.01202	0.02951	0.70774	0.01745	0.02599	0.01382	0.07455	0.01874	0.01259	0.01874	0.01071	0.01274	0.00760	0.00557	0.00572	0.00188	0.00883	0.00456	0.00253	0.00868
31	0.00721	0.00515	0.00686	0.00823	0.00858	0.00480	0.00549	0.00823	0.01132	0.01510	0.03259	0.78831	0.03911	0.01853	0.00755	0.00240	0.00343	0.01681	0.00549	0.00480
32	0.00884	0.00637	0.00687	0.00668	0.00884	0.00541	0.00514	0.01046	0.01375	0.08153	0.05469	0.06930	0.63710	0.01444	0.00697	0.00203	0.00331	0.04718	0.00565	0.00546
33	0.01408	0.09569	0.43231	0.01785	0.02514	0.01451	0.21135	0.01958	0.01323	0.08358	0.01188	0.01381	0.00853	0.00555	0.00584	0.00185	0.00852	0.00510	0.00306	0.00854
34	0.01581	0.79572	0.03099	0.01012	0.01518	0.02340	0.01012	0.01771	0.01202	0.01391	0.00822	0.00949	0.00759	0.00506	0.00379	0.00126	0.00632	0.00316	0.00253	0.00759
35	0.00767	0.00534	0.00673	0.00764	0.00787	0.00511	0.00486	0.00836	0.01042	0.01389	0.02797	0.53995	0.03328	0.27484	0.01502	0.00351	0.00419	0.01409	0.00486	0.00440
36	0.01426	0.01622	0.11886	0.03353	0.64448	0.01403	0.03562	0.01824	0.01335	0.01924	0.01108	0.01439	0.00912	0.00531	0.00585	0.00178	0.00732	0.00519	0.00287	0.00925
37	0.01529	0.00753	0.01010	0.00883	0.01135	0.00675	0.00692	0.01771	0.01617	0.30548	0.37579	0.10691	0.03755	0.01103	0.00668	0.00193	0.00381	0.03625	0.00668	0.00722
38	0.01448	0.01389	0.02372	0.06972	0.72308	0.01401	0.01807	0.01801	0.01339	0.01913	0.01110	0.01469	0.00930	0.00530	0.00586	0.00177	0.00706	0.00527	0.00291	0.00924

[dist]
# distance from previous block
# <min> <max>
0	1

[block]
# block no. 4 follows, 39 sequences, length 60
# corresponding to MSA columns:
# 273-332
name=unknown_E
#
# <colnr> <probs for GDERKNQSTAVLIFYWHMCP>
#	G	D	E	R	K	N	Q	S	T	A	V	L	I	F	Y	W	H	M	C	P
0	0.00744	0.00534	0.00711	0.00844	0.00894	0.00501	0.00588	0.00865	0.01162	0.01539	0.03323	0.69361	0.05867	0.01820	0.00760	0.00242	0.00363	0.08846	0.00549	0.00487
1	0.01499	0.01271	0.01415	0.01240	0.01580	0.03727	0.04643	0.04950	0.55666	0.05563	0.02494	0.02508	0.05748	0.00852	0.00619	0.00201	0.00515	0.04048	0.00577	0.00884
2	0.01202	0.02798	0.65550	0.06655	0.02620	0.01378	0.03944	0.01915	0.05011	0.01881	0.01133	0.01328	0.00810	0.00574	0.00569	0.00189	0.00851	0.00461	0.00270	0.00861
3	0.00791	0.00568	0.00753	0.00802	0.00893	0.00530	0.00579	0.00988	0.01405	0.01937	0.37585	0.38815	0.04676	0.01532	0.00731	0.00216	0.00325	0.05755	0.00597	0.00521
4	0.01429	0.01370	0.02338	0.10992	0.68435	0.01396	0.01798	0.01785	0.01330	0.01890	0.01106	0.01475	0.00922	0.00533	0.00586	0.00178	0.00711	0.00527	0.00290	0.00909
5	0.01607	0.68225	0.07754	0.01098	0.01612	0.08439	0.01099	0.01826	0.01244	0.01427	0.00845	0.00978	0.00759	0.00518	0.00404	0.00133	0.00684	0.00329	0.00257	0.00760
6	0.01186	0.03059	0.76153	0.01686	0.02560	0.01373	0.02185	0.01873	0.01249	0.01873	0.01061	0.01249	0.00749	0.00562	0.00562	0.00187	0.00874	0.00437	0.00250	0.00874
7	0.00733	0.00529	0.00694	0.00804	0.00858	0.00490	0.00546	0.00858	0.01203	0.01611	0.11533	0.67113	0.07309	0.01764	0.00746	0.00232	0.00334	0.01592	0.00561	0.00490
8	0.01230	0.02677	0.58198	0.01811	0.02570	0.01428	0.14055	0.01842	0.01247	0.01842	0.01062	0.01310	0.00776	0.00588	0.00692	0.00195	0.06890	0.00487	0.00259	0.00844
9	0.01226	0.01051	0.01226	0.00876	0.01401	0.00788	0.00701	0.01489	0.01226	0.01927	0.01051	0.01226	0.00876	0.00438	0.00438	0.00088	0.00438	0.00350	0.00350	0.82832
10	0.00731	0.00522	0.00699	0.00836	0.00875	0.00490	0.00568	0.00842	0.01143	0.01522	0.03253	0.75439	0.03887	0.01842	0.00758	0.00242	0.00353	0.04965	0.00549	0.00483
11	0.00772	0.00558	0.00740	0.00859	0.00930	0.00526	0.00625	0.00921	0.01219	0.01609	0.06857	0.55936	0.08434	0.01755	0.00761	0.00242	0.00378	0.15827	0.00553	0.00498
12	0.01341	0.01782	0.17377	0.02327	0.12087	0.01407	0.43418	0.01833	0.01337	0.01902	0.01195	0.01542	0.00910	0.00542	0.00673	0.00192	0.03057	0.00610	0.05658	0.00810
13	0.00799	0.00571	0.00776	0.00913	0.00982	0.00548	0.00685	0.00959	0.01209	0.01597	0.03216	0.54516	0.03740	0.01779	0.00776	0.00251	0.00411	0.25223	0.00547	0.00502
14	0.01001	0.00681	0.00939	0.00832	0.01024	0.00619	0.03740	0.01273	0.01632	0.08485	0.59181	0.04214	0.11740	0.01166	0.00689	0.00188	0.00331	0.01030	0.00633	0.00601
15	0.01275	0.02396	0.47034	0.06211	0.24566	0.01385	0.05142	0.01838	0.01281	0.01873	0.01082	0.01345	0.00814	0.00550	0.00576	0.00185	0.00823	0.00480	0.00265	0.00878
16	0.01613	0.09420	0.08251	0.03502	0.07513	0.16181	0.33907	0.06678	0.03706	0.01890	0.01138	0.01402	0.00882	0.00552	0.00606	0.00179	0.00903	0.00553	0.00319	0.00803
17	0.68875	0.01203	0.02414	0.03110	0.06228	0.01364	0.00816	0.01719	0.01032	0.02480	0.00850	0.01038	0.00675	0.00581	0.00493	0.00188	0.05566	0.00355	0.00349	0.00665
18	0.00945	0.00900	0.04301	0.08240	0.09376	0.00818	0.00856	0.01337	0.08611	0.01870	0.17596	0.06194	0.34390	0.01154	0.00662	0.00195	0.00428	0.00989	0.00506	0.00632
19	0.00702	0.00599	0.00603	0.00602	0.00801	0.00501	0.00452	0.00855	0.01355	0.01615	0.07577	0.05662	0.73691	0.01491	0.00699	0.00199	0.00299	0.01244	0.00551	0.00501
20	0.01343	0.01080	0.01261	0.00909	0.01429	0.00846	0.00730	0.05250	0.01327	0.05346	0.01128	0.01272	0.00909	0.00465	0.00453	0.00096	0.00452	0.00371	0.00380	0.74954
21	0.01368	0.01210	0.05316	0.08648	0.05630	0.00973	0.04400	0.02903	0.02891	0.07721	0.01198	0.01377	0.00933	0.00502	0.00498	0.00125	0.00544	0.00427	0.00371	0.52966
22	0.83394	0.01144	0.00869	0.00778	0.01144	0.01327	0.00640	0.01738	0.01006	0.02653	0.00823	0.00961	0.00640	0.00549	0.00366	0.00183	0.00457	0.00320	0.00366	0.00640
23	0.01431	0.01376	0.02349	0.06420	0.64366	0.01365	0.05099	0.01785	0.01334	0.01913	0.01110	0.01459	0.00925	0.00522	0.00581	0.00172	0.00703	0.00523	0.00296	0.06270
24	0.79522	0.01114	0.00865	0.00777	0.01126	0.01288	0.00634	0.01693	0.00995	0.02577	0.00833	0.01000	0.00659	0.00620	0.00457	0.04066	0.00460	0.00329	0.00361	0.00622
25	0.02325	0.01486	0.01664	0.01281	0.01746	0.01587	0.01056	0.54205	0.04597	0.21371	0.01672	0.01588	0.01141	0.00718	0.00593	0.00179	0.00609	0.00552	0.00626	0.01004
26	0.01418	0.13502	0.07769	0.10577	0.04660	0.05220	0.36729	0.01891	0.05075	0.01758	0.01139	0.01459	0.00889	0.00564	0.00676	0.00187	0.04837	0.00572	0.00298	0.00779
27	0.00845	0.00632	0.00943	0.00943	0.01047	0.00735	0.00730	0.01052	0.00948	0.01368	0.01590	0.02359	0.01494	0.06149	0.75181	0.00942	0.01561	0.00639	0.00318	0.00524
28	0.00719	0.00519	0.00682	0.00813	0.00855	0.00481	0.00544	0.00825	0.01143	0.01514	0.03390	0.75324	0.07333	0.01836	0.00752	0.00238	0.00341	0.01660	0.00549	0.00481
29	0.01232	0.01298	0.05602	0.38188	0.19193	0.01350	0.12393	0.01648	0.02645	0.01696	0.01338	0.01736	0.04426	0.00629	0.00669	0.00195	0.04139	0.00585	0.00294	0.00747
30	0.01505	0.01209	0.01303	0.01172	0.01502	0.01371	0.00919	0.02980	0.64556	0.07220	0.02530	0.02482	0.03833	0.00853	0.00613	0.00203	0.00469	0.03762	0.00606	0.00912
31	0.01464	0.01405	0.02400	0.03630	0.75528	0.01405	0.01815	0.01815	0.01347	0.01932	0.01112	0.01464	0.00937	0.00527	0.00585	0.00176	0.00703	0.00527	0.00293	0.00937
32	0.00951	0.00814	0.01386	0.01219	0.01397	0.00906	0.12126	0.01204	0.01018	0.01457	0.01487	0.02163	0.01356	0.03667	0.61590	0.00802	0.04933	0.00638	0.00311	0.00576
33	0.07187	0.02210	0.02253	0.01809	0.02203	0.42161	0.25945	0.02112	0.01496	0.01679	0.00998	0.01253	0.00801	0.00589	0.00651	0.00176	0.04958	0.00493	0.00304	0.00719
34	0.00721	0.00515	0.00686	0.00823	0.00858	0.00480	0.00549	0.00823	0.01132	0.01510	0.03259	0.78831	0.03911	0.01853	0.00755	0.00240	0.00343	0.01681	0.00549	0.00480
35	0.00845	0.00634	0.00950	0.00950	0.01056	0.00739	0.00739	0.01056	0.00950	0.01373	0.01584	0.02323	0.01478	0.04435	0.76873	0.00950	0.01584	0.00634	0.00317	0.00528
36	0.00721	0.00515	0.00686	0.00823	0.00858	0.00480	0.00549	0.00823	0.01132	0.01510	0.03259	0.78831	0.03911	0.01853	0.00755	0.00240	0.00343	0.01681	0.00549	0.00480
37	0.02209	0.02819	0.01676	0.01524	0.01828	0.76843	0.01143	0.02361	0.01676	0.01447	0.00914	0.01066	0.00762	0.00609	0.00533	0.00152	0.01066	0.00381	0.00305	0.00686
38	0.00845	0.00634	0.00950	0.00950	0.01056	0.00739	0.00739	0.01056	0.00950	0.01373	0.01584	0.02323	0.01478	0.04435	0.76873	0.00950	0.01584	0.00634	0.00317	0.00528
39	0.01102	0.00551	0.00551	0.00551	0.00689	0.00551	0.00413	0.01378	0.01240	0.02205	0.01929	0.02205	0.01516	0.00689	0.00413	0.00138	0.00276	0.00551	0.82500	0.00551
40	0.02001	0.01418	0.01541	0.01241	0.01654	0.01561	0.01005	0.41669	0.23824	0.10759	0.01833	0.01755	0.01316	0.00738	0.00586	0.00183	0.00562	0.00580	0.04813	0.00962
41	0.02209	0.02819	0.01676	0.01524	0.01828	0.76843	0.01143	0.02361	0.01676	0.01447	0.00914	0.01066	0.00762	0.00609	0.00533	0.00152	0.01066	0.00381	0.00305	0.00686
42	0.00703	0.00594	0.00609	0.00617	0.00804	0.00499	0.00458	0.00852	0.01340	0.01607	0.07211	0.10444	0.69216	0.01515	0.00703	0.00202	0.00302	0.01273	0.00551	0.00499
43	0.02248	0.01656	0.01775	0.01361	0.01834	0.01834	0.01124	0.73556	0.02780	0.03727	0.01420	0.01420	0.01006	0.00710	0.00592	0.00177	0.00651	0.00532	0.00592	0.01006
44	0.00859	0.00576	0.00661	0.00661	0.00666	0.00582	0.00378	0.00870	0.00865	0.01158	0.01849	0.03790	0.02115	0.75373	0.06806	0.00593	0.00625	0.00848	0.00356	0.00367
45	0.00845	0.00634	0.00950	0.00950	0.01056	0.00739	0.00739	0.01056	0.00950	0.01373	0.01584	0.02323	0.01478	0.04435	0.76873	0.00950	0.01584	0.00634	0.00317	0.00528
46	0.00721	0.00515	0.00686	0.00823	0.00858	0.00480	0.00549	0.00823	0.01132	0.01510	0.03259	0.78831	0.03911	0.01853	0.00755	0.00240	0.00343	0.01681	0.00549	0.00480
47	0.00762	0.00602	0.00686	0.00665	0.00837	0.00526	0.00499	0.00970	0.01496	0.01949	0.37392	0.05113	0.43667	0.01367	0.00698	0.00193	0.00290	0.01167	0.00595	0.00526
48	0.00721	0.00515	0.00686	0.00823	0.00858	0.00480	0.00549	0.00823	0.01132	0.01510	0.03259	0.78831	0.03911	0.01853	0.00755	0.00240	0.00343	0.01681	0.00549	0.00480
49	0.01464	0.01405	0.02400	0.03630	0.75528	0.01405	0.01815	0.01815	0.01347	0.01932	0.01112	0.01464	0.00937	0.00527	0.00585	0.00176	0.00703	0.00527	0.00293	0.00937
50	0.02634	0.01037	0.01391	0.01067	0.01525	0.00915	0.00881	0.06235	0.01744	0.72511	0.02290	0.01985	0.01442	0.00731	0.00595	0.00183	0.00510	0.00592	0.00725	0.01006
51	0.01254	0.01191	0.02021	0.48498	0.32299	0.01350	0.01711	0.01631	0.01247	0.01677	0.01075	0.01532	0.00847	0.00566	0.00589	0.00189	0.00754	0.00526	0.00275	0.00767
52	0.01117	0.01051	0.01774	0.77795	0.04073	0.01314	0.01642	0.01511	0.01182	0.01511	0.01051	0.01577	0.00788	0.00591	0.00591	0.00197	0.00788	0.00526	0.00263	0.00657
53	0.00988	0.00650	0.00790	0.00740	0.00936	0.00576	0.00570	0.01213	0.01539	0.10022	0.38033	0.04740	0.31079	0.01285	0.00693	0.00195	0.00324	0.04429	0.00617	0.00584
54	0.01264	0.01067	0.01239	0.00899	0.01408	0.00833	0.00718	0.05174	0.01303	0.02007	0.01134	0.03491	0.00971	0.00493	0.00455	0.00097	0.00446	0.00398	0.00369	0.76233
55	0.02080	0.00883	0.01170	0.00939	0.01307	0.00766	0.00760	0.02308	0.01644	0.53362	0.15541	0.02914	0.11842	0.00915	0.00626	0.00186	0.00437	0.00763	0.00694	0.00862
56	0.01306	0.01318	0.01805	0.06533	0.01724	0.03738	0.01313	0.01453	0.00944	0.01430	0.00798	0.01306	0.00777	0.00995	0.01816	0.00252	0.71069	0.00514	0.00260	0.00649
57	0.59665	0.01578	0.01110	0.00988	0.01344	0.19841	0.00786	0.05299	0.01255	0.02409	0.00874	0.01008	0.00687	0.00571	0.00418	0.00175	0.00616	0.00345	0.00362	0.00669
58	0.01294	0.01294	0.01811	0.01553	0.01553	0.01811	0.01294	0.01423	0.00906	0.01423	0.00776	0.01294	0.00776	0.01035	0.01941	0.00259	0.78134	0.00518	0.00259	0.00647
59	0.01226	0.01051	0.01226	0.00876	0.01401	0.00788	0.00701	0.01489	0.01226	0.01927	0.01051	0.01226	0.00876	0.00438	0.00438	0.00088	0.00438	0.00350	0.00350	0.82832

[dist]
# distance from previous block
# <min> <max>
79	198

# created by:
# /software/SequenceAnalysis/GenePrediction/augustus/3.0.1/scripts/msa2prfl.pl ./fixed/BUSCOvEOG798WF2.fas
