[name]
unknown

[dist]
# distance from previous block
# <min> <max>
38	423

[block]
# block no. 0 follows, 39 sequences, length 10
# corresponding to MSA columns:
# 440-449
name=unknown_A
#
# <colnr> <probs for GDERKNQSTAVLIFYWHMCP>
#	G	D	E	R	K	N	Q	S	T	A	V	L	I	F	Y	W	H	M	C	P
0	0.00740	0.00534	0.00705	0.00835	0.00887	0.00499	0.00579	0.00861	0.01165	0.01538	0.03399	0.68367	0.07799	0.01814	0.00757	0.00241	0.00359	0.07886	0.00549	0.00487
1	0.00859	0.00739	0.00752	0.00725	0.00952	0.00701	0.00550	0.01325	0.16539	0.01780	0.05246	0.04967	0.60020	0.01353	0.00679	0.00200	0.00335	0.01128	0.00560	0.00590
2	0.17979	0.01323	0.01324	0.01087	0.01457	0.04627	0.00882	0.34066	0.03863	0.07929	0.01676	0.01745	0.05148	0.01009	0.06455	0.00236	0.00638	0.00541	0.07200	0.00816
3	0.00743	0.00529	0.00703	0.00817	0.00854	0.00509	0.00547	0.00845	0.01094	0.01467	0.03005	0.66212	0.03566	0.08950	0.06862	0.00325	0.00460	0.01527	0.00514	0.00473
4	0.02396	0.01418	0.01627	0.01248	0.01715	0.01481	0.01031	0.47678	0.02382	0.30167	0.01754	0.01637	0.01173	0.00718	0.00593	0.00179	0.00597	0.00555	0.00643	0.01006
5	0.01199	0.00720	0.00927	0.00920	0.01096	0.00683	0.00706	0.06275	0.01452	0.14215	0.10782	0.35083	0.08444	0.01456	0.00718	0.00223	0.00416	0.13468	0.00592	0.00625
6	0.19038	0.02311	0.01611	0.01406	0.01753	0.51016	0.04819	0.08084	0.01613	0.01909	0.00952	0.01101	0.00764	0.00599	0.00512	0.00163	0.00902	0.00397	0.00341	0.00708
7	0.01249	0.01186	0.02013	0.49463	0.31370	0.01349	0.01708	0.01627	0.01245	0.01672	0.01075	0.01533	0.00845	0.00567	0.00589	0.00189	0.00756	0.00526	0.00274	0.00764
8	0.00846	0.00630	0.00931	0.00931	0.01029	0.00728	0.00714	0.01043	0.00945	0.01358	0.01602	0.02424	0.01522	0.09303	0.72065	0.00926	0.01518	0.00648	0.00320	0.00517
9	0.01875	0.35288	0.02221	0.01162	0.01611	0.07943	0.01017	0.17087	0.13716	0.10571	0.01388	0.01385	0.01064	0.00631	0.00497	0.00158	0.00629	0.00456	0.00440	0.00862

[dist]
# distance from previous block
# <min> <max>
0	1

[block]
# block no. 1 follows, 39 sequences, length 58
# corresponding to MSA columns:
# 451-508
name=unknown_B
#
# <colnr> <probs for GDERKNQSTAVLIFYWHMCP>
#	G	D	E	R	K	N	Q	S	T	A	V	L	I	F	Y	W	H	M	C	P
0	0.01660	0.01550	0.02571	0.03610	0.68619	0.01513	0.06378	0.01952	0.01475	0.02114	0.01326	0.01755	0.01131	0.00667	0.00681	0.00216	0.00786	0.00604	0.00366	0.01027
1	0.00825	0.00605	0.00772	0.00731	0.00876	0.00553	0.00548	0.01090	0.01642	0.02295	0.68272	0.04546	0.12556	0.01239	0.00698	0.00188	0.00282	0.01088	0.00641	0.00553
2	0.03226	0.01035	0.01707	0.71679	0.03845	0.01281	0.01580	0.01502	0.01189	0.01556	0.01158	0.01836	0.00926	0.00647	0.00598	0.00201	0.00767	0.04333	0.00281	0.00651
3	0.01317	0.01072	0.01250	0.00907	0.01418	0.00840	0.00726	0.05245	0.01321	0.04392	0.01156	0.02770	0.00962	0.00490	0.00458	0.00099	0.00450	0.00394	0.00379	0.74358
4	0.01990	0.01487	0.01600	0.01273	0.01699	0.01639	0.01031	0.49256	0.20162	0.05472	0.01692	0.01704	0.01249	0.03247	0.00667	0.00193	0.00592	0.00572	0.00583	0.03892
5	0.01188	0.03060	0.76136	0.01686	0.02560	0.01374	0.02185	0.01874	0.01249	0.01874	0.01063	0.01251	0.00751	0.00563	0.00562	0.00188	0.00874	0.00437	0.00250	0.00875
6	0.02458	0.01110	0.01412	0.01102	0.01544	0.01047	0.00904	0.12115	0.08637	0.58289	0.03534	0.01999	0.01511	0.00745	0.00597	0.00184	0.00516	0.00602	0.00700	0.00992
7	0.00726	0.00519	0.00691	0.00822	0.00860	0.00484	0.00550	0.00835	0.01153	0.01542	0.05844	0.76142	0.03972	0.01830	0.00753	0.00238	0.00341	0.01659	0.00553	0.00484
8	0.01611	0.01292	0.01254	0.01180	0.01448	0.15538	0.00956	0.08037	0.11374	0.13068	0.02425	0.07528	0.04064	0.01121	0.00676	0.00215	0.00621	0.26324	0.00539	0.00729
9	0.02038	0.06536	0.01748	0.03255	0.01783	0.06730	0.01075	0.54186	0.05556	0.03176	0.01638	0.01650	0.05001	0.00734	0.00578	0.00175	0.00648	0.00554	0.02017	0.00922
10	0.01493	0.13912	0.02092	0.01464	0.01700	0.03018	0.07335	0.12947	0.01319	0.01841	0.00973	0.01329	0.00858	0.00987	0.04848	0.00245	0.39151	0.00501	0.00321	0.03667
11	0.01280	0.01283	0.01783	0.01485	0.01600	0.03450	0.05985	0.01449	0.01020	0.01520	0.01167	0.01580	0.05491	0.00956	0.01588	0.00231	0.58027	0.00555	0.00291	0.09257
12	0.01005	0.00618	0.00760	0.00748	0.00858	0.00680	0.00568	0.01232	0.01096	0.01801	0.01749	0.02319	0.01512	0.07389	0.27806	0.00462	0.04454	0.00600	0.43806	0.00535
13	0.01186	0.01008	0.01214	0.00966	0.01339	0.00899	0.00759	0.03939	0.03459	0.01879	0.01480	0.15398	0.01452	0.00781	0.00666	0.00140	0.08679	0.00627	0.00393	0.53736
14	0.01104	0.00552	0.00552	0.00552	0.00690	0.00552	0.00414	0.01379	0.01241	0.02206	0.01930	0.02207	0.01517	0.00690	0.00414	0.00138	0.00276	0.00552	0.82480	0.00552
15	0.01374	0.01112	0.01183	0.01015	0.01338	0.04755	0.00782	0.15906	0.11716	0.04107	0.02372	0.20984	0.09138	0.01013	0.00605	0.00176	0.00481	0.00856	0.00510	0.20578
16	0.01104	0.00552	0.00552	0.00552	0.00690	0.00552	0.00414	0.01379	0.01241	0.02206	0.01930	0.02207	0.01517	0.00690	0.00414	0.00138	0.00276	0.00552	0.82480	0.00552
17	0.01013	0.00772	0.00850	0.00795	0.01019	0.00752	0.00604	0.01531	0.17881	0.05986	0.18836	0.05722	0.37520	0.03164	0.00730	0.00206	0.00352	0.01044	0.00587	0.00634
18	0.01465	0.01406	0.02401	0.03630	0.75511	0.01406	0.01815	0.01816	0.01347	0.01933	0.01114	0.01466	0.00938	0.00528	0.00586	0.00176	0.00703	0.00527	0.00293	0.00937
19	0.01188	0.03060	0.76136	0.01686	0.02560	0.01374	0.02185	0.01874	0.01249	0.01874	0.01063	0.01251	0.00751	0.00563	0.00562	0.00188	0.00874	0.00437	0.00250	0.00875
20	0.00737	0.00526	0.00704	0.00841	0.00882	0.00494	0.00575	0.00850	0.01148	0.01527	0.03252	0.74267	0.03880	0.01840	0.00759	0.00242	0.00356	0.06084	0.00549	0.00485
21	0.01029	0.00515	0.00772	0.00771	0.00772	0.00515	0.00514	0.00772	0.00771	0.01029	0.01029	0.01800	0.01029	0.02055	0.02311	0.82775	0.00514	0.00514	0.00257	0.00258
22	0.00900	0.00622	0.00775	0.00732	0.00898	0.00559	0.00550	0.01138	0.01576	0.06158	0.52002	0.08087	0.21228	0.01280	0.00696	0.00192	0.00299	0.01114	0.00628	0.00566
23	0.00722	0.00516	0.00687	0.00824	0.00859	0.00481	0.00550	0.00825	0.01133	0.01511	0.03260	0.78814	0.03912	0.01853	0.00755	0.00240	0.00344	0.01681	0.00549	0.00481
24	0.00727	0.00525	0.00689	0.00810	0.00858	0.00486	0.00545	0.00842	0.01173	0.01562	0.07305	0.71317	0.07367	0.01802	0.00750	0.00236	0.00338	0.01628	0.00555	0.00486
25	0.00744	0.00602	0.00667	0.00699	0.00868	0.00525	0.00535	0.00910	0.01341	0.01649	0.08569	0.14353	0.53908	0.01545	0.00722	0.00214	0.00337	0.10752	0.00554	0.00507
26	0.01288	0.01332	0.02267	0.01798	0.01996	0.01618	0.24036	0.01541	0.01066	0.01569	0.00981	0.01481	0.00877	0.01164	0.08101	0.00301	0.47035	0.00585	0.00277	0.00685
27	0.00722	0.00516	0.00687	0.00824	0.00859	0.00481	0.00550	0.00825	0.01133	0.01511	0.03260	0.78814	0.03912	0.01853	0.00755	0.00240	0.00344	0.01681	0.00549	0.00481
28	0.00722	0.00516	0.00687	0.00824	0.00859	0.00481	0.00550	0.00825	0.01133	0.01511	0.03260	0.78814	0.03912	0.01853	0.00755	0.00240	0.00344	0.01681	0.00549	0.00481
29	0.12491	0.47211	0.15268	0.01204	0.01746	0.06654	0.04813	0.01828	0.01224	0.01673	0.00889	0.01044	0.00750	0.00528	0.00435	0.00150	0.00696	0.00361	0.00274	0.00761
30	0.01246	0.01224	0.01750	0.01498	0.01524	0.01667	0.03527	0.01386	0.00923	0.01423	0.00900	0.01503	0.00898	0.05122	0.07073	0.00320	0.66567	0.00549	0.00269	0.00630
31	0.01118	0.01052	0.01775	0.77778	0.04073	0.01315	0.01643	0.01512	0.01183	0.01512	0.01053	0.01579	0.00790	0.00592	0.00592	0.00197	0.00789	0.00526	0.00263	0.00658
32	0.02143	0.01852	0.01757	0.04983	0.01925	0.17342	0.01161	0.52002	0.02389	0.03043	0.01269	0.01350	0.00936	0.00700	0.00644	0.00177	0.04419	0.00500	0.00501	0.00907
33	0.01465	0.01406	0.02401	0.03630	0.75511	0.01406	0.01815	0.01816	0.01347	0.01933	0.01114	0.01466	0.00938	0.00528	0.00586	0.00176	0.00703	0.00527	0.00293	0.00937
34	0.18897	0.00788	0.00917	0.00841	0.01010	0.00829	0.00624	0.04453	0.04786	0.08017	0.08737	0.01909	0.01484	0.01413	0.01425	0.41950	0.00481	0.00545	0.00393	0.00500
35	0.01804	0.01288	0.01412	0.01155	0.01500	0.01390	0.00918	0.48665	0.02232	0.05242	0.02022	0.15869	0.04833	0.05009	0.00745	0.00209	0.00558	0.00792	0.03515	0.00839
36	0.01110	0.00927	0.01318	0.05026	0.01418	0.01080	0.04477	0.05765	0.01263	0.03600	0.11326	0.30231	0.02602	0.02583	0.01117	0.00235	0.23826	0.01033	0.00452	0.00610
37	0.01936	0.01456	0.01565	0.01277	0.01690	0.01626	0.01030	0.39385	0.33629	0.07064	0.01896	0.01793	0.01376	0.00752	0.00597	0.00188	0.00565	0.00595	0.00604	0.00976
38	0.03093	0.04891	0.55978	0.01828	0.02618	0.01428	0.18148	0.01873	0.01276	0.01883	0.01081	0.01314	0.00782	0.00547	0.00583	0.00188	0.00886	0.00490	0.00264	0.00849
39	0.02142	0.01584	0.01704	0.01322	0.01789	0.01672	0.01071	0.58633	0.02528	0.03466	0.01501	0.01586	0.01118	0.00744	0.00609	0.00184	0.00638	0.00544	0.04648	0.12516
40	0.00980	0.00661	0.00732	0.00727	0.00739	0.00644	0.00414	0.00949	0.00937	0.01261	0.01963	0.03980	0.02235	0.77858	0.03014	0.00587	0.00611	0.00890	0.00397	0.00422
41	0.01144	0.00602	0.00856	0.00851	0.00862	0.00586	0.00566	0.00861	0.00849	0.01144	0.01142	0.01945	0.01133	0.02103	0.02328	0.81308	0.00552	0.00550	0.00297	0.00323
42	0.02161	0.02151	0.01708	0.04195	0.01909	0.35859	0.01144	0.30464	0.04541	0.02503	0.01605	0.01715	0.05700	0.00786	0.00620	0.00190	0.00852	0.00549	0.00481	0.00866
43	0.01099	0.00666	0.00940	0.05732	0.01133	0.00688	0.00683	0.01018	0.00967	0.01360	0.01443	0.05893	0.01397	0.02440	0.18797	0.47720	0.00785	0.00638	0.06162	0.00441
44	0.00907	0.00663	0.00834	0.00915	0.01020	0.00609	0.00672	0.01047	0.01369	0.01826	0.15668	0.41125	0.13235	0.01708	0.00796	0.00252	0.00409	0.15775	0.00600	0.00571
45	0.02304	0.02865	0.01744	0.01590	0.01901	0.75522	0.01184	0.02423	0.01738	0.01556	0.01031	0.01227	0.00872	0.00685	0.00582	0.00174	0.01095	0.00419	0.00344	0.00744
46	0.01675	0.01473	0.02351	0.03163	0.57685	0.01447	0.05062	0.07987	0.01547	0.05376	0.01305	0.01632	0.01067	0.00622	0.00632	0.00194	0.00725	0.00565	0.00380	0.05113
47	0.00919	0.00712	0.01010	0.01122	0.04766	0.00657	0.04624	0.01031	0.01254	0.01690	0.05475	0.64585	0.06255	0.01733	0.00784	0.00251	0.00435	0.01551	0.00561	0.00585
48	0.00843	0.00603	0.00773	0.00903	0.00948	0.00553	0.00601	0.00913	0.01204	0.01617	0.03333	0.77573	0.03964	0.01905	0.00800	0.00260	0.00385	0.01696	0.00584	0.00542
49	0.01513	0.01432	0.02399	0.14903	0.52628	0.01458	0.08231	0.01919	0.05372	0.01993	0.01294	0.01687	0.01064	0.00626	0.00645	0.00203	0.00765	0.00586	0.00345	0.00934
50	0.01746	0.04299	0.01550	0.01256	0.01658	0.07867	0.00985	0.13207	0.38637	0.04335	0.01918	0.01905	0.01474	0.00765	0.00604	0.00190	0.00587	0.00585	0.00554	0.15881
51	0.00861	0.00621	0.00781	0.00875	0.00941	0.00567	0.00591	0.00953	0.01276	0.01721	0.12720	0.61879	0.07656	0.04341	0.00863	0.00262	0.00382	0.01569	0.00591	0.00549
52	0.01031	0.00796	0.00833	0.00838	0.00902	0.05428	0.00540	0.01083	0.01194	0.01579	0.15547	0.19629	0.03141	0.42475	0.01964	0.00420	0.00540	0.01070	0.00487	0.00505
53	0.01409	0.09537	0.45166	0.06046	0.10531	0.01514	0.06406	0.05270	0.01399	0.01993	0.01265	0.04332	0.01022	0.00682	0.00615	0.00204	0.00838	0.00545	0.00326	0.00900
54	0.29615	0.01355	0.01847	0.08532	0.40680	0.01429	0.01399	0.01879	0.03635	0.02263	0.01163	0.01478	0.00958	0.00625	0.00559	0.00202	0.00653	0.00496	0.00365	0.00866
55	0.02026	0.01577	0.01861	0.05197	0.08217	0.04271	0.04804	0.39853	0.05336	0.06991	0.01496	0.01621	0.01123	0.00716	0.00622	0.00188	0.00685	0.00554	0.00535	0.12329
56	0.02053	0.01782	0.01656	0.01357	0.01773	0.16432	0.01068	0.38607	0.08960	0.02881	0.01557	0.05223	0.01258	0.00790	0.00616	0.00186	0.00709	0.00581	0.00536	0.11976
57	0.04794	0.40324	0.06561	0.01146	0.01639	0.01840	0.01060	0.13140	0.01583	0.12062	0.01322	0.01428	0.01045	0.00657	0.00508	0.00168	0.00633	0.00449	0.04895	0.04747

[dist]
# distance from previous block
# <min> <max>
4	6

[block]
# block no. 2 follows, 39 sequences, length 15
# corresponding to MSA columns:
# 515-529
name=unknown_C
#
# <colnr> <probs for GDERKNQSTAVLIFYWHMCP>
#	G	D	E	R	K	N	Q	S	T	A	V	L	I	F	Y	W	H	M	C	P
0	0.18359	0.00804	0.00873	0.00823	0.01016	0.00837	0.00631	0.06144	0.03066	0.02236	0.30449	0.06227	0.05602	0.12036	0.00957	0.00251	0.00418	0.08164	0.00527	0.00580
1	0.12716	0.03508	0.01215	0.01057	0.06258	0.00948	0.00756	0.05664	0.01277	0.02027	0.04026	0.14219	0.01577	0.04635	0.00633	0.00166	0.00463	0.00637	0.00403	0.37815
2	0.01148	0.00884	0.01015	0.00890	0.01160	0.00856	0.00685	0.08538	0.13384	0.04011	0.25559	0.10135	0.14737	0.01070	0.00635	0.00179	0.00385	0.00915	0.00568	0.13246
3	0.01047	0.00891	0.00917	0.00848	0.01085	0.03244	0.00650	0.05257	0.19533	0.02087	0.19801	0.04188	0.35788	0.01195	0.00664	0.00194	0.00379	0.01002	0.00579	0.00652
4	0.01325	0.01430	0.02808	0.02072	0.02521	0.01434	0.48925	0.01711	0.01273	0.01789	0.01209	0.05471	0.01027	0.00664	0.00911	0.00202	0.15497	0.00680	0.00309	0.08743
5	0.01565	0.01006	0.01095	0.00886	0.01216	0.01003	0.00709	0.23419	0.01732	0.06977	0.01637	0.01775	0.01240	0.00652	0.00483	0.00143	0.00433	0.00511	0.37694	0.15822
6	0.01365	0.01343	0.02054	0.34962	0.38069	0.06312	0.01671	0.01762	0.03510	0.01738	0.01112	0.01508	0.00888	0.00568	0.00585	0.00184	0.00756	0.00521	0.00290	0.00801
7	0.01581	0.79572	0.03099	0.01012	0.01518	0.02340	0.01012	0.01771	0.01202	0.01391	0.00822	0.00949	0.00759	0.00506	0.00379	0.00126	0.00632	0.00316	0.00253	0.00759
8	0.01226	0.01051	0.01226	0.00876	0.01401	0.00788	0.00701	0.01489	0.01226	0.01927	0.01051	0.01226	0.00876	0.00438	0.00438	0.00088	0.00438	0.00350	0.00350	0.82832
9	0.00816	0.00661	0.04438	0.00857	0.00943	0.00545	0.00622	0.00942	0.01130	0.03781	0.02995	0.65789	0.03519	0.08817	0.00946	0.00266	0.00395	0.01511	0.00522	0.00505
10	0.72020	0.01216	0.00996	0.00859	0.01240	0.01398	0.00708	0.11804	0.01255	0.02804	0.00907	0.01025	0.00692	0.00572	0.00398	0.00182	0.00485	0.00350	0.00398	0.00692
11	0.00851	0.00569	0.00648	0.00657	0.00659	0.00567	0.00371	0.00858	0.00878	0.01171	0.01958	0.08935	0.02269	0.73989	0.02858	0.00551	0.00558	0.00915	0.00371	0.00367
12	0.02107	0.01634	0.01693	0.01339	0.01781	0.04809	0.01091	0.58077	0.15556	0.03411	0.01576	0.01546	0.01139	0.00722	0.00591	0.00181	0.00635	0.00551	0.00582	0.00980
13	0.01004	0.00514	0.00764	0.00774	0.00777	0.00511	0.00516	0.00774	0.00797	0.01063	0.01194	0.07547	0.01242	0.02039	0.02195	0.76633	0.00501	0.00601	0.00279	0.00273
14	0.01027	0.00514	0.00770	0.00770	0.00770	0.00514	0.00514	0.00770	0.00770	0.01027	0.01027	0.01798	0.01027	0.02054	0.02311	0.82794	0.00514	0.00514	0.00257	0.00257

[dist]
# distance from previous block
# <min> <max>
0	1

[block]
# block no. 3 follows, 39 sequences, length 15
# corresponding to MSA columns:
# 531-545
name=unknown_D
#
# <colnr> <probs for GDERKNQSTAVLIFYWHMCP>
#	G	D	E	R	K	N	Q	S	T	A	V	L	I	F	Y	W	H	M	C	P
0	0.00876	0.00683	0.00765	0.00736	0.00922	0.00631	0.00551	0.07456	0.01527	0.01969	0.22368	0.15555	0.40988	0.01406	0.00697	0.00200	0.00332	0.01202	0.00578	0.00557
1	0.01538	0.01183	0.01292	0.01146	0.01476	0.01326	0.00895	0.02933	0.60266	0.10179	0.08953	0.02385	0.02109	0.00832	0.00610	0.00197	0.00455	0.00697	0.00620	0.00909
2	0.01294	0.01294	0.01811	0.01553	0.01553	0.01811	0.01294	0.01423	0.00906	0.01423	0.00776	0.01294	0.00776	0.01035	0.01941	0.00259	0.78134	0.00518	0.00259	0.00647
3	0.00772	0.00559	0.00729	0.00777	0.00866	0.00516	0.00548	0.00956	0.01386	0.01901	0.35706	0.41780	0.08210	0.01546	0.00726	0.00214	0.00312	0.01385	0.00595	0.00516
4	0.02606	0.01082	0.01419	0.01088	0.01547	0.00981	0.00899	0.11062	0.01819	0.67580	0.02227	0.01944	0.01411	0.00729	0.00594	0.00182	0.00520	0.00587	0.00716	0.01006
5	0.01771	0.01524	0.06725	0.01407	0.01873	0.01471	0.08822	0.41854	0.02137	0.02903	0.01598	0.02225	0.01337	0.00791	0.00619	0.00185	0.00662	0.11604	0.00504	0.09988
6	0.00764	0.00543	0.00663	0.00741	0.00781	0.00513	0.00475	0.00838	0.01065	0.01399	0.03089	0.46239	0.10936	0.27407	0.01495	0.00346	0.00415	0.01363	0.00486	0.00442
7	0.20415	0.00775	0.00943	0.00900	0.01085	0.00877	0.00704	0.01328	0.01008	0.06632	0.01470	0.02064	0.01316	0.07242	0.49844	0.00698	0.01193	0.00569	0.00358	0.00577
8	0.01354	0.01446	0.02908	0.02317	0.09083	0.01415	0.51349	0.01870	0.05883	0.01897	0.01449	0.02148	0.01218	0.00667	0.00756	0.00208	0.04683	0.08223	0.00341	0.00784
9	0.00881	0.00665	0.00823	0.00795	0.00844	0.00727	0.00545	0.00957	0.00950	0.01283	0.02267	0.03546	0.12052	0.45434	0.17028	0.00562	0.08999	0.00833	0.00366	0.00442
10	0.07205	0.54008	0.02592	0.01105	0.01575	0.10134	0.01019	0.13032	0.01486	0.01846	0.00925	0.01036	0.00790	0.00552	0.00428	0.00141	0.00670	0.00357	0.00319	0.00782
11	0.01117	0.01051	0.01774	0.77795	0.04073	0.01314	0.01642	0.01511	0.01182	0.01511	0.01051	0.01577	0.00788	0.00591	0.00591	0.00197	0.00788	0.00526	0.00263	0.00657
12	0.01717	0.01896	0.01718	0.01495	0.01662	0.30819	0.01194	0.08344	0.01388	0.01648	0.01049	0.01353	0.03084	0.00855	0.01235	0.00208	0.38842	0.00488	0.00316	0.00690
13	0.83394	0.01144	0.00869	0.00778	0.01144	0.01327	0.00640	0.01738	0.01006	0.02653	0.00823	0.00961	0.00640	0.00549	0.00366	0.00183	0.00457	0.00320	0.00366	0.00640
14	0.01270	0.01071	0.01117	0.01015	0.01246	0.07348	0.00781	0.01996	0.26711	0.05796	0.30299	0.05026	0.07998	0.01022	0.00708	0.00194	0.04252	0.00850	0.00580	0.00720

[dist]
# distance from previous block
# <min> <max>
0	1

[block]
# block no. 4 follows, 39 sequences, length 26
# corresponding to MSA columns:
# 547-572
name=unknown_E
#
# <colnr> <probs for GDERKNQSTAVLIFYWHMCP>
#	G	D	E	R	K	N	Q	S	T	A	V	L	I	F	Y	W	H	M	C	P
0	0.01566	0.01057	0.01330	0.06285	0.01630	0.00931	0.02216	0.03784	0.01548	0.14043	0.10997	0.20941	0.02622	0.01172	0.00725	0.00224	0.00545	0.04140	0.00594	0.23648
1	0.01681	0.38845	0.12448	0.01698	0.02255	0.01946	0.21662	0.01947	0.01439	0.01880	0.01405	0.01974	0.01250	0.00775	0.00646	0.00217	0.00844	0.05805	0.00381	0.00901
2	0.01690	0.08300	0.38005	0.02001	0.11196	0.09508	0.06693	0.06702	0.01561	0.02136	0.01356	0.01684	0.01091	0.00913	0.04041	0.00260	0.00956	0.00553	0.00384	0.00969
3	0.01540	0.01748	0.22327	0.04227	0.18644	0.01247	0.01606	0.01895	0.03259	0.07073	0.02150	0.03567	0.02014	0.01109	0.00770	0.00262	0.00762	0.24397	0.00494	0.00910
4	0.01278	0.01221	0.02111	0.33159	0.37089	0.01317	0.06316	0.01651	0.01306	0.01790	0.06077	0.01716	0.01187	0.00597	0.00603	0.00186	0.00728	0.00574	0.00305	0.00790
5	0.01419	0.01548	0.02920	0.02277	0.08959	0.05856	0.52073	0.01850	0.01384	0.01888	0.01191	0.01542	0.00918	0.00510	0.00639	0.00180	0.00885	0.00622	0.04035	0.09306
6	0.00845	0.00633	0.00851	0.00993	0.04010	0.00602	0.00734	0.01045	0.01314	0.01727	0.11218	0.30671	0.14233	0.01598	0.00756	0.00238	0.00418	0.27031	0.00548	0.00533
7	0.09799	0.02701	0.59578	0.01543	0.02304	0.03363	0.01887	0.06674	0.01348	0.02079	0.02839	0.01302	0.00872	0.00587	0.00546	0.00185	0.00807	0.00445	0.00296	0.00846
8	0.08136	0.18476	0.01969	0.01222	0.01693	0.01843	0.01047	0.48073	0.02236	0.07838	0.01305	0.01322	0.00955	0.00655	0.00529	0.00167	0.00623	0.00474	0.00511	0.00925
9	0.02209	0.02819	0.01676	0.01524	0.01828	0.76843	0.01143	0.02361	0.01676	0.01447	0.00914	0.01066	0.00762	0.00609	0.00533	0.00152	0.01066	0.00381	0.00305	0.00686
10	0.01027	0.00514	0.00770	0.00770	0.00770	0.00514	0.00514	0.00770	0.00770	0.01027	0.01027	0.01798	0.01027	0.02054	0.02311	0.82794	0.00514	0.00514	0.00257	0.00257
11	0.01938	0.02023	0.01728	0.01716	0.12744	0.33786	0.01182	0.17572	0.12685	0.02189	0.01283	0.01381	0.01002	0.00637	0.00558	0.00165	0.00797	0.00476	0.00411	0.05728
12	0.00859	0.00577	0.00663	0.00663	0.00670	0.00583	0.00381	0.00872	0.00865	0.01160	0.01847	0.03778	0.02110	0.74757	0.07415	0.00596	0.00634	0.00846	0.00356	0.00368
13	0.00874	0.00616	0.00785	0.00736	0.00892	0.00560	0.00554	0.01136	0.01637	0.04417	0.65082	0.04495	0.13535	0.01229	0.00695	0.00187	0.00288	0.01076	0.00642	0.00564
14	0.01177	0.07446	0.66679	0.01572	0.02378	0.01372	0.01997	0.01797	0.01253	0.01826	0.01381	0.01532	0.05806	0.00622	0.00560	0.00185	0.00821	0.00485	0.00270	0.00842
15	0.15475	0.13769	0.47021	0.01574	0.07564	0.01509	0.01719	0.01830	0.01207	0.01942	0.00989	0.01171	0.00746	0.00549	0.00503	0.00177	0.00754	0.00406	0.00273	0.00821
16	0.00738	0.00527	0.00706	0.00843	0.00885	0.00495	0.00579	0.00853	0.01149	0.01529	0.03250	0.73489	0.03874	0.01837	0.00759	0.00243	0.00358	0.06853	0.00549	0.00485
17	0.00721	0.00515	0.00686	0.00823	0.00858	0.00480	0.00549	0.00823	0.01132	0.01510	0.03259	0.78831	0.03911	0.01853	0.00755	0.00240	0.00343	0.01681	0.00549	0.00480
18	0.01454	0.01395	0.02382	0.05783	0.73453	0.01402	0.01810	0.01806	0.01342	0.01920	0.01111	0.01467	0.00932	0.00529	0.00586	0.00176	0.00705	0.00527	0.00292	0.00929
19	0.01412	0.01329	0.02023	0.15827	0.39473	0.04389	0.04541	0.06651	0.06188	0.01989	0.04602	0.06254	0.01345	0.00680	0.00606	0.00185	0.00686	0.00630	0.00360	0.00833
20	0.01977	0.01502	0.01601	0.01275	0.01700	0.01666	0.01038	0.53548	0.18030	0.03314	0.01941	0.01878	0.06216	0.00783	0.00601	0.00184	0.00588	0.00610	0.00591	0.00956
21	0.00982	0.00668	0.00691	0.00660	0.00852	0.00637	0.00502	0.06010	0.03336	0.02028	0.07430	0.05533	0.35657	0.01116	0.00583	0.00175	0.00319	0.00924	0.31331	0.00567
22	0.06810	0.21770	0.02008	0.01277	0.01697	0.23442	0.01063	0.27138	0.05504	0.02353	0.01136	0.01210	0.00891	0.00624	0.00508	0.00159	0.00745	0.00428	0.00410	0.00826
23	0.01327	0.00921	0.01101	0.00891	0.01228	0.00826	0.00703	0.11078	0.01657	0.10277	0.29153	0.04302	0.07721	0.00890	0.00595	0.00157	0.00403	0.00753	0.00552	0.25464
24	0.01392	0.01519	0.03142	0.07637	0.18866	0.01464	0.53192	0.01852	0.01371	0.01878	0.01169	0.01565	0.00899	0.00511	0.00667	0.00194	0.00920	0.00650	0.00295	0.00819
25	0.20115	0.30446	0.02008	0.01233	0.06502	0.06715	0.00988	0.02047	0.04294	0.13667	0.01357	0.01648	0.01119	0.00683	0.00499	0.00177	0.00616	0.04665	0.00415	0.00806

[dist]
# distance from previous block
# <min> <max>
0	1

[block]
# block no. 5 follows, 39 sequences, length 38
# corresponding to MSA columns:
# 574-611
name=unknown_F
#
# <colnr> <probs for GDERKNQSTAVLIFYWHMCP>
#	G	D	E	R	K	N	Q	S	T	A	V	L	I	F	Y	W	H	M	C	P
0	0.55084	0.01164	0.01012	0.00870	0.01230	0.03804	0.00706	0.07269	0.01305	0.08348	0.09513	0.01489	0.01312	0.00648	0.00448	0.00178	0.00475	0.00447	0.00442	0.04258
1	0.00879	0.00618	0.00707	0.00696	0.00879	0.00535	0.00517	0.01050	0.01397	0.07517	0.17318	0.17067	0.45790	0.01445	0.00700	0.00203	0.00319	0.01236	0.00581	0.00546
2	0.01086	0.00749	0.01149	0.05639	0.01387	0.00700	0.07886	0.01274	0.01248	0.10939	0.04026	0.50913	0.02970	0.01406	0.00699	0.00216	0.00459	0.01288	0.00520	0.05444
3	0.01186	0.03059	0.76153	0.01686	0.02560	0.01373	0.02185	0.01873	0.01249	0.01873	0.01061	0.01249	0.00749	0.00562	0.00562	0.00187	0.00874	0.00437	0.00250	0.00874
4	0.01221	0.09881	0.69639	0.01625	0.02467	0.01460	0.02080	0.01864	0.01244	0.01830	0.01040	0.01222	0.00750	0.00557	0.00546	0.00182	0.00852	0.00426	0.00250	0.00864
5	0.01378	0.01668	0.07767	0.02397	0.02982	0.01504	0.65528	0.01870	0.01363	0.01870	0.01167	0.01559	0.00882	0.00529	0.00751	0.00202	0.04819	0.00673	0.00294	0.00795
6	0.00736	0.00539	0.00691	0.00783	0.00854	0.00495	0.00538	0.00871	0.01242	0.01652	0.14568	0.58297	0.13138	0.01710	0.00739	0.00227	0.00328	0.01534	0.00565	0.00495
7	0.01117	0.01051	0.01774	0.77795	0.04073	0.01314	0.01642	0.01511	0.01182	0.01511	0.01051	0.01577	0.00788	0.00591	0.00591	0.00197	0.00788	0.00526	0.00263	0.00657
8	0.00956	0.00688	0.00949	0.01065	0.01206	0.00689	0.00922	0.01261	0.03071	0.01833	0.08738	0.06392	0.03536	0.01581	0.00803	0.00264	0.00522	0.64415	0.00554	0.00555
9	0.01114	0.01008	0.01416	0.01264	0.01313	0.01334	0.01030	0.01286	0.00993	0.01515	0.06878	0.01889	0.01396	0.02068	0.24560	0.00458	0.45475	0.00597	0.03807	0.00600
10	0.00748	0.00539	0.00708	0.00796	0.00862	0.00500	0.00547	0.00895	0.01271	0.01720	0.20668	0.58184	0.06996	0.01685	0.00739	0.00226	0.00326	0.01518	0.00574	0.00500
11	0.01329	0.01388	0.02126	0.01727	0.01870	0.04607	0.16902	0.01538	0.01051	0.01530	0.00970	0.04396	0.00925	0.00934	0.01570	0.00241	0.55343	0.00597	0.00281	0.00675
12	0.01102	0.00551	0.00551	0.00551	0.00689	0.00551	0.00413	0.01378	0.01240	0.02205	0.01929	0.02205	0.01516	0.00689	0.00413	0.00138	0.00276	0.00551	0.82500	0.00551
13	0.01102	0.00551	0.00551	0.00551	0.00689	0.00551	0.00413	0.01378	0.01240	0.02205	0.01929	0.02205	0.01516	0.00689	0.00413	0.00138	0.00276	0.00551	0.82500	0.00551
14	0.00721	0.00515	0.00686	0.00823	0.00858	0.00480	0.00549	0.00823	0.01132	0.01510	0.03259	0.78831	0.03911	0.01853	0.00755	0.00240	0.00343	0.01681	0.00549	0.00480
15	0.01670	0.01366	0.01551	0.01343	0.03149	0.01531	0.03857	0.24111	0.44129	0.02774	0.02081	0.02203	0.01609	0.00808	0.00615	0.00197	0.00553	0.04947	0.00577	0.00928
16	0.00721	0.00515	0.00686	0.00823	0.00858	0.00480	0.00549	0.00823	0.01132	0.01510	0.03259	0.78831	0.03911	0.01853	0.00755	0.00240	0.00343	0.01681	0.00549	0.00480
17	0.01235	0.00679	0.00693	0.00645	0.00822	0.00700	0.00496	0.09747	0.01419	0.02381	0.01870	0.02114	0.01457	0.00691	0.00434	0.00142	0.00319	0.00549	0.73002	0.00604
18	0.04421	0.48049	0.02242	0.04780	0.01465	0.01726	0.00911	0.03959	0.01221	0.01552	0.01469	0.19780	0.01550	0.00992	0.03389	0.00192	0.00601	0.00674	0.00343	0.00682
19	0.00887	0.00621	0.00726	0.00748	0.00807	0.00613	0.00495	0.03750	0.01084	0.01421	0.02619	0.16427	0.09696	0.47240	0.02076	0.00433	0.00509	0.08973	0.00438	0.00438
20	0.01027	0.00514	0.00770	0.00770	0.00770	0.00514	0.00514	0.00770	0.00770	0.01027	0.01027	0.01798	0.01027	0.02054	0.02311	0.82794	0.00514	0.00514	0.00257	0.00257
21	0.10526	0.09527	0.55609	0.01512	0.02253	0.07224	0.01829	0.01886	0.01250	0.01886	0.01002	0.01176	0.00739	0.00559	0.00522	0.00179	0.00821	0.00409	0.00267	0.00823
22	0.01272	0.01052	0.01224	0.00908	0.01382	0.00855	0.00721	0.05829	0.04161	0.02029	0.03939	0.01425	0.01106	0.00578	0.00556	0.04207	0.00450	0.00409	0.00381	0.67516
23	0.02191	0.05645	0.01748	0.01477	0.01817	0.61727	0.01134	0.13907	0.01837	0.01816	0.00993	0.01119	0.00801	0.00622	0.00537	0.00155	0.00982	0.00403	0.00349	0.00740
24	0.00842	0.00691	0.00756	0.00758	0.00939	0.00659	0.00560	0.01242	0.13214	0.01796	0.11486	0.20407	0.41615	0.01432	0.00695	0.00207	0.00334	0.01228	0.00567	0.00572
25	0.03562	0.01295	0.01553	0.01222	0.01659	0.01335	0.03677	0.26557	0.16456	0.28492	0.03531	0.01840	0.01410	0.00726	0.00591	0.00182	0.00556	0.00588	0.00620	0.04149
26	0.01439	0.00787	0.00946	0.00820	0.01107	0.00705	0.00645	0.01748	0.06863	0.26949	0.15794	0.03984	0.33547	0.01141	0.00656	0.00192	0.00377	0.00955	0.00632	0.00712
27	0.05785	0.00637	0.00786	0.00739	0.00895	0.00601	0.00558	0.01140	0.01618	0.02350	0.67314	0.04273	0.08744	0.01184	0.00678	0.00186	0.00291	0.01033	0.00629	0.00560
28	0.01597	0.01333	0.01408	0.01229	0.01586	0.01530	0.00967	0.14584	0.62812	0.02677	0.02247	0.02079	0.01675	0.00787	0.00600	0.00197	0.00498	0.00646	0.00600	0.00947
29	0.00907	0.00773	0.00801	0.00764	0.00995	0.00754	0.00582	0.01458	0.20305	0.01870	0.09095	0.04714	0.52192	0.01301	0.00674	0.00199	0.00342	0.01088	0.00569	0.00616
30	0.00731	0.00519	0.00683	0.00810	0.00841	0.00488	0.00534	0.00826	0.01111	0.01481	0.03151	0.72983	0.03774	0.07888	0.00931	0.00266	0.00361	0.01617	0.00534	0.00471
31	0.01027	0.00514	0.00770	0.00770	0.00770	0.00514	0.00514	0.00770	0.00770	0.01027	0.01027	0.01798	0.01027	0.02054	0.02311	0.82794	0.00514	0.00514	0.00257	0.00257
32	0.01266	0.18518	0.61393	0.01549	0.02349	0.01569	0.01948	0.01852	0.01239	0.01776	0.01013	0.01188	0.00751	0.00551	0.00525	0.00175	0.00825	0.00413	0.00250	0.00851
33	0.00888	0.00683	0.00994	0.00980	0.01093	0.00805	0.00765	0.01166	0.04455	0.01427	0.01600	0.02288	0.01474	0.04163	0.71051	0.00894	0.03762	0.00632	0.00329	0.00551
34	0.00846	0.00629	0.00926	0.00926	0.01022	0.00726	0.00708	0.01040	0.00943	0.01354	0.01607	0.02449	0.01533	0.10535	0.70848	0.00920	0.01502	0.00652	0.00320	0.00514
35	0.02215	0.01625	0.01740	0.01337	0.01801	0.01797	0.01104	0.71479	0.02736	0.03683	0.01434	0.01442	0.01020	0.00709	0.00586	0.00176	0.00640	0.00533	0.02949	0.00993
36	0.01432	0.01373	0.02343	0.10388	0.69017	0.01397	0.01799	0.01787	0.01332	0.01894	0.01107	0.01474	0.00923	0.00533	0.00586	0.00178	0.00710	0.00527	0.00290	0.00911
37	0.02209	0.02819	0.01676	0.01524	0.01828	0.76843	0.01143	0.02361	0.01676	0.01447	0.00914	0.01066	0.00762	0.00609	0.00533	0.00152	0.01066	0.00381	0.00305	0.00686

[dist]
# distance from previous block
# <min> <max>
0	1

[block]
# block no. 6 follows, 39 sequences, length 8
# corresponding to MSA columns:
# 613-620
name=unknown_G
#
# <colnr> <probs for GDERKNQSTAVLIFYWHMCP>
#	G	D	E	R	K	N	Q	S	T	A	V	L	I	F	Y	W	H	M	C	P
0	0.00801	0.00573	0.00743	0.00875	0.00917	0.00528	0.00583	0.00882	0.01179	0.01580	0.03308	0.78005	0.03946	0.01887	0.00784	0.00253	0.00370	0.01691	0.00572	0.00521
1	0.02059	0.02340	0.01721	0.13684	0.02201	0.51359	0.01227	0.14753	0.01802	0.01878	0.01046	0.01239	0.00829	0.00638	0.00562	0.00168	0.00954	0.00438	0.00356	0.00748
2	0.02330	0.01740	0.01700	0.01345	0.01789	0.13649	0.01090	0.49541	0.02420	0.16070	0.01519	0.01496	0.01066	0.00711	0.00591	0.00178	0.00698	0.00526	0.00577	0.00964
3	0.02075	0.01447	0.01591	0.01220	0.01681	0.01510	0.00999	0.50933	0.02348	0.10266	0.01497	0.01518	0.01077	0.00681	0.00566	0.00165	0.00588	0.00517	0.05270	0.14053
4	0.00882	0.00589	0.00661	0.00660	0.00662	0.00586	0.00368	0.00876	0.00874	0.01167	0.01881	0.03890	0.02165	0.78972	0.03011	0.00576	0.00580	0.00865	0.00365	0.00370
5	0.01792	0.01432	0.01404	0.01185	0.01525	0.08625	0.00935	0.33852	0.18386	0.02834	0.01829	0.07426	0.01476	0.00815	0.00581	0.00182	0.00573	0.00643	0.13647	0.00858
6	0.00790	0.00617	0.00710	0.00686	0.00857	0.00541	0.00513	0.00998	0.01522	0.02002	0.40434	0.05071	0.40384	0.01365	0.00706	0.00197	0.00297	0.01163	0.00606	0.00540
7	0.01667	0.01315	0.01466	0.01090	0.01594	0.01231	0.00884	0.31175	0.01879	0.02686	0.01223	0.01334	0.00949	0.00564	0.00510	0.00129	0.00533	0.00432	0.00457	0.48882

[dist]
# distance from previous block
# <min> <max>
0	3

[block]
# block no. 7 follows, 39 sequences, length 6
# corresponding to MSA columns:
# 624-629
name=unknown_H
#
# <colnr> <probs for GDERKNQSTAVLIFYWHMCP>
#	G	D	E	R	K	N	Q	S	T	A	V	L	I	F	Y	W	H	M	C	P
0	0.00768	0.00555	0.00711	0.00801	0.00870	0.00519	0.00561	0.00901	0.01210	0.01605	0.11503	0.49114	0.10759	0.09268	0.00969	0.00266	0.00374	0.08222	0.00541	0.00485
1	0.09257	0.01453	0.02140	0.07869	0.33196	0.01532	0.09181	0.23725	0.01747	0.02513	0.01184	0.01426	0.00916	0.00586	0.00580	0.00181	0.00702	0.00528	0.00389	0.00895
2	0.59251	0.01492	0.09091	0.00971	0.01395	0.08279	0.00875	0.01921	0.01161	0.09521	0.01003	0.01103	0.00743	0.00574	0.00425	0.00181	0.00563	0.00365	0.00383	0.00705
3	0.00764	0.00540	0.00704	0.00791	0.00833	0.00519	0.00526	0.00871	0.01125	0.01520	0.09849	0.53959	0.03621	0.15806	0.05393	0.00334	0.00447	0.01417	0.00512	0.00469
4	0.26634	0.01026	0.01057	0.00909	0.01249	0.01075	0.00728	0.05818	0.13947	0.18585	0.08721	0.02505	0.13731	0.00854	0.00552	0.00189	0.00438	0.00668	0.00553	0.00760
5	0.01859	0.04291	0.01559	0.01330	0.01647	0.33169	0.01034	0.08879	0.23539	0.05644	0.01524	0.01589	0.01188	0.00991	0.06567	0.00235	0.03207	0.00513	0.00439	0.00794

[dist]
# distance from previous block
# <min> <max>
1	2

[block]
# block no. 8 follows, 39 sequences, length 15
# corresponding to MSA columns:
# 632-646
name=unknown_I
#
# <colnr> <probs for GDERKNQSTAVLIFYWHMCP>
#	G	D	E	R	K	N	Q	S	T	A	V	L	I	F	Y	W	H	M	C	P
0	0.01434	0.01374	0.02346	0.10064	0.69329	0.01397	0.01800	0.01789	0.01332	0.01895	0.01107	0.01473	0.00924	0.00532	0.00586	0.00177	0.00710	0.00527	0.00290	0.00912
1	0.01706	0.01338	0.01417	0.01174	0.01551	0.01476	0.00941	0.36026	0.28034	0.02916	0.02556	0.02433	0.14041	0.00878	0.00614	0.00190	0.00525	0.00704	0.00588	0.00894
2	0.01288	0.01018	0.01154	0.00868	0.01316	0.00850	0.00691	0.06726	0.04238	0.02126	0.01282	0.01447	0.01032	0.00515	0.00451	0.00107	0.00427	0.00411	0.14479	0.59576
3	0.00824	0.00590	0.00761	0.00837	0.00911	0.00566	0.00584	0.04098	0.01295	0.01750	0.15463	0.56356	0.03971	0.05080	0.00839	0.00244	0.00364	0.04392	0.00560	0.00514
4	0.02015	0.01290	0.01476	0.01207	0.01597	0.01368	0.01002	0.40560	0.05481	0.17470	0.01962	0.02511	0.01568	0.00876	0.00623	0.00194	0.00577	0.12741	0.04580	0.00902
5	0.01187	0.00695	0.00959	0.01017	0.01183	0.00663	0.00838	0.01410	0.01361	0.14436	0.03026	0.23824	0.03197	0.01533	0.00763	0.00249	0.00487	0.41986	0.00578	0.00608
6	0.00771	0.00590	0.00762	0.00852	0.00921	0.00581	0.00612	0.00899	0.01176	0.01542	0.03568	0.55357	0.15931	0.01724	0.00822	0.00237	0.05027	0.07598	0.00531	0.00499
7	0.01415	0.02525	0.50303	0.01753	0.06775	0.01467	0.05345	0.14262	0.06545	0.02237	0.01225	0.01373	0.00884	0.00599	0.00578	0.00186	0.00803	0.00487	0.00338	0.00901
8	0.00974	0.00840	0.01445	0.01292	0.01513	0.00799	0.17676	0.01251	0.01342	0.01787	0.10323	0.23889	0.06021	0.01376	0.00756	0.00235	0.00561	0.26835	0.00500	0.00587
9	0.01241	0.00683	0.00908	0.00829	0.01025	0.00617	0.00629	0.01478	0.01585	0.19378	0.45869	0.16630	0.04334	0.01208	0.00683	0.00195	0.00342	0.01064	0.00652	0.00649
10	0.01263	0.01178	0.01974	0.18759	0.47670	0.01227	0.01561	0.01581	0.01275	0.01771	0.01468	0.14767	0.01416	0.00768	0.00616	0.00191	0.00659	0.00725	0.00330	0.00800
11	0.08960	0.01653	0.01539	0.01371	0.04903	0.14569	0.01040	0.27311	0.25836	0.02707	0.01684	0.01666	0.02711	0.00717	0.00567	0.00182	0.00641	0.00547	0.00512	0.00883
12	0.01102	0.00551	0.00551	0.00551	0.00689	0.00551	0.00413	0.01378	0.01240	0.02205	0.01929	0.02205	0.01516	0.00689	0.00413	0.00138	0.00276	0.00551	0.82500	0.00551
13	0.01080	0.00556	0.00573	0.00573	0.00703	0.00560	0.00425	0.01341	0.01211	0.02121	0.01911	0.02285	0.01543	0.04391	0.03805	0.00192	0.00345	0.00569	0.75276	0.00542
14	0.06604	0.01163	0.01247	0.04373	0.01442	0.01276	0.00840	0.37405	0.01970	0.02897	0.01560	0.01786	0.01204	0.04225	0.02188	0.00199	0.00536	0.00542	0.27764	0.00779

[dist]
# distance from previous block
# <min> <max>
0	5

[block]
# block no. 9 follows, 39 sequences, length 27
# corresponding to MSA columns:
# 652-678
name=unknown_J
#
# <colnr> <probs for GDERKNQSTAVLIFYWHMCP>
#	G	D	E	R	K	N	Q	S	T	A	V	L	I	F	Y	W	H	M	C	P
0	0.01665	0.38250	0.06905	0.01096	0.01621	0.01769	0.01033	0.16167	0.01551	0.05640	0.01080	0.01174	0.00868	0.00547	0.00457	0.00135	0.00603	0.00388	0.00365	0.18687
1	0.01240	0.01258	0.07055	0.02024	0.27097	0.01117	0.05741	0.05458	0.01335	0.01889	0.01815	0.18457	0.05269	0.00888	0.00683	0.00185	0.04626	0.00793	0.00382	0.12690
2	0.13195	0.01254	0.02202	0.01686	0.02088	0.01248	0.35584	0.05555	0.01325	0.02000	0.01575	0.18266	0.01515	0.00836	0.00705	0.00202	0.04582	0.00821	0.00380	0.04982
3	0.02588	0.26972	0.01872	0.01209	0.05192	0.05191	0.00956	0.03170	0.04861	0.01593	0.01805	0.18401	0.06192	0.01104	0.03267	0.00214	0.13615	0.00752	0.00370	0.00674
4	0.01633	0.02721	0.01651	0.02703	0.02604	0.04675	0.04928	0.21280	0.13974	0.04747	0.01440	0.02760	0.01139	0.00857	0.03795	0.00205	0.10539	0.00539	0.00451	0.17359
5	0.20377	0.33960	0.06459	0.01323	0.01816	0.04623	0.15504	0.01901	0.05792	0.01879	0.01013	0.01180	0.00824	0.00540	0.00470	0.00163	0.00684	0.00425	0.00312	0.00754
6	0.00845	0.00684	0.00931	0.00982	0.01009	0.00770	0.00711	0.00954	0.01083	0.01491	0.02719	0.61959	0.03229	0.01675	0.01013	0.00244	0.17271	0.01428	0.00486	0.00517
7	0.00848	0.00640	0.00927	0.00944	0.01029	0.00734	0.00718	0.01033	0.00995	0.01427	0.01915	0.18915	0.01972	0.03599	0.54430	0.00739	0.05266	0.00853	0.02490	0.00524
8	0.01406	0.18423	0.06214	0.17712	0.37596	0.01592	0.01581	0.01814	0.04930	0.01754	0.01099	0.01400	0.00902	0.00551	0.00541	0.00171	0.00702	0.00483	0.00291	0.00839
9	0.01898	0.01406	0.01536	0.01218	0.01611	0.01536	0.00990	0.53901	0.06502	0.03363	0.17532	0.02116	0.02045	0.00824	0.00615	0.00181	0.00560	0.00657	0.00605	0.00904
10	0.01950	0.01448	0.05196	0.08259	0.01916	0.03979	0.01081	0.31063	0.01963	0.17443	0.01454	0.01490	0.01028	0.00633	0.00555	0.00160	0.00613	0.00495	0.00510	0.18762
11	0.02012	0.02048	0.02091	0.01659	0.02091	0.29074	0.16845	0.28705	0.05453	0.02439	0.01233	0.01366	0.00931	0.00632	0.00594	0.00174	0.00869	0.00520	0.00424	0.00841
12	0.01911	0.01426	0.01519	0.01195	0.01609	0.01544	0.00977	0.57735	0.02469	0.03264	0.02414	0.02349	0.17170	0.00881	0.00615	0.00182	0.00574	0.00688	0.00582	0.00896
13	0.01243	0.00698	0.00956	0.00886	0.01038	0.00720	0.00659	0.01398	0.01086	0.17534	0.01826	0.02695	0.01666	0.24850	0.39315	0.00676	0.01062	0.00689	0.00419	0.00584
14	0.01365	0.01325	0.01641	0.18015	0.02144	0.07951	0.04785	0.03852	0.22100	0.01837	0.01628	0.06561	0.03024	0.00862	0.00944	0.00212	0.19971	0.00650	0.00397	0.00738
15	0.00720	0.00580	0.00636	0.00662	0.00814	0.00502	0.00478	0.00866	0.01315	0.01632	0.11206	0.21445	0.51690	0.03779	0.00777	0.00218	0.00315	0.01316	0.00552	0.00496
16	0.00860	0.00573	0.00645	0.00645	0.00645	0.00573	0.00358	0.00860	0.00860	0.01147	0.01863	0.03870	0.02150	0.79217	0.03010	0.00573	0.00573	0.00860	0.00358	0.00358
17	0.00751	0.00527	0.00677	0.00785	0.00811	0.00501	0.00507	0.00831	0.01073	0.01431	0.02956	0.62519	0.03528	0.18687	0.01246	0.00313	0.00393	0.01502	0.00507	0.00454
18	0.01120	0.00756	0.00984	0.19901	0.01646	0.00823	0.00796	0.05863	0.01416	0.02163	0.17626	0.02481	0.02187	0.00779	0.00531	0.00166	0.00428	0.00656	0.39071	0.00607
19	0.00897	0.00746	0.00802	0.00763	0.00978	0.00724	0.00579	0.01407	0.17329	0.01959	0.20460	0.04652	0.43943	0.01283	0.00677	0.00197	0.00332	0.01083	0.00583	0.00607
20	0.00721	0.00515	0.00686	0.00823	0.00858	0.00480	0.00549	0.00823	0.01132	0.01510	0.03259	0.78831	0.03911	0.01853	0.00755	0.00240	0.00343	0.01681	0.00549	0.00480
21	0.02176	0.01011	0.01438	0.17754	0.02047	0.00989	0.01035	0.02510	0.05093	0.52649	0.02022	0.01942	0.01334	0.00879	0.04187	0.00223	0.00614	0.00585	0.00604	0.00904
22	0.01175	0.00985	0.01586	0.06836	0.32545	0.00988	0.04759	0.01458	0.01262	0.01858	0.01826	0.20926	0.01793	0.00895	0.00596	0.00186	0.00540	0.00828	0.18243	0.00715
23	0.00991	0.00715	0.00998	0.00959	0.01120	0.00715	0.04258	0.01262	0.01435	0.03303	0.28187	0.04556	0.07184	0.01236	0.00763	0.00213	0.04710	0.24355	0.12465	0.00574
24	0.01228	0.00687	0.00925	0.00892	0.01077	0.00632	0.00696	0.01457	0.01504	0.18083	0.30580	0.20345	0.03924	0.01322	0.00709	0.00213	0.00390	0.14072	0.00627	0.00636
25	0.06848	0.01187	0.01782	0.02418	0.43040	0.01201	0.01291	0.05676	0.02651	0.07812	0.01395	0.02009	0.01243	0.17683	0.01100	0.00264	0.00635	0.00594	0.00369	0.00801
26	0.01265	0.01347	0.06842	0.03912	0.38996	0.01219	0.15913	0.01614	0.01301	0.01822	0.01592	0.18314	0.01562	0.00813	0.00643	0.00196	0.00696	0.00807	0.00347	0.00801

[dist]
# distance from previous block
# <min> <max>
0	2

[block]
# block no. 10 follows, 39 sequences, length 10
# corresponding to MSA columns:
# 681-690
name=unknown_K
#
# <colnr> <probs for GDERKNQSTAVLIFYWHMCP>
#	G	D	E	R	K	N	Q	S	T	A	V	L	I	F	Y	W	H	M	C	P
0	0.08229	0.16331	0.10745	0.05835	0.25869	0.01582	0.01415	0.12521	0.01516	0.08861	0.01182	0.01350	0.00908	0.00578	0.00528	0.00170	0.00668	0.00467	0.00369	0.00875
1	0.01732	0.01650	0.01623	0.12751	0.02012	0.20061	0.01170	0.13786	0.13914	0.06001	0.01486	0.01637	0.03464	0.00771	0.00834	0.00194	0.15176	0.00541	0.00418	0.00780
2	0.09621	0.01839	0.01404	0.01215	0.01531	0.34491	0.00926	0.11504	0.01641	0.15760	0.01378	0.01696	0.01120	0.12290	0.00904	0.00227	0.00777	0.00506	0.00436	0.00735
3	0.54436	0.01363	0.07958	0.12341	0.01786	0.01387	0.00985	0.09933	0.01258	0.02536	0.00947	0.01131	0.00714	0.00575	0.00443	0.00185	0.00567	0.00386	0.00366	0.00706
4	0.40771	0.01043	0.00982	0.00816	0.01198	0.01051	0.00656	0.03670	0.03113	0.02349	0.07303	0.01788	0.07935	0.00666	0.00456	0.00157	0.00429	0.00488	0.00413	0.24716
5	0.01493	0.01188	0.01719	0.01431	0.01559	0.01499	0.05012	0.01675	0.01150	0.14739	0.08731	0.01759	0.01399	0.00970	0.01508	0.00235	0.52241	0.00598	0.00385	0.00710
6	0.01279	0.12688	0.01504	0.00896	0.01419	0.01018	0.00747	0.01531	0.01223	0.01848	0.01017	0.01185	0.00859	0.00448	0.00429	0.00093	0.00467	0.00345	0.00336	0.70668
7	0.01090	0.00724	0.01268	0.08165	0.01422	0.00734	0.11469	0.01006	0.00902	0.01201	0.01055	0.01747	0.00986	0.01687	0.01912	0.62840	0.00611	0.00542	0.00264	0.00374
8	0.01370	0.01303	0.01917	0.23774	0.37740	0.08113	0.01513	0.01625	0.01245	0.01636	0.01065	0.01509	0.00893	0.00779	0.00838	0.12424	0.00732	0.00511	0.00280	0.00735
9	0.01396	0.01595	0.03490	0.02493	0.03091	0.01496	0.73380	0.01894	0.01396	0.01894	0.01196	0.01595	0.00897	0.00499	0.00698	0.00199	0.00997	0.00698	0.00299	0.00798

[dist]
# distance from previous block
# <min> <max>
0	2

[block]
