[name]
unknown

[dist]
# distance from previous block
# <min> <max>
6	135

[block]
# block no. 0 follows, 39 sequences, length 16
# corresponding to MSA columns:
# 190-205
name=unknown_A
#
# <colnr> <probs for GDERKNQSTAVLIFYWHMCP>
#	G	D	E	R	K	N	Q	S	T	A	V	L	I	F	Y	W	H	M	C	P
0	0.01575	0.01322	0.01396	0.01224	0.01577	0.01519	0.00961	0.12532	0.64901	0.02641	0.02275	0.02102	0.01699	0.00790	0.00600	0.00198	0.00492	0.00650	0.00600	0.00945
1	0.01027	0.00514	0.00770	0.00770	0.00770	0.00514	0.00514	0.00770	0.00770	0.01027	0.01027	0.01798	0.01027	0.02054	0.02311	0.82794	0.00514	0.00514	0.00257	0.00257
2	0.00890	0.00785	0.01389	0.01242	0.01417	0.00735	0.18801	0.01092	0.01198	0.01606	0.02742	0.59474	0.03156	0.01513	0.00741	0.00230	0.00507	0.01435	0.00486	0.00560
3	0.63159	0.01109	0.00995	0.00846	0.01235	0.01212	0.00698	0.02025	0.01178	0.21019	0.01202	0.01224	0.00847	0.00595	0.00423	0.00183	0.00469	0.00389	0.00458	0.00732
4	0.21433	0.00736	0.00680	0.00654	0.00891	0.00711	0.00505	0.01091	0.01286	0.01918	0.09649	0.04415	0.51592	0.01239	0.00615	0.00195	0.00338	0.01003	0.00511	0.00539
5	0.02167	0.01704	0.01723	0.01357	0.01804	0.07387	0.01106	0.61126	0.09951	0.03430	0.01482	0.01473	0.01068	0.00712	0.00588	0.00178	0.00663	0.00535	0.00571	0.00975
6	0.01469	0.01312	0.01668	0.01958	0.24537	0.01450	0.01209	0.02730	0.51733	0.02305	0.02005	0.01976	0.01535	0.00717	0.00597	0.00193	0.00541	0.00625	0.00506	0.00936
7	0.01233	0.01187	0.01891	0.42585	0.10115	0.01467	0.04818	0.01653	0.06382	0.01616	0.01092	0.01541	0.00877	0.00707	0.00935	0.00211	0.20151	0.00542	0.00291	0.00708
8	0.62844	0.01257	0.01526	0.01207	0.01632	0.01369	0.18870	0.01777	0.01104	0.02463	0.00917	0.01120	0.00705	0.00536	0.00449	0.00187	0.00593	0.00415	0.00349	0.00680
9	0.01238	0.01142	0.01900	0.11333	0.48715	0.01163	0.01478	0.01532	0.01274	0.01778	0.01644	0.20866	0.01665	0.00866	0.00629	0.00194	0.00622	0.00816	0.00354	0.00791
10	0.00866	0.00661	0.00835	0.00839	0.01003	0.00572	0.00598	0.01019	0.01176	0.01645	0.05317	0.51023	0.03130	0.04136	0.00754	0.00213	0.00381	0.04217	0.00496	0.21120
11	0.09771	0.01019	0.01328	0.01028	0.01477	0.00910	0.00849	0.02781	0.01632	0.69477	0.02200	0.01920	0.01391	0.00716	0.00575	0.00183	0.00499	0.00571	0.00700	0.00974
12	0.02653	0.01006	0.01372	0.01052	0.01510	0.00869	0.00869	0.02882	0.01693	0.75937	0.02333	0.02013	0.01464	0.00732	0.00595	0.00183	0.00503	0.00595	0.00732	0.01006
13	0.00905	0.00719	0.00834	0.00879	0.01018	0.00732	0.00628	0.01409	0.19547	0.01767	0.03525	0.46786	0.15915	0.01527	0.00707	0.00223	0.00367	0.01351	0.00562	0.00598
14	0.01767	0.01204	0.01346	0.01166	0.01531	0.01320	0.00919	0.03077	0.56223	0.20885	0.02388	0.02158	0.01720	0.00785	0.00600	0.00196	0.00477	0.00650	0.00634	0.00954
15	0.22555	0.02399	0.01474	0.01337	0.01657	0.57917	0.01017	0.02205	0.01508	0.01750	0.00891	0.01040	0.00731	0.00594	0.00491	0.00160	0.00914	0.00366	0.00320	0.00674

[dist]
# distance from previous block
# <min> <max>
76	210

# created by:
# /software/SequenceAnalysis/GenePrediction/augustus/3.0.1/scripts/msa2prfl.pl ./fixed/BUSCOvEOG7RFN74.fas
