[name]
unknown

[dist]
# distance from previous block
# <min> <max>
0	70

[block]
# block no. 0 follows, 40 sequences, length 20
# corresponding to MSA columns:
# 72-91
name=unknown_A
#
# <colnr> <probs for GDERKNQSTAVLIFYWHMCP>
#	G	D	E	R	K	N	Q	S	T	A	V	L	I	F	Y	W	H	M	C	P
0	0.01693	0.01664	0.03024	0.06308	0.29264	0.01595	0.38876	0.02003	0.01521	0.02131	0.01443	0.01941	0.01193	0.00740	0.00812	0.00248	0.03456	0.00706	0.00401	0.00982
1	0.02398	0.01115	0.01401	0.01100	0.01535	0.01067	0.00899	0.12274	0.12100	0.56284	0.02191	0.01937	0.01432	0.00730	0.00588	0.00183	0.00511	0.00589	0.00685	0.00983
2	0.01223	0.01048	0.01215	0.00881	0.01389	0.00811	0.00703	0.01547	0.04760	0.01926	0.01104	0.01261	0.00911	0.00452	0.00441	0.00093	0.00434	0.00362	0.00358	0.79080
3	0.00715	0.00511	0.00679	0.00814	0.00848	0.00476	0.00543	0.00814	0.01117	0.01490	0.03209	0.79117	0.03849	0.01825	0.00745	0.00237	0.00340	0.01654	0.00542	0.00476
4	0.01212	0.01038	0.01210	0.00865	0.01382	0.00779	0.00692	0.01468	0.01210	0.01900	0.01040	0.01214	0.00867	0.00435	0.00433	0.00087	0.00433	0.00347	0.00347	0.83042
5	0.00943	0.00674	0.00941	0.01075	0.01209	0.00673	0.00939	0.01209	0.01342	0.01746	0.03083	0.06563	0.03350	0.01609	0.00806	0.00269	0.00537	0.71955	0.00537	0.00539
6	0.02157	0.07067	0.21430	0.01201	0.01763	0.01091	0.01210	0.02497	0.01518	0.51241	0.01863	0.01714	0.01209	0.00664	0.00564	0.00178	0.00603	0.00526	0.00563	0.00941
7	0.01368	0.25153	0.02228	0.01402	0.01575	0.01930	0.03808	0.01524	0.01000	0.01412	0.00798	0.01188	0.00768	0.00844	0.01400	0.00214	0.51995	0.00457	0.00256	0.00678
8	0.00694	0.00594	0.00594	0.00594	0.00790	0.00495	0.00445	0.00839	0.01329	0.01577	0.05892	0.05601	0.75633	0.01476	0.00690	0.00197	0.00297	0.01229	0.00542	0.00494
9	0.01419	0.02665	0.63630	0.01554	0.02344	0.01269	0.01929	0.02015	0.01306	0.14578	0.01263	0.01365	0.00863	0.00585	0.00561	0.00185	0.00799	0.00458	0.00329	0.00885
10	0.01398	0.01345	0.02316	0.13430	0.63980	0.01376	0.04083	0.01751	0.01308	0.01849	0.01094	0.01466	0.00906	0.00530	0.00583	0.00177	0.00713	0.00525	0.00286	0.00883
11	0.00800	0.00572	0.00777	0.00912	0.00983	0.00550	0.00691	0.00962	0.01201	0.01586	0.03162	0.51981	0.03662	0.01744	0.00767	0.00249	0.00414	0.27947	0.00540	0.00499
12	0.02614	0.00994	0.01353	0.01039	0.01489	0.00858	0.00857	0.02837	0.01668	0.76272	0.02299	0.01987	0.01445	0.00724	0.00587	0.00181	0.00497	0.00587	0.00721	0.00992
13	0.02251	0.14687	0.08475	0.01148	0.01649	0.01176	0.04130	0.02519	0.01534	0.53583	0.01885	0.01723	0.01239	0.00661	0.00553	0.00173	0.00572	0.00530	0.00580	0.00930
14	0.01529	0.58753	0.19228	0.01148	0.01723	0.02018	0.01245	0.01824	0.01220	0.05345	0.00943	0.01061	0.00786	0.00525	0.00426	0.00142	0.00670	0.00353	0.00274	0.00787
15	0.01090	0.00547	0.00547	0.00546	0.00682	0.00546	0.00409	0.01359	0.01223	0.02173	0.01902	0.02175	0.01496	0.00681	0.00409	0.00137	0.00273	0.00544	0.82714	0.00545
16	0.00936	0.00654	0.00897	0.01023	0.01150	0.00651	0.00877	0.01190	0.01318	0.01754	0.03017	0.11518	0.03268	0.01566	0.00776	0.00258	0.00506	0.62351	0.05754	0.00535
17	0.01280	0.01274	0.02332	0.36115	0.27917	0.01365	0.17848	0.01675	0.01268	0.01715	0.01092	0.01525	0.00854	0.00544	0.00606	0.00188	0.00795	0.00557	0.00278	0.00772
18	0.01627	0.74836	0.02942	0.01002	0.01496	0.02211	0.00988	0.01814	0.01216	0.06128	0.00909	0.01008	0.00796	0.00516	0.00389	0.00129	0.00616	0.00330	0.00281	0.00765
19	0.01009	0.07292	0.01001	0.00798	0.00973	0.00744	0.00609	0.01284	0.04620	0.06731	0.43803	0.15439	0.06921	0.05238	0.00778	0.00208	0.00353	0.01034	0.00578	0.00588

[dist]
# distance from previous block
# <min> <max>
5	22

[block]
# block no. 1 follows, 40 sequences, length 10
# corresponding to MSA columns:
# 119-128
name=unknown_B
#
# <colnr> <probs for GDERKNQSTAVLIFYWHMCP>
#	G	D	E	R	K	N	Q	S	T	A	V	L	I	F	Y	W	H	M	C	P
0	0.01848	0.01293	0.01365	0.01170	0.01536	0.06203	0.00924	0.06166	0.46754	0.22752	0.02208	0.02010	0.01581	0.00754	0.00585	0.00188	0.00516	0.00613	0.00608	0.00927
1	0.01166	0.03008	0.76550	0.01657	0.02517	0.01351	0.02149	0.01842	0.01228	0.01842	0.01044	0.01228	0.00737	0.00552	0.00552	0.00184	0.00859	0.00430	0.00246	0.00859
2	0.00709	0.00506	0.00675	0.00810	0.00843	0.00472	0.00540	0.00810	0.01113	0.01484	0.03205	0.79184	0.03846	0.01822	0.00742	0.00236	0.00337	0.01653	0.00540	0.00472
3	0.01353	0.01531	0.03314	0.07712	0.03106	0.01458	0.68806	0.01837	0.01358	0.01837	0.01167	0.01567	0.00875	0.00497	0.00679	0.00196	0.00966	0.00674	0.00292	0.00775
4	0.01166	0.03008	0.76550	0.01657	0.02517	0.01351	0.02149	0.01842	0.01228	0.01842	0.01044	0.01228	0.00737	0.00552	0.00552	0.00184	0.00859	0.00430	0.00246	0.00859
5	0.00823	0.00594	0.00777	0.00732	0.00869	0.00549	0.00549	0.01097	0.01646	0.02332	0.75629	0.04344	0.05487	0.01189	0.00686	0.00183	0.00274	0.01052	0.00640	0.00549
6	0.00732	0.00525	0.00696	0.00793	0.00849	0.00488	0.00542	0.00870	0.01225	0.01662	0.18344	0.63539	0.04189	0.01690	0.00730	0.00225	0.00324	0.01527	0.00561	0.00488
7	0.83671	0.01125	0.00855	0.00765	0.01125	0.01305	0.00630	0.01709	0.00990	0.02609	0.00810	0.00945	0.00630	0.00540	0.00360	0.00180	0.00450	0.00315	0.00360	0.00630
8	0.01523	0.07066	0.22252	0.01158	0.01632	0.01119	0.01163	0.02113	0.13415	0.20856	0.19140	0.02285	0.02204	0.00779	0.00586	0.00181	0.00548	0.00644	0.00515	0.00821
9	0.05018	0.43554	0.31117	0.01261	0.01883	0.05180	0.01428	0.01804	0.01211	0.01607	0.00903	0.01052	0.00738	0.00525	0.00448	0.00151	0.00724	0.00360	0.00255	0.00781

[dist]
# distance from previous block
# <min> <max>
36	52

[block]
# block no. 2 follows, 40 sequences, length 10
# corresponding to MSA columns:
# 186-195
name=unknown_C
#
# <colnr> <probs for GDERKNQSTAVLIFYWHMCP>
#	G	D	E	R	K	N	Q	S	T	A	V	L	I	F	Y	W	H	M	C	P
0	0.00726	0.00526	0.00690	0.00814	0.00869	0.00490	0.00565	0.00845	0.01149	0.01513	0.03405	0.67329	0.09437	0.01776	0.00743	0.00236	0.00351	0.07517	0.00539	0.00479
1	0.01299	0.01557	0.08705	0.02111	0.02592	0.01427	0.52225	0.01713	0.01252	0.01737	0.01165	0.01689	0.00958	0.07193	0.01032	0.00234	0.11431	0.00656	0.00290	0.00734
2	0.03920	0.01209	0.01927	0.05206	0.04269	0.01278	0.16638	0.03935	0.03247	0.30186	0.03231	0.01711	0.01188	0.00733	0.00903	0.00201	0.18335	0.00588	0.00470	0.00826
3	0.01123	0.00823	0.00969	0.00954	0.01137	0.00866	0.00703	0.01822	0.28392	0.07038	0.11358	0.36738	0.03112	0.01292	0.00669	0.00212	0.00386	0.01143	0.00583	0.00682
4	0.00706	0.00517	0.00664	0.00781	0.00836	0.00475	0.00527	0.00813	0.01141	0.01496	0.03555	0.69590	0.13213	0.01776	0.00735	0.00231	0.00332	0.01598	0.00540	0.00475
5	0.01166	0.03008	0.76550	0.01657	0.02517	0.01351	0.02149	0.01842	0.01228	0.01842	0.01044	0.01228	0.00737	0.00552	0.00552	0.00184	0.00859	0.00430	0.00246	0.00859
6	0.01263	0.17381	0.56451	0.01693	0.08490	0.01532	0.01900	0.01818	0.01227	0.01757	0.01003	0.01190	0.00754	0.00539	0.00521	0.00172	0.00800	0.00415	0.00250	0.00843
7	0.01098	0.01034	0.01744	0.78165	0.04005	0.01292	0.01615	0.01486	0.01163	0.01486	0.01034	0.01550	0.00775	0.00581	0.00581	0.00194	0.00775	0.00517	0.00258	0.00646
8	0.00796	0.00624	0.00692	0.04326	0.00976	0.00547	0.00526	0.00965	0.01345	0.04697	0.10161	0.08065	0.61449	0.01394	0.00680	0.00196	0.00326	0.01172	0.00541	0.00522
9	0.01447	0.01299	0.07008	0.19664	0.02145	0.03888	0.02833	0.10626	0.01349	0.10170	0.01391	0.08146	0.01222	0.06205	0.01078	0.00231	0.19573	0.00634	0.00381	0.00710

[dist]
# distance from previous block
# <min> <max>
0	1

[block]
# block no. 3 follows, 40 sequences, length 7
# corresponding to MSA columns:
# 197-203
name=unknown_D
#
# <colnr> <probs for GDERKNQSTAVLIFYWHMCP>
#	G	D	E	R	K	N	Q	S	T	A	V	L	I	F	Y	W	H	M	C	P
0	0.00831	0.00623	0.00935	0.00935	0.01038	0.00727	0.00727	0.01038	0.00935	0.01350	0.01558	0.02285	0.01454	0.04361	0.77259	0.00935	0.01558	0.00623	0.00312	0.00519
1	0.01238	0.01310	0.07063	0.38222	0.27530	0.01311	0.08379	0.01615	0.01224	0.01663	0.01067	0.01502	0.00840	0.00607	0.00654	0.03469	0.00761	0.00527	0.00270	0.00749
2	0.01537	0.01920	0.33872	0.01350	0.01922	0.01232	0.01439	0.02377	0.22968	0.17663	0.01824	0.01999	0.01354	0.00724	0.00587	0.00192	0.00645	0.05046	0.00465	0.00884
3	0.02567	0.01057	0.01391	0.01067	0.01518	0.00955	0.00881	0.10333	0.01777	0.68680	0.02200	0.01918	0.01392	0.00717	0.00584	0.00179	0.00510	0.00578	0.00705	0.00990
4	0.01427	0.00753	0.00942	0.00833	0.01087	0.00674	0.00644	0.04441	0.01523	0.27077	0.17447	0.15960	0.22445	0.01190	0.00657	0.00194	0.00379	0.01018	0.00622	0.00687
5	0.02074	0.01287	0.05658	0.01402	0.05411	0.01169	0.09013	0.14543	0.08287	0.37972	0.01946	0.05599	0.01388	0.00733	0.00602	0.00185	0.00591	0.00633	0.00583	0.00925
6	0.02191	0.02215	0.01695	0.01420	0.01800	0.40467	0.01115	0.37256	0.02177	0.02516	0.01141	0.01218	0.00866	0.00647	0.00552	0.00162	0.00849	0.00447	0.00437	0.00828

[dist]
# distance from previous block
# <min> <max>
0	1

[block]
# block no. 4 follows, 40 sequences, length 15
# corresponding to MSA columns:
# 205-219
name=unknown_E
#
# <colnr> <probs for GDERKNQSTAVLIFYWHMCP>
#	G	D	E	R	K	N	Q	S	T	A	V	L	I	F	Y	W	H	M	C	P
0	0.01423	0.01374	0.02372	0.06671	0.70320	0.01381	0.04334	0.01775	0.01319	0.01881	0.01094	0.01449	0.00914	0.00520	0.00580	0.00174	0.00705	0.00524	0.00287	0.00905
1	0.01405	0.06705	0.51136	0.01453	0.02145	0.01315	0.01714	0.06004	0.04357	0.11047	0.01396	0.06344	0.01079	0.00669	0.00562	0.00184	0.00740	0.00535	0.00356	0.00854
2	0.04973	0.01019	0.01321	0.01039	0.01459	0.00933	0.00849	0.07255	0.04760	0.62123	0.02244	0.06188	0.01532	0.00777	0.00587	0.00183	0.00493	0.00635	0.00684	0.00947
3	0.75561	0.01248	0.00937	0.00832	0.01192	0.06185	0.00678	0.04313	0.01094	0.02571	0.00836	0.00967	0.00650	0.00549	0.00378	0.00178	0.00495	0.00326	0.00364	0.00645
4	0.01189	0.07560	0.72199	0.01618	0.02456	0.01407	0.02080	0.01836	0.01225	0.01814	0.01030	0.01210	0.00737	0.00549	0.00542	0.00181	0.00845	0.00423	0.00246	0.00853
5	0.04407	0.01182	0.01413	0.01132	0.01548	0.01192	0.00930	0.21816	0.12095	0.40198	0.02070	0.02093	0.01457	0.00771	0.00592	0.00186	0.00530	0.04800	0.00644	0.00943
6	0.02438	0.01065	0.01375	0.01071	0.01500	0.00985	0.00877	0.14124	0.01805	0.60480	0.02202	0.06231	0.01503	0.00778	0.00593	0.00182	0.00509	0.00635	0.00688	0.00960
7	0.01417	0.01359	0.02320	0.08479	0.71202	0.01376	0.01774	0.01765	0.01314	0.01873	0.01090	0.01447	0.00912	0.00522	0.00576	0.00174	0.00696	0.00518	0.00286	0.00903
8	0.02031	0.00935	0.03194	0.00974	0.01338	0.00794	0.00805	0.02310	0.03577	0.51524	0.18866	0.06768	0.02476	0.00884	0.00616	0.00184	0.00445	0.00747	0.00676	0.00856
9	0.01098	0.01034	0.01744	0.78165	0.04005	0.01292	0.01615	0.01486	0.01163	0.01486	0.01034	0.01550	0.00775	0.00581	0.00581	0.00194	0.00775	0.00517	0.00258	0.00646
10	0.01098	0.01034	0.01744	0.78165	0.04005	0.01292	0.01615	0.01486	0.01163	0.01486	0.01034	0.01550	0.00775	0.00581	0.00581	0.00194	0.00775	0.00517	0.00258	0.00646
11	0.00981	0.00575	0.00702	0.00702	0.00824	0.00617	0.00537	0.01226	0.01104	0.01835	0.01759	0.02215	0.01476	0.02177	0.31691	0.00461	0.00795	0.00575	0.49216	0.00533
12	0.01260	0.21596	0.58784	0.01497	0.02269	0.01580	0.01870	0.01817	0.01217	0.01727	0.00987	0.01156	0.00739	0.00539	0.00509	0.00170	0.00802	0.00401	0.00246	0.00832
13	0.01098	0.01034	0.01744	0.78165	0.04005	0.01292	0.01615	0.01486	0.01163	0.01486	0.01034	0.01550	0.00775	0.00581	0.00581	0.00194	0.00775	0.00517	0.00258	0.00646
14	0.83671	0.01125	0.00855	0.00765	0.01125	0.01305	0.00630	0.01709	0.00990	0.02609	0.00810	0.00945	0.00630	0.00540	0.00360	0.00180	0.00450	0.00315	0.00360	0.00630

[dist]
# distance from previous block
# <min> <max>
0	1

[block]
# block no. 5 follows, 40 sequences, length 34
# corresponding to MSA columns:
# 221-254
name=unknown_F
#
# <colnr> <probs for GDERKNQSTAVLIFYWHMCP>
#	G	D	E	R	K	N	Q	S	T	A	V	L	I	F	Y	W	H	M	C	P
0	0.01439	0.01382	0.02360	0.03569	0.75936	0.01382	0.01785	0.01785	0.01324	0.01900	0.01094	0.01439	0.00921	0.00518	0.00576	0.00173	0.00691	0.00518	0.00288	0.00921
1	0.01611	0.01213	0.01320	0.01162	0.01508	0.01363	0.00911	0.03054	0.64547	0.12867	0.02357	0.02143	0.01728	0.00779	0.00591	0.00195	0.00465	0.00647	0.00610	0.00930
2	0.00709	0.00506	0.00675	0.00810	0.00843	0.00472	0.00540	0.00810	0.01113	0.01484	0.03205	0.79184	0.03846	0.01822	0.00742	0.00236	0.00337	0.01653	0.00540	0.00472
3	0.01184	0.02885	0.70286	0.01725	0.02562	0.01361	0.08289	0.01843	0.01240	0.01843	0.01055	0.01257	0.00749	0.00547	0.00564	0.00185	0.00870	0.00452	0.00250	0.00853
4	0.03616	0.01396	0.01530	0.01227	0.01639	0.01523	0.00995	0.43517	0.18609	0.13610	0.01806	0.04942	0.01343	0.00766	0.00587	0.00183	0.00563	0.00606	0.00597	0.00945
5	0.01177	0.01165	0.02311	0.01831	0.02215	0.01111	0.41080	0.01567	0.01357	0.01808	0.02031	0.03811	0.01989	0.00992	0.00739	0.00228	0.00781	0.32732	0.00403	0.00673
6	0.00736	0.00549	0.00749	0.06499	0.01073	0.00534	0.00614	0.00861	0.01128	0.01489	0.03188	0.69549	0.07441	0.01712	0.00727	0.00231	0.00367	0.01547	0.00519	0.00486
7	0.02103	0.00989	0.01278	0.01031	0.01397	0.00947	0.00838	0.03744	0.10553	0.50459	0.08096	0.02399	0.07216	0.00837	0.00678	0.00188	0.05031	0.00671	0.00655	0.00890
8	0.06387	0.01109	0.01366	0.01079	0.01508	0.01075	0.00882	0.11049	0.12664	0.53286	0.02128	0.01889	0.01397	0.00719	0.00574	0.00182	0.00504	0.00575	0.00667	0.00962
9	0.00813	0.00592	0.00765	0.00727	0.00864	0.00544	0.00543	0.01076	0.01615	0.02271	0.70165	0.06498	0.08903	0.01221	0.00688	0.00185	0.00277	0.01077	0.00632	0.00544
10	0.01230	0.01255	0.05869	0.42813	0.26756	0.01317	0.01632	0.01701	0.06198	0.01709	0.01201	0.01679	0.00959	0.00602	0.00585	0.00189	0.00725	0.02522	0.00297	0.00761
11	0.01379	0.01336	0.02322	0.15743	0.59864	0.01372	0.05977	0.01740	0.01300	0.01830	0.01089	0.01465	0.00895	0.00527	0.00583	0.00178	0.00722	0.00528	0.00283	0.00868
12	0.83671	0.01125	0.00855	0.00765	0.01125	0.01305	0.00630	0.01709	0.00990	0.02609	0.00810	0.00945	0.00630	0.00540	0.00360	0.00180	0.00450	0.00315	0.00360	0.00630
13	0.08701	0.01217	0.01805	0.49429	0.20658	0.05353	0.01540	0.01621	0.01211	0.01682	0.01020	0.01443	0.00795	0.00564	0.00557	0.00185	0.00740	0.00491	0.00277	0.00711
14	0.01579	0.01420	0.04003	0.02801	0.52188	0.02851	0.01537	0.09988	0.01495	0.06448	0.01187	0.01429	0.00945	0.00544	0.00560	0.00164	0.00658	0.00500	0.00351	0.09351
15	0.00732	0.00591	0.00651	0.00636	0.00813	0.00510	0.00477	0.00922	0.01432	0.01823	0.28967	0.05182	0.52467	0.01379	0.00687	0.00192	0.00288	0.01169	0.00573	0.00510
16	0.01996	0.05812	0.01635	0.01404	0.03578	0.50490	0.01059	0.14927	0.01774	0.01875	0.01326	0.01432	0.05220	0.00665	0.00533	0.00156	0.00868	0.00459	0.04068	0.00723
17	0.01273	0.02859	0.71008	0.01612	0.02441	0.01314	0.02053	0.01915	0.01260	0.07331	0.01136	0.01283	0.00788	0.00565	0.00555	0.00184	0.00833	0.00441	0.00280	0.00869
18	0.03419	0.36797	0.19430	0.01185	0.01750	0.01718	0.01235	0.09115	0.01440	0.17024	0.01224	0.01260	0.00907	0.00576	0.00478	0.00156	0.00649	0.00415	0.00379	0.00844
19	0.01234	0.16495	0.63660	0.01541	0.02337	0.01517	0.01946	0.01824	0.01220	0.01759	0.01002	0.01176	0.00738	0.00543	0.00521	0.00174	0.00818	0.00409	0.00246	0.00840
20	0.00719	0.00596	0.00633	0.00639	0.00825	0.00510	0.00489	0.00888	0.01358	0.01658	0.12501	0.05545	0.63504	0.01455	0.00696	0.00200	0.00310	0.06427	0.00549	0.00500
21	0.01206	0.01034	0.01206	0.00861	0.01378	0.00775	0.00689	0.01464	0.01206	0.01895	0.01034	0.01206	0.00861	0.00431	0.00431	0.00086	0.00431	0.00345	0.00345	0.83118
22	0.01206	0.01034	0.01206	0.00861	0.01378	0.00775	0.00689	0.01464	0.01206	0.01895	0.01034	0.01206	0.00861	0.00431	0.00431	0.00086	0.00431	0.00345	0.00345	0.83118
23	0.01185	0.01011	0.01183	0.00859	0.01355	0.00762	0.00683	0.01436	0.01202	0.01877	0.01126	0.04528	0.00988	0.00490	0.00444	0.00093	0.00427	0.00400	0.00353	0.79597
24	0.00823	0.00594	0.00777	0.00732	0.00869	0.00549	0.00549	0.01097	0.01646	0.02332	0.75629	0.04344	0.05487	0.01189	0.00686	0.00183	0.00274	0.01052	0.00640	0.00549
25	0.02582	0.01033	0.01376	0.01055	0.01506	0.00919	0.00872	0.07637	0.01737	0.71434	0.02234	0.01940	0.01409	0.00718	0.00585	0.00180	0.00505	0.00581	0.00710	0.00990
26	0.01091	0.00757	0.00893	0.00891	0.01049	0.00776	0.00650	0.06787	0.14554	0.05629	0.07096	0.42089	0.04227	0.01337	0.00656	0.00208	0.00378	0.01180	0.09125	0.00628
27	0.83671	0.01125	0.00855	0.00765	0.01125	0.01305	0.00630	0.01709	0.00990	0.02609	0.00810	0.00945	0.00630	0.00540	0.00360	0.00180	0.00450	0.00315	0.00360	0.00630
28	0.05416	0.01321	0.02022	0.07922	0.50067	0.04129	0.01511	0.01990	0.01378	0.16671	0.01308	0.01517	0.00994	0.00567	0.00566	0.00175	0.00660	0.00517	0.00375	0.00894
29	0.01349	0.01157	0.01605	0.37753	0.05558	0.01233	0.01247	0.14854	0.01472	0.02027	0.01103	0.01413	0.00846	0.00555	0.00536	0.00157	0.00643	0.00466	0.00345	0.25682
30	0.01492	0.01206	0.01654	0.04135	0.01787	0.01130	0.12058	0.16306	0.05523	0.06660	0.07843	0.01686	0.01377	0.00602	0.00546	0.00145	0.00562	0.00533	0.00443	0.34314
31	0.05098	0.01031	0.03967	0.02249	0.01351	0.00920	0.00796	0.13056	0.03597	0.09754	0.06246	0.24052	0.02084	0.00972	0.00584	0.00172	0.00458	0.00831	0.00497	0.22285
32	0.03695	0.03346	0.01510	0.01151	0.01548	0.01092	0.05787	0.09873	0.08689	0.41260	0.07412	0.04911	0.01709	0.00779	0.00632	0.00184	0.02880	0.00647	0.00611	0.02286
33	0.07013	0.01139	0.01276	0.00993	0.01415	0.01085	0.00797	0.17638	0.06996	0.04885	0.06751	0.04500	0.01408	0.00654	0.00539	0.00140	0.02183	0.00518	0.00456	0.39615

[dist]
# distance from previous block
# <min> <max>
25	80

[block]
# block no. 6 follows, 40 sequences, length 36
# corresponding to MSA columns:
# 348-383
name=unknown_G
#
# <colnr> <probs for GDERKNQSTAVLIFYWHMCP>
#	G	D	E	R	K	N	Q	S	T	A	V	L	I	F	Y	W	H	M	C	P
0	0.05254	0.01107	0.01268	0.00997	0.01430	0.01032	0.02559	0.04070	0.22900	0.02163	0.05577	0.01665	0.01380	0.00593	0.00499	0.00134	0.00451	0.00488	0.00440	0.45992
1	0.01347	0.01203	0.02063	0.43952	0.20407	0.01334	0.10026	0.05161	0.01328	0.05894	0.01152	0.01543	0.00869	0.00569	0.00593	0.00187	0.00757	0.00541	0.00311	0.00762
2	0.02073	0.08972	0.08385	0.01250	0.05174	0.02528	0.01058	0.11087	0.05624	0.39168	0.05106	0.01945	0.01469	0.00719	0.00571	0.00177	0.00566	0.02649	0.00570	0.00909
3	0.00805	0.00595	0.00767	0.00876	0.00956	0.00583	0.00634	0.01056	0.06919	0.01605	0.03212	0.58166	0.06107	0.01692	0.00739	0.00237	0.00379	0.13611	0.00543	0.00519
4	0.00709	0.00506	0.00675	0.00810	0.00843	0.00472	0.00540	0.00810	0.01113	0.01484	0.03205	0.79184	0.03846	0.01822	0.00742	0.00236	0.00337	0.01653	0.00540	0.00472
5	0.01104	0.00806	0.00955	0.00934	0.01092	0.00823	0.00683	0.19877	0.01571	0.02098	0.06489	0.51932	0.06353	0.01482	0.00695	0.00216	0.00411	0.01310	0.00556	0.00611
6	0.01876	0.01715	0.21715	0.01433	0.04494	0.01274	0.05212	0.15368	0.10229	0.26701	0.02988	0.01695	0.01231	0.00668	0.00583	0.00183	0.00644	0.00552	0.00513	0.00925
7	0.01120	0.01075	0.01876	0.72254	0.03930	0.01306	0.07252	0.01515	0.01179	0.01515	0.01045	0.01552	0.00784	0.00574	0.00590	0.00194	0.00791	0.00530	0.00261	0.00657
8	0.01362	0.01641	0.07103	0.02411	0.03013	0.01465	0.70225	0.01862	0.01365	0.01862	0.01170	0.01552	0.00875	0.00493	0.00680	0.00195	0.00974	0.00673	0.00292	0.00788
9	0.01227	0.01178	0.02035	0.49133	0.28438	0.01331	0.05149	0.01606	0.01228	0.01645	0.01061	0.01513	0.00830	0.00555	0.00585	0.00187	0.00756	0.00525	0.00270	0.00746
10	0.01205	0.02954	0.74522	0.01641	0.02489	0.01337	0.02114	0.01868	0.01240	0.03850	0.01077	0.01248	0.00756	0.00557	0.00553	0.00184	0.00850	0.00434	0.00258	0.00863
11	0.00831	0.00623	0.00935	0.00935	0.01038	0.00727	0.00727	0.01038	0.00935	0.01350	0.01558	0.02285	0.01454	0.04361	0.77259	0.00935	0.01558	0.00623	0.00312	0.00519
12	0.01392	0.01339	0.02302	0.13517	0.64671	0.01372	0.03391	0.01746	0.01304	0.01844	0.01088	0.01457	0.00901	0.00526	0.00579	0.00176	0.00709	0.00522	0.00284	0.00881
13	0.01041	0.00642	0.00850	0.00849	0.00997	0.00600	0.00643	0.01287	0.03266	0.11320	0.32126	0.28317	0.04087	0.01376	0.00704	0.00211	0.00360	0.10134	0.00604	0.00587
14	0.02609	0.00990	0.01350	0.01035	0.01484	0.00855	0.00855	0.02834	0.01664	0.76338	0.02294	0.01979	0.01439	0.00720	0.00585	0.00180	0.00495	0.00585	0.00720	0.00990
15	0.02609	0.00990	0.01350	0.01035	0.01484	0.00855	0.00855	0.02834	0.01664	0.76338	0.02294	0.01979	0.01439	0.00720	0.00585	0.00180	0.00495	0.00585	0.00720	0.00990
16	0.00709	0.00506	0.00675	0.00810	0.00843	0.00472	0.00540	0.00810	0.01113	0.01484	0.03205	0.79184	0.03846	0.01822	0.00742	0.00236	0.00337	0.01653	0.00540	0.00472
17	0.01755	0.03169	0.01908	0.14085	0.23661	0.16990	0.01376	0.22204	0.05296	0.02249	0.01185	0.01390	0.00920	0.00608	0.00565	0.00172	0.00750	0.00493	0.00382	0.00843
18	0.02588	0.01024	0.01371	0.01051	0.01502	0.00906	0.00868	0.06667	0.01722	0.72424	0.02246	0.01948	0.01415	0.00719	0.00585	0.00180	0.00503	0.00581	0.00712	0.00990
19	0.01439	0.01382	0.02360	0.03569	0.75936	0.01382	0.01785	0.01785	0.01324	0.01900	0.01094	0.01439	0.00921	0.00518	0.00576	0.00173	0.00691	0.00518	0.00288	0.00921
20	0.01252	0.01274	0.02410	0.39378	0.17359	0.01367	0.25120	0.01665	0.01262	0.01687	0.01091	0.01535	0.00838	0.00540	0.00614	0.00191	0.00826	0.00572	0.00276	0.00743
21	0.02061	0.01288	0.10019	0.05168	0.01908	0.01032	0.11143	0.02435	0.05450	0.46337	0.01879	0.01817	0.01248	0.00729	0.00677	0.04171	0.00616	0.00578	0.00555	0.00890
22	0.83671	0.01125	0.00855	0.00765	0.01125	0.01305	0.00630	0.01709	0.00990	0.02609	0.00810	0.00945	0.00630	0.00540	0.00360	0.00180	0.00450	0.00315	0.00360	0.00630
23	0.01594	0.60347	0.11505	0.01116	0.01630	0.06131	0.01137	0.01837	0.01232	0.05597	0.00923	0.01040	0.00784	0.00535	0.00452	0.00139	0.02609	0.00349	0.00277	0.00767
24	0.00731	0.00540	0.00685	0.00769	0.00851	0.00495	0.00539	0.00873	0.01240	0.01638	0.14671	0.52094	0.16724	0.01656	0.00726	0.00222	0.00328	0.04172	0.00555	0.00490
25	0.03279	0.44246	0.33830	0.01278	0.01920	0.03413	0.01474	0.01795	0.01206	0.01596	0.00909	0.01059	0.00740	0.00524	0.00451	0.00151	0.00726	0.00362	0.00251	0.00790
26	0.01247	0.01262	0.02360	0.40105	0.16825	0.01374	0.23113	0.01650	0.01248	0.01672	0.01080	0.01529	0.00833	0.00553	0.00644	0.00192	0.02734	0.00567	0.00274	0.00737
27	0.02609	0.00990	0.01350	0.01035	0.01484	0.00855	0.00855	0.02834	0.01664	0.76338	0.02294	0.01979	0.01439	0.00720	0.00585	0.00180	0.00495	0.00585	0.00720	0.00990
28	0.01221	0.01159	0.01965	0.51387	0.29826	0.01324	0.01676	0.01593	0.01221	0.01634	0.01055	0.01510	0.00828	0.00559	0.00579	0.00186	0.00745	0.00517	0.00269	0.00745
29	0.01100	0.07624	0.47848	0.01489	0.05262	0.01198	0.01652	0.01586	0.01216	0.01735	0.01599	0.16446	0.01540	0.00871	0.00597	0.00196	0.00711	0.06247	0.00326	0.00755
30	0.00808	0.00615	0.00864	0.00908	0.00966	0.00681	0.00664	0.00949	0.01013	0.01408	0.02292	0.38912	0.02568	0.06127	0.31719	0.00533	0.06940	0.01115	0.00418	0.00499
31	0.00889	0.00638	0.00849	0.00944	0.01061	0.00626	0.00781	0.01104	0.01279	0.01666	0.07172	0.09193	0.08971	0.12060	0.01075	0.00296	0.00497	0.49878	0.00517	0.00505
32	0.01190	0.01116	0.01889	0.55595	0.23784	0.01297	0.01634	0.01550	0.01197	0.01588	0.01050	0.01525	0.00821	0.00601	0.00623	0.02299	0.00745	0.00517	0.00266	0.00712
33	0.01043	0.00796	0.00847	0.00786	0.01036	0.00775	0.00605	0.01598	0.20870	0.07662	0.07053	0.04363	0.47905	0.01223	0.00654	0.00195	0.00353	0.01020	0.00571	0.00646
34	0.57445	0.01287	0.01141	0.00949	0.01343	0.01465	0.00783	0.24982	0.01551	0.02949	0.00999	0.01090	0.00745	0.00591	0.00431	0.00178	0.00511	0.00382	0.00431	0.00745
35	0.01439	0.01382	0.02360	0.03569	0.75936	0.01382	0.01785	0.01785	0.01324	0.01900	0.01094	0.01439	0.00921	0.00518	0.00576	0.00173	0.00691	0.00518	0.00288	0.00921

[dist]
# distance from previous block
# <min> <max>
4	7

[block]
# block no. 7 follows, 40 sequences, length 11
# corresponding to MSA columns:
# 391-401
name=unknown_H
#
# <colnr> <probs for GDERKNQSTAVLIFYWHMCP>
#	G	D	E	R	K	N	Q	S	T	A	V	L	I	F	Y	W	H	M	C	P
0	0.02137	0.01052	0.01400	0.12461	0.01863	0.01046	0.00981	0.02690	0.17256	0.49468	0.02124	0.01957	0.01413	0.00714	0.00586	0.00186	0.00529	0.00590	0.00624	0.00924
1	0.00829	0.00670	0.00911	0.00963	0.00990	0.00752	0.00697	0.00936	0.01066	0.01466	0.02683	0.62514	0.03187	0.01650	0.00992	0.00240	0.17060	0.01408	0.00479	0.00507
2	0.03451	0.13167	0.36891	0.12671	0.02310	0.01353	0.01553	0.01690	0.01200	0.01754	0.01000	0.01221	0.00767	0.00523	0.00500	0.00156	0.00710	0.00404	0.00272	0.18405
3	0.01483	0.01469	0.02091	0.08757	0.43724	0.08330	0.01566	0.05507	0.01322	0.01809	0.01017	0.01375	0.00864	0.00647	0.00857	0.00190	0.17375	0.00503	0.00295	0.00820
4	0.83671	0.01125	0.00855	0.00765	0.01125	0.01305	0.00630	0.01709	0.00990	0.02609	0.00810	0.00945	0.00630	0.00540	0.00360	0.00180	0.00450	0.00315	0.00360	0.00630
5	0.01520	0.01369	0.02648	0.01902	0.02454	0.01231	0.47397	0.01921	0.01380	0.12872	0.01311	0.01552	0.00960	0.00511	0.00617	0.00170	0.00791	0.00598	0.00368	0.18430
6	0.01272	0.01033	0.01293	0.12301	0.01768	0.00875	0.00841	0.03480	0.01261	0.05485	0.01163	0.03411	0.00961	0.00512	0.00473	0.00113	0.00488	0.00422	0.00362	0.62487
7	0.00927	0.00721	0.00860	0.00827	0.00995	0.00724	0.00617	0.01458	0.17208	0.02160	0.42959	0.15048	0.10789	0.01222	0.00674	0.00195	0.00325	0.01072	0.00606	0.00612
8	0.01365	0.47161	0.02328	0.12409	0.01783	0.05831	0.01036	0.01584	0.01151	0.01385	0.01007	0.01319	0.00902	0.01342	0.16862	0.00309	0.00868	0.00412	0.00266	0.00679
9	0.00721	0.00529	0.00665	0.00756	0.00829	0.00482	0.00518	0.00829	0.01175	0.01532	0.07584	0.56684	0.19207	0.01720	0.00782	0.03161	0.00331	0.01489	0.00535	0.00473
10	0.04636	0.01590	0.01786	0.01434	0.04371	0.03369	0.04382	0.59691	0.04088	0.06695	0.01409	0.01427	0.01003	0.00678	0.00579	0.00176	0.00650	0.00527	0.00552	0.00958

[dist]
# distance from previous block
# <min> <max>
51	73

[block]
# block no. 8 follows, 40 sequences, length 14
# corresponding to MSA columns:
# 490-503
name=unknown_I
#
# <colnr> <probs for GDERKNQSTAVLIFYWHMCP>
#	G	D	E	R	K	N	Q	S	T	A	V	L	I	F	Y	W	H	M	C	P
0	0.02070	0.00870	0.01177	0.00943	0.01299	0.00762	0.00762	0.02310	0.01659	0.53997	0.24432	0.02693	0.02661	0.00861	0.00615	0.00181	0.00428	0.00726	0.00696	0.00857
1	0.35076	0.01281	0.01282	0.01032	0.01437	0.01399	0.00846	0.30264	0.01786	0.15603	0.01328	0.01393	0.00958	0.03226	0.00571	0.00190	0.00536	0.00460	0.00508	0.00823
2	0.01354	0.00865	0.00949	0.00845	0.01095	0.04427	0.02776	0.01756	0.10981	0.15645	0.03048	0.06750	0.20559	0.00951	0.00566	0.00175	0.00405	0.00791	0.25391	0.00671
3	0.01263	0.01248	0.02624	0.01940	0.02350	0.01179	0.51690	0.01529	0.01187	0.01605	0.01126	0.01629	0.00921	0.00952	0.01165	0.25217	0.00837	0.00632	0.00282	0.00624
4	0.02609	0.00990	0.01350	0.01035	0.01484	0.00855	0.00855	0.02834	0.01664	0.76338	0.02294	0.01979	0.01439	0.00720	0.00585	0.00180	0.00495	0.00585	0.00720	0.00990
5	0.01219	0.01732	0.24508	0.33067	0.24772	0.01336	0.01826	0.01681	0.01230	0.01715	0.01054	0.01420	0.00807	0.00554	0.00571	0.00185	0.00776	0.00491	0.00263	0.00792
6	0.43098	0.01174	0.01174	0.00955	0.01362	0.01253	0.00788	0.15229	0.01522	0.26214	0.01388	0.01355	0.00952	0.00626	0.00472	0.00179	0.00499	0.00439	0.00515	0.00809
7	0.12215	0.01300	0.01283	0.01107	0.01413	0.07995	0.00865	0.33344	0.01881	0.05662	0.01860	0.24814	0.01803	0.01009	0.00597	0.00192	0.00555	0.00827	0.00521	0.00759
8	0.58717	0.00938	0.00825	0.00763	0.01014	0.01063	0.00592	0.01422	0.00920	0.02126	0.00870	0.01193	0.00745	0.00987	0.00937	0.25206	0.00467	0.00372	0.00327	0.00516
9	0.01873	0.56088	0.02535	0.01007	0.01490	0.01864	0.00953	0.02071	0.01327	0.24000	0.01257	0.01249	0.00956	0.00565	0.00437	0.00141	0.00584	0.00394	0.00391	0.00820
10	0.01732	0.16857	0.35915	0.01327	0.01973	0.01405	0.01484	0.06023	0.01432	0.24340	0.01396	0.01408	0.00964	0.00600	0.00530	0.00171	0.00693	0.00459	0.00407	0.00884
11	0.01554	0.01020	0.01625	0.54881	0.03244	0.01160	0.01385	0.01893	0.01314	0.24082	0.01414	0.01680	0.00976	0.00623	0.00582	0.00190	0.00691	0.00537	0.00398	0.00750
12	0.01474	0.25089	0.02568	0.02792	0.53463	0.01659	0.01546	0.01772	0.01281	0.01739	0.01008	0.01286	0.00868	0.00512	0.00515	0.00158	0.00670	0.00456	0.00276	0.00868
13	0.07709	0.01126	0.01466	0.01185	0.01491	0.01233	0.00981	0.06178	0.03481	0.42674	0.01684	0.01669	0.01165	0.00798	0.00969	0.00203	0.24046	0.00542	0.00544	0.00856

[dist]
# distance from previous block
# <min> <max>
0	1

[block]
# block no. 9 follows, 40 sequences, length 42
# corresponding to MSA columns:
# 505-546
name=unknown_J
#
# <colnr> <probs for GDERKNQSTAVLIFYWHMCP>
#	G	D	E	R	K	N	Q	S	T	A	V	L	I	F	Y	W	H	M	C	P
0	0.01283	0.00940	0.01199	0.02873	0.01505	0.00878	0.01052	0.01456	0.01508	0.02028	0.03073	0.06169	0.03254	0.01641	0.00886	0.00303	0.00635	0.61065	0.00609	0.07641
1	0.01528	0.01410	0.01869	0.01646	0.01680	0.01803	0.01316	0.01564	0.01116	0.01704	0.01291	0.08244	0.01320	0.01269	0.01875	0.00306	0.68184	0.00703	0.00388	0.00782
2	0.04512	0.17538	0.49994	0.01606	0.02338	0.01635	0.01814	0.01978	0.01399	0.02059	0.01299	0.01588	0.01045	0.00738	0.00633	0.00221	0.00851	0.00498	0.00368	0.07890
3	0.01504	0.01298	0.01927	0.68105	0.03909	0.01491	0.01661	0.07788	0.01488	0.01962	0.01373	0.01949	0.01091	0.00796	0.00711	0.00248	0.00855	0.00615	0.00394	0.00834
4	0.01063	0.00862	0.00880	0.00838	0.01083	0.00711	0.00609	0.01130	0.01501	0.01887	0.05552	0.05440	0.66009	0.01546	0.00791	0.00243	0.00421	0.01216	0.00619	0.07600
5	0.02687	0.01165	0.01495	0.01220	0.01644	0.01000	0.00954	0.02807	0.01787	0.66645	0.02618	0.08857	0.01906	0.01011	0.00728	0.00241	0.00587	0.00769	0.00791	0.01089
6	0.01729	0.01594	0.02602	0.03554	0.66347	0.01541	0.07917	0.01986	0.01514	0.02169	0.01407	0.01868	0.01208	0.00724	0.00715	0.00231	0.00811	0.00630	0.00396	0.01056
7	0.01503	0.01531	0.03006	0.02230	0.02734	0.01411	0.57195	0.01868	0.01568	0.02167	0.15537	0.02418	0.01985	0.00787	0.00784	0.00237	0.00910	0.00826	0.00444	0.00859
8	0.01059	0.00800	0.01044	0.01033	0.01175	0.00827	0.00777	0.01182	0.01169	0.01627	0.02602	0.03208	0.15745	0.03828	0.59864	0.00810	0.01359	0.00810	0.00438	0.00644
9	0.01754	0.01931	0.03100	0.02336	0.02846	0.15970	0.54187	0.02080	0.01548	0.01975	0.01343	0.01780	0.01081	0.00698	0.00806	0.00233	0.04387	0.00690	0.00378	0.00877
10	0.03348	0.48675	0.02637	0.15830	0.02163	0.02058	0.01205	0.09760	0.01515	0.05119	0.01231	0.01493	0.01040	0.00710	0.00554	0.00193	0.00722	0.00470	0.00395	0.00883
11	0.02522	0.01542	0.15773	0.01313	0.01847	0.01088	0.01199	0.02758	0.01714	0.59536	0.02251	0.02143	0.01514	0.00844	0.00681	0.00225	0.00646	0.00629	0.00697	0.01077
12	0.00986	0.00777	0.00829	0.00811	0.01008	0.00662	0.00593	0.01095	0.01547	0.01982	0.22477	0.05485	0.54801	0.01535	0.00787	0.00238	0.00385	0.02725	0.00638	0.00637
13	0.01418	0.01287	0.02065	0.58470	0.17684	0.01438	0.04307	0.01721	0.01353	0.01808	0.01293	0.01853	0.01040	0.00727	0.00686	0.00234	0.00838	0.00600	0.00351	0.00828
14	0.02649	0.01296	0.01581	0.01261	0.01714	0.01210	0.01005	0.16461	0.06468	0.55371	0.02322	0.02187	0.01582	0.00876	0.00687	0.00224	0.00603	0.00652	0.00753	0.01097
15	0.01660	0.01458	0.01855	0.01589	0.01703	0.01819	0.01279	0.15307	0.01410	0.02060	0.01245	0.04473	0.01176	0.02623	0.01686	0.00286	0.56504	0.00636	0.00414	0.00817
16	0.17126	0.01366	0.02041	0.32348	0.22630	0.01466	0.08264	0.01807	0.01340	0.02073	0.01259	0.01726	0.01030	0.00717	0.00672	0.00230	0.02106	0.00571	0.00374	0.00854
17	0.02509	0.01168	0.01583	0.15826	0.02130	0.01077	0.01098	0.02691	0.01702	0.59468	0.02249	0.02205	0.01521	0.00849	0.00686	0.00227	0.00631	0.00646	0.00700	0.01036
18	0.80715	0.01289	0.01032	0.00935	0.01306	0.01427	0.00737	0.01866	0.01148	0.02796	0.01061	0.01291	0.00869	0.00702	0.00471	0.00224	0.00534	0.00399	0.00441	0.00756
19	0.01597	0.01588	0.01987	0.49469	0.12845	0.15835	0.03303	0.01856	0.01432	0.01766	0.01262	0.01765	0.01025	0.00736	0.00674	0.00227	0.00893	0.00571	0.00356	0.00815
20	0.01682	0.01460	0.02298	0.08955	0.54073	0.01409	0.03926	0.01942	0.01465	0.06047	0.01390	0.01785	0.01158	0.00688	0.00668	0.00211	0.00745	0.00586	0.00399	0.09112
21	0.01335	0.01192	0.01123	0.01049	0.01236	0.15245	0.00768	0.01510	0.01779	0.02357	0.58805	0.03934	0.04639	0.01214	0.00753	0.00221	0.00512	0.00979	0.00646	0.00701
22	0.02009	0.29487	0.02430	0.01893	0.17156	0.32615	0.01304	0.02141	0.01551	0.01735	0.01156	0.01432	0.01018	0.00707	0.00586	0.00191	0.00887	0.00464	0.00363	0.00874
23	0.00819	0.00577	0.00651	0.00660	0.00705	0.00559	0.00404	0.00859	0.00967	0.01258	0.02694	0.09149	0.16170	0.56152	0.05572	0.00490	0.00544	0.00966	0.00403	0.00401
24	0.02136	0.08641	0.05558	0.00989	0.01408	0.00997	0.00868	0.04484	0.01548	0.48644	0.01990	0.01872	0.01341	0.00689	0.00534	0.00169	0.00493	0.00544	0.16216	0.00880
25	0.01199	0.02684	0.62223	0.01640	0.02336	0.01439	0.01985	0.01766	0.01172	0.01769	0.01003	0.01254	0.00754	0.00649	0.00815	0.00200	0.15590	0.00449	0.00252	0.00823
26	0.00722	0.00516	0.00684	0.00819	0.00854	0.00480	0.00546	0.00820	0.01121	0.01497	0.03213	0.79043	0.03852	0.01828	0.00747	0.00238	0.00342	0.01655	0.00544	0.00479
27	0.01263	0.01108	0.01433	0.01384	0.15530	0.00898	0.00902	0.01534	0.01236	0.01907	0.01058	0.01268	0.00885	0.00456	0.00464	0.00105	0.00484	0.00382	0.00338	0.67365
28	0.01050	0.00792	0.01129	0.01307	0.15166	0.00757	0.00814	0.01377	0.03977	0.05443	0.55817	0.03632	0.04329	0.01036	0.00663	0.00184	0.00374	0.00921	0.00579	0.00657
29	0.01195	0.00949	0.01089	0.00810	0.01254	0.00738	0.00641	0.01452	0.01216	0.01958	0.01210	0.01406	0.00993	0.00486	0.00432	0.00098	0.00405	0.00386	0.15988	0.67293
30	0.01146	0.00959	0.01133	0.00845	0.01290	0.00740	0.00668	0.01403	0.01297	0.01989	0.15196	0.01819	0.01751	0.00583	0.00485	0.00107	0.00405	0.00483	0.00405	0.67294
31	0.83516	0.01133	0.00864	0.00774	0.01134	0.01311	0.00635	0.01718	0.00998	0.02619	0.00823	0.00963	0.00642	0.00548	0.00366	0.00182	0.00454	0.00319	0.00364	0.00636
32	0.00859	0.00574	0.00644	0.00643	0.00645	0.00572	0.00359	0.00856	0.00854	0.01140	0.01843	0.03818	0.02124	0.79411	0.02960	0.00565	0.00568	0.00849	0.00357	0.00360
33	0.01218	0.01042	0.01214	0.00870	0.01387	0.00783	0.00695	0.01473	0.01214	0.01906	0.01046	0.01224	0.00873	0.00439	0.00436	0.00089	0.00435	0.00349	0.00349	0.82957
34	0.01270	0.01041	0.01220	0.00876	0.01391	0.00786	0.00701	0.01523	0.01231	0.04640	0.01093	0.01252	0.00895	0.00450	0.00442	0.00092	0.00437	0.00358	0.00363	0.79941
35	0.00702	0.00594	0.00604	0.00612	0.00799	0.00498	0.00454	0.00843	0.01320	0.01578	0.05731	0.10058	0.71212	0.01501	0.00696	0.00201	0.00302	0.01256	0.00544	0.00497
36	0.01221	0.01051	0.01236	0.00895	0.01393	0.00820	0.00716	0.01471	0.01202	0.01888	0.01036	0.01226	0.00870	0.00461	0.00491	0.00095	0.03302	0.00355	0.00346	0.79928
37	0.79012	0.05454	0.00984	0.00786	0.01154	0.01366	0.00655	0.01719	0.01008	0.02551	0.00823	0.00962	0.00649	0.00546	0.00366	0.00179	0.00464	0.00319	0.00358	0.00643
38	0.00847	0.00710	0.01109	0.01041	0.01203	0.00654	0.11684	0.01018	0.01217	0.01582	0.03421	0.42632	0.19013	0.01536	0.00775	0.02564	0.00452	0.07514	0.00498	0.00530
39	0.02641	0.02583	0.57686	0.01918	0.13592	0.01343	0.03363	0.01908	0.02683	0.05229	0.01144	0.01331	0.00830	0.00566	0.00563	0.00185	0.00809	0.00462	0.00287	0.00877
40	0.19715	0.01079	0.01222	0.00929	0.01387	0.00962	0.02992	0.04668	0.01302	0.09657	0.04711	0.01413	0.01107	0.00542	0.00463	0.00131	0.00464	0.00418	0.00412	0.46426
41	0.01643	0.01207	0.01355	0.04104	0.01595	0.01297	0.00925	0.16107	0.35954	0.11464	0.04315	0.02245	0.05603	0.00798	0.00593	0.00185	0.00500	0.02006	0.00574	0.07531

[dist]
# distance from previous block
# <min> <max>
3	6

[block]
# block no. 10 follows, 40 sequences, length 15
# corresponding to MSA columns:
# 553-567
name=unknown_K
#
# <colnr> <probs for GDERKNQSTAVLIFYWHMCP>
#	G	D	E	R	K	N	Q	S	T	A	V	L	I	F	Y	W	H	M	C	P
0	0.07118	0.37182	0.02717	0.05835	0.02070	0.07383	0.20346	0.07800	0.01381	0.01785	0.00974	0.01184	0.00797	0.00527	0.00496	0.00157	0.00747	0.00445	0.00300	0.00758
1	0.23529	0.01127	0.01199	0.01000	0.01377	0.01181	0.00812	0.12331	0.14898	0.18132	0.06304	0.01956	0.01515	0.00728	0.00529	0.00178	0.00479	0.03969	0.00534	0.08220
2	0.00793	0.00579	0.00723	0.00741	0.00848	0.00537	0.00537	0.00977	0.01362	0.01842	0.35066	0.19039	0.15309	0.11799	0.01009	0.00253	0.00350	0.07178	0.00558	0.00498
3	0.02155	0.01063	0.06299	0.01011	0.01438	0.00844	0.00878	0.02441	0.03504	0.56401	0.06997	0.02489	0.10159	0.00825	0.00601	0.00183	0.00482	0.00678	0.00659	0.00896
4	0.07792	0.01025	0.01386	0.01188	0.06482	0.00919	0.00903	0.02690	0.01598	0.66532	0.02117	0.01876	0.01352	0.00694	0.00570	0.00179	0.00505	0.00563	0.00667	0.00962
5	0.01612	0.01011	0.01188	0.01027	0.01341	0.01054	0.00808	0.02513	0.35898	0.22996	0.20941	0.02668	0.02624	0.00871	0.00614	0.00189	0.00423	0.00737	0.00640	0.00845
6	0.00709	0.00506	0.00675	0.00810	0.00843	0.00472	0.00540	0.00810	0.01113	0.01484	0.03205	0.79184	0.03846	0.01822	0.00742	0.00236	0.00337	0.01653	0.00540	0.00472
7	0.01842	0.01973	0.36982	0.01514	0.07406	0.01128	0.01534	0.02288	0.01433	0.35679	0.01615	0.01585	0.01069	0.00626	0.00569	0.00181	0.00682	0.00507	0.00464	0.00923
8	0.02419	0.01268	0.01388	0.01116	0.01531	0.11621	0.00900	0.02791	0.09782	0.57646	0.02107	0.01870	0.01380	0.00711	0.00577	0.00178	0.00569	0.00563	0.00647	0.00938
9	0.02609	0.00990	0.01350	0.01035	0.01484	0.00855	0.00855	0.02834	0.01664	0.76338	0.02294	0.01979	0.01439	0.00720	0.00585	0.00180	0.00495	0.00585	0.00720	0.00990
10	0.01625	0.05977	0.16381	0.04093	0.02453	0.17097	0.28849	0.12772	0.01591	0.02004	0.01105	0.01340	0.00834	0.00558	0.00594	0.00177	0.00897	0.00526	0.00326	0.00800
11	0.01403	0.01374	0.02433	0.09635	0.61564	0.01384	0.10070	0.01769	0.01316	0.01861	0.01098	0.01463	0.00905	0.00520	0.00589	0.00177	0.00731	0.00537	0.00286	0.00883
12	0.00709	0.00506	0.00675	0.00810	0.00843	0.00472	0.00540	0.00810	0.01113	0.01484	0.03205	0.79184	0.03846	0.01822	0.00742	0.00236	0.00337	0.01653	0.00540	0.00472
13	0.02320	0.01040	0.01338	0.01048	0.01462	0.00969	0.00857	0.11403	0.05366	0.56208	0.09723	0.02160	0.01816	0.00769	0.00595	0.00180	0.00488	0.00629	0.00688	0.00941
14	0.06626	0.01541	0.01686	0.01605	0.12845	0.06499	0.01132	0.40870	0.11690	0.05671	0.01454	0.01529	0.01086	0.02381	0.00617	0.00185	0.00633	0.00528	0.00508	0.00915

[dist]
# distance from previous block
# <min> <max>
12	80

[block]
# block no. 11 follows, 40 sequences, length 47
# corresponding to MSA columns:
# 670-716
name=unknown_L
#
# <colnr> <probs for GDERKNQSTAVLIFYWHMCP>
#	G	D	E	R	K	N	Q	S	T	A	V	L	I	F	Y	W	H	M	C	P
0	0.05475	0.01121	0.01988	0.45175	0.03209	0.01244	0.18449	0.01620	0.01258	0.05841	0.06400	0.01749	0.01167	0.00634	0.00633	0.01690	0.00751	0.00588	0.00325	0.00683
1	0.01219	0.02640	0.57879	0.01860	0.02650	0.01381	0.20451	0.01847	0.01265	0.01847	0.01078	0.01315	0.00774	0.00537	0.00587	0.00187	0.00890	0.00495	0.00258	0.00840
2	0.01331	0.01494	0.03194	0.02312	0.02840	0.01431	0.66028	0.01780	0.01333	0.01818	0.01268	0.05865	0.01041	0.00591	0.00752	0.00201	0.04924	0.00731	0.00306	0.00759
3	0.00717	0.00513	0.00683	0.00804	0.00845	0.00478	0.00540	0.00832	0.01155	0.01550	0.08805	0.73397	0.03973	0.01773	0.00738	0.00232	0.00333	0.01607	0.00548	0.00478
4	0.01791	0.08745	0.26019	0.01212	0.01761	0.01151	0.01263	0.02249	0.05801	0.33293	0.09256	0.01892	0.01581	0.00697	0.00566	0.00178	0.00601	0.00561	0.00507	0.00876
5	0.00754	0.00527	0.00666	0.00753	0.00780	0.00503	0.00482	0.00830	0.01048	0.01401	0.05097	0.53536	0.03364	0.25785	0.01425	0.00336	0.00405	0.01385	0.00485	0.00438
6	0.00709	0.00506	0.00675	0.00810	0.00843	0.00472	0.00540	0.00810	0.01113	0.01484	0.03205	0.79184	0.03846	0.01822	0.00742	0.00236	0.00337	0.01653	0.00540	0.00472
7	0.01206	0.07152	0.66006	0.01691	0.02506	0.01414	0.08419	0.01838	0.01238	0.01817	0.01042	0.01241	0.00750	0.00544	0.00554	0.00182	0.00857	0.00446	0.00250	0.00847
8	0.14520	0.01243	0.01424	0.01223	0.05201	0.05208	0.00945	0.13087	0.04001	0.40141	0.01719	0.01627	0.01161	0.00692	0.00623	0.00182	0.05022	0.00519	0.00571	0.00893
9	0.01098	0.01034	0.01744	0.78165	0.04005	0.01292	0.01615	0.01486	0.01163	0.01486	0.01034	0.01550	0.00775	0.00581	0.00581	0.00194	0.00775	0.00517	0.00258	0.00646
10	0.01388	0.01330	0.02268	0.14694	0.65208	0.01368	0.01759	0.01740	0.01300	0.01838	0.01085	0.01456	0.00899	0.00528	0.00577	0.00176	0.00703	0.00518	0.00283	0.00880
11	0.01029	0.00896	0.01442	0.01999	0.32211	0.00875	0.02760	0.01241	0.01207	0.01666	0.02278	0.44960	0.02558	0.01247	0.00671	0.00209	0.00500	0.01157	0.00429	0.00667
12	0.01373	0.01569	0.03431	0.02451	0.03039	0.01471	0.73824	0.01863	0.01373	0.01863	0.01176	0.01569	0.00882	0.00490	0.00686	0.00196	0.00980	0.00686	0.00294	0.00784
