[name]
unknown

[dist]
# distance from previous block
# <min> <max>
0	91

[block]
# block no. 0 follows, 39 sequences, length 6
# corresponding to MSA columns:
# 116-121
name=unknown_A
#
# <colnr> <probs for GDERKNQSTAVLIFYWHMCP>
#	G	D	E	R	K	N	Q	S	T	A	V	L	I	F	Y	W	H	M	C	P
0	0.01226	0.01051	0.01226	0.00876	0.01401	0.00788	0.00701	0.01489	0.01226	0.01927	0.01051	0.01226	0.00876	0.00438	0.00438	0.00088	0.00438	0.00350	0.00350	0.82832
1	0.83394	0.01144	0.00869	0.00778	0.01144	0.01327	0.00640	0.01738	0.01006	0.02653	0.00823	0.00961	0.00640	0.00549	0.00366	0.00183	0.00457	0.00320	0.00366	0.00640
2	0.00699	0.00599	0.00599	0.00599	0.00799	0.00499	0.00449	0.00849	0.01348	0.01598	0.05991	0.05691	0.75288	0.01498	0.00699	0.00200	0.00300	0.01248	0.00549	0.00499
3	0.01171	0.00678	0.00897	0.00801	0.00999	0.00615	0.00615	0.01441	0.01677	0.15890	0.61823	0.03976	0.04824	0.01121	0.00679	0.00185	0.00320	0.00982	0.00666	0.00640
4	0.01967	0.01447	0.01575	0.01262	0.01655	0.01585	0.01018	0.60190	0.02478	0.03320	0.01758	0.15645	0.01540	0.00920	0.00622	0.00189	0.00594	0.00744	0.00584	0.00909
5	0.01226	0.01051	0.01226	0.00876	0.01401	0.00788	0.00701	0.01489	0.01226	0.01927	0.01051	0.01226	0.00876	0.00438	0.00438	0.00088	0.00438	0.00350	0.00350	0.82832

[dist]
# distance from previous block
# <min> <max>
0	1

[block]
# block no. 1 follows, 39 sequences, length 34
# corresponding to MSA columns:
# 123-156
name=unknown_B
#
# <colnr> <probs for GDERKNQSTAVLIFYWHMCP>
#	G	D	E	R	K	N	Q	S	T	A	V	L	I	F	Y	W	H	M	C	P
0	0.01464	0.01405	0.02400	0.03630	0.75528	0.01405	0.01815	0.01815	0.01347	0.01932	0.01112	0.01464	0.00937	0.00527	0.00585	0.00176	0.00703	0.00527	0.00293	0.00937
1	0.01117	0.01051	0.01774	0.77795	0.04073	0.01314	0.01642	0.01511	0.01182	0.01511	0.01051	0.01577	0.00788	0.00591	0.00591	0.00197	0.00788	0.00526	0.00263	0.00657
2	0.00837	0.00604	0.00790	0.00744	0.00883	0.00558	0.00558	0.01116	0.01674	0.02371	0.75216	0.04417	0.05580	0.01209	0.00697	0.00186	0.00279	0.01069	0.00651	0.00558
3	0.00860	0.00573	0.00645	0.00645	0.00645	0.00573	0.00358	0.00860	0.00860	0.01147	0.01863	0.03870	0.02150	0.79217	0.03010	0.00573	0.00573	0.00860	0.00358	0.00358
4	0.00721	0.00515	0.00686	0.00823	0.00858	0.00480	0.00549	0.00823	0.01132	0.01510	0.03259	0.78831	0.03911	0.01853	0.00755	0.00240	0.00343	0.01681	0.00549	0.00480
5	0.01464	0.01405	0.02400	0.03630	0.75528	0.01405	0.01815	0.01815	0.01347	0.01932	0.01112	0.01464	0.00937	0.00527	0.00585	0.00176	0.00703	0.00527	0.00293	0.00937
6	0.83394	0.01144	0.00869	0.00778	0.01144	0.01327	0.00640	0.01738	0.01006	0.02653	0.00823	0.00961	0.00640	0.00549	0.00366	0.00183	0.00457	0.00320	0.00366	0.00640
7	0.01186	0.03059	0.76153	0.01686	0.02560	0.01373	0.02185	0.01873	0.01249	0.01873	0.01061	0.01249	0.00749	0.00562	0.00562	0.00187	0.00874	0.00437	0.00250	0.00874
8	0.01439	0.01380	0.02357	0.08823	0.70524	0.01399	0.01803	0.01794	0.01335	0.01903	0.01108	0.01472	0.00926	0.00531	0.00586	0.00177	0.00709	0.00527	0.00291	0.00917
9	0.33137	0.01461	0.01430	0.01139	0.01571	0.01641	0.00940	0.46218	0.02105	0.03318	0.01193	0.01245	0.00867	0.00649	0.00506	0.00180	0.00577	0.00452	0.00506	0.00867
10	0.01117	0.01051	0.01774	0.77795	0.04073	0.01314	0.01642	0.01511	0.01182	0.01511	0.01051	0.01577	0.00788	0.00591	0.00591	0.00197	0.00788	0.00526	0.00263	0.00657
11	0.01581	0.79572	0.03099	0.01012	0.01518	0.02340	0.01012	0.01771	0.01202	0.01391	0.00822	0.00949	0.00759	0.00506	0.00379	0.00126	0.00632	0.00316	0.00253	0.00759
12	0.01444	0.01385	0.02364	0.07935	0.71380	0.01400	0.01805	0.01797	0.01337	0.01908	0.01109	0.01470	0.00928	0.00531	0.00586	0.00177	0.00708	0.00527	0.00291	0.00920
13	0.01464	0.01405	0.02400	0.03630	0.75528	0.01405	0.01815	0.01815	0.01347	0.01932	0.01112	0.01464	0.00937	0.00527	0.00585	0.00176	0.00703	0.00527	0.00293	0.00937
14	0.02571	0.01025	0.01370	0.01063	0.01512	0.00911	0.00874	0.02900	0.06788	0.70793	0.02338	0.02026	0.01488	0.00737	0.00595	0.00184	0.00501	0.00600	0.00723	0.01001
15	0.01361	0.01361	0.02193	0.03699	0.02001	0.01672	0.19534	0.06574	0.01176	0.01709	0.01024	0.04181	0.00936	0.00894	0.01454	0.00236	0.48379	0.00606	0.00303	0.00704
16	0.01186	0.03059	0.76153	0.01686	0.02560	0.01373	0.02185	0.01873	0.01249	0.01873	0.01061	0.01249	0.00749	0.00562	0.00562	0.00187	0.00874	0.00437	0.00250	0.00874
17	0.01464	0.01405	0.02400	0.03630	0.75528	0.01405	0.01815	0.01815	0.01347	0.01932	0.01112	0.01464	0.00937	0.00527	0.00585	0.00176	0.00703	0.00527	0.00293	0.00937
18	0.01096	0.00749	0.00934	0.00839	0.01035	0.00730	0.00644	0.06342	0.06848	0.07262	0.60309	0.03900	0.04734	0.01115	0.00677	0.00186	0.00332	0.00974	0.00649	0.00644
19	0.01540	0.01255	0.01339	0.01195	0.01536	0.01436	0.00932	0.03127	0.70235	0.06738	0.02403	0.02195	0.01785	0.00798	0.00601	0.00200	0.00470	0.00664	0.00609	0.00940
20	0.01186	0.03059	0.76153	0.01686	0.02560	0.01373	0.02185	0.01873	0.01249	0.01873	0.01061	0.01249	0.00749	0.00562	0.00562	0.00187	0.00874	0.00437	0.00250	0.00874
21	0.01117	0.01051	0.01774	0.77795	0.04073	0.01314	0.01642	0.01511	0.01182	0.01511	0.01051	0.01577	0.00788	0.00591	0.00591	0.00197	0.00788	0.00526	0.00263	0.00657
22	0.01117	0.01051	0.01774	0.77795	0.04073	0.01314	0.01642	0.01511	0.01182	0.01511	0.01051	0.01577	0.00788	0.00591	0.00591	0.00197	0.00788	0.00526	0.00263	0.00657
23	0.01517	0.01042	0.01256	0.00912	0.01424	0.00805	0.00735	0.01773	0.01321	0.17006	0.01312	0.01387	0.00996	0.00498	0.00470	0.00107	0.00451	0.00400	0.00428	0.66161
24	0.00721	0.00515	0.00686	0.00823	0.00858	0.00480	0.00549	0.00823	0.01132	0.01510	0.03259	0.78831	0.03911	0.01853	0.00755	0.00240	0.00343	0.01681	0.00549	0.00480
25	0.01294	0.01294	0.01811	0.01553	0.01553	0.01811	0.01294	0.01423	0.00906	0.01423	0.00776	0.01294	0.00776	0.01035	0.01941	0.00259	0.78134	0.00518	0.00259	0.00647
26	0.01471	0.01270	0.01337	0.01203	0.01538	0.01471	0.00936	0.03142	0.74459	0.02474	0.02407	0.02206	0.01805	0.00802	0.00602	0.00201	0.00468	0.00669	0.00602	0.00936
27	0.00842	0.00598	0.00761	0.00724	0.00835	0.00561	0.00517	0.01064	0.01508	0.02122	0.60271	0.04306	0.04881	0.17102	0.01169	0.00265	0.00339	0.01027	0.00591	0.00517
28	0.01434	0.00926	0.01119	0.00942	0.01214	0.00916	0.00742	0.19055	0.01920	0.12600	0.43353	0.05306	0.03733	0.01019	0.00652	0.00182	0.00406	0.00871	0.00636	0.02974
29	0.00729	0.00521	0.00693	0.00818	0.00860	0.00486	0.00550	0.00844	0.01170	0.01569	0.08239	0.73681	0.04027	0.01808	0.00751	0.00236	0.00339	0.01639	0.00556	0.00486
30	0.02270	0.01622	0.01753	0.01344	0.01817	0.01782	0.01110	0.69764	0.02722	0.07602	0.01469	0.01452	0.01030	0.00711	0.00592	0.00178	0.00643	0.00536	0.00599	0.01006
31	0.00877	0.00757	0.01287	0.01173	0.01340	0.00702	0.15723	0.01068	0.01190	0.01603	0.02759	0.60267	0.03187	0.01526	0.00733	0.00227	0.00482	0.01434	0.00491	0.03175
32	0.01344	0.01084	0.01264	0.00911	0.01431	0.00852	0.00732	0.05729	0.01335	0.05035	0.01125	0.01269	0.00907	0.00466	0.00453	0.00097	0.00453	0.00371	0.00380	0.74762
33	0.01361	0.36852	0.43887	0.01388	0.02099	0.01800	0.01667	0.01828	0.01228	0.01660	0.00956	0.01116	0.00753	0.00537	0.00481	0.00160	0.00767	0.00384	0.00251	0.00823

[dist]
# distance from previous block
# <min> <max>
0	1

[block]
# block no. 2 follows, 39 sequences, length 41
# corresponding to MSA columns:
# 158-198
name=unknown_C
#
# <colnr> <probs for GDERKNQSTAVLIFYWHMCP>
#	G	D	E	R	K	N	Q	S	T	A	V	L	I	F	Y	W	H	M	C	P
0	0.01123	0.01059	0.01775	0.75252	0.03989	0.01330	0.01631	0.01508	0.01173	0.01508	0.01042	0.01567	0.00788	0.00606	0.00636	0.00199	0.03368	0.00525	0.00263	0.00657
1	0.00819	0.00604	0.00765	0.00725	0.00872	0.00550	0.00544	0.01081	0.01631	0.02269	0.66073	0.04586	0.14786	0.01247	0.00698	0.00188	0.00282	0.01093	0.00638	0.00550
2	0.01265	0.18311	0.61590	0.01551	0.02352	0.01566	0.01951	0.01852	0.01239	0.01777	0.01014	0.01189	0.00751	0.00551	0.00525	0.00175	0.00826	0.00413	0.00250	0.00851
3	0.01226	0.01051	0.01226	0.00876	0.01401	0.00788	0.00701	0.01489	0.01226	0.01927	0.01051	0.01226	0.00876	0.00438	0.00438	0.00088	0.00438	0.00350	0.00350	0.82832
4	0.01563	0.75989	0.06520	0.01043	0.01567	0.02295	0.01067	0.01776	0.01204	0.01414	0.00833	0.00963	0.00758	0.00509	0.00388	0.00129	0.00644	0.00322	0.00253	0.00764
5	0.00945	0.00831	0.01244	0.39999	0.02489	0.00929	0.01084	0.01250	0.01341	0.01738	0.19961	0.03290	0.20693	0.00967	0.00644	0.00195	0.00544	0.00837	0.00427	0.00594
6	0.00721	0.00515	0.00686	0.00823	0.00858	0.00480	0.00549	0.00823	0.01132	0.01510	0.03259	0.78831	0.03911	0.01853	0.00755	0.00240	0.00343	0.01681	0.00549	0.00480
7	0.00721	0.00515	0.00686	0.00823	0.00858	0.00480	0.00549	0.00823	0.01132	0.01510	0.03259	0.78831	0.03911	0.01853	0.00755	0.00240	0.00343	0.01681	0.00549	0.00480
8	0.02229	0.02226	0.01726	0.01440	0.01831	0.38592	0.01133	0.38667	0.02239	0.02610	0.01172	0.01247	0.00886	0.00661	0.00563	0.00165	0.00854	0.00458	0.00451	0.00849
9	0.01581	0.79572	0.03099	0.01012	0.01518	0.02340	0.01012	0.01771	0.01202	0.01391	0.00822	0.00949	0.00759	0.00506	0.00379	0.00126	0.00632	0.00316	0.00253	0.00759
10	0.00846	0.00631	0.00936	0.00936	0.01037	0.00731	0.00721	0.01047	0.00946	0.01362	0.01597	0.02396	0.01510	0.07938	0.73414	0.00933	0.01537	0.00644	0.00319	0.00520
11	0.00699	0.00599	0.00599	0.00599	0.00799	0.00499	0.00449	0.00849	0.01348	0.01598	0.05991	0.05691	0.75288	0.01498	0.00699	0.00200	0.00300	0.01248	0.00549	0.00499
12	0.01186	0.03059	0.76153	0.01686	0.02560	0.01373	0.02185	0.01873	0.01249	0.01873	0.01061	0.01249	0.00749	0.00562	0.00562	0.00187	0.00874	0.00437	0.00250	0.00874
13	0.01464	0.01405	0.02400	0.03630	0.75528	0.01405	0.01815	0.01815	0.01347	0.01932	0.01112	0.01464	0.00937	0.00527	0.00585	0.00176	0.00703	0.00527	0.00293	0.00937
14	0.01186	0.03059	0.76153	0.01686	0.02560	0.01373	0.02185	0.01873	0.01249	0.01873	0.01061	0.01249	0.00749	0.00562	0.00562	0.00187	0.00874	0.00437	0.00250	0.00874
15	0.00837	0.00604	0.00790	0.00744	0.00883	0.00558	0.00558	0.01116	0.01674	0.02371	0.75216	0.04417	0.05580	0.01209	0.00697	0.00186	0.00279	0.01069	0.00651	0.00558
16	0.01464	0.01405	0.02400	0.03630	0.75528	0.01405	0.01815	0.01815	0.01347	0.01932	0.01112	0.01464	0.00937	0.00527	0.00585	0.00176	0.00703	0.00527	0.00293	0.00937
17	0.00905	0.00670	0.00949	0.00933	0.01053	0.00724	0.00714	0.01117	0.01191	0.01708	0.22136	0.02978	0.02671	0.03540	0.54967	0.00741	0.01231	0.00773	0.00430	0.00568
18	0.16605	0.00681	0.00766	0.00856	0.00959	0.00680	0.00594	0.01045	0.01146	0.01785	0.02832	0.63274	0.03313	0.01631	0.00704	0.00240	0.00387	0.01428	0.00532	0.00543
19	0.66910	0.01063	0.00894	0.00818	0.01116	0.01201	0.00642	0.01591	0.01000	0.02387	0.00924	0.01206	0.00773	0.00877	0.00765	0.16003	0.00489	0.00378	0.00365	0.00598
20	0.17096	0.01458	0.02772	0.02038	0.02552	0.01410	0.52459	0.01833	0.01380	0.02134	0.07623	0.01798	0.01312	0.00610	0.00658	0.00206	0.00847	0.00675	0.00363	0.00776
21	0.16605	0.00681	0.00766	0.00856	0.00959	0.00680	0.00594	0.01045	0.01146	0.01785	0.02832	0.63274	0.03313	0.01631	0.00704	0.00240	0.00387	0.01428	0.00532	0.00543
22	0.01477	0.01821	0.22219	0.01381	0.01874	0.01485	0.01314	0.05385	0.50802	0.02399	0.02043	0.01984	0.01530	0.00769	0.00615	0.00207	0.00608	0.00617	0.00521	0.00949
23	0.02062	0.01434	0.01586	0.01252	0.01662	0.01531	0.01015	0.52899	0.02496	0.09786	0.15677	0.02126	0.01976	0.00846	0.00637	0.00190	0.00586	0.00659	0.00633	0.00947
24	0.00824	0.00639	0.00735	0.00724	0.00888	0.00560	0.00533	0.01007	0.01504	0.01977	0.35402	0.11550	0.38583	0.01436	0.00727	0.00208	0.00317	0.01221	0.00611	0.00555
25	0.01261	0.00996	0.01137	0.00855	0.01307	0.00778	0.00671	0.01508	0.01266	0.02032	0.01279	0.01496	0.01055	0.00527	0.00460	0.00109	0.00428	0.00409	0.16091	0.66336
26	0.67136	0.01504	0.01067	0.00962	0.01319	0.15808	0.00763	0.01896	0.01173	0.02468	0.00902	0.01066	0.00722	0.00600	0.00425	0.00188	0.00595	0.00352	0.00374	0.00680
27	0.00884	0.00656	0.00943	0.00966	0.01063	0.00725	0.00728	0.01056	0.01024	0.01456	0.01959	0.17036	0.01995	0.03944	0.61606	0.00818	0.01356	0.00852	0.00382	0.00551
28	0.00784	0.00561	0.00731	0.00865	0.00905	0.00518	0.00576	0.00870	0.01170	0.01566	0.03298	0.78175	0.03939	0.01880	0.00778	0.00250	0.00365	0.01689	0.00567	0.00513
29	0.02138	0.17531	0.01984	0.01460	0.01807	0.61897	0.01139	0.02281	0.01617	0.01493	0.00957	0.01128	0.00819	0.00629	0.00529	0.00159	0.00998	0.00389	0.00315	0.00730
30	0.01261	0.00996	0.01137	0.00855	0.01307	0.00778	0.00671	0.01508	0.01266	0.02032	0.01279	0.01496	0.01055	0.00527	0.00460	0.00109	0.00428	0.00409	0.16091	0.66336
31	0.02199	0.01639	0.01810	0.08047	0.02066	0.01814	0.01191	0.66643	0.02663	0.03569	0.01444	0.01514	0.01042	0.00738	0.00616	0.00190	0.00681	0.00550	0.00581	0.01003
32	0.01882	0.01382	0.01516	0.01240	0.01602	0.01489	0.00986	0.52690	0.02391	0.03220	0.08249	0.16575	0.02015	0.01010	0.00657	0.00201	0.00578	0.00818	0.00606	0.00893
33	0.01177	0.01092	0.01809	0.77105	0.04089	0.01344	0.01659	0.01551	0.01220	0.01567	0.01111	0.01656	0.00845	0.00631	0.00616	0.00208	0.00806	0.00544	0.00284	0.00688
34	0.01676	0.01383	0.01460	0.01271	0.01635	0.01569	0.00995	0.16642	0.60083	0.02761	0.02265	0.02129	0.01700	0.00822	0.00625	0.00207	0.00523	0.00660	0.00617	0.00977
35	0.01449	0.02813	0.61247	0.01656	0.02451	0.01491	0.01994	0.15627	0.01578	0.02280	0.01189	0.01363	0.00856	0.00630	0.00593	0.00196	0.00848	0.00475	0.00336	0.00928
36	0.00944	0.00839	0.00808	0.00776	0.00967	0.07201	0.00577	0.01124	0.01530	0.01921	0.30686	0.04867	0.42852	0.01346	0.00708	0.00201	0.00381	0.01120	0.00583	0.00569
37	0.00784	0.00561	0.00731	0.00865	0.00905	0.00518	0.00576	0.00870	0.01170	0.01566	0.03298	0.78175	0.03939	0.01880	0.00778	0.00250	0.00365	0.01689	0.00567	0.00513
38	0.01329	0.01230	0.01826	0.01519	0.01631	0.01554	0.10666	0.01518	0.01074	0.01692	0.01114	0.01590	0.00991	0.00933	0.01496	0.00238	0.52330	0.00567	0.16023	0.00679
39	0.01005	0.00707	0.00838	0.00823	0.00909	0.00701	0.00552	0.07279	0.01291	0.01760	0.16234	0.21507	0.03142	0.35594	0.04630	0.00407	0.00527	0.01073	0.00498	0.00522
40	0.00933	0.00743	0.00796	0.00777	0.00975	0.00684	0.00575	0.07303	0.03917	0.01879	0.07491	0.19193	0.49518	0.01494	0.00721	0.00216	0.00365	0.01255	0.00576	0.00588

[dist]
# distance from previous block
# <min> <max>
0	1

[block]
# block no. 3 follows, 39 sequences, length 30
# corresponding to MSA columns:
# 200-229
name=unknown_D
#
# <colnr> <probs for GDERKNQSTAVLIFYWHMCP>
#	G	D	E	R	K	N	Q	S	T	A	V	L	I	F	Y	W	H	M	C	P
0	0.01999	0.02434	0.01622	0.01549	0.05307	0.60756	0.01123	0.03632	0.04088	0.01543	0.01058	0.01270	0.00889	0.01034	0.08929	0.00243	0.01077	0.00429	0.00321	0.00695
1	0.02388	0.00954	0.01311	0.03648	0.01526	0.00842	0.00860	0.02609	0.01614	0.65216	0.02391	0.10440	0.01710	0.00850	0.00612	0.00190	0.00495	0.00712	0.00696	0.00937
2	0.01468	0.01411	0.02441	0.17550	0.53144	0.01438	0.09668	0.01817	0.01370	0.01920	0.01191	0.01609	0.00981	0.00591	0.00633	0.00197	0.00776	0.00571	0.00316	0.00907
3	0.01182	0.01118	0.01892	0.63770	0.17585	0.01331	0.01675	0.01568	0.01214	0.01591	0.01063	0.01555	0.00816	0.00579	0.00590	0.00193	0.00772	0.00526	0.00268	0.00710
4	0.02212	0.01220	0.01450	0.01155	0.01565	0.01236	0.00937	0.29992	0.06481	0.35372	0.02086	0.10238	0.01577	0.00851	0.00612	0.00188	0.00541	0.00695	0.00650	0.00944
5	0.01350	0.01387	0.01803	0.01551	0.01569	0.06379	0.01285	0.01480	0.00953	0.01425	0.00785	0.01280	0.00775	0.01009	0.01855	0.00252	0.73443	0.00509	0.00262	0.00649
6	0.19862	0.01467	0.02831	0.02065	0.02597	0.01433	0.55211	0.01833	0.01302	0.02056	0.01163	0.03333	0.00913	0.00543	0.00624	0.00197	0.00859	0.00637	0.00320	0.00754
7	0.00752	0.00528	0.00677	0.00783	0.00810	0.00501	0.00506	0.00832	0.01071	0.01428	0.02945	0.61934	0.03514	0.19291	0.01263	0.00315	0.00395	0.01496	0.00506	0.00453
8	0.01818	0.01033	0.01287	0.00949	0.01446	0.00822	0.00771	0.02066	0.01420	0.32605	0.01582	0.01552	0.01120	0.00560	0.00503	0.00127	0.00465	0.00452	0.00509	0.48914
9	0.56230	0.01244	0.01129	0.00939	0.01339	0.01391	0.00775	0.18052	0.01482	0.10949	0.01124	0.01180	0.00813	0.00605	0.00442	0.00182	0.00506	0.00398	0.00457	0.00763
10	0.01331	0.01403	0.02419	0.01893	0.02109	0.01697	0.27379	0.01594	0.01083	0.01594	0.00928	0.01403	0.00820	0.00841	0.01491	0.00237	0.50221	0.00583	0.00273	0.00701
11	0.00752	0.00528	0.00677	0.00783	0.00810	0.00501	0.00506	0.00832	0.01071	0.01428	0.02945	0.61934	0.03514	0.19291	0.01263	0.00315	0.00395	0.01496	0.00506	0.00453
12	0.01477	0.01263	0.01484	0.18485	0.02142	0.01475	0.01116	0.10513	0.50065	0.02395	0.01993	0.01978	0.01488	0.00745	0.00598	0.00197	0.00560	0.00621	0.00524	0.00881
13	0.01470	0.01492	0.02806	0.02016	0.02583	0.01394	0.49220	0.11001	0.01539	0.02136	0.01195	0.01497	0.00907	0.00513	0.00631	0.00174	0.00838	0.00605	0.00347	0.17635
14	0.01226	0.05777	0.56421	0.01628	0.02290	0.01511	0.01936	0.01767	0.01169	0.01752	0.00987	0.01247	0.00756	0.00666	0.00865	0.00201	0.18279	0.00450	0.00252	0.00818
15	0.01243	0.01263	0.02134	0.18918	0.02445	0.01543	0.18493	0.01519	0.01099	0.01560	0.01089	0.06149	0.00999	0.00857	0.01268	0.00230	0.37596	0.00633	0.00287	0.00675
16	0.01492	0.62326	0.19566	0.01164	0.01753	0.02122	0.01276	0.01794	0.01212	0.01500	0.00876	0.01016	0.00757	0.00519	0.00421	0.00140	0.00687	0.00343	0.00252	0.00785
17	0.02385	0.01096	0.01604	0.01633	0.18194	0.00990	0.01082	0.02642	0.01615	0.59256	0.02058	0.01889	0.01345	0.00686	0.00593	0.00181	0.00548	0.00579	0.00633	0.00991
18	0.00824	0.00595	0.00779	0.00753	0.00881	0.00549	0.00557	0.01084	0.01614	0.02277	0.67308	0.12596	0.05397	0.01280	0.00704	0.00192	0.00286	0.01137	0.00640	0.00549
19	0.00763	0.00582	0.00701	0.00713	0.00849	0.00520	0.00519	0.00958	0.01439	0.01911	0.35167	0.21886	0.28939	0.01455	0.00711	0.00203	0.00301	0.01270	0.00593	0.00520
20	0.02248	0.01656	0.01775	0.01361	0.01834	0.01834	0.01124	0.73556	0.02780	0.03727	0.01420	0.01420	0.01006	0.00710	0.00592	0.00177	0.00651	0.00532	0.00592	0.01006
21	0.00721	0.00515	0.00686	0.00823	0.00858	0.00480	0.00549	0.00823	0.01132	0.01510	0.03259	0.78831	0.03911	0.01853	0.00755	0.00240	0.00343	0.01681	0.00549	0.00480
22	0.01904	0.01399	0.01529	0.01240	0.01614	0.01529	0.00994	0.57162	0.02409	0.03227	0.01834	0.18869	0.01661	0.00968	0.00628	0.00192	0.00581	0.00791	0.00582	0.00887
23	0.02323	0.01469	0.18228	0.01195	0.01746	0.00983	0.01166	0.02655	0.01593	0.59243	0.02046	0.01841	0.01303	0.00694	0.00587	0.00184	0.00587	0.00559	0.00623	0.00977
24	0.00817	0.00607	0.00891	0.00922	0.01011	0.00681	0.00696	0.01004	0.00991	0.01404	0.01962	0.19568	0.02027	0.03853	0.59716	0.00790	0.01304	0.00870	0.00369	0.00517
25	0.02068	0.20119	0.01997	0.01408	0.01758	0.60049	0.01113	0.02228	0.01569	0.01435	0.00893	0.01040	0.00761	0.00586	0.00499	0.00147	0.00969	0.00366	0.00293	0.00702
26	0.00810	0.00603	0.00753	0.00716	0.00867	0.00547	0.00537	0.01064	0.01610	0.02221	0.61716	0.04666	0.19173	0.01265	0.00698	0.00189	0.00283	0.01104	0.00631	0.00547
27	0.01410	0.01325	0.02136	0.03009	0.58819	0.01266	0.01564	0.01741	0.01319	0.01931	0.01099	0.01410	0.00923	0.00507	0.00552	0.00156	0.00643	0.00487	0.00306	0.19396
28	0.00733	0.00525	0.00698	0.00815	0.00861	0.00489	0.00550	0.00856	0.01192	0.01604	0.11168	0.70653	0.04095	0.01782	0.00749	0.00234	0.00336	0.01614	0.00560	0.00489
29	0.01618	0.00752	0.00968	0.00823	0.01088	0.00680	0.00649	0.01876	0.01584	0.31538	0.29764	0.02964	0.03030	0.00902	0.00593	0.00174	0.00367	0.00764	0.19132	0.00734

[dist]
# distance from previous block
# <min> <max>
5	7

[block]
# block no. 4 follows, 39 sequences, length 39
# corresponding to MSA columns:
# 237-275
name=unknown_E
#
# <colnr> <probs for GDERKNQSTAVLIFYWHMCP>
#	G	D	E	R	K	N	Q	S	T	A	V	L	I	F	Y	W	H	M	C	P
0	0.00853	0.00779	0.00913	0.00846	0.00994	0.00839	0.00668	0.00997	0.01233	0.01552	0.04641	0.04553	0.55998	0.01378	0.01020	0.00215	0.20450	0.01059	0.00474	0.00537
1	0.22127	0.00681	0.00737	0.00809	0.00933	0.00702	0.00573	0.01070	0.01118	0.01835	0.05037	0.56181	0.03120	0.01494	0.00652	0.00224	0.00371	0.01308	0.00505	0.00524
2	0.01237	0.21379	0.02117	0.57917	0.03412	0.01580	0.01479	0.01578	0.01187	0.01480	0.00992	0.01414	0.00781	0.00569	0.00536	0.00179	0.00748	0.00471	0.00260	0.00683
3	0.00801	0.00603	0.00741	0.00706	0.00862	0.00543	0.00530	0.01047	0.01590	0.02171	0.57294	0.04747	0.23626	0.01284	0.00698	0.00190	0.00284	0.01116	0.00625	0.00543
4	0.01491	0.01208	0.01368	0.01001	0.01513	0.01059	0.00810	0.20146	0.01629	0.02393	0.01147	0.01276	0.00910	0.00508	0.00478	0.00111	0.00493	0.00398	0.00413	0.61648
5	0.00705	0.00577	0.00622	0.00657	0.00814	0.00494	0.00475	0.00842	0.01292	0.01575	0.05284	0.24626	0.56809	0.01590	0.00713	0.00210	0.00311	0.01360	0.00549	0.00494
6	0.01338	0.01323	0.01964	0.02090	0.20704	0.01706	0.01429	0.01525	0.01020	0.01555	0.00863	0.01338	0.00818	0.00904	0.01590	0.00237	0.58088	0.00520	0.00268	0.00722
7	0.01581	0.79572	0.03099	0.01012	0.01518	0.02340	0.01012	0.01771	0.01202	0.01391	0.00822	0.00949	0.00759	0.00506	0.00379	0.00126	0.00632	0.00316	0.00253	0.00759
8	0.00744	0.00593	0.00616	0.00615	0.00761	0.00520	0.00428	0.00858	0.01230	0.01500	0.06608	0.05189	0.54656	0.21611	0.01297	0.00296	0.00370	0.01143	0.00502	0.00464
9	0.02548	0.01175	0.01477	0.01132	0.01594	0.01119	0.00935	0.21178	0.01974	0.57243	0.02097	0.01859	0.01345	0.00726	0.00594	0.00182	0.00541	0.00579	0.00696	0.01006
10	0.02166	0.00929	0.01238	0.00985	0.01361	0.00829	0.00799	0.05349	0.01733	0.53904	0.21164	0.02611	0.02511	0.00855	0.00621	0.00184	0.00451	0.00715	0.00705	0.00890
11	0.01001	0.00777	0.00932	0.00863	0.01053	0.00794	0.00656	0.01641	0.20517	0.02398	0.56366	0.03845	0.04603	0.01104	0.00673	0.00190	0.00328	0.00966	0.00638	0.00656
12	0.02263	0.01633	0.01760	0.01349	0.01822	0.01799	0.01115	0.70997	0.02741	0.06341	0.01453	0.01441	0.01022	0.00711	0.00592	0.00178	0.00645	0.00535	0.00597	0.01006
13	0.00845	0.00634	0.00950	0.00950	0.01056	0.00739	0.00739	0.01056	0.00950	0.01373	0.01584	0.02323	0.01478	0.04435	0.76873	0.00950	0.01584	0.00634	0.00317	0.00528
14	0.00761	0.00579	0.00700	0.00717	0.00849	0.00518	0.00520	0.00952	0.01426	0.01893	0.33733	0.24103	0.28162	0.01471	0.00713	0.00205	0.00302	0.01287	0.00591	0.00518
15	0.01207	0.01143	0.01936	0.58595	0.22572	0.01338	0.01687	0.01590	0.01225	0.01620	0.01067	0.01547	0.00827	0.00575	0.00590	0.00192	0.00766	0.00526	0.00271	0.00729
16	0.01457	0.59115	0.02439	0.00893	0.01303	0.01877	0.00857	0.01669	0.01212	0.01602	0.01109	0.01274	0.00955	0.00553	0.00388	0.00129	0.00540	0.00377	0.21545	0.00705
17	0.01754	0.59401	0.02756	0.01102	0.01600	0.02209	0.01041	0.20355	0.01610	0.01996	0.00977	0.01071	0.00823	0.00559	0.00434	0.00140	0.00637	0.00372	0.00341	0.00823
18	0.02104	0.01190	0.01570	0.20995	0.02245	0.01248	0.01130	0.22402	0.01856	0.34551	0.01734	0.01737	0.01161	0.00688	0.00589	0.00184	0.00613	0.00558	0.02539	0.00905
19	0.01954	0.01162	0.01366	0.01127	0.01478	0.01192	0.00896	0.33647	0.02024	0.23941	0.02177	0.22390	0.01918	0.01023	0.00636	0.00196	0.00526	0.00859	0.00621	0.00865
20	0.01294	0.01294	0.01811	0.01553	0.01553	0.01811	0.01294	0.01423	0.00906	0.01423	0.00776	0.01294	0.00776	0.01035	0.01941	0.00259	0.78134	0.00518	0.00259	0.00647
21	0.00751	0.00538	0.00713	0.00803	0.00864	0.00500	0.00551	0.00899	0.01272	0.01733	0.21888	0.59566	0.04343	0.01686	0.00740	0.00226	0.00327	0.01523	0.00575	0.00500
22	0.00999	0.00812	0.01207	0.01491	0.20208	0.00777	0.00883	0.01297	0.01589	0.02258	0.56031	0.03653	0.04378	0.01032	0.00668	0.00183	0.00389	0.00929	0.00558	0.00656
23	0.00996	0.00812	0.01203	0.01488	0.20206	0.00776	0.00881	0.01291	0.01581	0.02239	0.54371	0.03683	0.06049	0.01039	0.00669	0.00184	0.00389	0.00933	0.00556	0.00655
24	0.01114	0.00818	0.00960	0.00942	0.01105	0.00833	0.00689	0.19655	0.01579	0.02092	0.03034	0.52072	0.09715	0.01524	0.00707	0.00220	0.00419	0.01344	0.00560	0.00618
25	0.01464	0.01405	0.02400	0.03630	0.75528	0.01405	0.01815	0.01815	0.01347	0.01932	0.01112	0.01464	0.00937	0.00527	0.00585	0.00176	0.00703	0.00527	0.00293	0.00937
26	0.01397	0.01733	0.20706	0.01328	0.01802	0.01446	0.01259	0.02814	0.55506	0.02318	0.02059	0.01958	0.01532	0.00740	0.00591	0.00197	0.00573	0.00609	0.00511	0.00920
27	0.02273	0.01538	0.20732	0.01216	0.01781	0.01000	0.01210	0.02621	0.01578	0.56763	0.02004	0.01815	0.01279	0.00688	0.00586	0.00184	0.00599	0.00554	0.00607	0.00972
28	0.01396	0.01595	0.03490	0.02493	0.03091	0.01496	0.73380	0.01894	0.01396	0.01894	0.01196	0.01595	0.00897	0.00499	0.00698	0.00199	0.00997	0.00698	0.00299	0.00798
29	0.01496	0.63175	0.18755	0.01156	0.01741	0.02133	0.01263	0.01793	0.01212	0.01495	0.00873	0.01013	0.00757	0.00518	0.00419	0.00140	0.00684	0.00342	0.00252	0.00784
30	0.01349	0.01124	0.01292	0.00934	0.01453	0.00914	0.00751	0.10128	0.01413	0.02143	0.01095	0.01249	0.00891	0.00471	0.00456	0.00098	0.00463	0.00372	0.00379	0.73023
31	0.80166	0.01210	0.00951	0.00848	0.01220	0.01379	0.00688	0.03823	0.01106	0.02742	0.00919	0.01083	0.00726	0.00605	0.00407	0.00197	0.00489	0.00353	0.00398	0.00690
32	0.13520	0.00738	0.00703	0.00690	0.00915	0.00674	0.00518	0.01045	0.01334	0.01828	0.05119	0.07461	0.60564	0.01403	0.00680	0.00212	0.00354	0.01135	0.00544	0.00562
33	0.02311	0.01702	0.01820	0.01407	0.01882	0.01866	0.01152	0.72727	0.02809	0.03772	0.01492	0.01523	0.01076	0.00759	0.00624	0.00191	0.00675	0.00556	0.00614	0.01041
34	0.01302	0.01104	0.01278	0.00928	0.01455	0.00833	0.00734	0.01541	0.01273	0.01994	0.01127	0.01332	0.00948	0.00490	0.00472	0.00103	0.00465	0.00377	0.00376	0.81867
35	0.02135	0.01532	0.01631	0.01282	0.01706	0.01668	0.01042	0.61609	0.02571	0.03538	0.01570	0.01644	0.01155	0.00756	0.00596	0.00185	0.00617	0.00559	0.13232	0.00971
36	0.01439	0.01546	0.03103	0.02241	0.02808	0.01432	0.58718	0.01862	0.01398	0.01951	0.01234	0.01629	0.00962	0.00559	0.00731	0.00198	0.03565	0.00659	0.00332	0.13634
37	0.02311	0.01702	0.01820	0.01407	0.01882	0.01866	0.01152	0.72727	0.02809	0.03772	0.01492	0.01523	0.01076	0.00759	0.00624	0.00191	0.00675	0.00556	0.00614	0.01041
38	0.01038	0.00764	0.00921	0.00968	0.01083	0.00761	0.00680	0.09765	0.06538	0.01916	0.03028	0.63317	0.03450	0.01677	0.00755	0.00243	0.00417	0.01482	0.00581	0.00617

[dist]
# distance from previous block
# <min> <max>
0	2

[block]
# block no. 5 follows, 39 sequences, length 11
# corresponding to MSA columns:
# 278-288
name=unknown_F
#
# <colnr> <probs for GDERKNQSTAVLIFYWHMCP>
#	G	D	E	R	K	N	Q	S	T	A	V	L	I	F	Y	W	H	M	C	P
0	0.01344	0.20376	0.58870	0.01571	0.02360	0.01626	0.01933	0.01892	0.01280	0.01825	0.01075	0.01275	0.00817	0.00595	0.00550	0.00186	0.00839	0.00432	0.00275	0.00881
1	0.07305	0.01291	0.01398	0.01166	0.01513	0.01404	0.00939	0.46733	0.02186	0.03004	0.02045	0.17049	0.04917	0.01015	0.00627	0.00197	0.00556	0.05265	0.00563	0.00827
2	0.02228	0.01830	0.01713	0.01368	0.01801	0.16438	0.01105	0.52499	0.05769	0.07231	0.01417	0.01419	0.01020	0.00696	0.00581	0.00174	0.00716	0.00512	0.00544	0.00940
3	0.01291	0.01229	0.02089	0.40520	0.39986	0.01360	0.01729	0.01664	0.01265	0.01723	0.01082	0.01520	0.00863	0.00559	0.00588	0.00186	0.00745	0.00526	0.00278	0.00798
4	0.50813	0.01269	0.01174	0.00975	0.01376	0.01421	0.00801	0.20505	0.04935	0.09984	0.01197	0.01239	0.00868	0.00620	0.00457	0.00182	0.00512	0.00418	0.00471	0.00784
5	0.00931	0.00836	0.01421	0.01236	0.01444	0.00786	0.17978	0.01142	0.01206	0.01630	0.02700	0.48953	0.06861	0.01394	0.00756	0.00219	0.02968	0.01301	0.00468	0.05770
6	0.08316	0.01313	0.01389	0.01187	0.01562	0.01479	0.00943	0.16839	0.48252	0.09011	0.02079	0.01935	0.01525	0.00758	0.00580	0.00193	0.00506	0.00608	0.00592	0.00932
7	0.01802	0.01123	0.01341	0.05637	0.01604	0.01176	0.00920	0.21447	0.14918	0.21996	0.02307	0.17309	0.03823	0.00975	0.00630	0.00197	0.00516	0.00822	0.00602	0.00854
8	0.58189	0.01206	0.01059	0.00902	0.01270	0.01367	0.00738	0.17316	0.01454	0.02861	0.07747	0.01376	0.01171	0.00644	0.00445	0.00182	0.00483	0.00435	0.00441	0.00712
9	0.02166	0.01608	0.01731	0.01322	0.01799	0.01750	0.01090	0.67757	0.02655	0.03582	0.01390	0.01404	0.00995	0.00688	0.00579	0.00170	0.00634	0.00518	0.00572	0.07589
10	0.00721	0.00515	0.00686	0.00823	0.00858	0.00480	0.00549	0.00823	0.01132	0.01510	0.03259	0.78831	0.03911	0.01853	0.00755	0.00240	0.00343	0.01681	0.00549	0.00480

[dist]
# distance from previous block
# <min> <max>
0	1

[block]
# block no. 6 follows, 39 sequences, length 21
# corresponding to MSA columns:
# 290-310
name=unknown_G
#
# <colnr> <probs for GDERKNQSTAVLIFYWHMCP>
#	G	D	E	R	K	N	Q	S	T	A	V	L	I	F	Y	W	H	M	C	P
0	0.02199	0.01628	0.01749	0.01338	0.01813	0.01784	0.01104	0.70118	0.02706	0.03641	0.01402	0.01411	0.01000	0.00697	0.00584	0.00173	0.00641	0.00524	0.00580	0.04909
1	0.06300	0.02940	0.71469	0.01629	0.02471	0.01371	0.02089	0.01864	0.01233	0.01921	0.01046	0.01231	0.00742	0.00561	0.00550	0.00187	0.00848	0.00430	0.00257	0.00859
2	0.09620	0.01537	0.01611	0.01254	0.01695	0.01703	0.01033	0.62210	0.02516	0.03528	0.01399	0.01429	0.01006	0.00694	0.00559	0.00175	0.00608	0.00514	0.05965	0.00942
3	0.58238	0.01120	0.01023	0.00874	0.01259	0.01228	0.00716	0.02112	0.06476	0.20101	0.01298	0.01301	0.00921	0.00611	0.00438	0.00184	0.00469	0.00411	0.00470	0.00749
4	0.01329	0.00772	0.00987	0.00867	0.01102	0.00732	0.00672	0.01752	0.09821	0.19452	0.50160	0.03612	0.04203	0.01053	0.00663	0.00187	0.00352	0.00914	0.00664	0.00704
5	0.47859	0.00912	0.00835	0.00763	0.01032	0.00996	0.00605	0.01470	0.01294	0.02532	0.32844	0.02449	0.02767	0.00833	0.00509	0.00184	0.00381	0.00643	0.00489	0.00605
6	0.01119	0.00938	0.01112	0.00865	0.01287	0.00723	0.00669	0.01348	0.01206	0.01839	0.01518	0.17623	0.01517	0.00737	0.00505	0.00120	0.00418	0.00632	0.00392	0.65433
7	0.00837	0.00604	0.00790	0.00744	0.00883	0.00558	0.00558	0.01116	0.01674	0.02371	0.75216	0.04417	0.05580	0.01209	0.00697	0.00186	0.00279	0.01069	0.00651	0.00558
8	0.01212	0.08098	0.71341	0.01641	0.02491	0.01437	0.02108	0.01866	0.01245	0.01841	0.01046	0.01229	0.00750	0.00558	0.00550	0.00183	0.00858	0.00429	0.00250	0.00866
9	0.02270	0.00922	0.01249	0.00987	0.01377	0.00803	0.00803	0.02509	0.01689	0.60394	0.17732	0.02521	0.02334	0.00833	0.00616	0.00184	0.00456	0.00695	0.00715	0.00912
10	0.01102	0.00551	0.00551	0.00551	0.00689	0.00551	0.00413	0.01378	0.01240	0.02205	0.01929	0.02205	0.01516	0.00689	0.00413	0.00138	0.00276	0.00551	0.82500	0.00551
11	0.01093	0.00552	0.00555	0.00555	0.00687	0.00552	0.00411	0.01357	0.01225	0.02162	0.01927	0.02272	0.01541	0.03864	0.00518	0.00155	0.00288	0.00564	0.79179	0.00543
12	0.00721	0.00515	0.00686	0.00823	0.00858	0.00480	0.00549	0.00823	0.01132	0.01510	0.03259	0.78831	0.03911	0.01853	0.00755	0.00240	0.00343	0.01681	0.00549	0.00480
13	0.00812	0.00586	0.00768	0.00761	0.00878	0.00542	0.00556	0.01054	0.01560	0.02189	0.60013	0.20140	0.05227	0.01345	0.00710	0.00197	0.00293	0.01199	0.00629	0.00542
14	0.00745	0.00601	0.00664	0.00648	0.00827	0.00519	0.00486	0.00939	0.01458	0.01859	0.29334	0.05262	0.51782	0.01400	0.00698	0.00195	0.00293	0.01188	0.00584	0.00519
15	0.00734	0.00524	0.00702	0.00839	0.00879	0.00492	0.00573	0.00847	0.01146	0.01525	0.03252	0.74572	0.03881	0.01840	0.00758	0.00242	0.00355	0.05804	0.00549	0.00484
16	0.02653	0.01006	0.01372	0.01052	0.01510	0.00869	0.00869	0.02882	0.01693	0.75937	0.02333	0.02013	0.01464	0.00732	0.00595	0.00183	0.00503	0.00595	0.00732	0.01006
17	0.01800	0.00996	0.01216	0.01027	0.01364	0.00996	0.00815	0.02531	0.26398	0.32704	0.20475	0.02676	0.02603	0.00874	0.00623	0.00190	0.00436	0.00738	0.00668	0.00871
18	0.01264	0.18156	0.61738	0.01553	0.02354	0.01564	0.01954	0.01853	0.01239	0.01778	0.01014	0.01189	0.00751	0.00551	0.00526	0.00175	0.00826	0.00413	0.00250	0.00851
19	0.02201	0.02037	0.01722	0.01409	0.01819	0.27440	0.01122	0.46168	0.05527	0.02894	0.01290	0.01333	0.00957	0.00680	0.00572	0.00170	0.00785	0.00487	0.00494	0.00893
20	0.01464	0.01405	0.02400	0.03630	0.75528	0.01405	0.01815	0.01815	0.01347	0.01932	0.01112	0.01464	0.00937	0.00527	0.00585	0.00176	0.00703	0.00527	0.00293	0.00937

[dist]
# distance from previous block
# <min> <max>
0	1

[block]
# block no. 7 follows, 39 sequences, length 43
# corresponding to MSA columns:
# 312-354
name=unknown_H
#
# <colnr> <probs for GDERKNQSTAVLIFYWHMCP>
#	G	D	E	R	K	N	Q	S	T	A	V	L	I	F	Y	W	H	M	C	P
0	0.07815	0.00713	0.00888	0.00794	0.01005	0.00670	0.00613	0.01448	0.01616	0.14344	0.55917	0.03773	0.05940	0.01084	0.00654	0.00186	0.00330	0.00935	0.00639	0.00636
1	0.02064	0.01051	0.01521	0.27609	0.02407	0.01074	0.01147	0.04461	0.04366	0.45264	0.01866	0.01852	0.01230	0.00685	0.00594	0.00188	0.00605	0.00572	0.00561	0.00883
2	0.02069	0.01010	0.01494	0.27585	0.02378	0.01014	0.01127	0.02356	0.01516	0.48045	0.04021	0.01932	0.01351	0.00697	0.00597	0.00188	0.00595	0.00585	0.00567	0.00872
3	0.01025	0.02179	0.50052	0.01387	0.01971	0.01065	0.01619	0.01510	0.01208	0.01747	0.01822	0.28081	0.01843	0.01008	0.00629	0.00206	0.00690	0.00867	0.00353	0.00738
4	0.01075	0.04069	0.48313	0.01344	0.01955	0.01115	0.01594	0.01609	0.01395	0.02034	0.26702	0.02337	0.02420	0.00784	0.00604	0.00185	0.00662	0.00653	0.00389	0.00762
5	0.01249	0.00910	0.01063	0.01009	0.01195	0.00948	0.00748	0.25978	0.01702	0.02277	0.02623	0.52058	0.02906	0.01457	0.00698	0.00218	0.00450	0.01284	0.00564	0.00662
6	0.01102	0.00551	0.00551	0.00551	0.00689	0.00551	0.00413	0.01378	0.01240	0.02205	0.01929	0.02205	0.01516	0.00689	0.00413	0.00138	0.00276	0.00551	0.82500	0.00551
7	0.01361	0.00921	0.01058	0.00924	0.01161	0.00950	0.00717	0.23578	0.01866	0.05033	0.27322	0.13694	0.03105	0.01043	0.00622	0.00183	0.00410	0.00888	0.14465	0.00699
8	0.00721	0.00515	0.00686	0.00823	0.00858	0.00480	0.00549	0.00823	0.01132	0.01510	0.03259	0.78831	0.03911	0.01853	0.00755	0.00240	0.00343	0.01681	0.00549	0.00480
9	0.00761	0.00546	0.00722	0.00796	0.00867	0.00507	0.00552	0.00925	0.01320	0.01808	0.28146	0.53094	0.04488	0.01630	0.00735	0.00221	0.00321	0.01470	0.00584	0.00507
10	0.30570	0.01111	0.01113	0.00940	0.01260	0.01213	0.00757	0.23004	0.01768	0.02877	0.26731	0.02294	0.02458	0.00825	0.00548	0.00182	0.00454	0.00643	0.00532	0.00721
11	0.01422	0.01483	0.02745	0.02047	0.02554	0.01487	0.48325	0.02326	0.26665	0.02095	0.01615	0.01807	0.01211	0.00604	0.00665	0.00200	0.00814	0.00688	0.00404	0.00845
12	0.00837	0.00604	0.00790	0.00744	0.00883	0.00558	0.00558	0.01116	0.01674	0.02371	0.75216	0.04417	0.05580	0.01209	0.00697	0.00186	0.00279	0.01069	0.00651	0.00558
13	0.00812	0.00553	0.00659	0.00707	0.00719	0.00541	0.00424	0.00847	0.00954	0.01272	0.02346	0.29796	0.02759	0.52460	0.02230	0.00458	0.00494	0.01144	0.00424	0.00401
14	0.01688	0.01608	0.02848	0.02074	0.02612	0.01622	0.46306	0.26665	0.01861	0.02515	0.01262	0.01526	0.00931	0.00587	0.00697	0.00194	0.03107	0.00635	0.00399	0.00865
15	0.00766	0.00602	0.00692	0.00669	0.00840	0.00528	0.00502	0.00979	0.01506	0.01973	0.39617	0.05073	0.41427	0.01357	0.00698	0.00193	0.00290	0.01161	0.00599	0.00528
16	0.00845	0.00594	0.00740	0.00710	0.00801	0.00563	0.00489	0.01027	0.01392	0.01948	0.49846	0.04228	0.04394	0.28188	0.01497	0.00320	0.00381	0.00997	0.00550	0.00489
17	0.00802	0.00592	0.00859	0.00907	0.00987	0.00650	0.00673	0.00976	0.01013	0.01420	0.02163	0.28784	0.02320	0.03542	0.50547	0.00705	0.01155	0.00996	0.00397	0.00512
18	0.01343	0.01022	0.01065	0.00978	0.01244	0.01153	0.00755	0.02532	0.49136	0.02381	0.02242	0.02206	0.01705	0.00763	0.00537	0.00179	0.00401	0.00628	0.28927	0.00803
19	0.01157	0.02192	0.50005	0.01293	0.01913	0.01089	0.01572	0.01702	0.01246	0.01988	0.01361	0.01579	0.01014	0.00606	0.00511	0.00170	0.00667	0.00476	0.28696	0.00762
20	0.02248	0.01656	0.01775	0.01361	0.01834	0.01834	0.01124	0.73556	0.02780	0.03727	0.01420	0.01420	0.01006	0.00710	0.00592	0.00177	0.00651	0.00532	0.00592	0.01006
21	0.01211	0.01009	0.01112	0.01072	0.01303	0.01128	0.00802	0.02340	0.49099	0.02140	0.02702	0.28707	0.02534	0.01166	0.00655	0.00214	0.00425	0.01019	0.00583	0.00778
22	0.00729	0.00590	0.00651	0.00694	0.00841	0.00521	0.00498	0.00907	0.03412	0.01593	0.04941	0.30885	0.48453	0.01600	0.00715	0.00214	0.00320	0.01381	0.00551	0.00505
23	0.01540	0.52538	0.02857	0.01917	0.27115	0.02017	0.01290	0.01786	0.01252	0.01578	0.00923	0.01127	0.00820	0.00513	0.00451	0.00143	0.00657	0.00389	0.00267	0.00820
24	0.01069	0.00861	0.01252	0.01677	0.26544	0.00861	0.00862	0.01190	0.01028	0.01418	0.01604	0.03038	0.01730	0.52001	0.02171	0.00436	0.00618	0.00745	0.00336	0.00558
25	0.00721	0.00515	0.00686	0.00823	0.00858	0.00480	0.00549	0.00823	0.01132	0.01510	0.03259	0.78831	0.03911	0.01853	0.00755	0.00240	0.00343	0.01681	0.00549	0.00480
26	0.01276	0.52259	0.02234	0.00869	0.01269	0.01703	0.00817	0.01452	0.01252	0.01463	0.02610	0.02589	0.26535	0.00849	0.00490	0.00152	0.00517	0.00639	0.00355	0.00669
27	0.01239	0.01127	0.01623	0.51306	0.03196	0.01368	0.01398	0.02075	0.26526	0.01844	0.01520	0.01794	0.01140	0.00664	0.00595	0.00198	0.00678	0.00575	0.00380	0.00753
28	0.02242	0.01144	0.01728	0.01944	0.27109	0.01055	0.01196	0.02513	0.01573	0.50342	0.01911	0.01823	0.01282	0.00661	0.00592	0.00180	0.00572	0.00571	0.00580	0.00982
29	0.00963	0.00878	0.01222	0.01647	0.26644	0.00813	0.00922	0.01183	0.01347	0.01713	0.04304	0.04229	0.49573	0.01162	0.00660	0.00191	0.00439	0.00999	0.00460	0.00651
30	0.01069	0.00861	0.01252	0.01677	0.26544	0.00861	0.00862	0.01190	0.01028	0.01418	0.01604	0.03038	0.01730	0.52001	0.02171	0.00436	0.00618	0.00745	0.00336	0.00558
31	0.01421	0.52415	0.02641	0.27568	0.02402	0.01985	0.01230	0.01681	0.01195	0.01433	0.00901	0.01166	0.00769	0.00535	0.00453	0.00151	0.00686	0.00389	0.00256	0.00724
32	0.54844	0.00967	0.00897	0.00837	0.01113	0.01123	0.00675	0.01502	0.00987	0.02210	0.01086	0.01432	0.00930	0.01893	0.26826	0.00448	0.00847	0.00429	0.00349	0.00602
33	0.02160	0.01022	0.01322	0.00991	0.01472	0.00841	0.00811	0.02400	0.01531	0.50340	0.01890	0.01741	0.01261	0.00630	0.00540	0.00150	0.00481	0.00510	0.00600	0.29306
34	0.01898	0.01483	0.01578	0.01290	0.01701	0.01670	0.01039	0.41834	0.35072	0.03162	0.01865	0.01774	0.01366	0.00752	0.00596	0.00188	0.00568	0.00594	0.00596	0.00974
35	0.01386	0.01195	0.01299	0.01090	0.01491	0.01235	0.00855	0.02571	0.49131	0.02285	0.01938	0.01867	0.01484	0.00676	0.00545	0.00162	0.00458	0.00559	0.00515	0.29260
36	0.01226	0.01051	0.01226	0.00876	0.01401	0.00788	0.00701	0.01489	0.01226	0.01927	0.01051	0.01226	0.00876	0.00438	0.00438	0.00088	0.00438	0.00350	0.00350	0.82832
37	0.01880	0.01179	0.01349	0.01151	0.01528	0.01263	0.00913	0.03052	0.49293	0.27882	0.02381	0.02139	0.01687	0.00778	0.00599	0.00194	0.00480	0.00643	0.00647	0.00960
38	0.01588	0.01373	0.01826	0.17979	0.02227	0.01705	0.02851	0.26400	0.01624	0.02249	0.01067	0.01405	0.00861	0.00815	0.01156	0.00216	0.32977	0.00528	0.00376	0.00776
39	0.01235	0.01217	0.01835	0.27942	0.02458	0.01632	0.03002	0.01464	0.01012	0.01464	0.00881	0.01398	0.00783	0.00870	0.01447	0.00236	0.49685	0.00524	0.00261	0.00654
40	0.00786	0.00568	0.00751	0.00813	0.00901	0.00526	0.00580	0.00964	0.01336	0.01833	0.28088	0.46974	0.04389	0.01585	0.00732	0.00220	0.00335	0.05664	0.00579	0.02375
41	0.01768	0.01282	0.01384	0.01113	0.01423	0.01398	0.00859	0.48414	0.02116	0.02835	0.01573	0.02267	0.01401	0.27862	0.01428	0.00314	0.00624	0.00646	0.00511	0.00782
42	0.00778	0.00574	0.00786	0.00827	0.00916	0.00532	0.02199	0.00954	0.01340	0.01833	0.29374	0.48435	0.06064	0.01581	0.00731	0.00219	0.00334	0.01427	0.00580	0.00516

[dist]
# distance from previous block
# <min> <max>
1	43

[block]
# block no. 8 follows, 39 sequences, length 10
# corresponding to MSA columns:
# 398-407
name=unknown_I
#
# <colnr> <probs for GDERKNQSTAVLIFYWHMCP>
#	G	D	E	R	K	N	Q	S	T	A	V	L	I	F	Y	W	H	M	C	P
0	0.16465	0.35688	0.04252	0.00913	0.01295	0.01527	0.00840	0.01627	0.01330	0.05449	0.22847	0.02034	0.02192	0.00734	0.00487	0.00159	0.00498	0.00556	0.00414	0.00693
1	0.01756	0.42193	0.02580	0.01597	0.15240	0.02019	0.01193	0.22955	0.01694	0.02180	0.01052	0.01182	0.00864	0.00570	0.00480	0.00151	0.00651	0.00419	0.00360	0.00864
2	0.25939	0.01725	0.15167	0.01230	0.01731	0.01554	0.01157	0.36705	0.01919	0.02994	0.01240	0.03876	0.00949	0.00674	0.00525	0.00183	0.00624	0.00491	0.00461	0.00856
3	0.26186	0.01505	0.01508	0.01189	0.01630	0.01684	0.00981	0.52370	0.02257	0.03410	0.01244	0.01284	0.00898	0.00662	0.00525	0.00179	0.00594	0.00470	0.00525	0.00898
4	0.02063	0.01309	0.01486	0.01194	0.01620	0.01379	0.00966	0.26123	0.25807	0.24530	0.01994	0.01842	0.01396	0.00733	0.00588	0.00182	0.00537	0.00586	0.00624	0.05040
5	0.01331	0.02198	0.37738	0.02698	0.40565	0.01390	0.01992	0.01843	0.01300	0.01904	0.01088	0.01361	0.00847	0.00544	0.00574	0.00181	0.00785	0.00484	0.00272	0.00907
