[name]
unknown

[dist]
# distance from previous block
# <min> <max>
9	740

[block]
# block no. 0 follows, 39 sequences, length 26
# corresponding to MSA columns:
# 864-889
name=unknown_A
#
# <colnr> <probs for GDERKNQSTAVLIFYWHMCP>
#	G	D	E	R	K	N	Q	S	T	A	V	L	I	F	Y	W	H	M	C	P
0	0.00960	0.00623	0.00875	0.06919	0.01159	0.00635	0.00699	0.01012	0.03512	0.01380	0.02295	0.13329	0.09661	0.01731	0.01456	0.38058	0.00495	0.14386	0.00393	0.00422
1	0.02117	0.01318	0.01448	0.01361	0.08171	0.13892	0.01000	0.05261	0.01652	0.38960	0.06010	0.02449	0.01722	0.00819	0.00612	0.00185	0.00615	0.09061	0.00578	0.02770
2	0.11438	0.01143	0.01230	0.01063	0.01391	0.01252	0.00831	0.09063	0.36265	0.14136	0.06723	0.02246	0.01811	0.07838	0.00794	0.00226	0.00487	0.00646	0.00574	0.00842
3	0.12002	0.01143	0.01340	0.01083	0.01502	0.01152	0.00880	0.09169	0.18791	0.43419	0.02088	0.01879	0.01404	0.00725	0.00569	0.00187	0.00503	0.00574	0.00645	0.00946
4	0.10634	0.00611	0.00706	0.00789	0.00881	0.00600	0.00548	0.00955	0.01124	0.01633	0.03121	0.52038	0.10823	0.08753	0.00912	0.00261	0.00382	0.04226	0.00509	0.00493
5	0.01384	0.04611	0.02334	0.13012	0.11285	0.06418	0.19447	0.01676	0.01187	0.01623	0.00976	0.01401	0.00828	0.00718	0.01097	0.00210	0.29137	0.00546	0.00278	0.01833
6	0.31414	0.01448	0.08527	0.06664	0.01965	0.01403	0.13820	0.11063	0.01403	0.09021	0.02298	0.01371	0.00913	0.00623	0.00614	0.00191	0.05608	0.00488	0.00396	0.00770
7	0.00777	0.00548	0.00713	0.00809	0.00856	0.00522	0.00553	0.00893	0.01154	0.01547	0.09480	0.52269	0.03704	0.15436	0.01154	0.00297	0.00396	0.07895	0.00524	0.00472
8	0.08603	0.01337	0.01720	0.25794	0.18709	0.10258	0.01335	0.02057	0.01396	0.21105	0.01364	0.01553	0.00982	0.00612	0.00565	0.00182	0.00701	0.00509	0.00405	0.00812
9	0.03273	0.19557	0.01860	0.01173	0.01536	0.01510	0.05231	0.23208	0.04785	0.08583	0.01735	0.16536	0.01613	0.04060	0.00706	0.00199	0.02435	0.00735	0.00477	0.00788
10	0.01137	0.00676	0.00903	0.00784	0.00976	0.00664	0.09145	0.01440	0.01259	0.02168	0.01841	0.02132	0.01442	0.00666	0.00447	0.00145	0.00362	0.00569	0.72662	0.00581
11	0.01279	0.01329	0.08464	0.13736	0.08955	0.01132	0.11182	0.01774	0.08629	0.03619	0.02208	0.05409	0.01173	0.00614	0.00562	0.00160	0.00633	0.00563	0.00363	0.28217
12	0.15490	0.22248	0.03115	0.01226	0.01541	0.06532	0.03471	0.07552	0.01260	0.04721	0.01001	0.01259	0.00852	0.00989	0.06860	0.00246	0.20149	0.00440	0.00330	0.00721
13	0.00898	0.00673	0.00794	0.00829	0.00959	0.00647	0.00592	0.09534	0.01386	0.01798	0.03752	0.50489	0.22181	0.01623	0.00721	0.00222	0.00369	0.01431	0.00554	0.00548
14	0.03598	0.01613	0.01786	0.01362	0.01841	0.06860	0.06746	0.48383	0.02276	0.03074	0.01288	0.01365	0.00949	0.00634	0.00564	0.00161	0.00665	0.00498	0.00500	0.15839
15	0.01377	0.01276	0.01990	0.01549	0.05022	0.01215	0.19824	0.05283	0.01315	0.03702	0.01098	0.01372	0.00889	0.00572	0.00760	0.00154	0.12835	0.00490	0.00342	0.38936
16	0.03227	0.05828	0.32929	0.01698	0.03980	0.06160	0.17467	0.01986	0.01355	0.10714	0.01218	0.01388	0.00882	0.00556	0.00571	0.00175	0.00806	0.00496	0.00334	0.08231
17	0.01548	0.01499	0.02670	0.01996	0.02441	0.07339	0.44159	0.01919	0.01357	0.10619	0.01298	0.01636	0.00994	0.00957	0.07807	0.00269	0.09737	0.00634	0.00348	0.00772
18	0.01378	0.01385	0.06457	0.22384	0.38952	0.01333	0.01614	0.06289	0.01375	0.01933	0.01106	0.01449	0.00884	0.00547	0.00568	0.00172	0.00700	0.00500	0.00308	0.10665
19	0.02113	0.01050	0.01464	0.01178	0.01579	0.00991	0.06592	0.02620	0.14659	0.47480	0.04206	0.05599	0.01805	0.00839	0.00627	0.00195	0.00526	0.04907	0.00653	0.00916
20	0.01924	0.26554	0.15417	0.01163	0.01681	0.01459	0.01158	0.02220	0.01422	0.32968	0.04194	0.01591	0.01230	0.00658	0.00579	0.00169	0.03780	0.00491	0.00469	0.00872
21	0.00762	0.00576	0.00704	0.00726	0.00851	0.00518	0.00524	0.00950	0.01416	0.01887	0.33441	0.27220	0.25300	0.01487	0.00715	0.00206	0.00304	0.01306	0.00591	0.00518
22	0.01131	0.01044	0.01670	0.34115	0.25894	0.01136	0.01379	0.01436	0.01239	0.01632	0.02033	0.02470	0.14490	0.06946	0.00800	0.00220	0.00655	0.00684	0.00332	0.00694
23	0.01329	0.01069	0.01496	0.16705	0.18403	0.05859	0.01165	0.01573	0.01273	0.10502	0.03108	0.20376	0.01820	0.02865	0.06430	0.00265	0.03822	0.00828	0.00410	0.00703
24	0.01055	0.00901	0.01443	0.31369	0.14787	0.00992	0.01226	0.01329	0.01252	0.01680	0.10500	0.15436	0.02169	0.01051	0.00754	0.05134	0.00599	0.07306	0.00388	0.00628
25	0.00786	0.00540	0.00684	0.00763	0.00839	0.00504	0.00528	0.00945	0.01257	0.01755	0.16348	0.51765	0.08187	0.01575	0.00700	0.00216	0.00321	0.01409	0.10375	0.00504

[dist]
# distance from previous block
# <min> <max>
0	1

[block]
# block no. 1 follows, 39 sequences, length 26
# corresponding to MSA columns:
# 891-916
name=unknown_B
#
# <colnr> <probs for GDERKNQSTAVLIFYWHMCP>
#	G	D	E	R	K	N	Q	S	T	A	V	L	I	F	Y	W	H	M	C	P
0	0.01039	0.00990	0.01028	0.01125	0.04556	0.12253	0.00770	0.01166	0.01212	0.01515	0.02677	0.51991	0.06348	0.01501	0.00832	0.00224	0.08460	0.01290	0.00470	0.00551
1	0.08608	0.05799	0.36752	0.01579	0.02251	0.01325	0.14383	0.02084	0.01350	0.18321	0.01335	0.01441	0.00925	0.00584	0.00568	0.00185	0.00767	0.00503	0.00375	0.00864
2	0.01081	0.01111	0.05013	0.01447	0.01786	0.00998	0.26238	0.01556	0.08913	0.01974	0.19861	0.16042	0.09323	0.01027	0.00692	0.00203	0.00589	0.00992	0.00478	0.00676
3	0.00983	0.00766	0.01075	0.01031	0.01113	0.00897	0.01863	0.02550	0.01032	0.01463	0.01743	0.06222	0.01790	0.15356	0.30990	0.03951	0.14321	0.10010	0.02319	0.00524
4	0.72615	0.01203	0.01214	0.01003	0.01400	0.01349	0.10202	0.01759	0.01058	0.02554	0.00872	0.01044	0.00674	0.00542	0.00410	0.00185	0.00528	0.00370	0.00357	0.00661
5	0.01383	0.08393	0.05150	0.01256	0.01625	0.08928	0.10409	0.12223	0.01489	0.01954	0.01721	0.22635	0.01740	0.03197	0.00667	0.00187	0.00624	0.00807	0.00416	0.15198
6	0.01480	0.01357	0.01352	0.01020	0.01510	0.10913	0.00810	0.10363	0.01474	0.02083	0.01078	0.01229	0.00877	0.00494	0.00469	0.00107	0.00546	0.00377	0.00374	0.62088
7	0.06532	0.01563	0.05883	0.06864	0.05348	0.01523	0.27068	0.26295	0.01847	0.09199	0.01334	0.01513	0.00958	0.00605	0.00615	0.00188	0.00772	0.00580	0.00436	0.00878
8	0.01754	0.10076	0.01654	0.01333	0.01591	0.45886	0.01041	0.01923	0.01402	0.01422	0.01059	0.01375	0.00937	0.01557	0.19196	0.00351	0.06048	0.00444	0.00299	0.00652
9	0.01027	0.00514	0.00770	0.00770	0.00770	0.00514	0.00514	0.00770	0.00770	0.01027	0.01027	0.01798	0.01027	0.02054	0.02311	0.82794	0.00514	0.00514	0.00257	0.00257
10	0.01506	0.01241	0.01332	0.01167	0.01497	0.01406	0.00915	0.13565	0.54010	0.02651	0.11828	0.02378	0.02180	0.00842	0.00613	0.00195	0.00471	0.00701	0.00607	0.00897
11	0.01925	0.01459	0.15802	0.01242	0.01682	0.01166	0.01174	0.05679	0.08109	0.35536	0.02992	0.01929	0.01363	0.00773	0.00765	0.00196	0.10771	0.02417	0.04132	0.00888
12	0.01181	0.10598	0.58740	0.01493	0.02232	0.01366	0.01851	0.01763	0.01300	0.01889	0.10784	0.01634	0.01385	0.00641	0.00561	0.00181	0.00771	0.00508	0.00303	0.00821
13	0.01546	0.08188	0.01425	0.01127	0.01457	0.01346	0.00900	0.02692	0.48516	0.11916	0.02363	0.09189	0.01926	0.00897	0.00604	0.00198	0.00479	0.03779	0.00580	0.00871
14	0.01191	0.00893	0.01046	0.00976	0.01206	0.00944	0.00759	0.02008	0.30480	0.06332	0.31289	0.07105	0.04745	0.01095	0.00667	0.00202	0.00394	0.07322	0.00620	0.00727
15	0.01327	0.01732	0.17890	0.09481	0.31452	0.01378	0.21089	0.01781	0.01316	0.01855	0.01205	0.04562	0.00993	0.00585	0.00618	0.00189	0.00811	0.00600	0.00293	0.00843
16	0.01822	0.49567	0.02512	0.01130	0.01592	0.11895	0.01023	0.09409	0.05999	0.08414	0.01130	0.01186	0.00913	0.00579	0.00455	0.00145	0.00670	0.00394	0.00359	0.00808
17	0.00753	0.00570	0.00700	0.00765	0.00877	0.00516	0.00556	0.00913	0.01305	0.01695	0.15340	0.37967	0.26289	0.01622	0.00734	0.00222	0.00338	0.07768	0.00565	0.00504
18	0.73691	0.01199	0.03536	0.00833	0.01224	0.01290	0.00714	0.01840	0.01073	0.08832	0.00960	0.01060	0.00714	0.00565	0.00392	0.00183	0.00476	0.00348	0.00393	0.00680
19	0.01226	0.01000	0.01155	0.00862	0.01323	0.00792	0.00686	0.04860	0.01348	0.03922	0.04954	0.01981	0.10882	0.00631	0.00495	0.00113	0.00425	0.00514	0.00411	0.62420
20	0.00824	0.00558	0.00655	0.00690	0.00699	0.00550	0.00407	0.00851	0.00929	0.01239	0.02219	0.22951	0.02598	0.59524	0.02436	0.00489	0.00515	0.01069	0.00407	0.00389
21	0.00838	0.00627	0.00774	0.00847	0.00940	0.00618	0.00590	0.01146	0.10808	0.01676	0.07737	0.54398	0.09845	0.01653	0.00794	0.03842	0.00359	0.01421	0.00549	0.00537
22	0.01152	0.00796	0.00898	0.00849	0.01033	0.04002	0.00630	0.01471	0.07998	0.11397	0.26154	0.16190	0.13993	0.08261	0.00889	0.00233	0.00405	0.02452	0.00582	0.00615
23	0.00792	0.00567	0.00780	0.00847	0.00919	0.00533	0.03439	0.00926	0.01150	0.01585	0.03078	0.62251	0.05960	0.04831	0.00808	0.00240	0.00370	0.01477	0.08951	0.00496
24	0.01057	0.13758	0.01154	0.00840	0.00961	0.07698	0.00595	0.01134	0.01074	0.01326	0.02038	0.26315	0.02341	0.35269	0.01657	0.00359	0.00556	0.00981	0.00395	0.00491
25	0.01895	0.13361	0.01947	0.01470	0.09287	0.01712	0.01113	0.42484	0.05580	0.02892	0.01296	0.01365	0.00982	0.00629	0.00539	0.00159	0.00617	0.00482	0.00478	0.11714

[dist]
# distance from previous block
# <min> <max>
14	68

[block]
# block no. 2 follows, 39 sequences, length 58
# corresponding to MSA columns:
# 1000-1057
name=unknown_C
#
# <colnr> <probs for GDERKNQSTAVLIFYWHMCP>
#	G	D	E	R	K	N	Q	S	T	A	V	L	I	F	Y	W	H	M	C	P
0	0.01429	0.01060	0.02880	0.12832	0.01794	0.01103	0.00996	0.06521	0.23417	0.12258	0.15308	0.02971	0.03621	0.00925	0.00639	0.00200	0.00513	0.08891	0.00557	0.02088
1	0.06160	0.10701	0.12752	0.01094	0.01575	0.01127	0.01036	0.02331	0.04010	0.40813	0.08870	0.02040	0.03433	0.00736	0.00565	0.00178	0.00545	0.00587	0.00567	0.00881
2	0.01166	0.00987	0.01162	0.00870	0.01336	0.00751	0.00683	0.01409	0.01215	0.01877	0.01316	0.10528	0.01240	0.00608	0.00476	0.00106	0.00427	0.00510	0.00374	0.72961
3	0.02038	0.01552	0.01656	0.01318	0.01754	0.01736	0.01073	0.54500	0.22178	0.03388	0.01687	0.01633	0.01222	0.00735	0.00594	0.00184	0.00601	0.00569	0.00594	0.00987
4	0.12155	0.01533	0.07134	0.01231	0.01664	0.01537	0.01058	0.45894	0.05349	0.03096	0.01574	0.10658	0.01321	0.00814	0.00578	0.00186	0.00594	0.00639	0.00528	0.02457
5	0.07349	0.38637	0.07340	0.01147	0.01624	0.15001	0.01065	0.03572	0.01404	0.16148	0.01163	0.01209	0.00894	0.00579	0.00465	0.00151	0.00689	0.00395	0.00370	0.00799
6	0.01507	0.52974	0.07811	0.01087	0.01532	0.10926	0.01043	0.01728	0.01292	0.01516	0.06668	0.07090	0.01360	0.00677	0.00463	0.00147	0.00653	0.00492	0.00311	0.00722
7	0.00699	0.00599	0.00599	0.00599	0.00799	0.00499	0.00449	0.00849	0.01348	0.01598	0.05991	0.05691	0.75288	0.01498	0.00699	0.00200	0.00300	0.01248	0.00549	0.00499
8	0.00979	0.01196	0.15735	0.04836	0.01486	0.00867	0.06347	0.01299	0.04861	0.01566	0.03578	0.12342	0.09171	0.28456	0.01484	0.00336	0.00608	0.03882	0.00395	0.00576
9	0.01420	0.10879	0.08076	0.09833	0.47881	0.01514	0.07084	0.01815	0.02567	0.01831	0.01097	0.01419	0.00900	0.00536	0.00568	0.00175	0.00733	0.00510	0.00288	0.00875
10	0.00721	0.00515	0.00686	0.00823	0.00858	0.00480	0.00549	0.00823	0.01132	0.01510	0.03259	0.78831	0.03911	0.01853	0.00755	0.00240	0.00343	0.01681	0.00549	0.00480
11	0.14448	0.01078	0.01428	0.01431	0.13913	0.01032	0.00976	0.02417	0.04620	0.44129	0.06995	0.01938	0.01553	0.00706	0.00566	0.00183	0.00513	0.00578	0.00591	0.00905
12	0.01167	0.02519	0.56094	0.01666	0.02396	0.01274	0.10503	0.01770	0.01307	0.01905	0.06849	0.01937	0.01332	0.00684	0.00608	0.00195	0.00819	0.05851	0.00308	0.00816
13	0.16128	0.12874	0.01548	0.01000	0.01449	0.01168	0.00852	0.02521	0.01503	0.52322	0.01850	0.01675	0.01219	0.00667	0.00524	0.00174	0.00515	0.00506	0.00598	0.00907
14	0.02209	0.02819	0.01676	0.01524	0.01828	0.76843	0.01143	0.02361	0.01676	0.01447	0.00914	0.01066	0.00762	0.00609	0.00533	0.00152	0.01066	0.00381	0.00305	0.00686
15	0.01972	0.00958	0.01267	0.01092	0.04482	0.00887	0.00834	0.09331	0.01781	0.41647	0.25893	0.02712	0.02734	0.00876	0.00627	0.00183	0.00454	0.00740	0.00673	0.00858
16	0.00985	0.00572	0.00663	0.00670	0.00772	0.00594	0.00484	0.01191	0.01106	0.01805	0.01906	0.06270	0.01732	0.14872	0.18005	0.00399	0.00623	0.00677	0.46165	0.00510
17	0.01027	0.00514	0.00770	0.00770	0.00770	0.00514	0.00514	0.00770	0.00770	0.01027	0.01027	0.01798	0.01027	0.02054	0.02311	0.82794	0.00514	0.00514	0.00257	0.00257
18	0.02176	0.03952	0.01537	0.01181	0.01611	0.01361	0.00966	0.23181	0.21973	0.32505	0.02040	0.01860	0.01402	0.00737	0.00588	0.00184	0.00540	0.00588	0.00640	0.00978
19	0.01490	0.04279	0.01231	0.00900	0.01317	0.00832	0.00720	0.01756	0.02834	0.18496	0.05259	0.09407	0.01590	0.00707	0.00517	0.00136	0.00436	0.00589	0.04660	0.42845
20	0.07803	0.05331	0.32077	0.01611	0.03315	0.01303	0.15836	0.02128	0.01376	0.21478	0.01397	0.01488	0.00962	0.00590	0.00575	0.00185	0.00756	0.00518	0.00396	0.00872
21	0.06606	0.32276	0.20129	0.01403	0.01985	0.01687	0.13459	0.01910	0.01302	0.09660	0.03648	0.01362	0.01013	0.00569	0.00510	0.00165	0.00715	0.00465	0.00332	0.00805
22	0.00741	0.00523	0.00680	0.00797	0.00827	0.00494	0.00521	0.00829	0.01092	0.01456	0.03055	0.67846	0.03653	0.13190	0.01085	0.00289	0.00377	0.01561	0.00521	0.00462
23	0.01183	0.12764	0.01587	0.10583	0.07410	0.01154	0.04621	0.09902	0.01359	0.01788	0.02042	0.33701	0.02210	0.06047	0.00784	0.00224	0.00554	0.01005	0.00430	0.00651
24	0.01172	0.00742	0.00952	0.01192	0.15314	0.00744	0.00714	0.03183	0.01290	0.02136	0.01858	0.07845	0.01572	0.00746	0.00477	0.00154	0.00373	0.00632	0.58273	0.00632
25	0.00919	0.00662	0.00911	0.01040	0.01170	0.00653	0.00891	0.01170	0.01340	0.01738	0.03288	0.13106	0.07114	0.01646	0.00805	0.00266	0.00514	0.61684	0.00545	0.00536
26	0.09187	0.13172	0.33470	0.02973	0.02043	0.01537	0.01495	0.16281	0.01578	0.11116	0.01229	0.01312	0.00878	0.00603	0.00528	0.00176	0.00711	0.00449	0.00387	0.00874
27	0.02958	0.02332	0.40017	0.01471	0.03598	0.12623	0.01569	0.01992	0.08695	0.04112	0.10095	0.01717	0.01464	0.00669	0.00570	0.00179	0.00750	0.00528	0.00363	0.04296
28	0.07432	0.40546	0.06217	0.08380	0.01998	0.01917	0.09797	0.08413	0.01352	0.03389	0.00985	0.01185	0.00808	0.00570	0.00552	0.00162	0.04787	0.00424	0.00309	0.00773
29	0.01408	0.01166	0.01238	0.01116	0.01434	0.01313	0.00867	0.02815	0.61500	0.05032	0.04390	0.02664	0.10681	0.00892	0.00615	0.00200	0.00445	0.00744	0.00601	0.00878
30	0.00860	0.00573	0.00645	0.00645	0.00645	0.00573	0.00358	0.00860	0.00860	0.01147	0.01863	0.03870	0.02150	0.79217	0.03010	0.00573	0.00573	0.00860	0.00358	0.00358
31	0.00993	0.03168	0.01059	0.01153	0.09936	0.04032	0.00751	0.01364	0.11115	0.01742	0.05749	0.21949	0.32146	0.01299	0.00669	0.00202	0.00423	0.01119	0.00509	0.00623
32	0.01482	0.10535	0.02013	0.40389	0.19406	0.01390	0.01489	0.01817	0.01298	0.12812	0.01231	0.01542	0.00920	0.00588	0.00565	0.00182	0.00707	0.00511	0.00339	0.00785
33	0.02067	0.01741	0.01552	0.01312	0.01677	0.22898	0.01036	0.17518	0.21446	0.16769	0.01693	0.01641	0.01231	0.00724	0.00635	0.00181	0.03932	0.00537	0.00526	0.00881
34	0.00851	0.00614	0.00810	0.00785	0.00924	0.00573	0.00605	0.01129	0.01637	0.02299	0.66576	0.04688	0.05319	0.01260	0.00712	0.00196	0.00311	0.09517	0.00638	0.00556
35	0.01226	0.08524	0.57849	0.01531	0.02290	0.01399	0.01873	0.01796	0.01225	0.01820	0.01027	0.01225	0.00766	0.00567	0.00603	0.00174	0.04742	0.00422	0.00262	0.10677
36	0.00826	0.00649	0.00800	0.04598	0.01085	0.00644	0.00629	0.01140	0.09967	0.01643	0.03600	0.51103	0.17905	0.01593	0.00717	0.00225	0.00371	0.01416	0.00541	0.00547
37	0.00721	0.00515	0.00686	0.00823	0.00858	0.00480	0.00549	0.00823	0.01132	0.01510	0.03259	0.78831	0.03911	0.01853	0.00755	0.00240	0.00343	0.01681	0.00549	0.00480
38	0.83394	0.01144	0.00869	0.00778	0.01144	0.01327	0.00640	0.01738	0.01006	0.02653	0.00823	0.00961	0.00640	0.00549	0.00366	0.00183	0.00457	0.00320	0.00366	0.00640
39	0.03786	0.01508	0.15968	0.01225	0.01741	0.01155	0.01161	0.11006	0.10030	0.41269	0.01974	0.01908	0.01340	0.00723	0.00590	0.00187	0.00589	0.02291	0.00594	0.00954
40	0.00795	0.00601	0.00734	0.00705	0.00859	0.00540	0.00527	0.01034	0.01570	0.02135	0.54125	0.06320	0.25282	0.01304	0.00699	0.00191	0.00286	0.01133	0.00620	0.00540
41	0.06687	0.01431	0.01903	0.21736	0.11175	0.10351	0.11798	0.06715	0.04989	0.01944	0.01187	0.03064	0.00953	0.00592	0.00566	0.00172	0.00734	0.00526	0.00342	0.13136
42	0.44219	0.01592	0.01309	0.01196	0.05082	0.16148	0.00906	0.17532	0.01554	0.04123	0.01016	0.01128	0.00775	0.00598	0.00463	0.00175	0.00631	0.00394	0.00407	0.00751
43	0.00847	0.00586	0.00730	0.00739	0.00770	0.00612	0.00473	0.00911	0.00902	0.01231	0.01876	0.08188	0.02080	0.54090	0.22856	0.00654	0.00832	0.00851	0.00359	0.00412
44	0.02164	0.04799	0.01788	0.02700	0.01839	0.13037	0.01119	0.57319	0.02491	0.03210	0.01354	0.03008	0.01018	0.00709	0.00578	0.00173	0.00708	0.00526	0.00529	0.00931
45	0.01459	0.01271	0.05472	0.17975	0.02243	0.03410	0.10147	0.07303	0.10172	0.10615	0.01791	0.07216	0.04901	0.00822	0.00726	0.03186	0.03775	0.00667	0.00428	0.06419
46	0.01622	0.13248	0.10625	0.01122	0.01656	0.01328	0.01040	0.15618	0.01565	0.09877	0.01215	0.01308	0.00927	0.00561	0.00528	0.00137	0.02539	0.00420	0.00408	0.34255
47	0.01396	0.01595	0.03490	0.02493	0.03091	0.01496	0.73380	0.01894	0.01396	0.01894	0.01196	0.01595	0.00897	0.00499	0.00698	0.00199	0.00997	0.00698	0.00299	0.00798
48	0.00731	0.00528	0.00714	0.02776	0.00939	0.00501	0.00577	0.00841	0.01134	0.01510	0.03203	0.76871	0.03832	0.01821	0.00751	0.00239	0.00354	0.01652	0.00542	0.00485
49	0.01323	0.00990	0.01276	0.06546	0.07156	0.01056	0.01028	0.05605	0.21568	0.07623	0.04095	0.04966	0.05457	0.01123	0.00688	0.00223	0.00536	0.27454	0.00541	0.00745
50	0.01855	0.01007	0.01265	0.01107	0.03756	0.00992	0.00848	0.04369	0.20492	0.34695	0.20088	0.02617	0.02528	0.00859	0.00621	0.00188	0.00450	0.00726	0.00661	0.00876
51	0.00721	0.00515	0.00686	0.00823	0.00858	0.00480	0.00549	0.00823	0.01132	0.01510	0.03259	0.78831	0.03911	0.01853	0.00755	0.00240	0.00343	0.01681	0.00549	0.00480
52	0.01476	0.01366	0.02244	0.03257	0.64359	0.01387	0.01682	0.07139	0.01424	0.02024	0.01171	0.01525	0.00983	0.00837	0.06364	0.00234	0.00765	0.00535	0.00317	0.00911
53	0.01378	0.02537	0.56023	0.07520	0.08022	0.01311	0.01958	0.01962	0.01304	0.10727	0.01217	0.01381	0.00852	0.00582	0.00570	0.00187	0.00810	0.00469	0.00312	0.00878
54	0.01464	0.01405	0.02400	0.03630	0.75528	0.01405	0.01815	0.01815	0.01347	0.01932	0.01112	0.01464	0.00937	0.00527	0.00585	0.00176	0.00703	0.00527	0.00293	0.00937
55	0.02512	0.01038	0.01368	0.01070	0.01513	0.00941	0.00877	0.02913	0.10414	0.67132	0.02342	0.02036	0.01505	0.00740	0.00596	0.00185	0.00499	0.00604	0.00716	0.00998
56	0.00937	0.00777	0.01029	0.01210	0.13049	0.00742	0.00758	0.01282	0.06947	0.02018	0.32148	0.09059	0.25383	0.01197	0.00676	0.00193	0.00372	0.01045	0.00552	0.00625
57	0.01323	0.02105	0.28797	0.02211	0.02906	0.01453	0.48584	0.01887	0.01345	0.01887	0.01149	0.01474	0.00846	0.00521	0.00651	0.00195	0.00954	0.00607	0.00282	0.00824

[dist]
# distance from previous block
# <min> <max>
0	1

[block]
# block no. 3 follows, 39 sequences, length 33
# corresponding to MSA columns:
# 1059-1091
name=unknown_D
#
# <colnr> <probs for GDERKNQSTAVLIFYWHMCP>
#	G	D	E	R	K	N	Q	S	T	A	V	L	I	F	Y	W	H	M	C	P
0	0.01367	0.00719	0.00956	0.00835	0.01062	0.00647	0.00645	0.01621	0.01649	0.23899	0.50468	0.05848	0.04264	0.02470	0.00710	0.00194	0.00352	0.00944	0.00667	0.00684
1	0.00995	0.00525	0.00746	0.00746	0.00746	0.00525	0.00484	0.00788	0.00788	0.01050	0.01188	0.02196	0.01243	0.16888	0.02446	0.66988	0.00525	0.00580	0.00276	0.00276
2	0.45318	0.32405	0.01810	0.00922	0.01339	0.06925	0.00823	0.01794	0.01130	0.02069	0.00829	0.00963	0.00696	0.00536	0.00383	0.00158	0.00569	0.00323	0.00317	0.00691
3	0.01358	0.05784	0.05820	0.02420	0.01525	0.03062	0.00966	0.13720	0.09960	0.02189	0.04363	0.07701	0.02884	0.00921	0.00602	0.00180	0.00545	0.15100	0.00471	0.20429
4	0.01009	0.00811	0.00988	0.00826	0.01138	0.00658	0.00628	0.01244	0.01340	0.01975	0.23534	0.17781	0.02884	0.00952	0.00579	0.00148	0.00372	0.00832	0.00480	0.41822
5	0.02000	0.01492	0.01615	0.01259	0.01693	0.01616	0.01024	0.57892	0.05917	0.03333	0.03081	0.04337	0.01267	0.03068	0.00659	0.00185	0.00603	0.00586	0.00565	0.07806
6	0.04213	0.01139	0.01446	0.04444	0.01589	0.07717	0.08486	0.11330	0.01414	0.01931	0.05941	0.02489	0.01655	0.03832	0.25249	0.00450	0.05338	0.08052	0.02636	0.00652
7	0.00981	0.00546	0.00797	0.00837	0.00867	0.00542	0.00602	0.00863	0.00922	0.01221	0.01666	0.10817	0.01787	0.01952	0.01861	0.58269	0.00502	0.14291	0.00343	0.00336
8	0.01476	0.01554	0.01951	0.33190	0.20998	0.17185	0.04927	0.01925	0.07757	0.01704	0.01163	0.01498	0.00914	0.00593	0.00584	0.00183	0.00807	0.00516	0.00310	0.00763
9	0.08460	0.03898	0.48660	0.01536	0.02234	0.08293	0.03873	0.08753	0.01438	0.04215	0.02672	0.01318	0.00893	0.00595	0.00550	0.00182	0.00811	0.00455	0.00321	0.00842
10	0.01430	0.01185	0.01518	0.01298	0.01474	0.01467	0.01062	0.22738	0.01477	0.02091	0.01232	0.01669	0.01075	0.02052	0.26091	0.00461	0.30029	0.00560	0.00377	0.00715
11	0.01217	0.08015	0.01790	0.01395	0.01490	0.01570	0.05029	0.01384	0.01062	0.01554	0.08851	0.09742	0.01613	0.01064	0.01482	0.00234	0.50847	0.00690	0.00332	0.00638
12	0.00724	0.00597	0.00636	0.00633	0.00816	0.00509	0.00472	0.00894	0.01396	0.01729	0.17940	0.08437	0.60247	0.01462	0.00701	0.00199	0.00298	0.01235	0.00567	0.00509
13	0.01251	0.00819	0.00989	0.00871	0.01107	0.00799	0.00676	0.09072	0.07787	0.11844	0.42052	0.05669	0.12453	0.01112	0.00667	0.00189	0.00367	0.00956	0.00636	0.00685
14	0.02104	0.01728	0.02070	0.01577	0.02056	0.09581	0.15001	0.48091	0.02333	0.07446	0.01378	0.01452	0.00987	0.00660	0.00606	0.00179	0.00752	0.00552	0.00514	0.00932
15	0.00721	0.00515	0.00686	0.00823	0.00858	0.00480	0.00549	0.00823	0.01132	0.01510	0.03259	0.78831	0.03911	0.01853	0.00755	0.00240	0.00343	0.01681	0.00549	0.00480
16	0.74794	0.01344	0.08745	0.00873	0.01292	0.01332	0.00802	0.01752	0.01032	0.02572	0.00848	0.00991	0.00652	0.00550	0.00386	0.00183	0.00501	0.00332	0.00354	0.00665
17	0.01138	0.00936	0.01489	0.44959	0.02813	0.01106	0.05516	0.01487	0.01200	0.01750	0.01326	0.01764	0.01026	0.00639	0.00607	0.00181	0.04440	0.00544	0.26448	0.00631
18	0.00711	0.00600	0.00616	0.00612	0.00806	0.00504	0.00459	0.00872	0.01377	0.01665	0.12056	0.05580	0.69180	0.01472	0.00699	0.00198	0.00298	0.01232	0.00558	0.00504
19	0.02267	0.01155	0.01291	0.01050	0.01434	0.08824	0.00843	0.02621	0.08018	0.50986	0.05106	0.02049	0.01593	0.00740	0.00574	0.00177	0.00526	0.00594	0.09252	0.00901
20	0.00999	0.00921	0.01583	0.01346	0.01590	0.00888	0.22226	0.01388	0.08978	0.01731	0.02719	0.43410	0.07054	0.01318	0.00718	0.00221	0.00548	0.01256	0.00480	0.00624
21	0.10923	0.01201	0.01419	0.01111	0.01555	0.01198	0.00914	0.20606	0.06483	0.45424	0.01949	0.01765	0.01284	0.00712	0.00570	0.00183	0.00533	0.00555	0.00650	0.00964
22	0.00774	0.00537	0.00671	0.00755	0.00777	0.00516	0.00476	0.00837	0.01029	0.01371	0.02727	0.50269	0.03240	0.31330	0.01614	0.00367	0.00431	0.01368	0.00476	0.00434
23	0.02123	0.02188	0.01730	0.01565	0.06208	0.38962	0.01160	0.28615	0.07611	0.02394	0.01226	0.01307	0.00942	0.00656	0.00563	0.00167	0.00846	0.00467	0.00432	0.00838
24	0.01529	0.02740	0.52240	0.01566	0.02270	0.15809	0.01809	0.02055	0.01387	0.09574	0.02888	0.01367	0.00939	0.00604	0.00563	0.00180	0.00858	0.00457	0.00320	0.00844
25	0.03209	0.01896	0.09621	0.01459	0.01950	0.10256	0.05424	0.47454	0.07750	0.03057	0.01377	0.01424	0.00999	0.00675	0.00585	0.00179	0.00725	0.00522	0.00504	0.00933
26	0.01220	0.07330	0.64121	0.01632	0.02394	0.01476	0.02023	0.01820	0.01210	0.01798	0.01018	0.01236	0.00753	0.00608	0.00695	0.00191	0.08942	0.00438	0.00251	0.00844
27	0.00716	0.00534	0.00666	0.00773	0.00844	0.00485	0.00526	0.00829	0.01181	0.01530	0.03878	0.62258	0.20085	0.01772	0.00742	0.00231	0.00333	0.01583	0.00549	0.00485
28	0.15840	0.02296	0.45538	0.01632	0.05566	0.01330	0.09019	0.01822	0.03216	0.02012	0.01200	0.05787	0.00966	0.00633	0.00554	0.00191	0.00763	0.00526	0.00304	0.00806
29	0.01634	0.06426	0.07268	0.02253	0.13298	0.17282	0.35688	0.02019	0.01441	0.05294	0.01149	0.01426	0.00885	0.00541	0.00615	0.00180	0.00916	0.00563	0.00314	0.00807
30	0.00721	0.00515	0.00686	0.00823	0.00858	0.00480	0.00549	0.00823	0.01132	0.01510	0.03259	0.78831	0.03911	0.01853	0.00755	0.00240	0.00343	0.01681	0.00549	0.00480
31	0.03718	0.49598	0.02456	0.01048	0.01538	0.06519	0.00962	0.09284	0.01396	0.01775	0.00935	0.01059	0.00804	0.00522	0.00422	0.00127	0.00619	0.00350	0.00313	0.16555
32	0.00718	0.00524	0.00677	0.00800	0.00852	0.00482	0.00539	0.00826	0.01155	0.01519	0.03546	0.71157	0.11400	0.01815	0.00749	0.00236	0.00339	0.01636	0.00549	0.00482

[dist]
# distance from previous block
# <min> <max>
0	1

[block]
# block no. 4 follows, 39 sequences, length 9
# corresponding to MSA columns:
# 1093-1101
name=unknown_E
#
# <colnr> <probs for GDERKNQSTAVLIFYWHMCP>
#	G	D	E	R	K	N	Q	S	T	A	V	L	I	F	Y	W	H	M	C	P
0	0.02102	0.01619	0.01668	0.01285	0.01755	0.06790	0.01050	0.54894	0.02424	0.05970	0.01362	0.01388	0.00986	0.00662	0.00564	0.00162	0.00641	0.00496	0.00540	0.13643
1	0.00743	0.00593	0.00673	0.00725	0.00878	0.00523	0.00550	0.00901	0.01302	0.01604	0.04935	0.22273	0.48133	0.01598	0.00730	0.00220	0.00347	0.12221	0.00548	0.00502
2	0.01581	0.79572	0.03099	0.01012	0.01518	0.02340	0.01012	0.01771	0.01202	0.01391	0.00822	0.00949	0.00759	0.00506	0.00379	0.00126	0.00632	0.00316	0.00253	0.00759
3	0.01579	0.01201	0.01293	0.01120	0.01466	0.01321	0.00883	0.13525	0.45509	0.09278	0.02804	0.02608	0.13020	0.00889	0.00615	0.00195	0.00473	0.00731	0.00604	0.00886
4	0.00804	0.00584	0.00758	0.00755	0.00874	0.00538	0.00551	0.01037	0.01536	0.02140	0.55624	0.21197	0.08656	0.01368	0.00710	0.00199	0.00294	0.01216	0.00623	0.00538
5	0.02126	0.01655	0.20114	0.01271	0.01824	0.01208	0.01245	0.18976	0.01834	0.37955	0.04501	0.01773	0.01331	0.00702	0.00590	0.00183	0.00622	0.00558	0.00576	0.00957
6	0.12397	0.01217	0.01403	0.12939	0.01859	0.01321	0.00987	0.30182	0.01885	0.13366	0.04368	0.02089	0.08252	0.04326	0.00686	0.00202	0.00576	0.00614	0.00519	0.00812
7	0.00714	0.00539	0.00661	0.00760	0.00841	0.00486	0.00521	0.00831	0.01194	0.01535	0.04036	0.58031	0.24210	0.01752	0.00739	0.00229	0.00331	0.01558	0.00549	0.00486
8	0.10545	0.01674	0.01610	0.01285	0.01717	0.11400	0.01044	0.46859	0.05820	0.10118	0.01428	0.01421	0.01019	0.00687	0.00562	0.00176	0.00662	0.00504	0.00545	0.00924

[dist]
# distance from previous block
# <min> <max>
2	4

[block]
# block no. 5 follows, 39 sequences, length 6
# corresponding to MSA columns:
# 1106-1111
name=unknown_F
#
# <colnr> <probs for GDERKNQSTAVLIFYWHMCP>
#	G	D	E	R	K	N	Q	S	T	A	V	L	I	F	Y	W	H	M	C	P
0	0.16315	0.02578	0.45372	0.01544	0.02213	0.14048	0.06224	0.01932	0.01286	0.01945	0.01002	0.01188	0.00741	0.00563	0.00530	0.00181	0.00838	0.00423	0.00283	0.00795
1	0.00999	0.00524	0.00749	0.00749	0.00749	0.00524	0.00488	0.00785	0.00785	0.01047	0.01168	0.02146	0.01216	0.15014	0.02429	0.68985	0.00524	0.00572	0.00274	0.00274
2	0.01653	0.01381	0.01493	0.01436	0.07961	0.04996	0.01038	0.10482	0.53067	0.06594	0.02116	0.01994	0.01577	0.00756	0.00596	0.00193	0.00538	0.00624	0.00567	0.00936
3	0.01374	0.07953	0.01869	0.01282	0.01754	0.01178	0.15880	0.11567	0.01484	0.02103	0.04085	0.08559	0.01343	0.00653	0.00547	0.00144	0.00586	0.00594	0.00394	0.36651
4	0.32044	0.01336	0.04495	0.04837	0.01597	0.01413	0.00938	0.20418	0.13893	0.06826	0.05619	0.01587	0.01271	0.00683	0.00515	0.00186	0.00535	0.00506	0.00490	0.00810
5	0.01396	0.01595	0.03490	0.02493	0.03091	0.01496	0.73380	0.01894	0.01396	0.01894	0.01196	0.01595	0.00897	0.00499	0.00698	0.00199	0.00997	0.00698	0.00299	0.00798

[dist]
# distance from previous block
# <min> <max>
0	226

# created by:
# /software/SequenceAnalysis/GenePrediction/augustus/3.0.1/scripts/msa2prfl.pl ./fixed/BUSCOvEOG74J3XT.fas
