[name]
unknown

[dist]
# distance from previous block
# <min> <max>
5	63

[block]
# block no. 0 follows, 37 sequences, length 13
# corresponding to MSA columns:
# 69-81
name=unknown_A
#
# <colnr> <probs for GDERKNQSTAVLIFYWHMCP>
#	G	D	E	R	K	N	Q	S	T	A	V	L	I	F	Y	W	H	M	C	P
0	0.01784	0.57252	0.10669	0.01130	0.01686	0.02051	0.01153	0.02043	0.01337	0.14222	0.01148	0.01206	0.00911	0.00570	0.00452	0.00148	0.00658	0.00391	0.00347	0.00843
1	0.00767	0.00549	0.00729	0.00838	0.00892	0.00511	0.00570	0.00905	0.01269	0.01717	0.15639	0.65383	0.04347	0.01803	0.00771	0.00239	0.00344	0.01631	0.00586	0.00511
2	0.01563	0.01258	0.02009	0.05409	0.47361	0.01257	0.01502	0.06079	0.01481	0.10258	0.01679	0.14261	0.01540	0.00810	0.00637	0.00195	0.00642	0.00751	0.00416	0.00894
3	0.01558	0.05915	0.02049	0.02648	0.45876	0.01311	0.01420	0.01910	0.05198	0.10095	0.01476	0.02001	0.01276	0.13491	0.01011	0.00249	0.00664	0.00605	0.00380	0.00867
4	0.01346	0.01358	0.01980	0.01666	0.01703	0.01855	0.05623	0.01503	0.00968	0.01503	0.00830	0.01358	0.00811	0.01038	0.01931	0.00264	0.72768	0.00547	0.00270	0.00679
5	0.69483	0.01272	0.01055	0.00905	0.01302	0.01460	0.00746	0.13529	0.01346	0.02930	0.00955	0.01073	0.00726	0.00596	0.00417	0.00188	0.00507	0.00368	0.00417	0.00726
6	0.03608	0.18325	0.01781	0.01162	0.02932	0.11233	0.00948	0.03752	0.08023	0.28855	0.09233	0.01950	0.01696	0.00738	0.00559	0.00173	0.00599	0.00571	0.02998	0.00864
7	0.01679	0.01226	0.01348	0.01185	0.01541	0.01358	0.00929	0.03067	0.57119	0.14540	0.04867	0.02437	0.04227	0.00854	0.00628	0.00204	0.00479	0.00711	0.00645	0.00954
8	0.00870	0.00620	0.00793	0.00753	0.00874	0.00580	0.00543	0.01111	0.01593	0.02245	0.62353	0.04479	0.05188	0.14042	0.01118	0.00259	0.00339	0.01071	0.00624	0.00543
9	0.00753	0.00536	0.00708	0.00843	0.00877	0.00502	0.00559	0.00854	0.01158	0.01544	0.03303	0.74438	0.03959	0.05690	0.00896	0.00266	0.00367	0.01698	0.00559	0.00491
10	0.01443	0.01258	0.01484	0.01593	0.14103	0.03113	0.01057	0.06264	0.40910	0.02455	0.14212	0.02598	0.05100	0.00869	0.00638	0.00198	0.00512	0.00744	0.00566	0.00884
11	0.02287	0.01243	0.01760	0.01776	0.18176	0.01192	0.03036	0.14157	0.01827	0.41985	0.01979	0.04786	0.01396	0.00744	0.00622	0.00189	0.00600	0.00635	0.00612	0.00999
12	0.00746	0.00533	0.00710	0.00852	0.00888	0.00497	0.00568	0.00852	0.01172	0.01563	0.03374	0.78088	0.04049	0.01918	0.00781	0.00249	0.00355	0.01740	0.00568	0.00497

[dist]
# distance from previous block
# <min> <max>
1	5

[block]
# block no. 1 follows, 37 sequences, length 8
# corresponding to MSA columns:
# 87-94
name=unknown_B
#
# <colnr> <probs for GDERKNQSTAVLIFYWHMCP>
#	G	D	E	R	K	N	Q	S	T	A	V	L	I	F	Y	W	H	M	C	P
0	0.00734	0.00579	0.00662	0.00729	0.00855	0.00508	0.00514	0.00866	0.01290	0.01611	0.04873	0.39801	0.41367	0.01723	0.00751	0.00226	0.00331	0.01502	0.00568	0.00508
1	0.01340	0.00685	0.00916	0.00912	0.01074	0.00620	0.00655	0.01480	0.01327	0.23117	0.03016	0.51871	0.03209	0.05625	0.00856	0.00249	0.00416	0.01365	0.00613	0.00650
2	0.01443	0.01347	0.02128	0.02921	0.53187	0.01267	0.01540	0.01780	0.01357	0.01998	0.01133	0.01443	0.00951	0.00518	0.00561	0.00155	0.00647	0.00492	0.00321	0.24811
3	0.01430	0.01135	0.01900	0.02264	0.31960	0.01089	0.09350	0.01760	0.01532	0.11199	0.22909	0.06471	0.02603	0.00847	0.00664	0.00192	0.00588	0.00801	0.00483	0.00823
4	0.01753	0.01531	0.02295	0.03068	0.53318	0.01585	0.01669	0.22637	0.01829	0.02545	0.01245	0.01502	0.00991	0.00601	0.00608	0.00182	0.00711	0.00547	0.00394	0.00991
5	0.75859	0.01176	0.00979	0.07293	0.01442	0.01372	0.00751	0.01779	0.01057	0.02646	0.00872	0.01049	0.00676	0.00572	0.00399	0.00191	0.00503	0.00350	0.00370	0.00664
6	0.01492	0.06375	0.23908	0.01856	0.02353	0.12899	0.19371	0.01898	0.01306	0.01734	0.01023	0.01349	0.00823	0.00692	0.00961	0.00207	0.20156	0.00525	0.00282	0.00790
7	0.01617	0.01802	0.01834	0.01598	0.01691	0.23632	0.01293	0.01758	0.01171	0.01480	0.00845	0.01270	0.00799	0.00942	0.01581	0.00236	0.54991	0.00494	0.00282	0.00681

[dist]
# distance from previous block
# <min> <max>
0	1

[block]
# block no. 2 follows, 37 sequences, length 22
# corresponding to MSA columns:
# 96-117
name=unknown_C
#
# <colnr> <probs for GDERKNQSTAVLIFYWHMCP>
#	G	D	E	R	K	N	Q	S	T	A	V	L	I	F	Y	W	H	M	C	P
0	0.07906	0.01216	0.01922	0.01436	0.01938	0.01114	0.18055	0.04514	0.01660	0.50694	0.02000	0.01889	0.01304	0.00686	0.00625	0.00193	0.00644	0.00620	0.00620	0.00964
1	0.01438	0.07572	0.40384	0.01451	0.02099	0.01453	0.01627	0.18713	0.01666	0.02310	0.01762	0.08546	0.06731	0.00808	0.00605	0.00193	0.00738	0.00647	0.00395	0.00863
2	0.00917	0.00823	0.01397	0.01218	0.01433	0.00758	0.17794	0.01143	0.01316	0.01733	0.08011	0.41486	0.16549	0.01469	0.00753	0.00227	0.00505	0.01371	0.00513	0.00585
3	0.01542	0.01444	0.02474	0.03444	0.62725	0.01469	0.06117	0.01895	0.01378	0.04537	0.01177	0.01531	0.00975	0.00587	0.00710	0.00189	0.05987	0.00558	0.00317	0.00943
4	0.01335	0.01159	0.01336	0.01034	0.01495	0.01054	0.00824	0.01947	0.18592	0.02096	0.01406	0.01517	0.01131	0.00584	0.00595	0.00130	0.05469	0.00453	0.00419	0.57423
5	0.00913	0.00801	0.01406	0.01267	0.01442	0.00749	0.17813	0.01118	0.01237	0.01658	0.02862	0.59750	0.03300	0.01581	0.00767	0.00238	0.00518	0.01496	0.00506	0.00576
6	0.02392	0.01053	0.01384	0.01045	0.01536	0.00880	0.00858	0.02637	0.01636	0.57556	0.02097	0.01888	0.01369	0.00685	0.00577	0.00166	0.00505	0.00555	0.00663	0.20520
7	0.01875	0.01865	0.09872	0.01973	0.02536	0.13717	0.36530	0.02284	0.01551	0.19427	0.01458	0.01629	0.01031	0.00599	0.00655	0.00193	0.00909	0.00616	0.00413	0.00866
8	0.01909	0.01535	0.01744	0.01420	0.01760	0.01808	0.01162	0.39987	0.18277	0.02995	0.01539	0.01621	0.01170	0.00837	0.00950	0.00209	0.19031	0.00579	0.00532	0.00936
9	0.01339	0.01339	0.01875	0.01607	0.01607	0.01875	0.01339	0.01473	0.00937	0.01473	0.00804	0.01339	0.00804	0.01071	0.02009	0.00268	0.77367	0.00536	0.00268	0.00670
10	0.02746	0.01042	0.01421	0.01089	0.01563	0.00900	0.00900	0.02983	0.01752	0.75093	0.02415	0.02083	0.01515	0.00758	0.00616	0.00189	0.00521	0.00616	0.00758	0.01042
11	0.01622	0.01644	0.01973	0.01617	0.02024	0.13059	0.18150	0.02818	0.45145	0.02252	0.01952	0.01949	0.01476	0.00724	0.00636	0.00200	0.00712	0.00653	0.00500	0.00894
12	0.01402	0.01352	0.02171	0.02960	0.50522	0.01471	0.01623	0.01692	0.01284	0.01842	0.01521	0.01865	0.07513	0.00762	0.00953	0.00205	0.19077	0.00610	0.00318	0.00857
13	0.01339	0.01339	0.01875	0.01607	0.01607	0.01875	0.01339	0.01473	0.00937	0.01473	0.00804	0.01339	0.00804	0.01071	0.02009	0.00268	0.77367	0.00536	0.00268	0.00670
14	0.01429	0.01367	0.02329	0.21333	0.57766	0.01432	0.01836	0.01803	0.01353	0.01895	0.01136	0.01543	0.00933	0.00561	0.00607	0.00187	0.00749	0.00545	0.00296	0.00900
15	0.00914	0.00868	0.01362	0.01109	0.01407	0.00772	0.17748	0.01172	0.01449	0.01826	0.13425	0.04711	0.48312	0.01265	0.00723	0.00205	0.00481	0.01132	0.00519	0.00598
16	0.01443	0.01108	0.01305	0.00943	0.01478	0.00866	0.00758	0.04444	0.01375	0.08619	0.01222	0.01350	0.00966	0.00492	0.00474	0.00103	0.00468	0.00393	0.00408	0.71785
17	0.00868	0.00587	0.00760	0.00762	0.00866	0.00543	0.00544	0.00970	0.01358	0.01832	0.32989	0.15788	0.17019	0.01622	0.01132	0.19876	0.00361	0.01103	0.00540	0.00479
18	0.01806	0.02098	0.04604	0.02658	0.37712	0.31727	0.01572	0.02082	0.01497	0.01758	0.01043	0.01329	0.00878	0.00617	0.00679	0.00178	0.06134	0.00480	0.00304	0.00841
19	0.01361	0.01341	0.01243	0.01173	0.01383	0.18562	0.00896	0.01920	0.18569	0.01703	0.01693	0.02134	0.01465	0.05645	0.37438	0.00589	0.01196	0.00612	0.00397	0.00679
20	0.00895	0.01179	0.18599	0.01023	0.01259	0.00742	0.00928	0.01122	0.01135	0.01565	0.02490	0.42319	0.02836	0.19524	0.01280	0.00316	0.00543	0.01232	0.00448	0.00565
21	0.01298	0.02425	0.45695	0.12033	0.22748	0.01423	0.02083	0.01874	0.01312	0.01907	0.01112	0.01398	0.00834	0.00576	0.00592	0.00192	0.00844	0.00490	0.00273	0.00894

[dist]
# distance from previous block
# <min> <max>
0	48

# created by:
# /software/SequenceAnalysis/GenePrediction/augustus/3.0.1/scripts/msa2prfl.pl ./fixed/BUSCOvEOG7B004D.fas
