[name]
unknown

[dist]
# distance from previous block
# <min> <max>
0	112

[block]
# block no. 0 follows, 41 sequences, length 15
# corresponding to MSA columns:
# 121-135
name=unknown_A
#
# <colnr> <probs for GDERKNQSTAVLIFYWHMCP>
#	G	D	E	R	K	N	Q	S	T	A	V	L	I	F	Y	W	H	M	C	P
0	0.00915	0.00654	0.00912	0.01033	0.01165	0.00651	0.00898	0.01179	0.01335	0.01748	0.07525	0.06318	0.03422	0.01555	0.00783	0.00258	0.00511	0.68079	0.00533	0.00527
1	0.00756	0.00543	0.00716	0.00756	0.00843	0.00504	0.00536	0.00944	0.01368	0.01895	0.41143	0.40295	0.04624	0.01467	0.00701	0.00205	0.00300	0.01318	0.00582	0.00504
2	0.00697	0.00498	0.00664	0.00796	0.00830	0.00465	0.00531	0.00796	0.01095	0.01460	0.03153	0.79525	0.03783	0.01792	0.00730	0.00232	0.00332	0.01626	0.00531	0.00465
3	0.00697	0.00498	0.00664	0.00796	0.00830	0.00465	0.00531	0.00796	0.01095	0.01460	0.03153	0.79525	0.03783	0.01792	0.00730	0.00232	0.00332	0.01626	0.00531	0.00465
4	0.01416	0.01359	0.02322	0.03511	0.76330	0.01359	0.01755	0.01755	0.01302	0.01869	0.01076	0.01416	0.00906	0.00510	0.00566	0.00170	0.00680	0.00510	0.00283	0.00906
5	0.77992	0.01065	0.00819	0.00736	0.01075	0.01229	0.00604	0.01656	0.00990	0.02535	0.00873	0.01016	0.00680	0.00541	0.00357	0.00174	0.00430	0.00326	0.06289	0.00613
6	0.00828	0.00568	0.00690	0.00688	0.00715	0.00587	0.00430	0.00882	0.00885	0.01207	0.05113	0.03463	0.02098	0.60939	0.18019	0.00612	0.00741	0.00796	0.00351	0.00389
7	0.52246	0.10502	0.01329	0.00931	0.01329	0.01530	0.00788	0.21299	0.01458	0.02703	0.00952	0.01048	0.00728	0.00568	0.00414	0.00169	0.00513	0.00365	0.00400	0.00728
8	0.01396	0.04041	0.05729	0.02828	0.50553	0.01404	0.07727	0.04127	0.01298	0.01865	0.01068	0.01393	0.00888	0.00559	0.00678	0.00174	0.07781	0.00507	0.02279	0.03704
9	0.01465	0.57107	0.21330	0.01166	0.01734	0.05821	0.01267	0.01766	0.01197	0.01464	0.00857	0.00995	0.00732	0.00508	0.00418	0.00138	0.00691	0.00338	0.00246	0.00758
10	0.83938	0.01106	0.00841	0.00752	0.01106	0.01283	0.00619	0.01681	0.00973	0.02566	0.00796	0.00929	0.00619	0.00531	0.00354	0.00177	0.00442	0.00310	0.00354	0.00619
11	0.00832	0.00555	0.00624	0.00624	0.00624	0.00555	0.00347	0.00832	0.00832	0.01109	0.01802	0.03743	0.02080	0.79898	0.02911	0.00555	0.00555	0.00832	0.00347	0.00347
12	0.01143	0.01083	0.01692	0.61698	0.07139	0.03482	0.01496	0.01486	0.01143	0.01503	0.01030	0.01508	0.00800	0.00614	0.00685	0.00191	0.08072	0.00505	0.04086	0.00644
13	0.00822	0.00551	0.00627	0.00636	0.00638	0.00548	0.00360	0.00829	0.00850	0.01134	0.01897	0.09054	0.02199	0.74424	0.02758	0.00532	0.00539	0.00887	0.00360	0.00355
14	0.00860	0.00610	0.00734	0.00717	0.00728	0.00656	0.00449	0.00890	0.00844	0.01151	0.01700	0.03409	0.01917	0.66332	0.10781	0.00572	0.06145	0.00785	0.00336	0.00384

[dist]
# distance from previous block
# <min> <max>
0	1

[block]
# block no. 1 follows, 41 sequences, length 28
# corresponding to MSA columns:
# 137-164
name=unknown_B
#
# <colnr> <probs for GDERKNQSTAVLIFYWHMCP>
#	G	D	E	R	K	N	Q	S	T	A	V	L	I	F	Y	W	H	M	C	P
0	0.01548	0.01303	0.01372	0.01217	0.01555	0.01484	0.00946	0.09267	0.68287	0.02548	0.02295	0.02146	0.01729	0.00808	0.00608	0.00203	0.00490	0.00654	0.00600	0.00941
1	0.02190	0.02753	0.01659	0.01511	0.01809	0.76869	0.01128	0.02319	0.01656	0.01460	0.00948	0.01120	0.00797	0.00631	0.00543	0.00159	0.01047	0.00390	0.00316	0.00695
2	0.00920	0.00679	0.00895	0.06897	0.01106	0.00737	0.00635	0.01014	0.00957	0.01320	0.03452	0.05815	0.01907	0.40953	0.27078	0.00623	0.03402	0.00774	0.00358	0.00476
3	0.01223	0.05687	0.73632	0.01643	0.02474	0.01392	0.02087	0.01847	0.01245	0.01851	0.01081	0.01284	0.00786	0.00584	0.00564	0.00191	0.00855	0.00439	0.00264	0.00872
4	0.02227	0.01640	0.01754	0.01355	0.01814	0.01801	0.01110	0.73735	0.02713	0.03643	0.01433	0.01459	0.01031	0.00727	0.00599	0.00183	0.00649	0.00535	0.00591	0.01002
5	0.01144	0.01060	0.01753	0.77789	0.03958	0.01303	0.01607	0.01504	0.01183	0.01521	0.01080	0.01609	0.00823	0.00614	0.00598	0.00202	0.00781	0.00528	0.00276	0.00668
6	0.01476	0.01399	0.02353	0.03527	0.75624	0.01390	0.01772	0.01795	0.01340	0.01924	0.01138	0.01501	0.00965	0.00552	0.00593	0.00181	0.00699	0.00530	0.00305	0.00936
7	0.83172	0.01149	0.00887	0.00796	0.01153	0.01315	0.00647	0.01722	0.01015	0.02615	0.00862	0.01019	0.00681	0.00573	0.00383	0.00188	0.00464	0.00332	0.00375	0.00652
8	0.05836	0.01324	0.02024	0.09856	0.47427	0.03477	0.04356	0.06037	0.01383	0.01988	0.01317	0.07607	0.01175	0.00675	0.00593	0.00188	0.00674	0.00610	0.02610	0.00842
9	0.01210	0.02983	0.76218	0.01666	0.02509	0.01360	0.02126	0.01851	0.01246	0.01868	0.01089	0.01295	0.00785	0.00585	0.00570	0.00193	0.00863	0.00443	0.00264	0.00876
10	0.00764	0.00547	0.00712	0.00840	0.00879	0.00505	0.00560	0.00846	0.01135	0.01520	0.03194	0.78827	0.03813	0.01821	0.00755	0.00243	0.00355	0.01635	0.00550	0.00499
11	0.01438	0.54525	0.24869	0.01190	0.01778	0.04712	0.01320	0.01763	0.01192	0.01486	0.00867	0.01008	0.00731	0.00509	0.00425	0.00141	0.00696	0.00343	0.00246	0.00764
12	0.02093	0.01537	0.01699	0.01401	0.05429	0.01690	0.01097	0.62503	0.08261	0.06220	0.01467	0.01457	0.01047	0.00686	0.00573	0.00174	0.00613	0.00527	0.00564	0.00964
13	0.02137	0.02726	0.01621	0.01474	0.01768	0.77602	0.01105	0.02284	0.01621	0.01400	0.00884	0.01031	0.00737	0.00589	0.00516	0.00147	0.01031	0.00368	0.00295	0.00663
14	0.01186	0.01017	0.01186	0.00847	0.01356	0.00762	0.00678	0.01440	0.01186	0.01864	0.01017	0.01186	0.00847	0.00424	0.00424	0.00085	0.00424	0.00339	0.00339	0.83395
15	0.00940	0.00690	0.00835	0.00787	0.00827	0.00757	0.00527	0.04564	0.01003	0.01378	0.07493	0.05515	0.02147	0.54402	0.06512	0.00482	0.09528	0.00805	0.00372	0.00437
16	0.02566	0.00973	0.01327	0.01018	0.01460	0.00841	0.00841	0.02788	0.01637	0.76726	0.02257	0.01947	0.01416	0.00708	0.00575	0.00177	0.00487	0.00575	0.00708	0.00973
17	0.02007	0.01391	0.01498	0.01169	0.01571	0.01518	0.00959	0.58543	0.02386	0.06975	0.01500	0.01530	0.01078	0.00684	0.00543	0.00165	0.00561	0.00521	0.14502	0.00899
18	0.00707	0.00513	0.00669	0.00785	0.00837	0.00475	0.00536	0.00822	0.01139	0.01507	0.06143	0.68485	0.09520	0.01734	0.00726	0.00228	0.00332	0.03837	0.00535	0.00471
19	0.00801	0.00578	0.00757	0.00726	0.00853	0.00534	0.00539	0.01057	0.01578	0.02229	0.70327	0.10160	0.05271	0.01218	0.00679	0.00184	0.00275	0.01081	0.00622	0.00534
20	0.00832	0.00555	0.00624	0.00624	0.00624	0.00555	0.00347	0.00832	0.00832	0.01109	0.01802	0.03743	0.02080	0.79898	0.02911	0.00555	0.00555	0.00832	0.00347	0.00347
21	0.00817	0.00613	0.00919	0.00919	0.01021	0.00715	0.00715	0.01021	0.00919	0.01328	0.01532	0.02247	0.01430	0.04290	0.77631	0.00919	0.01532	0.00613	0.00306	0.00511
22	0.00994	0.00497	0.00745	0.00745	0.00745	0.00497	0.00497	0.00745	0.00745	0.00994	0.00994	0.01739	0.00994	0.01987	0.02235	0.83358	0.00497	0.00497	0.00248	0.00248
23	0.01223	0.02853	0.72908	0.01598	0.02422	0.01302	0.02046	0.01863	0.01230	0.05801	0.01092	0.01247	0.00761	0.00552	0.00545	0.00181	0.00826	0.00431	0.00266	0.00852
24	0.01186	0.01017	0.01186	0.00847	0.01356	0.00762	0.00678	0.01440	0.01186	0.01864	0.01017	0.01186	0.00847	0.00424	0.00424	0.00085	0.00424	0.00339	0.00339	0.83395
25	0.00707	0.00502	0.00661	0.00783	0.00814	0.00472	0.00517	0.00799	0.01075	0.01433	0.03047	0.73596	0.03650	0.07903	0.00901	0.00258	0.00349	0.01564	0.00517	0.00455
26	0.02010	0.02481	0.01643	0.01473	0.01730	0.64445	0.01126	0.04255	0.01545	0.01461	0.00879	0.01073	0.00746	0.00652	0.00714	0.00163	0.12251	0.00392	0.00296	0.00667
27	0.01080	0.01017	0.01716	0.78523	0.03940	0.01271	0.01589	0.01461	0.01144	0.01461	0.01017	0.01525	0.00762	0.00572	0.00572	0.00191	0.00762	0.00508	0.00254	0.00635

[dist]
# distance from previous block
# <min> <max>
43	124

# created by:
# /software/SequenceAnalysis/GenePrediction/augustus/3.0.1/scripts/msa2prfl.pl ./fixed/BUSCOvEOG7BP2SB.fas
