[name]
unknown

[dist]
# distance from previous block
# <min> <max>
0	93

[block]
# block no. 0 follows, 39 sequences, length 33
# corresponding to MSA columns:
# 93-125
name=unknown_A
#
# <colnr> <probs for GDERKNQSTAVLIFYWHMCP>
#	G	D	E	R	K	N	Q	S	T	A	V	L	I	F	Y	W	H	M	C	P
0	0.00949	0.00678	0.00947	0.01076	0.01212	0.00676	0.00938	0.01221	0.01373	0.01792	0.05840	0.06586	0.03485	0.01618	0.00812	0.00269	0.00535	0.68899	0.00549	0.00545
1	0.83394	0.01144	0.00869	0.00778	0.01144	0.01327	0.00640	0.01738	0.01006	0.02653	0.00823	0.00961	0.00640	0.00549	0.00366	0.00183	0.00457	0.00320	0.00366	0.00640
2	0.00953	0.00681	0.00953	0.01089	0.01225	0.00681	0.00953	0.01225	0.01361	0.01770	0.03131	0.06671	0.03403	0.01634	0.00817	0.00272	0.00545	0.71547	0.00545	0.00545
3	0.00860	0.00573	0.00645	0.00645	0.00645	0.00573	0.00358	0.00860	0.00860	0.01147	0.01863	0.03870	0.02150	0.79217	0.03010	0.00573	0.00573	0.00860	0.00358	0.00358
4	0.00845	0.00634	0.00950	0.00950	0.01056	0.00739	0.00739	0.01056	0.00950	0.01373	0.01584	0.02323	0.01478	0.04435	0.76873	0.00950	0.01584	0.00634	0.00317	0.00528
5	0.01117	0.01051	0.01774	0.77795	0.04073	0.01314	0.01642	0.01511	0.01182	0.01511	0.01051	0.01577	0.00788	0.00591	0.00591	0.00197	0.00788	0.00526	0.00263	0.00657
6	0.01471	0.01270	0.01337	0.01203	0.01538	0.01471	0.00936	0.03142	0.74459	0.02474	0.02407	0.02206	0.01805	0.00802	0.00602	0.00201	0.00468	0.00669	0.00602	0.00936
7	0.00699	0.00599	0.00599	0.00599	0.00799	0.00499	0.00449	0.00849	0.01348	0.01598	0.05991	0.05691	0.75288	0.01498	0.00699	0.00200	0.00300	0.01248	0.00549	0.00499
8	0.01117	0.01051	0.01774	0.77795	0.04073	0.01314	0.01642	0.01511	0.01182	0.01511	0.01051	0.01577	0.00788	0.00591	0.00591	0.00197	0.00788	0.00526	0.00263	0.00657
9	0.00953	0.00681	0.00953	0.01089	0.01225	0.00681	0.00953	0.01225	0.01361	0.01770	0.03131	0.06671	0.03403	0.01634	0.00817	0.00272	0.00545	0.71547	0.00545	0.00545
10	0.00877	0.00634	0.00855	0.00948	0.01073	0.00613	0.00779	0.01115	0.01384	0.01832	0.17117	0.17543	0.08860	0.01578	0.00776	0.00246	0.00445	0.42225	0.00566	0.00534
11	0.01205	0.06686	0.72690	0.01654	0.02510	0.01419	0.02129	0.01868	0.01246	0.01850	0.01050	0.01234	0.00750	0.00559	0.00553	0.00184	0.00863	0.00431	0.00250	0.00869
12	0.02053	0.02527	0.01644	0.01485	0.01758	0.63945	0.01128	0.04373	0.01604	0.01510	0.00961	0.01174	0.00816	0.00887	0.05461	0.00212	0.07057	0.00412	0.00311	0.00682
13	0.83394	0.01144	0.00869	0.00778	0.01144	0.01327	0.00640	0.01738	0.01006	0.02653	0.00823	0.00961	0.00640	0.00549	0.00366	0.00183	0.00457	0.00320	0.00366	0.00640
14	0.00700	0.00596	0.00602	0.00608	0.00801	0.00499	0.00453	0.00848	0.01340	0.01594	0.05888	0.08439	0.72606	0.01511	0.00701	0.00201	0.00301	0.01264	0.00549	0.00499
15	0.01464	0.01405	0.02400	0.03630	0.75528	0.01405	0.01815	0.01815	0.01347	0.01932	0.01112	0.01464	0.00937	0.00527	0.00585	0.00176	0.00703	0.00527	0.00293	0.00937
16	0.01226	0.01051	0.01226	0.00876	0.01401	0.00788	0.00701	0.01489	0.01226	0.01927	0.01051	0.01226	0.00876	0.00438	0.00438	0.00088	0.00438	0.00350	0.00350	0.82832
17	0.00837	0.00604	0.00790	0.00744	0.00883	0.00558	0.00558	0.01116	0.01674	0.02371	0.75216	0.04417	0.05580	0.01209	0.00697	0.00186	0.00279	0.01069	0.00651	0.00558
18	0.00845	0.00634	0.00950	0.00950	0.01056	0.00739	0.00739	0.01056	0.00950	0.01373	0.01584	0.02323	0.01478	0.04435	0.76873	0.00950	0.01584	0.00634	0.00317	0.00528
19	0.00829	0.00604	0.00779	0.00736	0.00879	0.00555	0.00552	0.01100	0.01655	0.02327	0.71198	0.04491	0.09625	0.01226	0.00698	0.00187	0.00280	0.01080	0.00645	0.00555
20	0.00860	0.00573	0.00645	0.00645	0.00645	0.00573	0.00358	0.00860	0.00860	0.01147	0.01863	0.03870	0.02150	0.79217	0.03010	0.00573	0.00573	0.00860	0.00358	0.00358
21	0.01581	0.79572	0.03099	0.01012	0.01518	0.02340	0.01012	0.01771	0.01202	0.01391	0.00822	0.00949	0.00759	0.00506	0.00379	0.00126	0.00632	0.00316	0.00253	0.00759
22	0.83394	0.01144	0.00869	0.00778	0.01144	0.01327	0.00640	0.01738	0.01006	0.02653	0.00823	0.00961	0.00640	0.00549	0.00366	0.00183	0.00457	0.00320	0.00366	0.00640
23	0.01464	0.01405	0.02400	0.03630	0.75528	0.01405	0.01815	0.01815	0.01347	0.01932	0.01112	0.01464	0.00937	0.00527	0.00585	0.00176	0.00703	0.00527	0.00293	0.00937
24	0.01226	0.01051	0.01226	0.00876	0.01401	0.00788	0.00701	0.01489	0.01226	0.01927	0.01051	0.01226	0.00876	0.00438	0.00438	0.00088	0.00438	0.00350	0.00350	0.82832
25	0.01226	0.01051	0.01226	0.00876	0.01401	0.00788	0.00701	0.01489	0.01226	0.01927	0.01051	0.01226	0.00876	0.00438	0.00438	0.00088	0.00438	0.00350	0.00350	0.82832
26	0.01382	0.01654	0.06873	0.02420	0.03009	0.01501	0.67376	0.01876	0.01371	0.01876	0.01175	0.01568	0.00886	0.00521	0.00737	0.00201	0.03804	0.00679	0.00295	0.00796
27	0.00731	0.00522	0.00698	0.00835	0.00874	0.00489	0.00567	0.00841	0.01142	0.01521	0.03254	0.75680	0.03889	0.01843	0.00758	0.00242	0.00352	0.04732	0.00549	0.00483
28	0.01464	0.01405	0.02400	0.03630	0.75528	0.01405	0.01815	0.01815	0.01347	0.01932	0.01112	0.01464	0.00937	0.00527	0.00585	0.00176	0.00703	0.00527	0.00293	0.00937
29	0.02248	0.01656	0.01775	0.01361	0.01834	0.01834	0.01124	0.73556	0.02780	0.03727	0.01420	0.01420	0.01006	0.00710	0.00592	0.00177	0.00651	0.00532	0.00592	0.01006
30	0.78223	0.01135	0.00901	0.00795	0.01167	0.01297	0.00655	0.01812	0.01050	0.07347	0.00920	0.01028	0.00693	0.00561	0.00381	0.00183	0.00460	0.00338	0.00389	0.00664
31	0.01186	0.03059	0.76153	0.01686	0.02560	0.01373	0.02185	0.01873	0.01249	0.01873	0.01061	0.01249	0.00749	0.00562	0.00562	0.00187	0.00874	0.00437	0.00250	0.00874
32	0.00721	0.00515	0.00686	0.00823	0.00858	0.00480	0.00549	0.00823	0.01132	0.01510	0.03259	0.78831	0.03911	0.01853	0.00755	0.00240	0.00343	0.01681	0.00549	0.00480

[dist]
# distance from previous block
# <min> <max>
0	8

[block]
# block no. 1 follows, 39 sequences, length 61
# corresponding to MSA columns:
# 134-194
name=unknown_B
#
# <colnr> <probs for GDERKNQSTAVLIFYWHMCP>
#	G	D	E	R	K	N	Q	S	T	A	V	L	I	F	Y	W	H	M	C	P
0	0.01186	0.03059	0.76153	0.01686	0.02560	0.01373	0.02185	0.01873	0.01249	0.01873	0.01061	0.01249	0.00749	0.00562	0.00562	0.00187	0.00874	0.00437	0.00250	0.00874
1	0.06212	0.01012	0.01350	0.01040	0.01494	0.00889	0.00859	0.02832	0.01662	0.72707	0.02267	0.01966	0.01428	0.00724	0.00585	0.00183	0.00501	0.00583	0.00716	0.00990
2	0.04810	0.02975	0.72834	0.01646	0.02497	0.01371	0.02117	0.01867	0.01238	0.01907	0.01051	0.01236	0.00744	0.00561	0.00553	0.00187	0.00856	0.00432	0.00255	0.00864
3	0.01432	0.01372	0.02343	0.10478	0.68930	0.01397	0.01799	0.01787	0.01331	0.01893	0.01107	0.01474	0.00923	0.00533	0.00586	0.00178	0.00710	0.00527	0.00290	0.00911
4	0.01253	0.01332	0.02720	0.07476	0.02649	0.01309	0.49287	0.01658	0.01321	0.01787	0.01579	0.10642	0.01459	0.00794	0.00776	0.00214	0.05064	0.07614	0.00346	0.00720
5	0.00721	0.00515	0.00686	0.00823	0.00858	0.00480	0.00549	0.00823	0.01132	0.01510	0.03259	0.78831	0.03911	0.01853	0.00755	0.00240	0.00343	0.01681	0.00549	0.00480
6	0.01564	0.01552	0.06923	0.05527	0.02829	0.01391	0.53698	0.02018	0.01414	0.13279	0.01349	0.01634	0.00969	0.00553	0.00697	0.00197	0.02564	0.00657	0.00361	0.00824
7	0.01432	0.01729	0.12850	0.04573	0.07799	0.01435	0.53254	0.01928	0.01383	0.05828	0.01229	0.01562	0.00907	0.00524	0.00664	0.00195	0.00929	0.00642	0.00314	0.00824
8	0.02653	0.01006	0.01372	0.01052	0.01510	0.00869	0.00869	0.02882	0.01693	0.75937	0.02333	0.02013	0.01464	0.00732	0.00595	0.00183	0.00503	0.00595	0.00732	0.01006
9	0.01354	0.01615	0.07192	0.02404	0.05172	0.01437	0.63882	0.01839	0.01374	0.01876	0.01286	0.05300	0.01036	0.00568	0.00690	0.00200	0.00950	0.00726	0.00308	0.00791
10	0.02014	0.09942	0.28442	0.01276	0.01888	0.01204	0.01357	0.02403	0.01482	0.41526	0.01718	0.01627	0.01133	0.00647	0.00560	0.00179	0.00650	0.00509	0.00509	0.00933
11	0.02321	0.00956	0.01275	0.01017	0.01417	0.00848	0.00824	0.02615	0.05334	0.61590	0.05926	0.07372	0.04026	0.00855	0.00614	0.00188	0.00474	0.00713	0.00704	0.00932
12	0.83394	0.01144	0.00869	0.00778	0.01144	0.01327	0.00640	0.01738	0.01006	0.02653	0.00823	0.00961	0.00640	0.00549	0.00366	0.00183	0.00457	0.00320	0.00366	0.00640
13	0.01955	0.01640	0.25192	0.01241	0.01795	0.01036	0.01272	0.02411	0.05409	0.41486	0.07190	0.02053	0.01592	0.00735	0.00597	0.00187	0.00604	0.02126	0.00561	0.00918
14	0.03017	0.02536	0.53810	0.01762	0.02519	0.01340	0.16439	0.01861	0.01308	0.03904	0.05068	0.01502	0.01053	0.00588	0.00593	0.00189	0.00848	0.00525	0.00297	0.00840
15	0.04717	0.02513	0.53081	0.01697	0.02459	0.01330	0.12888	0.01991	0.01314	0.10703	0.01223	0.01381	0.00852	0.00572	0.00579	0.00188	0.00832	0.00491	0.00319	0.00869
16	0.01535	0.07274	0.48280	0.01596	0.02268	0.25520	0.01786	0.02023	0.01382	0.01710	0.01001	0.01174	0.00754	0.00574	0.00542	0.00173	0.00922	0.00412	0.00267	0.00807
17	0.00885	0.00622	0.00763	0.00717	0.00889	0.00556	0.00542	0.01124	0.01581	0.05698	0.51719	0.04669	0.25501	0.01269	0.00693	0.00190	0.00296	0.01098	0.00626	0.00563
18	0.01266	0.18545	0.61367	0.01549	0.02349	0.01569	0.01948	0.01852	0.01239	0.01775	0.01013	0.01188	0.00751	0.00551	0.00525	0.00175	0.00825	0.00413	0.00250	0.00851
19	0.01464	0.01405	0.02400	0.03630	0.75528	0.01405	0.01815	0.01815	0.01347	0.01932	0.01112	0.01464	0.00937	0.00527	0.00585	0.00176	0.00703	0.00527	0.00293	0.00937
20	0.00859	0.00576	0.00660	0.00660	0.00666	0.00582	0.00378	0.00870	0.00865	0.01158	0.01849	0.03792	0.02116	0.75425	0.06756	0.00592	0.00625	0.00849	0.00356	0.00367
21	0.01711	0.01452	0.01468	0.01261	0.01630	0.05580	0.00996	0.21252	0.52104	0.02742	0.02073	0.01943	0.01544	0.00768	0.00595	0.00192	0.00547	0.00618	0.00583	0.00941
22	0.01464	0.01405	0.02400	0.03630	0.75528	0.01405	0.01815	0.01815	0.01347	0.01932	0.01112	0.01464	0.00937	0.00527	0.00585	0.00176	0.00703	0.00527	0.00293	0.00937
23	0.01117	0.01051	0.01774	0.77795	0.04073	0.01314	0.01642	0.01511	0.01182	0.01511	0.01051	0.01577	0.00788	0.00591	0.00591	0.00197	0.00788	0.00526	0.00263	0.00657
24	0.00721	0.00515	0.00686	0.00823	0.00858	0.00480	0.00549	0.00823	0.01132	0.01510	0.03259	0.78831	0.03911	0.01853	0.00755	0.00240	0.00343	0.01681	0.00549	0.00480
25	0.00837	0.00604	0.00790	0.00744	0.00883	0.00558	0.00558	0.01116	0.01674	0.02371	0.75216	0.04417	0.05580	0.01209	0.00697	0.00186	0.00279	0.01069	0.00651	0.00558
26	0.01464	0.01405	0.02400	0.03630	0.75528	0.01405	0.01815	0.01815	0.01347	0.01932	0.01112	0.01464	0.00937	0.00527	0.00585	0.00176	0.00703	0.00527	0.00293	0.00937
27	0.00837	0.00604	0.00790	0.00744	0.00883	0.00558	0.00558	0.01116	0.01674	0.02371	0.75216	0.04417	0.05580	0.01209	0.00697	0.00186	0.00279	0.01069	0.00651	0.00558
28	0.01471	0.01270	0.01337	0.01203	0.01538	0.01471	0.00936	0.03142	0.74459	0.02474	0.02407	0.02206	0.01805	0.00802	0.00602	0.00201	0.00468	0.00669	0.00602	0.00936
29	0.01460	0.01415	0.02460	0.03568	0.71585	0.01410	0.05710	0.01819	0.01349	0.01930	0.01117	0.01471	0.00935	0.00525	0.00592	0.00177	0.00719	0.00536	0.00293	0.00929
30	0.01386	0.01666	0.06996	0.02454	0.03065	0.01490	0.69944	0.01893	0.01389	0.01893	0.01190	0.01578	0.00890	0.00502	0.00691	0.00199	0.00991	0.00685	0.00297	0.00801
31	0.01294	0.01294	0.01811	0.01553	0.01553	0.01811	0.01294	0.01423	0.00906	0.01423	0.00776	0.01294	0.00776	0.01035	0.01941	0.00259	0.78134	0.00518	0.00259	0.00647
32	0.02170	0.02706	0.01660	0.01502	0.01813	0.70895	0.01131	0.04155	0.05664	0.01559	0.01008	0.01137	0.00825	0.00622	0.00538	0.00156	0.01024	0.00400	0.00328	0.00707
33	0.01536	0.70925	0.11356	0.01088	0.01636	0.02231	0.01144	0.01782	0.01207	0.01446	0.00849	0.00983	0.00758	0.00512	0.00400	0.00133	0.00660	0.00330	0.00253	0.00772
34	0.01201	0.05976	0.73367	0.01660	0.02520	0.01410	0.02140	0.01869	0.01247	0.01854	0.01052	0.01237	0.00750	0.00560	0.00555	0.00185	0.00865	0.00432	0.00250	0.00870
35	0.01102	0.00551	0.00551	0.00551	0.00689	0.00551	0.00413	0.01378	0.01240	0.02205	0.01929	0.02205	0.01516	0.00689	0.00413	0.00138	0.00276	0.00551	0.82500	0.00551
36	0.01464	0.01405	0.02400	0.03630	0.75528	0.01405	0.01815	0.01815	0.01347	0.01932	0.01112	0.01464	0.00937	0.00527	0.00585	0.00176	0.00703	0.00527	0.00293	0.00937
37	0.01357	0.01362	0.02213	0.04061	0.25422	0.01630	0.10696	0.01611	0.01115	0.01648	0.00944	0.01393	0.00843	0.00794	0.01318	0.00223	0.41792	0.00544	0.00275	0.00759
38	0.00721	0.00515	0.00686	0.00823	0.00858	0.00480	0.00549	0.00823	0.01132	0.01510	0.03259	0.78831	0.03911	0.01853	0.00755	0.00240	0.00343	0.01681	0.00549	0.00480
39	0.00721	0.00515	0.00686	0.00823	0.00858	0.00480	0.00549	0.00823	0.01132	0.01510	0.03259	0.78831	0.03911	0.01853	0.00755	0.00240	0.00343	0.01681	0.00549	0.00480
40	0.01907	0.01466	0.01627	0.07217	0.01904	0.01645	0.01110	0.47456	0.19472	0.03154	0.01717	0.01903	0.01308	0.00773	0.00606	0.00190	0.00613	0.04429	0.00566	0.00937
41	0.00721	0.00515	0.00686	0.00823	0.00858	0.00480	0.00549	0.00823	0.01132	0.01510	0.03259	0.78831	0.03911	0.01853	0.00755	0.00240	0.00343	0.01681	0.00549	0.00480
42	0.00953	0.00681	0.00953	0.01089	0.01225	0.00681	0.00953	0.01225	0.01361	0.01770	0.03131	0.06671	0.03403	0.01634	0.00817	0.00272	0.00545	0.71547	0.00545	0.00545
43	0.83394	0.01144	0.00869	0.00778	0.01144	0.01327	0.00640	0.01738	0.01006	0.02653	0.00823	0.00961	0.00640	0.00549	0.00366	0.00183	0.00457	0.00320	0.00366	0.00640
44	0.00733	0.00600	0.00646	0.00635	0.00820	0.00514	0.00476	0.00915	0.01428	0.01788	0.23058	0.05377	0.58101	0.01427	0.00699	0.00196	0.00294	0.01204	0.00574	0.00514
45	0.01226	0.01051	0.01226	0.00876	0.01401	0.00788	0.00701	0.01489	0.01226	0.01927	0.01051	0.01226	0.00876	0.00438	0.00438	0.00088	0.00438	0.00350	0.00350	0.82832
46	0.00845	0.00632	0.00942	0.00942	0.01045	0.00735	0.00729	0.01051	0.00948	0.01367	0.01592	0.02365	0.01497	0.06474	0.74859	0.00940	0.01556	0.00640	0.00318	0.00523
47	0.00736	0.00542	0.00690	0.00776	0.00853	0.00496	0.00535	0.00876	0.01255	0.01665	0.15560	0.55272	0.15189	0.01692	0.00737	0.00225	0.00326	0.01513	0.00566	0.00496
48	0.01458	0.55651	0.25939	0.01223	0.01844	0.02038	0.01379	0.01803	0.01216	0.01542	0.00897	0.01042	0.00756	0.00523	0.00436	0.00145	0.00708	0.00354	0.00252	0.00795
49	0.02653	0.01006	0.01372	0.01052	0.01510	0.00869	0.00869	0.02882	0.01693	0.75937	0.02333	0.02013	0.01464	0.00732	0.00595	0.00183	0.00503	0.00595	0.00732	0.01006
50	0.01226	0.01051	0.01226	0.00876	0.01401	0.00788	0.00701	0.01489	0.01226	0.01927	0.01051	0.01226	0.00876	0.00438	0.00438	0.00088	0.00438	0.00350	0.00350	0.82832
51	0.12796	0.01329	0.01368	0.01093	0.01474	0.01466	0.00893	0.47080	0.02183	0.03227	0.01460	0.01542	0.01076	0.00684	0.00520	0.00169	0.00537	0.00509	0.19744	0.00851
52	0.01186	0.03059	0.76153	0.01686	0.02560	0.01373	0.02185	0.01873	0.01249	0.01873	0.01061	0.01249	0.00749	0.00562	0.00562	0.00187	0.00874	0.00437	0.00250	0.00874
53	0.02653	0.01006	0.01372	0.01052	0.01510	0.00869	0.00869	0.02882	0.01693	0.75937	0.02333	0.02013	0.01464	0.00732	0.00595	0.00183	0.00503	0.00595	0.00732	0.01006
54	0.01186	0.03059	0.76153	0.01686	0.02560	0.01373	0.02185	0.01873	0.01249	0.01873	0.01061	0.01249	0.00749	0.00562	0.00562	0.00187	0.00874	0.00437	0.00250	0.00874
55	0.02653	0.01006	0.01372	0.01052	0.01510	0.00869	0.00869	0.02882	0.01693	0.75937	0.02333	0.02013	0.01464	0.00732	0.00595	0.00183	0.00503	0.00595	0.00732	0.01006
56	0.02207	0.01636	0.01751	0.01352	0.01818	0.01815	0.01114	0.69804	0.06599	0.03660	0.01472	0.01462	0.01048	0.00715	0.00592	0.00179	0.00641	0.00540	0.00592	0.01002
57	0.01102	0.00551	0.00551	0.00551	0.00689	0.00551	0.00413	0.01378	0.01240	0.02205	0.01929	0.02205	0.01516	0.00689	0.00413	0.00138	0.00276	0.00551	0.82500	0.00551
58	0.02653	0.01006	0.01372	0.01052	0.01510	0.00869	0.00869	0.02882	0.01693	0.75937	0.02333	0.02013	0.01464	0.00732	0.00595	0.00183	0.00503	0.00595	0.00732	0.01006
59	0.02589	0.01021	0.01370	0.01060	0.01511	0.00902	0.00873	0.02896	0.05653	0.71939	0.02337	0.02023	0.01482	0.00736	0.00595	0.00184	0.00501	0.00599	0.00725	0.01003
60	0.00721	0.00515	0.00686	0.00823	0.00858	0.00480	0.00549	0.00823	0.01132	0.01510	0.03259	0.78831	0.03911	0.01853	0.00755	0.00240	0.00343	0.01681	0.00549	0.00480

[dist]
# distance from previous block
# <min> <max>
0	1

[block]
# block no. 2 follows, 39 sequences, length 57
# corresponding to MSA columns:
# 196-252
name=unknown_C
#
# <colnr> <probs for GDERKNQSTAVLIFYWHMCP>
#	G	D	E	R	K	N	Q	S	T	A	V	L	I	F	Y	W	H	M	C	P
0	0.01464	0.01405	0.02400	0.03630	0.75528	0.01405	0.01815	0.01815	0.01347	0.01932	0.01112	0.01464	0.00937	0.00527	0.00585	0.00176	0.00703	0.00527	0.00293	0.00937
1	0.06074	0.01114	0.04283	0.01075	0.01545	0.00940	0.00919	0.05099	0.01681	0.67520	0.02188	0.01918	0.01385	0.00717	0.00583	0.00183	0.00521	0.00575	0.00693	0.00985
2	0.80469	0.01204	0.00898	0.00805	0.01168	0.04048	0.00659	0.01761	0.01031	0.02610	0.00827	0.00964	0.00645	0.00551	0.00372	0.00182	0.00479	0.00322	0.00364	0.00642
3	0.01449	0.01390	0.02375	0.06694	0.72575	0.01401	0.01808	0.01802	0.01340	0.01915	0.01110	0.01468	0.00931	0.00530	0.00586	0.00177	0.00706	0.00527	0.00291	0.00925
4	0.00837	0.00604	0.00790	0.00744	0.00883	0.00558	0.00558	0.01116	0.01674	0.02371	0.75216	0.04417	0.05580	0.01209	0.00697	0.00186	0.00279	0.01069	0.00651	0.00558
5	0.00847	0.00625	0.00905	0.00905	0.00995	0.00715	0.00683	0.01027	0.00937	0.01339	0.01625	0.02551	0.01577	0.15461	0.65983	0.00895	0.01435	0.00667	0.00323	0.00503
6	0.02653	0.01006	0.01372	0.01052	0.01510	0.00869	0.00869	0.02882	0.01693	0.75937	0.02333	0.02013	0.01464	0.00732	0.00595	0.00183	0.00503	0.00595	0.00732	0.01006
7	0.02432	0.01056	0.01366	0.01081	0.01515	0.00982	0.00882	0.02931	0.15340	0.62159	0.02347	0.02049	0.01528	0.00745	0.00596	0.00186	0.00497	0.00609	0.00708	0.00993
8	0.02653	0.01006	0.01372	0.01052	0.01510	0.00869	0.00869	0.02882	0.01693	0.75937	0.02333	0.02013	0.01464	0.00732	0.00595	0.00183	0.00503	0.00595	0.00732	0.01006
9	0.01471	0.01270	0.01337	0.01203	0.01538	0.01471	0.00936	0.03142	0.74459	0.02474	0.02407	0.02206	0.01805	0.00802	0.00602	0.00201	0.00468	0.00669	0.00602	0.00936
10	0.01186	0.03059	0.76153	0.01686	0.02560	0.01373	0.02185	0.01873	0.01249	0.01873	0.01061	0.01249	0.00749	0.00562	0.00562	0.00187	0.00874	0.00437	0.00250	0.00874
11	0.01581	0.79572	0.03099	0.01012	0.01518	0.02340	0.01012	0.01771	0.01202	0.01391	0.00822	0.00949	0.00759	0.00506	0.00379	0.00126	0.00632	0.00316	0.00253	0.00759
12	0.00953	0.00681	0.00953	0.01089	0.01225	0.00681	0.00953	0.01225	0.01361	0.01770	0.03131	0.06671	0.03403	0.01634	0.00817	0.00272	0.00545	0.71547	0.00545	0.00545
13	0.01581	0.79572	0.03099	0.01012	0.01518	0.02340	0.01012	0.01771	0.01202	0.01391	0.00822	0.00949	0.00759	0.00506	0.00379	0.00126	0.00632	0.00316	0.00253	0.00759
14	0.19903	0.00705	0.00657	0.00623	0.00826	0.00741	0.00484	0.01521	0.01205	0.05316	0.01694	0.01914	0.01314	0.00659	0.00410	0.00150	0.00326	0.00500	0.60461	0.00590
15	0.00721	0.00515	0.00686	0.00823	0.00858	0.00480	0.00549	0.00823	0.01132	0.01510	0.03259	0.78831	0.03911	0.01853	0.00755	0.00240	0.00343	0.01681	0.00549	0.00480
16	0.01471	0.01270	0.01337	0.01203	0.01538	0.01471	0.00936	0.03142	0.74459	0.02474	0.02407	0.02206	0.01805	0.00802	0.00602	0.00201	0.00468	0.00669	0.00602	0.00936
17	0.00860	0.00573	0.00645	0.00645	0.00645	0.00573	0.00358	0.00860	0.00860	0.01147	0.01863	0.03870	0.02150	0.79217	0.03010	0.00573	0.00573	0.00860	0.00358	0.00358
18	0.70133	0.13857	0.01231	0.00816	0.01204	0.01491	0.00701	0.01744	0.01038	0.02449	0.00823	0.00959	0.00660	0.00542	0.00368	0.00174	0.00486	0.00320	0.00348	0.00660
19	0.02039	0.01553	0.01657	0.01318	0.01754	0.01736	0.01074	0.54649	0.22027	0.03391	0.01685	0.01631	0.01220	0.00735	0.00594	0.00184	0.00602	0.00569	0.00594	0.00987
20	0.01381	0.01320	0.01297	0.00985	0.01470	0.12029	0.00775	0.01684	0.04231	0.01878	0.01085	0.01242	0.00896	0.00478	0.00459	0.00102	0.00532	0.00368	0.00354	0.67435
21	0.00827	0.00604	0.00777	0.00733	0.00877	0.00554	0.00550	0.01097	0.01650	0.02315	0.70186	0.04510	0.10645	0.01230	0.00698	0.00187	0.00280	0.01082	0.00644	0.00554
22	0.00721	0.00515	0.00686	0.00823	0.00858	0.00480	0.00549	0.00823	0.01132	0.01510	0.03259	0.78831	0.03911	0.01853	0.00755	0.00240	0.00343	0.01681	0.00549	0.00480
23	0.00900	0.00643	0.00892	0.01028	0.01141	0.00635	0.00861	0.01133	0.01309	0.01710	0.03160	0.23149	0.03519	0.01684	0.00803	0.00265	0.00499	0.55592	0.00546	0.00530
24	0.01160	0.01127	0.02028	0.63767	0.03836	0.01324	0.13244	0.01556	0.01207	0.01562	0.01074	0.01585	0.00812	0.00611	0.00649	0.02152	0.00816	0.00553	0.00269	0.00670
25	0.01294	0.01294	0.01811	0.01553	0.01553	0.01811	0.01294	0.01423	0.00906	0.01423	0.00776	0.01294	0.00776	0.01035	0.01941	0.00259	0.78134	0.00518	0.00259	0.00647
26	0.00721	0.00515	0.00686	0.00823	0.00858	0.00480	0.00549	0.00823	0.01132	0.01510	0.03259	0.78831	0.03911	0.01853	0.00755	0.00240	0.00343	0.01681	0.00549	0.00480
27	0.01471	0.01270	0.01337	0.01203	0.01538	0.01471	0.00936	0.03142	0.74459	0.02474	0.02407	0.02206	0.01805	0.00802	0.00602	0.00201	0.00468	0.00669	0.00602	0.00936
28	0.02653	0.01006	0.01372	0.01052	0.01510	0.00869	0.00869	0.02882	0.01693	0.75937	0.02333	0.02013	0.01464	0.00732	0.00595	0.00183	0.00503	0.00595	0.00732	0.01006
29	0.02248	0.01656	0.01775	0.01361	0.01834	0.01834	0.01124	0.73556	0.02780	0.03727	0.01420	0.01420	0.01006	0.00710	0.00592	0.00177	0.00651	0.00532	0.00592	0.01006
30	0.01175	0.02734	0.64096	0.14023	0.02805	0.01364	0.02097	0.01814	0.01238	0.01814	0.01060	0.01302	0.00755	0.00567	0.00567	0.00189	0.00860	0.00451	0.00252	0.00839
31	0.02572	0.01136	0.01453	0.01114	0.01574	0.01062	0.00920	0.17013	0.01910	0.61499	0.02150	0.01894	0.01372	0.00728	0.00594	0.00182	0.00533	0.00582	0.00704	0.01006
32	0.01343	0.01261	0.02123	0.03175	0.63424	0.01255	0.01610	0.01654	0.01312	0.01864	0.01460	0.14004	0.01419	0.00742	0.00613	0.00186	0.00644	0.00714	0.00334	0.00863
33	0.01407	0.01348	0.02299	0.15652	0.63945	0.01390	0.01787	0.01766	0.01320	0.01864	0.01102	0.01482	0.00913	0.00537	0.00586	0.00179	0.00716	0.00527	0.00288	0.00891
34	0.00962	0.00888	0.00847	0.00937	0.01015	0.12858	0.00645	0.01073	0.01220	0.01500	0.02879	0.66226	0.03401	0.01651	0.00719	0.00226	0.00460	0.01470	0.00509	0.00514
35	0.01284	0.13779	0.01530	0.00898	0.01420	0.01040	0.00751	0.01535	0.01222	0.01840	0.01014	0.01181	0.00857	0.00449	0.00428	0.00094	0.00469	0.00345	0.00335	0.69528
36	0.00710	0.00600	0.00614	0.00611	0.00805	0.00504	0.00458	0.00870	0.01374	0.01659	0.11472	0.05590	0.69768	0.01475	0.00699	0.00199	0.00298	0.01234	0.00557	0.00504
37	0.01407	0.01564	0.03313	0.02677	0.14832	0.01481	0.61780	0.01881	0.01388	0.01900	0.01183	0.01574	0.00904	0.00503	0.00680	0.00196	0.00949	0.00670	0.00298	0.00820
38	0.01358	0.02832	0.64096	0.01633	0.02442	0.01448	0.02013	0.13492	0.01497	0.02173	0.01119	0.01276	0.00791	0.00586	0.00567	0.00186	0.00838	0.00452	0.00305	0.00895
39	0.00858	0.00583	0.00695	0.00695	0.00712	0.00600	0.00420	0.00892	0.00875	0.01183	0.01818	0.03619	0.02041	0.67095	0.14983	0.00634	0.00737	0.00823	0.00352	0.00386
40	0.01265	0.01193	0.01621	0.01397	0.01418	0.01612	0.01135	0.04451	0.00979	0.01478	0.00980	0.01717	0.01009	0.13694	0.02056	0.00306	0.62211	0.00574	0.00289	0.00616
41	0.14153	0.00630	0.00706	0.00775	0.00856	0.00639	0.00520	0.00980	0.01050	0.01612	0.02547	0.49140	0.02980	0.19257	0.01205	0.00307	0.00414	0.01274	0.00476	0.00479
42	0.02026	0.01754	0.01782	0.13870	0.05154	0.15003	0.01239	0.46402	0.02268	0.02892	0.01258	0.01384	0.00925	0.00666	0.00581	0.00176	0.00749	0.00504	0.00476	0.00890
43	0.01187	0.01123	0.01900	0.62796	0.18524	0.01332	0.01677	0.01572	0.01216	0.01596	0.01064	0.01554	0.00818	0.00578	0.00590	0.00193	0.00771	0.00526	0.00269	0.00714
44	0.00758	0.00598	0.00683	0.00670	0.00837	0.00523	0.00499	0.00960	0.01476	0.01920	0.35035	0.08318	0.42835	0.01391	0.00701	0.00196	0.00293	0.01192	0.00592	0.00523
45	0.01043	0.00601	0.00808	0.00871	0.00978	0.00552	0.00617	0.01174	0.01232	0.13585	0.03104	0.63434	0.03494	0.01662	0.00731	0.00232	0.00377	0.04356	0.00578	0.00568
46	0.01283	0.01434	0.03021	0.02186	0.02719	0.01334	0.61558	0.01725	0.01388	0.01846	0.01974	0.02259	0.12956	0.00660	0.00698	0.00199	0.00884	0.00787	0.00340	0.00749
47	0.03156	0.40204	0.36788	0.01320	0.01991	0.01828	0.01542	0.01850	0.01234	0.03849	0.00978	0.01119	0.00773	0.00539	0.00470	0.00157	0.00737	0.00380	0.00268	0.00817
48	0.01059	0.00627	0.00817	0.00860	0.00999	0.00570	0.00635	0.01209	0.01283	0.13618	0.03496	0.46859	0.13976	0.01592	0.00728	0.00229	0.00387	0.09900	0.00578	0.00576
49	0.61595	0.03645	0.04135	0.00937	0.01348	0.01459	0.00809	0.15974	0.01373	0.02797	0.00951	0.01063	0.00721	0.00580	0.00419	0.00180	0.00518	0.00367	0.00403	0.00726
50	0.00763	0.00545	0.00734	0.00863	0.00918	0.00516	0.00615	0.00901	0.01191	0.01587	0.06175	0.64097	0.03897	0.01791	0.00763	0.00243	0.00373	0.12981	0.00552	0.00494
51	0.01971	0.02037	0.01585	0.01380	0.01732	0.34629	0.01069	0.18753	0.26279	0.02307	0.01528	0.01528	0.01166	0.00697	0.00569	0.00174	0.00772	0.00511	0.00469	0.00842
52	0.01380	0.01581	0.05484	0.01893	0.02341	0.09515	0.40747	0.04512	0.01414	0.01813	0.01909	0.02161	0.12932	0.00758	0.00804	0.01863	0.07106	0.00717	0.00346	0.00725
53	0.01183	0.02546	0.58833	0.01580	0.02306	0.01261	0.04768	0.01771	0.01219	0.03986	0.01189	0.01459	0.00894	0.01192	0.12938	0.00311	0.00983	0.00484	0.00277	0.00819
54	0.01388	0.01648	0.06108	0.02463	0.03072	0.01491	0.70814	0.01894	0.01391	0.01894	0.01192	0.01583	0.00892	0.00501	0.00693	0.00199	0.00993	0.00689	0.00297	0.00800
55	0.00860	0.00573	0.00645	0.00645	0.00645	0.00573	0.00358	0.00860	0.00860	0.01147	0.01863	0.03870	0.02150	0.79217	0.03010	0.00573	0.00573	0.00860	0.00358	0.00358
56	0.00798	0.00589	0.00746	0.00736	0.00867	0.00537	0.00541	0.01030	0.01539	0.02120	0.53562	0.16663	0.15369	0.01355	0.00707	0.00197	0.00292	0.01194	0.00620	0.00537

[dist]
# distance from previous block
# <min> <max>
0	1

[block]
# block no. 3 follows, 39 sequences, length 22
# corresponding to MSA columns:
# 254-275
name=unknown_D
#
# <colnr> <probs for GDERKNQSTAVLIFYWHMCP>
#	G	D	E	R	K	N	Q	S	T	A	V	L	I	F	Y	W	H	M	C	P
0	0.00712	0.00547	0.00653	0.00738	0.00835	0.00488	0.00511	0.00833	0.01215	0.01543	0.04304	0.50871	0.31197	0.01717	0.00733	0.00225	0.00326	0.01516	0.00549	0.00488
1	0.01695	0.00725	0.00865	0.00743	0.01003	0.00673	0.00588	0.01953	0.01413	0.30392	0.02084	0.02131	0.01496	0.00705	0.00483	0.00155	0.00363	0.00568	0.51241	0.00725
2	0.00752	0.00601	0.00672	0.00654	0.00831	0.00522	0.00491	0.00951	0.01473	0.01893	0.32454	0.05204	0.48640	0.01387	0.00698	0.00194	0.00292	0.01180	0.00588	0.00522
3	0.00872	0.00720	0.01102	0.30249	0.02087	0.00799	0.00967	0.01086	0.01151	0.01510	0.02415	0.49298	0.02717	0.01370	0.00692	0.00224	0.00513	0.01239	0.00440	0.00548
4	0.00979	0.00928	0.01758	0.01462	0.01711	0.00868	0.28391	0.01233	0.01233	0.01657	0.02471	0.49305	0.02759	0.01335	0.00733	0.00225	0.00593	0.01305	0.00453	0.00602
5	0.83394	0.01144	0.00869	0.00778	0.01144	0.01327	0.00640	0.01738	0.01006	0.02653	0.00823	0.00961	0.00640	0.00549	0.00366	0.00183	0.00457	0.00320	0.00366	0.00640
6	0.33100	0.01297	0.01248	0.01018	0.01401	0.01451	0.00834	0.35442	0.01875	0.03092	0.01267	0.01360	0.00941	0.00645	0.00479	0.00174	0.00521	0.00454	0.12602	0.00799
7	0.01581	0.79572	0.03099	0.01012	0.01518	0.02340	0.01012	0.01771	0.01202	0.01391	0.00822	0.00949	0.00759	0.00506	0.00379	0.00126	0.00632	0.00316	0.00253	0.00759
8	0.00842	0.00622	0.00889	0.00872	0.00990	0.00670	0.00670	0.01079	0.01227	0.01755	0.29732	0.03124	0.03046	0.03202	0.47752	0.00658	0.01085	0.00800	0.00445	0.00539
9	0.00956	0.00537	0.00603	0.00655	0.00754	0.00524	0.00465	0.01166	0.01199	0.01939	0.02438	0.31498	0.02432	0.01134	0.00544	0.00177	0.00301	0.00983	0.51171	0.00524
10	0.10841	0.02276	0.39606	0.01888	0.02598	0.01415	0.29222	0.01865	0.01277	0.01972	0.01085	0.01348	0.00793	0.00536	0.00591	0.00191	0.00873	0.00523	0.00282	0.00818
11	0.02094	0.02031	0.01658	0.01395	0.01779	0.30443	0.01097	0.33693	0.15232	0.02630	0.01404	0.01426	0.01056	0.00688	0.00571	0.00172	0.00777	0.00499	0.00484	0.00871
12	0.00889	0.01540	0.29487	0.01019	0.01474	0.00835	0.01116	0.01248	0.01319	0.01725	0.06091	0.03956	0.44794	0.01132	0.00646	0.00195	0.00519	0.00933	0.00438	0.00644
13	0.01184	0.01860	0.30281	0.40061	0.11817	0.01347	0.01870	0.01685	0.01227	0.01698	0.01062	0.01438	0.00791	0.00573	0.00579	0.00191	0.00811	0.00492	0.00261	0.00773
14	0.83394	0.01144	0.00869	0.00778	0.01144	0.01327	0.00640	0.01738	0.01006	0.02653	0.00823	0.00961	0.00640	0.00549	0.00366	0.00183	0.00457	0.00320	0.00366	0.00640
15	0.00885	0.01539	0.29482	0.01014	0.01472	0.00833	0.01113	0.01240	0.01310	0.01703	0.04106	0.03993	0.46793	0.01140	0.00647	0.00195	0.00519	0.00938	0.00435	0.00643
16	0.52076	0.01192	0.01048	0.00940	0.01294	0.01382	0.00753	0.02275	0.29086	0.02585	0.01429	0.01437	0.01086	0.00646	0.00456	0.00190	0.00462	0.00453	0.00456	0.00753
17	0.01320	0.01135	0.01269	0.01001	0.01454	0.01049	0.00791	0.02121	0.29222	0.02136	0.01569	0.01601	0.01231	0.00577	0.00501	0.00131	0.00449	0.00472	0.00446	0.51524
18	0.01754	0.01491	0.02143	0.04889	0.45307	0.01566	0.01546	0.29232	0.01890	0.02606	0.01228	0.01450	0.00959	0.00599	0.00588	0.00177	0.00685	0.00529	0.00406	0.00955
19	0.01184	0.01144	0.01788	0.48649	0.03110	0.01504	0.01509	0.01477	0.01077	0.01477	0.00946	0.01469	0.00784	0.00761	0.01107	0.00221	0.30356	0.00522	0.00261	0.00653
20	0.01914	0.00818	0.01110	0.00965	0.01260	0.00721	0.00747	0.02095	0.01478	0.47485	0.02687	0.31379	0.02400	0.01160	0.00656	0.00205	0.00442	0.01010	0.00662	0.00805
21	0.00859	0.00633	0.00821	0.00852	0.01000	0.00595	0.00691	0.01114	0.01501	0.02014	0.36254	0.05489	0.16232	0.01419	0.00743	0.00221	0.00384	0.28041	0.00594	0.00543

[dist]
# distance from previous block
# <min> <max>
0	1

[block]
# block no. 4 follows, 39 sequences, length 49
# corresponding to MSA columns:
# 277-325
name=unknown_E
#
# <colnr> <probs for GDERKNQSTAVLIFYWHMCP>
#	G	D	E	R	K	N	Q	S	T	A	V	L	I	F	Y	W	H	M	C	P
0	0.03003	0.46870	0.32831	0.01282	0.01935	0.01926	0.01483	0.01812	0.01217	0.01612	0.00920	0.01071	0.00753	0.00530	0.00454	0.00152	0.00728	0.00366	0.00254	0.00804
1	0.00721	0.00515	0.00686	0.00823	0.00858	0.00480	0.00549	0.00823	0.01132	0.01510	0.03259	0.78831	0.03911	0.01853	0.00755	0.00240	0.00343	0.01681	0.00549	0.00480
2	0.01224	0.00709	0.00807	0.00721	0.00990	0.00599	0.00562	0.01395	0.01441	0.21582	0.05008	0.04702	0.55442	0.01292	0.00671	0.00195	0.00354	0.01072	0.00598	0.00636
3	0.01397	0.01440	0.02760	0.11749	0.38553	0.01430	0.30167	0.01811	0.01347	0.01868	0.01139	0.01529	0.00904	0.00523	0.00631	0.00188	0.00829	0.00595	0.00292	0.00849
4	0.01346	0.01379	0.02625	0.23157	0.30179	0.01413	0.27594	0.01762	0.01320	0.01805	0.01126	0.01542	0.00883	0.00534	0.00628	0.00190	0.00832	0.00588	0.00287	0.00811
5	0.23365	0.01253	0.01558	0.01344	0.01443	0.01681	0.01118	0.01508	0.00933	0.01754	0.00789	0.01204	0.00740	0.00904	0.01517	0.00238	0.57253	0.00464	0.00288	0.00645
6	0.14967	0.01806	0.21973	0.02635	0.43585	0.01384	0.01720	0.01818	0.01264	0.02036	0.01051	0.01322	0.00837	0.00540	0.00543	0.00180	0.00708	0.00468	0.00293	0.00871
7	0.01866	0.01434	0.01708	0.21870	0.02379	0.01629	0.01228	0.48295	0.05475	0.03017	0.01384	0.01527	0.01002	0.00681	0.00585	0.00182	0.00665	0.00537	0.03642	0.00891
8	0.00811	0.00721	0.00915	0.21352	0.01679	0.00718	0.00770	0.01027	0.01303	0.01574	0.04663	0.04585	0.55260	0.01254	0.00670	0.00199	0.00431	0.01054	0.00472	0.00542
9	0.01581	0.02507	0.56050	0.01515	0.02277	0.01238	0.01831	0.02144	0.01368	0.21783	0.01403	0.01454	0.00941	0.00608	0.00571	0.00186	0.00774	0.00479	0.00379	0.00910
10	0.01198	0.02990	0.73059	0.01767	0.05620	0.01375	0.02169	0.01870	0.01253	0.01875	0.01063	0.01258	0.00757	0.00560	0.00563	0.00187	0.00867	0.00441	0.00252	0.00877
11	0.01224	0.00709	0.00807	0.00721	0.00990	0.00599	0.00562	0.01395	0.01441	0.21582	0.05008	0.04702	0.55442	0.01292	0.00671	0.00195	0.00354	0.01072	0.00598	0.00636
12	0.00886	0.01246	0.20999	0.00988	0.01315	0.00753	0.00976	0.01220	0.01403	0.01946	0.30219	0.17889	0.15459	0.01205	0.00672	0.00199	0.00454	0.01045	0.00507	0.00619
13	0.01289	0.06852	0.11756	0.32448	0.22778	0.01441	0.11669	0.01710	0.01266	0.01715	0.01073	0.01464	0.00836	0.00551	0.00586	0.00186	0.00794	0.00524	0.00274	0.00786
14	0.01497	0.01690	0.02334	0.28669	0.04947	0.20158	0.25189	0.01853	0.01367	0.01629	0.01054	0.01441	0.00821	0.00583	0.00672	0.00189	0.04359	0.00546	0.00286	0.00717
15	0.00721	0.00540	0.00670	0.00765	0.00845	0.00489	0.00525	0.00845	0.01213	0.01576	0.07697	0.57076	0.21423	0.01732	0.00738	0.00227	0.00329	0.01543	0.00554	0.00489
16	0.01531	0.58610	0.03204	0.01410	0.01941	0.02113	0.20466	0.01804	0.01254	0.01527	0.00923	0.01122	0.00796	0.00504	0.00465	0.00146	0.00730	0.00419	0.00265	0.00769
17	0.01291	0.01115	0.01420	0.21650	0.02157	0.01121	0.01026	0.06439	0.13879	0.02006	0.01371	0.03850	0.01111	0.00611	0.00549	0.00149	0.01700	0.00507	0.00390	0.37659
18	0.02165	0.01722	0.01759	0.01786	0.17008	0.20971	0.01199	0.19393	0.03731	0.22143	0.01495	0.01517	0.01072	0.00654	0.00576	0.00173	0.00725	0.00512	0.00493	0.00907
19	0.01445	0.01456	0.02693	0.03324	0.56055	0.01429	0.21054	0.01836	0.01360	0.01922	0.01135	0.01499	0.00926	0.00519	0.00616	0.00182	0.00782	0.00573	0.00294	0.00899
20	0.01117	0.21964	0.01671	0.01067	0.01262	0.01347	0.00904	0.01309	0.01011	0.01386	0.01245	0.01783	0.01169	0.02815	0.43892	0.00614	0.14014	0.00529	0.00290	0.00610
21	0.01689	0.01073	0.01299	0.00953	0.01457	0.00871	0.00772	0.05969	0.01447	0.23016	0.01436	0.01460	0.01050	0.00537	0.00491	0.00120	0.00469	0.00430	0.00472	0.54991
22	0.23254	0.00809	0.00875	0.00790	0.01043	0.00801	0.00614	0.01472	0.01402	0.11663	0.30276	0.09607	0.10050	0.01024	0.00590	0.00187	0.00369	0.00850	0.00555	0.03768
23	0.01610	0.01039	0.01266	0.00923	0.01431	0.00810	0.00746	0.01864	0.01352	0.21823	0.01396	0.01438	0.01034	0.00517	0.00480	0.00113	0.00456	0.00416	0.00453	0.60835
24	0.01186	0.03059	0.76153	0.01686	0.02560	0.01373	0.02185	0.01873	0.01249	0.01873	0.01061	0.01249	0.00749	0.00562	0.00562	0.00187	0.00874	0.00437	0.00250	0.00874
25	0.01797	0.19625	0.22008	0.01455	0.01957	0.40303	0.01394	0.02101	0.01458	0.01550	0.00934	0.01090	0.00758	0.00574	0.00507	0.00156	0.00920	0.00382	0.00279	0.00752
26	0.01176	0.21767	0.01396	0.00835	0.00971	0.01005	0.00648	0.01039	0.00886	0.01125	0.00972	0.01569	0.00955	0.01638	0.01792	0.60571	0.00546	0.00461	0.00256	0.00392
27	0.00752	0.00539	0.00714	0.00802	0.00865	0.00501	0.00551	0.00902	0.01278	0.01741	0.22603	0.58826	0.04360	0.01680	0.00739	0.00226	0.00326	0.01517	0.00576	0.00501
28	0.01168	0.01622	0.21597	0.01445	0.01699	0.01453	0.01398	0.01457	0.01004	0.01524	0.01040	0.01565	0.00948	0.04506	0.15093	0.00376	0.40628	0.00530	0.00271	0.00676
29	0.01455	0.01396	0.02384	0.05520	0.73706	0.01403	0.01811	0.01807	0.01342	0.01921	0.01111	0.01467	0.00933	0.00529	0.00586	0.00176	0.00705	0.00527	0.00292	0.00930
30	0.01102	0.02364	0.54517	0.01421	0.02055	0.01161	0.03004	0.01601	0.01147	0.01678	0.01279	0.01960	0.01128	0.21705	0.01222	0.00291	0.00795	0.00556	0.00280	0.00734
31	0.02335	0.01077	0.01363	0.01093	0.01517	0.01031	0.00887	0.02952	0.21254	0.56188	0.02353	0.02065	0.01556	0.00751	0.00597	0.00188	0.00494	0.00615	0.00697	0.00988
32	0.01327	0.01360	0.02514	0.22266	0.22603	0.01468	0.25324	0.01707	0.01258	0.01738	0.01077	0.01513	0.00863	0.00606	0.00815	0.00201	0.11720	0.00582	0.00282	0.00777
33	0.09104	0.05492	0.02521	0.25355	0.06241	0.03955	0.32300	0.01749	0.01271	0.01791	0.01067	0.01461	0.00825	0.00558	0.00655	0.00193	0.03874	0.00564	0.00290	0.00734
34	0.00721	0.00515	0.00686	0.00823	0.00858	0.00480	0.00549	0.00823	0.01132	0.01510	0.03259	0.78831	0.03911	0.01853	0.00755	0.00240	0.00343	0.01681	0.00549	0.00480
35	0.00854	0.00582	0.00684	0.00672	0.00709	0.00569	0.00412	0.00929	0.01079	0.01476	0.21582	0.04017	0.03072	0.58246	0.02388	0.00469	0.00494	0.00916	0.00437	0.00412
36	0.00920	0.00754	0.01147	0.01578	0.20931	0.00729	0.00889	0.01090	0.01190	0.01623	0.02682	0.58032	0.03112	0.01496	0.00709	0.00223	0.00440	0.01371	0.00480	0.00603
37	0.01204	0.02018	0.39991	0.01608	0.10067	0.01155	0.01592	0.01691	0.01379	0.05807	0.21052	0.02166	0.02107	0.00766	0.00675	0.00189	0.04725	0.00629	0.00388	0.00791
38	0.01347	0.01108	0.01262	0.00971	0.01442	0.00975	0.00770	0.01987	0.20931	0.04910	0.01465	0.01520	0.01148	0.00547	0.00488	0.00122	0.00449	0.00445	0.00433	0.57681
39	0.01324	0.14945	0.44553	0.02100	0.22008	0.01538	0.01896	0.01841	0.01267	0.01811	0.01036	0.01258	0.00801	0.00543	0.00539	0.00174	0.00789	0.00442	0.00262	0.00872
40	0.00987	0.00871	0.01516	0.01214	0.01477	0.00810	0.20135	0.01325	0.01599	0.02243	0.55317	0.03659	0.04321	0.01018	0.00698	0.00190	0.00472	0.00970	0.00556	0.00622
41	0.00902	0.00754	0.01007	0.00980	0.01046	0.00859	0.00743	0.01060	0.01225	0.01708	0.20700	0.33189	0.09646	0.01442	0.01055	0.00228	0.21236	0.01179	0.00496	0.00546
42	0.01768	0.51444	0.02674	0.01250	0.01697	0.25633	0.04845	0.01962	0.01360	0.01435	0.00871	0.01019	0.00767	0.00538	0.00444	0.00138	0.00787	0.00356	0.00272	0.00738
43	0.03911	0.22122	0.01673	0.00915	0.01367	0.01254	0.00786	0.04104	0.03536	0.08903	0.03186	0.01438	0.01114	0.00553	0.00449	0.00124	0.00484	0.00418	0.08858	0.34803
44	0.01439	0.10165	0.53805	0.01538	0.02284	0.03462	0.01836	0.08980	0.03599	0.05808	0.01174	0.01299	0.00843	0.00588	0.00549	0.00180	0.00803	0.00448	0.00320	0.00879
45	0.01792	0.04725	0.01412	0.01087	0.01447	0.01408	0.00885	0.35736	0.14735	0.06025	0.01740	0.01772	0.01290	0.00712	0.00536	0.00169	0.00511	0.00554	0.22603	0.00860
46	0.01019	0.00835	0.01234	0.01538	0.20968	0.00809	0.00907	0.01350	0.03759	0.02211	0.49321	0.07456	0.04130	0.01047	0.00667	0.00186	0.00402	0.00944	0.00548	0.00667
47	0.01282	0.10375	0.49258	0.01835	0.02597	0.01504	0.21206	0.01868	0.01283	0.01830	0.01074	0.01312	0.00790	0.00539	0.00580	0.00184	0.00883	0.00495	0.00263	0.00842
48	0.00721	0.00515	0.00686	0.00823	0.00858	0.00480	0.00549	0.00823	0.01132	0.01510	0.03259	0.78831	0.03911	0.01853	0.00755	0.00240	0.00343	0.01681	0.00549	0.00480

[dist]
# distance from previous block
# <min> <max>
4	11

[block]
# block no. 5 follows, 39 sequences, length 7
# corresponding to MSA columns:
# 337-343
name=unknown_F
#
# <colnr> <probs for GDERKNQSTAVLIFYWHMCP>
#	G	D	E	R	K	N	Q	S	T	A	V	L	I	F	Y	W	H	M	C	P
0	0.01226	0.01051	0.01226	0.00876	0.01401	0.00788	0.00701	0.01489	0.01226	0.01927	0.01051	0.01226	0.00876	0.00438	0.00438	0.00088	0.00438	0.00350	0.00350	0.82832
1	0.02006	0.23689	0.02125	0.01457	0.05489	0.37490	0.01137	0.16376	0.01749	0.01911	0.01000	0.01125	0.00819	0.00597	0.00505	0.00151	0.00845	0.00401	0.00347	0.00782
2	0.01186	0.03059	0.76153	0.01686	0.02560	0.01373	0.02185	0.01873	0.01249	0.01873	0.01061	0.01249	0.00749	0.00562	0.00562	0.00187	0.00874	0.00437	0.00250	0.00874
3	0.01427	0.15055	0.55385	0.01501	0.02265	0.01467	0.01838	0.01979	0.01295	0.10785	0.01177	0.01293	0.00837	0.00574	0.00537	0.00177	0.00790	0.00437	0.00309	0.00872
4	0.15970	0.08524	0.49824	0.01477	0.02198	0.01421	0.05111	0.01893	0.01231	0.05697	0.01070	0.01229	0.00773	0.00561	0.00521	0.00182	0.00768	0.00427	0.00297	0.00826
5	0.01534	0.01104	0.01263	0.01351	0.01457	0.00963	0.00896	0.01420	0.01611	0.02227	0.03750	0.70463	0.04262	0.02203	0.01053	0.00371	0.00620	0.01780	0.00781	0.00892
6	0.00777	0.00592	0.00714	0.00705	0.00852	0.00529	0.00521	0.00991	0.01499	0.02008	0.43368	0.13875	0.28653	0.01384	0.00705	0.00197	0.00294	0.01203	0.00605	0.00529

[dist]
# distance from previous block
# <min> <max>
0	1

[block]
# block no. 6 follows, 39 sequences, length 42
# corresponding to MSA columns:
# 345-386
name=unknown_G
#
# <colnr> <probs for GDERKNQSTAVLIFYWHMCP>
#	G	D	E	R	K	N	Q	S	T	A	V	L	I	F	Y	W	H	M	C	P
0	0.00860	0.00573	0.00645	0.00645	0.00645	0.00573	0.00358	0.00860	0.00860	0.01147	0.01863	0.03870	0.02150	0.79217	0.03010	0.00573	0.00573	0.00860	0.00358	0.00358
1	0.00938	0.00670	0.00936	0.01072	0.01202	0.00668	0.00927	0.01200	0.01347	0.01753	0.03139	0.11283	0.03436	0.01648	0.00813	0.00270	0.00532	0.67081	0.00545	0.00540
2	0.01102	0.00551	0.00551	0.00551	0.00689	0.00551	0.00413	0.01378	0.01240	0.02205	0.01929	0.02205	0.01516	0.00689	0.00413	0.00138	0.00276	0.00551	0.82500	0.00551
3	0.63285	0.01312	0.03832	0.00910	0.01303	0.05059	0.00773	0.04789	0.03773	0.08830	0.01045	0.01129	0.00776	0.00583	0.00418	0.00182	0.00515	0.00372	0.00407	0.00708
4	0.01186	0.03059	0.76153	0.01686	0.02560	0.01373	0.02185	0.01873	0.01249	0.01873	0.01061	0.01249	0.00749	0.00562	0.00562	0.00187	0.00874	0.00437	0.00250	0.00874
