[name]
unknown

[dist]
# distance from previous block
# <min> <max>
0	176

[block]
# block no. 0 follows, 40 sequences, length 56
# corresponding to MSA columns:
# 197-252
name=unknown_A
#
# <colnr> <probs for GDERKNQSTAVLIFYWHMCP>
#	G	D	E	R	K	N	Q	S	T	A	V	L	I	F	Y	W	H	M	C	P
0	0.01551	0.01486	0.01853	0.01604	0.01660	0.07606	0.01303	0.01635	0.01087	0.04167	0.01001	0.01509	0.00946	0.01074	0.01791	0.00272	0.67831	0.00554	0.00333	0.00737
1	0.04160	0.00718	0.00711	0.00699	0.00858	0.00695	0.00511	0.01509	0.01336	0.02353	0.02033	0.02374	0.01632	0.00803	0.00495	0.00175	0.00353	0.00597	0.77337	0.00652
2	0.01881	0.01325	0.01425	0.01212	0.01584	0.04350	0.00965	0.16728	0.38692	0.18324	0.02165	0.02177	0.01610	0.00809	0.00610	0.00197	0.00541	0.03852	0.00614	0.00938
3	0.19565	0.01438	0.01489	0.01191	0.01617	0.01582	0.00972	0.43288	0.10658	0.10123	0.01501	0.01492	0.01079	0.00700	0.00551	0.00185	0.00576	0.00511	0.00559	0.00921
4	0.01400	0.01330	0.02246	0.19491	0.60195	0.01380	0.01758	0.01743	0.01311	0.01843	0.01116	0.01511	0.00923	0.00555	0.00592	0.00184	0.00720	0.00529	0.00294	0.00879
5	0.00860	0.00621	0.00804	0.00757	0.00897	0.00571	0.00565	0.01124	0.01665	0.02361	0.75242	0.04375	0.05494	0.01209	0.00700	0.00189	0.00288	0.01060	0.00650	0.00567
6	0.02202	0.02786	0.01669	0.01519	0.01820	0.76817	0.01136	0.02341	0.01667	0.01457	0.00935	0.01099	0.00783	0.00623	0.00540	0.00156	0.01058	0.00387	0.00312	0.00692
7	0.00768	0.00563	0.00761	0.05107	0.01046	0.00540	0.00615	0.00875	0.01138	0.01518	0.03108	0.74504	0.03693	0.01770	0.00747	0.00240	0.00374	0.01595	0.00535	0.00501
8	0.00860	0.00621	0.00804	0.00757	0.00897	0.00571	0.00565	0.01124	0.01665	0.02361	0.75242	0.04375	0.05494	0.01209	0.00700	0.00189	0.00288	0.01060	0.00650	0.00567
9	0.01393	0.01299	0.02076	0.09719	0.53156	0.01262	0.01545	0.01712	0.01306	0.01893	0.01111	0.01447	0.00928	0.00529	0.00560	0.00163	0.00654	0.00492	0.00310	0.18447
10	0.00730	0.00598	0.00635	0.00662	0.00826	0.00509	0.00479	0.00857	0.01301	0.01586	0.05326	0.21318	0.59983	0.01566	0.00713	0.00211	0.00317	0.01325	0.00551	0.00506
11	0.01700	0.01073	0.01297	0.00959	0.01454	0.00868	0.00773	0.05317	0.01434	0.23855	0.01456	0.01491	0.01071	0.00552	0.00499	0.00125	0.00472	0.00436	0.00478	0.54690
12	0.02240	0.01650	0.01766	0.01360	0.01826	0.01818	0.01118	0.73611	0.02747	0.03686	0.01430	0.01444	0.01022	0.00721	0.00597	0.00181	0.00651	0.00535	0.00592	0.01005
13	0.01399	0.01149	0.01246	0.01117	0.01424	0.01277	0.00863	0.02716	0.58073	0.04392	0.14658	0.02545	0.02391	0.00866	0.00617	0.00197	0.00441	0.00723	0.00607	0.03299
14	0.02192	0.00936	0.01247	0.00986	0.01377	0.00808	0.00797	0.02418	0.01655	0.56642	0.17310	0.02467	0.02269	0.00823	0.00612	0.00182	0.00458	0.00678	0.00693	0.05451
15	0.02154	0.01607	0.01718	0.01342	0.01793	0.01778	0.01097	0.65618	0.10881	0.03547	0.01539	0.01531	0.01110	0.00731	0.00598	0.00184	0.00631	0.00550	0.00593	0.00998
16	0.02240	0.01650	0.01766	0.01360	0.01826	0.01818	0.01118	0.73611	0.02747	0.03686	0.01430	0.01444	0.01022	0.00721	0.00597	0.00181	0.00651	0.00535	0.00592	0.01005
17	0.01241	0.01058	0.01230	0.00886	0.01403	0.00796	0.00704	0.01488	0.01228	0.01926	0.01069	0.01255	0.00895	0.00455	0.00446	0.00093	0.00443	0.00357	0.00357	0.82670
18	0.01134	0.01058	0.01765	0.77753	0.04015	0.01310	0.01625	0.01510	0.01185	0.01519	0.01069	0.01598	0.00809	0.00605	0.00596	0.00200	0.00786	0.00528	0.00271	0.00664
19	0.01588	0.79492	0.03061	0.01019	0.01517	0.02313	0.01009	0.01764	0.01204	0.01402	0.00845	0.00983	0.00780	0.00521	0.00389	0.00131	0.00633	0.00323	0.00261	0.00764
20	0.01363	0.01143	0.01246	0.01157	0.01446	0.01289	0.00909	0.02695	0.58825	0.02357	0.07979	0.02984	0.02299	0.00954	0.00643	0.00212	0.00469	0.10577	0.00598	0.00856
21	0.02636	0.01014	0.01373	0.01058	0.01509	0.00875	0.00869	0.02850	0.01684	0.75949	0.02322	0.02024	0.01470	0.00742	0.00600	0.00186	0.00507	0.00596	0.00730	0.01006
22	0.00746	0.00534	0.00702	0.00834	0.00871	0.00495	0.00556	0.00838	0.01136	0.01518	0.03228	0.78792	0.03863	0.01838	0.00756	0.00242	0.00350	0.01658	0.00551	0.00492
23	0.02636	0.01014	0.01373	0.01058	0.01509	0.00875	0.00869	0.02850	0.01684	0.75949	0.02322	0.02024	0.01470	0.00742	0.00600	0.00186	0.00507	0.00596	0.00730	0.01006
24	0.02636	0.01014	0.01373	0.01058	0.01509	0.00875	0.00869	0.02850	0.01684	0.75949	0.02322	0.02024	0.01470	0.00742	0.00600	0.00186	0.00507	0.00596	0.00730	0.01006
25	0.00854	0.00621	0.00794	0.00750	0.00893	0.00568	0.00560	0.01111	0.01650	0.02323	0.71824	0.04437	0.08936	0.01223	0.00700	0.00190	0.00289	0.01068	0.00646	0.00565
26	0.00725	0.00616	0.00617	0.00615	0.00814	0.00513	0.00459	0.00862	0.01347	0.01604	0.05899	0.05621	0.75310	0.01491	0.00702	0.00203	0.00308	0.01234	0.00551	0.00510
27	0.01120	0.00569	0.00570	0.00568	0.00706	0.00564	0.00423	0.01380	0.01241	0.02198	0.01928	0.02212	0.01521	0.00700	0.00422	0.00142	0.00284	0.00553	0.82337	0.00561
28	0.02240	0.01650	0.01766	0.01360	0.01826	0.01818	0.01118	0.73611	0.02747	0.03686	0.01430	0.01444	0.01022	0.00721	0.00597	0.00181	0.00651	0.00535	0.00592	0.01005
29	0.02636	0.01014	0.01373	0.01058	0.01509	0.00875	0.00869	0.02850	0.01684	0.75949	0.02322	0.02024	0.01470	0.00742	0.00600	0.00186	0.00507	0.00596	0.00730	0.01006
30	0.00746	0.00534	0.00702	0.00834	0.00871	0.00495	0.00556	0.00838	0.01136	0.01518	0.03228	0.78792	0.03863	0.01838	0.00756	0.00242	0.00350	0.01658	0.00551	0.00492
31	0.02522	0.01018	0.01357	0.01053	0.01487	0.00895	0.00862	0.05551	0.01725	0.69005	0.06337	0.02132	0.01676	0.00768	0.00605	0.00186	0.00500	0.00619	0.00720	0.00982
32	0.01480	0.01272	0.01338	0.01206	0.01536	0.01463	0.00934	0.03105	0.74490	0.02461	0.02395	0.02213	0.01804	0.00811	0.00607	0.00204	0.00472	0.00668	0.00602	0.00937
33	0.00860	0.00621	0.00804	0.00757	0.00897	0.00571	0.00565	0.01124	0.01665	0.02361	0.75242	0.04375	0.05494	0.01209	0.00700	0.00189	0.00288	0.01060	0.00650	0.00567
34	0.00746	0.00534	0.00702	0.00834	0.00871	0.00495	0.00556	0.00838	0.01136	0.01518	0.03228	0.78792	0.03863	0.01838	0.00756	0.00242	0.00350	0.01658	0.00551	0.00492
35	0.00746	0.00534	0.00702	0.00834	0.00871	0.00495	0.00556	0.00838	0.01136	0.01518	0.03228	0.78792	0.03863	0.01838	0.00756	0.00242	0.00350	0.01658	0.00551	0.00492
36	0.02636	0.01014	0.01373	0.01058	0.01509	0.00875	0.00869	0.02850	0.01684	0.75949	0.02322	0.02024	0.01470	0.00742	0.00600	0.00186	0.00507	0.00596	0.00730	0.01006
37	0.00746	0.00534	0.00702	0.00834	0.00871	0.00495	0.00556	0.00838	0.01136	0.01518	0.03228	0.78792	0.03863	0.01838	0.00756	0.00242	0.00350	0.01658	0.00551	0.00492
38	0.00753	0.00536	0.00700	0.00826	0.00862	0.00499	0.00548	0.00839	0.01124	0.01502	0.03166	0.75373	0.03784	0.05365	0.00857	0.00257	0.00361	0.01621	0.00542	0.00486
39	0.00757	0.00617	0.00661	0.00649	0.00833	0.00527	0.00484	0.00924	0.01422	0.01784	0.22382	0.05325	0.58715	0.01424	0.00701	0.00200	0.00303	0.01193	0.00575	0.00524
40	0.00746	0.00534	0.00702	0.00834	0.00871	0.00495	0.00556	0.00838	0.01136	0.01518	0.03228	0.78792	0.03863	0.01838	0.00756	0.00242	0.00350	0.01658	0.00551	0.00492
41	0.01128	0.00585	0.00589	0.00573	0.00722	0.00592	0.00434	0.04210	0.01279	0.02227	0.01877	0.02138	0.01471	0.00678	0.00413	0.00137	0.00286	0.00541	0.79560	0.00560
42	0.00813	0.00594	0.00763	0.00721	0.00862	0.00544	0.00541	0.01077	0.01622	0.02274	0.70327	0.04439	0.10825	0.01210	0.00686	0.00184	0.00276	0.01065	0.00633	0.00544
43	0.00687	0.00589	0.00589	0.00589	0.00785	0.00491	0.00442	0.00835	0.01325	0.01571	0.05891	0.05596	0.75700	0.01473	0.00687	0.00196	0.00295	0.01227	0.00540	0.00491
44	0.00831	0.00623	0.00935	0.00935	0.01038	0.00727	0.00727	0.01038	0.00935	0.01350	0.01558	0.02285	0.01454	0.04361	0.77259	0.00935	0.01558	0.00623	0.00312	0.00519
45	0.01084	0.00542	0.00542	0.00542	0.00678	0.00542	0.00407	0.01355	0.01220	0.02168	0.01897	0.02168	0.01491	0.00678	0.00407	0.00136	0.00271	0.00542	0.82791	0.00542
46	0.01439	0.01382	0.02360	0.03569	0.75936	0.01382	0.01785	0.01785	0.01324	0.01900	0.01094	0.01439	0.00921	0.00518	0.00576	0.00173	0.00691	0.00518	0.00288	0.00921
47	0.01098	0.01034	0.01744	0.78165	0.04005	0.01292	0.01615	0.01486	0.01163	0.01486	0.01034	0.01550	0.00775	0.00581	0.00581	0.00194	0.00775	0.00517	0.00258	0.00646
48	0.01373	0.01569	0.03431	0.02451	0.03039	0.01471	0.73824	0.01863	0.01373	0.01863	0.01176	0.01569	0.00882	0.00490	0.00686	0.00196	0.00980	0.00686	0.00294	0.00784
49	0.00816	0.00551	0.00643	0.00672	0.00679	0.00544	0.00392	0.00838	0.00903	0.01204	0.02125	0.19885	0.02484	0.62980	0.02487	0.00494	0.00515	0.01018	0.00392	0.00378
50	0.00871	0.00623	0.00858	0.00975	0.01085	0.00610	0.00804	0.01099	0.01313	0.01735	0.10021	0.23980	0.03672	0.01619	0.00777	0.00252	0.00463	0.48176	0.00546	0.00521
51	0.01166	0.03008	0.76550	0.01657	0.02517	0.01351	0.02149	0.01842	0.01228	0.01842	0.01044	0.01228	0.00737	0.00552	0.00552	0.00184	0.00859	0.00430	0.00246	0.00859
52	0.01439	0.01382	0.02360	0.03569	0.75936	0.01382	0.01785	0.01785	0.01324	0.01900	0.01094	0.01439	0.00921	0.00518	0.00576	0.00173	0.00691	0.00518	0.00288	0.00921
53	0.01439	0.01382	0.02360	0.03569	0.75936	0.01382	0.01785	0.01785	0.01324	0.01900	0.01094	0.01439	0.00921	0.00518	0.00576	0.00173	0.00691	0.00518	0.00288	0.00921
54	0.01206	0.01034	0.01206	0.00861	0.01378	0.00775	0.00689	0.01464	0.01206	0.01895	0.01034	0.01206	0.00861	0.00431	0.00431	0.00086	0.00431	0.00345	0.00345	0.83118
55	0.06601	0.01530	0.01641	0.03140	0.01770	0.01698	0.01062	0.63174	0.04345	0.03463	0.04746	0.01528	0.01187	0.00711	0.00574	0.00176	0.00612	0.00539	0.00565	0.00939

[dist]
# distance from previous block
# <min> <max>
0	262

# created by:
# /software/SequenceAnalysis/GenePrediction/augustus/3.0.1/scripts/msa2prfl.pl ./fixed/BUSCOvEOG7ZGQSC.fas
