[name]
unknown

[dist]
# distance from previous block
# <min> <max>
1	84

[block]
# block no. 0 follows, 40 sequences, length 10
# corresponding to MSA columns:
# 114-123
name=unknown_A
#
# <colnr> <probs for GDERKNQSTAVLIFYWHMCP>
#	G	D	E	R	K	N	Q	S	T	A	V	L	I	F	Y	W	H	M	C	P
0	0.01734	0.01087	0.01260	0.01081	0.01424	0.01150	0.00854	0.02764	0.42912	0.25590	0.11365	0.02378	0.02127	0.00816	0.00601	0.00190	0.00448	0.00683	0.00638	0.00896
1	0.08332	0.03634	0.01419	0.01043	0.01502	0.01106	0.00863	0.16361	0.01730	0.41672	0.01747	0.01624	0.01171	0.00646	0.00535	0.00161	0.00513	0.00503	0.00587	0.14850
2	0.00795	0.00590	0.00741	0.00711	0.00853	0.00536	0.00530	0.01040	0.01569	0.02166	0.60628	0.07751	0.17408	0.01264	0.00689	0.00187	0.00280	0.01107	0.00619	0.00536
3	0.01380	0.01087	0.01246	0.00960	0.01422	0.00959	0.00763	0.02002	0.20735	0.07908	0.01486	0.01522	0.01149	0.00548	0.00485	0.00123	0.00444	0.00446	0.00440	0.54894
4	0.23107	0.22825	0.34490	0.01312	0.04414	0.01591	0.01429	0.01778	0.01156	0.01921	0.00921	0.01082	0.00717	0.00533	0.00455	0.00167	0.00682	0.00371	0.00278	0.00771
5	0.00932	0.21515	0.01302	0.00859	0.01015	0.00956	0.00660	0.01056	0.01131	0.01454	0.02571	0.58481	0.03026	0.01471	0.00645	0.00207	0.00413	0.01298	0.00463	0.00545
6	0.01076	0.00744	0.00872	0.00853	0.00963	0.00768	0.00625	0.11585	0.01276	0.01720	0.02143	0.06335	0.02298	0.41328	0.01853	0.00398	0.00546	0.19639	0.04473	0.00506
7	0.00737	0.00536	0.00695	0.00773	0.00846	0.00494	0.00535	0.00888	0.01270	0.01715	0.22567	0.53871	0.09662	0.01628	0.00723	0.00219	0.00317	0.01462	0.00566	0.00494
8	0.01535	0.22091	0.01807	0.01146	0.01530	0.01701	0.00955	0.08326	0.49695	0.02248	0.01878	0.01781	0.01441	0.00705	0.00533	0.00176	0.00517	0.00555	0.00500	0.00880
9	0.02504	0.01159	0.01454	0.01115	0.01569	0.01106	0.00921	0.21661	0.01947	0.57111	0.02057	0.01825	0.01320	0.00714	0.00584	0.00179	0.00533	0.00569	0.00683	0.00989

[dist]
# distance from previous block
# <min> <max>
0	1

[block]
# block no. 1 follows, 40 sequences, length 7
# corresponding to MSA columns:
# 125-131
name=unknown_B
#
# <colnr> <probs for GDERKNQSTAVLIFYWHMCP>
#	G	D	E	R	K	N	Q	S	T	A	V	L	I	F	Y	W	H	M	C	P
0	0.01392	0.01367	0.02075	0.24052	0.46312	0.06288	0.01639	0.01820	0.06023	0.01788	0.01146	0.01492	0.00924	0.00558	0.00575	0.00179	0.00723	0.00517	0.00300	0.00828
1	0.00817	0.00653	0.00973	0.22349	0.01724	0.00701	0.00839	0.00998	0.01127	0.01485	0.02600	0.57567	0.02991	0.01476	0.00697	0.00224	0.00459	0.01337	0.00461	0.00521
2	0.02099	0.03970	0.01571	0.01205	0.01616	0.03891	0.00987	0.33644	0.13456	0.23417	0.01889	0.01787	0.03682	0.00745	0.00623	0.00180	0.03146	0.00572	0.00589	0.00932
3	0.01243	0.01756	0.22600	0.01563	0.01802	0.01661	0.01516	0.01523	0.00984	0.01523	0.00841	0.01260	0.00756	0.00888	0.01531	0.00235	0.56881	0.00487	0.00252	0.00698
4	0.01555	0.79913	0.03047	0.00995	0.01493	0.02301	0.00995	0.01741	0.01182	0.01368	0.00808	0.00933	0.00746	0.00498	0.00373	0.00124	0.00622	0.00311	0.00249	0.00746
5	0.12594	0.12140	0.02058	0.05306	0.28723	0.09450	0.03570	0.13565	0.01527	0.04273	0.01081	0.01282	0.00859	0.00563	0.00519	0.00167	0.00686	0.00456	0.00352	0.00830
6	0.24341	0.01214	0.01187	0.01067	0.01404	0.01407	0.00840	0.02706	0.54309	0.02482	0.01933	0.01829	0.01456	0.00720	0.00527	0.00192	0.00457	0.00562	0.00527	0.00840

[dist]
# distance from previous block
# <min> <max>
0	20

[block]
# block no. 2 follows, 40 sequences, length 12
# corresponding to MSA columns:
# 152-163
name=unknown_C
#
# <colnr> <probs for GDERKNQSTAVLIFYWHMCP>
#	G	D	E	R	K	N	Q	S	T	A	V	L	I	F	Y	W	H	M	C	P
0	0.02609	0.00990	0.01350	0.01035	0.01484	0.00855	0.00855	0.02834	0.01664	0.76338	0.02294	0.01979	0.01439	0.00720	0.00585	0.00180	0.00495	0.00585	0.00720	0.00990
1	0.01305	0.01275	0.02163	0.28869	0.15503	0.01387	0.19191	0.02004	0.18437	0.01870	0.01390	0.01680	0.01060	0.00597	0.00609	0.00192	0.00738	0.00591	0.00350	0.00791
2	0.00831	0.00665	0.00919	0.00899	0.01017	0.00752	0.00702	0.01018	0.01022	0.01405	0.02508	0.02980	0.18718	0.03433	0.53657	0.00711	0.07126	0.00755	0.00360	0.00522
3	0.00709	0.00506	0.00675	0.00810	0.00843	0.00472	0.00540	0.00810	0.01113	0.01484	0.03205	0.79184	0.03846	0.01822	0.00742	0.00236	0.00337	0.01653	0.00540	0.00472
4	0.01482	0.01622	0.01750	0.01520	0.01590	0.19379	0.01238	0.01615	0.01067	0.01405	0.00795	0.01220	0.00760	0.00920	0.01586	0.00230	0.60434	0.00478	0.00265	0.00645
5	0.01104	0.00744	0.00912	0.00911	0.01073	0.00752	0.00664	0.01602	0.18454	0.09985	0.12998	0.42378	0.03329	0.01373	0.00682	0.00214	0.00374	0.01221	0.00586	0.00644
6	0.02609	0.00990	0.01350	0.01035	0.01484	0.00855	0.00855	0.02834	0.01664	0.76338	0.02294	0.01979	0.01439	0.00720	0.00585	0.00180	0.00495	0.00585	0.00720	0.00990
7	0.20427	0.01102	0.01577	0.59313	0.03353	0.01330	0.01405	0.01584	0.01165	0.01813	0.01050	0.01500	0.00807	0.00617	0.00559	0.00203	0.00720	0.00491	0.00306	0.00678
8	0.01394	0.30830	0.44011	0.01587	0.07215	0.01732	0.01719	0.01844	0.01260	0.01735	0.01030	0.01230	0.00819	0.00576	0.00518	0.00174	0.00781	0.00415	0.00274	0.00856
9	0.01479	0.55723	0.20072	0.01191	0.01747	0.01995	0.01272	0.01760	0.01218	0.01544	0.00986	0.01192	0.00859	0.00822	0.05718	0.00207	0.00763	0.00384	0.00277	0.00791
10	0.03800	0.01432	0.01579	0.06909	0.07164	0.04412	0.01101	0.21611	0.36006	0.04687	0.01848	0.01850	0.01390	0.00750	0.00603	0.00196	0.00593	0.00593	0.00545	0.02932
11	0.02020	0.02450	0.01720	0.01545	0.01778	0.58835	0.01183	0.02144	0.01509	0.01483	0.00937	0.01198	0.00819	0.00742	0.00877	0.00187	0.19131	0.00429	0.00313	0.00700

[dist]
# distance from previous block
# <min> <max>
0	26

[block]
# block no. 3 follows, 40 sequences, length 14
# corresponding to MSA columns:
# 190-203
name=unknown_D
#
# <colnr> <probs for GDERKNQSTAVLIFYWHMCP>
#	G	D	E	R	K	N	Q	S	T	A	V	L	I	F	Y	W	H	M	C	P
0	0.02111	0.02639	0.01903	0.01647	0.01986	0.67069	0.10354	0.02290	0.01639	0.01525	0.00983	0.01182	0.00812	0.00617	0.00566	0.00165	0.01052	0.00430	0.00316	0.00713
1	0.01005	0.00608	0.00800	0.00869	0.00964	0.00554	0.00602	0.01114	0.01232	0.11045	0.05584	0.66322	0.03620	0.01683	0.00739	0.00236	0.00373	0.01504	0.00581	0.00567
2	0.00942	0.00660	0.00744	0.00698	0.00768	0.00620	0.00418	0.00962	0.00924	0.01273	0.01773	0.03523	0.01991	0.68960	0.02641	0.00509	0.00563	0.00795	0.00368	0.10868
3	0.12259	0.01425	0.01660	0.23054	0.02372	0.01616	0.01207	0.43775	0.02086	0.02943	0.01264	0.01448	0.00928	0.00676	0.00574	0.00189	0.00669	0.00510	0.00476	0.00868
4	0.01026	0.23056	0.01417	0.00809	0.01045	0.01042	0.00675	0.01270	0.01496	0.02030	0.51973	0.05924	0.04088	0.01015	0.00599	0.00168	0.00375	0.00862	0.00526	0.00602
5	0.01271	0.01897	0.23926	0.02104	0.02729	0.01364	0.47450	0.01791	0.01322	0.01839	0.01301	0.03937	0.01060	0.00607	0.00656	0.00198	0.00904	0.04561	0.00301	0.00783
6	0.24296	0.00719	0.00699	0.00681	0.00785	0.00769	0.00441	0.01088	0.00901	0.01567	0.01618	0.07137	0.01789	0.52910	0.02102	0.00437	0.00519	0.00740	0.00365	0.00438
7	0.01413	0.01202	0.01744	0.56406	0.03382	0.01437	0.01471	0.22023	0.01608	0.02103	0.01136	0.01507	0.00836	0.00614	0.00581	0.00188	0.00737	0.00519	0.00350	0.00743
8	0.01270	0.01064	0.01163	0.01055	0.01330	0.01192	0.00815	0.02526	0.54142	0.02404	0.23116	0.02785	0.02826	0.00902	0.00618	0.00193	0.00408	0.00769	0.00605	0.00815
9	0.01344	0.01049	0.01096	0.01002	0.01276	0.01190	0.00775	0.02599	0.54021	0.02358	0.02234	0.02169	0.01695	0.00757	0.00539	0.00180	0.00407	0.00625	0.23873	0.00813
10	0.01195	0.01593	0.22545	0.01087	0.01701	0.00938	0.01102	0.01571	0.01212	0.01880	0.01036	0.01212	0.00826	0.00465	0.00465	0.00114	0.00552	0.00369	0.00316	0.59820
11	0.00949	0.00707	0.00955	0.07448	0.02941	0.00737	0.00822	0.01217	0.05112	0.01571	0.02480	0.09374	0.02674	0.23545	0.01375	0.00338	0.00551	0.36227	0.00458	0.00518
12	0.01354	0.57439	0.02364	0.00893	0.01249	0.01809	0.00813	0.01488	0.01086	0.01300	0.01098	0.01746	0.01134	0.22891	0.01106	0.00249	0.00605	0.00462	0.00278	0.00635
13	0.02208	0.01696	0.01739	0.01347	0.01803	0.06259	0.01106	0.69763	0.02670	0.03533	0.01367	0.01376	0.00975	0.00692	0.00578	0.00173	0.00664	0.00515	0.00565	0.00970

[dist]
# distance from previous block
# <min> <max>
0	2

[block]
# block no. 4 follows, 40 sequences, length 15
# corresponding to MSA columns:
# 206-220
name=unknown_E
#
# <colnr> <probs for GDERKNQSTAVLIFYWHMCP>
#	G	D	E	R	K	N	Q	S	T	A	V	L	I	F	Y	W	H	M	C	P
0	0.00960	0.00629	0.00784	0.00733	0.00852	0.00600	0.00516	0.01186	0.03667	0.06508	0.45308	0.03959	0.04047	0.26137	0.01402	0.00305	0.00386	0.00945	0.00552	0.00525
1	0.01047	0.00865	0.01037	0.00845	0.01208	0.00679	0.00641	0.01256	0.01176	0.01764	0.01726	0.26069	0.01813	0.00874	0.00530	0.00134	0.00401	0.00762	0.00407	0.56767
2	0.01131	0.01065	0.01511	0.01338	0.01371	0.01445	0.01098	0.01284	0.00905	0.01384	0.01017	0.01595	0.00983	0.02084	0.25933	0.00471	0.53967	0.00545	0.00273	0.00599
3	0.00842	0.00575	0.00613	0.00603	0.00768	0.00519	0.00452	0.01054	0.01357	0.01917	0.18918	0.04246	0.37640	0.01161	0.00597	0.00174	0.00283	0.00973	0.26786	0.00519
4	0.00702	0.00533	0.00647	0.00739	0.00825	0.00478	0.00509	0.00818	0.01181	0.01512	0.04062	0.55721	0.26756	0.01711	0.00725	0.00223	0.00324	0.01517	0.00540	0.00478
5	0.01253	0.02489	0.52895	0.02267	0.25926	0.01360	0.02033	0.01823	0.01258	0.01860	0.01060	0.01295	0.00795	0.00542	0.00560	0.00181	0.00806	0.00458	0.00259	0.00879
6	0.01571	0.01386	0.01770	0.01467	0.01615	0.01788	0.01219	0.24547	0.01478	0.02122	0.00965	0.01312	0.00835	0.00916	0.01485	0.00229	0.53674	0.00514	0.00359	0.00749
7	0.01204	0.01039	0.01084	0.00994	0.01280	0.01142	0.00768	0.02371	0.51431	0.02158	0.03491	0.03262	0.25345	0.01007	0.00622	0.00197	0.00407	0.00839	0.00575	0.00783
8	0.00905	0.00613	0.00804	0.00746	0.00897	0.00563	0.00563	0.01177	0.01647	0.05729	0.72263	0.04235	0.05301	0.01167	0.00681	0.00183	0.00284	0.01030	0.00644	0.00569
9	0.00709	0.00506	0.00675	0.00810	0.00843	0.00472	0.00540	0.00810	0.01113	0.01484	0.03205	0.79184	0.03846	0.01822	0.00742	0.00236	0.00337	0.01653	0.00540	0.00472
10	0.01084	0.00542	0.00542	0.00542	0.00678	0.00542	0.00407	0.01355	0.01220	0.02168	0.01897	0.02168	0.01491	0.00678	0.00407	0.00136	0.00271	0.00542	0.82791	0.00542
11	0.57452	0.01207	0.01335	0.01659	0.24978	0.01329	0.00998	0.01733	0.01096	0.02383	0.00900	0.01102	0.00723	0.00533	0.00429	0.00178	0.00527	0.00380	0.00337	0.00723
12	0.01725	0.01297	0.01377	0.01099	0.01479	0.01385	0.00894	0.50669	0.02285	0.02997	0.02829	0.02735	0.24810	0.00945	0.00615	0.00181	0.00530	0.00748	0.00568	0.00830
13	0.01133	0.02950	0.06897	0.03419	0.03846	0.01156	0.35871	0.01475	0.01245	0.01696	0.01821	0.26369	0.01861	0.00973	0.00751	0.00211	0.04796	0.02484	0.00371	0.00676
14	0.01370	0.01319	0.02276	0.18266	0.59184	0.01367	0.04264	0.01728	0.01294	0.01817	0.01085	0.01466	0.00891	0.00530	0.00581	0.00178	0.00718	0.00524	0.00282	0.00862

[dist]
# distance from previous block
# <min> <max>
0	2

[block]
# block no. 5 follows, 40 sequences, length 18
# corresponding to MSA columns:
# 223-240
name=unknown_F
#
# <colnr> <probs for GDERKNQSTAVLIFYWHMCP>
#	G	D	E	R	K	N	Q	S	T	A	V	L	I	F	Y	W	H	M	C	P
0	0.00832	0.00619	0.00914	0.00914	0.01011	0.00716	0.00701	0.01025	0.00928	0.01335	0.01577	0.02389	0.01499	0.09541	0.72141	0.00909	0.01489	0.00638	0.00314	0.00508
1	0.01272	0.01145	0.01665	0.21180	0.21775	0.01099	0.01227	0.03873	0.01275	0.01849	0.01061	0.01361	0.00859	0.00501	0.00512	0.00139	0.00593	0.00440	0.00315	0.37858
2	0.01090	0.00769	0.00975	0.00941	0.01040	0.00902	0.00773	0.01323	0.01173	0.01860	0.03627	0.03095	0.01862	0.01015	0.00911	0.00202	0.21026	0.18656	0.38195	0.00565
3	0.00990	0.00916	0.01439	0.57649	0.03154	0.01080	0.01305	0.01314	0.01206	0.01508	0.02318	0.02620	0.20590	0.00817	0.00609	0.00194	0.00648	0.00705	0.00333	0.00605
4	0.01310	0.39025	0.02264	0.01629	0.21015	0.01595	0.01089	0.01517	0.01202	0.01538	0.01491	0.20894	0.01578	0.00839	0.00520	0.00165	0.00568	0.00706	0.00333	0.00723
5	0.01460	0.01184	0.01343	0.00982	0.01486	0.01036	0.00795	0.19842	0.01593	0.02343	0.01125	0.01254	0.00894	0.00498	0.00469	0.00109	0.00484	0.00390	0.00405	0.62309
6	0.00985	0.00830	0.01374	0.01115	0.01270	0.00804	0.19783	0.01115	0.00985	0.01322	0.01659	0.03214	0.01788	0.58651	0.02359	0.00467	0.00674	0.00804	0.00337	0.00467
7	0.00973	0.00826	0.01381	0.01120	0.01306	0.00790	0.19020	0.01170	0.01191	0.01632	0.21182	0.03381	0.02694	0.38801	0.01782	0.00370	0.00593	0.00860	0.00414	0.00514
8	0.01204	0.01117	0.01769	0.23761	0.34967	0.02924	0.01408	0.01539	0.01368	0.01882	0.19958	0.02197	0.02033	0.00708	0.00604	0.00181	0.00617	0.00650	0.00369	0.00744
9	0.00974	0.00637	0.00837	0.00937	0.01071	0.00637	0.00803	0.01243	0.01308	0.01849	0.02780	0.05447	0.02876	0.01371	0.00703	0.00234	0.00468	0.53910	0.21377	0.00537
10	0.01020	0.01337	0.20069	0.01123	0.01444	0.00952	0.01048	0.01674	0.20652	0.01826	0.02436	0.39064	0.02511	0.01227	0.00654	0.00213	0.00502	0.01080	0.00479	0.00689
11	0.02271	0.04459	0.01608	0.01361	0.01706	0.54934	0.01049	0.02441	0.01639	0.21234	0.01265	0.01292	0.00932	0.00628	0.00536	0.00157	0.00890	0.00428	0.00409	0.00760
12	0.00933	0.00776	0.01180	0.38061	0.02313	0.00892	0.01009	0.01145	0.01066	0.01391	0.01795	0.21817	0.01907	0.21783	0.01251	0.00302	0.00608	0.00892	0.00355	0.00524
13	0.01945	0.01471	0.01603	0.01212	0.01691	0.01531	0.00995	0.54815	0.02330	0.03197	0.01300	0.01346	0.00955	0.00627	0.00542	0.00151	0.00585	0.00476	0.00519	0.22709
14	0.00894	0.00728	0.01102	0.01509	0.19870	0.00703	0.00855	0.01057	0.01167	0.01590	0.02670	0.59485	0.03105	0.01492	0.00700	0.00220	0.00427	0.01366	0.00476	0.00586
15	0.01782	0.22666	0.21034	0.01321	0.01894	0.01798	0.01335	0.34936	0.01917	0.04301	0.01172	0.01245	0.00871	0.00609	0.00519	0.00164	0.00687	0.00445	0.00412	0.00892
16	0.01439	0.01171	0.01232	0.01065	0.01394	0.01284	0.00841	0.20459	0.37150	0.02517	0.03053	0.02880	0.21126	0.00947	0.00614	0.00191	0.00462	0.00774	0.00576	0.00824
17	0.00924	0.00737	0.00948	0.00915	0.00923	0.00863	0.00643	0.00983	0.00925	0.01290	0.01897	0.22234	0.02196	0.39093	0.02120	0.00399	0.21117	0.00961	0.00374	0.00458

[dist]
# distance from previous block
# <min> <max>
0	1

[block]
# block no. 6 follows, 40 sequences, length 29
# corresponding to MSA columns:
# 242-270
name=unknown_G
#
# <colnr> <probs for GDERKNQSTAVLIFYWHMCP>
#	G	D	E	R	K	N	Q	S	T	A	V	L	I	F	Y	W	H	M	C	P
0	0.27123	0.00805	0.00885	0.00937	0.01131	0.00861	0.00790	0.01334	0.01186	0.01963	0.02255	0.04548	0.02382	0.07888	0.00846	0.00265	0.00511	0.43275	0.00464	0.00550
1	0.02090	0.02624	0.01610	0.01444	0.01762	0.70737	0.01087	0.02249	0.01610	0.01463	0.00910	0.01062	0.00759	0.00585	0.00516	0.00144	0.00996	0.00372	0.00303	0.07674
2	0.02448	0.00949	0.01292	0.01016	0.01430	0.00822	0.00828	0.02662	0.01618	0.69983	0.02372	0.08535	0.01644	0.00813	0.00598	0.00185	0.00481	0.00676	0.00704	0.00946
3	0.00982	0.00796	0.01031	0.00955	0.00967	0.00966	0.00692	0.01048	0.00881	0.01250	0.01506	0.02953	0.01666	0.46090	0.08874	0.00489	0.25322	0.02747	0.00323	0.00462
4	0.01426	0.01231	0.01306	0.01156	0.01501	0.01389	0.00901	0.02952	0.68629	0.02387	0.02254	0.02088	0.01698	0.00759	0.00578	0.00188	0.00458	0.00631	0.00571	0.07900
5	0.02174	0.01012	0.01312	0.00987	0.01459	0.00836	0.00807	0.02406	0.01526	0.52641	0.01904	0.01749	0.01266	0.00636	0.00541	0.00152	0.00478	0.00512	0.00604	0.26997
6	0.01867	0.01478	0.01749	0.25673	0.02508	0.03698	0.01271	0.48963	0.02211	0.02921	0.01279	0.01451	0.00926	0.00666	0.00585	0.00182	0.00698	0.00521	0.00475	0.00877
7	0.27564	0.54829	0.02358	0.00930	0.01384	0.01990	0.00884	0.01739	0.01128	0.01772	0.00821	0.00953	0.00721	0.00519	0.00374	0.00144	0.00571	0.00316	0.00288	0.00715
8	0.01015	0.00928	0.01718	0.01407	0.01660	0.00961	0.23856	0.01298	0.01076	0.01512	0.01461	0.02148	0.01316	0.06909	0.49150	0.00683	0.01327	0.00658	0.00312	0.00601
9	0.01347	0.01189	0.01459	0.25564	0.02309	0.01403	0.01145	0.02587	0.51414	0.02142	0.01954	0.01988	0.01468	0.00731	0.00593	0.00198	0.00564	0.00616	0.00490	0.00839
10	0.00925	0.01369	0.24829	0.01173	0.01507	0.00822	0.03227	0.01246	0.01210	0.01667	0.02524	0.37293	0.04741	0.01339	0.00694	0.00225	0.00559	0.13586	0.00442	0.00622
11	0.00962	0.00762	0.01029	0.00919	0.01155	0.00749	0.00720	0.01182	0.01028	0.01534	0.01402	0.01957	0.01276	0.03118	0.52797	0.00667	0.01203	0.00538	0.00326	0.26677
12	0.01183	0.01042	0.01384	0.25344	0.02218	0.00946	0.00987	0.01479	0.01199	0.01776	0.01045	0.01331	0.00845	0.00486	0.00484	0.00123	0.00544	0.00403	0.00321	0.56860
13	0.01048	0.00790	0.00859	0.00817	0.00922	0.00850	0.00538	0.01565	0.24295	0.01552	0.02012	0.03299	0.02016	0.54484	0.02211	0.00449	0.00535	0.00789	0.00432	0.00539
14	0.02220	0.01636	0.01752	0.01345	0.01811	0.01808	0.01110	0.73869	0.02739	0.03672	0.01407	0.01412	0.01000	0.00706	0.00587	0.00177	0.00644	0.00527	0.00585	0.00994
15	0.01267	0.01040	0.01107	0.01017	0.01242	0.01173	0.00745	0.02384	0.51314	0.02029	0.02207	0.02702	0.01892	0.25736	0.01346	0.00315	0.00497	0.00720	0.00519	0.00746
16	0.01331	0.01406	0.02731	0.01953	0.02518	0.01256	0.50538	0.01744	0.01327	0.01883	0.01143	0.01469	0.00887	0.00479	0.00610	0.00163	0.00809	0.00581	0.00314	0.26857
17	0.01929	0.02396	0.02220	0.01807	0.02198	0.53108	0.24145	0.02183	0.01567	0.01574	0.00999	0.01230	0.00803	0.00572	0.00581	0.00167	0.01030	0.00477	0.00302	0.00715
18	0.06783	0.01072	0.01255	0.00934	0.01406	0.00908	0.00754	0.04130	0.01300	0.12381	0.01207	0.01323	0.00938	0.00522	0.00525	0.00118	0.03995	0.00394	0.00406	0.59651
19	0.01368	0.01270	0.01985	0.04591	0.50391	0.01193	0.01437	0.01683	0.01290	0.01898	0.01085	0.01384	0.00909	0.00500	0.00535	0.00148	0.00614	0.00467	0.00309	0.26944
20	0.01298	0.54634	0.02301	0.00944	0.01295	0.01726	0.00855	0.01454	0.01167	0.01416	0.01579	0.25724	0.01739	0.00925	0.00495	0.00162	0.00536	0.00740	0.00345	0.00665
21	0.00933	0.00566	0.00614	0.00613	0.00658	0.00564	0.00375	0.01016	0.00972	0.01469	0.01863	0.03298	0.01925	0.54448	0.02152	0.00430	0.00475	0.00753	0.26457	0.00419
22	0.27424	0.01398	0.02490	0.06597	0.04233	0.01410	0.44371	0.01796	0.01244	0.02087	0.01061	0.01382	0.00808	0.00520	0.00579	0.00192	0.00796	0.00558	0.00317	0.00736
23	0.02194	0.02415	0.01686	0.01454	0.01807	0.53213	0.01122	0.25021	0.01998	0.02144	0.01068	0.01175	0.00836	0.00638	0.00548	0.00160	0.00922	0.00426	0.00393	0.00780
24	0.01197	0.00871	0.01023	0.00985	0.01157	0.00901	0.00724	0.23990	0.01634	0.02186	0.02640	0.54427	0.02947	0.01471	0.00696	0.00219	0.00437	0.01297	0.00557	0.00642
25	0.00721	0.00515	0.00684	0.00818	0.00853	0.00480	0.00545	0.00819	0.01121	0.01496	0.03213	0.79055	0.03852	0.01827	0.00747	0.00238	0.00342	0.01655	0.00543	0.00479
26	0.01868	0.01447	0.01752	0.25669	0.02508	0.01646	0.01271	0.50912	0.02241	0.02982	0.01292	0.01461	0.00932	0.00669	0.00587	0.00183	0.00686	0.00525	0.00483	0.00886
27	0.00835	0.00603	0.00786	0.00740	0.00878	0.00556	0.00554	0.01106	0.01652	0.02341	0.75502	0.04354	0.05489	0.01195	0.00691	0.00185	0.00279	0.01054	0.00644	0.00555
28	0.00843	0.00632	0.00943	0.00942	0.01047	0.00734	0.00732	0.01047	0.00942	0.01361	0.01568	0.02299	0.01464	0.04362	0.77121	0.00935	0.01560	0.00627	0.00316	0.00525

[dist]
# distance from previous block
# <min> <max>
4	7

[block]
# block no. 7 follows, 40 sequences, length 16
# corresponding to MSA columns:
# 278-293
name=unknown_H
#
# <colnr> <probs for GDERKNQSTAVLIFYWHMCP>
#	G	D	E	R	K	N	Q	S	T	A	V	L	I	F	Y	W	H	M	C	P
0	0.00800	0.00544	0.00648	0.00693	0.00705	0.00533	0.00415	0.00834	0.00936	0.01248	0.02294	0.29164	0.02697	0.53409	0.02214	0.00454	0.00488	0.01117	0.00415	0.00393
1	0.01206	0.01034	0.01206	0.00861	0.01378	0.00775	0.00689	0.01464	0.01206	0.01895	0.01034	0.01206	0.00861	0.00431	0.00431	0.00086	0.00431	0.00345	0.00345	0.83118
2	0.01069	0.00710	0.00949	0.26659	0.01802	0.00792	0.00815	0.01373	0.01206	0.01909	0.01802	0.02128	0.04887	0.00684	0.00479	0.00158	0.00442	0.00567	0.50993	0.00574
3	0.01348	0.00669	0.00902	0.00885	0.01059	0.00601	0.00646	0.01491	0.01299	0.26667	0.02899	0.53210	0.03036	0.01451	0.00689	0.00217	0.00390	0.01294	0.00600	0.00646
4	0.01190	0.01214	0.02312	0.52693	0.03680	0.01352	0.25908	0.01613	0.01233	0.01613	0.01082	0.01557	0.00811	0.00551	0.00617	0.00195	0.00844	0.00574	0.00270	0.00693
5	0.01526	0.02458	0.47362	0.01568	0.02264	0.01518	0.03723	0.26105	0.01729	0.02444	0.01158	0.01295	0.00826	0.00612	0.00603	0.00183	0.02900	0.00470	0.00360	0.00895
6	0.00792	0.00639	0.01021	0.01016	0.01119	0.00598	0.09733	0.00942	0.01146	0.01532	0.02951	0.69447	0.03474	0.01655	0.00735	0.00231	0.00418	0.01532	0.00509	0.00511
7	0.29181	0.53407	0.02310	0.00918	0.01369	0.01966	0.00872	0.01731	0.01117	0.01786	0.00809	0.00937	0.00707	0.00512	0.00369	0.00143	0.00564	0.00312	0.00286	0.00707
8	0.00876	0.00599	0.00736	0.00781	0.00826	0.00599	0.00549	0.00966	0.01012	0.01334	0.02252	0.04732	0.02529	0.53337	0.02234	0.00464	0.00554	0.24791	0.00414	0.00414
9	0.01026	0.00541	0.00783	0.05177	0.00933	0.00556	0.00554	0.00887	0.00849	0.01207	0.01142	0.01814	0.01067	0.01740	0.01902	0.66138	0.00486	0.00511	0.12370	0.00318
10	0.01198	0.01159	0.02185	0.01696	0.02056	0.01121	0.37544	0.08512	0.01391	0.01880	0.01904	0.27707	0.01925	0.01198	0.05424	0.00253	0.00766	0.00992	0.00406	0.00683
11	0.01264	0.02223	0.43871	0.01420	0.02068	0.01327	0.01593	0.02225	0.26006	0.02046	0.01488	0.01542	0.01098	0.00620	0.00554	0.00179	0.00683	0.00498	0.00372	0.08924
12	0.47921	0.00978	0.00837	0.00746	0.01041	0.01097	0.00601	0.08659	0.01238	0.02564	0.01233	0.01400	0.00954	0.00602	0.00397	0.00164	0.00408	0.00412	0.28113	0.00635
13	0.01035	0.00517	0.00685	0.00685	0.00731	0.00517	0.00472	0.00959	0.00913	0.01400	0.01308	0.01902	0.01172	0.01568	0.01645	0.55176	0.00426	0.00517	0.28021	0.00350
14	0.00965	0.00842	0.01306	0.44529	0.02635	0.00964	0.01142	0.01291	0.01341	0.01779	0.26604	0.02886	0.09687	0.00873	0.00627	0.00190	0.00560	0.00766	0.00414	0.00598
15	0.00747	0.00536	0.00709	0.00783	0.00852	0.00498	0.00543	0.00906	0.01293	0.01770	0.27570	0.54006	0.04398	0.01609	0.00723	0.00218	0.00316	0.01451	0.00574	0.00498

[dist]
# distance from previous block
# <min> <max>
0	7

[block]
# block no. 8 follows, 40 sequences, length 15
# corresponding to MSA columns:
# 301-315
name=unknown_I
#
# <colnr> <probs for GDERKNQSTAVLIFYWHMCP>
#	G	D	E	R	K	N	Q	S	T	A	V	L	I	F	Y	W	H	M	C	P
0	0.01115	0.00974	0.01208	0.00992	0.01263	0.00983	0.00796	0.01303	0.01148	0.03342	0.02168	0.06528	0.17382	0.00909	0.00927	0.00168	0.22542	0.00662	0.00381	0.35208
1	0.01243	0.01205	0.01986	0.01647	0.01982	0.06510	0.29238	0.04301	0.01427	0.01838	0.02121	0.04032	0.02115	0.01067	0.00729	0.00228	0.00749	0.36496	0.00427	0.00659
2	0.01267	0.00938	0.01026	0.00959	0.01182	0.01023	0.00726	0.12206	0.27525	0.02282	0.02363	0.23904	0.02188	0.01045	0.00592	0.00192	0.00410	0.00895	0.18556	0.00720
3	0.01443	0.01105	0.01269	0.00973	0.01390	0.01019	0.00781	0.21994	0.01748	0.04417	0.17486	0.01966	0.01924	0.00680	0.00533	0.00135	0.00457	0.00556	0.00486	0.39638
4	0.00838	0.01216	0.22197	0.01050	0.01318	0.00721	0.00996	0.01102	0.01146	0.01586	0.02592	0.57071	0.02964	0.01462	0.00688	0.00221	0.00485	0.01306	0.00456	0.00582
5	0.00874	0.00603	0.00712	0.00734	0.00862	0.00581	0.00538	0.01171	0.06155	0.01940	0.22378	0.25195	0.13272	0.01282	0.00639	0.00193	0.00315	0.03452	0.18562	0.00542
6	0.00889	0.00560	0.00735	0.00735	0.00758	0.00583	0.00478	0.00863	0.00840	0.01143	0.01539	0.02895	0.01657	0.41118	0.19017	0.24051	0.00765	0.00700	0.00315	0.00361
7	0.01607	0.01097	0.01686	0.02198	0.38379	0.01037	0.01227	0.01874	0.01421	0.22943	0.02484	0.02502	0.17425	0.00784	0.00603	0.00180	0.00549	0.00692	0.00466	0.00846
8	0.42557	0.00977	0.01013	0.00878	0.01208	0.01051	0.00715	0.01882	0.01169	0.23247	0.01394	0.01531	0.01040	0.01427	0.17245	0.00345	0.00705	0.00459	0.00451	0.00708
9	0.00817	0.00594	0.00769	0.00726	0.00865	0.00546	0.00544	0.01086	0.01632	0.02300	0.72654	0.04397	0.08482	0.01201	0.00686	0.00183	0.00275	0.01059	0.00636	0.00546
10	0.00922	0.01285	0.22305	0.01039	0.01373	0.00815	0.01041	0.01296	0.01372	0.01978	0.38270	0.03009	0.03257	0.01702	0.17398	0.00348	0.00721	0.00781	0.00456	0.00630
11	0.01014	0.00796	0.01124	0.01467	0.21994	0.00796	0.00759	0.01112	0.00981	0.01347	0.01623	0.03134	0.01776	0.57142	0.02284	0.00453	0.00600	0.00753	0.00334	0.00514
12	0.01467	0.01646	0.01150	0.01114	0.01273	0.38686	0.00789	0.01570	0.01321	0.01376	0.01757	0.23815	0.01926	0.18219	0.01119	0.00265	0.00741	0.00840	0.00379	0.00547
13	0.01683	0.02565	0.38947	0.01532	0.02157	0.18077	0.01628	0.22414	0.01747	0.02267	0.01112	0.01236	0.00811	0.00604	0.00555	0.00174	0.00839	0.00444	0.00353	0.00856
14	0.00822	0.00587	0.00805	0.00940	0.01023	0.00570	0.00737	0.01006	0.01225	0.01612	0.03142	0.43046	0.03598	0.01715	0.00773	0.00252	0.00436	0.36669	0.00538	0.00504

[dist]
# distance from previous block
# <min> <max>
1	4

[block]
# block no. 9 follows, 40 sequences, length 58
# corresponding to MSA columns:
# 320-377
name=unknown_J
#
# <colnr> <probs for GDERKNQSTAVLIFYWHMCP>
#	G	D	E	R	K	N	Q	S	T	A	V	L	I	F	Y	W	H	M	C	P
0	0.01622	0.01271	0.01368	0.01183	0.01534	0.01434	0.00933	0.14712	0.55611	0.07261	0.04972	0.02112	0.01765	0.00785	0.00593	0.00192	0.00485	0.00646	0.00600	0.00922
1	0.01578	0.76996	0.02994	0.01014	0.01504	0.05134	0.01000	0.01763	0.01199	0.01370	0.00812	0.00937	0.00746	0.00501	0.00379	0.00125	0.00638	0.00313	0.00251	0.00744
2	0.02141	0.02586	0.01664	0.01481	0.01788	0.65898	0.01127	0.10257	0.01739	0.01672	0.00949	0.01096	0.00776	0.00627	0.00585	0.00157	0.04024	0.00396	0.00329	0.00708
3	0.01166	0.03008	0.76550	0.01657	0.02517	0.01351	0.02149	0.01842	0.01228	0.01842	0.01044	0.01228	0.00737	0.00552	0.00552	0.00184	0.00859	0.00430	0.00246	0.00859
4	0.01114	0.01050	0.01773	0.74724	0.07323	0.01296	0.01623	0.01500	0.01170	0.01505	0.01036	0.01545	0.00782	0.00578	0.00581	0.00193	0.00771	0.00517	0.00260	0.00659
5	0.00733	0.00585	0.00659	0.00673	0.00834	0.00511	0.00504	0.00909	0.01370	0.01735	0.20493	0.14143	0.47971	0.01460	0.00700	0.00202	0.00309	0.05146	0.00561	0.00504
6	0.00843	0.00574	0.00684	0.00684	0.00701	0.00591	0.00414	0.00878	0.00860	0.01164	0.01787	0.03554	0.02005	0.67141	0.15233	0.00625	0.00728	0.00809	0.00346	0.00380
7	0.06041	0.01481	0.01627	0.01252	0.01710	0.01596	0.01035	0.56807	0.02445	0.17770	0.01544	0.01489	0.01060	0.00695	0.00572	0.00176	0.00603	0.00526	0.00598	0.00973
8	0.01373	0.01569	0.03431	0.02451	0.03039	0.01471	0.73824	0.01863	0.01373	0.01863	0.01176	0.01569	0.00882	0.00490	0.00686	0.00196	0.00980	0.00686	0.00294	0.00784
9	0.01275	0.01287	0.01813	0.01540	0.01579	0.03333	0.04585	0.01423	0.00931	0.01419	0.00824	0.01330	0.00802	0.01147	0.05481	0.00283	0.69531	0.00520	0.00260	0.00638
10	0.00718	0.00513	0.00683	0.00803	0.00845	0.00478	0.00541	0.00833	0.01156	0.01552	0.09017	0.73178	0.03978	0.01771	0.00738	0.00232	0.00332	0.01605	0.00548	0.00478
11	0.01355	0.01540	0.03357	0.02407	0.02980	0.01444	0.71845	0.01834	0.01366	0.01853	0.01231	0.03664	0.00962	0.00526	0.00688	0.00197	0.00963	0.00712	0.00301	0.00776
12	0.02174	0.02708	0.01653	0.01489	0.01798	0.73067	0.01123	0.06276	0.01708	0.01547	0.00926	0.01068	0.00762	0.00605	0.00528	0.00151	0.01026	0.00383	0.00315	0.00692
13	0.01263	0.01222	0.02106	0.38894	0.32781	0.01367	0.06427	0.01626	0.01227	0.01673	0.01052	0.01491	0.00840	0.00574	0.00659	0.00189	0.05043	0.00528	0.00272	0.00765
14	0.00707	0.00511	0.00670	0.00796	0.00840	0.00473	0.00534	0.00811	0.01126	0.01490	0.03367	0.74744	0.08181	0.01801	0.00739	0.00234	0.00335	0.01627	0.00540	0.00473
15	0.00726	0.00520	0.00697	0.00813	0.00852	0.00500	0.00549	0.00833	0.01084	0.01456	0.02989	0.68555	0.03544	0.05640	0.07965	0.00316	0.00461	0.01520	0.00510	0.00471
16	0.01206	0.01034	0.01206	0.00861	0.01378	0.00775	0.00689	0.01464	0.01206	0.01895	0.01034	0.01206	0.00861	0.00431	0.00431	0.00086	0.00431	0.00345	0.00345	0.83118
17	0.01557	0.74680	0.05874	0.01035	0.01541	0.04432	0.01044	0.01762	0.01197	0.01388	0.00820	0.00948	0.00746	0.00503	0.00385	0.00127	0.00644	0.00317	0.00250	0.00749
18	0.01272	0.01272	0.01781	0.01527	0.01527	0.01781	0.01272	0.01399	0.00891	0.01399	0.00763	0.01272	0.00763	0.01018	0.01908	0.00254	0.78499	0.00509	0.00254	0.00636
19	0.01446	0.01249	0.01315	0.01183	0.01512	0.01446	0.00920	0.03090	0.74885	0.02433	0.02367	0.02170	0.01775	0.00789	0.00592	0.00197	0.00460	0.00657	0.00592	0.00920
20	0.00831	0.00623	0.00935	0.00935	0.01038	0.00727	0.00727	0.01038	0.00935	0.01350	0.01558	0.02285	0.01454	0.04361	0.77259	0.00935	0.01558	0.00623	0.00312	0.00519
21	0.05235	0.01547	0.01673	0.01287	0.01747	0.01691	0.01063	0.64310	0.02564	0.10814	0.01463	0.01437	0.01020	0.00694	0.00574	0.00175	0.00619	0.00522	0.00587	0.00976
22	0.00895	0.00610	0.00800	0.00744	0.00893	0.00561	0.00561	0.01167	0.01647	0.05295	0.72693	0.04249	0.05325	0.01170	0.00682	0.00183	0.00283	0.01033	0.00643	0.00566
23	0.00781	0.00593	0.00719	0.00687	0.00843	0.00531	0.00515	0.01016	0.01546	0.02095	0.53930	0.04734	0.27333	0.01277	0.00686	0.00187	0.00281	0.01106	0.00609	0.00531
24	0.02226	0.01604	0.01730	0.01326	0.01791	0.01766	0.01096	0.71220	0.02692	0.06500	0.01431	0.01419	0.01007	0.00699	0.00582	0.00175	0.00634	0.00526	0.00587	0.00989
25	0.83671	0.01125	0.00855	0.00765	0.01125	0.01305	0.00630	0.01709	0.00990	0.02609	0.00810	0.00945	0.00630	0.00540	0.00360	0.00180	0.00450	0.00315	0.00360	0.00630
26	0.83671	0.01125	0.00855	0.00765	0.01125	0.01305	0.00630	0.01709	0.00990	0.02609	0.00810	0.00945	0.00630	0.00540	0.00360	0.00180	0.00450	0.00315	0.00360	0.00630
27	0.01463	0.49157	0.16541	0.01191	0.01675	0.01944	0.01235	0.01735	0.01162	0.04462	0.00930	0.01119	0.00797	0.00710	0.03073	0.00181	0.11218	0.00381	0.00270	0.00755
28	0.01206	0.01034	0.01206	0.00861	0.01378	0.00775	0.00689	0.01464	0.01206	0.01895	0.01034	0.01206	0.00861	0.00431	0.00431	0.00086	0.00431	0.00345	0.00345	0.83118
29	0.00740	0.00552	0.00789	0.00880	0.00938	0.00516	0.03408	0.00861	0.01129	0.01506	0.03123	0.74335	0.03718	0.01765	0.00742	0.00235	0.00367	0.03380	0.00530	0.00486
30	0.01449	0.04521	0.00962	0.00783	0.01001	0.06698	0.00620	0.06169	0.01386	0.10972	0.01742	0.01919	0.01333	0.00683	0.00505	0.00148	0.03448	0.00521	0.54493	0.00647
31	0.00687	0.00589	0.00589	0.00589	0.00785	0.00491	0.00442	0.00835	0.01325	0.01571	0.05891	0.05596	0.75700	0.01473	0.00687	0.00196	0.00295	0.01227	0.00540	0.00491
32	0.01185	0.01012	0.01184	0.00859	0.01356	0.00763	0.00683	0.01437	0.01202	0.01878	0.01124	0.04460	0.00986	0.00489	0.00444	0.00092	0.00427	0.00399	0.00353	0.79669
33	0.01449	0.58930	0.23102	0.01176	0.01772	0.02042	0.01310	0.01769	0.01194	0.01497	0.00873	0.01013	0.00744	0.00513	0.00422	0.00141	0.00687	0.00343	0.00248	0.00777
34	0.00709	0.00506	0.00675	0.00810	0.00843	0.00472	0.00540	0.00810	0.01113	0.01484	0.03205	0.79184	0.03846	0.01822	0.00742	0.00236	0.00337	0.01653	0.00540	0.00472
35	0.01491	0.01271	0.01340	0.01192	0.01529	0.01467	0.00931	0.07187	0.70716	0.02504	0.02311	0.02125	0.01730	0.00784	0.00591	0.00196	0.00471	0.00650	0.00591	0.00924
36	0.01010	0.00505	0.00758	0.00758	0.00758	0.00505	0.00505	0.00758	0.00758	0.01010	0.01010	0.01768	0.01010	0.02020	0.02273	0.83081	0.00505	0.00505	0.00253	0.00253
37	0.01192	0.02854	0.69544	0.01838	0.09450	0.01353	0.02114	0.01836	0.01237	0.01847	0.01048	0.01248	0.00754	0.00549	0.00555	0.00183	0.00844	0.00438	0.00250	0.00865
38	0.01358	0.01670	0.08580	0.02395	0.03002	0.01462	0.68776	0.01861	0.01362	0.01861	0.01167	0.01545	0.00872	0.00495	0.00677	0.00195	0.00972	0.00668	0.00291	0.00790
39	0.00709	0.00506	0.00675	0.00810	0.00843	0.00472	0.00540	0.00810	0.01113	0.01484	0.03205	0.79184	0.03846	0.01822	0.00742	0.00236	0.00337	0.01653	0.00540	0.00472
40	0.01369	0.01310	0.02233	0.18955	0.61099	0.01363	0.01750	0.01723	0.01291	0.01814	0.01081	0.01462	0.00891	0.00531	0.00577	0.00177	0.00708	0.00518	0.00282	0.00864
41	0.01332	0.01617	0.08424	0.08936	0.03047	0.01455	0.60592	0.01816	0.01332	0.01816	0.01144	0.01535	0.00860	0.00516	0.00700	0.00197	0.02974	0.00649	0.00287	0.00774
42	0.00846	0.00564	0.00634	0.00634	0.00634	0.00564	0.00352	0.00846	0.00846	0.01128	0.01832	0.03805	0.02114	0.79563	0.02960	0.00564	0.00564	0.00846	0.00352	0.00352
43	0.01272	0.01272	0.01781	0.01527	0.01527	0.01781	0.01272	0.01399	0.00891	0.01399	0.00763	0.01272	0.00763	0.01018	0.01908	0.00254	0.78499	0.00509	0.00254	0.00636
44	0.02580	0.00996	0.01349	0.01038	0.01485	0.00870	0.00856	0.02840	0.03517	0.74469	0.02296	0.01984	0.01448	0.00721	0.00585	0.00180	0.00494	0.00587	0.00717	0.00988
45	0.01431	0.01225	0.01335	0.01258	0.04464	0.01397	0.00942	0.05495	0.64261	0.02420	0.04159	0.02337	0.03510	0.00818	0.00600	0.00197	0.00469	0.02209	0.00578	0.00896
46	0.01272	0.01272	0.01781	0.01527	0.01527	0.01781	0.01272	0.01399	0.00891	0.01399	0.00763	0.01272	0.00763	0.01018	0.01908	0.00254	0.78499	0.00509	0.00254	0.00636
47	0.00831	0.00623	0.00935	0.00935	0.01038	0.00727	0.00727	0.01038	0.00935	0.01350	0.01558	0.02285	0.01454	0.04361	0.77259	0.00935	0.01558	0.00623	0.00312	0.00519
48	0.01272	0.01272	0.01781	0.01527	0.01527	0.01781	0.01272	0.01399	0.00891	0.01399	0.00763	0.01272	0.00763	0.01018	0.01908	0.00254	0.78499	0.00509	0.00254	0.00636
49	0.01206	0.01034	0.01206	0.00861	0.01378	0.00775	0.00689	0.01464	0.01206	0.01895	0.01034	0.01206	0.00861	0.00431	0.00431	0.00086	0.00431	0.00345	0.00345	0.83118
50	0.02211	0.01629	0.01745	0.01338	0.01803	0.01803	0.01105	0.73997	0.02734	0.03665	0.01396	0.01396	0.00989	0.00698	0.00582	0.00175	0.00640	0.00524	0.00582	0.00989
51	0.02172	0.02772	0.01648	0.01498	0.01798	0.77228	0.01124	0.02322	0.01648	0.01423	0.00899	0.01049	0.00749	0.00599	0.00524	0.00150	0.01049	0.00375	0.00300	0.00674
52	0.02594	0.01013	0.01364	0.01046	0.01496	0.00889	0.00864	0.05441	0.01704	0.73676	0.02261	0.01958	0.01423	0.00719	0.00585	0.00180	0.00500	0.00583	0.00715	0.00990
53	0.01321	0.01178	0.01844	0.72608	0.03951	0.01401	0.01640	0.04984	0.01342	0.01748	0.01220	0.01769	0.00948	0.00699	0.00653	0.00223	0.00819	0.00571	0.00333	0.00749
54	0.01017	0.00694	0.00762	0.00755	0.00779	0.00666	0.00438	0.00977	0.00978	0.01314	0.02133	0.04038	0.05023	0.74589	0.02881	0.00570	0.00609	0.00905	0.00416	0.00453
55	0.01014	0.00690	0.00767	0.00769	0.00788	0.00663	0.00448	0.00975	0.00979	0.01322	0.02075	0.09191	0.02361	0.72157	0.02813	0.00562	0.00604	0.00946	0.00422	0.00456
56	0.01584	0.01333	0.01409	0.01286	0.01614	0.01491	0.00988	0.03074	0.69567	0.02535	0.02533	0.02583	0.01984	0.00934	0.00672	0.00231	0.00522	0.04037	0.00640	0.00982
57	0.01009	0.00748	0.01042	0.01035	0.01148	0.00820	0.00782	0.01156	0.01042	0.01504	0.01726	0.02561	0.01629	0.07881	0.71791	0.00928	0.01540	0.00684	0.00372	0.00602

[dist]
# distance from previous block
# <min> <max>
0	35

[block]
# block no. 10 follows, 40 sequences, length 32
# corresponding to MSA columns:
# 413-444
name=unknown_K
#
# <colnr> <probs for GDERKNQSTAVLIFYWHMCP>
#	G	D	E	R	K	N	Q	S	T	A	V	L	I	F	Y	W	H	M	C	P
0	0.01704	0.43367	0.10268	0.01317	0.01812	0.07607	0.05173	0.10931	0.06037	0.01893	0.01126	0.01289	0.00939	0.00636	0.00558	0.00170	0.03545	0.00437	0.00351	0.00839
1	0.01661	0.01609	0.07660	0.02791	0.48210	0.02705	0.01618	0.16852	0.04288	0.02348	0.01419	0.01675	0.03065	0.00659	0.00618	0.00192	0.00709	0.00565	0.00396	0.00960
2	0.04233	0.01102	0.01257	0.00923	0.01436	0.00850	0.00728	0.01538	0.01257	0.02004	0.01121	0.01328	0.00943	0.00500	0.00470	0.00108	0.00465	0.00376	0.00377	0.78984
3	0.01135	0.01082	0.01859	0.69408	0.09463	0.01306	0.04544	0.01524	0.01184	0.01533	0.01044	0.01543	0.00791	0.00573	0.00585	0.00192	0.00777	0.00524	0.00262	0.00673
4	0.01154	0.02881	0.72459	0.01626	0.02446	0.01314	0.02083	0.01807	0.01234	0.01836	0.01154	0.01516	0.00878	0.00610	0.00566	0.00189	0.00842	0.04303	0.00261	0.00842
5	0.01094	0.12440	0.04802	0.00886	0.01043	0.01014	0.00707	0.01219	0.00983	0.04744	0.01519	0.02628	0.01557	0.38056	0.14049	0.00477	0.08334	0.00656	0.03267	0.00525
6	0.01367	0.01420	0.02492	0.01916	0.02195	0.01648	0.32605	0.05581	0.01200	0.01724	0.00977	0.01407	0.00827	0.00772	0.01308	0.00225	0.40741	0.00586	0.00290	0.00719
7	0.00734	0.00591	0.00653	0.00638	0.00814	0.00511	0.00478	0.00924	0.01435	0.01831	0.29722	0.05168	0.51706	0.01376	0.00687	0.00192	0.00288	0.01167	0.00574	0.00511
8	0.01510	0.01256	0.01324	0.01157	0.01498	0.01423	0.00910	0.14947	0.56148	0.02566	0.02512	0.02340	0.08144	0.00834	0.00598	0.00193	0.00476	0.00685	0.00585	0.00894
9	0.01085	0.00565	0.00599	0.04248	0.00836	0.00578	0.00464	0.01361	0.01217	0.02135	0.01856	0.02139	0.01456	0.00673	0.00415	0.00138	0.00295	0.00541	0.78851	0.00547
10	0.58043	0.01164	0.01081	0.05060	0.01414	0.01305	0.00773	0.10865	0.01308	0.12686	0.01096	0.01174	0.00792	0.00586	0.00430	0.00180	0.00497	0.00388	0.00431	0.00724
11	0.01188	0.01009	0.01180	0.00885	0.01357	0.00796	0.00706	0.01517	0.05248	0.01902	0.01277	0.04623	0.01132	0.00554	0.00467	0.00106	0.00433	0.03297	0.00374	0.71952
12	0.01543	0.76738	0.02996	0.01016	0.01494	0.02280	0.01006	0.01727	0.01170	0.01369	0.00807	0.00947	0.00747	0.00519	0.00435	0.00130	0.03766	0.00319	0.00249	0.00742
13	0.02190	0.01452	0.01617	0.01240	0.01702	0.01535	0.01021	0.53004	0.04370	0.17375	0.01567	0.01514	0.01087	0.00684	0.00571	0.00169	0.00592	0.00525	0.00590	0.07195
14	0.00769	0.00533	0.00666	0.00748	0.00771	0.00514	0.00477	0.00835	0.01014	0.01351	0.02660	0.47461	0.03150	0.32464	0.01618	0.00366	0.00432	0.03279	0.00466	0.00427
15	0.02567	0.00999	0.01348	0.01040	0.01485	0.00876	0.00857	0.02843	0.04321	0.73657	0.02297	0.01986	0.01452	0.00722	0.00585	0.00181	0.00494	0.00587	0.00715	0.00987
16	0.01899	0.01239	0.04193	0.01110	0.01556	0.01161	0.00926	0.12778	0.22406	0.27911	0.01896	0.01772	0.01332	0.00674	0.00555	0.00166	0.00507	0.00544	0.00574	0.16801
17	0.15034	0.60023	0.04234	0.01002	0.01476	0.05128	0.00969	0.03758	0.01213	0.01648	0.00834	0.00959	0.00734	0.00515	0.00387	0.00137	0.00617	0.00323	0.00278	0.00734
18	0.01649	0.01255	0.01411	0.01059	0.01542	0.01185	0.00859	0.27303	0.06387	0.06393	0.01310	0.01373	0.00994	0.00563	0.00502	0.00129	0.00510	0.00440	0.00463	0.44672
19	0.01940	0.01580	0.05715	0.01362	0.04699	0.05159	0.01105	0.43462	0.11085	0.08047	0.05521	0.01657	0.01325	0.00707	0.00578	0.00174	0.00614	0.00553	0.00542	0.04173
20	0.06570	0.01381	0.04478	0.09606	0.59950	0.01371	0.01676	0.01806	0.04119	0.01928	0.01118	0.01439	0.00918	0.00536	0.00563	0.00176	0.00679	0.00508	0.00300	0.00877
21	0.01359	0.01541	0.03325	0.05343	0.03038	0.01472	0.69208	0.01837	0.01352	0.01837	0.01161	0.01560	0.00875	0.00507	0.00713	0.00197	0.02933	0.00675	0.00292	0.00775
22	0.01511	0.01407	0.01381	0.03649	0.01609	0.10225	0.00973	0.04991	0.55619	0.02273	0.04872	0.02039	0.01697	0.00783	0.00647	0.00193	0.04115	0.00624	0.00533	0.00858
23	0.01389	0.01193	0.01304	0.04704	0.01602	0.01377	0.00954	0.02865	0.65578	0.02333	0.02363	0.02495	0.01856	0.00845	0.00608	0.00203	0.00481	0.06402	0.00572	0.00877
24	0.00812	0.00582	0.00739	0.00734	0.00863	0.00529	0.00537	0.01029	0.01485	0.03408	0.48515	0.20731	0.15154	0.01358	0.00696	0.00196	0.00295	0.01199	0.00605	0.00532
25	0.10980	0.01364	0.01415	0.01121	0.01511	0.01505	0.00918	0.52015	0.02250	0.03260	0.01428	0.01495	0.01046	0.00677	0.00523	0.00168	0.00548	0.00504	0.16409	0.00863
26	0.00827	0.00601	0.00783	0.00754	0.00894	0.00556	0.00577	0.01095	0.01606	0.02248	0.66366	0.04588	0.08419	0.01237	0.00696	0.00191	0.00297	0.07096	0.00627	0.00545
27	0.04138	0.01680	0.01719	0.01333	0.01787	0.05928	0.01095	0.68354	0.02633	0.03517	0.01355	0.01366	0.00967	0.00689	0.00573	0.00173	0.00658	0.00510	0.00561	0.00963
28	0.00842	0.00578	0.00708	0.00707	0.00735	0.00601	0.00445	0.00897	0.00887	0.01211	0.03687	0.03465	0.02048	0.59994	0.20221	0.00640	0.00788	0.00799	0.00350	0.00396
29	0.00709	0.00506	0.00675	0.00810	0.00843	0.00472	0.00540	0.00810	0.01113	0.01484	0.03205	0.79184	0.03846	0.01822	0.00742	0.00236	0.00337	0.01653	0.00540	0.00472
30	0.00709	0.00506	0.00675	0.00810	0.00843	0.00472	0.00540	0.00810	0.01113	0.01484	0.03205	0.79184	0.03846	0.01822	0.00742	0.00236	0.00337	0.01653	0.00540	0.00472
31	0.17279	0.01114	0.01201	0.00909	0.01380	0.01006	0.00734	0.08537	0.04306	0.05776	0.01139	0.01249	0.00893	0.00505	0.00445	0.00122	0.00459	0.00380	0.00398	0.52166

[dist]
# distance from previous block
# <min> <max>
0	81

[block]
# block no. 11 follows, 40 sequences, length 113
# corresponding to MSA columns:
# 526-638
name=unknown_L
#
# <colnr> <probs for GDERKNQSTAVLIFYWHMCP>
#	G	D	E	R	K	N	Q	S	T	A	V	L	I	F	Y	W	H	M	C	P
0	0.01538	0.02651	0.57975	0.01730	0.03762	0.01360	0.05586	0.02066	0.01401	0.11957	0.01431	0.01696	0.01060	0.00706	0.00641	0.00216	0.00854	0.02041	0.00378	0.00949
