[name]
unknown

[dist]
# distance from previous block
# <min> <max>
0	453

[block]
# block no. 0 follows, 41 sequences, length 10
# corresponding to MSA columns:
# 478-487
name=unknown_A
#
# <colnr> <probs for GDERKNQSTAVLIFYWHMCP>
#	G	D	E	R	K	N	Q	S	T	A	V	L	I	F	Y	W	H	M	C	P
0	0.00922	0.00658	0.00922	0.01053	0.01185	0.00658	0.00922	0.01185	0.01317	0.01712	0.03029	0.06452	0.03292	0.01580	0.00790	0.00263	0.00527	0.72480	0.00527	0.00527
1	0.00817	0.00613	0.00919	0.00919	0.01021	0.00715	0.00715	0.01021	0.00919	0.01328	0.01532	0.02247	0.01430	0.04290	0.77631	0.00919	0.01532	0.00613	0.00306	0.00511
2	0.00697	0.00498	0.00664	0.00796	0.00830	0.00465	0.00531	0.00796	0.01095	0.01460	0.03153	0.79525	0.03783	0.01792	0.00730	0.00232	0.00332	0.01626	0.00531	0.00465
3	0.01283	0.00742	0.00765	0.00686	0.00883	0.00776	0.00534	0.15647	0.01491	0.02421	0.01769	0.01984	0.01369	0.00670	0.00434	0.00141	0.00338	0.00530	0.66916	0.00619
4	0.01105	0.00990	0.01568	0.56476	0.03137	0.01249	0.01382	0.01432	0.01110	0.01535	0.01086	0.01562	0.00852	0.00651	0.00751	0.00192	0.12780	0.00510	0.11011	0.00621
5	0.00994	0.00497	0.00745	0.00745	0.00745	0.00497	0.00497	0.00745	0.00745	0.00994	0.00994	0.01739	0.00994	0.01987	0.02235	0.83358	0.00497	0.00497	0.00248	0.00248
6	0.01360	0.01451	0.01989	0.01639	0.01760	0.09675	0.12531	0.01542	0.01028	0.01449	0.00828	0.01273	0.00767	0.00878	0.01548	0.00231	0.58624	0.00514	0.00261	0.00652
7	0.01361	0.01494	0.03053	0.02218	0.02757	0.01443	0.62905	0.02019	0.12791	0.01919	0.01338	0.01634	0.01004	0.00528	0.00661	0.00193	0.00885	0.00671	0.00335	0.00792
8	0.01211	0.01020	0.01186	0.00868	0.01350	0.00798	0.00691	0.05049	0.01257	0.01931	0.01141	0.05104	0.01000	0.00505	0.00446	0.00096	0.00429	0.00412	0.00360	0.75146
9	0.01186	0.01017	0.01186	0.00847	0.01356	0.00762	0.00678	0.01440	0.01186	0.01864	0.01017	0.01186	0.00847	0.00424	0.00424	0.00085	0.00424	0.00339	0.00339	0.83395

[dist]
# distance from previous block
# <min> <max>
1	4

[block]
# block no. 1 follows, 41 sequences, length 13
# corresponding to MSA columns:
# 492-504
name=unknown_B
#
# <colnr> <probs for GDERKNQSTAVLIFYWHMCP>
#	G	D	E	R	K	N	Q	S	T	A	V	L	I	F	Y	W	H	M	C	P
0	0.01186	0.01017	0.01186	0.00847	0.01356	0.00762	0.00678	0.01440	0.01186	0.01864	0.01017	0.01186	0.00847	0.00424	0.00424	0.00085	0.00424	0.00339	0.00339	0.83395
1	0.00848	0.00740	0.01292	0.01170	0.01330	0.00692	0.17602	0.01036	0.01154	0.01546	0.02691	0.61467	0.03108	0.01489	0.00717	0.00223	0.00478	0.01406	0.00475	0.00536
2	0.01080	0.01017	0.01716	0.78523	0.03940	0.01271	0.01589	0.01461	0.01144	0.01461	0.01017	0.01525	0.00762	0.00572	0.00572	0.00191	0.00762	0.00508	0.00254	0.00635
3	0.01236	0.20854	0.59814	0.01479	0.02242	0.01545	0.01851	0.01789	0.01197	0.01704	0.00973	0.01140	0.00727	0.00531	0.00503	0.00168	0.00791	0.00396	0.00242	0.00820
4	0.01680	0.01322	0.01448	0.01118	0.01570	0.01343	0.00906	0.35091	0.15119	0.02754	0.01414	0.01441	0.01065	0.00607	0.00520	0.00144	0.00523	0.00474	0.00489	0.30971
5	0.02174	0.01602	0.01717	0.01316	0.01774	0.01774	0.01087	0.74423	0.02689	0.03605	0.01373	0.01373	0.00973	0.00687	0.00572	0.00172	0.00629	0.00515	0.00572	0.00973
6	0.01241	0.01066	0.01211	0.00921	0.01386	0.00915	0.00730	0.01811	0.18347	0.01986	0.01320	0.01406	0.01055	0.00505	0.00460	0.00110	0.00430	0.00410	0.00395	0.64294
7	0.01275	0.01180	0.01961	0.02865	0.58853	0.01169	0.01474	0.01599	0.01376	0.01967	0.18432	0.02077	0.01946	0.00662	0.00591	0.00172	0.00585	0.00631	0.00363	0.00821
8	0.01378	0.01334	0.02190	0.03046	0.59003	0.01450	0.01639	0.01668	0.01204	0.01755	0.01001	0.01378	0.00870	0.00623	0.00870	0.00188	0.18781	0.00508	0.00276	0.00841
9	0.01147	0.02959	0.76934	0.01630	0.02476	0.01328	0.02113	0.01811	0.01208	0.01811	0.01026	0.01208	0.00725	0.00543	0.00543	0.00181	0.00845	0.00423	0.00242	0.00845
10	0.01401	0.07799	0.54812	0.01553	0.02248	0.19049	0.01808	0.01915	0.01300	0.01687	0.00979	0.01148	0.00728	0.00551	0.00526	0.00170	0.00874	0.00403	0.00254	0.00796
11	0.01391	0.01374	0.08511	0.01180	0.01553	0.01374	0.01001	0.06797	0.59435	0.02352	0.02369	0.02216	0.06314	0.00791	0.00584	0.00191	0.00490	0.00653	0.00546	0.00877
12	0.00810	0.00585	0.00765	0.00720	0.00855	0.00540	0.00540	0.01079	0.01619	0.02294	0.76028	0.04273	0.05397	0.01169	0.00675	0.00180	0.00270	0.01034	0.00630	0.00540

[dist]
# distance from previous block
# <min> <max>
1	18

[block]
# block no. 2 follows, 41 sequences, length 17
# corresponding to MSA columns:
# 525-541
name=unknown_C
#
# <colnr> <probs for GDERKNQSTAVLIFYWHMCP>
#	G	D	E	R	K	N	Q	S	T	A	V	L	I	F	Y	W	H	M	C	P
0	0.01031	0.00757	0.00881	0.00843	0.00990	0.00675	0.00598	0.01166	0.01576	0.02170	0.49088	0.04659	0.19348	0.12106	0.01074	0.00276	0.00400	0.01096	0.00639	0.00626
1	0.01186	0.01017	0.01186	0.00847	0.01356	0.00762	0.00678	0.01440	0.01186	0.01864	0.01017	0.01186	0.00847	0.00424	0.00424	0.00085	0.00424	0.00339	0.00339	0.83395
2	0.02174	0.01602	0.01717	0.01316	0.01774	0.01774	0.01087	0.74423	0.02689	0.03605	0.01373	0.01373	0.00973	0.00687	0.00572	0.00172	0.00629	0.00515	0.00572	0.00973
3	0.00994	0.00497	0.00745	0.00745	0.00745	0.00497	0.00497	0.00745	0.00745	0.00994	0.00994	0.01739	0.00994	0.01987	0.02235	0.83358	0.00497	0.00497	0.00248	0.00248
4	0.01080	0.01017	0.01716	0.78523	0.03940	0.01271	0.01589	0.01461	0.01144	0.01461	0.01017	0.01525	0.00762	0.00572	0.00572	0.00191	0.00762	0.00508	0.00254	0.00635
5	0.04413	0.42180	0.36523	0.01266	0.01913	0.01802	0.01481	0.01756	0.01176	0.01603	0.00900	0.01050	0.00725	0.00515	0.00447	0.00151	0.00712	0.00359	0.00247	0.00780
6	0.01571	0.01664	0.01715	0.01476	0.01597	0.21149	0.01197	0.09025	0.01251	0.01609	0.00848	0.01208	0.00770	0.00864	0.01397	0.00216	0.51011	0.00468	0.00294	0.00671
7	0.01574	0.01216	0.01355	0.01093	0.01421	0.01323	0.00888	0.35935	0.05349	0.02635	0.03946	0.02156	0.12947	0.00832	0.00720	0.00174	0.09870	0.00625	0.06670	0.09271
8	0.00771	0.00580	0.00717	0.00715	0.00855	0.00526	0.00539	0.00990	0.01459	0.01966	0.44490	0.12404	0.23884	0.01338	0.00689	0.00195	0.00301	0.06479	0.00586	0.00516
9	0.01147	0.02959	0.76934	0.01630	0.02476	0.01328	0.02113	0.01811	0.01208	0.01811	0.01026	0.01208	0.00725	0.00543	0.00543	0.00181	0.00845	0.00423	0.00242	0.00845
10	0.01186	0.01017	0.01186	0.00847	0.01356	0.00762	0.00678	0.01440	0.01186	0.01864	0.01017	0.01186	0.00847	0.00424	0.00424	0.00085	0.00424	0.00339	0.00339	0.83395
11	0.00697	0.00498	0.00664	0.00796	0.00830	0.00465	0.00531	0.00796	0.01095	0.01460	0.03153	0.79525	0.03783	0.01792	0.00730	0.00232	0.00332	0.01626	0.00531	0.00465
12	0.09636	0.12169	0.09725	0.43431	0.02987	0.05691	0.05533	0.01621	0.01174	0.01612	0.00966	0.01322	0.00745	0.00549	0.00521	0.00177	0.00744	0.00453	0.00266	0.00678
13	0.01434	0.45975	0.18023	0.01273	0.01817	0.01850	0.08635	0.07127	0.01301	0.01666	0.01056	0.05508	0.00935	0.00588	0.00470	0.00151	0.00681	0.00457	0.00289	0.00763
14	0.01352	0.21278	0.01737	0.01158	0.08961	0.01211	0.00861	0.01614	0.03039	0.05925	0.01162	0.03556	0.01013	0.03763	0.00547	0.00134	0.00505	0.00426	0.00342	0.41416
15	0.01885	0.11105	0.13633	0.01360	0.01802	0.40186	0.01205	0.09109	0.01582	0.06466	0.01039	0.01147	0.00807	0.00578	0.00507	0.00150	0.00844	0.00395	0.00336	0.05862
16	0.01435	0.01051	0.01222	0.00900	0.01372	0.00875	0.00725	0.10161	0.01410	0.09687	0.01238	0.01345	0.00959	0.00499	0.00455	0.00107	0.00444	0.00396	0.05638	0.60083

[dist]
# distance from previous block
# <min> <max>
5	7

[block]
# block no. 3 follows, 41 sequences, length 10
# corresponding to MSA columns:
# 549-558
name=unknown_D
#
# <colnr> <probs for GDERKNQSTAVLIFYWHMCP>
#	G	D	E	R	K	N	Q	S	T	A	V	L	I	F	Y	W	H	M	C	P
0	0.01808	0.02137	0.01505	0.09046	0.01865	0.51716	0.01049	0.02051	0.03986	0.01545	0.01007	0.01187	0.00821	0.00570	0.00504	0.00142	0.00855	0.00394	0.03591	0.14221
1	0.00697	0.00498	0.00664	0.00796	0.00830	0.00465	0.00531	0.00796	0.01095	0.01460	0.03153	0.79525	0.03783	0.01792	0.00730	0.00232	0.00332	0.01626	0.00531	0.00465
2	0.01529	0.80242	0.02997	0.00979	0.01468	0.02263	0.00979	0.01713	0.01162	0.01346	0.00795	0.00918	0.00734	0.00489	0.00367	0.00122	0.00612	0.00306	0.00245	0.00734
3	0.01568	0.75338	0.02910	0.01010	0.01487	0.07030	0.00987	0.01749	0.01191	0.01349	0.00801	0.00925	0.00734	0.00496	0.00376	0.00124	0.00638	0.00310	0.00248	0.00730
4	0.10324	0.01664	0.01589	0.01261	0.01684	0.12152	0.01026	0.52107	0.02296	0.08404	0.01311	0.01323	0.00937	0.00659	0.00543	0.00169	0.00656	0.00479	0.00522	0.00895
5	0.00871	0.00649	0.00817	0.00764	0.00917	0.00627	0.00576	0.01274	0.08943	0.02304	0.68702	0.04060	0.05034	0.01130	0.00665	0.00181	0.00288	0.00996	0.00625	0.00576
6	0.00830	0.00560	0.00653	0.00653	0.00664	0.00571	0.00384	0.00851	0.00841	0.01131	0.01775	0.03593	0.02014	0.72320	0.10401	0.00591	0.00653	0.00810	0.00343	0.00363
7	0.01753	0.01222	0.01369	0.01137	0.01465	0.01310	0.00901	0.46955	0.02130	0.08161	0.01977	0.25154	0.01858	0.01024	0.00620	0.00190	0.00529	0.00857	0.00569	0.00818
8	0.01416	0.01359	0.02322	0.03511	0.76330	0.01359	0.01755	0.01755	0.01302	0.01869	0.01076	0.01416	0.00906	0.00510	0.00566	0.00170	0.00680	0.00510	0.00283	0.00906
9	0.01091	0.01032	0.01718	0.73650	0.03785	0.01301	0.01567	0.01456	0.01127	0.01456	0.01000	0.01508	0.00762	0.00599	0.00654	0.00194	0.05703	0.00508	0.00254	0.00635

[dist]
# distance from previous block
# <min> <max>
0	2

[block]
# block no. 4 follows, 41 sequences, length 11
# corresponding to MSA columns:
# 561-571
name=unknown_E
#
# <colnr> <probs for GDERKNQSTAVLIFYWHMCP>
#	G	D	E	R	K	N	Q	S	T	A	V	L	I	F	Y	W	H	M	C	P
0	0.01493	0.01333	0.02254	0.03342	0.71267	0.01324	0.01694	0.01825	0.01325	0.06931	0.01156	0.01452	0.00941	0.00523	0.00567	0.00170	0.00666	0.00514	0.00312	0.00911
1	0.00697	0.00498	0.00664	0.00796	0.00830	0.00465	0.00531	0.00796	0.01095	0.01460	0.03153	0.79525	0.03783	0.01792	0.00730	0.00232	0.00332	0.01626	0.00531	0.00465
2	0.01147	0.02959	0.76934	0.01630	0.02476	0.01328	0.02113	0.01811	0.01208	0.01811	0.01026	0.01208	0.00725	0.00543	0.00543	0.00181	0.00845	0.00423	0.00242	0.00845
3	0.00697	0.00498	0.00664	0.00796	0.00830	0.00465	0.00531	0.00796	0.01095	0.01460	0.03153	0.79525	0.03783	0.01792	0.00730	0.00232	0.00332	0.01626	0.00531	0.00465
4	0.01529	0.80242	0.02997	0.00979	0.01468	0.02263	0.00979	0.01713	0.01162	0.01346	0.00795	0.00918	0.00734	0.00489	0.00367	0.00122	0.00612	0.00306	0.00245	0.00734
5	0.01147	0.02959	0.76934	0.01630	0.02476	0.01328	0.02113	0.01811	0.01208	0.01811	0.01026	0.01208	0.00725	0.00543	0.00543	0.00181	0.00845	0.00423	0.00242	0.00845
6	0.01416	0.01359	0.02322	0.03511	0.76330	0.01359	0.01755	0.01755	0.01302	0.01869	0.01076	0.01416	0.00906	0.00510	0.00566	0.00170	0.00680	0.00510	0.00283	0.00906
7	0.01080	0.01017	0.01716	0.78523	0.03940	0.01271	0.01589	0.01461	0.01144	0.01461	0.01017	0.01525	0.00762	0.00572	0.00572	0.00191	0.00762	0.00508	0.00254	0.00635
8	0.01080	0.01017	0.01716	0.78523	0.03940	0.01271	0.01589	0.01461	0.01144	0.01461	0.01017	0.01525	0.00762	0.00572	0.00572	0.00191	0.00762	0.00508	0.00254	0.00635
9	0.01416	0.01359	0.02322	0.03511	0.76330	0.01359	0.01755	0.01755	0.01302	0.01869	0.01076	0.01416	0.00906	0.00510	0.00566	0.00170	0.00680	0.00510	0.00283	0.00906
10	0.01080	0.01017	0.01716	0.78523	0.03940	0.01271	0.01589	0.01461	0.01144	0.01461	0.01017	0.01525	0.00762	0.00572	0.00572	0.00191	0.00762	0.00508	0.00254	0.00635

[dist]
# distance from previous block
# <min> <max>
0	96

# created by:
# /software/SequenceAnalysis/GenePrediction/augustus/3.0.1/scripts/msa2prfl.pl ./fixed/BUSCOvEOG70K9CQ.fas
