[name]
unknown

[dist]
# distance from previous block
# <min> <max>
0	510

[block]
# block no. 0 follows, 40 sequences, length 8
# corresponding to MSA columns:
# 517-524
name=unknown_A
#
# <colnr> <probs for GDERKNQSTAVLIFYWHMCP>
#	G	D	E	R	K	N	Q	S	T	A	V	L	I	F	Y	W	H	M	C	P
0	0.01241	0.17767	0.62444	0.01530	0.02320	0.01533	0.01927	0.01822	0.01219	0.01751	0.00998	0.01171	0.00738	0.00542	0.00518	0.00173	0.00814	0.00407	0.00246	0.00838
1	0.00851	0.00613	0.00817	0.00816	0.00952	0.00579	0.00645	0.01124	0.01570	0.02185	0.57654	0.04893	0.04957	0.01292	0.00715	0.00204	0.00339	0.18635	0.00614	0.00545
2	0.00846	0.00564	0.00634	0.00634	0.00634	0.00564	0.00352	0.00846	0.00846	0.01128	0.01832	0.03805	0.02114	0.79563	0.02960	0.00564	0.00564	0.00846	0.00352	0.00352
3	0.01166	0.03008	0.76550	0.01657	0.02517	0.01351	0.02149	0.01842	0.01228	0.01842	0.01044	0.01228	0.00737	0.00552	0.00552	0.00184	0.00859	0.00430	0.00246	0.00859
4	0.01431	0.01404	0.02486	0.03439	0.67419	0.01392	0.10201	0.01794	0.01330	0.01895	0.01103	0.01454	0.00917	0.00515	0.00589	0.00175	0.00725	0.00538	0.00289	0.00905
5	0.01166	0.03008	0.76550	0.01657	0.02517	0.01351	0.02149	0.01842	0.01228	0.01842	0.01044	0.01228	0.00737	0.00552	0.00552	0.00184	0.00859	0.00430	0.00246	0.00859
6	0.01348	0.01737	0.11971	0.02358	0.02978	0.01457	0.65453	0.01860	0.01356	0.01860	0.01161	0.01529	0.00865	0.00497	0.00671	0.00195	0.00966	0.00656	0.00288	0.00793
7	0.01873	0.06087	0.16095	0.01372	0.01872	0.10483	0.01271	0.41321	0.06209	0.02783	0.01360	0.04201	0.01049	0.00694	0.00565	0.00174	0.00708	0.00526	0.00466	0.00892

[dist]
# distance from previous block
# <min> <max>
0	2

[block]
# block no. 1 follows, 40 sequences, length 12
# corresponding to MSA columns:
# 527-538
name=unknown_B
#
# <colnr> <probs for GDERKNQSTAVLIFYWHMCP>
#	G	D	E	R	K	N	Q	S	T	A	V	L	I	F	Y	W	H	M	C	P
0	0.01241	0.00867	0.00974	0.00823	0.01156	0.00777	0.00646	0.01682	0.13920	0.13711	0.03613	0.03438	0.34250	0.00999	0.00596	0.00169	0.00386	0.00827	0.00533	0.19393
1	0.01103	0.00620	0.00648	0.00593	0.00789	0.00579	0.00452	0.01372	0.01217	0.02124	0.01759	0.02015	0.01390	0.00638	0.00410	0.00128	0.00296	0.00511	0.69648	0.13706
2	0.01679	0.01009	0.01414	0.01151	0.01472	0.00981	0.07705	0.11918	0.01585	0.26411	0.08561	0.19504	0.02150	0.00985	0.00706	0.00192	0.05059	0.00850	0.00561	0.06110
3	0.19895	0.01045	0.01210	0.00951	0.01387	0.00977	0.00777	0.02330	0.06376	0.40244	0.01721	0.01611	0.01169	0.00627	0.00505	0.00162	0.00470	0.00482	0.00557	0.17505
4	0.01433	0.09958	0.57612	0.01496	0.02255	0.01361	0.01833	0.01990	0.01293	0.13673	0.01221	0.01320	0.00850	0.00574	0.00541	0.00178	0.00779	0.00443	0.00321	0.00869
5	0.01207	0.10970	0.68940	0.01589	0.02411	0.01449	0.02029	0.01831	0.01223	0.01793	0.01019	0.01197	0.00738	0.00547	0.00534	0.00178	0.00835	0.00417	0.00246	0.00848
6	0.06845	0.01700	0.14486	0.01932	0.02512	0.01404	0.41583	0.06891	0.05739	0.09105	0.01322	0.01536	0.00955	0.00557	0.00622	0.00190	0.00827	0.00599	0.00368	0.00827
7	0.01528	0.00933	0.01160	0.00888	0.01309	0.00751	0.00709	0.01774	0.01404	0.23192	0.13359	0.04580	0.01865	0.00681	0.00526	0.00133	0.00421	0.00570	0.00505	0.43709
8	0.02112	0.01483	0.01365	0.01143	0.01508	0.22466	0.00899	0.02479	0.09739	0.36153	0.09447	0.01949	0.01676	0.00730	0.00572	0.00170	0.00622	0.00572	0.00563	0.04354
9	0.01339	0.11826	0.33914	0.01364	0.01942	0.01512	0.01458	0.02384	0.33981	0.02045	0.01603	0.01610	0.01200	0.00651	0.00548	0.00183	0.00652	0.00516	0.00400	0.00872
10	0.01307	0.28625	0.48037	0.01479	0.02203	0.01675	0.05640	0.01809	0.01220	0.01685	0.00972	0.01148	0.00748	0.00531	0.00500	0.00165	0.00787	0.00404	0.00249	0.00818
11	0.29102	0.02140	0.34759	0.01339	0.01926	0.09160	0.05322	0.01871	0.01225	0.05000	0.02623	0.01229	0.00840	0.00570	0.00496	0.00180	0.00721	0.00419	0.00319	0.00757

[dist]
# distance from previous block
# <min> <max>
9	12

[block]
# block no. 2 follows, 40 sequences, length 9
# corresponding to MSA columns:
# 552-560
name=unknown_C
#
# <colnr> <probs for GDERKNQSTAVLIFYWHMCP>
#	G	D	E	R	K	N	Q	S	T	A	V	L	I	F	Y	W	H	M	C	P
0	0.57440	0.00957	0.00830	0.00754	0.01044	0.01065	0.00604	0.01516	0.01197	0.02521	0.24499	0.02021	0.02168	0.00745	0.00463	0.00181	0.00394	0.00548	0.00449	0.00604
1	0.01010	0.00505	0.00758	0.00758	0.00758	0.00505	0.00505	0.00758	0.00758	0.01010	0.01010	0.01768	0.01010	0.02020	0.02273	0.83081	0.00505	0.00505	0.00253	0.00253
2	0.01316	0.01469	0.03160	0.02275	0.02817	0.01376	0.66327	0.01784	0.01401	0.01911	0.08793	0.01853	0.01353	0.00562	0.00686	0.00195	0.00908	0.00724	0.00330	0.00760
3	0.01710	0.01999	0.02691	0.02042	0.02520	0.28366	0.43367	0.06655	0.01558	0.01822	0.01092	0.01373	0.00842	0.00542	0.00622	0.00178	0.00983	0.00565	0.00315	0.00758
4	0.01539	0.01570	0.02264	0.03288	0.65876	0.11673	0.01695	0.01858	0.01368	0.01835	0.01067	0.01386	0.00898	0.00529	0.00569	0.00170	0.00739	0.00499	0.00289	0.00888
5	0.02083	0.02011	0.01756	0.01685	0.11834	0.31996	0.01186	0.29505	0.04578	0.05967	0.01232	0.01317	0.00932	0.00638	0.00558	0.00165	0.00798	0.00471	0.00435	0.00851
6	0.01439	0.01382	0.02360	0.03569	0.75936	0.01382	0.01785	0.01785	0.01324	0.01900	0.01094	0.01439	0.00921	0.00518	0.00576	0.00173	0.00691	0.00518	0.00288	0.00921
7	0.62718	0.01181	0.01262	0.01033	0.01429	0.01300	0.10591	0.01877	0.04470	0.07982	0.01041	0.01162	0.00777	0.00558	0.00431	0.00183	0.00526	0.00401	0.00388	0.00691
8	0.01831	0.01212	0.01311	0.01014	0.01470	0.08676	0.00811	0.02172	0.07012	0.28860	0.01578	0.01543	0.01129	0.00580	0.00508	0.00135	0.00519	0.00458	0.00495	0.38685

[dist]
# distance from previous block
# <min> <max>
30	46

[block]
# block no. 3 follows, 40 sequences, length 20
# corresponding to MSA columns:
# 621-640
name=unknown_D
#
# <colnr> <probs for GDERKNQSTAVLIFYWHMCP>
#	G	D	E	R	K	N	Q	S	T	A	V	L	I	F	Y	W	H	M	C	P
0	0.06350	0.00919	0.01141	0.00952	0.01280	0.00885	0.00759	0.02282	0.13909	0.37166	0.24710	0.02679	0.02692	0.00865	0.00605	0.00184	0.00419	0.00725	0.00654	0.00823
1	0.01097	0.00756	0.00933	0.00845	0.01059	0.00727	0.00658	0.04532	0.08644	0.08024	0.47108	0.03918	0.08578	0.01106	0.00661	0.00186	0.00351	0.05879	0.00613	0.04324
2	0.01439	0.01382	0.02360	0.03569	0.75936	0.01382	0.01785	0.01785	0.01324	0.01900	0.01094	0.01439	0.00921	0.00518	0.00576	0.00173	0.00691	0.00518	0.00288	0.00921
3	0.01198	0.09334	0.70504	0.01603	0.02433	0.01429	0.02054	0.01833	0.01224	0.01803	0.01024	0.01203	0.00737	0.00548	0.00538	0.00179	0.00840	0.00420	0.00246	0.00850
4	0.01428	0.54743	0.27103	0.01212	0.01828	0.01990	0.01373	0.01774	0.01197	0.01523	0.00885	0.01029	0.00743	0.00516	0.00432	0.00144	0.00700	0.00350	0.00248	0.00783
5	0.01238	0.17232	0.62955	0.01535	0.02327	0.01526	0.01935	0.01823	0.01219	0.01754	0.01000	0.01173	0.00738	0.00542	0.00519	0.00173	0.00815	0.00408	0.00246	0.00838
6	0.01227	0.15088	0.65005	0.01553	0.02356	0.01500	0.01967	0.01826	0.01220	0.01767	0.01007	0.01181	0.00738	0.00544	0.00524	0.00175	0.00822	0.00411	0.00246	0.00842
7	0.01266	0.22706	0.57723	0.01488	0.02255	0.01594	0.01853	0.01816	0.01216	0.01720	0.00983	0.01152	0.00739	0.00538	0.00507	0.00169	0.00799	0.00399	0.00246	0.00830
8	0.08816	0.00698	0.00844	0.00783	0.00986	0.00655	0.00600	0.01367	0.01475	0.13989	0.37412	0.12847	0.13155	0.01176	0.00649	0.00192	0.00343	0.02804	0.00599	0.00610
9	0.02211	0.01629	0.01745	0.01338	0.01803	0.01803	0.01105	0.73997	0.02734	0.03665	0.01396	0.01396	0.00989	0.00698	0.00582	0.00175	0.00640	0.00524	0.00582	0.00989
10	0.01555	0.79913	0.03047	0.00995	0.01493	0.02301	0.00995	0.01741	0.01182	0.01368	0.00808	0.00933	0.00746	0.00498	0.00373	0.00124	0.00622	0.00311	0.00249	0.00746
11	0.01439	0.01382	0.02360	0.03569	0.75936	0.01382	0.01785	0.01785	0.01324	0.01900	0.01094	0.01439	0.00921	0.00518	0.00576	0.00173	0.00691	0.00518	0.00288	0.00921
12	0.83671	0.01125	0.00855	0.00765	0.01125	0.01305	0.00630	0.01709	0.00990	0.02609	0.00810	0.00945	0.00630	0.00540	0.00360	0.00180	0.00450	0.00315	0.00360	0.00630
13	0.02211	0.01629	0.01745	0.01338	0.01803	0.01803	0.01105	0.73997	0.02734	0.03665	0.01396	0.01396	0.00989	0.00698	0.00582	0.00175	0.00640	0.00524	0.00582	0.00989
14	0.01429	0.54930	0.26925	0.01210	0.01825	0.01992	0.01370	0.01774	0.01197	0.01522	0.00885	0.01029	0.00743	0.00515	0.00431	0.00144	0.00699	0.00350	0.00248	0.00783
15	0.02211	0.01629	0.01745	0.01338	0.01803	0.01803	0.01105	0.73997	0.02734	0.03665	0.01396	0.01396	0.00989	0.00698	0.00582	0.00175	0.00640	0.00524	0.00582	0.00989
16	0.01284	0.26219	0.54366	0.01458	0.02208	0.01637	0.01800	0.01811	0.01214	0.01699	0.00973	0.01139	0.00740	0.00536	0.00498	0.00166	0.00788	0.00394	0.00247	0.00825
17	0.01198	0.09334	0.70504	0.01603	0.02433	0.01429	0.02054	0.01833	0.01224	0.01803	0.01024	0.01203	0.00737	0.00548	0.00538	0.00179	0.00840	0.00420	0.00246	0.00850
18	0.11761	0.09369	0.53940	0.01432	0.02160	0.01385	0.01742	0.01903	0.01232	0.08397	0.01102	0.01232	0.00785	0.00561	0.00515	0.00178	0.00755	0.00418	0.00302	0.00832
19	0.01215	0.12685	0.67301	0.01574	0.02388	0.01470	0.02003	0.01829	0.01222	0.01782	0.01014	0.01191	0.00738	0.00546	0.00530	0.00177	0.00830	0.00415	0.00246	0.00845

[dist]
# distance from previous block
# <min> <max>
0	1

[block]
# block no. 4 follows, 40 sequences, length 7
# corresponding to MSA columns:
# 642-648
name=unknown_E
#
# <colnr> <probs for GDERKNQSTAVLIFYWHMCP>
#	G	D	E	R	K	N	Q	S	T	A	V	L	I	F	Y	W	H	M	C	P
0	0.02095	0.02643	0.01659	0.01501	0.01774	0.70744	0.01136	0.02243	0.01583	0.01421	0.00887	0.01068	0.00750	0.00635	0.00643	0.00159	0.07705	0.00386	0.00296	0.00671
1	0.01166	0.01102	0.01866	0.63431	0.18213	0.01310	0.01649	0.01545	0.01195	0.01568	0.01045	0.01528	0.00804	0.00569	0.00580	0.00190	0.00759	0.00517	0.00264	0.00700
2	0.01499	0.68918	0.13556	0.01090	0.01639	0.02165	0.01160	0.01756	0.01188	0.01436	0.00842	0.00975	0.00745	0.00505	0.00399	0.00133	0.00656	0.00328	0.00248	0.00762
3	0.02211	0.01629	0.01745	0.01338	0.01803	0.01803	0.01105	0.73997	0.02734	0.03665	0.01396	0.01396	0.00989	0.00698	0.00582	0.00175	0.00640	0.00524	0.00582	0.00989
4	0.01302	0.01410	0.02878	0.02076	0.02617	0.01289	0.56705	0.01729	0.01328	0.01845	0.01279	0.06363	0.01064	0.00563	0.00646	0.00180	0.00846	0.00688	0.00318	0.14875
5	0.02211	0.01629	0.01745	0.01338	0.01803	0.01803	0.01105	0.73997	0.02734	0.03665	0.01396	0.01396	0.00989	0.00698	0.00582	0.00175	0.00640	0.00524	0.00582	0.00989
6	0.01200	0.09618	0.70233	0.01601	0.02429	0.01432	0.02049	0.01833	0.01224	0.01801	0.01023	0.01202	0.00737	0.00548	0.00537	0.00179	0.00839	0.00420	0.00246	0.00850

[dist]
# distance from previous block
# <min> <max>
0	3

[block]
# block no. 5 follows, 40 sequences, length 12
# corresponding to MSA columns:
# 652-663
name=unknown_F
#
# <colnr> <probs for GDERKNQSTAVLIFYWHMCP>
#	G	D	E	R	K	N	Q	S	T	A	V	L	I	F	Y	W	H	M	C	P
0	0.57102	0.15908	0.11749	0.00931	0.01385	0.01495	0.00908	0.01734	0.01058	0.02274	0.00842	0.00982	0.00666	0.00534	0.00389	0.00170	0.00538	0.00330	0.00324	0.00683
1	0.02211	0.01629	0.01745	0.01338	0.01803	0.01803	0.01105	0.73997	0.02734	0.03665	0.01396	0.01396	0.00989	0.00698	0.00582	0.00175	0.00640	0.00524	0.00582	0.00989
2	0.01615	0.72423	0.02911	0.01044	0.01522	0.09576	0.01008	0.01798	0.01227	0.01374	0.00817	0.00944	0.00747	0.00507	0.00388	0.00127	0.00663	0.00317	0.00254	0.00739
3	0.01221	0.01159	0.01966	0.51337	0.29875	0.01324	0.01676	0.01593	0.01221	0.01635	0.01055	0.01510	0.00828	0.00559	0.00579	0.00186	0.00745	0.00517	0.00269	0.00745
4	0.01431	0.45992	0.18882	0.01461	0.02056	0.01912	0.17457	0.01790	0.01234	0.01580	0.00941	0.01138	0.00775	0.00508	0.00481	0.00153	0.00753	0.00420	0.00258	0.00779
5	0.02134	0.01591	0.01702	0.01322	0.01774	0.01768	0.01087	0.66887	0.09968	0.03541	0.01493	0.01474	0.01068	0.00707	0.00583	0.00177	0.00622	0.00537	0.00583	0.00982
6	0.01555	0.79913	0.03047	0.00995	0.01493	0.02301	0.00995	0.01741	0.01182	0.01368	0.00808	0.00933	0.00746	0.00498	0.00373	0.00124	0.00622	0.00311	0.00249	0.00746
7	0.01210	0.01116	0.01710	0.53547	0.10662	0.01335	0.01477	0.01873	0.17592	0.01738	0.01336	0.01677	0.01012	0.00621	0.00583	0.00192	0.00697	0.00548	0.00336	0.00735
8	0.01204	0.10475	0.69413	0.01593	0.02417	0.01443	0.02037	0.01832	0.01223	0.01796	0.01021	0.01199	0.00738	0.00547	0.00535	0.00178	0.00836	0.00418	0.00246	0.00848
9	0.05764	0.01350	0.02687	0.01967	0.02454	0.01281	0.52222	0.01757	0.04093	0.02004	0.13711	0.02010	0.01675	0.00619	0.00656	0.00189	0.00794	0.00714	0.00369	0.03683
10	0.01555	0.79913	0.03047	0.00995	0.01493	0.02301	0.00995	0.01741	0.01182	0.01368	0.00808	0.00933	0.00746	0.00498	0.00373	0.00124	0.00622	0.00311	0.00249	0.00746
11	0.01166	0.03008	0.76550	0.01657	0.02517	0.01351	0.02149	0.01842	0.01228	0.01842	0.01044	0.01228	0.00737	0.00552	0.00552	0.00184	0.00859	0.00430	0.00246	0.00859

[dist]
# distance from previous block
# <min> <max>
0	1

[block]
# block no. 6 follows, 40 sequences, length 39
# corresponding to MSA columns:
# 665-703
name=unknown_G
#
# <colnr> <probs for GDERKNQSTAVLIFYWHMCP>
#	G	D	E	R	K	N	Q	S	T	A	V	L	I	F	Y	W	H	M	C	P
0	0.04454	0.01368	0.02765	0.02041	0.02515	0.01319	0.54193	0.01676	0.01325	0.01827	0.01779	0.02309	0.09065	0.00703	0.00746	0.00204	0.04948	0.05702	0.00338	0.00722
1	0.09696	0.02191	0.01520	0.01330	0.01674	0.49845	0.01024	0.07107	0.03524	0.14974	0.01208	0.01255	0.00902	0.00626	0.00525	0.00161	0.00854	0.00423	0.00406	0.00753
2	0.15278	0.01322	0.02077	0.06632	0.59922	0.01364	0.01582	0.01758	0.01260	0.02000	0.01043	0.01361	0.00865	0.00525	0.00540	0.00175	0.00654	0.00484	0.00299	0.00859
3	0.01555	0.79913	0.03047	0.00995	0.01493	0.02301	0.00995	0.01741	0.01182	0.01368	0.00808	0.00933	0.00746	0.00498	0.00373	0.00124	0.00622	0.00311	0.00249	0.00746
4	0.01555	0.79913	0.03047	0.00995	0.01493	0.02301	0.00995	0.01741	0.01182	0.01368	0.00808	0.00933	0.00746	0.00498	0.00373	0.00124	0.00622	0.00311	0.00249	0.00746
5	0.01166	0.03008	0.76550	0.01657	0.02517	0.01351	0.02149	0.01842	0.01228	0.01842	0.01044	0.01228	0.00737	0.00552	0.00552	0.00184	0.00859	0.00430	0.00246	0.00859
6	0.02298	0.01425	0.17584	0.01169	0.01707	0.00962	0.01134	0.02620	0.01570	0.60256	0.02024	0.01817	0.01288	0.00684	0.00578	0.00181	0.00574	0.00551	0.00617	0.00962
7	0.01184	0.03015	0.76347	0.01667	0.02526	0.01359	0.02152	0.01853	0.01239	0.01858	0.01061	0.01252	0.00754	0.00564	0.00560	0.00187	0.00864	0.00436	0.00252	0.00868
8	0.01028	0.00519	0.00771	0.00770	0.00772	0.00516	0.00513	0.00772	0.00770	0.01028	0.01028	0.01791	0.01027	0.02028	0.02275	0.82847	0.00511	0.00511	0.00259	0.00263
9	0.01339	0.01939	0.21940	0.02290	0.05010	0.01446	0.53384	0.01866	0.01345	0.01874	0.01158	0.01502	0.00863	0.00519	0.00656	0.00196	0.00946	0.00622	0.00288	0.00816
10	0.01550	0.02503	0.57285	0.01510	0.02265	0.01234	0.01824	0.02104	0.01349	0.20741	0.01378	0.01443	0.00932	0.00607	0.00568	0.00186	0.00772	0.00475	0.00372	0.00901
11	0.00728	0.00520	0.00688	0.00822	0.00858	0.00484	0.00548	0.00824	0.01125	0.01501	0.03217	0.78986	0.03855	0.01830	0.00749	0.00239	0.00344	0.01656	0.00545	0.00482
12	0.01390	0.01579	0.03437	0.02459	0.03047	0.01479	0.73622	0.01874	0.01383	0.01879	0.01194	0.01592	0.00899	0.00502	0.00693	0.00199	0.00985	0.00691	0.00300	0.00793
13	0.01390	0.01579	0.03437	0.02459	0.03047	0.01479	0.73622	0.01874	0.01383	0.01879	0.01194	0.01592	0.00899	0.00502	0.00693	0.00199	0.00985	0.00691	0.00300	0.00793
14	0.02225	0.01640	0.01756	0.01349	0.01815	0.01811	0.01112	0.73802	0.02741	0.03676	0.01413	0.01420	0.01006	0.00710	0.00589	0.00178	0.00646	0.00529	0.00587	0.00997
15	0.00707	0.00603	0.00603	0.00602	0.00800	0.00502	0.00450	0.00849	0.01336	0.01588	0.05895	0.05609	0.75503	0.01482	0.00695	0.00200	0.00301	0.01231	0.00546	0.00501
16	0.01390	0.01579	0.03437	0.02459	0.03047	0.01479	0.73622	0.01874	0.01383	0.01879	0.01194	0.01592	0.00899	0.00502	0.00693	0.00199	0.00985	0.00691	0.00300	0.00793
17	0.01116	0.01046	0.01755	0.77957	0.04010	0.01301	0.01620	0.01498	0.01174	0.01503	0.01051	0.01574	0.00792	0.00593	0.00589	0.00197	0.00780	0.00522	0.00265	0.00655
18	0.01383	0.01318	0.02236	0.19678	0.60207	0.01371	0.01753	0.01731	0.01300	0.01826	0.01099	0.01487	0.00906	0.00544	0.00584	0.00181	0.00715	0.00523	0.00288	0.00870
19	0.01205	0.07075	0.72466	0.01633	0.02472	0.01410	0.02091	0.01847	0.01236	0.01833	0.01049	0.01237	0.00754	0.00562	0.00551	0.00184	0.00852	0.00429	0.00252	0.00862
20	0.01137	0.01067	0.01792	0.73490	0.08318	0.01306	0.01630	0.01516	0.01184	0.01528	0.01055	0.01568	0.00801	0.00589	0.00589	0.00196	0.00775	0.00523	0.00266	0.00672
21	0.02623	0.01002	0.01361	0.01046	0.01497	0.00865	0.00862	0.02842	0.01674	0.76141	0.02308	0.02002	0.01455	0.00731	0.00592	0.00183	0.00501	0.00590	0.00725	0.00998
22	0.00728	0.00520	0.00688	0.00822	0.00858	0.00484	0.00548	0.00824	0.01125	0.01501	0.03217	0.78986	0.03855	0.01830	0.00749	0.00239	0.00344	0.01656	0.00545	0.00482
23	0.00728	0.00520	0.00688	0.00822	0.00858	0.00484	0.00548	0.00824	0.01125	0.01501	0.03217	0.78986	0.03855	0.01830	0.00749	0.00239	0.00344	0.01656	0.00545	0.00482
24	0.01184	0.03015	0.76347	0.01667	0.02526	0.01359	0.02152	0.01853	0.01239	0.01858	0.01061	0.01252	0.00754	0.00564	0.00560	0.00187	0.00864	0.00436	0.00252	0.00868
25	0.01463	0.01261	0.01327	0.01195	0.01524	0.01455	0.00928	0.03098	0.74686	0.02447	0.02381	0.02192	0.01789	0.00800	0.00599	0.00200	0.00466	0.00663	0.00597	0.00929
26	0.01456	0.01393	0.02369	0.03574	0.75735	0.01390	0.01789	0.01796	0.01335	0.01916	0.01112	0.01463	0.00938	0.00530	0.00583	0.00176	0.00696	0.00524	0.00294	0.00930
27	0.02225	0.01640	0.01756	0.01349	0.01815	0.01811	0.01112	0.73802	0.02741	0.03676	0.01413	0.01420	0.01006	0.00710	0.00589	0.00178	0.00646	0.00529	0.00587	0.00997
28	0.01456	0.01393	0.02369	0.03574	0.75735	0.01390	0.01789	0.01796	0.01335	0.01916	0.01112	0.01463	0.00938	0.00530	0.00583	0.00176	0.00696	0.00524	0.00294	0.00930
29	0.00741	0.00604	0.00651	0.00638	0.00821	0.00517	0.00477	0.00915	0.01417	0.01781	0.23572	0.05291	0.57705	0.01410	0.00694	0.00196	0.00296	0.01186	0.00571	0.00515
30	0.01463	0.01261	0.01327	0.01195	0.01524	0.01455	0.00928	0.03098	0.74686	0.02447	0.02381	0.02192	0.01789	0.00800	0.00599	0.00200	0.00466	0.00663	0.00597	0.00929
31	0.01290	0.01284	0.01792	0.01537	0.01539	0.01789	0.01278	0.01412	0.00903	0.01417	0.00782	0.01297	0.00781	0.01028	0.01912	0.00258	0.78282	0.00515	0.00261	0.00645
32	0.01277	0.01077	0.01246	0.00899	0.01413	0.00840	0.00719	0.05306	0.01298	0.02004	0.01071	0.01241	0.00885	0.00457	0.00447	0.00094	0.00448	0.00360	0.00363	0.78555
33	0.00837	0.00608	0.00784	0.00739	0.00880	0.00558	0.00553	0.01101	0.01644	0.02318	0.72811	0.04407	0.08131	0.01210	0.00693	0.00187	0.00282	0.01062	0.00642	0.00556
34	0.00850	0.00633	0.00932	0.00931	0.01031	0.00729	0.00715	0.01042	0.00942	0.01355	0.01589	0.02387	0.01504	0.08352	0.73105	0.00916	0.01508	0.00640	0.00320	0.00520
35	0.02225	0.01640	0.01756	0.01349	0.01815	0.01811	0.01112	0.73802	0.02741	0.03676	0.01413	0.01420	0.01006	0.00710	0.00589	0.00178	0.00646	0.00529	0.00587	0.00997
36	0.00728	0.00520	0.00688	0.00822	0.00858	0.00484	0.00548	0.00824	0.01125	0.01501	0.03217	0.78986	0.03855	0.01830	0.00749	0.00239	0.00344	0.01656	0.00545	0.00482
37	0.00851	0.00632	0.00925	0.00924	0.01022	0.00725	0.00707	0.01038	0.00940	0.01351	0.01594	0.02419	0.01518	0.09921	0.71555	0.00908	0.01487	0.00645	0.00321	0.00516
38	0.00864	0.00581	0.00666	0.00665	0.00673	0.00585	0.00384	0.00871	0.00863	0.01159	0.01831	0.03732	0.02088	0.74846	0.07410	0.00588	0.00629	0.00837	0.00356	0.00372

[dist]
# distance from previous block
# <min> <max>
2	117

# created by:
# /software/SequenceAnalysis/GenePrediction/augustus/3.0.1/scripts/msa2prfl.pl ./fixed/BUSCOvEOG7QC2JS.fas
