[name]
unknown

[dist]
# distance from previous block
# <min> <max>
0	332

[block]
# block no. 0 follows, 40 sequences, length 26
# corresponding to MSA columns:
# 350-375
name=unknown_A
#
# <colnr> <probs for GDERKNQSTAVLIFYWHMCP>
#	G	D	E	R	K	N	Q	S	T	A	V	L	I	F	Y	W	H	M	C	P
0	0.01771	0.01243	0.01376	0.01111	0.01465	0.01330	0.00890	0.40415	0.09207	0.09252	0.14084	0.02400	0.06409	0.05455	0.00746	0.00203	0.00525	0.00690	0.00588	0.00843
1	0.22120	0.52881	0.02377	0.00970	0.01430	0.02005	0.00914	0.08526	0.01280	0.01894	0.00864	0.00979	0.00740	0.00527	0.00389	0.00143	0.00581	0.00332	0.00308	0.00740
2	0.03084	0.50228	0.22124	0.01190	0.01762	0.03462	0.01287	0.01888	0.07193	0.01605	0.00999	0.01113	0.00825	0.00539	0.00441	0.00148	0.00676	0.00372	0.00279	0.00786
3	0.01840	0.01393	0.01522	0.01159	0.01608	0.01434	0.00940	0.48906	0.02183	0.03004	0.01323	0.01500	0.01027	0.05773	0.00695	0.00175	0.00576	0.00494	0.00500	0.23949
4	0.01784	0.01069	0.01570	0.07965	0.22331	0.01024	0.01125	0.02136	0.05591	0.31861	0.06796	0.02134	0.05964	0.00716	0.00586	0.00176	0.00540	0.00620	0.00518	0.05494
5	0.00772	0.00592	0.00707	0.00678	0.00838	0.00527	0.00509	0.00999	0.01526	0.02047	0.49561	0.04812	0.31732	0.01295	0.00686	0.00188	0.00282	0.01117	0.00603	0.00527
6	0.24710	0.12236	0.01531	0.05639	0.01618	0.31064	0.00942	0.02003	0.07311	0.01842	0.01270	0.01380	0.05011	0.00633	0.00476	0.00164	0.00718	0.00429	0.00345	0.00679
7	0.00869	0.00630	0.00845	0.00911	0.01046	0.00606	0.00753	0.01120	0.01423	0.01902	0.26413	0.09860	0.09568	0.01475	0.00754	0.00233	0.00423	0.40066	0.00569	0.00533
8	0.00832	0.00617	0.00906	0.00906	0.01000	0.00712	0.00692	0.01020	0.00926	0.01329	0.01583	0.02428	0.01516	0.11432	0.70273	0.00900	0.01464	0.00644	0.00315	0.00504
9	0.00801	0.00613	0.00747	0.00770	0.00929	0.00559	0.00614	0.01023	0.01433	0.01866	0.27794	0.05457	0.32716	0.01418	0.00719	0.00212	0.00355	0.20880	0.00571	0.00522
10	0.00709	0.00506	0.00675	0.00810	0.00843	0.00472	0.00540	0.00810	0.01113	0.01484	0.03205	0.79184	0.03846	0.01822	0.00742	0.00236	0.00337	0.01653	0.00540	0.00472
11	0.01650	0.01902	0.01725	0.01515	0.01641	0.33466	0.01210	0.01787	0.01209	0.01409	0.00820	0.01178	0.00757	0.00842	0.01327	0.00211	0.45973	0.00452	0.00273	0.00652
12	0.02211	0.01629	0.01745	0.01338	0.01803	0.01803	0.01105	0.73997	0.02734	0.03665	0.01396	0.01396	0.00989	0.00698	0.00582	0.00175	0.00640	0.00524	0.00582	0.00989
13	0.83671	0.01125	0.00855	0.00765	0.01125	0.01305	0.00630	0.01709	0.00990	0.02609	0.00810	0.00945	0.00630	0.00540	0.00360	0.00180	0.00450	0.00315	0.00360	0.00630
14	0.11247	0.03819	0.01435	0.01221	0.01536	0.39592	0.00946	0.10015	0.01683	0.08047	0.13358	0.01691	0.01598	0.00708	0.00540	0.00163	0.00752	0.00511	0.00427	0.00711
15	0.06835	0.01617	0.01904	0.02121	0.28430	0.08684	0.01323	0.36954	0.02020	0.02756	0.01206	0.01352	0.00920	0.00615	0.00561	0.00172	0.00685	0.00495	0.00436	0.00913
16	0.01010	0.07245	0.01410	0.06641	0.22010	0.00930	0.00994	0.01211	0.01200	0.01621	0.04827	0.43475	0.02637	0.01248	0.00653	0.00205	0.00485	0.01133	0.00431	0.00634
17	0.00717	0.00548	0.00659	0.00721	0.00827	0.00490	0.00507	0.00859	0.01263	0.01634	0.14336	0.42748	0.29378	0.01610	0.00715	0.00215	0.00313	0.01419	0.00554	0.00490
18	0.01097	0.00814	0.00962	0.00918	0.00969	0.06951	0.00668	0.01064	0.00918	0.01243	0.01203	0.01955	0.01171	0.09372	0.14762	0.38364	0.10507	0.00550	0.06105	0.00410
19	0.00726	0.00590	0.00646	0.00654	0.00828	0.00510	0.00495	0.00899	0.01367	0.01702	0.17052	0.09582	0.55746	0.01454	0.00697	0.00201	0.00308	0.05486	0.00556	0.00502
20	0.01397	0.01501	0.03046	0.02853	0.29263	0.01439	0.47908	0.01835	0.01355	0.01876	0.01147	0.01522	0.00896	0.00500	0.00646	0.00188	0.00876	0.00626	0.00292	0.00834
21	0.01660	0.59896	0.14691	0.01225	0.01767	0.08286	0.01237	0.01884	0.01305	0.01569	0.00983	0.01169	0.00866	0.00599	0.00471	0.00160	0.00734	0.00379	0.00297	0.00821
22	0.00924	0.00702	0.00828	0.00828	0.00997	0.00627	0.00636	0.01109	0.01535	0.02032	0.34038	0.05346	0.32147	0.01446	0.00759	0.00227	0.00377	0.14235	0.00619	0.00591
23	0.01416	0.01438	0.02441	0.15545	0.06763	0.03401	0.27481	0.01699	0.01240	0.01729	0.01140	0.01640	0.00962	0.00905	0.03802	0.00261	0.26434	0.00615	0.00319	0.00769
24	0.01220	0.01114	0.01583	0.01388	0.01470	0.01358	0.05790	0.01357	0.01184	0.01737	0.15154	0.15692	0.02303	0.01230	0.01425	0.00256	0.43789	0.00861	0.00422	0.00666
25	0.00949	0.00704	0.00950	0.00938	0.01011	0.00662	0.05694	0.01004	0.01110	0.01499	0.04122	0.39203	0.03007	0.34270	0.01714	0.00391	0.00522	0.01251	0.00485	0.00514

[dist]
# distance from previous block
# <min> <max>
5	6

[block]
# block no. 1 follows, 40 sequences, length 21
# corresponding to MSA columns:
# 382-402
name=unknown_B
#
# <colnr> <probs for GDERKNQSTAVLIFYWHMCP>
#	G	D	E	R	K	N	Q	S	T	A	V	L	I	F	Y	W	H	M	C	P
0	0.07347	0.01558	0.01472	0.01207	0.01586	0.11489	0.00967	0.43709	0.07319	0.02892	0.01913	0.05451	0.08906	0.00814	0.00579	0.00178	0.00618	0.00626	0.00524	0.00843
1	0.00763	0.00552	0.00726	0.00783	0.00867	0.00508	0.00547	0.00931	0.01309	0.01803	0.29484	0.49951	0.04366	0.01556	0.00714	0.00213	0.00317	0.01401	0.00571	0.02640
2	0.01369	0.05981	0.26075	0.02011	0.07113	0.09308	0.31596	0.01837	0.01329	0.01768	0.01190	0.05508	0.00976	0.00594	0.00608	0.00185	0.00879	0.00595	0.00290	0.00787
3	0.00835	0.00559	0.00637	0.00647	0.00650	0.00557	0.00366	0.00843	0.00866	0.01154	0.01935	0.09438	0.02244	0.73754	0.02794	0.00539	0.00547	0.00906	0.00366	0.00361
4	0.01343	0.02632	0.51081	0.01569	0.03717	0.14466	0.01759	0.01965	0.06836	0.01849	0.06356	0.01490	0.01154	0.00622	0.00560	0.00179	0.00818	0.00483	0.00309	0.00811
5	0.01255	0.01288	0.07234	0.01208	0.01761	0.00963	0.13496	0.03241	0.01272	0.01926	0.01068	0.01275	0.00859	0.00456	0.00488	0.00115	0.00563	0.00414	0.00334	0.60786
6	0.00806	0.00588	0.00757	0.00727	0.00861	0.00539	0.00540	0.01059	0.01588	0.02221	0.65829	0.09417	0.10388	0.01251	0.00690	0.00187	0.00280	0.01104	0.00626	0.00539
7	0.00742	0.00537	0.00730	0.02844	0.00963	0.00514	0.00609	0.00868	0.01138	0.01511	0.03136	0.69602	0.03714	0.01767	0.00744	0.00238	0.00369	0.08955	0.00532	0.00483
8	0.00722	0.00516	0.00690	0.00820	0.00861	0.00484	0.00559	0.00836	0.01138	0.01519	0.05144	0.73777	0.03867	0.01795	0.00744	0.00236	0.00345	0.04928	0.00542	0.00477
9	0.01295	0.01104	0.01403	0.05732	0.12060	0.01026	0.00944	0.07768	0.10183	0.02044	0.01459	0.09515	0.01296	0.00662	0.00524	0.00141	0.00499	0.00568	0.00402	0.41376
10	0.01569	0.01284	0.01498	0.01218	0.01626	0.01352	0.05077	0.18773	0.35065	0.03886	0.01829	0.01919	0.01409	0.00706	0.00569	0.00171	0.00528	0.03193	0.00522	0.17804
11	0.01991	0.01742	0.14624	0.01334	0.01843	0.01555	0.01230	0.50160	0.02275	0.10804	0.01525	0.05578	0.01145	0.00735	0.00586	0.00180	0.00647	0.00574	0.00536	0.00939
12	0.02043	0.01202	0.01417	0.01198	0.03180	0.01254	0.00940	0.13660	0.32051	0.33216	0.02162	0.01958	0.01499	0.00741	0.00587	0.00186	0.00507	0.00604	0.00637	0.00959
13	0.01339	0.01172	0.01401	0.01529	0.14331	0.01294	0.01021	0.02528	0.50535	0.02213	0.02551	0.02634	0.09413	0.00857	0.00610	0.00197	0.00487	0.04500	0.00531	0.00855
14	0.02172	0.02772	0.01648	0.01498	0.01798	0.77228	0.01124	0.02322	0.01648	0.01423	0.00899	0.01049	0.00749	0.00599	0.00524	0.00150	0.01049	0.00375	0.00300	0.00674
15	0.00846	0.00564	0.00634	0.00634	0.00634	0.00564	0.00352	0.00846	0.00846	0.01128	0.01832	0.03805	0.02114	0.79563	0.02960	0.00564	0.00564	0.00846	0.00352	0.00352
16	0.01393	0.01203	0.01264	0.01142	0.01461	0.01379	0.00887	0.02932	0.69719	0.02372	0.02614	0.02410	0.06967	0.00837	0.00598	0.00197	0.00449	0.00697	0.00588	0.00890
17	0.01365	0.01546	0.10378	0.10979	0.50292	0.01382	0.11986	0.01771	0.01304	0.01845	0.01094	0.01447	0.00881	0.00524	0.00589	0.00179	0.00759	0.00532	0.00281	0.00867
18	0.00941	0.00627	0.00747	0.00706	0.00894	0.00550	0.00533	0.01142	0.01469	0.09647	0.32163	0.09906	0.35899	0.01310	0.00680	0.00192	0.00311	0.01123	0.00597	0.00564
19	0.02609	0.00990	0.01350	0.01035	0.01484	0.00855	0.00855	0.02834	0.01664	0.76338	0.02294	0.01979	0.01439	0.00720	0.00585	0.00180	0.00495	0.00585	0.00720	0.00990
20	0.02041	0.01541	0.01651	0.01294	0.01737	0.01704	0.01058	0.59022	0.15195	0.03386	0.01551	0.01523	0.01121	0.00704	0.00578	0.00175	0.00601	0.00540	0.00575	0.04004

[dist]
# distance from previous block
# <min> <max>
9	42

[block]
# block no. 2 follows, 40 sequences, length 13
# corresponding to MSA columns:
# 449-461
name=unknown_C
#
# <colnr> <probs for GDERKNQSTAVLIFYWHMCP>
#	G	D	E	R	K	N	Q	S	T	A	V	L	I	F	Y	W	H	M	C	P
0	0.20860	0.04148	0.01472	0.26224	0.02253	0.05995	0.03470	0.09717	0.01371	0.04453	0.01540	0.01738	0.08350	0.00665	0.00523	0.00177	0.00623	0.00523	0.00370	0.05527
1	0.01035	0.09838	0.08762	0.00996	0.01271	0.00979	0.00895	0.01517	0.12803	0.01867	0.15004	0.12415	0.11497	0.01187	0.00657	0.00206	0.00472	0.17458	0.00501	0.00642
2	0.17526	0.41522	0.02217	0.01084	0.01514	0.16112	0.00961	0.09943	0.01406	0.01874	0.00892	0.01009	0.00752	0.00547	0.00422	0.00145	0.00671	0.00347	0.00317	0.00738
3	0.01537	0.16514	0.10098	0.01099	0.01590	0.01368	0.01010	0.19856	0.01600	0.05427	0.01339	0.08473	0.01160	0.00666	0.00507	0.00145	0.00562	0.00525	0.00409	0.26114
4	0.01710	0.01197	0.01341	0.01125	0.01435	0.01281	0.00881	0.43916	0.02085	0.07163	0.02021	0.25219	0.01941	0.04936	0.00748	0.00213	0.00536	0.00887	0.00566	0.00800
5	0.02033	0.01236	0.03013	0.01057	0.01413	0.08092	0.00853	0.15438	0.05619	0.33818	0.01879	0.02019	0.01381	0.10233	0.00847	0.00219	0.00565	0.00582	0.08872	0.00831
6	0.01727	0.01158	0.01302	0.01070	0.01456	0.01190	0.00856	0.16197	0.27480	0.18726	0.02456	0.02300	0.10699	0.00802	0.00582	0.00177	0.00478	0.00652	0.00584	0.10109
7	0.01125	0.01069	0.03148	0.04045	0.01882	0.01014	0.27400	0.08055	0.01397	0.01882	0.05760	0.33316	0.02406	0.01129	0.00698	0.00212	0.00628	0.03736	0.00444	0.00653
8	0.00812	0.00563	0.00643	0.00654	0.00689	0.00545	0.00395	0.00859	0.00984	0.01299	0.07687	0.11648	0.10778	0.57380	0.02319	0.00462	0.00490	0.00985	0.00413	0.00394
9	0.01231	0.01251	0.02144	0.09436	0.02138	0.01489	0.23279	0.01486	0.01062	0.01522	0.01042	0.01660	0.00950	0.08215	0.04057	0.00282	0.37228	0.00599	0.00278	0.00652
10	0.00812	0.00847	0.08361	0.00836	0.01068	0.00624	0.00744	0.01055	0.01355	0.01745	0.15151	0.09276	0.37718	0.01386	0.00702	0.00211	0.00404	0.16637	0.00524	0.00546
11	0.01199	0.02117	0.39531	0.23710	0.11865	0.01349	0.08604	0.01736	0.01234	0.01749	0.01059	0.01377	0.00783	0.00551	0.00576	0.00187	0.00826	0.00489	0.00259	0.00799
12	0.01496	0.01401	0.02200	0.01647	0.02137	0.03371	0.30429	0.08873	0.18258	0.04684	0.01469	0.01613	0.01107	0.00576	0.00593	0.00169	0.00699	0.00580	0.00414	0.18284

[dist]
# distance from previous block
# <min> <max>
0	2

[block]
# block no. 3 follows, 40 sequences, length 10
# corresponding to MSA columns:
# 464-473
name=unknown_D
#
# <colnr> <probs for GDERKNQSTAVLIFYWHMCP>
#	G	D	E	R	K	N	Q	S	T	A	V	L	I	F	Y	W	H	M	C	P
0	0.01799	0.02009	0.06170	0.23771	0.02493	0.32536	0.01327	0.14788	0.05841	0.01958	0.01159	0.01387	0.00895	0.00646	0.00574	0.00179	0.00862	0.00475	0.00365	0.00767
1	0.11792	0.06152	0.01334	0.01026	0.01408	0.01195	0.00828	0.02470	0.27166	0.24906	0.02330	0.02189	0.08224	0.00785	0.00563	0.00186	0.00477	0.00617	0.00573	0.05782
2	0.02114	0.01460	0.01598	0.01264	0.01685	0.01581	0.01022	0.50289	0.12943	0.12799	0.01713	0.01763	0.01257	0.04833	0.00724	0.00206	0.00604	0.00580	0.00601	0.00965
3	0.50318	0.08468	0.11259	0.01029	0.01476	0.06728	0.00954	0.05716	0.01242	0.06627	0.01005	0.01129	0.00768	0.00587	0.00441	0.00181	0.00588	0.00374	0.00377	0.00734
4	0.01084	0.00931	0.01497	0.01254	0.01472	0.00928	0.16918	0.05425	0.01434	0.01981	0.25752	0.17496	0.03187	0.07920	0.00993	0.00245	0.05887	0.04480	0.00496	0.00622
5	0.00946	0.00523	0.00754	0.00757	0.00788	0.00511	0.00517	0.00831	0.00969	0.01320	0.16329	0.09101	0.02167	0.01834	0.01816	0.58989	0.00444	0.00717	0.00356	0.00332
6	0.01884	0.19149	0.11129	0.01282	0.01800	0.01816	0.01190	0.44840	0.04265	0.02842	0.01240	0.01289	0.00923	0.00630	0.00527	0.00162	0.00651	0.00463	0.00460	0.03458
7	0.00776	0.00585	0.00730	0.00797	0.00920	0.00538	0.00610	0.00958	0.01312	0.01700	0.14811	0.28027	0.25410	0.01570	0.00733	0.00224	0.00364	0.18877	0.00554	0.00505
8	0.01010	0.00505	0.00758	0.00758	0.00758	0.00505	0.00505	0.00758	0.00758	0.01010	0.01010	0.01768	0.01010	0.02020	0.02273	0.83081	0.00505	0.00505	0.00253	0.00253
9	0.03208	0.00578	0.00765	0.00817	0.00886	0.00609	0.00579	0.00953	0.01009	0.01448	0.02255	0.33396	0.02490	0.13954	0.29704	0.00539	0.00827	0.01057	0.04446	0.00480

[dist]
# distance from previous block
# <min> <max>
4	7

[block]
# block no. 4 follows, 40 sequences, length 8
# corresponding to MSA columns:
# 481-488
name=unknown_E
#
# <colnr> <probs for GDERKNQSTAVLIFYWHMCP>
#	G	D	E	R	K	N	Q	S	T	A	V	L	I	F	Y	W	H	M	C	P
0	0.00799	0.00612	0.00720	0.00725	0.00857	0.00572	0.00520	0.01058	0.05857	0.01823	0.28407	0.20359	0.25405	0.08554	0.00901	0.00234	0.00332	0.01188	0.00560	0.00520
1	0.01044	0.00936	0.04780	0.07964	0.01400	0.00888	0.00813	0.05844	0.14970	0.02230	0.38334	0.03521	0.12886	0.01036	0.00646	0.00188	0.00408	0.00891	0.00560	0.00660
2	0.00738	0.00546	0.00675	0.00734	0.00821	0.00499	0.00508	0.00877	0.01250	0.01653	0.18763	0.42679	0.19151	0.07243	0.00879	0.00240	0.00332	0.01380	0.00547	0.00483
3	0.01726	0.01893	0.01637	0.01602	0.09033	0.35169	0.05055	0.06498	0.16985	0.01860	0.01566	0.08076	0.01384	0.00780	0.00587	0.00179	0.00778	0.04032	0.00407	0.00752
4	0.01805	0.33124	0.13212	0.01298	0.01766	0.32346	0.01209	0.02050	0.01403	0.05551	0.00961	0.01080	0.00784	0.00559	0.00472	0.00146	0.00822	0.00369	0.00295	0.00747
5	0.01121	0.00697	0.00886	0.00775	0.01004	0.00611	0.00597	0.01371	0.01570	0.13657	0.49059	0.03819	0.12483	0.01076	0.00646	0.00175	0.00326	0.00931	0.00612	0.08585
6	0.01299	0.00952	0.01123	0.08379	0.01375	0.01040	0.00753	0.24288	0.01498	0.02005	0.01648	0.05714	0.01640	0.37430	0.08005	0.00421	0.00681	0.00725	0.00421	0.00603
7	0.00781	0.00561	0.00711	0.00733	0.00819	0.00523	0.00509	0.00950	0.01331	0.01826	0.36628	0.28416	0.08743	0.13541	0.01056	0.00260	0.00341	0.01224	0.00557	0.00490

[dist]
# distance from previous block
# <min> <max>
2	4

[block]
# block no. 5 follows, 40 sequences, length 33
# corresponding to MSA columns:
# 493-525
name=unknown_F
#
# <colnr> <probs for GDERKNQSTAVLIFYWHMCP>
#	G	D	E	R	K	N	Q	S	T	A	V	L	I	F	Y	W	H	M	C	P
0	0.01377	0.01631	0.12305	0.08522	0.38268	0.02879	0.17811	0.01881	0.06049	0.01877	0.01179	0.01488	0.00929	0.00540	0.00598	0.00182	0.00776	0.00550	0.00301	0.00857
1	0.21944	0.10033	0.01747	0.04105	0.09665	0.04729	0.01143	0.01598	0.01035	0.01757	0.00831	0.01171	0.00745	0.00754	0.01104	0.00206	0.36034	0.00434	0.00286	0.00680
2	0.00740	0.00571	0.00674	0.00706	0.00837	0.00510	0.00515	0.00906	0.01330	0.01719	0.20830	0.25328	0.34832	0.03372	0.00762	0.00216	0.00320	0.04776	0.00558	0.00498
3	0.00751	0.00535	0.00700	0.00814	0.00861	0.00507	0.00562	0.00865	0.01126	0.01495	0.04673	0.59442	0.05222	0.10288	0.00990	0.00274	0.00382	0.09525	0.00521	0.00468
4	0.01439	0.01382	0.02360	0.03569	0.75936	0.01382	0.01785	0.01785	0.01324	0.01900	0.01094	0.01439	0.00921	0.00518	0.00576	0.00173	0.00691	0.00518	0.00288	0.00921
5	0.00924	0.00725	0.00793	0.00733	0.00944	0.00669	0.00559	0.08945	0.01591	0.02052	0.26135	0.04783	0.46347	0.01318	0.00686	0.00195	0.00337	0.01104	0.00583	0.00577
6	0.00806	0.00596	0.00833	0.00897	0.00982	0.00558	0.02968	0.00963	0.01262	0.01707	0.16432	0.54401	0.04008	0.01651	0.00748	0.00233	0.00379	0.09498	0.00558	0.00518
7	0.02197	0.02721	0.01670	0.01506	0.01816	0.72825	0.01133	0.06219	0.01722	0.01571	0.00954	0.01106	0.00789	0.00623	0.00539	0.00156	0.01033	0.00392	0.00324	0.00705
8	0.00874	0.00585	0.00655	0.00654	0.00657	0.00581	0.00366	0.00867	0.00864	0.01155	0.01856	0.03832	0.02135	0.79236	0.02961	0.00567	0.00573	0.00853	0.00362	0.00368
9	0.01655	0.01375	0.01429	0.05398	0.01716	0.05877	0.00999	0.11427	0.53449	0.06779	0.02110	0.02001	0.01570	0.00769	0.00597	0.00195	0.00545	0.00621	0.00571	0.00916
10	0.46667	0.04931	0.04282	0.07589	0.01585	0.01390	0.00891	0.05668	0.13565	0.06534	0.01240	0.01332	0.00934	0.00620	0.00462	0.00186	0.00526	0.00429	0.00421	0.00747
11	0.01300	0.01072	0.01238	0.00928	0.01398	0.00878	0.00734	0.09369	0.01382	0.02078	0.01287	0.07958	0.01158	0.00598	0.00486	0.00114	0.00455	0.00486	0.00397	0.66684
12	0.00758	0.00543	0.00713	0.00815	0.00870	0.00503	0.00554	0.00881	0.01223	0.01658	0.15812	0.65871	0.04144	0.01725	0.00743	0.00232	0.00336	0.01552	0.00566	0.00501
13	0.01213	0.00841	0.00947	0.00873	0.01033	0.00883	0.00610	0.01774	0.24403	0.08155	0.10145	0.03218	0.02339	0.39010	0.01760	0.00377	0.00502	0.00794	0.00500	0.00623
14	0.00769	0.00552	0.00724	0.00807	0.00872	0.00511	0.00555	0.00910	0.01276	0.01742	0.23035	0.58407	0.04308	0.01661	0.00738	0.00226	0.00330	0.01492	0.00576	0.00508
15	0.01449	0.01180	0.01340	0.00982	0.01489	0.01012	0.00790	0.17042	0.01551	0.02299	0.01139	0.01285	0.00915	0.00507	0.00475	0.00111	0.00485	0.00392	0.00405	0.65154
16	0.01457	0.01257	0.01695	0.01234	0.01753	0.01106	0.12781	0.15716	0.01549	0.02260	0.01155	0.01341	0.00916	0.00512	0.00514	0.00127	0.00571	0.00445	0.00392	0.53220
17	0.83337	0.01143	0.00875	0.00784	0.01145	0.01318	0.00642	0.01727	0.01008	0.02630	0.00838	0.00984	0.00657	0.00558	0.00372	0.00185	0.00459	0.00324	0.00369	0.00644
18	0.01235	0.00682	0.00695	0.00649	0.00823	0.00697	0.00496	0.09328	0.01402	0.02355	0.01866	0.02117	0.01459	0.00698	0.00438	0.00145	0.00322	0.00549	0.73438	0.00606
19	0.01038	0.00526	0.00778	0.00777	0.00780	0.00522	0.00518	0.00779	0.00776	0.01038	0.01038	0.01803	0.01035	0.02032	0.02277	0.82723	0.00514	0.00514	0.00262	0.00268
20	0.01846	0.02146	0.01783	0.05741	0.15085	0.44484	0.01276	0.02160	0.07781	0.01622	0.01079	0.01304	0.00897	0.00666	0.00711	0.00177	0.09713	0.00456	0.00325	0.00748
21	0.00755	0.00591	0.00665	0.00685	0.00825	0.00519	0.00489	0.00897	0.01320	0.01681	0.17130	0.21356	0.42807	0.06538	0.00856	0.00231	0.00328	0.01271	0.00554	0.00503
22	0.00837	0.00569	0.00666	0.00702	0.00714	0.00556	0.00417	0.00857	0.00937	0.01253	0.02232	0.24453	0.02608	0.57969	0.02354	0.00477	0.00511	0.01074	0.00413	0.00401
23	0.02151	0.01604	0.01715	0.01338	0.01789	0.01777	0.01095	0.66061	0.10515	0.03549	0.01527	0.01517	0.01099	0.00726	0.00594	0.00182	0.00629	0.00547	0.00591	0.00994
24	0.00750	0.00532	0.00692	0.00814	0.00847	0.00498	0.00536	0.00834	0.01108	0.01480	0.03105	0.72410	0.03710	0.08508	0.00943	0.00269	0.00367	0.01588	0.00532	0.00477
25	0.01432	0.01451	0.02716	0.05610	0.48672	0.01422	0.26128	0.01819	0.01352	0.01898	0.01147	0.01524	0.00929	0.00529	0.00625	0.00186	0.00800	0.00584	0.00299	0.00879
26	0.00750	0.00545	0.00706	0.00812	0.00868	0.00512	0.00552	0.00856	0.01144	0.01521	0.05043	0.64070	0.09872	0.03770	0.05721	0.00289	0.00426	0.01521	0.00532	0.00491
27	0.04742	0.06810	0.06184	0.01084	0.01387	0.01043	0.00920	0.01918	0.01338	0.32652	0.02119	0.22877	0.01906	0.01045	0.00789	0.00206	0.10831	0.00835	0.00538	0.00775
28	0.10341	0.00989	0.01080	0.00931	0.01185	0.04474	0.00730	0.09694	0.01641	0.08754	0.38817	0.02975	0.04880	0.00959	0.00679	0.00183	0.04371	0.00777	0.00561	0.05981
29	0.01424	0.01368	0.02354	0.11986	0.64064	0.01389	0.05137	0.01772	0.01325	0.01875	0.01118	0.01495	0.00928	0.00542	0.00593	0.00181	0.00722	0.00534	0.00294	0.00896
30	0.06274	0.36813	0.05719	0.06095	0.01761	0.08431	0.01085	0.09880	0.01474	0.14049	0.01178	0.01265	0.00909	0.00604	0.00508	0.00159	0.02184	0.00417	0.00383	0.00810
31	0.01019	0.00865	0.00895	0.00880	0.01069	0.03900	0.00646	0.03106	0.19904	0.01847	0.06698	0.24490	0.26986	0.04000	0.00757	0.00222	0.00405	0.01135	0.00550	0.00625
32	0.01783	0.00971	0.01226	0.00936	0.01371	0.00793	0.00752	0.02020	0.01482	0.34017	0.12162	0.02021	0.01791	0.00681	0.00545	0.00146	0.00446	0.00557	0.00557	0.35740

[dist]
# distance from previous block
# <min> <max>
0	1

[block]
# block no. 6 follows, 40 sequences, length 28
# corresponding to MSA columns:
# 527-554
name=unknown_G
#
# <colnr> <probs for GDERKNQSTAVLIFYWHMCP>
#	G	D	E	R	K	N	Q	S	T	A	V	L	I	F	Y	W	H	M	C	P
0	0.02014	0.04810	0.01706	0.06094	0.01899	0.64098	0.01162	0.02177	0.01541	0.01423	0.00893	0.01094	0.00752	0.00630	0.00640	0.00161	0.07551	0.00393	0.00292	0.00671
1	0.00923	0.00795	0.01216	0.01104	0.01263	0.00821	0.10376	0.01213	0.05643	0.01704	0.12768	0.32017	0.08951	0.01612	0.07554	0.00282	0.07574	0.03132	0.00478	0.00573
2	0.00825	0.00595	0.00774	0.07693	0.01041	0.00606	0.00557	0.00932	0.01060	0.01429	0.11942	0.25361	0.02921	0.37418	0.03990	0.00396	0.00508	0.01070	0.00435	0.00444
3	0.01639	0.01304	0.01390	0.01188	0.01536	0.01477	0.00934	0.22115	0.49348	0.04151	0.02070	0.02058	0.01577	0.05635	0.00735	0.00213	0.00516	0.00631	0.00577	0.00905
4	0.01721	0.01744	0.01587	0.04439	0.06120	0.25563	0.01114	0.14378	0.17972	0.02050	0.01371	0.01532	0.01093	0.01027	0.07451	0.00248	0.08892	0.00513	0.00407	0.00778
5	0.00752	0.00568	0.00695	0.00712	0.00838	0.00511	0.00516	0.00942	0.01406	0.01879	0.35548	0.25445	0.25177	0.01446	0.00702	0.00202	0.00298	0.01269	0.00584	0.00511
6	0.01065	0.00768	0.00909	0.07308	0.01161	0.00806	0.00626	0.12691	0.01282	0.01721	0.02262	0.14433	0.08660	0.35834	0.03109	0.00371	0.00539	0.00899	0.05032	0.00524
7	0.00713	0.00519	0.00673	0.00786	0.00840	0.00478	0.00532	0.00829	0.01164	0.01542	0.07734	0.68272	0.10267	0.01754	0.00734	0.00230	0.00330	0.01580	0.00546	0.00478
8	0.08989	0.12791	0.01558	0.01111	0.01490	0.06808	0.00907	0.02664	0.37328	0.17453	0.01883	0.01762	0.01382	0.00697	0.00533	0.00178	0.00532	0.00542	0.00527	0.00866
9	0.01511	0.01281	0.01351	0.01196	0.01537	0.01477	0.00936	0.09069	0.68801	0.02537	0.02285	0.02104	0.01709	0.00781	0.00591	0.00195	0.00475	0.00646	0.00591	0.00926
10	0.02170	0.04755	0.01737	0.01410	0.01790	0.40782	0.01111	0.34631	0.02123	0.02433	0.01120	0.01202	0.00857	0.00641	0.00545	0.00160	0.00850	0.00440	0.00425	0.00818
11	0.00780	0.00601	0.00719	0.00764	0.00887	0.00563	0.00551	0.01034	0.06168	0.01737	0.17307	0.36274	0.25124	0.01527	0.00708	0.00213	0.00328	0.03630	0.00562	0.00524
12	0.83671	0.01125	0.00855	0.00765	0.01125	0.01305	0.00630	0.01709	0.00990	0.02609	0.00810	0.00945	0.00630	0.00540	0.00360	0.00180	0.00450	0.00315	0.00360	0.00630
13	0.01747	0.00863	0.01104	0.00936	0.01243	0.00805	0.00738	0.02156	0.11308	0.37859	0.19876	0.09736	0.07118	0.00984	0.00630	0.00189	0.00412	0.00839	0.00657	0.00800
14	0.01229	0.00853	0.00986	0.00857	0.01160	0.00789	0.00675	0.01709	0.15102	0.12740	0.12614	0.03561	0.25090	0.01026	0.00616	0.00177	0.00389	0.04807	0.00554	0.15066
15	0.00795	0.00547	0.00644	0.00686	0.00707	0.00532	0.00415	0.00834	0.00955	0.01262	0.02481	0.27058	0.06758	0.51321	0.02152	0.00443	0.00479	0.01115	0.00420	0.00397
16	0.01724	0.01571	0.21495	0.01529	0.08352	0.01102	0.06443	0.02105	0.02577	0.30527	0.03823	0.08239	0.01448	0.00767	0.00681	0.00191	0.05448	0.00645	0.00477	0.00856
17	0.00707	0.00582	0.00621	0.00627	0.00801	0.00497	0.00464	0.00866	0.01348	0.01661	0.14608	0.12067	0.60205	0.01468	0.00692	0.00198	0.00296	0.01243	0.00553	0.00497
18	0.01212	0.01055	0.01258	0.00921	0.01392	0.00866	0.00742	0.01458	0.01177	0.01850	0.01009	0.01212	0.00852	0.00484	0.00564	0.00101	0.07466	0.00359	0.00336	0.75685
19	0.00719	0.00514	0.00684	0.00803	0.00846	0.00479	0.00541	0.00835	0.01160	0.01559	0.09579	0.72597	0.03991	0.01766	0.00737	0.00231	0.00332	0.01600	0.00549	0.00479
20	0.01206	0.01273	0.02579	0.01942	0.02340	0.01277	0.47169	0.01580	0.01219	0.01688	0.01345	0.06363	0.01174	0.01457	0.17417	0.00364	0.07889	0.00715	0.00309	0.00695
21	0.00779	0.00637	0.00669	0.00670	0.00837	0.00585	0.00483	0.01037	0.07869	0.01581	0.04769	0.12327	0.52166	0.11810	0.00986	0.00249	0.00349	0.01167	0.00520	0.00509
22	0.01097	0.01044	0.01561	0.01330	0.01500	0.05597	0.13433	0.01317	0.01036	0.01436	0.01308	0.01991	0.01219	0.08435	0.38183	0.00591	0.17423	0.00612	0.00299	0.00586
23	0.01991	0.01476	0.01601	0.01252	0.01678	0.01599	0.01020	0.61629	0.02466	0.03324	0.01549	0.09064	0.01262	0.00790	0.00587	0.00174	0.00595	0.00622	0.00561	0.06759
24	0.09022	0.01196	0.01314	0.01060	0.01450	0.06451	0.00856	0.13288	0.06672	0.37876	0.10657	0.02011	0.01743	0.00745	0.00569	0.00176	0.00522	0.00592	0.00610	0.03189
25	0.01207	0.00954	0.01109	0.00896	0.01244	0.00839	0.00685	0.12157	0.01410	0.02038	0.05750	0.16839	0.01831	0.07748	0.00751	0.00176	0.00447	0.00710	0.00435	0.42773
26	0.08778	0.01381	0.01451	0.01192	0.01580	0.02549	0.00958	0.37331	0.22767	0.07084	0.01771	0.06412	0.01377	0.00776	0.00573	0.00184	0.00549	0.00612	0.00564	0.02111
27	0.01435	0.01393	0.02424	0.03503	0.71615	0.01387	0.06055	0.01789	0.01327	0.01898	0.01099	0.01447	0.00919	0.00516	0.00582	0.00174	0.00708	0.00528	0.00288	0.00913

[dist]
# distance from previous block
# <min> <max>
0	1

[block]
# block no. 7 follows, 40 sequences, length 31
# corresponding to MSA columns:
# 556-586
name=unknown_H
#
# <colnr> <probs for GDERKNQSTAVLIFYWHMCP>
#	G	D	E	R	K	N	Q	S	T	A	V	L	I	F	Y	W	H	M	C	P
0	0.79416	0.01118	0.00881	0.00779	0.01143	0.01281	0.00642	0.01768	0.01025	0.06479	0.00888	0.00999	0.00672	0.00549	0.00372	0.00180	0.00452	0.00329	0.00379	0.00649
1	0.01699	0.11706	0.13788	0.01263	0.01720	0.15429	0.01161	0.25816	0.01861	0.02387	0.12105	0.01672	0.01531	0.00691	0.00548	0.00162	0.00684	0.00523	0.00431	0.04821
2	0.00771	0.00553	0.00737	0.00816	0.00894	0.00519	0.00590	0.00945	0.01305	0.01776	0.25554	0.47485	0.04294	0.01601	0.00732	0.00223	0.00341	0.09789	0.00570	0.00503
3	0.38041	0.01084	0.01318	0.01118	0.01386	0.01240	0.09411	0.01508	0.01126	0.02116	0.08019	0.02158	0.07211	0.00835	0.00786	0.00204	0.15667	0.05765	0.00383	0.00624
4	0.00971	0.00925	0.09696	0.00809	0.00952	0.00737	0.00630	0.05786	0.01078	0.01473	0.07509	0.03385	0.02142	0.58884	0.02340	0.00463	0.00581	0.00792	0.00377	0.00470
5	0.01227	0.08426	0.62414	0.01835	0.11125	0.01424	0.02021	0.01828	0.01236	0.01814	0.01032	0.01231	0.00759	0.00544	0.00542	0.00178	0.00822	0.00432	0.00251	0.00858
6	0.07372	0.00805	0.00969	0.00835	0.01093	0.00766	0.00656	0.07239	0.01650	0.19411	0.39202	0.03468	0.12150	0.01028	0.00631	0.00183	0.00369	0.00870	0.00622	0.00684
7	0.01000	0.01072	0.09528	0.00945	0.01213	0.00919	0.00835	0.06953	0.06770	0.01879	0.10761	0.06301	0.37922	0.01188	0.00803	0.00200	0.09646	0.00952	0.00489	0.00625
8	0.05900	0.01132	0.07170	0.04171	0.01572	0.00934	0.00933	0.02361	0.06889	0.44345	0.10660	0.02091	0.01780	0.00732	0.00573	0.00176	0.00499	0.00600	0.00600	0.06883
9	0.01279	0.07467	0.20004	0.01629	0.01941	0.01679	0.10042	0.01585	0.01050	0.01558	0.00883	0.01272	0.00770	0.00806	0.01326	0.00221	0.45020	0.00496	0.00257	0.00715
10	0.01092	0.00590	0.00643	0.00626	0.00742	0.00625	0.00473	0.01314	0.01163	0.02031	0.01754	0.02077	0.01405	0.00799	0.00646	0.06195	0.05679	0.00537	0.71081	0.00527
11	0.65944	0.12061	0.07102	0.00866	0.01284	0.01445	0.00799	0.01724	0.01035	0.02379	0.00828	0.00965	0.00654	0.00535	0.00377	0.00173	0.00506	0.00323	0.00336	0.00664
12	0.00960	0.01010	0.10016	0.19545	0.01943	0.00862	0.01141	0.01289	0.01310	0.01741	0.11654	0.07925	0.07701	0.01185	0.00695	0.00223	0.00572	0.29183	0.00448	0.00596
13	0.01187	0.01129	0.01543	0.01322	0.01415	0.01443	0.01083	0.01339	0.00962	0.01483	0.01054	0.07453	0.01069	0.01217	0.06771	0.00273	0.54462	0.00580	0.00295	0.13920
14	0.00987	0.00706	0.00967	0.11774	0.01394	0.00759	0.00755	0.01245	0.01082	0.01673	0.01520	0.02019	0.01298	0.02283	0.34820	0.00495	0.00937	0.00551	0.24422	0.10312
15	0.01107	0.00831	0.00984	0.00859	0.01071	0.00807	0.00625	0.11406	0.01247	0.01751	0.01695	0.11500	0.01749	0.27640	0.14155	0.00417	0.00682	0.00738	0.00398	0.20339
16	0.00906	0.00667	0.00843	0.00916	0.01048	0.00651	0.00723	0.06316	0.01357	0.01760	0.03468	0.32341	0.15360	0.01596	0.00746	0.00238	0.00431	0.29552	0.00541	0.00538
17	0.39061	0.01169	0.04959	0.33880	0.02446	0.01272	0.01139	0.01694	0.01120	0.06933	0.01014	0.01285	0.00750	0.00570	0.00479	0.00186	0.00612	0.00424	0.00335	0.00672
18	0.01152	0.01025	0.01580	0.03750	0.37012	0.01027	0.01233	0.01519	0.06661	0.01801	0.02386	0.15283	0.10653	0.01023	0.00651	0.00202	0.00549	0.11341	0.00416	0.00735
19	0.01934	0.01422	0.01548	0.01241	0.01627	0.01559	0.01001	0.60536	0.02436	0.03264	0.01729	0.15702	0.01514	0.00905	0.00611	0.00186	0.00584	0.00731	0.00574	0.00894
20	0.01473	0.20595	0.14375	0.09404	0.29512	0.10270	0.03031	0.01818	0.01297	0.01669	0.00991	0.01252	0.00815	0.00533	0.00520	0.00163	0.00756	0.00441	0.00270	0.00812
21	0.02183	0.01088	0.01385	0.06146	0.01671	0.01071	0.00930	0.06511	0.18994	0.48511	0.02154	0.01949	0.01439	0.00720	0.00583	0.00183	0.00511	0.00589	0.00644	0.02737
22	0.43136	0.01560	0.19516	0.01058	0.01535	0.01230	0.01052	0.01922	0.04804	0.11368	0.06622	0.01495	0.01197	0.00646	0.00485	0.00188	0.00555	0.00458	0.00418	0.00755
23	0.07862	0.01761	0.01573	0.19778	0.03627	0.29294	0.01165	0.10305	0.03202	0.10709	0.01414	0.01570	0.03879	0.00675	0.00563	0.00178	0.00786	0.00500	0.00403	0.00757
24	0.01276	0.00982	0.01207	0.04734	0.01425	0.00924	0.00797	0.09624	0.01449	0.05616	0.12829	0.15122	0.02135	0.00898	0.00671	0.00164	0.05826	0.00738	0.00468	0.33116
25	0.01408	0.05815	0.16057	0.10492	0.02030	0.17429	0.04751	0.02601	0.01293	0.03333	0.01453	0.16458	0.01411	0.00901	0.00792	0.00201	0.11829	0.00699	0.00347	0.00699
26	0.01044	0.00531	0.00782	0.00781	0.00784	0.00526	0.00520	0.00784	0.00780	0.01044	0.01043	0.01811	0.01041	0.02035	0.02278	0.82649	0.00516	0.00516	0.00264	0.00272
27	0.01426	0.07579	0.17418	0.02072	0.02643	0.06827	0.43867	0.01869	0.01334	0.01788	0.01107	0.01442	0.00857	0.00571	0.00729	0.00196	0.06606	0.00584	0.00290	0.00794
28	0.23682	0.02998	0.12826	0.24068	0.07734	0.01381	0.15647	0.01721	0.01199	0.01975	0.01035	0.01367	0.00792	0.00564	0.00547	0.00192	0.00740	0.00489	0.00305	0.00738
29	0.07527	0.01571	0.01662	0.01302	0.01749	0.01737	0.01066	0.61486	0.08909	0.04751	0.01489	0.01489	0.01072	0.00717	0.00582	0.00183	0.00620	0.00533	0.00580	0.00975
30	0.00764	0.00548	0.00710	0.00822	0.00868	0.00506	0.00546	0.00853	0.01119	0.01502	0.03086	0.72063	0.03679	0.06909	0.00894	0.00260	0.00366	0.01574	0.00533	0.02396

[dist]
# distance from previous block
# <min> <max>
2	4

[block]
# block no. 8 follows, 40 sequences, length 24
# corresponding to MSA columns:
# 591-614
name=unknown_I
#
# <colnr> <probs for GDERKNQSTAVLIFYWHMCP>
#	G	D	E	R	K	N	Q	S	T	A	V	L	I	F	Y	W	H	M	C	P
0	0.10713	0.48634	0.02431	0.01069	0.01542	0.02048	0.00987	0.22666	0.01610	0.02169	0.00979	0.01068	0.00804	0.00560	0.00432	0.00145	0.00608	0.00373	0.00357	0.00804
1	0.01306	0.09712	0.01828	0.16167	0.02065	0.01347	0.09466	0.10026	0.01313	0.01776	0.01308	0.05942	0.01210	0.00907	0.00937	0.07649	0.12424	0.06406	0.00344	0.07866
2	0.02134	0.01583	0.01704	0.01302	0.01771	0.01725	0.01073	0.68447	0.02617	0.03529	0.01368	0.01382	0.00979	0.00678	0.00570	0.00168	0.00624	0.00510	0.00564	0.07273
3	0.01784	0.01167	0.01326	0.01136	0.01488	0.01254	0.00900	0.12257	0.39511	0.21609	0.02295	0.07854	0.01767	0.00851	0.00604	0.00194	0.00485	0.01994	0.00619	0.00907
4	0.00990	0.00515	0.00760	0.00755	0.00770	0.00510	0.00510	0.00795	0.00855	0.01154	0.09160	0.02049	0.01499	0.01929	0.02099	0.74027	0.00480	0.00565	0.00295	0.00285
5	0.08364	0.39709	0.03592	0.07044	0.07417	0.11712	0.01104	0.04944	0.05230	0.04545	0.01027	0.01164	0.00844	0.00555	0.00454	0.00150	0.00672	0.00391	0.00318	0.00764
6	0.00797	0.00597	0.00741	0.00715	0.00866	0.00541	0.00543	0.01041	0.01556	0.02125	0.55801	0.04745	0.21738	0.01276	0.00692	0.00190	0.00292	0.04596	0.00612	0.00535
7	0.01555	0.79913	0.03047	0.00995	0.01493	0.02301	0.00995	0.01741	0.01182	0.01368	0.00808	0.00933	0.00746	0.00498	0.00373	0.00124	0.00622	0.00311	0.00249	0.00746
8	0.01992	0.01467	0.01600	0.01261	0.01665	0.01621	0.01028	0.62703	0.02461	0.03306	0.01500	0.04888	0.01183	0.03393	0.06931	0.00251	0.00700	0.00590	0.00551	0.00909
9	0.01322	0.05673	0.41176	0.09025	0.08065	0.01443	0.07292	0.07330	0.09395	0.01994	0.01217	0.01403	0.00898	0.00582	0.00566	0.00183	0.00777	0.00491	0.00317	0.00849
10	0.00725	0.00520	0.00702	0.00819	0.00860	0.00502	0.00556	0.00836	0.01087	0.01461	0.02992	0.68954	0.03543	0.03987	0.09153	0.00320	0.00476	0.01521	0.00510	0.00475
11	0.18093	0.01015	0.01255	0.00983	0.01416	0.00941	0.00812	0.02619	0.01536	0.62255	0.02011	0.01782	0.01285	0.00685	0.00542	0.00180	0.00486	0.00533	0.00651	0.00921
12	0.01954	0.02018	0.01557	0.03632	0.01754	0.39281	0.01070	0.09087	0.20386	0.07885	0.01429	0.01466	0.01090	0.00684	0.00614	0.00172	0.04214	0.00487	0.00431	0.00789
13	0.01422	0.02015	0.31681	0.06165	0.31700	0.03488	0.01789	0.01952	0.05042	0.07433	0.01220	0.01427	0.00918	0.00566	0.00567	0.00179	0.00746	0.00491	0.00318	0.00881
14	0.00719	0.00510	0.00672	0.00796	0.00827	0.00479	0.00525	0.00812	0.01093	0.01457	0.03100	0.73416	0.03714	0.07770	0.00912	0.00261	0.00355	0.01591	0.00525	0.00463
15	0.00920	0.00657	0.00911	0.00890	0.00989	0.00769	0.00691	0.01127	0.00987	0.01516	0.01573	0.02233	0.01429	0.06076	0.52402	0.00699	0.07547	0.00605	0.17451	0.00527
16	0.01406	0.02476	0.49454	0.04488	0.02486	0.01457	0.10548	0.16828	0.01556	0.02210	0.01133	0.01316	0.00808	0.00576	0.00576	0.00184	0.00825	0.00483	0.00322	0.00869
17	0.01315	0.01194	0.01922	0.52931	0.13911	0.01385	0.05399	0.11532	0.01413	0.01865	0.01100	0.01514	0.00831	0.00584	0.00586	0.00188	0.00755	0.00527	0.00309	0.00740
18	0.00962	0.00515	0.00763	0.00778	0.00790	0.00520	0.00527	0.00786	0.00811	0.01090	0.01295	0.10265	0.01356	0.02190	0.08239	0.67313	0.00573	0.00640	0.00289	0.00298
19	0.01393	0.01469	0.02864	0.02845	0.33141	0.01457	0.38541	0.01796	0.01316	0.01843	0.01111	0.01493	0.00890	0.00541	0.00732	0.00191	0.06655	0.00603	0.00289	0.00830
20	0.01559	0.01445	0.02065	0.05709	0.52051	0.07175	0.01534	0.11394	0.01523	0.02103	0.01177	0.01462	0.00954	0.00563	0.00560	0.00169	0.00683	0.00510	0.06494	0.00873
21	0.01008	0.00859	0.00967	0.00926	0.01069	0.04863	0.00713	0.06510	0.01261	0.01622	0.03028	0.11483	0.23739	0.09327	0.15385	0.00382	0.09134	0.06737	0.00438	0.00547
22	0.01363	0.01288	0.02153	0.06833	0.63527	0.01305	0.01642	0.01740	0.04081	0.01866	0.01312	0.07831	0.01186	0.00638	0.00590	0.00180	0.00657	0.00616	0.00319	0.00871
23	0.01753	0.08215	0.11301	0.03624	0.01841	0.22255	0.04365	0.20178	0.05842	0.02197	0.01239	0.01379	0.00953	0.00635	0.00567	0.00166	0.02851	0.00470	0.09383	0.00785

[dist]
# distance from previous block
# <min> <max>
7	92

[block]
# block no. 9 follows, 40 sequences, length 14
# corresponding to MSA columns:
# 707-720
name=unknown_J
#
# <colnr> <probs for GDERKNQSTAVLIFYWHMCP>
#	G	D	E	R	K	N	Q	S	T	A	V	L	I	F	Y	W	H	M	C	P
0	0.05619	0.00902	0.00989	0.00895	0.01150	0.00941	0.00686	0.01971	0.28577	0.09674	0.17408	0.03350	0.18204	0.06120	0.00772	0.00215	0.00398	0.00843	0.00575	0.00710
1	0.01689	0.39321	0.02269	0.01254	0.06365	0.14518	0.01020	0.12413	0.01502	0.01844	0.01026	0.01165	0.00858	0.00555	0.00449	0.00138	0.00662	0.00386	0.06604	0.05963
2	0.01044	0.01035	0.08947	0.01024	0.01340	0.00810	0.00923	0.01476	0.08101	0.01956	0.15936	0.05630	0.02762	0.01073	0.00647	0.00194	0.00485	0.26284	0.00485	0.19848
3	0.01200	0.01356	0.05870	0.01949	0.02416	0.01196	0.49718	0.01595	0.01297	0.01775	0.01636	0.19619	0.01565	0.00800	0.00680	0.00199	0.00796	0.00882	0.00352	0.05099
4	0.01708	0.01047	0.01275	0.01134	0.01444	0.01076	0.00948	0.22517	0.06402	0.19492	0.02378	0.06978	0.02157	0.01101	0.00674	0.00215	0.00543	0.27527	0.00595	0.00791
5	0.00744	0.00586	0.00637	0.00627	0.00775	0.00516	0.00448	0.00891	0.01305	0.01649	0.19714	0.05010	0.47700	0.15572	0.01099	0.00260	0.00339	0.01121	0.00527	0.00478
6	0.02107	0.10880	0.01795	0.01445	0.01766	0.69352	0.01110	0.02261	0.01599	0.01417	0.00889	0.01037	0.00749	0.00589	0.00508	0.00147	0.01004	0.00368	0.00294	0.00682
7	0.00792	0.00569	0.00652	0.00657	0.00730	0.00535	0.00425	0.00882	0.01119	0.01470	0.15471	0.11575	0.20001	0.40540	0.01830	0.00382	0.00430	0.01047	0.00463	0.00430
8	0.01628	0.01340	0.01417	0.01220	0.01582	0.01531	0.00964	0.19979	0.57700	0.02726	0.02136	0.01985	0.01588	0.00767	0.00589	0.00192	0.00503	0.00626	0.00589	0.00937
9	0.01446	0.01249	0.01315	0.01183	0.01512	0.01446	0.00920	0.03090	0.74885	0.02433	0.02367	0.02170	0.01775	0.00789	0.00592	0.00197	0.00460	0.00657	0.00592	0.00920
10	0.34016	0.01197	0.01215	0.06885	0.01577	0.01354	0.00872	0.09901	0.24824	0.10329	0.01541	0.01538	0.01129	0.00658	0.00498	0.00186	0.00503	0.00490	0.00487	0.00800
11	0.01166	0.03008	0.76550	0.01657	0.02517	0.01351	0.02149	0.01842	0.01228	0.01842	0.01044	0.01228	0.00737	0.00552	0.00552	0.00184	0.00859	0.00430	0.00246	0.00859
12	0.00846	0.00564	0.00634	0.00634	0.00634	0.00564	0.00352	0.00846	0.00846	0.01128	0.01832	0.03805	0.02114	0.79563	0.02960	0.00564	0.00564	0.00846	0.00352	0.00352
13	0.01398	0.01386	0.02551	0.17534	0.07628	0.01421	0.37558	0.10692	0.06121	0.02029	0.01339	0.05203	0.01071	0.00617	0.00642	0.00193	0.00815	0.00664	0.00352	0.00784

[dist]
# distance from previous block
# <min> <max>
8	19

[block]
# block no. 10 follows, 40 sequences, length 83
# corresponding to MSA columns:
# 741-823
name=unknown_K
#
# <colnr> <probs for GDERKNQSTAVLIFYWHMCP>
#	G	D	E	R	K	N	Q	S	T	A	V	L	I	F	Y	W	H	M	C	P
0	0.04698	0.03644	0.40176	0.01949	0.17605	0.06841	0.01736	0.01865	0.03739	0.01930	0.01518	0.05608	0.04581	0.00734	0.00607	0.00201	0.00781	0.00580	0.00341	0.00864
1	0.01892	0.01428	0.01656	0.08974	0.07285	0.01545	0.01134	0.44867	0.06142	0.03034	0.01627	0.05992	0.01303	0.00802	0.00617	0.00195	0.00628	0.00624	0.07553	0.02700
2	0.14021	0.01394	0.03072	0.38302	0.04102	0.05682	0.03716	0.14688	0.05146	0.02215	0.01235	0.01569	0.00947	0.00673	0.00593	0.00205	0.00740	0.00524	0.00389	0.00788
3	0.07315	0.05522	0.05431	0.01130	0.01394	0.01129	0.07920	0.11862	0.04976	0.03478	0.01812	0.10993	0.01813	0.30806	0.01529	0.00350	0.00630	0.00795	0.00445	0.00670
4	0.51341	0.01673	0.19011	0.04726	0.01726	0.01395	0.01123	0.07061	0.01264	0.04060	0.01060	0.01247	0.00810	0.00632	0.00485	0.00201	0.00614	0.00409	0.00387	0.00774
5	0.01057	0.00832	0.03343	0.00849	0.01073	0.00712	0.00669	0.03449	0.04663	0.06103	0.30069	0.07293	0.32458	0.01321	0.00719	0.00213	0.00384	0.03538	0.00612	0.00642
6	0.00827	0.00592	0.00759	0.00881	0.00929	0.00543	0.00589	0.00903	0.01198	0.01613	0.05642	0.75556	0.03950	0.01851	0.00783	0.00253	0.00374	0.01648	0.00576	0.00533
7	0.01332	0.01382	0.05601	0.21581	0.02377	0.01661	0.05479	0.01543	0.01076	0.01572	0.00982	0.01506	0.00875	0.00915	0.01451	0.00250	0.48857	0.00551	0.00295	0.00713
8	0.00842	0.00606	0.00751	0.00845	0.00902	0.00556	0.00562	0.00915	0.01196	0.01599	0.07243	0.60449	0.09005	0.10236	0.01018	0.00284	0.00394	0.01517	0.00558	0.00523
9	0.01342	0.01331	0.01777	0.01593	0.04195	0.07807	0.08754	0.01480	0.01141	0.01589	0.01488	0.18900	0.01574	0.01154	0.01379	0.00251	0.42388	0.00807	0.00365	0.00683
10	0.00823	0.00589	0.00756	0.00884	0.00928	0.00540	0.00589	0.00894	0.01181	0.01586	0.03275	0.78002	0.03896	0.01872	0.00784	0.00255	0.00376	0.01667	0.00573	0.00530
11	0.01398	0.01506	0.03127	0.04544	0.02884	0.01412	0.62825	0.01807	0.01402	0.01907	0.01489	0.09846	0.01291	0.00705	0.00732	0.00219	0.00935	0.00813	0.00356	0.00800
12	0.01373	0.01123	0.01296	0.00952	0.01468	0.00868	0.00751	0.03535	0.01324	0.03865	0.01181	0.01378	0.00980	0.00518	0.00486	0.00112	0.00475	0.00392	0.00396	0.77527
13	0.05527	0.00625	0.00787	0.00862	0.00914	0.00598	0.00579	0.00931	0.01069	0.01508	0.02501	0.50259	0.02891	0.04156	0.01247	0.22902	0.00435	0.01255	0.00479	0.00475
14	0.01318	0.05278	0.71403	0.01683	0.02518	0.01420	0.02106	0.01928	0.01302	0.03665	0.01173	0.01384	0.00857	0.00626	0.00593	0.00202	0.00874	0.00465	0.00295	0.00911
15	0.01527	0.01138	0.01391	0.09028	0.03504	0.01218	0.01080	0.16707	0.17524	0.06190	0.04914	0.03679	0.02247	0.01109	0.00711	0.00234	0.00593	0.25826	0.00569	0.00812
16	0.01373	0.01290	0.02167	0.39668	0.36320	0.01395	0.05271	0.01711	0.01312	0.01792	0.01175	0.01644	0.00949	0.00619	0.00629	0.00204	0.00779	0.00559	0.00311	0.00832
17	0.01268	0.01530	0.15914	0.51055	0.05658	0.01380	0.05250	0.01769	0.06599	0.01753	0.01248	0.01675	0.00953	0.00655	0.00627	0.00211	0.00807	0.00553	0.00320	0.00776
18	0.00915	0.00675	0.00828	0.00785	0.00940	0.00606	0.00581	0.01136	0.01656	0.02303	0.63821	0.04630	0.16225	0.01293	0.00729	0.00204	0.00317	0.01103	0.00656	0.00597
19	0.64173	0.01213	0.01072	0.00922	0.01308	0.01326	0.00746	0.07187	0.01288	0.13950	0.01188	0.01287	0.00884	0.00650	0.00459	0.00199	0.00507	0.00408	0.00466	0.00766
