[name]
unknown

[dist]
# distance from previous block
# <min> <max>
0	355

[block]
# block no. 0 follows, 41 sequences, length 43
# corresponding to MSA columns:
# 404-446
name=unknown_A
#
# <colnr> <probs for GDERKNQSTAVLIFYWHMCP>
#	G	D	E	R	K	N	Q	S	T	A	V	L	I	F	Y	W	H	M	C	P
0	0.00868	0.00623	0.00847	0.00894	0.01028	0.00602	0.00740	0.01135	0.01461	0.01989	0.37813	0.05414	0.04295	0.01384	0.00735	0.00224	0.00404	0.38437	0.00576	0.00533
1	0.01463	0.01330	0.02066	0.01617	0.02042	0.01398	0.28041	0.02578	0.43635	0.06525	0.01891	0.01904	0.01402	0.00663	0.00616	0.00193	0.00644	0.00653	0.00481	0.00860
2	0.00817	0.00613	0.00919	0.00919	0.01021	0.00715	0.00715	0.01021	0.00919	0.01328	0.01532	0.02247	0.01430	0.04290	0.77631	0.00919	0.01532	0.00613	0.00306	0.00511
3	0.01509	0.76177	0.06887	0.01013	0.01521	0.02214	0.01038	0.01718	0.01165	0.01370	0.00807	0.00933	0.00734	0.00492	0.00376	0.00125	0.00624	0.00312	0.00245	0.00740
4	0.01186	0.01017	0.01186	0.00847	0.01356	0.00762	0.00678	0.01440	0.01186	0.01864	0.01017	0.01186	0.00847	0.00424	0.00424	0.00085	0.00424	0.00339	0.00339	0.83395
5	0.00819	0.00604	0.00875	0.00875	0.00962	0.00691	0.00660	0.00993	0.00906	0.01295	0.01573	0.02472	0.01528	0.15653	0.66401	0.00864	0.01385	0.00646	0.00312	0.00486
6	0.01346	0.43202	0.38434	0.01291	0.01951	0.01815	0.01523	0.01760	0.01184	0.01569	0.00906	0.01057	0.00729	0.00515	0.00452	0.00151	0.00724	0.00362	0.00243	0.00787
7	0.01099	0.01036	0.01750	0.74273	0.08041	0.01276	0.01598	0.01478	0.01153	0.01485	0.01020	0.01519	0.00771	0.00568	0.00572	0.00189	0.00758	0.00508	0.00256	0.00651
8	0.01170	0.07471	0.72618	0.01592	0.02417	0.01383	0.02047	0.01806	0.01205	0.01784	0.01013	0.01191	0.00725	0.00540	0.00533	0.00178	0.00832	0.00416	0.00242	0.00839
9	0.00697	0.00498	0.00664	0.00796	0.00830	0.00465	0.00531	0.00796	0.01095	0.01460	0.03153	0.79525	0.03783	0.01792	0.00730	0.00232	0.00332	0.01626	0.00531	0.00465
10	0.18307	0.00882	0.01181	0.24672	0.06736	0.00976	0.00960	0.01393	0.01319	0.03279	0.31379	0.02513	0.02630	0.00804	0.00568	0.00182	0.00486	0.00681	0.00436	0.00616
11	0.01216	0.01035	0.01202	0.00862	0.01368	0.00793	0.00690	0.03668	0.01232	0.01917	0.01028	0.01192	0.00851	0.00432	0.00428	0.00087	0.00430	0.00344	0.00346	0.80879
12	0.00697	0.00498	0.00664	0.00796	0.00830	0.00465	0.00531	0.00796	0.01095	0.01460	0.03153	0.79525	0.03783	0.01792	0.00730	0.00232	0.00332	0.01626	0.00531	0.00465
13	0.00827	0.00631	0.00962	0.00948	0.01068	0.00583	0.08089	0.00983	0.01187	0.03855	0.07824	0.58859	0.08835	0.01559	0.00712	0.00220	0.00394	0.01427	0.00518	0.00518
14	0.00875	0.00692	0.01006	0.00974	0.01055	0.00839	0.00758	0.01054	0.00907	0.01318	0.01450	0.02227	0.01389	0.09421	0.62231	0.00805	0.11569	0.00614	0.00302	0.00514
15	0.00832	0.00555	0.00624	0.00624	0.00624	0.00555	0.00347	0.00832	0.00832	0.01109	0.01802	0.03743	0.02080	0.79898	0.02911	0.00555	0.00555	0.00832	0.00347	0.00347
16	0.05197	0.01524	0.01466	0.01215	0.01593	0.09848	0.00972	0.36997	0.24484	0.02817	0.01878	0.01822	0.06126	0.00747	0.00567	0.00177	0.00590	0.00576	0.00533	0.00872
17	0.01173	0.00773	0.00842	0.00694	0.00984	0.00688	0.00542	0.05514	0.01279	0.02117	0.01524	0.01739	0.01209	0.00578	0.00418	0.00117	0.00345	0.00460	0.47786	0.31218
18	0.01186	0.01017	0.01186	0.00847	0.01356	0.00762	0.00678	0.01440	0.01186	0.01864	0.01017	0.01186	0.00847	0.00424	0.00424	0.00085	0.00424	0.00339	0.00339	0.83395
19	0.00863	0.00674	0.00985	0.00959	0.01044	0.00811	0.00746	0.01045	0.00909	0.01318	0.01470	0.02244	0.01403	0.08943	0.64936	0.00827	0.09392	0.00616	0.00303	0.00512
20	0.01301	0.01240	0.02073	0.11840	0.60258	0.01259	0.01601	0.01626	0.01284	0.01789	0.01553	0.01847	0.08596	0.00613	0.00578	0.00175	0.00649	0.00581	0.00305	0.00832
21	0.01423	0.01229	0.01293	0.01164	0.01487	0.01423	0.00905	0.03039	0.75297	0.02393	0.02328	0.02134	0.01746	0.00776	0.00582	0.00194	0.00453	0.00647	0.00582	0.00905
22	0.01351	0.01112	0.01436	0.29760	0.02368	0.01296	0.01140	0.04327	0.37659	0.06416	0.05689	0.01989	0.01533	0.00715	0.00582	0.00190	0.00565	0.00608	0.00470	0.00792
23	0.00830	0.00561	0.00654	0.00654	0.00665	0.00571	0.00384	0.00851	0.00841	0.01131	0.01775	0.03590	0.02013	0.72149	0.10569	0.00592	0.00655	0.00809	0.00342	0.00363
24	0.01221	0.17950	0.62592	0.01504	0.02280	0.01510	0.01893	0.01792	0.01199	0.01721	0.00982	0.01151	0.00726	0.00533	0.00509	0.00170	0.00800	0.00400	0.00242	0.00824
25	0.01351	0.01099	0.00993	0.00904	0.01171	0.13610	0.00701	0.01719	0.11738	0.14209	0.03783	0.03729	0.37622	0.01092	0.00624	0.00186	0.00479	0.03806	0.00528	0.00656
26	0.01201	0.02580	0.57256	0.01839	0.02613	0.01360	0.21412	0.01817	0.01246	0.01817	0.01061	0.01297	0.00763	0.00527	0.00579	0.00184	0.00877	0.00490	0.00254	0.00826
27	0.00731	0.00557	0.00648	0.00672	0.00786	0.00500	0.00471	0.00874	0.01260	0.01634	0.20294	0.23777	0.32390	0.11622	0.00979	0.00247	0.00330	0.01226	0.00529	0.00473
28	0.01635	0.01813	0.21702	0.01507	0.09427	0.05985	0.01319	0.27941	0.01821	0.06403	0.04608	0.01740	0.05376	0.00687	0.00561	0.00172	0.00654	0.00546	0.05261	0.00842
29	0.01220	0.01160	0.01969	0.47182	0.34185	0.01308	0.01658	0.01584	0.01210	0.01632	0.01041	0.01479	0.00822	0.00546	0.00570	0.00182	0.00728	0.00509	0.00266	0.00748
30	0.01223	0.00718	0.00951	0.00969	0.01157	0.00691	0.00789	0.01521	0.06110	0.16910	0.03001	0.22038	0.06755	0.01393	0.00713	0.00230	0.00456	0.33181	0.00568	0.00625
31	0.01561	0.01405	0.02184	0.04182	0.50799	0.01451	0.05795	0.16672	0.06274	0.02247	0.01220	0.01462	0.00968	0.00562	0.00575	0.00173	0.00673	0.00529	0.00361	0.00907
32	0.01405	0.40822	0.11873	0.01035	0.01481	0.01617	0.01023	0.01818	0.08890	0.07241	0.15683	0.01806	0.01791	0.00674	0.00487	0.00153	0.00550	0.00517	0.00388	0.00746
33	0.01161	0.01686	0.22396	0.01785	0.02326	0.01185	0.36199	0.01618	0.01304	0.01834	0.09011	0.10373	0.01616	0.00712	0.00636	0.00188	0.00769	0.00736	0.00340	0.04123
34	0.36126	0.21847	0.26058	0.01095	0.01642	0.01547	0.01195	0.01732	0.01097	0.02011	0.00871	0.01016	0.00683	0.00524	0.00419	0.00164	0.00616	0.00345	0.00290	0.00722
35	0.01165	0.00893	0.01058	0.00820	0.01223	0.00697	0.00642	0.01391	0.01247	0.07321	0.06060	0.09646	0.09151	0.00728	0.00505	0.00123	0.00397	0.00613	0.00421	0.55897
36	0.01344	0.41696	0.19313	0.17117	0.06943	0.01793	0.01407	0.01686	0.01178	0.01507	0.00910	0.01138	0.00749	0.00520	0.00461	0.00153	0.00699	0.00386	0.00248	0.00750
37	0.01405	0.19966	0.12694	0.02663	0.48768	0.01566	0.01623	0.01753	0.01257	0.01739	0.01004	0.01271	0.00841	0.00510	0.00517	0.00160	0.00686	0.00450	0.00268	0.00858
38	0.01440	0.02295	0.48979	0.01410	0.02117	0.01233	0.01645	0.09326	0.01411	0.11590	0.01218	0.01316	0.00856	0.00562	0.00534	0.00166	0.00718	0.00440	0.00349	0.12394
39	0.17964	0.07998	0.01581	0.01281	0.01618	0.49485	0.01000	0.09518	0.01571	0.01848	0.00911	0.01038	0.00738	0.00581	0.00479	0.00154	0.00845	0.00367	0.00331	0.00692
40	0.18035	0.01506	0.01547	0.01207	0.01644	0.01679	0.00996	0.60313	0.02356	0.03403	0.01261	0.01287	0.00904	0.00656	0.00530	0.00173	0.00593	0.00475	0.00530	0.00904
41	0.53519	0.01132	0.01026	0.00903	0.01253	0.01278	0.00741	0.09347	0.10924	0.07286	0.01312	0.01603	0.01050	0.00667	0.00452	0.00185	0.00472	0.05699	0.00441	0.00709
42	0.01943	0.01572	0.25908	0.01189	0.01718	0.00964	0.01220	0.02260	0.01406	0.44550	0.01726	0.01685	0.01147	0.00785	0.00735	0.08703	0.00605	0.00517	0.00509	0.00857

[dist]
# distance from previous block
# <min> <max>
0	8

[block]
# block no. 1 follows, 41 sequences, length 16
# corresponding to MSA columns:
# 455-470
name=unknown_B
#
# <colnr> <probs for GDERKNQSTAVLIFYWHMCP>
#	G	D	E	R	K	N	Q	S	T	A	V	L	I	F	Y	W	H	M	C	P
0	0.01503	0.00863	0.00989	0.00851	0.01127	0.04688	0.00668	0.01779	0.04881	0.28729	0.25040	0.03478	0.20993	0.01025	0.00627	0.00181	0.00400	0.00860	0.00614	0.00704
1	0.01147	0.02959	0.76934	0.01630	0.02476	0.01328	0.02113	0.01811	0.01208	0.01811	0.01026	0.01208	0.00725	0.00543	0.00543	0.00181	0.00845	0.00423	0.00242	0.00845
2	0.02324	0.01011	0.01314	0.01027	0.01439	0.00930	0.00841	0.09116	0.05568	0.60034	0.08352	0.02099	0.01726	0.00748	0.00584	0.00178	0.00480	0.00612	0.00683	0.00934
3	0.01844	0.01273	0.01426	0.01129	0.01499	0.01359	0.00918	0.48305	0.02308	0.09846	0.21464	0.02202	0.02199	0.00818	0.00600	0.00174	0.00520	0.00660	0.00600	0.00857
4	0.01346	0.00732	0.00944	0.00835	0.01066	0.00675	0.00645	0.01665	0.06330	0.24015	0.38491	0.10871	0.07861	0.01085	0.00645	0.00186	0.00353	0.00942	0.00634	0.00680
5	0.01398	0.01408	0.02604	0.03216	0.56672	0.01382	0.21188	0.01776	0.01315	0.01859	0.01098	0.01450	0.00896	0.00502	0.00595	0.00176	0.00756	0.00554	0.00285	0.00870
6	0.00705	0.00501	0.00661	0.00787	0.00818	0.00470	0.00520	0.00798	0.01080	0.01440	0.03076	0.75209	0.03686	0.06240	0.00854	0.00251	0.00345	0.01581	0.00520	0.00458
7	0.01453	0.01246	0.01556	0.01769	0.21520	0.01372	0.01117	0.08995	0.43599	0.02325	0.01907	0.03924	0.01492	0.00719	0.00573	0.00184	0.00518	0.00619	0.04231	0.00883
8	0.01147	0.02959	0.76934	0.01630	0.02476	0.01328	0.02113	0.01811	0.01208	0.01811	0.01026	0.01208	0.00725	0.00543	0.00543	0.00181	0.00845	0.00423	0.00242	0.00845
9	0.00697	0.00498	0.00664	0.00796	0.00830	0.00465	0.00531	0.00796	0.01095	0.01460	0.03153	0.79525	0.03783	0.01792	0.00730	0.00232	0.00332	0.01626	0.00531	0.00465
10	0.00697	0.00498	0.00664	0.00796	0.00830	0.00465	0.00531	0.00796	0.01095	0.01460	0.03153	0.79525	0.03783	0.01792	0.00730	0.00232	0.00332	0.01626	0.00531	0.00465
11	0.06646	0.33878	0.24599	0.01169	0.01717	0.01580	0.01267	0.01841	0.01235	0.12202	0.01233	0.01541	0.01003	0.00702	0.02363	0.00180	0.00671	0.05064	0.00336	0.00775
12	0.08127	0.00754	0.00907	0.00889	0.01063	0.00748	0.00653	0.09983	0.01360	0.13472	0.02604	0.51582	0.02816	0.01386	0.00656	0.00212	0.00401	0.01220	0.00549	0.00617
13	0.00921	0.00679	0.00908	0.00874	0.01014	0.00741	0.00675	0.07100	0.01123	0.01528	0.02256	0.02729	0.15120	0.03257	0.50198	0.08156	0.01134	0.00704	0.00365	0.00521
14	0.32879	0.01227	0.01905	0.21420	0.04289	0.01345	0.23445	0.01664	0.01138	0.02005	0.00969	0.01292	0.00743	0.00539	0.00557	0.00187	0.02930	0.00483	0.00304	0.00677
15	0.01230	0.19722	0.60897	0.01489	0.02257	0.01531	0.01867	0.01790	0.01198	0.01710	0.00976	0.01145	0.00727	0.00532	0.00505	0.00168	0.00795	0.00397	0.00242	0.00821

[dist]
# distance from previous block
# <min> <max>
0	4

[block]
# block no. 2 follows, 41 sequences, length 23
# corresponding to MSA columns:
# 475-497
name=unknown_C
#
# <colnr> <probs for GDERKNQSTAVLIFYWHMCP>
#	G	D	E	R	K	N	Q	S	T	A	V	L	I	F	Y	W	H	M	C	P
0	0.01459	0.65987	0.16635	0.01099	0.01654	0.02091	0.01188	0.01731	0.01171	0.01432	0.00838	0.00971	0.00732	0.00499	0.00400	0.00133	0.00655	0.00327	0.00244	0.00755
1	0.01080	0.01017	0.01716	0.78523	0.03940	0.01271	0.01589	0.01461	0.01144	0.01461	0.01017	0.01525	0.00762	0.00572	0.00572	0.00191	0.00762	0.00508	0.00254	0.00635
2	0.61522	0.22632	0.01427	0.00814	0.01205	0.01550	0.00717	0.01690	0.01025	0.02234	0.00796	0.00926	0.00651	0.00520	0.00358	0.00162	0.00488	0.00309	0.00324	0.00651
3	0.02515	0.01056	0.01378	0.01057	0.01501	0.00963	0.00873	0.12188	0.01775	0.67130	0.02141	0.01872	0.01358	0.00705	0.00575	0.00176	0.00505	0.00567	0.00690	0.00973
4	0.08689	0.01236	0.02011	0.25355	0.48292	0.01326	0.01605	0.01662	0.01226	0.01811	0.01033	0.01404	0.00838	0.00530	0.00549	0.00177	0.00683	0.00491	0.00281	0.00801
5	0.00994	0.00497	0.00745	0.00745	0.00745	0.00497	0.00497	0.00745	0.00745	0.00994	0.00994	0.01739	0.00994	0.01987	0.02235	0.83358	0.00497	0.00497	0.00248	0.00248
6	0.00810	0.00585	0.00765	0.00720	0.00855	0.00540	0.00540	0.01079	0.01619	0.02294	0.76028	0.04273	0.05397	0.01169	0.00675	0.00180	0.00270	0.01034	0.00630	0.00540
7	0.01470	0.01252	0.01320	0.01174	0.01505	0.01445	0.00917	0.07505	0.70754	0.02469	0.02268	0.02086	0.01698	0.00770	0.00581	0.00193	0.00464	0.00638	0.00581	0.00910
8	0.02566	0.00973	0.01327	0.01018	0.01460	0.00841	0.00841	0.02788	0.01637	0.76726	0.02257	0.01947	0.01416	0.00708	0.00575	0.00177	0.00487	0.00575	0.00708	0.00973
9	0.00697	0.00498	0.00664	0.00796	0.00830	0.00465	0.00531	0.00796	0.01095	0.01460	0.03153	0.79525	0.03783	0.01792	0.00730	0.00232	0.00332	0.01626	0.00531	0.00465
10	0.01147	0.02959	0.76934	0.01630	0.02476	0.01328	0.02113	0.01811	0.01208	0.01811	0.01026	0.01208	0.00725	0.00543	0.00543	0.00181	0.00845	0.00423	0.00242	0.00845
11	0.01179	0.02735	0.65327	0.01753	0.02557	0.01347	0.13497	0.01815	0.01230	0.01815	0.01047	0.01261	0.00747	0.00534	0.00564	0.00183	0.00864	0.00462	0.00249	0.00834
12	0.01217	0.00688	0.00820	0.00727	0.00976	0.00592	0.00566	0.01408	0.01458	0.22145	0.18879	0.04291	0.41643	0.01191	0.00648	0.00186	0.00339	0.01001	0.00599	0.00628
13	0.01357	0.01038	0.01222	0.00883	0.01383	0.00814	0.00711	0.04731	0.01293	0.08860	0.01147	0.01265	0.00905	0.00461	0.00444	0.00097	0.00438	0.00368	0.00383	0.72199
14	0.22303	0.01383	0.01441	0.01132	0.01561	0.01509	0.00934	0.45488	0.02105	0.14661	0.01368	0.01353	0.00955	0.00652	0.00519	0.00174	0.00561	0.00474	0.00540	0.00886
15	0.00709	0.00503	0.00660	0.00781	0.00811	0.00473	0.00514	0.00800	0.01072	0.01429	0.03032	0.72755	0.03631	0.08770	0.00925	0.00261	0.00352	0.01555	0.00514	0.00454
16	0.00684	0.00547	0.00613	0.00666	0.00795	0.00476	0.00473	0.00811	0.01221	0.01511	0.04745	0.34895	0.47385	0.01585	0.00697	0.00209	0.00306	0.01374	0.00531	0.00476
17	0.01085	0.00753	0.00805	0.00736	0.00955	0.04539	0.00564	0.01279	0.01467	0.13417	0.26135	0.04351	0.39346	0.01205	0.00652	0.00184	0.00353	0.01014	0.00576	0.00585
18	0.01392	0.01416	0.05537	0.06108	0.70541	0.01355	0.01765	0.01747	0.01293	0.01852	0.01072	0.01411	0.00893	0.00513	0.00565	0.00171	0.00690	0.00506	0.00280	0.00894
19	0.83938	0.01106	0.00841	0.00752	0.01106	0.01283	0.00619	0.01681	0.00973	0.02566	0.00796	0.00929	0.00619	0.00531	0.00354	0.00177	0.00442	0.00310	0.00354	0.00619
20	0.00814	0.00584	0.00756	0.00853	0.00923	0.00567	0.00602	0.05643	0.01219	0.01623	0.03025	0.67890	0.03556	0.01701	0.00725	0.00231	0.00369	0.07883	0.00533	0.00503
21	0.09804	0.01443	0.01566	0.01210	0.01656	0.01561	0.01000	0.54835	0.02342	0.16639	0.01479	0.01435	0.01020	0.00676	0.00553	0.00173	0.00587	0.00507	0.00576	0.00940
22	0.00820	0.00600	0.00854	0.00854	0.00934	0.00680	0.00634	0.00980	0.00900	0.01280	0.01592	0.02577	0.01573	0.20967	0.61151	0.00839	0.01316	0.00661	0.00315	0.00475

[dist]
# distance from previous block
# <min> <max>
3	6

[block]
# block no. 3 follows, 41 sequences, length 48
# corresponding to MSA columns:
# 504-551
name=unknown_D
#
# <colnr> <probs for GDERKNQSTAVLIFYWHMCP>
#	G	D	E	R	K	N	Q	S	T	A	V	L	I	F	Y	W	H	M	C	P
0	0.21731	0.16757	0.05530	0.01212	0.01589	0.39796	0.01015	0.03395	0.01379	0.01735	0.00863	0.01001	0.00712	0.00556	0.00451	0.00152	0.00794	0.00348	0.00302	0.00681
1	0.07380	0.01441	0.09458	0.01340	0.01772	0.01373	0.11058	0.05110	0.44121	0.03862	0.01819	0.01790	0.01357	0.00671	0.00566	0.00185	0.00569	0.00581	0.00480	0.05069
2	0.05617	0.01307	0.03583	0.02470	0.41828	0.05523	0.07947	0.01687	0.01280	0.05925	0.01456	0.01912	0.04730	0.00750	0.00716	0.06957	0.00664	0.04541	0.00333	0.00772
3	0.01347	0.01862	0.20937	0.06023	0.02826	0.01433	0.47842	0.07049	0.01402	0.01936	0.01134	0.01449	0.00835	0.00516	0.00631	0.00188	0.00901	0.00594	0.00296	0.00797
4	0.01428	0.59787	0.22567	0.01151	0.01735	0.02016	0.01279	0.01739	0.01174	0.01469	0.00856	0.00994	0.00732	0.00504	0.00414	0.00138	0.00674	0.00337	0.00244	0.00763
5	0.01801	0.01261	0.01525	0.01323	0.06931	0.01333	0.01002	0.34386	0.01881	0.12991	0.01408	0.01533	0.01057	0.01062	0.09181	0.00248	0.06326	0.00509	0.02073	0.12167
6	0.00714	0.00526	0.00665	0.00744	0.00820	0.00482	0.00512	0.00847	0.01208	0.01600	0.15226	0.53560	0.16017	0.03311	0.00759	0.00224	0.00320	0.01445	0.00543	0.00477
7	0.37648	0.04147	0.01364	0.13579	0.09086	0.01327	0.00980	0.10476	0.03615	0.08427	0.03651	0.01359	0.00979	0.00596	0.00472	0.00176	0.00544	0.00442	0.00398	0.00732
8	0.01328	0.01486	0.02814	0.02064	0.02548	0.07507	0.56495	0.01749	0.01415	0.01871	0.13117	0.01938	0.01582	0.00601	0.00662	0.00187	0.00859	0.00708	0.00344	0.00726
9	0.00708	0.00502	0.00660	0.00782	0.00813	0.00472	0.00516	0.00799	0.01074	0.01432	0.03043	0.73350	0.03644	0.08157	0.00908	0.00259	0.00350	0.01561	0.00516	0.00455
10	0.00794	0.00584	0.00743	0.00703	0.00845	0.00533	0.00527	0.01049	0.01582	0.02206	0.67785	0.04417	0.13695	0.01202	0.00675	0.00181	0.00272	0.01055	0.00618	0.00533
11	0.01453	0.61166	0.02880	0.01296	0.05792	0.02007	0.10561	0.01680	0.01191	0.01445	0.00989	0.05383	0.00930	0.00562	0.00438	0.00140	0.00646	0.00439	0.00269	0.00734
12	0.00994	0.00497	0.00745	0.00745	0.00745	0.00497	0.00497	0.00745	0.00745	0.00994	0.00994	0.01739	0.00994	0.01987	0.02235	0.83358	0.00497	0.00497	0.00248	0.00248
13	0.01734	0.01228	0.01354	0.01156	0.01519	0.01358	0.00916	0.12113	0.52180	0.16513	0.02193	0.02002	0.01585	0.00752	0.00579	0.00188	0.00482	0.00616	0.00604	0.00927
14	0.00871	0.00606	0.00823	0.00946	0.01051	0.00597	0.00778	0.01090	0.01248	0.01674	0.02978	0.26044	0.03294	0.01572	0.00746	0.00245	0.00455	0.47986	0.06487	0.00510
15	0.01333	0.01637	0.08643	0.02331	0.02913	0.01446	0.67133	0.01819	0.01327	0.01819	0.01137	0.01511	0.00854	0.00500	0.00697	0.00194	0.02995	0.00652	0.00285	0.00773
16	0.09183	0.01007	0.01302	0.01007	0.01443	0.00910	0.00831	0.05256	0.01621	0.68072	0.02106	0.01843	0.01335	0.00693	0.00557	0.00177	0.00488	0.00551	0.00674	0.00945
17	0.00697	0.00498	0.00664	0.00796	0.00830	0.00465	0.00531	0.00796	0.01095	0.01460	0.03153	0.79525	0.03783	0.01792	0.00730	0.00232	0.00332	0.01626	0.00531	0.00465
18	0.02120	0.06261	0.01727	0.01390	0.01755	0.45647	0.01092	0.29002	0.01994	0.02215	0.01061	0.01152	0.00824	0.00620	0.00529	0.00155	0.00861	0.00420	0.00395	0.00782
19	0.00751	0.00537	0.00726	0.00859	0.00915	0.00511	0.00625	0.00890	0.01149	0.01521	0.03123	0.61876	0.03664	0.01741	0.00745	0.00240	0.00379	0.18739	0.00530	0.00480
20	0.01345	0.13864	0.15090	0.02066	0.02673	0.01553	0.51446	0.01811	0.01298	0.01754	0.01081	0.01393	0.00824	0.00493	0.00607	0.00180	0.00891	0.00578	0.00275	0.00778
21	0.00776	0.00579	0.00721	0.00694	0.00836	0.00524	0.00517	0.01011	0.01526	0.02094	0.57580	0.08367	0.20146	0.01260	0.00678	0.00185	0.00277	0.01101	0.00604	0.00524
22	0.02566	0.00973	0.01327	0.01018	0.01460	0.00841	0.00841	0.02788	0.01637	0.76726	0.02257	0.01947	0.01416	0.00708	0.00575	0.00177	0.00487	0.00575	0.00708	0.00973
23	0.00708	0.00510	0.00653	0.00763	0.00806	0.00475	0.00506	0.00802	0.01087	0.01434	0.03241	0.66384	0.09516	0.09091	0.00930	0.00259	0.00349	0.01517	0.00514	0.00455
24	0.01303	0.01114	0.01728	0.46138	0.08960	0.01289	0.05103	0.01945	0.17417	0.07150	0.01405	0.01681	0.01042	0.00617	0.00579	0.00189	0.00678	0.00552	0.00363	0.00747
25	0.01350	0.01543	0.03375	0.02411	0.02989	0.01446	0.74253	0.01832	0.01350	0.01832	0.01157	0.01543	0.00868	0.00482	0.00675	0.00193	0.00964	0.00675	0.00289	0.00771
26	0.01186	0.01017	0.01186	0.00847	0.01356	0.00762	0.00678	0.01440	0.01186	0.01864	0.01017	0.01186	0.00847	0.00424	0.00424	0.00085	0.00424	0.00339	0.00339	0.83395
27	0.00676	0.00579	0.00579	0.00579	0.00773	0.00483	0.00435	0.00821	0.01304	0.01545	0.05794	0.05505	0.76098	0.01449	0.00676	0.00193	0.00290	0.01207	0.00531	0.00483
28	0.02566	0.00973	0.01327	0.01018	0.01460	0.00841	0.00841	0.02788	0.01637	0.76726	0.02257	0.01947	0.01416	0.00708	0.00575	0.00177	0.00487	0.00575	0.00708	0.00973
29	0.00697	0.00498	0.00664	0.00796	0.00830	0.00465	0.00531	0.00796	0.01095	0.01460	0.03153	0.79525	0.03783	0.01792	0.00730	0.00232	0.00332	0.01626	0.00531	0.00465
30	0.02137	0.02726	0.01621	0.01474	0.01768	0.77602	0.01105	0.02284	0.01621	0.01400	0.00884	0.01031	0.00737	0.00589	0.00516	0.00147	0.01031	0.00368	0.00295	0.00663
31	0.00774	0.00557	0.00733	0.00744	0.00847	0.00516	0.00537	0.00991	0.01455	0.02032	0.53165	0.27881	0.04891	0.01365	0.00692	0.00196	0.00289	0.01220	0.00599	0.00516
32	0.01080	0.01017	0.01716	0.78523	0.03940	0.01271	0.01589	0.01461	0.01144	0.01461	0.01017	0.01525	0.00762	0.00572	0.00572	0.00191	0.00762	0.00508	0.00254	0.00635
33	0.01350	0.01543	0.03375	0.02411	0.02989	0.01446	0.74253	0.01832	0.01350	0.01832	0.01157	0.01543	0.00868	0.00482	0.00675	0.00193	0.00964	0.00675	0.00289	0.00771
34	0.00697	0.00498	0.00664	0.00796	0.00830	0.00465	0.00531	0.00796	0.01095	0.01460	0.03153	0.79525	0.03783	0.01792	0.00730	0.00232	0.00332	0.01626	0.00531	0.00465
35	0.01416	0.01359	0.02322	0.03511	0.76330	0.01359	0.01755	0.01755	0.01302	0.01869	0.01076	0.01416	0.00906	0.00510	0.00566	0.00170	0.00680	0.00510	0.00283	0.00906
36	0.02566	0.00973	0.01327	0.01018	0.01460	0.00841	0.00841	0.02788	0.01637	0.76726	0.02257	0.01947	0.01416	0.00708	0.00575	0.00177	0.00487	0.00575	0.00708	0.00973
37	0.83938	0.01106	0.00841	0.00752	0.01106	0.01283	0.00619	0.01681	0.00973	0.02566	0.00796	0.00929	0.00619	0.00531	0.00354	0.00177	0.00442	0.00310	0.00354	0.00619
38	0.01699	0.01167	0.01302	0.01129	0.01481	0.01282	0.00890	0.02979	0.57506	0.20346	0.02311	0.02089	0.01666	0.00760	0.00580	0.00190	0.00461	0.00629	0.00612	0.00922
39	0.01416	0.01359	0.02322	0.03511	0.76330	0.01359	0.01755	0.01755	0.01302	0.01869	0.01076	0.01416	0.00906	0.00510	0.00566	0.00170	0.00680	0.00510	0.00283	0.00906
40	0.00697	0.00498	0.00664	0.00796	0.00830	0.00465	0.00531	0.00796	0.01095	0.01460	0.03153	0.79525	0.03783	0.01792	0.00730	0.00232	0.00332	0.01626	0.00531	0.00465
41	0.01166	0.00681	0.00894	0.00783	0.00996	0.00609	0.00604	0.01426	0.01601	0.16600	0.58150	0.03674	0.04408	0.01044	0.00643	0.00175	0.00319	0.00912	0.00630	0.04687
42	0.02129	0.01580	0.01691	0.01307	0.01757	0.01753	0.01076	0.70153	0.07032	0.03532	0.01430	0.01419	0.01019	0.00692	0.00573	0.00173	0.00619	0.00523	0.00573	0.00969
43	0.01913	0.01349	0.01521	0.01210	0.01576	0.01498	0.00992	0.51560	0.02199	0.08381	0.01450	0.01564	0.01079	0.01175	0.10694	0.00272	0.05065	0.00532	0.05101	0.00869
44	0.00697	0.00498	0.00664	0.00796	0.00830	0.00465	0.00531	0.00796	0.01095	0.01460	0.03153	0.79525	0.03783	0.01792	0.00730	0.00232	0.00332	0.01626	0.00531	0.00465
45	0.05015	0.00964	0.01292	0.00999	0.01428	0.00844	0.00823	0.02692	0.01616	0.71779	0.04846	0.01999	0.01533	0.00719	0.00572	0.00177	0.00478	0.00583	0.00694	0.00947
46	0.01175	0.08538	0.71596	0.01583	0.02403	0.01396	0.02031	0.01804	0.01204	0.01778	0.01010	0.01187	0.00725	0.00540	0.00531	0.00177	0.00828	0.00414	0.00242	0.00837
47	0.01066	0.00533	0.00533	0.00533	0.00666	0.00533	0.00400	0.01333	0.01200	0.02132	0.01866	0.02132	0.01466	0.00666	0.00400	0.00133	0.00267	0.00533	0.83073	0.00533

[dist]
# distance from previous block
# <min> <max>
0	1

[block]
# block no. 4 follows, 41 sequences, length 55
# corresponding to MSA columns:
# 553-607
name=unknown_E
#
# <colnr> <probs for GDERKNQSTAVLIFYWHMCP>
#	G	D	E	R	K	N	Q	S	T	A	V	L	I	F	Y	W	H	M	C	P
0	0.01973	0.01169	0.02826	0.01058	0.01513	0.01072	0.00876	0.15432	0.10861	0.33635	0.01764	0.01657	0.01218	0.00637	0.00536	0.00155	0.00499	0.00510	0.00564	0.22046
1	0.01337	0.01503	0.03197	0.02292	0.02847	0.01419	0.67616	0.01795	0.01324	0.01818	0.01135	0.01513	0.00863	0.00497	0.00703	0.00189	0.03626	0.00650	0.00291	0.05386
2	0.64759	0.01087	0.00953	0.00822	0.01191	0.01207	0.00675	0.01953	0.04674	0.16419	0.01143	0.01177	0.00823	0.00576	0.00406	0.00178	0.00451	0.00376	0.00431	0.00699
3	0.00776	0.00564	0.00731	0.00731	0.00845	0.00519	0.00532	0.00999	0.01479	0.02059	0.55240	0.22155	0.08568	0.01331	0.00688	0.00193	0.00286	0.01183	0.00601	0.00519
4	0.01321	0.01182	0.06465	0.01246	0.01578	0.01135	0.07746	0.07638	0.28241	0.05877	0.04546	0.04537	0.04649	0.00992	0.00652	0.00209	0.00549	0.20153	0.00521	0.00762
5	0.37048	0.08584	0.11655	0.00963	0.01389	0.01198	0.00915	0.01870	0.01232	0.18234	0.07022	0.01706	0.01310	0.00666	0.00474	0.00177	0.00514	0.03882	0.00434	0.00727
6	0.00697	0.00498	0.00664	0.00796	0.00830	0.00465	0.00531	0.00796	0.01095	0.01460	0.03153	0.79525	0.03783	0.01792	0.00730	0.00232	0.00332	0.01626	0.00531	0.00465
7	0.00697	0.00498	0.00664	0.00796	0.00830	0.00465	0.00531	0.00796	0.01095	0.01460	0.03153	0.79525	0.03783	0.01792	0.00730	0.00232	0.00332	0.01626	0.00531	0.00465
8	0.01334	0.05448	0.10746	0.16544	0.02887	0.06586	0.40828	0.01763	0.01282	0.01686	0.01061	0.01425	0.00812	0.00538	0.00673	0.00187	0.04618	0.00570	0.00274	0.00738
9	0.02212	0.01355	0.14607	0.01355	0.08555	0.00974	0.01147	0.02522	0.01531	0.56742	0.01933	0.01769	0.01248	0.00661	0.00569	0.00177	0.00567	0.00543	0.00587	0.00945
10	0.78427	0.01215	0.00893	0.00801	0.01151	0.06425	0.00652	0.01722	0.01017	0.02488	0.00802	0.00936	0.00627	0.00535	0.00365	0.00175	0.00482	0.00314	0.00350	0.00622
11	0.01129	0.00658	0.00854	0.00763	0.00961	0.00591	0.00587	0.01379	0.01593	0.16299	0.55589	0.03947	0.11177	0.01108	0.00656	0.00181	0.00313	0.00964	0.00635	0.00616
12	0.00694	0.00559	0.00618	0.00648	0.00795	0.00483	0.00469	0.00839	0.01279	0.01593	0.11607	0.24357	0.51036	0.01511	0.00690	0.00202	0.00299	0.01299	0.00540	0.00483
13	0.26577	0.04637	0.01459	0.01201	0.01561	0.33012	0.00951	0.20326	0.01682	0.02304	0.00979	0.01083	0.00761	0.00593	0.00477	0.00161	0.00739	0.00386	0.00381	0.00731
14	0.34296	0.01000	0.01236	0.13097	0.06677	0.01096	0.05430	0.03462	0.01277	0.02252	0.22493	0.02065	0.02058	0.00720	0.00520	0.00180	0.00496	0.00590	0.00415	0.00637
15	0.00697	0.00498	0.00664	0.00796	0.00830	0.00465	0.00531	0.00796	0.01095	0.01460	0.03153	0.79525	0.03783	0.01792	0.00730	0.00232	0.00332	0.01626	0.00531	0.00465
16	0.00786	0.00540	0.00657	0.00701	0.00718	0.00536	0.00432	0.00833	0.00924	0.01239	0.02229	0.28590	0.02597	0.49090	0.07228	0.00473	0.00547	0.01079	0.00405	0.00396
17	0.08879	0.05875	0.61860	0.01512	0.02261	0.06501	0.01862	0.01827	0.01212	0.01835	0.00986	0.01158	0.00716	0.00543	0.00517	0.00176	0.00811	0.00404	0.00256	0.00808
18	0.00697	0.00498	0.00664	0.00796	0.00830	0.00465	0.00531	0.00796	0.01095	0.01460	0.03153	0.79525	0.03783	0.01792	0.00730	0.00232	0.00332	0.01626	0.00531	0.00465
19	0.00706	0.00504	0.00671	0.00791	0.00832	0.00470	0.00532	0.00818	0.01135	0.01524	0.08746	0.73749	0.03907	0.01744	0.00726	0.00228	0.00327	0.01581	0.00539	0.00470
20	0.00939	0.00742	0.01016	0.00902	0.00946	0.00815	0.06163	0.00996	0.00879	0.01207	0.01584	0.03175	0.01774	0.61174	0.02574	0.00478	0.13119	0.00767	0.00327	0.00424
21	0.02457	0.00949	0.01292	0.00999	0.01422	0.00822	0.00822	0.02681	0.01636	0.72082	0.06859	0.02092	0.01664	0.00737	0.00581	0.00177	0.00473	0.00604	0.00703	0.00946
22	0.01540	0.64437	0.13282	0.01073	0.01609	0.02043	0.01130	0.01794	0.01198	0.06114	0.00919	0.01023	0.00775	0.00511	0.00405	0.00134	0.00637	0.00339	0.00273	0.00765
23	0.01251	0.01251	0.01752	0.01502	0.01502	0.01752	0.01251	0.01377	0.00876	0.01377	0.00751	0.01251	0.00751	0.01001	0.01877	0.00250	0.78851	0.00501	0.00250	0.00626
24	0.00810	0.00585	0.00765	0.00720	0.00855	0.00540	0.00540	0.01079	0.01619	0.02294	0.76028	0.04273	0.05397	0.01169	0.00675	0.00180	0.00270	0.01034	0.00630	0.00540
25	0.02174	0.01602	0.01717	0.01316	0.01774	0.01774	0.01087	0.74423	0.02689	0.03605	0.01373	0.01373	0.00973	0.00687	0.00572	0.00172	0.00629	0.00515	0.00572	0.00973
26	0.02174	0.01602	0.01717	0.01316	0.01774	0.01774	0.01087	0.74423	0.02689	0.03605	0.01373	0.01373	0.00973	0.00687	0.00572	0.00172	0.00629	0.00515	0.00572	0.00973
27	0.01974	0.01503	0.01604	0.01275	0.01697	0.01680	0.01039	0.55376	0.22063	0.03281	0.01628	0.01576	0.01179	0.00710	0.00575	0.00178	0.00582	0.00550	0.00575	0.00955
28	0.00697	0.00498	0.00664	0.00796	0.00830	0.00465	0.00531	0.00796	0.01095	0.01460	0.03153	0.79525	0.03783	0.01792	0.00730	0.00232	0.00332	0.01626	0.00531	0.00465
29	0.01416	0.01359	0.02322	0.03511	0.76330	0.01359	0.01755	0.01755	0.01302	0.01869	0.01076	0.01416	0.00906	0.00510	0.00566	0.00170	0.00680	0.00510	0.00283	0.00906
30	0.00697	0.00498	0.00664	0.00796	0.00830	0.00465	0.00531	0.00796	0.01095	0.01460	0.03153	0.79525	0.03783	0.01792	0.00730	0.00232	0.00332	0.01626	0.00531	0.00465
31	0.02143	0.02546	0.01636	0.01448	0.01769	0.65464	0.01102	0.13831	0.01792	0.01753	0.00962	0.01086	0.00775	0.00605	0.00525	0.00151	0.00967	0.00392	0.00339	0.00713
32	0.01901	0.00856	0.01097	0.00893	0.01243	0.00756	0.00720	0.02176	0.05101	0.48468	0.09914	0.03013	0.19485	0.00929	0.00609	0.00182	0.00418	0.00771	0.00653	0.00814
33	0.00781	0.00533	0.00639	0.00689	0.00701	0.00521	0.00416	0.00818	0.00931	0.01242	0.02312	0.32338	0.02722	0.50426	0.02088	0.00433	0.00471	0.01132	0.00416	0.00391
34	0.01304	0.01245	0.02119	0.28580	0.52137	0.01330	0.01700	0.01657	0.01249	0.01733	0.01056	0.01452	0.00858	0.00530	0.00568	0.00177	0.00707	0.00509	0.00273	0.00816
35	0.02485	0.01104	0.01408	0.01080	0.01525	0.01035	0.00892	0.17680	0.01856	0.61525	0.02073	0.01828	0.01324	0.00704	0.00575	0.00176	0.00516	0.00563	0.00680	0.00973
36	0.00697	0.00498	0.00664	0.00796	0.00830	0.00465	0.00531	0.00796	0.01095	0.01460	0.03153	0.79525	0.03783	0.01792	0.00730	0.00232	0.00332	0.01626	0.00531	0.00465
37	0.07854	0.74169	0.02832	0.00961	0.01440	0.02188	0.00951	0.01710	0.01148	0.01439	0.00795	0.00918	0.00725	0.00493	0.00366	0.00127	0.00599	0.00306	0.00253	0.00725
38	0.05093	0.01436	0.01594	0.01226	0.01676	0.01536	0.01013	0.54945	0.02381	0.20885	0.01563	0.01494	0.01065	0.00686	0.00565	0.00173	0.00589	0.00522	0.00597	0.00961
39	0.00753	0.00563	0.00699	0.00706	0.00830	0.00509	0.00514	0.00954	0.01423	0.01926	0.42836	0.22373	0.21055	0.01380	0.00688	0.00195	0.00289	0.01214	0.00584	0.00509
40	0.00783	0.00670	0.00682	0.00664	0.00874	0.00615	0.00502	0.01135	0.11605	0.01678	0.06704	0.05011	0.64352	0.01349	0.00663	0.00193	0.00312	0.01126	0.00540	0.00543
41	0.02170	0.01747	0.01704	0.01336	0.01773	0.11527	0.01089	0.65144	0.02552	0.03321	0.01310	0.01329	0.00942	0.00674	0.00565	0.00169	0.00681	0.00496	0.00537	0.00933
42	0.01278	0.01013	0.08056	0.01097	0.01379	0.00869	0.00993	0.01792	0.13731	0.13834	0.02736	0.04479	0.05999	0.01204	0.00693	0.00227	0.00526	0.38869	0.00539	0.00689
43	0.01393	0.01260	0.01280	0.01081	0.01463	0.06338	0.00844	0.02462	0.45934	0.02152	0.01799	0.01748	0.01382	0.00647	0.00525	0.00155	0.00482	0.00527	0.00483	0.28045
44	0.01502	0.02358	0.52233	0.01557	0.02283	0.01224	0.08477	0.02045	0.01322	0.19554	0.01330	0.01414	0.00902	0.00577	0.00563	0.00181	0.00771	0.00482	0.00356	0.00869
45	0.83938	0.01106	0.00841	0.00752	0.01106	0.01283	0.00619	0.01681	0.00973	0.02566	0.00796	0.00929	0.00619	0.00531	0.00354	0.00177	0.00442	0.00310	0.00354	0.00619
46	0.01007	0.00663	0.00896	0.00953	0.01115	0.00637	0.00809	0.01257	0.01389	0.07547	0.14910	0.05670	0.10212	0.01435	0.00745	0.00237	0.00461	0.48940	0.00557	0.00559
47	0.01147	0.02959	0.76934	0.01630	0.02476	0.01328	0.02113	0.01811	0.01208	0.01811	0.01026	0.01208	0.00725	0.00543	0.00543	0.00181	0.00845	0.00423	0.00242	0.00845
48	0.02324	0.02479	0.01326	0.01012	0.01422	0.00900	0.00836	0.07403	0.01689	0.61919	0.08547	0.02211	0.01767	0.00766	0.00585	0.00178	0.00481	0.02556	0.00678	0.00919
49	0.00840	0.00564	0.00651	0.00664	0.00676	0.00564	0.00400	0.00864	0.00877	0.01165	0.01916	0.03993	0.02192	0.72662	0.02715	0.00528	0.00552	0.07452	0.00363	0.00363
50	0.00697	0.00498	0.00664	0.00796	0.00830	0.00465	0.00531	0.00796	0.01095	0.01460	0.03153	0.79525	0.03783	0.01792	0.00730	0.00232	0.00332	0.01626	0.00531	0.00465
51	0.01171	0.01133	0.01887	0.50209	0.13203	0.01381	0.05178	0.01504	0.01125	0.01519	0.00982	0.01460	0.00785	0.00639	0.00820	0.00199	0.15353	0.00515	0.00259	0.00677
52	0.33301	0.08510	0.01370	0.00978	0.01390	0.01387	0.00817	0.18043	0.07195	0.14493	0.01290	0.01299	0.00937	0.00601	0.00461	0.00166	0.00506	0.00425	0.00465	0.06364
53	0.24987	0.01116	0.01477	0.43105	0.06332	0.01326	0.01250	0.07628	0.04208	0.02013	0.01038	0.01361	0.00785	0.00575	0.00509	0.00184	0.00643	0.00457	0.00324	0.00683
54	0.01355	0.01832	0.17993	0.01920	0.02429	0.08801	0.38219	0.01774	0.01291	0.03448	0.01242	0.07274	0.01047	0.00657	0.00745	0.00194	0.08084	0.00646	0.00304	0.00744

[dist]
# distance from previous block
# <min> <max>
0	4

[block]
# block no. 5 follows, 41 sequences, length 51
# corresponding to MSA columns:
# 612-662
name=unknown_F
#
# <colnr> <probs for GDERKNQSTAVLIFYWHMCP>
#	G	D	E	R	K	N	Q	S	T	A	V	L	I	F	Y	W	H	M	C	P
0	0.16286	0.08736	0.01655	0.01261	0.01586	0.23073	0.01026	0.23555	0.01670	0.02255	0.00986	0.01140	0.00789	0.00664	0.00703	0.00174	0.12899	0.00417	0.00377	0.00748
1	0.08497	0.02651	0.63917	0.01514	0.02272	0.01332	0.01881	0.01902	0.07342	0.01927	0.01114	0.01260	0.00800	0.00562	0.00530	0.00182	0.00777	0.00431	0.00280	0.00830
2	0.01416	0.01348	0.02231	0.03303	0.69707	0.01365	0.01680	0.01869	0.07850	0.01915	0.01187	0.01479	0.00980	0.00533	0.00568	0.00172	0.00659	0.00522	0.00310	0.00906
3	0.02174	0.01602	0.01717	0.01316	0.01774	0.01774	0.01087	0.74423	0.02689	0.03605	0.01373	0.01373	0.00973	0.00687	0.00572	0.00172	0.00629	0.00515	0.00572	0.00973
4	0.83938	0.01106	0.00841	0.00752	0.01106	0.01283	0.00619	0.01681	0.00973	0.02566	0.00796	0.00929	0.00619	0.00531	0.00354	0.00177	0.00442	0.00310	0.00354	0.00619
5	0.00817	0.00613	0.00919	0.00919	0.01021	0.00715	0.00715	0.01021	0.00919	0.01328	0.01532	0.02247	0.01430	0.04290	0.77631	0.00919	0.01532	0.00613	0.00306	0.00511
6	0.01333	0.01510	0.03273	0.07101	0.03048	0.01436	0.69775	0.01809	0.01337	0.01809	0.01149	0.01542	0.00861	0.00488	0.00669	0.00193	0.00952	0.00665	0.00287	0.00763
7	0.01288	0.01199	0.02019	0.27145	0.48677	0.01280	0.01619	0.01636	0.01246	0.01756	0.01106	0.01495	0.00895	0.00539	0.00558	0.00174	0.00680	0.00511	0.05382	0.00797
8	0.00697	0.00498	0.00664	0.00796	0.00830	0.00465	0.00531	0.00796	0.01095	0.01460	0.03153	0.79525	0.03783	0.01792	0.00730	0.00232	0.00332	0.01626	0.00531	0.00465
9	0.00729	0.00523	0.00693	0.00774	0.00837	0.00486	0.00533	0.00877	0.01245	0.01699	0.24024	0.57972	0.04245	0.01614	0.00714	0.00217	0.00314	0.01457	0.00559	0.00486
10	0.01227	0.09479	0.53857	0.01748	0.02502	0.01438	0.18229	0.01807	0.01236	0.01775	0.01035	0.01257	0.00758	0.00525	0.00557	0.00179	0.00851	0.00469	0.00253	0.00819
11	0.00697	0.00498	0.00664	0.00796	0.00830	0.00465	0.00531	0.00796	0.01095	0.01460	0.03153	0.79525	0.03783	0.01792	0.00730	0.00232	0.00332	0.01626	0.00531	0.00465
12	0.00725	0.00572	0.00593	0.00593	0.00726	0.00505	0.00407	0.00824	0.01156	0.01409	0.04544	0.04953	0.52910	0.26025	0.01376	0.00306	0.00373	0.01090	0.00473	0.00440
13	0.00697	0.00498	0.00664	0.00796	0.00830	0.00465	0.00531	0.00796	0.01095	0.01460	0.03153	0.79525	0.03783	0.01792	0.00730	0.00232	0.00332	0.01626	0.00531	0.00465
14	0.00783	0.00614	0.00900	0.18268	0.01529	0.00646	0.00769	0.00946	0.01106	0.01460	0.02672	0.61992	0.03104	0.01518	0.00695	0.00223	0.00429	0.01375	0.00469	0.00503
15	0.01443	0.62870	0.19617	0.01125	0.01695	0.02053	0.01234	0.01735	0.01172	0.01450	0.00847	0.00983	0.00732	0.00502	0.00407	0.00136	0.00664	0.00332	0.00244	0.00759
16	0.01304	0.01861	0.19910	0.02235	0.02874	0.01420	0.58037	0.01828	0.01318	0.01828	0.01128	0.01468	0.00836	0.00496	0.00645	0.00190	0.00938	0.00618	0.00279	0.00788
17	0.01423	0.01229	0.01293	0.01164	0.01487	0.01423	0.00905	0.03039	0.75297	0.02393	0.02328	0.02134	0.01746	0.00776	0.00582	0.00194	0.00453	0.00647	0.00582	0.00905
18	0.00810	0.00585	0.00765	0.00720	0.00855	0.00540	0.00540	0.01079	0.01619	0.02294	0.76028	0.04273	0.05397	0.01169	0.00675	0.00180	0.00270	0.01034	0.00630	0.00540
19	0.01080	0.01017	0.01716	0.78523	0.03940	0.01271	0.01589	0.01461	0.01144	0.01461	0.01017	0.01525	0.00762	0.00572	0.00572	0.00191	0.00762	0.00508	0.00254	0.00635
20	0.00810	0.00585	0.00765	0.00720	0.00855	0.00540	0.00540	0.01079	0.01619	0.02294	0.76028	0.04273	0.05397	0.01169	0.00675	0.00180	0.00270	0.01034	0.00630	0.00540
21	0.00945	0.00616	0.00773	0.00715	0.00876	0.00558	0.00533	0.01168	0.01504	0.08660	0.51880	0.04224	0.16299	0.07714	0.00852	0.00213	0.00316	0.01005	0.00597	0.00553
22	0.01467	0.01321	0.01314	0.01183	0.01505	0.06124	0.00918	0.02993	0.70750	0.02331	0.02239	0.02066	0.01684	0.00765	0.00578	0.00191	0.00488	0.00630	0.00564	0.00890
23	0.02534	0.01026	0.01360	0.01042	0.01486	0.00918	0.00861	0.08738	0.01725	0.70652	0.02183	0.01899	0.01379	0.00706	0.00575	0.00177	0.00499	0.00570	0.00697	0.00973
24	0.77054	0.01059	0.00815	0.00734	0.01070	0.01221	0.00601	0.01652	0.00992	0.02530	0.00885	0.01029	0.00690	0.00542	0.00358	0.00173	0.00428	0.00328	0.07226	0.00612
25	0.02154	0.01776	0.01635	0.01316	0.01727	0.18714	0.01058	0.47469	0.06830	0.09505	0.01400	0.01394	0.01007	0.00672	0.00560	0.00168	0.00696	0.00495	0.00522	0.00899
26	0.02504	0.00987	0.01326	0.01026	0.01462	0.00873	0.00844	0.02801	0.05671	0.72656	0.02261	0.01957	0.01434	0.00712	0.00576	0.00178	0.00485	0.00579	0.00701	0.00970
27	0.00687	0.00580	0.00595	0.00591	0.00779	0.00488	0.00443	0.00842	0.01330	0.01607	0.11629	0.05402	0.70225	0.01425	0.00676	0.00192	0.00288	0.01193	0.00539	0.00488
28	0.00697	0.00498	0.00664	0.00796	0.00830	0.00465	0.00531	0.00796	0.01095	0.01460	0.03153	0.79525	0.03783	0.01792	0.00730	0.00232	0.00332	0.01626	0.00531	0.00465
29	0.01325	0.01485	0.03129	0.07020	0.02916	0.01463	0.63315	0.01769	0.01295	0.01769	0.01113	0.01516	0.00851	0.00534	0.00775	0.00198	0.07844	0.00649	0.00284	0.00750
30	0.01416	0.01359	0.02322	0.03511	0.76330	0.01359	0.01755	0.01755	0.01302	0.01869	0.01076	0.01416	0.00906	0.00510	0.00566	0.00170	0.00680	0.00510	0.00283	0.00906
31	0.08741	0.00851	0.00875	0.00758	0.01003	0.00897	0.00601	0.17883	0.01541	0.07098	0.01685	0.01844	0.01277	0.00662	0.00445	0.00148	0.00377	0.00512	0.52133	0.00667
32	0.01251	0.01251	0.01752	0.01502	0.01502	0.01752	0.01251	0.01377	0.00876	0.01377	0.00751	0.01251	0.00751	0.01001	0.01877	0.00250	0.78851	0.00501	0.00250	0.00626
33	0.00833	0.00568	0.00685	0.00715	0.00748	0.00563	0.00469	0.00902	0.00983	0.01312	0.06701	0.10924	0.02633	0.55356	0.02234	0.00455	0.00513	0.12599	0.00410	0.00398
34	0.00945	0.00690	0.00962	0.00928	0.01062	0.00792	0.00726	0.07138	0.01084	0.01567	0.01539	0.02167	0.01394	0.03767	0.66471	0.00809	0.01379	0.00600	0.05429	0.00550
35	0.01147	0.02959	0.76934	0.01630	0.02476	0.01328	0.02113	0.01811	0.01208	0.01811	0.01026	0.01208	0.00725	0.00543	0.00543	0.00181	0.00845	0.00423	0.00242	0.00845
36	0.00725	0.00581	0.00647	0.00631	0.00803	0.00504	0.00473	0.00916	0.01419	0.01820	0.31557	0.05053	0.50165	0.01346	0.00676	0.00188	0.00282	0.01144	0.00567	0.00504
37	0.00697	0.00498	0.00664	0.00796	0.00830	0.00465	0.00531	0.00796	0.01095	0.01460	0.03153	0.79525	0.03783	0.01792	0.00730	0.00232	0.00332	0.01626	0.00531	0.00465
38	0.01801	0.01340	0.01465	0.01169	0.01542	0.01465	0.00948	0.51620	0.08874	0.03203	0.18239	0.02092	0.02036	0.00803	0.00596	0.00175	0.00533	0.00643	0.00586	0.00869
39	0.01350	0.29153	0.40772	0.01377	0.02007	0.01711	0.01591	0.06222	0.01256	0.01727	0.00946	0.01122	0.00745	0.00572	0.00596	0.00166	0.07232	0.00395	0.00264	0.00797
40	0.00699	0.00549	0.00632	0.00677	0.00803	0.00483	0.00483	0.00842	0.01262	0.01600	0.12914	0.33112	0.40823	0.01545	0.00696	0.00206	0.00303	0.01344	0.00542	0.00483
41	0.01395	0.01417	0.02652	0.03166	0.53354	0.01386	0.24467	0.01779	0.01317	0.01857	0.01101	0.01456	0.00894	0.00501	0.00600	0.00177	0.00769	0.00561	0.00285	0.00864
42	0.01219	0.01180	0.02009	0.42279	0.26011	0.01361	0.06087	0.01566	0.01177	0.01601	0.01015	0.01463	0.00812	0.00594	0.00718	0.00191	0.09208	0.00518	0.00265	0.00726
43	0.01177	0.00768	0.01061	0.01004	0.01195	0.00751	0.05213	0.01571	0.12394	0.13970	0.07200	0.39779	0.02969	0.01326	0.00681	0.00214	0.00427	0.07099	0.00558	0.00642
44	0.51049	0.01041	0.01021	0.00851	0.01232	0.01096	0.00700	0.02079	0.01241	0.30361	0.03500	0.01407	0.01055	0.00616	0.00446	0.00177	0.00454	0.00430	0.00495	0.00750
45	0.01679	0.44324	0.12710	0.01135	0.01653	0.01855	0.01132	0.12839	0.06023	0.09979	0.01167	0.01212	0.00905	0.00568	0.00458	0.00148	0.00623	0.00404	0.00364	0.00822
46	0.01406	0.01113	0.01747	0.01407	0.01610	0.01292	0.13968	0.01640	0.01216	0.13930	0.12443	0.01925	0.01622	0.00866	0.01180	0.00210	0.35617	0.00626	0.05492	0.00690
47	0.00775	0.00500	0.00682	0.00775	0.00805	0.00474	0.00518	0.00784	0.01009	0.01339	0.02673	0.56085	0.05675	0.01832	0.01130	0.22397	0.00374	0.01310	0.00456	0.00408
48	0.02332	0.01082	0.01368	0.01060	0.01480	0.01025	0.00871	0.18748	0.01872	0.54107	0.08186	0.02011	0.01647	0.00741	0.00583	0.00176	0.00501	0.00600	0.00671	0.00937
49	0.01160	0.05463	0.74539	0.01609	0.02443	0.01359	0.02077	0.01808	0.01206	0.01796	0.01019	0.01198	0.00725	0.00542	0.00538	0.00179	0.00838	0.00419	0.00242	0.00842
50	0.01484	0.01328	0.01875	0.10416	0.36464	0.03475	0.01359	0.14538	0.01514	0.02118	0.01103	0.01357	0.00885	0.00531	0.00534	0.00153	0.00632	0.00468	0.00344	0.19424

[dist]
