[name]
unknown

[dist]
# distance from previous block
# <min> <max>
49	369

[block]
# block no. 0 follows, 40 sequences, length 8
# corresponding to MSA columns:
# 389-396
name=unknown_A
#
# <colnr> <probs for GDERKNQSTAVLIFYWHMCP>
#	G	D	E	R	K	N	Q	S	T	A	V	L	I	F	Y	W	H	M	C	P
0	0.01259	0.01085	0.01757	0.65750	0.07528	0.01305	0.01555	0.05901	0.01291	0.05427	0.01122	0.01557	0.00829	0.00592	0.00581	0.00191	0.00748	0.00521	0.00303	0.00698
1	0.01664	0.00824	0.01064	0.00904	0.01196	0.00758	0.00712	0.02021	0.08177	0.35398	0.27569	0.07855	0.07354	0.00999	0.00636	0.00187	0.00395	0.00855	0.00659	0.00771
2	0.01205	0.00973	0.01064	0.00989	0.01220	0.01066	0.00757	0.05970	0.37341	0.02090	0.06901	0.03408	0.10505	0.14908	0.01049	0.00268	0.00467	0.08568	0.00540	0.00712
3	0.00781	0.00569	0.00734	0.00743	0.00855	0.00523	0.00538	0.00996	0.01471	0.02035	0.49943	0.25663	0.10201	0.01389	0.00702	0.00199	0.00294	0.01235	0.00604	0.00523
4	0.00804	0.00554	0.00680	0.00719	0.00740	0.00556	0.00449	0.00857	0.00933	0.01256	0.02199	0.25483	0.02542	0.48558	0.10687	0.00511	0.00610	0.01055	0.00402	0.00406
5	0.02251	0.10093	0.01883	0.01271	0.01746	0.01303	0.09859	0.18352	0.01811	0.42680	0.01791	0.01682	0.01193	0.00662	0.00573	0.00174	0.00601	0.00553	0.00584	0.00937
6	0.02120	0.02663	0.01624	0.01476	0.01777	0.71819	0.01109	0.02377	0.06875	0.01495	0.01004	0.01129	0.00822	0.00613	0.00529	0.00153	0.01007	0.00395	0.00320	0.00692
7	0.83671	0.01125	0.00855	0.00765	0.01125	0.01305	0.00630	0.01709	0.00990	0.02609	0.00810	0.00945	0.00630	0.00540	0.00360	0.00180	0.00450	0.00315	0.00360	0.00630

[dist]
# distance from previous block
# <min> <max>
0	1

[block]
# block no. 1 follows, 40 sequences, length 18
# corresponding to MSA columns:
# 398-415
name=unknown_B
#
# <colnr> <probs for GDERKNQSTAVLIFYWHMCP>
#	G	D	E	R	K	N	Q	S	T	A	V	L	I	F	Y	W	H	M	C	P
0	0.00707	0.00512	0.00668	0.00793	0.00839	0.00474	0.00533	0.00812	0.01129	0.01491	0.03403	0.73763	0.09139	0.01796	0.00738	0.00233	0.00334	0.01622	0.00540	0.00474
1	0.00757	0.00580	0.00862	0.00916	0.00991	0.00542	0.05420	0.00891	0.01152	0.01544	0.05985	0.71003	0.03715	0.01708	0.00736	0.00231	0.00378	0.01565	0.00527	0.00496
2	0.00698	0.00547	0.00633	0.00702	0.00815	0.00481	0.00492	0.00822	0.01217	0.01527	0.04520	0.43155	0.39026	0.01651	0.00715	0.00217	0.00316	0.01445	0.00540	0.00481
3	0.01528	0.01286	0.01362	0.01190	0.01542	0.01464	0.00934	0.11386	0.63692	0.02558	0.02204	0.02043	0.01649	0.00765	0.00585	0.00191	0.00480	0.00630	0.00582	0.03930
4	0.01446	0.01574	0.03283	0.02353	0.02931	0.01500	0.67432	0.08203	0.01492	0.02021	0.01196	0.01553	0.00892	0.00508	0.00677	0.00194	0.00950	0.00672	0.00319	0.00802
5	0.00823	0.00594	0.00777	0.00732	0.00869	0.00549	0.00549	0.01097	0.01646	0.02332	0.75629	0.04344	0.05487	0.01189	0.00686	0.00183	0.00274	0.01052	0.00640	0.00549
6	0.01240	0.01173	0.01970	0.45073	0.32794	0.01307	0.01646	0.01605	0.01229	0.01669	0.01058	0.01492	0.00837	0.00550	0.00573	0.00181	0.00727	0.00510	0.00274	0.04092
7	0.01243	0.01038	0.01341	0.06667	0.01647	0.00868	0.04306	0.01578	0.04217	0.04438	0.01296	0.01729	0.01106	0.00560	0.00495	0.00121	0.00494	0.05951	0.00373	0.60529
8	0.01124	0.01060	0.01790	0.72575	0.09396	0.01299	0.01628	0.01508	0.01175	0.01517	0.01038	0.01542	0.00786	0.00577	0.00581	0.00192	0.00769	0.00517	0.00261	0.00667
9	0.02081	0.02345	0.01617	0.01419	0.01742	0.53956	0.01090	0.18893	0.01847	0.01939	0.01064	0.01222	0.00858	0.00904	0.06289	0.00214	0.00992	0.00428	0.00366	0.00736
10	0.02134	0.01080	0.01317	0.01064	0.01465	0.01058	0.00861	0.08998	0.20076	0.45639	0.02512	0.02256	0.07241	0.00794	0.00594	0.00185	0.00483	0.00647	0.00662	0.00934
11	0.77386	0.01114	0.00893	0.00786	0.01153	0.01270	0.00647	0.01797	0.01042	0.08325	0.00925	0.01025	0.00693	0.00554	0.00377	0.00180	0.00453	0.00336	0.00388	0.00658
12	0.01053	0.00869	0.01001	0.01046	0.06814	0.06423	0.00715	0.01397	0.06599	0.04351	0.48044	0.08613	0.08572	0.01110	0.00659	0.00185	0.00389	0.00968	0.00574	0.00617
13	0.00831	0.00623	0.00935	0.00935	0.01038	0.00727	0.00727	0.01038	0.00935	0.01350	0.01558	0.02285	0.01454	0.04361	0.77259	0.00935	0.01558	0.00623	0.00312	0.00519
14	0.01384	0.01258	0.02010	0.42847	0.30695	0.01401	0.01651	0.08012	0.01399	0.01889	0.01148	0.01576	0.00907	0.00608	0.00605	0.00195	0.00750	0.00537	0.00319	0.00810
15	0.01145	0.00589	0.00589	0.00587	0.00727	0.00580	0.00435	0.01397	0.01257	0.02219	0.01949	0.02243	0.01542	0.00717	0.00434	0.00147	0.00294	0.00561	0.82016	0.00574
16	0.00829	0.00638	0.00742	0.00714	0.00881	0.00562	0.00531	0.01030	0.01542	0.02056	0.45214	0.04932	0.35458	0.01344	0.00711	0.00200	0.00306	0.01141	0.00615	0.00556
17	0.73069	0.01149	0.00959	0.00840	0.01213	0.01280	0.00684	0.01885	0.01111	0.11629	0.01053	0.01157	0.00788	0.00602	0.00415	0.00191	0.00476	0.00369	0.00424	0.00705

[dist]
# distance from previous block
# <min> <max>
1	12

[block]
# block no. 2 follows, 40 sequences, length 14
# corresponding to MSA columns:
# 428-441
name=unknown_C
#
# <colnr> <probs for GDERKNQSTAVLIFYWHMCP>
#	G	D	E	R	K	N	Q	S	T	A	V	L	I	F	Y	W	H	M	C	P
0	0.00820	0.00667	0.01042	0.01008	0.01139	0.00613	0.09461	0.00986	0.01178	0.01596	0.06676	0.61852	0.03422	0.01556	0.00717	0.00221	0.00417	0.01438	0.00505	0.04686
1	0.01290	0.02440	0.51689	0.01935	0.15883	0.01354	0.01897	0.02010	0.10216	0.03957	0.01248	0.01402	0.00916	0.00579	0.00562	0.00184	0.00770	0.00478	0.00308	0.00882
2	0.02482	0.04976	0.01428	0.01023	0.01479	0.00924	0.00853	0.02706	0.01616	0.68620	0.02153	0.01886	0.01374	0.00693	0.00566	0.00172	0.00498	0.00558	0.00676	0.05317
3	0.01781	0.01424	0.01568	0.01399	0.06233	0.01599	0.01055	0.34136	0.38673	0.02941	0.01862	0.01785	0.01377	0.00732	0.00586	0.00186	0.00553	0.00590	0.00569	0.00951
4	0.00709	0.00506	0.00675	0.00810	0.00843	0.00472	0.00540	0.00810	0.01113	0.01484	0.03205	0.79184	0.03846	0.01822	0.00742	0.00236	0.00337	0.01653	0.00540	0.00472
5	0.01222	0.01222	0.01999	0.20627	0.06583	0.01515	0.12633	0.01481	0.01070	0.01526	0.01052	0.05828	0.00969	0.00845	0.01249	0.00225	0.38400	0.00604	0.00280	0.00669
6	0.00711	0.00533	0.00662	0.00762	0.00841	0.00484	0.00528	0.00829	0.01175	0.01515	0.03890	0.57841	0.22267	0.01725	0.00730	0.00227	0.00333	0.03927	0.00540	0.00479
7	0.02545	0.01080	0.04713	0.01062	0.01531	0.00877	0.00913	0.02790	0.01645	0.73006	0.02238	0.01946	0.01408	0.00712	0.00583	0.00180	0.00511	0.00578	0.00699	0.00984
8	0.01377	0.12133	0.59098	0.01506	0.02275	0.01410	0.01862	0.01942	0.01272	0.10216	0.01157	0.01277	0.00817	0.00565	0.00534	0.00176	0.00789	0.00433	0.00300	0.00860
9	0.00691	0.00576	0.00603	0.00625	0.00795	0.00488	0.00458	0.00831	0.01291	0.01557	0.05453	0.17594	0.63985	0.01530	0.00696	0.00203	0.00302	0.01297	0.00540	0.00488
10	0.11241	0.06288	0.50855	0.01399	0.02110	0.01333	0.01671	0.01849	0.05401	0.01951	0.01078	0.01230	0.00798	0.00548	0.00509	0.00170	0.00726	0.00413	0.00291	0.10140
11	0.01580	0.58405	0.05603	0.01048	0.01558	0.02030	0.01020	0.10502	0.01375	0.01726	0.00915	0.01032	0.00788	0.00517	0.00412	0.00129	0.00612	0.00345	0.00300	0.10104
12	0.00907	0.00653	0.00889	0.00990	0.01123	0.00642	0.00845	0.01159	0.01356	0.01777	0.11409	0.06160	0.07679	0.04199	0.00857	0.00264	0.00493	0.57528	0.00541	0.00528
13	0.01441	0.00995	0.01238	0.00974	0.01369	0.00869	0.02700	0.10384	0.01506	0.13490	0.09546	0.10924	0.01877	0.00785	0.00554	0.00147	0.00456	0.02665	0.00489	0.37591

[dist]
# distance from previous block
# <min> <max>
2	14

[block]
# block no. 3 follows, 40 sequences, length 15
# corresponding to MSA columns:
# 457-471
name=unknown_D
#
# <colnr> <probs for GDERKNQSTAVLIFYWHMCP>
#	G	D	E	R	K	N	Q	S	T	A	V	L	I	F	Y	W	H	M	C	P
0	0.01310	0.01891	0.34913	0.01405	0.01941	0.01179	0.05492	0.10837	0.01403	0.07029	0.01505	0.04710	0.01264	0.01446	0.15602	0.00338	0.00908	0.05684	0.00368	0.00777
1	0.01320	0.01056	0.01215	0.00952	0.01363	0.00932	0.00747	0.16608	0.01510	0.02187	0.01535	0.16506	0.01472	0.00759	0.00523	0.00134	0.00456	0.00638	0.00433	0.49653
2	0.01414	0.01511	0.02051	0.38253	0.19219	0.16192	0.09729	0.01758	0.01317	0.01607	0.01037	0.01430	0.00814	0.00561	0.00581	0.00181	0.00833	0.00508	0.00277	0.00727
3	0.00855	0.00632	0.00834	0.00793	0.00933	0.00627	0.00602	0.01183	0.05069	0.02145	0.57570	0.03835	0.04517	0.01790	0.15666	0.00331	0.00535	0.00949	0.00573	0.00561
4	0.00808	0.00550	0.00654	0.00691	0.00703	0.00544	0.00414	0.00842	0.00920	0.01230	0.02192	0.23974	0.02558	0.56410	0.04642	0.00487	0.00534	0.01055	0.00401	0.00390
5	0.05915	0.01175	0.01227	0.01096	0.01421	0.01327	0.00857	0.05228	0.57843	0.04906	0.02629	0.02442	0.09722	0.00844	0.00589	0.00195	0.00449	0.00694	0.00577	0.00863
6	0.01967	0.00866	0.01137	0.00942	0.01254	0.00787	0.00742	0.02214	0.04548	0.47868	0.07787	0.02835	0.02020	0.16248	0.01072	0.00262	0.00493	0.05537	0.00624	0.00798
7	0.36089	0.22309	0.01706	0.01027	0.01437	0.10863	0.00879	0.15938	0.01462	0.02343	0.00935	0.01042	0.00745	0.00567	0.00427	0.00160	0.00605	0.00362	0.00367	0.00736
8	0.03292	0.02969	0.01708	0.12733	0.02077	0.02957	0.06334	0.29518	0.12102	0.02579	0.01357	0.01477	0.01017	0.00617	0.00551	0.00163	0.00623	0.00507	0.00451	0.16968
9	0.06966	0.01618	0.31450	0.01278	0.04803	0.00949	0.01271	0.01372	0.01173	0.01745	0.03379	0.27434	0.02128	0.05371	0.00755	0.00228	0.00598	0.06433	0.00388	0.00659
10	0.01215	0.01998	0.35861	0.01651	0.02231	0.01257	0.21736	0.01720	0.01242	0.01879	0.01227	0.01510	0.00927	0.00593	0.00660	0.00183	0.06406	0.00529	0.16414	0.00760
11	0.01357	0.01226	0.01953	0.50534	0.03349	0.01435	0.10355	0.15718	0.01484	0.01955	0.01110	0.01510	0.00830	0.00612	0.00652	0.00193	0.04133	0.00539	0.00326	0.00730
12	0.00823	0.00594	0.00777	0.00732	0.00869	0.00549	0.00549	0.01097	0.01646	0.02332	0.75629	0.04344	0.05487	0.01189	0.00686	0.00183	0.00274	0.01052	0.00640	0.00549
13	0.01977	0.01378	0.06553	0.01197	0.01631	0.01331	0.01024	0.24910	0.22131	0.24574	0.05625	0.01917	0.01547	0.00744	0.00589	0.00183	0.00544	0.00599	0.00605	0.00939
14	0.01382	0.00630	0.00700	0.00638	0.00835	0.00603	0.00494	0.01644	0.01307	0.16683	0.01975	0.02131	0.01481	0.00686	0.00441	0.00144	0.00315	0.00550	0.66730	0.00630

[dist]
# distance from previous block
# <min> <max>
0	1

[block]
# block no. 4 follows, 40 sequences, length 8
# corresponding to MSA columns:
# 473-480
name=unknown_E
#
# <colnr> <probs for GDERKNQSTAVLIFYWHMCP>
#	G	D	E	R	K	N	Q	S	T	A	V	L	I	F	Y	W	H	M	C	P
0	0.01045	0.00853	0.01072	0.12328	0.01492	0.04357	0.00807	0.01256	0.01293	0.04961	0.20168	0.23406	0.05408	0.03248	0.00805	0.00204	0.06640	0.00967	0.00471	0.09218
1	0.01625	0.00973	0.01202	0.00919	0.01353	0.00809	0.00737	0.01953	0.05533	0.26215	0.11373	0.01926	0.01712	0.00645	0.00524	0.00136	0.00433	0.00534	0.00520	0.40881
2	0.01206	0.01034	0.01206	0.00861	0.01378	0.00775	0.00689	0.01464	0.01206	0.01895	0.01034	0.01206	0.00861	0.00431	0.00431	0.00086	0.00431	0.00345	0.00345	0.83118
3	0.01349	0.01234	0.02215	0.23335	0.12761	0.01354	0.21622	0.01693	0.01225	0.07561	0.01178	0.01585	0.00925	0.00899	0.06366	0.00253	0.12818	0.00576	0.00312	0.00739
4	0.72808	0.01141	0.00915	0.00820	0.01176	0.01323	0.00668	0.01892	0.10752	0.02586	0.01015	0.01106	0.00781	0.00573	0.00391	0.00182	0.00451	0.00360	0.00391	0.00668
5	0.01005	0.00902	0.01422	0.04393	0.10779	0.00987	0.07735	0.01207	0.01175	0.01642	0.09575	0.35589	0.02621	0.01257	0.00943	0.00221	0.16437	0.01081	0.00426	0.00606
6	0.01206	0.01034	0.01206	0.00861	0.01378	0.00775	0.00689	0.01464	0.01206	0.01895	0.01034	0.01206	0.00861	0.00431	0.00431	0.00086	0.00431	0.00345	0.00345	0.83118
7	0.01246	0.08415	0.42246	0.01447	0.02135	0.01319	0.06819	0.01868	0.07962	0.01871	0.01153	0.01310	0.00870	0.00539	0.00525	0.00160	0.00720	0.00441	0.00302	0.18650

[dist]
# distance from previous block
# <min> <max>
10	26

[block]
# block no. 5 follows, 40 sequences, length 16
# corresponding to MSA columns:
# 507-522
name=unknown_F
#
# <colnr> <probs for GDERKNQSTAVLIFYWHMCP>
#	G	D	E	R	K	N	Q	S	T	A	V	L	I	F	Y	W	H	M	C	P
0	0.00810	0.00545	0.00650	0.00691	0.00701	0.00534	0.00413	0.00832	0.00923	0.01231	0.02217	0.26324	0.02597	0.53757	0.02273	0.03141	0.00494	0.01077	0.00405	0.00385
1	0.02003	0.01176	0.01276	0.01040	0.01398	0.05808	0.00836	0.19823	0.08775	0.29291	0.04185	0.01910	0.01455	0.00719	0.00547	0.00169	0.00508	0.00569	0.17653	0.00857
2	0.05660	0.02732	0.01454	0.06895	0.01724	0.11038	0.00938	0.22280	0.04988	0.02363	0.03069	0.01441	0.02259	0.00598	0.00510	0.00142	0.00595	0.00456	0.00420	0.30436
3	0.01080	0.00902	0.00979	0.00905	0.01149	0.00956	0.00694	0.01965	0.36137	0.02167	0.21604	0.03666	0.23301	0.01079	0.00642	0.00193	0.00368	0.00914	0.00589	0.00708
4	0.01924	0.01398	0.11324	0.01232	0.01669	0.01205	0.03147	0.17172	0.08682	0.30367	0.06589	0.05117	0.01594	0.00786	0.00669	0.00188	0.04848	0.00632	0.00566	0.00891
5	0.22818	0.02380	0.50313	0.01549	0.05883	0.01344	0.04321	0.01805	0.01175	0.02047	0.00990	0.01177	0.00723	0.00545	0.00508	0.00183	0.00748	0.00413	0.00279	0.00800
6	0.32906	0.04822	0.05588	0.01234	0.05220	0.05069	0.01006	0.31008	0.01780	0.04681	0.01115	0.01197	0.00826	0.00609	0.00485	0.00174	0.00597	0.00425	0.00441	0.00818
7	0.18572	0.63585	0.02593	0.00947	0.01416	0.02094	0.00919	0.01735	0.01142	0.01625	0.00809	0.00935	0.00722	0.00506	0.00370	0.00136	0.00586	0.00312	0.00272	0.00722
8	0.06357	0.01307	0.01507	0.01170	0.01616	0.01350	0.00964	0.35805	0.06186	0.34893	0.01808	0.01668	0.01209	0.00705	0.00573	0.00178	0.00558	0.00547	0.00631	0.00968
9	0.66526	0.01030	0.00872	0.00828	0.01141	0.01173	0.00693	0.01605	0.01062	0.02429	0.01280	0.02108	0.01193	0.00761	0.00452	0.00198	0.00468	0.15175	0.00396	0.00610
10	0.01070	0.00809	0.01047	0.00877	0.01158	0.00723	0.04223	0.01438	0.07325	0.06705	0.35647	0.03425	0.14294	0.00979	0.00619	0.00166	0.00373	0.00853	0.00548	0.17720
11	0.00802	0.00612	0.00844	0.00844	0.00961	0.00668	0.00645	0.00984	0.01010	0.01382	0.02473	0.03065	0.16881	0.08430	0.56779	0.00759	0.01234	0.00762	0.00361	0.00503
12	0.01381	0.01224	0.01387	0.01234	0.01485	0.01474	0.00976	0.02647	0.56150	0.02214	0.05436	0.02085	0.01738	0.00855	0.00869	0.00208	0.16624	0.00645	0.00524	0.00844
13	0.01084	0.00542	0.00542	0.00542	0.00678	0.00542	0.00407	0.01355	0.01220	0.02168	0.01897	0.02168	0.01491	0.00678	0.00407	0.00136	0.00271	0.00542	0.82791	0.00542
14	0.01454	0.01066	0.01468	0.01249	0.01364	0.01325	0.01020	0.01618	0.01169	0.17063	0.13101	0.02049	0.01732	0.05298	0.01497	0.00245	0.45553	0.00630	0.00418	0.00680
15	0.02215	0.00889	0.01210	0.00988	0.01352	0.00775	0.00789	0.02415	0.01550	0.60826	0.02483	0.17979	0.01938	0.00948	0.00617	0.00192	0.00462	0.00806	0.00682	0.00882

[dist]
# distance from previous block
# <min> <max>
0	7

[block]
# block no. 6 follows, 40 sequences, length 15
# corresponding to MSA columns:
# 530-544
name=unknown_G
#
# <colnr> <probs for GDERKNQSTAVLIFYWHMCP>
#	G	D	E	R	K	N	Q	S	T	A	V	L	I	F	Y	W	H	M	C	P
0	0.01159	0.01046	0.01544	0.26804	0.08367	0.01194	0.04736	0.01700	0.16040	0.01755	0.01962	0.18195	0.04457	0.00966	0.00751	0.00213	0.07169	0.00829	0.00410	0.00704
1	0.01261	0.01353	0.02813	0.07127	0.02704	0.01287	0.54967	0.01660	0.01329	0.01795	0.01579	0.16182	0.01462	0.00768	0.00703	0.00209	0.00855	0.00866	0.00349	0.00732
2	0.01618	0.27912	0.30882	0.01383	0.01995	0.09059	0.01483	0.15422	0.01555	0.02017	0.01051	0.01190	0.00819	0.00588	0.00510	0.00165	0.00768	0.00414	0.00326	0.00844
3	0.00798	0.00578	0.00745	0.00783	0.00878	0.00531	0.00554	0.00977	0.01405	0.01934	0.38808	0.38575	0.08203	0.01510	0.00724	0.00214	0.00316	0.01342	0.00599	0.00528
4	0.01777	0.07069	0.01601	0.01323	0.01632	0.33933	0.01029	0.05149	0.27772	0.01901	0.01700	0.01731	0.04758	0.00752	0.00643	0.00180	0.05298	0.00537	0.00431	0.00784
5	0.00781	0.00612	0.00674	0.00659	0.00816	0.00537	0.00477	0.00937	0.01378	0.01766	0.25655	0.05030	0.45744	0.11173	0.00984	0.00244	0.00334	0.01135	0.00555	0.00508
6	0.01432	0.01230	0.01315	0.01143	0.01509	0.01336	0.00890	0.02798	0.60697	0.02357	0.02142	0.02028	0.01629	0.00742	0.00575	0.00182	0.00466	0.00608	0.00555	0.16368
7	0.00831	0.00618	0.00766	0.00727	0.00878	0.00558	0.00543	0.01072	0.01603	0.02215	0.62188	0.04607	0.18676	0.01260	0.00699	0.00191	0.00290	0.01092	0.00631	0.00555
8	0.02415	0.01061	0.01364	0.01084	0.01512	0.00984	0.00880	0.02897	0.15429	0.62112	0.02333	0.02055	0.01530	0.00753	0.00599	0.00189	0.00499	0.00608	0.00705	0.00991
9	0.01665	0.01187	0.01320	0.01169	0.01511	0.01305	0.00922	0.02945	0.56480	0.16293	0.02420	0.02430	0.01830	0.00844	0.00616	0.00204	0.00482	0.04828	0.00622	0.00926
10	0.01072	0.00749	0.00976	0.00944	0.04343	0.00703	0.00686	0.06031	0.01635	0.06678	0.51176	0.07433	0.04262	0.01100	0.00660	0.00182	0.00356	0.04359	0.00596	0.06060
11	0.01206	0.01034	0.01206	0.00861	0.01378	0.00775	0.00689	0.01464	0.01206	0.01895	0.01034	0.01206	0.00861	0.00431	0.00431	0.00086	0.00431	0.00345	0.00345	0.83118
12	0.01275	0.01551	0.18839	0.07163	0.09522	0.01257	0.01300	0.05281	0.27739	0.02181	0.12662	0.02297	0.01951	0.00779	0.00602	0.00191	0.00583	0.03546	0.00460	0.00818
13	0.01010	0.00505	0.00758	0.00758	0.00758	0.00505	0.00505	0.00758	0.00758	0.01010	0.01010	0.01768	0.01010	0.02020	0.02273	0.83081	0.00505	0.00505	0.00253	0.00253
14	0.00745	0.00534	0.00708	0.00785	0.00852	0.00497	0.00543	0.00902	0.01284	0.01756	0.26435	0.55178	0.04372	0.01619	0.00724	0.00219	0.00317	0.01460	0.00572	0.00497

[dist]
# distance from previous block
# <min> <max>
0	1

[block]
# block no. 7 follows, 40 sequences, length 37
# corresponding to MSA columns:
# 546-582
name=unknown_H
#
# <colnr> <probs for GDERKNQSTAVLIFYWHMCP>
#	G	D	E	R	K	N	Q	S	T	A	V	L	I	F	Y	W	H	M	C	P
0	0.01361	0.01280	0.02162	0.08091	0.62974	0.01296	0.01679	0.01701	0.01315	0.01855	0.01311	0.02017	0.01182	0.00644	0.00601	0.00185	0.00679	0.08492	0.00314	0.00860
1	0.01206	0.01034	0.01206	0.00861	0.01378	0.00775	0.00689	0.01464	0.01206	0.01895	0.01034	0.01206	0.00861	0.00431	0.00431	0.00086	0.00431	0.00345	0.00345	0.83118
2	0.01336	0.01378	0.05348	0.02174	0.14462	0.01263	0.38990	0.01828	0.06125	0.05177	0.10686	0.05388	0.01673	0.00673	0.00655	0.00191	0.00757	0.00731	0.00383	0.00784
3	0.01517	0.72518	0.10115	0.01059	0.01591	0.02210	0.01106	0.01751	0.01186	0.01414	0.00831	0.00961	0.00745	0.00503	0.00390	0.00130	0.00645	0.00322	0.00248	0.00757
4	0.02161	0.01604	0.01717	0.01328	0.01785	0.01780	0.01093	0.69425	0.07385	0.03585	0.01459	0.01446	0.01040	0.00704	0.00582	0.00176	0.00628	0.00532	0.00582	0.00985
5	0.01429	0.01520	0.02709	0.06075	0.02583	0.06346	0.45726	0.08085	0.01426	0.01894	0.01252	0.06478	0.01054	0.00668	0.00808	0.00200	0.09982	0.00684	0.00329	0.00750
6	0.00738	0.00527	0.00709	0.00843	0.00890	0.00498	0.00591	0.00861	0.01142	0.01517	0.03189	0.69829	0.03782	0.01794	0.00750	0.00240	0.00363	0.10717	0.00539	0.00480
7	0.01166	0.03008	0.76550	0.01657	0.02517	0.01351	0.02149	0.01842	0.01228	0.01842	0.01044	0.01228	0.00737	0.00552	0.00552	0.00184	0.00859	0.00430	0.00246	0.00859
8	0.01166	0.03008	0.76550	0.01657	0.02517	0.01351	0.02149	0.01842	0.01228	0.01842	0.01044	0.01228	0.00737	0.00552	0.00552	0.00184	0.00859	0.00430	0.00246	0.00859
9	0.79627	0.01150	0.00899	0.00793	0.01158	0.01329	0.00653	0.05298	0.01076	0.02661	0.00839	0.00967	0.00648	0.00548	0.00371	0.00180	0.00459	0.00325	0.00371	0.00648
10	0.01412	0.01354	0.02311	0.09608	0.70112	0.01374	0.01771	0.01760	0.01311	0.01866	0.01089	0.01448	0.00909	0.00523	0.00576	0.00174	0.00698	0.00518	0.00285	0.00899
11	0.01291	0.01031	0.01215	0.00872	0.01385	0.00780	0.00699	0.01547	0.01234	0.06408	0.01110	0.01253	0.00896	0.00448	0.00440	0.00092	0.00435	0.00359	0.00367	0.78139
12	0.83671	0.01125	0.00855	0.00765	0.01125	0.01305	0.00630	0.01709	0.00990	0.02609	0.00810	0.00945	0.00630	0.00540	0.00360	0.00180	0.00450	0.00315	0.00360	0.00630
13	0.00834	0.00609	0.00861	0.00861	0.00940	0.00687	0.00635	0.00991	0.00913	0.01296	0.01625	0.02657	0.01615	0.22762	0.59079	0.00844	0.01314	0.00678	0.00322	0.00478
14	0.00709	0.00506	0.00675	0.00810	0.00843	0.00472	0.00540	0.00810	0.01113	0.01484	0.03205	0.79184	0.03846	0.01822	0.00742	0.00236	0.00337	0.01653	0.00540	0.00472
15	0.01259	0.05500	0.01795	0.01460	0.01493	0.01741	0.01222	0.01395	0.00909	0.01395	0.00817	0.01319	0.00807	0.01205	0.06683	0.00291	0.69310	0.00506	0.00258	0.00635
16	0.01084	0.00542	0.00542	0.00542	0.00678	0.00542	0.00407	0.01355	0.01220	0.02168	0.01897	0.02168	0.01491	0.00678	0.00407	0.00136	0.00271	0.00542	0.82791	0.00542
17	0.00878	0.00748	0.01117	0.01086	0.01154	0.00824	0.06276	0.01014	0.01086	0.01495	0.02537	0.56885	0.02972	0.01551	0.00983	0.00237	0.16825	0.01339	0.00461	0.00531
18	0.01846	0.01276	0.01413	0.01185	0.01568	0.01400	0.00946	0.17966	0.44688	0.17839	0.02148	0.01968	0.01541	0.00756	0.00588	0.00189	0.00505	0.00614	0.00616	0.00949
19	0.01323	0.01568	0.08253	0.14128	0.11468	0.01425	0.49435	0.01795	0.01325	0.01808	0.01136	0.01527	0.00860	0.00512	0.00648	0.00192	0.00907	0.00623	0.00284	0.00784
20	0.02609	0.00990	0.01350	0.01035	0.01484	0.00855	0.00855	0.02834	0.01664	0.76338	0.02294	0.01979	0.01439	0.00720	0.00585	0.00180	0.00495	0.00585	0.00720	0.00990
21	0.01756	0.01646	0.01471	0.01278	0.01622	0.18253	0.01000	0.19226	0.38719	0.02446	0.01782	0.01748	0.01352	0.00885	0.03982	0.00214	0.00681	0.00562	0.00512	0.00864
22	0.01092	0.00913	0.01084	0.00850	0.01256	0.00706	0.00655	0.01315	0.01185	0.01801	0.01530	0.19036	0.01544	0.00749	0.00502	0.00120	0.00409	0.00644	0.00389	0.64221
23	0.01396	0.01881	0.21449	0.02867	0.46009	0.04827	0.09507	0.01832	0.01319	0.01859	0.01081	0.01381	0.00862	0.00528	0.00579	0.00177	0.00781	0.00507	0.00278	0.00880
24	0.01206	0.01034	0.01206	0.00861	0.01378	0.00775	0.00689	0.01464	0.01206	0.01895	0.01034	0.01206	0.00861	0.00431	0.00431	0.00086	0.00431	0.00345	0.00345	0.83118
25	0.01327	0.01537	0.13518	0.01278	0.01677	0.06150	0.05491	0.02397	0.40830	0.02149	0.07877	0.02449	0.06887	0.00824	0.00607	0.00193	0.00571	0.02925	0.00497	0.00816
26	0.00816	0.00594	0.00768	0.00724	0.00865	0.00546	0.00543	0.01084	0.01630	0.02294	0.72113	0.04407	0.09027	0.01203	0.00686	0.00184	0.00275	0.01061	0.00635	0.00546
27	0.01208	0.00977	0.01063	0.00949	0.01216	0.01040	0.00737	0.11106	0.29871	0.02361	0.21481	0.03428	0.20100	0.01040	0.00637	0.00191	0.00397	0.00874	0.00590	0.00734
28	0.01010	0.00505	0.00758	0.00758	0.00758	0.00505	0.00505	0.00758	0.00758	0.01010	0.01010	0.01768	0.01010	0.02020	0.02273	0.83081	0.00505	0.00505	0.00253	0.00253
29	0.00843	0.00620	0.00895	0.00908	0.01001	0.00700	0.00698	0.01029	0.00963	0.01359	0.01744	0.02907	0.01728	0.14042	0.59886	0.00820	0.01325	0.07694	0.00339	0.00499
30	0.01098	0.01034	0.01744	0.78165	0.04005	0.01292	0.01615	0.01486	0.01163	0.01486	0.01034	0.01550	0.00775	0.00581	0.00581	0.00194	0.00775	0.00517	0.00258	0.00646
31	0.02175	0.02701	0.01654	0.01488	0.01798	0.72562	0.01122	0.06757	0.01715	0.01562	0.00930	0.01070	0.00764	0.00605	0.00528	0.00151	0.01023	0.00384	0.00317	0.00694
32	0.18863	0.01463	0.02308	0.01744	0.02205	0.05594	0.37551	0.09462	0.06165	0.02200	0.01306	0.06134	0.01070	0.00629	0.00595	0.00190	0.00764	0.00630	0.00373	0.00757
33	0.01252	0.01228	0.01245	0.01223	0.01425	0.19346	0.05360	0.01505	0.01448	0.01733	0.10043	0.04683	0.02789	0.01250	0.00716	0.00226	0.00660	0.42808	0.00474	0.00586
34	0.04643	0.05834	0.01010	0.00850	0.01069	0.00770	0.00644	0.04712	0.01264	0.01783	0.06569	0.38892	0.07261	0.01271	0.00625	0.00188	0.00397	0.04174	0.00480	0.17562
35	0.00696	0.00585	0.00604	0.00609	0.00793	0.00493	0.00453	0.00847	0.01331	0.01606	0.09424	0.09596	0.68023	0.01477	0.00690	0.00198	0.00296	0.01242	0.00545	0.00493
36	0.07329	0.01563	0.01751	0.01393	0.01827	0.01684	0.05563	0.50286	0.11135	0.03288	0.01825	0.03276	0.04555	0.00830	0.00641	0.00206	0.00650	0.00632	0.00590	0.00977

[dist]
# distance from previous block
# <min> <max>
0	1

[block]
# block no. 8 follows, 40 sequences, length 46
# corresponding to MSA columns:
# 584-629
name=unknown_I
#
# <colnr> <probs for GDERKNQSTAVLIFYWHMCP>
#	G	D	E	R	K	N	Q	S	T	A	V	L	I	F	Y	W	H	M	C	P
0	0.01227	0.08098	0.65096	0.01782	0.08722	0.01423	0.02041	0.01837	0.01240	0.01824	0.01043	0.01241	0.00764	0.00553	0.00547	0.00181	0.00832	0.00433	0.00253	0.00862
1	0.01565	0.79782	0.03051	0.01002	0.01500	0.02305	0.00999	0.01748	0.01188	0.01379	0.00820	0.00949	0.00757	0.00505	0.00378	0.00126	0.00625	0.00315	0.00253	0.00752
2	0.07567	0.01469	0.01553	0.01217	0.01639	0.01610	0.00998	0.59689	0.02455	0.03368	0.05045	0.01858	0.07330	0.00780	0.00585	0.00179	0.00586	0.00594	0.00569	0.00909
3	0.01109	0.01041	0.01751	0.78037	0.04008	0.01298	0.01618	0.01493	0.01170	0.01496	0.01045	0.01565	0.00786	0.00589	0.00586	0.00196	0.00778	0.00520	0.00262	0.00652
4	0.00856	0.00576	0.00663	0.00663	0.00671	0.00582	0.00383	0.00867	0.00859	0.01154	0.01823	0.03713	0.02078	0.74322	0.08008	0.00590	0.00635	0.00833	0.00353	0.00370
5	0.01257	0.02539	0.54826	0.02220	0.23897	0.01365	0.02045	0.01832	0.01263	0.01868	0.01069	0.01305	0.00801	0.00550	0.00564	0.00183	0.00813	0.00459	0.00262	0.00883
6	0.00769	0.00581	0.00707	0.00715	0.00847	0.00521	0.00520	0.00963	0.01437	0.01924	0.38518	0.21657	0.25861	0.01422	0.00703	0.00201	0.00299	0.01242	0.00591	0.00520
7	0.01433	0.00988	0.01096	0.00932	0.01128	0.01050	0.00673	0.28193	0.01592	0.04983	0.01686	0.02787	0.01651	0.44006	0.04959	0.00420	0.00633	0.00710	0.00454	0.00627
8	0.01498	0.01594	0.15275	0.02161	0.31536	0.01245	0.01451	0.08747	0.02883	0.07023	0.01215	0.01407	0.00942	0.00547	0.00543	0.00158	0.00641	0.00472	0.00360	0.20301
9	0.02182	0.02776	0.01655	0.01505	0.01805	0.77100	0.01128	0.02328	0.01654	0.01434	0.00910	0.01064	0.00760	0.00607	0.00529	0.00152	0.01051	0.00378	0.00303	0.00680
10	0.83536	0.01132	0.00863	0.00772	0.01133	0.01310	0.00635	0.01716	0.00997	0.02618	0.00821	0.00960	0.00641	0.00547	0.00365	0.00182	0.00454	0.00319	0.00364	0.00635
11	0.01457	0.01256	0.01322	0.01190	0.01520	0.01452	0.00925	0.03095	0.74762	0.02441	0.02376	0.02183	0.01784	0.00796	0.00596	0.00199	0.00464	0.00661	0.00595	0.00926
12	0.00720	0.00515	0.00683	0.00817	0.00852	0.00479	0.00545	0.00818	0.01120	0.01495	0.03212	0.79061	0.03851	0.01827	0.00747	0.00238	0.00341	0.01655	0.00543	0.00478
13	0.01138	0.01071	0.01803	0.71667	0.10151	0.01305	0.01633	0.01519	0.01183	0.01532	0.01050	0.01556	0.00798	0.00583	0.00586	0.00194	0.00771	0.00520	0.00265	0.00675
14	0.00699	0.00598	0.00598	0.00597	0.00794	0.00498	0.00447	0.00843	0.01332	0.01581	0.05893	0.05604	0.75578	0.01479	0.00692	0.00198	0.00299	0.01230	0.00543	0.00497
15	0.02057	0.02583	0.01572	0.01446	0.01723	0.70546	0.01078	0.02199	0.01608	0.01439	0.01107	0.07736	0.01024	0.00711	0.00548	0.00159	0.00991	0.00487	0.00324	0.00663
16	0.02120	0.02192	0.01705	0.01443	0.01784	0.40525	0.01133	0.30883	0.02023	0.02327	0.01097	0.01222	0.00857	0.00682	0.00670	0.00171	0.07502	0.00449	0.00412	0.00802
17	0.00835	0.00603	0.00786	0.00739	0.00877	0.00556	0.00554	0.01106	0.01652	0.02341	0.75508	0.04354	0.05489	0.01195	0.00690	0.00185	0.00278	0.01054	0.00643	0.00555
18	0.01177	0.03012	0.76425	0.01664	0.02523	0.01356	0.02151	0.01848	0.01235	0.01851	0.01055	0.01243	0.00747	0.00560	0.00557	0.00186	0.00863	0.00433	0.00249	0.00865
19	0.00835	0.00603	0.00786	0.00739	0.00877	0.00556	0.00554	0.01106	0.01652	0.02341	0.75508	0.04354	0.05489	0.01195	0.00690	0.00185	0.00278	0.01054	0.00643	0.00555
20	0.00842	0.00631	0.00943	0.00942	0.01047	0.00733	0.00732	0.01047	0.00942	0.01361	0.01568	0.02298	0.01463	0.04362	0.77128	0.00935	0.01560	0.00626	0.00315	0.00525
21	0.01565	0.79782	0.03051	0.01002	0.01500	0.02305	0.00999	0.01748	0.01188	0.01379	0.00820	0.00949	0.00757	0.00505	0.00378	0.00126	0.00625	0.00315	0.00253	0.00752
22	0.72675	0.01147	0.00949	0.00824	0.01197	0.01299	0.00678	0.05521	0.01142	0.08746	0.00974	0.01069	0.00726	0.00570	0.00395	0.00182	0.00467	0.00352	0.00405	0.00684
23	0.01375	0.01290	0.01675	0.01399	0.01717	0.03159	0.12903	0.02468	0.45333	0.02120	0.02244	0.02237	0.07798	0.00830	0.00786	0.00205	0.10456	0.00689	0.00492	0.00825
24	0.00977	0.00623	0.00830	0.00829	0.00918	0.00621	0.00608	0.01110	0.07425	0.01602	0.20011	0.06361	0.05942	0.01632	0.01426	0.38171	0.00436	0.09593	0.00440	0.00443
25	0.00844	0.00627	0.00919	0.00918	0.01015	0.00721	0.00702	0.01032	0.00935	0.01343	0.01589	0.02417	0.01515	0.10264	0.71297	0.00906	0.01482	0.00644	0.00319	0.00512
26	0.09334	0.01167	0.01747	0.47609	0.08017	0.01347	0.04311	0.10846	0.01406	0.07009	0.01164	0.01510	0.00858	0.00601	0.00569	0.00190	0.00714	0.00513	0.00348	0.00741
27	0.01095	0.00551	0.00551	0.00550	0.00687	0.00549	0.00412	0.01363	0.01226	0.02177	0.01907	0.02182	0.01500	0.00685	0.00411	0.00138	0.00275	0.00545	0.82650	0.00548
28	0.00954	0.01189	0.16825	0.01082	0.01407	0.00801	0.06933	0.01326	0.01536	0.02187	0.52258	0.03522	0.04073	0.01014	0.00665	0.00188	0.00464	0.02408	0.00530	0.00639
29	0.02031	0.01542	0.01646	0.01307	0.01739	0.01720	0.01064	0.56393	0.20529	0.03368	0.01646	0.01602	0.01193	0.00728	0.00589	0.00182	0.00599	0.00560	0.00588	0.00977
30	0.01981	0.01460	0.01810	0.12472	0.13237	0.01592	0.01262	0.46734	0.02214	0.09305	0.01387	0.01489	0.00997	0.00664	0.00586	0.00179	0.00658	0.00530	0.00507	0.00936
31	0.01457	0.01256	0.01322	0.01190	0.01520	0.01452	0.00925	0.03095	0.74762	0.02441	0.02376	0.02183	0.01784	0.00796	0.00596	0.00199	0.00464	0.00661	0.00595	0.00926
32	0.01158	0.06414	0.04649	0.00924	0.01383	0.00876	0.02323	0.01413	0.01234	0.01835	0.04810	0.08002	0.05155	0.00652	0.00493	0.00120	0.00457	0.00542	0.00376	0.57185
33	0.17098	0.01021	0.01268	0.00994	0.01428	0.00941	0.00819	0.02638	0.01550	0.63046	0.02038	0.01808	0.01304	0.00695	0.00549	0.00182	0.00491	0.00540	0.00659	0.00930
34	0.83536	0.01132	0.00863	0.00772	0.01133	0.01310	0.00635	0.01716	0.00997	0.02618	0.00821	0.00960	0.00641	0.00547	0.00365	0.00182	0.00454	0.00319	0.00364	0.00635
35	0.01937	0.01444	0.01848	0.17445	0.02339	0.01586	0.07182	0.45283	0.03669	0.09249	0.01409	0.01523	0.01000	0.00667	0.00595	0.00183	0.00684	0.00547	0.00506	0.00904
36	0.00714	0.00574	0.00634	0.00670	0.00816	0.00496	0.00482	0.00853	0.01292	0.01605	0.09582	0.26616	0.50494	0.01560	0.00707	0.00209	0.00310	0.01340	0.00550	0.00495
37	0.01284	0.09124	0.48203	0.01438	0.02079	0.08138	0.01658	0.01884	0.07345	0.01819	0.06238	0.01623	0.01228	0.04679	0.00675	0.00198	0.00771	0.00501	0.00315	0.00796
38	0.28063	0.01117	0.04091	0.00981	0.01419	0.01022	0.00838	0.02447	0.01441	0.50160	0.01788	0.01639	0.01167	0.00664	0.00517	0.00182	0.00498	0.00497	0.00591	0.00877
39	0.01345	0.01482	0.03122	0.02269	0.02772	0.01442	0.62741	0.01764	0.01302	0.01786	0.01157	0.01587	0.00904	0.00711	0.02996	0.03544	0.07367	0.00666	0.00293	0.00749
40	0.02618	0.00997	0.01357	0.01042	0.01492	0.00861	0.00859	0.02839	0.01670	0.76217	0.02303	0.01993	0.01449	0.00727	0.00589	0.00182	0.00499	0.00588	0.00723	0.00995
41	0.01126	0.01062	0.01795	0.72020	0.09931	0.01299	0.01629	0.01510	0.01176	0.01520	0.01039	0.01541	0.00787	0.00576	0.00581	0.00192	0.00768	0.00517	0.00261	0.00669
42	0.00823	0.00594	0.00777	0.00732	0.00869	0.00549	0.00549	0.01097	0.01646	0.02332	0.75629	0.04344	0.05487	0.01189	0.00686	0.00183	0.00274	0.01052	0.00640	0.00549
43	0.01413	0.01287	0.02349	0.01775	0.02176	0.01296	0.38557	0.01975	0.14631	0.07952	0.01500	0.01891	0.01193	0.07265	0.01040	0.05860	0.06052	0.00662	0.00383	0.00744
44	0.00823	0.00594	0.00777	0.00732	0.00869	0.00549	0.00549	0.01097	0.01646	0.02332	0.75629	0.04344	0.05487	0.01189	0.00686	0.00183	0.00274	0.01052	0.00640	0.00549
45	0.00765	0.00597	0.00910	0.00950	0.01031	0.00558	0.06798	0.00900	0.01135	0.01517	0.03032	0.72556	0.03593	0.01708	0.00737	0.00233	0.00392	0.01571	0.00519	0.00499

[dist]
# distance from previous block
# <min> <max>
0	42

[block]
# block no. 9 follows, 40 sequences, length 23
# corresponding to MSA columns:
# 674-696
name=unknown_J
#
# <colnr> <probs for GDERKNQSTAVLIFYWHMCP>
#	G	D	E	R	K	N	Q	S	T	A	V	L	I	F	Y	W	H	M	C	P
0	0.01555	0.79913	0.03047	0.00995	0.01493	0.02301	0.00995	0.01741	0.01182	0.01368	0.00808	0.00933	0.00746	0.00498	0.00373	0.00124	0.00622	0.00311	0.00249	0.00746
1	0.83671	0.01125	0.00855	0.00765	0.01125	0.01305	0.00630	0.01709	0.00990	0.02609	0.00810	0.00945	0.00630	0.00540	0.00360	0.00180	0.00450	0.00315	0.00360	0.00630
2	0.16704	0.01624	0.01577	0.04620	0.01778	0.09040	0.01045	0.50926	0.02248	0.03162	0.01227	0.01288	0.00892	0.00655	0.00537	0.00174	0.00652	0.00471	0.00500	0.00879
3	0.02011	0.16651	0.08385	0.01302	0.01791	0.09164	0.01164	0.43941	0.02157	0.06123	0.01247	0.01286	0.00918	0.00639	0.00534	0.00164	0.00689	0.00463	0.00469	0.00901
4	0.00730	0.00521	0.00699	0.00834	0.00877	0.00491	0.00577	0.00847	0.01135	0.01509	0.03193	0.72342	0.03799	0.01802	0.00748	0.00239	0.00356	0.08282	0.00539	0.00478
5	0.01354	0.01082	0.01436	0.01033	0.01550	0.00850	0.07830	0.01632	0.01265	0.08905	0.01166	0.01314	0.00918	0.00464	0.00470	0.00106	0.00490	0.00400	0.00375	0.67359
6	0.01387	0.01959	0.33493	0.01268	0.01876	0.04756	0.01365	0.06823	0.01423	0.08238	0.08190	0.01581	0.01296	0.00605	0.00535	0.00154	0.00649	0.00482	0.00376	0.23544
7	0.01087	0.00754	0.01082	0.04773	0.01141	0.00891	0.00766	0.02590	0.00940	0.01317	0.08229	0.01878	0.01373	0.01592	0.01908	0.48676	0.19732	0.00560	0.00298	0.00412
8	0.00810	0.00594	0.00759	0.00718	0.00861	0.00543	0.00538	0.01072	0.01615	0.02258	0.68835	0.04466	0.12327	0.01217	0.00686	0.00184	0.00276	0.01069	0.00630	0.00543
9	0.01453	0.12822	0.15948	0.01478	0.08109	0.01585	0.01268	0.07430	0.35523	0.02160	0.01640	0.01655	0.01255	0.00684	0.00614	0.00183	0.04345	0.00537	0.00434	0.00875
10	0.01525	0.37920	0.02898	0.01560	0.02025	0.01925	0.24520	0.08613	0.01356	0.01750	0.00978	0.01222	0.00815	0.00576	0.00675	0.00168	0.09935	0.00476	0.00296	0.00769
11	0.01829	0.02023	0.01938	0.14638	0.11837	0.36658	0.08137	0.12500	0.01657	0.01863	0.01045	0.01282	0.00823	0.00590	0.00564	0.00168	0.00891	0.00468	0.00332	0.00757
12	0.06185	0.01278	0.01421	0.08373	0.01755	0.10993	0.00969	0.09433	0.01652	0.45279	0.01799	0.01725	0.01204	0.00854	0.04228	0.00213	0.00656	0.00534	0.00571	0.00876
13	0.83671	0.01125	0.00855	0.00765	0.01125	0.01305	0.00630	0.01709	0.00990	0.02609	0.00810	0.00945	0.00630	0.00540	0.00360	0.00180	0.00450	0.00315	0.00360	0.00630
14	0.01463	0.01356	0.01673	0.01385	0.01748	0.06132	0.13917	0.09237	0.41719	0.02278	0.02257	0.05805	0.06749	0.00812	0.00617	0.00194	0.00590	0.00719	0.00513	0.00836
15	0.00720	0.00517	0.00700	0.00822	0.00862	0.00497	0.00558	0.00832	0.01096	0.01471	0.03046	0.71747	0.03615	0.02067	0.08142	0.00304	0.00455	0.01554	0.00518	0.00477
16	0.01294	0.01221	0.01701	0.15116	0.01956	0.01620	0.01270	0.06564	0.04752	0.01669	0.04511	0.01521	0.01057	0.00915	0.01456	0.00232	0.51616	0.00545	0.00313	0.00672
17	0.01016	0.00605	0.00703	0.00673	0.00716	0.00592	0.00401	0.01038	0.00925	0.08401	0.01877	0.03629	0.02049	0.71939	0.02730	0.00527	0.00557	0.00820	0.00388	0.00414
18	0.09688	0.01296	0.01549	0.01271	0.01622	0.04741	0.07873	0.16437	0.18355	0.14993	0.01802	0.09198	0.01452	0.00815	0.00679	0.00194	0.06026	0.00662	0.00519	0.00830
19	0.01280	0.01200	0.01937	0.35880	0.33898	0.01320	0.01577	0.01762	0.08178	0.01768	0.01185	0.01546	0.00935	0.00567	0.00573	0.00180	0.00694	0.00522	0.00306	0.04692
20	0.08835	0.00646	0.00785	0.00735	0.00894	0.00622	0.00557	0.01157	0.01583	0.02359	0.68393	0.04015	0.05017	0.01126	0.00654	0.00183	0.00291	0.00980	0.00613	0.00557
21	0.09451	0.01264	0.01301	0.01154	0.01495	0.01458	0.00905	0.07919	0.62690	0.02536	0.02148	0.01997	0.01609	0.00759	0.00569	0.00194	0.00472	0.00615	0.00569	0.00897
22	0.01098	0.01034	0.01744	0.78165	0.04005	0.01292	0.01615	0.01486	0.01163	0.01486	0.01034	0.01550	0.00775	0.00581	0.00581	0.00194	0.00775	0.00517	0.00258	0.00646

[dist]
# distance from previous block
# <min> <max>
5	14

[block]
# block no. 10 follows, 40 sequences, length 12
# corresponding to MSA columns:
# 711-722
name=unknown_K
#
# <colnr> <probs for GDERKNQSTAVLIFYWHMCP>
#	G	D	E	R	K	N	Q	S	T	A	V	L	I	F	Y	W	H	M	C	P
0	0.01329	0.01427	0.02844	0.02031	0.02601	0.01287	0.54511	0.01758	0.01329	0.01871	0.01139	0.01473	0.00877	0.00474	0.00619	0.00167	0.00835	0.00596	0.00307	0.22526
1	0.62265	0.01089	0.00985	0.00836	0.01220	0.01186	0.00689	0.02006	0.01168	0.22078	0.01202	0.01218	0.00844	0.00587	0.00419	0.00180	0.00462	0.00386	0.00455	0.00725
2	0.01548	0.01912	0.19871	0.02008	0.04835	0.01528	0.35821	0.20903	0.01697	0.02335	0.01201	0.01440	0.00878	0.00560	0.00624	0.00187	0.00854	0.00579	0.00359	0.00860
3	0.00824	0.00706	0.00752	0.00661	0.00942	0.00566	0.00507	0.01001	0.01294	0.01656	0.04608	0.04437	0.55937	0.01198	0.00620	0.00167	0.00330	0.00994	0.00488	0.22310
4	0.01236	0.01158	0.01808	0.40379	0.02963	0.01326	0.11768	0.03871	0.20712	0.01854	0.01696	0.01946	0.05382	0.00678	0.00605	0.00195	0.00690	0.00620	0.00376	0.00739
5	0.02609	0.00990	0.01350	0.01035	0.01484	0.00855	0.00855	0.02834	0.01664	0.76338	0.02294	0.01979	0.01439	0.00720	0.00585	0.00180	0.00495	0.00585	0.00720	0.00990
6	0.01280	0.01232	0.01565	0.01375	0.01426	0.05890	0.01114	0.01480	0.04482	0.03253	0.02956	0.09871	0.01310	0.03329	0.01610	0.00249	0.55962	0.00656	0.00327	0.00632
7	0.00892	0.00581	0.00715	0.00682	0.00818	0.00547	0.00511	0.01165	0.01533	0.02289	0.56159	0.03769	0.04432	0.01054	0.00612	0.00170	0.00273	0.00917	0.22333	0.00547
8	0.01629	0.01491	0.02479	0.01857	0.02294	0.01583	0.34604	0.20970	0.07527	0.05034	0.01305	0.01539	0.00983	0.00661	0.00842	0.00199	0.13157	0.00609	0.00403	0.00833
9	0.00901	0.00555	0.00743	0.00833	0.00908	0.00511	0.00572	0.01015	0.01169	0.09069	0.03113	0.71361	0.03602	0.01710	0.00726	0.00230	0.00353	0.01545	0.00558	0.00525
10	0.01419	0.01148	0.01307	0.01090	0.01437	0.01214	0.00866	0.06342	0.33702	0.06473	0.04122	0.02007	0.05240	0.00755	0.00689	0.00171	0.08358	0.00589	0.00498	0.22572
11	0.00819	0.00566	0.00726	0.00733	0.00843	0.00528	0.00532	0.01048	0.01462	0.02092	0.49034	0.23886	0.04649	0.01304	0.00672	0.00192	0.00291	0.01159	0.08937	0.00528

[dist]
# distance from previous block
# <min> <max>
1	6

[block]
# block no. 11 follows, 40 sequences, length 44
# corresponding to MSA columns:
# 731-774
name=unknown_L
#
# <colnr> <probs for GDERKNQSTAVLIFYWHMCP>
#	G	D	E	R	K	N	Q	S	T	A	V	L	I	F	Y	W	H	M	C	P
0	0.00823	0.00594	0.00777	0.00732	0.00869	0.00549	0.00549	0.01097	0.01646	0.02332	0.75629	0.04344	0.05487	0.01189	0.00686	0.00183	0.00274	0.01052	0.00640	0.00549
1	0.00822	0.00570	0.00714	0.00734	0.00764	0.00590	0.00472	0.00887	0.00907	0.01235	0.01969	0.14618	0.02210	0.49653	0.20785	0.00606	0.00773	0.00911	0.00370	0.00411
2	0.00718	0.00590	0.00631	0.00621	0.00804	0.00504	0.00466	0.00893	0.01397	0.01741	0.21517	0.05316	0.59967	0.01409	0.00687	0.00193	0.00290	0.01188	0.00562	0.00504
3	0.01506	0.01355	0.01465	0.13654	0.01945	0.07530	0.01074	0.11491	0.40627	0.02293	0.05229	0.01935	0.01550	0.00760	0.00659	0.00192	0.04800	0.00605	0.00497	0.00832
4	0.00846	0.00564	0.00634	0.00634	0.00634	0.00564	0.00352	0.00846	0.00846	0.01128	0.01832	0.03805	0.02114	0.79563	0.02960	0.00564	0.00564	0.00846	0.00352	0.00352
5	0.01491	0.01481	0.02310	0.03422	0.70656	0.06783	0.01738	0.01823	0.01347	0.01866	0.01080	0.01411	0.00909	0.00524	0.00572	0.00171	0.00716	0.00508	0.00289	0.00904
6	0.00797	0.00588	0.00771	0.03103	0.00953	0.00550	0.00572	0.01027	0.01490	0.02065	0.52391	0.21099	0.09754	0.01331	0.00695	0.00196	0.00305	0.01182	0.00599	0.00531
7	0.01217	0.02708	0.62875	0.02010	0.16050	0.01356	0.02081	0.01831	0.01246	0.01852	0.01053	0.01267	0.00771	0.00546	0.00557	0.00182	0.00828	0.00446	0.00253	0.00871
8	0.01206	0.01034	0.01206	0.00861	0.01378	0.00775	0.00689	0.01464	0.01206	0.01895	0.01034	0.01206	0.00861	0.00431	0.00431	0.00086	0.00431	0.00345	0.00345	0.83118
9	0.01236	0.16739	0.63427	0.01539	0.02334	0.01520	0.01943	0.01824	0.01220	0.01757	0.01002	0.01175	0.00738	0.00543	0.00520	0.00173	0.00817	0.00409	0.00246	0.00839
10	0.01510	0.06186	0.01771	0.37198	0.02767	0.27141	0.01344	0.01775	0.01303	0.01464	0.00948	0.01304	0.00767	0.00621	0.00678	0.00177	0.08657	0.00450	0.00275	0.03665
11	0.01508	0.01280	0.01349	0.01196	0.01536	0.01475	0.00935	0.08785	0.69090	0.02532	0.02289	0.02107	0.01712	0.00782	0.00591	0.00195	0.00475	0.00647	0.00591	0.00926
12	0.01523	0.01287	0.01358	0.01199	0.01541	0.01482	0.00939	0.10216	0.67634	0.02556	0.02269	0.02092	0.01696	0.00780	0.00591	0.00195	0.00478	0.00644	0.00591	0.00927
13	0.00823	0.00594	0.00777	0.00732	0.00869	0.00549	0.00549	0.01097	0.01646	0.02332	0.75629	0.04344	0.05487	0.01189	0.00686	0.00183	0.00274	0.01052	0.00640	0.00549
14	0.00831	0.00623	0.00935	0.00935	0.01038	0.00727	0.00727	0.01038	0.00935	0.01350	0.01558	0.02285	0.01454	0.04361	0.77259	0.00935	0.01558	0.00623	0.00312	0.00519
