[name]
unknown

[dist]
# distance from previous block
# <min> <max>
0	166

[block]
# block no. 0 follows, 41 sequences, length 8
# corresponding to MSA columns:
# 182-189
name=unknown_A
#
# <colnr> <probs for GDERKNQSTAVLIFYWHMCP>
#	G	D	E	R	K	N	Q	S	T	A	V	L	I	F	Y	W	H	M	C	P
0	0.04395	0.04716	0.01679	0.04606	0.01783	0.01703	0.01067	0.52979	0.13594	0.03136	0.01445	0.01461	0.01055	0.00692	0.00598	0.00176	0.02948	0.00520	0.00530	0.00917
1	0.01005	0.12945	0.01182	0.00823	0.01056	0.00977	0.00662	0.05702	0.03662	0.01666	0.05560	0.11991	0.33647	0.03787	0.03256	0.00219	0.05847	0.00927	0.00452	0.04635
2	0.00877	0.00634	0.00835	0.00839	0.00926	0.00679	0.00603	0.05509	0.01084	0.01498	0.05606	0.20329	0.02283	0.20596	0.34389	0.00596	0.00916	0.00909	0.00399	0.00493
3	0.01417	0.01104	0.01276	0.00929	0.01426	0.00922	0.00750	0.12714	0.01442	0.06408	0.01142	0.01258	0.00899	0.00480	0.00455	0.00103	0.00459	0.00379	0.00396	0.66040
4	0.01186	0.01017	0.01186	0.00847	0.01356	0.00762	0.00678	0.01440	0.01186	0.01864	0.01017	0.01186	0.00847	0.00424	0.00424	0.00085	0.00424	0.00339	0.00339	0.83395
5	0.00883	0.00732	0.05480	0.00798	0.00970	0.00580	0.00639	0.01078	0.01298	0.06305	0.20235	0.26273	0.20065	0.06853	0.00839	0.00229	0.00376	0.05297	0.00533	0.00536
6	0.01067	0.00910	0.01047	0.00795	0.01221	0.00696	0.00625	0.01293	0.01203	0.01785	0.02009	0.05912	0.14944	0.00682	0.00486	0.00112	0.00394	0.00564	0.00384	0.63869
7	0.66800	0.05207	0.00928	0.00771	0.01083	0.01210	0.00625	0.01547	0.01002	0.02332	0.01158	0.12987	0.01111	0.00722	0.00412	0.00183	0.00434	0.00511	0.00375	0.00602

[dist]
# distance from previous block
# <min> <max>
0	2

[block]
# block no. 1 follows, 41 sequences, length 7
# corresponding to MSA columns:
# 192-198
name=unknown_B
#
# <colnr> <probs for GDERKNQSTAVLIFYWHMCP>
#	G	D	E	R	K	N	Q	S	T	A	V	L	I	F	Y	W	H	M	C	P
0	0.02036	0.01598	0.01634	0.01297	0.01721	0.05985	0.01055	0.57390	0.15817	0.03260	0.01519	0.01492	0.01100	0.00697	0.00571	0.00174	0.00620	0.00531	0.00558	0.00943
1	0.01775	0.01365	0.01561	0.01219	0.01658	0.01432	0.04047	0.36264	0.20028	0.05980	0.01563	0.01553	0.01151	0.00648	0.00549	0.00161	0.00553	0.00521	0.00522	0.17451
2	0.00719	0.00513	0.00689	0.00821	0.00864	0.00483	0.00569	0.00834	0.01116	0.01484	0.03141	0.72487	0.03736	0.01772	0.00736	0.00235	0.00351	0.08450	0.00531	0.00471
3	0.01229	0.01188	0.02085	0.51946	0.03459	0.01351	0.18621	0.06201	0.04958	0.01729	0.01137	0.01550	0.00849	0.00568	0.00597	0.00190	0.00786	0.00555	0.00299	0.00702
4	0.01208	0.00698	0.00922	0.00849	0.00932	0.00729	0.00604	0.14128	0.01098	0.01468	0.01063	0.01672	0.00990	0.01751	0.01933	0.68248	0.00521	0.00500	0.00307	0.00380
5	0.20622	0.16354	0.01421	0.00909	0.01266	0.01151	0.00761	0.01964	0.01295	0.31426	0.01801	0.15605	0.01531	0.00822	0.00512	0.00176	0.00473	0.00653	0.00505	0.00753
6	0.75891	0.01155	0.00927	0.00808	0.01172	0.01331	0.00665	0.08841	0.01142	0.02669	0.00853	0.00973	0.00654	0.00546	0.00375	0.00176	0.00461	0.00330	0.00375	0.00654

[dist]
# distance from previous block
# <min> <max>
0	1

[block]
# block no. 2 follows, 41 sequences, length 9
# corresponding to MSA columns:
# 200-208
name=unknown_C
#
# <colnr> <probs for GDERKNQSTAVLIFYWHMCP>
#	G	D	E	R	K	N	Q	S	T	A	V	L	I	F	Y	W	H	M	C	P
0	0.01473	0.01299	0.01959	0.07913	0.41481	0.01399	0.01476	0.15896	0.01523	0.02116	0.01303	0.01926	0.01143	0.00708	0.00718	0.00189	0.08250	0.08032	0.00360	0.00833
1	0.01349	0.01647	0.16849	0.06173	0.52406	0.01355	0.01747	0.01862	0.07522	0.01884	0.01169	0.01440	0.00935	0.00541	0.00563	0.00175	0.00696	0.00504	0.00299	0.00882
2	0.00820	0.00555	0.00655	0.00665	0.00678	0.00562	0.00396	0.00847	0.00861	0.01158	0.01886	0.09703	0.02156	0.66510	0.09752	0.00563	0.00628	0.00875	0.00358	0.00371
3	0.01192	0.10082	0.54893	0.01413	0.02158	0.01308	0.01721	0.01729	0.01199	0.01776	0.01002	0.01175	0.00750	0.00515	0.00503	0.00157	0.00740	0.00395	0.00261	0.17032
4	0.01270	0.12412	0.45450	0.01531	0.02202	0.01478	0.08735	0.02042	0.15753	0.01868	0.01265	0.01385	0.00940	0.00576	0.00541	0.00177	0.00750	0.00476	0.00313	0.00836
5	0.00706	0.00544	0.00646	0.00698	0.00811	0.00484	0.00494	0.00850	0.01260	0.01624	0.15577	0.38369	0.32767	0.01558	0.00700	0.00209	0.00305	0.01367	0.00546	0.00484
6	0.01348	0.01097	0.01256	0.00936	0.01403	0.00941	0.00748	0.15718	0.01475	0.02179	0.01228	0.06398	0.01066	0.00566	0.00473	0.00112	0.00458	0.00458	0.00397	0.61744
7	0.00691	0.00564	0.00611	0.00633	0.00790	0.00484	0.00462	0.00837	0.01288	0.01589	0.10930	0.19929	0.56218	0.01494	0.00687	0.00200	0.00296	0.01275	0.00539	0.00484
8	0.02334	0.00923	0.01246	0.00973	0.01378	0.00799	0.00797	0.02556	0.01620	0.67139	0.08314	0.02305	0.05357	0.00781	0.00588	0.00178	0.00460	0.00643	0.00693	0.00915

[dist]
# distance from previous block
# <min> <max>
0	1

[block]
# block no. 3 follows, 41 sequences, length 7
# corresponding to MSA columns:
# 210-216
name=unknown_D
#
# <colnr> <probs for GDERKNQSTAVLIFYWHMCP>
#	G	D	E	R	K	N	Q	S	T	A	V	L	I	F	Y	W	H	M	C	P
0	0.00693	0.00580	0.00604	0.00598	0.00783	0.00490	0.00448	0.00855	0.01345	0.01643	0.14936	0.05344	0.66895	0.01412	0.00676	0.00191	0.00287	0.01185	0.00544	0.00490
1	0.01329	0.01154	0.01877	0.02771	0.57534	0.01154	0.01419	0.01650	0.01277	0.01934	0.01272	0.01594	0.01045	0.00549	0.00525	0.00161	0.00577	0.00515	0.20849	0.00813
2	0.02566	0.00973	0.01327	0.01018	0.01460	0.00841	0.00841	0.02788	0.01637	0.76726	0.02257	0.01947	0.01416	0.00708	0.00575	0.00177	0.00487	0.00575	0.00708	0.00973
3	0.01765	0.01399	0.01486	0.01233	0.01618	0.01582	0.00988	0.35500	0.42279	0.02944	0.01894	0.01788	0.01394	0.00735	0.00578	0.00184	0.00533	0.00587	0.00578	0.00936
4	0.00857	0.00687	0.00990	0.00982	0.01051	0.00819	0.00756	0.01023	0.00956	0.01369	0.01809	0.21284	0.01905	0.03141	0.46350	0.00641	0.13664	0.00846	0.00353	0.00518
5	0.01917	0.02360	0.01653	0.01481	0.01702	0.58760	0.01142	0.02059	0.01436	0.01394	0.00851	0.01086	0.00740	0.00692	0.00854	0.00173	0.20363	0.00401	0.00284	0.00654
6	0.02167	0.02388	0.01745	0.01625	0.06985	0.52502	0.01177	0.20214	0.01911	0.02061	0.01105	0.01262	0.00889	0.00664	0.00570	0.00171	0.00929	0.00443	0.00392	0.00800

[dist]
# distance from previous block
# <min> <max>
0	2

[block]
# block no. 4 follows, 41 sequences, length 15
# corresponding to MSA columns:
# 219-233
name=unknown_E
#
# <colnr> <probs for GDERKNQSTAVLIFYWHMCP>
#	G	D	E	R	K	N	Q	S	T	A	V	L	I	F	Y	W	H	M	C	P
0	0.01551	0.01292	0.01365	0.01190	0.01536	0.01482	0.00936	0.15182	0.62946	0.02599	0.02166	0.02005	0.01615	0.00761	0.00580	0.00190	0.00483	0.00624	0.00580	0.00917
1	0.01228	0.01581	0.14998	0.11027	0.02392	0.01494	0.23515	0.01583	0.01114	0.01601	0.01019	0.03535	0.00867	0.00737	0.01098	0.00213	0.30454	0.00572	0.00269	0.00704
2	0.00786	0.00562	0.00598	0.00597	0.00754	0.00495	0.00440	0.00909	0.01231	0.01607	0.07200	0.04432	0.51717	0.01370	0.00816	0.10167	0.00310	0.01001	0.14542	0.00465
3	0.01382	0.01572	0.03048	0.02230	0.02712	0.05946	0.59859	0.01796	0.01300	0.01744	0.01085	0.01473	0.00844	0.00560	0.00832	0.00198	0.11758	0.00633	0.00284	0.00745
4	0.01068	0.01027	0.13780	0.00917	0.01201	0.00703	0.00843	0.01384	0.01504	0.11073	0.47875	0.10223	0.03979	0.01063	0.00645	0.00184	0.00399	0.00928	0.00564	0.00637
5	0.15167	0.00819	0.00908	0.00837	0.01060	0.00854	0.00647	0.01649	0.15965	0.06648	0.38037	0.07162	0.04869	0.01001	0.00601	0.00186	0.00356	0.02018	0.00569	0.00645
6	0.01714	0.12047	0.04662	0.01252	0.01600	0.01662	0.01073	0.40577	0.01927	0.02595	0.01390	0.10668	0.01231	0.00841	0.00784	0.00186	0.13906	0.00614	0.00456	0.00816
7	0.01961	0.01083	0.01433	0.14253	0.01874	0.01127	0.01003	0.14901	0.01614	0.36212	0.01687	0.01752	0.01173	0.03159	0.00740	0.00191	0.06987	0.00544	0.04302	0.04001
8	0.01683	0.13349	0.10797	0.02907	0.02794	0.01469	0.01144	0.09705	0.13383	0.18698	0.01581	0.01663	0.02483	0.00733	0.00767	0.00186	0.13894	0.01488	0.00448	0.00828
9	0.20623	0.01535	0.01375	0.17264	0.01933	0.23307	0.01038	0.05988	0.01365	0.01918	0.09930	0.01540	0.01290	0.00686	0.00638	0.00178	0.07907	0.00485	0.00352	0.00647
10	0.01364	0.01433	0.09101	0.13353	0.02483	0.01313	0.29498	0.14044	0.04129	0.03380	0.05214	0.09153	0.01408	0.00711	0.00630	0.00191	0.00743	0.00706	0.00386	0.00759
11	0.01469	0.01188	0.01331	0.01027	0.01472	0.01138	0.00825	0.20822	0.14175	0.02386	0.01357	0.01445	0.01060	0.00729	0.04012	0.00164	0.00533	0.00450	0.00440	0.43978
12	0.01148	0.14180	0.01204	0.00892	0.01071	0.00872	0.00689	0.01286	0.01251	0.10596	0.08896	0.39699	0.03011	0.05490	0.00783	0.00230	0.00438	0.07148	0.00516	0.00602
13	0.01878	0.00998	0.01240	0.00977	0.01352	0.00930	0.00791	0.15690	0.01777	0.34960	0.20771	0.02341	0.02280	0.00788	0.00582	0.00166	0.00451	0.00653	0.00618	0.10758
14	0.01059	0.00967	0.01560	0.60097	0.03248	0.01205	0.01391	0.01378	0.01104	0.01462	0.01197	0.06765	0.01043	0.04152	0.00800	0.00213	0.07966	0.00596	0.03190	0.00607

[dist]
# distance from previous block
# <min> <max>
0	1

[block]
# block no. 5 follows, 41 sequences, length 7
# corresponding to MSA columns:
# 235-241
name=unknown_F
#
# <colnr> <probs for GDERKNQSTAVLIFYWHMCP>
#	G	D	E	R	K	N	Q	S	T	A	V	L	I	F	Y	W	H	M	C	P
0	0.01498	0.01003	0.01267	0.01120	0.01324	0.01130	0.00882	0.07978	0.14463	0.18640	0.02094	0.23522	0.01945	0.01091	0.00924	0.00212	0.18789	0.00860	0.00517	0.00737
1	0.01834	0.01407	0.01532	0.01172	0.01632	0.01461	0.00957	0.47945	0.08384	0.03015	0.01354	0.01385	0.01003	0.00620	0.00531	0.00149	0.00557	0.00477	0.00508	0.24078
2	0.01070	0.00646	0.00810	0.18786	0.01432	0.00706	0.00678	0.01363	0.01186	0.01975	0.01667	0.01990	0.01301	0.00644	0.00440	0.00147	0.00383	0.00527	0.63691	0.00557
3	0.41499	0.01068	0.00985	0.00848	0.01127	0.01194	0.00652	0.18467	0.01335	0.02401	0.01213	0.01822	0.01112	0.22822	0.01122	0.00282	0.00518	0.00504	0.00403	0.00626
4	0.43872	0.01166	0.01060	0.00952	0.01291	0.01351	0.00758	0.02341	0.37062	0.02482	0.01540	0.01514	0.01166	0.00650	0.00465	0.00185	0.00447	0.00473	0.00465	0.00758
5	0.01021	0.02269	0.55548	0.01396	0.02014	0.01086	0.01670	0.01527	0.01176	0.01713	0.01623	0.23168	0.01582	0.00894	0.00596	0.00195	0.00701	0.00760	0.00323	0.00739
6	0.41499	0.01068	0.00985	0.00848	0.01127	0.01194	0.00652	0.18467	0.01335	0.02401	0.01213	0.01822	0.01112	0.22822	0.01122	0.00282	0.00518	0.00504	0.00403	0.00626

[dist]
# distance from previous block
# <min> <max>
0	98

# created by:
# /software/SequenceAnalysis/GenePrediction/augustus/3.0.1/scripts/msa2prfl.pl ./fixed/BUSCOvEOG76Q87X.fas
