[name]
unknown

[dist]
# distance from previous block
# <min> <max>
0	334

[block]
# block no. 0 follows, 40 sequences, length 63
# corresponding to MSA columns:
# 334-396
name=unknown_A
#
# <colnr> <probs for GDERKNQSTAVLIFYWHMCP>
#	G	D	E	R	K	N	Q	S	T	A	V	L	I	F	Y	W	H	M	C	P
0	0.00738	0.00591	0.00660	0.00642	0.00817	0.00513	0.00482	0.00933	0.01445	0.01856	0.31985	0.05128	0.49428	0.01367	0.00687	0.00191	0.00287	0.01162	0.00577	0.00513
1	0.00815	0.00594	0.00766	0.00723	0.00864	0.00545	0.00542	0.01081	0.01627	0.02286	0.71391	0.04420	0.09753	0.01206	0.00686	0.00184	0.00276	0.01062	0.00634	0.00545
2	0.00846	0.00564	0.00634	0.00634	0.00634	0.00564	0.00352	0.00846	0.00846	0.01128	0.01832	0.03805	0.02114	0.79563	0.02960	0.00564	0.00564	0.00846	0.00352	0.00352
3	0.01359	0.01541	0.03345	0.06313	0.03088	0.01461	0.70140	0.01844	0.01362	0.01844	0.01169	0.01568	0.00877	0.00495	0.00681	0.00196	0.00970	0.00678	0.00292	0.00777
4	0.01373	0.01569	0.03431	0.02451	0.03039	0.01471	0.73824	0.01863	0.01373	0.01863	0.01176	0.01569	0.00882	0.00490	0.00686	0.00196	0.00980	0.00686	0.00294	0.00784
5	0.83671	0.01125	0.00855	0.00765	0.01125	0.01305	0.00630	0.01709	0.00990	0.02609	0.00810	0.00945	0.00630	0.00540	0.00360	0.00180	0.00450	0.00315	0.00360	0.00630
6	0.01564	0.07282	0.01499	0.01206	0.01553	0.08076	0.00955	0.07232	0.58669	0.02341	0.02065	0.01933	0.01562	0.00745	0.00569	0.00186	0.00534	0.00599	0.00540	0.00890
7	0.01446	0.01249	0.01315	0.01183	0.01512	0.01446	0.00920	0.03090	0.74885	0.02433	0.02367	0.02170	0.01775	0.00789	0.00592	0.00197	0.00460	0.00657	0.00592	0.00920
8	0.01439	0.01382	0.02360	0.03569	0.75936	0.01382	0.01785	0.01785	0.01324	0.01900	0.01094	0.01439	0.00921	0.00518	0.00576	0.00173	0.00691	0.00518	0.00288	0.00921
9	0.00709	0.00506	0.00675	0.00810	0.00843	0.00472	0.00540	0.00810	0.01113	0.01484	0.03205	0.79184	0.03846	0.01822	0.00742	0.00236	0.00337	0.01653	0.00540	0.00472
10	0.02211	0.01629	0.01745	0.01338	0.01803	0.01803	0.01105	0.73997	0.02734	0.03665	0.01396	0.01396	0.00989	0.00698	0.00582	0.00175	0.00640	0.00524	0.00582	0.00989
11	0.00813	0.00594	0.00763	0.00721	0.00863	0.00544	0.00541	0.01078	0.01622	0.02275	0.70417	0.04437	0.10734	0.01210	0.00686	0.00184	0.00276	0.01065	0.00633	0.00544
12	0.03359	0.07632	0.70094	0.01594	0.02418	0.01407	0.02039	0.01832	0.01219	0.01833	0.01023	0.01202	0.00734	0.00549	0.00537	0.00180	0.00834	0.00419	0.00249	0.00847
13	0.01522	0.01705	0.08925	0.03094	0.58578	0.10795	0.01721	0.03382	0.01385	0.01873	0.01072	0.01371	0.00885	0.00535	0.00567	0.00171	0.00749	0.00492	0.00292	0.00886
14	0.01938	0.26661	0.05292	0.01349	0.01734	0.50782	0.01128	0.02122	0.01486	0.01424	0.00877	0.01021	0.00748	0.00566	0.00479	0.00143	0.00908	0.00357	0.00282	0.00704
15	0.01431	0.01363	0.02266	0.05370	0.68466	0.01384	0.01716	0.01874	0.06817	0.01929	0.01187	0.01497	0.00981	0.00540	0.00577	0.00175	0.00676	0.00529	0.00310	0.00914
16	0.01446	0.01249	0.01315	0.01183	0.01512	0.01446	0.00920	0.03090	0.74885	0.02433	0.02367	0.02170	0.01775	0.00789	0.00592	0.00197	0.00460	0.00657	0.00592	0.00920
17	0.02153	0.01610	0.01791	0.01505	0.07343	0.01772	0.01156	0.68600	0.02629	0.03533	0.01374	0.01399	0.00984	0.00685	0.00581	0.00174	0.00644	0.00523	0.00560	0.00984
18	0.00703	0.00590	0.00611	0.00605	0.00795	0.00497	0.00454	0.00864	0.01362	0.01658	0.13826	0.05454	0.67711	0.01440	0.00687	0.00195	0.00292	0.01207	0.00551	0.00497
19	0.01287	0.01088	0.01174	0.01066	0.01350	0.01223	0.00824	0.02588	0.56901	0.02370	0.16888	0.02765	0.06162	0.00901	0.00615	0.00194	0.00416	0.00763	0.00599	0.00826
20	0.02211	0.01629	0.01745	0.01338	0.01803	0.01803	0.01105	0.73997	0.02734	0.03665	0.01396	0.01396	0.00989	0.00698	0.00582	0.00175	0.00640	0.00524	0.00582	0.00989
21	0.01592	0.75225	0.02962	0.01026	0.01511	0.06854	0.01003	0.01777	0.01210	0.01372	0.00814	0.00940	0.00746	0.00504	0.00382	0.00126	0.00648	0.00315	0.00252	0.00742
22	0.00728	0.00603	0.00640	0.00637	0.00820	0.00523	0.00475	0.00931	0.03295	0.01699	0.15760	0.09079	0.59923	0.01431	0.00687	0.00196	0.00298	0.01209	0.00556	0.00510
23	0.83671	0.01125	0.00855	0.00765	0.01125	0.01305	0.00630	0.01709	0.00990	0.02609	0.00810	0.00945	0.00630	0.00540	0.00360	0.00180	0.00450	0.00315	0.00360	0.00630
24	0.00883	0.00650	0.00861	0.00960	0.01106	0.00628	0.00821	0.01127	0.01351	0.01736	0.07222	0.06261	0.17621	0.01560	0.00775	0.00250	0.00475	0.54644	0.00542	0.00527
25	0.01526	0.01774	0.14835	0.02038	0.02634	0.01476	0.44842	0.13218	0.04486	0.05356	0.01284	0.01528	0.00935	0.00554	0.00640	0.00190	0.00866	0.00614	0.00361	0.00843
26	0.00846	0.00564	0.00634	0.00634	0.00634	0.00564	0.00352	0.00846	0.00846	0.01128	0.01832	0.03805	0.02114	0.79563	0.02960	0.00564	0.00564	0.00846	0.00352	0.00352
27	0.00948	0.00700	0.00776	0.00750	0.00837	0.00729	0.00488	0.01301	0.15436	0.01503	0.07334	0.05631	0.06799	0.51899	0.02142	0.00435	0.00501	0.00868	0.00436	0.00489
28	0.01555	0.79913	0.03047	0.00995	0.01493	0.02301	0.00995	0.01741	0.01182	0.01368	0.00808	0.00933	0.00746	0.00498	0.00373	0.00124	0.00622	0.00311	0.00249	0.00746
29	0.01206	0.01034	0.01206	0.00861	0.01378	0.00775	0.00689	0.01464	0.01206	0.01895	0.01034	0.01206	0.00861	0.00431	0.00431	0.00086	0.00431	0.00345	0.00345	0.83118
30	0.01098	0.01034	0.01744	0.78165	0.04005	0.01292	0.01615	0.01486	0.01163	0.01486	0.01034	0.01550	0.00775	0.00581	0.00581	0.00194	0.00775	0.00517	0.00258	0.00646
31	0.01533	0.01230	0.01318	0.01172	0.01510	0.01402	0.00916	0.03071	0.69413	0.07955	0.02361	0.02155	0.01750	0.00784	0.00591	0.00196	0.00463	0.00652	0.00601	0.00926
32	0.01355	0.01670	0.08858	0.02371	0.02966	0.01469	0.66840	0.01851	0.01351	0.01851	0.01157	0.01537	0.00869	0.00507	0.00704	0.00196	0.02711	0.00663	0.00290	0.00787
33	0.01962	0.02356	0.01686	0.01697	0.10469	0.55741	0.01175	0.02351	0.12199	0.01625	0.01132	0.01262	0.00918	0.00626	0.00569	0.00162	0.02558	0.00435	0.00340	0.00738
34	0.01012	0.00871	0.00899	0.00843	0.01096	0.00899	0.00646	0.01798	0.32746	0.01939	0.04386	0.04133	0.44123	0.01181	0.00646	0.00197	0.00365	0.00984	0.00562	0.00674
35	0.00735	0.00517	0.00667	0.00775	0.00802	0.00490	0.00503	0.00817	0.01061	0.01415	0.02936	0.64423	0.03507	0.17045	0.01176	0.00300	0.00382	0.01495	0.00503	0.00449
36	0.00846	0.00564	0.00634	0.00634	0.00634	0.00564	0.00352	0.00846	0.00846	0.01128	0.01832	0.03805	0.02114	0.79563	0.02960	0.00564	0.00564	0.00846	0.00352	0.00352
37	0.02211	0.01629	0.01745	0.01338	0.01803	0.01803	0.01105	0.73997	0.02734	0.03665	0.01396	0.01396	0.00989	0.00698	0.00582	0.00175	0.00640	0.00524	0.00582	0.00989
38	0.01446	0.01249	0.01315	0.01183	0.01512	0.01446	0.00920	0.03090	0.74885	0.02433	0.02367	0.02170	0.01775	0.00789	0.00592	0.00197	0.00460	0.00657	0.00592	0.00920
39	0.01555	0.79913	0.03047	0.00995	0.01493	0.02301	0.00995	0.01741	0.01182	0.01368	0.00808	0.00933	0.00746	0.00498	0.00373	0.00124	0.00622	0.00311	0.00249	0.00746
40	0.00834	0.00611	0.00876	0.00876	0.00959	0.00695	0.00654	0.01001	0.00917	0.01306	0.01611	0.02582	0.01583	0.19087	0.62709	0.00862	0.01363	0.00667	0.00320	0.00487
41	0.01261	0.06913	0.67203	0.01612	0.02411	0.07069	0.02013	0.01872	0.01257	0.01786	0.01021	0.01199	0.00738	0.00553	0.00541	0.00179	0.00861	0.00420	0.00250	0.00840
42	0.01638	0.01458	0.01429	0.01363	0.06074	0.12372	0.00997	0.02880	0.54338	0.07777	0.02072	0.01949	0.01550	0.00740	0.00580	0.00188	0.00562	0.00603	0.00541	0.00890
43	0.01272	0.01272	0.01781	0.01527	0.01527	0.01781	0.01272	0.01399	0.00891	0.01399	0.00763	0.01272	0.00763	0.01018	0.01908	0.00254	0.78499	0.00509	0.00254	0.00636
44	0.01166	0.03008	0.76550	0.01657	0.02517	0.01351	0.02149	0.01842	0.01228	0.01842	0.01044	0.01228	0.00737	0.00552	0.00552	0.00184	0.00859	0.00430	0.00246	0.00859
45	0.00846	0.00564	0.00634	0.00634	0.00634	0.00564	0.00352	0.00846	0.00846	0.01128	0.01832	0.03805	0.02114	0.79563	0.02960	0.00564	0.00564	0.00846	0.00352	0.00352
46	0.01266	0.01267	0.01816	0.05342	0.01683	0.01750	0.02917	0.01414	0.00915	0.01414	0.00786	0.01293	0.00767	0.00984	0.01815	0.00250	0.72911	0.00513	0.00256	0.00640
47	0.00709	0.00506	0.00675	0.00810	0.00843	0.00472	0.00540	0.00810	0.01113	0.01484	0.03205	0.79184	0.03846	0.01822	0.00742	0.00236	0.00337	0.01653	0.00540	0.00472
48	0.01206	0.01034	0.01206	0.00861	0.01378	0.00775	0.00689	0.01464	0.01206	0.01895	0.01034	0.01206	0.00861	0.00431	0.00431	0.00086	0.00431	0.00345	0.00345	0.83118
49	0.01953	0.01650	0.05118	0.01968	0.22169	0.03662	0.01337	0.49201	0.02254	0.03043	0.01285	0.01392	0.00953	0.00640	0.00577	0.00174	0.00674	0.00514	0.00479	0.00956
50	0.76195	0.01295	0.07714	0.00846	0.01251	0.01309	0.00767	0.01721	0.01011	0.02540	0.00831	0.00970	0.00639	0.00541	0.00377	0.00180	0.00487	0.00325	0.00350	0.00651
51	0.00823	0.00594	0.00777	0.00732	0.00869	0.00549	0.00549	0.01097	0.01646	0.02332	0.75629	0.04344	0.05487	0.01189	0.00686	0.00183	0.00274	0.01052	0.00640	0.00549
52	0.01458	0.01418	0.02342	0.03515	0.73993	0.03369	0.01767	0.01799	0.01333	0.01887	0.01089	0.01429	0.00917	0.00520	0.00574	0.00172	0.00700	0.00514	0.00288	0.00915
53	0.01686	0.01272	0.01383	0.01123	0.01480	0.01379	0.00905	0.43114	0.11746	0.03032	0.16513	0.02499	0.09530	0.00884	0.00614	0.00181	0.00510	0.00716	0.00590	0.00843
54	0.00709	0.00506	0.00675	0.00810	0.00843	0.00472	0.00540	0.00810	0.01113	0.01484	0.03205	0.79184	0.03846	0.01822	0.00742	0.00236	0.00337	0.01653	0.00540	0.00472
55	0.02135	0.02583	0.01662	0.04459	0.01884	0.66286	0.01141	0.09885	0.01744	0.01663	0.00957	0.01105	0.00775	0.00609	0.00533	0.00154	0.00995	0.00396	0.00328	0.00706
56	0.00823	0.00594	0.00777	0.00732	0.00869	0.00549	0.00549	0.01097	0.01646	0.02332	0.75629	0.04344	0.05487	0.01189	0.00686	0.00183	0.00274	0.01052	0.00640	0.00549
57	0.01336	0.01453	0.03016	0.02547	0.17150	0.01379	0.54240	0.01769	0.01344	0.01842	0.01312	0.07343	0.01111	0.00595	0.00669	0.00194	0.00876	0.00726	0.00311	0.00788
58	0.01419	0.01361	0.02323	0.08102	0.71565	0.01376	0.01774	0.01767	0.01314	0.01875	0.01090	0.01446	0.00912	0.00522	0.00576	0.00174	0.00696	0.00518	0.00286	0.00904
59	0.02609	0.00990	0.01350	0.01035	0.01484	0.00855	0.00855	0.02834	0.01664	0.76338	0.02294	0.01979	0.01439	0.00720	0.00585	0.00180	0.00495	0.00585	0.00720	0.00990
60	0.02211	0.01629	0.01745	0.01338	0.01803	0.01803	0.01105	0.73997	0.02734	0.03665	0.01396	0.01396	0.00989	0.00698	0.00582	0.00175	0.00640	0.00524	0.00582	0.00989
61	0.01446	0.01249	0.01315	0.01183	0.01512	0.01446	0.00920	0.03090	0.74885	0.02433	0.02367	0.02170	0.01775	0.00789	0.00592	0.00197	0.00460	0.00657	0.00592	0.00920
62	0.04703	0.02927	0.73306	0.01619	0.02457	0.01349	0.02083	0.01836	0.01218	0.01875	0.01034	0.01216	0.00732	0.00552	0.00544	0.00184	0.00842	0.00425	0.00250	0.00850

[dist]
# distance from previous block
# <min> <max>
0	1

[block]
# block no. 1 follows, 40 sequences, length 14
# corresponding to MSA columns:
# 398-411
name=unknown_B
#
# <colnr> <probs for GDERKNQSTAVLIFYWHMCP>
#	G	D	E	R	K	N	Q	S	T	A	V	L	I	F	Y	W	H	M	C	P
0	0.00687	0.00589	0.00589	0.00589	0.00785	0.00491	0.00442	0.00835	0.01325	0.01571	0.05891	0.05596	0.75700	0.01473	0.00687	0.00196	0.00295	0.01227	0.00540	0.00491
1	0.01446	0.01249	0.01315	0.01183	0.01512	0.01446	0.00920	0.03090	0.74885	0.02433	0.02367	0.02170	0.01775	0.00789	0.00592	0.00197	0.00460	0.00657	0.00592	0.00920
2	0.02211	0.01629	0.01745	0.01338	0.01803	0.01803	0.01105	0.73997	0.02734	0.03665	0.01396	0.01396	0.00989	0.00698	0.00582	0.00175	0.00640	0.00524	0.00582	0.00989
3	0.02177	0.02641	0.01659	0.01480	0.01798	0.68596	0.01122	0.10525	0.01772	0.01680	0.00956	0.01088	0.00777	0.00611	0.00531	0.00153	0.01002	0.00392	0.00332	0.00710
4	0.02609	0.00990	0.01350	0.01035	0.01484	0.00855	0.00855	0.02834	0.01664	0.76338	0.02294	0.01979	0.01439	0.00720	0.00585	0.00180	0.00495	0.00585	0.00720	0.00990
5	0.01668	0.01321	0.01411	0.01210	0.01575	0.01497	0.00958	0.18656	0.55623	0.06145	0.02150	0.01991	0.01587	0.00766	0.00589	0.00191	0.00501	0.00625	0.00595	0.00939
6	0.02211	0.01629	0.01745	0.01338	0.01803	0.01803	0.01105	0.73997	0.02734	0.03665	0.01396	0.01396	0.00989	0.00698	0.00582	0.00175	0.00640	0.00524	0.00582	0.00989
7	0.01555	0.79913	0.03047	0.00995	0.01493	0.02301	0.00995	0.01741	0.01182	0.01368	0.00808	0.00933	0.00746	0.00498	0.00373	0.00124	0.00622	0.00311	0.00249	0.00746
8	0.00709	0.00506	0.00675	0.00810	0.00843	0.00472	0.00540	0.00810	0.01113	0.01484	0.03205	0.79184	0.03846	0.01822	0.00742	0.00236	0.00337	0.01653	0.00540	0.00472
9	0.02073	0.02589	0.01640	0.01484	0.01764	0.68103	0.01123	0.02298	0.05397	0.01474	0.00966	0.01122	0.00803	0.00638	0.00623	0.00159	0.06348	0.00398	0.00312	0.00684
10	0.00687	0.00589	0.00589	0.00589	0.00785	0.00491	0.00442	0.00835	0.01325	0.01571	0.05891	0.05596	0.75700	0.01473	0.00687	0.00196	0.00295	0.01227	0.00540	0.00491
11	0.01439	0.01382	0.02360	0.03569	0.75936	0.01382	0.01785	0.01785	0.01324	0.01900	0.01094	0.01439	0.00921	0.00518	0.00576	0.00173	0.00691	0.00518	0.00288	0.00921
12	0.18677	0.00793	0.00890	0.00795	0.01021	0.00801	0.00620	0.05253	0.01566	0.08257	0.49995	0.03278	0.03896	0.00988	0.00603	0.00182	0.00348	0.00830	0.00584	0.00624
13	0.07260	0.67290	0.09693	0.01040	0.01562	0.02143	0.01076	0.01748	0.01172	0.01499	0.00830	0.00961	0.00737	0.00506	0.00389	0.00134	0.00632	0.00322	0.00256	0.00749

[dist]
# distance from previous block
# <min> <max>
0	1

[block]
# block no. 2 follows, 40 sequences, length 41
# corresponding to MSA columns:
# 413-453
name=unknown_C
#
# <colnr> <probs for GDERKNQSTAVLIFYWHMCP>
#	G	D	E	R	K	N	Q	S	T	A	V	L	I	F	Y	W	H	M	C	P
0	0.01250	0.01167	0.01939	0.51523	0.26697	0.01340	0.01649	0.04431	0.01276	0.01703	0.01067	0.01509	0.00830	0.00566	0.00580	0.00186	0.00743	0.00517	0.00280	0.00747
1	0.02609	0.00990	0.01350	0.01035	0.01484	0.00855	0.00855	0.02834	0.01664	0.76338	0.02294	0.01979	0.01439	0.00720	0.00585	0.00180	0.00495	0.00585	0.00720	0.00990
2	0.00687	0.00589	0.00589	0.00589	0.00785	0.00491	0.00442	0.00835	0.01325	0.01571	0.05891	0.05596	0.75700	0.01473	0.00687	0.00196	0.00295	0.01227	0.00540	0.00491
3	0.00802	0.00594	0.00748	0.00709	0.00856	0.00540	0.00532	0.01056	0.01596	0.02212	0.64657	0.04541	0.16534	0.01234	0.00686	0.00185	0.00278	0.01079	0.00624	0.00540
4	0.01098	0.01034	0.01744	0.78165	0.04005	0.01292	0.01615	0.01486	0.01163	0.01486	0.01034	0.01550	0.00775	0.00581	0.00581	0.00194	0.00775	0.00517	0.00258	0.00646
5	0.83671	0.01125	0.00855	0.00765	0.01125	0.01305	0.00630	0.01709	0.00990	0.02609	0.00810	0.00945	0.00630	0.00540	0.00360	0.00180	0.00450	0.00315	0.00360	0.00630
6	0.02172	0.02772	0.01648	0.01498	0.01798	0.77228	0.01124	0.02322	0.01648	0.01423	0.00899	0.01049	0.00749	0.00599	0.00524	0.00150	0.01049	0.00375	0.00300	0.00674
7	0.01166	0.03008	0.76550	0.01657	0.02517	0.01351	0.02149	0.01842	0.01228	0.01842	0.01044	0.01228	0.00737	0.00552	0.00552	0.00184	0.00859	0.00430	0.00246	0.00859
8	0.83671	0.01125	0.00855	0.00765	0.01125	0.01305	0.00630	0.01709	0.00990	0.02609	0.00810	0.00945	0.00630	0.00540	0.00360	0.00180	0.00450	0.00315	0.00360	0.00630
9	0.00823	0.00594	0.00777	0.00732	0.00869	0.00549	0.00549	0.01097	0.01646	0.02332	0.75629	0.04344	0.05487	0.01189	0.00686	0.00183	0.00274	0.01052	0.00640	0.00549
10	0.01018	0.00854	0.00823	0.00792	0.00831	0.09334	0.00505	0.01051	0.00943	0.01185	0.01658	0.03293	0.01859	0.63186	0.05887	0.00517	0.04749	0.00765	0.00339	0.00411
11	0.00687	0.00589	0.00589	0.00589	0.00785	0.00491	0.00442	0.00835	0.01325	0.01571	0.05891	0.05596	0.75700	0.01473	0.00687	0.00196	0.00295	0.01227	0.00540	0.00491
12	0.00952	0.00686	0.00948	0.01074	0.01214	0.00692	0.00937	0.01259	0.03463	0.01760	0.03058	0.06433	0.03301	0.01583	0.00797	0.00266	0.00533	0.69960	0.00537	0.00547
13	0.83671	0.01125	0.00855	0.00765	0.01125	0.01305	0.00630	0.01709	0.00990	0.02609	0.00810	0.00945	0.00630	0.00540	0.00360	0.00180	0.00450	0.00315	0.00360	0.00630
14	0.01383	0.01324	0.02258	0.15945	0.64002	0.01367	0.01757	0.01735	0.01297	0.01831	0.01084	0.01458	0.00897	0.00529	0.00577	0.00176	0.00705	0.00518	0.00283	0.00875
15	0.01446	0.01249	0.01315	0.01183	0.01512	0.01446	0.00920	0.03090	0.74885	0.02433	0.02367	0.02170	0.01775	0.00789	0.00592	0.00197	0.00460	0.00657	0.00592	0.00920
16	0.00710	0.00590	0.00621	0.00613	0.00800	0.00501	0.00460	0.00879	0.01380	0.01701	0.17778	0.05383	0.63732	0.01424	0.00687	0.00194	0.00291	0.01197	0.00557	0.00501
17	0.01172	0.02967	0.74485	0.01680	0.02532	0.01354	0.04173	0.01842	0.01232	0.01842	0.01047	0.01237	0.00741	0.00551	0.00556	0.00184	0.00863	0.00437	0.00247	0.00857
18	0.00846	0.00564	0.00634	0.00634	0.00634	0.00564	0.00352	0.00846	0.00846	0.01128	0.01832	0.03805	0.02114	0.79563	0.02960	0.00564	0.00564	0.00846	0.00352	0.00352
19	0.01275	0.01216	0.01817	0.19774	0.14433	0.01542	0.01397	0.04641	0.01117	0.01606	0.01019	0.04873	0.00941	0.00855	0.01266	0.00222	0.40459	0.00564	0.00288	0.00694
20	0.01001	0.00718	0.00975	0.01075	0.01227	0.00725	0.00935	0.05018	0.01421	0.01858	0.05046	0.06226	0.03284	0.01547	0.00788	0.00260	0.00534	0.66262	0.00541	0.00560
21	0.76052	0.01139	0.01004	0.02826	0.01292	0.01302	0.03951	0.01736	0.01026	0.04191	0.00865	0.01011	0.00663	0.00543	0.00385	0.00181	0.00483	0.00343	0.00362	0.00645
22	0.83671	0.01125	0.00855	0.00765	0.01125	0.01305	0.00630	0.01709	0.00990	0.02609	0.00810	0.00945	0.00630	0.00540	0.00360	0.00180	0.00450	0.00315	0.00360	0.00630
23	0.08580	0.14748	0.01716	0.01285	0.01596	0.49123	0.01011	0.02013	0.01427	0.01502	0.00962	0.01181	0.00830	0.01062	0.10366	0.00249	0.00997	0.00391	0.00298	0.00662
24	0.00877	0.00648	0.00854	0.00948	0.01095	0.00624	0.00808	0.01120	0.01356	0.01743	0.08329	0.06215	0.18661	0.01552	0.00771	0.00247	0.00468	0.52613	0.00543	0.00527
25	0.01166	0.03008	0.76550	0.01657	0.02517	0.01351	0.02149	0.01842	0.01228	0.01842	0.01044	0.01228	0.00737	0.00552	0.00552	0.00184	0.00859	0.00430	0.00246	0.00859
26	0.00709	0.00506	0.00675	0.00810	0.00843	0.00472	0.00540	0.00810	0.01113	0.01484	0.03205	0.79184	0.03846	0.01822	0.00742	0.00236	0.00337	0.01653	0.00540	0.00472
27	0.01383	0.01324	0.02258	0.15945	0.64002	0.01367	0.01757	0.01735	0.01297	0.01831	0.01084	0.01458	0.00897	0.00529	0.00577	0.00176	0.00705	0.00518	0.00283	0.00875
28	0.02609	0.00990	0.01350	0.01035	0.01484	0.00855	0.00855	0.02834	0.01664	0.76338	0.02294	0.01979	0.01439	0.00720	0.00585	0.00180	0.00495	0.00585	0.00720	0.00990
29	0.01122	0.06154	0.63465	0.01490	0.02248	0.01283	0.01877	0.01707	0.01238	0.01785	0.01657	0.01777	0.10389	0.00669	0.00562	0.00183	0.00776	0.00527	0.00284	0.00807
30	0.02096	0.02636	0.01686	0.01593	0.05118	0.70157	0.01161	0.02253	0.01597	0.01443	0.00901	0.01077	0.00757	0.00616	0.00594	0.00156	0.04792	0.00388	0.00297	0.00683
31	0.02017	0.01484	0.01607	0.01270	0.01680	0.01632	0.01032	0.64574	0.02525	0.03384	0.01629	0.11411	0.01357	0.00843	0.00602	0.00182	0.00601	0.00669	0.00576	0.00922
32	0.00705	0.00590	0.00613	0.00607	0.00796	0.00498	0.00456	0.00868	0.01367	0.01669	0.14870	0.05435	0.66660	0.01436	0.00687	0.00195	0.00292	0.01205	0.00553	0.00498
33	0.00914	0.00724	0.00781	0.00718	0.00936	0.00673	0.00552	0.10315	0.01580	0.02015	0.21280	0.04769	0.50004	0.01308	0.00673	0.00190	0.00334	0.01096	0.00568	0.00568
34	0.00804	0.00602	0.00757	0.00858	0.00930	0.00598	0.00589	0.01103	0.10612	0.01607	0.03097	0.69268	0.03580	0.01689	0.00723	0.00231	0.00353	0.01525	0.00546	0.00530
35	0.02043	0.02802	0.11292	0.01519	0.01890	0.67459	0.01256	0.02260	0.01594	0.01477	0.00918	0.01072	0.00747	0.00593	0.00528	0.00154	0.01024	0.00382	0.00293	0.00698
36	0.72986	0.01056	0.00821	0.00742	0.01081	0.01200	0.00606	0.01597	0.01033	0.02475	0.01464	0.01544	0.10295	0.00660	0.00402	0.00182	0.00430	0.00432	0.00383	0.00612
37	0.01859	0.01604	0.01538	0.01289	0.01671	0.11353	0.01024	0.32632	0.35295	0.02818	0.01772	0.01702	0.01314	0.00727	0.00579	0.00182	0.00611	0.00565	0.00550	0.00917
38	0.00800	0.00589	0.00748	0.00717	0.00857	0.00537	0.00534	0.01048	0.01577	0.02190	0.62853	0.08429	0.14441	0.01259	0.00689	0.00187	0.00280	0.01106	0.00622	0.00537
39	0.00898	0.00655	0.00883	0.00989	0.01131	0.00639	0.00851	0.01151	0.01355	0.01753	0.07682	0.06306	0.12787	0.01565	0.00781	0.00254	0.00489	0.58758	0.00542	0.00531
40	0.00806	0.00578	0.00732	0.00719	0.00823	0.00539	0.00510	0.01007	0.01431	0.01990	0.51002	0.13945	0.07796	0.14285	0.01070	0.00254	0.00331	0.01103	0.00575	0.00504

[dist]
# distance from previous block
# <min> <max>
0	2

[block]
# block no. 3 follows, 40 sequences, length 7
# corresponding to MSA columns:
# 456-462
name=unknown_D
#
# <colnr> <probs for GDERKNQSTAVLIFYWHMCP>
#	G	D	E	R	K	N	Q	S	T	A	V	L	I	F	Y	W	H	M	C	P
0	0.01702	0.01391	0.01428	0.01226	0.01589	0.04830	0.00968	0.19078	0.52137	0.05914	0.02080	0.01937	0.01538	0.00757	0.00586	0.00189	0.00528	0.00612	0.00582	0.00928
1	0.01012	0.00917	0.01507	0.61044	0.03305	0.01111	0.01377	0.01336	0.01152	0.01485	0.01514	0.18733	0.01455	0.00856	0.00617	0.00203	0.00678	0.00768	0.00321	0.00608
2	0.00742	0.00537	0.00648	0.00723	0.00776	0.00501	0.00471	0.00824	0.01077	0.01402	0.03303	0.45470	0.16084	0.23103	0.01341	0.00319	0.00392	0.01356	0.00488	0.00443
3	0.01163	0.00917	0.01107	0.00838	0.01241	0.00715	0.00648	0.01308	0.01107	0.01699	0.01028	0.01330	0.00894	0.00782	0.00838	0.18455	0.00447	0.00380	0.00324	0.64777
4	0.01953	0.01641	0.01859	0.01851	0.18184	0.08436	0.01260	0.44737	0.04902	0.02896	0.01284	0.01396	0.00969	0.00671	0.00653	0.00177	0.05222	0.00513	0.00473	0.00923
5	0.02235	0.01400	0.01577	0.01218	0.01652	0.01483	0.00996	0.51130	0.02344	0.22497	0.01656	0.01689	0.01172	0.05319	0.00722	0.00199	0.00598	0.00558	0.00604	0.00952
6	0.02180	0.01447	0.01602	0.01244	0.01679	0.01559	0.01017	0.54144	0.06400	0.16509	0.01629	0.01649	0.01162	0.04186	0.00688	0.00194	0.00601	0.00556	0.00597	0.00957

[dist]
# distance from previous block
# <min> <max>
0	3

[block]
# block no. 4 follows, 40 sequences, length 8
# corresponding to MSA columns:
# 466-473
name=unknown_E
#
# <colnr> <probs for GDERKNQSTAVLIFYWHMCP>
#	G	D	E	R	K	N	Q	S	T	A	V	L	I	F	Y	W	H	M	C	P
0	0.01581	0.56069	0.10297	0.01225	0.01762	0.02075	0.07195	0.10617	0.01392	0.01738	0.00935	0.01072	0.00786	0.00527	0.00443	0.00143	0.00678	0.00380	0.00293	0.00791
1	0.01109	0.01074	0.02140	0.01650	0.01984	0.01009	0.38820	0.01395	0.01282	0.01745	0.12258	0.18422	0.02186	0.01060	0.00892	0.10361	0.00685	0.00921	0.00391	0.00619
2	0.00917	0.00672	0.00819	0.00803	0.00906	0.00677	0.00549	0.03455	0.05040	0.01473	0.02068	0.21641	0.02261	0.33514	0.15340	0.00477	0.00672	0.00941	0.00411	0.07363
3	0.35903	0.01100	0.00977	0.00870	0.01119	0.05620	0.00656	0.11479	0.03269	0.02167	0.01286	0.01974	0.01206	0.24219	0.05688	0.00336	0.00611	0.00532	0.00388	0.00601
4	0.06601	0.24048	0.01842	0.01143	0.01507	0.22965	0.00942	0.09919	0.04820	0.05382	0.01345	0.10726	0.01232	0.00734	0.00506	0.00158	0.00677	0.00548	0.00385	0.04518
5	0.48765	0.15301	0.10429	0.00934	0.01376	0.01416	0.00893	0.01794	0.01137	0.08242	0.04397	0.01217	0.00952	0.00578	0.00419	0.00171	0.00525	0.00384	0.00368	0.00704
6	0.30699	0.28307	0.04368	0.01035	0.01421	0.06444	0.00927	0.01906	0.10153	0.01961	0.01010	0.01134	0.00832	0.00600	0.00539	0.00168	0.07067	0.00379	0.00334	0.00716
7	0.01011	0.00652	0.00984	0.00937	0.01022	0.00672	0.04873	0.01078	0.06876	0.01307	0.01534	0.09485	0.01534	0.02074	0.10997	0.48455	0.00644	0.05123	0.00334	0.00409

[dist]
# distance from previous block
# <min> <max>
0	2

[block]
# block no. 5 follows, 40 sequences, length 12
# corresponding to MSA columns:
# 476-487
name=unknown_F
#
# <colnr> <probs for GDERKNQSTAVLIFYWHMCP>
#	G	D	E	R	K	N	Q	S	T	A	V	L	I	F	Y	W	H	M	C	P
0	0.00832	0.00620	0.00918	0.00918	0.01016	0.00718	0.00706	0.01028	0.00930	0.01338	0.01573	0.02368	0.01490	0.08465	0.73205	0.00914	0.01503	0.00635	0.00314	0.00510
1	0.01251	0.01123	0.01814	0.02641	0.52114	0.01123	0.01332	0.01488	0.01173	0.01656	0.01327	0.02188	0.01299	0.25524	0.01330	0.00296	0.00651	0.00622	0.00308	0.00741
2	0.01184	0.00861	0.01013	0.00977	0.01147	0.00893	0.00719	0.23962	0.01626	0.02174	0.02633	0.54576	0.02942	0.01466	0.00691	0.00217	0.00433	0.01296	0.00553	0.00636
3	0.01175	0.00867	0.01456	0.01146	0.01425	0.00836	0.23632	0.01516	0.01268	0.02071	0.01669	0.01978	0.01298	0.00618	0.00495	0.00155	0.00495	0.00588	0.56694	0.00619
4	0.00945	0.00679	0.00908	0.00949	0.01098	0.00669	0.00792	0.04142	0.01516	0.02050	0.31388	0.05482	0.04087	0.01406	0.00748	0.00231	0.00438	0.41335	0.00578	0.00559
5	0.01084	0.00542	0.00542	0.00542	0.00678	0.00542	0.00407	0.01355	0.01220	0.02168	0.01897	0.02168	0.01491	0.00678	0.00407	0.00136	0.00271	0.00542	0.82791	0.00542
6	0.01923	0.00972	0.05185	0.00927	0.01319	0.00766	0.00794	0.02148	0.01534	0.48648	0.03364	0.03083	0.24893	0.00949	0.00615	0.00185	0.00451	0.00780	0.00637	0.00825
7	0.01555	0.79913	0.03047	0.00995	0.01493	0.02301	0.00995	0.01741	0.01182	0.01368	0.00808	0.00933	0.00746	0.00498	0.00373	0.00124	0.00622	0.00311	0.00249	0.00746
8	0.57694	0.26049	0.01548	0.00838	0.01241	0.01620	0.00745	0.01719	0.01050	0.02217	0.00809	0.00941	0.00667	0.00526	0.00364	0.00162	0.00504	0.00314	0.00325	0.00667
9	0.01787	0.01136	0.01305	0.01130	0.01487	0.01217	0.00901	0.02907	0.47735	0.25775	0.02382	0.02347	0.01754	0.00811	0.00601	0.00196	0.00475	0.04503	0.00629	0.00921
10	0.00745	0.00534	0.00707	0.00785	0.00851	0.00496	0.00543	0.00901	0.01282	0.01753	0.26116	0.55508	0.04365	0.01622	0.00724	0.00219	0.00317	0.01463	0.00572	0.00496
11	0.00898	0.00545	0.00673	0.00673	0.00673	0.00545	0.00401	0.00818	0.00818	0.01090	0.01572	0.03161	0.01765	0.55033	0.02742	0.26668	0.00545	0.00738	0.00321	0.00321

[dist]
# distance from previous block
# <min> <max>
0	7

[block]
# block no. 6 follows, 40 sequences, length 11
# corresponding to MSA columns:
# 495-505
name=unknown_G
#
# <colnr> <probs for GDERKNQSTAVLIFYWHMCP>
#	G	D	E	R	K	N	Q	S	T	A	V	L	I	F	Y	W	H	M	C	P
0	0.02129	0.08515	0.01761	0.01448	0.01775	0.65710	0.01112	0.07841	0.01697	0.01593	0.00931	0.01067	0.00767	0.00599	0.00517	0.00150	0.00985	0.00381	0.00318	0.00704
1	0.00914	0.00653	0.00910	0.01035	0.01161	0.00649	0.00888	0.01170	0.01336	0.01749	0.06578	0.11944	0.03487	0.01603	0.00793	0.00261	0.00508	0.63287	0.00541	0.00531
2	0.83671	0.01125	0.00855	0.00765	0.01125	0.01305	0.00630	0.01709	0.00990	0.02609	0.00810	0.00945	0.00630	0.00540	0.00360	0.00180	0.00450	0.00315	0.00360	0.00630
3	0.01084	0.00542	0.00542	0.00542	0.00678	0.00542	0.00407	0.01355	0.01220	0.02168	0.01897	0.02168	0.01491	0.00678	0.00407	0.00136	0.00271	0.00542	0.82791	0.00542
4	0.01373	0.01569	0.03431	0.02451	0.03039	0.01471	0.73824	0.01863	0.01373	0.01863	0.01176	0.01569	0.00882	0.00490	0.00686	0.00196	0.00980	0.00686	0.00294	0.00784
5	0.00996	0.00830	0.00899	0.00840	0.01070	0.00852	0.00642	0.01717	0.28064	0.02072	0.21921	0.04044	0.31483	0.01154	0.00652	0.00193	0.00350	0.00977	0.00584	0.00661
6	0.02159	0.01548	0.01678	0.01300	0.01745	0.01699	0.01068	0.67400	0.02611	0.06855	0.01520	0.05009	0.01141	0.00751	0.00589	0.00178	0.00619	0.00578	0.00586	0.00965
7	0.01540	0.71399	0.02847	0.00995	0.01468	0.02170	0.00972	0.05031	0.01282	0.01534	0.05464	0.01165	0.01051	0.00550	0.00402	0.00130	0.00601	0.00367	0.00288	0.00745
8	0.02056	0.02572	0.01637	0.01470	0.01757	0.67696	0.01114	0.02209	0.01568	0.01444	0.00895	0.01074	0.00756	0.00624	0.00627	0.00155	0.07030	0.00384	0.00298	0.04637
9	0.01206	0.01034	0.01206	0.00861	0.01378	0.00775	0.00689	0.01464	0.01206	0.01895	0.01034	0.01206	0.00861	0.00431	0.00431	0.00086	0.00431	0.00345	0.00345	0.83118
10	0.01080	0.00540	0.00555	0.00555	0.00682	0.00540	0.00412	0.01319	0.01192	0.02098	0.01844	0.02144	0.01462	0.00758	0.00519	0.05118	0.00285	0.00540	0.77833	0.00525

[dist]
# distance from previous block
# <min> <max>
0	54

# created by:
# /software/SequenceAnalysis/GenePrediction/augustus/3.0.1/scripts/msa2prfl.pl ./fixed/BUSCOvEOG7GF4VN.fas
