[name]
unknown

[dist]
# distance from previous block
# <min> <max>
0	178

[block]
# block no. 0 follows, 39 sequences, length 28
# corresponding to MSA columns:
# 181-208
name=unknown_A
#
# <colnr> <probs for GDERKNQSTAVLIFYWHMCP>
#	G	D	E	R	K	N	Q	S	T	A	V	L	I	F	Y	W	H	M	C	P
0	0.00953	0.00681	0.00953	0.01089	0.01225	0.00681	0.00953	0.01225	0.01361	0.01770	0.03131	0.06671	0.03403	0.01634	0.00817	0.00272	0.00545	0.71547	0.00545	0.00545
1	0.01508	0.01419	0.02365	0.03501	0.71333	0.01430	0.01776	0.05899	0.01428	0.02034	0.01130	0.01461	0.00941	0.00537	0.00586	0.00176	0.00700	0.00527	0.00310	0.00941
2	0.01380	0.01564	0.03392	0.06779	0.03147	0.01485	0.69296	0.01872	0.01384	0.01872	0.01188	0.01594	0.00891	0.00504	0.00692	0.00199	0.00985	0.00688	0.00297	0.00790
3	0.00845	0.00634	0.00950	0.00950	0.01056	0.00739	0.00739	0.01056	0.00950	0.01373	0.01584	0.02323	0.01478	0.04435	0.76873	0.00950	0.01584	0.00634	0.00317	0.00528
4	0.83394	0.01144	0.00869	0.00778	0.01144	0.01327	0.00640	0.01738	0.01006	0.02653	0.00823	0.00961	0.00640	0.00549	0.00366	0.00183	0.00457	0.00320	0.00366	0.00640
5	0.00721	0.00515	0.00686	0.00823	0.00858	0.00480	0.00549	0.00823	0.01132	0.01510	0.03259	0.78831	0.03911	0.01853	0.00755	0.00240	0.00343	0.01681	0.00549	0.00480
6	0.83394	0.01144	0.00869	0.00778	0.01144	0.01327	0.00640	0.01738	0.01006	0.02653	0.00823	0.00961	0.00640	0.00549	0.00366	0.00183	0.00457	0.00320	0.00366	0.00640
7	0.01226	0.01051	0.01226	0.00876	0.01401	0.00788	0.00701	0.01489	0.01226	0.01927	0.01051	0.01226	0.00876	0.00438	0.00438	0.00088	0.00438	0.00350	0.00350	0.82832
8	0.02209	0.02819	0.01676	0.01524	0.01828	0.76843	0.01143	0.02361	0.01676	0.01447	0.00914	0.01066	0.00762	0.00609	0.00533	0.00152	0.01066	0.00381	0.00305	0.00686
9	0.83394	0.01144	0.00869	0.00778	0.01144	0.01327	0.00640	0.01738	0.01006	0.02653	0.00823	0.00961	0.00640	0.00549	0.00366	0.00183	0.00457	0.00320	0.00366	0.00640
10	0.80141	0.01140	0.00905	0.03823	0.01259	0.01326	0.00680	0.01729	0.01013	0.02608	0.00832	0.00985	0.00646	0.00551	0.00375	0.00184	0.00471	0.00328	0.00362	0.00641
11	0.00699	0.00599	0.00599	0.00599	0.00799	0.00499	0.00449	0.00849	0.01348	0.01598	0.05991	0.05691	0.75288	0.01498	0.00699	0.00200	0.00300	0.01248	0.00549	0.00499
12	0.00837	0.00604	0.00790	0.00744	0.00883	0.00558	0.00558	0.01116	0.01674	0.02371	0.75216	0.04417	0.05580	0.01209	0.00697	0.00186	0.00279	0.01069	0.00651	0.00558
13	0.01471	0.01270	0.01337	0.01203	0.01538	0.01471	0.00936	0.03142	0.74459	0.02474	0.02407	0.02206	0.01805	0.00802	0.00602	0.00201	0.00468	0.00669	0.00602	0.00936
14	0.02265	0.01629	0.01758	0.01348	0.01820	0.01794	0.01113	0.70609	0.02735	0.06738	0.01458	0.01445	0.01025	0.00711	0.00592	0.00178	0.00645	0.00535	0.00597	0.01006
15	0.00721	0.00515	0.00686	0.00823	0.00858	0.00480	0.00549	0.00823	0.01132	0.01510	0.03259	0.78831	0.03911	0.01853	0.00755	0.00240	0.00343	0.01681	0.00549	0.00480
16	0.02209	0.02819	0.01676	0.01524	0.01828	0.76843	0.01143	0.02361	0.01676	0.01447	0.00914	0.01066	0.00762	0.00609	0.00533	0.00152	0.01066	0.00381	0.00305	0.00686
17	0.00721	0.00515	0.00686	0.00823	0.00858	0.00480	0.00549	0.00823	0.01132	0.01510	0.03259	0.78831	0.03911	0.01853	0.00755	0.00240	0.00343	0.01681	0.00549	0.00480
18	0.00860	0.00573	0.00645	0.00645	0.00645	0.00573	0.00358	0.00860	0.00860	0.01147	0.01863	0.03870	0.02150	0.79217	0.03010	0.00573	0.00573	0.00860	0.00358	0.00358
19	0.02653	0.01006	0.01372	0.01052	0.01510	0.00869	0.00869	0.02882	0.01693	0.75937	0.02333	0.02013	0.01464	0.00732	0.00595	0.00183	0.00503	0.00595	0.00732	0.01006
20	0.01471	0.01270	0.01337	0.01203	0.01538	0.01471	0.00936	0.03142	0.74459	0.02474	0.02407	0.02206	0.01805	0.00802	0.00602	0.00201	0.00468	0.00669	0.00602	0.00936
21	0.01117	0.01051	0.01774	0.77795	0.04073	0.01314	0.01642	0.01511	0.01182	0.01511	0.01051	0.01577	0.00788	0.00591	0.00591	0.00197	0.00788	0.00526	0.00263	0.00657
22	0.00860	0.00573	0.00645	0.00645	0.00645	0.00573	0.00358	0.00860	0.00860	0.01147	0.01863	0.03870	0.02150	0.79217	0.03010	0.00573	0.00573	0.00860	0.00358	0.00358
23	0.01581	0.79572	0.03099	0.01012	0.01518	0.02340	0.01012	0.01771	0.01202	0.01391	0.00822	0.00949	0.00759	0.00506	0.00379	0.00126	0.00632	0.00316	0.00253	0.00759
24	0.01396	0.01595	0.03490	0.02493	0.03091	0.01496	0.73380	0.01894	0.01396	0.01894	0.01196	0.01595	0.00897	0.00499	0.00698	0.00199	0.00997	0.00698	0.00299	0.00798
25	0.01069	0.00726	0.00918	0.00853	0.01019	0.00656	0.00634	0.01304	0.01747	0.06237	0.70058	0.04410	0.05395	0.01259	0.00745	0.00210	0.00340	0.01075	0.00693	0.00651
26	0.01076	0.00771	0.01020	0.01136	0.01278	0.00749	0.00957	0.01289	0.01414	0.01851	0.03251	0.06563	0.05835	0.05659	0.00976	0.00307	0.00582	0.64107	0.00576	0.00604
27	0.01600	0.01540	0.02494	0.03367	0.61071	0.03684	0.08251	0.01948	0.03552	0.02031	0.01273	0.01659	0.01072	0.00638	0.00689	0.00204	0.03024	0.00583	0.00347	0.00970

[dist]
# distance from previous block
# <min> <max>
11	14

[block]
# block no. 1 follows, 39 sequences, length 12
# corresponding to MSA columns:
# 223-234
name=unknown_B
#
# <colnr> <probs for GDERKNQSTAVLIFYWHMCP>
#	G	D	E	R	K	N	Q	S	T	A	V	L	I	F	Y	W	H	M	C	P
0	0.01741	0.60047	0.02737	0.01142	0.01597	0.21292	0.01045	0.01921	0.01322	0.01406	0.00846	0.00979	0.00760	0.00532	0.00419	0.00133	0.00743	0.00333	0.00266	0.00740
1	0.01259	0.01091	0.01478	0.01736	0.20198	0.01209	0.01094	0.02105	0.31196	0.01967	0.01802	0.02057	0.01475	0.01951	0.26189	0.00446	0.00902	0.00621	0.00428	0.00799
2	0.01308	0.01125	0.01264	0.00986	0.01447	0.01017	0.00780	0.02044	0.25798	0.02111	0.01506	0.01555	0.01188	0.00560	0.00493	0.00126	0.00448	0.00457	0.00435	0.55354
3	0.55907	0.01186	0.01026	0.00921	0.01276	0.01375	0.00740	0.02209	0.25652	0.02593	0.01355	0.01379	0.01031	0.00634	0.00445	0.00189	0.00461	0.00437	0.00445	0.00740
4	0.28882	0.01367	0.02183	0.01678	0.02046	0.01519	0.30636	0.01722	0.01140	0.02029	0.00964	0.01306	0.00780	0.00652	0.00903	0.00209	0.20439	0.00525	0.00311	0.00707
5	0.00949	0.00761	0.00802	0.00768	0.00935	0.00771	0.00543	0.01436	0.19783	0.01669	0.03694	0.04194	0.32055	0.27398	0.01450	0.00325	0.00434	0.00970	0.00499	0.00563
6	0.00990	0.01608	0.31687	0.01149	0.01535	0.00944	0.01204	0.01325	0.01042	0.01502	0.01463	0.02402	0.01405	0.27938	0.20796	0.00511	0.00954	0.00629	0.00303	0.00613
7	0.00810	0.00593	0.00693	0.00674	0.00782	0.00548	0.00463	0.00962	0.01318	0.01764	0.32994	0.04558	0.22162	0.27456	0.01474	0.00319	0.00383	0.01045	0.00527	0.00476
8	0.00825	0.00558	0.00655	0.00690	0.00699	0.00550	0.00407	0.00851	0.00929	0.01239	0.02218	0.22939	0.02598	0.59536	0.02436	0.00489	0.00515	0.01069	0.00407	0.00389
9	0.01653	0.01130	0.01493	0.26864	0.02381	0.01265	0.01156	0.02529	0.31362	0.20839	0.01933	0.01946	0.01377	0.00714	0.00596	0.00195	0.00584	0.00602	0.00521	0.00860
10	0.01437	0.00897	0.01107	0.00968	0.01127	0.00957	0.00718	0.25192	0.01445	0.01933	0.01159	0.01671	0.01020	0.01603	0.01734	0.55074	0.00560	0.00520	0.00369	0.00508
11	0.01985	0.01572	0.01985	0.02122	0.26560	0.01690	0.01356	0.49485	0.02299	0.03125	0.01317	0.01435	0.00983	0.00649	0.00590	0.00177	0.00668	0.00531	0.00491	0.00983

[dist]
# distance from previous block
# <min> <max>
0	5

[block]
# block no. 2 follows, 39 sequences, length 36
# corresponding to MSA columns:
# 240-275
name=unknown_C
#
# <colnr> <probs for GDERKNQSTAVLIFYWHMCP>
#	G	D	E	R	K	N	Q	S	T	A	V	L	I	F	Y	W	H	M	C	P
0	0.01305	0.01013	0.01059	0.00897	0.01204	0.01021	0.00713	0.29289	0.01908	0.02431	0.04203	0.04020	0.46231	0.01190	0.00657	0.00191	0.00437	0.00968	0.00566	0.00697
1	0.01241	0.01019	0.01133	0.01027	0.01289	0.01122	0.00792	0.03939	0.44370	0.02462	0.30865	0.03054	0.03264	0.00959	0.00639	0.00194	0.00398	0.00822	0.00621	0.00790
2	0.01275	0.02305	0.44134	0.02410	0.31030	0.01348	0.01972	0.01806	0.01282	0.01881	0.01174	0.04591	0.00955	0.00602	0.00579	0.00185	0.00785	0.00524	0.00279	0.00882
3	0.02549	0.01030	0.01398	0.04286	0.01626	0.00926	0.00909	0.04472	0.03549	0.69265	0.02260	0.01986	0.01434	0.00727	0.00595	0.00184	0.00518	0.00592	0.00706	0.00990
4	0.00725	0.00518	0.00691	0.00820	0.00859	0.00484	0.00549	0.00836	0.01155	0.01546	0.06282	0.75705	0.03981	0.01826	0.00752	0.00238	0.00340	0.01655	0.00553	0.00484
5	0.01897	0.00814	0.01104	0.00963	0.01255	0.00717	0.00744	0.02077	0.01473	0.46824	0.02695	0.32061	0.02421	0.01170	0.00657	0.00205	0.00441	0.01020	0.00660	0.00801
6	0.01848	0.01420	0.01560	0.01171	0.01665	0.01425	0.00958	0.45366	0.02173	0.03023	0.01276	0.01344	0.00955	0.00604	0.00531	0.00142	0.00568	0.00461	0.00497	0.33013
7	0.01915	0.01633	0.02446	0.01803	0.02326	0.01702	0.29388	0.45525	0.02239	0.03010	0.01332	0.01488	0.00963	0.00627	0.00633	0.00186	0.00786	0.00597	0.00477	0.00924
8	0.33144	0.00796	0.00733	0.00697	0.00840	0.00868	0.00469	0.01204	0.00917	0.01736	0.01457	0.02732	0.01560	0.48445	0.01976	0.00421	0.00528	0.00649	0.00361	0.00469
9	0.33367	0.01087	0.01087	0.00838	0.01301	0.00999	0.00677	0.01587	0.01140	0.02211	0.00962	0.01122	0.00784	0.00481	0.00410	0.00125	0.00446	0.00339	0.00356	0.50682
10	0.01368	0.01919	0.30547	0.01334	0.01868	0.01360	0.01382	0.06672	0.34015	0.02286	0.01773	0.01785	0.01315	0.00691	0.00566	0.00188	0.00618	0.00558	0.08879	0.00876
11	0.01372	0.01015	0.01151	0.00967	0.01245	0.01050	0.00766	0.29418	0.02066	0.02804	0.37612	0.03406	0.12589	0.01050	0.00656	0.00184	0.00427	0.00882	0.00615	0.00726
12	0.00837	0.00604	0.00790	0.00744	0.00883	0.00558	0.00558	0.01116	0.01674	0.02371	0.75216	0.04417	0.05580	0.01209	0.00697	0.00186	0.00279	0.01069	0.00651	0.00558
13	0.00875	0.00581	0.00606	0.00600	0.00767	0.00527	0.00450	0.01091	0.01349	0.01939	0.13654	0.04157	0.37114	0.01143	0.00587	0.00174	0.00287	0.00952	0.32619	0.00527
14	0.00946	0.00601	0.00794	0.00794	0.00912	0.00666	0.00612	0.01182	0.01064	0.01698	0.01719	0.02277	0.01493	0.02970	0.46965	0.00633	0.01072	0.00601	0.32464	0.00537
15	0.00791	0.00569	0.00750	0.00775	0.00873	0.00528	0.00554	0.01002	0.01462	0.02034	0.47069	0.33525	0.04927	0.01461	0.00720	0.00207	0.00304	0.01309	0.00611	0.00528
16	0.00862	0.00616	0.00849	0.00985	0.01081	0.00602	0.00795	0.01068	0.01272	0.01668	0.03181	0.34897	0.03602	0.01719	0.00793	0.00260	0.00466	0.44218	0.00546	0.00519
17	0.33583	0.48894	0.02227	0.00920	0.01371	0.01944	0.00867	0.01758	0.01125	0.01885	0.00823	0.00953	0.00713	0.00523	0.00374	0.00149	0.00564	0.00318	0.00297	0.00713
18	0.01514	0.31899	0.02026	0.01129	0.01530	0.01811	0.00966	0.02606	0.45804	0.02050	0.01787	0.01714	0.01396	0.00686	0.00515	0.00172	0.00532	0.00531	0.00465	0.00867
19	0.33989	0.01456	0.01421	0.01133	0.01564	0.01636	0.00935	0.45464	0.02087	0.03307	0.01187	0.01240	0.00863	0.00647	0.00503	0.00180	0.00575	0.00449	0.00503	0.00863
20	0.01718	0.01034	0.01617	0.47776	0.03070	0.01140	0.01340	0.02047	0.01382	0.30624	0.01553	0.01747	0.01053	0.00646	0.00593	0.00192	0.00677	0.00553	0.00446	0.00794
21	0.02406	0.01427	0.01615	0.01244	0.01707	0.03086	0.01025	0.44364	0.02331	0.31923	0.01766	0.01644	0.01180	0.00716	0.00592	0.00179	0.00602	0.00554	0.00640	0.00999
22	0.01378	0.01178	0.01255	0.01135	0.01444	0.01342	0.00880	0.02852	0.64362	0.02432	0.10017	0.02558	0.04825	0.00869	0.00615	0.00199	0.00443	0.00731	0.00605	0.00882
23	0.33946	0.02076	0.01368	0.01225	0.01554	0.42220	0.00949	0.05268	0.01445	0.02020	0.00898	0.01046	0.00726	0.00600	0.00503	0.00168	0.02598	0.00367	0.00340	0.00681
24	0.01293	0.01264	0.02112	0.01508	0.02062	0.01065	0.29130	0.01648	0.01293	0.01914	0.01108	0.01371	0.00884	0.00462	0.00540	0.00131	0.00657	0.00486	0.00330	0.50743
25	0.01125	0.31494	0.01689	0.00845	0.01130	0.01254	0.00733	0.01365	0.01481	0.01969	0.44397	0.03092	0.05425	0.00941	0.00573	0.00163	0.00418	0.00779	0.00493	0.00635
26	0.01332	0.01185	0.01508	0.31163	0.02529	0.01410	0.01212	0.02504	0.45796	0.02097	0.01877	0.01960	0.01407	0.00720	0.00598	0.00199	0.00593	0.00613	0.00469	0.00827
27	0.00851	0.00586	0.00702	0.00684	0.00738	0.00567	0.00436	0.00960	0.01178	0.01626	0.30556	0.04084	0.03492	0.48703	0.02105	0.00422	0.00458	0.00942	0.00473	0.00436
28	0.00862	0.00616	0.00849	0.00985	0.01081	0.00602	0.00795	0.01068	0.01272	0.01668	0.03181	0.34897	0.03602	0.01719	0.00793	0.00260	0.00466	0.44218	0.00546	0.00519
29	0.01944	0.01505	0.01604	0.01299	0.01718	0.01692	0.01050	0.46013	0.30818	0.03237	0.01806	0.01728	0.01318	0.00746	0.00596	0.00187	0.00579	0.00586	0.00596	0.00978
30	0.02209	0.02819	0.01676	0.01524	0.01828	0.76843	0.01143	0.02361	0.01676	0.01447	0.00914	0.01066	0.00762	0.00609	0.00533	0.00152	0.01066	0.00381	0.00305	0.00686
31	0.01444	0.01517	0.01236	0.01259	0.01461	0.30472	0.01027	0.01670	0.01484	0.01644	0.02264	0.04479	0.02370	0.01233	0.00706	0.00225	0.00749	0.43710	0.00451	0.00600
32	0.00766	0.00550	0.00727	0.00792	0.00868	0.00511	0.00552	0.00938	0.01344	0.01847	0.31406	0.49723	0.04564	0.01601	0.00732	0.00219	0.00318	0.01442	0.00589	0.00511
33	0.00916	0.00587	0.00880	0.00880	0.00944	0.00651	0.00651	0.00944	0.00880	0.01238	0.01366	0.02118	0.01302	0.03504	0.47707	0.32964	0.01165	0.00587	0.00293	0.00422
34	0.02047	0.00828	0.01051	0.00856	0.01189	0.00745	0.00691	0.02294	0.01516	0.47096	0.02175	0.02088	0.01484	0.00715	0.00524	0.00165	0.00414	0.00578	0.32716	0.00828
35	0.00953	0.00537	0.00604	0.00658	0.00755	0.00523	0.00466	0.01161	0.01198	0.01933	0.02450	0.32178	0.02453	0.01144	0.00547	0.00178	0.00302	0.00993	0.50444	0.00523

[dist]
# distance from previous block
# <min> <max>
3	7

[block]
# block no. 3 follows, 39 sequences, length 45
# corresponding to MSA columns:
# 283-327
name=unknown_D
#
# <colnr> <probs for GDERKNQSTAVLIFYWHMCP>
#	G	D	E	R	K	N	Q	S	T	A	V	L	I	F	Y	W	H	M	C	P
0	0.01573	0.01341	0.01408	0.01271	0.01611	0.01522	0.00978	0.03187	0.73269	0.02559	0.02491	0.02338	0.01891	0.00870	0.00647	0.00220	0.00505	0.00700	0.00634	0.00986
1	0.01566	0.01473	0.02452	0.03656	0.74332	0.01457	0.01842	0.01882	0.01411	0.02026	0.01218	0.01608	0.01037	0.00599	0.00631	0.00195	0.00735	0.00561	0.00330	0.00987
2	0.00835	0.00598	0.00768	0.00898	0.00942	0.00549	0.00598	0.00908	0.01200	0.01611	0.03329	0.77648	0.03961	0.01902	0.00797	0.00259	0.00382	0.01695	0.00582	0.00539
3	0.01333	0.01125	0.01299	0.00950	0.01477	0.00851	0.00747	0.01562	0.01292	0.02021	0.01158	0.01375	0.00978	0.00512	0.00486	0.00109	0.00475	0.00387	0.00387	0.81478
4	0.00973	0.00656	0.00727	0.00723	0.00733	0.00640	0.00411	0.00944	0.00932	0.01254	0.01957	0.03973	0.02230	0.77939	0.03013	0.00586	0.00608	0.00888	0.00394	0.00419
5	0.00814	0.00681	0.00682	0.00677	0.00885	0.00567	0.00500	0.00933	0.01412	0.01697	0.06013	0.05763	0.74113	0.01553	0.00742	0.00219	0.00339	0.01269	0.00582	0.00557
6	0.00942	0.00680	0.00863	0.00825	0.00966	0.00620	0.00606	0.01175	0.01695	0.02399	0.69156	0.09574	0.05487	0.01313	0.00745	0.00209	0.00324	0.01136	0.00675	0.00610
7	0.01254	0.00754	0.00968	0.00872	0.01073	0.00677	0.00659	0.01491	0.01735	0.14792	0.61832	0.04108	0.04911	0.01190	0.00723	0.00205	0.00357	0.01014	0.00696	0.00690
8	0.01064	0.00761	0.01030	0.01159	0.01304	0.00745	0.00995	0.01303	0.01425	0.01867	0.03203	0.06726	0.03462	0.01687	0.00858	0.00290	0.00580	0.70363	0.00577	0.00602
9	0.02298	0.02862	0.01740	0.01586	0.01896	0.75601	0.01181	0.02419	0.01734	0.01550	0.01024	0.01218	0.00865	0.00680	0.00579	0.00172	0.01093	0.00417	0.00342	0.00740
10	0.01566	0.01473	0.02452	0.03656	0.74332	0.01457	0.01842	0.01882	0.01411	0.02026	0.01218	0.01608	0.01037	0.00599	0.00631	0.00195	0.00735	0.00561	0.00330	0.00987
11	0.01471	0.01270	0.01337	0.01203	0.01538	0.01471	0.00936	0.03142	0.74459	0.02474	0.02407	0.02206	0.01805	0.00802	0.00602	0.00201	0.00468	0.00669	0.00602	0.00936
12	0.01581	0.79572	0.03099	0.01012	0.01518	0.02340	0.01012	0.01771	0.01202	0.01391	0.00822	0.00949	0.00759	0.00506	0.00379	0.00126	0.00632	0.00316	0.00253	0.00759
13	0.00699	0.00599	0.00599	0.00599	0.00799	0.00499	0.00449	0.00849	0.01348	0.01598	0.05991	0.05691	0.75288	0.01498	0.00699	0.00200	0.00300	0.01248	0.00549	0.00499
14	0.00704	0.00599	0.00606	0.00604	0.00802	0.00501	0.00453	0.00858	0.01360	0.01625	0.08457	0.05646	0.72804	0.01487	0.00699	0.00199	0.00299	0.01242	0.00553	0.00501
15	0.01563	0.76138	0.06378	0.01042	0.01565	0.02297	0.01065	0.01775	0.01204	0.01413	0.00833	0.00962	0.00758	0.00508	0.00388	0.00129	0.00643	0.00322	0.00253	0.00764
16	0.01294	0.01294	0.01811	0.01553	0.01553	0.01811	0.01294	0.01423	0.00906	0.01423	0.00776	0.01294	0.00776	0.01035	0.01941	0.00259	0.78134	0.00518	0.00259	0.00647
17	0.02171	0.01615	0.01775	0.06560	0.01986	0.01799	0.01159	0.68655	0.02672	0.03576	0.01395	0.01430	0.00991	0.00702	0.00592	0.00179	0.00660	0.00532	0.00569	0.00982
18	0.00860	0.00573	0.00645	0.00645	0.00645	0.00573	0.00358	0.00860	0.00860	0.01147	0.01863	0.03870	0.02150	0.79217	0.03010	0.00573	0.00573	0.00860	0.00358	0.00358
19	0.02653	0.01006	0.01372	0.01052	0.01510	0.00869	0.00869	0.02882	0.01693	0.75937	0.02333	0.02013	0.01464	0.00732	0.00595	0.00183	0.00503	0.00595	0.00732	0.01006
20	0.00837	0.00604	0.00790	0.00744	0.00883	0.00558	0.00558	0.01116	0.01674	0.02371	0.75216	0.04417	0.05580	0.01209	0.00697	0.00186	0.00279	0.01069	0.00651	0.00558
21	0.01186	0.03059	0.76153	0.01686	0.02560	0.01373	0.02185	0.01873	0.01249	0.01873	0.01061	0.01249	0.00749	0.00562	0.00562	0.00187	0.00874	0.00437	0.00250	0.00874
22	0.01027	0.00514	0.00770	0.00770	0.00770	0.00514	0.00514	0.00770	0.00770	0.01027	0.01027	0.01798	0.01027	0.02054	0.02311	0.82794	0.00514	0.00514	0.00257	0.00257
23	0.00953	0.00681	0.00953	0.01089	0.01225	0.00681	0.00953	0.01225	0.01361	0.01770	0.03131	0.06671	0.03403	0.01634	0.00817	0.00272	0.00545	0.71547	0.00545	0.00545
24	0.01383	0.01565	0.03362	0.04740	0.03052	0.01504	0.67963	0.01862	0.01367	0.01862	0.01173	0.01581	0.00889	0.00525	0.00750	0.00202	0.04453	0.00685	0.00296	0.00787
25	0.01581	0.79572	0.03099	0.01012	0.01518	0.02340	0.01012	0.01771	0.01202	0.01391	0.00822	0.00949	0.00759	0.00506	0.00379	0.00126	0.00632	0.00316	0.00253	0.00759
26	0.00860	0.00573	0.00645	0.00645	0.00645	0.00573	0.00358	0.00860	0.00860	0.01147	0.01863	0.03870	0.02150	0.79217	0.03010	0.00573	0.00573	0.00860	0.00358	0.00358
27	0.01186	0.03059	0.76153	0.01686	0.02560	0.01373	0.02185	0.01873	0.01249	0.01873	0.01061	0.01249	0.00749	0.00562	0.00562	0.00187	0.00874	0.00437	0.00250	0.00874
28	0.02362	0.01002	0.01318	0.01043	0.01459	0.00912	0.00850	0.02760	0.10043	0.61185	0.08603	0.02242	0.01857	0.00781	0.00604	0.00185	0.00480	0.00644	0.00710	0.00960
29	0.00860	0.00573	0.00645	0.00645	0.00645	0.00573	0.00358	0.00860	0.00860	0.01147	0.01863	0.03870	0.02150	0.79217	0.03010	0.00573	0.00573	0.00860	0.00358	0.00358
30	0.01396	0.01595	0.03490	0.02493	0.03091	0.01496	0.73380	0.01894	0.01396	0.01894	0.01196	0.01595	0.00897	0.00499	0.00698	0.00199	0.00997	0.00698	0.00299	0.00798
31	0.01543	0.72191	0.10147	0.01077	0.01618	0.02247	0.01125	0.01781	0.01206	0.01438	0.00845	0.00978	0.00758	0.00511	0.00397	0.00132	0.00656	0.00328	0.00253	0.00770
32	0.02653	0.01006	0.01372	0.01052	0.01510	0.00869	0.00869	0.02882	0.01693	0.75937	0.02333	0.02013	0.01464	0.00732	0.00595	0.00183	0.00503	0.00595	0.00732	0.01006
33	0.00721	0.00515	0.00686	0.00823	0.00858	0.00480	0.00549	0.00823	0.01132	0.01510	0.03259	0.78831	0.03911	0.01853	0.00755	0.00240	0.00343	0.01681	0.00549	0.00480
34	0.02209	0.02819	0.01676	0.01524	0.01828	0.76843	0.01143	0.02361	0.01676	0.01447	0.00914	0.01066	0.00762	0.00609	0.00533	0.00152	0.01066	0.00381	0.00305	0.00686
35	0.01396	0.01595	0.03490	0.02493	0.03091	0.01496	0.73380	0.01894	0.01396	0.01894	0.01196	0.01595	0.00897	0.00499	0.00698	0.00199	0.00997	0.00698	0.00299	0.00798
36	0.01186	0.03059	0.76153	0.01686	0.02560	0.01373	0.02185	0.01873	0.01249	0.01873	0.01061	0.01249	0.00749	0.00562	0.00562	0.00187	0.00874	0.00437	0.00250	0.00874
37	0.01551	0.01252	0.01340	0.01193	0.01536	0.01430	0.00931	0.03125	0.69509	0.07471	0.02402	0.02193	0.01782	0.00798	0.00601	0.00199	0.00470	0.00664	0.00611	0.00941
38	0.01665	0.01367	0.01446	0.01243	0.01612	0.01561	0.00983	0.20696	0.56590	0.02786	0.02161	0.02010	0.01606	0.00779	0.00599	0.00195	0.00514	0.00635	0.00599	0.00953
39	0.00845	0.00634	0.00950	0.00950	0.01056	0.00739	0.00739	0.01056	0.00950	0.01373	0.01584	0.02323	0.01478	0.04435	0.76873	0.00950	0.01584	0.00634	0.00317	0.00528
40	0.01004	0.00643	0.00836	0.00765	0.00939	0.00585	0.00582	0.01271	0.01657	0.09414	0.64261	0.04258	0.09145	0.01179	0.00688	0.00186	0.00302	0.01034	0.00653	0.00598
41	0.02248	0.01656	0.01775	0.01361	0.01834	0.01834	0.01124	0.73556	0.02780	0.03727	0.01420	0.01420	0.01006	0.00710	0.00592	0.00177	0.00651	0.00532	0.00592	0.01006
42	0.02209	0.02819	0.01676	0.01524	0.01828	0.76843	0.01143	0.02361	0.01676	0.01447	0.00914	0.01066	0.00762	0.00609	0.00533	0.00152	0.01066	0.00381	0.00305	0.00686
43	0.00721	0.00515	0.00686	0.00823	0.00858	0.00480	0.00549	0.00823	0.01132	0.01510	0.03259	0.78831	0.03911	0.01853	0.00755	0.00240	0.00343	0.01681	0.00549	0.00480
44	0.01471	0.01270	0.01337	0.01203	0.01538	0.01471	0.00936	0.03142	0.74459	0.02474	0.02407	0.02206	0.01805	0.00802	0.00602	0.00201	0.00468	0.00669	0.00602	0.00936

[dist]
# distance from previous block
# <min> <max>
0	1

[block]
# block no. 4 follows, 39 sequences, length 17
# corresponding to MSA columns:
# 329-345
name=unknown_E
#
# <colnr> <probs for GDERKNQSTAVLIFYWHMCP>
#	G	D	E	R	K	N	Q	S	T	A	V	L	I	F	Y	W	H	M	C	P
0	0.02248	0.01656	0.01775	0.01361	0.01834	0.01834	0.01124	0.73556	0.02780	0.03727	0.01420	0.01420	0.01006	0.00710	0.00592	0.00177	0.00651	0.00532	0.00592	0.01006
1	0.00953	0.00681	0.00953	0.01089	0.01225	0.00681	0.00953	0.01225	0.01361	0.01770	0.03131	0.06671	0.03403	0.01634	0.00817	0.00272	0.00545	0.71547	0.00545	0.00545
2	0.02248	0.01656	0.01775	0.01361	0.01834	0.01834	0.01124	0.73556	0.02780	0.03727	0.01420	0.01420	0.01006	0.00710	0.00592	0.00177	0.00651	0.00532	0.00592	0.01006
3	0.00721	0.00515	0.00686	0.00823	0.00858	0.00480	0.00549	0.00823	0.01132	0.01510	0.03259	0.78831	0.03911	0.01853	0.00755	0.00240	0.00343	0.01681	0.00549	0.00480
4	0.00837	0.00604	0.00790	0.00744	0.00883	0.00558	0.00558	0.01116	0.01674	0.02371	0.75216	0.04417	0.05580	0.01209	0.00697	0.00186	0.00279	0.01069	0.00651	0.00558
5	0.00721	0.00515	0.00686	0.00823	0.00858	0.00480	0.00549	0.00823	0.01132	0.01510	0.03259	0.78831	0.03911	0.01853	0.00755	0.00240	0.00343	0.01681	0.00549	0.00480
6	0.01581	0.79572	0.03099	0.01012	0.01518	0.02340	0.01012	0.01771	0.01202	0.01391	0.00822	0.00949	0.00759	0.00506	0.00379	0.00126	0.00632	0.00316	0.00253	0.00759
7	0.01186	0.03059	0.76153	0.01686	0.02560	0.01373	0.02185	0.01873	0.01249	0.01873	0.01061	0.01249	0.00749	0.00562	0.00562	0.00187	0.00874	0.00437	0.00250	0.00874
8	0.00860	0.00573	0.00645	0.00645	0.00645	0.00573	0.00358	0.00860	0.00860	0.01147	0.01863	0.03870	0.02150	0.79217	0.03010	0.00573	0.00573	0.00860	0.00358	0.00358
9	0.00845	0.00634	0.00950	0.00950	0.01056	0.00739	0.00739	0.01056	0.00950	0.01373	0.01584	0.02323	0.01478	0.04435	0.76873	0.00950	0.01584	0.00634	0.00317	0.00528
10	0.06376	0.01546	0.01655	0.01293	0.01746	0.01705	0.01062	0.57747	0.10087	0.08414	0.01554	0.01518	0.01101	0.00713	0.00581	0.00181	0.00612	0.00540	0.00590	0.00980
11	0.02192	0.01687	0.01755	0.01374	0.01801	0.07008	0.01128	0.60758	0.02528	0.06122	0.01373	0.01409	0.00990	0.00727	0.00685	0.00182	0.06248	0.00523	0.00553	0.00958
12	0.00721	0.00515	0.00686	0.00823	0.00858	0.00480	0.00549	0.00823	0.01132	0.01510	0.03259	0.78831	0.03911	0.01853	0.00755	0.00240	0.00343	0.01681	0.00549	0.00480
13	0.01148	0.01083	0.01829	0.71209	0.10419	0.01322	0.01658	0.01538	0.01197	0.01548	0.01057	0.01567	0.00802	0.00586	0.00591	0.00195	0.00781	0.00526	0.00265	0.00682
14	0.00837	0.00604	0.00790	0.00744	0.00883	0.00558	0.00558	0.01116	0.01674	0.02371	0.75216	0.04417	0.05580	0.01209	0.00697	0.00186	0.00279	0.01069	0.00651	0.00558
15	0.00837	0.00604	0.00790	0.00744	0.00883	0.00558	0.00558	0.01116	0.01674	0.02371	0.75216	0.04417	0.05580	0.01209	0.00697	0.00186	0.00279	0.01069	0.00651	0.00558
16	0.83394	0.01144	0.00869	0.00778	0.01144	0.01327	0.00640	0.01738	0.01006	0.02653	0.00823	0.00961	0.00640	0.00549	0.00366	0.00183	0.00457	0.00320	0.00366	0.00640

[dist]
# distance from previous block
# <min> <max>
0	2

[block]
# block no. 5 follows, 39 sequences, length 23
# corresponding to MSA columns:
# 348-370
name=unknown_F
#
# <colnr> <probs for GDERKNQSTAVLIFYWHMCP>
#	G	D	E	R	K	N	Q	S	T	A	V	L	I	F	Y	W	H	M	C	P
0	0.02626	0.01050	0.01399	0.01073	0.01531	0.00934	0.00886	0.07609	0.01765	0.71107	0.02272	0.01973	0.01433	0.00730	0.00594	0.00183	0.00513	0.00591	0.00723	0.01006
1	0.00824	0.00604	0.00773	0.00731	0.00876	0.00553	0.00548	0.01091	0.01644	0.02300	0.68789	0.04536	0.12052	0.01236	0.00698	0.00187	0.00281	0.01086	0.00642	0.00553
2	0.01012	0.01042	0.08148	0.01159	0.01408	0.00897	0.08647	0.01572	0.17280	0.01878	0.09491	0.39433	0.02990	0.01295	0.00692	0.00217	0.00484	0.01180	0.00515	0.00658
3	0.83394	0.01144	0.00869	0.00778	0.01144	0.01327	0.00640	0.01738	0.01006	0.02653	0.00823	0.00961	0.00640	0.00549	0.00366	0.00183	0.00457	0.00320	0.00366	0.00640
4	0.01639	0.01432	0.01426	0.01249	0.01602	0.06527	0.00978	0.13838	0.58690	0.02597	0.02157	0.02011	0.01614	0.00775	0.00596	0.00194	0.00536	0.00629	0.00580	0.00930
5	0.75729	0.01094	0.00862	0.00775	0.01120	0.01255	0.00633	0.01681	0.01068	0.02627	0.07730	0.01282	0.01099	0.00610	0.00397	0.00183	0.00441	0.00390	0.00392	0.00633
6	0.00775	0.00548	0.00721	0.00839	0.00884	0.00524	0.00583	0.00889	0.01129	0.01498	0.03044	0.57367	0.03587	0.12687	0.01081	0.00292	0.00406	0.12152	0.00522	0.00473
7	0.01505	0.64881	0.17126	0.01141	0.01718	0.02154	0.01237	0.01790	0.01211	0.01484	0.00868	0.01006	0.00757	0.00517	0.00414	0.00138	0.00679	0.00339	0.00252	0.00781
8	0.04976	0.12297	0.58922	0.01615	0.02402	0.01498	0.06694	0.01856	0.01242	0.01850	0.01030	0.01222	0.00755	0.00550	0.00540	0.00180	0.00834	0.00434	0.00259	0.00844
9	0.00753	0.00528	0.00677	0.00782	0.00808	0.00502	0.00505	0.00832	0.01069	0.01425	0.02935	0.61394	0.03502	0.19849	0.01279	0.00318	0.00397	0.01490	0.00505	0.00452
10	0.00879	0.00577	0.00653	0.00659	0.00674	0.00577	0.00389	0.00909	0.00906	0.01241	0.01925	0.03894	0.02167	0.70827	0.02749	0.00533	0.00554	0.04046	0.05463	0.00379
11	0.01061	0.00966	0.05665	0.01112	0.01387	0.00839	0.10782	0.01525	0.08551	0.04672	0.47737	0.03662	0.04046	0.01039	0.00683	0.00193	0.00452	0.04398	0.00572	0.00660
12	0.01352	0.01520	0.03262	0.02359	0.02902	0.01448	0.66394	0.01814	0.01362	0.01854	0.01302	0.06116	0.01070	0.00598	0.00748	0.00204	0.03861	0.00749	0.00312	0.00773
13	0.00825	0.00599	0.00778	0.00744	0.00879	0.00551	0.00554	0.01089	0.01630	0.02293	0.68533	0.09001	0.07785	0.01258	0.00701	0.00190	0.00284	0.01113	0.00641	0.00551
14	0.01902	0.01476	0.10879	0.01243	0.01703	0.01334	0.01102	0.13394	0.32898	0.24412	0.02068	0.01911	0.01451	0.00737	0.00593	0.00190	0.00557	0.00597	0.00594	0.00959
15	0.01874	0.08866	0.11746	0.01681	0.06587	0.01743	0.12241	0.42613	0.02143	0.02890	0.01267	0.01384	0.00930	0.00629	0.00584	0.00177	0.00733	0.00525	0.00454	0.00931
16	0.02653	0.01006	0.01372	0.01052	0.01510	0.00869	0.00869	0.02882	0.01693	0.75937	0.02333	0.02013	0.01464	0.00732	0.00595	0.00183	0.00503	0.00595	0.00732	0.01006
17	0.02440	0.01005	0.01334	0.01047	0.01474	0.00903	0.00856	0.02797	0.08021	0.65057	0.06788	0.02176	0.01745	0.00767	0.00602	0.00185	0.00486	0.00630	0.00716	0.00973
18	0.01229	0.05164	0.53067	0.02014	0.18143	0.01359	0.01957	0.01793	0.01274	0.01852	0.01370	0.01561	0.05419	0.00611	0.00569	0.00183	0.00793	0.00503	0.00278	0.00860
19	0.01186	0.03059	0.76153	0.01686	0.02560	0.01373	0.02185	0.01873	0.01249	0.01873	0.01061	0.01249	0.00749	0.00562	0.00562	0.00187	0.00874	0.00437	0.00250	0.00874
20	0.00845	0.00634	0.00950	0.00950	0.01056	0.00739	0.00739	0.01056	0.00950	0.01373	0.01584	0.02323	0.01478	0.04435	0.76873	0.00950	0.01584	0.00634	0.00317	0.00528
21	0.01218	0.07694	0.66683	0.01635	0.02428	0.01462	0.02053	0.01837	0.01223	0.01813	0.01028	0.01233	0.00752	0.00590	0.00642	0.00188	0.05985	0.00435	0.00251	0.00852
22	0.01308	0.01178	0.01766	0.62151	0.03638	0.01406	0.01547	0.01898	0.14839	0.01807	0.01427	0.01860	0.01097	0.00713	0.00646	0.00220	0.00766	0.00591	0.00370	0.00773

[dist]
# distance from previous block
# <min> <max>
0	114

# created by:
# /software/SequenceAnalysis/GenePrediction/augustus/3.0.1/scripts/msa2prfl.pl ./fixed/BUSCOvEOG7RJHFX.fas
