[name]
unknown

[dist]
# distance from previous block
# <min> <max>
0	212

[block]
# block no. 0 follows, 41 sequences, length 16
# corresponding to MSA columns:
# 236-251
name=unknown_A
#
# <colnr> <probs for GDERKNQSTAVLIFYWHMCP>
#	G	D	E	R	K	N	Q	S	T	A	V	L	I	F	Y	W	H	M	C	P
0	0.00872	0.00628	0.00862	0.00987	0.01105	0.00617	0.00832	0.01102	0.01280	0.01662	0.03194	0.18355	0.07185	0.01608	0.00774	0.00255	0.00482	0.57158	0.00528	0.00514
1	0.00847	0.00593	0.00756	0.00717	0.00864	0.00539	0.00537	0.01091	0.01554	0.04667	0.61173	0.08285	0.13788	0.01220	0.00674	0.00184	0.00283	0.01071	0.00615	0.00543
2	0.00999	0.00605	0.00826	0.04583	0.01074	0.00570	0.00627	0.01159	0.01264	0.12231	0.15483	0.51819	0.03581	0.01472	0.00691	0.00213	0.00364	0.01322	0.00560	0.00558
3	0.02215	0.01536	0.01676	0.01285	0.01741	0.01676	0.01061	0.66906	0.02579	0.11277	0.01466	0.01433	0.01019	0.00689	0.00573	0.00172	0.00614	0.00521	0.00586	0.00973
4	0.01379	0.00930	0.00987	0.00880	0.01139	0.01008	0.00687	0.09104	0.29625	0.06770	0.02208	0.02212	0.05141	0.00751	0.00510	0.00166	0.00387	0.00610	0.34766	0.00741
5	0.00991	0.00736	0.00879	0.00842	0.02168	0.00748	0.00645	0.08469	0.01479	0.02053	0.24570	0.05082	0.22221	0.01258	0.03497	0.00214	0.05048	0.06456	0.12069	0.00575
6	0.01231	0.01933	0.27681	0.02024	0.02649	0.01330	0.44443	0.01744	0.01283	0.01796	0.01270	0.07529	0.01048	0.00605	0.00635	0.00192	0.00875	0.00665	0.00292	0.00772
7	0.02204	0.01191	0.01432	0.01136	0.01545	0.01198	0.00937	0.32241	0.02027	0.37729	0.01985	0.05010	0.01469	0.00809	0.00597	0.00184	0.00543	0.06213	0.00631	0.00919
8	0.01380	0.01442	0.05880	0.12848	0.58538	0.03692	0.04421	0.01740	0.01289	0.01798	0.01063	0.01412	0.00872	0.00521	0.00568	0.00173	0.00719	0.00507	0.00278	0.00856
9	0.01743	0.02099	0.01547	0.19539	0.02185	0.51862	0.01161	0.01940	0.01456	0.01420	0.01144	0.09059	0.01050	0.00706	0.00551	0.00166	0.00898	0.00528	0.00309	0.00637
10	0.01423	0.20308	0.30169	0.01782	0.15016	0.09517	0.05368	0.01829	0.01291	0.03719	0.03789	0.01310	0.00959	0.00554	0.00516	0.00162	0.00757	0.00445	0.00285	0.00799
11	0.01652	0.01567	0.02163	0.02843	0.51559	0.14474	0.05854	0.01955	0.01394	0.09330	0.01167	0.01410	0.00926	0.00542	0.00565	0.00168	0.00738	0.00502	0.00328	0.00863
12	0.00761	0.00610	0.00930	0.00942	0.01043	0.00565	0.07954	0.00903	0.01137	0.01504	0.03158	0.65877	0.09144	0.01633	0.00720	0.00225	0.00392	0.01497	0.00507	0.00497
13	0.01474	0.01255	0.02104	0.17236	0.54977	0.01288	0.01628	0.01809	0.01308	0.09647	0.01189	0.01492	0.00933	0.00542	0.00568	0.00174	0.00675	0.00516	0.00322	0.00863
14	0.01196	0.02655	0.62280	0.01927	0.12086	0.01340	0.06952	0.01806	0.01230	0.01820	0.01042	0.01257	0.00758	0.00535	0.00555	0.00180	0.00832	0.00451	0.00250	0.00848
15	0.01459	0.48368	0.02259	0.01016	0.01423	0.06987	0.00915	0.01974	0.18655	0.01616	0.01666	0.01674	0.08568	0.00660	0.00459	0.00148	0.00570	0.00481	0.00356	0.00744

[dist]
# distance from previous block
# <min> <max>
0	3

[block]
# block no. 1 follows, 41 sequences, length 28
# corresponding to MSA columns:
# 255-282
name=unknown_B
#
# <colnr> <probs for GDERKNQSTAVLIFYWHMCP>
#	G	D	E	R	K	N	Q	S	T	A	V	L	I	F	Y	W	H	M	C	P
0	0.01180	0.02971	0.76563	0.01649	0.02493	0.01345	0.02120	0.01832	0.01228	0.01841	0.01059	0.01253	0.00756	0.00565	0.00557	0.00187	0.00855	0.00433	0.00253	0.00861
1	0.01382	0.01563	0.03386	0.02425	0.03004	0.01462	0.73885	0.01852	0.01369	0.01861	0.01189	0.01586	0.00899	0.00504	0.00688	0.00199	0.00973	0.00684	0.00301	0.00788
2	0.01419	0.01584	0.06783	0.08640	0.20120	0.05886	0.32710	0.01989	0.11155	0.01887	0.01290	0.01584	0.01000	0.00567	0.00625	0.00190	0.00818	0.00596	0.00333	0.00824
3	0.01027	0.00522	0.00770	0.00768	0.00771	0.00517	0.00512	0.00771	0.00768	0.01027	0.01026	0.01781	0.01024	0.02001	0.02241	0.82933	0.00508	0.00507	0.00260	0.00267
4	0.00814	0.00643	0.00945	0.00972	0.01044	0.00633	0.05828	0.00931	0.01115	0.01505	0.02859	0.67258	0.03373	0.03456	0.00857	0.00244	0.05031	0.01478	0.00503	0.00511
5	0.01638	0.40511	0.17661	0.01398	0.07406	0.09147	0.01292	0.07047	0.01383	0.06075	0.01032	0.01164	0.00834	0.00560	0.00474	0.00153	0.00709	0.00393	0.00314	0.00810
6	0.06055	0.02764	0.67511	0.01713	0.06952	0.01344	0.02010	0.01821	0.01220	0.01888	0.01049	0.01249	0.00761	0.00562	0.00548	0.00186	0.00821	0.00432	0.00262	0.00852
7	0.01465	0.01581	0.02956	0.07195	0.14138	0.05384	0.49633	0.01850	0.01369	0.01846	0.01186	0.01598	0.00938	0.00589	0.00751	0.00206	0.05546	0.00639	0.00315	0.00814
8	0.01328	0.01691	0.13960	0.02356	0.12542	0.01379	0.49245	0.01795	0.01358	0.01890	0.05581	0.01681	0.01150	0.00558	0.00654	0.00193	0.00877	0.00646	0.00313	0.00803
9	0.01325	0.01775	0.17179	0.06795	0.07182	0.01441	0.47426	0.01796	0.01300	0.01812	0.01128	0.01497	0.00861	0.00552	0.00719	0.00198	0.05327	0.00607	0.00287	0.00793
10	0.00886	0.00614	0.00730	0.00744	0.00898	0.00542	0.00549	0.01040	0.01339	0.07030	0.16105	0.26334	0.34444	0.01473	0.00703	0.00211	0.00337	0.04911	0.00570	0.00542
11	0.00785	0.00571	0.00735	0.00818	0.00902	0.00531	0.00591	0.00932	0.01254	0.01673	0.16036	0.46284	0.11116	0.03440	0.00787	0.00237	0.00363	0.11890	0.00553	0.00504
12	0.03129	0.14079	0.32929	0.01523	0.07135	0.11368	0.01490	0.02025	0.10039	0.05627	0.01308	0.04542	0.01051	0.00647	0.00539	0.00176	0.00738	0.00496	0.00342	0.00818
13	0.02267	0.06024	0.01644	0.01197	0.01645	0.01452	0.00992	0.39331	0.06189	0.30506	0.01749	0.01645	0.01195	0.00709	0.00575	0.00178	0.00576	0.00542	0.00613	0.00970
14	0.01111	0.00625	0.00822	0.00846	0.00968	0.00569	0.00596	0.01231	0.01243	0.16152	0.08104	0.54263	0.03353	0.06165	0.00838	0.00243	0.00383	0.01337	0.00572	0.00580
15	0.01934	0.02019	0.01604	0.01560	0.09043	0.39757	0.01102	0.10147	0.15806	0.06304	0.01518	0.01574	0.03698	0.00686	0.00563	0.00171	0.00793	0.00504	0.00422	0.00795
16	0.05528	0.07924	0.15742	0.02616	0.05852	0.05861	0.05434	0.05931	0.05252	0.03849	0.27157	0.02378	0.02475	0.00799	0.00591	0.00180	0.00582	0.00669	0.00450	0.00732
17	0.01007	0.00884	0.01253	0.10381	0.11011	0.00988	0.00969	0.01239	0.04097	0.01611	0.05616	0.28909	0.11919	0.01235	0.00911	0.00220	0.15690	0.01020	0.00429	0.00613
18	0.01210	0.01395	0.10418	0.01323	0.01549	0.07701	0.07070	0.01452	0.01190	0.01667	0.09242	0.02196	0.09788	0.01087	0.04748	0.00244	0.29745	0.00646	0.06683	0.00646
19	0.01747	0.09876	0.22424	0.01707	0.10310	0.16932	0.05696	0.15150	0.01625	0.07373	0.01171	0.01314	0.00882	0.00600	0.00552	0.00172	0.00793	0.00463	0.00365	0.00848
20	0.01246	0.08235	0.45692	0.21983	0.03907	0.01357	0.01807	0.01767	0.01214	0.06054	0.01079	0.01316	0.00779	0.00556	0.00540	0.00179	0.00782	0.00447	0.00273	0.00790
21	0.00736	0.00540	0.00742	0.05205	0.01027	0.00524	0.00614	0.00866	0.01128	0.01503	0.05459	0.68283	0.03637	0.01690	0.00723	0.00230	0.00366	0.05728	0.00518	0.00480
22	0.01407	0.01422	0.04889	0.10815	0.50081	0.01388	0.13533	0.06041	0.01373	0.01922	0.01099	0.01438	0.00883	0.00523	0.00584	0.00176	0.00737	0.00534	0.00297	0.00858
23	0.01564	0.01785	0.01711	0.01550	0.06124	0.33179	0.11743	0.01923	0.08674	0.01653	0.04803	0.02135	0.10044	0.00785	0.00691	0.00179	0.06884	0.03522	0.00369	0.00682
24	0.01278	0.06681	0.33041	0.03715	0.08618	0.01436	0.33366	0.01803	0.01273	0.01790	0.01074	0.01360	0.00803	0.00512	0.00593	0.00182	0.00868	0.00534	0.00266	0.00807
25	0.00944	0.00857	0.04135	0.06097	0.16488	0.00773	0.00901	0.01224	0.01435	0.01995	0.40777	0.07928	0.10818	0.02304	0.00680	0.00189	0.00417	0.00919	0.00500	0.00619
26	0.01010	0.01296	0.19257	0.04255	0.01569	0.00890	0.06228	0.05607	0.01515	0.02127	0.39680	0.04856	0.07470	0.00948	0.00634	0.00183	0.00501	0.00834	0.00486	0.00654
27	0.01423	0.01337	0.01649	0.01708	0.16839	0.05852	0.05355	0.02399	0.39432	0.02089	0.01695	0.01736	0.01313	0.00659	0.00612	0.00175	0.03668	0.00560	0.00444	0.11054

[dist]
# distance from previous block
# <min> <max>
5	7

[block]
# block no. 2 follows, 41 sequences, length 33
# corresponding to MSA columns:
# 291-323
name=unknown_C
#
# <colnr> <probs for GDERKNQSTAVLIFYWHMCP>
#	G	D	E	R	K	N	Q	S	T	A	V	L	I	F	Y	W	H	M	C	P
0	0.14080	0.00695	0.00737	0.00724	0.00819	0.00725	0.00478	0.05435	0.01043	0.01596	0.03939	0.18670	0.02220	0.44337	0.01855	0.00395	0.00488	0.00898	0.00407	0.00457
1	0.15371	0.05051	0.01922	0.03663	0.04129	0.20629	0.22081	0.02675	0.02443	0.01770	0.01277	0.09975	0.01180	0.04577	0.00674	0.00197	0.00762	0.00620	0.00336	0.00667
2	0.01270	0.18877	0.49615	0.01793	0.13991	0.01529	0.01819	0.01782	0.01213	0.01723	0.00986	0.01180	0.00755	0.00527	0.00510	0.00167	0.00770	0.00412	0.00249	0.00832
3	0.00773	0.00597	0.00718	0.00791	0.00905	0.00567	0.00576	0.01025	0.07091	0.01587	0.03835	0.43984	0.24421	0.01589	0.00709	0.00221	0.00351	0.09214	0.00535	0.00512
4	0.04051	0.01789	0.18797	0.02726	0.48064	0.06693	0.01704	0.01867	0.03246	0.04082	0.01111	0.01362	0.00882	0.00536	0.00552	0.00172	0.00722	0.00480	0.00297	0.00868
5	0.04160	0.01634	0.16271	0.06092	0.06492	0.06123	0.01238	0.04469	0.33767	0.11123	0.01741	0.01719	0.01273	0.00671	0.00560	0.00184	0.00608	0.00545	0.00466	0.00863
6	0.01299	0.01228	0.02093	0.03043	0.61903	0.01220	0.03973	0.01606	0.01271	0.01803	0.01408	0.13822	0.01362	0.00712	0.00596	0.00181	0.00634	0.00692	0.00323	0.00831
7	0.00851	0.00656	0.00806	0.00874	0.01029	0.00635	0.00712	0.01159	0.06919	0.01678	0.03899	0.14857	0.27143	0.01502	0.00729	0.00231	0.00419	0.34834	0.00533	0.00533
8	0.01010	0.00905	0.01327	0.06566	0.09647	0.00984	0.05980	0.02769	0.04829	0.01636	0.04663	0.23501	0.15862	0.03510	0.00933	0.00221	0.13645	0.00983	0.00422	0.00607
9	0.03833	0.12700	0.04558	0.02191	0.31778	0.25851	0.01358	0.03164	0.06137	0.01725	0.01052	0.01250	0.00870	0.00554	0.00517	0.00158	0.00767	0.00437	0.00306	0.00796
10	0.00806	0.00618	0.00757	0.00802	0.00953	0.00578	0.00641	0.01052	0.03496	0.01750	0.16898	0.12467	0.30035	0.01457	0.00717	0.00218	0.00375	0.25314	0.00548	0.00518
11	0.01302	0.01222	0.02034	0.06117	0.52804	0.01234	0.05065	0.01721	0.06090	0.01950	0.13058	0.01926	0.01665	0.00633	0.00590	0.00175	0.00618	0.00610	0.00356	0.00829
12	0.01486	0.01882	0.31223	0.01772	0.15976	0.01246	0.03336	0.10000	0.05042	0.12135	0.08891	0.01727	0.01404	0.00648	0.00574	0.00178	0.00668	0.00549	0.00405	0.00858
13	0.00902	0.00713	0.01118	0.13266	0.01527	0.00815	0.04420	0.01136	0.00987	0.01408	0.01474	0.02208	0.01350	0.09223	0.50790	0.00689	0.01224	0.00611	0.05605	0.00532
14	0.01339	0.01307	0.02276	0.06723	0.52568	0.01361	0.10138	0.01669	0.01237	0.01765	0.01081	0.01472	0.00913	0.00790	0.05490	0.00228	0.08001	0.00535	0.00281	0.00826
15	0.01274	0.12537	0.58586	0.01641	0.06707	0.01475	0.01886	0.06205	0.01298	0.01865	0.01021	0.01193	0.00752	0.00543	0.00524	0.00172	0.00793	0.00419	0.00264	0.00843
16	0.01425	0.14035	0.09080	0.07861	0.38920	0.01530	0.09575	0.06177	0.02663	0.01863	0.01072	0.01350	0.00867	0.00526	0.00546	0.00168	0.00714	0.00490	0.00295	0.00844
17	0.00711	0.00508	0.00680	0.00813	0.00852	0.00477	0.00556	0.00821	0.01109	0.01476	0.03145	0.74842	0.03752	0.01778	0.00734	0.00234	0.00344	0.06167	0.00531	0.00469
18	0.14006	0.00674	0.00785	0.00867	0.00990	0.00695	0.00651	0.01159	0.05734	0.01747	0.02701	0.46788	0.03050	0.01484	0.00674	0.00228	0.00398	0.16335	0.00505	0.00530
19	0.01189	0.01494	0.19252	0.01107	0.01463	0.07288	0.01042	0.11470	0.06195	0.01950	0.07600	0.18033	0.12215	0.05219	0.00741	0.00211	0.00566	0.01845	0.00448	0.00673
20	0.01595	0.01028	0.01200	0.01058	0.01356	0.01082	0.00833	0.11588	0.28363	0.19233	0.06943	0.14676	0.02216	0.00984	0.00621	0.00197	0.00457	0.05155	0.00601	0.00814
21	0.00698	0.00514	0.00656	0.00767	0.00828	0.00472	0.00524	0.00808	0.01133	0.01479	0.03569	0.66255	0.15255	0.01733	0.00723	0.00227	0.00329	0.03031	0.00531	0.00469
22	0.71566	0.01142	0.00949	0.00819	0.01188	0.01300	0.00675	0.08258	0.01168	0.07268	0.00939	0.01032	0.00701	0.00556	0.00387	0.00177	0.00462	0.00345	0.00395	0.00673
23	0.02715	0.19854	0.38581	0.01291	0.02710	0.01375	0.01444	0.01651	0.03464	0.03558	0.01058	0.01312	0.00847	0.00913	0.03681	0.13402	0.00732	0.00425	0.00271	0.00715
24	0.00902	0.00693	0.00904	0.01100	0.12705	0.00676	0.00621	0.00998	0.01021	0.01345	0.02478	0.03854	0.15258	0.48450	0.02009	0.00411	0.00525	0.05199	0.00381	0.00471
25	0.00744	0.00498	0.00677	0.00788	0.00816	0.00470	0.00526	0.00788	0.01040	0.01386	0.02810	0.67174	0.03340	0.01823	0.00969	0.13431	0.00358	0.01447	0.00486	0.00430
26	0.05483	0.10549	0.44426	0.01421	0.02069	0.13473	0.01608	0.01990	0.01310	0.10940	0.01120	0.01227	0.00807	0.00565	0.00516	0.00169	0.00787	0.00415	0.00313	0.00810
27	0.02937	0.30013	0.16355	0.01655	0.14205	0.22621	0.01350	0.01895	0.01317	0.01555	0.00910	0.01086	0.00760	0.00531	0.00474	0.00149	0.00779	0.00379	0.00266	0.00762
28	0.01182	0.01181	0.01563	0.01355	0.01393	0.03434	0.01118	0.01311	0.00962	0.01404	0.01555	0.01921	0.12714	0.01062	0.01653	0.00239	0.64445	0.00609	0.00296	0.00604
29	0.00821	0.00569	0.00690	0.00686	0.00724	0.00581	0.00435	0.00887	0.00929	0.01262	0.07815	0.03567	0.05015	0.56269	0.16875	0.00580	0.00708	0.00820	0.00368	0.00398
30	0.01343	0.01110	0.01270	0.00922	0.01422	0.00923	0.00743	0.13028	0.01425	0.02140	0.01073	0.01216	0.00867	0.00465	0.00447	0.00099	0.00456	0.00367	0.00376	0.70308
31	0.00743	0.00553	0.00709	0.00787	0.00877	0.00495	0.00539	0.00860	0.01117	0.01505	0.03115	0.67177	0.08133	0.01637	0.00697	0.00215	0.00338	0.01474	0.00512	0.08515
32	0.01212	0.01100	0.01534	0.01095	0.01615	0.00871	0.12360	0.01502	0.01212	0.01859	0.01039	0.01243	0.00850	0.00433	0.00464	0.00102	0.00509	0.00392	0.00331	0.70276

[dist]
# distance from previous block
# <min> <max>
12	20

[block]
# block no. 3 follows, 41 sequences, length 13
# corresponding to MSA columns:
# 349-361
name=unknown_D
#
# <colnr> <probs for GDERKNQSTAVLIFYWHMCP>
#	G	D	E	R	K	N	Q	S	T	A	V	L	I	F	Y	W	H	M	C	P
0	0.01530	0.08380	0.02739	0.01948	0.02422	0.19652	0.44247	0.01882	0.01370	0.01665	0.01058	0.01369	0.00838	0.00626	0.02818	0.00194	0.02733	0.00553	0.00288	0.03688
1	0.00707	0.00505	0.00672	0.00790	0.00832	0.00471	0.00532	0.00821	0.01140	0.01532	0.09457	0.73015	0.03923	0.01738	0.00725	0.00228	0.00326	0.01575	0.00539	0.00471
2	0.00749	0.00633	0.00704	0.00757	0.04129	0.00558	0.00533	0.00956	0.03431	0.01641	0.10310	0.06920	0.61355	0.01381	0.00674	0.00195	0.00320	0.03708	0.00529	0.00519
3	0.01623	0.01328	0.01406	0.01204	0.01564	0.01516	0.00954	0.22036	0.55974	0.02715	0.02074	0.01932	0.01540	0.00752	0.00579	0.00188	0.00500	0.00612	0.00579	0.00923
4	0.00695	0.00505	0.00656	0.00778	0.00825	0.00466	0.00523	0.00799	0.01113	0.01468	0.03381	0.73121	0.10039	0.01762	0.00725	0.00229	0.00328	0.01590	0.00531	0.00466
5	0.01526	0.01604	0.01718	0.04857	0.01693	0.18751	0.01219	0.08173	0.01218	0.01587	0.00849	0.01225	0.00768	0.00862	0.01397	0.00217	0.50910	0.00473	0.00289	0.00666
6	0.01191	0.05739	0.66074	0.01679	0.06262	0.01371	0.01985	0.01871	0.05238	0.01828	0.01091	0.01258	0.00790	0.00552	0.00540	0.00179	0.00806	0.00435	0.00262	0.00848
7	0.00766	0.00607	0.00705	0.00750	0.00919	0.00546	0.00608	0.00957	0.01319	0.01630	0.07293	0.05792	0.48224	0.01485	0.00716	0.00217	0.00372	0.26060	0.00533	0.00500
8	0.00700	0.00507	0.00655	0.00770	0.00817	0.00470	0.00515	0.00800	0.01104	0.01455	0.03341	0.70050	0.10243	0.04645	0.00806	0.00241	0.00336	0.01559	0.00524	0.00462
9	0.01147	0.02959	0.76934	0.01630	0.02476	0.01328	0.02113	0.01811	0.01208	0.01811	0.01026	0.01208	0.00725	0.00543	0.00543	0.00181	0.00845	0.00423	0.00242	0.00845
10	0.00969	0.00840	0.00896	0.07809	0.01251	0.05053	0.00679	0.01160	0.03026	0.01810	0.19509	0.08550	0.41822	0.01328	0.00707	0.00212	0.00424	0.02817	0.00549	0.00589
11	0.00868	0.00637	0.00797	0.00892	0.00967	0.00588	0.00604	0.01003	0.04188	0.01622	0.03107	0.71945	0.03636	0.01748	0.00757	0.00244	0.00382	0.01550	0.00560	0.03905
12	0.00920	0.00718	0.00823	0.00869	0.01026	0.00670	0.00654	0.01176	0.07992	0.01738	0.04238	0.25546	0.33940	0.01567	0.00751	0.00238	0.00405	0.15571	0.00570	0.00586

[dist]
# distance from previous block
# <min> <max>
5	84

# created by:
# /software/SequenceAnalysis/GenePrediction/augustus/3.0.1/scripts/msa2prfl.pl ./fixed/BUSCOvEOG7X3JFV.fas
