[name]
unknown

[dist]
# distance from previous block
# <min> <max>
0	172

[block]
# block no. 0 follows, 39 sequences, length 19
# corresponding to MSA columns:
# 183-201
name=unknown_A
#
# <colnr> <probs for GDERKNQSTAVLIFYWHMCP>
#	G	D	E	R	K	N	Q	S	T	A	V	L	I	F	Y	W	H	M	C	P
0	0.00729	0.00521	0.00694	0.00818	0.00860	0.00486	0.00550	0.00845	0.01172	0.01572	0.08476	0.73436	0.04032	0.01806	0.00751	0.00236	0.00338	0.01637	0.00556	0.00486
1	0.79331	0.01137	0.00895	0.00792	0.01162	0.01304	0.00652	0.01796	0.01041	0.06341	0.00899	0.01014	0.00682	0.00558	0.00377	0.00183	0.00460	0.00334	0.00384	0.00659
2	0.00845	0.00634	0.00950	0.00950	0.01056	0.00739	0.00739	0.01056	0.00950	0.01373	0.01584	0.02323	0.01478	0.04435	0.76873	0.00950	0.01584	0.00634	0.00317	0.00528
3	0.83394	0.01144	0.00869	0.00778	0.01144	0.01327	0.00640	0.01738	0.01006	0.02653	0.00823	0.00961	0.00640	0.00549	0.00366	0.00183	0.00457	0.00320	0.00366	0.00640
4	0.02248	0.01656	0.01775	0.01361	0.01834	0.01834	0.01124	0.73556	0.02780	0.03727	0.01420	0.01420	0.01006	0.00710	0.00592	0.00177	0.00651	0.00532	0.00592	0.01006
5	0.01027	0.00514	0.00770	0.00770	0.00770	0.00514	0.00514	0.00770	0.00770	0.01027	0.01027	0.01798	0.01027	0.02054	0.02311	0.82794	0.00514	0.00514	0.00257	0.00257
6	0.00860	0.00573	0.00645	0.00645	0.00645	0.00573	0.00358	0.00860	0.00860	0.01147	0.01863	0.03870	0.02150	0.79217	0.03010	0.00573	0.00573	0.00860	0.00358	0.00358
7	0.01217	0.09072	0.70412	0.01633	0.02478	0.01449	0.02093	0.01865	0.01245	0.01835	0.01042	0.01225	0.00750	0.00557	0.00548	0.00183	0.00855	0.00428	0.00250	0.00865
8	0.01294	0.01294	0.01811	0.01553	0.01553	0.01811	0.01294	0.01423	0.00906	0.01423	0.00776	0.01294	0.00776	0.01035	0.01941	0.00259	0.78134	0.00518	0.00259	0.00647
9	0.00837	0.00604	0.00790	0.00744	0.00883	0.00558	0.00558	0.01116	0.01674	0.02371	0.75216	0.04417	0.05580	0.01209	0.00697	0.00186	0.00279	0.01069	0.00651	0.00558
10	0.01396	0.01595	0.03490	0.02493	0.03091	0.01496	0.73380	0.01894	0.01396	0.01894	0.01196	0.01595	0.00897	0.00499	0.00698	0.00199	0.00997	0.00698	0.00299	0.00798
11	0.01186	0.03059	0.76153	0.01686	0.02560	0.01373	0.02185	0.01873	0.01249	0.01873	0.01061	0.01249	0.00749	0.00562	0.00562	0.00187	0.00874	0.00437	0.00250	0.00874
12	0.00860	0.00573	0.00645	0.00645	0.00645	0.00573	0.00358	0.00860	0.00860	0.01147	0.01863	0.03870	0.02150	0.79217	0.03010	0.00573	0.00573	0.00860	0.00358	0.00358
13	0.01027	0.00514	0.00770	0.00770	0.00770	0.00514	0.00514	0.00770	0.00770	0.01027	0.01027	0.01798	0.01027	0.02054	0.02311	0.82794	0.00514	0.00514	0.00257	0.00257
14	0.01225	0.08919	0.67543	0.01666	0.02501	0.01453	0.04992	0.01866	0.01251	0.01836	0.01048	0.01239	0.00756	0.00555	0.00553	0.00183	0.00860	0.00438	0.00252	0.00862
15	0.01294	0.01294	0.01811	0.01553	0.01553	0.01811	0.01294	0.01423	0.00906	0.01423	0.00776	0.01294	0.00776	0.01035	0.01941	0.00259	0.78134	0.00518	0.00259	0.00647
16	0.01153	0.01101	0.01781	0.62270	0.03560	0.01415	0.01571	0.01493	0.01126	0.01493	0.00995	0.01519	0.00786	0.00682	0.00866	0.00210	0.16538	0.00524	0.00262	0.00655
17	0.00955	0.00697	0.00940	0.01052	0.01189	0.00704	0.00889	0.01300	0.06186	0.01807	0.05723	0.14985	0.03438	0.01590	0.00791	0.00261	0.00506	0.55872	0.00553	0.00563
18	0.01610	0.76016	0.03033	0.01036	0.01532	0.05792	0.01018	0.01798	0.01224	0.01394	0.00826	0.00954	0.00759	0.00511	0.00387	0.00128	0.00653	0.00319	0.00255	0.00756

[dist]
# distance from previous block
# <min> <max>
0	1

[block]
# block no. 1 follows, 39 sequences, length 7
# corresponding to MSA columns:
# 203-209
name=unknown_B
#
# <colnr> <probs for GDERKNQSTAVLIFYWHMCP>
#	G	D	E	R	K	N	Q	S	T	A	V	L	I	F	Y	W	H	M	C	P
0	0.02209	0.02819	0.01676	0.01524	0.01828	0.76843	0.01143	0.02361	0.01676	0.01447	0.00914	0.01066	0.00762	0.00609	0.00533	0.00152	0.01066	0.00381	0.00305	0.00686
1	0.00832	0.00609	0.00784	0.00755	0.00900	0.00561	0.00576	0.01099	0.01622	0.02259	0.63860	0.04691	0.11812	0.01265	0.00706	0.00193	0.00299	0.05991	0.00634	0.00552
2	0.00721	0.00515	0.00686	0.00823	0.00858	0.00480	0.00549	0.00823	0.01132	0.01510	0.03259	0.78831	0.03911	0.01853	0.00755	0.00240	0.00343	0.01681	0.00549	0.00480
3	0.00860	0.00573	0.00645	0.00645	0.00645	0.00573	0.00358	0.00860	0.00860	0.01147	0.01863	0.03870	0.02150	0.79217	0.03010	0.00573	0.00573	0.00860	0.00358	0.00358
4	0.00721	0.00515	0.00686	0.00823	0.00858	0.00480	0.00549	0.00823	0.01132	0.01510	0.03259	0.78831	0.03911	0.01853	0.00755	0.00240	0.00343	0.01681	0.00549	0.00480
5	0.01464	0.01405	0.02400	0.03630	0.75528	0.01405	0.01815	0.01815	0.01347	0.01932	0.01112	0.01464	0.00937	0.00527	0.00585	0.00176	0.00703	0.00527	0.00293	0.00937
6	0.00845	0.00634	0.00950	0.00950	0.01056	0.00739	0.00739	0.01056	0.00950	0.01373	0.01584	0.02323	0.01478	0.04435	0.76873	0.00950	0.01584	0.00634	0.00317	0.00528

[dist]
# distance from previous block
# <min> <max>
0	1

[block]
# block no. 2 follows, 39 sequences, length 16
# corresponding to MSA columns:
# 211-226
name=unknown_C
#
# <colnr> <probs for GDERKNQSTAVLIFYWHMCP>
#	G	D	E	R	K	N	Q	S	T	A	V	L	I	F	Y	W	H	M	C	P
0	0.01581	0.79572	0.03099	0.01012	0.01518	0.02340	0.01012	0.01771	0.01202	0.01391	0.00822	0.00949	0.00759	0.00506	0.00379	0.00126	0.00632	0.00316	0.00253	0.00759
1	0.00943	0.00673	0.00941	0.01078	0.01209	0.00672	0.00935	0.01208	0.01351	0.01758	0.03137	0.09808	0.03426	0.01643	0.00814	0.00271	0.00536	0.68510	0.00545	0.00542
2	0.01181	0.01122	0.01569	0.01376	0.01395	0.01527	0.01123	0.01315	0.00910	0.01393	0.01003	0.01676	0.01007	0.07766	0.15125	0.00404	0.58663	0.00565	0.00277	0.00603
3	0.01240	0.01177	0.01996	0.51459	0.29447	0.01346	0.01704	0.01619	0.01241	0.01660	0.01073	0.01537	0.00841	0.00568	0.00589	0.00189	0.00758	0.00526	0.00273	0.00756
4	0.01553	0.56451	0.02579	0.01022	0.01517	0.07850	0.00954	0.01756	0.01244	0.01512	0.00879	0.01018	0.00785	0.00499	0.00404	0.00120	0.00624	0.00329	0.00278	0.18623
5	0.00832	0.00615	0.00809	0.00888	0.01003	0.00561	0.00655	0.00990	0.01193	0.01616	0.02968	0.53844	0.03438	0.01636	0.00730	0.00229	0.00398	0.16734	0.00524	0.10336
6	0.26321	0.00799	0.00856	0.00776	0.01008	0.00816	0.00606	0.01434	0.01470	0.07745	0.47131	0.03183	0.03767	0.00972	0.00588	0.00185	0.00350	0.00805	0.00569	0.00616
7	0.01525	0.01239	0.01518	0.18002	0.05780	0.01420	0.01142	0.07626	0.45128	0.07109	0.01974	0.01965	0.01463	0.00732	0.00597	0.00196	0.00564	0.00616	0.00520	0.00885
8	0.00905	0.00646	0.00898	0.01034	0.01149	0.00639	0.00870	0.01142	0.01314	0.01716	0.03158	0.21556	0.03508	0.01679	0.00804	0.00266	0.00503	0.57135	0.00545	0.00531
9	0.00898	0.00702	0.01005	0.17521	0.01578	0.00723	0.00794	0.01202	0.01567	0.02184	0.59067	0.03799	0.04537	0.01074	0.00674	0.00188	0.00390	0.00951	0.00566	0.00580
10	0.01247	0.02699	0.60094	0.02109	0.18447	0.01380	0.02104	0.01860	0.01270	0.01886	0.01072	0.01295	0.00790	0.00554	0.00567	0.00185	0.00837	0.00457	0.00259	0.00888
11	0.01308	0.01336	0.02766	0.02044	0.02465	0.01307	0.51856	0.01613	0.01221	0.01669	0.01127	0.01616	0.00916	0.00879	0.01147	0.18188	0.06947	0.00644	0.00287	0.00668
12	0.00771	0.00551	0.00744	0.00881	0.00938	0.00524	0.00637	0.00911	0.01182	0.01566	0.03232	0.63119	0.03801	0.01805	0.00768	0.00247	0.00387	0.16894	0.00548	0.00494
13	0.20045	0.00995	0.01202	0.00960	0.01365	0.00936	0.00787	0.02449	0.01541	0.52334	0.09580	0.02034	0.01712	0.00742	0.00556	0.00183	0.00470	0.00584	0.00644	0.00880
14	0.07105	0.01442	0.01689	0.55805	0.03380	0.17760	0.01464	0.01712	0.01278	0.01577	0.01005	0.01423	0.00772	0.00592	0.00563	0.00186	0.00826	0.00480	0.00279	0.00662
15	0.00860	0.00573	0.00645	0.00645	0.00645	0.00573	0.00358	0.00860	0.00860	0.01147	0.01863	0.03870	0.02150	0.79217	0.03010	0.00573	0.00573	0.00860	0.00358	0.00358

[dist]
# distance from previous block
# <min> <max>
0	82

# created by:
# /software/SequenceAnalysis/GenePrediction/augustus/3.0.1/scripts/msa2prfl.pl ./fixed/BUSCOvEOG7Q2FVW.fas
