[name]
unknown

[dist]
# distance from previous block
# <min> <max>
0	49

[block]
# block no. 0 follows, 39 sequences, length 20
# corresponding to MSA columns:
# 60-79
name=unknown_A
#
# <colnr> <probs for GDERKNQSTAVLIFYWHMCP>
#	G	D	E	R	K	N	Q	S	T	A	V	L	I	F	Y	W	H	M	C	P
0	0.00953	0.00681	0.00953	0.01089	0.01225	0.00681	0.00953	0.01225	0.01361	0.01770	0.03131	0.06671	0.03403	0.01634	0.00817	0.00272	0.00545	0.71547	0.00545	0.00545
1	0.01874	0.02255	0.01682	0.21943	0.02413	0.52234	0.01265	0.02179	0.05763	0.01524	0.01037	0.01269	0.00829	0.00616	0.00553	0.00167	0.00957	0.00436	0.00311	0.00692
2	0.04991	0.00855	0.00955	0.00855	0.01072	0.00932	0.00675	0.17954	0.01507	0.02353	0.01670	0.02000	0.01349	0.01691	0.20941	0.00367	0.00721	0.00559	0.37901	0.00654
3	0.00939	0.00671	0.00937	0.01074	0.01204	0.00669	0.00930	0.01202	0.01348	0.01755	0.03139	0.10854	0.03433	0.01646	0.00813	0.00270	0.00533	0.67497	0.00545	0.00541
4	0.00953	0.00681	0.00953	0.01089	0.01225	0.00681	0.00953	0.01225	0.01361	0.01770	0.03131	0.06671	0.03403	0.01634	0.00817	0.00272	0.00545	0.71547	0.00545	0.00545
5	0.57703	0.01194	0.01148	0.21449	0.01959	0.04712	0.00931	0.01705	0.01084	0.02293	0.00889	0.01130	0.00686	0.00563	0.00434	0.00185	0.00573	0.00378	0.00336	0.00647
6	0.02545	0.01181	0.01480	0.01135	0.01597	0.01128	0.00937	0.21820	0.01984	0.56587	0.02088	0.01854	0.01341	0.00726	0.00594	0.00182	0.00543	0.00578	0.00694	0.01006
7	0.00721	0.00515	0.00686	0.00823	0.00858	0.00480	0.00549	0.00823	0.01132	0.01510	0.03259	0.78831	0.03911	0.01853	0.00755	0.00240	0.00343	0.01681	0.00549	0.00480
8	0.01396	0.01595	0.03490	0.02493	0.03091	0.01496	0.73380	0.01894	0.01396	0.01894	0.01196	0.01595	0.00897	0.00499	0.00698	0.00199	0.00997	0.00698	0.00299	0.00798
9	0.01292	0.23562	0.56577	0.01505	0.02280	0.01632	0.01871	0.01845	0.01236	0.01744	0.00997	0.01168	0.00752	0.00547	0.00513	0.00171	0.00809	0.00405	0.00251	0.00843
10	0.00721	0.00515	0.00686	0.00823	0.00858	0.00480	0.00549	0.00823	0.01132	0.01510	0.03259	0.78831	0.03911	0.01853	0.00755	0.00240	0.00343	0.01681	0.00549	0.00480
11	0.01464	0.01405	0.02400	0.03630	0.75528	0.01405	0.01815	0.01815	0.01347	0.01932	0.01112	0.01464	0.00937	0.00527	0.00585	0.00176	0.00703	0.00527	0.00293	0.00937
12	0.00874	0.00723	0.00988	0.01019	0.01044	0.00837	0.00749	0.00984	0.01072	0.01486	0.02594	0.58053	0.03071	0.01634	0.01073	0.00245	0.21188	0.01369	0.00471	0.00525
13	0.00721	0.00515	0.00686	0.00823	0.00858	0.00480	0.00549	0.00823	0.01132	0.01510	0.03259	0.78831	0.03911	0.01853	0.00755	0.00240	0.00343	0.01681	0.00549	0.00480
14	0.01321	0.01449	0.03030	0.22671	0.03354	0.01447	0.54157	0.01792	0.01339	0.01792	0.01157	0.01590	0.00868	0.00523	0.00669	0.00199	0.00941	0.00652	0.00289	0.00760
15	0.00912	0.00724	0.01054	0.21391	0.01738	0.00761	0.00849	0.01222	0.01542	0.02141	0.55342	0.03656	0.04296	0.01043	0.00669	0.00189	0.00415	0.00924	0.00547	0.00585
16	0.01624	0.01612	0.03030	0.02189	0.02754	0.01586	0.54018	0.21097	0.01767	0.02385	0.01256	0.01548	0.00926	0.00555	0.00669	0.00194	0.00904	0.00654	0.00377	0.00853
17	0.01469	0.01073	0.01142	0.01024	0.01317	0.01198	0.00797	0.04734	0.48205	0.06998	0.02245	0.02171	0.01683	0.00765	0.00551	0.00182	0.00424	0.00629	0.22555	0.00839
18	0.02167	0.00899	0.01216	0.00970	0.01342	0.00786	0.00786	0.02409	0.01688	0.56224	0.21863	0.02657	0.02567	0.00860	0.00622	0.00184	0.00443	0.00722	0.00710	0.00886
19	0.01238	0.00646	0.00870	0.00885	0.01032	0.00585	0.00635	0.01375	0.01282	0.21454	0.03011	0.58246	0.03256	0.01552	0.00712	0.00225	0.00386	0.01390	0.00598	0.00621

[dist]
# distance from previous block
# <min> <max>
0	22

[block]
# block no. 1 follows, 39 sequences, length 8
# corresponding to MSA columns:
# 102-109
name=unknown_B
#
# <colnr> <probs for GDERKNQSTAVLIFYWHMCP>
#	G	D	E	R	K	N	Q	S	T	A	V	L	I	F	Y	W	H	M	C	P
0	0.01425	0.02725	0.63983	0.01582	0.02389	0.01291	0.01971	0.02037	0.01321	0.13926	0.01268	0.01373	0.00865	0.00590	0.00567	0.00187	0.00814	0.00463	0.00328	0.00896
1	0.01525	0.01655	0.02737	0.17748	0.03009	0.11733	0.42373	0.08257	0.01513	0.01918	0.01148	0.01504	0.00866	0.00551	0.00644	0.00191	0.00933	0.00605	0.00318	0.00772
2	0.00721	0.00515	0.00686	0.00823	0.00858	0.00480	0.00549	0.00823	0.01132	0.01510	0.03259	0.78831	0.03911	0.01853	0.00755	0.00240	0.00343	0.01681	0.00549	0.00480
3	0.01283	0.23763	0.43968	0.13887	0.02520	0.01629	0.01774	0.01786	0.01225	0.01682	0.00994	0.01220	0.00758	0.00551	0.00517	0.00172	0.00794	0.00418	0.00253	0.00807
4	0.00713	0.00600	0.00618	0.00613	0.00807	0.00505	0.00460	0.00875	0.01380	0.01674	0.12803	0.05566	0.68428	0.01469	0.00699	0.00198	0.00298	0.01231	0.00559	0.00505
5	0.02286	0.01596	0.01737	0.01332	0.01804	0.01744	0.01100	0.66980	0.02679	0.10446	0.01505	0.01475	0.01048	0.00712	0.00592	0.00178	0.00637	0.00538	0.00605	0.01006
6	0.60683	0.13932	0.01316	0.00867	0.01267	0.01499	0.00743	0.06297	0.01186	0.06437	0.00941	0.01044	0.00727	0.00562	0.00395	0.00173	0.00500	0.00348	0.00381	0.00702
7	0.37307	0.08512	0.01425	0.14301	0.01818	0.06082	0.00956	0.01936	0.01218	0.15721	0.01145	0.01284	0.00844	0.00615	0.00540	0.00182	0.04574	0.00420	0.00396	0.00725

[dist]
# distance from previous block
# <min> <max>
0	11

[block]
# block no. 2 follows, 39 sequences, length 10
# corresponding to MSA columns:
# 121-130
name=unknown_C
#
# <colnr> <probs for GDERKNQSTAVLIFYWHMCP>
#	G	D	E	R	K	N	Q	S	T	A	V	L	I	F	Y	W	H	M	C	P
0	0.17425	0.05247	0.03005	0.00994	0.01360	0.05333	0.00814	0.12322	0.04134	0.08180	0.10450	0.01901	0.01604	0.07358	0.00754	0.00196	0.02207	0.00540	0.00455	0.15721
1	0.01103	0.01092	0.07019	0.00904	0.01359	0.00781	0.00782	0.01382	0.01246	0.01861	0.06113	0.02061	0.10362	0.00964	0.06994	0.00188	0.00543	0.00535	0.00382	0.54330
2	0.13447	0.06647	0.01364	0.01044	0.01414	0.14898	0.00839	0.02214	0.07193	0.26124	0.08049	0.02032	0.06302	0.00747	0.00544	0.00171	0.00570	0.00573	0.00520	0.05307
3	0.01271	0.01123	0.01287	0.16259	0.01861	0.06106	0.00907	0.08781	0.02697	0.01887	0.01743	0.07366	0.07520	0.06857	0.00739	0.00183	0.00565	0.00621	0.00390	0.31836
4	0.44972	0.01302	0.05987	0.02858	0.01445	0.01317	0.00870	0.16342	0.01507	0.07870	0.09145	0.01536	0.01319	0.00668	0.00482	0.00183	0.00516	0.00476	0.00458	0.00747
5	0.01195	0.00945	0.01349	0.03249	0.01434	0.02577	0.11604	0.08299	0.01331	0.01908	0.01911	0.11079	0.04582	0.04073	0.06899	0.05864	0.04980	0.04167	0.19095	0.03458
6	0.01444	0.14051	0.01621	0.01035	0.01451	0.06316	0.00859	0.01661	0.01245	0.07359	0.01171	0.04852	0.01023	0.00621	0.00643	0.00133	0.09918	0.00448	0.00359	0.43789
7	0.01381	0.01906	0.25693	0.08990	0.05557	0.01461	0.16849	0.07432	0.01350	0.03961	0.01105	0.01403	0.00844	0.00641	0.00830	0.00196	0.14238	0.00525	0.00311	0.05326
8	0.14123	0.01176	0.01293	0.05999	0.01572	0.01248	0.00877	0.25126	0.05264	0.08477	0.01456	0.01580	0.01092	0.00854	0.04795	0.00207	0.00581	0.00495	0.11972	0.11813
9	0.01551	0.00990	0.01135	0.00880	0.01277	0.00885	0.00706	0.12180	0.01526	0.13215	0.01545	0.01650	0.01164	0.00593	0.00477	0.00129	0.00432	0.00470	0.23860	0.35334

[dist]
# distance from previous block
# <min> <max>
45	294

# created by:
# /software/SequenceAnalysis/GenePrediction/augustus/3.0.1/scripts/msa2prfl.pl ./fixed/BUSCOvEOG76X0Q1.fas
