[name]
unknown

[dist]
# distance from previous block
# <min> <max>
1	22

[block]
# block no. 0 follows, 41 sequences, length 13
# corresponding to MSA columns:
# 22-34
name=unknown_A
#
# <colnr> <probs for GDERKNQSTAVLIFYWHMCP>
#	G	D	E	R	K	N	Q	S	T	A	V	L	I	F	Y	W	H	M	C	P
0	0.00772	0.00561	0.00728	0.00734	0.00844	0.00516	0.00532	0.00989	0.01460	0.02029	0.52697	0.24960	0.08331	0.01353	0.00690	0.00195	0.00288	0.01205	0.00598	0.00516
1	0.01257	0.01060	0.01191	0.01097	0.01360	0.01229	0.00853	0.02486	0.54908	0.02101	0.02110	0.02165	0.01659	0.01739	0.21703	0.00393	0.00749	0.00637	0.00506	0.00797
2	0.01702	0.01681	0.01430	0.01266	0.01596	0.22344	0.00980	0.10796	0.47000	0.02256	0.01826	0.01747	0.01383	0.00715	0.00563	0.00179	0.00631	0.00556	0.00502	0.00846
3	0.00811	0.00654	0.00955	0.22080	0.01680	0.00694	0.00814	0.01008	0.01174	0.01546	0.09721	0.45430	0.08512	0.01372	0.00677	0.00213	0.00441	0.01232	0.00465	0.00520
4	0.01455	0.01757	0.22089	0.01314	0.01800	0.01447	0.01263	0.12988	0.44526	0.02408	0.01834	0.01770	0.01355	0.00699	0.00570	0.00187	0.00586	0.00566	0.00487	0.00899
5	0.83938	0.01106	0.00841	0.00752	0.01106	0.01283	0.00619	0.01681	0.00973	0.02566	0.00796	0.00929	0.00619	0.00531	0.00354	0.00177	0.00442	0.00310	0.00354	0.00619
6	0.01238	0.01691	0.22586	0.26310	0.33585	0.01323	0.01802	0.01679	0.01227	0.01726	0.01044	0.01393	0.00812	0.00538	0.00562	0.00179	0.00751	0.00485	0.00263	0.00805
7	0.01192	0.01004	0.01630	0.26894	0.27596	0.01098	0.01304	0.01462	0.05625	0.01529	0.01111	0.01584	0.00935	0.00951	0.01027	0.22982	0.00642	0.00514	0.00283	0.00638
8	0.00771	0.00661	0.00725	0.00711	0.00879	0.00635	0.00538	0.01003	0.05786	0.01597	0.06946	0.12759	0.56254	0.01402	0.00766	0.00201	0.06173	0.01159	0.00516	0.00519
9	0.00747	0.00571	0.00634	0.00640	0.00761	0.00515	0.00447	0.00870	0.01205	0.01528	0.13987	0.09420	0.39281	0.22941	0.01296	0.00295	0.00370	0.03545	0.00494	0.00454
10	0.01418	0.02895	0.56289	0.01587	0.02282	0.22237	0.01837	0.01941	0.01321	0.01699	0.00987	0.01159	0.00728	0.00556	0.00536	0.00172	0.00896	0.00408	0.00256	0.00795
11	0.01583	0.01300	0.01496	0.15420	0.02023	0.01499	0.01085	0.23907	0.40155	0.02581	0.01804	0.01797	0.01336	0.00712	0.00577	0.00187	0.00562	0.00582	0.00519	0.00876
12	0.01076	0.00774	0.01153	0.11527	0.01387	0.00946	0.00852	0.01016	0.00835	0.01162	0.00930	0.01576	0.00896	0.01524	0.01911	0.49269	0.22012	0.00499	0.00250	0.00404

[dist]
# distance from previous block
# <min> <max>
2	42

[block]
# block no. 1 follows, 41 sequences, length 15
# corresponding to MSA columns:
# 78-92
name=unknown_B
#
# <colnr> <probs for GDERKNQSTAVLIFYWHMCP>
#	G	D	E	R	K	N	Q	S	T	A	V	L	I	F	Y	W	H	M	C	P
0	0.70764	0.01356	0.01162	0.01033	0.01412	0.01461	0.00806	0.06786	0.01333	0.06292	0.01242	0.01474	0.01002	0.00769	0.00528	0.00236	0.00571	0.00450	0.00495	0.00829
1	0.02174	0.01602	0.01717	0.01316	0.01774	0.01774	0.01087	0.74423	0.02689	0.03605	0.01373	0.01373	0.00973	0.00687	0.00572	0.00172	0.00629	0.00515	0.00572	0.00973
2	0.01350	0.01543	0.03375	0.02411	0.02989	0.01446	0.74253	0.01832	0.01350	0.01832	0.01157	0.01543	0.00868	0.00482	0.00675	0.00193	0.00964	0.00675	0.00289	0.00771
3	0.01529	0.80242	0.02997	0.00979	0.01468	0.02263	0.00979	0.01713	0.01162	0.01346	0.00795	0.00918	0.00734	0.00489	0.00367	0.00122	0.00612	0.00306	0.00245	0.00734
4	0.02227	0.00926	0.01237	0.00978	0.01366	0.00824	0.00797	0.02531	0.05580	0.60965	0.13935	0.02325	0.02064	0.00785	0.00591	0.00178	0.00451	0.00652	0.00689	0.00901
5	0.02566	0.00973	0.01327	0.01018	0.01460	0.00841	0.00841	0.02788	0.01637	0.76726	0.02257	0.01947	0.01416	0.00708	0.00575	0.00177	0.00487	0.00575	0.00708	0.00973
6	0.01257	0.01269	0.01850	0.01556	0.01591	0.01734	0.05640	0.01404	0.00904	0.01404	0.00775	0.01269	0.00758	0.00970	0.01805	0.00247	0.74169	0.00511	0.00253	0.00634
7	0.01529	0.80242	0.02997	0.00979	0.01468	0.02263	0.00979	0.01713	0.01162	0.01346	0.00795	0.00918	0.00734	0.00489	0.00367	0.00122	0.00612	0.00306	0.00245	0.00734
8	0.00834	0.00539	0.00699	0.00782	0.00848	0.00500	0.00528	0.00934	0.01115	0.06439	0.03094	0.62829	0.07232	0.09601	0.00938	0.00259	0.00362	0.01454	0.00524	0.00487
9	0.06547	0.60127	0.14381	0.01068	0.01603	0.02000	0.01129	0.01769	0.01177	0.04510	0.00890	0.01005	0.00753	0.00509	0.00402	0.00137	0.00633	0.00335	0.00269	0.00754
10	0.01284	0.01090	0.01171	0.01074	0.01353	0.01234	0.00826	0.02608	0.60124	0.02287	0.09840	0.08093	0.04703	0.00911	0.00605	0.00195	0.00420	0.00775	0.00581	0.00823
11	0.00708	0.00506	0.00676	0.00809	0.00847	0.00474	0.00550	0.00815	0.01106	0.01472	0.03147	0.75998	0.03759	0.01782	0.00733	0.00234	0.00341	0.05046	0.00531	0.00468
12	0.01343	0.01314	0.02329	0.17965	0.53540	0.01352	0.10337	0.01707	0.01277	0.01785	0.01074	0.01452	0.00874	0.00518	0.00580	0.00177	0.00729	0.00529	0.00278	0.00837
13	0.01341	0.01394	0.06262	0.16166	0.56753	0.01346	0.04972	0.01712	0.01272	0.01794	0.01067	0.01429	0.00870	0.00521	0.00571	0.00175	0.00715	0.00512	0.00276	0.00851
14	0.01188	0.01181	0.01416	0.01277	0.01345	0.10188	0.01027	0.01339	0.00988	0.01368	0.01139	0.05603	0.01122	0.02038	0.25701	0.00450	0.41178	0.00579	0.00288	0.00585

[dist]
# distance from previous block
# <min> <max>
0	51

[block]
# block no. 2 follows, 41 sequences, length 11
# corresponding to MSA columns:
# 144-154
name=unknown_C
#
# <colnr> <probs for GDERKNQSTAVLIFYWHMCP>
#	G	D	E	R	K	N	Q	S	T	A	V	L	I	F	Y	W	H	M	C	P
0	0.01380	0.01547	0.10284	0.03196	0.60770	0.01365	0.09492	0.01769	0.01297	0.01859	0.01079	0.01407	0.00883	0.00510	0.00575	0.00174	0.00727	0.00518	0.00279	0.00885
1	0.08109	0.36674	0.02772	0.01679	0.09789	0.04462	0.23458	0.01764	0.01236	0.01663	0.00945	0.01173	0.00787	0.00494	0.00488	0.00153	0.00723	0.00444	0.00275	0.02909
2	0.54308	0.00958	0.00835	0.00838	0.04780	0.01042	0.00620	0.01422	0.01091	0.02219	0.02340	0.02354	0.23739	0.00811	0.00463	0.00182	0.00408	0.00594	0.00405	0.00592
3	0.00995	0.00822	0.01241	0.01574	0.23959	0.00791	0.00912	0.01286	0.01522	0.02164	0.53084	0.03398	0.04022	0.00967	0.00641	0.00177	0.00395	0.00874	0.00524	0.00652
4	0.00989	0.00779	0.00917	0.00854	0.01045	0.00806	0.00648	0.01661	0.24145	0.02271	0.48664	0.06185	0.06598	0.01079	0.00648	0.00186	0.00329	0.00941	0.00608	0.00647
5	0.01269	0.00643	0.00867	0.00864	0.01023	0.00580	0.00626	0.01406	0.01261	0.24500	0.02878	0.55777	0.03058	0.01460	0.00683	0.00215	0.00379	0.01304	0.00585	0.00620
6	0.00764	0.00583	0.00701	0.00672	0.00826	0.00520	0.00504	0.00991	0.01511	0.02037	0.51980	0.04695	0.29606	0.01265	0.00675	0.00184	0.00277	0.01094	0.00596	0.00520
7	0.01231	0.01180	0.01579	0.01301	0.01457	0.01449	0.01076	0.01396	0.00971	0.01526	0.00832	0.01231	0.00780	0.00824	0.01432	0.00200	0.54843	0.00451	0.00277	0.25962
8	0.01066	0.00533	0.00533	0.00533	0.00666	0.00533	0.00400	0.01333	0.01200	0.02132	0.01866	0.02132	0.01466	0.00666	0.00400	0.00133	0.00267	0.00533	0.83073	0.00533
9	0.01846	0.02203	0.01488	0.01282	0.01642	0.54080	0.00974	0.02026	0.01488	0.01542	0.00925	0.01079	0.00771	0.00539	0.00488	0.00128	0.00845	0.00359	0.00308	0.25988
10	0.02122	0.01021	0.01305	0.00982	0.01445	0.00868	0.00804	0.06298	0.01557	0.49806	0.01829	0.01683	0.01218	0.00620	0.00529	0.00148	0.00475	0.00500	0.00588	0.26204

[dist]
# distance from previous block
# <min> <max>
0	1

[block]
# block no. 3 follows, 41 sequences, length 9
# corresponding to MSA columns:
# 156-164
name=unknown_D
#
# <colnr> <probs for GDERKNQSTAVLIFYWHMCP>
#	G	D	E	R	K	N	Q	S	T	A	V	L	I	F	Y	W	H	M	C	P
0	0.00968	0.00882	0.01562	0.01235	0.01511	0.00817	0.23409	0.01295	0.01513	0.02098	0.47848	0.03512	0.08968	0.00976	0.00675	0.00185	0.00487	0.00935	0.00517	0.00608
1	0.02296	0.01407	0.01596	0.01223	0.01676	0.01484	0.01011	0.52191	0.02363	0.26298	0.01647	0.01551	0.01110	0.00693	0.00573	0.00173	0.00585	0.00534	0.00614	0.00973
2	0.01220	0.25604	0.02113	0.54457	0.03173	0.01579	0.01399	0.01539	0.01149	0.01426	0.00948	0.01336	0.00754	0.00546	0.00508	0.00169	0.00716	0.00445	0.00251	0.00666
3	0.02067	0.01100	0.01354	0.01018	0.01484	0.00984	0.00834	0.15248	0.01686	0.40347	0.01713	0.01608	0.01160	0.00616	0.00528	0.00147	0.00493	0.00491	0.00569	0.26553
4	0.01730	0.00887	0.01158	0.01015	0.01339	0.00824	0.00844	0.02116	0.09209	0.35514	0.05961	0.03410	0.02175	0.00983	0.00634	0.00198	0.00480	0.22900	0.00602	0.08020
5	0.01874	0.00948	0.01190	0.01008	0.01322	0.00913	0.00791	0.15058	0.04343	0.37512	0.02378	0.25927	0.02083	0.01043	0.00623	0.00194	0.00463	0.00893	0.00624	0.00813
6	0.00913	0.00880	0.01486	0.01177	0.01478	0.00794	0.23366	0.01189	0.01384	0.01790	0.19013	0.04018	0.37995	0.01090	0.00675	0.00190	0.00495	0.01006	0.00477	0.00584
7	0.00887	0.00604	0.00774	0.00720	0.00877	0.00549	0.00544	0.01141	0.01586	0.06096	0.64613	0.04284	0.12807	0.01175	0.00670	0.00181	0.00283	0.01029	0.00623	0.00556
8	0.00806	0.00565	0.00577	0.00574	0.00745	0.00502	0.00431	0.00997	0.01292	0.01776	0.09136	0.04378	0.48345	0.01188	0.00590	0.00174	0.00281	0.00987	0.26154	0.00502

[dist]
# distance from previous block
# <min> <max>
16	19

[block]
# block no. 4 follows, 41 sequences, length 13
# corresponding to MSA columns:
# 184-196
name=unknown_E
#
# <colnr> <probs for GDERKNQSTAVLIFYWHMCP>
#	G	D	E	R	K	N	Q	S	T	A	V	L	I	F	Y	W	H	M	C	P
0	0.05633	0.01871	0.06820	0.01305	0.01621	0.33192	0.01099	0.10768	0.01590	0.06531	0.01537	0.02428	0.01406	0.00854	0.00641	0.00188	0.03972	0.17442	0.00406	0.00698
1	0.02231	0.01442	0.19189	0.01162	0.01700	0.00956	0.01141	0.02557	0.01536	0.59028	0.01966	0.01772	0.01253	0.00669	0.00568	0.00178	0.00571	0.00539	0.00598	0.00943
2	0.01022	0.00907	0.01458	0.60120	0.03156	0.01102	0.01295	0.01313	0.01070	0.01378	0.01202	0.02049	0.01074	0.19312	0.01125	0.00277	0.00713	0.00585	0.00276	0.00567
3	0.01202	0.01072	0.01320	0.01002	0.01390	0.00996	0.00813	0.01425	0.01113	0.01749	0.00954	0.01202	0.00824	0.00560	0.00767	0.00124	0.18951	0.00377	0.00318	0.63841
4	0.02156	0.01439	0.01585	0.01229	0.01665	0.01556	0.01011	0.56199	0.06258	0.15393	0.01586	0.01536	0.01104	0.00694	0.00567	0.00172	0.00583	0.00532	0.03783	0.00952
5	0.01033	0.00699	0.00751	0.00693	0.00904	0.00660	0.00537	0.08995	0.01476	0.05309	0.11352	0.04002	0.38093	0.01124	0.00598	0.00176	0.00333	0.02636	0.20053	0.00576
6	0.01164	0.00657	0.00711	0.05473	0.00968	0.00688	0.00534	0.07756	0.01327	0.02220	0.01770	0.02028	0.01379	0.00662	0.00426	0.00140	0.00329	0.00530	0.70660	0.00578
7	0.01159	0.00988	0.01158	0.00844	0.01327	0.00746	0.00670	0.01405	0.01181	0.01842	0.01133	0.05464	0.01008	0.00498	0.00440	0.00093	0.00419	0.00409	0.00349	0.78866
8	0.21462	0.02343	0.01437	0.01303	0.01612	0.59572	0.00990	0.02142	0.01468	0.01675	0.00863	0.01007	0.00709	0.00576	0.00478	0.00154	0.00892	0.00355	0.00309	0.00653
9	0.01646	0.00979	0.01202	0.00947	0.01300	0.00898	0.00746	0.14955	0.01478	0.20120	0.03317	0.01615	0.01160	0.00929	0.00922	0.19798	0.00490	0.00484	0.00457	0.26557
10	0.83938	0.01106	0.00841	0.00752	0.01106	0.01283	0.00619	0.01681	0.00973	0.02566	0.00796	0.00929	0.00619	0.00531	0.00354	0.00177	0.00442	0.00310	0.00354	0.00619
11	0.01242	0.00653	0.00790	0.00717	0.00821	0.00622	0.00463	0.01294	0.01022	0.18973	0.01910	0.03319	0.01923	0.61190	0.02359	0.00465	0.00539	0.00771	0.00432	0.00495
12	0.00904	0.00669	0.00932	0.01022	0.01133	0.00698	0.00861	0.01137	0.01268	0.01687	0.08027	0.14395	0.03264	0.01651	0.03987	0.00280	0.05419	0.51633	0.00508	0.00526

[dist]
# distance from previous block
# <min> <max>
0	33

# created by:
# /software/SequenceAnalysis/GenePrediction/augustus/3.0.1/scripts/msa2prfl.pl ./fixed/BUSCOvEOG7GTMTQ.fas
