[name]
unknown

[dist]
# distance from previous block
# <min> <max>
0	382

[block]
# block no. 0 follows, 39 sequences, length 33
# corresponding to MSA columns:
# 386-418
name=unknown_A
#
# <colnr> <probs for GDERKNQSTAVLIFYWHMCP>
#	G	D	E	R	K	N	Q	S	T	A	V	L	I	F	Y	W	H	M	C	P
0	0.00845	0.00634	0.00950	0.00950	0.01056	0.00739	0.00739	0.01056	0.00950	0.01373	0.01584	0.02323	0.01478	0.04435	0.76873	0.00950	0.01584	0.00634	0.00317	0.00528
1	0.00860	0.00573	0.00645	0.00645	0.00645	0.00573	0.00358	0.00860	0.00860	0.01147	0.01863	0.03870	0.02150	0.79217	0.03010	0.00573	0.00573	0.00860	0.00358	0.00358
2	0.00831	0.00597	0.00765	0.00862	0.00928	0.00578	0.00591	0.06087	0.01252	0.01670	0.03126	0.73229	0.03701	0.01770	0.00743	0.00236	0.00365	0.01598	0.00552	0.00518
3	0.00815	0.00604	0.00760	0.00721	0.00870	0.00549	0.00541	0.01073	0.01622	0.02248	0.64194	0.04620	0.16679	0.01255	0.00698	0.00188	0.00282	0.01098	0.00635	0.00549
4	0.01581	0.79572	0.03099	0.01012	0.01518	0.02340	0.01012	0.01771	0.01202	0.01391	0.00822	0.00949	0.00759	0.00506	0.00379	0.00126	0.00632	0.00316	0.00253	0.00759
5	0.00847	0.00568	0.00649	0.00661	0.00664	0.00565	0.00376	0.00857	0.00885	0.01180	0.01990	0.10684	0.02310	0.72184	0.02805	0.00543	0.00552	0.00935	0.00376	0.00369
6	0.00959	0.01141	0.14337	0.01153	0.01381	0.00980	0.01061	0.01244	0.00998	0.01467	0.01395	0.02010	0.01265	0.03343	0.54402	0.00733	0.10645	0.00585	0.00298	0.00603
7	0.09873	0.01051	0.01317	0.01027	0.01460	0.00978	0.00846	0.08910	0.01701	0.58919	0.02094	0.01876	0.01352	0.00711	0.00564	0.00180	0.00500	0.00562	0.05132	0.00948
8	0.01515	0.01088	0.01288	0.00938	0.01449	0.00876	0.00757	0.06914	0.01409	0.13200	0.01271	0.01359	0.00974	0.00502	0.00473	0.00108	0.00463	0.00400	0.00425	0.64592
9	0.01503	0.01181	0.01317	0.01068	0.01495	0.01168	0.00846	0.05888	0.35904	0.08073	0.01809	0.01760	0.01367	0.00646	0.00535	0.00153	0.00468	0.00529	0.00511	0.33781
10	0.01844	0.01561	0.01483	0.01272	0.01641	0.12790	0.01001	0.17755	0.42395	0.08784	0.01970	0.01854	0.01453	0.00748	0.00589	0.00187	0.00599	0.00591	0.00566	0.00919
11	0.01405	0.00896	0.01034	0.00926	0.01212	0.00889	0.00726	0.02046	0.23475	0.19077	0.09867	0.06430	0.24570	0.01105	0.00652	0.00199	0.00407	0.03714	0.00616	0.00754
12	0.00810	0.00597	0.00767	0.00746	0.00881	0.00554	0.00555	0.01054	0.01544	0.02144	0.56251	0.11446	0.13284	0.01485	0.05006	0.00236	0.00361	0.01123	0.00611	0.00542
13	0.01546	0.08161	0.40000	0.01602	0.06323	0.01481	0.03117	0.17087	0.01602	0.06387	0.01195	0.01323	0.00866	0.00587	0.00552	0.00173	0.00751	0.00461	0.00360	0.06426
14	0.18237	0.05772	0.01625	0.02807	0.01699	0.03558	0.01016	0.45738	0.08797	0.03171	0.01338	0.01369	0.00982	0.00670	0.00535	0.00178	0.00608	0.00487	0.00515	0.00898
15	0.00805	0.00609	0.00759	0.00834	0.00969	0.00564	0.00658	0.00998	0.01333	0.01706	0.10447	0.22227	0.28079	0.01599	0.00753	0.00233	0.00393	0.25962	0.00556	0.00516
16	0.00884	0.00658	0.00932	0.01128	0.06363	0.00639	0.00811	0.01094	0.01300	0.01738	0.10434	0.35179	0.03655	0.01599	0.00763	0.00244	0.00447	0.31044	0.00539	0.00548
17	0.01524	0.31414	0.35127	0.01405	0.02036	0.15828	0.01555	0.01926	0.01311	0.01615	0.00945	0.01103	0.00755	0.00550	0.00489	0.00158	0.00820	0.00382	0.00261	0.00796
18	0.01258	0.01241	0.01743	0.01505	0.01513	0.01726	0.01250	0.01394	0.00909	0.01419	0.00841	0.01376	0.00832	0.01306	0.07912	0.00314	0.72034	0.00527	0.00263	0.00637
19	0.00721	0.00515	0.00686	0.00823	0.00858	0.00480	0.00549	0.00823	0.01132	0.01510	0.03259	0.78831	0.03911	0.01853	0.00755	0.00240	0.00343	0.01681	0.00549	0.00480
20	0.16354	0.01546	0.06936	0.01262	0.01679	0.01603	0.01098	0.41586	0.02027	0.06341	0.01279	0.01393	0.00949	0.00913	0.04986	0.00231	0.07967	0.00495	0.00487	0.00871
21	0.01117	0.01051	0.01774	0.77795	0.04073	0.01314	0.01642	0.01511	0.01182	0.01511	0.01051	0.01577	0.00788	0.00591	0.00591	0.00197	0.00788	0.00526	0.00263	0.00657
22	0.01581	0.79572	0.03099	0.01012	0.01518	0.02340	0.01012	0.01771	0.01202	0.01391	0.00822	0.00949	0.00759	0.00506	0.00379	0.00126	0.00632	0.00316	0.00253	0.00759
23	0.00881	0.00727	0.00790	0.00752	0.00961	0.00698	0.00570	0.01352	0.15190	0.01971	0.23969	0.04692	0.42681	0.01289	0.00680	0.00196	0.00326	0.01091	0.00586	0.00597
24	0.01581	0.79572	0.03099	0.01012	0.01518	0.02340	0.01012	0.01771	0.01202	0.01391	0.00822	0.00949	0.00759	0.00506	0.00379	0.00126	0.00632	0.00316	0.00253	0.00759
25	0.00824	0.00604	0.00773	0.00731	0.00876	0.00553	0.00548	0.01092	0.01644	0.02301	0.68923	0.04533	0.11916	0.01235	0.00698	0.00187	0.00281	0.01086	0.00642	0.00553
26	0.00736	0.00594	0.00654	0.00652	0.00825	0.00513	0.00484	0.00915	0.01415	0.01788	0.23359	0.10661	0.52434	0.01450	0.00703	0.00199	0.00297	0.01234	0.00575	0.00513
27	0.01117	0.01051	0.01774	0.77795	0.04073	0.01314	0.01642	0.01511	0.01182	0.01511	0.01051	0.01577	0.00788	0.00591	0.00591	0.00197	0.00788	0.00526	0.00263	0.00657
28	0.12919	0.01094	0.01252	0.07878	0.01629	0.00963	0.00798	0.05036	0.01267	0.02080	0.01037	0.01230	0.00841	0.00481	0.00449	0.00115	0.00483	0.00371	0.00356	0.59721
29	0.02000	0.02103	0.01536	0.01369	0.01701	0.42694	0.01047	0.04279	0.26376	0.08618	0.01561	0.01547	0.01185	0.00688	0.00563	0.00172	0.00803	0.00501	0.00451	0.00807
30	0.00776	0.00594	0.00693	0.00680	0.00826	0.00531	0.00495	0.00967	0.01436	0.01895	0.36220	0.09092	0.33634	0.08454	0.00912	0.00230	0.00318	0.01158	0.00577	0.00511
31	0.00800	0.00587	0.00753	0.00765	0.00886	0.00540	0.00565	0.01022	0.01492	0.02046	0.46344	0.22162	0.13181	0.01417	0.00718	0.00205	0.00311	0.05066	0.00609	0.00532
32	0.01441	0.01382	0.02359	0.08542	0.70796	0.01399	0.01804	0.01795	0.01336	0.01904	0.01108	0.01471	0.00927	0.00531	0.00586	0.00177	0.00708	0.00527	0.00291	0.00918

[dist]
# distance from previous block
# <min> <max>
0	1

[block]
# block no. 1 follows, 39 sequences, length 6
# corresponding to MSA columns:
# 420-425
name=unknown_B
#
# <colnr> <probs for GDERKNQSTAVLIFYWHMCP>
#	G	D	E	R	K	N	Q	S	T	A	V	L	I	F	Y	W	H	M	C	P
0	0.01331	0.01322	0.02230	0.02427	0.29321	0.01503	0.13592	0.01613	0.01157	0.01687	0.01051	0.01508	0.00924	0.01085	0.08482	0.00285	0.28867	0.00563	0.00284	0.00769
1	0.01325	0.23481	0.14016	0.01096	0.01634	0.01396	0.01074	0.01626	0.01199	0.01730	0.00968	0.01157	0.00815	0.00521	0.00553	0.00127	0.06300	0.00367	0.00300	0.40314
2	0.01161	0.01268	0.15371	0.01228	0.01583	0.00926	0.09917	0.01637	0.08726	0.08229	0.21676	0.20650	0.02974	0.01071	0.00667	0.00202	0.00533	0.00969	0.00510	0.00704
3	0.01465	0.01468	0.09400	0.08950	0.02234	0.01368	0.19032	0.09157	0.24212	0.06082	0.08784	0.02026	0.01646	0.00709	0.00628	0.00194	0.00672	0.00661	0.00469	0.00842
4	0.01206	0.01319	0.08756	0.02035	0.20659	0.01148	0.18291	0.01703	0.08458	0.01991	0.14968	0.12850	0.02249	0.00858	0.00655	0.00196	0.00638	0.00832	0.00421	0.00766
5	0.01475	0.01645	0.21459	0.01206	0.01765	0.01139	0.01186	0.02224	0.20885	0.12102	0.01591	0.01601	0.01170	0.00609	0.00536	0.00158	0.00572	0.00492	0.00442	0.27744

[dist]
# distance from previous block
# <min> <max>
6	24

# created by:
# /software/SequenceAnalysis/GenePrediction/augustus/3.0.1/scripts/msa2prfl.pl ./fixed/BUSCOvEOG75DZ4W.fas
